CampaignData_and_Merges/R0/CSL_MobileLab_Parked/raw/20240722/USOS-NOAAIodideCIMS-PANs_MobileLabGround_20240722_RA.ict
35, 1001
Michael A Robinson, Chris Jernigan, Subi Thakali
NOAA ESRL Chemical Sciences Laboratory and CIRES, U. of Colorado
NOAA Iodide CIMS Instrument
USOS
1, 1
2024, 07, 22, 2024, 07, 24
1
starttime_UTC, seconds_past_midnight, seconds_of_day_since_00:00:00_UTC
3
1, 1, 1
-9999, -9999, -9999
PAN_NOAACIMS, pptv, Gas_PAN_InSitu_S_AVMR, 
APAN_NOAACIMS, pptv, Gas_APAN_InSitu_S_AVMR, 
PPN_NOAACIMS, pptv, Gas_PPN_InSitu_S_AVMR, 
0
18
PI_CONTACT_INFO: 325 Broadway, R/CSD 7, Boulder, Colorado 80305; michael.a.robinson@noaa.gov; chris.jernigan@noaa.gov;
PLATFORM: NOAA CSL Mobile Lab
LOCATION: SLC, Utah
ASSOCIATED_DATA: 1Hz data also available on request.
INSTRUMENT_INFO: NOAA I- ToF CIMS
DATA_INFO: All data in parts per trillion by volume (pptv). 1 Hz data is available upon request.
UNCERTAINTY: TBD
ULOD_FLAG: -7777
ULOD_VALUE: N/A
LLOD_FLAG: -8888
LLOD_VALUE: N/A
DM_CONTACT_INFO: Nathan Howard; nathan.h.howard@noaa.gov
PROJECT_INFO: USOS, summer 2024. https://csl.noaa.gov/groups/csl7/measurements/2024usos/
STIPULATIONS_ON_USE: Users are strongly encouraged to contact the PI for proper data usage.
OTHER_COMMENTS: 
REVISION: RA
RA: Preliminary Data; For in-field use only
starttime_UTC, PAN_NOAACIMS, APAN_NOAACIMS, PPN_NOAACIMS
[from data line 802]
 48120, 264.989,  2.409, 19.291
 48180, 262.721,  3.471, 19.553
 48240, 251.978,  2.348, 18.679
 48300, 271.082,  3.762, 19.595
 48360, 276.827,  3.953, 20.199
 48420, 267.168,  3.269, 20.116
 48480, 265.579,  3.893, 20.145
 48540, 268.924,  3.699, 19.717
 48600, 269.989,  2.529, 19.481
 48660, 256.082,  4.287, 19.030
 48720, 240.015,  3.587, 17.192
 48780, 258.844,  3.317, 17.843
 48840, 240.474,  3.347, 18.646
 48900, 225.915,  2.639, 17.048
 48960, 216.771,  3.120, 15.141
 49020, 250.946,  2.948, 18.218
 49080, 240.252,  3.985, 18.245
 49140, 250.447,  2.388, 17.692
 49200, 280.084,  4.302, 19.725
 49260, 279.265,  4.114, 22.386
 49320, 276.666,  4.936, 21.201
 49380, -9999.000, -9999.000, -9999.000
 49440, 281.217,  3.936, 20.424
 49500, 275.191,  4.282, 18.551
 49560, 281.948,  3.572, 19.012
 49620, 270.796,  3.398, 19.860
 49680, 269.471,  3.574, 21.224
 49740, 275.845,  3.805, 20.255
 49800, 279.790,  3.896, 19.623
 49860, 278.967,  3.880, 21.049
 49920, 282.082,  2.702, 19.978
 49980, 272.831,  2.892, 19.059
 50040, 274.214,  2.751, 21.385
 50100, 273.790,  3.325, 21.520
 50160, 281.934,  4.075, 20.302
 50220, 277.748,  2.899, 20.400
 50280, 277.836,  1.970, 20.336
 50340, 280.050,  3.676, 19.970
 50400, 276.597,  4.490, 21.506
 50460, 278.454,  3.809, 19.133
 50520, 273.789,  3.480, 21.368
 50580, 278.131,  4.703, 19.801
 50640, 279.784,  2.754, 20.865
 50700, 279.512,  4.291, 19.288
 50760, 278.110,  3.520, 18.200
 50820, 280.448,  3.130, 20.771
 50880, 281.228,  5.239, 21.119
 50940, 276.806,  2.862, 21.774
 51000, 281.044,  3.549, 20.760
 51060, 276.045,  5.224, 20.115
 51120, 284.824,  3.955, 19.450
 51180, 282.430,  3.154, 20.097
 51240, -9999.000, -9999.000, -9999.000
 51300, 281.178,  3.038, 19.795
 51360, 279.611,  4.051, 21.355
 51420, 275.663,  2.928, 22.092
 51480, 276.025,  3.595, 19.961
 51540, 276.970,  3.427, 20.132
 51600, 270.462,  2.841, 21.002
 51660, 278.155,  4.371, 19.420
 51720, 287.195,  3.892, 22.189
 51780, 281.224,  3.308, 19.102
 51840, 279.394,  3.854, 20.880
 51900, 266.298,  3.298, 19.953
 51960, 274.513,  3.236, 20.040
 52020, 277.708,  5.046, 21.923
 52080, 277.444,  3.045, 20.736
 52140, 277.659,  3.157, 20.434
 52200, 285.569,  3.005, 21.912
 52260, 283.821,  3.046, 20.810
 52320, 283.051,  3.214, 18.780
 52380, 279.181,  2.753, 21.887
 52440, 279.490,  3.149, 20.722
 52500, 282.885,  2.891, 21.883
 52560, 279.158,  3.007, 21.610
 52620, 277.209,  3.539, 19.161
 52680, 280.989,  4.434, 20.760
 52740, 283.209,  4.590, 21.553
 52800, 284.160,  4.066, 21.543
 52860, 286.537,  3.642, 22.148
 52920, 286.050,  4.821, 20.613
 52980, 269.615,  3.671, 19.810
 53040, 275.352,  2.268, 19.536
 53100, -9999.000, -9999.000, -9999.000
 53160, 284.508,  4.708, 21.474
 53220, 289.030,  2.990, 23.016
 53280, 291.548,  2.841, 21.174
 53340, 282.390,  3.772, 20.993
 53400, 288.176,  2.961, 22.228
 53460, 284.772,  3.453, 20.784
 53520, 293.110,  4.197, 21.966
 53580, 296.297,  3.554, 22.329
 53640, 295.384,  4.040, 22.040
 53700, 287.354,  3.400, 20.967
 53760, 283.899,  3.992, 20.919
 53820, 287.733,  3.305, 23.223
 53880, 288.897,  3.491, 22.206
 53940, 290.391,  3.700, 22.811
 54000, 286.706,  2.824, 22.415
 54060, 286.061,  2.241, 21.359
 54120, 294.025,  2.410, 22.503
 54180, 292.768,  3.469, 20.799
 54240, 295.841,  3.945, 22.318
 54300, 305.049,  5.303, 22.328
 54360, 297.249,  4.837, 21.929
 54420, 296.098,  4.622, 21.122
 54480, 299.246,  5.029, 21.886
 54540, 297.945,  3.094, 24.861
 54600, 309.651,  3.743, 23.469
 54660, 300.463,  2.673, 23.631
 54720, 302.359,  3.789, 23.298
 54780, 306.743,  4.075, 22.823
 54840, 296.698,  3.820, 22.727
 54900, 305.180,  3.945, 23.826
 54960, 297.123,  4.913, 22.816
 55020, 306.434,  3.798, 24.024
 55080, 302.407,  4.109, 22.951
 55140, 305.712,  4.662, 23.382
 55200, 303.178,  3.199, 23.698
 55260, 272.295,  4.714, 20.940
 55320, 253.509,  2.875, 17.207
 55380, 299.606,  2.974, 21.329
 55440, 286.508,  3.147, 23.405
 55500, 275.050,  3.904, 20.690
 55560, 290.820,  3.092, 21.292
 55620, 291.392,  3.117, 22.213
 55680, 296.067,  3.014, 23.306
 55740, 300.396,  4.049, 22.532
 55800, 254.209,  4.264, 18.167
 55860, 275.804,  3.807, 19.978
 55920, 256.247,  3.213, 18.596
 55980, 235.892,  4.051, 17.799
 56040, 284.763,  2.560, 22.465
 56100, 282.250,  3.218, 20.717
 56160, 282.836,  3.462, 20.799
 56220, 257.681,  2.910, 18.999
 56280, 261.498,  2.989, 20.141
 56340, 290.328,  2.983, 21.773
 56400, 284.417,  2.421, 19.964
 56460, 274.469,  3.067, 20.693
 56520, 280.974,  3.371, 22.247
 56580, 284.003,  3.352, 22.978
 56640, 305.488,  4.585, 24.197
 56700, 265.242,  3.198, 21.473
 56760, -9999.000, -9999.000, -9999.000
 56820, 280.580,  3.905, 21.037
 56880, 296.925,  3.774, 23.223
 56940, 277.021,  3.886, 21.444
 57000, 293.335,  3.692, 23.233
 57060, 272.716,  2.718, 21.259
 57120, 273.119,  3.283, 22.646
 57180, 258.223,  2.963, 20.458
 57240, 288.759,  4.030, 22.993
 57300, 260.265,  3.814, 20.981
 57360, 237.999,  2.197, 19.341
 57420, 263.446,  3.756, 20.790
 57480, 285.763,  2.786, 22.449
 57540, 283.040,  4.314, 22.040
 57600, 286.398,  2.482, 22.599
 57660, 259.187,  4.260, 20.545
 57720, 267.903,  4.375, 18.898
 57780, 245.993,  3.292, 17.876
 57840, 278.728,  4.118, 22.440
 57900, 295.718,  4.629, 22.242
 57960, 292.020,  3.938, 20.157
 58020, 259.939,  4.200, 20.259
 58080, 260.967,  3.219, 20.599
 58140, 304.529,  4.733, 23.500
 58200, 302.386,  4.866, 23.268
 58260, 320.073,  4.341, 24.778
 58320, 268.724,  4.396, 21.176
 58380, 318.702,  4.255, 23.561
 58440, 325.649,  5.396, 26.010
 58500, 303.557,  3.406, 23.636
 58560, 311.907,  4.337, 23.185
 58620, -9999.000, -9999.000, -9999.000
 58680, 273.484,  3.476, 20.026
 58740, 320.000,  3.016, 24.419
 58800, 309.349,  4.243, 22.335
 58860, 331.964,  3.637, 25.265
 58920, 335.076,  4.514, 23.667
 58980, 335.610,  5.201, 24.488
 59040, 326.942,  4.390, 22.867
 59100, 340.144,  3.746, 26.626
 59160, 336.133,  2.983, 25.206
 59220, 317.911,  3.648, 21.623
 59280, 372.435,  5.334, 28.071
 59340, 369.504,  4.531, 27.104
 59400, 379.746,  4.622, 27.373
 59460, 374.354,  3.361, 28.122
 59520, 379.895,  5.555, 28.055
 59580, 392.580,  4.745, 29.028
 59640, 375.255,  3.206, 27.687
 59700, 359.928,  4.834, 26.322
 59760, 406.465,  5.471, 32.062
 59820, 395.138,  5.619, 29.352
 59880, 381.545,  4.236, 30.559
 59940, 368.116,  3.727, 28.556
 60000, 376.279,  3.368, 29.919
 60060, 391.595,  4.086, 29.738
 60120, 400.040,  5.074, 30.693
 60180, 401.220,  4.537, 28.537
 60240, 374.535,  4.891, 28.942
 60300, 332.291,  3.950, 24.723
 60360, 403.192,  4.424, 29.113
 60420, 379.250,  4.830, 27.147
 60480, -9999.000, -9999.000, -9999.000
 60540, -9999.000, -9999.000, -9999.000
 60600, -9999.000, -9999.000, -9999.000
 60660, -9999.000, -9999.000, -9999.000
 60720, -9999.000, -9999.000, -9999.000
 60780, -9999.000, -9999.000, -9999.000
 60840, -9999.000, -9999.000, -9999.000
 60900, -9999.000, -9999.000, -9999.000
 60960, -9999.000, -9999.000, -9999.000
 61020, -9999.000, -9999.000, -9999.000
 61080, -9999.000, -9999.000, -9999.000
 61140, -9999.000, -9999.000, -9999.000
 61200, -9999.000, -9999.000, -9999.000
 61260, -9999.000, -9999.000, -9999.000
 61320, -9999.000, -9999.000, -9999.000
 61380, -9999.000, -9999.000, -9999.000
 61440, -9999.000, -9999.000, -9999.000
 61500, -9999.000, -9999.000, -9999.000
 61560, -9999.000, -9999.000, -9999.000
 61620, -9999.000, -9999.000, -9999.000
 61680, -9999.000, -9999.000, -9999.000
 61740, -9999.000, -9999.000, -9999.000
 61800, -9999.000, -9999.000, -9999.000
 61860, -9999.000, -9999.000, -9999.000
 61920, -9999.000, -9999.000, -9999.000
 61980, -9999.000, -9999.000, -9999.000
 62040, -9999.000, -9999.000, -9999.000
 62100, -9999.000, -9999.000, -9999.000
 62160, -9999.000, -9999.000, -9999.000
 62220, -9999.000, -9999.000, -9999.000
 62280, -9999.000, -9999.000, -9999.000
 62340, -9999.000, -9999.000, -9999.000
 62400, -9999.000, -9999.000, -9999.000
 62460, -9999.000, -9999.000, -9999.000
 62520, -9999.000, -9999.000, -9999.000
 62580, -9999.000, -9999.000, -9999.000
 62640, -9999.000, -9999.000, -9999.000
 62700, -9999.000, -9999.000, -9999.000
 62760, -9999.000, -9999.000, -9999.000
 62820, -9999.000, -9999.000, -9999.000
 62880, -9999.000, -9999.000, -9999.000
 62940, -9999.000, -9999.000, -9999.000
 63000, -9999.000, -9999.000, -9999.000
 63060, -9999.000, -9999.000, -9999.000
 63120, -9999.000, -9999.000, -9999.000
 63180, -9999.000, -9999.000, -9999.000
 63240, -9999.000, -9999.000, -9999.000
 63300, -9999.000, -9999.000, -9999.000
 63360, -9999.000, -9999.000, -9999.000
 63420, -9999.000, -9999.000, -9999.000
 63480, -9999.000, -9999.000, -9999.000
 63540, -9999.000, -9999.000, -9999.000
 63600, -9999.000, -9999.000, -9999.000
 63660, -9999.000, -9999.000, -9999.000
 63720, -9999.000, -9999.000, -9999.000
 63780, -9999.000, -9999.000, -9999.000
 63840, -9999.000, -9999.000, -9999.000
 63900, -9999.000, -9999.000, -9999.000
 63960, -9999.000, -9999.000, -9999.000
 64020, -9999.000, -9999.000, -9999.000
 64080, -9999.000, -9999.000, -9999.000
 64140, -9999.000, -9999.000, -9999.000
 64200, -9999.000, -9999.000, -9999.000
 64260, -9999.000, -9999.000, -9999.000
 64320, -9999.000, -9999.000, -9999.000
 64380, -9999.000, -9999.000, -9999.000
 64440, -9999.000, -9999.000, -9999.000
 64500, -9999.000, -9999.000, -9999.000
 64560, -9999.000, -9999.000, -9999.000
 64620, -9999.000, -9999.000, -9999.000
 64680, -9999.000, -9999.000, -9999.000
 64740, -9999.000, -9999.000, -9999.000
 64800, -9999.000, -9999.000, -9999.000
 64860, -9999.000, -9999.000, -9999.000
 64920, -9999.000, -9999.000, -9999.000
 64980, -9999.000, -9999.000, -9999.000
 65040, -9999.000, -9999.000, -9999.000
 65100, -9999.000, -9999.000, -9999.000
 65160, -9999.000, -9999.000, -9999.000
 65220, -9999.000, -9999.000, -9999.000
 65280, -9999.000, -9999.000, -9999.000
 65340, -9999.000, -9999.000, -9999.000
 65400, -9999.000, -9999.000, -9999.000
 65460, -9999.000, -9999.000, -9999.000
 65520, -9999.000, -9999.000, -9999.000
 65580, -9999.000, -9999.000, -9999.000
 65640, -9999.000, -9999.000, -9999.000
 65700, -9999.000, -9999.000, -9999.000
 65760, -9999.000, -9999.000, -9999.000
 65820, -9999.000, -9999.000, -9999.000
 65880, -9999.000, -9999.000, -9999.000
 65940, -9999.000, -9999.000, -9999.000
 66000, -9999.000, -9999.000, -9999.000
 66060, -9999.000, -9999.000, -9999.000
 66120, -9999.000, -9999.000, -9999.000
 66180, -9999.000, -9999.000, -9999.000
 66240, -9999.000, -9999.000, -9999.000
 66300, -9999.000, -9999.000, -9999.000
 66360, -9999.000, -9999.000, -9999.000
 66420, -9999.000, -9999.000, -9999.000
 66480, -9999.000, -9999.000, -9999.000
 66540, -9999.000, -9999.000, -9999.000
 66600, -9999.000, -9999.000, -9999.000
 66660, -9999.000, -9999.000, -9999.000
 66720, -9999.000, -9999.000, -9999.000
 66780, -9999.000, -9999.000, -9999.000
 66840, -9999.000, -9999.000, -9999.000
 66900, -9999.000, -9999.000, -9999.000
 66960, -9999.000, -9999.000, -9999.000
 67020, -9999.000, -9999.000, -9999.000
 67080, -9999.000, -9999.000, -9999.000
 67140, -9999.000, -9999.000, -9999.000
 67200, -9999.000, -9999.000, -9999.000
 67260, -9999.000, -9999.000, -9999.000
 67320, -9999.000, -9999.000, -9999.000
 67380, -9999.000, -9999.000, -9999.000
 67440, -9999.000, -9999.000, -9999.000
 67500, -9999.000, -9999.000, -9999.000
 67560, -9999.000, -9999.000, -9999.000
 67620, -9999.000, -9999.000, -9999.000
 67680, -9999.000, -9999.000, -9999.000
 67740, -9999.000, -9999.000, -9999.000
 67800, -9999.000, -9999.000, -9999.000
 67860, -9999.000, -9999.000, -9999.000
 67920, -9999.000, -9999.000, -9999.000
 67980, -9999.000, -9999.000, -9999.000
 68040, -9999.000, -9999.000, -9999.000
 68100, -9999.000, -9999.000, -9999.000
 68160, -9999.000, -9999.000, -9999.000
 68220, -9999.000, -9999.000, -9999.000
 68280, -9999.000, -9999.000, -9999.000
 68340, -9999.000, -9999.000, -9999.000
 68400, -9999.000, -9999.000, -9999.000
 68460, -9999.000, -9999.000, -9999.000
 68520, -9999.000, -9999.000, -9999.000
 68580, -9999.000, -9999.000, -9999.000
 68640, -9999.000, -9999.000, -9999.000
 68700, -9999.000, -9999.000, -9999.000
 68760, -9999.000, -9999.000, -9999.000
 68820, -9999.000, -9999.000, -9999.000
 68880, -9999.000, -9999.000, -9999.000
 68940, -9999.000, -9999.000, -9999.000
 69000, -9999.000, -9999.000, -9999.000
 69060, -9999.000, -9999.000, -9999.000
 69120, -9999.000, -9999.000, -9999.000
 69180, -9999.000, -9999.000, -9999.000
 69240, -9999.000, -9999.000, -9999.000
 69300, -9999.000, -9999.000, -9999.000
 69360, -9999.000, -9999.000, -9999.000
 69420, -9999.000, -9999.000, -9999.000
 69480, -9999.000, -9999.000, -9999.000
 69540, -9999.000, -9999.000, -9999.000
 69600, -9999.000, -9999.000, -9999.000
 69660, -9999.000, -9999.000, -9999.000
 69720, -9999.000, -9999.000, -9999.000
 69780, -9999.000, -9999.000, -9999.000
 69840, -9999.000, -9999.000, -9999.000
 69900, -9999.000, -9999.000, -9999.000
 69960, -9999.000, -9999.000, -9999.000
 70020, -9999.000, -9999.000, -9999.000
 70080, -9999.000, -9999.000, -9999.000
 70140, -9999.000, -9999.000, -9999.000
 70200, -9999.000, -9999.000, -9999.000
 70260, -9999.000, -9999.000, -9999.000
 70320, -9999.000, -9999.000, -9999.000
 70380, -9999.000, -9999.000, -9999.000
 70440, -9999.000, -9999.000, -9999.000
 70500, -9999.000, -9999.000, -9999.000
 70560, -9999.000, -9999.000, -9999.000
 70620, -9999.000, -9999.000, -9999.000
 70680, -9999.000, -9999.000, -9999.000
 70740, -9999.000, -9999.000, -9999.000
 70800, -9999.000, -9999.000, -9999.000
 70860, -9999.000, -9999.000, -9999.000
 70920, -9999.000, -9999.000, -9999.000
 70980, -9999.000, -9999.000, -9999.000
 71040, -9999.000, -9999.000, -9999.000
 71100, -9999.000, -9999.000, -9999.000
 71160, -9999.000, -9999.000, -9999.000
 71220, -9999.000, -9999.000, -9999.000
 71280, -9999.000, -9999.000, -9999.000
 71340, -9999.000, -9999.000, -9999.000
 71400, -9999.000, -9999.000, -9999.000
 71460, -9999.000, -9999.000, -9999.000
 71520, -9999.000, -9999.000, -9999.000
 71580, -9999.000, -9999.000, -9999.000
 71640, -9999.000, -9999.000, -9999.000
 71700, -9999.000, -9999.000, -9999.000
 71760, -9999.000, -9999.000, -9999.000
 71820, -9999.000, -9999.000, -9999.000
 71880, -9999.000, -9999.000, -9999.000
 71940, -9999.000, -9999.000, -9999.000
 72000, -9999.000, -9999.000, -9999.000
 72060, -9999.000, -9999.000, -9999.000
 72120, -9999.000, -9999.000, -9999.000
 72180, -9999.000, -9999.000, -9999.000
 72240, -9999.000, -9999.000, -9999.000
 72300, -9999.000, -9999.000, -9999.000
 72360, -9999.000, -9999.000, -9999.000
 72420, -9999.000, -9999.000, -9999.000
 72480, -9999.000, -9999.000, -9999.000
 72540, -9999.000, -9999.000, -9999.000
 72600, -9999.000, -9999.000, -9999.000
 72660, -9999.000, -9999.000, -9999.000
 72720, -9999.000, -9999.000, -9999.000
 72780, -9999.000, -9999.000, -9999.000
 72840, -9999.000, -9999.000, -9999.000
 72900, -9999.000, -9999.000, -9999.000
 72960, -9999.000, -9999.000, -9999.000
 73020, -9999.000, -9999.000, -9999.000
 73080, -9999.000, -9999.000, -9999.000
 73140, -9999.000, -9999.000, -9999.000
 73200, -9999.000, -9999.000, -9999.000
 73260, -9999.000, -9999.000, -9999.000
 73320, -9999.000, -9999.000, -9999.000
 73380, -9999.000, -9999.000, -9999.000
 73440, -9999.000, -9999.000, -9999.000
 73500, -9999.000, -9999.000, -9999.000
 73560, -9999.000, -9999.000, -9999.000
 73620, -9999.000, -9999.000, -9999.000
 73680, -9999.000, -9999.000, -9999.000
 73740, -9999.000, -9999.000, -9999.000
 73800, -9999.000, -9999.000, -9999.000
 73860, -9999.000, -9999.000, -9999.000
 73920, -9999.000, -9999.000, -9999.000
 73980, -9999.000, -9999.000, -9999.000
 74040, -9999.000, -9999.000, -9999.000
 74100, -9999.000, -9999.000, -9999.000
 74160, -9999.000, -9999.000, -9999.000
 74220, -9999.000, -9999.000, -9999.000
 74280, -9999.000, -9999.000, -9999.000
 74340, -9999.000, -9999.000, -9999.000
 74400, -9999.000, -9999.000, -9999.000
