CampaignData_and_Merges/R0/CSL_MobileLab_Parked/raw/20240722/USOS-jNO2_MobileLabGround_20240722_R0.ict
52,1001
Waxman, E.; Rollins, A.; Zuraski, K.; Chace, W.
NOAA Chemical Sciences Laboratory
jNO2 filter radiometer on CSL Mobile Lab
AMMBEC / USOS
1, 1
2024,07,22, 2025,04,01
60
Time_Start, seconds, number_of_seconds_since_0000_UTC
20
1, 1, 1, 1, 1, 1, 1, 1, 1, 1, 1, 1, 1, 1, 1, 1, 1, 1, 1, 1
-9999, -9999, -9999, -9999, -9999, -9999, -9999, -9999, -9999, -9999, -9999, -9999, -9999, -9999, -9999, -9999, -9999, -9999, -9999, -9999
Time_Stop, seconds, number_of_seconds_since_0000_UTC
jNO2_meas, per second, photolysis rate of NO2 measured using a filter radiometer.
jBrCl, per second, photolysis rate of BrCl -> Br + Cl calculated in TUV for cloud-free sky with local AOD
jBr2, per second, photolysis rate of Br2 -> Br + Br calculated in TUV for cloud-free sky with local AOD
jCCl4, per second, photolysis rate of CCl4 -> Products calcualted in TUV for cloud-free sky with local AOD
jCH2Oa, per second, photolysis rate of CH2O -> H + HCO calculated in TUV for cloud-free sky with local AOD
jCH2Ob, per second, photolysis rate of CH2O -> H2 + CO calculated in TUV for cloud-free sky with local AOD
jClNO2, per second, photolysis rate of ClNO2 -> Cl + NO2 calculated in TUV for cloud-free sky with local AOD
jClOa, per second, photolysis rate of ClO -> Cl + O(1D) calculated in TUV for cloud-free sky with local AOD
jClOb, per second, photolysis rate of ClO -> Cl + O(3P) calculated in TUV for cloud-free sky with local AOD
jCl2, per second, photolysis rate of Cl2 -> Cl + Cl calculated in TUV for cloud-free sky with local AOD
jHNO2, per second, photolysis rate of HNO2 -> OH + NO calculated in TUV for cloud-free sky with local AOD
jHNO3, per second, photolysis rate of HNO3 -> OH + NO2 calculated in TUV for cloud-free sky with local AOD
jI2, per second, photolysis rate of I2 -> I + I calculated in TUV for cloud-free sky with local AOD
jNO2, per second, photolysis rate of NO2 -> NO + O(3P) calculated in TUV for cloud-free sky with local AOD
jNO3a, per second, photolysis rate of NO3 -> NO + O2 calculated in TUV for cloud-free sky with local AOD
jNO3b, per second, photolysis rate of NO3 -> NO2 + O(3P) calculated in TUV for cloud-free sky with local AOD
jN2O5, per second, photolysis rate of N2O5 -> NO3 + NO + O(3P) calculated in TUV for cloud-free sky with local AOD
jO3, per second, photolysis rate of O3 -> O2 + O(1D) calculated in TUV for cloud-free sky with local AOD
AOD_500nm, unitless, UTC daily mean AOD at 500 nm from an AERONET station located at 40.178 N, -112.452 E
0
18
PI_CONTACT_INFO: eleanor.waxman@noaa.gov
PLATFORM: CSL Mobile Lab, at ground site
LOCATION: Salt Lake City, UT
ASSOCIATED_DATA:
INSTRUMENT_INFO: jNO2 filter radiometer.  TUV calculations are for mobile van lat/lon/altitude assuming clear sky (cloud AOD = 0) and daily mean AOD.
DATA_INFO:
UNCERTAINTY: Data uncertainties are +/- 20%.  These come from uncertainties in radiometer angular response, radiometer thermal response, local interferences from clouds/aerosols/shadows etc.
ULOD_FLAG: -7777
ULOD_VALUE: N/A
LLOD_FLAG: -8888
LLOD_VALUE: N/A
DM_CONTACT_INFO: eleanor.waxman@noaa.gov
PROJECT_INFO: USOS Project, July - August 2024
STIPULATIONS_ON_USE: Users are strongly encouraged to contact the PI for proper data usage.
OTHER_COMMENTS: 
REVISION: R0
R0: final data
Time_Start, Time_Stop, jNO2_meas, jBrCl, jBr2, jCCl4, jCH2Oa, jCH2Ob, jClNO2, jClOa, jClOb, jCl2, jHNO2, jHNO3, jI2, jNO2, jNO3a, jNO3b, jN2O5, jO3, AOD_500nm
[from data line 698]
   41880,   41940,-9999,1.713e-07,4.591e-07,5.997e-30,1.994e-10,5.683e-10,5.838e-09,2.378e-30,8.684e-11,3.404e-08,2.537e-08,2.374e-12,1.157e-06,1.546e-07,1.326e-07,1.458e-06,4.516e-10,6.046e-11,0.337
   41940,   42000,-9999,2.227e-07,5.909e-07,8.468e-30,2.646e-10,7.525e-10,7.705e-09,3.355e-30,1.138e-10,4.48e-08,3.338e-08,3.14e-12,1.458e-06,2.027e-07,1.593e-07,1.811e-06,5.963e-10,7.926e-11,0.337
   42000,   42060,-9999,2.876e-07,7.568e-07,1.19e-29,3.491e-10,9.881e-10,1.009e-08,4.714e-30,1.497e-10,5.847e-08,4.352e-08,4.136e-12,1.836e-06,2.636e-07,1.935e-07,2.257e-06,7.813e-10,1.041e-10,0.337
   42060,   42120,-9999,3.638e-07,9.51e-07,1.636e-29,4.507e-10,1.268e-09,1.291e-08,6.48e-30,1.94e-10,7.462e-08,5.548e-08,5.342e-12,2.279e-06,3.353e-07,2.334e-07,2.778e-06,1.001e-09,1.347e-10,0.337
   42120,   42180,-9999,4.639e-07,1.206e-06,2.276e-29,5.87e-10,1.64e-09,1.665e-08,9.013e-30,2.548e-10,9.594e-08,7.124e-08,6.966e-12,2.861e-06,4.296e-07,2.859e-07,3.465e-06,1.292e-09,1.763e-10,0.337
   42180,   42240,-9999,5.882e-07,1.523e-06,3.143e-29,7.593e-10,2.104e-09,2.132e-08,1.246e-29,3.333e-10,1.225e-07,9.082e-08,9.029e-12,3.589e-06,5.467e-07,3.524e-07,4.326e-06,1.657e-09,2.301e-10,0.337
   42240,   42300,-9999,7.209e-07,1.864e-06,4.102e-29,9.44e-10,2.6e-09,2.629e-08,1.626e-29,4.179e-10,1.508e-07,1.116e-07,1.124e-11,4.379e-06,6.712e-07,4.256e-07,5.264e-06,2.045e-09,2.878e-10,0.337
   42300,   42360,-9999,8.962e-07,2.315e-06,5.523e-29,1.192e-09,3.255e-09,3.286e-08,2.191e-29,5.353e-10,1.881e-07,1.39e-07,1.423e-11,5.437e-06,8.353e-07,5.24e-07,6.522e-06,2.559e-09,3.676e-10,0.337
   42360,   42420,-9999,1.118e-06,2.89e-06,7.405e-29,1.501e-09,4.073e-09,4.107e-08,2.941e-29,6.846e-10,2.347e-07,1.733e-07,1.799e-11,6.796e-06,1.041e-06,6.53e-07,8.14e-06,3.203e-09,4.69e-10,0.337
   42420,   42480,-9999,1.351e-06,3.504e-06,9.413e-29,1.823e-09,4.924e-09,4.962e-08,3.74e-29,8.397e-10,2.835e-07,2.09e-07,2.189e-11,8.275e-06,1.256e-06,7.978e-07,9.915e-06,3.873e-09,5.742e-10,0.337
   42480,   42540,-9999,1.67e-06,4.344e-06,1.233e-28,2.253e-09,6.06e-09,6.109e-08,4.902e-29,1.053e-09,3.49e-07,2.572e-07,2.715e-11,1.031e-05,1.547e-06,9.999e-07,1.237e-05,4.771e-09,7.184e-10,0.337
   42540,   42600,-9999,2.048e-06,5.358e-06,1.568e-28,2.744e-09,7.373e-09,7.441e-08,6.24e-29,1.293e-09,4.255e-07,3.136e-07,3.315e-11,1.282e-05,1.889e-06,1.256e-06,1.54e-05,5.812e-09,8.818e-10,0.337
   42600,   42660,-9999,2.48e-06,6.524e-06,1.982e-28,3.301e-09,8.855e-09,8.95e-08,7.896e-29,1.572e-09,5.123e-07,3.776e-07,4e-11,1.574e-05,2.277e-06,1.561e-06,1.895e-05,6.991e-09,1.071e-09,0.337
   42660,   42720,-9999,3.006e-06,7.959e-06,2.46e-28,3.947e-09,1.06e-08,1.073e-07,9.804e-29,1.89e-09,6.155e-07,4.538e-07,4.791e-11,1.941e-05,2.743e-06,1.958e-06,2.346e-05,8.382e-09,1.287e-09,0.337
   42720,   42780,2.3521e-07,3.715e-06,9.916e-06,3.112e-28,4.785e-09,1.289e-08,1.309e-07,1.242e-28,2.306e-09,7.526e-07,5.552e-07,5.82e-11,2.446e-05,3.366e-06,2.507e-06,2.965e-05,1.021e-08,1.571e-09,0.337
   42780,   42840,2.8567e-06,4.42e-06,1.189e-05,3.74e-28,5.593e-09,1.511e-08,1.538e-07,1.493e-28,2.698e-09,8.869e-07,6.545e-07,6.808e-11,2.969e-05,3.978e-06,3.104e-06,3.616e-05,1.2e-08,1.839e-09,0.337
   42840,   42900,1.7536e-06,5.327e-06,1.446e-05,4.52e-28,6.591e-09,1.79e-08,1.827e-07,1.805e-28,3.175e-09,1.057e-06,7.802e-07,8.024e-11,3.66e-05,4.756e-06,3.915e-06,4.482e-05,1.424e-08,2.167e-09,0.337
   42900,   42960,1.8117e-06,6.461e-06,1.771e-05,5.451e-28,7.78e-09,2.128e-08,2.178e-07,2.178e-28,3.735e-09,1.265e-06,9.348e-07,9.471e-11,4.549e-05,5.717e-06,4.981e-06,5.602e-05,1.696e-08,2.554e-09,0.337
   42960,   43020,5.2154e-06,7.797e-06,2.158e-05,6.477e-28,9.105e-09,2.51e-08,2.579e-07,2.589e-28,4.345e-09,1.505e-06,1.113e-06,1.108e-10,5.625e-05,6.834e-06,6.301e-06,6.965e-05,2.005e-08,2.978e-09,0.337
   43020,   43080,5.237e-06,9.421e-06,2.632e-05,7.774e-28,1.071e-08,2.973e-08,3.064e-07,3.109e-28,5.085e-09,1.795e-06,1.329e-06,1.302e-10,6.965e-05,8.184e-06,7.996e-06,8.68e-05,2.38e-08,3.493e-09,0.337
   43080,   43140,6.8312e-06,1.126e-05,3.176e-05,9.099e-28,1.243e-08,3.478e-08,3.597e-07,3.64e-28,5.846e-09,2.116e-06,1.568e-06,1.508e-10,8.54e-05,9.688e-06,1.006e-05,0.0001072,2.79e-08,4.026e-09,0.337
   43140,   43200,2.8835e-06,1.334e-05,3.801e-05,1.053e-27,1.432e-08,4.039e-08,4.191e-07,4.212e-28,6.662e-09,2.475e-06,1.836e-06,1.734e-10,0.0001038,1.138e-05,1.253e-05,0.0001311,3.247e-08,4.601e-09,0.337
   43200,   43260,9.2427e-06,1.592e-05,4.581e-05,1.219e-27,1.658e-08,4.717e-08,4.91e-07,4.88e-28,7.612e-09,2.913e-06,2.162e-06,2.002e-10,0.0001271,1.345e-05,1.575e-05,0.0001618,3.798e-08,5.274e-09,0.337
   43260,   43320,9.0954e-06,1.895e-05,5.51e-05,1.388e-27,1.907e-08,5.484e-08,5.731e-07,5.554e-28,8.606e-09,3.417e-06,2.538e-06,2.296e-10,0.0001554,1.585e-05,1.973e-05,0.0001993,4.426e-08,5.986e-09,0.337
   43320,   43380,1.1806e-05,2.16e-05,6.326e-05,1.556e-27,2.139e-08,6.174e-08,6.46e-07,6.226e-28,9.547e-09,3.861e-06,2.867e-06,2.568e-10,0.0001812,1.794e-05,2.363e-05,0.0002344,4.986e-08,6.654e-09,0.337
   43380,   43440,1.8174e-05,2.533e-05,7.484e-05,1.763e-27,2.446e-08,7.11e-08,7.46e-07,7.053e-28,1.074e-08,4.474e-06,3.324e-06,2.926e-10,0.0002178,2.086e-05,2.909e-05,0.000284,5.751e-08,7.512e-09,0.337
   43440,   43500,1.6111e-05,2.98e-05,8.884e-05,1.997e-27,2.805e-08,8.217e-08,8.643e-07,7.987e-28,1.211e-08,5.204e-06,3.867e-06,3.344e-10,0.0002625,2.434e-05,3.587e-05,0.0003449,6.656e-08,8.499e-09,0.337
   43500,   43560,2.0171e-05,3.5e-05,0.0001052,2.243e-27,3.212e-08,9.482e-08,1e-06,8.968e-28,1.363e-08,6.044e-06,4.493e-06,3.815e-10,0.0003151,2.836e-05,4.389e-05,0.0004168,7.692e-08,9.599e-09,0.337
   43560,   43620,2.2886e-05,3.926e-05,0.0001188,2.452e-27,3.556e-08,1.053e-07,1.111e-06,9.802e-28,1.485e-08,6.729e-06,4.999e-06,4.208e-10,0.0003617,3.161e-05,5.168e-05,0.0004828,8.543e-08,1.049e-08,0.337
   43620,   43680,2.2783e-05,4.58e-05,0.0001397,2.743e-27,4.062e-08,1.21e-07,1.28e-06,1.096e-27,1.665e-08,7.771e-06,5.774e-06,4.787e-10,0.0004312,3.66e-05,6.276e-05,0.0005797,9.827e-08,1.181e-08,0.337
   43680,   43740,2.9457e-05,5.111e-05,0.000157,2.968e-27,4.481e-08,1.338e-07,1.415e-06,1.186e-27,1.809e-08,8.612e-06,6.395e-06,5.261e-10,0.0004916,4.06e-05,7.303e-05,0.0006659,1.087e-07,1.286e-08,0.337
   43740,   43800,2.5949e-05,5.916e-05,0.0001831,3.292e-27,5.094e-08,1.528e-07,1.619e-06,1.315e-27,2.02e-08,9.878e-06,7.333e-06,5.956e-10,0.0005804,4.667e-05,8.759e-05,0.0007913,1.242e-07,1.44e-08,0.337
   43800,   43860,4.0713e-05,6.575e-05,0.0002049,3.544e-27,5.611e-08,1.684e-07,1.785e-06,1.415e-27,2.19e-08,1.09e-05,8.087e-06,6.533e-10,0.000659,5.154e-05,0.0001014,0.0009054,1.369e-07,1.565e-08,0.337
   43860,   43920,4.45e-05,7.55e-05,0.0002367,3.889e-27,6.337e-08,1.91e-07,2.027e-06,1.552e-27,2.43e-08,1.241e-05,9.204e-06,7.35e-10,0.0007693,5.88e-05,0.0001197,0.001062,1.553e-07,1.743e-08,0.337
   43920,   43980,5.3392e-05,8.372e-05,0.0002642,4.181e-27,6.976e-08,2.102e-07,2.231e-06,1.667e-27,2.637e-08,1.368e-05,1.013e-05,8.061e-10,0.0008691,6.484e-05,0.0001375,0.001208,1.71e-07,1.895e-08,0.337
   43980,   44040,5.9488e-05,9.225e-05,0.0002929,4.461e-27,7.638e-08,2.3e-07,2.441e-06,1.778e-27,2.847e-08,1.498e-05,1.109e-05,8.792e-10,0.0009755,7.103e-05,0.0001568,0.001365,1.87e-07,2.049e-08,0.337
   44040,   44100,6.4641e-05,0.0001016,0.0003243,4.755e-27,8.357e-08,2.515e-07,2.669e-06,1.894e-27,3.073e-08,1.641e-05,1.213e-05,9.586e-10,0.001091,7.782e-05,0.0001775,0.001535,2.045e-07,2.216e-08,0.337
   44100,   44160,7.8003e-05,0.0001131,0.0003629,5.101e-27,9.235e-08,2.778e-07,2.95e-06,2.03e-27,3.348e-08,1.816e-05,1.341e-05,1.055e-09,0.001232,8.619e-05,0.0002026,0.001742,2.26e-07,2.419e-08,0.337
   44160,   44220,8.0258e-05,0.0001265,0.0004076,5.491e-27,1.026e-07,3.087e-07,3.279e-06,2.184e-27,3.665e-08,2.02e-05,1.491e-05,1.168e-09,0.001394,9.601e-05,0.0002313,0.00198,2.511e-07,2.654e-08,0.337
   44220,   44280,8.8538e-05,0.000141,0.0004558,6.685e-27,1.137e-07,3.424e-07,3.638e-06,2.38e-27,4.007e-08,2.244e-05,1.656e-05,1.291e-09,0.001568,0.0001067,0.0002621,0.002234,2.786e-07,2.908e-08,0.337
   44280,   44340,9.6268e-05,0.0001539,0.0004993,6.948e-27,1.239e-07,3.722e-07,3.953e-06,2.512e-27,4.315e-08,2.44e-05,1.799e-05,1.402e-09,0.001731,0.0001161,0.0002924,0.002479,3.028e-07,3.135e-08,0.337
   44340,   44400,0.00010829,0.0001675,0.0005454,7.237e-27,1.348e-07,4.039e-07,4.288e-06,2.646e-27,4.642e-08,2.647e-05,1.95e-05,1.52e-09,0.001905,0.0001259,0.0003248,0.002739,3.284e-07,3.376e-08,0.337
   44400,   44460,0.00011472,0.000181,0.000591,7.521e-27,1.456e-07,4.353e-07,4.619e-06,2.775e-27,4.969e-08,2.852e-05,2.099e-05,1.638e-09,0.002077,0.0001357,0.0003571,0.002998,3.539e-07,3.616e-08,0.337
   44460,   44520,0.00012519,0.000196,0.0006421,7.834e-27,1.58e-07,4.707e-07,4.992e-06,2.915e-27,5.337e-08,3.082e-05,2.266e-05,1.772e-09,0.00227,0.0001466,0.0003936,0.00329,3.825e-07,3.886e-08,0.337
   44520,   44580,0.00013366,0.0002118,0.0006954,8.173e-27,1.71e-07,5.079e-07,5.382e-06,3.058e-27,5.725e-08,3.323e-05,2.441e-05,1.913e-09,0.002472,0.000158,0.0004322,0.003597,4.125e-07,4.17e-08,0.337
   44580,   44640,0.00014406,0.0002271,0.0007475,8.493e-27,1.84e-07,5.445e-07,5.766e-06,3.193e-27,6.111e-08,3.559e-05,2.612e-05,2.053e-09,0.002671,0.0001692,0.0004705,0.0039,4.42e-07,4.452e-08,0.337
   44640,   44700,0.00015746,0.0002441,0.000805,8.848e-27,1.984e-07,5.851e-07,6.19e-06,3.339e-27,6.541e-08,3.819e-05,2.801e-05,2.209e-09,0.002891,0.0001815,0.0005135,0.004237,4.747e-07,4.765e-08,0.337
   44700,   44760,0.00016557,0.0002616,0.0008646,9.208e-27,2.136e-07,6.273e-07,6.631e-06,3.486e-27,6.993e-08,4.09e-05,2.996e-05,2.373e-09,0.003121,0.0001942,0.0005589,0.00459,5.087e-07,5.093e-08,0.337
   44760,   44820,0.00017867,0.0002786,0.0009223,9.549e-27,2.286e-07,6.684e-07,7.059e-06,3.624e-27,7.438e-08,4.352e-05,3.186e-05,2.534e-09,0.003344,0.0002066,0.0006039,0.004936,5.418e-07,5.415e-08,0.337
   44820,   44880,0.00019054,0.0002972,0.0009858,9.925e-27,2.452e-07,7.139e-07,7.532e-06,3.773e-27,7.936e-08,4.64e-05,3.393e-05,2.713e-09,0.003592,0.0002201,0.0006546,0.005322,5.783e-07,5.773e-08,0.337
   44880,   44940,0.00020225,0.0003164,0.001051,1.03e-26,2.626e-07,7.609e-07,8.02e-06,3.922e-27,8.458e-08,4.937e-05,3.608e-05,2.901e-09,0.003849,0.0002341,0.0007083,0.005725,6.161e-07,6.147e-08,0.337
   44940,   45000,0.00021378,0.000335,0.001115,1.066e-26,2.796e-07,8.067e-07,8.494e-06,4.063e-27,8.972e-08,5.225e-05,3.815e-05,3.084e-09,0.004101,0.0002476,0.0007618,0.006123,6.528e-07,6.514e-08,0.337
   45000,   45060,0.00022859,0.0003553,0.001184,1.105e-26,2.985e-07,8.569e-07,9.013e-06,4.214e-27,9.544e-08,5.54e-05,4.041e-05,3.288e-09,0.004379,0.0002623,0.000822,0.006565,6.93e-07,6.92e-08,0.337
   45060,   45120,0.00024212,0.000376,0.001256,1.143e-26,3.181e-07,9.085e-07,9.545e-06,4.365e-27,1.014e-07,5.863e-05,4.272e-05,3.499e-09,0.004667,0.0002773,0.0008856,0.007027,7.343e-07,7.342e-08,0.337
   45120,   45180,0.00025745,0.0003962,0.001325,1.18e-26,3.373e-07,9.586e-07,1.006e-05,4.508e-27,1.073e-07,6.175e-05,4.495e-05,3.706e-09,0.00495,0.0002919,0.0009491,0.007484,7.744e-07,7.756e-08,0.337
   45180,   45240,0.00027579,0.0004181,0.001401,1.219e-26,3.584e-07,1.013e-06,1.062e-05,4.66e-27,1.138e-07,6.515e-05,4.738e-05,3.934e-09,0.005264,0.0003077,0.00102,0.007992,8.183e-07,8.214e-08,0.337
   45240,   45300,0.00028142,0.0004406,0.00148,1.26e-26,3.803e-07,1.07e-06,1.12e-05,4.813e-27,1.207e-07,6.864e-05,4.987e-05,4.171e-09,0.00559,0.0003239,0.001096,0.008524,8.633e-07,8.689e-08,0.337
   45300,   45360,0.00029909,0.0004623,0.001556,1.297e-26,4.017e-07,1.124e-06,1.176e-05,4.958e-27,1.274e-07,7.199e-05,5.226e-05,4.402e-09,0.005909,0.0003394,0.00117,0.009048,9.068e-07,9.154e-08,0.337
   45360,   45420,0.00031249,0.000486,0.001639,1.338e-26,4.251e-07,1.183e-06,1.237e-05,5.111e-27,1.348e-07,7.564e-05,5.485e-05,4.656e-09,0.006263,0.0003563,0.001254,0.009631,9.542e-07,9.666e-08,0.337
   45420,   45480,0.00033024,0.0005102,0.001725,1.378e-26,4.493e-07,1.244e-06,1.299e-05,5.265e-27,1.425e-07,7.937e-05,5.749e-05,4.919e-09,0.006629,0.0003735,0.001341,0.01024,1.003e-06,1.02e-07,0.337
   45480,   45540,0.00034698,0.0005336,0.001808,1.417e-26,4.728e-07,1.303e-06,1.359e-05,5.411e-27,1.501e-07,8.296e-05,6.003e-05,5.175e-09,0.006989,0.0003901,0.001427,0.01083,1.05e-06,1.071e-07,0.337
   45540,   45600,0.00036352,0.0005592,0.001899,1.458e-26,4.987e-07,1.366e-06,1.424e-05,5.567e-27,1.586e-07,8.686e-05,6.278e-05,5.456e-09,0.007386,0.0004081,0.001523,0.0115,1.1e-06,1.129e-07,0.337
   45600,   45660,0.00038005,0.0005853,0.001993,1.499e-26,5.253e-07,1.431e-06,1.49e-05,5.723e-27,1.673e-07,9.084e-05,6.559e-05,5.747e-09,0.007798,0.0004264,0.001623,0.01218,1.153e-06,1.188e-07,0.337
   45660,   45720,0.00039714,0.0006106,0.002084,1.538e-26,5.511e-07,1.494e-06,1.554e-05,5.87e-27,1.759e-07,9.467e-05,6.829e-05,6.029e-09,0.0082,0.000444,0.001721,0.01286,1.203e-06,1.245e-07,0.337
   45720,   45780,0.00041695,0.0006381,0.002183,1.58e-26,5.793e-07,1.562e-06,1.624e-05,6.027e-27,1.854e-07,9.882e-05,7.12e-05,6.338e-09,0.008642,0.0004631,0.001828,0.0136,1.257e-06,1.309e-07,0.337
   45780,   45840,0.00043186,0.0006661,0.002285,1.622e-26,6.082e-07,1.631e-06,1.694e-05,6.184e-27,1.953e-07,0.000103,7.416e-05,6.656e-09,0.009098,0.0004825,0.001939,0.01436,1.313e-06,1.374e-07,0.337
   45840,   45900,0.00045117,0.0006933,0.002385,1.662e-26,6.363e-07,1.698e-06,1.762e-05,6.333e-27,2.049e-07,0.0001071,7.701e-05,6.965e-09,0.009543,0.0005011,0.002048,0.01511,1.366e-06,1.438e-07,0.337
   45900,   45960,0.00047265,0.0007229,0.002493,1.704e-26,6.669e-07,1.77e-06,1.836e-05,6.492e-27,2.156e-07,0.0001115,8.009e-05,7.304e-09,0.01003,0.0005213,0.002166,0.01593,1.424e-06,1.508e-07,0.337
   45960,   46020,0.00048369,0.0007531,0.002604,1.747e-26,6.983e-07,1.844e-06,1.911e-05,6.652e-27,2.267e-07,0.000116,8.322e-05,7.652e-09,0.01053,0.0005419,0.002288,0.01677,1.484e-06,1.581e-07,0.337
   46020,   46080,0.00050581,0.0007823,0.002712,1.787e-26,7.287e-07,1.915e-06,1.983e-05,6.803e-27,2.375e-07,0.0001203,8.623e-05,7.989e-09,0.01102,0.0005617,0.002406,0.01759,1.541e-06,1.651e-07,0.337
   46080,   46140,0.00052252,0.0008139,0.002828,1.831e-26,7.617e-07,1.991e-06,2.061e-05,6.963e-27,2.494e-07,0.000125,8.946e-05,8.357e-09,0.01155,0.0005831,0.002533,0.01847,1.602e-06,1.729e-07,0.337
   46140,   46200,0.0005415,0.0008463,0.002948,1.874e-26,7.957e-07,2.069e-06,2.141e-05,7.125e-27,2.618e-07,0.0001297,9.277e-05,8.736e-09,0.01209,0.0006049,0.002664,0.01938,1.665e-06,1.809e-07,0.337
   46200,   46260,0.00056563,0.0008775,0.003064,1.915e-26,8.284e-07,2.144e-06,2.217e-05,7.278e-27,2.739e-07,0.0001343,9.594e-05,9.103e-09,0.01261,0.0006259,0.00279,0.02026,1.726e-06,1.886e-07,0.337
   46260,   46320,0.00058563,0.0009114,0.00319,1.959e-26,8.64e-07,2.225e-06,2.3e-05,7.441e-27,2.873e-07,0.0001392,9.936e-05,9.503e-09,0.01318,0.0006485,0.002926,0.02121,1.791e-06,1.972e-07,0.337
   46320,   46380,0.00060414,0.000946,0.003319,2.003e-26,9.005e-07,2.308e-06,2.384e-05,7.605e-27,3.011e-07,0.0001443,0.0001028,9.914e-09,0.01376,0.0006717,0.003064,0.02219,1.858e-06,2.06e-07,0.337
   46380,   46440,0.00062848,0.0009793,0.003442,2.046e-26,9.356e-07,2.387e-06,2.465e-05,7.761e-27,3.145e-07,0.0001491,0.0001062,1.031e-08,0.01432,0.0006938,0.003197,0.02312,1.922e-06,2.145e-07,0.337
   46440,   46500,0.00065632,0.001015,0.003576,2.091e-26,9.737e-07,2.472e-06,2.552e-05,7.926e-27,3.293e-07,0.0001543,0.0001098,1.074e-08,0.01493,0.0007177,0.003339,0.02412,1.992e-06,2.238e-07,0.337
   46500,   46560,0.00068469,0.001052,0.003713,2.136e-26,1.013e-06,2.559e-06,2.641e-05,8.093e-27,3.446e-07,0.0001596,0.0001135,1.119e-08,0.01554,0.0007422,0.003483,0.02515,2.062e-06,2.335e-07,0.337
   46560,   46620,0.00071178,0.001087,0.003844,2.179e-26,1.05e-06,2.643e-06,2.727e-05,8.251e-27,3.596e-07,0.0001647,0.000117,1.162e-08,0.01613,0.0007656,0.00362,0.02612,2.13e-06,2.429e-07,0.337
