CampaignData_and_Merges/R0/CSL_MobileLab_Parked/raw/20240722/USOS-MetNav_MobileLabGround_20240722_R0.ict
44, 1001
Carrie Womack, Nate Howard, Mike Zucker
NOAA Chemical Sciences Laboratory
Mobile Lab MetNav Station
USOS
1, 1
2024, 07, 22, 2024, 12, 21
60
Time_Start, seconds_past_midnight, Seconds from midnight UTC
11
1, 1, 1, 1, 1, 1, 1, 1, 1, 1, 1
-9999, -9999, -9999, -9999, -9999, -9999, -9999, -9999, -9999, -9999, -9999
GPS_Alt_m, meters, Altitude from Differential GPS
GPS_Course_deg, degrees, Course from Differential GPS
GPS_GndSpd_m_s, m/s, Ground Speed from Differential GPS
GPS_Heading_deg, degrees, Heading from Differential GPS
GPS_Lat_deg, degrees, Latitude from Differential GPS
GPS_Lon_deg, degrees, Longitude from Differential GPS
AirTemp_C, Celsius, Air Temperature from Airmar
RelHumidity_pct, percent, Relative Humidity from Airmar
Pressure_mb, millibars, Pressure from Honeywell
WindDir_calc_deg, degrees, Wind Direction from Airmar corrected for van movement
WindSpd_calc_m_s, m/s, Wind Speed from Airmar corrected for van movement
1
SPECIAL COMMENTS:
18
PI_CONTACT_INFO: Address: 325 Broadway R/CSL7, Boulder, CO, 80305
PLATFORM: CSL Mobile Lab
LOCATION: Salt Lake City, UT
ASSOCIATED_DATA: N/A
INSTRUMENT_INFO: N/A
DATA_INFO: Units:
UNCERTAINTY: N/A
ULOD_FLAG: -7777
ULOD_VALUE: N/A
LLOD_FLAG: -8888
LLOD_VALUE: N/A
DM_CONTACT_INFO: Data Manager: Nate Howard
PROJECT_INFO: 
STIPULATIONS_ON_USE: Use of these data require prior ok from PI.
OTHER_COMMENTS: 
REVISION: R0
R0: Final data. Fixed bug in wind averaging code. RA: Preliminary Data. For in-field use only. 
Time_Start, GPS_Alt_m, GPS_Course_deg, GPS_GndSpd_m_s, GPS_Heading_deg, GPS_Lat_deg, GPS_Lon_deg, AirTemp_C, RelHumidity_pct, Pressure_mb, WindDir_calc_deg, WindSpd_calc_m_s
[from data line 800]
48000.0,1309.4,359.83,0.05,359.83,40.73433,-111.87210,25.0,25.9,877.1,111.03,2.3
48060.0,1309.3,0.52,0.04,0.52,40.73433,-111.87210,24.9,25.8,877.1,115.41,2.9
48120.0,1309.3,0.64,0.05,0.64,40.73433,-111.87210,24.9,25.5,877.1,107.65,2.9
48180.0,1309.4,0.30,0.05,0.30,40.73433,-111.87210,25.0,25.6,877.2,115.42,2.2
48240.0,1309.4,0.10,0.05,0.10,40.73433,-111.87210,25.0,25.6,877.2,105.97,2.1
48300.0,1309.4,359.83,0.05,359.83,40.73433,-111.87210,24.9,25.4,877.2,115.91,3.0
48360.0,1309.7,359.79,0.05,359.79,40.73433,-111.87210,24.8,25.5,877.2,105.61,2.6
48420.0,1309.9,0.18,0.04,0.18,40.73433,-111.87210,24.8,25.5,877.2,112.06,2.4
48480.0,1309.8,359.67,0.05,359.67,40.73433,-111.87210,24.8,25.8,877.2,107.21,2.0
48540.0,1309.8,359.13,0.05,359.13,40.73433,-111.87210,24.7,25.4,877.2,108.90,3.0
48600.0,1309.8,359.10,0.04,359.10,40.73433,-111.87210,24.7,25.2,877.3,108.00,3.3
48660.0,1309.9,359.81,0.05,359.81,40.73433,-111.87210,24.8,25.3,877.3,114.63,2.8
48720.0,1309.9,359.99,0.04,359.99,40.73433,-111.87210,24.8,25.2,877.2,118.40,2.6
48780.0,1310.2,359.49,0.05,359.49,40.73433,-111.87210,25.0,25.8,877.3,117.46,1.5
48840.0,1310.1,359.11,0.05,359.11,40.73433,-111.87210,25.0,25.5,877.2,113.16,2.6
48900.0,1310.1,359.03,0.05,359.03,40.73433,-111.87210,25.0,25.5,877.3,110.84,3.6
48960.0,1310.1,359.11,0.05,359.11,40.73433,-111.87210,25.0,25.5,877.3,112.88,2.2
49020.0,1310.1,359.22,0.04,359.22,40.73433,-111.87210,25.0,25.3,877.3,116.79,4.1
49080.0,1310.2,359.67,0.05,359.67,40.73433,-111.87210,25.1,25.4,877.3,114.31,2.2
49140.0,1310.2,359.50,0.05,359.50,40.73433,-111.87210,25.2,25.4,877.2,119.47,3.1
49200.0,1310.3,359.88,0.06,359.88,40.73433,-111.87210,25.3,25.5,877.2,116.65,2.2
49260.0,1310.3,359.69,0.05,359.69,40.73433,-111.87210,25.4,25.7,877.3,108.46,2.3
49320.0,1310.3,359.58,0.05,359.58,40.73433,-111.87210,25.4,25.5,877.3,103.66,1.9
49380.0,1310.2,359.21,0.05,359.21,40.73433,-111.87210,25.5,25.0,877.3,106.98,2.5
49440.0,1310.1,359.17,0.05,359.17,40.73433,-111.87210,25.5,24.9,877.3,110.60,3.4
49500.0,1310.2,359.38,0.04,359.38,40.73433,-111.87210,25.6,24.8,877.3,119.54,3.7
49560.0,1310.0,359.65,0.04,359.65,40.73433,-111.87210,25.7,25.0,877.3,114.84,3.1
49620.0,1310.2,358.88,0.05,358.88,40.73433,-111.87210,25.7,25.1,877.3,103.85,3.0
49680.0,1309.9,358.43,0.05,358.43,40.73433,-111.87210,25.8,25.0,877.3,108.61,2.7
49740.0,1310.0,359.15,0.04,359.15,40.73433,-111.87210,25.8,25.0,877.3,101.54,2.3
49800.0,1310.0,359.05,0.05,359.05,40.73433,-111.87210,25.8,25.1,877.3,106.55,2.3
49860.0,1310.0,359.06,0.05,359.06,40.73433,-111.87210,25.9,25.1,877.3,113.74,2.7
49920.0,1310.1,359.17,0.05,359.17,40.73433,-111.87210,26.0,25.2,877.3,111.82,2.1
49980.0,1310.1,359.32,0.05,359.32,40.73433,-111.87210,26.0,25.0,877.3,110.42,2.2
50040.0,1309.9,359.52,0.05,359.52,40.73433,-111.87210,26.1,25.3,877.3,110.72,1.8
50100.0,1309.9,359.49,0.05,359.49,40.73433,-111.87211,25.9,24.9,877.3,103.75,3.6
50160.0,1309.8,359.05,0.05,359.05,40.73433,-111.87211,26.0,24.9,877.3,112.14,3.5
50220.0,1309.9,358.99,0.04,358.99,40.73433,-111.87211,26.0,25.0,877.3,113.96,3.7
50280.0,1309.8,359.12,0.04,359.12,40.73433,-111.87211,26.0,25.2,877.3,106.40,3.1
50340.0,1309.6,359.11,0.05,359.11,40.73433,-111.87211,26.1,24.9,877.3,116.21,3.5
50400.0,1309.7,359.51,0.05,359.51,40.73433,-111.87211,25.9,24.8,877.3,113.67,4.6
50460.0,1309.6,359.08,0.05,359.08,40.73433,-111.87211,26.0,25.1,877.3,110.81,3.3
50520.0,1310.0,359.65,0.05,359.65,40.73434,-111.87211,26.1,24.8,877.3,110.34,2.6
50580.0,1309.6,0.11,0.05,0.11,40.73434,-111.87210,26.2,25.3,877.3,113.14,1.8
50640.0,1309.4,0.36,0.05,0.36,40.73434,-111.87211,26.3,24.8,877.3,115.71,2.1
50700.0,1309.0,359.71,0.04,359.71,40.73434,-111.87211,26.4,24.9,877.3,107.68,2.0
50760.0,1309.0,359.41,0.05,359.41,40.73434,-111.87211,26.4,25.0,877.3,119.06,4.0
50820.0,1308.5,359.65,0.05,359.65,40.73434,-111.87211,26.3,24.9,877.3,105.89,2.9
50880.0,1308.4,0.10,0.05,0.10,40.73434,-111.87211,26.4,24.9,877.3,107.13,2.7
50940.0,1308.6,359.76,0.04,359.76,40.73434,-111.87211,26.5,24.9,877.3,110.42,2.0
51000.0,1308.6,359.28,0.05,359.28,40.73434,-111.87211,26.5,24.9,877.4,115.59,2.9
51060.0,1308.7,359.09,0.05,359.09,40.73434,-111.87211,26.7,25.3,877.4,116.30,2.0
51120.0,1308.7,359.62,0.04,359.62,40.73434,-111.87211,26.5,24.5,877.4,109.06,4.1
51180.0,1308.8,359.82,0.05,359.82,40.73434,-111.87211,26.4,24.8,877.4,108.69,3.5
51240.0,1308.7,359.30,0.05,359.30,40.73434,-111.87211,26.7,25.1,877.4,107.63,0.8
51300.0,1308.8,359.69,0.05,359.69,40.73434,-111.87211,26.7,25.1,877.4,113.74,2.7
51360.0,1308.8,359.97,0.05,359.97,40.73434,-111.87211,26.8,24.7,877.5,115.83,2.4
51420.0,1308.9,0.43,0.05,0.43,40.73434,-111.87211,26.8,24.4,877.4,115.91,2.7
51480.0,1308.8,0.83,0.05,0.83,40.73434,-111.87211,26.8,24.4,877.5,110.71,3.0
51540.0,1308.8,0.70,0.06,0.70,40.73434,-111.87211,26.8,24.7,877.5,113.83,2.7
51600.0,1308.7,0.31,0.04,0.31,40.73434,-111.87211,26.9,24.6,877.5,111.78,2.4
51660.0,1308.7,360.00,0.05,360.00,40.73434,-111.87211,26.9,24.5,877.5,110.71,2.2
51720.0,1308.7,359.42,0.05,359.42,40.73434,-111.87211,26.9,24.2,877.5,111.24,3.6
51780.0,1308.8,359.00,0.05,359.00,40.73434,-111.87211,26.9,24.1,877.5,115.80,3.6
51840.0,1308.7,359.23,0.05,359.23,40.73433,-111.87211,26.9,24.6,877.5,114.73,3.5
51900.0,1308.6,359.29,0.05,359.29,40.73433,-111.87211,26.9,24.6,877.5,112.03,2.2
51960.0,1308.6,358.70,0.05,358.70,40.73433,-111.87211,27.2,24.8,877.5,124.32,1.0
52020.0,1308.7,358.86,0.05,358.86,40.73433,-111.87211,27.1,24.4,877.5,112.84,2.3
52080.0,1308.5,358.99,0.06,358.99,40.73433,-111.87211,27.2,24.1,877.5,119.38,2.8
52140.0,1308.5,359.18,0.05,359.18,40.73433,-111.87211,27.3,24.4,877.5,110.37,2.3
52200.0,1308.4,359.48,0.06,359.48,40.73433,-111.87211,27.2,23.7,877.5,109.64,2.6
52260.0,1308.5,358.58,0.05,358.58,40.73433,-111.87211,27.2,23.8,877.5,116.82,3.9
52320.0,1308.5,358.18,0.06,358.18,40.73433,-111.87211,27.1,24.1,877.5,112.51,4.8
52380.0,1308.5,358.60,0.06,358.60,40.73433,-111.87211,27.2,23.9,877.5,109.33,2.4
52440.0,1308.4,358.12,0.05,358.12,40.73433,-111.87211,27.2,24.1,877.6,115.66,4.0
52500.0,1308.4,357.72,0.05,357.72,40.73433,-111.87211,27.3,23.9,877.5,111.15,2.1
52560.0,1308.5,357.85,0.05,357.85,40.73433,-111.87211,27.4,24.2,877.6,111.22,2.4
52620.0,1308.5,357.74,0.05,357.74,40.73433,-111.87211,27.2,23.7,877.6,107.26,3.9
52680.0,1308.7,357.59,0.05,357.59,40.73433,-111.87211,27.4,23.7,877.6,111.56,1.9
52740.0,1308.8,357.23,0.05,357.23,40.73433,-111.87211,27.4,23.3,877.6,113.26,3.8
52800.0,1308.9,357.46,0.05,357.46,40.73433,-111.87211,27.6,23.7,877.6,108.77,1.6
52860.0,1308.9,358.28,0.05,358.28,40.73433,-111.87211,27.5,23.4,877.6,112.54,4.2
52920.0,1308.9,358.16,0.05,358.16,40.73433,-111.87211,27.5,23.3,877.6,113.85,3.5
52980.0,1308.9,357.76,0.05,357.76,40.73433,-111.87211,27.7,24.1,877.6,122.07,1.1
53040.0,1309.1,357.90,0.05,357.90,40.73433,-111.87211,27.7,23.6,877.6,110.94,2.5
53100.0,1309.1,358.13,0.06,358.13,40.73433,-111.87211,27.7,23.8,877.6,111.73,3.3
53160.0,1309.0,358.71,0.06,358.71,40.73433,-111.87211,27.7,23.9,877.6,117.59,3.8
53220.0,1309.3,358.59,0.05,358.59,40.73434,-111.87211,27.7,24.0,877.6,102.90,2.1
53280.0,1308.6,358.56,0.05,358.56,40.73434,-111.87211,27.5,23.3,877.6,108.44,3.8
53340.0,1308.8,358.74,0.06,358.74,40.73434,-111.87211,27.7,24.1,877.6,117.54,1.9
53400.0,1309.4,358.98,0.06,358.98,40.73434,-111.87211,27.8,23.9,877.7,118.83,2.6
53460.0,1309.8,359.40,0.06,359.40,40.73434,-111.87211,27.8,24.1,877.7,113.58,2.9
53520.0,1310.1,359.42,0.05,359.42,40.73434,-111.87211,27.9,23.5,877.7,115.62,2.5
53580.0,1310.2,359.26,0.06,359.26,40.73434,-111.87211,27.9,23.6,877.7,117.79,3.4
53640.0,1309.3,359.39,0.06,359.39,40.73434,-111.87211,27.9,23.7,877.7,120.10,3.4
53700.0,1308.9,359.59,0.05,359.59,40.73434,-111.87211,27.8,23.5,877.7,117.19,4.4
53760.0,1309.1,0.15,0.06,0.15,40.73434,-111.87211,27.8,23.4,877.7,120.52,4.0
53820.0,1310.1,0.00,0.06,0.00,40.73434,-111.87211,27.8,23.7,877.7,111.31,3.5
53880.0,1310.1,359.81,0.05,359.81,40.73434,-111.87211,27.7,23.5,877.7,112.81,3.4
53940.0,1310.2,0.47,0.07,0.47,40.73434,-111.87211,27.8,24.2,877.7,115.91,2.8
54000.0,1311.2,0.81,0.06,0.81,40.73434,-111.87211,27.7,23.3,877.7,111.14,3.4
54060.0,1311.2,0.68,0.06,0.68,40.73434,-111.87211,27.7,23.4,877.7,111.49,3.5
54120.0,1311.2,0.80,0.06,0.80,40.73434,-111.87211,27.8,23.2,877.7,114.47,3.2
54180.0,1311.1,0.74,0.06,0.74,40.73434,-111.87211,27.9,23.5,877.7,110.40,2.0
54240.0,1310.7,0.09,0.05,0.09,40.73434,-111.87211,27.9,23.4,877.7,101.84,2.2
54300.0,1310.4,359.95,0.06,359.95,40.73434,-111.87211,27.9,23.3,877.7,105.30,2.6
54360.0,1310.5,0.29,0.05,0.29,40.73434,-111.87211,28.0,22.8,877.7,113.46,2.3
54420.0,1310.7,0.91,0.05,0.91,40.73434,-111.87211,28.0,22.9,877.6,123.22,3.5
54480.0,1307.9,0.01,0.05,0.01,40.73433,-111.87211,27.8,23.1,877.7,109.33,3.6
54540.0,1308.6,359.83,0.05,359.83,40.73434,-111.87211,27.8,23.0,877.7,115.95,4.5
54600.0,1309.8,359.53,0.05,359.53,40.73434,-111.87211,27.8,23.0,877.7,108.71,2.6
54660.0,1308.9,359.18,0.05,359.18,40.73434,-111.87211,27.9,23.7,877.7,113.95,2.2
54720.0,1308.2,359.21,0.06,359.21,40.73434,-111.87211,27.8,22.6,877.7,109.08,4.9
54780.0,1308.3,359.31,0.05,359.31,40.73434,-111.87211,27.7,22.6,877.7,108.97,4.0
54840.0,1308.6,359.70,0.05,359.70,40.73434,-111.87211,27.8,22.8,877.7,111.08,3.5
54900.0,1308.6,359.50,0.05,359.50,40.73434,-111.87211,27.7,22.9,877.7,108.41,3.7
54960.0,1308.5,359.57,0.05,359.57,40.73434,-111.87211,28.0,23.2,877.6,121.79,2.2
55020.0,1308.4,359.84,0.06,359.84,40.73434,-111.87211,28.0,22.9,877.6,116.08,3.9
55080.0,1308.3,359.20,0.04,359.20,40.73434,-111.87211,27.9,23.2,877.6,114.45,4.4
55140.0,1308.6,360.00,0.05,360.00,40.73433,-111.87211,28.0,23.4,877.6,109.28,3.7
55200.0,1309.0,359.86,0.06,359.86,40.73433,-111.87211,27.9,22.7,877.6,108.81,3.5
55260.0,1309.0,359.97,0.05,359.97,40.73433,-111.87211,28.0,23.1,877.7,112.56,3.2
55320.0,1308.9,359.96,0.06,359.96,40.73433,-111.87211,28.1,23.0,877.7,112.96,3.5
55380.0,1308.9,359.87,0.05,359.87,40.73433,-111.87211,28.1,22.8,877.7,114.65,1.8
55440.0,1308.9,0.04,0.06,0.04,40.73433,-111.87211,28.2,22.7,877.7,115.45,3.1
55500.0,1309.0,0.14,0.05,0.14,40.73433,-111.87211,28.1,22.8,877.6,111.69,4.5
55560.0,1309.1,0.25,0.05,0.25,40.73433,-111.87211,28.2,22.4,877.7,117.51,4.5
55620.0,1309.3,359.94,0.06,359.94,40.73433,-111.87211,28.2,22.2,877.7,114.50,3.9
55680.0,1309.3,0.04,0.05,0.04,40.73433,-111.87211,28.2,22.1,877.7,111.65,3.3
55740.0,1309.3,0.14,0.05,0.14,40.73433,-111.87211,28.3,22.5,877.7,118.55,3.4
55800.0,1309.3,359.78,0.05,359.78,40.73433,-111.87211,28.3,22.3,877.7,115.93,3.4
55860.0,1309.3,359.84,0.05,359.84,40.73433,-111.87211,28.5,22.7,877.6,123.29,2.5
55920.0,1309.2,359.70,0.05,359.70,40.73433,-111.87211,28.5,23.4,877.7,116.62,3.4
55980.0,1309.1,359.96,0.05,359.96,40.73433,-111.87211,28.6,22.6,877.7,120.19,2.9
56040.0,1309.1,359.66,0.05,359.66,40.73433,-111.87211,28.8,22.1,877.7,126.45,3.0
56100.0,1309.0,359.63,0.05,359.63,40.73433,-111.87211,28.9,22.7,877.7,113.59,1.2
56160.0,1308.9,359.60,0.05,359.60,40.73433,-111.87211,29.0,22.6,877.7,110.34,2.6
56220.0,1308.6,359.48,0.05,359.48,40.73434,-111.87211,28.9,22.5,877.7,114.74,4.2
56280.0,1308.6,359.67,0.05,359.67,40.73434,-111.87211,29.0,22.9,877.7,113.30,2.1
56340.0,1308.6,359.36,0.06,359.36,40.73434,-111.87210,29.0,22.2,877.7,122.03,3.5
56400.0,1308.7,359.30,0.05,359.30,40.73434,-111.87210,28.9,22.0,877.7,117.16,5.0
56460.0,1308.7,359.49,0.06,359.49,40.73434,-111.87210,28.8,22.2,877.7,108.59,3.6
56520.0,1309.1,359.36,0.06,359.36,40.73434,-111.87210,28.9,22.3,877.7,114.62,3.2
56580.0,1309.3,359.58,0.06,359.58,40.73434,-111.87211,28.8,22.5,877.7,115.53,3.6
56640.0,1309.5,0.06,0.05,0.06,40.73434,-111.87211,28.9,22.5,877.7,118.91,3.5
56700.0,1309.3,0.56,0.06,0.56,40.73434,-111.87211,28.9,22.2,877.6,114.99,3.6
56760.0,1309.1,0.46,0.05,0.46,40.73434,-111.87211,29.0,22.0,877.6,110.31,3.0
56820.0,1309.2,0.29,0.06,0.29,40.73434,-111.87211,29.0,22.2,877.6,118.49,3.7
56880.0,1309.1,359.94,0.05,359.94,40.73434,-111.87211,29.1,22.3,877.7,119.49,2.8
56940.0,1309.0,359.83,0.05,359.83,40.73434,-111.87211,29.1,22.0,877.6,95.85,1.8
57000.0,1309.0,359.31,0.05,359.31,40.73434,-111.87211,29.1,21.5,877.7,112.28,3.6
57060.0,1309.1,359.34,0.05,359.34,40.73434,-111.87211,29.2,22.0,877.7,117.66,4.7
57120.0,1309.8,359.66,0.05,359.66,40.73434,-111.87210,29.1,21.4,877.7,110.05,3.4
57180.0,1309.9,359.49,0.04,359.49,40.73434,-111.87210,29.3,21.4,877.6,105.24,2.0
57240.0,1309.9,359.54,0.05,359.54,40.73434,-111.87210,29.4,21.6,877.6,114.46,2.2
57300.0,1310.0,359.24,0.05,359.24,40.73434,-111.87210,29.5,21.8,877.6,115.03,2.8
57360.0,1309.7,359.25,0.05,359.25,40.73434,-111.87210,29.7,21.6,877.6,114.35,2.7
57420.0,1310.0,359.30,0.05,359.30,40.73434,-111.87211,29.7,21.0,877.6,110.85,2.7
57480.0,1310.2,359.48,0.05,359.48,40.73434,-111.87211,29.7,21.6,877.5,100.46,2.2
57540.0,1310.2,359.59,0.05,359.59,40.73434,-111.87211,29.8,22.0,877.5,125.41,2.5
57600.0,1309.5,359.24,0.04,359.24,40.73434,-111.87210,29.8,21.7,877.5,110.70,3.0
57660.0,1309.4,359.48,0.05,359.48,40.73434,-111.87210,29.9,22.2,877.5,119.64,2.1
57720.0,1309.4,359.52,0.04,359.52,40.73434,-111.87210,30.0,21.8,877.5,117.59,2.5
57780.0,1309.5,359.49,0.05,359.49,40.73434,-111.87210,30.1,22.3,877.6,115.89,2.3
57840.0,1309.6,358.78,0.04,358.78,40.73434,-111.87210,30.0,21.7,877.5,102.79,2.4
57900.0,1309.6,358.26,0.05,358.26,40.73434,-111.87210,30.1,21.8,877.5,111.85,2.4
57960.0,1309.6,358.72,0.04,358.72,40.73434,-111.87210,30.0,21.4,877.5,112.91,3.7
58020.0,1309.5,358.91,0.04,358.91,40.73434,-111.87210,30.1,21.8,877.5,119.61,2.5
58080.0,1309.5,358.94,0.04,358.94,40.73434,-111.87210,30.2,21.7,877.5,104.33,1.7
58140.0,1309.4,358.57,0.04,358.57,40.73434,-111.87210,30.3,21.3,877.5,119.05,2.5
58200.0,1309.3,358.88,0.04,358.88,40.73434,-111.87210,30.3,20.4,877.5,127.62,2.0
58260.0,1309.2,359.35,0.04,359.35,40.73434,-111.87210,30.4,20.3,877.5,111.70,3.0
58320.0,1309.1,359.19,0.05,359.19,40.73434,-111.87210,30.3,21.0,877.5,123.05,3.9
58380.0,1309.2,359.43,0.05,359.43,40.73434,-111.87210,30.2,21.2,877.5,111.44,3.3
58440.0,1309.1,359.53,0.05,359.53,40.73434,-111.87210,30.3,21.2,877.5,117.98,2.6
58500.0,1309.2,359.11,0.04,359.11,40.73434,-111.87210,30.1,20.8,877.5,115.43,4.8
58560.0,1309.1,358.94,0.05,358.94,40.73434,-111.87210,30.1,21.0,877.5,114.35,3.4
58620.0,1309.1,359.28,0.05,359.28,40.73434,-111.87210,30.3,21.5,877.5,122.10,2.4
58680.0,1309.0,359.78,0.04,359.78,40.73434,-111.87210,30.4,21.7,877.5,122.15,1.7
58740.0,1309.1,359.49,0.04,359.49,40.73434,-111.87210,30.3,21.4,877.5,112.61,3.6
58800.0,1309.1,359.43,0.04,359.43,40.73434,-111.87210,30.3,21.4,877.5,113.93,3.5
58860.0,1309.1,359.42,0.04,359.42,40.73434,-111.87210,30.2,21.1,877.5,112.46,4.2
58920.0,1308.9,359.68,0.04,359.68,40.73434,-111.87210,30.3,21.2,877.5,115.36,2.6
58980.0,1308.8,359.53,0.04,359.53,40.73434,-111.87210,30.3,21.5,877.5,114.61,3.5
59040.0,1308.7,359.59,0.04,359.59,40.73434,-111.87210,30.3,22.1,877.5,114.92,3.7
59100.0,1308.6,359.55,0.05,359.55,40.73434,-111.87210,30.4,21.1,877.5,119.64,2.4
59160.0,1308.7,359.67,0.04,359.67,40.73434,-111.87211,30.5,21.7,877.5,119.23,2.7
59220.0,1308.5,359.34,0.05,359.34,40.73434,-111.87211,30.6,21.9,877.4,118.67,2.9
59280.0,1308.6,359.28,0.05,359.28,40.73434,-111.87211,30.3,21.3,877.4,106.42,3.8
59340.0,1308.5,359.47,0.05,359.47,40.73434,-111.87211,30.4,21.7,877.5,92.81,1.5
59400.0,1308.5,359.10,0.04,359.10,40.73434,-111.87211,30.6,21.4,877.4,95.67,1.2
59460.0,1308.4,359.16,0.05,359.16,40.73434,-111.87211,30.6,21.1,877.4,106.55,2.5
59520.0,1308.4,359.74,0.05,359.74,40.73434,-111.87210,30.7,20.9,877.4,93.11,0.9
59580.0,1308.4,359.66,0.05,359.66,40.73433,-111.87210,30.9,20.4,877.4,116.87,1.7
59640.0,1308.4,0.28,0.04,0.28,40.73433,-111.87210,31.0,21.4,877.4,121.90,2.7
59700.0,1308.4,0.54,0.04,0.54,40.73433,-111.87210,31.1,21.9,877.4,108.98,2.1
59760.0,1308.5,0.10,0.05,0.10,40.73433,-111.87210,31.1,20.7,877.4,112.35,2.6
59820.0,1308.5,359.95,0.04,359.95,40.73433,-111.87210,31.2,20.2,877.4,116.75,1.4
