CampaignData_and_Merges/R0/CSL_MobileLab_Parked/raw/20240722/USOS-PTR_MobileLabGround_20240722_R0.ict
58, 1001
Matthew Coggon, Kelvin Bates, Chelsea Stockwell, Carsten Warneke
NOAA ESRL Chemical Sciences Division
NOAA PTR-ToF-MS
USOS
1,1 
2024, 07, 22, 2025, 09, 19
0
Time_Start, seconds, number of seconds from 00:00 UTC 
22
1, 1, 1, 1, 1, 1, 1, 1, 1, 1, 1, 1, 1, 1, 1, 1, 1, 1, 1, 1, 1, 1
-9999, -9999, -9999, -9999, -9999, -9999, -9999, -9999, -9999, -9999, -9999, -9999, -9999, -9999, -9999, -9999, -9999, -9999, -9999, -9999, -9999, -9999
CH3OH_NOAAPTR_ppbv,  ppbv, Gas_CH3OH_InSitu_S_AVMR, (CH3OH) methanol
CH3CN_NOAAPTR_ppbv,  ppbv, Gas_CH3CN_InSitu_S_AVMR, (CH3CN) acetonitrile
CH3CHO_NOAAPTR_ppbv,  ppbv, Gas_CH3CHO_InSitu_S_AVMR, (CH3CHO) acetaldehyde plus contributions from ethylene glycol and ethylene oxide. Interference from ethanol has been subtracted out.
C2H5OH_NOAAPTR_ppbv,  ppbv, Gas_C2H5OH_InSitu_S_AVMR, (C2H5OH) ethanol
CH3SH_NOAAPTR_ppbv,  ppbv, Gas_CH3SH_InSitu_S_AVMR, (CH3SH) methanethiol, using calibration factor for DMS
Acrolein_NOAAPTR_ppbv,  ppbv, Gas_Acrolein_InSitu_S_AVMR, (C3H4O) acrolein
AcetonePropanal_NOAAPTR_ppbv,  ppbv, Gas_AcetoneAndPropanal_InSitu_S_AVMR, (C3H6O) sum of acetone (dominant isomer) and propanal, using calibration factor for acetone
DMS_NOAAPTR_ppbv,  ppbv, Gas_DMS_InSitu_S_AVMR, (C2H6S) dimethyl sulfide with possible small contributions from ethanethiol
C5H8_NOAAPTR_ppbv,  ppbv, Gas_Isoprene_InSitu_S_AVMR, (C5H8) isoprene and possible fragments from cycloalkanes and aldehydes. Interferences have been subtracted following methods described by Coggon et al (2023)
MVKMAC_NOAAPTR_ppbv,  ppbv, Gas_MVKAndMAC_InSitu_S_AVMR, (C4H6O) sum of methyl vinyl ketone, methacrolein, and small amounts of crotonaldehyde, using weighted calibration factor for MVK (0.637) and MACR (0.363)
Benzene_NOAAPTR_ppbv,  ppbv, Gas_Benzene_InSitu_S_AVMR, (C6H6) benzene
Toluene_NOAAPTR_ppbv,  ppbv, Gas_Toluene_InSitu_S_AVMR, (C7H8) toluene with possible small contributions of fragments from ethyltoluene
Styrene_NOAAPTR_ppbv,  ppbv, Gas_Styrene_InSitu_S_AVMR, (C8H8) styrene
Benzaldehyde_NOAAPTR_ppbv,  ppbv, Gas_Benzaldehyde_InSitu_S_AVMR, (C7H6O) benzaldehyde
C8Aromatics_NOAAPTR_ppbv,  ppbv, Gas_C8Aromatics_InSitu_M_AVMR, (C8H10) sum of m-xylene, p-xylene, o-xylene, and ethyl benzene
C9Aromatics_NOAAPTR_ppbv,  ppbv, Gas_C9Aromatics_InSitu_M_AVMR, (C9H12) sum of C9 aromatics
Naphthalene_NOAAPTR_ppbv,  ppbv, Gas_Naphthalene_InSitu_S_AVMR, (C10H8) naphthalene
Octanal_NOAAPTR_ppbv,  ppbv, Gas_Octanal_InSitu_S_AVMR, (C8H16O) octanal and small amounts of octanone
Monoterpenes_NOAAPTR_ppbv,  ppbv, Gas_Monoterpenes_InSitu_M_AVMR, (C10H16) sum of monoterpenes and possible contributions from fragments of oxygenated monoterpenoids such as eucalyptol.
Nonanal_NOAAPTR_ppbv,  ppbv, Gas_Nonanal_InSitu_M_AVMR, (C9H18O) nonanal and small amounts of nonanone
C7H4ClF3_NOAAPTR_ppbv,  ppbv, Gas_C7H4ClF3_InSitu_S_AVMR, (C7H4ClF3) parachlorobenzotrifluoride
C10H30O5Si5_NOAAPTR_ppbv,  ppbv, Gas_C10H30O5Si5_InSitu_S_AVMR, (C10H30O5Si5) decamethylcyclopentasiloxane
1
SPECIAL COMMENTS:N/A
21
PI_CONTACT_INFO: NOAA ESRL Chemical Sciences Division, Tropospheric Chemistry Group. 325 Broadway, R/CSD7, Boulder, CO 80305
PLATFORM: Mobile Laboratory.
LOCATION: Salt Lake City, UT
ASSOCIATED_DATA: N/A
INSTRUMENT_INFO: NOAA PTR-ToF-MS measurements on NOAA CSL Mobile Lab
DATA_INFO: Units: ppbv
UNCERTAINTY: See OTHER_COMMENTS
ULOD_FLAG: -7777
ULOD_VALUE: N/A
LLOD_FLAG: -8888
LLOD_VALUE: N/A.
DM_CONTACT_INFO: Data Managers: Matt Coggon, Kelvin Bates, Chelsea Stockwell; email: matthew.m.coggon@noaa.gov and kelvin.bates@colorado.edu
PROJECT_INFO: USOS Deployment July-August, 2024
STIPULATIONS_ON_USE: Use of these data require prior OK from PI.
OTHER_COMMENTS: Uncertainties:
CH3OH_NOAAPTR_ppbv:30%; CH3CN_NOAAPTR_ppbv:30%; CH3CHO_NOAAPTR_ppbv:30%; C2H5OH_NOAAPTR_ppbv:30%; CH3SH_NOAAPTR_ppbv:50%; Acrolein_NOAAPTR_ppbv:30%; AcetonePropanal_NOAAPTR_ppbv:30%; DMS_NOAAPTR_ppbv:30%; C5H8_NOAAPTR_ppbv:30%; MVKMAC_NOAAPTR_ppbv:30%; 
Benzene_NOAAPTR_ppbv:30%; Toluene_NOAAPTR_ppbv:30%; Styrene_NOAAPTR_ppbv:30%; Benzaldehyde_NOAAPTR_ppbv:30%; C8Aromatics_NOAAPTR_ppbv:30%; C9Aromatics_NOAAPTR_ppbv:30%; Naphthalene_NOAAPTR_ppbv:30%; Octanal_NOAAPTR_ppbv:30%; Monoterpenes_NOAAPTR_ppbv:30%; Nonanal_NOAAPTR_ppbv:30%; 
C7H4ClF3_NOAAPTR_ppbv:30%; C10H30O5Si5_NOAAPTR_ppbv:30%; 
REVISION: R0
R0: Calibrated PTR Data. See individual species comments for details about measurement uncertainties
Time_Start, CH3OH_NOAAPTR_ppbv, CH3CN_NOAAPTR_ppbv, CH3CHO_NOAAPTR_ppbv, C2H5OH_NOAAPTR_ppbv, CH3SH_NOAAPTR_ppbv, Acrolein_NOAAPTR_ppbv, AcetonePropanal_NOAAPTR_ppbv, DMS_NOAAPTR_ppbv, C5H8_NOAAPTR_ppbv, MVKMAC_NOAAPTR_ppbv, Benzene_NOAAPTR_ppbv, Toluene_NOAAPTR_ppbv, Styrene_NOAAPTR_ppbv, Benzaldehyde_NOAAPTR_ppbv, C8Aromatics_NOAAPTR_ppbv, C9Aromatics_NOAAPTR_ppbv, Naphthalene_NOAAPTR_ppbv, Octanal_NOAAPTR_ppbv, Monoterpenes_NOAAPTR_ppbv, Nonanal_NOAAPTR_ppbv, C7H4ClF3_NOAAPTR_ppbv, C10H30O5Si5_NOAAPTR_ppbv
[from data line 884]
53040.0, 7.96960, 0.27664, 0.82584, 1.09330, 0.00232, 0.14516, 3.72400, 0.00251, 0.61825, 0.20309, 0.02787, 0.08910, 0.00821, -0.01453, 0.04871, 0.02220, -0.00029, 0.00471, 0.18480, 0.02316, 0.00095, -0.00021 
53100.0, 7.25736, 0.26954, 0.78602, 0.97616, 0.00102, 0.11235, 3.74112, 0.00661, 0.69823, 0.22070, 0.02827, 0.08826, 0.00072, -0.02249, 0.04552, 0.01607, -0.00580, 0.01030, 0.16672, 0.02135, 0.00223, 0.00006 
53160.0, 7.71969, 0.29371, 0.87184, 0.96762, 0.00060, 0.13616, 3.74561, -0.00011, 0.64632, 0.21641, 0.07427, 0.10968, 0.00446, -0.04135, 0.05268, 0.02438, -0.00378, 0.01785, 0.15531, 0.02772, 0.00300, 0.00200 
53220.0, 8.78335, 0.26485, 0.83328, 1.15961, 0.00116, 0.11605, 3.83197, 0.00800, 0.68597, 0.20830, 0.10724, 0.11712, 0.01020, -0.02033, 0.04827, 0.01477, -0.00993, 0.00311, 0.16910, 0.02656, 0.00397, 0.00237 
53280.0, 6.90159, 0.28086, 0.68544, 1.14089, -0.00047, 0.12429, 3.77191, -0.00011, 0.65758, 0.21893, 0.02504, 0.09036, 0.00293, -0.00330, 0.03826, 0.01876, -0.00672, 0.01759, 0.16931, 0.01582, -0.00112, -0.00085 
53340.0, 9.29906, 0.25210, 0.76238, 1.16616, -0.00090, 0.11107, 3.80007, -0.00011, 0.66919, 0.21088, 0.01241, 0.09090, -0.00679, -0.01149, 0.05270, 0.02307, -0.00994, 0.00285, 0.16581, 0.02305, 0.00122, 0.00227 
53400.0, 8.78755, 0.25462, 0.83328, 0.95554, 0.00139, 0.12011, 3.75971, 0.00367, 0.71507, 0.22388, 0.05740, 0.08665, -0.00679, -0.03310, 0.04685, 0.02193, -0.00994, 0.01188, 0.18112, 0.02428, 0.00147, 0.00164 
53460.0, 8.26848, 0.27470, 0.79839, 1.44718, -0.00057, 0.14435, 3.77520, -0.00011, 0.74976, 0.23268, 0.03160, 0.08765, 0.00314, -0.04190, 0.03612, 0.02185, -0.00994, 0.01001, 0.17600, 0.01513, -0.00078, 0.00142 
53520.0, 8.25575, 0.26842, 0.80973, 1.38014, -0.00071, 0.13174, 3.92951, -0.00011, 0.78814, 0.23525, 0.03826, 0.09713, -0.00680, -0.02973, 0.03831, 0.01926, -0.00664, 0.01349, 0.20556, 0.02822, 0.00962, 0.00310 
53580.0, 7.98075, 0.27134, 0.78070, 1.02649, 0.00351, 0.12183, 3.87323, -0.00011, 0.76447, 0.23411, 0.03823, 0.10972, -0.00680, -0.02706, 0.05230, 0.02344, 0.00036, 0.00715, 0.18645, 0.01983, 0.00241, 0.00414 
53640.0, 7.45818, 0.28991, 0.75743, 1.61042, 0.00368, 0.16324, 3.82968, 0.00404, 0.70134, 0.23756, 0.01694, 0.15875, -0.00681, -0.03854, 0.10490, 0.04086, -0.00994, 0.01253, 0.13683, 0.01978, 0.00391, 0.00216 
53700.0, 7.46968, 0.26549, 0.77053, 1.24609, -0.00090, 0.10122, 3.74474, 0.00544, 0.70625, 0.24651, 0.03780, 0.14859, 0.01875, -0.03462, 0.08158, 0.04262, -0.00994, 0.00755, 0.16962, 0.00620, 0.00675, 0.00174 
53760.0, 7.71560, 0.28241, 0.78621, 1.14919, 0.00348, 0.13439, 3.78413, -0.00011, 0.72203, 0.24572, 0.08302, 0.16043, 0.01055, -0.02635, 0.09965, 0.05706, -0.00947, 0.00694, 0.20107, 0.01860, 0.00277, 0.00601 
53820.0, 8.09247, 0.27524, 0.75876, 1.06489, 0.00047, 0.12820, 3.74331, -0.00011, 0.72314, 0.23261, 0.01877, 0.08963, 0.01271, -0.03165, 0.05872, 0.02595, -0.00995, 0.01749, 0.19387, 0.02003, 0.00476, 0.00392 
53880.0, 7.42555, 0.27607, 0.78762, 1.51234, 0.00054, 0.12573, 3.79763, 0.00450, 0.74676, 0.22447, 0.04425, 0.10830, 0.00973, -0.02611, 0.05743, 0.02339, 0.00002, 0.01669, 0.17075, 0.02128, 0.00605, 0.00217 
53940.0, 7.37700, 0.25454, 0.81012, 1.19232, 0.00107, 0.13643, 3.71993, 0.00393, 0.71691, 0.25785, 0.05337, 0.10226, 0.00145, -0.01831, 0.06290, 0.03191, -0.00995, 0.00812, 0.18187, 0.00765, 0.00299, 0.00251 
54000.0, 7.56287, 0.27332, 0.71399, 0.94305, 0.00333, 0.13201, 3.77030, 0.00454, 0.71253, 0.24344, 0.02854, 0.10679, -0.00683, -0.02219, 0.04482, 0.02068, -0.00053, 0.01388, 0.17915, 0.01609, 0.00322, 0.00044 
54060.0, 7.48150, 0.26539, 0.76988, 1.28801, 0.00249, 0.13559, 3.78393, -0.00011, 0.68503, 0.21900, 0.04955, 0.09038, 0.00213, -0.00662, 0.04302, 0.01720, 0.00029, 0.02155, 0.20925, 0.01147, 0.00512, 0.00196 
54120.0, 6.96268, 0.25506, 0.68513, 0.88803, 0.00081, 0.14453, 3.78550, -0.00011, 0.64372, 0.22991, 0.02120, 0.08905, 0.00798, -0.03086, 0.03743, 0.01418, -0.00390, 0.01178, 0.15489, 0.00749, 0.00360, 0.00117 
54180.0, 6.61986, 0.25517, 0.75710, 1.04279, 0.00353, 0.10709, 3.77542, 0.00282, 0.66836, 0.23421, 0.06309, 0.09115, -0.00684, 0.00718, 0.04655, 0.02208, -0.00687, 0.00416, 0.17093, 0.01849, -0.00013, 0.00217 
54240.0, 7.90213, 0.26450, 0.87114, 1.30677, 0.00099, 0.14637, 3.82209, -0.00012, 0.71591, 0.23854, 0.05782, 0.11892, 0.00888, -0.02309, 0.06566, 0.01581, -0.00208, 0.01402, 0.18867, 0.01678, 0.00503, 0.00160 
54300.0, 7.35467, 0.26433, 0.85788, 1.56484, -0.00017, 0.14596, 3.71391, -0.00012, 0.68107, 0.24193, 0.05415, 0.08700, 0.00065, -0.03230, 0.04610, 0.01952, 0.00113, 0.01880, 0.19683, 0.00748, 0.00208, 0.00038 
54360.0, 7.10447, 0.28659, 0.94900, 1.10349, 0.00232, 0.15432, 3.82647, -0.00012, 0.66619, 0.25344, 0.03505, 0.10348, 0.00203, -0.01630, 0.04582, 0.01476, -0.00451, 0.01827, 0.15125, 0.02269, -0.00106, 0.00170 
54420.0, 7.36615, 0.24885, 0.84905, 1.12038, 0.00276, 0.13646, 3.74985, -0.00012, 0.72393, 0.26472, 0.02623, 0.10894, 0.00833, -0.02474, 0.05408, 0.03473, -0.00380, 0.01349, 0.19489, 0.01255, 0.00110, 0.00072 
54480.0, 8.29920, 0.27493, 0.75975, 1.35870, -0.00011, 0.13237, 3.80418, 0.00186, 0.75401, 0.25175, 0.06899, 0.09721, -0.00686, -0.03172, 0.05077, 0.02304, -0.00996, 0.01351, 0.20471, 0.02299, -0.00112, 0.00240 
54540.0, 7.23287, 0.28328, 0.78472, 1.19381, 0.00487, 0.12370, 3.78859, 0.00533, 0.60416, 0.23236, 0.05396, 0.08462, 0.00556, -0.01227, 0.05248, 0.02047, -0.00597, 0.01287, 0.17147, 0.02731, -0.00112, 0.00379 
54600.0, 7.96170, 0.26638, 0.76290, 1.21724, -0.00023, 0.11001, 3.70770, -0.00012, 0.57094, 0.24705, 0.01588, 0.07639, 0.01002, -0.02974, 0.03506, 0.02071, -0.00996, 0.00480, 0.16352, 0.01759, 0.00209, 0.00118 
54660.0, 8.43661, 0.25922, 0.88935, 1.18518, 0.00452, 0.12872, 3.77270, 0.00637, 0.72572, 0.26071, 0.07195, 0.10275, 0.01102, -0.00623, 0.06004, 0.02888, -0.00375, 0.01689, 0.18068, 0.02255, 0.00191, -0.00053 
54720.0, 6.86564, 0.25070, 0.76966, 1.14935, -0.00073, 0.12608, 3.80281, -0.00012, 0.69733, 0.25669, 0.06112, 0.06975, -0.00413, -0.01550, 0.04600, 0.01895, -0.00218, 0.00995, 0.19048, 0.02194, -0.00038, 0.00547 
54780.0, 6.84944, 0.27831, 0.72636, 1.09898, 0.00254, 0.10789, 3.79382, -0.00012, 0.65005, 0.24283, 0.03801, 0.07108, 0.00163, -0.01313, 0.03704, 0.01537, -0.00997, 0.01260, 0.17293, 0.02874, 0.00112, 0.00208 
54840.0, 7.55532, 0.27131, 0.89204, 0.95193, 0.00315, 0.15169, 3.87680, -0.00012, 0.65510, 0.26373, 0.12527, 0.18441, -0.00688, -0.02543, 0.11661, 0.04802, -0.00516, 0.01333, 0.19189, 0.02230, 0.00795, 0.00100 
54900.0, 6.53637, 0.26432, 0.72466, 1.18755, 0.00166, 0.13341, 3.81272, 0.00226, 0.70532, 0.24107, 0.05380, 0.12194, -0.00198, -0.01134, 0.03784, 0.01529, -0.00343, 0.00359, 0.17957, 0.01166, 0.00536, 0.00171 
54960.0, 7.16913, 0.25714, 0.78796, 1.09438, -0.00044, 0.13359, 3.85380, -0.00012, 0.72916, 0.26469, 0.04464, 0.13264, 0.00080, -0.00643, 0.04930, 0.02529, -0.00997, 0.02003, 0.20091, 0.01435, 0.00112, 0.00342 
55020.0, 7.61588, 0.25850, 0.93328, 1.07434, 0.00886, 0.17242, 3.88802, -0.00012, 0.73450, 0.29300, 0.08139, 0.09958, 0.00851, -0.00183, 0.03998, 0.02593, -0.00997, 0.01160, 0.23095, 0.03475, 0.00087, 0.00225 
55080.0, 7.78762, 0.25875, 0.83038, 1.27783, 0.00154, 0.13498, 3.88661, -0.00012, 0.78503, 0.25931, 0.04794, 0.11068, 0.00232, -0.02783, 0.04522, 0.02147, 0.00370, 0.01403, 0.21347, 0.01611, 0.00241, 0.00063 
55140.0, 7.74544, 0.26724, 0.87201, 1.14240, 0.00235, 0.16611, 3.89330, -0.00012, 0.81409, 0.30710, 0.05019, 0.09456, 0.00119, -0.00409, 0.04795, 0.01649, -0.00997, 0.01781, 0.17473, 0.02182, 0.00303, 0.00123 
55200.0, 8.28240, 0.27442, 0.77935, 0.96082, 0.00253, 0.15626, 3.90782, 0.00930, 0.66968, 0.30028, 0.05056, 0.09833, -0.00453, -0.02401, 0.04993, 0.02493, -0.00268, 0.02390, 0.19445, 0.01069, -0.00112, 0.00311 
55260.0, 8.18631, 0.26092, 1.02872, 1.51806, 0.00412, 0.20240, 3.96266, 0.01147, 0.84494, 0.34897, 0.09099, 0.16052, 0.02915, -0.01812, 0.15578, 0.08801, -0.00998, 0.01031, 0.17364, 0.01696, 0.00168, 0.00443 
55320.0, 9.40199, 0.27364, 0.96677, 1.33096, 0.00105, 0.14472, 4.02342, 0.00605, 0.92386, 0.35705, 0.05392, 0.11282, 0.01200, -0.00760, 0.06125, 0.02881, -0.00502, 0.00282, 0.17067, 0.02225, 0.00476, 0.00621 
55380.0, 7.77520, 0.27178, 0.78586, 0.89314, 0.00109, 0.14472, 3.82417, 0.00428, 0.71586, 0.31496, 0.03652, 0.08725, 0.00772, 0.00353, 0.03345, 0.02107, -0.00085, 0.00258, 0.18565, 0.02753, 0.00183, -0.00038 
55440.0, 7.94642, 0.28025, 0.83413, 1.07356, 0.00378, 0.14451, 3.87142, -0.00012, 0.80287, 0.30991, 0.06488, 0.09853, 0.00582, -0.01929, 0.04648, 0.02746, 0.00074, 0.02017, 0.16707, 0.02743, 0.00280, 0.00506 
55500.0, 8.98700, 0.28468, 0.87940, 1.39563, 0.00305, 0.15487, 3.83557, -0.00012, 0.76082, 0.29990, 0.06178, 0.10751, 0.01439, 0.00670, 0.05282, 0.02831, 0.00153, 0.02749, 0.18220, 0.02183, 0.00184, 0.00105 
55560.0, 6.28275, 0.23624, -9999.00000, 1.29906, -0.00094, 0.14149, 3.69481, -0.00012, -9999.00000, 0.29235, 0.04620, 0.07888, 0.00386, -0.00946, 0.04435, 0.02554, -0.00016, 0.01130, 0.17277, 0.03163, 0.00389, 0.00181 
55620.0, -9999.00000, -9999.00000, -9999.00000, -9999.00000, -9999.00000, -9999.00000, -9999.00000, -9999.00000, -9999.00000, -9999.00000, -9999.00000, -9999.00000, -9999.00000, -9999.00000, -9999.00000, -9999.00000, -9999.00000, -9999.00000, -9999.00000, -9999.00000, -9999.00000, -9999.00000 
55680.0, -9999.00000, -9999.00000, -9999.00000, -9999.00000, -9999.00000, -9999.00000, -9999.00000, -9999.00000, -9999.00000, -9999.00000, -9999.00000, -9999.00000, -9999.00000, -9999.00000, -9999.00000, -9999.00000, -9999.00000, -9999.00000, -9999.00000, -9999.00000, -9999.00000, -9999.00000 
55740.0, -9999.00000, -9999.00000, -9999.00000, -9999.00000, -9999.00000, -9999.00000, -9999.00000, -9999.00000, -9999.00000, -9999.00000, -9999.00000, -9999.00000, -9999.00000, -9999.00000, -9999.00000, -9999.00000, -9999.00000, -9999.00000, -9999.00000, -9999.00000, -9999.00000, -9999.00000 
55800.0, -9999.00000, -9999.00000, -9999.00000, -9999.00000, -9999.00000, -9999.00000, -9999.00000, -9999.00000, -9999.00000, -9999.00000, -9999.00000, -9999.00000, -9999.00000, -9999.00000, -9999.00000, -9999.00000, -9999.00000, -9999.00000, -9999.00000, -9999.00000, -9999.00000, -9999.00000 
55860.0, -9999.00000, -9999.00000, -9999.00000, -9999.00000, -9999.00000, -9999.00000, -9999.00000, -9999.00000, -9999.00000, -9999.00000, -9999.00000, -9999.00000, -9999.00000, -9999.00000, -9999.00000, -9999.00000, -9999.00000, -9999.00000, -9999.00000, -9999.00000, -9999.00000, -9999.00000 
55920.0, -9999.00000, -9999.00000, -9999.00000, -9999.00000, -9999.00000, -9999.00000, -9999.00000, -9999.00000, -9999.00000, -9999.00000, -9999.00000, -9999.00000, -9999.00000, -9999.00000, -9999.00000, -9999.00000, -9999.00000, -9999.00000, -9999.00000, -9999.00000, -9999.00000, -9999.00000 
55980.0, -9999.00000, -9999.00000, -9999.00000, -9999.00000, -9999.00000, -9999.00000, -9999.00000, -9999.00000, -9999.00000, -9999.00000, -9999.00000, -9999.00000, -9999.00000, -9999.00000, -9999.00000, -9999.00000, -9999.00000, -9999.00000, -9999.00000, -9999.00000, -9999.00000, -9999.00000 
56040.0, -9999.00000, -9999.00000, -9999.00000, -9999.00000, -9999.00000, -9999.00000, -9999.00000, -9999.00000, -9999.00000, -9999.00000, -9999.00000, -9999.00000, -9999.00000, -9999.00000, -9999.00000, -9999.00000, -9999.00000, -9999.00000, -9999.00000, -9999.00000, -9999.00000, -9999.00000 
56100.0, -9999.00000, -9999.00000, -9999.00000, -9999.00000, -9999.00000, -9999.00000, -9999.00000, -9999.00000, -9999.00000, -9999.00000, -9999.00000, -9999.00000, -9999.00000, -9999.00000, -9999.00000, -9999.00000, -9999.00000, -9999.00000, -9999.00000, -9999.00000, -9999.00000, -9999.00000 
56160.0, -9999.00000, -9999.00000, -9999.00000, -9999.00000, -9999.00000, -9999.00000, -9999.00000, -9999.00000, -9999.00000, -9999.00000, -9999.00000, -9999.00000, -9999.00000, -9999.00000, -9999.00000, -9999.00000, -9999.00000, -9999.00000, -9999.00000, -9999.00000, -9999.00000, -9999.00000 
56220.0, 7.84896, 0.27236, -9999.00000, 1.31492, 0.00126, 0.14900, 3.95672, -0.00015, -9999.00000, 0.37011, 0.02824, 0.09814, 0.01451, -0.02521, 0.05672, 0.03398, -0.00599, 0.01213, 0.22821, 0.02348, -0.00071, 0.00211 
56280.0, 7.39799, 0.29977, 0.79799, 1.03976, 0.00176, 0.14009, 3.90623, -0.00016, 0.82748, 0.37293, 0.02031, 0.07398, -0.00595, -0.01999, 0.03698, 0.02187, 0.00042, 0.02372, 0.21398, 0.01210, 0.00030, 0.00308 
56340.0, 7.54950, 0.27840, 0.84550, 1.01702, 0.00135, 0.15915, 3.93816, 0.01111, 0.89358, 0.35976, 0.06742, 0.08856, 0.00986, -0.02219, 0.04551, 0.02286, -0.00418, 0.01421, 0.19358, 0.04013, 0.00110, -0.00041 
56400.0, 9.28182, 0.26786, 0.78545, 0.79930, -0.00095, 0.15861, 3.81968, -0.00017, 0.86053, 0.35409, 0.02397, 0.08666, 0.00843, 0.00689, 0.03934, 0.02700, -0.01081, 0.00880, 0.18842, 0.02688, -0.00056, 0.00138 
56460.0, 7.28276, 0.25553, 0.80295, 0.96383, 0.00580, 0.15446, 3.83591, 0.00000, 0.85784, 0.34735, 0.03772, 0.08060, 0.00393, -0.00987, 0.05020, 0.01791, 0.00179, 0.00696, 0.17722, 0.01211, 0.00076, 0.00141 
56520.0, 7.72093, 0.28326, 0.89160, 1.31581, 0.00478, 0.16661, 3.94184, -0.00017, 0.88994, 0.38634, 0.10571, 0.09420, 0.00745, -0.00799, 0.04988, 0.02165, -0.01097, 0.02128, 0.20395, 0.02621, 0.00574, 0.00096 
56580.0, 8.01927, 0.27624, 0.86582, 1.26989, 0.00173, 0.13300, 3.84367, -0.00018, 0.85578, 0.36941, 0.05404, 0.06876, -0.00717, -0.00871, 0.06053, 0.02912, -0.01105, 0.01427, 0.19922, 0.02757, 0.00319, 0.00073 
56640.0, 6.54327, 0.27099, 0.79136, 1.18199, 0.00329, 0.15934, 3.94445, 0.00568, 0.90590, 0.38050, 0.04519, 0.11571, 0.00626, -0.03580, 0.05476, 0.02213, -0.00929, 0.01434, 0.19444, 0.02736, 0.00146, 0.00430 
56700.0, 7.26372, 0.28902, 0.82850, 1.16035, 0.00158, 0.17560, 3.87427, -0.00019, 0.86981, 0.38591, -0.02135, 0.04700, 0.01034, -0.04272, 0.03340, 0.02183, -0.01120, 0.00449, 0.17654, 0.01237, 0.00411, 0.00158 
56760.0, 6.84514, 0.26932, 0.81426, 1.12280, 0.00289, 0.15428, 3.89730, -0.00019, 0.91973, 0.38714, 0.05413, 0.08364, -0.00032, -0.04275, 0.05511, 0.02208, -0.01128, 0.00934, 0.20178, 0.01634, 0.00070, 0.37365 
56820.0, 7.56865, 0.27969, 0.86951, 1.33771, 0.00096, 0.17633, 3.85085, -0.00019, 0.91744, 0.38726, 0.02459, 0.08028, -0.00724, -0.03891, 0.03610, 0.01844, -0.01135, 0.00306, 0.20576, 0.02285, 0.00251, 0.00116 
56880.0, 7.78180, 0.25884, 0.80843, 1.37002, 0.00057, 0.16504, 3.96591, -0.00020, 0.97901, 0.40468, -0.00180, 0.08158, 0.01075, -0.03185, 0.04456, 0.02534, -0.00883, 0.01848, 0.19432, 0.02955, -0.00006, 0.01183 
56940.0, 7.67657, 0.26457, 0.78701, 1.14460, 0.00190, 0.14903, 3.87202, 0.00071, 0.85834, 0.41016, 0.00179, 0.07508, -0.00475, -0.04282, 0.04072, 0.02225, -0.00813, 0.00643, 0.18543, 0.02502, 0.00271, 0.00557 
57000.0, 6.93673, 0.25717, 0.70002, 1.06002, 0.00211, 0.16085, 3.85234, -0.00021, 0.87004, 0.38917, -0.00117, 0.08172, -0.00729, -0.03364, 0.03413, 0.01414, -0.01158, 0.01297, 0.18957, 0.03277, 0.00575, 0.01178 
57060.0, 7.16913, 0.28563, 0.78156, 1.21309, 0.00341, 0.14385, 3.89653, -0.00021, 0.81178, 0.39670, 0.01705, 0.09874, 0.00123, -0.04287, 0.05026, 0.01568, -0.00894, 0.00909, 0.20158, 0.02337, 0.00190, -0.00062 
57120.0, 8.02460, 0.26750, 0.76103, 0.98130, 0.00071, 0.14393, 3.89366, -0.00021, 0.80111, 0.40769, 0.00996, 0.07824, -0.00152, -0.03775, 0.03834, 0.01461, -0.01118, 0.00920, 0.17542, 0.00541, 0.00529, 0.00948 
57180.0, 7.24519, 0.27460, 0.76603, 0.91286, 0.00078, 0.15999, 3.91200, -0.00022, 0.77070, 0.39462, 0.03382, 0.06389, -0.00734, -0.03773, 0.05347, 0.03325, -0.00965, 0.02815, 0.18098, 0.01842, 0.00388, -0.00056 
57240.0, 7.42617, 0.26921, 0.70236, 0.96457, -0.00048, 0.13362, 3.93920, -0.00022, 0.82640, 0.40036, 0.05464, 0.05929, -0.00736, -0.03530, 0.03745, 0.01750, 0.00681, 0.01851, 0.18263, 0.03831, -0.00020, 0.00066 
