CampaignData_and_Merges/R0/CSL_MobileLab_Parked/raw/20240722/USOS-Picarro-CO2-CH4-CO-H2O_MobileLabGround_20240722_R0.ict
38, 1001
Ilana Pollack, Nell Schafer, and Jeff Peischl
NOAA Chemical Sciences Laboratory
Picarro 2401-m CO2/CH4/CO/H2O Analyzer
USOS
1, 1
2024, 07, 22, 2024, 11, 20
0
StartTime_UTC, seconds_past_midnight, seconds past midnight
5
1, 1, 1, 1, 1
-9999, -9999, -9999, -9999, -9999
StopTime_UTC, seconds_past_midnight, seconds past midnight
CO2_ppm_1min, ppm, Gas_CO2_InSitu_S_DMF, carbon dioxide mixing ratio
CH4_ppb_1min, ppb, Gas_CH4_InSitu_S_DMF, methane mixing ratio
CO_ppb_1min, ppb, Gas_CO_InSitu_S_DMF, carbon monoxide mixing ratio
H2O_ppmv_1min, ppmv, Met_H2OMRV_InSitu_S_AVMR, water vapor mixing ratio
1
SPECIAL COMMENTS: N/A
18
PI_CONTACT_INFO: Address: NOAA Chemical Sciences Laboratory, Mail Stop CSL7, 325 Broadway, Boulder, CO 80305; Email: Ilana.Pollack@noaa.gov
PLATFORM: NOAA CSL Mobile Laboratory
LOCATION: The mobile lab was stationed in Salt Lake City, Utah.
ASSOCIATED_DATA: N/A
INSTRUMENT_INFO: CO2, CH4, and CO are reported as dry air mole fractions using a commercial wavelength-scanned cavity ring-down analyzer (Picarro 2401-m). An in-field calibration gas standard of 432±0.07 ppm CO2, 2095±1 ppb CH4, and 183±1 ppb CO, calibrated in the Boulder laboratories before and after the field project using primary CO2, CH4, and CO standard tanks tied to the WMO standard (X2019, X2004A, and X2014A, respectively) from the Global Monitoring Laboratory (GML), was delivered to the inlet every 2-3 days to evaluate instrument sensitivity. A H2O measurement was calibrated before the project with a Dew Point Mirror 373 hygrometer. The water correction calculated from these calibrations was applied to the H2O measurement for the entire campaign. Species are measured at 0.5 Hz and reported as 1-minute averages for stationary measurements.
DATA_INFO: Units: CO2, ppm, dry air mole fraction; CH4, ppb, dry air mole fraction; CO, ppb, dry air mole fraction; H2O, ppmv
UNCERTAINTY: Total uncertainties are estimated as ±0.1 ppm for CO2, ±1 ppb for CH4, ±5 ppb for CO, and ±(50 ppm + 4%) for H2O.
ULOD_FLAG: -7777
ULOD_VALUE: N/A
LLOD_FLAG: -8888
LLOD_VALUE: N/A
DM_CONTACT_INFO: Data Manager: Nathan Howard; nathan.h.howard@noaa.gov
PROJECT_INFO: USOS Dates of Study: July – August 2024
STIPULATIONS_ON_USE: Use of these data require prior ok from PI.
OTHER_COMMENTS: Data are averaged to 1 minute intervals. Stationary data collected from a 10 ft tower on top of the mobile van.
REVISION: R0
R0: Final Data
StartTime_UTC, StopTime_UTC, CO2_ppm_1min, CH4_ppb_1min, CO_ppb_1min, H2O_ppmv_1min
[from data line 383]
22980,23040,431.52,1974.7,170.4,9618.9717
23040,23100,431.84,1975.2,174.6,9662.9717
23100,23160,433.04,1975.9,174.2,9783.5771
23160,23220,434.96,1976.0,178.5,9934.2061
23220,23280,433.84,1974.0,175.1,9808.8926
23280,23340,432.88,1974.8,175.9,9763.5088
23340,23400,435.00,1976.2,181.0,9866.5654
23400,23460,435.88,1978.1,183.3,10007.1191
23460,23520,435.07,1979.8,179.3,9954.5049
23520,23580,432.96,1978.4,179.9,9696.5146
23580,23640,434.83,1981.6,183.5,9904.2275
23640,23700,432.37,1975.7,173.9,9693.2061
23700,23760,434.25,1977.1,175.6,9971.8789
23760,23820,433.03,1977.7,176.1,9759.0547
23820,23880,433.14,1980.1,182.7,9681.9150
23880,23940,434.45,1982.9,193.5,9733.9619
23940,24000,435.33,1985.0,195.6,9824.4307
24000,24060,434.70,1984.6,190.1,9724.1426
24060,24120,435.59,1992.4,196.3,9745.9658
24120,24180,435.47,1994.5,194.5,9793.0059
24180,24240,436.81,1999.2,199.2,9911.0420
24240,24300,438.35,2003.8,200.3,10165.9336
24300,24360,439.22,2005.9,203.6,10128.8916
24360,24420,438.97,2016.5,206.0,9989.1094
24420,24480,439.72,2013.9,205.6,10107.9785
24480,24540,439.98,2016.8,208.5,10076.3242
24540,24600,440.85,2018.2,213.0,10069.3398
24600,24660,441.81,2015.6,208.1,10172.8525
24660,24720,440.87,2012.4,209.5,10097.8330
24720,24780,439.66,2004.1,210.7,9939.2344
24780,24840,439.89,2004.6,210.2,9974.9795
24840,24900,439.68,2002.2,206.0,10049.8174
24900,24960,439.18,1999.6,202.5,10037.0918
24960,25020,437.94,1994.8,202.5,9964.5752
25020,25080,438.72,1996.5,204.8,10027.6230
25080,25140,438.76,1996.0,201.3,10036.3760
25140,25200,436.41,1989.3,188.1,9843.7764
25200,25260,435.05,1986.0,185.0,9741.3115
25260,25320,436.07,1988.2,192.1,9825.1299
25320,25380,438.23,1992.2,194.9,10010.4834
25380,25440,439.59,2003.8,195.6,10128.2568
25440,25500,442.21,2018.2,195.0,10529.0918
25500,25560,442.30,1999.0,264.5,10492.6172
25560,25620,440.57,1995.4,196.2,10196.3262
25620,25680,437.29,1987.4,177.7,9960.0410
25680,25740,433.13,1979.2,165.0,9592.0342
25740,25800,431.30,1974.7,161.1,9439.8760
25800,25860,434.02,1978.2,167.3,9677.4824
25860,25920,437.31,1985.6,182.2,9809.4180
25920,25980,438.95,1988.0,183.5,9922.8867
25980,26040,438.99,1987.2,179.0,9929.1689
26040,26100,430.50,1971.0,153.3,9401.2764
26100,26160,427.82,1966.3,150.1,9168.4414
26160,26220,435.76,1982.1,315.4,9688.0811
26220,26280,436.15,1978.8,310.2,9686.8760
26280,26340,430.52,1969.9,192.2,9321.4668
26340,26400,428.39,1966.1,151.9,9178.9248
26400,26460,429.63,1967.0,157.7,9266.1543
26460,26520,432.41,1969.7,166.6,9401.3916
26520,26580,431.33,1972.1,163.6,9412.2803
26580,26640,428.99,1968.1,153.7,9231.7422
26640,26700,427.86,1967.8,152.8,9133.3877
26700,26760,428.04,1965.8,151.7,9058.5801
26760,26820,429.63,1969.9,152.1,9337.7871
26820,26880,432.25,1970.4,153.8,9888.3721
26880,26940,431.71,1971.8,154.8,9454.3076
26940,27000,432.08,1973.6,155.2,9510.4951
27000,27060,430.90,1967.9,151.3,9399.2490
27060,27120,428.71,1966.2,148.5,9275.5059
27120,27180,430.61,1968.4,151.7,9472.1377
27180,27240,431.96,1971.5,153.3,9543.9023
27240,27300,432.03,1971.0,153.5,9525.5742
27300,27360,431.30,1969.2,151.0,9496.3320
27360,27420,430.73,1969.0,149.9,9437.0898
27420,27480,431.19,1968.5,150.4,9460.4775
27480,27540,430.52,1968.3,149.2,9452.9717
27540,27600,431.08,1968.8,150.2,9477.9482
27600,27660,430.95,1968.8,150.2,9465.7666
27660,27720,431.00,1968.8,149.6,9465.0234
27720,27780,430.66,1968.1,149.4,9436.7891
27780,27840,430.80,1968.1,149.7,9446.7568
27840,27900,431.09,1968.2,149.3,9465.9277
27900,27960,431.57,1968.9,150.5,9526.0713
27960,28020,431.96,1970.0,149.9,9580.3135
28020,28080,430.55,1968.8,148.4,9448.1836
28080,28140,430.34,1968.1,147.1,9413.9053
28140,28200,429.98,1967.9,146.5,9413.5264
28200,28260,430.90,1969.0,148.0,9526.2734
28260,28320,429.48,1966.4,146.3,9413.0879
28320,28380,432.62,1968.4,158.1,9581.1494
28380,28440,430.16,1966.8,150.1,9443.7852
28440,28500,430.64,1967.9,149.5,9497.5039
28500,28560,429.24,1966.6,147.7,9417.0977
28560,28620,429.26,1966.5,146.8,9420.3408
28620,28680,429.76,1966.8,146.7,9475.7480
28680,28740,430.15,1967.2,148.9,9501.0654
28740,28800,429.93,1966.8,149.4,9478.2334
28800,28860,431.04,1967.1,147.6,9582.9873
28860,28920,430.43,1967.6,147.2,9557.0156
28920,28980,430.53,1968.0,146.8,9551.4219
28980,29040,430.73,1967.8,148.4,9590.3369
29040,29100,430.30,1967.0,148.2,9562.2031
29100,29160,431.29,1967.2,147.8,9633.4883
29160,29220,430.22,1967.7,147.0,9568.7012
29220,29280,430.22,1967.9,148.5,9571.7344
29280,29340,430.22,1967.1,147.8,9517.9395
29340,29400,428.68,1966.0,146.5,9384.2861
29400,29460,427.54,1964.9,146.4,9221.9795
29460,29520,427.58,1964.8,146.4,9256.7510
29520,29580,428.16,1965.9,146.4,9319.3750
29580,29640,428.62,1966.1,153.4,9358.3164
29640,29700,429.49,1967.4,150.6,9425.3262
29700,29760,427.65,1965.0,149.4,9317.5322
29760,29820,428.67,1965.9,147.8,9440.7617
29820,29880,428.12,1964.8,147.1,9362.8301
29880,29940,429.59,1965.3,147.4,9470.5664
29940,30000,429.90,1966.8,147.1,9565.6504
30000,30060,428.44,1965.0,145.9,9402.8018
30060,30120,429.01,1965.2,147.5,9508.6387
30120,30180,428.75,1965.0,145.5,9459.6953
30180,30240,429.35,1965.9,146.7,9511.5146
30240,30300,429.94,1966.2,147.0,9553.3945
30300,30360,430.16,1967.2,148.3,9560.3115
30360,30420,430.77,1967.8,145.5,9650.1191
30420,30480,429.53,1966.9,146.3,9531.6533
30480,30540,430.11,1966.8,145.1,9616.9316
30540,30600,430.66,1967.4,146.0,9681.3984
30600,30660,429.56,1966.7,147.5,9518.8496
30660,30720,429.69,1967.2,151.7,9527.3174
30720,30780,428.98,1967.5,147.9,9416.5029
30780,30840,428.75,1967.6,144.5,9408.5488
30840,30900,429.43,1968.1,145.4,9466.5938
30900,30960,428.99,1968.3,143.5,9440.9746
30960,31020,429.57,1968.6,145.8,9515.6250
31020,31080,428.82,1968.3,145.6,9373.2861
31080,31140,428.52,1968.0,142.9,9338.5322
31140,31200,428.85,1968.3,145.0,9385.9209
31200,31260,429.00,1968.3,144.1,9349.5000
31260,31320,429.02,1968.1,143.4,9335.0508
31320,31380,429.24,1968.3,144.5,9346.8701
31380,31440,429.00,1967.6,145.1,9248.1992
31440,31500,429.11,1968.3,144.8,9258.0674
31500,31560,429.38,1968.2,143.8,9264.8506
31560,31620,429.30,1968.1,144.3,9250.3398
31620,31680,429.25,1968.4,146.1,9269.0605
31680,31740,429.30,1968.3,143.7,9276.6484
31740,31800,429.49,1968.7,144.6,9310.8906
31800,31860,429.42,1968.5,140.9,9310.5117
31860,31920,429.66,1969.1,173.5,9341.7334
31920,31980,429.59,1969.0,147.1,9304.5977
31980,32040,429.47,1969.1,141.9,9290.7773
32040,32100,429.82,1969.1,141.9,9329.6650
32100,32160,429.97,1969.2,141.9,9351.2451
32160,32220,430.07,1969.3,142.5,9366.4854
32220,32280,429.87,1969.0,142.3,9299.0205
32280,32340,430.43,1969.1,143.4,9397.0703
32340,32400,430.49,1969.2,142.5,9374.6201
32400,32460,430.39,1969.0,143.1,9360.5557
32460,32520,430.15,1969.4,143.9,9308.3086
32520,32580,430.63,1969.7,144.4,9360.3584
32580,32640,430.57,1969.2,143.8,9348.4170
32640,32700,430.07,1969.1,144.5,9260.4912
32700,32760,430.21,1968.7,144.8,9286.5322
32760,32820,429.88,1968.8,145.3,9230.3223
32820,32880,429.85,1968.3,146.2,9216.2139
32880,32940,429.97,1968.3,144.1,9227.6484
32940,33000,430.25,1968.9,144.4,9278.5996
33000,33060,430.54,1969.4,145.0,9317.6201
33060,33120,430.60,1969.3,144.8,9320.2373
33120,33180,430.84,1969.6,145.4,9327.8809
33180,33240,431.12,1969.5,146.8,9367.1787
33240,33300,430.46,1969.1,146.2,9266.9307
33300,33360,431.33,1969.0,147.2,9232.4111
33360,33420,431.18,1968.9,147.4,9227.4033
33420,33480,430.55,1968.9,147.3,9211.7588
33480,33540,430.98,1969.6,147.9,9266.1592
33540,33600,430.70,1969.0,148.8,9212.3750
33600,33660,430.52,1969.0,148.1,9239.2930
33660,33720,431.37,1969.4,148.2,9359.8203
33720,33780,431.12,1969.4,149.4,9336.8438
33780,33840,430.44,1969.3,148.7,9276.3525
33840,33900,430.95,1969.1,148.7,9304.7363
33900,33960,431.38,1969.1,148.2,9367.5908
33960,34020,431.05,1969.1,149.3,9340.1885
34020,34080,431.04,1969.5,148.2,9382.2363
34080,34140,430.84,1969.7,149.7,9339.7637
34140,34200,431.78,1969.9,150.1,9478.8711
34200,34260,431.57,1970.7,149.9,9457.7539
34260,34320,431.25,1970.3,148.6,9392.3271
34320,34380,431.16,1970.3,150.4,9381.7168
34380,34440,431.29,1970.3,149.4,9412.7188
34440,34500,431.01,1970.0,149.8,9365.4639
34500,34560,430.77,1970.0,149.6,9349.0635
34560,34620,431.54,1970.6,156.1,9412.1289
34620,34680,431.93,1971.0,152.4,9483.2539
34680,34740,431.43,1971.0,151.8,9439.4209
34740,34800,431.30,1970.4,150.9,9414.8896
34800,34860,430.84,1969.7,149.5,9396.9375
34860,34920,431.05,1969.8,147.7,9466.3525
34920,34980,431.20,1970.2,150.1,9477.0508
34980,35040,430.94,1970.2,149.0,9466.5693
35040,35100,430.96,1970.1,149.0,9494.2021
35100,35160,431.74,1970.4,149.0,9577.1387
35160,35220,431.36,1970.6,151.0,9532.2451
35220,35280,431.30,1970.7,151.0,9543.1367
35280,35340,431.95,1971.4,148.4,9636.8857
35340,35400,431.65,1970.9,150.1,9620.7920
35400,35460,431.07,1970.6,148.9,9557.0303
35460,35520,431.37,1970.8,148.9,9601.9102
35520,35580,431.33,1970.9,148.5,9631.3887
35580,35640,431.37,1970.9,148.5,9667.4580
35640,35700,431.08,1970.5,150.4,9660.2480
35700,35760,431.78,1971.1,149.5,9748.8359
35760,35820,431.59,1970.8,150.0,9761.8760
35820,35880,430.88,1970.6,149.7,9687.5820
35880,35940,431.20,1970.6,149.8,9725.4746
35940,36000,431.60,1970.9,150.0,9785.4736
36000,36060,431.31,1971.1,149.8,9755.1680
36060,36120,431.20,1971.1,149.2,9776.9053
36120,36180,431.17,1970.8,150.4,9766.5459
36180,36240,431.16,1970.9,150.2,9776.7725
36240,36300,431.53,1971.1,150.9,9839.9629
36300,36360,431.38,1971.1,149.1,9855.9307
36360,36420,432.23,1971.7,150.0,9990.6289
36420,36480,431.94,1971.7,151.6,9953.6553
36480,36540,431.53,1971.6,150.9,9912.1533
36540,36600,431.56,1971.6,152.4,9930.8027
36600,36660,431.13,1971.7,150.0,9914.0752
36660,36720,431.11,1971.9,150.8,9940.9053
36720,36780,430.93,1972.0,150.4,9937.7217
36780,36840,431.03,1972.2,151.0,9970.6377
36840,36900,431.17,1972.3,151.0,9981.6406
36900,36960,430.92,1972.3,150.0,9970.8057
36960,37020,431.06,1972.4,151.6,9971.1846
37020,37080,430.53,1972.3,150.5,9958.7568
37080,37140,430.55,1972.6,152.5,9982.9912
37140,37200,430.42,1972.4,151.4,9983.1768
37200,37260,430.43,1972.3,151.1,10027.5664
37260,37320,430.43,1972.4,153.5,10052.3770
37320,37380,429.75,1971.8,151.2,10016.5010
37380,37440,429.78,1971.3,150.5,10030.7471
37440,37500,430.07,1971.6,149.8,10064.0400
37500,37560,430.24,1971.8,153.4,10071.3877
37560,37620,430.19,1972.5,153.3,10090.4258
37620,37680,429.98,1972.5,152.6,10119.5449
37680,37740,430.11,1972.3,153.3,10143.3945
37740,37800,429.92,1972.5,151.9,10143.6445
37800,37860,429.99,1972.7,151.7,10171.3066
37860,37920,429.82,1972.2,151.1,10193.5186
37920,37980,429.93,1971.8,150.7,10247.8369
37980,38040,430.19,1972.3,152.2,10278.3174
38040,38100,430.16,1972.3,153.2,10292.3613
38100,38160,429.97,1972.8,152.8,10300.2490
38160,38220,429.81,1972.7,153.4,10286.7441
38220,38280,429.39,1972.3,151.2,10245.9824
38280,38340,429.19,1972.1,151.2,10242.1377
38340,38400,429.33,1972.3,151.0,10275.0859
38400,38460,429.38,1972.5,152.8,10266.3789
38460,38520,429.37,1972.4,161.4,10291.4893
38520,38580,428.74,1971.7,153.8,10274.2285
38580,38640,429.53,1972.3,155.0,10339.8740
38640,38700,428.99,1972.3,152.2,10266.7451
38700,38760,428.54,1972.0,154.3,10248.2070
38760,38820,428.74,1972.5,152.9,10323.7959
38820,38880,429.25,1972.8,152.9,10418.7051
38880,38940,428.91,1972.6,153.1,10379.4814
38940,39000,428.82,1973.1,153.4,10374.6816
39000,39060,429.30,1973.1,156.2,10455.0283
39060,39120,429.34,1973.1,154.2,10479.9688
39120,39180,429.23,1973.0,153.8,10467.2881
39180,39240,429.81,1973.5,154.0,10532.1133
39240,39300,429.42,1973.8,153.7,10498.8242
39300,39360,429.39,1973.4,154.8,10452.5566
39360,39420,429.02,1973.4,155.9,10465.3115
39420,39480,428.88,1973.6,155.5,10487.7324
39480,39540,429.48,1974.1,155.0,10545.6084
39540,39600,430.08,1974.0,155.6,10604.4160
39600,39660,429.23,1973.5,155.7,10539.4199
39660,39720,429.15,1973.6,154.4,10527.8828
39720,39780,428.50,1973.2,154.4,10489.4277
39780,39840,428.96,1973.4,153.5,10569.4551
39840,39900,429.05,1973.4,152.9,10587.1318
39900,39960,428.77,1973.6,154.5,10560.5840
39960,40020,428.84,1973.7,154.5,10585.5088
40020,40080,428.98,1974.0,154.1,10601.8369
40080,40140,429.18,1974.2,154.3,10635.5273
40140,40200,428.84,1973.8,154.9,10603.6504
40200,40260,429.10,1973.7,154.0,10647.6514
40260,40320,428.32,1973.4,154.5,10563.6455
40320,40380,429.68,1973.4,153.0,10718.9590
40380,40440,428.73,1973.7,155.2,10629.6172
40440,40500,428.98,1973.9,155.0,10675.8193
40500,40560,428.41,1974.1,153.4,10617.8750
40560,40620,428.76,1974.3,154.7,10650.3428
40620,40680,428.97,1973.7,153.8,10665.8652
40680,40740,428.66,1974.1,158.7,10632.4971
40740,40800,428.20,1973.5,157.0,10605.6387
40800,40860,428.33,1973.5,155.6,10639.0430
40860,40920,428.64,1973.7,157.1,10659.1602
40920,40980,429.00,1973.8,154.2,10671.7529
40980,41040,429.32,1973.8,157.0,10677.3037
41040,41100,429.07,1973.6,155.2,10741.1387
41100,41160,429.07,1974.3,158.2,10737.6943
41160,41220,428.97,1974.3,156.3,10704.3145
41220,41280,428.41,1974.4,155.6,10674.9668
41280,41340,428.42,1974.1,156.5,10683.3184
41340,41400,428.51,1974.0,156.8,10673.5820
41400,41460,427.94,1973.6,156.3,10640.2129
41460,41520,429.48,1974.0,155.2,10788.0273
41520,41580,429.04,1974.6,155.3,10742.2510
41580,41640,428.73,1974.1,160.7,10700.0586
41640,41700,428.76,1974.6,159.5,10712.2695
41700,41760,428.96,1974.7,158.2,10722.4414
41760,41820,429.47,1974.8,160.8,10752.6973
41820,41880,428.93,1974.7,162.8,10712.8164
41880,41940,427.90,1973.7,157.4,10631.0723
41940,42000,428.02,1974.4,159.3,10608.8086
42000,42060,428.69,1974.1,185.8,10662.1846
42060,42120,428.05,1974.1,187.7,10630.4980
42120,42180,428.32,1974.2,163.5,10661.7451
42180,42240,428.39,1974.5,160.3,10661.1084
42240,42300,427.88,1974.2,159.3,10653.4854
42300,42360,428.76,1974.5,162.1,10688.5537
42360,42420,428.21,1974.1,157.2,10635.7988
42420,42480,428.36,1974.0,159.0,10626.4111
42480,42540,427.89,1974.0,161.1,10628.8486
42540,42600,427.72,1974.0,160.0,10637.1592
42600,42660,428.29,1974.8,159.5,10671.5811
42660,42720,428.17,1974.4,161.5,10668.2803
42720,42780,428.49,1974.2,160.8,10688.0928
42780,42840,428.17,1973.9,161.2,10661.6377
42840,42900,428.71,1973.8,164.8,10638.6201
42900,42960,427.93,1973.5,163.0,10600.8564
42960,43020,427.95,1973.8,162.2,10648.1680
43020,43080,427.63,1973.8,160.0,10649.3076
43080,43140,428.56,1974.9,161.0,10731.3906
43140,43200,427.81,1974.1,158.6,10662.7070
43200,43260,428.35,1974.4,159.7,10741.8154
43260,43320,428.15,1974.1,157.6,10710.2158
43320,43380,427.86,1974.5,159.6,10687.7803
43380,43440,427.75,1974.4,162.1,10688.2256
43440,43500,429.30,1974.8,163.5,10781.6904
43500,43560,428.49,1975.1,163.2,10678.8740
43560,43620,428.90,1974.8,164.7,10693.7900
43620,43680,430.57,1975.1,164.0,10748.8115
43680,43740,429.09,1974.6,164.1,10696.5078
43740,43800,429.11,1974.5,168.1,10698.1064
43800,43860,428.20,1974.1,167.6,10617.8467
43860,43920,427.98,1974.2,161.3,10663.6299
43920,43980,428.30,1974.4,159.8,10658.8457
43980,44040,428.13,1973.9,161.8,10630.7871
44040,44100,427.21,1973.6,159.9,10597.5195
44100,44160,428.57,1974.0,163.3,10670.7295
44160,44220,428.35,1974.2,165.6,10629.9678
44220,44280,428.39,1974.1,161.6,10637.6367
44280,44340,427.64,1974.1,160.0,10603.1973
44340,44400,427.66,1973.8,177.1,10577.9785
44400,44460,428.44,1974.1,183.4,10628.6719
44460,44520,428.58,1974.3,175.8,10653.9492
44520,44580,427.86,1974.0,163.9,10566.3145
44580,44640,429.07,1973.9,162.0,10644.6123
44640,44700,428.91,1973.9,163.9,10614.0352
44700,44760,428.43,1974.3,170.9,10675.1680
44760,44820,427.40,1973.7,164.2,10536.5244
44820,44880,427.74,1973.4,163.8,10471.8564
44880,44940,427.16,1973.5,160.3,10447.0420
44940,45000,429.30,1974.5,165.9,10557.1182
45000,45060,429.16,1974.7,188.5,10568.3213
45060,45120,429.70,1975.9,211.1,10590.1992
45120,45180,428.89,1974.5,168.9,10574.3877
45180,45240,428.73,1974.2,164.8,10593.6494
45240,45300,427.50,1973.5,158.9,10549.5234
45300,45360,428.27,1974.1,166.5,10636.7090
45360,45420,432.03,1974.9,182.7,10818.2744
45420,45480,429.43,1975.2,164.2,10803.0762
45480,45540,428.98,1974.8,171.2,10812.7129
45540,45600,428.66,1975.1,168.9,10754.6143
