CampaignData_and_Merges/R0/CSL_MobileLab_Parked/raw/20240722/USOS-NOAAIodideCIMS-OrgNitrs_MobileLabGround_20240722_RA.ict
37, 1001
Michael A Robinson, Chris Jernigan, Subi Thakali
NOAA ESRL Chemical Sciences Laboratory and CIRES, U. of Colorado
NOAA Iodide CIMS Instrument
USOS
1, 1
2024, 07, 22, 2024, 07, 24
1
starttime_UTC, seconds_past_midnight, seconds_of_day_since_00:00:00_UTC
5
1, 1, 1, 1, 1
-9999, -9999, -9999, -9999, -9999
C4H7NO5_NOAACIMS, pptv, Gas_C4H7NO5_InSitu_S_AVMR, 
ISOPN_NOAACIMS, pptv, Gas_ISOPN_InSitu_S_AVMR, 
C5H10O3_NOAACIMS, pptv, Gas_C5H10O3_InSitu_S_AVMR, 
C5H9NO5_NOAACIMS, pptv, Gas_C5H9NO5_InSitu_S_AVMR, 
C10H17NO4_NOAACIMS, pptv, Gas_C10H17NO4_InSitu_S_AVMR, 
0
18
PI_CONTACT_INFO: 325 Broadway, R/CSD 7, Boulder, Colorado 80305; michael.a.robinson@noaa.gov; chris.jernigan@noaa.gov;
PLATFORM: NOAA CSL Mobile Lab
LOCATION: SLC, Utah
ASSOCIATED_DATA: 1Hz data also available on request.
INSTRUMENT_INFO: NOAA I- ToF CIMS
DATA_INFO: All data in parts per trillion by volume (pptv). 1 Hz data is available upon request.
UNCERTAINTY: TBD
ULOD_FLAG: -7777
ULOD_VALUE: N/A
LLOD_FLAG: -8888
LLOD_VALUE: N/A
DM_CONTACT_INFO: Nathan Howard; nathan.h.howard@noaa.gov
PROJECT_INFO: USOS, summer 2024. https://csl.noaa.gov/groups/csl7/measurements/2024usos/
STIPULATIONS_ON_USE: Users are strongly encouraged to contact the PI for proper data usage.
OTHER_COMMENTS: 
REVISION: RA
RA: Preliminary Data; For in-field use only
starttime_UTC, C4H7NO5_NOAACIMS, ISOPN_NOAACIMS, C5H10O3_NOAACIMS, C5H9NO5_NOAACIMS, C10H17NO4_NOAACIMS
[from data line 259]
 15540, -9999.000, -9999.000, -9999.000, -9999.000, -9999.000
 15600, -9999.000, -9999.000, -9999.000, -9999.000, -9999.000
 15660, -9999.000, -9999.000, -9999.000, -9999.000, -9999.000
 15720, -9999.000, -9999.000, -9999.000, -9999.000, -9999.000
 15780, -9999.000, -9999.000, -9999.000, -9999.000, -9999.000
 15840, -9999.000, -9999.000, -9999.000, -9999.000, -9999.000
 15900, -9999.000, -9999.000, -9999.000, -9999.000, -9999.000
 15960, -9999.000, -9999.000, -9999.000, -9999.000, -9999.000
 16020, -9999.000, -9999.000, -9999.000, -9999.000, -9999.000
 16080, -9999.000, -9999.000, -9999.000, -9999.000, -9999.000
 16140, -9999.000, -9999.000, -9999.000, -9999.000, -9999.000
 16200, -9999.000, -9999.000, -9999.000, -9999.000, -9999.000
 16260, -9999.000, -9999.000, -9999.000, -9999.000, -9999.000
 16320, -9999.000, -9999.000, -9999.000, -9999.000, -9999.000
 16380, -9999.000, -9999.000, -9999.000, -9999.000, -9999.000
 16440, -9999.000, -9999.000, -9999.000, -9999.000, -9999.000
 16500, -9999.000, -9999.000, -9999.000, -9999.000, -9999.000
 16560, -9999.000, -9999.000, -9999.000, -9999.000, -9999.000
 16620, -9999.000, -9999.000, -9999.000, -9999.000, -9999.000
 16680, -9999.000, -9999.000, -9999.000, -9999.000, -9999.000
 16740, -9999.000, -9999.000, -9999.000, -9999.000, -9999.000
 16800, -9999.000, -9999.000, -9999.000, -9999.000, -9999.000
 16860, -9999.000, -9999.000, -9999.000, -9999.000, -9999.000
 16920, -9999.000, -9999.000, -9999.000, -9999.000, -9999.000
 16980, -9999.000, -9999.000, -9999.000, -9999.000, -9999.000
 17040, -9999.000, -9999.000, -9999.000, -9999.000, -9999.000
 17100, -9999.000, -9999.000, -9999.000, -9999.000, -9999.000
 17160, -9999.000, -9999.000, -9999.000, -9999.000, -9999.000
 17220, -9999.000, -9999.000, -9999.000, -9999.000, -9999.000
 17280, -9999.000, -9999.000, -9999.000, -9999.000, -9999.000
 17340, -9999.000, -9999.000, -9999.000, -9999.000, -9999.000
 17400, -9999.000, -9999.000, -9999.000, -9999.000, -9999.000
 17460, -9999.000, -9999.000, -9999.000, -9999.000, -9999.000
 17520, -9999.000, -9999.000, -9999.000, -9999.000, -9999.000
 17580, -9999.000, -9999.000, -9999.000, -9999.000, -9999.000
 17640, -9999.000, -9999.000, -9999.000, -9999.000, -9999.000
 17700, -9999.000, -9999.000, -9999.000, -9999.000, -9999.000
 17760, -9999.000, -9999.000, -9999.000, -9999.000, -9999.000
 17820, -9999.000, -9999.000, -9999.000, -9999.000, -9999.000
 17880, -9999.000, -9999.000, -9999.000, -9999.000, -9999.000
 17940, -9999.000, -9999.000, -9999.000, -9999.000, -9999.000
 18000, -9999.000, -9999.000, -9999.000, -9999.000, -9999.000
 18060, -9999.000, -9999.000, -9999.000, -9999.000, -9999.000
 18120, -9999.000, -9999.000, -9999.000, -9999.000, -9999.000
 18180, -9999.000, -9999.000, -9999.000, -9999.000, -9999.000
 18240, -9999.000, -9999.000, -9999.000, -9999.000, -9999.000
 18300, -9999.000, -9999.000, -9999.000, -9999.000, -9999.000
 18360, -9999.000, -9999.000, -9999.000, -9999.000, -9999.000
 18420, -9999.000, -9999.000, -9999.000, -9999.000, -9999.000
 18480, -9999.000, -9999.000, -9999.000, -9999.000, -9999.000
 18540, -9999.000, -9999.000, -9999.000, -9999.000, -9999.000
 18600, -9999.000, -9999.000, -9999.000, -9999.000, -9999.000
 18660, -9999.000, -9999.000, -9999.000, -9999.000, -9999.000
 18720, -9999.000, -9999.000, -9999.000, -9999.000, -9999.000
 18780, -9999.000, -9999.000, -9999.000, -9999.000, -9999.000
 18840, -9999.000, -9999.000, -9999.000, -9999.000, -9999.000
 18900, -9999.000, -9999.000, -9999.000, -9999.000, -9999.000
 18960, -9999.000, -9999.000, -9999.000, -9999.000, -9999.000
 19020, -9999.000, -9999.000, -9999.000, -9999.000, -9999.000
 19080, -9999.000, -9999.000, -9999.000, -9999.000, -9999.000
 19140, -9999.000, -9999.000, -9999.000, -9999.000, -9999.000
 19200, -9999.000, -9999.000, -9999.000, -9999.000, -9999.000
 19260, -9999.000, -9999.000, -9999.000, -9999.000, -9999.000
 19320, -9999.000, -9999.000, -9999.000, -9999.000, -9999.000
 19380, -9999.000, -9999.000, -9999.000, -9999.000, -9999.000
 19440, -9999.000, -9999.000, -9999.000, -9999.000, -9999.000
 19500, -9999.000, -9999.000, -9999.000, -9999.000, -9999.000
 19560, -9999.000, -9999.000, -9999.000, -9999.000, -9999.000
 19620, -9999.000, -9999.000, -9999.000, -9999.000, -9999.000
 19680, -9999.000, -9999.000, -9999.000, -9999.000, -9999.000
 19740, -9999.000, -9999.000, -9999.000, -9999.000, -9999.000
 19800, -9999.000, -9999.000, -9999.000, -9999.000, -9999.000
 19860, -9999.000, -9999.000, -9999.000, -9999.000, -9999.000
 19920, -9999.000, -9999.000, -9999.000, -9999.000, -9999.000
 19980, -9999.000, -9999.000, -9999.000, -9999.000, -9999.000
 20040, -9999.000, -9999.000, -9999.000, -9999.000, -9999.000
 20100, -9999.000, -9999.000, -9999.000, -9999.000, -9999.000
 20160, -9999.000, -9999.000, -9999.000, -9999.000, -9999.000
 20220, -9999.000, -9999.000, -9999.000, -9999.000, -9999.000
 20280, -9999.000, -9999.000, -9999.000, -9999.000, -9999.000
 20340, -9999.000, -9999.000, -9999.000, -9999.000, -9999.000
 20400, -9999.000, -9999.000, -9999.000, -9999.000, -9999.000
 20460, -9999.000, -9999.000, -9999.000, -9999.000, -9999.000
 20520, -9999.000, -9999.000, -9999.000, -9999.000, -9999.000
 20580, -9999.000, -9999.000, -9999.000, -9999.000, -9999.000
 20640, -9999.000, -9999.000, -9999.000, -9999.000, -9999.000
 20700, -9999.000, -9999.000, -9999.000, -9999.000, -9999.000
 20760, -9999.000, -9999.000, -9999.000, -9999.000, -9999.000
 20820, -9999.000, -9999.000, -9999.000, -9999.000, -9999.000
 20880, -9999.000, -9999.000, -9999.000, -9999.000, -9999.000
 20940, -9999.000, -9999.000, -9999.000, -9999.000, -9999.000
 21000, -9999.000, -9999.000, -9999.000, -9999.000, -9999.000
 21060, -9999.000, -9999.000, -9999.000, -9999.000, -9999.000
 21120, -9999.000, -9999.000, -9999.000, -9999.000, -9999.000
 21180, -9999.000, -9999.000, -9999.000, -9999.000, -9999.000
 21240, -9999.000, -9999.000, -9999.000, -9999.000, -9999.000
 21300, -9999.000, -9999.000, -9999.000, -9999.000, -9999.000
 21360, -9999.000, -9999.000, -9999.000, -9999.000, -9999.000
 21420, -9999.000, -9999.000, -9999.000, -9999.000, -9999.000
 21480, -9999.000, -9999.000, -9999.000, -9999.000, -9999.000
 21540, -9999.000, -9999.000, -9999.000, -9999.000, -9999.000
 21600, -9999.000, -9999.000, -9999.000, -9999.000, -9999.000
 21660, -9999.000, -9999.000, -9999.000, -9999.000, -9999.000
 21720, -9999.000, -9999.000, -9999.000, -9999.000, -9999.000
 21780, -9999.000, -9999.000, -9999.000, -9999.000, -9999.000
 21840, -9999.000, -9999.000, -9999.000, -9999.000, -9999.000
 21900, -9999.000, -9999.000, -9999.000, -9999.000, -9999.000
 21960, -9999.000, -9999.000, -9999.000, -9999.000, -9999.000
 22020, -9999.000, -9999.000, -9999.000, -9999.000, -9999.000
 22080, -9999.000, -9999.000, -9999.000, -9999.000, -9999.000
 22140, -9999.000, -9999.000, -9999.000, -9999.000, -9999.000
 22200, -9999.000, -9999.000, -9999.000, -9999.000, -9999.000
 22260, -9999.000, -9999.000, -9999.000, -9999.000, -9999.000
 22320, -9999.000, -9999.000, -9999.000, -9999.000, -9999.000
 22380, -9999.000, -9999.000, -9999.000, -9999.000, -9999.000
 22440, -9999.000, -9999.000, -9999.000, -9999.000, -9999.000
 22500, -9999.000, -9999.000, -9999.000, -9999.000, -9999.000
 22560, -9999.000, -9999.000, -9999.000, -9999.000, -9999.000
 22620, -9999.000, -9999.000, -9999.000, -9999.000, -9999.000
 22680, -9999.000, -9999.000, -9999.000, -9999.000, -9999.000
 22740, -9999.000, -9999.000, -9999.000, -9999.000, -9999.000
 22800, -9999.000, -9999.000, -9999.000, -9999.000, -9999.000
 22860, -9999.000, -9999.000, -9999.000, -9999.000, -9999.000
 22920, -9999.000, -9999.000, -9999.000, -9999.000, -9999.000
 22980, -9999.000, -9999.000, -9999.000, -9999.000, -9999.000
 23040, -9999.000, -9999.000, -9999.000, -9999.000, -9999.000
 23100, -9999.000, -9999.000, -9999.000, -9999.000, -9999.000
 23160, -9999.000, -9999.000, -9999.000, -9999.000, -9999.000
 23220, -9999.000, -9999.000, -9999.000, -9999.000, -9999.000
 23280, -9999.000, -9999.000, -9999.000, -9999.000, -9999.000
 23340, -9999.000, -9999.000, -9999.000, -9999.000, -9999.000
 23400, -9999.000, -9999.000, -9999.000, -9999.000, -9999.000
 23460, -9999.000, -9999.000, -9999.000, -9999.000, -9999.000
 23520, -9999.000, -9999.000, -9999.000, -9999.000, -9999.000
 23580,  1.765,  5.160, 48.000,  7.156,  0.421
 23640,  1.718,  4.904, 51.912,  7.085,  0.470
 23700,  1.722,  4.664, 50.437,  6.937,  0.404
 23760,  1.709,  4.694, 48.776,  6.675,  0.346
 23820,  1.722,  4.705, 50.952,  7.189,  0.408
 23880,  1.728,  4.869, 49.986,  7.201,  0.473
 23940,  1.876,  5.511, 53.681,  8.464,  0.680
 24000,  1.851,  5.594, 53.544,  8.259,  0.674
 24060,  1.833,  5.315, 51.755,  7.994,  0.712
 24120,  1.899,  5.555, 54.994,  8.701,  0.914
 24180,  1.881,  5.918, 55.258,  9.188,  0.912
 24240,  1.909,  5.475, 53.390,  8.979,  0.955
 24300,  1.892,  5.878, 53.959,  9.366,  1.074
 24360,  2.005,  5.761, 53.834,  9.761,  1.093
 24420,  2.015,  6.069, 54.504, 10.185,  1.280
 24480,  2.047,  6.143, 56.546, 10.253,  1.317
 24540,  2.053,  6.089, 56.426, 10.571,  1.425
 24600,  2.063,  6.340, 56.981, 10.533,  1.393
 24660,  1.980,  6.059, 55.716, 10.013,  1.227
 24720,  2.038,  6.283, 55.575,  9.677,  1.266
 24780,  2.110,  5.992, 53.908,  9.768,  1.221
 24840,  2.035,  6.286, 57.732, 10.003,  1.269
 24900,  2.003,  6.048, 56.959,  9.826,  1.281
 24960,  2.029,  6.000, 55.520, 10.022,  1.339
 25020,  2.039,  6.188, 57.247, 10.190,  1.315
 25080,  2.002,  5.993, 55.210,  9.903,  1.400
 25140,  2.013,  5.794, 56.992,  9.846,  1.342
 25200,  1.949,  5.583, 53.232,  9.205,  1.136
 25260,  1.886,  5.487, 54.429,  9.473,  1.105
 25320,  1.875,  5.503, 51.255,  8.630,  0.965
 25380,  1.915,  5.314, 52.224,  9.209,  1.086
 25440,  1.924,  5.389, 51.529,  9.099,  1.257
 25500,  1.940,  5.497, 51.507,  8.735,  1.239
 25560,  1.904,  5.314, 50.782,  8.429,  1.157
 25620,  1.853,  5.046, 48.008,  8.144,  0.955
 25680,  1.802,  5.125, 52.272,  7.951,  0.995
 25740,  1.850,  4.863, 51.079,  8.056,  0.761
 25800,  1.813,  4.835, 48.961,  7.855,  0.622
 25860,  1.794,  4.938, 51.587,  8.142,  0.759
 25920,  1.843,  4.921, 50.023,  7.612,  0.806
 25980,  1.817,  5.030, 49.729,  7.724,  0.695
 26040,  1.773,  4.475, 50.944,  7.946,  0.859
 26100,  1.735,  4.783, 50.276,  7.410,  0.602
 26160,  1.753,  4.656, 50.885,  7.830,  0.516
 26220,  1.798,  4.699, 50.382,  7.655,  0.556
 26280,  1.713,  4.125, 47.297,  6.987,  0.387
 26340,  1.725,  4.493, 48.771,  7.492,  0.404
 26400,  1.747,  4.470, 49.591,  7.705,  0.421
 26460,  1.754,  4.370, 49.120,  7.658,  0.457
 26520,  1.760,  4.463, 49.588,  7.386,  0.435
 26580,  1.796,  4.728, 50.631,  7.486,  0.526
 26640,  1.804,  4.531, 48.200,  7.542,  0.441
 26700,  1.823,  4.842, 50.474,  7.903,  0.487
 26760,  1.814,  4.535, 51.805,  7.815,  0.407
 26820,  1.847,  4.677, 49.854,  7.687,  0.498
 26880,  1.735,  4.736, 52.486,  7.564,  0.502
 26940,  1.784,  4.346, 51.336,  7.476,  0.511
 27000,  1.741,  4.555, 49.073,  7.487,  0.491
 27060,  1.746,  4.543, 50.815,  7.851,  0.556
 27120, -9999.000, -9999.000, -9999.000, -9999.000, -9999.000
 27180,  1.622,  4.391, 41.957,  7.411,  0.508
 27240,  1.734,  4.392, 44.804,  7.265,  0.381
 27300,  1.732,  4.397, 47.149,  7.344,  0.518
 27360,  1.692,  4.157, 45.385,  7.476,  0.457
 27420,  1.651,  4.546, 46.484,  7.602,  0.567
 27480,  1.708,  4.769, 45.243,  7.254,  0.509
 27540,  1.687,  4.371, 44.791,  7.318,  0.482
 27600,  1.670,  4.416, 46.799,  7.285,  0.573
 27660,  1.691,  4.418, 47.133,  7.341,  0.566
 27720,  1.696,  4.239, 44.824,  7.123,  0.642
 27780,  1.618,  4.201, 46.061,  6.999,  0.549
 27840,  1.647,  4.472, 45.097,  6.933,  0.626
 27900,  1.649,  4.083, 42.551,  6.865,  0.566
 27960,  1.640,  4.463, 46.253,  6.822,  0.587
 28020,  1.679,  4.275, 46.709,  7.109,  0.629
 28080,  1.616,  4.563, 44.906,  7.226,  0.487
 28140,  1.635,  4.591, 45.555,  7.349,  0.531
 28200,  1.639,  4.433, 44.669,  7.422,  0.530
 28260,  1.651,  4.505, 44.791,  7.265,  0.505
 28320,  1.601,  4.236, 44.493,  7.644,  0.532
 28380,  1.659,  4.547, 44.893,  7.103,  0.528
 28440,  1.661,  4.504, 44.701,  7.540,  0.578
 28500,  1.681,  4.715, 45.513,  7.620,  0.596
 28560,  1.693,  4.605, 45.419,  7.616,  0.571
 28620,  1.704,  4.625, 43.947,  7.675,  0.607
 28680,  1.671,  4.619, 45.076,  7.821,  0.636
 28740,  1.696,  4.628, 43.905,  7.619,  0.518
 28800,  1.660,  4.732, 44.759,  8.039,  0.656
 28860,  1.653,  4.526, 45.690,  7.709,  0.639
 28920,  1.639,  4.684, 44.216,  7.591,  0.641
 28980, -9999.000, -9999.000, -9999.000, -9999.000, -9999.000
 29040,  1.587,  4.570, 40.721,  7.596,  0.530
 29100,  1.681,  4.789, 42.046,  7.970,  0.612
 29160,  1.696,  4.658, 44.268,  8.034,  0.605
 29220,  1.712,  4.612, 44.419,  8.098,  0.750
 29280,  1.691,  4.713, 41.810,  8.313,  0.664
 29340,  1.697,  4.742, 41.467,  8.203,  0.647
 29400,  1.706,  4.778, 44.565,  8.833,  0.634
 29460,  1.780,  5.109, 45.567,  9.684,  0.710
 29520,  1.829,  4.997, 45.483,  9.642,  0.689
 29580,  1.792,  4.900, 44.969,  9.187,  0.714
 29640,  1.784,  5.070, 45.674,  8.995,  0.662
 29700,  1.827,  4.929, 43.668,  9.205,  0.694
 29760,  1.864,  5.325, 46.002, 10.323,  0.719
 29820,  1.907,  5.068, 45.405,  9.947,  0.740
 29880,  1.881,  5.244, 46.344, 10.166,  0.817
 29940,  1.906,  5.266, 47.344, 10.075,  0.861
 30000,  1.826,  5.223, 45.800,  9.778,  0.833
 30060,  1.790,  4.989, 43.966,  9.788,  0.746
 30120,  1.877,  4.741, 42.562,  9.432,  0.835
 30180,  1.847,  4.888, 44.551,  9.433,  0.769
 30240,  1.827,  4.984, 45.635,  9.432,  0.883
 30300,  1.779,  4.849, 45.060,  9.266,  0.781
 30360,  1.801,  4.825, 43.068,  9.229,  0.678
 30420,  1.815,  4.675, 42.068,  8.841,  0.852
 30480,  1.803,  4.620, 41.495,  9.175,  0.748
 30540,  1.754,  4.737, 41.419,  9.059,  0.752
 30600,  1.751,  4.422, 41.210,  8.814,  0.663
 30660,  1.765,  4.502, 41.282,  9.031,  0.724
 30720,  1.783,  4.652, 39.983,  9.125,  0.738
 30780,  1.808,  4.516, 42.469,  8.988,  0.888
 30840, -9999.000, -9999.000, -9999.000, -9999.000, -9999.000
 30900,  1.622,  4.453, 34.439,  8.877,  0.679
 30960,  1.674,  4.741, 38.711,  9.105,  0.648
 31020,  1.720,  4.479, 39.646,  9.125,  0.723
 31080,  1.736,  4.469, 38.962,  9.305,  0.585
 31140,  1.764,  4.704, 39.482,  9.377,  0.711
 31200,  1.665,  4.787, 38.933,  9.270,  0.707
 31260,  1.748,  4.387, 38.127,  8.927,  0.756
 31320,  1.741,  4.599, 39.850,  8.946,  0.808
 31380,  1.676,  4.637, 40.727,  8.836,  0.803
 31440,  1.691,  4.087, 40.780,  8.527,  0.845
 31500,  1.668,  4.418, 40.283,  8.546,  0.795
 31560,  1.643,  4.375, 39.001,  8.126,  0.802
 31620,  1.632,  3.859, 38.361,  8.201,  0.757
 31680,  1.567,  4.240, 37.363,  8.559,  0.756
 31740,  1.631,  4.141, 38.675,  8.343,  0.826
 31800,  1.609,  4.068, 37.517,  8.277,  0.692
 31860,  1.594,  4.067, 38.446,  8.257,  0.835
 31920,  1.558,  3.930, 35.648,  8.179,  0.747
 31980,  1.553,  3.782, 32.720,  8.250,  0.679
 32040,  1.560,  3.985, 35.603,  8.180,  0.701
 32100,  1.551,  3.603, 36.627,  8.194,  0.730
 32160,  1.558,  3.712, 35.157,  8.143,  0.691
 32220,  1.545,  3.775, 35.684,  8.111,  0.833
 32280,  1.566,  3.777, 35.028,  8.075,  0.746
 32340,  1.508,  3.748, 33.200,  7.881,  0.695
 32400,  1.585,  3.987, 35.787,  7.832,  0.698
 32460,  1.561,  3.693, 37.397,  8.214,  0.697
 32520,  1.609,  3.908, 37.315,  7.990,  0.717
 32580,  1.566,  3.792, 36.549,  8.005,  0.834
 32640,  1.562,  3.708, 38.835,  7.874,  0.722
 32700, -9999.000, -9999.000, -9999.000, -9999.000, -9999.000
 32760,  1.615,  3.616, 36.132,  7.845,  0.679
 32820,  1.555,  4.003, 38.618,  8.041,  0.915
 32880,  1.610,  3.840, 39.411,  7.913,  0.834
 32940,  1.653,  3.768, 38.548,  8.079,  0.837
 33000,  1.605,  4.007, 38.901,  8.067,  0.836
 33060,  1.617,  3.789, 36.544,  7.899,  0.821
 33120,  1.607,  3.855, 37.762,  7.852,  0.835
 33180,  1.589,  3.564, 38.761,  7.933,  0.916
