CampaignData_and_Merges/R0/CSL_MobileLab_Parked/raw/20240722/USOS-PTR_MobileLabGround_20240722_R0.ict
58, 1001
Matthew Coggon, Kelvin Bates, Chelsea Stockwell, Carsten Warneke
NOAA ESRL Chemical Sciences Division
NOAA PTR-ToF-MS
USOS
1,1 
2024, 07, 22, 2025, 09, 19
0
Time_Start, seconds, number of seconds from 00:00 UTC 
22
1, 1, 1, 1, 1, 1, 1, 1, 1, 1, 1, 1, 1, 1, 1, 1, 1, 1, 1, 1, 1, 1
-9999, -9999, -9999, -9999, -9999, -9999, -9999, -9999, -9999, -9999, -9999, -9999, -9999, -9999, -9999, -9999, -9999, -9999, -9999, -9999, -9999, -9999
CH3OH_NOAAPTR_ppbv,  ppbv, Gas_CH3OH_InSitu_S_AVMR, (CH3OH) methanol
CH3CN_NOAAPTR_ppbv,  ppbv, Gas_CH3CN_InSitu_S_AVMR, (CH3CN) acetonitrile
CH3CHO_NOAAPTR_ppbv,  ppbv, Gas_CH3CHO_InSitu_S_AVMR, (CH3CHO) acetaldehyde plus contributions from ethylene glycol and ethylene oxide. Interference from ethanol has been subtracted out.
C2H5OH_NOAAPTR_ppbv,  ppbv, Gas_C2H5OH_InSitu_S_AVMR, (C2H5OH) ethanol
CH3SH_NOAAPTR_ppbv,  ppbv, Gas_CH3SH_InSitu_S_AVMR, (CH3SH) methanethiol, using calibration factor for DMS
Acrolein_NOAAPTR_ppbv,  ppbv, Gas_Acrolein_InSitu_S_AVMR, (C3H4O) acrolein
AcetonePropanal_NOAAPTR_ppbv,  ppbv, Gas_AcetoneAndPropanal_InSitu_S_AVMR, (C3H6O) sum of acetone (dominant isomer) and propanal, using calibration factor for acetone
DMS_NOAAPTR_ppbv,  ppbv, Gas_DMS_InSitu_S_AVMR, (C2H6S) dimethyl sulfide with possible small contributions from ethanethiol
C5H8_NOAAPTR_ppbv,  ppbv, Gas_Isoprene_InSitu_S_AVMR, (C5H8) isoprene and possible fragments from cycloalkanes and aldehydes. Interferences have been subtracted following methods described by Coggon et al (2023)
MVKMAC_NOAAPTR_ppbv,  ppbv, Gas_MVKAndMAC_InSitu_S_AVMR, (C4H6O) sum of methyl vinyl ketone, methacrolein, and small amounts of crotonaldehyde, using weighted calibration factor for MVK (0.637) and MACR (0.363)
Benzene_NOAAPTR_ppbv,  ppbv, Gas_Benzene_InSitu_S_AVMR, (C6H6) benzene
Toluene_NOAAPTR_ppbv,  ppbv, Gas_Toluene_InSitu_S_AVMR, (C7H8) toluene with possible small contributions of fragments from ethyltoluene
Styrene_NOAAPTR_ppbv,  ppbv, Gas_Styrene_InSitu_S_AVMR, (C8H8) styrene
Benzaldehyde_NOAAPTR_ppbv,  ppbv, Gas_Benzaldehyde_InSitu_S_AVMR, (C7H6O) benzaldehyde
C8Aromatics_NOAAPTR_ppbv,  ppbv, Gas_C8Aromatics_InSitu_M_AVMR, (C8H10) sum of m-xylene, p-xylene, o-xylene, and ethyl benzene
C9Aromatics_NOAAPTR_ppbv,  ppbv, Gas_C9Aromatics_InSitu_M_AVMR, (C9H12) sum of C9 aromatics
Naphthalene_NOAAPTR_ppbv,  ppbv, Gas_Naphthalene_InSitu_S_AVMR, (C10H8) naphthalene
Octanal_NOAAPTR_ppbv,  ppbv, Gas_Octanal_InSitu_S_AVMR, (C8H16O) octanal and small amounts of octanone
Monoterpenes_NOAAPTR_ppbv,  ppbv, Gas_Monoterpenes_InSitu_M_AVMR, (C10H16) sum of monoterpenes and possible contributions from fragments of oxygenated monoterpenoids such as eucalyptol.
Nonanal_NOAAPTR_ppbv,  ppbv, Gas_Nonanal_InSitu_M_AVMR, (C9H18O) nonanal and small amounts of nonanone
C7H4ClF3_NOAAPTR_ppbv,  ppbv, Gas_C7H4ClF3_InSitu_S_AVMR, (C7H4ClF3) parachlorobenzotrifluoride
C10H30O5Si5_NOAAPTR_ppbv,  ppbv, Gas_C10H30O5Si5_InSitu_S_AVMR, (C10H30O5Si5) decamethylcyclopentasiloxane
1
SPECIAL COMMENTS:N/A
21
PI_CONTACT_INFO: NOAA ESRL Chemical Sciences Division, Tropospheric Chemistry Group. 325 Broadway, R/CSD7, Boulder, CO 80305
PLATFORM: Mobile Laboratory.
LOCATION: Salt Lake City, UT
ASSOCIATED_DATA: N/A
INSTRUMENT_INFO: NOAA PTR-ToF-MS measurements on NOAA CSL Mobile Lab
DATA_INFO: Units: ppbv
UNCERTAINTY: See OTHER_COMMENTS
ULOD_FLAG: -7777
ULOD_VALUE: N/A
LLOD_FLAG: -8888
LLOD_VALUE: N/A.
DM_CONTACT_INFO: Data Managers: Matt Coggon, Kelvin Bates, Chelsea Stockwell; email: matthew.m.coggon@noaa.gov and kelvin.bates@colorado.edu
PROJECT_INFO: USOS Deployment July-August, 2024
STIPULATIONS_ON_USE: Use of these data require prior OK from PI.
OTHER_COMMENTS: Uncertainties:
CH3OH_NOAAPTR_ppbv:30%; CH3CN_NOAAPTR_ppbv:30%; CH3CHO_NOAAPTR_ppbv:30%; C2H5OH_NOAAPTR_ppbv:30%; CH3SH_NOAAPTR_ppbv:50%; Acrolein_NOAAPTR_ppbv:30%; AcetonePropanal_NOAAPTR_ppbv:30%; DMS_NOAAPTR_ppbv:30%; C5H8_NOAAPTR_ppbv:30%; MVKMAC_NOAAPTR_ppbv:30%; 
Benzene_NOAAPTR_ppbv:30%; Toluene_NOAAPTR_ppbv:30%; Styrene_NOAAPTR_ppbv:30%; Benzaldehyde_NOAAPTR_ppbv:30%; C8Aromatics_NOAAPTR_ppbv:30%; C9Aromatics_NOAAPTR_ppbv:30%; Naphthalene_NOAAPTR_ppbv:30%; Octanal_NOAAPTR_ppbv:30%; Monoterpenes_NOAAPTR_ppbv:30%; Nonanal_NOAAPTR_ppbv:30%; 
C7H4ClF3_NOAAPTR_ppbv:30%; C10H30O5Si5_NOAAPTR_ppbv:30%; 
REVISION: R0
R0: Calibrated PTR Data. See individual species comments for details about measurement uncertainties
Time_Start, CH3OH_NOAAPTR_ppbv, CH3CN_NOAAPTR_ppbv, CH3CHO_NOAAPTR_ppbv, C2H5OH_NOAAPTR_ppbv, CH3SH_NOAAPTR_ppbv, Acrolein_NOAAPTR_ppbv, AcetonePropanal_NOAAPTR_ppbv, DMS_NOAAPTR_ppbv, C5H8_NOAAPTR_ppbv, MVKMAC_NOAAPTR_ppbv, Benzene_NOAAPTR_ppbv, Toluene_NOAAPTR_ppbv, Styrene_NOAAPTR_ppbv, Benzaldehyde_NOAAPTR_ppbv, C8Aromatics_NOAAPTR_ppbv, C9Aromatics_NOAAPTR_ppbv, Naphthalene_NOAAPTR_ppbv, Octanal_NOAAPTR_ppbv, Monoterpenes_NOAAPTR_ppbv, Nonanal_NOAAPTR_ppbv, C7H4ClF3_NOAAPTR_ppbv, C10H30O5Si5_NOAAPTR_ppbv
[from data line 149]
 8940.0, 8.29055, 0.29427, 1.04899, 2.07029, 0.00092, 0.19293, 4.90576, 0.00220, 2.45353, 0.59080, 0.07546, 0.18985, -0.00106, -0.00104, 0.06679, 0.03302, 0.00736, 0.02651, 0.40650, 0.03119, 0.00019, 0.00081 
 9000.0, 9.50442, 0.28806, 1.21887, 2.12651, 0.00235, 0.22946, 4.89035, 0.00607, 2.52948, 0.59250, 0.07923, 0.24577, -0.00106, -0.00104, 0.09995, 0.04571, 0.01570, 0.02190, 0.36071, 0.03583, 0.00043, 0.00385 
 9060.0, 10.74855, 0.27766, 1.10031, 2.04205, 0.00185, 0.24687, 4.89417, 0.00756, 2.60830, 0.58309, 0.05896, 0.23276, -0.00106, -0.00104, 0.07381, 0.04014, 0.00587, 0.01643, 0.37856, 0.04426, -0.00097, 0.00321 
 9120.0, 10.16414, 0.28249, 1.05364, 2.10029, 0.00052, 0.24769, 4.85164, 0.00162, 2.62173, 0.54416, 0.08551, 0.21464, -0.00106, -0.00104, 0.06779, 0.04250, 0.00171, 0.01820, 0.44578, 0.03157, -0.00217, 0.00083 
 9180.0, 9.76888, 0.29503, 1.11598, 2.65430, 0.00216, 0.22604, 5.05853, 0.00764, 2.66316, 0.58417, 0.10216, 0.23483, 0.00714, 0.00048, 0.07372, 0.04338, 0.00008, 0.02188, 0.41625, 0.02594, -0.00066, 0.00410 
 9240.0, 9.36036, 0.29762, 1.19864, 2.39204, 0.00240, 0.25306, 5.08291, -0.00031, 2.49765, 0.56364, 0.05066, 0.23302, -0.00105, -0.00103, 0.06103, 0.03980, 0.00526, 0.01140, 0.38606, 0.02302, -0.00061, 0.00378 
 9300.0, 9.99624, 0.29552, 1.14162, 2.58211, 0.00042, 0.25621, 5.48723, 0.01380, 2.46306, 0.56204, 0.09342, 0.25225, 0.00520, -0.00103, 0.07851, 0.04208, -0.00097, 0.02018, 0.38612, 0.01666, 0.00282, 0.00256 
 9360.0, 9.86350, 0.28275, 1.18784, 2.83037, 0.00487, 0.26516, 5.66879, 0.00424, 2.45745, 0.56331, 0.09245, 0.26870, 0.01090, 0.00911, 0.09373, 0.03703, 0.00090, 0.02605, 0.39084, 0.03574, 0.00263, 0.00397 
 9420.0, 9.64912, 0.28853, 1.13587, 2.35198, 0.00291, 0.24345, 5.63567, 0.01551, 2.54155, 0.57463, 0.08222, 0.28195, -0.00105, -0.00103, 0.08568, 0.04088, -0.00097, 0.00960, 0.40989, 0.04559, 0.00064, 0.00464 
 9480.0, 10.21357, 0.30725, 1.14135, 2.47775, 0.00028, 0.24589, 5.57273, 0.00402, 2.52248, 0.57715, 0.08252, 0.25992, -0.00105, -0.00103, 0.09211, 0.04666, 0.01433, 0.01491, 0.37773, 0.01795, 0.00571, 0.00380 
 9540.0, 9.88393, 0.27145, 1.14500, 2.97149, 0.00024, 0.23769, 5.65585, 0.01677, 2.56220, 0.56791, 0.10597, 0.29148, -0.00105, -0.00103, 0.10738, 0.05459, -0.00098, 0.01227, 0.38738, 0.02867, -0.00077, 0.00277 
 9600.0, 8.57392, 0.26113, 1.13968, 2.03537, 0.00135, 0.24467, 5.39792, -0.00032, 2.57093, 0.55598, 0.10363, 0.22216, -0.00105, 0.00179, 0.06923, 0.03213, 0.00062, 0.01485, 0.47046, 0.03773, 0.00127, 0.00271 
 9660.0, 8.37250, 0.29635, 1.12759, 2.24144, 0.00076, 0.24837, 5.33006, 0.00912, 2.44161, 0.57458, 0.08626, 0.25530, -0.00105, 0.00140, 0.08481, 0.04445, 0.00254, 0.01643, 0.40616, 0.05690, 0.00254, 0.00143 
 9720.0, 9.06308, 0.28615, 1.20949, 2.91519, 0.00108, 0.27073, 5.50575, 0.00398, 2.63536, 0.61900, 0.11087, 0.27924, 0.01196, 0.00204, 0.07420, 0.04954, 0.01240, 0.02065, 0.36458, 0.05012, 0.00426, 0.00561 
 9780.0, 10.89485, 0.30873, 1.31530, 2.64655, 0.00563, 0.25963, 5.45951, 0.00486, 2.56367, 0.60114, 0.10805, 0.27239, -0.00105, -0.00102, 0.09244, 0.05314, 0.00757, 0.03116, 0.36422, 0.06816, -0.00010, 0.00330 
 9840.0, 9.07366, 0.26615, 1.27468, 2.80326, 0.00125, 0.27879, 5.37097, -0.00033, 2.48667, 0.62421, 0.17423, 0.37900, 0.02629, -0.00102, 0.16602, 0.07412, 0.00455, 0.02104, 0.44299, 0.01753, -0.00007, 0.00522 
 9900.0, 9.55759, 0.30939, 1.30920, 2.85536, 0.00042, 0.25773, 5.32072, -0.00033, 2.47757, 0.60797, 0.10075, 0.28627, 0.01414, -0.00102, 0.15081, 0.06255, 0.00537, 0.01602, 0.35365, 0.02271, -0.00226, 0.00553 
 9960.0, 8.77202, 0.28124, 1.40023, 2.72534, 0.00172, 0.22586, 5.18446, 0.00260, 2.46651, 0.58828, 0.11274, 0.28685, 0.00456, -0.00101, 0.09677, 0.04214, -0.00099, 0.02204, 0.38632, 0.04048, -0.00020, 0.00170 
10020.0, 9.36633, 0.29651, 1.36679, 2.81362, 0.00457, 0.25725, 5.27655, 0.00267, 2.48707, 0.60215, 0.11182, 0.29413, 0.00924, -0.00101, 0.09998, 0.06391, 0.00524, 0.02252, 0.38555, 0.04759, 0.00324, 0.00405 
10080.0, 10.56173, 0.29790, 1.38287, 2.30061, 0.00370, 0.26219, 5.18212, 0.00767, 2.45159, 0.61396, 0.09539, 0.27191, 0.01720, -0.00101, 0.07402, 0.05101, 0.00415, 0.02283, 0.38071, 0.06585, -0.00024, 0.00402 
10140.0, 9.47494, 0.27705, 1.26950, 3.60110, 0.00570, 0.25370, 5.16330, 0.00392, 2.52382, 0.55049, 0.06450, 0.24919, 0.01413, -0.00101, 0.12071, 0.04660, -0.00099, 0.01251, 0.38487, 0.04640, -0.00108, 0.00628 
10200.0, 9.60210, 0.28100, 1.11065, 1.91043, 0.00339, 0.25977, 4.95107, -0.00033, 2.29025, 0.55322, 0.08297, 0.23027, 0.00587, -0.00101, 0.08532, 0.05610, 0.00362, 0.01240, 0.37555, 0.04518, 0.00399, 0.00091 
10260.0, 9.20943, 0.27371, 1.37652, 2.63785, 0.00596, 0.25542, 5.11112, 0.01172, 2.37663, 0.58271, 0.07567, 0.23292, 0.01224, 0.00712, 0.08772, 0.06107, 0.01040, 0.02328, 0.39534, 0.05741, 0.00029, 0.00245 
10320.0, 9.10016, 0.29100, 1.17654, 3.20783, 0.00384, 0.25044, 4.97410, 0.00967, 2.28182, 0.55932, 0.04137, 0.23170, -0.00104, 0.00508, 0.09618, 0.04239, 0.00110, 0.02134, 0.37235, 0.03523, 0.00101, 0.00221 
10380.0, 8.40768, 0.27492, 1.30232, 7.78452, 0.00284, 0.24044, 4.94435, -0.00034, 2.32286, 0.56275, 0.14034, 0.23951, -0.00104, -0.00100, 0.08456, 0.04801, 0.01625, 0.02569, 0.35515, 0.03267, 0.00261, 0.00157 
10440.0, 9.79607, 0.29270, 1.12617, 3.49809, 0.00119, 0.23015, 5.00079, 0.01261, 2.28436, 0.53063, 0.04109, 0.20814, -0.00104, -0.00100, 0.08343, 0.03951, 0.00820, 0.01202, 0.37904, 0.03648, -0.00102, 0.00467 
10500.0, 9.37469, 0.29037, 1.28086, 4.90005, 0.00050, 0.24712, 5.01353, 0.00243, 2.30733, 0.55615, 0.08327, 0.22880, 0.00980, -0.00100, 0.09092, 0.04087, -0.00100, 0.02684, 0.33047, 0.03782, 0.00017, 0.00441 
10560.0, 9.16918, 0.25485, 1.23694, 3.27974, 0.00129, 0.22406, 5.04813, 0.00074, 2.19894, 0.55571, 0.07969, 0.24156, -0.00104, -0.00100, 0.08634, 0.03994, 0.00331, 0.02525, 0.39950, 0.04183, 0.00075, 0.00642 
10620.0, 9.62784, 0.28557, 1.28810, 3.78368, 0.00454, 0.27028, 5.08291, -0.00034, 2.12655, 0.53973, 0.07713, 0.23981, 0.02336, -0.00100, 0.11614, 0.05296, 0.01470, 0.01134, 0.32541, 0.05105, -0.00023, 0.00624 
10680.0, 10.30706, 0.28928, 1.32723, 3.09781, 0.00089, 0.24838, 5.01492, 0.00811, 2.09305, 0.56237, 0.09480, 0.23794, -0.00104, 0.01896, 0.13572, 0.06948, -0.00101, 0.01906, 0.33551, 0.06354, 0.00302, 0.00483 
10740.0, 9.35468, 0.30941, 1.24664, 3.48393, 0.00169, 0.26338, 4.98895, 0.00864, 1.98944, 0.51066, 0.10306, 0.21723, 0.01573, -0.00099, 0.09584, 0.05190, 0.01342, 0.03590, 0.38869, 0.05452, -0.00115, 0.00365 
10800.0, 11.20091, 0.30368, 1.39978, 4.18908, 0.00184, 0.24958, 5.12463, -0.00035, 2.00864, 0.52855, 0.14957, 0.30214, 0.01489, -0.00099, 0.16489, 0.08861, -0.00101, 0.02220, 0.33021, 0.01564, 0.00142, 0.00726 
10860.0, 9.68762, 0.28460, 1.18802, 2.44558, 0.00064, 0.21912, 4.90704, 0.01483, 1.90889, 0.47587, 0.07840, 0.22098, -0.00103, -0.00099, 0.08918, 0.03803, -0.00101, 0.00735, 0.33051, 0.03178, 0.00413, 0.00245 
10920.0, 10.68827, 0.27136, 1.23521, 3.03216, 0.00216, 0.21460, 4.96878, 0.01715, 1.91082, 0.50330, 0.04932, 0.19501, 0.00704, 0.00284, 0.08096, 0.04441, -0.00101, 0.02935, 0.33402, 0.09984, 0.00398, 0.00535 
10980.0, 16.04221, 0.30445, 1.19042, 3.06418, 0.00089, 0.22003, 4.95911, 0.00934, 1.94365, 0.50166, 0.10889, 0.22401, -0.00103, -0.00099, 0.07152, 0.03585, 0.00196, 0.01850, 0.30912, 0.03667, 0.00659, 0.00528 
11040.0, 13.93107, 0.27684, 1.16263, 3.36376, 0.00220, 0.23306, 5.06756, 0.00359, 1.86079, 0.51067, 0.03858, 0.18451, -0.00103, -0.00099, 0.06915, 0.03007, -0.00101, 0.01946, 0.28456, 0.04384, 0.00224, 0.00502 
11100.0, 10.66641, 0.29471, 1.27373, 3.27725, 0.00241, 0.23926, 4.88964, 0.00702, 1.78661, 0.49415, 0.07186, 0.19511, -0.00103, -0.00098, 0.06004, 0.04268, 0.00461, 0.02083, 0.29623, 0.04340, 0.00171, 0.00302 
11160.0, 9.98282, 0.27701, 1.09453, 2.80335, 0.00017, 0.24693, 4.87062, 0.00941, 1.76509, 0.44514, 0.02433, 0.19797, 0.00918, -0.00098, 0.06316, 0.03093, -0.00102, 0.00734, 0.30327, 0.05415, -0.00094, -0.00005 
11220.0, 10.47348, 0.27011, 1.36856, 2.57482, -0.00090, 0.24487, 4.93118, -0.00036, 1.75913, 0.48265, 0.08991, 0.19854, -0.00103, -0.00098, 0.07256, 0.03862, -0.00102, 0.02693, 0.33168, 0.11209, 0.00420, 0.00327 
11280.0, 9.50423, 0.29558, 1.25275, 2.92990, 0.00311, 0.22419, 5.00200, 0.00305, 1.70434, 0.50046, 0.07978, 0.17990, -0.00103, -0.00098, 0.06502, 0.03767, 0.00245, 0.00504, 0.31993, 0.04674, 0.00016, 0.00408 
11340.0, 10.31687, 0.29821, 1.16113, 3.75528, 0.00123, 0.25378, 4.90784, 0.01079, 1.65864, 0.49680, 0.12129, 0.22106, -0.00103, -0.00098, 0.09762, 0.03913, -0.00102, 0.01840, 0.27012, 0.03913, 0.00360, 0.00323 
11400.0, 8.68558, 0.29665, 1.09799, 2.68461, 0.00002, 0.21792, 4.89456, 0.00216, 1.62380, 0.45726, 0.05930, 0.18975, -0.00103, -0.00098, 0.06380, 0.03679, 0.01537, 0.00965, 0.28795, 0.02653, -0.00147, 0.00333 
11460.0, 8.91915, 0.31810, 1.18270, 2.47056, 0.00096, 0.21348, 4.92774, 0.01061, 1.52877, 0.46356, 0.12765, 0.21629, 0.01319, -0.00097, 0.08913, 0.04949, -0.00103, 0.02812, 0.29912, 0.06089, 0.00362, 0.00257 
11520.0, 10.11226, 0.30002, 1.10508, 2.75039, 0.00341, 0.24532, 4.88745, 0.01879, 1.54605, 0.42665, 0.08595, 0.18205, 0.01013, -0.00097, 0.07347, 0.03814, 0.00480, 0.02312, 0.30861, 0.04398, 0.00381, 0.00259 
11580.0, 8.51167, 0.29984, 1.11163, 2.70642, -0.00059, 0.20654, 4.95143, 0.00488, 1.44324, 0.44333, 0.07254, 0.15036, 0.00600, -0.00097, 0.07295, 0.02990, 0.00801, 0.01535, 0.29302, 0.03934, 0.00279, 0.00473 
11640.0, 9.38712, 0.30460, 1.04723, 2.79580, 0.00544, 0.20883, 4.93443, -0.00037, 1.42887, 0.44447, -0.00117, 0.16308, -0.00103, -0.00097, 0.06003, 0.02656, -0.00103, 0.00806, 0.22082, 0.05060, 0.00188, 0.00717 
11700.0, 9.29472, 0.29865, 1.15266, 3.36175, 0.00200, 0.22706, 4.97963, 0.00854, 1.35354, 0.43538, 0.11732, 0.16538, -0.00102, -0.00097, 0.06682, 0.03149, 0.00709, 0.00336, 0.24726, 0.03637, -0.00051, 0.00811 
11760.0, 9.43476, 0.29406, 1.16314, 2.83323, 0.00413, 0.20122, 4.93538, 0.01410, 1.40941, 0.42947, 0.02977, 0.17334, 0.01128, 0.00427, 0.06458, 0.02567, 0.00107, 0.01796, 0.27633, 0.04430, 0.00413, 0.00325 
11820.0, 10.12809, 0.31852, 1.26319, 3.35626, 0.00017, 0.21826, 5.05208, -0.00037, 1.31787, 0.42709, 0.10954, 0.27150, 0.02324, 0.00170, 0.14773, 0.05603, 0.00649, 0.02109, 0.26009, 0.10086, 0.00445, 0.00412 
11880.0, 9.03275, 0.30340, 1.18029, 2.66424, 0.00341, 0.20197, 4.92555, 0.00411, 1.18533, 0.44855, 0.04247, 0.18424, -0.00102, 0.00884, 0.09354, 0.04405, 0.01364, 0.03259, 0.23355, 0.04335, 0.00185, 0.00416 
11940.0, 9.84010, 0.28511, 1.22856, 2.65884, -0.00092, 0.20415, 4.91922, 0.00685, 1.18487, 0.41947, 0.06011, 0.19511, 0.01156, -0.00096, 0.07331, 0.03070, -0.00104, 0.01280, 0.22282, 0.03983, -0.00232, 0.00238 
12000.0, 8.78978, 0.29094, 1.14924, 2.58705, 0.00030, 0.18096, 4.86316, 0.00552, 1.09417, 0.37854, 0.02849, 0.13817, -0.00102, -0.00096, 0.06452, 0.02902, 0.01066, 0.01820, 0.19140, 0.03768, 0.00411, 0.00544 
12060.0, 9.44699, 0.27606, 1.11756, 2.36074, -0.00032, 0.20056, 4.84391, 0.00216, 1.07692, 0.39620, 0.05956, 0.18237, 0.00531, 0.00903, 0.05832, 0.03678, -0.00104, 0.02319, 0.21241, 0.06137, -0.00057, 0.00427 
12120.0, 9.60953, 0.27808, 1.21732, 3.42020, 0.00092, 0.19650, 4.84055, 0.01982, 1.03475, 0.36396, 0.08603, 0.17208, -0.00102, -0.00096, 0.07342, 0.02387, 0.00073, 0.01798, 0.20650, 0.03857, 0.00482, 0.00575 
12180.0, 8.54956, 0.27517, 1.00480, 2.12880, 0.00167, 0.21327, 4.82870, -0.00038, 0.99196, 0.36207, 0.08152, 0.13582, -0.00102, 0.00540, 0.05243, 0.03252, -0.00104, 0.00805, 0.22631, 0.05428, 0.00186, 0.00373 
12240.0, 8.89708, 0.29604, 1.12994, 2.53412, 0.00023, 0.17982, 4.81895, 0.01159, 0.97284, 0.34184, 0.05312, 0.12544, -0.00102, 0.00298, 0.06450, 0.03177, 0.00801, 0.01246, 0.16634, 0.03179, -0.00225, 0.00314 
12300.0, 9.02895, 0.29843, 1.17298, 2.54422, 0.00105, 0.21329, 4.79015, 0.00674, 0.97316, 0.35350, 0.11628, 0.16159, 0.01565, -0.00095, 0.06317, 0.03535, 0.00062, 0.01126, 0.19579, 0.04902, 0.00242, 0.00450 
12360.0, -9999.00000, -9999.00000, -9999.00000, -9999.00000, -9999.00000, -9999.00000, -9999.00000, -9999.00000, -9999.00000, -9999.00000, -9999.00000, -9999.00000, -9999.00000, -9999.00000, -9999.00000, -9999.00000, -9999.00000, -9999.00000, -9999.00000, -9999.00000, -9999.00000, -9999.00000 
12420.0, -9999.00000, -9999.00000, -9999.00000, -9999.00000, -9999.00000, -9999.00000, -9999.00000, -9999.00000, -9999.00000, -9999.00000, -9999.00000, -9999.00000, -9999.00000, -9999.00000, -9999.00000, -9999.00000, -9999.00000, -9999.00000, -9999.00000, -9999.00000, -9999.00000, -9999.00000 
12480.0, -9999.00000, -9999.00000, -9999.00000, -9999.00000, -9999.00000, -9999.00000, -9999.00000, -9999.00000, -9999.00000, -9999.00000, -9999.00000, -9999.00000, -9999.00000, -9999.00000, -9999.00000, -9999.00000, -9999.00000, -9999.00000, -9999.00000, -9999.00000, -9999.00000, -9999.00000 
12540.0, -9999.00000, -9999.00000, -9999.00000, -9999.00000, -9999.00000, -9999.00000, -9999.00000, -9999.00000, -9999.00000, -9999.00000, -9999.00000, -9999.00000, -9999.00000, -9999.00000, -9999.00000, -9999.00000, -9999.00000, -9999.00000, -9999.00000, -9999.00000, -9999.00000, -9999.00000 
12600.0, -9999.00000, -9999.00000, -9999.00000, -9999.00000, -9999.00000, -9999.00000, -9999.00000, -9999.00000, -9999.00000, -9999.00000, -9999.00000, -9999.00000, -9999.00000, -9999.00000, -9999.00000, -9999.00000, -9999.00000, -9999.00000, -9999.00000, -9999.00000, -9999.00000, -9999.00000 
12660.0, -9999.00000, -9999.00000, -9999.00000, -9999.00000, -9999.00000, -9999.00000, -9999.00000, -9999.00000, -9999.00000, -9999.00000, -9999.00000, -9999.00000, -9999.00000, -9999.00000, -9999.00000, -9999.00000, -9999.00000, -9999.00000, -9999.00000, -9999.00000, -9999.00000, -9999.00000 
12720.0, -9999.00000, -9999.00000, -9999.00000, -9999.00000, -9999.00000, -9999.00000, -9999.00000, -9999.00000, -9999.00000, -9999.00000, -9999.00000, -9999.00000, -9999.00000, -9999.00000, -9999.00000, -9999.00000, -9999.00000, -9999.00000, -9999.00000, -9999.00000, -9999.00000, -9999.00000 
12780.0, -9999.00000, -9999.00000, -9999.00000, -9999.00000, -9999.00000, -9999.00000, -9999.00000, -9999.00000, -9999.00000, -9999.00000, -9999.00000, -9999.00000, -9999.00000, -9999.00000, -9999.00000, -9999.00000, -9999.00000, -9999.00000, -9999.00000, -9999.00000, -9999.00000, -9999.00000 
12840.0, -9999.00000, -9999.00000, -9999.00000, -9999.00000, -9999.00000, -9999.00000, -9999.00000, -9999.00000, -9999.00000, -9999.00000, -9999.00000, -9999.00000, -9999.00000, -9999.00000, -9999.00000, -9999.00000, -9999.00000, -9999.00000, -9999.00000, -9999.00000, -9999.00000, -9999.00000 
12900.0, -9999.00000, -9999.00000, -9999.00000, -9999.00000, -9999.00000, -9999.00000, -9999.00000, -9999.00000, -9999.00000, -9999.00000, -9999.00000, -9999.00000, -9999.00000, -9999.00000, -9999.00000, -9999.00000, -9999.00000, -9999.00000, -9999.00000, -9999.00000, -9999.00000, -9999.00000 
12960.0, -9999.00000, -9999.00000, -9999.00000, -9999.00000, -9999.00000, -9999.00000, -9999.00000, -9999.00000, -9999.00000, -9999.00000, -9999.00000, -9999.00000, -9999.00000, -9999.00000, -9999.00000, -9999.00000, -9999.00000, -9999.00000, -9999.00000, -9999.00000, -9999.00000, -9999.00000 
13020.0, 9.72021, 0.35661, -9999.00000, 2.95228, 0.00095, 0.20387, 4.97659, 0.00252, -9999.00000, 0.36536, 0.12068, 0.15268, 0.00448, 0.00212, 0.06971, 0.03500, -0.00105, 0.02445, 0.19958, 0.05301, 0.00266, 0.00487 
13080.0, 9.59385, 0.32197, 1.15115, 2.66611, 0.00436, 0.17533, 4.87685, 0.00552, 0.90824, 0.34638, 0.07481, 0.14223, -0.00101, -0.00090, 0.07103, 0.04088, -0.00105, 0.03168, 0.15713, 0.05062, 0.00625, 0.00400 
