CampaignData_and_Merges/R0/CSL_MobileLab_Parked/raw/20240722/USOS-POPS_MobileLabGround_20240722_R0.ict
78, 1001
Thornberry, T. D.
NOAA Chemical Sciences Laboratory
Portable Optical Particle Spectrometer (POPS)
USOS
1, 1
2024, 07, 22, 2025, 05, 08
60
Time_Start, seconds_past_midnight, Start time of measurement
45
1, 1, 1, 1, 1, 1, 1, 1, 1, 1, 1, 1, 1, 1, 1, 1, 1, 1, 1, 1, 1, 1, 1, 1, 1, 1, 1, 1, 1, 1, 1, 1, 1, 1, 1, 1, 1, 1, 1, 1, 1, 1, 1, 1, 1
-9999, -9999, -9999, -9999, -9999, -9999, -9999, -9999, -9999, -9999, -9999, -9999, -9999, -9999, -9999, -9999, -9999, -9999, -9999, -9999, -9999, -9999, -9999, -9999, -9999, -9999, -9999, -9999, -9999, -9999, -9999, -9999, -9999, -9999, -9999, -9999, -9999, -9999, -9999, -9999, -9999, -9999, -9999, -9999, -9999
Time_Stop, seconds_past_midnight, Stop time of measurement
Time_Mid, seconds_past_midnight, Mid time of measurement
Press_mb, mb, Pressure reported (mb)
Temp_C, degrees C, POPS temperature measurement
Aerosol_concentration, cm^-3, Aerosol concentration
Surface_Area_Conc, um^2 cm^-3, Surface area concentration
Volume_density, um^3 cm^-3, Volume density
Effective_radius, um, Effective radius
Extinction, km^-1, Extinction
Bin01, cm^-3, particle concentration in size range [1401 - 146.3 nm]
Bin02, cm^-3, particle concentration in size range [146.3 - 152.8 nm]
Bin03, cm^-3, particle concentration in size range [152.8 - 159.6 nm]
Bin04, cm^-3, particle concentration in size range [159.6 - 166.8 nm]
Bin05, cm^-3, particle concentration in size range [166.8 - 174.2 nm]
Bin06, cm^-3, particle concentration in size range [174.2 - 181.9 nm]
Bin07, cm^-3, particle concentration in size range [181.9 - 190.0 nm]
Bin08, cm^-3, particle concentration in size range [190.0 - 198.5 nm]
Bin09, cm^-3, particle concentration in size range [198.5 - 207.4 nm]
Bin10, cm^-3, particle concentration in size range [207.4 - 216.6 nm]
Bin11, cm^-3, particle concentration in size range [216.6 - 226.2 nm]
Bin12, cm^-3, particle concentration in size range [226.2 - 236.3 nm]
Bin13, cm^-3, particle concentration in size range [236.3 - 246.8 nm]
Bin14, cm^-3, particle concentration in size range [246.8 - 257.8 nm]
Bin15, cm^-3, particle concentration in size range [257.8 - 269.3 nm]
Bin16, cm^-3, particle concentration in size range [269.3 - 343.4 nm]
Bin17, cm^-3, particle concentration in size range [343.4 - 450.7 nm]
Bin18, cm^-3, particle concentration in size range [450.7 - 525.9 nm]
Bin19, cm^-3, particle concentration in size range [525.9 - 618.5 nm]
Bin20, cm^-3, particle concentration in size range [618.5 - 710.0 nm]
Bin21, cm^-3, particle concentration in size range [710.0 - 822.7 nm]
Bin22, cm^-3, particle concentration in size range [822.7 - 885.9 nm]
Bin23, cm^-3, particle concentration in size range [885.9 - 953.9 nm]
Bin24, cm^-3, particle concentration in size range [953.9 - 1027.2 nm]
Bin25, cm^-3, particle concentration in size range [1027.2 - 1106.1 nm]
Bin26, cm^-3, particle concentration in size range [1106.1 - 1191.0 nm]
Bin27, cm^-3, particle concentration in size range [1191.0 - 1282.5 nm]
Bin28, cm^-3, particle concentration in size range [1282.5 - 1381.0 nm]
Bin29, cm^-3, particle concentration in size range [1381.0 - 1487.1 nm]
Bin30, cm^-3, particle concentration in size range [1487.1 - 1601.3 nm]
Bin31, cm^-3, particle concentration in size range [1601.3 - 1724.3 nm]
[...]
PLATFORM: NOAA CSL Mobile Lab
LOCATION: USOS
ASSOCIATED_DATA: N/A
INSTRUMENT_INFO: Printed Optical Particle Spectrometer counts particles from 140 - 2500 nm in diameter 
DATA_INFO: Particle concentrations reported in number per cubic centimeter,1 Hz data
UNCERTAINTY: Counting uncertainty dominated by air flow, less than 5 percent. Measurement range is ~0 - 3000 per cm3 (varies depending on flow rate- manufacturer quotes 1250 per cm3 at 1.667 cc/s)
ULOD_FLAG: -7777
ULOD_VALUE: N/A
LLOD_FLAG: -8888
LLOD_VALUE: N/A
DM_CONTACT_INFO: Troy Thornberry, 325 Broadway R/CSL6, Boulder, CO 80305; troy.thornberry@noaa.gov; 303-497-3373
PROJECT_INFO: USOS, Utah POPS data from NOAA CSL Mobile Lab
STIPULATIONS_ON_USE: Please contact the PIs for questions regarding applications and uncertainties
OTHER_COMMENTS: POPS bin Edges (nm):  140.1, 146.3, 152.8, 159.6, 166.8, 174.2, 181.9, 190.0, 198.5, 207.4, 216.6, 226.2, 236.3, 246.8, 257.8, 269.3, 343.4, 450.7, 525.9, 618.5, 710.0, 822.7, 885.9, 953.9, 1027.2, 1106.1, 1191.0, 1282.5, 1381.0, 1487.1, 1601.3, 1724.3, 1856.7, 1999.3, 2152.8, 2318.2, 2496.2
Calculations assume organic aerosol refractive index of 1.52+0.00j and extinction wavelength = 532 nm
REVISION: R0
R0: Final data
Time_Start, Time_Stop, Time_Mid, Press_mb, Temp_C, Aerosol_concentration, Surface_Area_Conc, Volume_density, Effective_radius, Extinction, Bin01, Bin02, Bin03, Bin04, Bin05, Bin06, Bin07, Bin08, Bin09, Bin10, Bin11, Bin12, Bin13, Bin14, Bin15, Bin16, Bin17, Bin18, Bin19, Bin20, Bin21, Bin22, Bin23, Bin24, Bin25, Bin26, Bin27, Bin28, Bin29, Bin30, Bin31, Bin32, Bin33, Bin34, Bin35, Bin36
[from data line 354]
21240,21299,21270,872.147,29.774,496.607,98.088,5.026,0.153,0.033,22.258217,22.068102,23.282846,24.359278,24.676855,24.421902,24.888290,24.526346,23.800190,23.532330,24.274294,25.638100,26.052059,26.018150,23.963057,92.671921,31.135138,6.565191,1.731446,0.260241,0.215106,0.099131,0.057410,0.023157,0.017745,0.011540,0.011823,0.005848,0.000000,0.005947,0.005907,0.011457,0.005848,0.005868,0.000000,0.005988
21300,21359,21330,872.122,30.084,498.797,98.880,5.218,0.158,0.034,21.992325,23.336060,23.263721,24.331615,24.289713,25.606575,23.985531,24.379650,24.889284,24.393456,25.149284,25.623726,26.194714,25.476820,23.048716,92.621902,30.871147,6.715579,1.800178,0.269869,0.233856,0.051369,0.058397,0.046847,0.028299,0.022771,0.005634,0.017264,0.017444,0.005845,0.017331,0.017078,0.017226,0.011420,0.000000,0.005905
21360,21419,21390,872.137,30.547,498.979,98.510,5.108,0.155,0.033,22.948448,22.239864,23.031179,24.009203,24.840448,25.174932,24.938002,24.275530,24.105532,24.251318,24.945702,26.570347,25.632109,26.567314,22.661585,93.075478,30.564114,6.496455,1.854807,0.352146,0.158049,0.085270,0.030416,0.006163,0.048906,0.006227,0.043167,0.005942,0.012043,0.000000,0.012125,0.012104,0.012087,0.000000,0.005828,0.006122
21420,21479,21450,872.182,30.706,499.384,99.073,5.181,0.156,0.034,22.674854,22.762108,23.106594,23.651693,24.836508,24.819574,24.569407,24.393869,25.065676,24.391861,24.754391,25.809010,26.095154,25.788881,23.424040,93.574402,30.225292,6.778892,1.729847,0.322169,0.200566,0.080893,0.098225,0.052200,0.034551,0.028479,0.005925,0.017558,0.022965,0.034108,0.000000,0.005786,0.011850,0.005766,0.011418,0.000000
21480,21539,21510,872.172,30.514,496.389,98.143,5.183,0.158,0.033,22.345621,21.945873,22.779312,24.722628,24.752962,25.225008,24.464743,25.750965,23.836615,24.858673,24.717041,26.091183,26.063272,25.841236,22.394270,90.788239,30.529814,6.593273,1.928998,0.267155,0.221014,0.056533,0.016681,0.028480,0.033814,0.016411,0.017355,0.011472,0.005745,0.011115,0.028136,0.005805,0.000000,0.011832,0.016888,0.011197
21540,21599,21570,872.170,30.300,485.779,96.779,5.233,0.161,0.033,22.306030,21.962729,22.996922,23.224566,24.577499,24.001400,24.227108,23.835535,22.981365,23.929737,24.079885,25.145004,25.823658,25.319143,22.718737,89.731224,29.860580,6.370479,1.846175,0.269017,0.190142,0.067204,0.027950,0.056273,0.017367,0.022089,0.028060,0.016968,0.033417,0.022383,0.028405,0.000000,0.010942,0.016843,0.028356,0.005347
21600,21659,21630,872.146,30.094,490.819,97.384,5.283,0.162,0.033,22.746666,22.821491,22.042538,24.489992,24.290283,25.087595,24.030663,24.938322,24.415377,23.883770,24.188889,25.200636,25.473913,25.390360,22.997711,89.275124,30.294302,6.546050,1.862460,0.215813,0.222384,0.076464,0.058758,0.058959,0.029244,0.040271,0.000000,0.029139,0.028942,0.005988,0.017461,0.023182,0.000000,0.006029,0.005809,0.024078
21660,21719,21690,872.182,29.849,487.629,96.180,4.954,0.154,0.033,21.454716,22.656317,22.536858,23.755392,24.360279,24.649727,23.387529,24.357563,23.978174,23.854349,24.703602,25.768497,25.080891,25.150484,23.016270,90.353958,29.554571,6.451484,1.757778,0.260798,0.194645,0.100296,0.050548,0.033455,0.028050,0.021690,0.016563,0.039270,0.016472,0.005612,0.011149,0.005376,0.005411,0.005411,0.005767,0.000000
21720,21779,21750,872.189,29.718,489.455,97.336,5.141,0.158,0.033,22.057838,22.016954,22.866287,23.956717,24.461441,24.219622,23.992889,24.530653,24.369663,24.290205,24.284613,24.762672,25.291609,25.782270,22.385691,90.576584,29.987619,6.755740,1.953083,0.361335,0.208990,0.084525,0.044931,0.028220,0.044577,0.011060,0.016443,0.005726,0.016599,0.033879,0.011502,0.005503,0.022619,0.005805,0.005688,0.005726
21780,21839,21810,872.165,29.490,488.960,96.556,4.966,0.154,0.033,22.571049,22.779438,23.042511,23.051582,24.168480,24.375099,23.870712,24.425991,24.349228,23.761261,23.921047,24.665958,26.005882,24.997776,22.598066,91.161758,29.678621,6.895438,1.900662,0.308864,0.164010,0.072897,0.045658,0.039963,0.000000,0.022357,0.005726,0.028678,0.011324,0.005824,0.017086,0.005398,0.000000,0.000000,0.000000,0.011263
21840,21899,21870,872.147,29.837,492.048,97.488,5.123,0.157,0.033,22.285126,22.832621,22.428198,24.085546,25.028116,24.235765,24.394485,24.300030,24.273489,24.442591,23.797056,24.873035,26.322123,24.922436,22.923798,90.987137,30.659700,6.544312,1.870798,0.309593,0.203691,0.096307,0.034104,0.028713,0.045287,0.005726,0.027916,0.011266,0.017375,0.011299,0.005521,0.016937,0.016937,0.000000,0.005594,0.005631
21900,21959,21930,872.171,30.307,488.521,97.010,5.107,0.157,0.033,22.626104,22.267624,23.133713,23.112106,23.994352,24.086519,23.851336,23.730301,24.545555,23.784796,24.142645,25.342699,25.479734,25.134035,22.526678,91.686623,30.184589,6.162123,1.893712,0.252311,0.171357,0.113423,0.062593,0.067235,0.033704,0.011124,0.011155,0.011394,0.022532,0.028192,0.011206,0.000000,0.011210,0.011097,0.005467,0.011310
21960,22019,21990,872.178,30.478,492.095,98.038,5.254,0.160,0.034,22.983965,22.858511,22.632872,23.752470,24.130743,24.173693,24.302279,24.270004,24.194098,23.644228,24.745407,25.413937,25.371222,25.258703,23.503862,90.450462,30.845779,6.833824,1.888401,0.267961,0.177073,0.102583,0.080527,0.039813,0.017015,0.017333,0.016656,0.011382,0.011594,0.017494,0.017456,0.017405,0.029218,0.000000,0.011327,0.005925
22020,22079,22050,872.173,30.269,488.696,97.033,5.142,0.159,0.033,23.256674,22.668406,22.733141,22.922215,23.780245,24.665403,23.643415,24.379238,24.019459,24.114840,24.382359,25.214767,25.645830,25.417023,22.286325,90.023041,30.159391,6.568034,2.007871,0.270624,0.190450,0.084711,0.072074,0.033886,0.028145,0.011163,0.011103,0.022263,0.000000,0.016788,0.011437,0.000000,0.016816,0.016518,0.011376,0.011375
22080,22139,22110,872.141,30.077,490.019,97.214,5.196,0.160,0.033,21.899817,22.688005,22.600014,23.819513,24.630314,24.639074,23.954699,24.956606,23.850697,24.482700,24.198322,25.182957,26.306168,25.125883,22.478111,89.842194,30.038168,6.635343,1.817797,0.277651,0.220944,0.079103,0.073291,0.050976,0.017084,0.016955,0.022982,0.022418,0.005745,0.017104,0.011190,0.011453,0.011433,0.011359,0.005669,0.016894
22140,22199,22170,872.136,29.827,491.453,97.482,5.166,0.158,0.033,22.729193,22.202009,23.093105,23.890491,25.036182,24.730040,24.578367,24.223364,23.031094,23.350517,24.862289,25.277590,25.953402,25.247702,22.562525,90.798500,30.738319,6.501184,1.875643,0.239402,0.203869,0.088355,0.033894,0.028009,0.016856,0.010915,0.033449,0.028004,0.010963,0.016456,0.017018,0.005464,0.011020,0.005708,0.000000,0.022073
22200,22259,22230,872.160,29.656,488.701,96.665,5.163,0.160,0.033,21.750784,22.033587,23.049118,23.906542,24.545242,24.091806,24.353249,24.466457,24.213339,24.725618,23.994072,25.182249,25.613104,25.051468,22.873354,89.992149,29.669628,6.504021,1.916497,0.266005,0.196436,0.063452,0.052532,0.029052,0.017755,0.011671,0.017387,0.011829,0.017397,0.017109,0.011495,0.028460,0.005634,0.005709,0.005805,0.011437
22260,22319,22290,872.123,29.785,486.952,96.709,5.135,0.159,0.033,22.251822,22.196907,23.083740,23.538689,24.180527,23.755121,24.037458,24.177423,23.617304,23.670555,23.774113,25.277725,25.511053,25.500071,22.675436,90.169731,30.170870,6.740994,1.777403,0.309312,0.179954,0.096112,0.050619,0.067095,0.011434,0.017257,0.017103,0.011386,0.011227,0.005688,0.016497,0.022554,0.011250,0.005594,0.000000,0.011474
22320,22379,22350,872.125,30.287,482.406,95.472,4.995,0.157,0.033,21.986372,22.888744,22.672752,23.199240,23.950884,24.076633,23.628504,24.230528,23.547907,23.374084,23.912193,24.310068,25.140604,24.775429,22.075190,89.924728,29.831499,6.226502,1.853447,0.265549,0.191386,0.095425,0.050520,0.028424,0.033489,0.011510,0.022770,0.017101,0.011591,0.016855,0.022396,0.005485,0.011377,0.000000,0.016934,0.000000
22380,22439,22410,872.125,30.598,486.742,97.124,5.307,0.163,0.033,22.937651,22.223656,22.544786,23.858158,24.153564,23.847672,23.853006,24.087240,23.586130,23.667904,24.212101,24.923201,25.403728,25.216930,22.408401,90.017365,30.589775,6.425845,1.885223,0.323466,0.202000,0.052069,0.063012,0.028479,0.040390,0.028731,0.005884,0.028609,0.023347,0.022744,0.011596,0.029057,0.011328,0.005845,0.005747,0.017579
22440,22499,22470,872.131,30.521,487.363,96.393,5.044,0.157,0.033,22.147066,22.477192,22.595369,23.809530,23.945185,24.398760,23.951916,24.549105,24.030409,23.933355,24.784746,25.235901,25.244228,25.009453,22.568596,89.913956,29.636507,6.271276,2.006135,0.265381,0.194803,0.118596,0.077334,0.069506,0.023525,0.017594,0.012058,0.017823,0.000000,0.000000,0.022865,0.000000,0.011487,0.000000,0.005907,0.017566
22500,22559,22530,872.143,30.308,482.984,95.501,4.975,0.156,0.033,22.720949,21.851206,23.044510,23.472153,24.233608,23.636681,23.372957,24.412899,23.603859,23.504793,23.818106,24.981739,25.251328,24.527472,22.391951,89.561317,29.423660,6.440799,1.883412,0.311584,0.245288,0.077414,0.032906,0.055457,0.016627,0.027548,0.000000,0.011093,0.000000,0.016619,0.022754,0.000000,0.000000,0.022052,0.005482,0.005612
22560,22619,22590,872.161,30.094,485.101,96.056,5.029,0.157,0.033,21.892870,22.335302,22.596729,23.453012,24.439453,23.669271,24.344551,23.949360,24.627497,23.472622,23.286060,25.300316,25.296383,24.968792,22.616499,89.865051,29.798719,6.514984,1.852089,0.268436,0.208440,0.120060,0.041470,0.034822,0.023753,0.011768,0.023625,0.011907,0.000000,0.018167,0.017998,0.011617,0.023863,0.000000,0.000000,0.005893
22620,22679,22650,872.170,29.911,489.627,97.416,5.221,0.160,0.033,21.936808,22.705456,22.990461,23.260866,24.357988,24.379896,24.039970,24.544653,24.362347,24.477320,23.924435,24.477781,25.732269,25.327520,22.568422,90.795135,30.299885,6.527950,2.020358,0.336730,0.241240,0.090049,0.039042,0.028174,0.027823,0.033699,0.011204,0.016816,0.005650,0.005669,0.005612,0.016799,0.000000,0.000000,0.016467,0.022523
22680,22739,22710,872.161,29.715,486.076,96.643,4.992,0.155,0.033,21.999866,22.113916,22.062815,23.414244,24.106028,24.118883,23.608728,24.187056,24.304642,23.557360,23.502424,25.290234,25.568558,25.169308,22.250883,91.429115,30.017736,6.576013,1.927364,0.285122,0.206605,0.086408,0.075367,0.029073,0.068329,0.028397,0.017345,0.033870,0.005690,0.000000,0.017072,0.000000,0.005845,0.005580,0.000000,0.005709
22740,22799,22770,872.151,29.838,485.270,97.477,5.331,0.163,0.034,22.133368,21.930950,22.310713,23.392654,23.798269,24.441113,23.432762,24.308954,23.538643,23.294189,24.140295,24.771742,25.688364,25.198843,22.450514,90.689224,30.266632,6.521576,2.001174,0.321487,0.197986,0.122388,0.029818,0.035121,0.071360,0.011802,0.023532,0.017342,0.011716,0.011996,0.035206,0.005887,0.017338,0.011759,0.023445,0.011721
22800,22859,22830,872.170,30.304,489.583,96.941,5.098,0.158,0.033,23.007549,22.898991,22.665693,23.935545,24.176773,24.198307,24.304197,24.366302,24.145376,24.379051,23.471033,25.606670,25.750721,24.412580,22.596443,90.187202,30.101954,6.597304,1.900165,0.317103,0.159112,0.125957,0.051346,0.039727,0.050967,0.017007,0.016963,0.011578,0.022849,0.016751,0.017066,0.011511,0.011612,0.000000,0.005824,0.005503
22860,22919,22890,872.171,30.485,490.111,97.896,5.201,0.159,0.034,22.333691,21.976301,22.455921,23.781538,24.242010,24.403793,23.844183,24.149151,23.968439,24.073483,24.191257,25.590250,26.139311,25.961946,22.122005,90.876213,30.392742,6.589681,1.991423,0.334386,0.247348,0.122509,0.061946,0.050539,0.055645,0.022024,0.033677,0.016704,0.011223,0.005669,0.016668,0.010920,0.022306,0.010946,0.005429,0.000000
22920,22979,22950,872.198,30.273,483.261,96.344,5.134,0.159,0.033,21.599808,21.245560,22.710466,23.037247,23.514151,23.864248,24.094395,24.033136,23.948105,23.753698,23.430843,25.684715,25.397558,25.208385,22.165102,90.539612,29.790165,6.622510,1.873648,0.201346,0.189300,0.046267,0.057402,0.063329,0.040334,0.028798,0.011732,0.005884,0.000000,0.005728,0.040356,0.011422,0.028662,0.005634,0.005653,0.005672
22980,23039,23010,872.207,30.085,495.995,98.824,5.228,0.158,0.034,22.649147,23.284058,23.093031,23.534157,24.038588,24.524702,25.014381,24.217243,24.127087,23.861357,24.440273,25.856695,26.331854,25.512629,22.444595,93.153320,30.634253,6.478505,1.861031,0.290480,0.229071,0.072837,0.045163,0.039274,0.049944,0.033456,0.055607,0.016612,0.016684,0.027872,0.027707,0.000000,0.011494,0.016676,0.000000,0.005411
23040,23099,23070,872.206,29.833,504.462,99.912,5.178,0.155,0.034,23.725662,23.546419,23.216213,24.755039,24.631975,25.314129,25.107044,24.571684,24.477131,25.175043,24.810785,24.965212,26.845352,25.587633,22.736885,94.651352,30.447771,7.022995,2.049121,0.216078,0.213792,0.087546,0.063898,0.080726,0.023631,0.023060,0.017335,0.011696,0.017570,0.011736,0.045856,0.005771,0.005809,0.000000,0.000000,0.000000
23100,23159,23130,872.197,29.638,507.334,101.084,5.561,0.165,0.035,23.749123,24.170942,23.958685,24.664066,25.242659,25.075026,24.893536,25.376328,24.946220,24.950748,24.700666,25.735176,26.724432,25.825331,23.230318,93.402115,30.989922,6.685916,2.077428,0.267485,0.193419,0.097922,0.068481,0.033820,0.051639,0.034245,0.016787,0.022688,0.028547,0.017261,0.028992,0.017224,0.005786,0.017128,0.017038,0.017110
23160,23219,23190,872.207,29.917,518.945,102.916,5.428,0.158,0.035,23.683979,24.378212,24.107685,24.758142,25.926979,25.559191,25.199429,25.504087,25.180216,25.302435,26.051107,26.866491,26.945496,27.224022,24.090599,96.336800,32.001293,6.981784,2.033094,0.288860,0.199859,0.083591,0.027004,0.022189,0.033010,0.044071,0.027687,0.016649,0.000000,0.016404,0.000000,0.010824,0.016311,0.011075,0.000000,0.016766
23220,23279,23250,872.225,30.395,514.893,101.968,5.443,0.160,0.035,24.132793,24.660425,23.908691,25.046188,25.530996,25.840231,25.106030,25.891541,25.316723,24.813559,25.582609,26.389637,27.070417,25.894434,23.486721,94.779335,31.497747,7.192135,1.838193,0.271017,0.210461,0.088951,0.077725,0.028097,0.044726,0.038743,0.016857,0.044426,0.011041,0.005574,0.033458,0.033015,0.000000,0.005342,0.005291,0.000000
23280,23339,23310,872.222,30.562,516.207,102.484,5.578,0.163,0.035,24.600410,24.280390,23.975164,24.978125,25.577650,25.627285,25.402567,25.621733,25.052061,25.559528,25.271559,26.530195,26.804623,25.960720,23.921518,96.015862,31.414761,6.695759,1.990467,0.295830,0.267287,0.069057,0.045648,0.051814,0.035003,0.017285,0.011543,0.011854,0.011677,0.017277,0.023315,0.017221,0.005887,0.000000,0.011158,0.034691
23340,23399,23370,872.229,30.442,514.146,102.091,5.628,0.165,0.035,24.712145,23.694706,24.079115,24.940342,25.895826,25.976130,24.971357,25.526115,24.816837,25.707283,25.166130,27.210814,26.127562,26.326910,23.554554,94.674187,31.053406,6.713635,2.079362,0.282027,0.194233,0.101292,0.078001,0.042687,0.035788,0.006184,0.036592,0.011929,0.005865,0.023673,0.018163,0.030021,0.011903,0.000000,0.012087,0.029637
23400,23459,23430,872.227,30.206,526.155,104.447,5.605,0.160,0.036,25.358675,25.057821,24.837099,25.276266,26.000601,25.979660,25.510263,25.990232,25.522869,25.437231,25.729837,26.724222,27.645914,27.320055,24.606297,96.932808,32.074745,7.139544,2.061582,0.284845,0.246790,0.099779,0.055901,0.039619,0.045021,0.021785,0.016783,0.033583,0.016777,0.010847,0.016564,0.016583,0.010897,0.005688,0.022468,0.005767
23460,23519,23490,872.230,30.005,518.319,102.508,5.482,0.160,0.035,24.545664,25.030079,23.979662,25.267902,26.026781,26.038446,25.942862,25.692005,24.789011,25.081852,25.180523,26.490894,27.091982,25.955889,23.762072,96.515030,31.263676,6.788214,1.990103,0.308193,0.155407,0.100945,0.062538,0.039917,0.028349,0.038787,0.021876,0.011165,0.022113,0.011324,0.040197,0.017030,0.000000,0.005845,0.005381,0.016803
