CampaignData_and_Merges/R0/CSL_MobileLab_Parked/raw/20240722/USOS-MetNav_MobileLabGround_20240722_R0.ict
44, 1001
Carrie Womack, Nate Howard, Mike Zucker
NOAA Chemical Sciences Laboratory
Mobile Lab MetNav Station
USOS
1, 1
2024, 07, 22, 2024, 12, 21
60
Time_Start, seconds_past_midnight, Seconds from midnight UTC
11
1, 1, 1, 1, 1, 1, 1, 1, 1, 1, 1
-9999, -9999, -9999, -9999, -9999, -9999, -9999, -9999, -9999, -9999, -9999
GPS_Alt_m, meters, Altitude from Differential GPS
GPS_Course_deg, degrees, Course from Differential GPS
GPS_GndSpd_m_s, m/s, Ground Speed from Differential GPS
GPS_Heading_deg, degrees, Heading from Differential GPS
GPS_Lat_deg, degrees, Latitude from Differential GPS
GPS_Lon_deg, degrees, Longitude from Differential GPS
AirTemp_C, Celsius, Air Temperature from Airmar
RelHumidity_pct, percent, Relative Humidity from Airmar
Pressure_mb, millibars, Pressure from Honeywell
WindDir_calc_deg, degrees, Wind Direction from Airmar corrected for van movement
WindSpd_calc_m_s, m/s, Wind Speed from Airmar corrected for van movement
1
SPECIAL COMMENTS:
18
PI_CONTACT_INFO: Address: 325 Broadway R/CSL7, Boulder, CO, 80305
PLATFORM: CSL Mobile Lab
LOCATION: Salt Lake City, UT
ASSOCIATED_DATA: N/A
INSTRUMENT_INFO: N/A
DATA_INFO: Units:
UNCERTAINTY: N/A
ULOD_FLAG: -7777
ULOD_VALUE: N/A
LLOD_FLAG: -8888
LLOD_VALUE: N/A
DM_CONTACT_INFO: Data Manager: Nate Howard
PROJECT_INFO: 
STIPULATIONS_ON_USE: Use of these data require prior ok from PI.
OTHER_COMMENTS: 
REVISION: R0
R0: Final data. Fixed bug in wind averaging code. RA: Preliminary Data. For in-field use only. 
Time_Start, GPS_Alt_m, GPS_Course_deg, GPS_GndSpd_m_s, GPS_Heading_deg, GPS_Lat_deg, GPS_Lon_deg, AirTemp_C, RelHumidity_pct, Pressure_mb, WindDir_calc_deg, WindSpd_calc_m_s
[from data line 600]
36000.0,1309.6,0.24,0.04,0.24,40.73434,-111.87211,24.7,23.0,876.3,100.00,0.9
36060.0,1309.6,0.75,0.05,0.75,40.73434,-111.87211,24.7,23.0,876.3,117.34,2.9
36120.0,1309.7,1.27,0.05,1.27,40.73434,-111.87211,24.6,23.0,876.3,113.35,2.4
36180.0,1309.7,1.49,0.04,1.49,40.73434,-111.87211,24.6,23.0,876.2,108.02,2.7
36240.0,1309.7,1.20,0.04,1.20,40.73434,-111.87211,24.7,23.1,876.3,106.68,1.7
36300.0,1309.8,1.50,0.04,1.50,40.73434,-111.87211,24.6,23.2,876.3,111.33,3.1
36360.0,1309.7,1.12,0.05,1.12,40.73434,-111.87211,24.6,23.4,876.3,115.49,2.9
36420.0,1310.2,0.88,0.05,0.88,40.73434,-111.87211,24.6,23.6,876.3,125.24,1.8
36480.0,1309.9,0.33,0.05,0.33,40.73434,-111.87211,24.6,23.5,876.3,107.01,1.8
36540.0,1309.7,0.29,0.04,0.29,40.73434,-111.87211,24.6,23.4,876.3,104.46,1.6
36600.0,1309.6,359.71,0.04,359.71,40.73434,-111.87211,24.5,23.4,876.3,97.64,2.0
36660.0,1309.7,359.37,0.05,359.37,40.73434,-111.87211,24.6,23.6,876.3,108.80,2.4
36720.0,1309.6,359.03,0.05,359.03,40.73434,-111.87211,24.5,23.5,876.3,96.13,1.8
36780.0,1309.6,359.34,0.05,359.34,40.73434,-111.87211,24.6,23.5,876.3,107.91,1.5
36840.0,1309.6,359.17,0.05,359.17,40.73434,-111.87211,24.6,23.6,876.2,109.68,1.5
36900.0,1309.5,359.21,0.04,359.21,40.73434,-111.87211,24.5,23.7,876.2,108.61,2.4
36960.0,1309.4,358.85,0.04,358.85,40.73434,-111.87211,24.6,23.5,876.2,104.63,2.3
37020.0,1309.3,358.37,0.04,358.37,40.73434,-111.87211,24.6,23.6,876.2,109.15,2.5
37080.0,1309.3,358.84,0.04,358.84,40.73434,-111.87211,24.6,23.6,876.2,110.31,2.1
37140.0,1309.2,359.09,0.04,359.09,40.73434,-111.87211,24.5,23.5,876.2,96.99,2.8
37200.0,1309.3,359.26,0.04,359.26,40.73434,-111.87211,24.6,23.6,876.2,104.22,2.2
37260.0,1309.4,359.43,0.04,359.43,40.73434,-111.87211,24.6,23.8,876.2,107.73,1.8
37320.0,1309.3,359.57,0.04,359.57,40.73433,-111.87210,24.6,23.7,876.2,102.65,2.2
37380.0,1309.4,359.57,0.04,359.57,40.73433,-111.87210,24.6,23.6,876.2,96.42,1.6
37440.0,1309.7,359.30,0.05,359.30,40.73433,-111.87210,24.6,23.7,876.2,117.25,1.4
37500.0,1309.8,359.06,0.05,359.06,40.73433,-111.87210,24.6,23.7,876.2,106.63,1.0
37560.0,1309.9,359.05,0.05,359.05,40.73433,-111.87210,24.6,23.7,876.2,105.01,1.9
37620.0,1309.8,359.46,0.05,359.46,40.73433,-111.87210,24.6,23.8,876.2,109.47,2.7
37680.0,1309.0,359.89,0.05,359.89,40.73434,-111.87210,24.6,23.8,876.2,106.21,1.9
37740.0,1309.1,359.69,0.06,359.69,40.73433,-111.87210,24.6,23.8,876.2,115.98,2.8
37800.0,1309.8,359.69,0.05,359.69,40.73433,-111.87210,24.5,23.9,876.2,106.83,3.1
37860.0,1310.0,0.03,0.05,0.03,40.73433,-111.87210,24.5,23.9,876.2,110.89,3.5
37920.0,1310.1,0.09,0.06,0.09,40.73433,-111.87210,24.6,24.0,876.2,108.54,2.5
37980.0,1310.1,359.91,0.05,359.91,40.73433,-111.87210,24.6,24.2,876.2,116.67,2.2
38040.0,1310.0,359.59,0.05,359.59,40.73433,-111.87210,24.5,24.2,876.2,118.61,2.6
38100.0,1310.2,359.22,0.06,359.22,40.73433,-111.87210,24.5,24.2,876.2,112.63,3.8
38160.0,1310.1,359.52,0.05,359.52,40.73433,-111.87210,24.5,24.4,876.2,108.66,2.3
38220.0,1310.1,359.29,0.05,359.29,40.73433,-111.87210,24.5,24.2,876.2,98.46,2.7
38280.0,1310.4,358.96,0.06,358.96,40.73433,-111.87210,24.5,24.2,876.2,106.60,2.7
38340.0,1310.4,358.91,0.05,358.91,40.73433,-111.87211,24.5,24.2,876.2,111.90,4.0
38400.0,1310.3,358.74,0.06,358.74,40.73433,-111.87211,24.5,24.2,876.2,98.74,2.0
38460.0,1310.3,358.31,0.06,358.31,40.73433,-111.87211,24.5,24.3,876.1,104.84,2.4
38520.0,1310.2,357.85,0.06,357.85,40.73433,-111.87211,24.4,24.3,876.2,110.33,4.5
38580.0,1310.2,357.31,0.05,357.31,40.73433,-111.87210,24.5,24.5,876.2,106.82,2.5
38640.0,1310.8,357.48,0.05,357.48,40.73433,-111.87210,24.5,24.3,876.2,103.70,3.3
38700.0,1311.0,357.70,0.05,357.70,40.73433,-111.87211,24.5,24.2,876.2,103.50,1.9
38760.0,1310.8,357.33,0.05,357.33,40.73433,-111.87211,24.5,24.3,876.2,111.78,3.5
38820.0,1310.8,357.78,0.07,357.78,40.73433,-111.87211,24.5,24.4,876.2,108.53,2.8
38880.0,1310.5,358.73,0.06,358.73,40.73433,-111.87211,24.6,24.5,876.2,108.78,1.8
38940.0,1310.6,358.30,0.06,358.30,40.73433,-111.87211,24.5,24.4,876.2,100.48,2.0
39000.0,1310.7,358.23,0.06,358.23,40.73433,-111.87211,24.6,24.5,876.2,107.10,2.3
39060.0,1311.0,358.36,0.06,358.36,40.73433,-111.87211,24.5,24.6,876.2,113.64,1.7
39120.0,1310.8,358.89,0.07,358.89,40.73433,-111.87211,24.5,24.6,876.2,109.75,1.9
39180.0,1310.7,358.83,0.05,358.83,40.73433,-111.87211,24.5,24.8,876.2,120.14,2.1
39240.0,1310.6,358.94,0.05,358.94,40.73433,-111.87211,24.5,24.7,876.2,113.42,1.4
39300.0,1310.2,359.15,0.06,359.15,40.73433,-111.87211,24.4,24.7,876.2,106.53,2.7
39360.0,1310.0,359.11,0.05,359.11,40.73433,-111.87211,24.4,24.7,876.2,109.25,2.4
39420.0,1309.9,359.13,0.05,359.13,40.73433,-111.87211,24.4,24.7,876.2,117.44,1.8
39480.0,1310.0,359.39,0.06,359.39,40.73433,-111.87211,24.4,24.8,876.2,108.11,1.3
39540.0,1309.8,359.58,0.06,359.58,40.73433,-111.87211,24.4,24.8,876.2,125.53,1.5
39600.0,1309.6,359.88,0.05,359.88,40.73433,-111.87211,24.4,25.0,876.2,106.70,1.9
39660.0,1309.1,359.52,0.05,359.52,40.73434,-111.87210,24.4,24.9,876.2,93.00,1.0
39720.0,1309.1,359.31,0.05,359.31,40.73434,-111.87210,24.4,24.8,876.3,105.69,1.3
39780.0,1308.7,359.45,0.05,359.45,40.73434,-111.87211,24.3,24.8,876.2,112.25,2.4
39840.0,1307.9,359.63,0.05,359.63,40.73434,-111.87211,24.4,25.0,876.2,116.69,2.6
39900.0,1307.7,359.62,0.06,359.62,40.73434,-111.87211,24.3,25.0,876.2,103.03,2.8
39960.0,1307.9,359.34,0.05,359.34,40.73434,-111.87211,24.3,25.0,876.2,108.05,1.9
40020.0,1307.9,359.19,0.05,359.19,40.73434,-111.87211,24.3,25.1,876.2,114.32,1.9
40080.0,1307.9,358.52,0.05,358.52,40.73434,-111.87211,24.3,25.1,876.2,114.74,1.8
40140.0,1308.3,358.47,0.05,358.47,40.73434,-111.87211,24.3,25.1,876.2,113.85,1.7
40200.0,1308.1,358.74,0.05,358.74,40.73434,-111.87211,24.3,25.2,876.2,118.96,3.3
40260.0,1308.2,359.48,0.04,359.48,40.73434,-111.87211,24.2,25.2,876.3,92.12,2.1
40320.0,1308.1,359.86,0.05,359.86,40.73434,-111.87211,24.2,25.3,876.2,120.17,2.7
40380.0,1308.0,359.17,0.05,359.17,40.73434,-111.87211,24.2,25.3,876.3,108.20,2.1
40440.0,1307.9,358.75,0.05,358.75,40.73434,-111.87211,24.2,25.3,876.3,100.60,1.8
40500.0,1308.4,358.80,0.05,358.80,40.73434,-111.87211,24.2,25.3,876.3,107.25,2.6
40560.0,1308.5,358.95,0.05,358.95,40.73434,-111.87211,24.1,25.3,876.3,108.72,1.7
40620.0,1308.6,359.01,0.05,359.01,40.73434,-111.87211,24.2,25.3,876.3,119.79,0.8
40680.0,1308.8,358.99,0.04,358.99,40.73434,-111.87211,24.3,25.3,876.4,109.87,1.6
40740.0,1308.8,359.62,0.05,359.62,40.73434,-111.87211,24.1,25.2,876.4,108.37,3.4
40800.0,1308.9,359.74,0.05,359.74,40.73434,-111.87211,24.2,25.2,876.4,105.47,1.7
40860.0,1308.6,359.49,0.04,359.49,40.73434,-111.87211,24.2,25.3,876.4,121.24,1.6
40920.0,1308.8,359.25,0.05,359.25,40.73434,-111.87211,24.2,25.3,876.4,112.39,2.2
40980.0,1308.6,358.99,0.05,358.99,40.73434,-111.87211,24.2,25.4,876.4,116.42,2.0
41040.0,1308.5,358.87,0.05,358.87,40.73434,-111.87211,24.0,25.4,876.4,112.71,4.7
41100.0,1308.9,358.79,0.05,358.79,40.73434,-111.87211,24.1,25.6,876.4,111.51,1.6
41160.0,1308.7,358.46,0.04,358.46,40.73434,-111.87211,24.1,25.6,876.4,115.11,2.7
41220.0,1308.6,358.51,0.04,358.51,40.73434,-111.87211,24.1,25.5,876.4,101.63,2.2
41280.0,1309.0,358.59,0.04,358.59,40.73434,-111.87211,24.0,25.5,876.5,105.39,2.1
41340.0,1309.2,358.52,0.06,358.52,40.73434,-111.87211,24.0,25.5,876.5,109.60,2.3
41400.0,1309.2,358.31,0.04,358.31,40.73434,-111.87211,24.0,25.5,876.5,105.58,3.3
41460.0,1309.2,358.15,0.04,358.15,40.73434,-111.87211,24.0,25.8,876.5,116.20,3.3
41520.0,1309.2,358.62,0.04,358.62,40.73434,-111.87211,24.0,25.7,876.6,116.71,1.8
41580.0,1309.3,358.36,0.04,358.36,40.73434,-111.87211,24.0,25.9,876.6,109.66,3.4
41640.0,1309.3,357.75,0.04,357.75,40.73434,-111.87211,23.9,25.7,876.6,109.44,2.6
41700.0,1309.4,358.10,0.05,358.10,40.73434,-111.87211,23.9,25.7,876.6,108.63,2.2
41760.0,1309.3,357.99,0.05,357.99,40.73434,-111.87211,23.9,25.7,876.6,114.21,2.7
41820.0,1309.2,358.16,0.05,358.16,40.73434,-111.87211,23.9,25.8,876.7,107.97,2.6
41880.0,1309.1,358.27,0.05,358.27,40.73434,-111.87211,23.8,25.8,876.7,109.69,3.5
41940.0,1309.0,358.24,0.05,358.24,40.73434,-111.87211,23.9,25.6,876.7,94.41,2.4
42000.0,1309.1,358.40,0.05,358.40,40.73433,-111.87211,23.9,25.5,876.7,110.75,2.4
42060.0,1309.1,358.63,0.04,358.63,40.73434,-111.87211,23.9,25.7,876.7,104.03,2.5
42120.0,1309.1,359.07,0.04,359.07,40.73434,-111.87211,23.9,25.6,876.7,106.11,2.9
42180.0,1309.1,359.18,0.05,359.18,40.73434,-111.87211,24.0,25.8,876.7,100.60,2.4
42240.0,1309.1,359.13,0.05,359.13,40.73434,-111.87211,23.9,25.6,876.7,98.16,2.4
42300.0,1309.0,359.24,0.05,359.24,40.73434,-111.87211,24.0,25.5,876.7,119.78,1.4
42360.0,1308.9,359.43,0.05,359.43,40.73434,-111.87211,24.0,25.7,876.8,113.56,3.8
42420.0,1308.7,359.20,0.05,359.20,40.73434,-111.87211,24.0,25.6,876.8,108.77,2.5
42480.0,1308.6,359.02,0.06,359.02,40.73434,-111.87211,24.0,25.7,876.8,116.11,3.5
42540.0,1308.5,358.85,0.06,358.85,40.73434,-111.87211,24.0,25.6,876.8,111.15,4.0
42600.0,1308.4,358.74,0.06,358.74,40.73434,-111.87211,24.0,25.6,876.8,117.86,4.2
42660.0,1308.9,358.93,0.05,358.93,40.73434,-111.87211,24.0,25.6,876.8,99.85,1.7
42720.0,1308.7,358.63,0.05,358.63,40.73434,-111.87211,24.0,25.7,876.8,108.68,3.5
42780.0,1308.4,358.79,0.06,358.79,40.73434,-111.87211,24.0,25.8,876.8,118.76,3.7
42840.0,1308.1,359.05,0.06,359.05,40.73434,-111.87211,24.0,25.6,876.8,112.90,2.4
42900.0,1308.2,359.26,0.05,359.26,40.73434,-111.87211,24.0,25.7,876.8,112.42,3.8
42960.0,1307.9,359.42,0.05,359.42,40.73434,-111.87211,24.0,25.7,876.8,102.79,2.1
43020.0,1307.8,359.42,0.05,359.42,40.73434,-111.87211,23.9,25.7,876.8,112.21,4.3
43080.0,1307.9,359.09,0.05,359.09,40.73434,-111.87211,23.9,25.8,876.8,114.76,3.0
43140.0,1308.2,359.61,0.05,359.61,40.73434,-111.87211,24.0,25.6,876.8,112.57,2.2
43200.0,1308.3,0.27,0.05,0.27,40.73434,-111.87211,24.0,25.8,876.8,113.12,3.1
43260.0,1308.4,0.08,0.05,0.08,40.73434,-111.87211,23.9,25.8,876.8,105.69,3.3
43320.0,1308.7,0.07,0.05,0.07,40.73434,-111.87211,23.9,25.7,876.9,106.85,3.2
43380.0,1308.8,0.21,0.04,0.21,40.73434,-111.87211,23.9,25.7,876.9,110.38,2.6
43440.0,1308.8,359.61,0.05,359.61,40.73434,-111.87211,24.0,25.8,876.8,131.89,2.2
43500.0,1308.9,0.01,0.04,0.01,40.73434,-111.87211,23.9,25.9,876.8,117.18,3.6
43560.0,1309.2,0.05,0.05,0.05,40.73434,-111.87210,23.9,25.8,876.8,114.10,2.8
43620.0,1309.6,0.30,0.04,0.30,40.73433,-111.87210,23.9,25.9,876.8,116.31,2.0
43680.0,1309.7,0.43,0.05,0.43,40.73433,-111.87210,23.9,25.8,876.8,107.97,1.9
43740.0,1309.6,0.42,0.05,0.42,40.73433,-111.87210,23.9,25.8,876.8,113.09,2.2
43800.0,1309.2,0.56,0.05,0.56,40.73434,-111.87210,23.9,25.7,876.8,107.70,2.7
43860.0,1309.4,0.95,0.05,0.95,40.73434,-111.87210,23.9,25.7,876.8,106.68,1.7
43920.0,1309.5,0.72,0.05,0.72,40.73434,-111.87210,23.9,25.7,876.8,103.08,1.8
43980.0,1309.3,1.00,0.05,1.00,40.73434,-111.87210,24.0,25.7,876.8,113.89,2.7
44040.0,1309.0,0.96,0.06,0.96,40.73434,-111.87210,23.9,25.6,876.8,113.28,4.3
44100.0,1308.8,359.91,0.06,359.91,40.73434,-111.87210,23.9,25.8,876.8,118.60,3.2
44160.0,1308.8,359.85,0.05,359.85,40.73434,-111.87210,24.0,25.6,876.8,115.15,2.0
44220.0,1308.7,359.99,0.05,359.99,40.73434,-111.87210,24.0,25.8,876.8,112.46,3.2
44280.0,1308.8,0.26,0.05,0.26,40.73434,-111.87210,24.0,25.6,876.9,108.17,1.8
44340.0,1308.7,0.02,0.04,0.02,40.73434,-111.87210,24.0,25.5,876.9,115.11,3.7
44400.0,1308.5,359.72,0.05,359.72,40.73434,-111.87210,24.0,25.6,876.9,118.50,4.2
44460.0,1308.4,359.80,0.05,359.80,40.73434,-111.87210,24.0,25.7,876.9,114.26,2.9
44520.0,1308.0,0.09,0.05,0.09,40.73434,-111.87210,24.0,25.6,876.9,113.44,3.0
44580.0,1307.9,0.07,0.06,0.07,40.73434,-111.87210,24.0,25.4,876.9,127.49,2.2
44640.0,1307.8,359.97,0.05,359.97,40.73434,-111.87210,24.1,25.7,876.9,113.08,2.5
44700.0,1307.9,359.39,0.05,359.39,40.73434,-111.87210,24.0,25.6,876.9,110.56,3.0
44760.0,1308.5,359.59,0.04,359.59,40.73434,-111.87211,24.0,25.5,876.9,96.57,0.9
44820.0,1308.5,359.83,0.05,359.83,40.73434,-111.87211,24.1,25.3,876.9,101.95,2.0
44880.0,1308.4,359.91,0.05,359.91,40.73434,-111.87211,24.1,25.4,876.9,114.81,2.2
44940.0,1308.4,0.20,0.05,0.20,40.73434,-111.87211,24.1,25.3,877.0,120.19,2.0
45000.0,1308.5,0.22,0.05,0.22,40.73434,-111.87211,24.2,25.4,877.0,108.24,1.3
45060.0,1308.4,359.70,0.04,359.70,40.73434,-111.87211,24.1,25.4,876.9,121.93,3.1
45120.0,1308.4,359.59,0.04,359.59,40.73434,-111.87211,24.1,25.5,876.9,117.14,4.0
45180.0,1308.3,359.48,0.04,359.48,40.73434,-111.87211,24.1,25.5,876.9,107.63,1.8
45240.0,1308.3,359.61,0.04,359.61,40.73434,-111.87211,24.1,25.3,877.0,111.13,2.7
45300.0,1308.1,359.41,0.04,359.41,40.73434,-111.87211,24.2,25.4,877.0,118.49,2.7
45360.0,1308.0,359.36,0.05,359.36,40.73434,-111.87211,24.1,25.8,877.0,113.32,2.6
45420.0,1308.0,359.08,0.04,359.08,40.73434,-111.87211,24.1,26.1,877.0,119.63,2.6
45480.0,1308.1,359.46,0.04,359.46,40.73434,-111.87211,24.1,26.0,877.0,122.88,2.3
45540.0,1308.1,359.68,0.04,359.68,40.73434,-111.87211,24.0,25.9,877.0,110.96,1.7
45600.0,1308.2,359.04,0.04,359.04,40.73434,-111.87211,24.0,25.7,877.0,106.69,2.8
45660.0,1308.3,358.76,0.04,358.76,40.73434,-111.87211,24.0,25.8,877.0,107.63,2.9
45720.0,1308.4,358.84,0.04,358.84,40.73434,-111.87211,24.0,25.7,877.0,106.19,2.1
45780.0,1308.5,359.43,0.05,359.43,40.73434,-111.87211,24.1,25.6,877.0,120.62,1.9
45840.0,1308.5,359.28,0.05,359.28,40.73434,-111.87211,24.0,25.8,877.0,115.95,3.5
45900.0,1308.6,359.39,0.04,359.39,40.73434,-111.87211,24.0,25.9,877.0,115.52,3.0
45960.0,1308.6,359.77,0.04,359.77,40.73434,-111.87211,23.9,25.8,877.0,115.74,4.6
46020.0,1308.7,0.20,0.04,0.20,40.73434,-111.87211,24.0,26.1,877.0,117.17,1.7
46080.0,1308.6,0.01,0.04,0.01,40.73434,-111.87211,24.0,26.0,877.0,116.45,2.9
46140.0,1308.7,0.19,0.04,0.19,40.73434,-111.87211,23.9,25.9,877.0,116.75,2.7
46200.0,1308.8,359.90,0.05,359.90,40.73434,-111.87210,24.0,25.9,877.0,115.20,3.2
46260.0,1308.9,0.34,0.05,0.34,40.73434,-111.87210,23.9,25.9,877.0,108.06,3.2
46320.0,1308.9,0.12,0.04,0.12,40.73434,-111.87210,24.0,26.0,877.0,112.83,2.0
46380.0,1308.8,359.94,0.04,359.94,40.73434,-111.87210,23.9,26.0,877.0,115.82,3.9
46440.0,1308.9,359.35,0.05,359.35,40.73434,-111.87210,24.0,25.9,877.0,103.09,2.5
46500.0,1308.9,358.85,0.05,358.85,40.73434,-111.87210,23.9,25.7,877.0,107.29,3.8
46560.0,1309.0,359.51,0.04,359.51,40.73434,-111.87210,24.0,25.7,877.0,109.59,2.4
46620.0,1309.0,359.80,0.04,359.80,40.73434,-111.87210,24.0,25.7,877.0,111.88,3.2
46680.0,1309.1,359.43,0.04,359.43,40.73434,-111.87210,24.0,25.6,877.0,108.13,2.4
46740.0,1309.1,358.92,0.05,358.92,40.73434,-111.87210,24.0,25.7,877.0,104.48,2.8
46800.0,1309.1,358.79,0.04,358.79,40.73434,-111.87210,24.1,25.8,877.0,112.45,3.4
46860.0,1309.1,358.30,0.04,358.30,40.73434,-111.87210,24.1,25.9,877.0,112.10,3.6
46920.0,1309.1,357.98,0.05,357.98,40.73434,-111.87210,24.1,25.7,877.0,110.05,1.8
46980.0,1309.2,358.40,0.04,358.40,40.73434,-111.87211,24.0,25.9,877.0,107.19,2.4
47040.0,1309.1,358.75,0.04,358.75,40.73434,-111.87210,24.1,25.9,877.0,122.58,1.7
47100.0,1309.1,358.92,0.04,358.92,40.73434,-111.87210,24.1,26.0,877.0,100.68,2.2
47160.0,1309.1,359.08,0.04,359.08,40.73434,-111.87211,24.1,26.0,877.1,109.37,2.7
47220.0,1309.1,359.29,0.04,359.29,40.73434,-111.87211,24.1,25.8,877.1,105.36,2.8
47280.0,1309.2,359.14,0.05,359.14,40.73434,-111.87211,24.2,25.7,877.1,108.47,2.6
47340.0,1309.2,359.10,0.04,359.10,40.73434,-111.87210,24.3,25.8,877.1,113.55,2.7
47400.0,1309.2,359.25,0.04,359.25,40.73434,-111.87210,24.4,26.2,877.1,122.70,1.9
47460.0,1309.2,358.87,0.04,358.87,40.73434,-111.87210,24.5,26.3,877.1,121.19,2.5
47520.0,1309.1,358.75,0.04,358.75,40.73434,-111.87210,24.5,25.9,877.1,115.61,2.5
47580.0,1309.2,359.18,0.04,359.18,40.73434,-111.87210,24.6,26.0,877.2,108.08,2.5
47640.0,1309.2,359.29,0.04,359.29,40.73434,-111.87210,24.7,26.1,877.2,109.27,1.7
47700.0,1309.2,359.64,0.04,359.64,40.73433,-111.87210,24.7,25.9,877.1,105.70,1.9
47760.0,1309.3,359.98,0.05,359.98,40.73433,-111.87210,24.8,25.9,877.1,114.56,2.3
47820.0,1309.4,0.26,0.05,0.26,40.73433,-111.87210,24.9,25.9,877.1,115.80,2.8
47880.0,1309.4,0.05,0.05,0.05,40.73433,-111.87210,24.9,26.0,877.1,107.51,2.0
