CampaignData_and_Merges/R0/CSL_MobileLab_Parked/raw/20240722/USOS-jNO2_MobileLabGround_20240722_R0.ict
52,1001
Waxman, E.; Rollins, A.; Zuraski, K.; Chace, W.
NOAA Chemical Sciences Laboratory
jNO2 filter radiometer on CSL Mobile Lab
AMMBEC / USOS
1, 1
2024,07,22, 2025,04,01
60
Time_Start, seconds, number_of_seconds_since_0000_UTC
20
1, 1, 1, 1, 1, 1, 1, 1, 1, 1, 1, 1, 1, 1, 1, 1, 1, 1, 1, 1
-9999, -9999, -9999, -9999, -9999, -9999, -9999, -9999, -9999, -9999, -9999, -9999, -9999, -9999, -9999, -9999, -9999, -9999, -9999, -9999
Time_Stop, seconds, number_of_seconds_since_0000_UTC
jNO2_meas, per second, photolysis rate of NO2 measured using a filter radiometer.
jBrCl, per second, photolysis rate of BrCl -> Br + Cl calculated in TUV for cloud-free sky with local AOD
jBr2, per second, photolysis rate of Br2 -> Br + Br calculated in TUV for cloud-free sky with local AOD
jCCl4, per second, photolysis rate of CCl4 -> Products calcualted in TUV for cloud-free sky with local AOD
jCH2Oa, per second, photolysis rate of CH2O -> H + HCO calculated in TUV for cloud-free sky with local AOD
jCH2Ob, per second, photolysis rate of CH2O -> H2 + CO calculated in TUV for cloud-free sky with local AOD
jClNO2, per second, photolysis rate of ClNO2 -> Cl + NO2 calculated in TUV for cloud-free sky with local AOD
jClOa, per second, photolysis rate of ClO -> Cl + O(1D) calculated in TUV for cloud-free sky with local AOD
jClOb, per second, photolysis rate of ClO -> Cl + O(3P) calculated in TUV for cloud-free sky with local AOD
jCl2, per second, photolysis rate of Cl2 -> Cl + Cl calculated in TUV for cloud-free sky with local AOD
jHNO2, per second, photolysis rate of HNO2 -> OH + NO calculated in TUV for cloud-free sky with local AOD
jHNO3, per second, photolysis rate of HNO3 -> OH + NO2 calculated in TUV for cloud-free sky with local AOD
jI2, per second, photolysis rate of I2 -> I + I calculated in TUV for cloud-free sky with local AOD
jNO2, per second, photolysis rate of NO2 -> NO + O(3P) calculated in TUV for cloud-free sky with local AOD
jNO3a, per second, photolysis rate of NO3 -> NO + O2 calculated in TUV for cloud-free sky with local AOD
jNO3b, per second, photolysis rate of NO3 -> NO2 + O(3P) calculated in TUV for cloud-free sky with local AOD
jN2O5, per second, photolysis rate of N2O5 -> NO3 + NO + O(3P) calculated in TUV for cloud-free sky with local AOD
jO3, per second, photolysis rate of O3 -> O2 + O(1D) calculated in TUV for cloud-free sky with local AOD
AOD_500nm, unitless, UTC daily mean AOD at 500 nm from an AERONET station located at 40.178 N, -112.452 E
0
18
PI_CONTACT_INFO: eleanor.waxman@noaa.gov
PLATFORM: CSL Mobile Lab, at ground site
LOCATION: Salt Lake City, UT
ASSOCIATED_DATA:
INSTRUMENT_INFO: jNO2 filter radiometer.  TUV calculations are for mobile van lat/lon/altitude assuming clear sky (cloud AOD = 0) and daily mean AOD.
DATA_INFO:
UNCERTAINTY: Data uncertainties are +/- 20%.  These come from uncertainties in radiometer angular response, radiometer thermal response, local interferences from clouds/aerosols/shadows etc.
ULOD_FLAG: -7777
ULOD_VALUE: N/A
LLOD_FLAG: -8888
LLOD_VALUE: N/A
DM_CONTACT_INFO: eleanor.waxman@noaa.gov
PROJECT_INFO: USOS Project, July - August 2024
STIPULATIONS_ON_USE: Users are strongly encouraged to contact the PI for proper data usage.
OTHER_COMMENTS: 
REVISION: R0
R0: final data
Time_Start, Time_Stop, jNO2_meas, jBrCl, jBr2, jCCl4, jCH2Oa, jCH2Ob, jClNO2, jClOa, jClOb, jCl2, jHNO2, jHNO3, jI2, jNO2, jNO3a, jNO3b, jN2O5, jO3, AOD_500nm
[from data line 1292]
   77520,   77580,-9999,0.01012,0.03102,3.871e-23,2.855e-05,4.329e-05,0.000428,1.814e-23,3.984e-05,0.002118,0.001387,5.037e-07,0.1119,0.008564,0.02179,0.1738,3.809e-05,2.606e-05,0.337
   77580,   77640,-9999,0.01011,0.03099,3.67e-23,2.848e-05,4.321e-05,0.0004272,1.713e-23,3.966e-05,0.002115,0.001385,5.02e-07,0.1119,0.008553,0.02178,0.1737,3.801e-05,2.594e-05,0.337
   77640,   77700,-9999,0.0101,0.03097,3.464e-23,2.841e-05,4.312e-05,0.0004264,1.615e-23,3.948e-05,0.002112,0.001384,5.004e-07,0.1118,0.008542,0.02177,0.1736,3.793e-05,2.582e-05,0.337
   77700,   77760,-9999,0.01009,0.03094,3.283e-23,2.834e-05,4.305e-05,0.0004256,1.528e-23,3.931e-05,0.002108,0.001382,4.988e-07,0.1117,0.008531,0.02176,0.1735,3.785e-05,2.57e-05,0.337
   77760,   77820,-9999,0.01008,0.03092,3.101e-23,2.827e-05,4.296e-05,0.0004247,1.44e-23,3.913e-05,0.002105,0.00138,4.97e-07,0.1116,0.008519,0.02174,0.1734,3.777e-05,2.558e-05,0.337
   77820,   77880,-9999,0.01007,0.03089,2.926e-23,2.819e-05,4.288e-05,0.0004239,1.357e-23,3.895e-05,0.002102,0.001378,4.953e-07,0.1116,0.008507,0.02173,0.1733,3.768e-05,2.546e-05,0.337
   77880,   77940,-9999,0.01006,0.03086,2.772e-23,2.812e-05,4.279e-05,0.0004231,1.282e-23,3.878e-05,0.002098,0.001376,4.937e-07,0.1115,0.008496,0.02172,0.1732,3.76e-05,2.534e-05,0.337
   77940,   78000,-9999,0.01004,0.03082,2.511e-23,2.801e-05,4.266e-05,0.0004218,1.166e-23,3.852e-05,0.002093,0.001372,4.912e-07,0.1114,0.008478,0.0217,0.173,3.747e-05,2.518e-05,0.337
   78000,   78060,-9999,0.01003,0.03079,2.375e-23,2.793e-05,4.257e-05,0.0004209,1.094e-23,3.833e-05,0.002089,0.00137,4.893e-07,0.1113,0.008466,0.02169,0.1729,3.738e-05,2.505e-05,0.337
   78060,   78120,-9999,0.01002,0.03077,2.266e-23,2.786e-05,4.249e-05,0.0004201,1.045e-23,3.818e-05,0.002086,0.001368,4.877e-07,0.1112,0.008454,0.02168,0.1728,3.73e-05,2.493e-05,0.337
   78120,   78180,-9999,0.01,0.03074,2.129e-23,2.779e-05,4.24e-05,0.0004193,9.76e-24,3.8e-05,0.002082,0.001366,4.86e-07,0.1111,0.008442,0.02167,0.1727,3.722e-05,2.481e-05,0.337
   78180,   78240,-9999,0.009993,0.03071,2.038e-23,2.771e-05,4.231e-05,0.0004184,9.32e-24,3.781e-05,0.002079,0.001364,4.842e-07,0.1111,0.00843,0.02165,0.1726,3.713e-05,2.469e-05,0.337
   78240,   78300,-9999,0.009982,0.03068,1.909e-23,2.763e-05,4.222e-05,0.0004175,8.751e-24,3.761e-05,0.002075,0.001362,4.824e-07,0.111,0.008418,0.02164,0.1725,3.704e-05,2.455e-05,0.337
   78300,   78360,-9999,0.00997,0.03065,1.822e-23,2.756e-05,4.213e-05,0.0004166,8.287e-24,3.744e-05,0.002072,0.00136,4.807e-07,0.1109,0.008405,0.02163,0.1723,3.696e-05,2.443e-05,0.337
   78360,   78420,-9999,0.009958,0.03062,1.708e-23,2.748e-05,4.204e-05,0.0004157,7.78e-24,3.724e-05,0.002068,0.001357,4.788e-07,0.1108,0.008392,0.02161,0.1722,3.686e-05,2.43e-05,0.337
   78420,   78480,-9999,0.009946,0.03059,1.63e-23,2.74e-05,4.195e-05,0.0004149,7.368e-24,3.706e-05,0.002064,0.001355,4.771e-07,0.1107,0.00838,0.0216,0.1721,3.678e-05,2.418e-05,0.337
   78480,   78540,-9999,0.009934,0.03056,1.548e-23,2.732e-05,4.186e-05,0.000414,7.013e-24,3.687e-05,0.00206,0.001353,4.751e-07,0.1107,0.008367,0.02159,0.172,3.669e-05,2.404e-05,0.337
   78540,   78600,-9999,0.009921,0.03053,1.451e-23,2.724e-05,4.176e-05,0.000413,6.531e-24,3.668e-05,0.002057,0.001351,4.733e-07,0.1106,0.008354,0.02158,0.1719,3.659e-05,2.391e-05,0.337
   78600,   78660,-9999,0.00991,0.0305,1.386e-23,2.717e-05,4.168e-05,0.0004122,6.236e-24,3.649e-05,0.002053,0.001349,4.715e-07,0.1105,0.008342,0.02156,0.1717,3.651e-05,2.378e-05,0.337
   78660,   78720,-9999,0.009897,0.03047,1.307e-23,2.708e-05,4.158e-05,0.0004112,5.848e-24,3.63e-05,0.002049,0.001346,4.697e-07,0.1104,0.008328,0.02155,0.1716,3.641e-05,2.366e-05,0.337
   78720,   78780,-9999,0.009884,0.03044,1.235e-23,2.7e-05,4.148e-05,0.0004103,5.533e-24,3.608e-05,0.002045,0.001344,4.677e-07,0.1103,0.008315,0.02153,0.1715,3.632e-05,2.352e-05,0.337
   78780,   78840,-9999,0.009872,0.03041,1.166e-23,2.692e-05,4.139e-05,0.0004094,5.203e-24,3.591e-05,0.002041,0.001342,4.659e-07,0.1102,0.008302,0.02152,0.1714,3.623e-05,2.339e-05,0.337
   78840,   78900,-9999,0.009859,0.03038,1.101e-23,2.684e-05,4.129e-05,0.0004084,4.904e-24,3.57e-05,0.002037,0.001339,4.64e-07,0.1101,0.008288,0.02151,0.1712,3.613e-05,2.325e-05,0.337
   78900,   78960,-9999,0.009845,0.03035,1.04e-23,2.675e-05,4.119e-05,0.0004074,4.616e-24,3.551e-05,0.002033,0.001337,4.621e-07,0.11,0.008274,0.02149,0.1711,3.604e-05,2.312e-05,0.337
   78960,   79020,-9999,0.009833,0.03031,9.849e-24,2.668e-05,4.11e-05,0.0004065,4.345e-24,3.533e-05,0.002029,0.001335,4.603e-07,0.1099,0.008261,0.02148,0.171,3.595e-05,2.3e-05,0.337
   79020,   79080,-9999,0.009819,0.03028,9.341e-24,2.659e-05,4.1e-05,0.0004055,4.09e-24,3.513e-05,0.002025,0.001332,4.584e-07,0.1099,0.008247,0.02146,0.1708,3.585e-05,2.286e-05,0.337
   79080,   79140,-9999,0.009806,0.03025,8.875e-24,2.651e-05,4.09e-05,0.0004045,3.868e-24,3.494e-05,0.002021,0.00133,4.565e-07,0.1098,0.008232,0.02145,0.1707,3.575e-05,2.274e-05,0.337
   79140,   79200,-9999,0.009793,0.03022,8.457e-24,2.643e-05,4.08e-05,0.0004036,3.68e-24,3.476e-05,0.002017,0.001327,4.547e-07,0.1097,0.008219,0.02143,0.1706,3.566e-05,2.261e-05,0.337
   79200,   79260,-9999,0.009779,0.03018,8.027e-24,2.634e-05,4.07e-05,0.0004026,3.484e-24,3.456e-05,0.002013,0.001325,4.528e-07,0.1096,0.008204,0.02142,0.1704,3.556e-05,2.248e-05,0.337
   79260,   79320,-9999,0.009765,0.03015,7.62e-24,2.625e-05,4.059e-05,0.0004016,3.297e-24,3.437e-05,0.002009,0.001322,4.508e-07,0.1095,0.008189,0.0214,0.1703,3.546e-05,2.235e-05,0.337
   79320,   79380,-9999,0.009751,0.03011,7.257e-24,2.617e-05,4.049e-05,0.0004006,3.129e-24,3.418e-05,0.002005,0.00132,4.489e-07,0.1094,0.008176,0.02138,0.1701,3.536e-05,2.222e-05,0.337
   79380,   79440,-9999,0.009737,0.03008,6.891e-24,2.608e-05,4.039e-05,0.0003996,2.961e-24,3.398e-05,0.002,0.001317,4.47e-07,0.1093,0.008161,0.02137,0.17,3.526e-05,2.209e-05,0.337
   79440,   79500,-9999,0.009722,0.03004,6.546e-24,2.599e-05,4.028e-05,0.0003985,2.802e-24,3.378e-05,0.001996,0.001314,4.45e-07,0.1092,0.008145,0.02135,0.1698,3.516e-05,2.195e-05,0.337
   79500,   79560,-9999,0.009709,0.03001,6.238e-24,2.591e-05,4.018e-05,0.0003976,2.661e-24,3.359e-05,0.001992,0.001312,4.431e-07,0.1091,0.008131,0.02134,0.1697,3.506e-05,2.182e-05,0.337
   79560,   79620,-9999,0.009694,0.02997,5.929e-24,2.582e-05,4.007e-05,0.0003965,2.52e-24,3.339e-05,0.001987,0.001309,4.411e-07,0.109,0.008116,0.02132,0.1695,3.496e-05,2.169e-05,0.337
   79620,   79680,-9999,0.009679,0.02993,5.639e-24,2.573e-05,3.996e-05,0.0003954,2.387e-24,3.319e-05,0.001983,0.001307,4.391e-07,0.1088,0.0081,0.0213,0.1694,3.485e-05,2.155e-05,0.337
   79680,   79740,-9999,0.009665,0.0299,5.38e-24,2.564e-05,3.986e-05,0.0003944,2.269e-24,3.3e-05,0.001978,0.001304,4.372e-07,0.1087,0.008085,0.02128,0.1692,3.475e-05,2.142e-05,0.337
   79740,   79800,-9999,0.009649,0.02986,5.12e-24,2.555e-05,3.975e-05,0.0003933,2.151e-24,3.279e-05,0.001974,0.001301,4.351e-07,0.1086,0.00807,0.02127,0.1691,3.465e-05,2.128e-05,0.337
   79800,   79860,-9999,0.009634,0.02982,4.875e-24,2.546e-05,3.964e-05,0.0003923,2.04e-24,3.259e-05,0.001969,0.001298,4.331e-07,0.1085,0.008054,0.02125,0.1689,3.454e-05,2.115e-05,0.337
   79860,   79920,-9999,0.009619,0.02978,4.656e-24,2.537e-05,3.953e-05,0.0003912,1.942e-24,3.239e-05,0.001965,0.001296,4.311e-07,0.1084,0.008038,0.02123,0.1687,3.444e-05,2.102e-05,0.337
   79920,   79980,-9999,0.009604,0.02974,4.437e-24,2.528e-05,3.942e-05,0.0003901,1.843e-24,3.219e-05,0.00196,0.001293,4.291e-07,0.1083,0.008022,0.02121,0.1686,3.433e-05,2.088e-05,0.337
   79980,   80040,-9999,0.009588,0.0297,4.23e-24,2.518e-05,3.931e-05,0.000389,1.75e-24,3.198e-05,0.001956,0.00129,4.27e-07,0.1082,0.008006,0.02119,0.1684,3.422e-05,2.074e-05,0.337
   80040,   80100,-9999,0.009573,0.02967,4.046e-24,2.509e-05,3.92e-05,0.000388,1.668e-24,3.179e-05,0.001951,0.001287,4.25e-07,0.1081,0.00799,0.02118,0.1682,3.412e-05,2.061e-05,0.337
   80100,   80160,-9999,0.009557,0.02962,3.861e-24,2.5e-05,3.908e-05,0.0003868,1.585e-24,3.158e-05,0.001946,0.001285,4.229e-07,0.108,0.007974,0.02116,0.1681,3.401e-05,2.047e-05,0.337
   80160,   80220,-9999,0.00954,0.02958,3.685e-24,2.49e-05,3.897e-05,0.0003857,1.507e-24,3.137e-05,0.001941,0.001282,4.208e-07,0.1078,0.007957,0.02114,0.1679,3.39e-05,2.033e-05,0.337
   80220,   80280,-9999,0.009525,0.02954,3.529e-24,2.481e-05,3.886e-05,0.0003846,1.438e-24,3.117e-05,0.001937,0.001279,4.188e-07,0.1077,0.007941,0.02112,0.1677,3.379e-05,2.019e-05,0.337
   80280,   80340,-9999,0.009508,0.0295,3.372e-24,2.471e-05,3.874e-05,0.0003835,1.368e-24,3.097e-05,0.001932,0.001276,4.167e-07,0.1076,0.007924,0.0211,0.1676,3.368e-05,2.005e-05,0.337
   80340,   80400,-9999,0.009491,0.02946,3.224e-24,2.462e-05,3.862e-05,0.0003823,1.303e-24,3.076e-05,0.001927,0.001273,4.146e-07,0.1075,0.007906,0.02108,0.1674,3.357e-05,1.991e-05,0.337
   80400,   80460,-9999,0.009476,0.02942,3.091e-24,2.453e-05,3.851e-05,0.0003812,1.245e-24,3.056e-05,0.001922,0.00127,4.126e-07,0.1074,0.00789,0.02106,0.1672,3.346e-05,1.978e-05,0.337
   80460,   80520,-9999,0.009464,0.02939,2.99e-24,2.446e-05,3.843e-05,0.0003804,1.199e-24,3.039e-05,0.001919,0.001268,4.11e-07,0.1073,0.007878,0.02105,0.1671,3.338e-05,1.967e-05,0.337
   80520,   80580,-9999,0.009447,0.02935,2.861e-24,2.436e-05,3.831e-05,0.0003792,1.143e-24,3.019e-05,0.001914,0.001265,4.088e-07,0.1071,0.007861,0.02103,0.1669,3.326e-05,1.953e-05,0.337
   80580,   80640,-9999,0.00943,0.0293,2.746e-24,2.426e-05,3.819e-05,0.0003781,1.093e-24,2.999e-05,0.001909,0.001262,4.068e-07,0.107,0.007844,0.02101,0.1667,3.315e-05,1.94e-05,0.337
   80640,   80700,-9999,0.009413,0.02926,2.63e-24,2.416e-05,3.807e-05,0.0003769,1.043e-24,2.978e-05,0.001904,0.001259,4.046e-07,0.1069,0.007826,0.02098,0.1665,3.304e-05,1.925e-05,0.337
   80700,   80760,-9999,0.009395,0.02921,2.521e-24,2.406e-05,3.794e-05,0.0003757,9.96e-25,2.956e-05,0.001899,0.001256,4.024e-07,0.1068,0.007808,0.02096,0.1663,3.292e-05,1.911e-05,0.337
   80760,   80820,-9999,0.009378,0.02917,2.422e-24,2.397e-05,3.783e-05,0.0003746,9.538e-25,2.936e-05,0.001894,0.001253,4.004e-07,0.1066,0.00779,0.02094,0.1661,3.281e-05,1.898e-05,0.337
   80820,   80880,-9999,0.00936,0.02913,2.323e-24,2.386e-05,3.77e-05,0.0003734,9.113e-25,2.915e-05,0.001889,0.00125,3.982e-07,0.1065,0.007772,0.02092,0.1659,3.269e-05,1.883e-05,0.337
   80880,   80940,-9999,0.009342,0.02908,2.229e-24,2.376e-05,3.758e-05,0.0003721,8.712e-25,2.894e-05,0.001883,0.001246,3.96e-07,0.1064,0.007753,0.0209,0.1657,3.257e-05,1.869e-05,0.337
   80940,   81000,-9999,0.009324,0.02903,2.145e-24,2.367e-05,3.746e-05,0.000371,8.354e-25,2.873e-05,0.001878,0.001243,3.939e-07,0.1062,0.007736,0.02087,0.1656,3.246e-05,1.855e-05,0.337
   81000,   81060,-9999,0.009306,0.02899,2.06e-24,2.356e-05,3.733e-05,0.0003697,7.993e-25,2.852e-05,0.001873,0.00124,3.917e-07,0.1061,0.007717,0.02085,0.1653,3.234e-05,1.841e-05,0.337
   81060,   81120,-9999,0.009287,0.02894,1.979e-24,2.346e-05,3.72e-05,0.0003685,7.651e-25,2.831e-05,0.001868,0.001237,3.895e-07,0.1059,0.007698,0.02083,0.1651,3.222e-05,1.827e-05,0.337
   81120,   81180,-9999,0.009269,0.02889,1.906e-24,2.336e-05,3.708e-05,0.0003673,7.346e-25,2.811e-05,0.001862,0.001234,3.874e-07,0.1058,0.00768,0.02081,0.1649,3.21e-05,1.813e-05,0.337
   81180,   81240,-9999,0.00925,0.02884,1.832e-24,2.325e-05,3.695e-05,0.000366,7.037e-25,2.789e-05,0.001857,0.00123,3.851e-07,0.1057,0.00766,0.02078,0.1647,3.198e-05,1.799e-05,0.337
   81240,   81300,-9999,0.009231,0.02879,1.762e-24,2.315e-05,3.682e-05,0.0003647,6.745e-25,2.768e-05,0.001851,0.001227,3.829e-07,0.1055,0.007641,0.02076,0.1645,3.185e-05,1.784e-05,0.337
   81300,   81360,-9999,0.009213,0.02875,1.699e-24,2.305e-05,3.669e-05,0.0003635,6.484e-25,2.747e-05,0.001846,0.001224,3.808e-07,0.1054,0.007622,0.02073,0.1643,3.174e-05,1.771e-05,0.337
   81360,   81420,-9999,0.009193,0.0287,1.635e-24,2.294e-05,3.656e-05,0.0003622,6.22e-25,2.726e-05,0.001841,0.00122,3.785e-07,0.1052,0.007602,0.02071,0.1641,3.161e-05,1.756e-05,0.337
   81420,   81480,-9999,0.009173,0.02865,1.574e-24,2.284e-05,3.643e-05,0.0003609,5.969e-25,2.704e-05,0.001835,0.001217,3.762e-07,0.1051,0.007582,0.02069,0.1639,3.149e-05,1.742e-05,0.337
   81480,   81540,-9999,0.009154,0.0286,1.52e-24,2.274e-05,3.63e-05,0.0003597,5.745e-25,2.684e-05,0.00183,0.001214,3.741e-07,0.1049,0.007563,0.02066,0.1636,3.137e-05,1.728e-05,0.337
   81540,   81600,-9999,0.009134,0.02855,1.464e-24,2.263e-05,3.617e-05,0.0003584,5.517e-25,2.662e-05,0.001824,0.00121,3.718e-07,0.1048,0.007543,0.02064,0.1634,3.124e-05,1.714e-05,0.337
   81600,   81660,-9999,0.009114,0.02849,1.411e-24,2.252e-05,3.603e-05,0.0003571,5.301e-25,2.641e-05,0.001818,0.001207,3.695e-07,0.1046,0.007522,0.02061,0.1632,3.111e-05,1.7e-05,0.337
   81660,   81720,-9999,0.009095,0.02844,1.363e-24,2.242e-05,3.59e-05,0.0003558,5.108e-25,2.621e-05,0.001813,0.001203,3.674e-07,0.1045,0.007503,0.02058,0.163,3.099e-05,1.686e-05,0.337
   81720,   81780,-9999,0.009074,0.02839,1.314e-24,2.231e-05,3.576e-05,0.0003545,4.911e-25,2.599e-05,0.001807,0.0012,3.651e-07,0.1043,0.007482,0.02056,0.1627,3.086e-05,1.672e-05,0.337
   81780,   81840,-9999,0.009053,0.02834,1.268e-24,2.22e-05,3.563e-05,0.0003531,4.725e-25,2.578e-05,0.001801,0.001196,3.628e-07,0.1041,0.007461,0.02053,0.1625,3.073e-05,1.657e-05,0.337
   81840,   81900,-9999,0.009033,0.02828,1.226e-24,2.209e-05,3.549e-05,0.0003518,4.557e-25,2.557e-05,0.001795,0.001193,3.606e-07,0.104,0.007441,0.02051,0.1623,3.061e-05,1.644e-05,0.337
   81900,   81960,-9999,0.009012,0.02823,1.184e-24,2.198e-05,3.535e-05,0.0003505,4.387e-25,2.536e-05,0.00179,0.001189,3.583e-07,0.1038,0.00742,0.02048,0.162,3.048e-05,1.629e-05,0.337
   81960,   82020,-9999,0.008991,0.02817,1.143e-24,2.187e-05,3.521e-05,0.0003491,4.225e-25,2.514e-05,0.001784,0.001185,3.56e-07,0.1036,0.007399,0.02045,0.1618,3.035e-05,1.615e-05,0.337
   82020,   82080,-9999,0.00897,0.02812,1.106e-24,2.177e-05,3.508e-05,0.0003478,4.079e-25,2.494e-05,0.001778,0.001182,3.538e-07,0.1035,0.007378,0.02042,0.1615,3.023e-05,1.601e-05,0.337
   82080,   82140,-9999,0.008949,0.02806,1.069e-24,2.165e-05,3.494e-05,0.0003464,3.931e-25,2.472e-05,0.001772,0.001178,3.515e-07,0.1033,0.007356,0.0204,0.1613,3.009e-05,1.587e-05,0.337
   82140,   82200,-9999,0.008927,0.02801,1.033e-24,2.154e-05,3.48e-05,0.000345,3.79e-25,2.451e-05,0.001766,0.001174,3.492e-07,0.1031,0.007335,0.02037,0.161,2.996e-05,1.572e-05,0.337
   82200,   82260,-9999,0.008906,0.02795,1e-24,2.144e-05,3.466e-05,0.0003437,3.663e-25,2.43e-05,0.00176,0.001171,3.47e-07,0.103,0.007314,0.02034,0.1608,2.983e-05,1.559e-05,0.337
   82260,   82320,-9999,0.008883,0.02789,9.672e-25,2.132e-05,3.451e-05,0.0003423,3.534e-25,2.409e-05,0.001754,0.001167,3.447e-07,0.1028,0.007291,0.02031,0.1605,2.97e-05,1.545e-05,0.337
   82320,   82380,-9999,0.008861,0.02784,9.355e-25,2.121e-05,3.437e-05,0.0003409,3.41e-25,2.387e-05,0.001747,0.001163,3.423e-07,0.1026,0.007269,0.02028,0.1603,2.956e-05,1.53e-05,0.337
   82380,   82440,-9999,0.00884,0.02778,9.069e-25,2.11e-05,3.423e-05,0.0003395,3.299e-25,2.367e-05,0.001742,0.00116,3.401e-07,0.1025,0.007248,0.02025,0.16,2.944e-05,1.517e-05,0.337
   82440,   82500,-9999,0.008817,0.02772,8.777e-25,2.099e-05,3.408e-05,0.0003381,3.186e-25,2.345e-05,0.001735,0.001156,3.378e-07,0.1023,0.007225,0.02022,0.1598,2.93e-05,1.502e-05,0.337
   82500,   82560,-9999,0.008794,0.02766,8.496e-25,2.087e-05,3.394e-05,0.0003367,3.078e-25,2.324e-05,0.001729,0.001152,3.354e-07,0.1021,0.007202,0.02019,0.1595,2.916e-05,1.488e-05,0.337
   82560,   82620,-9999,0.008772,0.0276,8.242e-25,2.076e-05,3.38e-05,0.0003353,2.981e-25,2.304e-05,0.001723,0.001148,3.332e-07,0.1019,0.00718,0.02016,0.1592,2.903e-05,1.475e-05,0.337
   82620,   82680,-9999,0.008748,0.02754,7.982e-25,2.064e-05,3.365e-05,0.0003338,2.882e-25,2.282e-05,0.001716,0.001144,3.309e-07,0.1017,0.007157,0.02013,0.159,2.889e-05,1.46e-05,0.337
