CampaignData_and_Merges/R0/CSL_MobileLab_Parked/raw/20240722/USOS-POPS_MobileLabGround_20240722_R0.ict
78, 1001
Thornberry, T. D.
NOAA Chemical Sciences Laboratory
Portable Optical Particle Spectrometer (POPS)
USOS
1, 1
2024, 07, 22, 2025, 05, 08
60
Time_Start, seconds_past_midnight, Start time of measurement
45
1, 1, 1, 1, 1, 1, 1, 1, 1, 1, 1, 1, 1, 1, 1, 1, 1, 1, 1, 1, 1, 1, 1, 1, 1, 1, 1, 1, 1, 1, 1, 1, 1, 1, 1, 1, 1, 1, 1, 1, 1, 1, 1, 1, 1
-9999, -9999, -9999, -9999, -9999, -9999, -9999, -9999, -9999, -9999, -9999, -9999, -9999, -9999, -9999, -9999, -9999, -9999, -9999, -9999, -9999, -9999, -9999, -9999, -9999, -9999, -9999, -9999, -9999, -9999, -9999, -9999, -9999, -9999, -9999, -9999, -9999, -9999, -9999, -9999, -9999, -9999, -9999, -9999, -9999
Time_Stop, seconds_past_midnight, Stop time of measurement
Time_Mid, seconds_past_midnight, Mid time of measurement
Press_mb, mb, Pressure reported (mb)
Temp_C, degrees C, POPS temperature measurement
Aerosol_concentration, cm^-3, Aerosol concentration
Surface_Area_Conc, um^2 cm^-3, Surface area concentration
Volume_density, um^3 cm^-3, Volume density
Effective_radius, um, Effective radius
Extinction, km^-1, Extinction
Bin01, cm^-3, particle concentration in size range [1401 - 146.3 nm]
Bin02, cm^-3, particle concentration in size range [146.3 - 152.8 nm]
Bin03, cm^-3, particle concentration in size range [152.8 - 159.6 nm]
Bin04, cm^-3, particle concentration in size range [159.6 - 166.8 nm]
Bin05, cm^-3, particle concentration in size range [166.8 - 174.2 nm]
Bin06, cm^-3, particle concentration in size range [174.2 - 181.9 nm]
Bin07, cm^-3, particle concentration in size range [181.9 - 190.0 nm]
Bin08, cm^-3, particle concentration in size range [190.0 - 198.5 nm]
Bin09, cm^-3, particle concentration in size range [198.5 - 207.4 nm]
Bin10, cm^-3, particle concentration in size range [207.4 - 216.6 nm]
Bin11, cm^-3, particle concentration in size range [216.6 - 226.2 nm]
Bin12, cm^-3, particle concentration in size range [226.2 - 236.3 nm]
Bin13, cm^-3, particle concentration in size range [236.3 - 246.8 nm]
Bin14, cm^-3, particle concentration in size range [246.8 - 257.8 nm]
Bin15, cm^-3, particle concentration in size range [257.8 - 269.3 nm]
Bin16, cm^-3, particle concentration in size range [269.3 - 343.4 nm]
Bin17, cm^-3, particle concentration in size range [343.4 - 450.7 nm]
Bin18, cm^-3, particle concentration in size range [450.7 - 525.9 nm]
Bin19, cm^-3, particle concentration in size range [525.9 - 618.5 nm]
Bin20, cm^-3, particle concentration in size range [618.5 - 710.0 nm]
Bin21, cm^-3, particle concentration in size range [710.0 - 822.7 nm]
Bin22, cm^-3, particle concentration in size range [822.7 - 885.9 nm]
Bin23, cm^-3, particle concentration in size range [885.9 - 953.9 nm]
Bin24, cm^-3, particle concentration in size range [953.9 - 1027.2 nm]
Bin25, cm^-3, particle concentration in size range [1027.2 - 1106.1 nm]
Bin26, cm^-3, particle concentration in size range [1106.1 - 1191.0 nm]
Bin27, cm^-3, particle concentration in size range [1191.0 - 1282.5 nm]
Bin28, cm^-3, particle concentration in size range [1282.5 - 1381.0 nm]
Bin29, cm^-3, particle concentration in size range [1381.0 - 1487.1 nm]
Bin30, cm^-3, particle concentration in size range [1487.1 - 1601.3 nm]
Bin31, cm^-3, particle concentration in size range [1601.3 - 1724.3 nm]
[...]
PLATFORM: NOAA CSL Mobile Lab
LOCATION: USOS
ASSOCIATED_DATA: N/A
INSTRUMENT_INFO: Printed Optical Particle Spectrometer counts particles from 140 - 2500 nm in diameter 
DATA_INFO: Particle concentrations reported in number per cubic centimeter,1 Hz data
UNCERTAINTY: Counting uncertainty dominated by air flow, less than 5 percent. Measurement range is ~0 - 3000 per cm3 (varies depending on flow rate- manufacturer quotes 1250 per cm3 at 1.667 cc/s)
ULOD_FLAG: -7777
ULOD_VALUE: N/A
LLOD_FLAG: -8888
LLOD_VALUE: N/A
DM_CONTACT_INFO: Troy Thornberry, 325 Broadway R/CSL6, Boulder, CO 80305; troy.thornberry@noaa.gov; 303-497-3373
PROJECT_INFO: USOS, Utah POPS data from NOAA CSL Mobile Lab
STIPULATIONS_ON_USE: Please contact the PIs for questions regarding applications and uncertainties
OTHER_COMMENTS: POPS bin Edges (nm):  140.1, 146.3, 152.8, 159.6, 166.8, 174.2, 181.9, 190.0, 198.5, 207.4, 216.6, 226.2, 236.3, 246.8, 257.8, 269.3, 343.4, 450.7, 525.9, 618.5, 710.0, 822.7, 885.9, 953.9, 1027.2, 1106.1, 1191.0, 1282.5, 1381.0, 1487.1, 1601.3, 1724.3, 1856.7, 1999.3, 2152.8, 2318.2, 2496.2
Calculations assume organic aerosol refractive index of 1.52+0.00j and extinction wavelength = 532 nm
REVISION: R0
R0: Final data
Time_Start, Time_Stop, Time_Mid, Press_mb, Temp_C, Aerosol_concentration, Surface_Area_Conc, Volume_density, Effective_radius, Extinction, Bin01, Bin02, Bin03, Bin04, Bin05, Bin06, Bin07, Bin08, Bin09, Bin10, Bin11, Bin12, Bin13, Bin14, Bin15, Bin16, Bin17, Bin18, Bin19, Bin20, Bin21, Bin22, Bin23, Bin24, Bin25, Bin26, Bin27, Bin28, Bin29, Bin30, Bin31, Bin32, Bin33, Bin34, Bin35, Bin36
[from data line 707]
42420,42479,42450,873.059,29.786,502.043,105.508,6.003,0.170,0.039,21.729935,22.024149,21.732410,23.003706,23.333288,23.545734,24.036783,23.500122,23.761911,24.370739,24.215958,25.691006,25.818865,25.984411,23.167013,97.835289,35.520271,8.847201,2.852486,0.398855,0.215932,0.084339,0.063011,0.045369,0.045469,0.017457,0.029291,0.017440,0.028390,0.022790,0.017638,0.040011,0.011437,0.005690,0.011395,0.017579
42480,42539,42510,873.064,29.800,510.159,107.364,5.942,0.166,0.039,21.777052,21.908304,22.559225,23.287197,23.842785,23.691547,23.890776,24.154701,23.415825,23.515335,25.047043,26.020105,27.554163,26.507372,24.463392,98.422882,37.300465,8.860561,2.720215,0.412913,0.235709,0.179427,0.063594,0.068179,0.057234,0.029014,0.046391,0.017398,0.029147,0.017262,0.023429,0.017248,0.000000,0.000000,0.005709,0.017410
42540,42599,42570,873.052,30.313,509.256,106.280,5.781,0.163,0.039,21.505175,22.754723,22.548807,23.089003,24.516720,23.322386,24.258736,23.718298,23.948202,23.572914,25.235106,26.587030,26.480181,26.795387,24.296003,97.865356,36.371353,8.754806,2.529953,0.371026,0.222179,0.116232,0.106317,0.044967,0.027529,0.033992,0.044766,0.039147,0.010848,0.028095,0.021809,0.000000,0.011261,0.016648,0.005556,0.005359
42600,42659,42630,873.067,30.598,504.043,104.777,5.708,0.163,0.038,22.178001,21.398540,22.433905,22.640844,23.484203,23.555017,24.027344,23.839954,24.220263,23.736502,24.926552,26.138081,26.508965,26.801317,23.126913,97.667244,35.163357,8.746135,2.415807,0.291962,0.280270,0.157845,0.045083,0.056145,0.039180,0.017121,0.022390,0.028249,0.017044,0.011376,0.027980,0.011225,0.005398,0.000000,0.005707,0.017046
42660,42719,42690,873.075,30.421,510.577,106.488,5.884,0.165,0.039,21.826344,22.661766,23.400446,23.338253,23.803473,24.264235,23.362080,25.205332,24.485798,24.511114,25.027561,26.011944,27.716110,26.765041,22.733088,96.410919,36.500465,8.617091,2.695155,0.445287,0.286899,0.095325,0.065315,0.071861,0.036243,0.060155,0.041787,0.017991,0.023910,0.029745,0.018222,0.011773,0.018042,0.000000,0.000000,0.018531
42720,42779,42750,873.104,30.031,500.168,105.347,5.820,0.165,0.039,21.184950,21.556177,22.132605,22.182531,23.316343,23.505898,23.883936,23.704556,23.052082,23.570744,24.732347,25.973848,25.808731,25.981897,23.318094,97.224770,36.220161,8.937156,2.754589,0.331611,0.314006,0.090426,0.100612,0.067297,0.038697,0.044534,0.011025,0.011151,0.016862,0.027962,0.016914,0.005398,0.016746,0.005297,0.022558,0.005575
42780,42839,42810,873.076,29.733,502.564,105.530,5.857,0.166,0.039,21.650785,21.304607,22.082026,22.328020,23.447666,23.698540,23.887877,23.290985,24.123760,23.717991,24.960165,25.745729,26.382010,26.643749,23.625135,96.326607,36.672340,8.997858,2.686547,0.326105,0.220422,0.100800,0.056073,0.062039,0.039314,0.034042,0.000000,0.033717,0.010813,0.028250,0.011433,0.017355,0.022411,0.005745,0.011530,0.011571
42840,42899,42870,873.052,29.927,508.257,106.789,5.959,0.167,0.039,21.321383,22.218952,21.648319,23.022326,23.675531,23.945570,23.659899,24.331747,23.947866,24.295189,24.998581,26.568655,26.969172,25.989853,23.705036,98.951805,36.584625,8.766870,2.626280,0.276519,0.214935,0.077638,0.105846,0.061161,0.038829,0.032901,0.022022,0.038098,0.050213,0.022281,0.033264,0.016638,0.005708,0.022544,0.000000,0.010954
42900,42959,42930,873.094,30.422,506.993,105.879,5.855,0.165,0.039,21.786180,21.783791,22.459284,22.737230,24.075556,24.499090,24.654568,23.872839,24.282900,23.227160,24.652908,25.281332,26.497778,26.992125,23.479691,97.813530,36.340294,9.003341,2.564804,0.350892,0.180754,0.128826,0.057069,0.040195,0.033605,0.016708,0.016797,0.016992,0.034535,0.039678,0.021983,0.028107,0.000000,0.011010,0.000000,0.011183
42960,43019,42990,873.115,30.500,508.196,107.268,6.190,0.172,0.039,21.874388,21.716049,21.863541,23.022633,23.203228,24.037783,24.242235,24.550928,24.907068,24.065693,24.591454,26.498949,26.156845,26.327303,24.178713,98.192146,36.404770,8.538056,2.558211,0.373169,0.245072,0.145679,0.077202,0.067130,0.022599,0.034196,0.049713,0.027746,0.055887,0.038504,0.050107,0.028147,0.005574,0.022432,0.005429,0.016931
43020,43079,43050,873.091,30.155,504.272,106.184,5.961,0.168,0.039,21.614487,21.853020,21.884972,22.458118,23.140875,23.388851,23.802774,24.549091,23.860292,23.476175,24.268486,25.790537,26.760557,26.428091,23.760277,98.217331,36.519699,8.794938,2.656625,0.292215,0.292805,0.119832,0.051018,0.039356,0.028904,0.034423,0.039792,0.016579,0.017618,0.011035,0.022762,0.011358,0.017424,0.017115,0.017136,0.017555
43080,43139,43110,873.081,29.849,502.157,105.177,5.725,0.163,0.039,21.685053,21.745806,21.844984,22.675449,23.678473,23.079988,23.851273,24.570297,23.405071,23.827869,24.498810,25.428059,26.101362,26.385212,23.539892,96.819550,36.334351,8.947256,2.721530,0.331915,0.237673,0.094208,0.121446,0.044006,0.033066,0.011207,0.016705,0.005482,0.033473,0.011168,0.043372,0.000000,0.010850,0.000000,0.011242,0.011074
43140,43199,43170,873.080,29.982,509.534,107.540,6.038,0.168,0.040,21.645948,22.061066,22.178694,23.269842,24.030573,23.618797,23.776546,23.819307,23.735064,24.562202,24.576742,25.684906,27.028160,27.165949,24.003426,98.403275,37.066101,8.806058,2.907676,0.323594,0.313685,0.136046,0.045426,0.068611,0.050618,0.028189,0.040214,0.016357,0.051746,0.033791,0.028375,0.028460,0.005688,0.017219,0.005785,0.000000
43200,43259,43230,873.106,30.409,506.320,105.703,5.665,0.161,0.039,21.307102,21.886978,22.139252,22.878820,23.272303,24.012774,24.319950,23.868418,24.034250,23.947542,24.323465,26.096336,26.124388,26.250399,23.881798,99.318031,36.145199,8.768453,2.676463,0.330374,0.299117,0.112464,0.084355,0.083837,0.033533,0.016968,0.016858,0.028212,0.022643,0.011375,0.005575,0.005765,0.000000,0.000000,0.005521,0.011281
43260,43319,43290,873.134,30.499,506.744,106.271,5.906,0.166,0.039,21.597746,22.110058,21.968374,23.192137,23.679531,23.949432,23.661703,24.061504,23.979370,24.501711,24.857998,26.090204,26.997646,25.753639,23.486217,97.343636,36.570835,9.060706,2.723505,0.411175,0.288118,0.094419,0.071230,0.050055,0.060544,0.033072,0.016208,0.005537,0.005241,0.022158,0.038966,0.038788,0.016761,0.005556,0.000000,0.000000
43320,43379,43350,873.131,30.189,508.445,106.451,5.880,0.165,0.039,21.941174,22.511230,22.427046,22.700777,23.742863,23.748260,23.824303,24.035933,23.959278,24.809908,24.469492,26.475416,27.139544,26.308813,23.523275,97.566788,36.565033,8.603721,2.980929,0.374081,0.285586,0.099302,0.070705,0.070385,0.041092,0.035473,0.011755,0.011896,0.017622,0.017648,0.011725,0.017418,0.017722,0.011629,0.005733,0.011578
43380,43439,43410,873.152,29.856,511.801,106.990,5.894,0.165,0.039,22.458366,22.640467,22.234793,23.012228,23.803883,23.815954,23.586790,24.508427,24.768230,24.530525,24.966658,26.183172,27.083134,26.482903,23.769730,98.562637,36.473431,9.266890,2.557902,0.324857,0.313436,0.094029,0.084287,0.044316,0.055007,0.040082,0.011400,0.027904,0.016638,0.005848,0.016437,0.021819,0.016659,0.011302,0.000000,0.011282
43440,43499,43470,873.129,29.829,508.592,107.305,6.043,0.169,0.040,21.779972,21.473436,21.885040,23.036453,23.870884,23.578499,23.954304,23.937288,24.064598,24.020746,25.328373,26.351398,26.858248,26.581013,24.002502,97.909233,36.934406,9.158001,2.760670,0.370598,0.225002,0.100651,0.096334,0.090042,0.034031,0.039314,0.000000,0.022455,0.011263,0.011299,0.033293,0.011281,0.011375,0.005824,0.016705,0.027761
43500,43559,43530,873.120,30.334,506.387,106.642,5.951,0.167,0.039,21.045641,21.184603,22.046799,23.040012,23.314655,24.105658,23.385450,24.458454,24.530703,24.678276,24.525335,26.164444,25.962181,26.571440,23.587233,98.224152,36.709156,9.028255,2.710988,0.366580,0.263960,0.165701,0.057279,0.034716,0.057460,0.028679,0.011495,0.011749,0.011555,0.017348,0.011689,0.011610,0.016969,0.011535,0.011552,0.023143
43560,43619,43590,873.128,30.596,503.144,105.825,5.753,0.163,0.039,20.915167,21.505032,22.124235,23.220747,23.211378,23.282902,23.920198,23.748690,23.712915,24.093660,24.229223,25.830355,26.488314,26.198263,23.559397,98.195183,35.893074,8.956270,2.932981,0.329475,0.258284,0.151607,0.079258,0.056808,0.045730,0.039944,0.034060,0.039625,0.022910,0.028448,0.017259,0.000000,0.005745,0.005539,0.000000,0.011169
43620,43679,43650,873.117,30.391,510.275,107.512,6.068,0.169,0.040,21.567467,22.077833,22.311169,22.448828,24.155684,24.651146,24.234579,24.035328,23.214676,24.304688,24.438950,26.803059,27.012701,26.734207,23.596420,98.935364,36.957020,8.946876,2.671857,0.411867,0.253699,0.123618,0.067290,0.038470,0.033969,0.027192,0.033655,0.032915,0.027959,0.027449,0.027737,0.027508,0.010966,0.005631,0.016539,0.010532
43680,43739,43710,873.128,30.020,502.456,106.397,6.035,0.170,0.039,21.104240,21.583984,22.405886,23.009386,23.409781,23.268127,24.130621,23.584122,23.324883,23.542267,24.114595,25.826176,26.826704,25.943691,23.392281,97.173553,36.871162,8.854997,2.783526,0.472526,0.286259,0.142438,0.080225,0.050771,0.028896,0.045626,0.022749,0.016980,0.028574,0.034381,0.034070,0.022475,0.005864,0.005598,0.005672,0.022644
43740,43799,43770,873.119,29.807,504.946,106.401,5.925,0.167,0.039,21.848063,22.137560,22.179914,22.695524,23.074936,23.486332,23.609344,23.986904,23.700478,23.722763,24.773672,25.246473,26.527168,27.272860,23.589563,98.112236,35.979553,8.901141,2.852896,0.468664,0.264566,0.114313,0.056712,0.046391,0.085462,0.052083,0.028540,0.011650,0.011689,0.023052,0.034203,0.011405,0.005634,0.005709,0.016872,0.011277
43800,43859,43830,873.095,30.211,510.944,107.627,5.998,0.167,0.040,21.394001,21.815947,22.157324,23.393850,24.345118,24.130836,23.934969,24.133287,24.088894,24.068691,24.218950,25.738808,27.695683,27.023930,23.386309,98.980240,37.303104,9.265813,2.792368,0.321464,0.265767,0.137107,0.051459,0.073501,0.045709,0.027884,0.027918,0.011270,0.011281,0.028448,0.005745,0.022939,0.011319,0.011245,0.005707,0.017007
43860,43919,43890,873.088,30.588,500.549,105.817,5.878,0.166,0.039,21.787834,21.686480,21.571884,22.547283,23.192656,23.142693,23.418694,23.764023,23.435482,23.724329,24.082306,25.228045,26.498766,25.944031,23.959452,96.714996,36.671371,9.088952,2.949145,0.340529,0.275814,0.099710,0.088331,0.083562,0.060616,0.022031,0.044105,0.005537,0.022299,0.032943,0.016264,0.016416,0.011148,0.000000,0.016434,0.005308
43920,43979,43950,873.086,30.483,505.222,106.121,5.825,0.164,0.039,21.555113,21.522415,21.899021,22.134413,23.547369,23.605782,23.325586,23.765059,23.844419,24.394196,24.705330,25.663239,26.948006,26.818945,23.493212,98.738571,36.455643,8.982397,2.785835,0.331216,0.266464,0.112283,0.067110,0.045391,0.039386,0.028559,0.011589,0.051079,0.010990,0.005594,0.011395,0.027906,0.016880,0.000000,0.011226,0.000000
43980,44039,44010,873.093,30.136,504.503,106.124,5.900,0.166,0.039,20.993612,21.222980,21.686848,22.648577,24.360067,23.213469,23.788082,24.238142,24.067274,23.730829,24.815483,25.320179,27.038908,27.025455,23.507103,97.658974,36.719410,8.682276,2.646581,0.377576,0.211434,0.188641,0.078201,0.077850,0.032756,0.016736,0.011186,0.010832,0.016577,0.028237,0.022472,0.016292,0.016505,0.016943,0.005727,0.011024
44040,44099,44070,873.113,29.824,503.019,106.047,6.058,0.171,0.039,20.975538,21.825886,22.175068,22.571352,23.131046,23.141863,23.977564,24.324753,23.889814,24.090864,23.870579,26.184740,26.690870,26.671667,23.335611,97.532982,36.362671,8.564928,2.571392,0.381139,0.289170,0.098684,0.055843,0.038150,0.027783,0.033291,0.027742,0.011277,0.022622,0.016593,0.021811,0.011020,0.038894,0.010927,0.011435,0.033371
44100,44159,44130,873.067,30.084,507.173,106.047,5.812,0.164,0.039,21.813795,21.349134,21.873262,22.707581,24.263010,24.556925,23.237614,24.542778,24.192341,24.378662,25.098227,26.287003,27.093225,26.057388,23.348286,97.171471,36.687080,8.840875,2.598328,0.362653,0.241399,0.076319,0.081784,0.070028,0.040638,0.046706,0.046376,0.011360,0.011590,0.017334,0.023033,0.011523,0.011837,0.000000,0.017445,0.005887
44160,44219,44190,873.079,30.576,511.801,107.588,6.009,0.167,0.039,21.565563,21.709026,21.914310,23.319769,23.854126,24.651142,24.196943,24.881063,23.798676,24.315521,24.361181,26.184750,26.750931,26.893229,23.923487,99.833290,36.786636,9.182185,2.601594,0.371090,0.216471,0.120429,0.067672,0.062066,0.039045,0.028763,0.022793,0.017029,0.039972,0.011474,0.023120,0.017262,0.000000,0.000000,0.011324,0.029005
44220,44279,44250,873.102,30.683,506.105,105.405,5.753,0.163,0.038,21.682911,22.189247,21.953028,22.906254,23.684847,23.708113,23.616673,24.086252,24.064329,24.144098,24.549013,26.881750,26.439434,27.095909,23.680529,97.249733,35.849617,8.637668,2.659857,0.327030,0.293625,0.100782,0.044590,0.045305,0.056319,0.016530,0.017208,0.016930,0.011435,0.022425,0.022269,0.017237,0.005765,0.022489,0.000000,0.005398
44280,44339,44310,873.137,30.372,500.296,105.186,5.885,0.167,0.039,20.348032,21.682842,21.349154,22.612354,23.440973,23.808737,23.581499,24.241219,23.815363,23.541929,24.539293,26.155346,26.338804,26.921741,23.015930,96.479195,35.904312,8.840419,2.538200,0.360328,0.269503,0.121311,0.068337,0.085821,0.040107,0.017339,0.045590,0.005747,0.005884,0.017280,0.028759,0.017281,0.023065,0.011289,0.011572,0.011651
44340,44399,44370,873.164,30.019,505.186,106.442,5.885,0.165,0.039,22.209196,21.800312,21.991987,22.342226,23.680267,23.353399,23.446442,23.926319,24.143646,23.986433,23.880297,25.691418,26.966673,26.061970,23.556248,98.194832,37.062752,9.027636,2.750870,0.384487,0.260331,0.118039,0.090965,0.033788,0.033481,0.023024,0.022244,0.005824,0.033268,0.028519,0.033789,0.010984,0.000000,0.017028,0.005785,0.011363
44400,44459,44430,873.165,29.829,502.121,105.330,5.907,0.168,0.039,21.322758,21.919870,22.147678,22.769926,23.258596,23.800417,23.560272,24.308746,24.278481,23.591040,24.229033,25.869493,25.892731,26.327259,23.770042,96.181091,36.533085,8.726272,2.445297,0.367538,0.309001,0.125261,0.114140,0.034288,0.046138,0.027653,0.034189,0.005690,0.005925,0.011238,0.028559,0.028198,0.022544,0.011294,0.005884,0.011199
44460,44519,44490,873.154,30.270,508.063,106.643,5.822,0.164,0.039,21.488356,22.681896,22.197954,22.918303,23.542389,23.979237,23.638437,23.995716,24.066792,24.269026,24.478991,25.218044,27.056351,26.611916,23.734314,98.301125,37.041931,9.031973,2.732324,0.293330,0.232610,0.158233,0.094765,0.067529,0.050913,0.028104,0.022681,0.022341,0.028110,0.022988,0.028194,0.011318,0.005726,0.000000,0.000000,0.011243
44520,44579,44550,873.171,30.637,506.591,106.437,6.052,0.170,0.039,22.155865,21.906008,22.264244,23.027084,23.607903,23.507629,24.091579,24.833447,24.441135,24.430998,24.408665,25.427212,26.954346,26.409159,23.395023,96.507576,36.613033,8.777090,2.657187,0.344866,0.264363,0.150157,0.069631,0.045940,0.058045,0.023381,0.040729,0.035350,0.017224,0.011421,0.035145,0.027943,0.011592,0.017276,0.000000,0.023034
44580,44639,44610,873.204,30.591,501.613,105.116,5.770,0.164,0.039,21.777021,21.546944,22.550692,23.082905,23.480192,23.555027,23.286072,23.177538,23.500385,24.023489,24.361942,25.966639,25.655153,26.295822,24.205811,96.338692,35.914543,9.328920,2.476676,0.305157,0.336697,0.113982,0.063466,0.063504,0.046282,0.011556,0.028387,0.011555,0.011437,0.022896,0.022918,0.005616,0.011125,0.017495,0.005473,0.011438
44640,44699,44670,873.206,30.187,505.903,107.156,6.095,0.170,0.040,21.201750,21.628336,21.404882,22.279461,23.038168,23.253990,23.757725,24.458673,23.585423,24.250256,24.319258,26.234037,27.268631,26.448931,24.285021,98.601791,37.380592,8.688304,2.636663,0.361672,0.288622,0.128780,0.089188,0.061486,0.044280,0.033695,0.022170,0.000000,0.005342,0.027687,0.033623,0.028252,0.005631,0.016841,0.016887,0.016448
44700,44759,44730,873.235,29.808,500.661,105.961,6.069,0.171,0.039,21.718876,21.383696,22.537460,22.778603,23.130184,23.814831,23.138649,23.942089,23.731615,23.180428,23.965244,25.721163,26.822664,25.895613,23.265751,96.629837,36.069004,8.811168,2.823002,0.380548,0.365924,0.094933,0.083390,0.066160,0.065952,0.049516,0.017008,0.010808,0.022491,0.022371,0.049505,0.022081,0.010920,0.000000,0.016873,0.022505
