CampaignData_and_Merges/R0/CSL_MobileLab_Parked/raw/20240722/USOS-MetNav_MobileLabGround_20240722_R0.ict
44, 1001
Carrie Womack, Nate Howard, Mike Zucker
NOAA Chemical Sciences Laboratory
Mobile Lab MetNav Station
USOS
1, 1
2024, 07, 22, 2024, 12, 21
60
Time_Start, seconds_past_midnight, Seconds from midnight UTC
11
1, 1, 1, 1, 1, 1, 1, 1, 1, 1, 1
-9999, -9999, -9999, -9999, -9999, -9999, -9999, -9999, -9999, -9999, -9999
GPS_Alt_m, meters, Altitude from Differential GPS
GPS_Course_deg, degrees, Course from Differential GPS
GPS_GndSpd_m_s, m/s, Ground Speed from Differential GPS
GPS_Heading_deg, degrees, Heading from Differential GPS
GPS_Lat_deg, degrees, Latitude from Differential GPS
GPS_Lon_deg, degrees, Longitude from Differential GPS
AirTemp_C, Celsius, Air Temperature from Airmar
RelHumidity_pct, percent, Relative Humidity from Airmar
Pressure_mb, millibars, Pressure from Honeywell
WindDir_calc_deg, degrees, Wind Direction from Airmar corrected for van movement
WindSpd_calc_m_s, m/s, Wind Speed from Airmar corrected for van movement
1
SPECIAL COMMENTS:
18
PI_CONTACT_INFO: Address: 325 Broadway R/CSL7, Boulder, CO, 80305
PLATFORM: CSL Mobile Lab
LOCATION: Salt Lake City, UT
ASSOCIATED_DATA: N/A
INSTRUMENT_INFO: N/A
DATA_INFO: Units:
UNCERTAINTY: N/A
ULOD_FLAG: -7777
ULOD_VALUE: N/A
LLOD_FLAG: -8888
LLOD_VALUE: N/A
DM_CONTACT_INFO: Data Manager: Nate Howard
PROJECT_INFO: 
STIPULATIONS_ON_USE: Use of these data require prior ok from PI.
OTHER_COMMENTS: 
REVISION: R0
R0: Final data. Fixed bug in wind averaging code. RA: Preliminary Data. For in-field use only. 
Time_Start, GPS_Alt_m, GPS_Course_deg, GPS_GndSpd_m_s, GPS_Heading_deg, GPS_Lat_deg, GPS_Lon_deg, AirTemp_C, RelHumidity_pct, Pressure_mb, WindDir_calc_deg, WindSpd_calc_m_s
[from data line 402]
24120.0,1308.2,0.09,0.04,0.09,40.73434,-111.87210,27.2,21.0,876.0,164.41,1.9
24180.0,1308.1,359.89,0.05,359.89,40.73434,-111.87210,27.2,20.8,876.0,166.27,1.5
24240.0,1308.1,359.82,0.05,359.82,40.73434,-111.87210,27.3,21.7,876.0,147.79,1.7
24300.0,1308.1,359.45,0.05,359.45,40.73434,-111.87210,27.2,22.7,876.0,139.83,1.2
24360.0,1308.2,359.95,0.05,359.95,40.73434,-111.87210,27.1,22.1,876.0,137.96,1.3
24420.0,1308.2,0.49,0.05,0.49,40.73434,-111.87210,27.0,21.6,876.0,122.96,0.7
24480.0,1308.2,0.22,0.05,0.22,40.73434,-111.87210,26.9,21.7,876.0,118.19,0.4
24540.0,1308.3,0.11,0.04,0.11,40.73434,-111.87210,26.9,21.6,876.0,145.38,0.3
24600.0,1308.2,359.92,0.05,359.92,40.73434,-111.87210,27.0,21.6,876.0,135.10,0.9
24660.0,1308.3,0.01,0.04,0.01,40.73434,-111.87210,27.0,21.7,876.0,141.05,0.6
24720.0,1308.2,359.59,0.05,359.59,40.73434,-111.87210,27.1,21.5,876.0,184.00,0.4
24780.0,1308.1,359.76,0.05,359.76,40.73434,-111.87210,27.1,21.1,876.0,198.09,1.2
24840.0,1308.0,359.50,0.05,359.50,40.73434,-111.87210,27.1,21.2,876.0,183.26,1.5
24900.0,1307.9,359.17,0.05,359.17,40.73434,-111.87210,27.2,21.3,876.0,166.50,0.8
24960.0,1307.7,359.14,0.05,359.14,40.73434,-111.87210,27.3,21.1,876.0,173.69,1.0
25020.0,1307.8,358.86,0.04,358.86,40.73434,-111.87210,27.4,20.9,876.0,166.20,0.8
25080.0,1308.0,359.84,0.05,359.84,40.73434,-111.87211,27.6,20.9,876.0,172.44,1.2
25140.0,1308.4,0.10,0.04,0.10,40.73434,-111.87210,27.7,20.6,876.0,180.66,1.5
25200.0,1308.4,359.86,0.05,359.86,40.73434,-111.87210,27.7,20.3,876.0,178.10,1.0
25260.0,1308.4,359.46,0.04,359.46,40.73434,-111.87210,27.7,20.3,876.0,173.48,1.1
25320.0,1308.4,359.35,0.05,359.35,40.73434,-111.87210,27.8,20.5,876.0,152.95,0.9
25380.0,1308.4,358.74,0.04,358.74,40.73434,-111.87210,27.7,21.7,876.0,148.40,1.7
25440.0,1308.5,359.06,0.05,359.06,40.73434,-111.87210,27.5,23.0,876.0,136.11,1.3
25500.0,1308.5,358.83,0.04,358.83,40.73434,-111.87210,27.4,22.9,876.0,147.90,1.5
25560.0,1308.2,359.10,0.04,359.10,40.73434,-111.87211,27.2,22.5,876.0,152.85,2.1
25620.0,1308.2,358.55,0.04,358.55,40.73434,-111.87211,27.1,21.9,876.0,161.00,1.7
25680.0,1308.0,359.00,0.05,359.00,40.73434,-111.87211,27.0,21.5,876.0,165.20,1.9
25740.0,1308.2,358.39,0.06,358.39,40.73434,-111.87211,27.0,20.7,876.0,150.53,0.7
25800.0,1308.0,358.80,0.05,358.80,40.73434,-111.87211,26.9,21.5,876.0,139.74,1.5
25860.0,1307.8,358.57,0.04,358.57,40.73434,-111.87211,26.8,21.6,876.1,124.78,2.2
25920.0,1307.8,358.87,0.04,358.87,40.73434,-111.87211,26.8,21.4,876.1,155.71,1.3
25980.0,1307.8,358.69,0.05,358.69,40.73434,-111.87211,26.8,21.7,876.1,145.23,1.1
26040.0,1307.9,358.81,0.04,358.81,40.73434,-111.87211,26.8,21.3,876.1,178.25,2.3
26100.0,1308.2,358.85,0.05,358.85,40.73434,-111.87211,26.8,20.2,876.1,191.39,1.7
26160.0,1308.3,358.99,0.04,358.99,40.73434,-111.87211,27.0,20.4,876.2,169.74,1.8
26220.0,1308.4,359.39,0.05,359.39,40.73434,-111.87211,27.0,21.8,876.2,134.45,1.3
26280.0,1308.4,359.95,0.04,359.95,40.73434,-111.87211,26.9,21.0,876.2,144.80,1.1
26340.0,1308.5,359.78,0.04,359.78,40.73434,-111.87211,27.0,20.1,876.2,153.94,0.8
26400.0,1308.9,359.35,0.05,359.35,40.73434,-111.87211,27.0,20.3,876.2,125.66,0.3
26460.0,1309.0,359.33,0.05,359.33,40.73434,-111.87211,27.0,20.3,876.2,77.85,0.2
26520.0,1309.2,359.52,0.04,359.52,40.73434,-111.87210,26.9,20.7,876.2,67.56,0.3
26580.0,1309.3,359.39,0.04,359.39,40.73434,-111.87210,26.9,20.7,876.2,151.57,0.3
26640.0,1309.3,359.50,0.04,359.50,40.73434,-111.87210,27.0,20.9,876.2,127.99,1.0
26700.0,1309.3,359.58,0.04,359.58,40.73434,-111.87210,27.0,20.5,876.2,128.56,1.1
26760.0,1309.4,359.50,0.05,359.50,40.73434,-111.87210,27.1,20.0,876.2,124.97,0.4
26820.0,1309.5,359.06,0.04,359.06,40.73434,-111.87210,27.0,21.1,876.2,104.97,0.9
26880.0,1309.6,357.98,0.04,357.98,40.73434,-111.87210,26.9,20.6,876.2,131.84,2.1
26940.0,1309.6,358.06,0.04,358.06,40.73434,-111.87210,26.8,21.3,876.3,142.14,2.5
27000.0,1309.7,358.45,0.04,358.45,40.73434,-111.87210,26.7,21.5,876.3,128.81,3.6
27060.0,1309.7,358.71,0.05,358.71,40.73434,-111.87210,26.7,20.5,876.3,127.13,2.5
27120.0,1309.8,358.90,0.04,358.90,40.73434,-111.87210,26.7,20.7,876.3,126.51,1.1
27180.0,1310.0,359.09,0.05,359.09,40.73434,-111.87210,26.7,20.8,876.3,105.92,0.5
27240.0,1309.9,358.98,0.05,358.98,40.73434,-111.87210,26.7,20.9,876.2,93.36,0.3
27300.0,1309.9,358.29,0.05,358.29,40.73434,-111.87210,26.6,20.9,876.2,117.64,0.9
27360.0,1309.9,358.51,0.05,358.51,40.73434,-111.87210,26.6,20.9,876.2,125.54,0.8
27420.0,1309.9,358.53,0.05,358.53,40.73434,-111.87210,26.5,20.7,876.2,106.95,1.0
27480.0,1310.0,359.01,0.05,359.01,40.73434,-111.87210,26.5,20.9,876.2,125.86,1.6
27540.0,1310.0,359.07,0.05,359.07,40.73434,-111.87210,26.5,20.8,876.2,118.35,0.8
27600.0,1309.8,359.05,0.04,359.05,40.73434,-111.87210,26.4,21.0,876.2,111.32,1.4
27660.0,1309.6,358.79,0.05,358.79,40.73434,-111.87210,26.3,20.9,876.2,105.20,1.3
27720.0,1309.3,358.82,0.06,358.82,40.73434,-111.87210,26.2,20.9,876.2,109.94,1.2
27780.0,1309.3,358.74,0.05,358.74,40.73434,-111.87210,26.2,20.9,876.2,111.50,1.4
27840.0,1309.1,358.98,0.04,358.98,40.73434,-111.87210,26.1,21.0,876.2,105.17,1.0
27900.0,1309.2,359.21,0.04,359.21,40.73434,-111.87210,26.1,21.2,876.2,113.79,1.2
27960.0,1309.4,359.48,0.05,359.48,40.73434,-111.87210,26.1,21.3,876.2,120.21,1.4
28020.0,1309.4,359.79,0.06,359.79,40.73434,-111.87210,26.0,21.4,876.2,119.39,1.8
28080.0,1309.2,359.45,0.05,359.45,40.73434,-111.87210,26.0,21.2,876.2,119.01,0.6
28140.0,1309.2,359.39,0.06,359.39,40.73434,-111.87210,25.9,21.2,876.2,113.63,1.7
28200.0,1309.0,0.03,0.05,0.03,40.73434,-111.87210,25.9,21.2,876.2,116.24,1.7
28260.0,1309.3,0.12,0.05,0.12,40.73434,-111.87210,25.9,21.2,876.2,135.01,1.1
28320.0,1309.2,359.65,0.05,359.65,40.73434,-111.87210,25.9,21.7,876.2,120.61,2.2
28380.0,1309.1,359.39,0.04,359.39,40.73434,-111.87210,25.9,21.6,876.2,114.09,1.5
28440.0,1309.3,359.27,0.05,359.27,40.73434,-111.87210,25.9,21.6,876.3,116.85,2.0
28500.0,1309.2,359.41,0.04,359.41,40.73434,-111.87210,25.9,21.3,876.3,135.76,1.1
28560.0,1309.1,359.07,0.05,359.07,40.73434,-111.87210,25.9,21.5,876.3,118.38,1.8
28620.0,1308.9,358.94,0.05,358.94,40.73434,-111.87210,25.8,21.2,876.3,123.09,1.8
28680.0,1308.9,358.96,0.04,358.96,40.73434,-111.87210,25.8,21.3,876.3,119.11,1.9
28740.0,1308.8,359.15,0.05,359.15,40.73434,-111.87210,25.8,21.7,876.3,116.88,2.2
28800.0,1308.9,359.31,0.05,359.31,40.73434,-111.87210,25.7,21.6,876.3,117.24,2.8
28860.0,1308.9,358.81,0.05,358.81,40.73434,-111.87210,25.7,21.9,876.3,112.50,1.8
28920.0,1308.9,359.04,0.05,359.04,40.73434,-111.87211,25.7,21.6,876.3,112.46,1.1
28980.0,1308.8,358.88,0.05,358.88,40.73434,-111.87211,25.7,21.7,876.3,117.61,2.2
29040.0,1308.9,358.86,0.05,358.86,40.73434,-111.87210,25.6,21.9,876.3,116.98,2.8
29100.0,1308.9,359.36,0.05,359.36,40.73434,-111.87210,25.6,21.7,876.3,124.23,2.4
29160.0,1308.8,359.48,0.05,359.48,40.73434,-111.87210,25.6,22.1,876.3,111.67,2.4
29220.0,1308.9,358.99,0.05,358.99,40.73434,-111.87210,25.7,21.7,876.3,113.50,2.5
29280.0,1308.9,358.98,0.04,358.98,40.73434,-111.87210,25.7,21.8,876.3,117.64,2.8
29340.0,1308.8,359.21,0.05,359.21,40.73434,-111.87210,25.6,21.9,876.3,111.99,3.6
29400.0,1308.9,359.32,0.05,359.32,40.73434,-111.87210,25.7,21.4,876.4,109.94,1.5
29460.0,1308.9,359.39,0.06,359.39,40.73434,-111.87210,25.8,21.1,876.3,111.37,3.0
29520.0,1308.8,359.59,0.04,359.59,40.73434,-111.87210,26.0,21.2,876.4,110.45,0.9
29580.0,1308.7,359.64,0.05,359.64,40.73434,-111.87210,26.0,21.3,876.4,118.24,1.4
29640.0,1308.6,359.54,0.04,359.54,40.73434,-111.87210,26.0,21.5,876.5,109.88,1.6
29700.0,1308.5,359.72,0.05,359.72,40.73434,-111.87210,26.0,21.3,876.5,116.69,2.2
29760.0,1308.6,359.19,0.05,359.19,40.73434,-111.87210,26.1,21.3,876.4,117.15,1.2
29820.0,1308.6,358.23,0.05,358.23,40.73434,-111.87210,26.1,21.3,876.4,169.15,0.2
29880.0,1308.5,358.63,0.05,358.63,40.73434,-111.87210,26.1,21.1,876.4,129.59,1.9
29940.0,1308.4,359.45,0.05,359.45,40.73434,-111.87210,26.0,21.8,876.4,130.48,4.2
30000.0,1308.4,359.55,0.06,359.55,40.73434,-111.87210,25.9,21.5,876.4,121.44,4.9
30060.0,1308.3,359.08,0.05,359.08,40.73434,-111.87210,25.8,21.6,876.4,126.24,5.2
30120.0,1308.3,359.48,0.06,359.48,40.73434,-111.87210,25.8,21.7,876.4,115.30,3.7
30180.0,1308.3,359.61,0.05,359.61,40.73434,-111.87210,25.8,21.6,876.4,122.50,3.2
30240.0,1308.1,359.81,0.05,359.81,40.73434,-111.87210,25.7,21.6,876.3,121.08,2.1
30300.0,1308.2,359.71,0.05,359.71,40.73434,-111.87210,25.7,21.8,876.3,122.69,2.6
30360.0,1308.3,359.87,0.05,359.87,40.73434,-111.87210,25.6,22.0,876.3,125.52,2.5
30420.0,1308.3,359.55,0.05,359.55,40.73434,-111.87210,25.6,22.2,876.3,116.89,3.5
30480.0,1308.2,359.79,0.05,359.79,40.73434,-111.87210,25.6,21.9,876.3,112.08,3.3
30540.0,1308.2,359.54,0.05,359.54,40.73434,-111.87210,25.5,22.5,876.3,118.45,3.3
30600.0,1308.2,359.98,0.06,359.98,40.73434,-111.87210,25.4,22.2,876.3,117.81,3.4
30660.0,1308.4,0.24,0.05,0.24,40.73434,-111.87210,25.4,22.0,876.3,113.91,2.5
30720.0,1308.5,359.74,0.05,359.74,40.73434,-111.87210,25.4,21.9,876.3,105.64,3.7
30780.0,1308.4,359.68,0.06,359.68,40.73434,-111.87210,25.4,21.7,876.2,113.39,3.9
30840.0,1308.5,359.75,0.06,359.75,40.73434,-111.87210,25.5,21.7,876.2,117.59,3.1
30900.0,1308.4,359.55,0.06,359.55,40.73434,-111.87210,25.5,21.7,876.2,113.41,4.1
30960.0,1308.5,359.70,0.06,359.70,40.73434,-111.87210,25.6,21.9,876.2,117.34,2.2
31020.0,1308.3,359.34,0.06,359.34,40.73434,-111.87210,25.5,21.8,876.2,113.52,3.0
31080.0,1308.6,359.22,0.05,359.22,40.73434,-111.87210,25.6,21.6,876.2,104.55,3.6
31140.0,1308.7,359.35,0.04,359.35,40.73434,-111.87210,25.6,21.5,876.2,115.29,4.6
31200.0,1308.7,358.93,0.05,358.93,40.73434,-111.87210,25.6,21.6,876.2,118.88,3.4
31260.0,1308.7,358.89,0.05,358.89,40.73434,-111.87210,25.6,21.5,876.2,110.23,3.6
31320.0,1308.6,358.64,0.05,358.64,40.73434,-111.87210,25.6,21.6,876.2,116.05,3.6
31380.0,1308.7,359.05,0.06,359.05,40.73434,-111.87210,25.6,21.4,876.2,110.04,4.1
31440.0,1308.7,358.78,0.05,358.78,40.73434,-111.87210,25.6,21.3,876.1,110.84,4.4
31500.0,1308.8,358.35,0.06,358.35,40.73434,-111.87210,25.7,21.4,876.2,114.22,2.9
31560.0,1309.0,358.33,0.05,358.33,40.73434,-111.87210,25.7,21.2,876.2,111.32,3.8
31620.0,1309.0,358.37,0.05,358.37,40.73434,-111.87210,25.7,21.3,876.1,111.27,4.8
31680.0,1308.8,358.88,0.06,358.88,40.73434,-111.87210,25.6,21.2,876.2,106.54,3.5
31740.0,1308.9,359.35,0.04,359.35,40.73434,-111.87210,25.6,21.5,876.2,115.08,4.2
31800.0,1308.9,358.98,0.04,358.98,40.73434,-111.87210,25.6,21.3,876.2,110.72,4.6
31860.0,1309.1,358.65,0.05,358.65,40.73434,-111.87210,25.6,21.4,876.2,115.11,4.4
31920.0,1309.2,358.39,0.05,358.39,40.73434,-111.87210,25.6,21.4,876.2,98.85,2.2
31980.0,1309.1,358.14,0.05,358.14,40.73434,-111.87210,25.6,21.3,876.2,103.92,3.5
32040.0,1309.1,358.75,0.04,358.75,40.73434,-111.87210,25.5,21.3,876.2,110.94,4.0
32100.0,1309.1,359.00,0.05,359.00,40.73434,-111.87210,25.5,21.4,876.2,106.24,3.5
32160.0,1309.1,358.49,0.05,358.49,40.73434,-111.87210,25.5,21.6,876.3,112.85,3.8
32220.0,1309.1,358.54,0.04,358.54,40.73434,-111.87210,25.4,21.5,876.3,103.16,2.4
32280.0,1309.1,358.52,0.04,358.52,40.73434,-111.87210,25.5,21.6,876.3,119.26,2.7
32340.0,1309.1,359.05,0.05,359.05,40.73434,-111.87210,25.5,21.8,876.3,121.02,2.1
32400.0,1309.2,359.68,0.04,359.68,40.73434,-111.87210,25.3,21.8,876.3,115.41,3.7
32460.0,1309.2,359.61,0.05,359.61,40.73434,-111.87210,25.4,21.7,876.3,117.63,2.2
32520.0,1309.1,359.65,0.05,359.65,40.73434,-111.87210,25.3,21.6,876.3,112.75,2.3
32580.0,1309.0,359.36,0.05,359.36,40.73434,-111.87210,25.3,21.8,876.4,115.22,2.7
32640.0,1308.9,359.13,0.05,359.13,40.73434,-111.87210,25.3,21.7,876.4,110.13,3.3
32700.0,1308.8,359.53,0.05,359.53,40.73434,-111.87210,25.3,21.6,876.4,108.27,3.0
32760.0,1308.9,359.46,0.05,359.46,40.73434,-111.87210,25.3,21.7,876.4,108.54,2.1
32820.0,1308.9,359.19,0.05,359.19,40.73433,-111.87210,25.3,21.4,876.4,107.81,2.5
32880.0,1308.9,359.90,0.05,359.90,40.73434,-111.87210,25.4,21.4,876.4,114.41,3.4
32940.0,1309.0,359.92,0.05,359.92,40.73434,-111.87210,25.4,21.5,876.4,113.61,3.2
33000.0,1309.0,359.65,0.05,359.65,40.73434,-111.87210,25.4,21.7,876.4,114.54,2.5
33060.0,1309.0,359.91,0.06,359.91,40.73434,-111.87210,25.4,21.5,876.4,106.75,2.2
33120.0,1308.9,359.82,0.04,359.82,40.73434,-111.87210,25.4,21.7,876.4,110.28,2.0
33180.0,1308.9,359.35,0.04,359.35,40.73434,-111.87210,25.4,21.7,876.4,118.64,2.2
33240.0,1308.8,358.72,0.05,358.72,40.73434,-111.87210,25.3,21.7,876.3,111.03,2.2
33300.0,1308.8,359.02,0.05,359.02,40.73434,-111.87210,25.3,21.7,876.4,113.25,3.1
33360.0,1308.7,359.80,0.04,359.80,40.73434,-111.87210,25.3,21.6,876.4,112.95,2.8
33420.0,1308.7,0.13,0.05,0.13,40.73434,-111.87210,25.4,21.4,876.4,109.93,2.1
33480.0,1308.6,359.53,0.04,359.53,40.73434,-111.87210,25.4,21.4,876.4,108.01,1.8
33540.0,1308.6,359.31,0.05,359.31,40.73434,-111.87210,25.4,21.6,876.4,116.63,2.2
33600.0,1308.7,358.65,0.05,358.65,40.73434,-111.87210,25.5,21.5,876.4,112.05,2.3
33660.0,1308.7,358.96,0.05,358.96,40.73434,-111.87210,25.4,21.6,876.3,110.94,2.3
33720.0,1308.7,359.35,0.05,359.35,40.73434,-111.87210,25.4,21.6,876.4,95.86,1.3
33780.0,1308.7,359.04,0.05,359.04,40.73434,-111.87210,25.4,21.6,876.4,111.50,3.1
33840.0,1308.8,358.94,0.05,358.94,40.73434,-111.87210,25.4,21.5,876.4,114.64,2.2
33900.0,1308.8,358.66,0.04,358.66,40.73434,-111.87210,25.5,21.6,876.4,114.28,1.7
33960.0,1308.9,358.13,0.05,358.13,40.73434,-111.87210,25.4,21.7,876.4,114.25,2.7
34020.0,1308.8,358.37,0.04,358.37,40.73434,-111.87210,25.3,21.8,876.4,112.97,3.7
34080.0,1308.8,358.79,0.05,358.79,40.73434,-111.87210,25.3,21.8,876.4,110.20,1.9
34140.0,1308.7,358.53,0.05,358.53,40.73434,-111.87210,25.4,21.7,876.4,108.72,2.8
34200.0,1308.9,358.97,0.04,358.97,40.73434,-111.87210,25.3,22.0,876.3,110.68,1.8
34260.0,1308.9,359.05,0.04,359.05,40.73434,-111.87210,25.3,21.8,876.3,105.44,1.6
34320.0,1308.9,359.06,0.04,359.06,40.73434,-111.87210,25.2,21.8,876.3,113.58,2.6
34380.0,1309.0,358.76,0.04,358.76,40.73434,-111.87210,25.2,21.9,876.3,111.55,2.5
34440.0,1308.8,358.51,0.05,358.51,40.73434,-111.87210,25.2,21.8,876.3,108.70,1.4
34500.0,1308.9,358.06,0.05,358.06,40.73434,-111.87210,25.2,21.8,876.3,110.01,2.1
34560.0,1309.1,358.35,0.04,358.35,40.73434,-111.87210,25.2,22.0,876.3,113.35,2.3
34620.0,1309.1,358.69,0.05,358.69,40.73434,-111.87210,25.2,22.0,876.3,120.00,1.7
34680.0,1309.4,359.14,0.05,359.14,40.73434,-111.87211,25.3,21.9,876.4,118.28,1.5
34740.0,1309.2,359.05,0.05,359.05,40.73434,-111.87210,25.2,22.0,876.4,116.91,1.5
34800.0,1309.2,358.88,0.05,358.88,40.73434,-111.87210,25.2,21.9,876.4,102.54,2.2
34860.0,1309.2,358.75,0.05,358.75,40.73434,-111.87210,25.2,21.8,876.4,108.94,3.4
34920.0,1309.1,358.84,0.05,358.84,40.73434,-111.87210,25.1,22.1,876.4,109.04,3.0
34980.0,1309.1,359.15,0.05,359.15,40.73434,-111.87210,25.2,22.0,876.3,111.31,2.7
35040.0,1309.3,358.98,0.05,358.98,40.73434,-111.87210,25.1,22.1,876.4,104.89,2.7
35100.0,1309.1,359.39,0.05,359.39,40.73434,-111.87210,25.1,22.1,876.3,106.65,1.5
35160.0,1309.3,359.06,0.05,359.06,40.73434,-111.87210,25.1,22.2,876.3,112.61,2.3
35220.0,1309.5,359.06,0.05,359.06,40.73434,-111.87211,25.0,22.3,876.3,108.94,2.9
35280.0,1309.5,358.92,0.05,358.92,40.73434,-111.87211,25.0,22.3,876.3,103.45,1.6
35340.0,1309.4,358.86,0.04,358.86,40.73434,-111.87211,25.0,22.6,876.3,118.62,1.4
35400.0,1309.4,358.56,0.05,358.56,40.73434,-111.87211,25.0,22.4,876.3,104.05,2.0
35460.0,1309.4,358.57,0.05,358.57,40.73434,-111.87211,25.0,22.3,876.3,102.11,1.7
35520.0,1309.5,359.11,0.05,359.11,40.73434,-111.87211,24.9,22.4,876.3,115.47,3.2
35580.0,1309.4,358.99,0.05,358.99,40.73434,-111.87211,24.8,22.7,876.3,102.46,3.2
35640.0,1309.6,359.01,0.04,359.01,40.73434,-111.87211,24.8,22.7,876.3,111.81,3.2
35700.0,1309.6,359.15,0.04,359.15,40.73434,-111.87211,24.8,22.7,876.3,117.28,2.7
35760.0,1309.6,359.60,0.04,359.60,40.73434,-111.87211,24.8,22.9,876.3,112.09,1.6
35820.0,1309.5,0.39,0.05,0.39,40.73434,-111.87211,24.7,22.9,876.3,110.26,3.0
35880.0,1309.5,0.44,0.04,0.44,40.73434,-111.87211,24.7,22.7,876.3,96.13,2.5
