CampaignData_and_Merges/R0/CSL_MobileLab_Parked/raw/20240722/USOS-Picarro-CO2-CH4-CO-H2O_MobileLabGround_20240722_R0.ict
38, 1001
Ilana Pollack, Nell Schafer, and Jeff Peischl
NOAA Chemical Sciences Laboratory
Picarro 2401-m CO2/CH4/CO/H2O Analyzer
USOS
1, 1
2024, 07, 22, 2024, 11, 20
0
StartTime_UTC, seconds_past_midnight, seconds past midnight
5
1, 1, 1, 1, 1
-9999, -9999, -9999, -9999, -9999
StopTime_UTC, seconds_past_midnight, seconds past midnight
CO2_ppm_1min, ppm, Gas_CO2_InSitu_S_DMF, carbon dioxide mixing ratio
CH4_ppb_1min, ppb, Gas_CH4_InSitu_S_DMF, methane mixing ratio
CO_ppb_1min, ppb, Gas_CO_InSitu_S_DMF, carbon monoxide mixing ratio
H2O_ppmv_1min, ppmv, Met_H2OMRV_InSitu_S_AVMR, water vapor mixing ratio
1
SPECIAL COMMENTS: N/A
18
PI_CONTACT_INFO: Address: NOAA Chemical Sciences Laboratory, Mail Stop CSL7, 325 Broadway, Boulder, CO 80305; Email: Ilana.Pollack@noaa.gov
PLATFORM: NOAA CSL Mobile Laboratory
LOCATION: The mobile lab was stationed in Salt Lake City, Utah.
ASSOCIATED_DATA: N/A
INSTRUMENT_INFO: CO2, CH4, and CO are reported as dry air mole fractions using a commercial wavelength-scanned cavity ring-down analyzer (Picarro 2401-m). An in-field calibration gas standard of 432±0.07 ppm CO2, 2095±1 ppb CH4, and 183±1 ppb CO, calibrated in the Boulder laboratories before and after the field project using primary CO2, CH4, and CO standard tanks tied to the WMO standard (X2019, X2004A, and X2014A, respectively) from the Global Monitoring Laboratory (GML), was delivered to the inlet every 2-3 days to evaluate instrument sensitivity. A H2O measurement was calibrated before the project with a Dew Point Mirror 373 hygrometer. The water correction calculated from these calibrations was applied to the H2O measurement for the entire campaign. Species are measured at 0.5 Hz and reported as 1-minute averages for stationary measurements.
DATA_INFO: Units: CO2, ppm, dry air mole fraction; CH4, ppb, dry air mole fraction; CO, ppb, dry air mole fraction; H2O, ppmv
UNCERTAINTY: Total uncertainties are estimated as ±0.1 ppm for CO2, ±1 ppb for CH4, ±5 ppb for CO, and ±(50 ppm + 4%) for H2O.
ULOD_FLAG: -7777
ULOD_VALUE: N/A
LLOD_FLAG: -8888
LLOD_VALUE: N/A
DM_CONTACT_INFO: Data Manager: Nathan Howard; nathan.h.howard@noaa.gov
PROJECT_INFO: USOS Dates of Study: July – August 2024
STIPULATIONS_ON_USE: Use of these data require prior ok from PI.
OTHER_COMMENTS: Data are averaged to 1 minute intervals. Stationary data collected from a 10 ft tower on top of the mobile van.
REVISION: R0
R0: Final Data
StartTime_UTC, StopTime_UTC, CO2_ppm_1min, CH4_ppb_1min, CO_ppb_1min, H2O_ppmv_1min
[from data line 1134]
68040,68100,426.92,1981.6,235.5,11090.0918
68100,68160,440.76,1985.2,237.2,11003.3936
68160,68220,441.78,1979.6,269.0,10891.9795
68220,68280,465.34,1983.5,303.7,10805.2686
68280,68340,443.69,1984.4,368.2,11145.0088
68340,68400,434.55,1984.3,216.8,12524.9463
68400,68460,431.04,1985.7,212.1,12821.9023
68460,68520,444.66,1993.2,336.7,13299.3545
68520,68580,454.35,1991.3,300.9,11853.5547
68580,68640,427.69,1988.0,224.0,12642.7021
68640,68700,435.46,1983.9,210.2,12312.0244
68700,68760,431.92,1980.9,223.2,11654.7783
68760,68820,433.96,1979.9,291.8,11782.2695
68820,68880,438.50,1980.5,533.0,11677.6094
68880,68940,470.80,1979.0,262.2,11707.1240
68940,69000,444.82,1983.5,259.1,11732.5615
69000,69060,441.41,1987.1,1290.9,12219.0342
69060,69120,438.62,1986.0,1029.2,12921.2627
69120,69180,472.81,2005.0,3064.6,11816.4014
69180,69240,439.42,1977.5,983.4,11612.0986
69240,69300,427.92,1974.1,232.3,11186.5420
69300,69360,461.95,1997.3,2299.4,10856.5684
69360,69420,431.58,1975.7,234.4,11230.9102
69420,69480,424.01,1971.5,202.2,11700.3428
69480,69540,424.33,1970.6,212.9,11261.5254
69540,69600,424.45,1970.5,208.1,11352.0420
69600,69660,423.53,1968.9,197.2,10859.5586
69660,69720,424.26,1969.9,206.3,11183.2100
69720,69780,422.53,1968.7,197.8,11371.7617
69780,69840,423.06,1969.9,206.0,11287.1250
69840,69900,421.82,1967.1,187.9,10976.1250
69900,69960,420.93,1964.8,186.9,10231.9590
69960,70020,419.13,1960.1,164.8,9208.2920
70020,70080,419.70,1960.8,167.1,9090.4365
70080,70140,419.37,1962.5,159.9,9292.7813
70140,70200,419.13,1960.3,163.6,9130.0107
70200,70260,418.25,1960.4,163.6,9205.2002
70260,70320,418.58,1960.9,168.4,9134.2266
70320,70380,418.56,1960.5,196.5,8974.8145
70380,70440,418.22,1960.0,184.9,8883.4326
70440,70500,419.44,1959.7,171.9,8129.7388
70500,70560,424.33,1960.2,251.8,8237.2461
70560,70620,421.40,1959.7,175.5,7945.2075
70620,70680,428.99,1959.8,1173.3,8909.2861
70680,70740,445.26,1959.6,328.0,8275.8457
70740,70800,438.58,1959.7,203.4,8392.6074
70800,70860,450.39,1970.4,488.8,9218.9277
70860,70920,434.34,1960.1,277.1,9004.2578
70920,70980,426.83,1961.5,241.4,8454.8779
70980,71040,420.98,1959.0,174.0,8162.8975
71040,71100,421.55,1959.7,166.2,7989.4199
71100,71160,421.77,1959.5,163.0,8168.9390
71160,71220,421.56,1959.8,170.4,8786.4092
71220,71280,423.00,1960.9,371.2,8866.4766
71280,71340,417.08,1960.4,221.3,9844.2441
71340,71400,423.71,1961.0,203.5,9214.2295
71400,71460,420.46,1960.5,161.2,8697.8398
71460,71520,421.34,1963.0,162.7,8544.7422
71520,71580,420.28,1979.6,170.4,8909.1816
71580,71640,420.50,1960.9,193.9,8430.5117
71640,71700,422.78,1963.8,199.8,9511.4268
71700,71760,428.15,1967.6,229.2,10413.7051
71760,71820,422.31,1968.6,207.5,11201.3115
71820,71880,420.85,1968.9,191.8,11086.2734
71880,71940,422.41,1969.7,190.8,10855.5313
71940,72000,421.90,1971.1,208.5,11213.5107
72000,72060,421.94,1970.5,190.1,10981.1260
72060,72120,422.93,1970.8,194.6,11138.1514
72120,72180,426.49,1975.3,212.2,11116.1572
72180,72240,445.72,1987.3,358.6,11116.5898
72240,72300,423.76,1971.8,206.6,11201.4766
72300,72360,424.77,1969.7,188.2,10939.8467
72360,72420,423.84,1968.6,187.3,10563.6621
72420,72480,428.25,1977.0,195.9,9337.2129
72480,72540,440.12,1968.0,269.9,10300.8252
72540,72600,466.35,1969.9,259.9,9416.9541
72600,72660,430.61,1966.0,197.8,9763.8936
72660,72720,450.85,1966.7,194.9,9976.9590
72720,72780,447.31,1968.1,307.9,9568.6758
72780,72840,437.61,1966.3,202.5,10078.1328
72840,72900,476.37,1980.1,705.3,9605.7266
72900,72960,432.25,1969.3,301.0,9746.1045
72960,73020,431.22,1969.3,297.4,9859.1563
73020,73080,425.96,1968.2,247.6,10677.7139
73080,73140,422.41,1964.5,184.9,10334.7559
73140,73200,434.08,1971.5,274.6,9855.0479
73200,73260,442.30,1999.2,370.4,9834.2031
73260,73320,424.66,1968.8,243.7,10105.0361
73320,73380,428.77,1965.8,213.9,9829.3975
73380,73440,443.46,1972.0,467.1,9506.1318
73440,73500,432.16,1970.6,195.9,9879.0391
73500,73560,440.39,1963.9,200.5,9348.9814
73560,73620,467.00,1974.4,317.2,9203.5313
73620,73680,429.43,1966.9,432.0,9323.8691
73680,73740,441.76,1969.7,1142.0,9371.5000
73740,73800,446.19,1962.7,240.9,9554.4775
73800,73860,476.91,1963.6,569.8,9293.9082
73860,73920,498.49,1973.7,1007.7,9161.8584
73920,73980,457.28,1961.9,454.0,8931.5537
73980,74040,442.86,1968.5,1538.3,9415.0723
74040,74100,430.50,1971.3,1694.7,10092.3447
74100,74160,423.62,1963.0,177.0,10039.0283
74160,74220,434.46,1965.3,464.5,9311.7930
74220,74280,433.20,1963.5,255.4,9845.3096
74280,74340,435.06,1964.4,250.5,9800.3594
74340,74400,452.20,1964.7,296.5,9788.7500
74400,74460,437.34,1968.2,478.0,9729.6797
74460,74520,445.56,1964.6,287.3,9576.5869
74520,74580,444.32,1973.9,778.6,9207.1025
74580,74640,453.99,1984.2,348.3,9462.8096
74640,74700,454.33,2012.8,611.5,9499.4590
74700,74760,450.48,1985.2,463.4,9585.2871
74760,74820,436.63,1963.0,253.6,10846.2754
74820,74880,476.17,1965.7,312.2,9327.4668
74880,74940,464.49,1978.1,314.8,9511.3633
74940,75000,464.26,1965.9,277.9,9422.3926
75000,75060,435.32,1965.5,222.3,9512.3086
75060,75120,453.20,1969.1,403.4,9470.5908
75120,75180,456.33,1971.4,676.1,9569.7510
75180,75240,486.88,2008.6,2027.0,9760.7754
75240,75300,468.22,1995.7,3604.6,9767.4395
75300,75360,457.47,1972.7,835.2,9291.5137
75360,75420,482.75,1975.4,744.3,9488.0488
75420,75480,437.60,1976.2,2288.2,10037.7930
75480,75540,455.21,1969.4,549.8,10019.8750
75540,75600,435.10,1968.4,291.3,9666.9141
75600,75660,426.71,1991.5,1085.5,10088.1855
75660,75720,432.72,1983.7,1469.2,9319.7803
75720,75780,434.54,1984.4,2671.5,9460.3330
75780,75840,436.76,1981.6,2384.2,9370.3350
75840,75900,447.56,2001.3,5316.0,9319.8398
75900,75960,452.11,1986.8,3919.8,9531.0166
75960,76020,431.82,1972.5,1548.8,10021.6230
76020,76080,433.00,1982.5,2474.4,9751.0615
76080,76140,431.20,1977.0,590.0,9424.7334
76140,76200,433.94,1976.5,1739.4,9456.6895
76200,76260,458.18,1979.2,1619.8,9136.8936
76260,76320,430.30,1969.2,234.9,9072.7881
76320,76380,466.57,1974.4,646.2,9719.6445
76380,76440,469.27,1974.1,733.3,9754.3037
76440,76500,440.67,1967.4,250.4,9822.2266
76500,76560,425.55,1965.3,252.0,9734.7861
76560,76620,421.51,1965.0,235.7,10017.7637
76620,76680,421.83,1966.8,187.9,11026.6807
76680,76740,420.53,1965.9,254.4,9684.9922
76740,76800,422.76,1967.4,206.8,10001.8506
76800,76860,421.62,1975.0,317.4,10810.7881
76860,76920,420.65,1964.5,186.4,9978.4746
76920,76980,420.61,1965.5,199.8,10368.4092
76980,77040,419.73,1964.8,177.1,10428.8203
77040,77100,424.30,1964.9,179.5,10008.7373
77100,77160,438.86,1964.8,249.8,10289.4980
77160,77220,434.74,1965.3,216.9,10551.6455
77220,77280,422.57,1965.9,182.1,10674.8311
77280,77340,421.33,1965.4,188.3,10012.1797
77340,77400,423.34,1965.5,191.0,9355.8594
77400,77460,422.49,1966.0,186.4,9943.7432
77460,77520,426.90,1966.2,216.4,9348.1094
77520,77580,427.89,1965.2,233.4,9402.6387
77580,77640,456.20,1967.1,235.0,9480.6641
77640,77700,430.05,1965.8,189.9,9674.7285
77700,77760,450.99,1970.8,323.6,10135.9238
77760,77820,463.06,1970.6,366.0,10066.3809
77820,77880,433.60,1968.7,266.5,9811.0898
77880,77940,479.83,1971.0,471.8,9423.2090
77940,78000,498.67,1975.5,710.6,9305.2881
78000,78060,460.61,1969.6,541.4,9157.0205
78060,78120,464.29,1966.6,273.1,9237.0342
78120,78180,449.68,1967.6,322.5,9424.8682
78180,78240,457.31,1968.4,389.3,9150.1094
78240,78300,498.15,1977.5,728.7,9289.4043
78300,78360,452.79,1970.8,471.1,9630.9785
78360,78420,438.82,1967.8,218.9,9330.3799
78420,78480,462.63,1968.7,322.8,9445.6270
78480,78540,438.79,1967.2,422.2,9705.9707
78540,78600,440.15,1968.5,724.1,9911.2773
78600,78660,431.16,1967.2,235.7,9362.8652
78660,78720,437.21,1968.0,237.5,10315.1367
78720,78780,447.73,1969.4,330.4,10724.2705
78780,78840,427.97,1975.9,246.8,9667.1143
78840,78900,443.18,1978.4,215.7,9215.7773
78900,78960,444.72,1978.2,380.0,9146.2236
78960,79020,445.01,1981.4,286.0,9334.4883
79020,79080,424.60,1974.3,196.0,10003.9492
79080,79140,431.66,1976.3,249.5,10115.6914
79140,79200,429.54,1982.4,216.5,9596.0020
79200,79260,424.89,2088.5,182.0,9020.6357
79260,79320,434.23,2276.6,277.5,8997.1406
79320,79380,425.13,2183.6,182.2,8985.2715
79380,79440,424.76,2121.9,236.9,9091.7568
79440,79500,425.51,2015.4,180.4,9137.1982
79500,79560,423.05,2000.4,179.5,9378.2656
79560,79620,421.72,2002.6,176.9,9776.7129
79620,79680,422.11,2011.0,175.8,9531.9521
79680,79740,422.09,2017.0,175.8,9493.2695
79740,79800,421.68,2013.2,174.3,10145.9248
79800,79860,420.90,2004.7,174.1,10051.0498
79860,79920,421.92,2008.8,175.1,9965.4883
79920,79980,421.94,1999.6,176.6,9613.5801
79980,80040,422.05,1995.2,174.5,9576.2881
80040,80100,421.80,1992.1,173.8,10470.0977
80100,80160,422.03,1989.9,173.0,10098.2314
80160,80220,422.19,1991.3,173.7,9751.8662
80220,80280,435.74,1992.8,471.4,9751.7695
80280,80340,423.30,1991.5,207.9,9670.9512
80340,80400,421.57,1996.8,179.4,10494.3262
80400,80460,421.60,2005.5,171.9,10487.5029
80460,80520,421.53,2009.7,174.2,10105.0537
80520,80580,422.05,2020.0,177.7,9996.3311
80580,80640,421.57,2021.3,176.1,10758.6689
80640,80700,421.89,2001.6,175.0,9864.7500
80700,80760,421.33,1993.9,172.5,10391.3633
80760,80820,422.74,2008.6,179.9,10161.2969
80820,80880,422.83,2011.2,187.4,10169.2861
80880,80940,422.46,2005.8,184.6,10061.3867
80940,81000,424.09,1985.5,192.3,9380.4873
81000,81060,423.97,1986.7,185.2,9566.8564
81060,81120,426.49,1987.4,947.7,9435.5527
81120,81180,424.97,1976.2,190.2,9394.9844
81180,81240,425.50,1972.9,206.8,9508.1240
81240,81300,426.36,1974.4,204.0,9786.7285
81300,81360,438.83,1976.9,218.0,9585.6826
81360,81420,424.36,1970.7,236.0,10667.5459
81420,81480,423.45,1970.8,227.4,10459.0361
81480,81540,426.95,1968.9,197.8,9748.4619
81540,81600,427.68,1968.3,194.0,9889.6387
81600,81660,421.96,1968.7,185.3,9754.6172
81660,81720,419.58,1969.2,189.1,11472.7666
81720,81780,420.96,1970.8,188.3,10991.4736
81780,81840,422.29,1972.2,189.7,10563.6660
81840,81900,432.69,1988.0,1657.5,10055.4316
81900,81960,422.43,1972.4,186.1,9853.8369
81960,82020,424.93,1971.7,202.2,10233.8779
82020,82080,431.34,1973.0,214.7,11202.5107
82080,82140,439.72,1975.1,354.9,10511.8945
82140,82200,438.04,1974.1,294.3,9905.2168
82200,82260,432.09,1976.2,397.9,9734.9736
82260,82320,453.49,1989.6,302.7,9651.1670
82320,82380,441.36,1982.2,1611.8,9548.2881
82380,82440,450.35,1984.4,403.6,9541.3486
82440,82500,456.98,1980.1,368.6,9432.2490
82500,82560,442.59,1976.0,313.7,9537.3232
82560,82620,433.60,1976.8,281.6,10163.4043
82620,82680,498.72,1987.0,1409.8,9892.4619
82680,82740,443.60,1974.7,673.1,9435.9854
82740,82800,453.84,1981.5,2793.2,9139.5410
82800,82860,444.66,1975.3,261.9,9827.0986
82860,82920,426.00,1974.3,195.0,9767.3555
82920,82980,449.73,1976.9,819.2,9200.4229
82980,83040,456.00,1976.0,648.4,9613.0801
83040,83100,458.58,1975.5,323.3,9772.0244
83100,83160,426.92,1971.3,245.5,9176.0205
83160,83220,425.88,1971.7,195.9,9486.6699
83220,83280,427.56,1971.4,721.6,9456.1748
83280,83340,424.12,1969.8,210.2,9553.8330
83340,83400,431.40,1971.8,700.0,9881.7627
83400,83460,439.02,1974.4,283.8,9589.0879
83460,83520,424.20,1971.7,194.5,9649.6563
83520,83580,439.47,1975.3,290.1,10117.0059
83580,83640,449.26,1976.3,394.7,9464.4170
83640,83700,460.34,1980.3,767.5,9578.7373
83700,83760,483.90,1980.8,530.3,9611.3467
83760,83820,481.88,1983.3,664.4,9532.6553
83820,83880,433.07,1975.6,407.0,9313.1025
83880,83940,432.54,1975.3,248.8,9796.9961
83940,84000,451.55,1979.7,369.9,9355.1885
84000,84060,456.57,1979.5,357.6,9520.4395
84060,84120,465.90,1980.7,399.5,9722.2139
84120,84180,449.24,1981.6,493.1,9907.0537
84180,84240,437.27,1975.5,206.4,10067.6865
84240,84300,438.32,1979.7,288.9,9660.0820
84300,84360,488.63,1987.8,1017.4,9731.8711
84360,84420,451.07,1977.9,363.1,9515.3965
84420,84480,435.38,1974.5,228.6,9504.2412
84480,84540,444.02,1974.8,327.8,9613.8779
84540,84600,430.72,1972.3,289.2,9369.1035
84600,84660,439.08,1974.8,558.6,9301.1807
84660,84720,475.11,1981.3,1365.5,9656.4492
84720,84780,469.31,1980.6,870.3,9266.4414
84780,84840,441.49,1977.3,1392.6,9630.2861
84840,84900,429.11,1973.1,458.1,10270.7305
84900,84960,423.98,1973.6,188.6,9601.6104
84960,85020,421.92,1987.1,178.5,9579.3750
85020,85080,422.93,1975.2,189.8,9553.8271
85080,85140,426.90,2039.8,2218.3,9509.3174
85140,85200,425.38,1971.4,198.1,10339.7520
85200,85260,425.59,1991.5,529.6,10356.5166
85260,85320,433.73,1985.5,1720.5,10164.9102
85320,85380,436.30,2002.7,3707.8,10085.9063
85380,85440,432.34,1970.9,272.0,9302.8525
85440,85500,520.53,1985.4,681.1,9399.1963
85500,85560,448.42,1977.7,667.4,9414.9697
85560,85620,469.00,1982.4,489.8,9575.3125
85620,85680,474.35,1976.6,432.6,9434.2695
85680,85740,446.41,1990.2,383.3,9470.7930
85740,85800,483.14,1982.3,1747.9,9502.4287
85800,85860,440.55,1973.7,282.7,9666.4570
85860,85920,427.91,1974.8,209.9,9608.2109
85920,85980,430.09,1975.2,243.6,9524.6875
85980,86040,436.65,1978.7,321.1,9608.3799
86040,86100,428.82,1987.9,243.6,9852.6826
86100,86160,426.52,1980.8,241.5,9834.3213
86160,86220,447.23,1993.2,2797.1,9793.6768
86220,86280,445.88,1985.8,389.1,9565.5615
86280,86340,454.05,1983.4,490.3,9554.0137
86340,86400,436.64,1982.9,360.0,9761.6045
