CampaignData_and_Merges/R0/CSL_MobileLab_Parked/raw/20240722/USOS-NOAAIodideCIMS-OrgNitrs_MobileLabGround_20240722_RA.ict
37, 1001
Michael A Robinson, Chris Jernigan, Subi Thakali
NOAA ESRL Chemical Sciences Laboratory and CIRES, U. of Colorado
NOAA Iodide CIMS Instrument
USOS
1, 1
2024, 07, 22, 2024, 07, 24
1
starttime_UTC, seconds_past_midnight, seconds_of_day_since_00:00:00_UTC
5
1, 1, 1, 1, 1
-9999, -9999, -9999, -9999, -9999
C4H7NO5_NOAACIMS, pptv, Gas_C4H7NO5_InSitu_S_AVMR, 
ISOPN_NOAACIMS, pptv, Gas_ISOPN_InSitu_S_AVMR, 
C5H10O3_NOAACIMS, pptv, Gas_C5H10O3_InSitu_S_AVMR, 
C5H9NO5_NOAACIMS, pptv, Gas_C5H9NO5_InSitu_S_AVMR, 
C10H17NO4_NOAACIMS, pptv, Gas_C10H17NO4_InSitu_S_AVMR, 
0
18
PI_CONTACT_INFO: 325 Broadway, R/CSD 7, Boulder, Colorado 80305; michael.a.robinson@noaa.gov; chris.jernigan@noaa.gov;
PLATFORM: NOAA CSL Mobile Lab
LOCATION: SLC, Utah
ASSOCIATED_DATA: 1Hz data also available on request.
INSTRUMENT_INFO: NOAA I- ToF CIMS
DATA_INFO: All data in parts per trillion by volume (pptv). 1 Hz data is available upon request.
UNCERTAINTY: TBD
ULOD_FLAG: -7777
ULOD_VALUE: N/A
LLOD_FLAG: -8888
LLOD_VALUE: N/A
DM_CONTACT_INFO: Nathan Howard; nathan.h.howard@noaa.gov
PROJECT_INFO: USOS, summer 2024. https://csl.noaa.gov/groups/csl7/measurements/2024usos/
STIPULATIONS_ON_USE: Users are strongly encouraged to contact the PI for proper data usage.
OTHER_COMMENTS: 
REVISION: RA
RA: Preliminary Data; For in-field use only
starttime_UTC, C4H7NO5_NOAACIMS, ISOPN_NOAACIMS, C5H10O3_NOAACIMS, C5H9NO5_NOAACIMS, C10H17NO4_NOAACIMS
[from data line 555]
 33300,  1.651,  3.893, 39.790,  7.825,  0.913
 33360,  1.621,  3.995, 41.115,  7.606,  0.942
 33420,  1.686,  3.917, 39.434,  7.769,  0.794
 33480,  1.656,  3.802, 41.276,  7.653,  0.796
 33540,  1.653,  4.082, 41.892,  7.569,  0.838
 33600,  1.663,  3.902, 43.319,  7.723,  0.958
 33660,  1.637,  3.890, 42.917,  7.709,  0.931
 33720,  1.629,  3.876, 41.390,  7.849,  0.947
 33780,  1.618,  3.681, 40.530,  7.660,  0.840
 33840,  1.647,  3.728, 40.752,  7.620,  0.961
 33900,  1.665,  3.958, 41.546,  7.586,  0.940
 33960,  1.638,  3.987, 40.786,  7.521,  0.963
 34020,  1.622,  3.911, 40.777,  7.518,  0.915
 34080,  1.675,  3.693, 40.874,  7.737,  0.994
 34140,  1.669,  3.764, 40.193,  7.627,  0.908
 34200,  1.596,  3.670, 40.024,  7.588,  1.007
 34260,  1.614,  3.690, 38.093,  7.387,  0.944
 34320,  1.651,  3.768, 40.208,  7.537,  1.024
 34380,  1.671,  3.736, 40.105,  7.766,  0.970
 34440,  1.611,  3.462, 39.076,  7.615,  0.962
 34500,  1.655,  3.797, 37.057,  7.489,  1.038
 34560, -9999.000, -9999.000, -9999.000, -9999.000, -9999.000
 34620,  1.600,  3.359, 34.073,  7.106,  0.825
 34680,  1.641,  3.747, 37.275,  7.516,  0.910
 34740,  1.727,  3.985, 38.823,  7.806,  0.927
 34800,  1.668,  3.572, 37.571,  7.497,  0.972
 34860,  1.643,  3.494, 39.896,  7.835,  1.109
 34920,  1.636,  3.602, 37.095,  7.543,  0.962
 34980,  1.619,  3.470, 34.395,  7.385,  0.929
 35040,  1.637,  3.492, 38.796,  7.502,  1.064
 35100,  1.600,  3.770, 38.414,  7.452,  1.077
 35160,  1.596,  3.526, 35.802,  7.304,  0.997
 35220,  1.561,  3.449, 36.634,  7.225,  1.029
 35280,  1.600,  3.354, 35.857,  7.193,  1.002
 35340,  1.504,  2.729, 33.192,  7.000,  0.769
 35400,  1.601,  3.666, 36.304,  7.073,  0.993
 35460,  1.606,  3.578, 38.614,  7.206,  1.126
 35520,  1.606,  3.421, 35.253,  7.168,  1.091
 35580,  1.559,  3.510, 35.317,  7.184,  1.025
 35640,  1.556,  3.567, 34.649,  6.985,  1.073
 35700,  1.545,  3.222, 32.370,  7.002,  0.997
 35760,  1.580,  3.278, 35.033,  6.888,  1.028
 35820,  1.552,  3.558, 35.385,  6.903,  0.993
 35880,  1.600,  3.160, 33.806,  6.947,  0.974
 35940,  1.570,  3.287, 34.319,  6.916,  1.050
 36000,  1.549,  2.886, 31.920,  6.580,  0.949
 36060,  1.557,  3.268, 33.822,  6.701,  0.969
 36120,  1.572,  3.264, 34.038,  6.751,  1.010
 36180,  1.515,  3.161, 35.553,  6.730,  0.999
 36240,  1.510,  3.518, 33.680,  6.507,  1.058
 36300,  1.554,  3.241, 35.406,  6.481,  0.917
 36360,  1.561,  2.971, 32.699,  6.477,  0.961
 36420,  1.542,  3.590, 29.007,  5.322,  0.917
 36480,  1.509,  3.139, 33.086,  6.323,  0.877
 36540,  1.532,  3.247, 34.903,  6.487,  1.145
 36600,  1.531,  3.130, 33.201,  6.440,  0.932
 36660,  1.488,  2.903, 32.424,  6.451,  0.926
 36720,  1.505,  2.712, 31.611,  6.443,  0.969
 36780,  1.510,  2.790, 31.589,  6.367,  0.889
 36840,  1.504,  2.999, 33.426,  6.237,  0.967
 36900,  1.526,  2.840, 33.628,  6.354,  0.999
 36960,  1.509,  2.868, 33.119,  6.374,  0.999
 37020,  1.511,  2.982, 33.173,  6.269,  1.024
 37080,  1.529,  3.053, 33.671,  6.532,  0.904
 37140,  1.520,  3.072, 32.498,  6.402,  0.843
 37200,  1.559,  2.685, 35.067,  6.365,  0.975
 37260,  1.516,  2.652, 33.991,  6.455,  0.940
 37320,  1.469,  2.599, 31.655,  6.059,  0.916
 37380,  1.463,  2.687, 31.651,  5.973,  0.896
 37440,  1.489,  2.613, 31.340,  6.049,  0.856
 37500,  1.482,  2.481, 31.594,  6.160,  0.878
 37560,  1.521,  2.718, 32.239,  6.075,  0.860
 37620,  1.505,  2.668, 32.836,  6.056,  0.973
 37680,  1.477,  2.335, 30.347,  5.860,  0.803
 37740,  1.481,  2.523, 29.735,  5.847,  0.797
 37800,  1.460,  2.646, 31.945,  6.091,  0.906
 37860,  1.459,  2.542, 31.484,  6.141,  0.809
 37920,  1.491,  2.313, 30.521,  6.048,  0.781
 37980,  1.467,  2.351, 30.045,  5.984,  0.833
 38040,  1.464,  2.482, 29.673,  5.755,  0.811
 38100,  1.454,  2.278, 27.850,  5.631,  0.812
 38160,  1.495,  2.309, 30.843,  5.847,  0.800
 38220,  1.581,  2.616, 32.998,  5.848,  0.765
 38280, -9999.000, -9999.000, -9999.000, -9999.000, -9999.000
 38340,  1.425,  1.984, 26.253,  5.597,  0.750
 38400,  1.432,  2.054, 26.564,  5.694,  0.809
 38460,  1.432,  1.963, 26.646,  5.574,  0.705
 38520,  1.391,  2.076, 29.773,  5.658,  0.746
 38580,  1.454,  2.190, 28.939,  5.661,  0.794
 38640,  1.404,  2.127, 27.650,  5.660,  0.756
 38700,  1.478,  2.370, 28.626,  5.600,  0.697
 38760,  1.423,  2.195, 28.138,  5.566,  0.766
 38820,  1.457,  2.092, 29.003,  5.525,  0.703
 38880,  1.422,  2.166, 29.023,  5.349,  0.812
 38940,  1.415,  2.044, 29.271,  5.364,  0.722
 39000,  1.391,  1.965, 27.979,  5.552,  0.696
 39060,  1.425,  1.984, 28.451,  5.242,  0.832
 39120,  1.397,  1.962, 28.276,  5.384,  0.659
 39180,  1.384,  1.904, 27.366,  5.080,  0.760
 39240,  1.359,  1.944, 28.917,  5.113,  0.771
 39300,  1.356,  2.157, 28.748,  5.202,  0.810
 39360,  1.397,  2.155, 28.709,  5.154,  0.753
 39420,  1.340,  2.058, 26.792,  4.976,  0.698
 39480,  1.418,  1.957, 28.182,  5.226,  0.753
 39540,  1.405,  2.087, 27.077,  5.141,  0.721
 39600,  1.386,  2.153, 29.139,  5.110,  0.854
 39660,  1.381,  1.780, 29.451,  5.138,  0.800
 39720,  1.364,  2.128, 28.404,  4.990,  0.718
 39780,  1.415,  2.085, 28.165,  5.022,  0.704
 39840,  1.361,  1.804, 27.004,  5.027,  0.741
 39900,  1.353,  1.941, 27.485,  5.157,  0.785
 39960,  1.393,  2.034, 27.944,  5.143,  0.759
 40020,  1.351,  1.934, 28.644,  5.130,  0.784
 40080,  1.424,  2.193, 29.611,  4.921,  0.688
 40140,  1.242,  2.142, 23.066,  4.806,  0.667
 40200,  1.341,  1.768, 26.005,  4.842,  0.703
 40260,  1.357,  1.944, 27.022,  4.883,  0.807
 40320,  1.383,  1.774, 27.271,  4.829,  0.700
 40380,  1.315,  1.855, 28.347,  4.806,  0.788
 40440,  1.367,  1.464, 25.424,  4.776,  0.661
 40500,  1.339,  1.676, 23.971,  4.799,  0.625
 40560,  1.371,  1.992, 27.571,  4.828,  0.748
 40620,  1.391,  1.374, 27.348,  4.636,  0.709
 40680,  1.374,  1.897, 26.762,  4.677,  0.692
 40740,  1.356,  1.644, 25.736,  4.677,  0.707
 40800,  1.370,  1.698, 25.821,  4.618,  0.675
 40860,  1.398,  1.616, 26.743,  4.666,  0.683
 40920,  1.397,  1.706, 26.659,  4.657,  0.697
 40980,  1.405,  1.621, 26.903,  4.561,  0.751
 41040,  1.358,  1.666, 25.740,  4.614,  0.686
 41100,  1.404,  1.633, 25.154,  4.626,  0.677
 41160,  1.352,  1.518, 26.747,  4.462,  0.628
 41220,  1.419,  1.632, 26.996,  4.321,  0.720
 41280,  1.336,  1.571, 25.993,  4.844,  0.640
 41340,  1.432,  1.475, 26.312,  4.688,  0.698
 41400,  1.386,  1.341, 25.553,  4.460,  0.650
 41460,  1.389,  1.507, 24.896,  4.644,  0.710
 41520,  1.424,  1.467, 25.825,  4.477,  0.707
 41580,  1.400,  1.471, 26.448,  4.422,  0.694
 41640,  1.414,  1.434, 26.104,  4.381,  0.672
 41700,  1.378,  1.215, 25.230,  4.357,  0.658
 41760,  1.402,  1.353, 25.772,  4.382,  0.700
 41820,  1.373,  1.340, 24.037,  4.308,  0.595
 41880,  1.402,  1.195, 26.928,  4.459,  0.677
 41940, -9999.000, -9999.000, -9999.000, -9999.000, -9999.000
 42000,  1.298,  0.555, 20.325,  4.301,  0.412
 42060,  1.371,  1.379, 23.340,  4.354,  0.550
 42120,  1.395,  1.367, 23.640,  4.424,  0.658
 42180,  1.424,  1.301, 24.138,  4.524,  0.586
 42240,  1.423,  1.292, 26.115,  4.556,  0.732
 42300,  1.394,  1.483, 27.774,  4.610,  0.703
 42360,  1.376,  1.483, 25.168,  4.596,  0.573
 42420,  1.414,  1.582, 25.535,  4.550,  0.641
 42480,  1.413,  1.405, 26.657,  4.535,  0.662
 42540,  1.414,  1.518, 27.279,  4.618,  0.659
 42600,  1.460,  1.567, 27.807,  4.673,  0.723
 42660,  1.415,  1.483, 28.143,  4.585,  0.609
 42720,  1.401,  1.594, 27.142,  4.482,  0.629
 42780,  1.417,  1.510, 25.465,  4.315,  0.578
 42840,  1.420,  1.542, 26.791,  4.517,  0.732
 42900,  1.419,  1.488, 28.143,  4.615,  0.711
 42960,  1.411,  1.589, 28.125,  4.683,  0.675
 43020,  1.397,  1.832, 28.553,  4.540,  0.637
 43080,  1.447,  1.748, 27.224,  4.597,  0.662
 43140,  1.384,  1.650, 26.782,  4.453,  0.648
 43200,  1.425,  1.796, 27.522,  4.598,  0.663
 43260,  1.384,  1.875, 27.018,  4.668,  0.681
 43320,  1.371,  1.581, 28.368,  4.399,  0.692
 43380,  1.378,  1.716, 26.975,  4.375,  0.553
 43440,  1.416,  1.799, 27.138,  4.452,  0.602
 43500,  1.383,  1.821, 28.159,  4.606,  0.698
 43560,  1.438,  1.977, 29.907,  4.820,  0.676
 43620,  1.410,  1.753, 29.297,  4.572,  0.628
 43680,  1.381,  2.010, 28.594,  4.599,  0.680
 43740,  1.368,  1.872, 26.948,  4.572,  0.621
 43800,  1.368,  2.458, 26.357,  4.859,  0.419
 43860,  1.321,  1.890, 29.275,  4.710,  0.541
 43920,  1.413,  1.744, 27.427,  4.543,  0.582
 43980,  1.382,  1.730, 27.402,  4.555,  0.562
 44040,  1.385,  1.865, 26.340,  4.653,  0.569
 44100,  1.408,  1.963, 27.426,  4.632,  0.574
 44160,  1.410,  1.822, 28.040,  4.763,  0.700
 44220,  1.412,  1.836, 28.925,  4.630,  0.648
 44280,  1.445,  1.741, 29.531,  4.730,  0.733
 44340,  1.399,  1.813, 28.207,  4.705,  0.617
 44400,  1.432,  1.851, 27.690,  4.717,  0.658
 44460,  1.445,  1.956, 28.317,  4.870,  0.640
 44520,  1.424,  1.936, 27.666,  4.678,  0.693
 44580,  1.448,  2.013, 30.269,  4.711,  0.697
 44640,  1.421,  1.915, 29.389,  4.539,  0.686
 44700,  1.471,  1.782, 27.574,  4.622,  0.696
 44760,  1.407,  1.810, 27.750,  4.559,  0.700
 44820,  1.492,  1.883, 30.116,  4.710,  0.729
 44880,  1.494,  1.730, 30.637,  4.949,  0.703
 44940,  1.487,  1.906, 28.830,  4.761,  0.769
 45000,  1.422,  1.717, 30.198,  4.539,  0.646
 45060,  1.412,  1.969, 27.972,  4.625,  0.668
 45120,  1.453,  2.251, 29.983,  4.672,  0.734
 45180,  1.482,  1.995, 30.154,  4.717,  0.805
 45240,  1.449,  1.804, 29.060,  4.557,  0.697
 45300,  1.398,  1.966, 30.441,  4.547,  0.740
 45360,  1.439,  1.851, 27.734,  4.550,  0.704
 45420,  1.434,  1.689, 25.372,  4.508,  0.672
 45480,  1.416,  1.847, 28.647,  4.536,  0.719
 45540,  1.431,  1.884, 29.007,  4.506,  0.788
 45600,  1.441,  1.861, 27.302,  4.526,  0.751
 45660, -9999.000, -9999.000, -9999.000, -9999.000, -9999.000
 45720,  1.341,  1.524, 23.314,  4.292,  0.635
 45780,  1.386,  1.701, 24.068,  4.221,  0.625
 45840,  1.439,  1.789, 26.475,  4.411,  0.642
 45900,  1.435,  1.910, 28.027,  4.449,  0.727
 45960,  1.402,  1.967, 26.340,  4.412,  0.670
 46020,  1.411,  1.827, 24.273,  4.323,  0.535
 46080,  1.443,  1.699, 25.920,  4.389,  0.613
 46140,  1.400,  1.762, 27.444,  4.468,  0.647
 46200,  1.446,  1.784, 25.960,  4.366,  0.641
 46260,  1.458,  1.894, 26.394,  4.389,  0.624
 46320,  1.469,  1.823, 25.503,  4.390,  0.537
 46380,  1.397,  1.555, 24.034,  4.177,  0.505
 46440,  1.456,  1.800, 26.159,  4.401,  0.593
 46500,  1.466,  1.840, 28.675,  4.425,  0.568
 46560,  1.462,  1.673, 26.511,  4.429,  0.505
 46620,  1.469,  1.716, 26.096,  4.544,  0.525
 46680,  1.478,  1.694, 26.023,  4.184,  0.596
 46740,  1.466,  1.813, 26.365,  4.384,  0.468
 46800,  1.446,  2.049, 27.518,  4.501,  0.573
 46860,  1.536,  2.218, 28.440,  4.912,  0.800
 46920,  1.654,  2.603, 29.482,  4.928,  1.061
 46980,  1.620,  2.341, 27.427,  4.942,  0.840
 47040,  1.525,  2.145, 28.799,  4.690,  0.715
 47100,  1.483,  2.175, 29.717,  4.704,  0.718
 47160,  1.497,  2.099, 28.000,  4.530,  0.716
 47220,  1.454,  2.235, 27.871,  4.437,  0.605
 47280,  1.518,  2.185, 27.001,  4.494,  0.629
 47340,  1.517,  1.874, 24.508,  4.445,  0.506
 47400,  1.513,  2.054, 25.492,  4.344,  0.468
 47460,  1.452,  2.164, 27.933,  4.361,  0.608
 47520, -9999.000, -9999.000, -9999.000, -9999.000, -9999.000
 47580,  1.436,  2.089, 23.302,  4.175,  0.425
 47640,  1.426,  1.921, 23.548,  4.214,  0.502
 47700,  1.476,  2.029, 23.363,  4.265,  0.450
 47760,  1.453,  1.794, 23.932,  4.235,  0.391
 47820,  1.473,  2.329, 25.878,  4.324,  0.463
 47880,  1.478,  1.929, 24.547,  4.263,  0.536
 47940,  1.439,  1.318, 23.575,  4.022,  0.369
 48000,  1.480,  1.886, 24.721,  4.302,  0.387
 48060,  1.507,  1.911, 22.938,  4.417,  0.403
 48120,  1.518,  1.783, 25.225,  4.238,  0.442
 48180,  1.524,  2.052, 26.512,  4.339,  0.519
 48240,  1.461,  2.081, 26.002,  4.229,  0.531
 48300,  1.488,  1.947, 23.854,  4.284,  0.496
 48360,  1.465,  1.789, 25.329,  4.431,  0.414
 48420,  1.528,  1.922, 24.999,  4.302,  0.458
 48480,  1.532,  2.020, 25.012,  4.189,  0.520
 48540,  1.543,  1.932, 26.727,  4.398,  0.481
 48600,  1.540,  2.100, 26.042,  4.486,  0.476
 48660,  1.555,  1.968, 25.043,  4.248,  0.493
 48720,  1.557,  2.074, 25.516,  4.418,  0.476
 48780,  1.560,  2.044, 23.324,  4.444,  0.486
 48840,  1.542,  2.149, 26.196,  4.287,  0.465
 48900,  1.533,  2.189, 26.537,  4.369,  0.521
 48960,  1.524,  2.095, 25.423,  4.306,  0.544
 49020,  1.539,  2.276, 26.131,  4.292,  0.477
 49080,  1.531,  2.162, 24.453,  4.188,  0.431
 49140,  1.513,  2.169, 24.899,  4.326,  0.486
 49200,  1.518,  2.100, 23.852,  4.322,  0.441
 49260,  1.515,  2.291, 26.319,  4.200,  0.509
 49320,  1.537,  2.263, 25.226,  4.283,  0.564
 49380, -9999.000, -9999.000, -9999.000, -9999.000, -9999.000
 49440,  1.487,  2.132, 22.570,  4.175,  0.376
 49500,  1.525,  1.821, 22.635,  4.094,  0.355
 49560,  1.514,  2.166, 24.495,  4.343,  0.428
 49620,  1.638,  2.307, 25.887,  4.236,  0.461
 49680,  1.557,  2.451, 27.031,  4.424,  0.500
 49740,  1.595,  2.671, 25.942,  4.358,  0.433
 49800,  1.579,  2.255, 26.178,  4.271,  0.424
 49860,  1.630,  2.415, 26.777,  4.444,  0.422
 49920,  1.612,  2.471, 25.364,  4.280,  0.534
 49980,  1.559,  2.536, 24.620,  4.242,  0.439
 50040,  1.628,  2.474, 28.102,  4.287,  0.560
 50100,  1.606,  2.671, 27.401,  4.356,  0.526
 50160,  1.672,  2.696, 26.413,  4.410,  0.540
 50220,  1.666,  2.683, 26.247,  4.363,  0.490
 50280,  1.629,  2.904, 27.417,  4.457,  0.532
 50340,  1.680,  2.606, 25.251,  4.232,  0.520
 50400,  1.656,  2.953, 26.389,  4.414,  0.433
 50460,  1.670,  2.669, 26.841,  4.308,  0.485
 50520,  1.649,  2.867, 27.726,  4.383,  0.531
 50580,  1.658,  2.962, 29.194,  4.552,  0.540
 50640,  1.668,  3.040, 26.777,  4.230,  0.557
 50700,  1.666,  3.196, 27.004,  4.291,  0.567
 50760,  1.659,  3.281, 26.869,  4.373,  0.590
 50820,  1.665,  3.314, 27.922,  4.277,  0.587
 50880,  1.669,  2.971, 27.785,  4.291,  0.463
 50940,  1.723,  3.418, 29.363,  4.402,  0.627
 51000,  1.659,  3.250, 27.596,  4.522,  0.462
 51060,  1.622,  2.579, 27.413,  4.353,  0.263
 51120,  1.705,  3.300, 28.606,  4.467,  0.548
 51180,  1.761,  3.228, 27.318,  4.452,  0.565
 51240, -9999.000, -9999.000, -9999.000, -9999.000, -9999.000
 51300,  1.692,  3.447, 25.226,  4.174,  0.440
 51360,  1.704,  3.460, 27.209,  4.479,  0.590
 51420,  1.697,  3.712, 28.493,  4.441,  0.582
 51480,  1.719,  3.639, 27.840,  4.336,  0.509
 51540,  1.668,  3.753, 28.421,  4.471,  0.531
 51600,  1.693,  4.092, 27.809,  4.335,  0.503
 51660,  1.712,  3.427, 28.113,  4.049,  0.471
 51720,  1.689,  3.638, 28.152,  4.407,  0.566
 51780,  1.764,  3.770, 25.549,  4.158,  0.519
 51840,  1.768,  3.828, 29.672,  4.376,  0.589
 51900,  1.767,  4.012, 30.985,  4.316,  0.609
 51960,  1.776,  4.304, 27.577,  4.228,  0.594
 52020,  1.751,  4.163, 29.262,  4.236,  0.564
 52080,  1.747,  4.318, 27.866,  4.254,  0.503
 52140,  1.743,  4.343, 29.259,  4.343,  0.511
 52200,  1.761,  4.575, 29.125,  4.102,  0.526
 52260,  1.761,  4.364, 28.120,  4.237,  0.460
 52320,  1.777,  4.349, 27.949,  4.186,  0.512
 52380,  1.771,  4.570, 29.669,  4.341,  0.540
 52440,  1.767,  4.589, 28.371,  4.258,  0.403
 52500,  1.812,  4.750, 30.502,  4.437,  0.450
 52560,  1.771,  4.979, 29.344,  4.312,  0.538
 52620,  1.793,  4.779, 29.590,  4.012,  0.489
 52680,  1.790,  4.379, 28.964,  4.253,  0.389
 52740,  1.781,  4.742, 28.533,  4.313,  0.481
 52800,  1.773,  5.101, 29.433,  4.199,  0.460
 52860,  1.814,  5.418, 28.169,  4.358,  0.444
 52920,  1.853,  5.025, 29.537,  4.254,  0.501
 52980,  1.890,  5.388, 29.593,  4.286,  0.523
 53040,  1.874,  6.127, 28.756,  4.213,  0.573
 53100, -9999.000, -9999.000, -9999.000, -9999.000, -9999.000
 53160,  1.783,  6.053, 26.701,  4.111,  0.585
 53220,  1.853,  6.329, 28.651,  4.219,  0.480
 53280,  1.821,  5.915, 29.328,  4.326,  0.454
 53340,  1.828,  6.214, 28.990,  4.183,  0.501
 53400,  1.918,  6.376, 30.621,  4.121,  0.488
 53460,  1.925,  6.431, 29.776,  4.307,  0.577
