CampaignData_and_Merges/R0/CSL_MobileLab_Parked/raw/20240722/USOS-jNO2_MobileLabGround_20240722_R0.ict
52,1001
Waxman, E.; Rollins, A.; Zuraski, K.; Chace, W.
NOAA Chemical Sciences Laboratory
jNO2 filter radiometer on CSL Mobile Lab
AMMBEC / USOS
1, 1
2024,07,22, 2025,04,01
60
Time_Start, seconds, number_of_seconds_since_0000_UTC
20
1, 1, 1, 1, 1, 1, 1, 1, 1, 1, 1, 1, 1, 1, 1, 1, 1, 1, 1, 1
-9999, -9999, -9999, -9999, -9999, -9999, -9999, -9999, -9999, -9999, -9999, -9999, -9999, -9999, -9999, -9999, -9999, -9999, -9999, -9999
Time_Stop, seconds, number_of_seconds_since_0000_UTC
jNO2_meas, per second, photolysis rate of NO2 measured using a filter radiometer.
jBrCl, per second, photolysis rate of BrCl -> Br + Cl calculated in TUV for cloud-free sky with local AOD
jBr2, per second, photolysis rate of Br2 -> Br + Br calculated in TUV for cloud-free sky with local AOD
jCCl4, per second, photolysis rate of CCl4 -> Products calcualted in TUV for cloud-free sky with local AOD
jCH2Oa, per second, photolysis rate of CH2O -> H + HCO calculated in TUV for cloud-free sky with local AOD
jCH2Ob, per second, photolysis rate of CH2O -> H2 + CO calculated in TUV for cloud-free sky with local AOD
jClNO2, per second, photolysis rate of ClNO2 -> Cl + NO2 calculated in TUV for cloud-free sky with local AOD
jClOa, per second, photolysis rate of ClO -> Cl + O(1D) calculated in TUV for cloud-free sky with local AOD
jClOb, per second, photolysis rate of ClO -> Cl + O(3P) calculated in TUV for cloud-free sky with local AOD
jCl2, per second, photolysis rate of Cl2 -> Cl + Cl calculated in TUV for cloud-free sky with local AOD
jHNO2, per second, photolysis rate of HNO2 -> OH + NO calculated in TUV for cloud-free sky with local AOD
jHNO3, per second, photolysis rate of HNO3 -> OH + NO2 calculated in TUV for cloud-free sky with local AOD
jI2, per second, photolysis rate of I2 -> I + I calculated in TUV for cloud-free sky with local AOD
jNO2, per second, photolysis rate of NO2 -> NO + O(3P) calculated in TUV for cloud-free sky with local AOD
jNO3a, per second, photolysis rate of NO3 -> NO + O2 calculated in TUV for cloud-free sky with local AOD
jNO3b, per second, photolysis rate of NO3 -> NO2 + O(3P) calculated in TUV for cloud-free sky with local AOD
jN2O5, per second, photolysis rate of N2O5 -> NO3 + NO + O(3P) calculated in TUV for cloud-free sky with local AOD
jO3, per second, photolysis rate of O3 -> O2 + O(1D) calculated in TUV for cloud-free sky with local AOD
AOD_500nm, unitless, UTC daily mean AOD at 500 nm from an AERONET station located at 40.178 N, -112.452 E
0
18
PI_CONTACT_INFO: eleanor.waxman@noaa.gov
PLATFORM: CSL Mobile Lab, at ground site
LOCATION: Salt Lake City, UT
ASSOCIATED_DATA:
INSTRUMENT_INFO: jNO2 filter radiometer.  TUV calculations are for mobile van lat/lon/altitude assuming clear sky (cloud AOD = 0) and daily mean AOD.
DATA_INFO:
UNCERTAINTY: Data uncertainties are +/- 20%.  These come from uncertainties in radiometer angular response, radiometer thermal response, local interferences from clouds/aerosols/shadows etc.
ULOD_FLAG: -7777
ULOD_VALUE: N/A
LLOD_FLAG: -8888
LLOD_VALUE: N/A
DM_CONTACT_INFO: eleanor.waxman@noaa.gov
PROJECT_INFO: USOS Project, July - August 2024
STIPULATIONS_ON_USE: Users are strongly encouraged to contact the PI for proper data usage.
OTHER_COMMENTS: 
REVISION: R0
R0: final data
Time_Start, Time_Stop, jNO2_meas, jBrCl, jBr2, jCCl4, jCH2Oa, jCH2Ob, jClNO2, jClOa, jClOb, jCl2, jHNO2, jHNO3, jI2, jNO2, jNO3a, jNO3b, jN2O5, jO3, AOD_500nm
[from data line 945]
   56700,   56760,0.0065299,0.008277,0.02629,4.632e-25,1.843e-05,3.074e-05,0.0003056,1.633e-25,1.892e-05,0.00159,0.001065,2.869e-07,0.09788,0.006695,0.01948,0.1533,2.623e-05,1.202e-05,0.337
   56760,   56820,0.0065498,0.008304,0.02636,4.76e-25,1.855e-05,3.091e-05,0.0003072,1.68e-25,1.913e-05,0.001597,0.00107,2.893e-07,0.09811,0.006722,0.01952,0.1536,2.638e-05,1.216e-05,0.337
   56820,   56880,0.0065769,0.00833,0.02643,4.886e-25,1.867e-05,3.106e-05,0.0003087,1.725e-25,1.932e-05,0.001604,0.001074,2.915e-07,0.09832,0.006747,0.01955,0.1539,2.652e-05,1.228e-05,0.337
   56880,   56940,0.0066188,0.008357,0.0265,5.023e-25,1.879e-05,3.122e-05,0.0003102,1.775e-25,1.953e-05,0.001611,0.001079,2.939e-07,0.09854,0.006773,0.01959,0.1542,2.667e-05,1.242e-05,0.337
   56940,   57000,0.0066654,0.008384,0.02657,5.166e-25,1.891e-05,3.138e-05,0.0003118,1.828e-25,1.974e-05,0.001618,0.001083,2.963e-07,0.09876,0.006799,0.01963,0.1546,2.681e-05,1.256e-05,0.337
   57000,   57060,0.0067017,0.008408,0.02664,5.306e-25,1.903e-05,3.153e-05,0.0003133,1.879e-25,1.994e-05,0.001625,0.001087,2.985e-07,0.09897,0.006823,0.01966,0.1549,2.695e-05,1.269e-05,0.337
   57060,   57120,0.0067247,0.008435,0.02671,5.459e-25,1.915e-05,3.169e-05,0.0003149,1.935e-25,2.015e-05,0.001632,0.001092,3.009e-07,0.09918,0.006849,0.0197,0.1552,2.71e-05,1.283e-05,0.337
   57120,   57180,0.0067493,0.008461,0.02678,5.616e-25,1.927e-05,3.185e-05,0.0003164,1.993e-25,2.036e-05,0.001639,0.001096,3.033e-07,0.0994,0.006874,0.01974,0.1555,2.725e-05,1.297e-05,0.337
   57180,   57240,0.0067949,0.008485,0.02684,5.772e-25,1.938e-05,3.2e-05,0.0003179,2.051e-25,2.056e-05,0.001645,0.0011,3.056e-07,0.0996,0.006898,0.01977,0.1558,2.738e-05,1.31e-05,0.337
   57240,   57300,0.0068324,0.008511,0.02691,5.943e-25,1.95e-05,3.216e-05,0.0003194,2.114e-25,2.077e-05,0.001652,0.001104,3.08e-07,0.09981,0.006923,0.01981,0.1561,2.753e-05,1.324e-05,0.337
   57300,   57360,0.00685,0.008536,0.02698,6.12e-25,1.962e-05,3.232e-05,0.0003209,2.18e-25,2.098e-05,0.001659,0.001108,3.103e-07,0.1,0.006948,0.01984,0.1564,2.767e-05,1.338e-05,0.337
   57360,   57420,0.0068602,0.00856,0.02704,6.294e-25,1.974e-05,3.247e-05,0.0003224,2.245e-25,2.118e-05,0.001665,0.001112,3.126e-07,0.1002,0.006972,0.01987,0.1567,2.781e-05,1.351e-05,0.337
   57420,   57480,0.0068732,0.008585,0.02711,6.486e-25,1.985e-05,3.262e-05,0.0003239,2.316e-25,2.139e-05,0.001672,0.001117,3.15e-07,0.1004,0.006996,0.01991,0.157,2.795e-05,1.365e-05,0.337
   57480,   57540,0.0068934,0.00861,0.02717,6.685e-25,1.997e-05,3.278e-05,0.0003254,2.391e-25,2.16e-05,0.001679,0.001121,3.173e-07,0.1006,0.007021,0.01994,0.1573,2.809e-05,1.379e-05,0.337
   57540,   57600,0.0069276,0.008633,0.02724,6.879e-25,2.008e-05,3.292e-05,0.0003268,2.464e-25,2.18e-05,0.001685,0.001125,3.196e-07,0.1008,0.007043,0.01997,0.1576,2.823e-05,1.393e-05,0.337
   57600,   57660,0.0069683,0.008657,0.0273,7.093e-25,2.02e-05,3.307e-05,0.0003283,2.544e-25,2.202e-05,0.001692,0.001129,3.219e-07,0.101,0.007067,0.02001,0.1579,2.837e-05,1.407e-05,0.337
   57660,   57720,0.006982,0.008682,0.02736,7.317e-25,2.032e-05,3.323e-05,0.0003298,2.629e-25,2.223e-05,0.001698,0.001133,3.243e-07,0.1012,0.007091,0.02004,0.1582,2.851e-05,1.421e-05,0.337
   57720,   57780,0.0070059,0.008704,0.02742,7.535e-25,2.043e-05,3.337e-05,0.0003312,2.711e-25,2.243e-05,0.001704,0.001137,3.265e-07,0.1014,0.007114,0.02007,0.1584,2.864e-05,1.434e-05,0.337
   57780,   57840,0.0070165,0.008728,0.02749,7.776e-25,2.055e-05,3.352e-05,0.0003326,2.803e-25,2.265e-05,0.001711,0.001141,3.289e-07,0.1016,0.007137,0.0201,0.1587,2.878e-05,1.449e-05,0.337
   57840,   57900,0.0070295,0.008752,0.02755,8.027e-25,2.066e-05,3.367e-05,0.0003341,2.899e-25,2.286e-05,0.001717,0.001145,3.313e-07,0.1018,0.007161,0.02013,0.159,2.892e-05,1.463e-05,0.337
   57900,   57960,0.007055,0.008774,0.02761,8.272e-25,2.077e-05,3.381e-05,0.0003354,2.992e-25,2.306e-05,0.001723,0.001148,3.335e-07,0.1019,0.007183,0.02016,0.1593,2.905e-05,1.476e-05,0.337
   57960,   58020,0.0070868,0.008797,0.02767,8.543e-25,2.089e-05,3.396e-05,0.0003369,3.096e-25,2.328e-05,0.00173,0.001152,3.358e-07,0.1021,0.007206,0.02019,0.1595,2.918e-05,1.49e-05,0.337
   58020,   58080,0.0071146,0.00882,0.02773,8.825e-25,2.1e-05,3.411e-05,0.0003383,3.205e-25,2.349e-05,0.001736,0.001156,3.382e-07,0.1023,0.007229,0.02023,0.1598,2.932e-05,1.505e-05,0.337
   58080,   58140,0.0071436,0.008842,0.02778,9.102e-25,2.111e-05,3.425e-05,0.0003397,3.312e-25,2.369e-05,0.001742,0.00116,3.404e-07,0.1025,0.00725,0.02025,0.1601,2.945e-05,1.518e-05,0.337
   58140,   58200,0.0071549,0.008864,0.02784,9.408e-25,2.123e-05,3.439e-05,0.0003411,3.431e-25,2.391e-05,0.001748,0.001164,3.427e-07,0.1027,0.007273,0.02028,0.1603,2.959e-05,1.533e-05,0.337
   58200,   58260,0.0071807,0.008887,0.0279,9.728e-25,2.134e-05,3.454e-05,0.0003425,3.555e-25,2.412e-05,0.001755,0.001168,3.451e-07,0.1028,0.007295,0.02031,0.1606,2.972e-05,1.547e-05,0.337
   58260,   58320,0.0072206,0.008908,0.02796,1.004e-24,2.145e-05,3.467e-05,0.0003438,3.677e-25,2.433e-05,0.00176,0.001171,3.473e-07,0.103,0.007316,0.02034,0.1608,2.985e-05,1.56e-05,0.337
   58320,   58380,0.0072577,0.00893,0.02802,1.039e-24,2.156e-05,3.482e-05,0.0003452,3.813e-25,2.454e-05,0.001767,0.001175,3.496e-07,0.1032,0.007338,0.02037,0.1611,2.998e-05,1.575e-05,0.337
   58380,   58440,0.0072803,0.008952,0.02807,1.075e-24,2.167e-05,3.496e-05,0.0003466,3.955e-25,2.476e-05,0.001773,0.001179,3.519e-07,0.1033,0.00736,0.0204,0.1613,3.011e-05,1.589e-05,0.337
   58440,   58500,0.0073175,0.008972,0.02813,1.11e-24,2.178e-05,3.509e-05,0.0003479,4.095e-25,2.496e-05,0.001778,0.001182,3.541e-07,0.1035,0.00738,0.02043,0.1616,3.024e-05,1.603e-05,0.337
   58500,   58560,0.0073309,0.008994,0.02818,1.15e-24,2.189e-05,3.524e-05,0.0003493,4.251e-25,2.518e-05,0.001784,0.001186,3.564e-07,0.1037,0.007402,0.02045,0.1618,3.037e-05,1.617e-05,0.337
   58560,   58620,0.0073531,0.009015,0.02824,1.19e-24,2.2e-05,3.538e-05,0.0003507,4.414e-25,2.539e-05,0.00179,0.00119,3.587e-07,0.1038,0.007423,0.02048,0.1621,3.05e-05,1.631e-05,0.337
   58620,   58680,0.0073824,0.009035,0.02829,1.231e-24,2.21e-05,3.551e-05,0.000352,4.575e-25,2.559e-05,0.001796,0.001193,3.609e-07,0.104,0.007443,0.02051,0.1623,3.062e-05,1.645e-05,0.337
   58680,   58740,0.007406,0.009056,0.02834,1.276e-24,2.221e-05,3.565e-05,0.0003533,4.755e-25,2.581e-05,0.001802,0.001197,3.632e-07,0.1042,0.007464,0.02053,0.1625,3.075e-05,1.659e-05,0.337
   58740,   58800,0.0074292,0.009077,0.0284,1.322e-24,2.232e-05,3.578e-05,0.0003547,4.943e-25,2.603e-05,0.001808,0.0012,3.655e-07,0.1043,0.007485,0.02056,0.1628,3.088e-05,1.674e-05,0.337
   58800,   58860,0.0074497,0.009096,0.02845,1.368e-24,2.243e-05,3.591e-05,0.0003559,5.129e-25,2.623e-05,0.001813,0.001204,3.676e-07,0.1045,0.007505,0.02059,0.163,3.101e-05,1.687e-05,0.337
   58860,   58920,0.0074805,0.009117,0.0285,1.419e-24,2.254e-05,3.605e-05,0.0003573,5.336e-25,2.644e-05,0.001819,0.001207,3.699e-07,0.1046,0.007525,0.02061,0.1632,3.113e-05,1.702e-05,0.337
   58920,   58980,0.0074981,0.009137,0.02855,1.473e-24,2.264e-05,3.619e-05,0.0003586,5.553e-25,2.666e-05,0.001825,0.001211,3.722e-07,0.1048,0.007546,0.02064,0.1635,3.126e-05,1.716e-05,0.337
   58980,   59040,0.0075215,0.009156,0.0286,1.525e-24,2.275e-05,3.631e-05,0.0003598,5.768e-25,2.686e-05,0.00183,0.001214,3.743e-07,0.1049,0.007565,0.02066,0.1637,3.138e-05,1.73e-05,0.337
   59040,   59100,0.0075488,0.009176,0.02865,1.584e-24,2.285e-05,3.645e-05,0.0003611,6.009e-25,2.708e-05,0.001836,0.001218,3.766e-07,0.1051,0.007585,0.02069,0.1639,3.151e-05,1.744e-05,0.337
   59100,   59160,0.0075501,0.009196,0.0287,1.645e-24,2.296e-05,3.658e-05,0.0003624,6.261e-25,2.729e-05,0.001841,0.001221,3.789e-07,0.1052,0.007605,0.02071,0.1641,3.163e-05,1.759e-05,0.337
   59160,   59220,0.0075596,0.009214,0.02875,1.706e-24,2.306e-05,3.671e-05,0.0003636,6.512e-25,2.749e-05,0.001847,0.001224,3.81e-07,0.1054,0.007624,0.02074,0.1643,3.175e-05,1.772e-05,0.337
   59220,   59280,0.0075961,0.009234,0.0288,1.773e-24,2.317e-05,3.684e-05,0.0003649,6.791e-25,2.771e-05,0.001852,0.001228,3.832e-07,0.1055,0.007643,0.02076,0.1645,3.187e-05,1.787e-05,0.337
   59280,   59340,0.0076121,0.009253,0.02885,1.844e-24,2.327e-05,3.697e-05,0.0003662,7.085e-25,2.792e-05,0.001858,0.001231,3.855e-07,0.1057,0.007663,0.02079,0.1648,3.2e-05,1.801e-05,0.337
   59340,   59400,0.0076189,0.009271,0.0289,1.913e-24,2.337e-05,3.709e-05,0.0003674,7.377e-25,2.813e-05,0.001863,0.001234,3.876e-07,0.1058,0.007681,0.02081,0.165,3.211e-05,1.814e-05,0.337
   59400,   59460,0.0076284,0.00929,0.02895,1.991e-24,2.347e-05,3.722e-05,0.0003686,7.704e-25,2.834e-05,0.001868,0.001237,3.898e-07,0.106,0.0077,0.02083,0.1652,3.223e-05,1.829e-05,0.337
   59460,   59520,0.007608,0.009308,0.02899,2.073e-24,2.358e-05,3.735e-05,0.0003699,8.049e-25,2.855e-05,0.001874,0.001241,3.92e-07,0.1061,0.007719,0.02085,0.1654,3.235e-05,1.843e-05,0.337
   59520,   59580,0.0076244,0.009326,0.02904,2.154e-24,2.367e-05,3.747e-05,0.0003711,8.391e-25,2.876e-05,0.001879,0.001244,3.941e-07,0.1062,0.007737,0.02088,0.1656,3.247e-05,1.857e-05,0.337
   59580,   59640,0.0076229,0.009344,0.02909,2.244e-24,2.378e-05,3.759e-05,0.0003723,8.773e-25,2.897e-05,0.001884,0.001247,3.963e-07,0.1064,0.007756,0.0209,0.1658,3.259e-05,1.871e-05,0.337
   59640,   59700,0.0076622,0.009363,0.02913,2.338e-24,2.388e-05,3.772e-05,0.0003735,9.177e-25,2.918e-05,0.001889,0.00125,3.985e-07,0.1065,0.007774,0.02092,0.166,3.271e-05,1.885e-05,0.337
   59700,   59760,0.0076512,0.00938,0.02918,2.432e-24,2.398e-05,3.784e-05,0.0003747,9.58e-25,2.938e-05,0.001894,0.001253,4.006e-07,0.1066,0.007792,0.02094,0.1662,3.282e-05,1.899e-05,0.337
   59760,   59820,0.0076691,0.009397,0.02922,2.537e-24,2.408e-05,3.796e-05,0.0003759,1.003e-24,2.959e-05,0.0019,0.001256,4.028e-07,0.1068,0.00781,0.02096,0.1664,3.294e-05,1.913e-05,0.337
   59820,   59880,0.0076826,0.009415,0.02927,2.648e-24,2.418e-05,3.809e-05,0.0003771,1.051e-24,2.981e-05,0.001905,0.001259,4.049e-07,0.1069,0.007828,0.02099,0.1665,3.305e-05,1.927e-05,0.337
   59880,   59940,0.0077171,0.009432,0.02931,2.758e-24,2.427e-05,3.82e-05,0.0003782,1.098e-24,3.001e-05,0.00191,0.001262,4.07e-07,0.107,0.007845,0.02101,0.1667,3.316e-05,1.941e-05,0.337
   59940,   60000,0.0077437,0.009449,0.02935,2.88e-24,2.437e-05,3.832e-05,0.0003794,1.152e-24,3.022e-05,0.001915,0.001265,4.091e-07,0.1072,0.007863,0.02103,0.1669,3.328e-05,1.955e-05,0.337
   60000,   60060,0.0077693,0.009466,0.0294,3.01e-24,2.447e-05,3.844e-05,0.0003806,1.208e-24,3.042e-05,0.00192,0.001269,4.112e-07,0.1073,0.007881,0.02105,0.1671,3.339e-05,1.968e-05,0.337
   60060,   60120,0.0077658,0.009477,0.02942,3.104e-24,2.453e-05,3.852e-05,0.0003813,1.25e-24,3.058e-05,0.001923,0.00127,4.128e-07,0.1074,0.007891,0.02106,0.1672,3.347e-05,1.979e-05,0.337
   60120,   60180,0.0077795,0.009494,0.02946,3.246e-24,2.463e-05,3.864e-05,0.0003825,1.313e-24,3.079e-05,0.001928,0.001273,4.149e-07,0.1075,0.007909,0.02108,0.1674,3.358e-05,1.993e-05,0.337
   60180,   60240,0.0078005,0.00951,0.02951,3.396e-24,2.473e-05,3.876e-05,0.0003836,1.379e-24,3.1e-05,0.001933,0.001276,4.17e-07,0.1076,0.007926,0.0211,0.1676,3.37e-05,2.007e-05,0.337
   60240,   60300,0.0078065,0.009526,0.02955,3.545e-24,2.482e-05,3.887e-05,0.0003847,1.444e-24,3.119e-05,0.001937,0.001279,4.19e-07,0.1077,0.007942,0.02112,0.1677,3.38e-05,2.021e-05,0.337
   60300,   60360,0.0077978,0.009542,0.02959,3.711e-24,2.492e-05,3.898e-05,0.0003859,1.518e-24,3.14e-05,0.001942,0.001282,4.211e-07,0.1078,0.007959,0.02114,0.1679,3.391e-05,2.035e-05,0.337
   60360,   60420,0.0078158,0.009559,0.02963,3.888e-24,2.501e-05,3.91e-05,0.000387,1.597e-24,3.161e-05,0.001947,0.001285,4.232e-07,0.108,0.007976,0.02116,0.1681,3.402e-05,2.049e-05,0.337
   60420,   60480,0.0078413,0.009574,0.02967,4.063e-24,2.51e-05,3.921e-05,0.0003881,1.675e-24,3.18e-05,0.001951,0.001288,4.252e-07,0.1081,0.007991,0.02118,0.1683,3.413e-05,2.062e-05,0.337
   60480,   60540,0.0077646,0.00959,0.02971,4.26e-24,2.52e-05,3.932e-05,0.0003892,1.764e-24,3.201e-05,0.001956,0.001291,4.273e-07,0.1082,0.008008,0.0212,0.1684,3.424e-05,2.076e-05,0.337
   60540,   60600,0.0074726,0.009606,0.02975,4.469e-24,2.529e-05,3.944e-05,0.0003903,1.857e-24,3.222e-05,0.001961,0.001293,4.294e-07,0.1083,0.008024,0.02121,0.1686,3.435e-05,2.09e-05,0.337
   60600,   60660,0.0073715,0.00962,0.02978,4.676e-24,2.538e-05,3.954e-05,0.0003913,1.951e-24,3.241e-05,0.001965,0.001296,4.313e-07,0.1084,0.00804,0.02123,0.1688,3.445e-05,2.103e-05,0.337
   60660,   60720,0.0076655,0.009636,0.02982,4.91e-24,2.547e-05,3.965e-05,0.0003924,2.056e-24,3.262e-05,0.00197,0.001299,4.334e-07,0.1085,0.008056,0.02125,0.1689,3.455e-05,2.117e-05,0.337
   60720,   60780,0.0078936,0.009651,0.02986,5.157e-24,2.556e-05,3.977e-05,0.0003935,2.168e-24,3.282e-05,0.001974,0.001302,4.354e-07,0.1086,0.008072,0.02127,0.1691,3.466e-05,2.13e-05,0.337
   60780,   60840,0.0079273,0.009666,0.0299,5.404e-24,2.565e-05,3.987e-05,0.0003945,2.28e-24,3.301e-05,0.001979,0.001304,4.373e-07,0.1087,0.008086,0.02128,0.1692,3.476e-05,2.143e-05,0.337
   60840,   60900,0.0079464,0.009681,0.02994,5.681e-24,2.574e-05,3.998e-05,0.0003956,2.406e-24,3.322e-05,0.001983,0.001307,4.393e-07,0.1089,0.008102,0.0213,0.1694,3.487e-05,2.157e-05,0.337
   60900,   60960,0.0079627,0.009696,0.02997,5.974e-24,2.583e-05,4.009e-05,0.0003966,2.541e-24,3.342e-05,0.001988,0.00131,4.414e-07,0.109,0.008118,0.02132,0.1695,3.497e-05,2.171e-05,0.337
   60960,   61020,0.0079696,0.00971,0.03001,6.266e-24,2.591e-05,4.019e-05,0.0003976,2.674e-24,3.361e-05,0.001992,0.001312,4.433e-07,0.1091,0.008132,0.02134,0.1697,3.507e-05,2.184e-05,0.337
   61020,   61080,0.0080012,0.009724,0.03004,6.594e-24,2.6e-05,4.03e-05,0.0003987,2.825e-24,3.381e-05,0.001996,0.001315,4.453e-07,0.1092,0.008147,0.02135,0.1698,3.517e-05,2.197e-05,0.337
   61080,   61140,0.008015,0.009739,0.03008,6.943e-24,2.609e-05,4.04e-05,0.0003997,2.985e-24,3.401e-05,0.002001,0.001317,4.472e-07,0.1093,0.008162,0.02137,0.17,3.527e-05,2.211e-05,0.337
   61140,   61200,0.0080226,0.009752,0.03011,7.289e-24,2.618e-05,4.05e-05,0.0004007,3.144e-24,3.42e-05,0.002005,0.00132,4.491e-07,0.1094,0.008177,0.02138,0.1701,3.537e-05,2.223e-05,0.337
   61200,   61260,0.0080382,0.009766,0.03015,7.678e-24,2.626e-05,4.061e-05,0.0004017,3.323e-24,3.439e-05,0.002009,0.001322,4.511e-07,0.1095,0.008191,0.0214,0.1703,3.547e-05,2.237e-05,0.337
   61260,   61320,0.0080502,0.00978,0.03018,8.087e-24,2.635e-05,4.071e-05,0.0004027,3.512e-24,3.459e-05,0.002013,0.001325,4.53e-07,0.1096,0.008206,0.02142,0.1704,3.557e-05,2.25e-05,0.337
   61320,   61380,0.0080682,0.009793,0.03022,8.493e-24,2.643e-05,4.081e-05,0.0004037,3.697e-24,3.477e-05,0.002017,0.001327,4.548e-07,0.1097,0.00822,0.02143,0.1706,3.566e-05,2.262e-05,0.337
   61380,   61440,0.0080766,0.009807,0.03025,8.939e-24,2.652e-05,4.091e-05,0.0004047,3.897e-24,3.497e-05,0.002022,0.00133,4.568e-07,0.1098,0.008234,0.02145,0.1707,3.576e-05,2.275e-05,0.337
   61440,   61500,0.0081046,0.009821,0.03029,9.41e-24,2.66e-05,4.101e-05,0.0004057,4.122e-24,3.516e-05,0.002026,0.001332,4.587e-07,0.1099,0.008248,0.02146,0.1708,3.586e-05,2.288e-05,0.337
   61500,   61560,0.0081082,0.009834,0.03032,9.897e-24,2.668e-05,4.111e-05,0.0004066,4.368e-24,3.534e-05,0.00203,0.001335,4.605e-07,0.11,0.008262,0.02148,0.171,3.595e-05,2.301e-05,0.337
   61560,   61620,0.0081166,0.009847,0.03035,1.049e-23,2.677e-05,4.12e-05,0.0004076,4.66e-24,3.553e-05,0.002034,0.001337,4.624e-07,0.11,0.008276,0.02149,0.1711,3.605e-05,2.314e-05,0.337
   61620,   61680,0.0081169,0.00986,0.03038,1.112e-23,2.685e-05,4.13e-05,0.0004085,4.958e-24,3.574e-05,0.002038,0.00134,4.643e-07,0.1101,0.00829,0.02151,0.1712,3.614e-05,2.327e-05,0.337
   61680,   61740,0.0081241,0.009873,0.03041,1.174e-23,2.693e-05,4.14e-05,0.0004094,5.232e-24,3.593e-05,0.002041,0.001342,4.661e-07,0.1102,0.008303,0.02152,0.1714,3.624e-05,2.34e-05,0.337
