CampaignData_and_Merges/R0/CSL_MobileLab_Parked/raw/20240722/USOS-POPS_MobileLabGround_20240722_R0.ict
78, 1001
Thornberry, T. D.
NOAA Chemical Sciences Laboratory
Portable Optical Particle Spectrometer (POPS)
USOS
1, 1
2024, 07, 22, 2025, 05, 08
60
Time_Start, seconds_past_midnight, Start time of measurement
45
1, 1, 1, 1, 1, 1, 1, 1, 1, 1, 1, 1, 1, 1, 1, 1, 1, 1, 1, 1, 1, 1, 1, 1, 1, 1, 1, 1, 1, 1, 1, 1, 1, 1, 1, 1, 1, 1, 1, 1, 1, 1, 1, 1, 1
-9999, -9999, -9999, -9999, -9999, -9999, -9999, -9999, -9999, -9999, -9999, -9999, -9999, -9999, -9999, -9999, -9999, -9999, -9999, -9999, -9999, -9999, -9999, -9999, -9999, -9999, -9999, -9999, -9999, -9999, -9999, -9999, -9999, -9999, -9999, -9999, -9999, -9999, -9999, -9999, -9999, -9999, -9999, -9999, -9999
Time_Stop, seconds_past_midnight, Stop time of measurement
Time_Mid, seconds_past_midnight, Mid time of measurement
Press_mb, mb, Pressure reported (mb)
Temp_C, degrees C, POPS temperature measurement
Aerosol_concentration, cm^-3, Aerosol concentration
Surface_Area_Conc, um^2 cm^-3, Surface area concentration
Volume_density, um^3 cm^-3, Volume density
Effective_radius, um, Effective radius
Extinction, km^-1, Extinction
Bin01, cm^-3, particle concentration in size range [1401 - 146.3 nm]
Bin02, cm^-3, particle concentration in size range [146.3 - 152.8 nm]
Bin03, cm^-3, particle concentration in size range [152.8 - 159.6 nm]
Bin04, cm^-3, particle concentration in size range [159.6 - 166.8 nm]
Bin05, cm^-3, particle concentration in size range [166.8 - 174.2 nm]
Bin06, cm^-3, particle concentration in size range [174.2 - 181.9 nm]
Bin07, cm^-3, particle concentration in size range [181.9 - 190.0 nm]
Bin08, cm^-3, particle concentration in size range [190.0 - 198.5 nm]
Bin09, cm^-3, particle concentration in size range [198.5 - 207.4 nm]
Bin10, cm^-3, particle concentration in size range [207.4 - 216.6 nm]
Bin11, cm^-3, particle concentration in size range [216.6 - 226.2 nm]
Bin12, cm^-3, particle concentration in size range [226.2 - 236.3 nm]
Bin13, cm^-3, particle concentration in size range [236.3 - 246.8 nm]
Bin14, cm^-3, particle concentration in size range [246.8 - 257.8 nm]
Bin15, cm^-3, particle concentration in size range [257.8 - 269.3 nm]
Bin16, cm^-3, particle concentration in size range [269.3 - 343.4 nm]
Bin17, cm^-3, particle concentration in size range [343.4 - 450.7 nm]
Bin18, cm^-3, particle concentration in size range [450.7 - 525.9 nm]
Bin19, cm^-3, particle concentration in size range [525.9 - 618.5 nm]
Bin20, cm^-3, particle concentration in size range [618.5 - 710.0 nm]
Bin21, cm^-3, particle concentration in size range [710.0 - 822.7 nm]
Bin22, cm^-3, particle concentration in size range [822.7 - 885.9 nm]
Bin23, cm^-3, particle concentration in size range [885.9 - 953.9 nm]
Bin24, cm^-3, particle concentration in size range [953.9 - 1027.2 nm]
Bin25, cm^-3, particle concentration in size range [1027.2 - 1106.1 nm]
Bin26, cm^-3, particle concentration in size range [1106.1 - 1191.0 nm]
Bin27, cm^-3, particle concentration in size range [1191.0 - 1282.5 nm]
Bin28, cm^-3, particle concentration in size range [1282.5 - 1381.0 nm]
Bin29, cm^-3, particle concentration in size range [1381.0 - 1487.1 nm]
Bin30, cm^-3, particle concentration in size range [1487.1 - 1601.3 nm]
Bin31, cm^-3, particle concentration in size range [1601.3 - 1724.3 nm]
[...]
PLATFORM: NOAA CSL Mobile Lab
LOCATION: USOS
ASSOCIATED_DATA: N/A
INSTRUMENT_INFO: Printed Optical Particle Spectrometer counts particles from 140 - 2500 nm in diameter 
DATA_INFO: Particle concentrations reported in number per cubic centimeter,1 Hz data
UNCERTAINTY: Counting uncertainty dominated by air flow, less than 5 percent. Measurement range is ~0 - 3000 per cm3 (varies depending on flow rate- manufacturer quotes 1250 per cm3 at 1.667 cc/s)
ULOD_FLAG: -7777
ULOD_VALUE: N/A
LLOD_FLAG: -8888
LLOD_VALUE: N/A
DM_CONTACT_INFO: Troy Thornberry, 325 Broadway R/CSL6, Boulder, CO 80305; troy.thornberry@noaa.gov; 303-497-3373
PROJECT_INFO: USOS, Utah POPS data from NOAA CSL Mobile Lab
STIPULATIONS_ON_USE: Please contact the PIs for questions regarding applications and uncertainties
OTHER_COMMENTS: POPS bin Edges (nm):  140.1, 146.3, 152.8, 159.6, 166.8, 174.2, 181.9, 190.0, 198.5, 207.4, 216.6, 226.2, 236.3, 246.8, 257.8, 269.3, 343.4, 450.7, 525.9, 618.5, 710.0, 822.7, 885.9, 953.9, 1027.2, 1106.1, 1191.0, 1282.5, 1381.0, 1487.1, 1601.3, 1724.3, 1856.7, 1999.3, 2152.8, 2318.2, 2496.2
Calculations assume organic aerosol refractive index of 1.52+0.00j and extinction wavelength = 532 nm
REVISION: R0
R0: Final data
Time_Start, Time_Stop, Time_Mid, Press_mb, Temp_C, Aerosol_concentration, Surface_Area_Conc, Volume_density, Effective_radius, Extinction, Bin01, Bin02, Bin03, Bin04, Bin05, Bin06, Bin07, Bin08, Bin09, Bin10, Bin11, Bin12, Bin13, Bin14, Bin15, Bin16, Bin17, Bin18, Bin19, Bin20, Bin21, Bin22, Bin23, Bin24, Bin25, Bin26, Bin27, Bin28, Bin29, Bin30, Bin31, Bin32, Bin33, Bin34, Bin35, Bin36
[from data line 315]
18900,18959,18930,872.335,30.141,534.571,105.864,5.510,0.156,0.036,23.637802,24.036272,23.515982,24.935631,26.136862,26.332121,26.634291,27.514143,26.569269,26.370827,26.999229,28.792036,28.265293,28.734957,24.497026,99.064369,32.501179,7.179190,2.084659,0.173422,0.231530,0.073129,0.067383,0.078509,0.044861,0.010900,0.005906,0.005824,0.011114,0.022240,0.005631,0.011730,0.010688,0.005707,0.000000,0.011191
18960,19019,18990,872.357,30.557,535.214,106.079,5.555,0.157,0.036,23.810368,24.334358,24.085300,25.772589,26.140791,26.567833,26.340677,27.623672,26.324789,26.332302,26.273121,27.539993,28.296875,28.742243,25.178225,99.413643,32.443523,7.075468,2.114976,0.232742,0.181575,0.088298,0.055998,0.043780,0.032922,0.039352,0.005376,0.016762,0.022638,0.022691,0.027499,0.005342,0.005574,0.011340,0.000000,0.011112
19020,19079,19050,872.367,30.588,534.857,105.900,5.643,0.159,0.036,23.268309,24.031427,24.139380,25.504797,25.801939,26.973864,26.759466,26.174681,27.308380,26.188269,26.976681,28.348934,27.559996,27.940247,25.299879,101.294144,31.731833,6.938378,1.797792,0.233778,0.216490,0.081420,0.086561,0.017623,0.023324,0.012058,0.023451,0.023492,0.005947,0.011915,0.011854,0.023632,0.011677,0.011781,0.011794,0.011510
19080,19139,19110,872.354,30.452,531.916,105.303,5.396,0.154,0.036,23.165205,23.742256,24.531054,24.698328,26.739994,26.261518,26.271090,26.748964,26.172028,26.902224,26.732103,27.792259,27.860987,28.292568,24.244829,99.369286,32.498856,7.011697,1.950795,0.239107,0.293459,0.143181,0.066414,0.043872,0.039261,0.016861,0.010792,0.022310,0.005482,0.022268,0.010772,0.000000,0.005537,0.000000,0.010565,0.000000
19140,19199,19170,872.368,30.199,528.072,104.839,5.631,0.161,0.036,22.980267,23.935823,24.252108,25.483353,26.209806,25.969524,26.202156,26.152948,26.456467,26.789433,26.813036,26.910278,28.257257,27.741823,24.546099,97.747948,31.919685,6.823664,1.958940,0.333237,0.165898,0.123299,0.039045,0.044155,0.027703,0.027564,0.005650,0.021683,0.011133,0.022014,0.039154,0.016476,0.010753,0.005593,0.022561,0.005767
19200,19259,19230,872.370,29.928,526.628,104.341,5.474,0.157,0.035,22.701786,23.398647,24.432592,25.926384,25.695240,26.355179,25.632416,25.909430,25.830206,26.426558,26.765057,27.022718,28.268259,27.664427,24.557745,97.650299,32.561287,7.000939,2.086476,0.217487,0.165736,0.088385,0.087767,0.037956,0.032922,0.021974,0.000000,0.005519,0.017068,0.005807,0.011326,0.028076,0.005325,0.011261,0.005807,0.000000
19260,19319,19290,872.349,29.760,526.566,104.728,5.532,0.158,0.036,23.627436,23.559444,24.062405,25.068256,25.883295,26.399763,25.632910,26.963440,25.542055,25.934591,26.065748,27.501068,28.046789,27.849758,24.781721,96.713478,33.182495,6.820506,2.076556,0.248540,0.213145,0.084460,0.072788,0.039859,0.044632,0.011124,0.000000,0.011319,0.010999,0.043937,0.033597,0.011114,0.011422,0.011424,0.000000,0.005745
19320,19379,19350,872.340,29.908,529.333,105.156,5.642,0.160,0.036,22.806711,23.644348,24.784512,25.235441,26.044184,25.844793,26.449385,26.345839,26.456596,26.391878,27.217836,26.793465,28.356722,27.927326,24.838566,97.974693,32.332325,7.009416,1.967620,0.295546,0.242021,0.093909,0.059333,0.057471,0.011581,0.023242,0.017786,0.005641,0.005552,0.023171,0.006008,0.029749,0.017232,0.000000,0.005988,0.017518
19380,19439,19410,872.350,30.412,519.382,103.638,5.572,0.161,0.035,22.425602,23.482399,23.385080,24.387260,25.652308,25.341820,26.213663,26.016912,25.817059,25.461355,25.300995,26.865297,28.329573,27.479048,24.131855,97.392265,32.024025,6.762038,2.102032,0.213854,0.157126,0.107644,0.095692,0.033357,0.022655,0.022600,0.033574,0.011205,0.017206,0.017238,0.022336,0.022791,0.011240,0.000000,0.000000,0.022897
19440,19499,19470,872.366,30.731,523.544,103.971,5.444,0.157,0.036,23.402086,24.348917,23.517784,24.962395,25.618841,25.714787,26.228271,26.459600,26.000301,25.431608,26.385153,27.116205,27.345028,27.704582,23.919151,97.334579,32.120449,6.959804,2.012987,0.255283,0.305870,0.084591,0.074170,0.060576,0.027277,0.028212,0.005575,0.045123,0.011417,0.006097,0.017064,0.011158,0.023221,0.000000,0.005707,0.000000
19500,19559,19530,872.359,30.561,522.715,103.899,5.535,0.159,0.035,23.138931,23.571167,23.825663,25.122007,25.876236,25.483917,26.074381,25.875528,25.887615,25.731096,26.224905,27.426014,28.008638,26.853539,24.716883,97.433968,31.892128,6.785400,1.939016,0.268842,0.201447,0.085208,0.044518,0.061389,0.011492,0.022475,0.017263,0.022789,0.005765,0.039378,0.005575,0.000000,0.016696,0.022400,0.000000,0.022945
19560,19619,19590,872.345,30.361,524.838,104.246,5.551,0.159,0.036,23.375061,23.495138,24.432060,25.105125,26.032473,26.049055,26.454447,25.929855,25.604441,25.491714,26.553856,27.683075,27.073410,27.301199,24.294180,97.926132,32.379475,6.827972,1.957474,0.255012,0.198267,0.125004,0.062205,0.073944,0.017051,0.011730,0.005845,0.022570,0.022200,0.005707,0.011325,0.016864,0.016456,0.005688,0.005485,0.016609
19620,19679,19650,872.343,30.123,525.751,103.999,5.528,0.159,0.035,23.851788,23.472330,24.305096,25.126417,26.276882,25.937551,25.946114,26.035643,25.524826,26.141586,25.811962,27.683151,28.196348,27.044611,24.796225,98.468216,31.460543,6.870142,1.956692,0.299985,0.251219,0.069089,0.039587,0.028691,0.017704,0.011709,0.017534,0.000000,0.011700,0.011312,0.028268,0.029548,0.005580,0.006028,0.005805,0.011124
19680,19739,19710,872.335,29.915,525.008,104.484,5.520,0.158,0.036,23.208029,23.287298,23.774647,24.516111,26.220490,25.802486,25.799101,26.048155,26.272161,25.724854,26.419882,28.165226,27.629593,27.509645,24.302498,98.219414,32.303062,7.091312,1.766563,0.306017,0.240768,0.129686,0.023538,0.029806,0.064651,0.017586,0.011821,0.018007,0.023504,0.017621,0.029475,0.011719,0.006071,0.000000,0.000000,0.017458
19740,19799,19770,872.325,29.821,524.988,104.115,5.497,0.158,0.035,23.700531,24.392019,23.031542,26.155119,26.215811,25.813673,25.005665,27.067822,25.978090,26.052965,25.855961,27.020424,27.748032,26.473150,24.388002,98.151878,31.867304,7.240776,2.013311,0.248173,0.196116,0.066112,0.078589,0.040948,0.042478,0.024051,0.024284,0.000000,0.011653,0.024234,0.011764,0.017927,0.005669,0.005723,0.011972,0.006033
19800,19859,19830,872.307,29.954,522.262,103.816,5.493,0.158,0.035,23.521282,22.916204,23.446178,25.234232,25.409233,25.633562,25.950726,26.764639,25.888762,26.265741,26.446472,27.167879,27.766241,26.290817,24.522751,97.043030,32.172535,6.886363,2.101247,0.237398,0.194419,0.125070,0.064713,0.041346,0.046824,0.011771,0.029689,0.000000,0.011661,0.005817,0.011710,0.005933,0.017710,0.000000,0.006012,0.023815
19860,19919,19890,872.308,30.420,521.461,103.469,5.481,0.158,0.035,23.045046,23.435259,23.763752,24.247713,26.485062,26.237934,26.036394,26.230743,25.832369,26.050198,25.550886,26.635641,28.475302,26.477253,24.217358,97.024696,32.073792,6.809794,2.014795,0.275718,0.170977,0.093783,0.061257,0.022147,0.016239,0.027930,0.027749,0.011038,0.016472,0.033058,0.016779,0.016746,0.005593,0.000000,0.010753,0.010935
19920,19979,19950,872.314,30.708,523.215,103.720,5.474,0.158,0.035,23.263746,23.866549,23.846832,24.560637,25.950733,26.467773,25.445681,26.821966,25.584183,25.600609,25.565815,27.715334,27.726017,27.433489,24.457253,97.237259,31.720999,7.235490,1.905992,0.264118,0.187843,0.091858,0.069081,0.034875,0.016980,0.028615,0.011325,0.005884,0.005825,0.011591,0.028964,0.017557,0.011251,0.011610,0.005766,0.005845
19980,20039,20010,872.318,30.604,523.844,104.043,5.493,0.158,0.035,23.394428,23.634027,24.685246,24.639872,25.763617,26.259527,25.738939,26.439983,25.492674,26.271914,25.826385,27.079830,27.165106,27.535297,24.417320,97.682632,31.941221,6.920394,2.086499,0.277719,0.166997,0.161009,0.050534,0.016399,0.033476,0.016665,0.034124,0.011439,0.016507,0.022429,0.027803,0.005650,0.000000,0.000000,0.011261,0.016584
20040,20099,20070,872.314,30.353,523.061,104.046,5.578,0.160,0.036,23.145332,24.127127,23.917278,24.764158,25.626652,25.966032,26.380943,25.971720,26.491501,25.573236,25.776434,26.633551,28.161842,27.824112,24.493013,96.873489,31.394169,6.928147,2.005351,0.343471,0.202040,0.078009,0.078879,0.056165,0.051158,0.039298,0.028217,0.005557,0.022505,0.022569,0.028935,0.017107,0.010953,0.005347,0.005503,0.011522
20100,20159,20130,872.308,30.111,521.517,102.747,5.373,0.157,0.035,23.501270,24.175467,24.210037,24.982559,25.804693,26.487614,25.399895,25.390850,26.235214,25.606688,25.872961,27.596390,27.143373,26.910877,24.412886,96.800644,31.445320,6.749141,2.074670,0.276697,0.202056,0.039843,0.028118,0.011321,0.028201,0.010813,0.022697,0.005707,0.011690,0.016486,0.011414,0.017414,0.011492,0.011530,0.005594,0.005575
20160,20219,20190,872.318,29.951,519.040,102.955,5.392,0.156,0.035,23.360394,23.644260,23.679079,24.198513,25.842739,25.891367,25.769081,26.856586,25.413025,25.723097,25.559061,26.965622,27.576838,27.462328,23.927723,95.396408,31.641623,7.160101,2.042159,0.336928,0.210371,0.093936,0.087931,0.039603,0.028389,0.010932,0.022543,0.010720,0.022681,0.005631,0.021794,0.011243,0.016657,0.005482,0.000000,0.005574
20220,20279,20250,872.320,29.847,515.858,102.960,5.506,0.160,0.035,23.151155,23.534883,23.401892,24.274046,25.276979,26.017923,25.530458,26.133930,25.006039,25.611521,25.651646,27.343840,26.578335,26.497913,24.134159,96.033295,31.679138,6.911231,2.155488,0.314456,0.267588,0.082488,0.066924,0.022507,0.022602,0.017261,0.011213,0.005669,0.011152,0.016569,0.027964,0.000000,0.028112,0.011247,0.022647,0.005521
20280,20339,20310,872.307,29.823,520.319,103.254,5.459,0.158,0.035,22.901749,23.060890,24.090216,24.865696,26.263937,25.997946,25.339064,25.870152,25.298756,25.555407,26.281431,27.293158,27.505362,27.057499,23.914198,98.028038,31.652678,6.727672,1.778084,0.262808,0.212264,0.050754,0.072471,0.050368,0.016431,0.016709,0.033408,0.011039,0.022367,0.010947,0.027944,0.000000,0.011400,0.010965,0.016602,0.011026
20340,20399,20370,872.316,30.237,523.695,104.589,5.719,0.164,0.036,22.916111,23.713451,23.947985,24.894920,26.329464,25.534889,25.781763,26.032034,25.794134,26.037884,26.401058,26.623951,27.806973,27.629894,24.578943,97.661659,32.228317,6.951366,1.952846,0.243449,0.273470,0.073706,0.039270,0.045325,0.028368,0.017084,0.000000,0.011414,0.022056,0.022067,0.017124,0.017007,0.000000,0.033406,0.005669,0.028268
20400,20459,20430,872.319,30.618,516.664,102.406,5.406,0.158,0.035,22.851147,23.743324,24.155199,24.636972,25.595694,26.087255,25.502819,25.924150,25.877159,25.417017,25.701666,27.066277,26.254715,26.641470,23.403088,96.585487,31.755211,6.668302,1.933803,0.319962,0.160951,0.077368,0.054569,0.027725,0.043970,0.034028,0.022626,0.016707,0.010532,0.033213,0.027819,0.010806,0.000000,0.005537,0.005787,0.011262
20460,20519,20490,872.299,30.590,514.694,102.527,5.398,0.157,0.035,22.684202,22.896414,23.600857,24.014137,24.911777,25.518888,24.673777,25.249435,25.622982,25.818695,25.999407,27.401234,27.290907,26.716618,24.352667,96.564789,31.737045,6.884403,1.858627,0.336903,0.196990,0.111747,0.076672,0.040520,0.017384,0.000000,0.017281,0.017244,0.011958,0.017803,0.005887,0.000000,0.011877,0.000000,0.017645,0.017572
20520,20579,20550,872.289,30.387,510.720,101.483,5.362,0.158,0.035,22.101446,23.112539,23.668528,24.700199,24.891121,25.127634,25.361685,25.316221,25.379927,25.244593,25.480394,26.315168,26.951366,26.324919,24.163761,96.057205,31.226151,6.411335,2.058538,0.275780,0.177841,0.051640,0.070063,0.069290,0.029115,0.011466,0.022689,0.005805,0.017432,0.022401,0.028286,0.011363,0.017636,0.005672,0.005491,0.005747
20580,20639,20610,872.288,30.188,508.257,101.353,5.425,0.160,0.035,22.539766,22.355511,23.383183,24.154545,24.922165,25.460060,25.597811,25.083975,24.978258,24.768198,25.181744,26.904057,26.472788,26.858170,23.882740,94.719955,31.398254,6.808535,1.872145,0.280571,0.223174,0.068262,0.045284,0.091462,0.028727,0.017091,0.045506,0.011333,0.011652,0.011165,0.028689,0.023042,0.005747,0.005747,0.017654,0.000000
20640,20699,20670,872.266,29.973,512.025,101.832,5.337,0.157,0.035,23.075239,23.399246,23.499777,24.315037,25.004900,25.969402,25.499235,26.016525,24.566542,25.186840,25.506285,26.306370,27.384876,26.644867,23.246183,95.191063,31.271814,6.945234,2.061058,0.267109,0.223105,0.115388,0.059311,0.070137,0.046397,0.030068,0.029093,0.022918,0.005907,0.011821,0.006029,0.000000,0.035333,0.006050,0.000000,0.005605
20700,20759,20730,872.259,29.785,508.989,101.271,5.480,0.162,0.035,22.322159,23.058989,23.577938,24.864576,25.450947,25.418886,24.703375,25.335394,24.633801,25.217419,25.678234,26.082386,26.841669,27.187057,22.927980,95.161438,31.226509,6.586533,1.818420,0.326275,0.165348,0.072143,0.044197,0.054706,0.055594,0.022019,0.005574,0.000000,0.016878,0.021920,0.044129,0.027416,0.011148,0.016728,0.005537,0.005501
20760,20819,20790,872.237,29.597,512.810,101.899,5.444,0.160,0.035,23.027370,22.892519,24.058094,25.097685,25.044773,24.991323,25.200102,25.722702,25.077063,25.418158,25.284704,26.516338,26.985874,27.157230,24.363529,94.911514,31.346041,6.921367,1.940456,0.195598,0.313412,0.088786,0.022097,0.033426,0.044603,0.027992,0.016704,0.005308,0.005501,0.016492,0.027519,0.022392,0.005376,0.005593,0.016801,0.005519
20820,20879,20850,872.221,29.613,506.367,100.314,5.300,0.158,0.034,23.313025,22.534060,23.370325,24.531450,24.884497,25.086933,24.844093,25.791046,24.463762,25.246922,25.214634,26.479927,27.000135,26.030672,22.910934,94.373535,31.069126,6.515286,1.866406,0.270530,0.230992,0.045020,0.062305,0.034017,0.022304,0.017115,0.034270,0.011118,0.011281,0.010988,0.045100,0.017112,0.022421,0.000000,0.005557,0.000000
20880,20939,20910,872.193,30.064,504.196,99.950,5.280,0.158,0.034,22.857744,22.624695,23.130791,23.879955,25.535814,25.456770,25.134245,25.030336,24.432497,24.679686,25.897097,25.767626,25.971252,25.823868,22.956886,94.904106,31.001951,6.589206,1.690174,0.261001,0.187402,0.066599,0.066584,0.033026,0.060262,0.016857,0.033670,0.016619,0.010977,0.011039,0.022563,0.011280,0.005482,0.016542,0.000000,0.011339
20940,20999,20970,872.203,30.477,504.584,100.858,5.345,0.159,0.035,22.353394,22.751223,22.846489,24.897028,24.511717,25.140137,24.839499,25.074898,25.243849,24.755342,24.598925,26.287365,26.568123,25.920002,23.574739,94.103561,31.200838,6.833861,2.067913,0.337636,0.265141,0.096600,0.083639,0.034432,0.040016,0.022559,0.027636,0.005745,0.005521,0.033934,0.028009,0.000000,0.011189,0.005726,0.000000,0.016781
21000,21059,21030,872.185,30.502,502.039,99.080,5.082,0.154,0.034,22.681284,22.261711,22.722437,24.106691,24.715263,24.925329,25.160845,25.212112,25.203085,23.784061,25.537558,25.392006,27.399580,26.505562,23.113966,93.128395,31.030642,6.534401,1.962546,0.231677,0.152789,0.057040,0.062430,0.017121,0.022835,0.028072,0.010865,0.005688,0.016564,0.016802,0.016819,0.005707,0.011454,0.000000,0.000000,0.005347
21060,21119,21090,872.186,30.304,497.532,98.688,5.213,0.158,0.034,22.597561,22.328390,23.048622,23.387638,24.345348,24.710457,24.198217,25.325914,24.735920,24.350075,24.827179,25.707151,25.636086,26.366997,23.864248,91.724800,31.203720,6.476456,1.963688,0.208278,0.153026,0.106664,0.062840,0.039300,0.039595,0.028177,0.017013,0.010918,0.016757,0.000000,0.000000,0.022733,0.000000,0.011300,0.005845,0.011012
21120,21179,21150,872.176,30.100,500.382,99.201,5.231,0.158,0.034,22.565979,22.770187,23.082329,24.149658,24.382130,24.716173,25.110949,24.211557,24.936392,24.683119,25.037458,26.178551,26.499155,26.276575,23.107643,93.227287,30.099035,6.639656,1.899364,0.214621,0.254739,0.045583,0.073624,0.022715,0.061429,0.011200,0.005824,0.017181,0.016594,0.016913,0.022266,0.000000,0.016833,0.005785,0.011511,0.011589
