CampaignData_and_Merges/R0/CSL_MobileLab_Parked/raw/20240722/USOS-NOAAIodideCIMS-Halogens_MobileLabGround_20240722_RA.ict
38, 1001
Michael A Robinson, Chris Jernigan, Subi Thakali
NOAA ESRL Chemical Sciences Laboratory and CIRES, U. of Colorado
NOAA Iodide CIMS Instrument
USOS
1, 1
2024, 07, 22, 2024, 07, 24
1
starttime_UTC, seconds_past_midnight, seconds_of_day_since_00:00:00_UTC
6
1, 1, 1, 1, 1, 1
-9999, -9999, -9999, -9999, -9999, -9999
Br2_NOAACIMS, pptv, Gas_Br2_InSitu_S_AVMR, 
BrO_NOAACIMS, pptv, Gas_BrO_InSitu_S_AVMR, 
Cl2_NOAACIMS, pptv, Gas_Cl2_InSitu_S_AVMR, 
ClNO2_NOAACIMS, pptv, Gas_ClNO2_InSitu_S_AVMR, 
BrCl_NOAACIMS, pptv, Gas_BrCl_InSitu_S_AVMR, 
NCl3_NOAACIMS, pptv, Gas_NCl3_InSitu_S_AVMR, 
0
18
PI_CONTACT_INFO: 325 Broadway, R/CSD 7, Boulder, Colorado 80305; michael.a.robinson@noaa.gov; chris.jernigan@noaa.gov;
PLATFORM: NOAA CSL Mobile Lab
LOCATION: SLC, Utah
ASSOCIATED_DATA: 1Hz data also available on request.
INSTRUMENT_INFO: NOAA I- ToF CIMS
DATA_INFO: All data in parts per trillion by volume (pptv). 1 Hz data is available upon request.
UNCERTAINTY: TBD
ULOD_FLAG: -7777
ULOD_VALUE: N/A
LLOD_FLAG: -8888
LLOD_VALUE: N/A
DM_CONTACT_INFO: Nathan Howard; nathan.h.howard@noaa.gov
PROJECT_INFO: USOS, summer 2024. https://csl.noaa.gov/groups/csl7/measurements/2024usos/
STIPULATIONS_ON_USE: Users are strongly encouraged to contact the PI for proper data usage.
OTHER_COMMENTS: 
REVISION: RA
RA: Preliminary Data; For in-field use only
starttime_UTC, Br2_NOAACIMS, BrO_NOAACIMS, Cl2_NOAACIMS, ClNO2_NOAACIMS, BrCl_NOAACIMS, NCl3_NOAACIMS
[from data line 742]
 44520,  0.524, -0.006,  0.719,  0.067,  0.064,  1.419
 44580,  0.549,  0.049,  0.794,  0.062,  0.040,  1.540
 44640,  0.705, -0.057,  0.754,  0.075,  0.056,  1.855
 44700,  0.836,  0.100,  0.769,  0.074,  0.062,  1.296
 44760,  0.662, -0.008,  0.735,  0.074,  0.037,  1.239
 44820,  0.652, -0.036,  0.750,  0.083,  0.080,  1.081
 44880,  0.659,  0.028,  0.761,  0.077,  0.062,  1.348
 44940,  0.926,  0.057,  0.753,  0.057,  0.043,  1.392
 45000,  0.750,  0.080,  0.794,  0.074,  0.060,  1.498
 45060,  0.817,  0.126,  0.792,  0.080,  0.053,  1.338
 45120,  0.700,  0.034,  0.805,  0.099,  0.062,  1.629
 45180,  0.647,  0.040,  0.764,  0.056,  0.088,  1.191
 45240,  0.848,  0.005,  0.778,  0.080,  0.083,  1.016
 45300,  0.589,  0.048,  0.814,  0.105,  0.071,  0.949
 45360,  0.743,  0.102,  0.769,  0.079,  0.055,  1.029
 45420,  0.711,  0.117,  0.679,  0.098,  0.072,  1.061
 45480,  0.653,  0.062,  0.780,  0.067,  0.094,  1.278
 45540,  0.615,  0.153,  0.814,  0.079,  0.093,  3.508
 45600,  0.781,  0.079,  0.883,  0.119,  0.094,  2.999
 45660, -9999.000, -9999.000, -9999.000, -9999.000, -9999.000, -9999.000
 45720,  0.760,  0.074,  0.725,  0.063,  0.097,  1.311
 45780,  0.836,  0.142,  0.776,  0.080,  0.084,  1.671
 45840,  0.735,  0.107,  0.771,  0.069,  0.079,  2.745
 45900,  0.663,  0.122,  0.798,  0.060,  0.059,  1.578
 45960,  0.796,  0.079,  0.753,  0.072,  0.078,  1.723
 46020,  0.773,  0.070,  0.701,  0.064,  0.084,  1.236
 46080,  0.833,  0.084,  0.881,  0.085,  0.087,  3.194
 46140,  0.609,  0.182,  0.775,  0.072,  0.070,  4.547
 46200,  0.712,  0.094,  0.761,  0.066,  0.056,  1.053
 46260,  0.666,  0.062,  0.727,  0.079,  0.074,  1.246
 46320,  0.789,  0.148,  0.724,  0.090,  0.069,  1.365
 46380,  0.808,  0.131,  0.885,  0.064,  0.063,  4.572
 46440,  0.519,  0.086,  0.761,  0.069,  0.021,  1.002
 46500,  0.647,  0.090,  0.795,  0.079,  0.068,  1.556
 46560,  0.753,  0.087,  0.727,  0.051,  0.085,  0.918
 46620,  0.812,  0.099,  0.719,  0.059,  0.062,  0.848
 46680,  0.775,  0.137,  0.735,  0.057,  0.057,  1.774
 46740,  0.774,  0.058,  0.746,  0.070,  0.040,  1.775
 46800,  0.590,  0.174,  0.730,  0.063,  0.047,  2.414
 46860,  0.774,  0.146,  0.732,  0.066,  0.056,  0.730
 46920,  0.548,  0.163,  0.892,  0.071,  0.055,  0.855
 46980,  0.626,  0.228,  1.053,  0.069,  0.071,  0.994
 47040,  0.602,  0.112,  0.913,  0.064,  0.059,  2.163
 47100,  0.583,  0.150,  0.922,  0.043,  0.063,  3.998
 47160,  0.677,  0.139,  0.994,  0.073,  0.063,  2.213
 47220,  0.584,  0.147,  0.831,  0.050,  0.030,  2.898
 47280,  0.681,  0.168,  0.721,  0.056,  0.056,  1.473
 47340,  0.613,  0.087,  0.783,  0.047,  0.045,  0.581
 47400,  0.504,  0.107,  0.855,  0.022,  0.036,  1.427
 47460,  0.518,  0.224,  0.730,  0.088,  0.031,  1.740
 47520, -9999.000, -9999.000, -9999.000, -9999.000, -9999.000, -9999.000
 47580,  0.768,  0.103,  0.743,  0.071,  0.061,  0.575
 47640,  0.572,  0.105,  0.862,  0.071,  0.050,  0.642
 47700,  0.732,  0.172,  0.914,  0.079,  0.049,  5.790
 47760,  0.517,  0.212,  0.814,  0.032,  0.014,  0.774
 47820,  0.698,  0.128,  0.746,  0.058,  0.052,  1.185
 47880,  0.621,  0.199,  0.901,  0.071,  0.041,  2.041
 47940,  0.025,  0.027,  0.766,  0.050,  0.030,  0.874
 48000,  0.383,  0.085,  0.929,  0.046,  0.024,  1.468
 48060,  0.519,  0.147,  0.752,  0.055,  0.013,  1.317
 48120,  0.716,  0.163,  1.021,  0.125,  0.063, 13.408
 48180,  0.674,  0.121,  0.762,  0.076,  0.025,  0.732
 48240,  0.618,  0.128,  0.757,  0.088,  0.002,  0.587
 48300,  0.677,  0.136,  0.804,  0.041,  0.037,  1.081
 48360,  0.645,  0.147,  0.898,  0.076,  0.055,  1.358
 48420,  0.681,  0.128,  0.847,  0.083,  0.038,  0.568
 48480,  0.771,  0.177,  0.906,  0.117,  0.043,  5.718
 48540,  0.714,  0.139,  0.926,  0.058,  0.046,  3.199
 48600,  0.721,  0.108,  0.853,  0.062,  0.049,  1.166
 48660,  0.742,  0.128,  0.737,  0.094,  0.054,  3.261
 48720,  0.682,  0.070,  0.752,  0.091,  0.032,  0.366
 48780,  0.702,  0.131,  0.818,  0.076,  0.035,  0.900
 48840,  0.609,  0.209,  0.788,  0.122,  0.049,  2.926
 48900,  0.513,  0.087,  0.686,  0.110,  0.035,  0.365
 48960,  0.614,  0.047,  0.778,  0.107,  0.022,  1.353
 49020,  0.633,  0.125,  0.787,  0.115,  0.024,  1.497
 49080,  0.728,  0.123,  0.743,  0.087,  0.019,  0.256
 49140,  0.569,  0.060,  0.702,  0.098,  0.054,  0.485
 49200,  0.541,  0.135,  0.837,  0.103,  0.047,  2.130
 49260,  0.631,  0.125,  0.924,  0.094,  0.064,  3.939
 49320,  0.512,  0.122,  0.811,  0.054,  0.021,  1.086
 49380, -9999.000, -9999.000, -9999.000, -9999.000, -9999.000, -9999.000
 49440,  0.552,  0.080,  0.811,  0.075,  0.066,  2.243
 49500,  0.157,  0.051,  0.786,  0.052,  0.010,  0.103
 49560,  0.531,  0.091,  0.808,  0.060,  0.014,  0.252
 49620,  0.788,  0.162,  0.817,  0.069,  0.047,  0.599
 49680,  0.587,  0.128,  0.788,  0.055,  0.018,  0.268
 49740,  0.727,  0.091,  0.848,  0.075,  0.034,  1.332
 49800,  0.634,  0.173,  0.911,  0.067,  0.027,  1.588
 49860,  0.649,  0.119,  0.901,  0.053,  0.049,  1.403
 49920,  0.703,  0.070,  0.858,  0.080,  0.021,  0.353
 49980,  0.780,  0.130,  0.891,  0.093,  0.039,  0.664
 50040,  0.628,  0.096,  0.924,  0.063,  0.065,  4.546
 50100,  0.509,  0.108,  0.880,  0.067,  0.045,  3.473
 50160,  0.693,  0.093,  0.861,  0.078,  0.041,  0.414
 50220,  0.647,  0.201,  0.817,  0.064,  0.028,  0.298
 50280,  0.684,  0.098,  0.766,  0.070,  0.065,  2.122
 50340,  0.644,  0.155,  0.841,  0.070,  0.084,  1.930
 50400,  0.674,  0.060,  0.771,  0.040,  0.011,  0.216
 50460,  0.566,  0.147,  0.776,  0.044,  0.053,  0.286
 50520,  0.550,  0.122,  0.888,  0.038,  0.045,  3.777
 50580,  0.709,  0.166,  0.811,  0.059,  0.063,  0.682
 50640,  0.778,  0.122,  0.818,  0.071,  0.033,  2.878
 50700,  0.708,  0.107,  0.840,  0.060,  0.035,  2.248
 50760,  0.623,  0.202,  0.798,  0.068,  0.056,  3.618
 50820,  0.653,  0.079,  0.731,  0.038,  0.043,  0.385
 50880,  0.493,  0.211,  0.761,  0.049,  0.045,  3.585
 50940, -9999.000,  0.164,  0.759,  0.058,  0.060,  0.624
 51000, -9999.000,  0.116,  0.681,  0.054,  0.031,  0.901
 51060, -9999.000,  0.016,  0.666,  0.015, -0.017,  0.295
 51120, -9999.000,  0.091,  0.730,  0.034,  0.034,  0.476
 51180, -9999.000,  0.193,  0.647,  0.046,  0.048,  1.480
 51240, -9999.000, -9999.000, -9999.000, -9999.000, -9999.000, -9999.000
 51300,  0.715,  0.133,  0.813,  0.039,  0.050,  2.543
 51360,  0.507,  0.217,  0.760,  0.037,  0.064,  0.656
 51420,  0.469,  0.087,  0.714,  0.072,  0.056,  0.433
 51480,  0.580,  0.111,  0.684,  0.058,  0.051,  0.220
 51540,  0.538,  0.096,  0.596,  0.061,  0.074,  0.174
 51600,  0.644,  0.099,  0.843,  0.042,  0.062,  2.825
 51660,  0.404,  0.115,  0.601,  0.029,  0.028,  0.166
 51720,  0.594,  0.139,  0.725,  0.033,  0.087,  0.311
 51780,  0.739,  0.074,  0.690,  0.075,  0.042,  0.171
 51840,  0.645,  0.091,  0.705,  0.061,  0.047,  0.171
 51900,  0.677,  0.074,  0.706,  0.038,  0.049,  0.252
 51960,  0.672,  0.096,  0.920,  0.082,  0.058,  1.977
 52020,  0.588,  0.015,  0.759,  0.054,  0.043,  0.999
 52080,  0.698,  0.110,  0.672,  0.111,  0.088,  3.304
 52140,  0.696,  0.032,  0.659,  0.078,  0.076,  1.497
 52200,  0.665,  0.097,  0.748,  0.057,  0.068,  0.348
 52260,  0.685,  0.128,  0.594,  0.064,  0.060,  0.143
 52320,  0.490, -0.003,  0.633,  0.026,  0.031,  0.070
 52380,  0.724, -0.002,  0.702,  0.049,  0.057,  0.943
 52440,  0.455,  0.014,  0.624,  0.039,  0.045,  3.813
 52500,  0.698, -0.032,  0.589,  0.085,  0.044,  0.016
 52560,  0.575,  0.067,  0.823,  0.066,  0.044,  0.252
 52620,  0.577,  0.017,  0.708,  0.073,  0.037,  0.002
 52680,  0.248, -0.031,  0.539,  0.048, -0.011, -0.025
 52740,  0.639, -0.020,  0.634,  0.061,  0.075,  1.618
 52800,  0.402, -0.037,  0.646,  0.048,  0.028, -0.005
 52860,  0.478, -0.043,  0.631,  0.047,  0.025, -0.038
 52920,  0.609, -0.034,  0.640,  0.070,  0.043,  0.050
 52980,  0.593, -0.099,  0.657,  0.064,  0.040,  0.010
 53040,  0.682, -0.124,  0.692,  0.134, -0.002,  0.285
 53100, -9999.000, -9999.000, -9999.000, -9999.000, -9999.000, -9999.000
 53160,  0.690,  0.005,  0.660,  0.077,  0.031,  0.032
 53220,  0.608, -0.023,  0.573,  0.094,  0.047,  0.500
 53280,  0.648, -0.048,  0.671,  0.036,  0.032,  0.271
 53340,  0.730, -0.054,  0.649,  0.075,  0.048,  0.128
 53400,  0.797,  0.018,  0.803,  0.070,  0.115,  4.627
 53460,  0.747,  0.070,  0.777,  0.084,  0.068,  1.552
 53520,  0.647,  0.082,  0.748,  0.082,  0.054,  1.267
 53580,  0.806,  0.013,  0.629,  0.061,  0.071,  0.010
 53640,  0.848,  0.049,  0.773,  0.062,  0.055,  0.078
 53700,  0.823,  0.010,  0.746,  0.066,  0.041,  0.085
 53760,  0.690, -0.030,  0.720,  0.060,  0.065, -0.040
 53820,  0.552,  0.035,  0.630,  0.070,  0.045,  0.090
 53880,  0.786,  0.085,  0.659,  0.062,  0.049,  0.352
 53940,  0.831,  0.156,  0.809,  0.101,  0.122,  1.538
 54000,  0.854,  0.115,  0.763,  0.062,  0.117,  1.401
 54060,  0.717,  0.002,  0.822,  0.067,  0.052,  0.030
 54120,  0.528,  0.007,  0.624,  0.045,  0.051,  0.039
 54180,  0.709, -0.021,  0.665,  0.055,  0.098,  0.096
 54240,  0.499,  0.033,  0.778,  0.046,  0.062,  0.028
 54300,  0.334, -0.047,  0.683,  0.057,  0.046, -0.022
 54360,  0.540,  0.077,  0.611,  0.065,  0.034,  0.049
 54420,  0.892,  0.085,  0.699,  0.075,  0.076,  0.080
 54480,  0.384,  0.083,  0.784,  0.075,  0.038,  0.076
 54540,  0.854,  0.073,  0.780,  0.056,  0.079,  0.069
 54600,  0.458, -0.023,  0.583,  0.019,  0.019, -0.054
 54660,  0.438, -0.022,  0.617,  0.037,  0.010, -0.040
 54720, -9999.000, -0.058,  0.653,  0.010,  0.002, -0.073
 54780, -9999.000, -0.057,  0.659,  0.013,  0.008, -0.051
 54840, -9999.000, -0.004,  0.505,  0.026,  0.011, -0.068
 54900, -9999.000,  0.033,  0.548,  0.028,  0.008, -0.052
 54960, -9999.000, -0.052,  0.579,  0.021, -0.013, -0.096
 55020, -9999.000, -0.020,  0.663,  0.012,  0.008,  0.015
 55080, -9999.000,  0.072,  0.681,  0.054,  0.066,  0.098
 55140, -9999.000,  0.072,  0.844,  0.053,  0.088,  0.033
 55200,  0.818,  0.096,  0.690,  0.072,  0.072,  0.130
 55260,  0.396,  0.064,  0.660,  0.049,  0.050, -0.011
 55320,  0.374,  0.056,  0.660,  0.064,  0.055,  0.022
 55380,  0.652,  0.079,  0.730,  0.047,  0.066,  0.135
 55440,  0.912,  0.136,  0.706,  0.076,  0.067,  0.216
 55500,  0.950,  0.140,  0.732,  0.078,  0.079,  0.146
 55560,  0.759,  0.164,  0.785,  0.059,  0.076,  0.150
 55620,  0.873,  0.156,  0.686,  0.080,  0.058,  0.070
 55680,  1.001,  0.111,  0.639,  0.065,  0.071,  0.115
 55740,  1.020,  0.086,  0.720,  0.063,  0.080,  0.167
 55800,  0.843,  0.078,  0.708,  0.090,  0.046,  0.070
 55860,  0.977,  0.153,  0.751,  0.073,  0.050,  0.089
 55920,  0.838,  0.072,  0.786,  0.081,  0.070,  0.142
 55980,  0.470,  0.032,  0.646,  0.047,  0.021,  0.042
 56040,  0.904,  0.091,  0.653,  0.043,  0.055,  0.063
 56100,  0.983,  0.090,  0.661,  0.042,  0.076,  0.096
 56160,  0.837,  0.115,  0.776,  0.043,  0.066,  0.124
 56220,  0.869,  0.135,  0.646,  0.057,  0.053,  0.117
 56280,  0.955,  0.140,  0.823,  0.076,  0.062,  0.158
 56340,  1.033,  0.104,  0.790,  0.106,  0.086,  0.096
 56400,  0.926,  0.151,  0.675,  0.034,  0.056,  0.096
 56460,  0.967,  0.156,  0.680,  0.077,  0.069,  0.151
 56520,  0.898,  0.125,  0.752,  0.062,  0.077,  0.167
 56580,  0.887,  0.065,  0.785,  0.032,  0.050,  0.134
 56640,  0.791,  0.058,  0.801,  0.037,  0.051,  0.061
 56700,  0.948,  0.156,  0.814,  0.056,  0.056,  0.053
 56760, -9999.000, -9999.000, -9999.000, -9999.000, -9999.000, -9999.000
 56820,  0.252,  0.009,  0.700,  0.003, -0.009,  0.008
 56880,  0.860,  0.053,  0.798,  0.060,  0.059,  0.174
 56940,  0.702,  0.077,  0.691,  0.029,  0.027,  0.046
 57000,  0.744,  0.098,  0.732,  0.006,  0.024,  0.032
 57060,  0.893,  0.147,  0.763,  0.039,  0.043,  0.083
 57120,  1.009,  0.051,  0.646,  0.043,  0.067,  0.136
 57180,  0.855,  0.112,  0.702,  0.044,  0.111,  0.051
 57240,  0.928,  0.124,  0.717,  0.038,  0.102,  0.093
 57300,  0.854,  0.158,  0.788,  0.082,  0.045,  0.076
 57360,  0.765,  0.050,  0.830,  0.078,  0.071,  0.205
 57420,  0.657,  0.105,  0.821,  0.055,  0.052,  0.073
 57480,  0.819,  0.080,  0.825,  0.040,  0.082,  0.124
 57540,  0.878,  0.016,  0.855,  0.026,  0.058,  0.187
 57600,  0.778,  0.070,  0.902,  0.030,  0.044,  0.167
 57660,  0.728,  0.048,  0.892,  0.057,  0.059,  0.128
 57720,  0.691,  0.010,  0.868,  0.032,  0.028,  0.023
 57780,  0.587,  0.013,  0.920,  0.068,  0.068,  0.111
 57840,  0.772, -0.003,  0.991,  0.039,  0.090,  0.113
 57900,  0.879,  0.006,  0.932,  0.063,  0.093,  0.108
 57960,  0.791,  0.073,  1.014,  0.047,  0.056,  0.193
 58020,  0.765,  0.048,  0.949,  0.115,  0.079,  0.182
 58080,  0.641,  0.119,  0.961,  0.078,  0.060,  0.133
 58140,  0.813,  0.002,  0.956,  0.039,  0.069,  0.089
 58200,  0.763, -0.006,  0.973,  0.030,  0.072,  0.080
 58260,  0.813, -0.036,  0.997,  0.025,  0.071,  0.095
 58320,  0.620,  0.036,  0.972,  0.077,  0.071,  0.088
 58380,  0.705,  0.059,  1.040,  0.027,  0.061,  0.130
 58440,  0.686,  0.005,  0.953,  0.023,  0.088,  0.117
 58500,  0.889, -0.037,  0.986,  0.031,  0.068,  0.164
 58560,  0.665, -0.032,  1.015,  0.015,  0.081,  0.051
 58620, -9999.000, -9999.000, -9999.000, -9999.000, -9999.000, -9999.000
 58680,  0.732, -0.040,  0.992,  0.094,  0.075,  0.137
 58740,  0.563, -0.008,  0.939,  0.065,  0.055,  0.093
 58800,  0.698, -0.005,  0.996,  0.054,  0.075,  0.133
 58860,  0.724, -0.009,  0.888,  0.059,  0.107,  0.110
 58920,  0.783, -0.020,  0.947,  0.031,  0.073,  0.166
 58980,  0.795, -0.022,  0.869,  0.058,  0.098,  0.089
 59040,  0.748,  0.031,  0.859,  0.049,  0.102,  0.135
 59100,  0.696, -0.039,  1.020,  0.047,  0.108,  0.100
 59160,  0.654, -0.020,  1.047,  0.030,  0.100,  0.109
 59220,  0.689,  0.025,  0.908,  0.058,  0.094,  0.115
 59280,  0.703,  0.037,  0.998,  0.040,  0.104,  0.184
 59340,  0.737, -0.039,  1.004,  0.037,  0.091,  0.124
 59400,  0.708, -0.040,  1.096,  0.025,  0.081,  0.083
 59460,  0.746,  0.055,  1.176,  0.044,  0.108,  0.085
 59520,  0.714, -0.017,  1.007,  0.060,  0.074,  0.225
 59580,  0.759, -0.089,  1.020,  0.041,  0.083,  0.129
 59640,  0.826, -0.028,  1.031,  0.022,  0.060,  0.175
 59700,  0.807,  0.011,  0.986,  0.066,  0.127,  0.054
 59760,  0.656,  0.022,  1.125,  0.053,  0.082,  0.097
 59820,  0.746, -0.003,  1.035,  0.020,  0.065,  0.148
 59880,  0.867, -0.054,  0.981,  0.011,  0.099,  0.134
 59940,  0.689,  0.014,  1.023,  0.028,  0.062,  0.207
 60000,  0.727,  0.046,  1.080,  0.046,  0.104,  0.129
 60060,  0.762,  0.008,  1.176,  0.039,  0.111,  0.144
 60120,  0.773,  0.003,  1.110,  0.020,  0.105,  0.131
 60180,  0.624, -0.033,  1.065,  0.044,  0.121,  0.097
 60240,  0.885,  0.043,  1.072,  0.018,  0.076,  0.192
 60300,  0.711,  0.043,  0.884,  0.088,  0.089,  0.093
 60360,  0.815,  0.021,  0.970,  0.062,  0.106,  0.087
 60420,  0.912,  0.070,  1.027,  0.054,  0.076,  0.129
 60480, -9999.000, -9999.000, -9999.000, -9999.000, -9999.000, -9999.000
 60540, -9999.000, -9999.000, -9999.000, -9999.000, -9999.000, -9999.000
 60600, -9999.000, -9999.000, -9999.000, -9999.000, -9999.000, -9999.000
 60660, -9999.000, -9999.000, -9999.000, -9999.000, -9999.000, -9999.000
 60720, -9999.000, -9999.000, -9999.000, -9999.000, -9999.000, -9999.000
 60780, -9999.000, -9999.000, -9999.000, -9999.000, -9999.000, -9999.000
 60840, -9999.000, -9999.000, -9999.000, -9999.000, -9999.000, -9999.000
 60900, -9999.000, -9999.000, -9999.000, -9999.000, -9999.000, -9999.000
 60960, -9999.000, -9999.000, -9999.000, -9999.000, -9999.000, -9999.000
 61020, -9999.000, -9999.000, -9999.000, -9999.000, -9999.000, -9999.000
 61080, -9999.000, -9999.000, -9999.000, -9999.000, -9999.000, -9999.000
 61140, -9999.000, -9999.000, -9999.000, -9999.000, -9999.000, -9999.000
 61200, -9999.000, -9999.000, -9999.000, -9999.000, -9999.000, -9999.000
 61260, -9999.000, -9999.000, -9999.000, -9999.000, -9999.000, -9999.000
 61320, -9999.000, -9999.000, -9999.000, -9999.000, -9999.000, -9999.000
 61380, -9999.000, -9999.000, -9999.000, -9999.000, -9999.000, -9999.000
