CampaignData_and_Merges/R0/CSL_MobileLab_Parked/raw/20240722/USOS-NOy-LIF_MobileLabGround_20240722_R0.ict
39,1001
Rollins, A.; Waxman, E.; Zuraski, K.; Chace, W.
NOAA Chemical Sciences Laboratory
LIF NO/NOx/NOy on CSL Mobile Lab
AMMBEC / USOS
1, 1
2024,07,22, 2025,01,03
1
Time_Start, seconds, number_of_seconds_since_0000_UTC
7
1, 1, 1, 1, 1, 1, 1
-9999, -9999, -9999, -9999, -9999, -9999, -9999
Time_Stop, seconds, number_of_seconds_since_0000_UTC
NO_LIF, pptv, Gas_NO_InSitu_S_AVMR, volume mixing ratio of nitric oxide in air
NO2_LIF, pptv, Gas_NO2_InSitu_S_AVMR, volume mixing ratio of nitrogen dioxide in air
NOy_LIF, pptv, Gas_NOy_InSitu_S_AVMR, volume mixing ratio of total oxidized nitrogen in air
NO_LIF_1SigmaAccuracy, pptv, Gas_NO_InSitu_S_AVMR, volume mixing ratio of nitric oxide in air
NO2_LIF_1SigmaAccuracy, pptv, Gas_NO2_InSitu_S_AVMR, volume mixing ratio of nitrogen dioxide in air
NOy_LIF_1SigmaAccuracy, pptv, Gas_NOy_InSitu_S_AVMR, volume mixing ratio of total oxidized nitrogen in air
0
18
PI_CONTACT_INFO: andrew.rollins@noaa.gov
PLATFORM: CSL Mobile Lab
LOCATION: Salt Lake City, UT
ASSOCIATED_DATA:
INSTRUMENT_INFO: NO detection by laser induced fluorescence. NO2 detection by photolytic conversion to NO. NOy detection by catalytic conversion to NO on gold surface
DATA_INFO:
UNCERTAINTY: Included 1 Sigma Accuracy waves represent the combined calibration uncertainties (±6%, ±9%, ±10%) and zero uncertainties (3 ppt, 20 ppt, 100 ppt) for NO, NO2, and NOy, respectively.
ULOD_FLAG: -7777
ULOD_VALUE: N/A
LLOD_FLAG: -8888
LLOD_VALUE: N/A
DM_CONTACT_INFO: andrew.rollins@noaa.gov
PROJECT_INFO: USOS Project, July - August 2024
STIPULATIONS_ON_USE: Users are strongly encouraged to contact the PI for proper data usage.
OTHER_COMMENTS:
REVISION: R0
R0: final data
Time_Start, Time_Stop, NO_LIF, NO2_LIF, NOy_LIF, NO_LIF_1SigmaAccuracy, NO2_LIF_1SigmaAccuracy, NOy_LIF_1SigmaAccuracy
       0,      60,131.46,995.59,2366.6,10.888, 109.6, 336.66
      60,     120,142.46,1055.4,2448.2,11.547, 114.98, 344.82
     120,     180,126.83,969.58,2374.4,10.61, 107.26, 337.44
     180,     240,123.88,954.69,2358.1,10.433, 105.92, 335.81
     240,     300,108.83,893.18,2265.3,9.5299, 100.39, 326.53
     300,     360,115.26,909.43,2260.9,9.9155, 101.85, 326.09
     360,     420,134.64,1057.6,2514.9,11.078, 115.18, 351.49
     420,     480,181.16,1218.1,2672,13.87, 129.63, 367.2
     480,     540,130.49,1020.8,2600.9,10.829, 111.87, 360.09
     540,     600,112.27,917.45,2285,9.7362, 102.57, 328.5
     600,     660,123.26,955.66,2765.7,10.396, 106.01, 376.57
     660,     720,103.9,837.17,2283.8,9.2338, 95.346, 328.38
     720,     780,125.51,942.83,2334.8,10.531, 104.85, 333.48
     780,     840,924.05,2676.3,5305,58.443, 260.86, 630.5
     840,     900,181.21,1398.4,3529.8,13.872, 145.86, 452.98
     900,     960,110.92,976.14,2654.4,9.6555, 107.85, 365.44
     960,    1020,106.64,914.69,2355.3,9.3986, 102.32, 335.53
    1020,    1080,109.92,998.26,2788.6,9.5955, 109.84, 378.86
    1080,    1140,92.397,822.65,2246.8,8.5438, 94.039, 324.68
    1140,    1200,264.65,1362.2,4115.9,18.879, 142.6, 511.59
    1200,    1260,421.65,2329.7,3658.7,28.299, 229.67, 465.87
    1260,    1320,143.88,1374.8,2762.1,11.633, 143.73, 376.21
    1320,    1380,141.05,1280.9,2843.4,11.463, 135.28, 384.34
    1380,    1440,159.47,1330.4,2887,12.568, 139.73, 388.7
    1440,    1500,147.11,1338.4,2802.2,11.827, 140.45, 380.22
    1500,    1560,124.98,1269.6,2811.6,10.499, 134.26, 381.16
    1560,    1620,132.12,1199,2640.6,10.927, 127.91, 364.06
    1620,    1680,115.18,1199.1,2644.9,9.9108, 127.92, 364.49
    1680,    1740,141.72,1302.4,2740.4,11.503, 137.22, 374.04
    1740,    1800,140.55,1314.5,2757.9,11.433, 138.31, 375.79
    1800,    1860,117.03,1230,2694.2,10.022, 130.7, 369.42
    1860,    1920,96.253,1034.9,2352.2,8.7752, 113.14, 335.22
    1920,    1980,117.08,1221,2561.7,10.025, 129.89, 356.17
    1980,    2040,117.87,1309.7,2716.6,10.072, 137.88, 371.66
    2040,    2100,138.17,1302.7,2844.2,11.29, 137.24, 384.42
    2100,    2160,142.28,1363.2,2714.1,11.537, 142.69, 371.41
    2160,    2220,102.59,1131.6,2567.1,9.1551, 121.85, 356.71
    2220,    2280,110.55,1191.4,2559.1,9.6331, 127.23, 355.91
    2280,    2340,204.24,1521,2838.6,15.254, 156.89, 383.86
    2340,    2400,131.75,1374.6,2904.8,10.905, 143.71, 390.48
    2400,    2460,181.09,1476.2,2933,13.865, 152.86, 393.3
    2460,    2520,470.43,1825,3515.5,31.226, 184.25, 451.55
    2520,    2580,192.43,1607.9,3178.1,14.546, 164.71, 417.81
    2580,    2640,632.77,2206.2,3896.2,40.966, 218.56, 489.62
    2640,    2700,215.79,1444.7,3103.8,15.947, 150.02, 410.38
    2700,    2760,96.537,1124.1,2522,8.7922, 121.17, 352.2
    2760,    2820,103.29,1285.5,2581.3,9.1977, 135.7, 358.13
    2820,    2880,87.793,979.8,2366.6,8.2676, 108.18, 336.66
    2880,    2940,81.385,901.64,2192.1,7.8831, 101.15, 319.21
    2940,    3000,90.972,961.68,2237.5,8.4583, 106.55, 323.75
    3000,    3060,79.273,924.04,2192.6,7.7564, 103.16, 319.26
    3060,    3120,72.994,866.47,2166.9,7.3796, 97.982, 316.69
    3120,    3180,65.956,784.88,1920.9,6.9573, 90.639, 292.09
    3180,    3240,64.363,916.05,2210.7,6.8618, 102.44, 321.07
    3240,    3300,64.538,817.77,1977.1,6.8723, 93.6, 297.71
    3300,    3360,69.572,844.59,2067.3,7.1743, 96.013, 306.73
    3360,    3420,79.855,944.7,2189.2,7.7913, 105.02, 318.92
    3420,    3480,97.489,907.33,2123.2,8.8493, 101.66, 312.32
    3480,    3540,879.29,5008,5208.1,55.757, 470.72, 620.81
    3540,    3600,-9999,-9999,-9999,-9999, -9999, -9999
    3600,    3660,-9999,-9999,-9999,-9999, -9999, -9999
    3660,    3720,-9999,-9999,-9999,-9999, -9999, -9999
    3720,    3780,-9999,-9999,-9999,-9999, -9999, -9999
    3780,    3840,-9999,-9999,-9999,-9999, -9999, -9999
    3840,    3900,-9999,-9999,-9999,-9999, -9999, -9999
    3900,    3960,-9999,-9999,-9999,-9999, -9999, -9999
    3960,    4020,341.81,1880.6,2324.5,23.509, 189.26, 332.45
    4020,    4080,161.44,1549.5,2697.4,12.686, 159.46, 369.74
    4080,    4140,258.84,1594.8,2637.8,18.531, 163.53, 363.78
    4140,    4200,75.975,928.03,2256.9,7.5585, 103.52, 325.69
    4200,    4260,70.069,775.47,1748.7,7.2041, 89.792, 274.87
    4260,    4320,79.956,858.15,1786.8,7.7973, 97.234, 278.68
    4320,    4380,65.103,753.3,1631.3,6.9062, 87.797, 263.13
    4380,    4440,123.95,824.55,1701.3,10.437, 94.209, 270.13
    4440,    4500,105.21,882.58,1819.7,9.3127, 99.432, 281.97
    4500,    4560,141.06,1007.7,1945,11.464, 110.69, 294.5
    4560,    4620,81.745,889.59,1813.3,7.9047, 100.06, 281.33
    4620,    4680,52.098,671.44,1647.4,6.1259, 80.429, 264.74
    4680,    4740,75.267,830.66,1731.4,7.516, 94.759, 273.14
    4740,    4800,142.79,931.01,1824.4,11.567, 103.79, 282.44
    4800,    4860,155.06,1306.4,2392.5,12.304, 137.57, 339.25
    4860,    4920,133.88,1323.7,2441.2,11.033, 139.13, 344.12
    4920,    4980,343.12,1651.7,2587.9,23.587, 168.66, 358.79
    4980,    5040,207.06,1599,2980.3,15.424, 163.91, 398.03
    5040,    5100,216.91,1245.1,2301.1,16.015, 132.06, 330.11
    5100,    5160,110.56,934.93,1839.8,9.6336, 104.14, 283.98
    5160,    5220,140.91,1180.9,2105.2,11.454, 126.28, 310.52
    5220,    5280,175.07,1175.4,1950.6,13.504, 125.78, 295.06
    5280,    5340,207.31,1571,2421.4,15.438, 161.39, 342.14
    5340,    5400,70.025,967.95,1956.1,7.2015, 107.12, 295.61
    5400,    5460,76.22,878.35,1804.1,7.5732, 99.052, 280.41
    5460,    5520,116.16,787.29,1613.9,9.9694, 90.856, 261.39
    5520,    5580,194.99,1182.8,2687.9,14.699, 126.45, 368.79
    5580,    5640,86.914,973.11,2125.7,8.2149, 107.58, 312.57
    5640,    5700,266.16,1294.9,2181.4,18.97, 136.54, 318.14
    5700,    5760,134.71,1034.7,2105,11.083, 113.13, 310.5
    5760,    5820,48.608,691.38,1471.5,5.9165, 82.224, 247.15
    5820,    5880,83.01,865.38,1668.5,7.9806, 97.885, 266.85
    5880,    5940,70.85,837.17,1690,7.251, 95.346, 269
    5940,    6000,227.16,1191.4,2112,16.63, 127.23, 311.2
    6000,    6060,507.56,1911.9,3154.3,33.453, 192.07, 415.43
    6060,    6120,120.74,1397.6,2643.4,10.244, 145.79, 364.34
    6120,    6180,257.19,1385.5,2549.5,18.432, 144.69, 354.95
    6180,    6240,337.92,2260.6,3671.6,23.275, 223.46, 467.16
    6240,    6300,144.25,1510.3,3002.2,11.655, 155.93, 400.22
    6300,    6360,177.36,1878,3192.5,13.642, 189.02, 419.25
    6360,    6420,52.83,874.46,1966.7,6.1698, 98.701, 296.67
    6420,    6480,43.881,702.56,1432.1,5.6329, 83.23, 243.21
    6480,    6540,54.796,822.47,1650,6.2878, 94.022, 265
    6540,    6600,133.94,1048.9,1558.5,11.036, 114.4, 255.85
    6600,    6660,180.29,1481.7,2639.5,13.818, 153.35, 363.95
    6660,    6720,110.54,1201.4,1986.5,9.6323, 128.13, 298.65
    6720,    6780,162.23,1749.2,2709.3,12.734, 177.43, 370.93
    6780,    6840,95.03,1042.3,2138,8.7018, 113.81, 313.8
    6840,    6900,48.778,981.33,1818.5,5.9267, 108.32, 281.85
    6900,    6960,87.449,1216,1953.4,8.2469, 129.44, 295.34
    6960,    7020,107.77,1501.2,2517.8,9.4664, 155.11, 351.78
    7020,    7080,49.949,1013.8,1828.8,5.9969, 111.24, 282.88
    7080,    7140,198.15,1629.3,2380.8,14.889, 166.64, 338.08
    7140,    7200,151.77,1916.1,3104.9,12.106, 192.45, 410.49
    7200,    7260,56.397,1255.6,2284.1,6.3838, 133.01, 328.41
    7260,    7320,78.128,1457.1,2187.1,7.6877, 151.14, 318.71
    7320,    7380,62.722,1325.4,2425.8,6.7633, 139.29, 342.58
    7380,    7440,120.98,1775.4,2676.9,10.259, 179.78, 367.69
    7440,    7500,65.402,1459.2,2465.7,6.9241, 151.32, 346.57
    7500,    7560,79.32,1131.5,1862.5,7.7592, 121.84, 286.25
    7560,    7620,121.93,1681.1,2454.7,10.316, 171.3, 345.47
    7620,    7680,112.25,1699.2,2683.2,9.7353, 172.93, 368.32
    7680,    7740,36.12,1033.6,1802.1,5.1672, 113.03, 280.21
    7740,    7800,38.723,979.32,1776.4,5.3234, 108.14, 277.64
    7800,    7860,69.081,1442.4,2076.4,7.1449, 149.82, 307.64
    7860,    7920,56.363,1267.3,2151.8,6.3818, 134.06, 315.18
    7920,    7980,53.952,1222.5,2081.4,6.2371, 130.03, 308.14
    7980,    8040,41.303,1064.8,1879.8,5.4782, 115.83, 287.98
    8040,    8100,55.833,1074.6,1802.3,6.35, 116.71, 280.23
    8100,    8160,81.143,1593.3,2187,7.8686, 163.4, 318.7
    8160,    8220,187.87,1863.3,2938,14.272, 187.7, 393.8
    8220,    8280,288.17,2955.6,3679.7,20.29, 286, 467.97
    8280,    8340,68.365,1499.8,2997.1,7.1019, 154.98, 399.71
    8340,    8400,53.035,1435.4,2242.2,6.1821, 149.19, 324.22
    8400,    8460,169.61,1853.6,2703.9,13.176, 186.83, 370.39
    8460,    8520,125.72,2461.1,3618.3,10.543, 241.5, 461.83
    8520,    8580,49.138,1540.8,2743.9,5.9483, 158.67, 374.39
    8580,    8640,107.04,1807,2644,9.4224, 182.63, 364.4
    8640,    8700,193.63,2323.9,3424.1,14.618, 229.15, 442.41
    8700,    8760,154.37,2013.5,3008.5,12.262, 201.22, 400.85
    8760,    8820,31.665,1211.1,2147,4.8999, 129, 314.7
    8820,    8880,101.2,1421.6,2145.1,9.0721, 147.95, 314.51
    8880,    8940,88.809,1646.3,2468.7,8.3285, 168.17, 346.87
    8940,    9000,135.72,1540.9,2235.6,11.143, 158.69, 323.56
    9000,    9060,417.25,3432.7,4139.5,28.035, 328.95, 513.95
    9060,    9120,177.57,2352.3,4065.7,13.654, 231.71, 506.57
    9120,    9180,164.43,2777,3916,12.866, 269.93, 491.6
    9180,    9240,50.323,1820.7,3417.4,6.0194, 183.86, 441.74
    9240,    9300,94.06,1716.8,2664.6,8.6436, 174.51, 366.46
    9300,    9360,220.95,2829.3,4013.3,16.257, 274.64, 501.33
    9360,    9420,67.766,2089.7,3411.2,7.0659, 208.07, 441.12
    9420,    9480,64.106,1736.6,2746.4,6.8463, 176.29, 374.64
    9480,    9540,59.652,1830.5,2618.8,6.5791, 184.75, 361.88
    9540,    9600,41.596,2106,2803.2,5.4957, 209.54, 380.32
    9600,    9660,28.881,1582.1,2533.8,4.7329, 162.39, 353.38
    9660,    9720,27.526,1539.6,2354.9,4.6516, 158.56, 335.49
    9720,    9780,35.946,1563.7,2359.7,5.1567, 160.73, 335.97
    9780,    9840,75.14,2068.5,2765.6,7.5084, 206.17, 376.56
    9840,    9900,178.01,3126.3,3723.5,13.68, 301.37, 472.35
    9900,    9960,89.356,2869.4,4064.2,8.3614, 278.24, 506.42
    9960,   10020,43.676,2436.5,3739.4,5.6206, 239.29, 473.94
   10020,   10080,101.24,2801.8,3444.7,9.0747, 272.17, 444.47
   10080,   10140,69.482,2315.1,3593,7.1689, 228.36, 459.3
   10140,   10200,101.03,2205.5,3142.2,9.0615, 218.49, 414.22
   10200,   10260,81.068,2250.2,3682.9,7.8641, 222.52, 468.29
   10260,   10320,38.732,2027,2918.5,5.3239, 202.43, 391.85
   10320,   10380,61.917,2212.6,2928.3,6.715, 219.14, 392.83
   10380,   10440,36.171,1494.6,2401.8,5.1703, 154.51, 340.18
   10440,   10500,44.17,1571.8,2355.5,5.6502, 161.46, 335.55
   10500,   10560,59.573,1659.9,2533.4,6.5744, 169.39, 353.34
   10560,   10620,46.305,1560.4,2331,5.7783, 160.44, 333.1
   10620,   10680,256.48,2878,3230.6,18.389, 279.02, 423.06
   10680,   10740,130.47,3032.5,3941.3,10.828, 292.92, 494.13
   10740,   10800,221.78,3325.5,4362.7,16.307, 319.29, 536.27
   10800,   10860,219.06,4048.4,5194.5,16.144, 384.35, 619.45
   10860,   10920,85.711,2436.5,3519.4,8.1426, 239.29, 451.94
   10920,   10980,94.17,2686.9,3484.8,8.6502, 261.82, 448.48
   10980,   11040,374.39,3390.3,4000.6,25.464, 325.13, 500.06
   11040,   11100,159.82,3059.4,4540.5,12.589, 295.34, 554.05
   11100,   11160,59.93,2429.7,4290.8,6.5958, 238.67, 529.08
   11160,   11220,24.483,1973.8,3092.6,4.469, 197.64, 409.26
   11220,   11280,58.094,1794,2589,6.4856, 181.46, 358.9
   11280,   11340,102.12,2293.3,3197.9,9.1273, 226.4, 419.79
   11340,   11400,264.94,2731.8,3768.5,18.896, 265.86, 476.85
   11400,   11460,32.737,1659.1,2923.2,4.9642, 169.32, 392.32
   11460,   11520,25.483,1992.3,2468.6,4.529, 199.31, 346.86
   11520,   11580,-9999,-9999,-9999,-9999, -9999, -9999
   11580,   11640,-9999,-9999,-9999,-9999, -9999, -9999
   11640,   11700,-9999,-9999,-9999,-9999, -9999, -9999
   11700,   11760,-9999,-9999,-9999,-9999, -9999, -9999
   11760,   11820,-9999,-9999,-9999,-9999, -9999, -9999
   11820,   11880,-9999,-9999,-9999,-9999, -9999, -9999
   11880,   11940,-9999,-9999,-9999,-9999, -9999, -9999
   11940,   12000,37.831,1610.7,2554.9,5.2698, 164.96, 355.49
   12000,   12060,19.078,1324.9,2197,4.1447, 139.24, 319.7
   12060,   12120,27.854,1308.7,2025.4,4.6713, 137.79, 302.54
   12120,   12180,48.622,1471.6,2286.9,5.9173, 152.44, 328.69
   12180,   12240,38.949,1351.2,2117.6,5.3369, 141.61, 311.76
   12240,   12300,38.113,1479.2,2307.9,5.2868, 153.13, 330.79
   12300,   12360,73.609,1507.7,2280.1,7.4165, 155.69, 328.01
   12360,   12420,69.575,1405.9,2218.9,7.1745, 146.53, 321.89
   12420,   12480,61.988,1518,2711.3,6.7193, 156.62, 371.13
   12480,   12540,20.346,1298.6,2154.2,4.2208, 136.87, 315.42
   12540,   12600,29.413,1283.7,2135.3,4.7648, 135.53, 313.53
   12600,   12660,44.981,1198.1,1885.6,5.6989, 127.83, 288.56
   12660,   12720,85.438,1472.6,2305.8,8.1263, 152.53, 330.58
   12720,   12780,99.407,1473.1,2213.2,8.9644, 152.58, 321.32
   12780,   12840,448.79,2672.5,3012,29.928, 260.52, 401.2
   12840,   12900,148.97,2971.5,4049.6,11.938, 287.44, 504.96
   12900,   12960,43.156,1467.6,2931,5.5893, 152.08, 393.1
   12960,   13020,31.585,1306.1,2116,4.8951, 137.55, 311.6
   13020,   13080,214.87,1923.2,2597.6,15.892, 193.09, 359.76
   13080,   13140,170.36,2178.9,3306.2,13.222, 216.1, 430.62
   13140,   13200,144.9,2038.1,2759,11.694, 203.43, 375.9
   13200,   13260,182.87,2305.2,3448.3,13.972, 227.47, 444.83
   13260,   13320,193.6,3301.5,4162.5,14.616, 317.14, 516.25
   13320,   13380,273.87,2139.1,3709,19.432, 212.52, 470.9
   13380,   13440,94.117,1865.6,2981.6,8.647, 187.91, 398.16
   13440,   13500,37.148,1293.3,2173,5.2289, 136.4, 317.3
   13500,   13560,91.392,1453.5,2213.1,8.4835, 150.82, 321.31
   13560,   13620,31.051,1156.9,2043,4.8631, 124.12, 304.3
   13620,   13680,80.577,1524.5,2321.6,7.8346, 157.21, 332.16
   13680,   13740,26.458,1238.9,2224.9,4.5875, 131.51, 322.49
   13740,   13800,49.275,1260.1,2043.6,5.9565, 133.41, 304.36
   13800,   13860,160.23,1863.3,2593.6,12.614, 187.7, 359.36
   13860,   13920,123.41,1947.6,3100.1,10.405, 195.28, 410.01
   13920,   13980,52.989,1353.7,2337.1,6.1794, 141.83, 333.71
   13980,   14040,61.94,1175.6,2153.3,6.7164, 125.81, 315.33
   14040,   14100,102.9,1289.9,2213,9.1737, 136.1, 321.3
   14100,   14160,18.571,1088,1904.6,4.1143, 117.92, 290.46
   14160,   14220,23.124,1122,1773.3,4.3875, 120.98, 277.33
   14220,   14280,63.417,1233.1,1915,6.805, 130.98, 291.5
   14280,   14340,57.303,1324.9,2091.3,6.4382, 139.24, 309.13
   14340,   14400,517.69,2611,3697.5,34.061, 254.99, 469.75
   14400,   14460,138.92,1966.9,3553,11.335, 197.02, 455.3
   14460,   14520,440.84,1797.9,3094.6,29.451, 181.81, 409.46
   14520,   14580,61.681,1351.6,2325.4,6.7008, 141.64, 332.54
   14580,   14640,23.511,1024.9,1903.3,4.4107, 112.24, 290.33
   14640,   14700,84.855,1203.4,1989.8,8.0913, 128.31, 298.98
   14700,   14760,30.688,1178.2,1883.5,4.8413, 126.04, 288.35
   14760,   14820,140.28,1374.5,1876.3,11.417, 143.71, 287.63
   14820,   14880,331.73,2665.2,3369.1,22.904, 259.87, 436.91
   14880,   14940,83.332,1866.2,3141.9,7.9999, 187.96, 414.19
   14940,   15000,410.59,2292.6,3050.3,27.635, 226.33, 405.03
   15000,   15060,1570.9,3506.5,6437.3,97.252, 335.58, 743.73
   15060,   15120,60.171,1404.9,2526.6,6.6103, 146.44, 352.66
   15120,   15180,37.845,1226.8,2152.6,5.2707, 130.41, 315.26
   15180,   15240,47.532,1090,1803.2,5.8519, 118.1, 280.32
   15240,   15300,133.33,1160.9,1889.3,11, 124.48, 288.93
   15300,   15360,59.879,1027,1809.2,6.5927, 112.43, 280.92
   15360,   15420,54.485,1103.5,1838.1,6.2691, 119.31, 283.81
   15420,   15480,34.764,896.99,1592.4,5.0859, 100.73, 259.24
   15480,   15540,21.528,809.28,1488.9,4.2917, 92.835, 248.89
   15540,   15600,463.38,1812.6,2725.2,30.803, 183.13, 372.52
   15600,   15660,85.888,1305.9,2227.4,8.1533, 137.53, 322.74
   15660,   15720,234.2,1530.6,2184.4,17.052, 157.75, 318.44
