CampaignData_and_Merges/R0/CSL_MobileLab_Parked/raw/20240722/USOS-POPS_MobileLabGround_20240722_R0.ict
78, 1001
Thornberry, T. D.
NOAA Chemical Sciences Laboratory
Portable Optical Particle Spectrometer (POPS)
USOS
1, 1
2024, 07, 22, 2025, 05, 08
60
Time_Start, seconds_past_midnight, Start time of measurement
45
1, 1, 1, 1, 1, 1, 1, 1, 1, 1, 1, 1, 1, 1, 1, 1, 1, 1, 1, 1, 1, 1, 1, 1, 1, 1, 1, 1, 1, 1, 1, 1, 1, 1, 1, 1, 1, 1, 1, 1, 1, 1, 1, 1, 1
-9999, -9999, -9999, -9999, -9999, -9999, -9999, -9999, -9999, -9999, -9999, -9999, -9999, -9999, -9999, -9999, -9999, -9999, -9999, -9999, -9999, -9999, -9999, -9999, -9999, -9999, -9999, -9999, -9999, -9999, -9999, -9999, -9999, -9999, -9999, -9999, -9999, -9999, -9999, -9999, -9999, -9999, -9999, -9999, -9999
Time_Stop, seconds_past_midnight, Stop time of measurement
Time_Mid, seconds_past_midnight, Mid time of measurement
Press_mb, mb, Pressure reported (mb)
Temp_C, degrees C, POPS temperature measurement
Aerosol_concentration, cm^-3, Aerosol concentration
Surface_Area_Conc, um^2 cm^-3, Surface area concentration
Volume_density, um^3 cm^-3, Volume density
Effective_radius, um, Effective radius
Extinction, km^-1, Extinction
Bin01, cm^-3, particle concentration in size range [1401 - 146.3 nm]
Bin02, cm^-3, particle concentration in size range [146.3 - 152.8 nm]
Bin03, cm^-3, particle concentration in size range [152.8 - 159.6 nm]
Bin04, cm^-3, particle concentration in size range [159.6 - 166.8 nm]
Bin05, cm^-3, particle concentration in size range [166.8 - 174.2 nm]
Bin06, cm^-3, particle concentration in size range [174.2 - 181.9 nm]
Bin07, cm^-3, particle concentration in size range [181.9 - 190.0 nm]
Bin08, cm^-3, particle concentration in size range [190.0 - 198.5 nm]
Bin09, cm^-3, particle concentration in size range [198.5 - 207.4 nm]
Bin10, cm^-3, particle concentration in size range [207.4 - 216.6 nm]
Bin11, cm^-3, particle concentration in size range [216.6 - 226.2 nm]
Bin12, cm^-3, particle concentration in size range [226.2 - 236.3 nm]
Bin13, cm^-3, particle concentration in size range [236.3 - 246.8 nm]
Bin14, cm^-3, particle concentration in size range [246.8 - 257.8 nm]
Bin15, cm^-3, particle concentration in size range [257.8 - 269.3 nm]
Bin16, cm^-3, particle concentration in size range [269.3 - 343.4 nm]
Bin17, cm^-3, particle concentration in size range [343.4 - 450.7 nm]
Bin18, cm^-3, particle concentration in size range [450.7 - 525.9 nm]
Bin19, cm^-3, particle concentration in size range [525.9 - 618.5 nm]
Bin20, cm^-3, particle concentration in size range [618.5 - 710.0 nm]
Bin21, cm^-3, particle concentration in size range [710.0 - 822.7 nm]
Bin22, cm^-3, particle concentration in size range [822.7 - 885.9 nm]
Bin23, cm^-3, particle concentration in size range [885.9 - 953.9 nm]
Bin24, cm^-3, particle concentration in size range [953.9 - 1027.2 nm]
Bin25, cm^-3, particle concentration in size range [1027.2 - 1106.1 nm]
Bin26, cm^-3, particle concentration in size range [1106.1 - 1191.0 nm]
Bin27, cm^-3, particle concentration in size range [1191.0 - 1282.5 nm]
Bin28, cm^-3, particle concentration in size range [1282.5 - 1381.0 nm]
Bin29, cm^-3, particle concentration in size range [1381.0 - 1487.1 nm]
Bin30, cm^-3, particle concentration in size range [1487.1 - 1601.3 nm]
Bin31, cm^-3, particle concentration in size range [1601.3 - 1724.3 nm]
[...]
PLATFORM: NOAA CSL Mobile Lab
LOCATION: USOS
ASSOCIATED_DATA: N/A
INSTRUMENT_INFO: Printed Optical Particle Spectrometer counts particles from 140 - 2500 nm in diameter 
DATA_INFO: Particle concentrations reported in number per cubic centimeter,1 Hz data
UNCERTAINTY: Counting uncertainty dominated by air flow, less than 5 percent. Measurement range is ~0 - 3000 per cm3 (varies depending on flow rate- manufacturer quotes 1250 per cm3 at 1.667 cc/s)
ULOD_FLAG: -7777
ULOD_VALUE: N/A
LLOD_FLAG: -8888
LLOD_VALUE: N/A
DM_CONTACT_INFO: Troy Thornberry, 325 Broadway R/CSL6, Boulder, CO 80305; troy.thornberry@noaa.gov; 303-497-3373
PROJECT_INFO: USOS, Utah POPS data from NOAA CSL Mobile Lab
STIPULATIONS_ON_USE: Please contact the PIs for questions regarding applications and uncertainties
OTHER_COMMENTS: POPS bin Edges (nm):  140.1, 146.3, 152.8, 159.6, 166.8, 174.2, 181.9, 190.0, 198.5, 207.4, 216.6, 226.2, 236.3, 246.8, 257.8, 269.3, 343.4, 450.7, 525.9, 618.5, 710.0, 822.7, 885.9, 953.9, 1027.2, 1106.1, 1191.0, 1282.5, 1381.0, 1487.1, 1601.3, 1724.3, 1856.7, 1999.3, 2152.8, 2318.2, 2496.2
Calculations assume organic aerosol refractive index of 1.52+0.00j and extinction wavelength = 532 nm
REVISION: R0
R0: Final data
Time_Start, Time_Stop, Time_Mid, Press_mb, Temp_C, Aerosol_concentration, Surface_Area_Conc, Volume_density, Effective_radius, Extinction, Bin01, Bin02, Bin03, Bin04, Bin05, Bin06, Bin07, Bin08, Bin09, Bin10, Bin11, Bin12, Bin13, Bin14, Bin15, Bin16, Bin17, Bin18, Bin19, Bin20, Bin21, Bin22, Bin23, Bin24, Bin25, Bin26, Bin27, Bin28, Bin29, Bin30, Bin31, Bin32, Bin33, Bin34, Bin35, Bin36
[from data line 1021]
61260,61319,61290,873.387,32.435,518.376,104.860,5.776,0.165,0.037,26.855217,26.234104,25.378294,24.332272,24.816858,24.770115,24.168009,24.038370,23.551420,23.499065,25.052950,26.609608,27.891174,28.130718,24.558626,92.672691,34.101669,8.197104,2.486897,0.357161,0.195007,0.097650,0.075258,0.057643,0.034897,0.034845,0.017510,0.028516,0.017523,0.005672,0.045924,0.017226,0.011572,0.011642,0.005672,0.016948
61320,61379,61350,873.386,32.731,499.664,102.357,5.644,0.165,0.037,23.141956,23.039379,23.254301,23.416662,23.780531,23.185396,23.136589,23.660395,23.265608,24.292658,24.302885,26.070669,26.896591,27.774141,24.107517,91.503891,33.407017,7.852994,2.600020,0.244639,0.232360,0.123034,0.077270,0.055482,0.033422,0.033149,0.010929,0.043716,0.011167,0.021720,0.021921,0.010788,0.022132,0.011186,0.005376,0.016577
61380,61439,61410,873.341,32.755,516.772,104.946,5.804,0.166,0.037,25.304882,24.552946,23.652502,24.066998,24.628746,24.404779,24.743721,24.299902,24.316629,24.254045,25.189831,27.491995,28.182262,28.462370,24.886656,93.251823,33.481903,8.049540,2.475251,0.368157,0.233532,0.072630,0.105354,0.044920,0.027652,0.033430,0.022228,0.027618,0.011148,0.027821,0.033524,0.022548,0.005464,0.011039,0.016506,0.011093
61440,61499,61470,873.329,32.842,517.625,104.627,5.849,0.167,0.037,27.151136,26.194551,24.728960,25.309410,25.413092,24.658363,23.792591,23.897673,23.803005,23.755178,25.519693,26.580400,26.979101,27.345732,24.634228,92.843376,33.099716,8.311924,2.530896,0.352120,0.270798,0.108712,0.051391,0.046059,0.011513,0.022870,0.017436,0.023099,0.034225,0.028737,0.034566,0.028233,0.005845,0.017377,0.000000,0.022934
61500,61559,61530,873.308,33.051,504.506,103.078,5.740,0.166,0.037,24.752661,23.477289,22.685293,24.077547,23.444910,24.207205,23.542986,23.183760,23.750906,23.883327,24.655329,26.603363,28.354486,27.355494,24.683323,90.916992,33.478012,8.009851,2.332554,0.408375,0.232417,0.077700,0.077059,0.033060,0.044072,0.044708,0.010983,0.027678,0.011148,0.027640,0.038479,0.016648,0.021972,0.022431,0.005501,0.011282
61560,61619,61590,873.310,33.288,503.710,102.781,5.570,0.162,0.037,22.486498,23.343355,23.297564,23.573177,23.464199,23.578167,24.013063,24.211281,23.940018,24.190615,24.555050,26.577135,27.935474,27.893358,23.862839,91.820900,33.318459,8.042978,2.592106,0.417505,0.185791,0.084532,0.067774,0.044416,0.056256,0.011362,0.011188,0.011018,0.016681,0.017121,0.033742,0.011281,0.034349,0.000000,0.005503,0.005503
61620,61679,61650,873.331,33.684,503.342,103.620,5.789,0.167,0.037,23.638149,22.643372,22.916222,23.209484,24.175205,24.013231,23.177324,23.815905,23.762600,23.815901,25.075294,26.203053,27.229240,27.083294,24.153564,92.947350,33.628086,8.175487,2.542523,0.337872,0.294812,0.084751,0.101989,0.045163,0.073436,0.016902,0.011340,0.005726,0.022695,0.028492,0.034234,0.022669,0.028291,0.016916,0.000000,0.011030
61680,61739,61710,873.323,33.990,508.220,103.702,5.898,0.170,0.037,25.691795,24.650370,24.088499,23.994158,24.066233,24.128254,23.749907,24.048651,23.521734,24.177038,24.611403,26.243147,27.545235,27.838022,23.585051,91.634064,33.240353,7.855151,2.381282,0.371104,0.253199,0.101360,0.033054,0.049828,0.056686,0.016856,0.056141,0.028422,0.045408,0.033820,0.039106,0.022652,0.000000,0.039532,0.011098,0.011442
61740,61799,61770,873.312,33.940,513.370,106.929,6.616,0.185,0.039,24.046881,23.574472,24.262032,24.179596,24.771843,24.693947,24.563871,24.477077,23.542564,23.803188,25.334169,26.252344,28.649981,28.449083,24.319937,93.034668,33.368172,8.196852,2.656002,0.217172,0.238707,0.082801,0.122257,0.060739,0.044713,0.039124,0.044333,0.011023,0.027419,0.049936,0.088561,0.038649,0.021929,0.016710,0.044793,0.044535
61800,61859,61830,873.287,33.931,502.407,104.516,6.348,0.181,0.038,23.277082,22.763624,22.867142,23.496876,23.700415,24.466484,23.661730,23.628151,23.178516,23.767515,24.515434,26.774700,27.386234,27.875891,24.286261,91.801178,33.338516,7.983754,2.486980,0.364366,0.193221,0.099178,0.055689,0.044146,0.055414,0.038595,0.032586,0.010948,0.011075,0.010983,0.072752,0.033709,0.022493,0.022227,0.027661,0.055309
61860,61919,61890,873.277,33.987,499.038,101.979,5.586,0.164,0.036,23.064077,22.713303,23.280731,22.664953,24.036480,23.471548,23.851021,24.120461,23.163395,24.384989,24.256174,25.425508,27.405142,27.678209,24.241512,90.679291,33.156391,7.897540,2.448832,0.321062,0.270322,0.115744,0.099401,0.055051,0.016529,0.032933,0.033100,0.011056,0.027026,0.055736,0.016324,0.022224,0.005291,0.005556,0.005308,0.005519
61920,61979,61950,873.283,34.056,601.781,111.671,5.979,0.160,0.037,45.195820,40.652981,37.056419,33.860195,32.830338,30.355339,29.099075,27.169651,26.654194,26.228386,26.555407,27.028645,28.106342,28.436705,25.022877,93.233269,32.765255,7.853680,2.651582,0.292280,0.217955,0.126463,0.102536,0.045833,0.034038,0.057358,0.005825,0.028444,0.000000,0.022429,0.011519,0.023025,0.023050,0.005634,0.005491,0.023069
61980,62039,62010,873.261,34.243,562.010,107.588,5.774,0.161,0.037,38.447487,34.465668,31.262926,29.947533,28.339474,28.340277,26.510651,26.080254,25.914278,24.506483,24.829836,26.870701,27.784172,27.178965,24.424221,92.407318,33.358723,7.802687,2.572324,0.356873,0.244906,0.073797,0.062374,0.062367,0.011319,0.017063,0.011114,0.000000,0.011116,0.022802,0.011281,0.005688,0.028537,0.011635,0.011610,0.023120
62040,62099,62070,873.278,34.424,505.306,101.959,5.425,0.159,0.036,24.372976,24.046816,22.749891,23.595404,24.348112,24.861475,24.022779,24.104107,23.699535,23.749031,24.493729,27.137228,27.293415,27.504335,23.752621,91.447525,33.206448,7.641586,2.311028,0.305771,0.195240,0.133402,0.076911,0.066537,0.045510,0.022034,0.016597,0.011283,0.016467,0.022022,0.016892,0.000000,0.011167,0.016764,0.005556,0.005556
62100,62159,62130,873.274,34.589,497.557,101.569,5.653,0.167,0.036,23.013584,23.444084,22.509071,23.228884,23.968002,23.743153,23.150888,23.125458,23.267946,23.602716,25.081436,26.455950,27.156317,27.962639,24.211172,89.822136,32.404865,7.722414,2.576307,0.342719,0.215083,0.138798,0.055247,0.066254,0.060460,0.016345,0.044604,0.033046,0.022042,0.027201,0.027598,0.044100,0.011038,0.000000,0.000000,0.005501
62160,62219,62190,873.274,34.701,494.936,101.008,5.423,0.161,0.036,22.053810,23.021650,22.340439,22.691610,23.543211,23.207775,22.984547,23.803354,23.481022,23.877245,24.621811,26.503666,26.725939,27.617641,24.243183,90.069992,32.484127,8.117427,2.565551,0.253916,0.291187,0.127060,0.044277,0.077342,0.022132,0.027417,0.033024,0.016455,0.005631,0.033238,0.022418,0.010996,0.005537,0.000000,0.000000,0.011300
62220,62279,62250,873.258,34.768,491.807,100.377,5.575,0.166,0.036,22.664316,22.843372,21.862768,23.042070,23.074131,24.091860,23.374443,23.997923,22.955221,23.365742,23.235725,25.880983,26.786907,27.176998,24.438602,90.136871,31.832453,7.729807,2.364411,0.315730,0.203112,0.039510,0.055849,0.062233,0.051338,0.016582,0.016961,0.027562,0.022404,0.039527,0.033675,0.016828,0.016639,0.017011,0.000000,0.017256
62280,62339,62310,873.246,34.824,490.609,99.471,5.387,0.162,0.035,22.588238,22.497047,21.996572,23.096735,23.445044,23.885262,23.143831,23.286119,22.820127,23.265343,25.089359,26.266962,26.679985,26.958910,23.712215,88.892937,31.977831,7.638326,2.502316,0.357510,0.171586,0.111079,0.027531,0.038463,0.011093,0.021847,0.005376,0.011320,0.016420,0.005708,0.033225,0.011045,0.010947,0.005519,0.011019,0.016447
62340,62399,62370,873.231,34.866,487.369,98.913,5.339,0.161,0.035,21.948990,22.564663,22.712469,22.923908,23.549433,22.911182,22.477467,22.955826,23.260397,23.344793,24.511124,25.429718,26.978117,26.940174,23.497236,89.287598,31.337450,7.299483,2.425724,0.384573,0.203552,0.060146,0.098727,0.044524,0.033117,0.044861,0.027388,0.010840,0.022468,0.011057,0.027400,0.005574,0.022410,0.000000,0.000000,0.016652
62400,62459,62430,873.205,34.980,493.623,100.322,5.492,0.164,0.035,22.618641,22.239750,22.486816,23.007502,23.682545,24.035006,22.994108,23.583435,23.794800,23.014875,24.156420,26.728317,27.731514,27.325222,24.055756,89.209618,32.082180,7.447498,2.428547,0.282052,0.243316,0.119432,0.078097,0.051126,0.045578,0.033727,0.022465,0.028496,0.011225,0.022546,0.011281,0.011531,0.000000,0.000000,0.011169,0.028132
62460,62519,62490,-9999.000,-9999.000,-9999.000,-9999.000,-9999.000,-9999.000,-9999.000,-9999.000000,-9999.000000,-9999.000000,-9999.000000,-9999.000000,-9999.000000,-9999.000000,-9999.000000,-9999.000000,-9999.000000,-9999.000000,-9999.000000,-9999.000000,-9999.000000,-9999.000000,-9999.000000,-9999.000000,-9999.000000,-9999.000000,-9999.000000,-9999.000000,-9999.000000,-9999.000000,-9999.000000,-9999.000000,-9999.000000,-9999.000000,-9999.000000,-9999.000000,-9999.000000,-9999.000000,-9999.000000,-9999.000000,-9999.000000,-9999.000000,-9999.000000
62520,62579,62550,-9999.000,-9999.000,-9999.000,-9999.000,-9999.000,-9999.000,-9999.000,-9999.000000,-9999.000000,-9999.000000,-9999.000000,-9999.000000,-9999.000000,-9999.000000,-9999.000000,-9999.000000,-9999.000000,-9999.000000,-9999.000000,-9999.000000,-9999.000000,-9999.000000,-9999.000000,-9999.000000,-9999.000000,-9999.000000,-9999.000000,-9999.000000,-9999.000000,-9999.000000,-9999.000000,-9999.000000,-9999.000000,-9999.000000,-9999.000000,-9999.000000,-9999.000000,-9999.000000,-9999.000000,-9999.000000,-9999.000000,-9999.000000,-9999.000000
62580,62639,62610,-9999.000,-9999.000,-9999.000,-9999.000,-9999.000,-9999.000,-9999.000,-9999.000000,-9999.000000,-9999.000000,-9999.000000,-9999.000000,-9999.000000,-9999.000000,-9999.000000,-9999.000000,-9999.000000,-9999.000000,-9999.000000,-9999.000000,-9999.000000,-9999.000000,-9999.000000,-9999.000000,-9999.000000,-9999.000000,-9999.000000,-9999.000000,-9999.000000,-9999.000000,-9999.000000,-9999.000000,-9999.000000,-9999.000000,-9999.000000,-9999.000000,-9999.000000,-9999.000000,-9999.000000,-9999.000000,-9999.000000,-9999.000000,-9999.000000
62640,62699,62670,-9999.000,-9999.000,-9999.000,-9999.000,-9999.000,-9999.000,-9999.000,-9999.000000,-9999.000000,-9999.000000,-9999.000000,-9999.000000,-9999.000000,-9999.000000,-9999.000000,-9999.000000,-9999.000000,-9999.000000,-9999.000000,-9999.000000,-9999.000000,-9999.000000,-9999.000000,-9999.000000,-9999.000000,-9999.000000,-9999.000000,-9999.000000,-9999.000000,-9999.000000,-9999.000000,-9999.000000,-9999.000000,-9999.000000,-9999.000000,-9999.000000,-9999.000000,-9999.000000,-9999.000000,-9999.000000,-9999.000000,-9999.000000,-9999.000000
62700,62759,62730,-9999.000,-9999.000,-9999.000,-9999.000,-9999.000,-9999.000,-9999.000,-9999.000000,-9999.000000,-9999.000000,-9999.000000,-9999.000000,-9999.000000,-9999.000000,-9999.000000,-9999.000000,-9999.000000,-9999.000000,-9999.000000,-9999.000000,-9999.000000,-9999.000000,-9999.000000,-9999.000000,-9999.000000,-9999.000000,-9999.000000,-9999.000000,-9999.000000,-9999.000000,-9999.000000,-9999.000000,-9999.000000,-9999.000000,-9999.000000,-9999.000000,-9999.000000,-9999.000000,-9999.000000,-9999.000000,-9999.000000,-9999.000000,-9999.000000
62760,62819,62790,-9999.000,-9999.000,-9999.000,-9999.000,-9999.000,-9999.000,-9999.000,-9999.000000,-9999.000000,-9999.000000,-9999.000000,-9999.000000,-9999.000000,-9999.000000,-9999.000000,-9999.000000,-9999.000000,-9999.000000,-9999.000000,-9999.000000,-9999.000000,-9999.000000,-9999.000000,-9999.000000,-9999.000000,-9999.000000,-9999.000000,-9999.000000,-9999.000000,-9999.000000,-9999.000000,-9999.000000,-9999.000000,-9999.000000,-9999.000000,-9999.000000,-9999.000000,-9999.000000,-9999.000000,-9999.000000,-9999.000000,-9999.000000,-9999.000000
62820,62879,62850,-9999.000,-9999.000,-9999.000,-9999.000,-9999.000,-9999.000,-9999.000,-9999.000000,-9999.000000,-9999.000000,-9999.000000,-9999.000000,-9999.000000,-9999.000000,-9999.000000,-9999.000000,-9999.000000,-9999.000000,-9999.000000,-9999.000000,-9999.000000,-9999.000000,-9999.000000,-9999.000000,-9999.000000,-9999.000000,-9999.000000,-9999.000000,-9999.000000,-9999.000000,-9999.000000,-9999.000000,-9999.000000,-9999.000000,-9999.000000,-9999.000000,-9999.000000,-9999.000000,-9999.000000,-9999.000000,-9999.000000,-9999.000000,-9999.000000
62880,62939,62910,-9999.000,-9999.000,-9999.000,-9999.000,-9999.000,-9999.000,-9999.000,-9999.000000,-9999.000000,-9999.000000,-9999.000000,-9999.000000,-9999.000000,-9999.000000,-9999.000000,-9999.000000,-9999.000000,-9999.000000,-9999.000000,-9999.000000,-9999.000000,-9999.000000,-9999.000000,-9999.000000,-9999.000000,-9999.000000,-9999.000000,-9999.000000,-9999.000000,-9999.000000,-9999.000000,-9999.000000,-9999.000000,-9999.000000,-9999.000000,-9999.000000,-9999.000000,-9999.000000,-9999.000000,-9999.000000,-9999.000000,-9999.000000,-9999.000000
62940,62999,62970,-9999.000,-9999.000,-9999.000,-9999.000,-9999.000,-9999.000,-9999.000,-9999.000000,-9999.000000,-9999.000000,-9999.000000,-9999.000000,-9999.000000,-9999.000000,-9999.000000,-9999.000000,-9999.000000,-9999.000000,-9999.000000,-9999.000000,-9999.000000,-9999.000000,-9999.000000,-9999.000000,-9999.000000,-9999.000000,-9999.000000,-9999.000000,-9999.000000,-9999.000000,-9999.000000,-9999.000000,-9999.000000,-9999.000000,-9999.000000,-9999.000000,-9999.000000,-9999.000000,-9999.000000,-9999.000000,-9999.000000,-9999.000000,-9999.000000
63000,63059,63030,-9999.000,-9999.000,-9999.000,-9999.000,-9999.000,-9999.000,-9999.000,-9999.000000,-9999.000000,-9999.000000,-9999.000000,-9999.000000,-9999.000000,-9999.000000,-9999.000000,-9999.000000,-9999.000000,-9999.000000,-9999.000000,-9999.000000,-9999.000000,-9999.000000,-9999.000000,-9999.000000,-9999.000000,-9999.000000,-9999.000000,-9999.000000,-9999.000000,-9999.000000,-9999.000000,-9999.000000,-9999.000000,-9999.000000,-9999.000000,-9999.000000,-9999.000000,-9999.000000,-9999.000000,-9999.000000,-9999.000000,-9999.000000,-9999.000000
63060,63119,63090,-9999.000,-9999.000,-9999.000,-9999.000,-9999.000,-9999.000,-9999.000,-9999.000000,-9999.000000,-9999.000000,-9999.000000,-9999.000000,-9999.000000,-9999.000000,-9999.000000,-9999.000000,-9999.000000,-9999.000000,-9999.000000,-9999.000000,-9999.000000,-9999.000000,-9999.000000,-9999.000000,-9999.000000,-9999.000000,-9999.000000,-9999.000000,-9999.000000,-9999.000000,-9999.000000,-9999.000000,-9999.000000,-9999.000000,-9999.000000,-9999.000000,-9999.000000,-9999.000000,-9999.000000,-9999.000000,-9999.000000,-9999.000000,-9999.000000
63120,63179,63150,-9999.000,-9999.000,-9999.000,-9999.000,-9999.000,-9999.000,-9999.000,-9999.000000,-9999.000000,-9999.000000,-9999.000000,-9999.000000,-9999.000000,-9999.000000,-9999.000000,-9999.000000,-9999.000000,-9999.000000,-9999.000000,-9999.000000,-9999.000000,-9999.000000,-9999.000000,-9999.000000,-9999.000000,-9999.000000,-9999.000000,-9999.000000,-9999.000000,-9999.000000,-9999.000000,-9999.000000,-9999.000000,-9999.000000,-9999.000000,-9999.000000,-9999.000000,-9999.000000,-9999.000000,-9999.000000,-9999.000000,-9999.000000,-9999.000000
63180,63239,63210,-9999.000,-9999.000,-9999.000,-9999.000,-9999.000,-9999.000,-9999.000,-9999.000000,-9999.000000,-9999.000000,-9999.000000,-9999.000000,-9999.000000,-9999.000000,-9999.000000,-9999.000000,-9999.000000,-9999.000000,-9999.000000,-9999.000000,-9999.000000,-9999.000000,-9999.000000,-9999.000000,-9999.000000,-9999.000000,-9999.000000,-9999.000000,-9999.000000,-9999.000000,-9999.000000,-9999.000000,-9999.000000,-9999.000000,-9999.000000,-9999.000000,-9999.000000,-9999.000000,-9999.000000,-9999.000000,-9999.000000,-9999.000000,-9999.000000
