CampaignData_and_Merges/R0/CSL_MobileLab_Parked/raw/20240722/USOS-PTR_MobileLabGround_20240722_R0.ict
58, 1001
Matthew Coggon, Kelvin Bates, Chelsea Stockwell, Carsten Warneke
NOAA ESRL Chemical Sciences Division
NOAA PTR-ToF-MS
USOS
1,1 
2024, 07, 22, 2025, 09, 19
0
Time_Start, seconds, number of seconds from 00:00 UTC 
22
1, 1, 1, 1, 1, 1, 1, 1, 1, 1, 1, 1, 1, 1, 1, 1, 1, 1, 1, 1, 1, 1
-9999, -9999, -9999, -9999, -9999, -9999, -9999, -9999, -9999, -9999, -9999, -9999, -9999, -9999, -9999, -9999, -9999, -9999, -9999, -9999, -9999, -9999
CH3OH_NOAAPTR_ppbv,  ppbv, Gas_CH3OH_InSitu_S_AVMR, (CH3OH) methanol
CH3CN_NOAAPTR_ppbv,  ppbv, Gas_CH3CN_InSitu_S_AVMR, (CH3CN) acetonitrile
CH3CHO_NOAAPTR_ppbv,  ppbv, Gas_CH3CHO_InSitu_S_AVMR, (CH3CHO) acetaldehyde plus contributions from ethylene glycol and ethylene oxide. Interference from ethanol has been subtracted out.
C2H5OH_NOAAPTR_ppbv,  ppbv, Gas_C2H5OH_InSitu_S_AVMR, (C2H5OH) ethanol
CH3SH_NOAAPTR_ppbv,  ppbv, Gas_CH3SH_InSitu_S_AVMR, (CH3SH) methanethiol, using calibration factor for DMS
Acrolein_NOAAPTR_ppbv,  ppbv, Gas_Acrolein_InSitu_S_AVMR, (C3H4O) acrolein
AcetonePropanal_NOAAPTR_ppbv,  ppbv, Gas_AcetoneAndPropanal_InSitu_S_AVMR, (C3H6O) sum of acetone (dominant isomer) and propanal, using calibration factor for acetone
DMS_NOAAPTR_ppbv,  ppbv, Gas_DMS_InSitu_S_AVMR, (C2H6S) dimethyl sulfide with possible small contributions from ethanethiol
C5H8_NOAAPTR_ppbv,  ppbv, Gas_Isoprene_InSitu_S_AVMR, (C5H8) isoprene and possible fragments from cycloalkanes and aldehydes. Interferences have been subtracted following methods described by Coggon et al (2023)
MVKMAC_NOAAPTR_ppbv,  ppbv, Gas_MVKAndMAC_InSitu_S_AVMR, (C4H6O) sum of methyl vinyl ketone, methacrolein, and small amounts of crotonaldehyde, using weighted calibration factor for MVK (0.637) and MACR (0.363)
Benzene_NOAAPTR_ppbv,  ppbv, Gas_Benzene_InSitu_S_AVMR, (C6H6) benzene
Toluene_NOAAPTR_ppbv,  ppbv, Gas_Toluene_InSitu_S_AVMR, (C7H8) toluene with possible small contributions of fragments from ethyltoluene
Styrene_NOAAPTR_ppbv,  ppbv, Gas_Styrene_InSitu_S_AVMR, (C8H8) styrene
Benzaldehyde_NOAAPTR_ppbv,  ppbv, Gas_Benzaldehyde_InSitu_S_AVMR, (C7H6O) benzaldehyde
C8Aromatics_NOAAPTR_ppbv,  ppbv, Gas_C8Aromatics_InSitu_M_AVMR, (C8H10) sum of m-xylene, p-xylene, o-xylene, and ethyl benzene
C9Aromatics_NOAAPTR_ppbv,  ppbv, Gas_C9Aromatics_InSitu_M_AVMR, (C9H12) sum of C9 aromatics
Naphthalene_NOAAPTR_ppbv,  ppbv, Gas_Naphthalene_InSitu_S_AVMR, (C10H8) naphthalene
Octanal_NOAAPTR_ppbv,  ppbv, Gas_Octanal_InSitu_S_AVMR, (C8H16O) octanal and small amounts of octanone
Monoterpenes_NOAAPTR_ppbv,  ppbv, Gas_Monoterpenes_InSitu_M_AVMR, (C10H16) sum of monoterpenes and possible contributions from fragments of oxygenated monoterpenoids such as eucalyptol.
Nonanal_NOAAPTR_ppbv,  ppbv, Gas_Nonanal_InSitu_M_AVMR, (C9H18O) nonanal and small amounts of nonanone
C7H4ClF3_NOAAPTR_ppbv,  ppbv, Gas_C7H4ClF3_InSitu_S_AVMR, (C7H4ClF3) parachlorobenzotrifluoride
C10H30O5Si5_NOAAPTR_ppbv,  ppbv, Gas_C10H30O5Si5_InSitu_S_AVMR, (C10H30O5Si5) decamethylcyclopentasiloxane
1
SPECIAL COMMENTS:N/A
21
PI_CONTACT_INFO: NOAA ESRL Chemical Sciences Division, Tropospheric Chemistry Group. 325 Broadway, R/CSD7, Boulder, CO 80305
PLATFORM: Mobile Laboratory.
LOCATION: Salt Lake City, UT
ASSOCIATED_DATA: N/A
INSTRUMENT_INFO: NOAA PTR-ToF-MS measurements on NOAA CSL Mobile Lab
DATA_INFO: Units: ppbv
UNCERTAINTY: See OTHER_COMMENTS
ULOD_FLAG: -7777
ULOD_VALUE: N/A
LLOD_FLAG: -8888
LLOD_VALUE: N/A.
DM_CONTACT_INFO: Data Managers: Matt Coggon, Kelvin Bates, Chelsea Stockwell; email: matthew.m.coggon@noaa.gov and kelvin.bates@colorado.edu
PROJECT_INFO: USOS Deployment July-August, 2024
STIPULATIONS_ON_USE: Use of these data require prior OK from PI.
OTHER_COMMENTS: Uncertainties:
CH3OH_NOAAPTR_ppbv:30%; CH3CN_NOAAPTR_ppbv:30%; CH3CHO_NOAAPTR_ppbv:30%; C2H5OH_NOAAPTR_ppbv:30%; CH3SH_NOAAPTR_ppbv:50%; Acrolein_NOAAPTR_ppbv:30%; AcetonePropanal_NOAAPTR_ppbv:30%; DMS_NOAAPTR_ppbv:30%; C5H8_NOAAPTR_ppbv:30%; MVKMAC_NOAAPTR_ppbv:30%; 
Benzene_NOAAPTR_ppbv:30%; Toluene_NOAAPTR_ppbv:30%; Styrene_NOAAPTR_ppbv:30%; Benzaldehyde_NOAAPTR_ppbv:30%; C8Aromatics_NOAAPTR_ppbv:30%; C9Aromatics_NOAAPTR_ppbv:30%; Naphthalene_NOAAPTR_ppbv:30%; Octanal_NOAAPTR_ppbv:30%; Monoterpenes_NOAAPTR_ppbv:30%; Nonanal_NOAAPTR_ppbv:30%; 
C7H4ClF3_NOAAPTR_ppbv:30%; C10H30O5Si5_NOAAPTR_ppbv:30%; 
REVISION: R0
R0: Calibrated PTR Data. See individual species comments for details about measurement uncertainties
Time_Start, CH3OH_NOAAPTR_ppbv, CH3CN_NOAAPTR_ppbv, CH3CHO_NOAAPTR_ppbv, C2H5OH_NOAAPTR_ppbv, CH3SH_NOAAPTR_ppbv, Acrolein_NOAAPTR_ppbv, AcetonePropanal_NOAAPTR_ppbv, DMS_NOAAPTR_ppbv, C5H8_NOAAPTR_ppbv, MVKMAC_NOAAPTR_ppbv, Benzene_NOAAPTR_ppbv, Toluene_NOAAPTR_ppbv, Styrene_NOAAPTR_ppbv, Benzaldehyde_NOAAPTR_ppbv, C8Aromatics_NOAAPTR_ppbv, C9Aromatics_NOAAPTR_ppbv, Naphthalene_NOAAPTR_ppbv, Octanal_NOAAPTR_ppbv, Monoterpenes_NOAAPTR_ppbv, Nonanal_NOAAPTR_ppbv, C7H4ClF3_NOAAPTR_ppbv, C10H30O5Si5_NOAAPTR_ppbv
[from data line 220]
13200.0, 9.21934, 0.30903, 1.10959, 3.24432, 0.00466, 0.19667, 4.81303, 0.00248, 0.77694, 0.32133, 0.06973, 0.15207, 0.01832, -0.00089, 0.07453, 0.04329, 0.00390, 0.00267, 0.12990, 0.02314, -0.00052, 0.00436 
13260.0, 10.30028, 0.31472, 1.19522, 5.18106, 0.00416, 0.18240, 4.95650, 0.00013, 0.88589, 0.35330, 0.10347, 0.19350, 0.00738, -0.00088, 0.12515, 0.06359, 0.00194, 0.02348, 0.17425, 0.03987, 0.00115, 0.00437 
13320.0, 9.23151, 0.29968, 1.18405, 3.60604, 0.00306, 0.21097, 4.87951, 0.01223, 0.85865, 0.33344, 0.05103, 0.15573, 0.00691, -0.00088, 0.06954, 0.04035, -0.00105, 0.01555, 0.15934, 0.02398, 0.00131, 0.00621 
13380.0, 10.18310, 0.29733, 1.23702, 3.31252, 0.00393, 0.24199, 5.09056, 0.01985, 0.82842, 0.37561, 0.09918, 0.15490, 0.00848, 0.01261, 0.06676, 0.03623, 0.01008, 0.04900, 0.19585, 0.05428, -0.00029, 0.00676 
13440.0, 8.82529, 0.29485, 1.20327, 3.39131, 0.00289, 0.19387, 4.75688, 0.00777, 0.75503, 0.35873, 0.15954, 0.31124, -0.00101, -0.00087, 0.20313, 0.11572, 0.01236, 0.01131, 0.16791, 0.02877, 0.00314, 0.00276 
13500.0, 9.11152, 0.28921, 1.16538, 3.15837, 0.00447, 0.19135, 4.84824, -0.00037, 0.81108, 0.33598, 0.14997, 0.30083, 0.02496, -0.00086, 0.17323, 0.08338, -0.00105, 0.02245, 0.16780, 0.02216, 0.00177, 0.00454 
13560.0, 8.60570, 0.28846, 1.16011, 2.72699, 0.00402, 0.19287, 4.79914, 0.00781, 0.80328, 0.33337, 0.13234, 0.28110, 0.02110, 0.00212, 0.15411, 0.05556, 0.01060, 0.00943, 0.16689, 0.01497, -0.00265, 0.00478 
13620.0, 9.69654, 0.28540, 1.12014, 3.32591, 0.00322, 0.18727, 4.80869, -0.00037, 0.73593, 0.34963, 0.07415, 0.19574, 0.01107, 0.00150, 0.10351, 0.04120, -0.00105, 0.01668, 0.18198, 0.03012, 0.00139, 0.00217 
13680.0, 9.58241, 0.29866, 1.10041, 3.12932, 0.00071, 0.18671, 4.81928, -0.00037, 0.79346, 0.32262, 0.10592, 0.17241, 0.00975, 0.03174, 0.08817, 0.04529, -0.00104, 0.01951, 0.16769, 0.01967, 0.00642, 0.00331 
13740.0, 9.98620, 0.30251, 1.16331, 2.52840, 0.00184, 0.17483, 4.86966, -0.00037, 0.77750, 0.33718, 0.07320, 0.15440, 0.00958, -0.00084, 0.06980, 0.03957, -0.00104, 0.02755, 0.17280, 0.04909, 0.00053, 0.00192 
13800.0, 8.97850, 0.28890, 1.24118, 3.25693, 0.00552, 0.19814, 4.76513, 0.00106, 0.73608, 0.32303, 0.14838, 0.37041, 0.00392, -0.00084, 0.25254, 0.11430, 0.00908, 0.02024, 0.16286, 0.02687, 0.00326, 0.00199 
13860.0, 9.68416, 0.29085, 1.18354, 2.73082, 0.00238, 0.19406, 4.93617, 0.01020, 0.71745, 0.38296, 0.08993, 0.22433, -0.00101, -0.00083, 0.14535, 0.05343, -0.00104, 0.01609, 0.13899, 0.03462, 0.00339, 0.00480 
13920.0, 9.57289, 0.28745, 1.08857, 2.60054, 0.00476, 0.16058, 4.84633, -0.00037, 0.74740, 0.34815, 0.09126, 0.15909, 0.01631, -0.00083, 0.08971, 0.04298, 0.00016, 0.00949, 0.16757, 0.01875, 0.00443, 0.00448 
13980.0, 8.83347, 0.29181, 1.08000, 2.32490, 0.00290, 0.20068, 4.96713, 0.00140, 0.84617, 0.34937, 0.05966, 0.11658, 0.00534, -0.00082, 0.04701, 0.02272, -0.00104, 0.01711, 0.16755, 0.03342, 0.00219, 0.00595 
14040.0, 9.05672, 0.27087, 0.97580, 2.45704, 0.00078, 0.15673, 4.78472, -0.00037, 0.81077, 0.31122, 0.09187, 0.11297, 0.00769, 0.00548, 0.03659, 0.02057, 0.00087, 0.01954, 0.15883, 0.02634, -0.00206, 0.00162 
14100.0, 10.06373, 0.28487, 1.16769, 2.50130, 0.00026, 0.19143, 4.84165, 0.01373, 0.76192, 0.33623, 0.05704, 0.13208, 0.00818, -0.00081, 0.02329, 0.03206, -0.00104, 0.02037, 0.14093, 0.03759, -0.00039, 0.00309 
14160.0, 9.47106, 0.29236, 1.10669, 2.48739, -0.00001, 0.21724, 4.95758, -0.00037, 0.75062, 0.32752, 0.05373, 0.14190, -0.00100, -0.00081, 0.05735, 0.02757, -0.00104, 0.01570, 0.18886, 0.02108, 0.00373, 0.00423 
14220.0, 9.80152, 0.29438, 1.15148, 2.65468, 0.00069, 0.20353, 4.94442, 0.01126, 0.81040, 0.35350, 0.08121, 0.13126, -0.00100, -0.00080, 0.07658, 0.03754, 0.01402, 0.02673, 0.15809, 0.04561, -0.00304, 0.00325 
14280.0, 8.77803, 0.31091, 1.04105, 2.13497, 0.00306, 0.21632, 4.81166, -0.00036, 0.80132, 0.34973, 0.07181, 0.16931, 0.00210, -0.00080, 0.07630, 0.04094, -0.00104, 0.01529, 0.14869, 0.02252, 0.00110, 0.00275 
14340.0, 9.04517, 0.28000, 0.98786, 2.32361, 0.00066, 0.20658, 4.81378, 0.00691, 0.82924, 0.35115, 0.08918, 0.14994, -0.00100, -0.00079, 0.05727, 0.03228, -0.00079, 0.01895, 0.14393, 0.02404, 0.00193, 0.00036 
14400.0, 9.52530, 0.28676, 0.95096, 2.13066, -0.00088, 0.18714, 4.82827, 0.00035, 0.84961, 0.33239, 0.09360, 0.14462, 0.01005, -0.00079, 0.07193, 0.02968, -0.00098, 0.00838, 0.13503, 0.03090, -0.00129, 0.00197 
14460.0, 9.34255, 0.27790, 1.11310, 2.43296, 0.00147, 0.22280, 4.83845, 0.01482, 0.80216, 0.36125, 0.05945, 0.11995, 0.00282, -0.00078, 0.04956, 0.02111, -0.00104, 0.01935, 0.14429, 0.02697, 0.00336, 0.00154 
14520.0, 9.30126, 0.28470, 1.01536, 2.39182, -0.00087, 0.17396, 4.80335, 0.00301, 0.87776, 0.33633, 0.08200, 0.11033, 0.00760, 0.00873, 0.05092, 0.02368, -0.00104, 0.01429, 0.15894, 0.03251, -0.00006, 0.00168 
14580.0, 8.05163, 0.29818, 1.01391, 2.36073, -0.00072, 0.19246, 4.78625, 0.00708, 0.87246, 0.33904, 0.02684, 0.11016, -0.00100, 0.00209, 0.04358, 0.02272, -0.00104, 0.01446, 0.13674, 0.02489, -0.00215, 0.00221 
14640.0, 8.53649, 0.29629, 1.06035, 2.92541, 0.00463, 0.18979, 4.78480, -0.00036, 0.85201, 0.35370, 0.09757, 0.12223, 0.00772, 0.02234, 0.05702, 0.03125, -0.00104, 0.01021, 0.15135, 0.02347, 0.00846, 0.00305 
14700.0, 8.14316, 0.27922, 0.93507, 2.07546, 0.00112, 0.21254, 4.79401, 0.00303, 0.86123, 0.32855, 0.03473, 0.11367, 0.00708, -0.00076, 0.04927, 0.01784, 0.00383, 0.00657, 0.13155, 0.02789, 0.00271, 0.00172 
14760.0, 7.82583, 0.28622, 1.09552, 2.15975, 0.00612, 0.18668, 4.82816, 0.00898, 0.87039, 0.34041, 0.05451, 0.11993, -0.00100, -0.00076, 0.05513, 0.02015, -0.00103, 0.00751, 0.15489, 0.03196, 0.00110, 0.00480 
14820.0, 9.40943, 0.28926, 1.14319, 2.68095, 0.00578, 0.16388, 4.89744, 0.01292, 0.87245, 0.36156, 0.06861, 0.12343, -0.00100, 0.00248, 0.07313, 0.02344, 0.00139, 0.03137, 0.12730, 0.03931, 0.00393, 0.00189 
14880.0, 9.20622, 0.31084, 1.10311, 2.64155, 0.00174, 0.18171, 4.85116, 0.01157, 0.89381, 0.35402, 0.05128, 0.13924, -0.00100, -0.00075, 0.05988, 0.02284, -0.00103, 0.02505, 0.12986, 0.03283, 0.00436, -0.00024 
14940.0, 8.55617, 0.30831, 0.94715, 2.84441, 0.00286, 0.17072, 4.79336, -0.00036, 0.88705, 0.35992, 0.08099, 0.13746, 0.01615, -0.00074, 0.04979, 0.02253, 0.01307, 0.01082, 0.11826, 0.02595, -0.00305, 0.00081 
15000.0, 9.04208, 0.29221, 0.97018, 2.09421, 0.00109, 0.19599, 4.73108, 0.00702, 0.85655, 0.34711, 0.06584, 0.14101, 0.00671, -0.00074, 0.03527, 0.01665, -0.00103, 0.00763, 0.15921, 0.02496, 0.00174, 0.00216 
15060.0, 9.48161, 0.29815, 0.95240, 2.91171, 0.00081, 0.16073, 4.71178, 0.00102, 0.85497, 0.33764, 0.06700, 0.13113, 0.00580, -0.00073, 0.03937, 0.02577, 0.00258, 0.00547, 0.11397, 0.04337, 0.00123, 0.00526 
15120.0, 8.16844, 0.27996, 0.99112, 2.85435, 0.00072, 0.17593, 4.77077, 0.00779, 0.80604, 0.32834, 0.02419, 0.12011, 0.00581, -0.00073, 0.05524, 0.01511, -0.00103, 0.00183, 0.13308, 0.03405, -0.00042, 0.00229 
15180.0, 8.77756, 0.27696, 0.95878, 2.27813, 0.00269, 0.15025, 4.76095, -0.00035, 0.88251, 0.33634, 0.06295, 0.10913, -0.00100, -0.00072, 0.03665, 0.01390, -0.00103, 0.01098, 0.14933, 0.03628, 0.00138, 0.00210 
15240.0, 8.90488, 0.31929, 0.96197, 2.34509, 0.00347, 0.16232, 4.78220, 0.00488, 0.81116, 0.32972, 0.08798, 0.12819, 0.00602, -0.00072, 0.05626, 0.02024, -0.00103, -0.00039, 0.13921, 0.02150, 0.00223, 0.00233 
15300.0, 8.79719, 0.28593, 0.96179, 2.23859, 0.00133, 0.19763, 4.71525, -0.00035, 0.87811, 0.33932, -0.00011, 0.10830, 0.00600, -0.00071, 0.03357, 0.02014, -0.00103, 0.01039, 0.13416, 0.02373, 0.00153, 0.00337 
15360.0, 9.52147, 0.27329, 0.88050, 1.91942, -0.00085, 0.20505, 4.75989, 0.01514, 0.89999, 0.34165, 0.02831, 0.10162, -0.00099, -0.00071, 0.05054, 0.01946, -0.00103, 0.01828, 0.12552, 0.02087, 0.00217, 0.00320 
15420.0, 9.22764, 0.27464, 0.95988, 2.03627, -0.00068, 0.16805, 4.66176, 0.00372, 0.84909, 0.34144, 0.02206, 0.12804, 0.01223, -0.00070, 0.05357, 0.02426, -0.00103, 0.01715, 0.13087, 0.04499, -0.00213, 0.00260 
15480.0, 8.67877, 0.27789, 0.92881, 2.08133, 0.00349, 0.14345, 4.67362, 0.00738, 0.83030, 0.34340, 0.04679, 0.09203, -0.00099, -0.00070, 0.03840, 0.01155, -0.00103, 0.01472, 0.11797, 0.03127, -0.00131, 0.00370 
15540.0, 7.74447, 0.31193, 0.89964, 1.43673, -0.00035, 0.15941, 4.63830, 0.00489, 0.77187, 0.32905, 0.08407, 0.11168, -0.00099, -0.00069, 0.03484, 0.01423, 0.00689, 0.00493, 0.11364, 0.01002, 0.00320, -0.00011 
15600.0, 8.86559, 0.27149, 0.88145, 1.90952, 0.00368, 0.18031, 4.64746, -0.00035, 0.81810, 0.35373, 0.08206, 0.11884, -0.00099, -0.00069, 0.04114, 0.00789, 0.00506, 0.01000, 0.13808, 0.04298, -0.00040, 0.00283 
15660.0, 8.52197, 0.30445, 0.93569, 1.91475, 0.00247, 0.18953, 4.65954, 0.01366, 0.83680, 0.30545, 0.03420, 0.09901, 0.00782, -0.00068, 0.03887, 0.01852, -0.00103, 0.02319, 0.14167, 0.05281, -0.00039, 0.00434 
15720.0, 8.34188, 0.27736, 1.02885, 2.39127, 0.00100, 0.13980, 4.63459, 0.00272, 0.78423, 0.32471, 0.08546, 0.11365, 0.01317, -0.00068, 0.05262, 0.02259, -0.00103, 0.01501, 0.11564, 0.03384, -0.00233, 0.00118 
15780.0, 8.10893, 0.26989, 0.92541, 1.58924, 0.00384, 0.17980, 4.61935, -0.00035, 0.82669, 0.31376, 0.03917, 0.08874, -0.00099, 0.01259, 0.04018, 0.01684, -0.00103, 0.01507, 0.12713, 0.02677, 0.00176, 0.00182 
15840.0, 6.83795, 0.32147, 0.89226, 1.48545, -0.00083, 0.17324, 4.61384, 0.00078, 0.86059, 0.30773, 0.02390, 0.11050, 0.00216, -0.00067, 0.03748, 0.02154, -0.00102, 0.02685, 0.10729, 0.02506, 0.00214, 0.00219 
15900.0, 8.83662, 0.30606, 0.88099, 1.75214, 0.00338, 0.14343, 4.64403, 0.01384, 0.87863, 0.30309, 0.03398, 0.10446, 0.00443, 0.00137, 0.04360, 0.01702, 0.00171, 0.01019, 0.12970, 0.02999, 0.00088, 0.00096 
15960.0, 8.70785, 0.29000, 0.92697, 1.46811, 0.00227, 0.16272, 4.67997, 0.00951, 0.85961, 0.32812, 0.06792, 0.09030, -0.00099, -0.00066, 0.03429, 0.02062, -0.00102, 0.01403, 0.12719, 0.02073, 0.00300, 0.00273 
16020.0, 8.59896, 0.29395, 1.05499, 2.15795, 0.00121, 0.17083, 4.69969, -0.00034, 0.80556, 0.32809, 0.00079, 0.10211, 0.00827, 0.00697, 0.04365, 0.01818, -0.00022, 0.02169, 0.15212, 0.02128, -0.00066, 0.00299 
16080.0, 8.61161, 0.29530, 0.89322, 1.99037, 0.00468, 0.16638, 4.60457, 0.00235, 0.88354, 0.35279, 0.04325, 0.12097, 0.01137, -0.00065, 0.06212, 0.01593, -0.00102, 0.01556, 0.13774, 0.02294, -0.00305, 0.00035 
16140.0, 7.49139, 0.29392, 0.98729, 2.04438, 0.00171, 0.16087, 4.60187, 0.00469, 0.80208, 0.33692, 0.04645, 0.10163, 0.01189, 0.00851, 0.04973, 0.01852, -0.00102, 0.01724, 0.11130, 0.02717, 0.00483, 0.00243 
16200.0, 8.51256, 0.29338, 0.96059, 2.30538, 0.00191, 0.17427, 4.57314, -0.00034, 0.79227, 0.33131, 0.04999, 0.09860, 0.01347, -0.00064, 0.04802, 0.02548, -0.00102, 0.02163, 0.12982, 0.01831, -0.00058, 0.00139 
16260.0, 8.59954, 0.29064, 1.03368, 2.62668, 0.00032, 0.15348, 4.56904, 0.00466, 0.77952, 0.32483, 0.04929, 0.10877, 0.00833, -0.00063, 0.04982, 0.02249, -0.00102, 0.02771, 0.12610, 0.02560, 0.00019, 0.00225 
16320.0, 8.09356, 0.29114, 0.92896, 1.81153, 0.00082, 0.15050, 4.59420, 0.00359, 0.79747, 0.35332, 0.03912, 0.09794, -0.00099, -0.00063, 0.04804, 0.01806, -0.00102, 0.01178, 0.13756, 0.02271, 0.00084, 0.00141 
16380.0, 8.16824, 0.26392, 0.98623, 2.70750, 0.00395, 0.18823, 4.61334, 0.00571, 0.80277, 0.31881, 0.09592, 0.16920, -0.00099, 0.00199, 0.08071, 0.03318, 0.00258, 0.02216, 0.12404, 0.02941, 0.00318, 0.00397 
16440.0, 7.78540, 0.28007, 0.90600, 1.89866, 0.00317, 0.14998, 4.58984, -0.00034, 0.80630, 0.30675, 0.06499, 0.12112, 0.01762, -0.00062, 0.04080, 0.01861, -0.00102, 0.00754, 0.09221, 0.02484, -0.00127, 0.00225 
16500.0, 8.18204, 0.25559, 1.03474, 1.82856, 0.00037, 0.20327, 4.59507, -0.00034, 0.75255, 0.33645, 0.07158, 0.09679, 0.00730, 0.01960, 0.05041, 0.02206, 0.00162, 0.01057, 0.11067, 0.02141, 0.00327, 0.00267 
16560.0, 8.28298, 0.27166, 0.85523, 1.67746, -0.00068, 0.14766, 4.47685, 0.00602, 0.76627, 0.31100, 0.04524, 0.09397, 0.00081, 0.00885, 0.02868, 0.02092, 0.00422, 0.01464, 0.11026, 0.03017, 0.00177, 0.00231 
16620.0, 7.55296, 0.30371, 0.95319, 1.73109, 0.00221, 0.16797, 4.64143, -0.00034, 0.73485, 0.33151, 0.04874, 0.10648, 0.01084, -0.00060, 0.04445, 0.02159, -0.00102, 0.00638, 0.11963, 0.03996, 0.00354, 0.00052 
16680.0, 8.54918, 0.27476, 0.94450, 2.22059, -0.00016, 0.15921, 4.52185, -0.00034, 0.74037, 0.29580, 0.06778, 0.12178, 0.00010, -0.00060, 0.05657, 0.02352, 0.01314, 0.01613, 0.09952, 0.02230, 0.00148, 0.00155 
16740.0, 8.06636, 0.29154, 0.91121, 2.14516, 0.00340, 0.15718, 4.53261, 0.00371, 0.72063, 0.32358, 0.02836, 0.09314, -0.00098, 0.00660, 0.04172, 0.02062, -0.00102, 0.00613, 0.12312, 0.02938, -0.00023, 0.00535 
16800.0, 8.16012, 0.30341, 0.88738, 1.86054, 0.00375, 0.12778, 4.64612, -0.00033, 0.72900, 0.30361, 0.03126, 0.09313, -0.00098, -0.00059, 0.03752, 0.01992, -0.00102, 0.00439, 0.12483, 0.02624, 0.00042, 0.00128 
16860.0, 9.20789, 0.31291, 0.93489, 2.94791, -0.00063, 0.15996, 4.58566, 0.00869, 0.70539, 0.30712, 0.04317, 0.08601, 0.00673, -0.00058, 0.04209, 0.01963, -0.00102, 0.00473, 0.12689, 0.02160, 0.00148, 0.00178 
16920.0, 8.76815, 0.28770, 0.93247, 1.66579, 0.00227, 0.17579, 4.51155, 0.01318, 0.69845, 0.32157, 0.01898, 0.09246, -0.00098, -0.00036, 0.02733, 0.01526, -0.00102, 0.00667, 0.11955, 0.02727, -0.00043, 0.00239 
16980.0, 8.71768, 0.26389, 1.01337, 2.46019, 0.00472, 0.15046, 4.58209, 0.00758, 0.73466, 0.31160, 0.04006, 0.09880, 0.00719, -0.00057, 0.04036, 0.01435, -0.00101, 0.01427, 0.11918, 0.03003, 0.00082, 0.00095 
17040.0, 8.08216, 0.28573, 0.99397, 2.78875, 0.00021, 0.16537, 4.57015, 0.00181, 0.72329, 0.32765, 0.05828, 0.09892, 0.00634, -0.00057, 0.04421, 0.01888, -0.00101, 0.01786, 0.11433, 0.01688, 0.00330, 0.00232 
17100.0, 7.52994, 0.26752, 0.86027, 1.79203, -0.00065, 0.14497, 4.54454, 0.01074, 0.68910, 0.31897, 0.05229, 0.11085, 0.00557, -0.00056, 0.04113, 0.01906, -0.00101, 0.00602, 0.10545, 0.01509, 0.00082, 0.00066 
17160.0, 8.46541, 0.29130, 0.92632, 1.75879, -0.00053, 0.17495, 4.51791, -0.00033, 0.68561, 0.30471, 0.07065, 0.08249, -0.00098, -0.00056, 0.03906, 0.01227, -0.00101, 0.02390, 0.10705, 0.02970, 0.00381, 0.00123 
17220.0, 8.90566, 0.27382, 0.90218, 1.64575, 0.00083, 0.18356, 4.57988, 0.00455, 0.69272, 0.29583, 0.04572, 0.08716, 0.00329, -0.00055, 0.03850, 0.02274, 0.00565, 0.01184, 0.12865, 0.01684, 0.00267, 0.00154 
17280.0, 7.75644, 0.26932, 0.93432, 2.05827, 0.00002, 0.15257, 4.48965, -0.00033, 0.69010, 0.32812, 0.03742, 0.08280, 0.00342, 0.01181, 0.03692, 0.01714, -0.00101, 0.00887, 0.12322, 0.02817, 0.00628, 0.00180 
17340.0, 8.45021, 0.27554, 0.91921, 1.73275, 0.00032, 0.12888, 4.41964, -0.00033, 0.68843, 0.31579, 0.00710, 0.08789, 0.00908, -0.00054, 0.03307, 0.01353, -0.00101, 0.00780, 0.10964, 0.01358, -0.00094, 0.00145 
17400.0, 7.67202, 0.28921, 1.01497, 3.01384, 0.00274, 0.15612, 4.60780, 0.00811, 0.69919, 0.31331, 0.07851, 0.24213, 0.01290, 0.01178, 0.13039, 0.04315, -0.00101, 0.00718, 0.12176, 0.02900, 0.00418, -0.00016 
17460.0, 8.11736, 0.27219, 0.99184, 2.39272, -0.00078, 0.18699, 4.60545, 0.00787, 0.67378, 0.35271, 0.03586, 0.10903, -0.00098, -0.00053, 0.04988, 0.02389, 0.01049, 0.00277, 0.12642, 0.04207, -0.00116, 0.00294 
17520.0, 12.50650, 0.28986, 0.91668, 1.69536, 0.00127, 0.13179, 4.53954, 0.01043, 0.68578, 0.30451, 0.08309, 0.08518, 0.01682, 0.00538, 0.04555, 0.01558, 0.00561, 0.01747, 0.14461, 0.01249, 0.00211, 0.00324 
17580.0, 9.89509, 0.29617, 0.91051, 2.00921, 0.00139, 0.17999, 4.63661, 0.00957, 0.64271, 0.30935, 0.02841, 0.10501, 0.00984, -0.00052, 0.03656, 0.01428, -0.00101, 0.00868, 0.12909, 0.04171, 0.00406, 0.00268 
17640.0, 8.83453, 0.29659, 0.85782, 1.57178, 0.00080, 0.15992, 4.44331, 0.00497, 0.65277, 0.29271, 0.07414, 0.10171, -0.00098, -0.00052, 0.03473, 0.02081, -0.00101, 0.02058, 0.11362, 0.03030, -0.00269, 0.00261 
17700.0, 8.21140, 0.29187, 0.85939, 1.77443, 0.00183, 0.16498, 4.49773, 0.00019, 0.60218, 0.30538, 0.05029, 0.08174, -0.00006, -0.00051, 0.03697, 0.01196, 0.00104, 0.01490, 0.09628, 0.01650, -0.00046, 0.00172 
