CampaignData_and_Merges/R0/CSL_MobileLab_Parked/raw/20240722/USOS-MetNav_MobileLabGround_20240722_R0.ict
44, 1001
Carrie Womack, Nate Howard, Mike Zucker
NOAA Chemical Sciences Laboratory
Mobile Lab MetNav Station
USOS
1, 1
2024, 07, 22, 2024, 12, 21
60
Time_Start, seconds_past_midnight, Seconds from midnight UTC
11
1, 1, 1, 1, 1, 1, 1, 1, 1, 1, 1
-9999, -9999, -9999, -9999, -9999, -9999, -9999, -9999, -9999, -9999, -9999
GPS_Alt_m, meters, Altitude from Differential GPS
GPS_Course_deg, degrees, Course from Differential GPS
GPS_GndSpd_m_s, m/s, Ground Speed from Differential GPS
GPS_Heading_deg, degrees, Heading from Differential GPS
GPS_Lat_deg, degrees, Latitude from Differential GPS
GPS_Lon_deg, degrees, Longitude from Differential GPS
AirTemp_C, Celsius, Air Temperature from Airmar
RelHumidity_pct, percent, Relative Humidity from Airmar
Pressure_mb, millibars, Pressure from Honeywell
WindDir_calc_deg, degrees, Wind Direction from Airmar corrected for van movement
WindSpd_calc_m_s, m/s, Wind Speed from Airmar corrected for van movement
1
SPECIAL COMMENTS:
18
PI_CONTACT_INFO: Address: 325 Broadway R/CSL7, Boulder, CO, 80305
PLATFORM: CSL Mobile Lab
LOCATION: Salt Lake City, UT
ASSOCIATED_DATA: N/A
INSTRUMENT_INFO: N/A
DATA_INFO: Units:
UNCERTAINTY: N/A
ULOD_FLAG: -7777
ULOD_VALUE: N/A
LLOD_FLAG: -8888
LLOD_VALUE: N/A
DM_CONTACT_INFO: Data Manager: Nate Howard
PROJECT_INFO: 
STIPULATIONS_ON_USE: Use of these data require prior ok from PI.
OTHER_COMMENTS: 
REVISION: R0
R0: Final data. Fixed bug in wind averaging code. RA: Preliminary Data. For in-field use only. 
Time_Start, GPS_Alt_m, GPS_Course_deg, GPS_GndSpd_m_s, GPS_Heading_deg, GPS_Lat_deg, GPS_Lon_deg, AirTemp_C, RelHumidity_pct, Pressure_mb, WindDir_calc_deg, WindSpd_calc_m_s
[from data line 203]
12180.0,1308.7,0.35,0.05,0.35,40.73434,-111.87210,28.9,20.0,875.4,114.25,2.0
12240.0,1308.8,0.61,0.06,0.61,40.73434,-111.87210,28.9,20.2,875.4,115.50,1.6
12300.0,1308.4,360.00,0.05,360.00,40.73434,-111.87210,28.8,20.1,875.4,117.70,2.1
12360.0,1308.3,359.95,0.04,359.95,40.73434,-111.87210,28.8,20.0,875.4,118.46,2.2
12420.0,1308.5,0.04,0.05,0.04,40.73434,-111.87211,28.8,20.1,875.4,115.07,1.9
12480.0,1308.3,359.79,0.04,359.79,40.73434,-111.87211,28.8,20.1,875.4,124.10,1.3
12540.0,1308.3,359.77,0.05,359.77,40.73434,-111.87211,28.7,20.1,875.5,122.39,2.0
12600.0,1308.6,359.96,0.06,359.96,40.73434,-111.87210,28.7,20.0,875.5,122.00,2.2
12660.0,1308.7,0.11,0.05,0.11,40.73434,-111.87210,28.7,20.0,875.5,111.56,2.3
12720.0,1308.7,0.35,0.05,0.35,40.73434,-111.87210,28.6,20.1,875.5,105.03,2.0
12780.0,1308.5,0.90,0.06,0.90,40.73434,-111.87210,28.6,20.1,875.5,114.76,1.8
12840.0,1308.5,0.65,0.06,0.65,40.73434,-111.87210,28.6,20.5,875.5,127.18,1.5
12900.0,1308.3,359.88,0.06,359.88,40.73434,-111.87210,28.5,21.0,875.5,111.88,2.0
12960.0,1308.6,359.41,0.06,359.41,40.73433,-111.87210,28.5,21.5,875.5,115.69,1.6
13020.0,1308.8,359.45,0.05,359.45,40.73433,-111.87210,28.4,21.7,875.6,102.54,1.6
13080.0,1308.8,359.38,0.05,359.38,40.73433,-111.87210,28.3,21.8,875.6,99.42,1.5
13140.0,1308.8,359.79,0.06,359.79,40.73433,-111.87210,28.2,21.9,875.6,122.15,2.0
13200.0,1308.8,0.08,0.05,0.08,40.73433,-111.87210,28.2,21.5,875.6,117.96,1.9
13260.0,1308.7,359.83,0.05,359.83,40.73433,-111.87210,28.1,22.1,875.6,119.33,1.6
13320.0,1308.8,359.43,0.05,359.43,40.73433,-111.87210,28.1,21.4,875.6,115.56,2.0
13380.0,1308.9,359.51,0.06,359.51,40.73433,-111.87210,28.0,22.4,875.6,121.06,1.9
13440.0,1308.9,359.60,0.05,359.60,40.73433,-111.87210,27.9,21.9,875.6,108.37,1.8
13500.0,1308.9,359.50,0.04,359.50,40.73433,-111.87210,27.9,21.8,875.7,112.94,2.0
13560.0,1308.8,359.61,0.06,359.61,40.73433,-111.87210,27.9,21.4,875.7,113.95,2.4
13620.0,1308.8,359.86,0.04,359.86,40.73433,-111.87210,27.9,21.9,875.7,105.07,1.5
13680.0,1308.7,359.16,0.05,359.16,40.73434,-111.87210,27.8,22.4,875.7,116.60,2.0
13740.0,1308.5,359.40,0.05,359.40,40.73434,-111.87210,27.8,21.9,875.7,113.37,1.8
13800.0,1308.4,359.78,0.05,359.78,40.73433,-111.87210,27.7,22.4,875.7,115.98,3.0
13860.0,1308.6,359.43,0.05,359.43,40.73433,-111.87210,27.5,23.1,875.8,113.93,2.4
13920.0,1308.7,359.19,0.05,359.19,40.73433,-111.87210,27.3,23.8,875.8,110.52,2.8
13980.0,1308.6,359.16,0.05,359.16,40.73434,-111.87210,26.9,24.9,875.8,110.32,2.6
14040.0,1308.6,359.09,0.06,359.09,40.73434,-111.87210,26.7,24.0,875.7,112.82,1.6
14100.0,1308.4,359.31,0.05,359.31,40.73434,-111.87210,26.7,23.0,875.7,112.40,1.7
14160.0,1308.3,359.95,0.06,359.95,40.73433,-111.87210,26.7,22.3,875.7,114.46,2.1
14220.0,1308.3,0.16,0.04,0.16,40.73433,-111.87210,26.8,22.4,875.7,113.98,2.3
14280.0,1308.4,359.99,0.05,359.99,40.73433,-111.87210,26.8,23.2,875.7,109.47,2.5
14340.0,1308.4,359.97,0.05,359.97,40.73433,-111.87210,26.8,22.8,875.7,116.20,1.8
14400.0,1308.3,359.73,0.05,359.73,40.73433,-111.87210,26.8,22.8,875.7,117.43,2.6
14460.0,1308.0,359.62,0.05,359.62,40.73434,-111.87210,26.9,22.8,875.7,108.73,2.0
14520.0,1307.7,359.58,0.05,359.58,40.73434,-111.87210,26.9,22.7,875.7,117.75,2.0
14580.0,1307.6,359.37,0.05,359.37,40.73434,-111.87210,26.9,23.2,875.8,111.21,2.5
14640.0,1307.5,359.47,0.05,359.47,40.73434,-111.87210,26.9,23.1,875.8,112.96,2.1
14700.0,1307.5,359.81,0.05,359.81,40.73434,-111.87210,26.9,22.6,875.8,111.52,2.0
14760.0,1307.5,359.56,0.05,359.56,40.73434,-111.87210,27.0,22.3,875.8,111.87,2.2
14820.0,1307.5,359.85,0.05,359.85,40.73434,-111.87210,27.0,23.6,875.8,115.89,1.8
14880.0,1307.7,359.96,0.05,359.96,40.73434,-111.87210,27.0,23.0,875.8,110.43,2.5
14940.0,1307.9,0.07,0.05,0.07,40.73434,-111.87210,26.9,23.1,875.8,112.28,2.8
15000.0,1307.8,359.75,0.05,359.75,40.73434,-111.87210,26.9,22.8,875.8,99.70,2.0
15060.0,1307.6,359.49,0.05,359.49,40.73434,-111.87210,26.9,22.0,875.8,119.82,1.9
15120.0,1307.7,359.49,0.04,359.49,40.73434,-111.87210,26.9,23.3,875.8,111.25,2.5
15180.0,1307.9,359.51,0.05,359.51,40.73434,-111.87210,26.9,22.7,875.8,110.12,2.2
15240.0,1308.1,359.80,0.04,359.80,40.73434,-111.87210,26.8,23.2,875.8,116.82,3.3
15300.0,1308.2,359.99,0.05,359.99,40.73434,-111.87210,26.8,23.0,875.8,111.69,3.0
15360.0,1308.3,0.13,0.05,0.13,40.73434,-111.87210,26.8,22.5,875.8,107.27,1.9
15420.0,1308.3,359.50,0.06,359.50,40.73434,-111.87210,26.8,22.0,875.8,110.14,2.7
15480.0,1308.7,359.91,0.05,359.91,40.73434,-111.87210,26.9,22.0,875.8,109.77,2.3
15540.0,1308.9,0.33,0.05,0.33,40.73434,-111.87210,27.0,21.6,875.8,103.23,2.5
15600.0,1308.7,359.69,0.05,359.69,40.73434,-111.87210,27.1,21.8,875.8,113.46,2.3
15660.0,1308.4,359.77,0.05,359.77,40.73434,-111.87210,27.1,22.3,875.8,115.06,2.0
15720.0,1308.4,359.73,0.05,359.73,40.73434,-111.87210,27.2,22.2,875.8,110.71,2.5
15780.0,1308.2,359.40,0.05,359.40,40.73434,-111.87210,27.2,21.3,875.8,113.73,2.8
15840.0,1308.4,359.46,0.04,359.46,40.73434,-111.87210,27.3,21.4,875.8,109.39,2.2
15900.0,1308.8,359.10,0.05,359.10,40.73434,-111.87210,27.4,21.5,875.8,112.26,2.1
15960.0,1309.4,359.16,0.04,359.16,40.73433,-111.87210,27.4,21.3,875.8,98.96,2.1
16020.0,1309.3,359.11,0.05,359.11,40.73433,-111.87210,27.5,21.1,875.8,107.21,1.8
16080.0,1309.1,359.03,0.04,359.03,40.73433,-111.87210,27.5,21.5,875.8,110.53,2.7
16140.0,1309.2,359.36,0.04,359.36,40.73433,-111.87210,27.5,21.3,875.9,112.84,3.4
16200.0,1309.2,359.76,0.05,359.76,40.73433,-111.87210,27.5,21.2,875.9,116.34,2.4
16260.0,1309.0,0.02,0.05,0.02,40.73433,-111.87210,27.5,21.6,875.9,111.19,2.3
16320.0,1308.9,359.33,0.05,359.33,40.73433,-111.87210,27.5,21.4,875.9,107.35,2.5
16380.0,1309.0,359.18,0.06,359.18,40.73433,-111.87210,27.5,21.4,875.9,114.70,2.1
16440.0,1308.8,359.83,0.05,359.83,40.73433,-111.87210,27.5,21.8,875.8,110.38,2.4
16500.0,1308.6,0.32,0.05,0.32,40.73433,-111.87210,27.5,21.3,875.8,111.51,2.2
16560.0,1308.6,0.38,0.05,0.38,40.73433,-111.87210,27.5,21.0,875.8,106.19,2.2
16620.0,1308.7,0.10,0.05,0.10,40.73433,-111.87210,27.5,20.8,875.8,112.81,2.2
16680.0,1308.6,359.82,0.05,359.82,40.73433,-111.87210,27.6,20.9,875.9,107.45,2.0
16740.0,1308.5,359.63,0.05,359.63,40.73433,-111.87210,27.6,21.5,875.9,113.01,2.0
16800.0,1308.4,359.79,0.05,359.79,40.73433,-111.87210,27.6,21.2,875.8,110.80,1.5
16860.0,1308.1,359.52,0.05,359.52,40.73433,-111.87210,27.6,21.4,875.9,116.80,1.9
16920.0,1308.0,359.40,0.05,359.40,40.73433,-111.87210,27.5,21.4,875.8,114.58,1.9
16980.0,1308.2,359.87,0.06,359.87,40.73433,-111.87210,27.5,21.5,875.9,112.35,2.6
17040.0,1308.3,359.48,0.05,359.48,40.73433,-111.87210,27.4,21.5,875.9,107.54,2.9
17100.0,1308.1,359.10,0.05,359.10,40.73433,-111.87210,27.4,21.0,875.9,112.54,3.5
17160.0,1308.1,358.94,0.05,358.94,40.73433,-111.87210,27.4,20.8,875.9,106.92,2.8
17220.0,1308.2,359.16,0.05,359.16,40.73433,-111.87210,27.5,20.9,875.9,110.37,1.9
17280.0,1308.3,359.20,0.05,359.20,40.73433,-111.87210,27.4,21.1,875.9,114.41,2.5
17340.0,1308.1,359.54,0.06,359.54,40.73433,-111.87210,27.4,21.3,875.9,111.28,2.0
17400.0,1307.9,359.26,0.06,359.26,40.73434,-111.87210,27.4,21.1,875.9,115.28,2.6
17460.0,1307.7,358.73,0.05,358.73,40.73433,-111.87210,27.3,21.4,875.9,119.08,2.5
17520.0,1308.1,358.72,0.06,358.72,40.73433,-111.87210,27.3,21.1,875.9,110.89,3.1
17580.0,1308.3,359.08,0.06,359.08,40.73433,-111.87210,27.3,21.3,875.9,108.69,1.8
17640.0,1308.4,359.38,0.05,359.38,40.73433,-111.87210,27.3,21.1,875.9,111.46,2.7
17700.0,1308.3,359.69,0.05,359.69,40.73433,-111.87210,27.3,21.3,875.9,112.11,2.6
17760.0,1308.4,358.89,0.06,358.89,40.73433,-111.87210,27.3,21.3,876.0,109.56,2.3
17820.0,1308.3,359.00,0.05,359.00,40.73434,-111.87210,27.3,21.4,876.0,114.81,3.3
17880.0,1308.6,359.31,0.06,359.31,40.73434,-111.87210,27.3,21.6,876.0,119.15,2.5
17940.0,1308.6,359.41,0.05,359.41,40.73434,-111.87210,27.3,21.3,875.9,113.12,2.3
18000.0,1308.6,359.47,0.06,359.47,40.73434,-111.87210,27.3,21.8,876.0,120.02,2.6
18060.0,1308.7,359.30,0.07,359.30,40.73434,-111.87210,27.3,21.4,876.0,114.62,2.2
18120.0,1308.9,359.12,0.06,359.12,40.73434,-111.87210,27.3,21.6,876.0,112.03,2.2
18180.0,1309.0,358.90,0.07,358.90,40.73434,-111.87210,27.3,20.9,876.0,113.03,2.7
18240.0,1309.2,359.11,0.06,359.11,40.73434,-111.87210,27.3,21.2,876.0,115.71,2.5
18300.0,1309.2,359.37,0.06,359.37,40.73434,-111.87210,27.3,21.1,876.0,107.73,2.2
18360.0,1309.1,359.23,0.05,359.23,40.73434,-111.87210,27.3,21.3,876.0,117.33,1.9
18420.0,1309.1,359.14,0.05,359.14,40.73434,-111.87210,27.3,21.6,876.0,116.65,1.9
18480.0,1309.1,358.99,0.05,358.99,40.73434,-111.87210,27.4,21.3,876.1,116.92,2.2
18540.0,1309.2,359.28,0.05,359.28,40.73434,-111.87210,27.3,21.9,876.1,118.98,1.9
18600.0,1309.2,359.52,0.05,359.52,40.73434,-111.87210,27.4,20.9,876.1,119.57,2.3
18660.0,1309.1,359.53,0.05,359.53,40.73434,-111.87210,27.4,21.1,876.1,114.88,2.4
18720.0,1309.1,0.11,0.05,0.11,40.73434,-111.87210,27.4,21.2,876.1,116.25,1.8
18780.0,1309.0,0.36,0.06,0.36,40.73434,-111.87210,27.4,21.1,876.1,108.23,1.8
18840.0,1309.0,0.03,0.05,0.03,40.73434,-111.87210,27.4,20.8,876.1,114.51,3.0
18900.0,1309.1,359.79,0.05,359.79,40.73434,-111.87210,27.5,21.1,876.1,116.21,3.2
18960.0,1309.7,359.42,0.04,359.42,40.73434,-111.87210,27.5,20.7,876.1,102.22,2.6
19020.0,1309.7,359.73,0.06,359.73,40.73434,-111.87210,27.6,20.7,876.1,110.62,2.0
19080.0,1309.4,359.59,0.05,359.59,40.73434,-111.87210,27.6,20.7,876.1,101.77,2.0
19140.0,1309.2,359.47,0.06,359.47,40.73434,-111.87210,27.6,20.5,876.1,111.25,2.9
19200.0,1309.1,359.78,0.05,359.78,40.73434,-111.87210,27.5,21.2,876.1,116.72,3.4
19260.0,1308.9,359.27,0.05,359.27,40.73434,-111.87210,27.6,20.9,876.1,113.17,2.4
19320.0,1308.8,358.86,0.04,358.86,40.73434,-111.87210,27.6,20.7,876.1,110.27,2.1
19380.0,1308.7,358.98,0.04,358.98,40.73434,-111.87210,27.6,20.4,876.0,113.50,2.4
19440.0,1308.6,358.46,0.04,358.46,40.73433,-111.87210,27.6,20.5,876.1,109.55,3.1
19500.0,1308.6,357.97,0.04,357.97,40.73433,-111.87210,27.6,21.0,876.1,116.30,2.3
19560.0,1308.5,358.25,0.04,358.25,40.73434,-111.87210,27.6,20.8,876.1,112.03,2.1
19620.0,1308.4,358.15,0.04,358.15,40.73434,-111.87210,27.6,20.9,876.0,115.73,1.4
19680.0,1308.3,358.80,0.04,358.80,40.73434,-111.87210,27.6,20.5,876.0,114.51,2.0
19740.0,1308.3,358.29,0.04,358.29,40.73434,-111.87210,27.5,20.9,876.0,113.25,2.0
19800.0,1308.3,358.07,0.04,358.07,40.73434,-111.87210,27.5,20.6,876.0,115.41,2.3
19860.0,1308.3,357.98,0.04,357.98,40.73434,-111.87210,27.4,20.7,876.0,110.06,2.4
19920.0,1308.3,358.02,0.05,358.02,40.73434,-111.87210,27.5,20.6,876.0,119.70,1.8
19980.0,1308.3,358.22,0.05,358.22,40.73434,-111.87210,27.4,20.8,876.0,103.01,1.7
20040.0,1308.3,358.32,0.04,358.32,40.73434,-111.87210,27.4,20.9,876.0,105.41,1.7
20100.0,1308.4,357.87,0.04,357.87,40.73434,-111.87210,27.3,20.5,876.0,107.30,3.3
20160.0,1308.5,357.91,0.05,357.91,40.73434,-111.87210,27.3,21.2,876.0,112.18,3.1
20220.0,1308.5,357.80,0.05,357.80,40.73434,-111.87210,27.3,20.8,876.0,113.52,1.7
20280.0,1308.5,357.80,0.04,357.80,40.73434,-111.87210,27.2,21.7,876.0,116.06,1.9
20340.0,1308.5,357.61,0.05,357.61,40.73434,-111.87210,27.2,21.2,876.0,112.00,2.2
20400.0,1308.5,357.57,0.05,357.57,40.73434,-111.87210,27.1,21.4,876.0,115.19,2.1
20460.0,1308.5,357.82,0.06,357.82,40.73434,-111.87210,27.1,21.0,876.0,109.31,2.1
20520.0,1308.6,357.79,0.06,357.79,40.73434,-111.87210,27.1,20.6,876.0,108.85,2.0
20580.0,1308.7,357.91,0.05,357.91,40.73434,-111.87210,27.1,20.7,876.0,115.54,3.0
20640.0,1308.7,358.43,0.04,358.43,40.73434,-111.87210,27.1,20.7,876.0,111.17,2.4
20700.0,1308.7,358.56,0.05,358.56,40.73434,-111.87210,27.1,20.8,876.0,117.04,2.7
20760.0,1308.7,358.28,0.05,358.28,40.73434,-111.87210,27.1,20.7,876.0,114.54,3.1
20820.0,1308.7,358.00,0.05,358.00,40.73434,-111.87210,27.1,20.5,875.9,111.81,3.2
20880.0,1308.7,358.10,0.06,358.10,40.73434,-111.87210,27.2,20.7,875.9,120.02,1.9
20940.0,1308.7,358.35,0.04,358.35,40.73434,-111.87210,27.1,20.6,875.9,104.96,1.4
21000.0,1308.9,358.76,0.04,358.76,40.73434,-111.87210,27.1,20.5,875.9,105.53,2.0
21060.0,1308.9,358.66,0.04,358.66,40.73434,-111.87210,27.1,20.5,875.9,111.93,1.8
21120.0,1309.0,358.70,0.05,358.70,40.73434,-111.87210,27.1,20.4,875.9,111.47,1.8
21180.0,1309.1,358.40,0.05,358.40,40.73434,-111.87210,27.2,20.6,875.9,127.41,2.1
21240.0,1309.2,358.47,0.05,358.47,40.73434,-111.87210,27.1,20.4,875.9,119.66,2.2
21300.0,1309.2,358.32,0.04,358.32,40.73434,-111.87210,27.1,20.8,875.8,123.63,1.7
21360.0,1309.3,358.84,0.05,358.84,40.73434,-111.87211,27.1,20.7,875.9,119.81,1.8
21420.0,1309.3,359.65,0.04,359.65,40.73434,-111.87210,27.1,20.7,875.9,116.44,0.7
21480.0,1309.4,0.04,0.05,0.04,40.73434,-111.87210,27.2,20.5,875.9,133.00,0.6
21540.0,1309.0,0.36,0.05,0.36,40.73434,-111.87210,27.3,20.2,875.9,145.17,1.1
21600.0,1309.0,0.45,0.05,0.45,40.73434,-111.87210,27.3,20.2,875.9,107.06,0.4
21660.0,1309.0,0.77,0.05,0.77,40.73434,-111.87210,27.3,20.4,875.9,113.41,0.6
21720.0,1309.0,0.26,0.05,0.26,40.73434,-111.87210,27.4,20.0,875.9,118.72,0.3
21780.0,1309.2,0.51,0.05,0.51,40.73434,-111.87210,27.4,20.1,875.9,142.30,1.0
21840.0,1309.2,0.65,0.04,0.65,40.73434,-111.87210,27.4,20.2,875.9,133.12,1.1
21900.0,1309.2,0.12,0.05,0.12,40.73434,-111.87210,27.4,20.1,875.9,129.42,0.9
21960.0,1309.1,0.59,0.05,0.59,40.73434,-111.87210,27.4,20.2,875.9,129.56,0.9
22020.0,1309.1,0.15,0.05,0.15,40.73434,-111.87210,27.4,20.4,875.9,148.48,1.0
22080.0,1309.2,359.73,0.05,359.73,40.73434,-111.87210,27.4,20.2,875.9,138.55,1.0
22140.0,1309.3,359.37,0.05,359.37,40.73434,-111.87210,27.4,20.2,875.9,119.27,0.8
22200.0,1309.3,359.52,0.05,359.52,40.73434,-111.87210,27.4,20.2,875.9,131.60,0.9
22260.0,1309.5,359.31,0.04,359.31,40.73434,-111.87210,27.4,20.1,875.8,145.68,0.8
22320.0,1309.5,359.24,0.05,359.24,40.73434,-111.87210,27.4,20.1,875.8,147.68,0.6
22380.0,1309.3,359.70,0.04,359.70,40.73434,-111.87210,27.3,20.3,875.8,127.28,1.6
22440.0,1309.3,0.04,0.05,0.04,40.73434,-111.87210,27.3,21.1,875.8,144.71,1.2
22500.0,1309.4,359.92,0.04,359.92,40.73434,-111.87210,27.2,20.5,875.9,121.25,1.4
22560.0,1309.2,359.83,0.05,359.83,40.73434,-111.87210,27.2,20.6,875.9,137.92,1.7
22620.0,1309.1,359.60,0.05,359.60,40.73434,-111.87210,27.2,20.3,875.9,142.65,1.4
22680.0,1309.0,359.59,0.05,359.59,40.73434,-111.87210,27.2,21.1,875.9,129.90,0.7
22740.0,1309.0,359.87,0.04,359.87,40.73434,-111.87210,27.3,20.8,875.9,156.37,0.7
22800.0,1309.1,359.97,0.04,359.97,40.73434,-111.87210,27.2,20.3,875.9,166.56,1.4
22860.0,1309.1,359.78,0.04,359.78,40.73434,-111.87210,27.3,19.8,875.9,156.00,1.3
22920.0,1309.1,0.48,0.04,0.48,40.73434,-111.87210,27.4,20.3,875.9,154.90,1.1
22980.0,1309.2,0.28,0.03,0.28,40.73434,-111.87210,27.4,20.3,875.9,137.64,0.6
23040.0,1309.3,359.93,0.04,359.93,40.73434,-111.87210,27.5,20.2,875.9,157.40,1.1
23100.0,1309.2,359.50,0.04,359.50,40.73434,-111.87210,27.5,20.7,875.9,125.02,1.4
23160.0,1309.1,359.60,0.04,359.60,40.73434,-111.87210,27.4,21.1,875.9,138.86,1.8
23220.0,1309.0,359.92,0.04,359.92,40.73434,-111.87210,27.2,21.4,875.9,124.37,2.3
23280.0,1308.8,359.48,0.04,359.48,40.73434,-111.87210,27.1,20.9,875.9,124.42,2.2
23340.0,1308.7,359.69,0.05,359.69,40.73434,-111.87210,27.1,21.5,875.9,135.10,1.8
23400.0,1308.6,359.77,0.04,359.77,40.73434,-111.87210,27.0,21.9,875.9,139.30,1.8
23460.0,1308.6,359.64,0.05,359.64,40.73434,-111.87210,26.9,21.8,876.0,159.65,2.7
23520.0,1308.4,359.49,0.04,359.49,40.73434,-111.87210,26.9,21.4,875.9,168.75,1.9
23580.0,1308.3,359.16,0.05,359.16,40.73434,-111.87210,26.9,21.2,875.9,148.04,1.4
23640.0,1308.3,358.94,0.04,358.94,40.73434,-111.87210,26.9,21.7,875.9,136.90,2.1
23700.0,1308.4,359.11,0.04,359.11,40.73434,-111.87210,26.8,21.7,875.9,133.53,2.2
23760.0,1308.3,359.51,0.04,359.51,40.73434,-111.87210,26.8,22.0,875.9,162.42,2.0
23820.0,1308.1,359.75,0.04,359.75,40.73434,-111.87210,26.8,21.1,876.0,157.32,2.9
23880.0,1308.1,359.61,0.04,359.61,40.73434,-111.87210,26.9,20.9,876.0,178.61,2.3
23940.0,1308.2,359.26,0.04,359.26,40.73434,-111.87210,27.0,21.1,876.0,166.28,2.4
24000.0,1308.2,359.61,0.04,359.61,40.73434,-111.87211,27.0,20.9,876.0,182.56,2.3
