CampaignData_and_Merges/R0/CSL_MobileLab_Parked/raw/20240722/USOS-NOAAIodideCIMS-Halogens_MobileLabGround_20240722_RA.ict
38, 1001
Michael A Robinson, Chris Jernigan, Subi Thakali
NOAA ESRL Chemical Sciences Laboratory and CIRES, U. of Colorado
NOAA Iodide CIMS Instrument
USOS
1, 1
2024, 07, 22, 2024, 07, 24
1
starttime_UTC, seconds_past_midnight, seconds_of_day_since_00:00:00_UTC
6
1, 1, 1, 1, 1, 1
-9999, -9999, -9999, -9999, -9999, -9999
Br2_NOAACIMS, pptv, Gas_Br2_InSitu_S_AVMR, 
BrO_NOAACIMS, pptv, Gas_BrO_InSitu_S_AVMR, 
Cl2_NOAACIMS, pptv, Gas_Cl2_InSitu_S_AVMR, 
ClNO2_NOAACIMS, pptv, Gas_ClNO2_InSitu_S_AVMR, 
BrCl_NOAACIMS, pptv, Gas_BrCl_InSitu_S_AVMR, 
NCl3_NOAACIMS, pptv, Gas_NCl3_InSitu_S_AVMR, 
0
18
PI_CONTACT_INFO: 325 Broadway, R/CSD 7, Boulder, Colorado 80305; michael.a.robinson@noaa.gov; chris.jernigan@noaa.gov;
PLATFORM: NOAA CSL Mobile Lab
LOCATION: SLC, Utah
ASSOCIATED_DATA: 1Hz data also available on request.
INSTRUMENT_INFO: NOAA I- ToF CIMS
DATA_INFO: All data in parts per trillion by volume (pptv). 1 Hz data is available upon request.
UNCERTAINTY: TBD
ULOD_FLAG: -7777
ULOD_VALUE: N/A
LLOD_FLAG: -8888
LLOD_VALUE: N/A
DM_CONTACT_INFO: Nathan Howard; nathan.h.howard@noaa.gov
PROJECT_INFO: USOS, summer 2024. https://csl.noaa.gov/groups/csl7/measurements/2024usos/
STIPULATIONS_ON_USE: Users are strongly encouraged to contact the PI for proper data usage.
OTHER_COMMENTS: 
REVISION: RA
RA: Preliminary Data; For in-field use only
starttime_UTC, Br2_NOAACIMS, BrO_NOAACIMS, Cl2_NOAACIMS, ClNO2_NOAACIMS, BrCl_NOAACIMS, NCl3_NOAACIMS
[from data line 453]
 27180,  0.728,  0.144,  0.675,  0.030,  0.065,  1.946
 27240,  0.694,  0.003,  0.616,  0.050,  0.049,  2.317
 27300,  0.762,  0.094,  0.685,  0.041,  0.037,  2.648
 27360,  0.681,  0.040,  0.666,  0.041,  0.012,  2.255
 27420,  0.899,  0.063,  0.715,  0.045,  0.060,  2.426
 27480,  0.858,  0.023,  0.667,  0.051,  0.069,  2.938
 27540,  0.942,  0.035,  0.737,  0.075,  0.096,  2.300
 27600,  1.022,  0.088,  0.739,  0.058,  0.081,  2.465
 27660,  0.863,  0.006,  0.683,  0.030,  0.093,  2.643
 27720,  0.846,  0.080,  0.698,  0.031,  0.064,  2.657
 27780,  0.776,  0.076,  0.663,  0.031,  0.050,  2.614
 27840,  0.852,  0.028,  0.695,  0.054,  0.065,  2.658
 27900,  0.915,  0.117,  0.756,  0.062,  0.069,  2.847
 27960,  0.851,  0.064,  0.799,  0.059,  0.083,  2.989
 28020,  0.700,  0.060,  0.658,  0.031,  0.089,  2.965
 28080,  0.900,  0.033,  0.766,  0.043,  0.067,  2.365
 28140,  0.807,  0.019,  0.641,  0.014,  0.057,  2.005
 28200,  0.689,  0.098,  0.663,  0.059,  0.050,  1.640
 28260,  0.770,  0.048,  0.779,  0.039,  0.089,  2.016
 28320,  0.787,  0.064,  0.625,  0.036,  0.082,  1.523
 28380,  0.679,  0.042,  0.602,  0.046,  0.094,  1.955
 28440,  0.738, -0.011,  0.609,  0.051,  0.077,  1.778
 28500,  0.643,  0.032,  0.698,  0.036,  0.115,  1.946
 28560,  0.703,  0.032,  0.603,  0.026,  0.067,  1.992
 28620,  0.756, -0.009,  0.650,  0.036,  0.066,  2.397
 28680,  0.800,  0.032,  0.679,  0.040,  0.077,  2.348
 28740,  0.714,  0.067,  0.715,  0.028,  0.095,  2.405
 28800,  0.534,  0.018,  0.756,  0.049,  0.107,  2.363
 28860,  0.703,  0.048,  0.772,  0.038,  0.083,  2.353
 28920,  0.585, -0.009,  0.663,  0.036,  0.060,  2.393
 28980, -9999.000, -9999.000, -9999.000, -9999.000, -9999.000, -9999.000
 29040,  0.598,  0.041,  0.723,  0.013,  0.110,  2.122
 29100,  0.548,  0.060,  0.663,  0.041,  0.069,  2.407
 29160,  0.597,  0.025,  0.775,  0.046,  0.067,  2.289
 29220,  0.702,  0.064,  0.647,  0.026,  0.087,  1.876
 29280,  0.681,  0.089,  0.710,  0.039,  0.103,  1.878
 29340,  0.824,  0.009,  0.654,  0.057,  0.093,  2.116
 29400,  0.696,  0.078,  0.657,  0.020,  0.090,  1.457
 29460,  0.814,  0.088,  0.595,  0.033,  0.095,  1.052
 29520,  0.794,  0.072,  0.618,  0.037,  0.090,  1.122
 29580,  0.864,  0.049,  0.715,  0.041,  0.069,  1.312
 29640,  0.970,  0.042,  0.747,  0.044,  0.087,  1.395
 29700,  0.814,  0.109,  0.679,  0.041,  0.109,  1.615
 29760,  0.899,  0.045,  0.679,  0.057,  0.100,  1.104
 29820,  0.931,  0.129,  0.655,  0.029,  0.097,  1.258
 29880,  0.940,  0.128,  0.703,  0.042,  0.068,  1.521
 29940,  0.993,  0.091,  0.602,  0.047,  0.072,  1.598
 30000,  0.877,  0.074,  0.628,  0.051,  0.096,  1.843
 30060,  0.966,  0.108,  0.645,  0.054,  0.089,  1.395
 30120,  0.963,  0.075,  0.700,  0.038,  0.063,  1.587
 30180,  1.024,  0.115,  0.719,  0.021,  0.093,  1.662
 30240,  1.006,  0.153,  0.723,  0.041,  0.079,  1.859
 30300,  0.998,  0.086,  0.725,  0.042,  0.105,  1.810
 30360,  1.154,  0.305,  0.670,  0.058,  0.088,  1.824
 30420,  1.031,  0.092,  0.670,  0.052,  0.117,  1.970
 30480,  1.098,  0.073,  0.769,  0.028,  0.108,  2.075
 30540,  1.155,  0.107,  0.672,  0.037,  0.101,  1.970
 30600,  1.103,  0.194,  0.757,  0.053,  0.107,  1.968
 30660,  1.151,  0.159,  0.711,  0.036,  0.122,  1.677
 30720,  1.185,  0.181,  0.633,  0.023,  0.119,  1.519
 30780,  1.213,  0.180,  0.685,  0.036,  0.083,  1.505
 30840, -9999.000, -9999.000, -9999.000, -9999.000, -9999.000, -9999.000
 30900,  1.089,  0.190,  0.705,  0.045,  0.088,  1.574
 30960,  1.138,  0.199,  0.705,  0.037,  0.104,  1.645
 31020,  0.969,  0.175,  0.653,  0.069,  0.098,  1.475
 31080,  1.012,  0.058,  0.649,  0.028,  0.073,  1.129
 31140,  1.223,  0.142,  0.685,  0.034,  0.110,  1.421
 31200,  1.179,  0.180,  0.686,  0.034,  0.117,  1.312
 31260,  1.079,  0.110,  0.672,  0.041,  0.117,  1.239
 31320,  1.061,  0.113,  0.703,  0.038,  0.088,  1.212
 31380,  0.986,  0.122,  0.725,  0.037,  0.089,  1.230
 31440,  1.126,  0.181,  0.696,  0.057,  0.081,  1.117
 31500,  0.932,  0.037,  0.652,  0.043,  0.114,  1.205
 31560,  0.948,  0.092,  0.668,  0.047,  0.062,  1.001
 31620,  0.978,  0.128,  0.665,  0.057,  0.091,  1.181
 31680,  0.997,  0.084,  0.594,  0.046,  0.094,  1.233
 31740,  0.992,  0.085,  0.638,  0.055,  0.087,  1.302
 31800,  1.012,  0.096,  0.671,  0.043,  0.111,  1.196
 31860,  0.948,  0.034,  0.628,  0.046,  0.108,  1.111
 31920,  0.994,  0.154,  0.697,  0.070,  0.124,  1.285
 31980,  0.973,  0.032,  0.611,  0.047,  0.079,  1.288
 32040,  1.005,  0.095,  0.632,  0.074,  0.054,  1.334
 32100,  1.019,  0.043,  0.587,  0.060,  0.126,  0.999
 32160,  0.895, -0.005,  0.689,  0.059,  0.082,  0.966
 32220,  0.945,  0.024,  0.590,  0.053,  0.081,  0.942
 32280,  0.917,  0.052,  0.637,  0.064,  0.077,  0.881
 32340,  0.893, -0.040,  0.615,  0.074,  0.083,  1.040
 32400,  0.924,  0.005,  0.621,  0.066,  0.086,  0.913
 32460,  0.926,  0.045,  0.581,  0.051,  0.060,  1.149
 32520,  0.800, -0.037,  0.655,  0.063,  0.123,  1.126
 32580,  0.787,  0.031,  0.667,  0.079,  0.068,  1.024
 32640,  0.795,  0.022,  0.614,  0.066,  0.073,  0.981
 32700, -9999.000, -9999.000, -9999.000, -9999.000, -9999.000, -9999.000
 32760,  0.680, -0.028,  0.562,  0.074,  0.066,  1.143
 32820,  0.774,  0.023,  0.482,  0.056,  0.091,  1.207
 32880,  0.847, -0.043,  0.592,  0.053,  0.084,  1.241
 32940,  0.815, -0.015,  0.570,  0.072,  0.068,  1.243
 33000,  0.806, -0.045,  0.580,  0.056,  0.102,  1.191
 33060,  0.948, -0.000,  0.569,  0.071,  0.079,  1.238
 33120,  0.812, -0.036,  0.633,  0.068,  0.065,  1.456
 33180,  0.778, -0.022,  0.535,  0.085,  0.114,  1.224
 33240,  0.826,  0.076,  0.596,  0.089,  0.078,  1.271
 33300,  0.881, -0.000,  0.612,  0.047,  0.098,  1.443
 33360,  0.808, -0.031,  0.701,  0.104,  0.069,  1.352
 33420,  0.923,  0.033,  0.601,  0.085,  0.084,  1.284
 33480,  0.762, -0.037,  0.710,  0.086,  0.078,  1.626
 33540,  0.804,  0.077,  0.702,  0.082,  0.114,  1.780
 33600,  0.745,  0.051,  0.671,  0.063,  0.073,  1.725
 33660,  0.647,  0.014,  0.602,  0.064,  0.085,  1.549
 33720,  0.753,  0.022,  0.601,  0.070,  0.058,  1.682
 33780,  0.780, -0.032,  0.668,  0.081,  0.070,  1.299
 33840,  0.683,  0.025,  0.616,  0.079,  0.058,  1.186
 33900,  0.649,  0.023,  0.695,  0.067,  0.078,  1.235
 33960,  0.818, -0.007,  0.570,  0.099,  0.052,  1.417
 34020,  0.703,  0.058,  0.658,  0.055,  0.076,  1.468
 34080,  0.642, -0.025,  0.600,  0.089,  0.076,  1.328
 34140,  0.670,  0.025,  0.619,  0.075,  0.066,  1.343
 34200,  0.821,  0.006,  0.680,  0.097,  0.072,  1.624
 34260,  0.751,  0.036,  0.654,  0.093,  0.057,  1.443
 34320,  0.859,  0.050,  0.616,  0.068,  0.110,  1.443
 34380,  0.702,  0.017,  0.687,  0.076,  0.077,  1.382
 34440,  0.745, -0.005,  0.678,  0.084,  0.044,  1.403
 34500,  0.725,  0.064,  0.629,  0.074,  0.077,  1.403
 34560, -9999.000, -9999.000, -9999.000, -9999.000, -9999.000, -9999.000
 34620,  0.698,  0.060,  0.566,  0.055,  0.077,  1.343
 34680,  0.726,  0.018,  0.581,  0.087,  0.096,  1.456
 34740,  0.652, -0.000,  0.727,  0.072,  0.052,  1.344
 34800,  0.564,  0.049,  0.562,  0.065,  0.058,  1.022
 34860,  0.742,  0.053,  0.623,  0.082,  0.086,  1.234
 34920,  0.804,  0.029,  0.586,  0.087,  0.083,  1.222
 34980,  0.662,  0.108,  0.667,  0.078,  0.032,  1.066
 35040,  0.901,  0.030,  0.563,  0.068,  0.042,  1.038
 35100,  0.743,  0.028,  0.643,  0.052,  0.034,  1.128
 35160,  0.885,  0.021,  0.623,  0.100,  0.063,  1.163
 35220,  0.843,  0.045,  0.625,  0.078,  0.021,  1.264
 35280, -9999.000,  0.076,  0.643,  0.080,  0.090,  1.454
 35340, -9999.000, -0.081,  0.475,  0.053, -0.009,  0.525
 35400, -9999.000,  0.060,  0.590,  0.051,  0.090,  1.171
 35460,  0.858,  0.072,  0.612,  0.048,  0.057,  1.235
 35520,  0.731,  0.132,  0.623,  0.076,  0.136,  1.426
 35580,  0.811,  0.077,  0.601,  0.044,  0.048,  1.481
 35640,  0.784,  0.104,  0.656,  0.094,  0.091,  1.501
 35700,  0.924,  0.130,  0.633,  0.055,  0.038,  1.371
 35760,  0.883,  0.037,  0.603,  0.073,  0.065,  1.437
 35820,  0.861,  0.034,  0.596,  0.048,  0.043,  1.252
 35880,  1.018,  0.121,  0.641,  0.077,  0.044,  1.410
 35940,  0.807,  0.059,  0.573,  0.070,  0.090,  1.365
 36000,  0.882,  0.035,  0.629,  0.081,  0.075,  1.441
 36060,  0.861,  0.042,  0.685,  0.048,  0.038,  1.285
 36120,  0.876,  0.095,  0.691,  0.051,  0.061,  1.281
 36180,  0.868,  0.047,  0.500,  0.030,  0.053,  1.208
 36240,  0.907,  0.012,  0.621,  0.038,  0.058,  1.339
 36300,  0.827,  0.125,  0.651,  0.067,  0.051,  1.426
 36360,  0.883,  0.268,  0.563,  0.045,  0.083,  1.535
 36420,  0.738,  0.243,  0.617,  0.057,  0.017,  1.323
 36480,  0.933,  0.079,  0.632,  0.054,  0.057,  1.601
 36540,  0.940,  0.072,  0.661,  0.058,  0.032,  1.425
 36600,  0.816,  0.083,  0.625,  0.057,  0.035,  1.393
 36660,  0.689,  0.042,  0.605,  0.036,  0.041,  1.473
 36720,  0.974,  0.057,  0.712,  0.049,  0.036,  1.560
 36780,  0.937,  0.039,  0.644,  0.044,  0.015,  1.218
 36840,  0.792,  0.048,  0.614,  0.054,  0.045,  1.653
 36900,  0.902,  0.048,  0.535,  0.060,  0.033,  1.459
 36960,  0.845,  0.054,  0.508,  0.065,  0.088,  1.470
 37020,  0.856,  0.073,  0.575,  0.068,  0.056,  1.381
 37080,  0.873,  0.066,  0.619,  0.059,  0.029,  1.646
 37140,  0.786,  0.051,  0.656,  0.060,  0.059,  1.636
 37200,  0.815,  0.030,  0.633,  0.064,  0.040,  1.625
 37260,  0.810,  0.074,  0.601,  0.071,  0.050,  1.459
 37320,  0.895,  0.038,  0.665,  0.043,  0.020,  1.085
 37380,  0.849,  0.082,  0.571,  0.042,  0.066,  1.107
 37440,  0.864, -0.005,  0.501,  0.077,  0.038,  0.884
 37500,  0.791,  0.085,  0.558,  0.036,  0.069,  1.148
 37560,  0.740,  0.037,  0.529,  0.030,  0.032,  1.211
 37620,  0.739, -0.001,  0.568,  0.063,  0.027,  1.160
 37680,  0.870,  0.021,  0.555,  0.065,  0.054,  1.357
 37740,  0.750, -0.007,  0.653,  0.068,  0.034,  1.184
 37800,  0.843,  0.063,  0.512,  0.063,  0.043,  1.353
 37860,  0.759,  0.000,  0.570,  0.064,  0.025,  1.225
 37920,  0.734,  0.022,  0.604,  0.038,  0.041,  1.124
 37980,  0.754, -0.040,  0.535,  0.084,  0.020,  1.181
 38040,  0.678, -0.004,  0.549,  0.034,  0.053,  1.300
 38100,  0.720, -0.013,  0.540,  0.092,  0.071,  1.341
 38160,  0.803, -0.053,  0.567,  0.066,  0.054,  1.349
 38220,  0.833,  0.085,  0.525,  0.089,  0.014,  1.009
 38280, -9999.000, -9999.000, -9999.000, -9999.000, -9999.000, -9999.000
 38340,  0.704,  0.032,  0.470,  0.066,  0.043,  1.230
 38400,  0.833, -0.037,  0.555,  0.064,  0.040,  1.358
 38460,  0.795,  0.008,  0.545,  0.044,  0.049,  1.283
 38520,  0.716, -0.050,  0.528,  0.047,  0.027,  1.147
 38580,  0.709,  0.042,  0.512,  0.052,  0.053,  1.148
 38640,  0.836,  0.027,  0.481,  0.056,  0.055,  1.177
 38700,  0.743, -0.040,  0.531,  0.050,  0.023,  1.025
 38760,  0.809,  0.040,  0.602,  0.046,  0.046,  1.244
 38820,  0.832, -0.028,  0.590,  0.044,  0.050,  1.114
 38880,  0.727, -0.047,  0.543,  0.049,  0.041,  1.273
 38940,  0.763,  0.060,  0.536,  0.042,  0.019,  1.079
 39000,  0.749, -0.045,  0.490,  0.045,  0.046,  1.356
 39060,  0.816,  0.115,  0.552,  0.047,  0.040,  1.732
 39120,  0.636,  0.021,  0.605,  0.052,  0.048,  2.004
 39180,  0.731, -0.001,  0.551,  0.062,  0.046,  1.543
 39240,  0.795,  0.014,  0.544,  0.059,  0.032,  1.627
 39300,  0.803, -0.009,  0.589,  0.046,  0.014,  1.684
 39360,  0.709, -0.022,  0.592,  0.039,  0.013,  1.739
 39420,  0.829,  0.012,  0.620,  0.056,  0.067,  1.634
 39480,  0.744,  0.048,  0.568,  0.051,  0.065,  1.644
 39540,  0.809,  0.045,  0.664,  0.056,  0.039,  1.850
 39600,  0.785,  0.042,  0.662,  0.074,  0.035,  1.649
 39660,  0.795, -0.054,  0.695,  0.044,  0.021,  1.621
 39720,  0.864,  0.045,  0.655,  0.055,  0.020,  1.613
 39780,  0.747,  0.056,  0.553,  0.070,  0.041,  1.523
 39840,  0.656,  0.006,  0.540,  0.067,  0.076,  1.416
 39900,  0.817,  0.026,  0.722,  0.060,  0.046,  1.364
 39960,  0.669,  0.124,  0.600,  0.052,  0.030,  1.511
 40020,  0.814,  0.042,  0.592,  0.073,  0.012,  1.805
 40080,  0.292, -0.049,  0.686,  0.027,  0.042,  1.406
 40140,  0.914,  0.073,  0.449,  0.068,  0.035,  1.933
 40200,  0.857,  0.044,  0.656,  0.065,  0.019,  1.603
 40260,  0.739,  0.094,  0.611,  0.080,  0.040,  1.761
 40320,  0.693,  0.072,  0.656,  0.038,  0.044,  1.731
 40380,  0.685,  0.046,  0.620,  0.059,  0.040,  1.449
 40440,  0.837,  0.068,  0.635,  0.077,  0.056,  1.490
 40500,  0.739,  0.047,  0.675,  0.061,  0.023,  1.770
 40560,  0.684,  0.050,  0.649,  0.069,  0.053,  1.429
 40620,  0.702, -0.016,  0.631,  0.097,  0.056,  1.654
 40680,  0.747,  0.046,  0.778,  0.061,  0.033,  1.488
 40740,  0.796,  0.107,  0.743,  0.063,  0.053,  1.596
 40800,  0.725,  0.046,  0.533,  0.066,  0.034,  1.394
 40860,  0.719,  0.050,  0.584,  0.037,  0.057,  1.473
 40920,  0.713,  0.009,  0.632,  0.079,  0.082,  1.670
 40980,  0.672,  0.086,  0.617,  0.096,  0.047,  1.711
 41040,  0.594,  0.065,  0.585,  0.058,  0.046,  1.477
 41100,  0.754,  0.025,  0.659,  0.063,  0.058,  1.194
 41160,  0.769,  0.050,  0.645,  0.089,  0.025,  1.423
 41220,  0.729,  0.089,  0.629,  0.073,  0.086,  1.482
 41280,  0.758,  0.066,  0.647,  0.051,  0.036,  1.389
 41340,  0.721,  0.081,  0.676,  0.061,  0.052,  1.397
 41400,  0.746,  0.048,  0.673,  0.058,  0.063,  1.219
 41460,  0.849,  0.073,  0.617,  0.077,  0.065,  1.150
 41520,  0.742,  0.062,  0.668,  0.097,  0.057,  1.237
 41580,  0.641,  0.048,  0.690,  0.077,  0.049,  1.207
 41640,  0.789,  0.055,  0.639,  0.077,  0.044,  1.146
 41700,  0.724,  0.034,  0.584,  0.101,  0.072,  1.328
 41760,  0.724,  0.058,  0.594,  0.065,  0.055,  1.143
 41820,  0.794,  0.165,  0.632,  0.085,  0.070,  1.482
 41880,  0.519,  0.121,  0.559,  0.068,  0.085,  1.309
 41940, -9999.000, -9999.000, -9999.000, -9999.000, -9999.000, -9999.000
 42000,  0.718,  0.152,  0.574,  0.088,  0.017,  1.192
 42060,  0.655,  0.073,  0.578,  0.091,  0.047,  1.151
 42120,  0.772,  0.138,  0.499,  0.099,  0.044,  0.846
 42180,  0.755,  0.103,  0.530,  0.077,  0.049,  1.038
 42240,  0.713,  0.040,  0.660,  0.076,  0.066,  0.945
 42300,  0.656,  0.075,  0.636,  0.082,  0.066,  0.862
 42360,  0.683,  0.054,  0.661,  0.068,  0.087,  1.006
 42420,  0.645,  0.076,  0.591,  0.078,  0.055,  1.003
 42480,  0.758,  0.043,  0.595,  0.066,  0.054,  1.132
 42540,  0.569,  0.079,  0.700,  0.061,  0.078,  1.182
 42600,  0.708,  0.025,  0.599,  0.079,  0.042,  1.127
 42660,  0.715,  0.052,  0.611,  0.065,  0.072,  0.966
 42720,  0.640,  0.045,  0.630,  0.056,  0.026,  1.147
 42780,  0.632,  0.042,  0.607,  0.063,  0.067,  1.053
 42840,  0.683,  0.034,  0.723,  0.087,  0.022,  0.939
 42900,  0.582,  0.035,  0.629,  0.079,  0.026,  0.857
 42960,  0.641,  0.041,  0.602,  0.076,  0.032,  1.049
 43020,  0.658,  0.032,  0.595,  0.079,  0.040,  1.004
 43080,  0.734, -0.016,  0.627,  0.069,  0.024,  1.202
 43140,  0.649,  0.005,  0.661,  0.081,  0.066,  1.013
 43200,  0.636, -0.029,  0.576,  0.092,  0.032,  1.013
 43260,  0.699,  0.081,  0.670,  0.088,  0.047,  1.044
 43320,  0.706,  0.016,  0.647,  0.058,  0.064,  1.000
 43380,  0.677,  0.030,  0.601,  0.094,  0.048,  0.928
 43440,  0.671, -0.032,  0.693,  0.091,  0.037,  0.959
 43500,  0.610, -0.046,  0.667,  0.092,  0.041,  1.102
 43560,  0.730, -0.031,  0.703,  0.076,  0.011,  1.037
 43620,  0.459, -0.017,  0.642,  0.053,  0.050,  1.127
 43680,  0.603, -0.050,  0.724,  0.072,  0.037,  1.282
 43740,  0.606, -0.028,  0.771,  0.129,  0.046,  1.579
 43800,  0.436, -0.118,  0.705,  0.105,  0.024,  1.418
 43860,  0.698, -0.005,  0.679,  0.068,  0.068,  1.190
 43920,  0.605,  0.005,  0.782,  0.078,  0.016,  1.098
 43980,  0.632, -0.019,  0.694,  0.092,  0.023,  1.260
 44040,  0.685, -0.014,  0.750,  0.099,  0.020,  1.105
 44100,  0.702,  0.001,  0.640,  0.057,  0.007,  1.401
 44160,  0.796, -0.063,  0.702,  0.110,  0.016,  1.577
 44220,  0.569,  0.062,  0.708,  0.115,  0.051,  1.356
 44280,  0.721, -0.006,  0.690,  0.061,  0.052,  1.451
 44340,  0.533, -0.074,  0.671,  0.047,  0.021,  1.435
 44400,  0.623, -0.016,  0.698,  0.047,  0.018,  1.183
