CampaignData_and_Merges/R0/CSL_MobileLab_Parked/raw/20240722/USOS-NOAAIodideCIMS-HCOOH_MobileLabGround_20240722_RA.ict
33, 1001
Michael A Robinson, Chris Jernigan, Subi Thakali
NOAA ESRL Chemical Sciences Laboratory and CIRES, U. of Colorado
NOAA Iodide CIMS Instrument
USOS
1, 1
2024, 07, 22, 2024, 07, 24
1
starttime_UTC, seconds_past_midnight, seconds_of_day_since_00:00:00_UTC
1
1
-9999
HCOOH_NOAACIMS, pptv, Gas_HCOOH_InSitu_S_AVMR, 
0
18
PI_CONTACT_INFO: 325 Broadway, R/CSD 7, Boulder, Colorado 80305; michael.a.robinson@noaa.gov; chris.jernigan@noaa.gov;
PLATFORM: NOAA CSL Mobile Lab
LOCATION: SLC, Utah
ASSOCIATED_DATA: 1Hz data also available on request.
INSTRUMENT_INFO: NOAA I- ToF CIMS
DATA_INFO: All data in parts per trillion by volume (pptv). 1 Hz data is available upon request.
UNCERTAINTY: TBD
ULOD_FLAG: -7777
ULOD_VALUE: N/A
LLOD_FLAG: -8888
LLOD_VALUE: N/A
DM_CONTACT_INFO: Nathan Howard; nathan.h.howard@noaa.gov
PROJECT_INFO: USOS, summer 2024. https://csl.noaa.gov/groups/csl7/measurements/2024usos/
STIPULATIONS_ON_USE: Users are strongly encouraged to contact the PI for proper data usage.
OTHER_COMMENTS: 
REVISION: RA
RA: Preliminary Data; For in-field use only
starttime_UTC, HCOOH_NOAACIMS
     0, -9999.000
    60, -9999.000
   120, -9999.000
   180, -9999.000
   240, -9999.000
   300, -9999.000
   360, -9999.000
   420, -9999.000
   480, -9999.000
   540, -9999.000
   600, -9999.000
   660, -9999.000
   720, -9999.000
   780, -9999.000
   840, -9999.000
   900, -9999.000
   960, -9999.000
  1020, -9999.000
  1080, -9999.000
  1140, -9999.000
  1200, -9999.000
  1260, -9999.000
  1320, -9999.000
  1380, -9999.000
  1440, -9999.000
  1500, -9999.000
  1560, -9999.000
  1620, -9999.000
  1680, -9999.000
  1740, -9999.000
  1800, -9999.000
  1860, -9999.000
  1920, -9999.000
  1980, -9999.000
  2040, -9999.000
  2100, -9999.000
  2160, -9999.000
  2220, -9999.000
  2280, -9999.000
  2340, -9999.000
  2400, -9999.000
  2460, -9999.000
  2520, -9999.000
  2580, -9999.000
  2640, -9999.000
  2700, -9999.000
  2760, -9999.000
  2820, -9999.000
  2880, -9999.000
  2940, -9999.000
  3000, -9999.000
  3060, -9999.000
  3120, -9999.000
  3180, -9999.000
  3240, -9999.000
  3300, -9999.000
  3360, -9999.000
  3420, -9999.000
  3480, -9999.000
  3540, -9999.000
  3600, -9999.000
  3660, -9999.000
  3720, -9999.000
  3780, -9999.000
  3840, -9999.000
  3900, -9999.000
  3960, -9999.000
  4020, -9999.000
  4080, -9999.000
  4140, -9999.000
  4200, -9999.000
  4260, -9999.000
  4320, -9999.000
  4380, -9999.000
  4440, -9999.000
  4500, -9999.000
  4560, -9999.000
  4620, -9999.000
  4680, -9999.000
  4740, -9999.000
  4800, -9999.000
  4860, -9999.000
  4920, -9999.000
  4980, -9999.000
  5040, -9999.000
  5100, -9999.000
  5160, -9999.000
  5220, -9999.000
  5280, -9999.000
  5340, -9999.000
  5400, -9999.000
  5460, -9999.000
  5520, -9999.000
  5580, -9999.000
  5640, -9999.000
  5700, -9999.000
  5760, -9999.000
  5820, -9999.000
  5880, -9999.000
  5940, -9999.000
  6000, -9999.000
  6060, -9999.000
  6120, -9999.000
  6180, -9999.000
  6240, -9999.000
  6300, -9999.000
  6360, -9999.000
  6420, -9999.000
  6480, -9999.000
  6540, -9999.000
  6600, -9999.000
  6660, -9999.000
  6720, -9999.000
  6780, -9999.000
  6840, -9999.000
  6900, -9999.000
  6960, -9999.000
  7020, -9999.000
  7080, -9999.000
  7140, -9999.000
  7200, -9999.000
  7260, -9999.000
  7320, -9999.000
  7380, -9999.000
  7440, -9999.000
  7500, -9999.000
  7560, -9999.000
  7620, -9999.000
  7680, -9999.000
  7740, -9999.000
  7800, -9999.000
  7860, -9999.000
  7920, -9999.000
  7980, -9999.000
  8040, -9999.000
  8100, -9999.000
  8160, -9999.000
  8220, -9999.000
  8280, -9999.000
  8340, -9999.000
  8400, -9999.000
  8460, -9999.000
  8520, -9999.000
  8580, -9999.000
  8640, -9999.000
  8700, -9999.000
  8760, -9999.000
  8820, -9999.000
  8880, -9999.000
  8940, -9999.000
  9000, -9999.000
  9060, -9999.000
  9120, -9999.000
  9180, -9999.000
  9240, -9999.000
  9300, -9999.000
  9360, -9999.000
  9420, -9999.000
  9480, -9999.000
  9540, -9999.000
  9600, -9999.000
  9660, -9999.000
  9720, -9999.000
  9780, -9999.000
  9840, -9999.000
  9900, -9999.000
  9960, -9999.000
 10020, -9999.000
 10080, -9999.000
 10140, -9999.000
 10200, -9999.000
 10260, -9999.000
 10320, -9999.000
 10380, -9999.000
 10440, -9999.000
 10500, -9999.000
 10560, -9999.000
 10620, -9999.000
 10680, -9999.000
 10740, -9999.000
 10800, -9999.000
 10860, -9999.000
 10920, -9999.000
 10980, -9999.000
 11040, -9999.000
 11100, -9999.000
 11160, -9999.000
 11220, -9999.000
 11280, -9999.000
 11340, -9999.000
 11400, -9999.000
 11460, -9999.000
 11520, -9999.000
 11580, -9999.000
 11640, -9999.000
 11700, -9999.000
 11760, -9999.000
 11820, -9999.000
 11880, -9999.000
 11940, -9999.000
 12000, -9999.000
 12060, -9999.000
 12120, -9999.000
 12180, -9999.000
 12240, -9999.000
 12300, -9999.000
 12360, -9999.000
 12420, -9999.000
 12480, -9999.000
 12540, -9999.000
 12600, -9999.000
 12660, -9999.000
 12720, -9999.000
 12780, -9999.000
 12840, -9999.000
 12900, -9999.000
 12960, -9999.000
 13020, -9999.000
 13080, -9999.000
 13140, -9999.000
 13200, -9999.000
 13260, -9999.000
 13320, -9999.000
 13380, -9999.000
 13440, -9999.000
 13500, -9999.000
 13560, -9999.000
 13620, -9999.000
 13680, -9999.000
 13740, -9999.000
 13800, -9999.000
 13860, -9999.000
 13920, -9999.000
 13980, -9999.000
 14040, -9999.000
 14100, -9999.000
 14160, -9999.000
 14220, -9999.000
 14280, -9999.000
 14340, -9999.000
 14400, -9999.000
 14460, -9999.000
 14520, -9999.000
 14580, -9999.000
 14640, -9999.000
 14700, -9999.000
 14760, -9999.000
 14820, -9999.000
 14880, -9999.000
 14940, -9999.000
 15000, -9999.000
 15060, -9999.000
 15120, -9999.000
 15180, -9999.000
 15240, -9999.000
 15300, -9999.000
 15360, -9999.000
 15420, -9999.000
 15480, -9999.000
 15540, -9999.000
 15600, -9999.000
 15660, -9999.000
 15720, -9999.000
 15780, -9999.000
 15840, -9999.000
 15900, -9999.000
 15960, -9999.000
 16020, -9999.000
 16080, -9999.000
 16140, -9999.000
 16200, -9999.000
 16260, -9999.000
 16320, -9999.000
 16380, -9999.000
 16440, -9999.000
 16500, -9999.000
 16560, -9999.000
 16620, -9999.000
 16680, -9999.000
 16740, -9999.000
 16800, -9999.000
 16860, -9999.000
 16920, -9999.000
 16980, -9999.000
 17040, -9999.000
 17100, -9999.000
 17160, -9999.000
 17220, -9999.000
 17280, -9999.000
 17340, -9999.000
 17400, -9999.000
 17460, -9999.000
 17520, -9999.000
 17580, -9999.000
 17640, -9999.000
 17700, -9999.000
 17760, -9999.000
 17820, -9999.000
 17880, -9999.000
 17940, -9999.000
 18000, -9999.000
 18060, -9999.000
 18120, -9999.000
 18180, -9999.000
 18240, -9999.000
 18300, -9999.000
 18360, -9999.000
 18420, -9999.000
 18480, -9999.000
 18540, -9999.000
 18600, -9999.000
 18660, -9999.000
 18720, -9999.000
 18780, -9999.000
 18840, -9999.000
 18900, -9999.000
 18960, -9999.000
 19020, -9999.000
 19080, -9999.000
 19140, -9999.000
 19200, -9999.000
 19260, -9999.000
 19320, -9999.000
 19380, -9999.000
 19440, -9999.000
 19500, -9999.000
 19560, -9999.000
 19620, -9999.000
 19680, -9999.000
 19740, -9999.000
 19800, -9999.000
 19860, -9999.000
 19920, -9999.000
 19980, -9999.000
 20040, -9999.000
 20100, -9999.000
 20160, -9999.000
 20220, -9999.000
 20280, -9999.000
 20340, -9999.000
 20400, -9999.000
 20460, -9999.000
 20520, -9999.000
 20580, -9999.000
 20640, -9999.000
 20700, -9999.000
 20760, -9999.000
 20820, -9999.000
 20880, -9999.000
 20940, -9999.000
 21000, -9999.000
 21060, -9999.000
 21120, -9999.000
 21180, -9999.000
 21240, -9999.000
 21300, -9999.000
 21360, -9999.000
 21420, -9999.000
 21480, -9999.000
 21540, -9999.000
 21600, -9999.000
 21660, -9999.000
 21720, -9999.000
 21780, -9999.000
 21840, -9999.000
 21900, -9999.000
 21960, -9999.000
 22020, -9999.000
 22080, -9999.000
 22140, -9999.000
 22200, -9999.000
 22260, -9999.000
 22320, -9999.000
 22380, -9999.000
 22440, -9999.000
 22500, -9999.000
 22560, -9999.000
 22620, -9999.000
 22680, -9999.000
 22740, -9999.000
 22800, -9999.000
 22860, -9999.000
 22920, -9999.000
 22980, -9999.000
 23040, -9999.000
 23100, -9999.000
 23160, -9999.000
 23220, -9999.000
 23280, -9999.000
 23340, -9999.000
 23400, -9999.000
 23460, -9999.000
 23520, -9999.000
 23580, 1977.113
 23640, 2072.906
 23700, 1907.987
 23760, 1886.172
 23820, 1983.308
 23880, 1968.328
 23940, 2068.100
 24000, 2123.337
 24060, 2054.822
 24120, 2111.920
 24180, 2088.575
 24240, 2098.756
 24300, 2120.850
 24360, 2129.457
 24420, 2166.191
 24480, 2132.130
 24540, 2174.388
 24600, 2244.416
 24660, 2313.176
 24720, 2255.883
 24780, 2199.452
 24840, 2283.191
 24900, 2233.112
 24960, 2263.155
 25020, 2186.300
 25080, 2199.164
 25140, 2217.315
 25200, 2155.420
 25260, 2095.633
 25320, 2096.981
 25380, 2188.064
 25440, 2239.836
 25500, 2331.331
 25560, 2307.459
 25620, 2274.097
 25680, 2135.633
 25740, 1950.250
 25800, 1894.738
 25860, 1955.793
 25920, 2124.302
 25980, 2175.203
 26040, 2121.134
 26100, 1795.095
 26160, 1690.069
 26220, 1996.308
 26280, 1922.379
 26340, 1803.331
 26400, 1763.905
 26460, 1856.966
 26520, 1941.320
 26580, 1838.687
 26640, 1750.746
 26700, 1752.772
 26760, 1924.312
 26820, 1891.040
 26880, 1916.987
 26940, 1843.796
 27000, 1861.158
 27060, 1692.550
 27120, -9999.000
 27180, 1782.164
 27240, 1847.342
 27300, 1877.025
 27360, 1844.753
 27420, 1823.264
 27480, 1959.494
 27540, 1799.206
 27600, 1846.082
 27660, 1798.078
 27720, 1812.326
 27780, 1769.313
 27840, 1802.077
 27900, 1777.164
 27960, 1801.094
 28020, 1801.376
 28080, 1742.846
 28140, 1773.235
 28200, 1770.489
 28260, 1801.736
 28320, 1735.801
 28380, 1752.274
 28440, 1732.999
 28500, 1782.166
 28560, 1750.989
 28620, 1734.433
 28680, 1749.597
 28740, 1707.423
 28800, 1741.489
 28860, 1720.024
 28920, 1763.521
 28980, -9999.000
 29040, 1748.033
 29100, 1730.376
 29160, 1724.859
 29220, 1757.075
 29280, 1746.008
 29340, 1741.687
 29400, 1715.834
 29460, 1699.362
 29520, 1659.735
 29580, 1719.297
 29640, 1749.106
 29700, 1754.871
 29760, 1715.510
 29820, 1768.327
 29880, 1738.910
 29940, 1719.335
 30000, 1715.167
 30060, 1696.454
 30120, 1705.976
 30180, 1708.972
 30240, 1720.818
 30300, 1736.296
 30360, 1739.017
 30420, 1732.010
 30480, 1735.772
 30540, 1725.550
 30600, 1712.054
 30660, 1707.755
 30720, 1706.413
 30780, 1702.228
 30840, -9999.000
 30900, 1700.023
 30960, 1680.561
 31020, 1684.148
 31080, 1695.972
 31140, 1679.358
 31200, 1699.143
 31260, 1676.451
 31320, 1662.157
 31380, 1674.497
 31440, 1667.567
 31500, 1688.095
 31560, 1679.272
 31620, 1664.052
 31680, 1674.291
 31740, 1667.271
 31800, 1676.081
 31860, 1681.152
 31920, 1656.389
 31980, 1664.680
 32040, 1679.168
 32100, 1662.942
 32160, 1684.431
 32220, 1667.017
 32280, 1684.940
 32340, 1646.757
 32400, 1678.310
 32460, 1678.677
 32520, 1686.380
 32580, 1715.420
 32640, 1692.598
 32700, -9999.000
 32760, 1680.111
 32820, 1724.341
 32880, 1700.815
 32940, 1686.815
 33000, 1698.613
 33060, 1707.521
 33120, 1707.172
 33180, 1701.844
 33240, 1710.419
 33300, 1706.781
 33360, 1711.503
 33420, 1742.547
 33480, 1714.146
 33540, 1728.774
 33600, 1722.562
 33660, 1713.754
 33720, 1711.865
 33780, 1719.101
 33840, 1714.492
 33900, 1717.053
 33960, 1702.606
 34020, 1702.874
 34080, 1717.688
 34140, 1736.651
 34200, 1715.290
 34260, 1746.307
 34320, 1741.464
 34380, 1714.497
 34440, 1741.927
 34500, 1728.661
 34560, -9999.000
 34620, 1753.533
 34680, 1757.705
 34740, 1752.490
 34800, 1749.672
 34860, 1720.931
 34920, 1698.035
 34980, 1704.975
 35040, 1710.570
 35100, 1704.166
 35160, 1722.048
 35220, 1716.796
 35280, 1722.702
 35340, 1708.286
 35400, 1717.519
 35460, 1722.810
 35520, 1721.737
 35580, 1699.202
 35640, 1714.930
 35700, 1667.098
 35760, 1681.281
 35820, 1699.540
 35880, 1709.722
 35940, 1686.052
 36000, 1721.265
 36060, 1714.404
 36120, 1697.415
 36180, 1694.933
 36240, 1699.548
 36300, 1707.978
 36360, 1685.641
 36420, 1728.165
 36480, 1706.270
 36540, 1710.008
 36600, 1726.990
 36660, 1696.001
 36720, 1719.641
 36780, 1711.667
 36840, 1703.528
 36900, 1700.263
 36960, 1700.054
 37020, 1744.316
 37080, 1704.717
 37140, 1694.441
 37200, 1701.660
 37260, 1711.088
 37320, 1702.082
 37380, 1676.425
 37440, 1675.924
 37500, 1689.593
 37560, 1708.292
 37620, 1704.893
 37680, 1700.579
 37740, 1685.558
 37800, 1696.525
 37860, 1701.071
 37920, 1689.569
 37980, 1655.816
 38040, 1682.135
 38100, 1661.619
 38160, 1682.124
 38220, 1678.093
 38280, -9999.000
 38340, 1680.494
 38400, 1687.052
 38460, 1633.109
 38520, 1642.555
 38580, 1608.829
 38640, 1664.893
 38700, 1662.706
 38760, 1653.086
 38820, 1654.859
 38880, 1644.190
 38940, 1655.056
 39000, 1660.186
 39060, 1662.961
 39120, 1682.275
 39180, 1658.915
 39240, 1673.499
 39300, 1685.852
 39360, 1669.377
 39420, 1654.643
 39480, 1687.040
 39540, 1669.368
 39600, 1696.374
 39660, 1660.222
 39720, 1693.701
 39780, 1670.055
 39840, 1650.370
 39900, 1655.877
 39960, 1667.350
 40020, 1674.480
 40080, 1701.413
 40140, 1672.577
 40200, 1680.580
 40260, 1654.574
 40320, 1641.661
 40380, 1658.634
 40440, 1673.308
 40500, 1648.173
 40560, 1681.595
 40620, 1658.049
 40680, 1681.672
 40740, 1667.708
 40800, 1672.713
 40860, 1643.187
 40920, 1647.824
 40980, 1651.272
 41040, 1651.171
 41100, 1667.871
 41160, 1665.944
 41220, 1659.244
 41280, 1643.749
 41340, 1650.330
 41400, 1659.714
 41460, 1645.866
 41520, 1657.252
 41580, 1661.132
 41640, 1644.657
 41700, 1652.734
 41760, 1673.400
 41820, 1639.061
 41880, 1645.645
 41940, -9999.000
 42000, 1680.080
 42060, 1649.613
 42120, 1653.931
 42180, 1635.021
 42240, 1634.277
 42300, 1637.795
 42360, 1655.093
 42420, 1653.507
 42480, 1620.338
 42540, 1626.957
 42600, 1615.686
 42660, 1650.557
 42720, 1652.698
 42780, 1628.602
 42840, 1630.821
 42900, 1611.427
 42960, 1636.205
 43020, 1638.982
 43080, 1642.700
 43140, 1646.788
 43200, 1639.826
 43260, 1631.036
 43320, 1632.494
 43380, 1658.204
 43440, 1638.962
 43500, 1633.286
 43560, 1656.756
 43620, 1648.145
 43680, 1676.925
 43740, 1631.128
 43800, 1656.038
 43860, 1602.012
 43920, 1636.470
 43980, 1648.804
 44040, 1612.617
 44100, 1624.691
 44160, 1626.669
 44220, 1634.572
 44280, 1631.505
 44340, 1623.779
 44400, 1599.778
 44460, 1607.478
 44520, 1626.211
 44580, 1621.125
 44640, 1617.567
 44700, 1617.316
 44760, 1612.215
 44820, 1628.340
 44880, 1595.685
 44940, 1598.822
 45000, 1654.611
 45060, 1628.015
 45120, 1617.224
 45180, 1615.906
 45240, 1611.303
 45300, 1588.293
 45360, 1619.215
 45420, 1598.318
 45480, 1630.479
 45540, 1583.127
 45600, 1616.884
 45660, -9999.000
 45720, 1626.363
 45780, 1590.536
 45840, 1597.822
 45900, 1601.954
 45960, 1587.655
 46020, 1572.579
 46080, 1623.845
 46140, 1607.158
 46200, 1614.121
 46260, 1622.963
 46320, 1615.013
 46380, 1597.425
 46440, 1619.413
 46500, 1601.542
 46560, 1583.082
 46620, 1590.416
 46680, 1613.830
 46740, 1606.613
 46800, 1766.920
 46860, 1985.117
 46920, 1878.705
 46980, 1753.760
 47040, 1710.545
 47100, 1663.741
 47160, 1620.783
 47220, 1578.055
 47280, 1546.729
 47340, 1522.766
 47400, 1507.529
 47460, 1492.715
 47520, -9999.000
 47580, 1474.938
 47640, 1467.752
 47700, 1463.990
 47760, 1461.769
 47820, 1459.516
 47880, 1441.134
 47940, 1450.875
 48000, 1428.038
 48060, 1433.886
 48120, 1399.316
 48180, 1403.622
 48240, 1427.333
 48300, 1394.199
 48360, 1439.508
 48420, 1421.019
 48480, 1396.638
 48540, 1408.604
 48600, 1390.870
 48660, 1384.529
 48720, 1394.669
 48780, 1394.948
 48840, 1383.690
 48900, 1369.588
 48960, 1371.839
 49020, 1378.364
 49080, 1387.080
 49140, 1403.226
 49200, 1398.986
 49260, 1418.439
 49320, 1400.755
 49380, -9999.000
 49440, 1394.654
 49500, 1393.576
 49560, 1403.263
 49620, 1408.816
 49680, 1399.355
 49740, 1423.363
 49800, 1415.604
 49860, 1424.094
 49920, 1442.812
 49980, 1388.171
 50040, 1429.867
 50100, 1404.165
 50160, 1410.496
 50220, 1418.113
 50280, 1419.063
 50340, 1420.058
 50400, 1409.172
 50460, 1406.550
 50520, 1416.913
 50580, 1424.569
 50640, 1414.007
 50700, 1430.456
 50760, 1432.183
 50820, 1421.844
 50880, 1425.683
 50940, 1415.984
 51000, 1444.457
 51060, 1456.139
 51120, 1453.178
 51180, 1402.300
 51240, -9999.000
 51300, 1436.288
 51360, 1448.114
 51420, 1429.317
 51480, 1413.490
 51540, 1421.118
 51600, 1459.406
 51660, 1440.770
 51720, 1447.065
 51780, 1399.649
 51840, 1424.693
 51900, 1411.857
 51960, 1451.885
 52020, 1445.723
 52080, 1459.687
 52140, 1444.801
 52200, 1448.246
 52260, 1449.168
 52320, 1447.673
 52380, 1412.906
 52440, 1417.860
 52500, 1431.396
 52560, 1446.287
 52620, 1422.997
 52680, 1412.375
 52740, 1429.485
 52800, 1445.197
 52860, 1441.295
 52920, 1453.213
 52980, 1439.627
 53040, 1470.545
 53100, -9999.000
 53160, 1455.851
 53220, 1451.129
 53280, 1455.896
 53340, 1438.944
 53400, 1496.803
 53460, 1494.711
 53520, 1500.577
 53580, 1500.241
 53640, 1502.507
 53700, 1503.459
 53760, 1501.204
 53820, 1465.361
 53880, 1454.683
 53940, 1476.101
 54000, 1481.411
 54060, 1456.248
 54120, 1468.739
 54180, 1453.095
 54240, 1483.973
 54300, 1494.854
 54360, 1494.714
 54420, 1435.805
 54480, 1481.216
 54540, 1477.395
 54600, 1462.305
 54660, 1464.890
 54720, 1462.015
 54780, 1456.740
 54840, 1440.100
 54900, 1459.607
 54960, 1451.572
