CampaignData_and_Merges/R0/CSL_MobileLab_Parked/raw/20240722/USOS-Picarro-CO2-CH4-CO-H2O_MobileLabGround_20240722_R0.ict
38, 1001
Ilana Pollack, Nell Schafer, and Jeff Peischl
NOAA Chemical Sciences Laboratory
Picarro 2401-m CO2/CH4/CO/H2O Analyzer
USOS
1, 1
2024, 07, 22, 2024, 11, 20
0
StartTime_UTC, seconds_past_midnight, seconds past midnight
5
1, 1, 1, 1, 1
-9999, -9999, -9999, -9999, -9999
StopTime_UTC, seconds_past_midnight, seconds past midnight
CO2_ppm_1min, ppm, Gas_CO2_InSitu_S_DMF, carbon dioxide mixing ratio
CH4_ppb_1min, ppb, Gas_CH4_InSitu_S_DMF, methane mixing ratio
CO_ppb_1min, ppb, Gas_CO_InSitu_S_DMF, carbon monoxide mixing ratio
H2O_ppmv_1min, ppmv, Met_H2OMRV_InSitu_S_AVMR, water vapor mixing ratio
1
SPECIAL COMMENTS: N/A
18
PI_CONTACT_INFO: Address: NOAA Chemical Sciences Laboratory, Mail Stop CSL7, 325 Broadway, Boulder, CO 80305; Email: Ilana.Pollack@noaa.gov
PLATFORM: NOAA CSL Mobile Laboratory
LOCATION: The mobile lab was stationed in Salt Lake City, Utah.
ASSOCIATED_DATA: N/A
INSTRUMENT_INFO: CO2, CH4, and CO are reported as dry air mole fractions using a commercial wavelength-scanned cavity ring-down analyzer (Picarro 2401-m). An in-field calibration gas standard of 432±0.07 ppm CO2, 2095±1 ppb CH4, and 183±1 ppb CO, calibrated in the Boulder laboratories before and after the field project using primary CO2, CH4, and CO standard tanks tied to the WMO standard (X2019, X2004A, and X2014A, respectively) from the Global Monitoring Laboratory (GML), was delivered to the inlet every 2-3 days to evaluate instrument sensitivity. A H2O measurement was calibrated before the project with a Dew Point Mirror 373 hygrometer. The water correction calculated from these calibrations was applied to the H2O measurement for the entire campaign. Species are measured at 0.5 Hz and reported as 1-minute averages for stationary measurements.
DATA_INFO: Units: CO2, ppm, dry air mole fraction; CH4, ppb, dry air mole fraction; CO, ppb, dry air mole fraction; H2O, ppmv
UNCERTAINTY: Total uncertainties are estimated as ±0.1 ppm for CO2, ±1 ppb for CH4, ±5 ppb for CO, and ±(50 ppm + 4%) for H2O.
ULOD_FLAG: -7777
ULOD_VALUE: N/A
LLOD_FLAG: -8888
LLOD_VALUE: N/A
DM_CONTACT_INFO: Data Manager: Nathan Howard; nathan.h.howard@noaa.gov
PROJECT_INFO: USOS Dates of Study: July – August 2024
STIPULATIONS_ON_USE: Use of these data require prior ok from PI.
OTHER_COMMENTS: Data are averaged to 1 minute intervals. Stationary data collected from a 10 ft tower on top of the mobile van.
REVISION: R0
R0: Final Data
StartTime_UTC, StopTime_UTC, CO2_ppm_1min, CH4_ppb_1min, CO_ppb_1min, H2O_ppmv_1min
[from data line 761]
45660,45720,428.05,1974.3,181.1,10660.1768
45720,45780,427.98,1974.5,165.2,10656.5146
45780,45840,427.87,1974.3,161.9,10745.4355
45840,45900,428.10,1974.2,165.6,10702.1777
45900,45960,428.11,1974.7,170.7,10771.4629
45960,46020,428.79,1974.8,177.1,10773.0029
46020,46080,428.87,1975.1,178.0,10829.5254
46080,46140,429.04,1975.0,185.4,10853.1738
46140,46200,428.26,1974.9,169.2,10740.1475
46200,46260,428.83,1974.8,164.9,10780.3926
46260,46320,427.44,1974.6,183.6,10768.8555
46320,46380,428.22,1975.2,177.8,10908.9277
46380,46440,427.85,1974.9,163.3,10752.4629
46440,46500,427.60,1974.4,163.8,10703.2637
46500,46560,426.73,1973.9,158.4,10654.9365
46560,46620,426.96,1974.2,159.4,10688.8135
46620,46680,427.05,1974.3,159.1,10776.6553
46680,46740,427.38,1974.3,162.1,10770.6738
46740,46800,426.86,1974.1,163.2,10707.3242
46800,46860,427.06,1974.0,164.2,10715.0586
46860,46920,427.49,1974.6,162.4,10820.4834
46920,46980,427.34,1974.6,177.8,10816.2002
46980,47040,427.08,1975.1,174.1,10865.1436
47040,47100,427.76,1975.1,170.6,10966.4912
47100,47160,427.43,1975.2,163.3,10890.5547
47160,47220,427.81,1974.9,168.6,10886.5029
47220,47280,426.52,1974.2,159.7,10773.4053
47280,47340,426.77,1974.3,162.2,10783.9600
47340,47400,426.73,1974.8,162.0,10927.3350
47400,47460,429.92,1975.2,204.7,11099.5508
47460,47520,428.75,1974.9,188.8,10928.7676
47520,47580,427.83,1974.8,176.4,10893.9902
47580,47640,427.46,1975.5,165.3,10980.1934
47640,47700,427.29,1975.2,165.7,11069.7148
47700,47760,426.59,1974.9,164.0,10900.0693
47760,47820,428.15,1975.7,175.6,11041.0371
47820,47880,427.28,1975.0,170.5,11026.5732
47880,47940,427.79,1975.6,174.1,11045.4893
47940,48000,428.01,1975.0,175.1,10969.2246
48000,48060,429.03,1974.7,190.6,10942.3330
48060,48120,427.59,1974.1,172.3,11187.0361
48120,48180,428.31,1974.3,171.3,10896.4072
48180,48240,430.07,1975.1,176.1,11020.7354
48240,48300,426.59,1974.6,162.4,10983.5273
48300,48360,426.49,1974.6,164.9,11044.9639
48360,48420,426.65,1974.6,165.4,10928.1787
48420,48480,426.73,1974.9,161.7,11174.9580
48480,48540,426.64,1975.2,163.1,11134.7842
48540,48600,426.19,1974.8,159.8,10927.5752
48600,48660,427.32,1974.6,170.6,10946.2715
48660,48720,428.60,1975.1,166.8,10850.2783
48720,48780,430.26,1975.9,173.3,11081.3545
48780,48840,427.89,1974.9,168.1,11068.3945
48840,48900,432.22,1975.1,281.0,11054.0518
48900,48960,429.69,1974.8,203.5,11067.2773
48960,49020,428.13,1974.9,173.2,11060.1953
49020,49080,428.64,1975.4,166.5,11099.1133
49080,49140,429.32,1975.4,167.8,11091.2529
49140,49200,426.48,1976.1,174.6,11213.7998
49200,49260,426.52,1976.3,187.5,11286.5986
49260,49320,426.06,1976.2,179.1,11220.0322
49320,49380,427.21,1976.0,180.9,11145.5586
49380,49440,425.66,1974.9,168.3,10997.5693
49440,49500,427.18,1974.8,167.4,10968.9609
49500,49560,427.15,1975.5,174.0,10979.5752
49560,49620,428.73,1975.9,177.8,11140.6680
49620,49680,427.74,1975.8,176.7,11139.8252
49680,49740,428.08,1975.5,177.4,11187.9473
49740,49800,425.47,1975.2,165.9,11203.4561
49800,49860,426.18,1975.3,162.7,11247.8779
49860,49920,425.73,1975.5,166.7,11290.7568
49920,49980,425.55,1975.3,165.4,11272.4590
49980,50040,425.82,1976.9,176.8,11357.8496
50040,50100,426.35,1976.8,210.4,11307.4297
50100,50160,425.31,1976.0,174.1,11175.7402
50160,50220,426.53,1975.6,174.2,11248.1904
50220,50280,425.60,1975.5,168.1,11399.2725
50280,50340,426.67,1974.8,169.2,11231.6904
50340,50400,425.92,1974.7,166.4,11141.1494
50400,50460,427.52,1975.2,174.2,11212.1338
50460,50520,425.13,1975.0,167.1,11350.6699
50520,50580,426.72,1975.6,237.1,11310.1094
50580,50640,425.09,1975.4,189.2,11316.6787
50640,50700,426.81,1975.6,187.1,11397.1650
50700,50760,425.36,1975.5,172.0,11386.8281
50760,50820,424.80,1975.2,166.1,11226.1582
50820,50880,424.21,1975.1,162.6,11385.8857
50880,50940,425.42,1975.3,169.6,11299.8857
50940,51000,425.61,1975.7,171.2,11547.4785
51000,51060,426.28,1976.0,173.5,11656.8770
51060,51120,424.98,1975.3,164.4,11347.0186
51120,51180,424.99,1975.0,165.8,11330.5908
51180,51240,424.39,1974.9,161.9,11464.7363
51240,51300,424.17,1975.0,161.1,11473.3682
51300,51360,424.57,1975.3,163.1,11476.8408
51360,51420,426.63,1975.4,181.4,11350.7822
51420,51480,425.28,1974.9,177.7,11276.7266
51480,51540,425.23,1975.1,172.8,11277.0977
51540,51600,424.83,1975.6,175.0,11839.0459
51600,51660,424.88,1975.0,163.7,11349.2568
51660,51720,424.28,1974.8,167.7,11357.7646
51720,51780,426.03,1974.9,168.9,11326.4590
51780,51840,424.03,1974.7,163.8,11258.7451
51840,51900,426.87,1975.2,187.9,11441.9170
51900,51960,425.28,1975.2,175.9,11708.3408
51960,52020,424.96,1975.2,170.8,11619.2520
52020,52080,424.88,1975.6,212.4,11572.3730
52080,52140,425.53,1975.5,194.8,11622.9043
52140,52200,425.47,1975.6,217.3,11391.0107
52200,52260,426.50,1975.5,184.0,11299.5576
52260,52320,424.75,1975.2,164.1,11388.9551
52320,52380,424.93,1974.6,167.5,11332.8076
52380,52440,423.95,1975.0,176.3,11575.1982
52440,52500,425.02,1975.0,196.6,11369.7715
52500,52560,424.62,1975.1,191.3,11513.8643
52560,52620,425.98,1975.2,187.1,11411.9678
52620,52680,423.44,1974.3,159.5,11244.4150
52680,52740,423.46,1974.5,161.1,11493.8857
52740,52800,423.94,1974.6,163.7,11340.3916
52800,52860,424.90,1975.1,173.5,11420.1943
52860,52920,425.42,1974.4,165.4,11150.2266
52920,52980,426.65,1974.8,176.6,11438.3818
52980,53040,425.33,1975.1,172.1,11714.2539
53040,53100,424.97,1974.8,164.2,11413.6162
53100,53160,425.82,1975.5,175.9,11481.8643
53160,53220,427.10,1975.6,173.2,11660.5146
53220,53280,423.98,1974.7,163.0,11436.2207
53280,53340,425.50,1975.0,173.4,11524.3369
53340,53400,425.24,1975.5,168.9,12005.8682
53400,53460,427.61,1975.3,175.4,11865.2129
53460,53520,423.66,1975.3,169.6,11831.2109
53520,53580,424.66,1974.8,173.4,11476.4814
53580,53640,426.13,1975.1,179.2,11744.7354
53640,53700,427.70,1975.3,206.9,11570.4961
53700,53760,425.10,1975.9,292.7,11567.0479
53760,53820,424.07,1974.5,172.6,11473.4893
53820,53880,423.30,1974.3,170.4,11541.0234
53880,53940,424.95,1974.9,191.7,11748.9082
53940,54000,424.81,1975.4,181.8,11781.4473
54000,54060,425.62,1974.8,168.2,11495.5117
54060,54120,423.28,1974.6,165.6,11479.4443
54120,54180,423.53,1974.3,162.5,11488.4307
54180,54240,423.47,1974.7,169.0,11577.2246
54240,54300,422.66,1974.9,163.6,11500.1367
54300,54360,423.97,1974.7,176.0,11375.6113
54360,54420,423.96,1974.7,168.5,11369.3330
54420,54480,424.17,1975.4,189.1,11520.4814
54480,54540,424.08,1975.1,192.7,11393.7705
54540,54600,423.86,1975.1,162.8,11413.2510
54600,54660,425.20,1975.2,171.9,11560.8848
54660,54720,423.90,1974.6,164.9,11515.2041
54720,54780,423.44,1973.7,162.5,11033.0947
54780,54840,425.59,1975.0,243.0,11259.2881
54840,54900,423.67,1974.4,174.8,11485.8613
54900,54960,423.67,1974.5,162.9,11489.4082
54960,55020,424.67,1974.8,183.3,11593.0439
55020,55080,425.08,1974.6,176.3,11480.4648
55080,55140,423.53,1974.5,165.8,11757.2715
55140,55200,423.90,1973.6,163.8,11182.1240
55200,55260,425.16,1973.8,175.2,11323.2891
55260,55320,426.14,1974.2,176.3,11628.1973
55320,55380,423.71,1973.9,167.1,11399.2822
55380,55440,424.50,1973.8,167.1,11512.3682
55440,55500,424.68,1974.4,167.5,11515.7734
55500,55560,423.59,1973.9,162.7,11400.6719
55560,55620,424.36,1973.0,163.5,11198.5732
55620,55680,423.26,1972.4,158.0,10974.0215
55680,55740,423.22,1972.7,159.4,11103.4971
55740,55800,424.99,1972.9,162.2,11219.8027
55800,55860,424.07,1973.0,161.7,11472.5615
55860,55920,425.86,1973.5,163.2,11905.5537
55920,55980,424.96,1973.5,164.6,11820.3613
55980,56040,425.27,1973.2,173.3,11237.1465
56040,56100,425.35,1974.1,187.7,11339.6299
56100,56160,424.72,1974.4,180.8,11874.7354
56160,56220,424.69,1974.4,164.8,11784.5713
56220,56280,425.36,1975.1,162.6,11740.1152
56280,56340,422.82,1974.5,160.0,11785.5156
56340,56400,423.47,1973.7,167.5,11481.9141
56400,56460,424.33,1973.6,169.0,11446.7188
56460,56520,424.07,1973.8,165.0,11741.1611
56520,56580,425.16,1974.4,188.9,11662.4756
56580,56640,422.38,1974.4,170.8,11710.0732
56640,56700,425.52,1974.7,176.2,11589.4883
56700,56760,423.12,1974.2,172.9,11674.7998
56760,56820,423.46,1974.1,174.7,11448.4658
56820,56880,422.48,1974.2,165.1,11784.0957
56880,56940,424.16,1973.9,176.3,11792.9893
56940,57000,421.94,1972.6,165.0,11323.3691
57000,57060,422.29,1973.2,164.7,11525.5225
57060,57120,423.51,1972.7,163.7,11486.0264
57120,57180,423.54,1971.7,163.0,11166.9697
57180,57240,421.70,1972.5,163.1,11307.2344
57240,57300,423.48,1973.8,185.0,11571.5527
57300,57360,426.94,1973.9,185.2,11921.1807
57360,57420,-9999,-9999,-9999,-9999
57420,57480,-9999,-9999,-9999,-9999
57480,57540,421.54,1974.3,162.7,11814.3496
57540,57600,421.64,1974.3,185.2,11838.8496
57600,57660,422.65,1974.6,168.9,12116.3926
57660,57720,-9999,-9999,-9999,-9999
57720,57780,-9999,-9999,-9999,-9999
57780,57840,-9999,-9999,-9999,-9999
57840,57900,-9999,-9999,-9999,-9999
57900,57960,421.76,1975.0,163.1,11900.3311
57960,58020,422.64,1975.3,168.7,11902.9063
58020,58080,422.26,1976.1,220.0,12354.0967
58080,58140,421.12,1974.6,164.1,12044.8838
58140,58200,421.27,1974.0,163.9,11877.2783
58200,58260,421.81,1973.7,163.3,11197.1250
58260,58320,424.20,1974.5,176.0,11689.3838
58320,58380,422.14,1974.8,168.7,11848.6504
58380,58440,421.85,1975.2,176.2,11792.1855
58440,58500,422.67,1975.0,181.2,11778.9355
58500,58560,422.11,1974.9,167.6,11564.5527
58560,58620,423.67,1982.9,226.2,12002.3828
58620,58680,425.53,1979.1,197.3,12268.9775
58680,58740,423.61,1976.8,181.6,12221.1074
58740,58800,423.64,1975.8,173.8,12135.4111
58800,58860,421.78,1975.1,166.0,11898.9033
58860,58920,421.52,1974.8,162.7,11762.3271
58920,58980,422.79,1975.8,167.9,11992.4063
58980,59040,422.78,1976.2,169.3,12422.5508
59040,59100,421.78,1975.7,164.0,11981.7568
59100,59160,422.96,1976.1,170.3,12326.9668
59160,59220,424.13,1977.5,192.2,12452.2217
59220,59280,421.55,1977.1,176.8,12291.1670
59280,59340,420.30,1976.8,164.9,12366.7344
59340,59400,420.27,1976.7,164.4,12266.2373
59400,59460,420.92,1977.2,172.7,12480.1396
59460,59520,423.29,1976.7,210.3,12146.9727
59520,59580,420.88,1976.1,180.7,12083.8613
59580,59640,421.91,1976.3,171.6,12168.9961
59640,59700,423.51,1976.6,173.4,12828.8721
59700,59760,421.65,1976.5,170.7,12294.0781
59760,59820,421.27,1975.7,164.6,11815.4268
59820,59880,421.52,1976.4,165.3,12160.9414
59880,59940,423.34,1978.0,175.5,12435.2119
59940,60000,423.94,1978.7,180.6,12775.0557
60000,60060,422.59,1977.9,179.9,12403.3965
60060,60120,420.61,1977.1,191.8,12378.1729
60120,60180,421.04,1977.7,209.3,12324.6738
60180,60240,423.86,1977.1,180.5,12660.0781
60240,60300,428.41,1974.4,181.3,11744.2607
60300,60360,424.06,1974.5,171.8,11365.4873
60360,60420,423.52,1974.8,177.8,11510.4463
60420,60480,426.64,1975.6,177.0,12122.0908
60480,60540,423.44,1977.1,169.2,13350.1729
60540,60600,422.72,1978.9,212.4,13007.7061
60600,60660,423.76,1978.4,172.1,12697.3027
60660,60720,422.31,1978.2,166.8,12485.7266
60720,60780,422.75,1978.6,169.1,12343.8076
60780,60840,424.58,1978.9,179.5,12760.0742
60840,60900,421.10,1979.4,179.1,13144.6777
60900,60960,420.26,1979.5,168.5,12843.7891
60960,61020,421.28,1979.8,171.9,13654.2666
61020,61080,422.06,1980.3,195.1,13414.9121
61080,61140,426.48,1981.0,223.8,13542.3994
61140,61200,421.91,1979.8,176.5,12880.0176
61200,61260,421.17,1980.8,172.1,13366.8164
61260,61320,422.82,1981.2,189.0,12907.5225
61320,61380,424.59,1981.8,206.7,13134.7861
61380,61440,423.93,1982.5,205.3,14013.2432
61440,61500,420.28,1981.7,190.2,13877.0801
61500,61560,420.43,1982.5,177.7,13189.4785
61560,61620,422.37,1980.3,184.8,13253.7695
61620,61680,423.31,1979.3,177.4,12496.9648
61680,61740,422.49,1979.9,200.3,13735.6436
61740,61800,423.98,1981.4,188.6,13656.0547
61800,61860,421.01,1981.9,168.8,12669.8838
61860,61920,421.71,1983.0,186.9,12852.1387
61920,61980,421.29,1982.2,182.4,12736.2773
61980,62040,420.86,1982.6,171.9,13136.2910
62040,62100,420.41,1982.3,167.8,13049.0732
62100,62160,422.28,1983.1,166.4,13218.6191
62160,62220,420.16,1983.0,177.4,13090.2471
62220,62280,419.93,1983.4,189.3,13272.7754
62280,62340,423.98,1984.3,195.4,13762.8115
62340,62400,424.83,1985.2,182.5,14104.1309
62400,62460,473.64,2045.8,4875.0,13734.8496
62460,62520,480.15,2010.0,265.1,14015.7412
62520,62580,424.92,1985.9,176.6,12698.2588
62580,62640,436.04,1996.6,1315.1,12760.3506
62640,62700,439.79,2050.9,2497.4,12836.4805
62700,62760,453.31,2059.0,7302.2,12898.8076
62760,62820,433.39,1989.5,945.5,12185.1406
62820,62880,427.43,1985.8,382.0,12358.4717
62880,62940,445.15,1992.3,1736.3,12354.3760
62940,63000,428.09,1986.8,404.5,12616.0508
63000,63060,434.27,1985.9,233.8,12539.7480
63060,63120,437.27,1985.7,223.9,12849.2666
63120,63180,433.21,1983.5,213.9,12794.4873
63180,63240,422.90,1984.0,175.4,12575.0068
63240,63300,421.23,1985.0,173.6,12906.4111
63300,63360,421.92,1995.5,189.2,13332.1982
63360,63420,423.01,1981.8,202.6,13092.8906
63420,63480,426.97,1980.9,230.7,12524.5889
63480,63540,423.35,1984.5,225.2,12371.1494
63540,63600,424.37,1995.7,232.6,13198.4404
63600,63660,431.88,2010.9,261.1,12829.4404
63660,63720,430.84,2007.9,224.8,13759.0723
63720,63780,430.93,2014.6,249.7,12857.7705
63780,63840,434.11,1988.6,233.5,12311.0381
63840,63900,441.28,1986.6,239.5,12052.2588
63900,63960,445.58,2001.8,311.0,12289.9365
63960,64020,433.39,1984.1,312.2,11951.3779
64020,64080,458.88,1990.9,471.7,11916.6504
64080,64140,454.55,1988.5,536.5,11639.6387
64140,64200,489.73,1983.3,404.3,11304.2246
64200,64260,512.87,2005.2,778.0,11261.7100
64260,64320,453.73,1988.5,482.6,12085.0801
64320,64380,450.09,1991.2,423.2,12098.1797
64380,64440,446.42,1984.9,385.6,11824.0850
64440,64500,456.73,2019.7,633.0,11588.8682
64500,64560,451.47,1999.0,366.2,11118.3164
64560,64620,442.26,1987.4,359.4,10840.6650
64620,64680,440.54,2027.9,311.4,10853.8125
64680,64740,463.11,1984.6,407.6,10917.0195
64740,64800,433.53,1976.1,256.3,10846.5400
64800,64860,429.37,1975.6,207.1,10783.7217
64860,64920,429.38,1997.1,589.4,10805.8584
64920,64980,436.90,1999.3,5939.4,10840.7207
64980,65040,444.47,1989.8,1572.3,11589.5947
65040,65100,462.41,2051.6,1194.4,11967.6846
65100,65160,445.59,2001.3,1279.2,12099.3379
65160,65220,438.06,1992.5,718.2,12054.0195
65220,65280,457.67,1992.8,556.9,12479.5439
65280,65340,451.64,2000.5,416.2,13029.3857
65340,65400,440.50,1991.9,493.1,12966.5869
65400,65460,446.05,1993.6,766.3,13383.1572
65460,65520,439.51,1992.5,550.3,13140.8672
65520,65580,464.43,1995.1,726.2,13008.2793
65580,65640,450.33,1989.4,402.4,13346.1543
65640,65700,451.93,1987.5,501.0,12803.0781
65700,65760,448.12,1984.1,261.3,12460.1992
65760,65820,442.83,1982.6,315.6,12150.6445
65820,65880,438.69,1990.5,395.2,12313.1348
65880,65940,438.77,1988.1,1662.2,11200.8906
65940,66000,442.67,1980.3,275.6,11404.2461
66000,66060,426.97,1978.1,265.0,10461.0596
66060,66120,432.23,1973.7,523.9,10043.2549
66120,66180,430.40,1972.4,421.9,9976.2393
66180,66240,431.64,1973.0,271.8,10048.7910
66240,66300,428.31,1971.5,208.0,10410.9658
66300,66360,429.50,1974.0,198.3,10659.1572
66360,66420,431.62,1972.0,325.7,10665.1592
66420,66480,428.08,1972.4,261.8,11004.3330
66480,66540,431.07,1977.5,246.1,11689.3555
66540,66600,443.05,1982.7,354.5,12338.6504
66600,66660,432.30,1982.3,224.9,12296.3096
66660,66720,452.09,1983.1,340.8,12152.2607
66720,66780,447.08,1983.4,295.0,11916.4346
66780,66840,485.20,1988.6,473.9,12017.8330
66840,66900,444.76,1983.7,286.7,12112.1025
66900,66960,458.13,1989.1,579.1,11812.1494
66960,67020,466.68,1983.5,351.4,11712.7422
67020,67080,467.85,1988.2,375.2,11258.9385
67080,67140,451.75,1978.9,290.5,11279.0010
67140,67200,445.55,1977.5,278.1,11027.9111
67200,67260,430.81,1975.0,218.9,11475.4785
67260,67320,427.77,1972.2,192.5,10865.6406
67320,67380,423.68,1973.9,189.3,10535.3340
67380,67440,430.69,1973.9,196.2,10616.0254
67440,67500,423.63,1972.3,188.2,10438.0918
67500,67560,423.52,1972.5,186.5,10479.0996
67560,67620,425.88,1973.2,191.5,10569.8516
67620,67680,424.17,1973.7,193.3,10632.4063
67680,67740,424.27,1974.4,197.5,10779.3896
67740,67800,424.09,1974.4,199.5,11061.1553
67800,67860,424.11,1976.0,197.8,10954.9600
67860,67920,424.80,1975.4,199.7,10935.8535
67920,67980,425.87,1976.7,202.0,10951.8213
