CampaignData_and_Merges/R0/CSL_MobileLab_Parked/raw/20240722/USOS-NOy-LIF_MobileLabGround_20240722_R0.ict
39,1001
Rollins, A.; Waxman, E.; Zuraski, K.; Chace, W.
NOAA Chemical Sciences Laboratory
LIF NO/NOx/NOy on CSL Mobile Lab
AMMBEC / USOS
1, 1
2024,07,22, 2025,01,03
1
Time_Start, seconds, number_of_seconds_since_0000_UTC
7
1, 1, 1, 1, 1, 1, 1
-9999, -9999, -9999, -9999, -9999, -9999, -9999
Time_Stop, seconds, number_of_seconds_since_0000_UTC
NO_LIF, pptv, Gas_NO_InSitu_S_AVMR, volume mixing ratio of nitric oxide in air
NO2_LIF, pptv, Gas_NO2_InSitu_S_AVMR, volume mixing ratio of nitrogen dioxide in air
NOy_LIF, pptv, Gas_NOy_InSitu_S_AVMR, volume mixing ratio of total oxidized nitrogen in air
NO_LIF_1SigmaAccuracy, pptv, Gas_NO_InSitu_S_AVMR, volume mixing ratio of nitric oxide in air
NO2_LIF_1SigmaAccuracy, pptv, Gas_NO2_InSitu_S_AVMR, volume mixing ratio of nitrogen dioxide in air
NOy_LIF_1SigmaAccuracy, pptv, Gas_NOy_InSitu_S_AVMR, volume mixing ratio of total oxidized nitrogen in air
0
18
PI_CONTACT_INFO: andrew.rollins@noaa.gov
PLATFORM: CSL Mobile Lab
LOCATION: Salt Lake City, UT
ASSOCIATED_DATA:
INSTRUMENT_INFO: NO detection by laser induced fluorescence. NO2 detection by photolytic conversion to NO. NOy detection by catalytic conversion to NO on gold surface
DATA_INFO:
UNCERTAINTY: Included 1 Sigma Accuracy waves represent the combined calibration uncertainties (±6%, ±9%, ±10%) and zero uncertainties (3 ppt, 20 ppt, 100 ppt) for NO, NO2, and NOy, respectively.
ULOD_FLAG: -7777
ULOD_VALUE: N/A
LLOD_FLAG: -8888
LLOD_VALUE: N/A
DM_CONTACT_INFO: andrew.rollins@noaa.gov
PROJECT_INFO: USOS Project, July - August 2024
STIPULATIONS_ON_USE: Users are strongly encouraged to contact the PI for proper data usage.
OTHER_COMMENTS:
REVISION: R0
R0: final data
Time_Start, Time_Stop, NO_LIF, NO2_LIF, NOy_LIF, NO_LIF_1SigmaAccuracy, NO2_LIF_1SigmaAccuracy, NOy_LIF_1SigmaAccuracy
[from data line 526]
   31560,   31620,13.355,543.61,1239.1,3.8013, 68.925, 223.91
   31620,   31680,77.277,626.21,1381.9,7.6366, 76.359, 238.19
   31680,   31740,15.017,566.13,1293.5,3.901, 70.951, 229.35
   31740,   31800,11.063,535.75,1217.4,3.6638, 68.217, 221.74
   31800,   31860,11.196,541.2,1215.1,3.6718, 68.708, 221.51
   31860,   31920,17.738,550.02,1254.4,4.0643, 69.501, 225.44
   31920,   31980,29.924,585.28,1294.3,4.7954, 72.676, 229.43
   31980,   32040,10.343,552.61,1211.7,3.6206, 69.735, 221.17
   32040,   32100,13.161,552.73,1228.2,3.7897, 69.746, 222.82
   32100,   32160,14.21,573.82,1223.8,3.8526, 71.644, 222.38
   32160,   32220,17.719,573.99,1253.3,4.0631, 71.659, 225.33
   32220,   32280,94.702,682.08,1458.2,8.6821, 81.387, 245.82
   32280,   32340,14.339,587.93,1278.5,3.8603, 72.914, 227.85
   32340,   32400,16.003,587.74,1281.9,3.9602, 72.897, 228.19
   32400,   32460,14.295,577.76,1262.6,3.8577, 71.998, 226.26
   32460,   32520,16.615,575.85,1245.8,3.9969, 71.827, 224.58
   32520,   32580,10.162,608.73,1287.8,3.6097, 74.786, 228.78
   32580,   32640,12.858,605.26,1298.5,3.7715, 74.473, 229.85
   32640,   32700,13.389,589.61,1273.9,3.8033, 73.065, 227.39
   32700,   32760,9.1833,586.75,1274.6,3.551, 72.807, 227.46
   32760,   32820,14.764,565.59,1248.3,3.8858, 70.903, 224.83
   32820,   32880,8.8503,554.03,1202.5,3.531, 69.863, 220.25
   32880,   32940,9.3386,536.13,1240,3.5603, 68.252, 224
   32940,   33000,11.725,556.47,1251.4,3.7035, 70.082, 225.14
   33000,   33060,11.849,560.92,1251.6,3.711, 70.483, 225.16
   33060,   33120,9.6211,562.76,1266.1,3.5773, 70.649, 226.61
   33120,   33180,10.735,581.28,1232.3,3.6441, 72.316, 223.23
   33180,   33240,12.455,579.71,1266.5,3.7473, 72.174, 226.65
   33240,   33300,11.205,573.69,1269.6,3.6723, 71.632, 226.96
   33300,   33360,16.133,567.31,1273.9,3.968, 71.058, 227.39
   33360,   33420,3339.3,4885.4,5765.5,203.36, 459.69, 676.55
   33420,   33480,337.1,1973.6,5038.8,23.226, 197.63, 603.88
   33480,   33540,56.313,1293.9,2354,6.3788, 136.45, 335.4
   33540,   33600,22.81,963.65,1872,4.3686, 106.73, 287.2
   33600,   33660,9.5218,602.99,1459.5,3.5713, 74.269, 245.95
   33660,   33720,10.881,570.92,1271.8,3.6529, 71.383, 227.18
   33720,   33780,14.088,595.04,1300.2,3.8453, 73.554, 230.02
   33780,   33840,14.769,563.71,1277.3,3.8861, 70.734, 227.73
   33840,   33900,10.844,545.35,1241.3,3.6507, 69.081, 224.13
   33900,   33960,31.64,608.17,1347.9,4.8984, 74.735, 234.79
   33960,   34020,19.42,642.28,1391.5,4.1652, 77.805, 239.15
   34020,   34080,11,564.91,1302.7,3.66, 70.842, 230.27
   34080,   34140,9.9234,564.08,1266.6,3.5954, 70.768, 226.66
   34140,   34200,9.0525,562.87,1261.7,3.5432, 70.659, 226.17
   34200,   34260,14.042,587.42,1300.8,3.8425, 72.868, 230.08
   34260,   34320,7.185,585.34,1289.2,3.4311, 72.681, 228.92
   34320,   34380,9.6375,594.37,1287.5,3.5782, 73.493, 228.75
   34380,   34440,10.951,585.13,1308.8,3.6571, 72.661, 230.88
   34440,   34500,11.689,593.4,1362,3.7013, 73.406, 236.2
   34500,   34560,9.7623,609.5,1366.6,3.5857, 74.855, 236.66
   34560,   34620,7.7988,609.06,1353.2,3.4679, 74.816, 235.32
   34620,   34680,33.214,808.01,1450.5,4.9928, 92.721, 245.05
   34680,   34740,8.2811,693.55,1461.3,3.4969, 82.419, 246.13
   34740,   34800,14.819,655.64,1400.1,3.8891, 79.008, 240.01
   34800,   34860,9.343,594,1394.4,3.5606, 73.46, 239.44
   34860,   34920,8.0392,584.42,1321.2,3.4824, 72.598, 232.12
   34920,   34980,12.984,585.11,1294.6,3.779, 72.66, 229.46
   34980,   35040,9.071,595.04,1278.1,3.5443, 73.554, 227.81
   35040,   35100,10.627,583.33,1293.7,3.6376, 72.5, 229.37
   35100,   35160,11.958,585.65,1312.3,3.7175, 72.709, 231.23
   35160,   35220,26.377,659.14,1407.3,4.5826, 79.323, 240.73
   35220,   35280,13.49,623.98,1374.1,3.8094, 76.158, 237.41
   35280,   35340,10.758,594.77,1303.8,3.6455, 73.529, 230.38
   35340,   35400,15.312,604.35,1324.8,3.9187, 74.392, 232.48
   35400,   35460,6.5602,610.15,1407.6,3.3936, 74.914, 240.76
   35460,   35520,-9999,-9999,-9999,-9999, -9999, -9999
   35520,   35580,-9999,-9999,-9999,-9999, -9999, -9999
   35580,   35640,-9999,-9999,-9999,-9999, -9999, -9999
   35640,   35700,-9999,-9999,-9999,-9999, -9999, -9999
   35700,   35760,-9999,-9999,-9999,-9999, -9999, -9999
   35760,   35820,-9999,-9999,-9999,-9999, -9999, -9999
   35820,   35880,-9999,-9999,-9999,-9999, -9999, -9999
   35880,   35940,8.9868,584.18,1286.8,3.5392, 72.576, 228.68
   35940,   36000,17.467,606.06,1336.9,4.048, 74.545, 233.69
   36000,   36060,13.801,629.35,1373.4,3.828, 76.642, 237.34
   36060,   36120,54.489,763.61,1622.7,6.2694, 88.725, 262.27
   36120,   36180,13.503,626.24,1400.8,3.8102, 76.362, 240.08
   36180,   36240,11.756,577.41,1311.3,3.7054, 71.967, 231.13
   36240,   36300,13.789,586.32,1316.6,3.8274, 72.769, 231.66
   36300,   36360,9.4078,584.25,1308.8,3.5645, 72.582, 230.88
   36360,   36420,15.252,596.33,1330.7,3.9151, 73.669, 233.07
   36420,   36480,17.378,615.65,1395.3,4.0427, 75.408, 239.53
   36480,   36540,14.379,594.32,1313.3,3.8627, 73.489, 231.33
   36540,   36600,12.871,616.9,1363.9,3.7722, 75.521, 236.39
   36600,   36660,10.615,594.62,1327.5,3.6369, 73.515, 232.75
   36660,   36720,13.264,594.94,1346.6,3.7958, 73.544, 234.66
   36720,   36780,10.042,589.48,1305.3,3.6025, 73.053, 230.53
   36780,   36840,9.5147,578.09,1430.9,3.5709, 72.028, 243.09
   36840,   36900,8.5499,589.59,1304.6,3.513, 73.063, 230.46
   36900,   36960,13.6,591.79,1336.8,3.816, 73.261, 233.68
   36960,   37020,8.18,583.51,1307.5,3.4908, 72.516, 230.75
   37020,   37080,10.593,606.83,1330.4,3.6356, 74.615, 233.04
   37080,   37140,7.2465,588.06,1291,3.4348, 72.925, 229.1
   37140,   37200,7.3953,605.25,1304.8,3.4437, 74.473, 230.48
   37200,   37260,19.468,630.3,1363,4.1681, 76.727, 236.3
   37260,   37320,13.878,633.26,1355,3.8327, 76.994, 235.5
   37320,   37380,13.697,562.65,1321.8,3.8218, 70.638, 232.18
   37380,   37440,12.797,535.6,1256.7,3.7678, 68.204, 225.67
   37440,   37500,9.702,528.1,1226.9,3.5821, 67.529, 222.69
   37500,   37560,8.695,545.1,1240.9,3.5217, 69.059, 224.09
   37560,   37620,11.856,562.83,1280.3,3.7114, 70.655, 228.03
   37620,   37680,11.616,567.09,1284.2,3.6969, 71.038, 228.42
   37680,   37740,118.61,812.18,1536.6,10.117, 93.096, 253.66
   37740,   37800,28.289,701.08,1538.4,4.6974, 83.098, 253.84
   37800,   37860,8.1451,573.67,1268.3,3.4887, 71.63, 226.83
   37860,   37920,8.3855,561.22,1257.4,3.5031, 70.51, 225.74
   37920,   37980,11.587,543.54,1260,3.6952, 68.918, 226
   37980,   38040,18.492,564.03,1278.6,4.1095, 70.762, 227.86
   38040,   38100,13.179,561.23,1293.1,3.7908, 70.511, 229.31
   38100,   38160,15.929,557.61,1268.7,3.9558, 70.185, 226.87
   38160,   38220,13.869,561.15,1261.3,3.8321, 70.503, 226.13
   38220,   38280,9.0897,530.37,1224,3.5454, 67.733, 222.4
   38280,   38340,9.7897,529.92,1228.7,3.5874, 67.693, 222.87
   38340,   38400,19.548,547.53,1259.5,4.1729, 69.278, 225.95
   38400,   38460,9.4265,528.08,1230.4,3.5656, 67.528, 223.04
   38460,   38520,37.982,551.49,1248.5,5.2789, 69.634, 224.85
   38520,   38580,41.488,631.35,1403,5.4893, 76.821, 240.3
   38580,   38640,13.258,501.97,1200.5,3.7955, 65.177, 220.05
   38640,   38700,24.994,545.77,1234.8,4.4996, 69.119, 223.48
   38700,   38760,35.909,633.45,1358.3,5.1545, 77.01, 235.83
   38760,   38820,10.674,529.02,1239,3.6404, 67.612, 223.9
   38820,   38880,17.153,534.55,1232.5,4.0292, 68.11, 223.25
   38880,   38940,16.239,515.05,1248.3,3.9744, 66.354, 224.83
   38940,   39000,50.603,545.94,1263.9,6.0362, 69.135, 226.39
   39000,   39060,86.408,793.73,1661.3,8.1845, 91.436, 266.13
   39060,   39120,24.82,733.46,1500,4.4892, 86.011, 250
   39120,   39180,20.178,626.02,1351,4.2107, 76.342, 235.1
   39180,   39240,14.657,549.12,1280.4,3.8794, 69.421, 228.04
   39240,   39300,15.589,556.73,1294,3.9353, 70.106, 229.4
   39300,   39360,66.164,759.09,1395.5,6.9699, 88.318, 239.55
   39360,   39420,47.665,681.59,1508.4,5.8599, 81.344, 250.84
   39420,   39480,12.032,566.93,1319,3.7219, 71.024, 231.9
   39480,   39540,13.383,560.81,1251.6,3.803, 70.473, 225.16
   39540,   39600,57.435,903.52,1502.9,6.4461, 101.32, 250.29
   39600,   39660,16.499,781.75,1632.8,3.9899, 90.358, 263.28
   39660,   39720,11.087,573.07,1321.1,3.6652, 71.576, 232.11
   39720,   39780,9.1757,532.25,1285.7,3.5505, 67.903, 228.57
   39780,   39840,7.1929,495.77,1202.4,3.4316, 64.619, 220.24
   39840,   39900,14.007,526.39,1195.8,3.8404, 67.375, 219.58
   39900,   39960,16.407,528.99,1225,3.9844, 67.609, 222.5
   39960,   40020,21.262,584.21,1302.9,4.2757, 72.579, 230.29
   40020,   40080,13.939,588.39,1327.7,3.8363, 72.955, 232.77
   40080,   40140,10.94,565.4,1285.7,3.6564, 70.886, 228.57
   40140,   40200,11.336,540.51,1254.8,3.6801, 68.646, 225.48
   40200,   40260,11.773,527.77,1234.8,3.7064, 67.499, 223.48
   40260,   40320,16.861,523.82,1238.9,4.0116, 67.144, 223.89
   40320,   40380,16.077,498.32,1209.7,3.9646, 64.849, 220.97
   40380,   40440,24.251,537.2,1281.9,4.455, 68.348, 228.19
   40440,   40500,12.389,517.68,1211.3,3.7433, 66.591, 221.13
   40500,   40560,15.218,502.13,1188.9,3.9131, 65.192, 218.89
   40560,   40620,11.426,500.33,1196,3.6855, 65.03, 219.6
   40620,   40680,18.75,547.51,1227.6,4.125, 69.276, 222.76
   40680,   40740,22.501,559.69,1266.2,4.35, 70.372, 226.62
   40740,   40800,43.891,729.03,1454.7,5.6335, 85.613, 245.47
   40800,   40860,10.521,517.12,1288.7,3.6312, 66.54, 228.87
   40860,   40920,14.076,503.63,1171.8,3.8446, 65.327, 217.18
   40920,   40980,17.659,568.68,1227.2,4.0596, 71.181, 222.72
   40980,   41040,17.195,569.38,1278.1,4.0317, 71.244, 227.81
   41040,   41100,68.895,705.75,1398.3,7.1337, 83.518, 239.83
   41100,   41160,42.46,625.57,1323.4,5.5476, 76.301, 232.34
   41160,   41220,50.938,802.53,1527.2,6.0563, 92.227, 252.72
   41220,   41280,25.092,700.02,1502.5,4.5055, 83.002, 250.25
   41280,   41340,10.925,570.77,1277.1,3.6555, 71.369, 227.71
   41340,   41400,80.412,825.47,1405,7.8247, 94.292, 240.5
   41400,   41460,24.355,660.84,1455.2,4.4613, 79.475, 245.52
   41460,   41520,17.02,516.64,1211.4,4.0212, 66.498, 221.14
   41520,   41580,41.246,588.52,1303.9,5.4748, 72.967, 230.39
   41580,   41640,44.812,601.31,1313.3,5.6887, 74.117, 231.33
   41640,   41700,51.297,685.53,1400.5,6.0778, 81.698, 240.05
   41700,   41760,11.16,620.71,1388.7,3.6696, 75.864, 238.87
   41760,   41820,53.591,672.86,1452.1,6.2154, 80.557, 245.21
   41820,   41880,27.706,679.53,1418.2,4.6623, 81.158, 241.82
   41880,   41940,19.868,593.77,1332,4.1921, 73.439, 233.2
   41940,   42000,15.098,492.82,1178.4,3.9059, 64.354, 217.84
   42000,   42060,73.217,665.39,1293.9,7.393, 79.885, 229.39
   42060,   42120,268.59,1545.7,2594,19.115, 159.11, 359.4
   42120,   42180,184.92,851.81,1701.2,14.095, 96.663, 270.12
   42180,   42240,100.23,911.33,1816.3,9.0137, 102.02, 281.63
   42240,   42300,32.924,678.83,1457.2,4.9754, 81.095, 245.72
   42300,   42360,32.71,681.07,1345,4.9626, 81.296, 234.5
   42360,   42420,29.775,724.42,1575.4,4.7865, 85.198, 257.54
   42420,   42480,14.004,537.29,1253.7,3.8403, 68.356, 225.37
   42480,   42540,14.554,512.17,1226.7,3.8733, 66.095, 222.67
   42540,   42600,23.014,557.35,1270.6,4.3808, 70.161, 227.06
   42600,   42660,24.052,560.07,1241.3,4.4431, 70.406, 224.13
   42660,   42720,30.902,697.23,1419.9,4.8541, 82.751, 241.99
   42720,   42780,34.35,688.9,1452.6,5.061, 82.001, 245.26
   42780,   42840,42.607,672.35,1443.6,5.5564, 80.511, 244.36
   42840,   42900,142.53,907.29,1604,11.552, 101.66, 260.4
   42900,   42960,184.67,1182.1,2584.1,14.08, 126.39, 358.41
   42960,   43020,71.827,763.65,1527.7,7.3096, 88.728, 252.77
   43020,   43080,26.37,646.38,1456.1,4.5822, 78.175, 245.61
   43080,   43140,23.769,639.68,1404.8,4.4262, 77.571, 240.48
   43140,   43200,125.16,925.32,1677.9,10.51, 103.28, 267.79
   43200,   43260,111.83,1094.5,1879,9.7097, 118.51, 287.9
   43260,   43320,197.41,1063.1,1907.4,14.845, 115.68, 290.74
   43320,   43380,58.867,846.62,1812,6.532, 96.195, 281.2
   43380,   43440,-9999,-9999,-9999,-9999, -9999, -9999
   43440,   43500,-9999,-9999,-9999,-9999, -9999, -9999
   43500,   43560,-9999,-9999,-9999,-9999, -9999, -9999
   43560,   43620,-9999,-9999,-9999,-9999, -9999, -9999
   43620,   43680,-9999,-9999,-9999,-9999, -9999, -9999
   43680,   43740,-9999,-9999,-9999,-9999, -9999, -9999
   43740,   43800,-9999,-9999,-9999,-9999, -9999, -9999
   43800,   43860,27.5,659.98,1480.9,4.65, 79.398, 248.09
   43860,   43920,39.219,661.12,1454.7,5.3532, 79.501, 245.47
   43920,   43980,34.152,677.95,1394.4,5.0491, 81.015, 239.44
   43980,   44040,43.487,711.39,1486.9,5.6092, 84.025, 248.69
   44040,   44100,48.724,654.62,1418.4,5.9234, 78.916, 241.84
   44100,   44160,18.384,556.49,1227.4,4.103, 70.084, 222.74
   44160,   44220,106.45,957.33,1576.8,9.3869, 106.16, 257.68
   44220,   44280,90.565,1186.2,1950,8.4339, 126.75, 295
   44280,   44340,47.65,911.45,1786.2,5.859, 102.03, 278.62
   44340,   44400,56.238,923.76,1745.7,6.3743, 103.14, 274.57
   44400,   44460,110.57,801.49,1725.4,9.6342, 92.134, 272.54
   44460,   44520,42.345,788.63,1559.2,5.5407, 90.977, 255.92
   44520,   44580,20.657,691.4,1451,4.2394, 82.226, 245.1
   44580,   44640,24.368,636.62,1360.5,4.4621, 77.296, 236.05
   44640,   44700,28.087,688.32,1436.8,4.6852, 81.949, 243.68
   44700,   44760,452.72,1605.9,2897.8,30.163, 164.53, 389.78
   44760,   44820,370.79,1750.1,2878.9,25.248, 177.51, 387.89
   44820,   44880,168.99,1514.9,2611.4,13.139, 156.34, 361.14
   44880,   44940,51.711,887.48,1869.4,6.1027, 99.873, 286.94
   44940,   45000,42.06,947.3,1757.1,5.5236, 105.26, 275.71
   45000,   45060,49.178,1793.6,2188.4,5.9507, 181.42, 318.84
   45060,   45120,842.59,2323,3066.6,53.555, 229.07, 406.66
   45120,   45180,471.51,2373.3,3849.9,31.29, 233.6, 484.99
   45180,   45240,109.67,1440.9,2481,9.5801, 149.68, 348.1
   45240,   45300,71.404,922.49,1913.6,7.2842, 103.02, 291.36
   45300,   45360,21.663,671.4,1448.1,4.2998, 80.426, 244.81
   45360,   45420,2604.1,4565,5790.9,159.24, 430.85, 679.09
   45420,   45480,943.7,3356.4,10764,59.622, 322.08, 1176.4
   45480,   45540,226.41,1561.4,2803,16.585, 160.53, 380.3
   45540,   45600,231.01,2104.8,3376.9,16.86, 209.43, 437.69
   45600,   45660,107.05,1339.6,2394.7,9.4229, 140.56, 339.47
   45660,   45720,125.19,1340.1,2261.1,10.512, 140.61, 326.11
   45720,   45780,143.78,1032,2009.9,11.627, 112.88, 300.99
   45780,   45840,95.799,1037.7,2018.5,8.7479, 113.4, 301.85
   45840,   45900,91.459,944.3,1768.2,8.4876, 104.99, 276.82
   45900,   45960,73.342,805.66,1575.8,7.4005, 92.509, 257.58
   45960,   46020,120.98,1052.4,1882.9,10.259, 114.72, 288.29
   46020,   46080,114.11,1307.8,2161.4,9.8469, 137.71, 316.14
   46080,   46140,614.93,2327.8,2719.8,39.896, 229.5, 371.98
   46140,   46200,206.34,1556.5,2813.8,15.38, 160.08, 381.38
   46200,   46260,69.504,898.9,1924.6,7.1702, 100.9, 292.46
   46260,   46320,41.382,793.36,1639.1,5.4829, 91.403, 263.91
   46320,   46380,101.35,900.9,1661.6,9.0808, 101.08, 266.16
   46380,   46440,63.667,961.94,1759.1,6.82, 106.57, 275.91
   46440,   46500,299.81,1325.8,2177.5,20.989, 139.32, 317.75
   46500,   46560,68.971,826.38,1708.5,7.1382, 94.374, 270.85
   46560,   46620,31.812,679.38,1373.5,4.9087, 81.144, 237.35
   46620,   46680,28.11,638.53,1359.1,4.6866, 77.468, 235.91
   46680,   46740,35.509,731.51,1426.8,5.1305, 85.836, 242.68
   46740,   46800,60.549,805.37,1535.3,6.633, 92.483, 253.53
   46800,   46860,748.83,2136.4,3408.5,47.93, 212.27, 440.85
   46860,   46920,98.167,939.43,2541.5,8.89, 104.55, 354.15
   46920,   46980,107.09,1214.8,1904.1,9.4257, 129.33, 290.41
   46980,   47040,92.088,1044.5,1883.4,8.5253, 114, 288.34
   47040,   47100,75.974,915.17,1621.8,7.5584, 102.37, 262.18
   47100,   47160,130.78,1124.3,1881.6,10.847, 121.19, 288.16
   47160,   47220,257.95,1254.5,2212.2,18.477, 132.91, 321.22
   47220,   47280,271.44,1398.8,2691,19.286, 145.89, 369.1
