CampaignData_and_Merges/R0/CSL_MobileLab_Parked/raw/20240722/USOS-jNO2_MobileLabGround_20240722_R0.ict
52,1001
Waxman, E.; Rollins, A.; Zuraski, K.; Chace, W.
NOAA Chemical Sciences Laboratory
jNO2 filter radiometer on CSL Mobile Lab
AMMBEC / USOS
1, 1
2024,07,22, 2025,04,01
60
Time_Start, seconds, number_of_seconds_since_0000_UTC
20
1, 1, 1, 1, 1, 1, 1, 1, 1, 1, 1, 1, 1, 1, 1, 1, 1, 1, 1, 1
-9999, -9999, -9999, -9999, -9999, -9999, -9999, -9999, -9999, -9999, -9999, -9999, -9999, -9999, -9999, -9999, -9999, -9999, -9999, -9999
Time_Stop, seconds, number_of_seconds_since_0000_UTC
jNO2_meas, per second, photolysis rate of NO2 measured using a filter radiometer.
jBrCl, per second, photolysis rate of BrCl -> Br + Cl calculated in TUV for cloud-free sky with local AOD
jBr2, per second, photolysis rate of Br2 -> Br + Br calculated in TUV for cloud-free sky with local AOD
jCCl4, per second, photolysis rate of CCl4 -> Products calcualted in TUV for cloud-free sky with local AOD
jCH2Oa, per second, photolysis rate of CH2O -> H + HCO calculated in TUV for cloud-free sky with local AOD
jCH2Ob, per second, photolysis rate of CH2O -> H2 + CO calculated in TUV for cloud-free sky with local AOD
jClNO2, per second, photolysis rate of ClNO2 -> Cl + NO2 calculated in TUV for cloud-free sky with local AOD
jClOa, per second, photolysis rate of ClO -> Cl + O(1D) calculated in TUV for cloud-free sky with local AOD
jClOb, per second, photolysis rate of ClO -> Cl + O(3P) calculated in TUV for cloud-free sky with local AOD
jCl2, per second, photolysis rate of Cl2 -> Cl + Cl calculated in TUV for cloud-free sky with local AOD
jHNO2, per second, photolysis rate of HNO2 -> OH + NO calculated in TUV for cloud-free sky with local AOD
jHNO3, per second, photolysis rate of HNO3 -> OH + NO2 calculated in TUV for cloud-free sky with local AOD
jI2, per second, photolysis rate of I2 -> I + I calculated in TUV for cloud-free sky with local AOD
jNO2, per second, photolysis rate of NO2 -> NO + O(3P) calculated in TUV for cloud-free sky with local AOD
jNO3a, per second, photolysis rate of NO3 -> NO + O2 calculated in TUV for cloud-free sky with local AOD
jNO3b, per second, photolysis rate of NO3 -> NO2 + O(3P) calculated in TUV for cloud-free sky with local AOD
jN2O5, per second, photolysis rate of N2O5 -> NO3 + NO + O(3P) calculated in TUV for cloud-free sky with local AOD
jO3, per second, photolysis rate of O3 -> O2 + O(1D) calculated in TUV for cloud-free sky with local AOD
AOD_500nm, unitless, UTC daily mean AOD at 500 nm from an AERONET station located at 40.178 N, -112.452 E
0
18
PI_CONTACT_INFO: eleanor.waxman@noaa.gov
PLATFORM: CSL Mobile Lab, at ground site
LOCATION: Salt Lake City, UT
ASSOCIATED_DATA:
INSTRUMENT_INFO: jNO2 filter radiometer.  TUV calculations are for mobile van lat/lon/altitude assuming clear sky (cloud AOD = 0) and daily mean AOD.
DATA_INFO:
UNCERTAINTY: Data uncertainties are +/- 20%.  These come from uncertainties in radiometer angular response, radiometer thermal response, local interferences from clouds/aerosols/shadows etc.
ULOD_FLAG: -7777
ULOD_VALUE: N/A
LLOD_FLAG: -8888
LLOD_VALUE: N/A
DM_CONTACT_INFO: eleanor.waxman@noaa.gov
PROJECT_INFO: USOS Project, July - August 2024
STIPULATIONS_ON_USE: Users are strongly encouraged to contact the PI for proper data usage.
OTHER_COMMENTS: 
REVISION: R0
R0: final data
Time_Start, Time_Stop, jNO2_meas, jBrCl, jBr2, jCCl4, jCH2Oa, jCH2Ob, jClNO2, jClOa, jClOb, jCl2, jHNO2, jHNO3, jI2, jNO2, jNO3a, jNO3b, jN2O5, jO3, AOD_500nm
       0,      60,0.0058199,0.006893,0.02248,1.734e-25,1.294e-05,2.31e-05,0.0002312,6.12e-26,1.077e-05,0.001245,0.0008459,1.862e-07,0.08578,0.005388,0.01738,0.1352,1.941e-05,6.708e-06,0.337
      60,     120,0.0057647,0.006855,0.02237,1.701e-25,1.281e-05,2.291e-05,0.0002294,6.005e-26,1.06e-05,0.001236,0.0008401,1.84e-07,0.08543,0.005354,0.01732,0.1347,1.925e-05,6.6e-06,0.337
     120,     180,0.0057286,0.006819,0.02227,1.67e-25,1.269e-05,2.273e-05,0.0002276,5.9e-26,1.044e-05,0.001227,0.0008347,1.819e-07,0.0851,0.005321,0.01726,0.1342,1.909e-05,6.499e-06,0.337
     180,     240,0.0057149,0.006781,0.02216,1.639e-25,1.256e-05,2.253e-05,0.0002257,5.791e-26,1.027e-05,0.001218,0.0008289,1.796e-07,0.08475,0.005286,0.0172,0.1336,1.892e-05,6.392e-06,0.337
     240,     300,0.0056982,0.006743,0.02206,1.608e-25,1.243e-05,2.234e-05,0.0002239,5.685e-26,1.011e-05,0.001209,0.000823,1.774e-07,0.08439,0.005251,0.01714,0.1331,1.875e-05,6.287e-06,0.337
     300,     360,0.0056766,0.006706,0.02195,1.58e-25,1.231e-05,2.216e-05,0.0002221,5.587e-26,9.954e-06,0.001201,0.0008175,1.753e-07,0.08406,0.005218,0.01708,0.1326,1.86e-05,6.188e-06,0.337
     360,     420,0.0056667,0.006667,0.02184,1.55e-25,1.218e-05,2.197e-05,0.0002202,5.486e-26,9.791e-06,0.001192,0.0008117,1.731e-07,0.08369,0.005182,0.01701,0.1321,1.843e-05,6.084e-06,0.337
     420,     480,0.0056524,0.006628,0.02173,1.521e-25,1.205e-05,2.177e-05,0.0002183,5.387e-26,9.63e-06,0.001183,0.0008058,1.709e-07,0.08333,0.005147,0.01695,0.1315,1.826e-05,5.981e-06,0.337
     480,     540,0.0056226,0.006591,0.02162,1.495e-25,1.192e-05,2.159e-05,0.0002166,5.296e-26,9.48e-06,0.001174,0.0008002,1.688e-07,0.08298,0.005113,0.01689,0.131,1.81e-05,5.885e-06,0.337
     540,     600,0.0055761,0.006551,0.02151,1.468e-25,1.179e-05,2.14e-05,0.0002147,5.202e-26,9.321e-06,0.001165,0.0007942,1.666e-07,0.08261,0.005077,0.01682,0.1304,1.793e-05,5.784e-06,0.337
     600,     660,0.0055192,0.006512,0.0214,1.441e-25,1.166e-05,2.12e-05,0.0002128,5.11e-26,9.163e-06,0.001156,0.0007882,1.644e-07,0.08223,0.005041,0.01675,0.1299,1.776e-05,5.684e-06,0.337
     660,     720,0.0054459,0.006474,0.02129,1.416e-25,1.154e-05,2.102e-05,0.000211,5.026e-26,9.017e-06,0.001147,0.0007826,1.624e-07,0.08188,0.005007,0.01669,0.1293,1.761e-05,5.59e-06,0.337
     720,     780,0.0053764,0.006433,0.02117,1.391e-25,1.141e-05,2.083e-05,0.0002091,4.938e-26,8.862e-06,0.001138,0.0007766,1.602e-07,0.0815,0.00497,0.01662,0.1287,1.744e-05,5.492e-06,0.337
     780,     840,0.0053232,0.006393,0.02106,1.366e-25,1.128e-05,2.063e-05,0.0002072,4.852e-26,8.709e-06,0.001129,0.0007705,1.581e-07,0.08111,0.004933,0.01655,0.1282,1.727e-05,5.394e-06,0.337
     840,     900,0.0052813,0.006354,0.02095,1.343e-25,1.116e-05,2.045e-05,0.0002054,4.774e-26,8.566e-06,0.00112,0.0007648,1.561e-07,0.08074,0.004899,0.01649,0.1276,1.711e-05,5.303e-06,0.337
     900,     960,0.0052391,0.006313,0.02083,1.32e-25,1.103e-05,2.025e-05,0.0002035,4.692e-26,8.415e-06,0.001111,0.0007587,1.539e-07,0.08035,0.004862,0.01642,0.127,1.694e-05,5.208e-06,0.337
     960,    1020,0.0051877,0.006271,0.02071,1.297e-25,1.09e-05,2.006e-05,0.0002015,4.612e-26,8.265e-06,0.001101,0.0007526,1.518e-07,0.07996,0.004825,0.01635,0.1264,1.677e-05,5.113e-06,0.337
    1020,    1080,0.0051559,0.006232,0.02059,1.275e-25,1.078e-05,1.987e-05,0.0001997,4.538e-26,8.126e-06,0.001092,0.0007468,1.498e-07,0.07958,0.004789,0.01628,0.1258,1.661e-05,5.025e-06,0.337
    1080,    1140,0.0051125,0.00619,0.02047,1.253e-25,1.066e-05,1.967e-05,0.0001978,4.461e-26,7.98e-06,0.001083,0.0007407,1.477e-07,0.07918,0.004752,0.01621,0.1252,1.644e-05,4.932e-06,0.337
    1140,    1200,0.0050803,0.006148,0.02035,1.231e-25,1.053e-05,1.948e-05,0.0001959,4.387e-26,7.835e-06,0.001074,0.0007345,1.456e-07,0.07877,0.004714,0.01613,0.1246,1.627e-05,4.84e-06,0.337
    1200,    1260,0.0050775,0.006108,0.02023,1.211e-25,1.041e-05,1.929e-05,0.0001941,4.317e-26,7.699e-06,0.001065,0.0007286,1.437e-07,0.07838,0.004679,0.01606,0.124,1.611e-05,4.755e-06,0.337
    1260,    1320,0.0050599,0.006066,0.02011,1.191e-25,1.028e-05,1.91e-05,0.0001922,4.246e-26,7.557e-06,0.001055,0.0007224,1.416e-07,0.07797,0.004641,0.01599,0.1234,1.594e-05,4.665e-06,0.337
    1320,    1380,0.0050325,0.006023,0.01999,1.17e-25,1.015e-05,1.89e-05,0.0001903,4.175e-26,7.416e-06,0.001046,0.0007162,1.395e-07,0.07755,0.004603,0.01592,0.1228,1.578e-05,4.576e-06,0.337
    1380,    1440,0.0050152,0.005982,0.01987,1.152e-25,1.003e-05,1.871e-05,0.0001884,4.111e-26,7.284e-06,0.001037,0.0007103,1.376e-07,0.07716,0.004567,0.01584,0.1222,1.562e-05,4.493e-06,0.337
    1440,    1500,0.0049818,0.005939,0.01974,1.132e-25,9.906e-06,1.852e-05,0.0001865,4.043e-26,7.146e-06,0.001027,0.000704,1.356e-07,0.07673,0.004528,0.01577,0.1215,1.545e-05,4.406e-06,0.337
    1500,    1560,0.0049605,0.005895,0.01961,1.113e-25,9.78e-06,1.832e-05,0.0001846,3.977e-26,7.01e-06,0.001018,0.0006977,1.336e-07,0.0763,0.00449,0.01569,0.1209,1.528e-05,4.32e-06,0.337
    1560,    1620,0.0049266,0.005854,0.01949,1.095e-25,9.661e-06,1.814e-05,0.0001828,3.916e-26,6.882e-06,0.001009,0.0006917,1.317e-07,0.0759,0.004453,0.01562,0.1203,1.512e-05,4.24e-06,0.337
    1620,    1680,0.0048889,0.005809,0.01936,1.077e-25,9.536e-06,1.794e-05,0.0001808,3.853e-26,6.748e-06,0.0009991,0.0006854,1.297e-07,0.07546,0.004415,0.01554,0.1196,1.495e-05,4.156e-06,0.337
    1680,    1740,0.0048357,0.005765,0.01923,1.059e-25,9.41e-06,1.774e-05,0.0001789,3.791e-26,6.616e-06,0.0009895,0.000679,1.277e-07,0.07502,0.004376,0.01546,0.1189,1.478e-05,4.073e-06,0.337
    1740,    1800,0.0047702,0.005723,0.01911,1.043e-25,9.293e-06,1.756e-05,0.0001771,3.734e-26,6.493e-06,0.0009804,0.000673,1.258e-07,0.0746,0.004339,0.01538,0.1183,1.462e-05,3.996e-06,0.337
    1800,    1860,0.0047137,0.005678,0.01898,1.025e-25,9.168e-06,1.736e-05,0.0001752,3.674e-26,6.363e-06,0.0009707,0.0006666,1.238e-07,0.07416,0.0043,0.0153,0.1176,1.446e-05,3.915e-06,0.337
    1860,    1920,0.0046616,0.005633,0.01884,1.009e-25,9.044e-06,1.716e-05,0.0001732,3.616e-26,6.235e-06,0.000961,0.0006602,1.219e-07,0.0737,0.00426,0.01522,0.1169,1.429e-05,3.834e-06,0.337
    1920,    1980,0.0046175,0.00559,0.01872,9.93e-26,8.928e-06,1.698e-05,0.0001714,3.562e-26,6.116e-06,0.0009519,0.0006542,1.201e-07,0.07327,0.004223,0.01514,0.1163,1.413e-05,3.76e-06,0.337
    1980,    2040,0.0045434,0.005545,0.01858,9.768e-26,8.804e-06,1.678e-05,0.0001695,3.506e-26,5.991e-06,0.0009422,0.0006477,1.181e-07,0.07282,0.004183,0.01506,0.1156,1.396e-05,3.682e-06,0.337
    2040,    2100,0.0044873,0.005499,0.01845,9.608e-26,8.682e-06,1.658e-05,0.0001676,3.45e-26,5.868e-06,0.0009325,0.0006413,1.162e-07,0.07235,0.004144,0.01497,0.1149,1.379e-05,3.605e-06,0.337
    2100,    2160,0.0044337,0.005456,0.01832,9.461e-26,8.567e-06,1.64e-05,0.0001657,3.4e-26,5.753e-06,0.0009233,0.0006352,1.144e-07,0.07191,0.004106,0.01489,0.1142,1.364e-05,3.533e-06,0.337
    2160,    2220,0.0043973,0.005409,0.01818,9.308e-26,8.445e-06,1.62e-05,0.0001638,3.346e-26,5.632e-06,0.0009136,0.0006287,1.126e-07,0.07144,0.004066,0.01481,0.1135,1.347e-05,3.458e-06,0.337
    2220,    2280,0.0043614,0.005363,0.01804,9.158e-26,8.323e-06,1.601e-05,0.0001619,3.294e-26,5.513e-06,0.0009038,0.0006222,1.107e-07,0.07097,0.004026,0.01472,0.1128,1.33e-05,3.384e-06,0.337
    2280,    2340,0.004312,0.005319,0.01791,9.02e-26,8.209e-06,1.582e-05,0.0001601,3.246e-26,5.402e-06,0.0008946,0.0006161,1.089e-07,0.07052,0.003988,0.01464,0.1121,1.315e-05,3.315e-06,0.337
    2340,    2400,0.0042755,0.005272,0.01777,8.876e-26,8.089e-06,1.563e-05,0.0001581,3.196e-26,5.286e-06,0.0008848,0.0006095,1.071e-07,0.07003,0.003948,0.01455,0.1113,1.298e-05,3.243e-06,0.337
    2400,    2460,0.0042303,0.005225,0.01763,8.734e-26,7.969e-06,1.543e-05,0.0001562,3.147e-26,5.172e-06,0.000875,0.000603,1.053e-07,0.06954,0.003907,0.01446,0.1106,1.282e-05,3.172e-06,0.337
    2460,    2520,0.0041768,0.00518,0.01749,8.603e-26,7.857e-06,1.525e-05,0.0001544,3.101e-26,5.065e-06,0.0008658,0.0005968,1.036e-07,0.06908,0.003869,0.01437,0.1099,1.266e-05,3.106e-06,0.337
    2520,    2580,0.0041123,0.005132,0.01735,8.467e-26,7.738e-06,1.505e-05,0.0001525,3.054e-26,4.954e-06,0.000856,0.0005903,1.018e-07,0.06859,0.003829,0.01428,0.1091,1.249e-05,3.037e-06,0.337
    2580,    2640,0.0040465,0.005084,0.01721,8.332e-26,7.62e-06,1.486e-05,0.0001506,3.007e-26,4.844e-06,0.0008462,0.0005837,9.997e-08,0.06809,0.003788,0.01419,0.1084,1.233e-05,2.968e-06,0.337
    2640,    2700,0.0039764,0.005039,0.01707,8.208e-26,7.509e-06,1.468e-05,0.0001488,2.964e-26,4.741e-06,0.0008369,0.0005775,9.831e-08,0.06761,0.003749,0.0141,0.1076,1.218e-05,2.905e-06,0.337
    2700,    2760,0.0039061,0.004991,0.01692,8.079e-26,7.392e-06,1.448e-05,0.0001469,2.919e-26,4.634e-06,0.0008271,0.0005709,9.655e-08,0.0671,0.003708,0.01401,0.1069,1.201e-05,2.839e-06,0.337
    2760,    2820,0.0038459,0.004942,0.01678,7.952e-26,7.276e-06,1.429e-05,0.000145,2.874e-26,4.529e-06,0.0008173,0.0005643,9.481e-08,0.06659,0.003667,0.01391,0.1061,1.185e-05,2.774e-06,0.337
    2820,    2880,0.0038058,0.004896,0.01664,7.834e-26,7.167e-06,1.411e-05,0.0001432,2.833e-26,4.431e-06,0.0008081,0.0005581,9.319e-08,0.06611,0.003629,0.01382,0.1053,1.169e-05,2.713e-06,0.337
    2880,    2940,0.003775,0.004847,0.01649,7.711e-26,7.052e-06,1.391e-05,0.0001413,2.79e-26,4.328e-06,0.0007982,0.0005515,9.148e-08,0.06558,0.003587,0.01373,0.1045,1.153e-05,2.65e-06,0.337
    2940,    3000,0.0037615,0.004798,0.01634,7.591e-26,6.937e-06,1.372e-05,0.0001394,2.748e-26,4.227e-06,0.0007884,0.0005449,8.979e-08,0.06506,0.003546,0.01363,0.1037,1.137e-05,2.588e-06,0.337
    3000,    3060,0.0037331,0.004752,0.01619,7.479e-26,6.83e-06,1.354e-05,0.0001376,2.709e-26,4.133e-06,0.0007791,0.0005387,8.821e-08,0.06456,0.003507,0.01354,0.103,1.122e-05,2.53e-06,0.337
    3060,    3120,0.0036932,0.004702,0.01604,7.363e-26,6.717e-06,1.335e-05,0.0001357,2.669e-26,4.035e-06,0.0007693,0.0005321,8.654e-08,0.06403,0.003466,0.01344,0.1022,1.106e-05,2.47e-06,0.337
    3120,    3180,0.0036664,0.004653,0.01589,7.248e-26,6.605e-06,1.316e-05,0.0001338,2.629e-26,3.939e-06,0.0007595,0.0005254,8.49e-08,0.06349,0.003424,0.01334,0.1013,1.09e-05,2.411e-06,0.337
    3180,    3240,0.0036254,0.004606,0.01575,7.141e-26,6.5e-06,1.298e-05,0.000132,2.592e-26,3.849e-06,0.0007503,0.0005192,8.337e-08,0.06298,0.003385,0.01324,0.1005,1.075e-05,2.356e-06,0.337
    3240,    3300,0.0035902,0.004555,0.01559,7.03e-26,6.389e-06,1.279e-05,0.0001302,2.553e-26,3.755e-06,0.0007404,0.0005126,8.175e-08,0.06243,0.003344,0.01314,0.09971,1.059e-05,2.298e-06,0.337
    3300,    3360,0.0035661,0.004505,0.01544,6.922e-26,6.278e-06,1.261e-05,0.0001283,2.515e-26,3.663e-06,0.0007306,0.0005059,8.015e-08,0.06188,0.003302,0.01303,0.09886,1.043e-05,2.242e-06,0.337
    3360,    3420,0.0035431,0.004457,0.01529,6.821e-26,6.176e-06,1.243e-05,0.0001265,2.479e-26,3.578e-06,0.0007214,0.0004997,7.866e-08,0.06134,0.003263,0.01295,0.09807,1.028e-05,2.19e-06,0.337
    3420,    3480,0.0035273,0.004407,0.01513,6.716e-26,6.067e-06,1.224e-05,0.0001247,2.443e-26,3.489e-06,0.0007116,0.0004931,7.71e-08,0.0608,0.003221,0.01283,0.09719,1.012e-05,2.135e-06,0.337
    3480,    3540,0.0034945,0.004357,0.01497,6.612e-26,5.959e-06,1.205e-05,0.0001228,2.406e-26,3.401e-06,0.0007019,0.0004867,7.555e-08,0.06024,0.003181,0.01273,0.09633,9.967e-06,2.082e-06,0.337
    3540,    3600,0.0034497,0.004308,0.01482,6.516e-26,5.862e-06,1.189e-05,0.0001211,2.373e-26,3.32e-06,0.0006929,0.0004803,7.413e-08,0.0597,0.00314,0.01263,0.09549,9.825e-06,2.032e-06,0.337
    3600,    3660,0.0034146,0.004257,0.01466,6.416e-26,5.748e-06,1.169e-05,0.0001192,2.337e-26,3.233e-06,0.0006829,0.0004735,7.256e-08,0.05913,0.003099,0.01252,0.09461,9.662e-06,1.979e-06,0.337
    3660,    3720,0.0033831,0.004206,0.0145,6.317e-26,5.645e-06,1.151e-05,0.0001174,2.303e-26,3.152e-06,0.0006732,0.0004671,7.109e-08,0.05855,0.003057,0.01241,0.09372,9.509e-06,1.929e-06,0.337
    3720,    3780,0.0033375,0.004157,0.01435,6.226e-26,5.546e-06,1.134e-05,0.0001157,2.271e-26,3.073e-06,0.0006639,0.0004606,6.967e-08,0.05801,0.003017,0.0123,0.09289,9.363e-06,1.882e-06,0.337
    3780,    3840,0.0033034,0.004104,0.01419,6.13e-26,5.442e-06,1.116e-05,0.0001138,2.237e-26,2.993e-06,0.0006541,0.0004538,6.823e-08,0.05742,0.002973,0.01219,0.09197,9.21e-06,1.833e-06,0.337
    3840,    3900,0.0032513,0.004053,0.01403,6.036e-26,5.341e-06,1.096e-05,0.000112,2.204e-26,2.916e-06,0.0006442,0.0004473,6.681e-08,0.05683,0.002933,0.01208,0.09106,9.055e-06,1.786e-06,0.337
    3900,    3960,0.003215,0.004005,0.01387,5.948e-26,5.249e-06,1.081e-05,0.0001104,2.173e-26,2.842e-06,0.0006357,0.0004415,6.548e-08,0.05627,0.002895,0.01197,0.09019,8.921e-06,1.741e-06,0.337
    3960,    4020,0.0031751,0.003953,0.01371,5.857e-26,5.144e-06,1.062e-05,0.0001086,2.141e-26,2.766e-06,0.000626,0.0004349,6.405e-08,0.05567,0.002853,0.01186,0.08926,8.768e-06,1.695e-06,0.337
    4020,    4080,0.0031239,0.003901,0.01354,5.767e-26,5.045e-06,1.045e-05,0.0001068,2.109e-26,2.69e-06,0.0006164,0.0004283,6.265e-08,0.05507,0.002811,0.01174,0.08833,8.619e-06,1.649e-06,0.337
    4080,    4140,0.0030782,0.003852,0.01338,5.683e-26,4.951e-06,1.028e-05,0.0001051,2.08e-26,2.622e-06,0.0006074,0.0004222,6.136e-08,0.05449,0.002772,0.01163,0.08744,8.479e-06,1.608e-06,0.337
    4140,    4200,0.0030363,0.003799,0.01322,5.596e-26,4.852e-06,1.01e-05,0.0001033,2.049e-26,2.549e-06,0.0005978,0.0004156,5.999e-08,0.05388,0.00273,0.01151,0.08649,8.33e-06,1.564e-06,0.337
    4200,    4260,0.0029911,0.003747,0.01305,5.509e-26,4.755e-06,9.928e-06,0.0001016,2.019e-26,2.478e-06,0.0005883,0.0004091,5.864e-08,0.05327,0.002689,0.0114,0.08553,8.183e-06,1.521e-06,0.337
    4260,    4320,0.0029401,0.003697,0.01289,5.43e-26,4.664e-06,9.763e-06,9.991e-05,1.991e-26,2.414e-06,0.0005794,0.000403,5.74e-08,0.05268,0.002649,0.01128,0.08462,8.046e-06,1.482e-06,0.337
    4320,    4380,0.0028906,0.003645,0.01272,5.346e-26,4.568e-06,9.589e-06,9.817e-05,1.961e-26,2.346e-06,0.0005699,0.0003965,5.609e-08,0.05205,0.002608,0.01116,0.08365,7.901e-06,1.441e-06,0.337
    4380,    4440,0.0028425,0.003592,0.01255,5.264e-26,4.474e-06,9.418e-06,9.645e-05,1.932e-26,2.279e-06,0.0005605,0.0003901,5.481e-08,0.05143,0.002567,0.01104,0.08267,7.758e-06,1.401e-06,0.337
    4440,    4500,0.0027979,0.003542,0.01239,5.188e-26,4.385e-06,9.257e-06,9.482e-05,1.905e-26,2.218e-06,0.0005517,0.000384,5.361e-08,0.05083,0.002528,0.01092,0.08174,7.623e-06,1.364e-06,0.337
    4500,    4560,0.0027489,0.00349,0.01222,5.108e-26,4.293e-06,9.087e-06,9.312e-05,1.877e-26,2.154e-06,0.0005423,0.0003776,5.236e-08,0.05019,0.002487,0.0108,0.08075,7.481e-06,1.325e-06,0.337
    4560,    4620,0.0027021,0.003437,0.01205,5.029e-26,4.201e-06,8.918e-06,9.142e-05,1.849e-26,2.091e-06,0.000533,0.0003712,5.112e-08,0.04955,0.002445,0.01067,0.07974,7.34e-06,1.288e-06,0.337
    4620,    4680,0.002659,0.003387,0.01188,4.956e-26,4.116e-06,8.761e-06,8.983e-05,1.823e-26,2.034e-06,0.0005243,0.0003652,4.998e-08,0.04894,0.002407,0.01056,0.07879,7.209e-06,1.253e-06,0.337
    4680,    4740,0.002613,0.003334,0.01171,4.879e-26,4.026e-06,8.595e-06,8.815e-05,1.796e-26,1.973e-06,0.0005151,0.0003589,4.877e-08,0.04829,0.002366,0.01043,0.07778,7.07e-06,1.217e-06,0.337
    4740,    4800,0.0025655,0.003281,0.01154,4.803e-26,3.938e-06,8.43e-06,8.649e-05,1.769e-26,1.915e-06,0.0005059,0.0003526,4.759e-08,0.04764,0.002325,0.0103,0.07676,6.932e-06,1.181e-06,0.337
    4800,    4860,0.0025272,0.003231,0.01137,4.733e-26,3.855e-06,8.276e-06,8.493e-05,1.744e-26,1.861e-06,0.0004973,0.0003467,4.649e-08,0.04702,0.002287,0.01018,0.07579,6.804e-06,1.149e-06,0.337
    4860,    4920,0.0024922,0.003178,0.0112,4.66e-26,3.769e-06,8.114e-06,8.329e-05,1.718e-26,1.804e-06,0.0004882,0.0003404,4.535e-08,0.04636,0.002246,0.01005,0.07475,6.669e-06,1.115e-06,0.337
    4920,    4980,0.0024444,0.003125,0.01102,4.587e-26,3.683e-06,7.953e-06,8.166e-05,1.692e-26,1.749e-06,0.0004792,0.0003342,4.422e-08,0.04569,0.002206,0.009915,0.0737,6.535e-06,1.082e-06,0.337
