CampaignData_and_Merges/R0/CSL_MobileLab_Parked/raw/20240722/USOS-NOy-LIF_MobileLabGround_20240722_R0.ict
39,1001
Rollins, A.; Waxman, E.; Zuraski, K.; Chace, W.
NOAA Chemical Sciences Laboratory
LIF NO/NOx/NOy on CSL Mobile Lab
AMMBEC / USOS
1, 1
2024,07,22, 2025,01,03
1
Time_Start, seconds, number_of_seconds_since_0000_UTC
7
1, 1, 1, 1, 1, 1, 1
-9999, -9999, -9999, -9999, -9999, -9999, -9999
Time_Stop, seconds, number_of_seconds_since_0000_UTC
NO_LIF, pptv, Gas_NO_InSitu_S_AVMR, volume mixing ratio of nitric oxide in air
NO2_LIF, pptv, Gas_NO2_InSitu_S_AVMR, volume mixing ratio of nitrogen dioxide in air
NOy_LIF, pptv, Gas_NOy_InSitu_S_AVMR, volume mixing ratio of total oxidized nitrogen in air
NO_LIF_1SigmaAccuracy, pptv, Gas_NO_InSitu_S_AVMR, volume mixing ratio of nitric oxide in air
NO2_LIF_1SigmaAccuracy, pptv, Gas_NO2_InSitu_S_AVMR, volume mixing ratio of nitrogen dioxide in air
NOy_LIF_1SigmaAccuracy, pptv, Gas_NOy_InSitu_S_AVMR, volume mixing ratio of total oxidized nitrogen in air
0
18
PI_CONTACT_INFO: andrew.rollins@noaa.gov
PLATFORM: CSL Mobile Lab
LOCATION: Salt Lake City, UT
ASSOCIATED_DATA:
INSTRUMENT_INFO: NO detection by laser induced fluorescence. NO2 detection by photolytic conversion to NO. NOy detection by catalytic conversion to NO on gold surface
DATA_INFO:
UNCERTAINTY: Included 1 Sigma Accuracy waves represent the combined calibration uncertainties (±6%, ±9%, ±10%) and zero uncertainties (3 ppt, 20 ppt, 100 ppt) for NO, NO2, and NOy, respectively.
ULOD_FLAG: -7777
ULOD_VALUE: N/A
LLOD_FLAG: -8888
LLOD_VALUE: N/A
DM_CONTACT_INFO: andrew.rollins@noaa.gov
PROJECT_INFO: USOS Project, July - August 2024
STIPULATIONS_ON_USE: Users are strongly encouraged to contact the PI for proper data usage.
OTHER_COMMENTS:
REVISION: R0
R0: final data
Time_Start, Time_Stop, NO_LIF, NO2_LIF, NOy_LIF, NO_LIF_1SigmaAccuracy, NO2_LIF_1SigmaAccuracy, NOy_LIF_1SigmaAccuracy
[from data line 789]
   47340,   47400,46.06,737.39,1458.1,5.7636, 86.365, 245.81
   47400,   47460,110.38,1005.6,1782.2,9.623, 110.51, 278.22
   47460,   47520,1117.3,5660.3,6376.2,70.037, 529.43, 737.62
   47520,   47580,1117.1,2537.3,4082.6,70.024, 248.36, 508.26
   47580,   47640,984.19,3092.7,5821.1,62.052, 298.35, 682.11
   47640,   47700,193.75,1300.4,3048.1,14.625, 137.04, 404.81
   47700,   47760,166.29,1500.4,2686.2,12.977, 155.03, 368.62
   47760,   47820,186.07,1466.3,2197.1,14.164, 151.97, 319.71
   47820,   47880,556.74,2712.9,4053,36.404, 264.16, 505.3
   47880,   47940,569.97,2366.5,3911,37.198, 232.99, 491.1
   47940,   48000,336.51,2120.8,3609.2,23.19, 210.87, 460.92
   48000,   48060,202.79,1503.4,2700.8,15.167, 155.31, 370.08
   48060,   48120,860.96,3088.7,4505.8,54.658, 297.98, 550.58
   48120,   48180,112.5,1087.1,2240,9.7503, 117.84, 324
   48180,   48240,2389.3,4294.3,4204.8,146.36, 406.49, 520.48
   48240,   48300,1726.2,2908.5,6215.7,106.57, 281.76, 721.57
   48300,   48360,233.22,1519.9,2499.6,16.993, 156.79, 349.96
   48360,   48420,459.31,1664.1,2990.7,30.558, 169.77, 399.07
   48420,   48480,1869,2890.9,4267,115.14, 280.19, 526.7
   48480,   48540,659.34,2167.2,3675.5,42.56, 215.04, 467.55
   48540,   48600,163.06,1363,2831.6,12.784, 142.67, 383.16
   48600,   48660,1894.4,1847.9,6469,116.66, 186.31, 746.9
   48660,   48720,6375.4,5763.6,11957,385.53, 538.72, 1295.7
   48720,   48780,5839,5012.8,18030,353.34, 471.15, 1903
   48780,   48840,4380.6,7405.9,16553,265.84, 686.53, 1755.3
   48840,   48900,11382,10126,20461,685.91, 931.3, 2146.1
   48900,   48960,10769,9558.4,28960,649.11, 880.25, 2996
   48960,   49020,10388,8866.7,30856,626.28, 818, 3185.6
   49020,   49080,8359.8,7492.2,18743,504.59, 694.3, 1974.3
   49080,   49140,7666.6,7359.5,19942,463, 682.36, 2094.2
   49140,   49200,6554.1,7034.9,14532,396.25, 653.14, 1553.2
   49200,   49260,356.12,1846.2,4751.9,24.367, 186.16, 575.19
   49260,   49320,844.85,2651.5,3656.3,53.691, 258.63, 465.63
   49320,   49380,441.28,2405.2,3797,29.477, 236.47, 479.7
   49380,   49440,311.08,1743.4,2959.2,21.665, 176.91, 395.92
   49440,   49500,156.46,1185.8,2022.5,12.388, 126.72, 302.25
   49500,   49560,284.03,1506,2857.3,20.042, 155.54, 385.73
   49560,   49620,297.2,1557.4,2614.5,20.832, 160.17, 361.45
   49620,   49680,431.22,2442.8,3277.9,28.873, 239.85, 427.79
   49680,   49740,498.58,2344.1,3464.4,32.915, 230.97, 446.44
   49740,   49800,263.89,1729.5,3018,18.833, 175.66, 401.8
   49800,   49860,121.33,1048.2,1963.3,10.28, 114.34, 296.33
   49860,   49920,225.92,1292.9,2475,16.555, 136.36, 347.5
   49920,   49980,148.26,1230.4,2330,11.896, 130.74, 333
   49980,   50040,286.25,1603,2608.3,20.175, 164.27, 360.83
   50040,   50100,245.82,1490.7,2654.2,17.749, 154.16, 365.42
   50100,   50160,179.94,1197.1,2430.6,13.796, 127.74, 343.06
   50160,   50220,381.8,1390.1,2550,25.908, 145.1, 355
   50220,   50280,510.56,1759,2720.1,33.634, 178.31, 372.01
   50280,   50340,587.05,2046.6,3292.6,38.223, 204.19, 429.26
   50340,   50400,452.89,1946.4,3347.4,30.174, 195.18, 434.74
   50400,   50460,507.91,1558.7,2927.2,33.475, 160.29, 392.72
   50460,   50520,221.92,1320.6,2739.9,16.315, 138.85, 373.99
   50520,   50580,268.47,1220.9,2299,19.108, 129.88, 329.9
   50580,   50640,252.83,1445.2,2700.9,18.17, 150.06, 370.09
   50640,   50700,183.87,1139.3,1991.5,14.032, 122.54, 299.15
   50700,   50760,314.17,1829.4,2939,21.85, 184.65, 393.9
   50760,   50820,238.46,1494.4,2609.5,17.308, 154.5, 360.95
   50820,   50880,136.97,1119.4,2210.1,11.218, 120.75, 321.01
   50880,   50940,114.32,905.22,1769.8,9.8594, 101.47, 276.98
   50940,   51000,166.84,1089.1,1898.3,13.011, 118.02, 289.83
   51000,   51060,178.26,1227,2096.4,13.696, 130.43, 309.64
   51060,   51120,162.95,1266.2,2282.4,12.777, 133.96, 328.24
   51120,   51180,103.42,862.18,1809.3,9.2055, 97.596, 280.93
   51180,   51240,191.19,956.41,1821.9,14.471, 106.08, 282.19
   51240,   51300,153.82,964.66,1891.5,12.229, 106.82, 289.15
   51300,   51360,183.48,1110.4,1862.8,14.009, 119.94, 286.28
   51360,   51420,-9999,-9999,-9999,-9999, -9999, -9999
   51420,   51480,-9999,-9999,-9999,-9999, -9999, -9999
   51480,   51540,-9999,-9999,-9999,-9999, -9999, -9999
   51540,   51600,-9999,-9999,-9999,-9999, -9999, -9999
   51600,   51660,-9999,-9999,-9999,-9999, -9999, -9999
   51660,   51720,-9999,-9999,-9999,-9999, -9999, -9999
   51720,   51780,-9999,-9999,-9999,-9999, -9999, -9999
   51780,   51840,89.432,752.26,1694.3,8.3659, 87.704, 269.43
   51840,   51900,334.73,1223.5,1963.6,23.084, 130.11, 296.36
   51900,   51960,855.05,2649.4,4269.9,54.303, 258.45, 526.99
   51960,   52020,366.25,2333.8,4053.8,24.975, 230.04, 505.38
   52020,   52080,394.92,1975.9,3307.1,26.695, 197.84, 430.71
   52080,   52140,757.36,2580,4081.3,48.442, 252.2, 508.13
   52140,   52200,228.32,1511.6,2771.6,16.699, 156.04, 377.16
   52200,   52260,332.35,1380.8,2441.6,22.941, 144.27, 344.16
   52260,   52320,254.24,1357.3,2437,18.255, 142.16, 343.7
   52320,   52380,204,1087.3,2110.5,15.24, 117.85, 311.05
   52380,   52440,165.91,980.7,1918.1,12.954, 108.26, 291.81
   52440,   52500,405.27,1502.5,2498.7,27.316, 155.22, 349.87
   52500,   52560,246.51,1240.6,2594.2,17.791, 131.66, 359.42
   52560,   52620,223.61,1353.1,2312.7,16.416, 141.78, 331.27
   52620,   52680,281.73,1168.5,2547.6,19.904, 125.16, 354.76
   52680,   52740,117.29,815.32,1690.7,10.037, 93.379, 269.07
   52740,   52800,145.06,917.6,1745.2,11.703, 102.58, 274.52
   52800,   52860,265.36,1262,2828.6,18.921, 133.58, 382.86
   52860,   52920,256.85,1344.7,2545.4,18.411, 141.03, 354.54
   52920,   52980,1622,2424.9,3878,100.32, 238.24, 487.8
   52980,   53040,1221.4,4263,6416.9,76.286, 403.67, 741.69
   53040,   53100,379.82,2337.8,4291.9,25.789, 230.4, 529.19
   53100,   53160,231.72,1155.2,2042.9,16.903, 123.97, 304.29
   53160,   53220,668.16,1810.4,3094.9,43.09, 182.93, 409.49
   53220,   53280,409.14,1668.5,3273.6,27.548, 170.17, 427.36
   53280,   53340,187.4,935.05,1963.8,14.244, 104.15, 296.38
   53340,   53400,367.93,1684,2542.1,25.076, 171.56, 354.21
   53400,   53460,594.54,1940.9,2885.8,38.672, 194.68, 388.58
   53460,   53520,484.75,1963.4,3925.9,32.085, 196.71, 492.59
   53520,   53580,198.99,1287.8,2335.8,14.94, 135.9, 333.58
   53580,   53640,309.67,1438.2,2541.4,21.58, 149.44, 354.14
   53640,   53700,803.56,2165.6,3416.8,51.214, 214.91, 441.68
   53700,   53760,978.55,2647.1,6138.5,61.713, 258.24, 713.85
   53760,   53820,1307.2,2660,5008.1,81.431, 259.4, 600.81
   53820,   53880,400.59,1617.2,3386.7,27.036, 165.55, 438.67
   53880,   53940,281.58,1191.5,2150.1,19.895, 127.23, 315.01
   53940,   54000,665.89,2196.3,3501,42.954, 217.67, 450.1
   54000,   54060,486.37,1758.4,3501.9,32.182, 178.26, 450.19
   54060,   54120,996.12,2255.8,4118.3,62.767, 223.02, 511.83
   54120,   54180,485.35,1475.9,2554,32.121, 152.83, 355.4
   54180,   54240,235.89,1078.8,2246.2,17.154, 117.09, 324.62
   54240,   54300,502.73,1488.9,3041.8,33.164, 154.01, 404.18
   54300,   54360,399.04,1232.8,2281.5,26.942, 130.95, 328.15
   54360,   54420,597.2,1792.5,3550.8,38.832, 181.33, 455.08
   54420,   54480,263.95,1153.1,1984.9,18.837, 123.78, 298.49
   54480,   54540,513.5,1522.2,2812.3,33.81, 157, 381.23
   54540,   54600,399.85,1221.5,2686.1,26.991, 129.94, 368.61
   54600,   54660,293.98,1025,2125.3,20.639, 112.25, 312.53
   54660,   54720,1173.5,3076.2,4650,73.409, 296.86, 565
   54720,   54780,217.48,983.43,2354.5,16.049, 108.51, 335.45
   54780,   54840,117.88,691.99,1508.8,10.073, 82.279, 250.88
   54840,   54900,1364.7,2503.7,4108.3,84.881, 245.33, 510.83
   54900,   54960,178.11,868.68,2348.7,13.687, 98.182, 334.87
   54960,   55020,208.42,1050,1865.7,15.505, 114.5, 286.57
   55020,   55080,303.24,1220.6,2295.3,21.195, 129.85, 329.53
   55080,   55140,277.12,1141.8,2186.9,19.627, 122.76, 318.69
   55140,   55200,1082.2,1430.7,2625.4,67.934, 148.77, 362.54
   55200,   55260,1367.6,1719.5,4936,85.058, 174.76, 593.6
   55260,   55320,13281,8746,13551,799.87, 807.14, 1455.1
   55320,   55380,6002.9,5514.2,25152,363.17, 516.27, 2615.2
   55380,   55440,2387,3177.3,4621.7,146.22, 305.96, 562.17
   55440,   55500,3500.5,4875.4,9539.2,213.03, 458.79, 1053.9
   55500,   55560,6582.4,5590,12206,397.95, 523.1, 1320.6
   55560,   55620,4698.1,4228.5,7176.2,284.88, 400.56, 817.62
   55620,   55680,2391.5,2354.6,7121.9,146.49, 231.91, 812.19
   55680,   55740,2000.1,1867.4,7093.3,123.01, 188.07, 809.33
   55740,   55800,3208.5,3124.2,3928.2,195.51, 301.18, 492.82
   55800,   55860,9065,7557.6,14890,546.9, 700.18, 1589
   55860,   55920,2483.7,3290.2,8247.9,152.02, 316.12, 924.79
   55920,   55980,10922,10278,12003,658.34, 944.99, 1300.3
   55980,   56040,9475.4,8395.8,18306,571.53, 775.62, 1930.6
   56040,   56100,4156.4,4494.1,6669.2,252.39, 424.47, 766.92
   56100,   56160,1450.7,3466.9,7204.8,90.039, 332.02, 820.48
   56160,   56220,1286.6,4395.7,8442.3,80.199, 415.61, 944.23
   56220,   56280,12045,9115.4,20744,725.71, 840.39, 2174.4
   56280,   56340,6263.6,6572.4,22801,378.82, 611.52, 2380.1
   56340,   56400,3112.7,4512.4,11756,189.76, 426.12, 1275.6
   56400,   56460,5727.5,4813.4,13258,346.65, 453.21, 1425.8
   56460,   56520,6671.9,5156.6,13283,403.32, 484.09, 1428.3
   56520,   56580,2122.5,3495.4,8634.7,130.35, 334.58, 963.47
   56580,   56640,4030.7,4960.3,9299.6,244.84, 466.43, 1030
   56640,   56700,4157,5181.6,6497.4,252.42, 486.35, 749.74
   56700,   56760,6886.3,6462.6,13882,416.18, 601.63, 1488.2
   56760,   56820,2211.3,3114.8,7848.2,135.68, 300.33, 884.82
   56820,   56880,2146.5,3456.9,6925.7,131.79, 331.12, 792.57
   56880,   56940,1451.1,2741.6,5627.2,90.067, 266.74, 662.72
   56940,   57000,2396.5,4053.2,6730.7,146.79, 384.79, 773.07
   57000,   57060,915.87,1780.5,3426.6,57.952, 180.25, 442.66
   57060,   57120,3783.1,4659.7,9531.8,229.99, 439.37, 1053.2
   57120,   57180,4521.4,4281.5,12686,274.28, 405.34, 1368.6
   57180,   57240,6102,5497.8,14679,369.12, 514.8, 1567.9
   57240,   57300,1193.1,2298.6,5148.6,74.584, 226.87, 614.86
   57300,   57360,8482.7,9311.2,11768,511.96, 858.01, 1276.8
   57360,   57420,4679.7,8442.3,21009,283.78, 779.81, 2200.9
   57420,   57480,6790.6,5178.7,17773,410.44, 486.08, 1877.3
   57480,   57540,510.12,1580.1,6077.1,33.607, 162.21, 707.71
   57540,   57600,3410.1,4771.1,8057.2,207.61, 449.4, 905.72
   57600,   57660,2713.7,3175.3,6152.6,165.82, 305.78, 715.26
   57660,   57720,6046,6188.2,21721,365.76, 576.94, 2272.1
   57720,   57780,4663.5,6132.7,10858,282.81, 571.94, 1185.8
   57780,   57840,5090,7742.6,13444,308.4, 716.83, 1444.4
   57840,   57900,3361.2,4040.6,11428,204.67, 383.66, 1242.8
   57900,   57960,4604.9,4252.6,6093,279.3, 402.73, 709.3
   57960,   58020,2207.1,2641.9,5516.8,135.42, 257.77, 651.68
   58020,   58080,12905,10126,13263,777.28, 931.31, 1426.3
   58080,   58140,4079.8,7139.4,17223,247.79, 662.55, 1822.3
   58140,   58200,670.11,1794.4,3436.3,43.207, 181.5, 443.63
   58200,   58260,420.75,1395.4,2654.2,28.245, 145.59, 365.42
   58260,   58320,5014.2,4077.1,4032.6,303.85, 386.94, 503.26
   58320,   58380,4839.4,4955.6,14937,293.37, 466, 1593.7
   58380,   58440,2554.3,2909.8,7034.8,156.26, 281.88, 803.48
   58440,   58500,1120,2888.9,4728,70.199, 280, 572.8
   58500,   58560,4176.3,4887,9287.2,253.58, 459.83, 1028.7
   58560,   58620,1771.3,2759.3,5230,109.28, 268.33, 623
   58620,   58680,7050.3,8903.8,12611,426.02, 821.34, 1361.1
   58680,   58740,5631.5,8800.7,20524,340.89, 812.06, 2152.4
   58740,   58800,3724.5,7252.8,10590,226.47, 672.75, 1159
   58800,   58860,4546.9,5821.6,13328,275.81, 543.94, 1432.8
   58860,   58920,2225.5,3278.1,8077.7,136.53, 315.03, 907.77
   58920,   58980,1774.8,3219.4,5418,109.49, 309.75, 641.8
   58980,   59040,1404.6,3760.4,7158.9,87.274, 358.44, 815.89
   59040,   59100,3275,4553.1,8344.8,199.5, 429.78, 934.48
   59100,   59160,906.36,2110.5,6910.7,57.381, 209.95, 791.07
   59160,   59220,2569.1,5627.6,7748.8,157.15, 526.48, 874.88
   59220,   59280,6864.1,8488.8,12735,414.85, 783.99, 1373.5
   59280,   59340,240.99,1190.8,3058.2,17.459, 127.17, 405.82
   59340,   59400,-9999,-9999,-9999,-9999, -9999, -9999
   59400,   59460,-9999,-9999,-9999,-9999, -9999, -9999
   59460,   59520,-9999,-9999,-9999,-9999, -9999, -9999
   59520,   59580,-9999,-9999,-9999,-9999, -9999, -9999
   59580,   59640,-9999,-9999,-9999,-9999, -9999, -9999
   59640,   59700,-9999,-9999,-9999,-9999, -9999, -9999
   59700,   59760,-9999,-9999,-9999,-9999, -9999, -9999
   59760,   59820,253.17,1150.6,2441,18.19, 123.55, 344.1
   59820,   59880,941.7,2472.3,5478.5,59.502, 242.5, 647.85
   59880,   59940,1885.7,5295,9733.2,116.14, 496.55, 1073.3
   59940,   60000,3164.4,7029.4,10345,192.86, 652.65, 1134.5
   60000,   60060,3178.8,5579.2,8475.9,193.73, 522.13, 947.59
   60060,   60120,1383.2,2857.1,5594.6,85.995, 277.14, 659.46
   60120,   60180,680.3,2148.9,4117,43.818, 213.4, 511.7
   60180,   60240,257.63,1334.8,2749.2,18.458, 140.13, 374.92
   60240,   60300,4336.4,5982,6836.6,263.18, 558.38, 783.66
   60300,   60360,13284,12342,19075,800.03, 1130.8, 2007.5
   60360,   60420,3148.7,6939,13114,191.92, 644.51, 1411.4
   60420,   60480,711.56,2979.6,5157.6,45.694, 288.16, 615.76
   60480,   60540,2687.9,6283.9,8407.9,164.28, 585.55, 940.79
   60540,   60600,1091.9,3140.7,5383.2,68.514, 302.66, 638.32
   60600,   60660,1049.5,2655,4087.6,65.968, 258.95, 508.76
   60660,   60720,6541.4,9382.7,16024,395.48, 864.45, 1702.4
   60720,   60780,323.89,1354.4,3235,22.433, 141.9, 423.5
   60780,   60840,657.59,2128,3353.4,42.456, 211.52, 435.34
   60840,   60900,691.64,2239.5,3871.8,44.498, 221.56, 487.18
   60900,   60960,757.96,2339.4,3884.5,48.477, 230.55, 488.45
   60960,   61020,493.39,1573.3,3258.8,32.604, 161.6, 425.88
   61020,   61080,860.11,2746.4,4548.6,54.607, 267.17, 554.86
   61080,   61140,1431.8,3262.8,5380,88.905, 313.65, 638
   61140,   61200,4611.8,9369.9,12758,279.71, 863.29, 1375.8
   61200,   61260,454.21,1749.3,4928.2,30.253, 177.44, 592.82
   61260,   61320,477.68,1695.9,3191.5,31.661, 172.63, 419.15
   61320,   61380,2649.5,4741.4,7298.4,161.97, 446.73, 829.84
   61380,   61440,2965.7,5986.1,8295.3,180.94, 558.75, 929.53
   61440,   61500,2098.2,5874.4,8841.9,128.89, 548.7, 984.19
   61500,   61560,452.98,2234.4,3808.2,30.179, 221.09, 480.82
   61560,   61620,531.24,2057.5,3134.3,34.874, 205.17, 413.43
   61620,   61680,1906.3,3832.8,6278,117.38, 364.95, 727.8
   61680,   61740,3839.7,5394.7,9580.1,233.38, 505.52, 1058
   61740,   61800,5911.5,9516.9,15400,357.69, 876.52, 1640
   61800,   61860,6959.2,8611.8,16840,420.55, 795.07, 1784
   61860,   61920,1406.5,2537.1,5684,87.39, 248.34, 668.4
   61920,   61980,2325.2,4285.8,7137,142.51, 405.73, 813.7
   61980,   62040,823.09,2493.1,4968.8,52.386, 244.38, 596.88
   62040,   62100,366.74,1789,3515.6,25.004, 181.01, 451.56
   62100,   62160,262.81,1349.7,2743.5,18.769, 141.47, 374.35
   62160,   62220,220.16,1216.9,2583.1,16.21, 129.52, 358.31
   62220,   62280,318.28,1315.9,2630.3,22.097, 138.43, 363.03
   62280,   62340,286.62,1311.4,2730.7,20.197, 138.02, 373.07
   62340,   62400,290.7,1476.5,3008.4,20.442, 152.88, 400.84
   62400,   62460,372.47,1942.1,3445,-131.35, 42.802, 292.85
   62460,   62520,-9999,-9999,-9999,-9999, -9999, -9999
   62520,   62580,-9999,-9999,-9999,-9999, -9999, -9999
   62580,   62640,-9999,-9999,-9999,-9999, -9999, -9999
   62640,   62700,-9999,-9999,-9999,-9999, -9999, -9999
   62700,   62760,-9999,-9999,-9999,-9999, -9999, -9999
   62760,   62820,-9999,-9999,-9999,-9999, -9999, -9999
   62820,   62880,-9999,-9999,-9999,-9999, -9999, -9999
   62880,   62940,-9999,-9999,-9999,-9999, -9999, -9999
   62940,   63000,-9999,-9999,-9999,-9999, -9999, -9999
   63000,   63060,-9999,-9999,-9999,-9999, -9999, -9999
   63060,   63120,-9999,-9999,-9999,-9999, -9999, -9999
   63120,   63180,-9999,-9999,-9999,-9999, -9999, -9999
   63180,   63240,-9999,-9999,-9999,-9999, -9999, -9999
