CampaignData_and_Merges/R0/CSL_MobileLab_Parked/raw/20240722/USOS-Picarro-CO2-CH4-CO-H2O_MobileLabGround_20240722_R0.ict
38, 1001
Ilana Pollack, Nell Schafer, and Jeff Peischl
NOAA Chemical Sciences Laboratory
Picarro 2401-m CO2/CH4/CO/H2O Analyzer
USOS
1, 1
2024, 07, 22, 2024, 11, 20
0
StartTime_UTC, seconds_past_midnight, seconds past midnight
5
1, 1, 1, 1, 1
-9999, -9999, -9999, -9999, -9999
StopTime_UTC, seconds_past_midnight, seconds past midnight
CO2_ppm_1min, ppm, Gas_CO2_InSitu_S_DMF, carbon dioxide mixing ratio
CH4_ppb_1min, ppb, Gas_CH4_InSitu_S_DMF, methane mixing ratio
CO_ppb_1min, ppb, Gas_CO_InSitu_S_DMF, carbon monoxide mixing ratio
H2O_ppmv_1min, ppmv, Met_H2OMRV_InSitu_S_AVMR, water vapor mixing ratio
1
SPECIAL COMMENTS: N/A
18
PI_CONTACT_INFO: Address: NOAA Chemical Sciences Laboratory, Mail Stop CSL7, 325 Broadway, Boulder, CO 80305; Email: Ilana.Pollack@noaa.gov
PLATFORM: NOAA CSL Mobile Laboratory
LOCATION: The mobile lab was stationed in Salt Lake City, Utah.
ASSOCIATED_DATA: N/A
INSTRUMENT_INFO: CO2, CH4, and CO are reported as dry air mole fractions using a commercial wavelength-scanned cavity ring-down analyzer (Picarro 2401-m). An in-field calibration gas standard of 432±0.07 ppm CO2, 2095±1 ppb CH4, and 183±1 ppb CO, calibrated in the Boulder laboratories before and after the field project using primary CO2, CH4, and CO standard tanks tied to the WMO standard (X2019, X2004A, and X2014A, respectively) from the Global Monitoring Laboratory (GML), was delivered to the inlet every 2-3 days to evaluate instrument sensitivity. A H2O measurement was calibrated before the project with a Dew Point Mirror 373 hygrometer. The water correction calculated from these calibrations was applied to the H2O measurement for the entire campaign. Species are measured at 0.5 Hz and reported as 1-minute averages for stationary measurements.
DATA_INFO: Units: CO2, ppm, dry air mole fraction; CH4, ppb, dry air mole fraction; CO, ppb, dry air mole fraction; H2O, ppmv
UNCERTAINTY: Total uncertainties are estimated as ±0.1 ppm for CO2, ±1 ppb for CH4, ±5 ppb for CO, and ±(50 ppm + 4%) for H2O.
ULOD_FLAG: -7777
ULOD_VALUE: N/A
LLOD_FLAG: -8888
LLOD_VALUE: N/A
DM_CONTACT_INFO: Data Manager: Nathan Howard; nathan.h.howard@noaa.gov
PROJECT_INFO: USOS Dates of Study: July – August 2024
STIPULATIONS_ON_USE: Use of these data require prior ok from PI.
OTHER_COMMENTS: Data are averaged to 1 minute intervals. Stationary data collected from a 10 ft tower on top of the mobile van.
REVISION: R0
R0: Final Data
StartTime_UTC, StopTime_UTC, CO2_ppm_1min, CH4_ppb_1min, CO_ppb_1min, H2O_ppmv_1min
0,60,422.44,1970.9,179.6,11026.6484
60,120,421.70,1969.8,179.5,10662.0557
120,180,421.44,1967.6,178.0,10639.0820
180,240,421.63,1968.2,178.9,10715.1309
240,300,421.76,1969.8,177.7,10526.9854
300,360,421.82,1971.6,180.2,10826.2705
360,420,421.69,1972.5,180.9,11039.3164
420,480,421.89,1974.1,181.1,11052.4209
480,540,421.75,1973.6,180.4,10610.7363
540,600,421.50,1974.2,179.0,10801.4688
600,660,421.45,1974.0,177.9,10714.7119
660,720,421.68,1973.4,179.5,10660.9932
720,780,422.15,1973.3,179.8,10922.5713
780,840,422.21,1973.3,179.7,11051.1895
840,900,421.98,1973.6,178.6,10902.9785
900,960,421.76,1973.4,178.6,10779.6230
960,1020,421.67,1973.7,178.0,10921.8115
1020,1080,421.66,1972.8,178.5,10789.6992
1080,1140,421.86,1973.9,178.1,10559.8027
1140,1200,421.88,1975.5,180.3,11209.4512
1200,1260,421.85,1976.4,179.5,11780.6436
1260,1320,421.99,1977.0,182.9,11760.9531
1320,1380,422.01,1977.0,183.7,11421.3408
1380,1440,422.10,1976.9,185.7,11378.1104
1440,1500,421.81,1976.4,186.3,11885.1602
1500,1560,421.89,1974.8,183.8,11458.3223
1560,1620,421.65,1975.1,182.5,11595.2383
1620,1680,421.75,1974.5,185.3,11256.7305
1680,1740,421.99,1975.6,184.8,11305.2236
1740,1800,422.00,1976.0,185.4,11543.1602
1800,1860,422.18,1973.9,182.5,10904.6152
1860,1920,422.11,1974.2,180.9,11033.7646
1920,1980,422.05,1975.4,183.7,11349.4346
1980,2040,422.13,1975.1,187.5,11349.4307
2040,2100,422.09,1974.3,182.6,10961.1523
2100,2160,422.22,1974.4,183.3,11074.6846
2160,2220,422.23,1974.7,184.0,11302.6045
2220,2280,422.95,1975.5,184.1,11459.1211
2280,2340,423.06,1975.7,184.9,11406.0059
2340,2400,422.60,1976.6,187.1,11280.2236
2400,2460,423.84,1975.7,184.5,11140.3223
2460,2520,423.09,1975.1,183.4,11391.8438
2520,2580,424.45,1975.2,183.3,11562.4268
2580,2640,424.17,1974.0,182.7,11051.1172
2640,2700,422.77,1972.3,180.5,10963.4131
2700,2760,422.91,1971.7,182.8,11325.0791
2760,2820,422.83,1970.4,182.3,10969.3271
2820,2880,421.65,1968.5,179.4,10521.2959
2880,2940,422.01,1970.7,180.4,10372.3311
2940,3000,421.86,1970.5,180.3,10514.1348
3000,3060,421.69,1970.4,178.7,10619.1563
3060,3120,421.88,1970.1,177.6,9993.9180
3120,3180,421.47,1971.4,179.3,10915.1660
3180,3240,421.77,1969.7,179.5,10560.5020
3240,3300,421.77,1968.8,180.4,10074.5537
3300,3360,422.68,1969.4,181.1,10819.4063
3360,3420,422.51,1965.5,175.3,11013.1113
3420,3480,424.18,1966.4,265.9,11282.4014
3480,3540,422.03,1964.3,215.2,10849.4902
3540,3600,422.22,1964.0,181.9,10746.9883
3600,3660,422.02,1963.8,175.4,10789.6064
3660,3720,422.30,1964.9,280.9,11102.2998
3720,3780,422.22,1963.6,170.7,10548.0879
3780,3840,422.25,1964.0,177.1,10509.5752
3840,3900,421.91,1964.4,173.1,10487.7588
3900,3960,421.79,1964.5,178.2,10566.7383
3960,4020,422.76,1965.6,198.3,10793.1807
4020,4080,423.27,1965.1,188.2,11102.9434
4080,4140,422.46,1965.5,173.3,10696.5791
4140,4200,421.94,1964.8,170.9,10586.0820
4200,4260,422.52,1964.3,170.7,10703.5059
4260,4320,422.90,1964.5,170.8,10848.7725
4320,4380,422.79,1964.3,169.9,10692.4482
4380,4440,422.37,1964.2,182.4,10592.0371
4440,4500,422.22,1964.2,177.0,10662.0098
4500,4560,422.35,1964.8,174.5,10597.5830
4560,4620,422.14,1964.7,171.9,10724.9551
4620,4680,422.49,1964.7,177.4,10914.8066
4680,4740,422.15,1964.0,178.2,10481.8906
4740,4800,422.56,1964.1,179.3,10828.3359
4800,4860,422.52,1964.3,180.9,10761.7979
4860,4920,422.82,1963.8,184.3,10486.7686
4920,4980,423.10,1964.5,187.0,10705.9775
4980,5040,422.90,1963.7,211.4,10443.3320
5040,5100,422.68,1963.8,193.9,10458.4473
5100,5160,423.35,1964.6,181.0,10642.5059
5160,5220,423.34,1964.5,175.3,10775.0078
5220,5280,424.68,1965.6,180.5,11100.7373
5280,5340,422.64,1964.4,176.2,10661.0938
5340,5400,422.80,1964.4,180.0,10620.8359
5400,5460,422.09,1963.8,170.4,10527.8857
5460,5520,422.21,1963.6,173.3,10574.6406
5520,5580,422.77,1964.3,171.4,10824.7432
5580,5640,422.72,1964.6,174.1,10738.2451
5640,5700,422.70,1964.4,173.6,10661.5371
5700,5760,422.18,1963.9,171.5,10506.8115
5760,5820,423.09,1964.4,181.2,10645.4492
5820,5880,422.53,1964.5,172.5,10703.1826
5880,5940,423.36,1964.3,173.2,10675.7891
5940,6000,424.47,1965.4,178.2,10877.2051
6000,6060,424.40,1965.4,176.5,11012.4414
6060,6120,423.25,1965.2,172.5,10859.3477
6120,6180,423.38,1964.6,176.0,10781.0742
6180,6240,424.07,1965.1,176.1,10887.2236
6240,6300,424.40,1965.1,177.3,11011.4824
6300,6360,423.51,1965.0,170.8,10757.4502
6360,6420,422.50,1964.9,168.0,10646.6055
6420,6480,422.97,1965.3,171.4,10713.5342
6480,6540,423.01,1965.4,169.7,10744.2539
6540,6600,423.85,1965.8,170.7,10920.0947
6600,6660,422.79,1965.7,169.0,10759.5244
6660,6720,424.47,1966.7,181.2,10911.1572
6720,6780,422.99,1965.3,174.6,10694.2363
6780,6840,423.88,1965.6,175.0,11019.2295
6840,6900,423.09,1966.1,172.5,10921.6543
6900,6960,423.57,1966.1,180.4,10823.6045
6960,7020,423.38,1965.5,174.3,10736.3613
7020,7080,423.56,1965.8,176.3,10873.4395
7080,7140,423.39,1966.0,180.3,10841.1572
7140,7200,423.19,1966.2,176.5,10866.2051
7200,7260,423.59,1966.4,180.1,10955.0586
7260,7320,423.93,1966.4,181.8,11004.3369
7320,7380,423.97,1967.1,177.9,10904.0430
7380,7440,424.52,1967.7,176.4,11043.0586
7440,7500,423.84,1967.6,173.8,10882.7461
7500,7560,425.02,1968.1,183.4,11016.0322
7560,7620,425.57,1968.3,179.8,11109.5693
7620,7680,423.85,1967.5,173.6,10888.6475
7680,7740,423.55,1967.5,171.3,10978.2949
7740,7800,424.51,1968.4,175.8,11050.7471
7800,7860,424.36,1966.8,175.9,10946.5117
7860,7920,424.41,1966.6,181.7,11003.3428
7920,7980,424.22,1966.5,175.3,10948.2402
7980,8040,424.20,1966.4,174.5,10916.3965
8040,8100,425.70,1967.0,177.8,11091.0918
8100,8160,424.74,1966.7,180.4,11047.5605
8160,8220,425.65,1967.9,196.1,11176.3838
8220,8280,425.49,1968.1,192.3,11220.4688
8280,8340,426.38,1968.8,190.7,11364.5762
8340,8400,424.86,1969.0,187.0,11253.5146
8400,8460,426.32,1969.6,190.7,11354.3379
8460,8520,425.12,1970.3,189.3,11308.5840
8520,8580,425.66,1971.4,206.5,11292.9951
8580,8640,427.80,1972.4,207.5,11362.4746
8640,8700,425.86,1972.0,197.8,11347.7969
8700,8760,425.00,1972.6,190.0,11301.4746
8760,8820,424.52,1972.8,186.1,11280.8418
8820,8880,425.13,1972.5,190.6,11259.6914
8880,8940,425.27,1972.2,191.1,11283.3340
8940,9000,427.81,1973.0,217.3,11400.2080
9000,9060,426.10,1971.6,199.6,11356.9541
9060,9120,427.23,1971.1,190.2,11473.4805
9120,9180,426.03,1970.8,187.3,11362.5674
9180,9240,426.10,1969.6,184.3,11345.0293
9240,9300,427.49,1970.4,195.8,11430.6973
9300,9360,426.64,1969.8,192.4,11362.3721
9360,9420,426.27,1969.1,185.9,11328.1543
9420,9480,426.20,1969.0,185.7,11337.6504
9480,9540,427.10,1970.5,197.7,11376.2656
9540,9600,426.43,1971.5,195.4,11349.6045
9600,9660,426.62,1971.7,195.0,11422.0850
9660,9720,425.87,1971.5,195.5,11354.3643
9720,9780,428.49,1972.1,203.8,11526.9609
9780,9840,426.41,1973.0,208.5,11350.0479
9840,9900,428.18,1973.3,210.7,11466.1709
9900,9960,427.27,1973.7,203.3,11461.1191
9960,10020,427.45,1973.9,198.3,11457.1045
10020,10080,427.23,1973.7,197.3,11429.3750
10080,10140,426.83,1973.0,196.5,11342.8799
10140,10200,427.45,1973.7,247.0,11376.8154
10200,10260,427.27,1973.5,219.2,11367.5342
10260,10320,427.88,1973.2,207.3,11345.0293
10320,10380,426.18,1972.5,189.8,11227.5000
10380,10440,426.95,1972.3,186.1,11256.0313
10440,10500,427.07,1971.9,186.1,11191.8604
10500,10560,427.11,1972.1,183.1,11219.1719
10560,10620,426.80,1971.3,187.6,11089.8770
10620,10680,427.50,1970.4,190.7,11096.0518
10680,10740,427.66,1969.8,189.7,11073.7520
10740,10800,428.46,1970.1,201.1,11102.1953
10800,10860,427.52,1968.8,190.5,10998.9932
10860,10920,428.15,1968.8,186.9,11043.5098
10920,10980,428.86,1968.9,186.6,11058.3682
10980,11040,428.71,1968.2,184.7,10988.2402
11040,11100,428.03,1968.0,184.7,10969.3750
11100,11160,428.70,1968.5,181.7,11050.6494
11160,11220,429.65,1968.6,183.2,11054.8848
11220,11280,429.44,1969.1,191.4,10983.9492
11280,11340,428.07,1968.6,203.0,10861.3350
11340,11400,428.13,1969.1,219.0,10827.2402
11400,11460,428.81,1969.2,210.8,10880.0146
11460,11520,428.15,1968.6,195.6,10751.8203
11520,11580,428.74,1968.7,184.2,10741.3311
11580,11640,429.18,1969.2,179.7,10772.7627
11640,11700,429.81,1970.9,209.2,10730.9883
11700,11760,429.19,1971.4,200.8,10607.2852
11760,11820,429.80,1973.2,196.7,10635.1816
11820,11880,431.05,1973.8,194.1,10678.6338
11880,11940,429.82,1972.9,190.6,10546.2656
11940,12000,428.64,1972.3,194.7,10439.5215
12000,12060,428.42,1971.9,185.2,10382.7979
12060,12120,429.12,1971.6,184.9,10344.2861
12120,12180,429.67,1971.7,192.3,10364.1035
12180,12240,429.67,1972.9,203.1,10342.5850
12240,12300,430.29,1974.1,193.5,10389.1465
12300,12360,429.00,1972.9,195.6,10275.2568
12360,12420,431.03,1972.5,200.1,10336.3311
12420,12480,429.42,1972.9,184.4,10318.3047
12480,12540,429.29,1972.8,217.9,10288.4795
12540,12600,428.81,1972.3,195.9,10242.9150
12600,12660,430.53,1973.2,212.7,10287.3389
12660,12720,429.42,1972.2,187.3,10265.0156
12720,12780,428.40,1973.1,182.5,10218.4912
12780,12840,429.65,1973.9,183.1,10306.4023
12840,12900,429.89,1973.2,180.7,10438.4365
12900,12960,429.91,1973.6,182.2,10760.7207
12960,13020,429.87,1974.0,184.6,10457.2031
13020,13080,431.62,1972.8,208.1,10867.0156
13080,13140,430.67,1971.9,196.0,10609.7422
13140,13200,432.18,1971.5,196.7,10920.2646
13200,13260,430.92,1971.0,193.8,10611.4111
13260,13320,431.58,1970.3,197.0,10675.3652
13320,13380,431.43,1969.1,191.2,10899.1396
13380,13440,429.93,1967.9,187.5,10564.4600
13440,13500,430.57,1967.9,236.2,10481.0215
13500,13560,429.97,1969.0,241.5,10313.0996
13560,13620,430.09,1967.8,190.7,10352.9063
13620,13680,429.95,1967.9,184.3,10343.4639
13680,13740,430.22,1967.4,179.0,10664.6816
13740,13800,430.01,1966.9,187.1,10579.5674
13800,13860,430.84,1967.5,196.9,10675.0469
13860,13920,429.11,1966.1,182.0,10455.2842
13920,13980,429.09,1965.3,175.7,11002.4795
13980,14040,428.98,1965.3,173.6,10762.8838
14040,14100,429.44,1965.8,175.3,10670.8555
14100,14160,429.54,1967.2,181.7,10437.8994
14160,14220,429.80,1967.2,180.9,10622.9912
14220,14280,428.58,1965.9,183.1,10341.5156
14280,14340,429.46,1966.2,183.2,10617.6709
14340,14400,429.83,1965.8,179.0,10513.9668
14400,14460,429.75,1965.7,176.5,10550.7822
14460,14520,429.14,1965.7,177.0,10390.2715
14520,14580,428.88,1965.5,182.5,10420.7139
14580,14640,428.89,1965.3,176.5,10719.7842
14640,14700,428.56,1965.0,177.9,10524.0879
14700,14760,428.54,1965.3,177.9,10266.0898
14760,14820,429.30,1965.5,178.4,10735.2197
14820,14880,429.57,1965.9,178.1,10840.7666
14880,14940,428.51,1964.9,183.0,10446.2969
14940,15000,429.88,1965.3,202.4,10581.5186
15000,15060,428.59,1965.0,179.2,10158.4473
15060,15120,428.38,1965.0,175.3,10270.9326
15120,15180,428.97,1965.3,174.5,10676.3154
15180,15240,428.20,1965.1,174.5,10313.6973
15240,15300,427.92,1964.3,171.4,10328.2754
15300,15360,428.17,1964.6,170.1,10332.2207
15360,15420,427.96,1964.5,167.7,10048.8623
15420,15480,427.46,1964.5,171.9,10004.3848
15480,15540,427.18,1964.5,169.7,9928.1523
15540,15600,427.23,1964.5,170.6,9929.1680
15600,15660,429.15,1965.1,170.6,10212.5723
15660,15720,429.51,1965.2,171.3,10287.7578
15720,15780,427.92,1965.4,167.6,9977.6758
15780,15840,427.58,1965.1,168.8,9989.8760
15840,15900,427.62,1965.2,169.8,9988.4609
15900,15960,428.30,1965.7,172.4,10113.6045
15960,16020,427.41,1965.1,169.7,9911.5322
16020,16080,427.53,1965.7,169.9,9914.2822
16080,16140,428.22,1965.8,171.8,10102.2891
16140,16200,427.70,1965.9,169.0,9973.4639
16200,16260,428.67,1966.4,168.5,10117.6797
16260,16320,428.40,1967.1,167.1,10068.2734
16320,16380,428.11,1966.0,167.9,10016.1924
16380,16440,428.85,1966.2,179.7,10159.2109
16440,16500,428.30,1965.7,171.9,9963.0410
16500,16560,427.99,1965.5,172.6,9949.0908
16560,16620,427.44,1965.4,168.4,9846.7061
16620,16680,428.11,1965.3,169.3,10030.5342
16680,16740,427.96,1965.4,167.7,9936.6279
16740,16800,428.53,1965.2,164.5,10000.4951
16800,16860,428.94,1965.4,164.2,10112.7773
16860,16920,428.28,1965.5,164.7,10047.1172
16920,16980,428.32,1965.3,163.0,10026.0264
16980,17040,428.72,1965.2,164.6,10091.7920
17040,17100,428.89,1965.5,163.9,10034.2813
17100,17160,427.85,1965.2,161.2,9878.5557
17160,17220,428.28,1965.7,162.5,9943.8936
17220,17280,428.39,1965.7,162.1,9982.5371
17280,17340,429.09,1966.1,164.2,10041.2168
17340,17400,428.91,1966.4,177.2,10042.4961
17400,17460,428.59,1966.8,168.9,10013.6367
17460,17520,429.03,1967.1,163.8,10047.9434
17520,17580,428.56,1967.1,161.8,10009.9814
17580,17640,429.05,1966.6,163.9,10056.4482
17640,17700,428.56,1966.6,162.1,10032.8066
17700,17760,428.12,1966.2,157.3,9947.2539
17760,17820,428.10,1966.5,158.0,10012.5215
17820,17880,428.26,1966.5,168.1,9954.1709
17880,17940,428.60,1966.8,167.5,10061.8809
17940,18000,428.84,1967.2,223.9,10173.5713
18000,18060,428.08,1967.1,184.1,9916.8105
18060,18120,427.74,1966.8,163.7,9971.1143
18120,18180,427.95,1966.8,158.3,9928.7861
18180,18240,427.07,1966.7,159.0,9821.6602
18240,18300,427.42,1967.0,159.8,9912.9092
18300,18360,427.74,1967.0,158.7,9906.1162
18360,18420,427.34,1967.1,158.4,10010.4238
18420,18480,427.54,1967.3,160.6,9899.7822
18480,18540,427.66,1966.7,157.4,10025.1182
18540,18600,427.91,1967.0,157.0,9981.2480
18600,18660,427.82,1967.1,160.7,9926.6895
18660,18720,428.58,1967.7,160.0,9896.0859
18720,18780,427.20,1967.5,158.3,9757.4141
18780,18840,426.97,1967.1,159.5,9773.6113
18840,18900,426.67,1966.8,157.8,9781.5430
18900,18960,427.33,1967.3,156.1,9878.5381
18960,19020,426.32,1967.0,157.1,9665.5156
19020,19080,426.71,1967.1,157.1,9766.0029
19080,19140,426.69,1966.9,158.5,9647.8809
19140,19200,426.97,1967.0,194.3,9764.0723
19200,19260,427.51,1966.9,158.5,9854.4824
19260,19320,426.92,1966.8,155.9,9740.0020
19320,19380,426.63,1967.0,154.7,9709.6602
19380,19440,426.48,1967.0,155.0,9634.4951
19440,19500,426.74,1966.8,155.9,9711.3564
19500,19560,427.61,1967.1,155.2,9747.8555
19560,19620,427.71,1967.1,158.9,9809.1338
19620,19680,427.64,1967.3,157.8,9735.0820
19680,19740,427.71,1967.5,157.6,9652.0420
19740,19800,427.88,1967.3,156.9,9789.2402
19800,19860,428.14,1966.9,155.6,9776.2930
19860,19920,427.76,1967.8,156.8,9750.7109
19920,19980,428.03,1967.5,159.1,9720.1260
19980,20040,428.11,1967.6,157.6,9734.5313
20040,20100,428.08,1967.6,157.5,9828.9307
20100,20160,427.63,1967.6,155.2,9760.2461
20160,20220,429.37,1967.3,155.1,10029.5342
20220,20280,427.91,1967.6,153.5,9762.4932
20280,20340,428.96,1967.8,154.2,9915.1963
20340,20400,428.98,1967.8,155.7,9907.4014
20400,20460,428.21,1967.2,154.7,9884.0820
20460,20520,427.79,1967.2,164.4,9651.0537
20520,20580,427.89,1967.7,163.0,9628.4180
20580,20640,428.80,1967.8,159.2,9742.9365
20640,20700,428.19,1967.8,153.5,9675.1182
20700,20760,428.74,1968.4,206.9,9747.0586
20760,20820,428.43,1967.9,166.5,9667.4150
20820,20880,428.01,1967.5,152.0,9576.1738
20880,20940,428.41,1967.0,152.6,9672.1104
20940,21000,427.71,1966.9,149.7,9530.6094
21000,21060,427.85,1967.0,152.1,9530.9629
21060,21120,427.56,1966.9,151.6,9490.1797
21120,21180,428.42,1967.6,152.3,9611.0420
21180,21240,428.07,1967.1,151.5,9562.7881
21240,21300,428.03,1967.0,150.8,9550.7275
21300,21360,429.64,1966.9,152.9,9707.7188
21360,21420,429.68,1966.9,152.5,9664.9756
21420,21480,429.37,1967.3,153.1,9571.3994
21480,21540,429.38,1966.9,151.1,9524.3135
21540,21600,428.29,1966.7,151.6,9418.3906
21600,21660,428.75,1967.3,151.6,9483.0107
21660,21720,428.53,1966.8,152.7,9473.8691
21720,21780,427.71,1967.0,149.5,9357.3311
21780,21840,428.36,1967.4,151.4,9466.6377
21840,21900,428.48,1967.6,152.0,9515.7949
21900,21960,428.41,1967.3,154.1,9436.8184
21960,22020,429.15,1967.4,156.2,9546.7910
22020,22080,429.39,1967.1,155.2,9509.2822
22080,22140,428.42,1966.6,153.2,9405.6758
22140,22200,428.73,1966.8,154.0,9487.2881
22200,22260,429.48,1966.9,151.5,9462.4756
22260,22320,428.51,1967.0,151.3,9426.3174
22320,22380,428.03,1966.5,150.8,9401.7051
22380,22440,430.32,1967.6,152.3,9646.0947
22440,22500,430.27,1967.6,152.6,9607.6719
22500,22560,429.84,1967.1,155.1,9474.5752
22560,22620,431.49,1966.4,160.2,9650.6045
22620,22680,428.95,1965.7,151.3,9427.8926
22680,22740,430.11,1966.3,150.0,9600.5059
22740,22800,430.12,1966.4,150.9,9623.0879
22800,22860,427.88,1966.2,150.5,9347.8330
22860,22920,427.72,1966.1,150.9,9352.1396
