CampaignData_and_Merges/R0/CSL_MobileLab_Parked/raw/20240722/USOS-NOy-LIF_MobileLabGround_20240722_R0.ict
39,1001
Rollins, A.; Waxman, E.; Zuraski, K.; Chace, W.
NOAA Chemical Sciences Laboratory
LIF NO/NOx/NOy on CSL Mobile Lab
AMMBEC / USOS
1, 1
2024,07,22, 2025,01,03
1
Time_Start, seconds, number_of_seconds_since_0000_UTC
7
1, 1, 1, 1, 1, 1, 1
-9999, -9999, -9999, -9999, -9999, -9999, -9999
Time_Stop, seconds, number_of_seconds_since_0000_UTC
NO_LIF, pptv, Gas_NO_InSitu_S_AVMR, volume mixing ratio of nitric oxide in air
NO2_LIF, pptv, Gas_NO2_InSitu_S_AVMR, volume mixing ratio of nitrogen dioxide in air
NOy_LIF, pptv, Gas_NOy_InSitu_S_AVMR, volume mixing ratio of total oxidized nitrogen in air
NO_LIF_1SigmaAccuracy, pptv, Gas_NO_InSitu_S_AVMR, volume mixing ratio of nitric oxide in air
NO2_LIF_1SigmaAccuracy, pptv, Gas_NO2_InSitu_S_AVMR, volume mixing ratio of nitrogen dioxide in air
NOy_LIF_1SigmaAccuracy, pptv, Gas_NOy_InSitu_S_AVMR, volume mixing ratio of total oxidized nitrogen in air
0
18
PI_CONTACT_INFO: andrew.rollins@noaa.gov
PLATFORM: CSL Mobile Lab
LOCATION: Salt Lake City, UT
ASSOCIATED_DATA:
INSTRUMENT_INFO: NO detection by laser induced fluorescence. NO2 detection by photolytic conversion to NO. NOy detection by catalytic conversion to NO on gold surface
DATA_INFO:
UNCERTAINTY: Included 1 Sigma Accuracy waves represent the combined calibration uncertainties (±6%, ±9%, ±10%) and zero uncertainties (3 ppt, 20 ppt, 100 ppt) for NO, NO2, and NOy, respectively.
ULOD_FLAG: -7777
ULOD_VALUE: N/A
LLOD_FLAG: -8888
LLOD_VALUE: N/A
DM_CONTACT_INFO: andrew.rollins@noaa.gov
PROJECT_INFO: USOS Project, July - August 2024
STIPULATIONS_ON_USE: Users are strongly encouraged to contact the PI for proper data usage.
OTHER_COMMENTS:
REVISION: R0
R0: final data
Time_Start, Time_Stop, NO_LIF, NO2_LIF, NOy_LIF, NO_LIF_1SigmaAccuracy, NO2_LIF_1SigmaAccuracy, NOy_LIF_1SigmaAccuracy
[from data line 263]
   15780,   15840,58.365,1048.1,1856.2,6.5019, 114.33, 285.62
   15840,   15900,44.795,996.99,1713.7,5.6877, 109.73, 271.37
   15900,   15960,43.111,988.28,1660.9,5.5867, 108.95, 266.09
   15960,   16020,42.159,1059,1788.4,5.5295, 115.31, 278.84
   16020,   16080,48.797,968.68,1640.8,5.9278, 107.18, 264.08
   16080,   16140,31.493,908.87,1643.4,4.8896, 101.8, 264.34
   16140,   16200,42.88,951.89,1649.1,5.5728, 105.67, 264.91
   16200,   16260,34.2,935.28,1632,5.052, 104.18, 263.2
   16260,   16320,37.421,976.37,1692.1,5.2453, 107.87, 269.21
   16320,   16380,79.594,1070.5,1758.5,7.7757, 116.35, 275.85
   16380,   16440,79.683,1333.1,2470.7,7.781, 139.98, 347.07
   16440,   16500,95.667,1402.6,2245.9,8.74, 146.24, 324.59
   16500,   16560,93.544,1182.5,1999.6,8.6127, 126.42, 299.96
   16560,   16620,65.448,1109.3,1922.7,6.9269, 119.83, 292.27
   16620,   16680,40.071,947.83,1627.8,5.4043, 105.3, 262.78
   16680,   16740,127.96,1425.1,2265.9,10.677, 148.26, 326.59
   16740,   16800,40.224,937.71,1744.6,5.4134, 104.39, 274.46
   16800,   16860,28.538,845.07,1573.7,4.7123, 96.057, 257.37
   16860,   16920,24.471,808.23,1510.1,4.4683, 92.74, 251.01
   16920,   16980,16.434,759.56,1407.6,3.9861, 88.36, 240.76
   16980,   17040,17.928,758.06,1412.1,4.0757, 88.226, 241.21
   17040,   17100,47.486,847.04,1504.7,5.8492, 96.234, 250.47
   17100,   17160,32.738,827.19,1524.4,4.9643, 94.447, 252.44
   17160,   17220,11.301,718.54,1360.9,3.6781, 84.668, 236.09
   17220,   17280,9.4954,729.13,1353.4,3.5697, 85.622, 235.34
   17280,   17340,88.223,867.65,1383.5,8.2934, 98.088, 238.35
   17340,   17400,144.34,1223.6,2070.8,11.66, 130.12, 307.08
   17400,   17460,1177.1,3749.1,6232.7,73.623, 357.41, 723.27
   17460,   17520,160.39,1920.3,3803.3,12.623, 192.82, 480.33
   17520,   17580,64.41,1033.6,2071.7,6.8646, 113.02, 307.17
   17580,   17640,328.99,1582.6,2478.9,22.739, 162.43, 347.89
   17640,   17700,264.74,1953.1,3071.7,18.884, 195.78, 407.17
   17700,   17760,50.153,1103.9,2065.7,6.0092, 119.36, 306.57
   17760,   17820,23.025,727.39,1408.3,4.3815, 85.465, 240.83
   17820,   17880,17.114,680.94,1371.6,4.0268, 81.285, 237.16
   17880,   17940,489.25,1877.7,2805.6,32.355, 188.99, 380.56
   17940,   18000,74.615,1284.1,2465.5,7.4769, 135.57, 346.55
   18000,   18060,31.026,957.39,1774.1,4.8615, 106.17, 277.41
   18060,   18120,86.423,1108.3,2056.3,8.1854, 119.74, 305.63
   18120,   18180,20.274,814.33,1616.4,4.2165, 93.289, 261.64
   18180,   18240,16.904,704.2,1421.9,4.0142, 83.378, 242.19
   18240,   18300,35.114,800.79,1484.1,5.1068, 92.071, 248.41
   18300,   18360,28.967,795.98,1550.1,4.738, 91.638, 255.01
   18360,   18420,77.355,1043,1809,7.6413, 113.87, 280.9
   18420,   18480,18.542,722.56,1461.9,4.1125, 85.031, 246.19
   18480,   18540,24.489,793.12,1488.6,4.4693, 91.381, 248.86
   18540,   18600,21.588,686.36,1390.8,4.2953, 81.772, 239.08
   18600,   18660,153.9,1100.6,1597.2,12.234, 119.05, 259.72
   18660,   18720,851.4,3478.7,4236.9,54.084, 333.08, 523.69
   18720,   18780,502.55,3900.8,5951.2,33.153, 371.07, 695.12
   18780,   18840,79.151,1325.4,3106.2,7.7491, 139.28, 410.62
   18840,   18900,72.498,1034.9,1972.1,7.3499, 113.14, 297.21
   18900,   18960,180.02,1178.5,1886.5,13.801, 126.07, 288.65
   18960,   19020,36.996,937.64,1680.6,5.2198, 104.39, 268.06
   19020,   19080,9.7862,616.36,1266.7,3.5872, 75.473, 226.67
   19080,   19140,11.734,633.73,1281,3.704, 77.036, 228.1
   19140,   19200,20.885,617.77,1278,4.2531, 75.599, 227.8
   19200,   19260,69.561,820.98,1542.4,7.1736, 93.888, 254.24
   19260,   19320,22.045,717.02,1463.4,4.3227, 84.532, 246.34
   19320,   19380,12.576,630.07,1304.6,3.7545, 76.707, 230.46
   19380,   19440,12.319,625.39,1285.5,3.7391, 76.285, 228.55
   19440,   19500,9.4748,612.21,1228.5,3.5685, 75.099, 222.85
   19500,   19560,-9999,-9999,-9999,-9999, -9999, -9999
   19560,   19620,-9999,-9999,-9999,-9999, -9999, -9999
   19620,   19680,-9999,-9999,-9999,-9999, -9999, -9999
   19680,   19740,-9999,-9999,-9999,-9999, -9999, -9999
   19740,   19800,-9999,-9999,-9999,-9999, -9999, -9999
   19800,   19860,-9999,-9999,-9999,-9999, -9999, -9999
   19860,   19920,-9999,-9999,-9999,-9999, -9999, -9999
   19920,   19980,24.37,827.46,1516.6,4.4622, 94.472, 251.66
   19980,   20040,20.963,780.92,1525,4.2578, 90.283, 252.5
   20040,   20100,12.237,651.16,1343.2,3.7342, 78.604, 234.32
   20100,   20160,43.303,752.72,1433.6,5.5982, 87.745, 243.36
   20160,   20220,35.977,815.53,1593,5.1586, 93.398, 259.3
   20220,   20280,33.9,865.43,1610.9,5.034, 97.888, 261.09
   20280,   20340,21.633,703.12,1420.3,4.298, 83.281, 242.03
   20340,   20400,18.695,705.33,1395.6,4.1217, 83.48, 239.56
   20400,   20460,13.757,657.77,1293.3,3.8254, 79.2, 229.33
   20460,   20520,33.559,679.57,1355.9,5.0136, 81.161, 235.59
   20520,   20580,94.799,1004.9,1720.5,8.6879, 110.44, 272.05
   20580,   20640,233.85,1599.9,2357,17.031, 163.99, 335.7
   20640,   20700,62.082,1292.9,2236.6,6.7249, 136.36, 323.66
   20700,   20760,157.59,891.44,1627.1,12.455, 100.23, 262.71
   20760,   20820,182.76,1353,2428.3,13.966, 141.77, 342.83
   20820,   20880,26.645,691.64,1498.7,4.5987, 82.248, 249.87
   20880,   20940,27.653,624.66,1264,4.6592, 76.219, 226.4
   20940,   21000,20.304,586.19,1218.7,4.2182, 72.757, 221.87
   21000,   21060,10.117,564.78,1219.3,3.607, 70.831, 221.93
   21060,   21120,12.161,557.14,1165.9,3.7297, 70.143, 216.59
   21120,   21180,9.9062,590.96,1229.6,3.5944, 73.187, 222.96
   21180,   21240,11.009,614.05,1265.6,3.6606, 75.264, 226.56
   21240,   21300,16.388,596.72,1213.4,3.9833, 73.705, 221.34
   21300,   21360,28.663,657.16,1269.1,4.7198, 79.144, 226.91
   21360,   21420,19.102,658.14,1332,4.1461, 79.232, 233.2
   21420,   21480,14.151,666.69,1336.9,3.8491, 80.002, 233.69
   21480,   21540,18.112,736.84,1372.7,4.0867, 86.315, 237.27
   21540,   21600,8.7157,619.53,1294.3,3.5229, 75.758, 229.43
   21600,   21660,10.718,602.34,1233.9,3.6431, 74.211, 223.39
   21660,   21720,31.851,814.05,1461.7,4.911, 93.264, 246.17
   21720,   21780,14.702,829.54,1441.1,3.8821, 94.659, 244.11
   21780,   21840,8.1934,695.2,1400.4,3.4916, 82.568, 240.04
   21840,   21900,7.7211,684.19,1348.7,3.4633, 81.577, 234.87
   21900,   21960,7.2446,637.52,1280.6,3.4347, 77.376, 228.06
   21960,   22020,81.553,1041.1,1694.2,7.8932, 113.7, 269.42
   22020,   22080,44.302,1386.6,2002.8,5.6581, 144.79, 300.28
   22080,   22140,16.429,1093.8,2030.3,3.9858, 118.44, 303.03
   22140,   22200,50.874,1260,1930.9,6.0524, 133.4, 293.09
   22200,   22260,20.453,1282.7,1889.7,4.2272, 135.44, 288.97
   22260,   22320,10.642,827.89,1588.9,3.6385, 94.511, 258.89
   22320,   22380,5.5864,708.36,1387.2,3.3352, 83.752, 238.72
   22380,   22440,8.4449,644.58,1328.5,3.5067, 78.012, 232.85
   22440,   22500,11.111,682.83,1400.4,3.6666, 81.455, 240.04
   22500,   22560,11.169,685.63,1358,3.6701, 81.707, 235.8
   22560,   22620,21.794,877.63,1723.8,4.3076, 98.987, 272.38
   22620,   22680,15.895,852.93,1638,3.9537, 96.764, 263.8
   22680,   22740,26.714,682.28,1351.2,4.6029, 81.405, 235.12
   22740,   22800,7.6901,648.85,1410,3.4614, 78.397, 241
   22800,   22860,6.6109,694.57,1358.9,3.3967, 82.511, 235.89
   22860,   22920,3.1835,624.28,1219.7,3.191, 76.185, 221.97
   22920,   22980,4.6955,826.23,1653.8,3.2817, 94.361, 265.38
   22980,   23040,6.2458,1520,2230.3,3.3747, 156.8, 323.03
   23040,   23100,9.2131,2024.1,2842.6,3.5528, 202.17, 384.26
   23100,   23160,5.4866,2007.8,2942,3.3292, 200.7, 394.2
   23160,   23220,16.904,2413.1,3091.7,4.0142, 237.18, 409.17
   23220,   23280,26.564,2469.4,3628.4,4.5938, 242.25, 462.84
   23280,   23340,26.902,2005.5,3085.2,4.6141, 200.49, 408.52
   23340,   23400,92.099,2340.9,3577.7,8.5259, 230.68, 457.77
   23400,   23460,45.623,2696.2,4953.5,5.7374, 262.66, 595.35
   23460,   23520,23.778,2551.4,3936,4.4267, 249.63, 493.6
   23520,   23580,11.535,2149.5,3449.4,3.6921, 213.46, 444.94
   23580,   23640,4.8848,2282.9,3144.3,3.2931, 225.46, 414.43
   23640,   23700,10.153,2205.5,3263,3.6092, 218.49, 426.3
   23700,   23760,19.464,1606.7,2656.3,4.1678, 164.6, 365.63
   23760,   23820,20.039,1981.4,2767.1,4.2024, 198.33, 376.71
   23820,   23880,9.1987,1875.4,2844.4,3.5519, 188.78, 384.44
   23880,   23940,6.7134,2677.8,3580,3.4028, 261, 458
   23940,   24000,7.1726,3420.2,4556,3.4304, 327.82, 555.6
   24000,   24060,7.1443,3382.2,4531.4,3.4287, 324.4, 553.14
   24060,   24120,6.6095,3618.8,4768.7,3.3966, 345.69, 576.87
   24120,   24180,6.8879,4426.4,5737.2,3.4133, 418.38, 673.72
   24180,   24240,7.0136,4421,5561.6,3.4208, 417.89, 656.16
   24240,   24300,6.6604,4844.4,6026.8,3.3996, 456, 702.68
   24300,   24360,10.146,5071.2,5935,3.6088, 476.4, 693.5
   24360,   24420,8.5613,5843.2,6539.3,3.5137, 545.89, 753.93
   24420,   24480,5.7287,6139.8,7145.6,3.3437, 572.58, 814.56
   24480,   24540,6.642,6011.6,7062.8,3.3985, 561.04, 806.28
   24540,   24600,10.238,6628.3,7818.1,3.6143, 616.55, 881.81
   24600,   24660,910.62,11060,9596.3,57.637, 1015.4, 1059.6
   24660,   24720,368.16,8908.7,8871.4,25.09, 821.78, 987.14
   24720,   24780,2041.1,13744,12691,125.46, 1257, 1369.1
   24780,   24840,6807.1,15993,18967,411.43, 1459.4, 1996.7
   24840,   24900,2566.5,11800,20015,156.99, 1082, 2101.5
   24900,   24960,34.917,5686.7,7935.8,5.095, 531.8, 893.58
   24960,   25020,7.3448,4804.7,6322.6,3.4407, 452.43, 732.26
   25020,   25080,6.0443,4466.1,5944.4,3.3627, 421.95, 694.44
   25080,   25140,6.8304,4712.4,6246.8,3.4098, 444.11, 724.68
   25140,   25200,9.1691,4189.7,5607.2,3.5501, 397.08, 660.72
   25200,   25260,8.3528,3355.4,4632.5,3.5012, 321.98, 563.25
   25260,   25320,5.2661,3070.5,4273.2,3.316, 296.35, 527.32
   25320,   25380,5.5407,3496.9,4676.7,3.3324, 334.72, 567.67
   25380,   25440,6.2502,3820.1,5287.3,3.375, 363.81, 628.73
   25440,   25500,6.2603,4125.9,5319,3.3756, 391.33, 631.9
   25500,   25560,9.1773,4348.4,5896,3.5506, 411.36, 689.6
   25560,   25620,32.785,4130.3,5911.4,4.9671, 391.73, 691.14
   25620,   25680,254.31,4022.2,5194,18.258, 382, 619.4
   25680,   25740,6.3206,2668.5,4128.2,3.3792, 260.17, 512.82
   25740,   25800,246.75,2533.3,3105.9,17.805, 247.99, 410.59
   25800,   25860,334.49,3187.2,4087,23.069, 306.85, 508.7
   25860,   25920,13.124,2503.2,3221.2,3.7874, 245.29, 422.12
   25920,   25980,8.6519,2847.3,4127.1,3.5191, 276.25, 512.71
   25980,   26040,10.575,2956.5,4159.7,3.6345, 286.09, 515.97
   26040,   26100,21.596,2197.1,3391.4,4.2958, 217.74, 439.14
   26100,   26160,5.8082,721.05,1426.6,3.3485, 84.894, 242.66
   26160,   26220,5.2852,645.76,1300.7,3.3171, 78.118, 230.07
   26220,   26280,93.784,3342.2,4678.2,8.6271, 320.8, 567.82
   26280,   26340,18.126,1779,4417.5,4.0875, 180.11, 541.75
   26340,   26400,4.9615,817.79,1562.3,3.2977, 93.601, 256.23
   26400,   26460,5.6615,701.19,1560.4,3.3397, 83.107, 256.04
   26460,   26520,219.59,3423.9,2251.5,16.176, 328.15, 325.15
   26520,   26580,1111.7,15347,9282.3,69.702, 1401.3, 1028.2
   26580,   26640,140.57,7400.7,9213.9,11.434, 686.06, 1021.4
   26640,   26700,29.509,5135.9,6441.8,4.7705, 482.23, 744.18
   26700,   26760,6.3063,1752.4,3461.2,3.3784, 177.72, 446.12
   26760,   26820,693.04,3298.9,2467.8,44.583, 316.9, 346.78
   26820,   26880,442,4835.2,5991.3,29.52, 455.17, 699.13
   26880,   26940,22.115,1808.9,3103.3,4.3269, 182.8, 410.33
   26940,   27000,7.7947,1250.7,2529,3.4677, 132.57, 352.9
   27000,   27060,23.799,991.56,2316.5,4.4279, 109.24, 331.65
   27060,   27120,32.131,691.73,1676.7,4.9278, 82.255, 267.67
   27120,   27180,15.057,698.11,1509.4,3.9034, 82.83, 250.94
   27180,   27240,9.7249,811.61,1536.5,3.5835, 93.045, 253.65
   27240,   27300,14.079,924.58,1829.8,3.8447, 103.21, 282.98
   27300,   27360,22.417,812.99,1859.9,4.345, 93.169, 285.99
   27360,   27420,22.329,881.81,1693.8,4.3397, 99.363, 269.38
   27420,   27480,20.212,805.4,1582.7,4.2127, 92.486, 258.27
   27480,   27540,-9999,-9999,-9999,-9999, -9999, -9999
   27540,   27600,-9999,-9999,-9999,-9999, -9999, -9999
   27600,   27660,-9999,-9999,-9999,-9999, -9999, -9999
   27660,   27720,-9999,-9999,-9999,-9999, -9999, -9999
   27720,   27780,-9999,-9999,-9999,-9999, -9999, -9999
   27780,   27840,-9999,-9999,-9999,-9999, -9999, -9999
   27840,   27900,-9999,-9999,-9999,-9999, -9999, -9999
   27900,   27960,21.015,1017.4,1505,4.2609, 111.56, 250.5
   27960,   28020,14.959,916.36,1602.9,3.8976, 102.47, 260.29
   28020,   28080,17.88,979.01,1730.8,4.0728, 108.11, 273.08
   28080,   28140,6.8524,689.73,1486.3,3.4111, 82.076, 248.63
   28140,   28200,5.4416,631.38,1367.2,3.3265, 76.824, 236.72
   28200,   28260,9.9459,606.41,1299.3,3.5968, 74.577, 229.93
   28260,   28320,10.785,665.17,1370.9,3.6471, 79.865, 237.09
   28320,   28380,95.859,971.41,1255,8.7516, 107.43, 225.5
   28380,   28440,85.565,1461,2285.3,8.1339, 151.49, 328.53
   28440,   28500,13.772,684.79,1514.3,3.8263, 81.631, 251.43
   28500,   28560,46.975,769.73,1465.4,5.8185, 89.276, 246.54
   28560,   28620,76.742,1145.2,1804.1,7.6045, 123.07, 280.41
   28620,   28680,4.778,600.89,1534.2,3.2867, 74.08, 253.42
   28680,   28740,6.3611,603.22,1306.2,3.3817, 74.29, 230.62
   28740,   28800,9.6494,575.65,1217.5,3.579, 71.809, 221.75
   28800,   28860,8.2482,547.22,1210.1,3.4949, 69.25, 221.01
   28860,   28920,17.873,571.61,1254.3,4.0724, 71.445, 225.43
   28920,   28980,10.055,599.93,1241.5,3.6033, 73.994, 224.15
   28980,   29040,9.4027,593.91,1253,3.5642, 73.452, 225.3
   29040,   29100,149.92,977.81,1420.3,11.995, 108, 242.03
   29100,   29160,258.91,2030.8,2943,18.535, 202.77, 394.3
   29160,   29220,37.74,932.16,2131.4,5.2644, 103.89, 313.14
   29220,   29280,40,859.22,1558.4,5.4, 97.33, 255.84
   29280,   29340,119.59,1616.9,2571.3,10.175, 165.52, 357.13
   29340,   29400,15.866,812.83,1814.7,3.952, 93.154, 281.47
   29400,   29460,17.892,664.28,1457.8,4.0735, 79.786, 245.78
   29460,   29520,12.677,630.77,1404.6,3.7606, 76.769, 240.46
   29520,   29580,9.1978,641.44,1322.3,3.5519, 77.729, 232.23
   29580,   29640,16.084,725.5,1475.1,3.9651, 85.295, 247.51
   29640,   29700,49.552,1165,1682.1,5.9731, 124.85, 268.21
   29700,   29760,17.381,800.96,1719.3,4.0429, 92.086, 271.93
   29760,   29820,7.6459,653.86,1343.6,3.4588, 78.847, 234.36
   29820,   29880,10.821,689.81,1436.7,3.6493, 82.082, 243.67
   29880,   29940,5.9968,633.44,1467.7,3.3598, 77.009, 246.77
   29940,   30000,41.136,742.53,1694.9,5.4682, 86.828, 269.49
   30000,   30060,31.262,728.9,1522.2,4.8757, 85.601, 252.22
   30060,   30120,14.398,616.89,1370,3.8639, 75.52, 237
   30120,   30180,9.8534,627.06,1336.2,3.5912, 76.435, 233.62
   30180,   30240,7.8057,620.46,1293.6,3.4683, 75.842, 229.36
   30240,   30300,9.063,640.08,1343,3.5438, 77.607, 234.3
   30300,   30360,57.745,781.7,1508.2,6.4647, 90.353, 250.82
   30360,   30420,20.62,776.42,1579.1,4.2372, 89.878, 257.91
   30420,   30480,19.831,694.95,1489.9,4.1899, 82.545, 248.99
   30480,   30540,6.3277,672.5,1342.7,3.3797, 80.525, 234.27
   30540,   30600,16.094,684.26,1376,3.9656, 81.583, 237.6
   30600,   30660,45.753,762.44,1469.8,5.7452, 88.619, 246.98
   30660,   30720,15.27,683.94,1389.3,3.9162, 81.555, 238.93
   30720,   30780,218.45,1323.2,2327,16.107, 139.09, 332.7
   30780,   30840,41.701,808.54,1898.4,5.502, 92.768, 289.84
   30840,   30900,9.5009,652.54,1339.4,3.5701, 78.728, 233.94
   30900,   30960,12.273,637.73,1328.4,3.7364, 77.396, 232.84
   30960,   31020,11.523,629.75,1307.5,3.6914, 76.678, 230.75
   31020,   31080,11.168,638.21,1355.7,3.6701, 77.439, 235.57
   31080,   31140,11.286,583.52,1303.8,3.6772, 72.517, 230.38
   31140,   31200,10.273,600.35,1317.6,3.6164, 74.032, 231.76
   31200,   31260,14.007,599.38,1312.8,3.8404, 73.944, 231.28
   31260,   31320,11.999,581.38,1281.7,3.7199, 72.324, 228.17
   31320,   31380,15.338,569.92,1269.1,3.9203, 71.292, 226.91
   31380,   31440,11.545,557.54,1262.6,3.6927, 70.178, 226.26
   31440,   31500,12.15,555.67,1255.8,3.729, 70.011, 225.58
