CampaignData_and_Merges/R0/CSL_MobileLab_Parked/raw/20240722/USOS-PTR_MobileLabGround_20240722_R0.ict
58, 1001
Matthew Coggon, Kelvin Bates, Chelsea Stockwell, Carsten Warneke
NOAA ESRL Chemical Sciences Division
NOAA PTR-ToF-MS
USOS
1,1 
2024, 07, 22, 2025, 09, 19
0
Time_Start, seconds, number of seconds from 00:00 UTC 
22
1, 1, 1, 1, 1, 1, 1, 1, 1, 1, 1, 1, 1, 1, 1, 1, 1, 1, 1, 1, 1, 1
-9999, -9999, -9999, -9999, -9999, -9999, -9999, -9999, -9999, -9999, -9999, -9999, -9999, -9999, -9999, -9999, -9999, -9999, -9999, -9999, -9999, -9999
CH3OH_NOAAPTR_ppbv,  ppbv, Gas_CH3OH_InSitu_S_AVMR, (CH3OH) methanol
CH3CN_NOAAPTR_ppbv,  ppbv, Gas_CH3CN_InSitu_S_AVMR, (CH3CN) acetonitrile
CH3CHO_NOAAPTR_ppbv,  ppbv, Gas_CH3CHO_InSitu_S_AVMR, (CH3CHO) acetaldehyde plus contributions from ethylene glycol and ethylene oxide. Interference from ethanol has been subtracted out.
C2H5OH_NOAAPTR_ppbv,  ppbv, Gas_C2H5OH_InSitu_S_AVMR, (C2H5OH) ethanol
CH3SH_NOAAPTR_ppbv,  ppbv, Gas_CH3SH_InSitu_S_AVMR, (CH3SH) methanethiol, using calibration factor for DMS
Acrolein_NOAAPTR_ppbv,  ppbv, Gas_Acrolein_InSitu_S_AVMR, (C3H4O) acrolein
AcetonePropanal_NOAAPTR_ppbv,  ppbv, Gas_AcetoneAndPropanal_InSitu_S_AVMR, (C3H6O) sum of acetone (dominant isomer) and propanal, using calibration factor for acetone
DMS_NOAAPTR_ppbv,  ppbv, Gas_DMS_InSitu_S_AVMR, (C2H6S) dimethyl sulfide with possible small contributions from ethanethiol
C5H8_NOAAPTR_ppbv,  ppbv, Gas_Isoprene_InSitu_S_AVMR, (C5H8) isoprene and possible fragments from cycloalkanes and aldehydes. Interferences have been subtracted following methods described by Coggon et al (2023)
MVKMAC_NOAAPTR_ppbv,  ppbv, Gas_MVKAndMAC_InSitu_S_AVMR, (C4H6O) sum of methyl vinyl ketone, methacrolein, and small amounts of crotonaldehyde, using weighted calibration factor for MVK (0.637) and MACR (0.363)
Benzene_NOAAPTR_ppbv,  ppbv, Gas_Benzene_InSitu_S_AVMR, (C6H6) benzene
Toluene_NOAAPTR_ppbv,  ppbv, Gas_Toluene_InSitu_S_AVMR, (C7H8) toluene with possible small contributions of fragments from ethyltoluene
Styrene_NOAAPTR_ppbv,  ppbv, Gas_Styrene_InSitu_S_AVMR, (C8H8) styrene
Benzaldehyde_NOAAPTR_ppbv,  ppbv, Gas_Benzaldehyde_InSitu_S_AVMR, (C7H6O) benzaldehyde
C8Aromatics_NOAAPTR_ppbv,  ppbv, Gas_C8Aromatics_InSitu_M_AVMR, (C8H10) sum of m-xylene, p-xylene, o-xylene, and ethyl benzene
C9Aromatics_NOAAPTR_ppbv,  ppbv, Gas_C9Aromatics_InSitu_M_AVMR, (C9H12) sum of C9 aromatics
Naphthalene_NOAAPTR_ppbv,  ppbv, Gas_Naphthalene_InSitu_S_AVMR, (C10H8) naphthalene
Octanal_NOAAPTR_ppbv,  ppbv, Gas_Octanal_InSitu_S_AVMR, (C8H16O) octanal and small amounts of octanone
Monoterpenes_NOAAPTR_ppbv,  ppbv, Gas_Monoterpenes_InSitu_M_AVMR, (C10H16) sum of monoterpenes and possible contributions from fragments of oxygenated monoterpenoids such as eucalyptol.
Nonanal_NOAAPTR_ppbv,  ppbv, Gas_Nonanal_InSitu_M_AVMR, (C9H18O) nonanal and small amounts of nonanone
C7H4ClF3_NOAAPTR_ppbv,  ppbv, Gas_C7H4ClF3_InSitu_S_AVMR, (C7H4ClF3) parachlorobenzotrifluoride
C10H30O5Si5_NOAAPTR_ppbv,  ppbv, Gas_C10H30O5Si5_InSitu_S_AVMR, (C10H30O5Si5) decamethylcyclopentasiloxane
1
SPECIAL COMMENTS:N/A
21
PI_CONTACT_INFO: NOAA ESRL Chemical Sciences Division, Tropospheric Chemistry Group. 325 Broadway, R/CSD7, Boulder, CO 80305
PLATFORM: Mobile Laboratory.
LOCATION: Salt Lake City, UT
ASSOCIATED_DATA: N/A
INSTRUMENT_INFO: NOAA PTR-ToF-MS measurements on NOAA CSL Mobile Lab
DATA_INFO: Units: ppbv
UNCERTAINTY: See OTHER_COMMENTS
ULOD_FLAG: -7777
ULOD_VALUE: N/A
LLOD_FLAG: -8888
LLOD_VALUE: N/A.
DM_CONTACT_INFO: Data Managers: Matt Coggon, Kelvin Bates, Chelsea Stockwell; email: matthew.m.coggon@noaa.gov and kelvin.bates@colorado.edu
PROJECT_INFO: USOS Deployment July-August, 2024
STIPULATIONS_ON_USE: Use of these data require prior OK from PI.
OTHER_COMMENTS: Uncertainties:
CH3OH_NOAAPTR_ppbv:30%; CH3CN_NOAAPTR_ppbv:30%; CH3CHO_NOAAPTR_ppbv:30%; C2H5OH_NOAAPTR_ppbv:30%; CH3SH_NOAAPTR_ppbv:50%; Acrolein_NOAAPTR_ppbv:30%; AcetonePropanal_NOAAPTR_ppbv:30%; DMS_NOAAPTR_ppbv:30%; C5H8_NOAAPTR_ppbv:30%; MVKMAC_NOAAPTR_ppbv:30%; 
Benzene_NOAAPTR_ppbv:30%; Toluene_NOAAPTR_ppbv:30%; Styrene_NOAAPTR_ppbv:30%; Benzaldehyde_NOAAPTR_ppbv:30%; C8Aromatics_NOAAPTR_ppbv:30%; C9Aromatics_NOAAPTR_ppbv:30%; Naphthalene_NOAAPTR_ppbv:30%; Octanal_NOAAPTR_ppbv:30%; Monoterpenes_NOAAPTR_ppbv:30%; Nonanal_NOAAPTR_ppbv:30%; 
C7H4ClF3_NOAAPTR_ppbv:30%; C10H30O5Si5_NOAAPTR_ppbv:30%; 
REVISION: R0
R0: Calibrated PTR Data. See individual species comments for details about measurement uncertainties
Time_Start, CH3OH_NOAAPTR_ppbv, CH3CN_NOAAPTR_ppbv, CH3CHO_NOAAPTR_ppbv, C2H5OH_NOAAPTR_ppbv, CH3SH_NOAAPTR_ppbv, Acrolein_NOAAPTR_ppbv, AcetonePropanal_NOAAPTR_ppbv, DMS_NOAAPTR_ppbv, C5H8_NOAAPTR_ppbv, MVKMAC_NOAAPTR_ppbv, Benzene_NOAAPTR_ppbv, Toluene_NOAAPTR_ppbv, Styrene_NOAAPTR_ppbv, Benzaldehyde_NOAAPTR_ppbv, C8Aromatics_NOAAPTR_ppbv, C9Aromatics_NOAAPTR_ppbv, Naphthalene_NOAAPTR_ppbv, Octanal_NOAAPTR_ppbv, Monoterpenes_NOAAPTR_ppbv, Nonanal_NOAAPTR_ppbv, C7H4ClF3_NOAAPTR_ppbv, C10H30O5Si5_NOAAPTR_ppbv
[from data line 956]
57360.0, 8.43064, 0.28491, 0.77745, 1.11019, 0.00259, 0.15318, 3.93578, 0.00688, 0.88616, 0.42469, 0.04602, 0.09729, 0.00086, -0.04299, 0.05765, 0.03065, -0.01204, 0.02056, 0.19694, 0.02329, 0.00083, 0.08551 
57420.0, 6.74262, 0.26176, 0.73889, 1.02081, -0.00097, 0.12575, 3.83224, -0.00023, 0.84224, 0.42558, 0.00917, 0.05744, 0.00433, -0.02371, 0.03393, 0.01439, -0.01212, 0.01373, 0.19691, 0.03620, 0.00166, 0.00739 
57480.0, 7.50050, 0.24518, 0.72078, 0.98982, 0.00125, 0.14051, 3.84574, -0.00024, 0.97650, 0.43026, 0.01853, 0.10507, -0.00270, -0.02086, 0.04311, 0.02471, -0.00847, 0.00281, 0.18704, 0.02866, 0.00160, 0.00598 
57540.0, 9.60381, 0.27445, 0.83926, 1.48194, 0.00261, 0.13171, 4.03460, 0.00495, 1.06482, 0.46147, 0.03929, 0.13104, -0.00744, -0.03288, 0.06601, 0.03632, -0.01227, 0.02561, 0.27154, 0.02793, 0.00089, 0.01053 
57600.0, 7.83411, 0.27337, 0.77185, 1.35918, -0.00097, 0.15037, 3.93110, -0.00025, 1.13782, 0.48589, 0.05407, 0.13213, 0.00023, -0.03530, 0.06288, 0.03376, -0.01127, 0.01242, 0.25662, 0.02175, 0.00129, 0.00231 
57660.0, 7.29010, 0.26542, 0.82768, 0.77794, 0.00136, 0.13719, 3.87340, 0.01280, 1.27202, 0.47982, 0.03673, 0.06959, -0.00400, -0.02584, 0.04439, 0.02416, -0.01243, 0.00994, 0.21248, -0.00153, -0.00128, 0.00087 
57720.0, 8.48863, 0.27238, 0.76590, 1.29592, -0.00064, 0.13957, 3.98580, 0.00441, 1.18084, 0.51811, 0.03609, 0.09237, 0.00655, -0.03221, 0.04886, 0.02209, -0.00437, 0.01126, 0.24680, 0.02475, 0.00499, 0.00182 
57780.0, 8.87829, 0.28143, 0.95158, 1.51659, 0.00361, 0.17901, 4.01504, 0.00232, 1.31242, 0.53824, 0.05545, 0.10442, 0.00064, -0.04149, 0.04522, 0.02009, -0.00286, 0.01318, 0.29057, 0.01144, -0.00030, 0.00342 
57840.0, 8.61948, 0.26468, 0.92149, 1.01048, 0.00075, 0.17883, 3.94855, 0.01516, 1.23176, 0.52768, 0.01937, 0.10694, -0.00753, -0.03292, 0.05473, 0.02760, -0.00582, 0.01386, 0.28262, 0.02685, 0.00358, -0.00006 
57900.0, 8.35888, 0.24977, 0.75424, 1.31367, 0.00353, 0.18227, 3.91769, 0.00999, 1.20979, 0.48128, 0.07063, 0.12299, 0.00990, -0.02714, 0.07817, 0.03262, -0.01274, 0.01536, 0.24083, 0.01224, 0.00937, 0.00454 
57960.0, 8.04757, 0.26947, 0.86611, 1.30540, 0.00111, 0.17629, 3.87215, 0.00217, 1.17280, 0.51783, 0.03979, 0.13679, -0.00152, -0.04323, 0.05445, 0.02701, -0.00518, 0.00395, 0.23565, 0.02132, 0.00699, 0.00859 
58020.0, 7.86466, 0.26002, 0.84217, 1.25707, 0.00594, 0.16475, 3.96320, -0.00027, 1.21015, 0.51454, 0.02736, 0.11711, -0.00758, -0.04325, 0.05116, 0.03310, -0.01289, 0.02360, 0.27296, 0.02770, 0.00347, 0.00235 
58080.0, 7.58450, 0.25272, 0.73255, 1.11889, 0.00108, 0.17939, 3.84886, -0.00021, 1.09526, 0.53736, -0.01151, 0.09305, -0.00760, -0.00980, 0.04272, 0.01738, -0.01258, 0.02059, 0.22421, 0.04351, 0.00542, 0.00354 
58140.0, 6.93474, 0.27221, 0.86766, 1.13349, 0.00136, 0.15448, 4.01208, 0.00064, 1.06654, 0.54877, 0.03038, 0.09237, -0.00762, -0.03435, 0.06285, 0.02836, -0.00934, 0.01311, 0.24379, 0.03045, 0.00403, 0.05355 
58200.0, 7.87191, 0.24765, 0.70914, 0.78859, 0.00023, 0.14848, 3.94390, -0.00029, 0.86610, 0.51102, 0.00472, 0.07755, -0.00078, -0.04131, 0.03529, 0.00692, -0.01312, 0.00932, 0.18001, 0.01344, 0.00341, 0.00069 
58260.0, 7.56013, 0.27294, 0.72943, 1.15723, -0.00098, 0.13834, 3.90234, 0.01074, 0.77912, 0.52550, 0.08001, 0.06911, 0.01076, 0.00022, 0.03963, 0.01748, -0.00425, 0.02144, 0.18627, 0.01858, 0.00225, 0.00670 
58320.0, 8.09673, 0.26542, 1.30969, 1.50329, 0.00715, 0.15267, 3.94176, -0.00029, 0.90647, 0.56928, 0.04914, 0.09923, -0.00316, -0.00432, 0.05061, 0.01911, -0.01156, 0.00188, 0.23486, 0.02413, 0.00304, 0.00346 
58380.0, 7.85416, 0.27729, 0.85740, 1.32329, 0.00169, 0.11446, 3.96952, 0.00255, 0.91268, 0.56553, 0.05790, 0.06770, 0.00955, -0.00499, 0.04726, 0.02023, -0.01335, 0.00442, 0.22973, 0.02253, 0.00109, 0.00066 
58440.0, 6.88590, 0.26407, 0.78553, 0.84363, 0.00222, 0.13962, 3.80800, -0.00030, 0.87427, 0.54603, 0.04391, 0.10546, 0.00640, -0.02426, 0.04758, 0.01697, -0.01343, 0.01531, 0.22033, 0.02224, 0.00186, -0.00053 
58500.0, 7.51196, 0.27029, 0.85682, 1.20222, 0.00527, 0.15635, 3.93503, -0.00031, 0.97181, 0.57239, 0.04845, 0.15276, 0.01426, -0.03425, 0.08559, 0.03962, 0.00357, 0.01806, 0.20609, 0.01589, -0.00135, 0.00136 
58560.0, 7.50404, 0.25891, 0.79643, 1.04104, -0.00067, 0.15385, 3.85012, -0.00031, 1.05804, 0.60848, 0.04271, 0.08894, 0.00213, -0.02666, 0.04858, 0.02120, -0.01358, 0.00953, 0.23776, 0.01722, 0.00308, 0.00034 
58620.0, 6.37611, 0.25683, 1.10241, 1.40416, 0.00293, 0.13610, 3.91164, -0.00031, 1.17612, 0.62550, 0.04028, 0.14047, 0.00757, -0.03623, 0.05287, 0.02831, -0.00272, 0.03044, 0.24738, 0.01658, 0.00260, -0.00076 
58680.0, 7.73743, 0.27387, 1.04824, 1.40080, 0.00246, 0.17432, 4.05687, -0.00032, 1.13288, 0.63531, 0.05908, 0.11597, -0.00777, -0.02868, 0.07333, 0.04211, -0.01374, 0.01264, 0.21383, 0.03311, 0.00494, 0.00245 
58740.0, 8.57045, 0.27536, 1.08333, 1.33902, 0.00324, 0.17892, 4.10937, -0.00032, 1.20809, 0.66519, 0.03691, 0.16903, -0.00779, -0.04354, 0.08840, 0.04540, -0.01109, 0.02204, 0.22602, 0.02200, 0.00321, 0.03481 
58800.0, 7.82267, 0.28380, 0.95733, 1.36088, 0.00160, 0.16732, 3.99766, -0.00033, 1.43158, 0.68923, 0.03742, 0.11903, 0.01105, -0.02623, 0.07039, 0.03599, -0.01232, 0.00730, 0.26652, 0.03063, 0.00569, 0.00155 
58860.0, 8.73780, 0.25609, 0.86815, 1.36980, -0.00038, 0.16231, 3.95282, -0.00028, 1.15904, 0.69951, 0.06816, 0.10834, -0.00086, -0.04151, 0.05379, 0.02558, -0.01397, 0.01850, 0.23270, 0.02548, 0.00370, 0.00328 
58920.0, 7.48931, 0.25506, 0.93838, 0.99348, 0.00167, 0.15272, 3.97647, -0.00033, 1.09876, 0.67883, -0.01316, 0.09927, 0.00169, -0.02952, 0.06413, 0.02807, -0.01404, 0.00982, 0.22675, 0.02099, 0.00118, 0.00016 
58980.0, 7.66832, 0.26100, 0.83925, 1.27582, 0.00015, 0.14331, 3.91954, 0.00945, 1.26727, 0.69114, 0.08903, 0.12202, 0.01120, -0.01056, 0.05194, 0.02406, -0.01412, 0.02583, 0.24989, 0.03320, -0.00002, 0.00169 
59040.0, 8.74847, 0.26293, 0.89536, 1.86435, 0.00101, 0.19287, 4.05651, -0.00034, 1.32721, 0.73025, 0.01063, 0.11547, -0.00048, -0.04064, 0.05774, 0.02703, -0.01420, 0.01257, 0.26167, 0.02000, 0.00131, 0.00034 
59100.0, 7.59402, 0.26020, 0.78247, 0.88533, 0.00273, 0.16520, 4.02225, -0.00035, 1.19377, 0.70589, 0.08893, 0.10375, -0.00053, -0.01242, 0.04683, 0.01782, -0.01427, 0.00671, 0.22671, 0.00975, 0.00197, 0.00406 
59160.0, 10.00639, 0.27291, 1.02604, 1.26741, 0.00090, 0.17436, 4.13315, -0.00035, 1.36374, 0.77900, 0.08967, 0.12326, -0.00791, -0.01840, 0.06633, 0.03383, -0.00661, 0.01307, 0.24555, 0.02125, -0.00140, 0.00138 
59220.0, 8.63932, 0.26444, 1.01857, 1.27384, 0.00216, 0.15446, 4.03801, 0.00249, 1.35750, 0.79525, 0.07316, 0.11182, 0.00904, -0.01321, 0.07019, 0.01617, -0.01443, 0.02219, 0.24970, 0.02499, 0.00481, 0.00065 
59280.0, 7.72558, 0.25189, 0.85579, 1.20385, 0.00073, 0.17275, 4.07184, 0.00574, 1.30193, 0.77528, 0.04008, 0.11856, -0.00159, -0.00782, 0.05208, 0.01522, -0.01060, 0.01155, 0.26326, 0.02450, 0.00595, 0.00271 
59340.0, 7.89502, 0.25096, 0.75823, 1.00500, 0.00009, 0.13902, 4.02197, 0.00520, 1.15863, 0.77205, 0.07161, 0.09486, 0.00051, -0.03760, 0.05593, 0.02035, -0.01458, 0.01867, 0.24525, 0.02370, -0.00083, 0.00022 
59400.0, 8.29481, 0.27263, 0.83700, 2.50337, 0.00198, 0.18965, 4.07684, -0.00037, 1.31053, 0.78273, 0.02384, 0.11900, 0.01525, -0.02048, 0.05180, 0.02250, -0.01250, 0.00735, 0.27061, 0.03452, 0.00333, 0.00040 
59460.0, 7.05563, 0.26970, 0.86834, 1.30800, -0.00099, 0.17701, 4.08783, 0.00229, 1.12850, 0.82824, 0.08150, 0.10711, 0.01133, -0.01249, 0.06042, 0.02748, -0.01473, 0.01816, 0.18927, 0.02690, 0.00199, 0.00113 
59520.0, 7.85666, 0.27464, 0.99767, 1.38738, 0.00201, 0.18934, 4.10051, -0.00037, 1.09678, 0.85655, 0.07645, 0.17162, -0.00802, -0.02882, 0.10737, 0.04274, -0.01481, 0.02219, 0.26175, 0.04689, 0.00206, -0.00058 
59580.0, 7.73398, 0.25036, 0.80178, 1.06149, -0.00054, 0.15499, 4.02783, 0.00636, 1.07602, 0.81262, 0.02758, 0.08505, 0.00275, -0.04388, 0.05723, 0.02715, -0.01489, 0.02161, 0.20186, 0.01562, 0.00130, -0.00003 
59640.0, 9.48902, 0.24530, 0.97358, 1.38792, 0.00354, 0.19200, 4.14518, -0.00038, 1.16409, 0.90842, 0.04037, 0.08186, -0.00805, -0.04391, 0.05607, 0.02581, -0.01496, 0.01118, 0.23186, 0.01250, 0.00146, 0.00169 
59700.0, 9.62992, 0.27986, 1.15244, 1.69505, 0.00403, 0.20572, 4.39143, 0.00070, 1.16227, 0.92970, 0.04046, 0.08638, 0.00256, -0.02616, 0.05649, 0.02208, -0.01504, 0.01776, 0.24830, 0.04214, 0.00321, 0.02949 
59760.0, 8.75836, 0.27137, 0.85301, 1.22847, 0.00162, 0.17433, 4.16965, 0.00490, 1.25350, 0.89187, 0.07498, 0.07498, 0.00002, -0.04124, 0.04214, 0.01814, -0.01512, 0.01935, 0.20550, 0.02435, 0.00268, 0.00693 
59820.0, 8.03318, 0.26721, 0.77709, 0.91680, -0.00052, 0.15187, 4.08882, -0.00039, 1.06047, 0.87236, 0.07276, 0.08819, 0.00986, -0.00776, 0.03737, 0.01864, -0.01316, 0.01606, 0.20191, 0.02080, 0.00275, 0.00038 
59880.0, 8.69260, 0.26832, 0.81699, 1.50029, -0.00023, 0.20516, 4.17358, -0.00040, 1.16951, 0.85985, 0.06811, 0.10705, 0.00529, -0.01172, 0.06155, 0.01607, -0.01527, 0.02480, 0.21668, 0.02787, 0.00374, 0.00300 
59940.0, 8.36085, 0.26559, 0.90539, 1.21623, 0.00113, 0.15216, 4.12637, -0.00040, 1.11203, 0.93030, 0.06171, 0.10997, 0.00760, -0.02748, 0.06351, 0.02550, -0.01535, 0.02548, 0.24403, 0.01867, 0.00409, 0.00440 
60000.0, 8.91340, 0.29627, 0.88877, 1.28312, 0.00430, 0.16982, 4.15733, 0.00794, 1.29111, 0.90955, 0.05127, 0.09778, 0.00047, -0.00970, 0.05499, 0.03073, -0.01543, 0.01564, 0.26469, 0.02429, 0.00279, -0.00104 
60060.0, 7.20950, 0.25353, 0.78336, 1.09835, 0.00045, 0.13133, 4.10896, -0.00041, 1.22389, 0.88979, 0.06478, 0.09287, 0.00569, -0.01734, 0.04204, 0.02005, -0.00603, 0.01835, 0.25409, 0.01923, 0.00467, 0.00041 
60120.0, 8.51717, 0.27529, 1.33979, 1.49049, 0.00053, 0.19822, 4.21163, 0.01084, 1.19867, 0.90143, 0.14018, 0.22523, 0.00426, -0.01193, 0.14723, 0.07061, -0.01558, 0.01015, 0.22416, 0.02519, -0.00082, 0.00214 
60180.0, 8.78831, 0.25921, 1.84764, 1.59289, 0.00096, 0.18989, 4.32142, -0.00042, 1.25757, 0.96129, 0.01599, 0.17354, 0.01430, -0.03782, 0.11235, 0.04887, -0.01566, 0.01164, 0.23162, 0.09698, 0.00443, 0.01715 
60240.0, 8.25612, 0.28828, 1.39171, 0.99778, 0.00281, 0.17981, 4.27345, -0.00042, 0.84033, 0.96988, 0.03213, 0.08889, -0.00823, -0.03998, 0.05451, 0.03014, -0.01573, 0.01721, 0.19104, 0.03569, 0.00119, 0.00938 
60300.0, 7.72874, 0.24570, 1.17500, 1.01228, 0.00073, 0.16367, 4.25236, -0.00043, 0.68158, 1.07565, 0.07580, 0.11352, 0.00665, -0.00392, 0.07755, 0.03091, 0.00250, 0.01939, 0.15153, 0.03920, 0.00022, 0.00172 
60360.0, 7.94025, 0.26972, 1.27102, 0.94055, 0.00362, 0.17831, 4.58509, 0.00205, 0.75804, 0.99740, 0.08817, 0.09013, -0.00826, -0.00248, 0.05184, 0.02040, -0.00390, 0.02183, 0.12901, 0.08503, -0.00052, -0.00060 
60420.0, 7.79389, 0.27505, -9999.00000, 1.38580, 0.00011, 0.18917, 4.26169, -0.00043, -9999.00000, 1.03664, 0.07793, 0.16607, 0.01401, -0.04422, 0.11171, 0.04410, -0.01379, 0.02916, 0.17364, 0.06023, 0.00561, 0.00270 
60480.0, -9999.00000, -9999.00000, -9999.00000, -9999.00000, -9999.00000, -9999.00000, -9999.00000, -9999.00000, -9999.00000, -9999.00000, -9999.00000, -9999.00000, -9999.00000, -9999.00000, -9999.00000, -9999.00000, -9999.00000, -9999.00000, -9999.00000, -9999.00000, -9999.00000, -9999.00000 
60540.0, -9999.00000, -9999.00000, -9999.00000, -9999.00000, -9999.00000, -9999.00000, -9999.00000, -9999.00000, -9999.00000, -9999.00000, -9999.00000, -9999.00000, -9999.00000, -9999.00000, -9999.00000, -9999.00000, -9999.00000, -9999.00000, -9999.00000, -9999.00000, -9999.00000, -9999.00000 
60600.0, -9999.00000, -9999.00000, -9999.00000, -9999.00000, -9999.00000, -9999.00000, -9999.00000, -9999.00000, -9999.00000, -9999.00000, -9999.00000, -9999.00000, -9999.00000, -9999.00000, -9999.00000, -9999.00000, -9999.00000, -9999.00000, -9999.00000, -9999.00000, -9999.00000, -9999.00000 
60660.0, -9999.00000, -9999.00000, -9999.00000, -9999.00000, -9999.00000, -9999.00000, -9999.00000, -9999.00000, -9999.00000, -9999.00000, -9999.00000, -9999.00000, -9999.00000, -9999.00000, -9999.00000, -9999.00000, -9999.00000, -9999.00000, -9999.00000, -9999.00000, -9999.00000, -9999.00000 
60720.0, -9999.00000, -9999.00000, -9999.00000, -9999.00000, -9999.00000, -9999.00000, -9999.00000, -9999.00000, -9999.00000, -9999.00000, -9999.00000, -9999.00000, -9999.00000, -9999.00000, -9999.00000, -9999.00000, -9999.00000, -9999.00000, -9999.00000, -9999.00000, -9999.00000, -9999.00000 
60780.0, -9999.00000, -9999.00000, -9999.00000, -9999.00000, -9999.00000, -9999.00000, -9999.00000, -9999.00000, -9999.00000, -9999.00000, -9999.00000, -9999.00000, -9999.00000, -9999.00000, -9999.00000, -9999.00000, -9999.00000, -9999.00000, -9999.00000, -9999.00000, -9999.00000, -9999.00000 
60840.0, -9999.00000, -9999.00000, -9999.00000, -9999.00000, -9999.00000, -9999.00000, -9999.00000, -9999.00000, -9999.00000, -9999.00000, -9999.00000, -9999.00000, -9999.00000, -9999.00000, -9999.00000, -9999.00000, -9999.00000, -9999.00000, -9999.00000, -9999.00000, -9999.00000, -9999.00000 
60900.0, -9999.00000, -9999.00000, -9999.00000, -9999.00000, -9999.00000, -9999.00000, -9999.00000, -9999.00000, -9999.00000, -9999.00000, -9999.00000, -9999.00000, -9999.00000, -9999.00000, -9999.00000, -9999.00000, -9999.00000, -9999.00000, -9999.00000, -9999.00000, -9999.00000, -9999.00000 
60960.0, -9999.00000, -9999.00000, -9999.00000, -9999.00000, -9999.00000, -9999.00000, -9999.00000, -9999.00000, -9999.00000, -9999.00000, -9999.00000, -9999.00000, -9999.00000, -9999.00000, -9999.00000, -9999.00000, -9999.00000, -9999.00000, -9999.00000, -9999.00000, -9999.00000, -9999.00000 
61020.0, -9999.00000, -9999.00000, -9999.00000, -9999.00000, -9999.00000, -9999.00000, -9999.00000, -9999.00000, -9999.00000, -9999.00000, -9999.00000, -9999.00000, -9999.00000, -9999.00000, -9999.00000, -9999.00000, -9999.00000, -9999.00000, -9999.00000, -9999.00000, -9999.00000, -9999.00000 
61080.0, -9999.00000, -9999.00000, -9999.00000, -9999.00000, -9999.00000, -9999.00000, -9999.00000, -9999.00000, -9999.00000, -9999.00000, -9999.00000, -9999.00000, -9999.00000, -9999.00000, -9999.00000, -9999.00000, -9999.00000, -9999.00000, -9999.00000, -9999.00000, -9999.00000, -9999.00000 
61140.0, -9999.00000, -9999.00000, -9999.00000, -9999.00000, -9999.00000, -9999.00000, -9999.00000, -9999.00000, -9999.00000, -9999.00000, -9999.00000, -9999.00000, -9999.00000, -9999.00000, -9999.00000, -9999.00000, -9999.00000, -9999.00000, -9999.00000, -9999.00000, -9999.00000, -9999.00000 
61200.0, -9999.00000, -9999.00000, -9999.00000, -9999.00000, -9999.00000, -9999.00000, -9999.00000, -9999.00000, -9999.00000, -9999.00000, -9999.00000, -9999.00000, -9999.00000, -9999.00000, -9999.00000, -9999.00000, -9999.00000, -9999.00000, -9999.00000, -9999.00000, -9999.00000, -9999.00000 
61260.0, -9999.00000, -9999.00000, -9999.00000, -9999.00000, -9999.00000, -9999.00000, -9999.00000, -9999.00000, -9999.00000, -9999.00000, -9999.00000, -9999.00000, -9999.00000, -9999.00000, -9999.00000, -9999.00000, -9999.00000, -9999.00000, -9999.00000, -9999.00000, -9999.00000, -9999.00000 
61320.0, -9999.00000, -9999.00000, -9999.00000, -9999.00000, -9999.00000, -9999.00000, -9999.00000, -9999.00000, -9999.00000, -9999.00000, -9999.00000, -9999.00000, -9999.00000, -9999.00000, -9999.00000, -9999.00000, -9999.00000, -9999.00000, -9999.00000, -9999.00000, -9999.00000, -9999.00000 
61380.0, -9999.00000, -9999.00000, -9999.00000, -9999.00000, -9999.00000, -9999.00000, -9999.00000, -9999.00000, -9999.00000, -9999.00000, -9999.00000, -9999.00000, -9999.00000, -9999.00000, -9999.00000, -9999.00000, -9999.00000, -9999.00000, -9999.00000, -9999.00000, -9999.00000, -9999.00000 
