CampaignData_and_Merges/R0/CSL_MobileLab_Parked/raw/20240814/USOS-POPS_MobileLabGround_20240814_R0.ict
78, 1001
Thornberry, T. D.
NOAA Chemical Sciences Laboratory
Portable Optical Particle Spectrometer (POPS)
USOS
1, 1
2024, 08, 14, 2025, 05, 08
60
Time_Start, seconds_past_midnight, Start time of measurement
45
1, 1, 1, 1, 1, 1, 1, 1, 1, 1, 1, 1, 1, 1, 1, 1, 1, 1, 1, 1, 1, 1, 1, 1, 1, 1, 1, 1, 1, 1, 1, 1, 1, 1, 1, 1, 1, 1, 1, 1, 1, 1, 1, 1, 1
-9999, -9999, -9999, -9999, -9999, -9999, -9999, -9999, -9999, -9999, -9999, -9999, -9999, -9999, -9999, -9999, -9999, -9999, -9999, -9999, -9999, -9999, -9999, -9999, -9999, -9999, -9999, -9999, -9999, -9999, -9999, -9999, -9999, -9999, -9999, -9999, -9999, -9999, -9999, -9999, -9999, -9999, -9999, -9999, -9999
Time_Stop, seconds_past_midnight, Stop time of measurement
Time_Mid, seconds_past_midnight, Mid time of measurement
Press_mb, mb, Pressure reported (mb)
Temp_C, degrees C, POPS temperature measurement
Aerosol_concentration, cm^-3, Aerosol concentration
Surface_Area_Conc, um^2 cm^-3, Surface area concentration
Volume_density, um^3 cm^-3, Volume density
Effective_radius, um, Effective radius
Extinction, km^-1, Extinction
Bin01, cm^-3, particle concentration in size range [1401 - 146.3 nm]
Bin02, cm^-3, particle concentration in size range [146.3 - 152.8 nm]
Bin03, cm^-3, particle concentration in size range [152.8 - 159.6 nm]
Bin04, cm^-3, particle concentration in size range [159.6 - 166.8 nm]
Bin05, cm^-3, particle concentration in size range [166.8 - 174.2 nm]
Bin06, cm^-3, particle concentration in size range [174.2 - 181.9 nm]
Bin07, cm^-3, particle concentration in size range [181.9 - 190.0 nm]
Bin08, cm^-3, particle concentration in size range [190.0 - 198.5 nm]
Bin09, cm^-3, particle concentration in size range [198.5 - 207.4 nm]
Bin10, cm^-3, particle concentration in size range [207.4 - 216.6 nm]
Bin11, cm^-3, particle concentration in size range [216.6 - 226.2 nm]
Bin12, cm^-3, particle concentration in size range [226.2 - 236.3 nm]
Bin13, cm^-3, particle concentration in size range [236.3 - 246.8 nm]
Bin14, cm^-3, particle concentration in size range [246.8 - 257.8 nm]
Bin15, cm^-3, particle concentration in size range [257.8 - 269.3 nm]
Bin16, cm^-3, particle concentration in size range [269.3 - 343.4 nm]
Bin17, cm^-3, particle concentration in size range [343.4 - 450.7 nm]
Bin18, cm^-3, particle concentration in size range [450.7 - 525.9 nm]
Bin19, cm^-3, particle concentration in size range [525.9 - 618.5 nm]
Bin20, cm^-3, particle concentration in size range [618.5 - 710.0 nm]
Bin21, cm^-3, particle concentration in size range [710.0 - 822.7 nm]
Bin22, cm^-3, particle concentration in size range [822.7 - 885.9 nm]
Bin23, cm^-3, particle concentration in size range [885.9 - 953.9 nm]
Bin24, cm^-3, particle concentration in size range [953.9 - 1027.2 nm]
Bin25, cm^-3, particle concentration in size range [1027.2 - 1106.1 nm]
Bin26, cm^-3, particle concentration in size range [1106.1 - 1191.0 nm]
Bin27, cm^-3, particle concentration in size range [1191.0 - 1282.5 nm]
Bin28, cm^-3, particle concentration in size range [1282.5 - 1381.0 nm]
Bin29, cm^-3, particle concentration in size range [1381.0 - 1487.1 nm]
Bin30, cm^-3, particle concentration in size range [1487.1 - 1601.3 nm]
Bin31, cm^-3, particle concentration in size range [1601.3 - 1724.3 nm]
[...]
PLATFORM: NOAA CSL Mobile Lab
LOCATION: USOS
ASSOCIATED_DATA: N/A
INSTRUMENT_INFO: Printed Optical Particle Spectrometer counts particles from 140 - 2500 nm in diameter 
DATA_INFO: Particle concentrations reported in number per cubic centimeter,1 Hz data
UNCERTAINTY: Counting uncertainty dominated by air flow, less than 5 percent. Measurement range is ~0 - 3000 per cm3 (varies depending on flow rate- manufacturer quotes 1250 per cm3 at 1.667 cc/s)
ULOD_FLAG: -7777
ULOD_VALUE: N/A
LLOD_FLAG: -8888
LLOD_VALUE: N/A
DM_CONTACT_INFO: Troy Thornberry, 325 Broadway R/CSL6, Boulder, CO 80305; troy.thornberry@noaa.gov; 303-497-3373
PROJECT_INFO: USOS, Utah POPS data from NOAA CSL Mobile Lab
STIPULATIONS_ON_USE: Please contact the PIs for questions regarding applications and uncertainties
OTHER_COMMENTS: POPS bin Edges (nm):  140.1, 146.3, 152.8, 159.6, 166.8, 174.2, 181.9, 190.0, 198.5, 207.4, 216.6, 226.2, 236.3, 246.8, 257.8, 269.3, 343.4, 450.7, 525.9, 618.5, 710.0, 822.7, 885.9, 953.9, 1027.2, 1106.1, 1191.0, 1282.5, 1381.0, 1487.1, 1601.3, 1724.3, 1856.7, 1999.3, 2152.8, 2318.2, 2496.2
Calculations assume organic aerosol refractive index of 1.52+0.00j and extinction wavelength = 532 nm
REVISION: R0
R0: Final data
Time_Start, Time_Stop, Time_Mid, Press_mb, Temp_C, Aerosol_concentration, Surface_Area_Conc, Volume_density, Effective_radius, Extinction, Bin01, Bin02, Bin03, Bin04, Bin05, Bin06, Bin07, Bin08, Bin09, Bin10, Bin11, Bin12, Bin13, Bin14, Bin15, Bin16, Bin17, Bin18, Bin19, Bin20, Bin21, Bin22, Bin23, Bin24, Bin25, Bin26, Bin27, Bin28, Bin29, Bin30, Bin31, Bin32, Bin33, Bin34, Bin35, Bin36
[from data line 287]
17220,17279,17250,869.923,32.117,122.478,15.629,0.866,0.160,0.003,18.135818,15.503675,13.016241,12.088089,9.548627,8.331827,6.989897,6.086776,5.061453,4.272302,3.942891,3.600564,3.285027,2.869862,2.174661,5.210950,1.378389,0.431950,0.255884,0.072176,0.038215,0.022344,0.022094,0.011093,0.016736,0.000000,0.005464,0.022245,0.016890,0.022243,0.027599,0.010858,0.000000,0.000000,0.000000,0.005612
17280,17339,17310,869.908,32.283,120.087,15.391,0.959,0.172,0.003,18.211142,15.356175,12.939631,11.382704,9.620984,8.076730,7.159467,5.766427,5.154243,4.165309,3.827674,3.724777,3.023685,2.721698,1.876921,4.813770,1.381013,0.313769,0.237089,0.071963,0.060418,0.028585,0.022299,0.016857,0.011206,0.016654,0.011148,0.022068,0.005593,0.011045,0.005669,0.022113,0.010985,0.000000,0.005650,0.011377
17340,17399,17370,869.901,32.246,121.932,15.785,0.944,0.168,0.004,17.810055,15.744362,13.048619,10.965911,9.704618,8.433049,6.903672,5.991484,5.125811,4.338502,3.912956,3.678303,3.468682,3.023105,2.229358,5.166120,1.341062,0.472451,0.239530,0.083753,0.033798,0.038623,0.033745,0.016819,0.011225,0.010894,0.005447,0.011041,0.011079,0.022409,0.021968,0.022227,0.000000,0.005556,0.000000,0.005747
17400,17459,17430,869.912,32.039,120.344,15.973,1.018,0.179,0.004,17.727455,15.098788,12.819594,11.347399,9.759007,8.114593,7.047837,6.177515,4.916049,4.294264,3.945480,3.418514,3.331690,2.812515,2.110015,4.992001,1.264387,0.486771,0.281097,0.060777,0.066723,0.027542,0.038631,0.016451,0.038440,0.016857,0.005747,0.027907,0.010913,0.016765,0.033112,0.011137,0.005727,0.011111,0.000000,0.011111
17460,17519,17490,869.907,32.113,121.101,15.508,0.861,0.157,0.003,17.995682,15.317523,12.703558,11.353295,9.893624,8.593923,7.083189,5.660789,5.130072,4.267881,3.896120,3.603036,3.206658,2.892038,2.098730,5.189928,1.174372,0.415491,0.253989,0.077492,0.078013,0.027559,0.022154,0.027433,0.027731,0.027560,0.011024,0.010828,0.005631,0.022059,0.011171,0.010792,0.000000,0.000000,0.011196,0.000000
17520,17579,17550,869.902,32.324,122.111,15.673,0.910,0.165,0.004,18.718931,15.396371,13.033744,11.759556,9.811680,8.566173,6.961636,6.068851,4.940442,4.325349,3.597476,3.285039,3.349873,2.792553,2.134568,5.130505,1.188893,0.393889,0.232943,0.094918,0.083665,0.060992,0.028405,0.027682,0.027061,0.011112,0.021847,0.000000,0.005519,0.011130,0.016819,0.011150,0.005593,0.005688,0.005747,0.005574
17580,17639,17610,869.924,32.329,121.908,15.799,0.952,0.170,0.004,17.090799,15.267206,13.076642,12.257602,10.328454,8.049208,6.994958,6.077445,5.066879,4.520032,3.812158,3.610633,3.282864,2.803087,2.045389,5.339894,1.348002,0.375788,0.216800,0.033380,0.083288,0.016821,0.039208,0.033230,0.016489,0.022133,0.005501,0.010863,0.005519,0.022246,0.011020,0.016557,0.011132,0.011111,0.000000,0.005519
17640,17699,17670,869.933,32.102,121.749,15.618,0.889,0.162,0.003,17.979912,15.364442,13.153208,11.225020,9.736136,8.179568,7.089626,6.236859,5.091301,4.214597,4.293598,3.735615,3.364257,2.906452,2.185797,4.774572,1.269706,0.418548,0.204071,0.049303,0.055107,0.033046,0.016732,0.021792,0.021930,0.016705,0.028084,0.011039,0.005708,0.016809,0.016649,0.005556,0.011204,0.005556,0.010807,0.000000
17700,17759,17730,869.935,32.077,121.753,15.821,0.932,0.167,0.004,18.111307,15.267110,12.434858,11.191068,10.001467,8.564883,6.946999,5.895201,4.894500,4.635845,3.804713,3.550431,3.363769,2.973422,2.307263,5.365441,1.433795,0.486480,0.204651,0.077145,0.028139,0.027755,0.027985,0.005464,0.010584,0.027135,0.016862,0.016724,0.010618,0.016508,0.021969,0.016854,0.011075,0.000000,0.000000,0.005411
17760,17819,17790,869.960,32.296,123.223,16.187,1.080,0.187,0.004,18.512808,15.204603,13.074199,11.773321,10.066286,8.347613,7.338421,5.780316,5.176235,4.389588,3.732711,3.626975,3.230586,3.008986,2.079841,5.485291,1.297579,0.441306,0.266535,0.072641,0.033397,0.038871,0.061500,0.033940,0.021831,0.022171,0.000000,0.011223,0.005464,0.022376,0.011060,0.038976,0.000000,0.005537,0.000000,0.011003
17820,17879,17850,869.963,32.263,122.512,15.526,0.798,0.148,0.003,18.196157,15.533811,13.452369,11.952733,9.931144,8.233212,6.982169,5.715456,4.932451,4.480155,3.829755,3.781570,3.095037,2.835259,2.443376,4.832722,1.199579,0.388491,0.281840,0.120973,0.094015,0.033143,0.022207,0.044268,0.016724,0.022450,0.005501,0.005501,0.005519,0.011074,0.022451,0.000000,0.005650,0.000000,0.000000,0.005593
17880,17939,17910,869.987,32.086,120.934,15.219,0.784,0.149,0.003,17.861288,15.619278,12.553274,11.550145,9.610108,8.339520,6.945187,6.353474,5.114168,4.430544,3.729134,3.284999,3.397404,2.722803,2.083318,5.180419,1.243826,0.388008,0.227416,0.077730,0.038488,0.027546,0.022134,0.016559,0.016467,0.011301,0.005501,0.022025,0.011038,0.033582,0.005574,0.005556,0.000000,0.000000,0.005631,0.000000
17940,17999,17970,869.994,32.024,120.135,15.527,1.004,0.178,0.003,18.130558,14.888482,12.561181,11.460855,10.218196,8.081315,6.967272,6.069032,4.869178,4.139310,3.608983,3.791186,3.218108,2.902526,1.923711,5.299164,1.113517,0.376699,0.193730,0.055404,0.049899,0.022094,0.033446,0.011189,0.010983,0.005519,0.022818,0.022409,0.000000,0.022208,0.011262,0.027355,0.011042,0.000000,0.011095,0.005501
18000,18059,18030,870.005,32.134,121.899,15.778,0.913,0.164,0.004,18.072651,15.348583,13.456061,11.845920,9.665863,8.548373,7.016020,5.884028,4.951546,4.296276,3.533259,3.537289,3.421952,2.850946,2.163244,4.915907,1.282108,0.462679,0.284393,0.050563,0.044407,0.044272,0.028235,0.016631,0.044409,0.027661,0.027573,0.011076,0.000000,0.027802,0.016779,0.005574,0.000000,0.005767,0.000000,0.011167
18060,18119,18090,870.055,32.245,120.348,15.494,0.875,0.161,0.003,18.309059,14.919639,12.955522,11.446217,9.488934,8.120347,7.240140,5.664531,4.955423,4.304585,3.754461,3.364726,3.222769,2.860054,2.195502,5.221172,1.316264,0.393359,0.288251,0.039266,0.055274,0.044503,0.016669,0.027338,0.011079,0.022190,0.033640,0.010948,0.022279,0.000000,0.016577,0.011111,0.005612,0.005274,0.005501,0.000000
18120,18179,18150,870.061,32.126,121.119,15.742,0.934,0.169,0.004,18.264566,15.384285,12.906164,11.594185,10.337640,8.354922,6.798987,6.053295,4.798172,4.267029,3.475597,3.415061,3.118958,2.783953,2.142163,5.062811,1.279143,0.373905,0.279042,0.116754,0.061470,0.033414,0.022348,0.044945,0.027811,0.022292,0.005537,0.005727,0.021681,0.016649,0.022550,0.005258,0.005394,0.000000,0.005593,0.011300
18180,18239,18210,870.053,31.944,119.705,15.827,1.135,0.196,0.004,18.020262,15.498377,13.383975,11.171859,9.523513,8.233264,6.548241,5.641049,5.273415,4.190942,3.998061,3.492720,3.044810,2.797185,2.016529,4.649604,1.137842,0.397740,0.303156,0.066301,0.055157,0.044423,0.038684,0.000000,0.016575,0.011001,0.033122,0.005556,0.016584,0.005482,0.016743,0.027841,0.011281,0.000000,0.016931,0.016630
18240,18299,18270,870.064,32.116,120.843,15.384,0.911,0.166,0.003,17.803499,15.072272,13.459713,11.343393,10.031528,8.626873,7.054800,6.184898,4.687087,4.366553,3.835298,3.536190,3.040743,2.614237,2.157729,4.974339,1.205322,0.330839,0.224435,0.045355,0.039383,0.027811,0.016932,0.000000,0.039277,0.011246,0.017140,0.022561,0.016913,0.000000,0.022216,0.011319,0.005785,0.000000,0.005707,0.011397
18300,18359,18330,870.065,32.219,123.332,16.367,1.054,0.182,0.004,18.875681,15.634139,13.207664,11.557663,9.606742,8.305029,7.058998,5.877318,5.241652,4.397761,3.899506,3.617230,3.159192,3.071467,2.085983,5.299746,1.310914,0.373245,0.296182,0.078046,0.088955,0.056105,0.055318,0.038736,0.011111,0.016615,0.016873,0.005394,0.011204,0.000000,0.028003,0.005556,0.005482,0.011243,0.010983,0.016728
18360,18419,18390,870.057,32.124,121.750,15.691,0.963,0.176,0.004,18.249432,15.455793,13.381104,11.309011,9.867059,7.863451,7.021387,5.976995,4.794310,4.513002,3.825919,3.676719,3.387870,2.812966,1.992452,5.410967,1.305918,0.383246,0.210910,0.054923,0.049865,0.022207,0.022343,0.005612,0.022359,0.022431,0.011041,0.011167,0.011300,0.016835,0.016763,0.022208,0.011223,0.000000,0.005612,0.005519
18420,18479,18450,870.053,31.970,122.746,16.490,1.193,0.204,0.004,18.511209,15.477516,13.604483,11.171013,10.306319,8.309333,6.683904,5.907540,5.061433,4.070996,3.906634,3.765463,3.437805,2.960409,1.910978,5.275198,1.288688,0.427151,0.255096,0.072530,0.049465,0.027262,0.022022,0.033457,0.033563,0.010965,0.016504,0.033226,0.011130,0.011246,0.016801,0.027488,0.022139,0.000000,0.010845,0.016661
18480,18539,18510,870.040,31.942,122.855,15.320,0.782,0.147,0.003,18.746162,15.707865,13.080777,11.704265,9.773122,8.336124,7.103940,5.843392,5.189365,4.449121,4.060621,3.335573,3.297008,2.920742,2.128286,4.996489,1.244350,0.401218,0.210595,0.061103,0.077589,0.049446,0.038587,0.010840,0.016371,0.011225,0.022223,0.011093,0.000000,0.011204,0.000000,0.005574,0.000000,0.000000,0.000000,0.011148
18540,18599,18570,870.063,32.262,121.666,15.710,0.916,0.163,0.004,18.080015,15.690478,12.954144,11.482506,9.540872,8.243893,7.294506,6.219575,5.017908,4.280635,3.865937,3.460365,3.289710,2.798740,2.085782,4.892629,1.425718,0.416110,0.289217,0.072227,0.070795,0.027898,0.021894,0.005519,0.022097,0.011189,0.011131,0.016817,0.011007,0.016639,0.016530,0.005708,0.005574,0.011338,0.000000,0.011113
18600,18659,18630,870.079,32.327,121.397,15.613,0.907,0.165,0.004,18.009090,15.671980,13.142987,11.014581,9.600566,8.537889,6.831114,5.917031,5.180204,4.488150,3.837036,3.650170,3.327909,2.674963,2.039965,5.180593,1.292380,0.393255,0.244869,0.084145,0.060970,0.039000,0.050411,0.011188,0.011038,0.022169,0.005727,0.011242,0.005688,0.000000,0.021965,0.011205,0.011038,0.005519,0.005241,0.005708
18660,18719,18690,870.074,32.198,120.011,15.605,0.914,0.166,0.004,17.984991,15.344074,13.047354,11.260310,9.729516,8.357420,6.620680,5.656297,4.985337,4.191230,3.919089,3.473789,3.131883,2.773288,2.131069,5.070232,1.286479,0.443003,0.221959,0.077246,0.049771,0.011001,0.027991,0.050401,0.016630,0.027496,0.027569,0.022262,0.016844,0.011168,0.016613,0.005787,0.005669,0.005464,0.005537,0.005411
18720,18779,18750,870.070,32.019,120.709,15.879,0.994,0.179,0.004,17.841505,15.074490,12.983693,11.550261,9.957502,8.151113,7.257451,5.841437,5.136385,4.427828,3.756059,3.485184,3.218001,2.612208,2.019223,5.071679,1.341363,0.282819,0.283613,0.061366,0.072557,0.044363,0.044524,0.027913,0.011150,0.028138,0.021968,0.022138,0.011319,0.011319,0.016601,0.005593,0.016485,0.005727,0.000000,0.016323
18780,18839,18810,870.071,32.149,120.905,15.890,1.046,0.181,0.004,17.972996,15.105814,12.922035,11.530949,9.827739,8.493040,7.501585,5.824026,4.730156,4.454834,3.683602,3.540685,3.359439,2.955095,2.072137,4.851402,1.130909,0.343250,0.205497,0.072350,0.071857,0.033373,0.022100,0.027695,0.033177,0.005650,0.016487,0.005574,0.005574,0.016704,0.038966,0.005593,0.011111,0.011149,0.000000,0.022077
18840,18899,18870,870.108,32.214,122.225,16.013,0.980,0.171,0.004,17.862265,15.205160,13.424136,11.371446,10.283133,8.635032,7.087341,5.976844,4.893427,4.489772,3.725693,3.582565,3.098419,3.172913,1.991607,5.010153,1.313299,0.460396,0.232562,0.088774,0.055052,0.049514,0.043897,0.027912,0.022067,0.005556,0.005631,0.027384,0.005556,0.010811,0.022413,0.005274,0.010984,0.016766,0.000000,0.011019
18900,18959,18930,870.097,32.095,122.449,15.882,0.969,0.173,0.004,18.274122,15.980511,13.157806,11.402927,9.856856,8.459153,7.074400,5.824945,4.984493,4.443491,3.808794,3.440027,3.191797,3.083948,1.966367,5.100759,1.426821,0.339025,0.272276,0.044433,0.060942,0.028003,0.038885,0.027974,0.044459,0.005429,0.011261,0.005688,0.011004,0.022026,0.022335,0.016705,0.010876,0.000000,0.005519,0.005308
18960,19019,18990,870.117,31.917,120.624,15.949,1.031,0.182,0.004,17.758463,14.941252,13.003679,11.458936,9.561913,8.264998,7.022239,5.717519,5.135739,4.369266,3.797247,3.398920,3.501415,2.803245,2.292248,5.204978,1.379319,0.320615,0.271058,0.093949,0.066530,0.016857,0.038783,0.033103,0.033599,0.027178,0.011038,0.016763,0.011001,0.011208,0.000000,0.022299,0.016668,0.010792,0.005650,0.005482
19020,19079,19050,870.139,31.979,121.009,15.845,0.932,0.162,0.004,17.576298,15.446559,13.206275,11.205820,9.662165,8.158031,6.899651,6.054802,4.885078,4.405483,3.908692,3.754414,3.243021,3.053053,1.960442,5.271666,1.279514,0.385711,0.243522,0.093647,0.071314,0.044409,0.016799,0.016711,0.038467,0.022155,0.010702,0.022062,0.000000,0.022355,0.022171,0.000000,0.000000,0.005593,0.016950,0.005612
19080,19139,19110,870.133,32.128,121.095,15.471,0.836,0.154,0.003,17.590855,15.151880,13.211707,11.316764,9.786661,8.328560,7.021434,5.983617,5.170901,4.428395,4.065237,3.537308,3.137618,2.742102,2.174531,5.043899,1.387705,0.395162,0.293841,0.093696,0.055380,0.016541,0.027707,0.016904,0.021951,0.005429,0.027751,0.005537,0.010930,0.005537,0.016396,0.005447,0.005848,0.000000,0.005501,0.005848
19140,19199,19170,870.139,32.115,120.972,15.801,0.976,0.174,0.004,17.789017,15.317980,13.037607,10.974893,9.823890,8.369620,7.196524,6.137111,4.996453,4.280631,3.796890,3.599816,3.355914,2.671293,2.065564,5.185448,1.366597,0.385294,0.199690,0.099532,0.077555,0.011057,0.055329,0.044690,0.005631,0.016586,0.016723,0.016305,0.005727,0.016814,0.016700,0.016668,0.005556,0.000000,0.005482,0.011093
19200,19259,19230,870.146,31.914,121.903,16.171,1.052,0.180,0.004,17.813303,15.047445,13.435895,11.437148,9.982767,8.436687,7.034069,5.855868,4.832862,4.570377,3.816397,3.550586,3.381397,2.909891,2.023412,5.448651,1.274295,0.376011,0.288231,0.089026,0.033102,0.043957,0.038700,0.016416,0.022149,0.016855,0.011082,0.011038,0.011056,0.010983,0.027966,0.010895,0.016779,0.000000,0.022206,0.005519
19260,19319,19290,870.153,31.837,123.576,15.708,0.841,0.155,0.003,19.084581,15.515545,13.389979,11.610692,10.181331,8.486045,7.106726,5.959323,5.089855,4.392709,3.849624,3.456902,3.278286,2.593401,2.196494,5.226715,1.175003,0.390955,0.217244,0.056094,0.067188,0.049937,0.022205,0.027931,0.011021,0.033487,0.022561,0.010911,0.005669,0.033434,0.022526,0.000000,0.005727,0.000000,0.005537,0.000000
19320,19379,19350,870.148,31.968,121.471,16.120,1.009,0.178,0.004,17.560041,15.644468,12.865842,11.314755,10.154629,8.231208,7.170423,5.887207,5.012863,4.353409,3.973913,3.586261,3.103074,2.761587,2.150984,5.248233,1.340609,0.477861,0.194377,0.061205,0.072606,0.044439,0.071573,0.021777,0.016672,0.028050,0.005612,0.011022,0.022372,0.033578,0.011261,0.005482,0.005537,0.011130,0.005537,0.011022
19380,19439,19410,870.191,32.078,122.201,15.738,0.934,0.165,0.003,18.382389,15.228249,13.153722,11.366324,10.075304,8.575463,6.797189,6.135123,4.956289,4.428546,3.786693,3.552782,3.228567,3.024541,2.240749,5.019332,1.314716,0.361531,0.255483,0.061353,0.022008,0.039289,0.021985,0.005394,0.033540,0.022354,0.016742,0.011280,0.022421,0.011113,0.011148,0.011060,0.005501,0.011148,0.005574,0.005574
19440,19499,19470,870.229,32.025,121.159,15.735,0.962,0.173,0.004,17.650398,15.343552,12.901118,11.527179,9.941916,8.406196,6.777694,6.065519,5.296262,4.420103,3.633141,3.518759,3.350505,2.997486,2.224861,4.693054,1.439727,0.388589,0.200587,0.061179,0.083485,0.016803,0.060002,0.016704,0.016747,0.022013,0.011282,0.016364,0.000000,0.022282,0.011205,0.016723,0.011377,0.005612,0.005376,0.005519
19500,19559,19530,870.253,31.890,122.502,15.878,1.001,0.176,0.003,18.197603,15.507274,12.707096,11.698357,10.194831,8.569117,7.067540,6.181393,4.994088,4.178241,4.018686,3.831826,3.213423,2.742558,2.087516,5.093058,1.292857,0.393150,0.250001,0.022264,0.049603,0.033239,0.022581,0.016816,0.011111,0.022224,0.016873,0.016707,0.000000,0.011113,0.005556,0.005556,0.000000,0.010931,0.027894,0.011093
19560,19619,19590,870.271,32.065,125.391,16.388,0.971,0.168,0.004,18.405853,15.922573,13.393089,11.953686,10.099129,8.375239,7.326774,6.283379,5.287494,4.531219,3.896856,3.651699,3.451685,2.874408,2.072648,5.383090,1.373528,0.423555,0.290149,0.061253,0.088994,0.039079,0.022205,0.027985,0.016723,0.016362,0.011056,0.011096,0.022143,0.022429,0.022224,0.005631,0.011001,0.005556,0.005631,0.005429
