CampaignData_and_Merges/R0/CSL_MobileLab_Parked/raw/20240814/USOS-POPS_MobileLabGround_20240814_R0.ict
78, 1001
Thornberry, T. D.
NOAA Chemical Sciences Laboratory
Portable Optical Particle Spectrometer (POPS)
USOS
1, 1
2024, 08, 14, 2025, 05, 08
60
Time_Start, seconds_past_midnight, Start time of measurement
45
1, 1, 1, 1, 1, 1, 1, 1, 1, 1, 1, 1, 1, 1, 1, 1, 1, 1, 1, 1, 1, 1, 1, 1, 1, 1, 1, 1, 1, 1, 1, 1, 1, 1, 1, 1, 1, 1, 1, 1, 1, 1, 1, 1, 1
-9999, -9999, -9999, -9999, -9999, -9999, -9999, -9999, -9999, -9999, -9999, -9999, -9999, -9999, -9999, -9999, -9999, -9999, -9999, -9999, -9999, -9999, -9999, -9999, -9999, -9999, -9999, -9999, -9999, -9999, -9999, -9999, -9999, -9999, -9999, -9999, -9999, -9999, -9999, -9999, -9999, -9999, -9999, -9999, -9999
Time_Stop, seconds_past_midnight, Stop time of measurement
Time_Mid, seconds_past_midnight, Mid time of measurement
Press_mb, mb, Pressure reported (mb)
Temp_C, degrees C, POPS temperature measurement
Aerosol_concentration, cm^-3, Aerosol concentration
Surface_Area_Conc, um^2 cm^-3, Surface area concentration
Volume_density, um^3 cm^-3, Volume density
Effective_radius, um, Effective radius
Extinction, km^-1, Extinction
Bin01, cm^-3, particle concentration in size range [1401 - 146.3 nm]
Bin02, cm^-3, particle concentration in size range [146.3 - 152.8 nm]
Bin03, cm^-3, particle concentration in size range [152.8 - 159.6 nm]
Bin04, cm^-3, particle concentration in size range [159.6 - 166.8 nm]
Bin05, cm^-3, particle concentration in size range [166.8 - 174.2 nm]
Bin06, cm^-3, particle concentration in size range [174.2 - 181.9 nm]
Bin07, cm^-3, particle concentration in size range [181.9 - 190.0 nm]
Bin08, cm^-3, particle concentration in size range [190.0 - 198.5 nm]
Bin09, cm^-3, particle concentration in size range [198.5 - 207.4 nm]
Bin10, cm^-3, particle concentration in size range [207.4 - 216.6 nm]
Bin11, cm^-3, particle concentration in size range [216.6 - 226.2 nm]
Bin12, cm^-3, particle concentration in size range [226.2 - 236.3 nm]
Bin13, cm^-3, particle concentration in size range [236.3 - 246.8 nm]
Bin14, cm^-3, particle concentration in size range [246.8 - 257.8 nm]
Bin15, cm^-3, particle concentration in size range [257.8 - 269.3 nm]
Bin16, cm^-3, particle concentration in size range [269.3 - 343.4 nm]
Bin17, cm^-3, particle concentration in size range [343.4 - 450.7 nm]
Bin18, cm^-3, particle concentration in size range [450.7 - 525.9 nm]
Bin19, cm^-3, particle concentration in size range [525.9 - 618.5 nm]
Bin20, cm^-3, particle concentration in size range [618.5 - 710.0 nm]
Bin21, cm^-3, particle concentration in size range [710.0 - 822.7 nm]
Bin22, cm^-3, particle concentration in size range [822.7 - 885.9 nm]
Bin23, cm^-3, particle concentration in size range [885.9 - 953.9 nm]
Bin24, cm^-3, particle concentration in size range [953.9 - 1027.2 nm]
Bin25, cm^-3, particle concentration in size range [1027.2 - 1106.1 nm]
Bin26, cm^-3, particle concentration in size range [1106.1 - 1191.0 nm]
Bin27, cm^-3, particle concentration in size range [1191.0 - 1282.5 nm]
Bin28, cm^-3, particle concentration in size range [1282.5 - 1381.0 nm]
Bin29, cm^-3, particle concentration in size range [1381.0 - 1487.1 nm]
Bin30, cm^-3, particle concentration in size range [1487.1 - 1601.3 nm]
Bin31, cm^-3, particle concentration in size range [1601.3 - 1724.3 nm]
[...]
PLATFORM: NOAA CSL Mobile Lab
LOCATION: USOS
ASSOCIATED_DATA: N/A
INSTRUMENT_INFO: Printed Optical Particle Spectrometer counts particles from 140 - 2500 nm in diameter 
DATA_INFO: Particle concentrations reported in number per cubic centimeter,1 Hz data
UNCERTAINTY: Counting uncertainty dominated by air flow, less than 5 percent. Measurement range is ~0 - 3000 per cm3 (varies depending on flow rate- manufacturer quotes 1250 per cm3 at 1.667 cc/s)
ULOD_FLAG: -7777
ULOD_VALUE: N/A
LLOD_FLAG: -8888
LLOD_VALUE: N/A
DM_CONTACT_INFO: Troy Thornberry, 325 Broadway R/CSL6, Boulder, CO 80305; troy.thornberry@noaa.gov; 303-497-3373
PROJECT_INFO: USOS, Utah POPS data from NOAA CSL Mobile Lab
STIPULATIONS_ON_USE: Please contact the PIs for questions regarding applications and uncertainties
OTHER_COMMENTS: POPS bin Edges (nm):  140.1, 146.3, 152.8, 159.6, 166.8, 174.2, 181.9, 190.0, 198.5, 207.4, 216.6, 226.2, 236.3, 246.8, 257.8, 269.3, 343.4, 450.7, 525.9, 618.5, 710.0, 822.7, 885.9, 953.9, 1027.2, 1106.1, 1191.0, 1282.5, 1381.0, 1487.1, 1601.3, 1724.3, 1856.7, 1999.3, 2152.8, 2318.2, 2496.2
Calculations assume organic aerosol refractive index of 1.52+0.00j and extinction wavelength = 532 nm
REVISION: R0
R0: Final data
Time_Start, Time_Stop, Time_Mid, Press_mb, Temp_C, Aerosol_concentration, Surface_Area_Conc, Volume_density, Effective_radius, Extinction, Bin01, Bin02, Bin03, Bin04, Bin05, Bin06, Bin07, Bin08, Bin09, Bin10, Bin11, Bin12, Bin13, Bin14, Bin15, Bin16, Bin17, Bin18, Bin19, Bin20, Bin21, Bin22, Bin23, Bin24, Bin25, Bin26, Bin27, Bin28, Bin29, Bin30, Bin31, Bin32, Bin33, Bin34, Bin35, Bin36
[from data line 206]
12360,12419,12390,870.125,31.930,107.031,14.101,0.893,0.172,0.003,16.293314,13.866235,11.050362,10.084978,8.548842,7.181401,6.042627,4.994015,4.410250,3.820297,3.398524,3.098646,2.904131,2.390568,1.853056,4.799486,1.231664,0.478920,0.244291,0.088935,0.038730,0.027644,0.011378,0.028046,0.028235,0.005669,0.021913,0.016430,0.005556,0.016819,0.010973,0.021989,0.000000,0.005708,0.005482,0.005447
12420,12479,12450,870.115,31.977,105.920,14.228,0.910,0.179,0.003,15.610610,13.216468,11.105864,9.657978,8.546688,7.023534,6.103939,5.173031,4.296901,4.154288,3.503160,3.021026,3.104532,2.657446,1.768165,4.675810,1.226076,0.478998,0.267678,0.027726,0.072293,0.027670,0.033335,0.016594,0.022167,0.011084,0.016840,0.033449,0.011060,0.000000,0.011167,0.005376,0.005556,0.011074,0.011057,0.011130
12480,12539,12510,870.126,32.208,107.360,14.394,0.854,0.168,0.004,15.358673,13.510859,11.062038,10.032484,8.565201,6.933732,6.216242,5.343973,4.476812,4.128013,3.433864,3.108063,2.904938,2.769504,2.035138,4.916213,1.445179,0.503738,0.288804,0.043741,0.028125,0.060937,0.038641,0.033389,0.016522,0.016725,0.011020,0.005429,0.011075,0.010633,0.016950,0.005593,0.016401,0.000000,0.005482,0.005501
12540,12599,12570,870.159,32.173,151.444,18.478,1.068,0.165,0.004,26.984989,22.260717,17.542973,14.652691,12.122789,9.987499,7.932446,6.549480,4.996012,4.683974,3.921899,3.734803,3.064072,3.073875,2.121214,5.123590,1.396881,0.515708,0.394729,0.100693,0.061476,0.021948,0.033357,0.011021,0.011168,0.022243,0.022118,0.011047,0.016857,0.022190,0.016632,0.005464,0.000000,0.000000,0.005556,0.022132
12600,12659,12630,870.230,31.967,109.182,14.767,0.991,0.187,0.004,15.885743,13.723791,11.938584,10.375660,8.437286,7.109840,6.271022,5.320574,4.397614,3.898148,3.498876,3.311384,3.015471,2.960187,1.831885,4.696376,1.513134,0.373166,0.266958,0.066419,0.050095,0.011080,0.022410,0.021939,0.011130,0.027766,0.016729,0.033531,0.011038,0.011205,0.017185,0.016522,0.022434,0.005688,0.005631,0.005482
12660,12719,12690,870.212,31.902,105.933,14.361,0.911,0.177,0.004,15.534338,12.574718,11.144347,9.625330,8.772370,7.260931,6.025063,5.243279,4.521004,3.869725,3.291268,3.090438,3.110064,2.515652,2.066533,4.828423,1.366458,0.465562,0.261317,0.056038,0.038470,0.033329,0.066543,0.033514,0.016949,0.005501,0.016581,0.016475,0.000000,0.011094,0.027496,0.011019,0.027391,0.000000,0.000000,0.005688
12720,12779,12750,870.134,32.093,106.119,14.136,0.917,0.184,0.003,15.278910,12.933289,11.174087,9.472502,8.597469,7.417000,6.308072,5.169041,4.632738,3.928501,3.686421,3.187603,3.001602,2.408659,1.964216,4.755757,1.173168,0.472707,0.210171,0.054676,0.049319,0.027252,0.039024,0.027478,0.022244,0.016542,0.010949,0.027896,0.010869,0.005274,0.011131,0.027972,0.005411,0.005556,0.000000,0.005447
12780,12839,12810,870.141,32.129,106.648,14.261,0.892,0.176,0.003,15.075309,13.241669,11.003565,9.858717,8.813490,7.084838,6.220841,5.387872,4.483477,3.936752,3.652885,3.103056,3.075758,2.576296,2.171223,4.471209,1.461581,0.514475,0.197584,0.061730,0.034138,0.039971,0.022894,0.011263,0.028422,0.000000,0.034067,0.005765,0.017112,0.005650,0.022323,0.011136,0.000000,0.005557,0.005845,0.011136
12840,12899,12870,870.148,32.080,110.955,15.125,1.028,0.185,0.004,16.148045,13.529278,11.841759,10.204515,8.420727,7.660306,6.550751,5.482198,4.849981,3.963330,3.481185,3.245216,3.108065,2.738216,2.122622,5.152192,1.325756,0.499704,0.281610,0.038734,0.033076,0.033656,0.060687,0.028004,0.033242,0.011002,0.011130,0.011186,0.005593,0.016613,0.011264,0.010967,0.016650,0.000000,0.000000,0.027837
12900,12959,12930,870.163,31.913,121.367,16.569,1.057,0.182,0.004,17.521818,15.011629,12.748898,11.164303,9.941217,8.279819,6.973147,5.686223,5.164624,4.659747,4.066308,3.606529,3.282060,2.943524,2.159168,5.386906,1.331689,0.597955,0.327857,0.105033,0.099798,0.032940,0.066347,0.022225,0.033188,0.016667,0.010667,0.022409,0.021896,0.010984,0.038685,0.005593,0.005519,0.005537,0.005464,0.011039
12960,13019,12990,870.207,32.057,133.109,17.815,1.118,0.175,0.004,20.101379,16.732847,13.764843,12.405229,10.645982,9.145462,7.299899,6.238519,5.393334,4.776321,4.295763,3.862273,3.635034,3.563106,2.268744,5.938494,1.571403,0.583368,0.428851,0.122921,0.056043,0.044455,0.039181,0.039121,0.016452,0.022208,0.016655,0.005727,0.010984,0.011186,0.022461,0.016713,0.011130,0.011171,0.000000,0.011396
13020,13079,13050,870.249,32.198,142.427,19.291,1.203,0.180,0.005,21.297251,17.831377,15.188807,13.225771,11.211209,9.800611,8.154184,6.783007,5.659191,5.243614,4.744604,4.397613,3.872534,3.320287,2.345472,6.084025,1.753791,0.439496,0.389980,0.183095,0.100167,0.050267,0.066962,0.066849,0.011168,0.028138,0.011111,0.033234,0.022224,0.044786,0.033171,0.011281,0.016723,0.005519,0.000000,0.000000
13080,13139,13110,870.245,32.021,141.303,20.286,1.583,0.217,0.006,20.902380,17.565809,14.949937,12.938646,11.547894,9.671515,8.117661,6.564725,5.685005,5.206178,4.652861,3.994339,3.804355,3.444078,2.554242,6.081083,1.716244,0.640242,0.525290,0.148489,0.116768,0.088775,0.032858,0.049601,0.027798,0.038373,0.038814,0.022173,0.033692,0.027533,0.022260,0.027405,0.016636,0.005482,0.027650,0.016673
13140,13199,13170,870.194,31.847,143.598,20.106,1.433,0.201,0.006,21.628048,17.777515,14.979903,13.474654,11.578094,9.767166,8.257725,7.009950,5.879373,4.901943,4.581457,4.169033,3.705407,3.502144,2.547555,6.318510,1.654276,0.662174,0.421737,0.188534,0.154866,0.067050,0.072019,0.022298,0.038855,0.038271,0.011075,0.016478,0.027893,0.039072,0.032776,0.027510,0.022261,0.016329,0.000000,0.005650
13200,13259,13230,870.207,31.984,143.454,19.959,1.467,0.211,0.005,21.548283,17.848135,15.335845,13.429365,11.951408,9.686049,7.995708,6.725914,6.105698,5.584415,4.377648,4.219546,3.843903,3.199745,2.426461,5.860336,1.542074,0.566605,0.473008,0.156080,0.094586,0.066690,0.067070,0.033376,0.049902,0.033373,0.027650,0.027954,0.038731,0.033283,0.033490,0.038894,0.016468,0.005650,0.011130,0.000000
13260,13319,13290,870.221,32.120,143.420,19.906,1.384,0.195,0.005,21.714640,18.212084,15.188831,13.172881,11.571761,9.902359,7.929476,6.773911,5.804258,5.054781,4.404298,4.195713,3.912112,3.343161,2.436698,6.325968,1.730383,0.605503,0.481985,0.149338,0.077880,0.055482,0.072516,0.033572,0.066578,0.027187,0.016494,0.011074,0.033020,0.033507,0.016502,0.010880,0.016724,0.005631,0.016669,0.016448
13320,13379,13350,870.196,31.981,139.134,18.823,1.266,0.191,0.005,20.844141,17.806253,14.093232,13.138201,11.015341,9.540873,7.599990,6.758156,5.851491,4.739123,4.473087,4.353049,4.119087,3.262705,2.479392,6.164117,1.362728,0.617169,0.427394,0.117423,0.045177,0.044866,0.050604,0.034046,0.016801,0.011292,0.016833,0.028387,0.005557,0.022431,0.027809,0.016801,0.028121,0.000000,0.005669,0.016987
13380,13439,13410,870.164,31.809,141.549,19.755,1.396,0.202,0.005,20.793100,17.725636,14.974736,12.925826,11.300021,9.773379,8.007956,7.022360,6.117608,5.075305,4.692167,4.312675,3.467587,3.545952,2.243949,6.204360,1.652087,0.714224,0.368749,0.100575,0.066951,0.083493,0.061661,0.050511,0.044862,0.011224,0.011074,0.033299,0.050324,0.016657,0.039029,0.011416,0.011326,0.010913,0.011019,0.016654
13440,13499,13470,870.144,31.824,140.517,19.296,1.316,0.194,0.005,20.841522,18.015141,14.826105,13.422233,11.356844,9.359884,8.103415,6.835953,5.774961,4.909579,4.263968,4.136048,3.766397,3.314976,2.361305,6.147258,1.642558,0.461239,0.335507,0.098275,0.132482,0.038448,0.088291,0.016653,0.032562,0.038626,0.021833,0.016404,0.032702,0.038051,0.027345,0.005574,0.022002,0.005482,0.021669,0.005501
13500,13559,13530,870.130,31.978,138.228,19.577,1.478,0.212,0.005,20.513638,17.138977,15.019632,12.905816,11.122720,9.390960,7.691710,6.731974,5.975238,5.030769,4.424476,4.109198,3.776918,3.106265,2.354306,5.488928,1.693239,0.631452,0.453952,0.109633,0.127381,0.066198,0.039090,0.038651,0.055277,0.022279,0.016649,0.022236,0.027488,0.043798,0.016686,0.005574,0.021817,0.005537,0.016668,0.033000
13560,13619,13590,870.173,32.032,144.181,21.702,2.004,0.258,0.006,21.289433,18.181404,16.021706,13.222217,11.508033,9.849112,8.154845,6.951893,5.845292,5.165339,4.476887,4.226542,3.745959,3.191581,2.693065,5.988371,1.770835,0.607455,0.367192,0.100820,0.150907,0.111136,0.032616,0.083959,0.055408,0.044960,0.033145,0.022119,0.033330,0.044283,0.061765,0.044466,0.038722,0.027846,0.016424,0.021899
13620,13679,13650,870.182,31.957,132.239,18.282,1.257,0.192,0.005,19.250286,16.582294,13.903569,12.232080,10.453739,8.955292,7.532751,6.225586,5.892053,4.852870,4.288680,4.362657,3.650280,3.315936,2.391343,5.439015,1.408900,0.515580,0.373306,0.113818,0.079529,0.039860,0.056901,0.039574,0.062070,0.033961,0.045377,0.022586,0.033881,0.016988,0.011266,0.011394,0.005557,0.017083,0.011189,0.011550
13680,13739,13710,870.185,31.853,126.523,17.105,1.142,0.189,0.004,18.970272,15.998232,13.275712,11.559133,10.522661,8.563032,7.141363,5.988706,5.139777,4.406481,3.944544,3.643705,3.626270,2.992288,2.057513,5.791276,1.532894,0.552521,0.306569,0.110678,0.088756,0.022149,0.066223,0.016423,0.049881,0.011135,0.022377,0.027930,0.011207,0.016837,0.016671,0.028023,0.005650,0.000000,0.005464,0.010950
13740,13799,13770,870.204,32.012,127.967,17.648,1.217,0.194,0.005,18.687897,16.262493,13.859005,11.712738,9.875569,8.802377,7.315415,6.181536,5.175453,4.475555,3.996944,3.947980,3.652680,3.035786,2.274463,5.702011,1.573282,0.526944,0.359796,0.122326,0.111230,0.066256,0.033587,0.027605,0.021843,0.016875,0.027779,0.016933,0.011187,0.005556,0.016377,0.005537,0.016650,0.016667,0.010929,0.021599
13800,13859,13830,870.249,32.127,132.877,18.954,1.499,0.221,0.005,19.310276,17.294016,14.102540,12.353230,10.765137,9.178272,7.432748,6.261165,5.386563,4.700328,4.164125,3.893430,3.549534,3.141249,2.381119,5.816489,1.480176,0.640409,0.348476,0.132871,0.066573,0.067234,0.049988,0.049701,0.033115,0.044509,0.033637,0.027497,0.016598,0.033155,0.044434,0.027705,0.016893,0.000000,0.000000,0.033416
13860,13919,13890,870.281,32.029,144.449,19.461,1.301,0.189,0.005,21.421574,18.279264,15.664371,13.046301,11.874864,9.655901,7.994833,7.055517,6.012940,5.520133,4.671722,4.265064,3.713048,3.329544,2.440527,6.370711,1.610661,0.578149,0.409361,0.105843,0.089182,0.055792,0.049876,0.038563,0.033447,0.022497,0.010876,0.011061,0.005574,0.033343,0.011004,0.016840,0.005274,0.005519,0.028113,0.011148
13920,13979,13950,870.295,31.889,150.553,20.882,1.564,0.207,0.005,22.617825,18.711037,15.732018,13.883785,12.520207,10.420354,8.491461,7.460596,6.106095,5.283634,5.082258,4.732487,4.040111,3.443063,2.433048,6.353492,1.679295,0.554625,0.333526,0.093603,0.071548,0.055790,0.071831,0.061090,0.038590,0.044069,0.027676,0.027543,0.021992,0.038939,0.038697,0.032957,0.016576,0.011262,0.005501,0.016819
13980,14039,14010,870.300,32.013,142.512,19.356,1.281,0.190,0.005,20.916540,18.070354,15.250428,13.155079,11.350392,9.318871,8.443167,6.887938,5.564036,5.202800,4.435077,4.149104,3.992042,3.404834,2.656486,6.364164,1.689615,0.663463,0.446157,0.088108,0.098879,0.055033,0.049707,0.038912,0.044283,0.027547,0.022222,0.038527,0.000000,0.016557,0.010949,0.027632,0.016639,0.000000,0.000000,0.016742
14040,14099,14070,870.336,32.225,137.183,19.104,1.321,0.192,0.005,20.089022,17.062290,14.532563,12.807037,11.056834,9.103311,7.899238,6.347085,5.383244,5.343480,4.337703,4.192855,3.885884,3.336718,2.364950,6.208099,1.732637,0.492118,0.349376,0.111337,0.116029,0.088515,0.077294,0.033194,0.044395,0.021984,0.033248,0.005291,0.011186,0.016734,0.033224,0.005501,0.011156,0.021994,0.011020,0.016502
14100,14159,14130,870.343,32.132,126.965,16.840,1.030,0.172,0.004,19.074974,15.585279,13.291594,12.145352,10.164601,8.690709,7.478693,6.151775,5.326590,4.254814,4.012928,3.930123,3.561803,3.046789,2.221168,5.463491,1.351670,0.439202,0.278630,0.116114,0.049935,0.033558,0.039522,0.055915,0.027948,0.021959,0.028187,0.016484,0.011038,0.033468,0.033232,0.016502,0.011205,0.000000,0.000000,0.000000
14160,14219,14190,870.351,31.971,135.598,18.396,1.243,0.188,0.005,19.650948,16.660294,14.442762,12.348704,11.213595,9.524196,7.753121,6.457525,5.685745,4.995478,4.156301,4.125458,3.627938,3.305174,2.440684,5.968273,1.773203,0.581693,0.377609,0.077791,0.121574,0.072293,0.005429,0.021880,0.038840,0.016707,0.033466,0.011167,0.016913,0.027560,0.005464,0.033157,0.005519,0.005464,0.000000,0.016304
14220,14279,14250,870.367,32.045,130.666,18.445,1.499,0.224,0.005,18.964350,16.316004,14.199492,11.741048,10.334238,9.242596,7.693055,6.301926,5.467038,4.535491,4.131223,3.979651,3.653011,3.154419,2.376133,5.843647,1.431189,0.443638,0.291853,0.078442,0.072516,0.044666,0.044175,0.061903,0.005575,0.011452,0.039242,0.011321,0.022809,0.027919,0.033694,0.039167,0.028062,0.016913,0.022142,0.005594
14280,14339,14310,870.395,32.216,132.768,18.194,1.339,0.202,0.005,19.951862,16.312111,13.938473,12.252047,10.180940,8.910873,8.014411,6.453777,5.471887,4.872293,4.430341,4.186357,3.627941,3.385559,2.323135,5.529160,1.573105,0.521994,0.243945,0.099688,0.104843,0.094608,0.027541,0.044508,0.033531,0.027804,0.016693,0.011130,0.016398,0.027696,0.005519,0.039094,0.000000,0.005631,0.016854,0.016525
14340,14399,14370,870.433,32.070,131.517,17.724,1.120,0.180,0.004,19.027607,16.598640,14.378729,12.642103,10.786489,8.786910,7.129158,6.076557,5.346047,4.761268,4.118683,3.959716,3.700817,3.152721,2.365998,5.842399,1.519944,0.466987,0.322329,0.088891,0.100242,0.072786,0.011292,0.016860,0.043976,0.038855,0.028005,0.027718,0.021755,0.022248,0.022224,0.011038,0.011130,0.005828,0.005411,0.005519
14400,14459,14430,870.435,31.949,126.980,17.188,1.199,0.196,0.004,18.705811,16.247240,13.758217,11.386988,10.151777,8.758481,7.301311,6.006877,5.304076,4.791686,3.943302,3.976021,3.476276,2.975057,2.029238,5.657393,1.289497,0.416611,0.313679,0.088053,0.077234,0.059936,0.033060,0.022118,0.044282,0.022021,0.016543,0.010969,0.022472,0.011224,0.005325,0.016609,0.011111,0.033258,0.000000,0.016612
14460,14519,14490,870.433,32.078,123.354,17.063,1.259,0.206,0.004,17.459381,15.837015,13.422430,11.107594,10.384455,8.310037,7.181652,6.062307,5.280470,4.239375,3.996329,3.633857,3.338933,2.912097,2.268491,5.178253,1.429242,0.456034,0.390066,0.066489,0.077412,0.016476,0.033221,0.022188,0.038840,0.022431,0.022025,0.022526,0.011114,0.033135,0.027604,0.022229,0.011082,0.017203,0.011168,0.011161
14520,14579,14550,870.413,32.214,114.182,14.770,0.865,0.166,0.003,16.644138,14.295671,12.275449,10.911588,9.187255,7.985133,6.556477,5.544829,4.714788,4.053174,3.775728,3.473111,3.108381,2.652426,1.818006,4.820261,1.343993,0.502882,0.205426,0.061215,0.044395,0.039434,0.027875,0.016613,0.011558,0.022187,0.005556,0.000000,0.016873,0.023087,0.011063,0.016576,0.005650,0.005447,0.005650,0.000000
14580,14639,14610,870.379,32.172,114.811,15.250,0.921,0.170,0.004,17.054518,14.233724,11.836565,10.564132,9.464955,7.881813,6.770440,5.463445,4.688733,4.124444,3.829993,3.449999,3.112196,2.827655,1.930336,5.141477,1.262910,0.483713,0.277157,0.083502,0.066977,0.039026,0.022640,0.033515,0.016781,0.022225,0.044432,0.016742,0.016650,0.010667,0.005291,0.011286,0.011130,0.000000,0.005767,0.005650
14640,14699,14670,870.311,31.976,110.840,14.961,1.010,0.189,0.004,16.729006,13.547265,11.850078,10.148866,8.961196,7.529273,6.177356,5.363962,4.543812,4.256558,3.623226,3.273856,3.184162,2.662583,1.961669,4.876495,1.116735,0.378506,0.277554,0.033271,0.055475,0.028216,0.066183,0.022169,0.027859,0.022379,0.016668,0.010911,0.016563,0.005612,0.011026,0.005727,0.022528,0.011223,0.005447,0.016655
