CampaignData_and_Merges/R0/CSL_MobileLab_Parked/raw/20240814/USOS-NOAAIodideCIMS-Halogens_MobileLabGround_20240814_RA.ict
38, 1001
Michael A Robinson, Chris Jernigan, Subi Thakali
NOAA ESRL Chemical Sciences Laboratory and CIRES, U. of Colorado
NOAA Iodide CIMS Instrument
USOS
1, 1
2024, 08, 14, 2024, 08, 15
1
starttime_UTC, seconds_past_midnight, seconds_of_day_since_00:00:00_UTC
6
1, 1, 1, 1, 1, 1
-9999, -9999, -9999, -9999, -9999, -9999
Br2_NOAACIMS, pptv, Gas_Br2_InSitu_S_AVMR, 
BrO_NOAACIMS, pptv, Gas_BrO_InSitu_S_AVMR, 
Cl2_NOAACIMS, pptv, Gas_Cl2_InSitu_S_AVMR, 
ClNO2_NOAACIMS, pptv, Gas_ClNO2_InSitu_S_AVMR, 
BrCl_NOAACIMS, pptv, Gas_BrCl_InSitu_S_AVMR, 
NCl3_NOAACIMS, pptv, Gas_NCl3_InSitu_S_AVMR, 
0
18
PI_CONTACT_INFO: 325 Broadway, R/CSD 7, Boulder, Colorado 80305; michael.a.robinson@noaa.gov; chris.jernigan@noaa.gov;
PLATFORM: NOAA CSL Mobile Lab
LOCATION: SLC, Utah
ASSOCIATED_DATA: 1Hz data also available on request.
INSTRUMENT_INFO: NOAA I- ToF CIMS
DATA_INFO: All data in parts per trillion by volume (pptv). 1 Hz data is available upon request.
UNCERTAINTY: TBD
ULOD_FLAG: -7777
ULOD_VALUE: N/A
LLOD_FLAG: -8888
LLOD_VALUE: N/A
DM_CONTACT_INFO: Nathan Howard; nathan.h.howard@noaa.gov
PROJECT_INFO: USOS, summer 2024. https://csl.noaa.gov/groups/csl7/measurements/2024usos/
STIPULATIONS_ON_USE: Users are strongly encouraged to contact the PI for proper data usage.
OTHER_COMMENTS: 
REVISION: RA
RA: Preliminary Data; For in-field use only
starttime_UTC, Br2_NOAACIMS, BrO_NOAACIMS, Cl2_NOAACIMS, ClNO2_NOAACIMS, BrCl_NOAACIMS, NCl3_NOAACIMS
[from data line 289]
 17340,  0.640,  0.034,  0.272,  0.275,  0.058,  0.566
 17400,  0.640,  0.106,  0.252,  0.241,  0.044,  0.433
 17460,  0.573,  0.077,  0.279,  0.250,  0.056,  0.672
 17520,  0.671,  0.058,  0.269,  0.306,  0.041,  0.640
 17580,  0.623,  0.071,  0.282,  0.262,  0.060,  0.484
 17640,  0.553,  0.096,  0.274,  0.277,  0.042,  0.552
 17700,  0.571,  0.088,  0.301,  0.256,  0.063,  0.610
 17760,  0.517,  0.036,  0.281,  0.278,  0.063,  0.551
 17820,  0.620,  0.106,  0.246,  0.247,  0.058,  0.578
 17880,  0.555,  0.050,  0.305,  0.321,  0.041,  0.524
 17940,  0.584,  0.096,  0.244,  0.293,  0.047,  0.624
 18000,  0.441,  0.176,  0.192,  0.353,  0.078,  0.555
 18060,  0.876,  0.036,  0.443,  0.323,  0.040,  0.344
 18120,  0.480,  0.027,  0.238,  0.313,  0.062,  0.566
 18180,  0.498,  0.001,  0.243,  0.359,  0.043,  0.501
 18240,  0.588,  0.107,  0.242,  0.335,  0.068,  0.387
 18300,  0.521,  0.022,  0.278,  0.325,  0.031,  0.559
 18360,  0.626,  0.069,  0.316,  0.295,  0.055,  0.464
 18420,  0.650,  0.067,  0.296,  0.325,  0.073,  0.552
 18480,  0.595,  0.062,  0.260,  0.361,  0.055,  0.565
 18540,  0.472,  0.028,  0.242,  0.361,  0.073,  0.583
 18600,  0.524,  0.082,  0.256,  0.309,  0.042,  0.521
 18660,  0.468,  0.064,  0.334,  0.323,  0.049,  0.475
 18720,  0.555,  0.102,  0.289,  0.280,  0.069,  0.503
 18780,  0.623,  0.075,  0.289,  0.293,  0.045,  0.504
 18840,  0.501,  0.048,  0.287,  0.358,  0.045,  0.462
 18900,  0.579,  0.059,  0.340,  0.339,  0.044,  0.526
 18960,  0.540,  0.017,  0.295,  0.344,  0.037,  0.537
 19020,  0.649,  0.029,  0.306,  0.358,  0.074,  0.502
 19080,  0.584,  0.003,  0.316,  0.305,  0.033,  0.506
 19140,  0.521,  0.032,  0.307,  0.349,  0.018,  0.545
 19200,  0.490,  0.051,  0.242,  0.289,  0.026,  0.476
 19260,  0.641,  0.039,  0.289,  0.344,  0.032,  0.648
 19320,  0.598,  0.016,  0.252,  0.338,  0.022,  0.524
 19380,  0.486,  0.022,  0.250,  0.324,  0.015,  0.423
 19440,  0.460,  0.068,  0.255,  0.329,  0.022,  0.465
 19500,  0.514, -0.015,  0.263,  0.354,  0.061,  0.466
 19560,  0.584, -0.034,  0.273,  0.341,  0.029,  0.465
 19620,  0.579,  0.017,  0.326,  0.330,  0.009,  0.450
 19680,  0.569,  0.008,  0.274,  0.357,  0.017,  0.555
 19740,  0.575,  0.016,  0.300,  0.395,  0.043,  0.521
 19800,  0.615,  0.009,  0.253,  0.353,  0.041,  0.636
 19860,  0.610,  0.057,  0.200,  0.348, -0.003,  0.506
 19920,  0.445,  0.034,  0.109,  0.384,  0.003,  0.495
 19980,  0.551,  0.015,  0.267,  0.334,  0.014,  0.493
 20040,  0.591,  0.028,  0.290,  0.332,  0.001,  0.561
 20100,  0.556,  0.005,  0.251,  0.304,  0.017,  0.631
 20160,  0.586,  0.024,  0.244,  0.362,  0.012,  0.541
 20220,  0.584, -0.014,  0.260,  0.358,  0.036,  0.627
 20280,  0.698, -0.022,  0.271,  0.329,  0.057,  0.800
 20340,  0.625, -0.008,  0.231,  0.366,  0.015,  0.753
 20400,  0.562, -0.000,  0.231,  0.385,  0.057,  0.869
 20460,  0.647,  0.018,  0.260,  0.345,  0.036,  0.880
 20520,  0.544,  0.008,  0.277,  0.360,  0.056,  0.863
 20580,  0.676,  0.043,  0.232,  0.364,  0.026,  0.796
 20640,  0.581,  0.034,  0.236,  0.342,  0.035,  0.763
 20700,  0.552,  0.013,  0.240,  0.405,  0.051,  0.704
 20760,  0.526,  0.059,  0.255,  0.353,  0.050,  0.707
 20820,  0.650,  0.090,  0.199,  0.377,  0.055,  0.803
 20880,  0.591,  0.037,  0.225,  0.415,  0.057,  0.835
 20940,  0.594,  0.043,  0.276,  0.408,  0.057,  0.750
 21000,  0.629,  0.033,  0.244,  0.368,  0.030,  0.854
 21060,  0.670,  0.088,  0.189,  0.369,  0.052,  0.982
 21120,  0.646,  0.075,  0.252,  0.391,  0.076,  0.876
 21180,  0.659,  0.066,  0.220,  0.418,  0.052,  0.960
 21240,  0.623,  0.074,  0.271,  0.400,  0.035,  0.855
 21300,  0.564,  0.052,  0.234,  0.391,  0.071,  0.816
 21360,  0.679,  0.026,  0.233,  0.376,  0.051,  0.732
 21420,  0.576,  0.005,  0.189,  0.375,  0.069,  0.904
 21480,  0.663,  0.067,  0.228,  0.351,  0.088,  0.834
 21540,  0.600,  0.109,  0.211,  0.363,  0.053,  0.695
 21600,  0.676,  0.075,  0.216,  0.349,  0.080,  0.657
 21660,  0.672,  0.141,  0.196,  0.363,  0.051,  0.571
 21720,  0.701, -0.021,  0.151,  0.413,  0.112,  0.681
 21780,  0.676,  0.119,  0.212,  0.293,  0.059,  0.457
 21840,  0.696,  0.075,  0.235,  0.344,  0.059,  0.498
 21900,  0.585,  0.060,  0.227,  0.322,  0.044,  0.563
 21960,  0.629,  0.098,  0.213,  0.358,  0.075,  0.553
 22020,  0.611,  0.049,  0.141,  0.381,  0.100,  0.577
 22080,  0.639,  0.069,  0.140,  0.355,  0.069,  0.593
 22140,  0.650,  0.021,  0.167,  0.438,  0.071,  0.627
 22200,  0.561,  0.093,  0.217,  0.359,  0.080,  0.541
 22260,  0.658,  0.064,  0.201,  0.364,  0.072,  0.628
 22320,  0.564,  0.041,  0.207,  0.374,  0.074,  0.574
 22380,  0.615,  0.015,  0.200,  0.390,  0.099,  0.647
 22440,  0.677,  0.101,  0.195,  0.288,  0.078,  0.587
 22500,  0.616, -0.014,  0.239,  0.329,  0.086,  0.728
 22560,  0.599,  0.001,  0.150,  0.383,  0.085,  0.622
 22620,  0.577, -0.015,  0.199,  0.300,  0.076,  0.626
 22680,  0.668, -0.025,  0.226,  0.291,  0.083,  0.621
 22740,  0.610,  0.014,  0.226,  0.351,  0.080,  0.582
 22800,  0.693,  0.018,  0.253,  0.362,  0.058,  0.650
 22860,  0.527, -0.013,  0.259,  0.374,  0.067,  0.617
 22920,  0.655, -0.039,  0.250,  0.385,  0.084,  0.642
 22980,  0.654, -0.029,  0.209,  0.419,  0.093,  0.541
 23040,  0.559, -0.025,  0.267,  0.373,  0.090,  0.537
 23100,  0.563, -0.007,  0.173,  0.396,  0.110,  0.616
 23160,  0.704, -0.033,  0.289,  0.435,  0.093,  0.537
 23220,  0.520,  0.072,  0.258,  0.331,  0.082,  0.614
 23280,  0.647, -0.019,  0.257,  0.421,  0.092,  0.567
 23340,  0.726, -0.078,  0.241,  0.392,  0.075,  0.597
 23400,  0.564, -0.053,  0.215,  0.431,  0.081,  0.546
 23460,  0.556, -0.080,  0.367,  0.412,  0.076,  0.549
 23520,  0.540, -0.052,  0.280,  0.415,  0.068,  0.547
 23580, -9999.000, -9999.000, -9999.000, -9999.000, -9999.000, -9999.000
 23640,  0.737, -0.032,  0.183,  0.463,  0.086,  0.782
 23700,  0.640, -0.059,  0.227,  0.367,  0.085,  0.635
 23760,  0.600, -0.056,  0.275,  0.483,  0.075,  0.742
 23820,  0.664,  0.018,  0.234,  0.462,  0.102,  0.474
 23880,  0.654, -0.051,  0.278,  0.466,  0.076,  0.596
 23940,  0.569, -0.070,  0.267,  0.430,  0.064,  0.581
 24000,  0.578, -0.021,  0.297,  0.463,  0.088,  0.854
 24060,  0.737, -0.063,  0.273,  0.409,  0.058,  0.825
 24120,  0.665, -0.030,  0.254,  0.392,  0.095,  0.602
 24180,  0.558,  0.009,  0.289,  0.406,  0.092,  0.889
 24240,  0.572,  0.009,  0.302,  0.379,  0.073,  0.674
 24300,  0.718,  0.006,  0.288,  0.389,  0.076,  0.825
 24360,  0.672, -0.018,  0.288,  0.487,  0.078,  0.597
 24420,  0.642,  0.030,  0.233,  0.341,  0.066,  0.733
 24480,  0.777,  0.010,  0.254,  0.391,  0.063,  0.693
 24540,  0.686,  0.001,  0.264,  0.422,  0.070,  0.593
 24600,  0.621,  0.029,  0.270,  0.428,  0.089,  0.570
 24660,  0.605, -0.013,  0.222,  0.371,  0.039,  0.762
 24720,  0.717,  0.069,  0.333,  0.414,  0.050,  0.688
 24780,  0.729,  0.067,  0.298,  0.408,  0.089,  0.904
 24840,  0.642,  0.051,  0.284,  0.415,  0.052,  0.775
 24900,  0.694,  0.042,  0.284,  0.434,  0.079,  0.662
 24960,  0.700,  0.029,  0.295,  0.386,  0.066,  0.813
 25020,  0.673,  0.015,  0.262,  0.353,  0.060,  0.813
 25080,  0.623,  0.076,  0.293,  0.348,  0.079,  0.766
 25140,  0.783,  0.114,  0.259,  0.424,  0.082,  0.834
 25200,  0.782,  0.101,  0.319,  0.397,  0.058,  0.973
 25260,  0.746,  0.074,  0.357,  0.448,  0.067,  0.868
 25320,  0.814,  0.094,  0.282,  0.419,  0.041,  1.137
 25380,  0.602,  0.105,  0.329,  0.413,  0.051,  0.903
 25440, -9999.000, -9999.000, -9999.000, -9999.000, -9999.000, -9999.000
 25500,  0.751,  0.079,  0.320,  0.492,  0.066,  1.220
 25560,  0.745,  0.065,  0.265,  0.531,  0.074,  1.096
 25620,  0.642,  0.051,  0.299,  0.562,  0.089,  0.851
 25680,  0.804,  0.073,  0.281,  0.412,  0.066,  1.000
 25740,  0.664,  0.058,  0.304,  0.471,  0.048,  0.821
 25800,  0.733,  0.069,  0.289,  0.408,  0.069,  0.762
 25860,  0.716,  0.127,  0.316,  0.431,  0.054,  0.681
 25920,  0.587,  0.098,  0.288,  0.379,  0.073,  0.766
 25980,  0.695,  0.058,  0.306,  0.418,  0.067,  0.752
 26040,  0.737,  0.050,  0.260,  0.449,  0.055,  0.767
 26100,  0.741,  0.086,  0.351,  0.400,  0.055,  0.985
 26160,  0.699,  0.095,  0.304,  0.358,  0.060,  0.878
 26220,  0.663,  0.097,  0.388,  0.419,  0.067,  1.068
 26280,  0.654,  0.120,  0.263,  0.453,  0.057,  1.023
 26340,  0.724,  0.101,  0.321,  0.493,  0.022,  1.007
 26400,  0.700,  0.053,  0.349,  0.439,  0.058,  0.991
 26460,  0.564,  0.063,  0.311,  0.414,  0.069,  0.980
 26520,  0.730,  0.099,  0.280,  0.427,  0.046,  0.761
 26580,  0.722,  0.110,  0.299,  0.462,  0.042,  0.745
 26640,  0.588,  0.086,  0.251,  0.424,  0.026,  0.752
 26700,  0.607,  0.054,  0.334,  0.509,  0.033,  0.660
 26760,  0.553,  0.102,  0.257,  0.406,  0.053,  0.684
 26820,  0.704,  0.113,  0.337,  0.479,  0.041,  0.549
 26880,  0.578,  0.074,  0.293,  0.439,  0.036,  0.584
 26940,  0.646,  0.159,  0.344,  0.411,  0.024,  0.614
 27000,  0.688,  0.094,  0.296,  0.421,  0.051,  0.612
 27060,  0.614,  0.037,  0.332,  0.484,  0.020,  0.608
 27120,  0.738,  0.106,  0.284,  0.456,  0.025,  0.677
 27180,  0.675,  0.147,  0.292,  0.384,  0.080,  0.581
 27240,  0.682,  0.134,  0.307,  0.449,  0.016,  0.554
 27300, -9999.000, -9999.000, -9999.000, -9999.000, -9999.000, -9999.000
 27360,  0.698,  0.116,  0.282,  0.432,  0.040,  0.498
 27420,  0.658,  0.068,  0.292,  0.488,  0.024,  0.381
 27480,  0.606,  0.052,  0.296,  0.407,  0.037,  0.442
 27540,  0.618,  0.081,  0.292,  0.455,  0.031,  0.373
 27600,  0.542,  0.031,  0.305,  0.432,  0.033,  0.483
 27660,  0.547,  0.049,  0.277,  0.573,  0.026,  0.443
 27720,  0.582,  0.026,  0.272,  0.453,  0.034,  0.491
 27780,  0.680,  0.059,  0.249,  0.483,  0.055,  0.484
 27840,  0.543,  0.020,  0.247,  0.500,  0.076,  0.431
 27900,  0.619,  0.002,  0.290,  0.444,  0.037,  0.494
 27960,  0.584,  0.026,  0.277,  0.530,  0.077,  0.420
 28020,  0.606,  0.021,  0.242,  0.471,  0.049,  0.428
 28080,  0.639,  0.044,  0.249,  0.433,  0.064,  0.385
 28140,  0.511, -0.008,  0.235,  0.447,  0.046,  0.466
 28200,  0.571,  0.053,  0.196,  0.494,  0.054,  0.436
 28260,  0.579, -0.005,  0.205,  0.476,  0.075,  0.521
 28320,  0.622,  0.039,  0.233,  0.482,  0.072,  0.568
 28380,  0.584, -0.017,  0.237,  0.498,  0.062,  0.467
 28440,  0.552, -0.007,  0.204,  0.448,  0.068,  0.520
 28500,  0.494,  0.037,  0.269,  0.489,  0.044,  0.674
 28560,  0.558, -0.011,  0.305,  0.453,  0.064,  0.603
 28620,  0.499,  0.023,  0.300,  0.507,  0.055,  0.520
 28680,  0.476,  0.048,  0.248,  0.516,  0.054,  0.515
 28740,  0.543,  0.021,  0.228,  0.519,  0.055,  0.582
 28800,  0.526, -0.032,  0.215,  0.505,  0.051,  0.497
 28860,  0.438, -0.052,  0.231,  0.458,  0.082,  0.601
 28920,  0.578, -0.020,  0.239,  0.481,  0.075,  0.456
 28980,  0.660, -0.033,  0.214,  0.483,  0.079,  0.513
 29040,  0.508, -0.107,  0.218,  0.439,  0.067,  0.569
 29100,  0.578, -0.060,  0.176,  0.454,  0.078,  0.542
 29160,  0.665, -0.042,  0.248,  0.379,  0.050,  0.686
 29220,  0.499, -0.055,  0.166,  0.422,  0.077,  0.511
 29280,  0.559, -0.056,  0.193,  0.440,  0.073,  0.556
 29340,  0.565, -0.027,  0.171,  0.390,  0.085,  0.501
 29400,  0.466, -0.023,  0.265,  0.398,  0.111,  0.434
 29460,  0.460, -0.020,  0.229,  0.383,  0.062,  0.394
 29520,  0.526,  0.059,  0.262,  0.448,  0.090,  0.472
 29580,  0.498,  0.008,  0.268,  0.426,  0.088,  0.475
 29640,  0.446, -0.012,  0.258,  0.420,  0.045,  0.429
 29700,  0.488, -0.017,  0.261,  0.383,  0.073,  0.524
 29760,  0.536, -0.033,  0.188,  0.419,  0.065,  0.532
 29820,  0.531,  0.038,  0.171,  0.399,  0.055,  0.395
 29880,  0.609, -0.014,  0.219,  0.434,  0.054,  0.479
 29940,  0.516,  0.003,  0.187,  0.434,  0.055,  0.468
 30000,  0.637, -0.004,  0.199,  0.443,  0.068,  0.469
 30060,  0.512,  0.059,  0.262,  0.402,  0.060,  0.526
 30120,  0.545,  0.003,  0.159,  0.443,  0.043,  0.525
 30180,  0.561, -0.003,  0.230,  0.400,  0.032,  0.463
 30240,  0.680,  0.041,  0.130,  0.425,  0.058,  0.413
 30300,  0.589,  0.029,  0.207,  0.447,  0.050,  0.437
 30360,  0.666,  0.058,  0.224,  0.391,  0.050,  0.515
 30420,  0.659,  0.018,  0.203,  0.400,  0.009,  0.473
 30480,  0.558,  0.123,  0.205,  0.457,  0.035,  0.547
 30540,  0.547,  0.091,  0.233,  0.440,  0.053,  0.496
 30600,  0.571,  0.053,  0.214,  0.385,  0.036,  0.462
 30660,  0.565,  0.056,  0.208,  0.350,  0.022,  0.445
 30720,  0.558,  0.008,  0.180,  0.375,  0.025,  0.456
 30780,  0.605,  0.042,  0.158,  0.464,  0.020,  0.590
 30840,  0.652,  0.148,  0.203,  0.392,  0.023,  0.510
 30900,  0.667,  0.094,  0.199,  0.443,  0.067,  0.618
 30960, -9999.000, -9999.000, -9999.000, -9999.000, -9999.000, -9999.000
 31020,  0.599,  0.073,  0.145,  0.386,  0.011,  0.648
 31080,  0.642,  0.059,  0.204,  0.370,  0.012,  0.523
 31140,  0.569,  0.080,  0.178,  0.361,  0.023,  0.451
 31200,  0.630,  0.096,  0.209,  0.376, -0.002,  0.485
 31260,  0.668,  0.089,  0.185,  0.428,  0.038,  0.551
 31320,  0.591,  0.064,  0.193,  0.393,  0.037,  0.641
 31380,  0.609, -0.002,  0.190,  0.389,  0.020,  0.551
 31440,  0.537,  0.033,  0.148,  0.402,  0.045,  0.586
 31500,  0.589,  0.004,  0.212,  0.463,  0.045,  0.618
 31560,  0.503,  0.052,  0.145,  0.430,  0.042,  0.550
 31620,  0.532,  0.019,  0.221,  0.398,  0.048,  0.637
 31680,  0.574,  0.105,  0.193,  0.346,  0.052,  0.487
 31740,  0.598,  0.072,  0.186,  0.402,  0.018,  0.658
 31800,  0.531,  0.000,  0.205,  0.406,  0.035,  0.598
 31860,  0.639,  0.022,  0.189,  0.443,  0.041,  0.600
 31920,  0.622,  0.024,  0.174,  0.391,  0.065,  0.590
 31980,  0.483,  0.034,  0.187,  0.440,  0.046,  0.669
 32040,  0.549,  0.019,  0.198,  0.449,  0.025,  0.633
 32100,  0.421,  0.060,  0.168,  0.433,  0.029,  0.767
 32160,  0.501, -0.001,  0.218,  0.440,  0.053,  0.721
 32220,  0.475,  0.053,  0.241,  0.390,  0.012,  0.665
 32280,  0.478,  0.002,  0.213,  0.415,  0.047,  0.600
 32340,  0.511,  0.040,  0.202,  0.397,  0.023,  0.650
 32400,  0.483, -0.019,  0.186,  0.407,  0.054,  0.616
 32460,  0.482,  0.001,  0.257,  0.358,  0.061,  0.729
 32520,  0.448,  0.008,  0.143,  0.374,  0.046,  0.777
 32580,  0.431, -0.003,  0.183,  0.379,  0.041,  0.823
 32640,  0.413, -0.020,  0.206,  0.372,  0.027,  0.684
 32700,  0.465,  0.001,  0.176,  0.423,  0.067,  0.655
 32760,  0.406, -0.012,  0.219,  0.399,  0.058,  0.801
 32820, -9999.000, -9999.000, -9999.000, -9999.000, -9999.000, -9999.000
 32880,  0.350, -0.005,  0.179,  0.403,  0.074,  0.785
 32940,  0.430, -0.033,  0.171,  0.415,  0.078,  0.727
 33000,  0.297,  0.076,  0.187,  0.446,  0.060,  0.724
 33060,  0.509,  0.032,  0.230,  0.437,  0.064,  0.814
 33120,  0.441,  0.001,  0.223,  0.411,  0.054,  0.762
 33180,  0.420,  0.019,  0.236,  0.414,  0.060,  0.735
 33240,  0.436,  0.003,  0.184,  0.413,  0.085,  0.866
 33300,  0.485,  0.003,  0.218,  0.458,  0.055,  0.904
 33360,  0.586, -0.015,  0.254,  0.398,  0.047,  0.846
 33420,  0.568,  0.042,  0.240,  0.444,  0.061,  0.934
 33480,  0.463,  0.004,  0.210,  0.378,  0.060,  0.845
 33540,  0.575,  0.005,  0.251,  0.356,  0.075,  0.894
 33600,  0.530,  0.010,  0.302,  0.448,  0.089,  0.947
 33660,  0.524,  0.041,  0.268,  0.414,  0.103,  0.846
 33720,  0.545, -0.005,  0.280,  0.398,  0.077,  0.903
 33780,  0.611,  0.057,  0.231,  0.412,  0.061,  0.847
 33840,  0.569,  0.044,  0.281,  0.374,  0.052,  0.962
 33900,  0.572,  0.066,  0.219,  0.423,  0.067,  1.001
 33960,  0.515,  0.127,  0.222,  0.444,  0.102,  1.004
 34020,  0.601,  0.028,  0.297,  0.440,  0.065,  1.084
 34080,  0.548,  0.082,  0.258,  0.445,  0.050,  0.812
 34140,  0.677,  0.072,  0.315,  0.440,  0.094,  1.029
 34200,  0.594,  0.075,  0.270,  0.435,  0.049,  0.879
 34260,  0.598,  0.085,  0.259,  0.403,  0.083,  1.110
 34320,  0.587,  0.080,  0.239,  0.391,  0.090,  0.928
 34380,  0.695,  0.074,  0.280,  0.442,  0.085,  0.863
 34440,  0.668,  0.058,  0.326,  0.398,  0.104,  0.911
 34500,  0.733,  0.148,  0.254,  0.389,  0.081,  0.804
 34560,  0.664,  0.096,  0.282,  0.422,  0.085,  0.909
 34620,  0.645,  0.073,  0.330,  0.436,  0.060,  0.837
