CampaignData_and_Merges/R0/CSL_MobileLab_Parked/raw/20240814/USOS-HCHO_MobileLabGround_20240814_R0.ict
35,1001
Huang, Yaoxian
Wayne State University
Picarro G2307 on CSL Mobile Lab
USOS
1,1
2024,08,14,2024,08,15
1.0
Time_Start,seconds_since_midnight,number_of_seconds_since_0000_UTC
3
1.0,1.0,1.0
-9999.0,-9999.0,-9999.0
HCHO,ppbv,Gas_HCHO_InSitu_S_AVMR,volume mixing ratio of formaldehyde in air
H2O,ppmv,Gas_H2O_InSitu_S_AVMR,volume mixing ratio of water vapor in air
CH4,ppmv,Gas_CH4_InSitu_S_AVMR,volume mixing ratio of methane in air
0
18
PI_CONTACT_INFO: yaoxian.huang@wayne.edu
PLATFORM: CSL Mobile Lab, at Ground Site
LOCATION: Salt Lake City, UT
ASSOCIATED_DATA: N/A
INSTRUMENT_INFO: Cavity Ring-Down Spectrometer
DATA_INFO: Data is averaged to 1 minute intervals for stationary and 1 second interval for driving. Stationary data collected from a 20 ft tower on top of the mobile lab.
UNCERTAINTY: N/A
ULOD_FLAG: -7777
ULOD_VALUE: N/A
LLOD_FLAG: -8888
LLOD_VALUE: N/A
DM_CONTACT_INFO: Yaoxian Huang; yaoxian.huang@wayne.edu
PROJECT_INFO: USOS, Summer 2024. https://csl.noaa.gov/groups/csl7/measurements/2024usos/
STIPULATIONS_ON_USE: Users are strongly encouraged to contact the PI for proper data usage.
OTHER_COMMENTS: Data have been shifted backwards by 1 minute to align with USOS MetNav and Picarro GHG data.
REVISION: R0
R0: Final Data
Time_Start,HCHO,H2O,CH4
[from data line 1055]
63300,3.03573,16183.9,1.90685
63360,2.9759,15990.5,1.90435
63420,2.84398,16397.1,1.90579
63480,2.57064,16039.5,1.904
63540,2.80564,16194.1,1.9046
63600,2.66745,15979.4,1.90597
63660,2.9011,16253.9,1.90398
63720,2.76298,15690.5,1.90571
63780,2.98506,16207.9,1.90261
63840,3.00762,15602.1,1.90612
63900,2.64717,15479.3,1.90316
63960,2.79313,15953.2,1.89978
64020,2.75856,15647.7,1.90501
64080,2.84522,15684.3,1.90302
64140,2.95413,15525.4,1.9021
64200,2.62418,15085.1,1.90317
64260,2.7447,14982.8,1.90844
64320,2.92273,15157.3,1.9065
64380,2.71676,15012.8,1.90677
64440,2.71357,15297.2,1.90344
64500,2.84855,16087.9,1.9043
64560,2.89147,15690.0,1.90459
64620,2.62774,14986.2,1.90336
64680,2.69703,15262.6,1.90628
64740,2.87974,16138.4,1.90171
64800,3.09569,16317.9,1.90535
64860,3.1117,16099.3,1.9015
64920,2.73516,15411.0,1.90355
64980,2.90705,15361.0,1.90302
65040,2.84268,16385.3,1.89976
65100,2.9534,15777.8,1.90485
65160,3.17439,15784.2,1.9019
65220,3.05096,16145.0,1.90489
65280,2.8546,15365.8,1.90594
65340,3.44256,16544.6,1.9037
65400,2.89397,15545.1,1.90411
65460,3.21624,15791.5,1.90399
65520,3.32521,15727.3,1.90523
65580,3.16008,15920.3,1.90554
65640,3.03302,16119.6,1.90495
65700,3.22598,15551.3,1.9039
65760,3.23303,15268.2,1.90412
65820,3.0609,15221.9,1.90656
65880,3.04322,15477.7,1.90491
65940,3.06119,15122.0,1.90636
66000,3.08703,14987.1,1.90353
66060,3.10561,15631.0,1.9067
66120,3.14313,15961.6,1.90477
66180,3.19747,16903.0,1.90163
66240,3.401,16033.0,1.90357
66300,3.06457,15392.5,1.90257
66360,3.22124,15101.6,1.90475
66420,3.20893,14893.2,1.90296
66480,3.15418,15178.6,1.90453
66540,3.26534,15245.1,1.9054
66600,3.24681,14991.7,1.90453
66660,3.15974,15101.7,1.90432
66720,3.26487,15982.1,1.90192
66780,3.79578,15346.4,1.90316
66840,3.54728,15734.3,1.90322
66900,3.31282,15043.9,1.90533
66960,3.02207,14816.1,1.90565
67020,2.66104,15184.9,1.90251
67080,3.32856,15468.3,1.90375
67140,3.07863,14976.4,1.9056
67200,2.98779,14743.7,1.90226
67260,2.86569,14405.1,1.90625
67320,2.85838,14648.9,1.90522
67380,2.9171,14293.4,1.90234
67440,2.72939,14103.9,1.90225
67500,2.77388,14468.4,1.90535
67560,2.75161,14905.6,1.90358
67620,3.066,15261.5,1.90257
67680,3.17705,14763.5,1.90348
67740,2.91016,14131.5,1.90664
67800,2.73676,14415.7,1.90437
67860,2.91328,14582.6,1.90225
67920,2.81931,15133.9,1.90424
67980,2.74695,14481.9,1.90436
68040,2.98559,15351.1,1.903
68100,3.0307,14626.1,1.90493
68160,2.84622,14657.3,1.90422
68220,3.054,14264.2,1.90338
68280,2.74098,14400.4,1.90486
68340,2.57826,14236.8,1.90151
68400,2.25515,13951.3,1.90055
68460,2.14194,13595.6,1.90075
68520,2.26029,14017.7,1.90046
68580,2.20058,14445.6,1.90578
68640,2.55541,15145.7,1.92044
68700,2.88176,15504.3,1.92445
68760,2.82997,15870.3,1.93525
68820,3.05814,16195.8,1.94002
68880,3.32077,16596.7,1.9461
68940,3.47193,17071.7,1.95519
69000,3.4717,17101.6,1.95623
69060,3.48547,17468.7,1.95595
69120,3.61046,17755.9,1.9571
69180,3.6421,18263.1,1.95858
69240,3.74924,18971.3,1.95745
69300,3.56089,19411.6,1.95728
69360,3.58553,20193.7,1.9605
69420,3.62506,21004.6,1.95849
69480,3.59419,20838.3,1.95901
69540,3.43426,20725.0,1.95796
69600,3.55169,20974.8,1.95661
69660,3.43689,20660.8,1.95603
69720,3.42368,20536.2,1.95343
69780,3.02838,20524.9,1.95576
69840,2.15545,18084.7,1.93716
69900,1.81785,18504.2,1.93724
69960,1.80493,18555.3,1.93085
70020,1.60111,18063.2,1.92544
70080,1.4297,17573.9,1.92257
70140,1.14203,16930.5,1.91334
70200,1.19332,17857.5,1.91318
70260,1.63846,18383.0,1.91211
70320,1.77239,17908.2,1.9157
70380,1.95388,19209.0,1.92022
70440,2.00033,20092.2,1.9141
70500,1.33434,20575.4,1.91231
70560,1.45324,20178.7,1.91299
70620,1.29765,20361.0,1.90528
70680,1.33937,20325.6,1.90622
70740,1.55315,20443.6,1.90381
70800,1.49429,20957.1,1.90377
70860,1.33632,21199.0,1.90163
70920,1.48379,21662.6,1.90122
70980,1.50594,20765.4,1.90031
71040,1.39299,21538.6,1.89913
71100,1.49482,23446.7,1.89925
71160,1.77228,23764.3,1.90328
71220,1.89094,23288.6,1.90695
71280,1.83715,22977.3,1.90687
71340,1.80165,22349.8,1.90974
71400,1.67304,23323.0,1.90984
71460,2.06989,25385.8,1.90672
71520,2.3333,25103.4,1.9145
71580,2.32881,23249.7,1.91963
71640,2.11877,22116.0,1.92395
71700,2.16547,21899.2,1.92318
71760,2.21013,21919.4,1.92181
71820,2.34171,21741.1,1.92019
71880,2.53184,20899.6,1.9173
71940,2.07376,20656.6,1.91251
72000,1.70886,20693.5,1.90561
72060,1.84409,19995.9,1.90542
72120,1.82168,19589.1,1.90517
72180,1.74738,18772.0,1.90503
72240,1.834,19052.0,1.90537
72300,1.71507,18067.9,1.90394
72360,1.63424,18642.1,1.90325
72420,1.60763,18361.7,1.90361
72480,1.97017,18281.5,1.90564
72540,1.99458,18235.3,1.90466
72600,2.15135,18600.7,1.90465
72660,2.02978,19038.8,1.90115
72720,2.09407,18478.0,1.9049
72780,1.9904,18415.1,1.90882
72840,1.83457,18746.7,1.90629
72900,1.92552,18642.5,1.90398
72960,1.97863,19177.4,1.90262
73020,1.97752,17674.3,1.90948
73080,1.90331,17376.7,1.90813
73140,2.00776,18142.2,1.90503
73200,1.92213,17542.6,1.90461
73260,2.09444,17627.7,1.90455
73320,1.9046,18187.1,1.90436
73380,2.26786,17173.0,1.90508
73440,2.16042,17679.0,1.90416
73500,2.68108,18082.5,1.9031
73560,2.62296,17110.4,1.9071
73620,2.28876,16622.1,1.90781
73680,2.60554,18524.4,1.90194
73740,2.68731,17568.4,1.90286
73800,2.70595,17068.8,1.90702
73860,2.3702,15962.4,1.90678
73920,2.5118,15734.4,1.90562
73980,2.35353,15970.3,1.90681
74040,2.13217,15372.4,1.90942
74100,2.66514,16193.7,1.91044
74160,2.65683,16908.5,1.90842
74220,2.6316,16958.8,1.90569
74280,2.6532,16397.0,1.90807
74340,2.60856,16829.6,1.9079
74400,2.57162,17355.7,1.9067
74460,2.71707,16147.3,1.90932
74520,2.71491,15706.2,1.90758
74580,2.53858,16821.3,1.90454
74640,2.64809,14979.0,1.91107
74700,2.60005,15817.3,1.91084
74760,2.72329,16330.4,1.90838
74820,2.44157,15364.3,1.90923
74880,2.48889,15055.9,1.9093
74940,2.69478,15244.4,1.9113
75000,2.7993,14634.2,1.91271
75060,2.56377,14339.7,1.91146
75120,2.64488,14559.6,1.91451
75180,2.69669,15539.3,1.91435
75240,2.80868,14959.4,1.91267
75300,2.58437,14304.7,1.9127
75360,2.68098,14799.4,1.91541
75420,2.69533,14593.0,1.91521
75480,2.5347,14233.6,1.91352
75540,2.72212,14416.5,1.91199
75600,2.71048,14191.4,1.91472
75660,2.76045,13997.2,1.91376
75720,2.68839,14702.9,1.91357
75780,2.74013,14090.3,1.91285
75840,2.96369,14777.1,1.91427
75900,2.68819,14035.6,1.91704
75960,2.7009,13355.3,1.91666
76020,2.92686,14213.9,1.91331
76080,2.97546,14751.3,1.91369
76140,2.67608,13766.9,1.91793
76200,2.94483,14344.2,1.91509
76260,2.9483,13817.7,1.91849
76320,2.73998,14135.0,1.91286
76380,2.56228,13306.7,1.91526
76440,2.56934,13306.7,1.91495
76500,2.924,13907.2,1.91457
76560,3.06208,13618.8,1.91517
76620,2.90389,14130.4,1.91453
76680,2.85928,13645.6,1.9157
76740,2.94452,13985.6,1.91884
76800,2.66684,12519.6,1.91807
76860,2.55794,13251.3,1.91711
76920,2.70142,13963.5,1.91669
76980,2.7972,13285.3,1.91739
77040,2.64356,12494.2,1.91835
77100,2.57963,12713.4,1.91721
77160,2.35147,11516.0,1.91951
77220,2.81446,12233.0,1.91694
77280,2.69578,12827.5,1.91706
77340,2.55865,11965.6,1.92214
77400,2.64255,11779.6,1.91972
77460,2.35239,11498.7,1.91966
77520,2.06617,11076.8,1.91829
77580,2.21659,10938.5,1.92134
77640,1.9382,9908.58,1.92309
77700,1.68558,9671.37,1.92123
77760,1.43778,9260.19,1.91861
77820,1.62585,8936.37,1.92062
77880,1.26188,8963.68,1.9187
77940,1.60064,9441.14,1.91958
78000,1.62798,9363.38,1.9186
78060,1.45071,9136.62,1.919
78120,1.81905,9464.59,1.92248
78180,1.64391,9232.13,1.92222
78240,1.34393,10085.0,1.9148
78300,1.49748,9094.37,1.91781
78360,1.75149,9567.22,1.9236
78420,2.00102,9731.81,1.92322
78480,2.15239,9703.33,1.9249
78540,1.84959,9807.8,1.9258
78600,2.54601,10403.0,1.92566
78660,2.25904,10136.4,1.92432
78720,2.31831,10245.4,1.92354
78780,2.1911,10353.4,1.92528
78840,2.356,10302.5,1.92757
78900,2.11213,10242.4,1.92425
78960,2.42154,10524.4,1.92677
79020,2.32365,10378.5,1.92661
79080,2.41516,11162.9,1.92119
79140,2.71066,11692.4,1.92182
79200,2.57342,11452.9,1.92184
79260,2.57601,11034.6,1.92462
79320,2.52559,11131.3,1.92173
79380,2.61409,10897.3,1.92464
79440,2.6488,11066.2,1.92346
79500,2.39421,10895.8,1.92353
79560,2.6674,11280.6,1.9257
79620,2.53335,11263.5,1.9239
79680,2.47983,11442.4,1.92494
79740,2.3841,10335.9,1.92296
79800,2.27391,11132.7,1.92018
79860,2.30407,10852.4,1.92351
79920,2.42485,11204.6,1.92323
79980,2.09527,9824.89,1.92232
80040,2.19218,10185.2,1.92225
80100,2.0973,9775.26,1.92294
80160,2.24054,10646.9,1.9239
80220,2.21627,9920.97,1.9211
80280,1.90044,9741.26,1.92466
80340,2.39562,10089.4,1.92115
80400,2.10774,10094.7,1.92327
80460,2.22749,9712.77,1.92215
80520,2.05045,9736.89,1.92357
80580,2.40097,10125.1,1.921
80640,1.9648,10475.5,1.91975
80700,2.2322,11137.5,1.91889
80760,1.92199,10510.9,1.91829
80820,1.84201,9689.29,1.92068
80880,2.03141,10058.2,1.91913
80940,1.79011,10458.6,1.91705
81000,1.71095,9445.25,1.91877
81060,2.09043,10476.5,1.91935
81120,1.86814,9472.96,1.92009
81180,1.77962,9402.36,1.92101
81240,1.89517,9491.77,1.91803
81300,2.05701,9562.98,1.91786
81360,1.81234,10082.4,1.91913
81420,1.74545,9944.85,1.91652
81480,1.64324,9573.11,1.91648
81540,1.57535,10505.2,1.91479
81600,2.31487,10602.1,1.92217
81660,2.32452,11004.5,1.92115
81720,2.28867,10827.9,1.92878
81780,2.45754,11130.3,1.92706
81840,2.5143,11311.0,1.92345
81900,2.37592,11027.7,1.92411
81960,2.01181,10053.2,1.92062
82020,2.2324,10471.6,1.92354
82080,2.3988,11159.9,1.92375
82140,2.6129,11372.1,1.9249
82200,2.09069,10673.6,1.92523
82260,2.20489,10258.3,1.92641
82320,2.52418,10326.4,1.92416
82380,2.6144,11232.5,1.92576
82440,2.6948,11904.3,1.92418
82500,2.5589,10632.5,1.92826
82560,2.6081,10992.8,1.92683
82620,2.71232,11090.6,1.92954
82680,2.70474,11450.0,1.92773
82740,2.61725,11521.7,1.92809
82800,2.87095,11550.5,1.92742
82860,2.66489,10872.2,1.93105
82920,2.5976,10924.5,1.92845
82980,2.64655,10871.2,1.92747
83040,2.65173,11821.5,1.92775
83100,2.82525,11244.1,1.9271
83160,2.70179,11724.4,1.92606
83220,2.62026,11793.0,1.92803
83280,2.79352,11506.3,1.92651
83340,2.76698,11747.1,1.92941
83400,2.83727,11302.5,1.9285
83460,2.66711,11873.9,1.92393
83520,2.59317,10899.4,1.9279
83580,2.77157,11554.2,1.92566
83640,2.62208,11528.0,1.9263
83700,2.71734,11488.9,1.92534
83760,2.93363,12462.8,1.92404
83820,2.59224,12184.6,1.92565
83880,3.06954,11764.5,1.93115
83940,2.701,11459.0,1.93353
84000,3.07336,12698.4,1.93089
84060,2.92571,11652.4,1.92921
84120,2.91801,11295.2,1.93025
84180,2.97852,11561.9,1.93046
84240,2.49972,11523.8,1.92827
84300,2.95027,11535.2,1.92991
84360,3.11357,11644.2,1.93187
84420,2.71418,11080.1,1.92935
84480,3.00145,11307.3,1.93069
84540,2.92716,11568.8,1.93114
84600,2.93409,11551.2,1.93109
84660,2.77851,11391.5,1.92908
84720,2.95696,11604.3,1.92836
84780,2.83487,11706.6,1.92842
84840,2.47978,11673.8,1.92583
84900,3.01811,11639.5,1.92839
84960,2.78584,11428.7,1.92711
85020,2.53824,10860.6,1.92416
85080,2.48528,11086.6,1.92585
85140,2.46864,11162.8,1.92675
85200,2.84561,11325.1,1.92691
85260,2.58107,12336.5,1.92493
85320,2.5242,11166.5,1.92729
85380,2.1794,10507.0,1.93072
85440,2.25188,10583.7,1.92853
85500,2.46225,11074.0,1.92789
85560,2.49801,10711.5,1.92849
85620,2.39625,10526.7,1.92611
85680,2.44956,10636.0,1.92759
85740,2.64091,10642.4,1.92819
85800,2.43543,11112.3,1.92706
85860,2.60951,11216.8,1.92674
85920,2.63723,11413.2,1.92409
85980,2.58513,11538.2,1.92593
86040,2.87642,11432.1,1.92653
86100,2.51398,10664.8,1.92827
86160,2.78455,11974.9,1.92642
86220,2.64606,10923.1,1.92857
86280,2.51199,10948.8,1.92678
86340,-9999.0,-9999.0,-9999.0
