CampaignData_and_Merges/R0/CSL_MobileLab_Parked/raw/20240814/USOS-HCHO_MobileLabGround_20240814_R0.ict
35,1001
Huang, Yaoxian
Wayne State University
Picarro G2307 on CSL Mobile Lab
USOS
1,1
2024,08,14,2024,08,15
1.0
Time_Start,seconds_since_midnight,number_of_seconds_since_0000_UTC
3
1.0,1.0,1.0
-9999.0,-9999.0,-9999.0
HCHO,ppbv,Gas_HCHO_InSitu_S_AVMR,volume mixing ratio of formaldehyde in air
H2O,ppmv,Gas_H2O_InSitu_S_AVMR,volume mixing ratio of water vapor in air
CH4,ppmv,Gas_CH4_InSitu_S_AVMR,volume mixing ratio of methane in air
0
18
PI_CONTACT_INFO: yaoxian.huang@wayne.edu
PLATFORM: CSL Mobile Lab, at Ground Site
LOCATION: Salt Lake City, UT
ASSOCIATED_DATA: N/A
INSTRUMENT_INFO: Cavity Ring-Down Spectrometer
DATA_INFO: Data is averaged to 1 minute intervals for stationary and 1 second interval for driving. Stationary data collected from a 20 ft tower on top of the mobile lab.
UNCERTAINTY: N/A
ULOD_FLAG: -7777
ULOD_VALUE: N/A
LLOD_FLAG: -8888
LLOD_VALUE: N/A
DM_CONTACT_INFO: Yaoxian Huang; yaoxian.huang@wayne.edu
PROJECT_INFO: USOS, Summer 2024. https://csl.noaa.gov/groups/csl7/measurements/2024usos/
STIPULATIONS_ON_USE: Users are strongly encouraged to contact the PI for proper data usage.
OTHER_COMMENTS: Data have been shifted backwards by 1 minute to align with USOS MetNav and Picarro GHG data.
REVISION: R0
R0: Final Data
Time_Start,HCHO,H2O,CH4
[from data line 527]
31620,0.502311,14449.6,1.90055
31680,0.607756,14508.6,1.89982
31740,0.629788,14534.8,1.89893
31800,0.50784,14543.9,1.9012
31860,0.450876,14492.1,1.89939
31920,0.514403,14478.1,1.90082
31980,0.616504,14560.2,1.89892
32040,0.507412,14461.5,1.90081
32100,0.507292,14536.7,1.90346
32160,0.453406,14541.7,1.90122
32220,0.422336,14464.9,1.90083
32280,0.474107,14538.3,1.9004
32340,0.335737,14625.4,1.89937
32400,0.565373,14533.3,1.90063
32460,0.65331,14548.3,1.90092
32520,0.376818,14557.3,1.9025
32580,0.666661,14475.3,1.90072
32640,0.551379,14514.0,1.90205
32700,0.473205,14520.8,1.9006
32760,-0.469412,14550.8,1.90463
32820,0.455055,14572.8,1.90092
32880,0.472199,14521.5,1.90097
32940,0.376193,14593.8,1.90215
33000,0.521145,14551.0,1.90323
33060,0.43888,14594.6,1.90253
33120,0.264473,14575.8,1.90058
33180,0.506884,14605.5,1.90099
33240,0.485816,14649.9,1.90317
33300,0.586687,14659.1,1.90266
33360,0.299933,14579.7,1.9035
33420,0.546541,14630.9,1.90294
33480,0.597385,14600.4,1.90221
33540,0.548753,14633.0,1.90223
33600,0.730097,14558.8,1.90528
33660,0.264059,14574.0,1.90445
33720,0.56462,14578.3,1.90293
33780,0.550958,14552.7,1.90023
33840,0.748172,14521.2,1.90264
33900,0.474515,14549.3,1.90368
33960,0.421623,14522.9,1.90311
34020,0.611133,14526.1,1.9019
34080,0.454799,14617.6,1.90218
34140,0.530455,14510.6,1.9018
34200,0.659004,14563.8,1.90294
34260,0.44257,14603.1,1.9017
34320,0.520582,14632.7,1.90094
34380,0.330687,14538.3,1.90221
34440,0.598547,14554.5,1.90221
34500,0.537107,14521.3,1.90246
34560,0.417676,14553.3,1.90111
34620,0.699779,14543.9,1.90017
34680,0.660143,14521.9,1.89906
34740,0.454168,14612.7,1.90227
34800,0.460677,14521.8,1.9032
34860,0.493878,14555.0,1.90355
34920,0.637101,14512.7,1.8994
34980,0.44438,14568.4,1.90069
35040,0.457471,14574.0,1.89988
35100,0.359141,14524.6,1.8997
35160,0.438989,14637.5,1.90072
35220,0.161699,14638.8,1.90016
35280,0.542989,14614.1,1.90107
35340,0.570298,14628.9,1.90003
35400,0.482568,14601.9,1.90054
35460,0.32784,14636.6,1.90171
35520,0.685489,14600.3,1.90029
35580,0.47374,14580.3,1.90116
35640,0.571529,14689.2,1.89884
35700,0.50373,14645.0,1.90096
35760,0.625983,14589.3,1.90119
35820,0.428861,14627.2,1.89997
35880,0.46304,14665.0,1.90039
35940,0.62292,14719.3,1.89892
36000,0.150918,14643.4,1.90055
36060,0.357036,14580.1,1.90115
36120,0.474732,14546.5,1.90003
36180,0.380907,14503.5,1.90038
36240,0.574662,14472.2,1.90013
36300,0.339143,14489.3,1.89965
36360,0.484842,14504.9,1.90176
36420,0.420984,14511.2,1.90027
36480,0.516039,14399.9,1.89952
36540,0.288026,14326.9,1.90072
36600,0.462106,14500.8,1.901
36660,0.440136,14385.2,1.90219
36720,0.29087,14445.6,1.9022
36780,0.3514,14376.0,1.89896
36840,0.533215,14360.2,1.8997
36900,0.935924,14349.0,1.8997
36960,0.381744,14399.1,1.90095
37020,0.217097,14370.1,1.90097
37080,0.629339,14362.1,1.90141
37140,0.518825,14341.0,1.90222
37200,0.578991,14472.9,1.90407
37260,0.644096,14413.3,1.89779
37320,0.65165,14340.7,1.90147
37380,0.31844,14402.8,1.89918
37440,0.530157,14469.4,1.89936
37500,0.362761,14323.3,1.9018
37560,0.528354,14298.8,1.90101
37620,0.750378,14144.4,1.90176
37680,0.440574,14258.2,1.90209
37740,0.443573,14220.6,1.89866
37800,0.673965,14357.2,1.89948
37860,0.5046,14242.6,1.90055
37920,0.455939,14293.6,1.90135
37980,0.47082,14221.7,1.90204
38040,0.411014,14150.0,1.90243
38100,0.611228,14086.4,1.89946
38160,0.468967,13997.0,1.90164
38220,0.516373,14108.5,1.90134
38280,0.466052,14132.3,1.90018
38340,0.625845,14049.1,1.90288
38400,0.552088,14065.1,1.90068
38460,0.317056,14074.5,1.89941
38520,0.583344,14081.7,1.90168
38580,0.571699,14058.5,1.90181
38640,0.413039,14038.7,1.90102
38700,0.655129,14082.2,1.90192
38760,0.486518,14059.9,1.9014
38820,0.292482,14076.5,1.90029
38880,0.583029,14034.8,1.9015
38940,0.510033,13992.6,1.90235
39000,0.658432,13898.1,1.90158
39060,0.415386,13947.9,1.89974
39120,0.426794,13972.3,1.90139
39180,0.536687,13980.2,1.8992
39240,0.531168,13985.8,1.9
39300,0.387726,13891.0,1.89864
39360,0.452192,13919.7,1.90322
39420,0.430132,13989.3,1.90262
39480,0.439219,14030.3,1.90123
39540,0.587619,14006.9,1.90179
39600,0.512418,14000.5,1.90238
39660,0.459978,14021.8,1.90074
39720,0.448489,13967.7,1.89945
39780,0.394486,14045.4,1.89956
39840,0.621316,14062.4,1.90158
39900,0.441107,14011.8,1.89919
39960,0.352214,14038.9,1.90066
40020,0.421523,14053.1,1.90017
40080,0.473752,14045.0,1.90284
40140,0.339969,13990.6,1.9012
40200,0.39665,14033.0,1.90001
40260,0.551121,14101.1,1.90164
40320,0.524994,14098.8,1.90042
40380,0.661528,14062.2,1.89984
40440,0.651609,14085.2,1.90219
40500,0.568585,14130.9,1.90379
40560,0.698175,14105.6,1.90112
40620,0.467878,14148.2,1.9017
40680,0.464575,14125.8,1.9034
40740,0.457657,14106.8,1.90249
40800,0.490692,14077.0,1.90292
40860,0.346414,14089.8,1.90285
40920,0.566915,14118.6,1.90192
40980,0.487472,14072.6,1.90109
41040,0.344583,14053.5,1.90329
41100,0.725422,14105.1,1.90325
41160,0.786217,14096.1,1.9033
41220,0.309274,14093.9,1.90455
41280,0.713591,14127.3,1.9017
41340,0.309046,14061.0,1.90229
41400,0.625761,14088.7,1.90468
41460,0.393002,14125.7,1.903
41520,0.791758,14239.8,1.90196
41580,0.52006,14194.0,1.90225
41640,0.438973,14001.3,1.89966
41700,0.539934,13994.0,1.89883
41760,0.423237,14054.0,1.90117
41820,0.630594,14147.2,1.90328
41880,0.543986,14077.4,1.90382
41940,0.549997,14131.2,1.90135
42000,0.446118,14142.2,1.90271
42060,0.356322,14098.8,1.90076
42120,0.494222,14100.5,1.90357
42180,0.539664,14116.2,1.90142
42240,0.415058,14137.9,1.90113
42300,0.402731,14141.1,1.90166
42360,0.351387,14125.6,1.89847
42420,0.387377,14136.4,1.90156
42480,0.421087,14101.8,1.90169
42540,0.423515,14153.0,1.90353
42600,0.546769,14184.0,1.90554
42660,0.613086,14146.0,1.9044
42720,0.620031,14150.7,1.90569
42780,0.588042,14125.6,1.90433
42840,0.701909,14163.6,1.90195
42900,0.522458,14024.0,1.90215
42960,0.371103,13942.5,1.90368
43020,0.358053,14025.1,1.90335
43080,0.625332,14068.3,1.90223
43140,0.667185,14072.7,1.90429
43200,0.535236,14064.7,1.90085
43260,0.426121,14148.5,1.90234
43320,0.38374,14103.6,1.90032
43380,0.557333,13974.0,1.90001
43440,0.426605,13898.3,1.90056
43500,0.666301,13867.9,1.89815
43560,0.44313,13897.8,1.89908
43620,0.48411,14034.5,1.90176
43680,0.252349,14032.6,1.90067
43740,0.335868,14155.4,1.90058
43800,0.401606,14094.4,1.9005
43860,0.541849,14067.9,1.90051
43920,0.588791,14122.7,1.89835
43980,0.508182,14107.3,1.90072
44040,0.746831,14117.1,1.89998
44100,0.498788,14223.7,1.90104
44160,0.42291,14251.0,1.90141
44220,0.59053,14249.0,1.90112
44280,0.425528,14265.3,1.89819
44340,0.613752,14242.2,1.89999
44400,0.258181,14169.7,1.9022
44460,0.51538,14228.9,1.9018
44520,0.527915,14106.9,1.90094
44580,0.537367,14142.0,1.90073
44640,0.578421,14113.9,1.90254
44700,0.561667,14177.5,1.90129
44760,0.364077,14134.9,1.90268
44820,0.436941,14041.2,1.89853
44880,0.456334,14066.9,1.90021
44940,0.573372,14034.9,1.90039
45000,0.430649,14167.2,1.90018
45060,0.459047,14130.1,1.90073
45120,0.512627,14047.5,1.90001
45180,1.33809,14084.3,1.95656
45240,0.438035,14082.7,1.90103
45300,0.450256,14102.8,1.90068
45360,0.238802,14114.1,1.90023
45420,0.449485,14074.0,1.9034
45480,0.547376,14129.3,1.90064
45540,0.471602,14117.5,1.90217
45600,0.460278,14123.3,1.90046
45660,0.330426,14221.5,1.90179
45720,0.265957,14338.0,1.90163
45780,0.926819,14640.1,1.93253
45840,1.22059,14618.0,1.94073
45900,0.954256,14656.8,1.93872
45960,1.13704,14678.9,1.94929
46020,1.26159,14665.7,1.96144
46080,1.36248,14670.1,1.9757
46140,1.18293,14746.8,1.96796
46200,1.20908,14887.3,1.96646
46260,1.41004,14890.7,1.96737
46320,1.41382,14783.6,1.96303
46380,1.21626,14783.9,1.96339
46440,1.65792,14925.1,1.97934
46500,1.49314,14871.6,1.98059
46560,1.35608,14754.3,1.97289
46620,1.41627,14925.8,1.96878
46680,1.53038,15083.7,1.9654
46740,1.36166,14557.5,1.95476
46800,0.981504,14445.0,1.95042
46860,1.14402,14756.1,1.9585
46920,1.19993,14700.0,1.96421
46980,1.17178,14541.7,1.95809
47040,1.09656,14550.7,1.94986
47100,1.03033,14548.6,1.94711
47160,0.988142,14425.2,1.93881
47220,1.28369,14455.5,1.93493
47280,0.747536,14261.2,1.91901
47340,0.902508,14260.0,1.91521
47400,0.663297,14198.6,1.91096
47460,0.778769,14298.7,1.91241
47520,0.693089,14138.0,1.90846
47580,0.552458,14250.5,1.90584
47640,0.723206,14215.4,1.90554
47700,0.872931,14098.4,1.90528
47760,0.454878,14146.8,1.90477
47820,0.493496,14143.9,1.90359
47880,0.642039,14136.8,1.90306
47940,0.554141,14173.9,1.90007
48000,0.643283,14159.0,1.89704
48060,0.647546,14158.5,1.90108
48120,0.744479,14067.5,1.90178
48180,0.672263,14024.6,1.8999
48240,0.585343,14107.4,1.90238
48300,0.634921,14206.8,1.90318
48360,0.56673,14203.0,1.90145
48420,0.644249,14323.1,1.90106
48480,0.909176,14194.2,1.8968
48540,0.805043,14196.8,1.90045
48600,0.508577,14152.5,1.89966
48660,0.677472,14245.6,1.89898
48720,0.8491,14181.8,1.90206
48780,0.831982,14146.7,1.89896
48840,0.461517,14173.1,1.90114
48900,0.68548,14222.0,1.90378
48960,0.742929,14382.6,1.90178
49020,0.840501,14322.1,1.9024
49080,0.587109,14613.8,1.9022
49140,0.611777,14448.8,1.90526
49200,0.47615,14529.0,1.90587
49260,0.834392,14813.4,1.91087
49320,0.892897,14928.2,1.91904
49380,1.22715,15056.7,1.91891
49440,0.827661,14796.6,1.91207
49500,0.634427,14663.6,1.91053
49560,0.713064,14523.4,1.9064
49620,0.954335,14621.8,1.90782
49680,0.955418,14506.8,1.90868
49740,0.761513,14495.5,1.90863
49800,1.14179,14998.3,1.90791
49860,0.985391,14574.3,1.91312
49920,1.13055,14398.9,1.91206
49980,0.967601,14663.3,1.91551
50040,0.874629,14851.6,1.91772
50100,1.24617,14949.7,1.92133
50160,1.07218,15125.1,1.92789
50220,1.48192,15621.3,1.95262
50280,1.97176,16032.5,2.005
50340,1.97621,16155.3,2.01816
50400,2.27777,16382.8,2.04847
50460,2.38649,16378.7,2.07386
50520,2.4021,16383.6,2.06534
50580,2.4219,16749.7,2.0697
50640,2.63486,16497.1,2.08375
50700,2.85923,16292.5,2.08605
50760,2.75208,16318.8,2.08374
50820,2.70762,16771.8,2.08467
50880,2.77179,16668.2,2.08644
50940,2.65808,16442.3,2.08712
51000,3.26105,16447.0,2.08514
51060,3.29172,16374.0,2.08815
51120,2.72344,16630.9,2.08257
51180,2.60443,16394.5,2.07776
51240,2.62444,16182.9,2.0751
51300,2.54024,16225.8,2.06241
51360,3.17771,16012.2,2.06147
51420,2.74391,15829.5,2.04762
51480,2.46418,15899.5,2.04685
51540,2.29127,15444.6,2.00917
51600,1.97068,15335.7,1.98105
51660,1.09712,15038.3,1.93243
51720,1.51627,15107.2,1.93419
51780,1.18829,15031.6,1.90831
51840,0.968378,14862.7,1.90657
51900,1.07213,14793.1,1.90337
51960,1.03551,14655.2,1.90432
52020,0.928017,14588.1,1.90167
52080,1.23045,14752.3,1.90432
52140,1.39511,14870.0,1.90866
52200,1.29965,15078.0,1.91443
52260,1.24087,14965.8,1.91744
52320,1.55237,15084.6,1.91867
52380,1.35917,15082.2,1.92084
52440,1.31353,14978.4,1.91686
52500,1.15019,14896.4,1.90888
52560,1.1038,14744.3,1.90868
52620,1.35415,14860.2,1.90891
52680,1.56403,15077.0,1.91894
52740,1.53676,14965.2,1.927
52800,1.39795,14590.3,1.91754
52860,1.32918,14528.0,1.91416
52920,1.29573,14758.3,1.9151
52980,1.36206,14482.8,1.91531
53040,1.20848,14820.2,1.91564
53100,1.48667,15037.2,1.92064
53160,1.55594,14642.3,1.91308
53220,1.32743,14703.3,1.91146
53280,1.34865,14836.1,1.91424
53340,1.4565,14954.2,1.91651
53400,1.48412,14995.1,1.91623
53460,1.75347,14896.4,1.91675
53520,1.46215,14731.6,1.91655
53580,1.53537,14982.4,1.92025
53640,1.68493,15223.0,1.92116
53700,1.41875,15213.1,1.92053
53760,1.67279,15413.1,1.92143
53820,1.48419,14985.8,1.9179
53880,1.44173,14537.7,1.91159
53940,1.43149,13931.1,1.90409
54000,1.55939,14841.3,1.90862
54060,1.41883,14392.3,1.90654
54120,1.16351,14493.2,1.90228
54180,1.14869,14196.0,1.90185
54240,1.3419,14546.7,1.90482
54300,1.36177,14335.8,1.90026
54360,1.25404,14260.0,1.90144
54420,1.35686,14416.5,1.90262
54480,1.71081,14830.5,1.90509
54540,1.24179,15008.9,1.90039
54600,1.20782,15070.8,1.90195
54660,1.32057,15331.2,1.90006
54720,1.38872,15263.6,1.90117
54780,1.82054,15600.8,1.90277
54840,1.53245,15226.5,1.90515
54900,2.10587,15715.3,1.9068
54960,1.95328,15857.4,1.91256
55020,1.59948,15713.3,1.92141
55080,2.02271,15796.3,1.92359
55140,2.06886,15886.9,1.92359
55200,1.71055,15918.3,1.92084
55260,1.96772,15728.9,1.92443
55320,1.78392,15907.2,1.93039
55380,2.02955,15802.4,1.92698
55440,1.70578,14987.4,1.92058
55500,2.02804,15082.7,1.91678
55560,2.11513,15220.9,1.92856
55620,2.10356,15589.6,1.93138
55680,2.16224,15603.7,1.93721
55740,2.56742,15691.4,1.94108
55800,2.26551,16177.9,1.93811
55860,2.33984,16688.8,1.9373
55920,2.20205,16343.2,1.93342
55980,2.114,15761.3,1.93137
56040,2.52823,15952.2,1.92964
56100,2.40144,15730.0,1.92682
56160,2.01426,14875.6,1.92
56220,1.81299,15145.4,1.91609
56280,1.71065,15262.8,1.92
56340,1.99362,15199.8,1.92001
56400,2.07537,15141.9,1.91877
56460,1.97248,15194.4,1.92233
56520,2.21084,15449.8,1.92032
56580,2.04633,15582.6,1.92302
56640,2.44318,15602.5,1.92412
56700,2.26433,15176.6,1.92264
56760,2.07404,15153.6,1.92185
56820,2.08143,15348.8,1.92295
56880,2.12393,15780.8,1.92238
56940,1.9928,15829.4,1.92115
57000,2.0014,15403.9,1.91447
57060,2.20203,15859.7,1.91684
57120,2.20786,15505.5,1.91661
57180,2.21192,15570.7,1.91609
57240,2.38935,15643.0,1.91466
57300,2.29995,15386.5,1.9152
57360,2.16623,15678.3,1.91253
57420,2.18571,15532.5,1.91368
57480,2.15061,15317.9,1.90978
57540,2.21503,15380.2,1.91182
57600,2.07141,14811.0,1.90739
57660,2.25751,14965.8,1.90958
57720,2.27319,15012.9,1.9102
57780,2.03468,15230.0,1.9113
57840,2.23537,14929.9,1.90853
57900,2.22389,15488.1,1.90921
57960,2.27311,15352.1,1.9123
58020,2.45395,15127.6,1.91
58080,2.0787,14801.2,1.9134
58140,2.11898,14924.6,1.91282
58200,2.24018,15165.7,1.91245
58260,2.23417,14989.6,1.91201
58320,2.22003,15524.0,1.91411
58380,2.596,15509.8,1.91598
58440,2.62955,14866.4,1.91609
58500,2.56543,15100.7,1.91425
58560,2.12455,14782.0,1.91532
58620,2.39923,14720.2,1.92064
58680,2.41112,14914.1,1.91715
58740,2.32964,15113.3,1.91922
58800,2.48922,15759.3,1.91762
58860,2.49174,15355.8,1.91678
58920,2.53783,15464.4,1.91638
58980,2.45757,15571.8,1.91331
59040,2.28408,15265.7,1.91569
59100,2.11409,14876.2,1.91616
59160,2.54325,15319.8,1.9141
59220,2.59805,15136.4,1.91636
59280,2.59317,14927.5,1.91255
59340,2.2556,14731.4,1.91353
59400,2.13072,14804.9,1.91203
59460,2.45527,14897.0,1.91563
59520,2.58937,15341.0,1.91521
59580,2.311,15427.7,1.91107
59640,2.60729,15307.2,1.91317
59700,2.2713,14932.4,1.91361
59760,2.54652,15323.2,1.91087
59820,2.46864,14939.2,1.91439
59880,2.3949,14877.5,1.91147
59940,2.53251,15412.4,1.91261
60000,2.59389,15621.8,1.91011
60060,2.59203,15027.3,1.91475
60120,2.51811,15160.0,1.9141
60180,2.27014,14996.4,1.91287
60240,2.75545,15466.1,1.9129
60300,2.4592,15201.4,1.91171
60360,2.34734,15783.8,1.91049
60420,2.48895,15348.7,1.90983
60480,2.54441,14842.1,1.91419
60540,2.66369,15522.5,1.9114
60600,2.39705,15071.8,1.90968
60660,2.31267,14596.9,1.91416
60720,2.67255,15190.7,1.91094
60780,2.57796,14970.4,1.91308
60840,2.69955,14996.8,1.91312
60900,2.69023,16134.0,1.91052
60960,2.7939,14718.2,1.91743
61020,2.63443,14930.3,1.91342
61080,2.59313,14909.8,1.91371
61140,2.50321,15006.5,1.91162
61200,2.58317,14975.0,1.91332
61260,2.68416,14769.7,1.91577
61320,2.71765,16246.4,1.91215
61380,2.61243,14978.6,1.91331
61440,2.97863,15014.4,1.9156
61500,3.07267,15406.1,1.91055
61560,2.78051,15346.5,1.90796
61620,2.67814,15319.6,1.9108
61680,2.78773,15413.1,1.91096
61740,2.4601,15817.9,1.90547
61800,2.62609,15414.8,1.90795
61860,2.63287,15133.7,1.90762
61920,2.66705,15210.3,1.90987
61980,2.55694,15174.2,1.90841
62040,2.61866,14951.6,1.90773
62100,2.6966,15375.3,1.90599
62160,2.56436,15372.9,1.90239
62220,2.63914,15203.0,1.90579
62280,2.43052,15339.2,1.90564
62340,2.45298,15767.8,1.90441
62400,2.49977,15552.2,1.90881
62460,2.61044,15723.7,1.90662
62520,2.5423,15758.2,1.90561
62580,2.44763,15041.8,1.90562
62640,2.57779,14861.9,1.90392
62700,2.70905,14822.9,1.90686
62760,2.64594,14888.3,1.9091
62820,2.60286,15401.9,1.90485
62880,2.69648,15844.0,1.9054
62940,2.67307,15531.2,1.90766
63000,2.61707,16051.3,1.91515
63060,2.91884,16044.9,1.90893
63120,2.59162,15643.4,1.90722
63180,2.82219,16031.6,1.90559
