CampaignData_and_Merges/R0/CSL_MobileLab_Parked/raw/20240814/USOS-NOAAIodideCIMS-OrgNitrs_MobileLabGround_20240814_RA.ict
37, 1001
Michael A Robinson, Chris Jernigan, Subi Thakali
NOAA ESRL Chemical Sciences Laboratory and CIRES, U. of Colorado
NOAA Iodide CIMS Instrument
USOS
1, 1
2024, 08, 14, 2024, 08, 15
1
starttime_UTC, seconds_past_midnight, seconds_of_day_since_00:00:00_UTC
5
1, 1, 1, 1, 1
-9999, -9999, -9999, -9999, -9999
C4H7NO5_NOAACIMS, pptv, Gas_C4H7NO5_InSitu_S_AVMR, 
ISOPN_NOAACIMS, pptv, Gas_ISOPN_InSitu_S_AVMR, 
C5H10O3_NOAACIMS, pptv, Gas_C5H10O3_InSitu_S_AVMR, 
C5H9NO5_NOAACIMS, pptv, Gas_C5H9NO5_InSitu_S_AVMR, 
C10H17NO4_NOAACIMS, pptv, Gas_C10H17NO4_InSitu_S_AVMR, 
0
18
PI_CONTACT_INFO: 325 Broadway, R/CSD 7, Boulder, Colorado 80305; michael.a.robinson@noaa.gov; chris.jernigan@noaa.gov;
PLATFORM: NOAA CSL Mobile Lab
LOCATION: SLC, Utah
ASSOCIATED_DATA: 1Hz data also available on request.
INSTRUMENT_INFO: NOAA I- ToF CIMS
DATA_INFO: All data in parts per trillion by volume (pptv). 1 Hz data is available upon request.
UNCERTAINTY: TBD
ULOD_FLAG: -7777
ULOD_VALUE: N/A
LLOD_FLAG: -8888
LLOD_VALUE: N/A
DM_CONTACT_INFO: Nathan Howard; nathan.h.howard@noaa.gov
PROJECT_INFO: USOS, summer 2024. https://csl.noaa.gov/groups/csl7/measurements/2024usos/
STIPULATIONS_ON_USE: Users are strongly encouraged to contact the PI for proper data usage.
OTHER_COMMENTS: 
REVISION: RA
RA: Preliminary Data; For in-field use only
starttime_UTC, C4H7NO5_NOAACIMS, ISOPN_NOAACIMS, C5H10O3_NOAACIMS, C5H9NO5_NOAACIMS, C10H17NO4_NOAACIMS
[from data line 1010]
 60600,  6.742, 13.214,  7.948,  4.094,  1.341
 60660,  6.993, 13.494,  8.301,  4.335,  1.353
 60720,  6.965, 13.193,  9.281,  4.467,  1.496
 60780,  7.004, 13.512,  8.712,  4.334,  1.434
 60840,  6.939, 12.606,  9.244,  4.496,  1.419
 60900,  6.684, 13.002,  9.174,  4.239,  1.540
 60960,  6.920, 12.621,  8.876,  4.490,  1.426
 61020,  7.314, 13.633,  9.040,  4.664,  1.485
 61080,  7.495, 14.186,  9.327,  4.520,  1.434
 61140,  7.593, 14.563,  9.734,  4.746,  1.377
 61200,  7.607, 14.099,  9.862,  4.662,  1.449
 61260,  7.691, 13.774,  8.949,  4.666,  1.350
 61320,  7.612, 13.523, 10.226,  4.863,  1.528
 61380,  7.554, 13.578,  9.874,  4.748,  1.497
 61440,  7.451, 13.390,  9.853,  4.827,  1.520
 61500,  7.273, 11.894,  9.587,  4.714,  1.458
 61560,  7.380, 12.633,  9.292,  4.771,  1.394
 61620,  7.450, 12.501,  9.273,  4.754,  1.316
 61680,  7.512, 12.055,  8.890,  4.709,  1.320
 61740,  7.529, 12.538,  9.787,  4.602,  1.517
 61800,  7.685, 12.319,  8.917,  4.424,  1.275
 61860,  7.639, 11.719,  9.044,  4.615,  1.232
 61920,  7.649, 11.286,  8.948,  4.476,  1.274
 61980,  7.698, 11.880,  9.060,  4.611,  1.206
 62040,  7.817, 11.423,  8.903,  4.585,  1.141
 62100,  7.641, 10.969,  9.192,  4.704,  1.270
 62160,  7.442, 11.056,  9.355,  4.542,  1.241
 62220,  7.432, 10.311,  8.855,  4.412,  1.158
 62280, -9999.000, -9999.000, -9999.000, -9999.000, -9999.000
 62340,  7.178, 10.865,  9.262,  4.429,  1.092
 62400,  7.259, 10.731,  9.312,  4.399,  1.069
 62460,  7.331, 10.347,  9.693,  4.528,  1.095
 62520,  7.218, 10.268,  9.021,  4.329,  1.049
 62580,  7.400,  9.860,  9.006,  4.287,  1.011
 62640,  7.543, 10.420,  8.404,  4.688,  0.966
 62700,  7.811, 10.628,  8.612,  4.660,  1.134
 62760,  7.997, 10.780,  8.699,  4.852,  1.083
 62820,  8.140, 10.742,  9.227,  5.111,  1.061
 62880,  7.800, 11.241,  9.935,  5.111,  1.098
 62940,  7.977, 12.372,  9.376,  5.158,  1.086
 63000,  7.895, 13.460,  9.949,  5.058,  1.239
 63060,  7.768, 11.217,  9.404,  4.886,  1.140
 63120,  7.856, 11.187,  9.196,  4.755,  1.035
 63180,  7.850, 11.005,  8.627,  4.600,  1.105
 63240,  8.202, 11.283,  8.522,  4.900,  1.046
 63300,  7.962, 11.263,  9.471,  4.897,  1.005
 63360,  8.278, 11.349,  9.047,  4.774,  1.024
 63420,  8.197, 10.597,  9.257,  4.736,  1.041
 63480,  8.420, 10.858,  8.461,  4.734,  0.983
 63540,  8.626, 10.845,  9.706,  4.921,  1.069
 63600,  8.561, 10.398,  8.369,  4.819,  1.000
 63660,  8.506, 10.671,  9.598,  4.778,  1.042
 63720,  8.497, 10.399,  8.542,  4.937,  1.010
 63780,  8.174, 10.217,  8.572,  4.683,  1.020
 63840,  8.515, 10.050,  7.599,  4.754,  0.955
 63900,  8.717,  9.673,  8.080,  4.821,  0.855
 63960,  8.678,  9.570,  7.948,  4.688,  0.868
 64020,  9.088,  9.757,  7.926,  4.839,  0.886
 64080,  9.105,  9.915,  8.685,  4.773,  0.895
 64140,  8.838,  8.709,  6.894,  3.980,  0.555
 64200,  9.279,  8.983,  7.001,  4.995,  0.654
 64260,  9.561, 10.012,  7.452,  5.022,  0.750
 64320,  9.530, 10.452,  7.776,  5.033,  0.812
 64380,  9.724, 10.728,  7.970,  5.167,  0.827
 64440,  9.592, 10.019,  8.787,  5.415,  0.842
 64500,  9.498,  9.925,  9.440,  5.166,  0.799
 64560,  9.626,  9.769,  8.336,  5.122,  0.778
 64620,  9.908,  9.955,  8.951,  5.354,  0.849
 64680, 10.063, 10.150,  9.047,  5.288,  0.739
 64740,  9.909, 10.115, 10.484,  5.555,  0.802
 64800,  9.663,  9.786,  9.595,  5.260,  0.781
 64860,  9.852, 10.145, 10.080,  5.417,  0.827
 64920,  9.890,  9.904,  8.772,  5.373,  0.844
 64980,  9.751, 10.108,  9.336,  5.548,  0.840
 65040,  9.729, 10.418, 10.027,  5.686,  0.826
 65100, 10.005,  9.942,  9.021,  5.290,  0.819
 65160, 10.014,  9.602,  9.629,  5.591,  0.818
 65220,  9.876,  9.608,  9.306,  5.435,  0.811
 65280,  9.998,  9.799,  9.367,  5.596,  0.782
 65340,  9.606,  9.511,  9.850,  5.419,  0.844
 65400, 10.166,  9.131,  9.271,  5.512,  0.778
 65460, 10.114,  9.393,  8.570,  5.622,  0.775
 65520, 10.312,  9.352,  9.059,  5.546,  0.767
 65580, 10.087,  9.345,  9.262,  5.703,  0.843
 65640, 10.170,  9.859,  9.242,  5.848,  0.760
 65700, 10.391, 10.012,  8.801,  5.683,  0.828
 65760, 10.615, 10.040,  7.730,  5.747,  0.750
 65820, 10.837, 10.059,  9.286,  5.921,  0.774
 65880, 10.941, 10.365,  9.136,  6.282,  0.792
 65940, 10.963, 10.302,  8.604,  6.297,  0.919
 66000, 10.906,  7.369,  7.447,  5.681,  0.917
 66060, 10.805,  9.819,  8.877,  6.087,  0.748
 66120, 10.672, 10.044,  9.128,  6.079,  0.718
 66180, 10.634,  9.955, 10.185,  6.141,  0.808
 66240, 10.652,  9.277,  8.667,  5.838,  0.648
 66300, 10.720,  9.648,  8.532,  6.009,  0.670
 66360, 10.973,  8.860,  8.956,  5.883,  0.718
 66420, 10.843,  8.056,  7.341,  5.717,  0.631
 66480, 10.864,  7.717,  8.137,  5.920,  0.669
 66540, 10.825,  8.252,  8.652,  5.965,  0.722
 66600, 11.238,  9.196,  7.714,  5.964,  0.694
 66660, 11.584,  9.429,  9.060,  6.282,  0.757
 66720, 11.413,  9.658,  8.719,  6.192,  0.681
 66780, 11.362,  9.576,  9.134,  6.437,  0.831
 66840, 11.510,  9.173,  8.158,  6.251,  0.709
 66900, 11.591,  9.644,  8.448,  6.354,  0.650
 66960, 11.539,  9.225,  7.310,  6.110,  0.602
 67020, 11.249,  8.515,  9.257,  6.157,  0.788
 67080, 10.959,  8.815,  8.323,  5.800,  0.602
 67140, 10.846,  8.017,  8.287,  5.751,  0.642
 67200, 10.945,  8.185,  8.711,  5.608,  0.595
 67260, 11.127,  7.940,  7.612,  5.749,  0.629
 67320, 10.841,  8.180,  8.552,  5.770,  0.669
 67380, 10.558,  7.865,  7.836,  5.425,  0.524
 67440, 10.743,  7.982,  8.687,  5.687,  0.525
 67500, 10.677,  8.264,  8.697,  5.528,  0.664
 67560, 10.546,  7.888,  9.481,  5.682,  0.575
 67620, 10.231,  7.638,  9.914,  5.410,  0.614
 67680, 10.330,  8.107,  8.582,  5.372,  0.564
 67740, 10.518,  7.282,  8.061,  5.350,  0.530
 67800, 10.489,  8.133,  9.986,  5.348,  0.475
 67860,  9.899,  7.180,  8.320,  4.985,  0.476
 67920, 10.118,  7.305,  8.395,  5.194,  0.531
 67980, 10.403,  7.636,  7.807,  5.239,  0.576
 68040,  9.899,  7.739,  9.203,  5.401,  0.514
 68100, 10.438,  7.451,  7.525,  5.272,  0.507
 68160,  9.888,  7.967,  8.407,  5.250,  0.567
 68220, 10.277,  7.585,  7.591,  5.316,  0.456
 68280,  8.934,  7.000,  7.524,  4.838,  0.441
 68340,  7.801,  6.282,  7.090,  4.652,  0.475
 68400,  6.218,  5.721,  6.166,  3.950,  0.364
 68460,  5.451,  4.590,  5.739,  3.526,  0.181
 68520,  5.389,  5.116,  5.681,  3.582,  0.318
 68580,  5.799,  5.498,  5.794,  3.684,  0.313
 68640,  6.118,  6.530,  7.090,  4.321,  0.354
 68700,  6.652,  7.032,  7.693,  4.498,  0.439
 68760,  7.025,  7.873,  8.238,  4.867,  0.549
 68820,  7.418,  8.476,  7.700,  5.189,  0.403
 68880,  8.435, 11.183,  8.402,  5.550,  0.490
 68940,  9.248, 12.692,  8.736,  5.963,  0.589
 69000,  9.584, 13.539,  9.618,  6.308,  0.474
 69060,  9.549, 13.145, 10.296,  6.407,  0.587
 69120,  9.670, 13.490, 11.450,  6.624,  0.632
 69180, 10.251, 14.396, 12.697,  7.006,  0.676
 69240, 10.385, 14.597, 14.515,  7.381,  0.702
 69300, 10.334, 14.726, 17.215,  7.468,  0.759
 69360, 10.032, 13.792, 20.297,  7.564,  0.858
 69420,  9.359, 12.808, 20.804,  7.296,  0.976
 69480,  9.305, 13.187, 18.175,  6.879,  0.759
 69540,  9.056, 12.938, 16.013,  6.639,  0.767
 69600,  8.792, 12.960, 15.269,  6.170,  0.873
 69660, -9999.000, -9999.000, -9999.000, -9999.000, -9999.000
 69720,  8.463, 11.911, 10.286,  5.874,  0.716
 69780,  8.308, 10.047, 10.276,  5.476,  0.659
 69840,  6.277,  6.874,  8.494,  4.426,  0.513
 69900,  5.374,  6.181,  7.829,  3.964,  0.333
 69960,  4.561,  5.453,  6.735,  3.455,  0.373
 70020,  4.033,  4.745,  6.243,  3.025,  0.251
 70080,  3.378,  3.846,  5.947,  2.549,  0.176
 70140,  3.076,  3.625,  4.580,  2.346,  0.180
 70200,  2.690,  3.619,  4.062,  2.171, -0.021
 70260,  2.877,  3.366,  3.753,  2.047,  0.194
 70320,  2.746,  3.855,  4.004,  2.133,  0.187
 70380,  2.657,  3.967,  3.080,  1.945,  0.270
 70440,  2.660,  3.998,  2.661,  1.995,  0.260
 70500,  2.782,  3.957,  3.376,  1.929,  0.320
 70560,  2.519,  4.043,  3.156,  1.775,  0.336
 70620,  2.437,  3.887,  2.512,  1.747,  0.187
 70680,  2.457,  3.887,  2.324,  1.724,  0.213
 70740,  2.707,  4.214,  2.903,  1.888,  0.355
 70800,  2.958,  3.710,  3.155,  1.876,  0.273
 70860,  2.810,  4.254,  3.436,  1.911,  0.227
 70920,  2.886,  4.478,  3.279,  1.924,  0.301
 70980,  3.616,  4.414,  4.125,  2.317,  0.433
 71040,  3.802,  4.510,  3.598,  2.431,  0.424
 71100,  3.639,  4.844,  4.686,  2.522,  0.433
 71160,  3.996,  5.461,  5.756,  2.694,  0.673
 71220,  4.870,  6.133,  7.014,  3.076,  0.836
 71280,  5.037,  6.325,  8.116,  3.423,  0.741
 71340,  5.450,  6.907,  8.803,  3.632,  0.789
 71400,  5.609,  7.497,  9.222,  3.901,  0.802
 71460,  5.764,  6.987, 10.123,  3.845,  0.788
 71520, -9999.000, -9999.000, -9999.000, -9999.000, -9999.000
 71580,  6.778,  8.471, 12.284,  4.427,  1.012
 71640,  7.253,  8.645, 13.859,  4.822,  1.020
 71700,  7.510,  8.875, 13.176,  5.179,  1.091
 71760,  7.620,  8.881, 13.938,  5.385,  1.153
 71820,  7.547,  9.408, 14.470,  5.140,  1.119
 71880,  7.509,  9.132, 13.945,  5.265,  1.080
 71940,  6.950,  9.194, 14.512,  4.993,  1.020
 72000,  6.826,  8.696, 14.056,  4.809,  0.930
 72060,  6.411,  8.926, 13.860,  4.646,  0.813
 72120,  6.522,  9.304, 13.452,  4.868,  0.813
 72180,  6.442,  9.366, 13.803,  4.769,  0.883
 72240,  6.508,  9.608, 13.791,  4.833,  0.812
 72300,  6.391,  9.403, 12.661,  4.705,  0.698
 72360,  7.490,  9.996, 13.999,  5.265,  0.796
 72420,  6.595, 10.128, 13.381,  4.736,  0.727
 72480,  7.276, 10.432, 14.539,  5.053,  0.745
 72540,  7.404, 11.087, 14.473,  5.209,  0.832
 72600,  7.320, 11.496, 14.042,  5.043,  0.745
 72660,  7.312, 12.212, 15.431,  4.974,  0.859
 72720,  7.052, 12.939, 15.889,  5.076,  0.919
 72780,  6.984, 13.147, 15.466,  5.016,  0.851
 72840,  6.791, 13.819, 16.017,  4.954,  0.795
 72900,  7.086, 13.855, 16.704,  5.124,  0.848
 72960,  6.460, 14.769, 15.977,  4.847,  0.898
 73020,  6.217, 14.393, 15.455,  4.668,  0.833
 73080,  6.433, 15.469, 15.313,  4.781,  0.832
 73140,  6.765, 15.850, 15.554,  5.062,  0.838
 73200,  6.495, 16.667, 15.738,  4.786,  0.864
 73260,  6.975, 17.443, 16.131,  5.141,  0.811
 73320,  7.037, 18.740, 15.919,  5.134,  0.870
 73380, -9999.000, -9999.000, -9999.000, -9999.000, -9999.000
 73440,  6.797, 19.641, 14.564,  4.976,  0.864
 73500,  7.148, 20.789, 16.167,  5.293,  0.920
 73560,  6.944, 24.989, 15.882,  4.999,  0.869
 73620,  7.685, 26.178, 16.307,  5.398,  0.904
 73680,  8.234, 29.504, 19.834,  5.616,  1.086
 73740,  8.355, 32.447, 19.824,  5.471,  1.164
 73800,  7.176, 28.756, 17.066,  4.857,  0.933
 73860,  7.356, 28.212, 16.857,  4.788,  0.805
 73920,  6.858, 26.435, 15.884,  4.418,  0.728
 73980,  6.776, 26.905, 15.685,  4.468,  0.712
 74040,  7.241, 27.469, 15.070,  4.798,  0.724
 74100,  7.463, 29.306, 17.882,  4.925,  0.744
 74160,  7.868, 31.384, 21.070,  5.375,  0.926
 74220,  7.673, 31.214, 20.459,  4.986,  0.795
 74280,  8.002, 30.908, 20.462,  5.116,  0.700
 74340,  8.095, 31.833, 21.931,  5.303,  0.811
 74400,  8.302, 32.526, 23.179,  5.230,  0.820
 74460,  7.903, 32.599, 21.145,  4.665,  0.818
 74520,  8.196, 33.253, 21.064,  4.918,  0.724
 74580,  8.029, 34.281, 23.863,  5.044,  0.641
 74640,  8.107, 35.185, 20.948,  4.631,  0.592
 74700,  8.775, 36.959, 23.575,  5.459,  0.641
 74760,  8.513, 36.668, 24.589,  5.183,  0.679
 74820,  8.333, 36.793, 23.273,  4.924,  0.706
 74880,  8.643, 36.693, 22.779,  4.809,  0.697
 74940,  8.190, 34.042, 22.132,  4.821,  0.697
 75000,  8.440, 32.613, 21.430,  4.804,  0.656
 75060,  8.507, 33.561, 21.390,  4.864,  0.617
 75120,  8.472, 33.510, 21.056,  4.862,  0.639
 75180,  9.252, 35.486, 24.642,  5.454,  0.742
 75240,  7.874, 32.498, 19.956,  4.657,  0.494
 75300,  8.078, 30.954, 20.380,  4.594,  0.573
 75360,  8.778, 31.551, 22.404,  5.143,  0.544
 75420,  8.223, 30.639, 21.278,  4.790,  0.540
 75480,  8.351, 30.802, 20.620,  4.926,  0.591
 75540,  8.599, 30.878, 21.841,  5.050,  0.591
 75600,  8.480, 29.915, 21.534,  4.774,  0.582
 75660,  8.509, 31.588, 22.834,  4.934,  0.565
 75720,  8.560, 31.796, 24.579,  5.116,  0.622
 75780,  8.449, 32.261, 22.910,  4.827,  0.571
 75840,  9.080, 32.648, 25.984,  5.443,  0.638
 75900,  8.323, 31.470, 22.989,  4.809,  0.576
 75960,  8.844, 31.310, 22.168,  4.942,  0.502
 76020,  9.282, 32.988, 25.925,  5.290,  0.552
 76080,  8.851, 33.070, 26.051,  5.050,  0.555
 76140,  9.403, 33.074, 26.060,  5.186,  0.611
 76200,  9.250, 34.083, 25.128,  4.959,  0.558
 76260,  9.602, 33.596, 25.759,  5.112,  0.583
 76320,  9.226, 32.703, 25.931,  5.231,  0.489
 76380,  9.347, 31.128, 23.885,  5.004,  0.511
 76440,  9.678, 32.823, 25.889,  5.222,  0.420
 76500,  9.885, 33.611, 27.114,  5.341,  0.513
 76560, 10.045, 33.045, 28.256,  5.311,  0.434
 76620, 10.157, 32.613, 28.387,  5.227,  0.449
 76680, 10.346, 32.624, 27.364,  5.420,  0.544
 76740, 10.321, 28.402, 27.213,  5.306,  0.455
 76800,  9.763, 23.494, 21.045,  4.921,  0.387
 76860, 10.332, 22.525, 24.639,  5.563,  0.381
 76920, 10.433, 26.275, 25.504,  5.532,  0.472
 76980,  9.952, 23.947, 23.121,  5.210,  0.354
 77040, -9999.000, -9999.000, -9999.000, -9999.000, -9999.000
 77100,  6.252, 13.332, 12.572,  3.593,  0.150
 77160,  7.963, 17.344, 16.025,  4.454,  0.188
 77220,  9.399, 19.779, 19.050,  4.982,  0.264
 77280,  9.453, 20.681, 19.058,  5.024,  0.333
 77340,  8.910, 18.744, 17.887,  4.777,  0.286
 77400,  9.291, 19.275, 18.298,  4.679,  0.300
 77460,  9.256, 17.559, 16.877,  4.737,  0.325
 77520,  8.283, 13.590, 16.056,  4.491,  0.145
 77580,  7.235, 11.462, 12.725,  4.073,  0.073
 77640,  6.056,  7.131, 10.266,  3.761,  0.098
 77700,  4.744,  4.865,  7.940,  3.106,  0.106
 77760,  4.268,  4.130,  8.079,  3.039, -0.041
 77820,  3.713,  2.885,  5.037,  2.703,  0.014
 77880,  4.565,  3.921,  6.386,  3.019,  0.053
 77940,  4.463,  4.338,  7.280,  2.977,  0.083
 78000,  4.106,  3.514,  5.868,  2.837,  0.077
 78060,  4.351,  3.808,  6.767,  2.742,  0.085
 78120,  4.517,  3.876,  6.588,  3.072,  0.079
 78180,  4.081,  3.442,  7.054,  2.781,  0.140
 78240,  3.254,  3.018,  6.835,  2.557,  0.135
 78300,  3.555,  3.463,  6.169,  2.598,  0.068
 78360,  5.614,  4.249,  7.368,  3.187,  0.117
 78420,  6.158,  4.661,  7.899,  3.588,  0.131
 78480,  6.389,  4.524,  7.629,  3.797,  0.144
 78540,  7.645,  5.829,  8.784,  4.085,  0.223
 78600,  7.665,  6.092, 11.007,  4.576,  0.227
 78660,  7.780,  6.121, 10.603,  4.374,  0.203
 78720,  7.822,  5.979, 10.869,  4.575,  0.300
 78780,  8.041,  6.501, 12.402,  4.456,  0.218
 78840,  8.501,  7.099, 11.329,  4.641,  0.260
 78900,  9.376,  5.611, 10.262,  3.471,  0.389
 78960,  7.949,  6.609, 10.811,  4.447,  0.185
 79020,  8.399,  7.537, 13.251,  4.875,  0.289
 79080,  8.193,  6.550, 13.897,  4.851, -0.006
 79140,  8.639,  7.150, 15.039,  5.094,  0.136
 79200,  8.750,  7.477, 14.185,  4.766,  0.253
 79260,  9.009,  7.525, 15.198,  4.890,  0.304
 79320,  8.835,  6.973, 13.754,  4.793,  0.264
 79380,  8.879,  7.173, 14.392,  5.061,  0.262
 79440,  8.654,  6.878, 14.305,  4.760,  0.180
 79500,  8.761,  6.817, 13.716,  4.944,  0.218
 79560,  8.619,  6.493, 13.990,  4.990,  0.194
 79620,  8.464,  6.390, 14.506,  4.893,  0.183
 79680,  7.718,  5.767, 13.720,  4.801,  0.220
 79740,  7.367,  5.345, 13.472,  4.529,  0.183
 79800,  7.579,  5.398, 13.023,  4.541,  0.144
 79860,  7.822,  5.805, 13.221,  4.770,  0.266
 79920,  7.288,  5.481, 13.289,  4.596,  0.237
 79980,  6.325,  4.172, 10.513,  3.990,  0.217
 80040,  6.233,  3.879, 10.202,  4.014,  0.142
 80100,  6.087,  3.822,  9.940,  3.858,  0.156
 80160,  5.755,  3.725,  9.875,  3.796,  0.145
 80220,  6.441,  4.298,  9.456,  3.857,  0.119
 80280,  6.997,  4.638,  9.269,  4.254,  0.172
 80340,  6.819,  4.526,  9.983,  4.178,  0.158
 80400,  6.318,  4.239,  9.378,  3.987,  0.155
 80460,  7.051,  4.797,  9.437,  3.977,  0.154
 80520,  6.828,  4.383,  8.671,  4.101,  0.112
 80580,  6.162,  4.110,  9.695,  4.133,  0.175
 80640,  6.092,  3.926, 10.265,  3.912,  0.145
 80700,  6.058,  3.956, 10.170,  3.904,  0.156
 80760, -9999.000, -9999.000, -9999.000, -9999.000, -9999.000
 80820,  5.283,  3.013,  7.729,  3.491,  0.137
