CampaignData_and_Merges/R0/CSL_MobileLab_Parked/raw/20240814/USOS-Picarro-CO2-CH4-CO-H2O_MobileLabGround_20240814_R0.ict
38, 1001
Ilana Pollack, Nell Schafer, and Jeff Peischl
NOAA Chemical Sciences Laboratory
Picarro 2401-m CO2/CH4/CO/H2O Analyzer
USOS
1, 1
2024, 08, 14, 2024, 11, 20
0
StartTime_UTC, seconds_past_midnight, seconds past midnight
5
1, 1, 1, 1, 1
-9999, -9999, -9999, -9999, -9999
StopTime_UTC, seconds_past_midnight, seconds past midnight
CO2_ppm_1min, ppm, Gas_CO2_InSitu_S_DMF, carbon dioxide mixing ratio
CH4_ppb_1min, ppb, Gas_CH4_InSitu_S_DMF, methane mixing ratio
CO_ppb_1min, ppb, Gas_CO_InSitu_S_DMF, carbon monoxide mixing ratio
H2O_ppmv_1min, ppmv, Met_H2OMRV_InSitu_S_AVMR, water vapor mixing ratio
1
SPECIAL COMMENTS: N/A
18
PI_CONTACT_INFO: Address: NOAA Chemical Sciences Laboratory, Mail Stop CSL7, 325 Broadway, Boulder, CO 80305; Email: Ilana.Pollack@noaa.gov
PLATFORM: NOAA CSL Mobile Laboratory
LOCATION: The mobile lab was stationed in Salt Lake City, Utah.
ASSOCIATED_DATA: N/A
INSTRUMENT_INFO: CO2, CH4, and CO are reported as dry air mole fractions using a commercial wavelength-scanned cavity ring-down analyzer (Picarro 2401-m). An in-field calibration gas standard of 432±0.07 ppm CO2, 2095±1 ppb CH4, and 183±1 ppb CO, calibrated in the Boulder laboratories before and after the field project using primary CO2, CH4, and CO standard tanks tied to the WMO standard (X2019, X2004A, and X2014A, respectively) from the Global Monitoring Laboratory (GML), was delivered to the inlet every 2-3 days to evaluate instrument sensitivity. A H2O measurement was calibrated before the project with a Dew Point Mirror 373 hygrometer. The water correction calculated from these calibrations was applied to the H2O measurement for the entire campaign. Species are measured at 0.5 Hz and reported as 1-minute averages for stationary measurements.
DATA_INFO: Units: CO2, ppm, dry air mole fraction; CH4, ppb, dry air mole fraction; CO, ppb, dry air mole fraction; H2O, ppmv
UNCERTAINTY: Total uncertainties are estimated as ±0.1 ppm for CO2, ±1 ppb for CH4, ±5 ppb for CO, and ±(50 ppm + 4%) for H2O.
ULOD_FLAG: -7777
ULOD_VALUE: N/A
LLOD_FLAG: -8888
LLOD_VALUE: N/A
DM_CONTACT_INFO: Data Manager: Nathan Howard; nathan.h.howard@noaa.gov
PROJECT_INFO: USOS Dates of Study: July – August 2024
STIPULATIONS_ON_USE: Use of these data require prior ok from PI.
OTHER_COMMENTS: Data are averaged to 1 minute intervals. Stationary data collected from a 10 ft tower on top of the mobile van.
REVISION: R0
R0: Final Data
StartTime_UTC, StopTime_UTC, CO2_ppm_1min, CH4_ppb_1min, CO_ppb_1min, H2O_ppmv_1min
[from data line 757]
45420,45480,439.46,1954.0,110.7,14286.6738
45480,45540,444.31,1955.7,127.9,14347.4160
45540,45600,439.33,1953.8,108.6,14293.2266
45600,45660,441.94,1954.4,115.9,14467.1523
45660,45720,441.39,1954.9,120.0,14379.9355
45720,45780,448.14,1973.7,134.0,14708.2939
45780,45840,452.78,1986.4,147.5,14924.2783
45840,45900,456.83,2000.5,166.5,14770.5449
45900,45960,456.65,1996.3,162.1,14921.5439
45960,46020,461.43,2013.0,185.1,14868.5928
46020,46080,463.97,2026.5,196.4,14883.9219
46080,46140,463.85,2027.3,197.3,14866.0215
46140,46200,464.43,2025.2,198.3,15040.0664
46200,46260,464.75,2019.5,189.8,15116.3945
46260,46320,471.03,2027.6,244.4,15177.3789
46320,46380,462.59,2011.4,198.0,14906.9141
46380,46440,479.05,2026.8,263.8,15145.5732
46440,46500,476.95,2041.2,263.5,15103.8037
46500,46560,472.73,2031.9,352.6,15053.9590
46560,46620,477.60,2021.7,299.4,15001.2988
46620,46680,475.72,2027.5,273.0,15237.8193
46680,46740,467.20,2017.2,221.0,15120.1641
46740,46800,456.63,2006.4,169.1,14655.0508
46800,46860,461.86,2012.7,179.4,14825.2461
46860,46920,464.21,2014.7,185.6,14968.5303
46920,46980,462.51,2020.8,186.3,14849.4297
46980,47040,457.23,2004.5,170.1,14726.0449
47040,47100,457.94,2004.0,168.9,14849.5479
47100,47160,454.02,1994.5,173.8,14616.9707
47160,47220,454.23,1993.3,172.7,14680.0547
47220,47280,453.89,1979.2,186.5,14548.2764
47280,47340,447.20,1969.5,153.5,14514.0967
47340,47400,444.78,1967.2,142.8,14431.2451
47400,47460,446.51,1965.6,163.0,14447.4189
47460,47520,445.43,1963.8,149.3,14443.5615
47520,47580,441.52,1959.7,129.0,14368.9131
47580,47640,443.48,1960.7,135.1,14476.8213
47640,47700,440.47,1958.6,119.4,14371.3848
47700,47760,441.69,1960.0,121.1,14341.5020
47760,47820,441.99,1957.5,124.6,14362.6670
47820,47880,441.80,1955.5,129.7,14294.7002
47880,47940,442.81,1955.1,132.2,14390.2344
47940,48000,440.58,1953.4,127.7,14369.5332
48000,48060,439.15,1953.2,121.9,14363.7734
48060,48120,439.09,1953.1,120.1,14360.9443
48120,48180,439.87,1952.9,124.2,14200.7500
48180,48240,439.34,1953.6,123.0,14245.4883
48240,48300,443.47,1956.3,133.4,14422.8516
48300,48360,440.07,1954.8,121.7,14314.4336
48360,48420,441.68,1955.1,127.4,14637.7715
48420,48480,439.29,1952.9,127.5,14338.3301
48480,48540,439.84,1952.9,133.2,14466.2803
48540,48600,437.29,1952.8,115.6,14320.3154
48600,48660,441.25,1954.2,130.4,14457.1973
48660,48720,439.68,1954.9,126.4,14386.2539
48720,48780,443.26,1954.8,144.6,14391.9609
48780,48840,441.03,1954.8,131.8,14379.9590
48840,48900,443.49,1955.1,147.8,14373.5986
48900,48960,445.83,1955.6,157.1,14536.9258
48960,49020,444.64,1956.7,149.8,14556.9316
49020,49080,445.46,1956.5,153.8,14863.0566
49080,49140,443.20,1956.9,160.0,14657.8984
49140,49200,440.48,1957.0,146.5,14584.9844
49200,49260,441.89,1962.4,141.7,14976.9121
49260,49320,442.64,1969.7,146.0,15050.3574
49320,49380,444.68,1975.8,157.1,15335.3730
49380,49440,444.40,1968.5,148.2,15085.8203
49440,49500,444.11,1970.1,149.9,15017.4756
49500,49560,442.16,1961.0,148.0,14697.1689
49560,49620,444.06,1962.2,161.0,14839.7031
49620,49680,445.00,1962.7,167.6,14751.9082
49680,49740,444.30,1960.8,154.9,14708.8809
49740,49800,444.51,1962.8,156.8,14848.2900
49800,49860,448.38,1965.2,168.6,15171.3340
49860,49920,445.51,1967.5,157.6,14613.4121
49920,49980,447.75,1968.2,155.0,14777.2910
49980,50040,451.84,1972.7,170.0,15064.7891
50040,50100,461.69,1972.6,204.2,15053.1650
50100,50160,454.07,1979.5,197.6,15210.5430
50160,50220,470.53,1998.1,298.7,15516.4805
50220,50280,476.60,2033.9,314.0,16181.0244
50280,50340,481.45,2080.4,318.8,16369.9395
50340,50400,486.05,2088.4,333.2,16569.8770
50400,50460,495.37,2133.1,394.2,16620.7168
50460,50520,494.91,2130.4,406.3,16659.4805
50520,50580,491.61,2133.1,379.4,16743.0898
50580,50640,493.80,2141.1,396.2,16993.5410
50640,50700,492.29,2149.7,394.0,16713.9023
50700,50760,492.15,2151.4,383.3,16574.1250
50760,50820,492.52,2150.7,385.1,16791.4902
50820,50880,495.13,2152.7,414.9,17110.3105
50880,50940,499.95,2153.5,460.9,16693.9668
50940,51000,501.19,2150.1,436.4,16746.7285
51000,51060,495.04,2149.8,402.8,16680.0078
51060,51120,494.88,2149.9,393.0,16822.0117
51120,51180,492.54,2146.4,386.3,16757.9902
51180,51240,493.37,2140.1,395.6,16555.4863
51240,51300,490.71,2137.9,383.3,16703.0684
51300,51360,486.11,2120.0,358.2,16141.7715
51360,51420,490.93,2120.2,382.1,16265.1328
51420,51480,480.26,2104.3,323.6,15943.4521
51480,51540,478.11,2092.9,315.4,16035.8467
51540,51600,465.42,2049.7,260.8,15584.3936
51600,51660,457.25,2015.1,236.0,15448.0166
51660,51720,447.33,1984.9,195.3,15239.7285
51720,51780,446.56,1980.5,194.4,15294.0576
51780,51840,443.65,1961.7,180.2,15239.6426
51840,51900,448.34,1959.4,178.8,15034.9766
51900,51960,443.26,1958.9,175.9,14978.1768
51960,52020,445.31,1958.4,200.8,14790.7061
52020,52080,442.46,1957.7,174.7,14913.5508
52080,52140,448.30,1961.2,209.9,14986.1650
52140,52200,454.16,1965.4,245.8,15326.0850
52200,52260,456.78,1972.1,280.7,15126.9150
52260,52320,466.55,1975.8,316.9,15286.8389
52320,52380,460.45,1978.1,317.0,15391.4121
52380,52440,455.95,1977.1,289.3,15295.1250
52440,52500,443.91,1963.9,195.4,14996.7363
52500,52560,443.70,1961.7,189.5,15128.7510
52560,52620,450.12,1962.9,217.1,14958.1582
52620,52680,461.06,1968.5,269.9,15191.7607
52680,52740,466.18,1981.2,304.2,15365.9199
52740,52800,453.60,1975.1,251.9,14956.4678
52800,52860,447.68,1969.6,226.2,14709.5303
52860,52920,448.58,1970.0,232.6,14859.0801
52920,52980,447.97,1968.5,234.7,14848.9902
52980,53040,447.23,1970.1,235.7,14854.9502
53040,53100,449.25,1973.2,250.0,15221.7793
53100,53160,448.67,1972.8,252.6,15177.6934
53160,53220,442.62,1962.3,198.6,14492.8770
53220,53280,447.12,1970.7,235.6,15256.2656
53280,53340,447.75,1970.0,236.8,15071.4346
53340,53400,447.66,1971.7,244.0,15228.7441
53400,53460,449.64,1975.3,262.1,15224.8154
53460,53520,447.19,1971.3,238.0,14956.0537
53520,53580,447.87,1973.4,243.7,15054.0107
53580,53640,449.94,1975.9,263.3,15353.1699
53640,53700,451.27,1977.4,270.8,15517.2666
53700,53760,451.90,1977.5,277.0,15425.9375
53760,53820,452.60,1977.9,284.2,15667.9541
53820,53880,446.56,1968.8,230.5,14859.3623
53880,53940,440.21,1959.0,178.5,14335.7246
53940,54000,441.14,1960.8,190.4,14586.4795
54000,54060,444.30,1964.7,213.9,14975.0615
54060,54120,435.55,1953.8,143.2,14471.1045
54120,54180,436.65,1954.5,148.8,14550.4854
54180,54240,440.94,1958.2,178.2,14644.6992
54240,54300,439.34,1957.7,180.1,14752.0908
54300,54360,434.95,1953.6,141.0,14418.6309
54360,54420,437.52,1954.6,155.6,14479.6289
54420,54480,445.96,1957.8,213.5,14856.3545
54480,54540,443.31,1959.3,199.0,15254.9238
54540,54600,437.04,1955.9,163.1,15219.1826
54600,54660,438.33,1956.9,168.8,15481.9863
54660,54720,438.27,1956.4,154.0,15438.0273
54720,54780,437.87,1957.0,156.7,15705.5078
54780,54840,438.48,1961.0,158.7,15623.3213
54840,54900,438.70,1963.3,163.0,15620.0928
54900,54960,442.23,1966.8,200.5,16204.9287
54960,55020,442.34,1974.8,186.8,15982.2910
55020,55080,443.43,1979.5,179.8,16034.6182
55080,55140,444.11,1982.2,185.5,16014.2656
55140,55200,445.20,1982.3,184.5,16228.0898
55200,55260,445.50,1982.5,184.2,16067.5176
55260,55320,446.04,1985.3,189.7,16222.1865
55320,55380,448.06,1989.3,199.4,15916.2334
55380,55440,448.91,1982.2,184.6,15771.8076
55440,55500,448.46,1974.0,162.6,15172.5488
55500,55560,446.70,1977.3,167.8,15449.7969
55560,55620,448.91,1990.0,189.4,15579.4766
55620,55680,450.19,1992.1,194.3,15877.2676
55680,55740,453.67,1998.4,206.1,15929.4824
55740,55800,452.77,1999.8,214.9,16027.3330
55800,55860,452.13,1999.9,245.8,17060.5664
55860,55920,450.12,1994.9,232.0,16522.9551
55920,55980,448.80,1991.2,214.7,16346.7109
55980,56040,448.93,1988.3,203.2,16159.6826
56040,56100,447.98,1985.6,197.4,16278.4297
56100,56160,445.04,1983.5,190.5,16249.0732
56160,56220,-9999,-9999,-9999,-9999
56220,56280,-9999,-9999,-9999,-9999
56280,56340,-9999,-9999,-9999,-9999
56340,56400,-9999,-9999,-9999,-9999
56400,56460,443.56,1977.7,179.3,15325.7510
56460,56520,444.56,1977.6,179.3,15683.7295
56520,56580,445.99,1979.1,193.4,15527.9697
56580,56640,448.13,1980.3,195.8,15907.4658
56640,56700,445.06,1976.9,187.7,15771.9043
56700,56760,444.49,1978.3,179.4,15174.7197
56760,56820,444.23,1979.5,182.3,15578.4414
56820,56880,444.75,1979.2,187.7,15748.3799
56880,56940,444.29,1978.9,190.7,16259.9150
56940,57000,442.69,1973.4,204.0,15618.2197
57000,57060,442.56,1973.5,204.8,15948.8525
57060,57120,442.64,1973.3,206.1,15963.4238
57120,57180,441.55,1971.3,205.7,15814.5732
57180,57240,442.01,1971.4,202.7,15734.4678
57240,57300,442.47,1971.5,205.8,15798.6621
57300,57360,441.08,1970.7,210.4,16014.6729
57360,57420,441.29,1970.2,207.8,15705.8086
57420,57480,440.53,1967.9,210.3,15528.7148
57480,57540,444.88,1967.6,210.9,15788.2695
57540,57600,440.85,1965.4,210.0,15235.8984
57600,57660,441.21,1965.0,209.8,15150.4766
57660,57720,441.59,1965.6,211.5,15251.7813
57720,57780,441.27,1966.2,212.3,15355.9678
57780,57840,441.12,1966.2,211.3,15095.6924
57840,57900,441.52,1966.5,209.1,15564.2354
57900,57960,439.28,1966.0,209.6,15817.7754
57960,58020,440.58,1965.9,224.8,15457.9873
58020,58080,441.09,1966.6,211.3,15137.1533
58080,58140,440.65,1968.1,203.4,15050.8604
58140,58200,440.88,1967.4,204.9,15250.7178
58200,58260,441.03,1968.3,213.9,15447.1230
58260,58320,440.89,1968.0,206.2,15453.1885
58320,58380,442.89,1972.3,225.5,15788.5664
58380,58440,444.07,1970.8,253.5,15291.5566
58440,58500,442.92,1970.8,231.1,15467.8877
58500,58560,443.13,1971.4,224.3,15043.0488
58560,58620,444.06,1973.0,236.1,14940.9238
58620,58680,444.22,1973.5,230.2,14989.6807
58680,58740,443.88,1974.0,230.8,15168.9707
58740,58800,442.98,1974.6,230.3,15907.3428
58800,58860,442.69,1973.3,224.6,15762.2012
58860,58920,442.86,1972.6,219.8,15468.6807
58920,58980,441.68,1971.8,216.5,16075.2568
58980,59040,441.34,1970.6,214.4,15464.9004
59040,59100,441.36,1969.8,209.6,15496.0752
59100,59160,440.79,1969.1,208.7,15289.7139
59160,59220,441.99,1969.7,213.6,15543.0459
59220,59280,442.15,1969.5,204.5,15309.0811
59280,59340,441.61,1967.9,202.1,14911.0215
59340,59400,441.51,1968.3,205.8,15033.0830
59400,59460,441.83,1969.2,207.7,15027.9980
59460,59520,442.51,1969.4,209.9,15487.1064
59520,59580,441.36,1968.3,204.9,15544.5244
59580,59640,440.59,1968.1,204.3,15864.9473
59640,59700,440.84,1968.1,199.3,15317.6865
59700,59760,441.31,1968.2,201.2,15195.0859
59760,59820,440.44,1968.0,202.0,15509.4473
59820,59880,440.88,1967.9,203.2,15078.8457
59880,59940,442.28,1968.1,211.8,15312.9336
59940,60000,443.58,1968.6,230.3,16074.3223
60000,60060,441.26,1968.5,197.6,15237.6416
60060,60120,441.24,1969.3,194.4,15340.7793
60120,60180,440.85,1968.6,194.7,15264.4668
60180,60240,441.34,1969.1,194.9,15400.1846
60240,60300,440.42,1967.8,195.2,15761.5781
60300,60360,440.03,1967.2,194.4,15641.2861
60360,60420,440.77,1967.0,198.2,15810.0723
60420,60480,441.91,1967.1,200.7,15462.2246
60480,60540,441.02,1968.1,198.1,15405.5703
60540,60600,440.82,1968.3,194.5,15656.6055
60600,60660,441.04,1967.6,192.6,14952.7158
60660,60720,441.04,1967.5,194.6,14930.5439
60720,60780,443.17,1968.9,205.2,15528.3232
60780,60840,443.74,1968.8,204.7,15278.1865
60840,60900,443.60,1969.6,207.9,15974.1846
60900,60960,443.83,1970.0,208.1,15374.7588
60960,61020,441.80,1969.7,197.3,14888.8691
61020,61080,441.36,1967.8,199.1,15278.2109
61080,61140,444.25,1967.5,199.8,15151.6475
61140,61200,441.95,1967.8,195.0,15175.9521
61200,61260,442.04,1967.5,200.7,15084.5479
61260,61320,441.33,1968.3,202.7,15650.3955
61320,61380,440.92,1968.3,202.4,15992.7246
61380,61440,442.47,1968.9,201.4,15221.5313
61440,61500,444.95,1969.1,214.1,15419.1045
61500,61560,440.13,1964.9,181.5,15725.1094
61560,61620,443.50,1968.0,231.4,15501.1309
61620,61680,441.68,1966.3,196.4,15507.5654
61680,61740,439.32,1964.5,183.5,16115.4678
61740,61800,438.51,1964.3,180.5,15760.8486
61800,61860,439.61,1963.6,179.2,15524.6445
61860,61920,439.64,1963.7,178.5,15348.3135
61920,61980,439.27,1964.2,176.2,15498.9971
61980,62040,438.84,1962.8,173.6,15263.4473
62040,62100,438.31,1962.2,171.3,15252.0527
62100,62160,439.76,1962.3,171.9,15992.2422
62160,62220,437.91,1960.5,167.0,15225.5859
62220,62280,437.79,1962.1,170.5,15691.0645
62280,62340,438.12,1962.9,171.9,15807.3867
62340,62400,437.89,1962.9,175.4,15852.1836
62400,62460,438.49,1962.7,181.6,15948.7334
62460,62520,438.11,1962.8,186.3,16328.8486
62520,62580,438.10,1960.6,167.7,15267.2842
62580,62640,437.95,1960.0,164.2,15127.0391
62640,62700,437.97,1960.1,164.0,15095.2568
62700,62760,437.74,1960.3,165.4,15088.3730
62760,62820,438.04,1960.8,168.4,15112.4619
62820,62880,436.65,1960.8,169.5,16062.1855
62880,62940,438.49,1961.4,174.7,16089.9248
62940,63000,441.31,1968.2,189.9,16109.1963
63000,63060,441.55,1971.0,194.2,16571.8789
63060,63120,438.90,1962.9,174.0,15736.6895
63120,63180,438.75,1963.0,182.9,16293.5811
63180,63240,439.63,1962.6,197.6,15771.8037
63240,63300,440.09,1963.4,180.1,15899.3574
63300,63360,438.40,1964.7,176.2,16438.6309
63360,63420,438.35,1964.1,175.0,16449.6328
63420,63480,439.05,1963.2,182.8,16652.4531
63480,63540,438.35,1963.4,183.9,15925.8027
63540,63600,437.50,1963.1,177.2,16919.1250
63600,63660,438.44,1961.9,177.7,16055.4141
63660,63720,438.26,1961.5,183.3,16277.0938
63720,63780,438.31,1961.4,174.1,16356.0742
63780,63840,439.58,1961.6,175.5,16204.2402
63840,63900,438.88,1960.3,169.6,15592.3076
63900,63960,438.18,1960.2,169.8,16154.2930
63960,64020,438.21,1960.7,168.4,16250.6201
64020,64080,437.89,1959.8,164.5,15644.8164
64080,64140,438.84,1960.4,168.5,16054.5225
64140,64200,437.49,1959.0,162.4,15237.7236
64200,64260,437.25,1959.3,162.4,15344.4648
64260,64320,438.07,1960.6,164.5,15332.3906
64320,64380,438.16,1960.8,166.9,15415.4365
64380,64440,438.16,1960.7,172.9,15383.1328
64440,64500,436.18,1960.2,170.0,16297.1016
64500,64560,436.92,1960.6,171.6,16059.9512
64560,64620,437.20,1959.7,163.5,15348.0879
64620,64680,436.69,1959.8,161.7,15452.5488
64680,64740,437.68,1959.7,172.8,15980.5801
64740,64800,439.56,1960.5,208.3,16574.5039
64800,64860,438.86,1960.6,218.7,16410.1055
64860,64920,437.02,1959.3,200.3,16064.5723
64920,64980,438.37,1959.2,197.4,15466.5137
64980,65040,439.66,1959.6,212.7,16098.7100
65040,65100,439.66,1959.7,190.3,16685.1602
65100,65160,439.86,1959.3,178.1,15576.7637
65160,65220,437.45,1960.1,167.9,16702.8711
65220,65280,437.44,1959.9,168.4,15746.0908
65280,65340,437.90,1960.6,166.0,16268.0840
65340,65400,437.92,1960.6,167.9,16445.4277
65400,65460,437.66,1960.2,167.9,15659.1797
65460,65520,437.01,1960.4,169.4,16047.1982
65520,65580,437.26,1961.1,167.7,16085.5176
65580,65640,438.02,1961.2,168.6,16366.4746
65640,65700,437.80,1961.1,168.5,16253.9951
65700,65760,437.51,1960.3,167.8,15640.8770
65760,65820,437.46,1960.1,168.3,15209.6455
65820,65880,436.95,1960.3,169.3,15923.3086
65880,65940,436.75,1960.2,167.5,15512.9121
65940,66000,437.51,1960.2,166.7,15156.4531
66000,66060,437.74,1960.5,170.9,15399.9209
66060,66120,438.43,1960.8,178.9,16263.3496
66120,66180,437.90,1960.7,177.5,16608.1680
66180,66240,436.62,1960.9,172.8,16980.0469
66240,66300,436.85,1960.4,172.1,15777.8643
66300,66360,436.85,1960.1,172.2,15481.4941
66360,66420,437.62,1959.3,164.5,15283.6475
66420,66480,437.66,1959.4,164.6,15124.2148
66480,66540,437.86,1959.7,164.1,15583.1455
66540,66600,437.93,1960.3,165.2,15420.3887
66600,66660,437.36,1959.6,165.2,15063.1230
66660,66720,435.48,1959.9,166.0,16131.7012
66720,66780,437.15,1959.4,167.9,15601.8721
66780,66840,437.61,1959.9,167.3,16170.8027
66840,66900,437.25,1959.6,166.5,15453.5537
66900,66960,436.51,1957.7,177.9,15224.3857
66960,67020,436.33,1958.1,163.7,14826.1143
67020,67080,435.61,1958.8,163.2,15952.5996
67080,67140,436.80,1961.1,168.0,15422.5059
67140,67200,435.74,1958.3,162.0,15038.6533
67200,67260,435.76,1958.2,157.4,14785.8760
67260,67320,435.61,1958.5,158.4,14888.2529
67320,67380,435.01,1956.3,154.3,14596.1904
67380,67440,435.75,1956.0,155.5,14307.0791
67440,67500,435.66,1956.1,154.8,14401.9531
67500,67560,435.27,1956.7,157.1,14984.6338
67560,67620,435.68,1957.2,159.2,15389.1357
67620,67680,436.53,1958.9,156.7,15422.9932
