CampaignData_and_Merges/R0/CSL_MobileLab_Parked/raw/20240814/USOS-HCHO_MobileLabGround_20240814_R0.ict
35,1001
Huang, Yaoxian
Wayne State University
Picarro G2307 on CSL Mobile Lab
USOS
1,1
2024,08,14,2024,08,15
1.0
Time_Start,seconds_since_midnight,number_of_seconds_since_0000_UTC
3
1.0,1.0,1.0
-9999.0,-9999.0,-9999.0
HCHO,ppbv,Gas_HCHO_InSitu_S_AVMR,volume mixing ratio of formaldehyde in air
H2O,ppmv,Gas_H2O_InSitu_S_AVMR,volume mixing ratio of water vapor in air
CH4,ppmv,Gas_CH4_InSitu_S_AVMR,volume mixing ratio of methane in air
0
18
PI_CONTACT_INFO: yaoxian.huang@wayne.edu
PLATFORM: CSL Mobile Lab, at Ground Site
LOCATION: Salt Lake City, UT
ASSOCIATED_DATA: N/A
INSTRUMENT_INFO: Cavity Ring-Down Spectrometer
DATA_INFO: Data is averaged to 1 minute intervals for stationary and 1 second interval for driving. Stationary data collected from a 20 ft tower on top of the mobile lab.
UNCERTAINTY: N/A
ULOD_FLAG: -7777
ULOD_VALUE: N/A
LLOD_FLAG: -8888
LLOD_VALUE: N/A
DM_CONTACT_INFO: Yaoxian Huang; yaoxian.huang@wayne.edu
PROJECT_INFO: USOS, Summer 2024. https://csl.noaa.gov/groups/csl7/measurements/2024usos/
STIPULATIONS_ON_USE: Users are strongly encouraged to contact the PI for proper data usage.
OTHER_COMMENTS: Data have been shifted backwards by 1 minute to align with USOS MetNav and Picarro GHG data.
REVISION: R0
R0: Final Data
Time_Start,HCHO,H2O,CH4
0,0.706166,16761.6,1.89366
60,0.58976,17218.5,1.89117
120,0.59898,17813.7,1.89409
180,0.716863,17977.7,1.8913
240,0.605196,17800.1,1.89523
300,0.630653,18416.1,1.89218
360,0.739445,18556.3,1.89249
420,0.257261,18290.1,1.88989
480,0.351929,18768.4,1.89162
540,0.429157,18212.7,1.89108
600,0.486331,17104.1,1.89352
660,0.427027,17246.9,1.89358
720,0.741844,17525.3,1.89128
780,0.449437,17647.4,1.89356
840,0.553584,18083.1,1.89071
900,0.403445,17844.4,1.89234
960,0.491978,17755.3,1.892
1020,0.466504,17658.4,1.8926
1080,0.597887,17414.7,1.89313
1140,0.517499,17398.6,1.8951
1200,0.362635,17430.1,1.89273
1260,0.582018,17680.3,1.89453
1320,0.404959,17918.2,1.89164
1380,0.256133,18169.5,1.89389
1440,0.283489,18033.0,1.89365
1500,0.653031,18095.4,1.8954
1560,0.625793,18298.9,1.89476
1620,0.335433,18026.0,1.89319
1680,0.499401,18384.4,1.89613
1740,0.451041,18002.4,1.89684
1800,0.351641,17746.4,1.89494
1860,0.452083,17478.6,1.89573
1920,0.280094,17414.5,1.89475
1980,0.545576,17381.0,1.89453
2040,0.412579,17566.8,1.89144
2100,0.431198,17676.2,1.89174
2160,0.433087,17267.1,1.89127
2220,0.534366,17110.2,1.89132
2280,0.343005,17090.1,1.89062
2340,0.675676,17078.5,1.89186
2400,0.431188,17134.7,1.89402
2460,0.150355,16860.1,1.8923
2520,0.440091,16861.3,1.89401
2580,0.346311,17241.6,1.89133
2640,0.57364,17365.3,1.89253
2700,0.367612,17191.6,1.8917
2760,0.571063,17332.2,1.89364
2820,0.512257,17391.7,1.89189
2880,0.483879,17665.8,1.89309
2940,0.484383,17465.1,1.8933
3000,0.490446,16920.3,1.89293
3060,0.502246,16861.6,1.89346
3120,0.206048,16762.2,1.88893
3180,0.239945,16559.3,1.89351
3240,0.435766,16461.4,1.89471
3300,0.359563,16382.4,1.89551
3360,0.405753,16648.3,1.89483
3420,0.428705,16182.0,1.89263
3480,0.395072,16647.9,1.89339
3540,0.530059,16583.0,1.89237
3600,0.506539,17007.7,1.8922
3660,0.361438,16849.5,1.89328
3720,0.53178,16789.5,1.89162
3780,0.44457,16757.8,1.89171
3840,0.396374,16687.2,1.8939
3900,0.384577,16866.0,1.89023
3960,0.341374,16993.8,1.89249
4020,0.309044,16897.6,1.89162
4080,0.197973,17220.2,1.88882
4140,0.448047,17183.8,1.89144
4200,0.430192,17044.7,1.8903
4260,0.506289,16951.2,1.89004
4320,0.29659,16984.5,1.89204
4380,0.531098,17045.4,1.89245
4440,0.264467,17016.7,1.88975
4500,0.425741,16683.9,1.89193
4560,0.540358,16733.7,1.89032
4620,0.57154,16868.1,1.89402
4680,0.539081,16863.3,1.89321
4740,0.355833,16653.0,1.89268
4800,-9999.0,-9999.0,-9999.0
4860,-9999.0,-9999.0,-9999.0
4920,-9999.0,-9999.0,-9999.0
4980,-9999.0,-9999.0,-9999.0
5040,-9999.0,-9999.0,-9999.0
5100,-9999.0,-9999.0,-9999.0
5160,-9999.0,-9999.0,-9999.0
5220,-9999.0,-9999.0,-9999.0
5280,-0.0124354,17483.5,1.89639
5340,0.464415,17462.0,1.8947
5400,0.304366,17649.0,1.89198
5460,0.364225,17315.0,1.89404
5520,0.408502,17279.6,1.89359
5580,0.492913,17440.2,1.8944
5640,0.503983,17416.3,1.8921
5700,0.376657,17446.9,1.89067
5760,0.566809,17477.6,1.89108
5820,0.77873,17337.5,1.8921
5880,0.559767,17167.0,1.89023
5940,0.272244,17469.2,1.89273
6000,0.665391,17417.2,1.89291
6060,0.529859,17245.6,1.89352
6120,0.526212,17204.7,1.89179
6180,0.699716,17177.4,1.89044
6240,0.561395,17020.8,1.89155
6300,0.667423,17465.1,1.88898
6360,0.64889,17684.1,1.88903
6420,0.414394,17239.0,1.89185
6480,0.45418,17282.9,1.88877
6540,0.364975,17114.7,1.89224
6600,0.64649,17319.5,1.89053
6660,0.359823,16983.7,1.89083
6720,0.545716,17083.6,1.88828
6780,0.595605,17446.7,1.88934
6840,0.443583,17009.9,1.89253
6900,0.633586,17099.2,1.88946
6960,0.425539,16936.0,1.8923
7020,0.488226,16977.6,1.89022
7080,0.344049,17074.9,1.88788
7140,0.356038,17079.3,1.89002
7200,0.693645,16886.8,1.89044
7260,0.250839,16648.4,1.89173
7320,0.632196,16553.3,1.89134
7380,0.411258,16533.2,1.88896
7440,0.549242,16341.1,1.89279
7500,0.195677,16606.1,1.89162
7560,0.345472,16631.9,1.89065
7620,0.511631,16272.5,1.89284
7680,0.723218,16378.4,1.89434
7740,0.718458,16411.8,1.8956
7800,0.484791,16823.0,1.89323
7860,0.745819,16995.7,1.89745
7920,0.672664,17113.6,1.89461
7980,0.462367,17159.0,1.89527
8040,0.926909,17224.1,1.8992
8100,0.628215,16958.3,1.89903
8160,0.471827,16189.6,1.89612
8220,0.431534,16162.1,1.89548
8280,0.612673,16427.2,1.89668
8340,0.78178,16658.0,1.89759
8400,0.551846,16319.2,1.89433
8460,0.592228,17250.2,1.89783
8520,0.576389,16767.8,1.89375
8580,0.509336,15916.5,1.89198
8640,0.563254,16042.1,1.89168
8700,0.590782,15688.7,1.89366
8760,0.437947,15920.1,1.89497
8820,0.579638,16159.9,1.89252
8880,0.69821,15782.7,1.89276
8940,0.529396,16014.1,1.89316
9000,0.413901,15648.9,1.89234
9060,0.372573,15689.6,1.89169
9120,0.355031,15967.3,1.89548
9180,0.240793,15737.6,1.89026
9240,0.252038,15813.5,1.89357
9300,0.506014,16117.2,1.89344
9360,0.389285,15838.8,1.89219
9420,0.507652,15592.2,1.89161
9480,0.302595,15681.4,1.89586
9540,0.553438,16002.9,1.89405
9600,0.735607,15858.6,1.89442
9660,0.316208,15688.0,1.89416
9720,0.353736,15595.6,1.89311
9780,0.424439,15518.4,1.898
9840,0.584513,15721.2,1.89642
9900,0.405521,15388.6,1.89653
9960,0.457794,15211.3,1.89492
10020,0.4788,15186.3,1.89283
10080,0.428724,15175.5,1.89398
10140,0.295916,15278.0,1.89482
10200,0.559114,15233.2,1.89601
10260,0.614986,15287.8,1.89633
10320,0.43804,15181.8,1.89265
10380,0.488486,15255.5,1.89499
10440,0.22646,15334.9,1.89501
10500,0.320112,15061.7,1.8945
10560,0.351988,15140.1,1.8957
10620,0.462351,15249.6,1.89494
10680,0.498747,15188.0,1.89292
10740,0.529853,15093.1,1.89772
10800,0.327983,14968.0,1.89756
10860,0.268618,14962.9,1.89524
10920,0.303637,14911.8,1.8977
10980,0.33918,15138.2,1.89593
11040,0.656857,15085.7,1.89747
11100,0.297715,14972.2,1.89981
11160,0.637364,15115.9,1.89631
11220,0.49829,15068.6,1.89565
11280,0.4972,15292.3,1.89639
11340,0.381507,15015.6,1.89636
11400,0.647819,15165.9,1.89486
11460,0.424232,15167.5,1.89469
11520,0.462621,15284.3,1.8967
11580,0.511025,14830.2,1.89888
11640,0.410686,14907.4,1.89585
11700,0.433308,14917.9,1.8955
11760,0.418355,15011.2,1.89872
11820,0.548816,15038.7,1.89802
11880,0.329045,14850.7,1.89608
11940,0.208297,14993.5,1.89456
12000,0.48172,14870.7,1.89814
12060,0.258715,14875.8,1.89508
12120,0.30459,14987.9,1.897
12180,0.460046,14842.4,1.8972
12240,0.502895,14952.2,1.89893
12300,0.777508,14926.3,1.90285
12360,0.607262,14943.0,1.9003
12420,0.703486,15247.3,1.89976
12480,0.472188,14879.6,1.90013
12540,0.315128,14912.3,1.896
12600,0.586586,14827.1,1.89846
12660,0.528611,14767.4,1.89757
12720,0.770005,15239.9,1.90287
12780,0.628851,15626.6,1.90141
12840,0.752446,16126.8,1.90582
12900,0.825557,16281.1,1.90071
12960,0.932861,16669.9,1.90345
13020,0.833548,16341.5,1.90321
13080,0.74721,16804.1,1.90413
13140,0.697739,16714.7,1.90663
13200,0.89929,16649.0,1.90283
13260,0.758345,16277.3,1.90309
13320,0.595301,16578.4,1.90309
13380,0.716174,16474.8,1.90399
13440,0.742751,16790.6,1.90301
13500,0.72754,15701.6,1.90165
13560,0.434786,15495.9,1.9016
13620,0.446192,16101.9,1.90546
13680,0.815075,16271.9,1.90616
13740,0.861934,16700.5,1.91074
13800,0.525509,15761.5,1.90715
13860,0.784642,16102.2,1.90784
13920,0.719367,15542.7,1.90288
13980,0.717232,15428.6,1.90469
14040,0.681947,15458.9,1.90248
14100,0.637775,15771.3,1.90204
14160,0.399339,15234.6,1.90332
14220,0.544538,15489.8,1.90505
14280,0.707744,14988.3,1.90074
14340,0.499591,14747.3,1.90016
14400,0.451787,14751.6,1.89751
14460,0.329993,14628.4,1.89707
14520,0.496492,14942.8,1.89919
14580,0.452732,14666.3,1.89994
14640,0.615233,15001.1,1.9001
14700,0.443245,15350.8,1.90113
14760,0.418729,14817.7,1.90006
14820,0.178463,14457.8,1.89593
14880,0.613146,14135.1,1.89602
14940,0.297198,14303.2,1.89588
15000,0.35087,14549.5,1.89661
15060,0.602608,14802.1,1.89844
15120,0.386119,14732.5,1.89583
15180,0.298145,14840.5,1.89493
15240,0.61313,14566.3,1.89364
15300,0.524176,14704.0,1.89654
15360,0.540269,14765.3,1.89414
15420,0.498159,14865.6,1.89612
15480,0.431862,14978.5,1.89754
15540,0.537902,14652.5,1.89741
15600,0.47328,14734.9,1.89655
15660,0.503077,14849.7,1.89663
15720,0.445569,14707.3,1.89646
15780,0.628139,14839.6,1.89704
15840,0.430361,14749.9,1.89786
15900,0.449106,14578.1,1.89716
15960,0.451694,14699.2,1.8953
16020,0.298335,14912.7,1.89698
16080,0.441869,14571.6,1.89969
16140,0.591596,14758.7,1.89613
16200,0.414055,14583.3,1.89582
16260,0.604645,14742.4,1.89775
16320,0.400208,14653.0,1.89543
16380,0.533796,14602.3,1.89291
16440,0.369434,14629.1,1.89452
16500,0.498399,14658.7,1.89608
16560,0.595318,14537.4,1.89554
16620,0.465692,14490.2,1.8949
16680,0.540174,14624.7,1.89682
16740,0.595325,14495.0,1.89667
16800,0.534179,14584.2,1.89718
16860,0.323815,14697.4,1.89527
16920,0.302546,14534.1,1.89661
16980,0.535414,14547.1,1.89738
17040,0.33962,14457.9,1.89736
17100,0.421888,14410.9,1.89595
17160,0.47099,14540.1,1.89746
17220,0.587819,14458.9,1.89899
17280,0.555303,14486.6,1.89523
17340,0.49984,14459.5,1.89768
17400,0.651157,14550.2,1.89397
17460,0.353913,14425.6,1.8952
17520,0.378798,14353.8,1.89384
17580,0.36476,14455.3,1.89747
17640,0.323299,14520.5,1.89817
17700,0.559768,14565.1,1.89621
17760,0.552618,14482.1,1.89827
17820,0.575276,14572.7,1.89645
17880,0.741132,14542.4,1.89598
17940,0.634393,14527.6,1.89607
18000,0.532274,14462.9,1.89494
18060,0.589871,14504.9,1.89273
18120,0.483289,14349.7,1.89515
18180,0.415631,14388.7,1.89688
18240,0.508712,14406.4,1.89606
18300,0.649959,14460.3,1.89627
18360,0.440859,14429.2,1.89803
18420,0.402629,14352.3,1.8983
18480,0.647068,14280.4,1.8982
18540,0.464898,14308.3,1.89443
18600,0.623486,14272.7,1.89619
18660,0.580802,14363.0,1.89659
18720,0.339122,14523.8,1.89735
18780,0.710655,14428.9,1.89601
18840,0.693195,14382.1,1.8972
18900,0.549607,14386.9,1.89352
18960,0.617605,14431.7,1.89583
19020,0.460756,14358.6,1.89581
19080,0.489907,14251.8,1.89506
19140,0.32313,14314.0,1.89268
19200,0.413673,14456.5,1.89669
19260,0.513738,14333.5,1.8967
19320,0.470143,14351.4,1.89639
19380,0.641362,14344.3,1.89629
19440,0.321142,14472.4,1.89398
19500,0.582146,14248.3,1.89738
19560,0.303562,14394.1,1.89559
19620,0.391373,14412.4,1.89594
19680,0.61997,14325.8,1.89376
19740,0.561509,14359.1,1.89577
19800,0.371403,14387.6,1.89693
19860,0.392283,14391.1,1.89449
19920,0.323569,14333.4,1.89677
19980,0.433625,14525.5,1.89693
20040,0.271108,14381.0,1.89783
20100,0.487325,14481.3,1.89893
20160,0.549858,14305.0,1.89644
20220,0.264735,14305.0,1.89771
20280,0.544072,14478.0,1.89757
20340,0.231743,14416.2,1.89711
20400,0.538221,14385.8,1.89829
20460,0.408033,14434.1,1.89725
20520,0.313209,14343.2,1.89959
20580,0.520032,14688.2,1.89717
20640,0.300114,14498.1,1.8965
20700,0.615721,14270.1,1.89767
20760,0.439837,14376.1,1.89521
20820,0.293775,14450.8,1.89515
20880,0.360337,14430.9,1.89857
20940,0.581107,14295.5,1.89769
21000,0.369524,14265.4,1.89842
21060,0.493365,14230.0,1.89548
21120,0.486852,14269.7,1.89972
21180,0.535201,14227.4,1.89869
21240,0.584556,14313.4,1.89762
21300,0.24346,14395.8,1.89629
21360,0.762916,14383.2,1.89879
21420,0.308405,14314.8,1.89987
21480,0.410149,14288.7,1.89824
21540,0.566546,14316.3,1.89796
21600,0.95191,14418.2,1.89967
21660,0.418885,14218.7,1.89787
21720,0.511681,14327.2,1.89601
21780,0.351084,14307.4,1.89546
21840,0.499272,14275.1,1.89712
21900,0.264152,14333.4,1.89501
21960,0.483609,14233.1,1.90033
22020,0.210327,14288.3,1.89627
22080,0.45575,14147.9,1.89741
22140,0.455352,14176.5,1.89725
22200,0.241811,14298.6,1.89779
22260,0.457549,14194.7,1.89821
22320,0.38768,14209.1,1.89881
22380,0.571384,14083.2,1.89558
22440,0.631079,14230.9,1.89516
22500,0.360371,14365.5,1.8986
22560,0.383773,14118.0,1.89652
22620,0.793335,14147.0,1.89673
22680,0.442913,14130.2,1.89702
22740,0.562908,14118.6,1.89833
22800,0.44722,14219.9,1.89697
22860,0.403139,14247.3,1.89689
22920,0.597061,14181.7,1.89814
22980,0.333182,14087.1,1.89623
23040,0.618221,14203.8,1.89787
23100,0.52603,14223.8,1.89538
23160,0.182695,14207.7,1.89498
23220,0.521981,14251.3,1.89818
23280,0.29167,14208.5,1.89788
23340,0.544364,14120.8,1.90004
23400,0.15947,14165.8,1.89875
23460,0.288154,14044.4,1.89533
23520,0.24427,14142.4,1.8976
23580,0.465667,14240.9,1.89917
23640,0.391723,14233.2,1.89679
23700,0.513225,14274.5,1.89756
23760,0.495829,14316.6,1.8979
23820,0.413879,14320.3,1.89741
23880,0.425619,14348.3,1.89565
23940,0.302932,14364.7,1.8991
24000,0.410773,14326.3,1.89929
24060,0.460802,14401.7,1.89867
24120,0.555633,14641.7,1.898
24180,0.50148,14472.5,1.90051
24240,0.487807,14423.1,1.89905
24300,0.480314,14435.3,1.89916
24360,0.39505,14421.5,1.89953
24420,0.516808,14543.5,1.89986
24480,0.490561,14495.2,1.90095
24540,0.573267,14487.2,1.90152
24600,0.45566,14465.6,1.89935
24660,0.30019,14578.5,1.90106
24720,0.265784,14578.3,1.89995
24780,0.0984276,14408.0,1.89712
24840,0.469032,14408.3,1.89783
24900,0.619055,14541.1,1.89924
24960,0.435786,14422.6,1.89946
25020,0.409368,14353.2,1.89826
25080,0.353948,14410.4,1.89976
25140,0.444128,14369.6,1.89843
25200,0.542025,14363.3,1.89799
25260,0.596218,14540.1,1.90081
25320,0.587053,14584.9,1.90043
25380,0.692637,14504.9,1.901
25440,0.463749,14483.1,1.90235
25500,0.730289,14368.7,1.90148
25560,0.537013,14354.6,1.90032
25620,0.387527,14409.6,1.90098
25680,0.676198,14503.6,1.90134
25740,0.445749,14454.0,1.9015
25800,0.291916,14496.2,1.8993
25860,0.774237,14477.3,1.89899
25920,0.254799,14538.8,1.89971
25980,0.44485,14520.5,1.90138
26040,0.447485,14487.7,1.90017
26100,0.366637,14533.9,1.89844
26160,0.242184,14626.4,1.89793
26220,0.422511,14548.7,1.89803
26280,0.374158,14511.2,1.89771
26340,0.523697,14543.5,1.9
26400,0.576995,14536.7,1.90134
26460,0.442245,14407.0,1.90075
26520,0.377989,14505.8,1.89696
26580,0.529931,14511.3,1.90116
26640,0.321178,14324.6,1.8998
26700,0.446131,14250.6,1.89937
26760,0.618729,14291.6,1.89805
26820,0.188281,14248.7,1.89855
26880,0.372124,14348.4,1.89729
26940,0.147041,14295.2,1.89902
27000,0.48491,14343.1,1.89989
27060,0.126976,14338.0,1.89693
27120,0.208882,14273.2,1.89872
27180,0.472675,14152.4,1.90018
27240,0.400219,14171.0,1.89807
27300,0.720517,14247.0,1.89979
27360,0.344313,14225.9,1.89902
27420,0.36626,14150.9,1.89777
27480,0.626532,14239.3,1.89914
27540,0.606269,14287.7,1.89878
27600,0.316206,14181.7,1.89968
27660,0.400269,14201.2,1.89741
27720,0.577023,14324.0,1.90191
27780,0.516355,14234.2,1.89718
27840,0.658121,14221.2,1.89808
27900,0.455114,14197.4,1.90007
27960,0.593908,14287.3,1.9
28020,0.558549,14281.7,1.8987
28080,0.315544,14304.0,1.89816
28140,0.0611388,14281.3,1.89774
28200,0.439358,14268.2,1.89844
28260,0.392311,14344.7,1.89733
28320,0.221598,14322.8,1.89943
28380,0.606861,14396.0,1.90027
28440,0.487325,14336.3,1.89949
28500,0.266805,14289.4,1.89965
28560,0.588331,14375.8,1.89922
28620,0.448479,14377.6,1.89863
28680,0.410331,14248.4,1.89873
28740,0.290633,14345.4,1.89993
28800,0.514366,14386.9,1.8986
28860,0.634885,14317.9,1.89973
28920,0.254389,14260.9,1.90016
28980,0.465904,14320.8,1.90008
29040,0.316653,14286.0,1.89726
29100,0.571152,14224.6,1.90036
29160,0.403262,14320.1,1.8996
29220,0.425354,14226.8,1.90063
29280,0.735808,14335.0,1.90046
29340,0.311531,14280.4,1.89885
29400,0.589698,14377.1,1.89987
29460,0.626126,14240.1,1.90115
29520,0.664792,14193.4,1.89817
29580,0.71015,14275.1,1.89914
29640,0.430173,14281.8,1.89874
29700,0.571205,14301.9,1.90145
29760,0.263059,14289.1,1.90046
29820,0.332337,14359.6,1.90078
29880,0.424629,14397.1,1.90105
29940,0.478682,14340.4,1.90009
30000,0.574394,14357.9,1.89995
30060,0.292948,14324.5,1.89836
30120,0.209647,14329.6,1.89996
30180,0.277129,14402.8,1.89993
30240,0.304049,14315.1,1.89845
30300,0.425703,14381.0,1.89957
30360,0.302251,14302.7,1.89972
30420,0.322508,14374.9,1.89965
30480,0.348139,14404.5,1.9011
30540,0.544644,14325.1,1.89962
30600,0.470596,14311.7,1.8984
30660,0.675766,14439.9,1.9018
30720,0.589254,14300.3,1.90011
30780,0.651544,14319.1,1.89986
30840,0.653066,14378.0,1.8979
30900,0.348178,14313.0,1.8997
30960,0.190341,14320.0,1.90006
31020,0.353491,14338.7,1.90088
31080,0.383061,14423.3,1.89834
31140,0.321228,14400.7,1.89728
31200,0.436158,14347.9,1.90049
31260,0.689733,14392.9,1.89908
31320,0.466036,14431.8,1.90064
31380,0.170773,14394.3,1.901
31440,0.485664,14423.6,1.89794
31500,0.61072,14367.9,1.90102
