CampaignData_and_Merges/R0/CSL_MobileLab_Parked/raw/20240814/USOS-Picarro-CO2-CH4-CO-H2O_MobileLabGround_20240814_R0.ict
38, 1001
Ilana Pollack, Nell Schafer, and Jeff Peischl
NOAA Chemical Sciences Laboratory
Picarro 2401-m CO2/CH4/CO/H2O Analyzer
USOS
1, 1
2024, 08, 14, 2024, 11, 20
0
StartTime_UTC, seconds_past_midnight, seconds past midnight
5
1, 1, 1, 1, 1
-9999, -9999, -9999, -9999, -9999
StopTime_UTC, seconds_past_midnight, seconds past midnight
CO2_ppm_1min, ppm, Gas_CO2_InSitu_S_DMF, carbon dioxide mixing ratio
CH4_ppb_1min, ppb, Gas_CH4_InSitu_S_DMF, methane mixing ratio
CO_ppb_1min, ppb, Gas_CO_InSitu_S_DMF, carbon monoxide mixing ratio
H2O_ppmv_1min, ppmv, Met_H2OMRV_InSitu_S_AVMR, water vapor mixing ratio
1
SPECIAL COMMENTS: N/A
18
PI_CONTACT_INFO: Address: NOAA Chemical Sciences Laboratory, Mail Stop CSL7, 325 Broadway, Boulder, CO 80305; Email: Ilana.Pollack@noaa.gov
PLATFORM: NOAA CSL Mobile Laboratory
LOCATION: The mobile lab was stationed in Salt Lake City, Utah.
ASSOCIATED_DATA: N/A
INSTRUMENT_INFO: CO2, CH4, and CO are reported as dry air mole fractions using a commercial wavelength-scanned cavity ring-down analyzer (Picarro 2401-m). An in-field calibration gas standard of 432±0.07 ppm CO2, 2095±1 ppb CH4, and 183±1 ppb CO, calibrated in the Boulder laboratories before and after the field project using primary CO2, CH4, and CO standard tanks tied to the WMO standard (X2019, X2004A, and X2014A, respectively) from the Global Monitoring Laboratory (GML), was delivered to the inlet every 2-3 days to evaluate instrument sensitivity. A H2O measurement was calibrated before the project with a Dew Point Mirror 373 hygrometer. The water correction calculated from these calibrations was applied to the H2O measurement for the entire campaign. Species are measured at 0.5 Hz and reported as 1-minute averages for stationary measurements.
DATA_INFO: Units: CO2, ppm, dry air mole fraction; CH4, ppb, dry air mole fraction; CO, ppb, dry air mole fraction; H2O, ppmv
UNCERTAINTY: Total uncertainties are estimated as ±0.1 ppm for CO2, ±1 ppb for CH4, ±5 ppb for CO, and ±(50 ppm + 4%) for H2O.
ULOD_FLAG: -7777
ULOD_VALUE: N/A
LLOD_FLAG: -8888
LLOD_VALUE: N/A
DM_CONTACT_INFO: Data Manager: Nathan Howard; nathan.h.howard@noaa.gov
PROJECT_INFO: USOS Dates of Study: July – August 2024
STIPULATIONS_ON_USE: Use of these data require prior ok from PI.
OTHER_COMMENTS: Data are averaged to 1 minute intervals. Stationary data collected from a 10 ft tower on top of the mobile van.
REVISION: R0
R0: Final Data
StartTime_UTC, StopTime_UTC, CO2_ppm_1min, CH4_ppb_1min, CO_ppb_1min, H2O_ppmv_1min
[from data line 1129]
67740,67800,435.29,1956.9,154.9,14531.5254
67800,67860,435.19,1956.9,152.3,14585.2959
67860,67920,435.24,1958.4,155.9,15284.9150
67920,67980,435.50,1957.7,155.6,14752.2334
67980,68040,436.79,1958.6,156.0,15293.4775
68040,68100,438.00,1958.8,160.3,15307.1875
68100,68160,437.45,1959.3,162.9,14790.8633
68160,68220,436.76,1957.9,159.8,14606.2363
68220,68280,436.71,1957.6,159.9,14668.4854
68280,68340,435.71,1954.8,151.4,14426.2783
68340,68400,435.08,1953.3,148.3,14362.2100
68400,68460,434.29,1951.0,141.4,13900.2295
68460,68520,434.40,1951.5,138.6,13997.5195
68520,68580,435.36,1955.3,145.5,14362.0059
68580,68640,438.32,1970.4,158.5,15097.3965
68640,68700,439.83,1978.1,162.8,15548.0791
68700,68760,441.86,1988.3,172.5,15986.1865
68760,68820,442.66,1994.4,176.0,16261.8447
68820,68880,443.77,2000.1,179.9,16683.9863
68880,68940,444.54,2012.4,182.0,17096.4766
68940,69000,444.84,2016.9,183.4,17344.3184
69000,69060,444.92,2018.6,183.6,17636.9980
69060,69120,445.57,2019.9,185.4,17881.9941
69120,69180,445.92,2022.1,185.2,18237.4590
69180,69240,446.06,2021.3,185.6,19009.0469
69240,69300,446.55,2024.5,189.3,19485.5703
69300,69360,447.10,2026.9,191.5,20188.1113
69360,69420,447.80,2028.6,188.9,21223.6680
69420,69480,447.87,2029.6,188.1,21920.2852
69480,69540,446.93,2028.4,187.3,21237.7715
69540,69600,447.13,2029.1,185.5,21989.7090
69600,69660,446.72,2026.8,186.5,21612.8867
69660,69720,445.96,2024.6,190.1,21188.8594
69720,69780,445.99,2025.4,192.6,21683.8379
69780,69840,440.41,2014.2,173.4,19650.2461
69840,69900,434.77,1998.8,164.7,17831.5410
69900,69960,435.29,1999.3,151.8,19263.1367
69960,70020,433.27,1990.9,143.7,18546.4609
70020,70080,431.76,1984.8,141.7,18013.9004
70080,70140,429.65,1975.7,134.0,17059.0684
70140,70200,429.09,1974.5,133.3,17730.4551
70200,70260,432.96,1977.5,149.6,18954.3457
70260,70320,466.81,1976.1,256.2,18438.5137
70320,70380,495.95,1983.3,462.6,20018.9082
70380,70440,482.46,1983.8,354.2,20249.9629
70440,70500,467.08,1982.5,325.7,20594.0898
70500,70560,447.98,1982.5,261.5,20178.4023
70560,70620,441.40,1976.1,202.0,20612.2969
70620,70680,444.72,1973.4,238.9,20641.7910
70680,70740,443.62,1972.0,230.3,20856.2988
70740,70800,457.19,1973.2,259.0,20588.3574
70800,70860,453.76,1971.1,191.4,20843.6348
70860,70920,449.88,1971.8,206.2,22156.4004
70920,70980,443.73,1971.9,211.0,22154.2441
70980,71040,434.85,1969.1,151.7,21333.4707
71040,71100,434.86,1973.3,155.9,22630.2090
71100,71160,436.99,1977.9,164.3,23912.3711
71160,71220,438.80,1980.2,183.7,24443.3438
71220,71280,438.37,1981.4,239.5,23929.7344
71280,71340,436.80,1983.5,195.5,24066.7266
71340,71400,437.38,1985.8,183.5,24319.7754
71400,71460,438.01,1988.7,197.9,24481.5117
71460,71520,440.40,1992.1,228.1,25210.3848
71520,71580,438.07,1994.9,212.5,24325.4727
71580,71640,437.20,1995.9,184.8,23317.4746
71640,71700,436.48,1995.0,183.7,22783.1016
71700,71760,435.50,1994.8,184.7,22945.4766
71760,71820,435.96,1994.6,186.9,23748.2168
71820,71880,435.27,1988.8,176.3,22092.0508
71880,71940,433.46,1984.8,174.0,21490.5879
71940,72000,430.77,1976.6,160.7,19708.6035
72000,72060,431.45,1974.0,161.3,19382.3477
72060,72120,429.89,1971.8,168.3,19131.1055
72120,72180,429.46,1970.5,159.6,19133.5059
72180,72240,427.39,1969.3,144.8,19579.1992
72240,72300,427.89,1967.1,149.4,18434.8184
72300,72360,426.57,1966.3,149.8,18017.3379
72360,72420,427.53,1968.3,163.7,19670.7500
72420,72480,427.47,1968.8,160.6,18051.6797
72480,72540,427.05,1967.4,148.1,18510.1133
72540,72600,427.28,1968.0,176.5,18876.6816
72600,72660,427.10,1968.1,241.0,18256.2422
72660,72720,427.57,1968.6,202.0,18487.5977
72720,72780,427.73,1969.1,172.9,18433.5059
72780,72840,429.63,1970.8,178.6,18682.8789
72840,72900,427.75,1970.3,174.3,18574.1133
72900,72960,427.37,1970.7,181.9,19533.7129
72960,73020,427.57,1969.1,180.7,18127.9160
73020,73080,427.05,1968.3,158.4,17803.2617
73080,73140,426.09,1968.5,150.3,17944.3125
73140,73200,423.79,1967.5,148.8,18257.6484
73200,73260,425.08,1966.8,142.0,17534.8340
73260,73320,425.53,1966.7,155.9,18053.7832
73320,73380,427.11,1966.6,156.8,17752.8867
73380,73440,429.39,1966.0,154.3,17428.4102
73440,73500,427.08,1966.1,153.9,18109.2676
73500,73560,426.46,1966.1,158.8,18158.4629
73560,73620,427.52,1965.4,148.3,16870.1973
73620,73680,431.34,1966.4,175.3,17887.8418
73680,73740,429.05,1966.8,167.8,18597.9238
73740,73800,429.12,1966.2,162.2,17887.6152
73800,73860,428.70,1964.5,152.9,16172.6191
73860,73920,429.47,1964.7,165.8,16377.3369
73920,73980,427.90,1964.4,145.6,16099.5557
73980,74040,426.02,1964.2,142.3,15425.4482
74040,74100,426.19,1965.5,151.2,16427.5410
74100,74160,424.15,1964.4,138.1,16549.7188
74160,74220,426.56,1965.5,144.5,17378.0078
74220,74280,425.13,1966.2,137.8,16504.3105
74280,74340,430.73,1966.5,177.9,16936.5605
74340,74400,425.86,1966.4,172.3,17087.0371
74400,74460,427.90,1966.6,185.5,17278.4492
74460,74520,427.46,1966.3,146.2,15983.2910
74520,74580,425.41,1965.7,132.8,16649.2188
74580,74640,426.53,1965.6,143.9,15776.3057
74640,74700,427.51,1966.1,140.2,15294.5098
74700,74760,431.26,1967.7,162.1,16334.5293
74760,74820,427.53,1966.3,148.9,16168.4932
74820,74880,428.90,1966.3,149.0,15346.6191
74880,74940,426.92,1966.3,149.1,15386.7266
74940,75000,426.12,1966.9,144.2,14656.7451
75000,75060,426.29,1967.4,153.4,14719.8369
75060,75120,427.41,1967.7,143.3,14717.5000
75120,75180,427.84,1967.7,143.2,14978.2598
75180,75240,431.40,1968.1,159.1,15638.0273
75240,75300,429.55,1967.7,175.6,14932.3779
75300,75360,430.93,1967.2,142.1,14339.2686
75360,75420,431.89,1968.1,162.0,15154.5615
75420,75480,429.96,1967.2,147.9,14388.3271
75480,75540,429.13,1968.2,155.8,14575.8301
75540,75600,428.70,1968.8,174.1,14637.0146
75600,75660,426.40,1967.5,142.1,14183.4082
75660,75720,429.54,1967.8,144.2,14862.3535
75720,75780,428.03,1967.3,141.6,14498.7441
75780,75840,432.65,1967.9,161.9,14407.6582
75840,75900,435.72,1968.6,163.0,15217.5996
75900,75960,426.78,1966.8,134.3,13494.8037
75960,76020,426.67,1967.2,143.3,14043.1338
76020,76080,429.50,1967.6,164.0,14966.8096
76080,76140,429.64,1967.7,258.1,14127.6152
76140,76200,437.93,1969.1,315.5,14829.7354
76200,76260,432.15,1968.0,178.3,13989.1348
76260,76320,428.25,1967.7,170.9,14192.2939
76320,76380,429.13,1967.2,181.2,13966.1689
76380,76440,428.61,1967.5,148.2,13488.3379
76440,76500,427.16,1967.1,146.8,13879.7549
76500,76560,426.75,1967.0,139.2,14123.5713
76560,76620,433.17,1968.3,168.4,13841.9922
76620,76680,436.18,1968.9,233.7,14251.0332
76680,76740,435.67,1969.2,189.0,14450.7676
76740,76800,436.57,1970.3,178.2,13584.1719
76800,76860,426.56,1968.4,130.4,12738.1748
76860,76920,426.14,1968.8,139.0,14058.7090
76920,76980,428.27,1969.0,155.4,13830.7988
76980,77040,428.11,1968.2,149.7,12932.2617
77040,77100,427.69,1967.6,141.8,12719.1797
77100,77160,427.41,1965.8,133.0,12439.9463
77160,77220,426.33,1965.8,135.7,12042.7949
77220,77280,428.83,1966.9,167.4,13100.7422
77280,77340,429.62,1968.1,155.9,12600.3135
77340,77400,427.75,1967.3,134.1,11817.7803
77400,77460,427.27,1967.5,132.9,12064.9590
77460,77520,427.03,1965.6,130.4,11217.4717
77520,77580,424.79,1964.7,137.6,11271.1230
77580,77640,426.21,1964.4,133.6,10185.8818
77640,77700,425.91,1963.9,118.6,10015.8555
77700,77760,425.45,1961.1,118.9,9305.5615
77760,77820,425.17,1961.2,120.6,9199.3105
77820,77880,424.98,1959.7,114.2,8867.7051
77880,77940,425.32,1962.6,118.0,9462.3799
77940,78000,425.72,1960.9,121.1,9547.0811
78000,78060,425.18,1960.8,116.8,9206.2471
78060,78120,425.20,1961.4,119.2,9461.5371
78120,78180,424.97,1961.6,115.8,9264.0605
78180,78240,424.71,1959.7,114.6,10025.9512
78240,78300,425.09,1957.9,115.1,9308.7773
78300,78360,425.65,1962.3,121.3,9505.6338
78360,78420,426.21,1966.1,122.9,9744.9375
78420,78480,427.13,1967.3,126.4,9844.9980
78480,78540,426.78,1967.5,129.2,9721.0977
78540,78600,427.38,1969.5,127.2,10109.0352
78600,78660,426.71,1968.4,128.6,10522.7188
78660,78720,427.49,1968.4,128.0,10268.6289
78720,78780,427.80,1969.2,129.5,10403.9697
78780,78840,427.92,1969.5,129.9,10452.6855
78840,78900,427.67,1970.0,127.9,10299.7617
78900,78960,427.45,1969.8,129.0,10488.1318
78960,79020,427.66,1969.3,132.9,10462.2598
79020,79080,427.43,1969.4,131.2,11014.8896
79080,79140,427.51,1969.6,130.9,11629.3262
79140,79200,427.01,1969.8,139.4,11757.8750
79200,79260,427.43,1969.3,133.0,11140.5313
79260,79320,427.59,1969.3,130.8,11648.3760
79320,79380,427.00,1969.0,131.3,10923.2266
79380,79440,426.75,1969.4,129.1,11112.3379
79440,79500,427.01,1970.2,130.2,11114.5059
79500,79560,427.05,1970.0,131.1,11257.6523
79560,79620,426.88,1970.5,130.7,11481.7109
79620,79680,426.71,1970.8,133.7,11704.6602
79680,79740,426.59,1968.2,128.6,10529.7188
79740,79800,425.85,1967.9,127.2,11098.9893
79800,79860,425.87,1968.1,128.9,11048.6152
79860,79920,427.46,1968.9,131.0,11217.3008
79920,79980,425.96,1966.8,128.1,10630.4600
79980,80040,426.16,1965.2,124.2,10046.1289
80040,80100,428.15,1965.0,124.7,10194.1875
80100,80160,427.19,1966.3,126.1,10496.5537
80160,80220,428.35,1966.4,139.6,10083.5928
80220,80280,426.54,1966.4,128.0,10047.1230
80280,80340,426.87,1966.5,131.2,9945.1660
80340,80400,427.65,1965.7,124.4,10402.0410
80400,80460,426.61,1965.0,124.2,9876.8955
80460,80520,426.75,1966.3,125.1,9813.6094
80520,80580,427.02,1965.3,125.5,10192.8242
80580,80640,425.88,1964.1,124.9,10094.9590
80640,80700,425.55,1965.2,126.2,11035.1924
80700,80760,425.81,1964.8,126.4,10888.8584
80760,80820,425.69,1962.8,124.4,10173.9150
80820,80880,425.20,1961.9,120.9,10300.7617
80880,80940,425.50,1962.6,124.1,10328.4102
80940,81000,426.59,1961.8,122.4,9828.6660
81000,81060,431.58,1962.1,124.5,10042.1543
81060,81120,425.90,1961.9,129.5,10179.9121
81120,81180,426.37,1961.8,122.7,9467.4736
81180,81240,426.29,1961.8,123.2,9491.1465
81240,81300,426.32,1961.5,125.1,9574.7754
81300,81360,428.17,1961.4,125.6,9806.5713
81360,81420,426.47,1959.6,120.6,10057.1387
81420,81480,425.56,1957.5,117.4,10028.3496
81480,81540,425.41,1958.2,117.4,10201.2666
81540,81600,429.36,1965.5,128.7,10518.5732
81600,81660,427.56,1965.8,129.4,11152.9531
81660,81720,428.29,1972.2,135.9,11012.8965
81720,81780,428.76,1971.4,135.5,10885.8154
81780,81840,428.46,1970.7,135.6,11593.7539
81840,81900,428.44,1969.7,134.2,11206.0244
81900,81960,428.26,1966.5,129.5,10641.5107
81960,82020,428.60,1963.9,127.1,10251.6162
82020,82080,429.47,1966.7,130.0,11121.6592
82080,82140,429.50,1971.9,136.4,11296.7227
82140,82200,427.86,1971.5,136.3,11270.1641
82200,82260,429.53,1969.9,134.5,10351.4287
82260,82320,429.55,1970.3,136.4,10377.6074
82320,82380,432.86,1971.0,144.4,10645.2129
82380,82440,430.15,1971.8,149.7,12412.7568
82440,82500,429.54,1972.1,142.9,11022.8545
82500,82560,430.96,1972.1,144.3,10819.7188
82560,82620,430.77,1973.8,142.3,11262.1484
82620,82680,429.46,1976.0,141.3,11423.4697
82680,82740,429.21,1975.2,140.1,11465.7441
82740,82800,429.38,1975.5,142.6,11777.3887
82800,82860,430.20,1974.8,142.5,11347.9336
82860,82920,430.10,1974.6,139.5,10934.1953
82920,82980,430.14,1974.3,138.6,11049.7773
82980,83040,429.96,1974.2,141.4,11476.4736
83040,83100,430.13,1975.0,146.3,11611.5352
83100,83160,429.82,1974.7,144.2,11689.1328
83160,83220,430.40,1973.8,141.2,11826.7412
83220,83280,429.63,1974.4,139.8,11880.8057
83280,83340,429.51,1974.4,138.6,11736.2939
83340,83400,429.69,1974.7,140.1,11620.5957
83400,83460,429.30,1973.6,139.1,11975.5381
83460,83520,429.70,1972.9,139.9,11448.9004
83520,83580,429.78,1973.1,141.1,11099.8145
83580,83640,430.78,1973.7,140.8,11916.2422
83640,83700,430.65,1973.7,141.9,11679.7900
83700,83760,429.99,1973.6,143.8,11967.6816
83760,83820,429.94,1974.0,145.0,12998.1904
83820,83880,432.22,1977.9,147.6,11940.4951
83880,83940,432.00,1979.1,149.5,11599.2627
83940,84000,434.00,1979.0,153.3,12481.7139
84000,84060,432.64,1976.7,151.4,12241.3262
84060,84120,431.02,1977.9,146.1,11610.7441
84120,84180,431.73,1978.8,148.5,11449.2402
84180,84240,431.40,1977.0,148.8,11629.7803
84240,84300,431.44,1976.1,146.9,11856.3643
84300,84360,431.24,1976.1,146.8,11706.3857
84360,84420,431.15,1976.7,148.3,11628.4297
84420,84480,431.34,1976.0,160.2,11245.0322
84480,84540,430.96,1976.0,147.7,11501.9639
84540,84600,431.59,1978.1,148.1,11726.5498
84600,84660,430.98,1976.3,147.1,11554.8232
84660,84720,430.31,1975.3,144.1,11698.2588
84720,84780,431.04,1976.4,146.8,11869.2705
84780,84840,432.80,1975.4,154.3,11690.1709
84840,84900,433.25,1975.2,154.1,11974.2852
84900,84960,433.48,1973.9,151.4,11575.7383
84960,85020,431.65,1972.4,144.0,11125.1699
85020,85080,430.55,1972.6,140.9,11136.3076
85080,85140,431.79,1972.5,145.8,11227.9424
85140,85200,436.76,1973.3,174.6,11282.5313
85200,85260,438.74,1973.6,180.3,12394.0215
85260,85320,442.21,1973.8,162.7,11919.4941
85320,85380,432.81,1973.5,148.0,10675.5479
85380,85440,430.68,1973.2,140.0,10604.0703
85440,85500,432.94,1973.2,144.3,10798.4258
85500,85560,432.70,1973.7,149.8,11301.6387
85560,85620,432.27,1972.9,145.8,10644.2451
85620,85680,433.54,1972.6,152.9,10644.0898
85680,85740,435.87,1972.9,171.4,10846.7900
85740,85800,436.90,1972.0,173.2,11027.0713
85800,85860,436.98,1972.1,165.2,11460.3369
85860,85920,437.82,1972.7,184.9,11337.7510
85920,85980,436.66,1972.3,178.3,11537.8496
85980,86040,439.20,1972.0,206.1,11728.1357
86040,86100,437.62,1971.8,189.3,11162.3193
86100,86160,440.06,1971.7,161.0,11815.2725
86160,86220,437.33,1972.5,253.6,11333.5303
86220,86280,431.79,1971.3,157.6,10941.5010
86280,86340,434.08,1972.1,158.6,11201.0693
86340,86400,433.64,1971.7,153.4,10949.2754
