CampaignData_and_Merges/R0/CSL_MobileLab_Parked/raw/20240814/USOS-jNO2_MobileLabGround_20240814_R0.ict
52,1001
Waxman, E.; Rollins, A.; Zuraski, K.; Chace, W.
NOAA Chemical Sciences Laboratory
jNO2 filter radiometer on CSL Mobile Lab
AMMBEC / USOS
1, 1
2024,08,14, 2025,04,01
60
Time_Start, seconds, number_of_seconds_since_0000_UTC
20
1, 1, 1, 1, 1, 1, 1, 1, 1, 1, 1, 1, 1, 1, 1, 1, 1, 1, 1, 1
-9999, -9999, -9999, -9999, -9999, -9999, -9999, -9999, -9999, -9999, -9999, -9999, -9999, -9999, -9999, -9999, -9999, -9999, -9999, -9999
Time_Stop, seconds, number_of_seconds_since_0000_UTC
jNO2_meas, per second, photolysis rate of NO2 measured using a filter radiometer.
jBrCl, per second, photolysis rate of BrCl -> Br + Cl calculated in TUV for cloud-free sky with local AOD
jBr2, per second, photolysis rate of Br2 -> Br + Br calculated in TUV for cloud-free sky with local AOD
jCCl4, per second, photolysis rate of CCl4 -> Products calcualted in TUV for cloud-free sky with local AOD
jCH2Oa, per second, photolysis rate of CH2O -> H + HCO calculated in TUV for cloud-free sky with local AOD
jCH2Ob, per second, photolysis rate of CH2O -> H2 + CO calculated in TUV for cloud-free sky with local AOD
jClNO2, per second, photolysis rate of ClNO2 -> Cl + NO2 calculated in TUV for cloud-free sky with local AOD
jClOa, per second, photolysis rate of ClO -> Cl + O(1D) calculated in TUV for cloud-free sky with local AOD
jClOb, per second, photolysis rate of ClO -> Cl + O(3P) calculated in TUV for cloud-free sky with local AOD
jCl2, per second, photolysis rate of Cl2 -> Cl + Cl calculated in TUV for cloud-free sky with local AOD
jHNO2, per second, photolysis rate of HNO2 -> OH + NO calculated in TUV for cloud-free sky with local AOD
jHNO3, per second, photolysis rate of HNO3 -> OH + NO2 calculated in TUV for cloud-free sky with local AOD
jI2, per second, photolysis rate of I2 -> I + I calculated in TUV for cloud-free sky with local AOD
jNO2, per second, photolysis rate of NO2 -> NO + O(3P) calculated in TUV for cloud-free sky with local AOD
jNO3a, per second, photolysis rate of NO3 -> NO + O2 calculated in TUV for cloud-free sky with local AOD
jNO3b, per second, photolysis rate of NO3 -> NO2 + O(3P) calculated in TUV for cloud-free sky with local AOD
jN2O5, per second, photolysis rate of N2O5 -> NO3 + NO + O(3P) calculated in TUV for cloud-free sky with local AOD
jO3, per second, photolysis rate of O3 -> O2 + O(1D) calculated in TUV for cloud-free sky with local AOD
AOD_500nm, unitless, UTC daily mean AOD at 500 nm from an AERONET station located at 40.178 N, -112.452 E
0
18
PI_CONTACT_INFO: eleanor.waxman@noaa.gov
PLATFORM: CSL Mobile Lab, at ground site
LOCATION: Salt Lake City, UT
ASSOCIATED_DATA:
INSTRUMENT_INFO: jNO2 filter radiometer.  TUV calculations are for mobile van lat/lon/altitude assuming clear sky (cloud AOD = 0) and daily mean AOD.
DATA_INFO:
UNCERTAINTY: Data uncertainties are +/- 20%.  These come from uncertainties in radiometer angular response, radiometer thermal response, local interferences from clouds/aerosols/shadows etc.
ULOD_FLAG: -7777
ULOD_VALUE: N/A
LLOD_FLAG: -8888
LLOD_VALUE: N/A
DM_CONTACT_INFO: eleanor.waxman@noaa.gov
PROJECT_INFO: USOS Project, July - August 2024
STIPULATIONS_ON_USE: Users are strongly encouraged to contact the PI for proper data usage.
OTHER_COMMENTS: 
REVISION: R0
R0: final data
Time_Start, Time_Stop, jNO2_meas, jBrCl, jBr2, jCCl4, jCH2Oa, jCH2Ob, jClNO2, jClOa, jClOb, jCl2, jHNO2, jHNO3, jI2, jNO2, jNO3a, jNO3b, jN2O5, jO3, AOD_500nm
[from data line 735]
   44100,   44160,7.9035e-06,6.123e-06,1.789e-05,3.792e-28,5.433e-09,1.617e-08,1.733e-07,1.508e-28,2.406e-09,1.054e-06,7.91e-07,6.561e-11,4.809e-05,5.028e-06,5.555e-06,5.937e-05,1.33e-08,1.679e-09,0.079
   44160,   44220,5.1347e-06,7.617e-06,2.242e-05,4.826e-28,6.626e-09,1.979e-08,2.128e-07,1.921e-28,2.95e-09,1.298e-06,9.743e-07,8.019e-11,6.111e-05,6.211e-06,7.337e-06,7.614e-05,1.632e-08,2.059e-09,0.079
   44220,   44280,1.157e-05,9.146e-06,2.713e-05,5.834e-28,7.8e-09,2.341e-08,2.523e-07,2.323e-28,3.471e-09,1.543e-06,1.159e-06,9.444e-11,7.509e-05,7.404e-06,9.346e-06,9.446e-05,1.933e-08,2.426e-09,0.079
   44280,   44340,8.7967e-06,1.116e-05,3.338e-05,7.114e-28,9.286e-09,2.805e-08,3.032e-07,2.833e-28,4.119e-09,1.862e-06,1.398e-06,1.124e-10,9.397e-05,8.957e-06,1.217e-05,0.0001195,2.322e-08,2.884e-09,0.079
   44340,   44400,9.5883e-06,1.377e-05,4.155e-05,8.787e-28,1.117e-08,3.4e-08,3.687e-07,3.502e-28,4.941e-09,2.273e-06,1.708e-06,1.353e-10,0.0001189,1.097e-05,1.602e-05,0.000153,2.821e-08,3.467e-09,0.079
   44400,   44460,1.3311e-05,1.639e-05,4.983e-05,1.036e-27,1.299e-08,3.98e-08,4.329e-07,4.129e-28,5.703e-09,2.677e-06,2.011e-06,1.572e-10,0.0001451,1.295e-05,2.012e-05,0.0001885,3.308e-08,4.012e-09,0.079
   44460,   44520,1.3534e-05,1.964e-05,6.023e-05,1.223e-27,1.519e-08,4.69e-08,5.114e-07,4.877e-28,6.604e-09,3.173e-06,2.385e-06,1.835e-10,0.0001785,1.54e-05,2.543e-05,0.0002342,3.904e-08,4.66e-09,0.079
   44520,   44580,1.4334e-05,2.347e-05,7.26e-05,1.435e-27,1.771e-08,5.512e-08,6.026e-07,5.723e-28,7.615e-09,3.753e-06,2.82e-06,2.136e-10,0.000219,1.825e-05,3.191e-05,0.0002898,4.597e-08,5.391e-09,0.079
   44580,   44640,2.0176e-05,2.772e-05,8.642e-05,1.66e-27,2.045e-08,6.411e-08,7.024e-07,6.623e-28,8.685e-09,4.388e-06,3.298e-06,2.461e-10,0.0002648,2.139e-05,3.929e-05,0.0003531,5.353e-08,6.169e-09,0.079
   44640,   44700,2.1743e-05,3.29e-05,0.0001034,1.923e-27,2.373e-08,7.492e-08,8.227e-07,7.67e-28,9.933e-09,5.156e-06,3.874e-06,2.848e-10,0.0003219,2.519e-05,4.85e-05,0.0004323,6.264e-08,7.081e-09,0.079
   44700,   44760,2.7212e-05,3.893e-05,0.0001233,2.215e-27,2.749e-08,8.735e-08,9.611e-07,8.833e-28,1.132e-08,6.043e-06,4.539e-06,3.288e-10,0.0003896,2.957e-05,5.942e-05,0.0005265,7.312e-08,8.105e-09,0.079
   44760,   44820,2.8621e-05,4.567e-05,0.0001457,2.505e-27,3.159e-08,1.011e-07,1.114e-06,9.989e-28,1.278e-08,7.027e-06,5.276e-06,3.765e-10,0.0004657,3.445e-05,7.165e-05,0.0006325,8.469e-08,9.185e-09,0.079
   44820,   44880,3.0164e-05,5.199e-05,0.0001671,2.795e-27,3.547e-08,1.138e-07,1.256e-06,1.114e-27,1.414e-08,7.936e-06,5.952e-06,4.213e-10,0.0005415,3.894e-05,8.395e-05,0.0007392,9.541e-08,1.02e-08,0.079
   44880,   44940,3.3253e-05,6.037e-05,0.0001952,3.149e-27,4.053e-08,1.307e-07,1.443e-06,1.255e-27,1.588e-08,9.142e-06,6.853e-06,4.796e-10,0.0006396,4.491e-05,9.981e-05,0.000877,1.096e-07,1.149e-08,0.079
   44940,   45000,3.5896e-05,7.014e-05,0.000228,3.543e-27,4.637e-08,1.502e-07,1.661e-06,1.412e-27,1.787e-08,1.055e-05,7.903e-06,5.467e-10,0.000753,5.189e-05,0.0001179,0.001036,1.26e-07,1.298e-08,0.079
   45000,   45060,4.4418e-05,7.866e-05,0.0002571,3.859e-27,5.15e-08,1.671e-07,1.848e-06,1.537e-27,1.951e-08,1.175e-05,8.796e-06,6.046e-10,0.0008583,5.785e-05,0.000135,0.001185,1.402e-07,1.421e-08,0.079
   45060,   45120,4.8697e-05,9.1e-05,0.0002987,4.315e-27,5.887e-08,1.916e-07,2.121e-06,1.718e-27,2.19e-08,1.352e-05,1.011e-05,6.883e-10,0.001004,6.662e-05,0.0001583,0.00139,1.608e-07,1.602e-08,0.079
   45120,   45180,5.519e-05,0.0001007,0.0003319,4.643e-27,6.473e-08,2.107e-07,2.332e-06,1.848e-27,2.369e-08,1.488e-05,1.112e-05,7.537e-10,0.001124,7.335e-05,0.0001778,0.001562,1.768e-07,1.738e-08,0.079
   45180,   45240,6.5001e-05,0.0001167,0.0003859,5.193e-27,7.436e-08,2.428e-07,2.689e-06,2.066e-27,2.672e-08,1.718e-05,1.284e-05,8.623e-10,0.001312,8.48e-05,0.0002081,0.001827,2.038e-07,1.968e-08,0.079
   45240,   45300,7.2252e-05,0.0001282,0.0004257,5.55e-27,8.149e-08,2.657e-07,2.941e-06,2.207e-27,2.881e-08,1.88e-05,1.403e-05,9.408e-10,0.001459,9.281e-05,0.000232,0.002037,2.229e-07,2.128e-08,0.079
   45300,   45360,7.688e-05,0.0001407,0.0004684,5.925e-27,8.923e-08,2.906e-07,3.215e-06,2.354e-27,3.108e-08,2.056e-05,1.533e-05,1.026e-09,0.001614,0.0001015,0.0002571,0.00226,2.437e-07,2.301e-08,0.079
   45360,   45420,8.2698e-05,0.0001559,0.0005202,6.372e-27,9.875e-08,3.211e-07,3.551e-06,2.53e-27,3.385e-08,2.272e-05,1.693e-05,1.131e-09,0.0018,0.0001122,0.000287,0.002526,2.691e-07,2.513e-08,0.079
   45420,   45480,9.2864e-05,0.0001733,0.0005792,6.872e-27,1.097e-07,3.564e-07,3.939e-06,2.727e-27,3.704e-08,2.521e-05,1.877e-05,1.251e-09,0.002011,0.0001245,0.0003208,0.002826,2.986e-07,2.756e-08,0.079
   45480,   45540,0.00010251,0.000192,0.0006425,7.404e-27,1.217e-07,3.949e-07,4.361e-06,2.936e-27,4.049e-08,2.792e-05,2.078e-05,1.383e-09,0.002236,0.0001378,0.0003571,0.003148,3.306e-07,3.021e-08,0.079
   45540,   45600,0.00011397,0.000213,0.0007173,8.966e-27,1.351e-07,4.375e-07,4.827e-06,3.201e-27,4.429e-08,3.09e-05,2.298e-05,1.529e-09,0.002565,0.0001525,0.0004709,0.003746,3.66e-07,3.312e-08,0.079
   45600,   45660,0.00011995,0.0002322,0.0007857,9.337e-27,1.477e-07,4.767e-07,5.254e-06,3.384e-27,4.78e-08,3.362e-05,2.498e-05,1.665e-09,0.002856,0.0001658,0.0005524,0.004242,3.984e-07,3.581e-08,0.079
   45660,   45720,0.00013051,0.0002516,0.0008555,9.734e-27,1.605e-07,5.161e-07,5.68e-06,3.563e-27,5.132e-08,3.634e-05,2.697e-05,1.803e-09,0.003168,0.0001791,0.0006454,0.00479,4.308e-07,3.85e-08,0.079
   45720,   45780,0.00014556,0.0002734,0.0009361,1.016e-26,1.75e-07,5.603e-07,6.158e-06,3.756e-27,5.529e-08,3.938e-05,2.92e-05,1.959e-09,0.003545,0.000194,0.0007617,0.005466,4.673e-07,4.153e-08,0.079
   45780,   45840,0.00015411,0.0002966,0.001023,1.062e-26,1.904e-07,6.067e-07,6.659e-06,3.952e-27,5.948e-08,4.257e-05,3.152e-05,2.123e-09,0.00397,0.0002094,0.0008951,0.006237,5.054e-07,4.472e-08,0.079
   45840,   45900,0.00017157,0.0003198,0.001112,1.107e-26,2.057e-07,6.527e-07,7.154e-06,4.14e-27,6.366e-08,4.572e-05,3.38e-05,2.287e-09,0.004419,0.0002247,0.001036,0.007057,5.432e-07,4.79e-08,0.079
   45900,   45960,0.00017873,0.0003459,0.001214,1.155e-26,2.229e-07,7.038e-07,7.702e-06,4.341e-27,6.834e-08,4.921e-05,3.632e-05,2.471e-09,0.004947,0.0002415,0.001201,0.008023,5.851e-07,5.144e-08,0.079
   45960,   46020,0.00019261,0.0003736,0.001325,1.205e-26,2.411e-07,7.571e-07,8.272e-06,4.545e-27,7.328e-08,5.285e-05,3.894e-05,2.665e-09,0.005529,0.000259,0.001379,0.009083,6.287e-07,5.516e-08,0.079
   46020,   46080,0.00020872,0.0004011,0.001436,1.253e-26,2.591e-07,8.093e-07,8.83e-06,4.737e-27,7.817e-08,5.642e-05,4.149e-05,2.856e-09,0.006123,0.000276,0.001557,0.01016,6.715e-07,5.884e-08,0.079
   46080,   46140,0.00022553,0.0004319,0.001562,1.304e-26,2.791e-07,8.667e-07,9.442e-06,4.941e-27,8.362e-08,6.034e-05,4.428e-05,3.069e-09,0.006802,0.0002947,0.001756,0.01139,7.185e-07,6.291e-08,0.079
   46140,   46200,0.00023606,0.0004646,0.001697,1.356e-26,3.001e-07,9.265e-07,1.008e-05,5.148e-27,8.936e-08,6.443e-05,4.718e-05,3.292e-09,0.007532,0.0003142,0.001966,0.01269,7.674e-07,6.719e-08,0.079
   46200,   46260,0.00025099,0.000497,0.001832,1.406e-26,3.208e-07,9.848e-07,1.07e-05,5.343e-27,9.505e-08,6.842e-05,4.999e-05,3.512e-09,0.008261,0.0003331,0.00217,0.01399,8.151e-07,7.139e-08,0.079
   46260,   46320,0.00026686,0.0005332,0.001984,1.46e-26,3.438e-07,1.049e-06,1.138e-05,5.551e-27,1.014e-07,7.282e-05,5.306e-05,3.756e-09,0.009078,0.000354,0.002393,0.01543,8.676e-07,7.606e-08,0.079
   46320,   46380,0.0002836,0.0005712,0.002144,1.513e-26,3.678e-07,1.115e-06,1.209e-05,5.759e-27,1.08e-07,7.737e-05,5.624e-05,4.011e-09,0.009936,0.0003755,0.002623,0.01693,9.219e-07,8.094e-08,0.079
   46380,   46440,0.00030314,0.0006086,0.002303,1.564e-26,3.913e-07,1.179e-06,1.277e-05,5.956e-27,1.146e-07,8.181e-05,5.932e-05,4.261e-09,0.01078,0.0003966,0.002843,0.01839,9.748e-07,8.572e-08,0.079
   46440,   46500,0.00031378,0.0006501,0.002478,1.618e-26,4.172e-07,1.25e-06,1.352e-05,6.165e-27,1.219e-07,8.668e-05,6.267e-05,4.536e-09,0.0117,0.0004196,0.00308,0.01998,1.033e-06,9.1e-08,0.079
   46500,   46560,0.00033561,0.0006935,0.002662,1.674e-26,4.442e-07,1.322e-06,1.429e-05,6.376e-27,1.296e-07,9.172e-05,6.615e-05,4.825e-09,0.01266,0.0004436,0.003321,0.02162,1.092e-06,9.653e-08,0.079
   46560,   46620,0.00035601,0.0007359,0.002842,1.726e-26,4.707e-07,1.393e-06,1.504e-05,6.575e-27,1.372e-07,9.663e-05,6.952e-05,5.106e-09,0.01358,0.000467,0.003549,0.02319,1.151e-06,1.019e-07,0.079
   46620,   46680,0.00037078,0.0007828,0.003039,1.781e-26,4.998e-07,1.47e-06,1.586e-05,6.786e-27,1.456e-07,0.000102,7.321e-05,5.418e-09,0.01459,0.0004927,0.003794,0.02489,1.214e-06,1.079e-07,0.079
   46680,   46740,0.0003926,0.0008313,0.003243,1.838e-26,5.3e-07,1.549e-06,1.671e-05,6.998e-27,1.545e-07,0.0001076,7.701e-05,5.741e-09,0.01562,0.0005193,0.004039,0.02662,1.28e-06,1.142e-07,0.079
   46740,   46800,0.0004127,0.0008786,0.003441,1.891e-26,5.595e-07,1.625e-06,1.753e-05,7.198e-27,1.632e-07,0.000113,8.069e-05,6.057e-09,0.0166,0.0005452,0.00427,0.02826,1.344e-06,1.203e-07,0.079
   46800,   46860,0.00042747,0.0009301,0.003656,1.947e-26,5.918e-07,1.709e-06,1.843e-05,7.411e-27,1.728e-07,0.0001189,8.471e-05,6.404e-09,0.01766,0.0005736,0.004514,0.03001,1.413e-06,1.27e-07,0.079
   46860,   46920,0.00045329,0.0009834,0.003877,2.003e-26,6.253e-07,1.795e-06,1.935e-05,7.625e-27,1.83e-07,0.0001249,8.887e-05,6.765e-09,0.01873,0.000603,0.004759,0.03179,1.485e-06,1.34e-07,0.079
   46920,   46980,0.00047228,0.001035,0.004089,2.057e-26,6.58e-07,1.878e-06,2.025e-05,7.826e-27,1.929e-07,0.0001308,9.289e-05,7.117e-09,0.01975,0.0006316,0.004988,0.03346,1.555e-06,1.409e-07,0.079
   46980,   47040,0.00049013,0.001091,0.004318,2.115e-26,6.938e-07,1.968e-06,2.122e-05,8.041e-27,2.04e-07,0.0001373,9.73e-05,7.504e-09,0.02084,0.000663,0.00523,0.03524,1.631e-06,1.484e-07,0.079
   47040,   47100,0.00050947,0.001148,0.004552,2.173e-26,7.308e-07,2.061e-06,2.223e-05,8.257e-27,2.156e-07,0.0001439,0.0001018,7.905e-09,0.02193,0.0006953,0.005471,0.03702,1.71e-06,1.563e-07,0.079
   47100,   47160,0.0005367,0.001203,0.004774,2.227e-26,7.666e-07,2.151e-06,2.32e-05,8.46e-27,2.269e-07,0.0001502,0.0001062,8.294e-09,0.02296,0.0007266,0.005694,0.03869,1.785e-06,1.64e-07,0.079
   47160,   47220,0.00055536,0.001263,0.005014,2.285e-26,8.06e-07,2.249e-06,2.427e-05,8.677e-27,2.395e-07,0.0001572,0.000111,8.724e-09,0.02405,0.0007608,0.00593,0.04047,1.868e-06,1.724e-07,0.079
   47220,   47280,0.00057757,0.001324,0.005256,2.343e-26,8.467e-07,2.35e-06,2.536e-05,8.895e-27,2.527e-07,0.0001644,0.0001159,9.168e-09,0.02515,0.0007961,0.006164,0.04224,1.953e-06,1.812e-07,0.079
   47280,   47340,0.00060088,0.001382,0.005486,2.4e-26,8.861e-07,2.447e-06,2.642e-05,9.102e-27,2.656e-07,0.0001713,0.0001207,9.6e-09,0.02618,0.0008301,0.006381,0.04389,2.036e-06,1.898e-07,0.079
   47340,   47400,0.00061852,0.001445,0.005733,2.459e-26,9.293e-07,2.552e-06,2.757e-05,9.321e-27,2.799e-07,0.0001787,0.0001259,1.007e-08,0.02727,0.0008672,0.006609,0.04564,2.126e-06,1.993e-07,0.079
   47400,   47460,0.00064365,0.001509,0.005981,2.518e-26,9.738e-07,2.661e-06,2.875e-05,9.542e-27,2.948e-07,0.0001864,0.0001312,1.057e-08,0.02835,0.0009052,0.006834,0.04737,2.218e-06,2.091e-07,0.079
   47460,   47520,0.00066551,0.001569,0.006215,2.575e-26,1.017e-06,2.765e-06,2.989e-05,9.75e-27,3.095e-07,0.0001938,0.0001363,1.104e-08,0.02937,0.0009417,0.007043,0.04898,2.307e-06,2.187e-07,0.079
   47520,   47580,0.00068549,0.001635,0.006465,2.635e-26,1.064e-06,2.879e-06,3.113e-05,9.973e-27,3.257e-07,0.0002018,0.0001419,1.156e-08,0.03044,0.0009814,0.007261,0.05069,2.404e-06,2.293e-07,0.079
   47580,   47640,0.00071096,0.0017,0.006716,2.696e-26,1.113e-06,2.995e-06,3.24e-05,1.02e-26,3.426e-07,0.0002099,0.0001476,1.21e-08,0.0315,0.001022,0.007477,0.05237,2.503e-06,2.403e-07,0.079
   47640,   47700,0.00073304,0.001763,0.006952,2.753e-26,1.16e-06,3.108e-06,3.362e-05,1.041e-26,3.591e-07,0.0002178,0.0001531,1.263e-08,0.0325,0.001061,0.007677,0.05394,2.599e-06,2.51e-07,0.079
   47700,   47760,0.00075447,0.00183,0.007204,2.815e-26,1.211e-06,3.23e-06,3.495e-05,1.063e-26,3.775e-07,0.0002263,0.0001591,1.32e-08,0.03354,0.001103,0.007886,0.05559,2.703e-06,2.628e-07,0.079
   47760,   47820,0.00077454,0.001897,0.007454,2.876e-26,1.264e-06,3.355e-06,3.631e-05,1.086e-26,3.965e-07,0.0002349,0.0001651,1.379e-08,0.03457,0.001146,0.008091,0.05722,2.809e-06,2.749e-07,0.079
   47820,   47880,0.00080122,0.001961,0.00769,2.935e-26,1.315e-06,3.475e-06,3.762e-05,1.108e-26,4.152e-07,0.0002432,0.000171,1.437e-08,0.03554,0.001187,0.008282,0.05873,2.911e-06,2.869e-07,0.079
   47880,   47940,0.00082998,0.00203,0.007941,2.997e-26,1.37e-06,3.606e-06,3.904e-05,1.131e-26,4.358e-07,0.0002521,0.0001773,1.5e-08,0.03655,0.001231,0.008481,0.06032,3.022e-06,3e-07,0.079
   47940,   48000,0.00085235,0.002098,0.00819,3.06e-26,1.428e-06,3.74e-06,4.048e-05,1.154e-26,4.572e-07,0.0002612,0.0001837,1.564e-08,0.03756,0.001276,0.008677,0.06189,3.136e-06,3.136e-07,0.079
   48000,   48060,0.00087897,0.002163,0.008425,3.121e-26,1.483e-06,3.868e-06,4.187e-05,1.176e-26,4.782e-07,0.0002699,0.0001899,1.627e-08,0.03849,0.001319,0.008858,0.06334,3.245e-06,3.268e-07,0.079
   48060,   48120,0.00097875,0.002232,0.008673,3.185e-26,1.543e-06,4.007e-06,4.338e-05,1.199e-26,5.014e-07,0.0002793,0.0001965,1.696e-08,0.03947,0.001365,0.009047,0.06487,3.363e-06,3.414e-07,0.079
   48120,   48180,0.0010924,0.002301,0.008918,3.249e-26,1.605e-06,4.149e-06,4.491e-05,1.222e-26,5.253e-07,0.0002887,0.0002032,1.766e-08,0.04043,0.001412,0.009232,0.06637,3.483e-06,3.564e-07,0.079
   48180,   48240,0.0010808,0.002367,0.009149,3.31e-26,1.665e-06,4.286e-06,4.637e-05,1.245e-26,5.488e-07,0.0002978,0.0002097,1.835e-08,0.04133,0.001456,0.009404,0.06776,3.599e-06,3.711e-07,0.079
   48240,   48300,0.0010173,0.002436,0.009393,3.376e-26,1.729e-06,4.433e-06,4.796e-05,1.269e-26,5.747e-07,0.0003075,0.0002166,1.909e-08,0.04227,0.001504,0.009583,0.06922,3.724e-06,3.872e-07,0.079
   48300,   48360,0.0011488,0.002505,0.009636,3.442e-26,1.796e-06,4.584e-06,4.957e-05,1.293e-26,6.016e-07,0.0003174,0.0002236,1.986e-08,0.0432,0.001552,0.009759,0.07066,3.851e-06,4.039e-07,0.079
   48360,   48420,0.0013933,0.002571,0.009863,3.504e-26,1.86e-06,4.728e-06,5.112e-05,1.315e-26,6.278e-07,0.0003268,0.0002303,2.06e-08,0.04406,0.001598,0.009922,0.07199,3.972e-06,4.201e-07,0.079
   48420,   48480,0.0015207,0.00264,0.0101,3.572e-26,1.93e-06,4.885e-06,5.278e-05,1.34e-26,6.567e-07,0.0003369,0.0002375,2.141e-08,0.04497,0.001647,0.01009,0.07338,4.104e-06,4.38e-07,0.079
   48480,   48540,0.0015678,0.002709,0.01034,3.64e-26,2.001e-06,5.043e-06,5.446e-05,1.364e-26,6.865e-07,0.0003471,0.0002448,2.224e-08,0.04586,0.001696,0.01026,0.07475,4.237e-06,4.564e-07,0.079
   48540,   48600,0.0016294,0.002775,0.01056,3.704e-26,2.069e-06,5.195e-06,5.607e-05,1.388e-26,7.156e-07,0.0003568,0.0002517,2.304e-08,0.04668,0.001743,0.01041,0.07602,4.365e-06,4.743e-07,0.079
   48600,   48660,0.0016763,0.002844,0.01079,3.773e-26,2.144e-06,5.359e-06,5.781e-05,1.413e-26,7.477e-07,0.0003672,0.0002591,2.391e-08,0.04755,0.001793,0.01057,0.07735,4.502e-06,4.939e-07,0.079
   48660,   48720,0.0017134,0.002913,0.01103,3.843e-26,2.22e-06,5.526e-06,5.957e-05,1.438e-26,7.809e-07,0.0003777,0.0002665,2.481e-08,0.0484,0.001843,0.01073,0.07866,4.642e-06,5.142e-07,0.079
   48720,   48780,0.0016373,0.002977,0.01124,3.909e-26,2.293e-06,5.685e-06,6.125e-05,1.462e-26,8.132e-07,0.0003876,0.0002736,2.567e-08,0.04919,0.001891,0.01088,0.07987,4.775e-06,5.34e-07,0.079
   48780,   48840,0.0015776,0.003046,0.01147,3.979e-26,2.372e-06,5.856e-06,6.304e-05,1.487e-26,8.485e-07,0.0003982,0.0002812,2.66e-08,0.05002,0.001942,0.01103,0.08113,4.918e-06,5.555e-07,0.079
