CampaignData_and_Merges/R0/CSL_MobileLab_Parked/raw/20240814/USOS-NOAAIodideCIMS-HNO3_MobileLabGround_20240814_RA.ict
33, 1001
Michael A Robinson, Chris Jernigan, Subi Thakali
NOAA ESRL Chemical Sciences Laboratory and CIRES, U. of Colorado
NOAA Iodide CIMS Instrument
USOS
1, 1
2024, 08, 14, 2024, 08, 15
1
starttime_UTC, seconds_past_midnight, seconds_of_day_since_00:00:00_UTC
1
1
-9999
HNO3_NOAACIMS, pptv, Gas_HNO3_InSitu_S_AVMR, 
0
18
PI_CONTACT_INFO: 325 Broadway, R/CSD 7, Boulder, Colorado 80305; michael.a.robinson@noaa.gov; chris.jernigan@noaa.gov;
PLATFORM: NOAA CSL Mobile Lab
LOCATION: SLC, Utah
ASSOCIATED_DATA: 1Hz data also available on request.
INSTRUMENT_INFO: NOAA I- ToF CIMS
DATA_INFO: All data in parts per trillion by volume (pptv). 1 Hz data is available upon request.
UNCERTAINTY: TBD
ULOD_FLAG: -7777
ULOD_VALUE: N/A
LLOD_FLAG: -8888
LLOD_VALUE: N/A
DM_CONTACT_INFO: Nathan Howard; nathan.h.howard@noaa.gov
PROJECT_INFO: USOS, summer 2024. https://csl.noaa.gov/groups/csl7/measurements/2024usos/
STIPULATIONS_ON_USE: Users are strongly encouraged to contact the PI for proper data usage.
OTHER_COMMENTS: 
REVISION: RA
RA: Preliminary Data; For in-field use only
starttime_UTC, HNO3_NOAACIMS
     0, 95.331
    60, 95.028
   120, 91.877
   180, 83.986
   240, 87.236
   300, 88.304
   360, 83.853
   420, 80.962
   480, 80.308
   540, 77.570
   600, 75.646
   660, 73.676
   720, 72.942
   780, 76.241
   840, 75.436
   900, 72.516
   960, 73.049
  1020, 70.545
  1080, 69.913
  1140, 72.115
  1200, 74.680
  1260, 74.296
  1320, 75.381
  1380, 75.208
  1440, 102.692
  1500, 95.642
  1560, 87.998
  1620, 86.130
  1680, 85.236
  1740, 82.951
  1800, 79.450
  1860, 79.645
  1920, 78.450
  1980, 75.717
  2040, 75.450
  2100, 72.059
  2160, 69.280
  2220, 68.194
  2280, 68.051
  2340, 67.168
  2400, 63.032
  2460, 62.835
  2520, 62.629
  2580, 65.139
  2640, 61.242
  2700, 60.705
  2760, 63.126
  2820, 63.004
  2880, 62.676
  2940, 62.358
  3000, 60.185
  3060, 59.652
  3120, 60.475
  3180, 59.008
  3240, 57.592
  3300, 73.150
  3360, 67.076
  3420, 67.112
  3480, 65.137
  3540, 67.697
  3600, 72.435
  3660, 86.740
  3720, 86.069
  3780, 84.104
  3840, 83.919
  3900, 79.927
  3960, 78.492
  4020, 76.418
  4080, 71.825
  4140, 69.126
  4200, 68.822
  4260, 66.327
  4320, 64.171
  4380, 62.643
  4440, 57.915
  4500, 58.688
  4560, 57.936
  4620, 56.167
  4680, 55.150
  4740, 54.037
  4800, 54.580
  4860, 51.726
  4920, 51.524
  4980, 49.903
  5040, 48.730
  5100, -9999.000
  5160, 60.073
  5220, 56.134
  5280, 54.374
  5340, 55.131
  5400, 54.955
  5460, 52.123
  5520, 51.938
  5580, 53.760
  5640, 51.250
  5700, 51.702
  5760, 52.734
  5820, 50.928
  5880, 49.520
  5940, 50.058
  6000, 47.396
  6060, 47.132
  6120, 44.794
  6180, 44.110
  6240, 43.439
  6300, 46.224
  6360, 46.562
  6420, 45.450
  6480, 46.385
  6540, 46.124
  6600, 45.572
  6660, 43.739
  6720, 43.054
  6780, 43.332
  6840, 42.224
  6900, 42.228
  6960, -9999.000
  7020, 48.525
  7080, 47.127
  7140, 45.501
  7200, 44.108
  7260, 43.158
  7320, 41.290
  7380, 42.084
  7440, 42.688
  7500, 42.778
  7560, 40.367
  7620, 41.578
  7680, 41.933
  7740, 41.933
  7800, 43.370
  7860, 44.799
  7920, 44.554
  7980, 42.472
  8040, 43.127
  8100, 43.003
  8160, 40.825
  8220, 41.205
  8280, 39.150
  8340, 41.623
  8400, 41.083
  8460, 42.739
  8520, 42.232
  8580, 40.798
  8640, 40.830
  8700, 39.108
  8760, 41.801
  8820, -9999.000
  8880, 48.362
  8940, 45.871
  9000, 44.249
  9060, 45.087
  9120, 45.310
  9180, 45.987
  9240, 45.887
  9300, 45.909
  9360, 45.000
  9420, 44.909
  9480, 45.717
  9540, 44.924
  9600, 45.786
  9660, 45.732
  9720, 47.318
  9780, 46.332
  9840, 44.819
  9900, 45.715
  9960, 44.754
 10020, 45.237
 10080, 45.302
 10140, 45.330
 10200, 45.510
 10260, 46.802
 10320, 46.732
 10380, 45.821
 10440, 47.881
 10500, 47.672
 10560, 47.713
 10620, 47.478
 10680, 52.181
 10740, 51.071
 10800, 49.642
 10860, 48.204
 10920, 47.313
 10980, 48.722
 11040, 50.815
 11100, 50.251
 11160, 48.209
 11220, 50.856
 11280, 50.086
 11340, 48.819
 11400, 50.064
 11460, 50.378
 11520, 49.645
 11580, 49.799
 11640, 50.409
 11700, 47.321
 11760, 48.042
 11820, 49.531
 11880, 49.852
 11940, 49.558
 12000, 50.841
 12060, 51.404
 12120, 51.661
 12180, 51.349
 12240, 51.500
 12300, 50.754
 12360, 52.151
 12420, 54.231
 12480, -9999.000
 12540, 56.956
 12600, 54.402
 12660, 53.422
 12720, 55.250
 12780, 56.853
 12840, 59.039
 12900, 59.520
 12960, 61.194
 13020, 59.811
 13080, 62.331
 13140, 61.052
 13200, 59.715
 13260, 57.260
 13320, 58.976
 13380, 59.289
 13440, 56.217
 13500, 52.822
 13560, 52.361
 13620, 53.720
 13680, 56.153
 13740, 54.482
 13800, 49.687
 13860, 50.386
 13920, 45.733
 13980, 46.798
 14040, 44.191
 14100, 44.696
 14160, 43.428
 14220, 42.651
 14280, 39.465
 14340, -9999.000
 14400, 43.253
 14460, 40.690
 14520, 41.555
 14580, 40.059
 14640, 43.761
 14700, 42.384
 14760, 39.919
 14820, 37.647
 14880, 36.830
 14940, 38.200
 15000, 37.477
 15060, 39.295
 15120, 39.652
 15180, 41.911
 15240, 39.701
 15300, 41.047
 15360, 43.228
 15420, 42.480
 15480, 43.504
 15540, 42.960
 15600, 45.273
 15660, 46.922
 15720, 45.647
 15780, 45.209
 15840, 46.750
 15900, 47.729
 15960, 47.334
 16020, 48.158
 16080, 49.642
 16140, 50.429
 16200, -9999.000
 16260, 55.153
 16320, 52.354
 16380, 53.732
 16440, 52.313
 16500, 51.177
 16560, 50.845
 16620, 51.607
 16680, 50.716
 16740, 50.875
 16800, 49.975
 16860, 50.415
 16920, 51.174
 16980, 51.069
 17040, 49.316
 17100, 49.468
 17160, 52.206
 17220, 51.581
 17280, 51.858
 17340, 53.468
 17400, 54.080
 17460, 52.124
 17520, 52.141
 17580, 52.906
 17640, 54.481
 17700, 53.557
 17760, 52.617
 17820, 53.297
 17880, 52.854
 17940, 53.983
 18000, 53.600
 18060, 60.148
 18120, 58.214
 18180, 57.401
 18240, 57.095
 18300, 54.629
 18360, 55.983
 18420, 56.730
 18480, 56.432
 18540, 55.405
 18600, 54.693
 18660, 55.784
 18720, 56.766
 18780, 56.266
 18840, 54.688
 18900, 56.307
 18960, 55.277
 19020, 56.282
 19080, 54.549
 19140, 55.770
 19200, 55.799
 19260, 55.332
 19320, 53.989
 19380, 54.620
 19440, 55.183
 19500, 54.994
 19560, 54.772
 19620, 54.569
 19680, 54.347
 19740, 55.288
 19800, 55.974
 19860, 55.314
 19920, 62.130
 19980, 60.015
 20040, 57.020
 20100, 56.684
 20160, 56.184
 20220, 59.484
 20280, 59.290
 20340, 57.510
 20400, 57.466
 20460, 58.812
 20520, 58.169
 20580, 58.406
 20640, 56.317
 20700, 57.658
 20760, 56.382
 20820, 56.674
 20880, 55.481
 20940, 55.789
 21000, 56.422
 21060, 55.912
 21120, 54.689
 21180, 54.341
 21240, 55.585
 21300, 56.515
 21360, 56.652
 21420, 55.493
 21480, 54.921
 21540, 55.138
 21600, 54.816
 21660, 53.697
 21720, 53.904
 21780, 59.538
 21840, 56.013
 21900, 56.770
 21960, 57.675
 22020, 57.057
 22080, 56.651
 22140, 55.440
 22200, 57.587
 22260, 58.180
 22320, 57.051
 22380, 56.538
 22440, 56.638
 22500, 55.683
 22560, 57.277
 22620, 57.935
 22680, 56.636
 22740, 56.765
 22800, 57.867
 22860, 57.774
 22920, 57.148
 22980, 56.828
 23040, 57.829
 23100, 56.730
 23160, 56.772
 23220, 57.135
 23280, 58.328
 23340, 56.557
 23400, 56.186
 23460, 55.961
 23520, 56.063
 23580, -9999.000
 23640, 61.083
 23700, 59.761
 23760, 60.890
 23820, 59.930
 23880, 60.534
 23940, 60.966
 24000, 59.744
 24060, 62.408
 24120, 61.751
 24180, 59.868
 24240, 60.529
 24300, 61.678
 24360, 60.830
 24420, 61.889
 24480, 60.718
 24540, 61.594
 24600, 61.681
 24660, 61.221
 24720, 61.019
 24780, 60.277
 24840, 61.062
 24900, 60.904
 24960, 60.137
 25020, 60.156
 25080, 61.651
 25140, 60.065
 25200, 59.869
 25260, 59.661
 25320, 60.450
 25380, 58.838
 25440, -9999.000
 25500, 61.812
 25560, 60.788
 25620, 62.058
 25680, 60.560
 25740, 60.813
 25800, 60.197
 25860, 61.184
 25920, 60.200
 25980, 58.507
 26040, 60.436
 26100, 59.136
 26160, 58.813
 26220, 57.760
 26280, 58.118
 26340, 58.112
 26400, 60.039
 26460, 58.588
 26520, 60.008
 26580, 59.623
 26640, 57.739
 26700, 56.684
 26760, 56.542
 26820, 58.601
 26880, 58.049
 26940, 57.657
 27000, 57.028
 27060, 58.332
 27120, 57.703
 27180, 56.199
 27240, 56.103
 27300, -9999.000
 27360, 62.558
 27420, 59.203
 27480, 58.652
 27540, 58.814
 27600, 59.291
 27660, 59.132
 27720, 58.869
 27780, 58.421
 27840, 57.599
 27900, 58.264
 27960, 57.610
 28020, 57.186
 28080, 57.553
 28140, 58.511
 28200, 59.125
 28260, 58.358
 28320, 57.607
 28380, 58.568
 28440, 59.262
 28500, 57.775
 28560, 58.109
 28620, 59.567
 28680, 58.404
 28740, 59.890
 28800, 57.956
 28860, 58.833
 28920, 58.989
 28980, 58.901
 29040, 58.790
 29100, 60.188
 29160, 63.219
 29220, 61.900
 29280, 60.168
 29340, 60.574
 29400, 61.599
 29460, 60.974
 29520, 60.298
 29580, 60.294
 29640, 62.034
 29700, 59.757
 29760, 59.082
 29820, 59.812
 29880, 60.762
 29940, 60.938
 30000, 60.550
 30060, 60.423
 30120, 61.689
 30180, 60.535
 30240, 61.231
 30300, 60.954
 30360, 62.010
 30420, 61.774
 30480, 61.974
 30540, 60.937
 30600, 60.884
 30660, 62.459
 30720, 60.745
 30780, 60.257
 30840, 61.462
 30900, 62.030
 30960, -9999.000
 31020, 68.071
 31080, 65.909
 31140, 65.510
 31200, 64.303
 31260, 64.462
 31320, 63.369
 31380, 63.608
 31440, 61.841
 31500, 60.996
 31560, 61.392
 31620, 62.292
 31680, 62.354
 31740, 62.126
 31800, 62.221
 31860, 62.205
 31920, 62.515
 31980, 63.459
 32040, 60.747
 32100, 61.690
 32160, 61.766
 32220, 61.713
 32280, 62.287
 32340, 61.936
 32400, 62.788
 32460, 61.101
 32520, 61.763
 32580, 61.413
 32640, 61.957
 32700, 62.256
 32760, 62.175
 32820, -9999.000
 32880, 66.827
 32940, 65.838
 33000, 63.423
 33060, 64.068
 33120, 63.902
 33180, 64.563
 33240, 63.643
 33300, 64.283
 33360, 64.461
 33420, 64.917
 33480, 65.417
 33540, 64.007
 33600, 62.914
 33660, 63.548
 33720, 64.835
 33780, 64.264
 33840, 63.173
 33900, 62.789
 33960, 62.719
 34020, 62.939
 34080, 61.498
 34140, 61.212
 34200, 62.948
 34260, 62.788
 34320, 63.067
 34380, 61.747
 34440, 62.011
 34500, 62.364
 34560, 60.602
 34620, 60.418
 34680, -9999.000
 34740, 66.933
 34800, 65.492
 34860, 64.177
 34920, 63.639
 34980, 65.056
 35040, 64.140
 35100, 63.252
 35160, 63.471
 35220, 63.850
 35280, 64.819
 35340, 63.818
 35400, 62.214
 35460, 61.479
 35520, 63.109
 35580, 63.284
 35640, 62.480
 35700, 62.720
 35760, 63.568
 35820, 63.693
 35880, 64.158
 35940, 64.116
 36000, 63.385
 36060, 64.448
 36120, 63.843
 36180, 61.625
 36240, 61.793
 36300, 62.497
 36360, 62.325
 36420, 62.529
 36480, 61.760
 36540, 68.156
 36600, 64.529
 36660, 62.438
 36720, 62.773
 36780, 63.726
 36840, 63.656
 36900, 61.835
 36960, 62.005
 37020, 61.949
 37080, 62.703
 37140, 63.282
 37200, 62.264
 37260, 61.342
 37320, 62.979
 37380, 63.153
 37440, 63.410
 37500, 61.618
 37560, 61.948
 37620, 61.060
 37680, 61.794
 37740, 60.893
 37800, 62.369
 37860, 61.947
 37920, 60.962
 37980, 60.306
 38040, 60.728
 38100, 60.633
 38160, 59.308
 38220, 59.701
 38280, 59.371
 38340, 62.366
 38400, 68.150
 38460, 63.126
 38520, 63.098
 38580, 61.518
 38640, 61.435
 38700, 61.472
 38760, 61.922
 38820, 61.443
 38880, 62.246
 38940, 60.141
 39000, 59.373
 39060, 59.691
 39120, 61.089
 39180, 61.779
 39240, 61.694
 39300, 60.200
 39360, 62.600
 39420, 62.488
 39480, 60.991
 39540, 60.902
 39600, 62.427
 39660, 63.531
 39720, 62.574
 39780, 61.917
 39840, 61.742
 39900, 62.158
 39960, 62.784
 40020, 62.544
 40080, 60.471
 40140, 60.809
 40200, 62.213
 40260, 66.429
 40320, 65.624
 40380, 65.495
 40440, 65.019
 40500, 66.279
 40560, 64.470
 40620, 63.765
 40680, 63.724
 40740, 64.754
 40800, 62.683
 40860, 62.660
 40920, 63.325
 40980, 63.819
 41040, 62.817
 41100, 61.574
 41160, 60.808
 41220, 61.310
 41280, 62.093
 41340, 62.129
 41400, 60.604
 41460, 61.891
 41520, 62.952
 41580, 62.869
 41640, 59.215
 41700, 59.792
 41760, 60.567
 41820, 60.876
 41880, 61.197
 41940, 60.344
 42000, 60.988
 42060, -9999.000
 42120, 65.267
 42180, 63.806
 42240, 63.356
 42300, 63.439
 42360, 63.677
 42420, 63.345
 42480, 61.731
 42540, 63.901
 42600, 62.900
 42660, 60.756
 42720, 60.619
 42780, 61.917
 42840, 62.117
 42900, 59.849
 42960, 59.327
 43020, 59.618
 43080, 60.380
 43140, 58.818
 43200, 58.532
 43260, 58.900
 43320, 57.515
 43380, 57.292
 43440, 56.794
 43500, 58.039
 43560, 57.765
 43620, 57.719
 43680, 56.384
 43740, 56.346
 43800, 57.075
 43860, 57.294
 43920, -9999.000
 43980, 59.309
 44040, 58.121
 44100, 59.436
 44160, 58.449
 44220, 58.668
 44280, 60.172
 44340, 59.024
 44400, 58.498
 44460, 56.959
 44520, 57.584
 44580, 58.094
 44640, 56.254
 44700, 57.221
 44760, 57.404
 44820, 56.688
 44880, 56.106
 44940, 56.310
 45000, 57.946
 45060, 57.409
 45120, 55.430
 45180, 55.057
 45240, 55.257
 45300, 57.064
 45360, 57.109
 45420, 54.597
 45480, 55.425
 45540, 55.579
 45600, 55.723
 45660, 55.883
 45720, 56.390
 45780, -9999.000
 45840, 65.081
 45900, 62.046
 45960, 61.990
 46020, 61.482
 46080, 62.250
 46140, 59.856
 46200, 56.873
 46260, 57.087
 46320, 54.437
 46380, 52.273
 46440, 51.540
 46500, 47.175
 46560, 44.194
 46620, 42.932
 46680, 36.619
 46740, 31.215
 46800, 22.657
 46860, 20.528
 46920, 82.708
 46980, 106.142
 47040, 95.954
 47100, 84.924
 47160, 77.372
 47220, 73.488
 47280, 65.264
 47340, 62.459
 47400, 59.585
 47460, 58.784
 47520, 56.008
 47580, 59.077
 47640, 73.470
 47700, 67.025
 47760, 62.601
 47820, 62.411
 47880, 62.242
 47940, 59.443
 48000, 58.699
 48060, 58.310
 48120, 58.656
 48180, 58.936
 48240, 58.677
 48300, 58.754
 48360, 60.134
 48420, 58.774
 48480, 57.468
 48540, 56.767
 48600, 57.265
 48660, 58.806
 48720, 57.819
 48780, 57.516
 48840, 57.105
 48900, 59.307
 48960, 59.565
 49020, 60.027
 49080, 57.672
 49140, 56.155
 49200, 58.454
 49260, 60.703
 49320, 60.323
 49380, 60.552
 49440, -9999.000
 49500, 75.490
 49560, 72.401
 49620, 69.264
 49680, 67.749
 49740, 65.026
 49800, 68.332
 49860, 64.524
 49920, 62.151
 49980, 66.031
 50040, 66.030
 50100, 70.134
 50160, 71.528
 50220, 75.938
 50280, 84.134
 50340, 81.708
 50400, 93.732
 50460, 98.137
 50520, 94.285
 50580, 95.028
 50640, 101.124
 50700, 100.265
 50760, 98.060
 50820, 99.204
 50880, 103.511
 50940, 104.407
 51000, 106.961
 51060, 104.739
 51120, 102.590
 51180, 105.259
 51240, 103.563
 51300, -9999.000
 51360, 111.758
 51420, 100.859
 51480, 100.405
 51540, 89.465
 51600, 85.339
 51660, 77.299
 51720, 79.235
 51780, 79.767
 51840, 83.969
 51900, 87.748
 51960, 89.638
 52020, 92.385
 52080, 93.543
 52140, 96.095
 52200, 98.350
 52260, 100.440
 52320, 99.566
 52380, 95.050
 52440, 88.982
 52500, 86.355
 52560, 87.051
 52620, 95.415
 52680, 101.296
 52740, 98.513
 52800, 93.208
 52860, 93.291
 52920, 96.076
 52980, 96.452
 53040, 100.683
 53100, 104.674
 53160, -9999.000
 53220, 117.181
 53280, 114.551
 53340, 118.108
 53400, 120.759
 53460, 120.782
 53520, 121.405
 53580, 124.729
 53640, 128.932
 53700, 134.419
 53760, 140.788
 53820, 136.284
 53880, 133.388
 53940, 135.122
 54000, 142.786
 54060, 139.755
 54120, 142.281
 54180, 147.708
 54240, 157.316
 54300, 161.052
 54360, 164.557
 54420, 174.164
 54480, 174.777
 54540, 168.415
 54600, 165.308
 54660, 163.904
 54720, 159.673
 54780, 157.062
 54840, 154.560
 54900, 163.447
 54960, 161.974
 55020, 156.856
 55080, 154.967
 55140, 155.838
 55200, 159.159
 55260, 159.612
 55320, 164.822
 55380, 169.376
 55440, 166.548
 55500, 171.615
 55560, 176.377
 55620, 181.934
 55680, -9999.000
 55740, -9999.000
 55800, -9999.000
 55860, -9999.000
 55920, -9999.000
 55980, -9999.000
 56040, -9999.000
 56100, -9999.000
 56160, -9999.000
 56220, -9999.000
 56280, -9999.000
 56340, -9999.000
 56400, -9999.000
 56460, -9999.000
 56520, -9999.000
 56580, -9999.000
 56640, -9999.000
 56700, 169.784
 56760, 229.949
 56820, 222.725
 56880, 220.068
 56940, 215.457
 57000, 213.621
 57060, 209.485
 57120, 204.234
 57180, 197.562
 57240, 193.045
 57300, 192.062
 57360, 192.101
 57420, 188.736
 57480, 186.718
 57540, 186.963
 57600, 188.651
 57660, 193.350
 57720, 196.879
 57780, 200.025
 57840, 209.000
 57900, 213.414
 57960, 220.089
 58020, 224.242
 58080, 229.862
 58140, 238.150
 58200, 242.494
 58260, 238.401
 58320, 238.802
 58380, 233.684
 58440, 228.946
 58500, 225.096
 58560, -9999.000
 58620, 201.870
 58680, 206.319
 58740, 211.005
 58800, 208.445
 58860, 206.233
 58920, 202.114
 58980, 197.809
 59040, 195.957
 59100, 199.231
 59160, 210.487
 59220, 208.706
 59280, 205.921
 59340, 208.598
 59400, 214.370
 59460, 222.087
 59520, 224.571
 59580, 227.438
 59640, 229.160
 59700, 233.678
 59760, 240.049
 59820, 241.892
 59880, 251.332
 59940, 261.571
 60000, 255.733
 60060, 254.037
 60120, 259.081
 60180, 264.450
 60240, 272.109
 60300, 277.034
 60360, 284.439
 60420, 284.640
 60480, 272.380
 60540, 282.068
 60600, 276.858
 60660, 283.214
 60720, 298.411
 60780, 300.804
 60840, 300.642
 60900, 294.671
 60960, 280.039
 61020, 278.742
 61080, 273.569
 61140, 273.904
 61200, 264.959
 61260, 267.240
 61320, 271.266
 61380, 262.866
 61440, 268.568
 61500, 261.935
 61560, 258.839
 61620, 258.086
 61680, 261.134
 61740, 260.349
 61800, 261.364
 61860, 269.546
 61920, 283.426
 61980, 292.950
 62040, 301.732
 62100, 316.665
 62160, 316.600
 62220, 322.106
 62280, -9999.000
 62340, 294.232
 62400, 294.518
 62460, 293.773
 62520, 275.367
 62580, 260.499
 62640, 247.915
 62700, 240.077
 62760, 235.195
 62820, 239.132
