CampaignData_and_Merges/R0/CSL_MobileLab_Parked/raw/20240814/USOS-MetNav_MobileLabGround_20240814_R0.ict
44, 1001
Carrie Womack, Nate Howard, Mike Zucker
NOAA Chemical Sciences Laboratory
Mobile Lab MetNav Station
USOS
1, 1
2024, 08, 14, 2024, 12, 21
60
Time_Start, seconds_past_midnight, Seconds from midnight UTC
11
1, 1, 1, 1, 1, 1, 1, 1, 1, 1, 1
-9999, -9999, -9999, -9999, -9999, -9999, -9999, -9999, -9999, -9999, -9999
GPS_Alt_m, meters, Altitude from Differential GPS
GPS_Course_deg, degrees, Course from Differential GPS
GPS_GndSpd_m_s, m/s, Ground Speed from Differential GPS
GPS_Heading_deg, degrees, Heading from Differential GPS
GPS_Lat_deg, degrees, Latitude from Differential GPS
GPS_Lon_deg, degrees, Longitude from Differential GPS
AirTemp_C, Celsius, Air Temperature from Airmar
RelHumidity_pct, percent, Relative Humidity from Airmar
Pressure_mb, millibars, Pressure from Honeywell
WindDir_calc_deg, degrees, Wind Direction from Airmar corrected for van movement
WindSpd_calc_m_s, m/s, Wind Speed from Airmar corrected for van movement
1
SPECIAL COMMENTS:
18
PI_CONTACT_INFO: Address: 325 Broadway R/CSL7, Boulder, CO, 80305
PLATFORM: CSL Mobile Lab
LOCATION: Salt Lake City, UT
ASSOCIATED_DATA: N/A
INSTRUMENT_INFO: N/A
DATA_INFO: Units:
UNCERTAINTY: N/A
ULOD_FLAG: -7777
ULOD_VALUE: N/A
LLOD_FLAG: -8888
LLOD_VALUE: N/A
DM_CONTACT_INFO: Data Manager: Nate Howard
PROJECT_INFO: 
STIPULATIONS_ON_USE: Use of these data require prior ok from PI.
OTHER_COMMENTS: 
REVISION: R0
R0: Final data. Fixed bug in wind averaging code. RA: Preliminary Data. For in-field use only. 
Time_Start, GPS_Alt_m, GPS_Course_deg, GPS_GndSpd_m_s, GPS_Heading_deg, GPS_Lat_deg, GPS_Lon_deg, AirTemp_C, RelHumidity_pct, Pressure_mb, WindDir_calc_deg, WindSpd_calc_m_s
[from data line 835]
50100.0,1309.3,2.26,0.06,2.26,40.73434,-111.87211,22.9,40.4,877.9,78.37,0.5
50160.0,1309.4,2.71,0.06,2.71,40.73434,-111.87211,22.9,40.7,877.9,102.24,0.7
50220.0,1309.5,2.26,0.05,2.26,40.73434,-111.87211,23.0,41.5,877.9,114.97,1.1
50280.0,1309.6,2.59,0.05,2.59,40.73434,-111.87211,23.0,42.0,877.9,116.81,0.9
50340.0,1309.6,2.48,0.05,2.48,40.73434,-111.87211,23.1,41.7,877.9,103.32,0.6
50400.0,1309.5,2.42,0.05,2.42,40.73434,-111.87211,23.0,42.5,877.9,115.39,1.7
50460.0,1309.6,2.58,0.05,2.58,40.73434,-111.87211,23.0,42.4,877.9,124.98,1.7
50520.0,1309.4,2.26,0.04,2.26,40.73434,-111.87211,23.0,43.1,877.9,115.46,1.4
50580.0,1309.1,1.82,0.06,1.82,40.73434,-111.87211,22.9,43.1,877.9,115.34,1.5
50640.0,1309.1,2.04,0.05,2.04,40.73434,-111.87211,23.0,42.8,877.9,111.24,0.8
50700.0,1309.3,2.01,0.06,2.01,40.73434,-111.87211,23.1,42.4,877.9,92.65,0.2
50760.0,1309.6,2.41,0.06,2.41,40.73434,-111.87211,23.1,42.2,877.9,92.76,0.7
50820.0,1309.8,2.14,0.07,2.14,40.73434,-111.87211,23.2,42.7,877.9,119.43,1.0
50880.0,1309.8,1.96,0.05,1.96,40.73434,-111.87211,23.2,42.4,877.9,108.32,1.2
50940.0,1309.8,2.32,0.05,2.32,40.73434,-111.87211,23.2,42.0,878.0,125.57,1.6
51000.0,1309.6,2.93,0.06,2.93,40.73434,-111.87211,23.2,41.6,877.9,125.28,1.4
51060.0,1309.8,3.16,0.05,3.16,40.73434,-111.87211,23.6,41.8,877.9,135.29,0.6
51120.0,1309.9,3.72,0.05,3.72,40.73434,-111.87211,23.5,42.5,877.9,97.93,0.9
51180.0,1310.1,3.03,0.05,3.03,40.73434,-111.87211,23.6,41.9,878.0,113.25,1.2
51240.0,1310.1,2.83,0.05,2.83,40.73434,-111.87211,23.5,40.8,878.0,107.94,1.0
51300.0,1310.0,3.14,0.05,3.14,40.73434,-111.87211,23.6,40.7,878.0,124.01,1.4
51360.0,1310.0,2.92,0.06,2.92,40.73434,-111.87211,23.7,40.3,877.9,133.47,1.4
51420.0,1309.9,2.62,0.05,2.62,40.73434,-111.87211,23.8,40.0,877.9,124.57,1.2
51480.0,1309.8,2.56,0.06,2.56,40.73434,-111.87211,24.0,39.9,877.9,122.57,0.9
51540.0,1309.8,2.48,0.05,2.48,40.73434,-111.87211,24.2,39.0,877.9,123.07,1.1
51600.0,1309.7,2.61,0.05,2.61,40.73434,-111.87211,24.2,38.6,877.9,120.53,1.7
51660.0,1309.6,2.62,0.05,2.62,40.73434,-111.87211,23.9,38.1,877.9,123.03,3.4
51720.0,1309.7,2.45,0.05,2.45,40.73434,-111.87211,24.0,38.4,877.9,117.01,1.7
51780.0,1309.7,2.62,0.05,2.62,40.73434,-111.87211,23.7,38.1,877.9,124.50,3.1
51840.0,1309.6,2.32,0.04,2.32,40.73434,-111.87211,23.6,37.7,877.9,122.34,3.4
51900.0,1309.7,2.40,0.05,2.40,40.73434,-111.87211,23.6,37.8,877.9,125.60,3.0
51960.0,1309.8,1.99,0.04,1.99,40.73434,-111.87211,23.4,37.8,878.0,127.43,3.9
52020.0,1310.0,2.02,0.04,2.02,40.73434,-111.87211,23.3,38.0,878.0,131.95,3.8
52080.0,1310.1,2.39,0.04,2.39,40.73434,-111.87211,23.4,38.4,878.0,119.73,3.0
52140.0,1310.0,3.26,0.05,3.26,40.73434,-111.87211,23.4,38.7,878.0,117.76,2.4
52200.0,1309.4,2.54,0.05,2.54,40.73434,-111.87210,23.5,38.7,878.0,139.49,2.0
52260.0,1309.4,1.93,0.05,1.93,40.73434,-111.87210,23.7,39.1,878.0,134.87,1.9
52320.0,1309.3,1.28,0.06,1.28,40.73434,-111.87210,23.7,38.9,878.0,135.26,2.3
52380.0,1309.3,1.27,0.05,1.27,40.73434,-111.87210,23.7,39.4,878.1,126.47,2.3
52440.0,1309.1,2.33,0.05,2.33,40.73434,-111.87210,23.7,38.9,878.1,114.36,2.2
52500.0,1309.1,1.97,0.04,1.97,40.73434,-111.87210,23.9,38.8,878.1,103.75,0.5
52560.0,1309.0,1.39,0.04,1.39,40.73434,-111.87210,24.0,37.8,878.1,126.36,2.1
52620.0,1309.1,1.33,0.05,1.33,40.73434,-111.87210,24.0,37.5,878.1,116.39,2.1
52680.0,1309.0,1.39,0.05,1.39,40.73434,-111.87210,24.0,38.1,878.1,126.77,2.3
52740.0,1308.9,1.92,0.05,1.92,40.73434,-111.87210,24.4,37.4,878.1,175.06,1.3
52800.0,1309.0,2.17,0.04,2.17,40.73434,-111.87210,24.7,36.4,878.2,190.84,1.5
52860.0,1308.9,2.27,0.04,2.27,40.73434,-111.87210,24.9,36.0,878.2,178.46,1.5
52920.0,1308.8,2.49,0.05,2.49,40.73434,-111.87211,25.1,36.3,878.3,169.68,1.9
52980.0,1308.7,2.40,0.04,2.40,40.73434,-111.87211,25.2,35.9,878.3,174.34,1.9
53040.0,1308.7,2.31,0.04,2.31,40.73434,-111.87211,25.4,36.7,878.3,179.86,1.4
53100.0,1308.7,2.44,0.04,2.44,40.73434,-111.87211,25.5,37.1,878.3,200.72,1.4
53160.0,1308.7,2.47,0.04,2.47,40.73434,-111.87211,25.6,36.4,878.3,187.74,1.3
53220.0,1308.9,2.68,0.05,2.68,40.73434,-111.87211,25.6,36.2,878.3,162.20,1.6
53280.0,1309.1,2.73,0.05,2.73,40.73434,-111.87211,25.7,36.9,878.3,150.59,2.1
53340.0,1309.1,2.49,0.05,2.49,40.73434,-111.87211,25.8,36.5,878.3,171.05,1.7
53400.0,1309.1,2.30,0.05,2.30,40.73434,-111.87211,26.0,36.4,878.4,196.98,1.4
53460.0,1309.2,2.72,0.04,2.72,40.73434,-111.87211,26.1,36.0,878.4,187.83,1.7
53520.0,1309.2,3.12,0.06,3.12,40.73434,-111.87211,26.2,35.4,878.4,188.83,1.7
53580.0,1309.2,3.00,0.04,3.00,40.73434,-111.87211,26.3,35.9,878.4,191.28,1.2
53640.0,1309.2,2.60,0.05,2.60,40.73434,-111.87211,26.4,36.1,878.4,182.14,0.8
53700.0,1309.2,2.61,0.04,2.61,40.73434,-111.87211,26.5,36.0,878.4,178.24,0.9
53760.0,1309.2,2.79,0.05,2.79,40.73434,-111.87211,26.5,36.1,878.4,170.86,1.1
53820.0,1309.2,2.28,0.05,2.28,40.73434,-111.87210,26.6,35.2,878.4,196.67,2.2
53880.0,1309.4,1.60,0.05,1.60,40.73434,-111.87211,26.7,34.2,878.4,184.80,1.0
53940.0,1309.4,1.45,0.05,1.45,40.73434,-111.87211,26.7,32.9,878.4,151.92,0.8
54000.0,1309.1,1.86,0.05,1.86,40.73434,-111.87210,26.8,34.0,878.4,177.81,1.6
54060.0,1308.9,2.03,0.05,2.03,40.73434,-111.87210,26.7,33.5,878.4,136.78,2.5
54120.0,1309.1,2.42,0.04,2.42,40.73434,-111.87210,26.7,33.3,878.4,144.88,1.4
54180.0,1309.2,2.15,0.04,2.15,40.73434,-111.87210,26.7,32.9,878.4,153.48,1.5
54240.0,1309.2,2.14,0.05,2.14,40.73434,-111.87210,26.8,33.6,878.3,165.94,1.7
54300.0,1309.0,1.42,0.04,1.42,40.73434,-111.87210,26.7,33.3,878.3,149.47,2.6
54360.0,1308.9,1.74,0.04,1.74,40.73434,-111.87210,26.8,33.3,878.3,131.73,1.3
54420.0,1308.9,1.73,0.04,1.73,40.73434,-111.87210,26.8,33.4,878.3,142.31,1.9
54480.0,1309.0,2.06,0.05,2.06,40.73434,-111.87210,26.8,34.3,878.3,125.71,1.8
54540.0,1309.0,1.74,0.04,1.74,40.73434,-111.87210,26.7,34.6,878.3,147.44,2.1
54600.0,1308.9,1.58,0.05,1.58,40.73434,-111.87210,26.6,34.3,878.3,131.48,2.4
54660.0,1309.0,1.63,0.04,1.63,40.73434,-111.87210,26.6,34.6,878.3,144.29,2.5
54720.0,1309.1,1.41,0.05,1.41,40.73434,-111.87210,26.8,34.4,878.3,158.50,1.8
54780.0,1309.1,1.72,0.04,1.72,40.73434,-111.87210,26.7,35.4,878.3,131.28,2.4
54840.0,1309.1,1.95,0.04,1.95,40.73434,-111.87210,26.5,34.5,878.4,128.30,2.3
54900.0,1309.1,1.93,0.04,1.93,40.73434,-111.87210,26.6,36.0,878.4,129.00,1.9
54960.0,1309.1,2.12,0.04,2.12,40.73434,-111.87210,26.5,35.8,878.4,125.51,1.8
55020.0,1309.0,1.56,0.04,1.56,40.73434,-111.87210,26.5,35.5,878.4,105.65,1.2
55080.0,1308.9,1.77,0.04,1.77,40.73434,-111.87210,26.7,34.8,878.4,94.72,0.4
55140.0,1308.8,1.87,0.04,1.87,40.73434,-111.87210,26.8,35.0,878.4,106.34,0.6
55200.0,1308.7,2.30,0.04,2.30,40.73434,-111.87210,26.9,34.0,878.4,133.99,0.9
55260.0,1308.7,2.54,0.04,2.54,40.73434,-111.87210,27.1,33.7,878.5,148.40,0.9
55320.0,1308.6,2.56,0.04,2.56,40.73434,-111.87210,27.4,33.8,878.5,118.09,0.6
55380.0,1308.5,1.76,0.04,1.76,40.73434,-111.87210,27.5,33.3,878.5,127.79,0.6
55440.0,1308.4,1.94,0.05,1.94,40.73434,-111.87210,27.5,32.0,878.5,26.73,0.3
55500.0,1308.5,2.26,0.04,2.26,40.73434,-111.87210,27.6,31.9,878.5,100.86,0.5
55560.0,1308.6,2.94,0.04,2.94,40.73434,-111.87210,27.5,31.8,878.5,115.11,1.6
55620.0,1308.7,2.89,0.04,2.89,40.73434,-111.87210,27.5,31.9,878.5,97.86,0.5
55680.0,1308.7,3.52,0.04,3.52,40.73434,-111.87210,27.7,31.7,878.5,134.39,0.6
55740.0,1308.7,3.45,0.04,3.45,40.73434,-111.87210,27.9,30.9,878.5,161.23,1.2
55800.0,1308.6,3.35,0.04,3.35,40.73434,-111.87210,28.1,31.9,878.5,132.89,1.0
55860.0,1308.6,3.52,0.04,3.52,40.73434,-111.87210,28.1,32.5,878.5,117.64,1.1
55920.0,1308.6,3.24,0.04,3.24,40.73434,-111.87210,28.2,32.2,878.5,122.24,0.9
55980.0,1308.6,3.69,0.04,3.69,40.73434,-111.87210,28.3,31.2,878.5,126.62,0.9
56040.0,1308.6,3.37,0.05,3.37,40.73434,-111.87210,28.4,31.8,878.5,106.10,0.7
56100.0,1308.7,3.45,0.05,3.45,40.73434,-111.87210,28.4,31.1,878.5,93.33,0.3
56160.0,1308.7,3.52,0.05,3.52,40.73434,-111.87210,28.6,29.6,878.5,128.66,0.8
56220.0,1308.7,3.73,0.04,3.73,40.73434,-111.87210,28.7,29.2,878.5,92.90,0.4
56280.0,1308.9,3.35,0.05,3.35,40.73434,-111.87210,28.8,29.7,878.5,82.98,0.3
56340.0,1308.9,2.90,0.05,2.90,40.73434,-111.87210,28.8,29.2,878.5,48.00,0.4
56400.0,1308.9,2.89,0.04,2.89,40.73434,-111.87210,28.6,29.1,878.5,79.89,0.6
56460.0,1309.0,2.98,0.05,2.98,40.73434,-111.87210,28.5,28.6,878.5,107.15,0.8
56520.0,1308.9,2.94,0.05,2.94,40.73434,-111.87210,28.7,28.7,878.5,104.54,0.4
56580.0,1309.1,2.90,0.05,2.90,40.73434,-111.87210,28.8,28.8,878.5,118.84,0.8
56640.0,1309.1,3.08,0.05,3.08,40.73434,-111.87210,28.7,28.4,878.6,104.57,0.6
56700.0,1309.0,2.85,0.05,2.85,40.73434,-111.87210,28.4,28.2,878.3,24.96,0.5
56760.0,1309.0,2.90,0.05,2.90,40.73434,-111.87210,28.2,28.1,878.4,30.49,0.3
56820.0,1308.6,2.64,0.05,2.64,40.73434,-111.87210,28.2,28.3,878.6,93.09,0.6
56880.0,1308.4,2.45,0.06,2.45,40.73434,-111.87210,28.2,28.5,878.6,122.14,0.9
56940.0,1308.1,2.63,0.05,2.63,40.73434,-111.87210,28.1,29.1,878.6,70.46,0.4
57000.0,1308.5,2.62,0.05,2.62,40.73434,-111.87210,28.0,28.9,878.7,83.64,0.3
57060.0,1308.7,2.52,0.05,2.52,40.73434,-111.87210,28.1,29.5,878.5,98.69,0.4
57120.0,1308.2,1.89,0.04,1.89,40.73434,-111.87210,28.2,29.0,878.4,143.07,0.3
57180.0,1308.2,2.13,0.05,2.13,40.73434,-111.87210,28.5,28.7,878.4,106.82,0.6
57240.0,1308.5,2.31,0.05,2.31,40.73434,-111.87210,28.7,28.8,878.4,111.56,0.7
57300.0,1308.8,1.83,0.04,1.83,40.73434,-111.87210,28.8,28.3,878.4,101.95,0.4
57360.0,1308.9,1.81,0.05,1.81,40.73434,-111.87210,29.0,28.8,878.4,92.35,0.3
57420.0,1308.7,1.78,0.05,1.78,40.73434,-111.87210,29.2,28.2,878.4,96.07,0.2
57480.0,1308.4,1.96,0.05,1.96,40.73434,-111.87210,29.4,27.8,878.4,113.75,0.6
57540.0,1308.8,2.27,0.05,2.27,40.73434,-111.87210,29.6,27.7,878.3,95.03,0.5
57600.0,1309.1,1.97,0.04,1.97,40.73434,-111.87210,29.8,26.6,878.3,125.94,1.1
57660.0,1309.1,1.99,0.04,1.99,40.73434,-111.87210,30.0,26.8,878.3,123.04,0.7
57720.0,1308.9,1.40,0.05,1.40,40.73434,-111.87210,30.1,26.9,878.3,106.31,0.6
57780.0,1308.4,1.34,0.06,1.34,40.73434,-111.87210,30.1,27.1,878.3,47.64,0.5
57840.0,1308.3,1.55,0.05,1.55,40.73434,-111.87210,30.1,26.1,878.2,112.01,0.6
57900.0,1307.9,1.57,0.04,1.57,40.73433,-111.87210,30.2,26.5,878.2,118.45,0.9
57960.0,1307.9,1.80,0.06,1.80,40.73433,-111.87210,30.1,26.9,878.2,108.14,1.2
58020.0,1307.8,1.83,0.05,1.83,40.73433,-111.87210,30.0,26.7,878.2,113.37,0.9
58080.0,1307.8,1.64,0.05,1.64,40.73434,-111.87210,29.7,26.4,878.3,71.60,0.4
58140.0,1307.7,1.81,0.05,1.81,40.73434,-111.87210,29.9,26.2,878.3,129.44,0.3
58200.0,1307.6,1.87,0.05,1.87,40.73434,-111.87210,29.8,26.5,878.3,91.23,0.2
58260.0,1307.6,1.82,0.05,1.82,40.73434,-111.87210,29.9,26.4,878.3,211.40,0.1
58320.0,1307.6,2.35,0.05,2.35,40.73434,-111.87210,29.9,26.5,878.3,117.58,0.7
58380.0,1307.8,2.47,0.05,2.47,40.73434,-111.87210,29.8,26.7,878.3,115.12,1.6
58440.0,1307.8,1.89,0.04,1.89,40.73434,-111.87210,29.6,26.5,878.3,127.18,1.7
58500.0,1307.8,1.43,0.04,1.43,40.73434,-111.87210,29.7,26.6,878.3,141.92,1.4
58560.0,1307.9,0.85,0.05,0.85,40.73434,-111.87210,30.0,26.3,878.4,156.01,1.4
58620.0,1307.9,0.51,0.05,0.51,40.73434,-111.87210,30.0,26.3,878.4,167.53,1.1
58680.0,1307.9,0.88,0.05,0.88,40.73434,-111.87210,29.8,27.2,878.5,138.95,1.5
58740.0,1307.9,1.56,0.05,1.56,40.73434,-111.87210,29.9,28.2,878.6,127.20,1.1
58800.0,1308.1,1.62,0.05,1.62,40.73434,-111.87211,29.8,29.2,878.6,110.95,0.9
58860.0,1308.2,1.49,0.05,1.49,40.73434,-111.87211,29.7,29.3,878.6,108.37,0.9
58920.0,1308.2,2.06,0.05,2.06,40.73434,-111.87210,29.7,28.5,878.6,111.42,1.0
58980.0,1308.3,2.02,0.04,2.02,40.73434,-111.87210,29.6,28.7,878.6,114.63,1.5
59040.0,1308.3,1.82,0.04,1.82,40.73434,-111.87210,29.4,28.2,878.6,114.49,1.4
59100.0,1308.3,2.00,0.05,2.00,40.73434,-111.87210,29.6,26.9,878.6,139.60,1.1
59160.0,1308.3,2.46,0.05,2.46,40.73434,-111.87210,29.8,27.5,878.6,133.31,1.1
59220.0,1308.3,2.74,0.05,2.74,40.73434,-111.87210,30.0,27.1,878.5,169.32,1.2
59280.0,1308.3,2.59,0.05,2.59,40.73434,-111.87210,30.1,26.9,878.5,163.35,0.7
59340.0,1308.4,2.16,0.05,2.16,40.73434,-111.87210,30.4,26.5,878.5,153.04,1.2
59400.0,1308.5,1.96,0.05,1.96,40.73434,-111.87210,30.4,26.8,878.5,132.23,1.4
59460.0,1308.5,2.32,0.05,2.32,40.73434,-111.87210,30.6,27.0,878.6,122.98,1.0
59520.0,1308.4,2.15,0.05,2.15,40.73434,-111.87210,30.7,27.4,878.6,124.46,0.9
59580.0,1308.3,2.46,0.04,2.46,40.73434,-111.87210,30.7,27.6,878.6,109.49,0.9
59640.0,1308.4,2.26,0.05,2.26,40.73434,-111.87210,30.8,27.0,878.6,121.56,0.2
59700.0,1308.5,2.05,0.05,2.05,40.73434,-111.87210,31.0,26.2,878.6,186.16,0.1
59760.0,1308.7,2.54,0.05,2.54,40.73434,-111.87210,31.0,26.6,878.6,116.64,1.3
59820.0,1308.9,2.54,0.04,2.54,40.73434,-111.87210,30.8,25.7,878.6,123.03,1.7
59880.0,1308.9,2.60,0.05,2.60,40.73434,-111.87210,30.9,25.6,878.6,146.72,1.3
59940.0,1308.9,2.40,0.05,2.40,40.73434,-111.87210,31.0,26.3,878.6,149.44,1.3
60000.0,1309.1,2.14,0.05,2.14,40.73434,-111.87210,31.2,27.1,878.6,144.94,0.9
60060.0,1309.1,1.92,0.05,1.92,40.73434,-111.87210,31.4,26.3,878.6,123.06,0.5
60120.0,1309.1,1.83,0.06,1.83,40.73434,-111.87210,31.5,26.4,878.5,133.85,0.4
60180.0,1308.9,2.01,0.06,2.01,40.73434,-111.87210,31.7,26.1,878.5,122.16,0.6
60240.0,1308.8,2.20,0.05,2.20,40.73434,-111.87210,31.6,26.1,878.5,103.19,0.8
60300.0,1308.9,2.01,0.05,2.01,40.73434,-111.87210,31.4,26.6,878.5,104.45,0.9
60360.0,1309.1,2.08,0.05,2.08,40.73434,-111.87210,31.3,26.4,878.6,110.23,1.0
60420.0,1309.3,1.81,0.04,1.81,40.73434,-111.87210,31.3,25.3,878.6,124.77,1.1
60480.0,1309.3,1.79,0.05,1.79,40.73434,-111.87210,31.4,24.8,878.6,130.80,0.6
60540.0,1309.3,2.04,0.05,2.04,40.73434,-111.87210,31.1,25.2,878.6,117.35,2.1
60600.0,1309.3,2.21,0.05,2.21,40.73434,-111.87210,31.0,25.0,878.6,134.91,1.6
60660.0,1309.3,1.85,0.05,1.85,40.73434,-111.87210,31.1,24.5,878.6,159.60,1.4
60720.0,1309.4,2.05,0.05,2.05,40.73434,-111.87210,31.1,25.9,878.6,145.39,1.9
60780.0,1309.3,2.51,0.05,2.51,40.73434,-111.87210,31.0,26.2,878.6,139.45,1.7
60840.0,1309.2,2.64,0.05,2.64,40.73434,-111.87210,31.2,25.7,878.6,162.60,1.4
60900.0,1309.3,2.03,0.05,2.03,40.73434,-111.87210,30.7,27.1,878.6,117.30,2.3
60960.0,1309.3,1.84,0.05,1.84,40.73434,-111.87210,30.4,26.2,878.6,118.13,1.9
61020.0,1309.1,2.05,0.04,2.05,40.73434,-111.87210,30.2,26.4,878.6,115.05,1.7
61080.0,1309.1,2.08,0.05,2.08,40.73434,-111.87210,30.1,26.8,878.6,119.59,1.6
61140.0,1309.2,2.20,0.05,2.20,40.73434,-111.87210,30.0,26.7,878.6,117.11,1.5
61200.0,1309.1,2.22,0.05,2.22,40.73434,-111.87210,30.0,26.8,878.6,118.00,1.6
61260.0,1309.0,2.59,0.04,2.59,40.73434,-111.87210,29.8,26.1,878.6,126.84,1.9
61320.0,1309.1,1.93,0.05,1.93,40.73434,-111.87210,30.0,28.1,878.6,127.32,1.8
61380.0,1309.2,2.09,0.05,2.09,40.73434,-111.87210,30.0,27.0,878.6,122.50,1.7
61440.0,1309.2,2.64,0.05,2.64,40.73434,-111.87210,30.1,26.4,878.6,118.01,0.7
61500.0,1309.2,2.50,0.05,2.50,40.73434,-111.87210,30.3,26.6,878.6,108.01,0.5
61560.0,1309.3,2.66,0.04,2.66,40.73434,-111.87210,30.6,26.7,878.6,129.40,1.0
61620.0,1309.3,2.59,0.05,2.59,40.73434,-111.87210,30.9,26.2,878.6,139.97,0.7
61680.0,1309.4,2.08,0.05,2.08,40.73434,-111.87210,31.2,26.2,878.6,153.36,0.1
61740.0,1309.2,1.92,0.05,1.92,40.73434,-111.87210,31.3,27.2,878.6,77.48,0.4
61800.0,1309.1,1.40,0.04,1.40,40.73434,-111.87211,31.4,25.7,878.6,109.50,0.4
61860.0,1309.0,1.32,0.05,1.32,40.73434,-111.87211,31.4,25.1,878.6,134.40,0.7
61920.0,1308.7,1.32,0.05,1.32,40.73434,-111.87210,31.6,25.1,878.6,138.59,0.6
61980.0,1308.8,2.19,0.05,2.19,40.73434,-111.87210,32.0,25.0,878.6,205.38,0.1
62040.0,1308.6,2.18,0.05,2.18,40.73434,-111.87210,32.1,24.7,878.6,158.10,0.6
62100.0,1308.7,2.67,0.05,2.67,40.73434,-111.87210,32.3,24.9,878.6,126.96,0.6
62160.0,1308.7,3.15,0.05,3.15,40.73434,-111.87210,32.3,25.2,878.6,114.79,0.5
62220.0,1308.7,2.65,0.04,2.65,40.73434,-111.87210,31.9,24.7,878.6,84.46,0.5
62280.0,1308.8,2.29,0.03,2.29,40.73434,-111.87210,31.6,25.3,878.6,105.47,1.0
62340.0,1309.0,2.29,0.04,2.29,40.73434,-111.87210,31.2,26.1,878.6,117.17,1.1
62400.0,1309.1,2.42,0.04,2.42,40.73434,-111.87211,30.9,25.2,878.6,119.26,1.5
62460.0,1309.2,2.74,0.04,2.74,40.73434,-111.87211,30.6,25.9,878.6,115.75,0.9
