CampaignData_and_Merges/R0/CSL_MobileLab_Parked/raw/20240814/USOS-NOAAIodideCIMS-Halogens_MobileLabGround_20240814_RA.ict
38, 1001
Michael A Robinson, Chris Jernigan, Subi Thakali
NOAA ESRL Chemical Sciences Laboratory and CIRES, U. of Colorado
NOAA Iodide CIMS Instrument
USOS
1, 1
2024, 08, 14, 2024, 08, 15
1
starttime_UTC, seconds_past_midnight, seconds_of_day_since_00:00:00_UTC
6
1, 1, 1, 1, 1, 1
-9999, -9999, -9999, -9999, -9999, -9999
Br2_NOAACIMS, pptv, Gas_Br2_InSitu_S_AVMR, 
BrO_NOAACIMS, pptv, Gas_BrO_InSitu_S_AVMR, 
Cl2_NOAACIMS, pptv, Gas_Cl2_InSitu_S_AVMR, 
ClNO2_NOAACIMS, pptv, Gas_ClNO2_InSitu_S_AVMR, 
BrCl_NOAACIMS, pptv, Gas_BrCl_InSitu_S_AVMR, 
NCl3_NOAACIMS, pptv, Gas_NCl3_InSitu_S_AVMR, 
0
18
PI_CONTACT_INFO: 325 Broadway, R/CSD 7, Boulder, Colorado 80305; michael.a.robinson@noaa.gov; chris.jernigan@noaa.gov;
PLATFORM: NOAA CSL Mobile Lab
LOCATION: SLC, Utah
ASSOCIATED_DATA: 1Hz data also available on request.
INSTRUMENT_INFO: NOAA I- ToF CIMS
DATA_INFO: All data in parts per trillion by volume (pptv). 1 Hz data is available upon request.
UNCERTAINTY: TBD
ULOD_FLAG: -7777
ULOD_VALUE: N/A
LLOD_FLAG: -8888
LLOD_VALUE: N/A
DM_CONTACT_INFO: Nathan Howard; nathan.h.howard@noaa.gov
PROJECT_INFO: USOS, summer 2024. https://csl.noaa.gov/groups/csl7/measurements/2024usos/
STIPULATIONS_ON_USE: Users are strongly encouraged to contact the PI for proper data usage.
OTHER_COMMENTS: 
REVISION: RA
RA: Preliminary Data; For in-field use only
starttime_UTC, Br2_NOAACIMS, BrO_NOAACIMS, Cl2_NOAACIMS, ClNO2_NOAACIMS, BrCl_NOAACIMS, NCl3_NOAACIMS
     0,  0.394,  0.058,  0.251,  0.346,  0.016,  0.547
    60,  0.466,  0.070,  0.290,  0.236,  0.005,  0.405
   120,  0.370,  0.039,  0.263,  0.225,  0.020,  0.548
   180,  0.423,  0.023,  0.246,  0.209, -0.002,  0.547
   240,  0.345,  0.030,  0.227,  0.160, -0.003,  0.449
   300,  0.392,  0.058,  0.279,  0.182,  0.003,  0.639
   360,  0.334,  0.017,  0.333,  0.176, -0.025,  0.649
   420,  0.361,  0.012,  0.334,  0.159, -0.005,  0.804
   480,  0.116,  0.002,  0.254,  0.169, -0.003,  0.296
   540,  0.368, -0.010,  0.216,  0.278,  0.000,  0.364
   600,  0.457,  0.013,  0.246,  0.291,  0.002,  0.443
   660,  0.456,  0.030,  0.284,  0.345, -0.003,  0.340
   720,  0.498,  0.014,  0.276,  0.239,  0.008,  0.419
   780,  0.435,  0.022,  0.310,  0.206,  0.015,  0.311
   840,  0.429,  0.018,  0.222,  0.159,  0.014,  0.373
   900,  0.512,  0.051,  0.297,  0.177,  0.013,  0.368
   960,  0.448,  0.034,  0.259,  0.117,  0.015,  0.402
  1020,  0.337,  0.025,  0.350,  0.182,  0.001,  0.436
  1080,  0.322,  0.040,  0.236,  0.187, -0.019,  0.608
  1140,  0.538, -0.031,  0.245,  0.173,  0.023,  0.750
  1200,  0.436, -0.005,  0.288,  0.155,  0.014,  0.778
  1260,  0.398,  0.092,  0.264,  0.171, -0.013,  0.704
  1320,  0.357, -0.020,  0.201,  0.150, -0.001,  0.736
  1380,  0.496,  0.077,  0.280,  0.158, -0.057,  0.737
  1440,  0.470,  0.361,  0.067,  0.254, -0.089,  0.707
  1500,  0.497, -0.015,  0.232,  0.171, -0.011,  0.596
  1560,  0.517, -0.047,  0.126,  0.178,  0.024,  0.715
  1620,  0.557, -0.017,  0.263,  0.174,  0.012,  0.852
  1680,  0.459, -0.008,  0.269,  0.143, -0.000,  0.867
  1740,  0.451, -0.054,  0.189,  0.147,  0.019,  0.850
  1800,  0.422, -0.004,  0.286,  0.149,  0.004,  0.809
  1860,  0.499,  0.005,  0.227,  0.137,  0.016,  0.897
  1920,  0.473,  0.003,  0.217,  0.128, -0.025,  0.780
  1980,  0.502, -0.024,  0.232,  0.101, -0.024,  0.595
  2040,  0.511, -0.022,  0.228,  0.115,  0.041,  0.578
  2100,  0.417,  0.016,  0.224,  0.134, -0.021,  0.471
  2160,  0.495, -0.003,  0.222,  0.129,  0.025,  0.367
  2220,  0.440, -0.019,  0.252,  0.120, -0.011,  0.362
  2280,  0.472,  0.016,  0.214,  0.150,  0.023,  0.322
  2340,  0.523,  0.041,  0.220,  0.127,  0.016,  0.410
  2400,  0.544, -0.005,  0.231,  0.152,  0.013,  0.301
  2460,  0.562,  0.015,  0.234,  0.153,  0.015,  0.424
  2520,  0.545, -0.043,  0.238,  0.108, -0.008,  0.301
  2580,  0.543, -0.050,  0.221,  0.103, -0.003,  0.420
  2640,  0.506, -0.026,  0.236,  0.151, -0.014,  0.372
  2700,  0.482,  0.067,  0.165,  0.147,  0.008,  0.436
  2760,  0.546, -0.020,  0.186,  0.152,  0.046,  0.413
  2820,  0.621, -0.028,  0.200,  0.130,  0.016,  0.496
  2880,  0.510,  0.002,  0.153,  0.125,  0.001,  0.524
  2940,  0.495, -0.027,  0.241,  0.132, -0.001,  0.446
  3000,  0.591, -0.049,  0.170,  0.185,  0.030,  0.547
  3060,  0.624, -0.056,  0.204,  0.181, -0.013,  0.404
  3120,  0.563, -0.028,  0.184,  0.169,  0.006,  0.312
  3180,  0.605, -0.006,  0.188,  0.139,  0.002,  0.199
  3240,  0.494, -0.107,  0.202,  0.220,  0.024,  0.218
  3300,  0.665, -0.051,  0.138,  0.163,  0.012,  0.291
  3360,  0.560, -0.009,  0.203,  0.195,  0.007,  0.299
  3420,  0.588, -0.068,  0.187,  0.149,  0.015,  0.340
  3480,  0.631, -0.015,  0.192,  0.178,  0.025,  0.300
  3540,  0.566, -0.045,  0.147,  0.144, -0.002,  0.276
  3600,  0.645,  0.013,  0.179,  0.173,  0.017,  0.331
  3660,  0.598, -0.053,  0.237,  0.192,  0.009,  0.199
  3720,  0.678, -0.006,  0.212,  0.170,  0.027,  0.206
  3780,  0.637, -0.041,  0.169,  0.216,  0.010,  0.263
  3840,  0.604, -0.050,  0.189,  0.163,  0.005,  0.262
  3900,  0.614, -0.029,  0.159,  0.186,  0.009,  0.172
  3960,  0.594,  0.008,  0.218,  0.153,  0.027,  0.184
  4020,  0.618,  0.031,  0.160,  0.123,  0.008,  0.164
  4080,  0.608, -0.013,  0.142,  0.157,  0.028,  0.216
  4140,  0.590,  0.005,  0.166,  0.145,  0.014,  0.223
  4200,  0.631,  0.043,  0.123,  0.174,  0.020,  0.329
  4260,  0.698, -0.074,  0.160,  0.153,  0.015,  0.295
  4320,  0.696, -0.051,  0.216,  0.148,  0.013,  0.268
  4380,  0.545,  0.017,  0.150,  0.143,  0.033,  0.271
  4440,  0.724, -0.020,  0.199,  0.209,  0.040,  0.348
  4500,  0.677,  0.010,  0.171,  0.176,  0.039,  0.210
  4560,  0.626, -0.072,  0.184,  0.176,  0.017,  0.181
  4620,  0.687,  0.007,  0.204,  0.176,  0.014,  0.312
  4680,  0.718, -0.047,  0.224,  0.209,  0.029,  0.205
  4740,  0.614, -0.031,  0.168,  0.203,  0.056,  0.169
  4800,  0.550, -0.009,  0.177,  0.167,  0.029,  0.188
  4860,  0.705, -0.007,  0.208,  0.182,  0.029,  0.244
  4920,  0.603, -0.063,  0.173,  0.157,  0.038,  0.228
  4980,  0.538,  0.014,  0.178,  0.178,  0.019,  0.299
  5040,  0.590, -0.009,  0.218,  0.169,  0.054,  0.275
  5100, -9999.000, -9999.000, -9999.000, -9999.000, -9999.000, -9999.000
  5160,  0.456, -0.013,  0.135,  0.154,  0.015,  0.306
  5220,  0.656, -0.021,  0.216,  0.187,  0.052,  0.376
  5280,  0.665, -0.012,  0.166,  0.198,  0.043,  0.779
  5340,  0.614, -0.004,  0.227,  0.144,  0.015,  0.684
  5400,  0.638,  0.011,  0.233,  0.160,  0.024,  0.627
  5460,  0.610, -0.018,  0.191,  0.157,  0.026,  0.636
  5520,  0.594,  0.037,  0.215,  0.171,  0.055,  0.720
  5580,  0.632,  0.007,  0.185,  0.101,  0.036,  0.588
  5640,  0.692,  0.020,  0.157,  0.147,  0.007,  0.465
  5700,  0.583, -0.009,  0.223,  0.119,  0.028,  0.448
  5760,  0.656,  0.042,  0.166,  0.119,  0.026,  0.464
  5820,  0.656, -0.009,  0.214,  0.133,  0.022,  0.351
  5880,  0.551, -0.013,  0.195,  0.100,  0.048,  0.531
  5940,  0.653,  0.005,  0.269,  0.103,  0.003,  0.476
  6000,  0.589, -0.029,  0.212,  0.124,  0.047,  0.481
  6060,  0.691,  0.090,  0.243,  0.124,  0.041,  0.417
  6120,  0.607,  0.005,  0.283,  0.140,  0.048,  0.525
  6180,  0.622,  0.017,  0.251,  0.097,  0.027,  0.527
  6240,  0.580,  0.012,  0.265,  0.114,  0.023,  0.496
  6300,  0.625,  0.083,  0.291,  0.136,  0.028,  0.457
  6360,  0.597, -0.005,  0.212,  0.098,  0.059,  0.399
  6420,  0.586,  0.039,  0.243,  0.143,  0.031,  0.468
  6480,  0.646,  0.005,  0.226,  0.116,  0.044,  0.539
  6540,  0.626,  0.045,  0.243,  0.117,  0.040,  0.438
  6600,  0.615, -0.015,  0.251,  0.112,  0.030,  0.529
  6660,  0.516,  0.009,  0.232,  0.085,  0.015,  0.439
  6720,  0.577,  0.062,  0.303,  0.092,  0.064,  0.333
  6780,  0.581,  0.003,  0.264,  0.109,  0.020,  0.222
  6840,  0.662,  0.042,  0.326,  0.090,  0.031,  0.303
  6900,  0.564, -0.027,  0.247,  0.104,  0.033,  0.250
  6960, -9999.000, -9999.000, -9999.000, -9999.000, -9999.000, -9999.000
  7020,  0.559,  0.040,  0.280,  0.084,  0.028,  0.349
  7080,  0.555,  0.111,  0.246,  0.082,  0.015,  0.244
  7140,  0.631,  0.041,  0.273,  0.080,  0.021,  0.305
  7200,  0.632,  0.085,  0.241,  0.085,  0.014,  0.362
  7260,  0.557,  0.034,  0.283,  0.085,  0.012,  0.287
  7320,  0.639,  0.093,  0.219,  0.111,  0.022,  0.392
  7380,  0.581,  0.058,  0.254,  0.063,  0.033,  0.339
  7440,  0.648,  0.049,  0.255,  0.088,  0.047,  0.400
  7500,  0.585,  0.020,  0.261,  0.119,  0.008,  0.362
  7560,  0.579,  0.048,  0.268,  0.103,  0.010,  0.452
  7620,  0.577,  0.038,  0.268,  0.132,  0.029,  0.423
  7680,  0.449,  0.023,  0.231,  0.114,  0.023,  0.366
  7740,  0.606,  0.035,  0.236,  0.156,  0.033,  0.702
  7800,  0.631,  0.029,  0.308,  0.342,  0.023,  1.314
  7860,  0.549,  0.075,  0.313,  0.265,  0.026,  1.890
  7920,  0.599,  0.089,  0.298,  0.350,  0.010,  3.297
  7980,  0.511,  0.047,  0.241,  0.348, -0.013,  2.647
  8040,  0.594,  0.138,  0.275,  0.381,  0.029,  2.944
  8100,  0.637,  0.037,  0.254,  0.315,  0.016,  1.688
  8160,  0.638,  0.020,  0.259,  0.287,  0.015,  1.080
  8220,  0.615,  0.061,  0.209,  0.235, -0.009,  1.215
  8280,  0.606,  0.090,  0.275,  0.233,  0.023,  0.877
  8340,  0.557,  0.045,  0.227,  0.189,  0.011,  0.987
  8400,  0.625,  0.050,  0.256,  0.179,  0.031,  0.833
  8460,  0.505,  0.034,  0.224,  0.183, -0.007,  0.668
  8520,  0.627,  0.048,  0.237,  0.206,  0.007,  0.836
  8580,  0.575,  0.032,  0.236,  0.118, -0.019,  0.715
  8640,  0.517,  0.113,  0.215,  0.092,  0.014,  0.738
  8700,  0.549,  0.063,  0.229,  0.101,  0.020,  0.499
  8760,  0.442,  0.052,  0.154,  0.060, -0.053,  0.463
  8820, -9999.000, -9999.000, -9999.000, -9999.000, -9999.000, -9999.000
  8880,  0.555,  0.077,  0.195,  0.090, -0.011,  0.542
  8940,  0.571,  0.047,  0.190,  0.095, -0.003,  0.508
  9000,  0.579,  0.039,  0.227,  0.093, -0.004,  0.489
  9060,  0.617,  0.036,  0.192,  0.085, -0.007,  0.543
  9120,  0.515,  0.042,  0.223,  0.085,  0.003,  0.449
  9180,  0.664,  0.076,  0.222,  0.089,  0.014,  0.507
  9240,  0.595,  0.058,  0.204,  0.095, -0.013,  0.510
  9300,  0.578,  0.011,  0.238,  0.111,  0.015,  0.395
  9360,  0.576,  0.040,  0.256,  0.071, -0.000,  0.431
  9420,  0.579,  0.056,  0.153,  0.074,  0.003,  0.378
  9480,  0.604,  0.059,  0.220,  0.118,  0.011,  0.321
  9540,  0.530,  0.069,  0.199,  0.131,  0.029,  0.287
  9600,  0.598, -0.005,  0.239,  0.098,  0.019,  0.368
  9660,  0.527,  0.026,  0.211,  0.083,  0.013,  0.351
  9720,  0.575,  0.017,  0.267,  0.097,  0.046,  0.380
  9780,  0.631,  0.047,  0.299,  0.099,  0.011,  0.367
  9840,  0.638,  0.048,  0.245,  0.100,  0.006,  0.305
  9900,  0.300,  0.040,  0.204,  0.078,  0.012,  0.192
  9960,  0.350,  0.015,  0.191,  0.066, -0.022,  0.180
 10020,  0.568,  0.068,  0.247,  0.111,  0.013,  0.336
 10080,  0.663,  0.010,  0.221,  0.094,  0.005,  0.341
 10140,  0.541,  0.024,  0.258,  0.113,  0.032,  0.262
 10200,  0.531,  0.039,  0.260,  0.094,  0.022,  0.366
 10260,  0.670,  0.084,  0.247,  0.094,  0.050,  0.318
 10320,  0.563,  0.087,  0.218,  0.121,  0.036,  0.355
 10380,  0.550,  0.055,  0.269,  0.119,  0.035,  0.231
 10440,  0.529, -0.001,  0.288,  0.136,  0.058,  0.283
 10500,  0.503,  0.051,  0.248,  0.137,  0.028,  0.343
 10560,  0.539,  0.001,  0.232,  0.105,  0.050,  0.293
 10620,  0.635,  0.037,  0.266,  0.113,  0.006,  0.250
 10680,  0.609, -0.001,  0.230,  0.088,  0.010,  0.437
 10740,  0.637,  0.099,  0.287,  0.116,  0.029,  0.320
 10800,  0.598,  0.006,  0.260,  0.125,  0.033,  0.402
 10860,  0.580,  0.052,  0.254,  0.113,  0.013,  0.287
 10920,  0.546,  0.035,  0.283,  0.120,  0.066,  0.351
 10980,  0.682, -0.003,  0.293,  0.135,  0.051,  0.390
 11040,  0.521,  0.001,  0.272,  0.123,  0.008,  0.331
 11100,  0.607,  0.000,  0.275,  0.117,  0.018,  0.294
 11160,  0.516,  0.017,  0.240,  0.106,  0.014,  0.357
 11220,  0.548,  0.048,  0.284,  0.123,  0.059,  0.329
 11280,  0.442,  0.041,  0.206,  0.127,  0.010,  0.416
 11340,  0.474,  0.012,  0.240,  0.124,  0.042,  0.322
 11400,  0.706,  0.033,  0.214,  0.124,  0.021,  0.250
 11460,  0.482, -0.015,  0.222,  0.136,  0.015,  0.406
 11520,  0.614,  0.041,  0.240,  0.142,  0.032,  0.290
 11580,  0.626,  0.030,  0.238,  0.157,  0.007,  0.405
 11640,  0.590, -0.016,  0.245,  0.161,  0.031,  0.505
 11700,  0.468, -0.015,  0.265,  0.116,  0.035,  0.367
 11760,  0.584, -0.012,  0.248,  0.132,  0.032,  0.417
 11820,  0.539, -0.013,  0.280,  0.133,  0.045,  0.302
 11880,  0.558, -0.032,  0.279,  0.147,  0.043,  0.346
 11940,  0.501, -0.004,  0.288,  0.143,  0.036,  0.375
 12000,  0.562,  0.029,  0.345,  0.110,  0.048,  0.354
 12060,  0.614, -0.048,  0.203,  0.131,  0.005,  0.339
 12120,  0.654,  0.014,  0.268,  0.185,  0.002,  0.620
 12180,  0.697,  0.021,  0.289,  0.132,  0.052,  0.768
 12240,  0.597, -0.002,  0.249,  0.177,  0.002,  0.886
 12300,  0.492,  0.051,  0.261,  0.217,  0.020,  0.995
 12360,  0.407, -0.034,  0.263,  0.241,  0.022,  0.850
 12420,  0.490,  0.016,  0.320,  0.310,  0.015,  1.308
 12480, -9999.000, -9999.000, -9999.000, -9999.000, -9999.000, -9999.000
 12540,  0.522,  0.063,  0.369,  0.212,  0.006,  0.874
 12600,  0.593, -0.026,  0.289,  0.198,  0.037,  0.824
 12660,  0.398, -0.044,  0.291,  0.193,  0.042,  0.850
 12720,  0.527,  0.073,  0.302,  0.540,  0.022,  1.414
 12780,  0.528,  0.038,  0.364,  0.561,  0.060,  1.460
 12840,  0.464, -0.019,  0.293,  1.070,  0.087,  1.838
 12900,  0.460,  0.047,  0.285,  0.819,  0.030,  1.769
 12960,  0.373,  0.046,  0.317,  0.873,  0.056,  2.106
 13020,  0.471,  0.028,  0.292,  0.860,  0.046,  2.254
 13080,  0.525,  0.015,  0.270,  0.793,  0.087,  2.191
 13140,  0.497,  0.047,  0.309,  0.805,  0.042,  1.984
 13200,  0.455,  0.030,  0.307,  0.990,  0.057,  1.870
 13260,  0.576,  0.093,  0.314,  1.028,  0.060,  2.177
 13320,  0.554,  0.053,  0.287,  0.724,  0.069,  2.148
 13380,  0.435,  0.013,  0.240,  0.714,  0.050,  1.873
 13440,  0.617,  0.082,  0.301,  0.630,  0.042,  1.541
 13500,  0.658,  0.053,  0.304,  0.463,  0.075,  1.543
 13560,  0.595,  0.091,  0.297,  0.459,  0.066,  1.466
 13620,  0.559,  0.028,  0.267,  0.421,  0.039,  1.524
 13680,  0.395,  0.024,  0.330,  0.770,  0.046,  1.954
 13740,  0.488,  0.032,  0.285,  0.913,  0.045,  2.732
 13800,  0.533,  0.007,  0.307,  0.762,  0.061,  2.136
 13860,  0.625,  0.054,  0.271,  0.639,  0.066,  2.311
 13920,  0.541,  0.045,  0.281,  0.522,  0.105,  1.727
 13980,  0.599,  0.032,  0.272,  0.788,  0.077,  2.249
 14040,  0.541,  0.072,  0.297,  0.653,  0.063,  1.968
 14100,  0.581,  0.059,  0.319,  0.768,  0.077,  2.178
 14160,  0.582,  0.093,  0.318,  0.838,  0.094,  2.338
 14220,  0.574,  0.065,  0.349,  0.608,  0.089,  2.010
 14280,  0.623,  0.067,  0.262,  0.491,  0.087,  1.622
 14340, -9999.000, -9999.000, -9999.000, -9999.000, -9999.000, -9999.000
 14400,  0.660, -0.015,  0.240,  0.309,  0.086,  1.046
 14460,  0.657,  0.083,  0.265,  0.254,  0.082,  1.008
 14520,  0.640,  0.035,  0.237,  0.227,  0.073,  1.033
 14580,  0.695,  0.030,  0.237,  0.268,  0.091,  1.068
 14640,  0.611,  0.123,  0.183,  0.210,  0.062,  0.969
 14700,  0.574,  0.031,  0.243,  0.249,  0.069,  0.787
 14760,  0.667,  0.021,  0.270,  0.230,  0.082,  0.704
 14820,  0.623,  0.105,  0.249,  0.264,  0.057,  0.540
 14880,  0.667,  0.083,  0.241,  0.230,  0.060,  0.622
 14940,  0.644,  0.105,  0.284,  0.220,  0.070,  0.604
 15000,  0.585,  0.060,  0.217,  0.210,  0.072,  0.716
 15060,  0.751,  0.054,  0.266,  0.179,  0.068,  0.828
 15120,  0.693,  0.028,  0.239,  0.232,  0.049,  0.704
 15180,  0.671,  0.049,  0.249,  0.191,  0.061,  0.735
 15240,  0.715,  0.064,  0.243,  0.228,  0.045,  0.660
 15300,  0.584,  0.025,  0.256,  0.203,  0.051,  0.612
 15360,  0.565,  0.071,  0.278,  0.215,  0.033,  0.886
 15420,  0.207,  0.005,  0.165,  0.157, -0.019,  0.351
 15480,  0.386,  0.047,  0.221,  0.189,  0.010,  0.559
 15540,  0.681,  0.082,  0.239,  0.236,  0.045,  0.831
 15600,  0.657,  0.035,  0.263,  0.188,  0.034,  0.889
 15660,  0.653,  0.012,  0.298,  0.223,  0.074,  0.837
 15720,  0.752,  0.023,  0.300,  0.255,  0.031,  0.870
 15780,  0.703,  0.077,  0.262,  0.221,  0.058,  0.813
 15840,  0.698,  0.066,  0.304,  0.197,  0.055,  0.853
 15900,  0.701,  0.067,  0.243,  0.203,  0.042,  0.805
 15960,  0.683,  0.110,  0.300,  0.211,  0.024,  0.668
 16020,  0.762,  0.091,  0.292,  0.181,  0.080,  0.721
 16080,  0.628,  0.056,  0.249,  0.200,  0.031,  0.640
 16140,  0.762,  0.019,  0.155,  0.146, -0.001,  0.592
 16200, -9999.000, -9999.000, -9999.000, -9999.000, -9999.000, -9999.000
 16260,  0.669,  0.108,  0.276,  0.232,  0.037,  0.682
 16320,  0.833,  0.044,  0.248,  0.224,  0.017,  0.747
 16380,  0.671,  0.071,  0.250,  0.230,  0.012,  0.694
 16440,  0.693,  0.059,  0.265,  0.217,  0.031,  0.764
 16500,  0.727,  0.083,  0.232,  0.206,  0.003,  0.804
 16560,  0.712,  0.049,  0.223,  0.247,  0.055,  0.826
 16620,  0.653,  0.048,  0.264,  0.259,  0.051,  0.834
 16680,  0.681,  0.066,  0.274,  0.210,  0.061,  0.781
 16740,  0.708,  0.075,  0.264,  0.263,  0.032,  0.721
 16800,  0.688,  0.069,  0.310,  0.228,  0.075,  0.602
 16860,  0.657,  0.059,  0.271,  0.234,  0.046,  0.619
 16920,  0.617,  0.075,  0.237,  0.255,  0.044,  0.553
 16980,  0.711,  0.084,  0.259,  0.276,  0.034,  0.550
 17040,  0.668,  0.102,  0.259,  0.235,  0.070,  0.420
 17100,  0.684,  0.070,  0.271,  0.264,  0.101,  0.587
 17160,  0.585,  0.064,  0.313,  0.238,  0.053,  0.633
 17220,  0.633,  0.116,  0.250,  0.225,  0.081,  0.549
