CampaignData_and_Merges/R0/CSL_MobileLab_Parked/raw/20240814/USOS-POPS_MobileLabGround_20240814_R0.ict
78, 1001
Thornberry, T. D.
NOAA Chemical Sciences Laboratory
Portable Optical Particle Spectrometer (POPS)
USOS
1, 1
2024, 08, 14, 2025, 05, 08
60
Time_Start, seconds_past_midnight, Start time of measurement
45
1, 1, 1, 1, 1, 1, 1, 1, 1, 1, 1, 1, 1, 1, 1, 1, 1, 1, 1, 1, 1, 1, 1, 1, 1, 1, 1, 1, 1, 1, 1, 1, 1, 1, 1, 1, 1, 1, 1, 1, 1, 1, 1, 1, 1
-9999, -9999, -9999, -9999, -9999, -9999, -9999, -9999, -9999, -9999, -9999, -9999, -9999, -9999, -9999, -9999, -9999, -9999, -9999, -9999, -9999, -9999, -9999, -9999, -9999, -9999, -9999, -9999, -9999, -9999, -9999, -9999, -9999, -9999, -9999, -9999, -9999, -9999, -9999, -9999, -9999, -9999, -9999, -9999, -9999
Time_Stop, seconds_past_midnight, Stop time of measurement
Time_Mid, seconds_past_midnight, Mid time of measurement
Press_mb, mb, Pressure reported (mb)
Temp_C, degrees C, POPS temperature measurement
Aerosol_concentration, cm^-3, Aerosol concentration
Surface_Area_Conc, um^2 cm^-3, Surface area concentration
Volume_density, um^3 cm^-3, Volume density
Effective_radius, um, Effective radius
Extinction, km^-1, Extinction
Bin01, cm^-3, particle concentration in size range [1401 - 146.3 nm]
Bin02, cm^-3, particle concentration in size range [146.3 - 152.8 nm]
Bin03, cm^-3, particle concentration in size range [152.8 - 159.6 nm]
Bin04, cm^-3, particle concentration in size range [159.6 - 166.8 nm]
Bin05, cm^-3, particle concentration in size range [166.8 - 174.2 nm]
Bin06, cm^-3, particle concentration in size range [174.2 - 181.9 nm]
Bin07, cm^-3, particle concentration in size range [181.9 - 190.0 nm]
Bin08, cm^-3, particle concentration in size range [190.0 - 198.5 nm]
Bin09, cm^-3, particle concentration in size range [198.5 - 207.4 nm]
Bin10, cm^-3, particle concentration in size range [207.4 - 216.6 nm]
Bin11, cm^-3, particle concentration in size range [216.6 - 226.2 nm]
Bin12, cm^-3, particle concentration in size range [226.2 - 236.3 nm]
Bin13, cm^-3, particle concentration in size range [236.3 - 246.8 nm]
Bin14, cm^-3, particle concentration in size range [246.8 - 257.8 nm]
Bin15, cm^-3, particle concentration in size range [257.8 - 269.3 nm]
Bin16, cm^-3, particle concentration in size range [269.3 - 343.4 nm]
Bin17, cm^-3, particle concentration in size range [343.4 - 450.7 nm]
Bin18, cm^-3, particle concentration in size range [450.7 - 525.9 nm]
Bin19, cm^-3, particle concentration in size range [525.9 - 618.5 nm]
Bin20, cm^-3, particle concentration in size range [618.5 - 710.0 nm]
Bin21, cm^-3, particle concentration in size range [710.0 - 822.7 nm]
Bin22, cm^-3, particle concentration in size range [822.7 - 885.9 nm]
Bin23, cm^-3, particle concentration in size range [885.9 - 953.9 nm]
Bin24, cm^-3, particle concentration in size range [953.9 - 1027.2 nm]
Bin25, cm^-3, particle concentration in size range [1027.2 - 1106.1 nm]
Bin26, cm^-3, particle concentration in size range [1106.1 - 1191.0 nm]
Bin27, cm^-3, particle concentration in size range [1191.0 - 1282.5 nm]
Bin28, cm^-3, particle concentration in size range [1282.5 - 1381.0 nm]
Bin29, cm^-3, particle concentration in size range [1381.0 - 1487.1 nm]
Bin30, cm^-3, particle concentration in size range [1487.1 - 1601.3 nm]
Bin31, cm^-3, particle concentration in size range [1601.3 - 1724.3 nm]
[...]
PLATFORM: NOAA CSL Mobile Lab
LOCATION: USOS
ASSOCIATED_DATA: N/A
INSTRUMENT_INFO: Printed Optical Particle Spectrometer counts particles from 140 - 2500 nm in diameter 
DATA_INFO: Particle concentrations reported in number per cubic centimeter,1 Hz data
UNCERTAINTY: Counting uncertainty dominated by air flow, less than 5 percent. Measurement range is ~0 - 3000 per cm3 (varies depending on flow rate- manufacturer quotes 1250 per cm3 at 1.667 cc/s)
ULOD_FLAG: -7777
ULOD_VALUE: N/A
LLOD_FLAG: -8888
LLOD_VALUE: N/A
DM_CONTACT_INFO: Troy Thornberry, 325 Broadway R/CSL6, Boulder, CO 80305; troy.thornberry@noaa.gov; 303-497-3373
PROJECT_INFO: USOS, Utah POPS data from NOAA CSL Mobile Lab
STIPULATIONS_ON_USE: Please contact the PIs for questions regarding applications and uncertainties
OTHER_COMMENTS: POPS bin Edges (nm):  140.1, 146.3, 152.8, 159.6, 166.8, 174.2, 181.9, 190.0, 198.5, 207.4, 216.6, 226.2, 236.3, 246.8, 257.8, 269.3, 343.4, 450.7, 525.9, 618.5, 710.0, 822.7, 885.9, 953.9, 1027.2, 1106.1, 1191.0, 1282.5, 1381.0, 1487.1, 1601.3, 1724.3, 1856.7, 1999.3, 2152.8, 2318.2, 2496.2
Calculations assume organic aerosol refractive index of 1.52+0.00j and extinction wavelength = 532 nm
REVISION: R0
R0: Final data
Time_Start, Time_Stop, Time_Mid, Press_mb, Temp_C, Aerosol_concentration, Surface_Area_Conc, Volume_density, Effective_radius, Extinction, Bin01, Bin02, Bin03, Bin04, Bin05, Bin06, Bin07, Bin08, Bin09, Bin10, Bin11, Bin12, Bin13, Bin14, Bin15, Bin16, Bin17, Bin18, Bin19, Bin20, Bin21, Bin22, Bin23, Bin24, Bin25, Bin26, Bin27, Bin28, Bin29, Bin30, Bin31, Bin32, Bin33, Bin34, Bin35, Bin36
[from data line 651]
39060,39119,39090,871.217,32.065,169.205,20.658,1.043,0.145,0.004,25.671936,21.824572,19.285807,16.143408,14.255696,11.656374,9.188821,8.579462,6.647001,6.163698,5.206204,4.790648,4.099617,3.758140,2.666152,6.521213,1.710923,0.439993,0.233390,0.066526,0.050474,0.044396,0.049829,0.044803,0.011096,0.005394,0.022188,0.005669,0.011111,0.010990,0.016687,0.005631,0.000000,0.000000,0.011463,0.005889
39120,39179,39150,871.244,31.901,169.329,20.999,1.213,0.164,0.004,25.858896,21.646526,19.136061,16.092991,14.055734,11.631135,9.729497,8.476897,7.022819,5.809890,5.081666,4.653043,4.413494,3.918614,2.831802,6.267160,1.657618,0.470219,0.237813,0.071926,0.048870,0.021932,0.005556,0.016593,0.005482,0.033340,0.011438,0.022355,0.016564,0.016705,0.016641,0.016669,0.011001,0.000000,0.000000,0.022376
39180,39239,39210,871.208,31.929,169.260,20.698,1.070,0.149,0.004,25.517012,22.865299,18.863041,15.853978,13.916469,11.696170,9.866657,8.482878,6.927146,5.798035,5.336205,4.909567,4.142403,3.592852,2.539768,6.358429,1.450389,0.474776,0.320176,0.077417,0.077424,0.022136,0.027700,0.011112,0.016488,0.005631,0.016675,0.010876,0.005501,0.021737,0.027712,0.000000,0.005519,0.011207,0.000000,0.011074
39240,39299,39270,871.223,32.110,171.146,21.219,1.245,0.166,0.004,25.938324,23.036158,18.917528,16.646198,13.808488,11.770556,9.624249,8.420910,7.099830,5.920826,5.385845,4.679408,4.255167,3.672465,2.929446,6.506989,1.478868,0.536559,0.170800,0.055406,0.021759,0.038653,0.011056,0.022114,0.038783,0.016742,0.033117,0.011038,0.005394,0.005556,0.032806,0.016282,0.005447,0.011075,0.005519,0.016354
39300,39359,39330,871.215,32.162,169.768,21.240,1.301,0.174,0.004,25.967033,21.115042,18.524712,16.586941,14.537561,11.630553,9.546827,8.539890,6.861763,5.922488,5.500320,4.992784,4.453323,3.873803,2.624891,6.599750,1.488699,0.415180,0.238499,0.066360,0.044589,0.010933,0.032944,0.022225,0.016129,0.005612,0.005574,0.022187,0.032980,0.005429,0.011023,0.021845,0.005556,0.016489,0.011137,0.016816
39360,39419,39390,871.199,32.007,170.758,21.493,1.265,0.166,0.005,25.894686,21.202736,18.735416,16.186590,14.365599,12.231382,10.305668,8.138987,6.991209,5.837870,5.389701,5.070523,4.315324,3.890543,2.820581,6.656342,1.704098,0.329088,0.261857,0.033713,0.072777,0.055773,0.049896,0.028007,0.011020,0.011095,0.016579,0.033513,0.022031,0.016949,0.027799,0.022211,0.011262,0.005574,0.005593,0.005593
39420,39479,39450,871.209,31.976,168.204,20.476,1.083,0.154,0.004,25.735573,21.764872,18.995287,16.178078,13.555802,11.856414,9.473466,8.567659,6.887010,5.677876,5.038879,4.804657,4.296401,3.810571,2.592452,6.575288,1.489812,0.317014,0.243300,0.060997,0.038908,0.049912,0.011096,0.043739,0.027748,0.021957,0.005631,0.005376,0.011357,0.016578,0.011639,0.016525,0.011056,0.000000,0.005208,0.005501
39480,39539,39510,871.208,32.200,167.412,20.373,1.046,0.148,0.004,24.839598,21.821690,18.376247,16.492001,13.282832,12.009518,9.591360,8.245552,6.849601,6.095047,5.490563,4.486153,4.641980,3.488129,2.720318,6.515818,1.490612,0.415316,0.254464,0.060543,0.044640,0.033134,0.000000,0.027967,0.010954,0.022279,0.011113,0.022244,0.010808,0.011075,0.027896,0.016688,0.000000,0.000000,0.000000,0.005501
39540,39599,39570,871.221,32.306,168.859,20.962,1.256,0.171,0.004,25.164333,21.893295,19.576950,16.284798,13.785275,11.799981,9.718576,8.754760,6.722151,5.922210,5.257061,4.643830,4.311084,3.519050,2.574064,6.398015,1.579116,0.397863,0.198755,0.032671,0.055594,0.038528,0.027447,0.021995,0.027434,0.011205,0.032402,0.011174,0.011167,0.005593,0.011001,0.021740,0.011130,0.017049,0.016685,0.005325
39600,39659,39630,871.189,32.163,169.734,20.583,1.037,0.147,0.004,25.975372,21.615431,18.837267,16.393106,13.562604,11.763733,10.093904,8.138524,6.874868,6.328665,5.635323,4.728086,4.414763,3.828840,2.824153,6.385961,1.367723,0.406946,0.220461,0.055510,0.050175,0.033226,0.038335,0.016515,0.022208,0.022150,0.016757,0.016571,0.016506,0.011123,0.005747,0.011167,0.011096,0.011038,0.000000,0.000000
39660,39719,39690,871.209,31.979,171.061,20.756,1.070,0.150,0.004,26.353672,22.799854,18.823210,16.744387,13.950868,11.998208,9.450320,8.260847,7.064364,5.744866,5.318498,4.646196,4.212715,3.573830,2.894849,6.503788,1.728373,0.456901,0.195256,0.072744,0.072394,0.022029,0.016723,0.016807,0.033342,0.022334,0.005593,0.011130,0.022298,0.005708,0.011057,0.011208,0.000000,0.000000,0.000000,0.016381
39720,39779,39750,871.220,32.093,169.730,21.461,1.410,0.182,0.005,26.040709,22.421913,19.080214,16.172104,14.092731,11.709542,9.833413,8.375673,6.805400,5.898921,4.960171,4.790339,4.123152,3.742986,2.767342,6.274006,1.585040,0.404110,0.276367,0.061775,0.043949,0.027323,0.021869,0.033200,0.027802,0.005556,0.005537,0.011075,0.021974,0.016704,0.005537,0.016297,0.022299,0.010905,0.011186,0.033010
39780,39839,39810,871.236,32.211,170.194,20.803,1.112,0.155,0.004,26.068192,21.323587,18.990681,16.832232,14.479899,11.459862,9.957210,8.376349,7.011323,5.947225,5.060113,4.790493,4.313221,3.820308,2.699654,6.553398,1.562629,0.405416,0.221636,0.055568,0.038641,0.027434,0.027489,0.027805,0.022023,0.021808,0.005631,0.000000,0.011186,0.021968,0.021860,0.011056,0.011003,0.000000,0.011111,0.005612
39840,39899,39870,871.233,32.211,169.833,20.595,1.030,0.145,0.004,25.734270,22.778368,18.662050,15.760250,13.706134,11.946584,9.729000,8.492697,7.169894,5.903183,5.370487,4.945177,4.194859,3.701680,2.807138,6.428150,1.533496,0.415382,0.238567,0.066018,0.055654,0.033227,0.022151,0.011378,0.016566,0.010965,0.005556,0.033435,0.000000,0.005464,0.022224,0.005556,0.016579,0.005593,0.005556,0.000000
39900,39959,39930,871.218,32.071,171.046,20.648,1.040,0.145,0.004,26.626596,22.849979,19.452463,16.442497,13.833722,12.077378,9.826850,8.236726,7.184465,5.938351,4.821619,4.485661,4.249769,3.731267,2.616999,6.057483,1.631864,0.392488,0.258776,0.077161,0.033203,0.027349,0.027586,0.027735,0.005464,0.027798,0.027400,0.005631,0.000000,0.022071,0.022280,0.000000,0.005342,0.011112,0.011131,0.000000
39960,40019,39990,871.217,32.016,169.460,20.282,1.017,0.145,0.004,25.532410,22.149168,19.173676,16.898266,14.216332,11.639510,9.654238,8.186637,6.923427,6.031103,5.171563,4.464561,4.067759,3.830715,2.585420,6.344084,1.640997,0.453151,0.232417,0.049241,0.044130,0.044477,0.038743,0.011206,0.010930,0.005593,0.000000,0.005593,0.010840,0.011168,0.000000,0.016450,0.000000,0.000000,0.005501,0.010936
40020,40079,40050,871.216,32.186,171.945,20.729,1.012,0.142,0.004,26.467073,22.953264,18.949432,15.904239,14.266658,11.893751,10.089315,8.465459,7.072989,6.101342,5.237906,4.731267,4.247183,3.664664,2.801121,6.664732,1.527956,0.400447,0.195299,0.060890,0.055495,0.016983,0.038888,0.016764,0.016470,0.016726,0.005411,0.000000,0.022327,0.016365,0.011057,0.000000,0.016686,0.016469,0.000000,0.000000
40080,40139,40110,871.220,32.275,171.179,20.467,0.966,0.137,0.004,25.851788,22.272236,18.599123,16.615822,14.427029,11.750815,10.338589,8.632395,7.203276,6.303855,5.210059,4.623655,4.209704,3.733979,2.817501,6.171159,1.538071,0.398388,0.193944,0.060370,0.027948,0.038407,0.027808,0.010954,0.027620,0.000000,0.027834,0.016437,0.005593,0.011223,0.016505,0.000000,0.000000,0.011093,0.000000,0.005631
40140,40199,40170,871.203,32.193,172.725,20.973,1.087,0.148,0.004,26.287231,22.463070,19.026863,17.034267,14.002890,11.865026,9.807622,8.297829,7.212210,5.976784,5.368629,4.948405,4.508841,3.926018,2.629014,6.808857,1.693933,0.372275,0.222790,0.038914,0.049892,0.027765,0.027496,0.022527,0.011168,0.011320,0.011168,0.000000,0.000000,0.016602,0.022059,0.005631,0.000000,0.005574,0.005394,0.016816
40200,40259,40230,871.198,32.050,172.304,21.411,1.261,0.168,0.004,26.756254,22.778254,19.139334,16.664051,14.110959,11.620816,9.741316,8.268050,6.682347,5.952071,5.516154,4.816703,4.425284,3.586965,2.537164,6.974333,1.718526,0.430559,0.236547,0.060700,0.072452,0.016614,0.022328,0.005537,0.010984,0.021933,0.021796,0.005519,0.021981,0.011093,0.016412,0.016798,0.016729,0.000000,0.005537,0.022152
40260,40319,40290,871.177,32.056,172.518,21.174,1.143,0.155,0.004,26.575260,22.214888,19.455006,16.294397,14.500207,11.912902,9.758230,8.522876,6.855493,6.166855,5.215040,4.821910,4.484701,3.640152,2.635537,6.710405,1.772101,0.434158,0.188208,0.094168,0.055257,0.021983,0.016895,0.022472,0.022291,0.016631,0.005537,0.005342,0.011340,0.027890,0.026743,0.010968,0.000000,0.005631,0.005537,0.011158
40320,40379,40350,871.179,32.220,171.895,21.047,1.121,0.153,0.004,26.960722,22.503532,18.579100,16.719608,14.214436,11.550744,9.506064,8.649583,6.921099,5.892992,5.462538,4.904304,4.319759,3.845040,2.709035,6.490132,1.684754,0.435531,0.220188,0.033030,0.038664,0.050031,0.021762,0.022073,0.022280,0.027743,0.005447,0.016817,0.005631,0.016421,0.033181,0.010949,0.000000,0.010845,0.011207,0.000000
40380,40439,40410,871.189,32.191,172.078,20.784,1.076,0.150,0.004,27.044096,22.150934,19.059071,16.956335,14.258424,11.765009,9.713196,8.417450,7.007067,6.102625,5.340023,4.512759,4.334477,3.771885,2.722281,6.354457,1.545917,0.436042,0.249118,0.055635,0.082484,0.027741,0.016789,0.022064,0.021613,0.021885,0.021987,0.005447,0.011244,0.005429,0.005464,0.016607,0.005556,0.005447,0.005631,0.005411
40440,40499,40470,871.191,32.040,171.603,21.058,1.203,0.162,0.004,26.390512,22.284412,19.652321,16.682638,14.098163,12.162427,9.777830,8.119445,6.954990,6.035215,5.184168,4.959937,3.963990,3.697229,2.665020,6.562073,1.577993,0.359285,0.177270,0.016771,0.022109,0.021797,0.027763,0.021903,0.021900,0.011020,0.038592,0.005556,0.005429,0.027469,0.027596,0.011167,0.011023,0.005593,0.010895,0.011057
40500,40559,40530,871.193,31.936,172.939,20.769,1.041,0.146,0.004,26.822990,22.505226,19.299551,17.020420,14.363885,11.860010,9.550749,8.772175,7.173891,6.391681,5.198755,4.559627,4.504839,3.674643,2.540057,6.160070,1.643794,0.401654,0.213524,0.056184,0.067904,0.005669,0.005631,0.028259,0.000000,0.005330,0.022562,0.011452,0.011318,0.033609,0.005594,0.000000,0.005631,0.005575,0.005612,0.011319
40560,40619,40590,871.185,32.091,174.182,21.061,1.085,0.149,0.004,26.759314,22.740299,19.424391,16.972956,14.365438,12.122408,9.800962,8.436079,6.911730,6.168172,5.465098,4.637944,4.309737,3.811356,2.628697,6.856478,1.777007,0.388311,0.283900,0.050292,0.089475,0.038874,0.005537,0.032848,0.011020,0.010667,0.005650,0.005574,0.000000,0.010701,0.027587,0.027868,0.005631,0.000000,0.000000,0.000000
40620,40679,40650,871.187,32.273,173.090,21.123,1.163,0.159,0.004,26.410107,23.147427,19.531296,16.481255,14.471837,11.753246,9.824080,8.634494,6.523585,6.065807,5.349830,4.990951,4.511788,3.762881,2.621150,6.392084,1.537751,0.526789,0.238238,0.055074,0.055081,0.021908,0.000000,0.016608,0.016803,0.027499,0.016780,0.016855,0.000000,0.016431,0.022192,0.022262,0.016605,0.005519,0.000000,0.005342
40680,40739,40710,871.174,32.102,173.424,20.974,1.052,0.147,0.004,26.524240,23.116062,19.098114,16.895441,14.540470,11.928150,9.678499,8.110392,7.216015,6.171029,5.127512,4.796738,4.552603,3.629981,2.741745,6.734685,1.569817,0.465845,0.211392,0.044656,0.066102,0.016536,0.032710,0.022174,0.010912,0.005411,0.010985,0.022030,0.016710,0.027933,0.011242,0.011148,0.011130,0.005429,0.000000,0.000000
40740,40799,40770,871.162,31.918,174.590,21.094,1.083,0.147,0.004,26.897367,23.683231,19.389620,16.747828,14.555360,11.895895,10.305611,8.355192,6.997730,6.091946,5.278358,5.011023,4.155176,3.724505,2.616939,6.316860,1.614108,0.383122,0.209571,0.072046,0.066952,0.016708,0.027732,0.027608,0.022042,0.011224,0.011074,0.032741,0.016725,0.011167,0.011093,0.005650,0.011153,0.005688,0.005537,0.005537
40800,40859,40830,871.174,31.978,174.848,21.386,1.239,0.166,0.004,26.812202,23.222559,19.391068,16.749975,14.654363,12.185204,10.433944,8.219880,6.901272,6.318559,5.205105,4.750952,4.349991,3.996984,2.731703,6.461236,1.586477,0.371634,0.188511,0.038803,0.055430,0.033685,0.011319,0.022230,0.011466,0.022324,0.016862,0.010840,0.011057,0.005501,0.010984,0.016423,0.016602,0.005464,0.005650,0.022008
40860,40919,40890,871.181,32.154,172.295,20.724,1.103,0.152,0.004,26.503237,22.479975,18.737009,16.993498,14.512549,11.916327,10.398570,8.465371,6.913849,5.856665,5.304739,4.939141,4.438877,3.555191,2.656137,6.288551,1.347940,0.416043,0.266192,0.088470,0.033286,0.022499,0.016394,0.016656,0.011192,0.011186,0.022417,0.005482,0.005411,0.011113,0.021939,0.022317,0.005593,0.000000,0.000000,0.010897
40920,40979,40950,871.180,32.083,173.778,21.046,1.116,0.152,0.004,27.020493,23.150496,19.652182,16.745226,14.580725,11.711062,9.860667,8.337775,6.910456,5.851979,5.047081,5.029399,4.350267,3.975817,2.752114,6.406108,1.560136,0.329731,0.167022,0.027577,0.066446,0.050165,0.038878,0.011242,0.033382,0.022297,0.016742,0.005727,0.011244,0.005556,0.005519,0.000000,0.005669,0.011339,0.011130,0.016559
40980,41039,41010,871.176,31.902,174.361,20.972,1.068,0.147,0.004,26.832895,22.942272,19.898598,16.572226,13.962236,11.844553,10.092838,8.818476,7.352906,6.152761,5.382404,4.874136,4.286868,3.859405,2.744806,6.301904,1.494507,0.426246,0.215861,0.072487,0.039008,0.027856,0.010753,0.010932,0.010685,0.022356,0.021956,0.016326,0.011056,0.011300,0.011168,0.010929,0.011230,0.011024,0.005631,0.000000
41040,41099,41070,871.172,31.827,172.885,20.686,1.020,0.144,0.004,26.673893,22.604803,18.853115,16.973570,14.193156,12.482045,9.876161,8.507250,6.795094,6.128509,5.223971,5.111044,4.173393,3.820572,2.855465,6.128966,1.606518,0.382103,0.206250,0.044488,0.050288,0.027784,0.027596,0.016818,0.005464,0.011340,0.027930,0.016685,0.010773,0.005650,0.016222,0.011056,0.005574,0.005688,0.005593,0.000000
41100,41159,41130,871.201,32.103,172.323,20.541,0.952,0.137,0.004,26.369120,23.007868,19.204298,16.504354,14.680756,11.763358,9.655558,8.163157,7.076790,6.023044,5.225579,4.839248,4.227903,3.749601,2.802160,6.684458,1.456540,0.348374,0.226638,0.083061,0.032712,0.027798,0.038638,0.016547,0.021998,0.005482,0.016857,0.011261,0.016746,0.010552,0.022022,0.005501,0.005464,0.000000,0.000000,0.000000
41160,41219,41190,871.199,32.154,174.474,20.939,1.037,0.144,0.004,26.461372,23.383028,19.193266,17.212654,14.242188,12.057079,10.005261,8.635432,6.969445,6.209866,5.279015,4.873100,4.403481,3.951258,2.641964,6.422931,1.655812,0.387546,0.172961,0.033565,0.076753,0.016819,0.033600,0.033734,0.000000,0.016353,0.027638,0.011133,0.022378,0.005612,0.016144,0.011167,0.000000,0.005519,0.000000,0.005669
41220,41279,41250,871.182,32.003,174.250,20.986,1.029,0.142,0.004,27.098724,22.726629,19.706007,15.991926,14.486030,12.098026,10.600519,8.548666,6.874961,6.404539,5.203567,4.839704,4.117801,3.765083,2.737875,6.517685,1.473215,0.471187,0.249742,0.077258,0.049722,0.050089,0.010895,0.011320,0.028195,0.010965,0.016235,0.016952,0.016524,0.016817,0.005574,0.005747,0.005291,0.016896,0.000000,0.000000
41280,41339,41310,871.195,31.911,177.608,21.910,1.226,0.162,0.005,27.340231,22.411757,20.360754,17.503199,14.583993,11.724022,10.268592,8.548079,7.422875,6.121272,5.512926,5.142729,4.423438,3.744613,2.960951,6.750633,1.652598,0.453748,0.263046,0.072892,0.066851,0.055884,0.039038,0.028327,0.038702,0.005501,0.011114,0.010929,0.005612,0.016931,0.028068,0.022309,0.000000,0.000000,0.000000,0.016764
41340,41399,41370,871.193,32.093,177.512,21.709,1.215,0.160,0.004,26.726715,23.542715,19.763174,17.287933,15.084080,12.763838,10.055120,8.419327,7.185582,6.153580,5.262860,4.693726,4.505698,4.098405,2.749656,6.666477,1.586304,0.398251,0.239414,0.039121,0.061168,0.016837,0.033311,0.027747,0.016760,0.022092,0.010949,0.011196,0.005688,0.022485,0.017013,0.011111,0.000000,0.000000,0.011057,0.022380
