CampaignData_and_Merges/R0/CSL_MobileLab_Parked/raw/20240814/USOS-NOAAIodideCIMS-HNO2_MobileLabGround_20240814_RA.ict
33, 1001
Michael A Robinson, Chris Jernigan, Subi Thakali
NOAA ESRL Chemical Sciences Laboratory and CIRES, U. of Colorado
NOAA Iodide CIMS Instrument
USOS
1, 1
2024, 08, 14, 2024, 08, 15
1
starttime_UTC, seconds_past_midnight, seconds_of_day_since_00:00:00_UTC
1
1
-9999
HNO2_NOAACIMS, pptv, Gas_HNO2_InSitu_S_AVMR, 
0
18
PI_CONTACT_INFO: 325 Broadway, R/CSD 7, Boulder, Colorado 80305; michael.a.robinson@noaa.gov; chris.jernigan@noaa.gov;
PLATFORM: NOAA CSL Mobile Lab
LOCATION: SLC, Utah
ASSOCIATED_DATA: 1Hz data also available on request.
INSTRUMENT_INFO: NOAA I- ToF CIMS
DATA_INFO: All data in parts per trillion by volume (pptv). 1 Hz data is available upon request.
UNCERTAINTY: TBD
ULOD_FLAG: -7777
ULOD_VALUE: N/A
LLOD_FLAG: -8888
LLOD_VALUE: N/A
DM_CONTACT_INFO: Nathan Howard; nathan.h.howard@noaa.gov
PROJECT_INFO: USOS, summer 2024. https://csl.noaa.gov/groups/csl7/measurements/2024usos/
STIPULATIONS_ON_USE: Users are strongly encouraged to contact the PI for proper data usage.
OTHER_COMMENTS: 
REVISION: RA
RA: Preliminary Data; For in-field use only
starttime_UTC, HNO2_NOAACIMS
     0, 21.286
    60, 29.030
   120, 29.178
   180, 24.865
   240, 22.821
   300, 22.619
   360, 23.008
   420, 27.457
   480, 19.092
   540, 19.938
   600, 15.724
   660, 17.417
   720, 19.051
   780, 17.067
   840, 17.583
   900, 22.964
   960, 20.708
  1020, 21.592
  1080, 24.942
  1140, 22.153
  1200, 19.210
  1260, 20.514
  1320, 23.954
  1380, 27.820
  1440, 30.975
  1500, 31.342
  1560, 29.943
  1620, 26.010
  1680, 25.941
  1740, 23.640
  1800, 27.464
  1860, 22.860
  1920, 22.479
  1980, 24.565
  2040, 27.219
  2100, 24.362
  2160, 26.521
  2220, 26.659
  2280, 23.239
  2340, 25.234
  2400, 31.708
  2460, 28.868
  2520, 25.749
  2580, 32.995
  2640, 31.370
  2700, 34.497
  2760, 34.982
  2820, 36.610
  2880, 39.585
  2940, 33.972
  3000, 38.872
  3060, 35.590
  3120, 32.066
  3180, 36.978
  3240, 36.979
  3300, 39.934
  3360, 34.730
  3420, 36.961
  3480, 32.690
  3540, 30.248
  3600, 24.329
  3660, 13.195
  3720, 10.393
  3780, 10.151
  3840, 13.971
  3900, 11.950
  3960,  9.521
  4020, 12.370
  4080, 10.600
  4140,  9.759
  4200,  7.727
  4260, 12.975
  4320,  9.252
  4380, 14.973
  4440, 15.998
  4500, 12.862
  4560, 10.816
  4620, 14.256
  4680, 17.283
  4740, 19.647
  4800, 15.505
  4860, 13.853
  4920, 15.586
  4980, 10.626
  5040, 14.588
  5100, -9999.000
  5160, 38.012
  5220, 20.851
  5280, 23.339
  5340, 24.635
  5400, 18.139
  5460, 20.066
  5520, 23.031
  5580, 21.627
  5640, 27.528
  5700, 28.327
  5760, 24.343
  5820, 24.640
  5880, 25.230
  5940, 26.706
  6000, 29.733
  6060, 29.007
  6120, 28.616
  6180, 26.952
  6240, 30.365
  6300, 32.362
  6360, 30.730
  6420, 32.301
  6480, 45.644
  6540, 42.561
  6600, 43.072
  6660, 66.418
  6720, 47.125
  6780, 39.461
  6840, 36.774
  6900, 41.355
  6960, -9999.000
  7020, 38.246
  7080, 45.077
  7140, 43.035
  7200, 34.327
  7260, 38.844
  7320, 46.619
  7380, 38.003
  7440, 35.805
  7500, 38.581
  7560, 41.722
  7620, 38.009
  7680, 35.890
  7740, 44.027
  7800, 54.800
  7860, 55.868
  7920, 59.994
  7980, 62.216
  8040, 61.428
  8100, 57.047
  8160, 46.381
  8220, 46.770
  8280, 41.523
  8340, 59.280
  8400, 45.362
  8460, 59.700
  8520, 60.215
  8580, 43.324
  8640, 44.025
  8700, 40.296
  8760, 44.007
  8820, -9999.000
  8880, 37.111
  8940, 43.485
  9000, 43.494
  9060, 43.733
  9120, 40.696
  9180, 34.850
  9240, 48.013
  9300, 52.703
  9360, 40.870
  9420, 38.652
  9480, 38.791
  9540, 50.931
  9600, 50.887
  9660, 42.992
  9720, 44.400
  9780, 46.311
  9840, 48.026
  9900, 53.091
  9960, 34.946
 10020, 40.004
 10080, 52.447
 10140, 48.508
 10200, 39.758
 10260, 39.116
 10320, 54.838
 10380, 50.560
 10440, 41.689
 10500, 39.191
 10560, 50.438
 10620, 53.675
 10680, 42.428
 10740, 41.579
 10800, 33.830
 10860, 34.816
 10920, 45.603
 10980, 41.017
 11040, 44.524
 11100, 39.979
 11160, 43.425
 11220, 43.352
 11280, 44.584
 11340, 34.219
 11400, 49.202
 11460, 49.108
 11520, 41.802
 11580, 33.062
 11640, 47.480
 11700, 42.954
 11760, 42.798
 11820, 46.891
 11880, 39.053
 11940, 48.284
 12000, 43.122
 12060, 46.371
 12120, 46.523
 12180, 58.130
 12240, 79.265
 12300, 57.646
 12360, 59.235
 12420, 66.992
 12480, -9999.000
 12540, 42.772
 12600, 42.524
 12660, 54.106
 12720, 70.917
 12780, 88.868
 12840, 91.903
 12900, 100.989
 12960, 115.521
 13020, 104.162
 13080, 117.032
 13140, 123.131
 13200, 101.072
 13260, 100.276
 13320, 92.823
 13380, 104.536
 13440, 95.290
 13500, 74.796
 13560, 85.049
 13620, 86.784
 13680, 122.408
 13740, 136.103
 13800, 103.126
 13860, 115.833
 13920, 70.668
 13980, 91.101
 14040, 88.990
 14100, 87.656
 14160, 69.620
 14220, 79.514
 14280, 60.896
 14340, -9999.000
 14400, 46.017
 14460, 41.819
 14520, 47.752
 14580, 47.669
 14640, 62.771
 14700, 64.577
 14760, 56.681
 14820, 36.628
 14880, 22.297
 14940, 32.524
 15000, 38.497
 15060, 38.531
 15120, 39.406
 15180, 38.614
 15240, 33.983
 15300, 34.016
 15360, 32.085
 15420, 45.345
 15480, 51.449
 15540, 42.279
 15600, 38.330
 15660, 44.954
 15720, 35.371
 15780, 42.952
 15840, 35.270
 15900, 33.329
 15960, 46.997
 16020, 50.620
 16080, 43.476
 16140, 47.896
 16200, -9999.000
 16260, 46.165
 16320, 45.975
 16380, 40.394
 16440, 41.497
 16500, 38.651
 16560, 37.733
 16620, 36.693
 16680, 42.066
 16740, 39.031
 16800, 41.797
 16860, 41.198
 16920, 43.214
 16980, 41.929
 17040, 36.818
 17100, 36.547
 17160, 43.801
 17220, 36.039
 17280, 40.814
 17340, 40.325
 17400, 37.162
 17460, 33.401
 17520, 39.501
 17580, 40.245
 17640, 40.470
 17700, 47.302
 17760, 40.088
 17820, 51.758
 17880, 38.011
 17940, 44.881
 18000, 51.272
 18060, 36.963
 18120, 33.719
 18180, 36.658
 18240, 40.951
 18300, 39.040
 18360, 39.649
 18420, 36.819
 18480, 40.006
 18540, 40.716
 18600, 38.287
 18660, 41.827
 18720, 39.448
 18780, 41.540
 18840, 37.823
 18900, 39.140
 18960, 36.049
 19020, 35.696
 19080, 39.095
 19140, 40.967
 19200, 32.819
 19260, 32.671
 19320, 40.368
 19380, 39.330
 19440, 27.338
 19500, 28.656
 19560, 34.102
 19620, 31.822
 19680, 31.875
 19740, 26.741
 19800, 34.024
 19860, 27.699
 19920, 32.270
 19980, 39.730
 20040, 35.028
 20100, 37.205
 20160, 30.676
 20220, 29.841
 20280, 38.121
 20340, 38.109
 20400, 31.479
 20460, 29.696
 20520, 34.795
 20580, 46.074
 20640, 39.680
 20700, 36.574
 20760, 37.715
 20820, 38.037
 20880, 38.182
 20940, 34.993
 21000, 32.728
 21060, 32.992
 21120, 33.745
 21180, 39.447
 21240, 31.793
 21300, 34.505
 21360, 38.329
 21420, 32.868
 21480, 35.888
 21540, 32.149
 21600, 35.668
 21660, 34.762
 21720, 34.169
 21780, 34.791
 21840, 36.932
 21900, 34.489
 21960, 34.754
 22020, 30.865
 22080, 35.824
 22140, 34.266
 22200, 33.392
 22260, 34.621
 22320, 33.216
 22380, 34.847
 22440, 34.322
 22500, 39.129
 22560, 36.953
 22620, 39.125
 22680, 37.942
 22740, 34.860
 22800, 42.860
 22860, 35.444
 22920, 45.151
 22980, 31.006
 23040, 41.993
 23100, 37.889
 23160, 39.861
 23220, 38.290
 23280, 29.067
 23340, 30.374
 23400, 29.919
 23460, 33.054
 23520, 32.969
 23580, -9999.000
 23640, 36.920
 23700, 39.775
 23760, 31.798
 23820, 28.361
 23880, 31.988
 23940, 38.637
 24000, 32.561
 24060, 44.984
 24120, 57.364
 24180, 43.054
 24240, 36.688
 24300, 44.000
 24360, 31.693
 24420, 51.876
 24480, 35.858
 24540, 38.341
 24600, 34.945
 24660, 35.826
 24720, 35.868
 24780, 35.596
 24840, 35.218
 24900, 37.700
 24960, 31.906
 25020, 35.742
 25080, 31.603
 25140, 34.141
 25200, 37.576
 25260, 45.453
 25320, 45.101
 25380, 42.452
 25440, -9999.000
 25500, 35.244
 25560, 31.689
 25620, 38.243
 25680, 33.859
 25740, 37.952
 25800, 32.132
 25860, 34.947
 25920, 35.831
 25980, 39.531
 26040, 29.588
 26100, 35.550
 26160, 40.402
 26220, 40.534
 26280, 41.387
 26340, 37.314
 26400, 51.695
 26460, 39.952
 26520, 42.801
 26580, 45.575
 26640, 41.021
 26700, 30.300
 26760, 40.596
 26820, 36.938
 26880, 42.701
 26940, 39.125
 27000, 37.465
 27060, 42.355
 27120, 33.293
 27180, 35.562
 27240, 39.435
 27300, -9999.000
 27360, 37.522
 27420, 36.886
 27480, 46.174
 27540, 40.355
 27600, 37.123
 27660, 38.787
 27720, 41.057
 27780, 35.931
 27840, 32.842
 27900, 32.949
 27960, 43.293
 28020, 39.021
 28080, 38.628
 28140, 32.963
 28200, 38.847
 28260, 39.484
 28320, 34.926
 28380, 38.748
 28440, 38.280
 28500, 37.280
 28560, 43.033
 28620, 38.904
 28680, 34.432
 28740, 39.161
 28800, 38.129
 28860, 36.749
 28920, 36.592
 28980, 41.561
 29040, 39.149
 29100, 33.589
 29160, 42.554
 29220, 35.131
 29280, 38.748
 29340, 36.910
 29400, 40.137
 29460, 37.446
 29520, 38.016
 29580, 36.785
 29640, 33.543
 29700, 36.140
 29760, 36.439
 29820, 41.900
 29880, 34.547
 29940, 33.460
 30000, 36.113
 30060, 36.366
 30120, 31.847
 30180, 40.432
 30240, 38.219
 30300, 40.828
 30360, 34.421
 30420, 40.913
 30480, 37.786
 30540, 37.956
 30600, 32.821
 30660, 37.866
 30720, 36.612
 30780, 36.601
 30840, 37.276
 30900, 31.533
 30960, -9999.000
 31020, 48.038
 31080, 39.789
 31140, 35.480
 31200, 35.957
 31260, 42.471
 31320, 36.665
 31380, 34.395
 31440, 30.679
 31500, 33.479
 31560, 33.691
 31620, 33.027
 31680, 37.351
 31740, 36.516
 31800, 39.672
 31860, 33.413
 31920, 35.527
 31980, 35.743
 32040, 36.834
 32100, 37.073
 32160, 33.387
 32220, 28.581
 32280, 38.489
 32340, 37.162
 32400, 31.784
 32460, 36.497
 32520, 33.556
 32580, 36.589
 32640, 28.273
 32700, 30.101
 32760, 37.958
 32820, -9999.000
 32880, 32.112
 32940, 32.014
 33000, 36.218
 33060, 32.069
 33120, 31.765
 33180, 31.080
 33240, 37.723
 33300, 32.465
 33360, 32.741
 33420, 29.685
 33480, 38.121
 33540, 37.136
 33600, 32.354
 33660, 33.177
 33720, 38.086
 33780, 38.766
 33840, 33.871
 33900, 31.131
 33960, 33.663
 34020, 35.980
 34080, 37.240
 34140, 35.827
 34200, 32.488
 34260, 35.429
 34320, 39.184
 34380, 39.730
 34440, 33.152
 34500, 30.607
 34560, 35.032
 34620, 38.832
 34680, -9999.000
 34740, 32.759
 34800, 39.795
 34860, 41.881
 34920, 33.607
 34980, 25.611
 35040, 34.314
 35100, 34.768
 35160, 38.991
 35220, 36.381
 35280, 35.664
 35340, 32.598
 35400, 33.273
 35460, 38.365
 35520, 33.302
 35580, 35.410
 35640, 39.801
 35700, 37.126
 35760, 32.456
 35820, 33.095
 35880, 38.913
 35940, 41.001
 36000, 34.387
 36060, 33.140
 36120, 35.279
 36180, 34.984
 36240, 31.109
 36300, 29.446
 36360, 36.477
 36420, 38.208
 36480, 31.469
 36540, 41.832
 36600, 36.814
 36660, 30.097
 36720, 39.850
 36780, 34.900
 36840, 28.423
 36900, 32.944
 36960, 31.047
 37020, 27.367
 37080, 33.450
 37140, 34.069
 37200, 36.907
 37260, 37.469
 37320, 35.505
 37380, 36.194
 37440, 46.103
 37500, 34.767
 37560, 31.456
 37620, 29.501
 37680, 34.526
 37740, 38.061
 37800, 38.939
 37860, 29.915
 37920, 35.504
 37980, 39.932
 38040, 30.554
 38100, 34.752
 38160, 34.445
 38220, 36.213
 38280, 34.831
 38340, 39.475
 38400, 36.416
 38460, 33.603
 38520, 31.724
 38580, 31.107
 38640, 28.139
 38700, 29.141
 38760, 36.048
 38820, 34.524
 38880, 31.090
 38940, 33.755
 39000, 29.876
 39060, 34.124
 39120, 32.484
 39180, 29.813
 39240, 34.526
 39300, 28.443
 39360, 28.989
 39420, 29.819
 39480, 36.129
 39540, 35.123
 39600, 31.450
 39660, 33.456
 39720, 29.954
 39780, 33.434
 39840, 34.796
 39900, 36.364
 39960, 31.817
 40020, 28.640
 40080, 36.123
 40140, 32.484
 40200, 22.963
 40260, 28.059
 40320, 35.402
 40380, 30.038
 40440, 29.277
 40500, 31.861
 40560, 33.557
 40620, 35.406
 40680, 31.268
 40740, 25.775
 40800, 33.470
 40860, 34.452
 40920, 34.273
 40980, 27.969
 41040, 29.552
 41100, 36.070
 41160, 30.955
 41220, 32.109
 41280, 35.751
 41340, 30.769
 41400, 34.454
 41460, 34.117
 41520, 44.324
 41580, 38.219
 41640, 32.690
 41700, 32.947
 41760, 28.423
 41820, 29.378
 41880, 31.941
 41940, 33.345
 42000, 31.056
 42060, -9999.000
 42120, 37.406
 42180, 30.210
 42240, 29.267
 42300, 32.098
 42360, 34.244
 42420, 31.627
 42480, 27.835
 42540, 31.570
 42600, 35.356
 42660, 35.731
 42720, 35.588
 42780, 35.548
 42840, 42.040
 42900, 33.718
 42960, 30.682
 43020, 33.148
 43080, 36.996
 43140, 41.562
 43200, 35.636
 43260, 42.295
 43320, 37.594
 43380, 35.915
 43440, 33.996
 43500, 36.839
 43560, 34.448
 43620, 35.369
 43680, 40.404
 43740, 46.467
 43800, 34.765
 43860, 31.377
 43920, -9999.000
 43980, 34.660
 44040, 35.661
 44100, 40.113
 44160, 45.141
 44220, 41.059
 44280, 48.359
 44340, 46.189
 44400, 43.178
 44460, 39.586
 44520, 36.566
 44580, 36.221
 44640, 45.218
 44700, 49.426
 44760, 37.548
 44820, 27.770
 44880, 36.982
 44940, 39.381
 45000, 43.295
 45060, 36.047
 45120, 37.005
 45180, 34.283
 45240, 35.567
 45300, 36.962
 45360, 38.620
 45420, 44.483
 45480, 54.513
 45540, 36.200
 45600, 52.356
 45660, 48.910
 45720, 60.030
 45780, -9999.000
 45840, 168.213
 45900, 167.686
 45960, 201.287
 46020, 231.000
 46080, 235.454
 46140, 225.910
 46200, 215.012
 46260, 237.134
 46320, 199.106
 46380, 237.396
 46440, 270.194
 46500, 256.689
 46560, 238.409
 46620, 232.436
 46680, 222.331
 46740, 192.420
 46800, 212.071
 46860, 272.143
 46920, 295.376
 46980, 220.004
 47040, 202.834
 47100, 176.306
 47160, 183.082
 47220, 147.052
 47280, 99.228
 47340, 87.835
 47400, 82.294
 47460, 90.590
 47520, 66.509
 47580, 75.552
 47640, 66.481
 47700, 68.257
 47760, 63.804
 47820, 63.287
 47880, 60.444
 47940, 52.634
 48000, 55.704
 48060, 58.567
 48120, 47.151
 48180, 56.452
 48240, 61.160
 48300, 63.375
 48360, 68.016
 48420, 52.748
 48480, 57.392
 48540, 53.640
 48600, 54.371
 48660, 53.357
 48720, 58.227
 48780, 57.842
 48840, 59.535
 48900, 76.352
 48960, 85.689
 49020, 83.748
 49080, 77.087
 49140, 73.509
 49200, 91.965
 49260, 93.832
 49320, 113.024
 49380, 117.399
 49440, -9999.000
 49500, 78.519
 49560, 101.663
 49620, 113.965
 49680, 103.747
 49740, 85.625
 49800, 106.782
 49860, 79.021
 49920, 85.108
 49980, 95.349
 50040, 116.669
 50100, 120.524
 50160, 128.296
 50220, 176.632
 50280, 218.877
 50340, 232.461
 50400, 243.110
 50460, 254.102
 50520, 241.935
 50580, 252.812
 50640, 258.619
 50700, 266.712
 50760, 249.918
 50820, 263.856
 50880, 276.547
 50940, 315.078
 51000, 278.157
 51060, 289.568
 51120, 255.426
 51180, 257.553
 51240, 243.196
 51300, -9999.000
 51360, 326.646
 51420, 195.781
 51480, 216.400
 51540, 173.231
 51600, 155.348
 51660, 122.847
 51720, 118.424
 51780, 117.880
 51840, 103.652
 51900, 115.627
 51960, 88.064
 52020, 105.193
 52080, 118.037
 52140, 132.381
 52200, 119.215
 52260, 128.773
 52320, 133.547
 52380, 124.986
 52440, 131.216
 52500, 97.215
 52560, 113.070
 52620, 171.750
 52680, 160.402
 52740, 129.059
 52800, 102.630
 52860, 102.488
 52920, 108.088
 52980, 96.357
 53040, 112.084
 53100, 120.223
 53160, -9999.000
 53220, 103.164
 53280, 104.552
 53340, 105.703
 53400, 111.195
 53460, 99.892
 53520, 102.137
 53580, 116.308
 53640, 126.489
 53700, 117.034
 53760, 129.183
 53820, 95.717
 53880, 82.941
 53940, 76.846
 54000, 101.120
 54060, 60.607
 54120, 77.675
 54180, 89.960
 54240, 83.134
 54300, 55.980
 54360, 62.777
 54420, 107.072
 54480, 108.036
 54540, 84.205
 54600, 94.307
 54660, 90.981
 54720, 86.752
 54780, 103.752
 54840, 97.805
 54900, 175.138
 54960, 141.583
 55020, 109.530
 55080, 119.063
 55140, 131.515
 55200, 127.433
 55260, 125.262
 55320, 119.374
 55380, 132.119
 55440, 112.849
 55500, 122.305
 55560, 106.234
 55620, 127.326
 55680, -9999.000
 55740, -9999.000
 55800, -9999.000
 55860, -9999.000
 55920, -9999.000
 55980, -9999.000
 56040, -9999.000
 56100, -9999.000
 56160, -9999.000
 56220, -9999.000
 56280, -9999.000
 56340, -9999.000
 56400, -9999.000
 56460, -9999.000
 56520, -9999.000
 56580, -9999.000
 56640, -9999.000
 56700, 137.781
 56760, 123.784
 56820, 117.254
 56880, 117.846
 56940, 119.548
 57000, 124.145
 57060, 121.325
 57120, 131.797
 57180, 128.724
 57240, 140.459
 57300, 122.209
 57360, 131.843
 57420, 125.818
 57480, 146.084
 57540, 117.682
 57600, 133.155
 57660, 117.107
 57720, 148.107
 57780, 109.788
 57840, 138.688
 57900, 132.524
 57960, 109.097
 58020, 89.899
 58080, 93.360
 58140, 112.431
 58200, 106.632
 58260, 110.338
 58320, 128.977
 58380, 125.165
 58440, 122.602
 58500, 119.683
 58560, -9999.000
 58620, 111.183
 58680, 108.850
 58740, 132.670
 58800, 143.779
 58860, 114.872
 58920, 134.748
 58980, 117.723
 59040, 105.594
 59100, 106.708
 59160, 153.788
 59220, 116.888
 59280, 99.282
 59340, 103.667
 59400, 98.216
 59460, 132.365
 59520, 131.936
 59580, 128.491
 59640, 113.015
 59700, 110.124
 59760, 114.344
 59820, 101.635
 59880, 104.091
 59940, 136.888
 60000, 112.404
 60060, 110.835
 60120, 109.102
 60180, 110.559
 60240, 120.345
 60300, 102.467
 60360, 115.980
 60420, 133.370
 60480, 121.252
 60540, 129.821
 60600, 98.576
 60660, 89.870
 60720, 138.037
 60780, 140.784
 60840, 121.660
 60900, 108.067
 60960, 92.690
 61020, 94.590
 61080, 98.846
 61140, 104.582
 61200, 91.964
 61260, 124.960
 61320, 116.414
 61380, 97.319
 61440, 197.036
 61500, 140.524
 61560, 120.526
 61620, 110.439
 61680, 115.347
 61740, 105.661
 61800, 96.486
 61860, 93.596
 61920, 100.244
 61980, 92.659
 62040, 87.491
 62100, 104.004
 62160, 79.675
 62220, 80.499
 62280, -9999.000
 62340, 95.195
 62400, 94.820
 62460, 101.287
 62520, 85.440
 62580, 78.293
 62640, 91.543
 62700, 78.341
