CampaignData_and_Merges/R0/CSL_MobileLab_Parked/raw/20240814/USOS-NOAAIodideCIMS-OrgNitrs_MobileLabGround_20240814_RA.ict
37, 1001
Michael A Robinson, Chris Jernigan, Subi Thakali
NOAA ESRL Chemical Sciences Laboratory and CIRES, U. of Colorado
NOAA Iodide CIMS Instrument
USOS
1, 1
2024, 08, 14, 2024, 08, 15
1
starttime_UTC, seconds_past_midnight, seconds_of_day_since_00:00:00_UTC
5
1, 1, 1, 1, 1
-9999, -9999, -9999, -9999, -9999
C4H7NO5_NOAACIMS, pptv, Gas_C4H7NO5_InSitu_S_AVMR, 
ISOPN_NOAACIMS, pptv, Gas_ISOPN_InSitu_S_AVMR, 
C5H10O3_NOAACIMS, pptv, Gas_C5H10O3_InSitu_S_AVMR, 
C5H9NO5_NOAACIMS, pptv, Gas_C5H9NO5_InSitu_S_AVMR, 
C10H17NO4_NOAACIMS, pptv, Gas_C10H17NO4_InSitu_S_AVMR, 
0
18
PI_CONTACT_INFO: 325 Broadway, R/CSD 7, Boulder, Colorado 80305; michael.a.robinson@noaa.gov; chris.jernigan@noaa.gov;
PLATFORM: NOAA CSL Mobile Lab
LOCATION: SLC, Utah
ASSOCIATED_DATA: 1Hz data also available on request.
INSTRUMENT_INFO: NOAA I- ToF CIMS
DATA_INFO: All data in parts per trillion by volume (pptv). 1 Hz data is available upon request.
UNCERTAINTY: TBD
ULOD_FLAG: -7777
ULOD_VALUE: N/A
LLOD_FLAG: -8888
LLOD_VALUE: N/A
DM_CONTACT_INFO: Nathan Howard; nathan.h.howard@noaa.gov
PROJECT_INFO: USOS, summer 2024. https://csl.noaa.gov/groups/csl7/measurements/2024usos/
STIPULATIONS_ON_USE: Users are strongly encouraged to contact the PI for proper data usage.
OTHER_COMMENTS: 
REVISION: RA
RA: Preliminary Data; For in-field use only
starttime_UTC, C4H7NO5_NOAACIMS, ISOPN_NOAACIMS, C5H10O3_NOAACIMS, C5H9NO5_NOAACIMS, C10H17NO4_NOAACIMS
[from data line 678]
 40680,  0.747,  1.140,  6.166,  1.563,  1.401
 40740,  0.737,  1.157,  6.708,  1.578,  1.412
 40800,  0.746,  1.079,  5.420,  1.537,  1.403
 40860,  0.762,  1.014,  5.973,  1.525,  1.342
 40920,  0.718,  1.156,  6.026,  1.569,  1.347
 40980,  0.724,  1.229,  6.291,  1.538,  1.460
 41040,  0.743,  1.185,  5.926,  1.645,  1.454
 41100,  0.728,  1.057,  5.826,  1.577,  1.500
 41160,  0.743,  1.042,  6.143,  1.605,  1.391
 41220,  0.702,  1.044,  6.362,  1.602,  1.537
 41280,  0.732,  1.137,  6.067,  1.554,  1.462
 41340,  0.732,  1.120,  5.744,  1.638,  1.495
 41400,  0.724,  1.213,  6.238,  1.569,  1.481
 41460,  0.735,  1.056,  6.294,  1.538,  1.450
 41520,  0.727,  1.081,  6.484,  1.494,  1.464
 41580,  0.738,  1.088,  6.156,  1.646,  1.527
 41640,  0.747,  1.109,  5.858,  1.518,  1.478
 41700,  0.734,  1.140,  5.902,  1.618,  1.464
 41760,  0.740,  1.103,  6.039,  1.520,  1.562
 41820,  0.739,  1.394,  6.268,  1.544,  1.665
 41880,  0.730,  1.381,  5.802,  1.475,  1.552
 41940,  0.734,  1.169,  5.889,  1.537,  1.555
 42000,  0.765,  1.321,  5.896,  1.593,  1.601
 42060, -9999.000, -9999.000, -9999.000, -9999.000, -9999.000
 42120,  0.688,  1.192,  5.014,  1.303,  1.339
 42180,  0.698,  1.242,  5.539,  1.556,  1.451
 42240,  0.741,  1.198,  5.762,  1.442,  1.640
 42300,  0.737,  1.275,  5.974,  1.512,  1.569
 42360,  0.713,  1.165,  5.940,  1.542,  1.537
 42420,  0.712,  1.054,  5.527,  1.474,  1.513
 42480,  0.740,  1.342,  5.824,  1.518,  1.573
 42540,  0.723,  1.239,  6.467,  1.520,  1.618
 42600,  0.738,  1.384,  6.315,  1.508,  1.534
 42660,  0.735,  1.310,  5.940,  1.544,  1.614
 42720,  0.758,  1.219,  6.296,  1.559,  1.413
 42780,  0.779,  1.293,  6.582,  1.596,  1.691
 42840,  0.728,  1.212,  6.027,  1.572,  1.467
 42900,  0.742,  1.264,  5.644,  1.531,  1.485
 42960,  0.777,  0.993,  5.989,  1.654,  1.627
 43020,  0.769,  1.174,  6.346,  1.602,  1.510
 43080,  0.777,  1.180,  6.202,  1.630,  1.536
 43140,  0.777,  1.139,  5.970,  1.607,  1.501
 43200,  0.752,  1.165,  6.419,  1.649,  1.557
 43260,  0.746,  1.285,  6.343,  1.687,  1.516
 43320,  0.797,  1.161,  5.999,  1.650,  1.552
 43380,  0.789,  1.232,  6.196,  1.556,  1.591
 43440,  0.807,  1.129,  6.495,  1.723,  1.520
 43500,  0.789,  1.150,  6.288,  1.648,  1.464
 43560,  0.819,  1.098,  5.966,  1.681,  1.440
 43620,  0.828,  1.188,  6.816,  1.615,  1.575
 43680,  0.807,  1.006,  6.072,  1.674,  1.485
 43740,  0.755,  0.927,  6.282,  1.590,  1.386
 43800,  0.778,  1.069,  6.838,  1.742,  1.462
 43860,  0.799,  1.125,  7.163,  1.654,  1.536
 43920, -9999.000, -9999.000, -9999.000, -9999.000, -9999.000
 43980,  0.755,  0.978,  6.193,  1.423,  1.415
 44040,  0.780,  1.059,  6.550,  1.645,  1.362
 44100,  0.766,  1.164,  6.570,  1.666,  1.379
 44160,  0.786,  0.987,  6.340,  1.595,  1.390
 44220,  0.760,  1.068,  6.387,  1.686,  1.436
 44280,  0.780,  1.054,  6.799,  1.562,  1.339
 44340,  0.769,  1.153,  6.962,  1.612,  1.355
 44400,  0.748,  0.996,  6.648,  1.552,  1.380
 44460,  0.754,  0.964,  6.468,  1.536,  1.373
 44520,  0.780,  1.007,  6.769,  1.474,  1.434
 44580,  0.777,  1.045,  6.845,  1.563,  1.448
 44640,  0.782,  1.109,  6.328,  1.595,  1.462
 44700,  0.780,  0.827,  6.101,  1.601,  1.495
 44760,  0.777,  1.107,  6.609,  1.547,  1.416
 44820,  0.790,  1.037,  7.016,  1.578,  1.470
 44880,  0.792,  0.926,  6.408,  1.690,  1.386
 44940,  0.780,  1.124,  6.193,  1.568,  1.398
 45000,  0.788,  1.080,  6.529,  1.553,  1.419
 45060,  0.749,  0.864,  6.548,  1.500,  1.400
 45120,  0.766,  0.857,  6.254,  1.589,  1.461
 45180,  0.781,  0.926,  6.112,  1.585,  1.304
 45240,  0.808,  1.025,  6.623,  1.579,  1.361
 45300,  0.776,  0.928,  6.885,  1.569,  1.334
 45360,  0.773,  0.794,  6.305,  1.496,  1.337
 45420,  0.745,  0.834,  6.032,  1.477,  1.376
 45480,  0.794,  0.937,  6.697,  1.553,  1.333
 45540,  0.811,  1.046,  6.831,  1.542,  1.452
 45600,  0.741,  0.777,  6.437,  1.493,  1.323
 45660,  0.760,  0.804,  6.323,  1.487,  1.373
 45720,  0.705,  0.784,  6.194,  1.457,  1.428
 45780, -9999.000, -9999.000, -9999.000, -9999.000, -9999.000
 45840,  0.879,  1.059,  6.443,  1.596,  1.329
 45900,  0.895,  1.026,  6.346,  1.657,  1.366
 45960,  0.938,  1.138,  7.333,  1.820,  1.545
 46020,  0.963,  1.037,  7.088,  1.739,  1.611
 46080,  0.973,  1.119,  7.675,  1.761,  1.679
 46140,  0.963,  1.085,  7.345,  1.837,  1.655
 46200,  0.938,  1.085,  7.452,  1.799,  1.502
 46260,  0.914,  1.194,  7.379,  1.716,  1.628
 46320,  0.917,  0.978,  7.450,  1.800,  1.521
 46380,  0.926,  1.109,  7.339,  1.802,  1.531
 46440,  0.963,  1.082,  6.871,  1.776,  1.660
 46500,  0.957,  0.929,  7.283,  1.819,  1.567
 46560,  0.948,  1.198,  7.117,  1.694,  1.618
 46620,  0.932,  1.000,  7.221,  1.763,  1.662
 46680,  0.925,  1.051,  7.115,  1.731,  1.442
 46740,  0.979,  0.953,  6.493,  1.833,  1.460
 46800,  1.035,  1.077,  7.046,  1.857,  1.761
 46860,  1.080,  1.266,  7.529,  1.847,  2.266
 46920,  1.228,  1.393,  7.135,  2.228,  2.317
 46980,  1.101,  1.328,  7.286,  2.172,  2.116
 47040,  1.062,  1.311,  7.519,  2.019,  1.925
 47100,  1.014,  1.209,  7.499,  1.875,  1.858
 47160,  1.023,  1.237,  7.108,  1.910,  1.676
 47220,  0.946,  0.971,  6.297,  1.838,  1.579
 47280,  0.912,  1.036,  6.811,  1.737,  1.574
 47340,  0.867,  0.858,  6.721,  1.716,  1.530
 47400,  0.871,  0.869,  6.203,  1.614,  1.466
 47460,  0.861,  0.777,  6.027,  1.542,  1.346
 47520,  0.846,  0.825,  6.094,  1.523,  1.451
 47580,  0.840,  0.789,  6.135,  1.599,  1.422
 47640,  0.846,  0.964,  4.811,  1.448,  1.153
 47700,  0.832,  0.749,  5.426,  1.483,  1.252
 47760,  0.832,  0.844,  5.815,  1.553,  1.304
 47820,  0.833,  0.816,  5.409,  1.571,  1.376
 47880,  0.815,  0.898,  5.585,  1.549,  1.377
 47940,  0.820,  0.842,  5.472,  1.458,  1.336
 48000,  0.807,  0.675,  5.181,  1.565,  1.260
 48060,  0.803,  0.861,  5.389,  1.493,  1.300
 48120,  0.836,  0.675,  5.839,  1.455,  1.399
 48180,  0.848,  0.736,  5.811,  1.472,  1.273
 48240,  0.807,  0.856,  5.260,  1.552,  1.253
 48300,  0.833,  0.874,  5.129,  1.390,  1.088
 48360,  0.852,  0.855,  5.836,  1.530,  1.273
 48420,  0.823,  1.009,  6.266,  1.467,  1.274
 48480,  0.836,  0.796,  5.259,  1.504,  1.179
 48540,  0.785,  0.912,  4.866,  1.411,  1.170
 48600,  0.838,  1.049,  5.485,  1.501,  1.257
 48660,  0.835,  1.012,  5.865,  1.445,  1.354
 48720,  0.842,  0.914,  5.502,  1.450,  1.276
 48780,  0.818,  1.087,  4.991,  1.465,  1.168
 48840,  0.843,  1.090,  5.061,  1.408,  1.265
 48900,  0.863,  1.168,  5.636,  1.502,  1.359
 48960,  0.851,  1.216,  5.544,  1.543,  1.312
 49020,  0.831,  1.060,  5.439,  1.484,  1.264
 49080,  0.844,  1.051,  4.850,  1.487,  1.342
 49140,  0.851,  1.209,  4.901,  1.513,  1.324
 49200,  0.921,  1.150,  5.718,  1.575,  1.333
 49260,  0.898,  1.529,  5.754,  1.770,  1.419
 49320,  0.915,  1.317,  5.292,  1.769,  1.333
 49380,  0.909,  1.474,  5.458,  1.795,  1.387
 49440, -9999.000, -9999.000, -9999.000, -9999.000, -9999.000
 49500,  0.874,  1.506,  4.153,  1.533,  1.374
 49560,  0.873,  1.727,  4.814,  1.597,  1.269
 49620,  0.905,  1.633,  4.948,  1.606,  1.333
 49680,  0.897,  1.599,  4.728,  1.637,  1.226
 49740,  0.917,  1.742,  4.864,  1.597,  1.219
 49800,  0.894,  1.900,  5.637,  1.678,  1.313
 49860,  0.926,  1.987,  5.662,  1.639,  1.342
 49920,  0.943,  1.898,  4.984,  1.518,  1.267
 49980,  0.974,  1.879,  5.435,  1.779,  1.307
 50040,  0.959,  1.923,  5.682,  1.687,  1.323
 50100,  0.991,  2.080,  5.313,  1.799,  1.445
 50160,  1.021,  2.103,  5.892,  1.806,  1.444
 50220,  1.104,  2.385,  6.389,  1.798,  1.561
 50280,  1.422,  2.926,  6.438,  2.255,  1.831
 50340,  1.388,  2.566,  6.745,  2.257,  1.893
 50400,  1.532,  3.338,  7.901,  2.504,  2.093
 50460,  1.589,  3.492,  7.858,  2.648,  2.224
 50520,  1.652,  3.444,  8.013,  2.671,  2.224
 50580,  1.639,  3.143,  8.125,  2.607,  2.210
 50640,  1.679,  3.420,  7.939,  2.760,  2.157
 50700,  1.813,  3.405,  7.634,  2.720,  2.303
 50760,  1.736,  3.511,  8.338,  2.655,  2.356
 50820,  1.711,  3.260,  8.073,  2.787,  2.412
 50880,  1.750,  3.460,  7.632,  2.798,  2.392
 50940,  1.785,  3.618,  7.085,  2.734,  2.313
 51000,  1.818,  3.380,  7.885,  2.810,  2.406
 51060,  1.823,  3.327,  7.882,  2.864,  2.300
 51120,  1.747,  3.044,  7.634,  2.734,  2.408
 51180,  1.784,  3.431,  7.689,  2.745,  2.323
 51240,  1.840,  3.392,  6.834,  2.854,  2.347
 51300, -9999.000, -9999.000, -9999.000, -9999.000, -9999.000
 51360,  1.763,  3.356,  7.181,  2.633,  2.237
 51420,  1.751,  3.319,  7.040,  2.688,  2.151
 51480,  1.792,  3.552,  6.628,  2.652,  2.290
 51540,  1.596,  3.633,  6.360,  2.578,  2.024
 51600,  1.451,  4.181,  5.730,  2.313,  1.711
 51660,  1.167,  4.747,  5.825,  1.961,  1.479
 51720,  1.209,  4.839,  6.175,  1.869,  1.439
 51780,  1.063,  5.278,  5.751,  1.731,  1.196
 51840,  1.078,  5.407,  6.309,  1.725,  1.273
 51900,  1.045,  5.454,  6.123,  1.775,  1.295
 51960,  1.122,  4.741,  5.591,  1.745,  1.119
 52020,  1.113,  5.130,  6.311,  1.804,  1.182
 52080,  1.149,  5.007,  5.896,  1.783,  1.160
 52140,  1.184,  4.461,  5.807,  1.730,  1.253
 52200,  1.201,  4.518,  6.786,  1.840,  1.487
 52260,  1.247,  4.428,  6.573,  1.836,  1.547
 52320,  1.246,  4.441,  6.417,  2.036,  1.607
 52380,  1.270,  4.707,  6.591,  2.124,  1.647
 52440,  1.252,  5.406,  6.183,  1.892,  1.466
 52500,  1.273,  5.826,  6.244,  1.811,  1.320
 52560,  1.254,  5.883,  6.248,  1.772,  1.388
 52620,  1.284,  5.482,  6.548,  1.831,  1.372
 52680,  1.314,  4.998,  6.740,  1.901,  1.569
 52740,  1.328,  4.938,  6.433,  1.981,  1.644
 52800,  1.384,  4.854,  6.082,  2.127,  1.515
 52860,  1.458,  5.098,  6.403,  2.060,  1.664
 52920,  1.437,  5.369,  5.986,  2.191,  1.588
 52980,  1.476,  5.516,  6.434,  2.122,  1.549
 53040,  1.536,  5.973,  6.627,  2.298,  1.805
 53100,  1.573,  5.924,  6.539,  2.317,  1.801
 53160, -9999.000, -9999.000, -9999.000, -9999.000, -9999.000
 53220,  1.528,  5.540,  6.553,  2.215,  1.678
 53280,  1.546,  6.137,  6.410,  2.229,  1.580
 53340,  1.601,  6.598,  7.068,  2.407,  1.617
 53400,  1.658,  6.927,  6.498,  2.403,  1.742
 53460,  1.658,  6.728,  6.814,  2.350,  1.894
 53520,  1.682,  6.919,  6.306,  2.365,  1.841
 53580,  1.739,  7.588,  6.343,  2.319,  2.151
 53640,  1.750,  7.764,  7.100,  2.432,  3.644
 53700,  1.811,  8.287,  7.259,  2.343,  4.218
 53760,  1.838,  9.014,  7.112,  2.533,  4.686
 53820,  1.787,  8.188,  6.700,  2.345,  3.314
 53880,  1.686,  6.960,  6.033,  2.175,  2.485
 53940,  1.799,  6.669,  6.285,  2.366,  2.059
 54000,  1.845,  7.428,  6.839,  2.359,  3.425
 54060,  1.748,  8.657,  6.470,  2.300,  2.437
 54120,  1.789,  9.109,  7.139,  2.324,  1.914
 54180,  1.912,  8.710,  6.662,  2.359,  1.958
 54240,  1.927,  9.436,  7.278,  2.352,  2.047
 54300,  1.892, 10.108,  7.590,  2.307,  1.537
 54360,  2.015, 10.204,  7.198,  2.462,  1.454
 54420,  2.073, 10.187,  7.159,  2.413,  1.532
 54480,  2.036, 11.456,  7.988,  2.507,  1.615
 54540,  2.107, 13.314,  7.832,  2.372,  1.524
 54600,  2.213, 15.837,  8.099,  2.439,  1.532
 54660,  2.266, 16.614,  8.411,  2.367,  1.479
 54720,  2.310, 17.432,  8.457,  2.291,  1.443
 54780,  2.472, 19.011,  8.368,  2.431,  1.556
 54840,  2.630, 21.382,  8.346,  2.525,  1.579
 54900,  2.819, 20.904,  9.473,  2.663,  1.688
 54960,  2.835, 20.581,  9.134,  2.756,  1.679
 55020,  2.725, 18.384,  6.845,  2.906,  1.571
 55080,  2.855, 18.724,  8.498,  2.814,  1.691
 55140,  2.868, 17.824,  8.101,  2.772,  1.625
 55200,  2.858, 17.667,  8.508,  2.847,  1.727
 55260,  2.939, 17.983,  8.258,  2.859,  1.607
 55320,  2.986, 17.298,  7.821,  2.826,  1.554
 55380,  2.959, 15.925,  7.735,  2.822,  1.663
 55440,  2.828, 15.380,  6.788,  2.708,  1.419
 55500,  2.835, 14.589,  7.261,  2.935,  1.470
 55560,  3.054, 15.154,  7.150,  2.993,  1.565
 55620,  3.095, 14.822,  7.736,  3.036,  1.515
 55680, -9999.000, -9999.000, -9999.000, -9999.000, -9999.000
 55740, -9999.000, -9999.000, -9999.000, -9999.000, -9999.000
 55800, -9999.000, -9999.000, -9999.000, -9999.000, -9999.000
 55860, -9999.000, -9999.000, -9999.000, -9999.000, -9999.000
 55920, -9999.000, -9999.000, -9999.000, -9999.000, -9999.000
 55980, -9999.000, -9999.000, -9999.000, -9999.000, -9999.000
 56040, -9999.000, -9999.000, -9999.000, -9999.000, -9999.000
 56100, -9999.000, -9999.000, -9999.000, -9999.000, -9999.000
 56160, -9999.000, -9999.000, -9999.000, -9999.000, -9999.000
 56220, -9999.000, -9999.000, -9999.000, -9999.000, -9999.000
 56280, -9999.000, -9999.000, -9999.000, -9999.000, -9999.000
 56340, -9999.000, -9999.000, -9999.000, -9999.000, -9999.000
 56400, -9999.000, -9999.000, -9999.000, -9999.000, -9999.000
 56460, -9999.000, -9999.000, -9999.000, -9999.000, -9999.000
 56520, -9999.000, -9999.000, -9999.000, -9999.000, -9999.000
 56580, -9999.000, -9999.000, -9999.000, -9999.000, -9999.000
 56640, -9999.000, -9999.000, -9999.000, -9999.000, -9999.000
 56700,  4.585, 31.026, 15.558,  4.221,  3.104
 56760,  4.766, 23.545, 14.707,  3.824,  2.182
 56820,  4.651, 22.388, 13.211,  3.647,  1.970
 56880,  4.599, 22.277, 13.523,  3.705,  2.085
 56940,  4.579, 22.390, 12.838,  3.547,  2.153
 57000,  4.561, 21.584, 12.288,  3.477,  2.215
 57060,  4.521, 21.356, 12.373,  3.705,  2.332
 57120,  4.663, 21.606, 11.343,  3.502,  2.391
 57180,  4.723, 21.583, 11.163,  3.465,  2.370
 57240,  4.712, 21.472, 10.383,  3.714,  2.202
 57300,  4.696, 20.309, 11.412,  3.557,  2.234
 57360,  4.696, 20.335, 10.654,  3.638,  2.098
 57420,  4.567, 18.030, 10.838,  3.569,  2.047
 57480,  4.501, 17.004,  8.901,  3.641,  1.902
 57540,  4.416, 16.890, 10.456,  3.452,  2.070
 57600,  4.452, 15.662,  8.363,  3.372,  1.764
 57660,  4.564, 16.205,  9.351,  3.411,  1.914
 57720,  4.428, 15.005,  8.485,  3.444,  1.850
 57780,  4.543, 16.017,  9.178,  3.544,  2.033
 57840,  4.820, 16.459,  8.587,  3.608,  1.751
 57900,  4.816, 16.967,  9.403,  3.712,  1.944
 57960,  4.895, 16.970,  9.036,  3.557,  1.855
 58020,  4.989, 17.422,  9.240,  3.591,  1.866
 58080,  5.220, 18.363,  9.871,  3.577,  1.965
 58140,  5.289, 17.930,  8.143,  3.906,  1.802
 58200,  5.253, 17.736,  9.178,  3.818,  1.752
 58260,  5.188, 16.913,  9.170,  3.874,  1.695
 58320,  4.900, 15.774,  9.711,  3.747,  1.788
 58380,  4.898, 17.009,  9.326,  3.920,  1.896
 58440,  5.245, 17.933,  9.920,  3.973,  1.854
 58500,  5.255, 18.141,  8.998,  4.312,  1.738
 58560, -9999.000, -9999.000, -9999.000, -9999.000, -9999.000
 58620,  4.750, 15.438,  6.915,  3.997,  1.701
 58680,  4.988, 16.169,  7.555,  3.870,  1.703
 58740,  5.081, 15.937,  9.055,  4.036,  1.867
 58800,  4.956, 15.693,  8.692,  4.165,  1.746
 58860,  5.046, 15.729,  8.940,  4.015,  1.716
 58920,  5.074, 15.213,  8.768,  4.020,  1.655
 58980,  5.265, 15.408,  8.735,  3.916,  1.787
 59040,  5.515, 16.793,  8.974,  3.891,  1.852
 59100,  5.731, 16.901,  8.163,  4.072,  1.734
 59160,  5.575, 15.788,  8.678,  4.164,  1.808
 59220,  5.303, 14.825,  8.967,  4.008,  1.726
 59280,  5.380, 14.587,  8.591,  3.835,  1.669
 59340,  5.527, 14.863,  7.536,  3.918,  1.562
 59400,  5.718, 15.604,  8.396,  3.969,  1.743
 59460,  5.797, 15.715,  8.221,  4.087,  1.701
 59520,  5.734, 14.892,  8.737,  4.183,  1.740
 59580,  5.753, 14.815,  8.597,  3.978,  1.707
 59640,  5.717, 15.199,  8.689,  4.025,  1.615
 59700,  5.858, 15.155,  8.048,  4.004,  1.654
 59760,  5.863, 15.198,  8.816,  4.007,  1.681
 59820,  6.093, 15.810,  7.943,  4.045,  1.628
 59880,  6.415, 15.901,  8.521,  4.187,  1.726
 59940,  6.266, 15.570,  9.205,  4.096,  1.676
 60000,  6.166, 15.833,  9.083,  4.207,  1.701
 60060,  6.332, 14.801,  8.738,  4.080,  1.497
 60120,  6.373, 14.886,  8.641,  4.177,  1.562
 60180,  6.411, 14.778,  8.623,  4.137,  1.657
 60240,  6.356, 14.533,  8.753,  3.997,  1.476
 60300,  6.622, 14.449,  8.468,  4.017,  1.442
 60360,  6.498, 13.563,  8.693,  4.146,  1.455
 60420,  6.594, 10.929, 10.602,  4.097,  1.710
 60480,  6.648, 13.185,  7.342,  4.104,  1.311
