CampaignData_and_Merges/R0/CSL_MobileLab_Parked/raw/20240814/USOS-NOAAIodideCIMS-PANs_MobileLabGround_20240814_RA.ict
35, 1001
Michael A Robinson, Chris Jernigan, Subi Thakali
NOAA ESRL Chemical Sciences Laboratory and CIRES, U. of Colorado
NOAA Iodide CIMS Instrument
USOS
1, 1
2024, 08, 14, 2024, 08, 15
1
starttime_UTC, seconds_past_midnight, seconds_of_day_since_00:00:00_UTC
3
1, 1, 1
-9999, -9999, -9999
PAN_NOAACIMS, pptv, Gas_PAN_InSitu_S_AVMR, 
APAN_NOAACIMS, pptv, Gas_APAN_InSitu_S_AVMR, 
PPN_NOAACIMS, pptv, Gas_PPN_InSitu_S_AVMR, 
0
18
PI_CONTACT_INFO: 325 Broadway, R/CSD 7, Boulder, Colorado 80305; michael.a.robinson@noaa.gov; chris.jernigan@noaa.gov;
PLATFORM: NOAA CSL Mobile Lab
LOCATION: SLC, Utah
ASSOCIATED_DATA: 1Hz data also available on request.
INSTRUMENT_INFO: NOAA I- ToF CIMS
DATA_INFO: All data in parts per trillion by volume (pptv). 1 Hz data is available upon request.
UNCERTAINTY: TBD
ULOD_FLAG: -7777
ULOD_VALUE: N/A
LLOD_FLAG: -8888
LLOD_VALUE: N/A
DM_CONTACT_INFO: Nathan Howard; nathan.h.howard@noaa.gov
PROJECT_INFO: USOS, summer 2024. https://csl.noaa.gov/groups/csl7/measurements/2024usos/
STIPULATIONS_ON_USE: Users are strongly encouraged to contact the PI for proper data usage.
OTHER_COMMENTS: 
REVISION: RA
RA: Preliminary Data; For in-field use only
starttime_UTC, PAN_NOAACIMS, APAN_NOAACIMS, PPN_NOAACIMS
[from data line 1310]
 78600, 602.201,  5.497, 75.220
 78660, 637.112,  7.165, 80.088
 78720, 631.825,  5.203, 80.174
 78780, 630.214,  3.757, 82.338
 78840, 667.711,  6.613, 86.725
 78900, 641.043,  6.754, 97.778
 78960, 633.795,  7.545, 79.238
 79020, 629.885,  6.718, 80.320
 79080, 620.929,  7.227, 77.887
 79140, 642.218,  7.009, 83.867
 79200, 677.208,  5.503, 90.302
 79260, 688.809,  6.361, 90.693
 79320, 697.864,  6.810, 93.562
 79380, 691.921,  6.122, 91.460
 79440, 693.288,  4.481, 89.809
 79500, 684.202,  5.006, 92.203
 79560, 723.502,  8.541, 94.910
 79620, 696.517,  5.806, 89.782
 79680, 647.416,  6.043, 81.002
 79740, 611.328,  5.486, 80.231
 79800, 643.175,  5.548, 79.943
 79860, 656.577,  5.146, 84.057
 79920, 620.739,  3.955, 77.926
 79980, 558.288,  3.874, 66.573
 80040, 546.370,  6.429, 66.870
 80100, 556.982,  3.843, 67.359
 80160, 552.240,  4.737, 63.478
 80220, 582.821,  5.472, 71.391
 80280, 600.613,  3.602, 73.791
 80340, 577.765,  5.252, 73.436
 80400, 572.846,  5.519, 71.205
 80460, 633.316,  5.386, 81.210
 80520, 567.596,  5.068, 68.680
 80580, 542.637,  3.980, 62.985
 80640, 547.027,  4.297, 66.270
 80700, 543.709,  7.034, 65.442
 80760, -9999.000, -9999.000, -9999.000
 80820, 491.856,  3.169, 51.326
 80880, 515.976,  5.180, 58.928
 80940, 539.728,  6.165, 61.117
 81000, 509.137,  3.733, 52.909
 81060, 506.176,  5.196, 58.670
 81120, 545.622,  4.200, 61.798
 81180, 555.471,  3.071, 60.593
 81240, 513.231,  6.663, 57.566
 81300, 495.591,  5.580, 56.126
 81360, 492.707,  4.294, 52.242
 81420, 492.200,  4.394, 50.092
 81480, 458.757,  5.013, 45.299
 81540, 550.137,  6.264, 59.453
 81600, 606.949,  5.456, 74.348
 81660, 678.273,  7.879, 83.013
 81720, 707.168,  7.091, 87.558
 81780, 702.966,  5.795, 84.585
 81840, 713.289,  8.712, 82.384
 81900, 717.120,  4.648, 81.891
 81960, 707.129,  6.734, 72.076
 82020, -9999.000, -9999.000, -9999.000
 82080, -9999.000, -9999.000, -9999.000
 82140, -9999.000, -9999.000, -9999.000
 82200, -9999.000, -9999.000, -9999.000
 82260, -9999.000, -9999.000, -9999.000
 82320, -9999.000, -9999.000, -9999.000
 82380, -9999.000, -9999.000, -9999.000
 82440, -9999.000, -9999.000, -9999.000
 82500, -9999.000, -9999.000, -9999.000
 82560, -9999.000, -9999.000, -9999.000
 82620, -9999.000, -9999.000, -9999.000
 82680, -9999.000, -9999.000, -9999.000
 82740, -9999.000, -9999.000, -9999.000
 82800, -9999.000, -9999.000, -9999.000
 82860, -9999.000, -9999.000, -9999.000
 82920, -9999.000, -9999.000, -9999.000
 82980, -9999.000, -9999.000, -9999.000
 83040, -9999.000, -9999.000, -9999.000
 83100, -9999.000, -9999.000, -9999.000
 83160, -9999.000, -9999.000, -9999.000
 83220, -9999.000, -9999.000, -9999.000
 83280, -9999.000, -9999.000, -9999.000
 83340, -9999.000, -9999.000, -9999.000
 83400, -9999.000, -9999.000, -9999.000
 83460, -9999.000, -9999.000, -9999.000
 83520, -9999.000, -9999.000, -9999.000
 83580, -9999.000, -9999.000, -9999.000
 83640, -9999.000, -9999.000, -9999.000
 83700, -9999.000, -9999.000, -9999.000
 83760, -9999.000, -9999.000, -9999.000
 83820, -9999.000, -9999.000, -9999.000
 83880, -9999.000, -9999.000, -9999.000
 83940, -9999.000, -9999.000, -9999.000
 84000, -9999.000, -9999.000, -9999.000
 84060, -9999.000, -9999.000, -9999.000
 84120, -9999.000, -9999.000, -9999.000
 84180, -9999.000, -9999.000, -9999.000
 84240, -9999.000, -9999.000, -9999.000
 84300, -9999.000, -9999.000, -9999.000
 84360, -9999.000, -9999.000, -9999.000
 84420, -9999.000, -9999.000, -9999.000
 84480, -9999.000, -9999.000, -9999.000
 84540, -9999.000, -9999.000, -9999.000
 84600, -9999.000, -9999.000, -9999.000
 84660, -9999.000, -9999.000, -9999.000
 84720, -9999.000, -9999.000, -9999.000
 84780, -9999.000, -9999.000, -9999.000
 84840, -9999.000, -9999.000, -9999.000
 84900, -9999.000, -9999.000, -9999.000
 84960, -9999.000, -9999.000, -9999.000
 85020, -9999.000, -9999.000, -9999.000
 85080, -9999.000, -9999.000, -9999.000
 85140, -9999.000, -9999.000, -9999.000
 85200, -9999.000, -9999.000, -9999.000
 85260, -9999.000, -9999.000, -9999.000
 85320, -9999.000, -9999.000, -9999.000
 85380, -9999.000, -9999.000, -9999.000
 85440, -9999.000, -9999.000, -9999.000
 85500, -9999.000, -9999.000, -9999.000
 85560, 763.621,  7.908, 90.935
 85620, 748.900,  7.160, 91.764
 85680, 729.263,  9.544, 86.767
 85740, 753.744,  7.825, 98.629
 85800, 738.393,  6.568, 90.205
 85860, 744.038,  9.122, 90.722
 85920, 758.276,  9.137, 92.072
 85980, 793.136,  9.279, 101.780
 86040, 758.209,  8.076, 95.702
 86100, 740.788,  6.344, 93.032
 86160, 763.921,  5.651, 96.234
 86220, 779.617,  6.911, 102.251
 86280, 758.430,  6.943, 100.382
 86340, 743.821,  7.326, 95.487
