CampaignData_and_Merges/R0/CSL_MobileLab_Parked/raw/20240814/USOS-NOAAIodideCIMS-HNO3_MobileLabGround_20240814_RA.ict
33, 1001
Michael A Robinson, Chris Jernigan, Subi Thakali
NOAA ESRL Chemical Sciences Laboratory and CIRES, U. of Colorado
NOAA Iodide CIMS Instrument
USOS
1, 1
2024, 08, 14, 2024, 08, 15
1
starttime_UTC, seconds_past_midnight, seconds_of_day_since_00:00:00_UTC
1
1
-9999
HNO3_NOAACIMS, pptv, Gas_HNO3_InSitu_S_AVMR, 
0
18
PI_CONTACT_INFO: 325 Broadway, R/CSD 7, Boulder, Colorado 80305; michael.a.robinson@noaa.gov; chris.jernigan@noaa.gov;
PLATFORM: NOAA CSL Mobile Lab
LOCATION: SLC, Utah
ASSOCIATED_DATA: 1Hz data also available on request.
INSTRUMENT_INFO: NOAA I- ToF CIMS
DATA_INFO: All data in parts per trillion by volume (pptv). 1 Hz data is available upon request.
UNCERTAINTY: TBD
ULOD_FLAG: -7777
ULOD_VALUE: N/A
LLOD_FLAG: -8888
LLOD_VALUE: N/A
DM_CONTACT_INFO: Nathan Howard; nathan.h.howard@noaa.gov
PROJECT_INFO: USOS, summer 2024. https://csl.noaa.gov/groups/csl7/measurements/2024usos/
STIPULATIONS_ON_USE: Users are strongly encouraged to contact the PI for proper data usage.
OTHER_COMMENTS: 
REVISION: RA
RA: Preliminary Data; For in-field use only
starttime_UTC, HNO3_NOAACIMS
[from data line 1049]
 62940, 243.587
 63000, 245.891
 63060, 235.719
 63120, 233.143
 63180, 232.497
 63240, 235.785
 63300, 243.668
 63360, 249.410
 63420, 259.985
 63480, 260.831
 63540, 280.950
 63600, 284.462
 63660, 298.608
 63720, 305.652
 63780, 315.078
 63840, 312.640
 63900, 321.661
 63960, 330.852
 64020, 331.781
 64080, 345.486
 64140, 324.229
 64200, 339.144
 64260, 352.451
 64320, 366.130
 64380, 373.785
 64440, 392.565
 64500, 405.521
 64560, 407.652
 64620, 409.202
 64680, 415.262
 64740, 432.019
 64800, 405.217
 64860, 384.487
 64920, 370.876
 64980, 371.264
 65040, 379.008
 65100, 370.067
 65160, 372.271
 65220, 363.900
 65280, 358.645
 65340, 356.021
 65400, 343.175
 65460, 349.535
 65520, 355.179
 65580, 360.715
 65640, 359.287
 65700, 364.753
 65760, 373.716
 65820, 401.565
 65880, 423.751
 65940, 434.979
 66000, 371.736
 66060, 407.227
 66120, 410.003
 66180, 417.654
 66240, 405.948
 66300, 412.469
 66360, 425.050
 66420, 438.480
 66480, 457.315
 66540, 467.140
 66600, 477.915
 66660, 510.503
 66720, 535.061
 66780, 554.039
 66840, 560.381
 66900, 574.394
 66960, 584.612
 67020, 616.681
 67080, 614.396
 67140, 602.103
 67200, 587.326
 67260, 569.215
 67320, 560.494
 67380, 539.106
 67440, 522.144
 67500, 504.414
 67560, 485.918
 67620, 456.776
 67680, 417.530
 67740, 387.068
 67800, 384.398
 67860, 360.601
 67920, 350.729
 67980, 338.671
 68040, 330.931
 68100, 306.181
 68160, 300.424
 68220, 293.373
 68280, 285.463
 68340, 280.116
 68400, 265.955
 68460, 257.531
 68520, 254.877
 68580, 250.443
 68640, 238.795
 68700, 223.008
 68760, 204.356
 68820, 193.293
 68880, 190.943
 68940, 180.916
 69000, 167.979
 69060, 156.570
 69120, 148.783
 69180, 149.470
 69240, 154.385
 69300, 163.762
 69360, 185.059
 69420, 201.099
 69480, 210.172
 69540, 230.023
 69600, 235.195
 69660, -9999.000
 69720, 244.822
 69780, 208.891
 69840, 129.086
 69900, 113.509
 69960, 94.056
 70020, 76.127
 70080, 60.948
 70140, 52.701
 70200, 54.035
 70260, 54.446
 70320, 76.621
 70380, 82.575
 70440, 85.266
 70500, 74.978
 70560, 74.957
 70620, 76.011
 70680, 80.464
 70740, 78.330
 70800, 73.201
 70860, 80.478
 70920, 77.464
 70980, 67.369
 71040, 68.167
 71100, 78.159
 71160, 87.532
 71220, 89.098
 71280, 91.614
 71340, 89.875
 71400, 90.610
 71460, 96.584
 71520, -9999.000
 71580, 111.623
 71640, 106.784
 71700, 103.835
 71760, 109.873
 71820, 95.497
 71880, 86.582
 71940, 74.609
 72000, 73.564
 72060, 70.308
 72120, 73.708
 72180, 74.098
 72240, 74.791
 72300, 72.871
 72360, 79.919
 72420, 70.938
 72480, 75.020
 72540, 77.630
 72600, 75.686
 72660, 78.826
 72720, 81.707
 72780, 84.635
 72840, 83.720
 72900, 87.909
 72960, 83.504
 73020, 79.488
 73080, 75.928
 73140, 77.021
 73200, 73.661
 73260, 74.110
 73320, 72.783
 73380, -9999.000
 73440, 86.634
 73500, 85.728
 73560, 76.556
 73620, 79.141
 73680, 81.735
 73740, 79.932
 73800, 68.031
 73860, 69.970
 73920, 66.234
 73980, 69.120
 74040, 72.038
 74100, 71.246
 74160, 77.124
 74220, 79.402
 74280, 84.318
 74340, 86.001
 74400, 85.863
 74460, 80.786
 74520, 83.637
 74580, 84.492
 74640, 85.597
 74700, 96.652
 74760, 94.627
 74820, 96.530
 74880, 101.261
 74940, 101.246
 75000, 106.114
 75060, 109.671
 75120, 112.749
 75180, 124.087
 75240, 117.386
 75300, 114.758
 75360, 122.066
 75420, 118.331
 75480, 116.934
 75540, 121.314
 75600, 117.684
 75660, 122.893
 75720, 124.795
 75780, 127.182
 75840, 136.166
 75900, 125.192
 75960, 127.361
 76020, 139.818
 76080, 138.643
 76140, 143.858
 76200, 135.564
 76260, 139.419
 76320, 138.603
 76380, 140.444
 76440, 148.167
 76500, 157.801
 76560, 162.168
 76620, 164.152
 76680, 159.660
 76740, 155.440
 76800, 140.254
 76860, 156.420
 76920, 170.237
 76980, 169.723
 77040, -9999.000
 77100, 149.445
 77160, 168.877
 77220, 185.656
 77280, 181.678
 77340, 176.147
 77400, 181.538
 77460, 184.038
 77520, 190.236
 77580, 195.354
 77640, 197.425
 77700, 191.786
 77760, 196.230
 77820, 191.808
 77880, 206.689
 77940, 217.380
 78000, 212.960
 78060, 217.995
 78120, 223.450
 78180, 236.432
 78240, 230.093
 78300, 227.893
 78360, 240.266
 78420, 250.153
 78480, 257.812
 78540, 270.086
 78600, 289.801
 78660, 286.686
 78720, 293.449
 78780, 294.689
 78840, 296.679
 78900, 323.824
 78960, 281.979
 79020, 293.732
 79080, 302.841
 79140, 306.144
 79200, 278.207
 79260, 286.045
 79320, 285.431
 79380, 304.838
 79440, 308.363
 79500, 311.343
 79560, 321.881
 79620, 319.369
 79680, 313.221
 79740, 322.230
 79800, 345.735
 79860, 350.071
 79920, 345.649
 79980, 326.925
 80040, 336.915
 80100, 343.989
 80160, 351.201
 80220, 347.808
 80280, 353.789
 80340, 370.072
 80400, 364.990
 80460, 369.036
 80520, 377.999
 80580, 377.749
 80640, 373.058
 80700, 363.913
 80760, -9999.000
 80820, 303.748
 80880, 310.235
 80940, 312.074
 81000, 307.326
 81060, 314.437
 81120, 303.863
 81180, 336.480
 81240, 362.604
 81300, 376.382
 81360, 389.178
 81420, 392.103
 81480, 375.930
 81540, 401.937
 81600, 408.623
 81660, 398.194
 81720, 407.774
 81780, 414.837
 81840, 383.385
 81900, 378.294
 81960, 377.018
 82020, -9999.000
 82080, -9999.000
 82140, -9999.000
 82200, -9999.000
 82260, -9999.000
 82320, -9999.000
 82380, -9999.000
 82440, -9999.000
 82500, -9999.000
 82560, -9999.000
 82620, -9999.000
 82680, -9999.000
 82740, -9999.000
 82800, -9999.000
 82860, -9999.000
 82920, -9999.000
 82980, -9999.000
 83040, -9999.000
 83100, -9999.000
 83160, -9999.000
 83220, -9999.000
 83280, -9999.000
 83340, -9999.000
 83400, -9999.000
 83460, -9999.000
 83520, -9999.000
 83580, -9999.000
 83640, -9999.000
 83700, -9999.000
 83760, -9999.000
 83820, -9999.000
 83880, -9999.000
 83940, -9999.000
 84000, -9999.000
 84060, -9999.000
 84120, -9999.000
 84180, -9999.000
 84240, -9999.000
 84300, -9999.000
 84360, -9999.000
 84420, -9999.000
 84480, -9999.000
 84540, -9999.000
 84600, -9999.000
 84660, -9999.000
 84720, -9999.000
 84780, -9999.000
 84840, -9999.000
 84900, -9999.000
 84960, -9999.000
 85020, -9999.000
 85080, -9999.000
 85140, -9999.000
 85200, -9999.000
 85260, -9999.000
 85320, -9999.000
 85380, -9999.000
 85440, -9999.000
 85500, -9999.000
 85560, 547.734
 85620, 561.070
 85680, 578.290
 85740, 550.323
 85800, 533.262
 85860, 525.097
 85920, 498.793
 85980, 493.299
 86040, 491.092
 86100, 498.038
 86160, 490.286
 86220, 476.012
 86280, 511.947
 86340, 467.382
