CampaignData_and_Merges/R0/CSL_MobileLab_Parked/raw/20240814/USOS-MetNav_MobileLabGround_20240814_R0.ict
44, 1001
Carrie Womack, Nate Howard, Mike Zucker
NOAA Chemical Sciences Laboratory
Mobile Lab MetNav Station
USOS
1, 1
2024, 08, 14, 2024, 12, 21
60
Time_Start, seconds_past_midnight, Seconds from midnight UTC
11
1, 1, 1, 1, 1, 1, 1, 1, 1, 1, 1
-9999, -9999, -9999, -9999, -9999, -9999, -9999, -9999, -9999, -9999, -9999
GPS_Alt_m, meters, Altitude from Differential GPS
GPS_Course_deg, degrees, Course from Differential GPS
GPS_GndSpd_m_s, m/s, Ground Speed from Differential GPS
GPS_Heading_deg, degrees, Heading from Differential GPS
GPS_Lat_deg, degrees, Latitude from Differential GPS
GPS_Lon_deg, degrees, Longitude from Differential GPS
AirTemp_C, Celsius, Air Temperature from Airmar
RelHumidity_pct, percent, Relative Humidity from Airmar
Pressure_mb, millibars, Pressure from Honeywell
WindDir_calc_deg, degrees, Wind Direction from Airmar corrected for van movement
WindSpd_calc_m_s, m/s, Wind Speed from Airmar corrected for van movement
1
SPECIAL COMMENTS:
18
PI_CONTACT_INFO: Address: 325 Broadway R/CSL7, Boulder, CO, 80305
PLATFORM: CSL Mobile Lab
LOCATION: Salt Lake City, UT
ASSOCIATED_DATA: N/A
INSTRUMENT_INFO: N/A
DATA_INFO: Units:
UNCERTAINTY: N/A
ULOD_FLAG: -7777
ULOD_VALUE: N/A
LLOD_FLAG: -8888
LLOD_VALUE: N/A
DM_CONTACT_INFO: Data Manager: Nate Howard
PROJECT_INFO: 
STIPULATIONS_ON_USE: Use of these data require prior ok from PI.
OTHER_COMMENTS: 
REVISION: R0
R0: Final data. Fixed bug in wind averaging code. RA: Preliminary Data. For in-field use only. 
Time_Start, GPS_Alt_m, GPS_Course_deg, GPS_GndSpd_m_s, GPS_Heading_deg, GPS_Lat_deg, GPS_Lon_deg, AirTemp_C, RelHumidity_pct, Pressure_mb, WindDir_calc_deg, WindSpd_calc_m_s
[from data line 211]
12660.0,1308.2,2.08,0.05,2.08,40.73433,-111.87211,18.4,47.9,875.5,115.40,3.8
12720.0,1308.2,2.28,0.05,2.28,40.73433,-111.87211,18.4,49.1,875.5,113.63,3.8
12780.0,1308.2,2.62,0.05,2.62,40.73433,-111.87211,18.4,50.3,875.5,130.77,2.5
12840.0,1308.1,2.82,0.05,2.82,40.73433,-111.87211,18.4,51.5,875.6,162.22,2.2
12900.0,1308.1,2.61,0.05,2.61,40.73433,-111.87211,18.4,52.3,875.6,126.65,1.7
12960.0,1308.2,2.50,0.05,2.50,40.73433,-111.87211,18.4,54.0,875.6,141.95,1.5
13020.0,1308.2,2.31,0.05,2.31,40.73433,-111.87211,18.3,53.0,875.6,144.42,1.5
13080.0,1308.3,2.37,0.05,2.37,40.73433,-111.87211,18.3,54.3,875.6,105.89,1.4
13140.0,1308.3,2.25,0.06,2.25,40.73433,-111.87211,18.2,54.9,875.6,116.36,0.7
13200.0,1308.2,2.48,0.05,2.48,40.73433,-111.87211,18.3,55.1,875.5,118.21,0.8
13260.0,1308.2,2.29,0.05,2.29,40.73433,-111.87211,18.2,53.9,875.5,112.65,0.9
13320.0,1308.2,2.28,0.06,2.28,40.73433,-111.87211,18.2,53.6,875.5,133.63,1.1
13380.0,1308.3,2.16,0.05,2.16,40.73433,-111.87211,18.2,54.1,875.5,128.24,2.2
13440.0,1308.4,2.24,0.05,2.24,40.73434,-111.87211,18.2,54.8,875.5,117.17,2.1
13500.0,1308.5,2.19,0.05,2.19,40.73434,-111.87211,18.1,52.4,875.6,117.53,2.7
13560.0,1308.2,2.13,0.05,2.13,40.73434,-111.87211,18.1,52.1,875.6,114.12,1.9
13620.0,1308.1,1.57,0.05,1.57,40.73434,-111.87211,18.1,53.5,875.6,123.51,2.3
13680.0,1307.8,1.58,0.05,1.58,40.73434,-111.87211,18.0,53.3,875.6,128.53,3.2
13740.0,1307.7,1.85,0.05,1.85,40.73434,-111.87211,18.0,54.5,875.6,141.89,2.6
13800.0,1307.8,1.95,0.04,1.95,40.73434,-111.87211,17.8,54.3,875.7,118.23,3.9
13860.0,1307.8,1.66,0.04,1.66,40.73433,-111.87210,17.8,54.3,875.7,124.63,2.7
13920.0,1307.8,1.44,0.05,1.44,40.73433,-111.87210,17.7,53.3,875.7,111.10,3.9
13980.0,1307.6,1.37,0.04,1.37,40.73433,-111.87210,17.5,54.6,875.7,135.19,3.9
14040.0,1307.5,1.37,0.04,1.37,40.73433,-111.87210,17.5,53.1,875.7,126.36,3.1
14100.0,1307.4,1.46,0.04,1.46,40.73433,-111.87210,17.4,54.1,875.7,115.43,2.9
14160.0,1307.4,1.36,0.04,1.36,40.73433,-111.87210,17.4,53.2,875.8,112.38,4.0
14220.0,1307.5,1.23,0.05,1.23,40.73433,-111.87210,17.3,56.0,875.8,109.85,2.7
14280.0,1307.5,0.87,0.04,0.87,40.73433,-111.87211,17.2,53.2,875.8,112.40,3.8
14340.0,1307.4,0.77,0.04,0.77,40.73433,-111.87211,17.3,51.6,875.8,117.09,5.1
14400.0,1307.5,0.39,0.04,0.39,40.73433,-111.87211,17.4,52.1,875.8,109.29,3.0
14460.0,1307.5,0.33,0.05,0.33,40.73433,-111.87211,17.5,50.6,875.7,99.98,2.2
14520.0,1307.4,359.80,0.04,359.80,40.73434,-111.87211,17.5,51.4,875.7,113.29,2.4
14580.0,1307.5,359.84,0.04,359.84,40.73433,-111.87211,17.5,50.8,875.7,124.70,3.3
14640.0,1307.4,0.42,0.04,0.42,40.73434,-111.87211,17.6,51.0,875.7,116.20,2.7
14700.0,1307.4,0.95,0.05,0.95,40.73434,-111.87211,17.6,52.8,875.7,110.27,1.5
14760.0,1307.4,0.75,0.06,0.75,40.73434,-111.87211,17.7,51.7,875.7,103.47,2.7
14820.0,1307.5,0.57,0.05,0.57,40.73434,-111.87211,17.9,50.2,875.7,95.17,2.6
14880.0,1307.5,0.39,0.05,0.39,40.73434,-111.87211,18.0,49.1,875.6,98.04,2.5
14940.0,1307.7,0.29,0.05,0.29,40.73434,-111.87211,18.1,48.7,875.6,106.75,1.1
15000.0,1307.8,359.78,0.05,359.78,40.73434,-111.87211,18.1,49.0,875.7,113.44,2.6
15060.0,1307.8,359.43,0.05,359.43,40.73434,-111.87211,18.1,51.1,875.7,101.57,2.8
15120.0,1307.9,359.32,0.05,359.32,40.73434,-111.87211,18.0,50.0,875.7,105.19,2.5
15180.0,1308.0,0.00,0.05,0.00,40.73434,-111.87211,17.9,50.9,875.8,103.31,2.5
15240.0,1308.0,0.66,0.05,0.66,40.73434,-111.87211,17.9,51.3,875.9,97.78,1.9
15300.0,1308.1,0.95,0.05,0.95,40.73434,-111.87211,17.8,50.0,875.8,115.50,2.2
15360.0,1308.1,0.31,0.05,0.31,40.73434,-111.87211,17.7,51.3,875.8,102.39,3.2
15420.0,1308.4,0.61,0.05,0.61,40.73434,-111.87211,17.6,51.0,875.7,90.10,1.3
15480.0,1308.6,0.86,0.05,0.86,40.73434,-111.87211,17.6,51.1,875.7,102.90,1.7
15540.0,1308.7,1.11,0.05,1.11,40.73434,-111.87211,17.6,49.8,875.7,91.06,1.5
15600.0,1308.6,1.68,0.06,1.68,40.73434,-111.87211,17.6,49.8,875.7,105.34,2.7
15660.0,1308.8,2.23,0.05,2.23,40.73434,-111.87211,17.6,51.3,875.7,110.67,4.0
15720.0,1308.9,2.17,0.05,2.17,40.73434,-111.87211,17.6,51.3,875.7,106.04,3.5
15780.0,1309.4,1.68,0.05,1.68,40.73434,-111.87211,17.5,50.8,875.6,116.24,3.2
15840.0,1309.6,1.40,0.04,1.40,40.73434,-111.87211,17.5,50.3,875.6,110.95,3.2
15900.0,1309.4,1.78,0.04,1.78,40.73434,-111.87211,17.5,51.2,875.5,111.54,3.7
15960.0,1309.5,2.04,0.05,2.04,40.73433,-111.87211,17.5,50.3,875.5,108.30,2.2
16020.0,1309.4,2.09,0.05,2.09,40.73434,-111.87211,17.6,50.6,875.5,114.93,2.3
16080.0,1309.7,2.31,0.05,2.31,40.73433,-111.87211,17.7,49.7,875.5,105.40,1.5
16140.0,1309.4,2.34,0.05,2.34,40.73434,-111.87211,17.8,50.1,875.5,121.44,2.0
16200.0,1309.8,2.57,0.04,2.57,40.73433,-111.87211,17.9,49.4,875.5,120.65,3.7
16260.0,1309.7,2.37,0.05,2.37,40.73433,-111.87211,18.0,49.3,875.5,116.30,2.2
16320.0,1309.8,2.13,0.05,2.13,40.73433,-111.87211,18.1,48.8,875.5,108.38,2.6
16380.0,1309.6,1.98,0.04,1.98,40.73433,-111.87211,18.1,48.6,875.5,109.01,3.1
16440.0,1309.4,1.89,0.05,1.89,40.73433,-111.87211,18.2,48.7,875.5,98.85,1.6
16500.0,1309.5,2.37,0.04,2.37,40.73433,-111.87211,18.2,48.5,875.4,108.42,3.1
16560.0,1309.6,2.46,0.04,2.46,40.73433,-111.87211,18.2,48.3,875.5,108.01,2.8
16620.0,1309.5,2.73,0.05,2.73,40.73433,-111.87210,18.3,47.8,875.4,104.39,1.8
16680.0,1309.5,2.31,0.04,2.31,40.73433,-111.87210,18.3,47.9,875.4,109.87,1.8
16740.0,1309.6,1.92,0.04,1.92,40.73433,-111.87210,18.3,48.0,875.4,86.73,1.6
16800.0,1309.4,1.71,0.04,1.71,40.73433,-111.87210,18.4,47.8,875.4,113.95,2.3
16860.0,1309.3,2.23,0.04,2.23,40.73433,-111.87210,18.3,48.2,875.3,110.91,3.3
16920.0,1309.2,2.42,0.04,2.42,40.73434,-111.87210,18.4,47.4,875.3,100.72,2.4
16980.0,1309.2,2.27,0.05,2.27,40.73434,-111.87210,18.4,47.5,875.3,107.21,3.0
17040.0,1309.1,2.28,0.05,2.28,40.73434,-111.87210,18.5,47.2,875.3,97.24,2.2
17100.0,1309.2,2.10,0.04,2.10,40.73434,-111.87210,18.5,47.1,875.2,105.60,3.0
17160.0,1309.3,2.16,0.05,2.16,40.73433,-111.87210,18.5,47.1,875.2,105.80,1.9
17220.0,1309.3,2.88,0.04,2.88,40.73433,-111.87210,18.5,46.8,875.2,106.99,3.1
17280.0,1309.3,2.65,0.04,2.65,40.73433,-111.87210,18.5,47.0,875.2,95.06,1.4
17340.0,1309.2,2.59,0.04,2.59,40.73433,-111.87210,18.6,46.7,875.2,101.35,1.9
17400.0,1309.1,3.03,0.04,3.03,40.73433,-111.87210,18.6,46.9,875.2,114.33,2.8
17460.0,1309.0,3.05,0.04,3.05,40.73433,-111.87210,18.6,46.7,875.3,90.09,1.5
17520.0,1308.9,2.61,0.04,2.61,40.73433,-111.87210,18.7,46.4,875.3,79.83,1.0
17580.0,1308.8,2.58,0.04,2.58,40.73433,-111.87210,18.7,46.5,875.3,103.00,2.2
17640.0,1308.7,2.26,0.04,2.26,40.73433,-111.87210,18.7,46.8,875.3,113.25,2.0
17700.0,1308.7,1.99,0.04,1.99,40.73433,-111.87210,18.7,46.8,875.3,93.23,1.0
17760.0,1308.6,1.87,0.04,1.87,40.73433,-111.87210,18.7,46.4,875.3,105.20,2.6
17820.0,1308.4,1.43,0.04,1.43,40.73433,-111.87210,18.7,46.7,875.4,127.62,1.2
17880.0,1308.4,1.99,0.04,1.99,40.73433,-111.87210,18.7,46.8,875.4,112.68,2.6
17940.0,1308.5,2.77,0.05,2.77,40.73433,-111.87210,18.8,46.5,875.4,95.89,1.4
18000.0,1308.4,3.12,0.04,3.12,40.73433,-111.87210,18.8,46.3,875.4,106.50,0.9
18060.0,1308.4,2.75,0.05,2.75,40.73433,-111.87210,18.7,46.2,875.4,109.18,1.8
18120.0,1308.2,2.61,0.05,2.61,40.73433,-111.87210,18.8,45.9,875.4,110.95,2.2
18180.0,1307.8,2.28,0.04,2.28,40.73434,-111.87210,18.8,46.0,875.4,100.17,2.6
18240.0,1307.7,2.20,0.05,2.20,40.73434,-111.87210,18.8,46.1,875.4,110.44,1.8
18300.0,1307.6,2.51,0.05,2.51,40.73434,-111.87210,18.9,46.1,875.4,118.45,1.8
18360.0,1307.6,1.83,0.04,1.83,40.73434,-111.87210,18.9,45.9,875.4,107.87,1.9
18420.0,1307.5,1.80,0.05,1.80,40.73434,-111.87210,18.9,45.7,875.4,113.31,1.5
18480.0,1307.5,2.07,0.05,2.07,40.73434,-111.87210,18.9,45.5,875.4,104.78,1.3
18540.0,1307.6,2.08,0.04,2.08,40.73434,-111.87210,18.9,45.5,875.4,105.21,1.9
18600.0,1307.6,2.17,0.05,2.17,40.73434,-111.87210,18.9,45.4,875.4,108.38,1.2
18660.0,1307.6,1.98,0.05,1.98,40.73434,-111.87210,18.9,45.6,875.4,119.96,1.1
18720.0,1307.7,2.46,0.04,2.46,40.73434,-111.87210,18.9,46.9,875.5,91.55,0.7
18780.0,1307.7,2.56,0.05,2.56,40.73434,-111.87210,18.9,46.0,875.5,112.06,2.1
18840.0,1307.8,2.55,0.05,2.55,40.73434,-111.87210,18.9,45.8,875.5,116.24,2.7
18900.0,1308.0,2.50,0.04,2.50,40.73434,-111.87210,18.9,45.8,875.5,119.19,1.5
18960.0,1308.0,2.63,0.05,2.63,40.73434,-111.87210,18.9,46.3,875.5,110.11,1.8
19020.0,1308.1,2.17,0.05,2.17,40.73434,-111.87210,18.9,45.9,875.5,110.55,1.1
19080.0,1308.2,1.99,0.05,1.99,40.73434,-111.87210,18.9,45.7,875.5,115.71,2.0
19140.0,1308.2,1.72,0.05,1.72,40.73434,-111.87210,18.9,45.7,875.5,110.36,1.9
19200.0,1308.4,1.82,0.05,1.82,40.73434,-111.87210,18.9,46.5,875.5,118.30,1.8
19260.0,1308.3,2.20,0.05,2.20,40.73434,-111.87210,18.9,45.8,875.6,101.02,1.2
19320.0,1308.2,2.62,0.05,2.62,40.73434,-111.87210,18.9,45.9,875.6,113.96,1.9
19380.0,1308.0,2.94,0.05,2.94,40.73434,-111.87210,18.9,45.4,875.6,124.59,1.5
19440.0,1308.0,2.89,0.05,2.89,40.73434,-111.87210,18.9,46.1,875.6,110.99,1.2
19500.0,1308.2,2.51,0.05,2.51,40.73434,-111.87210,18.9,45.2,875.7,107.74,2.9
19560.0,1308.2,2.37,0.05,2.37,40.73434,-111.87210,18.9,45.5,875.7,106.84,1.6
19620.0,1308.1,2.01,0.05,2.01,40.73434,-111.87210,18.9,45.6,875.7,120.75,1.0
19680.0,1308.4,1.36,0.05,1.36,40.73434,-111.87210,18.9,45.6,875.8,118.16,2.2
19740.0,1308.7,1.51,0.04,1.51,40.73434,-111.87210,18.9,45.7,875.8,118.75,1.6
19800.0,1308.5,2.06,0.04,2.06,40.73434,-111.87210,18.9,45.7,875.9,117.77,1.4
19860.0,1308.4,2.87,0.04,2.87,40.73434,-111.87211,18.9,46.3,876.0,118.45,2.7
19920.0,1308.5,2.76,0.04,2.76,40.73434,-111.87211,18.8,46.1,875.9,116.97,2.8
19980.0,1308.5,2.47,0.04,2.47,40.73434,-111.87211,18.8,46.1,876.0,118.60,2.0
20040.0,1308.6,2.01,0.05,2.01,40.73434,-111.87211,18.7,46.8,876.0,113.80,3.0
20100.0,1308.7,2.31,0.05,2.31,40.73434,-111.87211,18.7,47.2,876.0,137.76,3.6
20160.0,1309.0,2.25,0.05,2.25,40.73433,-111.87211,18.6,46.7,876.0,123.91,4.5
20220.0,1309.1,1.93,0.04,1.93,40.73433,-111.87211,18.6,46.3,876.0,109.28,3.8
20280.0,1309.3,1.60,0.05,1.60,40.73433,-111.87211,18.5,47.0,876.0,131.01,4.5
20340.0,1309.4,1.79,0.04,1.79,40.73433,-111.87211,18.5,46.9,876.0,121.07,4.2
20400.0,1309.6,1.84,0.05,1.84,40.73433,-111.87211,18.4,47.4,876.0,123.17,4.1
20460.0,1309.9,2.97,0.04,2.97,40.73433,-111.87211,18.5,47.5,876.0,135.20,3.7
20520.0,1309.9,2.48,0.04,2.48,40.73433,-111.87211,18.4,47.6,876.0,132.37,3.3
20580.0,1310.0,1.97,0.05,1.97,40.73433,-111.87211,18.4,48.3,876.0,121.46,1.7
20640.0,1310.0,1.74,0.05,1.74,40.73433,-111.87211,18.4,47.3,876.0,114.13,2.3
20700.0,1310.0,1.75,0.05,1.75,40.73433,-111.87211,18.4,47.2,875.9,105.35,1.5
20760.0,1309.9,2.17,0.04,2.17,40.73433,-111.87211,18.5,47.5,875.9,103.35,1.4
20820.0,1309.8,2.21,0.05,2.21,40.73433,-111.87211,18.4,47.2,876.0,111.35,2.3
20880.0,1309.9,1.86,0.04,1.86,40.73433,-111.87211,18.5,47.2,876.0,110.98,3.3
20940.0,1310.0,1.75,0.04,1.75,40.73433,-111.87211,18.5,46.8,876.0,118.28,4.2
21000.0,1310.0,2.06,0.05,2.06,40.73433,-111.87211,18.5,46.9,876.0,114.27,3.2
21060.0,1310.1,1.93,0.04,1.93,40.73433,-111.87211,18.6,46.3,876.0,110.71,2.4
21120.0,1310.2,2.02,0.05,2.02,40.73433,-111.87211,18.7,47.0,876.0,110.79,2.0
21180.0,1310.1,2.07,0.04,2.07,40.73433,-111.87211,18.7,46.0,876.0,109.94,3.1
21240.0,1310.1,2.38,0.04,2.38,40.73433,-111.87211,18.7,46.3,875.9,114.58,3.2
21300.0,1310.2,2.47,0.05,2.47,40.73433,-111.87211,18.7,46.9,876.0,116.17,3.0
21360.0,1310.2,2.62,0.04,2.62,40.73434,-111.87211,18.7,46.3,875.9,102.94,1.5
21420.0,1310.4,1.59,0.05,1.59,40.73434,-111.87211,18.7,46.2,875.9,113.65,2.6
21480.0,1310.4,1.66,0.05,1.66,40.73434,-111.87211,18.7,46.1,875.9,113.01,2.3
21540.0,1310.2,1.86,0.06,1.86,40.73434,-111.87211,18.8,46.0,875.9,104.65,1.5
21600.0,1310.2,1.70,0.04,1.70,40.73434,-111.87211,18.8,46.5,875.9,114.26,1.5
21660.0,1310.2,1.95,0.05,1.95,40.73434,-111.87211,18.8,45.4,875.9,114.05,2.5
21720.0,1310.1,1.89,0.05,1.89,40.73434,-111.87211,18.8,46.1,875.9,133.77,2.4
21780.0,1310.3,1.34,0.05,1.34,40.73434,-111.87211,18.8,46.2,875.9,109.63,2.6
21840.0,1310.3,1.08,0.06,1.08,40.73434,-111.87211,18.8,46.5,875.9,110.11,2.1
21900.0,1310.3,1.05,0.05,1.05,40.73434,-111.87211,18.8,45.6,875.9,119.97,1.5
21960.0,1310.2,1.32,0.05,1.32,40.73434,-111.87211,18.8,45.5,875.9,104.87,2.4
22020.0,1310.2,1.70,0.05,1.70,40.73434,-111.87211,18.8,45.8,875.9,118.66,2.9
22080.0,1309.9,1.58,0.05,1.58,40.73434,-111.87211,18.8,45.3,875.9,100.55,2.7
22140.0,1309.8,2.06,0.05,2.06,40.73434,-111.87211,18.7,45.2,875.9,112.44,4.3
22200.0,1310.0,2.07,0.06,2.07,40.73434,-111.87211,18.8,45.4,875.9,106.84,2.3
22260.0,1310.0,2.30,0.05,2.30,40.73434,-111.87211,18.9,45.1,875.9,101.87,1.5
22320.0,1309.8,1.87,0.04,1.87,40.73434,-111.87210,18.9,45.1,875.9,110.19,2.7
22380.0,1309.6,2.37,0.05,2.37,40.73434,-111.87210,18.9,44.8,875.9,116.02,2.8
22440.0,1309.7,2.82,0.05,2.82,40.73434,-111.87210,18.9,45.2,875.8,118.52,2.6
22500.0,1309.8,2.81,0.05,2.81,40.73434,-111.87210,18.9,45.5,875.8,110.06,2.0
22560.0,1309.8,2.48,0.05,2.48,40.73434,-111.87210,18.9,44.8,875.8,107.03,2.0
22620.0,1309.7,1.93,0.05,1.93,40.73434,-111.87210,18.9,44.7,875.8,105.97,1.9
22680.0,1309.7,2.23,0.05,2.23,40.73434,-111.87210,18.9,44.6,875.8,111.18,1.8
22740.0,1309.7,2.63,0.06,2.63,40.73434,-111.87210,19.0,44.4,875.9,117.37,1.6
22800.0,1309.6,2.57,0.05,2.57,40.73434,-111.87211,19.0,44.6,875.9,106.96,1.5
22860.0,1309.5,2.24,0.05,2.24,40.73434,-111.87211,19.0,44.7,875.9,119.93,1.9
22920.0,1309.1,2.27,0.05,2.27,40.73434,-111.87211,19.0,44.4,875.9,103.47,1.2
22980.0,1308.9,1.95,0.05,1.95,40.73434,-111.87211,19.0,44.2,875.9,111.43,4.1
23040.0,1308.8,2.46,0.05,2.46,40.73434,-111.87211,19.1,44.4,875.9,106.82,1.2
23100.0,1308.8,2.43,0.05,2.43,40.73434,-111.87211,19.1,44.8,876.0,100.83,0.7
23160.0,1308.7,2.07,0.05,2.07,40.73434,-111.87211,19.1,44.6,876.0,117.81,2.4
23220.0,1308.6,2.33,0.04,2.33,40.73434,-111.87211,19.0,44.6,876.0,113.12,0.8
23280.0,1308.6,2.96,0.04,2.96,40.73434,-111.87211,19.0,44.2,876.0,117.65,1.8
23340.0,1308.6,2.68,0.04,2.68,40.73434,-111.87211,19.0,44.2,876.1,108.94,2.6
23400.0,1308.7,2.36,0.05,2.36,40.73434,-111.87211,19.0,44.4,876.1,115.26,3.7
23460.0,1308.7,2.59,0.04,2.59,40.73434,-111.87211,19.0,44.0,876.1,114.31,3.3
23520.0,1308.7,2.81,0.04,2.81,40.73434,-111.87210,19.0,44.2,876.2,114.27,2.7
23580.0,1308.6,2.61,0.05,2.61,40.73434,-111.87210,19.1,44.4,876.2,118.42,1.8
23640.0,1308.6,2.45,0.04,2.45,40.73434,-111.87210,19.0,44.5,876.3,122.66,3.4
23700.0,1308.5,2.16,0.04,2.16,40.73434,-111.87210,19.0,44.4,876.3,115.71,3.0
23760.0,1308.7,1.54,0.04,1.54,40.73434,-111.87210,19.1,44.7,876.3,131.59,2.3
23820.0,1308.7,2.21,0.05,2.21,40.73434,-111.87210,18.9,44.9,876.3,117.72,3.1
23880.0,1308.6,2.64,0.05,2.64,40.73434,-111.87210,18.9,45.2,876.3,121.98,3.2
23940.0,1308.5,1.82,0.04,1.82,40.73434,-111.87210,18.9,45.0,876.3,118.31,2.4
24000.0,1308.4,1.46,0.06,1.46,40.73434,-111.87210,18.9,45.0,876.3,113.94,2.4
24060.0,1308.3,2.22,0.05,2.22,40.73434,-111.87210,19.0,45.3,876.4,128.27,1.2
24120.0,1308.3,2.05,0.04,2.05,40.73434,-111.87210,18.9,45.4,876.4,95.11,0.9
24180.0,1308.4,1.08,0.05,1.08,40.73434,-111.87210,18.9,45.3,876.4,130.03,0.9
24240.0,1308.4,1.74,0.04,1.74,40.73434,-111.87210,18.9,45.3,876.4,129.93,2.2
24300.0,1308.4,1.76,0.04,1.76,40.73434,-111.87210,18.9,45.6,876.4,140.13,2.1
24360.0,1308.4,2.07,0.04,2.07,40.73434,-111.87210,18.9,45.2,876.4,113.90,1.1
24420.0,1308.4,2.48,0.05,2.48,40.73434,-111.87210,18.9,45.9,876.4,133.57,2.3
24480.0,1308.5,2.07,0.05,2.07,40.73434,-111.87210,18.9,46.2,876.4,137.43,1.9
24540.0,1308.5,1.87,0.05,1.87,40.73434,-111.87210,18.8,45.8,876.3,111.79,2.5
24600.0,1308.5,2.25,0.05,2.25,40.73434,-111.87210,18.8,45.9,876.3,116.16,2.6
24660.0,1308.6,2.31,0.06,2.31,40.73434,-111.87210,18.7,46.3,876.3,116.49,2.1
24720.0,1308.5,2.08,0.05,2.08,40.73434,-111.87210,18.8,46.2,876.3,116.49,2.0
24780.0,1308.6,2.25,0.05,2.25,40.73434,-111.87210,18.6,45.9,876.4,107.01,3.1
24840.0,1308.7,2.58,0.05,2.58,40.73434,-111.87210,18.7,45.8,876.4,102.36,2.6
24900.0,1308.8,2.41,0.05,2.41,40.73434,-111.87210,18.7,46.2,876.4,116.86,2.5
24960.0,1308.8,2.40,0.04,2.40,40.73434,-111.87210,18.6,46.0,876.4,105.37,2.5
25020.0,1308.8,2.83,0.05,2.83,40.73434,-111.87210,18.7,45.8,876.4,118.72,3.3
