CampaignData_and_Merges/R0/CSL_MobileLab_Parked/raw/20240814/USOS-NOAAIodideCIMS-OrgNitrs_MobileLabGround_20240814_RA.ict
37, 1001
Michael A Robinson, Chris Jernigan, Subi Thakali
NOAA ESRL Chemical Sciences Laboratory and CIRES, U. of Colorado
NOAA Iodide CIMS Instrument
USOS
1, 1
2024, 08, 14, 2024, 08, 15
1
starttime_UTC, seconds_past_midnight, seconds_of_day_since_00:00:00_UTC
5
1, 1, 1, 1, 1
-9999, -9999, -9999, -9999, -9999
C4H7NO5_NOAACIMS, pptv, Gas_C4H7NO5_InSitu_S_AVMR, 
ISOPN_NOAACIMS, pptv, Gas_ISOPN_InSitu_S_AVMR, 
C5H10O3_NOAACIMS, pptv, Gas_C5H10O3_InSitu_S_AVMR, 
C5H9NO5_NOAACIMS, pptv, Gas_C5H9NO5_InSitu_S_AVMR, 
C10H17NO4_NOAACIMS, pptv, Gas_C10H17NO4_InSitu_S_AVMR, 
0
18
PI_CONTACT_INFO: 325 Broadway, R/CSD 7, Boulder, Colorado 80305; michael.a.robinson@noaa.gov; chris.jernigan@noaa.gov;
PLATFORM: NOAA CSL Mobile Lab
LOCATION: SLC, Utah
ASSOCIATED_DATA: 1Hz data also available on request.
INSTRUMENT_INFO: NOAA I- ToF CIMS
DATA_INFO: All data in parts per trillion by volume (pptv). 1 Hz data is available upon request.
UNCERTAINTY: TBD
ULOD_FLAG: -7777
ULOD_VALUE: N/A
LLOD_FLAG: -8888
LLOD_VALUE: N/A
DM_CONTACT_INFO: Nathan Howard; nathan.h.howard@noaa.gov
PROJECT_INFO: USOS, summer 2024. https://csl.noaa.gov/groups/csl7/measurements/2024usos/
STIPULATIONS_ON_USE: Users are strongly encouraged to contact the PI for proper data usage.
OTHER_COMMENTS: 
REVISION: RA
RA: Preliminary Data; For in-field use only
starttime_UTC, C4H7NO5_NOAACIMS, ISOPN_NOAACIMS, C5H10O3_NOAACIMS, C5H9NO5_NOAACIMS, C10H17NO4_NOAACIMS
     0,  1.057,  1.404,  7.819,  1.369,  0.238
    60,  1.069,  1.561,  6.761,  1.424,  0.273
   120,  1.028,  1.632,  6.451,  1.313,  0.222
   180,  0.967,  1.394,  6.329,  1.271,  0.296
   240,  0.914,  1.360,  6.186,  1.256,  0.288
   300,  0.819,  1.457,  5.142,  1.146,  0.249
   360,  0.727,  1.443,  5.008,  1.015,  0.277
   420,  0.657,  1.208,  4.116,  0.920,  0.307
   480,  0.572,  0.978,  4.146,  0.834,  0.254
   540,  0.593,  1.127,  4.279,  0.766,  0.295
   600,  0.664,  1.149,  4.609,  0.944,  0.218
   660,  0.667,  1.111,  3.929,  0.901,  0.249
   720,  0.636,  1.148,  3.954,  0.863,  0.229
   780,  0.605,  1.133,  3.447,  0.839,  0.225
   840,  0.562,  1.072,  3.359,  0.793,  0.247
   900,  0.600,  1.213,  3.211,  0.738,  0.253
   960,  0.567,  1.034,  3.571,  0.835,  0.274
  1020,  0.577,  0.878,  3.533,  0.759,  0.231
  1080,  0.567,  1.081,  3.309,  0.695,  0.242
  1140,  0.559,  0.935,  3.339,  0.672,  0.219
  1200,  0.507,  0.990,  3.907,  0.674,  0.268
  1260,  0.511,  1.030,  3.451,  0.727,  0.293
  1320,  0.488,  0.915,  2.938,  0.662,  0.241
  1380,  0.542,  0.998,  2.959,  0.767,  0.270
  1440,  0.602,  0.835,  3.287,  0.386,  0.168
  1500,  0.488,  1.032,  3.059,  0.713,  0.261
  1560,  0.487,  0.870,  2.576,  0.666,  0.281
  1620,  0.498,  0.891,  2.576,  0.674,  0.275
  1680,  0.509,  0.839,  3.051,  0.645,  0.303
  1740,  0.543,  0.887,  3.141,  0.670,  0.271
  1800,  0.572,  0.951,  2.462,  0.697,  0.260
  1860,  0.570,  0.903,  3.210,  0.752,  0.220
  1920,  0.591,  0.792,  3.279,  0.715,  0.213
  1980,  0.592,  0.786,  3.129,  0.794,  0.244
  2040,  0.580,  0.808,  2.754,  0.741,  0.213
  2100,  0.605,  0.812,  2.991,  0.781,  0.232
  2160,  0.634,  0.923,  3.327,  0.781,  0.286
  2220,  0.664,  0.885,  3.000,  0.827,  0.240
  2280,  0.667,  1.021,  3.239,  0.885,  0.260
  2340,  0.727,  1.134,  3.319,  0.901,  0.241
  2400,  0.716,  0.879,  3.299,  0.993,  0.224
  2460,  0.770,  0.891,  3.382,  0.988,  0.255
  2520,  0.784,  0.965,  3.704,  1.022,  0.190
  2580,  0.802,  0.921,  3.545,  0.973,  0.199
  2640,  0.815,  0.928,  3.544,  0.962,  0.228
  2700,  0.865,  1.027,  3.761,  1.031,  0.235
  2760,  0.895,  0.940,  3.771,  1.127,  0.270
  2820,  0.877,  0.998,  3.461,  1.060,  0.283
  2880,  0.871,  0.843,  3.893,  1.154,  0.270
  2940,  0.904,  1.035,  4.331,  1.130,  0.247
  3000,  0.893,  0.914,  4.012,  1.070,  0.231
  3060,  0.899,  0.764,  4.156,  1.057,  0.253
  3120,  0.878,  0.828,  4.152,  1.064,  0.202
  3180,  0.914,  0.914,  4.476,  1.053,  0.230
  3240,  0.946,  0.921,  4.570,  1.069,  0.175
  3300,  0.953,  0.861,  4.558,  0.957,  0.147
  3360,  0.928,  0.686,  5.213,  1.207,  0.243
  3420,  0.926,  0.927,  5.151,  1.117,  0.211
  3480,  0.906,  0.731,  5.163,  1.089,  0.218
  3540,  0.861,  0.814,  4.577,  1.069,  0.211
  3600,  0.808,  0.843,  4.940,  1.099,  0.240
  3660,  0.724,  0.720,  4.274,  1.045,  0.161
  3720,  0.697,  0.771,  3.992,  0.954,  0.225
  3780,  0.649,  0.610,  3.842,  0.896,  0.180
  3840,  0.623,  0.485,  3.079,  0.883,  0.179
  3900,  0.594,  0.614,  3.262,  0.890,  0.159
  3960,  0.615,  0.717,  3.778,  0.877,  0.149
  4020,  0.629,  0.585,  3.435,  0.833,  0.150
  4080,  0.591,  0.700,  3.084,  0.820,  0.153
  4140,  0.576,  0.631,  3.238,  0.849,  0.151
  4200,  0.548,  0.409,  3.455,  0.809,  0.157
  4260,  0.538,  0.655,  2.901,  0.770,  0.110
  4320,  0.553,  0.511,  3.447,  0.764,  0.162
  4380,  0.547,  0.676,  3.315,  0.782,  0.162
  4440,  0.562,  0.467,  2.676,  0.781,  0.137
  4500,  0.605,  0.759,  3.253,  0.802,  0.104
  4560,  0.584,  0.659,  3.425,  0.848,  0.166
  4620,  0.624,  0.631,  3.309,  0.854,  0.147
  4680,  0.599,  0.704,  3.395,  0.844,  0.166
  4740,  0.639,  0.655,  3.348,  0.879,  0.171
  4800,  0.677,  0.696,  3.682,  0.939,  0.196
  4860,  0.639,  0.758,  3.729,  0.912,  0.116
  4920,  0.624,  0.609,  3.297,  0.887,  0.149
  4980,  0.626,  0.656,  3.578,  0.865,  0.119
  5040,  0.592,  0.641,  3.462,  0.827,  0.143
  5100, -9999.000, -9999.000, -9999.000, -9999.000, -9999.000
  5160,  0.562,  0.786,  3.377,  0.711,  0.153
  5220,  0.581,  0.669,  3.032,  0.796,  0.142
  5280,  0.569,  0.646,  2.595,  0.817,  0.180
  5340,  0.598,  0.698,  2.905,  0.809,  0.166
  5400,  0.561,  0.545,  3.047,  0.836,  0.140
  5460,  0.575,  0.601,  2.958,  0.854,  0.130
  5520,  0.614,  0.694,  3.017,  0.888,  0.159
  5580,  0.595,  0.646,  3.036,  0.958,  0.152
  5640,  0.628,  0.514,  2.805,  0.836,  0.150
  5700,  0.660,  0.627,  2.842,  1.005,  0.189
  5760,  0.674,  0.578,  3.273,  1.032,  0.152
  5820,  0.701,  0.628,  3.407,  1.045,  0.176
  5880,  0.768,  0.605,  3.123,  1.103,  0.157
  5940,  0.793,  0.662,  3.085,  1.113,  0.187
  6000,  0.769,  0.630,  3.230,  1.217,  0.233
  6060,  0.798,  0.595,  3.467,  1.102,  0.213
  6120,  0.822,  0.713,  3.480,  1.195,  0.200
  6180,  0.804,  0.599,  3.423,  1.188,  0.238
  6240,  0.829,  0.532,  3.553,  1.264,  0.221
  6300,  0.828,  0.693,  3.232,  1.220,  0.195
  6360,  0.866,  0.516,  3.814,  1.344,  0.247
  6420,  0.926,  0.491,  3.811,  1.278,  0.224
  6480,  0.932,  0.609,  3.561,  1.408,  0.272
  6540,  0.953,  0.625,  3.818,  1.500,  0.252
  6600,  0.995,  0.697,  3.818,  1.424,  0.239
  6660,  1.173,  0.752,  4.347,  1.597,  0.308
  6720,  1.292,  0.614,  4.738,  1.557,  0.276
  6780,  1.178,  0.640,  4.331,  1.615,  0.269
  6840,  1.072,  0.771,  4.108,  1.473,  0.306
  6900,  1.071,  0.397,  4.773,  1.484,  0.329
  6960, -9999.000, -9999.000, -9999.000, -9999.000, -9999.000
  7020,  1.053,  0.563,  4.677,  1.576,  0.288
  7080,  1.065,  0.560,  4.553,  1.635,  0.294
  7140,  1.091,  0.547,  4.995,  1.581,  0.292
  7200,  1.090,  0.620,  5.472,  1.648,  0.362
  7260,  1.097,  0.659,  5.598,  1.640,  0.364
  7320,  1.120,  0.745,  5.016,  1.627,  0.412
  7380,  1.152,  0.715,  5.680,  1.684,  0.355
  7440,  1.147,  0.730,  5.722,  1.790,  0.335
  7500,  1.183,  0.593,  5.897,  1.741,  0.400
  7560,  1.149,  0.798,  5.514,  1.689,  0.406
  7620,  1.079,  0.750,  6.055,  1.539,  0.417
  7680,  1.051,  0.740,  6.286,  1.546,  0.404
  7740,  1.051,  0.666,  6.196,  1.698,  0.368
  7800,  1.137,  0.902,  5.985,  1.658,  0.412
  7860,  1.120,  0.810,  6.805,  1.671,  0.421
  7920,  1.164,  0.853,  7.083,  1.738,  0.474
  7980,  1.177,  0.847,  6.841,  1.850,  0.508
  8040,  1.205,  0.726,  7.339,  1.775,  0.491
  8100,  1.173,  0.810,  7.301,  1.762,  0.435
  8160,  1.076,  0.732,  6.926,  1.533,  0.422
  8220,  1.082,  0.847,  6.563,  1.623,  0.385
  8280,  1.073,  0.703,  7.118,  1.646,  0.438
  8340,  1.131,  0.873,  7.402,  1.656,  0.443
  8400,  1.072,  0.940,  7.537,  1.569,  0.417
  8460,  1.073,  0.837,  7.941,  1.791,  0.446
  8520,  1.051,  0.817,  7.476,  1.612,  0.489
  8580,  0.947,  0.671,  7.163,  1.395,  0.376
  8640,  0.916,  0.834,  7.001,  1.384,  0.443
  8700,  0.882,  0.741,  7.134,  1.328,  0.448
  8760,  0.884,  0.714,  7.115,  1.485,  0.357
  8820, -9999.000, -9999.000, -9999.000, -9999.000, -9999.000
  8880,  0.900,  0.566,  7.349,  1.322,  0.383
  8940,  0.945,  0.716,  7.603,  1.355,  0.433
  9000,  0.908,  0.650,  6.887,  1.276,  0.365
  9060,  0.901,  0.761,  7.298,  1.313,  0.374
  9120,  0.979,  0.680,  8.255,  1.429,  0.402
  9180,  0.909,  0.661,  7.684,  1.407,  0.415
  9240,  0.920,  0.721,  7.950,  1.335,  0.404
  9300,  0.998,  0.809,  8.211,  1.494,  0.417
  9360,  0.875,  0.666,  7.580,  1.327,  0.383
  9420,  0.864,  0.682,  7.912,  1.298,  0.458
  9480,  0.868,  0.772,  8.037,  1.349,  0.478
  9540,  0.899,  0.715,  7.799,  1.289,  0.485
  9600,  0.904,  0.639,  7.973,  1.308,  0.447
  9660,  0.877,  0.574,  7.581,  1.342,  0.444
  9720,  0.853,  0.548,  8.211,  1.295,  0.459
  9780,  0.847,  0.759,  7.682,  1.263,  0.438
  9840,  0.827,  0.671,  7.338,  1.275,  0.447
  9900,  0.834,  0.547,  7.016,  1.207,  0.430
  9960,  0.792,  0.524,  7.367,  1.274,  0.428
 10020,  0.807,  0.506,  7.360,  1.256,  0.380
 10080,  0.829,  0.562,  6.479,  1.239,  0.405
 10140,  0.808,  0.574,  7.179,  1.250,  0.472
 10200,  0.827,  0.570,  7.283,  1.206,  0.424
 10260,  0.808,  0.552,  7.083,  1.147,  0.421
 10320,  0.789,  0.518,  7.117,  1.195,  0.416
 10380,  0.853,  0.533,  7.094,  1.243,  0.371
 10440,  0.792,  0.590,  7.184,  1.225,  0.404
 10500,  0.776,  0.532,  6.903,  1.224,  0.457
 10560,  0.784,  0.599,  6.909,  1.198,  0.414
 10620,  0.875,  0.399,  6.995,  1.181,  0.443
 10680,  0.749,  0.298,  6.516,  1.187,  0.361
 10740,  0.776,  0.563,  6.756,  1.143,  0.447
 10800,  0.774,  0.493,  6.888,  1.149,  0.397
 10860,  0.732,  0.371,  6.904,  1.192,  0.462
 10920,  0.767,  0.470,  5.952,  1.237,  0.415
 10980,  0.773,  0.522,  6.797,  1.149,  0.465
 11040,  0.786,  0.544,  7.143,  1.183,  0.408
 11100,  0.754,  0.481,  6.487,  1.125,  0.429
 11160,  0.762,  0.375,  6.603,  1.145,  0.434
 11220,  0.802,  0.310,  7.300,  1.097,  0.434
 11280,  0.781,  0.393,  6.951,  1.153,  0.437
 11340,  0.768,  0.313,  6.940,  1.073,  0.435
 11400,  0.754,  0.626,  6.773,  1.186,  0.438
 11460,  0.780,  0.423,  6.964,  1.142,  0.400
 11520,  0.792,  0.425,  7.407,  1.161,  0.413
 11580,  0.771,  0.457,  6.772,  1.028,  0.355
 11640,  0.778,  0.411,  6.606,  1.067,  0.437
 11700,  0.744,  0.355,  6.711,  1.032,  0.403
 11760,  0.777,  0.474,  6.783,  1.189,  0.442
 11820,  0.748,  0.339,  6.929,  1.155,  0.401
 11880,  0.699,  0.339,  6.587,  1.057,  0.420
 11940,  0.763,  0.535,  6.598,  1.182,  0.440
 12000,  0.736,  0.478,  6.783,  1.011,  0.443
 12060,  0.758,  0.435,  6.654,  1.132,  0.422
 12120,  0.757,  0.354,  6.884,  1.154,  0.446
 12180,  0.744,  0.447,  6.829,  1.063,  0.418
 12240,  0.752,  0.418,  6.335,  0.956,  0.463
 12300,  0.793,  0.450,  6.108,  1.025,  0.514
 12360,  0.792,  0.462,  6.883,  1.127,  0.474
 12420,  0.796,  0.510,  6.844,  1.248,  0.579
 12480, -9999.000, -9999.000, -9999.000, -9999.000, -9999.000
 12540,  0.791,  0.389,  5.990,  0.961,  0.425
 12600,  0.733,  0.576,  6.184,  1.059,  0.535
 12660,  0.752,  0.472,  5.909,  1.073,  0.524
 12720,  0.858,  0.662,  6.432,  1.256,  0.686
 12780,  0.886,  0.526,  7.077,  1.317,  0.726
 12840,  0.929,  0.690,  7.898,  1.470,  0.925
 12900,  0.910,  0.715,  8.221,  1.542,  0.935
 12960,  0.947,  0.664,  7.917,  1.511,  0.961
 13020,  0.917,  0.726,  7.767,  1.450,  1.029
 13080,  0.906,  0.679,  8.575,  1.549,  1.061
 13140,  0.882,  0.588,  8.737,  1.429,  1.042
 13200,  0.899,  0.465,  8.216,  1.409,  0.980
 13260,  0.882,  0.640,  7.842,  1.405,  1.136
 13320,  0.864,  0.729,  8.490,  1.454,  1.085
 13380,  0.864,  0.570,  8.630,  1.374,  1.008
 13440,  0.833,  0.693,  8.052,  1.445,  0.972
 13500,  0.772,  0.618,  7.317,  1.286,  0.761
 13560,  0.798,  0.621,  7.176,  1.283,  0.767
 13620,  0.834,  0.598,  7.467,  1.297,  0.756
 13680,  0.837,  0.597,  7.538,  1.396,  0.887
 13740,  0.868,  0.709,  8.058,  1.365,  1.116
 13800,  0.817,  0.609,  7.047,  1.309,  0.858
 13860,  0.825,  0.691,  7.335,  1.376,  0.975
 13920,  0.813,  0.728,  7.154,  1.318,  0.861
 13980,  0.782,  0.690,  6.865,  1.267,  0.849
 14040,  0.819,  0.676,  6.601,  1.303,  0.826
 14100,  0.804,  0.594,  6.641,  1.265,  0.796
 14160,  0.798,  0.710,  7.241,  1.281,  0.823
 14220,  0.834,  0.917,  6.545,  1.351,  0.835
 14280,  0.817,  0.709,  6.153,  1.251,  0.746
 14340, -9999.000, -9999.000, -9999.000, -9999.000, -9999.000
 14400,  0.751,  0.652,  5.919,  1.266,  0.571
 14460,  0.745,  0.655,  6.168,  1.171,  0.610
 14520,  0.810,  0.652,  5.947,  1.212,  0.578
 14580,  0.772,  0.622,  6.019,  1.216,  0.607
 14640,  0.840,  0.800,  6.610,  1.228,  0.605
 14700,  0.766,  0.783,  6.786,  1.233,  0.612
 14760,  0.815,  0.875,  5.977,  1.273,  0.686
 14820,  0.812,  0.857,  5.880,  1.144,  0.701
 14880,  0.784,  0.726,  5.743,  1.200,  0.707
 14940,  0.775,  0.846,  5.984,  1.151,  0.747
 15000,  0.797,  0.765,  5.620,  1.147,  0.678
 15060,  0.804,  0.816,  6.044,  1.216,  0.661
 15120,  0.820,  0.789,  5.649,  1.203,  0.563
 15180,  0.808,  0.906,  6.030,  1.170,  0.624
 15240,  0.766,  0.952,  5.879,  1.180,  0.660
 15300,  0.762,  0.730,  5.650,  1.192,  0.639
 15360,  0.772,  0.812,  6.312,  1.194,  0.665
 15420,  0.761,  0.719,  6.502,  1.128,  0.536
 15480,  0.764,  0.832,  5.715,  1.115,  0.565
 15540,  0.741,  0.908,  5.938,  1.089,  0.660
 15600,  0.763,  1.005,  6.767,  1.131,  0.697
 15660,  0.766,  0.969,  6.577,  1.088,  0.708
 15720,  0.746,  0.791,  6.026,  1.118,  0.693
 15780,  0.774,  0.821,  5.996,  1.188,  0.715
 15840,  0.758,  1.021,  6.408,  1.169,  0.722
 15900,  0.746,  0.941,  6.406,  1.163,  0.786
 15960,  0.793,  0.927,  5.816,  1.142,  0.777
 16020,  0.764,  0.962,  6.329,  1.105,  0.725
 16080,  0.790,  0.955,  6.309,  1.140,  0.768
 16140,  0.765,  0.904,  5.739,  1.124,  0.845
 16200, -9999.000, -9999.000, -9999.000, -9999.000, -9999.000
 16260,  0.717,  0.833,  5.438,  1.081,  0.815
 16320,  0.752,  0.981,  5.714,  1.094,  0.806
 16380,  0.720,  0.963,  5.635,  1.105,  0.802
 16440,  0.754,  0.878,  5.613,  1.141,  0.780
 16500,  0.764,  0.969,  5.903,  1.143,  0.760
 16560,  0.755,  0.963,  5.670,  1.104,  0.886
 16620,  0.780,  0.980,  6.070,  1.165,  0.810
 16680,  0.756,  1.036,  5.852,  1.140,  0.832
 16740,  0.766,  1.060,  5.598,  1.133,  0.843
 16800,  0.761,  1.052,  5.973,  1.087,  0.830
 16860,  0.770,  1.031,  5.860,  1.231,  0.784
 16920,  0.743,  1.058,  6.280,  1.108,  0.862
 16980,  0.781,  1.136,  5.796,  1.135,  0.883
 17040,  0.803,  1.017,  5.896,  1.184,  0.880
 17100,  0.797,  1.008,  5.751,  1.201,  0.877
 17160,  0.751,  0.892,  6.235,  1.200,  0.883
 17220,  0.735,  1.078,  6.064,  1.232,  0.874
 17280,  0.767,  1.045,  5.577,  1.140,  0.889
 17340,  0.763,  0.946,  6.164,  1.329,  0.831
 17400,  0.802,  1.052,  6.130,  1.240,  0.840
 17460,  0.765,  0.890,  5.916,  1.237,  0.883
 17520,  0.772,  1.073,  5.592,  1.297,  0.836
 17580,  0.752,  0.931,  5.992,  1.350,  0.824
 17640,  0.761,  0.985,  6.012,  1.354,  0.827
 17700,  0.779,  1.037,  6.630,  1.313,  0.795
 17760,  0.748,  0.950,  5.923,  1.356,  0.870
 17820,  0.793,  0.971,  6.235,  1.361,  0.836
 17880,  0.773,  1.016,  6.300,  1.297,  0.880
 17940,  0.782,  0.975,  5.954,  1.345,  0.760
 18000,  0.771,  0.905,  5.680,  1.423,  0.804
 18060,  0.755,  0.783,  6.024,  1.455,  0.720
 18120,  0.750,  1.016,  6.047,  1.319,  0.763
 18180,  0.762,  0.966,  5.754,  1.370,  0.747
 18240,  0.800,  0.984,  6.143,  1.540,  0.746
 18300,  0.791,  0.949,  5.944,  1.400,  0.814
 18360,  0.770,  1.089,  6.379,  1.466,  0.755
 18420,  0.797,  0.967,  6.243,  1.517,  0.754
 18480,  0.789,  1.036,  5.735,  1.439,  0.726
 18540,  0.791,  0.835,  5.743,  1.469,  0.751
 18600,  0.757,  1.074,  5.963,  1.504,  0.657
 18660,  0.798,  1.025,  6.040,  1.455,  0.616
 18720,  0.804,  0.983,  6.445,  1.501,  0.641
 18780,  0.776,  0.983,  6.096,  1.541,  0.697
 18840,  0.802,  1.027,  6.116,  1.528,  0.679
 18900,  0.786,  1.086,  5.986,  1.520,  0.634
 18960,  0.779,  0.897,  6.149,  1.634,  0.667
 19020,  0.818,  1.015,  6.537,  1.588,  0.672
 19080,  0.782,  1.012,  5.868,  1.528,  0.636
 19140,  0.780,  0.947,  5.846,  1.600,  0.715
 19200,  0.781,  0.955,  6.655,  1.552,  0.682
 19260,  0.784,  1.113,  6.711,  1.666,  0.699
 19320,  0.806,  0.941,  5.907,  1.689,  0.684
 19380,  0.789,  1.009,  6.271,  1.723,  0.635
 19440,  0.763,  1.024,  6.649,  1.479,  0.664
 19500,  0.786,  0.790,  6.317,  1.624,  0.705
 19560,  0.772,  0.767,  6.242,  1.658,  0.648
 19620,  0.784,  0.986,  6.678,  1.583,  0.566
 19680,  0.774,  0.866,  6.414,  1.608,  0.716
 19740,  0.768,  1.049,  6.861,  1.668,  0.683
 19800,  0.816,  0.945,  6.360,  1.596,  0.721
 19860,  0.760,  0.855,  6.294,  1.686,  0.635
 19920,  0.784,  0.805,  5.772,  1.580,  0.625
 19980,  0.745,  0.854,  6.128,  1.613,  0.742
 20040,  0.734,  0.845,  5.811,  1.649,  0.768
 20100,  0.770,  0.981,  6.060,  1.532,  0.737
 20160,  0.781,  0.961,  6.521,  1.750,  0.690
 20220,  0.778,  0.908,  6.333,  1.711,  0.754
