CampaignData_and_Merges/R0/CSL_MobileLab_Parked/raw/20240814/USOS-NOAAIodideCIMS-HCOOH_MobileLabGround_20240814_RA.ict
33, 1001
Michael A Robinson, Chris Jernigan, Subi Thakali
NOAA ESRL Chemical Sciences Laboratory and CIRES, U. of Colorado
NOAA Iodide CIMS Instrument
USOS
1, 1
2024, 08, 14, 2024, 08, 15
1
starttime_UTC, seconds_past_midnight, seconds_of_day_since_00:00:00_UTC
1
1
-9999
HCOOH_NOAACIMS, pptv, Gas_HCOOH_InSitu_S_AVMR, 
0
18
PI_CONTACT_INFO: 325 Broadway, R/CSD 7, Boulder, Colorado 80305; michael.a.robinson@noaa.gov; chris.jernigan@noaa.gov;
PLATFORM: NOAA CSL Mobile Lab
LOCATION: SLC, Utah
ASSOCIATED_DATA: 1Hz data also available on request.
INSTRUMENT_INFO: NOAA I- ToF CIMS
DATA_INFO: All data in parts per trillion by volume (pptv). 1 Hz data is available upon request.
UNCERTAINTY: TBD
ULOD_FLAG: -7777
ULOD_VALUE: N/A
LLOD_FLAG: -8888
LLOD_VALUE: N/A
DM_CONTACT_INFO: Nathan Howard; nathan.h.howard@noaa.gov
PROJECT_INFO: USOS, summer 2024. https://csl.noaa.gov/groups/csl7/measurements/2024usos/
STIPULATIONS_ON_USE: Users are strongly encouraged to contact the PI for proper data usage.
OTHER_COMMENTS: 
REVISION: RA
RA: Preliminary Data; For in-field use only
starttime_UTC, HCOOH_NOAACIMS
[from data line 996]
 59760, 646.502
 59820, 607.331
 59880, 602.717
 59940, 624.496
 60000, 641.896
 60060, 659.893
 60120, 657.727
 60180, 669.499
 60240, 679.543
 60300, 644.178
 60360, 637.414
 60420, 639.942
 60480, 654.885
 60540, 641.921
 60600, 592.180
 60660, 579.598
 60720, 585.152
 60780, 587.989
 60840, 584.784
 60900, 591.560
 60960, 572.157
 61020, 574.278
 61080, 578.179
 61140, 594.151
 61200, 575.092
 61260, 589.081
 61320, 585.082
 61380, 583.418
 61440, 640.052
 61500, 695.241
 61560, 655.071
 61620, 653.761
 61680, 689.415
 61740, 676.231
 61800, 640.124
 61860, 630.493
 61920, 636.539
 61980, 615.494
 62040, 596.053
 62100, 666.338
 62160, 596.881
 62220, 589.559
 62280, -9999.000
 62340, 591.739
 62400, 583.353
 62460, 584.453
 62520, 582.464
 62580, 557.997
 62640, 548.352
 62700, 536.647
 62760, 534.465
 62820, 538.605
 62880, 559.352
 62940, 570.111
 63000, 624.700
 63060, 580.685
 63120, 606.241
 63180, 680.454
 63240, 646.100
 63300, 675.643
 63360, 655.372
 63420, 649.849
 63480, 603.887
 63540, 650.163
 63600, 613.858
 63660, 603.499
 63720, 612.692
 63780, 679.382
 63840, 612.385
 63900, 609.541
 63960, 649.221
 64020, 584.289
 64080, 615.738
 64140, 564.109
 64200, 580.602
 64260, 562.569
 64320, 591.269
 64380, 548.285
 64440, 555.474
 64500, 572.979
 64560, 537.777
 64620, 524.966
 64680, 521.438
 64740, 575.894
 64800, 603.560
 64860, 553.166
 64920, 546.785
 64980, 605.415
 65040, 582.866
 65100, 547.023
 65160, 592.029
 65220, 626.093
 65280, 659.149
 65340, 734.148
 65400, 618.822
 65460, 645.546
 65520, 638.576
 65580, 681.237
 65640, 687.522
 65700, 637.191
 65760, 575.147
 65820, 550.894
 65880, 541.054
 65940, 547.084
 66000, 555.885
 66060, 584.627
 66120, 557.546
 66180, 607.391
 66240, 588.989
 66300, 603.145
 66360, 579.529
 66420, 564.992
 66480, 608.463
 66540, 643.402
 66600, 554.076
 66660, 543.864
 66720, 542.850
 66780, 680.271
 66840, 635.073
 66900, 579.321
 66960, 511.326
 67020, 568.222
 67080, 593.084
 67140, 550.867
 67200, 516.315
 67260, 493.728
 67320, 495.492
 67380, 485.030
 67440, 475.193
 67500, 478.876
 67560, 544.427
 67620, 609.483
 67680, 553.324
 67740, 481.940
 67800, 510.091
 67860, 556.239
 67920, 532.820
 67980, 504.024
 68040, 589.108
 68100, 518.800
 68160, 508.578
 68220, 469.148
 68280, 477.481
 68340, 487.142
 68400, 473.387
 68460, 481.644
 68520, 528.814
 68580, 546.197
 68640, 576.396
 68700, 582.405
 68760, 581.470
 68820, 595.272
 68880, 622.397
 68940, 649.868
 69000, 655.220
 69060, 717.502
 69120, 774.749
 69180, 845.961
 69240, 836.715
 69300, 838.101
 69360, 858.773
 69420, 866.665
 69480, 761.991
 69540, 698.728
 69600, 706.423
 69660, -9999.000
 69720, 671.682
 69780, 691.484
 69840, 608.465
 69900, 517.614
 69960, 491.876
 70020, 453.269
 70080, 421.391
 70140, 384.368
 70200, 348.968
 70260, 385.015
 70320, 344.800
 70380, 390.883
 70440, 387.934
 70500, 405.993
 70560, 369.462
 70620, 384.210
 70680, 386.777
 70740, 415.122
 70800, 451.081
 70860, 392.057
 70920, 429.518
 70980, 545.892
 71040, 534.328
 71100, 538.577
 71160, 579.049
 71220, 728.286
 71280, 703.274
 71340, 743.423
 71400, 786.990
 71460, 772.930
 71520, -9999.000
 71580, 957.887
 71640, 972.289
 71700, 984.840
 71760, 990.664
 71820, 1055.403
 71880, 1057.545
 71940, 1031.914
 72000, 982.814
 72060, 966.512
 72120, 950.567
 72180, 945.640
 72240, 961.934
 72300, 988.785
 72360, 1006.722
 72420, 1017.693
 72480, 1049.357
 72540, 1068.036
 72600, 1073.908
 72660, 1083.404
 72720, 1066.932
 72780, 1039.794
 72840, 1049.556
 72900, 1034.765
 72960, 1013.452
 73020, 1016.641
 73080, 1076.303
 73140, 1093.641
 73200, 1099.804
 73260, 1112.742
 73320, 1151.771
 73380, -9999.000
 73440, 1131.519
 73500, 1132.564
 73560, 1117.273
 73620, 1117.997
 73680, 1146.883
 73740, 1125.890
 73800, 1068.311
 73860, 1024.900
 73920, 1005.559
 73980, 969.438
 74040, 971.128
 74100, 983.233
 74160, 1041.220
 74220, 1011.270
 74280, 999.301
 74340, 992.057
 74400, 1029.924
 74460, 997.858
 74520, 974.818
 74580, 976.252
 74640, 922.330
 74700, 929.395
 74760, 934.882
 74820, 906.372
 74880, 905.157
 74940, 879.981
 75000, 879.531
 75060, 863.208
 75120, 880.552
 75180, 895.510
 75240, 859.179
 75300, 837.886
 75360, 841.464
 75420, 808.599
 75480, 807.049
 75540, 818.637
 75600, 816.224
 75660, 809.922
 75720, 816.003
 75780, 789.323
 75840, 831.748
 75900, 791.983
 75960, 777.953
 76020, 799.193
 76080, 819.319
 76140, 789.292
 76200, 784.460
 76260, 805.282
 76320, 796.301
 76380, 767.406
 76440, 766.083
 76500, 767.273
 76560, 770.716
 76620, 774.283
 76680, 785.054
 76740, 762.126
 76800, 729.436
 76860, 734.697
 76920, 746.450
 76980, 732.053
 77040, -9999.000
 77100, 678.228
 77160, 679.283
 77220, 684.095
 77280, 709.678
 77340, 708.065
 77400, 703.513
 77460, 676.225
 77520, 639.416
 77580, 636.238
 77640, 609.452
 77700, 576.117
 77760, 574.759
 77820, 558.991
 77880, 582.344
 77940, 586.403
 78000, 562.512
 78060, 577.435
 78120, 585.553
 78180, 599.046
 78240, 580.617
 78300, 552.319
 78360, 562.540
 78420, 564.194
 78480, 552.480
 78540, 572.968
 78600, 589.542
 78660, 591.981
 78720, 597.777
 78780, 613.490
 78840, 570.008
 78900, 576.552
 78960, 575.902
 79020, 582.837
 79080, 626.775
 79140, 643.286
 79200, 610.323
 79260, 622.935
 79320, 617.351
 79380, 600.431
 79440, 584.694
 79500, 591.995
 79560, 607.620
 79620, 585.553
 79680, 571.878
 79740, 539.910
 79800, 534.828
 79860, 569.506
 79920, 551.846
 79980, 478.856
 80040, 503.900
 80100, 475.246
 80160, 474.824
 80220, 474.972
 80280, 444.275
 80340, 493.654
 80400, 446.319
 80460, 433.256
 80520, 440.492
 80580, 449.240
 80640, 456.971
 80700, 519.177
 80760, -9999.000
 80820, 412.834
 80880, 393.911
 80940, 403.566
 81000, 391.221
 81060, 395.669
 81120, 369.217
 81180, 349.549
 81240, 351.430
 81300, 365.437
 81360, 376.120
 81420, 353.328
 81480, 328.969
 81540, 360.812
 81600, 387.556
 81660, 368.374
 81720, 384.445
 81780, 387.423
 81840, 380.695
 81900, 361.384
 81960, 313.456
 82020, -9999.000
 82080, -9999.000
 82140, -9999.000
 82200, -9999.000
 82260, -9999.000
 82320, -9999.000
 82380, -9999.000
 82440, -9999.000
 82500, -9999.000
 82560, -9999.000
 82620, -9999.000
 82680, -9999.000
 82740, -9999.000
 82800, -9999.000
 82860, -9999.000
 82920, -9999.000
 82980, -9999.000
 83040, -9999.000
 83100, -9999.000
 83160, -9999.000
 83220, -9999.000
 83280, -9999.000
 83340, -9999.000
 83400, -9999.000
 83460, -9999.000
 83520, -9999.000
 83580, -9999.000
 83640, -9999.000
 83700, -9999.000
 83760, -9999.000
 83820, -9999.000
 83880, -9999.000
 83940, -9999.000
 84000, -9999.000
 84060, -9999.000
 84120, -9999.000
 84180, -9999.000
 84240, -9999.000
 84300, -9999.000
 84360, -9999.000
 84420, -9999.000
 84480, -9999.000
 84540, -9999.000
 84600, -9999.000
 84660, -9999.000
 84720, -9999.000
 84780, -9999.000
 84840, -9999.000
 84900, -9999.000
 84960, -9999.000
 85020, -9999.000
 85080, -9999.000
 85140, -9999.000
 85200, -9999.000
 85260, -9999.000
 85320, -9999.000
 85380, -9999.000
 85440, -9999.000
 85500, -9999.000
 85560, 307.805
 85620, 312.133
 85680, 313.708
 85740, 325.265
 85800, 328.118
 85860, 348.451
 85920, 353.896
 85980, 351.380
 86040, 366.725
 86100, 361.409
 86160, 381.668
 86220, 382.284
 86280, 397.744
 86340, 379.628
