CampaignData_and_Merges/R0/CSL_MobileLab_Parked/raw/20240814/USOS-POPS_MobileLabGround_20240814_R0.ict
78, 1001
Thornberry, T. D.
NOAA Chemical Sciences Laboratory
Portable Optical Particle Spectrometer (POPS)
USOS
1, 1
2024, 08, 14, 2025, 05, 08
60
Time_Start, seconds_past_midnight, Start time of measurement
45
1, 1, 1, 1, 1, 1, 1, 1, 1, 1, 1, 1, 1, 1, 1, 1, 1, 1, 1, 1, 1, 1, 1, 1, 1, 1, 1, 1, 1, 1, 1, 1, 1, 1, 1, 1, 1, 1, 1, 1, 1, 1, 1, 1, 1
-9999, -9999, -9999, -9999, -9999, -9999, -9999, -9999, -9999, -9999, -9999, -9999, -9999, -9999, -9999, -9999, -9999, -9999, -9999, -9999, -9999, -9999, -9999, -9999, -9999, -9999, -9999, -9999, -9999, -9999, -9999, -9999, -9999, -9999, -9999, -9999, -9999, -9999, -9999, -9999, -9999, -9999, -9999, -9999, -9999
Time_Stop, seconds_past_midnight, Stop time of measurement
Time_Mid, seconds_past_midnight, Mid time of measurement
Press_mb, mb, Pressure reported (mb)
Temp_C, degrees C, POPS temperature measurement
Aerosol_concentration, cm^-3, Aerosol concentration
Surface_Area_Conc, um^2 cm^-3, Surface area concentration
Volume_density, um^3 cm^-3, Volume density
Effective_radius, um, Effective radius
Extinction, km^-1, Extinction
Bin01, cm^-3, particle concentration in size range [1401 - 146.3 nm]
Bin02, cm^-3, particle concentration in size range [146.3 - 152.8 nm]
Bin03, cm^-3, particle concentration in size range [152.8 - 159.6 nm]
Bin04, cm^-3, particle concentration in size range [159.6 - 166.8 nm]
Bin05, cm^-3, particle concentration in size range [166.8 - 174.2 nm]
Bin06, cm^-3, particle concentration in size range [174.2 - 181.9 nm]
Bin07, cm^-3, particle concentration in size range [181.9 - 190.0 nm]
Bin08, cm^-3, particle concentration in size range [190.0 - 198.5 nm]
Bin09, cm^-3, particle concentration in size range [198.5 - 207.4 nm]
Bin10, cm^-3, particle concentration in size range [207.4 - 216.6 nm]
Bin11, cm^-3, particle concentration in size range [216.6 - 226.2 nm]
Bin12, cm^-3, particle concentration in size range [226.2 - 236.3 nm]
Bin13, cm^-3, particle concentration in size range [236.3 - 246.8 nm]
Bin14, cm^-3, particle concentration in size range [246.8 - 257.8 nm]
Bin15, cm^-3, particle concentration in size range [257.8 - 269.3 nm]
Bin16, cm^-3, particle concentration in size range [269.3 - 343.4 nm]
Bin17, cm^-3, particle concentration in size range [343.4 - 450.7 nm]
Bin18, cm^-3, particle concentration in size range [450.7 - 525.9 nm]
Bin19, cm^-3, particle concentration in size range [525.9 - 618.5 nm]
Bin20, cm^-3, particle concentration in size range [618.5 - 710.0 nm]
Bin21, cm^-3, particle concentration in size range [710.0 - 822.7 nm]
Bin22, cm^-3, particle concentration in size range [822.7 - 885.9 nm]
Bin23, cm^-3, particle concentration in size range [885.9 - 953.9 nm]
Bin24, cm^-3, particle concentration in size range [953.9 - 1027.2 nm]
Bin25, cm^-3, particle concentration in size range [1027.2 - 1106.1 nm]
Bin26, cm^-3, particle concentration in size range [1106.1 - 1191.0 nm]
Bin27, cm^-3, particle concentration in size range [1191.0 - 1282.5 nm]
Bin28, cm^-3, particle concentration in size range [1282.5 - 1381.0 nm]
Bin29, cm^-3, particle concentration in size range [1381.0 - 1487.1 nm]
Bin30, cm^-3, particle concentration in size range [1487.1 - 1601.3 nm]
Bin31, cm^-3, particle concentration in size range [1601.3 - 1724.3 nm]
[...]
PLATFORM: NOAA CSL Mobile Lab
LOCATION: USOS
ASSOCIATED_DATA: N/A
INSTRUMENT_INFO: Printed Optical Particle Spectrometer counts particles from 140 - 2500 nm in diameter 
DATA_INFO: Particle concentrations reported in number per cubic centimeter,1 Hz data
UNCERTAINTY: Counting uncertainty dominated by air flow, less than 5 percent. Measurement range is ~0 - 3000 per cm3 (varies depending on flow rate- manufacturer quotes 1250 per cm3 at 1.667 cc/s)
ULOD_FLAG: -7777
ULOD_VALUE: N/A
LLOD_FLAG: -8888
LLOD_VALUE: N/A
DM_CONTACT_INFO: Troy Thornberry, 325 Broadway R/CSL6, Boulder, CO 80305; troy.thornberry@noaa.gov; 303-497-3373
PROJECT_INFO: USOS, Utah POPS data from NOAA CSL Mobile Lab
STIPULATIONS_ON_USE: Please contact the PIs for questions regarding applications and uncertainties
OTHER_COMMENTS: POPS bin Edges (nm):  140.1, 146.3, 152.8, 159.6, 166.8, 174.2, 181.9, 190.0, 198.5, 207.4, 216.6, 226.2, 236.3, 246.8, 257.8, 269.3, 343.4, 450.7, 525.9, 618.5, 710.0, 822.7, 885.9, 953.9, 1027.2, 1106.1, 1191.0, 1282.5, 1381.0, 1487.1, 1601.3, 1724.3, 1856.7, 1999.3, 2152.8, 2318.2, 2496.2
Calculations assume organic aerosol refractive index of 1.52+0.00j and extinction wavelength = 532 nm
REVISION: R0
R0: Final data
Time_Start, Time_Stop, Time_Mid, Press_mb, Temp_C, Aerosol_concentration, Surface_Area_Conc, Volume_density, Effective_radius, Extinction, Bin01, Bin02, Bin03, Bin04, Bin05, Bin06, Bin07, Bin08, Bin09, Bin10, Bin11, Bin12, Bin13, Bin14, Bin15, Bin16, Bin17, Bin18, Bin19, Bin20, Bin21, Bin22, Bin23, Bin24, Bin25, Bin26, Bin27, Bin28, Bin29, Bin30, Bin31, Bin32, Bin33, Bin34, Bin35, Bin36
[from data line 732]
43920,43979,43950,871.570,32.222,173.832,20.764,0.997,0.140,0.004,26.362526,22.911236,19.963791,16.934202,14.379535,12.250916,9.740965,8.845707,7.242994,5.896374,5.029923,4.531263,4.337617,3.657194,2.663272,6.468219,1.680366,0.432589,0.216272,0.060777,0.061186,0.021740,0.011130,0.021987,0.021686,0.005612,0.000000,0.022194,0.000000,0.016595,0.021863,0.005574,0.005464,0.005669,0.005612,0.000000
43980,44039,44010,871.601,32.149,174.910,21.139,1.126,0.153,0.004,26.512363,23.745838,19.393105,16.900669,14.163460,12.433470,9.882263,8.085823,7.187185,5.808773,5.356353,5.190717,4.339142,4.371160,2.727113,6.354162,1.498922,0.427797,0.237755,0.049933,0.044577,0.033408,0.027615,0.022391,0.011057,0.010894,0.005669,0.011024,0.005631,0.010894,0.010952,0.016803,0.005631,0.011005,0.016784,0.000000
44040,44099,44070,871.613,32.102,174.394,21.232,1.153,0.154,0.004,26.522543,23.049091,19.187725,16.836826,14.422795,11.965167,10.311321,8.924977,6.729927,6.441926,5.095997,4.614504,4.631392,3.756240,2.567186,6.776371,1.610716,0.359604,0.292040,0.082267,0.038862,0.021989,0.027864,0.016632,0.000000,0.005376,0.005727,0.010893,0.011058,0.011028,0.021950,0.010988,0.005464,0.000000,0.011167,0.016638
44100,44159,44130,871.610,31.949,173.781,21.021,1.112,0.152,0.004,26.424047,22.603632,19.983192,16.780979,14.915436,11.522996,10.040264,8.312892,7.276792,6.002339,5.516802,4.723413,4.387966,3.832103,2.689370,6.367844,1.428540,0.404144,0.259480,0.060719,0.049900,0.016441,0.010836,0.022025,0.021573,0.022300,0.005501,0.027168,0.000000,0.011243,0.022468,0.010867,0.011148,0.000000,0.005225,0.011206
44160,44219,44190,871.605,32.073,175.884,21.354,1.097,0.148,0.004,27.595537,22.463602,19.918386,17.102640,14.566777,12.189369,10.006719,8.638094,7.183804,6.307499,5.272373,4.790774,4.268629,3.578249,2.583457,6.745166,1.684664,0.427413,0.204901,0.072254,0.032710,0.044324,0.016470,0.028033,0.039209,0.011075,0.022488,0.016857,0.005612,0.011111,0.022150,0.005727,0.011167,0.005429,0.011282,0.000000
44220,44279,44250,871.620,32.090,174.928,21.209,1.135,0.152,0.004,26.302198,23.486008,19.416576,17.164658,14.795608,12.433139,10.032299,8.169291,6.787298,5.948969,5.373026,5.141609,4.343121,3.691812,2.748676,6.693075,1.483223,0.400351,0.229186,0.038773,0.044697,0.016525,0.028005,0.011168,0.027272,0.016598,0.016628,0.016575,0.005519,0.005556,0.016640,0.005556,0.011244,0.000000,0.010984,0.016505
44280,44339,44310,871.622,31.901,172.547,20.579,1.000,0.140,0.004,25.961065,23.265606,19.556765,16.271116,14.403281,12.341306,10.053082,8.465804,7.090384,6.022652,5.090083,4.605324,4.031641,3.783785,2.940185,6.313486,1.426190,0.431301,0.199176,0.083627,0.038450,0.033847,0.011338,0.011186,0.011343,0.011074,0.011093,0.016326,0.005727,0.016655,0.022414,0.005574,0.005394,0.005394,0.000000,0.005631
44340,44399,44370,871.662,31.869,174.286,21.070,1.122,0.153,0.004,27.066795,22.490967,18.769407,17.440666,15.148738,12.108055,10.014683,8.874868,6.739680,6.218918,5.084377,4.697848,4.310332,3.740822,2.728111,6.332266,1.672364,0.338404,0.204359,0.060596,0.044410,0.028136,0.021974,0.011186,0.016415,0.016352,0.016817,0.005688,0.005556,0.022010,0.016459,0.005537,0.005574,0.000000,0.011095,0.016527
44400,44459,44430,871.631,32.094,174.322,21.627,1.244,0.165,0.004,26.291466,22.768314,19.742558,17.064411,14.228548,12.386561,9.875139,8.314770,7.132727,6.319536,5.356658,4.721401,4.425616,3.971038,2.638277,6.415396,1.586545,0.437833,0.206242,0.082429,0.056246,0.060735,0.027918,0.022381,0.022053,0.027646,0.016816,0.016951,0.016914,0.022619,0.010969,0.016415,0.011112,0.005612,0.022504,0.000000
44460,44519,44490,871.674,32.085,173.027,21.109,1.267,0.171,0.004,27.087164,22.767504,19.423347,16.632856,14.466101,12.133987,10.022714,8.430212,6.915418,5.847171,5.061894,4.740058,4.239098,3.688804,2.580476,6.464464,1.579075,0.448523,0.217465,0.038790,0.071132,0.022198,0.000000,0.005394,0.011038,0.021826,0.005464,0.005631,0.011223,0.005537,0.016533,0.027505,0.005537,0.000000,0.000000,0.033157
44520,44579,44550,871.664,31.900,173.261,21.045,1.143,0.154,0.004,26.671400,22.953827,20.036936,16.233286,14.826565,12.137171,9.811267,8.422340,7.278906,5.984599,5.120179,4.694042,4.118339,3.706347,2.643116,6.334759,1.400612,0.388249,0.161846,0.027447,0.066558,0.032870,0.011225,0.038720,0.011111,0.016362,0.016760,0.022207,0.016762,0.005519,0.022173,0.000000,0.016563,0.022193,0.000000,0.011130
44580,44639,44610,871.686,31.880,173.176,20.606,1.029,0.145,0.004,26.610632,22.910255,19.343695,17.285971,14.552832,12.046473,9.658042,8.126468,6.826199,5.841079,5.460954,4.985353,4.208448,3.773234,2.965390,6.276763,1.481474,0.383612,0.198782,0.022434,0.038898,0.033467,0.016797,0.016651,0.016669,0.005612,0.005631,0.010983,0.005631,0.011112,0.033429,0.011281,0.000000,0.000000,0.000000,0.011186
44640,44699,44670,871.693,32.131,171.927,20.700,1.110,0.154,0.004,26.477869,22.167892,18.955498,17.114500,14.188831,11.732845,10.400722,8.197933,7.385335,5.928886,5.154816,4.936667,4.359344,3.871312,2.815528,5.938809,1.441703,0.304347,0.215074,0.072129,0.049734,0.027951,0.022348,0.044698,0.000000,0.022060,0.016524,0.000000,0.005482,0.022318,0.011039,0.022140,0.011321,0.000000,0.005501,0.005631
44700,44759,44730,871.693,32.172,176.059,21.330,1.188,0.158,0.004,27.844952,22.879194,20.035978,17.107376,14.778893,11.886970,10.038067,8.537238,7.180920,5.934503,5.525399,4.814254,4.292010,3.723129,2.786743,6.137986,1.643067,0.390956,0.169782,0.056808,0.051358,0.033904,0.039687,0.016950,0.022675,0.017182,0.022586,0.011378,0.011453,0.011356,0.000000,0.016956,0.005485,0.011453,0.011211,0.011455
44760,44819,44790,871.694,32.033,171.961,20.575,1.035,0.145,0.004,26.005346,22.592302,19.393253,17.003834,14.572217,11.960718,10.182865,8.355628,6.795207,6.008240,5.281666,4.635069,4.186121,3.573460,2.659452,6.463008,1.442394,0.358562,0.193828,0.054703,0.027177,0.038821,0.022103,0.016548,0.016781,0.021812,0.022133,0.000000,0.022071,0.016743,0.005631,0.011002,0.011148,0.000000,0.011045,0.000000
44820,44879,44850,871.685,31.888,175.464,21.082,1.138,0.153,0.004,26.946224,23.341507,19.837202,16.625240,14.619310,12.365985,9.842462,8.467228,7.352145,6.272496,5.127298,4.952356,4.354646,3.728130,2.659287,6.625307,1.506031,0.428545,0.167727,0.056162,0.033101,0.022278,0.011242,0.022213,0.000000,0.011045,0.000000,0.005574,0.000000,0.016398,0.011111,0.010969,0.016874,0.000000,0.011358,0.016902
44880,44939,44910,871.723,32.063,184.953,21.520,0.993,0.135,0.004,30.370398,25.485260,20.812243,18.411293,15.363298,12.865416,10.600080,8.679373,7.192105,5.839702,5.148971,4.576383,4.379938,3.742042,2.647584,6.259076,1.632205,0.421219,0.248025,0.061784,0.039077,0.033084,0.016705,0.016686,0.021905,0.005464,0.011205,0.005376,0.016841,0.016753,0.016760,0.005537,0.005631,0.000000,0.005376,0.000000
44940,44999,44970,871.750,32.159,178.985,21.623,1.131,0.151,0.004,28.145096,23.878649,19.345936,17.329794,15.010115,12.402635,10.377332,8.654868,7.143980,6.067197,5.576176,4.987264,4.264617,3.815383,2.569359,6.638708,1.808814,0.430144,0.212040,0.071855,0.061526,0.027785,0.033356,0.005394,0.010911,0.011117,0.016615,0.005556,0.000000,0.027488,0.011057,0.010911,0.016932,0.000000,0.011002,0.005556
45000,45059,45030,871.747,31.977,173.770,20.777,0.986,0.138,0.004,26.160919,23.631683,19.078804,16.315275,15.026851,11.936578,10.029167,8.455999,7.169674,6.068015,5.009286,4.910007,4.456462,3.730703,2.708736,6.549653,1.655588,0.365288,0.205344,0.077822,0.033373,0.027803,0.027743,0.011323,0.016798,0.016648,0.016742,0.016522,0.027728,0.016613,0.000000,0.005394,0.000000,0.005556,0.000000,0.005574
45060,45119,45090,871.769,31.860,173.934,20.970,1.114,0.152,0.004,26.587238,22.652903,20.018457,17.282354,14.336590,11.926410,10.045061,8.521589,6.766530,6.103239,5.390041,4.743663,4.215888,3.807824,2.593874,6.513098,1.482816,0.388953,0.264295,0.032952,0.033003,0.033250,0.033141,0.016667,0.022354,0.005631,0.005308,0.027212,0.005669,0.011378,0.033162,0.022372,0.005612,0.000000,0.000000,0.005464
45120,45179,45150,871.783,32.025,172.101,21.000,1.200,0.165,0.004,26.770245,22.741610,19.102289,16.193272,14.061397,11.896756,10.000451,8.436202,7.222010,6.035095,4.925122,4.731289,4.523634,3.695566,2.918045,6.490792,1.501110,0.337568,0.208590,0.049777,0.022222,0.044125,0.016817,0.011061,0.038916,0.016415,0.005574,0.016431,0.005650,0.011494,0.016557,0.022138,0.005708,0.000000,0.016504,0.011074
45180,45239,45210,871.786,32.172,175.269,21.512,1.214,0.163,0.004,26.432491,23.390692,19.096994,17.303991,14.407040,11.980328,10.681751,8.326958,6.557837,6.598574,5.411149,5.144137,4.495654,3.873061,2.642767,6.495008,1.476351,0.359193,0.193186,0.071100,0.060991,0.049585,0.032848,0.027854,0.010971,0.021760,0.000000,0.010983,0.016377,0.033099,0.022026,0.016635,0.010701,0.000000,0.000000,0.016656
45240,45299,45270,871.815,32.035,171.421,20.661,1.060,0.148,0.004,26.060474,23.030733,19.428057,16.796272,13.883066,11.545523,10.031267,8.203108,7.011273,6.098461,5.243771,4.811110,4.397674,3.797696,2.638696,6.108948,1.417027,0.353590,0.238504,0.044133,0.049607,0.027531,0.022121,0.027684,0.022357,0.033284,0.027674,0.011001,0.011075,0.005359,0.011224,0.005447,0.010984,0.000000,0.005464,0.010916
45300,45359,45330,871.810,31.904,171.967,20.987,1.177,0.160,0.004,26.014261,22.572559,19.478083,17.148581,14.669518,12.092231,9.989279,8.378585,7.161964,5.442956,5.043072,4.651244,4.340716,3.671429,2.517161,6.368251,1.449962,0.405315,0.233268,0.054971,0.027769,0.033510,0.038595,0.022759,0.005688,0.011100,0.016650,0.022012,0.011121,0.016505,0.033602,0.016731,0.005429,0.010948,0.005501,0.005574
45360,45419,45390,871.838,31.989,171.699,21.033,1.232,0.167,0.004,26.850388,22.204830,18.930292,16.687532,14.663939,11.762280,9.938219,8.136867,7.080456,5.892735,5.295249,4.752950,4.374174,3.732310,2.720124,6.342070,1.388254,0.424990,0.193886,0.083310,0.044367,0.022374,0.011167,0.011261,0.005394,0.000000,0.021753,0.027517,0.011357,0.000000,0.022226,0.016933,0.021935,0.000000,0.011139,0.016601
45420,45479,45450,871.867,32.222,177.304,21.300,1.057,0.144,0.004,27.027567,23.430214,19.692080,17.476690,14.441090,12.690323,10.068279,8.609511,7.255908,6.316954,5.526181,4.862713,4.215020,3.795277,2.790607,6.564991,1.677329,0.379554,0.160962,0.061041,0.038949,0.027679,0.016724,0.033170,0.044655,0.005669,0.005727,0.005593,0.010842,0.011057,0.038876,0.005631,0.011186,0.000000,0.000000,0.005519
45480,45539,45510,871.865,32.047,172.065,20.848,1.135,0.158,0.004,25.951239,22.678410,19.462551,16.559570,14.724277,11.712857,10.018369,8.646031,6.918087,6.168468,5.263377,4.766544,4.007519,3.729368,2.873412,6.278854,1.390328,0.422238,0.176374,0.066674,0.050306,0.022437,0.016667,0.027846,0.011028,0.011168,0.010862,0.000000,0.011283,0.022432,0.015989,0.011186,0.016500,0.000000,0.016742,0.005747
45540,45599,45570,871.870,31.837,172.794,20.740,1.060,0.148,0.004,26.045204,22.916220,19.261856,16.997190,14.478400,12.156039,9.920074,8.374608,7.025349,6.130908,5.251168,4.578095,4.527182,3.821880,2.733432,6.300298,1.425087,0.326288,0.214374,0.060998,0.032874,0.038397,0.005574,0.027805,0.027880,0.016364,0.016558,0.016918,0.005556,0.005708,0.016413,0.011339,0.016508,0.005631,0.000000,0.005359
45600,45659,45630,871.891,31.806,172.299,20.719,1.071,0.149,0.004,26.664120,22.453779,19.134232,16.912142,14.419400,12.098663,10.216212,8.729623,7.180320,5.721175,5.085758,4.738125,4.250835,3.601503,2.520506,6.099100,1.551996,0.437973,0.194039,0.044087,0.027794,0.027894,0.038422,0.022452,0.005574,0.011208,0.016518,0.017089,0.016742,0.016895,0.000000,0.005537,0.016652,0.010983,0.005574,0.005688
45660,45719,45690,871.899,32.026,179.415,21.311,1.065,0.145,0.004,28.740370,24.793480,20.562189,17.055725,14.709648,12.194131,10.276351,8.299618,6.901772,5.939619,5.283265,4.794703,4.371917,3.912599,2.867745,6.310371,1.470406,0.349697,0.243132,0.066557,0.022335,0.039030,0.027761,0.033229,0.039004,0.016630,0.011186,0.021817,0.005537,0.011244,0.016471,0.011111,0.005537,0.005447,0.000000,0.005359
45720,45779,45750,871.940,32.040,172.248,20.605,1.013,0.141,0.004,26.674646,22.847193,19.059942,16.938166,14.371341,11.845062,9.631726,8.713573,6.908197,6.042642,5.351393,4.679870,4.187011,3.592541,2.558747,6.431208,1.475177,0.427997,0.222481,0.055087,0.055595,0.022132,0.022680,0.022082,0.022060,0.011020,0.016651,0.005593,0.011168,0.005612,0.005631,0.000000,0.011231,0.000000,0.016708,0.005574
45780,45839,45810,871.941,31.828,174.101,21.746,1.353,0.173,0.005,26.984245,23.223988,18.948574,16.896814,14.516577,11.986192,9.965022,8.387920,6.772021,6.084571,5.576576,5.079010,4.131889,3.647658,2.728544,6.469445,1.576216,0.495790,0.205768,0.083840,0.066921,0.050286,0.044189,0.011262,0.028086,0.000000,0.005727,0.016782,0.005708,0.005411,0.033194,0.022046,0.005631,0.005708,0.022249,0.016618
45840,45899,45870,871.966,31.744,172.330,21.022,1.214,0.165,0.004,26.154142,22.589041,19.985807,17.058083,14.444442,11.931110,9.612147,8.328001,6.916519,5.903566,5.197685,4.644525,4.306797,3.734011,2.675829,6.298518,1.636332,0.447270,0.161027,0.049869,0.055160,0.010952,0.027931,0.005631,0.016742,0.016593,0.000000,0.022493,0.011223,0.011205,0.016631,0.022021,0.005556,0.011168,0.011056,0.010935
45900,45959,45930,871.992,31.944,188.493,23.879,1.501,0.178,0.005,28.834873,24.712292,21.059376,17.970030,15.622747,13.288033,10.580182,8.876550,7.636323,6.561128,5.674531,5.316782,4.929081,4.264019,2.997831,7.019364,1.845058,0.550259,0.272432,0.077174,0.072415,0.061177,0.044156,0.027539,0.016141,0.010929,0.000000,0.038681,0.011339,0.000000,0.033437,0.022241,0.022506,0.011281,0.027965,0.005593
45960,46019,45990,872.018,32.051,200.614,26.236,1.719,0.187,0.006,30.010355,25.848352,22.467239,19.593704,15.331470,13.873653,11.450766,9.631867,8.411552,7.120745,6.200905,5.729486,5.054797,4.434071,3.487376,8.429187,2.030803,0.566242,0.341807,0.083785,0.116180,0.010969,0.038554,0.038875,0.038991,0.033485,0.055350,0.016636,0.022354,0.027858,0.027262,0.011301,0.016605,0.016636,0.016631,0.027694
46020,46079,46050,872.051,31.883,216.673,27.862,1.648,0.172,0.006,32.629910,27.815708,24.220572,20.522326,17.321630,15.111187,11.932299,10.375996,8.861502,7.600914,6.573894,6.224484,5.715871,4.761026,3.517508,9.351080,2.450564,0.704612,0.421204,0.082874,0.089209,0.061315,0.033359,0.039242,0.022150,0.027804,0.016457,0.033528,0.033375,0.011112,0.038685,0.016613,0.027857,0.016399,0.000000,0.010966
46080,46139,46110,872.031,31.785,210.216,26.553,1.595,0.175,0.006,32.400005,27.606020,22.978098,19.712843,17.315073,14.145263,12.256700,9.954436,8.240966,6.911854,6.854066,5.519029,5.307946,5.015193,3.609822,8.668143,2.186410,0.707546,0.332387,0.107404,0.061826,0.011299,0.055893,0.038790,0.028381,0.005575,0.022469,0.038856,0.005575,0.016638,0.028370,0.039110,0.016875,0.000000,0.000000,0.016933
46140,46199,46170,872.042,31.903,232.532,29.013,1.538,0.154,0.006,34.917065,30.155293,25.439501,22.150513,19.228745,15.994860,13.412838,11.132685,9.224017,8.143632,7.017054,6.701344,6.038447,5.231793,3.871254,9.916840,2.357293,0.704500,0.374029,0.123186,0.089399,0.050514,0.050332,0.033311,0.011131,0.022471,0.011378,0.016652,0.005593,0.011074,0.050498,0.005727,0.016690,0.005537,0.000000,0.016912
46200,46259,46230,872.031,32.016,247.315,31.815,1.943,0.176,0.007,37.722740,31.969646,27.184772,23.434433,19.831650,17.291777,13.737411,11.725966,10.002504,8.538541,7.672160,7.038221,6.387195,5.561744,4.023239,10.449419,2.718227,0.870301,0.457979,0.120947,0.122130,0.071781,0.060963,0.044458,0.027529,0.038622,0.027873,0.027605,0.016816,0.022373,0.010788,0.033329,0.038435,0.011210,0.005631,0.016706
