CampaignData_and_Merges/R0/CSL_MobileLab_Parked/raw/20240814/USOS-NOAAIodideCIMS-HCOOH_MobileLabGround_20240814_RA.ict
33, 1001
Michael A Robinson, Chris Jernigan, Subi Thakali
NOAA ESRL Chemical Sciences Laboratory and CIRES, U. of Colorado
NOAA Iodide CIMS Instrument
USOS
1, 1
2024, 08, 14, 2024, 08, 15
1
starttime_UTC, seconds_past_midnight, seconds_of_day_since_00:00:00_UTC
1
1
-9999
HCOOH_NOAACIMS, pptv, Gas_HCOOH_InSitu_S_AVMR, 
0
18
PI_CONTACT_INFO: 325 Broadway, R/CSD 7, Boulder, Colorado 80305; michael.a.robinson@noaa.gov; chris.jernigan@noaa.gov;
PLATFORM: NOAA CSL Mobile Lab
LOCATION: SLC, Utah
ASSOCIATED_DATA: 1Hz data also available on request.
INSTRUMENT_INFO: NOAA I- ToF CIMS
DATA_INFO: All data in parts per trillion by volume (pptv). 1 Hz data is available upon request.
UNCERTAINTY: TBD
ULOD_FLAG: -7777
ULOD_VALUE: N/A
LLOD_FLAG: -8888
LLOD_VALUE: N/A
DM_CONTACT_INFO: Nathan Howard; nathan.h.howard@noaa.gov
PROJECT_INFO: USOS, summer 2024. https://csl.noaa.gov/groups/csl7/measurements/2024usos/
STIPULATIONS_ON_USE: Users are strongly encouraged to contact the PI for proper data usage.
OTHER_COMMENTS: 
REVISION: RA
RA: Preliminary Data; For in-field use only
starttime_UTC, HCOOH_NOAACIMS
     0, 394.570
    60, 375.356
   120, 350.149
   180, 342.662
   240, 296.519
   300, 255.097
   360, 244.559
   420, 207.490
   480, 196.005
   540, 215.226
   600, 230.025
   660, 214.332
   720, 203.188
   780, 181.594
   840, 179.683
   900, 187.432
   960, 175.034
  1020, 189.477
  1080, 182.873
  1140, 174.196
  1200, 164.911
  1260, 159.351
  1320, 159.269
  1380, 186.119
  1440, 174.475
  1500, 167.539
  1560, 188.249
  1620, 179.414
  1680, 194.325
  1740, 215.728
  1800, 218.307
  1860, 227.437
  1920, 236.425
  1980, 238.513
  2040, 233.089
  2100, 252.548
  2160, 275.371
  2220, 276.501
  2280, 274.362
  2340, 281.379
  2400, 298.938
  2460, 312.003
  2520, 312.973
  2580, 312.998
  2640, 325.787
  2700, 337.225
  2760, 347.296
  2820, 349.702
  2880, 353.644
  2940, 358.917
  3000, 357.600
  3060, 351.660
  3120, 345.718
  3180, 353.348
  3240, 362.198
  3300, 381.718
  3360, 389.396
  3420, 385.061
  3480, 355.170
  3540, 316.366
  3600, 283.645
  3660, 197.874
  3720, 174.527
  3780, 169.645
  3840, 166.561
  3900, 177.138
  3960, 180.885
  4020, 173.951
  4080, 173.150
  4140, 168.737
  4200, 168.449
  4260, 167.056
  4320, 181.195
  4380, 185.310
  4440, 200.518
  4500, 210.309
  4560, 216.848
  4620, 223.418
  4680, 239.068
  4740, 243.698
  4800, 245.770
  4860, 242.149
  4920, 221.340
  4980, 237.040
  5040, 218.208
  5100, -9999.000
  5160, 221.242
  5220, 231.585
  5280, 224.997
  5340, 227.704
  5400, 237.873
  5460, 250.878
  5520, 261.529
  5580, 262.801
  5640, 283.913
  5700, 299.759
  5760, 310.701
  5820, 332.985
  5880, 339.325
  5940, 349.104
  6000, 379.081
  6060, 381.052
  6120, 393.868
  6180, 394.701
  6240, 402.330
  6300, 399.259
  6360, 419.736
  6420, 449.207
  6480, 466.193
  6540, 487.141
  6600, 512.043
  6660, 524.387
  6720, 512.295
  6780, 499.104
  6840, 496.365
  6900, 500.087
  6960, -9999.000
  7020, 512.805
  7080, 528.311
  7140, 563.028
  7200, 579.419
  7260, 599.646
  7320, 633.192
  7380, 635.216
  7440, 626.829
  7500, 623.779
  7560, 611.258
  7620, 583.633
  7680, 580.878
  7740, 596.837
  7800, 597.950
  7860, 594.756
  7920, 617.696
  7980, 634.510
  8040, 641.805
  8100, 635.195
  8160, 596.361
  8220, 614.378
  8280, 603.411
  8340, 611.194
  8400, 579.063
  8460, 585.453
  8520, 573.384
  8580, 555.957
  8640, 557.259
  8700, 542.428
  8760, 529.342
  8820, -9999.000
  8880, 576.425
  8940, 580.940
  9000, 559.898
  9060, 556.760
  9120, 546.244
  9180, 516.854
  9240, 531.863
  9300, 594.737
  9360, 510.925
  9420, 497.196
  9480, 484.607
  9540, 488.790
  9600, 531.840
  9660, 490.673
  9720, 479.793
  9780, 477.869
  9840, 490.986
  9900, 493.541
  9960, 482.349
 10020, 481.871
 10080, 487.698
 10140, 480.239
 10200, 472.374
 10260, 466.037
 10320, 460.589
 10380, 468.089
 10440, 440.463
 10500, 432.429
 10560, 459.959
 10620, 469.320
 10680, 435.346
 10740, 436.449
 10800, 422.767
 10860, 423.571
 10920, 431.742
 10980, 423.499
 11040, 420.978
 11100, 408.389
 11160, 409.233
 11220, 407.643
 11280, 417.929
 11340, 408.352
 11400, 429.517
 11460, 433.857
 11520, 415.227
 11580, 398.256
 11640, 411.259
 11700, 415.361
 11760, 423.689
 11820, 417.099
 11880, 403.760
 11940, 400.952
 12000, 395.650
 12060, 397.845
 12120, 389.244
 12180, 384.790
 12240, 397.244
 12300, 395.711
 12360, 398.165
 12420, 410.482
 12480, -9999.000
 12540, 389.363
 12600, 392.049
 12660, 410.680
 12720, 439.670
 12780, 453.349
 12840, 455.545
 12900, 458.044
 12960, 468.659
 13020, 463.625
 13080, 477.900
 13140, 504.077
 13200, 504.858
 13260, 493.827
 13320, 468.281
 13380, 458.586
 13440, 444.441
 13500, 446.942
 13560, 450.922
 13620, 447.783
 13680, 484.999
 13740, 516.900
 13800, 495.267
 13860, 493.325
 13920, 467.333
 13980, 474.146
 14040, 454.744
 14100, 461.519
 14160, 463.212
 14220, 459.545
 14280, 436.258
 14340, -9999.000
 14400, 412.524
 14460, 414.717
 14520, 395.047
 14580, 402.782
 14640, 394.973
 14700, 404.561
 14760, 419.924
 14820, 406.811
 14880, 382.560
 14940, 395.922
 15000, 379.357
 15060, 376.985
 15120, 381.337
 15180, 376.489
 15240, 373.901
 15300, 350.294
 15360, 359.940
 15420, 392.909
 15480, 392.635
 15540, 380.409
 15600, 374.285
 15660, 373.449
 15720, 365.115
 15780, 370.617
 15840, 370.414
 15900, 373.669
 15960, 382.849
 16020, 372.104
 16080, 371.373
 16140, 384.884
 16200, -9999.000
 16260, 380.855
 16320, 382.258
 16380, 366.219
 16440, 366.900
 16500, 358.977
 16560, 364.395
 16620, 356.075
 16680, 361.029
 16740, 362.685
 16800, 362.462
 16860, 348.766
 16920, 365.361
 16980, 360.799
 17040, 355.077
 17100, 349.910
 17160, 358.655
 17220, 346.865
 17280, 352.360
 17340, 354.492
 17400, 353.542
 17460, 360.101
 17520, 366.011
 17580, 360.753
 17640, 356.700
 17700, 365.804
 17760, 357.753
 17820, 369.368
 17880, 350.013
 17940, 362.227
 18000, 369.457
 18060, 342.819
 18120, 345.784
 18180, 342.383
 18240, 356.197
 18300, 355.464
 18360, 357.869
 18420, 352.470
 18480, 358.637
 18540, 354.799
 18600, 353.743
 18660, 350.328
 18720, 350.489
 18780, 347.443
 18840, 346.230
 18900, 350.278
 18960, 343.708
 19020, 350.159
 19080, 354.821
 19140, 343.273
 19200, 341.794
 19260, 356.158
 19320, 352.023
 19380, 350.755
 19440, 335.290
 19500, 343.946
 19560, 343.989
 19620, 342.452
 19680, 339.677
 19740, 329.166
 19800, 327.786
 19860, 322.592
 19920, 348.245
 19980, 329.221
 20040, 332.884
 20100, 332.535
 20160, 330.649
 20220, 333.247
 20280, 323.959
 20340, 324.389
 20400, 326.748
 20460, 324.086
 20520, 328.465
 20580, 338.116
 20640, 335.069
 20700, 339.564
 20760, 346.528
 20820, 343.490
 20880, 340.652
 20940, 342.460
 21000, 326.156
 21060, 329.604
 21120, 337.780
 21180, 338.438
 21240, 324.718
 21300, 326.989
 21360, 327.435
 21420, 314.196
 21480, 325.764
 21540, 326.505
 21600, 326.062
 21660, 326.776
 21720, 319.532
 21780, 322.269
 21840, 326.033
 21900, 313.642
 21960, 322.739
 22020, 307.227
 22080, 313.445
 22140, 307.446
 22200, 318.739
 22260, 317.621
 22320, 320.474
 22380, 314.638
 22440, 311.354
 22500, 325.504
 22560, 320.971
 22620, 323.397
 22680, 319.234
 22740, 317.073
 22800, 333.266
 22860, 330.884
 22920, 337.639
 22980, 314.515
 23040, 329.925
 23100, 330.088
 23160, 321.560
 23220, 322.571
 23280, 304.666
 23340, 312.117
 23400, 299.779
 23460, 304.390
 23520, 309.259
 23580, -9999.000
 23640, 305.224
 23700, 311.857
 23760, 305.166
 23820, 292.251
 23880, 297.241
 23940, 303.021
 24000, 304.621
 24060, 320.724
 24120, 348.887
 24180, 326.935
 24240, 312.995
 24300, 315.908
 24360, 305.411
 24420, 325.109
 24480, 319.732
 24540, 314.030
 24600, 307.396
 24660, 307.888
 24720, 301.603
 24780, 314.701
 24840, 319.893
 24900, 313.460
 24960, 323.816
 25020, 318.976
 25080, 318.810
 25140, 323.831
 25200, 328.162
 25260, 335.711
 25320, 334.183
 25380, 335.620
 25440, -9999.000
 25500, 324.075
 25560, 327.047
 25620, 314.617
 25680, 306.495
 25740, 316.672
 25800, 305.226
 25860, 305.734
 25920, 300.955
 25980, 295.649
 26040, 294.807
 26100, 296.041
 26160, 300.450
 26220, 306.525
 26280, 314.350
 26340, 310.849
 26400, 316.343
 26460, 319.293
 26520, 318.920
 26580, 319.250
 26640, 311.390
 26700, 309.210
 26760, 323.355
 26820, 317.097
 26880, 316.578
 26940, 321.364
 27000, 316.296
 27060, 309.951
 27120, 308.712
 27180, 310.149
 27240, 312.570
 27300, -9999.000
 27360, 313.737
 27420, 305.027
 27480, 314.311
 27540, 303.392
 27600, 310.450
 27660, 310.100
 27720, 308.891
 27780, 309.668
 27840, 307.129
 27900, 305.126
 27960, 302.853
 28020, 302.174
 28080, 306.568
 28140, 295.456
 28200, 299.851
 28260, 304.176
 28320, 296.382
 28380, 298.668
 28440, 299.753
 28500, 303.418
 28560, 304.245
 28620, 296.565
 28680, 294.815
 28740, 304.426
 28800, 298.598
 28860, 301.322
 28920, 298.053
 28980, 299.637
 29040, 304.671
 29100, 292.627
 29160, 302.477
 29220, 304.661
 29280, 312.368
 29340, 302.452
 29400, 306.691
 29460, 315.968
 29520, 305.118
 29580, 305.998
 29640, 306.705
 29700, 309.334
 29760, 308.599
 29820, 312.799
 29880, 316.163
 29940, 308.139
 30000, 312.755
 30060, 305.446
 30120, 309.159
 30180, 321.186
 30240, 315.623
 30300, 320.497
 30360, 321.306
 30420, 322.557
 30480, 312.464
 30540, 309.221
 30600, 320.173
 30660, 326.034
 30720, 316.169
 30780, 316.640
 30840, 314.533
 30900, 310.771
 30960, -9999.000
 31020, 321.210
 31080, 321.422
 31140, 319.200
 31200, 314.435
 31260, 316.647
 31320, 311.417
 31380, 316.254
 31440, 313.270
 31500, 312.641
 31560, 316.039
 31620, 312.073
 31680, 312.948
 31740, 314.166
 31800, 315.807
 31860, 310.010
 31920, 312.682
 31980, 318.321
 32040, 319.557
 32100, 317.289
 32160, 319.939
 32220, 307.486
 32280, 314.376
 32340, 313.108
 32400, 308.040
 32460, 311.185
 32520, 312.268
 32580, 308.843
 32640, 312.879
 32700, 316.294
 32760, 317.397
 32820, -9999.000
 32880, 311.433
 32940, 309.328
 33000, 307.859
 33060, 308.145
 33120, 302.534
 33180, 302.557
 33240, 308.653
 33300, 309.259
 33360, 302.721
 33420, 301.193
 33480, 309.066
 33540, 312.986
 33600, 308.715
 33660, 311.405
 33720, 309.337
 33780, 314.627
 33840, 314.199
 33900, 314.075
 33960, 320.460
 34020, 324.560
 34080, 319.294
 34140, 311.294
 34200, 311.687
 34260, 321.828
 34320, 316.093
 34380, 317.813
 34440, 320.394
 34500, 316.596
 34560, 314.353
 34620, 305.780
 34680, -9999.000
 34740, 309.474
 34800, 318.817
 34860, 313.583
 34920, 303.899
 34980, 296.128
 35040, 299.158
 35100, 304.875
 35160, 309.241
 35220, 297.463
 35280, 292.372
 35340, 296.525
 35400, 292.051
 35460, 300.213
 35520, 300.757
 35580, 301.738
 35640, 292.421
 35700, 285.415
 35760, 287.409
 35820, 292.266
 35880, 293.342
 35940, 295.494
 36000, 294.574
 36060, 291.078
 36120, 292.780
 36180, 296.554
 36240, 296.060
 36300, 297.707
 36360, 297.687
 36420, 302.484
 36480, 293.618
 36540, 300.645
 36600, 297.652
 36660, 299.857
 36720, 303.093
 36780, 295.531
 36840, 294.370
 36900, 293.060
 36960, 291.868
 37020, 285.643
 37080, 289.156
 37140, 297.764
 37200, 297.179
 37260, 296.755
 37320, 298.586
 37380, 302.928
 37440, 301.789
 37500, 293.110
 37560, 295.513
 37620, 299.132
 37680, 306.627
 37740, 302.304
 37800, 304.846
 37860, 304.379
 37920, 308.591
 37980, 318.007
 38040, 316.976
 38100, 323.214
 38160, 319.285
 38220, 315.546
 38280, 319.566
 38340, 311.504
 38400, 312.090
 38460, 314.394
 38520, 305.508
 38580, 309.593
 38640, 300.344
 38700, 299.830
 38760, 306.503
 38820, 306.743
 38880, 306.125
 38940, 316.340
 39000, 309.589
 39060, 307.923
 39120, 310.387
 39180, 302.135
 39240, 304.527
 39300, 304.647
 39360, 309.679
 39420, 303.264
 39480, 305.376
 39540, 301.830
 39600, 307.905
 39660, 306.421
 39720, 301.849
 39780, 305.889
 39840, 309.145
 39900, 302.845
 39960, 302.094
 40020, 299.349
 40080, 307.909
 40140, 308.243
 40200, 313.401
 40260, 304.835
 40320, 305.665
 40380, 294.573
 40440, 295.539
 40500, 296.927
 40560, 299.017
 40620, 301.601
 40680, 302.518
 40740, 295.902
 40800, 300.527
 40860, 302.809
 40920, 305.557
 40980, 302.111
 41040, 306.510
 41100, 307.944
 41160, 309.233
 41220, 306.484
 41280, 307.915
 41340, 310.667
 41400, 309.533
 41460, 306.563
 41520, 314.544
 41580, 313.180
 41640, 312.142
 41700, 302.465
 41760, 305.102
 41820, 306.461
 41880, 311.590
 41940, 305.355
 42000, 310.024
 42060, -9999.000
 42120, 303.421
 42180, 308.586
 42240, 311.931
 42300, 310.418
 42360, 305.583
 42420, 304.420
 42480, 304.650
 42540, 299.945
 42600, 303.723
 42660, 306.301
 42720, 311.346
 42780, 318.788
 42840, 321.201
 42900, 309.292
 42960, 315.445
 43020, 319.467
 43080, 327.975
 43140, 320.801
 43200, 322.398
 43260, 322.429
 43320, 322.288
 43380, 327.297
 43440, 330.425
 43500, 325.016
 43560, 325.848
 43620, 329.610
 43680, 328.428
 43740, 326.559
 43800, 324.378
 43860, 310.068
 43920, -9999.000
 43980, 306.736
 44040, 313.303
 44100, 318.001
 44160, 314.360
 44220, 312.732
 44280, 317.306
 44340, 316.484
 44400, 319.184
 44460, 317.176
 44520, 308.757
 44580, 309.709
 44640, 312.030
 44700, 315.170
 44760, 311.829
 44820, 310.514
 44880, 314.128
 44940, 314.792
 45000, 312.955
 45060, 305.463
 45120, 309.841
 45180, 308.184
 45240, 310.684
 45300, 311.559
 45360, 312.471
 45420, 309.559
 45480, 315.599
 45540, 314.858
 45600, 324.845
 45660, 321.029
 45720, 335.898
 45780, -9999.000
 45840, 456.605
 45900, 456.405
 45960, 490.887
 46020, 505.813
 46080, 531.139
 46140, 512.857
 46200, 532.712
 46260, 531.291
 46320, 494.247
 46380, 493.547
 46440, 524.227
 46500, 523.185
 46560, 509.383
 46620, 499.122
 46680, 520.360
 46740, 508.214
 46800, 548.019
 46860, 641.672
 46920, 645.363
 46980, 582.601
 47040, 563.907
 47100, 532.887
 47160, 509.728
 47220, 450.729
 47280, 418.027
 47340, 395.983
 47400, 386.108
 47460, 383.754
 47520, 368.595
 47580, 371.515
 47640, 354.138
 47700, 359.881
 47760, 354.269
 47820, 347.157
 47880, 342.731
 47940, 331.229
 48000, 334.504
 48060, 334.405
 48120, 322.615
 48180, 320.936
 48240, 331.838
 48300, 334.479
 48360, 339.763
 48420, 328.521
 48480, 327.507
 48540, 331.264
 48600, 329.461
 48660, 321.930
 48720, 324.945
 48780, 330.780
 48840, 338.706
 48900, 336.156
 48960, 341.291
 49020, 348.412
 49080, 363.334
 49140, 370.090
 49200, 399.007
 49260, 419.867
 49320, 428.705
 49380, 428.284
 49440, -9999.000
 49500, 393.910
 49560, 404.312
 49620, 412.336
 49680, 395.375
 49740, 397.316
 49800, 396.599
 49860, 385.119
 49920, 381.297
 49980, 373.318
 50040, 373.984
 50100, 409.597
 50160, 430.129
 50220, 457.116
 50280, 522.654
 50340, 538.504
 50400, 558.116
 50460, 564.389
 50520, 579.827
 50580, 560.859
 50640, 590.164
 50700, 617.187
 50760, 624.611
 50820, 628.643
 50880, 640.697
 50940, 661.302
 51000, 658.998
 51060, 656.783
 51120, 645.581
 51180, 651.564
 51240, 651.970
 51300, -9999.000
 51360, 674.258
 51420, 634.430
 51480, 629.179
 51540, 587.062
 51600, 549.592
 51660, 475.501
 51720, 473.376
 51780, 432.997
 51840, 433.292
 51900, 430.686
 51960, 422.773
 52020, 421.708
 52080, 433.830
 52140, 441.116
 52200, 449.235
 52260, 464.316
 52320, 469.793
 52380, 473.240
 52440, 462.753
 52500, 447.673
 52560, 449.607
 52620, 479.934
 52680, 470.354
 52740, 483.592
 52800, 483.113
 52860, 487.700
 52920, 474.536
 52980, 473.986
 53040, 501.608
 53100, 491.016
 53160, -9999.000
 53220, 490.500
 53280, 487.950
 53340, 506.135
 53400, 514.015
 53460, 517.777
 53520, 503.580
 53580, 514.455
 53640, 536.931
 53700, 518.385
 53760, 516.902
 53820, 484.911
 53880, 469.751
 53940, 473.092
 54000, 486.205
 54060, 439.932
 54120, 449.723
 54180, 454.123
 54240, 458.170
 54300, 432.919
 54360, 437.664
 54420, 449.119
 54480, 467.963
 54540, 455.056
 54600, 456.914
 54660, 457.376
 54720, 460.292
 54780, 474.530
 54840, 485.333
 54900, 512.330
 54960, 524.684
 55020, 535.783
 55080, 572.501
 55140, 589.639
 55200, 607.653
 55260, 592.785
 55320, 592.398
 55380, 601.469
 55440, 565.220
 55500, 599.676
 55560, 575.464
 55620, 643.684
 55680, -9999.000
 55740, -9999.000
 55800, -9999.000
 55860, -9999.000
 55920, -9999.000
 55980, -9999.000
 56040, -9999.000
 56100, -9999.000
 56160, -9999.000
 56220, -9999.000
 56280, -9999.000
 56340, -9999.000
 56400, -9999.000
 56460, -9999.000
 56520, -9999.000
 56580, -9999.000
 56640, -9999.000
 56700, 1128.960
 56760, 867.886
 56820, 794.608
 56880, 773.047
 56940, 763.308
 57000, 757.678
 57060, 783.091
 57120, 766.959
 57180, 776.342
 57240, 791.893
 57300, 761.319
 57360, 765.282
 57420, 749.978
 57480, 762.415
 57540, 751.702
 57600, 728.654
 57660, 721.423
 57720, 736.502
 57780, 701.867
 57840, 718.770
 57900, 729.150
 57960, 659.084
 58020, 622.523
 58080, 645.147
 58140, 676.315
 58200, 680.894
 58260, 677.400
 58320, 677.517
 58380, 646.864
 58440, 618.508
 58500, 624.122
 58560, -9999.000
 58620, 626.380
 58680, 611.791
 58740, 629.890
 58800, 650.001
 58860, 685.782
 58920, 701.066
 58980, 643.435
 59040, 635.217
 59100, 612.069
 59160, 635.828
 59220, 672.021
 59280, 644.791
 59340, 608.156
 59400, 613.851
 59460, 660.342
 59520, 687.879
 59580, 679.795
 59640, 678.894
