CampaignData_and_Merges/R0/CSL_MobileLab_Parked/raw/20240814/USOS-NOAAIodideCIMS-HNO2_MobileLabGround_20240814_RA.ict
33, 1001
Michael A Robinson, Chris Jernigan, Subi Thakali
NOAA ESRL Chemical Sciences Laboratory and CIRES, U. of Colorado
NOAA Iodide CIMS Instrument
USOS
1, 1
2024, 08, 14, 2024, 08, 15
1
starttime_UTC, seconds_past_midnight, seconds_of_day_since_00:00:00_UTC
1
1
-9999
HNO2_NOAACIMS, pptv, Gas_HNO2_InSitu_S_AVMR, 
0
18
PI_CONTACT_INFO: 325 Broadway, R/CSD 7, Boulder, Colorado 80305; michael.a.robinson@noaa.gov; chris.jernigan@noaa.gov;
PLATFORM: NOAA CSL Mobile Lab
LOCATION: SLC, Utah
ASSOCIATED_DATA: 1Hz data also available on request.
INSTRUMENT_INFO: NOAA I- ToF CIMS
DATA_INFO: All data in parts per trillion by volume (pptv). 1 Hz data is available upon request.
UNCERTAINTY: TBD
ULOD_FLAG: -7777
ULOD_VALUE: N/A
LLOD_FLAG: -8888
LLOD_VALUE: N/A
DM_CONTACT_INFO: Nathan Howard; nathan.h.howard@noaa.gov
PROJECT_INFO: USOS, summer 2024. https://csl.noaa.gov/groups/csl7/measurements/2024usos/
STIPULATIONS_ON_USE: Users are strongly encouraged to contact the PI for proper data usage.
OTHER_COMMENTS: 
REVISION: RA
RA: Preliminary Data; For in-field use only
starttime_UTC, HNO2_NOAACIMS
[from data line 1047]
 62820, 87.948
 62880, 99.891
 62940, 102.816
 63000, 116.667
 63060, 106.816
 63120, 114.309
 63180, 121.004
 63240, 114.368
 63300, 123.805
 63360, 133.075
 63420, 136.160
 63480, 111.321
 63540, 128.386
 63600, 110.202
 63660, 123.698
 63720, 117.102
 63780, 134.887
 63840, 104.956
 63900, 121.340
 63960, 125.084
 64020, 101.229
 64080, 110.957
 64140, 88.761
 64200, 91.924
 64260, 87.609
 64320, 98.733
 64380, 84.685
 64440, 101.054
 64500, 103.530
 64560, 91.586
 64620, 81.571
 64680, 89.780
 64740, 129.533
 64800, 123.801
 64860, 95.311
 64920, 91.243
 64980, 119.702
 65040, 115.860
 65100, 127.357
 65160, 111.342
 65220, 104.607
 65280, 104.248
 65340, 121.189
 65400, 93.584
 65460, 100.608
 65520, 100.330
 65580, 115.038
 65640, 102.791
 65700, 92.140
 65760, 78.563
 65820, 91.070
 65880, 79.977
 65940, 80.882
 66000, 104.583
 66060, 119.087
 66120, 105.904
 66180, 113.758
 66240, 99.891
 66300, 91.190
 66360, 86.801
 66420, 87.910
 66480, 90.040
 66540, 94.113
 66600, 80.019
 66660, 85.985
 66720, 89.810
 66780, 103.682
 66840, 89.538
 66900, 78.290
 66960, 71.146
 67020, 75.989
 67080, 73.946
 67140, 61.826
 67200, 59.209
 67260, 54.578
 67320, 56.977
 67380, 50.803
 67440, 49.172
 67500, 57.014
 67560, 67.683
 67620, 68.519
 67680, 55.913
 67740, 49.568
 67800, 45.103
 67860, 58.826
 67920, 50.618
 67980, 56.777
 68040, 69.372
 68100, 52.255
 68160, 51.512
 68220, 42.181
 68280, 42.590
 68340, 44.790
 68400, 40.094
 68460, 44.096
 68520, 50.636
 68580, 64.024
 68640, 75.666
 68700, 77.638
 68760, 80.750
 68820, 88.413
 68880, 88.116
 68940, 91.042
 69000, 91.587
 69060, 102.146
 69120, 109.210
 69180, 115.189
 69240, 118.591
 69300, 128.056
 69360, 127.976
 69420, 127.538
 69480, 101.663
 69540, 94.950
 69600, 92.394
 69660, -9999.000
 69720, 88.604
 69780, 85.620
 69840, 50.790
 69900, 52.744
 69960, 46.429
 70020, 42.679
 70080, 35.647
 70140, 34.853
 70200, 32.320
 70260, 59.032
 70320, 98.625
 70380, 165.900
 70440, 129.551
 70500, 64.547
 70560, 53.023
 70620, 75.740
 70680, 84.405
 70740, 77.768
 70800, 91.491
 70860, 86.647
 70920, 90.479
 70980, 118.561
 71040, 114.362
 71100, 110.922
 71160, 111.081
 71220, 131.535
 71280, 114.682
 71340, 119.190
 71400, 132.090
 71460, 136.068
 71520, -9999.000
 71580, 151.439
 71640, 159.560
 71700, 172.662
 71760, 166.293
 71820, 164.269
 71880, 150.962
 71940, 127.362
 72000, 118.971
 72060, 115.112
 72120, 119.517
 72180, 117.104
 72240, 117.656
 72300, 108.818
 72360, 131.486
 72420, 117.008
 72480, 125.654
 72540, 132.218
 72600, 132.692
 72660, 126.264
 72720, 127.871
 72780, 137.881
 72840, 142.502
 72900, 148.179
 72960, 132.917
 73020, 135.995
 73080, 158.182
 73140, 159.808
 73200, 156.837
 73260, 162.095
 73320, 179.911
 73380, -9999.000
 73440, 174.883
 73500, 160.357
 73560, 149.697
 73620, 166.023
 73680, 182.375
 73740, 172.956
 73800, 157.092
 73860, 169.181
 73920, 136.241
 73980, 131.276
 74040, 135.057
 74100, 134.489
 74160, 167.940
 74220, 137.356
 74280, 164.923
 74340, 146.503
 74400, 159.779
 74460, 123.528
 74520, 126.913
 74580, 130.574
 74640, 103.247
 74700, 146.562
 74760, 126.912
 74820, 113.471
 74880, 118.888
 74940, 102.583
 75000, 105.472
 75060, 97.186
 75120, 102.196
 75180, 123.257
 75240, 92.583
 75300, 92.253
 75360, 121.236
 75420, 104.729
 75480, 105.610
 75540, 121.157
 75600, 84.192
 75660, 96.129
 75720, 97.344
 75780, 92.716
 75840, 162.178
 75900, 80.441
 75960, 84.756
 76020, 132.952
 76080, 105.229
 76140, 111.184
 76200, 87.813
 76260, 93.897
 76320, 93.500
 76380, 73.965
 76440, 77.136
 76500, 83.167
 76560, 87.743
 76620, 93.840
 76680, 94.223
 76740, 105.805
 76800, 55.794
 76860, 89.864
 76920, 98.893
 76980, 69.975
 77040, -9999.000
 77100, 51.369
 77160, 59.665
 77220, 78.345
 77280, 94.734
 77340, 63.366
 77400, 65.346
 77460, 51.766
 77520, 44.131
 77580, 55.917
 77640, 49.889
 77700, 41.299
 77760, 40.465
 77820, 36.494
 77880, 36.641
 77940, 41.856
 78000, 40.399
 78060, 40.114
 78120, 34.361
 78180, 52.886
 78240, 43.060
 78300, 39.222
 78360, 38.534
 78420, 34.494
 78480, 33.725
 78540, 30.177
 78600, 35.694
 78660, 33.598
 78720, 36.782
 78780, 34.857
 78840, 27.754
 78900, 47.243
 78960, 39.431
 79020, 40.981
 79080, 49.892
 79140, 48.405
 79200, 42.077
 79260, 50.985
 79320, 35.506
 79380, 36.506
 79440, 34.563
 79500, 36.153
 79560, 42.622
 79620, 40.178
 79680, 38.650
 79740, 35.769
 79800, 34.434
 79860, 38.821
 79920, 37.770
 79980, 25.755
 80040, 35.485
 80100, 26.122
 80160, 26.074
 80220, 26.962
 80280, 21.177
 80340, 32.308
 80400, 24.306
 80460, 21.935
 80520, 23.998
 80580, 24.578
 80640, 32.131
 80700, 41.670
 80760, -9999.000
 80820, 25.691
 80880, 26.520
 80940, 29.052
 81000, 31.714
 81060, 27.846
 81120, 19.613
 81180, 15.130
 81240, 19.864
 81300, 19.761
 81360, 23.001
 81420, 20.620
 81480, 14.281
 81540, 23.090
 81600, 28.530
 81660, 21.209
 81720, 23.759
 81780, 27.919
 81840, 25.955
 81900, 20.457
 81960,  8.052
 82020, -9999.000
 82080, -9999.000
 82140, -9999.000
 82200, -9999.000
 82260, -9999.000
 82320, -9999.000
 82380, -9999.000
 82440, -9999.000
 82500, -9999.000
 82560, -9999.000
 82620, -9999.000
 82680, -9999.000
 82740, -9999.000
 82800, -9999.000
 82860, -9999.000
 82920, -9999.000
 82980, -9999.000
 83040, -9999.000
 83100, -9999.000
 83160, -9999.000
 83220, -9999.000
 83280, -9999.000
 83340, -9999.000
 83400, -9999.000
 83460, -9999.000
 83520, -9999.000
 83580, -9999.000
 83640, -9999.000
 83700, -9999.000
 83760, -9999.000
 83820, -9999.000
 83880, -9999.000
 83940, -9999.000
 84000, -9999.000
 84060, -9999.000
 84120, -9999.000
 84180, -9999.000
 84240, -9999.000
 84300, -9999.000
 84360, -9999.000
 84420, -9999.000
 84480, -9999.000
 84540, -9999.000
 84600, -9999.000
 84660, -9999.000
 84720, -9999.000
 84780, -9999.000
 84840, -9999.000
 84900, -9999.000
 84960, -9999.000
 85020, -9999.000
 85080, -9999.000
 85140, -9999.000
 85200, -9999.000
 85260, -9999.000
 85320, -9999.000
 85380, -9999.000
 85440, -9999.000
 85500, -9999.000
 85560, 12.852
 85620, 13.590
 85680, 15.197
 85740, 19.964
 85800, 18.399
 85860, 20.859
 85920, 23.435
 85980, 27.579
 86040, 23.665
 86100, 20.154
 86160, 25.467
 86220, 18.680
 86280, 24.042
 86340, 18.392
