CampaignData_and_Merges/R0/CSL_MobileLab_Parked/raw/20240814/USOS-jNO2_MobileLabGround_20240814_R0.ict
52,1001
Waxman, E.; Rollins, A.; Zuraski, K.; Chace, W.
NOAA Chemical Sciences Laboratory
jNO2 filter radiometer on CSL Mobile Lab
AMMBEC / USOS
1, 1
2024,08,14, 2025,04,01
60
Time_Start, seconds, number_of_seconds_since_0000_UTC
20
1, 1, 1, 1, 1, 1, 1, 1, 1, 1, 1, 1, 1, 1, 1, 1, 1, 1, 1, 1
-9999, -9999, -9999, -9999, -9999, -9999, -9999, -9999, -9999, -9999, -9999, -9999, -9999, -9999, -9999, -9999, -9999, -9999, -9999, -9999
Time_Stop, seconds, number_of_seconds_since_0000_UTC
jNO2_meas, per second, photolysis rate of NO2 measured using a filter radiometer.
jBrCl, per second, photolysis rate of BrCl -> Br + Cl calculated in TUV for cloud-free sky with local AOD
jBr2, per second, photolysis rate of Br2 -> Br + Br calculated in TUV for cloud-free sky with local AOD
jCCl4, per second, photolysis rate of CCl4 -> Products calcualted in TUV for cloud-free sky with local AOD
jCH2Oa, per second, photolysis rate of CH2O -> H + HCO calculated in TUV for cloud-free sky with local AOD
jCH2Ob, per second, photolysis rate of CH2O -> H2 + CO calculated in TUV for cloud-free sky with local AOD
jClNO2, per second, photolysis rate of ClNO2 -> Cl + NO2 calculated in TUV for cloud-free sky with local AOD
jClOa, per second, photolysis rate of ClO -> Cl + O(1D) calculated in TUV for cloud-free sky with local AOD
jClOb, per second, photolysis rate of ClO -> Cl + O(3P) calculated in TUV for cloud-free sky with local AOD
jCl2, per second, photolysis rate of Cl2 -> Cl + Cl calculated in TUV for cloud-free sky with local AOD
jHNO2, per second, photolysis rate of HNO2 -> OH + NO calculated in TUV for cloud-free sky with local AOD
jHNO3, per second, photolysis rate of HNO3 -> OH + NO2 calculated in TUV for cloud-free sky with local AOD
jI2, per second, photolysis rate of I2 -> I + I calculated in TUV for cloud-free sky with local AOD
jNO2, per second, photolysis rate of NO2 -> NO + O(3P) calculated in TUV for cloud-free sky with local AOD
jNO3a, per second, photolysis rate of NO3 -> NO + O2 calculated in TUV for cloud-free sky with local AOD
jNO3b, per second, photolysis rate of NO3 -> NO2 + O(3P) calculated in TUV for cloud-free sky with local AOD
jN2O5, per second, photolysis rate of N2O5 -> NO3 + NO + O(3P) calculated in TUV for cloud-free sky with local AOD
jO3, per second, photolysis rate of O3 -> O2 + O(1D) calculated in TUV for cloud-free sky with local AOD
AOD_500nm, unitless, UTC daily mean AOD at 500 nm from an AERONET station located at 40.178 N, -112.452 E
0
18
PI_CONTACT_INFO: eleanor.waxman@noaa.gov
PLATFORM: CSL Mobile Lab, at ground site
LOCATION: Salt Lake City, UT
ASSOCIATED_DATA:
INSTRUMENT_INFO: jNO2 filter radiometer.  TUV calculations are for mobile van lat/lon/altitude assuming clear sky (cloud AOD = 0) and daily mean AOD.
DATA_INFO:
UNCERTAINTY: Data uncertainties are +/- 20%.  These come from uncertainties in radiometer angular response, radiometer thermal response, local interferences from clouds/aerosols/shadows etc.
ULOD_FLAG: -7777
ULOD_VALUE: N/A
LLOD_FLAG: -8888
LLOD_VALUE: N/A
DM_CONTACT_INFO: eleanor.waxman@noaa.gov
PROJECT_INFO: USOS Project, July - August 2024
STIPULATIONS_ON_USE: Users are strongly encouraged to contact the PI for proper data usage.
OTHER_COMMENTS: 
REVISION: R0
R0: final data
Time_Start, Time_Stop, jNO2_meas, jBrCl, jBr2, jCCl4, jCH2Oa, jCH2Ob, jClNO2, jClOa, jClOb, jCl2, jHNO2, jHNO3, jI2, jNO2, jNO3a, jNO3b, jN2O5, jO3, AOD_500nm
[from data line 1155]
   69300,   69360,0.00055713,0.01031,0.03078,4.403e-22,3.233e-05,4.761e-05,0.0004684,2.119e-22,4.875e-05,0.00227,0.001473,5.901e-07,0.1083,0.008988,0.02075,0.1671,4.22e-05,3.21e-05,0.079
   69360,   69420,0.00055947,0.01031,0.03078,4.433e-22,3.233e-05,4.762e-05,0.0004685,2.134e-22,4.877e-05,0.00227,0.001473,5.903e-07,0.1083,0.008989,0.02075,0.1671,4.221e-05,3.211e-05,0.079
   69420,   69480,0.00057979,0.01031,0.03078,4.461e-22,3.234e-05,4.762e-05,0.0004685,2.147e-22,4.879e-05,0.002271,0.001474,5.904e-07,0.1083,0.00899,0.02075,0.1671,4.222e-05,3.213e-05,0.079
   69480,   69540,0.00060552,0.01031,0.03078,4.488e-22,3.235e-05,4.763e-05,0.0004686,2.16e-22,4.881e-05,0.002271,0.001474,5.906e-07,0.1083,0.00899,0.02075,0.1671,4.222e-05,3.214e-05,0.079
   69540,   69600,0.00063747,0.01031,0.03078,4.512e-22,3.235e-05,4.764e-05,0.0004686,2.173e-22,4.882e-05,0.002271,0.001474,5.907e-07,0.1083,0.008991,0.02075,0.1671,4.223e-05,3.215e-05,0.079
   69600,   69660,0.00068539,0.01031,0.03079,4.533e-22,3.236e-05,4.764e-05,0.0004687,2.183e-22,4.884e-05,0.002271,0.001474,5.908e-07,0.1083,0.008991,0.02075,0.1671,4.224e-05,3.216e-05,0.079
   69660,   69720,0.00073603,0.01031,0.03079,4.553e-22,3.236e-05,4.764e-05,0.0004687,2.192e-22,4.885e-05,0.002271,0.001474,5.909e-07,0.1083,0.008992,0.02075,0.1671,4.224e-05,3.217e-05,0.079
   69720,   69780,0.00081817,0.01031,0.03079,4.569e-22,3.236e-05,4.765e-05,0.0004688,2.2e-22,4.886e-05,0.002272,0.001474,5.91e-07,0.1083,0.008992,0.02075,0.1671,4.224e-05,3.218e-05,0.079
   69780,   69840,0.00091775,0.01031,0.03079,4.583e-22,3.237e-05,4.765e-05,0.0004688,2.207e-22,4.887e-05,0.002272,0.001474,5.911e-07,0.1083,0.008993,0.02075,0.1671,4.225e-05,3.218e-05,0.079
   69840,   69900,0.0010126,0.01031,0.03079,4.596e-22,3.237e-05,4.765e-05,0.0004688,2.213e-22,4.888e-05,0.002272,0.001474,5.912e-07,0.1083,0.008993,0.02075,0.1671,4.225e-05,3.219e-05,0.079
   69900,   69960,0.0010962,0.01031,0.03079,4.606e-22,3.237e-05,4.766e-05,0.0004689,2.218e-22,4.888e-05,0.002272,0.001474,5.912e-07,0.1083,0.008993,0.02075,0.1671,4.225e-05,3.219e-05,0.079
   69960,   70020,0.001209,0.01031,0.03079,4.613e-22,3.237e-05,4.766e-05,0.0004689,2.222e-22,4.889e-05,0.002272,0.001474,5.913e-07,0.1083,0.008993,0.02075,0.1671,4.225e-05,3.219e-05,0.079
   70020,   70080,0.0013891,0.01031,0.03079,4.619e-22,3.238e-05,4.766e-05,0.0004689,2.224e-22,4.889e-05,0.002272,0.001474,5.913e-07,0.1083,0.008994,0.02075,0.1671,4.226e-05,3.22e-05,0.079
   70080,   70140,0.0015975,0.01031,0.03079,4.619e-22,3.238e-05,4.766e-05,0.0004689,2.225e-22,4.889e-05,0.002272,0.001474,5.913e-07,0.1083,0.008994,0.02075,0.1671,4.226e-05,3.22e-05,0.079
   70140,   70200,0.0017958,0.01031,0.03079,4.62e-22,3.238e-05,4.766e-05,0.0004689,2.225e-22,4.889e-05,0.002272,0.001474,5.913e-07,0.1083,0.008994,0.02075,0.1671,4.226e-05,3.22e-05,0.079
   70200,   70260,0.0019357,0.01031,0.03079,4.617e-22,3.238e-05,4.766e-05,0.0004689,2.224e-22,4.889e-05,0.002272,0.001474,5.913e-07,0.1083,0.008993,0.02075,0.1671,4.226e-05,3.22e-05,0.079
   70260,   70320,0.0020672,0.01031,0.03079,4.612e-22,3.237e-05,4.766e-05,0.0004689,2.221e-22,4.889e-05,0.002272,0.001474,5.913e-07,0.1083,0.008993,0.02075,0.1671,4.225e-05,3.219e-05,0.079
   70320,   70380,0.0021862,0.01031,0.03079,4.605e-22,3.237e-05,4.766e-05,0.0004689,2.218e-22,4.888e-05,0.002272,0.001474,5.912e-07,0.1083,0.008993,0.02075,0.1671,4.225e-05,3.219e-05,0.079
   70380,   70440,0.0022941,0.01031,0.03079,4.593e-22,3.237e-05,4.765e-05,0.0004688,2.212e-22,4.887e-05,0.002272,0.001474,5.912e-07,0.1083,0.008993,0.02075,0.1671,4.225e-05,3.219e-05,0.079
   70440,   70500,0.0024222,0.01031,0.03079,4.581e-22,3.237e-05,4.765e-05,0.0004688,2.206e-22,4.887e-05,0.002272,0.001474,5.911e-07,0.1083,0.008993,0.02075,0.1671,4.225e-05,3.218e-05,0.079
   70500,   70560,0.0025812,0.01031,0.03079,4.567e-22,3.236e-05,4.765e-05,0.0004688,2.199e-22,4.886e-05,0.002272,0.001474,5.91e-07,0.1083,0.008992,0.02075,0.1671,4.224e-05,3.217e-05,0.079
   70560,   70620,0.0027939,0.01031,0.03079,4.55e-22,3.236e-05,4.764e-05,0.0004687,2.191e-22,4.885e-05,0.002271,0.001474,5.909e-07,0.1083,0.008992,0.02075,0.1671,4.224e-05,3.217e-05,0.079
   70620,   70680,0.0030559,0.01031,0.03079,4.53e-22,3.236e-05,4.764e-05,0.0004687,2.181e-22,4.883e-05,0.002271,0.001474,5.908e-07,0.1083,0.008991,0.02075,0.1671,4.223e-05,3.216e-05,0.079
   70680,   70740,0.0033084,0.01031,0.03078,4.509e-22,3.235e-05,4.763e-05,0.0004686,2.171e-22,4.882e-05,0.002271,0.001474,5.907e-07,0.1083,0.008991,0.02075,0.1671,4.223e-05,3.215e-05,0.079
   70740,   70800,0.0035297,0.01031,0.03078,4.483e-22,3.235e-05,4.763e-05,0.0004686,2.158e-22,4.88e-05,0.002271,0.001474,5.905e-07,0.1083,0.00899,0.02075,0.1671,4.222e-05,3.214e-05,0.079
   70800,   70860,0.0037979,0.01031,0.03078,4.456e-22,3.234e-05,4.762e-05,0.0004685,2.145e-22,4.879e-05,0.002271,0.001474,5.904e-07,0.1083,0.00899,0.02075,0.1671,4.222e-05,3.212e-05,0.079
   70860,   70920,0.0043904,0.01031,0.03078,4.428e-22,3.233e-05,4.762e-05,0.0004685,2.132e-22,4.877e-05,0.00227,0.001473,5.902e-07,0.1083,0.008989,0.02075,0.1671,4.221e-05,3.211e-05,0.079
   70920,   70980,0.0072289,0.01031,0.03078,4.397e-22,3.233e-05,4.761e-05,0.0004684,2.117e-22,4.875e-05,0.00227,0.001473,5.901e-07,0.1083,0.008988,0.02075,0.1671,4.22e-05,3.21e-05,0.079
   70980,   71040,0.007561,0.01031,0.03078,4.364e-22,3.232e-05,4.76e-05,0.0004683,2.1e-22,4.872e-05,0.00227,0.001473,5.899e-07,0.1083,0.008987,0.02075,0.1671,4.22e-05,3.208e-05,0.079
   71040,   71100,0.0078202,0.01031,0.03078,4.33e-22,3.231e-05,4.759e-05,0.0004682,2.084e-22,4.87e-05,0.00227,0.001473,5.897e-07,0.1083,0.008986,0.02075,0.1671,4.219e-05,3.207e-05,0.079
   71100,   71160,0.0078574,0.01031,0.03078,4.291e-22,3.23e-05,4.758e-05,0.0004681,2.065e-22,4.868e-05,0.002269,0.001473,5.894e-07,0.1083,0.008985,0.02075,0.1671,4.218e-05,3.205e-05,0.079
   71160,   71220,0.0058471,0.01031,0.03077,4.251e-22,3.229e-05,4.758e-05,0.0004681,2.046e-22,4.865e-05,0.002269,0.001473,5.892e-07,0.1083,0.008984,0.02075,0.1671,4.217e-05,3.203e-05,0.079
   71220,   71280,0.004956,0.0103,0.03077,4.212e-22,3.228e-05,4.757e-05,0.000468,2.026e-22,4.862e-05,0.002269,0.001472,5.89e-07,0.1083,0.008983,0.02075,0.1671,4.216e-05,3.201e-05,0.079
   71280,   71340,0.0052683,0.0103,0.03077,4.169e-22,3.227e-05,4.756e-05,0.0004679,2.005e-22,4.859e-05,0.002268,0.001472,5.887e-07,0.1083,0.008982,0.02074,0.1671,4.215e-05,3.199e-05,0.079
   71340,   71400,0.0063337,0.0103,0.03077,4.123e-22,3.226e-05,4.754e-05,0.0004678,1.983e-22,4.856e-05,0.002268,0.001472,5.884e-07,0.1083,0.008981,0.02074,0.167,4.214e-05,3.197e-05,0.079
   71400,   71460,0.0069473,0.0103,0.03077,4.077e-22,3.225e-05,4.753e-05,0.0004676,1.961e-22,4.853e-05,0.002267,0.001472,5.881e-07,0.1083,0.00898,0.02074,0.167,4.212e-05,3.195e-05,0.079
   71460,   71520,0.0076879,0.0103,0.03076,4.029e-22,3.224e-05,4.752e-05,0.0004675,1.937e-22,4.849e-05,0.002267,0.001471,5.878e-07,0.1083,0.008978,0.02074,0.167,4.211e-05,3.192e-05,0.079
   71520,   71580,0.0065574,0.0103,0.03076,3.978e-22,3.223e-05,4.751e-05,0.0004674,1.913e-22,4.845e-05,0.002266,0.001471,5.875e-07,0.1083,0.008977,0.02074,0.167,4.21e-05,3.19e-05,0.079
   71580,   71640,0.0074938,0.0103,0.03076,3.93e-22,3.222e-05,4.75e-05,0.0004673,1.889e-22,4.842e-05,0.002266,0.001471,5.872e-07,0.1083,0.008975,0.02074,0.167,4.208e-05,3.187e-05,0.079
   71640,   71700,0.0092359,0.0103,0.03076,3.876e-22,3.22e-05,4.748e-05,0.0004671,1.863e-22,4.838e-05,0.002265,0.001471,5.868e-07,0.1083,0.008974,0.02074,0.167,4.207e-05,3.185e-05,0.079
   71700,   71760,0.0088872,0.0103,0.03075,3.821e-22,3.219e-05,4.747e-05,0.000467,1.837e-22,4.834e-05,0.002265,0.00147,5.865e-07,0.1083,0.008972,0.02074,0.167,4.205e-05,3.182e-05,0.079
   71760,   71820,0.0079094,0.01029,0.03075,3.767e-22,3.218e-05,4.745e-05,0.0004669,1.81e-22,4.83e-05,0.002264,0.00147,5.861e-07,0.1083,0.008971,0.02074,0.167,4.204e-05,3.179e-05,0.079
   71820,   71880,0.0067197,0.01029,0.03075,3.71e-22,3.216e-05,4.744e-05,0.0004667,1.783e-22,4.825e-05,0.002264,0.00147,5.857e-07,0.1082,0.008969,0.02074,0.167,4.202e-05,3.176e-05,0.079
   71880,   71940,0.0059863,0.01029,0.03074,3.652e-22,3.214e-05,4.742e-05,0.0004665,1.754e-22,4.821e-05,0.002263,0.001469,5.853e-07,0.1082,0.008967,0.02074,0.167,4.201e-05,3.173e-05,0.079
   71940,   72000,0.0051059,0.01029,0.03074,3.596e-22,3.213e-05,4.74e-05,0.0004664,1.727e-22,4.816e-05,0.002263,0.001469,5.849e-07,0.1082,0.008965,0.02074,0.167,4.199e-05,3.169e-05,0.079
   72000,   72060,0.0050208,0.01029,0.03074,3.535e-22,3.211e-05,4.739e-05,0.0004662,1.698e-22,4.811e-05,0.002262,0.001469,5.845e-07,0.1082,0.008963,0.02073,0.167,4.197e-05,3.166e-05,0.079
   72060,   72120,0.0053358,0.01029,0.03074,3.473e-22,3.21e-05,4.737e-05,0.000466,1.667e-22,4.806e-05,0.002261,0.001468,5.84e-07,0.1082,0.008961,0.02073,0.1669,4.195e-05,3.163e-05,0.079
   72120,   72180,0.0056041,0.01029,0.03073,3.414e-22,3.208e-05,4.735e-05,0.0004659,1.639e-22,4.801e-05,0.002261,0.001468,5.836e-07,0.1082,0.008959,0.02073,0.1669,4.193e-05,3.159e-05,0.079
   72180,   72240,0.0050907,0.01028,0.03073,3.352e-22,3.206e-05,4.733e-05,0.0004657,1.608e-22,4.796e-05,0.00226,0.001468,5.831e-07,0.1082,0.008957,0.02073,0.1669,4.191e-05,3.155e-05,0.079
   72240,   72300,0.0044509,0.01028,0.03072,3.288e-22,3.204e-05,4.731e-05,0.0004655,1.577e-22,4.79e-05,0.002259,0.001467,5.826e-07,0.1082,0.008955,0.02073,0.1669,4.189e-05,3.152e-05,0.079
   72300,   72360,0.0042054,0.01028,0.03072,3.228e-22,3.202e-05,4.729e-05,0.0004653,1.548e-22,4.785e-05,0.002259,0.001467,5.821e-07,0.1082,0.008953,0.02073,0.1669,4.187e-05,3.148e-05,0.079
   72360,   72420,0.0041169,0.01028,0.03072,3.163e-22,3.2e-05,4.727e-05,0.0004651,1.517e-22,4.779e-05,0.002258,0.001466,5.816e-07,0.1082,0.008951,0.02073,0.1669,4.185e-05,3.144e-05,0.079
   72420,   72480,0.0041289,0.01028,0.03071,3.097e-22,3.198e-05,4.725e-05,0.0004649,1.485e-22,4.773e-05,0.002257,0.001466,5.811e-07,0.1082,0.008948,0.02073,0.1669,4.183e-05,3.14e-05,0.079
   72480,   72540,0.0042438,0.01027,0.03071,3.035e-22,3.196e-05,4.723e-05,0.0004647,1.455e-22,4.767e-05,0.002256,0.001466,5.806e-07,0.1082,0.008946,0.02072,0.1669,4.181e-05,3.136e-05,0.079
   72540,   72600,0.0043915,0.01027,0.0307,2.97e-22,3.194e-05,4.721e-05,0.0004645,1.423e-22,4.761e-05,0.002255,0.001465,5.8e-07,0.1081,0.008944,0.02072,0.1668,4.179e-05,3.131e-05,0.079
   72600,   72660,0.004568,0.01027,0.0307,2.904e-22,3.192e-05,4.719e-05,0.0004642,1.391e-22,4.754e-05,0.002255,0.001465,5.795e-07,0.1081,0.008941,0.02072,0.1668,4.176e-05,3.127e-05,0.079
   72660,   72720,0.0047516,0.01027,0.0307,2.842e-22,3.19e-05,4.716e-05,0.000464,1.361e-22,4.748e-05,0.002254,0.001464,5.789e-07,0.1081,0.008938,0.02072,0.1668,4.174e-05,3.123e-05,0.079
   72720,   72780,0.0049611,0.01027,0.03069,2.776e-22,3.187e-05,4.714e-05,0.0004638,1.329e-22,4.741e-05,0.002253,0.001464,5.783e-07,0.1081,0.008936,0.02072,0.1668,4.171e-05,3.118e-05,0.079
   72780,   72840,0.005154,0.01026,0.03069,2.709e-22,3.185e-05,4.712e-05,0.0004635,1.297e-22,4.734e-05,0.002252,0.001463,5.777e-07,0.1081,0.008933,0.02072,0.1668,4.169e-05,3.113e-05,0.079
   72840,   72900,0.0054027,0.01026,0.03068,2.647e-22,3.183e-05,4.709e-05,0.0004633,1.267e-22,4.727e-05,0.002251,0.001463,5.771e-07,0.1081,0.00893,0.02071,0.1668,4.166e-05,3.109e-05,0.079
   72900,   72960,0.0058558,0.01026,0.03068,2.582e-22,3.18e-05,4.707e-05,0.0004631,1.235e-22,4.72e-05,0.00225,0.001462,5.765e-07,0.1081,0.008927,0.02071,0.1668,4.164e-05,3.104e-05,0.079
   72960,   73020,0.0067415,0.01026,0.03067,2.516e-22,3.178e-05,4.704e-05,0.0004628,1.203e-22,4.713e-05,0.002249,0.001462,5.758e-07,0.1081,0.008924,0.02071,0.1667,4.161e-05,3.098e-05,0.079
   73020,   73080,0.0096652,0.01025,0.03067,2.455e-22,3.175e-05,4.701e-05,0.0004625,1.174e-22,4.706e-05,0.002248,0.001461,5.752e-07,0.1081,0.008922,0.02071,0.1667,4.158e-05,3.094e-05,0.079
   73080,   73140,0.010211,0.01025,0.03066,2.389e-22,3.173e-05,4.699e-05,0.0004623,1.142e-22,4.698e-05,0.002247,0.001461,5.745e-07,0.108,0.008918,0.02071,0.1667,4.155e-05,3.088e-05,0.079
   73140,   73200,0.0099543,0.01025,0.03066,2.325e-22,3.17e-05,4.696e-05,0.000462,1.111e-22,4.69e-05,0.002246,0.00146,5.738e-07,0.108,0.008915,0.02071,0.1667,4.152e-05,3.083e-05,0.079
   73200,   73260,0.0096457,0.01025,0.03065,2.265e-22,3.167e-05,4.693e-05,0.0004617,1.082e-22,4.682e-05,0.002245,0.001459,5.731e-07,0.108,0.008912,0.0207,0.1667,4.15e-05,3.078e-05,0.079
   73260,   73320,0.0094861,0.01024,0.03065,2.202e-22,3.165e-05,4.69e-05,0.0004614,1.051e-22,4.674e-05,0.002244,0.001459,5.724e-07,0.108,0.008909,0.0207,0.1666,4.146e-05,3.072e-05,0.079
   73320,   73380,0.0094038,0.01024,0.03064,2.139e-22,3.162e-05,4.687e-05,0.0004612,1.021e-22,4.666e-05,0.002243,0.001458,5.717e-07,0.108,0.008906,0.0207,0.1666,4.143e-05,3.066e-05,0.079
   73380,   73440,0.0093857,0.01024,0.03063,2.081e-22,3.159e-05,4.684e-05,0.0004609,9.925e-23,4.658e-05,0.002242,0.001458,5.71e-07,0.108,0.008902,0.0207,0.1666,4.14e-05,3.061e-05,0.079
   73440,   73500,0.0093554,0.01024,0.03063,2.019e-22,3.156e-05,4.681e-05,0.0004606,9.625e-23,4.649e-05,0.002241,0.001457,5.702e-07,0.108,0.008899,0.0207,0.1666,4.137e-05,3.055e-05,0.079
   73500,   73560,0.0092932,0.01023,0.03062,1.958e-22,3.153e-05,4.678e-05,0.0004602,9.332e-23,4.641e-05,0.00224,0.001456,5.694e-07,0.1079,0.008895,0.02069,0.1666,4.134e-05,3.049e-05,0.079
   73560,   73620,0.0091595,0.01023,0.03062,1.902e-22,3.15e-05,4.675e-05,0.00046,9.06e-23,4.632e-05,0.002238,0.001456,5.687e-07,0.1079,0.008892,0.02069,0.1665,4.131e-05,3.043e-05,0.079
   73620,   73680,0.0089656,0.01023,0.03061,1.843e-22,3.147e-05,4.672e-05,0.0004596,8.775e-23,4.623e-05,0.002237,0.001455,5.679e-07,0.1079,0.008888,0.02069,0.1665,4.127e-05,3.037e-05,0.079
   73680,   73740,0.0090691,0.01022,0.0306,1.785e-22,3.144e-05,4.668e-05,0.0004593,8.495e-23,4.614e-05,0.002236,0.001454,5.67e-07,0.1079,0.008884,0.02069,0.1665,4.124e-05,3.031e-05,0.079
   73740,   73800,0.009077,0.01022,0.0306,1.731e-22,3.141e-05,4.665e-05,0.000459,8.235e-23,4.605e-05,0.002235,0.001454,5.663e-07,0.1079,0.008881,0.02069,0.1665,4.12e-05,3.025e-05,0.079
   73800,   73860,0.0090932,0.01022,0.03059,1.674e-22,3.137e-05,4.662e-05,0.0004586,7.96e-23,4.596e-05,0.002233,0.001453,5.654e-07,0.1079,0.008877,0.02068,0.1665,4.117e-05,3.018e-05,0.079
   73860,   73920,0.0090661,0.01021,0.03058,1.619e-22,3.134e-05,4.658e-05,0.0004583,7.693e-23,4.586e-05,0.002232,0.001452,5.646e-07,0.1079,0.008873,0.02068,0.1664,4.113e-05,3.011e-05,0.079
   73920,   73980,0.0089976,0.01021,0.03058,1.568e-22,3.131e-05,4.655e-05,0.000458,7.447e-23,4.577e-05,0.002231,0.001452,5.637e-07,0.1078,0.008869,0.02068,0.1664,4.11e-05,3.005e-05,0.079
   73980,   74040,0.0088996,0.01021,0.03057,1.515e-22,3.127e-05,4.651e-05,0.0004576,7.19e-23,4.567e-05,0.00223,0.001451,5.628e-07,0.1078,0.008865,0.02068,0.1664,4.106e-05,2.998e-05,0.079
   74040,   74100,0.0088768,0.0102,0.03056,1.463e-22,3.124e-05,4.647e-05,0.0004572,6.938e-23,4.557e-05,0.002228,0.00145,5.62e-07,0.1078,0.00886,0.02067,0.1664,4.102e-05,2.991e-05,0.079
   74100,   74160,0.0088283,0.0102,0.03056,1.414e-22,3.12e-05,4.644e-05,0.0004569,6.703e-23,4.547e-05,0.002227,0.001449,5.611e-07,0.1078,0.008856,0.02067,0.1663,4.098e-05,2.985e-05,0.079
   74160,   74220,0.0087913,0.0102,0.03055,1.364e-22,3.117e-05,4.64e-05,0.0004565,6.461e-23,4.537e-05,0.002225,0.001448,5.602e-07,0.1078,0.008852,0.02067,0.1663,4.094e-05,2.978e-05,0.079
   74220,   74280,0.0087683,0.01019,0.03054,1.315e-22,3.113e-05,4.636e-05,0.0004561,6.225e-23,4.526e-05,0.002224,0.001448,5.592e-07,0.1077,0.008848,0.02067,0.1663,4.09e-05,2.971e-05,0.079
   74280,   74340,0.0087544,0.01019,0.03053,1.27e-22,3.109e-05,4.632e-05,0.0004558,6.008e-23,4.516e-05,0.002223,0.001447,5.583e-07,0.1077,0.008843,0.02066,0.1663,4.087e-05,2.964e-05,0.079
