CampaignData_and_Merges/R0/CSL_MobileLab_Parked/raw/20240814/USOS-NOy-LIF_MobileLabGround_20240814_R0.ict
39,1001
Rollins, A.; Waxman, E.; Zuraski, K.; Chace, W.
NOAA Chemical Sciences Laboratory
LIF NO/NOx/NOy on CSL Mobile Lab
AMMBEC / USOS
1, 1
2024,08,14, 2025,01,06
1
Time_Start, seconds, number_of_seconds_since_0000_UTC
7
1, 1, 1, 1, 1, 1, 1
-9999, -9999, -9999, -9999, -9999, -9999, -9999
Time_Stop, seconds, number_of_seconds_since_0000_UTC
NO_LIF, pptv, Gas_NO_InSitu_S_AVMR, volume mixing ratio of nitric oxide in air
NO2_LIF, pptv, Gas_NO2_InSitu_S_AVMR, volume mixing ratio of nitrogen dioxide in air
NOy_LIF, pptv, Gas_NOy_InSitu_S_AVMR, volume mixing ratio of total oxidized nitrogen in air
NO_LIF_1SigmaAccuracy, pptv, Gas_NO_InSitu_S_AVMR, volume mixing ratio of nitric oxide in air
NO2_LIF_1SigmaAccuracy, pptv, Gas_NO2_InSitu_S_AVMR, volume mixing ratio of nitrogen dioxide in air
NOy_LIF_1SigmaAccuracy, pptv, Gas_NOy_InSitu_S_AVMR, volume mixing ratio of total oxidized nitrogen in air
0
18
PI_CONTACT_INFO: andrew.rollins@noaa.gov
PLATFORM: CSL Mobile Lab
LOCATION: Salt Lake City, UT
ASSOCIATED_DATA:
INSTRUMENT_INFO: NO detection by laser induced fluorescence. NO2 detection by photolytic conversion to NO. NOy detection by catalytic conversion to NO on gold surface
DATA_INFO:
UNCERTAINTY: Included 1 Sigma Accuracy waves represent the combined calibration uncertainties (±6%, ±9%, ±10%) and zero uncertainties (3 ppt, 20 ppt, 100 ppt) for NO, NO2, and NOy, respectively.
ULOD_FLAG: -7777
ULOD_VALUE: N/A
LLOD_FLAG: -8888
LLOD_VALUE: N/A
DM_CONTACT_INFO: andrew.rollins@noaa.gov
PROJECT_INFO: USOS Project, July - August 2024
STIPULATIONS_ON_USE: Users are strongly encouraged to contact the PI for proper data usage.
OTHER_COMMENTS:
REVISION: R0
R0: final data
Time_Start, Time_Stop, NO_LIF, NO2_LIF, NOy_LIF, NO_LIF_1SigmaAccuracy, NO2_LIF_1SigmaAccuracy, NOy_LIF_1SigmaAccuracy
       0,      60,83.403,1546.5,2210,8.0042, 159.18, 321
      60,     120,70.988,1593.3,2136.7,7.2593, 163.4, 313.67
     120,     180,634.37,2465.6,3709.3,41.062, 241.9, 470.93
     180,     240,336.6,2153.2,3358.1,23.196, 213.79, 435.81
     240,     300,161.41,1982.3,2806,12.685, 198.41, 380.6
     300,     360,418.05,2613.3,3281,28.083, 255.2, 428.1
     360,     420,244.1,2446.6,3203.7,17.646, 240.2, 420.37
     420,     480,1851.6,2704.4,5750.2,114.1, 263.4, 675.02
     480,     540,1283.5,2498.7,4649.5,80.009, 244.88, 564.95
     540,     600,430.74,1657.9,2640.6,28.845, 169.21, 364.06
     600,     660,268.41,1457.4,2220.7,19.105, 151.17, 322.07
     660,     720,515.68,1969.7,2784.1,33.941, 197.28, 378.41
     720,     780,570.04,1835.8,2796.5,37.202, 185.22, 379.65
     780,     840,266.58,1460,2179.9,18.995, 151.4, 317.99
     840,     900,270.75,1581.7,2043.7,19.245, 162.35, 304.37
     900,     960,696.17,2310.9,3311.2,44.77, 227.98, 431.12
     960,    1020,388.72,2084,2743.3,26.323, 207.56, 374.33
    1020,    1080,679.59,2583.6,3862.1,43.775, 252.52, 486.21
    1080,    1140,410.17,2147.6,2836.8,27.61, 213.28, 383.68
    1140,    1200,1372.3,3205.6,5130,85.336, 308.5, 613
    1200,    1260,336.84,2052,3100,23.211, 204.68, 410
    1260,    1320,814.09,2749.3,4027.7,51.845, 267.44, 502.77
    1320,    1380,177.41,2303.7,3041.6,13.645, 227.33, 404.16
    1380,    1440,484.39,2527.8,2986,32.063, 247.51, 398.6
    1440,    1500,483.39,2946.8,3635.3,32.003, 285.21, 463.53
    1500,    1560,4096.4,6208,10235,248.79, 578.72, 1123.5
    1560,    1620,632.59,3669.2,8105.6,40.956, 350.23, 910.56
    1620,    1680,334.3,2690.2,3632.6,23.058, 262.11, 463.26
    1680,    1740,212.52,2349,3137.2,15.751, 231.41, 413.72
    1740,    1800,156.96,1789.5,2365,12.418, 181.05, 336.5
    1800,    1860,163.96,1621.4,2056.4,12.838, 165.93, 305.64
    1860,    1920,317.69,1925.2,2637.8,22.061, 193.27, 363.78
    1920,    1980,195.03,1459.6,2016.9,14.702, 151.37, 301.69
    1980,    2040,134.24,1255.5,1850.3,11.054, 133, 285.03
    2040,    2100,526.49,1547.7,2269.9,34.589, 159.29, 326.99
    2100,    2160,189.03,1380,2057.8,14.342, 144.2, 305.78
    2160,    2220,81.81,1040.1,1482,7.9086, 113.61, 248.2
    2220,    2280,187.15,1050,1568,14.229, 114.5, 256.8
    2280,    2340,285.7,1325.8,2049.7,20.142, 139.32, 304.97
    2340,    2400,228.5,1268.5,1874,16.71, 134.17, 287.4
    2400,    2460,167.01,1370,2176.9,13.02, 143.3, 317.69
    2460,    2520,689.59,1460.5,2221.1,44.375, 151.44, 322.11
    2520,    2580,227.94,1273.5,2290.2,16.676, 134.61, 329.02
    2580,    2640,149.49,1170.7,1623.6,11.969, 125.36, 262.36
    2640,    2700,430.88,1670.9,2545.6,28.853, 170.38, 354.56
    2700,    2760,568.57,1571.8,2544.7,37.114, 161.46, 354.47
    2760,    2820,145.7,1153.7,1711.8,11.742, 123.84, 271.18
    2820,    2880,127.62,1112.8,1713.4,10.657, 120.15, 271.34
    2880,    2940,205.29,1203,1767,15.317, 128.27, 276.7
    2940,    3000,441.86,1610,2698.2,29.511, 164.9, 369.82
    3000,    3060,362.03,1287.1,2022.6,24.722, 135.84, 302.26
    3060,    3120,76.703,1074.4,1554.8,7.6022, 116.7, 255.48
    3120,    3180,440.58,1306.3,2070.8,29.435, 137.57, 307.08
    3180,    3240,323.62,1270.7,2113.2,22.417, 134.36, 311.32
    3240,    3300,434.73,1465.3,2369.7,29.084, 151.87, 336.97
    3300,    3360,105.46,1245.6,1690.3,9.3276, 132.11, 269.03
    3360,    3420,238.97,1474.9,2116.3,17.338, 152.74, 311.63
    3420,    3480,105.63,1097.1,1628.9,9.3381, 118.74, 262.89
    3480,    3540,258.61,1235.1,1863.7,18.517, 131.16, 286.37
    3540,    3600,94.619,989.9,1460.5,8.6772, 109.09, 246.05
    3600,    3660,197.38,1070.6,1706.2,14.843, 116.35, 270.62
    3660,    3720,292.32,1248.7,1703.1,20.539, 132.38, 270.31
    3720,    3780,-9999,-9999,-9999,-9999, -9999, -9999
    3780,    3840,-9999,-9999,-9999,-9999, -9999, -9999
    3840,    3900,-9999,-9999,-9999,-9999, -9999, -9999
    3900,    3960,-9999,-9999,-9999,-9999, -9999, -9999
    3960,    4020,-9999,-9999,-9999,-9999, -9999, -9999
    4020,    4080,-9999,-9999,-9999,-9999, -9999, -9999
    4080,    4140,-9999,-9999,-9999,-9999, -9999, -9999
    4140,    4200,105.5,1116.2,1525,9.3301, 120.46, 252.5
    4200,    4260,188.39,1271.6,1810.7,14.303, 134.44, 281.07
    4260,    4320,146.66,1146,1574,11.8, 123.14, 257.4
    4320,    4380,310.54,1302.8,2181.8,21.633, 137.25, 318.18
    4380,    4440,359.42,1313.9,1832.1,24.565, 138.25, 283.21
    4440,    4500,410.81,1693.9,2519.4,27.649, 172.45, 351.94
    4500,    4560,105.71,1384,1783.3,9.3427, 144.56, 278.33
    4560,    4620,93.757,1383.7,1836.3,8.6254, 144.53, 283.63
    4620,    4680,172.15,1552.8,1974.7,13.329, 159.75, 297.47
    4680,    4740,212.1,1764.4,2308.4,15.726, 178.8, 330.84
    4740,    4800,1319.4,2576.3,3937.5,82.164, 251.86, 493.75
    4800,    4860,1447.3,2630.6,3619.3,89.836, 256.75, 461.93
    4860,    4920,541.35,2039.8,4096.6,35.481, 203.58, 509.66
    4920,    4980,88.088,1370.4,1808.5,8.2853, 143.33, 280.85
    4980,    5040,859.44,2141.5,3163.1,54.566, 212.74, 416.31
    5040,    5100,238.03,1453.3,2115.1,17.282, 150.79, 311.51
    5100,    5160,138.75,1526.8,2030,11.325, 157.41, 303
    5160,    5220,1069.2,2316.2,3054.7,67.153, 228.46, 405.47
    5220,    5280,2533.7,4512.3,9531.1,155.02, 426.1, 1053.1
    5280,    5340,233.16,2220.5,3776,16.99, 219.85, 477.6
    5340,    5400,793.41,2212.1,3421.5,50.605, 219.09, 442.15
    5400,    5460,826.62,2658.7,4288.1,52.597, 259.28, 528.81
    5460,    5520,433.32,1904.4,2784.5,28.999, 191.4, 378.45
    5520,    5580,374.51,2082.9,2853.5,25.471, 207.46, 385.35
    5580,    5640,543.4,2328.3,3204.6,35.604, 229.55, 420.46
    5640,    5700,316.34,2061.6,2861.3,21.981, 205.55, 386.13
    5700,    5760,1793,2967.4,4634.7,110.58, 287.06, 563.47
    5760,    5820,516.95,2108.5,4142.9,34.017, 209.77, 514.29
    5820,    5880,1100.1,2065.7,3594,69.005, 205.91, 459.4
    5880,    5940,307.09,1593.7,2361.9,21.426, 163.43, 336.19
    5940,    6000,102.98,1101.9,1590.2,9.1789, 119.17, 259.02
    6000,    6060,234.8,1361.6,1831.8,17.088, 142.54, 283.18
    6060,    6120,120.42,1257.5,1745.5,10.225, 133.17, 274.55
    6120,    6180,424.54,1287.2,2061.2,28.473, 135.85, 306.12
    6180,    6240,81.336,1037.6,1523.8,7.8802, 113.38, 252.38
    6240,    6300,141.16,1094.6,1481.7,11.47, 118.51, 248.17
    6300,    6360,103.52,1155.9,1736.1,9.2111, 124.03, 273.61
    6360,    6420,51.341,1052.3,1529.4,6.0805, 114.7, 252.94
    6420,    6480,50.379,1070.8,1470.9,6.0227, 116.37, 247.09
    6480,    6540,450.01,1513.1,1741.5,30, 156.18, 274.15
    6540,    6600,552.54,1986.1,3100.7,36.152, 198.75, 410.07
    6600,    6660,430.7,1654.7,2260.3,28.842, 168.92, 326.03
    6660,    6720,104.95,1245.5,1699.6,9.2969, 132.1, 269.96
    6720,    6780,160.44,1206.9,1657.7,12.627, 128.62, 265.77
    6780,    6840,335.81,1485.7,2069.8,23.148, 153.71, 306.98
    6840,    6900,220.88,1331.9,2061.3,16.253, 139.87, 306.13
    6900,    6960,207.78,1334.9,1962.3,15.467, 140.14, 296.23
    6960,    7020,174.87,1246.4,1765,13.492, 132.17, 276.5
    7020,    7080,215.6,1354.1,2003.4,15.936, 141.87, 300.34
    7080,    7140,142.99,1255.5,1704.3,11.579, 132.99, 270.43
    7140,    7200,201.01,1374.7,1924.8,15.06, 143.73, 292.48
    7200,    7260,145.47,1232.9,1775.6,11.728, 130.96, 277.56
    7260,    7320,80.5,1134.5,1587.3,7.83, 122.1, 258.73
    7320,    7380,98.226,1131.8,1584,8.8936, 121.86, 258.4
    7380,    7440,104.64,1157.1,1777.3,9.2781, 124.14, 277.73
    7440,    7500,96.178,1125.3,1576.8,8.7707, 121.28, 257.68
    7500,    7560,94.226,1179,1592.9,8.6535, 126.11, 259.29
    7560,    7620,257.87,1543.3,2202.3,18.472, 158.89, 320.23
    7620,    7680,605.9,1570.6,2757.4,39.354, 161.35, 375.74
    7680,    7740,357.21,1750.8,3167.5,24.433, 177.57, 416.75
    7740,    7800,92.759,1669.9,2062.9,8.5655, 170.29, 306.29
    7800,    7860,38.154,1976.1,2296.3,5.2893, 197.85, 329.63
    7860,    7920,160.54,3172.5,3885.5,12.633, 305.52, 488.55
    7920,    7980,136.7,3228.7,3777.9,11.202, 310.58, 477.79
    7980,    8040,113.85,3265.6,3869.3,9.8309, 313.91, 486.93
    8040,    8100,48.969,3140.2,3653.6,5.9381, 302.62, 465.36
    8100,    8160,48.244,2990.8,3560.7,5.8947, 289.17, 456.07
    8160,    8220,92.216,2505.5,3110.5,8.533, 245.5, 411.05
    8220,    8280,92.943,2403.5,3070,8.5766, 236.32, 407
    8280,    8340,98.123,2547.4,3151.8,8.8874, 249.26, 415.18
    8340,    8400,232.24,2153.8,2535.4,16.934, 213.84, 353.54
    8400,    8460,115.01,2047.7,2890.2,9.9007, 204.29, 389.02
    8460,    8520,111.9,2145,2657.4,9.7141, 213.05, 365.74
    8520,    8580,313.55,2750.8,3100.3,21.813, 267.57, 410.03
    8580,    8640,398.42,2649.7,3939.1,26.905, 258.48, 493.91
    8640,    8700,111.92,1641.2,2143.4,9.7151, 167.7, 314.34
    8700,    8760,659.88,2072.5,3349.4,42.593, 206.52, 434.94
    8760,    8820,898.33,2256.3,4328.1,56.9, 223.06, 532.81
    8820,    8880,1083.2,2815.3,4335.1,67.99, 273.37, 533.51
    8880,    8940,584.22,2364.6,4682.3,38.053, 232.82, 568.23
    8940,    9000,154.05,1443.4,2011.7,12.243, 149.91, 301.17
    9000,    9060,285.7,1719.5,2416.3,20.142, 174.76, 341.63
    9060,    9120,178.07,1312.1,1825.2,13.684, 138.09, 282.52
    9120,    9180,83.138,1218,1882.5,7.9883, 129.62, 288.25
    9180,    9240,371.73,1509.7,2218.5,25.304, 155.87, 321.85
    9240,    9300,114.35,1244.9,1888.9,9.8611, 132.04, 288.89
    9300,    9360,85.153,1145.4,1657.9,8.1092, 123.09, 265.79
    9360,    9420,141.52,1121.3,1513.2,11.491, 120.92, 251.32
    9420,    9480,220.07,1306,2129.4,16.204, 137.54, 312.94
    9480,    9540,579.38,1695.5,2617.5,37.763, 172.6, 361.75
    9540,    9600,134.17,1675.3,2393.9,11.05, 170.78, 339.39
    9600,    9660,177.58,1967.4,2603.6,13.655, 197.06, 360.36
    9660,    9720,82.899,1673.7,2360.3,7.9739, 170.63, 336.03
    9720,    9780,49.639,1223.4,1798.4,5.9783, 130.1, 279.84
    9780,    9840,339.67,1745.2,2272,23.38, 177.07, 327.2
    9840,    9900,347.91,1789.7,2771.8,23.875, 181.08, 377.18
    9900,    9960,132.21,1249.6,1863.4,10.933, 132.47, 286.34
    9960,   10020,295.37,1606.5,2322,20.722, 164.59, 332.2
   10020,   10080,160.62,1328.7,1959.3,12.637, 139.58, 295.93
   10080,   10140,88.232,1173.6,1712.2,8.2939, 125.62, 271.22
   10140,   10200,171.43,1272.4,1891,13.286, 134.52, 289.1
   10200,   10260,109.57,1167.4,1728,9.5742, 125.06, 272.8
   10260,   10320,52.127,1079.4,1515.8,6.1276, 117.15, 251.58
   10320,   10380,704.82,1688.7,2559.2,45.289, 171.99, 355.92
   10380,   10440,747.59,2181.7,3616.5,47.855, 216.36, 461.65
   10440,   10500,208.71,1712.9,2532.3,15.523, 174.16, 353.23
   10500,   10560,86.478,1277.6,1976.8,8.1887, 134.98, 297.68
   10560,   10620,297.52,1386.7,2062.7,20.851, 144.8, 306.27
   10620,   10680,154.13,1422.5,2144.3,12.248, 148.03, 314.43
   10680,   10740,91.668,1187.8,1746.5,8.5001, 126.9, 274.65
   10740,   10800,64.618,1063.8,1576,6.8771, 115.74, 257.6
   10800,   10860,275.68,1274.7,1991.5,19.541, 134.72, 299.15
   10860,   10920,102.24,1129.6,1728,9.1344, 121.67, 272.8
   10920,   10980,59.789,1026.3,1514.7,6.5874, 112.37, 251.47
   10980,   11040,173.55,1302.5,1696.8,13.413, 137.23, 269.68
   11040,   11100,629.81,2031.6,3282.3,40.788, 202.84, 428.23
   11100,   11160,342.27,1874.7,3129,23.536, 188.72, 412.9
   11160,   11220,85.05,1174.9,1662.7,8.103, 125.74, 266.27
   11220,   11280,103.72,1125.9,1715.1,9.2232, 121.33, 271.51
   11280,   11340,82.831,1187.5,1632.1,7.9698, 126.88, 263.21
   11340,   11400,73.56,1095.1,1609.6,7.4136, 118.56, 260.96
   11400,   11460,216.28,1177.9,1630.3,15.977, 126.01, 263.03
   11460,   11520,400.78,1698.8,2555.7,27.047, 172.9, 355.57
   11520,   11580,464.2,1816.2,2631.4,30.852, 183.45, 363.14
   11580,   11640,227.55,1402.5,2333.5,16.653, 146.22, 333.35
   11640,   11700,80.575,1194,1791.6,7.8345, 127.46, 279.16
   11700,   11760,-9999,-9999,-9999,-9999, -9999, -9999
   11760,   11820,-9999,-9999,-9999,-9999, -9999, -9999
   11820,   11880,-9999,-9999,-9999,-9999, -9999, -9999
   11880,   11940,-9999,-9999,-9999,-9999, -9999, -9999
   11940,   12000,-9999,-9999,-9999,-9999, -9999, -9999
   12000,   12060,-9999,-9999,-9999,-9999, -9999, -9999
   12060,   12120,-9999,-9999,-9999,-9999, -9999, -9999
   12120,   12180,187.28,1675.1,2505.9,14.237, 170.76, 350.59
   12180,   12240,933.52,2120.4,4169.3,59.011, 210.83, 516.93
   12240,   12300,3420.2,4661.3,6656.2,208.21, 439.52, 765.62
   12300,   12360,917.81,3540.6,7395.5,58.068, 338.65, 839.55
   12360,   12420,536.46,2268.9,3233.6,35.188, 224.2, 423.36
   12420,   12480,2485.8,4436.6,6569.2,152.15, 419.29, 756.92
   12480,   12540,197.91,1951.2,4811.3,14.874, 195.61, 581.13
   12540,   12600,50.265,1298.1,1943.7,6.0159, 136.83, 294.37
   12600,   12660,68.73,1509.7,1983.8,7.1238, 155.87, 298.38
   12660,   12720,189.48,1923.4,2455.8,14.369, 193.1, 345.58
   12720,   12780,417.51,2548.5,3301,28.051, 249.36, 430.1
   12780,   12840,202.91,3098.4,4184.5,15.174, 298.86, 518.45
   12840,   12900,237.56,4995.7,5431.6,17.253, 469.61, 643.16
   12900,   12960,137.4,5268.7,5951.8,11.244, 494.18, 695.18
   12960,   13020,199.53,4735.4,5718.8,14.972, 446.19, 671.88
   13020,   13080,193.79,5597.9,6424.9,14.627, 523.81, 742.49
   13080,   13140,126.64,5196.8,6427.6,10.599, 487.72, 742.76
   13140,   13200,437.02,5547.1,6535.9,29.221, 519.24, 753.59
   13200,   13260,145.3,4458.6,6530.4,11.718, 421.28, 753.04
   13260,   13320,49.211,4013.1,5379.9,5.9526, 381.18, 637.99
   13320,   13380,66.041,4000.3,4638.9,6.9624, 380.03, 563.89
   13380,   13440,429.22,5402.3,6533.3,28.753, 506.21, 753.33
   13440,   13500,527.59,6149.5,8115.2,34.656, 573.46, 911.52
   13500,   13560,268.18,3568.3,5955.7,19.091, 341.15, 695.57
   13560,   13620,178.12,3210,4286.2,13.687, 308.9, 528.62
   13620,   13680,150.03,3095.9,4039.5,12.002, 298.63, 503.95
   13680,   13740,3389.8,6101.1,6227.2,206.39, 569.1, 722.72
   13740,   13800,766.44,5393.7,9257.8,48.987, 505.43, 1025.8
   13800,   13860,762.9,4797.1,7283,48.774, 451.74, 828.3
   13860,   13920,361.19,4295.6,5013.1,24.671, 406.6, 601.31
   13920,   13980,885.91,4494.3,6037.9,56.155, 424.49, 703.79
   13980,   14040,277.76,2895.6,3842.3,19.666, 280.6, 484.23
   14040,   14100,110.2,3112.8,4043.1,9.6119, 300.15, 504.31
   14100,   14160,82.688,3050.2,3762.1,7.9613, 294.52, 476.21
   14160,   14220,27.167,3112.5,3628.1,4.63, 300.12, 462.81
   14220,   14280,254.63,3397.4,3921.1,18.278, 325.77, 492.11
   14280,   14340,167.4,3074.6,4105,13.044, 296.72, 510.5
   14340,   14400,90.021,2144.6,2917.5,8.4013, 213.01, 391.75
   14400,   14460,950.37,2171.8,3590.8,60.022, 215.46, 459.08
   14460,   14520,312.66,2065.6,2827.7,21.76, 205.9, 382.77
   14520,   14580,154.58,1703.7,2385.2,12.275, 173.33, 338.52
   14580,   14640,231.08,2116.3,2897.1,16.865, 210.46, 389.71
   14640,   14700,713.37,2326.5,2932.7,45.802, 229.39, 393.27
   14700,   14760,1037.4,3812.3,6158.7,65.241, 363.11, 715.87
   14760,   14820,373.01,2887.5,4399.9,25.381, 279.88, 539.99
   14820,   14880,206.61,1954.6,3341.8,15.397, 195.92, 434.18
   14880,   14940,39.97,1084.4,1703.5,5.3982, 117.59, 270.35
   14940,   15000,21.294,987.15,1383.1,4.2776, 108.84, 238.31
   15000,   15060,52.023,1098.4,1577.4,6.1214, 118.85, 257.74
   15060,   15120,175.34,1319.8,1784.5,13.52, 138.78, 278.45
   15120,   15180,211.84,1400.3,1963.3,15.71, 146.03, 296.33
   15180,   15240,97.165,1308.1,1842.4,8.8299, 137.73, 284.24
   15240,   15300,198.32,1414.4,2032.9,14.899, 147.29, 303.29
   15300,   15360,273.62,1354.7,1755.8,19.417, 141.92, 275.58
   15360,   15420,511.03,1685.5,2536.7,33.662, 171.7, 353.67
   15420,   15480,36.829,1268.8,1691.3,5.2097, 134.19, 269.13
   15480,   15540,297.7,1532.8,1919,20.862, 157.95, 291.9
   15540,   15600,184.76,1503.6,2234.3,14.086, 155.33, 323.43
   15600,   15660,49.323,1234.3,1788,5.9594, 131.09, 278.8
   15660,   15720,44.396,1287.1,1713.5,5.6637, 135.84, 271.35
   15720,   15780,109.59,1345.3,1798.2,9.5752, 141.08, 279.82
