CampaignData_and_Merges/R0/CSL_MobileLab_Parked/raw/20240814/USOS-NOy-LIF_MobileLabGround_20240814_R0.ict
39,1001
Rollins, A.; Waxman, E.; Zuraski, K.; Chace, W.
NOAA Chemical Sciences Laboratory
LIF NO/NOx/NOy on CSL Mobile Lab
AMMBEC / USOS
1, 1
2024,08,14, 2025,01,06
1
Time_Start, seconds, number_of_seconds_since_0000_UTC
7
1, 1, 1, 1, 1, 1, 1
-9999, -9999, -9999, -9999, -9999, -9999, -9999
Time_Stop, seconds, number_of_seconds_since_0000_UTC
NO_LIF, pptv, Gas_NO_InSitu_S_AVMR, volume mixing ratio of nitric oxide in air
NO2_LIF, pptv, Gas_NO2_InSitu_S_AVMR, volume mixing ratio of nitrogen dioxide in air
NOy_LIF, pptv, Gas_NOy_InSitu_S_AVMR, volume mixing ratio of total oxidized nitrogen in air
NO_LIF_1SigmaAccuracy, pptv, Gas_NO_InSitu_S_AVMR, volume mixing ratio of nitric oxide in air
NO2_LIF_1SigmaAccuracy, pptv, Gas_NO2_InSitu_S_AVMR, volume mixing ratio of nitrogen dioxide in air
NOy_LIF_1SigmaAccuracy, pptv, Gas_NOy_InSitu_S_AVMR, volume mixing ratio of total oxidized nitrogen in air
0
18
PI_CONTACT_INFO: andrew.rollins@noaa.gov
PLATFORM: CSL Mobile Lab
LOCATION: Salt Lake City, UT
ASSOCIATED_DATA:
INSTRUMENT_INFO: NO detection by laser induced fluorescence. NO2 detection by photolytic conversion to NO. NOy detection by catalytic conversion to NO on gold surface
DATA_INFO:
UNCERTAINTY: Included 1 Sigma Accuracy waves represent the combined calibration uncertainties (±6%, ±9%, ±10%) and zero uncertainties (3 ppt, 20 ppt, 100 ppt) for NO, NO2, and NOy, respectively.
ULOD_FLAG: -7777
ULOD_VALUE: N/A
LLOD_FLAG: -8888
LLOD_VALUE: N/A
DM_CONTACT_INFO: andrew.rollins@noaa.gov
PROJECT_INFO: USOS Project, July - August 2024
STIPULATIONS_ON_USE: Users are strongly encouraged to contact the PI for proper data usage.
OTHER_COMMENTS:
REVISION: R0
R0: final data
Time_Start, Time_Stop, NO_LIF, NO2_LIF, NOy_LIF, NO_LIF_1SigmaAccuracy, NO2_LIF_1SigmaAccuracy, NOy_LIF_1SigmaAccuracy
[from data line 526]
   31560,   31620,21.86,1096.8,1615.1,4.3116, 118.71, 261.51
   31620,   31680,38.894,1111.5,1636,5.3337, 120.04, 263.6
   31680,   31740,40.921,1148.2,1682.6,5.4553, 123.34, 268.26
   31740,   31800,76.592,1196,1814.9,7.5955, 127.64, 281.49
   31800,   31860,38.119,1142.4,1720.7,5.2872, 122.82, 272.07
   31860,   31920,72.041,1178.2,1776.3,7.3225, 126.04, 277.63
   31920,   31980,27.641,1123.2,1664.5,4.6584, 121.09, 266.45
   31980,   32040,42.257,1122.3,1658.2,5.5354, 121, 265.82
   32040,   32100,44.907,1109.9,1621.5,5.6944, 119.89, 262.15
   32100,   32160,40.153,1108.2,1654.6,5.4092, 119.74, 265.46
   32160,   32220,29.923,1124.5,1667.7,4.7954, 121.21, 266.77
   32220,   32280,44.026,1119.1,1702.9,5.6416, 120.72, 270.29
   32280,   32340,25.037,1116,1632.5,4.5022, 120.44, 263.25
   32340,   32400,45.208,1153.3,1708.8,5.7125, 123.79, 270.88
   32400,   32460,31.61,1171.8,1704.9,4.8966, 125.47, 270.49
   32460,   32520,21.859,1128.5,1649.3,4.3115, 121.56, 264.93
   32520,   32580,23.779,1163.2,1709.4,4.4267, 124.69, 270.94
   32580,   32640,14.835,1157.2,1764.7,3.8901, 124.15, 276.47
   32640,   32700,19.356,1167.5,1721.4,4.1614, 125.08, 272.14
   32700,   32760,18.886,1176.9,1724.9,4.1332, 125.92, 272.49
   32760,   32820,33.83,1176,1694.3,5.0298, 125.84, 269.43
   32820,   32880,27.863,1203.5,1790.2,4.6718, 128.32, 279.02
   32880,   32940,50.449,1200.3,1739.7,6.0269, 128.03, 273.97
   32940,   33000,195.94,1384.2,2281.6,14.756, 144.58, 328.16
   33000,   33060,33.911,1206.9,1816.8,5.0347, 128.62, 281.68
   33060,   33120,28.037,1186.6,1768.5,4.6822, 126.8, 276.85
   33120,   33180,28.131,1185.4,1716.6,4.6879, 126.68, 271.66
   33180,   33240,44.357,1169.8,1699.9,5.6614, 125.28, 269.99
   33240,   33300,77.857,1242.1,1813.9,7.6714, 131.79, 281.39
   33300,   33360,42.139,1208.1,1814.8,5.5283, 128.73, 281.48
   33360,   33420,18.283,1184.1,1776.3,4.097, 126.57, 277.63
   33420,   33480,25.206,1197.2,1743.1,4.5123, 127.75, 274.31
   33480,   33540,28.938,1205.5,1748.9,4.7363, 128.49, 274.89
   33540,   33600,272.56,1569.3,2291.2,19.353, 161.24, 329.12
   33600,   33660,26.863,1241.8,1994.3,4.6118, 131.76, 299.43
   33660,   33720,18.022,1181.5,1825.3,4.0813, 126.33, 282.53
   33720,   33780,22.131,1221,1743.5,4.3278, 129.89, 274.35
   33780,   33840,27.658,1220.8,1723.7,4.6595, 129.87, 272.37
   33840,   33900,15.464,1170.9,1760.8,3.9278, 125.38, 276.08
   33900,   33960,18.958,1181.3,1734,4.1375, 126.32, 273.4
   33960,   34020,24.38,1194.1,1755.6,4.4628, 127.47, 275.56
   34020,   34080,21.828,1197.9,1745.2,4.3097, 127.81, 274.52
   34080,   34140,35.631,1284.1,1800.5,5.1379, 135.57, 280.05
   34140,   34200,25.033,1198.4,1803.3,4.502, 127.86, 280.33
   34200,   34260,22.799,1143.6,1706.3,4.3679, 122.93, 270.63
   34260,   34320,19.252,1171.9,1737.9,4.1551, 125.47, 273.79
   34320,   34380,24.578,1209.1,1757,4.4747, 128.82, 275.7
   34380,   34440,23.453,1169.8,1762.7,4.4072, 125.28, 276.27
   34440,   34500,23.933,1183.1,1759,4.436, 126.48, 275.9
   34500,   34560,26.806,1175.7,1719,4.6083, 125.82, 271.9
   34560,   34620,23.766,1204.5,1735.7,4.426, 128.4, 273.57
   34620,   34680,26.075,1231.4,1794.8,4.5645, 130.83, 279.48
   34680,   34740,22.321,1190.3,1745.5,4.3392, 127.13, 274.55
   34740,   34800,32.446,1171.9,1745.4,4.9468, 125.47, 274.54
   34800,   34860,27.18,1173.5,1727.8,4.6308, 125.61, 272.78
   34860,   34920,19.637,1187.6,1742.8,4.1782, 126.89, 274.28
   34920,   34980,19.838,1139.3,1731.7,4.1903, 122.54, 273.17
   34980,   35040,28.557,1127.1,1675.9,4.7134, 121.44, 267.59
   35040,   35100,22.371,1119,1697.2,4.3422, 120.71, 269.72
   35100,   35160,26.498,1126.5,1675.1,4.5899, 121.38, 267.51
   35160,   35220,26.085,1130.6,1642,4.5651, 121.75, 264.2
   35220,   35280,53.427,1166.7,1762,6.2056, 125, 276.2
   35280,   35340,19.297,1133,1707.8,4.1578, 121.97, 270.78
   35340,   35400,29.162,1122.3,1676.3,4.7497, 121.01, 267.63
   35400,   35460,21.866,1142.8,1646.5,4.312, 122.85, 264.65
   35460,   35520,30.984,1121.7,1708.2,4.8591, 120.95, 270.82
   35520,   35580,35.772,1097.8,1677,5.1463, 118.8, 267.7
   35580,   35640,-9999,-9999,-9999,-9999, -9999, -9999
   35640,   35700,-9999,-9999,-9999,-9999, -9999, -9999
   35700,   35760,-9999,-9999,-9999,-9999, -9999, -9999
   35760,   35820,-9999,-9999,-9999,-9999, -9999, -9999
   35820,   35880,-9999,-9999,-9999,-9999, -9999, -9999
   35880,   35940,-9999,-9999,-9999,-9999, -9999, -9999
   35940,   36000,-9999,-9999,-9999,-9999, -9999, -9999
   36000,   36060,42.692,1107.9,1666.9,5.5615, 119.71, 266.69
   36060,   36120,43.24,1108.7,1654.2,5.5944, 119.78, 265.42
   36120,   36180,33.945,1114.8,1688.4,5.0367, 120.33, 268.84
   36180,   36240,47.529,1089.4,1680.8,5.8517, 118.04, 268.08
   36240,   36300,46.505,1064.4,1677.4,5.7903, 115.79, 267.74
   36300,   36360,42.638,1053.6,1618.9,5.5583, 114.82, 261.89
   36360,   36420,31.103,1047.6,1614.2,4.8662, 114.28, 261.42
   36420,   36480,50.408,1068.8,1656.3,6.0245, 116.19, 265.63
   36480,   36540,54.028,1076.3,1644.4,6.2417, 116.87, 264.44
   36540,   36600,24.522,990.08,1526.7,4.4713, 109.11, 252.67
   36600,   36660,34.985,1020.7,1565.2,5.0991, 111.86, 256.52
   36660,   36720,43.719,1047.8,1648,5.6232, 114.31, 264.8
   36720,   36780,96.177,1147.2,1657.4,8.7706, 123.25, 265.74
   36780,   36840,107.06,1204.4,1931.1,9.4238, 128.39, 293.11
   36840,   36900,41.042,1049.2,1607,5.4625, 114.43, 260.7
   36900,   36960,26.313,1049.6,1586,4.5788, 114.46, 258.6
   36960,   37020,40.284,1042.4,1569.6,5.4171, 113.82, 256.96
   37020,   37080,22.409,1040,1583.8,4.3446, 113.6, 258.38
   37080,   37140,24.633,1105.3,1632.8,4.478, 119.48, 263.28
   37140,   37200,28.801,1154.6,1686.7,4.728, 123.91, 268.67
   37200,   37260,45.791,1147.5,1658.9,5.7475, 123.28, 265.89
   37260,   37320,47.755,1160,1746.6,5.8653, 124.4, 274.66
   37320,   37380,33.35,1097.9,1673.1,5.001, 118.81, 267.31
   37380,   37440,32.044,1054.3,1607.2,4.9226, 114.89, 260.72
   37440,   37500,38.162,1127.1,1680,5.2897, 121.44, 268
   37500,   37560,83.79,1139,1773.9,8.0274, 122.51, 277.39
   37560,   37620,47.514,1056.2,1631,5.8508, 115.06, 263.1
   37620,   37680,29.47,1013.6,1590.4,4.7682, 111.22, 259.04
   37680,   37740,27.447,1054.3,1579.7,4.6468, 114.88, 257.97
   37740,   37800,36.685,1076,1615.9,5.2011, 116.84, 261.59
   37800,   37860,172.36,1246,1843,13.341, 132.14, 284.3
   37860,   37920,414.04,1685.8,2912.6,27.843, 171.73, 391.26
   37920,   37980,38.827,1092,1741.3,5.3296, 118.28, 274.13
   37980,   38040,49.896,1132.1,1686.8,5.9938, 121.89, 268.68
   38040,   38100,39.086,1156.7,1718.5,5.3452, 124.1, 271.85
   38100,   38160,36.439,1009.9,1584.3,5.1863, 110.89, 258.43
   38160,   38220,33.653,1024.9,1569,5.0192, 112.24, 256.9
   38220,   38280,25.633,1034.2,1544.6,4.538, 113.08, 254.46
   38280,   38340,40.617,1066.6,1658.1,5.437, 115.99, 265.81
   38340,   38400,35.147,1075.3,1630.9,5.1088, 116.78, 263.09
   38400,   38460,33.094,1087.1,1662.3,4.9856, 117.84, 266.23
   38460,   38520,26.278,1064.4,1594.7,4.5767, 115.8, 259.47
   38520,   38580,23.983,1038.1,1609.4,4.439, 113.43, 260.94
   38580,   38640,74.614,1060.3,1672.8,7.4769, 115.42, 267.28
   38640,   38700,25.555,1017.4,1552.3,4.5333, 111.56, 255.23
   38700,   38760,27.15,970.09,1479.1,4.629, 107.31, 247.91
   38760,   38820,280.04,1232.1,1980.3,19.803, 130.89, 298.03
   38820,   38880,80.991,1070.8,1838.3,7.8595, 116.37, 283.83
   38880,   38940,103.01,1079,1724.1,9.1806, 117.11, 272.41
   38940,   39000,519.68,1455.4,2392.1,34.181, 150.99, 339.21
   39000,   39060,559.44,1277.3,2386,36.567, 134.96, 338.6
   39060,   39120,105.05,1076.2,1883.3,9.3032, 116.86, 288.33
   39120,   39180,312.3,1198.9,1951.2,21.738, 127.9, 295.12
   39180,   39240,112.22,1110.2,1927.1,9.7331, 119.92, 292.71
   39240,   39300,31.864,944.53,1508.8,4.9118, 105.01, 250.88
   39300,   39360,40.263,981.03,1505,5.4158, 108.29, 250.5
   39360,   39420,25.9,955.58,1441.5,4.554, 106, 244.15
   39420,   39480,118.41,1009.7,1507.5,10.105, 110.87, 250.75
   39480,   39540,516.11,1508,2357.2,33.967, 155.72, 335.72
   39540,   39600,244.69,1559.6,2478.4,17.681, 160.37, 347.84
   39600,   39660,195.67,1251.4,2047.1,14.74, 132.62, 304.71
   39660,   39720,40.108,1093.9,1650.1,5.4065, 118.45, 265.01
   39720,   39780,36.59,1131.4,1685.8,5.1954, 121.83, 268.58
   39780,   39840,69.551,1146.1,1711.3,7.1731, 123.14, 271.13
   39840,   39900,56.593,1101.7,1653.1,6.3956, 119.15, 265.31
   39900,   39960,43.547,1053.6,1577,5.6128, 114.82, 257.7
   39960,   40020,45.697,1044.9,1649.3,5.7418, 114.04, 264.93
   40020,   40080,22.536,1035.6,1586.7,4.3521, 113.21, 258.67
   40080,   40140,22.385,1034.2,1546.9,4.3431, 113.08, 254.69
   40140,   40200,20.757,1015.3,1534.2,4.2454, 111.38, 253.42
   40200,   40260,27.122,1052.8,1524.7,4.6273, 114.75, 252.47
   40260,   40320,93.111,1223.3,1792.7,8.5866, 130.1, 279.27
   40320,   40380,49.729,1116.8,1616.2,5.9837, 120.52, 261.62
   40380,   40440,45.14,1068.2,1639.7,5.7084, 116.14, 263.97
   40440,   40500,32.608,1067.7,1567.8,4.9565, 116.09, 256.78
   40500,   40560,49.562,1099.8,1629.3,5.9737, 118.98, 262.93
   40560,   40620,50.186,1157.6,1668.1,6.0111, 124.18, 266.81
   40620,   40680,44.763,1121.1,1616.7,5.6858, 120.9, 261.67
   40680,   40740,66.728,1127,1733.9,7.0037, 121.43, 273.39
   40740,   40800,36.762,1079.3,1673.8,5.2057, 117.14, 267.38
   40800,   40860,57.781,1090.8,1565,6.4669, 118.17, 256.5
   40860,   40920,116.33,1132.1,1747.3,9.9798, 121.89, 274.73
   40920,   40980,54.205,1172.4,1728.6,6.2523, 125.51, 272.86
   40980,   41040,80.881,1177.8,1729.9,7.8529, 126.01, 272.99
   41040,   41100,40.965,1105.6,1647.1,5.4579, 119.51, 264.71
   41100,   41160,37.253,1145.8,1661,5.2352, 123.12, 266.1
   41160,   41220,49.249,1162.8,1739.5,5.9549, 124.65, 273.95
   41220,   41280,23.832,1101.1,1654.4,4.4299, 119.1, 265.44
   41280,   41340,32.349,1142.3,1645,4.9409, 122.81, 264.5
   41340,   41400,24.573,1166.1,1685.3,4.4744, 124.95, 268.53
   41400,   41460,97.826,1194.5,1863.6,8.8696, 127.51, 286.36
   41460,   41520,63.809,1200.4,2111,6.8285, 128.03, 311.1
   41520,   41580,551.27,1612,2469.8,36.076, 165.08, 346.98
   41580,   41640,540.35,1853,3753.3,35.421, 186.77, 475.33
   41640,   41700,235.08,1435.3,2541.3,17.105, 149.17, 354.13
   41700,   41760,73.725,1080.6,1724.2,7.4235, 117.25, 272.42
   41760,   41820,203.87,1512.1,2020.1,15.232, 156.09, 302.01
   41820,   41880,53.635,1277.3,1871,6.2181, 134.95, 287.1
   41880,   41940,82.962,1424.1,2042.2,7.9777, 148.17, 304.22
   41940,   42000,42.25,1328.2,1854.5,5.535, 139.54, 285.45
   42000,   42060,39.512,1259.5,1813.3,5.3707, 133.36, 281.33
   42060,   42120,112.3,1262.3,1830.5,9.7382, 133.61, 283.05
   42120,   42180,319.34,1324.2,2133.6,22.161, 139.18, 313.36
   42180,   42240,286.89,1352.1,2177.9,20.213, 141.69, 317.79
   42240,   42300,55.687,1206.7,2084.2,6.3412, 128.61, 308.42
   42300,   42360,117.75,1285.6,1850.8,10.065, 135.71, 285.08
   42360,   42420,147.22,1378.7,1950.1,11.833, 144.08, 295.01
   42420,   42480,303.44,1706.7,2514.5,21.207, 173.6, 351.45
   42480,   42540,83.993,1297.1,1999.2,8.0396, 136.74, 299.92
   42540,   42600,437.01,1445.7,1921.2,29.221, 150.11, 292.12
   42600,   42660,588.78,1938.1,2925.8,38.327, 194.43, 392.58
   42660,   42720,141.13,1406.8,2362.1,11.468, 146.61, 336.21
   42720,   42780,143.7,1527.8,2339.4,11.622, 157.5, 333.94
   42780,   42840,748.93,2173.5,2832.6,47.936, 215.61, 383.26
   42840,   42900,938.57,2524.9,3843.8,59.314, 247.24, 484.38
   42900,   42960,677.14,2326.5,3963.5,43.629, 229.39, 496.35
   42960,   43020,72.399,1195,2219.2,7.3439, 127.55, 321.92
   43020,   43080,124.27,1312.5,1903.2,10.456, 138.13, 290.32
   43080,   43140,132.13,1412.4,2063.4,10.928, 147.12, 306.34
   43140,   43200,203.93,1558.6,2259.5,15.236, 160.27, 325.95
   43200,   43260,262.68,1564,2505.4,18.761, 160.76, 350.54
   43260,   43320,252.79,1673.2,2652.3,18.168, 170.59, 365.23
   43320,   43380,171.07,1656.7,2364.4,13.264, 169.1, 336.44
   43380,   43440,119.91,1335.4,1935.6,10.194, 140.18, 293.56
   43440,   43500,111.2,1259.7,1891.5,9.6722, 133.37, 289.15
   43500,   43560,174.19,1381.9,1860.1,13.451, 144.37, 286.01
   43560,   43620,-9999,-9999,-9999,-9999, -9999, -9999
   43620,   43680,-9999,-9999,-9999,-9999, -9999, -9999
   43680,   43740,-9999,-9999,-9999,-9999, -9999, -9999
   43740,   43800,-9999,-9999,-9999,-9999, -9999, -9999
   43800,   43860,-9999,-9999,-9999,-9999, -9999, -9999
   43860,   43920,-9999,-9999,-9999,-9999, -9999, -9999
   43920,   43980,-9999,-9999,-9999,-9999, -9999, -9999
   43980,   44040,126.64,1254.6,1747.1,10.598, 132.91, 274.71
   44040,   44100,89.571,1248.1,1807,8.3743, 132.33, 280.7
   44100,   44160,112.09,1350.5,1903.3,9.7255, 141.54, 290.33
   44160,   44220,166.4,1498,2135.6,12.984, 154.82, 313.56
   44220,   44280,195.1,1596.8,2285.4,14.706, 163.71, 328.54
   44280,   44340,1055.4,2304.2,3569.2,66.323, 227.38, 456.92
   44340,   44400,503.72,2362,4376.5,33.223, 232.58, 537.65
   44400,   44460,413.99,2292.8,3870.4,27.84, 226.36, 487.04
   44460,   44520,211.26,1758.5,2902.9,15.675, 178.26, 390.29
   44520,   44580,62.562,1399.7,2158.6,6.7537, 145.97, 315.86
   44580,   44640,418.11,1842.2,2564.7,28.086, 185.8, 356.47
   44640,   44700,235.22,1593.9,2693.9,17.113, 163.45, 369.39
   44700,   44760,864.85,2494.5,3862.6,54.891, 244.51, 486.26
   44760,   44820,597.37,2450.4,3737.1,38.842, 240.54, 473.71
   44820,   44880,249.43,1613.3,2757.8,17.966, 165.19, 375.78
   44880,   44940,51.678,1242.7,1784.7,6.1007, 131.85, 278.47
   44940,   45000,67.93,1244.6,1969,7.0758, 132.01, 296.9
   45000,   45060,429.46,1534.2,2022.2,28.768, 158.08, 302.22
   45060,   45120,1446.5,2528.6,4259.1,89.792, 247.58, 525.91
   45120,   45180,647.66,1684.2,3107.7,41.859, 171.58, 410.77
   45180,   45240,148.98,1368.5,2392.7,11.939, 143.16, 339.27
   45240,   45300,124.64,1367.2,1952.5,10.479, 143.04, 295.25
   45300,   45360,616.28,1879.3,3220.7,39.977, 189.14, 422.07
   45360,   45420,93.17,1389.2,2100.8,8.5902, 145.03, 310.08
   45420,   45480,151.87,1503.3,2225.6,12.112, 155.3, 322.56
   45480,   45540,609.26,1691.9,2114.6,39.555, 172.27, 311.46
   45540,   45600,1321.6,2701.7,3911,82.298, 263.16, 491.1
   45600,   45660,217.16,1571.8,2382.9,16.03, 161.46, 338.29
   45660,   45720,514.78,2044.1,2795.5,33.887, 203.97, 379.55
   45720,   45780,199.54,1944.3,2529.5,14.973, 194.99, 352.95
   45780,   45840,148.57,5174.1,4516.7,11.914, 485.67, 551.67
   45840,   45900,142.61,6556,5069.2,11.557, 610.04, 606.92
   45900,   45960,165.17,8107.1,7607.4,12.91, 749.63, 860.74
   45960,   46020,187.47,8219.7,9107,14.248, 759.78, 1010.7
   46020,   46080,278.49,10393,10579,19.71, 955.33, 1157.9
   46080,   46140,397.41,12748,12297,26.845, 1167.4, 1329.7
   46140,   46200,386.26,12171,12787,26.176, 1115.4, 1378.7
   46200,   46260,397.76,11918,11937,26.865, 1092.6, 1293.7
   46260,   46320,361.83,11116,11662,24.71, 1020.4, 1266.2
   46320,   46380,2511,13698,12982,153.66, 1252.8, 1398.2
   46380,   46440,1412.5,11728,13265,87.752, 1075.5, 1426.5
   46440,   46500,2190.5,15187,17197,134.43, 1386.8, 1819.7
   46500,   46560,1749.8,16136,19118,107.99, 1472.2, 2011.8
   46560,   46620,1400.8,13801,16411,87.046, 1262.1, 1741.1
   46620,   46680,2318.5,13971,16637,142.11, 1277.4, 1763.7
   46680,   46740,1322.8,14067,16584,82.371, 1286.1, 1758.4
   46740,   46800,1042.1,11853,15884,65.526, 1086.8, 1688.4
   46800,   46860,631.66,10139,14163,40.9, 932.53, 1516.3
   46860,   46920,961.9,11277,12977,60.714, 1034.9, 1397.7
   46920,   46980,918.29,11744,13533,58.098, 1076.9, 1453.3
   46980,   47040,954.48,12103,13745,60.269, 1109.2, 1474.5
   47040,   47100,695.66,9735.4,11611,44.739, 896.18, 1261.1
   47100,   47160,756.35,9435.6,11749,48.381, 869.21, 1274.9
   47160,   47220,1859.9,9408.3,12320,114.6, 866.74, 1332
   47220,   47280,1097.9,8902,11607,68.874, 821.18, 1260.7
   47280,   47340,4410.1,8197,13899,267.6, 757.73, 1489.9
