CampaignData_and_Merges/R0/CSL_MobileLab_Parked/raw/20240814/USOS-NOAAIodideCIMS-OrgNitrs_MobileLabGround_20240814_RA.ict
37, 1001
Michael A Robinson, Chris Jernigan, Subi Thakali
NOAA ESRL Chemical Sciences Laboratory and CIRES, U. of Colorado
NOAA Iodide CIMS Instrument
USOS
1, 1
2024, 08, 14, 2024, 08, 15
1
starttime_UTC, seconds_past_midnight, seconds_of_day_since_00:00:00_UTC
5
1, 1, 1, 1, 1
-9999, -9999, -9999, -9999, -9999
C4H7NO5_NOAACIMS, pptv, Gas_C4H7NO5_InSitu_S_AVMR, 
ISOPN_NOAACIMS, pptv, Gas_ISOPN_InSitu_S_AVMR, 
C5H10O3_NOAACIMS, pptv, Gas_C5H10O3_InSitu_S_AVMR, 
C5H9NO5_NOAACIMS, pptv, Gas_C5H9NO5_InSitu_S_AVMR, 
C10H17NO4_NOAACIMS, pptv, Gas_C10H17NO4_InSitu_S_AVMR, 
0
18
PI_CONTACT_INFO: 325 Broadway, R/CSD 7, Boulder, Colorado 80305; michael.a.robinson@noaa.gov; chris.jernigan@noaa.gov;
PLATFORM: NOAA CSL Mobile Lab
LOCATION: SLC, Utah
ASSOCIATED_DATA: 1Hz data also available on request.
INSTRUMENT_INFO: NOAA I- ToF CIMS
DATA_INFO: All data in parts per trillion by volume (pptv). 1 Hz data is available upon request.
UNCERTAINTY: TBD
ULOD_FLAG: -7777
ULOD_VALUE: N/A
LLOD_FLAG: -8888
LLOD_VALUE: N/A
DM_CONTACT_INFO: Nathan Howard; nathan.h.howard@noaa.gov
PROJECT_INFO: USOS, summer 2024. https://csl.noaa.gov/groups/csl7/measurements/2024usos/
STIPULATIONS_ON_USE: Users are strongly encouraged to contact the PI for proper data usage.
OTHER_COMMENTS: 
REVISION: RA
RA: Preliminary Data; For in-field use only
starttime_UTC, C4H7NO5_NOAACIMS, ISOPN_NOAACIMS, C5H10O3_NOAACIMS, C5H9NO5_NOAACIMS, C10H17NO4_NOAACIMS
[from data line 339]
 20340,  0.783,  0.963,  5.997,  1.611,  0.727
 20400,  0.774,  0.923,  6.410,  1.612,  0.714
 20460,  0.792,  1.017,  6.331,  1.522,  0.748
 20520,  0.780,  0.862,  5.818,  1.620,  0.782
 20580,  0.803,  0.933,  6.169,  1.626,  0.778
 20640,  0.775,  0.892,  5.783,  1.573,  0.724
 20700,  0.772,  0.903,  6.069,  1.544,  0.746
 20760,  0.769,  0.995,  6.573,  1.628,  0.702
 20820,  0.795,  0.913,  6.503,  1.535,  0.797
 20880,  0.801,  0.919,  5.763,  1.512,  0.860
 20940,  0.796,  0.802,  6.009,  1.613,  0.839
 21000,  0.807,  1.053,  5.677,  1.579,  0.836
 21060,  0.803,  0.979,  5.894,  1.518,  0.778
 21120,  0.779,  0.919,  5.673,  1.549,  0.739
 21180,  0.834,  0.898,  5.623,  1.583,  0.817
 21240,  0.794,  0.978,  6.125,  1.460,  0.910
 21300,  0.799,  1.112,  6.160,  1.626,  0.830
 21360,  0.768,  0.913,  5.728,  1.610,  0.810
 21420,  0.784,  1.076,  5.429,  1.580,  0.845
 21480,  0.777,  0.943,  5.563,  1.631,  0.809
 21540,  0.794,  1.029,  6.074,  1.642,  0.905
 21600,  0.750,  0.975,  5.168,  1.565,  0.882
 21660,  0.791,  0.982,  5.523,  1.507,  0.866
 21720,  0.784,  1.031,  5.243,  1.456,  0.794
 21780,  0.748,  1.029,  5.394,  1.577,  0.709
 21840,  0.758,  1.024,  4.816,  1.579,  0.813
 21900,  0.746,  1.006,  5.153,  1.533,  0.814
 21960,  0.732,  1.115,  5.741,  1.600,  0.871
 22020,  0.768,  1.063,  5.265,  1.587,  0.901
 22080,  0.724,  0.971,  5.118,  1.493,  0.816
 22140,  0.738,  0.956,  4.727,  1.660,  0.713
 22200,  0.739,  0.956,  5.849,  1.605,  0.869
 22260,  0.741,  0.934,  5.372,  1.575,  0.872
 22320,  0.748,  0.926,  5.498,  1.667,  0.818
 22380,  0.773,  0.927,  4.986,  1.671,  0.829
 22440,  0.762,  0.904,  5.836,  1.620,  0.825
 22500,  0.753,  0.809,  5.463,  1.628,  0.828
 22560,  0.766,  0.922,  5.379,  1.606,  0.800
 22620,  0.748,  0.944,  5.405,  1.638,  0.848
 22680,  0.789,  0.845,  5.221,  1.605,  0.864
 22740,  0.773,  0.878,  5.599,  1.705,  0.799
 22800,  0.808,  1.146,  5.266,  1.742,  0.834
 22860,  0.782,  0.838,  5.454,  1.643,  0.828
 22920,  0.794,  0.870,  5.281,  1.684,  0.830
 22980,  0.790,  0.867,  5.373,  1.851,  0.836
 23040,  0.795,  0.905,  5.578,  1.654,  0.833
 23100,  0.792,  0.915,  5.420,  1.764,  0.842
 23160,  0.793,  0.840,  5.193,  1.699,  0.850
 23220,  0.780,  0.719,  5.445,  1.724,  0.831
 23280,  0.760,  0.960,  5.737,  1.752,  0.854
 23340,  0.807,  0.752,  5.535,  1.869,  0.901
 23400,  0.784,  0.775,  4.867,  1.774,  0.870
 23460,  0.777,  0.739,  5.309,  1.781,  0.893
 23520,  0.811,  0.777,  5.756,  1.746,  0.969
 23580, -9999.000, -9999.000, -9999.000, -9999.000, -9999.000
 23640,  0.760,  0.649,  4.230,  1.670,  0.861
 23700,  0.767,  0.750,  4.994,  1.741,  0.863
 23760,  0.797,  0.935,  5.463,  1.781,  0.916
 23820,  0.801,  0.874,  5.433,  1.829,  0.954
 23880,  0.819,  0.873,  5.265,  1.715,  0.939
 23940,  0.768,  0.831,  5.598,  1.685,  0.911
 24000,  0.774,  0.968,  5.559,  1.715,  0.930
 24060,  0.814,  0.868,  6.016,  1.721,  0.920
 24120,  0.788,  0.940,  5.859,  1.776,  0.897
 24180,  0.762,  0.670,  5.741,  1.783,  0.974
 24240,  0.780,  0.793,  5.775,  1.713,  0.925
 24300,  0.793,  0.826,  6.206,  1.701,  1.019
 24360,  0.802,  0.917,  5.645,  1.753,  0.928
 24420,  0.810,  0.997,  5.918,  1.736,  0.861
 24480,  0.791,  0.985,  5.927,  1.701,  0.970
 24540,  0.756,  0.902,  6.131,  1.756,  1.002
 24600,  0.794,  0.891,  5.791,  1.739,  0.947
 24660,  0.777,  0.819,  6.069,  1.682,  1.014
 24720,  0.722,  1.028,  5.904,  1.676,  1.086
 24780,  0.779,  0.906,  5.993,  1.762,  0.998
 24840,  0.762,  0.994,  6.045,  1.660,  0.978
 24900,  0.784,  0.855,  6.137,  1.793,  1.005
 24960,  0.798,  1.048,  6.056,  1.730,  0.954
 25020,  0.812,  1.084,  6.055,  1.645,  1.015
 25080,  0.785,  0.944,  5.927,  1.687,  0.952
 25140,  0.803,  0.909,  5.994,  1.612,  0.938
 25200,  0.813,  0.902,  5.980,  1.689,  0.954
 25260,  0.807,  0.977,  6.446,  1.694,  1.039
 25320,  0.811,  1.070,  6.175,  1.616,  0.933
 25380,  0.805,  0.951,  6.224,  1.661,  0.991
 25440, -9999.000, -9999.000, -9999.000, -9999.000, -9999.000
 25500,  0.778,  0.904,  5.916,  1.565,  0.975
 25560,  0.783,  0.939,  6.288,  1.619,  1.079
 25620,  0.826,  1.072,  6.051,  1.772,  1.037
 25680,  0.802,  0.857,  5.565,  1.591,  1.045
 25740,  0.786,  0.871,  5.718,  1.650,  1.028
 25800,  0.774,  0.995,  6.150,  1.738,  1.041
 25860,  0.803,  0.959,  5.663,  1.681,  1.096
 25920,  0.767,  0.982,  5.922,  1.598,  1.061
 25980,  0.793,  0.910,  5.544,  1.709,  0.976
 26040,  0.770,  0.935,  6.473,  1.757,  1.033
 26100,  0.750,  0.894,  5.693,  1.613,  1.085
 26160,  0.761,  0.987,  5.406,  1.627,  1.065
 26220,  0.771,  1.002,  5.855,  1.693,  1.143
 26280,  0.780,  0.897,  5.948,  1.707,  1.175
 26340,  0.789,  1.025,  6.049,  1.666,  1.072
 26400,  0.793,  0.859,  5.628,  1.603,  1.060
 26460,  0.752,  0.837,  5.651,  1.707,  1.052
 26520,  0.790,  0.918,  5.989,  1.672,  1.152
 26580,  0.794,  0.999,  5.913,  1.611,  1.056
 26640,  0.793,  0.971,  5.953,  1.818,  1.032
 26700,  0.796,  1.035,  5.653,  1.848,  1.079
 26760,  0.794,  0.983,  5.561,  1.821,  1.092
 26820,  0.825,  1.152,  5.644,  1.855,  1.137
 26880,  0.787,  0.999,  5.441,  1.847,  1.074
 26940,  0.776,  1.120,  5.244,  1.808,  1.248
 27000,  0.792,  1.182,  5.267,  1.858,  1.096
 27060,  0.786,  0.943,  5.545,  1.801,  1.073
 27120,  0.798,  1.089,  5.694,  1.847,  1.173
 27180,  0.851,  1.017,  5.157,  1.860,  1.072
 27240,  0.803,  1.106,  5.424,  1.969,  1.134
 27300, -9999.000, -9999.000, -9999.000, -9999.000, -9999.000
 27360,  0.770,  0.987,  4.963,  1.779,  0.947
 27420,  0.804,  1.231,  5.399,  1.834,  1.085
 27480,  0.803,  1.066,  5.091,  1.865,  1.030
 27540,  0.770,  1.110,  5.176,  1.845,  1.119
 27600,  0.793,  1.085,  5.493,  1.903,  1.078
 27660,  0.780,  1.019,  5.432,  1.846,  1.084
 27720,  0.803,  1.205,  5.184,  1.817,  1.093
 27780,  0.799,  1.112,  5.469,  1.875,  1.121
 27840,  0.783,  1.206,  5.383,  1.886,  1.165
 27900,  0.802,  1.143,  5.700,  1.899,  1.106
 27960,  0.795,  1.028,  5.244,  1.892,  1.026
 28020,  0.786,  1.046,  5.420,  1.923,  1.096
 28080,  0.792,  1.170,  5.742,  1.915,  1.081
 28140,  0.794,  1.193,  5.529,  1.791,  1.094
 28200,  0.759,  0.970,  5.603,  1.933,  1.050
 28260,  0.772,  0.953,  5.525,  1.929,  1.025
 28320,  0.763,  1.029,  5.538,  1.938,  1.100
 28380,  0.799,  1.018,  5.525,  1.918,  1.148
 28440,  0.787,  0.982,  5.727,  1.849,  1.089
 28500,  0.807,  1.036,  5.781,  1.833,  1.113
 28560,  0.766,  1.062,  5.884,  1.885,  1.011
 28620,  0.767,  1.004,  5.595,  1.858,  0.988
 28680,  0.758,  1.159,  5.500,  1.917,  1.108
 28740,  0.741,  0.974,  5.805,  1.931,  1.114
 28800,  0.778,  1.061,  5.458,  1.947,  0.996
 28860,  0.770,  1.140,  5.788,  1.830,  1.102
 28920,  0.797,  1.068,  5.564,  1.850,  1.081
 28980,  0.752,  1.107,  5.600,  1.972,  1.058
 29040,  0.786,  1.128,  5.771,  1.913,  1.117
 29100,  0.792,  0.816,  5.391,  1.815,  0.977
 29160,  0.739,  0.679,  4.988,  1.753,  0.882
 29220,  0.796,  0.976,  5.467,  1.939,  1.021
 29280,  0.761,  1.125,  5.322,  1.909,  1.106
 29340,  0.772,  1.047,  5.856,  1.974,  1.071
 29400,  0.803,  1.160,  5.485,  1.955,  1.091
 29460,  0.807,  1.216,  6.001,  1.980,  1.136
 29520,  0.787,  1.049,  5.704,  2.012,  1.021
 29580,  0.789,  1.127,  5.576,  1.861,  1.032
 29640,  0.780,  1.265,  5.794,  1.888,  1.097
 29700,  0.781,  1.149,  5.490,  1.908,  1.132
 29760,  0.831,  1.012,  5.911,  1.984,  1.080
 29820,  0.769,  1.001,  5.486,  1.926,  1.089
 29880,  0.812,  1.260,  6.026,  1.946,  1.178
 29940,  0.802,  1.074,  5.762,  1.982,  1.168
 30000,  0.808,  1.030,  5.707,  2.047,  1.246
 30060,  0.822,  1.114,  5.478,  2.010,  1.122
 30120,  0.831,  1.232,  5.942,  1.976,  1.184
 30180,  0.816,  1.123,  6.050,  2.031,  1.221
 30240,  0.795,  1.153,  6.040,  2.021,  1.203
 30300,  0.808,  1.119,  5.747,  1.980,  1.169
 30360,  0.823,  1.274,  6.073,  2.079,  1.183
 30420,  0.824,  1.051,  6.024,  2.039,  1.244
 30480,  0.820,  1.145,  5.879,  2.035,  1.186
 30540,  0.824,  1.380,  5.660,  2.053,  1.149
 30600,  0.838,  1.318,  5.903,  2.068,  1.227
 30660,  0.831,  1.292,  6.502,  2.097,  1.199
 30720,  0.821,  1.194,  5.985,  1.961,  1.158
 30780,  0.845,  1.235,  5.806,  1.984,  1.170
 30840,  0.829,  1.294,  5.771,  1.943,  1.209
 30900,  0.810,  1.293,  6.503,  2.095,  1.214
 30960, -9999.000, -9999.000, -9999.000, -9999.000, -9999.000
 31020,  0.719,  1.130,  5.198,  1.818,  1.078
 31080,  0.803,  1.255,  5.438,  2.091,  1.054
 31140,  0.792,  1.329,  6.017,  2.011,  1.099
 31200,  0.859,  1.329,  5.780,  2.065,  1.215
 31260,  0.826,  1.348,  5.897,  2.003,  1.146
 31320,  0.828,  1.305,  6.023,  2.084,  1.175
 31380,  0.844,  1.379,  6.351,  2.241,  1.264
 31440,  0.839,  1.184,  6.242,  2.061,  1.219
 31500,  0.832,  1.256,  5.770,  2.093,  1.173
 31560,  0.866,  1.348,  6.408,  2.213,  1.232
 31620,  0.873,  1.463,  6.450,  2.195,  1.229
 31680,  0.863,  1.269,  6.148,  2.151,  1.252
 31740,  0.835,  1.191,  6.586,  2.196,  1.133
 31800,  0.837,  1.281,  6.620,  2.189,  1.190
 31860,  0.853,  1.307,  6.460,  2.229,  1.234
 31920,  0.868,  1.465,  6.911,  2.177,  1.264
 31980,  0.854,  1.241,  6.722,  2.259,  1.261
 32040,  0.861,  1.306,  6.438,  2.158,  1.345
 32100,  0.838,  1.316,  6.375,  2.161,  1.305
 32160,  0.856,  1.311,  7.008,  2.174,  1.263
 32220,  0.851,  1.445,  6.830,  2.203,  1.283
 32280,  0.842,  1.340,  6.168,  2.231,  1.302
 32340,  0.847,  1.271,  6.974,  2.238,  1.223
 32400,  0.861,  1.379,  6.708,  2.269,  1.266
 32460,  0.823,  1.280,  7.075,  2.190,  1.365
 32520,  0.847,  1.403,  6.726,  2.290,  1.268
 32580,  0.849,  1.328,  6.349,  2.209,  1.263
 32640,  0.847,  1.336,  7.290,  2.324,  1.336
 32700,  0.852,  1.399,  7.190,  2.235,  1.366
 32760,  0.840,  1.412,  6.795,  2.116,  1.374
 32820, -9999.000, -9999.000, -9999.000, -9999.000, -9999.000
 32880,  0.848,  1.457,  6.417,  2.224,  1.196
 32940,  0.830,  1.520,  6.903,  2.161,  1.238
 33000,  0.860,  1.293,  6.489,  2.111,  1.252
 33060,  0.835,  1.293,  6.895,  2.272,  1.325
 33120,  0.865,  1.459,  6.959,  2.210,  1.336
 33180,  0.841,  1.475,  6.924,  2.198,  1.332
 33240,  0.806,  1.368,  6.509,  2.099,  1.313
 33300,  0.835,  1.371,  6.543,  2.143,  1.327
 33360,  0.841,  1.314,  7.002,  2.161,  1.324
 33420,  0.835,  1.209,  7.093,  2.263,  1.452
 33480,  0.839,  1.381,  6.592,  2.169,  1.369
 33540,  0.833,  1.320,  6.256,  2.207,  1.354
 33600,  0.853,  1.496,  6.670,  2.103,  1.396
 33660,  0.840,  1.356,  6.625,  2.192,  1.289
 33720,  0.869,  1.333,  6.690,  2.109,  1.336
 33780,  0.874,  1.342,  6.383,  2.172,  1.256
 33840,  0.893,  1.430,  6.192,  2.271,  1.383
 33900,  0.895,  1.437,  6.533,  2.172,  1.426
 33960,  0.898,  1.415,  6.758,  2.185,  1.419
 34020,  0.881,  1.415,  6.548,  2.247,  1.271
 34080,  0.891,  1.336,  6.643,  2.192,  1.435
 34140,  0.888,  1.205,  6.366,  2.293,  1.441
 34200,  0.880,  1.408,  6.867,  2.159,  1.468
 34260,  0.860,  1.407,  6.618,  2.235,  1.437
 34320,  0.876,  1.553,  6.302,  2.111,  1.441
 34380,  0.893,  1.179,  5.847,  2.185,  1.392
 34440,  0.871,  1.324,  6.759,  2.216,  1.420
 34500,  0.887,  1.330,  6.856,  2.226,  1.499
 34560,  0.877,  1.301,  6.128,  2.139,  1.391
 34620,  0.881,  1.345,  5.856,  2.122,  1.355
 34680, -9999.000, -9999.000, -9999.000, -9999.000, -9999.000
 34740,  0.809,  1.308,  5.801,  2.065,  1.364
 34800,  0.850,  1.257,  5.934,  2.064,  1.399
 34860,  0.870,  1.282,  5.494,  2.157,  1.406
 34920,  0.849,  1.254,  6.319,  2.147,  1.387
 34980,  0.832,  1.390,  6.470,  2.061,  1.515
 35040,  0.855,  1.394,  5.971,  2.061,  1.361
 35100,  0.833,  1.327,  5.936,  2.114,  1.381
 35160,  0.845,  1.393,  6.348,  2.093,  1.398
 35220,  0.842,  1.446,  6.525,  2.053,  1.373
 35280,  0.790,  1.367,  6.440,  2.076,  1.543
 35340,  0.808,  1.425,  6.334,  2.044,  1.458
 35400,  0.784,  1.430,  6.175,  2.014,  1.433
 35460,  0.789,  1.430,  6.150,  2.052,  1.370
 35520,  0.802,  1.502,  6.281,  1.920,  1.428
 35580,  0.780,  1.524,  6.423,  2.044,  1.469
 35640,  0.804,  1.352,  5.938,  1.986,  1.425
 35700,  0.797,  1.281,  6.166,  1.899,  1.447
 35760,  0.807,  1.451,  6.449,  1.978,  1.549
 35820,  0.806,  1.462,  6.500,  1.971,  1.409
 35880,  0.773,  1.302,  5.920,  1.928,  1.401
 35940,  0.769,  1.470,  5.842,  1.925,  1.491
 36000,  0.756,  1.401,  5.880,  1.847,  1.351
 36060,  0.733,  1.486,  5.770,  1.978,  1.412
 36120,  0.750,  1.468,  6.050,  1.937,  1.286
 36180,  0.782,  1.242,  5.552,  1.937,  1.297
 36240,  0.773,  1.460,  6.095,  1.961,  1.413
 36300,  0.776,  1.697,  6.011,  1.970,  1.321
 36360,  0.775,  1.428,  5.317,  1.929,  1.408
 36420,  0.793,  1.382,  5.742,  1.964,  1.422
 36480,  0.779,  1.462,  6.038,  2.037,  1.350
 36540,  0.757,  1.432,  5.088,  1.984,  1.416
 36600,  0.722,  1.420,  5.384,  1.811,  1.216
 36660,  0.750,  1.425,  5.486,  1.863,  1.353
 36720,  0.757,  1.350,  5.265,  1.847,  1.263
 36780,  0.757,  1.262,  5.195,  1.838,  1.175
 36840,  0.770,  1.432,  5.893,  1.892,  1.382
 36900,  0.770,  1.273,  5.533,  1.811,  1.362
 36960,  0.760,  1.336,  5.890,  1.863,  1.424
 37020,  0.763,  1.336,  5.686,  1.813,  1.445
 37080,  0.792,  1.409,  5.648,  1.769,  1.346
 37140,  0.769,  1.439,  6.183,  1.714,  1.477
 37200,  0.760,  1.281,  5.688,  1.800,  1.414
 37260,  0.760,  1.379,  6.021,  1.706,  1.342
 37320,  0.780,  1.378,  6.219,  1.743,  1.389
 37380,  0.762,  1.313,  6.333,  1.779,  1.399
 37440,  0.760,  1.257,  5.724,  1.551,  1.306
 37500,  0.753,  1.116,  5.462,  1.691,  1.337
 37560,  0.774,  1.351,  6.103,  1.697,  1.456
 37620,  0.783,  1.138,  6.130,  1.696,  1.440
 37680,  0.779,  1.285,  5.859,  1.646,  1.369
 37740,  0.787,  1.279,  5.656,  1.678,  1.351
 37800,  0.762,  1.315,  6.178,  1.681,  1.427
 37860,  0.821,  1.113,  6.494,  1.735,  1.460
 37920,  0.791,  1.072,  5.571,  1.647,  1.333
 37980,  0.783,  1.099,  5.537,  1.630,  1.383
 38040,  0.846,  1.121,  6.081,  1.685,  1.366
 38100,  0.838,  1.183,  6.493,  1.697,  1.427
 38160,  0.824,  0.991,  6.008,  1.644,  1.385
 38220,  0.829,  1.054,  5.899,  1.580,  1.410
 38280,  0.815,  1.321,  6.178,  1.654,  1.415
 38340,  0.848,  1.342,  5.338,  1.785,  1.459
 38400,  0.817,  1.395,  4.922,  1.723,  1.059
 38460,  0.742,  1.059,  5.449,  1.559,  1.383
 38520,  0.769,  0.949,  5.299,  1.594,  1.371
 38580,  0.773,  1.089,  5.760,  1.587,  1.323
 38640,  0.770,  0.979,  5.494,  1.597,  1.353
 38700,  0.797,  1.132,  5.914,  1.506,  1.417
 38760,  0.759,  1.035,  5.384,  1.572,  1.322
 38820,  0.767,  0.923,  5.594,  1.453,  1.407
 38880,  0.762,  1.066,  6.268,  1.544,  1.321
 38940,  0.771,  1.013,  6.415,  1.600,  1.372
 39000,  0.796,  1.117,  5.750,  1.606,  1.443
 39060,  0.781,  1.017,  5.981,  1.600,  1.418
 39120,  0.803,  0.959,  6.312,  1.554,  1.407
 39180,  0.767,  0.988,  5.732,  1.643,  1.390
 39240,  0.758,  0.940,  5.684,  1.661,  1.334
 39300,  0.798,  0.937,  5.825,  1.599,  1.416
 39360,  0.774,  1.070,  6.257,  1.704,  1.297
 39420,  0.771,  1.051,  6.544,  1.531,  1.240
 39480,  0.778,  1.038,  5.758,  1.520,  1.401
 39540,  0.763,  0.915,  5.814,  1.689,  1.258
 39600,  0.776,  0.994,  6.444,  1.667,  1.408
 39660,  0.746,  1.151,  6.231,  1.578,  1.372
 39720,  0.776,  1.074,  5.963,  1.470,  1.302
 39780,  0.777,  1.050,  6.006,  1.558,  1.314
 39840,  0.762,  1.223,  6.426,  1.641,  1.443
 39900,  0.769,  0.958,  6.307,  1.598,  1.240
 39960,  0.776,  0.996,  6.424,  1.631,  1.407
 40020,  0.794,  1.053,  6.076,  1.695,  1.361
 40080,  0.802,  1.071,  5.959,  1.623,  1.333
 40140,  0.773,  1.114,  6.083,  1.587,  1.341
 40200,  0.778,  1.149,  6.745,  1.724,  1.356
 40260,  0.707,  0.985,  5.957,  1.639,  1.406
 40320,  0.772,  1.097,  6.194,  1.702,  1.283
 40380,  0.738,  1.070,  5.534,  1.606,  1.419
 40440,  0.746,  1.082,  6.560,  1.623,  1.356
 40500,  0.755,  1.118,  6.326,  1.608,  1.356
 40560,  0.724,  1.016,  6.299,  1.574,  1.402
