CampaignData_and_Merges/R0/CSL_MobileLab_Parked/raw/20240814/USOS-Picarro-CO2-CH4-CO-H2O_MobileLabGround_20240814_R0.ict
38, 1001
Ilana Pollack, Nell Schafer, and Jeff Peischl
NOAA Chemical Sciences Laboratory
Picarro 2401-m CO2/CH4/CO/H2O Analyzer
USOS
1, 1
2024, 08, 14, 2024, 11, 20
0
StartTime_UTC, seconds_past_midnight, seconds past midnight
5
1, 1, 1, 1, 1
-9999, -9999, -9999, -9999, -9999
StopTime_UTC, seconds_past_midnight, seconds past midnight
CO2_ppm_1min, ppm, Gas_CO2_InSitu_S_DMF, carbon dioxide mixing ratio
CH4_ppb_1min, ppb, Gas_CH4_InSitu_S_DMF, methane mixing ratio
CO_ppb_1min, ppb, Gas_CO_InSitu_S_DMF, carbon monoxide mixing ratio
H2O_ppmv_1min, ppmv, Met_H2OMRV_InSitu_S_AVMR, water vapor mixing ratio
1
SPECIAL COMMENTS: N/A
18
PI_CONTACT_INFO: Address: NOAA Chemical Sciences Laboratory, Mail Stop CSL7, 325 Broadway, Boulder, CO 80305; Email: Ilana.Pollack@noaa.gov
PLATFORM: NOAA CSL Mobile Laboratory
LOCATION: The mobile lab was stationed in Salt Lake City, Utah.
ASSOCIATED_DATA: N/A
INSTRUMENT_INFO: CO2, CH4, and CO are reported as dry air mole fractions using a commercial wavelength-scanned cavity ring-down analyzer (Picarro 2401-m). An in-field calibration gas standard of 432±0.07 ppm CO2, 2095±1 ppb CH4, and 183±1 ppb CO, calibrated in the Boulder laboratories before and after the field project using primary CO2, CH4, and CO standard tanks tied to the WMO standard (X2019, X2004A, and X2014A, respectively) from the Global Monitoring Laboratory (GML), was delivered to the inlet every 2-3 days to evaluate instrument sensitivity. A H2O measurement was calibrated before the project with a Dew Point Mirror 373 hygrometer. The water correction calculated from these calibrations was applied to the H2O measurement for the entire campaign. Species are measured at 0.5 Hz and reported as 1-minute averages for stationary measurements.
DATA_INFO: Units: CO2, ppm, dry air mole fraction; CH4, ppb, dry air mole fraction; CO, ppb, dry air mole fraction; H2O, ppmv
UNCERTAINTY: Total uncertainties are estimated as ±0.1 ppm for CO2, ±1 ppb for CH4, ±5 ppb for CO, and ±(50 ppm + 4%) for H2O.
ULOD_FLAG: -7777
ULOD_VALUE: N/A
LLOD_FLAG: -8888
LLOD_VALUE: N/A
DM_CONTACT_INFO: Data Manager: Nathan Howard; nathan.h.howard@noaa.gov
PROJECT_INFO: USOS Dates of Study: July – August 2024
STIPULATIONS_ON_USE: Use of these data require prior ok from PI.
OTHER_COMMENTS: Data are averaged to 1 minute intervals. Stationary data collected from a 10 ft tower on top of the mobile van.
REVISION: R0
R0: Final Data
StartTime_UTC, StopTime_UTC, CO2_ppm_1min, CH4_ppb_1min, CO_ppb_1min, H2O_ppmv_1min
[from data line 384]
23040,23100,432.09,1951.1,106.5,14470.2813
23100,23160,431.89,1951.0,102.9,14429.5547
23160,23220,432.19,1950.6,102.7,14434.1475
23220,23280,431.97,1950.8,104.8,14411.8818
23280,23340,431.67,1951.0,104.0,14342.8994
23340,23400,432.00,1951.3,102.5,14391.7500
23400,23460,431.14,1950.6,101.8,14257.9824
23460,23520,431.58,1951.1,102.2,14320.3232
23520,23580,431.85,1951.7,102.0,14405.1572
23580,23640,432.49,1952.8,106.2,14450.8564
23640,23700,431.98,1951.5,106.1,14429.0449
23700,23760,432.05,1951.6,103.1,14517.9102
23760,23820,432.73,1951.5,101.1,14571.4580
23820,23880,432.09,1951.3,103.3,14536.7744
23880,23940,432.19,1952.1,103.2,14532.0938
23940,24000,432.34,1952.2,102.9,14549.9355
24000,24060,432.58,1952.5,103.5,14568.5938
24060,24120,433.92,1952.8,103.7,14769.7188
24120,24180,434.94,1953.9,102.6,14809.9082
24180,24240,433.52,1953.2,120.9,14608.0850
24240,24300,433.80,1953.1,120.1,14648.7188
24300,24360,434.67,1952.7,114.2,14651.2500
24360,24420,434.27,1952.4,115.6,14696.0459
24420,24480,434.70,1954.7,121.5,14721.2090
24480,24540,434.40,1955.7,105.6,14724.5605
24540,24600,433.55,1953.9,103.4,14653.9258
24600,24660,433.66,1953.2,101.1,14691.6475
24660,24720,434.84,1954.5,104.5,14857.2002
24720,24780,433.60,1952.6,104.9,14680.9219
24780,24840,433.10,1952.2,103.9,14633.1836
24840,24900,433.67,1952.9,104.7,14690.4971
24900,24960,433.77,1952.9,104.0,14711.5049
24960,25020,432.90,1952.2,102.5,14589.5127
25020,25080,433.25,1952.4,103.3,14612.8506
25080,25140,433.20,1952.1,105.4,14605.7422
25140,25200,432.94,1952.1,103.9,14534.3105
25200,25260,434.53,1953.0,104.5,14689.4473
25260,25320,435.09,1954.4,105.5,14779.1699
25320,25380,435.43,1953.6,105.6,14787.0117
25380,25440,434.32,1954.9,105.1,14676.6885
25440,25500,433.90,1954.6,105.0,14639.8154
25500,25560,433.64,1955.6,105.2,14594.9668
25560,25620,432.91,1952.8,106.6,14512.0107
25620,25680,434.20,1953.0,102.7,14729.1641
25680,25740,434.03,1953.4,103.8,14702.5205
25740,25800,434.18,1954.7,103.3,14703.4521
25800,25860,434.00,1954.9,104.1,14681.3760
25860,25920,434.32,1954.4,106.7,14730.8975
25920,25980,434.10,1953.6,102.4,14696.2705
25980,26040,434.48,1953.6,104.6,14775.1992
26040,26100,434.45,1953.4,104.6,14729.5684
26100,26160,435.40,1953.5,102.7,14797.9336
26160,26220,434.68,1953.9,104.5,14771.5967
26220,26280,434.36,1953.7,103.7,14731.3525
26280,26340,434.73,1953.9,101.2,14766.1699
26340,26400,434.42,1953.8,103.3,14693.8525
26400,26460,434.65,1954.6,102.7,14764.9678
26460,26520,433.76,1953.3,103.1,14594.6279
26520,26580,434.92,1954.0,103.4,14797.4004
26580,26640,434.33,1953.3,101.8,14627.0527
26640,26700,433.66,1951.8,103.6,14473.6680
26700,26760,432.67,1951.5,102.9,14441.2988
26760,26820,432.97,1952.0,102.6,14524.4424
26820,26880,432.91,1951.7,101.0,14468.5195
26880,26940,433.24,1951.8,102.0,14542.2773
26940,27000,433.03,1952.2,103.9,14500.0234
27000,27060,433.42,1952.7,103.6,14580.1846
27060,27120,433.38,1952.2,101.8,14546.2686
27120,27180,432.54,1951.4,101.6,14380.0752
27180,27240,432.80,1951.8,101.6,14378.9326
27240,27300,433.78,1952.0,135.1,14460.8975
27300,27360,433.01,1951.7,117.0,14412.5361
27360,27420,432.76,1951.1,103.2,14412.9375
27420,27480,432.60,1951.2,100.0,14387.6387
27480,27540,432.97,1951.7,100.9,14460.1738
27540,27600,432.79,1951.9,101.9,14465.0508
27600,27660,432.31,1952.1,100.9,14383.1143
27660,27720,432.66,1952.2,101.7,14413.7715
27720,27780,432.89,1952.2,101.6,14545.4365
27780,27840,432.45,1952.4,101.0,14448.7920
27840,27900,432.34,1952.3,101.1,14403.8008
27900,27960,433.07,1952.6,103.7,14474.0303
27960,28020,432.99,1952.3,103.1,14504.6475
28020,28080,432.90,1952.3,101.4,14452.2588
28080,28140,432.95,1952.5,101.3,14498.0322
28140,28200,433.01,1952.4,101.5,14480.9033
28200,28260,433.46,1952.6,100.4,14528.0996
28260,28320,433.31,1952.6,102.1,14555.0518
28320,28380,433.13,1952.3,101.3,14543.0879
28380,28440,433.37,1952.7,101.4,14615.1592
28440,28500,433.15,1952.7,101.2,14523.2598
28500,28560,433.17,1952.6,100.7,14505.5547
28560,28620,434.08,1953.0,101.4,14645.4434
28620,28680,433.44,1952.9,117.6,14527.9961
28680,28740,432.86,1952.7,103.2,14459.6533
28740,28800,433.57,1952.9,101.4,14596.8174
28800,28860,433.32,1953.0,100.4,14530.6953
28860,28920,433.28,1953.0,102.3,14528.4697
28920,28980,433.11,1953.0,100.7,14473.5459
28980,29040,433.26,1952.9,101.4,14519.7979
29040,29100,433.16,1953.0,110.6,14465.1875
29100,29160,433.19,1953.2,106.9,14467.9121
29160,29220,433.42,1953.0,103.7,14505.7158
29220,29280,433.67,1952.9,102.5,14500.0166
29280,29340,433.61,1952.9,101.4,14526.3984
29340,29400,433.51,1952.4,102.2,14489.1611
29400,29460,433.88,1952.5,101.9,14543.1260
29460,29520,433.51,1952.3,105.6,14431.1230
29520,29580,433.31,1952.2,103.1,14427.2822
29580,29640,433.44,1952.6,100.7,14487.2354
29640,29700,433.49,1952.7,103.4,14508.0107
29700,29760,433.36,1952.6,101.4,14493.3672
29760,29820,433.70,1953.0,102.0,14527.6104
29820,29880,434.14,1953.4,102.9,14629.9912
29880,29940,433.97,1953.4,102.8,14578.7158
29940,30000,433.76,1953.4,101.9,14552.0684
30000,30060,433.73,1953.5,100.9,14550.4346
30060,30120,433.61,1953.4,102.9,14534.5166
30120,30180,433.81,1953.7,100.3,14574.0527
30180,30240,434.11,1953.9,102.8,14576.5557
30240,30300,433.86,1953.5,101.9,14543.7432
30300,30360,433.71,1953.5,101.6,14566.9414
30360,30420,433.95,1953.7,101.6,14551.6465
30420,30480,434.14,1954.1,103.6,14619.5322
30480,30540,433.65,1953.8,101.9,14548.6123
30540,30600,433.59,1953.9,101.8,14542.8555
30600,30660,433.68,1953.9,101.3,14560.1426
30660,30720,434.21,1954.0,101.3,14638.3984
30720,30780,433.47,1953.2,102.6,14488.4668
30780,30840,433.64,1953.3,101.5,14565.4580
30840,30900,433.97,1953.3,101.2,14590.9707
30900,30960,433.31,1952.7,102.7,14482.5410
30960,31020,433.46,1952.8,100.8,14537.7539
31020,31080,433.98,1953.2,101.2,14595.2705
31080,31140,434.38,1953.2,101.5,14647.7393
31140,31200,433.60,1953.0,102.3,14571.4834
31200,31260,433.47,1953.0,102.7,14578.5576
31260,31320,433.87,1953.5,101.8,14629.6367
31320,31380,433.89,1953.5,102.4,14686.6348
31380,31440,433.45,1953.1,103.1,14621.3438
31440,31500,433.29,1953.1,101.2,14531.2969
31500,31560,433.36,1953.4,102.6,14565.4844
31560,31620,433.76,1953.6,102.3,14642.4678
31620,31680,434.07,1954.2,102.8,14655.3037
31680,31740,434.82,1954.2,102.7,14793.4863
31740,31800,434.05,1954.2,103.1,14710.4307
31800,31860,434.75,1954.5,101.0,14766.9541
31860,31920,433.82,1954.4,101.5,14657.0840
31920,31980,434.18,1954.2,103.0,14735.5361
31980,32040,434.19,1954.4,101.6,14747.0742
32040,32100,434.12,1954.5,101.3,14722.6670
32100,32160,434.10,1954.5,101.8,14761.3096
32160,32220,434.36,1954.6,102.0,14733.6221
32220,32280,433.96,1954.4,101.0,14681.2578
32280,32340,434.60,1954.6,102.2,14823.4082
32340,32400,434.52,1954.7,101.8,14793.3750
32400,32460,434.24,1954.4,102.3,14734.7520
32460,32520,435.23,1954.8,102.4,14809.1650
32520,32580,434.29,1954.9,103.0,14689.1338
32580,32640,434.74,1955.4,101.3,14736.5840
32640,32700,434.58,1955.2,105.3,14739.8320
32700,32760,434.50,1955.1,102.2,14721.3008
32760,32820,435.03,1955.8,103.8,14810.2559
32820,32880,434.50,1955.7,101.8,14740.2529
32880,32940,434.74,1955.7,102.5,14759.9346
32940,33000,434.74,1955.4,102.6,14786.7461
33000,33060,434.92,1955.7,103.1,14802.1387
33060,33120,434.84,1955.8,102.9,14806.9453
33120,33180,434.91,1955.8,102.5,14806.8340
33180,33240,435.21,1956.3,103.4,14871.2803
33240,33300,435.41,1956.9,102.9,14888.0557
33300,33360,434.85,1957.1,105.1,14778.6611
33360,33420,435.37,1957.1,103.3,14841.4551
33420,33480,435.31,1956.9,103.8,14838.9326
33480,33540,435.84,1957.9,110.5,14849.5215
33540,33600,435.25,1957.5,104.2,14791.7559
33600,33660,435.16,1957.2,103.1,14766.3857
33660,33720,435.36,1956.9,102.8,14784.8301
33720,33780,435.57,1956.9,104.8,14809.0449
33780,33840,434.90,1956.5,103.6,14722.2891
33840,33900,435.22,1956.5,102.5,14756.8086
33900,33960,435.24,1956.6,106.6,14749.3203
33960,34020,435.18,1956.7,104.1,14741.0000
34020,34080,435.65,1956.6,103.5,14787.6855
34080,34140,435.71,1955.8,103.1,14756.8389
34140,34200,435.12,1955.8,102.8,14771.2393
34200,34260,435.31,1955.8,103.7,14799.7061
34260,34320,435.62,1956.2,102.4,14823.6133
34320,34380,435.33,1955.8,104.0,14768.7861
34380,34440,435.31,1957.4,103.0,14794.0352
34440,34500,435.12,1956.6,103.5,14772.3008
34500,34560,434.68,1954.8,103.5,14726.5889
34560,34620,435.01,1955.1,103.8,14743.6631
34620,34680,435.18,1955.0,104.3,14757.2090
34680,34740,435.42,1955.3,103.3,14782.6064
34740,34800,435.44,1955.6,103.5,14782.3496
34800,34860,435.27,1956.3,103.6,14757.4707
34860,34920,435.09,1955.2,102.5,14745.0586
34920,34980,435.06,1954.5,102.6,14754.1777
34980,35040,435.37,1954.8,102.5,14788.1758
35040,35100,435.34,1954.7,103.8,14772.9824
35100,35160,435.15,1954.7,102.8,14753.8223
35160,35220,435.80,1955.3,102.0,14891.1445
35220,35280,435.51,1954.9,103.3,14805.3984
35280,35340,436.20,1955.0,103.1,14891.5938
35340,35400,435.66,1954.9,102.2,14802.4814
35400,35460,435.78,1954.8,103.2,14820.2627
35460,35520,435.99,1954.8,104.1,14851.1318
35520,35580,435.76,1954.7,103.9,14821.1104
35580,35640,435.95,1954.4,103.1,14854.2949
35640,35700,436.22,1954.2,103.8,14889.8848
35700,35760,436.14,1954.4,105.4,14813.8232
35760,35820,435.88,1954.7,104.4,14838.5342
35820,35880,435.95,1954.9,104.0,14842.2852
35880,35940,436.23,1955.2,104.3,14918.6768
35940,36000,436.38,1955.4,104.6,14913.7871
36000,36060,435.92,1954.9,104.8,14826.4951
36060,36120,435.82,1954.8,104.6,14796.7676
36120,36180,435.94,1954.6,103.2,14768.2783
36180,36240,435.39,1953.5,102.4,14677.1104
36240,36300,435.37,1953.7,103.0,14717.2246
36300,36360,435.22,1953.7,103.1,14683.3984
36360,36420,435.47,1953.9,104.6,14731.9521
36420,36480,435.72,1953.9,105.0,14720.3965
36480,36540,434.50,1952.7,102.0,14513.0596
36540,36600,435.13,1953.1,101.3,14666.6221
36600,36660,435.47,1953.8,104.0,14662.6182
36660,36720,435.45,1954.1,105.5,14596.0811
36720,36780,435.85,1954.3,104.3,14656.7266
36780,36840,435.36,1954.0,104.1,14574.6475
36840,36900,435.44,1954.5,104.6,14550.2773
36900,36960,435.77,1954.9,103.5,14586.8564
36960,37020,435.84,1955.9,105.6,14603.8086
37020,37080,435.73,1954.7,103.9,14544.1768
37080,37140,436.14,1955.2,104.0,14552.6895
37140,37200,436.61,1954.6,104.7,14664.5625
37200,37260,436.80,1955.2,104.6,14638.4883
37260,37320,436.51,1954.5,104.2,14620.8252
37320,37380,435.88,1953.5,106.0,14494.4297
37380,37440,436.83,1954.3,104.0,14643.2461
37440,37500,437.32,1954.1,105.7,14638.2148
37500,37560,436.06,1953.9,107.0,14496.2354
37560,37620,435.84,1953.8,105.0,14442.2393
37620,37680,435.77,1954.7,105.5,14413.0557
37680,37740,436.16,1955.1,104.2,14450.5391
37740,37800,436.45,1954.9,106.7,14503.3408
37800,37860,437.88,1955.4,118.3,14530.7578
37860,37920,436.43,1954.7,108.2,14441.7256
37920,37980,436.80,1954.7,106.6,14463.9912
37980,38040,436.30,1955.7,104.8,14414.0332
38040,38100,435.73,1953.6,104.4,14285.9482
38100,38160,435.43,1953.7,102.1,14280.2529
38160,38220,435.54,1955.2,104.0,14233.1357
38220,38280,436.19,1955.0,104.5,14353.5654
38280,38340,435.53,1953.8,105.6,14269.1514
38340,38400,435.78,1953.9,103.8,14259.9150
38400,38460,435.84,1953.9,104.1,14272.1035
38460,38520,436.11,1954.1,104.3,14266.6299
38520,38580,436.48,1953.8,105.2,14287.5371
38580,38640,436.39,1954.4,104.6,14263.4990
38640,38700,436.38,1953.4,103.0,14246.1660
38700,38760,436.76,1954.9,107.7,14268.5918
38760,38820,436.80,1954.3,104.9,14294.4268
38820,38880,436.57,1954.3,104.9,14233.0723
38880,38940,436.22,1954.0,106.2,14203.4395
38940,39000,436.03,1953.7,112.3,14189.3838
39000,39060,435.34,1952.2,105.4,14077.4941
39060,39120,435.88,1953.0,103.6,14155.2510
39120,39180,435.95,1952.9,103.8,14148.2598
39180,39240,436.20,1952.9,103.2,14203.1895
39240,39300,436.20,1952.9,104.7,14196.8682
39300,39360,435.49,1952.6,104.4,14048.4316
39360,39420,435.92,1953.8,104.1,14141.3389
39420,39480,436.77,1954.6,106.3,14215.3643
39480,39540,436.97,1953.9,106.3,14251.5996
39540,39600,436.43,1953.8,105.0,14192.3613
39600,39660,436.35,1954.1,103.5,14191.9121
39660,39720,436.75,1954.2,104.0,14207.0684
39720,39780,436.58,1954.3,105.5,14221.3574
39780,39840,436.71,1953.6,102.7,14227.0166
39840,39900,436.46,1953.2,103.0,14250.0791
39900,39960,436.60,1953.6,104.0,14245.4385
39960,40020,436.68,1954.4,104.6,14228.9834
40020,40080,437.31,1956.2,104.5,14283.7500
40080,40140,436.43,1955.0,104.2,14181.2598
40140,40200,436.76,1954.5,104.0,14202.9629
40200,40260,438.82,1956.5,107.3,14323.0303
40260,40320,437.05,1954.1,104.2,14250.9473
40320,40380,437.07,1954.1,105.5,14279.6885
40380,40440,437.04,1954.4,104.1,14287.5449
40440,40500,437.29,1955.1,104.6,14304.5234
40500,40560,437.95,1955.3,105.7,14345.5283
40560,40620,437.36,1955.4,104.4,14304.1494
40620,40680,437.98,1955.9,105.8,14357.3027
40680,40740,437.66,1956.1,104.8,14313.4795
40740,40800,437.59,1956.6,107.6,14299.2129
40800,40860,437.40,1955.8,106.6,14277.6182
40860,40920,437.59,1955.4,105.2,14314.6582
40920,40980,437.83,1955.3,105.1,14312.1924
40980,41040,437.59,1955.3,106.9,14249.4492
41040,41100,437.69,1955.7,107.4,14278.9609
41100,41160,439.29,1955.8,106.9,14309.0947
41160,41220,437.98,1955.9,107.1,14269.1523
41220,41280,438.23,1956.4,108.2,14319.8438
41280,41340,438.32,1956.5,108.2,14302.3828
41340,41400,438.47,1956.0,109.4,14249.7705
41400,41460,438.49,1956.2,107.5,14316.6377
41460,41520,439.41,1956.7,107.6,14365.1816
41520,41580,439.99,1955.6,107.0,14416.1074
41580,41640,439.14,1955.4,107.3,14383.9648
41640,41700,437.30,1953.5,105.8,14103.2363
41700,41760,438.52,1955.3,111.8,14280.7627
41760,41820,438.20,1955.6,108.5,14251.2236
41820,41880,440.50,1956.4,113.4,14324.7393
41880,41940,439.30,1956.9,108.5,14327.7285
41940,42000,439.23,1956.1,108.4,14334.6436
42000,42060,439.21,1955.6,109.0,14329.9033
42060,42120,438.11,1954.3,107.7,14272.5078
42120,42180,438.95,1954.4,108.3,14328.3730
42180,42240,438.47,1954.6,107.5,14329.9980
42240,42300,438.51,1954.2,107.7,14305.6055
42300,42360,439.31,1954.7,108.4,14333.9697
42360,42420,439.77,1955.2,107.8,14340.0518
42420,42480,438.57,1955.4,107.7,14301.0254
42480,42540,439.28,1955.9,108.7,14330.5117
42540,42600,440.08,1956.7,115.9,14388.3018
42600,42660,439.72,1956.5,110.3,14347.7725
42660,42720,438.79,1956.8,109.7,14347.9922
42720,42780,439.64,1956.9,154.1,14341.6797
42780,42840,439.85,1957.1,157.1,14335.0557
42840,42900,441.29,1956.5,131.5,14326.7314
42900,42960,438.60,1954.2,111.3,14159.0908
42960,43020,438.55,1955.6,113.9,14146.9512
43020,43080,439.74,1957.0,121.3,14274.6123
43080,43140,439.96,1957.2,120.2,14292.5420
43140,43200,439.03,1955.7,117.2,14246.0625
43200,43260,439.50,1955.8,129.3,14301.5684
43260,43320,440.41,1955.1,174.8,14415.2275
43320,43380,438.95,1953.3,130.2,14188.1270
43380,43440,437.80,1952.5,108.2,14100.6553
43440,43500,437.58,1952.4,106.7,14106.7646
43500,43560,438.03,1953.0,106.9,14075.0127
43560,43620,438.27,1953.0,111.8,14163.5117
43620,43680,437.98,1953.3,110.5,14202.9590
43680,43740,438.81,1953.2,108.2,14277.6846
43740,43800,439.38,1953.7,118.7,14385.7725
43800,43860,438.86,1953.6,119.0,14271.1475
43860,43920,438.28,1953.4,105.1,14273.2393
43920,43980,438.52,1953.7,107.2,14305.9482
43980,44040,438.53,1953.8,105.7,14306.4785
44040,44100,439.45,1954.6,108.5,14355.8604
44100,44160,441.05,1954.5,108.8,14483.5957
44160,44220,441.50,1954.3,108.8,14462.1348
44220,44280,440.87,1953.7,109.0,14422.1582
44280,44340,440.93,1954.1,107.8,14492.0137
44340,44400,441.16,1954.0,111.5,14430.6924
44400,44460,439.98,1953.9,111.6,14432.0410
44460,44520,439.60,1954.1,113.3,14348.2686
44520,44580,440.16,1954.4,133.2,14316.2930
44580,44640,439.52,1954.3,114.1,14314.9609
44640,44700,440.92,1955.8,117.8,14371.3535
44700,44760,440.58,1954.9,156.8,14352.2578
44760,44820,441.06,1954.1,131.4,14285.7051
44820,44880,438.51,1953.2,109.7,14238.9248
44880,44940,439.19,1953.6,109.4,14250.3906
44940,45000,440.09,1954.3,117.9,14297.3838
45000,45060,442.28,1955.5,148.2,14391.8887
45060,45120,440.44,1953.7,133.6,14259.8047
45120,45180,439.31,1953.4,112.2,14283.2441
45180,45240,439.22,1953.8,112.5,14304.7295
45240,45300,439.09,1953.8,118.4,14268.3623
45300,45360,439.16,1954.0,111.1,14317.0244
