CampaignData_and_Merges/R0/CSL_MobileLab_Parked/raw/20240814/USOS-Picarro-CO2-CH4-CO-H2O_MobileLabGround_20240814_R0.ict
38, 1001
Ilana Pollack, Nell Schafer, and Jeff Peischl
NOAA Chemical Sciences Laboratory
Picarro 2401-m CO2/CH4/CO/H2O Analyzer
USOS
1, 1
2024, 08, 14, 2024, 11, 20
0
StartTime_UTC, seconds_past_midnight, seconds past midnight
5
1, 1, 1, 1, 1
-9999, -9999, -9999, -9999, -9999
StopTime_UTC, seconds_past_midnight, seconds past midnight
CO2_ppm_1min, ppm, Gas_CO2_InSitu_S_DMF, carbon dioxide mixing ratio
CH4_ppb_1min, ppb, Gas_CH4_InSitu_S_DMF, methane mixing ratio
CO_ppb_1min, ppb, Gas_CO_InSitu_S_DMF, carbon monoxide mixing ratio
H2O_ppmv_1min, ppmv, Met_H2OMRV_InSitu_S_AVMR, water vapor mixing ratio
1
SPECIAL COMMENTS: N/A
18
PI_CONTACT_INFO: Address: NOAA Chemical Sciences Laboratory, Mail Stop CSL7, 325 Broadway, Boulder, CO 80305; Email: Ilana.Pollack@noaa.gov
PLATFORM: NOAA CSL Mobile Laboratory
LOCATION: The mobile lab was stationed in Salt Lake City, Utah.
ASSOCIATED_DATA: N/A
INSTRUMENT_INFO: CO2, CH4, and CO are reported as dry air mole fractions using a commercial wavelength-scanned cavity ring-down analyzer (Picarro 2401-m). An in-field calibration gas standard of 432±0.07 ppm CO2, 2095±1 ppb CH4, and 183±1 ppb CO, calibrated in the Boulder laboratories before and after the field project using primary CO2, CH4, and CO standard tanks tied to the WMO standard (X2019, X2004A, and X2014A, respectively) from the Global Monitoring Laboratory (GML), was delivered to the inlet every 2-3 days to evaluate instrument sensitivity. A H2O measurement was calibrated before the project with a Dew Point Mirror 373 hygrometer. The water correction calculated from these calibrations was applied to the H2O measurement for the entire campaign. Species are measured at 0.5 Hz and reported as 1-minute averages for stationary measurements.
DATA_INFO: Units: CO2, ppm, dry air mole fraction; CH4, ppb, dry air mole fraction; CO, ppb, dry air mole fraction; H2O, ppmv
UNCERTAINTY: Total uncertainties are estimated as ±0.1 ppm for CO2, ±1 ppb for CH4, ±5 ppb for CO, and ±(50 ppm + 4%) for H2O.
ULOD_FLAG: -7777
ULOD_VALUE: N/A
LLOD_FLAG: -8888
LLOD_VALUE: N/A
DM_CONTACT_INFO: Data Manager: Nathan Howard; nathan.h.howard@noaa.gov
PROJECT_INFO: USOS Dates of Study: July – August 2024
STIPULATIONS_ON_USE: Use of these data require prior ok from PI.
OTHER_COMMENTS: Data are averaged to 1 minute intervals. Stationary data collected from a 10 ft tower on top of the mobile van.
REVISION: R0
R0: Final Data
StartTime_UTC, StopTime_UTC, CO2_ppm_1min, CH4_ppb_1min, CO_ppb_1min, H2O_ppmv_1min
0,60,-9999,-9999,-9999,-9999
60,120,-9999,-9999,-9999,-9999
120,180,-9999,-9999,-9999,-9999
180,240,-9999,-9999,-9999,-9999
240,300,-9999,-9999,-9999,-9999
300,360,-9999,-9999,-9999,-9999
360,420,-9999,-9999,-9999,-9999
420,480,-9999,-9999,-9999,-9999
480,540,-9999,-9999,-9999,-9999
540,600,-9999,-9999,-9999,-9999
600,660,-9999,-9999,-9999,-9999
660,720,-9999,-9999,-9999,-9999
720,780,-9999,-9999,-9999,-9999
780,840,-9999,-9999,-9999,-9999
840,900,-9999,-9999,-9999,-9999
900,960,-9999,-9999,-9999,-9999
960,1020,-9999,-9999,-9999,-9999
1020,1080,431.25,1954.8,128.9,17707.2813
1080,1140,434.25,1955.2,146.1,17658.2070
1140,1200,431.20,1955.4,122.3,17771.4082
1200,1260,433.23,1955.9,137.9,18019.8633
1260,1320,431.07,1955.5,131.8,18246.5176
1320,1380,430.71,1954.9,119.7,18480.9219
1380,1440,430.34,1955.3,122.5,18441.9043
1440,1500,434.18,1956.2,147.5,18342.8438
1500,1560,432.25,1956.5,129.1,18654.6445
1560,1620,429.61,1957.0,132.8,18405.2832
1620,1680,428.98,1959.2,122.0,18654.6367
1680,1740,428.93,1958.3,116.5,18475.2676
1740,1800,427.97,1956.6,115.7,18061.6328
1800,1860,429.35,1956.5,121.4,17895.2891
1860,1920,427.53,1955.2,112.1,17699.5781
1920,1980,428.29,1954.9,109.2,17684.9941
1980,2040,428.84,1954.6,115.2,17943.1289
2040,2100,428.95,1954.3,115.1,17987.9160
2100,2160,427.18,1953.4,107.0,17708.8223
2160,2220,426.68,1952.7,105.3,17315.7363
2220,2280,427.90,1952.8,111.8,17440.7578
2280,2340,426.79,1952.1,114.0,17406.8027
2340,2400,427.47,1953.8,185.9,17569.5254
2400,2460,427.21,1952.5,114.9,17137.4883
2460,2520,427.04,1952.3,115.7,17212.2988
2520,2580,426.90,1952.4,112.6,17315.4668
2580,2640,427.62,1953.1,113.9,17809.9727
2640,2700,427.70,1952.8,117.7,17496.8418
2700,2760,427.17,1952.7,107.8,17512.2207
2760,2820,427.72,1952.5,105.2,17755.6660
2820,2880,427.65,1952.8,109.2,17945.9805
2880,2940,428.29,1952.8,116.2,17809.3516
2940,3000,427.82,1952.4,116.9,17338.4336
3000,3060,426.89,1952.1,106.1,17130.6758
3060,3120,427.41,1951.9,108.8,17114.2402
3120,3180,426.50,1952.1,106.2,16852.3672
3180,3240,427.72,1951.8,113.6,16795.5020
3240,3300,426.21,1951.7,105.6,16606.5137
3300,3360,427.70,1952.4,107.7,16876.1191
3360,3420,426.60,1951.9,106.3,16542.5059
3420,3480,427.13,1952.0,140.5,16875.8945
3480,3540,426.49,1951.6,112.0,16786.7461
3540,3600,427.16,1951.7,103.7,17263.2461
3600,3660,427.09,1951.8,106.8,17173.4512
3660,3720,426.63,1951.3,106.0,17205.4648
3720,3780,426.69,1951.3,109.2,17230.0918
3780,3840,426.36,1951.1,104.7,17113.4961
3840,3900,427.45,1951.5,110.7,17430.9883
3900,3960,426.89,1951.1,104.0,17297.5820
3960,4020,426.72,1951.0,104.0,17290.1035
4020,4080,427.44,1951.0,113.8,17602.2539
4080,4140,427.13,1951.0,106.3,17552.0176
4140,4200,427.71,1951.0,107.9,17516.3770
4200,4260,427.12,1951.1,107.3,17398.9336
4260,4320,428.53,1951.1,112.1,17490.5625
4320,4380,427.63,1951.1,109.5,17425.9160
4380,4440,428.57,1951.3,120.7,17634.7656
4440,4500,427.57,1951.2,108.9,17008.0527
4500,4560,428.16,1951.6,109.6,17234.2090
4560,4620,428.07,1951.5,109.7,17347.9258
4620,4680,428.21,1951.6,112.8,17416.3223
4680,4740,428.36,1951.5,109.0,17143.7031
4740,4800,429.88,1951.8,114.2,17095.2266
4800,4860,432.41,1952.4,134.0,17408.8145
4860,4920,427.87,1951.8,107.0,17407.4688
4920,4980,429.45,1951.9,117.5,17651.8594
4980,5040,429.45,1952.3,113.7,17186.8828
5040,5100,429.94,1953.1,113.1,17551.6875
5100,5160,432.80,1954.1,127.8,17810.9219
5160,5220,431.81,1954.1,120.2,17903.9941
5220,5280,430.45,1953.4,116.9,17774.2520
5280,5340,432.91,1953.6,123.5,17970.4258
5340,5400,435.47,1954.3,147.9,18170.6680
5400,5460,430.36,1953.5,119.3,17868.0527
5460,5520,432.86,1954.0,131.0,17853.6230
5520,5580,432.52,1955.3,130.2,17913.7695
5580,5640,431.71,1954.6,129.7,17977.4004
5640,5700,433.53,1953.7,134.1,17799.1367
5700,5760,432.66,1952.9,118.7,18095.6777
5760,5820,430.33,1952.1,116.1,17991.8301
5820,5880,429.22,1951.5,108.7,17679.8887
5880,5940,429.85,1951.2,110.3,17767.0117
5940,6000,429.60,1951.5,114.8,18117.2285
6000,6060,428.84,1951.2,107.8,17665.4766
6060,6120,430.13,1951.4,119.8,17829.9727
6120,6180,429.11,1951.6,111.4,17622.7793
6180,6240,429.54,1951.4,119.3,17602.3438
6240,6300,430.20,1951.3,114.5,17752.0137
6300,6360,430.36,1951.5,109.0,17949.5332
6360,6420,430.32,1951.4,109.1,18061.7070
6420,6480,430.13,1951.3,108.3,17623.2148
6480,6540,431.27,1951.3,113.1,17912.5664
6540,6600,430.50,1951.2,147.7,17678.9551
6600,6660,429.63,1951.0,125.0,17683.4336
6660,6720,429.59,1950.8,113.3,17537.4688
6720,6780,430.23,1951.0,114.9,17715.0156
6780,6840,430.11,1950.5,114.5,17724.8750
6840,6900,429.69,1950.2,111.0,17510.2207
6900,6960,429.20,1950.1,113.3,17339.7637
6960,7020,429.95,1950.1,113.1,17466.6543
7020,7080,429.44,1950.1,112.5,17441.7383
7080,7140,429.83,1950.3,115.3,17587.8770
7140,7200,429.59,1950.0,110.9,17384.4043
7200,7260,429.34,1950.1,112.8,17256.2070
7260,7320,429.14,1950.1,113.5,17043.1289
7320,7380,429.28,1950.3,113.9,17046.8945
7380,7440,429.13,1950.3,115.7,16775.0859
7440,7500,429.63,1950.5,114.2,17026.5703
7500,7560,430.32,1951.0,115.9,17120.5918
7560,7620,430.46,1950.5,120.0,16807.6172
7620,7680,431.51,1951.2,124.2,16949.1504
7680,7740,430.57,1951.7,122.0,16792.4473
7740,7800,431.04,1953.0,124.9,17080.9590
7800,7860,432.15,1955.5,138.2,17267.9414
7860,7920,432.28,1955.1,139.6,17424.7637
7920,7980,432.63,1954.9,134.5,17575.6367
7980,8040,432.64,1956.6,132.2,17642.1855
8040,8100,432.66,1956.0,133.6,17462.0488
8100,8160,431.51,1955.2,130.8,17095.4219
8160,8220,430.70,1953.2,123.1,16458.7227
8220,8280,431.38,1953.8,125.9,16795.7480
8280,8340,431.27,1953.9,121.0,16755.1055
8340,8400,432.31,1954.6,122.9,17067.7578
8400,8460,433.19,1955.0,163.8,17156.3672
8460,8520,434.89,1955.2,153.6,17435.2539
8520,8580,433.35,1953.2,154.6,16966.6348
8580,8640,430.89,1950.5,120.9,16379.4482
8640,8700,432.28,1951.1,132.3,16360.3379
8700,8760,432.65,1950.2,132.4,16086.2188
8760,8820,432.68,1950.5,125.6,16461.5020
8820,8880,432.96,1950.8,126.1,16412.1504
8880,8940,432.14,1950.6,113.3,16384.0137
8940,9000,433.28,1950.5,115.8,16286.9521
9000,9060,430.88,1950.0,109.8,15978.3857
9060,9120,431.34,1949.7,110.6,16248.6924
9120,9180,431.55,1949.5,110.5,16135.5010
9180,9240,-9999,-9999,-9999,-9999
9240,9300,-9999,-9999,-9999,-9999
9300,9360,-9999,-9999,-9999,-9999
9360,9420,432.89,1950.9,100.3,16263.2031
9420,9480,433.27,1950.8,107.5,15977.8311
9480,9540,434.05,1951.1,111.3,16264.2725
9540,9600,433.09,1951.0,114.4,15946.3682
9600,9660,433.22,1950.8,113.9,16303.8359
9660,9720,431.76,1951.3,116.7,15853.1084
9720,9780,433.88,1952.4,170.0,15880.0859
9780,9840,434.37,1952.1,145.7,15943.2100
9840,9900,431.62,1951.5,116.3,15670.5420
9900,9960,433.84,1951.0,119.0,15724.6992
9960,10020,430.67,1949.8,108.0,15459.5684
10020,10080,429.80,1949.7,105.6,15324.4893
10080,10140,431.32,1950.2,109.3,15576.4443
10140,10200,430.43,1950.0,107.0,15534.2520
10200,10260,430.67,1950.2,104.1,15580.0488
10260,10320,431.17,1950.4,109.8,15450.0840
10320,10380,432.06,1950.6,113.8,15490.2783
10380,10440,431.48,1950.3,112.9,15604.5488
10440,10500,430.66,1950.8,111.4,15408.1943
10500,10560,430.51,1950.7,109.8,15276.5771
10560,10620,431.64,1951.0,112.8,15595.1514
10620,10680,430.37,1950.8,108.4,15371.4902
10680,10740,430.28,1950.8,108.8,15435.2979
10740,10800,432.20,1950.8,115.4,15387.2637
10800,10860,430.12,1950.8,105.7,15225.9873
10860,10920,430.13,1951.4,107.7,15138.3232
10920,10980,430.09,1951.7,122.9,15350.8281
10980,11040,431.51,1952.2,138.7,15327.7559
11040,11100,431.94,1952.2,131.6,15319.8135
11100,11160,429.98,1951.7,108.8,15311.0361
11160,11220,430.05,1951.5,108.0,15313.2305
11220,11280,431.40,1952.0,111.4,15493.3203
11280,11340,430.58,1951.9,106.0,15378.4521
11340,11400,429.60,1951.6,104.9,15320.9932
11400,11460,430.88,1952.1,109.4,15506.3350
11460,11520,431.04,1952.4,116.3,15495.6689
11520,11580,430.58,1951.8,112.2,15229.0527
11580,11640,429.50,1951.2,111.3,15102.1279
11640,11700,430.93,1951.7,119.3,15196.7822
11700,11760,430.31,1951.6,106.2,15238.8984
11760,11820,430.77,1951.6,107.3,15257.4746
11820,11880,430.44,1951.2,105.3,15244.7031
11880,11940,430.00,1951.3,116.8,15074.6396
11940,12000,432.06,1952.0,114.8,15255.4414
12000,12060,430.34,1952.1,123.3,15069.6533
12060,12120,431.61,1953.4,113.2,15162.2734
12120,12180,434.05,1953.2,133.4,15229.5293
12180,12240,432.02,1952.7,122.9,15142.7607
12240,12300,432.16,1953.8,120.1,15112.0889
12300,12360,432.39,1954.8,117.0,15189.2695
12360,12420,437.02,1956.4,144.0,15384.4336
12420,12480,432.18,1956.5,119.4,15338.7100
12480,12540,430.26,1952.6,108.3,14998.3486
12540,12600,431.20,1952.9,112.4,15188.6318
12600,12660,432.26,1953.2,117.2,15028.9678
12660,12720,432.48,1955.1,123.7,15141.2588
12720,12780,435.25,1958.1,151.2,15723.6172
12780,12840,438.77,1960.6,150.0,16230.4072
12840,12900,439.46,1961.8,155.9,16399.7676
12900,12960,441.80,1962.5,165.8,16973.9531
12960,13020,443.98,1963.3,175.9,16631.2910
13020,13080,442.58,1961.8,165.7,16940.6152
13080,13140,444.05,1964.5,181.6,17075.3203
13140,13200,441.13,1963.5,162.0,16886.2188
13200,13260,439.05,1962.0,152.0,16786.7344
13260,13320,438.33,1961.9,151.3,16578.9063
13320,13380,441.27,1961.2,157.0,16809.2871
13380,13440,446.50,1962.4,186.0,16906.9902
13440,13500,442.55,1960.7,150.3,16411.5039
13500,13560,438.35,1959.1,136.5,15956.5645
13560,13620,439.81,1961.5,142.9,16161.7500
13620,13680,443.36,1965.8,173.8,16461.9473
13680,13740,445.73,1966.2,215.1,16782.7012
13740,13800,444.25,1969.2,308.9,16651.4277
13800,13860,440.09,1965.5,147.8,16150.8027
13860,13920,442.90,1964.5,167.7,16383.6104
13920,13980,435.33,1958.0,131.7,15598.2500
13980,14040,437.00,1959.2,137.1,15603.8770
14040,14100,438.02,1958.9,129.7,16015.0537
14100,14160,436.55,1959.4,136.1,15852.8779
14160,14220,436.01,1959.4,135.9,15615.4600
14220,14280,434.96,1958.3,130.2,15528.8242
14280,14340,433.35,1954.9,123.1,15158.7617
14340,14400,431.53,1951.9,117.7,14913.1172
14400,14460,431.81,1951.9,114.2,15035.2266
14460,14520,431.42,1951.5,114.4,14892.5723
14520,14580,433.10,1953.0,116.6,15281.8389
14580,14640,431.73,1954.9,113.1,15025.5811
14640,14700,436.49,1956.7,144.8,15628.6582
14700,14760,434.31,1954.1,128.5,15159.6289
14760,14820,432.74,1952.5,128.1,14906.1172
14820,14880,429.84,1949.3,106.1,14513.5039
14880,14940,429.05,1948.8,102.0,14447.9512
14940,15000,430.46,1949.6,104.3,14705.2686
15000,15060,432.23,1951.5,112.0,14967.6172
15060,15120,431.64,1951.7,107.7,15146.9170
15120,15180,431.36,1951.4,106.8,14990.8691
15180,15240,431.60,1951.1,108.3,15053.7314
15240,15300,431.14,1950.7,105.1,14770.6836
15300,15360,431.40,1950.8,109.2,15038.0078
15360,15420,431.57,1951.1,105.9,15074.7275
15420,15480,432.35,1951.9,106.7,15183.3467
15480,15540,432.21,1951.8,106.4,15038.0293
15540,15600,431.61,1950.9,104.3,14939.8457
15600,15660,431.79,1951.3,104.5,15052.8447
15660,15720,432.24,1951.9,107.5,15160.1123
15720,15780,431.22,1950.6,105.5,14941.0078
15780,15840,432.32,1951.5,105.9,15014.5684
15840,15900,432.36,1950.8,112.7,15029.5068
15900,15960,431.84,1950.3,106.1,14825.6074
15960,16020,432.12,1950.4,106.3,15029.2910
16020,16080,433.24,1951.2,116.0,14974.8057
16080,16140,432.14,1950.3,121.9,14785.8506
16140,16200,432.73,1950.4,113.3,14948.9746
16200,16260,431.86,1950.3,104.6,14916.3516
16260,16320,432.10,1950.3,105.8,14985.7070
16320,16380,432.05,1950.3,108.2,14825.9248
16380,16440,432.66,1950.4,110.7,14856.9453
16440,16500,432.40,1950.1,106.0,14892.2012
16500,16560,431.88,1950.1,108.2,14789.3115
16560,16620,432.11,1950.4,108.0,14816.4219
16620,16680,431.48,1950.0,102.9,14697.4336
16680,16740,432.54,1950.4,126.1,14821.0254
16740,16800,431.78,1949.9,106.1,14744.0176
16800,16860,432.62,1950.1,106.2,14950.3760
16860,16920,432.21,1950.0,106.9,14846.5742
16920,16980,432.15,1950.1,103.9,14815.3096
16980,17040,431.65,1949.9,107.1,14693.7754
17040,17100,431.46,1949.3,105.3,14627.2803
17100,17160,431.28,1949.5,102.5,14618.1836
17160,17220,431.96,1949.8,106.4,14788.3096
17220,17280,432.27,1949.9,109.9,14712.7871
17280,17340,431.52,1949.8,104.9,14661.3877
17340,17400,431.81,1949.8,104.1,14753.4805
17400,17460,431.62,1949.7,102.2,14767.0811
17460,17520,431.15,1949.7,101.9,14547.0469
17520,17580,431.53,1949.8,103.3,14667.1621
17580,17640,431.61,1949.9,102.9,14695.6621
17640,17700,431.51,1949.9,104.3,14782.9873
17700,17760,431.66,1949.8,104.3,14711.5420
17760,17820,431.29,1949.8,106.4,14687.6191
17820,17880,431.94,1950.0,106.6,14854.0566
17880,17940,431.22,1949.7,103.5,14725.7881
17940,18000,431.46,1949.8,103.8,14682.7383
18000,18060,431.72,1949.7,104.6,14762.8174
18060,18120,431.05,1949.6,101.8,14593.2168
18120,18180,430.93,1949.8,103.0,14588.6240
18180,18240,431.29,1949.7,110.1,14626.4053
18240,18300,431.27,1949.8,107.2,14690.7764
18300,18360,431.10,1949.6,105.4,14622.7041
18360,18420,431.04,1949.6,106.8,14597.3301
18420,18480,430.74,1949.6,102.9,14518.7314
18480,18540,430.78,1949.5,102.9,14586.2363
18540,18600,430.63,1949.8,104.0,14463.1211
18600,18660,430.76,1949.5,104.1,14533.9570
18660,18720,431.65,1949.5,111.5,14763.8984
18720,18780,431.49,1949.3,106.5,14670.3008
18780,18840,430.99,1949.4,102.5,14557.7822
18840,18900,430.88,1949.3,104.4,14547.1543
18900,18960,431.74,1949.4,103.9,14789.1758
18960,19020,430.62,1949.3,103.0,14426.8691
19020,19080,430.94,1949.4,102.6,14574.6387
19080,19140,430.87,1949.4,109.1,14475.1895
19140,19200,431.17,1949.3,101.6,14622.9170
19200,19260,431.80,1949.6,105.9,14664.6240
19260,19320,431.33,1949.4,103.4,14482.1221
19320,19380,431.11,1949.6,103.0,14609.4131
19380,19440,431.25,1949.6,104.1,14647.0781
19440,19500,430.96,1949.4,103.2,14538.3779
19500,19560,430.94,1949.6,105.2,14494.0078
19560,19620,431.17,1949.7,108.8,14630.4404
19620,19680,431.06,1949.7,103.7,14573.9814
19680,19740,431.27,1949.7,102.5,14594.5605
19740,19800,431.72,1950.0,107.5,14625.7246
19800,19860,431.55,1950.0,107.4,14538.9170
19860,19920,432.55,1950.5,107.1,14662.2334
19920,19980,431.41,1949.8,102.0,14547.1533
19980,20040,432.81,1951.2,104.6,14751.5986
20040,20100,431.90,1950.9,107.4,14622.4219
20100,20160,432.74,1951.4,107.4,14667.8164
20160,20220,432.02,1950.7,104.7,14497.0439
20220,20280,432.17,1951.8,106.7,14601.5400
20280,20340,432.34,1950.6,103.8,14656.1006
20340,20400,432.13,1951.6,102.2,14640.1729
20400,20460,432.39,1951.5,105.1,14637.7783
20460,20520,432.11,1951.1,104.8,14584.9102
20520,20580,432.99,1950.6,102.8,14833.4805
20580,20640,433.37,1951.7,105.9,14785.0107
20640,20700,432.06,1951.2,104.5,14553.7305
20700,20760,432.24,1951.2,104.5,14573.7119
20760,20820,432.33,1951.2,105.0,14612.8613
20820,20880,433.03,1952.0,104.6,14685.7275
20880,20940,432.21,1951.4,105.1,14545.0498
20940,21000,431.80,1951.8,125.8,14471.3086
21000,21060,432.44,1951.7,215.5,14507.2100
21060,21120,431.62,1950.9,135.6,14443.7373
21120,21180,431.45,1951.4,115.4,14415.9785
21180,21240,432.09,1951.7,133.1,14478.5420
21240,21300,432.31,1951.8,107.3,14616.4404
21300,21360,432.37,1951.9,106.6,14550.3340
21360,21420,432.33,1952.1,106.7,14576.5723
21420,21480,432.35,1951.4,105.1,14546.8535
21480,21540,431.85,1951.3,106.3,14451.0498
21540,21600,432.34,1951.2,103.4,14666.1533
21600,21660,431.82,1951.1,103.3,14447.4463
21660,21720,431.98,1950.5,103.1,14409.1328
21720,21780,433.05,1950.6,103.9,14659.4404
21780,21840,431.88,1950.6,103.6,14481.6289
21840,21900,431.78,1950.5,103.8,14440.4521
21900,21960,432.04,1950.7,103.2,14557.1816
21960,22020,432.05,1951.0,101.0,14505.2813
22020,22080,431.84,1950.9,102.7,14399.5254
22080,22140,431.77,1951.0,104.8,14425.7676
22140,22200,431.79,1950.3,102.0,14423.8193
22200,22260,431.76,1950.6,105.2,14423.9941
22260,22320,431.92,1950.6,103.3,14412.6123
22320,22380,431.78,1950.6,103.4,14350.4492
22380,22440,432.18,1950.7,102.0,14333.7939
22440,22500,432.80,1951.3,101.4,14524.9570
22500,22560,432.20,1950.9,104.1,14474.3291
22560,22620,431.36,1950.5,102.3,14312.6035
22620,22680,432.03,1951.1,106.8,14376.5869
22680,22740,431.56,1950.7,103.9,14323.9551
22740,22800,431.42,1950.7,102.0,14295.4678
22800,22860,432.35,1951.3,104.5,14517.7988
22860,22920,431.87,1950.7,101.9,14383.4297
22920,22980,432.01,1950.8,105.7,14390.0977
