CampaignData_and_Merges/R0/CSL_MobileLab_Parked/raw/20240814/USOS-jNO2_MobileLabGround_20240814_R0.ict
52,1001
Waxman, E.; Rollins, A.; Zuraski, K.; Chace, W.
NOAA Chemical Sciences Laboratory
jNO2 filter radiometer on CSL Mobile Lab
AMMBEC / USOS
1, 1
2024,08,14, 2025,04,01
60
Time_Start, seconds, number_of_seconds_since_0000_UTC
20
1, 1, 1, 1, 1, 1, 1, 1, 1, 1, 1, 1, 1, 1, 1, 1, 1, 1, 1, 1
-9999, -9999, -9999, -9999, -9999, -9999, -9999, -9999, -9999, -9999, -9999, -9999, -9999, -9999, -9999, -9999, -9999, -9999, -9999, -9999
Time_Stop, seconds, number_of_seconds_since_0000_UTC
jNO2_meas, per second, photolysis rate of NO2 measured using a filter radiometer.
jBrCl, per second, photolysis rate of BrCl -> Br + Cl calculated in TUV for cloud-free sky with local AOD
jBr2, per second, photolysis rate of Br2 -> Br + Br calculated in TUV for cloud-free sky with local AOD
jCCl4, per second, photolysis rate of CCl4 -> Products calcualted in TUV for cloud-free sky with local AOD
jCH2Oa, per second, photolysis rate of CH2O -> H + HCO calculated in TUV for cloud-free sky with local AOD
jCH2Ob, per second, photolysis rate of CH2O -> H2 + CO calculated in TUV for cloud-free sky with local AOD
jClNO2, per second, photolysis rate of ClNO2 -> Cl + NO2 calculated in TUV for cloud-free sky with local AOD
jClOa, per second, photolysis rate of ClO -> Cl + O(1D) calculated in TUV for cloud-free sky with local AOD
jClOb, per second, photolysis rate of ClO -> Cl + O(3P) calculated in TUV for cloud-free sky with local AOD
jCl2, per second, photolysis rate of Cl2 -> Cl + Cl calculated in TUV for cloud-free sky with local AOD
jHNO2, per second, photolysis rate of HNO2 -> OH + NO calculated in TUV for cloud-free sky with local AOD
jHNO3, per second, photolysis rate of HNO3 -> OH + NO2 calculated in TUV for cloud-free sky with local AOD
jI2, per second, photolysis rate of I2 -> I + I calculated in TUV for cloud-free sky with local AOD
jNO2, per second, photolysis rate of NO2 -> NO + O(3P) calculated in TUV for cloud-free sky with local AOD
jNO3a, per second, photolysis rate of NO3 -> NO + O2 calculated in TUV for cloud-free sky with local AOD
jNO3b, per second, photolysis rate of NO3 -> NO2 + O(3P) calculated in TUV for cloud-free sky with local AOD
jN2O5, per second, photolysis rate of N2O5 -> NO3 + NO + O(3P) calculated in TUV for cloud-free sky with local AOD
jO3, per second, photolysis rate of O3 -> O2 + O(1D) calculated in TUV for cloud-free sky with local AOD
AOD_500nm, unitless, UTC daily mean AOD at 500 nm from an AERONET station located at 40.178 N, -112.452 E
0
18
PI_CONTACT_INFO: eleanor.waxman@noaa.gov
PLATFORM: CSL Mobile Lab, at ground site
LOCATION: Salt Lake City, UT
ASSOCIATED_DATA:
INSTRUMENT_INFO: jNO2 filter radiometer.  TUV calculations are for mobile van lat/lon/altitude assuming clear sky (cloud AOD = 0) and daily mean AOD.
DATA_INFO:
UNCERTAINTY: Data uncertainties are +/- 20%.  These come from uncertainties in radiometer angular response, radiometer thermal response, local interferences from clouds/aerosols/shadows etc.
ULOD_FLAG: -7777
ULOD_VALUE: N/A
LLOD_FLAG: -8888
LLOD_VALUE: N/A
DM_CONTACT_INFO: eleanor.waxman@noaa.gov
PROJECT_INFO: USOS Project, July - August 2024
STIPULATIONS_ON_USE: Users are strongly encouraged to contact the PI for proper data usage.
OTHER_COMMENTS: 
REVISION: R0
R0: final data
Time_Start, Time_Stop, jNO2_meas, jBrCl, jBr2, jCCl4, jCH2Oa, jCH2Ob, jClNO2, jClOa, jClOb, jCl2, jHNO2, jHNO3, jI2, jNO2, jNO3a, jNO3b, jN2O5, jO3, AOD_500nm
[from data line 815]
   48900,   48960,0.0019051,0.003178,0.0119,4.119e-26,2.53e-06,6.196e-06,6.66e-05,1.538e-26,9.208e-07,0.0004192,0.0002961,2.849e-08,0.05159,0.002041,0.01132,0.08353,5.201e-06,5.994e-07,0.079
   48960,   49020,0.0019538,0.003246,0.01213,4.192e-26,2.614e-06,6.375e-06,6.847e-05,1.564e-26,9.599e-07,0.00043,0.0003038,2.95e-08,0.05238,0.002092,0.01146,0.08474,5.35e-06,6.231e-07,0.079
   49020,   49080,0.0019862,0.003313,0.01234,4.266e-26,2.7e-06,6.556e-06,7.035e-05,1.59e-26,1e-06,0.000441,0.0003116,3.052e-08,0.05316,0.002144,0.0116,0.08593,5.501e-06,6.475e-07,0.079
   49080,   49140,0.0020398,0.003376,0.01255,4.336e-26,2.782e-06,6.729e-06,7.214e-05,1.616e-26,1.039e-06,0.0004514,0.000319,3.151e-08,0.05388,0.002192,0.01173,0.08703,5.644e-06,6.711e-07,0.079
   49140,   49200,0.0020938,0.003443,0.01276,4.411e-26,2.87e-06,6.913e-06,7.405e-05,1.643e-26,1.081e-06,0.0004624,0.0003268,3.257e-08,0.05463,0.002243,0.01186,0.08816,5.797e-06,6.967e-07,0.079
   49200,   49260,0.0021351,0.003508,0.01297,4.487e-26,2.956e-06,7.094e-06,7.592e-05,1.67e-26,1.124e-06,0.0004732,0.0003345,3.362e-08,0.05535,0.002294,0.012,0.08926,5.947e-06,7.225e-07,0.079
   49260,   49320,0.0022024,0.003568,0.01316,4.554e-26,3.041e-06,7.268e-06,7.771e-05,1.694e-26,1.167e-06,0.0004834,0.0003417,3.466e-08,0.05603,0.002341,0.01212,0.09029,6.091e-06,7.479e-07,0.079
   49320,   49380,0.0022471,0.003633,0.01337,4.631e-26,3.134e-06,7.459e-06,7.967e-05,1.722e-26,1.213e-06,0.0004946,0.0003496,3.58e-08,0.05675,0.002392,0.01225,0.09138,6.249e-06,7.76e-07,0.079
   49380,   49440,0.0023014,0.003698,0.01357,4.71e-26,3.228e-06,7.652e-06,8.165e-05,1.75e-26,1.261e-06,0.0005058,0.0003576,3.695e-08,0.05746,0.002444,0.01237,0.09245,6.408e-06,8.048e-07,0.079
   49440,   49500,0.0023403,0.003759,0.01377,4.794e-26,3.318e-06,7.835e-06,8.352e-05,1.783e-26,1.308e-06,0.0005164,0.0003651,3.806e-08,0.05811,0.002493,0.01249,0.09344,6.559e-06,8.328e-07,0.079
   49500,   49560,0.0023678,0.003824,0.01397,4.808e-26,3.414e-06,8.031e-06,8.552e-05,1.789e-26,1.357e-06,0.0005277,0.000373,3.925e-08,0.0588,0.002544,0.01261,0.09448,6.72e-06,8.624e-07,0.079
   49560,   49620,0.0022406,0.003888,0.01416,4.943e-26,3.513e-06,8.229e-06,8.754e-05,1.834e-26,1.412e-06,0.000539,0.000381,4.05e-08,0.05948,0.002596,0.01273,0.09551,6.884e-06,8.955e-07,0.079
   49620,   49680,0.0023797,0.003951,0.01436,5.01e-26,3.615e-06,8.431e-06,8.958e-05,1.859e-26,1.466e-06,0.0005504,0.0003891,4.175e-08,0.06014,0.002647,0.01285,0.09652,7.05e-06,9.272e-07,0.079
   49680,   49740,0.0024686,0.004016,0.01456,5.112e-26,3.716e-06,8.634e-06,9.165e-05,1.893e-26,1.521e-06,0.000562,0.0003972,4.302e-08,0.06081,0.002699,0.01297,0.09752,7.218e-06,9.603e-07,0.079
   49740,   49800,0.0022513,0.004078,0.01475,5.196e-26,3.819e-06,8.838e-06,9.371e-05,1.923e-26,1.578e-06,0.0005734,0.0004053,4.432e-08,0.06146,0.002751,0.01308,0.0985,7.385e-06,9.943e-07,0.079
   49800,   49860,0.0019333,0.004137,0.01493,5.276e-26,3.917e-06,9.03e-06,9.565e-05,1.952e-26,1.632e-06,0.0005842,0.0004128,4.556e-08,0.06206,0.002799,0.01319,0.0994,7.543e-06,1.027e-06,0.079
   49860,   49920,0.002454,0.004199,0.01512,5.361e-26,4.022e-06,9.236e-06,9.773e-05,1.982e-26,1.692e-06,0.0005957,0.0004209,4.689e-08,0.06269,0.00285,0.0133,0.1003,7.713e-06,1.063e-06,0.079
   49920,   49980,0.0026877,0.00426,0.0153,5.448e-26,4.13e-06,9.444e-06,9.982e-05,2.013e-26,1.754e-06,0.0006072,0.0004289,4.826e-08,0.06331,0.002901,0.01341,0.1013,7.884e-06,1.1e-06,0.079
   49980,   50040,0.0027527,0.004318,0.01548,5.531e-26,4.231e-06,9.641e-06,0.0001018,2.043e-26,1.813e-06,0.000618,0.0004365,4.956e-08,0.06388,0.002949,0.01351,0.1021,8.045e-06,1.135e-06,0.079
   50040,   50100,0.0028086,0.004378,0.01566,5.62e-26,4.341e-06,9.851e-06,0.0001039,2.074e-26,1.878e-06,0.0006295,0.0004445,5.096e-08,0.06448,0.003,0.01361,0.103,8.218e-06,1.174e-06,0.079
   50100,   50160,0.0028566,0.004439,0.01584,5.71e-26,4.451e-06,1.006e-05,0.000106,2.106e-26,1.943e-06,0.000641,0.0004526,5.239e-08,0.06507,0.003051,0.01371,0.1039,8.392e-06,1.213e-06,0.079
   50160,   50220,0.0029118,0.004495,0.01601,5.795e-26,4.556e-06,1.026e-05,0.000108,2.137e-26,2.007e-06,0.0006518,0.0004601,5.374e-08,0.06562,0.003098,0.01381,0.1047,8.555e-06,1.251e-06,0.079
   50220,   50280,0.0029542,0.004554,0.01618,5.888e-26,4.669e-06,1.048e-05,0.0001101,2.169e-26,2.076e-06,0.0006633,0.0004681,5.521e-08,0.06619,0.003149,0.01391,0.1056,8.731e-06,1.292e-06,0.079
   50280,   50340,0.0029932,0.004612,0.01636,5.982e-26,4.783e-06,1.069e-05,0.0001123,2.203e-26,2.147e-06,0.0006749,0.0004761,5.67e-08,0.06676,0.003199,0.01401,0.1065,8.907e-06,1.335e-06,0.079
   50340,   50400,0.0030357,0.004667,0.01652,6.072e-26,4.891e-06,1.089e-05,0.0001143,2.234e-26,2.215e-06,0.0006857,0.0004836,5.812e-08,0.06728,0.003246,0.0141,0.1072,9.073e-06,1.375e-06,0.079
   50400,   50460,0.0030826,0.004725,0.01669,6.168e-26,5.007e-06,1.111e-05,0.0001164,2.268e-26,2.289e-06,0.0006972,0.0004916,5.965e-08,0.06783,0.003296,0.01419,0.1081,9.25e-06,1.419e-06,0.079
   50460,   50520,0.0031345,0.004782,0.01685,6.265e-26,5.124e-06,1.133e-05,0.0001186,2.303e-26,2.364e-06,0.0007087,0.0004995,6.119e-08,0.06837,0.003345,0.01428,0.1089,9.428e-06,1.465e-06,0.079
   50520,   50580,0.0031786,0.004836,0.01701,6.357e-26,5.235e-06,1.153e-05,0.0001206,2.335e-26,2.437e-06,0.0007194,0.000507,6.266e-08,0.06887,0.003392,0.01437,0.1096,9.596e-06,1.508e-06,0.079
   50580,   50640,0.0032225,0.004892,0.01717,6.457e-26,5.355e-06,1.175e-05,0.0001228,2.371e-26,2.516e-06,0.0007309,0.0005149,6.426e-08,0.0694,0.003441,0.01446,0.1104,9.776e-06,1.555e-06,0.079
   50640,   50700,0.0032648,0.004948,0.01733,6.558e-26,5.475e-06,1.197e-05,0.0001249,2.407e-26,2.596e-06,0.0007424,0.0005228,6.587e-08,0.06991,0.00349,0.01455,0.1112,9.956e-06,1.603e-06,0.079
   50700,   50760,0.0033066,0.005,0.01749,6.655e-26,5.589e-06,1.217e-05,0.000127,2.441e-26,2.674e-06,0.0007531,0.0005302,6.74e-08,0.07039,0.003535,0.01463,0.1119,1.013e-05,1.65e-06,0.079
   50760,   50820,0.0033446,0.005055,0.01764,6.759e-26,5.712e-06,1.24e-05,0.0001291,2.477e-26,2.757e-06,0.0007646,0.000538,6.905e-08,0.0709,0.003584,0.01472,0.1126,1.031e-05,1.7e-06,0.079
   50820,   50880,0.0033965,0.005109,0.0178,6.864e-26,5.833e-06,1.262e-05,0.0001313,2.514e-26,2.842e-06,0.0007759,0.0005458,7.071e-08,0.07139,0.003632,0.0148,0.1134,1.049e-05,1.751e-06,0.079
   50880,   50940,0.0034476,0.00516,0.01794,6.964e-26,5.951e-06,1.283e-05,0.0001334,2.55e-26,2.925e-06,0.0007866,0.0005532,7.231e-08,0.07185,0.003677,0.01488,0.114,1.066e-05,1.801e-06,0.079
   50940,   51000,0.0035014,0.005214,0.0181,7.072e-26,6.075e-06,1.305e-05,0.0001355,2.588e-26,3.013e-06,0.000798,0.0005609,7.4e-08,0.07233,0.003725,0.01496,0.1148,1.084e-05,1.853e-06,0.079
   51000,   51060,0.0035391,0.005267,0.01825,7.182e-26,6.203e-06,1.327e-05,0.0001377,2.627e-26,3.104e-06,0.0008093,0.0005687,7.576e-08,0.0728,0.003772,0.01504,0.1155,1.103e-05,1.908e-06,0.079
   51060,   51120,0.003586,0.005316,0.01839,7.287e-26,6.319e-06,1.348e-05,0.0001398,2.664e-26,3.189e-06,0.0008199,0.0005759,7.735e-08,0.07324,0.003817,0.01512,0.1161,1.12e-05,1.96e-06,0.079
   51120,   51180,0.0036349,0.005369,0.01854,7.401e-26,6.448e-06,1.37e-05,0.000142,2.703e-26,3.285e-06,0.0008312,0.0005836,7.915e-08,0.0737,0.003864,0.0152,0.1168,1.138e-05,2.017e-06,0.079
   51180,   51240,0.0036807,0.00542,0.01868,7.515e-26,6.567e-06,1.391e-05,0.0001441,2.744e-26,3.378e-06,0.0008423,0.0005912,8.086e-08,0.07416,0.00391,0.01527,0.1175,1.156e-05,2.073e-06,0.079
   51240,   51300,0.0037272,0.005461,0.0188,7.624e-26,6.698e-06,1.412e-05,0.000146,2.782e-26,3.47e-06,0.0008514,0.0005969,8.26e-08,0.07458,0.003945,0.01534,0.1181,1.172e-05,2.129e-06,0.079
   51300,   51360,0.0037797,0.005517,0.01895,7.742e-26,6.826e-06,1.435e-05,0.0001483,2.823e-26,3.57e-06,0.0008637,0.0006056,8.442e-08,0.07502,0.003998,0.01542,0.1188,1.192e-05,2.189e-06,0.079
   51360,   51420,0.0038292,0.005569,0.0191,7.862e-26,6.958e-06,1.459e-05,0.0001506,2.866e-26,3.669e-06,0.0008754,0.0006135,8.625e-08,0.07545,0.004045,0.01549,0.1194,1.211e-05,2.25e-06,0.079
   51420,   51480,0.0038755,0.005616,0.01923,7.976e-26,7.077e-06,1.479e-05,0.0001526,2.906e-26,3.765e-06,0.0008856,0.0006205,8.797e-08,0.07586,0.004089,0.01556,0.12,1.228e-05,2.307e-06,0.079
   51480,   51540,0.0039248,0.005665,0.01936,8.099e-26,7.208e-06,1.501e-05,0.0001547,2.949e-26,3.869e-06,0.0008967,0.000628,8.983e-08,0.07628,0.004133,0.01563,0.1206,1.246e-05,2.37e-06,0.079
   51540,   51600,0.0039694,0.005715,0.0195,8.224e-26,7.34e-06,1.524e-05,0.0001569,2.993e-26,3.974e-06,0.0009078,0.0006354,9.171e-08,0.0767,0.004179,0.0157,0.1212,1.265e-05,2.434e-06,0.079
   51600,   51660,0.0040153,0.00576,0.01963,8.344e-26,7.464e-06,1.545e-05,0.000159,3.035e-26,4.075e-06,0.0009181,0.0006424,9.349e-08,0.07709,0.004221,0.01576,0.1218,1.282e-05,2.495e-06,0.079
   51660,   51720,0.004058,0.005809,0.01976,8.472e-26,7.597e-06,1.567e-05,0.0001611,3.08e-26,4.183e-06,0.0009291,0.0006498,9.54e-08,0.07749,0.004266,0.01583,0.1224,1.301e-05,2.561e-06,0.079
   51720,   51780,0.0040979,0.005856,0.01989,8.603e-26,7.731e-06,1.589e-05,0.0001633,3.126e-26,4.293e-06,0.00094,0.0006571,9.733e-08,0.07789,0.00431,0.0159,0.123,1.319e-05,2.628e-06,0.079
   51780,   51840,0.0041375,0.005901,0.02001,8.728e-26,7.857e-06,1.611e-05,0.0001653,3.169e-26,4.399e-06,0.0009502,0.000664,9.915e-08,0.07826,0.004351,0.01596,0.1236,1.337e-05,2.692e-06,0.079
   51840,   51900,0.0041661,0.005947,0.02014,8.862e-26,7.991e-06,1.633e-05,0.0001675,3.217e-26,4.512e-06,0.000961,0.0006712,1.011e-07,0.07865,0.004395,0.01603,0.1241,1.355e-05,2.761e-06,0.079
   51900,   51960,0.0042231,0.005994,0.02027,8.999e-26,8.125e-06,1.655e-05,0.0001696,3.264e-26,4.627e-06,0.0009718,0.0006784,1.031e-07,0.07903,0.004438,0.01609,0.1247,1.373e-05,2.831e-06,0.079
   51960,   52020,0.0042675,0.006037,0.02038,9.13e-26,8.253e-06,1.676e-05,0.0001717,3.31e-26,4.737e-06,0.0009819,0.0006851,1.049e-07,0.07939,0.004479,0.01615,0.1252,1.391e-05,2.898e-06,0.079
   52020,   52080,0.0042956,0.006082,0.02051,9.273e-26,8.388e-06,1.698e-05,0.0001738,3.36e-26,4.856e-06,0.0009926,0.0006923,1.069e-07,0.07977,0.004521,0.01621,0.1258,1.409e-05,2.971e-06,0.079
   52080,   52140,0.0043329,0.006128,0.02063,9.417e-26,8.525e-06,1.721e-05,0.000176,3.41e-26,4.976e-06,0.001003,0.0006994,1.09e-07,0.08013,0.004564,0.01627,0.1263,1.428e-05,3.044e-06,0.079
   52140,   52200,0.0043782,0.00617,0.02074,9.554e-26,8.653e-06,1.741e-05,0.000178,3.458e-26,5.09e-06,0.001013,0.000706,1.109e-07,0.08048,0.004604,0.01633,0.1268,1.445e-05,3.114e-06,0.079
   52200,   52260,0.0044185,0.006214,0.02086,9.702e-26,8.789e-06,1.764e-05,0.0001801,3.51e-26,5.213e-06,0.001024,0.000713,1.129e-07,0.08083,0.004645,0.01639,0.1274,1.464e-05,3.19e-06,0.079
   52260,   52320,0.0044584,0.006258,0.02098,9.853e-26,8.927e-06,1.786e-05,0.0001822,3.562e-26,5.338e-06,0.001034,0.00072,1.15e-07,0.08119,0.004687,0.01645,0.1279,1.482e-05,3.266e-06,0.079
   52320,   52380,0.0045028,0.006298,0.02109,9.998e-26,9.056e-06,1.806e-05,0.0001842,3.613e-26,5.457e-06,0.001044,0.0007265,1.169e-07,0.08152,0.004726,0.0165,0.1284,1.499e-05,3.34e-06,0.079
   52380,   52440,0.0045516,0.006342,0.0212,1.015e-25,9.194e-06,1.828e-05,0.0001864,3.667e-26,5.585e-06,0.001055,0.0007334,1.19e-07,0.08186,0.004767,0.01656,0.1289,1.518e-05,3.418e-06,0.079
   52440,   52500,0.0045796,0.006384,0.02132,1.031e-25,9.332e-06,1.85e-05,0.0001885,3.722e-26,5.715e-06,0.001065,0.0007402,1.211e-07,0.0822,0.004808,0.01662,0.1294,1.536e-05,3.498e-06,0.079
   52500,   52560,0.0046154,0.006424,0.02142,1.046e-25,9.461e-06,1.871e-05,0.0001905,3.775e-26,5.838e-06,0.001075,0.0007466,1.231e-07,0.08252,0.004846,0.01667,0.1298,1.553e-05,3.574e-06,0.079
   52560,   52620,0.004649,0.006466,0.02154,1.063e-25,9.6e-06,1.893e-05,0.0001926,3.832e-26,5.971e-06,0.001085,0.0007534,1.252e-07,0.08285,0.004886,0.01672,0.1303,1.572e-05,3.656e-06,0.079
   52620,   52680,0.0046846,0.006507,0.02165,1.079e-25,9.739e-06,1.915e-05,0.0001947,3.89e-26,6.105e-06,0.001095,0.0007601,1.273e-07,0.08318,0.004926,0.01678,0.1308,1.59e-05,3.739e-06,0.079
   52680,   52740,0.0047359,0.006546,0.02175,1.095e-25,9.869e-06,1.935e-05,0.0001966,3.946e-26,6.233e-06,0.001105,0.0007664,1.293e-07,0.08348,0.004963,0.01683,0.1312,1.607e-05,3.818e-06,0.079
   52740,   52800,0.0047694,0.006587,0.02186,1.113e-25,1.001e-05,1.957e-05,0.0001987,4.006e-26,6.37e-06,0.001115,0.000773,1.315e-07,0.0838,0.005002,0.01688,0.1317,1.626e-05,3.903e-06,0.079
   52800,   52860,0.0048064,0.006627,0.02196,1.13e-25,1.015e-05,1.979e-05,0.0002008,4.067e-26,6.509e-06,0.001125,0.0007796,1.336e-07,0.08412,0.005041,0.01693,0.1322,1.644e-05,3.989e-06,0.079
   52860,   52920,0.0048437,0.006664,0.02206,1.147e-25,1.028e-05,1.999e-05,0.0002028,4.125e-26,6.641e-06,0.001134,0.0007858,1.357e-07,0.08441,0.005078,0.01698,0.1326,1.661e-05,4.071e-06,0.079
   52920,   52980,0.0048915,0.006704,0.02216,1.165e-25,1.042e-05,2.021e-05,0.0002048,4.189e-26,6.783e-06,0.001144,0.0007923,1.379e-07,0.08471,0.005116,0.01703,0.1331,1.679e-05,4.159e-06,0.079
   52980,   53040,0.0049377,0.006743,0.02227,1.184e-25,1.056e-05,2.042e-05,0.0002069,4.253e-26,6.926e-06,0.001154,0.0007988,1.4e-07,0.08502,0.005155,0.01708,0.1335,1.697e-05,4.248e-06,0.079
   53040,   53100,0.0049689,0.00678,0.02236,1.201e-25,1.069e-05,2.063e-05,0.0002088,4.315e-26,7.062e-06,0.001163,0.0008048,1.421e-07,0.0853,0.00519,0.01713,0.1339,1.714e-05,4.333e-06,0.079
   53100,   53160,0.0050057,0.006818,0.02246,1.22e-25,1.083e-05,2.084e-05,0.0002109,4.381e-26,7.209e-06,0.001173,0.0008112,1.443e-07,0.08559,0.005228,0.01717,0.1343,1.732e-05,4.424e-06,0.079
   53160,   53220,0.0050517,0.006856,0.02256,1.24e-25,1.097e-05,2.105e-05,0.0002129,4.449e-26,7.356e-06,0.001183,0.0008176,1.466e-07,0.08589,0.005265,0.01722,0.1348,1.75e-05,4.516e-06,0.079
   53220,   53280,0.0050845,0.006892,0.02266,1.259e-25,1.11e-05,2.125e-05,0.0002148,4.514e-26,7.496e-06,0.001192,0.0008235,1.487e-07,0.08616,0.0053,0.01727,0.1352,1.767e-05,4.604e-06,0.079
   53280,   53340,0.0051235,0.006929,0.02275,1.279e-25,1.124e-05,2.146e-05,0.0002169,4.584e-26,7.647e-06,0.001202,0.0008298,1.509e-07,0.08644,0.005337,0.01731,0.1356,1.785e-05,4.698e-06,0.079
   53340,   53400,0.0051739,0.006966,0.02285,1.3e-25,1.138e-05,2.168e-05,0.0002189,4.656e-26,7.799e-06,0.001211,0.000836,1.531e-07,0.08672,0.005373,0.01736,0.136,1.803e-05,4.793e-06,0.079
   53400,   53460,0.0051995,0.007001,0.02294,1.32e-25,1.151e-05,2.187e-05,0.0002208,4.725e-26,7.944e-06,0.00122,0.0008418,1.553e-07,0.08698,0.005407,0.0174,0.1364,1.82e-05,4.883e-06,0.079
   53460,   53520,0.0052176,0.007037,0.02303,1.341e-25,1.165e-05,2.208e-05,0.0002228,4.799e-26,8.098e-06,0.00123,0.0008479,1.575e-07,0.08726,0.005443,0.01745,0.1368,1.838e-05,4.98e-06,0.079
   53520,   53580,0.0052396,0.007073,0.02312,1.363e-25,1.179e-05,2.229e-05,0.0002248,4.875e-26,8.254e-06,0.001239,0.000854,1.598e-07,0.08753,0.005479,0.01749,0.1372,1.856e-05,5.078e-06,0.079
   53580,   53640,0.0052653,0.007107,0.02321,1.384e-25,1.192e-05,2.249e-05,0.0002267,4.947e-26,8.402e-06,0.001248,0.0008597,1.62e-07,0.08778,0.005512,0.01753,0.1375,1.873e-05,5.171e-06,0.079
   53640,   53700,0.0052853,0.007142,0.0233,1.407e-25,1.206e-05,2.27e-05,0.0002286,5.026e-26,8.561e-06,0.001258,0.0008657,1.643e-07,0.08804,0.005547,0.01757,0.1379,1.89e-05,5.271e-06,0.079
   53700,   53760,0.0053091,0.007177,0.02339,1.43e-25,1.22e-05,2.29e-05,0.0002306,5.106e-26,8.721e-06,0.001267,0.0008717,1.666e-07,0.0883,0.005582,0.01762,0.1383,1.908e-05,5.372e-06,0.079
   53760,   53820,0.0053512,0.00721,0.02348,1.452e-25,1.234e-05,2.31e-05,0.0002325,5.183e-26,8.873e-06,0.001276,0.0008773,1.687e-07,0.08854,0.005615,0.01766,0.1387,1.924e-05,5.468e-06,0.079
   53820,   53880,0.0053798,0.007244,0.02356,1.476e-25,1.247e-05,2.33e-05,0.0002344,5.267e-26,9.036e-06,0.001285,0.0008831,1.71e-07,0.0888,0.005649,0.0177,0.139,1.942e-05,5.571e-06,0.079
