CampaignData_and_Merges/R0/CSL_MobileLab_Parked/raw/20240814/USOS-jNO2_MobileLabGround_20240814_R0.ict
52,1001
Waxman, E.; Rollins, A.; Zuraski, K.; Chace, W.
NOAA Chemical Sciences Laboratory
jNO2 filter radiometer on CSL Mobile Lab
AMMBEC / USOS
1, 1
2024,08,14, 2025,04,01
60
Time_Start, seconds, number_of_seconds_since_0000_UTC
20
1, 1, 1, 1, 1, 1, 1, 1, 1, 1, 1, 1, 1, 1, 1, 1, 1, 1, 1, 1
-9999, -9999, -9999, -9999, -9999, -9999, -9999, -9999, -9999, -9999, -9999, -9999, -9999, -9999, -9999, -9999, -9999, -9999, -9999, -9999
Time_Stop, seconds, number_of_seconds_since_0000_UTC
jNO2_meas, per second, photolysis rate of NO2 measured using a filter radiometer.
jBrCl, per second, photolysis rate of BrCl -> Br + Cl calculated in TUV for cloud-free sky with local AOD
jBr2, per second, photolysis rate of Br2 -> Br + Br calculated in TUV for cloud-free sky with local AOD
jCCl4, per second, photolysis rate of CCl4 -> Products calcualted in TUV for cloud-free sky with local AOD
jCH2Oa, per second, photolysis rate of CH2O -> H + HCO calculated in TUV for cloud-free sky with local AOD
jCH2Ob, per second, photolysis rate of CH2O -> H2 + CO calculated in TUV for cloud-free sky with local AOD
jClNO2, per second, photolysis rate of ClNO2 -> Cl + NO2 calculated in TUV for cloud-free sky with local AOD
jClOa, per second, photolysis rate of ClO -> Cl + O(1D) calculated in TUV for cloud-free sky with local AOD
jClOb, per second, photolysis rate of ClO -> Cl + O(3P) calculated in TUV for cloud-free sky with local AOD
jCl2, per second, photolysis rate of Cl2 -> Cl + Cl calculated in TUV for cloud-free sky with local AOD
jHNO2, per second, photolysis rate of HNO2 -> OH + NO calculated in TUV for cloud-free sky with local AOD
jHNO3, per second, photolysis rate of HNO3 -> OH + NO2 calculated in TUV for cloud-free sky with local AOD
jI2, per second, photolysis rate of I2 -> I + I calculated in TUV for cloud-free sky with local AOD
jNO2, per second, photolysis rate of NO2 -> NO + O(3P) calculated in TUV for cloud-free sky with local AOD
jNO3a, per second, photolysis rate of NO3 -> NO + O2 calculated in TUV for cloud-free sky with local AOD
jNO3b, per second, photolysis rate of NO3 -> NO2 + O(3P) calculated in TUV for cloud-free sky with local AOD
jN2O5, per second, photolysis rate of N2O5 -> NO3 + NO + O(3P) calculated in TUV for cloud-free sky with local AOD
jO3, per second, photolysis rate of O3 -> O2 + O(1D) calculated in TUV for cloud-free sky with local AOD
AOD_500nm, unitless, UTC daily mean AOD at 500 nm from an AERONET station located at 40.178 N, -112.452 E
0
18
PI_CONTACT_INFO: eleanor.waxman@noaa.gov
PLATFORM: CSL Mobile Lab, at ground site
LOCATION: Salt Lake City, UT
ASSOCIATED_DATA:
INSTRUMENT_INFO: jNO2 filter radiometer.  TUV calculations are for mobile van lat/lon/altitude assuming clear sky (cloud AOD = 0) and daily mean AOD.
DATA_INFO:
UNCERTAINTY: Data uncertainties are +/- 20%.  These come from uncertainties in radiometer angular response, radiometer thermal response, local interferences from clouds/aerosols/shadows etc.
ULOD_FLAG: -7777
ULOD_VALUE: N/A
LLOD_FLAG: -8888
LLOD_VALUE: N/A
DM_CONTACT_INFO: eleanor.waxman@noaa.gov
PROJECT_INFO: USOS Project, July - August 2024
STIPULATIONS_ON_USE: Users are strongly encouraged to contact the PI for proper data usage.
OTHER_COMMENTS: 
REVISION: R0
R0: final data
Time_Start, Time_Stop, jNO2_meas, jBrCl, jBr2, jCCl4, jCH2Oa, jCH2Ob, jClNO2, jClOa, jClOb, jCl2, jHNO2, jHNO3, jI2, jNO2, jNO3a, jNO3b, jN2O5, jO3, AOD_500nm
[from data line 1069]
   64140,   64200,0.0080707,0.01005,0.03023,3.342e-23,2.971e-05,4.484e-05,0.0004413,1.544e-23,4.139e-05,0.002167,0.001416,5.239e-07,0.107,0.008672,0.02055,0.1652,3.935e-05,2.706e-05,0.079
   64200,   64260,0.0080637,0.01005,0.03024,3.51e-23,2.976e-05,4.49e-05,0.0004419,1.619e-23,4.155e-05,0.002169,0.001417,5.253e-07,0.107,0.008678,0.02056,0.1652,3.941e-05,2.717e-05,0.079
   64260,   64320,0.0080428,0.01006,0.03026,3.884e-23,2.985e-05,4.499e-05,0.0004428,1.785e-23,4.172e-05,0.002173,0.001419,5.272e-07,0.1071,0.008689,0.02056,0.1653,3.95e-05,2.728e-05,0.079
   64320,   64380,0.0080138,0.01007,0.03027,4.074e-23,2.99e-05,4.505e-05,0.0004434,1.876e-23,4.186e-05,0.002175,0.00142,5.284e-07,0.1071,0.008697,0.02057,0.1654,3.956e-05,2.738e-05,0.079
   64380,   64440,0.008002,0.01007,0.03028,4.261e-23,2.995e-05,4.511e-05,0.0004439,1.964e-23,4.2e-05,0.002177,0.001421,5.297e-07,0.1071,0.008703,0.02057,0.1654,3.962e-05,2.747e-05,0.079
   64440,   64500,0.0080115,0.01008,0.03029,4.476e-23,3e-05,4.516e-05,0.0004444,2.066e-23,4.214e-05,0.002179,0.001423,5.31e-07,0.1071,0.008709,0.02058,0.1655,3.968e-05,2.757e-05,0.079
   64500,   64560,0.008012,0.01008,0.03031,4.699e-23,3.005e-05,4.522e-05,0.000445,2.172e-23,4.228e-05,0.002181,0.001424,5.322e-07,0.1072,0.008716,0.02058,0.1655,3.973e-05,2.766e-05,0.079
   64560,   64620,0.0080176,0.01009,0.03032,4.899e-23,3.01e-05,4.527e-05,0.0004455,2.267e-23,4.241e-05,0.002183,0.001425,5.334e-07,0.1072,0.008722,0.02059,0.1655,3.978e-05,2.775e-05,0.079
   64620,   64680,0.0080354,0.01009,0.03033,5.141e-23,3.015e-05,4.532e-05,0.000446,2.383e-23,4.254e-05,0.002185,0.001426,5.347e-07,0.1072,0.008728,0.02059,0.1656,3.984e-05,2.785e-05,0.079
   64680,   64740,0.0080398,0.0101,0.03034,5.372e-23,3.02e-05,4.538e-05,0.0004465,2.495e-23,4.268e-05,0.002187,0.001427,5.359e-07,0.1073,0.008734,0.02059,0.1656,3.989e-05,2.794e-05,0.079
   64740,   64800,0.0080416,0.0101,0.03035,5.615e-23,3.025e-05,4.543e-05,0.000447,2.607e-23,4.281e-05,0.002189,0.001428,5.371e-07,0.1073,0.00874,0.0206,0.1656,3.994e-05,2.802e-05,0.079
   64800,   64860,0.0080675,0.01011,0.03036,5.886e-23,3.03e-05,4.548e-05,0.0004475,2.738e-23,4.294e-05,0.002191,0.001429,5.383e-07,0.1073,0.008746,0.0206,0.1657,4e-05,2.812e-05,0.079
   64860,   64920,0.0080767,0.01011,0.03037,6.16e-23,3.035e-05,4.553e-05,0.000448,2.867e-23,4.307e-05,0.002193,0.00143,5.395e-07,0.1073,0.008752,0.02061,0.1657,4.005e-05,2.821e-05,0.079
   64920,   64980,0.0080941,0.01012,0.03038,6.428e-23,3.039e-05,4.558e-05,0.0004485,2.999e-23,4.32e-05,0.002195,0.001431,5.406e-07,0.1074,0.008758,0.02061,0.1657,4.01e-05,2.829e-05,0.079
   64980,   65040,0.00811,0.01012,0.03039,6.719e-23,3.044e-05,4.563e-05,0.000449,3.138e-23,4.333e-05,0.002197,0.001432,5.418e-07,0.1074,0.008763,0.02061,0.1658,4.015e-05,2.838e-05,0.079
   65040,   65100,0.008124,0.01013,0.0304,7.017e-23,3.048e-05,4.568e-05,0.0004494,3.279e-23,4.345e-05,0.002198,0.001433,5.429e-07,0.1074,0.008769,0.02062,0.1658,4.02e-05,2.847e-05,0.079
   65100,   65160,0.0081385,0.01013,0.03041,7.315e-23,3.053e-05,4.572e-05,0.0004499,3.423e-23,4.357e-05,0.0022,0.001434,5.44e-07,0.1074,0.008774,0.02062,0.1659,4.025e-05,2.855e-05,0.079
   65160,   65220,0.0081548,0.01014,0.03042,7.636e-23,3.057e-05,4.577e-05,0.0004504,3.574e-23,4.37e-05,0.002202,0.001435,5.452e-07,0.1075,0.00878,0.02062,0.1659,4.03e-05,2.863e-05,0.079
   65220,   65280,0.0081757,0.01014,0.03043,7.974e-23,3.062e-05,4.582e-05,0.0004508,3.739e-23,4.382e-05,0.002204,0.001436,5.463e-07,0.1075,0.008785,0.02063,0.1659,4.035e-05,2.872e-05,0.079
   65280,   65340,0.0082048,0.01015,0.03044,8.301e-23,3.066e-05,4.586e-05,0.0004513,3.894e-23,4.394e-05,0.002205,0.001437,5.473e-07,0.1075,0.00879,0.02063,0.1659,4.039e-05,2.88e-05,0.079
   65340,   65400,0.0082434,0.01015,0.03045,8.656e-23,3.07e-05,4.591e-05,0.0004517,4.065e-23,4.406e-05,0.002207,0.001438,5.484e-07,0.1075,0.008796,0.02063,0.166,4.044e-05,2.888e-05,0.079
   65400,   65460,0.0082856,0.01015,0.03046,9.026e-23,3.074e-05,4.595e-05,0.0004522,4.243e-23,4.418e-05,0.002209,0.001439,5.495e-07,0.1075,0.008801,0.02064,0.166,4.049e-05,2.896e-05,0.079
   65460,   65520,0.0083168,0.01016,0.03047,9.384e-23,3.078e-05,4.6e-05,0.0004526,4.415e-23,4.429e-05,0.00221,0.00144,5.505e-07,0.1076,0.008806,0.02064,0.166,4.053e-05,2.904e-05,0.079
   65520,   65580,0.008373,0.01016,0.03048,9.776e-23,3.083e-05,4.604e-05,0.000453,4.603e-23,4.441e-05,0.002212,0.001441,5.516e-07,0.1076,0.008811,0.02064,0.1661,4.057e-05,2.912e-05,0.079
   65580,   65640,0.0084197,0.01017,0.03048,1.018e-22,3.087e-05,4.608e-05,0.0004534,4.797e-23,4.453e-05,0.002214,0.001442,5.526e-07,0.1076,0.008816,0.02065,0.1661,4.062e-05,2.92e-05,0.079
   65640,   65700,0.0084852,0.01017,0.03049,1.057e-22,3.091e-05,4.612e-05,0.0004538,4.984e-23,4.463e-05,0.002215,0.001443,5.536e-07,0.1076,0.008821,0.02065,0.1661,4.066e-05,2.927e-05,0.079
   65700,   65760,0.0085431,0.01017,0.0305,1.099e-22,3.095e-05,4.617e-05,0.0004543,5.187e-23,4.475e-05,0.002217,0.001444,5.546e-07,0.1077,0.008825,0.02065,0.1662,4.071e-05,2.935e-05,0.079
   65760,   65820,0.0086166,0.01018,0.03051,1.143e-22,3.099e-05,4.621e-05,0.0004547,5.398e-23,4.486e-05,0.002218,0.001445,5.556e-07,0.1077,0.00883,0.02065,0.1662,4.075e-05,2.943e-05,0.079
   65820,   65880,0.0087052,0.01018,0.03052,1.185e-22,3.102e-05,4.625e-05,0.000455,5.601e-23,4.496e-05,0.00222,0.001445,5.565e-07,0.1077,0.008835,0.02066,0.1662,4.079e-05,2.95e-05,0.079
   65880,   65940,0.0087778,0.01019,0.03053,1.231e-22,3.106e-05,4.629e-05,0.0004554,5.823e-23,4.507e-05,0.002221,0.001446,5.575e-07,0.1077,0.008839,0.02066,0.1662,4.083e-05,2.958e-05,0.079
   65940,   66000,0.0088503,0.01019,0.03053,1.278e-22,3.11e-05,4.633e-05,0.0004558,6.05e-23,4.518e-05,0.002223,0.001447,5.585e-07,0.1077,0.008844,0.02066,0.1663,4.087e-05,2.965e-05,0.079
   66000,   66060,0.0089177,0.01019,0.03054,1.323e-22,3.113e-05,4.637e-05,0.0004562,6.267e-23,4.528e-05,0.002224,0.001448,5.594e-07,0.1077,0.008848,0.02067,0.1663,4.091e-05,2.972e-05,0.079
   66060,   66120,0.0089705,0.0102,0.03055,1.373e-22,3.117e-05,4.64e-05,0.0004566,6.505e-23,4.538e-05,0.002226,0.001449,5.603e-07,0.1078,0.008853,0.02067,0.1663,4.095e-05,2.979e-05,0.079
   66120,   66180,0.0090126,0.0102,0.03056,1.423e-22,3.121e-05,4.644e-05,0.000457,6.748e-23,4.549e-05,0.002227,0.001449,5.612e-07,0.1078,0.008857,0.02067,0.1663,4.099e-05,2.986e-05,0.079
   66180,   66240,0.0090489,0.0102,0.03056,1.472e-22,3.124e-05,4.648e-05,0.0004573,6.982e-23,4.558e-05,0.002228,0.00145,5.621e-07,0.1078,0.008861,0.02067,0.1664,4.103e-05,2.993e-05,0.079
   66240,   66300,0.0090637,0.01021,0.03057,1.524e-22,3.128e-05,4.652e-05,0.0004577,7.236e-23,4.568e-05,0.00223,0.001451,5.63e-07,0.1078,0.008865,0.02068,0.1664,4.106e-05,2.999e-05,0.079
   66300,   66360,0.0090858,0.01021,0.03058,1.578e-22,3.131e-05,4.655e-05,0.000458,7.495e-23,4.578e-05,0.002231,0.001452,5.639e-07,0.1078,0.008869,0.02068,0.1664,4.11e-05,3.006e-05,0.079
   66360,   66420,0.009169,0.01021,0.03058,1.629e-22,3.134e-05,4.659e-05,0.0004583,7.74e-23,4.588e-05,0.002232,0.001452,5.647e-07,0.1079,0.008873,0.02068,0.1664,4.114e-05,3.013e-05,0.079
   66420,   66480,0.0092698,0.01022,0.03059,1.685e-22,3.138e-05,4.662e-05,0.0004587,8.009e-23,4.597e-05,0.002234,0.001453,5.655e-07,0.1079,0.008877,0.02068,0.1665,4.117e-05,3.019e-05,0.079
   66480,   66540,0.0093292,0.01022,0.0306,1.741e-22,3.141e-05,4.666e-05,0.000459,8.282e-23,4.607e-05,0.002235,0.001454,5.664e-07,0.1079,0.008881,0.02069,0.1665,4.121e-05,3.026e-05,0.079
   66540,   66600,0.0093487,0.01022,0.0306,1.795e-22,3.144e-05,4.669e-05,0.0004593,8.544e-23,4.615e-05,0.002236,0.001454,5.672e-07,0.1079,0.008885,0.02069,0.1665,4.124e-05,3.032e-05,0.079
   66600,   66660,0.0093467,0.01023,0.03061,1.854e-22,3.147e-05,4.672e-05,0.0004597,8.827e-23,4.625e-05,0.002237,0.001455,5.68e-07,0.1079,0.008888,0.02069,0.1665,4.128e-05,3.038e-05,0.079
   66660,   66720,0.0093454,0.01023,0.03062,1.913e-22,3.15e-05,4.675e-05,0.00046,9.11e-23,4.634e-05,0.002239,0.001456,5.688e-07,0.1079,0.008892,0.02069,0.1665,4.131e-05,3.044e-05,0.079
   66720,   66780,0.0093167,0.01023,0.03062,1.969e-22,3.153e-05,4.678e-05,0.0004603,9.384e-23,4.642e-05,0.00224,0.001456,5.695e-07,0.1079,0.008896,0.02069,0.1666,4.134e-05,3.05e-05,0.079
   66780,   66840,0.0092831,0.01024,0.03063,2.03e-22,3.156e-05,4.682e-05,0.0004606,9.678e-23,4.651e-05,0.002241,0.001457,5.703e-07,0.108,0.008899,0.0207,0.1666,4.138e-05,3.056e-05,0.079
   66840,   66900,0.0086456,0.01024,0.03063,2.092e-22,3.159e-05,4.685e-05,0.0004609,9.977e-23,4.659e-05,0.002242,0.001458,5.711e-07,0.108,0.008903,0.0207,0.1666,4.141e-05,3.062e-05,0.079
   66900,   66960,0.0081021,0.01024,0.03064,2.15e-22,3.162e-05,4.688e-05,0.0004612,1.026e-22,4.667e-05,0.002243,0.001458,5.718e-07,0.108,0.008906,0.0207,0.1666,4.144e-05,3.067e-05,0.079
   66960,   67020,0.0068054,0.01024,0.03065,2.213e-22,3.165e-05,4.691e-05,0.0004615,1.057e-22,4.676e-05,0.002244,0.001459,5.725e-07,0.108,0.008909,0.0207,0.1666,4.147e-05,3.073e-05,0.079
   67020,   67080,0.005298,0.01025,0.03065,2.276e-22,3.168e-05,4.693e-05,0.0004618,1.087e-22,4.684e-05,0.002245,0.00146,5.732e-07,0.108,0.008913,0.0207,0.1667,4.15e-05,3.079e-05,0.079
   67080,   67140,0.0045669,0.01025,0.03066,2.337e-22,3.17e-05,4.696e-05,0.000462,1.116e-22,4.691e-05,0.002246,0.00146,5.739e-07,0.108,0.008916,0.02071,0.1667,4.153e-05,3.084e-05,0.079
   67140,   67200,0.0042148,0.01025,0.03066,2.401e-22,3.173e-05,4.699e-05,0.0004623,1.148e-22,4.699e-05,0.002247,0.001461,5.746e-07,0.108,0.008919,0.02071,0.1667,4.156e-05,3.089e-05,0.079
   67200,   67260,0.0041963,0.01025,0.03067,2.466e-22,3.176e-05,4.702e-05,0.0004626,1.179e-22,4.707e-05,0.002248,0.001461,5.753e-07,0.1081,0.008922,0.02071,0.1667,4.159e-05,3.094e-05,0.079
   67260,   67320,0.0038991,0.01026,0.03067,2.528e-22,3.178e-05,4.704e-05,0.0004628,1.209e-22,4.714e-05,0.002249,0.001462,5.759e-07,0.1081,0.008925,0.02071,0.1667,4.161e-05,3.099e-05,0.079
   67320,   67380,0.0036231,0.01026,0.03068,2.594e-22,3.181e-05,4.707e-05,0.0004631,1.241e-22,4.721e-05,0.00225,0.001462,5.766e-07,0.1081,0.008928,0.02071,0.1668,4.164e-05,3.104e-05,0.079
   67380,   67440,0.0034361,0.01026,0.03068,2.659e-22,3.183e-05,4.709e-05,0.0004633,1.272e-22,4.728e-05,0.002251,0.001463,5.772e-07,0.1081,0.008931,0.02071,0.1668,4.167e-05,3.109e-05,0.079
   67440,   67500,0.0033491,0.01026,0.03069,2.721e-22,3.185e-05,4.712e-05,0.0004636,1.302e-22,4.735e-05,0.002252,0.001463,5.778e-07,0.1081,0.008933,0.02072,0.1668,4.169e-05,3.114e-05,0.079
   67500,   67560,0.0033522,0.01027,0.03069,2.787e-22,3.188e-05,4.714e-05,0.0004638,1.335e-22,4.742e-05,0.002253,0.001464,5.784e-07,0.1081,0.008936,0.02072,0.1668,4.172e-05,3.119e-05,0.079
   67560,   67620,0.0032661,0.01027,0.0307,2.854e-22,3.19e-05,4.717e-05,0.0004641,1.367e-22,4.749e-05,0.002254,0.001464,5.79e-07,0.1081,0.008939,0.02072,0.1668,4.174e-05,3.123e-05,0.079
   67620,   67680,0.0030499,0.01027,0.0307,2.916e-22,3.192e-05,4.719e-05,0.0004643,1.397e-22,4.755e-05,0.002255,0.001465,5.795e-07,0.1081,0.008941,0.02072,0.1668,4.176e-05,3.128e-05,0.079
   67680,   67740,0.0028343,0.01027,0.0307,2.981e-22,3.194e-05,4.721e-05,0.0004645,1.428e-22,4.762e-05,0.002256,0.001465,5.801e-07,0.1081,0.008944,0.02072,0.1668,4.179e-05,3.132e-05,0.079
   67740,   67800,0.0025998,0.01027,0.03071,3.047e-22,3.197e-05,4.723e-05,0.0004647,1.46e-22,4.768e-05,0.002256,0.001466,5.807e-07,0.1082,0.008946,0.02072,0.1669,4.181e-05,3.136e-05,0.079
   67800,   67860,0.0023812,0.01028,0.03071,3.109e-22,3.199e-05,4.726e-05,0.0004649,1.49e-22,4.774e-05,0.002257,0.001466,5.812e-07,0.1082,0.008949,0.02073,0.1669,4.183e-05,3.14e-05,0.079
   67860,   67920,0.0021821,0.01028,0.03072,3.174e-22,3.201e-05,4.728e-05,0.0004651,1.522e-22,4.78e-05,0.002258,0.001467,5.817e-07,0.1082,0.008951,0.02073,0.1669,4.186e-05,3.144e-05,0.079
   67920,   67980,0.0019975,0.01028,0.03072,3.239e-22,3.203e-05,4.73e-05,0.0004653,1.554e-22,4.785e-05,0.002259,0.001467,5.822e-07,0.1082,0.008953,0.02073,0.1669,4.188e-05,3.149e-05,0.079
   67980,   68040,0.0018382,0.01028,0.03072,3.3e-22,3.204e-05,4.732e-05,0.0004655,1.583e-22,4.791e-05,0.002259,0.001467,5.827e-07,0.1082,0.008955,0.02073,0.1669,4.19e-05,3.152e-05,0.079
   68040,   68100,0.0017021,0.01028,0.03073,3.362e-22,3.206e-05,4.734e-05,0.0004657,1.614e-22,4.796e-05,0.00226,0.001468,5.832e-07,0.1082,0.008958,0.02073,0.1669,4.192e-05,3.156e-05,0.079
   68100,   68160,0.0015952,0.01029,0.03073,3.425e-22,3.208e-05,4.735e-05,0.0004659,1.644e-22,4.802e-05,0.002261,0.001468,5.837e-07,0.1082,0.00896,0.02073,0.1669,4.194e-05,3.16e-05,0.079
   68160,   68220,0.0015042,0.01029,0.03074,3.484e-22,3.21e-05,4.737e-05,0.0004661,1.673e-22,4.807e-05,0.002261,0.001468,5.841e-07,0.1082,0.008962,0.02073,0.1669,4.196e-05,3.163e-05,0.079
   68220,   68280,0.0014221,0.01029,0.03074,3.546e-22,3.212e-05,4.739e-05,0.0004662,1.703e-22,4.812e-05,0.002262,0.001469,5.845e-07,0.1082,0.008964,0.02073,0.167,4.197e-05,3.167e-05,0.079
   68280,   68340,0.0013374,0.01029,0.03074,3.607e-22,3.213e-05,4.741e-05,0.0004664,1.732e-22,4.817e-05,0.002263,0.001469,5.85e-07,0.1082,0.008966,0.02073,0.167,4.199e-05,3.17e-05,0.079
   68340,   68400,0.0012523,0.01029,0.03074,3.663e-22,3.215e-05,4.742e-05,0.0004666,1.759e-22,4.821e-05,0.002263,0.001469,5.854e-07,0.1082,0.008967,0.02074,0.167,4.201e-05,3.173e-05,0.079
   68400,   68460,0.0011709,0.01029,0.03075,3.72e-22,3.216e-05,4.744e-05,0.0004667,1.787e-22,4.826e-05,0.002264,0.00147,5.858e-07,0.1082,0.008969,0.02074,0.167,4.203e-05,3.176e-05,0.079
   68460,   68520,0.0010898,0.01029,0.03075,3.778e-22,3.218e-05,4.745e-05,0.0004669,1.815e-22,4.83e-05,0.002264,0.00147,5.862e-07,0.1083,0.008971,0.02074,0.167,4.204e-05,3.179e-05,0.079
   68520,   68580,0.0010314,0.0103,0.03075,3.831e-22,3.219e-05,4.747e-05,0.000467,1.841e-22,4.834e-05,0.002265,0.00147,5.865e-07,0.1083,0.008972,0.02074,0.167,4.206e-05,3.182e-05,0.079
   68580,   68640,0.00096944,0.0103,0.03076,3.886e-22,3.221e-05,4.748e-05,0.0004672,1.868e-22,4.839e-05,0.002266,0.001471,5.869e-07,0.1083,0.008974,0.02074,0.167,4.207e-05,3.185e-05,0.079
   68640,   68700,0.00091161,0.0103,0.03076,3.939e-22,3.222e-05,4.75e-05,0.0004673,1.894e-22,4.843e-05,0.002266,0.001471,5.872e-07,0.1083,0.008976,0.02074,0.167,4.209e-05,3.188e-05,0.079
   68700,   68760,0.00083827,0.0103,0.03076,3.987e-22,3.223e-05,4.751e-05,0.0004674,1.917e-22,4.846e-05,0.002267,0.001471,5.875e-07,0.1083,0.008977,0.02074,0.167,4.21e-05,3.19e-05,0.079
   68760,   68820,0.0007715,0.0103,0.03076,4.037e-22,3.224e-05,4.752e-05,0.0004675,1.942e-22,4.85e-05,0.002267,0.001472,5.879e-07,0.1083,0.008978,0.02074,0.167,4.211e-05,3.193e-05,0.079
   68820,   68880,0.0007079,0.0103,0.03077,4.086e-22,3.225e-05,4.753e-05,0.0004677,1.965e-22,4.853e-05,0.002267,0.001472,5.882e-07,0.1083,0.00898,0.02074,0.167,4.213e-05,3.195e-05,0.079
   68880,   68940,0.00066871,0.0103,0.03077,4.131e-22,3.227e-05,4.755e-05,0.0004678,1.987e-22,4.856e-05,0.002268,0.001472,5.884e-07,0.1083,0.008981,0.02074,0.167,4.214e-05,3.197e-05,0.079
   68940,   69000,0.00063768,0.0103,0.03077,4.176e-22,3.228e-05,4.756e-05,0.0004679,2.009e-22,4.86e-05,0.002268,0.001472,5.887e-07,0.1083,0.008982,0.02074,0.1671,4.215e-05,3.199e-05,0.079
   69000,   69060,0.00061779,0.0103,0.03077,4.22e-22,3.229e-05,4.757e-05,0.000468,2.03e-22,4.863e-05,0.002269,0.001472,5.89e-07,0.1083,0.008983,0.02075,0.1671,4.216e-05,3.202e-05,0.079
   69060,   69120,0.00061373,0.01031,0.03077,4.258e-22,3.23e-05,4.758e-05,0.0004681,2.049e-22,4.865e-05,0.002269,0.001473,5.892e-07,0.1083,0.008984,0.02075,0.1671,4.217e-05,3.203e-05,0.079
   69120,   69180,0.00059457,0.01031,0.03078,4.298e-22,3.23e-05,4.759e-05,0.0004682,2.068e-22,4.868e-05,0.002269,0.001473,5.895e-07,0.1083,0.008985,0.02075,0.1671,4.218e-05,3.205e-05,0.079
   69180,   69240,0.0005702,0.01031,0.03078,4.336e-22,3.231e-05,4.759e-05,0.0004682,2.087e-22,4.871e-05,0.00227,0.001473,5.897e-07,0.1083,0.008986,0.02075,0.1671,4.219e-05,3.207e-05,0.079
