CampaignData_and_Merges/R0/CSL_MobileLab_Parked/raw/20240814/USOS-O3_MobileLabGround_20240814_R0.ict
34, 1001
Carrie Womack
NOAA Chemical Sciences Laboratory
2B Tech O3 UV Analyzer
USOS
1, 1
2024, 08, 14, 2024, 12, 21
60
Time_Start, seconds_past_midnight, Seconds from midnight UTC
1
1
-9999
O3_ppb, ppb, Ozone from 2B Tech UV Analyzer
1
SPECIAL COMMENTS:
18
PI_CONTACT_INFO: Address: 325 Broadway R/CSL7, Boulder, CO, 80305
PLATFORM: CSL Mobile Lab
LOCATION: Salt Lake City, UT
ASSOCIATED_DATA: N/A
INSTRUMENT_INFO: N/A
DATA_INFO: Units:
UNCERTAINTY: N/A
ULOD_FLAG: -7777
ULOD_VALUE: N/A
LLOD_FLAG: -8888
LLOD_VALUE: N/A
DM_CONTACT_INFO: Data Manager: Nate Howard
PROJECT_INFO: 
STIPULATIONS_ON_USE: Use of these data require prior ok from PI.
OTHER_COMMENTS: N/A
REVISION: R0
R0: Final data. RA: Preliminary Data.  For in-field use only.
Time_Start, O3_ppb
0.0,48.5
60.0,48.3
120.0,46.6
180.0,47.3
240.0,47.8
300.0,45.7
360.0,46.4
420.0,47.6
480.0,46.0
540.0,48.8
600.0,48.8
660.0,48.5
720.0,47.3
780.0,48.4
840.0,46.3
900.0,46.9
960.0,48.2
1020.0,47.2
1080.0,46.2
1140.0,47.3
1200.0,46.6
1260.0,45.4
1320.0,44.4
1380.0,43.9
1440.0,44.1
1500.0,39.8
1560.0,41.8
1620.0,43.8
1680.0,43.3
1740.0,44.4
1800.0,44.4
1860.0,44.9
1920.0,45.6
1980.0,45.6
2040.0,44.4
2100.0,44.9
2160.0,46.1
2220.0,46.4
2280.0,46.5
2340.0,46.7
2400.0,45.3
2460.0,45.6
2520.0,46.6
2580.0,44.6
2640.0,45.6
2700.0,45.3
2760.0,45.5
2820.0,44.9
2880.0,44.1
2940.0,45.5
3000.0,46.4
3060.0,46.0
3120.0,46.8
3180.0,46.7
3240.0,46.8
3300.0,47.0
3360.0,46.7
3420.0,47.7
3480.0,47.7
3540.0,47.5
3600.0,46.7
3660.0,46.5
3720.0,46.7
3780.0,47.4
3840.0,46.0
3900.0,45.8
3960.0,45.5
4020.0,45.6
4080.0,45.8
4140.0,46.2
4200.0,45.6
4260.0,45.7
4320.0,45.6
4380.0,44.3
4440.0,44.8
4500.0,44.7
4560.0,44.6
4620.0,44.0
4680.0,44.0
4740.0,43.8
4800.0,43.8
4860.0,44.3
4920.0,44.4
4980.0,43.4
5040.0,44.6
5100.0,43.3
5160.0,41.8
5220.0,40.6
5280.0,42.3
5340.0,41.0
5400.0,41.0
5460.0,42.1
5520.0,41.7
5580.0,41.7
5640.0,41.2
5700.0,41.4
5760.0,41.8
5820.0,41.8
5880.0,42.1
5940.0,42.5
6000.0,41.2
6060.0,42.0
6120.0,41.7
6180.0,42.4
6240.0,42.2
6300.0,40.5
6360.0,41.0
6420.0,40.6
6480.0,40.1
6540.0,40.1
6600.0,39.6
6660.0,40.6
6720.0,40.4
6780.0,39.9
6840.0,40.6
6900.0,41.4
6960.0,41.2
7020.0,41.1
7080.0,39.5
7140.0,39.3
7200.0,40.0
7260.0,40.3
7320.0,41.8
7380.0,41.3
7440.0,41.5
7500.0,39.6
7560.0,40.2
7620.0,41.3
7680.0,40.4
7740.0,40.6
7800.0,38.8
7860.0,37.1
7920.0,37.4
7980.0,37.7
8040.0,37.6
8100.0,38.0
8160.0,39.5
8220.0,40.2
8280.0,39.1
8340.0,39.1
8400.0,39.5
8460.0,37.8
8520.0,36.8
8580.0,39.4
8640.0,39.3
8700.0,40.0
8760.0,38.4
8820.0,38.5
8880.0,39.4
8940.0,39.4
9000.0,39.2
9060.0,39.0
9120.0,39.1
9180.0,39.0
9240.0,39.1
9300.0,38.2
9360.0,38.4
9420.0,39.2
9480.0,39.0
9540.0,37.9
9600.0,38.3
9660.0,37.4
9720.0,38.6
9780.0,37.9
9840.0,37.5
9900.0,39.6
9960.0,39.3
10020.0,39.8
10080.0,40.5
10140.0,39.9
10200.0,40.7
10260.0,40.4
10320.0,39.0
10380.0,39.1
10440.0,39.4
10500.0,40.3
10560.0,40.6
10620.0,40.4
10680.0,40.0
10740.0,40.7
10800.0,41.2
10860.0,41.4
10920.0,41.3
10980.0,40.3
11040.0,39.8
11100.0,40.6
11160.0,40.5
11220.0,41.0
11280.0,40.7
11340.0,41.0
11400.0,40.0
11460.0,39.4
11520.0,39.3
11580.0,41.2
11640.0,40.7
11700.0,40.3
11760.0,40.7
11820.0,41.2
11880.0,41.0
11940.0,41.0
12000.0,40.5
12060.0,38.8
12120.0,40.1
12180.0,39.7
12240.0,37.1
12300.0,39.5
12360.0,39.5
12420.0,37.0
12480.0,40.1
12540.0,41.0
12600.0,40.4
12660.0,39.7
12720.0,37.4
12780.0,36.7
12840.0,33.7
12900.0,33.3
12960.0,32.7
13020.0,31.9
13080.0,31.6
13140.0,30.7
13200.0,31.9
13260.0,33.9
13320.0,33.5
13380.0,31.4
13440.0,31.7
13500.0,35.7
13560.0,36.2
13620.0,35.6
13680.0,31.3
13740.0,29.6
13800.0,33.3
13860.0,33.0
13920.0,35.0
13980.0,35.5
14040.0,36.3
14100.0,35.2
14160.0,37.1
14220.0,36.1
14280.0,38.0
14340.0,38.6
14400.0,39.2
14460.0,39.9
14520.0,39.4
14580.0,38.6
14640.0,38.2
14700.0,36.6
14760.0,38.1
14820.0,40.3
14880.0,40.9
14940.0,40.5
15000.0,40.1
15060.0,39.4
15120.0,39.4
15180.0,39.2
15240.0,39.9
15300.0,39.0
15360.0,38.9
15420.0,38.4
15480.0,37.8
15540.0,39.5
15600.0,38.2
15660.0,38.4
15720.0,38.7
15780.0,38.3
15840.0,38.1
15900.0,38.0
15960.0,37.5
16020.0,37.6
16080.0,38.2
16140.0,38.1
16200.0,38.2
16260.0,38.4
16320.0,37.4
16380.0,37.8
16440.0,37.4
16500.0,38.3
16560.0,37.5
16620.0,38.9
16680.0,37.9
16740.0,38.2
16800.0,38.8
16860.0,38.1
16920.0,38.2
16980.0,37.8
17040.0,38.2
17100.0,38.9
17160.0,39.3
17220.0,37.9
17280.0,38.5
17340.0,38.1
17400.0,37.4
17460.0,38.8
17520.0,38.3
17580.0,38.1
17640.0,38.8
17700.0,39.0
17760.0,38.9
17820.0,38.3
17880.0,38.7
17940.0,38.7
18000.0,38.6
18060.0,38.0
18120.0,38.9
18180.0,40.0
18240.0,38.8
18300.0,38.7
18360.0,38.4
18420.0,38.8
18480.0,39.8
18540.0,39.4
18600.0,39.0
18660.0,38.2
18720.0,38.5
18780.0,39.1
18840.0,40.2
18900.0,40.1
18960.0,38.8
19020.0,39.7
19080.0,39.8
19140.0,38.9
19200.0,39.3
19260.0,39.3
19320.0,39.3
19380.0,39.3
19440.0,39.3
19500.0,39.1
19560.0,38.9
19620.0,39.1
19680.0,39.2
19740.0,39.4
19800.0,38.3
19860.0,38.3
19920.0,38.7
19980.0,39.1
20040.0,39.2
20100.0,38.5
20160.0,39.3
20220.0,38.8
20280.0,38.5
20340.0,37.8
20400.0,39.4
20460.0,38.7
20520.0,39.6
20580.0,37.8
20640.0,37.5
20700.0,39.1
20760.0,38.6
20820.0,38.1
20880.0,37.9
20940.0,38.3
21000.0,39.1
21060.0,38.4
21120.0,38.8
21180.0,38.4
21240.0,38.2
21300.0,38.8
21360.0,38.2
21420.0,37.9
21480.0,38.4
21540.0,38.8
21600.0,37.9
21660.0,38.3
21720.0,38.8
21780.0,39.0
21840.0,38.9
21900.0,39.3
21960.0,38.7
22020.0,38.0
22080.0,38.9
22140.0,38.6
22200.0,38.9
22260.0,39.1
22320.0,39.2
22380.0,39.9
22440.0,40.3
22500.0,38.3
22560.0,39.2
22620.0,39.2
22680.0,38.8
22740.0,38.7
22800.0,38.9
22860.0,38.4
22920.0,38.9
22980.0,38.4
23040.0,39.2
23100.0,38.5
23160.0,38.4
23220.0,39.2
23280.0,38.6
23340.0,39.3
23400.0,39.5
23460.0,39.8
23520.0,38.9
23580.0,38.9
23640.0,38.2
23700.0,38.6
23760.0,38.7
23820.0,38.5
23880.0,38.9
23940.0,38.2
24000.0,38.2
24060.0,37.4
24120.0,36.7
24180.0,36.4
24240.0,36.4
24300.0,36.8
24360.0,37.8
24420.0,35.8
24480.0,36.5
24540.0,36.8
24600.0,38.0
24660.0,36.8
24720.0,36.2
24780.0,37.6
24840.0,37.2
24900.0,35.7
24960.0,36.9
25020.0,37.1
25080.0,36.9
25140.0,36.8
25200.0,37.0
25260.0,36.0
25320.0,35.2
25380.0,35.9
25440.0,36.6
25500.0,37.4
25560.0,36.6
25620.0,37.2
25680.0,36.9
25740.0,36.9
25800.0,37.6
25860.0,36.8
25920.0,36.8
25980.0,37.5
26040.0,36.5
26100.0,37.2
26160.0,35.8
26220.0,36.3
26280.0,35.4
26340.0,34.9
26400.0,36.4
26460.0,35.3
26520.0,36.6
26580.0,35.3
26640.0,36.8
26700.0,38.0
26760.0,37.1
26820.0,38.1
26880.0,36.7
26940.0,37.2
27000.0,36.2
27060.0,36.6
27120.0,36.9
27180.0,38.3
27240.0,38.5
27300.0,37.1
27360.0,37.6
27420.0,37.8
27480.0,38.0
27540.0,36.4
27600.0,37.8
27660.0,37.4
27720.0,37.5
27780.0,37.2
27840.0,36.6
27900.0,38.0
27960.0,36.8
28020.0,36.6
28080.0,36.8
28140.0,37.9
28200.0,37.1
28260.0,37.0
28320.0,36.6
28380.0,36.9
28440.0,37.1
28500.0,36.4
28560.0,36.4
28620.0,36.2
28680.0,37.0
28740.0,36.7
28800.0,37.1
28860.0,37.0
28920.0,36.8
28980.0,36.0
29040.0,36.2
29100.0,36.9
29160.0,36.4
29220.0,36.3
29280.0,36.9
29340.0,36.0
29400.0,36.1
29460.0,36.7
29520.0,36.7
29580.0,36.5
29640.0,36.5
29700.0,36.8
29760.0,37.0
29820.0,36.2
29880.0,35.5
29940.0,36.0
30000.0,34.7
30060.0,36.6
30120.0,36.0
30180.0,35.8
30240.0,36.1
30300.0,36.0
30360.0,36.4
30420.0,35.6
30480.0,35.9
30540.0,37.1
30600.0,36.2
30660.0,35.5
30720.0,37.1
30780.0,35.5
30840.0,36.2
30900.0,35.6
30960.0,36.2
31020.0,35.8
31080.0,36.0
31140.0,36.1
31200.0,36.1
31260.0,35.9
31320.0,35.8
31380.0,35.8
31440.0,36.1
31500.0,35.2
31560.0,35.3
31620.0,35.1
31680.0,35.5
31740.0,35.3
31800.0,35.3
31860.0,34.5
31920.0,35.7
31980.0,36.1
32040.0,35.4
32100.0,35.4
32160.0,35.7
32220.0,34.8
32280.0,34.7
32340.0,34.3
32400.0,34.7
32460.0,35.3
32520.0,35.5
32580.0,35.2
32640.0,35.3
32700.0,35.3
32760.0,35.8
32820.0,34.6
32880.0,34.1
32940.0,34.0
33000.0,34.5
33060.0,34.3
33120.0,34.2
33180.0,33.6
33240.0,34.2
33300.0,34.1
33360.0,33.8
33420.0,33.5
33480.0,33.9
33540.0,33.1
33600.0,34.5
33660.0,33.9
33720.0,32.5
33780.0,34.4
33840.0,34.5
33900.0,34.3
33960.0,33.7
34020.0,34.1
34080.0,33.5
34140.0,34.6
34200.0,34.1
34260.0,34.1
34320.0,33.8
34380.0,34.6
34440.0,33.9
34500.0,34.8
34560.0,34.3
34620.0,34.6
34680.0,34.0
34740.0,33.8
34800.0,33.8
34860.0,33.4
34920.0,34.1
34980.0,34.1
35040.0,34.2
35100.0,34.2
35160.0,34.6
35220.0,32.4
35280.0,34.1
35340.0,33.6
35400.0,33.6
35460.0,34.0
35520.0,33.7
35580.0,33.3
35640.0,33.3
35700.0,33.4
35760.0,33.5
35820.0,33.1
35880.0,33.7
35940.0,33.1
36000.0,33.0
36060.0,34.1
36120.0,33.8
36180.0,32.9
36240.0,33.8
36300.0,34.3
36360.0,34.6
36420.0,33.7
36480.0,33.5
36540.0,33.7
36600.0,33.6
36660.0,33.7
36720.0,33.9
36780.0,33.7
36840.0,33.6
36900.0,34.3
36960.0,33.3
37020.0,33.8
37080.0,33.3
37140.0,33.9
37200.0,32.2
37260.0,32.3
37320.0,33.5
37380.0,33.2
37440.0,33.1
37500.0,33.7
37560.0,33.5
37620.0,34.0
37680.0,34.1
37740.0,33.1
37800.0,33.0
37860.0,33.5
37920.0,34.0
37980.0,33.3
38040.0,32.4
38100.0,33.6
38160.0,33.8
38220.0,33.2
38280.0,33.7
38340.0,34.0
38400.0,33.6
38460.0,33.3
38520.0,32.3
38580.0,33.3
38640.0,33.1
38700.0,32.6
38760.0,32.1
38820.0,33.3
38880.0,32.7
38940.0,33.1
39000.0,33.0
39060.0,33.8
39120.0,32.5
39180.0,32.7
39240.0,33.4
39300.0,33.4
39360.0,33.7
39420.0,33.4
39480.0,31.8
39540.0,32.5
39600.0,32.4
39660.0,32.0
39720.0,33.0
39780.0,32.2
39840.0,32.5
39900.0,32.1
39960.0,32.8
40020.0,32.2
40080.0,32.3
40140.0,33.3
40200.0,32.5
40260.0,31.6
40320.0,32.4
40380.0,32.0
40440.0,31.9
40500.0,32.8
40560.0,32.0
40620.0,31.3
40680.0,31.5
40740.0,31.6
40800.0,31.6
40860.0,32.5
40920.0,31.9
40980.0,32.3
41040.0,31.8
41100.0,31.5
41160.0,31.9
41220.0,31.7
41280.0,30.8
41340.0,31.3
41400.0,31.1
41460.0,30.8
41520.0,30.6
41580.0,31.0
41640.0,31.9
41700.0,32.5
41760.0,31.6
41820.0,31.4
41880.0,32.4
41940.0,31.7
42000.0,30.4
42060.0,31.6
42120.0,31.8
42180.0,31.3
42240.0,31.3
42300.0,31.3
42360.0,31.0
42420.0,31.1
42480.0,31.0
42540.0,30.9
42600.0,29.6
42660.0,31.4
42720.0,30.8
42780.0,30.4
42840.0,29.2
42900.0,31.1
42960.0,32.1
43020.0,32.0
43080.0,31.3
43140.0,31.7
43200.0,30.9
43260.0,30.7
43320.0,30.8
43380.0,31.4
43440.0,31.6
43500.0,31.5
43560.0,32.0
43620.0,31.7
43680.0,31.5
43740.0,31.6
43800.0,31.4
43860.0,31.5
43920.0,31.1
43980.0,31.5
44040.0,32.5
44100.0,31.0
44160.0,30.2
44220.0,30.6
44280.0,29.8
44340.0,29.0
44400.0,30.5
44460.0,30.8
44520.0,30.8
44580.0,30.6
44640.0,30.6
44700.0,29.7
44760.0,30.0
44820.0,31.4
44880.0,31.2
44940.0,32.0
45000.0,31.1
45060.0,30.3
45120.0,31.1
45180.0,31.1
45240.0,30.6
45300.0,31.3
45360.0,31.3
45420.0,30.1
45480.0,30.1
45540.0,29.9
45600.0,30.7
45660.0,30.0
45720.0,28.7
45780.0,23.6
45840.0,22.2
45900.0,20.9
45960.0,20.3
46020.0,19.1
46080.0,16.9
46140.0,17.8
46200.0,16.8
46260.0,17.0
46320.0,15.8
46380.0,17.4
46440.0,13.3
46500.0,13.9
46560.0,15.8
46620.0,14.9
46680.0,14.0
46740.0,18.9
46800.0,21.2
46860.0,18.7
46920.0,16.9
46980.0,19.4
47040.0,21.3
47100.0,21.5
47160.0,22.2
47220.0,20.4
47280.0,26.2
47340.0,27.5
47400.0,27.8
47460.0,24.9
47520.0,29.2
47580.0,28.9
47640.0,28.5
47700.0,30.2
47760.0,29.2
47820.0,28.8
47880.0,28.9
47940.0,29.5
48000.0,29.9
48060.0,30.3
48120.0,30.7
48180.0,30.0
48240.0,30.6
48300.0,28.8
48360.0,30.8
48420.0,28.9
48480.0,30.0
48540.0,29.9
48600.0,29.5
48660.0,30.2
48720.0,29.9
48780.0,29.7
48840.0,28.7
48900.0,28.2
48960.0,26.1
49020.0,27.0
49080.0,26.5
49140.0,27.9
49200.0,28.3
49260.0,25.4
49320.0,24.5
49380.0,23.4
49440.0,26.1
49500.0,25.9
49560.0,28.3
49620.0,25.6
49680.0,25.9
49740.0,26.7
49800.0,25.2
49860.0,25.5
49920.0,26.8
49980.0,26.7
50040.0,24.9
50100.0,21.1
50160.0,22.8
50220.0,17.6
50280.0,16.1
50340.0,13.6
50400.0,12.1
50460.0,11.7
50520.0,13.3
50580.0,11.8
50640.0,12.1
50700.0,12.4
50760.0,12.9
50820.0,12.0
50880.0,11.3
50940.0,10.6
51000.0,11.3
51060.0,11.4
51120.0,11.1
51180.0,12.6
51240.0,13.9
51300.0,13.3
51360.0,14.0
51420.0,15.3
51480.0,16.1
51540.0,17.6
51600.0,19.8
51660.0,23.9
51720.0,24.4
51780.0,24.3
51840.0,24.1
51900.0,24.4
51960.0,25.9
52020.0,26.9
52080.0,25.3
52140.0,23.4
52200.0,22.2
52260.0,22.6
52320.0,20.4
52380.0,20.2
52440.0,21.3
52500.0,25.5
52560.0,24.9
52620.0,23.3
52680.0,19.4
52740.0,20.6
52800.0,23.4
52860.0,24.8
52920.0,23.9
52980.0,25.9
53040.0,23.6
53100.0,23.7
53160.0,25.4
53220.0,26.3
53280.0,24.5
53340.0,25.5
53400.0,24.6
53460.0,25.0
53520.0,25.9
53580.0,24.2
53640.0,24.0
53700.0,23.2
53760.0,22.5
53820.0,24.0
53880.0,26.7
53940.0,32.5
54000.0,26.9
54060.0,29.3
54120.0,30.8
54180.0,31.2
54240.0,28.7
54300.0,30.6
54360.0,32.5
54420.0,29.8
54480.0,26.2
54540.0,28.0
54600.0,29.6
54660.0,28.1
54720.0,29.9
54780.0,26.9
54840.0,29.4
54900.0,25.6
54960.0,24.2
55020.0,26.2
55080.0,26.9
55140.0,26.8
55200.0,26.1
55260.0,27.1
55320.0,26.6
55380.0,27.7
55440.0,29.9
55500.0,29.5
55560.0,29.3
55620.0,28.1
55680.0,28.2
55740.0,27.1
55800.0,27.4
55860.0,24.9
55920.0,26.6
55980.0,27.2
56040.0,27.5
56100.0,28.7
56160.0,31.7
56220.0,31.2
56280.0,30.8
56340.0,31.1
56400.0,32.4
56460.0,32.0
56520.0,30.0
56580.0,-9999.0
56640.0,-9999.0
56700.0,-9999.0
56760.0,-9999.0
56820.0,-9999.0
56880.0,-9999.0
56940.0,-9999.0
57000.0,-9999.0
57060.0,-9999.0
57120.0,31.3
57180.0,30.8
57240.0,30.9
57300.0,30.8
57360.0,29.3
57420.0,30.9
57480.0,31.2
57540.0,30.4
57600.0,32.0
57660.0,31.8
57720.0,30.8
57780.0,31.0
57840.0,32.2
57900.0,30.7
57960.0,31.8
58020.0,31.1
58080.0,31.5
58140.0,32.7
58200.0,31.1
58260.0,32.2
58320.0,30.8
58380.0,29.4
58440.0,31.9
58500.0,30.6
58560.0,31.9
58620.0,32.2
58680.0,30.4
58740.0,32.2
58800.0,29.8
58860.0,30.8
58920.0,31.1
58980.0,31.2
59040.0,33.0
59100.0,34.4
59160.0,32.9
59220.0,31.2
59280.0,33.1
59340.0,34.2
59400.0,33.8
59460.0,33.7
59520.0,33.6
59580.0,33.2
59640.0,32.5
59700.0,34.4
59760.0,33.2
59820.0,34.2
59880.0,34.4
59940.0,32.0
60000.0,31.9
60060.0,35.3
60120.0,34.9
60180.0,35.5
60240.0,34.6
60300.0,35.2
60360.0,34.7
60420.0,34.7
60480.0,35.5
60540.0,34.1
60600.0,35.7
60660.0,35.1
60720.0,34.5
60780.0,31.7
60840.0,35.4
60900.0,33.3
60960.0,36.4
61020.0,36.1
61080.0,37.6
61140.0,36.0
61200.0,37.1
61260.0,36.0
61320.0,35.6
61380.0,35.9
61440.0,33.5
61500.0,32.3
61560.0,36.2
61620.0,36.6
61680.0,37.1
61740.0,37.3
61800.0,37.5
61860.0,39.4
61920.0,38.3
61980.0,38.8
62040.0,39.4
62100.0,38.5
62160.0,38.3
62220.0,39.4
62280.0,37.9
62340.0,37.0
62400.0,37.2
62460.0,35.6
62520.0,36.1
62580.0,39.1
62640.0,39.8
62700.0,40.9
62760.0,41.0
62820.0,40.5
62880.0,39.0
62940.0,40.0
63000.0,38.3
63060.0,38.2
63120.0,38.3
63180.0,38.5
63240.0,40.1
63300.0,37.6
63360.0,39.2
63420.0,36.8
63480.0,37.8
63540.0,40.1
63600.0,39.0
63660.0,39.1
63720.0,40.9
63780.0,38.9
63840.0,38.7
63900.0,41.1
63960.0,40.6
64020.0,40.4
64080.0,41.3
64140.0,40.8
64200.0,42.4
64260.0,43.6
64320.0,42.5
64380.0,43.8
64440.0,42.9
64500.0,41.0
64560.0,42.8
64620.0,44.1
64680.0,44.0
64740.0,39.4
64800.0,39.4
64860.0,41.0
64920.0,43.3
64980.0,43.4
65040.0,41.2
65100.0,41.4
65160.0,41.6
65220.0,41.3
65280.0,45.4
65340.0,42.7
65400.0,44.9
65460.0,45.1
65520.0,45.2
65580.0,44.8
65640.0,44.2
65700.0,45.5
65760.0,46.3
65820.0,47.6
65880.0,46.8
65940.0,47.0
66000.0,47.4
66060.0,46.3
66120.0,44.4
66180.0,45.3
66240.0,45.2
66300.0,46.1
66360.0,47.3
66420.0,47.2
66480.0,48.1
66540.0,46.5
66600.0,47.7
66660.0,48.5
66720.0,47.1
66780.0,47.7
66840.0,47.9
66900.0,47.8
66960.0,48.5
67020.0,48.8
67080.0,47.4
67140.0,47.6
67200.0,47.5
67260.0,49.2
67320.0,48.5
67380.0,47.9
67440.0,48.3
67500.0,47.6
67560.0,46.8
67620.0,46.0
67680.0,45.7
67740.0,47.6
67800.0,47.1
67860.0,47.8
67920.0,45.1
67980.0,47.6
68040.0,44.7
68100.0,46.7
68160.0,46.3
68220.0,47.1
68280.0,46.3
68340.0,44.9
68400.0,44.2
68460.0,43.5
68520.0,41.9
68580.0,40.5
68640.0,40.3
68700.0,38.4
68760.0,38.5
68820.0,39.1
68880.0,39.6
68940.0,39.7
69000.0,40.4
69060.0,40.0
69120.0,40.1
69180.0,39.8
69240.0,37.9
69300.0,37.9
69360.0,37.4
69420.0,36.9
69480.0,36.0
69540.0,36.5
69600.0,35.3
69660.0,36.5
69720.0,38.0
69780.0,38.0
69840.0,40.9
69900.0,39.7
69960.0,39.0
70020.0,39.8
70080.0,39.5
70140.0,42.5
70200.0,39.6
70260.0,37.0
70320.0,28.6
70380.0,22.4
70440.0,17.1
70500.0,30.1
70560.0,32.8
70620.0,31.4
70680.0,29.2
70740.0,29.9
70800.0,29.5
70860.0,27.1
70920.0,27.1
70980.0,31.2
71040.0,33.3
71100.0,31.2
71160.0,29.7
71220.0,28.7
71280.0,26.6
71340.0,29.9
71400.0,30.8
71460.0,29.6
71520.0,28.2
71580.0,31.2
71640.0,33.2
71700.0,34.2
71760.0,34.0
71820.0,34.7
71880.0,35.1
71940.0,36.1
72000.0,36.9
72060.0,35.6
72120.0,36.0
72180.0,37.3
72240.0,36.2
72300.0,36.3
72360.0,35.8
72420.0,35.1
72480.0,36.0
72540.0,35.5
72600.0,35.6
72660.0,36.3
72720.0,35.9
72780.0,34.9
72840.0,35.0
72900.0,35.2
72960.0,34.3
73020.0,35.5
73080.0,36.0
73140.0,36.3
73200.0,36.3
73260.0,36.3
73320.0,35.1
73380.0,37.1
73440.0,37.3
73500.0,36.1
73560.0,38.3
73620.0,38.6
73680.0,34.6
73740.0,36.0
73800.0,36.2
73860.0,39.1
73920.0,39.7
73980.0,40.0
74040.0,41.5
74100.0,39.3
74160.0,39.8
74220.0,39.2
74280.0,39.3
74340.0,38.4
74400.0,38.4
74460.0,39.8
74520.0,42.1
74580.0,40.5
74640.0,42.9
74700.0,41.2
74760.0,39.5
74820.0,42.5
74880.0,41.5
74940.0,43.2
75000.0,44.9
75060.0,44.0
75120.0,44.7
75180.0,42.3
75240.0,42.0
75300.0,44.5
75360.0,44.3
75420.0,43.5
75480.0,44.4
75540.0,44.0
75600.0,42.8
75660.0,46.7
75720.0,44.8
75780.0,45.7
75840.0,42.2
75900.0,43.8
75960.0,46.9
76020.0,45.5
76080.0,42.3
76140.0,44.0
76200.0,44.2
76260.0,44.5
76320.0,45.8
76380.0,46.8
76440.0,46.9
76500.0,47.2
76560.0,46.9
76620.0,44.9
76680.0,46.4
76740.0,45.0
76800.0,49.6
76860.0,50.0
76920.0,46.2
76980.0,48.0
77040.0,48.5
77100.0,48.1
77160.0,48.3
77220.0,46.4
77280.0,45.5
77340.0,46.7
77400.0,48.4
77460.0,50.1
77520.0,51.4
77580.0,48.7
77640.0,50.5
77700.0,50.0
77760.0,49.5
77820.0,49.2
77880.0,49.6
77940.0,50.9
78000.0,48.3
78060.0,50.7
78120.0,50.6
78180.0,49.6
78240.0,47.8
78300.0,47.3
78360.0,51.9
78420.0,51.9
78480.0,51.4
78540.0,53.6
78600.0,53.9
78660.0,53.9
78720.0,54.0
78780.0,53.3
78840.0,55.1
78900.0,55.4
78960.0,54.6
79020.0,54.1
79080.0,52.8
79140.0,51.7
79200.0,52.6
79260.0,54.4
79320.0,54.0
79380.0,54.6
79440.0,54.4
79500.0,55.5
79560.0,54.7
79620.0,53.3
79680.0,53.3
79740.0,53.5
79800.0,52.2
79860.0,54.9
79920.0,53.1
79980.0,54.6
80040.0,53.0
80100.0,53.5
80160.0,53.0
80220.0,54.5
80280.0,55.9
80340.0,54.7
80400.0,54.4
80460.0,55.4
80520.0,56.0
80580.0,54.2
80640.0,53.0
80700.0,51.8
80760.0,52.2
80820.0,53.5
80880.0,53.6
80940.0,51.9
81000.0,54.4
81060.0,52.0
81120.0,54.5
81180.0,55.3
81240.0,54.5
81300.0,53.6
81360.0,53.7
81420.0,53.0
81480.0,53.5
81540.0,52.3
81600.0,57.4
81660.0,53.5
81720.0,56.9
81780.0,57.0
81840.0,55.9
81900.0,56.6
81960.0,59.1
82020.0,57.6
82080.0,57.2
82140.0,57.9
82200.0,58.7
82260.0,58.6
82320.0,58.4
82380.0,57.3
82440.0,55.2
82500.0,59.2
82560.0,58.7
82620.0,59.0
82680.0,58.8
82740.0,59.3
82800.0,58.2
82860.0,60.8
82920.0,60.5
82980.0,60.6
83040.0,58.8
83100.0,58.7
83160.0,59.5
83220.0,59.4
83280.0,59.7
83340.0,59.8
83400.0,59.9
83460.0,58.7
83520.0,60.9
83580.0,60.7
83640.0,59.5
83700.0,60.2
83760.0,57.6
83820.0,58.1
83880.0,58.6
83940.0,59.2
84000.0,56.5
84060.0,59.7
84120.0,61.5
84180.0,59.9
84240.0,60.3
84300.0,61.1
84360.0,61.2
84420.0,60.3
84480.0,62.2
84540.0,60.4
84600.0,61.1
84660.0,60.7
84720.0,61.7
84780.0,60.3
84840.0,60.5
84900.0,59.8
84960.0,60.0
85020.0,61.7
85080.0,61.6
85140.0,60.3
85200.0,59.1
85260.0,56.3
85320.0,60.3
85380.0,62.2
85440.0,62.9
85500.0,61.3
85560.0,62.1
85620.0,62.5
85680.0,61.6
85740.0,58.3
85800.0,59.9
85860.0,59.7
85920.0,58.9
85980.0,59.3
86040.0,59.8
86100.0,61.5
86160.0,56.9
86220.0,60.4
86280.0,62.4
86340.0,62.1
