CampaignData_and_Merges/R0/CSL_MobileLab_Parked/raw/20240814/USOS-NOAAIodideCIMS-Halogens_MobileLabGround_20240814_RA.ict
38, 1001
Michael A Robinson, Chris Jernigan, Subi Thakali
NOAA ESRL Chemical Sciences Laboratory and CIRES, U. of Colorado
NOAA Iodide CIMS Instrument
USOS
1, 1
2024, 08, 14, 2024, 08, 15
1
starttime_UTC, seconds_past_midnight, seconds_of_day_since_00:00:00_UTC
6
1, 1, 1, 1, 1, 1
-9999, -9999, -9999, -9999, -9999, -9999
Br2_NOAACIMS, pptv, Gas_Br2_InSitu_S_AVMR, 
BrO_NOAACIMS, pptv, Gas_BrO_InSitu_S_AVMR, 
Cl2_NOAACIMS, pptv, Gas_Cl2_InSitu_S_AVMR, 
ClNO2_NOAACIMS, pptv, Gas_ClNO2_InSitu_S_AVMR, 
BrCl_NOAACIMS, pptv, Gas_BrCl_InSitu_S_AVMR, 
NCl3_NOAACIMS, pptv, Gas_NCl3_InSitu_S_AVMR, 
0
18
PI_CONTACT_INFO: 325 Broadway, R/CSD 7, Boulder, Colorado 80305; michael.a.robinson@noaa.gov; chris.jernigan@noaa.gov;
PLATFORM: NOAA CSL Mobile Lab
LOCATION: SLC, Utah
ASSOCIATED_DATA: 1Hz data also available on request.
INSTRUMENT_INFO: NOAA I- ToF CIMS
DATA_INFO: All data in parts per trillion by volume (pptv). 1 Hz data is available upon request.
UNCERTAINTY: TBD
ULOD_FLAG: -7777
ULOD_VALUE: N/A
LLOD_FLAG: -8888
LLOD_VALUE: N/A
DM_CONTACT_INFO: Nathan Howard; nathan.h.howard@noaa.gov
PROJECT_INFO: USOS, summer 2024. https://csl.noaa.gov/groups/csl7/measurements/2024usos/
STIPULATIONS_ON_USE: Users are strongly encouraged to contact the PI for proper data usage.
OTHER_COMMENTS: 
REVISION: RA
RA: Preliminary Data; For in-field use only
starttime_UTC, Br2_NOAACIMS, BrO_NOAACIMS, Cl2_NOAACIMS, ClNO2_NOAACIMS, BrCl_NOAACIMS, NCl3_NOAACIMS
[from data line 868]
 52080,  0.518,  0.048,  0.326,  0.347,  0.078,  0.297
 52140,  0.601,  0.086,  0.475,  0.311,  0.075,  0.686
 52200,  0.557,  0.022,  0.351,  0.315,  0.080,  0.341
 52260,  0.545,  0.056,  0.224,  0.293,  0.080,  0.160
 52320,  0.481,  0.033,  0.193,  0.307,  0.075,  0.144
 52380,  0.586,  0.029,  0.211,  0.381,  0.096,  0.135
 52440,  0.467, -0.011,  0.178,  0.343,  0.068,  0.101
 52500,  0.577,  0.109,  0.209,  0.277,  0.067,  0.116
 52560,  0.530,  0.056,  0.262,  0.342,  0.082,  0.114
 52620,  0.576,  0.018,  0.232,  0.339,  0.067,  0.089
 52680,  0.542,  0.028,  0.212,  0.347,  0.078,  0.132
 52740,  0.497,  0.031,  0.231,  0.318,  0.044,  0.100
 52800,  0.536,  0.044,  0.181,  0.292,  0.069,  0.135
 52860,  0.597,  0.006,  0.230,  0.306,  0.065,  0.133
 52920,  0.592,  0.093,  0.196,  0.313,  0.077,  0.131
 52980,  0.514,  0.019,  0.260,  0.280,  0.089,  0.097
 53040,  0.518,  0.063,  0.244,  0.331,  0.098,  0.112
 53100,  0.610,  0.003,  0.220,  0.340,  0.089,  0.126
 53160, -9999.000, -9999.000, -9999.000, -9999.000, -9999.000, -9999.000
 53220,  0.518,  0.022,  0.178,  0.258,  0.100,  0.112
 53280,  0.594,  0.025,  0.218,  0.283,  0.083,  0.110
 53340,  0.606,  0.007,  0.243,  0.300,  0.076,  0.091
 53400,  0.552,  0.041,  0.212,  0.326,  0.087,  0.151
 53460,  0.455, -0.036,  0.231,  0.300,  0.113,  0.089
 53520,  0.570, -0.019,  0.206,  0.245,  0.072,  0.099
 53580,  0.561,  0.039,  0.173,  0.292,  0.097,  0.125
 53640,  0.476, -0.034,  0.230,  0.273,  0.068,  0.098
 53700,  0.525,  0.019,  0.209,  0.291,  0.065,  0.068
 53760,  0.505,  0.006,  0.203,  0.276,  0.090,  0.059
 53820,  0.499,  0.051,  0.157,  0.245,  0.071,  0.050
 53880,  0.634,  0.017,  0.216,  0.237,  0.073,  0.064
 53940,  0.625,  0.007,  0.238,  0.241,  0.077,  0.015
 54000,  0.682,  0.035,  0.231,  0.226,  0.082,  0.055
 54060,  0.515,  0.040,  0.238,  0.313,  0.072,  0.016
 54120,  0.606, -0.031,  0.292,  0.316,  0.106,  0.013
 54180,  0.658,  0.036,  0.269,  0.293,  0.063,  0.009
 54240,  0.684, -0.011,  0.267,  0.316,  0.060,  0.005
 54300,  0.580, -0.045,  0.230,  0.294,  0.099,  0.044
 54360,  0.726, -0.041,  0.217,  0.274,  0.114,  0.060
 54420,  0.661, -0.021,  0.205,  0.282,  0.070,  0.070
 54480,  0.561, -0.001,  0.269,  0.307,  0.044,  0.070
 54540,  0.584, -0.042,  0.255,  0.324,  0.069, -0.018
 54600,  0.653,  0.015,  0.295,  0.327,  0.066,  0.022
 54660,  0.553, -0.074,  0.260,  0.401,  0.099,  0.030
 54720,  0.633, -0.011,  0.263,  0.402,  0.070,  0.037
 54780,  0.567, -0.017,  0.167,  0.353,  0.089,  0.012
 54840,  0.594, -0.017,  0.256,  0.340,  0.075, -0.026
 54900,  0.564,  0.019,  0.159,  0.340,  0.070, -0.019
 54960,  0.599, -0.047,  0.197,  0.434,  0.043, -0.054
 55020,  0.608,  0.058,  0.188,  0.397,  0.007, -0.048
 55080,  0.620, -0.000,  0.339,  0.382,  0.095, -0.052
 55140,  0.575, -0.034,  0.390,  0.415,  0.056, -0.082
 55200,  0.554, -0.052,  0.380,  0.454,  0.040, -0.028
 55260,  0.534, -0.046,  0.449,  0.352,  0.036, -0.040
 55320,  0.582, -0.087,  0.368,  0.439,  0.095, -0.008
 55380,  0.635, -0.035,  0.324,  0.433,  0.038, -0.050
 55440,  0.468,  0.004,  0.271,  0.413,  0.045, -0.034
 55500,  0.572, -0.071,  0.458,  0.375,  0.091, -0.059
 55560,  0.519,  0.079,  0.271,  0.457,  0.073,  0.015
 55620,  0.439,  0.010,  0.341,  0.427,  0.030,  0.021
 55680, -9999.000, -9999.000, -9999.000, -9999.000, -9999.000, -9999.000
 55740, -9999.000, -9999.000, -9999.000, -9999.000, -9999.000, -9999.000
 55800, -9999.000, -9999.000, -9999.000, -9999.000, -9999.000, -9999.000
 55860, -9999.000, -9999.000, -9999.000, -9999.000, -9999.000, -9999.000
 55920, -9999.000, -9999.000, -9999.000, -9999.000, -9999.000, -9999.000
 55980, -9999.000, -9999.000, -9999.000, -9999.000, -9999.000, -9999.000
 56040, -9999.000, -9999.000, -9999.000, -9999.000, -9999.000, -9999.000
 56100, -9999.000, -9999.000, -9999.000, -9999.000, -9999.000, -9999.000
 56160, -9999.000, -9999.000, -9999.000, -9999.000, -9999.000, -9999.000
 56220, -9999.000, -9999.000, -9999.000, -9999.000, -9999.000, -9999.000
 56280, -9999.000, -9999.000, -9999.000, -9999.000, -9999.000, -9999.000
 56340, -9999.000, -9999.000, -9999.000, -9999.000, -9999.000, -9999.000
 56400, -9999.000, -9999.000, -9999.000, -9999.000, -9999.000, -9999.000
 56460, -9999.000, -9999.000, -9999.000, -9999.000, -9999.000, -9999.000
 56520, -9999.000, -9999.000, -9999.000, -9999.000, -9999.000, -9999.000
 56580, -9999.000, -9999.000, -9999.000, -9999.000, -9999.000, -9999.000
 56640, -9999.000, -9999.000, -9999.000, -9999.000, -9999.000, -9999.000
 56700,  0.467, -0.083,  0.204,  0.423,  0.216,  0.089
 56760,  0.745, -0.023,  0.490,  0.631,  0.127,  0.055
 56820,  0.760,  0.050,  0.426,  1.099,  0.134,  0.008
 56880,  0.596,  0.004,  0.378,  1.303,  0.129,  0.006
 56940,  0.687,  0.029,  0.324,  3.096,  0.085,  0.007
 57000,  0.523,  0.042,  0.352,  3.611,  0.079, -0.011
 57060,  0.631,  0.018,  0.368,  3.742,  0.126,  0.000
 57120,  0.601, -0.017,  0.540,  3.501,  0.070,  0.001
 57180,  0.595, -0.023,  0.468,  3.168,  0.069,  0.009
 57240,  0.695,  0.039,  0.581,  2.587,  0.116, -0.031
 57300,  0.491, -0.008,  0.365,  2.180,  0.079,  0.041
 57360,  0.611,  0.041,  0.461,  1.892,  0.096,  0.222
 57420,  0.659, -0.010,  0.327,  1.329,  0.080,  0.090
 57480,  0.632,  0.075,  0.465,  1.081,  0.081, -0.023
 57540,  0.519,  0.035,  0.271,  0.822,  0.069, -0.042
 57600,  0.610, -0.010,  0.363,  0.894,  0.092,  0.028
 57660,  0.523,  0.008,  0.399,  0.778,  0.116,  0.037
 57720,  0.669,  0.031,  0.617,  0.651,  0.102,  0.156
 57780,  0.609,  0.025,  0.339,  0.772,  0.101,  0.065
 57840,  0.605,  0.075,  0.438,  0.841,  0.103,  0.057
 57900,  0.596,  0.058,  0.323,  0.835,  0.062,  0.016
 57960,  0.586,  0.051,  0.236,  0.793,  0.082, -0.040
 58020,  0.621,  0.007,  0.244,  0.805,  0.046,  0.085
 58080,  0.601,  0.037,  0.242,  0.886,  0.149,  0.032
 58140,  0.616,  0.018,  0.329,  0.930,  0.091,  0.050
 58200,  0.523,  0.067,  0.238,  0.865,  0.085,  0.015
 58260,  0.612,  0.054,  0.278,  0.749,  0.115,  0.024
 58320,  0.596,  0.092,  0.314,  0.689,  0.071,  0.010
 58380,  0.537,  0.025,  0.210,  0.559,  0.123,  0.018
 58440,  0.541,  0.038,  0.181,  0.620,  0.095,  0.000
 58500,  0.552,  0.077,  0.263,  0.568,  0.120,  0.042
 58560, -9999.000, -9999.000, -9999.000, -9999.000, -9999.000, -9999.000
 58620,  0.421,  0.082,  0.204,  0.560,  0.107, -0.022
 58680,  0.585,  0.018,  0.191,  0.480,  0.081,  0.045
 58740,  0.530,  0.009,  0.187,  0.512,  0.100, -0.004
 58800,  0.547,  0.055,  0.277,  0.448,  0.081,  0.054
 58860,  0.447,  0.019,  0.218,  0.416,  0.038,  0.001
 58920,  0.140, -0.086,  0.227,  0.463,  0.005, -0.084
 58980,  0.576,  0.021,  0.184,  0.481,  0.099, -0.003
 59040,  0.627,  0.018,  0.223,  0.471,  0.106,  0.094
 59100,  0.638,  0.060,  0.217,  0.527,  0.102,  0.006
 59160,  0.592,  0.033,  0.296,  0.424,  0.093,  0.009
 59220,  0.663,  0.024,  0.479,  0.389,  0.091,  0.031
 59280,  0.599,  0.081,  0.429,  0.433,  0.076,  0.067
 59340,  0.664, -0.030,  0.260,  0.390,  0.094,  0.024
 59400,  0.651,  0.072,  0.218,  0.438,  0.090,  0.052
 59460,  0.587,  0.023,  0.523,  0.477,  0.097, -0.001
 59520,  0.851,  0.038,  0.390,  0.415,  0.100,  0.085
 59580,  0.737,  0.094,  0.419,  0.441,  0.122,  0.076
 59640,  0.811,  0.084,  0.317,  0.451,  0.080,  0.091
 59700,  0.716,  0.026,  0.349,  0.358,  0.085,  0.160
 59760,  0.695,  0.128,  0.401,  0.325,  0.095,  0.021
 59820,  0.655,  0.070,  0.225,  0.388,  0.098,  0.092
 59880,  0.713,  0.077,  0.236,  0.370,  0.093,  0.037
 59940,  0.680,  0.090,  0.241,  0.371,  0.098,  0.061
 60000,  0.734,  0.020,  0.342,  0.450,  0.078,  0.018
 60060,  0.761,  0.096,  0.360,  0.649,  0.070, -0.006
 60120,  0.765,  0.066,  0.409,  0.719,  0.078,  0.038
 60180,  0.735,  0.081,  0.566,  0.681,  0.099,  0.033
 60240,  0.791, -0.004,  0.436,  0.627,  0.067,  0.047
 60300,  0.658,  0.046,  0.308,  0.759,  0.073,  0.047
 60360,  0.724,  0.058,  0.305,  0.873,  0.083,  0.084
 60420,  0.958,  0.116,  0.334,  1.091,  0.280, -0.010
 60480,  0.779,  0.025,  0.519,  0.689,  0.150,  0.854
 60540,  0.751,  0.070,  0.379,  0.608,  0.108,  0.073
 60600,  0.725,  0.043,  0.296,  0.651,  0.079,  0.088
 60660,  0.705,  0.074,  0.218,  0.594,  0.082,  0.067
 60720,  0.774,  0.085,  0.255,  0.612,  0.079,  0.048
 60780,  0.696,  0.058,  0.241,  0.650,  0.072,  0.063
 60840,  0.690,  0.141,  0.290,  0.688,  0.080,  0.036
 60900,  0.717,  0.068,  0.345,  0.726,  0.069,  0.086
 60960,  0.773,  0.061,  0.243,  0.782,  0.074,  0.026
 61020,  0.687,  0.040,  0.286,  0.933,  0.050,  0.036
 61080,  0.784,  0.075,  0.252,  0.875,  0.084,  0.020
 61140,  0.755,  0.051,  0.293,  0.761,  0.092,  0.023
 61200,  0.724,  0.094,  0.295,  0.734,  0.089,  0.076
 61260,  0.564,  0.025,  0.209,  0.751,  0.073,  0.079
 61320,  0.744,  0.059,  0.242,  0.718,  0.076,  0.006
 61380,  0.800,  0.024,  0.271,  0.612,  0.104,  0.101
 61440,  0.723,  0.075,  0.400,  0.706,  0.083,  0.084
 61500,  0.692,  0.120,  0.643,  0.718,  0.065,  0.025
 61560,  0.768,  0.104,  0.547,  0.710,  0.077,  0.065
 61620,  0.660,  0.040,  0.547,  0.780,  0.060,  0.053
 61680,  0.773,  0.079,  0.553,  1.263,  0.076,  0.038
 61740,  0.708,  0.073,  0.408,  1.325,  0.079,  0.020
 61800,  0.783,  0.078,  0.531,  1.346,  0.089,  0.049
 61860,  0.576,  0.095,  0.574,  1.210,  0.047,  0.019
 61920,  0.627,  0.070,  0.507,  0.941,  0.088, -0.003
 61980,  0.566,  0.058,  0.377,  0.964,  0.036,  0.016
 62040,  0.631,  0.060,  0.468,  0.978,  0.068,  0.031
 62100,  0.685,  0.022,  0.745,  1.022,  0.102, -0.032
 62160,  0.738,  0.186,  0.406,  0.995,  0.054,  0.034
 62220,  0.760,  0.097,  0.475,  0.897,  0.169,  0.066
 62280, -9999.000, -9999.000, -9999.000, -9999.000, -9999.000, -9999.000
 62340,  0.795,  0.027,  0.387,  0.826,  0.080,  0.073
 62400,  0.765,  0.065,  0.351,  0.742,  0.098, -0.001
 62460,  0.639,  0.057,  0.391,  0.687,  0.062,  0.060
 62520,  0.694,  0.031,  0.415,  1.027,  0.048, -0.054
 62580,  0.702,  0.046,  0.465,  1.169,  0.079, -0.007
 62640,  0.741,  0.147,  0.478,  1.115,  0.058,  0.051
 62700,  0.713,  0.036,  0.370,  1.219,  0.089, -0.035
 62760,  0.678,  0.118,  0.360,  1.109,  0.087, -0.031
 62820,  0.693,  0.047,  0.383,  1.132,  0.083,  0.006
 62880,  0.683,  0.128,  0.336,  1.072,  0.095, -0.018
 62940,  0.623,  0.067,  0.353,  0.872,  0.064, -0.046
 63000,  0.623,  0.155,  0.396,  0.615,  0.097, -0.023
 63060,  0.628,  0.069,  0.396,  1.004,  0.094, -0.016
 63120,  0.636,  0.109,  0.421,  0.948,  0.083,  0.070
 63180,  0.569,  0.100,  0.800,  0.921,  0.073,  0.042
 63240,  0.701,  0.087,  0.566,  0.961,  0.093, -0.000
 63300,  0.529,  0.053,  0.526,  0.735,  0.050, -0.034
 63360,  0.765,  0.158,  0.433,  0.642,  0.109,  0.018
 63420,  0.624,  0.070,  0.438,  0.608,  0.091,  0.015
 63480,  0.624,  0.051,  0.428,  0.650,  0.105,  0.030
 63540,  0.676,  0.064,  0.490,  0.694,  0.130,  0.028
 63600,  0.672,  0.001,  0.462,  0.968,  0.118, -0.058
 63660,  0.727,  0.058,  0.399,  0.934,  0.117, -0.060
 63720,  0.632,  0.027,  0.535,  0.928,  0.154, -0.052
 63780,  0.576,  0.064,  0.688,  0.862,  0.093, -0.009
 63840,  0.652,  0.187,  0.506,  0.763,  0.083, -0.016
 63900,  0.668,  0.063,  0.579,  0.821,  0.112, -0.061
 63960,  0.629,  0.041,  0.562,  0.759,  0.111,  0.005
 64020,  0.648,  0.065,  0.447,  0.697,  0.081, -0.032
 64080,  0.743,  0.124,  0.439,  0.697,  0.174,  0.002
 64140,  0.846,  0.204,  0.481,  0.971,  0.141,  0.002
 64200,  0.460,  0.030,  0.383,  0.631,  0.047, -0.086
 64260,  0.635,  0.019,  0.389,  0.622,  0.118, -0.077
 64320,  0.640,  0.034,  0.464,  0.630,  0.149, -0.053
 64380,  0.687,  0.113,  0.425,  0.625,  0.127, -0.093
 64440,  0.682,  0.111,  0.438,  0.650,  0.156, -0.020
 64500,  0.662,  0.084,  0.538,  0.688,  0.135, -0.025
 64560,  0.779,  0.099,  0.457,  0.621,  0.144, -0.085
 64620,  0.706,  0.029,  0.442,  0.638,  0.136, -0.055
 64680,  0.703,  0.080,  0.436,  0.596,  0.143, -0.002
 64740,  0.568,  0.142,  0.406,  0.583,  0.129, -0.065
 64800,  0.636,  0.061,  0.454,  0.521,  0.134, -0.029
 64860,  0.686,  0.093,  0.413,  0.421,  0.128, -0.023
 64920,  0.618,  0.203,  0.409,  0.430,  0.118, -0.031
 64980,  0.717,  0.088,  0.603,  0.488,  0.150,  0.002
 65040,  0.700,  0.061,  0.491,  0.412,  0.154, -0.046
 65100,  0.773,  0.115,  0.443,  0.401,  0.090, -0.005
 65160,  0.647,  0.034,  0.480,  0.420,  0.143, -0.006
 65220,  0.770,  0.111,  0.460,  0.540,  0.137,  0.021
 65280,  0.583,  0.053,  0.664,  0.554,  0.115, -0.017
 65340,  0.669,  0.036,  0.582,  0.605,  0.167, -0.015
 65400,  0.676,  0.042,  0.630,  0.550,  0.098, -0.007
 65460,  0.698,  0.118,  0.502,  0.491,  0.154, -0.025
 65520,  0.764,  0.086,  0.527,  0.569,  0.179,  0.041
 65580,  0.762,  0.055,  0.597,  0.448,  0.133,  0.013
 65640,  0.718,  0.036,  0.685,  0.453,  0.180,  0.016
 65700,  0.662,  0.039,  0.560,  0.401,  0.133, -0.015
 65760,  0.535,  0.106,  0.356,  0.368,  0.115, -0.038
 65820,  0.739,  0.048,  0.472,  0.405,  0.158, -0.050
 65880,  0.625,  0.026,  0.459,  0.427,  0.154, -0.023
 65940,  0.614,  0.015,  0.341,  0.461,  0.223,  0.134
 66000,  0.805, -0.103,  0.375,  0.456, -0.021, -0.082
 66060,  0.741,  0.034,  0.501,  0.422,  0.122,  0.033
 66120,  0.781,  0.077,  0.478,  0.394,  0.108,  0.062
 66180,  0.784,  0.110,  0.501,  0.446,  0.162, -0.000
 66240,  0.591,  0.052,  0.512,  0.371,  0.098,  0.015
 66300,  0.647,  0.074,  0.582,  0.365,  0.135, -0.005
 66360,  0.767,  0.051,  0.734,  0.702,  0.091,  0.005
 66420,  0.756,  0.062,  0.701,  1.060,  0.102,  0.010
 66480,  0.643,  0.049,  0.750,  1.043,  0.103, -0.075
 66540,  0.825,  0.131,  0.820,  1.043,  0.118, -0.042
 66600,  0.557,  0.119,  0.576,  0.838,  0.093,  0.014
 66660,  0.756,  0.128,  0.550,  0.839,  0.150, -0.008
 66720,  0.896,  0.132,  0.569,  1.395,  0.157, -0.015
 66780,  0.776,  0.116,  0.726,  0.990,  0.158,  0.020
 66840,  0.940,  0.113,  0.717,  0.790,  0.121,  0.052
 66900,  0.953,  0.154,  0.746,  1.292,  0.134,  0.003
 66960,  0.920,  0.177,  0.727,  1.318,  0.107, -0.067
 67020,  0.863,  0.158,  0.758,  1.070,  0.130,  0.018
 67080,  0.775,  0.080,  0.698,  1.162,  0.096, -0.030
 67140,  0.727,  0.193,  0.714,  0.812,  0.135, -0.003
 67200,  0.960,  0.225,  0.550,  1.047,  0.133,  0.029
 67260,  0.973,  0.185,  0.571,  2.567,  0.096, -0.010
 67320,  0.913,  0.262,  0.589,  2.181,  0.135,  0.018
 67380,  0.926,  0.109,  0.533,  1.434,  0.125,  0.034
 67440,  0.807,  0.177,  0.503,  1.111,  0.073,  0.006
 67500,  0.853,  0.129,  0.607,  1.153,  0.105,  0.032
 67560,  0.934,  0.146,  0.722,  1.223,  0.094, -0.003
 67620,  0.931,  0.158,  0.879,  1.656,  0.114, -0.007
 67680,  0.822,  0.147,  0.780,  1.752,  0.073, -0.040
 67740,  0.951,  0.243,  0.679,  2.119,  0.078, -0.006
 67800,  0.781,  0.178,  0.570,  2.096,  0.080, -0.053
 67860,  1.004,  0.209,  0.618,  1.823,  0.107,  0.083
 67920,  0.920,  0.213,  0.632,  1.743,  0.070, -0.033
 67980,  0.868,  0.174,  0.554,  1.717,  0.122,  0.003
 68040,  0.728,  0.128,  0.620,  1.670,  0.140, -0.040
 68100,  0.918,  0.114,  0.619,  2.050,  0.077, -0.014
 68160,  0.812,  0.179,  0.515,  1.300,  0.147,  0.044
 68220,  0.936,  0.122,  0.556,  1.884,  0.172, -0.018
 68280,  0.631,  0.093,  0.493,  1.023,  0.078, -0.030
 68340,  0.798,  0.154,  0.592,  0.918,  0.105,  0.037
 68400,  0.723,  0.161,  0.556,  0.426,  0.117,  0.059
 68460,  0.285,  0.032,  0.594,  0.271,  0.046,  0.016
 68520,  0.733,  0.162,  0.603,  0.412,  0.152,  0.167
 68580,  0.525,  0.103,  0.491,  0.337,  0.075,  0.084
 68640,  0.799,  0.182,  0.634,  0.270,  0.089,  0.133
 68700,  0.658,  0.114,  0.531,  0.254,  0.109,  0.319
 68760,  0.603,  0.128,  0.492,  0.199,  0.103,  0.262
 68820,  0.553,  0.060,  0.467,  0.287,  0.045,  0.122
 68880,  0.559,  0.119,  0.520,  0.375,  0.067,  0.096
 68940,  0.536,  0.073,  0.426,  0.276,  0.064,  0.317
 69000,  0.430,  0.099,  0.450,  0.285,  0.071,  0.313
