CampaignData_and_Merges/R0/CSL_MobileLab_Parked/raw/20240814/USOS-NOy-LIF_MobileLabGround_20240814_R0.ict
39,1001
Rollins, A.; Waxman, E.; Zuraski, K.; Chace, W.
NOAA Chemical Sciences Laboratory
LIF NO/NOx/NOy on CSL Mobile Lab
AMMBEC / USOS
1, 1
2024,08,14, 2025,01,06
1
Time_Start, seconds, number_of_seconds_since_0000_UTC
7
1, 1, 1, 1, 1, 1, 1
-9999, -9999, -9999, -9999, -9999, -9999, -9999
Time_Stop, seconds, number_of_seconds_since_0000_UTC
NO_LIF, pptv, Gas_NO_InSitu_S_AVMR, volume mixing ratio of nitric oxide in air
NO2_LIF, pptv, Gas_NO2_InSitu_S_AVMR, volume mixing ratio of nitrogen dioxide in air
NOy_LIF, pptv, Gas_NOy_InSitu_S_AVMR, volume mixing ratio of total oxidized nitrogen in air
NO_LIF_1SigmaAccuracy, pptv, Gas_NO_InSitu_S_AVMR, volume mixing ratio of nitric oxide in air
NO2_LIF_1SigmaAccuracy, pptv, Gas_NO2_InSitu_S_AVMR, volume mixing ratio of nitrogen dioxide in air
NOy_LIF_1SigmaAccuracy, pptv, Gas_NOy_InSitu_S_AVMR, volume mixing ratio of total oxidized nitrogen in air
0
18
PI_CONTACT_INFO: andrew.rollins@noaa.gov
PLATFORM: CSL Mobile Lab
LOCATION: Salt Lake City, UT
ASSOCIATED_DATA:
INSTRUMENT_INFO: NO detection by laser induced fluorescence. NO2 detection by photolytic conversion to NO. NOy detection by catalytic conversion to NO on gold surface
DATA_INFO:
UNCERTAINTY: Included 1 Sigma Accuracy waves represent the combined calibration uncertainties (±6%, ±9%, ±10%) and zero uncertainties (3 ppt, 20 ppt, 100 ppt) for NO, NO2, and NOy, respectively.
ULOD_FLAG: -7777
ULOD_VALUE: N/A
LLOD_FLAG: -8888
LLOD_VALUE: N/A
DM_CONTACT_INFO: andrew.rollins@noaa.gov
PROJECT_INFO: USOS Project, July - August 2024
STIPULATIONS_ON_USE: Users are strongly encouraged to contact the PI for proper data usage.
OTHER_COMMENTS:
REVISION: R0
R0: final data
Time_Start, Time_Stop, NO_LIF, NO2_LIF, NOy_LIF, NO_LIF_1SigmaAccuracy, NO2_LIF_1SigmaAccuracy, NOy_LIF_1SigmaAccuracy
[from data line 1058]
   63480,   63540,2283.7,5691.5,9256.8,140.02, 532.23, 1025.7
   63540,   63600,1918.8,4514.1,7994.9,118.13, 426.27, 899.49
   63600,   63660,1769.8,4765.2,7829.6,109.19, 448.87, 882.96
   63660,   63720,2298.1,4725.8,8641.8,140.88, 445.32, 964.18
   63720,   63780,2800.6,5430.3,10702,171.04, 508.72, 1170.2
   63780,   63840,2398.4,5420.9,8905,146.91, 507.88, 990.5
   63840,   63900,2442.4,5913.6,9604.7,149.55, 552.23, 1060.5
   63900,   63960,2308.8,5099.6,8452.2,141.53, 478.97, 945.22
   63960,   64020,2382.4,5589.1,9510.5,145.94, 523.02, 1051.1
   64020,   64080,2342.5,5869.1,9494,143.55, 548.21, 1049.4
   64080,   64140,1844.3,4459.5,7838.9,113.66, 421.36, 883.89
   64140,   64200,2022.5,4900.6,8026.3,124.35, 461.05, 902.63
   64200,   64260,1606.1,3912.8,6872.4,99.368, 372.15, 787.24
   64260,   64320,1488.4,3839,6772.1,92.303, 365.51, 777.21
   64320,   64380,1716.4,4180.4,7233.1,105.99, 396.23, 823.31
   64380,   64440,1690.8,4228.8,7512.5,104.45, 400.59, 851.25
   64440,   64500,1705.1,4086.7,7145.5,105.31, 387.81, 814.55
   64500,   64560,1661.6,3995.7,7077.6,102.7, 379.61, 807.76
   64560,   64620,1695.8,4244.9,7269.5,104.75, 402.04, 826.95
   64620,   64680,1465.2,3599.6,6868.3,90.91, 343.97, 786.83
   64680,   64740,1454.7,3628.3,6544.9,90.28, 346.55, 754.49
   64740,   64800,4024.7,6889,9522.1,244.48, 640.01, 1052.2
   64800,   64860,3994.1,7489.8,13592,242.65, 694.09, 1459.2
   64860,   64920,2596.4,5678.3,9680.2,158.78, 531.05, 1068
   64920,   64980,1935.2,4451,7394.8,119.11, 420.59, 839.48
   64980,   65040,1905.6,4514.4,7948,117.34, 426.29, 894.8
   65040,   65100,1964.5,4828.2,8276.1,120.87, 454.53, 927.61
   65100,   65160,4097.1,7257.8,10838,248.83, 673.2, 1183.8
   65160,   65220,5919.2,6810,11424,358.15, 632.9, 1242.4
   65220,   65280,1876,4664,9853.4,115.56, 439.76, 1085.3
   65280,   65340,1425,3686.6,6759.9,88.502, 351.79, 775.99
   65340,   65400,1409.5,3912.9,6757.7,87.57, 372.16, 775.77
   65400,   65460,1396.9,3862.3,6930.6,86.812, 367.6, 793.06
   65460,   65520,1365.3,3715.4,6715.3,84.915, 354.38, 771.53
   65520,   65580,1321.7,3776.3,6885.3,82.3, 359.87, 788.53
   65580,   65640,1367.8,3871.1,6802.6,85.067, 368.4, 780.26
   65640,   65700,1441.1,3977.5,7303.6,89.464, 377.98, 830.36
   65700,   65760,1375.3,3698.8,6729.8,85.516, 352.89, 772.98
   65760,   65820,1336.7,3680.5,6648.7,83.2, 351.24, 764.87
   65820,   65880,1398,3633.5,6715.2,86.881, 347.01, 771.52
   65880,   65940,1418.5,3662.5,6865.7,88.109, 349.62, 786.57
   65940,   66000,1414.6,3540.4,6706.9,87.874, 338.63, 770.69
   66000,   66060,1390,3502.7,6649.9,86.401, 335.24, 764.99
   66060,   66120,1542.6,3770.5,6948.7,95.553, 359.35, 794.87
   66120,   66180,3348,5852.8,8959.2,203.88, 546.75, 995.92
   66180,   66240,1728.7,4342.3,8225.2,106.72, 410.8, 922.52
   66240,   66300,1490.1,4040.2,7562.6,92.407, 383.62, 856.26
   66300,   66360,1511.5,3786.2,7079.6,93.688, 360.76, 807.96
   66360,   66420,1471.5,3704.7,6860.4,91.291, 353.42, 786.04
   66420,   66480,1486,3663.5,6971.3,92.16, 349.72, 797.13
   66480,   66540,1464.5,3645,6953.2,90.872, 348.05, 795.32
   66540,   66600,1480.9,3715.6,6998.8,91.852, 354.4, 799.88
   66600,   66660,1461,3627.6,6946.3,90.661, 346.49, 794.63
   66660,   66720,1458.9,3482.7,6882.1,90.533, 333.44, 788.21
   66720,   66780,-9999,-9999,-9999,-9999, -9999, -9999
   66780,   66840,-9999,-9999,-9999,-9999, -9999, -9999
   66840,   66900,-9999,-9999,-9999,-9999, -9999, -9999
   66900,   66960,-9999,-9999,-9999,-9999, -9999, -9999
   66960,   67020,-9999,-9999,-9999,-9999, -9999, -9999
   67020,   67080,-9999,-9999,-9999,-9999, -9999, -9999
   67080,   67140,-9999,-9999,-9999,-9999, -9999, -9999
   67140,   67200,980.64,3865.5,6840,61.839, 367.89, 784
   67200,   67260,772.23,3540.4,6418.6,49.334, 338.64, 741.86
   67260,   67320,717.14,3568.7,6248.8,46.028, 341.19, 724.88
   67320,   67380,689.18,3625.2,6134,44.351, 346.27, 713.4
   67380,   67440,625.51,3431,5929.5,40.531, 328.79, 692.95
   67440,   67500,621.59,3563.9,6015.2,40.295, 340.75, 701.52
   67500,   67560,584.66,3628.9,6087.3,38.08, 346.6, 708.73
   67560,   67620,763.53,4060.4,6449.1,48.812, 385.44, 744.91
   67620,   67680,587.43,3923.9,6423.2,38.246, 373.15, 742.32
   67680,   67740,589.22,3911.7,6286.6,38.353, 372.06, 728.66
   67740,   67800,548.58,3818.6,6251.4,35.915, 363.67, 725.14
   67800,   67860,487.66,3791.4,6167.4,32.259, 361.23, 716.74
   67860,   67920,445.04,3748.8,5948.7,29.703, 357.39, 694.87
   67920,   67980,397.11,4011.6,6129.3,26.827, 381.05, 712.93
   67980,   68040,404.68,4192.4,6267.3,27.281, 397.31, 726.73
   68040,   68100,520.19,4589.1,6610.4,34.211, 433.02, 761.04
   68100,   68160,472.03,4820.3,6978.3,31.322, 453.83, 797.83
   68160,   68220,555.31,5512,8152.3,36.319, 516.08, 915.23
   68220,   68280,435.01,5094.1,7624.4,29.1, 478.47, 862.44
   68280,   68340,359.6,4915.6,7227.4,24.576, 462.4, 822.74
   68340,   68400,327.14,4416,6300.1,22.628, 417.44, 730.01
   68400,   68460,277.64,3926.1,5801.6,19.658, 373.35, 680.16
   68460,   68520,246.42,3551.3,5157.9,17.785, 339.61, 615.79
   68520,   68580,232.25,3504.5,4909.8,16.935, 335.41, 590.98
   68580,   68640,257.25,4151.9,5525.7,18.435, 393.67, 652.57
   68640,   68700,423.69,6681.2,8155.4,28.421, 621.31, 915.54
   68700,   68760,610.05,8092.4,10164,39.603, 748.32, 1116.4
   68760,   68820,619.63,9424.9,11636,40.178, 868.24, 1263.6
   68820,   68880,514.68,9535.8,11969,33.881, 878.22, 1296.9
   68880,   68940,479.68,9665,11990,31.781, 889.85, 1299
   68940,   69000,447.63,9718.7,12320,29.858, 894.69, 1332
   69000,   69060,420.99,9493.8,12093,28.259, 874.44, 1309.3
   69060,   69120,388.41,9600.5,12011,26.304, 884.05, 1301.1
   69120,   69180,427.75,10224,12634,28.665, 940.12, 1363.4
   69180,   69240,422.85,10364,12877,28.371, 952.79, 1387.7
   69240,   69300,441.58,10184,12635,29.495, 936.53, 1363.5
   69300,   69360,574.27,11570,13779,37.456, 1061.3, 1477.9
   69360,   69420,536.06,11548,13823,35.164, 1059.3, 1482.3
   69420,   69480,551.67,12091,14323,36.1, 1108.2, 1532.3
   69480,   69540,602.52,12735,14941,39.151, 1166.1, 1594.1
   69540,   69600,643.09,12851,15039,41.586, 1176.6, 1603.9
   69600,   69660,608.32,13192,15447,39.499, 1207.3, 1644.7
   69660,   69720,502.39,11376,13980,33.144, 1043.8, 1498
   69720,   69780,486.66,10318,12591,32.199, 948.65, 1359.1
   69780,   69840,636.17,10345,12442,41.17, 951.09, 1344.2
   69840,   69900,393.06,6892.6,8698.2,26.584, 640.34, 969.82
   69900,   69960,342.78,5343.5,6469,23.567, 500.91, 746.9
   69960,   70020,359.53,5279.2,6577.9,24.572, 495.13, 757.79
   70020,   70080,337.28,4458.8,5745.9,23.237, 421.3, 674.59
   70080,   70140,636.42,4018.1,5675.4,41.185, 381.63, 667.54
   70140,   70200,334.12,3129.1,4248.5,23.047, 301.62, 524.85
   70200,   70260,306.02,3059.2,4229.1,21.361, 295.33, 522.91
   70260,   70320,883.78,4694.3,4971.8,56.027, 442.48, 597.18
   70320,   70380,7033.5,12242,11924,425.01, 1121.8, 1292.4
   70380,   70440,25529,27103,44338,1534.7, 2459.2, 4533.8
   70440,   70500,40060,30203,48435,2406.6, 2738.3, 4943.5
   70500,   70560,12178,16208,37044,733.68, 1478.8, 3804.4
   70560,   70620,2307.6,7812.9,16197,141.46, 723.16, 1719.7
   70620,   70680,1828.1,7250.6,10772,112.69, 672.56, 1177.2
   70680,   70740,4553.3,10430,11616,276.2, 958.68, 1261.6
   70740,   70800,3154.6,8727,13763,192.28, 805.43, 1476.3
   70800,   70860,5643.8,10488,13911,341.63, 963.93, 1491.1
   70860,   70920,7657.4,10903,15756,462.44, 1001.3, 1675.6
   70920,   70980,4398.5,10046,15443,266.91, 924.15, 1644.3
   70980,   71040,1942.3,6749.1,11325,119.54, 627.42, 1232.5
   71040,   71100,1490.5,4116.9,6918.8,92.429, 390.52, 791.88
   71100,   71160,1667.2,4266.5,6524.4,103.03, 403.98, 752.44
   71160,   71220,2061.3,4591.4,6799.8,126.68, 433.23, 779.98
   71220,   71280,3652,6532,9457.1,222.12, 607.88, 1045.7
   71280,   71340,5598.8,10410,15827,338.93, 956.92, 1682.7
   71340,   71400,3318.6,8534.6,13117,202.11, 788.12, 1411.7
   71400,   71460,2562.2,7046.3,11161,156.73, 654.17, 1216.1
   71460,   71520,2746,6944.4,9820.6,167.76, 645, 1082.1
   71520,   71580,4073.6,8767.7,13346,247.42, 809.09, 1434.6
   71580,   71640,3353.1,7494.1,12366,204.19, 694.47, 1336.6
   71640,   71700,2853.5,6675.7,10714,174.21, 620.82, 1171.4
   71700,   71760,2635,6120.2,10083,161.1, 570.81, 1108.3
   71760,   71820,2855.7,5575.1,9606,174.34, 521.76, 1060.6
   71820,   71880,2741.7,5496.3,9454.5,167.5, 514.67, 1045.5
   71880,   71940,2406.5,5153.1,8674.9,147.39, 483.78, 967.49
   71940,   72000,1891,4642.2,7795.6,116.46, 437.8, 879.56
   72000,   72060,1463.1,3704.1,6378.1,90.786, 353.37, 737.81
   72060,   72120,3016.5,5160,9053.2,183.99, 484.4, 1005.3
   72120,   72180,1574.6,4205.1,6627.6,97.473, 398.46, 762.76
   72180,   72240,1268.4,3370.4,5888.7,79.105, 323.34, 688.87
   72240,   72300,988.32,3020.8,4931.7,62.299, 291.87, 593.17
   72300,   72360,1780.7,3876.7,6186.3,109.84, 368.9, 718.63
   72360,   72420,1029.9,3428.3,5523.7,64.791, 328.55, 652.37
   72420,   72480,1024.2,3754.5,5450.1,64.455, 357.9, 645.01
   72480,   72540,936.73,3464.1,5240.1,59.204, 331.77, 624.01
   72540,   72600,815.38,3412.3,4845.9,51.923, 327.11, 584.59
   72600,   72660,953.69,3734.5,5051.7,60.221, 356.11, 605.17
   72660,   72720,1143.6,4043.5,5672.5,71.615, 383.92, 667.25
   72720,   72780,1156.6,3916.6,5849.8,72.393, 372.49, 684.98
   72780,   72840,1134.7,3819.6,5886.4,71.079, 363.77, 688.64
   72840,   72900,1213.3,3854,6012.7,75.795, 366.86, 701.27
   72900,   72960,1020.3,3424.9,5442.3,64.221, 328.24, 644.23
   72960,   73020,1197.7,3700.1,5513.7,74.861, 353.01, 651.37
   73020,   73080,1422.2,3327.8,5023,88.334, 319.5, 602.3
   73080,   73140,1702.5,3574.5,5768.9,105.15, 341.7, 676.89
   73140,   73200,1382.7,2912.3,5667.1,85.96, 282.1, 666.71
   73200,   73260,1330.3,2566.8,4633.2,82.816, 251.01, 563.32
   73260,   73320,1673,3037.8,5340,103.38, 293.4, 634
   73320,   73380,1702.6,3106.6,5408.1,105.15, 299.6, 640.81
   73380,   73440,1952.9,3365.8,5998.1,120.18, 322.92, 699.81
   73440,   73500,2745.7,4168.7,6834.1,167.74, 395.19, 783.41
   73500,   73560,1905.6,3615.2,6755.7,117.34, 345.37, 775.57
   73560,   73620,1644.6,3245.9,5825.9,101.68, 312.13, 682.59
   73620,   73680,1481.2,3014.8,5467.1,91.875, 291.33, 646.71
   73680,   73740,4222.7,6115.7,9282.1,256.36, 570.41, 1028.2
   73740,   73800,3563.2,5485.4,9691.5,216.79, 513.69, 1069.1
   73800,   73860,4935.9,6973.3,13842,299.16, 647.6, 1484.2
   73860,   73920,3247.9,4397.8,8760.3,197.87, 415.8, 976.03
   73920,   73980,3130.8,4725.4,9966,190.85, 445.29, 1096.6
   73980,   74040,1529.5,3129.3,5434,94.769, 301.63, 643.4
   74040,   74100,893.38,2227.5,4485.6,56.603, 220.47, 548.56
   74100,   74160,2094.1,3556.7,5697.9,128.65, 340.1, 669.79
   74160,   74220,1057,2546,5535.6,66.418, 249.14, 653.56
   74220,   74280,1421.4,3025.3,5430.4,88.284, 292.28, 643.04
   74280,   74340,1539.9,2693.1,4543,95.392, 262.38, 554.3
   74340,   74400,2817.4,4500.4,7884.6,172.05, 425.03, 888.46
   74400,   74460,1940.7,3839.8,7407.8,119.44, 365.58, 840.78
   74460,   74520,1949,3823.5,7063.6,119.94, 364.12, 806.36
   74520,   74580,1274.4,2669.3,5191.3,79.463, 260.23, 619.13
   74580,   74640,964.88,2281.7,4652.5,60.893, 225.35, 565.25
   74640,   74700,1110.1,2435.1,4351.7,69.606, 239.16, 535.17
   74700,   74760,-9999,-9999,-9999,-9999, -9999, -9999
   74760,   74820,-9999,-9999,-9999,-9999, -9999, -9999
   74820,   74880,-9999,-9999,-9999,-9999, -9999, -9999
   74880,   74940,-9999,-9999,-9999,-9999, -9999, -9999
   74940,   75000,-9999,-9999,-9999,-9999, -9999, -9999
   75000,   75060,-9999,-9999,-9999,-9999, -9999, -9999
   75060,   75120,-9999,-9999,-9999,-9999, -9999, -9999
   75120,   75180,1247.8,2764.1,5896.4,77.867, 268.77, 689.64
   75180,   75240,1853.6,3467.2,5774.2,114.21, 332.05, 677.42
   75240,   75300,3394.8,5621.1,9669.7,206.69, 525.9, 1067
   75300,   75360,1562.8,2953,6416.9,96.771, 285.77, 741.69
   75360,   75420,1677,2685.8,4558.1,103.62, 261.72, 555.81
   75420,   75480,2728.8,3944.4,6913.8,166.73, 375, 791.38
   75480,   75540,2759.8,4374.8,9516.6,168.59, 413.73, 1051.7
   75540,   75600,2791.7,4053.4,7298.7,170.5, 384.8, 829.87
   75600,   75660,4528.6,5924.7,13861,274.72, 553.22, 1486.1
   75660,   75720,565.29,1741.9,3987,36.917, 176.77, 498.7
   75720,   75780,932.87,2516.7,4424.1,58.972, 246.5, 542.41
   75780,   75840,802.63,2015.5,3932.4,51.158, 201.4, 493.24
   75840,   75900,6772.9,7408.5,13107,409.37, 686.76, 1410.7
   75900,   75960,3075.2,5113.7,14609,187.51, 480.23, 1560.9
   75960,   76020,770.2,2112.3,4907.6,49.212, 210.11, 590.76
   76020,   76080,1630.2,3071.1,5166.6,100.81, 296.4, 616.66
   76080,   76140,3397.2,6342.8,10995,206.83, 590.86, 1199.5
   76140,   76200,2414.3,4386.8,7067.4,147.86, 414.81, 806.74
   76200,   76260,1910.7,4120.9,8723.1,117.64, 390.88, 972.31
   76260,   76320,2382,4200.1,6212.2,145.92, 398.01, 721.22
   76320,   76380,911.57,2449.8,6148.7,57.694, 240.49, 714.87
   76380,   76440,1234.1,2695.5,5683,77.047, 262.59, 668.3
   76440,   76500,1451.2,2780.9,4471.7,90.073, 270.28, 547.17
   76500,   76560,1072.9,2848.7,5616.5,67.376, 276.38, 661.65
   76560,   76620,1004.2,2384.4,3908.5,63.254, 234.6, 490.85
   76620,   76680,1575.8,3586.4,6994.1,97.548, 342.78, 799.41
   76680,   76740,1743.9,3599.3,5812.2,107.63, 343.93, 681.22
   76740,   76800,2647.4,5408,7833.8,161.84, 506.72, 883.38
   76800,   76860,2681.7,4146,11508,163.9, 393.14, 1250.8
   76860,   76920,952.38,2231.5,4338.3,60.143, 220.83, 533.83
   76920,   76980,1737.7,3840.5,5582.5,107.26, 365.64, 658.25
   76980,   77040,1486.2,3731.1,6630.3,92.174, 355.8, 763.03
   77040,   77100,1400,3120.8,5631.6,87.002, 300.87, 663.16
   77100,   77160,889.24,2695.1,4711.1,56.354, 262.56, 571.11
   77160,   77220,623.82,1999,4008.7,40.429, 199.91, 500.87
   77220,   77280,1869.4,3293.7,3658.9,115.16, 316.43, 465.89
   77280,   77340,2437,4774.8,7681.4,149.22, 449.73, 868.14
   77340,   77400,2963.9,5593.6,6784.5,180.83, 523.42, 778.45
   77400,   77460,746.83,2310,4373.9,47.81, 227.9, 537.39
   77460,   77520,538.23,1767.8,3405.1,35.294, 179.11, 440.51
   77520,   77580,481.86,1577,3131.6,31.912, 161.93, 413.16
   77580,   77640,2319.3,2787,4046.3,142.16, 270.83, 504.63
   77640,   77700,660.03,1602.5,3254.2,42.602, 164.23, 425.42
   77700,   77760,330.64,1188.4,2314.4,22.839, 126.96, 331.44
   77760,   77820,451.3,1150.3,2128,30.078, 123.52, 312.8
   77820,   77880,316.8,996.76,1861.4,22.008, 109.71, 286.14
   77880,   77940,217.88,775.67,1530.6,16.073, 89.811, 253.06
   77940,   78000,251.12,915.97,1942.6,18.067, 102.44, 294.26
   78000,   78060,336.05,1051.5,1973,23.163, 114.64, 297.3
   78060,   78120,247.45,883.05,1771.8,17.847, 99.475, 277.18
   78120,   78180,287.84,991.28,2043.2,20.27, 109.22, 304.32
   78180,   78240,239.64,846.07,1867.3,17.379, 96.146, 286.73
   78240,   78300,283.69,977.32,1956.5,20.021, 107.96, 295.65
   78300,   78360,367.1,1140.7,2006.3,25.026, 122.66, 300.63
   78360,   78420,317.91,1081,2155,22.075, 117.29, 315.5
   78420,   78480,324.09,1128.6,2359.1,22.445, 121.57, 335.91
   78480,   78540,649.88,1701.1,3925,41.993, 173.1, 492.5
   78540,   78600,572.86,1627.6,3501.6,37.372, 166.48, 450.16
   78600,   78660,361.74,1361.3,2893.5,24.704, 142.51, 389.35
   78660,   78720,346.82,1279.2,2791.3,23.809, 135.13, 379.13
   78720,   78780,371.49,1381.9,2802.7,25.29, 144.37, 380.27
   78780,   78840,368.44,1380.4,2895.8,25.107, 144.23, 389.58
   78840,   78900,366.49,1351.9,2936.5,24.989, 141.67, 393.65
   78900,   78960,350.92,1340.9,2930.8,24.055, 140.68, 393.08
   78960,   79020,365.63,1417.6,3073,24.938, 147.58, 407.3
   79020,   79080,403.35,1523.7,3071.4,27.201, 157.14, 407.14
   79080,   79140,456.86,1729.5,3346.5,30.412, 175.65, 434.65
   79140,   79200,598.63,2245.3,4166.4,38.918, 222.08, 516.64
   79200,   79260,678.96,2382.9,4319,43.737, 234.46, 531.9
