CampaignData_and_Merges/R0/CSL_MobileLab_Parked/raw/20240814/USOS-MetNav_MobileLabGround_20240814_R0.ict
44, 1001
Carrie Womack, Nate Howard, Mike Zucker
NOAA Chemical Sciences Laboratory
Mobile Lab MetNav Station
USOS
1, 1
2024, 08, 14, 2024, 12, 21
60
Time_Start, seconds_past_midnight, Seconds from midnight UTC
11
1, 1, 1, 1, 1, 1, 1, 1, 1, 1, 1
-9999, -9999, -9999, -9999, -9999, -9999, -9999, -9999, -9999, -9999, -9999
GPS_Alt_m, meters, Altitude from Differential GPS
GPS_Course_deg, degrees, Course from Differential GPS
GPS_GndSpd_m_s, m/s, Ground Speed from Differential GPS
GPS_Heading_deg, degrees, Heading from Differential GPS
GPS_Lat_deg, degrees, Latitude from Differential GPS
GPS_Lon_deg, degrees, Longitude from Differential GPS
AirTemp_C, Celsius, Air Temperature from Airmar
RelHumidity_pct, percent, Relative Humidity from Airmar
Pressure_mb, millibars, Pressure from Honeywell
WindDir_calc_deg, degrees, Wind Direction from Airmar corrected for van movement
WindSpd_calc_m_s, m/s, Wind Speed from Airmar corrected for van movement
1
SPECIAL COMMENTS:
18
PI_CONTACT_INFO: Address: 325 Broadway R/CSL7, Boulder, CO, 80305
PLATFORM: CSL Mobile Lab
LOCATION: Salt Lake City, UT
ASSOCIATED_DATA: N/A
INSTRUMENT_INFO: N/A
DATA_INFO: Units:
UNCERTAINTY: N/A
ULOD_FLAG: -7777
ULOD_VALUE: N/A
LLOD_FLAG: -8888
LLOD_VALUE: N/A
DM_CONTACT_INFO: Data Manager: Nate Howard
PROJECT_INFO: 
STIPULATIONS_ON_USE: Use of these data require prior ok from PI.
OTHER_COMMENTS: 
REVISION: R0
R0: Final data. Fixed bug in wind averaging code. RA: Preliminary Data. For in-field use only. 
Time_Start, GPS_Alt_m, GPS_Course_deg, GPS_GndSpd_m_s, GPS_Heading_deg, GPS_Lat_deg, GPS_Lon_deg, AirTemp_C, RelHumidity_pct, Pressure_mb, WindDir_calc_deg, WindSpd_calc_m_s
[from data line 1043]
62580.0,1309.1,1.57,0.04,1.57,40.73434,-111.87211,30.6,25.9,878.6,132.93,0.6
62640.0,1309.2,1.74,0.04,1.74,40.73434,-111.87211,30.8,25.4,878.6,123.55,1.0
62700.0,1309.3,1.95,0.05,1.95,40.73434,-111.87211,31.0,25.0,878.6,130.34,1.1
62760.0,1309.4,1.66,0.05,1.66,40.73434,-111.87211,31.2,24.8,878.6,155.69,1.4
62820.0,1309.5,1.71,0.06,1.71,40.73434,-111.87211,31.3,25.7,878.6,130.94,1.5
62880.0,1309.5,2.25,0.05,2.25,40.73434,-111.87211,31.2,26.3,878.6,120.93,2.2
62940.0,1309.5,2.15,0.05,2.15,40.73434,-111.87211,31.0,25.9,878.6,120.36,1.9
63000.0,1309.3,2.19,0.06,2.19,40.73434,-111.87211,30.7,26.5,878.6,121.30,2.1
63060.0,1309.4,1.82,0.06,1.82,40.73434,-111.87211,30.7,27.1,878.6,82.31,0.5
63120.0,1309.4,2.23,0.05,2.23,40.73434,-111.87211,30.8,26.2,878.6,115.18,1.4
63180.0,1309.5,2.49,0.05,2.49,40.73434,-111.87211,31.0,26.5,878.6,117.47,0.6
63240.0,1309.4,2.19,0.05,2.19,40.73434,-111.87211,31.3,25.2,878.5,158.42,0.5
63300.0,1309.3,2.13,0.04,2.13,40.73434,-111.87210,31.5,25.8,878.5,116.20,1.1
63360.0,1309.2,2.08,0.05,2.08,40.73434,-111.87210,31.5,25.5,878.5,115.66,1.1
63420.0,1309.2,2.32,0.04,2.32,40.73434,-111.87210,31.6,26.7,878.5,97.66,0.9
63480.0,1309.2,1.87,0.04,1.87,40.73434,-111.87210,31.5,25.5,878.5,122.87,1.7
63540.0,1309.3,1.54,0.05,1.54,40.73434,-111.87210,31.5,25.8,878.5,115.98,1.1
63600.0,1309.4,1.39,0.05,1.39,40.73434,-111.87210,31.6,25.9,878.5,107.36,0.8
63660.0,1309.5,1.84,0.05,1.84,40.73434,-111.87210,31.6,25.4,878.5,110.08,1.2
63720.0,1309.6,2.21,0.05,2.21,40.73434,-111.87210,31.5,24.9,878.5,109.20,1.2
63780.0,1309.6,2.27,0.05,2.27,40.73434,-111.87210,31.6,25.8,878.5,93.87,0.5
63840.0,1309.7,2.69,0.06,2.69,40.73434,-111.87210,31.8,25.0,878.5,80.12,0.5
63900.0,1309.6,2.72,0.05,2.72,40.73434,-111.87210,31.7,24.3,878.5,86.46,0.4
63960.0,1309.7,2.70,0.05,2.70,40.73434,-111.87210,31.8,24.9,878.5,75.53,0.6
64020.0,1309.6,2.59,0.05,2.59,40.73434,-111.87210,31.7,24.2,878.5,86.77,0.7
64080.0,1309.5,3.01,0.05,3.01,40.73435,-111.87210,31.5,24.2,878.5,85.02,0.9
64140.0,1309.6,3.33,0.05,3.33,40.73434,-111.87210,31.6,24.2,878.5,73.28,0.4
64200.0,1309.7,2.89,0.05,2.89,40.73434,-111.87210,31.6,23.6,878.4,75.55,0.5
64260.0,1309.7,2.81,0.05,2.81,40.73434,-111.87210,31.7,23.5,878.4,90.23,0.5
64320.0,1309.9,2.72,0.05,2.72,40.73434,-111.87210,31.9,23.3,878.4,89.64,0.3
64380.0,1310.0,2.43,0.05,2.43,40.73434,-111.87210,32.1,23.1,878.4,123.50,0.9
64440.0,1309.7,2.16,0.05,2.16,40.73434,-111.87210,32.2,23.1,878.4,124.12,1.3
64500.0,1309.9,2.03,0.05,2.03,40.73434,-111.87210,32.2,23.5,878.4,113.52,1.6
64560.0,1309.7,1.83,0.05,1.83,40.73434,-111.87210,31.9,24.1,878.4,106.51,1.7
64620.0,1309.7,1.56,0.05,1.56,40.73434,-111.87210,31.6,23.1,878.4,128.47,2.1
64680.0,1309.6,0.84,0.05,0.84,40.73434,-111.87210,31.7,24.1,878.4,132.13,1.7
64740.0,1309.8,1.29,0.05,1.29,40.73434,-111.87211,31.7,24.7,878.4,124.62,1.7
64800.0,1309.9,0.55,0.05,0.55,40.73434,-111.87211,31.8,25.1,878.4,111.23,0.7
64860.0,1309.8,0.68,0.05,0.68,40.73434,-111.87211,31.8,24.9,878.4,124.83,1.7
64920.0,1309.6,1.09,0.05,1.09,40.73434,-111.87211,31.9,23.8,878.4,140.37,1.9
64980.0,1309.5,1.56,0.05,1.56,40.73434,-111.87211,32.1,24.2,878.4,123.89,1.2
65040.0,1309.5,1.45,0.06,1.45,40.73434,-111.87211,32.2,25.3,878.4,118.79,1.5
65100.0,1309.4,1.65,0.05,1.65,40.73434,-111.87211,32.2,24.6,878.4,123.61,2.4
65160.0,1309.4,1.75,0.04,1.75,40.73434,-111.87211,32.0,24.8,878.4,115.06,1.9
65220.0,1309.8,1.64,0.05,1.64,40.73434,-111.87211,32.0,25.2,878.4,107.86,0.8
65280.0,1309.8,1.80,0.05,1.80,40.73434,-111.87211,32.2,24.3,878.3,150.31,0.5
65340.0,1309.8,1.34,0.05,1.34,40.73434,-111.87211,32.4,25.5,878.4,95.63,0.7
65400.0,1310.2,1.81,0.05,1.81,40.73434,-111.87210,32.6,24.1,878.4,108.68,0.3
65460.0,1309.8,1.89,0.05,1.89,40.73434,-111.87211,32.8,24.3,878.3,84.47,0.7
65520.0,1309.2,2.06,0.05,2.06,40.73435,-111.87211,32.8,24.0,878.3,74.32,0.3
65580.0,1309.1,1.63,0.05,1.63,40.73435,-111.87211,33.0,24.5,878.3,85.31,0.7
65640.0,1309.1,1.59,0.05,1.59,40.73435,-111.87211,33.1,24.2,878.3,92.65,0.5
65700.0,1308.9,2.07,0.05,2.07,40.73435,-111.87211,33.2,23.6,878.3,87.75,0.4
65760.0,1309.0,1.91,0.05,1.91,40.73434,-111.87211,33.1,23.0,878.3,45.40,0.7
65820.0,1309.0,1.24,0.04,1.24,40.73434,-111.87211,33.0,22.4,878.3,92.92,0.9
65880.0,1308.8,1.55,0.05,1.55,40.73434,-111.87211,33.0,22.4,878.3,126.12,1.7
65940.0,1308.7,2.12,0.05,2.12,40.73434,-111.87211,33.1,22.1,878.3,163.01,1.2
66000.0,1308.7,2.54,0.05,2.54,40.73434,-111.87211,33.3,22.2,878.3,158.73,1.4
66060.0,1308.7,2.88,0.05,2.88,40.73434,-111.87211,33.3,23.5,878.3,133.82,1.7
66120.0,1308.7,2.20,0.04,2.20,40.73434,-111.87211,33.3,23.8,878.3,118.25,1.9
66180.0,1308.7,2.27,0.04,2.27,40.73434,-111.87211,33.1,24.6,878.3,116.63,2.1
66240.0,1308.8,1.88,0.05,1.88,40.73434,-111.87211,33.1,25.0,878.3,73.52,0.3
66300.0,1308.7,1.93,0.05,1.93,40.73434,-111.87210,33.3,23.5,878.2,106.11,0.3
66360.0,1308.5,1.58,0.04,1.58,40.73434,-111.87210,33.7,22.7,878.2,156.41,0.2
66420.0,1308.3,1.52,0.04,1.52,40.73434,-111.87210,34.0,22.8,878.2,121.49,0.5
66480.0,1308.3,1.63,0.04,1.63,40.73435,-111.87210,34.3,22.7,878.2,102.74,0.5
66540.0,1308.3,2.05,0.04,2.05,40.73435,-111.87210,34.4,22.4,878.3,108.35,1.0
66600.0,1308.1,2.16,0.05,2.16,40.73435,-111.87210,34.7,21.8,878.3,121.11,0.8
66660.0,1308.1,2.12,0.05,2.12,40.73434,-111.87210,34.8,21.7,878.2,113.58,1.0
66720.0,1308.1,2.01,0.05,2.01,40.73434,-111.87210,34.8,22.2,878.2,122.62,1.2
66780.0,1308.1,1.94,0.05,1.94,40.73434,-111.87210,35.0,21.6,878.2,133.31,1.0
66840.0,1308.2,2.24,0.05,2.24,40.73434,-111.87210,35.1,22.2,878.2,333.48,0.2
66900.0,1308.1,2.50,0.05,2.50,40.73434,-111.87210,35.3,21.4,878.2,119.52,0.9
66960.0,1308.1,2.26,0.05,2.26,40.73434,-111.87210,34.9,20.7,878.1,111.69,1.7
67020.0,1308.1,2.35,0.05,2.35,40.73434,-111.87210,34.6,21.7,878.1,108.77,1.3
67080.0,1308.0,2.40,0.05,2.40,40.73434,-111.87210,34.3,22.1,878.2,161.22,0.3
67140.0,1307.9,2.38,0.05,2.38,40.73434,-111.87210,34.2,21.7,878.2,161.06,0.2
67200.0,1308.0,2.22,0.05,2.22,40.73434,-111.87210,33.8,21.8,878.2,342.20,0.3
67260.0,1308.1,2.39,0.05,2.39,40.73434,-111.87210,33.8,21.4,878.2,74.34,0.2
67320.0,1308.0,1.88,0.04,1.88,40.73434,-111.87210,33.4,21.4,878.2,104.41,0.8
67380.0,1308.0,1.47,0.05,1.47,40.73434,-111.87210,33.2,21.1,878.2,154.75,2.6
67440.0,1308.0,1.68,0.04,1.68,40.73434,-111.87210,32.9,21.6,878.2,150.69,1.9
67500.0,1308.1,1.48,0.04,1.48,40.73434,-111.87210,32.6,22.9,878.2,119.92,1.5
67560.0,1308.2,1.15,0.05,1.15,40.73434,-111.87210,32.3,23.8,878.2,118.23,1.2
67620.0,1308.1,1.37,0.05,1.37,40.73434,-111.87210,32.3,24.3,878.2,120.45,1.0
67680.0,1308.1,1.69,0.05,1.69,40.73434,-111.87211,32.2,24.1,878.2,132.57,0.5
67740.0,1308.2,1.57,0.05,1.57,40.73434,-111.87211,32.3,23.4,878.2,123.40,0.4
67800.0,1308.1,1.64,0.05,1.64,40.73434,-111.87210,32.1,23.5,878.2,94.32,0.6
67860.0,1308.0,1.54,0.05,1.54,40.73434,-111.87210,32.0,23.8,878.2,121.15,1.1
67920.0,1308.1,1.74,0.04,1.74,40.73434,-111.87210,31.8,24.6,878.3,76.98,0.4
67980.0,1308.1,2.01,0.05,2.01,40.73434,-111.87210,31.5,24.4,878.3,107.27,1.1
68040.0,1308.2,1.83,0.05,1.83,40.73434,-111.87210,31.3,25.3,878.3,125.46,1.0
68100.0,1308.2,1.63,0.05,1.63,40.73434,-111.87210,31.3,24.4,878.4,171.12,0.6
68160.0,1308.3,2.15,0.05,2.15,40.73434,-111.87210,31.3,24.5,878.4,137.02,0.4
68220.0,1308.3,2.12,0.05,2.12,40.73434,-111.87210,31.4,24.3,878.4,117.96,0.6
68280.0,1308.4,2.59,0.05,2.59,40.73434,-111.87210,31.4,24.2,878.4,113.26,0.3
68340.0,1308.5,2.94,0.05,2.94,40.73434,-111.87210,30.8,24.1,878.4,312.09,0.8
68400.0,1308.4,2.06,0.05,2.06,40.73434,-111.87210,30.7,24.0,878.5,290.56,0.3
68460.0,1308.4,1.57,0.05,1.57,40.73434,-111.87210,30.3,23.8,878.5,302.89,0.5
68520.0,1308.5,1.98,0.05,1.98,40.73434,-111.87210,30.3,24.5,878.5,331.46,0.2
68580.0,1308.6,1.78,0.05,1.78,40.73434,-111.87210,30.1,25.0,878.6,321.18,0.4
68640.0,1308.7,1.71,0.05,1.71,40.73434,-111.87210,29.7,26.2,878.6,329.91,0.7
68700.0,1308.8,2.18,0.05,2.18,40.73434,-111.87210,29.5,27.0,878.6,12.28,0.5
68760.0,1308.8,2.58,0.05,2.58,40.73434,-111.87210,29.1,27.6,878.7,312.39,1.1
68820.0,1308.8,2.65,0.05,2.65,40.73434,-111.87210,28.9,28.4,878.7,341.82,0.4
68880.0,1308.8,2.34,0.05,2.34,40.73434,-111.87210,28.6,29.3,878.7,284.57,0.8
68940.0,1308.8,1.56,0.05,1.56,40.73434,-111.87210,28.5,30.4,878.7,313.13,0.6
69000.0,1309.1,1.65,0.04,1.65,40.73434,-111.87211,28.2,30.9,878.7,286.06,1.1
69060.0,1309.0,1.65,0.05,1.65,40.73434,-111.87211,28.0,32.0,878.7,330.42,0.8
69120.0,1309.0,1.30,0.05,1.30,40.73434,-111.87211,27.7,33.4,878.6,34.48,0.4
69180.0,1309.1,1.98,0.04,1.98,40.73434,-111.87211,27.4,34.4,878.7,0.37,0.4
69240.0,1309.1,1.92,0.05,1.92,40.73434,-111.87211,27.1,37.4,878.7,357.94,0.5
69300.0,1309.0,2.19,0.05,2.19,40.73434,-111.87211,26.7,38.5,878.8,339.09,0.6
69360.0,1309.0,2.19,0.05,2.19,40.73434,-111.87211,26.3,41.1,878.8,12.20,0.3
69420.0,1309.2,1.79,0.05,1.79,40.73434,-111.87211,25.8,44.8,878.9,59.90,0.4
69480.0,1309.3,1.95,0.05,1.95,40.73434,-111.87211,24.5,45.6,879.0,340.34,0.7
69540.0,1309.4,1.92,0.05,1.92,40.73434,-111.87211,23.6,45.6,879.1,333.09,0.5
69600.0,1309.5,1.90,0.05,1.90,40.73434,-111.87211,23.9,47.0,879.1,348.38,0.4
69660.0,1309.5,1.95,0.05,1.95,40.73434,-111.87211,23.6,46.6,879.2,328.81,0.7
69720.0,1309.4,2.12,0.05,2.12,40.73434,-111.87211,23.2,47.0,879.3,316.97,0.9
69780.0,1309.4,2.01,0.05,2.01,40.73434,-111.87211,23.0,48.4,879.4,299.92,0.7
69840.0,1309.4,2.10,0.05,2.10,40.73434,-111.87211,22.6,44.3,879.4,272.71,1.7
69900.0,1309.5,1.84,0.05,1.84,40.73434,-111.87211,22.2,48.8,879.4,330.97,0.8
69960.0,1309.5,1.62,0.04,1.62,40.73434,-111.87211,21.8,51.6,879.4,279.66,0.5
70020.0,1309.4,1.22,0.04,1.22,40.73434,-111.87211,21.3,52.5,879.4,278.93,1.0
70080.0,1309.5,1.16,0.05,1.16,40.73434,-111.87211,20.6,58.7,879.4,290.46,0.8
70140.0,1309.6,1.54,0.04,1.54,40.73434,-111.87211,20.2,61.8,879.4,297.39,0.2
70200.0,1309.6,1.62,0.05,1.62,40.73434,-111.87211,19.7,60.1,879.3,130.33,0.8
70260.0,1309.6,1.49,0.04,1.49,40.73434,-111.87211,19.3,57.1,879.2,111.09,1.6
70320.0,1309.7,2.30,0.06,2.30,40.73434,-111.87211,18.9,58.6,879.2,122.66,2.0
70380.0,1309.7,2.53,0.06,2.53,40.73434,-111.87211,18.6,60.5,879.2,123.74,2.5
70440.0,1309.5,2.23,0.05,2.23,40.73434,-111.87211,18.5,62.6,879.1,117.41,2.0
70500.0,1309.5,2.25,0.04,2.25,40.73434,-111.87211,18.5,64.2,879.1,106.87,1.4
70560.0,1309.8,2.14,0.05,2.14,40.73434,-111.87211,18.4,64.5,879.0,94.84,1.1
70620.0,1310.0,2.03,0.05,2.03,40.73434,-111.87211,18.4,66.1,879.0,100.74,0.7
70680.0,1310.0,1.39,0.05,1.39,40.73434,-111.87211,18.4,65.5,879.0,112.62,1.1
70740.0,1309.9,1.69,0.04,1.69,40.73434,-111.87211,18.3,63.0,878.9,111.08,1.4
70800.0,1310.1,1.86,0.04,1.86,40.73434,-111.87211,18.4,63.5,878.8,113.17,1.6
70860.0,1310.3,1.82,0.05,1.82,40.73434,-111.87211,18.4,63.1,878.8,112.97,1.6
70920.0,1310.5,2.03,0.05,2.03,40.73434,-111.87211,18.5,65.9,878.8,100.44,0.9
70980.0,1310.4,1.89,0.04,1.89,40.73434,-111.87211,18.8,67.8,878.8,100.52,0.6
71040.0,1310.0,2.55,0.04,2.55,40.73434,-111.87210,19.0,66.4,878.8,100.78,0.6
71100.0,1309.9,2.61,0.04,2.61,40.73434,-111.87210,19.4,67.6,878.7,110.41,0.5
71160.0,1310.0,2.45,0.05,2.45,40.73434,-111.87211,19.6,69.0,878.7,80.64,0.6
71220.0,1310.2,2.13,0.04,2.13,40.73434,-111.87211,19.8,68.7,878.7,55.68,0.5
71280.0,1310.0,1.53,0.05,1.53,40.73434,-111.87211,20.0,67.3,878.7,79.90,0.4
71340.0,1309.8,1.14,0.04,1.14,40.73434,-111.87211,20.2,66.1,878.7,83.17,0.5
71400.0,1309.8,0.92,0.04,0.92,40.73434,-111.87211,20.4,65.3,878.7,78.79,0.4
71460.0,1309.9,1.12,0.04,1.12,40.73434,-111.87211,20.6,66.7,878.7,91.70,0.6
71520.0,1309.9,0.90,0.04,0.90,40.73434,-111.87211,21.0,63.5,878.7,89.33,0.8
71580.0,1309.7,1.12,0.05,1.12,40.73434,-111.87211,21.1,61.5,878.8,106.00,1.4
71640.0,1309.9,1.45,0.04,1.45,40.73434,-111.87211,21.3,58.7,878.8,95.50,0.7
71700.0,1309.9,2.24,0.04,2.24,40.73435,-111.87211,21.7,59.1,878.8,98.79,0.7
71760.0,1309.8,2.79,0.05,2.79,40.73435,-111.87211,22.0,57.3,878.8,114.66,1.6
71820.0,1309.8,2.61,0.04,2.61,40.73435,-111.87210,22.1,54.4,878.8,102.29,1.7
71880.0,1309.8,2.53,0.05,2.53,40.73435,-111.87210,22.3,52.7,878.8,103.25,1.8
71940.0,1309.7,2.48,0.05,2.48,40.73435,-111.87210,22.3,50.4,878.8,107.41,2.4
72000.0,1309.6,2.35,0.04,2.35,40.73435,-111.87210,22.3,48.1,878.7,105.51,2.2
72060.0,1309.7,2.45,0.05,2.45,40.73435,-111.87211,22.2,46.8,878.6,109.99,3.2
72120.0,1309.9,2.17,0.05,2.17,40.73435,-111.87211,22.3,49.0,878.5,107.13,2.5
72180.0,1310.0,2.09,0.05,2.09,40.73435,-111.87211,22.3,47.0,878.5,114.14,2.3
72240.0,1309.9,2.07,0.04,2.07,40.73435,-111.87211,22.4,47.6,878.5,100.87,1.4
72300.0,1309.8,2.07,0.04,2.07,40.73435,-111.87210,22.3,46.1,878.5,106.33,1.7
72360.0,1309.8,1.77,0.03,1.77,40.73435,-111.87210,22.4,46.5,878.6,94.46,1.0
72420.0,1309.7,1.56,0.04,1.56,40.73435,-111.87210,22.5,47.1,878.6,98.47,0.8
72480.0,1309.7,2.04,0.04,2.04,40.73435,-111.87210,22.6,45.6,878.7,99.92,0.9
72540.0,1309.7,2.57,0.04,2.57,40.73435,-111.87210,22.6,45.4,878.7,104.49,1.3
72600.0,1309.6,2.69,0.05,2.69,40.73435,-111.87210,22.7,46.0,878.7,81.81,0.7
72660.0,1309.6,2.75,0.04,2.75,40.73435,-111.87210,22.8,46.5,878.7,109.96,0.8
72720.0,1309.7,2.32,0.04,2.32,40.73435,-111.87210,22.8,45.0,878.6,95.97,1.0
72780.0,1309.7,1.48,0.03,1.48,40.73435,-111.87210,22.9,45.0,878.6,105.63,1.6
72840.0,1309.7,1.43,0.04,1.43,40.73435,-111.87210,22.9,46.7,878.6,111.68,1.5
72900.0,1309.7,1.46,0.05,1.46,40.73435,-111.87210,23.0,46.0,878.6,107.92,1.3
72960.0,1309.6,1.80,0.04,1.80,40.73435,-111.87210,23.2,47.0,878.6,110.70,1.3
73020.0,1309.5,2.09,0.04,2.09,40.73435,-111.87210,23.3,43.1,878.6,108.71,1.8
73080.0,1309.5,2.46,0.04,2.46,40.73435,-111.87210,23.5,42.5,878.6,108.37,1.8
73140.0,1309.5,2.31,0.04,2.31,40.73435,-111.87210,23.9,43.4,878.6,111.41,1.3
73200.0,1309.5,2.49,0.04,2.49,40.73435,-111.87210,24.2,40.5,878.6,113.67,2.6
73260.0,1309.6,2.89,0.04,2.89,40.73435,-111.87210,24.4,40.1,878.6,112.05,2.4
73320.0,1309.6,2.83,0.05,2.83,40.73435,-111.87210,24.7,39.6,878.6,117.66,1.7
73380.0,1309.7,2.12,0.04,2.12,40.73435,-111.87210,24.8,37.6,878.6,112.95,2.9
73440.0,1309.7,2.30,0.04,2.30,40.73435,-111.87210,25.0,38.9,878.5,109.36,2.2
73500.0,1309.8,2.77,0.05,2.77,40.73434,-111.87210,25.4,40.2,878.5,121.66,1.5
73560.0,1309.8,2.76,0.05,2.76,40.73434,-111.87210,25.5,37.3,878.5,111.01,2.7
73620.0,1309.9,2.49,0.04,2.49,40.73434,-111.87210,25.6,35.9,878.5,108.68,2.5
73680.0,1309.8,2.22,0.05,2.22,40.73434,-111.87210,25.8,38.0,878.4,116.02,2.2
73740.0,1309.7,1.91,0.05,1.91,40.73434,-111.87210,26.0,36.7,878.4,122.45,2.5
73800.0,1309.6,1.95,0.05,1.95,40.73434,-111.87210,26.3,36.2,878.4,113.55,3.1
73860.0,1309.6,2.12,0.05,2.12,40.73434,-111.87210,26.3,33.1,878.4,120.54,2.8
73920.0,1309.5,2.29,0.05,2.29,40.73434,-111.87210,26.4,33.0,878.3,108.74,2.6
73980.0,1309.4,2.42,0.05,2.42,40.73434,-111.87210,26.6,33.0,878.3,113.00,3.4
74040.0,1309.3,2.40,0.05,2.40,40.73434,-111.87210,26.6,31.4,878.3,114.89,3.0
74100.0,1309.4,3.17,0.05,3.17,40.73434,-111.87210,26.7,33.2,878.3,116.21,3.6
74160.0,1309.4,3.03,0.04,3.03,40.73434,-111.87210,26.8,33.6,878.3,114.26,2.1
74220.0,1309.3,2.62,0.04,2.62,40.73434,-111.87210,26.9,34.2,878.2,117.17,3.0
74280.0,1309.3,2.93,0.04,2.93,40.73434,-111.87210,27.0,33.0,878.2,113.10,2.5
74340.0,1309.1,3.28,0.04,3.28,40.73434,-111.87210,27.2,32.9,878.2,121.59,2.0
74400.0,1309.1,3.00,0.04,3.00,40.73434,-111.87210,27.4,33.8,878.2,112.06,1.9
74460.0,1309.4,3.05,0.05,3.05,40.73434,-111.87210,27.4,31.2,878.1,115.08,3.5
74520.0,1309.3,2.68,0.04,2.68,40.73434,-111.87210,27.4,30.7,878.1,115.12,3.5
74580.0,1309.1,2.46,0.04,2.46,40.73434,-111.87210,27.5,31.6,878.1,111.71,2.9
74640.0,1309.0,3.19,0.05,3.19,40.73434,-111.87210,27.3,29.1,878.0,107.71,3.5
74700.0,1308.7,3.36,0.05,3.36,40.73434,-111.87210,27.4,30.5,878.0,118.00,3.1
74760.0,1308.7,3.43,0.05,3.43,40.73434,-111.87210,27.5,31.4,878.0,111.83,2.9
74820.0,1308.8,3.41,0.05,3.41,40.73434,-111.87210,27.5,30.2,877.9,113.14,3.2
74880.0,1308.9,3.23,0.05,3.23,40.73434,-111.87210,27.5,28.9,877.9,114.04,3.0
74940.0,1308.8,2.35,0.04,2.35,40.73434,-111.87210,27.5,29.0,877.9,111.33,3.9
75000.0,1308.7,2.58,0.05,2.58,40.73434,-111.87210,27.6,28.6,877.9,110.17,2.6
