CampaignData_and_Merges/R0/CSL_MobileLab_Parked/raw/20240814/USOS-MetNav_MobileLabGround_20240814_R0.ict
44, 1001
Carrie Womack, Nate Howard, Mike Zucker
NOAA Chemical Sciences Laboratory
Mobile Lab MetNav Station
USOS
1, 1
2024, 08, 14, 2024, 12, 21
60
Time_Start, seconds_past_midnight, Seconds from midnight UTC
11
1, 1, 1, 1, 1, 1, 1, 1, 1, 1, 1
-9999, -9999, -9999, -9999, -9999, -9999, -9999, -9999, -9999, -9999, -9999
GPS_Alt_m, meters, Altitude from Differential GPS
GPS_Course_deg, degrees, Course from Differential GPS
GPS_GndSpd_m_s, m/s, Ground Speed from Differential GPS
GPS_Heading_deg, degrees, Heading from Differential GPS
GPS_Lat_deg, degrees, Latitude from Differential GPS
GPS_Lon_deg, degrees, Longitude from Differential GPS
AirTemp_C, Celsius, Air Temperature from Airmar
RelHumidity_pct, percent, Relative Humidity from Airmar
Pressure_mb, millibars, Pressure from Honeywell
WindDir_calc_deg, degrees, Wind Direction from Airmar corrected for van movement
WindSpd_calc_m_s, m/s, Wind Speed from Airmar corrected for van movement
1
SPECIAL COMMENTS:
18
PI_CONTACT_INFO: Address: 325 Broadway R/CSL7, Boulder, CO, 80305
PLATFORM: CSL Mobile Lab
LOCATION: Salt Lake City, UT
ASSOCIATED_DATA: N/A
INSTRUMENT_INFO: N/A
DATA_INFO: Units:
UNCERTAINTY: N/A
ULOD_FLAG: -7777
ULOD_VALUE: N/A
LLOD_FLAG: -8888
LLOD_VALUE: N/A
DM_CONTACT_INFO: Data Manager: Nate Howard
PROJECT_INFO: 
STIPULATIONS_ON_USE: Use of these data require prior ok from PI.
OTHER_COMMENTS: 
REVISION: R0
R0: Final data. Fixed bug in wind averaging code. RA: Preliminary Data. For in-field use only. 
Time_Start, GPS_Alt_m, GPS_Course_deg, GPS_GndSpd_m_s, GPS_Heading_deg, GPS_Lat_deg, GPS_Lon_deg, AirTemp_C, RelHumidity_pct, Pressure_mb, WindDir_calc_deg, WindSpd_calc_m_s
[from data line 627]
37620.0,1308.4,2.33,0.05,2.33,40.73434,-111.87210,18.7,45.0,876.7,120.02,4.6
37680.0,1308.3,2.22,0.06,2.22,40.73434,-111.87210,18.8,45.2,876.7,105.33,2.3
37740.0,1308.3,2.45,0.05,2.45,40.73434,-111.87210,18.7,45.1,876.7,115.14,3.5
37800.0,1308.7,2.47,0.05,2.47,40.73434,-111.87210,18.8,45.2,876.7,118.99,2.6
37860.0,1308.9,2.78,0.05,2.78,40.73434,-111.87210,18.7,45.2,876.7,117.46,3.0
37920.0,1308.8,2.89,0.05,2.89,40.73434,-111.87210,18.7,45.3,876.6,112.25,2.2
37980.0,1308.8,2.65,0.06,2.65,40.73434,-111.87210,18.8,45.0,876.6,120.01,2.2
38040.0,1309.3,3.08,0.06,3.08,40.73434,-111.87210,18.8,45.0,876.6,112.29,2.8
38100.0,1309.5,2.80,0.05,2.80,40.73434,-111.87210,18.8,44.8,876.7,110.76,2.6
38160.0,1309.6,3.10,0.04,3.10,40.73434,-111.87210,18.8,44.4,876.7,120.83,3.6
38220.0,1309.6,3.79,0.04,3.79,40.73434,-111.87210,18.8,44.6,876.7,116.59,2.4
38280.0,1309.7,3.30,0.05,3.30,40.73434,-111.87210,18.9,44.7,876.7,114.24,2.0
38340.0,1309.9,3.08,0.05,3.08,40.73434,-111.87210,18.9,44.3,876.6,112.55,2.9
38400.0,1310.2,3.40,0.05,3.40,40.73434,-111.87210,18.9,44.3,876.6,109.76,2.7
38460.0,1310.3,3.05,0.05,3.05,40.73434,-111.87210,18.9,44.5,876.6,116.27,2.8
38520.0,1310.3,3.17,0.04,3.17,40.73434,-111.87210,18.8,44.5,876.6,113.40,2.9
38580.0,1310.2,3.31,0.05,3.31,40.73434,-111.87210,18.9,44.5,876.6,115.10,2.6
38640.0,1309.8,3.16,0.05,3.16,40.73434,-111.87210,18.9,44.2,876.6,109.91,2.3
38700.0,1309.7,3.41,0.05,3.41,40.73434,-111.87210,18.9,44.5,876.6,116.57,2.1
38760.0,1309.8,2.93,0.05,2.93,40.73434,-111.87210,18.9,44.3,876.6,117.36,2.8
38820.0,1309.6,2.40,0.05,2.40,40.73434,-111.87210,18.8,44.6,876.6,116.20,2.8
38880.0,1309.5,2.71,0.05,2.71,40.73434,-111.87210,18.8,44.5,876.6,113.98,3.1
38940.0,1309.3,2.67,0.06,2.67,40.73434,-111.87210,18.8,44.2,876.6,104.18,2.9
39000.0,1309.3,2.34,0.05,2.34,40.73434,-111.87210,18.9,43.9,876.6,103.06,2.4
39060.0,1309.4,2.30,0.05,2.30,40.73434,-111.87210,18.9,44.0,876.6,115.59,3.0
39120.0,1309.5,2.52,0.05,2.52,40.73434,-111.87210,18.9,44.0,876.6,109.53,2.3
39180.0,1309.5,3.18,0.06,3.18,40.73434,-111.87210,18.9,44.1,876.6,113.86,3.1
39240.0,1309.4,3.10,0.05,3.10,40.73434,-111.87210,18.9,44.0,876.6,122.66,2.7
39300.0,1309.4,3.22,0.04,3.22,40.73434,-111.87210,18.9,43.8,876.6,115.64,4.1
39360.0,1309.4,2.86,0.05,2.86,40.73434,-111.87210,18.9,43.7,876.6,111.50,2.7
39420.0,1309.3,2.74,0.04,2.74,40.73434,-111.87210,18.9,44.0,876.6,112.95,3.2
39480.0,1309.3,2.52,0.05,2.52,40.73434,-111.87210,18.9,44.0,876.6,120.76,2.3
39540.0,1309.2,3.13,0.04,3.13,40.73434,-111.87210,18.9,44.0,876.6,114.02,3.1
39600.0,1308.9,3.32,0.05,3.32,40.73434,-111.87210,18.9,44.0,876.6,124.41,2.5
39660.0,1308.8,3.18,0.04,3.18,40.73434,-111.87210,18.9,44.0,876.6,123.17,2.4
39720.0,1308.8,2.76,0.05,2.76,40.73434,-111.87210,18.9,44.1,876.6,116.58,2.9
39780.0,1308.7,2.93,0.04,2.93,40.73434,-111.87210,18.9,44.1,876.6,113.69,2.1
39840.0,1308.7,2.90,0.04,2.90,40.73434,-111.87210,18.9,44.2,876.6,116.92,3.1
39900.0,1308.6,2.52,0.04,2.52,40.73434,-111.87210,18.9,44.0,876.6,108.12,2.1
39960.0,1308.4,2.35,0.04,2.35,40.73434,-111.87210,18.9,44.2,876.6,115.42,2.5
40020.0,1308.4,2.34,0.05,2.34,40.73434,-111.87210,18.9,44.2,876.6,118.10,3.2
40080.0,1308.5,2.65,0.05,2.65,40.73434,-111.87210,18.9,44.4,876.6,128.94,3.0
40140.0,1308.5,2.77,0.05,2.77,40.73434,-111.87210,18.9,44.0,876.6,128.55,1.8
40200.0,1308.5,2.72,0.06,2.72,40.73434,-111.87210,18.9,44.2,876.5,131.36,2.7
40260.0,1308.6,2.70,0.05,2.70,40.73434,-111.87210,18.8,44.4,876.6,111.45,3.4
40320.0,1308.7,3.27,0.05,3.27,40.73434,-111.87210,18.8,44.4,876.6,111.75,3.4
40380.0,1308.8,3.32,0.04,3.32,40.73434,-111.87210,18.8,44.4,876.6,126.05,2.8
40440.0,1308.8,2.92,0.05,2.92,40.73434,-111.87210,18.8,44.4,876.5,117.75,3.4
40500.0,1308.9,2.87,0.05,2.87,40.73434,-111.87210,18.8,44.7,876.5,117.14,3.5
40560.0,1308.9,2.78,0.05,2.78,40.73434,-111.87210,18.7,44.7,876.5,116.32,2.9
40620.0,1308.9,3.13,0.05,3.13,40.73434,-111.87210,18.7,44.7,876.5,111.77,3.1
40680.0,1308.9,3.06,0.05,3.06,40.73434,-111.87210,18.7,44.7,876.5,113.98,2.4
40740.0,1308.8,2.74,0.04,2.74,40.73434,-111.87210,18.7,44.7,876.5,119.00,2.7
40800.0,1309.0,2.67,0.05,2.67,40.73434,-111.87210,18.7,44.7,876.5,108.01,3.7
40860.0,1309.0,2.87,0.05,2.87,40.73434,-111.87210,18.6,44.7,876.6,107.37,2.9
40920.0,1308.9,3.03,0.05,3.03,40.73434,-111.87210,18.7,44.8,876.6,113.17,2.0
40980.0,1309.0,2.78,0.04,2.78,40.73434,-111.87210,18.6,44.7,876.6,107.29,4.1
41040.0,1309.0,2.48,0.04,2.48,40.73434,-111.87210,18.7,44.6,876.6,107.55,2.3
41100.0,1309.1,2.17,0.05,2.17,40.73434,-111.87210,18.7,44.8,876.6,113.60,2.5
41160.0,1309.2,2.04,0.05,2.04,40.73434,-111.87210,18.6,44.8,876.6,118.72,3.4
41220.0,1309.3,2.13,0.05,2.13,40.73434,-111.87210,18.6,44.8,876.6,113.57,3.5
41280.0,1309.4,2.20,0.05,2.20,40.73434,-111.87210,18.6,44.9,876.6,113.83,3.1
41340.0,1309.6,2.32,0.04,2.32,40.73434,-111.87209,18.6,44.8,876.6,121.27,2.8
41400.0,1309.6,1.89,0.04,1.89,40.73434,-111.87209,18.6,45.1,876.6,117.09,3.2
41460.0,1309.8,1.67,0.06,1.67,40.73434,-111.87209,18.6,45.1,876.6,122.15,2.4
41520.0,1310.0,1.33,0.04,1.33,40.73434,-111.87209,18.7,45.2,876.6,119.41,2.0
41580.0,1310.0,1.74,0.04,1.74,40.73434,-111.87209,18.6,45.2,876.6,114.35,2.6
41640.0,1310.0,1.34,0.04,1.34,40.73434,-111.87209,18.6,45.0,876.6,116.28,2.9
41700.0,1309.8,1.41,0.05,1.41,40.73434,-111.87209,18.7,44.7,876.6,115.11,2.7
41760.0,1309.8,1.59,0.04,1.59,40.73434,-111.87209,18.7,44.8,876.6,108.87,2.6
41820.0,1309.8,1.89,0.05,1.89,40.73434,-111.87209,18.8,44.9,876.6,139.86,1.8
41880.0,1309.8,1.65,0.04,1.65,40.73434,-111.87209,18.7,44.9,876.6,119.56,3.4
41940.0,1309.6,2.28,0.04,2.28,40.73434,-111.87209,18.7,45.0,876.6,123.29,2.5
42000.0,1309.6,2.51,0.04,2.51,40.73434,-111.87209,18.7,45.1,876.6,113.85,2.6
42060.0,1309.6,2.21,0.04,2.21,40.73434,-111.87209,18.6,45.1,876.6,110.86,3.2
42120.0,1309.6,1.99,0.04,1.99,40.73434,-111.87209,18.6,45.1,876.6,109.59,3.0
42180.0,1309.6,2.35,0.05,2.35,40.73434,-111.87209,18.6,45.3,876.6,112.93,3.0
42240.0,1309.6,2.37,0.04,2.37,40.73434,-111.87209,18.5,45.1,876.6,107.30,2.3
42300.0,1309.5,2.15,0.05,2.15,40.73434,-111.87209,18.6,45.2,876.7,103.90,1.9
42360.0,1309.5,2.51,0.04,2.51,40.73434,-111.87209,18.6,45.1,876.7,115.31,2.6
42420.0,1309.5,2.63,0.05,2.63,40.73434,-111.87209,18.5,45.2,876.7,110.48,2.9
42480.0,1309.6,2.51,0.05,2.51,40.73434,-111.87209,18.5,45.1,876.7,111.54,3.4
42540.0,1309.6,2.11,0.05,2.11,40.73434,-111.87209,18.5,45.3,876.7,116.56,2.6
42600.0,1309.6,1.95,0.06,1.95,40.73433,-111.87210,18.5,45.4,876.7,115.57,2.1
42660.0,1309.5,1.17,0.05,1.17,40.73433,-111.87209,18.4,45.3,876.8,103.66,1.9
42720.0,1309.6,1.12,0.05,1.12,40.73433,-111.87210,18.5,45.3,876.7,108.78,2.0
42780.0,1309.7,1.33,0.05,1.33,40.73434,-111.87210,18.5,45.3,876.8,100.94,1.3
42840.0,1310.1,1.70,0.05,1.70,40.73434,-111.87210,18.5,45.4,876.8,119.43,2.8
42900.0,1310.2,2.11,0.05,2.11,40.73434,-111.87210,18.5,45.2,876.8,116.41,2.5
42960.0,1310.2,2.63,0.04,2.63,40.73434,-111.87210,18.5,44.8,876.8,117.08,3.2
43020.0,1310.2,3.17,0.04,3.17,40.73434,-111.87210,18.4,44.9,876.8,118.60,2.6
43080.0,1310.3,3.34,0.04,3.34,40.73434,-111.87210,18.6,45.0,876.8,108.28,1.6
43140.0,1310.3,2.69,0.04,2.69,40.73434,-111.87210,18.6,45.1,876.8,105.37,1.6
43200.0,1310.3,2.23,0.04,2.23,40.73434,-111.87210,18.5,45.0,876.8,118.50,2.8
43260.0,1310.5,2.17,0.05,2.17,40.73434,-111.87210,18.5,45.2,876.8,116.15,2.4
43320.0,1310.5,2.17,0.05,2.17,40.73434,-111.87210,18.5,45.2,876.8,109.62,1.9
43380.0,1310.6,2.17,0.05,2.17,40.73434,-111.87210,18.5,44.9,876.9,112.45,3.1
43440.0,1310.5,2.24,0.04,2.24,40.73434,-111.87210,18.6,44.5,876.9,89.60,1.8
43500.0,1310.5,2.25,0.05,2.25,40.73434,-111.87210,18.7,44.3,876.9,117.64,2.3
43560.0,1310.5,1.79,0.05,1.79,40.73434,-111.87210,18.7,44.3,876.9,101.86,2.2
43620.0,1310.6,1.81,0.05,1.81,40.73434,-111.87210,18.8,44.5,876.9,93.71,1.8
43680.0,1310.6,1.49,0.04,1.49,40.73434,-111.87210,18.7,44.4,876.9,107.86,1.9
43740.0,1310.6,1.70,0.05,1.70,40.73434,-111.87210,18.8,44.7,876.9,113.11,2.2
43800.0,1310.5,1.47,0.05,1.47,40.73434,-111.87210,18.7,44.6,877.0,119.94,1.8
43860.0,1310.5,1.60,0.04,1.60,40.73434,-111.87210,18.7,44.7,877.0,111.19,3.2
43920.0,1310.5,1.65,0.05,1.65,40.73434,-111.87210,18.7,44.8,877.0,110.13,3.3
43980.0,1310.6,1.45,0.05,1.45,40.73434,-111.87210,18.6,44.8,877.0,115.98,3.1
44040.0,1310.6,1.06,0.04,1.06,40.73434,-111.87210,18.7,44.8,877.0,112.99,2.5
44100.0,1310.4,1.54,0.04,1.54,40.73434,-111.87210,18.7,45.1,877.0,114.00,1.8
44160.0,1310.3,1.99,0.05,1.99,40.73434,-111.87210,18.7,45.1,877.0,117.14,1.9
44220.0,1310.3,1.58,0.05,1.58,40.73434,-111.87210,18.6,45.2,877.0,116.99,1.9
44280.0,1310.2,1.93,0.05,1.93,40.73434,-111.87210,18.6,45.2,877.0,117.15,1.0
44340.0,1310.1,1.97,0.05,1.97,40.73434,-111.87210,18.6,45.3,877.0,118.66,2.2
44400.0,1309.9,2.23,0.05,2.23,40.73434,-111.87210,18.6,45.2,877.0,105.60,1.1
44460.0,1309.8,1.98,0.05,1.98,40.73434,-111.87210,18.5,45.3,877.1,111.89,2.8
44520.0,1310.0,2.67,0.05,2.67,40.73434,-111.87210,18.5,45.1,877.0,114.67,3.1
44580.0,1310.2,2.47,0.05,2.47,40.73434,-111.87210,18.5,45.2,877.1,121.45,3.1
44640.0,1309.9,2.28,0.06,2.28,40.73434,-111.87210,18.6,45.2,877.1,130.17,2.8
44700.0,1309.8,2.38,0.06,2.38,40.73434,-111.87210,18.5,45.3,877.1,113.56,1.7
44760.0,1310.0,2.84,0.05,2.84,40.73434,-111.87210,18.5,45.2,877.1,126.22,2.5
44820.0,1310.1,2.56,0.05,2.56,40.73434,-111.87210,18.5,45.0,877.1,113.63,3.6
44880.0,1310.1,2.19,0.05,2.19,40.73434,-111.87210,18.5,45.2,877.1,114.86,3.8
44940.0,1309.8,1.90,0.05,1.90,40.73434,-111.87210,18.5,45.0,877.1,113.01,3.3
45000.0,1309.8,2.27,0.05,2.27,40.73434,-111.87210,18.6,45.2,877.1,126.50,2.2
45060.0,1309.7,2.12,0.05,2.12,40.73434,-111.87210,18.5,45.3,877.2,121.54,4.1
45120.0,1309.6,1.89,0.05,1.89,40.73434,-111.87210,18.5,45.2,877.2,115.51,3.8
45180.0,1309.5,2.08,0.05,2.08,40.73434,-111.87210,18.5,45.1,877.2,112.41,2.6
45240.0,1309.5,2.37,0.05,2.37,40.73434,-111.87210,18.6,45.0,877.2,127.80,3.1
45300.0,1309.6,2.78,0.05,2.78,40.73434,-111.87210,18.5,45.2,877.2,116.27,2.9
45360.0,1309.5,2.78,0.05,2.78,40.73434,-111.87210,18.5,45.2,877.3,120.48,2.6
45420.0,1309.5,2.66,0.05,2.66,40.73434,-111.87210,18.5,45.1,877.3,115.30,3.0
45480.0,1309.4,2.85,0.05,2.85,40.73434,-111.87210,18.5,45.3,877.3,117.13,2.7
45540.0,1309.4,2.68,0.04,2.68,40.73434,-111.87210,18.5,45.4,877.3,111.67,3.1
45600.0,1309.3,2.84,0.05,2.84,40.73434,-111.87210,18.5,45.3,877.3,108.76,2.2
45660.0,1309.3,3.08,0.05,3.08,40.73434,-111.87210,18.5,45.4,877.4,116.72,1.5
45720.0,1309.3,2.96,0.06,2.96,40.73434,-111.87210,18.6,45.3,877.4,100.89,0.4
45780.0,1309.3,2.82,0.05,2.82,40.73434,-111.87210,18.6,46.0,877.4,97.54,0.5
45840.0,1309.3,2.56,0.05,2.56,40.73434,-111.87210,18.6,46.2,877.4,120.46,0.6
45900.0,1309.4,2.60,0.06,2.60,40.73434,-111.87210,18.6,46.1,877.4,132.55,0.9
45960.0,1309.3,2.23,0.06,2.23,40.73434,-111.87211,18.6,46.2,877.4,121.16,0.3
46020.0,1309.4,1.85,0.05,1.85,40.73434,-111.87211,18.6,46.5,877.4,149.50,0.5
46080.0,1309.3,2.02,0.04,2.02,40.73434,-111.87211,18.6,46.6,877.4,163.38,1.0
46140.0,1309.2,2.15,0.05,2.15,40.73434,-111.87211,18.6,46.8,877.4,117.44,0.7
46200.0,1309.3,2.51,0.05,2.51,40.73434,-111.87210,18.6,47.6,877.4,81.91,0.5
46260.0,1309.2,2.22,0.06,2.22,40.73434,-111.87211,18.5,47.9,877.4,91.57,0.6
46320.0,1309.4,1.94,0.05,1.94,40.73434,-111.87211,18.4,47.6,877.4,104.34,0.7
46380.0,1309.3,1.39,0.05,1.39,40.73434,-111.87211,18.3,47.1,877.4,88.93,0.8
46440.0,1309.3,1.54,0.05,1.54,40.73434,-111.87211,18.4,47.3,877.4,132.81,0.6
46500.0,1309.1,1.49,0.05,1.49,40.73434,-111.87211,18.5,47.2,877.4,141.21,1.1
46560.0,1308.9,1.42,0.05,1.42,40.73434,-111.87211,18.5,47.1,877.4,131.29,1.3
46620.0,1308.9,2.27,0.06,2.27,40.73434,-111.87211,18.3,47.6,877.4,44.99,0.4
46680.0,1308.9,2.90,0.05,2.90,40.73434,-111.87211,18.3,48.2,877.4,87.42,0.4
46740.0,1308.9,2.55,0.05,2.55,40.73434,-111.87211,18.3,48.1,877.4,126.48,0.7
46800.0,1309.0,1.81,0.05,1.81,40.73434,-111.87211,18.3,46.4,877.4,128.49,1.4
46860.0,1309.1,1.06,0.05,1.06,40.73434,-111.87211,18.3,47.1,877.5,95.77,0.7
46920.0,1309.0,0.79,0.06,0.79,40.73434,-111.87211,18.3,47.1,877.5,115.44,0.3
46980.0,1309.0,0.76,0.05,0.76,40.73433,-111.87211,18.5,46.4,877.4,221.08,0.2
47040.0,1309.1,0.80,0.05,0.80,40.73433,-111.87211,18.5,46.3,877.4,120.24,1.0
47100.0,1309.1,0.94,0.06,0.94,40.73433,-111.87211,18.5,46.2,877.4,88.08,0.4
47160.0,1309.0,0.52,0.06,0.52,40.73433,-111.87211,18.5,45.9,877.4,102.82,0.6
47220.0,1309.0,0.94,0.04,0.94,40.73434,-111.87211,18.5,46.1,877.5,116.02,1.9
47280.0,1309.1,1.24,0.05,1.24,40.73434,-111.87211,18.5,45.8,877.5,90.44,0.8
47340.0,1308.9,1.29,0.05,1.29,40.73434,-111.87211,18.5,45.6,877.5,114.97,2.5
47400.0,1308.8,0.69,0.05,0.69,40.73434,-111.87211,18.5,45.5,877.5,113.20,2.3
47460.0,1309.0,0.44,0.06,0.44,40.73434,-111.87211,18.5,45.9,877.5,131.12,2.0
47520.0,1309.2,1.65,0.05,1.65,40.73434,-111.87211,18.6,45.1,877.4,138.17,0.6
47580.0,1309.2,1.51,0.06,1.51,40.73434,-111.87211,18.7,45.4,877.4,137.87,0.2
47640.0,1309.3,1.39,0.06,1.39,40.73434,-111.87211,18.7,45.2,877.4,142.67,1.3
47700.0,1309.7,1.63,0.05,1.63,40.73434,-111.87211,18.8,45.2,877.4,95.20,0.8
47760.0,1309.8,2.18,0.06,2.18,40.73434,-111.87211,18.8,44.9,877.4,116.71,1.3
47820.0,1309.7,2.12,0.05,2.12,40.73434,-111.87211,18.8,44.8,877.4,131.87,2.0
47880.0,1309.7,2.70,0.05,2.70,40.73434,-111.87211,18.8,44.8,877.5,115.00,1.7
47940.0,1309.8,2.59,0.05,2.59,40.73434,-111.87211,18.9,45.2,877.5,121.60,1.2
48000.0,1309.8,2.73,0.06,2.73,40.73434,-111.87211,18.9,45.0,877.5,120.01,1.0
48060.0,1309.8,3.07,0.05,3.07,40.73434,-111.87211,18.9,44.4,877.5,131.04,0.6
48120.0,1310.0,3.32,0.04,3.32,40.73434,-111.87211,18.9,44.4,877.5,137.99,2.1
48180.0,1310.2,3.93,0.05,3.93,40.73434,-111.87211,19.0,44.2,877.5,119.20,2.4
48240.0,1310.3,3.53,0.05,3.53,40.73434,-111.87211,19.0,44.3,877.5,118.09,2.1
48300.0,1310.4,3.77,0.05,3.77,40.73434,-111.87211,19.1,44.4,877.5,163.01,1.7
48360.0,1310.8,3.43,0.06,3.43,40.73434,-111.87211,19.2,44.2,877.5,149.59,0.9
48420.0,1311.4,2.98,0.06,2.98,40.73434,-111.87211,19.3,44.5,877.6,118.22,1.9
48480.0,1311.7,2.98,0.06,2.98,40.73434,-111.87211,19.2,44.3,877.6,112.42,2.9
48540.0,1310.8,3.35,0.06,3.35,40.73434,-111.87211,19.3,44.2,877.6,120.40,2.3
48600.0,1310.3,3.33,0.07,3.33,40.73434,-111.87211,19.4,44.0,877.6,128.42,1.7
48660.0,1310.2,2.98,0.05,2.98,40.73434,-111.87211,19.6,44.2,877.6,127.25,2.1
48720.0,1310.2,2.92,0.06,2.92,40.73434,-111.87211,19.7,43.8,877.6,122.17,2.4
48780.0,1310.2,2.81,0.07,2.81,40.73434,-111.87211,19.9,43.4,877.6,127.65,1.6
48840.0,1309.9,2.93,0.07,2.93,40.73434,-111.87211,20.2,43.3,877.6,131.13,1.4
48900.0,1309.5,2.78,0.06,2.78,40.73434,-111.87211,20.4,43.1,877.7,130.17,1.3
48960.0,1309.2,2.27,0.05,2.27,40.73434,-111.87211,20.7,43.2,877.7,160.64,1.5
49020.0,1309.4,2.68,0.06,2.68,40.73434,-111.87211,21.0,43.3,877.7,141.76,1.1
49080.0,1309.4,2.77,0.06,2.77,40.73434,-111.87211,21.1,43.8,877.7,69.21,0.3
49140.0,1309.4,2.62,0.06,2.62,40.73434,-111.87211,21.3,42.8,877.7,119.81,0.5
49200.0,1309.7,2.61,0.06,2.61,40.73434,-111.87211,21.5,42.3,877.7,82.28,0.4
49260.0,1309.8,2.28,0.06,2.28,40.73434,-111.87211,21.6,42.7,877.8,54.20,0.3
49320.0,1309.9,2.48,0.06,2.48,40.73434,-111.87211,21.8,42.5,877.8,83.19,0.4
49380.0,1310.1,2.25,0.06,2.25,40.73434,-111.87211,21.9,42.5,877.8,188.74,0.1
49440.0,1309.7,2.54,0.06,2.54,40.73434,-111.87211,22.1,41.7,877.8,224.68,0.6
49500.0,1309.6,2.71,0.05,2.71,40.73434,-111.87211,22.2,41.2,877.8,163.69,0.9
49560.0,1309.2,2.39,0.06,2.39,40.73434,-111.87211,22.5,40.7,877.8,143.69,0.7
49620.0,1309.5,2.37,0.05,2.37,40.73434,-111.87211,22.7,40.6,877.8,166.60,0.6
49680.0,1309.6,2.55,0.05,2.55,40.73434,-111.87211,22.9,39.8,877.9,191.01,1.0
49740.0,1309.5,2.81,0.06,2.81,40.73434,-111.87211,23.1,39.7,877.8,189.07,0.8
49800.0,1309.4,2.66,0.06,2.66,40.73434,-111.87211,23.0,40.7,877.8,141.86,1.5
49860.0,1309.3,2.56,0.06,2.56,40.73434,-111.87211,22.9,39.9,877.8,149.48,1.2
49920.0,1309.4,2.53,0.06,2.53,40.73434,-111.87211,23.0,39.4,877.8,160.16,1.4
49980.0,1309.5,2.79,0.06,2.79,40.73434,-111.87211,22.9,40.3,877.9,138.99,2.1
