CampaignData_and_Merges/R0/CSL_MobileLab_Parked/raw/20240814/USOS-NOAAIodideCIMS-PANs_MobileLabGround_20240814_RA.ict
35, 1001
Michael A Robinson, Chris Jernigan, Subi Thakali
NOAA ESRL Chemical Sciences Laboratory and CIRES, U. of Colorado
NOAA Iodide CIMS Instrument
USOS
1, 1
2024, 08, 14, 2024, 08, 15
1
starttime_UTC, seconds_past_midnight, seconds_of_day_since_00:00:00_UTC
3
1, 1, 1
-9999, -9999, -9999
PAN_NOAACIMS, pptv, Gas_PAN_InSitu_S_AVMR, 
APAN_NOAACIMS, pptv, Gas_APAN_InSitu_S_AVMR, 
PPN_NOAACIMS, pptv, Gas_PPN_InSitu_S_AVMR, 
0
18
PI_CONTACT_INFO: 325 Broadway, R/CSD 7, Boulder, Colorado 80305; michael.a.robinson@noaa.gov; chris.jernigan@noaa.gov;
PLATFORM: NOAA CSL Mobile Lab
LOCATION: SLC, Utah
ASSOCIATED_DATA: 1Hz data also available on request.
INSTRUMENT_INFO: NOAA I- ToF CIMS
DATA_INFO: All data in parts per trillion by volume (pptv). 1 Hz data is available upon request.
UNCERTAINTY: TBD
ULOD_FLAG: -7777
ULOD_VALUE: N/A
LLOD_FLAG: -8888
LLOD_VALUE: N/A
DM_CONTACT_INFO: Nathan Howard; nathan.h.howard@noaa.gov
PROJECT_INFO: USOS, summer 2024. https://csl.noaa.gov/groups/csl7/measurements/2024usos/
STIPULATIONS_ON_USE: Users are strongly encouraged to contact the PI for proper data usage.
OTHER_COMMENTS: 
REVISION: RA
RA: Preliminary Data; For in-field use only
starttime_UTC, PAN_NOAACIMS, APAN_NOAACIMS, PPN_NOAACIMS
[from data line 817]
 49020, 175.924,  2.029, 10.688
 49080, 176.300,  2.464, 10.987
 49140, 181.676,  2.636, 11.972
 49200, 180.708,  2.820, 12.203
 49260, 185.955,  2.625, 12.083
 49320, 193.773,  2.187, 12.826
 49380, 187.189,  3.019, 11.609
 49440, -9999.000, -9999.000, -9999.000
 49500, 181.860,  2.822, 12.639
 49560, 185.639,  1.894, 12.343
 49620, 188.899,  2.246, 13.101
 49680, 182.836,  2.874, 12.396
 49740, 188.630,  2.929, 12.258
 49800, 188.998,  2.730, 12.520
 49860, 195.563,  2.476, 15.051
 49920, 194.946,  2.622, 14.485
 49980, 200.516,  3.037, 15.866
 50040, 201.490,  2.060, 15.003
 50100, 207.115,  2.981, 14.516
 50160, 214.422,  3.350, 17.248
 50220, 240.666,  3.535, 18.891
 50280, 294.641,  3.253, 25.994
 50340, 275.497,  3.457, 26.438
 50400, 305.016,  3.378, 31.168
 50460, 318.994,  3.130, 30.420
 50520, 318.290,  3.840, 29.783
 50580, 303.740,  3.827, 32.063
 50640, 312.456,  4.323, 32.193
 50700, 324.191,  3.850, 30.460
 50760, 316.289,  3.898, 32.759
 50820, 317.740,  3.978, 33.635
 50880, 330.671,  5.078, 30.342
 50940, 324.531,  5.298, 30.691
 51000, 315.783,  3.290, 33.225
 51060, 317.183,  4.956, 29.658
 51120, 324.107,  3.853, 34.849
 51180, 334.854,  3.660, 30.548
 51240, 326.731,  4.079, 32.455
 51300, -9999.000, -9999.000, -9999.000
 51360, 315.193,  3.291, 32.436
 51420, 306.559,  2.806, 29.787
 51480, 302.037,  4.418, 29.417
 51540, 281.793,  3.063, 27.080
 51600, 251.735,  3.891, 20.140
 51660, 206.845,  3.027, 15.800
 51720, 208.341,  3.698, 14.301
 51780, 190.859,  3.089, 13.353
 51840, 187.156,  3.541, 10.449
 51900, 187.807,  2.791, 13.623
 51960, 194.643,  1.795, 12.429
 52020, 193.478,  3.046, 11.909
 52080, 187.708,  2.609, 13.689
 52140, 188.697,  3.008, 11.932
 52200, 195.599,  3.125, 13.562
 52260, 197.929,  3.432, 14.683
 52320, 200.227,  4.443, 14.990
 52380, 204.761,  3.196, 17.129
 52440, 200.032,  2.204, 13.244
 52500, 195.860,  2.126, 14.978
 52560, 193.040,  1.793, 14.009
 52620, 193.438,  1.999, 13.360
 52680, 199.552,  3.462, 13.590
 52740, 201.754,  2.731, 15.493
 52800, 203.739,  2.608, 16.374
 52860, 208.886,  3.198, 17.025
 52920, 209.011,  2.662, 17.182
 52980, 204.995,  2.217, 15.692
 53040, 209.900,  3.020, 16.618
 53100, 209.232,  2.515, 20.691
 53160, -9999.000, -9999.000, -9999.000
 53220, 203.891,  2.784, 17.290
 53280, 212.134,  2.204, 17.023
 53340, 213.180,  3.493, 17.778
 53400, 224.700,  2.833, 18.469
 53460, 210.634,  3.792, 16.877
 53520, 213.916,  3.080, 19.204
 53580, 221.391,  2.913, 17.666
 53640, 214.470,  2.900, 19.196
 53700, 225.545,  3.487, 18.806
 53760, 225.825,  2.502, 17.297
 53820, 215.523,  1.747, 17.992
 53880, 208.646,  2.907, 15.919
 53940, 212.820,  1.357, 17.000
 54000, 219.644,  2.699, 16.310
 54060, 204.401,  2.854, 14.138
 54120, 204.568,  2.629, 15.328
 54180, 210.984,  2.512, 14.492
 54240, 209.137,  3.110, 16.655
 54300, 213.335,  2.460, 15.911
 54360, 215.883,  2.954, 15.447
 54420, 218.525,  4.801, 16.397
 54480, 211.619,  2.765, 14.629
 54540, 210.280,  2.616, 15.009
 54600, 215.619,  2.339, 15.777
 54660, 215.471,  2.793, 14.707
 54720, 210.926,  2.951, 16.161
 54780, 223.085,  2.503, 16.962
 54840, 230.687,  2.962, 18.061
 54900, 234.298,  3.711, 18.483
 54960, 239.391,  3.879, 18.785
 55020, 264.280,  3.024, 22.627
 55080, 268.327,  3.376, 25.381
 55140, 255.992,  3.810, 23.603
 55200, 264.951,  3.205, 24.564
 55260, 279.567,  3.669, 24.644
 55320, 281.012,  3.675, 26.954
 55380, 270.358,  3.484, 26.739
 55440, 269.107,  3.039, 26.931
 55500, 275.955,  4.264, 28.382
 55560, 290.396,  3.939, 29.402
 55620, 283.626,  4.312, 28.669
 55680, -9999.000, -9999.000, -9999.000
 55740, -9999.000, -9999.000, -9999.000
 55800, -9999.000, -9999.000, -9999.000
 55860, -9999.000, -9999.000, -9999.000
 55920, -9999.000, -9999.000, -9999.000
 55980, -9999.000, -9999.000, -9999.000
 56040, -9999.000, -9999.000, -9999.000
 56100, -9999.000, -9999.000, -9999.000
 56160, -9999.000, -9999.000, -9999.000
 56220, -9999.000, -9999.000, -9999.000
 56280, -9999.000, -9999.000, -9999.000
 56340, -9999.000, -9999.000, -9999.000
 56400, -9999.000, -9999.000, -9999.000
 56460, -9999.000, -9999.000, -9999.000
 56520, -9999.000, -9999.000, -9999.000
 56580, -9999.000, -9999.000, -9999.000
 56640, -9999.000, -9999.000, -9999.000
 56700, 297.369,  2.497, 32.180
 56760, 299.633,  3.929, 30.157
 56820, 305.845,  4.667, 32.736
 56880, 293.612,  4.192, 29.364
 56940, 287.406,  4.386, 29.227
 57000, 282.374,  3.766, 27.347
 57060, 294.531,  2.672, 28.757
 57120, 286.271,  4.377, 29.083
 57180, 288.605,  3.307, 28.917
 57240, 291.640,  3.401, 28.662
 57300, 288.477,  3.818, 27.531
 57360, 286.349,  3.915, 27.147
 57420, 275.678,  3.679, 25.795
 57480, 277.453,  4.801, 27.723
 57540, 281.970,  4.631, 26.945
 57600, 277.896,  3.661, 25.694
 57660, 291.415,  3.803, 27.392
 57720, 288.829,  3.415, 28.577
 57780, 293.077,  2.783, 29.260
 57840, 292.314,  4.813, 28.367
 57900, 290.682,  4.024, 27.380
 57960, 303.693,  4.366, 29.874
 58020, 304.583,  4.164, 29.570
 58080, 306.476,  3.517, 30.703
 58140, 302.666,  3.470, 31.527
 58200, 312.610,  3.530, 33.404
 58260, 315.063,  4.201, 32.127
 58320, 310.642,  3.982, 30.476
 58380, 316.221,  3.427, 33.744
 58440, 321.031,  4.298, 33.369
 58500, 323.269,  3.361, 34.052
 58560, -9999.000, -9999.000, -9999.000
 58620, 333.530,  9.039, 37.292
 58680, 331.035,  3.892, 35.199
 58740, 321.621,  3.704, 34.596
 58800, 325.040,  5.463, 33.201
 58860, 323.445,  3.574, 35.670
 58920, 328.165,  4.626, 34.959
 58980, 332.446,  4.123, 35.123
 59040, 323.747,  3.788, 35.606
 59100, 336.227,  3.947, 32.721
 59160, 338.041,  5.296, 35.838
 59220, 322.416,  3.214, 34.741
 59280, 331.525,  3.968, 36.721
 59340, 331.063,  3.689, 35.118
 59400, 346.756,  3.140, 38.165
 59460, 349.123,  3.847, 35.749
 59520, 336.978,  4.529, 35.458
 59580, 346.005,  4.106, 36.311
 59640, 352.569,  2.924, 37.523
 59700, 352.203,  3.616, 37.337
 59760, 350.009,  4.681, 38.089
 59820, 351.494,  3.978, 39.043
 59880, 354.473,  3.474, 38.748
 59940, 347.755,  4.550, 38.102
 60000, 359.792,  3.799, 38.924
 60060, 371.373,  4.700, 41.083
 60120, 373.035,  3.959, 38.683
 60180, 369.798,  2.206, 40.688
 60240, 366.152,  3.911, 40.560
 60300, 383.622,  3.969, 41.996
 60360, 390.969,  4.749, 44.396
 60420, 377.685,  8.278, 41.419
 60480, 388.788,  5.335, 44.002
 60540, 392.126,  3.604, 47.927
 60600, 394.151,  4.823, 44.878
 60660, 389.368,  4.267, 42.400
 60720, 394.552,  3.839, 46.119
 60780, 401.524,  3.527, 46.166
 60840, 397.657,  4.390, 43.707
 60900, 404.717,  4.754, 49.343
 60960, 418.267,  3.431, 48.552
 61020, 420.194,  5.407, 49.912
 61080, 419.824,  4.400, 48.729
 61140, 416.519,  5.234, 49.388
 61200, 415.617,  4.872, 48.343
 61260, 433.130,  6.051, 50.750
 61320, 420.572,  5.432, 51.823
 61380, 425.434,  3.972, 50.020
 61440, 433.266,  5.532, 51.098
 61500, 419.271,  4.177, 49.772
 61560, 430.049,  4.760, 50.179
 61620, 422.168,  5.189, 52.027
 61680, 416.604,  3.266, 48.854
 61740, 433.973,  4.838, 49.399
 61800, 444.598,  5.194, 54.265
 61860, 434.895,  4.344, 51.021
 61920, 430.720,  4.031, 50.734
 61980, 445.942,  4.731, 53.232
 62040, 447.064,  5.280, 54.412
 62100, 443.318,  4.354, 51.794
 62160, 435.818,  3.823, 50.199
 62220, 450.967,  4.075, 54.304
 62280, -9999.000, -9999.000, -9999.000
 62340, 450.158,  4.383, 52.860
 62400, 434.833,  4.420, 51.473
 62460, 444.062,  4.926, 54.062
 62520, 463.147,  5.201, 54.507
 62580, 463.108,  4.217, 57.364
 62640, 460.869,  4.139, 55.603
 62700, 455.117,  3.584, 55.432
 62760, 483.372,  5.016, 60.354
 62820, 467.530,  5.275, 57.395
 62880, 464.441,  5.686, 55.833
 62940, 488.323,  4.541, 64.987
 63000, 513.749,  5.577, 69.389
 63060, 496.069,  5.182, 60.850
 63120, 492.483,  4.697, 61.512
 63180, 489.670,  5.224, 61.243
 63240, 489.406,  5.720, 61.984
 63300, 512.241,  5.113, 64.293
 63360, 513.662,  5.886, 65.154
 63420, 497.003,  5.736, 65.042
 63480, 516.187,  5.976, 65.232
 63540, 518.791,  5.553, 65.691
 63600, 523.146,  6.480, 64.178
 63660, 504.622,  4.301, 64.879
 63720, 515.238,  4.664, 65.800
 63780, 521.680,  5.463, 67.266
 63840, 539.253,  4.246, 68.896
 63900, 524.793,  6.017, 63.652
 63960, 522.599,  5.319, 68.766
 64020, 563.513,  5.342, 71.261
 64080, 541.789,  5.294, 69.920
 64140, 539.369,  9.155, 69.161
 64200, 559.640,  5.952, 71.567
 64260, 573.826,  6.678, 72.724
 64320, 581.919,  4.619, 77.863
 64380, 578.708,  6.338, 74.673
 64440, 562.597,  6.593, 75.276
 64500, 578.409,  5.779, 74.369
 64560, 597.367,  7.209, 74.473
 64620, 603.535,  5.743, 75.844
 64680, 578.830,  5.827, 75.376
 64740, 560.662,  5.160, 73.746
 64800, 587.744,  5.188, 74.051
 64860, 603.964,  5.730, 77.206
 64920, 612.273,  5.823, 77.457
 64980, 580.474,  5.297, 73.576
 65040, 586.932,  5.881, 71.847
 65100, 617.615,  5.797, 77.068
 65160, 615.678,  5.172, 80.134
 65220, 620.940,  6.569, 80.663
 65280, 624.476,  4.429, 80.800
 65340, 628.262,  4.841, 83.644
 65400, 659.959,  5.432, 86.028
 65460, 650.114,  6.059, 85.198
 65520, 651.966,  4.495, 86.167
 65580, 653.608,  7.070, 84.663
 65640, 660.674,  5.087, 85.909
 65700, 683.805,  5.749, 87.788
 65760, 673.238,  6.421, 89.872
 65820, 672.855,  5.686, 89.588
 65880, 718.708,  6.593, 92.141
 65940, 702.257,  9.152, 95.220
 66000, 659.412, 14.006, 86.698
 66060, 675.998,  7.053, 91.292
 66120, 686.295,  5.910, 87.818
 66180, 701.593,  6.747, 93.143
 66240, 691.916,  7.424, 87.124
 66300, 681.829,  4.862, 85.283
 66360, 691.838,  4.498, 87.335
 66420, 695.592,  5.759, 85.690
 66480, 700.931,  5.444, 89.774
 66540, 706.587,  5.989, 91.429
 66600, 714.788,  5.505, 92.836
 66660, 700.851,  5.760, 91.551
 66720, 722.734,  7.096, 92.692
 66780, 746.952,  6.192, 97.578
 66840, 723.643,  6.300, 95.921
 66900, 721.438,  6.398, 92.135
 66960, 724.801,  6.132, 92.574
 67020, 729.677,  5.742, 92.439
 67080, 726.441,  6.653, 93.858
 67140, 704.643,  7.512, 87.257
 67200, 709.242,  4.916, 84.775
 67260, 702.207,  5.389, 86.738
 67320, 696.882,  6.088, 86.235
 67380, 683.928,  5.796, 83.445
 67440, 674.035,  5.840, 80.561
 67500, 681.788,  4.449, 81.310
 67560, 690.971,  6.601, 83.229
 67620, 700.475,  6.190, 84.416
 67680, 681.090,  6.304, 82.557
 67740, 679.096,  4.419, 81.791
 67800, 684.186,  5.588, 81.120
 67860, 687.155,  6.017, 80.550
 67920, 696.262,  4.799, 84.401
 67980, 676.089,  5.566, 82.653
 68040, 685.833,  4.788, 83.848
 68100, 708.613,  5.638, 85.101
 68160, 683.720,  6.649, 83.232
 68220, 695.142,  6.652, 86.386
 68280, 597.987,  3.996, 71.049
 68340, 565.780,  5.984, 66.661
 68400, 498.122,  4.383, 54.849
 68460, 468.662,  5.143, 48.776
 68520, 464.881,  5.466, 52.344
 68580, 523.485,  6.088, 60.867
 68640, 537.054,  5.239, 67.058
 68700, 595.660,  7.051, 79.605
 68760, 613.846,  4.790, 82.262
 68820, 622.841,  7.291, 81.490
 68880, 680.593,  6.449, 97.532
 68940, 726.887,  6.429, 104.526
 69000, 735.210,  7.423, 105.639
 69060, 713.946,  5.497, 99.005
 69120, 716.132,  6.773, 102.591
 69180, 737.298,  5.878, 101.746
 69240, 750.565,  7.501, 104.945
 69300, 745.847,  7.821, 110.837
 69360, 737.635,  6.053, 110.657
 69420, 731.615,  5.181, 105.562
 69480, 780.939,  8.208, 109.614
 69540, 776.464,  8.436, 112.843
 69600, 744.850,  8.963, 98.377
 69660, -9999.000, -9999.000, -9999.000
 69720, 733.371,  7.379, 99.727
 69780, 643.391,  5.700, 81.583
 69840, 452.346,  3.996, 51.550
 69900, 436.525,  5.380, 48.114
 69960, 401.058,  5.582, 41.479
 70020, 368.763,  4.864, 35.153
 70080, 336.805,  4.635, 28.948
 70140, 322.081,  3.025, 29.885
 70200, 311.466,  4.928, 26.337
 70260, 309.496,  5.422, 25.839
 70320, 314.111,  4.096, 23.542
 70380, 323.789,  7.852, 28.164
 70440, 305.747,  4.427, 26.887
 70500, 300.353,  5.255, 25.675
 70560, 302.754,  4.916, 25.117
 70620, 299.650,  4.214, 26.333
 70680, 296.481,  4.693, 24.706
 70740, 285.474,  5.054, 25.544
 70800, 283.488,  4.165, 23.897
 70860, 289.161,  4.507, 24.588
 70920, 289.479,  4.697, 24.521
 70980, 286.350,  4.861, 24.809
 71040, 280.552,  4.419, 23.503
 71100, 281.862,  3.446, 23.654
 71160, 303.520,  3.969, 26.089
 71220, 323.969,  4.976, 30.386
 71280, 330.292,  3.938, 32.984
 71340, 358.441,  4.863, 35.816
 71400, 345.018,  3.971, 35.432
 71460, 354.277,  5.887, 34.601
 71520, -9999.000, -9999.000, -9999.000
 71580, 434.913,  4.608, 51.890
 71640, 451.710,  5.623, 53.808
 71700, 463.258,  6.355, 57.523
 71760, 477.643,  4.973, 56.880
 71820, 455.513,  6.326, 53.662
 71880, 412.039,  5.051, 49.765
 71940, 378.770,  4.605, 44.579
 72000, 353.093,  2.858, 38.933
 72060, 341.653,  5.390, 38.663
 72120, 328.627,  4.741, 37.977
 72180, 308.345,  4.897, 34.315
 72240, 313.439,  3.513, 35.615
 72300, 301.175,  5.135, 34.297
 72360, 298.085,  4.018, 31.544
 72420, 291.281,  4.926, 32.742
 72480, 287.263,  3.882, 28.866
 72540, 285.384,  2.516, 29.980
 72600, 289.654,  4.053, 32.440
 72660, 296.450,  2.482, 32.895
 72720, 290.537,  4.013, 33.914
 72780, 295.533,  3.059, 33.350
 72840, 299.294,  4.552, 32.371
 72900, 300.119,  3.661, 32.803
 72960, 301.884,  4.421, 33.957
 73020, 302.770,  3.025, 34.845
 73080, 306.225,  2.775, 33.745
 73140, 312.142,  4.775, 36.077
 73200, 327.109,  4.254, 37.796
 73260, 321.061,  3.675, 36.238
 73320, 319.336,  7.601, 39.021
 73380, -9999.000, -9999.000, -9999.000
 73440, 340.353,  5.315, 40.045
 73500, 352.894,  4.874, 41.308
 73560, 365.460,  4.837, 42.072
 73620, 372.866,  4.129, 44.048
 73680, 381.453,  4.622, 45.785
 73740, 403.013,  6.135, 46.053
 73800, 411.016,  3.291, 46.491
 73860, 394.072,  4.098, 45.416
 73920, 394.286,  4.289, 46.503
 73980, 392.817,  5.773, 44.343
 74040, 405.320,  5.309, 44.540
 74100, 418.245,  4.615, 45.726
 74160, 411.238,  5.245, 46.284
 74220, 424.926,  4.314, 49.543
 74280, 440.013,  7.194, 49.962
 74340, 433.377,  6.134, 48.338
 74400, 443.979,  4.084, 50.789
 74460, 472.305,  4.509, 54.068
 74520, 462.648,  4.461, 54.285
 74580, 473.652,  5.659, 53.829
 74640, 494.854,  4.947, 56.843
 74700, 487.925,  5.955, 55.227
 74760, 484.825,  6.050, 55.625
 74820, 475.997,  5.689, 56.312
 74880, 495.456,  5.698, 57.316
 74940, 518.978,  6.036, 62.432
 75000, 545.510,  4.447, 64.705
 75060, 524.173,  4.883, 61.969
 75120, 519.152,  4.967, 61.588
 75180, 518.531,  6.838, 63.685
 75240, 526.942,  6.287, 58.448
 75300, 534.983,  4.669, 62.080
 75360, 522.080,  4.763, 62.142
 75420, 530.896,  5.525, 63.736
 75480, 524.150,  4.910, 63.151
 75540, 545.261,  4.756, 63.735
 75600, 557.034,  5.933, 67.442
 75660, 533.741,  4.752, 64.333
 75720, 524.563,  5.159, 63.448
 75780, 536.647,  4.488, 66.016
 75840, 527.133,  5.075, 63.730
 75900, 569.458,  6.995, 69.452
 75960, 534.147,  5.306, 65.626
 76020, 527.568,  4.374, 64.428
 76080, 542.900,  4.750, 67.670
 76140, 548.638,  4.747, 66.776
 76200, 565.413,  4.881, 70.639
 76260, 555.500,  6.389, 67.947
 76320, 552.964,  5.499, 64.766
 76380, 575.986,  4.371, 68.990
 76440, 589.197,  4.391, 70.681
 76500, 567.438,  5.576, 67.008
 76560, 581.008,  4.324, 71.198
 76620, 583.478,  4.778, 69.289
 76680, 585.977,  4.416, 69.941
 76740, 625.740,  5.125, 73.691
 76800, 626.781,  3.798, 75.497
 76860, 581.923,  3.892, 68.218
 76920, 592.329,  5.113, 70.425
 76980, 611.272,  5.295, 72.183
 77040, -9999.000, -9999.000, -9999.000
 77100, 456.089,  5.323, 56.845
 77160, 508.408,  3.724, 62.324
 77220, 536.009,  5.070, 65.650
 77280, 552.777,  5.486, 66.814
 77340, 548.626,  6.512, 67.662
 77400, 550.250,  4.887, 67.248
 77460, 537.431,  6.324, 65.420
 77520, 515.762,  3.970, 61.681
 77580, 484.343,  5.798, 56.547
 77640, 442.953,  2.501, 52.134
 77700, 370.276,  4.057, 42.641
 77760, 371.664,  5.504, 41.832
 77820, 337.035,  4.248, 34.652
 77880, 410.027,  4.814, 45.311
 77940, 362.139,  4.283, 39.020
 78000, 353.460,  4.156, 39.723
 78060, 372.986,  3.874, 40.972
 78120, 406.306,  4.184, 46.519
 78180, 335.784,  3.128, 37.000
 78240, 289.470,  3.344, 30.541
 78300, 356.410,  2.032, 40.043
 78360, 498.452,  6.206, 59.911
 78420, 534.519,  5.071, 65.249
 78480, 534.537,  5.145, 66.742
