CampaignData_and_Merges/R0/CSL_MobileLab_Parked/raw/20240814/USOS-NOAAIodideCIMS-Halogens_MobileLabGround_20240814_RA.ict
38, 1001
Michael A Robinson, Chris Jernigan, Subi Thakali
NOAA ESRL Chemical Sciences Laboratory and CIRES, U. of Colorado
NOAA Iodide CIMS Instrument
USOS
1, 1
2024, 08, 14, 2024, 08, 15
1
starttime_UTC, seconds_past_midnight, seconds_of_day_since_00:00:00_UTC
6
1, 1, 1, 1, 1, 1
-9999, -9999, -9999, -9999, -9999, -9999
Br2_NOAACIMS, pptv, Gas_Br2_InSitu_S_AVMR, 
BrO_NOAACIMS, pptv, Gas_BrO_InSitu_S_AVMR, 
Cl2_NOAACIMS, pptv, Gas_Cl2_InSitu_S_AVMR, 
ClNO2_NOAACIMS, pptv, Gas_ClNO2_InSitu_S_AVMR, 
BrCl_NOAACIMS, pptv, Gas_BrCl_InSitu_S_AVMR, 
NCl3_NOAACIMS, pptv, Gas_NCl3_InSitu_S_AVMR, 
0
18
PI_CONTACT_INFO: 325 Broadway, R/CSD 7, Boulder, Colorado 80305; michael.a.robinson@noaa.gov; chris.jernigan@noaa.gov;
PLATFORM: NOAA CSL Mobile Lab
LOCATION: SLC, Utah
ASSOCIATED_DATA: 1Hz data also available on request.
INSTRUMENT_INFO: NOAA I- ToF CIMS
DATA_INFO: All data in parts per trillion by volume (pptv). 1 Hz data is available upon request.
UNCERTAINTY: TBD
ULOD_FLAG: -7777
ULOD_VALUE: N/A
LLOD_FLAG: -8888
LLOD_VALUE: N/A
DM_CONTACT_INFO: Nathan Howard; nathan.h.howard@noaa.gov
PROJECT_INFO: USOS, summer 2024. https://csl.noaa.gov/groups/csl7/measurements/2024usos/
STIPULATIONS_ON_USE: Users are strongly encouraged to contact the PI for proper data usage.
OTHER_COMMENTS: 
REVISION: RA
RA: Preliminary Data; For in-field use only
starttime_UTC, Br2_NOAACIMS, BrO_NOAACIMS, Cl2_NOAACIMS, ClNO2_NOAACIMS, BrCl_NOAACIMS, NCl3_NOAACIMS
[from data line 579]
 34740,  0.632,  0.103,  0.294,  0.376,  0.059,  0.865
 34800,  0.681,  0.084,  0.261,  0.413,  0.068,  0.878
 34860,  0.671,  0.088,  0.263,  0.364,  0.048,  0.836
 34920,  0.663,  0.111,  0.224,  0.360,  0.072,  0.816
 34980,  0.704,  0.040,  0.226,  0.387,  0.040,  0.823
 35040,  0.611,  0.045,  0.223,  0.423,  0.085,  0.745
 35100,  0.629,  0.077,  0.225,  0.375,  0.064,  0.843
 35160,  0.631,  0.051,  0.231,  0.369,  0.074,  0.713
 35220,  0.740,  0.054,  0.295,  0.358,  0.051,  0.967
 35280,  0.586,  0.067,  0.255,  0.418,  0.076,  0.919
 35340,  0.652,  0.049,  0.272,  0.355,  0.053,  0.895
 35400,  0.629,  0.132,  0.215,  0.341,  0.049,  0.908
 35460,  0.601,  0.101,  0.252,  0.363,  0.047,  0.915
 35520,  0.629,  0.074,  0.200,  0.370,  0.071,  0.852
 35580,  0.701,  0.055,  0.195,  0.328,  0.076,  0.914
 35640,  0.670,  0.036,  0.185,  0.351,  0.039,  0.788
 35700,  0.678,  0.080,  0.174,  0.328,  0.056,  0.906
 35760,  0.782,  0.088,  0.182,  0.370,  0.042,  0.764
 35820,  0.650,  0.046,  0.166,  0.361,  0.058,  0.773
 35880,  0.653,  0.057,  0.217,  0.373,  0.026,  0.710
 35940,  0.707,  0.010,  0.186,  0.342,  0.060,  0.820
 36000,  0.619,  0.034,  0.159,  0.319,  0.010,  0.744
 36060,  0.578,  0.078,  0.171,  0.381,  0.057,  0.803
 36120,  0.645,  0.020,  0.162,  0.349,  0.044,  0.684
 36180,  0.702,  0.034,  0.183,  0.343,  0.063,  0.580
 36240,  0.627,  0.029,  0.187,  0.348,  0.027,  0.779
 36300,  0.659,  0.026,  0.157,  0.311,  0.026,  0.601
 36360,  0.687,  0.024,  0.224,  0.305,  0.053,  0.628
 36420,  0.646,  0.038,  0.160,  0.345,  0.005,  0.691
 36480,  0.644, -0.050,  0.169,  0.353,  0.070,  0.401
 36540,  0.340,  0.014,  0.199,  0.339,  0.065,  0.781
 36600,  0.542,  0.016,  0.156,  0.287,  0.026,  0.778
 36660,  0.554,  0.061,  0.164,  0.313,  0.043,  0.703
 36720,  0.608,  0.008,  0.182,  0.295,  0.038,  0.665
 36780,  0.666,  0.032,  0.176,  0.335,  0.067,  0.694
 36840,  0.640,  0.027,  0.183,  0.301,  0.028,  0.753
 36900,  0.619,  0.071,  0.162,  0.288,  0.050,  0.733
 36960,  0.715, -0.007,  0.203,  0.303,  0.043,  0.828
 37020,  0.646,  0.019,  0.223,  0.295,  0.055,  0.804
 37080,  0.636,  0.059,  0.175,  0.261,  0.078,  0.849
 37140,  0.617,  0.015,  0.202,  0.311,  0.068,  0.898
 37200,  0.702,  0.082,  0.221,  0.282,  0.037,  0.959
 37260,  0.732,  0.020,  0.226,  0.284,  0.097,  0.870
 37320,  0.586,  0.039,  0.199,  0.279,  0.052,  0.780
 37380,  0.589,  0.060,  0.156,  0.237,  0.068,  0.821
 37440,  0.619,  0.067,  0.186,  0.251,  0.082,  0.827
 37500,  0.644,  0.067,  0.190,  0.306,  0.055,  0.918
 37560,  0.605,  0.063,  0.243,  0.253,  0.072,  1.007
 37620,  0.620,  0.057,  0.236,  0.294,  0.055,  1.102
 37680,  0.520,  0.041,  0.286,  0.247,  0.067,  1.136
 37740,  0.598,  0.066,  0.268,  0.238,  0.063,  1.027
 37800,  0.538,  0.033,  0.188,  0.232,  0.070,  1.026
 37860,  0.562,  0.083,  0.235,  0.280,  0.048,  1.161
 37920,  0.594,  0.072,  0.173,  0.292,  0.095,  1.044
 37980,  0.642,  0.063,  0.258,  0.239,  0.086,  1.213
 38040,  0.579,  0.029,  0.249,  0.249,  0.087,  1.139
 38100,  0.504,  0.020,  0.271,  0.251,  0.091,  1.112
 38160,  0.570,  0.069,  0.235,  0.239,  0.102,  1.047
 38220,  0.550,  0.019,  0.263,  0.244,  0.083,  1.191
 38280,  0.532,  0.051,  0.238,  0.240,  0.106,  1.094
 38340,  0.719,  0.042,  0.238,  0.193,  0.144,  1.072
 38400,  0.361,  0.045,  0.192,  0.269,  0.080,  1.586
 38460,  0.571,  0.075,  0.200,  0.199,  0.101,  1.025
 38520,  0.696,  0.051,  0.262,  0.222,  0.071,  0.990
 38580,  0.610,  0.033,  0.202,  0.220,  0.082,  1.031
 38640,  0.622, -0.013,  0.180,  0.227,  0.095,  1.015
 38700,  0.603,  0.017,  0.249,  0.220,  0.083,  1.083
 38760,  0.449,  0.081,  0.242,  0.246,  0.081,  1.056
 38820,  0.627, -0.006,  0.200,  0.208,  0.070,  1.041
 38880,  0.642, -0.002,  0.217,  0.198,  0.094,  1.006
 38940,  0.631,  0.016,  0.162,  0.219,  0.097,  0.893
 39000,  0.563, -0.001,  0.257,  0.200,  0.078,  0.944
 39060,  0.604, -0.032,  0.204,  0.181,  0.078,  0.826
 39120,  0.568,  0.018,  0.215,  0.186,  0.108,  0.773
 39180,  0.500, -0.022,  0.234,  0.228,  0.083,  0.829
 39240,  0.633,  0.004,  0.214,  0.215,  0.070,  0.879
 39300,  0.634, -0.017,  0.243,  0.201,  0.079,  0.793
 39360,  0.586, -0.017,  0.256,  0.207,  0.054,  0.976
 39420,  0.573,  0.033,  0.234,  0.171,  0.071,  0.829
 39480,  0.630,  0.016,  0.241,  0.179,  0.056,  0.878
 39540,  0.572, -0.016,  0.204,  0.254,  0.081,  0.791
 39600,  0.526,  0.000,  0.261,  0.204,  0.085,  0.809
 39660,  0.582, -0.017,  0.277,  0.173,  0.072,  0.885
 39720,  0.624, -0.058,  0.234,  0.215,  0.084,  0.693
 39780,  0.681,  0.018,  0.243,  0.236,  0.061,  0.825
 39840,  0.507, -0.039,  0.255,  0.253,  0.051,  0.770
 39900,  0.703, -0.090,  0.249,  0.216,  0.072,  0.753
 39960,  0.601, -0.059,  0.263,  0.204,  0.052,  0.937
 40020,  0.699, -0.056,  0.260,  0.188,  0.061,  0.867
 40080,  0.586, -0.009,  0.229,  0.250,  0.100,  0.872
 40140,  0.657, -0.024,  0.267,  0.247,  0.049,  1.026
 40200,  0.847, -0.078,  0.308,  0.168,  0.057,  0.850
 40260,  0.535, -0.134,  0.223,  0.239,  0.050,  0.753
 40320,  0.691, -0.068,  0.230,  0.215,  0.060,  0.890
 40380,  0.614, -0.004,  0.226,  0.236,  0.046,  1.151
 40440,  0.653, -0.043,  0.251,  0.226,  0.042,  1.013
 40500,  0.620, -0.050,  0.254,  0.208,  0.070,  0.922
 40560,  0.546, -0.081,  0.189,  0.196,  0.043,  0.960
 40620,  0.629, -0.082,  0.248,  0.264,  0.068,  1.128
 40680,  0.622, -0.011,  0.181,  0.228,  0.050,  1.004
 40740,  0.679,  0.021,  0.194,  0.260,  0.047,  1.066
 40800,  0.630, -0.088,  0.300,  0.218,  0.094,  1.100
 40860,  0.636,  0.000,  0.230,  0.188,  0.080,  0.937
 40920,  0.632, -0.084,  0.293,  0.257,  0.067,  1.053
 40980,  0.666, -0.056,  0.208,  0.200,  0.039,  1.110
 41040,  0.620, -0.037,  0.198,  0.244,  0.075,  1.179
 41100,  0.618, -0.014,  0.215,  0.233,  0.084,  1.071
 41160,  0.724, -0.059,  0.226,  0.223,  0.065,  1.018
 41220,  0.581, -0.078,  0.207,  0.260,  0.075,  1.141
 41280,  0.644, -0.054,  0.150,  0.266,  0.073,  1.160
 41340,  0.676, -0.028,  0.243,  0.263,  0.073,  0.983
 41400,  0.683, -0.017,  0.245,  0.265,  0.077,  1.217
 41460,  0.657, -0.008,  0.210,  0.232,  0.114,  1.177
 41520,  0.513, -0.016,  0.264,  0.403,  0.087,  3.161
 41580,  0.661, -0.033,  0.230,  0.279,  0.082,  1.604
 41640,  0.712, -0.014,  0.158,  0.298,  0.059,  0.941
 41700,  0.629, -0.029,  0.229,  0.290,  0.075,  1.060
 41760,  0.726, -0.036,  0.210,  0.280,  0.075,  1.051
 41820,  0.712,  0.004,  0.218,  0.251,  0.080,  1.139
 41880,  0.672, -0.059,  0.225,  0.273,  0.064,  1.260
 41940,  0.542, -0.037,  0.189,  0.296,  0.058,  1.300
 42000,  0.642,  0.004,  0.185,  0.304,  0.042,  1.225
 42060, -9999.000, -9999.000, -9999.000, -9999.000, -9999.000, -9999.000
 42120,  0.590, -0.007,  0.218,  0.282,  0.074,  1.209
 42180,  0.591, -0.055,  0.197,  0.274,  0.074,  1.271
 42240,  0.605, -0.041,  0.197,  0.287,  0.067,  1.210
 42300,  0.670, -0.028,  0.168,  0.253,  0.083,  1.267
 42360,  0.621, -0.068,  0.214,  0.278,  0.079,  1.272
 42420,  0.576, -0.027,  0.217,  0.322,  0.075,  1.351
 42480,  0.557, -0.063,  0.195,  0.285,  0.101,  1.253
 42540,  0.533, -0.005,  0.211,  0.285,  0.064,  1.281
 42600,  0.621, -0.040,  0.244,  0.261,  0.124,  1.283
 42660,  0.627, -0.033,  0.213,  0.254,  0.089,  1.439
 42720,  0.580, -0.017,  0.194,  0.260,  0.072,  1.608
 42780,  0.615,  0.022,  0.227,  0.281,  0.099,  1.229
 42840,  0.560,  0.004,  0.180,  0.300,  0.079,  1.449
 42900,  0.616, -0.019,  0.193,  0.324,  0.067,  0.960
 42960,  0.540, -0.036,  0.226,  0.291,  0.086,  1.091
 43020,  0.574, -0.042,  0.248,  0.215,  0.112,  1.291
 43080,  0.570, -0.030,  0.194,  0.285,  0.086,  1.184
 43140,  0.508,  0.006,  0.222,  0.313,  0.120,  1.160
 43200,  0.565,  0.031,  0.205,  0.260,  0.084,  1.228
 43260,  0.521,  0.030,  0.210,  0.274,  0.071,  1.091
 43320,  0.511,  0.040,  0.172,  0.343,  0.073,  1.003
 43380,  0.532,  0.057,  0.161,  0.313,  0.102,  1.045
 43440,  0.578, -0.015,  0.164,  0.289,  0.114,  1.052
 43500,  0.523,  0.026,  0.176,  0.304,  0.099,  0.980
 43560,  0.520,  0.031,  0.190,  0.278,  0.090,  1.078
 43620,  0.526,  0.056,  0.241,  0.335,  0.113,  1.051
 43680,  0.511,  0.000,  0.170,  0.268,  0.102,  1.152
 43740,  0.513,  0.012,  0.245,  0.345,  0.088,  1.086
 43800,  0.568,  0.089,  0.214,  0.261,  0.077,  1.201
 43860,  0.535,  0.073,  0.249,  0.331,  0.103,  1.272
 43920, -9999.000, -9999.000, -9999.000, -9999.000, -9999.000, -9999.000
 43980,  0.500,  0.057,  0.189,  0.325,  0.109,  1.292
 44040,  0.531,  0.016,  0.186,  0.352,  0.079,  1.250
 44100,  0.576,  0.003,  0.226,  0.258,  0.090,  1.248
 44160,  0.525,  0.061,  0.205,  0.312,  0.065,  1.269
 44220,  0.502, -0.013,  0.216,  0.367,  0.105,  1.228
 44280,  0.483,  0.016,  0.250,  0.338,  0.079,  1.348
 44340,  0.544,  0.002,  0.174,  0.301,  0.100,  1.161
 44400,  0.481,  0.039,  0.213,  0.366,  0.071,  1.234
 44460,  0.620,  0.036,  0.222,  0.318,  0.087,  1.244
 44520,  0.576, -0.043,  0.214,  0.351,  0.040,  1.140
 44580,  0.636, -0.042,  0.191,  0.321,  0.091,  1.332
 44640,  0.517, -0.026,  0.172,  0.329,  0.065,  1.376
 44700,  0.563, -0.044,  0.229,  0.321,  0.081,  1.347
 44760,  0.502, -0.042,  0.246,  0.322,  0.084,  1.215
 44820,  0.477,  0.066,  0.236,  0.347,  0.084,  1.212
 44880,  0.653, -0.001,  0.229,  0.333,  0.081,  1.207
 44940,  0.501, -0.010,  0.287,  0.344,  0.093,  1.166
 45000,  0.478, -0.034,  0.212,  0.294,  0.062,  1.290
 45060,  0.584, -0.080,  0.301,  0.346,  0.079,  1.213
 45120,  0.646, -0.034,  0.269,  0.306,  0.056,  1.024
 45180,  0.508, -0.027,  0.282,  0.346,  0.051,  1.334
 45240,  0.389,  0.032,  0.207,  0.343,  0.034,  1.384
 45300,  0.441, -0.025,  0.232,  0.316,  0.039,  1.101
 45360,  0.500, -0.043,  0.283,  0.315,  0.049,  1.056
 45420,  0.611, -0.086,  0.223,  0.386,  0.045,  1.077
 45480,  0.605, -0.115,  0.243,  0.373,  0.025,  1.208
 45540,  0.498, -0.039,  0.287,  0.384,  0.016,  1.287
 45600,  0.651, -0.073,  0.242,  0.359,  0.053,  1.186
 45660,  0.558, -0.093,  0.252,  0.331,  0.056,  1.135
 45720,  0.625, -0.081,  0.450,  0.441,  0.030,  1.355
 45780, -9999.000, -9999.000, -9999.000, -9999.000, -9999.000, -9999.000
 45840,  0.501, -0.013,  0.578,  1.161,  0.061,  8.547
 45900,  0.493, -0.087,  0.524,  1.168,  0.034,  7.056
 45960,  0.540, -0.019,  0.598,  1.306,  0.024, 10.175
 46020,  0.570, -0.038,  0.806,  1.413,  0.047, 12.989
 46080,  0.490, -0.084,  0.784,  1.336,  0.055, 13.519
 46140,  0.506, -0.030,  0.675,  1.335,  0.046, 12.513
 46200,  0.456, -0.025,  0.647,  1.228,  0.038, 11.329
 46260,  0.458, -0.071,  0.691,  1.251,  0.046, 13.131
 46320,  0.513, -0.077,  0.609,  1.035,  0.062, 10.209
 46380,  0.442, -0.024,  0.594,  0.999,  0.024, 11.129
 46440,  0.517, -0.061,  0.710,  1.086,  0.042, 13.851
 46500,  0.497, -0.059,  0.662,  1.142,  0.035, 12.742
 46560,  0.421, -0.080,  0.637,  0.913,  0.024, 10.818
 46620,  0.399, -0.089,  0.588,  1.045,  0.025, 10.763
 46680,  0.562, -0.118,  0.505,  0.973,  0.018,  9.787
 46740,  0.485, -0.074,  0.508,  0.911,  0.038,  8.629
 46800,  0.556, -0.004,  0.508,  0.944,  0.020,  8.838
 46860,  0.453, -0.116,  0.459,  0.924,  0.040,  8.194
 46920,  0.422, -0.093,  0.645,  0.937,  0.043,  8.450
 46980,  0.507, -0.030,  0.468,  0.808,  0.014,  6.757
 47040,  0.438, -0.077,  0.490,  0.765, -0.008,  5.773
 47100,  0.428, -0.075,  0.444,  0.620,  0.022,  5.487
 47160,  0.462, -0.052,  0.445,  0.651,  0.033,  4.917
 47220,  0.431, -0.097,  0.377,  0.497,  0.022,  3.299
 47280,  0.444, -0.112,  0.368,  0.412,  0.012,  2.170
 47340,  0.383, -0.059,  0.276,  0.384, -0.002,  1.779
 47400,  0.450, -0.056,  0.248,  0.375,  0.007,  1.550
 47460,  0.405, -0.077,  0.264,  0.393,  0.001,  1.621
 47520,  0.461, -0.105,  0.302,  0.364, -0.006,  1.097
 47580,  0.458,  0.028,  0.275,  0.420,  0.000,  0.887
 47640,  0.533, -0.002,  0.394,  0.303,  0.023,  0.827
 47700,  0.530, -0.067,  0.330,  0.397,  0.020,  1.117
 47760,  0.449, -0.050,  0.235,  0.355,  0.032,  0.945
 47820,  0.462, -0.031,  0.264,  0.336,  0.018,  0.737
 47880,  0.514, -0.050,  0.246,  0.368,  0.028,  0.608
 47940,  0.392, -0.061,  0.266,  0.289,  0.010,  0.586
 48000,  0.530, -0.107,  0.277,  0.272,  0.017,  0.512
 48060,  0.485,  0.011,  0.308,  0.311,  0.026,  0.624
 48120,  0.526, -0.068,  0.268,  0.260,  0.041,  0.499
 48180,  0.471, -0.045,  0.290,  0.290,  0.066,  0.619
 48240,  0.539, -0.050,  0.306,  0.320,  0.023,  0.633
 48300,  0.583, -0.071,  0.239,  0.305,  0.024,  0.806
 48360,  0.548, -0.030,  0.304,  0.313,  0.057,  0.903
 48420,  0.512, -0.025,  0.313,  0.305,  0.025,  0.554
 48480,  0.625, -0.050,  0.290,  0.300,  0.080,  0.509
 48540,  0.618, -0.032,  0.282,  0.297,  0.059,  0.444
 48600,  0.619,  0.005,  0.291,  0.276,  0.061,  0.453
 48660,  0.561, -0.111,  0.274,  0.281,  0.077,  0.426
 48720,  0.574, -0.033,  0.289,  0.267,  0.050,  0.523
 48780,  0.507, -0.082,  0.313,  0.264,  0.074,  0.415
 48840,  0.453, -0.035,  0.301,  0.290,  0.043,  0.429
 48900,  0.601, -0.023,  0.271,  0.252,  0.027,  0.520
 48960,  0.530, -0.001,  0.298,  0.302,  0.051,  0.416
 49020,  0.573, -0.038,  0.305,  0.316,  0.044,  0.520
 49080,  0.617,  0.002,  0.339,  0.296,  0.065,  0.539
 49140,  0.507, -0.026,  0.320,  0.313,  0.097,  0.479
 49200,  0.585,  0.034,  0.423,  0.299,  0.089,  0.450
 49260,  0.553, -0.018,  0.367,  0.350,  0.062,  0.689
 49320,  0.647,  0.032,  0.410,  0.363,  0.090,  0.836
 49380,  0.538, -0.007,  0.429,  0.413,  0.081,  0.797
 49440, -9999.000, -9999.000, -9999.000, -9999.000, -9999.000, -9999.000
 49500,  0.614, -0.034,  0.306,  0.391,  0.099,  0.588
 49560,  0.555, -0.008,  0.325,  0.276,  0.078,  0.546
 49620,  0.568,  0.038,  0.336,  0.314,  0.043,  0.397
 49680,  0.604,  0.036,  0.360,  0.309,  0.091,  0.400
 49740,  0.527,  0.008,  0.409,  0.315,  0.061,  0.472
 49800,  0.576, -0.016,  0.370,  0.331,  0.112,  0.756
 49860,  0.619, -0.014,  0.366,  0.348,  0.081,  0.630
 49920,  0.667, -0.015,  0.294,  0.424,  0.068,  0.510
 49980,  0.642,  0.033,  0.328,  0.341,  0.066,  0.449
 50040,  0.459,  0.028,  0.268,  0.348,  0.054,  0.369
 50100,  0.502,  0.011,  0.311,  0.390,  0.062,  0.550
 50160,  0.577, -0.010,  0.362,  0.472,  0.092,  0.644
 50220,  0.531,  0.050,  0.380,  0.575,  0.083,  0.984
 50280,  0.493,  0.009,  0.435,  0.739,  0.048,  1.336
 50340,  0.522,  0.056,  0.504,  0.715,  0.066,  1.256
 50400,  0.491,  0.037,  0.422,  0.773,  0.069,  1.335
 50460,  0.507, -0.017,  0.417,  0.826,  0.064,  1.041
 50520,  0.501,  0.034,  0.437,  0.826,  0.075,  0.965
 50580,  0.470,  0.017,  0.395,  0.770,  0.046,  0.912
 50640,  0.447,  0.068,  0.358,  0.798,  0.054,  0.762
 50700,  0.494,  0.059,  0.380,  0.911,  0.080,  0.845
 50760,  0.557,  0.052,  0.352,  0.813,  0.064,  0.723
 50820,  0.454,  0.052,  0.373,  0.867,  0.032,  0.684
 50880,  0.569,  0.048,  0.365,  0.849,  0.057,  0.648
 50940,  0.424,  0.083,  0.380,  0.962,  0.056,  0.754
 51000,  0.512,  0.149,  0.364,  0.854,  0.032,  0.691
 51060,  0.402,  0.101,  0.419,  0.895,  0.043,  0.428
 51120,  0.520,  0.095,  0.325,  0.833,  0.027,  0.458
 51180,  0.502,  0.095,  0.372,  0.805,  0.043,  0.435
 51240,  0.433,  0.063,  0.321,  0.832,  0.049,  0.411
 51300, -9999.000, -9999.000, -9999.000, -9999.000, -9999.000, -9999.000
 51360,  0.358,  0.136,  0.308,  0.839,  0.055,  0.351
 51420,  0.395,  0.034,  0.346,  0.723,  0.060,  0.320
 51480,  0.502,  0.087,  0.334,  0.773,  0.074,  0.263
 51540,  0.455,  0.072,  0.274,  0.716,  0.070,  0.223
 51600,  0.516,  0.037,  0.267,  0.608,  0.050,  0.254
 51660,  0.570,  0.059,  0.233,  0.478,  0.041,  0.185
 51720,  0.541,  0.019,  0.272,  0.467,  0.071,  0.149
 51780,  0.576,  0.109,  0.283,  0.355,  0.090,  0.250
 51840,  0.510,  0.091,  0.260,  0.363,  0.052,  0.212
 51900,  0.596,  0.053,  3.924,  0.394,  0.138,  9.032
 51960,  0.476,  0.105,  0.854,  0.286,  0.061,  1.728
