CampaignData_and_Merges/R0/CSL_MobileLab_Parked/raw/20240725/USOS-MetNav_MobileLabGround_20240725_R0.ict
44, 1001
Carrie Womack, Nate Howard, Mike Zucker
NOAA Chemical Sciences Laboratory
Mobile Lab MetNav Station
USOS
1, 1
2024, 07, 25, 2024, 12, 21
60
Time_Start, seconds_past_midnight, Seconds from midnight UTC
11
1, 1, 1, 1, 1, 1, 1, 1, 1, 1, 1
-9999, -9999, -9999, -9999, -9999, -9999, -9999, -9999, -9999, -9999, -9999
GPS_Alt_m, meters, Altitude from Differential GPS
GPS_Course_deg, degrees, Course from Differential GPS
GPS_GndSpd_m_s, m/s, Ground Speed from Differential GPS
GPS_Heading_deg, degrees, Heading from Differential GPS
GPS_Lat_deg, degrees, Latitude from Differential GPS
GPS_Lon_deg, degrees, Longitude from Differential GPS
AirTemp_C, Celsius, Air Temperature from Airmar
RelHumidity_pct, percent, Relative Humidity from Airmar
Pressure_mb, millibars, Pressure from Honeywell
WindDir_calc_deg, degrees, Wind Direction from Airmar corrected for van movement
WindSpd_calc_m_s, m/s, Wind Speed from Airmar corrected for van movement
1
SPECIAL COMMENTS:
18
PI_CONTACT_INFO: Address: 325 Broadway R/CSL7, Boulder, CO, 80305
PLATFORM: CSL Mobile Lab
LOCATION: Salt Lake City, UT
ASSOCIATED_DATA: N/A
INSTRUMENT_INFO: N/A
DATA_INFO: Units:
UNCERTAINTY: N/A
ULOD_FLAG: -7777
ULOD_VALUE: N/A
LLOD_FLAG: -8888
LLOD_VALUE: N/A
DM_CONTACT_INFO: Data Manager: Nate Howard
PROJECT_INFO: 
STIPULATIONS_ON_USE: Use of these data require prior ok from PI.
OTHER_COMMENTS: 
REVISION: R0
R0: Final data. Fixed bug in wind averaging code. RA: Preliminary Data. For in-field use only. 
Time_Start, GPS_Alt_m, GPS_Course_deg, GPS_GndSpd_m_s, GPS_Heading_deg, GPS_Lat_deg, GPS_Lon_deg, AirTemp_C, RelHumidity_pct, Pressure_mb, WindDir_calc_deg, WindSpd_calc_m_s
[from data line 1216]
72960.0,1307.5,359.08,0.05,359.08,40.73434,-111.87210,36.9,21.1,880.3,90.76,0.5
73020.0,1307.6,358.97,0.05,358.97,40.73434,-111.87210,37.1,20.8,880.4,102.60,0.5
73080.0,1307.8,359.64,0.04,359.64,40.73434,-111.87210,37.4,20.2,880.3,96.20,1.0
73140.0,1307.8,0.43,0.05,0.43,40.73434,-111.87210,37.5,20.1,880.3,121.08,1.3
73200.0,1307.6,0.27,0.05,0.27,40.73434,-111.87210,37.5,19.7,880.3,123.74,1.0
73260.0,1307.4,359.66,0.05,359.66,40.73434,-111.87210,37.3,21.0,880.3,104.70,2.1
73320.0,1307.6,359.17,0.05,359.17,40.73434,-111.87210,36.9,20.6,880.2,109.63,1.9
73380.0,1307.8,359.25,0.05,359.25,40.73434,-111.87210,36.7,20.4,880.2,80.09,0.8
73440.0,1307.9,0.09,0.06,0.09,40.73434,-111.87210,36.8,20.5,880.2,82.52,0.6
73500.0,1307.9,0.80,0.05,0.80,40.73434,-111.87210,37.0,19.4,880.2,138.88,0.9
73560.0,1307.9,0.34,0.05,0.34,40.73434,-111.87210,37.1,19.4,880.2,164.26,1.1
73620.0,1308.0,359.74,0.05,359.74,40.73434,-111.87210,37.3,19.4,880.2,170.22,1.2
73680.0,1308.0,359.50,0.05,359.50,40.73434,-111.87210,37.4,19.5,880.2,167.78,0.9
73740.0,1308.1,359.24,0.06,359.24,40.73434,-111.87210,37.5,19.4,880.2,153.50,1.1
73800.0,1307.9,359.02,0.05,359.02,40.73434,-111.87210,37.5,19.5,880.2,167.51,2.4
73860.0,1307.9,359.40,0.05,359.40,40.73434,-111.87211,37.4,20.0,880.2,157.56,2.7
73920.0,1307.9,359.62,0.05,359.62,40.73434,-111.87211,37.2,20.5,880.2,158.51,2.5
73980.0,1307.8,359.19,0.05,359.19,40.73434,-111.87211,36.9,21.0,880.2,116.64,1.8
74040.0,1307.8,359.37,0.05,359.37,40.73434,-111.87211,36.6,21.6,880.2,75.30,0.8
74100.0,1307.9,359.75,0.06,359.75,40.73435,-111.87211,36.7,21.4,880.2,103.28,1.0
74160.0,1308.0,0.02,0.05,0.02,40.73435,-111.87211,36.9,20.7,880.2,126.18,1.4
74220.0,1308.0,359.79,0.05,359.79,40.73435,-111.87211,37.0,20.1,880.2,139.36,1.4
74280.0,1308.0,359.03,0.05,359.03,40.73435,-111.87211,37.2,20.2,880.2,98.58,1.0
74340.0,1308.1,358.76,0.06,358.76,40.73435,-111.87211,37.1,20.5,880.2,98.62,1.3
74400.0,1308.1,358.75,0.05,358.75,40.73435,-111.87211,36.8,19.6,880.1,110.55,1.8
74460.0,1308.1,358.59,0.05,358.59,40.73435,-111.87211,36.7,19.9,880.1,151.14,2.8
74520.0,1308.1,359.35,0.05,359.35,40.73435,-111.87211,36.8,19.9,880.1,158.84,1.8
74580.0,1308.1,359.72,0.05,359.72,40.73435,-111.87211,36.9,20.3,880.1,115.57,0.7
74640.0,1308.1,359.35,0.05,359.35,40.73435,-111.87211,37.1,20.3,880.1,99.92,0.4
74700.0,1308.1,358.83,0.05,358.83,40.73434,-111.87211,37.1,20.0,880.1,115.58,1.2
74760.0,1308.2,358.87,0.05,358.87,40.73434,-111.87211,37.1,20.1,880.1,120.53,1.5
74820.0,1308.4,359.51,0.05,359.51,40.73434,-111.87211,37.0,21.6,880.1,94.51,1.0
74880.0,1308.4,359.84,0.05,359.84,40.73434,-111.87211,37.1,20.5,880.1,69.60,0.5
74940.0,1308.5,359.62,0.05,359.62,40.73434,-111.87211,36.8,19.8,880.1,12.61,0.5
75000.0,1308.5,359.83,0.04,359.83,40.73434,-111.87211,36.8,19.8,880.1,69.34,0.6
75060.0,1308.4,0.15,0.05,0.15,40.73434,-111.87211,36.8,19.2,880.1,39.32,0.3
75120.0,1308.3,0.24,0.05,0.24,40.73434,-111.87211,36.9,19.0,880.0,114.78,0.5
75180.0,1308.1,359.75,0.05,359.75,40.73434,-111.87211,37.0,19.6,880.0,82.10,0.7
75240.0,1308.1,359.25,0.05,359.25,40.73434,-111.87211,37.1,19.3,880.0,95.99,0.5
75300.0,1308.2,359.19,0.04,359.19,40.73434,-111.87211,37.0,19.4,880.0,336.06,0.4
75360.0,1308.1,359.71,0.04,359.71,40.73434,-111.87211,36.8,19.4,880.0,75.98,0.8
75420.0,1308.1,359.38,0.05,359.38,40.73434,-111.87211,36.9,19.3,880.0,147.00,1.3
75480.0,1307.9,359.72,0.04,359.72,40.73434,-111.87211,37.1,19.1,880.0,138.84,1.5
75540.0,1307.8,359.39,0.05,359.39,40.73434,-111.87211,37.1,19.8,880.0,73.57,0.4
75600.0,1307.9,359.18,0.04,359.18,40.73434,-111.87211,37.2,19.9,880.0,94.09,0.9
75660.0,1308.0,359.23,0.04,359.23,40.73434,-111.87211,37.3,20.0,879.9,116.46,0.2
75720.0,1308.1,358.80,0.04,358.80,40.73434,-111.87211,37.4,19.5,880.0,270.22,0.6
75780.0,1308.2,359.49,0.05,359.49,40.73434,-111.87211,37.2,19.8,879.9,39.13,0.4
75840.0,1308.2,359.81,0.05,359.81,40.73434,-111.87211,37.3,19.8,879.9,87.38,0.5
75900.0,1308.3,359.52,0.05,359.52,40.73434,-111.87211,37.4,19.4,879.9,164.18,0.8
75960.0,1308.5,359.57,0.04,359.57,40.73434,-111.87211,37.2,19.4,879.9,130.77,2.7
76020.0,1308.4,359.29,0.05,359.29,40.73434,-111.87211,36.9,20.0,879.9,136.81,2.4
76080.0,1308.5,359.63,0.04,359.63,40.73434,-111.87211,37.1,19.7,879.9,162.26,1.3
76140.0,1308.3,359.40,0.05,359.40,40.73434,-111.87211,37.3,19.8,879.8,122.23,0.9
76200.0,1308.3,359.77,0.05,359.77,40.73434,-111.87211,37.3,19.9,879.8,79.77,0.6
76260.0,1308.2,0.09,0.05,0.09,40.73434,-111.87211,37.4,19.7,879.8,106.91,0.6
76320.0,1308.4,359.74,0.04,359.74,40.73434,-111.87210,37.4,20.3,879.8,93.22,1.2
76380.0,1308.5,359.16,0.04,359.16,40.73434,-111.87210,37.4,22.3,879.8,105.04,1.6
76440.0,1308.5,359.43,0.05,359.43,40.73434,-111.87211,37.3,21.0,879.8,86.13,0.9
76500.0,1308.7,359.29,0.04,359.29,40.73434,-111.87211,37.4,20.1,879.8,84.98,1.0
76560.0,1308.8,359.04,0.05,359.04,40.73434,-111.87211,37.2,20.4,879.8,70.15,0.9
76620.0,1308.9,359.35,0.04,359.35,40.73434,-111.87211,37.3,19.9,879.7,76.26,0.8
76680.0,1309.0,358.78,0.05,358.78,40.73434,-111.87211,37.4,19.4,879.8,103.00,0.8
76740.0,1308.9,358.53,0.05,358.53,40.73434,-111.87211,37.6,18.9,879.7,82.69,0.8
76800.0,1309.0,358.81,0.05,358.81,40.73434,-111.87211,37.6,19.9,879.7,71.47,0.8
76860.0,1308.8,359.16,0.05,359.16,40.73435,-111.87211,37.8,19.7,879.7,88.21,0.8
76920.0,1308.6,359.58,0.04,359.58,40.73435,-111.87211,37.8,19.5,879.7,101.95,0.9
76980.0,1308.5,0.01,0.05,0.01,40.73435,-111.87211,37.8,19.7,879.7,86.03,1.0
77040.0,1308.5,359.83,0.05,359.83,40.73435,-111.87211,37.8,19.5,879.6,97.09,1.1
77100.0,1308.6,359.48,0.05,359.48,40.73435,-111.87211,37.6,19.0,879.6,104.43,1.4
77160.0,1308.5,359.65,0.05,359.65,40.73435,-111.87211,37.6,18.8,879.6,103.29,1.4
77220.0,1308.5,359.85,0.04,359.85,40.73435,-111.87211,37.7,19.2,879.6,82.15,0.9
77280.0,1308.9,359.63,0.04,359.63,40.73435,-111.87211,37.6,18.7,879.6,39.40,0.5
77340.0,1309.1,359.82,0.04,359.82,40.73435,-111.87211,37.4,18.0,879.6,32.64,0.5
77400.0,1309.1,0.19,0.04,0.19,40.73435,-111.87211,37.3,18.0,879.6,67.61,0.9
77460.0,1309.0,0.16,0.04,0.16,40.73435,-111.87211,36.9,17.9,879.6,44.75,0.7
77520.0,1308.9,359.99,0.05,359.99,40.73435,-111.87211,37.0,18.1,879.6,5.10,0.3
77580.0,1308.8,0.20,0.05,0.20,40.73435,-111.87211,37.2,18.0,879.6,99.93,0.6
77640.0,1308.9,0.36,0.04,0.36,40.73435,-111.87211,37.3,17.7,879.6,129.85,0.3
77700.0,1309.1,0.29,0.04,0.29,40.73435,-111.87211,37.5,17.8,879.5,115.82,0.5
77760.0,1309.2,0.05,0.04,0.05,40.73435,-111.87211,37.7,17.8,879.5,153.94,0.1
77820.0,1309.2,0.10,0.04,0.10,40.73435,-111.87211,37.9,17.7,879.5,215.00,0.5
77880.0,1309.2,359.82,0.04,359.82,40.73435,-111.87210,37.9,17.7,879.5,176.08,0.6
77940.0,1309.2,359.73,0.04,359.73,40.73435,-111.87210,37.9,17.5,879.5,192.41,0.6
78000.0,1309.1,359.99,0.04,359.99,40.73435,-111.87210,38.0,17.9,879.5,252.41,0.2
78060.0,1308.9,0.15,0.05,0.15,40.73435,-111.87210,37.8,18.2,879.5,92.41,0.2
78120.0,1308.7,0.22,0.04,0.22,40.73435,-111.87210,37.7,18.5,879.5,36.68,0.5
78180.0,1308.8,359.76,0.05,359.76,40.73435,-111.87210,37.7,18.8,879.5,77.69,0.6
78240.0,1308.7,359.80,0.05,359.80,40.73435,-111.87210,37.7,18.6,879.5,95.54,1.2
78300.0,1308.6,0.31,0.05,0.31,40.73435,-111.87210,37.5,18.6,879.4,62.94,0.6
78360.0,1308.7,359.96,0.05,359.96,40.73435,-111.87210,37.5,19.1,879.4,88.05,0.9
78420.0,1308.7,359.92,0.05,359.92,40.73435,-111.87210,37.5,18.9,879.4,80.26,0.7
78480.0,1308.6,359.91,0.06,359.91,40.73435,-111.87210,37.7,18.5,879.4,99.22,0.8
78540.0,1308.5,359.89,0.06,359.89,40.73435,-111.87210,37.8,18.0,879.4,88.29,0.6
78600.0,1308.4,359.61,0.05,359.61,40.73435,-111.87210,37.6,18.2,879.4,59.48,0.6
78660.0,1307.9,359.55,0.05,359.55,40.73435,-111.87210,37.6,17.9,879.4,17.29,0.3
78720.0,1308.2,359.30,0.05,359.30,40.73435,-111.87210,37.6,17.8,879.4,71.08,0.5
78780.0,1308.3,359.22,0.04,359.22,40.73435,-111.87210,37.7,18.0,879.4,75.25,0.3
78840.0,1308.3,359.92,0.04,359.92,40.73434,-111.87210,37.9,18.5,879.4,89.71,1.0
78900.0,1308.5,0.40,0.05,0.40,40.73434,-111.87210,37.8,18.7,879.4,85.35,1.1
78960.0,1308.6,0.63,0.04,0.63,40.73434,-111.87210,37.6,18.3,879.4,74.11,0.9
79020.0,1308.4,0.67,0.04,0.67,40.73434,-111.87210,37.7,18.9,879.4,101.80,1.1
79080.0,1308.3,0.88,0.05,0.88,40.73434,-111.87210,37.8,18.4,879.4,95.01,0.8
79140.0,1308.2,0.72,0.05,0.72,40.73434,-111.87210,37.7,18.3,879.3,100.14,1.2
79200.0,1308.2,1.14,0.04,1.14,40.73434,-111.87210,37.6,18.6,879.3,109.92,1.5
79260.0,1308.1,1.15,0.04,1.15,40.73434,-111.87210,37.6,18.1,879.2,113.97,1.3
79320.0,1307.9,0.93,0.04,0.93,40.73434,-111.87210,37.6,17.2,879.2,151.57,1.6
79380.0,1307.8,1.26,0.04,1.26,40.73434,-111.87210,37.5,17.7,879.2,116.64,1.9
79440.0,1307.7,1.17,0.05,1.17,40.73434,-111.87210,37.2,18.3,879.2,111.13,2.0
79500.0,1307.8,1.00,0.05,1.00,40.73434,-111.87210,37.0,18.2,879.1,114.05,1.4
79560.0,1307.9,0.67,0.04,0.67,40.73434,-111.87210,37.1,18.8,879.1,82.87,0.8
79620.0,1308.0,0.87,0.05,0.87,40.73434,-111.87210,37.1,19.0,879.1,112.51,1.3
79680.0,1307.8,1.02,0.05,1.02,40.73434,-111.87210,37.0,18.1,879.1,107.13,1.0
79740.0,1307.7,1.16,0.05,1.16,40.73434,-111.87210,37.2,18.3,879.1,117.65,1.0
79800.0,1307.8,0.81,0.04,0.81,40.73434,-111.87210,37.4,18.9,879.0,96.23,0.9
79860.0,1307.8,0.65,0.05,0.65,40.73434,-111.87210,37.5,18.1,879.0,100.65,1.0
79920.0,1307.8,0.24,0.05,0.24,40.73434,-111.87210,37.5,18.5,879.0,83.18,0.8
79980.0,1307.8,0.01,0.04,0.01,40.73434,-111.87210,37.4,18.9,879.0,60.72,0.7
80040.0,1307.9,359.80,0.04,359.80,40.73434,-111.87210,37.4,18.7,879.0,67.94,0.7
80100.0,1307.9,0.18,0.05,0.18,40.73434,-111.87210,37.6,19.4,879.0,94.41,1.1
80160.0,1308.0,0.08,0.04,0.08,40.73434,-111.87211,37.5,18.9,879.0,73.01,0.8
80220.0,1308.1,0.18,0.04,0.18,40.73434,-111.87211,37.5,18.9,878.9,73.28,0.9
80280.0,1308.2,0.36,0.04,0.36,40.73434,-111.87211,37.5,18.1,878.9,61.08,0.5
80340.0,1308.2,0.69,0.05,0.69,40.73434,-111.87211,37.6,17.8,878.9,83.95,0.9
80400.0,1308.4,0.26,0.05,0.26,40.73434,-111.87211,37.6,18.6,878.9,76.97,0.8
80460.0,1308.3,359.94,0.04,359.94,40.73434,-111.87211,37.7,18.8,878.9,93.37,1.1
80520.0,1308.3,359.51,0.04,359.51,40.73434,-111.87211,37.7,18.5,878.9,63.29,0.5
80580.0,1308.5,359.56,0.04,359.56,40.73434,-111.87211,37.8,17.4,878.9,105.75,0.2
80640.0,1308.8,359.87,0.04,359.87,40.73434,-111.87211,37.9,17.2,878.8,108.80,1.0
80700.0,1309.1,0.12,0.05,0.12,40.73433,-111.87211,38.0,16.9,878.8,124.03,1.1
80760.0,1309.4,359.71,0.04,359.71,40.73433,-111.87211,38.2,17.0,878.8,133.62,0.9
80820.0,1309.4,359.15,0.05,359.15,40.73433,-111.87211,38.3,17.4,878.8,116.58,0.4
80880.0,1309.5,359.33,0.05,359.33,40.73433,-111.87211,38.3,17.2,878.8,180.67,0.6
80940.0,1309.5,0.07,0.05,0.07,40.73433,-111.87211,38.4,17.2,878.7,159.31,1.1
81000.0,1309.4,359.96,0.06,359.96,40.73433,-111.87211,38.6,17.4,878.7,143.95,0.3
81060.0,1309.4,0.26,0.05,0.26,40.73433,-111.87211,38.6,17.2,878.7,168.61,1.5
81120.0,1309.4,359.76,0.05,359.76,40.73433,-111.87211,38.6,17.5,878.7,156.70,2.0
81180.0,1309.6,0.07,0.05,0.07,40.73433,-111.87211,38.4,17.8,878.6,158.71,1.7
81240.0,1309.6,0.23,0.05,0.23,40.73433,-111.87211,38.5,17.8,878.6,168.14,0.9
81300.0,1309.4,0.44,0.06,0.44,40.73433,-111.87211,38.6,17.8,878.6,166.57,1.1
81360.0,1309.3,0.60,0.06,0.60,40.73433,-111.87211,38.7,17.8,878.6,146.98,1.3
81420.0,1309.1,0.18,0.06,0.18,40.73433,-111.87211,38.7,18.1,878.6,151.45,1.3
81480.0,1309.0,0.38,0.05,0.38,40.73433,-111.87211,38.7,18.0,878.6,164.96,1.2
81540.0,1309.2,0.42,0.06,0.42,40.73433,-111.87211,38.5,18.0,878.5,128.50,0.8
81600.0,1309.1,0.72,0.04,0.72,40.73434,-111.87210,38.3,17.6,878.5,182.83,0.7
81660.0,1309.1,0.49,0.05,0.49,40.73434,-111.87210,38.3,18.0,878.5,95.49,0.6
81720.0,1309.2,0.62,0.05,0.62,40.73434,-111.87210,38.1,18.4,878.5,56.09,0.6
81780.0,1309.2,0.36,0.04,0.36,40.73434,-111.87210,38.1,18.3,878.5,102.29,0.6
81840.0,1309.2,359.75,0.04,359.75,40.73434,-111.87210,38.1,17.2,878.4,133.81,0.6
81900.0,1309.2,0.03,0.05,0.03,40.73434,-111.87210,37.9,17.2,878.4,87.71,1.2
81960.0,1309.1,359.71,0.06,359.71,40.73434,-111.87210,37.7,18.0,878.4,29.34,0.5
82020.0,1308.8,359.59,0.05,359.59,40.73434,-111.87210,37.5,17.6,878.4,338.22,0.7
82080.0,1308.5,359.28,0.05,359.28,40.73434,-111.87210,37.2,17.5,878.4,337.53,0.4
82140.0,1308.5,359.01,0.05,359.01,40.73434,-111.87210,37.0,17.7,878.4,43.32,0.6
82200.0,1308.4,359.12,0.06,359.12,40.73434,-111.87210,36.9,17.9,878.4,75.73,0.7
82260.0,1308.5,359.18,0.05,359.18,40.73434,-111.87210,36.8,17.6,878.4,22.51,0.3
82320.0,1308.4,358.98,0.06,358.98,40.73434,-111.87210,37.1,17.1,878.4,141.38,0.5
82380.0,1308.4,358.89,0.05,358.89,40.73434,-111.87210,37.1,17.3,878.4,84.81,0.9
82440.0,1308.6,358.68,0.05,358.68,40.73434,-111.87210,36.9,18.1,878.3,75.07,1.0
82500.0,1309.2,358.93,0.05,358.93,40.73434,-111.87210,36.9,17.5,878.3,86.84,0.9
82560.0,1309.5,359.21,0.05,359.21,40.73434,-111.87210,36.8,17.3,878.3,103.42,1.5
82620.0,1309.6,359.46,0.05,359.46,40.73434,-111.87210,36.8,16.7,878.2,133.44,2.0
82680.0,1309.8,359.48,0.05,359.48,40.73434,-111.87210,36.4,17.4,878.2,117.50,2.6
82740.0,1309.8,359.50,0.05,359.50,40.73434,-111.87211,36.3,17.6,878.2,128.02,2.7
82800.0,1309.8,359.75,0.05,359.75,40.73434,-111.87211,36.1,19.2,878.2,126.15,3.3
82860.0,1309.9,359.69,0.05,359.69,40.73434,-111.87211,36.0,17.8,878.2,138.34,2.3
82920.0,1310.0,359.65,0.05,359.65,40.73434,-111.87211,36.1,18.3,878.1,119.67,1.8
82980.0,1310.0,359.12,0.05,359.12,40.73434,-111.87211,36.2,18.3,878.1,139.64,1.6
83040.0,1310.0,358.89,0.05,358.89,40.73434,-111.87211,36.3,18.0,878.1,169.55,2.3
83100.0,1310.0,358.78,0.05,358.78,40.73434,-111.87211,36.5,18.1,878.1,154.97,1.2
83160.0,1309.9,358.89,0.06,358.89,40.73434,-111.87211,36.7,18.1,878.0,147.32,1.0
83220.0,1310.2,359.04,0.05,359.04,40.73434,-111.87211,36.9,17.9,878.0,169.72,1.2
83280.0,1310.4,358.75,0.05,358.75,40.73434,-111.87211,37.0,17.8,878.0,158.32,2.1
83340.0,1310.4,358.96,0.05,358.96,40.73434,-111.87211,37.1,18.1,878.0,157.19,1.2
83400.0,1310.3,359.22,0.05,359.22,40.73434,-111.87211,37.2,18.0,878.0,147.77,1.5
83460.0,1310.3,359.41,0.06,359.41,40.73434,-111.87211,37.1,18.4,877.9,124.68,2.2
83520.0,1310.6,359.33,0.05,359.33,40.73434,-111.87211,36.7,19.3,877.9,115.38,2.1
83580.0,1310.8,358.85,0.05,358.85,40.73434,-111.87211,36.6,19.7,877.9,122.91,2.1
83640.0,1310.7,359.05,0.05,359.05,40.73434,-111.87211,36.4,18.8,877.9,128.16,2.4
83700.0,1310.8,359.04,0.05,359.04,40.73434,-111.87211,36.4,19.5,877.9,133.74,2.1
83760.0,1310.8,359.42,0.06,359.42,40.73434,-111.87211,36.5,19.1,877.8,129.28,1.2
83820.0,1310.8,358.88,0.05,358.88,40.73434,-111.87211,36.7,18.7,877.8,105.32,1.0
83880.0,1310.7,359.25,0.05,359.25,40.73434,-111.87211,36.8,18.8,877.8,95.01,0.9
83940.0,1310.8,359.14,0.04,359.14,40.73434,-111.87211,37.0,18.2,877.7,149.82,1.2
84000.0,1310.9,359.30,0.05,359.30,40.73434,-111.87211,37.0,18.5,877.7,160.41,1.9
84060.0,1310.9,359.61,0.05,359.61,40.73434,-111.87211,37.1,18.2,877.7,169.40,1.1
84120.0,1310.8,359.28,0.05,359.28,40.73434,-111.87211,37.3,18.1,877.7,164.20,1.0
84180.0,1310.7,359.04,0.04,359.04,40.73434,-111.87211,37.4,18.0,877.7,154.48,1.7
84240.0,1310.6,359.21,0.04,359.21,40.73434,-111.87211,37.3,18.6,877.7,130.61,2.3
84300.0,1310.5,358.89,0.05,358.89,40.73434,-111.87211,36.9,18.9,877.7,118.16,2.3
84360.0,1310.4,358.70,0.04,358.70,40.73434,-111.87211,36.8,19.4,877.6,113.70,1.6
84420.0,1310.2,359.22,0.05,359.22,40.73434,-111.87211,36.8,20.3,877.6,93.63,1.1
84480.0,1310.0,359.44,0.05,359.44,40.73434,-111.87211,36.6,20.4,877.6,101.10,1.3
84540.0,1310.2,359.59,0.05,359.59,40.73434,-111.87211,36.7,20.0,877.6,80.66,1.0
84600.0,1310.3,359.90,0.05,359.90,40.73434,-111.87211,36.6,19.4,877.5,91.16,1.0
84660.0,1310.0,0.02,0.05,0.02,40.73434,-111.87211,36.7,18.8,877.5,96.59,0.8
84720.0,1309.8,359.51,0.05,359.51,40.73434,-111.87211,36.8,18.5,877.5,65.90,0.5
84780.0,1309.9,359.36,0.05,359.36,40.73434,-111.87211,36.8,19.0,877.5,78.78,0.7
84840.0,1309.9,359.69,0.05,359.69,40.73434,-111.87211,37.0,18.4,877.4,78.00,0.6
84900.0,1309.9,0.19,0.05,0.19,40.73434,-111.87211,36.9,18.5,877.4,68.77,1.0
84960.0,1309.8,0.11,0.05,0.11,40.73434,-111.87211,36.6,18.0,877.4,73.20,0.9
