CampaignData_and_Merges/R0/CSL_MobileLab_Parked/raw/20240725/USOS-Picarro-CO2-CH4-CO-H2O_MobileLabGround_20240725_R0.ict
38, 1001
Ilana Pollack, Nell Schafer, and Jeff Peischl
NOAA Chemical Sciences Laboratory
Picarro 2401-m CO2/CH4/CO/H2O Analyzer
USOS
1, 1
2024, 07, 25, 2024, 11, 20
0
StartTime_UTC, seconds_past_midnight, seconds past midnight
5
1, 1, 1, 1, 1
-9999, -9999, -9999, -9999, -9999
StopTime_UTC, seconds_past_midnight, seconds past midnight
CO2_ppm_1min, ppm, Gas_CO2_InSitu_S_DMF, carbon dioxide mixing ratio
CH4_ppb_1min, ppb, Gas_CH4_InSitu_S_DMF, methane mixing ratio
CO_ppb_1min, ppb, Gas_CO_InSitu_S_DMF, carbon monoxide mixing ratio
H2O_ppmv_1min, ppmv, Met_H2OMRV_InSitu_S_AVMR, water vapor mixing ratio
1
SPECIAL COMMENTS: N/A
18
PI_CONTACT_INFO: Address: NOAA Chemical Sciences Laboratory, Mail Stop CSL7, 325 Broadway, Boulder, CO 80305; Email: Ilana.Pollack@noaa.gov
PLATFORM: NOAA CSL Mobile Laboratory
LOCATION: The mobile lab was stationed in Salt Lake City, Utah.
ASSOCIATED_DATA: N/A
INSTRUMENT_INFO: CO2, CH4, and CO are reported as dry air mole fractions using a commercial wavelength-scanned cavity ring-down analyzer (Picarro 2401-m). An in-field calibration gas standard of 432±0.07 ppm CO2, 2095±1 ppb CH4, and 183±1 ppb CO, calibrated in the Boulder laboratories before and after the field project using primary CO2, CH4, and CO standard tanks tied to the WMO standard (X2019, X2004A, and X2014A, respectively) from the Global Monitoring Laboratory (GML), was delivered to the inlet every 2-3 days to evaluate instrument sensitivity. A H2O measurement was calibrated before the project with a Dew Point Mirror 373 hygrometer. The water correction calculated from these calibrations was applied to the H2O measurement for the entire campaign. Species are measured at 0.5 Hz and reported as 1-minute averages for stationary measurements.
DATA_INFO: Units: CO2, ppm, dry air mole fraction; CH4, ppb, dry air mole fraction; CO, ppb, dry air mole fraction; H2O, ppmv
UNCERTAINTY: Total uncertainties are estimated as ±0.1 ppm for CO2, ±1 ppb for CH4, ±5 ppb for CO, and ±(50 ppm + 4%) for H2O.
ULOD_FLAG: -7777
ULOD_VALUE: N/A
LLOD_FLAG: -8888
LLOD_VALUE: N/A
DM_CONTACT_INFO: Data Manager: Nathan Howard; nathan.h.howard@noaa.gov
PROJECT_INFO: USOS Dates of Study: July – August 2024
STIPULATIONS_ON_USE: Use of these data require prior ok from PI.
OTHER_COMMENTS: Data are averaged to 1 minute intervals. Stationary data collected from a 10 ft tower on top of the mobile van.
REVISION: R0
R0: Final Data
StartTime_UTC, StopTime_UTC, CO2_ppm_1min, CH4_ppb_1min, CO_ppb_1min, H2O_ppmv_1min
[from data line 1126]
67560,67620,427.18,1950.7,145.8,15118.4287
67620,67680,427.16,1950.3,144.9,15035.2109
67680,67740,426.79,1949.0,138.8,14704.7959
67740,67800,426.14,1947.6,133.6,14601.5811
67800,67860,426.24,1948.7,139.0,15593.9746
67860,67920,426.91,1949.4,145.7,16081.2285
67920,67980,427.11,1949.7,150.1,15983.8779
67980,68040,426.24,1950.9,150.2,16277.2314
68040,68100,426.52,1950.7,152.8,15590.1592
68100,68160,426.96,1950.5,159.6,15985.1641
68160,68220,426.64,1949.0,141.9,15071.7725
68220,68280,426.59,1948.5,138.3,14779.9434
68280,68340,426.55,1948.4,140.7,14805.5986
68340,68400,426.44,1948.3,138.0,14755.2676
68400,68460,426.47,1948.7,138.9,14876.1533
68460,68520,426.69,1952.6,141.7,14966.8848
68520,68580,426.66,1949.0,142.1,14906.4443
68580,68640,427.60,1951.8,151.6,15518.1699
68640,68700,427.14,1951.6,153.7,15770.3916
68700,68760,430.62,1952.5,160.5,15644.5117
68760,68820,429.31,1952.8,160.8,16116.0996
68820,68880,427.86,1952.4,161.2,15552.6182
68880,68940,426.97,1950.0,150.9,15197.5166
68940,69000,426.70,1950.0,146.5,15785.5615
69000,69060,426.95,1951.7,153.4,15936.6055
69060,69120,426.98,1952.0,150.9,15853.1592
69120,69180,426.45,1954.2,153.7,16913.9434
69180,69240,427.31,1955.6,157.5,16847.8438
69240,69300,426.76,1953.8,155.9,16691.5371
69300,69360,427.69,1956.1,160.2,16275.7305
69360,69420,428.15,1954.9,157.4,15748.8145
69420,69480,427.15,1954.1,154.7,16309.6025
69480,69540,427.13,1953.6,161.1,16252.8652
69540,69600,427.81,1954.0,167.7,16288.1719
69600,69660,426.72,1954.0,158.1,16680.6758
69660,69720,426.95,1955.4,159.9,16999.0703
69720,69780,427.46,1955.5,160.5,16835.9102
69780,69840,427.14,1954.5,158.2,16299.8369
69840,69900,427.23,1955.5,160.6,16527.5020
69900,69960,427.44,1955.7,163.6,16643.7051
69960,70020,429.23,1955.7,169.1,16233.5830
70020,70080,428.83,1954.9,163.4,15774.8701
70080,70140,428.10,1955.4,160.0,15988.4561
70140,70200,427.88,1956.1,162.1,16699.4902
70200,70260,429.09,1956.0,160.8,15853.3867
70260,70320,428.42,1955.2,158.1,15903.3594
70320,70380,427.35,1955.2,158.5,16530.4551
70380,70440,428.03,1955.9,159.0,16267.7432
70440,70500,427.91,1956.1,161.1,16464.5488
70500,70560,427.76,1956.3,161.2,16950.7363
70560,70620,428.38,1956.3,160.3,16081.0020
70620,70680,428.18,1956.4,157.5,16099.0342
70680,70740,429.16,1957.8,167.3,16051.3486
70740,70800,429.16,1964.3,165.0,16165.8047
70800,70860,429.39,1967.5,164.8,16026.5146
70860,70920,429.63,1966.9,161.6,15925.4131
70920,70980,429.36,1965.7,158.9,15744.3535
70980,71040,429.42,1967.5,164.4,16079.4766
71040,71100,429.41,1968.3,165.7,16209.2139
71100,71160,429.20,1965.1,162.5,15909.0293
71160,71220,429.27,1965.3,162.6,16037.9229
71220,71280,430.29,1965.4,167.0,16030.3574
71280,71340,430.22,1967.0,169.0,16235.6064
71340,71400,429.01,1966.1,167.5,16729.8418
71400,71460,427.97,1963.5,161.1,16700.5645
71460,71520,429.17,1960.2,163.2,16258.9824
71520,71580,428.34,1959.3,159.8,15980.5898
71580,71640,430.46,1960.2,163.8,15685.5215
71640,71700,430.57,1961.0,179.2,15704.2070
71700,71760,430.85,1960.7,175.4,15734.4873
71760,71820,430.40,1960.4,167.8,15827.2666
71820,71880,429.81,1960.4,162.3,15752.0586
71880,71940,429.47,1960.0,164.3,15696.7021
71940,72000,428.73,1960.0,161.3,15780.1563
72000,72060,428.64,1960.4,162.7,15871.7607
72060,72120,429.36,1961.6,164.4,15837.1670
72120,72180,432.73,1962.6,198.2,16536.4258
72180,72240,431.19,1962.1,170.9,16248.7695
72240,72300,431.91,1963.0,181.9,16499.6914
72300,72360,435.28,1961.9,202.2,16341.8896
72360,72420,430.08,1961.5,171.9,16000.4189
72420,72480,429.41,1970.1,164.7,15796.2783
72480,72540,429.51,1965.6,167.1,15742.6582
72540,72600,430.36,1963.9,181.6,16072.9102
72600,72660,429.01,1964.4,198.1,16630.7422
72660,72720,429.16,1965.2,170.8,16804.4824
72720,72780,430.02,1965.5,170.4,16703.2285
72780,72840,432.89,1966.7,176.1,16039.6865
72840,72900,430.19,1970.7,166.3,16012.8477
72900,72960,428.90,1971.5,164.7,16516.2461
72960,73020,428.42,1969.2,167.3,16929.8730
73020,73080,429.86,1968.6,181.5,16391.6445
73080,73140,429.22,1965.0,168.9,16594.4395
73140,73200,429.64,1965.6,171.8,16184.3340
73200,73260,428.98,1967.2,175.1,16729.6484
73260,73320,429.71,1967.8,172.5,16382.3652
73320,73380,429.99,1971.8,380.4,16564.9941
73380,73440,429.25,1967.9,186.7,16730.2363
73440,73500,429.53,1968.3,172.4,16320.7275
73500,73560,429.70,1969.6,166.1,15807.7471
73560,73620,429.51,1969.3,161.0,15767.2715
73620,73680,429.90,1969.4,164.0,15770.9316
73680,73740,429.20,1969.3,162.9,15734.4619
73740,73800,428.98,1969.3,159.7,15673.4678
73800,73860,428.92,1969.1,160.2,15716.3281
73860,73920,428.75,1969.1,159.8,16091.2510
73920,73980,429.12,1968.6,159.9,15833.5820
73980,74040,428.82,1968.5,160.6,15761.6270
74040,74100,429.13,1969.0,165.8,16509.1543
74100,74160,430.02,1969.0,168.0,16394.7207
74160,74220,429.04,1968.4,163.2,16014.1943
74220,74280,428.96,1968.5,163.3,15758.6475
74280,74340,428.02,1968.7,163.5,16512.9512
74340,74400,428.68,1967.7,164.0,15977.5918
74400,74460,431.39,1968.1,198.2,15729.8223
74460,74520,430.62,1968.0,171.0,15620.0596
74520,74580,430.88,1969.2,165.0,15712.4189
74580,74640,430.23,1970.4,166.4,16211.8125
74640,74700,429.28,1969.7,161.1,15703.9150
74700,74760,428.77,1969.7,162.3,15957.4932
74760,74820,428.14,1970.3,162.1,16578.3320
74820,74880,427.83,1973.2,163.4,16985.4805
74880,74940,428.70,1975.5,158.8,16154.1748
74940,75000,428.51,1972.6,155.2,15486.7471
75000,75060,428.37,1973.7,155.2,15795.6182
75060,75120,428.75,1973.1,152.1,15392.0107
75120,75180,428.19,1974.4,155.0,15692.9746
75180,75240,428.50,1977.3,157.1,15900.2754
75240,75300,428.55,1977.9,155.6,15935.1582
75300,75360,428.96,1979.2,157.9,16036.7041
75360,75420,429.28,1979.3,161.6,16190.1533
75420,75480,429.88,1979.5,164.6,15870.1709
75480,75540,429.61,1978.6,161.7,15849.5977
75540,75600,428.47,1976.9,159.9,16486.0391
75600,75660,428.71,1976.8,157.8,16522.9824
75660,75720,429.08,1976.4,159.2,16375.2666
75720,75780,428.76,1974.8,157.1,16087.1494
75780,75840,428.85,1975.5,160.2,16369.6094
75840,75900,428.97,1974.7,156.1,16198.1689
75900,75960,429.09,1973.9,154.7,15865.6250
75960,76020,428.34,1971.0,149.5,16280.4365
76020,76080,428.87,1971.5,168.1,16106.7520
76080,76140,429.68,1971.5,159.0,15633.8740
76140,76200,429.04,1969.2,150.0,15624.4658
76200,76260,428.82,1969.7,150.6,15709.7461
76260,76320,429.11,1969.0,153.7,15769.4287
76320,76380,428.16,1968.0,154.9,17237.3613
76380,76440,429.09,1966.2,159.4,17924.5684
76440,76500,429.10,1962.3,148.0,16375.4346
76500,76560,429.16,1962.2,151.6,16552.8711
76560,76620,428.57,1960.2,147.4,16128.5566
76620,76680,427.44,1959.4,140.8,16177.5156
76680,76740,428.60,1960.5,145.9,15579.4658
76740,76800,427.77,1960.4,148.0,16640.0762
76800,76860,426.86,1959.0,144.7,16979.5957
76860,76920,427.14,1957.6,141.1,16404.3789
76920,76980,426.36,1957.9,142.6,17218.6094
76980,77040,427.06,1955.6,137.5,16267.1250
77040,77100,426.59,1955.5,141.2,16883.7578
77100,77160,427.42,1954.0,141.0,15885.9688
77160,77220,426.68,1954.5,142.7,16429.1367
77220,77280,426.94,1953.8,141.7,16175.8291
77280,77340,426.50,1949.8,134.6,15034.8926
77340,77400,426.24,1947.6,131.9,14879.3926
77400,77460,426.33,1946.5,130.0,14523.0293
77460,77520,426.23,1948.0,131.2,15128.6719
77520,77580,426.62,1947.7,135.3,14993.7080
77580,77640,427.16,1946.2,131.3,14672.7012
77640,77700,427.99,1946.4,139.6,14674.5723
77700,77760,427.00,1947.1,133.0,14814.8135
77760,77820,427.05,1945.5,133.0,14653.3564
77820,77880,427.59,1946.1,134.5,14624.6094
77880,77940,428.19,1946.8,137.7,14451.3369
77940,78000,427.66,1946.5,133.4,14255.0791
78000,78060,426.65,1947.3,135.2,14918.9277
78060,78120,426.74,1947.6,131.5,14742.1377
78120,78180,426.18,1948.6,132.3,15144.8652
78180,78240,425.92,1948.9,131.9,15283.6748
78240,78300,425.84,1948.4,127.4,15241.0713
78300,78360,425.51,1949.1,131.0,15733.5928
78360,78420,425.45,1949.2,131.5,15791.9590
78420,78480,425.84,1948.9,138.9,15512.5801
78480,78540,427.52,1948.8,215.5,14777.3027
78540,78600,427.53,1948.9,239.8,15071.1982
78600,78660,426.88,1947.5,136.9,14698.1621
78660,78720,426.65,1947.1,129.6,14484.5430
78720,78780,426.97,1947.7,134.0,14911.2441
78780,78840,426.13,1948.0,132.9,15278.0137
78840,78900,426.24,1948.9,148.4,15622.4063
78900,78960,426.47,1948.5,136.2,15404.0381
78960,79020,426.34,1948.2,132.3,15548.4404
79020,79080,426.14,1947.5,132.4,15491.8555
79080,79140,426.31,1947.8,142.5,15502.9160
79140,79200,427.48,1947.4,133.0,15002.3867
79200,79260,427.37,1946.9,128.8,15370.0938
79260,79320,427.53,1946.5,131.3,14826.2314
79320,79380,430.47,1946.9,142.5,14256.7598
79380,79440,429.95,1947.3,138.0,15199.1689
79440,79500,427.85,1946.7,132.6,14287.1357
79500,79560,428.36,1947.5,137.3,15083.6094
79560,79620,428.73,1948.1,139.1,15195.0107
79620,79680,429.19,1948.2,144.8,14642.6279
79680,79740,430.28,1949.2,145.5,15042.9316
79740,79800,429.19,1948.9,140.2,14947.8877
79800,79860,428.53,1949.7,134.2,14629.1191
79860,79920,428.02,1950.1,135.2,14977.6201
79920,79980,427.22,1951.0,134.6,15351.2090
79980,80040,426.50,1951.6,132.9,15410.4805
80040,80100,426.64,1952.8,134.5,15529.8809
80100,80160,426.39,1953.1,137.0,15845.3877
80160,80220,426.43,1952.6,136.0,15820.2012
80220,80280,427.35,1952.9,142.2,15302.4297
80280,80340,427.90,1951.8,137.6,14874.8643
80340,80400,428.34,1951.8,137.0,14966.1650
80400,80460,427.34,1952.1,136.8,15352.7432
80460,80520,427.07,1952.5,135.4,15709.9453
80520,80580,427.63,1952.1,134.3,14629.7900
80580,80640,427.62,1952.1,133.0,14337.7451
80640,80700,427.81,1952.0,134.5,14003.1982
80700,80760,427.95,1952.2,135.1,13989.4648
80760,80820,428.14,1952.8,136.1,14147.6201
80820,80880,428.87,1953.4,142.6,14371.0371
80880,80940,429.09,1953.1,143.5,14157.5244
80940,81000,429.76,1953.2,145.7,14264.5029
81000,81060,429.18,1952.9,146.5,14155.6494
81060,81120,428.32,1953.1,133.5,14200.9639
81120,81180,428.25,1952.7,136.5,14373.5264
81180,81240,429.42,1952.3,138.5,14286.6631
81240,81300,428.14,1951.3,135.9,14078.9180
81300,81360,427.97,1951.3,133.8,14080.9277
81360,81420,428.49,1952.3,136.2,14355.8232
81420,81480,428.64,1952.0,139.3,14296.8457
81480,81540,429.38,1951.8,149.5,14227.5957
81540,81600,428.08,1949.8,137.6,14022.5205
81600,81660,427.26,1949.2,131.5,14013.6855
81660,81720,426.45,1949.6,131.7,14323.8486
81720,81780,426.99,1948.8,130.7,14527.5400
81780,81840,426.89,1947.3,130.2,13790.7285
81840,81900,428.15,1947.3,133.5,13462.3379
81900,81960,427.15,1947.7,130.8,14066.2920
81960,82020,426.30,1948.2,130.7,14231.0303
82020,82080,426.10,1947.9,127.3,13888.0332
82080,82140,426.18,1947.3,126.0,13931.3594
82140,82200,426.35,1947.2,126.5,13918.1914
82200,82260,426.55,1947.4,126.5,13956.2246
82260,82320,426.64,1947.7,127.4,13641.4766
82320,82380,427.60,1947.5,128.3,13262.9473
82380,82440,427.11,1948.5,127.8,14184.1787
82440,82500,426.97,1947.7,128.4,13879.4434
82500,82560,426.96,1947.2,126.4,13674.1504
82560,82620,427.38,1947.0,125.6,13274.0439
82620,82680,427.54,1947.0,126.1,13113.4844
82680,82740,429.11,1947.7,135.2,13278.9092
82740,82800,433.23,1948.5,162.6,13512.6973
82800,82860,438.48,1949.2,164.7,13827.6182
82860,82920,429.14,1948.3,136.7,13145.4434
82920,82980,428.70,1948.3,148.2,13577.9053
82980,83040,431.34,1948.9,205.0,13501.0410
83040,83100,428.54,1948.1,131.0,13095.6221
83100,83160,429.42,1948.7,139.1,13089.9385
83160,83220,429.55,1948.8,136.0,13042.6904
83220,83280,428.23,1948.1,130.0,13082.8486
83280,83340,428.08,1948.3,131.2,13187.8320
83340,83400,429.23,1948.4,133.7,13146.6494
83400,83460,428.69,1948.5,134.0,13180.3643
83460,83520,427.85,1948.4,133.1,13271.8574
83520,83580,433.69,1949.2,178.4,14487.1719
83580,83640,431.87,1949.1,162.9,13815.5498
83640,83700,435.15,1951.0,227.0,13762.8877
83700,83760,434.46,1950.8,190.4,13879.8281
83760,83820,430.28,1951.0,150.7,13617.7656
83820,83880,428.96,1950.8,136.8,13667.9678
83880,83940,429.50,1951.3,137.9,13635.2100
83940,84000,429.15,1952.2,133.8,13615.8076
84000,84060,428.66,1951.5,134.5,13701.0664
84060,84120,428.93,1951.7,137.7,13525.5557
84120,84180,428.31,1951.2,135.2,13413.8926
84180,84240,427.97,1950.9,135.0,13542.4336
84240,84300,428.24,1951.7,135.6,13560.7871
84300,84360,427.84,1952.3,137.9,14317.8896
84360,84420,429.34,1952.3,145.7,14921.4150
84420,84480,429.04,1952.9,150.8,14856.9883
84480,84540,429.31,1952.9,150.8,15360.5703
84540,84600,428.80,1953.8,152.4,14783.5039
84600,84660,429.33,1953.3,145.7,14050.8486
84660,84720,429.02,1953.7,139.6,14117.7969
84720,84780,428.33,1955.5,141.2,14404.1875
84780,84840,427.47,1954.5,133.1,14221.4922
84840,84900,427.26,1954.5,130.5,14355.2676
84900,84960,428.66,1956.3,132.7,13928.0000
84960,85020,427.63,1954.3,131.2,13808.3076
85020,85080,428.59,1955.4,134.3,14054.8447
85080,85140,429.47,1954.0,140.3,14013.9932
85140,85200,426.96,1954.9,133.3,14252.7178
85200,85260,427.21,1954.1,132.8,14180.9814
85260,85320,427.44,1953.4,133.6,14068.5234
85320,85380,427.46,1952.4,131.3,13201.7939
85380,85440,427.35,1952.6,131.9,13190.9365
85440,85500,427.27,1952.5,132.9,13140.4775
85500,85560,427.36,1952.7,131.9,13190.7070
85560,85620,427.15,1952.8,132.2,13489.9102
85620,85680,427.50,1953.0,138.5,14142.7158
85680,85740,430.67,1953.5,156.3,13948.6885
85740,85800,430.72,1954.9,157.4,15077.2412
85800,85860,430.68,1957.3,144.0,14719.1543
85860,85920,429.21,1958.1,141.4,14821.1748
85920,85980,429.81,1957.8,140.2,13867.8242
85980,86040,429.58,1957.6,138.5,13788.0830
86040,86100,429.34,1958.1,139.3,14106.3027
86100,86160,429.65,1957.1,138.1,14083.2520
86160,86220,429.10,1956.5,138.5,13365.8477
86220,86280,429.09,1956.6,139.1,13339.4414
86280,86340,429.15,1956.7,139.7,13356.9893
86340,86400,429.53,1957.0,142.3,13876.7676
