CampaignData_and_Merges/R0/CSL_MobileLab_Parked/raw/20240725/USOS-NOAAIodideCIMS-HNO3_MobileLabGround_20240725_RA.ict
33, 1001
Michael A Robinson, Chris Jernigan, Subi Thakali
NOAA ESRL Chemical Sciences Laboratory and CIRES, U. of Colorado
NOAA Iodide CIMS Instrument
USOS
1, 1
2024, 07, 25, 2024, 07, 26
1
starttime_UTC, seconds_past_midnight, seconds_of_day_since_00:00:00_UTC
1
1
-9999
HNO3_NOAACIMS, pptv, Gas_HNO3_InSitu_S_AVMR, 
0
18
PI_CONTACT_INFO: 325 Broadway, R/CSD 7, Boulder, Colorado 80305; michael.a.robinson@noaa.gov; chris.jernigan@noaa.gov;
PLATFORM: NOAA CSL Mobile Lab
LOCATION: SLC, Utah
ASSOCIATED_DATA: 1Hz data also available on request.
INSTRUMENT_INFO: NOAA I- ToF CIMS
DATA_INFO: All data in parts per trillion by volume (pptv). 1 Hz data is available upon request.
UNCERTAINTY: TBD
ULOD_FLAG: -7777
ULOD_VALUE: N/A
LLOD_FLAG: -8888
LLOD_VALUE: N/A
DM_CONTACT_INFO: Nathan Howard; nathan.h.howard@noaa.gov
PROJECT_INFO: USOS, summer 2024. https://csl.noaa.gov/groups/csl7/measurements/2024usos/
STIPULATIONS_ON_USE: Users are strongly encouraged to contact the PI for proper data usage.
OTHER_COMMENTS: 
REVISION: RA
RA: Preliminary Data; For in-field use only
starttime_UTC, HNO3_NOAACIMS
[from data line 1003]
 60180, 138.985
 60240, 143.183
 60300, 152.549
 60360, 153.077
 60420, 158.722
 60480, 167.273
 60540, 168.752
 60600, 178.554
 60660, 186.904
 60720, 194.701
 60780, 199.624
 60840, 199.154
 60900, 198.340
 60960, 200.970
 61020, 206.412
 61080, 211.164
 61140, 217.432
 61200, 218.036
 61260, 223.414
 61320, -9999.000
 61380, 209.196
 61440, 203.880
 61500, 204.234
 61560, 201.040
 61620, 201.525
 61680, 200.088
 61740, 212.566
 61800, 223.747
 61860, 241.131
 61920, 258.844
 61980, 284.954
 62040, 306.016
 62100, 314.276
 62160, 329.785
 62220, 357.256
 62280, 398.834
 62340, 443.413
 62400, 477.192
 62460, 500.517
 62520, 515.372
 62580, 505.217
 62640, 496.804
 62700, 482.294
 62760, 466.702
 62820, 462.107
 62880, 461.523
 62940, 465.172
 63000, 490.800
 63060, 506.888
 63120, 511.587
 63180, -9999.000
 63240, 494.059
 63300, 509.223
 63360, 499.978
 63420, 497.014
 63480, 489.615
 63540, 483.997
 63600, 488.939
 63660, 491.720
 63720, 464.815
 63780, 437.614
 63840, 417.004
 63900, 409.179
 63960, 416.504
 64020, 436.374
 64080, 450.968
 64140, 480.226
 64200, 497.513
 64260, 513.013
 64320, 510.729
 64380, -9999.000
 64440, 473.233
 64500, 483.735
 64560, 481.552
 64620, 487.381
 64680, 501.423
 64740, 502.758
 64800, 496.431
 64860, 491.061
 64920, 486.604
 64980, 487.136
 65040, 472.939
 65100, 461.199
 65160, 462.574
 65220, 469.306
 65280, 462.467
 65340, 450.271
 65400, 437.560
 65460, 435.470
 65520, 426.345
 65580, 425.265
 65640, 431.032
 65700, 424.938
 65760, 409.620
 65820, 409.034
 65880, 430.146
 65940, 443.665
 66000, 454.390
 66060, 471.053
 66120, 484.719
 66180, 471.736
 66240, 472.048
 66300, 467.805
 66360, 471.714
 66420, 474.217
 66480, 483.681
 66540, 491.168
 66600, 489.701
 66660, 478.808
 66720, 461.355
 66780, 460.534
 66840, 471.126
 66900, 473.354
 66960, 469.651
 67020, 462.636
 67080, 466.496
 67140, 461.497
 67200, 461.950
 67260, 473.550
 67320, 476.930
 67380, 469.857
 67440, 468.753
 67500, 461.660
 67560, 451.202
 67620, 450.058
 67680, 452.989
 67740, 456.480
 67800, 463.568
 67860, 471.542
 67920, 464.995
 67980, 458.364
 68040, -9999.000
 68100, 431.542
 68160, 436.833
 68220, 428.038
 68280, 430.033
 68340, 427.509
 68400, 434.274
 68460, 440.681
 68520, 437.742
 68580, 449.555
 68640, 486.120
 68700, 524.167
 68760, 537.689
 68820, 546.049
 68880, 560.449
 68940, 554.418
 69000, 533.554
 69060, 540.780
 69120, 550.874
 69180, 557.329
 69240, 552.012
 69300, 548.939
 69360, 508.695
 69420, 502.388
 69480, 533.923
 69540, 563.507
 69600, 557.495
 69660, 554.316
 69720, 532.228
 69780, 503.357
 69840, 514.413
 69900, 513.028
 69960, 531.372
 70020, 561.700
 70080, 596.665
 70140, 646.698
 70200, 656.162
 70260, 650.485
 70320, 672.702
 70380, 682.168
 70440, 657.992
 70500, 672.764
 70560, 672.875
 70620, 703.653
 70680, 750.385
 70740, 777.927
 70800, 761.978
 70860, 746.119
 70920, 740.692
 70980, 758.247
 71040, 755.316
 71100, 735.943
 71160, 732.052
 71220, 737.420
 71280, 766.525
 71340, 766.341
 71400, 718.981
 71460, 689.023
 71520, 685.163
 71580, 706.492
 71640, 768.001
 71700, 803.872
 71760, 693.430
 71820, 744.867
 71880, 806.170
 71940, 844.805
 72000, 893.135
 72060, 930.171
 72120, 974.486
 72180, 942.762
 72240, 927.398
 72300, 899.848
 72360, 854.885
 72420, 865.311
 72480, 909.609
 72540, 948.703
 72600, 967.707
 72660, 952.914
 72720, 966.137
 72780, 966.067
 72840, 962.150
 72900, 961.247
 72960, 931.922
 73020, 879.181
 73080, 848.284
 73140, 842.771
 73200, 865.113
 73260, 910.220
 73320, 965.563
 73380, 1002.695
 73440, 989.233
 73500, 934.936
 73560, 960.630
 73620, 917.643
 73680, 989.384
 73740, 1035.348
 73800, 1105.923
 73860, 1155.307
 73920, 1181.577
 73980, 1194.260
 74040, 1199.524
 74100, 1123.973
 74160, 1048.095
 74220, 1068.669
 74280, 1108.225
 74340, 1098.042
 74400, 1096.013
 74460, 1094.904
 74520, 1095.039
 74580, 1099.402
 74640, 1113.947
 74700, 1131.431
 74760, 1189.975
 74820, 1235.916
 74880, 1211.591
 74940, 1163.587
 75000, 1137.085
 75060, 1108.611
 75120, 1108.035
 75180, 1132.315
 75240, 1132.755
 75300, 1134.139
 75360, 1136.523
 75420, -9999.000
 75480, 1027.749
 75540, 1115.609
 75600, 1131.413
 75660, 1135.872
 75720, 1117.898
 75780, 1150.071
 75840, 1156.348
 75900, 1161.753
 75960, 1215.692
 76020, 1282.011
 76080, 1353.013
 76140, 1390.330
 76200, 1385.813
 76260, 1376.115
 76320, 1369.476
 76380, 1307.661
 76440, 1205.181
 76500, 1083.022
 76560, 1004.493
 76620, 984.123
 76680, 966.408
 76740, 983.605
 76800, 992.811
 76860, 943.957
 76920, 893.217
 76980, 890.430
 77040, 874.723
 77100, 869.555
 77160, 879.107
 77220, 891.137
 77280, -9999.000
 77340, 776.634
 77400, 793.136
 77460, 786.647
 77520, 782.966
 77580, 767.083
 77640, 772.927
 77700, 786.413
 77760, 784.567
 77820, 779.485
 77880, 785.190
 77940, 778.166
 78000, 772.995
 78060, 735.635
 78120, 721.226
 78180, 705.808
 78240, 672.017
 78300, 666.032
 78360, 662.987
 78420, 643.154
 78480, 616.993
 78540, 617.346
 78600, 626.928
 78660, 652.067
 78720, 684.611
 78780, 685.112
 78840, 670.737
 78900, 643.918
 78960, 626.904
 79020, 619.910
 79080, 626.289
 79140, -9999.000
 79200, 625.083
 79260, 678.588
 79320, 709.337
 79380, 737.059
 79440, 748.339
 79500, 752.298
 79560, 763.402
 79620, 704.788
 79680, 643.044
 79740, 613.091
 79800, 584.551
 79860, 576.865
 79920, 576.140
 79980, 586.197
 80040, 571.959
 80100, 564.308
 80160, 556.302
 80220, 549.614
 80280, 544.404
 80340, 566.899
 80400, 585.482
 80460, 577.371
 80520, 574.771
 80580, 574.612
 80640, 624.023
 80700, 676.170
 80760, 732.498
 80820, 760.634
 80880, 763.320
 80940, 772.468
 81000, -9999.000
 81060, 752.966
 81120, 800.709
 81180, 826.471
 81240, 844.496
 81300, 845.187
 81360, 858.740
 81420, 860.150
 81480, 860.452
 81540, 859.104
 81600, 815.334
 81660, 770.580
 81720, 727.930
 81780, 680.026
 81840, 652.854
 81900, 678.359
 81960, 662.538
 82020, 635.298
 82080, 618.188
 82140, 610.579
 82200, 591.985
 82260, 579.950
 82320, 573.894
 82380, 597.286
 82440, 602.383
 82500, 594.835
 82560, 595.818
 82620, 617.389
 82680, 644.574
 82740, 660.063
 82800, 651.641
 82860, -9999.000
 82920, 579.393
 82980, 601.074
 83040, 589.610
 83100, 583.554
 83160, 598.488
 83220, 602.649
 83280, 620.577
 83340, 637.580
 83400, 637.137
 83460, 639.494
 83520, 650.916
 83580, 609.743
 83640, 553.768
 83700, 526.349
 83760, 488.733
 83820, 511.114
 83880, 555.567
 83940, 580.170
 84000, 613.696
 84060, 649.863
 84120, 680.304
 84180, 697.550
 84240, 717.737
 84300, 736.233
 84360, 749.908
 84420, 745.610
 84480, 704.507
 84540, 647.160
 84600, 570.474
 84660, 527.047
 84720, 516.511
 84780, 536.643
 84840, 539.354
 84900, 540.720
 84960, 547.648
 85020, 570.623
 85080, 574.066
 85140, 576.797
 85200, 554.188
 85260, 557.113
 85320, 560.514
 85380, 586.926
 85440, 620.146
 85500, 642.967
 85560, 666.357
 85620, 678.932
 85680, 686.030
 85740, 678.385
 85800, 646.794
 85860, 614.272
 85920, 570.771
 85980, 553.870
 86040, 574.493
 86100, 599.117
 86160, 590.430
 86220, 621.156
 86280, 659.350
 86340, 679.839
