CampaignData_and_Merges/R0/CSL_MobileLab_Parked/raw/20240725/USOS-NOAAIodideCIMS-OrgNitrs_MobileLabGround_20240725_RA.ict
37, 1001
Michael A Robinson, Chris Jernigan, Subi Thakali
NOAA ESRL Chemical Sciences Laboratory and CIRES, U. of Colorado
NOAA Iodide CIMS Instrument
USOS
1, 1
2024, 07, 25, 2024, 07, 26
1
starttime_UTC, seconds_past_midnight, seconds_of_day_since_00:00:00_UTC
5
1, 1, 1, 1, 1
-9999, -9999, -9999, -9999, -9999
C4H7NO5_NOAACIMS, pptv, Gas_C4H7NO5_InSitu_S_AVMR, 
ISOPN_NOAACIMS, pptv, Gas_ISOPN_InSitu_S_AVMR, 
C5H10O3_NOAACIMS, pptv, Gas_C5H10O3_InSitu_S_AVMR, 
C5H9NO5_NOAACIMS, pptv, Gas_C5H9NO5_InSitu_S_AVMR, 
C10H17NO4_NOAACIMS, pptv, Gas_C10H17NO4_InSitu_S_AVMR, 
0
18
PI_CONTACT_INFO: 325 Broadway, R/CSD 7, Boulder, Colorado 80305; michael.a.robinson@noaa.gov; chris.jernigan@noaa.gov;
PLATFORM: NOAA CSL Mobile Lab
LOCATION: SLC, Utah
ASSOCIATED_DATA: 1Hz data also available on request.
INSTRUMENT_INFO: NOAA I- ToF CIMS
DATA_INFO: All data in parts per trillion by volume (pptv). 1 Hz data is available upon request.
UNCERTAINTY: TBD
ULOD_FLAG: -7777
ULOD_VALUE: N/A
LLOD_FLAG: -8888
LLOD_VALUE: N/A
DM_CONTACT_INFO: Nathan Howard; nathan.h.howard@noaa.gov
PROJECT_INFO: USOS, summer 2024. https://csl.noaa.gov/groups/csl7/measurements/2024usos/
STIPULATIONS_ON_USE: Users are strongly encouraged to contact the PI for proper data usage.
OTHER_COMMENTS: 
REVISION: RA
RA: Preliminary Data; For in-field use only
starttime_UTC, C4H7NO5_NOAACIMS, ISOPN_NOAACIMS, C5H10O3_NOAACIMS, C5H9NO5_NOAACIMS, C10H17NO4_NOAACIMS
[from data line 671]
 40260,  1.651,  1.114, 27.568,  3.551,  0.897
 40320,  1.658,  0.900, 27.740,  3.380,  0.848
 40380,  1.630,  1.298, 28.029,  3.438,  0.916
 40440,  1.687,  0.888, 27.845,  3.352,  0.924
 40500,  1.694,  1.017, 29.242,  3.456,  0.970
 40560,  1.648,  1.059, 28.639,  3.439,  0.959
 40620,  1.681,  1.006, 27.673,  3.281,  0.950
 40680,  1.722,  1.133, 27.844,  3.355,  0.985
 40740,  1.781,  1.177, 30.554,  3.497,  0.904
 40800,  1.756,  0.933, 30.155,  3.530,  0.873
 40860,  1.718,  0.928, 30.043,  3.624,  0.805
 40920,  1.704,  1.079, 31.728,  3.469,  0.855
 40980,  1.553,  1.110, 30.185,  4.096,  0.897
 41040,  1.568,  0.882, 26.525,  3.394,  0.850
 41100,  1.689,  0.706, 25.018,  3.326,  0.824
 41160,  1.686,  0.841, 24.823,  3.428,  0.824
 41220,  1.644,  1.042, 24.345,  3.347,  0.803
 41280,  1.645,  0.999, 24.431,  3.224,  0.789
 41340,  1.638,  1.019, 24.860,  3.308,  0.872
 41400,  1.713,  1.157, 27.853,  3.555,  0.945
 41460,  1.721,  0.937, 28.081,  3.425,  1.024
 41520,  1.694,  1.001, 27.985,  3.523,  1.022
 41580,  1.632,  1.026, 27.090,  3.548,  0.991
 41640,  1.650,  0.901, 27.507,  3.521,  0.932
 41700,  1.670,  1.084, 30.351,  3.469,  1.015
 41760,  1.631,  1.321, 32.009,  3.539,  0.993
 41820,  1.685,  1.221, 31.394,  3.441,  1.145
 41880,  1.648,  1.145, 30.993,  3.543,  0.953
 41940,  1.615,  1.183, 30.065,  3.458,  0.911
 42000,  1.490,  1.067, 25.060,  3.092,  0.671
 42060,  1.442,  1.090, 23.987,  3.091,  0.726
 42120,  1.398,  0.912, 23.767,  3.044,  0.611
 42180,  1.419,  1.065, 23.549,  3.030,  0.623
 42240,  1.412,  0.919, 23.053,  2.821,  0.702
 42300,  1.432,  1.147, 23.838,  2.925,  0.740
 42360,  1.477,  1.330, 24.700,  3.117,  0.658
 42420,  1.464,  1.045, 25.168,  3.133,  0.712
 42480,  1.457,  1.068, 23.625,  3.159,  0.611
 42540,  1.461,  1.156, 24.735,  3.087,  0.745
 42600,  1.498,  1.397, 26.209,  3.180,  0.805
 42660,  1.471,  1.410, 25.973,  3.298,  0.790
 42720,  1.534,  1.309, 26.378,  3.268,  0.729
 42780,  1.490,  1.529, 27.437,  3.431,  0.748
 42840, -9999.000, -9999.000, -9999.000, -9999.000, -9999.000
 42900,  1.413,  1.216, 21.890,  3.214,  0.776
 42960,  1.473,  1.041, 21.978,  3.072,  0.680
 43020,  1.454,  1.385, 24.331,  3.229,  0.876
 43080,  1.465,  1.347, 25.189,  3.301,  0.801
 43140,  1.469,  1.218, 24.362,  3.230,  0.735
 43200,  1.472,  1.284, 25.477,  3.252,  0.800
 43260,  1.452,  1.285, 25.301,  3.231,  0.798
 43320,  1.406,  1.212, 23.290,  3.197,  0.729
 43380,  1.430,  1.215, 23.489,  3.060,  0.699
 43440,  1.361,  1.335, 24.568,  3.149,  0.688
 43500,  1.405,  1.549, 24.883,  3.129,  0.722
 43560,  1.410,  1.370, 24.706,  3.095,  0.745
 43620,  1.405,  1.172, 24.751,  3.252,  0.702
 43680,  1.381,  1.229, 23.514,  3.048,  0.583
 43740,  1.402,  0.968, 23.556,  3.266,  0.658
 43800,  1.392,  1.227, 23.490,  3.133,  0.639
 43860,  1.388,  1.391, 23.336,  3.090,  0.560
 43920,  1.382,  1.378, 23.819,  3.048,  0.689
 43980,  1.354,  1.159, 23.195,  3.161,  0.607
 44040,  1.398,  1.329, 23.799,  3.083,  0.606
 44100,  1.419,  1.359, 25.337,  3.240,  0.551
 44160,  1.371,  1.219, 24.417,  3.138,  0.546
 44220,  1.434,  1.350, 24.133,  3.176,  0.646
 44280,  1.414,  1.531, 25.536,  3.265,  0.597
 44340,  1.389,  1.355, 24.528,  3.194,  0.670
 44400,  1.404,  1.323, 24.253,  3.084,  0.722
 44460,  1.386,  1.185, 24.013,  3.151,  0.638
 44520,  1.395,  1.113, 23.499,  3.147,  0.651
 44580,  1.440,  0.965, 23.541,  3.021,  0.609
 44640,  1.430,  1.139, 25.366,  3.402,  0.655
 44700, -9999.000, -9999.000, -9999.000, -9999.000, -9999.000
 44760,  1.376,  1.355, 23.658,  3.239,  0.712
 44820,  1.441,  1.267, 24.636,  3.173,  0.576
 44880,  1.466,  1.353, 25.336,  3.267,  0.635
 44940,  1.470,  1.248, 25.457,  3.219,  0.616
 45000,  1.484,  1.344, 24.312,  3.210,  0.702
 45060,  1.463,  1.159, 24.751,  3.033,  0.623
 45120,  1.499,  1.346, 26.098,  3.227,  0.804
 45180,  1.529,  1.238, 26.380,  3.259,  0.728
 45240,  1.505,  1.292, 24.420,  3.183,  0.676
 45300,  1.525,  1.173, 25.838,  3.058,  0.683
 45360,  1.547,  1.134, 24.972,  3.182,  0.711
 45420,  1.473,  1.230, 23.147,  2.980,  0.563
 45480,  1.513,  1.120, 23.920,  3.260,  0.557
 45540,  1.493,  1.268, 23.636,  3.120,  0.689
 45600,  1.530,  1.074, 25.693,  3.115,  0.629
 45660,  1.514,  1.240, 23.519,  3.245,  0.717
 45720,  1.564,  1.131, 24.096,  3.195,  0.615
 45780,  1.535,  1.014, 24.050,  3.231,  0.597
 45840,  1.532,  1.082, 24.162,  3.248,  0.646
 45900,  1.513,  1.047, 24.188,  2.980,  0.617
 45960,  1.574,  1.157, 23.998,  3.161,  0.665
 46020,  1.532,  1.193, 23.444,  3.319,  0.587
 46080,  1.564,  1.247, 24.709,  3.163,  0.644
 46140,  1.600,  1.295, 24.210,  3.060,  0.616
 46200,  1.598,  1.171, 24.329,  3.214,  0.596
 46260,  1.597,  1.283, 24.643,  3.262,  0.588
 46320,  1.553,  1.186, 23.314,  3.087,  0.699
 46380,  1.569,  1.333, 23.713,  3.101,  0.630
 46440,  1.594,  1.020, 22.063,  3.121,  0.531
 46500,  1.619,  1.289, 23.598,  2.959,  0.594
 46560, -9999.000, -9999.000, -9999.000, -9999.000, -9999.000
 46620,  1.577,  1.262, 21.524,  3.252,  0.545
 46680,  1.628,  1.241, 22.243,  3.219,  0.612
 46740,  1.584,  1.133, 23.421,  3.101,  0.562
 46800,  1.620,  1.235, 23.572,  3.249,  0.543
 46860,  1.662,  1.196, 24.451,  3.370,  0.711
 46920,  1.792,  1.846, 26.822,  3.571,  1.167
 46980,  1.783,  1.693, 25.693,  3.477,  0.928
 47040,  1.641,  1.294, 23.989,  3.448,  0.859
 47100,  1.715,  1.168, 24.585,  3.352,  0.735
 47160,  1.627,  1.113, 24.303,  3.254,  0.685
 47220,  1.580,  1.302, 23.623,  3.282,  0.752
 47280,  1.572,  1.180, 23.045,  3.202,  0.680
 47340,  1.582,  1.028, 22.383,  3.061,  0.525
 47400,  1.589,  1.032, 23.120,  3.205,  0.615
 47460,  1.578,  1.102, 22.042,  3.239,  0.542
 47520,  1.576,  1.155, 21.720,  3.023,  0.527
 47580,  1.578,  0.793, 20.783,  3.153,  0.481
 47640,  1.567,  1.034, 21.613,  3.103,  0.438
 47700,  1.553,  0.925, 20.102,  3.051,  0.412
 47760,  1.534,  0.733, 18.209,  3.165,  0.479
 47820,  1.572,  0.851, 20.478,  3.204,  0.493
 47880,  1.558,  0.914, 19.977,  3.152,  0.475
 47940,  1.549,  0.766, 19.908,  3.174,  0.415
 48000,  1.538,  0.883, 21.124,  3.229,  0.469
 48060,  1.624,  1.013, 21.811,  3.148,  0.419
 48120,  1.597,  0.680, 20.149,  3.153,  0.327
 48180,  1.562,  0.662, 19.994,  3.236,  0.449
 48240,  1.550,  0.896, 20.668,  3.212,  0.423
 48300,  1.516,  0.705, 21.222,  3.170,  0.314
 48360,  1.575,  0.732, 21.467,  3.173,  0.396
 48420,  1.570,  0.439, 21.186,  3.379,  0.434
 48480,  1.543,  0.678, 20.398,  3.233,  0.467
 48540,  1.545,  0.645, 19.318,  3.290,  0.558
 48600,  1.537,  0.906, 22.336,  3.109,  0.696
 48660,  1.578,  0.805, 21.617,  3.243,  0.511
 48720,  1.566,  0.947, 18.853,  3.121,  0.429
 48780,  1.542,  0.925, 20.687,  3.175,  0.420
 48840,  1.623,  0.669, 20.509,  3.310,  0.453
 48900,  1.611,  0.724, 21.686,  3.228,  0.520
 48960,  1.575,  0.928, 20.406,  3.299,  0.404
 49020,  1.607,  0.858, 20.604,  3.317,  0.661
 49080,  1.617,  1.099, 21.101,  3.417,  0.646
 49140,  1.655,  0.965, 22.011,  3.380,  0.826
 49200,  1.607,  0.731, 19.729,  3.319,  0.735
 49260,  1.610,  0.906, 20.730,  3.288,  0.841
 49320,  1.609,  0.915, 19.633,  3.388,  0.690
 49380,  1.618,  1.141, 20.720,  3.357,  0.654
 49440,  1.694,  1.055, 23.758,  3.423,  0.588
 49500,  1.743,  1.146, 23.961,  3.630,  0.585
 49560,  1.701,  1.263, 22.838,  3.590,  0.543
 49620,  1.723,  1.223, 24.627,  3.630,  0.720
 49680,  1.758,  1.142, 24.274,  3.542,  0.678
 49740,  1.741,  1.092, 24.635,  3.732,  0.600
 49800,  1.792,  1.476, 25.716,  3.785,  0.761
 49860,  1.799,  1.448, 25.912,  3.747,  0.789
 49920,  1.826,  1.141, 26.277,  3.554,  0.789
 49980,  1.770,  1.542, 26.631,  3.724,  0.780
 50040,  1.818,  1.189, 26.456,  3.755,  0.687
 50100,  1.845,  1.289, 27.871,  3.748,  0.812
 50160,  1.812,  1.304, 28.105,  3.790,  0.706
 50220, -9999.000, -9999.000, -9999.000, -9999.000, -9999.000
 50280,  1.725,  1.253, 23.770,  3.566,  0.701
 50340,  1.769,  1.591, 23.919,  3.838,  0.772
 50400,  1.843,  1.570, 25.787,  3.780,  0.816
 50460,  1.823,  1.508, 26.737,  3.952,  0.772
 50520,  1.841,  1.489, 25.144,  3.835,  0.783
 50580,  1.825,  1.677, 26.699,  3.906,  0.765
 50640,  1.813,  1.700, 26.695,  3.926,  0.848
 50700,  1.839,  1.370, 26.711,  3.762,  0.706
 50760,  1.889,  1.419, 26.658,  3.875,  0.801
 50820,  1.895,  1.415, 26.204,  3.791,  0.783
 50880,  1.894,  1.841, 26.748,  3.909,  0.771
 50940,  1.910,  1.486, 27.752,  3.956,  0.840
 51000,  2.020,  1.723, 30.285,  4.225,  0.805
 51060,  2.052,  1.694, 31.532,  4.352,  0.808
 51120,  2.189,  1.847, 33.230,  4.547,  0.857
 51180,  2.237,  1.886, 31.929,  4.653,  0.837
 51240,  2.339,  2.011, 33.950,  4.794,  0.800
 51300,  2.448,  2.120, 35.156,  5.245,  0.805
 51360,  2.519,  2.050, 36.870,  5.177,  0.864
 51420,  2.545,  2.208, 37.143,  5.256,  0.860
 51480,  2.485,  1.936, 36.626,  5.254,  0.907
 51540,  2.452,  2.045, 34.977,  5.098,  0.960
 51600,  2.584,  1.891, 36.817,  5.003,  1.013
 51660,  2.531,  2.230, 35.865,  5.074,  1.028
 51720,  2.471,  2.410, 35.350,  5.316,  1.017
 51780,  2.570,  2.331, 36.592,  5.167,  1.087
 51840,  2.518,  2.517, 36.841,  5.008,  1.119
 51900,  2.417,  2.457, 34.996,  5.048,  1.013
 51960,  2.478,  2.251, 34.315,  4.918,  1.084
 52020,  2.476,  2.521, 35.718,  5.109,  1.062
 52080, -9999.000, -9999.000, -9999.000, -9999.000, -9999.000
 52140,  2.360,  2.399, 33.129,  4.871,  0.946
 52200,  2.382,  2.427, 33.467,  4.897,  0.894
 52260,  2.380,  2.222, 33.476,  5.023,  1.039
 52320,  2.440,  2.715, 35.617,  4.927,  0.957
 52380,  2.469,  2.504, 36.666,  5.151,  1.119
 52440,  2.440,  2.750, 35.174,  5.057,  1.014
 52500,  2.472,  2.720, 36.375,  5.055,  1.122
 52560,  2.526,  2.751, 35.316,  5.121,  0.977
 52620,  2.521,  2.936, 36.578,  5.089,  1.091
 52680,  2.599,  2.740, 37.642,  5.001,  1.055
 52740,  2.593,  3.171, 42.684,  5.553,  1.136
 52800,  2.578,  2.842, 40.282,  5.215,  1.159
 52860,  2.622,  2.722, 42.173,  5.348,  1.114
 52920,  2.631,  3.016, 41.944,  5.151,  1.091
 52980,  2.678,  2.964, 43.465,  5.375,  1.127
 53040,  2.592,  2.926, 41.489,  5.310,  1.076
 53100,  2.702,  3.128, 43.528,  5.444,  1.170
 53160,  2.707,  2.871, 47.159,  5.636,  1.199
 53220,  2.676,  3.236, 45.001,  5.451,  1.221
 53280,  2.752,  3.167, 43.478,  5.491,  1.053
 53340,  2.688,  3.180, 42.407,  5.559,  1.135
 53400,  2.674,  2.971, 41.578,  5.272,  1.050
 53460,  2.684,  3.074, 40.641,  5.368,  1.078
 53520,  2.680,  2.873, 41.413,  5.324,  1.032
 53580,  2.713,  3.072, 42.028,  5.524,  0.913
 53640,  2.643,  3.056, 39.036,  5.347,  1.081
 53700,  2.708,  3.163, 40.007,  5.377,  1.103
 53760,  2.860,  3.476, 42.995,  5.490,  1.057
 53820,  3.057,  3.420, 47.712,  5.723,  1.210
 53880,  3.024,  3.455, 46.653,  5.958,  1.134
 53940, -9999.000, -9999.000, -9999.000, -9999.000, -9999.000
 54000,  2.800,  3.277, 41.133,  5.591,  1.022
 54060,  2.955,  3.741, 43.840,  5.886,  1.039
 54120,  3.103,  3.956, 48.275,  6.283,  1.157
 54180,  3.201,  4.113, 52.212,  6.555,  1.234
 54240,  3.245,  4.277, 53.023,  6.539,  1.140
 54300,  3.170,  4.182, 49.590,  6.392,  1.329
 54360,  3.225,  3.943, 48.168,  6.503,  1.101
 54420,  3.287,  4.249, 47.743,  6.457,  1.376
 54480,  3.324,  4.289, 48.708,  6.618,  1.281
 54540,  3.331,  4.777, 49.041,  6.845,  1.350
 54600,  3.280,  4.274, 48.075,  6.678,  1.285
 54660,  3.297,  4.229, 46.975,  6.607,  1.253
 54720,  3.202,  4.085, 47.164,  6.365,  1.293
 54780,  3.326,  4.132, 47.782,  6.658,  1.387
 54840,  3.335,  4.066, 47.156,  6.912,  1.258
 54900,  3.397,  4.251, 49.606,  6.980,  1.358
 54960,  3.432,  4.264, 52.094,  7.114,  1.321
 55020,  3.534,  4.800, 54.247,  7.058,  1.385
 55080,  3.449,  4.118, 53.301,  7.016,  1.422
 55140,  3.343,  4.426, 48.015,  6.870,  1.360
 55200,  3.334,  4.140, 46.238,  6.530,  1.309
 55260,  3.356,  4.051, 43.877,  6.743,  1.188
 55320,  3.379,  4.432, 45.707,  6.706,  1.308
 55380,  3.446,  4.564, 43.554,  6.533,  1.146
 55440,  3.514,  4.281, 45.073,  6.537,  1.158
 55500,  3.520,  4.687, 45.187,  6.869,  1.228
 55560,  3.607,  4.839, 44.113,  7.021,  1.243
 55620,  3.580,  5.081, 45.867,  6.680,  1.249
 55680,  3.619,  5.522, 46.253,  7.120,  1.397
 55740,  3.662,  5.738, 44.560,  6.928,  1.547
 55800,  3.521,  4.972, 40.150,  6.019,  1.314
 55860,  3.612,  5.592, 40.930,  7.061,  1.361
 55920,  3.616,  5.417, 43.798,  7.262,  1.397
 55980,  3.639,  5.859, 44.305,  7.108,  1.422
 56040,  3.639,  5.709, 43.851,  7.202,  1.426
 56100,  3.733,  6.004, 43.142,  7.183,  1.364
 56160,  3.669,  6.237, 42.489,  7.506,  1.320
 56220,  3.733,  6.459, 43.697,  7.289,  1.463
 56280,  3.638,  5.838, 44.316,  7.070,  1.331
 56340,  3.648,  5.666, 43.514,  7.061,  1.227
 56400,  3.718,  6.524, 42.401,  7.314,  1.443
 56460,  3.637,  6.047, 43.311,  7.259,  1.619
 56520,  3.671,  6.416, 41.445,  7.032,  1.404
 56580,  3.734,  6.243, 45.011,  7.529,  1.434
 56640,  3.605,  5.414, 43.717,  6.994,  1.338
 56700,  3.644,  6.076, 42.209,  6.996,  1.322
 56760,  3.709,  6.710, 44.021,  7.321,  1.472
 56820,  3.707,  6.622, 46.096,  7.254,  1.362
 56880,  3.853,  6.878, 44.828,  7.325,  1.579
 56940,  3.823,  7.148, 46.466,  7.397,  1.386
 57000,  3.815,  7.537, 46.713,  7.676,  1.549
 57060,  3.825,  7.937, 47.266,  7.615,  1.578
 57120,  3.791,  7.812, 47.970,  7.424,  1.730
 57180,  3.904,  8.477, 47.794,  7.489,  1.781
 57240,  3.843,  8.589, 47.614,  7.540,  1.651
 57300,  3.850,  8.634, 48.047,  7.811,  1.778
 57360,  3.823,  8.569, 48.642,  7.763,  1.774
 57420,  3.959,  8.448, 48.799,  7.597,  1.805
 57480,  3.959,  8.672, 48.510,  7.802,  1.851
 57540,  3.964,  8.776, 48.024,  7.469,  1.724
 57600,  4.024,  9.160, 48.052,  7.299,  1.528
 57660,  3.920,  8.698, 44.068,  7.449,  1.447
 57720,  3.961,  9.584, 43.679,  7.645,  1.510
 57780,  4.138,  9.540, 45.782,  7.520,  1.625
 57840,  4.127,  9.855, 47.454,  8.127,  1.692
 57900,  4.060, 10.127, 47.061,  7.796,  1.821
 57960,  4.198, 10.029, 48.801,  7.834,  1.841
 58020,  4.036,  9.759, 46.269,  7.778,  1.713
 58080,  4.068, 10.079, 45.169,  7.739,  1.709
 58140,  4.131, 10.450, 45.410,  8.007,  1.685
 58200,  4.058, 10.800, 44.844,  7.460,  1.469
 58260,  4.160, 11.795, 44.271,  7.821,  1.685
 58320,  4.255, 12.270, 49.098,  7.661,  1.636
 58380,  4.382, 13.319, 49.024,  8.091,  1.632
 58440,  4.401, 13.409, 49.018,  8.035,  1.540
 58500,  4.351, 13.706, 49.026,  7.996,  1.636
 58560,  4.380, 14.109, 49.093,  8.050,  1.621
 58620,  4.312, 12.644, 47.067,  7.820,  1.470
 58680,  4.384, 13.948, 47.668,  7.945,  1.629
 58740,  4.510, 15.389, 47.170,  8.325,  1.632
 58800,  4.499, 16.341, 50.036,  8.161,  1.421
 58860,  4.513, 15.967, 49.281,  8.479,  1.438
 58920,  4.549, 17.016, 50.194,  8.115,  1.630
 58980,  4.482, 17.713, 51.712,  8.050,  1.457
 59040,  4.426, 18.353, 52.663,  8.156,  1.418
 59100,  4.597, 19.022, 52.068,  8.156,  1.477
 59160,  4.394, 19.705, 52.077,  8.336,  1.321
 59220,  4.435, 20.245, 54.665,  8.250,  1.395
 59280,  4.572, 20.596, 53.822,  8.073,  1.345
 59340,  4.618, 21.131, 53.644,  8.394,  1.368
 59400,  4.573, 20.963, 53.888,  8.200,  1.391
 59460,  4.593, 20.189, 53.555,  7.926,  1.526
 59520,  4.598, 22.044, 51.398,  8.169,  1.283
 59580,  4.492, 21.444, 51.960,  8.120,  1.362
 59640,  4.609, 21.765, 52.379,  8.376,  1.318
 59700,  4.443, 20.939, 51.210,  8.142,  1.293
 59760,  4.428, 21.361, 51.824,  8.226,  1.306
 59820,  4.428, 21.164, 49.578,  8.000,  1.258
 59880,  4.387, 21.297, 55.076,  8.023,  1.382
 59940,  4.520, 22.565, 53.782,  7.990,  1.431
 60000,  4.291, 20.157, 50.259,  7.786,  1.111
 60060,  4.220, 20.069, 50.618,  7.755,  1.259
 60120,  4.260, 20.200, 51.719,  7.557,  1.142
 60180,  4.272, 20.426, 50.779,  7.604,  1.137
 60240,  4.140, 20.052, 51.418,  7.406,  1.170
 60300,  4.185, 20.270, 50.248,  7.482,  1.086
 60360,  4.243, 20.148, 49.352,  7.557,  1.119
 60420,  4.083, 19.645, 48.512,  7.387,  1.165
 60480,  4.258, 20.963, 48.579,  7.842,  1.173
