CampaignData_and_Merges/R0/CSL_MobileLab_Parked/raw/20240725/USOS-jNO2_MobileLabGround_20240725_R0.ict
52,1001
Waxman, E.; Rollins, A.; Zuraski, K.; Chace, W.
NOAA Chemical Sciences Laboratory
jNO2 filter radiometer on CSL Mobile Lab
AMMBEC / USOS
1, 1
2024,07,25, 2025,04,01
60
Time_Start, seconds, number_of_seconds_since_0000_UTC
20
1, 1, 1, 1, 1, 1, 1, 1, 1, 1, 1, 1, 1, 1, 1, 1, 1, 1, 1, 1
-9999, -9999, -9999, -9999, -9999, -9999, -9999, -9999, -9999, -9999, -9999, -9999, -9999, -9999, -9999, -9999, -9999, -9999, -9999, -9999
Time_Stop, seconds, number_of_seconds_since_0000_UTC
jNO2_meas, per second, photolysis rate of NO2 measured using a filter radiometer.
jBrCl, per second, photolysis rate of BrCl -> Br + Cl calculated in TUV for cloud-free sky with local AOD
jBr2, per second, photolysis rate of Br2 -> Br + Br calculated in TUV for cloud-free sky with local AOD
jCCl4, per second, photolysis rate of CCl4 -> Products calcualted in TUV for cloud-free sky with local AOD
jCH2Oa, per second, photolysis rate of CH2O -> H + HCO calculated in TUV for cloud-free sky with local AOD
jCH2Ob, per second, photolysis rate of CH2O -> H2 + CO calculated in TUV for cloud-free sky with local AOD
jClNO2, per second, photolysis rate of ClNO2 -> Cl + NO2 calculated in TUV for cloud-free sky with local AOD
jClOa, per second, photolysis rate of ClO -> Cl + O(1D) calculated in TUV for cloud-free sky with local AOD
jClOb, per second, photolysis rate of ClO -> Cl + O(3P) calculated in TUV for cloud-free sky with local AOD
jCl2, per second, photolysis rate of Cl2 -> Cl + Cl calculated in TUV for cloud-free sky with local AOD
jHNO2, per second, photolysis rate of HNO2 -> OH + NO calculated in TUV for cloud-free sky with local AOD
jHNO3, per second, photolysis rate of HNO3 -> OH + NO2 calculated in TUV for cloud-free sky with local AOD
jI2, per second, photolysis rate of I2 -> I + I calculated in TUV for cloud-free sky with local AOD
jNO2, per second, photolysis rate of NO2 -> NO + O(3P) calculated in TUV for cloud-free sky with local AOD
jNO3a, per second, photolysis rate of NO3 -> NO + O2 calculated in TUV for cloud-free sky with local AOD
jNO3b, per second, photolysis rate of NO3 -> NO2 + O(3P) calculated in TUV for cloud-free sky with local AOD
jN2O5, per second, photolysis rate of N2O5 -> NO3 + NO + O(3P) calculated in TUV for cloud-free sky with local AOD
jO3, per second, photolysis rate of O3 -> O2 + O(1D) calculated in TUV for cloud-free sky with local AOD
AOD_500nm, unitless, UTC daily mean AOD at 500 nm from an AERONET station located at 40.178 N, -112.452 E
0
18
PI_CONTACT_INFO: eleanor.waxman@noaa.gov
PLATFORM: CSL Mobile Lab, at ground site
LOCATION: Salt Lake City, UT
ASSOCIATED_DATA:
INSTRUMENT_INFO: jNO2 filter radiometer.  TUV calculations are for mobile van lat/lon/altitude assuming clear sky (cloud AOD = 0) and daily mean AOD.
DATA_INFO:
UNCERTAINTY: Data uncertainties are +/- 20%.  These come from uncertainties in radiometer angular response, radiometer thermal response, local interferences from clouds/aerosols/shadows etc.
ULOD_FLAG: -7777
ULOD_VALUE: N/A
LLOD_FLAG: -8888
LLOD_VALUE: N/A
DM_CONTACT_INFO: eleanor.waxman@noaa.gov
PROJECT_INFO: USOS Project, July - August 2024
STIPULATIONS_ON_USE: Users are strongly encouraged to contact the PI for proper data usage.
OTHER_COMMENTS: 
REVISION: R0
R0: final data
Time_Start, Time_Stop, jNO2_meas, jBrCl, jBr2, jCCl4, jCH2Oa, jCH2Ob, jClNO2, jClOa, jClOb, jCl2, jHNO2, jHNO3, jI2, jNO2, jNO3a, jNO3b, jN2O5, jO3, AOD_500nm
[from data line 84]
    5040,    5100,0.0014295,0.004378,0.01567,5.589e-26,4.309e-06,9.802e-06,0.0001035,2.063e-26,1.854e-06,0.0006278,0.0004435,5.052e-08,0.06455,0.002996,0.01362,0.1031,8.181e-06,1.16e-06,0.074
    5100,    5160,0.0014061,0.004319,0.0155,5.503e-26,4.202e-06,9.597e-06,0.0001014,2.033e-26,1.791e-06,0.0006166,0.0004357,4.916e-08,0.06397,0.002946,0.01352,0.1023,8.013e-06,1.122e-06,0.074
    5160,    5220,0.0013871,0.004263,0.01533,5.422e-26,4.103e-06,9.405e-06,9.951e-05,2.004e-26,1.734e-06,0.000606,0.0004283,4.789e-08,0.06342,0.0029,0.01342,0.1014,7.855e-06,1.088e-06,0.074
    5220,    5280,0.0013726,0.004204,0.01515,5.338e-26,3.999e-06,9.202e-06,9.747e-05,1.974e-26,1.675e-06,0.0005948,0.0004204,4.656e-08,0.06282,0.00285,0.01332,0.1005,7.689e-06,1.052e-06,0.074
    5280,    5340,0.0013817,0.004143,0.01496,5.254e-26,3.896e-06,9.001e-06,9.543e-05,1.944e-26,1.617e-06,0.0005836,0.0004126,4.526e-08,0.06222,0.0028,0.01321,0.09963,7.523e-06,1.018e-06,0.074
    5340,    5400,0.0013696,0.004086,0.01479,5.176e-26,3.8e-06,8.812e-06,9.353e-05,1.916e-26,1.563e-06,0.0005731,0.0004052,4.405e-08,0.06164,0.002753,0.01311,0.09877,7.368e-06,9.857e-07,0.074
    5400,    5460,0.0013529,0.004025,0.01461,5.095e-26,3.7e-06,8.614e-06,9.153e-05,1.887e-26,1.508e-06,0.0005619,0.0003973,4.279e-08,0.06102,0.002702,0.013,0.09783,7.205e-06,9.527e-07,0.074
    5460,    5520,0.0013189,0.003961,0.01441,5.01e-26,3.599e-06,8.411e-06,8.946e-05,1.853e-26,1.454e-06,0.0005504,0.0003891,4.154e-08,0.06036,0.00265,0.01289,0.09685,7.038e-06,9.204e-07,0.074
    5520,    5580,0.0012862,0.003901,0.01422,4.931e-26,3.502e-06,8.219e-06,8.752e-05,1.83e-26,1.402e-06,0.0005395,0.0003815,4.033e-08,0.05973,0.002601,0.01278,0.09589,6.88e-06,8.896e-07,0.074
    5580,    5640,0.0012585,0.003839,0.01403,4.777e-26,3.405e-06,8.025e-06,8.554e-05,1.771e-26,1.35e-06,0.0005285,0.0003737,3.912e-08,0.05908,0.002551,0.01266,0.0949,6.72e-06,8.578e-07,0.074
    5640,    5700,0.0012349,0.003776,0.01384,4.778e-26,3.311e-06,7.833e-06,8.359e-05,1.775e-26,1.301e-06,0.0005175,0.0003659,3.795e-08,0.05842,0.002501,0.01255,0.09391,6.562e-06,8.286e-07,0.074
    5700,    5760,0.0012223,0.003717,0.01365,4.703e-26,3.223e-06,7.655e-06,8.176e-05,1.748e-26,1.256e-06,0.0005071,0.0003586,3.688e-08,0.05779,0.002453,0.01244,0.09296,6.415e-06,8.016e-07,0.074
    5760,    5820,0.0012166,0.003654,0.01345,4.627e-26,3.132e-06,7.467e-06,7.984e-05,1.72e-26,1.209e-06,0.0004962,0.0003509,3.575e-08,0.05711,0.002403,0.01231,0.09193,6.26e-06,7.736e-07,0.074
    5820,    5880,0.0012078,0.003591,0.01325,4.552e-26,3.041e-06,7.28e-06,7.792e-05,1.693e-26,1.164e-06,0.0004853,0.0003432,3.465e-08,0.05642,0.002353,0.01219,0.09089,6.106e-06,7.464e-07,0.074
    5880,    5940,0.0011736,0.003533,0.01307,4.487e-26,2.958e-06,7.111e-06,7.619e-05,1.67e-26,1.123e-06,0.0004754,0.0003362,3.364e-08,0.05577,0.002307,0.01208,0.08991,5.966e-06,7.217e-07,0.074
    5940,    6000,0.0011281,0.00347,0.01287,4.413e-26,2.874e-06,6.935e-06,7.436e-05,1.643e-26,1.081e-06,0.0004649,0.0003287,3.261e-08,0.05508,0.002258,0.01195,0.08885,5.819e-06,6.964e-07,0.074
    6000,    6060,0.0011014,0.003405,0.01266,4.34e-26,2.788e-06,6.754e-06,7.249e-05,1.617e-26,1.039e-06,0.0004541,0.000321,3.157e-08,0.05436,0.002208,0.01182,0.08777,5.669e-06,6.715e-07,0.074
    6060,    6120,0.0010901,0.003344,0.01247,4.272e-26,2.708e-06,6.586e-06,7.075e-05,1.592e-26,1.001e-06,0.000444,0.0003138,3.061e-08,0.05367,0.002161,0.0117,0.08672,5.53e-06,6.485e-07,0.074
    6120,    6180,0.0010584,0.003278,0.01225,4.2e-26,2.625e-06,6.409e-06,6.891e-05,1.567e-26,9.621e-07,0.0004333,0.0003062,2.961e-08,0.05292,0.002111,0.01156,0.08559,5.383e-06,6.248e-07,0.074
    6180,    6240,0.001016,0.003213,0.01204,4.129e-26,2.543e-06,6.235e-06,6.709e-05,1.541e-26,9.241e-07,0.0004227,0.0002987,2.863e-08,0.05216,0.002061,0.01143,0.08443,5.238e-06,6.017e-07,0.074
    6240,    6300,0.00097655,0.003151,0.01184,4.063e-26,2.468e-06,6.072e-06,6.54e-05,1.517e-26,8.893e-07,0.0004128,0.0002916,2.773e-08,0.05144,0.002014,0.0113,0.08333,5.103e-06,5.806e-07,0.074
    6300,    6360,0.00095188,0.003085,0.01162,3.993e-26,2.388e-06,5.902e-06,6.362e-05,1.492e-26,8.534e-07,0.0004023,0.0002842,2.679e-08,0.05066,0.001964,0.01115,0.08214,4.961e-06,5.588e-07,0.074
    6360,    6420,0.00092535,0.003018,0.0114,3.924e-26,2.311e-06,5.734e-06,6.186e-05,1.467e-26,8.188e-07,0.0003919,0.0002768,2.587e-08,0.04987,0.001915,0.01101,0.08093,4.821e-06,5.377e-07,0.074
    6420,    6480,0.00090025,0.002956,0.01119,3.86e-26,2.24e-06,5.579e-06,6.022e-05,1.444e-26,7.873e-07,0.0003822,0.0002698,2.503e-08,0.04911,0.001868,0.01087,0.07978,4.691e-06,5.184e-07,0.074
    6480,    6540,0.00087258,0.002889,0.01097,3.793e-26,2.165e-06,5.416e-06,5.85e-05,1.42e-26,7.548e-07,0.000372,0.0002625,2.415e-08,0.0483,0.001819,0.01072,0.07853,4.555e-06,4.986e-07,0.074
    6540,    6600,0.00085068,0.002822,0.01075,3.726e-26,2.093e-06,5.256e-06,5.681e-05,1.395e-26,7.234e-07,0.0003619,0.0002553,2.33e-08,0.04747,0.001771,0.01057,0.07727,4.421e-06,4.793e-07,0.074
    6600,    6660,0.00082648,0.002759,0.01053,3.663e-26,2.025e-06,5.107e-06,5.523e-05,1.373e-26,6.948e-07,0.0003524,0.0002486,2.251e-08,0.04668,0.001725,0.01042,0.07605,4.296e-06,4.617e-07,0.074
    6660,    6720,0.00080402,0.002692,0.0103,3.597e-26,1.956e-06,4.951e-06,5.358e-05,1.349e-26,6.655e-07,0.0003424,0.0002415,2.17e-08,0.04583,0.001677,0.01027,0.07475,4.165e-06,4.437e-07,0.074
    6720,    6780,0.00077827,0.002624,0.01007,3.531e-26,1.887e-06,4.799e-06,5.195e-05,1.325e-26,6.372e-07,0.0003326,0.0002344,2.091e-08,0.04497,0.001629,0.01011,0.07342,4.037e-06,4.262e-07,0.074
    6780,    6840,0.00075511,0.002561,0.009855,3.47e-26,1.825e-06,4.657e-06,5.044e-05,1.303e-26,6.115e-07,0.0003234,0.0002279,2.018e-08,0.04415,0.001584,0.009952,0.07216,3.918e-06,4.103e-07,0.074
    6840,    6900,0.00074677,0.002494,0.009622,3.406e-26,1.759e-06,4.51e-06,4.886e-05,1.28e-26,5.851e-07,0.0003138,0.000221,1.943e-08,0.04326,0.001537,0.009785,0.07079,3.793e-06,3.939e-07,0.074
    6900,    6960,0.0007254,0.002426,0.009387,3.343e-26,1.696e-06,4.365e-06,4.731e-05,1.257e-26,5.596e-07,0.0003042,0.0002142,1.87e-08,0.04237,0.00149,0.009616,0.06941,3.671e-06,3.78e-07,0.074
    6960,    7020,0.00071199,0.002363,0.009164,3.283e-26,1.637e-06,4.231e-06,4.587e-05,1.235e-26,5.364e-07,0.0002954,0.0002079,1.802e-08,0.04151,0.001447,0.009453,0.06808,3.557e-06,3.636e-07,0.074
    7020,    7080,0.00069185,0.002296,0.008926,3.221e-26,1.576e-06,4.091e-06,4.437e-05,1.212e-26,5.128e-07,0.0002861,0.0002013,1.733e-08,0.04059,0.001401,0.009278,0.06665,3.439e-06,3.487e-07,0.074
    7080,    7140,0.00067794,0.002229,0.008687,3.159e-26,1.517e-06,3.955e-06,4.289e-05,1.189e-26,4.899e-07,0.0002769,0.0001948,1.665e-08,0.03965,0.001356,0.0091,0.0652,3.323e-06,3.344e-07,0.074
    7140,    7200,0.000664,0.002166,0.008461,3.101e-26,1.463e-06,3.829e-06,4.153e-05,1.168e-26,4.692e-07,0.0002684,0.0001887,1.604e-08,0.03876,0.001314,0.008929,0.06382,3.216e-06,3.213e-07,0.074
    7200,    7260,0.00064937,0.002099,0.008221,3.039e-26,1.407e-06,3.697e-06,4.01e-05,1.146e-26,4.48e-07,0.0002595,0.0001824,1.54e-08,0.03781,0.00127,0.008744,0.06233,3.105e-06,3.079e-07,0.074
    7260,    7320,0.00063113,0.002032,0.007978,2.978e-26,1.352e-06,3.568e-06,3.87e-05,1.123e-26,4.276e-07,0.0002507,0.0001762,1.478e-08,0.03684,0.001226,0.008556,0.06082,2.995e-06,2.95e-07,0.074
    7320,    7380,0.00061913,0.00197,0.00775,2.922e-26,1.301e-06,3.45e-06,3.742e-05,1.103e-26,4.091e-07,0.0002425,0.0001705,1.421e-08,0.03592,0.001186,0.008376,0.05938,2.894e-06,2.832e-07,0.074
    7380,    7440,0.00060539,0.001904,0.007507,2.862e-26,1.249e-06,3.327e-06,3.608e-05,1.081e-26,3.902e-07,0.000234,0.0001645,1.363e-08,0.03493,0.001144,0.008182,0.05783,2.79e-06,2.711e-07,0.074
    7440,    7500,0.00058918,0.001839,0.007264,2.802e-26,1.199e-06,3.207e-06,3.477e-05,1.059e-26,3.72e-07,0.0002257,0.0001586,1.306e-08,0.03393,0.001102,0.007985,0.05626,2.687e-06,2.594e-07,0.074
    7500,    7560,0.00057693,0.001778,0.007035,2.747e-26,1.152e-06,3.096e-06,3.356e-05,1.038e-26,3.556e-07,0.000218,0.0001531,1.254e-08,0.03298,0.001064,0.007797,0.05477,2.593e-06,2.488e-07,0.074
    7560,    7620,0.00056263,0.001713,0.006792,2.688e-26,1.104e-06,2.981e-06,3.23e-05,1.017e-26,3.388e-07,0.0002099,0.0001475,1.201e-08,0.03196,0.001023,0.007594,0.05317,2.494e-06,2.38e-07,0.074
    7620,    7680,0.00054448,0.001649,0.006548,2.629e-26,1.058e-06,2.868e-06,3.107e-05,9.951e-27,3.226e-07,0.000202,0.000142,1.149e-08,0.03094,0.000984,0.007387,0.05154,2.398e-06,2.274e-07,0.074
    7680,    7740,0.00052697,0.00159,0.00632,2.574e-26,1.015e-06,2.765e-06,2.994e-05,9.749e-27,3.08e-07,0.0001947,0.0001369,1.102e-08,0.02996,0.0009477,0.007189,0.05,2.31e-06,2.179e-07,0.074
    7740,    7800,0.00051251,0.001527,0.006079,2.517e-26,9.708e-07,2.658e-06,2.877e-05,9.536e-27,2.93e-07,0.0001871,0.0001316,1.053e-08,0.02892,0.0009099,0.006977,0.04835,2.219e-06,2.081e-07,0.074
    7800,    7860,0.00050138,0.001465,0.005838,2.46e-26,9.28e-07,2.553e-06,2.763e-05,9.324e-27,2.787e-07,0.0001797,0.0001264,1.006e-08,0.02788,0.000873,0.006762,0.04668,2.13e-06,1.987e-07,0.074
    7860,    7920,0.00048678,0.001408,0.005613,2.406e-26,8.889e-07,2.458e-06,2.658e-05,9.125e-27,2.658e-07,0.0001729,0.0001217,9.628e-09,0.02689,0.0008391,0.006556,0.0451,2.048e-06,1.901e-07,0.074
    7920,    7980,0.00047063,0.001347,0.005375,2.349e-26,8.485e-07,2.358e-06,2.55e-05,8.915e-27,2.526e-07,0.0001658,0.0001168,9.186e-09,0.02583,0.0008039,0.006335,0.04341,1.964e-06,1.813e-07,0.074
    7980,    8040,0.00045313,0.001288,0.005139,2.293e-26,8.093e-07,2.261e-06,2.444e-05,8.705e-27,2.399e-07,0.0001588,0.000112,8.757e-09,0.02477,0.0007695,0.006111,0.0417,1.881e-06,1.728e-07,0.074
    8040,    8100,0.00043926,0.001233,0.004919,2.24e-26,7.735e-07,2.172e-06,2.347e-05,8.508e-27,2.285e-07,0.0001524,0.0001076,8.367e-09,0.02377,0.0007381,0.005898,0.04009,1.805e-06,1.652e-07,0.074
    8100,    8160,0.00042167,0.001176,0.004688,2.184e-26,7.366e-07,2.079e-06,2.246e-05,8.301e-27,2.168e-07,0.0001458,0.0001031,7.966e-09,0.02271,0.0007056,0.00567,0.03837,1.727e-06,1.573e-07,0.074
    8160,    8220,0.00040681,0.00112,0.00446,2.129e-26,7.009e-07,1.99e-06,2.149e-05,8.094e-27,2.057e-07,0.0001394,9.865e-05,7.579e-09,0.02165,0.0006741,0.00544,0.03665,1.651e-06,1.497e-07,0.074
    8220,    8280,0.00039361,0.001068,0.004249,2.077e-26,6.684e-07,1.907e-06,2.059e-05,7.899e-27,1.956e-07,0.0001335,9.461e-05,7.227e-09,0.02065,0.0006452,0.005221,0.03503,1.582e-06,1.428e-07,0.074
    8280,    8340,0.00038184,0.001014,0.004028,2.022e-26,6.347e-07,1.821e-06,1.967e-05,7.693e-27,1.853e-07,0.0001274,9.043e-05,6.864e-09,0.0196,0.0006154,0.004987,0.0333,1.51e-06,1.358e-07,0.074
    8340,    8400,0.00036838,0.000962,0.003811,1.967e-26,6.023e-07,1.738e-06,1.877e-05,7.488e-27,1.755e-07,0.0001215,8.639e-05,6.514e-09,0.01855,0.0005866,0.004751,0.03158,1.44e-06,1.29e-07,0.074
    8400,    8460,0.0003549,0.0009141,0.003611,1.917e-26,5.727e-07,1.662e-06,1.795e-05,7.296e-27,1.667e-07,0.000116,8.269e-05,6.197e-09,0.01758,0.0005603,0.004529,0.02997,1.376e-06,1.228e-07,0.074
    8460,    8520,0.00034517,0.0008646,0.003404,1.863e-26,5.423e-07,1.583e-06,1.71e-05,7.092e-27,1.577e-07,0.0001104,7.887e-05,5.871e-09,0.01656,0.0005333,0.004292,0.02827,1.31e-06,1.165e-07,0.074
    8520,    8580,0.00032872,0.0008166,0.003202,1.808e-26,5.13e-07,1.506e-06,1.628e-05,6.889e-27,1.491e-07,0.000105,7.516e-05,5.557e-09,0.01555,0.0005072,0.004055,0.02658,1.246e-06,1.105e-07,0.074
    8580,    8640,0.0003192,0.0007728,0.003017,1.758e-26,4.863e-07,1.436e-06,1.552e-05,6.698e-27,1.413e-07,0.0001,7.177e-05,5.271e-09,0.01461,0.0004835,0.003832,0.02501,1.188e-06,1.05e-07,0.074
    8640,    8700,0.00030642,0.0007278,0.002826,1.705e-26,4.588e-07,1.363e-06,1.474e-05,6.496e-27,1.334e-07,9.492e-05,6.827e-05,4.978e-09,0.01363,0.000459,0.003595,0.02336,1.127e-06,9.936e-08,0.074
    8700,    8760,0.00028805,0.0006845,0.002642,1.653e-26,4.324e-07,1.293e-06,1.399e-05,6.294e-27,1.259e-07,8.997e-05,6.488e-05,4.697e-09,0.01268,0.0004354,0.00336,0.02174,1.069e-06,9.397e-08,0.074
    8760,    8820,0.00027762,0.0006453,0.002475,1.603e-26,4.085e-07,1.228e-06,1.33e-05,6.105e-27,1.192e-07,8.546e-05,6.178e-05,4.443e-09,0.01181,0.000414,0.003141,0.02025,1.016e-06,8.909e-08,0.074
    8820,    8880,0.00027258,0.0006054,0.002305,1.551e-26,3.84e-07,1.161e-06,1.259e-05,5.905e-27,1.123e-07,8.082e-05,5.858e-05,4.182e-09,0.0109,0.000392,0.00291,0.01869,9.607e-07,8.411e-08,0.074
    8880,    8940,0.00025994,0.0005671,0.002142,1.5e-26,3.605e-07,1.097e-06,1.19e-05,5.706e-27,1.057e-07,7.634e-05,5.547e-05,3.932e-09,0.01004,0.0003707,0.002683,0.01719,9.076e-07,7.933e-08,0.074
    8940,    9000,0.00024916,0.0005327,0.001996,1.451e-26,3.392e-07,1.038e-06,1.127e-05,5.518e-27,9.986e-08,7.226e-05,5.264e-05,3.706e-09,0.009248,0.0003514,0.002472,0.01581,8.592e-07,7.501e-08,0.074
    9000,    9060,0.00023319,0.0004977,0.001848,1.4e-26,3.174e-07,9.769e-07,1.063e-05,5.32e-27,9.387e-08,6.806e-05,4.97e-05,3.475e-09,0.008445,0.0003315,0.002253,0.01439,8.092e-07,7.059e-08,0.074
    9060,    9120,0.00022411,0.0004645,0.001708,1.35e-26,2.966e-07,9.182e-07,1e-05,5.122e-27,8.818e-08,6.402e-05,4.686e-05,3.254e-09,0.007684,0.0003123,0.00204,0.01304,7.611e-07,6.637e-08,0.074
    9120,    9180,0.00021655,0.0004348,0.001584,1.303e-26,2.779e-07,8.648e-07,9.43e-06,4.937e-27,8.308e-08,6.035e-05,4.427e-05,3.055e-09,0.007008,0.0002949,0.001847,0.01183,7.174e-07,6.257e-08,0.074
    9180,    9240,0.00020479,0.0004048,0.00146,1.254e-26,2.589e-07,8.1e-07,8.846e-06,4.742e-27,7.79e-08,5.659e-05,4.161e-05,2.853e-09,0.006332,0.000277,0.001648,0.01061,6.725e-07,5.87e-08,0.074
    9240,    9300,0.00019562,0.0003765,0.001344,1.206e-26,2.407e-07,7.573e-07,8.281e-06,4.548e-27,7.298e-08,5.298e-05,3.903e-05,2.66e-09,0.005703,0.0002597,0.00146,0.009468,6.293e-07,5.5e-08,0.074
    9300,    9360,0.00018562,0.0003512,0.001242,1.161e-26,2.244e-07,7.093e-07,7.768e-06,4.365e-27,6.856e-08,4.969e-05,3.667e-05,2.486e-09,0.005153,0.0002439,0.001291,0.008463,5.9e-07,5.165e-08,0.074
    9360,    9420,0.00017815,0.0003258,0.001141,1.115e-26,2.079e-07,6.605e-07,7.244e-06,4.173e-27,6.41e-08,4.635e-05,3.426e-05,2.311e-09,0.00462,0.0002278,0.001124,0.007483,5.5e-07,4.828e-08,0.074
    9420,    9480,0.00016939,0.0003018,0.001047,1.07e-26,1.923e-07,6.138e-07,6.742e-06,3.984e-27,5.986e-08,4.314e-05,3.194e-05,2.144e-09,0.004136,0.0002123,0.0009698,0.006592,5.116e-07,4.506e-08,0.074
    9480,    9540,0.00016259,0.0002806,0.0009661,1.028e-26,1.784e-07,5.718e-07,6.289e-06,3.807e-27,5.608e-08,4.025e-05,2.983e-05,1.995e-09,0.003726,0.0001983,0.0008385,0.005839,4.771e-07,4.217e-08,0.074
    9540,    9600,0.00014958,0.0002593,0.0008862,9.867e-27,1.645e-07,5.292e-07,5.828e-06,3.622e-27,5.226e-08,3.732e-05,2.769e-05,1.845e-09,0.003337,0.000184,0.0007144,0.00513,4.42e-07,3.926e-08,0.074
    9600,    9660,0.00014187,0.0002393,0.0008126,9.457e-27,1.513e-07,4.889e-07,5.391e-06,3.441e-27,4.867e-08,3.453e-05,2.565e-05,1.704e-09,0.002995,0.0001704,0.0006073,0.004514,4.087e-07,3.651e-08,0.074
    9660,    9720,0.00013229,0.0002215,0.0007486,9.116e-27,1.398e-07,4.53e-07,5.001e-06,3.275e-27,4.547e-08,3.204e-05,2.382e-05,1.579e-09,0.00271,0.0001582,0.000522,0.004015,3.79e-07,3.406e-08,0.074
    9720,    9780,0.00012703,0.000203,0.0006831,8.81e-27,1.278e-07,4.155e-07,4.592e-06,3.094e-27,4.214e-08,2.942e-05,2.19e-05,1.45e-09,0.002433,0.0001454,0.0004434,0.003541,3.479e-07,3.151e-08,0.074
    9780,    9840,0.00012165,0.0001826,0.0006109,7.119e-27,1.15e-07,3.741e-07,4.138e-06,2.824e-27,3.845e-08,2.651e-05,1.974e-05,1.309e-09,0.002121,0.000131,0.0003372,0.002981,3.136e-07,2.868e-08,0.074
    9840,    9900,0.00010636,0.0001659,0.0005546,6.644e-27,1.044e-07,3.402e-07,3.765e-06,2.636e-27,3.541e-08,2.412e-05,1.797e-05,1.193e-09,0.001921,0.0001192,0.0003054,0.002696,2.853e-07,2.635e-08,0.074
