CampaignData_and_Merges/R0/CSL_MobileLab_Parked/raw/20240725/USOS-NOAAIodideCIMS-HNO2_MobileLabGround_20240725_RA.ict
33, 1001
Michael A Robinson, Chris Jernigan, Subi Thakali
NOAA ESRL Chemical Sciences Laboratory and CIRES, U. of Colorado
NOAA Iodide CIMS Instrument
USOS
1, 1
2024, 07, 25, 2024, 07, 26
1
starttime_UTC, seconds_past_midnight, seconds_of_day_since_00:00:00_UTC
1
1
-9999
HNO2_NOAACIMS, pptv, Gas_HNO2_InSitu_S_AVMR, 
0
18
PI_CONTACT_INFO: 325 Broadway, R/CSD 7, Boulder, Colorado 80305; michael.a.robinson@noaa.gov; chris.jernigan@noaa.gov;
PLATFORM: NOAA CSL Mobile Lab
LOCATION: SLC, Utah
ASSOCIATED_DATA: 1Hz data also available on request.
INSTRUMENT_INFO: NOAA I- ToF CIMS
DATA_INFO: All data in parts per trillion by volume (pptv). 1 Hz data is available upon request.
UNCERTAINTY: TBD
ULOD_FLAG: -7777
ULOD_VALUE: N/A
LLOD_FLAG: -8888
LLOD_VALUE: N/A
DM_CONTACT_INFO: Nathan Howard; nathan.h.howard@noaa.gov
PROJECT_INFO: USOS, summer 2024. https://csl.noaa.gov/groups/csl7/measurements/2024usos/
STIPULATIONS_ON_USE: Users are strongly encouraged to contact the PI for proper data usage.
OTHER_COMMENTS: 
REVISION: RA
RA: Preliminary Data; For in-field use only
starttime_UTC, HNO2_NOAACIMS
[from data line 1031]
 61860, 81.616
 61920, 94.159
 61980, 88.963
 62040, 99.897
 62100, 102.264
 62160, 96.575
 62220, 103.896
 62280, 82.308
 62340, 72.426
 62400, 81.114
 62460, 82.769
 62520, 104.440
 62580, 123.283
 62640, 111.243
 62700, 118.240
 62760, 87.353
 62820, 100.243
 62880, 118.520
 62940, 51.142
 63000, 79.369
 63060, 59.926
 63120, 62.443
 63180, -9999.000
 63240, 47.861
 63300, 57.143
 63360, 49.255
 63420, 62.443
 63480, 57.011
 63540, 55.442
 63600, 81.125
 63660, 96.697
 63720, 89.977
 63780, 105.249
 63840, 75.860
 63900, 77.219
 63960, 87.417
 64020, 51.172
 64080, 37.359
 64140, 44.452
 64200, 45.619
 64260, 74.445
 64320, 49.895
 64380, -9999.000
 64440, 111.639
 64500, 108.463
 64560, 54.791
 64620, 38.231
 64680, 32.956
 64740, 39.604
 64800, 55.648
 64860, 38.243
 64920, 32.070
 64980, 53.677
 65040, 41.518
 65100, 31.254
 65160, 40.489
 65220, 46.078
 65280, 41.452
 65340, 47.775
 65400, 46.517
 65460, 54.042
 65520, 61.669
 65580, 67.432
 65640, 85.227
 65700, 97.164
 65760, 94.292
 65820, 61.702
 65880, 57.327
 65940, 47.372
 66000, 42.764
 66060, 35.997
 66120, 32.504
 66180, 68.907
 66240, 47.907
 66300, 42.422
 66360, 42.293
 66420, 42.640
 66480, 35.875
 66540, 46.666
 66600, 53.921
 66660, 48.624
 66720, 42.351
 66780, 46.338
 66840, 39.381
 66900, 34.985
 66960, 41.181
 67020, 28.147
 67080, 35.577
 67140, 30.168
 67200, 20.298
 67260, 24.329
 67320, 27.539
 67380, 28.328
 67440, 24.304
 67500, 32.579
 67560, 23.104
 67620, 26.322
 67680, 20.815
 67740, 21.601
 67800, 21.698
 67860, 39.087
 67920, 31.238
 67980, 43.778
 68040, -9999.000
 68100, 31.398
 68160, 29.867
 68220, 19.483
 68280, 17.904
 68340, 18.765
 68400, 15.441
 68460, 20.876
 68520, 13.348
 68580, 21.907
 68640, 18.054
 68700, 23.534
 68760, 27.774
 68820, 34.237
 68880, 30.987
 68940, 30.364
 69000, 29.729
 69060, 24.472
 69120, 44.361
 69180, 42.750
 69240, 38.245
 69300, 45.115
 69360, 36.894
 69420, 25.381
 69480, 30.438
 69540, 41.819
 69600, 41.029
 69660, 48.743
 69720, 52.500
 69780, 35.895
 69840, 36.624
 69900, 32.159
 69960, 53.135
 70020, 78.675
 70080, 39.169
 70140, 35.803
 70200, 78.459
 70260, 44.344
 70320, 45.269
 70380, 61.942
 70440, 39.627
 70500, 37.318
 70560, 34.870
 70620, 26.115
 70680, 35.915
 70740, 62.407
 70800, 73.011
 70860, 67.808
 70920, 64.240
 70980, 63.513
 71040, 50.201
 71100, 51.041
 71160, 47.763
 71220, 59.929
 71280, 111.988
 71340, 82.622
 71400, 43.625
 71460, 66.610
 71520, 39.876
 71580, 52.143
 71640, 103.562
 71700, 82.325
 71760, 71.698
 71820, 88.270
 71880, 84.043
 71940, 20.650
 72000, 25.114
 72060, 22.987
 72120, 29.028
 72180, 29.308
 72240, 35.716
 72300, 44.778
 72360, 23.256
 72420, 25.227
 72480, 20.243
 72540, 24.286
 72600, 34.532
 72660, 27.221
 72720, 36.799
 72780, 29.155
 72840, 30.836
 72900, 51.957
 72960, 48.388
 73020, 56.898
 73080, 51.224
 73140, 50.555
 73200, 48.892
 73260, 39.604
 73320, 29.612
 73380, 43.716
 73440, 55.454
 73500, 37.567
 73560, 43.028
 73620, 41.924
 73680, 58.156
 73740, 21.743
 73800, 27.289
 73860, 27.778
 73920, 24.358
 73980, 18.223
 74040, 26.099
 74100, 48.789
 74160, 27.783
 74220, 25.465
 74280, 35.250
 74340, 33.787
 74400, 25.963
 74460, 28.423
 74520, 27.560
 74580, 55.779
 74640, 53.065
 74700, 34.470
 74760, 21.617
 74820, 27.767
 74880, 38.106
 74940, 31.242
 75000, 29.298
 75060, 29.769
 75120, 29.483
 75180, 32.422
 75240, 23.200
 75300, 29.420
 75360, 22.806
 75420, -9999.000
 75480, 27.343
 75540, 37.254
 75600, 33.467
 75660, 38.301
 75720, 28.030
 75780, 28.843
 75840, 47.832
 75900, 37.740
 75960, 22.255
 76020, 19.961
 76080, 20.882
 76140, 20.770
 76200, 28.931
 76260, 29.610
 76320, 38.023
 76380, 44.288
 76440, 38.173
 76500, 35.557
 76560, 34.715
 76620, 30.436
 76680, 30.641
 76740, 30.034
 76800, 42.462
 76860, 40.362
 76920, 28.455
 76980, 38.313
 77040, 39.436
 77100, 37.173
 77160, 24.316
 77220, 44.136
 77280, -9999.000
 77340, 26.310
 77400, 25.569
 77460, 22.649
 77520, 25.211
 77580, 30.800
 77640, 52.391
 77700, 41.232
 77760, 31.152
 77820, 42.869
 77880, 51.598
 77940, 43.682
 78000, 34.088
 78060, 20.477
 78120, 21.651
 78180, 28.298
 78240, 26.214
 78300, 23.351
 78360, 31.301
 78420, 33.051
 78480, 28.671
 78540, 39.954
 78600, 23.048
 78660, 18.477
 78720, 27.848
 78780, 33.072
 78840, 29.090
 78900, 33.187
 78960, 18.980
 79020, 24.590
 79080, 21.218
 79140, -9999.000
 79200, 21.953
 79260, 26.956
 79320, 14.549
 79380, 22.417
 79440, 17.538
 79500, 11.387
 79560, 32.315
 79620, 28.122
 79680, 23.533
 79740, 36.358
 79800, 28.838
 79860, 73.009
 79920, 24.009
 79980, 29.600
 80040, 25.988
 80100, 32.472
 80160, 29.174
 80220, 26.357
 80280, 27.825
 80340, 41.806
 80400, 37.240
 80460, 29.256
 80520, 30.709
 80580, 19.765
 80640, 20.561
 80700, 18.634
 80760, 25.469
 80820, 37.272
 80880, 49.889
 80940, 40.319
 81000, -9999.000
 81060, 29.218
 81120, 19.320
 81180, 23.157
 81240, 19.743
 81300, 16.636
 81360, 20.888
 81420, 16.545
 81480, 29.118
 81540, 58.018
 81600, 39.318
 81660, 20.603
 81720, 27.383
 81780, 34.861
 81840, 39.954
 81900, 71.778
 81960, 34.789
 82020, 20.432
 82080, 14.861
 82140, 24.001
 82200, 17.099
 82260, 21.197
 82320, 18.216
 82380, 33.071
 82440, 21.440
 82500, 14.352
 82560, 12.648
 82620,  4.971
 82680,  7.879
 82740,  8.428
 82800, 12.604
 82860, -9999.000
 82920,  9.952
 82980, 11.998
 83040, 16.576
 83100, 10.311
 83160, 14.778
 83220,  8.850
 83280,  9.411
 83340, 10.701
 83400, 11.149
 83460,  8.913
 83520,  7.475
 83580, 18.433
 83640, 13.307
 83700, 25.308
 83760, 47.651
 83820, 40.160
 83880, 58.893
 83940, 16.440
 84000, 11.977
 84060, 20.607
 84120, 15.706
 84180,  8.304
 84240, 12.103
 84300, 10.717
 84360, 11.234
 84420, 22.482
 84480, 30.670
 84540, 37.294
 84600, 34.337
 84660, 17.537
 84720, 25.376
 84780, 22.435
 84840, 19.823
 84900, 22.701
 84960, 13.196
 85020, 24.406
 85080, 38.829
 85140, 66.493
 85200, 20.195
 85260, 20.134
 85320, 23.478
 85380,  6.647
 85440,  9.274
 85500,  1.848
 85560,  9.419
 85620, 10.138
 85680, 12.935
 85740, 23.939
 85800, 30.672
 85860, 31.770
 85920, 25.694
 85980, 18.130
 86040, 18.552
 86100, 26.639
 86160, 16.338
 86220, 11.946
 86280, 14.431
 86340, 11.600
