CampaignData_and_Merges/R0/CSL_MobileLab_Parked/raw/20240725/USOS-jNO2_MobileLabGround_20240725_R0.ict
52,1001
Waxman, E.; Rollins, A.; Zuraski, K.; Chace, W.
NOAA Chemical Sciences Laboratory
jNO2 filter radiometer on CSL Mobile Lab
AMMBEC / USOS
1, 1
2024,07,25, 2025,04,01
60
Time_Start, seconds, number_of_seconds_since_0000_UTC
20
1, 1, 1, 1, 1, 1, 1, 1, 1, 1, 1, 1, 1, 1, 1, 1, 1, 1, 1, 1
-9999, -9999, -9999, -9999, -9999, -9999, -9999, -9999, -9999, -9999, -9999, -9999, -9999, -9999, -9999, -9999, -9999, -9999, -9999, -9999
Time_Stop, seconds, number_of_seconds_since_0000_UTC
jNO2_meas, per second, photolysis rate of NO2 measured using a filter radiometer.
jBrCl, per second, photolysis rate of BrCl -> Br + Cl calculated in TUV for cloud-free sky with local AOD
jBr2, per second, photolysis rate of Br2 -> Br + Br calculated in TUV for cloud-free sky with local AOD
jCCl4, per second, photolysis rate of CCl4 -> Products calcualted in TUV for cloud-free sky with local AOD
jCH2Oa, per second, photolysis rate of CH2O -> H + HCO calculated in TUV for cloud-free sky with local AOD
jCH2Ob, per second, photolysis rate of CH2O -> H2 + CO calculated in TUV for cloud-free sky with local AOD
jClNO2, per second, photolysis rate of ClNO2 -> Cl + NO2 calculated in TUV for cloud-free sky with local AOD
jClOa, per second, photolysis rate of ClO -> Cl + O(1D) calculated in TUV for cloud-free sky with local AOD
jClOb, per second, photolysis rate of ClO -> Cl + O(3P) calculated in TUV for cloud-free sky with local AOD
jCl2, per second, photolysis rate of Cl2 -> Cl + Cl calculated in TUV for cloud-free sky with local AOD
jHNO2, per second, photolysis rate of HNO2 -> OH + NO calculated in TUV for cloud-free sky with local AOD
jHNO3, per second, photolysis rate of HNO3 -> OH + NO2 calculated in TUV for cloud-free sky with local AOD
jI2, per second, photolysis rate of I2 -> I + I calculated in TUV for cloud-free sky with local AOD
jNO2, per second, photolysis rate of NO2 -> NO + O(3P) calculated in TUV for cloud-free sky with local AOD
jNO3a, per second, photolysis rate of NO3 -> NO + O2 calculated in TUV for cloud-free sky with local AOD
jNO3b, per second, photolysis rate of NO3 -> NO2 + O(3P) calculated in TUV for cloud-free sky with local AOD
jN2O5, per second, photolysis rate of N2O5 -> NO3 + NO + O(3P) calculated in TUV for cloud-free sky with local AOD
jO3, per second, photolysis rate of O3 -> O2 + O(1D) calculated in TUV for cloud-free sky with local AOD
AOD_500nm, unitless, UTC daily mean AOD at 500 nm from an AERONET station located at 40.178 N, -112.452 E
0
18
PI_CONTACT_INFO: eleanor.waxman@noaa.gov
PLATFORM: CSL Mobile Lab, at ground site
LOCATION: Salt Lake City, UT
ASSOCIATED_DATA:
INSTRUMENT_INFO: jNO2 filter radiometer.  TUV calculations are for mobile van lat/lon/altitude assuming clear sky (cloud AOD = 0) and daily mean AOD.
DATA_INFO:
UNCERTAINTY: Data uncertainties are +/- 20%.  These come from uncertainties in radiometer angular response, radiometer thermal response, local interferences from clouds/aerosols/shadows etc.
ULOD_FLAG: -7777
ULOD_VALUE: N/A
LLOD_FLAG: -8888
LLOD_VALUE: N/A
DM_CONTACT_INFO: eleanor.waxman@noaa.gov
PROJECT_INFO: USOS Project, July - August 2024
STIPULATIONS_ON_USE: Users are strongly encouraged to contact the PI for proper data usage.
OTHER_COMMENTS: 
REVISION: R0
R0: final data
Time_Start, Time_Stop, jNO2_meas, jBrCl, jBr2, jCCl4, jCH2Oa, jCH2Ob, jClNO2, jClOa, jClOb, jCl2, jHNO2, jHNO3, jI2, jNO2, jNO3a, jNO3b, jN2O5, jO3, AOD_500nm
[from data line 949]
   56940,   57000,0.0016293,0.008888,0.02756,5.796e-25,2.108e-05,3.484e-05,0.0003445,2.041e-25,2.201e-05,0.001773,0.001186,3.303e-07,0.09977,0.007381,0.01942,0.1549,2.968e-05,1.399e-05,0.074
   57000,   57060,0.0016885,0.008905,0.02759,5.946e-25,2.119e-05,3.497e-05,0.0003458,2.095e-25,2.221e-05,0.001779,0.001189,3.326e-07,0.09988,0.007399,0.01943,0.155,2.98e-05,1.413e-05,0.074
   57060,   57120,0.0017505,0.008923,0.02764,6.111e-25,2.13e-05,3.512e-05,0.0003472,2.155e-25,2.243e-05,0.001784,0.001192,3.35e-07,0.09999,0.007419,0.01945,0.1552,2.994e-05,1.427e-05,0.074
   57120,   57180,0.0018083,0.008941,0.02768,6.283e-25,2.142e-05,3.526e-05,0.0003486,2.217e-25,2.265e-05,0.00179,0.001196,3.374e-07,0.1001,0.007438,0.01947,0.1553,3.007e-05,1.442e-05,0.074
   57180,   57240,0.0018654,0.008957,0.02772,6.45e-25,2.153e-05,3.539e-05,0.0003499,2.278e-25,2.285e-05,0.001795,0.001199,3.396e-07,0.1002,0.007457,0.01948,0.1555,3.019e-05,1.455e-05,0.074
   57240,   57300,0.0019122,0.008975,0.02776,6.631e-25,2.164e-05,3.553e-05,0.0003512,2.345e-25,2.307e-05,0.001801,0.001202,3.42e-07,0.1003,0.007476,0.0195,0.1556,3.032e-05,1.47e-05,0.074
   57300,   57360,0.0019677,0.008992,0.0278,6.823e-25,2.176e-05,3.567e-05,0.0003526,2.415e-25,2.329e-05,0.001807,0.001206,3.443e-07,0.1004,0.007495,0.01952,0.1558,3.045e-05,1.485e-05,0.074
   57360,   57420,0.002014,0.009008,0.02783,7.011e-25,2.187e-05,3.58e-05,0.0003538,2.484e-25,2.349e-05,0.001812,0.001209,3.466e-07,0.1005,0.007512,0.01953,0.1559,3.058e-05,1.498e-05,0.074
   57420,   57480,0.0020577,0.009025,0.02787,7.217e-25,2.198e-05,3.594e-05,0.0003551,2.56e-25,2.371e-05,0.001818,0.001212,3.489e-07,0.1006,0.007531,0.01955,0.1561,3.071e-05,1.513e-05,0.074
   57480,   57540,0.002104,0.009041,0.02791,7.432e-25,2.209e-05,3.608e-05,0.0003565,2.639e-25,2.393e-05,0.001823,0.001216,3.513e-07,0.1007,0.007549,0.01957,0.1562,3.083e-05,1.527e-05,0.074
   57540,   57600,0.00214,0.009057,0.02795,7.642e-25,2.22e-05,3.621e-05,0.0003577,2.717e-25,2.414e-05,0.001828,0.001219,3.535e-07,0.1008,0.007566,0.01958,0.1564,3.095e-05,1.541e-05,0.074
   57600,   57660,0.0021843,0.009073,0.02799,7.873e-25,2.231e-05,3.634e-05,0.000359,2.802e-25,2.436e-05,0.001834,0.001222,3.558e-07,0.1009,0.007585,0.0196,0.1565,3.108e-05,1.556e-05,0.074
   57660,   57720,0.0022118,0.00909,0.02802,8.114e-25,2.242e-05,3.648e-05,0.0003603,2.892e-25,2.458e-05,0.001839,0.001225,3.582e-07,0.101,0.007602,0.01961,0.1566,3.121e-05,1.57e-05,0.074
   57720,   57780,0.0022154,0.009105,0.02806,8.35e-25,2.252e-05,3.66e-05,0.0003615,2.98e-25,2.479e-05,0.001844,0.001228,3.604e-07,0.1011,0.007619,0.01963,0.1568,3.133e-05,1.584e-05,0.074
   57780,   57840,0.0022027,0.009121,0.02809,8.611e-25,2.263e-05,3.674e-05,0.0003628,3.078e-25,2.5e-05,0.001849,0.001231,3.627e-07,0.1012,0.007637,0.01964,0.1569,3.145e-05,1.599e-05,0.074
   57840,   57900,0.0021831,0.009136,0.02813,8.882e-25,2.274e-05,3.687e-05,0.000364,3.18e-25,2.522e-05,0.001855,0.001234,3.65e-07,0.1013,0.007654,0.01966,0.1571,3.158e-05,1.613e-05,0.074
   57900,   57960,0.0021773,0.009151,0.02817,9.148e-25,2.285e-05,3.699e-05,0.0003652,3.28e-25,2.543e-05,0.00186,0.001237,3.672e-07,0.1014,0.007671,0.01967,0.1572,3.169e-05,1.627e-05,0.074
   57960,   58020,0.0021822,0.009167,0.0282,9.442e-25,2.296e-05,3.712e-05,0.0003665,3.391e-25,2.565e-05,0.001865,0.00124,3.695e-07,0.1015,0.007688,0.01968,0.1573,3.181e-05,1.642e-05,0.074
   58020,   58080,0.0021995,0.009182,0.02824,9.748e-25,2.306e-05,3.725e-05,0.0003677,3.507e-25,2.587e-05,0.00187,0.001243,3.719e-07,0.1016,0.007705,0.0197,0.1575,3.194e-05,1.657e-05,0.074
   58080,   58140,0.0022225,0.009196,0.02827,1.005e-24,2.316e-05,3.737e-05,0.0003689,3.621e-25,2.608e-05,0.001875,0.001246,3.74e-07,0.1017,0.007721,0.01971,0.1576,3.205e-05,1.67e-05,0.074
   58140,   58200,0.0022507,0.009211,0.0283,1.038e-24,2.327e-05,3.75e-05,0.0003701,3.749e-25,2.63e-05,0.00188,0.001249,3.763e-07,0.1018,0.007738,0.01973,0.1577,3.217e-05,1.685e-05,0.074
   58200,   58260,0.0022718,0.009226,0.02834,1.073e-24,2.338e-05,3.763e-05,0.0003713,3.882e-25,2.652e-05,0.001885,0.001252,3.786e-07,0.1019,0.007754,0.01974,0.1578,3.229e-05,1.7e-05,0.074
   58260,   58320,0.0022909,0.00924,0.02837,1.107e-24,2.348e-05,3.774e-05,0.0003725,4.012e-25,2.672e-05,0.00189,0.001255,3.808e-07,0.1019,0.00777,0.01975,0.158,3.24e-05,1.714e-05,0.074
   58320,   58380,0.002304,0.009255,0.0284,1.145e-24,2.358e-05,3.787e-05,0.0003737,4.158e-25,2.694e-05,0.001894,0.001258,3.83e-07,0.102,0.007786,0.01977,0.1581,3.252e-05,1.728e-05,0.074
   58380,   58440,0.0023364,0.009269,0.02844,1.184e-24,2.369e-05,3.799e-05,0.0003749,4.31e-25,2.716e-05,0.001899,0.001261,3.853e-07,0.1021,0.007803,0.01978,0.1582,3.264e-05,1.743e-05,0.074
   58440,   58500,0.0023797,0.009283,0.02847,1.223e-24,2.379e-05,3.811e-05,0.000376,4.461e-25,2.737e-05,0.001904,0.001263,3.874e-07,0.1022,0.007818,0.01979,0.1583,3.275e-05,1.757e-05,0.074
   58500,   58560,0.0024382,0.009297,0.0285,1.266e-24,2.389e-05,3.823e-05,0.0003772,4.629e-25,2.759e-05,0.001909,0.001266,3.897e-07,0.1023,0.007834,0.01981,0.1584,3.287e-05,1.771e-05,0.074
   58560,   58620,0.0024977,0.009311,0.02853,1.311e-24,2.399e-05,3.835e-05,0.0003783,4.804e-25,2.78e-05,0.001914,0.001269,3.919e-07,0.1024,0.007849,0.01982,0.1586,3.299e-05,1.786e-05,0.074
   58620,   58680,0.0025708,0.009324,0.02856,1.355e-24,2.409e-05,3.847e-05,0.0003794,4.978e-25,2.801e-05,0.001918,0.001272,3.941e-07,0.1024,0.007864,0.01983,0.1587,3.309e-05,1.8e-05,0.074
   58680,   58740,0.0026344,0.009338,0.02859,1.404e-24,2.419e-05,3.859e-05,0.0003806,5.171e-25,2.823e-05,0.001923,0.001274,3.963e-07,0.1025,0.00788,0.01984,0.1588,3.321e-05,1.814e-05,0.074
   58740,   58800,0.0026939,0.009352,0.02862,1.455e-24,2.429e-05,3.871e-05,0.0003817,5.375e-25,2.845e-05,0.001928,0.001277,3.985e-07,0.1026,0.007895,0.01986,0.1589,3.332e-05,1.829e-05,0.074
   58800,   58860,0.0027382,0.009364,0.02865,1.506e-24,2.439e-05,3.882e-05,0.0003828,5.576e-25,2.865e-05,0.001932,0.00128,4.006e-07,0.1027,0.007909,0.01987,0.159,3.343e-05,1.843e-05,0.074
   58860,   58920,0.0027714,0.009378,0.02868,1.562e-24,2.449e-05,3.894e-05,0.0003839,5.801e-25,2.887e-05,0.001937,0.001282,4.028e-07,0.1028,0.007925,0.01988,0.1591,3.354e-05,1.858e-05,0.074
   58920,   58980,0.0027927,0.009391,0.02871,1.621e-24,2.459e-05,3.905e-05,0.0003851,6.037e-25,2.909e-05,0.001941,0.001285,4.051e-07,0.1028,0.00794,0.01989,0.1592,3.366e-05,1.872e-05,0.074
   58980,   59040,0.0028123,0.009403,0.02874,1.679e-24,2.468e-05,3.916e-05,0.0003861,6.271e-25,2.929e-05,0.001945,0.001288,4.071e-07,0.1029,0.007954,0.0199,0.1593,3.376e-05,1.886e-05,0.074
   59040,   59100,0.0028397,0.009416,0.02877,1.744e-24,2.478e-05,3.928e-05,0.0003872,6.532e-25,2.951e-05,0.00195,0.00129,4.093e-07,0.103,0.007968,0.01991,0.1595,3.387e-05,1.9e-05,0.074
   59100,   59160,0.0028524,0.009429,0.0288,1.812e-24,2.488e-05,3.939e-05,0.0003883,6.808e-25,2.973e-05,0.001954,0.001293,4.115e-07,0.1031,0.007983,0.01993,0.1596,3.398e-05,1.915e-05,0.074
   59160,   59220,0.0028813,0.009441,0.02883,1.879e-24,2.497e-05,3.95e-05,0.0003894,7.082e-25,2.993e-05,0.001959,0.001295,4.136e-07,0.1031,0.007996,0.01994,0.1597,3.408e-05,1.929e-05,0.074
   59220,   59280,0.00291,0.009454,0.02886,1.954e-24,2.507e-05,3.961e-05,0.0003905,7.388e-25,3.015e-05,0.001963,0.001298,4.157e-07,0.1032,0.008011,0.01995,0.1598,3.419e-05,1.943e-05,0.074
   59280,   59340,0.0029453,0.009467,0.02888,2.033e-24,2.517e-05,3.972e-05,0.0003915,7.71e-25,3.036e-05,0.001967,0.0013,4.179e-07,0.1033,0.008025,0.01996,0.1599,3.43e-05,1.958e-05,0.074
   59340,   59400,0.0029954,0.009478,0.02891,2.111e-24,2.526e-05,3.983e-05,0.0003925,8.031e-25,3.056e-05,0.001971,0.001303,4.199e-07,0.1034,0.008038,0.01997,0.16,3.44e-05,1.971e-05,0.074
   59400,   59460,0.0030668,0.00949,0.02894,2.198e-24,2.535e-05,3.994e-05,0.0003936,8.39e-25,3.078e-05,0.001976,0.001305,4.221e-07,0.1034,0.008052,0.01998,0.1601,3.451e-05,1.986e-05,0.074
   59460,   59520,0.0031611,0.009503,0.02896,2.289e-24,2.545e-05,4.005e-05,0.0003947,8.771e-25,3.099e-05,0.00198,0.001308,4.242e-07,0.1035,0.008066,0.01999,0.1602,3.462e-05,2e-05,0.074
   59520,   59580,0.0032612,0.009514,0.02899,2.38e-24,2.554e-05,4.015e-05,0.0003957,9.149e-25,3.12e-05,0.001984,0.00131,4.262e-07,0.1036,0.008079,0.02,0.1603,3.471e-05,2.014e-05,0.074
   59580,   59640,0.0033783,0.009526,0.02902,2.481e-24,2.563e-05,4.026e-05,0.0003967,9.572e-25,3.141e-05,0.001988,0.001313,4.284e-07,0.1036,0.008093,0.02001,0.1604,3.482e-05,2.028e-05,0.074
   59640,   59700,0.0035284,0.009538,0.02904,2.588e-24,2.573e-05,4.036e-05,0.0003977,1.002e-24,3.162e-05,0.001992,0.001315,4.305e-07,0.1037,0.008106,0.02002,0.1605,3.492e-05,2.043e-05,0.074
   59700,   59760,0.0037019,0.009549,0.02907,2.695e-24,2.581e-05,4.046e-05,0.0003987,1.047e-24,3.182e-05,0.001996,0.001317,4.325e-07,0.1038,0.008119,0.02003,0.1606,3.502e-05,2.056e-05,0.074
   59760,   59820,0.0038914,0.00956,0.02909,2.813e-24,2.591e-05,4.057e-05,0.0003997,1.097e-24,3.204e-05,0.002,0.00132,4.346e-07,0.1038,0.008132,0.02004,0.1607,3.512e-05,2.071e-05,0.074
   59820,   59880,0.0040847,0.009572,0.02912,2.938e-24,2.6e-05,4.067e-05,0.0004007,1.151e-24,3.225e-05,0.002004,0.001322,4.367e-07,0.1039,0.008145,0.02005,0.1607,3.523e-05,2.085e-05,0.074
   59880,   59940,0.0042276,0.009582,0.02914,3.063e-24,2.608e-05,4.077e-05,0.0004017,1.204e-24,3.245e-05,0.002008,0.001324,4.386e-07,0.104,0.008157,0.02006,0.1608,3.532e-05,2.099e-05,0.074
   59940,   60000,0.0043156,0.009594,0.02917,3.203e-24,2.618e-05,4.088e-05,0.0004027,1.263e-24,3.266e-05,0.002012,0.001326,4.407e-07,0.104,0.00817,0.02007,0.1609,3.542e-05,2.113e-05,0.074
   60000,   60060,0.0043815,0.009605,0.02919,3.351e-24,2.627e-05,4.098e-05,0.0004037,1.327e-24,3.287e-05,0.002016,0.001329,4.428e-07,0.1041,0.008183,0.02008,0.161,3.552e-05,2.127e-05,0.074
   60060,   60120,0.0044562,0.009615,0.02922,3.498e-24,2.635e-05,4.107e-05,0.0004046,1.391e-24,3.307e-05,0.00202,0.001331,4.447e-07,0.1042,0.008195,0.02009,0.1611,3.562e-05,2.14e-05,0.074
   60120,   60180,0.0045486,0.009626,0.02924,3.664e-24,2.644e-05,4.117e-05,0.0004056,1.462e-24,3.327e-05,0.002024,0.001333,4.467e-07,0.1042,0.008207,0.0201,0.1612,3.571e-05,2.154e-05,0.074
   60180,   60240,0.0046952,0.009633,0.02926,3.795e-24,2.65e-05,4.124e-05,0.0004062,1.521e-24,3.344e-05,0.002026,0.001335,4.483e-07,0.1043,0.008215,0.02011,0.1612,3.578e-05,2.166e-05,0.074
   60240,   60300,0.0047781,0.009643,0.02928,3.967e-24,2.659e-05,4.134e-05,0.0004071,1.595e-24,3.364e-05,0.00203,0.001337,4.502e-07,0.1043,0.008227,0.02011,0.1613,3.588e-05,2.179e-05,0.074
   60300,   60360,0.0048064,0.009654,0.0293,4.159e-24,2.667e-05,4.143e-05,0.0004081,1.679e-24,3.384e-05,0.002034,0.001339,4.522e-07,0.1044,0.008239,0.02012,0.1614,3.597e-05,2.193e-05,0.074
   60360,   60420,0.004779,0.009664,0.02932,4.364e-24,2.676e-05,4.153e-05,0.000409,1.769e-24,3.405e-05,0.002038,0.001341,4.542e-07,0.1044,0.008251,0.02013,0.1615,3.607e-05,2.207e-05,0.074
   60420,   60480,0.004732,0.009674,0.02935,4.568e-24,2.684e-05,4.162e-05,0.0004099,1.859e-24,3.424e-05,0.002041,0.001343,4.561e-07,0.1045,0.008262,0.02014,0.1616,3.616e-05,2.22e-05,0.074
   60480,   60540,0.0047366,0.009684,0.02937,4.797e-24,2.693e-05,4.172e-05,0.0004109,1.96e-24,3.445e-05,0.002045,0.001345,4.581e-07,0.1045,0.008274,0.02015,0.1617,3.625e-05,2.234e-05,0.074
   60540,   60600,0.0047832,0.009694,0.02939,5.041e-24,2.701e-05,4.181e-05,0.0004118,2.068e-24,3.465e-05,0.002049,0.001347,4.6e-07,0.1046,0.008286,0.02016,0.1617,3.635e-05,2.248e-05,0.074
   60600,   60660,0.0049179,0.009704,0.02941,5.283e-24,2.709e-05,4.19e-05,0.0004126,2.176e-24,3.484e-05,0.002052,0.001349,4.619e-07,0.1047,0.008297,0.02017,0.1618,3.643e-05,2.261e-05,0.074
   60660,   60720,0.0050882,0.009714,0.02943,5.557e-24,2.717e-05,4.2e-05,0.0004136,2.298e-24,3.505e-05,0.002056,0.001351,4.639e-07,0.1047,0.008308,0.02017,0.1619,3.653e-05,2.275e-05,0.074
   60720,   60780,0.0054646,0.009723,0.02946,5.848e-24,2.726e-05,4.209e-05,0.0004145,2.428e-24,3.525e-05,0.002059,0.001353,4.658e-07,0.1048,0.00832,0.02018,0.162,3.662e-05,2.288e-05,0.074
   60780,   60840,0.0056219,0.009733,0.02948,6.139e-24,2.733e-05,4.218e-05,0.0004153,2.558e-24,3.544e-05,0.002062,0.001355,4.676e-07,0.1048,0.00833,0.02019,0.162,3.671e-05,2.301e-05,0.074
   60840,   60900,0.0057759,0.009742,0.0295,6.466e-24,2.742e-05,4.227e-05,0.0004162,2.705e-24,3.564e-05,0.002066,0.001357,4.696e-07,0.1049,0.008341,0.0202,0.1621,3.68e-05,2.315e-05,0.074
   60900,   60960,0.0062964,0.009752,0.02952,6.814e-24,2.75e-05,4.236e-05,0.0004171,2.862e-24,3.584e-05,0.002069,0.001359,4.715e-07,0.1049,0.008352,0.02021,0.1622,3.689e-05,2.328e-05,0.074
   60960,   61020,0.0059115,0.009761,0.02954,7.161e-24,2.757e-05,4.244e-05,0.0004179,3.019e-24,3.603e-05,0.002073,0.001361,4.733e-07,0.105,0.008363,0.02021,0.1623,3.697e-05,2.341e-05,0.074
   61020,   61080,0.0062868,0.00977,0.02956,7.552e-24,2.766e-05,4.253e-05,0.0004188,3.196e-24,3.623e-05,0.002076,0.001363,4.752e-07,0.105,0.008374,0.02022,0.1623,3.706e-05,2.355e-05,0.074
   61080,   61140,0.0066364,0.009779,0.02958,7.969e-24,2.774e-05,4.262e-05,0.0004196,3.385e-24,3.643e-05,0.00208,0.001365,4.77e-07,0.1051,0.008384,0.02023,0.1624,3.715e-05,2.368e-05,0.074
   61140,   61200,0.0070207,0.009788,0.0296,8.384e-24,2.781e-05,4.271e-05,0.0004204,3.574e-24,3.661e-05,0.002083,0.001367,4.788e-07,0.1051,0.008394,0.02024,0.1625,3.723e-05,2.381e-05,0.074
   61200,   61260,0.00707,0.009797,0.02962,8.853e-24,2.789e-05,4.279e-05,0.0004213,3.788e-24,3.681e-05,0.002086,0.001369,4.807e-07,0.1052,0.008405,0.02024,0.1625,3.732e-05,2.394e-05,0.074
   61260,   61320,0.0085254,0.009806,0.02964,9.348e-24,2.797e-05,4.288e-05,0.0004221,4.014e-24,3.7e-05,0.002089,0.001371,4.825e-07,0.1052,0.008415,0.02025,0.1626,3.74e-05,2.407e-05,0.074
   61320,   61380,0.0085446,0.009814,0.02965,9.844e-24,2.804e-05,4.296e-05,0.0004229,4.24e-24,3.718e-05,0.002092,0.001372,4.842e-07,0.1053,0.008425,0.02026,0.1627,3.748e-05,2.419e-05,0.074
   61380,   61440,0.0085814,0.009823,0.02967,1.04e-23,2.812e-05,4.304e-05,0.0004237,4.494e-24,3.737e-05,0.002096,0.001374,4.861e-07,0.1053,0.008435,0.02027,0.1627,3.757e-05,2.432e-05,0.074
   61440,   61500,0.0097995,0.009831,0.02969,1.099e-23,2.819e-05,4.313e-05,0.0004245,4.76e-24,3.756e-05,0.002099,0.001376,4.879e-07,0.1054,0.008445,0.02027,0.1628,3.765e-05,2.445e-05,0.074
   61500,   61560,0.009561,0.00984,0.02971,1.156e-23,2.826e-05,4.321e-05,0.0004253,5.016e-24,3.774e-05,0.002102,0.001378,4.895e-07,0.1054,0.008455,0.02028,0.1629,3.773e-05,2.457e-05,0.074
   61560,   61620,0.0096203,0.009848,0.02973,1.22e-23,2.834e-05,4.329e-05,0.0004261,5.312e-24,3.792e-05,0.002105,0.00138,4.913e-07,0.1055,0.008465,0.02029,0.1629,3.781e-05,2.469e-05,0.074
   61620,   61680,0.0093808,0.009856,0.02975,1.29e-23,2.841e-05,4.337e-05,0.0004269,5.662e-24,3.811e-05,0.002108,0.001381,4.931e-07,0.1055,0.008475,0.02029,0.163,3.789e-05,2.482e-05,0.074
   61680,   61740,0.0086358,0.009864,0.02976,1.364e-23,2.848e-05,4.345e-05,0.0004276,6.028e-24,3.83e-05,0.002111,0.001383,4.948e-07,0.1055,0.008484,0.0203,0.1631,3.797e-05,2.495e-05,0.074
   61740,   61800,0.0090074,0.009872,0.02978,1.453e-23,2.856e-05,4.353e-05,0.0004284,6.442e-24,3.85e-05,0.002114,0.001385,4.966e-07,0.1056,0.008493,0.02031,0.1631,3.805e-05,2.509e-05,0.074
   61800,   61860,0.0091729,0.009881,0.0298,1.546e-23,2.863e-05,4.361e-05,0.0004292,6.865e-24,3.868e-05,0.002117,0.001386,4.984e-07,0.1056,0.008503,0.02031,0.1632,3.813e-05,2.522e-05,0.074
   61860,   61920,0.0090412,0.009888,0.02981,1.637e-23,2.87e-05,4.369e-05,0.0004299,7.295e-24,3.887e-05,0.00212,0.001388,5e-07,0.1057,0.008512,0.02032,0.1632,3.821e-05,2.534e-05,0.074
   61920,   61980,0.0091374,0.009896,0.02983,1.737e-23,2.877e-05,4.376e-05,0.0004307,7.75e-24,3.907e-05,0.002123,0.00139,5.019e-07,0.1057,0.008521,0.02032,0.1633,3.829e-05,2.548e-05,0.074
