CampaignData_and_Merges/R0/CSL_MobileLab_Parked/raw/20240725/USOS-POPS_MobileLabGround_20240725_R0.ict
78, 1001
Thornberry, T. D.
NOAA Chemical Sciences Laboratory
Portable Optical Particle Spectrometer (POPS)
USOS
1, 1
2024, 07, 25, 2025, 05, 08
60
Time_Start, seconds_past_midnight, Start time of measurement
45
1, 1, 1, 1, 1, 1, 1, 1, 1, 1, 1, 1, 1, 1, 1, 1, 1, 1, 1, 1, 1, 1, 1, 1, 1, 1, 1, 1, 1, 1, 1, 1, 1, 1, 1, 1, 1, 1, 1, 1, 1, 1, 1, 1, 1
-9999, -9999, -9999, -9999, -9999, -9999, -9999, -9999, -9999, -9999, -9999, -9999, -9999, -9999, -9999, -9999, -9999, -9999, -9999, -9999, -9999, -9999, -9999, -9999, -9999, -9999, -9999, -9999, -9999, -9999, -9999, -9999, -9999, -9999, -9999, -9999, -9999, -9999, -9999, -9999, -9999, -9999, -9999, -9999, -9999
Time_Stop, seconds_past_midnight, Stop time of measurement
Time_Mid, seconds_past_midnight, Mid time of measurement
Press_mb, mb, Pressure reported (mb)
Temp_C, degrees C, POPS temperature measurement
Aerosol_concentration, cm^-3, Aerosol concentration
Surface_Area_Conc, um^2 cm^-3, Surface area concentration
Volume_density, um^3 cm^-3, Volume density
Effective_radius, um, Effective radius
Extinction, km^-1, Extinction
Bin01, cm^-3, particle concentration in size range [1401 - 146.3 nm]
Bin02, cm^-3, particle concentration in size range [146.3 - 152.8 nm]
Bin03, cm^-3, particle concentration in size range [152.8 - 159.6 nm]
Bin04, cm^-3, particle concentration in size range [159.6 - 166.8 nm]
Bin05, cm^-3, particle concentration in size range [166.8 - 174.2 nm]
Bin06, cm^-3, particle concentration in size range [174.2 - 181.9 nm]
Bin07, cm^-3, particle concentration in size range [181.9 - 190.0 nm]
Bin08, cm^-3, particle concentration in size range [190.0 - 198.5 nm]
Bin09, cm^-3, particle concentration in size range [198.5 - 207.4 nm]
Bin10, cm^-3, particle concentration in size range [207.4 - 216.6 nm]
Bin11, cm^-3, particle concentration in size range [216.6 - 226.2 nm]
Bin12, cm^-3, particle concentration in size range [226.2 - 236.3 nm]
Bin13, cm^-3, particle concentration in size range [236.3 - 246.8 nm]
Bin14, cm^-3, particle concentration in size range [246.8 - 257.8 nm]
Bin15, cm^-3, particle concentration in size range [257.8 - 269.3 nm]
Bin16, cm^-3, particle concentration in size range [269.3 - 343.4 nm]
Bin17, cm^-3, particle concentration in size range [343.4 - 450.7 nm]
Bin18, cm^-3, particle concentration in size range [450.7 - 525.9 nm]
Bin19, cm^-3, particle concentration in size range [525.9 - 618.5 nm]
Bin20, cm^-3, particle concentration in size range [618.5 - 710.0 nm]
Bin21, cm^-3, particle concentration in size range [710.0 - 822.7 nm]
Bin22, cm^-3, particle concentration in size range [822.7 - 885.9 nm]
Bin23, cm^-3, particle concentration in size range [885.9 - 953.9 nm]
Bin24, cm^-3, particle concentration in size range [953.9 - 1027.2 nm]
Bin25, cm^-3, particle concentration in size range [1027.2 - 1106.1 nm]
Bin26, cm^-3, particle concentration in size range [1106.1 - 1191.0 nm]
Bin27, cm^-3, particle concentration in size range [1191.0 - 1282.5 nm]
Bin28, cm^-3, particle concentration in size range [1282.5 - 1381.0 nm]
Bin29, cm^-3, particle concentration in size range [1381.0 - 1487.1 nm]
Bin30, cm^-3, particle concentration in size range [1487.1 - 1601.3 nm]
Bin31, cm^-3, particle concentration in size range [1601.3 - 1724.3 nm]
[...]
PLATFORM: NOAA CSL Mobile Lab
LOCATION: USOS
ASSOCIATED_DATA: N/A
INSTRUMENT_INFO: Printed Optical Particle Spectrometer counts particles from 140 - 2500 nm in diameter 
DATA_INFO: Particle concentrations reported in number per cubic centimeter,1 Hz data
UNCERTAINTY: Counting uncertainty dominated by air flow, less than 5 percent. Measurement range is ~0 - 3000 per cm3 (varies depending on flow rate- manufacturer quotes 1250 per cm3 at 1.667 cc/s)
ULOD_FLAG: -7777
ULOD_VALUE: N/A
LLOD_FLAG: -8888
LLOD_VALUE: N/A
DM_CONTACT_INFO: Troy Thornberry, 325 Broadway R/CSL6, Boulder, CO 80305; troy.thornberry@noaa.gov; 303-497-3373
PROJECT_INFO: USOS, Utah POPS data from NOAA CSL Mobile Lab
STIPULATIONS_ON_USE: Please contact the PIs for questions regarding applications and uncertainties
OTHER_COMMENTS: POPS bin Edges (nm):  140.1, 146.3, 152.8, 159.6, 166.8, 174.2, 181.9, 190.0, 198.5, 207.4, 216.6, 226.2, 236.3, 246.8, 257.8, 269.3, 343.4, 450.7, 525.9, 618.5, 710.0, 822.7, 885.9, 953.9, 1027.2, 1106.1, 1191.0, 1282.5, 1381.0, 1487.1, 1601.3, 1724.3, 1856.7, 1999.3, 2152.8, 2318.2, 2496.2
Calculations assume organic aerosol refractive index of 1.52+0.00j and extinction wavelength = 532 nm
REVISION: R0
R0: Final data
Time_Start, Time_Stop, Time_Mid, Press_mb, Temp_C, Aerosol_concentration, Surface_Area_Conc, Volume_density, Effective_radius, Extinction, Bin01, Bin02, Bin03, Bin04, Bin05, Bin06, Bin07, Bin08, Bin09, Bin10, Bin11, Bin12, Bin13, Bin14, Bin15, Bin16, Bin17, Bin18, Bin19, Bin20, Bin21, Bin22, Bin23, Bin24, Bin25, Bin26, Bin27, Bin28, Bin29, Bin30, Bin31, Bin32, Bin33, Bin34, Bin35, Bin36
[from data line 391]
23460,23519,23490,874.898,37.116,1961.969,331.668,18.959,0.171,0.110,162.625320,158.765518,151.892029,146.845322,138.207458,127.230133,116.291557,110.012787,99.887650,93.823135,87.200287,82.529938,73.951668,63.051155,48.544865,177.358444,73.075043,32.413174,12.521955,1.539062,1.163661,0.710033,0.475263,0.358391,0.316766,0.212947,0.086901,0.139327,0.075266,0.179647,0.144720,0.091966,0.063241,0.039908,0.063350,0.081272
23520,23579,23550,874.900,37.041,1322.070,229.886,13.594,0.177,0.077,104.314545,100.945221,97.281937,93.861443,90.552979,82.421059,77.816345,72.044495,66.823952,62.481846,59.208366,57.506050,53.067650,47.397503,36.735828,134.131378,52.147690,21.732813,7.824536,1.029501,0.693490,0.435510,0.285596,0.214401,0.143844,0.153834,0.092586,0.088125,0.077053,0.116033,0.133885,0.073054,0.066504,0.033246,0.044517,0.093440
23580,23639,23610,874.905,36.989,979.676,175.350,10.515,0.178,0.059,71.328987,69.743027,67.031990,66.608009,62.955208,59.432919,55.690029,52.295132,49.337368,47.092453,45.308743,44.376118,41.207630,38.802494,31.807091,110.871613,42.000515,15.700247,5.433734,0.611041,0.553020,0.236955,0.195589,0.174314,0.090218,0.135995,0.090336,0.091147,0.050963,0.067740,0.055908,0.067983,0.084564,0.039576,0.050150,0.057140
23640,23699,23670,874.899,36.953,644.728,122.193,7.394,0.181,0.042,40.723167,40.238651,38.402424,38.897083,37.706383,35.453014,33.139618,32.522247,31.310343,30.970524,30.552336,30.647570,31.159582,31.081503,25.240572,90.524841,31.494341,9.470225,3.372855,0.432772,0.298704,0.160541,0.150184,0.122979,0.055711,0.078122,0.039285,0.066966,0.088766,0.049632,0.112511,0.043775,0.044002,0.005376,0.038894,0.032815
23700,23759,23730,874.907,36.934,487.955,99.776,6.652,0.198,0.036,25.853735,24.811399,24.504154,25.212055,24.873476,24.402874,24.047136,23.658375,23.269161,23.074087,23.696817,25.704956,26.384453,25.908119,23.748289,79.157829,28.171089,7.521408,2.485735,0.321956,0.151396,0.161030,0.117139,0.083583,0.061108,0.055971,0.066338,0.033573,0.055330,0.061224,0.055565,0.066893,0.027918,0.039269,0.055770,0.055448
23760,23819,23790,874.907,36.896,453.983,93.323,6.093,0.194,0.033,22.788559,22.493155,22.109947,22.266901,22.416613,21.953489,21.896038,21.879122,21.043331,21.316916,22.727865,23.986906,25.334656,26.522614,21.861977,76.405815,26.662550,6.710149,2.285601,0.327194,0.207335,0.096991,0.091320,0.045065,0.045094,0.022662,0.055900,0.050989,0.040438,0.051561,0.072059,0.056941,0.067879,0.016805,0.011248,0.061556
23820,23879,23850,874.921,37.017,453.870,92.780,5.815,0.186,0.033,22.694044,22.343496,22.342485,21.725456,22.402914,21.817280,22.096470,22.105589,21.022478,21.821934,21.378971,23.931810,25.147573,25.836679,23.159700,77.199860,26.713852,6.478701,2.336827,0.389331,0.209670,0.095102,0.084972,0.044789,0.084329,0.016869,0.034084,0.039159,0.039603,0.045647,0.051189,0.033765,0.050635,0.034302,0.010990,0.049712
23880,23939,23910,874.933,37.155,451.319,92.497,5.870,0.189,0.033,22.372761,21.758419,21.283823,21.178452,22.362118,21.541998,22.032240,21.486603,21.547333,21.094831,22.284500,24.640465,24.892178,25.477123,22.789444,78.069336,26.179361,6.838970,2.324965,0.264632,0.186118,0.118189,0.084826,0.033717,0.050600,0.033935,0.051448,0.022509,0.017474,0.056418,0.067845,0.062231,0.028466,0.023061,0.005785,0.056552
23940,23999,23970,874.948,37.108,448.396,92.976,6.096,0.195,0.033,22.720388,21.335005,20.905354,21.752905,21.680712,21.446161,21.790569,21.206987,21.136431,21.085514,21.404148,23.321192,25.209476,25.396008,22.136396,78.776245,26.878267,6.648982,2.364266,0.290314,0.188043,0.098035,0.055122,0.066780,0.033692,0.049696,0.022605,0.033005,0.038077,0.027208,0.083081,0.049644,0.054634,0.005869,0.027530,0.077610
24000,24059,24030,874.968,37.068,447.971,92.061,5.813,0.188,0.033,21.503363,21.364576,21.038271,21.685011,22.039978,21.831011,21.862331,21.569345,21.344282,21.187744,21.100994,23.496166,24.787846,26.028088,22.071785,78.384926,26.847570,6.358004,2.224605,0.315975,0.184531,0.106330,0.116973,0.071773,0.039253,0.033131,0.050085,0.027132,0.022530,0.021992,0.061102,0.049901,0.061291,0.021929,0.016781,0.044142
24060,24119,24090,874.975,37.013,449.074,93.051,6.098,0.195,0.033,21.690414,20.981750,20.741337,22.040966,22.106174,21.759350,21.469973,21.302765,20.917761,21.440310,21.940357,23.827372,25.195053,25.934858,22.180622,78.684410,26.778975,6.827225,2.050535,0.281558,0.151032,0.105050,0.094177,0.033030,0.022173,0.055270,0.049621,0.039710,0.022855,0.027579,0.076749,0.061028,0.078247,0.039049,0.027635,0.038849
24120,24179,24150,874.984,36.946,445.048,92.687,6.090,0.196,0.033,21.242508,20.684460,20.623463,22.054735,21.447870,21.358414,21.036936,21.241440,21.258770,21.342293,21.471533,23.831724,25.860947,25.046457,22.326172,76.919113,27.112345,6.625474,2.227205,0.351187,0.166901,0.094184,0.059225,0.050147,0.061377,0.066648,0.038745,0.055925,0.060519,0.082718,0.050034,0.060902,0.022072,0.038785,0.027305,0.049485
24180,24239,24210,874.987,36.958,447.552,92.428,5.987,0.192,0.033,21.294851,21.752134,20.946898,21.923985,22.138176,21.730600,21.270636,20.983416,21.008324,21.577557,21.746401,23.775505,24.252537,25.776899,22.723587,77.829430,26.918650,6.424663,2.284555,0.300263,0.192820,0.101179,0.062202,0.067509,0.044937,0.010782,0.028710,0.028339,0.028729,0.033565,0.085681,0.045526,0.050584,0.022737,0.022906,0.066560
24240,24299,24270,875.001,37.062,450.736,93.582,5.986,0.190,0.033,21.311197,20.690386,20.544287,21.820429,22.150499,21.798561,21.105341,22.155464,20.805500,21.107929,22.256502,24.048317,25.581949,25.980431,23.068398,78.372307,27.585962,7.054555,2.148713,0.233089,0.153932,0.084336,0.089428,0.061098,0.061092,0.032826,0.016506,0.061529,0.038524,0.061105,0.077681,0.038904,0.033754,0.021960,0.033347,0.050550
24300,24359,24330,875.010,37.179,447.105,92.369,5.989,0.193,0.033,21.256901,21.837488,20.656969,21.615829,21.563984,21.527941,21.446945,21.238867,21.238859,20.872286,21.911936,23.689640,24.876541,25.910337,22.593306,78.137634,27.016151,6.383003,2.124970,0.235753,0.208850,0.115491,0.066206,0.038516,0.076539,0.022062,0.060597,0.022063,0.038697,0.055491,0.043752,0.066595,0.060870,0.016103,0.044451,0.033186
24360,24419,24390,875.014,37.110,447.534,92.278,5.880,0.189,0.033,21.193163,21.912279,20.402885,21.915638,21.511034,21.245371,21.303415,21.813021,20.972879,21.532368,22.267614,23.479521,24.526777,26.045202,21.835968,79.119713,26.294682,6.827606,2.170451,0.277173,0.205578,0.121730,0.060934,0.044990,0.044300,0.043789,0.039016,0.022217,0.028219,0.022584,0.066317,0.033525,0.033231,0.010985,0.038936,0.070606
24420,24479,24450,875.003,37.059,446.042,92.794,6.015,0.192,0.033,21.773195,20.413719,20.483820,21.337467,21.634256,21.188419,21.545076,20.798098,20.813181,21.481861,21.911037,24.252823,25.221712,25.925493,22.235222,78.530273,26.375969,6.493102,2.252716,0.348798,0.189472,0.121379,0.111492,0.027408,0.072019,0.044509,0.038778,0.039468,0.066508,0.060697,0.065572,0.038984,0.028211,0.043928,0.022040,0.055593
24480,24539,24510,874.996,37.013,447.083,92.282,5.766,0.186,0.033,20.967905,21.563526,21.206604,21.205448,22.316761,21.581972,21.260450,21.170368,20.899935,20.780642,21.917784,23.634056,25.217297,25.204714,22.128500,79.216179,26.605015,6.749839,2.189579,0.297327,0.197844,0.141677,0.079028,0.044462,0.080096,0.039898,0.045870,0.051351,0.028446,0.022412,0.090593,0.028585,0.022369,0.022497,0.022856,0.050945
24540,24599,24570,875.005,36.945,448.828,93.098,5.899,0.188,0.033,21.749189,20.949846,20.548918,21.756372,21.070915,21.879475,20.517550,21.309774,21.269592,22.511059,21.671516,23.570620,25.530020,25.776075,22.636911,78.348618,27.445124,6.604698,2.372045,0.321905,0.220368,0.089501,0.093650,0.106153,0.044027,0.032872,0.049784,0.027356,0.027503,0.054963,0.072252,0.044000,0.032992,0.021813,0.027104,0.043701
24600,24659,24630,874.990,36.928,449.748,92.568,5.717,0.184,0.033,21.446274,21.385319,21.109077,21.546124,22.076803,21.430733,21.039909,21.927254,20.693388,21.523870,22.031349,23.958466,24.773460,26.064465,22.534117,79.066559,26.928549,6.842909,2.191214,0.321880,0.161610,0.111397,0.061295,0.066440,0.056760,0.027408,0.032946,0.016989,0.055668,0.033119,0.094216,0.022621,0.021544,0.022439,0.027884,0.044080
24660,24719,24690,874.962,36.994,450.405,93.245,5.997,0.191,0.033,20.732655,21.867754,21.557487,21.175987,21.471266,22.043436,21.504585,21.482660,21.536867,21.522696,22.145475,23.892809,25.495754,25.856127,22.619722,78.305573,26.900150,6.829803,2.216286,0.317894,0.175099,0.129776,0.050974,0.062284,0.040148,0.045096,0.045892,0.028321,0.062347,0.056826,0.022734,0.039279,0.056643,0.028463,0.022944,0.062641
24720,24779,24750,874.945,37.078,446.126,91.293,5.500,0.180,0.032,21.055965,21.252419,20.763845,21.920095,22.040905,21.209747,21.270075,21.279400,21.151278,20.888506,21.491289,23.610064,25.255951,25.443102,22.685589,77.392937,27.355743,6.500455,2.383612,0.330298,0.220720,0.094990,0.066427,0.093875,0.049968,0.027287,0.016148,0.016677,0.038549,0.055378,0.038942,0.038276,0.022042,0.016200,0.016407,0.033027
24780,24839,24810,874.946,37.115,448.251,92.697,5.913,0.190,0.033,21.275888,21.601389,21.359018,21.574732,21.613855,21.494579,21.681955,20.932201,21.350605,21.791313,21.324957,23.806297,25.506794,25.678869,22.799841,76.987282,26.994139,7.109169,2.299389,0.215714,0.137806,0.065813,0.061246,0.061298,0.050380,0.044267,0.038484,0.055189,0.043869,0.027799,0.061256,0.033286,0.055536,0.050280,0.027441,0.038947
24840,24899,24870,874.943,37.110,447.955,92.544,5.900,0.190,0.033,21.033184,21.296116,21.522608,21.406599,22.154156,21.831455,20.708433,21.165014,21.429525,21.401735,21.899317,23.280315,25.565676,25.888662,22.930031,78.083733,25.967999,6.792681,2.354681,0.212074,0.244651,0.112572,0.077652,0.056017,0.033513,0.061695,0.055204,0.050142,0.077589,0.028090,0.061238,0.044919,0.033154,0.027806,0.011338,0.055438
24900,24959,24930,874.937,37.017,452.644,93.356,5.814,0.186,0.033,22.023546,20.802086,21.555340,22.021582,21.996130,21.507414,21.508354,21.490482,21.053377,21.396118,22.119236,23.930159,25.937271,26.416681,22.755501,78.336174,27.397650,6.913793,2.299296,0.220520,0.168944,0.129551,0.062254,0.062218,0.095955,0.050362,0.050668,0.022892,0.050287,0.045091,0.072362,0.039308,0.028734,0.033638,0.017145,0.033633
24960,25019,24990,874.933,36.981,448.530,93.249,6.158,0.196,0.033,21.417406,20.772228,21.182409,21.428089,21.952307,21.595684,21.772587,21.359676,20.974068,21.534904,22.230619,24.157829,25.521444,25.367928,22.695232,77.910156,26.749701,6.521406,2.111422,0.271184,0.143848,0.099320,0.099125,0.082696,0.049284,0.044774,0.028154,0.055267,0.050120,0.056062,0.078087,0.038704,0.049760,0.011186,0.061749,0.055494
25020,25079,25050,874.950,36.885,449.555,93.448,6.147,0.195,0.033,21.274500,20.791533,20.821091,22.030581,21.980995,21.335779,21.584064,21.405043,21.082361,20.947418,21.744858,23.939827,25.542896,26.018406,22.641108,79.131561,26.916433,6.989460,2.221756,0.316699,0.155229,0.055727,0.071772,0.039149,0.039743,0.032985,0.038426,0.033922,0.027157,0.022189,0.082362,0.066903,0.044777,0.044759,0.044517,0.039258
25080,25139,25110,874.955,36.851,447.986,92.904,6.021,0.192,0.033,20.632782,21.606251,20.703011,21.680372,21.520443,21.399885,21.003616,21.303829,20.769979,21.321423,21.729898,23.893559,25.740450,25.847273,23.090574,79.507774,25.891708,7.023094,2.128179,0.259573,0.177248,0.082901,0.089960,0.094461,0.049906,0.033414,0.050339,0.028620,0.033315,0.033145,0.038478,0.044412,0.032548,0.044168,0.043869,0.055366
25140,25199,25170,874.957,36.996,450.263,93.043,5.930,0.190,0.033,21.580570,21.009914,20.393881,22.107893,22.078283,21.521729,21.393806,21.545364,21.535406,21.387564,22.050076,23.878784,25.245798,26.104250,22.326269,79.127800,27.036064,6.559906,2.236211,0.265373,0.144071,0.105652,0.083385,0.061694,0.027613,0.050141,0.061249,0.021765,0.022366,0.038515,0.038747,0.028211,0.072195,0.039201,0.038446,0.044501
25200,25259,25230,874.976,37.163,449.441,92.714,5.850,0.188,0.033,21.680618,21.673136,21.143950,20.888618,21.542065,22.351713,20.817368,21.892271,20.820478,21.511372,21.945620,22.848680,24.871229,26.051245,22.734526,79.860374,26.855640,6.388267,2.352413,0.311431,0.128652,0.110690,0.116881,0.077803,0.055374,0.065886,0.011131,0.044470,0.038897,0.017046,0.067147,0.039107,0.016183,0.011522,0.043913,0.055033
25260,25319,25290,874.969,37.074,451.938,93.097,5.980,0.191,0.033,21.226061,21.406839,20.861343,21.888401,22.406000,21.687399,21.221552,21.250887,20.941833,22.123135,22.862963,24.278986,25.883614,25.755888,22.403112,78.760063,27.043539,6.610465,2.229116,0.233109,0.187537,0.093429,0.066383,0.027115,0.032601,0.049615,0.027311,0.043439,0.033136,0.044423,0.070440,0.055278,0.022139,0.016525,0.028161,0.065976
25320,25379,25350,874.974,37.009,449.081,92.418,5.752,0.185,0.033,20.797760,21.162800,20.929480,21.591892,21.874338,22.064400,21.150551,21.927517,20.980927,21.660177,21.254099,23.732054,25.228874,26.699228,23.146744,78.239410,26.722689,6.566503,2.180336,0.253033,0.216022,0.089689,0.071712,0.055331,0.027624,0.038578,0.061440,0.070986,0.038244,0.022128,0.055105,0.022331,0.055683,0.016845,0.032799,0.043574
25380,25439,25410,874.987,36.962,448.612,94.094,6.377,0.200,0.034,21.618372,21.116428,21.391144,21.599169,21.568783,21.698782,21.330175,20.854996,20.783140,21.256754,21.726738,24.338528,25.150938,25.958569,22.517523,78.654343,26.653114,6.836650,2.321455,0.248254,0.174446,0.118312,0.033768,0.039179,0.050658,0.028887,0.061217,0.033552,0.038812,0.063045,0.119439,0.033837,0.011235,0.056139,0.040446,0.084900
25440,25499,25470,874.995,36.975,449.886,92.476,5.827,0.188,0.033,21.257624,21.394484,21.334272,21.471603,22.018429,21.488981,21.681250,21.448483,21.175930,21.418472,21.904211,24.031981,25.499548,26.127264,22.348907,79.260521,25.877481,6.775496,2.201520,0.283384,0.188725,0.082733,0.066095,0.077489,0.066552,0.044992,0.011075,0.032366,0.005394,0.045342,0.044158,0.038149,0.083718,0.044097,0.032992,0.022055
25500,25559,25530,874.993,36.969,448.152,93.061,5.955,0.191,0.033,21.113581,21.095592,20.207228,22.011322,22.189241,20.869116,21.247004,20.603060,20.976219,21.862373,21.801588,23.876228,25.039373,26.021549,22.800100,79.067017,26.864405,6.992651,2.335315,0.268625,0.183085,0.072199,0.100624,0.039510,0.061013,0.032474,0.039386,0.032923,0.043928,0.038271,0.078362,0.055148,0.038309,0.028311,0.027855,0.038679
25560,25619,25590,874.995,37.037,454.016,93.683,5.967,0.190,0.033,21.331818,21.254511,21.165123,22.053677,22.492424,21.598907,21.584450,21.452719,21.126085,21.670126,22.514696,24.123995,25.423199,27.035398,22.710201,79.310966,26.835794,6.995584,2.084777,0.370836,0.128949,0.093435,0.078280,0.061445,0.044260,0.039264,0.065968,0.027792,0.034036,0.055997,0.044790,0.060194,0.045168,0.055861,0.017126,0.027933
25620,25679,25650,875.005,37.168,452.348,92.967,5.768,0.184,0.033,21.878546,21.209631,21.162085,21.673269,21.830276,21.605415,21.088127,21.985224,21.528677,21.399271,22.221523,24.039911,26.121897,26.419519,22.971468,78.018593,26.903156,6.786149,2.310513,0.253150,0.234115,0.111435,0.061112,0.078887,0.067288,0.022412,0.027724,0.021704,0.033396,0.039254,0.071404,0.038736,0.039288,0.039345,0.044531,0.011033
25680,25739,25710,875.006,37.141,449.760,92.913,5.982,0.191,0.033,21.756577,21.134462,20.723198,21.954426,21.596828,21.553772,21.359474,20.991890,21.139954,21.502615,22.633028,23.811184,26.006201,25.901512,22.458403,78.601593,26.563459,6.823884,2.103178,0.256026,0.193602,0.084475,0.082584,0.054744,0.060733,0.055214,0.022394,0.011749,0.038725,0.022168,0.045341,0.022538,0.049555,0.027651,0.033299,0.084019
