CampaignData_and_Merges/R0/CSL_MobileLab_Parked/raw/20240725/USOS-MetNav_MobileLabGround_20240725_R0.ict
44, 1001
Carrie Womack, Nate Howard, Mike Zucker
NOAA Chemical Sciences Laboratory
Mobile Lab MetNav Station
USOS
1, 1
2024, 07, 25, 2024, 12, 21
60
Time_Start, seconds_past_midnight, Seconds from midnight UTC
11
1, 1, 1, 1, 1, 1, 1, 1, 1, 1, 1
-9999, -9999, -9999, -9999, -9999, -9999, -9999, -9999, -9999, -9999, -9999
GPS_Alt_m, meters, Altitude from Differential GPS
GPS_Course_deg, degrees, Course from Differential GPS
GPS_GndSpd_m_s, m/s, Ground Speed from Differential GPS
GPS_Heading_deg, degrees, Heading from Differential GPS
GPS_Lat_deg, degrees, Latitude from Differential GPS
GPS_Lon_deg, degrees, Longitude from Differential GPS
AirTemp_C, Celsius, Air Temperature from Airmar
RelHumidity_pct, percent, Relative Humidity from Airmar
Pressure_mb, millibars, Pressure from Honeywell
WindDir_calc_deg, degrees, Wind Direction from Airmar corrected for van movement
WindSpd_calc_m_s, m/s, Wind Speed from Airmar corrected for van movement
1
SPECIAL COMMENTS:
18
PI_CONTACT_INFO: Address: 325 Broadway R/CSL7, Boulder, CO, 80305
PLATFORM: CSL Mobile Lab
LOCATION: Salt Lake City, UT
ASSOCIATED_DATA: N/A
INSTRUMENT_INFO: N/A
DATA_INFO: Units:
UNCERTAINTY: N/A
ULOD_FLAG: -7777
ULOD_VALUE: N/A
LLOD_FLAG: -8888
LLOD_VALUE: N/A
DM_CONTACT_INFO: Data Manager: Nate Howard
PROJECT_INFO: 
STIPULATIONS_ON_USE: Use of these data require prior ok from PI.
OTHER_COMMENTS: 
REVISION: R0
R0: Final data. Fixed bug in wind averaging code. RA: Preliminary Data. For in-field use only. 
Time_Start, GPS_Alt_m, GPS_Course_deg, GPS_GndSpd_m_s, GPS_Heading_deg, GPS_Lat_deg, GPS_Lon_deg, AirTemp_C, RelHumidity_pct, Pressure_mb, WindDir_calc_deg, WindSpd_calc_m_s
[from data line 409]
24540.0,1308.4,359.48,0.04,359.48,40.73434,-111.87211,25.9,30.6,879.9,99.54,0.7
24600.0,1308.4,359.41,0.04,359.41,40.73434,-111.87211,25.9,30.6,879.9,101.18,0.6
24660.0,1308.4,359.78,0.04,359.78,40.73434,-111.87211,25.9,30.5,879.9,114.34,0.7
24720.0,1308.4,359.63,0.05,359.63,40.73434,-111.87211,25.9,30.8,879.9,117.20,1.1
24780.0,1308.4,359.34,0.04,359.34,40.73434,-111.87211,25.8,30.6,879.9,112.35,1.0
24840.0,1308.2,359.40,0.04,359.40,40.73434,-111.87211,25.9,30.7,879.9,112.37,1.0
24900.0,1308.0,359.38,0.04,359.38,40.73434,-111.87211,25.9,30.6,879.9,107.53,0.9
24960.0,1307.9,359.05,0.05,359.05,40.73434,-111.87211,25.9,30.3,879.9,82.69,0.5
25020.0,1307.8,359.24,0.04,359.24,40.73434,-111.87212,26.0,30.1,879.9,117.28,0.5
25080.0,1307.9,359.12,0.05,359.12,40.73434,-111.87212,26.0,30.1,879.9,113.19,0.9
25140.0,1308.0,359.34,0.05,359.34,40.73434,-111.87212,26.0,30.3,879.9,121.16,1.2
25200.0,1308.2,359.73,0.04,359.73,40.73434,-111.87212,26.0,30.4,879.9,119.13,1.7
25260.0,1308.1,359.73,0.04,359.73,40.73434,-111.87212,25.9,30.4,879.9,118.23,1.6
25320.0,1308.2,359.62,0.04,359.62,40.73434,-111.87211,26.0,30.4,879.9,120.59,1.0
25380.0,1308.3,359.65,0.04,359.65,40.73434,-111.87211,26.0,30.4,879.9,115.37,0.8
25440.0,1308.3,0.02,0.04,0.02,40.73434,-111.87211,26.0,30.1,879.9,116.47,0.9
25500.0,1308.4,359.84,0.04,359.84,40.73434,-111.87211,26.1,30.2,879.9,120.20,1.4
25560.0,1308.5,0.09,0.04,0.09,40.73434,-111.87211,26.0,30.3,879.9,125.10,1.5
25620.0,1308.6,359.65,0.04,359.65,40.73434,-111.87211,26.0,30.5,879.9,122.98,1.6
25680.0,1308.6,359.46,0.04,359.46,40.73434,-111.87211,26.0,30.2,879.9,123.01,1.9
25740.0,1308.8,359.17,0.03,359.17,40.73434,-111.87211,26.0,30.3,879.9,125.76,1.9
25800.0,1308.8,359.49,0.04,359.49,40.73434,-111.87211,26.0,30.4,879.9,124.74,1.7
25860.0,1308.9,359.47,0.04,359.47,40.73434,-111.87211,26.0,30.8,879.9,123.29,1.3
25920.0,1309.1,359.05,0.04,359.05,40.73434,-111.87211,26.1,30.9,879.9,122.40,1.2
25980.0,1309.3,359.53,0.04,359.53,40.73434,-111.87211,26.1,31.2,879.9,123.00,1.2
26040.0,1309.3,359.61,0.05,359.61,40.73434,-111.87211,26.1,30.9,879.9,123.69,1.4
26100.0,1309.3,0.06,0.05,0.06,40.73434,-111.87211,26.1,30.5,879.9,124.61,1.5
26160.0,1309.4,0.12,0.04,0.12,40.73434,-111.87211,26.1,30.4,879.9,129.32,1.6
26220.0,1309.5,359.53,0.04,359.53,40.73434,-111.87211,26.1,30.4,879.9,132.21,1.5
26280.0,1309.5,358.95,0.05,358.95,40.73434,-111.87211,26.1,30.3,879.9,137.54,1.8
26340.0,1309.5,359.44,0.05,359.44,40.73434,-111.87211,26.2,30.4,879.9,136.65,1.6
26400.0,1309.4,359.95,0.04,359.95,40.73434,-111.87211,26.2,30.5,879.9,131.54,1.3
26460.0,1309.4,359.68,0.04,359.68,40.73434,-111.87211,26.2,30.8,879.9,137.05,1.7
26520.0,1309.5,359.64,0.05,359.64,40.73434,-111.87211,26.2,30.7,879.9,124.16,1.6
26580.0,1309.6,358.99,0.04,358.99,40.73434,-111.87211,26.1,31.1,880.0,119.25,1.8
26640.0,1309.7,358.38,0.04,358.38,40.73434,-111.87211,26.2,30.7,880.0,120.89,1.8
26700.0,1309.8,359.10,0.05,359.10,40.73434,-111.87211,26.0,31.2,880.0,121.97,1.9
26760.0,1309.7,359.49,0.05,359.49,40.73434,-111.87211,26.0,30.9,880.0,117.88,2.1
26820.0,1309.8,359.22,0.05,359.22,40.73434,-111.87211,26.0,30.6,879.9,125.09,2.0
26880.0,1309.8,358.84,0.05,358.84,40.73434,-111.87211,26.0,30.9,879.9,125.91,1.8
26940.0,1309.7,359.42,0.05,359.42,40.73434,-111.87211,26.0,31.3,879.9,120.80,1.9
27000.0,1309.7,359.01,0.05,359.01,40.73434,-111.87211,26.0,30.7,880.0,119.96,1.8
27060.0,1309.6,359.17,0.05,359.17,40.73434,-111.87211,26.0,30.7,880.0,120.10,2.3
27120.0,1309.7,359.37,0.05,359.37,40.73434,-111.87211,26.0,30.7,880.0,114.85,1.6
27180.0,1309.8,359.64,0.05,359.64,40.73434,-111.87211,26.0,30.5,880.0,111.46,1.4
27240.0,1309.8,359.61,0.04,359.61,40.73434,-111.87210,26.0,30.4,880.0,119.94,1.4
27300.0,1309.6,359.78,0.05,359.78,40.73434,-111.87210,26.0,30.6,880.0,105.02,1.2
27360.0,1309.3,0.07,0.05,0.07,40.73434,-111.87211,26.1,30.5,880.1,117.43,1.2
27420.0,1309.2,0.08,0.05,0.08,40.73434,-111.87210,26.1,30.4,880.1,116.74,1.1
27480.0,1309.4,359.92,0.05,359.92,40.73434,-111.87210,26.1,30.5,880.1,108.41,0.8
27540.0,1309.6,359.81,0.05,359.81,40.73434,-111.87210,26.1,30.4,880.1,117.88,1.5
27600.0,1309.5,359.95,0.05,359.95,40.73434,-111.87210,26.1,30.5,880.1,105.57,1.0
27660.0,1309.5,359.96,0.05,359.96,40.73434,-111.87210,26.2,30.3,880.1,104.46,0.8
27720.0,1309.4,359.43,0.05,359.43,40.73434,-111.87211,26.2,29.9,880.1,95.79,0.5
27780.0,1309.3,359.49,0.06,359.49,40.73434,-111.87211,26.2,29.9,880.1,97.32,0.5
27840.0,1309.2,359.82,0.05,359.82,40.73434,-111.87211,26.2,29.9,880.1,110.41,0.8
27900.0,1309.1,359.67,0.05,359.67,40.73434,-111.87211,26.3,29.8,880.1,115.25,1.1
27960.0,1309.0,359.56,0.05,359.56,40.73434,-111.87211,26.3,29.9,880.2,114.83,1.0
28020.0,1308.9,359.39,0.05,359.39,40.73434,-111.87211,26.3,29.7,880.2,103.47,0.7
28080.0,1308.8,359.15,0.05,359.15,40.73434,-111.87211,26.3,29.7,880.2,108.62,0.9
28140.0,1308.9,359.25,0.05,359.25,40.73434,-111.87211,26.3,29.7,880.2,109.91,0.7
28200.0,1309.1,359.68,0.06,359.68,40.73434,-111.87211,26.4,29.8,880.2,116.89,1.0
28260.0,1309.6,0.08,0.04,0.08,40.73434,-111.87211,26.4,30.1,880.2,112.43,0.9
28320.0,1309.6,0.12,0.05,0.12,40.73434,-111.87211,26.4,29.9,880.2,109.25,1.0
28380.0,1309.5,359.73,0.05,359.73,40.73434,-111.87211,26.4,30.1,880.2,110.66,0.9
28440.0,1309.7,359.77,0.06,359.77,40.73434,-111.87211,26.4,29.8,880.2,108.80,1.0
28500.0,1309.7,359.81,0.05,359.81,40.73434,-111.87211,26.4,29.9,880.1,115.71,1.1
28560.0,1309.7,0.25,0.05,0.25,40.73434,-111.87211,26.4,30.2,880.1,115.32,1.2
28620.0,1309.7,0.18,0.05,0.18,40.73434,-111.87211,26.4,30.4,880.1,113.90,0.9
28680.0,1309.8,359.87,0.05,359.87,40.73434,-111.87211,26.4,30.2,880.1,119.14,1.2
28740.0,1309.8,359.11,0.05,359.11,40.73434,-111.87211,26.4,29.9,880.1,115.69,0.8
28800.0,1309.7,359.50,0.05,359.50,40.73434,-111.87211,26.5,29.8,880.1,100.42,0.6
28860.0,1309.5,359.54,0.05,359.54,40.73434,-111.87211,26.5,29.7,880.1,102.22,0.6
28920.0,1309.3,358.89,0.05,358.89,40.73434,-111.87211,26.5,29.8,880.1,124.18,1.0
28980.0,1309.2,359.20,0.05,359.20,40.73434,-111.87211,26.6,29.8,880.2,125.11,1.0
29040.0,1309.0,359.55,0.05,359.55,40.73434,-111.87211,26.6,29.8,880.2,123.72,1.2
29100.0,1308.9,359.76,0.05,359.76,40.73434,-111.87211,26.6,29.8,880.2,120.32,1.4
29160.0,1308.9,0.60,0.05,0.60,40.73434,-111.87211,26.6,30.3,880.1,121.04,1.7
29220.0,1308.9,0.19,0.05,0.19,40.73434,-111.87211,26.5,31.0,880.1,113.91,1.6
29280.0,1308.9,0.30,0.05,0.30,40.73434,-111.87211,26.5,30.4,880.1,115.43,1.5
29340.0,1308.7,0.46,0.05,0.46,40.73434,-111.87211,26.5,30.4,880.1,113.15,1.5
29400.0,1308.7,0.46,0.06,0.46,40.73434,-111.87210,26.4,30.4,880.1,116.68,1.8
29460.0,1308.6,0.26,0.05,0.26,40.73434,-111.87210,26.4,30.6,880.1,117.20,1.7
29520.0,1308.8,0.10,0.05,0.10,40.73434,-111.87210,26.4,30.6,880.1,111.95,1.5
29580.0,1308.7,0.13,0.05,0.13,40.73434,-111.87210,26.4,30.5,880.1,119.05,1.5
29640.0,1309.0,0.08,0.06,0.08,40.73434,-111.87210,26.4,30.4,880.1,114.16,1.2
29700.0,1308.8,359.39,0.05,359.39,40.73434,-111.87210,26.5,30.5,880.1,118.72,1.2
29760.0,1308.6,359.89,0.05,359.89,40.73434,-111.87210,26.5,30.4,880.1,121.63,1.2
29820.0,1308.5,359.87,0.05,359.87,40.73434,-111.87210,26.5,30.6,880.2,127.54,1.0
29880.0,1308.7,0.15,0.05,0.15,40.73434,-111.87210,26.6,30.4,880.2,120.82,1.1
29940.0,1308.7,0.17,0.05,0.17,40.73434,-111.87210,26.6,30.3,880.2,116.89,0.8
30000.0,1308.8,359.81,0.05,359.81,40.73434,-111.87210,26.7,30.3,880.3,116.93,0.8
30060.0,1308.7,359.97,0.06,359.97,40.73434,-111.87210,26.7,30.0,880.3,91.68,0.4
30120.0,1308.7,0.17,0.06,0.17,40.73434,-111.87210,26.8,29.8,880.3,129.55,0.4
30180.0,1308.9,359.90,0.05,359.90,40.73434,-111.87210,26.8,29.8,880.3,102.38,0.4
30240.0,1308.8,359.66,0.06,359.66,40.73434,-111.87210,26.8,29.9,880.3,83.70,0.5
30300.0,1308.8,359.66,0.05,359.66,40.73434,-111.87210,26.8,29.9,880.3,83.57,0.4
30360.0,1308.8,359.99,0.05,359.99,40.73434,-111.87210,26.8,29.9,880.3,81.52,0.5
30420.0,1308.8,0.18,0.05,0.18,40.73434,-111.87210,26.8,29.9,880.3,89.25,0.5
30480.0,1308.7,0.06,0.05,0.06,40.73434,-111.87211,26.8,30.0,880.3,105.82,0.6
30540.0,1308.8,359.31,0.05,359.31,40.73434,-111.87211,26.8,29.8,880.2,125.49,0.8
30600.0,1308.9,359.03,0.05,359.03,40.73434,-111.87211,26.8,29.8,880.2,110.17,0.6
30660.0,1309.0,358.63,0.05,358.63,40.73434,-111.87211,26.8,29.6,880.2,99.21,0.6
30720.0,1309.1,359.79,0.06,359.79,40.73434,-111.87211,26.8,29.6,880.2,98.59,0.6
30780.0,1309.2,359.74,0.05,359.74,40.73434,-111.87211,26.8,29.7,880.1,103.30,0.6
30840.0,1309.3,359.25,0.05,359.25,40.73434,-111.87211,26.8,29.7,880.1,89.38,0.5
30900.0,1309.2,359.01,0.05,359.01,40.73434,-111.87211,26.8,29.7,880.1,97.66,0.6
30960.0,1309.0,359.28,0.05,359.28,40.73434,-111.87211,26.8,29.7,880.0,102.18,0.6
31020.0,1308.9,359.19,0.05,359.19,40.73434,-111.87211,26.8,29.7,880.0,78.80,0.5
31080.0,1309.0,358.84,0.04,358.84,40.73434,-111.87211,26.8,29.8,880.0,116.46,0.4
31140.0,1309.0,358.85,0.04,358.85,40.73434,-111.87211,26.8,30.0,880.0,125.67,0.8
31200.0,1309.1,358.33,0.04,358.33,40.73434,-111.87211,26.9,30.2,880.0,110.74,0.5
31260.0,1309.2,358.62,0.05,358.62,40.73434,-111.87211,26.9,30.3,880.0,119.20,0.9
31320.0,1309.4,358.90,0.05,358.90,40.73434,-111.87211,27.0,30.4,880.1,110.31,0.2
31380.0,1309.4,359.30,0.05,359.30,40.73434,-111.87211,27.0,30.5,880.1,102.88,0.8
31440.0,1309.4,359.62,0.05,359.62,40.73434,-111.87211,27.1,30.4,880.1,118.02,0.7
31500.0,1309.5,359.56,0.05,359.56,40.73434,-111.87211,27.1,30.2,880.1,111.16,0.7
31560.0,1309.6,359.99,0.05,359.99,40.73434,-111.87211,27.2,30.4,880.1,124.22,0.4
31620.0,1309.5,0.11,0.05,0.11,40.73434,-111.87211,27.2,30.7,880.1,73.51,0.1
31680.0,1309.4,359.49,0.05,359.49,40.73434,-111.87211,27.3,30.7,880.2,67.26,0.1
31740.0,1309.4,359.59,0.05,359.59,40.73434,-111.87211,27.5,30.7,880.2,123.69,0.3
31800.0,1309.5,359.97,0.05,359.97,40.73434,-111.87211,27.6,30.7,880.3,127.27,0.5
31860.0,1309.5,359.94,0.05,359.94,40.73434,-111.87211,27.7,30.8,880.3,126.56,0.5
31920.0,1309.4,0.10,0.06,0.10,40.73434,-111.87211,27.7,30.8,880.4,128.77,0.4
31980.0,1309.3,0.22,0.05,0.22,40.73434,-111.87211,27.9,30.8,880.4,147.54,0.5
32040.0,1309.2,0.49,0.05,0.49,40.73434,-111.87211,28.0,30.5,880.5,129.07,0.5
32100.0,1309.0,0.36,0.04,0.36,40.73434,-111.87211,28.1,30.4,880.5,174.92,0.5
32160.0,1308.9,359.80,0.05,359.80,40.73434,-111.87211,28.2,30.3,880.5,124.06,0.5
32220.0,1308.9,0.37,0.05,0.37,40.73434,-111.87211,28.2,30.2,880.4,126.41,0.5
32280.0,1308.7,0.52,0.06,0.52,40.73434,-111.87211,28.2,29.9,880.5,134.50,0.3
32340.0,1308.5,0.79,0.05,0.79,40.73434,-111.87211,28.2,29.9,880.5,116.85,0.5
32400.0,1308.5,0.38,0.05,0.38,40.73434,-111.87211,28.2,29.7,880.6,138.32,0.2
32460.0,1308.5,359.93,0.05,359.93,40.73434,-111.87211,28.3,29.5,880.6,115.43,0.4
32520.0,1308.6,359.67,0.05,359.67,40.73434,-111.87211,28.3,29.4,880.6,95.23,0.7
32580.0,1308.6,359.44,0.05,359.44,40.73434,-111.87211,28.3,29.3,880.6,127.28,0.9
32640.0,1308.6,359.95,0.06,359.95,40.73434,-111.87211,28.3,29.1,880.7,101.29,0.5
32700.0,1308.5,0.02,0.05,0.02,40.73434,-111.87211,28.4,29.0,880.7,105.39,0.2
32760.0,1308.5,359.85,0.05,359.85,40.73434,-111.87211,28.3,29.1,880.7,115.36,0.6
32820.0,1308.6,359.43,0.05,359.43,40.73434,-111.87211,28.3,29.3,880.7,111.02,0.6
32880.0,1308.6,359.03,0.04,359.03,40.73434,-111.87211,28.2,29.4,880.7,86.29,0.5
32940.0,1308.6,358.75,0.05,358.75,40.73434,-111.87211,28.2,29.5,880.8,82.37,0.4
33000.0,1308.6,358.53,0.04,358.53,40.73434,-111.87211,28.2,29.8,880.9,120.69,0.7
33060.0,1308.7,358.72,0.04,358.72,40.73434,-111.87211,28.2,30.0,880.9,37.84,0.4
33120.0,1308.6,358.96,0.05,358.96,40.73434,-111.87211,28.2,30.4,881.0,349.43,0.5
33180.0,1308.6,359.06,0.05,359.06,40.73434,-111.87211,28.3,30.5,881.0,88.04,0.3
33240.0,1308.6,358.88,0.04,358.88,40.73434,-111.87211,28.3,30.5,881.1,59.72,0.3
33300.0,1308.6,358.32,0.05,358.32,40.73434,-111.87211,28.4,30.5,881.1,110.43,0.6
33360.0,1308.6,358.76,0.05,358.76,40.73434,-111.87211,28.3,30.5,881.1,91.42,0.6
33420.0,1308.5,359.36,0.05,359.36,40.73434,-111.87211,28.3,30.5,881.2,89.14,0.5
33480.0,1308.6,359.58,0.04,359.58,40.73434,-111.87211,28.3,30.5,881.2,89.99,0.3
33540.0,1308.6,359.65,0.05,359.65,40.73434,-111.87211,28.3,30.4,881.3,89.97,0.5
33600.0,1308.7,359.82,0.05,359.82,40.73434,-111.87211,28.3,30.5,881.3,112.58,0.9
33660.0,1308.6,359.74,0.04,359.74,40.73434,-111.87211,28.2,30.4,881.3,107.00,1.0
33720.0,1308.6,359.81,0.04,359.81,40.73434,-111.87211,28.2,30.2,881.3,121.57,1.0
33780.0,1308.6,359.43,0.05,359.43,40.73434,-111.87211,28.2,30.1,881.4,111.23,0.8
33840.0,1308.7,359.06,0.04,359.06,40.73434,-111.87211,28.2,30.8,881.4,120.21,0.9
33900.0,1308.9,358.62,0.04,358.62,40.73434,-111.87211,28.2,30.6,881.4,122.19,0.8
33960.0,1308.9,358.63,0.05,358.63,40.73434,-111.87211,28.2,30.6,881.5,275.93,0.1
34020.0,1308.9,358.75,0.04,358.75,40.73434,-111.87211,28.2,30.7,881.5,152.10,0.3
34080.0,1309.0,359.03,0.05,359.03,40.73434,-111.87211,28.2,30.9,881.5,336.73,0.5
34140.0,1309.1,359.23,0.05,359.23,40.73434,-111.87211,28.2,31.0,881.6,350.89,0.4
34200.0,1309.2,358.84,0.05,358.84,40.73434,-111.87211,28.2,31.1,881.6,45.94,0.6
34260.0,1309.4,359.65,0.04,359.65,40.73434,-111.87211,28.1,31.1,881.6,356.93,0.7
34320.0,1309.4,359.53,0.05,359.53,40.73434,-111.87211,28.1,31.1,881.6,47.39,0.4
34380.0,1309.5,359.03,0.04,359.03,40.73434,-111.87211,28.1,31.1,881.6,52.13,0.4
34440.0,1309.6,358.31,0.05,358.31,40.73434,-111.87211,28.2,31.1,881.7,7.51,0.2
34500.0,1309.7,358.76,0.05,358.76,40.73434,-111.87211,28.2,31.1,881.7,31.02,0.4
34560.0,1309.8,358.86,0.05,358.86,40.73434,-111.87211,28.1,31.2,881.6,354.98,0.6
34620.0,1309.7,358.56,0.05,358.56,40.73434,-111.87211,28.1,31.3,881.7,110.70,0.3
34680.0,1309.6,358.59,0.05,358.59,40.73434,-111.87211,28.0,31.3,881.6,73.72,0.9
34740.0,1309.5,358.75,0.06,358.75,40.73434,-111.87211,27.9,31.3,881.7,50.97,0.8
34800.0,1309.4,359.14,0.05,359.14,40.73434,-111.87211,27.8,31.4,881.7,52.50,1.0
34860.0,1309.5,359.13,0.05,359.13,40.73435,-111.87212,27.7,31.5,881.7,64.42,0.9
34920.0,1309.5,359.19,0.06,359.19,40.73435,-111.87212,27.8,31.3,881.7,70.31,0.5
34980.0,1309.5,0.15,0.05,0.15,40.73435,-111.87212,27.7,31.3,881.7,58.50,0.6
35040.0,1309.4,0.26,0.05,0.26,40.73435,-111.87212,27.7,31.3,881.7,50.00,0.5
35100.0,1309.3,0.45,0.04,0.45,40.73435,-111.87212,27.8,31.3,881.7,53.78,0.4
35160.0,1309.4,0.58,0.04,0.58,40.73435,-111.87212,27.8,31.3,881.7,3.97,0.3
35220.0,1309.5,0.53,0.05,0.53,40.73434,-111.87212,27.8,31.5,881.7,115.05,0.5
35280.0,1309.6,0.12,0.05,0.12,40.73434,-111.87212,27.8,31.4,881.7,83.73,0.4
35340.0,1309.6,0.18,0.05,0.18,40.73434,-111.87212,27.8,31.4,881.7,134.06,0.2
35400.0,1309.7,0.72,0.04,0.72,40.73434,-111.87212,27.7,31.5,881.7,74.07,0.9
35460.0,1309.6,1.01,0.04,1.01,40.73434,-111.87212,27.7,31.4,881.7,99.21,0.5
35520.0,1309.7,1.67,0.04,1.67,40.73434,-111.87212,27.6,31.4,881.7,57.38,0.7
35580.0,1309.7,1.40,0.04,1.40,40.73434,-111.87211,27.6,31.4,881.7,43.61,0.4
35640.0,1309.7,1.52,0.04,1.52,40.73434,-111.87211,27.6,31.4,881.7,73.87,0.4
35700.0,1309.7,1.10,0.04,1.10,40.73434,-111.87211,27.5,31.3,881.7,19.05,0.8
35760.0,1309.7,0.52,0.04,0.52,40.73434,-111.87211,27.5,31.2,881.6,4.92,0.4
35820.0,1309.7,0.51,0.05,0.51,40.73434,-111.87211,27.6,31.1,881.6,27.37,0.5
35880.0,1309.8,0.72,0.05,0.72,40.73434,-111.87211,27.5,31.3,881.5,338.84,0.4
35940.0,1309.9,0.56,0.05,0.56,40.73434,-111.87211,27.5,31.4,881.5,86.25,0.6
36000.0,1309.9,0.20,0.04,0.20,40.73434,-111.87211,27.4,31.4,881.4,31.96,0.8
36060.0,1309.8,359.61,0.05,359.61,40.73434,-111.87211,27.4,31.5,881.4,2.32,0.4
36120.0,1309.9,359.43,0.05,359.43,40.73434,-111.87211,27.3,31.5,881.4,7.03,0.5
36180.0,1309.9,359.38,0.05,359.38,40.73434,-111.87211,27.3,31.5,881.4,20.44,0.8
36240.0,1309.8,358.87,0.04,358.87,40.73434,-111.87211,27.3,31.5,881.4,327.50,0.7
36300.0,1309.7,359.12,0.04,359.12,40.73434,-111.87211,27.3,31.5,881.5,18.13,0.5
36360.0,1309.8,358.81,0.05,358.81,40.73434,-111.87211,27.4,31.5,881.5,32.39,0.2
36420.0,1310.0,359.20,0.04,359.20,40.73434,-111.87211,27.4,31.5,881.5,80.12,0.4
36480.0,1309.7,0.01,0.04,0.01,40.73434,-111.87211,27.4,31.5,881.5,34.67,0.2
