CampaignData_and_Merges/R0/CSL_MobileLab_Parked/raw/20240725/USOS-NOAAIodideCIMS-PANs_MobileLabGround_20240725_RA.ict
35, 1001
Michael A Robinson, Chris Jernigan, Subi Thakali
NOAA ESRL Chemical Sciences Laboratory and CIRES, U. of Colorado
NOAA Iodide CIMS Instrument
USOS
1, 1
2024, 07, 25, 2024, 07, 26
1
starttime_UTC, seconds_past_midnight, seconds_of_day_since_00:00:00_UTC
3
1, 1, 1
-9999, -9999, -9999
PAN_NOAACIMS, pptv, Gas_PAN_InSitu_S_AVMR, 
APAN_NOAACIMS, pptv, Gas_APAN_InSitu_S_AVMR, 
PPN_NOAACIMS, pptv, Gas_PPN_InSitu_S_AVMR, 
0
18
PI_CONTACT_INFO: 325 Broadway, R/CSD 7, Boulder, Colorado 80305; michael.a.robinson@noaa.gov; chris.jernigan@noaa.gov;
PLATFORM: NOAA CSL Mobile Lab
LOCATION: SLC, Utah
ASSOCIATED_DATA: 1Hz data also available on request.
INSTRUMENT_INFO: NOAA I- ToF CIMS
DATA_INFO: All data in parts per trillion by volume (pptv). 1 Hz data is available upon request.
UNCERTAINTY: TBD
ULOD_FLAG: -7777
ULOD_VALUE: N/A
LLOD_FLAG: -8888
LLOD_VALUE: N/A
DM_CONTACT_INFO: Nathan Howard; nathan.h.howard@noaa.gov
PROJECT_INFO: USOS, summer 2024. https://csl.noaa.gov/groups/csl7/measurements/2024usos/
STIPULATIONS_ON_USE: Users are strongly encouraged to contact the PI for proper data usage.
OTHER_COMMENTS: 
REVISION: RA
RA: Preliminary Data; For in-field use only
starttime_UTC, PAN_NOAACIMS, APAN_NOAACIMS, PPN_NOAACIMS
[from data line 1201]
 72060, -9999.000, -9999.000, -9999.000
 72120, -9999.000, -9999.000, -9999.000
 72180, -9999.000, -9999.000, -9999.000
 72240, -9999.000, -9999.000, -9999.000
 72300, -9999.000, -9999.000, -9999.000
 72360, -9999.000, -9999.000, -9999.000
 72420, -9999.000, -9999.000, -9999.000
 72480, -9999.000, -9999.000, -9999.000
 72540, -9999.000, -9999.000, -9999.000
 72600, -9999.000, -9999.000, -9999.000
 72660, -9999.000, -9999.000, -9999.000
 72720, -9999.000, -9999.000, -9999.000
 72780, -9999.000, -9999.000, -9999.000
 72840, -9999.000, -9999.000, -9999.000
 72900, -9999.000, -9999.000, -9999.000
 72960, -9999.000, -9999.000, -9999.000
 73020, -9999.000, -9999.000, -9999.000
 73080, -9999.000, -9999.000, -9999.000
 73140, -9999.000, -9999.000, -9999.000
 73200, -9999.000, -9999.000, -9999.000
 73260, -9999.000, -9999.000, -9999.000
 73320, -9999.000, -9999.000, -9999.000
 73380, -9999.000, -9999.000, -9999.000
 73440, -9999.000, -9999.000, -9999.000
 73500, -9999.000, -9999.000, -9999.000
 73560, -9999.000, -9999.000, -9999.000
 73620, -9999.000, -9999.000, -9999.000
 73680, -9999.000, -9999.000, -9999.000
 73740, -9999.000, -9999.000, -9999.000
 73800, -9999.000, -9999.000, -9999.000
 73860, -9999.000, -9999.000, -9999.000
 73920, -9999.000, -9999.000, -9999.000
 73980, -9999.000, -9999.000, -9999.000
 74040, -9999.000, -9999.000, -9999.000
 74100, -9999.000, -9999.000, -9999.000
 74160, -9999.000, -9999.000, -9999.000
 74220, -9999.000, -9999.000, -9999.000
 74280, -9999.000, -9999.000, -9999.000
 74340, -9999.000, -9999.000, -9999.000
 74400, -9999.000, -9999.000, -9999.000
 74460, -9999.000, -9999.000, -9999.000
 74520, -9999.000, -9999.000, -9999.000
 74580, -9999.000, -9999.000, -9999.000
 74640, -9999.000, -9999.000, -9999.000
 74700, -9999.000, -9999.000, -9999.000
 74760, -9999.000, -9999.000, -9999.000
 74820, -9999.000, -9999.000, -9999.000
 74880, -9999.000, -9999.000, -9999.000
 74940, -9999.000, -9999.000, -9999.000
 75000, -9999.000, -9999.000, -9999.000
 75060, -9999.000, -9999.000, -9999.000
 75120, -9999.000, -9999.000, -9999.000
 75180, -9999.000, -9999.000, -9999.000
 75240, -9999.000, -9999.000, -9999.000
 75300, -9999.000, -9999.000, -9999.000
 75360, -9999.000, -9999.000, -9999.000
 75420, -9999.000, -9999.000, -9999.000
 75480, -9999.000, -9999.000, -9999.000
 75540, -9999.000, -9999.000, -9999.000
 75600, -9999.000, -9999.000, -9999.000
 75660, -9999.000, -9999.000, -9999.000
 75720, -9999.000, -9999.000, -9999.000
 75780, -9999.000, -9999.000, -9999.000
 75840, -9999.000, -9999.000, -9999.000
 75900, -9999.000, -9999.000, -9999.000
 75960, -9999.000, -9999.000, -9999.000
 76020, -9999.000, -9999.000, -9999.000
 76080, -9999.000, -9999.000, -9999.000
 76140, -9999.000, -9999.000, -9999.000
 76200, -9999.000, -9999.000, -9999.000
 76260, -9999.000, -9999.000, -9999.000
 76320, -9999.000, -9999.000, -9999.000
 76380, -9999.000, -9999.000, -9999.000
 76440, -9999.000, -9999.000, -9999.000
 76500, -9999.000, -9999.000, -9999.000
 76560, -9999.000, -9999.000, -9999.000
 76620, -9999.000, -9999.000, -9999.000
 76680, -9999.000, -9999.000, -9999.000
 76740, -9999.000, -9999.000, -9999.000
 76800, -9999.000, -9999.000, -9999.000
 76860, -9999.000, -9999.000, -9999.000
 76920, -9999.000, -9999.000, -9999.000
 76980, -9999.000, -9999.000, -9999.000
 77040, -9999.000, -9999.000, -9999.000
 77100, -9999.000, -9999.000, -9999.000
 77160, -9999.000, -9999.000, -9999.000
 77220, -9999.000, -9999.000, -9999.000
 77280, -9999.000, -9999.000, -9999.000
 77340, -9999.000, -9999.000, -9999.000
 77400, -9999.000, -9999.000, -9999.000
 77460, -9999.000, -9999.000, -9999.000
 77520, -9999.000, -9999.000, -9999.000
 77580, -9999.000, -9999.000, -9999.000
 77640, -9999.000, -9999.000, -9999.000
 77700, -9999.000, -9999.000, -9999.000
 77760, -9999.000, -9999.000, -9999.000
 77820, -9999.000, -9999.000, -9999.000
 77880, -9999.000, -9999.000, -9999.000
 77940, -9999.000, -9999.000, -9999.000
 78000, -9999.000, -9999.000, -9999.000
 78060, -9999.000, -9999.000, -9999.000
 78120, -9999.000, -9999.000, -9999.000
 78180, -9999.000, -9999.000, -9999.000
 78240, -9999.000, -9999.000, -9999.000
 78300, 345.294,  4.379, 33.609
 78360, 339.675,  3.781, 31.231
 78420, 328.843,  3.758, 30.275
 78480, 324.207,  5.722, 29.609
 78540, 347.995,  6.651, 32.470
 78600, 373.830,  4.472, 36.738
 78660, 366.915,  4.501, 38.160
 78720, 327.487,  5.407, 27.153
 78780, 326.998,  3.199, 31.783
 78840, 319.984,  6.317, 31.780
 78900, 347.165,  4.911, 32.875
 78960, 374.578,  6.103, 33.623
 79020, 360.133,  4.508, 37.287
 79080, 383.489,  3.174, 39.184
 79140, -9999.000, -9999.000, -9999.000
 79200, 405.058,  3.248, 39.809
 79260, 380.925,  5.420, 42.982
 79320, 385.395,  5.500, 40.602
 79380, 383.236,  5.885, 39.641
 79440, 384.659,  4.176, 41.598
 79500, 393.307,  4.961, 44.037
 79560, 362.144,  3.753, 43.651
 79620, 362.081,  5.912, 43.589
 79680, 366.241,  4.555, 38.889
 79740, 370.669,  4.507, 41.763
 79800, 367.216,  5.627, 41.123
 79860, 371.179,  5.497, 38.733
 79920, 358.466,  5.946, 42.699
 79980, 377.828,  5.088, 38.181
 80040, 382.653,  4.539, 37.046
 80100, 357.708,  4.886, 40.695
 80160, 373.632,  4.419, 37.500
 80220, 386.141,  2.934, 40.702
 80280, 406.793,  3.896, 45.963
 80340, 422.120,  4.549, 39.321
 80400, 402.604,  3.957, 44.418
 80460, 402.105,  4.827, 46.456
 80520, 416.042,  3.930, 44.985
 80580, 437.726,  4.294, 41.684
 80640, 433.661,  6.253, 42.757
 80700, 435.664,  4.080, 40.075
 80760, 436.755,  4.881, 41.055
 80820, 437.454,  5.223, 37.966
 80880, 442.214,  6.795, 42.177
 80940, 440.048,  5.623, 36.302
 81000, -9999.000, -9999.000, -9999.000
 81060, 468.401,  4.117, 39.929
 81120, 466.851,  5.176, 43.620
 81180, 456.592,  4.289, 45.606
 81240, 455.098,  4.782, 42.700
 81300, 454.327,  5.640, 55.655
 81360, 439.221,  4.832, 43.867
 81420, 461.159,  5.952, 50.152
 81480, 450.665,  3.472, 48.980
 81540, 363.852,  4.766, 37.735
 81600, 358.569,  4.869, 28.124
 81660, 340.865,  6.008, 33.329
 81720, 326.622,  5.853, 27.324
 81780, 323.999,  4.090, 29.650
 81840, 341.559,  3.711, 24.617
 81900, 309.576,  5.327, 25.974
 81960, 341.103,  6.555, 27.133
 82020, 319.889,  4.109, 24.983
 82080, 305.112,  5.214, 26.093
 82140, 299.702,  4.678, 21.821
 82200, 321.042,  4.128, 26.382
 82260, 320.587,  3.776, 25.389
 82320, 311.465,  4.967, 32.966
 82380, 330.356,  5.369, 31.645
 82440, 337.716,  4.743, 35.611
 82500, 389.273,  3.870, 41.382
 82560, 390.544,  3.074, 52.364
 82620, 407.567,  3.736, 53.300
 82680, 411.083,  5.533, 52.340
 82740, 402.842,  4.452, 55.829
 82800, 427.878,  5.035, 60.331
 82860, -9999.000, -9999.000, -9999.000
 82920, 418.290,  6.135, 65.047
 82980, 437.054,  4.382, 66.594
 83040, 429.101,  5.077, 65.116
 83100, 403.484,  4.283, 61.511
 83160, 426.221,  5.581, 64.484
 83220, 423.544,  5.125, 64.874
 83280, 419.578,  5.148, 60.636
 83340, 419.992,  4.021, 62.715
 83400, 405.942,  3.939, 59.035
 83460, 405.145,  4.389, 55.517
 83520, 398.987,  4.602, 57.500
 83580, 398.011,  4.905, 57.770
 83640, 405.773,  5.595, 57.516
 83700, 415.390,  5.688, 57.162
 83760, 428.629,  5.955, 58.763
 83820, 430.938,  4.973, 66.565
 83880, 436.515,  4.867, 63.047
 83940, 444.577,  4.393, 73.073
 84000, 430.929,  5.648, 67.856
 84060, 422.724,  4.925, 67.188
 84120, 449.125,  4.961, 66.893
 84180, 438.408,  6.071, 70.932
 84240, 432.079,  3.481, 65.136
 84300, 437.444,  4.195, 67.290
 84360, 450.701,  2.799, 70.357
 84420, 440.293,  5.746, 74.118
 84480, 421.862,  5.086, 68.479
 84540, 442.677,  4.862, 73.523
 84600, 442.110,  4.854, 70.912
 84660, 473.673,  3.310, 72.692
 84720, 440.657,  4.271, 54.499
 84780, 432.646,  4.460, 62.234
 84840, 408.408,  4.598, 49.946
 84900, 391.943,  3.545, 46.750
 84960, 393.144,  3.718, 41.071
 85020, 375.777,  5.122, 41.576
 85080, 357.236,  3.626, 42.372
 85140, 380.143,  3.909, 48.203
 85200, 387.490,  4.196, 42.858
 85260, 409.873,  4.958, 46.232
 85320, 404.445,  5.571, 47.547
 85380, 414.209,  3.991, 51.309
 85440, 409.085,  2.668, 48.347
 85500, 408.436,  3.603, 48.648
 85560, 409.169,  3.972, 50.578
 85620, 391.206,  5.750, 50.912
 85680, 400.194,  4.641, 54.557
 85740, 399.034,  4.426, 53.689
 85800, 429.970,  4.988, 59.012
 85860, 436.683,  6.908, 62.420
 85920, 468.849,  7.335, 65.442
 85980, 499.818,  4.636, 77.237
 86040, 467.020,  5.716, 64.947
 86100, 436.943,  3.683, 60.009
 86160, 434.429,  4.932, 59.675
 86220, 456.232,  5.309, 58.582
 86280, 435.848,  4.313, 60.509
 86340, 435.309,  5.591, 59.058
