CampaignData_and_Merges/R0/CSL_MobileLab_Parked/raw/20240725/USOS-POPS_MobileLabGround_20240725_R0.ict
78, 1001
Thornberry, T. D.
NOAA Chemical Sciences Laboratory
Portable Optical Particle Spectrometer (POPS)
USOS
1, 1
2024, 07, 25, 2025, 05, 08
60
Time_Start, seconds_past_midnight, Start time of measurement
45
1, 1, 1, 1, 1, 1, 1, 1, 1, 1, 1, 1, 1, 1, 1, 1, 1, 1, 1, 1, 1, 1, 1, 1, 1, 1, 1, 1, 1, 1, 1, 1, 1, 1, 1, 1, 1, 1, 1, 1, 1, 1, 1, 1, 1
-9999, -9999, -9999, -9999, -9999, -9999, -9999, -9999, -9999, -9999, -9999, -9999, -9999, -9999, -9999, -9999, -9999, -9999, -9999, -9999, -9999, -9999, -9999, -9999, -9999, -9999, -9999, -9999, -9999, -9999, -9999, -9999, -9999, -9999, -9999, -9999, -9999, -9999, -9999, -9999, -9999, -9999, -9999, -9999, -9999
Time_Stop, seconds_past_midnight, Stop time of measurement
Time_Mid, seconds_past_midnight, Mid time of measurement
Press_mb, mb, Pressure reported (mb)
Temp_C, degrees C, POPS temperature measurement
Aerosol_concentration, cm^-3, Aerosol concentration
Surface_Area_Conc, um^2 cm^-3, Surface area concentration
Volume_density, um^3 cm^-3, Volume density
Effective_radius, um, Effective radius
Extinction, km^-1, Extinction
Bin01, cm^-3, particle concentration in size range [1401 - 146.3 nm]
Bin02, cm^-3, particle concentration in size range [146.3 - 152.8 nm]
Bin03, cm^-3, particle concentration in size range [152.8 - 159.6 nm]
Bin04, cm^-3, particle concentration in size range [159.6 - 166.8 nm]
Bin05, cm^-3, particle concentration in size range [166.8 - 174.2 nm]
Bin06, cm^-3, particle concentration in size range [174.2 - 181.9 nm]
Bin07, cm^-3, particle concentration in size range [181.9 - 190.0 nm]
Bin08, cm^-3, particle concentration in size range [190.0 - 198.5 nm]
Bin09, cm^-3, particle concentration in size range [198.5 - 207.4 nm]
Bin10, cm^-3, particle concentration in size range [207.4 - 216.6 nm]
Bin11, cm^-3, particle concentration in size range [216.6 - 226.2 nm]
Bin12, cm^-3, particle concentration in size range [226.2 - 236.3 nm]
Bin13, cm^-3, particle concentration in size range [236.3 - 246.8 nm]
Bin14, cm^-3, particle concentration in size range [246.8 - 257.8 nm]
Bin15, cm^-3, particle concentration in size range [257.8 - 269.3 nm]
Bin16, cm^-3, particle concentration in size range [269.3 - 343.4 nm]
Bin17, cm^-3, particle concentration in size range [343.4 - 450.7 nm]
Bin18, cm^-3, particle concentration in size range [450.7 - 525.9 nm]
Bin19, cm^-3, particle concentration in size range [525.9 - 618.5 nm]
Bin20, cm^-3, particle concentration in size range [618.5 - 710.0 nm]
Bin21, cm^-3, particle concentration in size range [710.0 - 822.7 nm]
Bin22, cm^-3, particle concentration in size range [822.7 - 885.9 nm]
Bin23, cm^-3, particle concentration in size range [885.9 - 953.9 nm]
Bin24, cm^-3, particle concentration in size range [953.9 - 1027.2 nm]
Bin25, cm^-3, particle concentration in size range [1027.2 - 1106.1 nm]
Bin26, cm^-3, particle concentration in size range [1106.1 - 1191.0 nm]
Bin27, cm^-3, particle concentration in size range [1191.0 - 1282.5 nm]
Bin28, cm^-3, particle concentration in size range [1282.5 - 1381.0 nm]
Bin29, cm^-3, particle concentration in size range [1381.0 - 1487.1 nm]
Bin30, cm^-3, particle concentration in size range [1487.1 - 1601.3 nm]
Bin31, cm^-3, particle concentration in size range [1601.3 - 1724.3 nm]
[...]
PLATFORM: NOAA CSL Mobile Lab
LOCATION: USOS
ASSOCIATED_DATA: N/A
INSTRUMENT_INFO: Printed Optical Particle Spectrometer counts particles from 140 - 2500 nm in diameter 
DATA_INFO: Particle concentrations reported in number per cubic centimeter,1 Hz data
UNCERTAINTY: Counting uncertainty dominated by air flow, less than 5 percent. Measurement range is ~0 - 3000 per cm3 (varies depending on flow rate- manufacturer quotes 1250 per cm3 at 1.667 cc/s)
ULOD_FLAG: -7777
ULOD_VALUE: N/A
LLOD_FLAG: -8888
LLOD_VALUE: N/A
DM_CONTACT_INFO: Troy Thornberry, 325 Broadway R/CSL6, Boulder, CO 80305; troy.thornberry@noaa.gov; 303-497-3373
PROJECT_INFO: USOS, Utah POPS data from NOAA CSL Mobile Lab
STIPULATIONS_ON_USE: Please contact the PIs for questions regarding applications and uncertainties
OTHER_COMMENTS: POPS bin Edges (nm):  140.1, 146.3, 152.8, 159.6, 166.8, 174.2, 181.9, 190.0, 198.5, 207.4, 216.6, 226.2, 236.3, 246.8, 257.8, 269.3, 343.4, 450.7, 525.9, 618.5, 710.0, 822.7, 885.9, 953.9, 1027.2, 1106.1, 1191.0, 1282.5, 1381.0, 1487.1, 1601.3, 1724.3, 1856.7, 1999.3, 2152.8, 2318.2, 2496.2
Calculations assume organic aerosol refractive index of 1.52+0.00j and extinction wavelength = 532 nm
REVISION: R0
R0: Final data
Time_Start, Time_Stop, Time_Mid, Press_mb, Temp_C, Aerosol_concentration, Surface_Area_Conc, Volume_density, Effective_radius, Extinction, Bin01, Bin02, Bin03, Bin04, Bin05, Bin06, Bin07, Bin08, Bin09, Bin10, Bin11, Bin12, Bin13, Bin14, Bin15, Bin16, Bin17, Bin18, Bin19, Bin20, Bin21, Bin22, Bin23, Bin24, Bin25, Bin26, Bin27, Bin28, Bin29, Bin30, Bin31, Bin32, Bin33, Bin34, Bin35, Bin36
[from data line 469]
28140,28199,28170,875.229,37.026,441.670,90.018,5.630,0.186,0.031,21.230719,21.020962,20.784008,21.330975,22.017920,21.329695,21.434031,21.358204,21.121691,20.971344,21.711422,23.914171,25.755930,25.190968,21.503239,76.379333,25.281412,6.038824,2.088804,0.243631,0.208492,0.112311,0.089081,0.090632,0.051146,0.039991,0.044379,0.045138,0.028113,0.027905,0.051161,0.034367,0.039048,0.016780,0.050206,0.033578
28200,28259,28230,875.246,36.997,441.647,90.449,5.697,0.187,0.032,20.820013,21.183002,21.065025,21.112198,21.720415,21.427227,21.175325,21.129158,21.069143,21.194370,21.960775,23.699488,25.092560,24.899137,22.057930,76.007744,26.494337,6.269285,2.157117,0.305954,0.174895,0.073899,0.045641,0.062841,0.023065,0.039899,0.028098,0.045510,0.022930,0.068188,0.051300,0.040242,0.039654,0.017010,0.011396,0.062461
28260,28319,28290,875.247,36.968,440.043,89.881,5.589,0.185,0.032,20.860683,20.689230,21.499979,21.035967,21.257153,21.649572,21.379717,21.475967,20.120747,21.395372,21.298565,23.405609,24.826538,25.397808,22.163601,75.897324,26.189701,6.212982,2.147030,0.294117,0.200755,0.072161,0.077959,0.033322,0.027749,0.032837,0.027949,0.038169,0.061820,0.038683,0.084196,0.055733,0.033360,0.011132,0.027306,0.022101
28320,28379,28350,875.222,37.013,442.849,91.041,5.874,0.192,0.032,20.826645,21.148586,20.850306,22.069092,22.382586,21.085567,21.208031,21.267578,20.891670,21.107489,21.730156,23.627850,25.099159,25.089752,21.598352,77.750610,25.423964,6.290115,2.228512,0.245273,0.175800,0.106685,0.068056,0.056855,0.051065,0.028421,0.028176,0.051362,0.044875,0.056323,0.067928,0.050961,0.034288,0.022544,0.038584,0.045501
28380,28439,28410,875.232,37.186,439.550,89.885,5.688,0.188,0.032,21.491598,20.826595,21.031162,20.451677,22.258326,21.802673,21.269741,20.953848,20.860516,20.120874,22.141886,23.427670,24.489565,25.244621,22.621075,75.476189,25.726274,6.174172,2.031829,0.298573,0.155935,0.101226,0.123101,0.016997,0.021797,0.028106,0.038917,0.017088,0.033235,0.038937,0.088377,0.033259,0.055512,0.027297,0.032830,0.038854
28440,28499,28470,875.237,37.179,436.645,88.871,5.658,0.190,0.031,21.098080,21.558586,21.006281,21.367954,21.351461,21.108669,21.197979,21.152431,20.627102,20.842743,21.615955,22.442055,25.238752,24.961090,21.513742,74.987961,25.231533,6.223760,2.083440,0.232917,0.194405,0.059850,0.033680,0.048642,0.016517,0.039203,0.048901,0.033165,0.027291,0.049801,0.073000,0.061665,0.016875,0.027513,0.033279,0.038381
28500,28559,28530,875.226,37.130,436.646,88.547,5.493,0.184,0.031,21.325546,20.986706,20.724581,21.141432,20.913704,21.501080,21.502750,20.915607,20.756470,20.587822,21.479622,23.747765,23.984924,24.795288,22.153311,75.866898,25.093544,6.063960,2.029247,0.340056,0.161170,0.060681,0.067426,0.039025,0.055634,0.021862,0.016846,0.011339,0.039411,0.062029,0.033115,0.045223,0.033944,0.016154,0.027480,0.044620
28560,28619,28590,875.217,37.062,436.542,89.548,5.895,0.195,0.031,21.418581,21.287914,20.950224,21.604774,21.665318,21.222939,21.523411,20.976845,20.351116,20.562057,20.986620,23.086411,24.857460,24.458996,21.490284,75.885345,25.031507,5.862381,2.210728,0.235572,0.160001,0.076767,0.060131,0.049883,0.049980,0.027573,0.022488,0.066358,0.033405,0.055277,0.055340,0.044778,0.038634,0.022492,0.038071,0.072325
28620,28679,28650,875.211,37.053,438.602,89.700,5.648,0.187,0.031,20.800348,20.775505,20.589323,21.246248,22.428127,20.766090,20.725636,20.975906,21.112606,21.362312,21.304417,23.902508,24.338697,25.690077,22.100416,75.295845,25.751537,6.495646,1.860756,0.246282,0.132583,0.089437,0.055837,0.033551,0.077003,0.066714,0.049705,0.039190,0.039281,0.022267,0.050020,0.028042,0.032765,0.033757,0.028251,0.055527
28680,28739,28710,875.196,36.993,435.420,89.434,5.763,0.191,0.032,20.452164,20.341125,20.543118,21.363152,21.484272,21.340874,20.742064,21.177950,20.202332,21.016588,21.600975,23.886616,24.832993,24.063576,21.568466,76.449722,24.789799,6.220594,2.218531,0.322047,0.150017,0.066955,0.045260,0.061053,0.060545,0.016175,0.038463,0.027767,0.016577,0.028159,0.093536,0.043928,0.032539,0.044236,0.022114,0.055397
28740,28799,28770,875.178,37.053,432.794,87.796,5.444,0.184,0.031,21.170397,20.929525,20.974657,21.746561,21.710190,21.390263,20.427509,20.622543,20.349464,21.143023,21.151323,22.763783,24.003315,25.245533,21.302334,73.718483,24.903255,6.183665,1.953203,0.326743,0.170589,0.088959,0.072694,0.049324,0.027263,0.033080,0.011281,0.027350,0.022144,0.038980,0.071786,0.010911,0.038573,0.037984,0.022150,0.055171
28800,28859,28830,875.185,37.220,435.329,88.838,5.696,0.191,0.031,21.467133,20.521149,20.597567,21.242214,21.385145,21.245350,21.229250,21.372377,20.946104,20.948629,21.144787,23.201794,24.212818,24.924574,21.752434,74.658257,25.001076,6.414185,1.940362,0.287550,0.138187,0.066677,0.115744,0.027433,0.061285,0.028232,0.021922,0.033448,0.038986,0.060408,0.060660,0.061352,0.016893,0.038699,0.016585,0.049284
28860,28919,28890,875.196,37.260,437.103,89.279,5.621,0.187,0.031,20.984493,21.639925,20.947330,21.065741,21.265959,21.007753,21.581860,20.952688,20.657944,20.790537,21.921829,23.219690,24.796631,24.561039,22.085567,74.914497,25.430326,6.196933,1.947322,0.218094,0.189493,0.066891,0.089201,0.062218,0.056272,0.033595,0.044391,0.033567,0.010882,0.072924,0.089351,0.027743,0.033473,0.039319,0.044843,0.022272
28920,28979,28950,875.201,37.185,432.192,88.325,5.569,0.188,0.031,20.588232,20.731478,20.179691,20.950796,21.178267,20.666878,20.490055,20.600567,20.481104,21.176435,21.727839,23.417233,24.470968,25.279259,21.744617,74.642616,24.414248,6.217563,2.066215,0.283137,0.142851,0.106004,0.111279,0.083015,0.027691,0.022542,0.033309,0.033639,0.038095,0.060663,0.061087,0.043816,0.032272,0.021756,0.021796,0.044473
28980,29039,29010,875.216,37.169,431.570,88.622,5.848,0.195,0.031,20.582752,20.545372,20.302034,21.805147,20.590666,21.426277,20.437008,20.638586,20.884720,21.413525,21.494921,22.957952,24.712641,24.584814,21.902100,73.289726,24.503946,6.325445,1.959401,0.331635,0.133722,0.084486,0.065888,0.055094,0.066510,0.044289,0.033063,0.032815,0.038407,0.033230,0.072413,0.061312,0.044608,0.022148,0.044357,0.049311
29040,29099,29070,875.207,37.152,430.673,87.369,5.382,0.184,0.030,20.438578,21.184696,20.204369,21.435698,21.120413,21.084782,20.768763,21.474400,20.039541,20.425737,21.576162,23.158968,24.162518,24.683006,21.502623,74.018875,24.213039,5.982843,2.098716,0.274431,0.155029,0.066600,0.055311,0.050006,0.060988,0.049280,0.050056,0.016489,0.055713,0.055578,0.077672,0.027272,0.016825,0.032843,0.027613,0.027757
29100,29159,29130,875.215,37.073,433.964,88.337,5.676,0.191,0.031,21.222784,20.761671,20.182426,20.948662,21.982651,21.471766,21.394053,21.026415,20.549133,20.972046,21.393608,22.912794,24.356369,25.072905,21.477808,74.001839,24.808924,6.172179,2.142754,0.321132,0.127736,0.093763,0.083879,0.027224,0.038711,0.033143,0.027204,0.027917,0.032998,0.038779,0.072480,0.078130,0.016662,0.027997,0.027583,0.037765
29160,29219,29190,875.209,37.029,434.341,88.315,5.603,0.189,0.031,21.209063,21.002094,20.490503,21.206118,21.712667,21.214775,21.057501,20.978346,20.958408,20.692499,21.594545,23.269283,24.440969,24.500330,21.128607,74.779099,24.590626,6.326493,2.059857,0.238247,0.182505,0.132018,0.088495,0.038360,0.049829,0.066165,0.033866,0.016161,0.032303,0.038042,0.038377,0.060296,0.027441,0.005708,0.016447,0.065322
29220,29279,29250,875.189,37.163,436.320,88.204,5.448,0.183,0.031,21.223907,20.950743,20.770050,21.304502,21.660788,21.823376,21.038036,20.899309,20.398502,20.462997,21.355146,23.610592,24.825390,24.427835,21.514324,75.890709,25.243608,6.158982,1.754157,0.249732,0.166469,0.078249,0.028003,0.055542,0.050557,0.033354,0.033358,0.067109,0.011020,0.016424,0.055523,0.044350,0.027807,0.027806,0.011207,0.050909
29280,29339,29310,875.178,37.305,434.480,89.500,6.011,0.200,0.032,20.569056,20.762476,20.511732,21.607651,21.466738,21.334667,20.947170,20.951569,20.466675,21.154749,21.882227,23.558308,24.487059,25.040409,21.180559,74.363808,24.612671,6.207321,2.021348,0.262336,0.210851,0.133600,0.083076,0.050064,0.078529,0.050404,0.072200,0.038666,0.039849,0.049749,0.044560,0.100107,0.038982,0.032964,0.034059,0.033609
29340,29399,29370,875.168,37.328,429.977,87.150,5.324,0.182,0.030,20.826748,20.501839,20.935905,20.762657,20.836948,20.791111,21.149858,20.577057,20.804308,20.331627,21.449934,23.263666,24.467236,24.553318,21.804714,73.711601,24.061480,5.971638,2.022923,0.254287,0.179017,0.073752,0.095021,0.045424,0.062430,0.074005,0.055445,0.010848,0.039725,0.072638,0.055784,0.028060,0.039512,0.016160,0.033082,0.016919
29400,29459,29430,875.153,37.253,428.780,86.974,5.281,0.181,0.031,21.529795,20.338102,20.920404,20.235004,21.502804,21.101103,20.780804,20.820328,20.334650,20.330894,21.248245,22.922356,24.136740,23.951145,21.563549,73.140938,24.358093,6.322706,2.076731,0.260820,0.201235,0.100762,0.073879,0.056099,0.094677,0.022946,0.027943,0.066083,0.043930,0.022179,0.061445,0.027869,0.045454,0.016902,0.027200,0.016368
29460,29519,29490,875.121,37.225,431.145,89.319,6.115,0.203,0.032,20.895571,20.552999,20.582479,21.466558,21.554804,20.762804,20.952679,21.084196,20.339773,20.747484,21.017237,22.601509,23.806122,24.589388,21.535152,74.180969,24.921949,6.085517,2.230755,0.249274,0.157959,0.140470,0.039204,0.039016,0.051176,0.051109,0.061732,0.045270,0.044728,0.050889,0.055801,0.085377,0.033522,0.039990,0.016980,0.074281
29520,29579,29550,875.114,37.161,428.534,87.995,5.757,0.194,0.031,20.452959,20.816784,20.255041,21.112909,21.530674,21.330805,19.866699,21.042606,20.165455,20.420244,21.215488,23.055986,24.499657,24.198414,21.070442,73.626503,24.580343,6.140635,2.007300,0.238734,0.187716,0.078808,0.091060,0.056081,0.051057,0.056589,0.022517,0.033535,0.027828,0.022190,0.055732,0.032710,0.044642,0.039110,0.039309,0.067341
29580,29639,29610,875.103,37.092,427.536,87.269,5.709,0.194,0.031,20.624899,21.148512,20.367014,21.147930,21.297701,20.473722,21.206421,20.348803,20.138660,20.409163,21.153391,22.577446,24.391912,24.350573,21.316023,73.004433,24.585823,6.028249,1.940403,0.221416,0.170125,0.055403,0.044677,0.083166,0.011225,0.033269,0.021920,0.022486,0.021918,0.062000,0.055548,0.055417,0.049814,0.033776,0.016349,0.065921
29640,29699,29670,875.107,37.047,428.904,86.845,5.470,0.187,0.030,21.297855,20.428732,21.044716,20.492702,21.496212,20.758066,20.533443,20.711891,19.877823,20.293859,21.499603,22.897573,24.002975,24.891012,21.444078,73.771927,24.543833,6.083111,1.859087,0.192588,0.190683,0.067929,0.090113,0.039754,0.050850,0.022307,0.016589,0.022625,0.022762,0.033491,0.039619,0.050849,0.028356,0.022778,0.033591,0.050614
29700,29759,29730,875.124,37.147,429.454,87.515,5.589,0.190,0.031,20.875961,20.848043,20.478733,20.970661,21.554092,20.948193,20.819386,20.845112,20.653164,20.609997,21.040247,22.576933,24.648886,23.978029,21.715664,73.436058,24.170708,6.180988,1.893001,0.314315,0.198190,0.071256,0.122110,0.038533,0.039015,0.050838,0.033378,0.022349,0.016759,0.038727,0.061399,0.042827,0.055203,0.027548,0.050691,0.027418
29760,29819,29790,875.154,37.305,428.058,87.151,5.679,0.194,0.031,20.641367,20.778469,20.864489,21.062305,21.917873,21.725918,20.531618,20.761744,20.344864,20.345943,20.852591,22.843521,24.692326,24.310455,20.896032,72.171539,23.871002,6.347682,1.970110,0.249510,0.128439,0.077569,0.093045,0.039057,0.028385,0.044225,0.049688,0.078022,0.033181,0.022267,0.088621,0.078463,0.039263,0.022773,0.022196,0.033419
29820,29879,29850,875.179,37.312,428.700,87.135,5.466,0.186,0.030,21.015421,21.208534,20.249105,21.250883,21.537683,21.051125,20.144760,21.126614,20.293329,19.983379,20.850578,22.572842,24.589684,25.083195,21.468849,72.100525,24.992884,6.077601,2.051407,0.243515,0.121886,0.077831,0.077645,0.049440,0.060916,0.038655,0.055814,0.038699,0.033457,0.033476,0.071807,0.032711,0.016911,0.021586,0.017124,0.060428
29880,29939,29910,875.220,37.172,427.823,87.303,5.591,0.190,0.030,20.954096,20.242405,20.561623,20.905975,21.713531,20.961617,20.495916,20.506649,20.215321,20.861937,21.745609,22.602848,24.056631,24.316965,20.797590,73.269981,24.496691,6.201913,1.780691,0.280823,0.140111,0.096443,0.079648,0.016884,0.050893,0.022676,0.073367,0.045316,0.039118,0.055796,0.055760,0.033860,0.022151,0.039038,0.028021,0.055096
29940,29999,29970,875.274,37.160,426.582,85.570,5.201,0.181,0.030,20.726959,21.298378,20.604015,21.054438,21.328253,21.074974,21.225523,20.877777,20.178467,21.313328,20.851940,22.136278,23.615803,24.293047,20.869024,72.318863,23.764233,6.142751,1.865870,0.298751,0.182105,0.054572,0.060510,0.043691,0.037918,0.044745,0.038535,0.038306,0.026966,0.027881,0.044018,0.032900,0.022206,0.033495,0.022487,0.033279
30000,30059,30030,875.299,37.074,426.879,86.696,5.717,0.195,0.030,21.336754,21.030663,20.583033,21.426714,20.912050,21.351429,21.328053,20.959291,20.213381,20.657133,20.891502,22.391886,24.430510,24.559158,20.745901,70.695518,24.326485,5.994947,1.908686,0.293335,0.181965,0.060683,0.072002,0.043846,0.022718,0.039071,0.033555,0.027229,0.016543,0.034018,0.099802,0.072332,0.032888,0.027969,0.022139,0.056235
30060,30119,30090,875.337,36.982,428.772,86.965,5.464,0.186,0.030,20.650505,21.241577,20.954590,21.259516,21.756849,21.323286,20.705778,20.701185,20.433544,20.930914,20.943306,22.354052,23.872334,24.325693,21.240786,72.854630,24.190313,6.077114,1.836076,0.233682,0.176000,0.095895,0.062877,0.034077,0.045545,0.062191,0.028698,0.028434,0.045596,0.079509,0.068182,0.023082,0.050676,0.011453,0.033951,0.039923
30120,30179,30150,875.345,36.955,425.428,86.526,5.549,0.190,0.030,20.613005,20.568190,21.024096,20.590899,21.185190,21.288355,20.283272,20.881458,19.810614,20.023857,20.944740,22.035494,24.344599,24.089613,21.211058,74.074463,23.876862,5.532157,1.967285,0.225994,0.180834,0.078606,0.050384,0.040212,0.050770,0.027981,0.055637,0.028497,0.045276,0.022526,0.079527,0.044741,0.044576,0.039809,0.028173,0.038710
30180,30239,30210,875.346,37.050,426.780,86.329,5.485,0.189,0.030,21.073553,20.458107,20.996948,20.993198,21.057161,20.938503,20.739990,20.533257,20.740072,20.130951,21.480169,22.873383,23.988659,24.179611,20.981291,72.758553,24.240349,5.716971,1.802277,0.251910,0.182066,0.062589,0.062602,0.063345,0.022948,0.028486,0.056627,0.045597,0.040336,0.040280,0.074767,0.057308,0.034258,0.005805,0.017178,0.051085
30240,30299,30270,875.366,37.168,426.665,86.850,5.477,0.187,0.030,20.909811,21.002354,20.212358,20.829441,21.517782,20.176544,21.232506,20.827427,20.510620,20.438009,21.390574,22.206554,24.615843,24.072309,20.871658,72.770943,24.093887,5.827515,1.918172,0.314614,0.191788,0.056018,0.072528,0.072511,0.072442,0.050613,0.022600,0.027905,0.039582,0.072673,0.084096,0.028037,0.044607,0.028635,0.045070,0.017013
30300,30359,30330,875.359,37.219,424.591,86.726,5.659,0.194,0.030,21.352888,20.803064,20.302645,20.508558,21.529648,21.307184,21.251900,20.651134,19.984932,20.182142,20.715881,22.514465,24.264595,23.445023,20.383324,72.082214,24.360445,5.791264,1.999947,0.233598,0.151866,0.103449,0.071018,0.046434,0.076106,0.058178,0.040132,0.035485,0.040270,0.035101,0.070367,0.034941,0.040697,0.029093,0.023111,0.069448
30360,30419,30390,875.338,37.188,426.592,86.056,5.368,0.186,0.030,20.761730,20.716049,20.990995,20.907471,21.261681,21.321756,21.135235,20.742548,20.826279,20.095661,20.896921,22.177574,24.453350,24.805878,20.954006,72.105476,23.362467,6.034561,1.941583,0.216458,0.199596,0.082394,0.083979,0.056707,0.044678,0.016678,0.061223,0.061169,0.027944,0.011011,0.083786,0.039114,0.050545,0.000000,0.022114,0.043759
30420,30479,30450,875.329,37.158,424.705,86.668,5.752,0.197,0.030,21.432734,20.080969,20.620375,21.315779,21.193010,21.170782,20.239662,20.386969,20.253101,20.404587,20.727337,23.201958,24.039970,24.712446,20.782793,71.450012,23.941044,5.695295,1.941147,0.201660,0.151824,0.111330,0.062123,0.055940,0.032902,0.060834,0.028100,0.039445,0.028040,0.039893,0.072593,0.050501,0.039802,0.044756,0.044889,0.050148
