CampaignData_and_Merges/R0/CSL_MobileLab_Parked/raw/20240725/USOS-O3_MobileLabGround_20240725_R0.ict
34, 1001
Carrie Womack
NOAA Chemical Sciences Laboratory
2B Tech O3 UV Analyzer
USOS
1, 1
2024, 07, 25, 2024, 12, 21
60
Time_Start, seconds_past_midnight, Seconds from midnight UTC
1
1
-9999
O3_ppb, ppb, Ozone from 2B Tech UV Analyzer
1
SPECIAL COMMENTS:
18
PI_CONTACT_INFO: Address: 325 Broadway R/CSL7, Boulder, CO, 80305
PLATFORM: CSL Mobile Lab
LOCATION: Salt Lake City, UT
ASSOCIATED_DATA: N/A
INSTRUMENT_INFO: N/A
DATA_INFO: Units:
UNCERTAINTY: N/A
ULOD_FLAG: -7777
ULOD_VALUE: N/A
LLOD_FLAG: -8888
LLOD_VALUE: N/A
DM_CONTACT_INFO: Data Manager: Nate Howard
PROJECT_INFO: 
STIPULATIONS_ON_USE: Use of these data require prior ok from PI.
OTHER_COMMENTS: N/A
REVISION: R0
R0: Final data. RA: Preliminary Data.  For in-field use only.
Time_Start, O3_ppb
0.0,82.2
60.0,80.2
120.0,79.0
180.0,79.4
240.0,80.0
300.0,80.0
360.0,79.7
420.0,79.0
480.0,81.2
540.0,79.3
600.0,79.8
660.0,79.3
720.0,79.3
780.0,81.8
840.0,80.5
900.0,79.2
960.0,77.7
1020.0,79.5
1080.0,78.7
1140.0,77.4
1200.0,76.8
1260.0,78.9
1320.0,77.0
1380.0,78.3
1440.0,77.4
1500.0,76.2
1560.0,77.4
1620.0,77.3
1680.0,76.0
1740.0,77.8
1800.0,77.8
1860.0,77.1
1920.0,78.4
1980.0,77.2
2040.0,75.8
2100.0,77.6
2160.0,76.5
2220.0,77.4
2280.0,77.2
2340.0,76.9
2400.0,77.5
2460.0,78.6
2520.0,78.7
2580.0,76.8
2640.0,77.0
2700.0,76.0
2760.0,78.5
2820.0,76.3
2880.0,75.4
2940.0,74.6
3000.0,75.8
3060.0,76.3
3120.0,76.9
3180.0,77.5
3240.0,77.7
3300.0,76.1
3360.0,74.8
3420.0,75.3
3480.0,75.0
3540.0,74.3
3600.0,74.9
3660.0,76.7
3720.0,74.0
3780.0,73.6
3840.0,73.3
3900.0,73.3
3960.0,71.9
4020.0,72.5
4080.0,72.0
4140.0,71.6
4200.0,71.0
4260.0,71.1
4320.0,70.9
4380.0,71.3
4440.0,71.2
4500.0,70.0
4560.0,71.0
4620.0,70.5
4680.0,69.9
4740.0,70.0
4800.0,71.6
4860.0,72.2
4920.0,67.0
4980.0,70.1
5040.0,68.3
5100.0,66.2
5160.0,66.4
5220.0,67.7
5280.0,67.0
5340.0,68.3
5400.0,69.2
5460.0,67.2
5520.0,65.8
5580.0,66.4
5640.0,67.2
5700.0,66.7
5760.0,64.8
5820.0,63.3
5880.0,61.1
5940.0,62.9
6000.0,65.0
6060.0,64.7
6120.0,63.9
6180.0,63.5
6240.0,65.6
6300.0,63.8
6360.0,62.7
6420.0,61.7
6480.0,60.8
6540.0,62.4
6600.0,62.6
6660.0,63.2
6720.0,62.7
6780.0,61.1
6840.0,61.9
6900.0,60.5
6960.0,59.8
7020.0,62.2
7080.0,62.1
7140.0,62.6
7200.0,63.3
7260.0,60.3
7320.0,59.6
7380.0,59.1
7440.0,60.0
7500.0,59.8
7560.0,61.2
7620.0,60.7
7680.0,61.3
7740.0,62.0
7800.0,61.0
7860.0,61.3
7920.0,59.9
7980.0,59.4
8040.0,58.4
8100.0,58.5
8160.0,59.6
8220.0,58.9
8280.0,59.4
8340.0,57.4
8400.0,59.7
8460.0,57.4
8520.0,57.4
8580.0,57.9
8640.0,58.3
8700.0,56.6
8760.0,58.2
8820.0,57.8
8880.0,58.2
8940.0,56.4
9000.0,56.0
9060.0,55.4
9120.0,55.8
9180.0,55.4
9240.0,53.5
9300.0,-9999.0
9360.0,-9999.0
9420.0,-9999.0
9480.0,-9999.0
9540.0,-9999.0
9600.0,-9999.0
9660.0,-9999.0
9720.0,-9999.0
9780.0,-9999.0
9840.0,57.8
9900.0,57.6
9960.0,57.0
10020.0,57.5
10080.0,56.6
10140.0,57.0
10200.0,58.7
10260.0,58.8
10320.0,55.2
10380.0,57.5
10440.0,55.7
10500.0,57.7
10560.0,57.7
10620.0,56.0
10680.0,57.4
10740.0,58.3
10800.0,58.1
10860.0,56.9
10920.0,56.5
10980.0,58.1
11040.0,57.1
11100.0,57.1
11160.0,57.2
11220.0,56.5
11280.0,56.2
11340.0,58.6
11400.0,58.3
11460.0,58.1
11520.0,59.6
11580.0,58.0
11640.0,58.6
11700.0,57.7
11760.0,57.9
11820.0,55.9
11880.0,57.6
11940.0,56.8
12000.0,57.4
12060.0,57.8
12120.0,55.6
12180.0,55.5
12240.0,58.9
12300.0,57.3
12360.0,58.8
12420.0,56.7
12480.0,52.9
12540.0,52.7
12600.0,52.6
12660.0,55.9
12720.0,56.5
12780.0,56.4
12840.0,55.8
12900.0,57.9
12960.0,55.2
13020.0,51.8
13080.0,51.9
13140.0,53.6
13200.0,61.8
13260.0,57.3
13320.0,56.5
13380.0,56.7
13440.0,55.3
13500.0,53.2
13560.0,51.7
13620.0,54.5
13680.0,54.0
13740.0,56.0
13800.0,56.2
13860.0,60.5
13920.0,67.0
13980.0,74.8
14040.0,60.0
14100.0,56.9
14160.0,54.7
14220.0,55.1
14280.0,53.5
14340.0,53.6
14400.0,52.3
14460.0,53.7
14520.0,53.9
14580.0,54.4
14640.0,53.6
14700.0,53.1
14760.0,52.3
14820.0,51.0
14880.0,49.5
14940.0,48.0
15000.0,50.6
15060.0,50.9
15120.0,49.0
15180.0,49.1
15240.0,51.8
15300.0,49.2
15360.0,49.2
15420.0,49.3
15480.0,50.0
15540.0,48.7
15600.0,47.5
15660.0,46.1
15720.0,44.0
15780.0,45.9
15840.0,48.6
15900.0,50.8
15960.0,51.2
16020.0,51.9
16080.0,51.7
16140.0,47.0
16200.0,49.6
16260.0,51.4
16320.0,49.6
16380.0,47.8
16440.0,47.4
16500.0,48.5
16560.0,48.5
16620.0,48.8
16680.0,48.1
16740.0,48.4
16800.0,48.4
16860.0,48.8
16920.0,47.8
16980.0,48.4
17040.0,48.0
17100.0,45.3
17160.0,43.9
17220.0,45.0
17280.0,47.9
17340.0,48.1
17400.0,47.9
17460.0,41.3
17520.0,44.6
17580.0,48.7
17640.0,47.3
17700.0,42.3
17760.0,46.5
17820.0,44.9
17880.0,47.2
17940.0,45.7
18000.0,43.1
18060.0,41.9
18120.0,42.9
18180.0,43.2
18240.0,42.1
18300.0,43.8
18360.0,40.1
18420.0,42.0
18480.0,37.6
18540.0,40.2
18600.0,38.9
18660.0,36.8
18720.0,37.1
18780.0,39.0
18840.0,37.9
18900.0,36.5
18960.0,37.9
19020.0,39.1
19080.0,40.1
19140.0,43.0
19200.0,45.9
19260.0,42.9
19320.0,41.4
19380.0,41.2
19440.0,40.7
19500.0,41.1
19560.0,41.5
19620.0,37.4
19680.0,39.0
19740.0,40.5
19800.0,40.0
19860.0,41.0
19920.0,40.6
19980.0,43.1
20040.0,41.9
20100.0,42.3
20160.0,40.5
20220.0,40.3
20280.0,40.8
20340.0,39.8
20400.0,42.1
20460.0,43.4
20520.0,43.2
20580.0,41.9
20640.0,38.0
20700.0,35.7
20760.0,39.3
20820.0,41.2
20880.0,41.9
20940.0,42.1
21000.0,42.0
21060.0,40.7
21120.0,41.2
21180.0,41.2
21240.0,39.0
21300.0,39.3
21360.0,39.4
21420.0,38.2
21480.0,38.7
21540.0,39.7
21600.0,38.9
21660.0,39.0
21720.0,39.0
21780.0,40.2
21840.0,40.1
21900.0,40.2
21960.0,39.7
22020.0,38.8
22080.0,39.8
22140.0,40.3
22200.0,41.5
22260.0,41.9
22320.0,42.9
22380.0,42.9
22440.0,42.7
22500.0,43.8
22560.0,42.6
22620.0,43.8
22680.0,44.7
22740.0,45.1
22800.0,42.7
22860.0,43.1
22920.0,45.2
22980.0,46.3
23040.0,48.6
23100.0,48.5
23160.0,48.8
23220.0,49.1
23280.0,48.8
23340.0,48.3
23400.0,45.4
23460.0,46.2
23520.0,45.4
23580.0,45.6
23640.0,45.7
23700.0,47.4
23760.0,46.6
23820.0,46.6
23880.0,47.0
23940.0,47.4
24000.0,47.6
24060.0,47.8
24120.0,48.8
24180.0,48.5
24240.0,48.4
24300.0,47.2
24360.0,47.6
24420.0,48.1
24480.0,48.1
24540.0,48.1
24600.0,49.0
24660.0,49.2
24720.0,47.8
24780.0,48.3
24840.0,47.4
24900.0,46.8
24960.0,48.1
25020.0,48.7
25080.0,48.2
25140.0,47.6
25200.0,49.8
25260.0,49.3
25320.0,49.2
25380.0,47.1
25440.0,49.0
25500.0,48.9
25560.0,49.7
25620.0,48.4
25680.0,50.1
25740.0,49.0
25800.0,48.5
25860.0,47.7
25920.0,46.6
25980.0,46.8
26040.0,46.8
26100.0,49.1
26160.0,48.0
26220.0,46.8
26280.0,50.0
26340.0,50.3
26400.0,47.5
26460.0,48.0
26520.0,49.3
26580.0,49.2
26640.0,49.1
26700.0,47.0
26760.0,47.9
26820.0,49.5
26880.0,49.3
26940.0,48.7
27000.0,49.0
27060.0,48.9
27120.0,48.5
27180.0,49.9
27240.0,49.6
27300.0,49.4
27360.0,48.8
27420.0,49.0
27480.0,47.9
27540.0,48.4
27600.0,44.4
27660.0,47.7
27720.0,48.4
27780.0,48.9
27840.0,49.8
27900.0,50.2
27960.0,49.8
28020.0,50.0
28080.0,50.0
28140.0,49.8
28200.0,49.2
28260.0,49.7
28320.0,48.6
28380.0,48.2
28440.0,48.4
28500.0,48.1
28560.0,47.8
28620.0,48.9
28680.0,47.4
28740.0,48.0
28800.0,48.4
28860.0,48.5
28920.0,48.0
28980.0,48.6
29040.0,48.7
29100.0,48.6
29160.0,49.1
29220.0,47.7
29280.0,47.7
29340.0,47.1
29400.0,48.1
29460.0,47.4
29520.0,47.0
29580.0,48.7
29640.0,48.1
29700.0,48.7
29760.0,48.7
29820.0,48.5
29880.0,49.0
29940.0,48.8
30000.0,48.5
30060.0,48.8
30120.0,49.6
30180.0,49.1
30240.0,48.3
30300.0,47.3
30360.0,46.7
30420.0,46.3
30480.0,46.7
30540.0,47.4
30600.0,46.3
30660.0,47.1
30720.0,47.4
30780.0,47.9
30840.0,47.4
30900.0,46.7
30960.0,46.6
31020.0,46.2
31080.0,46.5
31140.0,46.7
31200.0,46.2
31260.0,46.8
31320.0,46.4
31380.0,46.0
31440.0,45.3
31500.0,45.3
31560.0,45.3
31620.0,45.4
31680.0,44.8
31740.0,44.1
31800.0,43.0
31860.0,42.7
31920.0,41.7
31980.0,40.4
32040.0,39.7
32100.0,40.3
32160.0,38.5
32220.0,30.2
32280.0,38.1
32340.0,41.5
32400.0,41.9
32460.0,41.6
32520.0,41.6
32580.0,40.8
32640.0,32.5
32700.0,35.8
32760.0,40.9
32820.0,42.0
32880.0,41.4
32940.0,42.5
33000.0,44.9
33060.0,42.7
33120.0,46.4
33180.0,46.5
33240.0,46.9
33300.0,46.1
33360.0,45.3
33420.0,45.3
33480.0,45.2
33540.0,45.8
33600.0,43.1
33660.0,43.0
33720.0,43.3
33780.0,43.6
33840.0,41.6
33900.0,42.4
33960.0,42.3
34020.0,44.6
34080.0,45.4
34140.0,46.5
34200.0,46.7
34260.0,49.6
34320.0,50.1
34380.0,49.1
34440.0,48.7
34500.0,49.3
34560.0,48.9
34620.0,46.9
34680.0,48.1
34740.0,47.3
34800.0,48.7
34860.0,49.4
34920.0,49.7
34980.0,50.1
35040.0,49.0
35100.0,49.5
35160.0,49.0
35220.0,49.4
35280.0,48.9
35340.0,49.6
35400.0,48.6
35460.0,49.6
35520.0,49.2
35580.0,49.9
35640.0,49.4
35700.0,49.9
35760.0,51.8
35820.0,51.0
35880.0,50.8
35940.0,50.8
36000.0,52.3
36060.0,52.3
36120.0,51.6
36180.0,51.9
36240.0,51.7
36300.0,51.3
36360.0,50.7
36420.0,50.1
36480.0,50.7
36540.0,51.2
36600.0,51.0
36660.0,51.5
36720.0,51.7
36780.0,52.3
36840.0,51.5
36900.0,51.2
36960.0,51.1
37020.0,50.9
37080.0,50.1
37140.0,51.1
37200.0,50.9
37260.0,51.5
37320.0,51.5
37380.0,50.8
37440.0,50.9
37500.0,50.7
37560.0,50.9
37620.0,50.4
37680.0,50.5
37740.0,50.2
37800.0,50.4
37860.0,49.6
37920.0,49.7
37980.0,50.1
38040.0,49.5
38100.0,49.2
38160.0,49.2
38220.0,48.9
38280.0,49.5
38340.0,47.6
38400.0,45.9
38460.0,47.3
38520.0,48.6
38580.0,48.3
38640.0,50.0
38700.0,49.1
38760.0,49.4
38820.0,48.3
38880.0,45.8
38940.0,47.0
39000.0,44.5
39060.0,45.2
39120.0,47.6
39180.0,47.6
39240.0,48.0
39300.0,48.7
39360.0,48.3
39420.0,48.0
39480.0,48.3
39540.0,48.0
39600.0,46.9
39660.0,47.3
39720.0,46.3
39780.0,44.1
39840.0,44.0
39900.0,44.3
39960.0,45.1
40020.0,44.1
40080.0,43.5
40140.0,43.9
40200.0,44.0
40260.0,45.3
40320.0,44.6
40380.0,44.6
40440.0,44.4
40500.0,42.6
40560.0,42.1
40620.0,45.3
40680.0,41.8
40740.0,40.2
40800.0,40.7
40860.0,42.6
40920.0,41.3
40980.0,44.5
41040.0,44.6
41100.0,45.2
41160.0,43.0
41220.0,43.8
41280.0,42.3
41340.0,43.8
41400.0,42.0
41460.0,43.8
41520.0,43.6
41580.0,43.4
41640.0,42.3
41700.0,42.7
41760.0,42.0
41820.0,42.9
41880.0,43.6
41940.0,44.1
42000.0,47.3
42060.0,46.8
42120.0,48.6
42180.0,47.6
42240.0,46.5
42300.0,47.3
42360.0,45.8
42420.0,46.6
42480.0,46.3
42540.0,45.8
42600.0,45.3
42660.0,45.0
42720.0,44.9
42780.0,46.5
42840.0,46.5
42900.0,46.2
42960.0,45.3
43020.0,46.9
43080.0,45.3
43140.0,45.8
43200.0,45.3
43260.0,46.1
43320.0,47.2
43380.0,47.2
43440.0,47.7
43500.0,47.1
43560.0,45.3
43620.0,46.7
43680.0,46.3
43740.0,46.3
43800.0,46.5
43860.0,46.8
43920.0,46.7
43980.0,45.4
44040.0,46.3
44100.0,46.1
44160.0,45.1
44220.0,46.5
44280.0,45.7
44340.0,44.6
44400.0,46.7
44460.0,46.7
44520.0,46.4
44580.0,45.2
44640.0,46.3
44700.0,47.0
44760.0,46.7
44820.0,45.4
44880.0,45.9
44940.0,46.3
45000.0,45.9
45060.0,45.7
45120.0,45.2
45180.0,45.7
45240.0,46.2
45300.0,46.0
45360.0,45.6
45420.0,47.5
45480.0,45.5
45540.0,46.1
45600.0,44.6
45660.0,46.2
45720.0,45.9
45780.0,46.1
45840.0,46.0
45900.0,46.0
45960.0,45.3
46020.0,45.7
46080.0,45.2
46140.0,45.8
46200.0,44.8
46260.0,44.2
46320.0,43.4
46380.0,42.2
46440.0,44.7
46500.0,43.2
46560.0,41.7
46620.0,35.2
46680.0,39.2
46740.0,44.2
46800.0,39.3
46860.0,36.1
46920.0,35.5
46980.0,28.9
47040.0,27.5
47100.0,29.4
47160.0,37.6
47220.0,38.0
47280.0,38.6
47340.0,41.4
47400.0,38.0
47460.0,33.8
47520.0,36.2
47580.0,37.8
47640.0,38.9
47700.0,38.0
47760.0,33.1
47820.0,34.2
47880.0,41.0
47940.0,41.7
48000.0,40.5
48060.0,33.0
48120.0,35.9
48180.0,37.4
48240.0,39.3
48300.0,38.1
48360.0,38.6
48420.0,38.9
48480.0,37.1
48540.0,38.2
48600.0,38.2
48660.0,38.8
48720.0,39.3
48780.0,38.9
48840.0,36.9
48900.0,37.9
48960.0,39.4
49020.0,39.7
49080.0,38.5
49140.0,38.0
49200.0,37.1
49260.0,36.7
49320.0,37.2
49380.0,32.0
49440.0,30.4
49500.0,33.1
49560.0,32.0
49620.0,31.2
49680.0,29.2
49740.0,29.2
49800.0,30.7
49860.0,31.5
49920.0,32.5
49980.0,32.9
50040.0,29.6
50100.0,31.4
50160.0,30.6
50220.0,30.2
50280.0,32.3
50340.0,30.4
50400.0,27.2
50460.0,28.1
50520.0,30.7
50580.0,32.1
50640.0,31.0
50700.0,31.9
50760.0,30.7
50820.0,32.4
50880.0,31.2
50940.0,25.3
51000.0,29.2
51060.0,30.6
51120.0,28.6
51180.0,30.8
51240.0,31.0
51300.0,30.8
51360.0,28.0
51420.0,25.1
51480.0,27.3
51540.0,31.2
51600.0,28.0
51660.0,32.1
51720.0,31.8
51780.0,31.9
51840.0,31.9
51900.0,33.0
51960.0,30.9
52020.0,32.2
52080.0,32.4
52140.0,31.8
52200.0,29.6
52260.0,31.3
52320.0,31.0
52380.0,30.8
52440.0,33.5
52500.0,29.3
52560.0,32.8
52620.0,31.8
52680.0,33.9
52740.0,32.2
52800.0,33.5
52860.0,34.0
52920.0,34.6
52980.0,34.1
53040.0,35.7
53100.0,34.5
53160.0,34.0
53220.0,36.3
53280.0,35.5
53340.0,35.4
53400.0,36.1
53460.0,35.9
53520.0,35.0
53580.0,34.1
53640.0,36.7
53700.0,36.7
53760.0,35.6
53820.0,35.9
53880.0,35.3
53940.0,34.5
54000.0,31.0
54060.0,31.7
54120.0,32.8
54180.0,32.8
54240.0,33.3
54300.0,34.1
54360.0,34.0
54420.0,33.8
54480.0,33.3
54540.0,33.8
54600.0,33.5
54660.0,33.5
54720.0,34.6
54780.0,28.9
54840.0,32.5
54900.0,30.9
54960.0,32.9
55020.0,32.3
55080.0,33.0
55140.0,34.1
55200.0,35.9
55260.0,35.4
55320.0,33.8
55380.0,35.0
55440.0,32.0
55500.0,33.3
55560.0,32.9
55620.0,33.5
55680.0,34.6
55740.0,34.0
55800.0,35.2
55860.0,33.8
55920.0,32.7
55980.0,35.1
56040.0,35.7
56100.0,34.7
56160.0,34.7
56220.0,33.2
56280.0,32.4
56340.0,34.8
56400.0,34.7
56460.0,33.0
56520.0,35.8
56580.0,34.1
56640.0,34.5
56700.0,36.6
56760.0,35.4
56820.0,35.0
56880.0,36.6
56940.0,36.6
57000.0,36.2
57060.0,36.4
57120.0,37.8
57180.0,35.2
57240.0,35.6
57300.0,36.5
57360.0,37.6
57420.0,36.9
57480.0,36.8
57540.0,35.4
57600.0,35.8
57660.0,37.8
57720.0,38.7
57780.0,34.8
57840.0,36.0
57900.0,36.1
57960.0,36.7
58020.0,38.5
58080.0,38.8
58140.0,39.8
58200.0,41.6
58260.0,38.3
58320.0,37.2
58380.0,37.0
58440.0,37.2
58500.0,39.0
58560.0,37.9
58620.0,39.7
58680.0,37.0
58740.0,36.5
58800.0,37.2
58860.0,38.7
58920.0,38.2
58980.0,39.2
59040.0,38.6
59100.0,36.2
59160.0,37.7
59220.0,38.9
59280.0,38.8
59340.0,36.9
59400.0,35.8
59460.0,33.6
59520.0,37.5
59580.0,39.0
59640.0,40.4
59700.0,39.0
59760.0,38.0
59820.0,39.2
59880.0,39.5
59940.0,39.6
60000.0,40.8
60060.0,38.9
60120.0,40.1
60180.0,41.7
60240.0,41.4
60300.0,41.8
60360.0,41.7
60420.0,43.4
60480.0,43.5
60540.0,42.7
60600.0,42.7
60660.0,43.2
60720.0,43.1
60780.0,42.6
60840.0,42.1
60900.0,42.9
60960.0,40.9
61020.0,43.4
61080.0,43.0
61140.0,44.3
61200.0,44.5
61260.0,44.3
61320.0,44.5
61380.0,42.9
61440.0,42.9
61500.0,44.9
61560.0,43.8
61620.0,47.4
61680.0,47.8
61740.0,49.8
61800.0,49.5
61860.0,51.3
61920.0,49.8
61980.0,51.6
62040.0,51.6
62100.0,50.1
62160.0,52.0
62220.0,51.8
62280.0,52.3
62340.0,53.3
62400.0,53.0
62460.0,54.1
62520.0,52.7
62580.0,52.0
62640.0,52.5
62700.0,50.4
62760.0,53.5
62820.0,52.9
62880.0,51.6
62940.0,56.6
63000.0,53.9
63060.0,55.1
63120.0,55.4
63180.0,57.8
63240.0,58.0
63300.0,55.2
63360.0,57.5
63420.0,58.3
63480.0,58.6
63540.0,58.7
63600.0,56.5
63660.0,56.1
63720.0,57.2
63780.0,55.4
63840.0,57.1
63900.0,55.6
63960.0,56.3
64020.0,58.6
64080.0,61.6
64140.0,60.6
64200.0,60.0
64260.0,60.2
64320.0,59.5
64380.0,58.6
64440.0,56.2
64500.0,56.7
64560.0,59.9
64620.0,61.1
64680.0,61.3
64740.0,60.9
64800.0,61.5
64860.0,62.5
64920.0,61.4
64980.0,63.0
65040.0,62.5
65100.0,61.7
65160.0,62.8
65220.0,62.1
65280.0,60.6
65340.0,61.2
65400.0,62.8
65460.0,61.5
65520.0,61.0
65580.0,61.1
65640.0,58.6
65700.0,58.6
65760.0,58.8
65820.0,62.0
65880.0,62.2
65940.0,62.7
66000.0,64.0
66060.0,64.6
66120.0,65.1
66180.0,63.4
66240.0,62.8
66300.0,63.6
66360.0,63.8
66420.0,65.0
66480.0,64.1
66540.0,63.0
66600.0,62.1
66660.0,63.3
66720.0,63.9
66780.0,63.5
66840.0,64.1
66900.0,63.9
66960.0,63.1
67020.0,63.2
67080.0,62.9
67140.0,62.3
67200.0,64.0
67260.0,64.0
67320.0,62.4
67380.0,63.4
67440.0,63.3
67500.0,63.0
67560.0,63.8
67620.0,64.9
67680.0,64.7
67740.0,65.0
67800.0,62.8
67860.0,61.7
67920.0,60.8
67980.0,60.6
68040.0,61.4
68100.0,62.3
68160.0,62.0
68220.0,63.5
68280.0,62.9
68340.0,63.0
68400.0,63.9
68460.0,63.6
68520.0,64.1
68580.0,64.2
68640.0,66.2
68700.0,66.8
68760.0,65.7
68820.0,65.1
68880.0,67.2
68940.0,64.2
69000.0,63.8
69060.0,65.9
69120.0,65.1
69180.0,64.0
69240.0,66.1
69300.0,63.7
69360.0,66.2
69420.0,68.4
69480.0,66.6
69540.0,66.4
69600.0,65.5
69660.0,65.3
69720.0,64.7
69780.0,66.9
69840.0,67.4
69900.0,67.0
69960.0,67.7
70020.0,64.3
70080.0,68.0
70140.0,67.3
70200.0,63.7
70260.0,66.3
70320.0,67.8
70380.0,66.7
70440.0,68.3
70500.0,68.3
70560.0,68.5
70620.0,69.6
70680.0,69.0
70740.0,66.4
70800.0,66.6
70860.0,65.3
70920.0,66.6
70980.0,66.0
71040.0,67.2
71100.0,68.7
71160.0,69.6
71220.0,69.5
71280.0,64.2
71340.0,66.4
71400.0,69.7
71460.0,69.4
71520.0,69.4
71580.0,70.1
71640.0,65.7
71700.0,65.8
71760.0,64.5
71820.0,65.7
71880.0,66.5
71940.0,73.1
72000.0,74.3
72060.0,73.9
72120.0,74.4
72180.0,72.0
72240.0,72.3
72300.0,71.4
72360.0,75.0
72420.0,74.3
72480.0,75.2
72540.0,74.9
72600.0,72.4
72660.0,75.2
72720.0,72.9
72780.0,74.0
72840.0,74.2
72900.0,73.2
72960.0,73.5
73020.0,71.7
73080.0,73.9
73140.0,71.4
73200.0,71.8
73260.0,72.5
73320.0,74.3
73380.0,74.1
73440.0,71.5
73500.0,75.6
73560.0,73.4
73620.0,74.5
73680.0,72.9
73740.0,77.3
73800.0,77.1
73860.0,77.3
73920.0,76.5
73980.0,77.6
74040.0,75.9
74100.0,73.8
74160.0,75.4
74220.0,76.9
74280.0,76.5
74340.0,74.6
74400.0,73.1
74460.0,73.2
74520.0,70.9
74580.0,73.9
74640.0,73.4
74700.0,76.1
74760.0,77.3
74820.0,75.5
74880.0,76.1
74940.0,75.3
75000.0,75.3
75060.0,75.2
75120.0,75.6
75180.0,74.6
75240.0,75.9
75300.0,75.0
75360.0,76.2
75420.0,74.0
75480.0,77.2
75540.0,74.9
75600.0,74.1
75660.0,73.8
75720.0,75.6
75780.0,74.5
75840.0,72.2
75900.0,73.7
75960.0,74.2
76020.0,74.2
76080.0,75.1
76140.0,75.6
76200.0,73.9
76260.0,74.0
76320.0,72.8
76380.0,67.3
76440.0,66.3
76500.0,67.3
76560.0,65.9
76620.0,65.7
76680.0,67.2
76740.0,68.6
76800.0,65.3
76860.0,64.1
76920.0,64.5
76980.0,63.3
77040.0,63.7
77100.0,62.0
77160.0,63.5
77220.0,62.7
77280.0,62.6
77340.0,63.2
77400.0,61.8
77460.0,62.4
77520.0,62.0
77580.0,62.8
77640.0,60.6
77700.0,59.1
77760.0,61.3
77820.0,60.3
77880.0,59.2
77940.0,59.3
78000.0,60.7
78060.0,61.5
78120.0,62.2
78180.0,61.9
78240.0,60.3
78300.0,61.2
78360.0,59.4
78420.0,58.1
78480.0,59.9
78540.0,57.4
78600.0,59.4
78660.0,62.4
78720.0,61.0
78780.0,59.4
78840.0,58.9
78900.0,58.9
78960.0,59.7
79020.0,59.7
79080.0,61.3
79140.0,62.0
79200.0,60.7
79260.0,60.1
79320.0,61.2
79380.0,61.5
79440.0,60.9
79500.0,62.4
79560.0,59.9
79620.0,59.3
79680.0,60.8
79740.0,59.6
79800.0,59.2
79860.0,55.1
79920.0,59.6
79980.0,60.2
80040.0,60.1
80100.0,59.5
80160.0,59.2
80220.0,59.7
80280.0,60.6
80340.0,61.3
80400.0,58.7
80460.0,61.0
80520.0,60.9
80580.0,63.3
80640.0,62.9
80700.0,64.1
80760.0,63.6
80820.0,62.2
80880.0,59.8
80940.0,59.0
81000.0,58.5
81060.0,60.3
81120.0,63.1
81180.0,63.7
81240.0,62.3
81300.0,63.7
81360.0,63.4
81420.0,63.2
81480.0,63.8
81540.0,58.2
81600.0,57.2
81660.0,59.7
81720.0,59.4
81780.0,58.7
81840.0,58.8
81900.0,54.2
81960.0,56.2
82020.0,59.3
82080.0,59.1
82140.0,59.3
82200.0,59.4
82260.0,59.1
82320.0,58.7
82380.0,57.5
82440.0,58.1
82500.0,60.7
82560.0,59.7
82620.0,62.1
82680.0,61.6
82740.0,61.3
82800.0,57.5
82860.0,60.6
82920.0,61.7
82980.0,61.9
83040.0,60.4
83100.0,61.7
83160.0,61.1
83220.0,63.1
83280.0,62.3
83340.0,62.7
83400.0,60.7
83460.0,61.6
83520.0,61.7
83580.0,59.7
83640.0,60.9
83700.0,59.5
83760.0,56.8
83820.0,57.1
83880.0,56.8
83940.0,60.5
84000.0,62.9
84060.0,62.0
84120.0,61.6
84180.0,63.5
84240.0,62.0
84300.0,64.2
84360.0,63.5
84420.0,60.8
84480.0,60.4
84540.0,59.3
84600.0,61.2
84660.0,62.2
84720.0,62.3
84780.0,61.5
84840.0,61.2
84900.0,60.3
84960.0,60.9
85020.0,61.2
85080.0,58.0
85140.0,51.2
85200.0,59.6
85260.0,60.4
85320.0,59.7
85380.0,62.8
85440.0,62.3
85500.0,62.6
85560.0,63.5
85620.0,62.2
85680.0,61.6
85740.0,60.4
85800.0,58.6
85860.0,60.6
85920.0,61.7
85980.0,63.7
86040.0,63.5
86100.0,61.6
86160.0,62.6
86220.0,63.9
86280.0,64.1
86340.0,63.4
