CampaignData_and_Merges/R0/CSL_MobileLab_Parked/raw/20240725/USOS-NOy-LIF_MobileLabGround_20240725_R0.ict
39,1001
Rollins, A.; Waxman, E.; Zuraski, K.; Chace, W.
NOAA Chemical Sciences Laboratory
LIF NO/NOx/NOy on CSL Mobile Lab
AMMBEC / USOS
1, 1
2024,07,25, 2025,01,04
1
Time_Start, seconds, number_of_seconds_since_0000_UTC
7
1, 1, 1, 1, 1, 1, 1
-9999, -9999, -9999, -9999, -9999, -9999, -9999
Time_Stop, seconds, number_of_seconds_since_0000_UTC
NO_LIF, pptv, Gas_NO_InSitu_S_AVMR, volume mixing ratio of nitric oxide in air
NO2_LIF, pptv, Gas_NO2_InSitu_S_AVMR, volume mixing ratio of nitrogen dioxide in air
NOy_LIF, pptv, Gas_NOy_InSitu_S_AVMR, volume mixing ratio of total oxidized nitrogen in air
NO_LIF_1SigmaAccuracy, pptv, Gas_NO_InSitu_S_AVMR, volume mixing ratio of nitric oxide in air
NO2_LIF_1SigmaAccuracy, pptv, Gas_NO2_InSitu_S_AVMR, volume mixing ratio of nitrogen dioxide in air
NOy_LIF_1SigmaAccuracy, pptv, Gas_NOy_InSitu_S_AVMR, volume mixing ratio of total oxidized nitrogen in air
0
18
PI_CONTACT_INFO: andrew.rollins@noaa.gov
PLATFORM: CSL Mobile Lab
LOCATION: Salt Lake City, UT
ASSOCIATED_DATA:
INSTRUMENT_INFO: NO detection by laser induced fluorescence. NO2 detection by photolytic conversion to NO. NOy detection by catalytic conversion to NO on gold surface
DATA_INFO:
UNCERTAINTY: Included 1 Sigma Accuracy waves represent the combined calibration uncertainties (±6%, ±9%, ±10%) and zero uncertainties (3 ppt, 20 ppt, 100 ppt) for NO, NO2, and NOy, respectively.
ULOD_FLAG: -7777
ULOD_VALUE: N/A
LLOD_FLAG: -8888
LLOD_VALUE: N/A
DM_CONTACT_INFO: andrew.rollins@noaa.gov
PROJECT_INFO: USOS Project, July - August 2024
STIPULATIONS_ON_USE: Users are strongly encouraged to contact the PI for proper data usage.
OTHER_COMMENTS:
REVISION: R0
R0: final data
Time_Start, Time_Stop, NO_LIF, NO2_LIF, NOy_LIF, NO_LIF_1SigmaAccuracy, NO2_LIF_1SigmaAccuracy, NOy_LIF_1SigmaAccuracy
       0,      60,151.64,1845.2,4049.7,12.098, 186.07, 504.97
      60,     120,173.84,2117.8,4314,13.431, 210.6, 531.4
     120,     180,193.28,2401.8,4547.3,14.597, 236.16, 554.73
     180,     240,156.5,2142.5,4413,12.39, 212.83, 541.3
     240,     300,122.43,1917.6,4081.4,10.346, 192.59, 508.14
     300,     360,214.28,2361.1,4472.8,15.857, 232.5, 547.28
     360,     420,173.8,2485.3,5121.9,13.428, 243.67, 612.19
     420,     480,135.37,2078.6,4543.3,11.122, 207.08, 554.33
     480,     540,110.63,1746.3,4026,9.6375, 177.17, 502.6
     540,     600,123.19,1845.1,3936.8,10.392, 186.06, 493.68
     600,     660,191.88,2277.6,4195.4,14.513, 224.98, 519.54
     660,     720,213.5,2783,4923.9,15.81, 270.47, 592.39
     720,     780,184.08,2396.7,4862.8,14.045, 235.7, 586.28
     780,     840,157.01,1995.8,4320.2,12.421, 199.62, 532.02
     840,     900,166.4,2173.1,4439.3,12.984, 215.58, 543.93
     900,     960,174.55,2227.6,4434.8,13.473, 220.49, 543.48
     960,    1020,163.54,2292.9,4370.2,12.812, 226.36, 537.02
    1020,    1080,158,2107.2,4296,12.48, 209.65, 529.6
    1080,    1140,149.15,2085.9,4201.3,11.949, 207.73, 520.13
    1140,    1200,131.95,2086,4051,10.917, 207.74, 505.1
    1200,    1260,198.72,2378.3,4171,14.923, 234.05, 517.1
    1260,    1320,350.17,3068.8,5387.7,24.01, 296.2, 638.77
    1320,    1380,554.25,3852,7543,36.255, 366.68, 854.3
    1380,    1440,213.54,2543.5,4710.5,15.812, 248.91, 571.05
    1440,    1500,180.28,2314.6,4295.1,13.817, 228.31, 529.51
    1500,    1560,173.47,2334.3,4243.7,13.408, 230.08, 524.37
    1560,    1620,175.3,2287.3,4258.7,13.518, 225.86, 525.87
    1620,    1680,174.52,2380.4,4279.1,13.471, 234.24, 527.91
    1680,    1740,189.54,2581.5,4565.1,14.372, 252.33, 556.51
    1740,    1800,167.16,2484.2,4470.7,13.03, 243.58, 547.07
    1800,    1860,160.61,2464,4474.4,12.636, 241.76, 547.44
    1860,    1920,151.06,2360.5,4453.2,12.063, 232.44, 545.32
    1920,    1980,172.27,2283,4418.5,13.336, 225.47, 541.85
    1980,    2040,249.05,2585.3,4486.4,17.943, 252.68, 548.64
    2040,    2100,350.41,3564.8,5463,24.025, 340.83, 646.3
    2100,    2160,239.23,2894.3,4554.6,17.354, 280.49, 555.46
    2160,    2220,232.59,2805.7,5101.6,16.956, 272.52, 610.16
    2220,    2280,182.61,2547,4947.5,13.957, 249.23, 594.75
    2280,    2340,149.91,2437.3,4511.9,11.995, 239.36, 551.19
    2340,    2400,302.91,3088.8,5150.7,21.175, 297.99, 615.07
    2400,    2460,194.77,2695.7,5130.4,14.686, 262.61, 613.04
    2460,    2520,128.34,2195.2,4147.7,10.701, 217.57, 514.77
    2520,    2580,132.34,2334.1,4186.8,10.94, 230.07, 518.68
    2580,    2640,137.98,2412,4272.6,11.279, 237.08, 527.26
    2640,    2700,128.26,2268.2,4134.2,10.696, 224.14, 513.42
    2700,    2760,128.1,2489.5,4340.8,10.686, 244.05, 534.08
    2760,    2820,119.59,2273.5,4304.1,10.175, 224.62, 530.41
    2820,    2880,171.31,3125.9,4754.3,13.279, 301.33, 575.43
    2880,    2940,145.9,2875.4,4804.3,11.754, 278.78, 580.43
    2940,    3000,143.13,2728.4,4706.3,11.588, 265.55, 570.63
    3000,    3060,160.3,2832.1,4787.9,12.618, 274.89, 578.79
    3060,    3120,136.05,2707.5,4669.6,11.163, 263.67, 566.96
    3120,    3180,132.26,2735.3,4606.2,10.936, 266.17, 560.62
    3180,    3240,121.05,2603.5,4572.2,10.263, 254.32, 557.22
    3240,    3300,104.18,2508.3,4489.9,9.2511, 245.75, 548.99
    3300,    3360,166.89,2906,4795.3,13.014, 281.54, 579.53
    3360,    3420,127.03,3021.6,4990.2,10.622, 291.94, 599.02
    3420,    3480,154.99,3530.7,5478.4,12.299, 337.76, 647.84
    3480,    3540,125.25,3154.1,5155.5,10.515, 303.87, 615.55
    3540,    3600,115.31,2942.1,4988.2,9.9184, 284.78, 598.82
    3600,    3660,105.43,2850.8,4762.6,9.3259, 276.57, 576.26
    3660,    3720,108.05,2809.7,4670.6,9.483, 272.87, 567.06
    3720,    3780,112.2,2949.5,4809.1,9.7318, 285.46, 580.91
    3780,    3840,105.48,2978,4831.7,9.3289, 288.02, 583.17
    3840,    3900,110.91,3005.7,4894.9,9.6547, 290.52, 589.49
    3900,    3960,104.97,3068.4,4976.7,9.2982, 296.15, 597.67
    3960,    4020,129.08,3416.4,5360.5,10.745, 327.48, 636.05
    4020,    4080,122.1,3436.4,5336.9,10.326, 329.27, 633.69
    4080,    4140,130.78,3558.4,5529.5,10.847, 340.26, 652.95
    4140,    4200,139.93,3754.7,6214.7,11.396, 357.93, 721.47
    4200,    4260,146.69,3789,6225.2,11.801, 361.01, 722.52
    4260,    4320,143.42,4007.5,6201,11.605, 380.67, 720.1
    4320,    4380,149.97,4247.9,6214.3,11.998, 402.31, 721.43
    4380,    4440,168.21,4148,7866.9,13.092, 393.32, 886.69
    4440,    4500,163.5,3930.5,6444.7,12.81, 373.74, 744.47
    4500,    4560,156.9,3895.6,6148.1,12.414, 370.6, 714.81
    4560,    4620,169.46,4036.5,7100,13.168, 383.28, 810
    4620,    4680,137.31,3738.4,5957.1,11.238, 356.46, 695.71
    4680,    4740,455.68,4735.1,8152.3,30.341, 446.16, 915.23
    4740,    4800,509.6,5208.1,9631.2,33.576, 488.73, 1063.1
    4800,    4860,144.64,3649.8,6089.8,11.678, 348.49, 708.98
    4860,    4920,131.02,3397.4,5405,10.861, 325.76, 640.5
    4920,    4980,1003.9,6561.3,6984.2,63.237, 610.52, 798.42
    4980,    5040,190.15,3672.2,6264.3,14.409, 350.49, 726.43
    5040,    5100,230.32,4721.9,6256.2,16.819, 444.97, 725.62
    5100,    5160,685.49,7184.9,12256,44.129, 666.64, 1325.6
    5160,    5220,254.64,5644.7,9337.3,18.279, 528.02, 1033.7
    5220,    5280,151.16,4585.2,6770.3,12.07, 432.67, 777.03
    5280,    5340,384.47,5424.3,8084.6,26.068, 508.19, 908.46
    5340,    5400,169.42,5020.8,6843.4,13.165, 471.87, 784.34
    5400,    5460,160.99,4625.4,6688.2,12.659, 436.29, 768.82
    5460,    5520,152.06,4486.7,6302.4,12.124, 423.8, 730.24
    5520,    5580,220.16,5041.8,7041,16.209, 473.76, 804.1
    5580,    5640,292.13,5365.6,7772.6,20.528, 502.9, 877.26
    5640,    5700,152.03,4240.1,6650,12.122, 401.61, 765
    5700,    5760,386.87,4974.8,7211.2,26.212, 467.73, 821.12
    5760,    5820,257.62,5113.2,7461.2,18.457, 480.19, 846.12
    5820,    5880,202.36,5893.3,6984.9,15.142, 550.4, 798.49
    5880,    5940,379.44,7559.8,8828.8,25.767, 700.38, 982.88
    5940,    6000,195.55,6052.7,8079.4,14.733, 564.75, 907.94
    6000,    6060,143.96,4652.1,7088.5,11.638, 438.69, 808.85
    6060,    6120,131.58,4542.2,6476.5,10.895, 428.8, 747.65
    6120,    6180,141.62,4835.5,6536.1,11.497, 455.19, 753.61
    6180,    6240,119.97,4558.2,6252.8,10.198, 430.24, 725.28
    6240,    6300,144.76,4332.5,6091.1,11.686, 409.92, 709.11
    6300,    6360,122.79,4615.4,6167.5,10.367, 435.39, 716.75
    6360,    6420,141.9,5200.9,9405,11.514, 488.08, 1040.5
    6420,    6480,159.34,5754.1,7852.2,12.561, 537.87, 885.22
    6480,    6540,-9999,-9999,-9999,-9999, -9999, -9999
    6540,    6600,-9999,-9999,-9999,-9999, -9999, -9999
    6600,    6660,-9999,-9999,-9999,-9999, -9999, -9999
    6660,    6720,-9999,-9999,-9999,-9999, -9999, -9999
    6720,    6780,-9999,-9999,-9999,-9999, -9999, -9999
    6780,    6840,-9999,-9999,-9999,-9999, -9999, -9999
    6840,    6900,-9999,-9999,-9999,-9999, -9999, -9999
    6900,    6960,106.03,5120.5,7100.8,9.3618, 480.85, 810.08
    6960,    7020,105.08,4531.3,6103.7,9.3047, 427.82, 710.37
    7020,    7080,85.701,4277.7,5802.4,8.1421, 404.99, 680.24
    7080,    7140,90.133,4475.9,5947.5,8.408, 422.83, 694.75
    7140,    7200,90.858,4965.9,6684.7,8.4515, 466.93, 768.47
    7200,    7260,94.122,5166,6928.8,8.6473, 484.94, 792.88
    7260,    7320,84.344,4881.8,6677.7,8.0606, 459.36, 767.77
    7320,    7380,93.175,5285.2,6859.4,8.5905, 495.67, 785.94
    7380,    7440,89.195,5308.1,7026.3,8.3517, 497.72, 802.63
    7440,    7500,105.3,5712.6,7268.9,9.318, 534.13, 826.89
    7500,    7560,98.027,5780.4,7471.6,8.8816, 540.24, 847.16
    7560,    7620,80.545,5304.3,7086.4,7.8327, 497.39, 808.64
    7620,    7680,85.992,5833.7,7275.7,8.1595, 545.03, 827.57
    7680,    7740,76.475,5499.3,7388.1,7.5885, 514.93, 838.81
    7740,    7800,68.633,5149.8,7011.2,7.118, 483.49, 801.12
    7800,    7860,71.817,5357.6,7079.2,7.309, 502.18, 807.92
    7860,    7920,72.385,5608.5,7269.5,7.3431, 524.76, 826.95
    7920,    7980,78.281,6021.6,7600.6,7.6969, 561.95, 860.06
    7980,    8040,89.445,6471.3,8410,8.3667, 602.42, 941
    8040,    8100,106.24,8068.3,9431.9,9.3744, 746.15, 1043.2
    8100,    8160,105.62,7393.9,9491.9,9.3372, 685.45, 1049.2
    8160,    8220,85.922,6991.3,8821.2,8.1553, 649.22, 982.12
    8220,    8280,77.872,6571.2,9117.3,7.6723, 611.41, 1011.7
    8280,    8340,88.299,6928.4,8561,8.2979, 643.55, 956.1
    8340,    8400,91.809,7755.9,9206.8,8.5085, 718.03, 1020.7
    8400,    8460,69.117,6308.2,8550.4,7.147, 587.74, 955.04
    8460,    8520,71.071,6914.8,8794.4,7.2642, 642.33, 979.44
    8520,    8580,64.343,6646.3,8493.9,6.8606, 618.17, 949.39
    8580,    8640,71.224,6923.4,8891,7.2734, 643.11, 989.1
    8640,    8700,71.055,7273,9482.4,7.2633, 674.57, 1048.2
    8700,    8760,71.208,7807.5,9866.8,7.2725, 722.67, 1086.7
    8760,    8820,69.931,7539.3,9716.4,7.1958, 698.54, 1071.6
    8820,    8880,56.062,6797.3,8984.4,6.3637, 631.75, 998.44
    8880,    8940,65.166,7608.3,9110.8,6.9099, 704.74, 1011.1
    8940,    9000,70.079,8594.1,10699,7.2047, 793.47, 1169.9
    9000,    9060,62.877,8663.3,10135,6.7726, 799.7, 1113.5
    9060,    9120,207.14,9436.1,10461,15.428, 869.25, 1146.1
    9120,    9180,157.94,8942.6,11567,12.476, 824.83, 1256.7
    9180,    9240,133.64,8880.7,10624,11.019, 819.27, 1162.4
    9240,    9300,91.818,8212.5,10349,8.5091, 759.13, 1134.9
    9300,    9360,131.85,6763.8,9220.8,10.911, 628.74, 1022.1
    9360,    9420,84.698,6307.8,9068.6,8.0819, 587.7, 1006.9
    9420,    9480,59.663,5671.9,7477.9,6.5798, 530.47, 847.79
    9480,    9540,45.933,4978.5,7005.6,5.756, 468.07, 800.56
    9540,    9600,73.285,4560.5,6140.2,7.3971, 430.44, 714.02
    9600,    9660,99.664,4953,6452.6,8.9799, 465.77, 745.26
    9660,    9720,77.84,5914.4,7206.9,7.6704, 552.3, 820.69
    9720,    9780,45.585,5617.4,7854.8,5.7351, 525.57, 885.48
    9780,    9840,60.216,5076.7,7442.2,6.613, 476.9, 844.22
    9840,    9900,56.078,5406.1,7105.1,6.3647, 506.55, 810.51
    9900,    9960,122.64,4803.7,6544.9,10.358, 452.34, 754.49
    9960,   10020,535.4,6064.9,6774.8,35.124, 565.84, 777.48
   10020,   10080,101.71,4881.4,6934,9.1024, 459.33, 793.4
   10080,   10140,59.423,4933.3,6368.3,6.5654, 464, 736.83
   10140,   10200,50.95,5058.1,6685.6,6.057, 475.23, 768.56
   10200,   10260,22.711,3928.3,5800,4.3627, 373.55, 680
   10260,   10320,49.587,3723.2,4929.1,5.9752, 355.09, 592.91
   10320,   10380,314.21,6379.2,5549.8,21.853, 594.13, 654.98
   10380,   10440,273.92,6701.8,7165.3,19.435, 623.16, 816.53
   10440,   10500,87.779,6536.2,7610.1,8.2667, 608.25, 861.01
   10500,   10560,66.247,4751.5,6837,6.9748, 447.64, 783.7
   10560,   10620,288.55,4869.3,6384.6,20.313, 458.24, 738.46
   10620,   10680,229.7,6008,8137.8,16.782, 560.72, 913.78
   10680,   10740,47.804,4175.3,6329.5,5.8682, 395.78, 732.95
   10740,   10800,32.305,3140.2,4592.7,4.9383, 302.62, 559.27
   10800,   10860,51.388,3231.1,4441.1,6.0833, 310.8, 544.11
   10860,   10920,78.553,4459.3,5061.1,7.7132, 421.33, 606.11
   10920,   10980,57.09,4250.6,5286.6,6.4254, 402.55, 628.66
   10980,   11040,38.438,4269.3,5481.1,5.3063, 404.24, 648.11
   11040,   11100,119.12,4500.3,5691.4,10.147, 425.03, 669.14
   11100,   11160,63.54,3621.6,5511.7,6.8124, 345.94, 651.17
   11160,   11220,48.67,2709.8,4744,5.9202, 263.88, 574.4
   11220,   11280,871.32,4054.2,4795.4,55.279, 384.87, 579.54
   11280,   11340,758.84,5582.2,9207.4,48.53, 522.4, 1020.7
   11340,   11400,73.919,2845.7,5355.6,7.4352, 276.11, 635.56
   11400,   11460,80.637,2819,4168.2,7.8382, 273.71, 516.82
   11460,   11520,79.334,2539.9,3759.9,7.76, 248.59, 475.99
   11520,   11580,50.56,1906.9,3075,6.0336, 191.62, 407.5
   11580,   11640,43.027,2315.7,3276.1,5.5816, 228.41, 427.61
   11640,   11700,47.905,2430.8,3426.8,5.8743, 238.77, 442.68
   11700,   11760,146.54,3231.1,4385,11.793, 310.8, 538.5
   11760,   11820,36.171,3002.6,4604.6,5.1703, 290.24, 560.46
   11820,   11880,95.856,3847.2,4854.2,8.7513, 366.24, 585.42
   11880,   11940,141.45,4017.5,5345.5,11.487, 381.57, 634.55
   11940,   12000,144.14,4222.4,6062,11.648, 400.02, 706.2
   12000,   12060,305.48,4855.2,5364.7,21.329, 456.97, 636.47
   12060,   12120,227.91,4099.9,5130.9,16.674, 388.99, 613.09
   12120,   12180,462.89,6676.9,7925.7,30.774, 620.92, 892.57
   12180,   12240,183.59,6035,8485.1,14.015, 563.15, 948.51
   12240,   12300,187.1,3363.6,5543.6,14.226, 322.73, 654.36
   12300,   12360,258.97,4715.8,5633.1,18.538, 444.43, 663.31
   12360,   12420,168.2,4459.5,6878.8,13.092, 421.36, 787.88
   12420,   12480,182.42,5303.2,6431.1,13.945, 497.29, 743.11
   12480,   12540,1314.8,11438,12463,81.886, 1049.4, 1346.3
   12540,   12600,821.98,9975,13261,52.319, 917.75, 1426.1
   12600,   12660,1135.8,9083.7,12113,71.149, 837.53, 1311.3
   12660,   12720,782.33,7225.9,12294,49.94, 670.33, 1329.4
   12720,   12780,118.83,5938,7646.5,10.13, 554.42, 864.65
   12780,   12840,26.321,5434.6,6920.1,4.5792, 509.11, 792.01
   12840,   12900,32.8,5780.3,6805.2,4.968, 540.23, 780.52
   12900,   12960,98.911,5802.9,6977.3,8.9347, 542.26, 797.73
   12960,   13020,395.25,10226,11035,26.715, 940.38, 1203.5
   13020,   13080,1611.4,14496,19261,99.681, 1324.6, 2026.1
   13080,   13140,790.81,12551,24254,50.448, 1149.5, 2525.4
   13140,   13200,275.12,12620,15292,19.507, 1155.8, 1629.2
   13200,   13260,1569,12725,12512,97.139, 1165.2, 1351.2
   13260,   13320,506.36,12767,15021,33.382, 1169, 1602.1
   13320,   13380,36.918,9915.8,12605,5.2151, 912.42, 1360.5
   13380,   13440,33.662,10846,14244,5.0197, 996.11, 1524.4
   13440,   13500,25.331,9516.7,12628,4.5199, 876.51, 1362.8
   13500,   13560,90.022,13017,12944,8.4013, 1191.5, 1394.4
   13560,   13620,104.76,13904,13727,9.2855, 1271.3, 1472.7
   13620,   13680,43.349,13203,13322,5.601, 1208.3, 1432.2
   13680,   13740,50.433,14687,15178,6.026, 1341.8, 1617.8
   13740,   13800,27.5,14498,15042,4.65, 1324.8, 1604.2
   13800,   13860,481.32,14997,17515,31.879, 1369.7, 1851.5
   13860,   13920,297.06,12924,15789,20.824, 1183.2, 1678.9
   13920,   13980,5332.1,11694,10980,322.93, 1072.4, 1198
   13980,   14040,6423.1,16082,18005,388.38, 1467.4, 1900.5
   14040,   14100,655.3,12513,14765,42.318, 1146.2, 1576.5
   14100,   14160,162.47,9697.8,11523,12.748, 892.8, 1252.3
   14160,   14220,114,7725,10756,9.8402, 715.25, 1175.6
   14220,   14280,87.574,7897.2,10133,8.2544, 730.74, 1113.3
   14280,   14340,66.837,7605.9,9756.5,7.0102, 704.53, 1075.6
   14340,   14400,150.95,8226.7,10115,12.057, 760.4, 1111.5
   14400,   14460,518.02,9648.7,10236,34.081, 888.39, 1123.6
   14460,   14520,-9999,-9999,-9999,-9999, -9999, -9999
   14520,   14580,-9999,-9999,-9999,-9999, -9999, -9999
   14580,   14640,-9999,-9999,-9999,-9999, -9999, -9999
   14640,   14700,-9999,-9999,-9999,-9999, -9999, -9999
   14700,   14760,-9999,-9999,-9999,-9999, -9999, -9999
   14760,   14820,-9999,-9999,-9999,-9999, -9999, -9999
   14820,   14880,-9999,-9999,-9999,-9999, -9999, -9999
   14880,   14940,162.73,9709.1,10615,12.764, 893.82, 1161.5
   14940,   15000,301.86,10828,12915,21.111, 994.56, 1391.5
   15000,   15060,77.664,7680.5,11722,7.6598, 711.25, 1272.2
   15060,   15120,46.945,7095.9,10160,5.8167, 658.63, 1116
   15120,   15180,400.94,9236.3,9719,27.056, 851.26, 1071.9
   15180,   15240,313.04,8947.3,11018,21.783, 825.26, 1201.8
   15240,   15300,24.618,6557.3,8168.1,4.4771, 610.15, 916.81
   15300,   15360,166.81,9110.6,9498.8,13.008, 839.96, 1049.9
   15360,   15420,159.4,8918.9,10079,12.564, 822.7, 1107.9
   15420,   15480,66.588,8913.2,11904,6.9953, 822.18, 1290.4
   15480,   15540,251.57,8553.9,12684,18.094, 789.85, 1368.4
   15540,   15600,76.234,9386.7,11653,7.574, 864.8, 1265.3
   15600,   15660,97.085,10384,11467,8.8251, 954.55, 1246.7
   15660,   15720,258.98,11725,12215,18.539, 1075.3, 1321.5
   15720,   15780,1727.4,14843,13068,106.64, 1355.9, 1406.8
   15780,   15840,249.55,12802,15183,17.973, 1172.2, 1618.3
