CampaignData_and_Merges/R0/CSL_MobileLab_Parked/raw/20240725/USOS-Picarro-CO2-CH4-CO-H2O_MobileLabGround_20240725_R0.ict
38, 1001
Ilana Pollack, Nell Schafer, and Jeff Peischl
NOAA Chemical Sciences Laboratory
Picarro 2401-m CO2/CH4/CO/H2O Analyzer
USOS
1, 1
2024, 07, 25, 2024, 11, 20
0
StartTime_UTC, seconds_past_midnight, seconds past midnight
5
1, 1, 1, 1, 1
-9999, -9999, -9999, -9999, -9999
StopTime_UTC, seconds_past_midnight, seconds past midnight
CO2_ppm_1min, ppm, Gas_CO2_InSitu_S_DMF, carbon dioxide mixing ratio
CH4_ppb_1min, ppb, Gas_CH4_InSitu_S_DMF, methane mixing ratio
CO_ppb_1min, ppb, Gas_CO_InSitu_S_DMF, carbon monoxide mixing ratio
H2O_ppmv_1min, ppmv, Met_H2OMRV_InSitu_S_AVMR, water vapor mixing ratio
1
SPECIAL COMMENTS: N/A
18
PI_CONTACT_INFO: Address: NOAA Chemical Sciences Laboratory, Mail Stop CSL7, 325 Broadway, Boulder, CO 80305; Email: Ilana.Pollack@noaa.gov
PLATFORM: NOAA CSL Mobile Laboratory
LOCATION: The mobile lab was stationed in Salt Lake City, Utah.
ASSOCIATED_DATA: N/A
INSTRUMENT_INFO: CO2, CH4, and CO are reported as dry air mole fractions using a commercial wavelength-scanned cavity ring-down analyzer (Picarro 2401-m). An in-field calibration gas standard of 432±0.07 ppm CO2, 2095±1 ppb CH4, and 183±1 ppb CO, calibrated in the Boulder laboratories before and after the field project using primary CO2, CH4, and CO standard tanks tied to the WMO standard (X2019, X2004A, and X2014A, respectively) from the Global Monitoring Laboratory (GML), was delivered to the inlet every 2-3 days to evaluate instrument sensitivity. A H2O measurement was calibrated before the project with a Dew Point Mirror 373 hygrometer. The water correction calculated from these calibrations was applied to the H2O measurement for the entire campaign. Species are measured at 0.5 Hz and reported as 1-minute averages for stationary measurements.
DATA_INFO: Units: CO2, ppm, dry air mole fraction; CH4, ppb, dry air mole fraction; CO, ppb, dry air mole fraction; H2O, ppmv
UNCERTAINTY: Total uncertainties are estimated as ±0.1 ppm for CO2, ±1 ppb for CH4, ±5 ppb for CO, and ±(50 ppm + 4%) for H2O.
ULOD_FLAG: -7777
ULOD_VALUE: N/A
LLOD_FLAG: -8888
LLOD_VALUE: N/A
DM_CONTACT_INFO: Data Manager: Nathan Howard; nathan.h.howard@noaa.gov
PROJECT_INFO: USOS Dates of Study: July – August 2024
STIPULATIONS_ON_USE: Use of these data require prior ok from PI.
OTHER_COMMENTS: Data are averaged to 1 minute intervals. Stationary data collected from a 10 ft tower on top of the mobile van.
REVISION: R0
R0: Final Data
StartTime_UTC, StopTime_UTC, CO2_ppm_1min, CH4_ppb_1min, CO_ppb_1min, H2O_ppmv_1min
0,60,424.87,1994.4,191.6,11241.6387
60,120,424.96,1994.4,190.0,11502.0176
120,180,424.92,1995.0,189.4,11620.4941
180,240,425.14,1994.8,189.4,11335.4844
240,300,425.35,1995.1,189.9,11177.7158
300,360,425.80,1996.4,196.2,11095.5576
360,420,425.36,1995.7,199.4,11520.2939
420,480,425.08,1994.6,196.9,11163.0137
480,540,425.28,1994.0,202.4,11120.8516
540,600,425.66,1994.4,194.6,11316.8555
600,660,425.42,1994.7,197.0,11516.6182
660,720,425.09,1995.2,199.3,11946.9854
720,780,425.36,1992.9,191.2,10828.7793
780,840,425.66,1993.8,196.0,11171.0479
840,900,425.93,1995.1,194.6,11175.6846
900,960,426.35,1994.7,194.7,11526.3330
960,1020,425.63,1994.2,194.1,11422.3438
1020,1080,425.47,1992.9,191.7,11001.6025
1080,1140,425.20,1993.7,190.4,11947.1035
1140,1200,425.46,1993.8,192.0,11616.6348
1200,1260,426.05,1992.5,194.0,10563.3203
1260,1320,426.25,1992.6,196.0,10628.6514
1320,1380,425.88,1993.4,194.0,10876.9170
1380,1440,425.48,1993.6,191.3,10995.4307
1440,1500,425.11,1993.8,192.3,11744.1875
1500,1560,425.00,1993.9,191.4,11176.5723
1560,1620,425.38,1995.0,194.7,11322.3818
1620,1680,425.59,1996.5,198.3,11622.0938
1680,1740,425.93,1996.5,206.0,11262.8496
1740,1800,426.10,1996.8,206.4,11602.7354
1800,1860,426.12,1996.0,201.2,11331.5625
1860,1920,425.90,1995.3,195.7,11447.2256
1920,1980,425.82,1994.9,193.4,11040.7930
1980,2040,426.59,1995.2,195.4,11604.4521
2040,2100,426.03,1995.7,194.3,11636.6885
2100,2160,426.26,1994.9,195.4,11636.7568
2160,2220,426.00,1995.0,237.4,11013.5918
2220,2280,425.72,1993.0,203.7,11075.4053
2280,2340,427.68,1994.5,196.7,10930.5771
2340,2400,427.53,1995.0,196.5,11250.2275
2400,2460,426.21,1993.4,197.0,10802.1260
2460,2520,426.01,1994.2,195.5,10969.5400
2520,2580,426.42,1994.8,200.1,11078.8916
2580,2640,426.24,1994.2,194.6,10903.9473
2640,2700,426.40,1995.6,195.3,11290.8721
2700,2760,426.22,1995.6,193.9,11115.1016
2760,2820,426.46,1996.6,196.8,10902.5078
2820,2880,426.76,1997.2,197.9,11661.9180
2880,2940,426.27,1997.6,197.5,11965.3086
2940,3000,426.74,1997.8,198.3,11347.7178
3000,3060,426.67,1997.4,196.3,11202.8076
3060,3120,427.06,1997.5,197.7,10951.3213
3120,3180,427.08,1997.3,194.5,10941.0039
3180,3240,426.75,1995.4,194.8,10483.7441
3240,3300,427.78,1997.0,199.5,11071.3555
3300,3360,428.04,1999.2,200.7,11515.3271
3360,3420,428.02,1998.7,207.6,11447.1211
3420,3480,427.32,1997.3,207.2,11039.3203
3480,3540,427.79,1998.4,205.7,11287.5303
3540,3600,427.30,1997.5,202.3,11219.4316
3600,3660,426.89,1997.1,198.3,10885.7324
3660,3720,427.30,1998.6,198.1,11054.1094
3720,3780,427.76,2000.6,202.3,11409.2383
3780,3840,428.23,2000.9,200.8,11364.6699
3840,3900,428.13,2000.3,202.6,11240.4199
3900,3960,429.08,2003.2,203.3,11597.6582
3960,4020,428.88,2003.1,203.8,11325.9688
4020,4080,429.26,2004.0,208.4,11290.3467
4080,4140,429.69,2006.4,210.2,11656.7412
4140,4200,430.18,2007.5,210.0,11788.8916
4200,4260,429.85,2008.5,211.6,11556.7881
4260,4320,429.74,2006.7,214.4,11334.9844
4320,4380,430.22,2006.9,222.6,11348.6855
4380,4440,429.37,2004.4,213.3,10914.1592
4440,4500,430.48,2005.8,214.7,11212.3867
4500,4560,430.90,2005.7,208.2,11276.0059
4560,4620,430.13,2005.5,208.1,11154.5391
4620,4680,431.66,2004.5,203.9,10992.4648
4680,4740,431.89,2002.3,203.8,10707.9883
4740,4800,429.95,2002.5,201.7,10811.6367
4800,4860,428.75,2000.4,199.0,10474.8496
4860,4920,432.94,2002.5,200.4,10827.8125
4920,4980,431.32,2001.1,199.2,10719.1621
4980,5040,430.46,2001.8,210.2,10616.0107
5040,5100,435.09,2002.9,219.9,11134.3203
5100,5160,434.27,2004.4,244.2,11080.7607
5160,5220,432.10,2006.8,254.5,11036.5439
5220,5280,433.28,2009.1,273.2,10972.2568
5280,5340,432.73,2009.9,283.3,11197.4922
5340,5400,432.41,2012.0,278.7,10974.8301
5400,5460,431.70,2013.9,268.5,11140.4980
5460,5520,433.63,2016.2,270.0,11468.2588
5520,5580,433.67,2016.2,259.9,11360.9854
5580,5640,432.39,2015.0,239.0,11054.7881
5640,5700,432.67,2015.0,229.9,11005.6289
5700,5760,434.69,2016.4,235.2,11266.4980
5760,5820,435.35,2017.3,237.4,11919.4551
5820,5880,438.31,2018.6,239.4,11763.7686
5880,5940,435.04,2019.5,238.0,11885.8096
5940,6000,432.82,2020.5,252.4,11325.5176
6000,6060,433.83,2022.8,255.7,11753.2373
6060,6120,434.94,2024.3,262.4,12033.1201
6120,6180,433.03,2022.6,270.1,11710.3252
6180,6240,432.99,2022.2,246.5,11650.8906
6240,6300,432.99,2022.6,241.3,11563.0771
6300,6360,435.35,2024.0,248.8,12098.3037
6360,6420,436.11,2023.7,251.4,11888.5361
6420,6480,435.32,2019.8,249.3,11478.7598
6480,6540,435.65,2019.9,243.2,11637.1963
6540,6600,432.73,2020.0,228.0,11751.3076
6600,6660,433.25,2020.9,233.0,11743.7998
6660,6720,434.17,2021.6,238.7,11831.1768
6720,6780,435.30,2020.6,244.6,11841.1719
6780,6840,436.42,2020.8,254.4,11886.9951
6840,6900,436.93,2022.7,245.2,11991.7432
6900,6960,435.51,2023.2,237.3,12215.5977
6960,7020,434.12,2022.5,236.3,12231.7070
7020,7080,434.02,2024.2,238.7,12022.6797
7080,7140,433.55,2025.6,237.2,11964.2920
7140,7200,433.76,2026.6,241.2,11967.8115
7200,7260,435.79,2025.9,244.5,12331.6914
7260,7320,437.62,2030.8,263.4,12522.0830
7320,7380,438.83,2034.6,278.9,12711.2939
7380,7440,438.12,2035.4,273.4,12401.1738
7440,7500,439.20,2036.4,268.7,12505.9619
7500,7560,437.45,2035.9,264.2,12248.4063
7560,7620,436.89,2040.4,282.4,12149.1201
7620,7680,436.79,2041.2,284.5,12206.5156
7680,7740,435.39,2040.1,270.6,12058.3115
7740,7800,436.49,2040.8,274.0,12111.7266
7800,7860,437.93,2041.1,280.5,11995.3545
7860,7920,440.39,2041.7,287.7,12001.1475
7920,7980,440.52,2043.1,284.1,12093.3438
7980,8040,441.07,2044.1,295.6,11932.6025
8040,8100,442.26,2045.1,293.3,12092.2939
8100,8160,440.87,2046.1,279.1,12017.4297
8160,8220,441.40,2046.9,279.1,12054.8164
8220,8280,440.60,2045.9,276.7,11920.1719
8280,8340,442.08,2047.5,307.7,12042.7451
8340,8400,440.97,2048.5,283.7,11962.6934
8400,8460,442.37,2050.1,285.4,12111.2979
8460,8520,442.96,2053.2,275.4,12331.5049
8520,8580,444.44,2059.1,282.9,12646.9834
8580,8640,443.57,2057.9,302.9,12536.1680
8640,8700,445.35,2058.9,339.5,12911.9434
8700,8760,445.93,2059.2,330.1,12781.1846
8760,8820,444.86,2050.5,309.4,12151.7471
8820,8880,444.93,2052.0,308.3,12287.9863
8880,8940,444.17,2050.6,303.5,12171.1846
8940,9000,445.91,2051.9,300.1,12461.7441
9000,9060,447.62,2052.0,310.5,12544.4932
9060,9120,445.52,2051.7,317.5,12577.2559
9120,9180,444.09,2049.8,288.6,12536.6621
9180,9240,444.19,2047.6,280.2,12646.2402
9240,9300,444.77,2042.4,264.9,12773.6045
9300,9360,445.68,2039.1,254.8,12978.8643
9360,9420,440.53,2034.7,239.7,12836.1006
9420,9480,438.60,2028.9,230.2,12663.2715
9480,9540,437.79,2025.8,230.0,12660.5566
9540,9600,436.79,2022.5,228.4,12644.0010
9600,9660,438.48,2020.8,254.0,12746.4189
9660,9720,440.23,2021.7,281.5,12865.5957
9720,9780,438.08,2019.7,244.9,12918.1855
9780,9840,437.83,2020.0,234.0,12860.5361
9840,9900,437.51,2018.6,226.2,12903.7754
9900,9960,437.51,2018.6,223.9,12845.8555
9960,10020,438.11,2019.4,220.7,12831.5508
10020,10080,440.86,2020.1,223.1,13009.5830
10080,10140,440.68,2020.8,253.0,12860.8730
10140,10200,442.48,2021.9,255.4,12900.7930
10200,10260,439.57,2021.3,231.1,12776.7148
10260,10320,444.13,2022.9,266.8,12891.3838
10320,10380,441.93,2022.5,288.6,12898.2705
10380,10440,440.23,2022.1,251.8,12935.3936
10440,10500,439.67,2022.5,245.1,12921.5830
10500,10560,439.11,2022.0,230.3,12938.0420
10560,10620,440.29,2022.6,226.0,13012.7461
10620,10680,438.49,2021.2,219.3,13053.6846
10680,10740,435.54,2019.6,215.0,13045.8535
10740,10800,435.91,2019.0,213.6,13190.5781
10800,10860,437.68,2019.6,216.7,13269.3350
10860,10920,439.17,2019.8,220.2,13334.4932
10920,10980,439.95,2020.4,226.4,13375.1611
10980,11040,438.94,2020.2,225.5,13410.0850
11040,11100,437.67,2018.7,220.9,13390.9951
11100,11160,437.50,2017.0,222.2,13432.1699
11160,11220,437.65,2016.0,223.5,13331.9668
11220,11280,438.43,2016.7,231.7,13313.2344
11280,11340,435.55,2016.0,221.8,13305.5557
11340,11400,435.77,2015.6,291.6,13320.1338
11400,11460,437.24,2015.9,261.7,13426.0283
11460,11520,433.78,2013.0,218.5,13257.4043
11520,11580,438.90,2014.1,231.6,13370.4453
11580,11640,438.00,2013.3,213.6,13347.1602
11640,11700,437.23,2013.2,216.2,13249.1846
11700,11760,436.55,2013.3,210.9,13280.6777
11760,11820,437.69,2013.4,220.2,13318.0371
11820,11880,439.82,2013.7,257.5,13319.8770
11880,11940,442.20,2013.3,240.3,13243.2803
11940,12000,438.80,2012.4,212.1,13141.5488
12000,12060,437.87,2011.8,210.5,13068.8750
12060,12120,441.79,2011.7,226.2,13118.4785
12120,12180,444.31,2012.4,259.4,13123.7686
12180,12240,439.20,2010.7,219.3,12931.7871
12240,12300,440.75,2010.4,226.1,12914.9307
12300,12360,444.34,2010.6,247.4,13025.4268
12360,12420,442.14,2009.9,243.8,12973.2383
12420,12480,440.79,2009.9,233.2,12946.2803
12480,12540,440.87,2012.1,230.2,12950.0947
12540,12600,442.47,2016.3,230.0,13085.0518
12600,12660,440.82,2020.4,237.9,13126.9707
12660,12720,440.88,2021.8,237.7,13161.5195
12720,12780,440.32,2022.7,241.0,13122.8428
12780,12840,442.36,2022.2,236.6,13236.2744
12840,12900,439.40,2048.8,227.9,12937.4102
12900,12960,441.41,2087.4,277.4,12826.6035
12960,13020,451.35,2088.4,297.6,12828.5430
13020,13080,458.91,2144.9,302.0,13314.5654
13080,13140,449.85,2123.8,273.6,13143.2656
13140,13200,439.48,2186.8,238.8,12811.9619
13200,13260,444.81,2181.1,290.5,12879.2061
13260,13320,438.94,2278.1,233.4,12883.2822
13320,13380,441.46,2237.0,240.6,12976.7480
13380,13440,440.30,2276.6,230.8,13072.2061
13440,13500,443.71,2272.7,277.0,13019.5088
13500,13560,446.70,2266.4,309.1,13060.7021
13560,13620,447.91,2240.8,287.6,13153.1436
13620,13680,448.68,2232.4,288.0,13261.4629
13680,13740,449.79,2235.9,283.4,13327.9707
13740,13800,449.99,2203.7,287.3,13280.7842
13800,13860,447.57,2130.7,281.6,13163.1465
13860,13920,441.87,2142.4,240.8,13152.0771
13920,13980,445.25,2140.8,298.9,13237.7744
13980,14040,443.20,2134.2,281.4,13188.1904
14040,14100,445.43,2123.6,341.8,13190.9355
14100,14160,446.93,2104.1,320.6,13276.1143
14160,14220,449.64,2102.7,321.0,13337.6777
14220,14280,449.07,2097.9,293.0,13218.3984
14280,14340,446.37,2101.9,272.9,13137.2451
14340,14400,447.94,2110.0,284.2,13169.8770
14400,14460,447.09,2112.9,255.5,13176.4648
14460,14520,447.48,2112.0,269.8,13212.1621
14520,14580,446.46,2117.6,254.2,13220.4268
14580,14640,448.80,2121.8,253.6,13254.5264
14640,14700,451.69,2119.4,271.6,13358.0693
14700,14760,453.97,2118.1,278.8,13479.7246
14760,14820,451.86,2113.4,304.4,13393.6611
14820,14880,453.75,2115.3,296.7,13499.5811
14880,14940,458.66,2113.2,306.7,13585.7100
14940,15000,454.33,2115.3,280.7,13582.2100
15000,15060,448.69,2113.5,248.9,13458.5049
15060,15120,453.18,2113.3,265.6,13569.2695
15120,15180,457.51,2111.6,269.7,13663.6699
15180,15240,449.03,2099.9,249.3,13562.3857
15240,15300,452.35,2100.6,266.4,13604.3389
15300,15360,452.08,2098.4,272.5,13580.7383
15360,15420,452.52,2098.6,264.4,13627.4756
15420,15480,452.46,2092.9,257.5,13605.8105
15480,15540,451.56,2090.5,268.2,13609.6729
15540,15600,455.10,2094.0,269.8,13721.1348
15600,15660,456.25,2086.5,286.3,13743.5781
15660,15720,457.88,2090.9,306.7,13820.5439
15720,15780,455.71,2075.4,295.5,13895.9922
15780,15840,455.38,2073.6,284.4,13965.7002
15840,15900,453.81,2070.6,274.9,14087.9287
15900,15960,451.81,2063.5,268.1,14091.8643
15960,16020,448.11,2047.1,241.5,14024.2813
16020,16080,447.25,2045.5,240.5,13969.6221
16080,16140,453.35,2053.5,267.8,14124.3545
16140,16200,451.79,2049.6,246.4,14041.3779
16200,16260,450.06,2047.4,232.4,13973.8281
16260,16320,453.15,2055.5,328.0,14004.2705
16320,16380,458.36,2071.3,579.8,14142.8613
16380,16440,458.02,2060.9,372.5,14234.1563
16440,16500,456.43,2056.8,356.6,14192.3115
16500,16560,455.49,2055.3,335.6,14189.6240
16560,16620,454.93,2049.7,331.2,14189.9600
16620,16680,457.37,2053.7,350.0,14254.8799
16680,16740,455.80,2048.1,291.4,14276.5850
16740,16800,460.61,2049.1,273.3,14365.2988
16800,16860,453.58,2039.7,236.9,14366.0840
16860,16920,454.31,2041.8,241.0,14338.7520
16920,16980,454.51,2040.9,241.8,14323.8252
16980,17040,455.27,2040.5,270.2,14219.5049
17040,17100,456.30,2041.2,302.0,14239.1963
17100,17160,456.03,2041.7,304.6,14219.7715
17160,17220,458.98,2043.5,317.3,14278.5371
17220,17280,456.73,2040.3,272.5,14208.0137
17280,17340,456.18,2039.6,263.5,14226.2979
17340,17400,453.65,2037.7,249.2,14158.2461
17400,17460,457.87,2038.4,274.1,14280.9443
17460,17520,461.38,2038.7,298.4,14260.3193
17520,17580,454.06,2035.8,258.1,14105.4326
17580,17640,455.99,2037.6,265.1,14178.9980
17640,17700,459.22,2038.3,301.4,14191.3584
17700,17760,462.83,2038.0,308.6,14138.4502
17760,17820,472.39,2039.0,306.2,14206.0117
17820,17880,466.59,2037.1,261.2,14181.2529
17880,17940,467.88,2038.2,269.7,14277.9355
17940,18000,470.58,2039.1,280.4,14309.2256
18000,18060,467.33,2042.1,364.5,14236.7236
18060,18120,469.96,2042.3,352.6,14315.1152
18120,18180,465.72,2042.1,306.4,14309.3838
18180,18240,468.04,2042.4,305.8,14373.8027
18240,18300,464.42,2040.5,296.4,14264.1074
18300,18360,472.78,2041.6,329.9,14302.5273
18360,18420,480.82,2042.9,358.5,14312.6279
18420,18480,470.91,2042.9,342.1,14285.6191
18480,18540,473.42,2044.6,357.2,14365.6104
18540,18600,469.95,2042.9,364.6,14351.6816
18600,18660,484.72,2046.7,425.6,14492.6143
18660,18720,482.59,2046.8,424.6,14528.2627
18720,18780,480.81,2046.5,386.3,14548.7109
18780,18840,475.27,2046.1,409.6,14569.2109
18840,18900,480.53,2046.9,413.5,14662.7803
18900,18960,474.82,2038.0,385.5,14639.9209
18960,19020,475.86,2041.0,390.1,14703.8496
19020,19080,469.26,2038.7,336.0,14713.6084
19080,19140,463.19,2033.4,290.2,14683.8164
19140,19200,456.89,2030.9,251.8,14691.9336
19200,19260,461.34,2033.9,260.0,14789.7520
19260,19320,461.52,2035.1,337.5,14868.2529
19320,19380,462.55,2039.7,302.0,14840.7314
19380,19440,465.51,2047.3,284.9,14954.2305
19440,19500,465.76,2046.5,262.2,15010.6006
19500,19560,464.19,2047.4,330.3,15151.2773
19560,19620,465.79,2047.9,337.5,15219.1768
19620,19680,468.06,2054.5,294.8,15304.1416
19680,19740,470.81,2053.5,341.6,15365.0293
19740,19800,468.57,2047.3,310.4,15371.2041
19800,19860,468.31,2045.6,272.0,15402.2646
19860,19920,469.21,2043.2,262.5,15386.5713
19920,19980,463.23,2038.3,235.0,15393.2090
19980,20040,465.40,2041.1,233.4,15439.6729
20040,20100,464.78,2040.8,237.6,15434.4473
20100,20160,464.63,2040.8,226.4,15446.3633
20160,20220,469.43,2044.3,322.9,15524.8115
20220,20280,466.34,2043.2,236.9,15592.0576
20280,20340,462.71,2033.5,251.8,15684.4189
20340,20400,464.67,2040.3,253.6,15736.8428
20400,20460,461.77,2038.5,225.2,15699.5889
20460,20520,460.32,2035.6,218.6,15689.2246
20520,20580,461.92,2036.3,317.8,15726.9805
20580,20640,464.75,2039.6,479.1,15782.0127
20640,20700,466.71,2037.3,450.2,15812.1768
20700,20760,467.01,2040.3,258.3,15909.5967
20760,20820,462.76,2039.8,222.3,15891.5781
20820,20880,461.23,2029.7,223.3,15867.5137
20880,20940,462.36,2031.7,241.9,15892.1299
20940,21000,462.87,2029.4,242.0,15903.7803
21000,21060,461.62,2025.7,235.2,15950.0684
21060,21120,462.45,2024.5,219.2,16008.1104
21120,21180,462.35,2022.2,206.8,16020.6650
21180,21240,467.42,2027.9,221.3,16136.4307
21240,21300,465.36,2031.9,217.2,16105.5625
21300,21360,465.84,2036.1,216.9,16118.2393
21360,21420,464.76,2038.7,217.9,16109.0947
21420,21480,465.99,2040.5,223.6,16155.4512
21480,21540,467.12,2041.2,221.1,16200.6182
21540,21600,467.19,2038.5,224.7,16226.9268
21600,21660,468.10,2038.7,224.4,16256.5293
21660,21720,467.24,2035.1,220.3,16281.1084
21720,21780,465.20,2031.9,219.3,16234.7686
21780,21840,465.75,2031.3,234.0,16265.3330
21840,21900,466.36,2031.5,261.0,16239.7432
21900,21960,466.52,2028.5,271.6,16266.2705
21960,22020,474.60,2028.4,260.6,16428.8066
22020,22080,469.49,2027.5,249.2,16340.2148
22080,22140,466.42,2025.9,236.3,16277.0381
22140,22200,463.94,2022.5,224.1,16221.0918
22200,22260,464.56,2021.7,220.2,16214.3105
22260,22320,462.05,2020.6,202.7,16162.9893
22320,22380,461.74,2015.6,196.2,16152.2100
22380,22440,461.49,2016.4,195.7,16127.1680
22440,22500,463.00,2015.8,196.1,16198.0762
22500,22560,462.67,2016.2,195.3,16185.3145
22560,22620,460.09,2014.5,190.3,16118.1904
22620,22680,460.70,2013.7,189.2,16134.0107
22680,22740,459.37,2011.7,183.4,16038.4648
22740,22800,462.41,2021.9,191.7,16246.3770
