CampaignData_and_Merges/R0/CSL_MobileLab_Parked/raw/20240725/USOS-PTR_MobileLabGround_20240725_R0.ict
58, 1001
Matthew Coggon, Kelvin Bates, Chelsea Stockwell, Carsten Warneke
NOAA ESRL Chemical Sciences Division
NOAA PTR-ToF-MS
USOS
1,1 
2024, 07, 25, 2025, 09, 19
0
Time_Start, seconds, number of seconds from 00:00 UTC 
22
1, 1, 1, 1, 1, 1, 1, 1, 1, 1, 1, 1, 1, 1, 1, 1, 1, 1, 1, 1, 1, 1
-9999, -9999, -9999, -9999, -9999, -9999, -9999, -9999, -9999, -9999, -9999, -9999, -9999, -9999, -9999, -9999, -9999, -9999, -9999, -9999, -9999, -9999
CH3OH_NOAAPTR_ppbv,  ppbv, Gas_CH3OH_InSitu_S_AVMR, (CH3OH) methanol
CH3CN_NOAAPTR_ppbv,  ppbv, Gas_CH3CN_InSitu_S_AVMR, (CH3CN) acetonitrile
CH3CHO_NOAAPTR_ppbv,  ppbv, Gas_CH3CHO_InSitu_S_AVMR, (CH3CHO) acetaldehyde plus contributions from ethylene glycol and ethylene oxide. Interference from ethanol has been subtracted out.
C2H5OH_NOAAPTR_ppbv,  ppbv, Gas_C2H5OH_InSitu_S_AVMR, (C2H5OH) ethanol
CH3SH_NOAAPTR_ppbv,  ppbv, Gas_CH3SH_InSitu_S_AVMR, (CH3SH) methanethiol, using calibration factor for DMS
Acrolein_NOAAPTR_ppbv,  ppbv, Gas_Acrolein_InSitu_S_AVMR, (C3H4O) acrolein
AcetonePropanal_NOAAPTR_ppbv,  ppbv, Gas_AcetoneAndPropanal_InSitu_S_AVMR, (C3H6O) sum of acetone (dominant isomer) and propanal, using calibration factor for acetone
DMS_NOAAPTR_ppbv,  ppbv, Gas_DMS_InSitu_S_AVMR, (C2H6S) dimethyl sulfide with possible small contributions from ethanethiol
C5H8_NOAAPTR_ppbv,  ppbv, Gas_Isoprene_InSitu_S_AVMR, (C5H8) isoprene and possible fragments from cycloalkanes and aldehydes. Interferences have been subtracted following methods described by Coggon et al (2023)
MVKMAC_NOAAPTR_ppbv,  ppbv, Gas_MVKAndMAC_InSitu_S_AVMR, (C4H6O) sum of methyl vinyl ketone, methacrolein, and small amounts of crotonaldehyde, using weighted calibration factor for MVK (0.637) and MACR (0.363)
Benzene_NOAAPTR_ppbv,  ppbv, Gas_Benzene_InSitu_S_AVMR, (C6H6) benzene
Toluene_NOAAPTR_ppbv,  ppbv, Gas_Toluene_InSitu_S_AVMR, (C7H8) toluene with possible small contributions of fragments from ethyltoluene
Styrene_NOAAPTR_ppbv,  ppbv, Gas_Styrene_InSitu_S_AVMR, (C8H8) styrene
Benzaldehyde_NOAAPTR_ppbv,  ppbv, Gas_Benzaldehyde_InSitu_S_AVMR, (C7H6O) benzaldehyde
C8Aromatics_NOAAPTR_ppbv,  ppbv, Gas_C8Aromatics_InSitu_M_AVMR, (C8H10) sum of m-xylene, p-xylene, o-xylene, and ethyl benzene
C9Aromatics_NOAAPTR_ppbv,  ppbv, Gas_C9Aromatics_InSitu_M_AVMR, (C9H12) sum of C9 aromatics
Naphthalene_NOAAPTR_ppbv,  ppbv, Gas_Naphthalene_InSitu_S_AVMR, (C10H8) naphthalene
Octanal_NOAAPTR_ppbv,  ppbv, Gas_Octanal_InSitu_S_AVMR, (C8H16O) octanal and small amounts of octanone
Monoterpenes_NOAAPTR_ppbv,  ppbv, Gas_Monoterpenes_InSitu_M_AVMR, (C10H16) sum of monoterpenes and possible contributions from fragments of oxygenated monoterpenoids such as eucalyptol.
Nonanal_NOAAPTR_ppbv,  ppbv, Gas_Nonanal_InSitu_M_AVMR, (C9H18O) nonanal and small amounts of nonanone
C7H4ClF3_NOAAPTR_ppbv,  ppbv, Gas_C7H4ClF3_InSitu_S_AVMR, (C7H4ClF3) parachlorobenzotrifluoride
C10H30O5Si5_NOAAPTR_ppbv,  ppbv, Gas_C10H30O5Si5_InSitu_S_AVMR, (C10H30O5Si5) decamethylcyclopentasiloxane
1
SPECIAL COMMENTS:N/A
21
PI_CONTACT_INFO: NOAA ESRL Chemical Sciences Division, Tropospheric Chemistry Group. 325 Broadway, R/CSD7, Boulder, CO 80305
PLATFORM: Mobile Laboratory.
LOCATION: Salt Lake City, UT
ASSOCIATED_DATA: N/A
INSTRUMENT_INFO: NOAA PTR-ToF-MS measurements on NOAA CSL Mobile Lab
DATA_INFO: Units: ppbv
UNCERTAINTY: See OTHER_COMMENTS
ULOD_FLAG: -7777
ULOD_VALUE: N/A
LLOD_FLAG: -8888
LLOD_VALUE: N/A.
DM_CONTACT_INFO: Data Managers: Matt Coggon, Kelvin Bates, Chelsea Stockwell; email: matthew.m.coggon@noaa.gov and kelvin.bates@colorado.edu
PROJECT_INFO: USOS Deployment July-August, 2024
STIPULATIONS_ON_USE: Use of these data require prior OK from PI.
OTHER_COMMENTS: Uncertainties:
CH3OH_NOAAPTR_ppbv:30%; CH3CN_NOAAPTR_ppbv:30%; CH3CHO_NOAAPTR_ppbv:30%; C2H5OH_NOAAPTR_ppbv:30%; CH3SH_NOAAPTR_ppbv:50%; Acrolein_NOAAPTR_ppbv:30%; AcetonePropanal_NOAAPTR_ppbv:30%; DMS_NOAAPTR_ppbv:30%; C5H8_NOAAPTR_ppbv:30%; MVKMAC_NOAAPTR_ppbv:30%; 
Benzene_NOAAPTR_ppbv:30%; Toluene_NOAAPTR_ppbv:30%; Styrene_NOAAPTR_ppbv:30%; Benzaldehyde_NOAAPTR_ppbv:30%; C8Aromatics_NOAAPTR_ppbv:30%; C9Aromatics_NOAAPTR_ppbv:30%; Naphthalene_NOAAPTR_ppbv:30%; Octanal_NOAAPTR_ppbv:30%; Monoterpenes_NOAAPTR_ppbv:30%; Nonanal_NOAAPTR_ppbv:30%; 
C7H4ClF3_NOAAPTR_ppbv:30%; C10H30O5Si5_NOAAPTR_ppbv:30%; 
REVISION: R0
R0: Calibrated PTR Data. See individual species comments for details about measurement uncertainties
Time_Start, CH3OH_NOAAPTR_ppbv, CH3CN_NOAAPTR_ppbv, CH3CHO_NOAAPTR_ppbv, C2H5OH_NOAAPTR_ppbv, CH3SH_NOAAPTR_ppbv, Acrolein_NOAAPTR_ppbv, AcetonePropanal_NOAAPTR_ppbv, DMS_NOAAPTR_ppbv, C5H8_NOAAPTR_ppbv, MVKMAC_NOAAPTR_ppbv, Benzene_NOAAPTR_ppbv, Toluene_NOAAPTR_ppbv, Styrene_NOAAPTR_ppbv, Benzaldehyde_NOAAPTR_ppbv, C8Aromatics_NOAAPTR_ppbv, C9Aromatics_NOAAPTR_ppbv, Naphthalene_NOAAPTR_ppbv, Octanal_NOAAPTR_ppbv, Monoterpenes_NOAAPTR_ppbv, Nonanal_NOAAPTR_ppbv, C7H4ClF3_NOAAPTR_ppbv, C10H30O5Si5_NOAAPTR_ppbv
[from data line 1036]
62160.0, 14.41759, 0.27339, 2.59239, 4.02196, 0.00205, 0.46056, 7.24671, 0.06335, 0.30328, 0.61952, 0.00432, 0.22357, 0.01652, 0.01885, 0.14280, 0.05059, -0.01179, 0.06225, 0.14013, 0.09091, 0.00764, 0.00611 
62220.0, 13.39272, 0.26556, 2.65850, 3.72949, 0.00006, 0.40773, 6.94447, 0.03857, 0.34545, 0.59131, 0.05831, 0.22708, 0.02057, 0.02708, 0.13890, 0.05880, -0.01604, 0.05281, 0.15465, 0.05775, 0.00685, 0.00176 
62280.0, 14.37581, 0.27099, 2.50341, 3.01416, 0.00545, 0.37220, 6.80382, 0.04917, 0.32649, 0.57422, 0.05337, 0.19509, 0.01807, 0.04348, 0.14327, 0.05824, 0.01256, 0.06482, 0.16318, 0.04902, 0.00905, 0.00291 
62340.0, 12.98332, 0.25374, 2.37055, 2.36809, 0.00380, 0.38722, 6.73612, 0.05565, 0.34130, 0.57768, 0.08800, 0.18633, 0.01118, 0.02086, 0.13538, 0.04218, -0.00568, 0.06505, 0.12810, 0.05491, 0.00431, 0.00307 
62400.0, 13.26899, 0.24362, 2.36656, 3.56598, 0.00464, 0.42550, 6.72354, 0.05380, 0.33721, 0.57409, 0.03524, 0.19624, 0.02116, 0.02377, 0.11192, 0.04580, -0.01602, 0.05099, 0.13621, 0.03973, 0.01154, 0.00394 
62460.0, 13.08366, 0.25652, 2.40958, 3.12665, 0.00372, 0.36291, 6.86079, 0.05165, 0.31637, 0.57837, 0.09068, 0.16916, 0.00202, 0.01084, 0.11647, 0.05508, 0.00014, 0.06417, 0.13250, 0.05653, 0.00465, 0.00689 
62520.0, 13.72048, 0.24562, 2.51815, 2.98667, -0.00045, 0.41538, 6.74973, 0.04739, 0.30169, 0.58233, 0.07265, 0.18506, 0.01095, 0.04663, 0.13069, 0.05054, -0.01601, 0.06305, 0.13219, 0.07623, 0.00843, 0.00163 
62580.0, 13.45771, 0.25936, 2.48186, 3.34825, 0.00729, 0.43958, 6.99412, 0.04665, 0.22645, 0.59897, 0.15806, 0.18655, -0.00029, 0.09282, 0.12036, 0.04807, -0.01600, 0.07140, 0.15283, 0.07797, 0.01217, 0.00543 
62640.0, 14.12176, 0.24277, 2.75989, 3.06776, 0.00898, 0.42695, 6.94372, 0.06409, 0.39672, 0.61953, 0.09912, 0.20584, -0.00062, -0.00119, 0.11931, 0.05541, -0.01018, 0.06970, 0.13920, 0.11220, 0.01388, 0.00718 
62700.0, 16.55623, 0.26145, 2.75684, 3.40571, 0.01150, 0.41042, 7.17204, 0.05364, 0.46474, 0.63920, 0.03680, 0.20335, 0.01041, 0.01858, 0.12686, 0.05766, -0.01599, 0.06176, 0.16066, 0.06346, 0.01233, 0.00307 
62760.0, 14.68205, 0.25403, 2.57417, 2.98469, 0.00441, 0.39082, 6.75605, 0.04743, 0.35470, 0.60071, 0.03002, 0.21365, 0.01537, 0.01495, 0.10629, 0.03906, -0.01582, 0.06309, 0.13080, 0.03564, 0.01161, 0.00177 
62820.0, 12.68491, 0.25970, 2.32516, 2.57635, 0.00273, 0.34614, 6.44610, 0.03179, 0.42029, 0.62313, 0.03177, 0.22872, -0.00932, 0.02044, 0.10837, 0.06321, -0.01597, 0.06541, 0.15238, 0.06755, 0.01596, 0.00540 
62880.0, 13.86921, 0.26179, 2.65284, 4.49473, 0.00518, 0.38779, 6.56072, 0.05873, 0.40378, 0.63067, 0.23200, 0.62838, 0.03830, 0.00133, 0.42420, 0.15514, -0.01533, 0.06466, 0.14179, 0.08283, 0.00866, 0.00198 
62940.0, 10.90256, 0.23267, 1.83046, 1.76753, 0.00214, 0.31577, 5.78300, 0.02339, 0.27209, 0.50926, 0.01102, 0.11438, -0.00679, -0.03744, 0.07063, 0.02030, -0.01596, 0.05895, 0.10481, 0.05479, 0.00446, 0.00187 
63000.0, 11.60366, 0.24993, -9999.00000, 2.37671, 0.00376, 0.29226, 5.65711, 0.04819, -9999.00000, 0.47494, 0.00663, 0.13768, 0.01550, 0.02480, 0.07267, 0.02884, -0.01595, 0.05897, 0.20948, 0.13307, 0.00847, 0.00158 
63060.0, -9999.00000, -9999.00000, -9999.00000, -9999.00000, -9999.00000, -9999.00000, -9999.00000, -9999.00000, -9999.00000, -9999.00000, -9999.00000, -9999.00000, -9999.00000, -9999.00000, -9999.00000, -9999.00000, -9999.00000, -9999.00000, -9999.00000, -9999.00000, -9999.00000, -9999.00000 
63120.0, -9999.00000, -9999.00000, -9999.00000, -9999.00000, -9999.00000, -9999.00000, -9999.00000, -9999.00000, -9999.00000, -9999.00000, -9999.00000, -9999.00000, -9999.00000, -9999.00000, -9999.00000, -9999.00000, -9999.00000, -9999.00000, -9999.00000, -9999.00000, -9999.00000, -9999.00000 
63180.0, -9999.00000, -9999.00000, -9999.00000, -9999.00000, -9999.00000, -9999.00000, -9999.00000, -9999.00000, -9999.00000, -9999.00000, -9999.00000, -9999.00000, -9999.00000, -9999.00000, -9999.00000, -9999.00000, -9999.00000, -9999.00000, -9999.00000, -9999.00000, -9999.00000, -9999.00000 
63240.0, -9999.00000, -9999.00000, -9999.00000, -9999.00000, -9999.00000, -9999.00000, -9999.00000, -9999.00000, -9999.00000, -9999.00000, -9999.00000, -9999.00000, -9999.00000, -9999.00000, -9999.00000, -9999.00000, -9999.00000, -9999.00000, -9999.00000, -9999.00000, -9999.00000, -9999.00000 
63300.0, -9999.00000, -9999.00000, -9999.00000, -9999.00000, -9999.00000, -9999.00000, -9999.00000, -9999.00000, -9999.00000, -9999.00000, -9999.00000, -9999.00000, -9999.00000, -9999.00000, -9999.00000, -9999.00000, -9999.00000, -9999.00000, -9999.00000, -9999.00000, -9999.00000, -9999.00000 
63360.0, -9999.00000, -9999.00000, -9999.00000, -9999.00000, -9999.00000, -9999.00000, -9999.00000, -9999.00000, -9999.00000, -9999.00000, -9999.00000, -9999.00000, -9999.00000, -9999.00000, -9999.00000, -9999.00000, -9999.00000, -9999.00000, -9999.00000, -9999.00000, -9999.00000, -9999.00000 
63420.0, -9999.00000, -9999.00000, -9999.00000, -9999.00000, -9999.00000, -9999.00000, -9999.00000, -9999.00000, -9999.00000, -9999.00000, -9999.00000, -9999.00000, -9999.00000, -9999.00000, -9999.00000, -9999.00000, -9999.00000, -9999.00000, -9999.00000, -9999.00000, -9999.00000, -9999.00000 
63480.0, -9999.00000, -9999.00000, -9999.00000, -9999.00000, -9999.00000, -9999.00000, -9999.00000, -9999.00000, -9999.00000, -9999.00000, -9999.00000, -9999.00000, -9999.00000, -9999.00000, -9999.00000, -9999.00000, -9999.00000, -9999.00000, -9999.00000, -9999.00000, -9999.00000, -9999.00000 
63540.0, -9999.00000, -9999.00000, -9999.00000, -9999.00000, -9999.00000, -9999.00000, -9999.00000, -9999.00000, -9999.00000, -9999.00000, -9999.00000, -9999.00000, -9999.00000, -9999.00000, -9999.00000, -9999.00000, -9999.00000, -9999.00000, -9999.00000, -9999.00000, -9999.00000, -9999.00000 
63600.0, -9999.00000, -9999.00000, -9999.00000, -9999.00000, -9999.00000, -9999.00000, -9999.00000, -9999.00000, -9999.00000, -9999.00000, -9999.00000, -9999.00000, -9999.00000, -9999.00000, -9999.00000, -9999.00000, -9999.00000, -9999.00000, -9999.00000, -9999.00000, -9999.00000, -9999.00000 
63660.0, 12.76868, -9999.00000, -9999.00000, 2.59989, 0.00097, 0.37208, 5.61213, 0.01039, -9999.00000, 0.53383, 0.17935, 0.28121, 0.03943, 0.05057, 0.16623, 0.07539, -0.00716, 0.09085, 0.11909, 0.17881, 0.00244, 0.00033 
63720.0, 8.90891, 0.27322, 1.52946, 1.86847, 0.00112, 0.26576, 5.08830, 0.03003, 0.20358, 0.43391, 0.08609, 0.15001, -0.00170, 0.01029, 0.07546, 0.02827, -0.01455, 0.04726, 0.15824, 0.06946, 0.00720, 0.00063 
63780.0, 11.45208, 0.23967, 1.61062, 2.59856, 0.00277, 0.28667, 4.99391, 0.00880, 0.19362, 0.41820, 0.14409, 0.11077, -0.00241, 0.02757, 0.08246, 0.03273, 0.00869, 0.08564, 0.14412, 0.16807, 0.00467, 0.00647 
63840.0, 8.27526, 0.24264, 1.42354, 1.88317, 0.00423, 0.22602, 4.59814, 0.02018, 0.10628, 0.34364, 0.02980, 0.09120, 0.00692, -0.00144, 0.06267, 0.02456, -0.01185, 0.06311, 0.12563, 0.11939, 0.00738, 0.00752 
63900.0, 10.19157, 0.24383, 1.70662, 2.02368, 0.00633, 0.27242, 5.33459, 0.02183, 0.15490, 0.40737, 0.00293, 0.11874, -0.00927, -0.03212, 0.05610, 0.01873, -0.00050, 0.05529, 0.12702, 0.05387, 0.00568, -0.00048 
63960.0, 8.99491, 0.25318, 1.64722, 2.03982, 0.00137, 0.29423, 5.35553, 0.01178, 0.15593, 0.44774, 0.02793, 0.14192, 0.00850, 0.00817, 0.08593, 0.04167, -0.00941, 0.04920, 0.09329, 0.08273, 0.00809, 0.00272 
64020.0, 8.65674, 0.21115, 1.30838, 1.09460, 0.00206, 0.23344, 4.72677, 0.00269, 0.08165, 0.34339, 0.01677, 0.10101, -0.00927, 0.00974, 0.06594, 0.01824, -0.00686, 0.03765, 0.06538, 0.03432, 0.00621, 0.00018 
64080.0, 8.53473, 0.25043, 1.34718, 1.30965, 0.00151, 0.23221, 4.63667, 0.01744, 0.03781, 0.33566, 0.13352, 0.27166, 0.02052, -0.00980, 0.17499, 0.06687, -0.00746, 0.06772, 0.05810, 0.02418, 0.00637, 0.00313 
64140.0, 7.45062, 0.22888, 1.06487, 0.88213, 0.00038, 0.15766, 4.46922, 0.00999, 0.06636, 0.29673, 0.02340, 0.09447, 0.00330, 0.01239, 0.06804, 0.04124, -0.01587, 0.03861, 0.05778, 0.02156, 0.00121, 0.00015 
64200.0, 8.09246, 0.22648, 1.29771, 0.98677, 0.00083, 0.21512, 4.81045, 0.01428, 0.15652, 0.39394, 0.07468, 0.15487, 0.01416, 0.00424, 0.09493, 0.03881, -0.01409, 0.03859, 0.07754, 0.05174, 0.00547, 0.00094 
64260.0, 8.57366, 0.25649, 1.33982, 1.52615, 0.00275, 0.22189, 4.79261, 0.01977, 0.16709, 0.36085, 0.04753, 0.15039, 0.03742, 0.02302, 0.10178, 0.03572, -0.01196, 0.02673, 0.06696, 0.06301, -0.00088, 0.00307 
64320.0, 8.37099, 0.23616, 1.39943, 1.18730, 0.00328, 0.26203, 4.86780, 0.00393, 0.30367, 0.39564, 0.14778, 0.33460, 0.00308, -0.02489, 0.24615, 0.10173, -0.01585, 0.04381, 0.08080, 0.03860, 0.00174, 0.00038 
64380.0, 8.15201, 0.24314, 1.61308, 3.09077, 0.00182, 0.26878, 5.00883, 0.02568, 0.27961, 0.39981, 0.21182, 0.58575, 0.03657, -0.01864, 0.35983, 0.13922, -0.01233, 0.06981, 0.08895, 0.07964, 0.00464, 0.00268 
64440.0, 7.53672, 0.22560, 1.37831, 1.61740, 0.00086, 0.21520, 5.26262, 0.01518, 0.25550, 0.36051, 0.07268, 0.11529, -0.00463, 0.01788, 0.08032, 0.02580, -0.01585, 0.04477, 0.13559, 0.04273, 0.00068, 0.00080 
64500.0, 8.14211, 0.24346, 1.43253, 1.28147, 0.00071, 0.25776, 4.75484, 0.01437, 0.10030, 0.36376, 0.02451, 0.12000, 0.02946, -0.02026, 0.07135, 0.03504, -0.00912, 0.04743, 0.08947, 0.08201, 0.00842, 0.00194 
64560.0, 9.44665, 0.23802, 1.50413, 1.56084, 0.00662, 0.27196, 5.03058, 0.01768, 0.11605, 0.37582, 0.02654, 0.13838, 0.00616, -0.01960, 0.09771, 0.03551, -0.01584, 0.04959, 0.09115, 0.04303, 0.00716, 0.00205 
64620.0, 8.87644, 0.22687, 1.49282, 1.77659, 0.00050, 0.21235, 5.26608, 0.02383, 0.07283, 0.37407, 0.06149, 0.10465, 0.01007, 0.00554, 0.06423, 0.02168, -0.01583, 0.03791, 0.05981, 0.05096, 0.00861, -0.00057 
64680.0, 9.20592, 0.25651, 1.46342, 1.69623, 0.00399, 0.22164, 5.09976, 0.02265, 0.11256, 0.35827, 0.01420, 0.09970, 0.02138, -0.00601, 0.06091, 0.02453, -0.01583, 0.03609, 0.08557, 0.02499, 0.00993, 0.00347 
64740.0, 6.50159, 0.26649, 1.04147, 1.02855, -0.00087, 0.15571, 4.47275, 0.02547, 0.04915, 0.24103, -0.01096, 0.08430, 0.00148, -0.02957, 0.04406, 0.00493, -0.01533, 0.03310, 0.03878, 0.00847, 0.00545, -0.00066 
64800.0, 7.89311, 0.26511, 1.25866, 1.32166, -0.00088, 0.31308, 4.63235, -0.00030, 0.00000, 0.38428, 0.65718, 1.34657, 0.17850, -0.00752, 1.29685, 0.81104, 0.03269, 0.05612, 0.06657, 0.04431, 0.00695, 0.00123 
64860.0, 6.96822, 0.24266, 1.26140, 1.30699, 0.00008, 0.18945, 4.63690, 0.01726, 0.05818, 0.31459, 0.10991, 0.32661, 0.03405, -0.00675, 0.25351, 0.11462, -0.00173, 0.04387, 0.05072, 0.05578, 0.00196, 0.00202 
64920.0, 7.28297, 0.23636, 1.09595, 1.63882, 0.00113, 0.17288, 4.55702, 0.01534, 0.10227, 0.29740, 0.04662, 0.08254, 0.00634, 0.00099, 0.04700, 0.01940, -0.01581, 0.03781, 0.04792, 0.04342, 0.00192, -0.00043 
64980.0, 8.26524, 0.23958, 1.18086, 1.52068, 0.00051, 0.21424, 4.74097, 0.02350, 0.06055, 0.30276, -0.02046, 0.10080, 0.00766, -0.00352, 0.05161, 0.02096, -0.00181, 0.02058, 0.04767, 0.02283, 0.00439, 0.00381 
65040.0, 7.71611, 0.24347, 1.27650, 3.33254, 0.00205, 0.19758, 4.73109, 0.01316, 0.06508, 0.31293, 0.19242, 0.59892, 0.04558, -0.04459, 0.39432, 0.17351, 0.02101, 0.03932, 0.06299, 0.03581, 0.00604, 0.00663 
65100.0, 7.41412, 0.23698, 0.95976, 1.02645, -0.00088, 0.16472, 4.36104, 0.00531, 0.05044, 0.25298, 0.05122, 0.09330, 0.01831, -0.00226, 0.05173, 0.02052, -0.00838, 0.02464, 0.03640, 0.02323, 0.00808, 0.00193 
65160.0, 7.55814, 0.25172, 0.98780, 1.39708, 0.00212, 0.16081, 4.39279, 0.00355, 0.05076, 0.26668, 0.03750, 0.10011, 0.01157, -0.01432, 0.05076, 0.02160, -0.01050, 0.04964, 0.05376, 0.03961, 0.00878, 0.00125 
65220.0, 7.11877, 0.23363, 1.11733, 1.63280, 0.00211, 0.18911, 4.69703, 0.02457, 0.09810, 0.30417, 0.05285, 0.11065, -0.00927, -0.00874, 0.04319, 0.02514, -0.00270, 0.03515, 0.05124, 0.03126, 0.00026, 0.00342 
65280.0, 8.56143, 0.22673, 1.30601, 2.34408, 0.00357, 0.21216, 4.87548, 0.02364, 0.12362, 0.34490, 0.04459, 0.09858, 0.01432, 0.00505, 0.04192, 0.01383, -0.01410, 0.05134, 0.05167, 0.05574, 0.00102, 0.00076 
65340.0, 8.33685, 0.23879, 1.38962, 1.74840, 0.00386, 0.22523, 4.85863, 0.02300, 0.13488, 0.31119, 0.09447, 0.09679, 0.00302, 0.02817, 0.05172, 0.02437, -0.00205, 0.07279, 0.10081, 0.05687, 0.00990, 0.00172 
65400.0, 7.01886, 0.25244, 1.14177, 1.45013, 0.00130, 0.17070, 4.78577, 0.00402, 0.03122, 0.28035, 0.04667, 0.08952, -0.00596, -0.02842, 0.03978, 0.01135, -0.01246, 0.03743, 0.04406, 0.03944, 0.00691, 0.00033 
65460.0, 8.97566, 0.23278, 1.18931, 1.44519, -0.00088, 0.19260, 4.73224, -0.00030, 0.09015, 0.28625, 0.03058, 0.09115, -0.00007, -0.01120, 0.05377, 0.02523, -0.01578, 0.02996, 0.04563, 0.03278, 0.00602, 0.00035 
65520.0, 8.42371, 0.24482, 1.31889, 1.87912, 0.00104, 0.21862, 4.84359, -0.00030, 0.09575, 0.31003, 0.02096, 0.11392, 0.00365, -0.02370, 0.07786, 0.03443, -0.01577, 0.04013, 0.06237, 0.04327, 0.00600, -0.00041 
65580.0, 8.89770, 0.23242, 1.39044, 1.74033, 0.00464, 0.23928, 4.92103, 0.01204, 0.08314, 0.35124, 0.06757, 0.17499, 0.00217, -0.00932, 0.09728, 0.04995, -0.01577, 0.03457, 0.05513, 0.04815, 0.00991, 0.00241 
65640.0, 8.89855, 0.23397, 1.69713, 3.38149, 0.00174, 0.27694, 5.92800, 0.02083, 0.12399, 0.36398, 0.14465, 0.40975, 0.00617, -0.02080, 0.27296, 0.11889, -0.00582, 0.05961, 0.08995, 0.13561, 0.00676, 0.00932 
65700.0, 11.73429, 0.24389, 1.72351, 2.75738, 0.00431, 0.26735, 5.23819, 0.02021, 0.09914, 0.36909, 0.09326, 0.38974, 0.02438, -0.02429, 0.25309, 0.10330, -0.00842, 0.06092, 0.17078, 0.13913, 0.00396, 0.00056 
65760.0, 10.09169, 0.23158, 1.67971, 2.03694, 0.00194, 0.27833, 5.30380, 0.03563, 0.14207, 0.34070, 0.06184, 0.23054, 0.01074, 0.00987, 0.07194, 0.03255, -0.01575, 0.03517, 0.09006, 0.06330, 0.00561, 0.00273 
65820.0, 8.40088, 0.22831, 1.31255, 1.43862, -0.00089, 0.19869, 4.69671, 0.03066, 0.12236, 0.30614, 0.01513, 0.09598, 0.00300, -0.03018, 0.06365, 0.01534, -0.01575, 0.02908, 0.08466, 0.01938, 0.00693, 0.00292 
65880.0, 8.67441, 0.25871, 1.26401, 1.55738, 0.00165, 0.18630, 4.72371, 0.02273, 0.20878, 0.30424, 0.03849, 0.15473, -0.00201, -0.01418, 0.08390, 0.03825, -0.01575, 0.03140, 0.07096, 0.02223, 0.00671, 0.00391 
65940.0, 8.49875, 0.21704, 1.37421, 1.30085, -0.00089, 0.17037, 4.83869, 0.03252, 0.22176, 0.32727, -0.01287, 0.09872, 0.01011, -0.03113, 0.05766, 0.02242, -0.00944, 0.03221, 0.07254, 0.01473, 0.01246, 0.00139 
66000.0, 8.18584, 0.23005, 1.25563, 1.83238, -0.00089, 0.18821, 4.62065, 0.01029, 0.03263, 0.29968, 0.00806, 0.07920, -0.00927, -0.00865, 0.06006, 0.02554, -0.01574, 0.01884, 0.09954, 0.01725, 0.00666, 0.00033 
66060.0, 7.11809, 0.22674, 1.07734, 1.27277, 0.00052, 0.18050, 4.54995, 0.00866, 0.03760, 0.25309, 0.01729, 0.08860, -0.00927, -0.03411, 0.04752, 0.01114, -0.01514, 0.02483, 0.03612, 0.02209, 0.00180, 0.00006 
66120.0, 7.71146, 0.23403, 1.17212, 1.00429, 0.00139, 0.16772, 4.67887, 0.01024, 0.06629, 0.25094, -0.00247, 0.11018, -0.00542, -0.02002, 0.05183, 0.02445, -0.01438, 0.01979, 0.05552, 0.02477, 0.00666, 0.00147 
66180.0, 8.15299, 0.23419, 1.34052, 1.52034, 0.00002, 0.17661, 4.72859, -0.00030, 0.17239, 0.28109, 0.01952, 0.12843, -0.00526, -0.03478, 0.07857, 0.02871, -0.01325, 0.02579, 0.04600, 0.02618, 0.00510, 0.00118 
66240.0, 8.33099, 0.23873, 1.39817, 1.55910, 0.00337, 0.16892, 4.64777, 0.01666, 0.29538, 0.28035, 0.01809, 0.11579, 0.00316, -0.02301, 0.07268, 0.02427, -0.01572, 0.03116, 0.08244, 0.02463, 0.00928, 0.00147 
66300.0, 7.08173, 0.23017, 1.07270, 1.05260, -0.00090, 0.16514, 4.46688, 0.01158, 0.05158, 0.20242, -0.01797, 0.05785, -0.00290, -0.00769, 0.03985, 0.01231, -0.01384, 0.00865, 0.02780, 0.02093, 0.00798, 0.00106 
66360.0, 7.00578, 0.21897, 1.08287, 1.15968, -0.00040, 0.15222, 4.49859, 0.01483, 0.16727, 0.22929, 0.03166, 0.07832, 0.00849, -0.01236, 0.04427, 0.01671, -0.00799, 0.01325, 0.05307, 0.03391, 0.00189, 0.00101 
