CampaignData_and_Merges/R0/CSL_MobileLab_Parked/raw/20240725/USOS-NOAAIodideCIMS-HNO2_MobileLabGround_20240725_RA.ict
33, 1001
Michael A Robinson, Chris Jernigan, Subi Thakali
NOAA ESRL Chemical Sciences Laboratory and CIRES, U. of Colorado
NOAA Iodide CIMS Instrument
USOS
1, 1
2024, 07, 25, 2024, 07, 26
1
starttime_UTC, seconds_past_midnight, seconds_of_day_since_00:00:00_UTC
1
1
-9999
HNO2_NOAACIMS, pptv, Gas_HNO2_InSitu_S_AVMR, 
0
18
PI_CONTACT_INFO: 325 Broadway, R/CSD 7, Boulder, Colorado 80305; michael.a.robinson@noaa.gov; chris.jernigan@noaa.gov;
PLATFORM: NOAA CSL Mobile Lab
LOCATION: SLC, Utah
ASSOCIATED_DATA: 1Hz data also available on request.
INSTRUMENT_INFO: NOAA I- ToF CIMS
DATA_INFO: All data in parts per trillion by volume (pptv). 1 Hz data is available upon request.
UNCERTAINTY: TBD
ULOD_FLAG: -7777
ULOD_VALUE: N/A
LLOD_FLAG: -8888
LLOD_VALUE: N/A
DM_CONTACT_INFO: Nathan Howard; nathan.h.howard@noaa.gov
PROJECT_INFO: USOS, summer 2024. https://csl.noaa.gov/groups/csl7/measurements/2024usos/
STIPULATIONS_ON_USE: Users are strongly encouraged to contact the PI for proper data usage.
OTHER_COMMENTS: 
REVISION: RA
RA: Preliminary Data; For in-field use only
starttime_UTC, HNO2_NOAACIMS
     0,  2.380
    60,  5.101
   120,  6.191
   180,  3.378
   240,  5.039
   300,  2.673
   360, -9999.000
   420,  4.956
   480,  3.293
   540,  4.080
   600,  3.563
   660,  6.320
   720,  4.371
   780,  8.759
   840, 15.401
   900, 18.147
   960, 15.710
  1020, 11.519
  1080, 13.329
  1140, 16.733
  1200, 14.670
  1260,  9.631
  1320, 15.224
  1380, 11.447
  1440, 16.989
  1500, 18.317
  1560, 13.415
  1620, 15.028
  1680, 12.974
  1740, 12.934
  1800, 11.832
  1860, 15.660
  1920,  8.877
  1980, 18.491
  2040, 26.409
  2100, 19.173
  2160, 15.352
  2220, -9999.000
  2280, 18.294
  2340, 40.776
  2400, 23.071
  2460, 15.432
  2520, 13.748
  2580, 22.582
  2640, 10.063
  2700, 18.548
  2760, 12.176
  2820, 22.242
  2880, 21.864
  2940, 24.291
  3000, 20.312
  3060, 18.401
  3120, 12.996
  3180, 11.739
  3240,  7.350
  3300, 18.940
  3360, 20.702
  3420, 19.017
  3480, 22.584
  3540, 25.773
  3600, 20.842
  3660, 28.118
  3720, 30.656
  3780, 34.274
  3840, 27.378
  3900, 37.463
  3960, 38.867
  4020, 38.560
  4080, 61.394
  4140, 65.540
  4200, 60.593
  4260, 58.271
  4320, 61.454
  4380, 66.857
  4440, 75.995
  4500, 67.675
  4560, 51.815
  4620, 75.468
  4680, 86.302
  4740, 113.012
  4800, 45.987
  4860, 60.517
  4920, 149.242
  4980, 61.705
  5040, 116.165
  5100, 139.753
  5160, 101.646
  5220, 93.865
  5280, 99.593
  5340, 82.686
  5400, 55.208
  5460, 88.831
  5520, 78.870
  5580, 99.957
  5640, 66.846
  5700, 81.778
  5760, 108.725
  5820, 137.489
  5880, -9999.000
  5940, 83.382
  6000, 87.907
  6060, 97.721
  6120, 91.865
  6180, 106.703
  6240, 80.091
  6300, 108.898
  6360, 117.867
  6420, 111.579
  6480, 160.763
  6540, 98.754
  6600, 87.872
  6660, 101.953
  6720, 108.863
  6780, 106.979
  6840, 98.093
  6900, 133.961
  6960, 125.875
  7020, 121.318
  7080, 139.399
  7140, 209.974
  7200, 208.032
  7260, 162.911
  7320, 178.536
  7380, 181.389
  7440, 171.365
  7500, 162.465
  7560, 156.853
  7620, 193.353
  7680, 159.139
  7740, 162.705
  7800, 157.762
  7860, 143.607
  7920, 159.683
  7980, 157.479
  8040, 183.357
  8100, 176.748
  8160, 181.733
  8220, 173.041
  8280, 164.907
  8340, 191.697
  8400, 139.366
  8460, 196.182
  8520, 191.167
  8580, 228.228
  8640, 281.873
  8700, 290.525
  8760, 244.344
  8820, 199.314
  8880, 198.118
  8940, 215.946
  9000, 203.950
  9060, 213.519
  9120, 170.642
  9180, 182.866
  9240, 164.049
  9300, 158.247
  9360, 150.760
  9420, 146.237
  9480, 113.368
  9540, 110.933
  9600, -9999.000
  9660, 113.876
  9720, 111.953
  9780, 105.812
  9840, 116.547
  9900, 121.683
  9960, 123.263
 10020, 91.394
 10080, 110.146
 10140, 93.721
 10200, 92.368
 10260, 79.734
 10320, 109.711
 10380, 80.650
 10440, 102.562
 10500, 82.211
 10560, 86.139
 10620, 77.508
 10680, 76.781
 10740, 57.826
 10800, 75.241
 10860, 74.131
 10920, 70.166
 10980, 85.398
 11040, 96.383
 11100, 61.290
 11160, 56.631
 11220, 66.284
 11280, 72.544
 11340, 47.246
 11400, 43.097
 11460, 29.517
 11520, 44.029
 11580, 50.214
 11640, 58.101
 11700, 54.316
 11760, 53.792
 11820, 62.923
 11880, 54.934
 11940, 52.637
 12000, 47.622
 12060, 52.921
 12120, 52.031
 12180, 59.844
 12240, 39.205
 12300, 55.712
 12360, 59.339
 12420, 46.391
 12480, 116.717
 12540, 85.711
 12600, 95.566
 12660, 96.233
 12720, 85.394
 12780, 89.778
 12840, 105.181
 12900, 78.718
 12960, 105.101
 13020, 133.630
 13080, 136.870
 13140, 138.090
 13200, 198.758
 13260, 167.194
 13320, 129.685
 13380, 131.931
 13440, 126.376
 13500, 124.958
 13560, 153.630
 13620, 180.975
 13680, 194.342
 13740, 208.375
 13800, 205.489
 13860, 194.849
 13920, 236.364
 13980, 237.939
 14040, 212.801
 14100, 134.272
 14160, 115.326
 14220, 128.638
 14280, 127.018
 14340, 93.999
 14400, 97.762
 14460, 96.451
 14520, 105.262
 14580, 140.233
 14640, 126.020
 14700, 139.528
 14760, 148.101
 14820, 158.293
 14880, 166.076
 14940, 176.623
 15000, 123.388
 15060, 115.288
 15120, 119.410
 15180, 94.087
 15240, 104.022
 15300, 122.556
 15360, 117.009
 15420, 136.671
 15480, 120.778
 15540, 130.894
 15600, 126.483
 15660, 140.136
 15720, 152.866
 15780, 168.883
 15840, 169.807
 15900, 175.893
 15960, 130.754
 16020, 122.896
 16080, 110.414
 16140, 128.452
 16200, 112.022
 16260, 101.356
 16320, 126.803
 16380, 122.980
 16440, 141.466
 16500, 119.365
 16560, 124.270
 16620, 124.358
 16680, 128.678
 16740, 128.887
 16800, 129.907
 16860, 122.653
 16920, 131.721
 16980, -9999.000
 17040, 127.561
 17100, 136.656
 17160, 139.936
 17220, 139.007
 17280, 131.633
 17340, 132.908
 17400, 125.077
 17460, 207.086
 17520, 132.027
 17580, 118.189
 17640, 140.085
 17700, 133.511
 17760, 123.788
 17820, 130.293
 17880, 114.713
 17940, 120.185
 18000, 123.884
 18060, 141.701
 18120, 151.417
 18180, 141.335
 18240, 132.896
 18300, 131.225
 18360, 127.489
 18420, 138.463
 18480, 157.376
 18540, 152.301
 18600, 163.453
 18660, 169.734
 18720, 182.663
 18780, 137.140
 18840, -9999.000
 18900, 155.254
 18960, 157.628
 19020, 159.950
 19080, 147.996
 19140, 125.349
 19200, 114.826
 19260, 135.244
 19320, 130.993
 19380, 146.680
 19440, 150.947
 19500, 141.409
 19560, 151.845
 19620, 175.348
 19680, 157.392
 19740, 167.232
 19800, 157.706
 19860, 148.340
 19920, 139.488
 19980, 130.627
 20040, 153.612
 20100, 155.127
 20160, 167.490
 20220, 150.148
 20280, 126.492
 20340, 152.235
 20400, 125.328
 20460, 124.207
 20520, 126.095
 20580, 132.099
 20640, 145.937
 20700, -9999.000
 20760, 130.022
 20820, 139.882
 20880, 133.547
 20940, 147.037
 21000, 143.976
 21060, 133.925
 21120, 125.876
 21180, 133.560
 21240, 156.121
 21300, 171.289
 21360, 159.055
 21420, 170.251
 21480, 176.593
 21540, 156.610
 21600, 190.500
 21660, 154.341
 21720, 161.432
 21780, 157.234
 21840, 153.479
 21900, 152.539
 21960, 158.048
 22020, 142.750
 22080, 139.595
 22140, 143.339
 22200, 134.418
 22260, 133.279
 22320, 117.443
 22380, 117.388
 22440, 115.631
 22500, 114.740
 22560, 131.928
 22620, 103.098
 22680, 103.577
 22740, 100.456
 22800, 121.398
 22860, 151.046
 22920, 153.570
 22980, 148.023
 23040, 181.972
 23100, 188.149
 23160, 210.442
 23220, 194.510
 23280, 156.249
 23340, 146.988
 23400, 161.648
 23460, 128.478
 23520, 122.529
 23580, 89.992
 23640, 81.174
 23700, 77.006
 23760, 89.271
 23820, 71.654
 23880, 65.283
 23940, 68.813
 24000, 66.965
 24060, 72.806
 24120, 65.301
 24180, 66.715
 24240, 62.069
 24300, 69.991
 24360, -9999.000
 24420, 53.145
 24480, 52.702
 24540, 55.078
 24600, 54.781
 24660, 51.564
 24720, 56.514
 24780, 57.675
 24840, 58.303
 24900, 62.192
 24960, 59.531
 25020, 56.552
 25080, 60.225
 25140, 55.761
 25200, 38.702
 25260, 45.338
 25320, 39.633
 25380, 60.958
 25440, 54.231
 25500, 48.784
 25560, 51.238
 25620, 39.397
 25680, 36.739
 25740, 52.104
 25800, 49.037
 25860, 67.709
 25920, 66.169
 25980, 64.715
 26040, 51.443
 26100, 55.585
 26160, 52.734
 26220, -9999.000
 26280, 38.901
 26340, 51.284
 26400, 61.081
 26460, 55.196
 26520, 59.629
 26580, 59.997
 26640, 48.824
 26700, 66.786
 26760, 54.763
 26820, 56.816
 26880, 58.681
 26940, 52.578
 27000, 53.671
 27060, 54.884
 27120, 46.852
 27180, 49.611
 27240, 56.801
 27300, 45.717
 27360, 46.964
 27420, 55.991
 27480, 55.793
 27540, 56.048
 27600, 61.168
 27660, 58.560
 27720, 54.696
 27780, 46.177
 27840, 55.029
 27900, 40.196
 27960, 42.311
 28020, 37.700
 28080, -9999.000
 28140, 49.119
 28200, 52.480
 28260, 54.452
 28320, 54.437
 28380, 55.552
 28440, 49.883
 28500, 55.289
 28560, 53.317
 28620, 55.556
 28680, 66.611
 28740, 52.057
 28800, 47.441
 28860, 48.110
 28920, 51.027
 28980, 55.580
 29040, 48.083
 29100, 48.813
 29160, 57.179
 29220, 51.952
 29280, 49.851
 29340, 54.327
 29400, 53.952
 29460, 61.839
 29520, 55.089
 29580, 53.765
 29640, 57.654
 29700, 46.631
 29760, 48.192
 29820, 51.163
 29880, 47.319
 29940, 61.054
 30000, 51.498
 30060, 47.999
 30120, 47.840
 30180, 45.071
 30240, 43.861
 30300, 53.847
 30360, 57.025
 30420, 69.170
 30480, 55.822
 30540, 53.075
 30600, 75.143
 30660, 56.505
 30720, 48.857
 30780, 52.484
 30840, 55.897
 30900, 67.834
 30960, 63.131
 31020, 69.982
 31080, 69.888
 31140, 66.325
 31200, 61.873
 31260, 67.333
 31320, 61.092
 31380, 73.946
 31440, 77.993
 31500, 71.108
 31560, 71.323
 31620, 71.418
 31680, 77.465
 31740, 94.296
 31800, 79.872
 31860, 102.645
 31920, 109.610
 31980, 106.801
 32040, 123.254
 32100, 121.787
 32160, 157.182
 32220, 224.109
 32280, 138.679
 32340, 114.474
 32400, 116.248
 32460, 117.524
 32520, 112.325
 32580, 151.995
 32640, 218.903
 32700, 159.464
 32760, 121.753
 32820, 127.745
 32880, 107.525
 32940, 103.591
 33000, 98.305
 33060, 120.789
 33120, 87.034
 33180, 89.083
 33240, 88.699
 33300, 91.968
 33360, 82.238
 33420, 98.278
 33480, 84.160
 33540, 97.322
 33600, 115.876
 33660, 101.232
 33720, 110.872
 33780, 104.416
 33840, 127.005
 33900, 120.748
 33960, 119.166
 34020, 89.388
 34080, 88.919
 34140, 83.542
 34200, 81.889
 34260, 56.643
 34320, 60.704
 34380, 60.474
 34440, 71.209
 34500, 63.025
 34560, 72.371
 34620, 75.748
 34680, 67.907
 34740, 70.524
 34800, 67.060
 34860, 61.202
 34920, 59.844
 34980, 59.074
 35040, 67.756
 35100, 60.867
 35160, 66.078
 35220, 74.004
 35280, 65.105
 35340, 58.034
 35400, 65.862
 35460, -9999.000
 35520, 66.165
 35580, 65.085
 35640, 61.145
 35700, 61.554
 35760, 51.863
 35820, 55.455
 35880, 56.509
 35940, 48.106
 36000, 44.744
 36060, 44.264
 36120, 45.003
 36180, 40.408
 36240, 44.064
 36300, 45.691
 36360, 49.398
 36420, 53.819
 36480, 59.215
 36540, 46.854
 36600, 47.837
 36660, 41.094
 36720, 46.465
 36780, 48.361
 36840, 44.952
 36900, 42.161
 36960, 52.417
 37020, 58.021
 37080, 35.836
 37140, 44.581
 37200, 43.679
 37260, 40.789
 37320, 38.043
 37380, 42.227
 37440, 51.376
 37500, 44.270
 37560, 57.862
 37620, 54.716
 37680, 42.324
 37740, 49.107
 37800, 48.130
 37860, 49.379
 37920, 59.885
 37980, 56.953
 38040, 57.675
 38100, 62.983
 38160, 55.230
 38220, 56.207
 38280, 54.768
 38340, 76.350
 38400, 93.615
 38460, 75.735
 38520, 58.941
 38580, 70.062
 38640, 53.406
 38700, 49.091
 38760, 47.139
 38820, 59.732
 38880, 70.122
 38940, 72.559
 39000, 86.665
 39060, 72.663
 39120, 91.312
 39180, 50.873
 39240, 55.578
 39300, 59.527
 39360, 67.626
 39420, 59.784
 39480, 63.287
 39540, 75.942
 39600, 71.116
 39660, 60.820
 39720, 76.594
 39780, 93.307
 39840, 88.652
 39900, 83.475
 39960, 82.684
 40020, 79.469
 40080, 73.292
 40140, 75.425
 40200, 89.328
 40260, 83.868
 40320, 94.098
 40380, 96.354
 40440, 88.638
 40500, 94.610
 40560, 90.084
 40620, 75.971
 40680, 103.816
 40740, 111.090
 40800, 116.017
 40860, 107.778
 40920, 105.131
 40980, 79.564
 41040, 85.616
 41100, 76.992
 41160, 92.735
 41220, 80.630
 41280, 75.914
 41340, 71.843
 41400, 93.608
 41460, 91.220
 41520, 89.023
 41580, 88.223
 41640, 106.241
 41700, 102.870
 41760, 92.244
 41820, 90.782
 41880, 79.493
 41940, 80.551
 42000, 65.241
 42060, 61.713
 42120, 55.279
 42180, 59.874
 42240, 67.697
 42300, 67.666
 42360, 73.695
 42420, 65.033
 42480, 84.184
 42540, 83.903
 42600, 72.367
 42660, 82.713
 42720, 84.485
 42780, 69.650
 42840, -9999.000
 42900, 67.708
 42960, 83.657
 43020, 72.613
 43080, 74.599
 43140, 69.775
 43200, 78.102
 43260, 75.623
 43320, 67.680
 43380, 65.930
 43440, 57.203
 43500, 68.838
 43560, 81.193
 43620, 65.720
 43680, 66.818
 43740, 64.843
 43800, 67.918
 43860, 65.821
 43920, 56.070
 43980, 76.925
 44040, 74.409
 44100, 68.804
 44160, 77.713
 44220, 73.643
 44280, 87.063
 44340, 63.859
 44400, 61.833
 44460, 60.796
 44520, 67.123
 44580, 74.722
 44640, 63.269
 44700, -9999.000
 44760, 63.124
 44820, 71.311
 44880, 71.644
 44940, 69.623
 45000, 68.362
 45060, 81.195
 45120, 57.497
 45180, 61.032
 45240, 68.363
 45300, 66.796
 45360, 61.148
 45420, 59.553
 45480, 71.266
 45540, 68.702
 45600, 71.285
 45660, 60.844
 45720, 65.262
 45780, 62.273
 45840, 73.231
 45900, 77.344
 45960, 75.165
 46020, 68.458
 46080, 80.095
 46140, 71.133
 46200, 80.698
 46260, 85.762
 46320, 89.936
 46380, 103.146
 46440, 86.388
 46500, 99.462
 46560, -9999.000
 46620, 185.635
 46680, 107.779
 46740, 81.063
 46800, 136.148
 46860, 179.560
 46920, 151.262
 46980, 222.934
 47040, 197.261
 47100, 163.753
 47160, 106.838
 47220, 93.737
 47280, 86.769
 47340, 74.785
 47400, 90.644
 47460, 142.560
 47520, 84.722
 47580, 86.387
 47640, 81.563
 47700, 103.422
 47760, 125.421
 47820, 108.914
 47880, 60.612
 47940, 57.423
 48000, 74.066
 48060, 103.146
 48120, 96.564
 48180, 76.174
 48240, 77.371
 48300, 79.060
 48360, 80.945
 48420, 66.528
 48480, 85.978
 48540, 72.478
 48600, 77.130
 48660, 74.600
 48720, 76.480
 48780, 77.684
 48840, 93.047
 48900, 88.952
 48960, 89.331
 49020, 91.527
 49080, 94.188
 49140, 91.134
 49200, 102.921
 49260, 109.335
 49320, 115.542
 49380, 150.557
 49440, 143.188
 49500, 136.372
 49560, 146.868
 49620, 158.830
 49680, 189.792
 49740, 187.668
 49800, 164.777
 49860, 170.660
 49920, 173.632
 49980, 150.551
 50040, 195.579
 50100, 203.714
 50160, 201.562
 50220, -9999.000
 50280, 182.990
 50340, 195.081
 50400, 211.416
 50460, 206.872
 50520, 200.451
 50580, 195.612
 50640, 197.461
 50700, 188.095
 50760, 210.976
 50820, 204.901
 50880, 227.902
 50940, 261.193
 51000, 300.071
 51060, 289.895
 51120, 266.864
 51180, 233.047
 51240, 236.987
 51300, 283.697
 51360, 321.693
 51420, 328.771
 51480, 273.044
 51540, 256.929
 51600, 299.545
 51660, 251.875
 51720, 249.464
 51780, 262.029
 51840, 241.008
 51900, 220.745
 51960, 248.543
 52020, 228.039
 52080, -9999.000
 52140, 252.880
 52200, 240.419
 52260, 240.395
 52320, 244.794
 52380, 271.780
 52440, 264.863
 52500, 269.500
 52560, 234.824
 52620, 246.219
 52680, 365.630
 52740, 378.663
 52800, 277.147
 52860, 387.456
 52920, 258.869
 52980, 257.578
 53040, 270.427
 53100, 291.639
 53160, 269.127
 53220, 364.362
 53280, 522.186
 53340, 274.781
 53400, 296.213
 53460, 252.437
 53520, 275.680
 53580, 468.779
 53640, 332.343
 53700, 321.704
 53760, 375.564
 53820, 459.909
 53880, 351.013
 53940, -9999.000
 54000, 365.483
 54060, 403.182
 54120, 492.211
 54180, 508.450
 54240, 552.484
 54300, 405.088
 54360, 393.338
 54420, 402.775
 54480, 447.467
 54540, 520.780
 54600, 376.920
 54660, 466.634
 54720, 383.577
 54780, 443.270
 54840, 421.966
 54900, 466.732
 54960, 742.881
 55020, 874.931
 55080, 590.950
 55140, 501.729
 55200, 321.335
 55260, 371.083
 55320, 457.172
 55380, 417.789
 55440, 438.251
 55500, 372.986
 55560, 381.965
 55620, 465.158
 55680, 427.355
 55740, 398.642
 55800, 342.877
 55860, 399.268
 55920, 407.257
 55980, 319.429
 56040, 321.075
 56100, 368.392
 56160, 348.114
 56220, 351.471
 56280, 377.450
 56340, 304.470
 56400, 352.298
 56460, 379.289
 56520, 328.645
 56580, 352.918
 56640, 329.531
 56700, 316.892
 56760, 344.883
 56820, 351.077
 56880, 356.536
 56940, 356.289
 57000, 370.162
 57060, 356.253
 57120, 336.066
 57180, 364.028
 57240, 370.482
 57300, 342.337
 57360, 305.805
 57420, 348.407
 57480, 297.790
 57540, 313.725
 57600, 277.057
 57660, 288.287
 57720, 254.873
 57780, 309.032
 57840, 330.487
 57900, 299.735
 57960, 286.015
 58020, 212.723
 58080, 234.021
 58140, 226.050
 58200, 175.406
 58260, 223.954
 58320, 258.528
 58380, 251.984
 58440, 271.591
 58500, 220.542
 58560, 222.830
 58620, 199.950
 58680, 241.226
 58740, 227.845
 58800, 183.871
 58860, 207.201
 58920, 197.136
 58980, 187.395
 59040, 178.444
 59100, 228.863
 59160, 180.373
 59220, 172.731
 59280, 163.948
 59340, 191.798
 59400, 208.282
 59460, 220.853
 59520, 174.827
 59580, 147.338
 59640, 142.163
 59700, 160.599
 59760, 177.083
 59820, 170.659
 59880, 145.494
 59940, 145.926
 60000, 135.719
 60060, 177.171
 60120, 154.514
 60180, 141.459
 60240, 125.355
 60300, 116.000
 60360, 109.884
 60420, 97.213
 60480, 94.402
 60540, 115.243
 60600, 103.338
 60660, 124.977
 60720, 130.542
 60780, 130.348
 60840, 130.561
 60900, 127.066
 60960, 132.152
 61020, 104.184
 61080, 122.694
 61140, 99.013
 61200, 120.688
 61260, 115.918
 61320, -9999.000
 61380, 138.175
 61440, 176.175
 61500, 163.066
 61560, 175.747
 61620, 134.472
 61680, 134.962
 61740, 121.367
