CampaignData_and_Merges/R0/CSL_MobileLab_Parked/raw/20240725/USOS-POPS_MobileLabGround_20240725_R0.ict
78, 1001
Thornberry, T. D.
NOAA Chemical Sciences Laboratory
Portable Optical Particle Spectrometer (POPS)
USOS
1, 1
2024, 07, 25, 2025, 05, 08
60
Time_Start, seconds_past_midnight, Start time of measurement
45
1, 1, 1, 1, 1, 1, 1, 1, 1, 1, 1, 1, 1, 1, 1, 1, 1, 1, 1, 1, 1, 1, 1, 1, 1, 1, 1, 1, 1, 1, 1, 1, 1, 1, 1, 1, 1, 1, 1, 1, 1, 1, 1, 1, 1
-9999, -9999, -9999, -9999, -9999, -9999, -9999, -9999, -9999, -9999, -9999, -9999, -9999, -9999, -9999, -9999, -9999, -9999, -9999, -9999, -9999, -9999, -9999, -9999, -9999, -9999, -9999, -9999, -9999, -9999, -9999, -9999, -9999, -9999, -9999, -9999, -9999, -9999, -9999, -9999, -9999, -9999, -9999, -9999, -9999
Time_Stop, seconds_past_midnight, Stop time of measurement
Time_Mid, seconds_past_midnight, Mid time of measurement
Press_mb, mb, Pressure reported (mb)
Temp_C, degrees C, POPS temperature measurement
Aerosol_concentration, cm^-3, Aerosol concentration
Surface_Area_Conc, um^2 cm^-3, Surface area concentration
Volume_density, um^3 cm^-3, Volume density
Effective_radius, um, Effective radius
Extinction, km^-1, Extinction
Bin01, cm^-3, particle concentration in size range [1401 - 146.3 nm]
Bin02, cm^-3, particle concentration in size range [146.3 - 152.8 nm]
Bin03, cm^-3, particle concentration in size range [152.8 - 159.6 nm]
Bin04, cm^-3, particle concentration in size range [159.6 - 166.8 nm]
Bin05, cm^-3, particle concentration in size range [166.8 - 174.2 nm]
Bin06, cm^-3, particle concentration in size range [174.2 - 181.9 nm]
Bin07, cm^-3, particle concentration in size range [181.9 - 190.0 nm]
Bin08, cm^-3, particle concentration in size range [190.0 - 198.5 nm]
Bin09, cm^-3, particle concentration in size range [198.5 - 207.4 nm]
Bin10, cm^-3, particle concentration in size range [207.4 - 216.6 nm]
Bin11, cm^-3, particle concentration in size range [216.6 - 226.2 nm]
Bin12, cm^-3, particle concentration in size range [226.2 - 236.3 nm]
Bin13, cm^-3, particle concentration in size range [236.3 - 246.8 nm]
Bin14, cm^-3, particle concentration in size range [246.8 - 257.8 nm]
Bin15, cm^-3, particle concentration in size range [257.8 - 269.3 nm]
Bin16, cm^-3, particle concentration in size range [269.3 - 343.4 nm]
Bin17, cm^-3, particle concentration in size range [343.4 - 450.7 nm]
Bin18, cm^-3, particle concentration in size range [450.7 - 525.9 nm]
Bin19, cm^-3, particle concentration in size range [525.9 - 618.5 nm]
Bin20, cm^-3, particle concentration in size range [618.5 - 710.0 nm]
Bin21, cm^-3, particle concentration in size range [710.0 - 822.7 nm]
Bin22, cm^-3, particle concentration in size range [822.7 - 885.9 nm]
Bin23, cm^-3, particle concentration in size range [885.9 - 953.9 nm]
Bin24, cm^-3, particle concentration in size range [953.9 - 1027.2 nm]
Bin25, cm^-3, particle concentration in size range [1027.2 - 1106.1 nm]
Bin26, cm^-3, particle concentration in size range [1106.1 - 1191.0 nm]
Bin27, cm^-3, particle concentration in size range [1191.0 - 1282.5 nm]
Bin28, cm^-3, particle concentration in size range [1282.5 - 1381.0 nm]
Bin29, cm^-3, particle concentration in size range [1381.0 - 1487.1 nm]
Bin30, cm^-3, particle concentration in size range [1487.1 - 1601.3 nm]
Bin31, cm^-3, particle concentration in size range [1601.3 - 1724.3 nm]
[...]
PLATFORM: NOAA CSL Mobile Lab
LOCATION: USOS
ASSOCIATED_DATA: N/A
INSTRUMENT_INFO: Printed Optical Particle Spectrometer counts particles from 140 - 2500 nm in diameter 
DATA_INFO: Particle concentrations reported in number per cubic centimeter,1 Hz data
UNCERTAINTY: Counting uncertainty dominated by air flow, less than 5 percent. Measurement range is ~0 - 3000 per cm3 (varies depending on flow rate- manufacturer quotes 1250 per cm3 at 1.667 cc/s)
ULOD_FLAG: -7777
ULOD_VALUE: N/A
LLOD_FLAG: -8888
LLOD_VALUE: N/A
DM_CONTACT_INFO: Troy Thornberry, 325 Broadway R/CSL6, Boulder, CO 80305; troy.thornberry@noaa.gov; 303-497-3373
PROJECT_INFO: USOS, Utah POPS data from NOAA CSL Mobile Lab
STIPULATIONS_ON_USE: Please contact the PIs for questions regarding applications and uncertainties
OTHER_COMMENTS: POPS bin Edges (nm):  140.1, 146.3, 152.8, 159.6, 166.8, 174.2, 181.9, 190.0, 198.5, 207.4, 216.6, 226.2, 236.3, 246.8, 257.8, 269.3, 343.4, 450.7, 525.9, 618.5, 710.0, 822.7, 885.9, 953.9, 1027.2, 1106.1, 1191.0, 1282.5, 1381.0, 1487.1, 1601.3, 1724.3, 1856.7, 1999.3, 2152.8, 2318.2, 2496.2
Calculations assume organic aerosol refractive index of 1.52+0.00j and extinction wavelength = 532 nm
REVISION: R0
R0: Final data
Time_Start, Time_Stop, Time_Mid, Press_mb, Temp_C, Aerosol_concentration, Surface_Area_Conc, Volume_density, Effective_radius, Extinction, Bin01, Bin02, Bin03, Bin04, Bin05, Bin06, Bin07, Bin08, Bin09, Bin10, Bin11, Bin12, Bin13, Bin14, Bin15, Bin16, Bin17, Bin18, Bin19, Bin20, Bin21, Bin22, Bin23, Bin24, Bin25, Bin26, Bin27, Bin28, Bin29, Bin30, Bin31, Bin32, Bin33, Bin34, Bin35, Bin36
[from data line 824]
49440,49499,49470,877.752,36.342,318.381,54.844,4.577,0.241,0.017,30.585045,26.515013,24.168966,23.112421,21.889206,19.930321,18.486614,16.746599,15.381504,14.797287,13.641731,13.981864,13.212316,13.032321,10.123249,30.397955,8.303142,1.818181,0.746205,0.227351,0.144240,0.128615,0.139159,0.083556,0.082690,0.054902,0.061147,0.061529,0.049753,0.072041,0.109965,0.128951,0.044339,0.039211,0.033670,0.050340
49500,49559,49530,877.775,36.429,316.527,58.557,5.729,0.284,0.019,28.197321,27.317686,23.855425,23.397015,21.476694,20.053408,17.886820,16.798380,15.365921,14.511141,13.560405,14.029381,13.569977,12.441047,10.385937,30.823719,8.148861,1.906138,0.964655,0.217312,0.212625,0.121941,0.108920,0.068634,0.074102,0.133285,0.057081,0.068870,0.074176,0.086252,0.155323,0.091533,0.102938,0.080997,0.040031,0.142626
49560,49619,49590,877.781,36.496,318.588,55.697,4.844,0.252,0.017,29.138847,26.680721,24.299288,22.676918,22.047436,20.173502,17.959866,17.149462,15.502672,15.653405,14.468281,13.559264,13.230759,12.585276,10.373599,31.315346,7.754233,1.743964,0.805057,0.167583,0.140248,0.083033,0.094933,0.061652,0.133826,0.089227,0.067110,0.083733,0.061236,0.045213,0.089775,0.106708,0.071766,0.039350,0.056341,0.078756
49620,49679,49650,877.792,36.446,313.172,54.247,4.514,0.244,0.017,28.392111,26.255690,23.969351,22.223917,21.438789,19.624762,18.287006,16.358845,15.853521,14.533946,13.607668,14.297985,13.901649,12.508497,10.418330,29.628674,7.709092,1.808968,0.950787,0.177425,0.148506,0.093341,0.090332,0.166505,0.055293,0.038397,0.071092,0.049875,0.038804,0.092834,0.099316,0.083203,0.048564,0.011218,0.043420,0.094050
49680,49739,49710,877.795,36.451,315.490,54.301,4.360,0.233,0.016,29.139303,26.689390,24.464184,22.231569,21.593409,20.164951,18.244768,16.984503,15.161808,14.216311,13.992393,13.923520,13.364935,12.704852,10.214574,30.358208,8.043183,1.855161,0.748678,0.158026,0.118699,0.135590,0.095470,0.096119,0.074083,0.129740,0.045796,0.038710,0.045026,0.096444,0.084217,0.062210,0.067464,0.044800,0.039084,0.062632
49740,49799,49770,877.778,36.462,318.689,55.215,4.562,0.241,0.017,29.317135,26.774282,24.657894,23.285320,21.740284,19.666471,18.080175,16.923296,15.536485,14.516752,13.840860,13.769779,14.035822,13.115380,10.474042,30.965502,7.877475,1.926636,0.755239,0.196704,0.180726,0.096696,0.084778,0.102089,0.078890,0.056159,0.051827,0.067922,0.062660,0.062114,0.090850,0.061059,0.045437,0.039914,0.073606,0.079096
49800,49859,49830,877.790,36.446,314.686,54.936,4.517,0.241,0.017,28.541443,26.927742,23.581940,23.299686,21.098118,19.295856,17.797396,17.050833,15.558618,14.452685,14.183041,13.524253,13.440660,12.312654,10.671449,30.812309,7.787526,1.844052,0.982384,0.187254,0.169864,0.106093,0.129041,0.090721,0.061349,0.099858,0.068033,0.073911,0.050722,0.079138,0.124102,0.079571,0.078891,0.039690,0.028272,0.056528
49860,49919,49890,877.802,36.484,315.750,55.435,4.604,0.241,0.017,28.859262,26.030006,24.314785,22.969603,20.784212,19.742193,18.192856,16.862419,15.987291,14.712707,14.462495,13.378172,13.102860,12.960738,10.445636,30.666403,7.900368,1.801401,0.990422,0.237007,0.183951,0.100120,0.088922,0.089493,0.050373,0.095415,0.072505,0.089333,0.116876,0.106188,0.077978,0.066940,0.071691,0.039454,0.011050,0.089132
49920,49979,49950,877.805,36.542,316.050,54.601,4.350,0.234,0.017,28.637255,26.545500,24.459360,22.963835,21.628296,20.199896,17.672483,16.795868,15.380157,14.225613,13.539194,13.910685,13.653607,12.658465,10.657028,30.998960,7.836664,1.754110,1.028492,0.292920,0.171469,0.087612,0.100070,0.111653,0.099333,0.054393,0.022530,0.055321,0.054855,0.078107,0.115806,0.066466,0.049631,0.038529,0.060922,0.044836
49980,50039,50010,877.799,36.569,317.548,54.975,4.326,0.232,0.017,28.691763,26.661779,24.275047,23.471138,21.466564,20.576363,17.988050,16.628056,15.259636,14.917305,14.345507,13.704383,13.871490,12.721975,10.429265,30.012617,7.954071,2.073587,0.899774,0.255600,0.231779,0.111688,0.121704,0.110995,0.083203,0.049697,0.049823,0.077836,0.055552,0.094538,0.110813,0.050025,0.056167,0.044877,0.055893,0.039200
50040,50099,50070,877.786,36.576,314.683,54.096,4.421,0.237,0.016,28.595024,26.574554,24.280573,22.728998,21.041700,19.864912,18.352842,16.845356,15.095161,14.547033,13.446392,13.914108,13.721838,13.143011,10.172766,30.569962,7.671172,1.872904,0.769851,0.234369,0.133446,0.127228,0.123432,0.077986,0.122653,0.084311,0.049812,0.022716,0.066491,0.071984,0.071961,0.110035,0.060622,0.022719,0.033122,0.061543
50100,50159,50130,877.782,36.628,341.091,57.989,4.736,0.242,0.017,34.055054,30.946617,27.654739,26.337076,23.291424,21.687119,19.285027,17.749220,15.935414,15.506538,14.805386,13.433949,14.017208,13.079670,10.108053,30.669117,7.894401,1.985940,1.019406,0.194657,0.210851,0.093782,0.101104,0.106467,0.122530,0.110604,0.094392,0.094084,0.049552,0.095063,0.050959,0.056005,0.066981,0.044559,0.055715,0.082155
50160,50219,50190,877.786,36.650,333.422,57.068,4.591,0.237,0.017,32.605484,29.882601,26.792141,24.433409,22.808434,20.926571,18.387533,17.195547,15.854564,15.062327,14.391754,13.824310,13.505985,13.031466,10.402712,31.467142,8.589386,1.745497,0.947429,0.200097,0.212192,0.122293,0.089872,0.123307,0.089017,0.056238,0.094775,0.061173,0.071470,0.061396,0.112067,0.056357,0.061858,0.027785,0.050511,0.077445
50220,50279,50250,877.790,36.682,341.520,59.046,5.285,0.260,0.018,35.095425,30.895386,27.454929,25.430374,23.584047,21.776714,19.124973,17.738806,15.966006,15.075368,14.337791,14.556935,13.698876,12.965589,10.726648,30.840059,7.926569,1.760590,0.876891,0.211050,0.188324,0.128269,0.131672,0.083514,0.083436,0.077866,0.044192,0.067099,0.072359,0.082842,0.144335,0.095352,0.077407,0.027749,0.049699,0.122610
50280,50339,50310,877.793,36.705,331.630,59.309,5.565,0.274,0.019,32.793373,29.845308,26.273739,24.759109,22.494810,20.245520,18.394625,16.972683,15.797805,15.005157,14.061356,14.332251,13.849447,13.656338,10.365895,30.389616,7.846264,1.738121,0.939262,0.114757,0.261125,0.100560,0.135024,0.135155,0.119813,0.067769,0.080270,0.102749,0.079688,0.062907,0.205396,0.109216,0.078920,0.067914,0.068769,0.079190
50340,50399,50370,877.780,36.710,323.559,57.526,5.065,0.257,0.018,29.681438,28.226128,25.317644,24.000523,22.182108,19.841564,18.370041,17.313890,15.459060,14.895934,14.100104,14.017222,14.015046,12.741933,10.417422,30.540779,7.928162,1.862637,0.798913,0.248218,0.221855,0.166423,0.132151,0.056188,0.111433,0.112021,0.077821,0.050620,0.083179,0.083471,0.194686,0.066484,0.055573,0.033415,0.066498,0.088597
50400,50459,50430,877.791,36.747,328.751,57.584,5.087,0.255,0.018,32.725994,29.623585,26.256887,24.724045,22.509254,19.899075,18.643414,17.000170,15.684779,14.529261,13.994278,14.185984,13.164800,12.437090,10.183620,30.932459,7.690512,1.986643,0.869910,0.204468,0.245796,0.120808,0.078256,0.078023,0.093750,0.050592,0.088043,0.071400,0.094847,0.073319,0.143901,0.082464,0.112350,0.055200,0.027415,0.088802
50460,50519,50490,877.800,36.755,333.466,58.606,5.050,0.253,0.018,32.979763,29.463999,27.019897,24.126101,22.851511,20.698761,19.100267,17.111393,15.753288,14.613385,14.443690,13.847942,13.743765,12.888990,10.752681,31.296658,7.955096,1.972201,1.032022,0.297121,0.144876,0.077404,0.122710,0.116667,0.144637,0.072851,0.072245,0.083945,0.088884,0.117961,0.190325,0.073156,0.044552,0.055915,0.022601,0.088313
50520,50579,50550,877.801,36.718,332.585,59.920,5.721,0.278,0.019,33.223145,29.051537,26.178082,25.296541,22.656097,20.213457,18.891449,17.297289,15.646225,14.730982,13.844275,14.093874,13.759348,12.631976,10.857171,31.401608,8.291107,1.754681,0.920605,0.190352,0.263253,0.118363,0.079113,0.084207,0.084370,0.100666,0.089393,0.084504,0.079160,0.088951,0.152793,0.089388,0.078900,0.051118,0.078178,0.133037
50580,50639,50610,877.813,36.770,326.873,58.668,5.600,0.278,0.019,31.454641,28.972553,25.891371,23.543762,22.753038,20.158419,18.225988,17.147078,15.747289,14.857897,14.058871,13.880239,13.908958,12.950224,10.291685,30.505774,7.636617,2.106079,0.976148,0.269002,0.160367,0.154220,0.127802,0.093107,0.076781,0.043995,0.065822,0.049412,0.100114,0.121129,0.110136,0.126451,0.070660,0.061317,0.065595,0.110206
50640,50699,50670,877.795,36.760,324.493,57.166,5.122,0.260,0.018,32.017021,28.515951,25.892912,23.704838,21.649309,20.773325,18.243938,16.733492,15.381660,14.962044,13.901888,13.631159,13.550056,12.569495,10.413038,30.306583,7.921589,1.768348,0.832740,0.210783,0.233508,0.121244,0.151117,0.090032,0.055211,0.088735,0.045656,0.056141,0.077817,0.095280,0.145218,0.078318,0.067243,0.027457,0.084548,0.095804
50700,50759,50730,877.818,36.765,325.731,57.966,5.303,0.267,0.018,32.276955,28.283789,26.286978,23.738050,22.082653,19.849321,18.653622,16.873224,16.053307,14.721297,14.300097,13.573940,13.280686,12.909260,10.526628,29.790270,8.115138,1.687999,1.002480,0.160701,0.248718,0.137304,0.126482,0.072461,0.076395,0.055334,0.071112,0.044441,0.077953,0.115859,0.123331,0.067568,0.127383,0.060129,0.061530,0.098080
50760,50819,50790,877.812,36.817,322.746,58.348,5.476,0.275,0.019,30.256599,27.476957,25.338507,23.914528,21.442802,20.561197,18.425055,16.524601,15.453148,14.519599,14.202530,13.908366,13.836122,12.694377,10.594156,30.891083,8.256333,1.780222,0.871532,0.227128,0.190112,0.116585,0.115524,0.089356,0.116362,0.055334,0.066659,0.099984,0.082775,0.109829,0.123702,0.093794,0.067486,0.048993,0.094650,0.099710
50820,50879,50850,877.836,36.801,321.647,55.626,4.705,0.245,0.017,30.802929,27.771555,25.671120,24.147327,22.543062,19.957270,18.025776,16.810005,15.680242,14.256401,13.229600,14.083487,13.062957,13.017512,10.574910,29.932671,7.813303,1.863796,0.967484,0.189863,0.150233,0.060638,0.121494,0.060401,0.067214,0.122604,0.049440,0.072588,0.044726,0.094509,0.072761,0.061434,0.083777,0.039389,0.044838,0.100050
50880,50939,50910,877.836,36.811,320.565,56.731,5.006,0.258,0.018,30.378387,27.988792,25.169376,23.858292,22.091352,19.455244,18.662889,16.533310,15.630114,14.657225,13.600843,13.917777,13.384905,12.669761,10.387367,29.640095,8.027945,1.867252,0.883694,0.221319,0.206110,0.106891,0.116479,0.082477,0.061500,0.094760,0.120310,0.067694,0.132575,0.095522,0.100007,0.095468,0.111407,0.049479,0.038697,0.059842
50940,50999,50970,877.829,36.733,354.137,61.341,5.530,0.264,0.019,39.944237,34.732212,30.275482,26.998629,24.630447,21.369547,19.887842,17.634010,15.653172,14.855125,14.038728,14.252583,13.633033,12.898364,10.395265,29.600113,8.123356,1.980311,1.096351,0.254316,0.274641,0.116896,0.156884,0.169700,0.119545,0.094537,0.106615,0.124211,0.101403,0.089714,0.156470,0.107243,0.096726,0.050735,0.038831,0.079318
51000,51059,51030,877.823,36.737,346.191,58.755,5.026,0.250,0.018,37.749138,32.757874,29.164722,26.072380,24.416851,21.193520,18.782885,17.330044,16.506781,14.685970,14.042077,13.643814,13.776780,13.071345,10.810600,30.288246,7.511530,1.693888,0.929753,0.210934,0.165593,0.184708,0.150220,0.094715,0.077656,0.083134,0.072226,0.050378,0.073284,0.116565,0.144639,0.077978,0.088179,0.061170,0.044111,0.067285
51060,51119,51090,877.837,36.703,329.103,57.805,5.175,0.262,0.018,32.734032,29.492094,26.747055,23.756506,22.688042,20.098272,18.242311,16.852440,15.533057,14.681844,13.992271,13.899511,13.809896,13.272670,10.270917,31.011831,7.616117,1.926812,0.770113,0.192165,0.147450,0.090735,0.147592,0.152154,0.100780,0.068422,0.090353,0.090444,0.033664,0.084620,0.130111,0.085932,0.101659,0.039280,0.056025,0.095738
51120,51179,51150,877.834,36.763,315.834,56.369,5.186,0.266,0.018,29.823135,27.603598,24.574743,23.412535,21.447359,19.460489,17.830074,16.828705,15.222415,14.037242,13.617332,13.626583,13.387920,13.015806,10.145493,29.912296,7.575444,1.634596,0.948577,0.208785,0.258936,0.113439,0.077461,0.077995,0.090588,0.079121,0.078299,0.090517,0.084941,0.073205,0.118243,0.089631,0.073492,0.045171,0.055788,0.113917
51180,51239,51210,877.854,36.771,316.469,56.144,4.880,0.253,0.018,29.871840,26.367033,24.497828,23.467455,21.881638,19.389366,17.834511,16.948301,15.479403,14.467286,13.581130,13.414088,13.851126,12.658259,10.403664,29.873554,8.068949,1.800812,0.895970,0.199204,0.178463,0.143850,0.088576,0.134043,0.104473,0.104487,0.066985,0.077504,0.071829,0.076716,0.132015,0.077823,0.104898,0.050265,0.038101,0.067184
51240,51299,51270,877.834,36.728,321.303,57.537,5.486,0.273,0.018,30.924450,27.883984,25.819750,24.129370,21.672512,20.725014,17.779926,16.713781,14.716926,14.849040,13.644695,13.502503,13.471848,13.169538,10.244629,30.076710,7.709067,1.687220,0.869299,0.194662,0.179279,0.089441,0.078544,0.095194,0.083078,0.088675,0.106488,0.066814,0.090346,0.071965,0.150495,0.111459,0.077992,0.049755,0.066163,0.112198
51300,51359,51330,877.861,36.731,321.606,58.472,5.766,0.288,0.019,31.205023,27.567636,25.245054,23.779394,21.885881,19.979954,18.837753,17.066500,15.367058,14.398408,13.656121,14.045217,13.335780,12.945685,10.394504,29.827696,7.552711,1.706452,0.949087,0.196843,0.185301,0.089986,0.101349,0.106807,0.124747,0.080009,0.068150,0.084364,0.101782,0.091071,0.185784,0.130951,0.096782,0.045147,0.062886,0.108029
51360,51419,51390,877.867,36.751,320.907,57.445,5.256,0.264,0.018,30.804487,28.123287,25.466114,23.254904,22.101612,19.881966,18.090155,16.767214,15.281201,14.187227,13.980928,13.779471,13.733401,12.506469,10.091370,30.517820,7.869004,1.793418,0.872628,0.163530,0.264671,0.118714,0.147178,0.113546,0.119462,0.080386,0.068060,0.061386,0.055858,0.117115,0.078463,0.073474,0.112460,0.056654,0.088986,0.084140
51420,51479,51450,877.868,36.763,364.671,61.854,5.649,0.266,0.019,41.626175,36.471073,31.903601,28.445065,24.829149,22.549601,20.363583,17.775091,16.463394,15.205132,14.171591,14.147148,13.757249,13.139902,10.897206,30.551689,7.964259,1.841319,0.793594,0.205104,0.161214,0.117609,0.098914,0.121232,0.077948,0.049237,0.099741,0.089021,0.100621,0.099697,0.138752,0.089024,0.072419,0.066261,0.072973,0.115488
51480,51539,51510,877.835,36.757,355.197,66.259,7.510,0.328,0.022,39.228695,35.446079,29.923372,27.575573,24.913137,21.394545,19.905569,17.888201,15.980063,14.805364,14.087104,13.900547,13.710295,12.154632,10.189259,30.558966,8.164730,1.927706,0.967061,0.255379,0.173018,0.155678,0.206339,0.155010,0.083186,0.118168,0.138093,0.105120,0.143584,0.160235,0.105402,0.182774,0.094500,0.099399,0.109904,0.190772
51540,51599,51570,877.845,36.812,330.948,58.594,5.257,0.261,0.019,33.196701,29.569815,26.561531,24.965149,22.963448,19.828466,18.690210,16.627251,15.076458,14.986344,14.432590,13.824962,13.466901,12.835616,10.409494,30.830204,7.981863,1.886018,0.964189,0.226395,0.246554,0.124957,0.057231,0.108013,0.084690,0.073115,0.085426,0.123877,0.079705,0.119743,0.162622,0.095806,0.091186,0.068512,0.034424,0.068084
51600,51659,51630,877.874,36.896,332.317,58.872,5.285,0.262,0.019,32.509766,29.638012,26.579132,24.404566,22.975725,20.701548,18.715666,17.627647,16.041101,14.554718,13.961673,13.823305,14.199665,12.240545,10.341073,31.115808,8.184812,1.864513,0.933588,0.244575,0.226142,0.154292,0.121524,0.095107,0.138649,0.104938,0.081734,0.083853,0.049585,0.099388,0.143875,0.089120,0.060727,0.061309,0.060983,0.088322
51660,51719,51690,877.873,36.922,335.558,58.695,5.046,0.253,0.018,32.151489,29.065758,26.850588,24.700651,23.016449,20.892286,19.394180,17.273005,16.196379,15.038976,14.655197,14.602045,14.445841,13.247673,10.883657,30.736597,7.900836,1.650141,1.046524,0.193969,0.257522,0.114675,0.126083,0.127162,0.102750,0.095753,0.074686,0.085739,0.102896,0.109557,0.068218,0.068675,0.092242,0.063191,0.046261,0.080322
