CampaignData_and_Merges/R0/CSL_MobileLab_Parked/raw/20240725/USOS-PTR_MobileLabGround_20240725_R0.ict
58, 1001
Matthew Coggon, Kelvin Bates, Chelsea Stockwell, Carsten Warneke
NOAA ESRL Chemical Sciences Division
NOAA PTR-ToF-MS
USOS
1,1 
2024, 07, 25, 2025, 09, 19
0
Time_Start, seconds, number of seconds from 00:00 UTC 
22
1, 1, 1, 1, 1, 1, 1, 1, 1, 1, 1, 1, 1, 1, 1, 1, 1, 1, 1, 1, 1, 1
-9999, -9999, -9999, -9999, -9999, -9999, -9999, -9999, -9999, -9999, -9999, -9999, -9999, -9999, -9999, -9999, -9999, -9999, -9999, -9999, -9999, -9999
CH3OH_NOAAPTR_ppbv,  ppbv, Gas_CH3OH_InSitu_S_AVMR, (CH3OH) methanol
CH3CN_NOAAPTR_ppbv,  ppbv, Gas_CH3CN_InSitu_S_AVMR, (CH3CN) acetonitrile
CH3CHO_NOAAPTR_ppbv,  ppbv, Gas_CH3CHO_InSitu_S_AVMR, (CH3CHO) acetaldehyde plus contributions from ethylene glycol and ethylene oxide. Interference from ethanol has been subtracted out.
C2H5OH_NOAAPTR_ppbv,  ppbv, Gas_C2H5OH_InSitu_S_AVMR, (C2H5OH) ethanol
CH3SH_NOAAPTR_ppbv,  ppbv, Gas_CH3SH_InSitu_S_AVMR, (CH3SH) methanethiol, using calibration factor for DMS
Acrolein_NOAAPTR_ppbv,  ppbv, Gas_Acrolein_InSitu_S_AVMR, (C3H4O) acrolein
AcetonePropanal_NOAAPTR_ppbv,  ppbv, Gas_AcetoneAndPropanal_InSitu_S_AVMR, (C3H6O) sum of acetone (dominant isomer) and propanal, using calibration factor for acetone
DMS_NOAAPTR_ppbv,  ppbv, Gas_DMS_InSitu_S_AVMR, (C2H6S) dimethyl sulfide with possible small contributions from ethanethiol
C5H8_NOAAPTR_ppbv,  ppbv, Gas_Isoprene_InSitu_S_AVMR, (C5H8) isoprene and possible fragments from cycloalkanes and aldehydes. Interferences have been subtracted following methods described by Coggon et al (2023)
MVKMAC_NOAAPTR_ppbv,  ppbv, Gas_MVKAndMAC_InSitu_S_AVMR, (C4H6O) sum of methyl vinyl ketone, methacrolein, and small amounts of crotonaldehyde, using weighted calibration factor for MVK (0.637) and MACR (0.363)
Benzene_NOAAPTR_ppbv,  ppbv, Gas_Benzene_InSitu_S_AVMR, (C6H6) benzene
Toluene_NOAAPTR_ppbv,  ppbv, Gas_Toluene_InSitu_S_AVMR, (C7H8) toluene with possible small contributions of fragments from ethyltoluene
Styrene_NOAAPTR_ppbv,  ppbv, Gas_Styrene_InSitu_S_AVMR, (C8H8) styrene
Benzaldehyde_NOAAPTR_ppbv,  ppbv, Gas_Benzaldehyde_InSitu_S_AVMR, (C7H6O) benzaldehyde
C8Aromatics_NOAAPTR_ppbv,  ppbv, Gas_C8Aromatics_InSitu_M_AVMR, (C8H10) sum of m-xylene, p-xylene, o-xylene, and ethyl benzene
C9Aromatics_NOAAPTR_ppbv,  ppbv, Gas_C9Aromatics_InSitu_M_AVMR, (C9H12) sum of C9 aromatics
Naphthalene_NOAAPTR_ppbv,  ppbv, Gas_Naphthalene_InSitu_S_AVMR, (C10H8) naphthalene
Octanal_NOAAPTR_ppbv,  ppbv, Gas_Octanal_InSitu_S_AVMR, (C8H16O) octanal and small amounts of octanone
Monoterpenes_NOAAPTR_ppbv,  ppbv, Gas_Monoterpenes_InSitu_M_AVMR, (C10H16) sum of monoterpenes and possible contributions from fragments of oxygenated monoterpenoids such as eucalyptol.
Nonanal_NOAAPTR_ppbv,  ppbv, Gas_Nonanal_InSitu_M_AVMR, (C9H18O) nonanal and small amounts of nonanone
C7H4ClF3_NOAAPTR_ppbv,  ppbv, Gas_C7H4ClF3_InSitu_S_AVMR, (C7H4ClF3) parachlorobenzotrifluoride
C10H30O5Si5_NOAAPTR_ppbv,  ppbv, Gas_C10H30O5Si5_InSitu_S_AVMR, (C10H30O5Si5) decamethylcyclopentasiloxane
1
SPECIAL COMMENTS:N/A
21
PI_CONTACT_INFO: NOAA ESRL Chemical Sciences Division, Tropospheric Chemistry Group. 325 Broadway, R/CSD7, Boulder, CO 80305
PLATFORM: Mobile Laboratory.
LOCATION: Salt Lake City, UT
ASSOCIATED_DATA: N/A
INSTRUMENT_INFO: NOAA PTR-ToF-MS measurements on NOAA CSL Mobile Lab
DATA_INFO: Units: ppbv
UNCERTAINTY: See OTHER_COMMENTS
ULOD_FLAG: -7777
ULOD_VALUE: N/A
LLOD_FLAG: -8888
LLOD_VALUE: N/A.
DM_CONTACT_INFO: Data Managers: Matt Coggon, Kelvin Bates, Chelsea Stockwell; email: matthew.m.coggon@noaa.gov and kelvin.bates@colorado.edu
PROJECT_INFO: USOS Deployment July-August, 2024
STIPULATIONS_ON_USE: Use of these data require prior OK from PI.
OTHER_COMMENTS: Uncertainties:
CH3OH_NOAAPTR_ppbv:30%; CH3CN_NOAAPTR_ppbv:30%; CH3CHO_NOAAPTR_ppbv:30%; C2H5OH_NOAAPTR_ppbv:30%; CH3SH_NOAAPTR_ppbv:50%; Acrolein_NOAAPTR_ppbv:30%; AcetonePropanal_NOAAPTR_ppbv:30%; DMS_NOAAPTR_ppbv:30%; C5H8_NOAAPTR_ppbv:30%; MVKMAC_NOAAPTR_ppbv:30%; 
Benzene_NOAAPTR_ppbv:30%; Toluene_NOAAPTR_ppbv:30%; Styrene_NOAAPTR_ppbv:30%; Benzaldehyde_NOAAPTR_ppbv:30%; C8Aromatics_NOAAPTR_ppbv:30%; C9Aromatics_NOAAPTR_ppbv:30%; Naphthalene_NOAAPTR_ppbv:30%; Octanal_NOAAPTR_ppbv:30%; Monoterpenes_NOAAPTR_ppbv:30%; Nonanal_NOAAPTR_ppbv:30%; 
C7H4ClF3_NOAAPTR_ppbv:30%; C10H30O5Si5_NOAAPTR_ppbv:30%; 
REVISION: R0
R0: Calibrated PTR Data. See individual species comments for details about measurement uncertainties
Time_Start, CH3OH_NOAAPTR_ppbv, CH3CN_NOAAPTR_ppbv, CH3CHO_NOAAPTR_ppbv, C2H5OH_NOAAPTR_ppbv, CH3SH_NOAAPTR_ppbv, Acrolein_NOAAPTR_ppbv, AcetonePropanal_NOAAPTR_ppbv, DMS_NOAAPTR_ppbv, C5H8_NOAAPTR_ppbv, MVKMAC_NOAAPTR_ppbv, Benzene_NOAAPTR_ppbv, Toluene_NOAAPTR_ppbv, Styrene_NOAAPTR_ppbv, Benzaldehyde_NOAAPTR_ppbv, C8Aromatics_NOAAPTR_ppbv, C9Aromatics_NOAAPTR_ppbv, Naphthalene_NOAAPTR_ppbv, Octanal_NOAAPTR_ppbv, Monoterpenes_NOAAPTR_ppbv, Nonanal_NOAAPTR_ppbv, C7H4ClF3_NOAAPTR_ppbv, C10H30O5Si5_NOAAPTR_ppbv
    0.0, 8.37272, 0.27167, 2.17567, 2.31951, 0.00443, 0.25940, 5.04757, 0.00307, 0.52427, 0.78621, 0.09514, 0.26323, 0.01257, -0.02520, 0.10410, 0.07397, -0.00982, 0.02488, 0.39359, 0.05499, 0.05020, 0.00112 
   60.0, 8.92989, 0.25930, 2.23708, 2.48889, 0.00346, 0.30869, 4.92190, 0.00487, 0.70352, 0.74577, 0.12333, 0.29131, 0.00466, -0.03058, 0.13093, 0.06486, -0.00980, 0.03422, 0.30987, 0.09309, 0.08835, 0.00270 
  120.0, 9.54757, 0.26433, 2.20591, 2.37022, 0.00340, 0.30154, 5.05762, 0.01195, 0.64662, 0.75996, 0.11159, 0.29443, 0.01367, -0.03692, 0.13361, 0.07964, -0.00600, 0.04060, 0.31077, 0.07104, 0.08215, 0.00181 
  180.0, 7.63529, 0.26729, 2.08766, 1.96168, 0.00457, 0.28206, 4.89830, 0.00968, 0.50856, 0.73059, 0.09182, 0.23305, 0.00642, -0.04437, 0.10451, 0.05749, -0.00975, 0.03437, 0.30111, 0.04339, 0.05886, 0.00475 
  240.0, 7.46688, 0.25630, 2.08392, 1.41076, 0.00307, 0.28278, 5.01783, 0.00084, 0.42543, 0.74870, 0.13481, 0.24571, 0.01340, -0.02094, 0.11582, 0.05058, -0.00021, 0.02545, 0.21730, 0.03533, 0.04412, 0.00113 
  300.0, 7.70359, 0.27630, 2.06504, 1.73535, 0.00495, 0.27568, 5.10179, -0.00031, 0.45479, 0.79282, 0.18115, 0.30108, 0.01860, -0.03023, 0.16857, 0.06943, 0.00182, 0.01942, 0.17472, 0.03795, 0.04117, 0.00141 
  360.0, 6.66801, 0.25102, 2.02508, 1.47155, 0.00297, 0.28300, 5.00986, 0.00614, 0.40193, 0.75310, 0.07211, 0.26963, -0.00051, -0.02647, 0.12720, 0.07050, -0.00967, 0.02799, 0.22594, 0.03121, 0.09906, 0.00034 
  420.0, 8.08649, 0.26954, 2.32075, 2.53236, 0.00242, 0.27751, 5.24488, -0.00031, 0.54430, 0.77410, 0.11569, 0.31133, 0.02779, -0.02051, 0.12972, 0.07108, -0.00567, 0.04716, 0.38293, 0.09293, 0.06606, 0.00216 
  480.0, 6.87689, 0.26874, 1.82968, 1.17459, 0.00130, 0.22186, 4.84765, 0.00321, 0.34087, 0.73222, 0.13688, 0.21325, 0.01300, -0.04217, 0.09941, 0.04962, -0.00962, 0.00252, 0.13804, 0.02532, 0.03523, 0.00176 
  540.0, 8.42249, 0.26816, 2.29676, 2.14257, 0.00290, 0.28625, 5.08126, 0.00194, 0.43756, 0.77753, 0.17911, 0.34252, 0.01973, -0.02034, 0.15702, 0.08774, -0.00959, 0.06053, 0.37362, 0.11377, 0.04615, 0.00169 
  600.0, 8.51889, 0.25084, 2.13312, 1.87275, 0.00596, 0.28086, 5.16348, 0.01872, 0.30744, 0.72041, 0.17478, 0.33826, -0.00730, -0.02587, 0.16828, 0.08185, -0.00957, 0.02920, 0.24969, 0.04218, 0.03790, 0.00086 
  660.0, 8.88457, 0.26085, 2.21947, 2.06536, 0.00407, 0.27605, 5.36393, 0.01592, 0.35728, 0.78359, 0.18821, 0.33950, -0.00262, -0.01798, 0.15513, 0.08309, 0.00812, 0.02819, 0.32221, 0.05899, 0.04649, 0.00158 
  720.0, 6.44794, 0.27312, 2.13318, 1.64183, 0.00320, 0.28389, 5.05310, 0.00591, 0.39528, 0.76299, 0.08363, 0.27012, 0.01536, -0.02409, 0.12368, 0.07300, -0.00829, 0.02909, 0.26142, 0.04179, 0.03466, 0.00212 
  780.0, 7.42372, 0.24431, 2.11465, 1.74336, 0.00512, 0.28796, 5.10345, 0.00222, 0.46931, 0.73337, 0.14102, 0.28167, 0.01202, -0.02236, 0.14840, 0.05805, -0.00163, 0.03008, 0.16832, 0.06136, 0.04438, 0.00260 
  840.0, 8.58345, 0.28239, 2.38414, 3.72717, 0.00427, 0.32834, 5.30915, 0.01097, 0.48880, 0.79022, 0.25749, 0.53384, 0.03218, -0.02290, 0.30218, 0.11964, -0.00376, 0.03484, 0.28127, 0.05483, 0.03695, 0.00144 
  900.0, 8.10218, 0.26092, 2.12512, 2.11957, 0.00490, 0.27508, 5.09169, 0.00016, 0.46066, 0.77713, 0.09224, 0.26505, 0.00440, -0.04401, 0.12572, 0.06036, -0.00944, 0.01458, 0.20243, 0.04146, 0.04214, 0.00207 
  960.0, 9.31185, 0.25821, 2.22274, 2.21090, 0.00523, 0.28100, 5.17977, 0.01653, 0.51605, 0.76732, 0.12245, 0.27061, -0.00723, -0.04026, 0.12339, 0.06472, -0.00295, 0.03929, 0.26164, 0.08932, 0.04877, 0.00422 
 1020.0, 7.01412, 0.26697, 1.95854, 1.67956, 0.00086, 0.24714, 4.85970, 0.01229, 0.35322, 0.72633, 0.08228, 0.23708, -0.00722, -0.03181, 0.10974, 0.05304, -0.00505, 0.02268, 0.22435, 0.04803, 0.05112, 0.00190 
 1080.0, 8.19679, 0.24344, 2.17449, 3.56115, 0.00379, 0.29500, 5.04788, 0.02149, 0.35654, 0.76675, 0.19433, 0.52795, 0.00713, -0.04381, 0.29280, 0.11230, 0.01505, 0.01866, 0.28017, 0.08168, 0.04927, -0.00040 
 1140.0, 8.38352, 0.28757, 1.91299, 1.79376, 0.00260, 0.28136, 4.86766, 0.00841, 0.28589, 0.73967, 0.14048, 0.27194, 0.00709, -0.00616, 0.11821, 0.05259, -0.00934, 0.02604, 0.24697, 0.04180, 0.04001, 0.00312 
 1200.0, 8.84598, 0.27264, 2.12442, 2.59195, 0.00431, 0.27845, 5.03137, 0.00996, 0.63034, 0.73406, 0.06402, 0.29610, -0.00719, -0.03032, 0.13770, 0.06344, -0.00303, 0.01329, 0.27528, 0.04759, 0.04581, 0.00225 
 1260.0, 7.56214, 0.26432, 1.75827, 1.67141, 0.00169, 0.23633, 4.64727, 0.00667, 0.49699, 0.69281, 0.08791, 0.18517, 0.00130, -0.01300, 0.09214, 0.04560, -0.00163, 0.01232, 0.13214, 0.04044, 0.02550, 0.00391 
 1320.0, 7.55053, 0.25261, 1.89149, 2.14706, 0.00425, 0.24828, 4.77598, 0.01306, 0.56922, 0.69958, 0.10522, 0.22083, -0.00062, -0.02010, 0.10197, 0.05509, 0.01225, 0.03774, 0.25556, 0.05761, 0.03297, 0.00167 
 1380.0, 7.62072, 0.27687, 1.84006, 2.31131, 0.00534, 0.24700, 4.74504, 0.01916, 0.47588, 0.71086, 0.10658, 0.19973, 0.01430, -0.03045, 0.09588, 0.04683, -0.00187, 0.01368, 0.23847, 0.06724, 0.03692, 0.00470 
 1440.0, 7.42836, 0.25989, 2.20374, 6.72449, 0.00468, 0.28900, 4.87695, 0.01962, 0.51278, 0.73742, 0.46120, 0.99329, 0.05073, -0.04340, 0.62770, 0.21413, -0.00320, 0.05068, 0.28702, 0.07574, 0.03785, 0.00739 
 1500.0, 8.14543, 0.25017, 1.93493, 2.48470, 0.00327, 0.26329, 4.88470, 0.01187, 0.37622, 0.70445, 0.15404, 0.24386, -0.00714, 0.00288, 0.12159, 0.06735, -0.00530, 0.02536, 0.26181, 0.08140, 0.05259, 0.00083 
 1560.0, 7.09833, 0.23376, 1.82332, 2.44172, 0.00426, 0.27575, 4.66617, 0.00350, 0.43811, 0.68660, 0.04383, 0.22074, 0.01057, -0.03662, 0.08238, 0.05470, -0.00916, 0.02615, 0.26337, 0.05719, 0.06271, 0.01586 
 1620.0, 7.26849, 0.27546, 1.87630, 2.11898, 0.00256, 0.23658, 4.81596, 0.01581, 0.55370, 0.69866, 0.06172, 0.25352, 0.01797, -0.03926, 0.08627, 0.06386, -0.00914, 0.03831, 0.41864, 0.05164, 0.07559, 0.01669 
 1680.0, 8.60897, 0.25050, 2.06725, 2.48604, 0.00436, 0.27307, 4.96074, 0.00247, 0.60536, 0.70993, 0.09802, 0.24455, 0.00013, -0.01598, 0.09564, 0.07244, -0.00621, 0.03111, 0.31434, 0.06964, 0.06839, 0.04742 
 1740.0, 7.18281, 0.24545, 1.87897, 2.05981, 0.00195, 0.26467, 4.68903, 0.00957, 0.50239, 0.71364, 0.05670, 0.26008, -0.00710, -0.02267, 0.10654, 0.05689, -0.00704, 0.02368, 0.31439, 0.05671, 0.04769, 0.01941 
 1800.0, 7.53577, 0.25625, 1.90637, 2.41246, 0.00605, 0.28374, 4.70391, 0.02124, 0.53600, 0.72214, 0.16924, 0.29917, -0.00709, -0.00702, 0.11805, 0.07201, 0.00710, 0.02959, 0.24836, 0.02261, 0.05119, 0.00981 
 1860.0, 8.54128, 0.24370, 2.02729, 2.65859, 0.00059, 0.26231, 4.84319, -0.00030, 0.53238, 0.71108, 0.20350, 0.32514, -0.00708, -0.00329, 0.13527, 0.06096, -0.00854, 0.02871, 0.29737, 0.04476, 0.05170, 0.03050 
 1920.0, 6.59812, 0.26262, 1.98781, 2.19386, 0.00388, 0.26280, 4.87876, 0.02597, 0.45522, 0.72783, 0.04644, 0.20639, -0.00707, -0.04286, 0.08320, 0.06045, -0.00028, 0.01289, 0.23403, 0.01772, 0.03847, 0.00133 
 1980.0, 13.17243, 0.27283, 2.17284, 2.57519, 0.00356, 0.27456, 5.12232, -0.00030, 0.69024, 0.78503, 0.11392, 0.28298, 0.00581, -0.01646, 0.12941, 0.06535, -0.00425, 0.05377, 0.24312, 0.05788, 0.02843, 0.00261 
 2040.0, 9.22296, 0.26715, 2.09748, 2.84288, 0.00517, 0.30805, 5.01101, 0.01672, 0.80497, 0.78417, 0.12046, 0.26745, 0.01566, -0.04238, 0.10620, 0.04893, -0.00167, 0.03800, 0.25059, 0.03869, 0.03831, 0.00334 
 2100.0, 12.74015, 0.25918, 2.23452, 2.90560, 0.00395, 0.31479, 5.18576, 0.00561, 0.75551, 0.75819, 0.11067, 0.27836, 0.01069, -0.01156, 0.11317, 0.05294, -0.00894, 0.01493, 0.31889, 0.04503, 0.03347, 0.00553 
 2160.0, 9.87000, 0.26688, 2.03710, 2.59785, 0.00321, 0.24282, 5.02894, 0.01194, 0.71507, 0.76949, 0.04477, 0.24816, -0.00702, 0.00018, 0.09873, 0.05391, 0.00093, 0.02905, 0.27989, 0.08004, 0.03270, 0.00380 
 2220.0, 7.12407, 0.26573, 1.94048, 1.98879, 0.00437, 0.25980, 4.91739, 0.00002, 0.43412, 0.73927, 0.11863, 0.23745, 0.02159, -0.02401, 0.08710, 0.04154, -0.00739, 0.03698, 0.37201, 0.03840, 0.01584, 0.00197 
 2280.0, 9.03167, 0.26180, 2.04255, 2.34183, 0.00583, 0.25408, 4.99195, 0.02279, 0.55955, 0.76063, 0.06830, 0.23415, -0.00343, -0.04246, 0.09526, 0.04387, -0.00886, 0.03379, 0.52669, 0.06658, 0.01671, 0.00429 
 2340.0, 8.55287, 0.25865, 1.92182, 2.27024, -0.00086, 0.29531, 4.88267, 0.02501, 0.46623, 0.71118, 0.10528, 0.21046, -0.00512, -0.01508, 0.08487, 0.03962, 0.00752, 0.02248, 0.34857, 0.06416, 0.00799, 0.00392 
 2400.0, 8.15828, 0.25547, 1.87850, 2.15691, 0.00016, 0.29451, 4.94587, 0.00679, 0.47420, 0.73829, 0.10700, 0.21376, -0.00698, -0.02879, 0.08184, 0.03737, -0.00881, 0.01721, 0.34197, 0.09354, 0.01420, 0.00795 
 2460.0, 8.67944, 0.27803, 1.85240, 1.87663, 0.00303, 0.27720, 4.86202, 0.00812, 0.45722, 0.73727, 0.08869, 0.20906, 0.00042, -0.02040, 0.07667, 0.04048, -0.00538, 0.02220, 0.21658, 0.04232, 0.00990, 0.00441 
 2520.0, 8.59116, 0.26127, 1.99689, 1.99088, 0.00292, 0.26046, 4.88025, -0.00029, 0.40738, 0.72048, 0.07869, 0.17853, 0.00795, -0.02355, 0.07515, 0.03784, -0.00739, 0.03711, 0.18204, 0.08712, 0.01212, 0.00268 
 2580.0, 10.12797, 0.23868, 1.98867, 2.49735, 0.00502, 0.26696, 4.96175, 0.01710, 0.56180, 0.72625, 0.07677, 0.24259, -0.00695, -0.02373, 0.11901, 0.04774, -0.00874, 0.01850, 0.21795, 0.08485, 0.01721, 0.00388 
 2640.0, 7.78167, 0.27008, 1.82764, 2.71744, 0.00202, 0.24803, 4.89734, 0.00873, 0.55558, 0.69850, 0.11264, 0.22325, 0.00662, -0.02935, 0.09716, 0.04337, 0.00326, 0.02445, 0.13415, 0.03366, 0.00690, 0.00202 
 2700.0, 11.28373, 0.27396, 2.05394, 2.76999, 0.00104, 0.30621, 5.09113, 0.01178, 0.74002, 0.75954, 0.18133, 0.26665, -0.00693, 0.00479, 0.10134, 0.03895, -0.00566, 0.03200, 0.31022, 0.11889, 0.01078, 0.00336 
 2760.0, 6.91934, 0.23219, 1.88858, 2.20906, 0.00224, 0.26159, 4.94070, 0.00816, 0.57445, 0.73883, 0.07633, 0.21536, 0.01507, -0.02952, 0.10338, 0.04487, -0.00855, 0.01529, 0.15910, 0.03941, 0.01549, 0.00488 
 2820.0, 9.09751, 0.27023, 1.98560, 3.13955, 0.00273, 0.29429, 5.04168, 0.00507, 0.75928, 0.77053, 0.12357, 0.30970, 0.01355, -0.02877, 0.14417, 0.06395, 0.00131, 0.02219, 0.23447, 0.04853, 0.01060, 0.00403 
 2880.0, 9.15489, 0.26690, 2.14303, 3.21568, 0.00460, 0.32669, 5.10699, 0.01651, 0.75684, 0.77169, 0.07751, 0.28063, 0.00104, -0.02734, 0.11623, 0.04452, -0.00813, 0.03592, 0.33169, 0.08042, 0.01177, 0.00684 
 2940.0, 10.24284, 0.26030, 2.09011, 3.02772, 0.00162, 0.33187, 5.09366, 0.01160, 0.71444, 0.79760, 0.14225, 0.27559, 0.00083, -0.01411, 0.11303, 0.05745, 0.00154, 0.02361, 0.33225, 0.05790, 0.00715, 0.00910 
 3000.0, 10.26926, 0.26957, 2.20598, 3.84468, 0.00068, 0.31163, 5.17709, 0.01447, 0.77839, 0.81579, 0.16534, 0.40967, 0.02773, -0.04166, 0.20667, 0.08440, 0.00765, 0.04392, 0.25569, 0.07112, 0.00889, 0.00433 
 3060.0, 8.50862, 0.26933, 1.86509, 2.88082, 0.00444, 0.22525, 5.05026, -0.00028, 0.61537, 0.76996, 0.07151, 0.23915, 0.01356, -0.02821, 0.10772, 0.04012, -0.00853, 0.03356, 0.22269, 0.04912, 0.00842, 0.00366 
 3120.0, 7.87625, 0.27569, 1.94046, 3.44498, 0.00203, 0.26184, 5.02198, 0.00605, 0.71400, 0.77193, 0.05902, 0.27434, -0.00686, -0.04152, 0.09763, 0.05471, -0.00851, 0.01579, 0.27399, 0.04820, 0.00792, 0.00297 
 3180.0, 10.11987, 0.27315, 2.10508, 3.15480, 0.00518, 0.29843, 5.12799, 0.00110, 0.75253, 0.78637, 0.11379, 0.30533, 0.01097, -0.01898, 0.12583, 0.05397, -0.00848, 0.01724, 0.20428, 0.03280, 0.00758, 0.00415 
 3240.0, 8.52426, 0.26262, 2.13284, 3.91433, 0.00373, 0.26709, 5.03851, -0.00028, 0.58459, 0.77340, 0.16510, 0.44497, 0.02061, -0.03251, 0.24127, 0.09231, 0.00069, 0.02742, 0.19466, 0.03672, 0.01109, 0.00318 
 3300.0, 8.59355, 0.27834, 2.18024, 3.00015, 0.00412, 0.29322, 5.13482, 0.00939, 0.65530, 0.82446, 0.07214, 0.26086, 0.01298, -0.03350, 0.12631, 0.05262, -0.00462, 0.03816, 0.25922, 0.03641, 0.00792, 0.00379 
 3360.0, 9.52988, 0.28248, 2.40535, 3.55707, 0.00625, 0.30951, 5.26659, 0.02264, 0.74750, 0.79807, 0.11618, 0.32897, 0.01730, -0.00822, 0.16437, 0.06951, -0.00037, 0.03067, 0.30129, 0.05386, 0.00992, 0.00267 
 3420.0, 6.26841, 0.24749, 1.75004, 2.07608, 0.00171, 0.25478, 4.83956, 0.00694, 0.48482, 0.73722, 0.11983, 0.26674, 0.02521, -0.03039, 0.12234, 0.05691, -0.00838, 0.01697, 0.13414, 0.05298, 0.01141, 0.00215 
 3480.0, 8.45563, 0.27381, 2.23837, 3.54120, 0.00152, 0.28530, 5.09056, 0.01309, 0.71940, 0.79987, 0.10855, 0.30769, 0.00414, -0.01485, 0.13979, 0.05689, -0.00836, 0.02938, 0.33515, 0.06864, 0.01119, 0.00681 
 3540.0, 8.42642, 0.26587, 2.24263, 3.47872, 0.00510, 0.25539, 5.22505, 0.00617, 0.70328, 0.79410, 0.09902, 0.30546, 0.02068, -0.02219, 0.14506, 0.05061, -0.00833, 0.04285, 0.30551, 0.05935, 0.00926, 0.00444 
 3600.0, 8.47198, 0.26684, 2.13474, 2.81805, -0.00086, 0.27900, 5.15188, 0.00621, 0.72250, 0.80246, 0.14173, 0.26067, 0.00256, -0.00205, 0.10757, 0.06057, -0.00831, 0.01916, 0.23067, 0.09421, 0.00819, 0.00609 
 3660.0, 7.30004, 0.27083, 1.96217, 3.10764, 0.00321, 0.25199, 5.04504, -0.00028, 0.61608, 0.76942, 0.06226, 0.22629, 0.00322, -0.04092, 0.08955, 0.04069, -0.00828, 0.01760, 0.15117, 0.04601, 0.00846, 0.00376 
 3720.0, 9.68750, 0.28276, 2.36722, 3.79104, 0.00450, 0.30463, 5.13173, 0.01789, 0.69119, 0.80838, 0.09786, 0.27473, 0.00412, -0.03676, 0.11877, 0.04808, -0.00826, 0.01953, 0.29815, 0.05397, 0.00402, 0.00662 
 3780.0, 9.17873, 0.25932, 2.37820, 4.99614, 0.00468, 0.35064, 5.25629, 0.00035, 0.75243, 0.82746, 0.23497, 0.46197, 0.02274, -0.02567, 0.24332, 0.09523, -0.00823, 0.03658, 0.25801, 0.07630, 0.00680, 0.00461 
 3840.0, 9.16820, 0.25205, 2.26165, 4.26913, 0.00273, 0.32004, 5.25759, 0.01828, 0.81507, 0.81769, 0.03884, 0.30756, 0.02016, -0.02937, 0.11024, 0.04940, 0.00226, 0.02907, 0.24112, 0.06001, 0.01203, 0.00642 
 3900.0, 8.76466, 0.26734, 2.36064, 3.88858, 0.00507, 0.32965, 5.30247, 0.00961, 0.77164, 0.83112, 0.10941, 0.28456, -0.00672, -0.03610, 0.11529, 0.05210, -0.00297, 0.02773, 0.28994, 0.07002, 0.00871, 0.00621 
 3960.0, 9.35651, 0.28670, 2.35684, 4.34386, 0.00414, 0.35152, 5.32685, 0.01188, 0.77861, 0.85830, 0.07064, 0.26953, 0.00339, -0.04058, 0.12162, 0.04975, -0.00258, 0.05140, 0.27267, 0.08059, 0.01373, 0.00795 
 4020.0, 10.40955, 0.27116, 2.50954, 5.18536, 0.00715, 0.34712, 5.33547, -0.00027, 0.72981, 0.86472, 0.14380, 0.27960, -0.00670, -0.03236, 0.10643, 0.04743, -0.00608, 0.05427, 0.30310, 0.05788, 0.01343, 0.00851 
 4080.0, 9.67996, 0.29768, 2.56088, 5.22142, 0.00611, 0.37804, 5.42181, 0.01769, 0.76990, 0.87369, 0.15658, 0.41858, -0.00669, -0.03787, 0.19838, 0.08558, -0.00810, 0.06341, 0.24211, 0.14461, 0.01320, 0.00740 
 4140.0, 10.50545, 0.27994, 2.65992, 6.13494, 0.00774, 0.35057, 5.54087, 0.01620, 0.84514, 0.84844, 0.18672, 0.40217, 0.01415, -0.01437, 0.20488, 0.08009, -0.00298, 0.04354, 0.27997, 0.08203, 0.01864, 0.00934 
 4200.0, 9.58606, 0.28773, 2.38092, 5.32060, 0.00817, 0.32396, 5.46788, 0.01747, 0.78874, 0.81018, 0.12505, 0.29602, -0.00667, -0.02176, 0.13347, 0.06272, -0.00805, 0.05030, 0.19110, 0.08516, 0.02523, 0.01052 
 4260.0, 8.93385, 0.28686, 2.34182, 4.67341, 0.00314, 0.31240, 5.54467, -0.00027, 0.72088, 0.81017, 0.16354, 0.32438, 0.02288, -0.03650, 0.13912, 0.07288, -0.00210, 0.03681, 0.20750, 0.08614, 0.02083, 0.00729 
 4320.0, 9.56829, 0.28246, 2.53681, 6.22079, 0.00504, 0.35356, 5.87789, 0.00635, 0.82986, 0.84299, 0.11621, 0.36034, -0.00665, -0.00791, 0.16429, 0.06943, 0.01607, 0.05871, 0.25974, 0.08434, 0.02655, 0.00582 
 4380.0, 9.10049, 0.26257, 2.23733, 4.97141, 0.00277, 0.29548, 5.65710, -0.00027, 0.58219, 0.78518, 0.14827, 0.32126, -0.00664, -0.01018, 0.15553, 0.07448, -0.00798, 0.03197, 0.16820, 0.08062, 0.02642, 0.00484 
 4440.0, 9.26502, 0.28735, 2.32362, 5.62495, 0.00255, 0.32852, 5.67437, 0.00680, 0.67289, 0.78794, 0.12430, 0.32576, 0.01162, -0.03848, 0.13924, 0.07069, -0.00795, 0.04262, 0.22862, 0.08551, 0.02284, 0.00792 
 4500.0, 9.35098, 0.29457, 2.33970, 5.76663, 0.00587, 0.32582, 5.64532, -0.00027, 0.62403, 0.77342, 0.12707, 0.35589, 0.00348, -0.03024, 0.18707, 0.08275, 0.00585, 0.03509, 0.25826, 0.07008, 0.02686, 0.00599 
