CampaignData_and_Merges/R0/CSL_MobileLab_Parked/raw/20240725/USOS-jNO2_MobileLabGround_20240725_R0.ict
52,1001
Waxman, E.; Rollins, A.; Zuraski, K.; Chace, W.
NOAA Chemical Sciences Laboratory
jNO2 filter radiometer on CSL Mobile Lab
AMMBEC / USOS
1, 1
2024,07,25, 2025,04,01
60
Time_Start, seconds, number_of_seconds_since_0000_UTC
20
1, 1, 1, 1, 1, 1, 1, 1, 1, 1, 1, 1, 1, 1, 1, 1, 1, 1, 1, 1
-9999, -9999, -9999, -9999, -9999, -9999, -9999, -9999, -9999, -9999, -9999, -9999, -9999, -9999, -9999, -9999, -9999, -9999, -9999, -9999
Time_Stop, seconds, number_of_seconds_since_0000_UTC
jNO2_meas, per second, photolysis rate of NO2 measured using a filter radiometer.
jBrCl, per second, photolysis rate of BrCl -> Br + Cl calculated in TUV for cloud-free sky with local AOD
jBr2, per second, photolysis rate of Br2 -> Br + Br calculated in TUV for cloud-free sky with local AOD
jCCl4, per second, photolysis rate of CCl4 -> Products calcualted in TUV for cloud-free sky with local AOD
jCH2Oa, per second, photolysis rate of CH2O -> H + HCO calculated in TUV for cloud-free sky with local AOD
jCH2Ob, per second, photolysis rate of CH2O -> H2 + CO calculated in TUV for cloud-free sky with local AOD
jClNO2, per second, photolysis rate of ClNO2 -> Cl + NO2 calculated in TUV for cloud-free sky with local AOD
jClOa, per second, photolysis rate of ClO -> Cl + O(1D) calculated in TUV for cloud-free sky with local AOD
jClOb, per second, photolysis rate of ClO -> Cl + O(3P) calculated in TUV for cloud-free sky with local AOD
jCl2, per second, photolysis rate of Cl2 -> Cl + Cl calculated in TUV for cloud-free sky with local AOD
jHNO2, per second, photolysis rate of HNO2 -> OH + NO calculated in TUV for cloud-free sky with local AOD
jHNO3, per second, photolysis rate of HNO3 -> OH + NO2 calculated in TUV for cloud-free sky with local AOD
jI2, per second, photolysis rate of I2 -> I + I calculated in TUV for cloud-free sky with local AOD
jNO2, per second, photolysis rate of NO2 -> NO + O(3P) calculated in TUV for cloud-free sky with local AOD
jNO3a, per second, photolysis rate of NO3 -> NO + O2 calculated in TUV for cloud-free sky with local AOD
jNO3b, per second, photolysis rate of NO3 -> NO2 + O(3P) calculated in TUV for cloud-free sky with local AOD
jN2O5, per second, photolysis rate of N2O5 -> NO3 + NO + O(3P) calculated in TUV for cloud-free sky with local AOD
jO3, per second, photolysis rate of O3 -> O2 + O(1D) calculated in TUV for cloud-free sky with local AOD
AOD_500nm, unitless, UTC daily mean AOD at 500 nm from an AERONET station located at 40.178 N, -112.452 E
0
18
PI_CONTACT_INFO: eleanor.waxman@noaa.gov
PLATFORM: CSL Mobile Lab, at ground site
LOCATION: Salt Lake City, UT
ASSOCIATED_DATA:
INSTRUMENT_INFO: jNO2 filter radiometer.  TUV calculations are for mobile van lat/lon/altitude assuming clear sky (cloud AOD = 0) and daily mean AOD.
DATA_INFO:
UNCERTAINTY: Data uncertainties are +/- 20%.  These come from uncertainties in radiometer angular response, radiometer thermal response, local interferences from clouds/aerosols/shadows etc.
ULOD_FLAG: -7777
ULOD_VALUE: N/A
LLOD_FLAG: -8888
LLOD_VALUE: N/A
DM_CONTACT_INFO: eleanor.waxman@noaa.gov
PROJECT_INFO: USOS Project, July - August 2024
STIPULATIONS_ON_USE: Users are strongly encouraged to contact the PI for proper data usage.
OTHER_COMMENTS: 
REVISION: R0
R0: final data
Time_Start, Time_Stop, jNO2_meas, jBrCl, jBr2, jCCl4, jCH2Oa, jCH2Ob, jClNO2, jClOa, jClOb, jCl2, jHNO2, jHNO3, jI2, jNO2, jNO3a, jNO3b, jN2O5, jO3, AOD_500nm
[from data line 166]
    9960,   10020,9.6658e-05,0.0001367,0.0004548,5.786e-27,8.612e-08,2.813e-07,3.116e-06,2.299e-27,3.01e-08,1.995e-05,1.489e-05,9.918e-10,0.001563,9.861e-05,0.0002484,0.002186,2.361e-07,2.228e-08,0.074
   10020,   10080,8.7556e-05,0.0001254,0.0004161,5.444e-27,7.916e-08,2.588e-07,2.869e-06,2.165e-27,2.806e-08,1.836e-05,1.371e-05,9.151e-10,0.001422,9.076e-05,0.0002256,0.001984,2.174e-07,2.072e-08,0.074
   10080,   10140,8.1416e-05,0.0001117,0.0003696,4.989e-27,7.085e-08,2.315e-07,2.566e-06,1.985e-27,2.552e-08,1.641e-05,1.226e-05,8.223e-10,0.001257,8.106e-05,0.0001984,0.001748,1.945e-07,1.879e-08,0.074
   10140,   10200,7.2752e-05,9.925e-05,0.0003273,4.576e-27,6.339e-08,2.069e-07,2.293e-06,1.821e-27,2.322e-08,1.464e-05,1.095e-05,7.387e-10,0.001107,7.228e-05,0.0001748,0.001537,1.738e-07,1.704e-08,0.074
   10200,   10260,6.6549e-05,9.045e-05,0.000297,4.277e-27,5.807e-08,1.895e-07,2.101e-06,1.703e-27,2.16e-08,1.341e-05,1.003e-05,6.794e-10,0.0009971,6.616e-05,0.0001569,0.00138,1.593e-07,1.581e-08,0.074
   10260,   10320,6.3722e-05,7.847e-05,0.0002567,3.832e-27,5.097e-08,1.658e-07,1.836e-06,1.526e-27,1.929e-08,1.169e-05,8.755e-06,5.986e-10,0.0008568,5.763e-05,0.0001346,0.001183,1.393e-07,1.406e-08,0.074
   10320,   10380,6.0757e-05,7.053e-05,0.0002295,3.539e-27,4.62e-08,1.501e-07,1.662e-06,1.41e-27,1.777e-08,1.057e-05,7.923e-06,5.448e-10,0.0007585,5.208e-05,0.0001187,0.001043,1.261e-07,1.292e-08,0.074
   10380,   10440,5.4174e-05,6.112e-05,0.000198,3.159e-27,4.062e-08,1.313e-07,1.453e-06,1.259e-27,1.587e-08,9.219e-06,6.912e-06,4.806e-10,0.0006495,4.536e-05,0.0001013,0.0008908,1.103e-07,1.15e-08,0.074
   10440,   10500,5.2732e-05,5.324e-05,0.0001715,2.829e-27,3.589e-08,1.156e-07,1.277e-06,1.128e-27,1.425e-08,8.088e-06,6.068e-06,4.261e-10,0.000557,3.975e-05,8.637e-05,0.0007607,9.701e-08,1.029e-08,0.074
   10500,   10560,4.4729e-05,4.688e-05,0.00015,2.56e-27,3.205e-08,1.029e-07,1.136e-06,1.021e-27,1.294e-08,7.175e-06,5.388e-06,3.82e-10,0.0004813,3.523e-05,7.42e-05,0.0006545,8.629e-08,9.307e-09,0.074
   10560,   10620,3.9451e-05,4.033e-05,0.0001283,2.261e-27,2.808e-08,8.958e-08,9.875e-07,9.018e-28,1.15e-08,6.223e-06,4.674e-06,3.357e-10,0.0004071,3.051e-05,6.227e-05,0.0005511,7.509e-08,8.246e-09,0.074
   10620,   10680,3.7856e-05,3.448e-05,0.0001089,1.982e-27,2.448e-08,7.761e-08,8.54e-07,7.905e-28,1.018e-08,5.366e-06,4.032e-06,2.935e-10,0.000341,2.626e-05,5.161e-05,0.0004591,6.499e-08,7.269e-09,0.074
   10680,   10740,3.026e-05,2.94e-05,9.216e-05,1.729e-27,2.131e-08,6.712e-08,7.372e-07,6.896e-28,8.982e-09,4.618e-06,3.471e-06,2.561e-10,0.0002846,2.256e-05,4.249e-05,0.0003806,5.614e-08,6.392e-09,0.074
   10740,   10800,2.8442e-05,2.526e-05,7.862e-05,1.514e-27,1.867e-08,5.845e-08,6.407e-07,6.036e-28,7.964e-09,4.003e-06,3.009e-06,2.25e-10,0.0002393,1.952e-05,3.519e-05,0.000318,4.884e-08,5.65e-09,0.074
   10800,   10860,2.7848e-05,2.138e-05,6.602e-05,1.304e-27,1.616e-08,5.023e-08,5.493e-07,5.199e-28,6.97e-09,3.421e-06,2.571e-06,1.951e-10,0.0001978,1.665e-05,2.853e-05,0.0002608,4.191e-08,4.93e-09,0.074
   10860,   10920,2.6893e-05,1.799e-05,5.513e-05,1.114e-27,1.392e-08,4.295e-08,4.685e-07,4.441e-28,6.062e-09,2.908e-06,2.185e-06,1.683e-10,0.0001625,1.411e-05,2.29e-05,0.0002124,3.577e-08,4.275e-09,0.074
   10920,   10980,2.5136e-05,1.524e-05,4.635e-05,9.534e-28,1.205e-08,3.694e-08,4.019e-07,3.8e-28,5.289e-09,2.486e-06,1.868e-06,1.459e-10,0.0001345,1.204e-05,1.847e-05,0.0001743,3.071e-08,3.72e-09,0.074
   10980,   11040,2.0788e-05,1.273e-05,3.839e-05,8.022e-28,1.03e-08,3.136e-08,3.402e-07,3.196e-28,4.55e-09,2.098e-06,1.576e-06,1.248e-10,0.0001096,1.013e-05,1.459e-05,0.0001406,2.603e-08,3.192e-09,0.074
   11040,   11100,2.0323e-05,1.063e-05,3.182e-05,6.717e-28,8.801e-09,2.662e-08,2.88e-07,2.675e-28,3.902e-09,1.77e-06,1.329e-06,1.066e-10,8.938e-05,8.524e-06,1.149e-05,0.0001134,2.205e-08,2.732e-09,0.074
   11100,   11160,1.8372e-05,8.958e-06,2.662e-05,5.645e-28,7.565e-09,2.276e-08,2.457e-07,2.247e-28,3.361e-09,1.505e-06,1.131e-06,9.16e-11,7.368e-05,7.234e-06,9.157e-06,9.262e-05,1.882e-08,2.35e-09,0.074
   11160,   11220,1.5058e-05,7.351e-06,2.17e-05,4.548e-28,6.326e-09,1.895e-08,2.04e-07,1.809e-28,2.801e-09,1.247e-06,9.361e-07,7.648e-11,5.923e-05,5.975e-06,7.088e-06,7.375e-05,1.564e-08,1.957e-09,0.074
   11220,   11280,1.433e-05,6.035e-06,1.768e-05,3.687e-28,5.297e-09,1.58e-08,1.697e-07,1.466e-28,2.339e-09,1.034e-06,7.761e-07,6.395e-11,4.762e-05,4.941e-06,5.504e-06,5.879e-05,1.301e-08,1.633e-09,0.074
   11280,   11340,1.2097e-05,5.053e-06,1.471e-05,3.026e-28,4.497e-09,1.339e-08,1.435e-07,1.202e-28,1.978e-09,8.723e-07,6.551e-07,5.422e-11,3.916e-05,4.162e-06,4.408e-06,4.802e-05,1.101e-08,1.381e-09,0.074
   11340,   11400,8.3997e-06,4.092e-06,1.185e-05,2.356e-28,3.684e-09,1.097e-08,1.173e-07,9.351e-29,1.603e-09,7.117e-07,5.344e-07,4.428e-11,3.121e-05,3.388e-06,3.418e-06,3.804e-05,8.999e-09,1.12e-09,0.074
   11400,   11460,1.0342e-05,3.369e-06,9.697e-06,1.874e-28,3.057e-09,9.113e-09,9.732e-08,7.436e-29,1.32e-09,5.897e-07,4.43e-07,3.667e-11,2.527e-05,2.804e-06,2.705e-06,3.063e-05,7.466e-09,9.237e-10,0.074
   11460,   11520,1.003e-05,2.749e-06,7.884e-06,1.45e-28,2.501e-09,7.48e-09,7.981e-08,5.745e-29,1.065e-09,4.834e-07,3.631e-07,2.99e-11,2.039e-05,2.297e-06,2.138e-06,2.462e-05,6.12e-09,7.466e-10,0.074
   11520,   11580,7.569e-06,2.256e-06,6.44e-06,1.133e-28,2.051e-09,6.159e-09,6.573e-08,4.486e-29,8.644e-10,3.98e-07,2.994e-07,2.447e-11,1.651e-05,1.892e-06,1.701e-06,1.986e-05,5.038e-09,6.073e-10,0.074
   11580,   11640,6.4987e-06,1.806e-06,5.142e-06,8.459e-29,1.63e-09,4.929e-09,5.264e-08,3.347e-29,6.759e-10,3.19e-07,2.403e-07,1.939e-11,1.312e-05,1.518e-06,1.331e-06,1.573e-05,4.031e-09,4.765e-10,0.074
   11640,   11700,1.1941e-05,1.471e-06,4.184e-06,6.387e-29,1.311e-09,3.996e-09,4.275e-08,2.525e-29,5.351e-10,2.595e-07,1.957e-07,1.555e-11,1.063e-05,1.237e-06,1.071e-06,1.274e-05,3.27e-09,3.786e-10,0.074
   11700,   11760,1.0642e-05,1.19e-06,3.38e-06,4.753e-29,1.047e-09,3.216e-09,3.448e-08,1.877e-29,4.215e-10,2.096e-07,1.583e-07,1.239e-11,8.558e-06,1.001e-06,8.559e-07,1.024e-05,2.634e-09,2.991e-10,0.074
   11760,   11820,9.7395e-06,9.41e-07,2.677e-06,3.514e-29,8.131e-10,2.519e-09,2.707e-08,1.388e-29,3.239e-10,1.65e-07,1.248e-07,9.612e-12,6.781e-06,7.903e-07,6.782e-07,8.117e-06,2.066e-09,2.307e-10,0.074
   11820,   11880,9.1679e-06,7.498e-07,2.139e-06,2.566e-29,6.342e-10,1.982e-09,2.137e-08,1.013e-29,2.498e-10,1.306e-07,9.891e-08,7.487e-12,5.435e-06,6.276e-07,5.46e-07,6.518e-06,1.629e-09,1.785e-10,0.074
   11880,   11940,7.511e-06,5.876e-07,1.684e-06,1.836e-29,4.854e-10,1.53e-09,1.655e-08,7.247e-30,1.897e-10,1.015e-07,7.696e-08,5.728e-12,4.301e-06,4.896e-07,4.364e-07,5.174e-06,1.26e-09,1.36e-10,0.074
   11940,   12000,8.3237e-06,4.572e-07,1.318e-06,1.305e-29,3.686e-10,1.17e-09,1.271e-08,5.155e-30,1.439e-10,7.822e-08,5.936e-08,4.354e-12,3.395e-06,3.787e-07,3.504e-07,4.106e-06,9.666e-10,1.034e-10,0.074
   12000,   12060,1.1695e-05,3.581e-07,1.039e-06,9.387e-30,2.821e-10,9.004e-10,9.814e-09,3.709e-30,1.108e-10,6.061e-08,4.602e-08,3.34e-12,2.708e-06,2.945e-07,2.865e-07,3.3e-06,7.46e-10,7.965e-11,0.074
   12060,   12120,6.9215e-06,2.745e-07,8.033e-07,6.618e-30,2.117e-10,6.772e-10,7.41e-09,2.618e-30,8.455e-11,4.592e-08,3.487e-08,2.518e-12,2.129e-06,2.239e-07,2.331e-07,2.621e-06,5.63e-10,6.075e-11,0.074
   12120,   12180,1.2437e-05,2.092e-07,6.187e-07,4.659e-30,1.586e-10,5.063e-10,5.559e-09,1.846e-30,6.53e-11,3.455e-08,2.622e-08,1.9e-12,1.674e-06,1.69e-07,1.917e-07,2.09e-06,4.225e-10,4.675e-11,0.074
   12180,   12240,3.7821e-06,1.613e-07,4.823e-07,3.334e-30,1.209e-10,3.828e-10,4.217e-09,1.323e-30,5.188e-11,2.627e-08,1.992e-08,1.461e-12,1.338e-06,1.289e-07,1.611e-07,1.698e-06,3.207e-10,3.693e-11,0.074
   12240,   12300,7.9888e-06,1.225e-07,3.716e-07,2.35e-30,9.143e-11,2.853e-10,3.15e-09,9.347e-31,4.162e-11,1.966e-08,1.487e-08,1.12e-12,1.063e-06,9.667e-08,1.36e-07,1.377e-06,2.4e-10,2.937e-11,0.074
   12300,   12360,5.1538e-06,9.341e-08,2.88e-07,1.611e-30,6.964e-11,2.129e-10,2.358e-09,6.422e-31,3.384e-11,1.474e-08,1.112e-08,8.656e-13,8.54e-07,7.262e-08,1.165e-07,1.132e-06,1.801e-10,2.364e-11,0.074
   12360,   12420,8.163e-06,7.146e-08,2.248e-07,1.144e-30,5.425e-11,1.601e-10,1.773e-09,4.569e-31,2.846e-11,1.108e-08,8.308e-09,6.86e-13,6.962e-07,5.457e-08,1.017e-07,9.462e-07,1.36e-10,1.962e-11,0.074
   12420,   12480,6.8589e-06,5.507e-08,1.769e-07,7.963e-31,4.298e-11,1.217e-10,1.345e-09,3.185e-31,2.419e-11,8.389e-09,6.25e-09,5.525e-13,5.734e-07,4.127e-08,8.94e-08,7.995e-07,1.037e-10,1.646e-11,0.074
   12480,   12540,6.0462e-06,4.362e-08,1.432e-07,5.316e-31,3.495e-11,9.499e-11,1.048e-09,2.12e-31,2.061e-11,6.525e-09,4.825e-09,4.541e-13,4.848e-07,3.205e-08,7.987e-08,6.913e-07,8.125e-11,1.387e-11,0.074
   12540,   12600,3.8714e-06,3.528e-08,1.184e-07,3.546e-31,2.898e-11,7.565e-11,8.323e-10,1.405e-31,1.759e-11,5.173e-09,3.793e-09,3.786e-13,4.183e-07,2.535e-08,7.204e-08,6.078e-07,6.486e-11,1.172e-11,0.074
   12600,   12660,5.6711e-06,2.924e-08,1.001e-07,2.188e-31,2.439e-11,6.177e-11,6.776e-10,8.526e-32,1.477e-11,4.209e-09,3.063e-09,3.176e-13,3.659e-07,2.059e-08,6.506e-08,5.392e-07,5.3e-11,9.77e-12,0.074
   12660,   12720,8.9802e-06,2.474e-08,8.622e-08,1.142e-31,2.039e-11,5.106e-11,5.595e-10,4.301e-32,1.184e-11,3.487e-09,2.524e-09,2.618e-13,3.234e-07,1.707e-08,5.858e-08,4.805e-07,4.38e-11,7.802e-12,0.074
   12720,   12780,5.2334e-06,2.169e-08,7.65e-08,5.315e-32,1.732e-11,4.363e-11,4.787e-10,1.895e-32,9.409e-12,3.002e-09,2.167e-09,2.18e-13,2.911e-07,1.474e-08,5.306e-08,4.336e-07,3.741e-11,6.199e-12,0.074
   12780,   12840,7.6183e-06,1.903e-08,6.775e-08,1.435e-32,1.413e-11,3.675e-11,4.056e-10,4.562e-33,6.792e-12,2.574e-09,1.86e-09,1.724e-13,2.595e-07,1.273e-08,4.721e-08,3.86e-07,3.151e-11,4.502e-12,0.074
   12840,   12900,4.0723e-06,1.684e-08,6.037e-08,1.854e-33,1.126e-11,3.088e-11,3.446e-10,4.949e-34,4.556e-12,2.223e-09,1.614e-09,1.32e-13,2.312e-07,1.112e-08,4.167e-08,3.422e-07,2.653e-11,3.071e-12,0.074
   12900,   12960,7.2609e-06,1.482e-08,5.342e-08,9.984e-35,8.743e-12,2.562e-11,2.9e-10,2.163e-35,2.889e-12,1.906e-09,1.392e-09,9.865e-14,2.041e-07,9.662e-09,3.636e-08,3.003e-07,2.212e-11,2.015e-12,0.074
   12960,   13020,4.4296e-06,1.275e-08,4.628e-08,6.209e-37,6.293e-12,2.031e-11,2.351e-10,9.982e-38,1.575e-12,1.584e-09,1.166e-09,6.815e-14,1.76e-07,8.173e-09,3.077e-08,2.564e-07,1.772e-11,1.19e-12,0.074
   13020,   13080,3.7962e-06,1.072e-08,3.927e-08,3.528e-40,4.239e-12,1.542e-11,1.841e-10,4.117e-41,7.727e-13,1.277e-09,9.477e-10,4.462e-14,1.484e-07,6.729e-09,2.533e-08,2.136e-07,1.371e-11,6.768e-13,0.074
   13080,   13140,6.7786e-06,8.879e-09,3.285e-08,2.102e-44,2.767e-12,1.143e-11,1.415e-10,2.803e-45,3.743e-13,1.011e-09,7.552e-10,2.894e-14,1.234e-07,5.442e-09,2.052e-08,1.753e-07,1.043e-11,3.977e-13,0.074
   13140,   13200,6.5643e-06,6.919e-09,2.6e-08,0,1.563e-12,7.619e-12,9.947e-11,0,1.518e-13,7.398e-10,5.551e-10,1.669e-14,9.722e-08,4.09e-09,1.563e-08,1.357e-07,7.257e-12,2.108e-13,0.074
   13200,   13260,6.4794e-06,5.083e-09,1.953e-08,0,7.733e-13,4.58e-12,6.421e-11,0,5.447e-14,5.014e-10,3.76e-10,8.746e-15,7.291e-08,2.857e-09,1.131e-08,9.983e-08,4.641e-12,1.029e-13,0.074
   13260,   13320,7.1851e-06,3.512e-09,1.39e-08,0,3.306e-13,2.459e-12,3.779e-11,0,1.713e-14,3.136e-10,2.327e-10,4.128e-15,5.227e-08,1.842e-09,7.874e-09,7.03e-08,2.71e-12,4.549e-14,0.074
   13320,   13380,5.613e-06,2.123e-09,8.8e-09,0,1.042e-13,1.036e-12,1.818e-11,0,3.949e-15,1.65e-10,1.186e-10,1.526e-15,3.393e-08,9.99e-10,5.059e-09,4.505e-08,1.298e-12,1.566e-14,0.074
   13380,   13440,6.4794e-06,1.08e-09,4.802e-09,0,2.31e-14,3.146e-13,6.648e-12,0,6.787e-16,6.936e-11,4.601e-11,4.123e-16,1.975e-08,4.26e-10,3.092e-09,2.643e-08,4.768e-13,3.927e-15,0.074
   13440,   13500,6.0016e-06,4.519e-10,2.223e-09,0,3.295e-15,6.099e-14,1.697e-12,0,7.996e-17,2.246e-11,1.242e-11,7.217e-17,1.037e-08,1.329e-10,1.871e-09,1.449e-08,1.248e-13,6.339e-16,0.074
   13500,   13560,5.0325e-06,1.406e-10,7.999e-10,0,1.986e-16,5.11e-15,2.322e-13,0,4.157e-18,4.945e-12,1.774e-12,5.42e-18,4.606e-09,2.424e-11,1.076e-09,7.075e-09,1.856e-14,4.283e-17,0.074
   13560,   13620,8.2479e-06,3.507e-11,2.368e-10,0,4.232e-18,1.665e-16,1.746e-14,0,7.629e-20,8.535e-13,1.309e-13,1.529e-19,1.77e-09,2.583e-12,5.793e-10,3.125e-09,1.704e-15,1.029e-18,0.074
   13620,   13680,6.6402e-06,7.046e-12,5.792e-11,0,1.879e-20,1.493e-18,6.324e-16,0,2.572e-22,1.167e-13,4.107e-15,1.086e-21,5.768e-10,1.39e-13,2.791e-10,1.215e-09,9.087e-17,5.45e-21,0.074
   13680,   13740,6.3239e-06,9.8e-13,1.02e-11,0,8.262e-24,2.043e-21,7.587e-18,0,6.894e-26,1.042e-14,3.545e-17,9.99e-25,1.361e-10,2.621e-15,1.016e-10,3.529e-10,2.021e-18,2.95e-24,0.074
   13740,   13800,5.3004e-06,5.701e-14,7.737e-13,0,1.465e-28,2.015e-25,1.563e-20,0,4.536e-31,3.657e-16,4.298e-20,5.268e-29,1.351e-11,9.405e-18,1.575e-11,4.315e-11,9.668e-21,6.297e-29,0.074
   13800,   13860,4.903e-06,0,0,0,0,0,0,0,0,0,0,0,9.038e-43,0,1.822e-42,3.58e-42,0,0,0.074
   13860,   13920,9.7171e-06,0,0,0,0,0,0,0,0,0,0,0,0,0,0,0,0,0,0.074
   13920,   13980,7.0108e-06,0,0,0,0,0,0,0,0,0,0,0,0,0,0,0,0,0,0.074
   13980,   14040,4.894e-06,0,0,0,0,0,0,0,0,0,0,0,0,0,0,0,0,0,0.074
   14040,   14100,6.2739e-06,0,0,0,0,0,0,0,0,0,0,0,0,0,0,0,0,0,0.074
   14100,   14160,7.2207e-06,0,0,0,0,0,0,0,0,0,0,0,0,0,0,0,0,0,0.074
   14160,   14220,6.3008e-06,0,0,0,0,0,0,0,0,0,0,0,0,0,0,0,0,0,0.074
   14220,   14280,4.1482e-06,0,0,0,0,0,0,0,0,0,0,0,0,0,0,0,0,0,0.074
   14280,   14340,6.3186e-06,0,0,0,0,0,0,0,0,0,0,0,0,0,0,0,0,0,0.074
   14340,   14400,5.0861e-06,0,0,0,0,0,0,0,0,0,0,0,0,0,0,0,0,0,0.074
   14400,   14460,6.3507e-06,0,0,0,0,0,0,0,0,0,0,0,0,0,0,0,0,0,0.074
   14460,   14520,3.3399e-06,0,0,0,0,0,0,0,0,0,0,0,0,0,0,0,0,0,0.074
   14520,   14580,6.9215e-06,0,0,0,0,0,0,0,0,0,0,0,0,0,0,0,0,0,0.074
   14580,   14640,7.511e-06,0,0,0,0,0,0,0,0,0,0,0,0,0,0,0,0,0,0.074
   14640,   14700,1.5581e-06,0,0,0,0,0,0,0,0,0,0,0,0,0,0,0,0,0,0.074
   14700,   14760,5.0816e-06,0,0,0,0,0,0,0,0,0,0,0,0,0,0,0,0,0,0.074
   14760,   14820,-9999,0,0,0,0,0,0,0,0,0,0,0,0,0,0,0,0,0,0.074
   14820,   14880,3.4873e-06,0,0,0,0,0,0,0,0,0,0,0,0,0,0,0,0,0,0.074
   14880,   14940,4.2912e-06,0,0,0,0,0,0,0,0,0,0,0,0,0,0,0,0,0,0.074
   14940,   15000,8.2256e-06,0,0,0,0,0,0,0,0,0,0,0,0,0,0,0,0,0,0.074
   15000,   15060,2.1475e-06,0,0,0,0,0,0,0,0,0,0,0,0,0,0,0,0,0,0.074
   15060,   15120,5.5773e-06,0,0,0,0,0,0,0,0,0,0,0,0,0,0,0,0,0,0.074
   15120,   15180,3.9562e-06,0,0,0,0,0,0,0,0,0,0,0,0,0,0,0,0,0,0.074
   15180,   15240,7.2297e-06,0,0,0,0,0,0,0,0,0,0,0,0,0,0,0,0,0,0.074
   15240,   15300,7.0599e-06,0,0,0,0,0,0,0,0,0,0,0,0,0,0,0,0,0,0.074
   15300,   15360,3.7954e-06,0,0,0,0,0,0,0,0,0,0,0,0,0,0,0,0,0,0.074
   15360,   15420,3.3399e-06,0,0,0,0,0,0,0,0,0,0,0,0,0,0,0,0,0,0.074
   15420,   15480,5.7292e-06,0,0,0,0,0,0,0,0,0,0,0,0,0,0,0,0,0,0.074
   15480,   15540,3.9116e-06,0,0,0,0,0,0,0,0,0,0,0,0,0,0,0,0,0,0.074
   15540,   15600,3.2774e-06,0,0,0,0,0,0,0,0,0,0,0,0,0,0,0,0,0,0.074
   15600,   15660,2.3664e-06,0,0,0,0,0,0,0,0,0,0,0,0,0,0,0,0,0,0.074
   15660,   15720,2.6744e-07,0,0,0,0,0,0,0,0,0,0,0,0,0,0,0,0,0,0.074
   15720,   15780,9.2835e-07,0,0,0,0,0,0,0,0,0,0,0,0,0,0,0,0,0,0.074
   15780,   15840,2.6969e-06,0,0,0,0,0,0,0,0,0,0,0,0,0,0,0,0,0,0.074
   15840,   15900,3.6957e-06,0,0,0,0,0,0,0,0,0,0,0,0,0,0,0,0,0,0.074
   15900,   15960,2.7191e-06,0,0,0,0,0,0,0,0,0,0,0,0,0,0,0,0,0,0.074
   15960,   16020,5.2915e-06,0,0,0,0,0,0,0,0,0,0,0,0,0,0,0,0,0,0.074
   16020,   16080,2.3797e-06,0,0,0,0,0,0,0,0,0,0,0,0,0,0,0,0,0,0.074
   16080,   16140,4.7199e-06,0,0,0,0,0,0,0,0,0,0,0,0,0,0,0,0,0,0.074
   16140,   16200,2.0984e-06,0,0,0,0,0,0,0,0,0,0,0,0,0,0,0,0,0,0.074
   16200,   16260,6.8323e-06,0,0,0,0,0,0,0,0,0,0,0,0,0,0,0,0,0,0.074
   16260,   16320,2.0716e-06,0,0,0,0,0,0,0,0,0,0,0,0,0,0,0,0,0,0.074
   16320,   16380,-9999,0,0,0,0,0,0,0,0,0,0,0,0,0,0,0,0,0,0.074
   16380,   16440,2.3575e-06,0,0,0,0,0,0,0,0,0,0,0,0,0,0,0,0,0,0.074
   16440,   16500,3.5453e-06,0,0,0,0,0,0,0,0,0,0,0,0,0,0,0,0,0,0.074
