CampaignData_and_Merges/R0/CSL_MobileLab_Parked/raw/20240725/USOS-MetNav_MobileLabGround_20240725_R0.ict
44, 1001
Carrie Womack, Nate Howard, Mike Zucker
NOAA Chemical Sciences Laboratory
Mobile Lab MetNav Station
USOS
1, 1
2024, 07, 25, 2024, 12, 21
60
Time_Start, seconds_past_midnight, Seconds from midnight UTC
11
1, 1, 1, 1, 1, 1, 1, 1, 1, 1, 1
-9999, -9999, -9999, -9999, -9999, -9999, -9999, -9999, -9999, -9999, -9999
GPS_Alt_m, meters, Altitude from Differential GPS
GPS_Course_deg, degrees, Course from Differential GPS
GPS_GndSpd_m_s, m/s, Ground Speed from Differential GPS
GPS_Heading_deg, degrees, Heading from Differential GPS
GPS_Lat_deg, degrees, Latitude from Differential GPS
GPS_Lon_deg, degrees, Longitude from Differential GPS
AirTemp_C, Celsius, Air Temperature from Airmar
RelHumidity_pct, percent, Relative Humidity from Airmar
Pressure_mb, millibars, Pressure from Honeywell
WindDir_calc_deg, degrees, Wind Direction from Airmar corrected for van movement
WindSpd_calc_m_s, m/s, Wind Speed from Airmar corrected for van movement
1
SPECIAL COMMENTS:
18
PI_CONTACT_INFO: Address: 325 Broadway R/CSL7, Boulder, CO, 80305
PLATFORM: CSL Mobile Lab
LOCATION: Salt Lake City, UT
ASSOCIATED_DATA: N/A
INSTRUMENT_INFO: N/A
DATA_INFO: Units:
UNCERTAINTY: N/A
ULOD_FLAG: -7777
ULOD_VALUE: N/A
LLOD_FLAG: -8888
LLOD_VALUE: N/A
DM_CONTACT_INFO: Data Manager: Nate Howard
PROJECT_INFO: 
STIPULATIONS_ON_USE: Use of these data require prior ok from PI.
OTHER_COMMENTS: 
REVISION: R0
R0: Final data. Fixed bug in wind averaging code. RA: Preliminary Data. For in-field use only. 
Time_Start, GPS_Alt_m, GPS_Course_deg, GPS_GndSpd_m_s, GPS_Heading_deg, GPS_Lat_deg, GPS_Lon_deg, AirTemp_C, RelHumidity_pct, Pressure_mb, WindDir_calc_deg, WindSpd_calc_m_s
0.0,1311.2,359.22,0.05,359.22,40.73434,-111.87211,40.1,13.6,877.5,60.96,0.5
60.0,1311.2,359.34,0.05,359.34,40.73434,-111.87211,40.2,13.5,877.5,80.93,0.8
120.0,1311.2,359.61,0.06,359.61,40.73434,-111.87211,40.1,14.0,877.6,83.39,1.1
180.0,1311.1,359.85,0.05,359.85,40.73434,-111.87211,40.0,14.0,877.6,78.61,0.9
240.0,1311.3,359.74,0.05,359.74,40.73434,-111.87211,39.9,13.8,877.6,85.49,0.9
300.0,1311.2,359.92,0.05,359.92,40.73434,-111.87211,39.9,13.4,877.6,79.02,0.6
360.0,1311.2,0.02,0.04,0.02,40.73434,-111.87211,39.7,13.8,877.6,81.28,0.9
420.0,1311.0,359.88,0.05,359.88,40.73434,-111.87211,39.6,14.0,877.6,86.60,0.9
480.0,1310.9,0.02,0.04,0.02,40.73434,-111.87211,39.5,13.5,877.5,88.41,0.7
540.0,1310.9,0.81,0.04,0.81,40.73434,-111.87211,39.4,14.1,877.5,87.34,1.0
600.0,1310.7,0.81,0.04,0.81,40.73434,-111.87211,39.3,14.0,877.5,88.53,1.0
660.0,1310.6,0.62,0.04,0.62,40.73434,-111.87211,39.3,14.4,877.5,87.13,1.0
720.0,1310.5,0.32,0.05,0.32,40.73434,-111.87211,39.2,14.2,877.6,77.49,0.8
780.0,1310.3,0.52,0.04,0.52,40.73434,-111.87211,39.1,13.7,877.6,77.37,0.9
840.0,1310.2,0.79,0.05,0.79,40.73434,-111.87211,39.2,14.0,877.6,83.75,1.0
900.0,1310.1,0.48,0.04,0.48,40.73434,-111.87211,39.3,14.0,877.6,76.34,0.8
960.0,1310.0,0.63,0.05,0.63,40.73434,-111.87211,39.3,14.4,877.6,89.97,1.0
1020.0,1309.9,0.30,0.04,0.30,40.73434,-111.87211,39.3,14.0,877.6,88.54,0.9
1080.0,1309.6,0.13,0.05,0.13,40.73434,-111.87211,39.3,14.4,877.5,96.72,1.2
1140.0,1309.2,359.73,0.04,359.73,40.73434,-111.87211,39.3,14.4,877.6,95.70,1.0
1200.0,1309.0,359.82,0.04,359.82,40.73434,-111.87211,39.3,13.9,877.6,83.55,0.4
1260.0,1309.1,359.97,0.05,359.97,40.73434,-111.87211,39.4,13.0,877.5,116.16,0.4
1320.0,1309.0,0.12,0.04,0.12,40.73434,-111.87211,39.4,13.8,877.5,83.68,0.8
1380.0,1309.1,0.85,0.05,0.85,40.73434,-111.87211,39.3,13.6,877.5,73.40,0.7
1440.0,1309.1,0.71,0.05,0.71,40.73434,-111.87211,39.3,14.1,877.5,96.98,1.2
1500.0,1309.2,359.96,0.05,359.96,40.73434,-111.87211,39.3,14.3,877.5,88.91,1.1
1560.0,1309.1,359.37,0.05,359.37,40.73434,-111.87211,39.2,14.0,877.5,81.94,1.1
1620.0,1309.2,359.59,0.05,359.59,40.73434,-111.87211,39.1,14.3,877.5,81.46,1.0
1680.0,1308.7,359.75,0.05,359.75,40.73434,-111.87211,39.0,14.5,877.5,83.01,1.1
1740.0,1308.5,0.09,0.05,0.09,40.73434,-111.87211,38.9,14.4,877.5,92.02,1.0
1800.0,1308.4,359.57,0.04,359.57,40.73434,-111.87211,38.9,14.5,877.5,86.04,1.1
1860.0,1308.4,359.40,0.05,359.40,40.73434,-111.87211,38.9,14.6,877.5,86.29,0.9
1920.0,1308.4,359.50,0.05,359.50,40.73434,-111.87211,39.0,14.1,877.5,76.43,0.7
1980.0,1308.4,359.21,0.05,359.21,40.73434,-111.87211,39.0,14.2,877.5,83.67,0.9
2040.0,1308.4,358.60,0.05,358.60,40.73434,-111.87211,39.0,14.3,877.5,74.19,0.9
2100.0,1308.4,359.06,0.05,359.06,40.73434,-111.87211,39.1,14.2,877.5,90.85,0.9
2160.0,1308.5,359.75,0.06,359.75,40.73434,-111.87211,39.0,14.5,877.5,66.40,0.8
2220.0,1308.5,359.66,0.05,359.66,40.73434,-111.87211,39.0,14.0,877.5,84.08,0.9
2280.0,1308.2,359.67,0.05,359.67,40.73434,-111.87211,38.9,14.1,877.5,85.35,0.8
2340.0,1308.0,359.77,0.05,359.77,40.73434,-111.87211,38.8,14.0,877.5,79.28,0.8
2400.0,1308.1,359.90,0.04,359.90,40.73434,-111.87211,38.7,14.2,877.5,89.80,0.9
2460.0,1308.3,359.79,0.04,359.79,40.73433,-111.87211,38.7,14.2,877.5,91.68,1.0
2520.0,1308.3,359.64,0.05,359.64,40.73434,-111.87211,38.5,14.1,877.5,85.83,0.8
2580.0,1308.0,359.08,0.05,359.08,40.73434,-111.87211,38.6,14.0,877.5,97.90,0.9
2640.0,1307.9,359.08,0.04,359.08,40.73434,-111.87211,38.7,14.0,877.5,65.62,0.7
2700.0,1308.1,359.18,0.04,359.18,40.73434,-111.87211,38.5,14.9,877.5,79.48,0.8
2760.0,1308.0,358.96,0.04,358.96,40.73434,-111.87211,38.5,14.0,877.5,91.41,0.4
2820.0,1308.1,359.30,0.04,359.30,40.73434,-111.87211,38.4,14.4,877.5,82.96,0.8
2880.0,1308.1,359.50,0.05,359.50,40.73434,-111.87211,38.3,14.9,877.5,88.42,0.9
2940.0,1308.1,359.58,0.05,359.58,40.73434,-111.87211,38.2,14.9,877.5,76.80,0.8
3000.0,1308.1,359.66,0.04,359.66,40.73434,-111.87211,38.3,14.6,877.6,94.62,0.6
3060.0,1308.0,359.86,0.05,359.86,40.73434,-111.87211,38.2,14.6,877.6,73.44,0.7
3120.0,1308.1,359.65,0.05,359.65,40.73434,-111.87211,38.2,14.4,877.6,84.00,0.6
3180.0,1308.5,359.85,0.06,359.85,40.73434,-111.87211,38.3,14.2,877.6,92.83,0.5
3240.0,1308.9,0.64,0.04,0.64,40.73434,-111.87211,38.2,14.3,877.6,80.81,0.8
3300.0,1309.1,0.53,0.05,0.53,40.73434,-111.87211,38.0,14.7,877.6,75.24,0.7
3360.0,1309.0,0.23,0.04,0.23,40.73434,-111.87211,37.8,15.1,877.6,94.33,0.8
3420.0,1309.1,0.27,0.04,0.27,40.73434,-111.87211,37.7,14.7,877.6,78.28,0.6
3480.0,1309.1,0.38,0.05,0.38,40.73434,-111.87211,37.5,15.1,877.6,93.13,0.9
3540.0,1309.1,0.62,0.04,0.62,40.73434,-111.87211,37.4,15.0,877.6,88.97,0.8
3600.0,1309.1,0.53,0.05,0.53,40.73434,-111.87211,37.2,15.0,877.6,89.71,0.6
3660.0,1309.2,0.68,0.05,0.68,40.73434,-111.87211,37.1,14.7,877.6,86.76,0.7
3720.0,1308.8,0.32,0.05,0.32,40.73434,-111.87211,37.0,15.0,877.6,89.12,0.8
3780.0,1308.7,0.12,0.04,0.12,40.73434,-111.87211,36.9,15.2,877.6,84.58,0.7
3840.0,1308.4,359.82,0.04,359.82,40.73435,-111.87211,36.8,15.2,877.6,78.24,0.7
3900.0,1308.5,359.74,0.04,359.74,40.73435,-111.87211,36.7,15.6,877.6,94.28,0.8
3960.0,1308.4,0.07,0.04,0.07,40.73434,-111.87211,36.5,15.5,877.6,91.47,0.8
4020.0,1308.3,359.69,0.05,359.69,40.73435,-111.87211,36.4,15.4,877.6,90.47,0.8
4080.0,1308.4,359.51,0.05,359.51,40.73435,-111.87211,36.4,15.5,877.6,89.30,0.8
4140.0,1308.5,359.67,0.05,359.67,40.73435,-111.87211,36.3,16.0,877.6,98.02,0.9
4200.0,1308.4,359.96,0.04,359.96,40.73435,-111.87211,36.2,16.3,877.6,88.94,0.8
4260.0,1308.3,0.21,0.05,0.21,40.73435,-111.87211,36.2,15.8,877.6,80.33,0.7
4320.0,1308.2,0.19,0.05,0.19,40.73435,-111.87211,36.1,15.7,877.6,97.74,0.9
4380.0,1308.2,359.71,0.04,359.71,40.73435,-111.87211,36.1,15.8,877.6,96.94,0.9
4440.0,1308.2,359.53,0.04,359.53,40.73434,-111.87211,36.1,15.8,877.6,86.79,0.8
4500.0,1308.1,359.67,0.05,359.67,40.73434,-111.87211,36.0,15.5,877.6,85.86,0.6
4560.0,1308.2,359.36,0.04,359.36,40.73434,-111.87211,36.0,15.9,877.6,86.88,0.8
4620.0,1308.4,359.51,0.05,359.51,40.73434,-111.87211,36.0,15.6,877.6,83.24,0.7
4680.0,1308.5,359.13,0.05,359.13,40.73434,-111.87211,36.0,15.7,877.6,97.05,0.8
4740.0,1308.6,358.97,0.05,358.97,40.73434,-111.87211,35.9,15.6,877.6,92.19,0.9
4800.0,1308.6,359.03,0.05,359.03,40.73434,-111.87211,35.8,15.5,877.6,81.59,0.7
4860.0,1308.6,359.56,0.04,359.56,40.73434,-111.87211,35.8,15.1,877.6,93.05,0.7
4920.0,1308.7,359.59,0.05,359.59,40.73434,-111.87211,35.7,16.0,877.6,87.08,0.9
4980.0,1308.8,359.65,0.06,359.65,40.73434,-111.87211,35.7,15.5,877.6,85.36,0.8
5040.0,1308.8,359.10,0.05,359.10,40.73434,-111.87211,35.6,15.9,877.6,107.09,1.0
5100.0,1308.7,358.89,0.06,358.89,40.73434,-111.87211,35.6,16.0,877.6,94.41,0.8
5160.0,1308.7,358.92,0.05,358.92,40.73434,-111.87211,35.5,15.9,877.6,95.38,0.8
5220.0,1308.7,359.12,0.05,359.12,40.73434,-111.87211,35.4,16.0,877.6,86.71,0.7
5280.0,1308.8,359.56,0.05,359.56,40.73434,-111.87211,35.4,16.0,877.6,86.35,0.7
5340.0,1309.0,359.60,0.06,359.60,40.73434,-111.87211,35.4,16.1,877.6,84.25,0.6
5400.0,1308.6,359.91,0.05,359.91,40.73434,-111.87211,35.3,15.9,877.6,86.07,0.9
5460.0,1308.5,0.51,0.06,0.51,40.73434,-111.87211,35.3,16.2,877.6,94.84,0.8
5520.0,1308.7,0.41,0.05,0.41,40.73434,-111.87211,35.3,16.6,877.6,95.16,0.8
5580.0,1308.4,0.51,0.05,0.51,40.73434,-111.87211,35.1,16.3,877.6,80.47,0.7
5640.0,1308.6,0.04,0.05,0.04,40.73434,-111.87211,35.1,16.1,877.6,89.10,0.7
5700.0,1308.6,0.08,0.05,0.08,40.73434,-111.87211,35.2,16.3,877.6,105.37,0.9
5760.0,1308.5,0.48,0.05,0.48,40.73434,-111.87211,35.2,16.8,877.6,108.68,1.0
5820.0,1308.6,0.14,0.05,0.14,40.73434,-111.87211,35.1,17.1,877.6,96.90,0.8
5880.0,1308.7,0.27,0.04,0.27,40.73434,-111.87211,35.1,17.0,877.5,103.02,0.9
5940.0,1308.8,0.59,0.05,0.59,40.73434,-111.87211,35.1,16.8,877.6,97.27,0.8
6000.0,1308.5,0.93,0.05,0.93,40.73434,-111.87211,35.1,16.5,877.6,96.39,0.8
6060.0,1308.2,0.89,0.05,0.89,40.73434,-111.87211,35.0,17.2,877.6,91.13,0.7
6120.0,1308.3,0.32,0.04,0.32,40.73434,-111.87211,35.0,17.1,877.6,100.59,0.8
6180.0,1308.7,359.77,0.05,359.77,40.73434,-111.87211,35.0,17.1,877.6,89.94,0.8
6240.0,1308.7,359.78,0.04,359.78,40.73434,-111.87211,34.9,16.7,877.6,93.67,0.8
6300.0,1308.7,359.82,0.05,359.82,40.73434,-111.87211,34.9,17.2,877.6,96.07,0.9
6360.0,1308.8,359.92,0.05,359.92,40.73434,-111.87211,34.9,17.3,877.6,105.26,0.9
6420.0,1308.7,0.33,0.05,0.33,40.73434,-111.87211,34.9,17.4,877.6,108.15,0.9
6480.0,1308.7,0.25,0.06,0.25,40.73433,-111.87211,34.8,16.9,877.6,87.60,0.7
6540.0,1308.9,359.69,0.05,359.69,40.73433,-111.87211,34.8,16.8,877.6,98.86,0.8
6600.0,1309.1,0.15,0.05,0.15,40.73433,-111.87211,34.7,17.2,877.6,97.52,0.9
6660.0,1309.2,0.21,0.04,0.21,40.73433,-111.87211,34.7,17.2,877.6,101.90,0.9
6720.0,1309.3,0.48,0.05,0.48,40.73433,-111.87211,34.6,17.3,877.6,107.42,0.9
6780.0,1309.4,0.90,0.05,0.90,40.73433,-111.87211,34.6,17.4,877.6,107.23,0.9
6840.0,1309.5,0.08,0.05,0.08,40.73433,-111.87211,34.5,17.2,877.6,104.46,0.9
6900.0,1309.6,0.35,0.05,0.35,40.73433,-111.87211,34.5,17.5,877.5,96.88,0.7
6960.0,1309.2,0.71,0.06,0.71,40.73433,-111.87211,34.5,17.7,877.5,92.01,0.7
7020.0,1309.3,0.42,0.06,0.42,40.73433,-111.87211,34.4,17.5,877.5,76.67,0.5
7080.0,1309.6,0.47,0.06,0.47,40.73433,-111.87211,34.4,17.6,877.5,85.50,0.6
7140.0,1309.6,0.75,0.05,0.75,40.73433,-111.87211,34.4,17.6,877.6,63.89,0.5
7200.0,1309.8,0.73,0.06,0.73,40.73433,-111.87211,34.4,17.7,877.6,64.14,0.5
7260.0,1309.4,0.67,0.05,0.67,40.73433,-111.87211,34.3,18.2,877.6,64.20,0.4
7320.0,1309.0,0.33,0.04,0.33,40.73433,-111.87211,34.3,18.2,877.6,101.68,0.5
7380.0,1309.0,0.45,0.06,0.45,40.73433,-111.87211,34.3,18.4,877.6,67.73,0.5
7440.0,1308.9,0.57,0.06,0.57,40.73433,-111.87211,34.2,18.2,877.6,91.41,0.7
7500.0,1308.7,0.87,0.05,0.87,40.73433,-111.87211,34.1,18.5,877.6,105.14,0.8
7560.0,1308.6,0.93,0.05,0.93,40.73433,-111.87211,34.0,18.3,877.6,112.42,1.0
7620.0,1308.1,0.95,0.05,0.95,40.73433,-111.87211,34.0,18.6,877.5,108.14,0.9
7680.0,1307.8,0.66,0.05,0.66,40.73433,-111.87211,33.9,18.1,877.6,107.48,0.8
7740.0,1307.7,0.39,0.06,0.39,40.73434,-111.87211,33.8,18.2,877.6,110.86,0.9
7800.0,1307.8,0.61,0.05,0.61,40.73433,-111.87211,33.8,18.1,877.7,106.72,0.8
7860.0,1307.7,0.09,0.06,0.09,40.73434,-111.87211,33.8,18.0,877.6,105.07,0.8
7920.0,1307.9,359.69,0.06,359.69,40.73434,-111.87211,33.7,18.1,877.6,98.34,0.8
7980.0,1307.9,359.85,0.07,359.85,40.73434,-111.87211,33.7,18.1,877.6,108.27,0.9
8040.0,1308.0,359.45,0.06,359.45,40.73433,-111.87211,33.7,18.1,877.6,106.12,0.9
8100.0,1308.1,359.24,0.06,359.24,40.73433,-111.87211,33.6,18.1,877.6,102.58,0.7
8160.0,1308.2,359.27,0.05,359.27,40.73434,-111.87211,33.6,18.3,877.6,105.64,0.8
8220.0,1308.2,359.42,0.05,359.42,40.73434,-111.87211,33.6,18.1,877.6,110.28,0.8
8280.0,1308.0,359.82,0.05,359.82,40.73434,-111.87211,33.6,18.1,877.6,93.38,0.7
8340.0,1307.9,0.06,0.05,0.06,40.73433,-111.87211,33.5,18.4,877.6,99.53,0.8
8400.0,1307.9,359.97,0.05,359.97,40.73434,-111.87211,33.5,18.0,877.6,91.94,0.7
8460.0,1308.0,359.96,0.05,359.96,40.73434,-111.87211,33.5,18.7,877.6,92.21,0.7
8520.0,1308.0,359.57,0.05,359.57,40.73434,-111.87211,33.4,18.8,877.6,79.53,0.6
8580.0,1307.9,359.33,0.06,359.33,40.73434,-111.87211,33.3,19.0,877.6,77.11,0.5
8640.0,1307.9,359.04,0.05,359.04,40.73433,-111.87211,33.2,19.3,877.6,64.27,0.6
8700.0,1307.9,359.68,0.05,359.68,40.73433,-111.87211,33.2,19.5,877.6,84.23,0.6
8760.0,1307.9,359.87,0.05,359.87,40.73433,-111.87211,33.1,19.2,877.6,103.67,0.7
8820.0,1308.7,359.60,0.05,359.60,40.73434,-111.87211,33.1,18.8,877.6,111.36,0.9
8880.0,1308.8,359.17,0.05,359.17,40.73434,-111.87211,33.1,19.2,877.6,114.33,1.0
8940.0,1308.8,359.32,0.05,359.32,40.73434,-111.87211,33.0,19.1,877.6,102.27,0.8
9000.0,1308.6,359.27,0.05,359.27,40.73434,-111.87211,33.0,19.3,877.6,111.36,1.0
9060.0,1308.6,359.05,0.06,359.05,40.73434,-111.87211,32.9,19.4,877.6,108.86,0.9
9120.0,1308.4,359.30,0.06,359.30,40.73434,-111.87211,32.9,19.3,877.6,115.60,1.3
9180.0,1308.4,359.08,0.05,359.08,40.73434,-111.87211,32.8,19.5,877.6,118.54,1.6
9240.0,1308.5,358.87,0.05,358.87,40.73434,-111.87211,32.7,19.8,877.7,112.34,1.2
9300.0,1308.6,359.22,0.05,359.22,40.73434,-111.87211,32.6,20.0,877.6,114.77,1.8
9360.0,1308.6,358.42,0.06,358.42,40.73434,-111.87211,32.6,20.0,877.6,115.36,1.6
9420.0,1308.6,358.60,0.05,358.60,40.73434,-111.87211,32.5,20.2,877.6,115.56,1.1
9480.0,1308.4,359.31,0.05,359.31,40.73434,-111.87211,32.4,20.0,877.6,108.27,1.2
9540.0,1308.6,359.05,0.05,359.05,40.73434,-111.87211,32.3,20.0,877.6,113.62,1.3
9600.0,1308.6,358.84,0.05,358.84,40.73434,-111.87211,32.3,20.0,877.5,109.00,0.8
9660.0,1308.8,358.70,0.06,358.70,40.73434,-111.87211,32.2,20.5,877.6,113.69,1.2
9720.0,1308.9,359.18,0.06,359.18,40.73434,-111.87211,32.1,20.5,877.6,117.34,1.1
9780.0,1308.8,359.33,0.05,359.33,40.73434,-111.87211,32.0,20.6,877.6,112.27,1.2
9840.0,1309.0,359.64,0.05,359.64,40.73434,-111.87211,32.0,20.6,877.8,106.35,0.7
9900.0,1309.0,359.20,0.05,359.20,40.73434,-111.87211,32.0,20.7,877.8,112.57,1.0
9960.0,1309.0,359.01,0.05,359.01,40.73434,-111.87211,31.9,20.8,877.7,114.60,1.2
10020.0,1309.0,358.51,0.06,358.51,40.73434,-111.87211,31.8,20.8,877.7,112.16,1.4
10080.0,1309.0,358.70,0.05,358.70,40.73434,-111.87211,31.7,20.8,877.7,109.08,0.9
10140.0,1308.9,358.99,0.05,358.99,40.73434,-111.87211,31.7,21.1,877.6,115.64,1.3
10200.0,1308.9,359.33,0.06,359.33,40.73434,-111.87211,31.6,21.0,877.6,107.46,1.2
10260.0,1308.9,359.57,0.05,359.57,40.73434,-111.87211,31.6,21.2,877.6,114.96,1.0
10320.0,1308.8,359.99,0.05,359.99,40.73434,-111.87211,31.5,21.5,877.7,115.51,1.3
10380.0,1308.6,0.39,0.04,0.39,40.73434,-111.87211,31.3,21.1,877.7,119.09,2.6
10440.0,1308.6,0.48,0.06,0.48,40.73434,-111.87211,31.3,21.4,877.7,117.61,1.4
10500.0,1308.6,0.84,0.05,0.84,40.73434,-111.87211,31.3,21.3,877.7,119.58,1.9
10560.0,1308.6,0.64,0.05,0.64,40.73434,-111.87211,31.2,21.6,877.7,113.84,2.0
10620.0,1308.5,0.21,0.06,0.21,40.73434,-111.87211,31.1,21.6,877.7,117.57,2.1
10680.0,1308.4,360.00,0.05,360.00,40.73434,-111.87211,31.1,21.7,877.7,115.39,2.0
10740.0,1308.3,0.49,0.05,0.49,40.73434,-111.87211,31.0,21.7,877.7,119.54,1.6
10800.0,1308.4,0.86,0.06,0.86,40.73434,-111.87211,31.0,22.0,877.7,119.79,1.3
10860.0,1308.5,1.16,0.05,1.16,40.73434,-111.87211,31.0,22.2,877.7,117.33,1.1
10920.0,1308.7,1.20,0.06,1.20,40.73434,-111.87211,30.9,22.3,877.7,118.49,1.4
10980.0,1309.2,1.81,0.06,1.81,40.73434,-111.87211,30.8,22.6,877.7,116.27,1.4
11040.0,1309.1,2.03,0.04,2.03,40.73434,-111.87211,30.7,22.5,877.7,119.08,2.1
11100.0,1308.9,2.03,0.05,2.03,40.73434,-111.87211,30.6,22.8,877.7,117.87,1.8
11160.0,1308.9,1.66,0.05,1.66,40.73434,-111.87211,30.5,22.6,877.7,121.34,2.5
11220.0,1308.9,1.28,0.06,1.28,40.73434,-111.87211,30.4,22.8,877.7,115.70,2.5
11280.0,1308.6,1.83,0.05,1.83,40.73434,-111.87211,30.4,22.9,877.7,121.26,2.7
11340.0,1308.4,1.39,0.05,1.39,40.73434,-111.87211,30.3,22.7,877.7,119.61,2.5
11400.0,1308.5,1.20,0.05,1.20,40.73434,-111.87211,30.3,23.0,877.7,116.02,2.3
11460.0,1308.6,0.20,0.05,0.20,40.73434,-111.87211,30.1,23.2,877.7,115.47,2.9
11520.0,1308.6,0.05,0.05,0.05,40.73434,-111.87211,30.1,23.2,877.7,112.05,1.7
11580.0,1308.3,0.60,0.05,0.60,40.73434,-111.87211,30.1,23.1,877.7,120.84,1.9
11640.0,1308.1,1.10,0.05,1.10,40.73434,-111.87211,30.1,23.1,877.7,117.82,2.1
11700.0,1308.2,1.06,0.05,1.06,40.73434,-111.87211,30.1,23.2,877.7,119.43,1.6
11760.0,1308.3,1.10,0.05,1.10,40.73434,-111.87211,30.0,23.2,877.7,120.79,1.2
11820.0,1308.4,0.95,0.04,0.95,40.73434,-111.87211,30.0,23.4,877.7,119.25,1.7
11880.0,1308.5,0.89,0.04,0.89,40.73434,-111.87211,29.9,23.5,877.7,121.26,1.8
11940.0,1308.5,0.90,0.05,0.90,40.73434,-111.87211,29.9,23.4,877.7,121.93,2.2
12000.0,1308.5,0.54,0.05,0.54,40.73434,-111.87211,29.8,23.2,877.8,119.38,2.1
12060.0,1308.3,0.80,0.05,0.80,40.73434,-111.87211,29.8,23.2,877.8,122.34,1.9
12120.0,1308.2,1.02,0.05,1.02,40.73434,-111.87211,29.8,23.2,877.8,127.52,1.7
12180.0,1308.1,0.93,0.04,0.93,40.73434,-111.87211,29.7,23.3,877.9,125.09,2.4
12240.0,1308.1,0.15,0.05,0.15,40.73434,-111.87211,29.7,23.1,877.9,123.68,2.3
12300.0,1308.1,0.22,0.05,0.22,40.73434,-111.87211,29.7,23.4,878.0,129.48,2.1
