CampaignData_and_Merges/R0/CSL_MobileLab_Parked/raw/20240725/USOS-POPS_MobileLabGround_20240725_R0.ict
78, 1001
Thornberry, T. D.
NOAA Chemical Sciences Laboratory
Portable Optical Particle Spectrometer (POPS)
USOS
1, 1
2024, 07, 25, 2025, 05, 08
60
Time_Start, seconds_past_midnight, Start time of measurement
45
1, 1, 1, 1, 1, 1, 1, 1, 1, 1, 1, 1, 1, 1, 1, 1, 1, 1, 1, 1, 1, 1, 1, 1, 1, 1, 1, 1, 1, 1, 1, 1, 1, 1, 1, 1, 1, 1, 1, 1, 1, 1, 1, 1, 1
-9999, -9999, -9999, -9999, -9999, -9999, -9999, -9999, -9999, -9999, -9999, -9999, -9999, -9999, -9999, -9999, -9999, -9999, -9999, -9999, -9999, -9999, -9999, -9999, -9999, -9999, -9999, -9999, -9999, -9999, -9999, -9999, -9999, -9999, -9999, -9999, -9999, -9999, -9999, -9999, -9999, -9999, -9999, -9999, -9999
Time_Stop, seconds_past_midnight, Stop time of measurement
Time_Mid, seconds_past_midnight, Mid time of measurement
Press_mb, mb, Pressure reported (mb)
Temp_C, degrees C, POPS temperature measurement
Aerosol_concentration, cm^-3, Aerosol concentration
Surface_Area_Conc, um^2 cm^-3, Surface area concentration
Volume_density, um^3 cm^-3, Volume density
Effective_radius, um, Effective radius
Extinction, km^-1, Extinction
Bin01, cm^-3, particle concentration in size range [1401 - 146.3 nm]
Bin02, cm^-3, particle concentration in size range [146.3 - 152.8 nm]
Bin03, cm^-3, particle concentration in size range [152.8 - 159.6 nm]
Bin04, cm^-3, particle concentration in size range [159.6 - 166.8 nm]
Bin05, cm^-3, particle concentration in size range [166.8 - 174.2 nm]
Bin06, cm^-3, particle concentration in size range [174.2 - 181.9 nm]
Bin07, cm^-3, particle concentration in size range [181.9 - 190.0 nm]
Bin08, cm^-3, particle concentration in size range [190.0 - 198.5 nm]
Bin09, cm^-3, particle concentration in size range [198.5 - 207.4 nm]
Bin10, cm^-3, particle concentration in size range [207.4 - 216.6 nm]
Bin11, cm^-3, particle concentration in size range [216.6 - 226.2 nm]
Bin12, cm^-3, particle concentration in size range [226.2 - 236.3 nm]
Bin13, cm^-3, particle concentration in size range [236.3 - 246.8 nm]
Bin14, cm^-3, particle concentration in size range [246.8 - 257.8 nm]
Bin15, cm^-3, particle concentration in size range [257.8 - 269.3 nm]
Bin16, cm^-3, particle concentration in size range [269.3 - 343.4 nm]
Bin17, cm^-3, particle concentration in size range [343.4 - 450.7 nm]
Bin18, cm^-3, particle concentration in size range [450.7 - 525.9 nm]
Bin19, cm^-3, particle concentration in size range [525.9 - 618.5 nm]
Bin20, cm^-3, particle concentration in size range [618.5 - 710.0 nm]
Bin21, cm^-3, particle concentration in size range [710.0 - 822.7 nm]
Bin22, cm^-3, particle concentration in size range [822.7 - 885.9 nm]
Bin23, cm^-3, particle concentration in size range [885.9 - 953.9 nm]
Bin24, cm^-3, particle concentration in size range [953.9 - 1027.2 nm]
Bin25, cm^-3, particle concentration in size range [1027.2 - 1106.1 nm]
Bin26, cm^-3, particle concentration in size range [1106.1 - 1191.0 nm]
Bin27, cm^-3, particle concentration in size range [1191.0 - 1282.5 nm]
Bin28, cm^-3, particle concentration in size range [1282.5 - 1381.0 nm]
Bin29, cm^-3, particle concentration in size range [1381.0 - 1487.1 nm]
Bin30, cm^-3, particle concentration in size range [1487.1 - 1601.3 nm]
Bin31, cm^-3, particle concentration in size range [1601.3 - 1724.3 nm]
[...]
PLATFORM: NOAA CSL Mobile Lab
LOCATION: USOS
ASSOCIATED_DATA: N/A
INSTRUMENT_INFO: Printed Optical Particle Spectrometer counts particles from 140 - 2500 nm in diameter 
DATA_INFO: Particle concentrations reported in number per cubic centimeter,1 Hz data
UNCERTAINTY: Counting uncertainty dominated by air flow, less than 5 percent. Measurement range is ~0 - 3000 per cm3 (varies depending on flow rate- manufacturer quotes 1250 per cm3 at 1.667 cc/s)
ULOD_FLAG: -7777
ULOD_VALUE: N/A
LLOD_FLAG: -8888
LLOD_VALUE: N/A
DM_CONTACT_INFO: Troy Thornberry, 325 Broadway R/CSL6, Boulder, CO 80305; troy.thornberry@noaa.gov; 303-497-3373
PROJECT_INFO: USOS, Utah POPS data from NOAA CSL Mobile Lab
STIPULATIONS_ON_USE: Please contact the PIs for questions regarding applications and uncertainties
OTHER_COMMENTS: POPS bin Edges (nm):  140.1, 146.3, 152.8, 159.6, 166.8, 174.2, 181.9, 190.0, 198.5, 207.4, 216.6, 226.2, 236.3, 246.8, 257.8, 269.3, 343.4, 450.7, 525.9, 618.5, 710.0, 822.7, 885.9, 953.9, 1027.2, 1106.1, 1191.0, 1282.5, 1381.0, 1487.1, 1601.3, 1724.3, 1856.7, 1999.3, 2152.8, 2318.2, 2496.2
Calculations assume organic aerosol refractive index of 1.52+0.00j and extinction wavelength = 532 nm
REVISION: R0
R0: Final data
Time_Start, Time_Stop, Time_Mid, Press_mb, Temp_C, Aerosol_concentration, Surface_Area_Conc, Volume_density, Effective_radius, Extinction, Bin01, Bin02, Bin03, Bin04, Bin05, Bin06, Bin07, Bin08, Bin09, Bin10, Bin11, Bin12, Bin13, Bin14, Bin15, Bin16, Bin17, Bin18, Bin19, Bin20, Bin21, Bin22, Bin23, Bin24, Bin25, Bin26, Bin27, Bin28, Bin29, Bin30, Bin31, Bin32, Bin33, Bin34, Bin35, Bin36
[from data line 274]
16440,16499,16470,874.236,36.216,644.691,137.582,10.395,0.225,0.053,37.361343,36.702850,35.644726,33.792698,34.287746,33.365093,31.629286,30.617321,29.901730,30.092463,29.991030,31.432013,32.638206,31.295843,27.478952,100.651817,37.887863,12.328138,4.779257,0.515794,0.513447,0.212663,0.208338,0.150657,0.082835,0.110821,0.105574,0.110868,0.061326,0.099221,0.148533,0.077217,0.099964,0.066147,0.077953,0.171308
16500,16559,16530,874.248,36.386,656.560,138.389,10.070,0.217,0.053,38.046944,36.794109,36.274971,35.248032,34.987339,34.059135,32.673325,31.709377,31.187248,30.238571,30.481016,31.828100,32.444496,32.284744,27.612722,102.287254,38.082336,12.398995,5.005022,0.658508,0.496447,0.231586,0.168897,0.096544,0.180891,0.112206,0.112814,0.151338,0.079166,0.084992,0.091031,0.135914,0.100718,0.073666,0.067703,0.073629
16560,16619,16590,874.248,36.571,654.844,136.187,9.436,0.207,0.051,37.022293,36.436142,36.123669,35.847385,35.421062,34.446899,32.573341,31.914217,31.024488,30.375088,30.890621,31.751987,31.875919,32.372700,27.808233,101.372017,38.038490,12.037045,4.835252,0.636774,0.440408,0.217502,0.195338,0.177269,0.132763,0.105408,0.082873,0.026981,0.071450,0.099642,0.128337,0.077397,0.092987,0.044602,0.086660,0.060829
16620,16679,16650,874.251,36.547,635.088,134.337,9.946,0.220,0.051,35.934109,34.769089,34.545807,34.042362,33.585350,32.618977,31.596882,31.552759,29.873329,29.416265,29.690586,31.002947,31.496111,31.223822,27.232691,100.301102,37.211082,11.713866,4.474345,0.650766,0.475868,0.203343,0.193678,0.115091,0.121671,0.105470,0.110738,0.072900,0.072038,0.128392,0.110960,0.132791,0.098235,0.027412,0.054616,0.132719
16680,16739,16710,874.273,36.450,625.413,131.245,9.362,0.213,0.049,34.988010,34.394005,33.528900,33.899628,32.884434,32.207153,30.769968,30.043779,28.835236,28.520565,29.098642,30.575426,31.998148,31.836063,27.788366,99.391182,36.553719,10.994246,4.555091,0.580609,0.440167,0.159771,0.204105,0.170838,0.101660,0.103663,0.074175,0.051432,0.069066,0.096964,0.092106,0.097094,0.091360,0.068636,0.040034,0.108734
16740,16799,16770,874.273,36.407,618.305,130.021,9.068,0.207,0.049,34.488834,33.446438,32.726814,32.914501,32.203514,31.271454,30.357641,29.996847,29.504873,28.797655,28.745792,30.217222,31.752062,31.143705,26.575581,99.124275,36.282776,11.707144,4.495130,0.640352,0.383798,0.177811,0.217813,0.133290,0.133919,0.088871,0.083734,0.099743,0.072433,0.082756,0.106325,0.083106,0.065957,0.038510,0.050355,0.094288
16800,16859,16830,874.284,36.379,605.126,128.385,9.122,0.212,0.049,34.051102,32.119396,30.802855,32.072651,30.570091,30.376188,29.509489,29.231417,28.612663,28.430037,28.055647,30.071144,31.124136,31.199036,26.819223,97.850075,36.164307,11.336060,4.212726,0.536347,0.465178,0.112299,0.134175,0.163577,0.164868,0.078800,0.096247,0.090678,0.118395,0.084113,0.117754,0.084422,0.073396,0.057414,0.056322,0.084087
16860,16919,16890,874.299,36.372,596.936,126.501,9.044,0.211,0.048,32.921558,31.460321,30.937376,31.272415,30.719486,29.676083,29.158356,28.775959,27.648355,28.439148,27.958485,30.467411,30.277096,30.586128,26.927214,96.287346,35.875462,10.963310,4.228972,0.477454,0.359688,0.228174,0.155018,0.109771,0.143403,0.088196,0.044156,0.076726,0.110600,0.083124,0.128243,0.089008,0.055846,0.043781,0.044779,0.117675
16920,16979,16950,874.305,36.313,588.651,125.280,9.067,0.215,0.047,32.935307,31.539478,30.645510,30.013851,30.005728,28.811323,28.206322,28.539068,27.723207,27.628323,27.053223,28.665354,30.979195,30.782230,26.133614,97.105293,35.033432,10.595156,3.717013,0.575743,0.441991,0.166549,0.138827,0.161118,0.117264,0.100118,0.066801,0.061034,0.093637,0.132736,0.099562,0.072667,0.083746,0.056130,0.050038,0.120370
16980,17039,17010,874.319,36.277,591.596,125.440,8.955,0.212,0.047,32.080055,31.113646,29.961548,30.699371,30.266979,29.463383,28.606119,27.397030,26.770609,27.269514,28.557428,29.232573,30.978359,31.003605,26.346258,98.677040,36.450417,10.744269,3.726922,0.560087,0.360228,0.145043,0.133317,0.111782,0.083918,0.071897,0.117671,0.038855,0.067020,0.061526,0.117038,0.115887,0.089013,0.016857,0.060614,0.100575
17040,17099,17070,874.336,36.234,583.741,124.549,8.673,0.207,0.047,30.579500,29.738895,29.121347,29.349964,29.220566,28.848492,28.227938,27.583345,27.879332,26.618498,27.429996,29.640949,30.553474,30.455019,26.452868,98.855255,36.060959,11.053064,3.845145,0.480218,0.404141,0.193845,0.132812,0.127455,0.087914,0.093872,0.070974,0.055271,0.038890,0.071612,0.139071,0.061012,0.071971,0.038499,0.070721,0.088160
17100,17159,17130,874.349,36.288,596.235,126.539,8.851,0.208,0.048,32.770302,31.465704,30.308840,30.605495,30.157320,29.405001,28.528894,28.316790,27.555561,26.962435,27.736263,29.581520,30.873396,31.244036,27.442284,98.968124,37.240898,11.011525,3.854796,0.516502,0.314430,0.242674,0.147912,0.078346,0.078353,0.073808,0.060873,0.039543,0.073247,0.107867,0.100240,0.067965,0.119270,0.050067,0.039571,0.094756
17160,17219,17190,874.375,36.475,661.796,131.176,8.608,0.195,0.047,46.955807,42.675846,39.305737,37.932575,35.255390,33.017960,31.290358,31.681528,29.183514,28.839722,29.236010,30.441490,31.666069,31.672503,28.039804,101.496635,36.584782,10.264194,4.085720,0.616214,0.326435,0.132308,0.077532,0.109834,0.132230,0.094966,0.088219,0.082679,0.061220,0.044359,0.111697,0.088476,0.065810,0.038411,0.044189,0.055451
17220,17279,17250,874.402,36.562,642.091,130.843,8.574,0.196,0.048,40.917866,39.589680,35.723553,34.951832,33.992603,31.929640,30.136179,29.636654,29.098444,28.797405,28.752531,30.739704,32.141788,31.035881,27.783670,101.254654,38.027313,11.088357,4.341071,0.563221,0.313365,0.169473,0.143135,0.124844,0.135575,0.045226,0.085799,0.073508,0.028331,0.102851,0.130992,0.038816,0.034120,0.028139,0.033670,0.101183
17280,17339,17310,874.420,36.522,605.689,126.883,8.861,0.207,0.047,35.032318,33.616310,31.259464,31.889751,30.679647,29.628569,29.115177,28.381903,27.626740,27.652512,27.882822,29.672277,30.427565,31.263960,27.289087,100.315453,37.013321,11.032686,3.793197,0.483292,0.392584,0.193588,0.083304,0.122912,0.088586,0.045001,0.049453,0.061785,0.054985,0.076585,0.088873,0.111162,0.073709,0.055993,0.044979,0.089271
17340,17399,17370,874.464,36.437,592.852,125.892,8.656,0.205,0.048,32.018871,31.599443,29.806444,29.532410,29.738644,29.157278,28.573748,28.026468,26.895069,26.778112,27.322466,29.994175,30.647104,31.026836,27.452581,100.259850,36.906364,10.944818,4.002023,0.501191,0.330960,0.178068,0.133436,0.104589,0.093379,0.082631,0.077307,0.060919,0.076816,0.110496,0.104706,0.071530,0.082942,0.043914,0.033547,0.082535
17400,17459,17430,874.456,36.468,580.487,123.609,8.539,0.206,0.046,30.045858,29.631308,28.052534,29.213469,28.256044,28.030787,26.640484,27.570330,26.990082,26.782505,27.187536,29.613089,30.422564,30.763634,27.213226,101.149841,36.969463,10.263722,3.678017,0.532759,0.338912,0.125360,0.118898,0.096268,0.044877,0.073371,0.067002,0.050523,0.056184,0.055879,0.133839,0.088903,0.034184,0.050941,0.061589,0.083449
17460,17519,17490,874.479,36.413,585.168,121.805,8.052,0.197,0.045,30.494354,30.701189,29.094515,28.530977,29.243725,28.432779,28.669197,27.523924,27.357521,27.142962,27.917360,28.925474,31.395967,31.078224,27.395306,99.450523,36.234985,10.316878,3.569929,0.421518,0.237632,0.190702,0.077380,0.078569,0.067005,0.118080,0.039062,0.039831,0.022910,0.056483,0.073084,0.095508,0.016902,0.028313,0.045315,0.083712
17520,17579,17550,874.480,36.361,600.725,122.977,7.885,0.191,0.045,37.090691,33.596527,32.671570,30.776869,30.334427,28.933020,28.075909,27.475628,26.634371,26.588678,27.848688,29.558062,30.642952,31.622532,27.214178,99.724335,35.833412,10.673918,3.606339,0.449815,0.338641,0.209204,0.134732,0.107442,0.039517,0.033638,0.062083,0.028560,0.051002,0.038700,0.066197,0.051200,0.066815,0.050476,0.028010,0.067120
17580,17639,17610,874.506,36.314,567.446,119.405,7.848,0.196,0.044,28.518858,28.432344,28.017118,27.612450,27.882750,26.387424,26.606716,27.125080,26.232531,27.384655,27.410212,28.807529,29.829540,30.573723,27.259045,98.550735,35.491463,9.875811,3.586976,0.575625,0.224655,0.196121,0.091518,0.040679,0.097565,0.058426,0.063047,0.035598,0.092684,0.069069,0.063689,0.074598,0.046461,0.022544,0.051697,0.057496
17640,17699,17670,874.505,36.313,567.238,121.532,8.327,0.204,0.046,28.417799,27.203278,27.702341,27.529385,26.952642,27.271023,26.685909,26.529400,25.834002,26.648300,26.869379,29.118248,30.924646,30.826727,27.141167,99.597610,36.359364,9.979117,3.653038,0.483834,0.291386,0.178373,0.093685,0.101781,0.071987,0.049999,0.083232,0.083397,0.044212,0.094806,0.112242,0.077056,0.066352,0.061349,0.027954,0.073368
17700,17759,17730,874.498,36.354,561.608,118.746,7.881,0.198,0.044,28.983198,27.764505,26.915640,27.620996,26.859949,27.656610,26.289770,26.152929,25.347673,26.897449,25.980877,28.076424,30.479588,30.453569,26.825611,97.792267,36.361866,9.805305,3.585829,0.401152,0.313779,0.157411,0.100062,0.095110,0.066761,0.073381,0.050791,0.033520,0.028077,0.056218,0.095454,0.090132,0.066707,0.050527,0.033902,0.044843
17760,17819,17790,874.524,36.536,568.631,118.702,7.399,0.186,0.044,29.175232,28.379019,28.322090,27.656420,27.473824,27.435579,27.043076,26.201340,26.038296,26.158846,27.083508,28.557034,30.126297,31.261246,27.268251,99.134308,36.091129,9.946314,3.572411,0.444241,0.333311,0.105089,0.128844,0.128766,0.056054,0.072537,0.067304,0.032665,0.033019,0.060819,0.056120,0.033517,0.049543,0.011113,0.033186,0.060625
17820,17879,17850,874.524,36.568,570.974,120.392,7.851,0.195,0.045,29.535801,27.785742,27.507402,27.629930,27.567089,27.310358,26.791935,26.741556,26.492283,26.713182,27.111084,29.370567,31.031044,31.173157,27.271048,98.841507,36.320545,10.298409,3.739916,0.448370,0.285709,0.090419,0.118309,0.084900,0.094630,0.083554,0.057025,0.061252,0.027705,0.044600,0.112805,0.073534,0.039916,0.021866,0.028564,0.068107
17880,17939,17910,874.513,36.489,592.353,124.514,8.381,0.200,0.046,31.790133,30.471123,30.579456,29.617928,30.619368,28.771994,28.314915,27.412844,27.778370,26.592562,27.667198,29.612978,31.115631,31.238195,27.458864,100.314026,36.446896,10.766730,3.774160,0.486020,0.361365,0.171282,0.154592,0.090104,0.071002,0.045248,0.055284,0.061979,0.056051,0.049736,0.088735,0.061042,0.073167,0.060905,0.044481,0.078677
17940,17999,17970,874.519,36.435,559.477,119.071,8.263,0.207,0.044,28.615013,27.835239,26.824753,27.155779,27.165083,27.348080,26.594875,25.184473,25.869699,25.545313,26.816620,28.408628,30.537647,30.891214,27.338341,97.448875,34.721802,9.838008,3.429472,0.425897,0.304528,0.129728,0.125081,0.105721,0.073090,0.084225,0.044289,0.049783,0.056621,0.062017,0.148100,0.107035,0.022793,0.039989,0.051030,0.078049
18000,18059,18030,874.498,36.394,556.895,118.474,8.185,0.206,0.044,28.477026,27.512589,27.586927,27.650236,27.095650,27.657713,25.793596,26.022461,25.409197,25.922680,26.414461,28.830843,29.256893,30.741814,25.977673,96.021515,35.062363,10.062464,3.589207,0.408540,0.235173,0.146633,0.130454,0.111315,0.090037,0.073190,0.056418,0.049966,0.033251,0.033646,0.106923,0.082764,0.078532,0.027859,0.060469,0.084396
18060,18119,18090,874.527,36.414,556.328,118.610,7.969,0.200,0.044,28.552898,27.306654,27.551870,26.758051,27.408236,26.813936,25.429668,25.389223,25.786470,25.416283,26.408634,28.521185,29.700106,30.210550,26.773840,97.162743,35.848690,10.061191,3.396018,0.382396,0.255116,0.156452,0.128179,0.110701,0.066231,0.093629,0.050180,0.062029,0.095374,0.044709,0.122448,0.049102,0.044782,0.048981,0.060866,0.060419
18120,18179,18150,874.535,36.395,559.211,119.167,8.127,0.203,0.045,28.423223,28.122299,27.050215,27.362581,27.490568,26.775133,26.175777,26.250723,25.433214,25.588078,26.909985,28.753283,30.132401,30.619953,26.637888,96.444237,35.491882,9.985513,3.565370,0.456957,0.332624,0.217613,0.088791,0.133888,0.067414,0.072524,0.060849,0.055705,0.044843,0.060844,0.117257,0.071811,0.050166,0.033752,0.061304,0.072827
18180,18239,18210,874.549,36.307,559.067,118.410,7.763,0.195,0.044,28.085125,27.951849,26.904222,27.458357,26.996223,26.893108,26.055862,26.433834,25.056498,25.757252,26.489365,28.373547,29.890362,30.588131,27.039978,98.386719,34.986855,10.311213,3.580148,0.517189,0.313462,0.111705,0.143702,0.049674,0.038830,0.066745,0.051051,0.055552,0.049030,0.066625,0.118397,0.061088,0.072142,0.028017,0.033769,0.050976
18240,18299,18270,874.564,36.498,554.152,117.453,8.004,0.204,0.044,28.559525,27.579746,26.774073,26.470303,26.964884,26.713856,26.411566,26.020617,25.938702,25.665558,26.438747,28.260309,30.250441,29.962246,25.959700,96.693077,35.064144,9.469658,3.155176,0.342784,0.337916,0.094674,0.093966,0.099673,0.089331,0.083274,0.049733,0.044123,0.061271,0.093496,0.117060,0.076913,0.054782,0.061162,0.033481,0.066178
18300,18359,18330,874.576,36.695,555.227,118.311,8.214,0.207,0.044,29.294197,27.167555,27.212069,26.636106,27.307348,26.285715,26.078251,26.484432,25.625177,26.232386,26.677704,28.614531,29.693975,29.996346,25.817661,95.545563,35.182034,10.071735,3.447107,0.462495,0.267055,0.128521,0.084035,0.071665,0.061609,0.072686,0.111842,0.056593,0.055662,0.045534,0.094283,0.089502,0.094593,0.027679,0.067027,0.066591
18360,18419,18390,874.577,36.655,553.578,118.191,8.183,0.206,0.044,28.668354,27.629847,26.481237,27.646391,26.891424,26.772284,26.229647,25.878559,25.506744,25.611305,26.027424,28.085047,29.900293,30.237799,26.706272,95.338577,34.886742,9.894537,3.186368,0.473434,0.339646,0.179298,0.112500,0.118613,0.050981,0.022223,0.050547,0.051290,0.057079,0.096741,0.100401,0.044851,0.096991,0.085183,0.040175,0.079149
18420,18479,18450,874.590,36.657,553.812,116.413,7.805,0.200,0.043,28.818483,27.972904,28.146765,28.212563,27.350863,26.952770,26.442423,26.478840,25.322294,25.315294,25.953356,27.389057,29.983879,29.610609,26.195652,94.403168,34.001438,9.995660,3.506728,0.427044,0.249186,0.155850,0.084457,0.060772,0.077796,0.072725,0.060547,0.061812,0.055437,0.066505,0.126867,0.076838,0.044181,0.033831,0.055814,0.049517
18480,18539,18510,874.613,36.657,568.091,120.530,8.649,0.213,0.045,31.172575,29.523226,28.992920,29.702082,28.306372,27.558702,27.243113,26.540787,26.442537,26.468100,26.559338,28.118216,30.124025,30.726589,25.698002,94.418983,34.755684,10.081417,3.433552,0.408483,0.375131,0.210852,0.144232,0.154089,0.088182,0.077394,0.083614,0.072571,0.070797,0.071494,0.093580,0.114924,0.077308,0.039056,0.049021,0.093775
18540,18599,18570,874.595,36.646,581.053,120.088,8.137,0.201,0.044,33.260956,31.575253,30.555239,30.781185,30.152468,28.688644,27.947987,27.673576,26.238609,26.584103,26.984642,28.261856,30.014559,30.770340,26.055244,95.722031,34.721390,9.581036,3.474639,0.451028,0.362265,0.151198,0.151625,0.090377,0.056296,0.078371,0.061795,0.073093,0.061453,0.095533,0.078759,0.100794,0.050414,0.039598,0.050784,0.056218
18600,18659,18630,874.587,36.569,563.626,117.998,7.986,0.201,0.043,31.458790,29.792351,29.053406,28.295437,27.892664,27.317484,26.629599,26.564781,26.068672,26.286503,27.043209,27.791634,29.076992,30.292078,26.155571,94.863091,34.346996,9.409909,3.334780,0.487328,0.348091,0.110563,0.115917,0.071184,0.066385,0.078201,0.071258,0.089292,0.054767,0.072273,0.094839,0.028624,0.088742,0.033644,0.027764,0.113040
18660,18719,18690,874.586,36.511,568.860,118.377,8.038,0.202,0.043,31.326311,29.932699,29.247206,29.105167,28.353346,27.672447,27.144686,27.659164,26.134279,26.400356,26.585695,28.495152,29.842327,29.891356,26.249155,95.606949,34.686550,9.324655,3.350474,0.459706,0.298926,0.117038,0.132194,0.095719,0.066885,0.049840,0.049447,0.061331,0.055040,0.067227,0.071501,0.082887,0.067256,0.055327,0.061238,0.059991
