CampaignData_and_Merges/R0/CSL_MobileLab_Parked/raw/20240725/USOS-jNO2_MobileLabGround_20240725_R0.ict
52,1001
Waxman, E.; Rollins, A.; Zuraski, K.; Chace, W.
NOAA Chemical Sciences Laboratory
jNO2 filter radiometer on CSL Mobile Lab
AMMBEC / USOS
1, 1
2024,07,25, 2025,04,01
60
Time_Start, seconds, number_of_seconds_since_0000_UTC
20
1, 1, 1, 1, 1, 1, 1, 1, 1, 1, 1, 1, 1, 1, 1, 1, 1, 1, 1, 1
-9999, -9999, -9999, -9999, -9999, -9999, -9999, -9999, -9999, -9999, -9999, -9999, -9999, -9999, -9999, -9999, -9999, -9999, -9999, -9999
Time_Stop, seconds, number_of_seconds_since_0000_UTC
jNO2_meas, per second, photolysis rate of NO2 measured using a filter radiometer.
jBrCl, per second, photolysis rate of BrCl -> Br + Cl calculated in TUV for cloud-free sky with local AOD
jBr2, per second, photolysis rate of Br2 -> Br + Br calculated in TUV for cloud-free sky with local AOD
jCCl4, per second, photolysis rate of CCl4 -> Products calcualted in TUV for cloud-free sky with local AOD
jCH2Oa, per second, photolysis rate of CH2O -> H + HCO calculated in TUV for cloud-free sky with local AOD
jCH2Ob, per second, photolysis rate of CH2O -> H2 + CO calculated in TUV for cloud-free sky with local AOD
jClNO2, per second, photolysis rate of ClNO2 -> Cl + NO2 calculated in TUV for cloud-free sky with local AOD
jClOa, per second, photolysis rate of ClO -> Cl + O(1D) calculated in TUV for cloud-free sky with local AOD
jClOb, per second, photolysis rate of ClO -> Cl + O(3P) calculated in TUV for cloud-free sky with local AOD
jCl2, per second, photolysis rate of Cl2 -> Cl + Cl calculated in TUV for cloud-free sky with local AOD
jHNO2, per second, photolysis rate of HNO2 -> OH + NO calculated in TUV for cloud-free sky with local AOD
jHNO3, per second, photolysis rate of HNO3 -> OH + NO2 calculated in TUV for cloud-free sky with local AOD
jI2, per second, photolysis rate of I2 -> I + I calculated in TUV for cloud-free sky with local AOD
jNO2, per second, photolysis rate of NO2 -> NO + O(3P) calculated in TUV for cloud-free sky with local AOD
jNO3a, per second, photolysis rate of NO3 -> NO + O2 calculated in TUV for cloud-free sky with local AOD
jNO3b, per second, photolysis rate of NO3 -> NO2 + O(3P) calculated in TUV for cloud-free sky with local AOD
jN2O5, per second, photolysis rate of N2O5 -> NO3 + NO + O(3P) calculated in TUV for cloud-free sky with local AOD
jO3, per second, photolysis rate of O3 -> O2 + O(1D) calculated in TUV for cloud-free sky with local AOD
AOD_500nm, unitless, UTC daily mean AOD at 500 nm from an AERONET station located at 40.178 N, -112.452 E
0
18
PI_CONTACT_INFO: eleanor.waxman@noaa.gov
PLATFORM: CSL Mobile Lab, at ground site
LOCATION: Salt Lake City, UT
ASSOCIATED_DATA:
INSTRUMENT_INFO: jNO2 filter radiometer.  TUV calculations are for mobile van lat/lon/altitude assuming clear sky (cloud AOD = 0) and daily mean AOD.
DATA_INFO:
UNCERTAINTY: Data uncertainties are +/- 20%.  These come from uncertainties in radiometer angular response, radiometer thermal response, local interferences from clouds/aerosols/shadows etc.
ULOD_FLAG: -7777
ULOD_VALUE: N/A
LLOD_FLAG: -8888
LLOD_VALUE: N/A
DM_CONTACT_INFO: eleanor.waxman@noaa.gov
PROJECT_INFO: USOS Project, July - August 2024
STIPULATIONS_ON_USE: Users are strongly encouraged to contact the PI for proper data usage.
OTHER_COMMENTS: 
REVISION: R0
R0: final data
Time_Start, Time_Stop, jNO2_meas, jBrCl, jBr2, jCCl4, jCH2Oa, jCH2Ob, jClNO2, jClOa, jClOb, jCl2, jHNO2, jHNO3, jI2, jNO2, jNO3a, jNO3b, jN2O5, jO3, AOD_500nm
[from data line 781]
   46860,   46920,0.00021031,0.002069,0.008112,3.012e-26,1.382e-06,3.639e-06,3.947e-05,1.136e-26,4.388e-07,0.0002555,0.0001796,1.512e-08,0.03737,0.00125,0.008661,0.06166,3.055e-06,3.021e-07,0.074
   46920,   46980,0.00021527,0.002132,0.008339,3.069e-26,1.434e-06,3.762e-06,4.08e-05,1.157e-26,4.584e-07,0.0002638,0.0001855,1.571e-08,0.03828,0.001291,0.008836,0.06307,3.159e-06,3.145e-07,0.074
   46980,   47040,0.00021382,0.002199,0.00858,3.131e-26,1.491e-06,3.894e-06,4.224e-05,1.179e-26,4.8e-07,0.0002728,0.0001919,1.636e-08,0.03923,0.001336,0.009019,0.06455,3.272e-06,3.281e-07,0.074
   47040,   47100,0.0002208,0.002266,0.00882,3.193e-26,1.55e-06,4.03e-06,4.37e-05,1.202e-26,5.024e-07,0.0002819,0.0001984,1.703e-08,0.04017,0.001381,0.009199,0.06601,3.387e-06,3.423e-07,0.074
   47100,   47160,0.00022802,0.002329,0.009043,3.252e-26,1.606e-06,4.16e-06,4.51e-05,1.223e-26,5.243e-07,0.0002906,0.0002045,1.767e-08,0.04104,0.001424,0.009365,0.06736,3.497e-06,3.56e-07,0.074
   47160,   47220,0.00022715,0.002396,0.00928,3.315e-26,1.668e-06,4.301e-06,4.662e-05,1.246e-26,5.484e-07,0.0003,0.0002112,1.837e-08,0.04196,0.00147,0.009539,0.06878,3.616e-06,3.711e-07,0.074
   47220,   47280,0.00023605,0.002463,0.009516,3.378e-26,1.731e-06,4.444e-06,4.816e-05,1.269e-26,5.735e-07,0.0003095,0.000218,1.91e-08,0.04286,0.001516,0.00971,0.07017,3.738e-06,3.867e-07,0.074
   47280,   47340,0.00023973,0.002527,0.009737,3.438e-26,1.791e-06,4.582e-06,4.964e-05,1.291e-26,5.979e-07,0.0003185,0.0002244,1.98e-08,0.0437,0.00156,0.009868,0.07147,3.854e-06,4.019e-07,0.074
   47340,   47400,0.00024226,0.002594,0.00997,3.502e-26,1.857e-06,4.731e-06,5.123e-05,1.315e-26,6.248e-07,0.0003282,0.0002313,2.056e-08,0.04458,0.001608,0.01003,0.07283,3.98e-06,4.185e-07,0.074
   47400,   47460,0.00024318,0.002661,0.0102,3.568e-26,1.925e-06,4.883e-06,5.285e-05,1.338e-26,6.527e-07,0.000338,0.0002383,2.134e-08,0.04545,0.001655,0.01019,0.07416,4.107e-06,4.358e-07,0.074
   47460,   47520,0.00024924,0.002725,0.01042,3.629e-26,1.99e-06,5.027e-06,5.439e-05,1.361e-26,6.797e-07,0.0003473,0.0002449,2.21e-08,0.04625,0.0017,0.01034,0.0754,4.229e-06,4.525e-07,0.074
   47520,   47580,0.00025386,0.002792,0.01064,3.696e-26,2.06e-06,5.184e-06,5.605e-05,1.385e-26,7.096e-07,0.0003573,0.0002521,2.292e-08,0.0471,0.001749,0.0105,0.07669,4.361e-06,4.708e-07,0.074
   47580,   47640,0.00025649,0.002859,0.01087,3.762e-26,2.132e-06,5.343e-06,5.774e-05,1.409e-26,7.405e-07,0.0003674,0.0002593,2.376e-08,0.04793,0.001797,0.01065,0.07797,4.494e-06,4.898e-07,0.074
   47640,   47700,0.00025698,0.002922,0.01108,3.826e-26,2.202e-06,5.496e-06,5.934e-05,1.432e-26,7.705e-07,0.000377,0.0002661,2.458e-08,0.0487,0.001843,0.0108,0.07915,4.622e-06,5.082e-07,0.074
   47700,   47760,0.00025536,0.002988,0.0113,3.894e-26,2.277e-06,5.66e-06,6.107e-05,1.456e-26,8.036e-07,0.0003873,0.0002734,2.546e-08,0.04951,0.001892,0.01094,0.08039,4.759e-06,5.284e-07,0.074
   47760,   47820,0.00024827,0.003055,0.01152,3.962e-26,2.353e-06,5.826e-06,6.282e-05,1.481e-26,8.376e-07,0.0003976,0.0002808,2.637e-08,0.05031,0.001942,0.01109,0.0816,4.898e-06,5.491e-07,0.074
   47820,   47880,0.00024114,0.003117,0.01173,4.027e-26,2.427e-06,5.985e-06,6.448e-05,1.504e-26,8.708e-07,0.0004074,0.0002878,2.724e-08,0.05104,0.001988,0.01122,0.08273,5.03e-06,5.693e-07,0.074
   47880,   47940,0.00023947,0.003183,0.01194,4.097e-26,2.507e-06,6.156e-06,6.628e-05,1.53e-26,9.071e-07,0.0004179,0.0002953,2.819e-08,0.05182,0.002038,0.01137,0.08391,5.173e-06,5.914e-07,0.074
   47940,   48000,0.00023477,0.003249,0.01216,4.168e-26,2.588e-06,6.33e-06,6.809e-05,1.555e-26,9.447e-07,0.0004285,0.0003028,2.916e-08,0.05258,0.002088,0.0115,0.08507,5.317e-06,6.142e-07,0.074
   48000,   48060,0.00023331,0.00331,0.01236,4.235e-26,2.666e-06,6.495e-06,6.981e-05,1.579e-26,9.812e-07,0.0004385,0.00031,3.009e-08,0.05329,0.002135,0.01163,0.08615,5.455e-06,6.363e-07,0.074
   48060,   48120,0.00022757,0.003376,0.01257,4.307e-26,2.75e-06,6.673e-06,7.165e-05,1.605e-26,1.021e-06,0.0004492,0.0003176,3.111e-08,0.05403,0.002185,0.01176,0.08727,5.602e-06,6.604e-07,0.074
   48120,   48180,0.00022896,0.00344,0.01278,4.38e-26,2.835e-06,6.852e-06,7.351e-05,1.631e-26,1.062e-06,0.00046,0.0003252,3.214e-08,0.05476,0.002235,0.01189,0.08837,5.751e-06,6.85e-07,0.074
   48180,   48240,0.00022966,0.003501,0.01297,4.449e-26,2.916e-06,7.023e-06,7.527e-05,1.656e-26,1.101e-06,0.0004701,0.0003324,3.311e-08,0.05542,0.002283,0.01201,0.08938,5.892e-06,7.087e-07,0.074
   48240,   48300,0.00023019,0.003562,0.01316,4.518e-26,3.001e-06,7.196e-06,7.706e-05,1.681e-26,1.143e-06,0.0004804,0.0003397,3.415e-08,0.05611,0.00233,0.01214,0.09042,6.036e-06,7.342e-07,0.074
   48300,   48360,0.00023566,0.003625,0.01336,4.593e-26,3.09e-06,7.382e-06,7.897e-05,1.708e-26,1.188e-06,0.0004912,0.0003474,3.525e-08,0.0568,0.00238,0.01226,0.09147,6.19e-06,7.611e-07,0.074
   48360,   48420,0.00024379,0.003685,0.01355,4.664e-26,3.176e-06,7.558e-06,8.077e-05,1.733e-26,1.232e-06,0.0005015,0.0003547,3.63e-08,0.05744,0.002428,0.01237,0.09244,6.335e-06,7.872e-07,0.074
   48420,   48480,0.00025799,0.003748,0.01375,4.741e-26,3.269e-06,7.747e-06,8.271e-05,1.761e-26,1.279e-06,0.0005125,0.0003624,3.743e-08,0.05812,0.002478,0.01249,0.09346,6.491e-06,8.155e-07,0.074
   48480,   48540,0.00027977,0.003811,0.01394,4.872e-26,3.362e-06,7.938e-06,8.465e-05,1.82e-26,1.327e-06,0.0005235,0.0003702,3.858e-08,0.05878,0.002528,0.01261,0.09446,6.648e-06,8.444e-07,0.074
   48540,   48600,0.00030002,0.003869,0.01413,4.889e-26,3.452e-06,8.119e-06,8.65e-05,1.812e-26,1.374e-06,0.0005339,0.0003775,3.97e-08,0.0594,0.002575,0.01272,0.09539,6.797e-06,8.731e-07,0.074
   48600,   48660,0.00032757,0.003931,0.01432,4.994e-26,3.55e-06,8.313e-06,8.848e-05,1.848e-26,1.429e-06,0.0005449,0.0003853,4.094e-08,0.06005,0.002626,0.01284,0.09638,6.959e-06,9.054e-07,0.074
   48660,   48720,0.00035041,0.003998,0.01452,5.058e-26,3.654e-06,8.524e-06,9.061e-05,1.874e-26,1.483e-06,0.0005569,0.0003938,4.223e-08,0.06073,0.00268,0.01295,0.0974,7.131e-06,9.38e-07,0.074
   48720,   48780,0.00037876,0.004055,0.0147,5.135e-26,3.748e-06,8.71e-06,9.25e-05,1.901e-26,1.534e-06,0.0005674,0.0004011,4.34e-08,0.06132,0.002727,0.01306,0.09829,7.284e-06,9.686e-07,0.074
   48780,   48840,0.00039827,0.004116,0.01488,5.217e-26,3.849e-06,8.909e-06,9.451e-05,1.93e-26,1.59e-06,0.0005785,0.000409,4.467e-08,0.06194,0.002777,0.01317,0.09922,7.448e-06,1.002e-06,0.074
   48840,   48900,0.00041303,0.004176,0.01507,5.3e-26,3.951e-06,9.11e-06,9.653e-05,1.96e-26,1.648e-06,0.0005897,0.0004168,4.596e-08,0.06255,0.002827,0.01327,0.1001,7.613e-06,1.036e-06,0.074
   48900,   48960,0.00042279,0.004233,0.01524,5.379e-26,4.049e-06,9.3e-06,9.845e-05,1.988e-26,1.703e-06,0.0006003,0.0004242,4.721e-08,0.06312,0.002874,0.01337,0.101,7.769e-06,1.07e-06,0.074
   48960,   49020,0.0004177,0.004292,0.01541,5.464e-26,4.154e-06,9.504e-06,0.0001005,2.019e-26,1.764e-06,0.0006115,0.0004321,4.854e-08,0.06371,0.002924,0.01347,0.1019,7.936e-06,1.106e-06,0.074
   49020,   49080,0.00040701,0.004352,0.01559,5.55e-26,4.259e-06,9.708e-06,0.0001025,2.049e-26,1.825e-06,0.0006227,0.0004399,4.989e-08,0.06429,0.002973,0.01358,0.1027,8.104e-06,1.142e-06,0.074
   49080,   49140,0.00039319,0.004407,0.01576,5.632e-26,4.361e-06,9.902e-06,0.0001045,2.078e-26,1.885e-06,0.0006333,0.0004473,5.119e-08,0.06483,0.00302,0.01367,0.1036,8.263e-06,1.178e-06,0.074
   49140,   49200,0.00037212,0.004465,0.01593,5.72e-26,4.469e-06,1.011e-05,0.0001066,2.11e-26,1.949e-06,0.0006445,0.0004552,5.258e-08,0.0654,0.003069,0.01377,0.1044,8.433e-06,1.217e-06,0.074
   49200,   49260,0.00035569,0.004523,0.0161,5.809e-26,4.578e-06,1.032e-05,0.0001086,2.141e-26,2.016e-06,0.0006558,0.000463,5.4e-08,0.06595,0.003119,0.01386,0.1052,8.603e-06,1.256e-06,0.074
   49260,   49320,0.00034414,0.004577,0.01626,5.895e-26,4.683e-06,1.051e-05,0.0001106,2.172e-26,2.08e-06,0.0006663,0.0004704,5.536e-08,0.06647,0.003165,0.01395,0.106,8.765e-06,1.295e-06,0.074
   49320,   49380,0.00033808,0.004634,0.01643,5.987e-26,4.794e-06,1.072e-05,0.0001127,2.204e-26,2.149e-06,0.0006776,0.0004782,5.681e-08,0.06701,0.003214,0.01405,0.1068,8.937e-06,1.336e-06,0.074
   49380,   49440,0.00033212,0.00469,0.01659,6.08e-26,4.907e-06,1.093e-05,0.0001148,2.237e-26,2.22e-06,0.0006888,0.000486,5.83e-08,0.06755,0.003262,0.01414,0.1076,9.11e-06,1.379e-06,0.074
   49440,   49500,0.00033369,0.004743,0.01675,6.168e-26,5.015e-06,1.113e-05,0.0001168,2.268e-26,2.289e-06,0.0006994,0.0004933,5.971e-08,0.06804,0.003308,0.01422,0.1084,9.274e-06,1.419e-06,0.074
   49500,   49560,0.00033455,0.004799,0.01691,6.263e-26,5.129e-06,1.135e-05,0.0001189,2.302e-26,2.362e-06,0.0007106,0.0005011,6.123e-08,0.06856,0.003356,0.01431,0.1091,9.448e-06,1.464e-06,0.074
   49560,   49620,0.00033892,0.004854,0.01707,6.36e-26,5.245e-06,1.156e-05,0.000121,2.336e-26,2.438e-06,0.0007218,0.0005088,6.276e-08,0.06907,0.003405,0.0144,0.1099,9.623e-06,1.509e-06,0.074
   49620,   49680,0.0003483,0.004905,0.01722,6.452e-26,5.355e-06,1.176e-05,0.000123,2.369e-26,2.511e-06,0.0007324,0.0005161,6.423e-08,0.06955,0.00345,0.01448,0.1106,9.789e-06,1.553e-06,0.074
   49680,   49740,0.00034882,0.00496,0.01738,6.551e-26,5.473e-06,1.198e-05,0.0001251,2.404e-26,2.59e-06,0.0007436,0.0005238,6.581e-08,0.07004,0.003497,0.01456,0.1113,9.965e-06,1.6e-06,0.074
   49740,   49800,0.00035752,0.005014,0.01753,6.651e-26,5.592e-06,1.219e-05,0.0001272,2.439e-26,2.67e-06,0.0007548,0.0005315,6.741e-08,0.07053,0.003545,0.01465,0.1121,1.014e-05,1.648e-06,0.074
   49800,   49860,0.00036337,0.005064,0.01767,6.747e-26,5.704e-06,1.239e-05,0.0001292,2.473e-26,2.747e-06,0.0007653,0.0005387,6.892e-08,0.07099,0.003589,0.01473,0.1127,1.031e-05,1.694e-06,0.074
   49860,   49920,0.00037669,0.005117,0.01782,6.85e-26,5.824e-06,1.261e-05,0.0001313,2.509e-26,2.83e-06,0.0007764,0.0005464,7.055e-08,0.07146,0.003637,0.01481,0.1135,1.049e-05,1.744e-06,0.074
   49920,   49980,0.00039233,0.005169,0.01797,6.954e-26,5.948e-06,1.283e-05,0.0001335,2.546e-26,2.917e-06,0.0007876,0.000554,7.222e-08,0.07193,0.003683,0.01489,0.1142,1.066e-05,1.796e-06,0.074
   49980,   50040,0.00041175,0.005218,0.01811,7.054e-26,6.062e-06,1.303e-05,0.0001355,2.582e-26,2.998e-06,0.000798,0.0005611,7.378e-08,0.07237,0.003727,0.01496,0.1148,1.083e-05,1.844e-06,0.074
   50040,   50100,0.00042849,0.00527,0.01826,7.161e-26,6.186e-06,1.325e-05,0.0001376,2.619e-26,3.086e-06,0.0008091,0.0005687,7.548e-08,0.07283,0.003774,0.01504,0.1155,1.101e-05,1.898e-06,0.074
   50100,   50160,0.00045085,0.005322,0.0184,7.271e-26,6.31e-06,1.347e-05,0.0001397,2.658e-26,3.178e-06,0.0008202,0.0005763,7.721e-08,0.07328,0.00382,0.01511,0.1161,1.119e-05,1.953e-06,0.074
   50160,   50220,0.00047435,0.005369,0.01854,7.375e-26,6.429e-06,1.368e-05,0.0001418,2.694e-26,3.264e-06,0.0008306,0.0005834,7.884e-08,0.0737,0.003863,0.01518,0.1168,1.136e-05,2.005e-06,0.074
   50220,   50280,0.00049994,0.00542,0.01868,7.488e-26,6.55e-06,1.389e-05,0.0001439,2.734e-26,3.356e-06,0.0008416,0.0005908,8.054e-08,0.07413,0.003909,0.01526,0.1174,1.154e-05,2.061e-06,0.074
   50280,   50340,0.00052147,0.005461,0.01881,7.602e-26,6.679e-06,1.409e-05,0.0001457,2.774e-26,3.451e-06,0.0008504,0.0005962,8.229e-08,0.07457,0.003943,0.01533,0.1181,1.17e-05,2.117e-06,0.074
   50340,   50400,0.00053533,0.005513,0.01894,7.711e-26,6.798e-06,1.431e-05,0.0001479,2.812e-26,3.543e-06,0.0008622,0.0006047,8.399e-08,0.07496,0.003994,0.0154,0.1186,1.188e-05,2.173e-06,0.074
   50400,   50460,0.00055583,0.005565,0.01908,7.828e-26,6.925e-06,1.454e-05,0.0001502,2.854e-26,3.641e-06,0.0008738,0.0006127,8.578e-08,0.07538,0.004041,0.01547,0.1193,1.207e-05,2.232e-06,0.074
   50460,   50520,0.00057855,0.005614,0.01922,7.947e-26,7.053e-06,1.476e-05,0.0001523,2.895e-26,3.741e-06,0.0008845,0.0006199,8.759e-08,0.0758,0.004086,0.01554,0.1199,1.225e-05,2.292e-06,0.074
   50520,   50580,0.00059674,0.005659,0.01935,8.06e-26,7.174e-06,1.497e-05,0.0001543,2.935e-26,3.836e-06,0.0008948,0.0006269,8.931e-08,0.07618,0.004127,0.0156,0.1204,1.242e-05,2.35e-06,0.074
   50580,   50640,0.00062619,0.005707,0.01948,8.183e-26,7.304e-06,1.519e-05,0.0001564,2.978e-26,3.939e-06,0.0009057,0.0006342,9.116e-08,0.07659,0.004172,0.01567,0.121,1.261e-05,2.413e-06,0.074
   50640,   50700,0.00065117,0.005755,0.01961,8.307e-26,7.434e-06,1.541e-05,0.0001586,3.022e-26,4.044e-06,0.0009165,0.0006415,9.302e-08,0.07699,0.004216,0.01573,0.1216,1.279e-05,2.477e-06,0.074
   50700,   50760,0.00067888,0.005799,0.01973,8.426e-26,7.557e-06,1.561e-05,0.0001606,3.064e-26,4.145e-06,0.0009266,0.0006483,9.479e-08,0.07735,0.004257,0.0158,0.1222,1.296e-05,2.537e-06,0.074
   50760,   50820,0.00070726,0.005846,0.01986,8.554e-26,7.688e-06,1.583e-05,0.0001627,3.109e-26,4.253e-06,0.0009373,0.0006555,9.668e-08,0.07774,0.004301,0.01586,0.1227,1.314e-05,2.603e-06,0.074
   50820,   50880,0.0007309,0.005892,0.01998,8.684e-26,7.82e-06,1.605e-05,0.0001648,3.154e-26,4.362e-06,0.000948,0.0006626,9.858e-08,0.07812,0.004344,0.01592,0.1233,1.332e-05,2.67e-06,0.074
   50880,   50940,0.00076035,0.005935,0.0201,8.809e-26,7.944e-06,1.626e-05,0.0001668,3.198e-26,4.467e-06,0.000958,0.0006693,1.004e-07,0.07848,0.004384,0.01598,0.1238,1.349e-05,2.734e-06,0.074
   50940,   51000,0.00078873,0.00598,0.02022,8.943e-26,8.077e-06,1.648e-05,0.000169,3.245e-26,4.58e-06,0.0009686,0.0006764,1.023e-07,0.07885,0.004426,0.01605,0.1244,1.367e-05,2.803e-06,0.074
   51000,   51060,0.00081297,0.006025,0.02034,9.079e-26,8.21e-06,1.67e-05,0.0001711,3.293e-26,4.695e-06,0.0009792,0.0006835,1.043e-07,0.07922,0.004469,0.01611,0.1249,1.386e-05,2.873e-06,0.074
   51060,   51120,0.00084716,0.006067,0.02046,9.211e-26,8.336e-06,1.69e-05,0.0001731,3.338e-26,4.805e-06,0.0009891,0.0006901,1.061e-07,0.07956,0.004508,0.01616,0.1254,1.403e-05,2.939e-06,0.074
   51120,   51180,0.00086893,0.006111,0.02058,9.352e-26,8.47e-06,1.712e-05,0.0001752,3.387e-26,4.923e-06,0.0009996,0.0006971,1.081e-07,0.07992,0.00455,0.01622,0.126,1.421e-05,3.012e-06,0.074
   51180,   51240,0.00089935,0.006155,0.02069,9.495e-26,8.604e-06,1.734e-05,0.0001773,3.437e-26,5.042e-06,0.00101,0.000704,1.101e-07,0.08027,0.004591,0.01628,0.1265,1.439e-05,3.085e-06,0.074
   51240,   51300,0.00092535,0.006196,0.0208,9.633e-26,8.731e-06,1.755e-05,0.0001793,3.485e-26,5.156e-06,0.00102,0.0007105,1.12e-07,0.0806,0.00463,0.01633,0.127,1.456e-05,3.154e-06,0.074
   51300,   51360,0.00095088,0.006239,0.02092,9.781e-26,8.867e-06,1.777e-05,0.0001814,3.537e-26,5.279e-06,0.00103,0.0007174,1.14e-07,0.08094,0.004671,0.01639,0.1275,1.475e-05,3.23e-06,0.074
   51360,   51420,0.00096835,0.006281,0.02103,9.931e-26,9.002e-06,1.798e-05,0.0001835,3.59e-26,5.403e-06,0.00104,0.0007242,1.161e-07,0.08128,0.004712,0.01645,0.128,1.493e-05,3.306e-06,0.074
   51420,   51480,0.00098094,0.006321,0.02114,1.008e-25,9.13e-06,1.819e-05,0.0001854,3.64e-26,5.521e-06,0.00105,0.0007306,1.18e-07,0.0816,0.00475,0.0165,0.1284,1.51e-05,3.379e-06,0.074
   51480,   51540,0.0009818,0.006363,0.02125,1.023e-25,9.266e-06,1.841e-05,0.0001875,3.694e-26,5.649e-06,0.00106,0.0007373,1.201e-07,0.08193,0.00479,0.01655,0.1289,1.528e-05,3.457e-06,0.074
   51540,   51600,0.0009825,0.006404,0.02136,1.039e-25,9.403e-06,1.862e-05,0.0001896,3.749e-26,5.778e-06,0.001071,0.000744,1.221e-07,0.08225,0.00483,0.01661,0.1294,1.546e-05,3.537e-06,0.074
   51600,   51660,0.00097802,0.006443,0.02146,1.054e-25,9.532e-06,1.883e-05,0.0001916,3.802e-26,5.901e-06,0.00108,0.0007503,1.241e-07,0.08256,0.004867,0.01666,0.1298,1.563e-05,3.613e-06,0.074
   51660,   51720,0.0009681,0.006484,0.02157,1.07e-25,9.669e-06,1.904e-05,0.0001936,3.859e-26,6.033e-06,0.00109,0.000757,1.262e-07,0.08287,0.004907,0.01671,0.1303,1.581e-05,3.694e-06,0.074
   51720,   51780,0.00095482,0.006524,0.02168,1.087e-25,9.806e-06,1.926e-05,0.0001957,3.917e-26,6.167e-06,0.0011,0.0007636,1.283e-07,0.08319,0.004946,0.01676,0.1308,1.599e-05,3.777e-06,0.074
   51780,   51840,0.00093892,0.006562,0.02178,1.103e-25,9.935e-06,1.946e-05,0.0001977,3.973e-26,6.294e-06,0.00111,0.0007697,1.303e-07,0.08348,0.004982,0.01681,0.1312,1.616e-05,3.856e-06,0.074
