CampaignData_and_Merges/R0/CSL_MobileLab_Parked/raw/20240725/USOS-NOAAIodideCIMS-OrgNitrs_MobileLabGround_20240725_RA.ict
37, 1001
Michael A Robinson, Chris Jernigan, Subi Thakali
NOAA ESRL Chemical Sciences Laboratory and CIRES, U. of Colorado
NOAA Iodide CIMS Instrument
USOS
1, 1
2024, 07, 25, 2024, 07, 26
1
starttime_UTC, seconds_past_midnight, seconds_of_day_since_00:00:00_UTC
5
1, 1, 1, 1, 1
-9999, -9999, -9999, -9999, -9999
C4H7NO5_NOAACIMS, pptv, Gas_C4H7NO5_InSitu_S_AVMR, 
ISOPN_NOAACIMS, pptv, Gas_ISOPN_InSitu_S_AVMR, 
C5H10O3_NOAACIMS, pptv, Gas_C5H10O3_InSitu_S_AVMR, 
C5H9NO5_NOAACIMS, pptv, Gas_C5H9NO5_InSitu_S_AVMR, 
C10H17NO4_NOAACIMS, pptv, Gas_C10H17NO4_InSitu_S_AVMR, 
0
18
PI_CONTACT_INFO: 325 Broadway, R/CSD 7, Boulder, Colorado 80305; michael.a.robinson@noaa.gov; chris.jernigan@noaa.gov;
PLATFORM: NOAA CSL Mobile Lab
LOCATION: SLC, Utah
ASSOCIATED_DATA: 1Hz data also available on request.
INSTRUMENT_INFO: NOAA I- ToF CIMS
DATA_INFO: All data in parts per trillion by volume (pptv). 1 Hz data is available upon request.
UNCERTAINTY: TBD
ULOD_FLAG: -7777
ULOD_VALUE: N/A
LLOD_FLAG: -8888
LLOD_VALUE: N/A
DM_CONTACT_INFO: Nathan Howard; nathan.h.howard@noaa.gov
PROJECT_INFO: USOS, summer 2024. https://csl.noaa.gov/groups/csl7/measurements/2024usos/
STIPULATIONS_ON_USE: Users are strongly encouraged to contact the PI for proper data usage.
OTHER_COMMENTS: 
REVISION: RA
RA: Preliminary Data; For in-field use only
starttime_UTC, C4H7NO5_NOAACIMS, ISOPN_NOAACIMS, C5H10O3_NOAACIMS, C5H9NO5_NOAACIMS, C10H17NO4_NOAACIMS
[from data line 333]
 19980,  4.426,  9.217, 75.757, 10.048,  1.622
 20040,  4.456,  9.135, 74.760, 10.056,  1.657
 20100,  4.460,  9.319, 76.750, 10.146,  1.708
 20160,  4.511,  8.486, 75.766, 10.014,  1.515
 20220,  4.470,  8.552, 79.177,  9.872,  1.689
 20280,  4.220,  8.457, 78.503,  9.653,  1.564
 20340,  4.121,  8.128, 73.416,  9.277,  1.429
 20400,  4.108,  7.845, 71.566,  9.320,  1.483
 20460,  4.016,  7.837, 70.866,  9.018,  1.484
 20520,  4.083,  7.249, 69.785,  9.147,  1.585
 20580,  4.048,  7.938, 70.444,  9.142,  1.668
 20640,  4.000,  7.950, 71.530,  9.151,  1.504
 20700, -9999.000, -9999.000, -9999.000, -9999.000, -9999.000
 20760,  3.861,  7.325, 63.171,  8.524,  1.509
 20820,  3.928,  6.953, 65.062,  8.742,  1.599
 20880,  3.975,  7.178, 67.350,  8.799,  1.722
 20940,  3.988,  7.466, 66.754,  8.780,  1.560
 21000,  3.940,  6.852, 65.522,  8.386,  1.763
 21060,  3.885,  6.910, 65.979,  8.442,  1.667
 21120,  3.809,  6.595, 66.573,  8.305,  1.689
 21180,  3.824,  6.610, 64.882,  8.437,  1.569
 21240,  3.896,  7.216, 66.665,  8.577,  1.663
 21300,  4.018,  7.108, 67.116,  8.328,  1.646
 21360,  3.905,  7.147, 69.249,  8.585,  1.736
 21420,  3.967,  7.111, 67.519,  8.547,  1.782
 21480,  3.995,  6.927, 67.187,  8.309,  1.832
 21540,  3.953,  7.249, 69.571,  8.379,  1.867
 21600,  3.981,  6.737, 68.764,  8.215,  1.726
 21660,  3.845,  6.800, 71.400,  8.116,  1.879
 21720,  3.904,  6.641, 71.388,  8.047,  1.829
 21780,  3.905,  6.917, 69.959,  8.195,  1.930
 21840,  3.838,  6.621, 68.859,  7.896,  1.992
 21900,  3.881,  6.604, 67.810,  7.856,  1.856
 21960,  3.811,  6.552, 66.070,  7.472,  1.665
 22020,  3.742,  7.017, 70.221,  7.412,  1.526
 22080,  3.807,  6.313, 69.535,  7.646,  1.591
 22140,  3.808,  6.334, 68.012,  7.399,  1.683
 22200,  3.886,  6.558, 69.272,  7.467,  1.552
 22260,  3.849,  6.700, 67.816,  7.406,  1.626
 22320,  3.799,  6.597, 66.029,  7.285,  1.562
 22380,  3.790,  6.750, 66.150,  7.351,  1.326
 22440,  3.771,  6.111, 65.581,  7.068,  1.266
 22500,  3.653,  6.738, 65.497,  7.161,  1.375
 22560,  3.629,  6.154, 58.672,  6.653,  1.329
 22620,  3.661,  6.305, 61.973,  6.783,  1.204
 22680,  3.688,  6.121, 61.928,  7.059,  1.145
 22740,  3.664,  6.294, 62.930,  6.973,  1.160
 22800,  3.682,  6.170, 61.241,  6.851,  1.293
 22860,  3.681,  6.202, 61.442,  6.819,  1.142
 22920,  3.657,  6.107, 62.137,  6.797,  1.142
 22980,  3.654,  6.329, 63.194,  6.831,  1.240
 23040,  3.644,  6.146, 59.797,  6.747,  1.095
 23100,  3.633,  6.139, 60.236,  6.905,  1.114
 23160,  3.674,  6.293, 59.021,  6.777,  1.096
 23220,  3.655,  6.256, 58.891,  6.997,  1.189
 23280,  3.684,  5.856, 57.012,  6.951,  1.048
 23340,  3.655,  6.289, 58.918,  6.850,  1.006
 23400,  3.597,  6.016, 58.664,  6.854,  1.146
 23460,  3.567,  6.122, 59.514,  6.999,  1.140
 23520,  3.617,  6.263, 58.972,  7.025,  0.956
 23580,  3.595,  6.381, 60.572,  7.049,  1.152
 23640,  3.647,  5.754, 59.393,  7.066,  1.135
 23700,  3.690,  6.132, 57.401,  7.543,  1.127
 23760,  3.713,  5.982, 56.631,  7.279,  1.004
 23820,  3.708,  6.296, 60.000,  7.450,  1.217
 23880,  3.687,  6.188, 59.256,  7.499,  1.124
 23940,  3.734,  6.393, 58.787,  7.675,  1.292
 24000,  3.720,  6.356, 59.269,  7.790,  1.363
 24060,  3.706,  6.383, 57.837,  8.039,  1.283
 24120,  3.771,  6.666, 59.817,  8.070,  1.203
 24180,  3.798,  6.335, 58.653,  8.006,  1.306
 24240,  3.808,  6.217, 59.621,  8.184,  1.160
 24300,  3.731,  6.134, 60.711,  8.077,  1.313
 24360, -9999.000, -9999.000, -9999.000, -9999.000, -9999.000
 24420,  3.675,  5.912, 48.777,  8.132,  1.111
 24480,  3.833,  5.907, 53.065,  8.253,  1.023
 24540,  3.776,  6.188, 55.400,  8.444,  1.168
 24600,  3.796,  6.136, 54.578,  8.193,  1.114
 24660,  3.772,  6.497, 58.412,  8.344,  1.065
 24720,  3.822,  6.108, 59.242,  8.403,  1.134
 24780,  3.774,  6.281, 58.723,  8.133,  1.187
 24840,  3.791,  6.181, 57.805,  8.279,  1.068
 24900,  3.811,  6.111, 58.988,  8.151,  1.188
 24960,  3.794,  6.089, 58.622,  8.290,  1.131
 25020,  3.803,  6.097, 58.826,  8.617,  1.225
 25080,  3.825,  6.195, 58.172,  8.207,  1.089
 25140,  3.749,  5.646, 59.350,  8.309,  1.109
 25200,  3.780,  5.940, 58.931,  8.333,  1.169
 25260,  3.657,  5.986, 58.940,  8.225,  1.099
 25320,  3.700,  5.921, 59.118,  8.345,  1.234
 25380,  3.583,  5.661, 56.938,  8.090,  1.078
 25440,  3.720,  5.731, 56.389,  8.120,  1.017
 25500,  3.648,  5.977, 58.290,  8.422,  1.090
 25560,  3.726,  5.832, 58.744,  8.466,  1.129
 25620,  3.662,  5.782, 58.645,  8.272,  1.181
 25680,  3.655,  5.590, 59.166,  8.272,  1.174
 25740,  3.754,  5.511, 57.950,  8.289,  1.218
 25800,  3.662,  5.579, 58.460,  8.269,  1.073
 25860,  3.749,  6.066, 58.256,  8.045,  1.129
 25920,  3.568,  5.407, 57.303,  8.129,  1.246
 25980,  3.611,  5.747, 58.755,  8.161,  1.173
 26040,  3.568,  5.507, 58.152,  7.994,  1.163
 26100,  3.557,  5.485, 58.765,  8.036,  1.160
 26160,  3.564,  5.474, 58.405,  7.720,  1.154
 26220, -9999.000, -9999.000, -9999.000, -9999.000, -9999.000
 26280,  3.510,  5.206, 53.538,  8.057,  1.038
 26340,  3.589,  5.376, 54.388,  7.992,  1.051
 26400,  3.550,  5.212, 53.743,  7.878,  1.035
 26460,  3.602,  5.229, 55.793,  8.006,  1.135
 26520,  3.592,  5.321, 56.005,  8.131,  1.200
 26580,  3.540,  5.037, 56.438,  8.088,  1.171
 26640,  3.608,  5.369, 57.100,  8.205,  1.228
 26700,  3.519,  4.862, 55.549,  7.822,  1.078
 26760,  3.579,  5.288, 56.240,  7.796,  1.126
 26820,  3.517,  5.120, 54.938,  8.169,  1.082
 26880,  3.519,  4.714, 55.004,  8.049,  1.149
 26940,  3.528,  5.092, 57.085,  7.846,  0.928
 27000,  3.518,  4.928, 56.209,  7.912,  1.054
 27060,  3.531,  4.895, 56.236,  7.979,  0.957
 27120,  3.498,  4.713, 56.568,  7.931,  0.960
 27180,  3.470,  4.731, 55.690,  7.908,  0.972
 27240,  3.519,  4.948, 54.580,  7.816,  0.992
 27300,  3.461,  5.019, 55.806,  7.995,  0.942
 27360,  3.533,  5.005, 57.700,  7.807,  0.894
 27420,  3.428,  4.757, 55.474,  7.667,  0.962
 27480,  3.374,  4.615, 55.845,  7.399,  0.909
 27540,  3.421,  4.566, 54.855,  7.709,  0.928
 27600,  3.436,  4.602, 54.066,  7.531,  0.836
 27660,  3.314,  4.294, 54.182,  7.494,  0.788
 27720,  3.389,  4.380, 52.399,  7.473,  0.776
 27780,  3.353,  4.322, 54.691,  7.431,  0.897
 27840,  3.376,  4.439, 54.349,  7.406,  0.936
 27900,  3.364,  3.904, 53.918,  7.542,  0.812
 27960,  3.344,  4.274, 55.014,  7.558,  0.869
 28020,  3.353,  3.934, 53.258,  7.398,  0.891
 28080, -9999.000, -9999.000, -9999.000, -9999.000, -9999.000
 28140,  3.256,  3.992, 45.563,  7.048,  0.791
 28200,  3.280,  4.221, 48.158,  7.206,  0.781
 28260,  3.227,  3.995, 49.434,  7.204,  0.885
 28320,  3.267,  4.028, 50.558,  7.343,  0.940
 28380,  3.257,  3.974, 51.369,  7.417,  0.968
 28440,  3.262,  4.105, 52.030,  7.378,  0.854
 28500,  3.286,  4.252, 50.923,  7.289,  0.909
 28560,  3.235,  4.100, 51.535,  7.017,  0.854
 28620,  3.247,  4.131, 50.993,  7.176,  0.943
 28680,  3.212,  4.050, 50.004,  6.958,  0.921
 28740,  3.225,  3.986, 51.889,  7.018,  0.926
 28800,  3.235,  4.141, 51.112,  7.073,  1.013
 28860,  3.240,  4.266, 51.347,  7.073,  0.992
 28920,  3.274,  3.954, 51.604,  6.880,  0.935
 28980,  3.241,  3.830, 50.921,  7.031,  0.964
 29040,  3.196,  4.051, 50.777,  6.917,  0.947
 29100,  3.180,  3.922, 50.175,  7.012,  1.050
 29160,  3.217,  4.084, 49.250,  6.953,  1.019
 29220,  3.182,  4.107, 50.789,  7.000,  0.962
 29280,  3.216,  4.247, 50.667,  7.038,  1.051
 29340,  3.159,  4.237, 50.404,  6.917,  1.033
 29400,  3.206,  4.064, 51.089,  6.921,  1.033
 29460,  3.142,  3.847, 49.369,  7.068,  1.046
 29520,  3.096,  4.008, 48.770,  6.986,  1.053
 29580,  3.143,  3.905, 47.900,  6.640,  0.980
 29640,  3.083,  4.034, 46.174,  6.849,  0.967
 29700,  3.107,  4.047, 49.723,  6.869,  0.964
 29760,  3.082,  4.232, 48.770,  6.957,  0.998
 29820,  3.117,  4.229, 47.803,  6.949,  1.082
 29880,  3.066,  4.202, 47.467,  7.008,  1.123
 29940,  2.989,  3.635, 40.563,  6.682,  0.930
 30000,  3.045,  3.990, 43.144,  6.685,  0.999
 30060,  3.126,  3.869, 44.897,  6.927,  0.968
 30120,  3.124,  3.984, 44.690,  7.061,  1.053
 30180,  3.120,  4.054, 45.903,  6.821,  1.049
 30240,  3.058,  3.841, 46.249,  6.837,  1.055
 30300,  3.083,  4.055, 46.782,  6.752,  1.061
 30360,  3.050,  4.103, 47.994,  6.690,  1.072
 30420,  3.045,  3.868, 47.247,  7.021,  1.004
 30480,  3.082,  4.025, 46.270,  6.809,  1.080
 30540,  3.027,  3.648, 47.033,  6.659,  1.106
 30600,  2.990,  3.794, 45.066,  6.670,  1.098
 30660,  3.058,  3.464, 49.117,  6.834,  1.064
 30720,  3.096,  3.480, 49.320,  6.497,  1.266
 30780,  3.056,  3.399, 48.012,  6.881,  1.176
 30840,  2.971,  3.598, 48.604,  6.765,  1.194
 30900,  2.973,  3.460, 46.744,  6.672,  1.020
 30960,  2.902,  3.670, 46.306,  6.626,  1.190
 31020,  2.921,  3.229, 45.583,  6.618,  1.018
 31080,  2.938,  3.136, 45.166,  6.446,  0.928
 31140,  2.892,  3.078, 47.248,  6.296,  1.030
 31200,  2.784,  3.297, 46.166,  6.134,  1.113
 31260,  2.809,  3.087, 45.091,  6.298,  1.123
 31320,  2.761,  2.951, 45.308,  6.360,  1.159
 31380,  2.731,  2.735, 43.792,  6.139,  1.060
 31440,  2.720,  2.750, 43.764,  6.026,  1.033
 31500,  2.696,  2.722, 44.076,  5.863,  1.175
 31560,  2.680,  2.863, 43.447,  5.849,  1.194
 31620,  2.639,  2.829, 44.491,  5.951,  1.214
 31680,  2.665,  2.758, 44.721,  5.944,  1.178
 31740,  2.822,  1.945, 42.821,  5.781,  1.446
 31800,  2.445,  3.170, 35.972,  5.368,  1.019
 31860,  2.574,  2.487, 39.076,  5.868,  1.225
 31920,  2.677,  2.545, 42.292,  5.846,  1.504
 31980,  2.677,  2.808, 43.386,  5.935,  1.508
 32040,  2.720,  2.775, 43.349,  6.089,  1.471
 32100,  2.791,  2.895, 44.310,  6.107,  1.680
 32160,  2.737,  2.782, 44.372,  6.304,  1.598
 32220,  2.824,  3.145, 46.433,  6.387,  1.652
 32280,  2.879,  3.455, 45.702,  6.739,  1.685
 32340,  2.898,  3.252, 45.504,  6.870,  1.829
 32400,  2.929,  3.241, 45.463,  7.293,  1.959
 32460,  2.963,  3.438, 44.981,  7.186,  1.818
 32520,  2.968,  3.480, 45.449,  7.244,  1.822
 32580,  3.022,  3.520, 44.353,  7.268,  1.760
 32640,  2.997,  3.541, 43.848,  7.427,  1.857
 32700,  2.996,  3.523, 43.510,  7.179,  1.667
 32760,  2.991,  3.329, 42.089,  6.988,  1.600
 32820,  2.880,  3.390, 42.541,  7.074,  1.605
 32880,  2.700,  3.273, 41.863,  6.374,  1.650
 32940,  2.587,  3.020, 39.410,  6.134,  1.467
 33000,  2.491,  2.840, 37.159,  5.853,  1.431
 33060,  2.356,  2.841, 35.542,  5.433,  1.469
 33120,  2.149,  2.474, 31.593,  4.996,  1.274
 33180,  2.124,  2.052, 29.932,  4.698,  1.169
 33240,  2.121,  2.208, 29.132,  4.615,  1.247
 33300,  2.158,  2.034, 28.862,  4.406,  1.273
 33360,  2.153,  2.310, 31.649,  4.767,  1.305
 33420,  2.180,  1.870, 31.051,  4.993,  0.995
 33480,  2.198,  2.269, 32.139,  4.849,  1.245
 33540,  2.201,  2.369, 31.410,  4.905,  1.358
 33600,  2.251,  1.867, 30.064,  4.893,  1.526
 33660,  2.277,  2.411, 31.327,  5.359,  1.229
 33720,  2.447,  2.478, 32.596,  5.693,  1.721
 33780,  2.472,  2.708, 33.671,  5.816,  1.661
 33840,  2.453,  2.862, 33.829,  5.560,  1.591
 33900,  2.487,  2.781, 34.993,  5.709,  1.638
 33960,  2.495,  2.917, 37.552,  5.685,  1.637
 34020,  2.333,  2.426, 33.895,  5.515,  1.380
 34080,  2.216,  2.350, 31.738,  4.898,  1.126
 34140,  2.134,  2.033, 29.379,  4.664,  1.255
 34200,  2.129,  2.107, 29.437,  4.463,  1.172
 34260,  1.827,  1.858, 26.691,  3.989,  0.949
 34320,  1.879,  1.820, 25.158,  3.693,  1.007
 34380,  1.877,  1.749, 25.765,  3.784,  1.097
 34440,  1.865,  1.759, 23.908,  3.760,  0.970
 34500,  1.884,  1.652, 24.311,  3.570,  0.924
 34560,  1.928,  1.714, 22.951,  3.853,  0.976
 34620,  1.926,  1.501, 24.311,  3.874,  1.114
 34680,  1.924,  1.775, 25.744,  3.975,  1.148
 34740,  1.928,  1.711, 24.662,  3.815,  1.089
 34800,  1.853,  1.713, 24.816,  3.809,  1.106
 34860,  1.868,  1.675, 24.350,  3.510,  1.002
 34920,  1.826,  1.657, 23.075,  3.391,  1.040
 34980,  1.779,  1.512, 23.062,  3.305,  0.957
 35040,  1.792,  1.532, 23.232,  3.320,  0.917
 35100,  1.835,  1.642, 24.034,  3.337,  0.892
 35160,  1.840,  1.532, 22.508,  3.447,  1.002
 35220,  1.779,  1.596, 23.363,  3.378,  0.959
 35280,  1.810,  1.526, 24.660,  3.450,  0.779
 35340,  1.834,  1.540, 24.596,  3.316,  1.094
 35400,  1.784,  1.561, 25.352,  3.284,  0.984
 35460, -9999.000, -9999.000, -9999.000, -9999.000, -9999.000
 35520,  1.739,  1.642, 20.765,  3.216,  0.913
 35580,  1.796,  1.451, 22.313,  3.267,  0.811
 35640,  1.765,  1.298, 22.860,  3.094,  0.883
 35700,  1.722,  1.460, 23.165,  3.270,  0.914
 35760,  1.663,  1.344, 22.804,  2.992,  0.857
 35820,  1.711,  1.344, 23.199,  2.991,  0.882
 35880,  1.690,  1.144, 20.800,  3.052,  0.782
 35940,  1.641,  1.472, 22.114,  3.021,  0.927
 36000,  1.664,  1.389, 22.488,  2.878,  0.965
 36060,  1.633,  1.163, 21.623,  3.047,  0.846
 36120,  1.579,  1.011, 21.606,  3.046,  0.961
 36180,  1.587,  1.101, 21.635,  3.003,  0.895
 36240,  1.593,  1.008, 20.619,  2.927,  0.967
 36300,  1.621,  1.297, 21.182,  3.001,  1.040
 36360,  1.619,  1.193, 19.682,  2.988,  0.857
 36420,  1.603,  1.078, 20.940,  3.012,  0.934
 36480,  1.606,  1.236, 21.042,  3.063,  0.964
 36540,  1.543,  1.230, 20.890,  2.878,  0.956
 36600,  1.572,  1.153, 23.240,  2.949,  0.984
 36660,  1.574,  1.385, 23.255,  3.090,  1.017
 36720,  1.492,  1.287, 22.168,  2.942,  0.892
 36780,  1.529,  1.207, 22.061,  2.899,  0.953
 36840,  1.522,  1.032, 21.523,  3.008,  0.892
 36900,  1.548,  1.041, 22.242,  3.129,  0.922
 36960,  1.543,  1.003, 22.585,  3.039,  0.920
 37020,  1.524,  1.118, 22.203,  3.115,  0.859
 37080,  1.531,  1.057, 25.463,  3.246,  0.997
 37140,  1.556,  0.981, 24.475,  3.085,  1.003
 37200,  1.476,  1.186, 24.322,  3.277,  0.882
 37260,  1.554,  0.997, 24.571,  3.270,  0.898
 37320,  1.564,  0.989, 24.029,  2.646,  1.210
 37380,  1.498,  0.894, 23.517,  3.173,  0.792
 37440,  1.529,  0.746, 22.858,  3.145,  0.809
 37500,  1.528,  0.983, 24.779,  3.089,  0.937
 37560,  1.542,  1.318, 22.869,  3.043,  0.788
 37620,  1.565,  1.246, 23.311,  3.065,  0.802
 37680,  1.576,  0.994, 25.858,  3.170,  0.939
 37740,  1.599,  0.980, 24.677,  3.285,  0.896
 37800,  1.563,  1.012, 24.498,  3.109,  0.854
 37860,  1.538,  1.010, 25.166,  3.205,  0.914
 37920,  1.586,  1.354, 23.348,  3.138,  0.775
 37980,  1.568,  1.174, 24.994,  3.206,  0.871
 38040,  1.557,  0.962, 24.407,  3.233,  0.764
 38100,  1.564,  0.961, 23.326,  3.182,  0.897
 38160,  1.590,  0.848, 24.256,  3.142,  0.748
 38220,  1.547,  1.210, 25.437,  3.299,  0.841
 38280,  1.542,  1.278, 24.275,  3.271,  0.921
 38340,  1.573,  1.265, 24.345,  3.178,  0.832
 38400,  1.527,  1.187, 23.793,  3.137,  0.875
 38460,  1.577,  0.966, 24.103,  3.017,  0.774
 38520,  1.532,  1.036, 24.093,  3.135,  0.770
 38580,  1.535,  1.145, 23.798,  3.136,  0.748
 38640,  1.541,  1.212, 23.490,  3.318,  0.789
 38700,  1.565,  1.105, 23.786,  3.267,  0.794
 38760,  1.597,  1.425, 25.026,  3.129,  0.773
 38820,  1.596,  1.370, 25.934,  3.134,  0.806
 38880,  1.577,  1.098, 25.854,  3.310,  0.780
 38940,  1.567,  1.259, 26.275,  3.191,  0.912
 39000,  1.592,  1.294, 25.583,  3.480,  0.905
 39060,  1.631,  1.051, 25.495,  3.270,  0.793
 39120,  1.682,  1.382, 26.326,  3.192,  0.914
 39180,  1.456,  2.644, 24.891,  3.971,  0.795
 39240,  1.532,  1.331, 24.966,  3.219,  0.821
 39300,  1.571,  1.358, 25.888,  3.194,  0.771
 39360,  1.599,  1.196, 25.272,  3.473,  0.713
 39420,  1.577,  1.159, 25.482,  3.375,  0.829
 39480,  1.615,  0.924, 25.396,  3.297,  0.740
 39540,  1.583,  1.311, 25.131,  3.299,  0.758
 39600,  1.602,  1.379, 25.388,  3.275,  0.698
 39660,  1.565,  1.193, 25.803,  3.261,  0.767
 39720,  1.587,  0.986, 24.778,  3.058,  0.731
 39780,  1.631,  1.096, 24.103,  3.140,  0.788
 39840,  1.575,  1.154, 24.240,  3.241,  0.876
 39900,  1.612,  1.157, 24.136,  3.177,  0.884
 39960,  1.618,  1.002, 24.294,  3.306,  0.885
 40020,  1.628,  1.082, 25.367,  3.488,  0.935
 40080,  1.670,  1.064, 27.088,  3.392,  0.914
 40140,  1.652,  0.925, 27.154,  3.205,  0.870
