CampaignData_and_Merges/R0/CSL_MobileLab_Parked/raw/20240725/USOS-NOAAIodideCIMS-HCOOH_MobileLabGround_20240725_RA.ict
33, 1001
Michael A Robinson, Chris Jernigan, Subi Thakali
NOAA ESRL Chemical Sciences Laboratory and CIRES, U. of Colorado
NOAA Iodide CIMS Instrument
USOS
1, 1
2024, 07, 25, 2024, 07, 26
1
starttime_UTC, seconds_past_midnight, seconds_of_day_since_00:00:00_UTC
1
1
-9999
HCOOH_NOAACIMS, pptv, Gas_HCOOH_InSitu_S_AVMR, 
0
18
PI_CONTACT_INFO: 325 Broadway, R/CSD 7, Boulder, Colorado 80305; michael.a.robinson@noaa.gov; chris.jernigan@noaa.gov;
PLATFORM: NOAA CSL Mobile Lab
LOCATION: SLC, Utah
ASSOCIATED_DATA: 1Hz data also available on request.
INSTRUMENT_INFO: NOAA I- ToF CIMS
DATA_INFO: All data in parts per trillion by volume (pptv). 1 Hz data is available upon request.
UNCERTAINTY: TBD
ULOD_FLAG: -7777
ULOD_VALUE: N/A
LLOD_FLAG: -8888
LLOD_VALUE: N/A
DM_CONTACT_INFO: Nathan Howard; nathan.h.howard@noaa.gov
PROJECT_INFO: USOS, summer 2024. https://csl.noaa.gov/groups/csl7/measurements/2024usos/
STIPULATIONS_ON_USE: Users are strongly encouraged to contact the PI for proper data usage.
OTHER_COMMENTS: 
REVISION: RA
RA: Preliminary Data; For in-field use only
starttime_UTC, HCOOH_NOAACIMS
[from data line 941]
 56460, 6214.837
 56520, 6181.947
 56580, 6294.879
 56640, 5935.644
 56700, 5970.001
 56760, 6176.814
 56820, 6237.536
 56880, 6282.175
 56940, 6278.360
 57000, 6360.447
 57060, 6323.650
 57120, 6117.785
 57180, 6223.354
 57240, 6301.558
 57300, 6160.759
 57360, 6020.798
 57420, 6339.510
 57480, 5970.758
 57540, 6039.900
 57600, 5964.004
 57660, 5983.446
 57720, 5752.516
 57780, 6139.724
 57840, 6184.389
 57900, 6049.259
 57960, 6068.838
 58020, 5447.111
 58080, 5594.087
 58140, 5619.007
 58200, 5128.583
 58260, 5485.201
 58320, 5707.531
 58380, 5882.010
 58440, 6077.719
 58500, 5634.238
 58560, 5696.392
 58620, 5426.027
 58680, 5684.701
 58740, 5633.359
 58800, 5542.554
 58860, 5583.468
 58920, 5433.006
 58980, 5455.549
 59040, 5428.347
 59100, 5721.944
 59160, 5275.937
 59220, 5221.330
 59280, 5184.707
 59340, 5352.917
 59400, 5342.359
 59460, 5366.927
 59520, 5190.895
 59580, 5036.440
 59640, 5018.856
 59700, 4971.602
 59760, 5168.232
 59820, 5039.894
 59880, 5002.535
 59940, 5080.383
 60000, 4571.413
 60060, 4878.942
 60120, 4792.871
 60180, 4685.936
 60240, 4534.598
 60300, 4384.716
 60360, 4289.441
 60420, 4114.046
 60480, 4205.150
 60540, 4223.289
 60600, 4064.781
 60660, 4017.832
 60720, 3986.828
 60780, 4140.471
 60840, 4229.836
 60900, 4242.475
 60960, 4471.871
 61020, 4559.646
 61080, 4440.321
 61140, 4359.047
 61200, 4381.036
 61260, 4448.044
 61320, -9999.000
 61380, 4420.626
 61440, 4606.408
 61500, 4589.163
 61560, 4542.079
 61620, 4318.035
 61680, 4467.021
 61740, 4341.599
 61800, 4175.870
 61860, 4081.356
 61920, 4106.936
 61980, 4128.331
 62040, 4135.735
 62100, 4176.921
 62160, 4156.352
 62220, 3918.890
 62280, 3707.672
 62340, 3656.751
 62400, 3769.998
 62460, 3804.086
 62520, 3843.023
 62580, 3959.684
 62640, 3961.002
 62700, 3956.563
 62760, 3672.262
 62820, 3610.387
 62880, 3460.732
 62940, 2861.941
 63000, 3030.709
 63060, 2667.063
 63120, 2501.847
 63180, -9999.000
 63240, 2621.691
 63300, 2729.510
 63360, 2602.085
 63420, 2506.308
 63480, 2417.991
 63540, 2330.844
 63600, 2667.589
 63660, 2906.939
 63720, 2572.253
 63780, 2498.404
 63840, 2281.630
 63900, 2773.847
 63960, 2819.603
 64020, 2358.637
 64080, 1892.433
 64140, 1936.359
 64200, 2078.492
 64260, 2152.021
 64320, 2110.083
 64380, -9999.000
 64440, 2323.350
 64500, 2361.205
 64560, 2181.236
 64620, 2178.568
 64680, 2163.113
 64740, 1821.618
 64800, 1831.932
 64860, 1842.707
 64920, 1815.523
 64980, 1888.848
 65040, 1759.173
 65100, 1579.339
 65160, 1726.008
 65220, 1834.128
 65280, 1885.422
 65340, 1966.591
 65400, 1916.294
 65460, 1986.389
 65520, 2098.890
 65580, 2137.635
 65640, 2327.703
 65700, 2515.759
 65760, 2523.328
 65820, 2029.568
 65880, 1907.007
 65940, 1920.503
 66000, 1787.904
 66060, 1760.278
 66120, 1838.618
 66180, 1976.748
 66240, 1801.001
 66300, 1789.323
 66360, 1756.292
 66420, 1743.084
 66480, 1734.979
 66540, 1751.614
 66600, 1764.378
 66660, 1828.777
 66720, 1768.944
 66780, 1775.210
 66840, 1757.998
 66900, 1622.840
 66960, 1469.239
 67020, 1341.777
 67080, 1400.706
 67140, 1273.918
 67200, 1277.434
 67260, 1299.773
 67320, 1330.303
 67380, 1301.610
 67440, 1321.532
 67500, 1344.201
 67560, 1260.889
 67620, 1273.049
 67680, 1190.856
 67740, 1006.963
 67800, 1103.635
 67860, 1327.835
 67920, 1233.075
 67980, 1297.243
 68040, -9999.000
 68100, 1283.431
 68160, 1170.462
 68220, 1023.961
 68280, 1035.771
 68340, 985.118
 68400, 993.222
 68460, 1080.073
 68520, 1027.068
 68580, 1112.057
 68640, 1221.726
 68700, 1192.019
 68760, 1240.213
 68820, 1338.075
 68880, 1227.368
 68940, 1318.100
 69000, 1346.439
 69060, 1206.930
 69120, 1380.944
 69180, 1454.372
 69240, 1417.294
 69300, 1571.681
 69360, 1453.920
 69420, 1348.708
 69480, 1388.074
 69540, 1493.500
 69600, 1524.350
 69660, 1727.336
 69720, 1963.381
 69780, 1558.403
 69840, 1472.277
 69900, 1534.538
 69960, 1881.080
 70020, 1662.267
 70080, 1421.463
 70140, 1517.781
 70200, 1742.585
 70260, 1494.690
 70320, 1610.765
 70380, 1691.711
 70440, 1511.128
 70500, 1568.136
 70560, 1703.269
 70620, 1474.516
 70680, 1453.407
 70740, 1575.127
 70800, 1633.842
 70860, 1590.849
 70920, 1525.634
 70980, 1457.549
 71040, 1642.911
 71100, 1549.461
 71160, 1490.901
 71220, 1550.244
 71280, 1686.344
 71340, 1809.845
 71400, 1782.828
 71460, 1656.444
 71520, 1690.065
 71580, 1591.243
 71640, 1485.749
 71700, 1608.883
 71760, 1615.383
 71820, 1524.496
 71880, 1525.530
 71940, 1337.635
 72000, 1327.741
 72060, 1331.861
 72120, 1377.931
 72180, 1446.490
 72240, 1470.773
 72300, 1403.903
 72360, 1350.461
 72420, 1423.319
 72480, 1359.858
 72540, 1356.130
 72600, 1361.126
 72660, 1351.731
 72720, 1435.835
 72780, 1392.052
 72840, 1434.630
 72900, 1543.280
 72960, 1714.456
 73020, 1885.076
 73080, 1868.026
 73140, 2030.343
 73200, 1572.583
 73260, 1480.406
 73320, 1429.941
 73380, 1529.307
 73440, 1844.949
 73500, 1597.054
 73560, 1686.308
 73620, 1420.543
 73680, 1537.658
 73740, 1350.366
 73800, 1393.477
 73860, 1344.127
 73920, 1339.763
 73980, 1275.890
 74040, 1381.113
 74100, 1771.340
 74160, 1550.912
 74220, 1400.199
 74280, 1504.671
 74340, 1519.415
 74400, 1275.872
 74460, 1280.241
 74520, 1277.236
 74580, 1666.683
 74640, 1547.386
 74700, 1431.587
 74760, 1376.241
 74820, 1434.706
 74880, 1543.833
 74940, 1382.661
 75000, 1430.699
 75060, 1474.203
 75120, 1333.855
 75180, 1594.066
 75240, 1472.321
 75300, 1539.183
 75360, 1442.098
 75420, -9999.000
 75480, 1361.833
 75540, 1457.769
 75600, 1533.373
 75660, 1667.224
 75720, 1403.135
 75780, 1462.175
 75840, 1591.412
 75900, 1463.910
 75960, 1271.299
 76020, 1211.386
 76080, 1255.872
 76140, 1265.881
 76200, 1323.855
 76260, 1309.925
 76320, 1566.522
 76380, 1465.634
 76440, 1580.839
 76500, 1393.571
 76560, 1367.347
 76620, 1319.774
 76680, 1321.642
 76740, 1563.090
 76800, 1555.228
 76860, 1580.206
 76920, 1412.209
 76980, 1487.342
 77040, 1517.366
 77100, 1324.491
 77160, 1209.193
 77220, 1438.457
 77280, -9999.000
 77340, 1056.176
 77400, 1076.246
 77460, 1064.084
 77520, 1166.948
 77580, 1180.152
 77640, 1130.791
 77700, 1173.946
 77760, 1077.297
 77820, 1082.712
 77880, 1090.825
 77940, 986.102
 78000, 1088.111
 78060, 993.650
 78120, 1142.715
 78180, 1176.394
 78240, 1207.969
 78300, 1181.493
 78360, 1279.826
 78420, 1299.987
 78480, 1271.653
 78540, 1292.770
 78600, 1058.425
 78660, 1015.695
 78720, 1048.269
 78780, 1166.493
 78840, 1279.830
 78900, 1337.631
 78960, 1126.801
 79020, 1189.323
 79080, 1043.807
 79140, -9999.000
 79200, 947.443
 79260, 1025.237
 79320, 900.560
 79380, 886.803
 79440, 951.932
 79500, 893.869
 79560, 1112.961
 79620, 1147.744
 79680, 983.125
 79740, 1137.780
 79800, 1187.065
 79860, 1156.949
 79920, 1172.852
 79980, 1295.520
 80040, 1275.214
 80100, 1277.549
 80160, 1326.208
 80220, 1296.254
 80280, 1220.903
 80340, 1196.293
 80400, 1287.846
 80460, 1261.307
 80520, 1310.144
 80580, 1040.442
 80640, 1058.671
 80700, 936.641
 80760, 1020.809
 80820, 1090.744
 80880, 1081.158
 80940, 1097.290
 81000, -9999.000
 81060, 1001.597
 81120, 979.863
 81180, 938.617
 81240, 957.599
 81300, 949.217
 81360, 977.918
 81420, 981.210
 81480, 1036.046
 81540, 1068.663
 81600, 1011.825
 81660, 1120.201
 81720, 1092.558
 81780, 1085.554
 81840, 1028.231
 81900, 1035.331
 81960, 1154.437
 82020, 1073.673
 82080, 1002.451
 82140, 1032.164
 82200, 963.681
 82260, 1034.777
 82320, 974.778
 82380, 1039.101
 82440, 1045.178
 82500, 1002.692
 82560, 969.285
 82620, 852.579
 82680, 850.477
 82740, 862.409
 82800, 871.337
 82860, -9999.000
 82920, 822.918
 82980, 861.318
 83040, 905.574
 83100, 918.469
 83160, 941.191
 83220, 898.719
 83280, 874.174
 83340, 913.497
 83400, 914.370
 83460, 878.044
 83520, 890.751
 83580, 939.863
 83640, 917.373
 83700, 972.716
 83760, 1147.177
 83820, 1137.493
 83880, 1244.391
 83940, 1022.116
 84000, 1014.125
 84060, 1044.878
 84120, 1001.810
 84180, 956.944
 84240, 956.905
 84300, 958.647
 84360, 990.030
 84420, 1153.336
 84480, 1319.854
 84540, 1372.323
 84600, 1316.441
 84660, 1184.447
 84720, 1189.940
 84780, 1212.602
 84840, 1230.351
 84900, 1318.667
 84960, 1125.712
 85020, 1361.849
 85080, 1285.695
 85140, 1312.569
 85200, 1239.243
 85260, 1269.780
 85320, 1252.248
 85380, 1074.903
 85440, 1044.614
 85500, 1041.775
 85560, 1052.854
 85620, 1089.287
 85680, 1096.456
 85740, 1186.191
 85800, 1226.076
 85860, 1321.414
 85920, 1325.633
 85980, 1314.898
 86040, 1256.684
 86100, 1284.103
 86160, 1142.792
 86220, 1080.172
 86280, 1107.562
 86340, 1157.047
