CampaignData_and_Merges/R0/CSL_MobileLab_Parked/raw/20240725/USOS-NOAAIodideCIMS-Halogens_MobileLabGround_20240725_RA.ict
38, 1001
Michael A Robinson, Chris Jernigan, Subi Thakali
NOAA ESRL Chemical Sciences Laboratory and CIRES, U. of Colorado
NOAA Iodide CIMS Instrument
USOS
1, 1
2024, 07, 25, 2024, 07, 26
1
starttime_UTC, seconds_past_midnight, seconds_of_day_since_00:00:00_UTC
6
1, 1, 1, 1, 1, 1
-9999, -9999, -9999, -9999, -9999, -9999
Br2_NOAACIMS, pptv, Gas_Br2_InSitu_S_AVMR, 
BrO_NOAACIMS, pptv, Gas_BrO_InSitu_S_AVMR, 
Cl2_NOAACIMS, pptv, Gas_Cl2_InSitu_S_AVMR, 
ClNO2_NOAACIMS, pptv, Gas_ClNO2_InSitu_S_AVMR, 
BrCl_NOAACIMS, pptv, Gas_BrCl_InSitu_S_AVMR, 
NCl3_NOAACIMS, pptv, Gas_NCl3_InSitu_S_AVMR, 
0
18
PI_CONTACT_INFO: 325 Broadway, R/CSD 7, Boulder, Colorado 80305; michael.a.robinson@noaa.gov; chris.jernigan@noaa.gov;
PLATFORM: NOAA CSL Mobile Lab
LOCATION: SLC, Utah
ASSOCIATED_DATA: 1Hz data also available on request.
INSTRUMENT_INFO: NOAA I- ToF CIMS
DATA_INFO: All data in parts per trillion by volume (pptv). 1 Hz data is available upon request.
UNCERTAINTY: TBD
ULOD_FLAG: -7777
ULOD_VALUE: N/A
LLOD_FLAG: -8888
LLOD_VALUE: N/A
DM_CONTACT_INFO: Nathan Howard; nathan.h.howard@noaa.gov
PROJECT_INFO: USOS, summer 2024. https://csl.noaa.gov/groups/csl7/measurements/2024usos/
STIPULATIONS_ON_USE: Users are strongly encouraged to contact the PI for proper data usage.
OTHER_COMMENTS: 
REVISION: RA
RA: Preliminary Data; For in-field use only
starttime_UTC, Br2_NOAACIMS, BrO_NOAACIMS, Cl2_NOAACIMS, ClNO2_NOAACIMS, BrCl_NOAACIMS, NCl3_NOAACIMS
     0,  0.765,  0.261,  1.331,  0.101,  0.186,  0.288
    60,  1.189,  0.239,  1.223,  0.076,  0.155,  0.375
   120,  1.100,  0.329,  1.230,  0.047,  0.163,  0.323
   180,  1.125,  0.155,  1.045,  0.015,  0.163,  0.371
   240,  0.858,  0.255,  1.227,  0.038,  0.139,  0.316
   300,  1.020,  0.188,  1.238,  0.032,  0.169,  0.333
   360, -9999.000, -9999.000, -9999.000, -9999.000, -9999.000, -9999.000
   420,  1.003,  0.159,  1.135,  0.054,  0.131,  0.409
   480,  1.005,  0.168,  0.988,  0.046,  0.202,  0.297
   540,  0.998,  0.336,  1.149,  0.049,  0.171,  0.379
   600,  0.991,  0.229,  1.088,  0.090,  0.121,  0.261
   660,  1.126,  0.176,  1.220,  0.053,  0.174,  0.312
   720,  0.602,  0.075,  0.978,  0.035,  0.128,  0.155
   780,  0.921,  0.111,  1.035,  0.010,  0.182,  0.382
   840,  1.058,  0.283,  1.062,  0.083,  0.194,  0.295
   900,  0.873,  0.214,  1.063,  0.072,  0.161,  0.223
   960,  1.174,  0.133,  1.197,  0.040,  0.198,  0.278
  1020,  0.943,  0.182,  1.141,  0.057,  0.195,  0.338
  1080,  1.004,  0.153,  1.247,  0.087,  0.199,  0.378
  1140,  1.101,  0.161,  1.469,  0.026,  0.196,  0.237
  1200,  0.879,  0.168,  1.298,  0.055,  0.217,  0.306
  1260,  0.855,  0.169,  1.196,  0.057,  0.153,  0.267
  1320,  0.841,  0.114,  1.173,  0.076,  0.225,  0.345
  1380,  0.938,  0.106,  1.133,  0.046,  0.176,  0.322
  1440,  0.733,  0.073,  1.333,  0.057,  0.153,  0.303
  1500,  0.894,  0.069,  1.236,  0.064,  0.230,  0.288
  1560,  0.856,  0.031,  1.265,  0.031,  0.082,  0.181
  1620,  0.522, -0.002,  1.124,  0.056,  0.033,  0.270
  1680,  0.673,  0.020,  1.177,  0.060,  0.149,  0.350
  1740,  0.714,  0.152,  1.411,  0.056,  0.137,  0.287
  1800,  0.746,  0.219,  1.277,  0.069,  0.191,  0.467
  1860,  1.001,  0.098,  1.151,  0.080,  0.161,  0.355
  1920,  0.536, -0.021,  1.049,  0.019,  0.108,  0.141
  1980,  0.649, -0.022,  1.160,  0.046,  0.150,  0.755
  2040,  0.755,  0.050,  1.309,  0.059,  0.233,  0.612
  2100,  0.738,  0.026,  1.271,  0.079,  0.148,  0.393
  2160,  0.576, -0.031,  1.272,  0.033,  0.188,  0.426
  2220, -9999.000, -9999.000, -9999.000, -9999.000, -9999.000, -9999.000
  2280,  0.814,  0.048,  0.934,  0.069,  0.150,  0.265
  2340,  0.821,  0.100,  0.950,  0.074,  0.153,  0.167
  2400,  0.864,  0.155,  1.181,  0.101,  0.193,  0.571
  2460,  0.685,  0.010,  1.100,  0.100,  0.198,  1.717
  2520,  0.624,  0.044,  1.124,  0.079,  0.103,  2.650
  2580,  0.413, -0.030,  1.145,  0.061,  0.128,  0.335
  2640,  0.190, -0.055,  1.108,  0.038,  0.002,  0.292
  2700,  0.623,  0.044,  1.089,  0.054,  0.103,  1.871
  2760,  0.798,  0.078,  1.121,  0.086,  0.175,  0.388
  2820,  0.675,  0.143,  1.417,  0.046,  0.154,  0.574
  2880,  0.685,  0.142,  1.416,  0.124,  0.213,  2.275
  2940,  0.811,  0.070,  1.355,  0.061,  0.198,  1.731
  3000,  0.504,  0.161,  1.381,  0.063,  0.133,  0.417
  3060,  0.825,  0.092,  1.243,  0.074,  0.115,  0.295
  3120,  0.786,  0.225,  1.264,  0.099,  0.159,  0.454
  3180,  0.781,  0.179,  1.188,  0.015,  0.148,  0.479
  3240,  0.252, -0.033,  1.066,  0.081,  0.110,  0.634
  3300,  0.907,  0.205,  1.357,  0.073,  0.218,  1.456
  3360,  0.527,  0.064,  1.405,  0.055,  0.158,  0.920
  3420,  0.656,  0.270,  1.245,  0.055,  0.207,  0.382
  3480,  0.970,  0.172,  1.431,  0.072,  0.204,  1.250
  3540,  0.941,  0.257,  1.285,  0.048,  0.215,  0.979
  3600,  0.569,  0.050,  1.125,  0.031,  0.135,  0.319
  3660,  0.620,  0.123,  1.158,  0.060,  0.170,  0.450
  3720,  0.809,  0.158,  1.299,  0.069,  0.153,  0.508
  3780,  0.755,  0.107,  1.440,  0.065,  0.238,  0.875
  3840,  0.522,  0.074,  1.471,  0.061,  0.128,  0.198
  3900,  0.800,  0.204,  1.389,  0.065,  0.202,  0.918
  3960,  1.023,  0.286,  1.343,  0.104,  0.255,  0.989
  4020,  0.839,  0.074,  1.316,  0.080,  0.224,  1.051
  4080,  0.986,  0.193,  1.582,  0.120,  0.175,  1.175
  4140,  1.001,  0.317,  1.367,  0.124,  0.258,  0.834
  4200,  0.961,  0.313,  1.450,  0.104,  0.223,  1.104
  4260,  1.072,  0.284,  1.521,  0.113,  0.270,  0.955
  4320,  1.026,  0.238,  1.483,  0.122,  0.245,  1.017
  4380,  0.916,  0.327,  1.452,  0.118,  0.221,  1.212
  4440,  1.116,  0.302,  1.496,  0.143,  0.235,  0.960
  4500,  1.110,  0.350,  1.362,  0.076,  0.274,  1.192
  4560,  1.006,  0.290,  1.857,  0.122,  0.270,  5.151
  4620,  0.969,  0.291,  1.473,  0.130,  0.238,  1.188
  4680,  0.854,  0.280,  1.435,  0.050,  0.170,  0.801
  4740,  1.073,  0.258,  1.632,  0.120,  0.218,  2.084
  4800,  1.173,  0.154,  1.366,  0.107,  0.262,  1.014
  4860,  1.180,  0.250,  1.363,  0.109,  0.301,  0.659
  4920,  1.214,  0.229,  1.547,  0.089,  0.291,  0.966
  4980,  1.209,  0.261,  1.555,  0.101,  0.249,  0.886
  5040,  0.768,  0.158,  1.529,  0.093,  0.239,  2.313
  5100,  1.076,  0.260,  1.718,  0.108,  0.313,  1.190
  5160,  1.272,  0.266,  1.848,  0.121,  0.313,  1.299
  5220,  1.240,  0.229,  1.537,  0.097,  0.322,  1.435
  5280,  1.176,  0.263,  1.673,  0.145,  0.324,  1.497
  5340,  1.323,  0.268,  1.590,  0.138,  0.306,  1.184
  5400,  1.434,  0.206,  1.375,  0.110,  0.330,  1.761
  5460,  1.237,  0.332,  1.552,  0.126,  0.318,  1.082
  5520,  1.371,  0.335,  1.531,  0.137,  0.418,  1.125
  5580,  1.520,  0.325,  1.751,  0.182,  0.371,  1.355
  5640,  1.525,  0.341,  1.545,  0.125,  0.365,  0.907
  5700,  1.366,  0.325,  1.479,  0.143,  0.376,  1.585
  5760,  1.011,  0.169,  1.698,  0.125,  0.269,  0.986
  5820,  1.562,  0.234,  1.835,  0.179,  0.410,  1.429
  5880, -9999.000, -9999.000, -9999.000, -9999.000, -9999.000, -9999.000
  5940,  1.261,  0.253,  1.370,  0.144,  0.413,  0.742
  6000,  1.245,  0.207,  1.369,  0.091,  0.349,  0.751
  6060,  1.291,  0.154,  1.600,  0.161,  0.329,  2.084
  6120,  1.254,  0.206,  1.595,  0.098,  0.438,  0.635
  6180,  1.315,  0.224,  1.755,  0.160,  0.391,  0.743
  6240,  1.335,  0.234,  1.611,  0.116,  0.381,  0.719
  6300,  1.382,  0.317,  1.571,  0.142,  0.433,  0.916
  6360,  1.239,  0.288,  1.642,  0.125,  0.346,  0.801
  6420,  0.913,  0.188,  1.647,  0.114,  0.339,  0.518
  6480,  1.009,  0.173,  1.638,  0.183,  0.295,  1.193
  6540,  1.143,  0.344,  1.628,  0.113,  0.393,  0.726
  6600,  1.389,  0.256,  1.417,  0.109,  0.437,  0.606
  6660,  1.504,  0.310,  1.540,  0.161,  0.374,  0.786
  6720,  1.262,  0.257,  1.680,  0.141,  0.376,  0.894
  6780,  1.192,  0.256,  1.622,  0.124,  0.387,  0.439
  6840,  1.062,  0.192,  1.485,  0.131,  0.345,  0.547
  6900,  1.234,  0.241,  1.722,  0.167,  0.444,  0.715
  6960,  1.195,  0.246,  1.613,  0.174,  0.447,  0.442
  7020,  1.294,  0.275,  1.466,  0.161,  0.438,  0.530
  7080,  1.280,  0.206,  1.482,  0.148,  0.394,  0.600
  7140,  1.180,  0.293,  1.455,  0.102,  0.407,  0.483
  7200,  1.102,  0.240,  1.466,  0.174,  0.426,  0.698
  7260,  1.161,  0.210,  1.582,  0.124,  0.468,  0.757
  7320,  1.265,  0.124,  1.871,  0.211,  0.402,  0.809
  7380,  1.115,  0.134,  2.983,  0.214,  0.444,  1.126
  7440,  1.356,  0.226,  8.763,  0.228,  0.363,  0.786
  7500,  1.211,  0.252,  7.532,  0.149,  0.481,  1.417
  7560,  1.145,  0.203,  4.538,  0.168,  0.509,  1.011
  7620,  1.173,  0.234,  5.163,  0.210,  0.422,  1.011
  7680,  1.006,  0.163,  2.928,  0.166,  0.486,  0.805
  7740,  0.591, -0.051,  1.726, -0.042,  0.331,  0.382
  7800,  0.919,  0.198,  1.690,  0.103,  0.402,  0.598
  7860,  1.116,  0.131,  1.723,  0.123,  0.377,  0.680
  7920,  1.080,  0.173,  1.684,  0.123,  0.404,  1.276
  7980,  1.076,  0.147,  1.590,  0.160,  0.403,  0.810
  8040,  0.974,  0.152,  1.714,  0.167,  0.408,  0.910
  8100,  1.071,  0.184,  1.810,  0.130,  0.426,  1.190
  8160,  1.001,  0.151,  1.983,  0.167,  0.336,  1.311
  8220,  1.021,  0.190,  1.634,  0.128,  0.402,  0.707
  8280,  1.223,  0.177,  1.912,  0.179,  0.411,  1.552
  8340,  1.285,  0.183,  1.933,  0.206,  0.463,  1.941
  8400,  1.053,  0.138,  1.679,  0.129,  0.436,  1.141
  8460,  1.026,  0.264,  1.868,  0.189,  0.507,  1.111
  8520,  1.134,  0.149,  1.849,  0.143,  0.469,  1.011
  8580,  1.036,  0.182,  1.653,  0.170,  0.489,  0.770
  8640,  0.870,  0.140,  1.852,  0.164,  0.511,  0.939
  8700,  1.073,  0.215,  1.702,  0.167,  0.515,  1.238
  8760,  1.137,  0.130,  1.827,  0.176,  0.409,  1.590
  8820,  0.992,  0.218,  2.189,  0.193,  0.482,  1.228
  8880,  1.037,  0.197,  1.740,  0.144,  0.404,  1.170
  8940,  1.158,  0.235,  2.086,  0.157,  0.439,  1.404
  9000,  1.055,  0.119,  4.607,  0.232,  0.529,  1.671
  9060,  1.028,  0.174,  6.333,  0.210,  0.543,  1.330
  9120,  1.245,  0.154,  3.849,  0.194,  0.503,  2.123
  9180,  1.053,  0.240,  3.240,  0.170,  0.460,  2.621
  9240,  1.221,  0.183,  2.758,  0.205,  0.594,  3.331
  9300,  1.115,  0.099,  2.051,  0.171,  0.472,  4.300
  9360,  1.401,  0.206,  2.013,  0.126,  0.534,  4.444
  9420,  1.142,  0.267,  2.015,  0.135,  0.484,  5.478
  9480,  1.166,  0.243,  1.628,  0.085,  0.454,  4.501
  9540,  1.141,  0.109,  1.753,  0.165,  0.359,  4.174
  9600, -9999.000, -9999.000, -9999.000, -9999.000, -9999.000, -9999.000
  9660,  1.081,  0.194,  1.697,  0.116,  0.528,  3.840
  9720,  1.133,  0.303,  1.519,  0.149,  0.379,  3.500
  9780,  1.100,  0.161,  1.533,  0.153,  0.437,  3.123
  9840,  1.034,  0.089,  1.646,  0.116,  0.410,  2.542
  9900,  1.126,  0.160,  1.606,  0.161,  0.458,  3.146
  9960,  1.086,  0.179,  1.578,  0.116,  0.428,  3.054
 10020,  1.012,  0.194,  1.498,  0.121,  0.429,  2.862
 10080,  0.836,  0.082,  1.492,  0.122,  0.413,  3.287
 10140,  0.919,  0.078,  1.527,  0.145,  0.431,  2.830
 10200,  0.986,  0.132,  1.519,  0.181,  0.369,  3.404
 10260,  1.160,  0.107,  1.645,  0.126,  0.428,  3.755
 10320,  1.295,  0.052,  1.763,  0.158,  0.453,  4.234
 10380,  1.164,  0.117,  1.663,  0.155,  0.525,  4.395
 10440,  1.266,  0.198,  1.628,  0.149,  0.521,  5.138
 10500,  1.278,  0.096,  1.823,  0.146,  0.514,  5.163
 10560,  1.302,  0.079,  1.728,  0.156,  0.481,  6.169
 10620,  1.178,  0.099,  1.819,  0.133,  0.499,  5.587
 10680,  1.158,  0.077,  1.787,  0.153,  0.475,  5.224
 10740,  0.972,  0.095,  1.703,  0.107,  0.524,  5.161
 10800,  1.128,  0.220,  1.901,  0.179,  0.403,  6.542
 10860,  0.994,  0.105,  2.240,  0.178,  0.489,  6.259
 10920,  0.976,  0.001,  1.986,  0.154,  0.470,  5.985
 10980,  0.848,  0.184,  1.707,  0.173,  0.397,  4.952
 11040,  0.886,  0.075,  1.694,  0.134,  0.390,  5.255
 11100,  0.929,  0.092,  1.666,  0.150,  0.413,  4.797
 11160,  0.838,  0.093,  1.769,  0.134,  0.350,  4.550
 11220,  0.803,  0.133,  1.754,  0.135,  0.404,  4.201
 11280,  0.827,  0.065,  1.522,  0.127,  0.345,  3.429
 11340,  0.846, -0.037,  1.410,  0.141,  0.361,  3.030
 11400,  0.878,  0.007,  1.381,  0.119,  0.419,  3.013
 11460,  0.438,  0.261,  1.490,  0.040,  0.319,  1.918
 11520,  0.734,  0.006,  1.299,  0.100,  0.327,  2.679
 11580,  0.747,  0.004,  1.244,  0.120,  0.406,  2.746
 11640,  0.904, -0.008,  1.372,  0.143,  0.346,  2.714
 11700,  0.869,  0.038,  1.436,  0.106,  0.295,  2.992
 11760,  0.978,  0.039,  1.506,  0.141,  0.384,  3.818
 11820,  0.800,  0.025,  1.408,  0.096,  0.347,  3.668
 11880,  1.007,  0.063,  1.410,  0.153,  0.340,  3.020
 11940,  0.857,  0.111,  1.206,  0.087,  0.413,  2.750
 12000,  0.840,  0.080,  1.224,  0.121,  0.368,  2.944
 12060,  1.074,  0.069,  1.226,  0.119,  0.344,  2.965
 12120,  0.932,  0.139,  1.165,  0.099,  0.299,  2.624
 12180,  0.873,  0.114,  1.067,  0.090,  0.368,  2.719
 12240,  0.930,  0.196,  1.097,  0.107,  0.292,  2.529
 12300,  0.960,  0.053,  0.948,  0.114,  0.292,  2.939
 12360,  1.027,  0.070,  1.068,  0.104,  0.285,  2.934
 12420,  0.958,  0.210,  1.133,  0.105,  0.298,  2.953
 12480,  0.825,  0.185,  2.315,  0.170,  0.355,  2.784
 12540,  1.003,  0.202,  1.385,  0.110,  0.332,  2.959
 12600,  1.044,  0.239,  1.303,  0.148,  0.332,  2.931
 12660,  0.935,  0.229,  1.522,  0.151,  0.327,  3.219
 12720,  0.869,  0.216,  1.420,  0.229,  0.402,  3.756
 12780,  1.070,  0.247,  1.486,  0.209,  0.335,  3.298
 12840,  1.135,  0.155,  1.462,  0.170,  0.492,  2.848
 12900,  1.148,  0.190,  1.600,  0.154,  0.453,  2.409
 12960,  1.103,  0.377,  1.479,  0.235,  0.430,  2.306
 13020,  1.034,  0.415,  1.351,  0.219,  0.429,  2.517
 13080,  1.162,  0.464,  1.438,  0.223,  0.444,  2.225
 13140,  1.055,  0.424,  1.958,  0.225,  0.511,  2.411
 13200,  1.084,  0.286,  1.869,  0.252,  0.508,  1.904
 13260,  1.057,  0.238,  2.282,  0.270,  0.532,  2.340
 13320,  1.482,  0.212,  1.766,  0.363,  0.693,  2.107
 13380,  1.233,  0.285,  1.943,  0.270,  0.577,  2.306
 13440,  1.148,  0.239,  2.367,  0.294,  0.618,  2.005
 13500,  1.058,  0.220,  2.511,  0.335,  0.621,  2.280
 13560,  1.069,  0.277,  2.467,  0.317,  0.636,  2.216
 13620,  1.046,  0.271,  2.035,  0.351,  0.473,  2.296
 13680,  0.895,  0.211,  1.812,  0.431,  0.470,  2.800
 13740,  0.983,  0.293,  1.890,  0.383,  0.515,  2.147
 13800,  0.874,  0.252,  1.390,  0.268,  0.365,  2.338
 13860,  0.877,  0.241,  1.598,  0.294,  0.479,  2.245
 13920,  1.071,  0.269,  1.855,  0.310,  0.519,  3.561
 13980,  0.832,  0.256,  1.574,  0.352,  0.427,  3.111
 14040,  0.870,  0.282,  1.471,  0.276,  0.470,  3.653
 14100,  0.747,  0.311,  1.659,  0.223,  0.508,  3.475
 14160,  0.952,  0.275,  1.607,  0.265,  0.583,  4.417
 14220,  0.899,  0.243,  1.549,  0.210,  0.541,  3.722
 14280,  0.949,  0.180,  1.803,  0.275,  0.625,  3.540
 14340,  0.925,  0.287,  1.699,  0.216,  0.594,  2.992
 14400,  1.161,  0.232,  1.729,  0.210,  0.674,  3.346
 14460,  1.047,  0.194,  1.815,  0.291,  0.665,  3.638
 14520,  1.113,  0.177,  2.068,  0.314,  0.593,  3.065
 14580,  0.847,  0.161,  2.226,  0.319,  0.720,  3.091
 14640,  0.959,  0.189,  2.179,  0.319,  0.712,  3.220
 14700,  0.938,  0.212,  2.512,  0.417,  0.579,  4.404
 14760,  1.032,  0.174,  2.307,  0.319,  0.632,  3.660
 14820,  0.871,  0.178,  2.363,  0.347,  0.638,  3.580
 14880,  1.013,  0.237,  2.393,  0.345,  0.632,  3.736
 14940,  0.819,  0.219,  2.272,  0.394,  0.640,  3.742
 15000,  0.988,  0.235,  2.160,  0.338,  0.719,  3.602
 15060,  1.091,  0.233,  2.098,  0.373,  0.743,  3.959
 15120,  0.997,  0.077,  1.946,  0.368,  0.675,  3.316
 15180,  0.875,  0.147,  1.956,  0.307,  0.751,  4.283
 15240,  0.867,  0.231,  1.920,  0.409,  0.725,  4.503
 15300,  0.937,  0.120,  2.070,  0.405,  0.711,  4.636
 15360,  0.846,  0.164,  1.780,  0.387,  0.735,  4.693
 15420,  0.949,  0.158,  1.980,  0.428,  0.679,  4.924
 15480,  1.011,  0.170,  1.977,  0.372,  0.724,  5.163
 15540,  0.964,  0.148,  1.952,  0.394,  0.655,  4.990
 15600,  1.109,  0.119,  1.935,  0.419,  0.723,  5.887
 15660,  1.014,  0.129,  1.969,  0.434,  0.751,  5.313
 15720,  1.001,  0.214,  1.946,  0.394,  0.638,  5.394
 15780,  1.137,  0.119,  1.811,  0.406,  0.692,  5.275
 15840,  0.902,  0.183,  1.805,  0.535,  0.648,  5.228
 15900,  0.972,  0.121,  1.724,  0.433,  0.630,  5.361
 15960,  1.028,  0.023,  1.912,  0.370,  0.680,  6.603
 16020,  1.234,  0.092,  1.942,  0.505,  0.811,  7.280
 16080,  1.253,  0.114,  1.933,  0.424,  0.784,  7.606
 16140,  1.123,  0.098,  1.947,  0.433,  0.722,  7.743
 16200,  1.234,  0.087,  1.952,  0.444,  0.649,  9.020
 16260,  1.171,  0.093,  2.164,  0.482,  0.757, 10.172
 16320,  1.148,  0.171,  1.878,  0.397,  0.686, 10.087
 16380,  1.096,  0.108,  2.044,  0.444,  0.703,  9.619
 16440,  1.059,  0.056,  1.937,  0.467,  0.683,  9.688
 16500,  1.192,  0.114,  2.120,  0.515,  0.666, 10.064
 16560,  1.131,  0.101,  2.009,  0.489,  0.629, 10.513
 16620,  1.239, -0.002,  2.043,  0.459,  0.736, 10.496
 16680,  1.241,  0.105,  2.239,  0.534,  0.612, 10.654
 16740,  1.122,  0.061,  2.126,  0.502,  0.621, 11.050
 16800,  1.363,  0.059,  2.099,  0.504,  0.579, 11.412
 16860,  1.299,  0.029,  2.056,  0.508,  0.757, 11.499
 16920,  1.300, -0.038,  2.133,  0.492,  0.728, 11.704
 16980, -9999.000, -9999.000, -9999.000, -9999.000, -9999.000, -9999.000
 17040,  0.979,  0.041,  1.857,  0.606,  0.653, 13.176
 17100,  1.109,  0.058,  2.106,  0.579,  0.657, 13.444
 17160,  1.203,  0.157,  2.099,  0.566,  0.620, 13.744
 17220,  1.105,  0.115,  2.076,  0.530,  0.639, 14.130
 17280,  1.141,  0.057,  1.965,  0.575,  0.675, 13.662
