CampaignData_and_Merges/R0/CSL_MobileLab_Parked/raw/20240725/USOS-NOy-LIF_MobileLabGround_20240725_R0.ict
39,1001
Rollins, A.; Waxman, E.; Zuraski, K.; Chace, W.
NOAA Chemical Sciences Laboratory
LIF NO/NOx/NOy on CSL Mobile Lab
AMMBEC / USOS
1, 1
2024,07,25, 2025,01,04
1
Time_Start, seconds, number_of_seconds_since_0000_UTC
7
1, 1, 1, 1, 1, 1, 1
-9999, -9999, -9999, -9999, -9999, -9999, -9999
Time_Stop, seconds, number_of_seconds_since_0000_UTC
NO_LIF, pptv, Gas_NO_InSitu_S_AVMR, volume mixing ratio of nitric oxide in air
NO2_LIF, pptv, Gas_NO2_InSitu_S_AVMR, volume mixing ratio of nitrogen dioxide in air
NOy_LIF, pptv, Gas_NOy_InSitu_S_AVMR, volume mixing ratio of total oxidized nitrogen in air
NO_LIF_1SigmaAccuracy, pptv, Gas_NO_InSitu_S_AVMR, volume mixing ratio of nitric oxide in air
NO2_LIF_1SigmaAccuracy, pptv, Gas_NO2_InSitu_S_AVMR, volume mixing ratio of nitrogen dioxide in air
NOy_LIF_1SigmaAccuracy, pptv, Gas_NOy_InSitu_S_AVMR, volume mixing ratio of total oxidized nitrogen in air
0
18
PI_CONTACT_INFO: andrew.rollins@noaa.gov
PLATFORM: CSL Mobile Lab
LOCATION: Salt Lake City, UT
ASSOCIATED_DATA:
INSTRUMENT_INFO: NO detection by laser induced fluorescence. NO2 detection by photolytic conversion to NO. NOy detection by catalytic conversion to NO on gold surface
DATA_INFO:
UNCERTAINTY: Included 1 Sigma Accuracy waves represent the combined calibration uncertainties (±6%, ±9%, ±10%) and zero uncertainties (3 ppt, 20 ppt, 100 ppt) for NO, NO2, and NOy, respectively.
ULOD_FLAG: -7777
ULOD_VALUE: N/A
LLOD_FLAG: -8888
LLOD_VALUE: N/A
DM_CONTACT_INFO: andrew.rollins@noaa.gov
PROJECT_INFO: USOS Project, July - August 2024
STIPULATIONS_ON_USE: Users are strongly encouraged to contact the PI for proper data usage.
OTHER_COMMENTS:
REVISION: R0
R0: final data
Time_Start, Time_Stop, NO_LIF, NO2_LIF, NOy_LIF, NO_LIF_1SigmaAccuracy, NO2_LIF_1SigmaAccuracy, NOy_LIF_1SigmaAccuracy
[from data line 1061]
   63660,   63720,827.4,2393.6,4716.8,52.644, 235.42, 571.68
   63720,   63780,290.2,1240.5,4263.9,20.412, 131.64, 526.39
   63780,   63840,185.8,935.9,2281.7,14.148, 104.23, 328.17
   63840,   63900,200.26,950.63,2210.3,15.016, 105.56, 321.03
   63900,   63960,263.12,1120.4,2807.8,18.787, 120.84, 380.78
   63960,   64020,342.73,1483.2,3141.2,23.564, 153.49, 414.12
   64020,   64080,329.68,1404,3077.3,22.781, 146.36, 407.73
   64080,   64140,196.7,886.4,2045.7,14.802, 99.776, 304.57
   64140,   64200,204.74,893.65,2048.8,15.284, 100.43, 304.88
   64200,   64260,194.91,891.49,2108.1,14.695, 100.23, 310.81
   64260,   64320,316.29,1271.1,3247.1,21.977, 134.4, 424.71
   64320,   64380,388.71,1563,3017.8,26.323, 160.67, 401.78
   64380,   64440,334.9,1435.8,2634,23.094, 149.22, 363.4
   64440,   64500,1542.2,4157.3,6785.6,95.533, 394.15, 778.56
   64500,   64560,1516.7,4868.5,8260.6,94.001, 458.17, 926.06
   64560,   64620,613.74,2365.8,3993.4,39.825, 232.93, 499.34
   64620,   64680,277.31,1181.4,2726.5,19.639, 126.33, 372.65
   64680,   64740,355.99,1440.7,3185.8,24.36, 149.66, 418.58
   64740,   64800,581.51,1771.5,3404.1,37.891, 179.44, 440.41
   64800,   64860,229.61,1062.3,2457.7,16.777, 115.61, 345.77
   64860,   64920,227.78,1066.2,2460.1,16.667, 115.96, 346.01
   64920,   64980,209.84,950.29,2283.4,15.591, 105.53, 328.34
   64980,   65040,209.14,991.71,2350.6,15.549, 109.25, 335.06
   65040,   65100,237.11,1073.6,2328,17.227, 116.63, 332.8
   65100,   65160,222.07,912.3,1952.6,16.324, 102.11, 295.26
   65160,   65220,-9999,-9999,-9999,-9999, -9999, -9999
   65220,   65280,-9999,-9999,-9999,-9999, -9999, -9999
   65280,   65340,-9999,-9999,-9999,-9999, -9999, -9999
   65340,   65400,-9999,-9999,-9999,-9999, -9999, -9999
   65400,   65460,-9999,-9999,-9999,-9999, -9999, -9999
   65460,   65520,-9999,-9999,-9999,-9999, -9999, -9999
   65520,   65580,-9999,-9999,-9999,-9999, -9999, -9999
   65580,   65640,484.61,2085.2,3658.6,32.077, 207.67, 465.86
   65640,   65700,412.38,2002.8,3884.3,27.743, 200.25, 488.43
   65700,   65760,455.18,2154.8,4508.9,30.311, 213.93, 550.89
   65760,   65820,883.58,3209.6,6717.7,56.015, 308.86, 771.77
   65820,   65880,605.1,2500.6,4736.3,39.306, 245.06, 573.63
   65880,   65940,982.22,3000.8,5902.2,61.933, 290.07, 690.22
   65940,   66000,473.46,1929.9,3985.2,31.408, 193.69, 498.52
   66000,   66060,576.23,2130.6,3776.8,37.574, 211.76, 477.68
   66060,   66120,307.58,1388,3172.3,21.455, 144.92, 417.23
   66120,   66180,308.79,1438.9,3096.9,21.528, 149.5, 409.69
   66180,   66240,492.63,1991.8,3649.5,32.558, 199.26, 464.95
   66240,   66300,549.95,2162.8,4133.1,35.997, 214.65, 513.31
   66300,   66360,241.31,1115.1,2586,17.479, 120.36, 358.6
   66360,   66420,325.64,1340.9,2950.6,22.538, 140.68, 395.06
   66420,   66480,311.97,1343.2,2952.8,21.718, 140.89, 395.28
   66480,   66540,235.18,1106,2757,17.111, 119.54, 375.7
   66540,   66600,737.32,2129.5,3515.4,47.239, 211.65, 451.54
   66600,   66660,777.97,2734.5,4201.3,49.678, 266.11, 520.13
   66660,   66720,367.09,1580.7,2944.3,25.025, 162.27, 394.43
   66720,   66780,414.15,1624.2,3121.6,27.849, 166.18, 412.16
   66780,   66840,404.29,1608.5,2988.9,27.257, 164.77, 398.89
   66840,   66900,275.69,1236.7,2573.9,19.542, 131.3, 357.39
   66900,   66960,239.57,1082.8,2463.1,17.374, 117.46, 346.31
   66960,   67020,439.53,1324.3,3058.5,29.372, 139.18, 405.85
   67020,   67080,180.91,738.19,1566.6,13.855, 86.437, 256.66
   67080,   67140,124.53,618.03,1480.7,10.472, 75.623, 248.07
   67140,   67200,986.7,1682.5,2927.3,62.202, 171.42, 392.73
   67200,   67260,163.71,740.1,1930.1,12.823, 86.609, 293.01
   67260,   67320,136.23,657.35,1770.7,11.174, 79.161, 277.07
   67320,   67380,308.76,1302.7,2223.3,21.526, 137.24, 322.33
   67380,   67440,161.15,795.49,2138.9,12.669, 91.594, 313.89
   67440,   67500,162.27,781.65,1825.4,12.736, 90.349, 282.54
   67500,   67560,264.53,1093.1,2038.6,18.872, 118.38, 303.86
   67560,   67620,287.18,1002,2110.2,20.231, 110.18, 311.02
   67620,   67680,169.01,814.67,1869.9,13.141, 93.32, 286.99
   67680,   67740,153.67,765.27,1828.1,12.22, 88.874, 282.81
   67740,   67800,117.4,602.11,1686.1,10.044, 74.19, 268.61
   67800,   67860,112.76,577.99,1504.9,9.7658, 72.019, 250.49
   67860,   67920,155.07,794.7,1828.2,12.304, 91.523, 282.82
   67920,   67980,520.07,1778.1,2995,34.204, 180.03, 399.5
   67980,   68040,329.73,1454.2,2848.4,22.784, 150.88, 384.84
   68040,   68100,343.71,1520.5,2917.1,23.622, 156.84, 391.71
   68100,   68160,251.4,1174.2,2300.5,18.084, 125.68, 330.05
   68160,   68220,243.49,1109.2,2350.3,17.609, 119.83, 335.03
   68220,   68280,135.7,668.02,1653.7,11.142, 80.122, 265.37
   68280,   68340,160.45,742.81,1629.8,12.627, 86.853, 262.98
   68340,   68400,241.18,947.39,1733.3,17.471, 105.27, 273.33
   68400,   68460,124.11,645.52,1527.3,10.446, 78.097, 252.73
   68460,   68520,140.74,698.66,1617.9,11.444, 82.879, 261.79
   68520,   68580,200.5,926.23,1898.7,15.03, 103.36, 289.87
   68580,   68640,185.52,900.27,2069.9,14.131, 101.02, 306.99
   68640,   68700,288.44,1369.8,3043.4,20.306, 143.28, 404.34
   68700,   68760,245.17,1243.8,2845.5,17.71, 131.95, 384.55
   68760,   68820,703.16,2645.2,3509.8,45.189, 258.07, 450.98
   68820,   68880,824.71,3261.2,6230.4,52.482, 313.51, 723.04
   68880,   68940,263.64,1375.2,3126,18.818, 143.76, 412.6
   68940,   69000,226.31,1181.5,2363.2,16.579, 126.34, 336.32
   69000,   69060,216.35,1195.5,2509.1,15.981, 127.6, 350.91
   69060,   69120,232.94,1273.1,2927.2,16.976, 134.58, 392.72
   69120,   69180,271.02,1437.1,3018.2,19.261, 149.34, 401.82
   69180,   69240,292.02,1567.3,3170.4,20.521, 161.06, 417.04
   69240,   69300,306.3,1750,3360.1,21.378, 177.5, 436.01
   69300,   69360,294.13,1721,3395.9,20.648, 174.89, 439.59
   69360,   69420,605.64,2073.7,4510.5,39.339, 206.63, 551.05
   69420,   69480,295.09,1550.9,3368.8,20.705, 159.58, 436.88
   69480,   69540,267.24,1512.8,3198.3,19.034, 156.15, 419.83
   69540,   69600,448.46,2176.9,5416.7,29.907, 215.92, 641.67
   69600,   69660,396.49,2180.8,4213.3,26.79, 216.28, 521.33
   69660,   69720,288.58,1745.3,3486.4,20.315, 177.08, 448.64
   69720,   69780,303.21,1741.2,3555.7,21.193, 176.71, 455.57
   69780,   69840,279.71,1665,3581.7,19.783, 169.85, 458.17
   69840,   69900,261.04,1583.9,3385.5,18.662, 162.55, 438.55
   69900,   69960,280.95,1741.8,3548.9,19.857, 176.77, 454.89
   69960,   70020,333.93,1945.5,3876,23.036, 195.09, 487.6
   70020,   70080,4278.2,8571.2,12590,259.69, 791.41, 1359
   70080,   70140,1316.5,3771.8,8561,81.99, 359.46, 956.1
   70140,   70200,373.02,2052,4050.3,25.381, 204.68, 505.03
   70200,   70260,2503.2,5699.6,8756.4,153.19, 532.97, 975.64
   70260,   70320,2631.6,6041,10308,160.9, 563.69, 1130.8
   70320,   70380,628.01,2771.4,8661.8,40.681, 269.43, 966.18
   70380,   70440,721.98,3212.8,4947.9,46.319, 309.15, 594.79
   70440,   70500,513.72,2454.4,4546,33.823, 240.9, 554.6
   70500,   70560,362.48,2107.4,4222,24.749, 209.66, 522.2
   70560,   70620,360.39,2082.5,4195.7,24.624, 207.42, 519.57
   70620,   70680,358.44,1961.2,4147,24.506, 196.51, 514.7
   70680,   70740,437.55,2177.1,3974.8,29.253, 215.94, 497.48
   70740,   70800,2873,7102.4,7445.3,175.38, 659.22, 844.53
   70800,   70860,3309.3,7736.1,10677,201.56, 716.25, 1167.7
   70860,   70920,3123.6,7030.3,12081,190.41, 652.73, 1308.1
   70920,   70980,3188.3,7638.6,13519,194.3, 707.48, 1451.9
   70980,   71040,3625.3,7952,14770,220.52, 735.68, 1577
   71040,   71100,2965.9,6891,14266,180.95, 640.19, 1526.6
   71100,   71160,2045.4,4639.8,9158.1,125.72, 437.58, 1015.8
   71160,   71220,2305.3,4900.4,8721.7,141.32, 461.03, 972.17
   71220,   71280,2660.2,5862.8,9084.2,162.61, 547.65, 1008.4
   71280,   71340,6718.9,13974,20856,406.14, 1277.6, 2185.6
   71340,   71400,5508.4,10366,19673,333.5, 952.92, 2067.3
   71400,   71460,672.06,3193.4,6269.1,43.324, 307.41, 726.91
   71460,   71520,2866.9,4990,6474.2,175.01, 469.1, 747.42
   71520,   71580,1995.1,5048.4,10355,122.7, 474.35, 1135.5
   71580,   71640,2323.9,5076.9,10668,142.43, 476.92, 1166.8
   71640,   71700,7080.8,12816,25455,427.85, 1173.4, 2645.5
   71700,   71760,8948,16580,23265,539.88, 1512.2, 2426.5
   71760,   71820,7098.6,14921,22987,428.92, 1362.9, 2398.7
   71820,   71880,5788.1,12337,20858,350.29, 1130.3, 2185.8
   71880,   71940,5535,12131,19954,335.1, 1111.8, 2095.4
   71940,   72000,697.83,2687.6,4338,44.87, 261.88, 533.8
   72000,   72060,346.34,1970.2,4099.4,23.781, 197.32, 509.94
   72060,   72120,298.85,1765.1,4154.6,20.931, 178.86, 515.46
   72120,   72180,367.7,2029.6,4197.4,25.062, 202.67, 519.74
   72180,   72240,554.65,2846.8,5304.4,36.279, 276.22, 630.44
   72240,   72300,445.16,2428.7,4627.8,29.71, 238.58, 562.78
   72300,   72360,1400,4791.3,5485.1,87.001, 451.21, 648.51
   72360,   72420,628.32,2979.7,6118.8,40.699, 288.17, 711.88
   72420,   72480,383.27,1966.4,6996.6,25.996, 196.98, 799.66
   72480,   72540,306.92,1726.2,4060.1,21.415, 175.35, 506.01
   72540,   72600,331.76,1826.4,4152.6,22.906, 184.37, 515.26
   72600,   72660,765.81,3191.1,5606.5,48.948, 307.2, 660.65
   72660,   72720,364.25,2031.1,4303.1,24.855, 202.8, 530.31
   72720,   72780,442.38,2348.8,4535.5,29.543, 231.39, 553.55
   72780,   72840,435.48,2342.3,4638.5,29.129, 230.81, 563.85
   72840,   72900,541.6,2885.9,5306.8,35.496, 279.73, 630.68
   72900,   72960,1319.6,4255.1,6334.2,82.177, 402.96, 733.42
   72960,   73020,646.55,3481.1,6054.5,41.793, 333.3, 705.45
   73020,   73080,604.06,3124.5,6332.8,39.244, 301.21, 733.28
   73080,   73140,672.29,3167.7,5075.1,43.338, 305.09, 607.51
   73140,   73200,-9999,-9999,-9999,-9999, -9999, -9999
   73200,   73260,-9999,-9999,-9999,-9999, -9999, -9999
   73260,   73320,-9999,-9999,-9999,-9999, -9999, -9999
   73320,   73380,-9999,-9999,-9999,-9999, -9999, -9999
   73380,   73440,-9999,-9999,-9999,-9999, -9999, -9999
   73440,   73500,-9999,-9999,-9999,-9999, -9999, -9999
   73500,   73560,-9999,-9999,-9999,-9999, -9999, -9999
   73560,   73620,1080.2,3925.8,5908.8,67.814, 373.32, 690.88
   73620,   73680,1084.7,4372.1,8238.7,68.083, 413.49, 923.87
   73680,   73740,2112.4,7291.1,10062,129.74, 676.2, 1106.2
   73740,   73800,501.38,2395.8,5000.1,33.083, 235.62, 600.01
   73800,   73860,231.97,1491.6,3991.8,16.918, 154.25, 499.18
   73860,   73920,248.6,1545,4011.8,17.916, 159.05, 501.18
   73920,   73980,267.75,1621.1,4040.6,19.065, 165.9, 504.06
   73980,   74040,260.3,1609.5,3949.2,18.618, 164.85, 494.92
   74040,   74100,274.4,1773.6,3937.1,19.464, 179.62, 493.71
   74100,   74160,353.22,2296.6,4498,24.193, 226.7, 549.8
   74160,   74220,420.53,2347.4,4594.1,28.232, 231.26, 559.41
   74220,   74280,245.97,1592.3,4024.5,17.758, 163.31, 502.45
   74280,   74340,247.54,1653.7,3988.6,17.852, 168.84, 498.86
   74340,   74400,287.31,1907.9,4221.4,20.239, 191.71, 522.14
   74400,   74460,350.33,2050.7,4125.7,24.02, 204.57, 512.57
   74460,   74520,500.62,2771.7,4518.2,33.037, 269.45, 551.82
   74520,   74580,578.11,2855.5,4820.3,37.686, 276.99, 582.03
   74580,   74640,1228.7,4570.9,7902.4,76.724, 431.38, 890.24
   74640,   74700,1901.7,6889.8,11634,117.1, 640.08, 1263.4
   74700,   74760,702.06,3430.5,7199.5,45.124, 328.74, 819.95
   74760,   74820,346.17,2159,4544.2,23.77, 214.31, 554.42
   74820,   74880,268.93,1765.9,4065.2,19.136, 178.93, 506.52
   74880,   74940,317.35,2055.3,4377.5,22.041, 204.98, 537.75
   74940,   75000,285.7,1870.2,4165.9,20.142, 188.32, 516.59
   75000,   75060,280.96,1816.6,3963.1,19.857, 183.49, 496.31
   75060,   75120,273.09,1775.8,3956.5,19.385, 179.82, 495.65
   75120,   75180,264.78,1664.5,3887.3,18.887, 169.81, 488.73
   75180,   75240,252.05,1698.3,3938.7,18.123, 172.84, 493.87
   75240,   75300,264.88,1680.6,3991.9,18.893, 171.25, 499.19
   75300,   75360,265.48,1722.6,3921.3,18.929, 175.04, 492.13
   75360,   75420,411.88,2233.2,4689,27.713, 220.99, 568.9
   75420,   75480,1017.5,4286.5,6122.6,64.047, 405.79, 712.26
   75480,   75540,385.78,2239,4966.8,26.147, 221.51, 596.68
   75540,   75600,479.03,2501.8,5130.6,31.742, 245.16, 613.06
   75600,   75660,444.86,2647.6,4793.2,29.692, 258.29, 579.32
   75660,   75720,608.8,2419.3,4872.7,39.528, 237.73, 587.27
   75720,   75780,919.66,2879.7,6026.7,58.18, 279.17, 702.67
   75780,   75840,339.4,1945,4806.6,23.364, 195.05, 580.66
   75840,   75900,1785.2,4346.7,7304.2,110.11, 411.2, 830.42
   75900,   75960,699.16,2629,5201.2,44.949, 256.61, 620.12
   75960,   76020,1074.2,3809,6011,67.451, 362.81, 701.1
   76020,   76080,324.27,1771.3,3973.8,22.456, 179.42, 497.38
   76080,   76140,310.85,1773,4010.7,21.651, 179.57, 501.07
   76140,   76200,296.43,1703.5,3960.1,20.786, 173.32, 496.01
   76200,   76260,276.54,1682.1,3898.7,19.592, 171.39, 489.87
   76260,   76320,277.03,1669.2,3819.9,19.622, 170.23, 481.99
   76320,   76380,333.72,1935.2,3987.2,23.023, 194.17, 498.72
   76380,   76440,396.42,2332.6,4428.7,26.785, 229.93, 542.87
   76440,   76500,381.12,2396.7,4370,25.867, 235.7, 537
   76500,   76560,339.7,1970.2,3845.8,23.382, 197.32, 484.58
   76560,   76620,545.68,2680,4228.1,35.741, 261.2, 522.81
   76620,   76680,420.51,2269.7,4351,28.231, 224.28, 535.1
   76680,   76740,292.58,1652.3,3372,20.555, 168.71, 437.2
   76740,   76800,318.65,1746,3535.1,22.119, 177.14, 453.51
   76800,   76860,356.32,1990.5,3783.1,24.379, 199.15, 478.31
   76860,   76920,324.43,1882.8,3448.9,22.466, 189.45, 444.89
   76920,   76980,371.69,1806.7,3285.7,25.301, 182.6, 428.57
   76980,   77040,343.29,1897.2,3548.1,23.597, 190.75, 454.81
   77040,   77100,435.8,1895.9,3511.4,29.148, 190.64, 451.14
   77100,   77160,469.22,2111.7,11712,31.153, 210.05, 1271.2
   77160,   77220,409.23,1979.6,3935.5,27.554, 198.17, 493.55
   77220,   77280,338.99,1850.1,3384.9,23.339, 186.51, 438.49
   77280,   77340,315.16,1693,3086.1,21.909, 172.37, 408.61
   77340,   77400,260.22,1338,2690,18.613, 140.42, 369
   77400,   77460,227.15,1180,2437.7,16.629, 126.2, 343.77
   77460,   77520,197.71,1029.5,2175.8,14.862, 112.65, 317.58
   77520,   77580,255.12,1163.9,2339.5,18.307, 124.75, 333.95
   77580,   77640,438.24,1402.6,2953,29.294, 146.24, 395.3
   77640,   77700,2153.2,4111.8,11180,132.19, 390.06, 1218
   77700,   77760,3822.5,6519.2,18635,232.35, 606.73, 1963.5
   77760,   77820,890.52,2179.2,6640.3,56.431, 216.13, 764.03
   77820,   77880,2162.6,3629.5,8067.6,132.76, 346.65, 906.76
   77880,   77940,3314,5340.2,11300,201.84, 500.61, 1230
   77940,   78000,5642.2,7400.4,15416,341.53, 686.03, 1641.6
   78000,   78060,2291.3,4420.2,10251,140.48, 417.82, 1125.1
   78060,   78120,318.15,1489.2,2929.5,22.089, 154.03, 392.95
   78120,   78180,230.25,1219.8,2374.7,16.815, 129.78, 337.47
   78180,   78240,213.47,1125.1,2318.6,15.808, 121.26, 331.86
   78240,   78300,200.7,1090.4,2297.1,15.042, 118.13, 329.71
   78300,   78360,196.43,1021.4,2111,14.786, 111.92, 311.1
   78360,   78420,261.11,1418.3,2477.6,18.667, 147.64, 347.76
   78420,   78480,371.79,1820.6,2948.5,25.308, 183.85, 394.85
   78480,   78540,398.75,1808.5,3230.9,26.925, 182.76, 423.09
   78540,   78600,2396.5,5645.9,9895.3,146.79, 528.13, 1089.5
   78600,   78660,1829.6,4694.2,8183.8,112.78, 442.48, 918.38
   78660,   78720,256.15,1258.6,3196.8,18.369, 133.28, 419.68
   78720,   78780,762.21,1806,4455.2,48.733, 182.54, 545.52
   78780,   78840,1384.7,3447.9,6158.3,86.08, 330.31, 715.83
   78840,   78900,280.93,1396.5,2696.3,19.856, 145.69, 369.63
   78900,   78960,368.89,1802.2,2924.3,25.133, 182.2, 392.43
   78960,   79020,261.49,1413.1,2874.8,18.689, 147.18, 387.48
   79020,   79080,232.34,1361.6,2679.5,16.94, 142.54, 367.95
   79080,   79140,232.69,1294.9,2562.1,16.961, 136.54, 356.21
   79140,   79200,252.73,1354.5,2716.6,18.164, 141.9, 371.66
   79200,   79260,396.72,1656.4,3095.8,26.803, 169.08, 409.58
   79260,   79320,377.29,1724.8,3111.6,25.637, 175.23, 411.16
   79320,   79380,363.86,1662.7,3181,24.831, 169.64, 418.1
