CampaignData_and_Merges/R0/CSL_MobileLab_Parked/raw/20240725/USOS-PTR_MobileLabGround_20240725_R0.ict
58, 1001
Matthew Coggon, Kelvin Bates, Chelsea Stockwell, Carsten Warneke
NOAA ESRL Chemical Sciences Division
NOAA PTR-ToF-MS
USOS
1,1 
2024, 07, 25, 2025, 09, 19
0
Time_Start, seconds, number of seconds from 00:00 UTC 
22
1, 1, 1, 1, 1, 1, 1, 1, 1, 1, 1, 1, 1, 1, 1, 1, 1, 1, 1, 1, 1, 1
-9999, -9999, -9999, -9999, -9999, -9999, -9999, -9999, -9999, -9999, -9999, -9999, -9999, -9999, -9999, -9999, -9999, -9999, -9999, -9999, -9999, -9999
CH3OH_NOAAPTR_ppbv,  ppbv, Gas_CH3OH_InSitu_S_AVMR, (CH3OH) methanol
CH3CN_NOAAPTR_ppbv,  ppbv, Gas_CH3CN_InSitu_S_AVMR, (CH3CN) acetonitrile
CH3CHO_NOAAPTR_ppbv,  ppbv, Gas_CH3CHO_InSitu_S_AVMR, (CH3CHO) acetaldehyde plus contributions from ethylene glycol and ethylene oxide. Interference from ethanol has been subtracted out.
C2H5OH_NOAAPTR_ppbv,  ppbv, Gas_C2H5OH_InSitu_S_AVMR, (C2H5OH) ethanol
CH3SH_NOAAPTR_ppbv,  ppbv, Gas_CH3SH_InSitu_S_AVMR, (CH3SH) methanethiol, using calibration factor for DMS
Acrolein_NOAAPTR_ppbv,  ppbv, Gas_Acrolein_InSitu_S_AVMR, (C3H4O) acrolein
AcetonePropanal_NOAAPTR_ppbv,  ppbv, Gas_AcetoneAndPropanal_InSitu_S_AVMR, (C3H6O) sum of acetone (dominant isomer) and propanal, using calibration factor for acetone
DMS_NOAAPTR_ppbv,  ppbv, Gas_DMS_InSitu_S_AVMR, (C2H6S) dimethyl sulfide with possible small contributions from ethanethiol
C5H8_NOAAPTR_ppbv,  ppbv, Gas_Isoprene_InSitu_S_AVMR, (C5H8) isoprene and possible fragments from cycloalkanes and aldehydes. Interferences have been subtracted following methods described by Coggon et al (2023)
MVKMAC_NOAAPTR_ppbv,  ppbv, Gas_MVKAndMAC_InSitu_S_AVMR, (C4H6O) sum of methyl vinyl ketone, methacrolein, and small amounts of crotonaldehyde, using weighted calibration factor for MVK (0.637) and MACR (0.363)
Benzene_NOAAPTR_ppbv,  ppbv, Gas_Benzene_InSitu_S_AVMR, (C6H6) benzene
Toluene_NOAAPTR_ppbv,  ppbv, Gas_Toluene_InSitu_S_AVMR, (C7H8) toluene with possible small contributions of fragments from ethyltoluene
Styrene_NOAAPTR_ppbv,  ppbv, Gas_Styrene_InSitu_S_AVMR, (C8H8) styrene
Benzaldehyde_NOAAPTR_ppbv,  ppbv, Gas_Benzaldehyde_InSitu_S_AVMR, (C7H6O) benzaldehyde
C8Aromatics_NOAAPTR_ppbv,  ppbv, Gas_C8Aromatics_InSitu_M_AVMR, (C8H10) sum of m-xylene, p-xylene, o-xylene, and ethyl benzene
C9Aromatics_NOAAPTR_ppbv,  ppbv, Gas_C9Aromatics_InSitu_M_AVMR, (C9H12) sum of C9 aromatics
Naphthalene_NOAAPTR_ppbv,  ppbv, Gas_Naphthalene_InSitu_S_AVMR, (C10H8) naphthalene
Octanal_NOAAPTR_ppbv,  ppbv, Gas_Octanal_InSitu_S_AVMR, (C8H16O) octanal and small amounts of octanone
Monoterpenes_NOAAPTR_ppbv,  ppbv, Gas_Monoterpenes_InSitu_M_AVMR, (C10H16) sum of monoterpenes and possible contributions from fragments of oxygenated monoterpenoids such as eucalyptol.
Nonanal_NOAAPTR_ppbv,  ppbv, Gas_Nonanal_InSitu_M_AVMR, (C9H18O) nonanal and small amounts of nonanone
C7H4ClF3_NOAAPTR_ppbv,  ppbv, Gas_C7H4ClF3_InSitu_S_AVMR, (C7H4ClF3) parachlorobenzotrifluoride
C10H30O5Si5_NOAAPTR_ppbv,  ppbv, Gas_C10H30O5Si5_InSitu_S_AVMR, (C10H30O5Si5) decamethylcyclopentasiloxane
1
SPECIAL COMMENTS:N/A
21
PI_CONTACT_INFO: NOAA ESRL Chemical Sciences Division, Tropospheric Chemistry Group. 325 Broadway, R/CSD7, Boulder, CO 80305
PLATFORM: Mobile Laboratory.
LOCATION: Salt Lake City, UT
ASSOCIATED_DATA: N/A
INSTRUMENT_INFO: NOAA PTR-ToF-MS measurements on NOAA CSL Mobile Lab
DATA_INFO: Units: ppbv
UNCERTAINTY: See OTHER_COMMENTS
ULOD_FLAG: -7777
ULOD_VALUE: N/A
LLOD_FLAG: -8888
LLOD_VALUE: N/A.
DM_CONTACT_INFO: Data Managers: Matt Coggon, Kelvin Bates, Chelsea Stockwell; email: matthew.m.coggon@noaa.gov and kelvin.bates@colorado.edu
PROJECT_INFO: USOS Deployment July-August, 2024
STIPULATIONS_ON_USE: Use of these data require prior OK from PI.
OTHER_COMMENTS: Uncertainties:
CH3OH_NOAAPTR_ppbv:30%; CH3CN_NOAAPTR_ppbv:30%; CH3CHO_NOAAPTR_ppbv:30%; C2H5OH_NOAAPTR_ppbv:30%; CH3SH_NOAAPTR_ppbv:50%; Acrolein_NOAAPTR_ppbv:30%; AcetonePropanal_NOAAPTR_ppbv:30%; DMS_NOAAPTR_ppbv:30%; C5H8_NOAAPTR_ppbv:30%; MVKMAC_NOAAPTR_ppbv:30%; 
Benzene_NOAAPTR_ppbv:30%; Toluene_NOAAPTR_ppbv:30%; Styrene_NOAAPTR_ppbv:30%; Benzaldehyde_NOAAPTR_ppbv:30%; C8Aromatics_NOAAPTR_ppbv:30%; C9Aromatics_NOAAPTR_ppbv:30%; Naphthalene_NOAAPTR_ppbv:30%; Octanal_NOAAPTR_ppbv:30%; Monoterpenes_NOAAPTR_ppbv:30%; Nonanal_NOAAPTR_ppbv:30%; 
C7H4ClF3_NOAAPTR_ppbv:30%; C10H30O5Si5_NOAAPTR_ppbv:30%; 
REVISION: R0
R0: Calibrated PTR Data. See individual species comments for details about measurement uncertainties
Time_Start, CH3OH_NOAAPTR_ppbv, CH3CN_NOAAPTR_ppbv, CH3CHO_NOAAPTR_ppbv, C2H5OH_NOAAPTR_ppbv, CH3SH_NOAAPTR_ppbv, Acrolein_NOAAPTR_ppbv, AcetonePropanal_NOAAPTR_ppbv, DMS_NOAAPTR_ppbv, C5H8_NOAAPTR_ppbv, MVKMAC_NOAAPTR_ppbv, Benzene_NOAAPTR_ppbv, Toluene_NOAAPTR_ppbv, Styrene_NOAAPTR_ppbv, Benzaldehyde_NOAAPTR_ppbv, C8Aromatics_NOAAPTR_ppbv, C9Aromatics_NOAAPTR_ppbv, Naphthalene_NOAAPTR_ppbv, Octanal_NOAAPTR_ppbv, Monoterpenes_NOAAPTR_ppbv, Nonanal_NOAAPTR_ppbv, C7H4ClF3_NOAAPTR_ppbv, C10H30O5Si5_NOAAPTR_ppbv
[from data line 1328]
79680.0, 5.26952, 0.24521, 1.25764, 1.12121, 0.00059, 0.13524, 3.55373, -0.00021, 0.31363, 0.17674, 0.02626, 0.14085, -0.00128, -0.04138, 0.08943, 0.03393, -0.00719, 0.02301, 0.07458, 0.03914, 0.00375, 0.00260 
79740.0, 5.94892, 0.19910, 1.59252, 4.18085, 0.00470, 0.17123, 3.75746, -0.00021, 0.31839, 0.21387, 0.26078, 0.66300, 0.05132, -0.01105, 0.40076, 0.14189, 0.00209, 0.04174, 0.10230, 0.05040, 0.00344, 0.00144 
79800.0, 6.77919, 0.21872, 1.54115, 1.23121, 0.00245, 0.21459, 3.71210, 0.00139, 0.22781, 0.19354, 0.15886, 0.14034, 0.01926, 0.02373, 0.09035, 0.02994, -0.00593, 0.04122, 0.11769, 0.09357, 0.01206, 0.00375 
79860.0, 6.12014, 0.21773, 1.13211, 1.06316, 0.00151, 0.15142, 3.63711, 0.00773, 0.05674, 0.20432, 0.05249, 0.11803, 0.02334, -0.03448, 0.06437, 0.04276, -0.00910, 0.03363, 0.05502, 0.03700, 0.00646, -0.00026 
79920.0, 5.52254, 0.21077, 1.19881, 1.22306, -0.00032, 0.16984, 3.89081, 0.01191, 0.13858, 0.19351, -0.00316, 0.10567, 0.00269, -0.02481, 0.06729, 0.03131, -0.00720, 0.01941, 0.16820, 0.03404, 0.00608, -0.00030 
79980.0, 7.30073, 0.21832, 1.43119, 2.30321, 0.00517, 0.21231, 4.07154, -0.00021, 0.30549, 0.22493, 0.09937, 0.26753, 0.02234, -0.01811, 0.15418, 0.07664, 0.01135, 0.05098, 0.17769, 0.09185, 0.01178, 0.00140 
80040.0, 6.62313, 0.22368, 1.17213, 1.32218, 0.00225, 0.17246, 3.87402, 0.01529, 0.27848, 0.20878, 0.00947, 0.11312, -0.00544, -0.03397, 0.07136, 0.02934, 0.00270, 0.04038, 0.18371, 0.06786, 0.00707, 0.00284 
80100.0, 7.13666, 0.22266, 1.13934, 1.34984, 0.00260, 0.13944, 3.94166, 0.01007, 0.33413, 0.21807, 0.00375, 0.08673, 0.01841, -0.03209, 0.05446, 0.02459, -0.00615, 0.01397, 0.12902, 0.06887, 0.00822, 0.00195 
80160.0, 7.94695, 0.20967, 1.34201, 1.89448, 0.00087, 0.21022, 4.28877, 0.00470, 0.27030, 0.25643, 0.04050, 0.15857, -0.00897, -0.03919, 0.10086, 0.03822, -0.00787, 0.05972, 0.16834, 0.11910, 0.00165, 0.00197 
80220.0, 6.01447, 0.21726, 1.36562, 1.67506, 0.00082, 0.19956, 4.14696, -0.00021, 0.31686, 0.23111, 0.02366, 0.12606, 0.00512, -0.02259, 0.06665, 0.03200, -0.01463, 0.03069, 0.20759, 0.05763, 0.00837, 0.00171 
80280.0, 7.88596, 0.20315, 1.50085, 3.75519, 0.00090, 0.20974, 3.86689, 0.01172, 0.32247, 0.23624, 0.23687, 0.56684, 0.04550, -0.03391, 0.35424, 0.13572, 0.01573, 0.05557, 0.14201, 0.05515, 0.00452, 0.00284 
80340.0, 5.75999, 0.21946, 1.39292, 1.41027, 0.00011, 0.18329, 3.79958, -0.00021, 0.11961, 0.21491, 0.08498, 0.19843, 0.03020, -0.02173, 0.14012, 0.06169, -0.01083, 0.02502, 0.09966, 0.04597, 0.00818, -0.00037 
80400.0, 7.18764, 0.20808, 1.50170, 1.18886, 0.00378, 0.24098, 3.82086, 0.01167, 0.21918, 0.20709, 0.02275, 0.13643, 0.01170, -0.02681, 0.07148, 0.03479, -0.01094, 0.05327, 0.14566, 0.07471, 0.01084, -0.00064 
80460.0, 6.76200, 0.22538, 1.32289, 2.03763, -0.00048, 0.19612, 3.81341, 0.01381, 0.24800, 0.22557, 0.10692, 0.30362, 0.02475, -0.03042, 0.20012, 0.07845, -0.00192, 0.04330, 0.13502, 0.08270, 0.00185, -0.00086 
80520.0, 7.81164, 0.22121, 1.43786, 1.44523, 0.00508, 0.20343, 3.97619, 0.00592, 0.26134, 0.22039, 0.07985, 0.11661, 0.01339, -0.01743, 0.07165, 0.02914, 0.00848, 0.05376, 0.17764, 0.05997, 0.00982, 0.00017 
80580.0, 5.64775, 0.22946, 0.89994, 0.84163, 0.00260, 0.14473, 3.57728, 0.01017, 0.02795, 0.16732, 0.03554, 0.09080, 0.00905, -0.04655, 0.04127, 0.02842, -0.01139, 0.02286, 0.04400, 0.02747, 0.00790, -0.00073 
80640.0, 4.64230, 0.19294, 0.81280, 0.57775, -0.00102, 0.12187, 3.59915, -0.00021, 0.00000, 0.14200, 0.04416, 0.07778, 0.00785, -0.01376, 0.02623, 0.00744, -0.00897, 0.01455, 0.01683, 0.03566, 0.00144, -0.00097 
80700.0, 4.46233, 0.20572, 0.86471, 0.64262, 0.00093, 0.09264, 3.55664, 0.01118, 0.00000, 0.15775, -0.00455, 0.07827, -0.00671, -0.02211, 0.03295, 0.00792, 0.01002, 0.03447, 0.01174, 0.02633, 0.01024, 0.00201 
80760.0, 5.61688, 0.19077, 0.96632, 0.67294, 0.00270, 0.16427, 3.59588, 0.00829, 0.02372, 0.14767, 0.02269, 0.07869, -0.00025, -0.03462, 0.03302, 0.01863, 0.00811, 0.03037, 0.02319, 0.02993, 0.00429, 0.00266 
80820.0, 5.99773, 0.20489, 1.08773, 1.06573, 0.00075, 0.14418, 3.56996, 0.02186, 0.27374, 0.16861, -0.00362, 0.07969, -0.00085, -0.01473, 0.03171, 0.02070, 0.00417, 0.02682, 0.06344, 0.02349, 0.00207, -0.00085 
80880.0, 5.91952, 0.21402, 1.00332, 0.86406, 0.00419, 0.19110, 3.63787, 0.00606, 0.07720, 0.17644, 0.04047, 0.10498, 0.00698, -0.04391, 0.05832, 0.03119, 0.00817, 0.02041, 0.02738, 0.02915, 0.00915, 0.00021 
80940.0, 5.09456, 0.19907, 0.93490, 0.79459, 0.00035, 0.13251, 3.55161, 0.00747, 0.03070, 0.14906, 0.03463, 0.05964, 0.01623, -0.01496, 0.04651, 0.01776, -0.00213, 0.01404, 0.04817, 0.02278, 0.00552, 0.00228 
81000.0, 5.24194, 0.20010, 1.08575, 0.87222, 0.00161, 0.18126, 3.62375, 0.01438, 0.00000, 0.18338, 0.05748, 0.09248, 0.00330, -0.01208, 0.05958, 0.03554, 0.00710, 0.02849, 0.04025, 0.03178, 0.00918, 0.00200 
81060.0, 5.15678, 0.22517, 0.98982, 0.86440, 0.00125, 0.13400, 3.57808, -0.00021, 0.00000, 0.18889, 0.01961, 0.06345, 0.02356, -0.01205, 0.03812, 0.01700, -0.00200, 0.03542, 0.03072, 0.01407, 0.01321, 0.00139 
81120.0, 5.86875, 0.20535, 0.96750, 1.03103, -0.00011, 0.13740, 3.72503, 0.01158, 0.10900, 0.17143, 0.02102, 0.06355, 0.01092, -0.02046, 0.03897, 0.01470, 0.00649, 0.01981, 0.04845, 0.04370, 0.00573, 0.00029 
81180.0, 5.32916, 0.21636, 0.96244, 0.93497, 0.00041, 0.12650, 3.66669, -0.00021, 0.13611, 0.17549, -0.00814, 0.09407, 0.00190, -0.01465, 0.04041, 0.01856, -0.01070, 0.02737, 0.09240, 0.01014, 0.00962, 0.00066 
81240.0, 5.57864, 0.22218, 0.93180, 0.98809, 0.00089, 0.12194, 3.65768, -0.00021, 0.06162, 0.14882, 0.01310, 0.07521, 0.00166, -0.01786, 0.03921, 0.01575, 0.00774, 0.03769, 0.05174, 0.01548, 0.00476, 0.00135 
81300.0, 6.08370, 0.22193, 0.99012, 1.06340, -0.00046, 0.12512, 3.62822, 0.00214, 0.03216, 0.16703, -0.01740, 0.08171, 0.00064, -0.02104, 0.04267, 0.01481, 0.00298, 0.01269, 0.03783, 0.03359, 0.00914, 0.00206 
81360.0, 5.77159, 0.23767, 1.07607, 2.99431, 0.00032, 0.13715, 3.69846, 0.01030, 0.06139, 0.15724, 0.13635, 0.42354, 0.02861, -0.03640, 0.25391, 0.08818, -0.00634, 0.03088, 0.02839, 0.02012, 0.01324, 0.00143 
81420.0, 8.38005, 0.20562, 1.07093, 1.34452, -0.00078, 0.16153, 3.67498, -0.00021, 0.23960, 0.18485, 0.02225, 0.09834, 0.01033, -0.01023, 0.04883, 0.01484, 0.01790, 0.02276, 0.06001, 0.04506, 0.01202, 0.00251 
81480.0, 6.36787, 0.21266, 1.06528, 1.10249, -0.00101, 0.15475, 3.70762, 0.00612, 0.12317, 0.19273, -0.00084, 0.09324, 0.00315, -0.01782, 0.04619, 0.00940, -0.00461, 0.01758, 0.07892, 0.02697, 0.00665, -0.00092 
81540.0, 6.35823, 0.20205, 1.01118, 1.20496, -0.00100, 0.16625, 3.53926, -0.00021, 0.25778, 0.20763, 0.06826, 0.09712, 0.02345, -0.00252, 0.04883, 0.03389, 0.01794, 0.04743, 0.09087, 0.03454, 0.00172, -0.00049 
81600.0, 5.15818, 0.21560, 0.82640, 0.83394, -0.00074, 0.12251, 3.38142, 0.00204, 0.06705, 0.19224, -0.02683, 0.07429, 0.01671, -0.03191, 0.04936, 0.01955, -0.01482, 0.01408, 0.07179, 0.01150, 0.00447, 0.00187 
81660.0, 6.81545, 0.20673, 0.98193, 1.41574, 0.00194, 0.13935, 3.48525, 0.02118, 0.26715, 0.20582, 0.02228, 0.09557, 0.00248, -0.01867, 0.05554, 0.01968, -0.01304, 0.02981, 0.09195, 0.04235, 0.01222, 0.00334 
81720.0, 5.77962, 0.21666, 0.89881, 0.94152, -0.00022, 0.12843, 3.49296, -0.00021, 0.23790, 0.15953, -0.01510, 0.07334, 0.00189, -0.02113, 0.04366, 0.01671, 0.00060, 0.04144, 0.11216, 0.02551, 0.00916, 0.00213 
81780.0, 7.13879, 0.22009, 1.35181, 11.64770, 0.00074, 0.21091, 3.61549, 0.00300, 0.29498, 0.19818, 0.78919, 1.81451, 0.12863, -0.05520, 1.29852, 0.46207, 0.00633, 0.02658, 0.12353, 0.07441, 0.02900, 0.00109 
81840.0, 5.29016, 0.21795, 0.87932, 0.68953, -0.00100, 0.14827, 3.41889, -0.00021, 0.04961, 0.16466, 0.03507, 0.04978, 0.01422, -0.02191, 0.05240, 0.01873, 0.00788, 0.01942, 0.06768, 0.02360, 0.00657, -0.00027 
81900.0, 5.46197, 0.20559, 0.73443, 0.77119, -0.00066, 0.14829, 3.30851, -0.00021, 0.00000, 0.15029, 0.03665, 0.08281, 0.02614, -0.02236, 0.05972, 0.02748, -0.00143, 0.02727, 0.06309, 0.00997, 0.00989, 0.00107 
81960.0, 6.75896, 0.18954, 0.89113, 1.37518, 0.00625, 0.13591, 3.39179, 0.00272, 0.30573, 0.16503, 0.00486, 0.11040, 0.00071, -0.02423, 0.05513, 0.01612, -0.00546, 0.03184, 0.11748, 0.02200, 0.00938, 0.00167 
82020.0, 6.04317, 0.19333, 0.83272, 0.94249, 0.00178, 0.12622, 3.30140, -0.00021, 0.22158, 0.16323, -0.04028, 0.05179, -0.00303, -0.04097, 0.03894, 0.01187, -0.00664, 0.02749, 0.13154, 0.04149, 0.00346, -0.00040 
82080.0, 5.85636, 0.21772, 0.58059, 0.88364, 0.00225, 0.13803, 3.27089, 0.00023, 0.32783, 0.14525, -0.04200, 0.05514, 0.00086, -0.03722, 0.02673, 0.01304, -0.01284, 0.00601, 0.09173, 0.02413, 0.00926, 0.00105 
82140.0, 5.97857, 0.20729, 0.82960, 1.09929, -0.00056, 0.12252, 3.29648, 0.01191, 0.23938, 0.16301, 0.00172, 0.07322, 0.00710, -0.03033, 0.03621, 0.01637, -0.00661, 0.02201, 0.11745, 0.03799, 0.01497, 0.00239 
82200.0, 4.92513, 0.22432, 0.65409, 0.81359, 0.00013, 0.11684, 3.25915, 0.00354, 0.06262, 0.13481, -0.01269, 0.05684, -0.00204, -0.02832, 0.02216, 0.00108, -0.00499, 0.02459, 0.08742, 0.05976, 0.00673, -0.00068 
82260.0, 5.61528, 0.20892, 0.71237, 0.91683, -0.00010, 0.12052, 3.30159, 0.00401, 0.24203, 0.14434, 0.00954, 0.05091, -0.00605, -0.01561, 0.03385, 0.01537, -0.00163, 0.01846, 0.07827, 0.01742, 0.00402, -0.00062 
82320.0, 5.09526, 0.21230, 0.90497, 0.98095, 0.00367, 0.11137, 3.32838, 0.01647, 0.13124, 0.16204, 0.00326, 0.09672, 0.00695, -0.01965, 0.05339, 0.01711, -0.01462, 0.02340, 0.05376, 0.02252, 0.00984, -0.00141 
82380.0, 5.49412, 0.20011, 1.12737, 2.55568, 0.00118, 0.15833, 3.47400, 0.00457, 0.03815, 0.16139, 0.17611, 0.43796, 0.05440, -0.03126, 0.28851, 0.13837, 0.02097, 0.02659, 0.05588, 0.03853, 0.00262, -0.00135 
82440.0, 4.80778, 0.21203, 1.09688, 0.74833, 0.00026, 0.10642, 3.48388, -0.00021, 0.00000, 0.13450, 0.10163, 0.09957, 0.00805, -0.02063, 0.05065, 0.01769, -0.00248, 0.01591, 0.05576, 0.04548, 0.00862, -0.00048 
82500.0, 4.70276, 0.22507, 0.92663, 0.48923, -0.00074, 0.14221, 3.40991, 0.01268, 0.00306, 0.13777, 0.01050, 0.05674, -0.00382, -0.02041, 0.03496, 0.01234, -0.00324, 0.02040, 0.05930, 0.03139, 0.01170, -0.00129 
82560.0, 5.23310, 0.21113, 0.96461, 0.44426, 0.00225, 0.11121, 3.47012, 0.00404, 0.02255, 0.12957, 0.05083, 0.07426, 0.00889, 0.02503, 0.03982, 0.01084, 0.01514, 0.01342, 0.06957, 0.04620, 0.00592, -0.00137 
82620.0, 4.40024, 0.21720, 1.02816, 0.49625, -0.00077, 0.11714, 3.49578, 0.00030, 0.03898, 0.14034, 0.06697, 0.12583, 0.00354, -0.00571, 0.03431, 0.02033, 0.01081, 0.01049, 0.01776, 0.02518, 0.00504, 0.00015 
82680.0, 4.99058, 0.20486, 1.06323, 0.50351, -0.00095, 0.10871, 3.54094, -0.00021, 0.01400, 0.13630, 0.03541, 0.09011, 0.00270, -0.02560, 0.04370, 0.01504, -0.00248, 0.01216, 0.01887, 0.01881, 0.00978, -0.00120 
82740.0, 4.60946, 0.21337, 1.10980, 0.91672, 0.00378, 0.17266, 3.45783, -0.00021, 0.07023, 0.14364, 0.03412, 0.14069, -0.00265, -0.02601, 0.05943, 0.02448, -0.00770, 0.01555, 0.03304, 0.01825, 0.00694, 0.00089 
82800.0, 5.74749, 0.22652, 1.43547, 1.05288, 0.00233, 0.18525, 3.68774, 0.00574, 0.35454, 0.19228, 0.26813, 0.33419, 0.02654, -0.01179, 0.16419, 0.07150, -0.00185, 0.02033, 0.24248, 0.01943, 0.00707, 0.00128 
82860.0, 4.61400, 0.19296, 1.20461, 0.59969, -0.00098, 0.12863, 3.57382, -0.00021, 0.08327, 0.15294, 0.05851, 0.11910, -0.00035, -0.00558, 0.05000, 0.01993, 0.00072, 0.01247, 0.02279, 0.02224, 0.00473, -0.00175 
82920.0, 4.80541, 0.19665, 1.31484, 1.29415, -0.00008, 0.13945, 3.57568, 0.00574, 0.11184, 0.15026, 0.08291, 0.14379, 0.01463, -0.01734, 0.06578, 0.02588, -0.00280, 0.00906, 0.01797, 0.02447, 0.00113, 0.00157 
82980.0, 5.98136, 0.20468, 1.51273, 1.75814, 0.00213, 0.14625, 3.83611, 0.00004, 0.08995, 0.15341, 0.12166, 0.18777, 0.01409, -0.01485, 0.08316, 0.01640, 0.00497, 0.01444, 0.05595, 0.02110, 0.00349, 0.00361 
83040.0, 4.68900, 0.20066, 1.29964, 0.62550, 0.00081, 0.14006, 3.55321, 0.01841, 0.05446, 0.15450, 0.04237, 0.15701, 0.00504, -0.01702, 0.05658, 0.01923, -0.00646, 0.01393, 0.08181, 0.01531, 0.00538, 0.00128 
83100.0, 5.02459, 0.20998, 1.34421, 0.84964, 0.00071, 0.14295, 3.61935, 0.00805, 0.28242, 0.14866, 0.05826, 0.11379, 0.00426, -0.00710, 0.05176, 0.01558, 0.01202, 0.03923, 0.03984, 0.02051, 0.01084, 0.00050 
83160.0, 4.43477, 0.20352, 1.39872, 1.32036, -0.00055, 0.16493, 3.70756, -0.00007, 0.26801, 0.17312, 0.07683, 0.11447, -0.00421, -0.02388, 0.05487, 0.02374, -0.01031, 0.01810, 0.03569, 0.03524, 0.00360, 0.00650 
83220.0, 4.30177, 0.19996, 1.37597, 0.58005, -0.00084, 0.14806, 3.64537, -0.00021, 0.13024, 0.13156, 0.08258, 0.12962, -0.00181, -0.01079, 0.04025, 0.02973, 0.00519, 0.03051, 0.02800, 0.02367, 0.00226, -0.00070 
83280.0, 4.58375, 0.22111, 1.14085, 0.70208, 0.00119, 0.12566, 3.57637, -0.00021, 0.06211, 0.14773, 0.09070, 0.10141, 0.01313, -0.01656, 0.05058, 0.01794, -0.00718, 0.00290, 0.03054, 0.00972, 0.00357, -0.00079 
83340.0, 4.99523, 0.20425, 1.25513, 0.76665, 0.00111, 0.15480, 3.61677, 0.00281, 0.25005, 0.16621, 0.08544, 0.13166, 0.00253, 0.00056, 0.04606, 0.01800, -0.00908, 0.01761, 0.07129, 0.03962, 0.00348, 0.00000 
83400.0, 5.37058, 0.19560, 1.47066, 0.67045, -0.00029, 0.13931, 3.65746, -0.00021, 0.10863, 0.16062, 0.10539, 0.14720, 0.01070, -0.02320, 0.07196, 0.02388, -0.00773, 0.01227, 0.03485, 0.01490, 0.00338, -0.00124 
83460.0, 4.65002, 0.20561, 1.30834, 0.47883, 0.00212, 0.14888, 3.68628, -0.00021, 0.13207, 0.15807, 0.10408, 0.12585, 0.01332, -0.01660, 0.04307, 0.01560, 0.00367, 0.02562, 0.05843, 0.02472, 0.00423, -0.00050 
83520.0, 5.41593, 0.20606, 1.18417, 0.70249, 0.00340, 0.15292, 3.65504, -0.00021, 0.25302, 0.15868, 0.04314, 0.11789, 0.00579, -0.00394, 0.05035, 0.02314, -0.00008, 0.01080, 0.03787, 0.01668, 0.00509, 0.00338 
83580.0, 5.66036, 0.18721, 1.32282, 0.63929, 0.00230, 0.13512, 3.62776, 0.00690, 0.24159, 0.19097, 0.11565, 0.14334, 0.02007, -0.01557, 0.04957, 0.02575, -0.00577, 0.01480, 0.12895, 0.02641, 0.01065, 0.00357 
83640.0, 4.68472, 0.20309, 1.15602, 0.84097, -0.00038, 0.12686, 3.52681, -0.00021, 0.04711, 0.16460, 0.04260, 0.12138, 0.00432, -0.03049, 0.04992, 0.02304, -0.00976, 0.00688, 0.02901, 0.01272, 0.00279, 0.00073 
83700.0, 6.57236, 0.20952, 1.80566, 1.28218, 0.00334, 0.19906, 3.79504, -0.00021, 0.21516, 0.19383, 0.20386, 0.41578, 0.04106, -0.02407, 0.28067, 0.15676, -0.00114, 0.03557, 0.12661, 0.02627, 0.01028, 0.00380 
83760.0, 5.31225, 0.20566, 1.66673, 0.99248, -0.00003, 0.17645, 3.89469, 0.00155, 0.26916, 0.20946, 0.06435, 0.12894, 0.01454, -0.03302, 0.05922, 0.03817, -0.01342, 0.01984, 0.09879, 0.02533, 0.00434, 0.00069 
83820.0, 5.66793, 0.18937, 1.62660, 1.17784, 0.00094, 0.19683, 3.79940, -0.00021, 0.13013, 0.20306, 0.10704, 0.19804, 0.03240, -0.01927, 0.10068, 0.04867, 0.00662, 0.02884, 0.05720, 0.03351, 0.00140, -0.00089 
83880.0, 5.74460, 0.21135, 1.90031, 2.27965, 0.00168, 0.21892, 3.87977, 0.00037, 0.10995, 0.24887, 0.21221, 0.40351, 0.03805, -0.02210, 0.24991, 0.10085, 0.01371, 0.03838, 0.06475, 0.07583, 0.00430, -0.00023 
83940.0, 6.49759, 0.21536, 1.47031, 0.83869, -0.00097, 0.14688, 3.82908, 0.00376, 0.17292, 0.20454, 0.05281, 0.14178, 0.01001, -0.02057, 0.05222, 0.02635, -0.00748, 0.00885, 0.04391, 0.02133, 0.00051, 0.00075 
84000.0, 5.13641, 0.21311, 1.46595, 0.98779, 0.00485, 0.15366, 3.80160, 0.00186, 0.22402, 0.20790, 0.05647, 0.14384, 0.00475, -0.01968, 0.06604, 0.02746, -0.00053, 0.02645, 0.06485, 0.02383, 0.00388, -0.00063 
84060.0, 5.56906, 0.19918, 1.63525, 0.88642, 0.00339, 0.17690, 3.78375, -0.00021, 0.19785, 0.21886, 0.11287, 0.16338, 0.01345, -0.01821, 0.07289, 0.03452, -0.01191, 0.03329, 0.05473, 0.01976, 0.00501, 0.00041 
84120.0, 5.78574, 0.22812, 1.57540, 0.95623, 0.00073, 0.17263, 3.83642, 0.00311, 0.21775, 0.23082, 0.08044, 0.14230, -0.00821, -0.01930, 0.06726, 0.02923, 0.00480, 0.01774, 0.04153, 0.01808, 0.00349, 0.00062 
84180.0, 5.23141, 0.22188, 1.48646, 0.97298, 0.00209, 0.15139, 3.73750, 0.01902, 0.15936, 0.19756, 0.04051, 0.13914, 0.00030, -0.02257, 0.05992, 0.01991, -0.01040, 0.00712, 0.02502, 0.00927, 0.00263, 0.00044 
