CampaignData_and_Merges/R0/CSL_MobileLab_Parked/raw/20240725/USOS-Picarro-CO2-CH4-CO-H2O_MobileLabGround_20240725_R0.ict
38, 1001
Ilana Pollack, Nell Schafer, and Jeff Peischl
NOAA Chemical Sciences Laboratory
Picarro 2401-m CO2/CH4/CO/H2O Analyzer
USOS
1, 1
2024, 07, 25, 2024, 11, 20
0
StartTime_UTC, seconds_past_midnight, seconds past midnight
5
1, 1, 1, 1, 1
-9999, -9999, -9999, -9999, -9999
StopTime_UTC, seconds_past_midnight, seconds past midnight
CO2_ppm_1min, ppm, Gas_CO2_InSitu_S_DMF, carbon dioxide mixing ratio
CH4_ppb_1min, ppb, Gas_CH4_InSitu_S_DMF, methane mixing ratio
CO_ppb_1min, ppb, Gas_CO_InSitu_S_DMF, carbon monoxide mixing ratio
H2O_ppmv_1min, ppmv, Met_H2OMRV_InSitu_S_AVMR, water vapor mixing ratio
1
SPECIAL COMMENTS: N/A
18
PI_CONTACT_INFO: Address: NOAA Chemical Sciences Laboratory, Mail Stop CSL7, 325 Broadway, Boulder, CO 80305; Email: Ilana.Pollack@noaa.gov
PLATFORM: NOAA CSL Mobile Laboratory
LOCATION: The mobile lab was stationed in Salt Lake City, Utah.
ASSOCIATED_DATA: N/A
INSTRUMENT_INFO: CO2, CH4, and CO are reported as dry air mole fractions using a commercial wavelength-scanned cavity ring-down analyzer (Picarro 2401-m). An in-field calibration gas standard of 432±0.07 ppm CO2, 2095±1 ppb CH4, and 183±1 ppb CO, calibrated in the Boulder laboratories before and after the field project using primary CO2, CH4, and CO standard tanks tied to the WMO standard (X2019, X2004A, and X2014A, respectively) from the Global Monitoring Laboratory (GML), was delivered to the inlet every 2-3 days to evaluate instrument sensitivity. A H2O measurement was calibrated before the project with a Dew Point Mirror 373 hygrometer. The water correction calculated from these calibrations was applied to the H2O measurement for the entire campaign. Species are measured at 0.5 Hz and reported as 1-minute averages for stationary measurements.
DATA_INFO: Units: CO2, ppm, dry air mole fraction; CH4, ppb, dry air mole fraction; CO, ppb, dry air mole fraction; H2O, ppmv
UNCERTAINTY: Total uncertainties are estimated as ±0.1 ppm for CO2, ±1 ppb for CH4, ±5 ppb for CO, and ±(50 ppm + 4%) for H2O.
ULOD_FLAG: -7777
ULOD_VALUE: N/A
LLOD_FLAG: -8888
LLOD_VALUE: N/A
DM_CONTACT_INFO: Data Manager: Nathan Howard; nathan.h.howard@noaa.gov
PROJECT_INFO: USOS Dates of Study: July – August 2024
STIPULATIONS_ON_USE: Use of these data require prior ok from PI.
OTHER_COMMENTS: Data are averaged to 1 minute intervals. Stationary data collected from a 10 ft tower on top of the mobile van.
REVISION: R0
R0: Final Data
StartTime_UTC, StopTime_UTC, CO2_ppm_1min, CH4_ppb_1min, CO_ppb_1min, H2O_ppmv_1min
[from data line 753]
45180,45240,435.16,2002.8,147.5,19660.2539
45240,45300,434.86,2000.8,148.2,19752.6699
45300,45360,435.46,1999.6,148.2,19769.0449
45360,45420,433.52,1991.2,144.7,19826.7734
45420,45480,434.22,1992.5,146.5,19918.3828
45480,45540,434.51,1994.5,147.0,19881.5273
45540,45600,434.58,1994.5,151.2,19837.7227
45600,45660,434.35,1993.3,149.5,19903.8008
45660,45720,434.29,1994.5,147.6,19933.9961
45720,45780,433.96,1993.9,148.4,19946.9805
45780,45840,434.38,1994.9,147.4,19980.7188
45840,45900,434.24,1994.8,148.1,19975.0332
45900,45960,435.68,1996.5,150.2,20062.8086
45960,46020,434.44,1994.8,156.2,20008.8203
46020,46080,435.56,1995.4,157.0,20077.2246
46080,46140,435.56,1995.7,156.1,20091.2559
46140,46200,434.34,1996.3,157.6,20025.7832
46200,46260,435.50,1997.1,156.6,20086.5039
46260,46320,434.91,1996.7,159.6,20033.0645
46320,46380,434.77,1997.0,163.9,20020.5645
46380,46440,434.80,1996.1,159.9,20080.8672
46440,46500,435.16,1995.9,160.6,20112.7891
46500,46560,435.97,1997.5,162.0,20136.3145
46560,46620,436.30,1997.3,162.7,20132.8711
46620,46680,437.00,1998.7,164.2,20144.0996
46680,46740,435.29,1997.9,159.9,20149.8359
46740,46800,436.22,1998.5,164.6,20184.1055
46800,46860,437.63,1999.4,168.1,20214.3574
46860,46920,438.35,1998.3,167.7,20250.0156
46920,46980,439.10,1998.0,178.1,20169.8887
46980,47040,439.99,1998.6,183.9,20161.2969
47040,47100,439.88,1998.1,177.0,20240.0215
47100,47160,439.93,2000.4,177.1,20293.6094
47160,47220,440.76,2001.6,178.9,20406.6406
47220,47280,439.62,2002.0,180.9,20351.9941
47280,47340,443.60,2002.8,185.7,20471.2969
47340,47400,442.54,2002.8,188.7,20449.4551
47400,47460,439.33,2000.1,189.4,20317.5195
47460,47520,440.06,1995.2,188.4,20234.5137
47520,47580,437.08,1989.6,172.6,20186.9785
47580,47640,439.16,1996.4,182.2,20318.6016
47640,47700,437.78,1988.9,176.9,20200.5137
47700,47760,437.94,1987.2,178.5,20160.8398
47760,47820,439.31,1988.6,177.8,20232.2402
47820,47880,437.26,1986.8,170.5,20201.5508
47880,47940,437.68,1987.5,174.6,20260.6309
47940,48000,438.56,1989.8,176.6,20335.5352
48000,48060,445.83,1995.0,248.3,20500.1309
48060,48120,441.09,1996.8,207.1,20414.5449
48120,48180,442.24,1999.2,207.4,20477.2598
48180,48240,439.96,1999.2,203.6,20398.5273
48240,48300,443.37,2000.8,224.7,20491.7188
48300,48360,443.04,2006.6,227.6,20539.3867
48360,48420,-9999,-9999,-9999,-9999
48420,48480,-9999,-9999,-9999,-9999
48480,48540,-9999,-9999,-9999,-9999
48540,48600,-9999,-9999,-9999,-9999
48600,48660,-9999,-9999,-9999,-9999
48660,48720,442.04,2004.7,186.5,20357.5742
48720,48780,441.26,2003.4,183.3,20303.3828
48780,48840,444.07,2013.6,192.8,20405.8496
48840,48900,445.40,2010.1,193.2,20479.4941
48900,48960,444.22,2008.3,195.2,20453.1836
48960,49020,444.06,2008.6,197.9,20386.1270
49020,49080,444.72,2006.9,213.2,20299.9258
49080,49140,445.60,2008.3,227.6,20259.5195
49140,49200,444.70,2007.1,233.5,20122.7422
49200,49260,447.36,2005.5,234.4,20077.2539
49260,49320,447.29,2003.5,233.1,20020.3125
49320,49380,450.85,2003.8,247.8,19993.6719
49380,49440,463.06,2021.6,293.1,20361.7637
49440,49500,464.62,2020.5,309.6,20364.4902
49500,49560,460.39,2017.2,331.8,20239.4648
49560,49620,459.63,2017.1,354.7,20230.3184
49620,49680,458.07,2012.7,298.9,20205.4609
49680,49740,455.97,2010.2,300.6,20144.7949
49740,49800,453.72,2007.6,284.9,20114.7031
49800,49860,454.43,2008.2,326.6,20152.6426
49860,49920,456.12,2008.8,348.9,20137.0664
49920,49980,461.98,2005.8,370.6,20155.6035
49980,50040,467.65,2006.9,388.1,20227.2324
50040,50100,461.00,2011.4,358.5,20218.1309
50100,50160,460.69,2007.6,334.0,20075.1582
50160,50220,462.49,2006.5,318.0,20057.4043
50220,50280,461.35,2002.1,299.1,19993.5020
50280,50340,463.88,2001.4,299.8,20133.6289
50340,50400,470.52,2003.3,333.7,20078.9180
50400,50460,467.21,2002.3,351.9,20049.5000
50460,50520,468.14,2002.9,350.4,20116.2539
50520,50580,461.61,2003.1,347.4,20054.2070
50580,50640,460.28,2004.9,295.7,20090.7051
50640,50700,464.71,2007.9,368.0,20161.6094
50700,50760,465.10,2008.1,323.7,20108.3887
50760,50820,467.34,2008.0,326.2,20266.1816
50820,50880,457.50,2012.7,277.0,20155.2969
50880,50940,465.80,2015.8,312.5,20463.3750
50940,51000,463.47,2021.5,309.4,20616.9863
51000,51060,460.40,2021.3,297.4,20679.0098
51060,51120,463.68,2021.6,313.4,20697.8672
51120,51180,462.35,2023.0,294.9,20513.0039
51180,51240,468.30,2024.4,314.0,20717.7773
51240,51300,465.48,2024.3,306.1,20796.6758
51300,51360,466.23,2023.9,315.0,20834.1328
51360,51420,466.82,2023.3,326.3,20818.6543
51420,51480,472.66,2025.5,333.8,20757.9414
51480,51540,457.04,2025.4,307.3,20482.2109
51540,51600,463.64,2029.7,378.5,20670.1406
51600,51660,459.86,2028.4,319.0,20488.8145
51660,51720,459.80,2029.2,309.0,20539.1523
51720,51780,465.42,2031.8,314.8,20589.3965
51780,51840,467.17,2032.0,317.5,20558.7168
51840,51900,459.88,2033.8,305.8,20401.2852
51900,51960,467.36,2035.9,327.0,20568.4082
51960,52020,458.78,2035.4,284.7,20611.3359
52020,52080,458.25,2036.3,293.0,20671.8008
52080,52140,458.33,2033.7,295.3,20656.9063
52140,52200,461.74,2034.3,313.4,20715.1211
52200,52260,461.40,2033.8,323.0,20678.3457
52260,52320,459.23,2034.9,361.0,20748.8730
52320,52380,460.89,2036.7,323.5,20949.3613
52380,52440,454.48,2035.3,286.1,20676.5137
52440,52500,464.70,2039.9,457.8,20821.6172
52500,52560,456.63,2032.4,318.6,20676.8340
52560,52620,461.27,2033.2,334.2,20883.0234
52620,52680,455.10,2027.6,282.0,20692.4121
52680,52740,459.31,2029.0,292.0,21105.6523
52740,52800,458.10,2028.4,282.0,21123.5488
52800,52860,456.91,2026.8,282.6,21086.3867
52860,52920,459.01,2026.3,269.8,21287.5879
52920,52980,459.73,2026.4,277.1,21248.0059
52980,53040,458.01,2025.2,271.5,21375.6680
53040,53100,457.63,2025.2,278.3,21278.6113
53100,53160,471.85,2026.6,330.5,21790.0195
53160,53220,463.42,2025.3,295.4,21627.5215
53220,53280,454.15,2023.5,256.8,21927.1348
53280,53340,452.29,2022.6,255.8,21306.0234
53340,53400,455.05,2023.0,267.9,21492.9609
53400,53460,453.84,2021.1,263.8,21390.7813
53460,53520,456.57,2021.3,275.7,21541.3438
53520,53580,452.48,2021.7,262.6,21741.3887
53580,53640,451.29,2019.0,255.7,21570.7734
53640,53700,449.42,2017.8,248.3,21441.1406
53700,53760,452.83,2021.8,262.4,21810.2832
53760,53820,453.15,2022.0,265.6,22322.8477
53820,53880,452.98,2020.3,272.1,22126.8574
53880,53940,454.61,2021.6,280.7,22381.1582
53940,54000,457.46,2022.1,315.1,22201.9082
54000,54060,467.97,2024.3,358.6,22791.4570
54060,54120,458.50,2024.7,293.7,22741.9453
54120,54180,459.67,2025.0,291.0,23556.7949
54180,54240,458.45,2025.8,290.7,23406.7852
54240,54300,456.52,2024.6,295.5,23143.8008
54300,54360,455.62,2023.7,300.0,22958.0293
54360,54420,456.43,2024.1,297.2,22823.0996
54420,54480,457.22,2026.5,301.0,23106.1445
54480,54540,457.10,2027.2,314.6,23387.1563
54540,54600,457.44,2026.7,315.7,23512.9355
54600,54660,455.51,2026.2,294.4,22699.2305
54660,54720,454.61,2025.9,290.3,23053.2656
54720,54780,460.02,2027.8,323.9,23368.2891
54780,54840,462.49,2029.7,354.6,23091.3262
54840,54900,464.81,2032.3,373.3,23377.8730
54900,54960,463.14,2029.7,338.3,23967.2402
54960,55020,459.18,2028.2,304.8,24071.6465
55020,55080,458.94,2029.2,310.1,24019.2520
55080,55140,456.24,2028.0,302.8,23227.3477
55140,55200,454.40,2027.9,287.1,22699.9453
55200,55260,454.56,2028.5,286.5,22663.6992
55260,55320,455.29,2028.8,306.3,23098.7383
55320,55380,452.75,2027.7,293.6,22936.6895
55380,55440,454.01,2029.7,301.3,23298.0039
55440,55500,454.16,2030.6,300.8,23261.1816
55500,55560,455.75,2030.7,301.2,23222.5664
55560,55620,453.64,2029.9,299.5,23279.1270
55620,55680,452.41,2030.6,303.2,23291.8340
55680,55740,452.27,2031.2,307.3,23313.3828
55740,55800,452.23,2033.5,296.1,23230.0098
55800,55860,452.96,2033.2,300.5,23326.5723
55860,55920,454.12,2031.9,297.5,23692.6230
55920,55980,452.89,2029.7,296.1,23353.6172
55980,56040,451.43,2026.9,301.9,22882.8320
56040,56100,452.64,2027.2,311.3,22960.5625
56100,56160,451.88,2028.2,298.0,23081.1133
56160,56220,452.45,2028.0,289.0,22996.5195
56220,56280,453.86,2027.4,306.7,23151.1270
56280,56340,452.48,2023.9,298.5,22960.5020
56340,56400,449.35,2024.7,284.9,22934.8359
56400,56460,452.11,2024.2,287.1,23224.8594
56460,56520,450.57,2021.4,280.4,23021.3398
56520,56580,449.31,2020.4,276.3,22928.7324
56580,56640,450.46,2017.5,288.8,23119.5410
56640,56700,447.79,2039.2,266.0,22515.2480
56700,56760,450.17,2030.3,284.3,22836.2012
56760,56820,451.37,2021.5,282.4,23188.8164
56820,56880,447.86,2008.8,261.6,22868.5957
56880,56940,448.72,2006.1,254.4,22884.4043
56940,57000,445.54,2003.0,244.1,22732.8457
57000,57060,449.23,2009.7,284.5,22955.8418
57060,57120,445.74,2005.8,279.7,22549.9863
57120,57180,448.00,2006.8,270.7,22769.5254
57180,57240,448.01,2005.8,270.8,22774.7305
57240,57300,449.99,2003.5,257.2,22489.5410
57300,57360,446.49,2002.4,242.9,22181.3184
57360,57420,445.63,2002.4,237.8,22323.6426
57420,57480,445.94,1999.5,246.1,22253.1621
57480,57540,447.81,1994.0,253.7,21960.9570
57540,57600,449.52,1990.3,241.7,22072.0547
57600,57660,447.10,1987.5,230.6,22039.7207
57660,57720,445.24,1986.3,229.5,21819.4023
57720,57780,448.88,1988.1,252.7,22054.2344
57780,57840,449.48,1989.4,262.2,22344.2422
57840,57900,449.71,1989.5,265.1,22155.0410
57900,57960,449.14,1989.1,274.8,22423.3125
57960,58020,442.44,1987.4,228.7,21787.6309
58020,58080,442.37,1985.3,222.9,21542.1250
58080,58140,442.33,1986.0,221.3,21484.3223
58140,58200,442.02,1985.0,208.8,21242.8848
58200,58260,444.60,1988.1,230.7,21653.5781
58260,58320,444.03,1988.1,232.7,21652.8145
58320,58380,446.49,1991.9,240.1,22016.1270
58380,58440,445.45,1990.8,236.7,21908.4688
58440,58500,444.68,1989.9,222.9,21814.3984
58500,58560,443.91,1989.3,232.9,21545.1699
58560,58620,443.10,1987.9,222.7,21262.3359
58620,58680,444.13,1989.2,235.6,21546.8320
58680,58740,442.90,1989.6,226.9,21550.7793
58740,58800,444.37,1990.0,234.8,21827.3711
58800,58860,440.30,1989.4,211.5,21494.9961
58860,58920,441.55,1990.1,217.8,22033.0488
58920,58980,440.48,1990.5,207.9,21429.5840
58980,59040,439.64,1991.9,208.2,21632.4805
59040,59100,447.03,1994.0,253.8,21685.8711
59100,59160,446.12,1993.0,237.8,21666.3164
59160,59220,440.50,1992.6,195.4,21678.2988
59220,59280,436.67,1991.6,184.0,21328.3730
59280,59340,441.25,1993.4,215.5,21636.2266
59340,59400,440.64,1997.0,214.7,21982.8359
59400,59460,446.07,1996.3,235.7,21799.1660
59460,59520,439.95,1993.6,226.4,21441.4004
59520,59580,437.90,1993.1,198.0,21381.6738
59580,59640,438.33,1992.8,191.5,21204.4531
59640,59700,441.68,1993.0,199.9,21526.9121
59700,59760,442.29,1992.9,199.7,21485.5215
59760,59820,443.11,1992.6,213.7,21517.7441
59820,59880,440.12,1992.9,232.6,21734.4336
59880,59940,436.34,1992.8,214.8,21372.0547
59940,60000,435.55,1991.7,192.5,21491.6738
60000,60060,436.12,1990.7,194.6,21593.1992
60060,60120,433.64,1991.0,183.6,21796.5352
60120,60180,433.56,1990.5,176.6,21301.7266
60180,60240,434.57,1991.8,188.8,21272.1348
60240,60300,432.68,1989.5,175.2,20727.6973
60300,60360,434.16,1991.6,191.3,21312.3867
60360,60420,433.17,1987.4,174.5,20488.3789
60420,60480,432.16,1988.7,174.7,20794.8984
60480,60540,433.56,1989.1,179.2,20688.2734
60540,60600,435.52,1991.1,188.4,21018.6270
60600,60660,432.05,1989.4,206.9,20835.1016
60660,60720,433.41,1991.9,422.6,20950.0176
60720,60780,432.16,1993.4,595.5,21179.9375
60780,60840,431.75,1988.2,227.6,21244.1836
60840,60900,433.77,1988.6,274.4,20815.9941
60900,60960,439.52,2018.4,307.4,21217.6484
60960,61020,434.63,1988.9,220.8,21126.1230
61020,61080,436.27,1987.4,274.7,21015.6895
61080,61140,438.69,1988.7,289.5,20984.3281
61140,61200,435.42,1991.2,250.0,21059.6172
61200,61260,436.10,1989.5,235.6,20743.0781
61260,61320,437.16,1993.8,320.3,20922.7539
61320,61380,438.71,1994.0,404.8,21471.3906
61380,61440,440.58,1988.1,235.9,21478.9355
61440,61500,440.23,1988.5,227.3,21138.9551
61500,61560,439.91,1988.0,237.5,21234.8945
61560,61620,437.38,1983.5,216.2,20939.7324
61620,61680,435.79,1982.7,217.5,21269.6484
61680,61740,435.76,1980.3,215.0,20471.6289
61740,61800,436.68,1978.7,236.5,20672.0039
61800,61860,434.62,1976.5,191.4,20012.3789
61860,61920,433.89,1976.5,191.8,20341.9063
61920,61980,435.35,1979.1,216.9,20069.6309
61980,62040,435.30,1978.4,198.3,20021.6074
62040,62100,435.77,1978.2,201.9,20306.0469
62100,62160,434.69,1977.5,196.9,19938.5254
62160,62220,434.33,1977.0,194.3,19800.6973
62220,62280,434.56,1975.4,195.6,19569.8770
62280,62340,434.28,1974.6,189.1,19372.3086
62340,62400,433.28,1975.4,186.4,19477.1836
62400,62460,433.29,1975.6,189.5,19580.3984
62460,62520,432.88,1975.0,187.1,19564.3887
62520,62580,432.52,1975.3,187.6,20208.5117
62580,62640,433.16,1975.6,190.9,20021.0527
62640,62700,434.87,1976.8,204.1,20825.7207
62700,62760,434.89,1975.5,197.6,20056.6074
62760,62820,434.05,1973.9,191.6,19710.1934
62820,62880,432.42,1972.3,188.7,19893.0254
62880,62940,429.14,1967.6,163.0,18895.9141
62940,63000,427.84,1966.6,155.5,18849.6211
63000,63060,427.66,1965.1,157.5,18909.7617
63060,63120,430.24,1962.6,165.2,18407.9219
63120,63180,429.58,1962.5,160.7,17881.6738
63180,63240,429.91,1964.6,158.1,17900.7188
63240,63300,431.41,1965.8,170.5,18332.1133
63300,63360,429.29,1964.7,161.0,18258.0430
63360,63420,428.61,1962.9,152.1,17640.3809
63420,63480,428.30,1962.1,151.6,17515.0586
63480,63540,428.03,1961.0,149.1,17303.0313
63540,63600,427.82,1962.8,154.5,18337.1504
63600,63660,428.08,1962.9,155.3,18745.5488
63660,63720,427.04,1961.0,149.9,18168.2578
63720,63780,425.68,1959.3,146.2,18148.3281
63780,63840,425.71,1958.9,146.1,17876.1641
63840,63900,426.26,1960.1,149.4,18219.0508
63900,63960,424.82,1960.9,151.2,19216.8984
63960,64020,428.56,1961.2,155.4,17311.1914
64020,64080,427.97,1958.8,166.2,16672.8242
64080,64140,427.64,1957.0,173.6,16342.4131
64140,64200,427.69,1958.5,157.4,16696.8652
64200,64260,427.59,1958.9,155.5,16781.6191
64260,64320,428.26,1959.3,192.0,16862.3574
64320,64380,427.90,1958.9,171.7,16878.4551
64380,64440,428.00,1958.9,161.0,17297.0859
64440,64500,428.22,1958.1,153.3,16800.0469
64500,64560,428.49,1959.2,160.7,16934.3887
64560,64620,428.32,1960.4,169.0,16888.4199
64620,64680,428.26,1961.0,158.3,17264.0586
64680,64740,428.36,1958.7,155.1,16895.7422
64740,64800,427.86,1957.7,209.8,16277.4951
64800,64860,428.23,1958.2,200.8,16262.0205
64860,64920,428.09,1957.8,153.7,16333.2031
64920,64980,427.98,1957.5,151.5,16314.3604
64980,65040,428.31,1956.9,152.3,16224.1514
65040,65100,427.00,1954.3,145.7,15984.2910
65100,65160,427.61,1955.2,150.3,16087.3252
65160,65220,427.67,1956.5,149.7,16215.9072
65220,65280,426.82,1957.4,148.0,16718.3438
65280,65340,427.20,1957.5,148.5,16778.6270
65340,65400,427.29,1957.2,151.0,16629.6953
65400,65460,427.38,1957.8,149.7,16595.1914
65460,65520,427.83,1957.7,153.6,16562.8633
65520,65580,427.88,1958.2,160.8,16589.5078
65580,65640,428.53,1959.5,164.8,17190.5996
65640,65700,426.33,1959.1,157.7,17955.5664
65700,65760,427.21,1959.8,160.9,18137.7109
65760,65820,429.36,1959.1,172.1,17236.6953
65820,65880,429.61,1957.5,174.5,16529.6660
65880,65940,431.14,1957.6,179.0,16772.9551
65940,66000,430.17,1957.5,172.1,16796.9121
66000,66060,428.50,1956.0,159.5,16214.0869
66060,66120,428.62,1956.3,161.7,16256.6182
66120,66180,429.20,1956.6,166.2,16417.5918
66180,66240,431.26,1956.1,200.3,17202.7930
66240,66300,427.82,1953.8,156.0,16006.2012
66300,66360,427.84,1953.6,154.2,16014.6865
66360,66420,428.55,1954.1,155.8,15957.2734
66420,66480,427.89,1954.5,154.5,16244.6455
66480,66540,427.88,1954.4,156.4,16237.2031
66540,66600,430.29,1954.3,164.9,16614.0234
66600,66660,429.35,1954.2,163.9,16332.6982
66660,66720,427.80,1953.5,161.8,15989.2393
66720,66780,427.70,1953.1,159.1,15990.0693
66780,66840,427.72,1952.9,159.1,15961.7334
66840,66900,427.63,1952.2,153.4,15791.8350
66900,66960,427.38,1951.3,148.9,15508.1553
66960,67020,427.02,1949.9,142.9,15065.3506
67020,67080,426.69,1950.2,142.5,15156.7852
67080,67140,427.00,1950.1,146.8,15084.4141
67140,67200,426.80,1950.0,142.3,15152.3125
67200,67260,426.78,1950.4,142.4,15124.4180
67260,67320,428.18,1950.8,150.1,15440.4551
67320,67380,427.73,1950.4,150.5,15797.2197
67380,67440,427.35,1950.5,145.9,15939.2090
67440,67500,427.74,1950.7,148.5,15676.6543
