CampaignData_and_Merges/R0/CSL_MobileLab_Parked/raw/20240725/USOS-NOAAIodideCIMS-HNO3_MobileLabGround_20240725_RA.ict
33, 1001
Michael A Robinson, Chris Jernigan, Subi Thakali
NOAA ESRL Chemical Sciences Laboratory and CIRES, U. of Colorado
NOAA Iodide CIMS Instrument
USOS
1, 1
2024, 07, 25, 2024, 07, 26
1
starttime_UTC, seconds_past_midnight, seconds_of_day_since_00:00:00_UTC
1
1
-9999
HNO3_NOAACIMS, pptv, Gas_HNO3_InSitu_S_AVMR, 
0
18
PI_CONTACT_INFO: 325 Broadway, R/CSD 7, Boulder, Colorado 80305; michael.a.robinson@noaa.gov; chris.jernigan@noaa.gov;
PLATFORM: NOAA CSL Mobile Lab
LOCATION: SLC, Utah
ASSOCIATED_DATA: 1Hz data also available on request.
INSTRUMENT_INFO: NOAA I- ToF CIMS
DATA_INFO: All data in parts per trillion by volume (pptv). 1 Hz data is available upon request.
UNCERTAINTY: TBD
ULOD_FLAG: -7777
ULOD_VALUE: N/A
LLOD_FLAG: -8888
LLOD_VALUE: N/A
DM_CONTACT_INFO: Nathan Howard; nathan.h.howard@noaa.gov
PROJECT_INFO: USOS, summer 2024. https://csl.noaa.gov/groups/csl7/measurements/2024usos/
STIPULATIONS_ON_USE: Users are strongly encouraged to contact the PI for proper data usage.
OTHER_COMMENTS: 
REVISION: RA
RA: Preliminary Data; For in-field use only
starttime_UTC, HNO3_NOAACIMS
     0, 815.140
    60, 806.610
   120, 771.895
   180, 758.530
   240, 773.879
   300, 760.379
   360, -9999.000
   420, 669.860
   480, 678.513
   540, 692.603
   600, 689.481
   660, 696.237
   720, 684.068
   780, 826.421
   840, 877.337
   900, 876.863
   960, 889.431
  1020, 884.544
  1080, 909.157
  1140, 869.761
  1200, 850.991
  1260, 901.002
  1320, 913.245
  1380, 885.663
  1440, 878.203
  1500, 854.536
  1560, 873.950
  1620, 885.299
  1680, 866.694
  1740, 892.751
  1800, 899.539
  1860, 902.676
  1920, 876.761
  1980, 891.984
  2040, 855.330
  2100, 845.319
  2160, 854.143
  2220, -9999.000
  2280, 741.775
  2340, 800.996
  2400, 806.036
  2460, 838.178
  2520, 874.127
  2580, 862.918
  2640, 863.196
  2700, 870.812
  2760, 874.916
  2820, 901.854
  2880, 876.728
  2940, 826.263
  3000, 822.589
  3060, 844.900
  3120, 885.995
  3180, 923.724
  3240, 973.064
  3300, 945.420
  3360, 897.364
  3420, 857.540
  3480, 876.651
  3540, 850.874
  3600, 859.001
  3660, 857.201
  3720, 862.217
  3780, 806.421
  3840, 770.569
  3900, 767.701
  3960, 739.891
  4020, 735.227
  4080, 632.505
  4140, 624.026
  4200, 612.454
  4260, 626.542
  4320, 632.961
  4380, 612.200
  4440, 665.648
  4500, 656.313
  4560, 680.420
  4620, 680.133
  4680, 683.079
  4740, 723.410
  4800, 717.953
  4860, 726.631
  4920, 738.560
  4980, 713.929
  5040, 727.835
  5100, 709.226
  5160, 679.268
  5220, 620.819
  5280, 621.946
  5340, 599.281
  5400, 595.347
  5460, 617.057
  5520, 605.321
  5580, 584.281
  5640, 600.295
  5700, 626.044
  5760, 631.570
  5820, 618.002
  5880, -9999.000
  5940, 482.310
  6000, 498.670
  6060, 513.238
  6120, 504.193
  6180, 521.467
  6240, 520.413
  6300, 553.841
  6360, 544.747
  6420, 531.221
  6480, 539.628
  6540, 546.491
  6600, 571.593
  6660, 588.878
  6720, 591.201
  6780, 573.689
  6840, 537.707
  6900, 530.827
  6960, 524.121
  7020, 519.201
  7080, 529.212
  7140, 537.500
  7200, 543.805
  7260, 524.843
  7320, 500.830
  7380, 480.791
  7440, 455.777
  7500, 439.648
  7560, 440.409
  7620, 447.063
  7680, 437.811
  7740, 419.991
  7800, 431.122
  7860, 427.321
  7920, 415.278
  7980, 393.695
  8040, 386.747
  8100, 367.151
  8160, 368.846
  8220, 369.858
  8280, 376.944
  8340, 375.003
  8400, 362.446
  8460, 374.700
  8520, 376.146
  8580, 359.131
  8640, 364.271
  8700, 336.633
  8760, 312.091
  8820, 302.870
  8880, 296.033
  8940, 289.338
  9000, 288.949
  9060, 290.032
  9120, 280.627
  9180, 297.976
  9240, 317.900
  9300, 344.062
  9360, 361.941
  9420, 391.956
  9480, 425.990
  9540, 452.689
  9600, -9999.000
  9660, 457.123
  9720, 459.416
  9780, 479.193
  9840, 482.236
  9900, 498.406
  9960, 515.566
 10020, 517.520
 10080, 531.729
 10140, 526.039
 10200, 509.896
 10260, 507.341
 10320, 494.292
 10380, 443.256
 10440, 429.019
 10500, 422.791
 10560, 422.305
 10620, 434.256
 10680, 447.770
 10740, 460.759
 10800, 496.233
 10860, 540.486
 10920, 566.820
 10980, 571.235
 11040, 537.949
 11100, 513.056
 11160, 494.895
 11220, 489.532
 11280, 467.789
 11340, 441.628
 11400, 433.074
 11460, 386.840
 11520, 399.544
 11580, 417.053
 11640, 422.884
 11700, 439.278
 11760, 458.072
 11820, 474.691
 11880, 459.518
 11940, 436.729
 12000, 415.024
 12060, 412.068
 12120, 400.734
 12180, 382.093
 12240, 360.261
 12300, 355.841
 12360, 333.149
 12420, 332.392
 12480, 360.094
 12540, 378.980
 12600, 391.084
 12660, 395.546
 12720, 390.381
 12780, 385.428
 12840, 380.357
 12900, 363.752
 12960, 337.669
 13020, 295.093
 13080, 239.866
 13140, 204.489
 13200, 184.618
 13260, 167.236
 13320, 160.656
 13380, 152.627
 13440, 153.191
 13500, 150.882
 13560, 151.684
 13620, 147.104
 13680, 139.667
 13740, 133.606
 13800, 123.677
 13860, 114.143
 13920, 103.343
 13980, 84.110
 14040, 75.960
 14100, 70.677
 14160, 72.789
 14220, 71.003
 14280, 71.642
 14340, 76.564
 14400, 83.625
 14460, 85.968
 14520, 91.030
 14580, 94.957
 14640, 95.540
 14700, 93.553
 14760, 91.916
 14820, 90.975
 14880, 89.115
 14940, 86.420
 15000, 77.937
 15060, 81.925
 15120, 84.852
 15180, 106.701
 15240, 108.151
 15300, 110.913
 15360, 104.512
 15420, 99.983
 15480, 98.120
 15540, 102.371
 15600, 100.335
 15660, 100.097
 15720, 99.535
 15780, 92.752
 15840, 92.248
 15900, 93.695
 15960, 90.490
 16020, 94.086
 16080, 97.395
 16140, 99.534
 16200, 98.652
 16260, 95.415
 16320, 99.563
 16380, 94.803
 16440, 94.360
 16500, 96.442
 16560, 105.848
 16620, 110.327
 16680, 111.765
 16740, 115.002
 16800, 111.880
 16860, 108.718
 16920, 105.744
 16980, -9999.000
 17040, 110.140
 17100, 109.179
 17160, 115.607
 17220, 117.888
 17280, 115.337
 17340, 115.083
 17400, 116.982
 17460, 127.932
 17520, 121.513
 17580, 118.385
 17640, 122.205
 17700, 125.124
 17760, 123.132
 17820, 114.210
 17880, 104.120
 17940, 101.306
 18000, 99.992
 18060, 98.615
 18120, 90.383
 18180, 94.401
 18240, 99.147
 18300, 104.735
 18360, 102.522
 18420, 86.109
 18480, 85.570
 18540, 75.924
 18600, 81.352
 18660, 72.949
 18720, 64.159
 18780, 57.987
 18840, -9999.000
 18900, 66.691
 18960, 64.328
 19020, 65.895
 19080, 67.759
 19140, 71.833
 19200, 79.167
 19260, 91.686
 19320, 100.562
 19380, 108.720
 19440, 111.867
 19500, 110.757
 19560, 110.125
 19620, 108.854
 19680, 103.245
 19740, 99.436
 19800, 101.215
 19860, 104.977
 19920, 111.995
 19980, 109.393
 20040, 110.599
 20100, 110.670
 20160, 115.827
 20220, 116.423
 20280, 118.080
 20340, 124.171
 20400, 119.390
 20460, 118.161
 20520, 116.545
 20580, 115.103
 20640, 113.892
 20700, -9999.000
 20760, 122.100
 20820, 122.020
 20880, 124.538
 20940, 128.416
 21000, 129.891
 21060, 134.256
 21120, 138.039
 21180, 141.164
 21240, 147.123
 21300, 150.681
 21360, 150.726
 21420, 151.029
 21480, 151.120
 21540, 147.860
 21600, 153.863
 21660, 149.907
 21720, 151.598
 21780, 149.420
 21840, 149.575
 21900, 145.836
 21960, 145.140
 22020, 145.516
 22080, 147.405
 22140, 146.032
 22200, 148.833
 22260, 147.837
 22320, 142.582
 22380, 141.448
 22440, 142.713
 22500, 145.833
 22560, 150.847
 22620, 149.454
 22680, 148.066
 22740, 148.002
 22800, 145.306
 22860, 146.714
 22920, 145.848
 22980, 145.295
 23040, 146.299
 23100, 145.210
 23160, 147.543
 23220, 144.234
 23280, 137.449
 23340, 138.633
 23400, 142.891
 23460, 143.219
 23520, 143.144
 23580, 135.308
 23640, 136.444
 23700, 131.264
 23760, 132.040
 23820, 132.635
 23880, 135.737
 23940, 135.360
 24000, 135.159
 24060, 131.784
 24120, 130.095
 24180, 131.757
 24240, 136.754
 24300, 139.673
 24360, -9999.000
 24420, 141.474
 24480, 138.592
 24540, 135.458
 24600, 133.144
 24660, 133.512
 24720, 139.822
 24780, 143.710
 24840, 138.586
 24900, 136.806
 24960, 133.502
 25020, 128.637
 25080, 128.491
 25140, 132.310
 25200, 133.692
 25260, 133.173
 25320, 132.717
 25380, 131.407
 25440, 129.928
 25500, 125.982
 25560, 133.077
 25620, 138.440
 25680, 139.204
 25740, 140.266
 25800, 142.704
 25860, 141.441
 25920, 137.270
 25980, 137.660
 26040, 139.747
 26100, 139.432
 26160, 139.252
 26220, -9999.000
 26280, 134.724
 26340, 136.693
 26400, 137.993
 26460, 135.353
 26520, 141.288
 26580, 143.329
 26640, 145.446
 26700, 148.938
 26760, 142.590
 26820, 142.671
 26880, 146.504
 26940, 150.019
 27000, 153.410
 27060, 157.790
 27120, 159.294
 27180, 156.766
 27240, 154.454
 27300, 151.644
 27360, 156.222
 27420, 161.839
 27480, 162.844
 27540, 163.343
 27600, 165.265
 27660, 161.207
 27720, 157.042
 27780, 155.254
 27840, 157.227
 27900, 159.753
 27960, 161.473
 28020, 165.712
 28080, -9999.000
 28140, 156.457
 28200, 156.048
 28260, 153.063
 28320, 152.642
 28380, 158.186
 28440, 161.001
 28500, 160.720
 28560, 161.159
 28620, 157.137
 28680, 153.064
 28740, 154.331
 28800, 156.186
 28860, 159.753
 28920, 164.968
 28980, 162.721
 29040, 158.293
 29100, 155.473
 29160, 156.397
 29220, 161.785
 29280, 164.638
 29340, 166.588
 29400, 164.528
 29460, 166.013
 29520, 159.746
 29580, 155.966
 29640, 156.544
 29700, 158.237
 29760, 161.987
 29820, 165.819
 29880, 168.470
 29940, 164.902
 30000, 166.267
 30060, 164.566
 30120, 163.776
 30180, 166.615
 30240, 170.771
 30300, 172.902
 30360, 175.808
 30420, 169.149
 30480, 165.069
 30540, 159.273
 30600, 157.376
 30660, 158.103
 30720, 159.154
 30780, 160.178
 30840, 163.456
 30900, 160.495
 30960, 154.688
 31020, 150.410
 31080, 148.743
 31140, 146.156
 31200, 148.467
 31260, 149.567
 31320, 148.821
 31380, 150.368
 31440, 148.479
 31500, 143.795
 31560, 147.314
 31620, 151.564
 31680, 152.103
 31740, 159.650
 31800, 161.982
 31860, 159.252
 31920, 156.983
 31980, 152.394
 32040, 147.015
 32100, 143.697
 32160, 139.273
 32220, 146.946
 32280, 142.081
 32340, 139.296
 32400, 140.270
 32460, 136.927
 32520, 135.176
 32580, 136.495
 32640, 138.218
 32700, 129.822
 32760, 123.635
 32820, 125.895
 32880, 125.161
 32940, 128.179
 33000, 128.484
 33060, 127.612
 33120, 119.788
 33180, 116.476
 33240, 112.390
 33300, 110.173
 33360, 112.061
 33420, 113.441
 33480, 116.789
 33540, 119.138
 33600, 121.922
 33660, 122.808
 33720, 125.548
 33780, 122.270
 33840, 119.997
 33900, 120.645
 33960, 122.765
 34020, 125.955
 34080, 127.054
 34140, 128.140
 34200, 128.795
 34260, 123.547
 34320, 125.190
 34380, 124.093
 34440, 126.005
 34500, 122.796
 34560, 120.385
 34620, 122.583
 34680, 124.212
 34740, 130.580
 34800, 135.353
 34860, 139.458
 34920, 142.308
 34980, 145.308
 35040, 148.701
 35100, 151.733
 35160, 149.735
 35220, 149.818
 35280, 153.217
 35340, 157.323
 35400, 165.124
 35460, -9999.000
 35520, 169.091
 35580, 168.519
 35640, 171.024
 35700, 169.321
 35760, 163.783
 35820, 159.562
 35880, 157.828
 35940, 159.406
 36000, 160.644
 36060, 166.584
 36120, 172.474
 36180, 177.676
 36240, 182.165
 36300, 181.912
 36360, 181.291
 36420, 178.576
 36480, 177.287
 36540, 177.554
 36600, 183.390
 36660, 186.108
 36720, 186.958
 36780, 188.470
 36840, 188.694
 36900, 186.455
 36960, 182.993
 37020, 181.708
 37080, 181.274
 37140, 182.623
 37200, 183.052
 37260, 181.640
 37320, 182.448
 37380, 178.180
 37440, 172.462
 37500, 169.845
 37560, 165.301
 37620, 162.407
 37680, 164.489
 37740, 166.132
 37800, 168.904
 37860, 167.330
 37920, 163.699
 37980, 162.989
 38040, 158.995
 38100, 155.643
 38160, 151.354
 38220, 155.932
 38280, 157.165
 38340, 162.289
 38400, 164.962
 38460, 162.662
 38520, 158.363
 38580, 157.898
 38640, 156.109
 38700, 155.940
 38760, 156.598
 38820, 161.149
 38880, 165.956
 38940, 164.396
 39000, 167.301
 39060, 164.276
 39120, 162.645
 39180, 150.416
 39240, 160.945
 39300, 163.889
 39360, 164.812
 39420, 164.915
 39480, 160.500
 39540, 158.073
 39600, 158.945
 39660, 160.279
 39720, 163.881
 39780, 167.738
 39840, 163.391
 39900, 159.779
 39960, 156.511
 40020, 151.137
 40080, 151.243
 40140, 152.699
 40200, 149.870
 40260, 146.098
 40320, 141.548
 40380, 139.651
 40440, 136.458
 40500, 141.772
 40560, 141.536
 40620, 136.778
 40680, 136.699
 40740, 134.909
 40800, 131.865
 40860, 131.982
 40920, 133.678
 40980, 132.194
 41040, 138.767
 41100, 135.372
 41160, 135.487
 41220, 135.525
 41280, 138.977
 41340, 144.084
 41400, 145.943
 41460, 144.053
 41520, 143.830
 41580, 138.770
 41640, 137.625
 41700, 140.154
 41760, 139.238
 41820, 140.186
 41880, 135.793
 41940, 136.230
 42000, 131.658
 42060, 129.452
 42120, 127.432
 42180, 129.340
 42240, 130.262
 42300, 131.931
 42360, 131.473
 42420, 128.029
 42480, 127.905
 42540, 130.607
 42600, 136.191
 42660, 136.851
 42720, 135.996
 42780, 137.685
 42840, -9999.000
 42900, 139.272
 42960, 140.379
 43020, 143.930
 43080, 143.071
 43140, 145.598
 43200, 143.072
 43260, 144.001
 43320, 139.233
 43380, 140.720
 43440, 142.308
 43500, 143.615
 43560, 145.651
 43620, 144.408
 43680, 141.561
 43740, 136.849
 43800, 132.106
 43860, 129.641
 43920, 129.016
 43980, 130.379
 44040, 129.632
 44100, 129.005
 44160, 124.410
 44220, 121.962
 44280, 122.638
 44340, 123.935
 44400, 123.332
 44460, 121.944
 44520, 122.576
 44580, 121.357
 44640, 119.255
 44700, -9999.000
 44760, 130.480
 44820, 130.707
 44880, 128.381
 44940, 124.097
 45000, 123.781
 45060, 125.916
 45120, 128.015
 45180, 127.169
 45240, 126.734
 45300, 125.173
 45360, 123.925
 45420, 119.345
 45480, 117.848
 45540, 118.518
 45600, 120.971
 45660, 120.154
 45720, 119.676
 45780, 115.930
 45840, 117.729
 45900, 115.226
 45960, 115.042
 46020, 117.086
 46080, 118.965
 46140, 119.170
 46200, 119.002
 46260, 118.885
 46320, 119.239
 46380, 117.247
 46440, 112.661
 46500, 115.034
 46560, -9999.000
 46620, 127.960
 46680, 112.143
 46740, 103.006
 46800, 103.519
 46860, 167.992
 46920, 326.530
 46980, 388.517
 47040, 361.346
 47100, 336.089
 47160, 306.445
 47220, 289.575
 47280, 272.986
 47340, 258.332
 47400, 254.893
 47460, 256.907
 47520, 246.657
 47580, 242.976
 47640, 234.504
 47700, 230.442
 47760, 219.977
 47820, 209.160
 47880, 199.478
 47940, 196.341
 48000, 196.306
 48060, 197.487
 48120, 189.560
 48180, 178.025
 48240, 170.057
 48300, 157.936
 48360, 153.277
 48420, 184.720
 48480, 180.671
 48540, 174.908
 48600, 172.707
 48660, 170.058
 48720, 160.841
 48780, 157.103
 48840, 152.881
 48900, 148.031
 48960, 142.763
 49020, 141.420
 49080, 143.020
 49140, 139.981
 49200, 139.052
 49260, 136.586
 49320, 130.969
 49380, 137.745
 49440, 143.739
 49500, 138.995
 49560, 135.463
 49620, 126.095
 49680, 122.693
 49740, 120.433
 49800, 122.811
 49860, 126.018
 49920, 130.077
 49980, 127.515
 50040, 131.191
 50100, 132.657
 50160, 135.280
 50220, -9999.000
 50280, 154.805
 50340, 152.472
 50400, 151.214
 50460, 147.583
 50520, 136.638
 50580, 132.543
 50640, 133.799
 50700, 133.342
 50760, 129.803
 50820, 125.791
 50880, 121.743
 50940, 126.236
 51000, 125.252
 51060, 126.242
 51120, 125.376
 51180, 120.983
 51240, 117.503
 51300, 113.441
 51360, 111.880
 51420, 115.398
 51480, 110.965
 51540, 107.096
 51600, 112.491
 51660, 105.558
 51720, 107.869
 51780, 114.963
 51840, 115.271
 51900, 114.660
 51960, 113.547
 52020, 108.340
 52080, -9999.000
 52140, 135.678
 52200, 130.978
 52260, 128.763
 52320, 128.088
 52380, 129.074
 52440, 124.217
 52500, 128.886
 52560, 122.064
 52620, 123.367
 52680, 125.703
 52740, 130.228
 52800, 124.637
 52860, 127.137
 52920, 129.181
 52980, 134.048
 53040, 126.532
 53100, 129.262
 53160, 129.802
 53220, 127.407
 53280, 119.461
 53340, 117.558
 53400, 116.135
 53460, 117.740
 53520, 117.803
 53580, 115.757
 53640, 107.383
 53700, 109.544
 53760, 113.841
 53820, 113.871
 53880, 111.196
 53940, -9999.000
 54000, 138.196
 54060, 135.914
 54120, 127.937
 54180, 124.155
 54240, 120.541
 54300, 113.721
 54360, 106.459
 54420, 107.036
 54480, 108.483
 54540, 110.403
 54600, 104.570
 54660, 106.166
 54720, 103.820
 54780, 110.745
 54840, 104.224
 54900, 107.244
 54960, 106.540
 55020, 100.996
 55080, 88.648
 55140, 83.107
 55200, 75.912
 55260, 77.905
 55320, 80.233
 55380, 80.777
 55440, 87.034
 55500, 88.864
 55560, 87.258
 55620, 93.666
 55680, 92.350
 55740, 95.208
 55800, 114.786
 55860, 113.367
 55920, 110.599
 55980, 114.916
 56040, 114.325
 56100, 113.418
 56160, 112.394
 56220, 112.896
 56280, 115.736
 56340, 117.975
 56400, 117.454
 56460, 113.496
 56520, 116.396
 56580, 120.713
 56640, 118.636
 56700, 115.826
 56760, 122.236
 56820, 121.044
 56880, 118.011
 56940, 116.154
 57000, 113.566
 57060, 119.425
 57120, 119.891
 57180, 121.333
 57240, 117.118
 57300, 116.983
 57360, 116.618
 57420, 121.080
 57480, 123.137
 57540, 124.737
 57600, 122.635
 57660, 145.562
 57720, 146.616
 57780, 149.912
 57840, 146.069
 57900, 146.259
 57960, 146.372
 58020, 137.741
 58080, 134.598
 58140, 130.443
 58200, 134.875
 58260, 144.166
 58320, 151.431
 58380, 149.311
 58440, 146.601
 58500, 143.315
 58560, 138.623
 58620, 138.535
 58680, 142.815
 58740, 142.282
 58800, 141.570
 58860, 145.569
 58920, 144.567
 58980, 144.439
 59040, 141.876
 59100, 145.375
 59160, 142.433
 59220, 140.421
 59280, 139.276
 59340, 143.713
 59400, 141.227
 59460, 153.936
 59520, 159.456
 59580, 153.865
 59640, 155.769
 59700, 154.043
 59760, 154.608
 59820, 150.962
 59880, 148.393
 59940, 146.352
 60000, 143.203
 60060, 139.621
