CampaignData_and_Merges/R0/CSL_MobileLab_Parked/raw/20240725/USOS-NOy-LIF_MobileLabGround_20240725_R0.ict
39,1001
Rollins, A.; Waxman, E.; Zuraski, K.; Chace, W.
NOAA Chemical Sciences Laboratory
LIF NO/NOx/NOy on CSL Mobile Lab
AMMBEC / USOS
1, 1
2024,07,25, 2025,01,04
1
Time_Start, seconds, number_of_seconds_since_0000_UTC
7
1, 1, 1, 1, 1, 1, 1
-9999, -9999, -9999, -9999, -9999, -9999, -9999
Time_Stop, seconds, number_of_seconds_since_0000_UTC
NO_LIF, pptv, Gas_NO_InSitu_S_AVMR, volume mixing ratio of nitric oxide in air
NO2_LIF, pptv, Gas_NO2_InSitu_S_AVMR, volume mixing ratio of nitrogen dioxide in air
NOy_LIF, pptv, Gas_NOy_InSitu_S_AVMR, volume mixing ratio of total oxidized nitrogen in air
NO_LIF_1SigmaAccuracy, pptv, Gas_NO_InSitu_S_AVMR, volume mixing ratio of nitric oxide in air
NO2_LIF_1SigmaAccuracy, pptv, Gas_NO2_InSitu_S_AVMR, volume mixing ratio of nitrogen dioxide in air
NOy_LIF_1SigmaAccuracy, pptv, Gas_NOy_InSitu_S_AVMR, volume mixing ratio of total oxidized nitrogen in air
0
18
PI_CONTACT_INFO: andrew.rollins@noaa.gov
PLATFORM: CSL Mobile Lab
LOCATION: Salt Lake City, UT
ASSOCIATED_DATA:
INSTRUMENT_INFO: NO detection by laser induced fluorescence. NO2 detection by photolytic conversion to NO. NOy detection by catalytic conversion to NO on gold surface
DATA_INFO:
UNCERTAINTY: Included 1 Sigma Accuracy waves represent the combined calibration uncertainties (±6%, ±9%, ±10%) and zero uncertainties (3 ppt, 20 ppt, 100 ppt) for NO, NO2, and NOy, respectively.
ULOD_FLAG: -7777
ULOD_VALUE: N/A
LLOD_FLAG: -8888
LLOD_VALUE: N/A
DM_CONTACT_INFO: andrew.rollins@noaa.gov
PROJECT_INFO: USOS Project, July - August 2024
STIPULATIONS_ON_USE: Users are strongly encouraged to contact the PI for proper data usage.
OTHER_COMMENTS:
REVISION: R0
R0: final data
Time_Start, Time_Stop, NO_LIF, NO2_LIF, NOy_LIF, NO_LIF_1SigmaAccuracy, NO2_LIF_1SigmaAccuracy, NOy_LIF_1SigmaAccuracy
[from data line 793]
   47580,   47640,848.03,10328,11544,53.882, 949.49, 1254.4
   47640,   47700,249,8155.1,10424,17.94, 753.96, 1142.4
   47700,   47760,3767,12890,17945,229.02, 1180.1, 1894.5
   47760,   47820,4652.1,17896,25522,282.12, 1630.6, 2652.2
   47820,   47880,1979.3,15599,16911,121.76, 1423.9, 1791.1
   47880,   47940,395.7,7824,10489,26.742, 724.16, 1148.9
   47940,   48000,86.909,5685.5,6790.4,8.2146, 531.7, 779.04
   48000,   48060,223.47,7159.3,7524.1,16.408, 664.33, 852.41
   48060,   48120,2604.4,16378,26833,159.26, 1494, 2783.3
   48120,   48180,1867,13212,19246,115.02, 1209.1, 2024.6
   48180,   48240,412.92,10569,12918,27.775, 971.2, 1391.8
   48240,   48300,147.95,8931.3,10222,11.877, 823.81, 1122.2
   48300,   48360,143.26,8839.8,10180,11.596, 815.58, 1118
   48360,   48420,172.29,8467.1,10198,13.338, 782.04, 1119.8
   48420,   48480,132.07,8104.4,9669.6,10.924, 749.39, 1067
   48480,   48540,323.1,10071,11520,22.386, 926.35, 1252
   48540,   48600,250.83,9965.6,11721,18.05, 916.91, 1272.1
   48600,   48660,210.12,9203.6,10777,15.607, 848.33, 1177.7
   48660,   48720,179.78,8956.2,10997,13.787, 826.06, 1199.7
   48720,   48780,157.62,8291.8,9961.6,12.457, 766.27, 1096.2
   48780,   48840,192.23,8249.8,9792.2,14.534, 762.49, 1079.2
   48840,   48900,305.48,9383.4,10762,21.329, 864.51, 1176.2
   48900,   48960,243.94,8729.3,10445,17.636, 805.64, 1144.5
   48960,   49020,191.95,8322.3,9730.6,14.517, 769, 1073.1
   49020,   49080,197.8,8496.2,9868,14.868, 784.66, 1086.8
   49080,   49140,229.07,9401,10530,16.744, 866.09, 1153
   49140,   49200,241.67,10034,11530,17.5, 923.03, 1253
   49200,   49260,248.95,10381,11989,17.937, 954.33, 1298.9
   49260,   49320,356.66,10766,12226,24.4, 988.93, 1322.6
   49320,   49380,365.64,11805,13076,24.939, 1082.4, 1407.6
   49380,   49440,2603.6,17414,16419,159.22, 1587.3, 1741.9
   49440,   49500,1829.1,17753,26411,112.75, 1617.8, 2741.1
   49500,   49560,1109.6,15303,19770,69.577, 1397.2, 2077
   49560,   49620,2437.2,16300,17814,149.23, 1487, 1881.4
   49620,   49680,1073.5,15878,18350,67.41, 1449, 1935
   49680,   49740,678.27,19038,21373,43.696, 1733.4, 2237.3
   49740,   49800,1150.1,19519,21186,72.004, 1776.7, 2218.6
   49800,   49860,559.95,17066,18918,36.597, 1556, 1991.8
   49860,   49920,473.6,16274,17479,31.416, 1484.7, 1847.9
   49920,   49980,494.66,15455,17939,32.679, 1410.9, 1893.9
   49980,   50040,819,14165,17154,52.14, 1294.8, 1815.4
   50040,   50100,2299.1,17269,18098,140.94, 1574.2, 1909.8
   50100,   50160,713.76,16195,18043,45.826, 1477.5, 1904.3
   50160,   50220,1296,17543,19042,80.759, 1598.9, 2004.2
   50220,   50280,1144.5,17458,19708,71.67, 1591.2, 2070.8
   50280,   50340,914.35,15737,20378,57.861, 1436.3, 2137.8
   50340,   50400,1490.7,16721,18378,92.445, 1524.9, 1937.8
   50400,   50460,2880.1,20945,23390,175.81, 1905, 2439
   50460,   50520,2607.3,19664,23124,159.44, 1789.8, 2412.4
   50520,   50580,1638.9,17672,22266,101.33, 1610.5, 2326.6
   50580,   50640,1515.1,16103,17513,93.908, 1469.2, 1851.3
   50640,   50700,1637.2,16889,19733,101.23, 1540, 2073.3
   50700,   50760,1278.1,16258,19984,79.684, 1483.2, 2098.4
   50760,   50820,1563.1,16970,19546,96.785, 1547.3, 2054.6
   50820,   50880,1257.4,15721,20344,78.442, 1434.9, 2134.4
   50880,   50940,2661.5,16877,19295,162.69, 1538.9, 2029.5
   50940,   51000,9050.7,24453,33686,546.04, 2220.8, 3468.6
   51000,   51060,2977.3,19183,29701,181.64, 1746.5, 3070.1
   51060,   51120,1547.3,17109,20629,95.84, 1559.9, 2162.9
   51120,   51180,2793,19177,21523,170.58, 1745.9, 2252.3
   51180,   51240,1640.5,16650,22499,101.43, 1518.5, 2349.9
   51240,   51300,1512.8,16454,20477,93.77, 1500.9, 2147.7
   51300,   51360,1500.1,15879,18812,93.006, 1449.1, 1981.2
   51360,   51420,3983.1,19906,23828,241.99, 1811.6, 2482.8
   51420,   51480,5636.9,23265,30207,341.21, 2113.9, 3120.7
   51480,   51540,4079.8,21571,29362,247.79, 1961.4, 3036.2
   51540,   51600,1720.6,16394,20231,106.24, 1495.4, 2123.1
   51600,   51660,5444.5,20262,23574,329.67, 1843.6, 2457.4
   51660,   51720,1935.4,15443,21698,119.12, 1409.9, 2269.8
   51720,   51780,1316.4,14923,18105,81.981, 1363, 1910.5
   51780,   51840,1286.4,15067,17323,80.186, 1376.1, 1832.3
   51840,   51900,1414.8,15013,18277,87.886, 1371.2, 1927.7
   51900,   51960,2465.4,15598,18823,150.92, 1423.8, 1982.3
   51960,   52020,1821,15274,21290,112.26, 1394.7, 2229
   52020,   52080,1704.9,14570,18058,105.29, 1331.3, 1905.8
   52080,   52140,1755.6,15431,19834,108.34, 1408.8, 2083.4
   52140,   52200,1645.8,15079,17054,101.75, 1377.1, 1805.4
   52200,   52260,2712.1,17580,21373,165.73, 1602.2, 2237.3
   52260,   52320,2632.8,17870,22687,160.97, 1628.3, 2368.7
   52320,   52380,1905.2,16839,20157,117.31, 1535.5, 2115.7
   52380,   52440,2559.8,17445,21221,156.59, 1590.1, 2222.1
   52440,   52500,2046,15309,20705,125.76, 1397.8, 2170.5
   52500,   52560,6492.9,20849,25528,392.57, 1896.5, 2652.8
   52560,   52620,1436.4,14545,17939,89.182, 1329.1, 1893.9
   52620,   52680,2818.6,16722,19627,172.11, 1525, 2062.7
   52680,   52740,1219.9,13976,17453,76.195, 1277.8, 1845.3
   52740,   52800,1332.2,14116,19054,82.931, 1290.4, 2005.4
   52800,   52860,1011.2,13248,16634,63.671, 1212.3, 1763.4
   52860,   52920,1538.5,14527,18171,95.308, 1327.5, 1917.1
   52920,   52980,1371.3,13592,16896,85.281, 1243.3, 1789.6
   52980,   53040,1472.5,13262,16385,91.35, 1213.6, 1738.5
   53040,   53100,883.59,11946,15266,56.016, 1095.1, 1626.6
   53100,   53160,1067.9,12377,15255,67.075, 1134, 1625.5
   53160,   53220,859.42,11996,15163,54.565, 1099.7, 1616.3
   53220,   53280,843.39,11408,14120,53.603, 1046.7, 1512
   53280,   53340,840.73,11605,15485,53.444, 1064.4, 1648.5
   53340,   53400,784.32,11688,14575,50.059, 1071.9, 1557.5
   53400,   53460,773.01,11336,14084,49.38, 1040.2, 1508.4
   53460,   53520,835.46,11149,13679,53.127, 1023.4, 1467.9
   53520,   53580,1059.9,12184,15060,66.595, 1116.6, 1606
   53580,   53640,1471.9,14027,16231,91.312, 1282.4, 1723.1
   53640,   53700,1072.7,11855,15200,67.359, 1087, 1620
   53700,   53760,694.46,10709,13382,44.668, 983.78, 1438.2
   53760,   53820,821.73,11749,14380,52.304, 1077.4, 1538
   53820,   53880,820.03,11512,14068,52.202, 1056.1, 1506.8
   53880,   53940,839.55,11193,14047,53.373, 1027.4, 1504.7
   53940,   54000,914.19,11594,14431,57.851, 1063.4, 1543.1
   54000,   54060,2225.3,15138,20234,136.52, 1382.4, 2123.4
   54060,   54120,2371.7,15796,20827,145.3, 1441.6, 2182.7
   54120,   54180,1153.1,12711,15799,72.188, 1164, 1679.9
   54180,   54240,1149.7,12608,15972,71.984, 1154.7, 1697.2
   54240,   54300,1154.7,12659,15823,72.282, 1159.3, 1682.3
   54300,   54360,-9999,-9999,-9999,-9999, -9999, -9999
   54360,   54420,-9999,-9999,-9999,-9999, -9999, -9999
   54420,   54480,-9999,-9999,-9999,-9999, -9999, -9999
   54480,   54540,-9999,-9999,-9999,-9999, -9999, -9999
   54540,   54600,-9999,-9999,-9999,-9999, -9999, -9999
   54600,   54660,-9999,-9999,-9999,-9999, -9999, -9999
   54660,   54720,-9999,-9999,-9999,-9999, -9999, -9999
   54720,   54780,4242.3,17831,17495,257.54, 1624.8, 1849.5
   54780,   54840,4558.9,18549,29679,276.53, 1689.5, 3067.9
   54840,   54900,2129,14652,20104,130.74, 1338.7, 2110.4
   54900,   54960,2020.6,14653,17575,124.24, 1338.8, 1857.5
   54960,   55020,1628,13310,17574,100.68, 1217.9, 1857.4
   55020,   55080,1624.9,13290,18149,100.5, 1216.1, 1914.9
   55080,   55140,1771.5,13397,17810,109.29, 1225.8, 1881
   55140,   55200,2224,13829,19290,136.44, 1264.6, 2029
   55200,   55260,1582.7,11618,16675,97.96, 1065.6, 1767.5
   55260,   55320,2012.1,12052,15435,123.73, 1104.7, 1643.5
   55320,   55380,2129.8,12997,16961,130.79, 1189.7, 1796.1
   55380,   55440,1776.5,12483,16089,109.59, 1143.4, 1708.9
   55440,   55500,2587.2,14584,18320,158.23, 1332.6, 1932
   55500,   55560,2293.7,14331,18892,140.62, 1309.7, 1989.2
   55560,   55620,2325.5,14678,19310,142.53, 1341, 2031
   55620,   55680,1955,14170,18335,120.3, 1295.3, 1933.5
   55680,   55740,1627.2,13199,16845,100.63, 1207.9, 1784.5
   55740,   55800,1599.7,13299,17294,98.981, 1216.9, 1829.4
   55800,   55860,1435.1,12453,15907,89.108, 1140.7, 1690.7
   55860,   55920,1446.3,12878,16259,89.778, 1179, 1725.9
   55920,   55980,1501,12715,15799,93.058, 1164.3, 1679.9
   55980,   56040,1371.5,12117,15748,85.292, 1110.5, 1674.8
   56040,   56100,1327.1,12303,15407,82.625, 1127.3, 1640.7
   56100,   56160,1378.7,13210,16000,85.719, 1208.9, 1700
   56160,   56220,1131.7,12629,15407,70.903, 1156.6, 1640.7
   56220,   56280,2037.7,13279,15794,125.26, 1215.1, 1679.4
   56280,   56340,1805.5,14216,19420,111.33, 1299.4, 2042
   56340,   56400,1297.7,13263,17100,80.86, 1213.7, 1810
   56400,   56460,924,12190,16487,58.44, 1117.1, 1748.7
   56460,   56520,787.51,12467,15340,50.251, 1142, 1634
   56520,   56580,868.86,11967,15021,55.132, 1097, 1602.1
   56580,   56640,1029.9,12645,15355,64.794, 1158, 1635.5
   56640,   56700,856.13,11586,14929,54.368, 1062.7, 1592.9
   56700,   56760,738.22,10363,13164,47.293, 952.63, 1416.4
   56760,   56820,1003.3,10514,13315,63.198, 966.3, 1431.5
   56820,   56880,821.7,10058,13194,52.302, 925.22, 1419.4
   56880,   56940,639.2,8713.1,11738,41.352, 804.18, 1273.8
   56940,   57000,657.89,8129.7,11432,42.473, 751.67, 1243.2
   57000,   57060,628.85,7875.1,10672,40.731, 728.76, 1167.2
   57060,   57120,1052.8,8689,11126,66.167, 802.01, 1212.6
   57120,   57180,933.79,7959.1,11222,59.027, 736.32, 1222.2
   57180,   57240,-9999,-9999,-9999,-9999, -9999, -9999
   57240,   57300,-9999,-9999,-9999,-9999, -9999, -9999
   57300,   57360,-9999,-9999,-9999,-9999, -9999, -9999
   57360,   57420,-9999,-9999,-9999,-9999, -9999, -9999
   57420,   57480,-9999,-9999,-9999,-9999, -9999, -9999
   57480,   57540,-9999,-9999,-9999,-9999, -9999, -9999
   57540,   57600,-9999,-9999,-9999,-9999, -9999, -9999
   57600,   57660,1863.7,10157,13186,114.82, 934.12, 1418.6
   57660,   57720,1088.1,7532.6,12279,68.285, 697.94, 1327.9
   57720,   57780,896.53,6776.7,9887.5,56.792, 629.91, 1088.8
   57780,   57840,1795.2,9307,11601,110.71, 857.63, 1260.1
   57840,   57900,1359.8,8689.1,11529,84.588, 802.02, 1252.9
   57900,   57960,1445.2,8529.2,11836,89.712, 787.63, 1283.6
   57960,   58020,1622.4,8524.7,11805,100.35, 787.23, 1280.5
   58020,   58080,1521.6,7361.6,12408,94.294, 682.54, 1340.8
   58080,   58140,1008.9,6364.4,8342.4,63.534, 592.8, 934.24
   58140,   58200,726.19,5672.8,8362.3,46.572, 530.55, 936.23
   58200,   58260,677.87,5086.1,7948.1,43.672, 477.74, 894.81
   58260,   58320,1053.8,6260.9,8336.5,66.23, 583.48, 933.65
   58320,   58380,1920.5,8156.4,10197,118.23, 754.07, 1119.7
   58380,   58440,1128.9,6939.2,10705,70.733, 644.53, 1170.5
   58440,   58500,969.39,6359.3,8596.8,61.164, 592.34, 959.68
   58500,   58560,1080.5,6420,8869.7,67.828, 597.8, 986.97
   58560,   58620,2386.4,8738.8,11692,146.18, 806.5, 1269.2
   58620,   58680,1198.3,6647.9,10079,74.898, 618.31, 1107.9
   58680,   58740,2155.5,8573.3,12327,132.33, 791.6, 1332.7
   58740,   58800,2463.5,8939.5,13067,150.81, 824.56, 1406.7
   58800,   58860,1789.1,7789.8,12877,110.34, 721.08, 1387.7
   58860,   58920,991.01,5929,9129.3,62.461, 553.61, 1012.9
   58920,   58980,892.51,5405.2,8311.7,56.551, 506.47, 931.17
   58980,   59040,872.41,4958.7,7266.3,55.345, 466.29, 826.63
   59040,   59100,700.05,4400.9,7286.4,45.003, 416.08, 828.64
   59100,   59160,2098.9,7671.5,8389.1,128.94, 710.44, 938.91
   59160,   59220,1246.3,5559.2,9011.7,77.779, 520.33, 1001.2
   59220,   59280,650.07,4174.7,6588.2,42.004, 395.72, 758.82
   59280,   59340,582.94,3725.7,5865.5,37.976, 355.31, 686.55
   59340,   59400,967.26,5074.7,6966.5,61.036, 476.72, 796.65
   59400,   59460,949.42,5183.7,7497.9,59.965, 486.54, 849.79
   59460,   59520,2770.3,8880.6,11000,169.22, 819.26, 1200
   59520,   59580,1179.2,5083,8484.9,73.75, 477.47, 948.49
   59580,   59640,850.14,3968,6893.8,54.009, 377.12, 789.38
   59640,   59700,693.72,3772.1,5740.3,44.623, 359.49, 674.03
   59700,   59760,953.54,4474.1,6694.7,60.212, 422.67, 769.47
   59760,   59820,983.14,4739,6612.4,61.988, 446.51, 761.24
   59820,   59880,1221.8,4844.3,7490.1,76.307, 455.99, 849.01
   59880,   59940,726.13,3959.4,7048.8,46.568, 376.35, 804.88
   59940,   60000,720.44,3744.7,5760.2,46.226, 357.02, 676.02
   60000,   60060,862.19,3712.5,6159.6,54.732, 354.12, 715.96
   60060,   60120,691.96,3343.1,5542.3,44.518, 320.88, 654.23
   60120,   60180,549.57,3037.7,5363.9,35.974, 293.39, 636.39
   60180,   60240,574.97,2872,5128,37.498, 278.48, 612.8
   60240,   60300,918.71,3442.2,5472.1,58.123, 329.8, 647.21
   60300,   60360,829.25,3136.6,5903.4,52.755, 302.3, 690.34
   60360,   60420,709.1,3117,5622.2,45.546, 300.53, 662.22
   60420,   60480,407.95,2187.7,4302.2,27.477, 216.89, 530.22
   60480,   60540,442.5,2350.6,4280.6,29.55, 231.56, 528.06
   60540,   60600,583.75,2783.8,4568.4,38.025, 270.54, 556.84
   60600,   60660,810.02,3129.2,5646.8,51.601, 301.63, 664.68
   60660,   60720,449.26,2507.6,4655,29.956, 245.68, 565.5
   60720,   60780,558.88,2951.8,4783.7,36.533, 285.67, 578.37
   60780,   60840,498.68,2592.7,5119.4,32.921, 253.34, 611.94
   60840,   60900,586.33,2784.3,4816.4,38.18, 270.59, 581.64
   60900,   60960,757.44,3092.7,5058.4,48.447, 298.35, 605.84
   60960,   61020,2318.2,6031,9054.3,142.09, 562.79, 1005.4
   61020,   61080,744.49,3035.7,5575,47.669, 293.21, 657.5
   61080,   61140,1268.8,4216,6028.5,79.125, 399.44, 702.85
   61140,   61200,1315.3,4369.7,7576.3,81.917, 413.28, 857.63
   61200,   61260,1447,4639.4,7811.6,89.821, 437.55, 881.16
   61260,   61320,1647.6,5119.3,8224.9,101.85, 480.74, 922.49
   61320,   61380,1634.7,5308.4,8636,101.08, 497.76, 963.6
   61380,   61440,2517.3,6451,10374,154.04, 600.59, 1137.4
   61440,   61500,2750.6,6890.3,11045,168.04, 640.12, 1204.5
   61500,   61560,2548.8,6668.6,11345,155.93, 620.18, 1234.5
   61560,   61620,2829,6892.6,11747,172.74, 640.34, 1274.7
   61620,   61680,1903.9,5140.6,8868.7,117.24, 482.65, 986.87
   61680,   61740,1737.1,4835.7,8921.8,107.22, 455.21, 992.18
   61740,   61800,1438.5,4367.5,7960.4,89.311, 413.07, 896.04
   61800,   61860,1260.1,3985,7187.2,78.603, 378.65, 818.72
   61860,   61920,1052.2,3425.2,6319.9,66.13, 328.27, 731.99
   61920,   61980,1110.7,3562.2,6429.9,69.644, 340.6, 742.99
   61980,   62040,1226.8,3932.4,7057,76.608, 373.91, 805.7
   62040,   62100,1377.1,4148,7357.8,85.628, 393.32, 835.78
   62100,   62160,1454.3,4351.3,7398,90.259, 411.62, 839.8
   62160,   62220,1081.6,3558.5,6586.4,67.894, 340.26, 758.64
   62220,   62280,994.3,3358.3,6201.9,62.658, 322.25, 720.19
   62280,   62340,1209.1,3730.9,6583.7,75.545, 355.78, 758.37
   62340,   62400,893.19,3007.3,5717.6,56.591, 290.66, 671.76
   62400,   62460,859.67,3023.2,5658.1,54.58, 292.09, 665.81
   62460,   62520,887.89,3135.7,5784.5,56.274, 302.21, 678.45
   62520,   62580,828.92,3082.7,5756.9,52.735, 297.45, 675.69
   62580,   62640,746.02,3111.5,5755.8,47.761, 300.04, 675.58
   62640,   62700,1012.7,3523.6,6455.6,63.765, 337.13, 745.56
   62700,   62760,1320.2,4228.7,7197.8,82.21, 400.59, 819.78
   62760,   62820,1191.1,3864.3,6639.9,74.465, 367.78, 763.99
   62820,   62880,1129.1,3782.4,7040,70.749, 360.41, 804
   62880,   62940,887.38,3509.6,6273.3,56.243, 335.87, 727.33
   62940,   63000,339.08,1606.6,3816.8,23.345, 164.6, 481.68
   63000,   63060,239.51,1451.6,3111.8,17.371, 150.65, 411.18
   63060,   63120,283.68,1344.4,2994,20.021, 140.99, 399.4
   63120,   63180,388.52,1421.2,2965.8,26.311, 147.91, 396.58
   63180,   63240,480.82,1671.4,3513,31.849, 170.42, 451.3
   63240,   63300,445.25,1527.2,3174.8,29.715, 157.45, 417.48
   63300,   63360,1390.4,3313,6094.4,86.425, 318.17, 709.44
   63360,   63420,395.38,1497.3,3674.4,26.723, 154.76, 467.44
   63420,   63480,277.42,1171.2,2722.5,19.645, 125.41, 372.25
   63480,   63540,252.76,1095.1,2593.7,18.166, 118.56, 359.37
   63540,   63600,251.26,1088.2,2628.2,18.076, 117.94, 362.82
