CampaignData_and_Merges/R0/CSL_MobileLab_Parked/raw/20240725/USOS-NOAAIodideCIMS-Halogens_MobileLabGround_20240725_RA.ict
38, 1001
Michael A Robinson, Chris Jernigan, Subi Thakali
NOAA ESRL Chemical Sciences Laboratory and CIRES, U. of Colorado
NOAA Iodide CIMS Instrument
USOS
1, 1
2024, 07, 25, 2024, 07, 26
1
starttime_UTC, seconds_past_midnight, seconds_of_day_since_00:00:00_UTC
6
1, 1, 1, 1, 1, 1
-9999, -9999, -9999, -9999, -9999, -9999
Br2_NOAACIMS, pptv, Gas_Br2_InSitu_S_AVMR, 
BrO_NOAACIMS, pptv, Gas_BrO_InSitu_S_AVMR, 
Cl2_NOAACIMS, pptv, Gas_Cl2_InSitu_S_AVMR, 
ClNO2_NOAACIMS, pptv, Gas_ClNO2_InSitu_S_AVMR, 
BrCl_NOAACIMS, pptv, Gas_BrCl_InSitu_S_AVMR, 
NCl3_NOAACIMS, pptv, Gas_NCl3_InSitu_S_AVMR, 
0
18
PI_CONTACT_INFO: 325 Broadway, R/CSD 7, Boulder, Colorado 80305; michael.a.robinson@noaa.gov; chris.jernigan@noaa.gov;
PLATFORM: NOAA CSL Mobile Lab
LOCATION: SLC, Utah
ASSOCIATED_DATA: 1Hz data also available on request.
INSTRUMENT_INFO: NOAA I- ToF CIMS
DATA_INFO: All data in parts per trillion by volume (pptv). 1 Hz data is available upon request.
UNCERTAINTY: TBD
ULOD_FLAG: -7777
ULOD_VALUE: N/A
LLOD_FLAG: -8888
LLOD_VALUE: N/A
DM_CONTACT_INFO: Nathan Howard; nathan.h.howard@noaa.gov
PROJECT_INFO: USOS, summer 2024. https://csl.noaa.gov/groups/csl7/measurements/2024usos/
STIPULATIONS_ON_USE: Users are strongly encouraged to contact the PI for proper data usage.
OTHER_COMMENTS: 
REVISION: RA
RA: Preliminary Data; For in-field use only
starttime_UTC, Br2_NOAACIMS, BrO_NOAACIMS, Cl2_NOAACIMS, ClNO2_NOAACIMS, BrCl_NOAACIMS, NCl3_NOAACIMS
[from data line 579]
 34740,  1.364,  0.150,  1.192,  0.840,  0.408,  6.092
 34800,  1.257,  0.136,  1.250,  0.785,  0.373,  5.383
 34860,  1.127,  0.064,  1.082,  0.678,  0.372,  5.390
 34920,  1.184,  0.156,  1.052,  0.545,  0.309,  4.727
 34980,  1.226,  0.092,  0.943,  0.534,  0.362,  4.713
 35040,  1.112,  0.119,  0.969,  0.555,  0.380,  5.657
 35100,  1.243,  0.134,  1.134,  0.500,  0.358,  5.968
 35160,  1.136,  0.062,  1.000,  0.453,  0.407,  6.430
 35220,  1.208,  0.147,  1.139,  0.468,  0.360,  7.524
 35280,  1.251,  0.133,  1.103,  0.468,  0.435,  7.447
 35340,  1.118,  0.095,  1.048,  0.541,  0.406,  7.137
 35400,  0.993,  0.150,  1.068,  0.456,  0.350,  7.283
 35460, -9999.000, -9999.000, -9999.000, -9999.000, -9999.000, -9999.000
 35520,  1.111,  0.093,  1.059,  0.490,  0.386,  8.999
 35580,  1.289,  0.136,  1.052,  0.419,  0.402,  8.178
 35640,  1.280,  0.177,  1.068,  0.395,  0.388,  7.306
 35700,  1.138,  0.153,  1.005,  0.388,  0.422,  7.404
 35760,  1.339,  0.145,  0.904,  0.316,  0.312,  4.040
 35820,  1.296,  0.058,  0.854,  0.221,  0.377,  4.237
 35880,  1.151,  0.068,  0.881,  0.237,  0.317,  4.601
 35940,  1.229,  0.067,  0.838,  0.232,  0.331,  4.736
 36000,  1.193,  0.060,  0.741,  0.215,  0.271,  3.416
 36060,  1.249,  0.126,  0.745,  0.222,  0.259,  2.558
 36120,  1.170,  0.158,  0.812,  0.202,  0.343,  2.836
 36180,  1.298,  0.039,  0.869,  0.163,  0.247,  2.788
 36240,  1.262,  0.083,  0.756,  0.212,  0.362,  3.544
 36300,  1.138,  0.076,  0.831,  0.207,  0.305,  4.186
 36360,  1.384,  0.076,  0.860,  0.219,  0.299,  5.359
 36420,  1.331,  0.042,  0.911,  0.251,  0.304,  4.814
 36480,  1.496,  0.018,  0.845,  0.258,  0.321,  5.126
 36540,  1.206, -0.021,  0.729,  0.195,  0.272,  2.751
 36600,  1.191,  0.046,  0.770,  0.201,  0.305,  3.732
 36660,  1.169,  0.036,  0.671,  0.182,  0.291,  2.410
 36720,  1.191, -0.016,  0.632,  0.170,  0.197,  2.299
 36780,  1.236, -0.024,  0.650,  0.181,  0.288,  2.184
 36840,  1.149, -0.015,  0.643,  0.162,  0.252,  2.681
 36900,  1.251, -0.031,  0.704,  0.181,  0.264,  3.034
 36960,  1.126,  0.064,  0.717,  0.193,  0.261,  3.315
 37020,  1.219, -0.039,  0.748,  0.148,  0.292,  3.159
 37080,  1.314, -0.014,  0.525,  0.227,  0.290,  2.191
 37140,  1.229,  0.033,  0.593,  0.136,  0.243,  2.077
 37200,  1.239, -0.005,  0.620,  0.161,  0.265,  2.128
 37260,  1.130,  0.008,  0.683,  0.191,  0.271,  2.584
 37320,  1.281, -0.191,  0.365,  0.255,  0.223,  2.124
 37380,  1.223, -0.041,  0.645,  0.177,  0.269,  1.885
 37440,  1.156,  0.020,  0.582,  0.237,  0.329,  1.761
 37500,  1.286,  0.002,  0.671,  0.191,  0.241,  3.003
 37560,  1.228, -0.024,  0.695,  0.161,  0.261,  2.711
 37620,  1.262, -0.055,  0.642,  0.218,  0.236,  2.129
 37680,  1.165, -0.023,  0.594,  0.157,  0.254,  2.220
 37740,  1.295,  0.001,  0.614,  0.174,  0.268,  2.426
 37800,  1.345,  0.045,  0.621,  0.203,  0.326,  3.171
 37860,  1.275,  0.006,  0.776,  0.197,  0.323,  4.380
 37920,  1.332,  0.036,  0.674,  0.200,  0.263,  3.502
 37980,  1.312,  0.184,  0.698,  0.203,  0.333,  3.367
 38040,  1.383,  0.061,  0.655,  0.183,  0.252,  3.553
 38100,  1.246,  0.057,  0.653,  0.223,  0.247,  3.240
 38160,  1.249,  0.124,  0.650,  0.218,  0.298,  2.714
 38220,  1.145,  0.076,  0.600,  0.165,  0.252,  2.031
 38280,  1.202,  0.073,  0.577,  0.192,  0.295,  1.477
 38340,  1.118,  0.073,  0.578,  0.197,  0.255,  1.474
 38400,  1.180,  0.074,  0.594,  0.197,  0.245,  1.509
 38460,  1.239,  0.053,  0.578,  0.196,  0.258,  1.749
 38520,  1.148,  0.085,  0.551,  0.138,  0.235,  1.535
 38580,  1.065,  0.083,  0.534,  0.173,  0.289,  1.410
 38640,  1.245,  0.150,  0.508,  0.152,  0.230,  1.844
 38700,  1.242,  0.208,  0.876,  0.201,  0.269,  5.028
 38760,  1.196,  0.095,  0.720,  0.204,  0.272,  3.519
 38820,  1.126,  0.072,  0.628,  0.169,  0.219,  1.972
 38880,  1.160,  0.246,  0.702,  0.226,  0.216,  2.285
 38940,  1.008,  0.184,  0.639,  0.240,  0.210,  2.684
 39000,  1.073,  0.086,  0.749,  0.232,  0.235,  3.684
 39060,  1.202,  0.146,  0.961,  0.321,  0.344,  8.678
 39120,  1.557,  0.050,  1.756,  0.441,  0.575, 22.682
 39180,  1.336, -0.055,  1.977,  0.102,  0.425, 15.401
 39240,  1.124,  0.182,  0.975,  0.279,  0.353, 10.281
 39300,  1.079,  0.192,  1.143,  0.271,  0.292,  8.524
 39360,  1.104,  0.140,  1.101,  0.264,  0.300,  8.445
 39420,  1.168,  0.164,  0.910,  0.297,  0.318,  7.279
 39480,  1.103,  0.136,  0.849,  0.259,  0.255,  6.067
 39540,  1.076,  0.206,  0.900,  0.250,  0.259,  6.798
 39600,  1.020,  0.131,  0.759,  0.231,  0.229,  6.546
 39660,  1.002,  0.096,  0.943,  0.232,  0.238,  6.498
 39720,  1.128,  0.174,  0.713,  0.269,  0.282,  6.650
 39780,  0.992,  0.158,  0.943,  0.289,  0.205,  6.213
 39840,  1.014,  0.165,  1.055,  0.340,  0.296, 18.790
 39900,  1.044,  0.130,  1.044,  0.422,  0.283, 17.084
 39960,  0.989,  0.214,  0.905,  0.312,  0.249,  8.867
 40020,  0.864,  0.089,  0.807,  0.204,  0.202,  5.153
 40080,  0.994,  0.126,  0.724,  0.267,  0.243,  5.000
 40140,  0.897,  0.058,  0.739,  0.246,  0.210,  5.094
 40200,  0.957,  0.111,  0.755,  0.313,  0.232,  5.109
 40260,  0.927,  0.143,  0.761,  0.286,  0.231,  5.106
 40320,  0.867,  0.073,  0.739,  0.340,  0.277,  4.825
 40380,  0.932,  0.134,  0.812,  0.314,  0.228,  5.668
 40440,  0.871,  0.152,  0.836,  0.383,  0.228,  6.310
 40500,  0.853,  0.152,  0.883,  0.310,  0.222,  6.786
 40560,  0.917,  0.130,  0.768,  0.306,  0.203,  6.267
 40620,  0.924,  0.083,  0.858,  0.259,  0.240,  6.954
 40680,  0.910,  0.106,  0.768,  0.290,  0.255,  6.018
 40740,  0.745,  0.135,  0.994,  0.375,  0.235,  6.145
 40800,  0.877,  0.215,  0.976,  0.420,  0.276,  7.816
 40860,  0.899,  0.079,  0.903,  0.414,  0.227,  8.020
 40920,  0.857,  0.095,  0.762,  0.390,  0.272,  6.585
 40980,  0.710,  0.216,  0.714,  0.314,  0.182,  5.194
 41040,  1.056,  0.111,  0.655,  0.290,  0.288,  5.871
 41100,  0.903,  0.050,  0.722,  0.268,  0.252,  5.616
 41160,  0.834,  0.123,  0.787,  0.252,  0.250,  5.629
 41220,  0.869,  0.074,  0.830,  0.311,  0.299,  5.034
 41280,  1.055,  0.075,  0.798,  0.356,  0.294,  5.790
 41340,  0.769,  0.123,  0.792,  0.360,  0.308,  6.024
 41400,  0.740,  0.163,  0.871,  0.335,  0.256,  6.148
 41460,  0.911,  0.115,  0.840,  0.326,  0.227,  6.728
 41520,  0.901,  0.122,  0.811,  0.321,  0.241,  6.310
 41580,  0.995,  0.110,  0.831,  0.339,  0.231,  5.137
 41640,  0.936,  0.228,  0.843,  0.317,  0.223,  5.626
 41700,  0.983,  0.190,  1.088,  0.419,  0.261, 10.506
 41760,  1.010,  0.154,  1.049,  0.367,  0.242,  9.065
 41820,  0.876,  0.108,  0.852,  0.316,  0.273,  6.414
 41880,  0.991,  0.278,  0.764,  0.309,  0.257,  6.569
 41940,  0.992,  0.130,  1.032,  0.396,  0.296,  9.733
 42000,  1.066,  0.198,  0.771,  0.412,  0.253, 10.475
 42060,  1.205,  0.238,  0.863,  0.444,  0.279, 10.782
 42120,  1.163,  0.133,  0.839,  0.457,  0.269, 10.861
 42180,  1.163,  0.215,  0.815,  0.516,  0.252, 10.225
 42240,  1.180,  0.161,  0.877,  0.434,  0.280,  8.651
 42300,  1.166,  0.245,  0.898,  0.441,  0.258,  8.624
 42360,  1.076,  0.187,  0.946,  0.516,  0.336, 13.089
 42420,  1.232,  0.158,  0.762,  0.454,  0.241,  6.078
 42480,  1.279,  0.220,  0.838,  0.457,  0.263,  5.946
 42540,  1.030,  0.113,  0.868,  0.482,  0.305,  6.479
 42600,  1.061,  0.107,  0.909,  0.477,  0.227,  6.411
 42660,  1.273,  0.182,  1.100,  0.494,  0.281, 11.259
 42720,  1.229,  0.115,  1.178,  0.537,  0.314, 10.575
 42780,  1.162,  0.047,  0.993,  0.496,  0.256,  7.523
 42840, -9999.000, -9999.000, -9999.000, -9999.000, -9999.000, -9999.000
 42900,  1.065,  0.138,  0.942,  0.473,  0.247,  7.029
 42960,  1.088,  0.157,  0.817,  0.499,  0.240,  6.370
 43020,  1.142,  0.191,  0.855,  0.487,  0.226,  6.413
 43080,  1.181,  0.127,  0.871,  0.472,  0.263,  6.248
 43140,  1.204,  0.151,  0.755,  0.501,  0.253,  6.506
 43200,  1.229,  0.137,  0.797,  0.407,  0.230,  6.739
 43260,  1.024,  0.131,  0.854,  0.561,  0.271,  6.917
 43320,  1.087,  0.176,  0.755,  0.495,  0.284,  5.209
 43380,  1.113,  0.164,  0.698,  0.466,  0.214,  4.701
 43440,  1.207,  0.177,  0.742,  0.471,  0.234,  3.548
 43500,  1.173,  0.081,  0.870,  0.474,  0.225,  4.560
 43560,  1.034,  0.130,  0.747,  0.489,  0.242,  4.540
 43620,  1.195,  0.124,  0.793,  0.520,  0.203,  3.948
 43680,  1.127,  0.103,  0.812,  0.497,  0.236,  5.932
 43740,  1.165,  0.173,  0.820,  0.477,  0.261,  5.732
 43800,  1.107,  0.156,  0.756,  0.468,  0.213,  3.991
 43860,  1.149,  0.133,  0.751,  0.449,  0.249,  2.849
 43920,  1.037,  0.146,  0.706,  0.492,  0.214,  2.506
 43980,  1.099,  0.104,  0.720,  0.469,  0.196,  2.900
 44040,  1.209,  0.119,  0.858,  0.454,  0.252,  8.358
 44100,  1.072,  0.114,  1.067,  0.511,  0.387, 14.324
 44160,  1.105,  0.107,  0.719,  0.452,  0.193,  4.625
 44220,  1.054,  0.062,  0.809,  0.493,  0.189,  3.582
 44280,  0.980, -0.006,  0.763,  0.458,  0.198,  4.040
 44340,  0.961,  0.100,  0.665,  0.422,  0.184,  2.838
 44400,  0.997,  0.108,  0.685,  0.399,  0.173,  2.602
 44460,  0.976,  0.105,  0.703,  0.416,  0.192,  2.532
 44520,  1.213,  0.070,  0.735,  0.396,  0.229,  2.503
 44580,  1.013,  0.095,  0.755,  0.436,  0.185,  2.819
 44640,  1.030,  0.033,  0.804,  0.420,  0.211,  2.537
 44700, -9999.000, -9999.000, -9999.000, -9999.000, -9999.000, -9999.000
 44760,  0.838,  0.082,  0.859,  0.464,  0.206,  2.521
 44820,  1.017,  0.110,  0.734,  0.461,  0.174,  2.505
 44880,  1.074,  0.098,  0.780,  0.396,  0.199,  3.345
 44940,  1.009,  0.179,  0.659,  0.487,  0.173,  2.369
 45000,  1.066,  0.109,  0.793,  0.409,  0.190,  2.143
 45060,  0.970,  0.057,  0.805,  0.439,  0.174,  2.865
 45120,  0.974,  0.048,  0.775,  0.409,  0.162,  2.542
 45180,  1.011,  0.073,  0.802,  0.419,  0.199,  2.506
 45240,  1.106,  0.177,  0.714,  0.402,  0.170,  2.150
 45300,  1.035,  0.115,  0.691,  0.386,  0.203,  1.983
 45360,  0.961,  0.097,  0.784,  0.412,  0.188,  1.656
 45420,  1.001,  0.183,  0.705,  0.325,  0.169,  1.518
 45480,  0.982,  0.098,  0.839,  0.388,  0.212,  2.073
 45540,  0.915,  0.089,  0.764,  0.404,  0.197,  1.337
 45600,  1.042,  0.079,  0.679,  0.387,  0.188,  1.317
 45660,  0.946,  0.150,  0.658,  0.370,  0.204,  1.225
 45720,  1.112,  0.144,  0.710,  0.326,  0.211,  1.454
 45780,  1.113,  0.138,  0.703,  0.371,  0.112,  1.198
 45840,  0.987,  0.150,  0.769,  0.426,  0.193,  1.503
 45900,  0.956,  0.191,  0.687,  0.329,  0.197,  1.686
 45960,  0.910,  0.117,  0.832,  0.384,  0.169,  1.488
 46020,  1.077,  0.123,  0.733,  0.407,  0.179,  1.385
 46080,  1.099,  0.142,  0.733,  0.412,  0.214,  1.952
 46140,  1.044,  0.200,  0.670,  0.401,  0.215,  1.631
 46200,  1.172,  0.198,  0.752,  0.386,  0.212,  1.780
 46260,  1.092,  0.198,  0.757,  0.412,  0.159,  1.762
 46320,  1.119,  0.154,  0.711,  0.378,  0.160,  1.450
 46380,  1.053,  0.123,  0.767,  0.410,  0.215,  1.481
 46440,  0.960,  0.097,  0.763,  0.432,  0.217,  1.478
 46500,  0.982,  0.104,  0.710,  0.458,  0.135,  1.558
 46560, -9999.000, -9999.000, -9999.000, -9999.000, -9999.000, -9999.000
 46620,  1.005,  0.162,  0.737,  0.381,  0.201,  1.283
 46680,  1.129,  0.119,  0.732,  0.362,  0.273,  1.444
 46740,  1.052,  0.191,  0.727,  0.391,  0.238,  1.429
 46800,  1.080,  0.119,  0.724,  0.474,  0.219,  1.709
 46860,  1.028,  0.124,  0.841,  0.390,  0.188,  1.880
 46920,  1.170,  0.157,  0.897,  0.442,  0.217,  1.581
 46980,  0.758,  0.129,  0.734,  0.477,  0.179,  1.526
 47040,  0.905,  0.234,  0.786,  0.414,  0.177,  1.569
 47100,  0.947,  0.121,  0.765,  0.415,  0.145,  1.627
 47160,  1.066,  0.097,  0.802,  0.456,  0.246,  1.931
 47220,  0.995,  0.111,  0.833,  0.579,  0.202,  1.963
 47280,  0.858,  0.087,  0.772,  0.407,  0.204,  1.821
 47340,  1.080,  0.091,  0.749,  0.399,  0.193,  1.456
 47400,  1.030,  0.147,  0.884,  0.446,  0.193,  1.554
 47460,  0.901,  0.036,  0.759,  0.524,  0.171,  1.013
 47520,  0.939,  0.090,  0.689,  0.428,  0.245,  0.729
 47580,  0.990,  0.053,  0.767,  0.466,  0.170,  1.096
 47640,  0.960,  0.081,  0.720,  0.401,  0.192,  1.186
 47700,  1.015,  0.066,  0.641,  0.360,  0.191,  0.917
 47760,  0.925,  0.048,  0.694,  0.420,  0.179,  1.169
 47820,  0.920,  0.104,  0.692,  0.467,  0.210,  1.891
 47880,  0.912,  0.058,  0.754,  0.444,  0.213,  2.037
 47940,  1.045,  0.050,  0.820,  0.405,  0.171,  1.501
 48000,  0.919,  0.051,  0.799,  0.395,  0.193,  1.579
 48060,  0.909,  0.088,  0.738,  0.412,  0.187,  1.364
 48120,  0.979,  0.119,  0.678,  0.446,  0.214,  0.976
 48180,  0.757,  0.035,  0.783,  0.493,  0.195,  1.494
 48240,  1.017,  0.032,  0.691,  0.505,  0.140,  1.734
 48300,  0.947,  0.009,  0.804,  0.519,  0.191,  2.116
 48360,  0.986,  0.001,  0.727,  0.454,  0.173,  2.925
 48420,  0.999,  0.277,  0.731,  0.633,  0.248,  2.845
 48480,  0.997,  0.058,  0.808,  0.608,  0.258,  4.220
 48540,  1.150,  0.088,  0.854,  0.628,  0.285,  4.801
 48600,  1.073, -0.010,  0.826,  0.550,  0.207,  4.673
 48660,  1.124,  0.004,  0.859,  0.617,  0.249,  4.791
 48720,  1.213,  0.177,  0.865,  0.647,  0.310,  4.738
 48780,  1.114,  0.069,  0.813,  0.546,  0.301,  4.689
 48840,  1.000,  0.016,  0.902,  0.588,  0.337,  4.817
 48900,  1.046, -0.057,  0.823,  0.547,  0.226,  4.660
 48960,  1.088,  0.049,  0.838,  0.551,  0.287,  4.844
 49020,  1.030,  0.091,  0.860,  0.606,  0.246,  5.551
 49080,  1.047,  0.016,  0.843,  0.569,  0.259,  5.670
 49140,  0.977,  0.030,  0.865,  0.642,  0.280,  5.947
 49200,  0.907,  0.015,  0.903,  0.552,  0.235,  5.507
 49260,  0.909,  0.045,  0.760,  0.547,  0.262,  5.069
 49320,  0.986, -0.028,  0.599,  0.476,  0.200,  4.577
 49380,  0.876,  0.050,  0.704,  0.613,  0.237,  4.977
 49440,  0.876,  0.046,  0.840,  0.681,  0.214,  5.342
 49500,  0.869,  0.064,  0.682,  0.677,  0.237,  4.568
 49560,  0.825,  0.009,  0.720,  0.597,  0.183,  4.377
 49620,  0.929,  0.061,  0.782,  0.647,  0.214,  4.278
 49680,  0.797,  0.010,  0.757,  0.748,  0.215,  4.637
 49740,  0.871,  0.007,  0.776,  0.722,  0.243,  4.400
 49800,  0.914,  0.024,  0.881,  0.684,  0.239,  4.953
 49860,  0.794,  0.067,  0.933,  0.686,  0.290,  4.768
 49920,  1.066,  0.027,  0.917,  0.688,  0.242,  4.633
 49980,  0.935,  0.083,  0.794,  0.662,  0.208,  4.110
 50040,  0.866,  0.033,  0.809,  0.714,  0.210,  4.182
 50100,  0.786,  0.039,  0.918,  0.683,  0.182,  4.301
 50160,  0.825,  0.060,  0.937,  0.692,  0.212,  4.047
 50220, -9999.000, -9999.000, -9999.000, -9999.000, -9999.000, -9999.000
 50280,  0.777,  0.100,  0.802,  0.775,  0.279,  3.589
 50340,  0.750,  0.063,  0.802,  0.694,  0.237,  3.597
 50400,  0.719,  0.119,  0.938,  0.715,  0.184,  3.182
 50460,  0.728,  0.076,  0.901,  0.661,  0.248,  3.328
 50520,  0.845,  0.038,  0.898,  0.691,  0.251,  3.269
 50580,  0.812,  0.022,  0.893,  0.656,  0.290,  3.105
 50640,  0.799,  0.051,  0.938,  0.620,  0.270,  2.855
 50700,  0.874,  0.016,  0.925,  0.762,  0.216,  2.626
 50760,  0.805,  0.043,  0.933,  0.661,  0.234,  2.965
 50820,  0.879,  0.022,  1.054,  0.669,  0.259,  2.877
 50880,  0.840,  0.002,  0.996,  0.608,  0.269,  2.669
 50940,  0.791,  0.059,  1.048,  0.628,  0.231,  2.572
 51000,  0.752,  0.028,  0.915,  0.606,  0.293,  2.434
 51060,  0.816,  0.019,  1.030,  0.613,  0.278,  2.399
 51120,  0.776,  0.078,  1.023,  0.642,  0.286,  2.484
 51180,  0.929,  0.057,  1.050,  0.614,  0.226,  2.256
 51240,  0.756,  0.092,  0.985,  0.617,  0.242,  2.294
 51300,  0.883,  0.085,  0.889,  0.668,  0.279,  2.238
 51360,  0.800,  0.080,  0.938,  0.638,  0.223,  2.057
 51420,  0.719,  0.142,  0.947,  0.713,  0.267,  2.149
 51480,  0.673,  0.064,  0.988,  0.621,  0.311,  2.540
 51540,  1.029,  0.094,  1.001,  0.679,  0.288,  2.436
 51600,  0.842,  0.055,  0.968,  0.748,  0.282,  2.713
 51660,  0.891,  0.058,  1.184,  0.659,  0.285,  4.511
 51720,  0.835,  0.151,  1.203,  0.724,  0.311,  4.246
 51780,  0.854,  0.032,  1.055,  0.703,  0.239,  4.213
 51840,  0.904,  0.175,  1.103,  0.642,  0.311,  4.260
 51900,  0.919,  0.150,  1.120,  0.678,  0.328,  4.558
 51960,  0.951,  0.134,  1.173,  0.673,  0.314,  4.311
