CampaignData_and_Merges/R0/CSL_MobileLab_Parked/raw/20240725/USOS-NOAAIodideCIMS-HCOOH_MobileLabGround_20240725_RA.ict
33, 1001
Michael A Robinson, Chris Jernigan, Subi Thakali
NOAA ESRL Chemical Sciences Laboratory and CIRES, U. of Colorado
NOAA Iodide CIMS Instrument
USOS
1, 1
2024, 07, 25, 2024, 07, 26
1
starttime_UTC, seconds_past_midnight, seconds_of_day_since_00:00:00_UTC
1
1
-9999
HCOOH_NOAACIMS, pptv, Gas_HCOOH_InSitu_S_AVMR, 
0
18
PI_CONTACT_INFO: 325 Broadway, R/CSD 7, Boulder, Colorado 80305; michael.a.robinson@noaa.gov; chris.jernigan@noaa.gov;
PLATFORM: NOAA CSL Mobile Lab
LOCATION: SLC, Utah
ASSOCIATED_DATA: 1Hz data also available on request.
INSTRUMENT_INFO: NOAA I- ToF CIMS
DATA_INFO: All data in parts per trillion by volume (pptv). 1 Hz data is available upon request.
UNCERTAINTY: TBD
ULOD_FLAG: -7777
ULOD_VALUE: N/A
LLOD_FLAG: -8888
LLOD_VALUE: N/A
DM_CONTACT_INFO: Nathan Howard; nathan.h.howard@noaa.gov
PROJECT_INFO: USOS, summer 2024. https://csl.noaa.gov/groups/csl7/measurements/2024usos/
STIPULATIONS_ON_USE: Users are strongly encouraged to contact the PI for proper data usage.
OTHER_COMMENTS: 
REVISION: RA
RA: Preliminary Data; For in-field use only
starttime_UTC, HCOOH_NOAACIMS
     0, 859.014
    60, 920.528
   120, 938.140
   180, 909.230
   240, 912.518
   300, 901.630
   360, -9999.000
   420, 918.111
   480, 896.688
   540, 964.059
   600, 901.554
   660, 926.860
   720, 1062.478
   780, 1541.082
   840, 1728.325
   900, 1731.321
   960, 1775.624
  1020, 1715.807
  1080, 1746.343
  1140, 1792.441
  1200, 1815.617
  1260, 1647.366
  1320, 1741.912
  1380, 1665.392
  1440, 1779.935
  1500, 1749.073
  1560, 1732.647
  1620, 1747.331
  1680, 1747.585
  1740, 1775.891
  1800, 1765.314
  1860, 1780.634
  1920, 1734.472
  1980, 1794.739
  2040, 1906.145
  2100, 1877.546
  2160, 1898.397
  2220, -9999.000
  2280, 1806.176
  2340, 1779.689
  2400, 1813.160
  2460, 1777.774
  2520, 1740.388
  2580, 1886.816
  2640, 1834.085
  2700, 1892.772
  2760, 1818.576
  2820, 1924.943
  2880, 1986.428
  2940, 1958.808
  3000, 2000.909
  3060, 1902.979
  3120, 1915.447
  3180, 1855.653
  3240, 1933.399
  3300, 1936.422
  3360, 2056.156
  3420, 1970.866
  3480, 2040.253
  3540, 2092.991
  3600, 2050.495
  3660, 2043.249
  3720, 2158.717
  3780, 2283.118
  3840, 2289.826
  3900, 2395.382
  3960, 2530.292
  4020, 2477.428
  4080, 2766.432
  4140, 2830.857
  4200, 2887.841
  4260, 2810.808
  4320, 2982.694
  4380, 2870.400
  4440, 2948.140
  4500, 3030.777
  4560, 3093.518
  4620, 3056.168
  4680, 3089.319
  4740, 3110.054
  4800, 3031.771
  4860, 3100.023
  4920, 3268.612
  4980, 3100.081
  5040, 3203.162
  5100, 3322.210
  5160, 3604.530
  5220, 3367.492
  5280, 3548.298
  5340, 3453.625
  5400, 3234.860
  5460, 3476.266
  5520, 3491.168
  5580, 3407.137
  5640, 3278.112
  5700, 3329.174
  5760, 3695.508
  5820, 3813.315
  5880, -9999.000
  5940, 3472.373
  6000, 3651.559
  6060, 3877.084
  6120, 3836.959
  6180, 4090.871
  6240, 3680.907
  6300, 4098.133
  6360, 3963.127
  6420, 3922.159
  6480, 3924.700
  6540, 3798.679
  6600, 4112.157
  6660, 4036.631
  6720, 4109.736
  6780, 4127.437
  6840, 4116.771
  6900, 4336.766
  6960, 4518.109
  7020, 4348.160
  7080, 4353.885
  7140, 4290.353
  7200, 4465.021
  7260, 4660.973
  7320, 4761.501
  7380, 4849.287
  7440, 4618.216
  7500, 4613.298
  7560, 4406.995
  7620, 4594.592
  7680, 4403.725
  7740, 4328.679
  7800, 4379.520
  7860, 4474.697
  7920, 4675.941
  7980, 4532.766
  8040, 4668.897
  8100, 4685.832
  8160, 4783.291
  8220, 4614.353
  8280, 4713.788
  8340, 4992.045
  8400, 4595.501
  8460, 5167.262
  8520, 5281.106
  8580, 5082.675
  8640, 5461.763
  8700, 5577.959
  8760, 5106.779
  8820, 5038.492
  8880, 5149.002
  8940, 5104.050
  9000, 5319.345
  9060, 5248.868
  9120, 5139.517
  9180, 5146.729
  9240, 5077.244
  9300, 4975.206
  9360, 4994.186
  9420, 4988.725
  9480, 4699.903
  9540, 4712.027
  9600, -9999.000
  9660, 4662.037
  9720, 4677.386
  9780, 4649.365
  9840, 4647.194
  9900, 4589.625
  9960, 4470.898
 10020, 4438.327
 10080, 4496.006
 10140, 4372.447
 10200, 4354.447
 10260, 4303.551
 10320, 4366.148
 10380, 4178.737
 10440, 4299.921
 10500, 4229.661
 10560, 4213.294
 10620, 4225.860
 10680, 4235.732
 10740, 4176.172
 10800, 4174.298
 10860, 4252.921
 10920, 4151.273
 10980, 4078.763
 11040, 4201.015
 11100, 4132.352
 11160, 4161.822
 11220, 4146.804
 11280, 4120.803
 11340, 4083.011
 11400, 4086.784
 11460, 3939.630
 11520, 4006.717
 11580, 3998.675
 11640, 3961.145
 11700, 3978.718
 11760, 3989.988
 11820, 3936.596
 11880, 3938.121
 11940, 3878.625
 12000, 3841.579
 12060, 3795.110
 12120, 3821.738
 12180, 3783.201
 12240, 3735.353
 12300, 3758.726
 12360, 3696.552
 12420, 3767.950
 12480, 3718.523
 12540, 3879.270
 12600, 3973.096
 12660, 4012.482
 12720, 3974.122
 12780, 3886.048
 12840, 4026.722
 12900, 3510.298
 12960, 3397.034
 13020, 3469.903
 13080, 3324.091
 13140, 3523.651
 13200, 3199.830
 13260, 3505.067
 13320, 3262.201
 13380, 3300.435
 13440, 3167.830
 13500, 3154.425
 13560, 3277.050
 13620, 3099.298
 13680, 3269.058
 13740, 3370.197
 13800, 3588.804
 13860, 3542.155
 13920, 3178.427
 13980, 3419.463
 14040, 3303.748
 14100, 3493.139
 14160, 3576.513
 14220, 3788.540
 14280, 3686.278
 14340, 3433.416
 14400, 3321.037
 14460, 3375.898
 14520, 3322.549
 14580, 3399.359
 14640, 3298.348
 14700, 3482.605
 14760, 3500.942
 14820, 3568.347
 14880, 3637.767
 14940, 3758.853
 15000, 3522.456
 15060, 3393.175
 15120, 3480.024
 15180, 3308.565
 15240, 3328.832
 15300, 3400.965
 15360, 3351.918
 15420, 3446.511
 15480, 3303.847
 15540, 3438.361
 15600, 3399.166
 15660, 3365.268
 15720, 3330.230
 15780, 3369.101
 15840, 3236.161
 15900, 3233.554
 15960, 3102.701
 16020, 3059.192
 16080, 3049.394
 16140, 3213.938
 16200, 3194.027
 16260, 3172.405
 16320, 3298.437
 16380, 3378.867
 16440, 3411.416
 16500, 3519.633
 16560, 3442.355
 16620, 3364.018
 16680, 3418.604
 16740, 3385.416
 16800, 3362.723
 16860, 3268.925
 16920, 3319.355
 16980, -9999.000
 17040, 3319.692
 17100, 3257.652
 17160, 3310.943
 17220, 3350.136
 17280, 3356.161
 17340, 3435.225
 17400, 3358.981
 17460, 3386.438
 17520, 3313.489
 17580, 3257.841
 17640, 3332.295
 17700, 3348.306
 17760, 3256.272
 17820, 3263.453
 17880, 3247.553
 17940, 3293.852
 18000, 3348.459
 18060, 3372.369
 18120, 3571.034
 18180, 3481.449
 18240, 3430.358
 18300, 3256.653
 18360, 3216.821
 18420, 3284.103
 18480, 3342.571
 18540, 3322.119
 18600, 3371.984
 18660, 3415.905
 18720, 3401.352
 18780, 3371.711
 18840, -9999.000
 18900, 3464.582
 18960, 3325.282
 19020, 3466.418
 19080, 3385.817
 19140, 3236.706
 19200, 3189.878
 19260, 3300.991
 19320, 3362.418
 19380, 3501.457
 19440, 3547.316
 19500, 3473.318
 19560, 3389.007
 19620, 3498.580
 19680, 3550.348
 19740, 3565.207
 19800, 3544.382
 19860, 3475.727
 19920, 3462.033
 19980, 3449.969
 20040, 3512.308
 20100, 3588.015
 20160, 3619.503
 20220, 3689.897
 20280, 3458.619
 20340, 3447.329
 20400, 3404.876
 20460, 3395.113
 20520, 3433.006
 20580, 3587.603
 20640, 3602.327
 20700, -9999.000
 20760, 3637.664
 20820, 3641.621
 20880, 3640.670
 20940, 3619.503
 21000, 3585.443
 21060, 3526.470
 21120, 3463.373
 21180, 3517.074
 21240, 3823.832
 21300, 3824.924
 21360, 3818.976
 21420, 3858.290
 21480, 3916.160
 21540, 3915.430
 21600, 3988.941
 21660, 3969.737
 21720, 3953.485
 21780, 3962.200
 21840, 3942.548
 21900, 3894.489
 21960, 3791.867
 22020, 3785.538
 22080, 3822.519
 22140, 3887.811
 22200, 3825.108
 22260, 3818.083
 22320, 3641.308
 22380, 3614.072
 22440, 3565.706
 22500, 3538.107
 22560, 3703.936
 22620, 3525.207
 22680, 3525.654
 22740, 3480.327
 22800, 3632.055
 22860, 3691.762
 22920, 3659.117
 22980, 3494.924
 23040, 3457.477
 23100, 3590.696
 23160, 3486.163
 23220, 3487.920
 23280, 3319.611
 23340, 3388.710
 23400, 3428.290
 23460, 3467.811
 23520, 3570.313
 23580, 3426.644
 23640, 3426.746
 23700, 3313.528
 23760, 3293.760
 23820, 3293.048
 23880, 3222.719
 23940, 3279.207
 24000, 3227.014
 24060, 3265.354
 24120, 3179.522
 24180, 3176.299
 24240, 3141.116
 24300, 3121.065
 24360, -9999.000
 24420, 2958.445
 24480, 2958.425
 24540, 3083.222
 24600, 3029.899
 24660, 3054.468
 24720, 3128.474
 24780, 3031.013
 24840, 3042.206
 24900, 3126.119
 24960, 3149.821
 25020, 3142.727
 25080, 3129.332
 25140, 3091.955
 25200, 2921.629
 25260, 2885.667
 25320, 2940.231
 25380, 2999.959
 25440, 3068.812
 25500, 2977.770
 25560, 3017.032
 25620, 2966.422
 25680, 2966.106
 25740, 3033.860
 25800, 3145.615
 25860, 3231.072
 25920, 3111.465
 25980, 3127.418
 26040, 3107.881
 26100, 3129.220
 26160, 3077.933
 26220, -9999.000
 26280, 2974.219
 26340, 2969.472
 26400, 3000.950
 26460, 3053.349
 26520, 3065.413
 26580, 3096.922
 26640, 3056.463
 26700, 3133.491
 26760, 3122.104
 26820, 3076.040
 26880, 3031.439
 26940, 2972.996
 27000, 2980.649
 27060, 2967.108
 27120, 2934.326
 27180, 2901.212
 27240, 2968.150
 27300, 2956.847
 27360, 2970.503
 27420, 3009.685
 27480, 3006.304
 27540, 2995.708
 27600, 3007.909
 27660, 3026.221
 27720, 3012.209
 27780, 2960.212
 27840, 3043.109
 27900, 2889.015
 27960, 2949.188
 28020, 2928.661
 28080, -9999.000
 28140, 3018.072
 28200, 3001.408
 28260, 3005.332
 28320, 3072.327
 28380, 3050.729
 28440, 3079.708
 28500, 3118.610
 28560, 3102.773
 28620, 3102.446
 28680, 3104.312
 28740, 3103.808
 28800, 3159.721
 28860, 3130.298
 28920, 3138.232
 28980, 3108.616
 29040, 3091.492
 29100, 3110.695
 29160, 3050.117
 29220, 3125.214
 29280, 3113.365
 29340, 3174.788
 29400, 3187.401
 29460, 3268.178
 29520, 3247.366
 29580, 3176.894
 29640, 3048.339
 29700, 3038.557
 29760, 3098.482
 29820, 3124.416
 29880, 3100.891
 29940, 3035.409
 30000, 3062.476
 30060, 3110.564
 30120, 3044.678
 30180, 3117.375
 30240, 3187.125
 30300, 3260.647
 30360, 3388.515
 30420, 3456.230
 30480, 3399.372
 30540, 3200.490
 30600, 3411.982
 30660, 3361.989
 30720, 3436.671
 30780, 3419.680
 30840, 3394.414
 30900, 3501.588
 30960, 3470.737
 31020, 3573.081
 31080, 3545.125
 31140, 3512.472
 31200, 3446.782
 31260, 3439.010
 31320, 3596.699
 31380, 3673.026
 31440, 3687.250
 31500, 3542.889
 31560, 3483.531
 31620, 3526.039
 31680, 3525.255
 31740, 3480.691
 31800, 3675.434
 31860, 3991.249
 31920, 4047.297
 31980, 4085.246
 32040, 3983.684
 32100, 4103.674
 32160, 4096.777
 32220, 4059.977
 32280, 3856.868
 32340, 3832.353
 32400, 3702.828
 32460, 3773.105
 32520, 3747.768
 32580, 3681.416
 32640, 3670.751
 32700, 3597.798
 32760, 3513.733
 32820, 3681.203
 32880, 3521.960
 32940, 3360.013
 33000, 3159.307
 33060, 3163.684
 33120, 2820.939
 33180, 2995.915
 33240, 2975.369
 33300, 3161.974
 33360, 2960.414
 33420, 3070.472
 33480, 3042.423
 33540, 3075.843
 33600, 3158.081
 33660, 3215.861
 33720, 3337.041
 33780, 3298.533
 33840, 3429.915
 33900, 4018.637
 33960, 3690.600
 34020, 3109.954
 34080, 3129.438
 34140, 2798.527
 34200, 2766.968
 34260, 2408.469
 34320, 2470.986
 34380, 2496.296
 34440, 2616.609
 34500, 2502.266
 34560, 2465.999
 34620, 2665.193
 34680, 2569.928
 34740, 2569.468
 34800, 2504.810
 34860, 2460.868
 34920, 2441.110
 34980, 2485.282
 35040, 2468.207
 35100, 2644.969
 35160, 2560.494
 35220, 2670.567
 35280, 2593.266
 35340, 2630.044
 35400, 2650.557
 35460, -9999.000
 35520, 2476.227
 35580, 2535.878
 35640, 2567.778
 35700, 2531.970
 35760, 2239.067
 35820, 2394.357
 35880, 2341.373
 35940, 2361.472
 36000, 2260.627
 36060, 2329.321
 36120, 2325.132
 36180, 2206.899
 36240, 2187.486
 36300, 2203.588
 36360, 2270.618
 36420, 2371.824
 36480, 2348.390
 36540, 2254.391
 36600, 2412.482
 36660, 2321.593
 36720, 2213.372
 36780, 2271.930
 36840, 2243.808
 36900, 2320.813
 36960, 2539.728
 37020, 2317.981
 37080, 2240.362
 37140, 2499.916
 37200, 2372.008
 37260, 2295.941
 37320, 2328.772
 37380, 2382.792
 37440, 2356.021
 37500, 2374.700
 37560, 2387.664
 37620, 2432.288
 37680, 2408.415
 37740, 2463.924
 37800, 2511.899
 37860, 2373.280
 37920, 2551.109
 37980, 2581.476
 38040, 2500.055
 38100, 2738.356
 38160, 2673.631
 38220, 2591.938
 38280, 2449.513
 38340, 2567.650
 38400, 2651.724
 38460, 2550.061
 38520, 2577.633
 38580, 2773.171
 38640, 2603.055
 38700, 2577.893
 38760, 2612.133
 38820, 2930.587
 38880, 2882.969
 38940, 2754.500
 39000, 2833.417
 39060, 2935.701
 39120, 3093.115
 39180, 2858.081
 39240, 2855.088
 39300, 2886.623
 39360, 2967.045
 39420, 2808.628
 39480, 2785.931
 39540, 3001.978
 39600, 2954.855
 39660, 2767.592
 39720, 2820.423
 39780, 2792.386
 39840, 2912.055
 39900, 2905.060
 39960, 2882.803
 40020, 3211.430
 40080, 3167.020
 40140, 3217.241
 40200, 3329.057
 40260, 3339.224
 40320, 3410.457
 40380, 3365.499
 40440, 3282.915
 40500, 3483.874
 40560, 3348.864
 40620, 3179.184
 40680, 3540.805
 40740, 3731.628
 40800, 3690.790
 40860, 3496.110
 40920, 3454.363
 40980, 3279.740
 41040, 3342.800
 41100, 3271.348
 41160, 3645.242
 41220, 2960.718
 41280, 2872.073
 41340, 2871.452
 41400, 3537.931
 41460, 3364.845
 41520, 3296.882
 41580, 3085.093
 41640, 3855.631
 41700, 3681.819
 41760, 3526.701
 41820, 3351.619
 41880, 3199.409
 41940, 3142.660
 42000, 2292.629
 42060, 2469.503
 42120, 2141.531
 42180, 2505.844
 42240, 2502.176
 42300, 2485.379
 42360, 2742.946
 42420, 2730.735
 42480, 2687.007
 42540, 2564.001
 42600, 2833.998
 42660, 2870.922
 42720, 2789.340
 42780, 2694.225
 42840, -9999.000
 42900, 2643.751
 42960, 2521.206
 43020, 2560.696
 43080, 2659.324
 43140, 2549.495
 43200, 2651.264
 43260, 2487.455
 43320, 2323.034
 43380, 2337.577
 43440, 2290.696
 43500, 2487.889
 43560, 2632.499
 43620, 2427.132
 43680, 2401.192
 43740, 2530.540
 43800, 2488.544
 43860, 2612.498
 43920, 2741.105
 43980, 2449.935
 44040, 2774.896
 44100, 2798.351
 44160, 2702.565
 44220, 2645.410
 44280, 2599.641
 44340, 2481.540
 44400, 2652.892
 44460, 2483.946
 44520, 2439.249
 44580, 2582.455
 44640, 2508.135
 44700, -9999.000
 44760, 2482.123
 44820, 2803.589
 44880, 2706.373
 44940, 2509.788
 45000, 2478.999
 45060, 2541.537
 45120, 2573.042
 45180, 2592.322
 45240, 2431.563
 45300, 2603.766
 45360, 2510.728
 45420, 2415.720
 45480, 2614.320
 45540, 2534.396
 45600, 2643.887
 45660, 2570.055
 45720, 2491.132
 45780, 2425.716
 45840, 2664.130
 45900, 2630.666
 45960, 2576.929
 46020, 2384.618
 46080, 2611.873
 46140, 2304.028
 46200, 2654.864
 46260, 2811.197
 46320, 2433.883
 46380, 2666.387
 46440, 2507.638
 46500, 2856.630
 46560, -9999.000
 46620, 2832.082
 46680, 2735.763
 46740, 2643.788
 46800, 2674.111
 46860, 2893.605
 46920, 2842.906
 46980, 2419.223
 47040, 2373.536
 47100, 2687.965
 47160, 2425.707
 47220, 2280.350
 47280, 2142.453
 47340, 2033.122
 47400, 2119.822
 47460, 2115.282
 47520, 1987.570
 47580, 2082.627
 47640, 2034.569
 47700, 1836.381
 47760, 1835.473
 47820, 2018.425
 47880, 1793.749
 47940, 1778.762
 48000, 1933.007
 48060, 1933.461
 48120, 1939.995
 48180, 1850.830
 48240, 1945.885
 48300, 1964.538
 48360, 2052.989
 48420, 2024.885
 48480, 1931.847
 48540, 1807.943
 48600, 1950.368
 48660, 1972.383
 48720, 1854.300
 48780, 1994.458
 48840, 2159.699
 48900, 2118.533
 48960, 2150.720
 49020, 2080.853
 49080, 2143.222
 49140, 2234.506
 49200, 2171.306
 49260, 2243.782
 49320, 2124.672
 49380, 2350.439
 49440, 2658.015
 49500, 2640.677
 49560, 2703.855
 49620, 2837.800
 49680, 2895.692
 49740, 2951.524
 49800, 2975.002
 49860, 3050.081
 49920, 3052.777
 49980, 3046.751
 50040, 3177.340
 50100, 3363.618
 50160, 3164.756
 50220, -9999.000
 50280, 3121.826
 50340, 3182.715
 50400, 3348.566
 50460, 3283.748
 50520, 3276.029
 50580, 3346.074
 50640, 3362.350
 50700, 3307.206
 50760, 3459.645
 50820, 3473.656
 50880, 3617.233
 50940, 4079.694
 51000, 4502.090
 51060, 4981.001
 51120, 5268.972
 51180, 4906.591
 51240, 5347.309
 51300, 5988.645
 51360, 5963.129
 51420, 5968.110
 51480, 5348.563
 51540, 5340.463
 51600, 5732.413
 51660, 5118.140
 51720, 5254.251
 51780, 5381.494
 51840, 4889.035
 51900, 4457.952
 51960, 4867.844
 52020, 4774.132
 52080, -9999.000
 52140, 4756.398
 52200, 4604.091
 52260, 4572.660
 52320, 4790.372
 52380, 4787.668
 52440, 4562.092
 52500, 4759.672
 52560, 4784.223
 52620, 4907.732
 52680, 5540.439
 52740, 6102.201
 52800, 5641.172
 52860, 6276.886
 52920, 6038.836
 52980, 6229.366
 53040, 5845.713
 53100, 6782.617
 53160, 6884.880
 53220, 6388.046
 53280, 6338.029
 53340, 6322.086
 53400, 6132.155
 53460, 5971.177
 53520, 6049.170
 53580, 6534.699
 53640, 5488.435
 53700, 6047.044
 53760, 6674.484
 53820, 7351.736
 53880, 6619.072
 53940, -9999.000
 54000, 6691.782
 54060, 6964.474
 54120, 7544.006
 54180, 7591.141
 54240, 7386.743
 54300, 6594.310
 54360, 6835.800
 54420, 6814.697
 54480, 6819.309
 54540, 7027.452
 54600, 6356.656
 54660, 6607.777
 54720, 6197.124
 54780, 7083.879
 54840, 7149.744
 54900, 7390.427
 54960, 7328.629
 55020, 7414.301
 55080, 7283.406
 55140, 6563.144
 55200, 6033.751
 55260, 6074.876
 55320, 6252.619
 55380, 6157.392
 55440, 6343.628
 55500, 6415.984
 55560, 6315.689
 55620, 6983.696
 55680, 6623.486
 55740, 6513.663
 55800, 6511.428
 55860, 6468.199
 55920, 6399.454
 55980, 6108.228
 56040, 6192.369
 56100, 6422.561
 56160, 6251.851
 56220, 6298.194
 56280, 6403.453
 56340, 6027.314
