CampaignData_and_Merges/R0/CSL_MobileLab_Parked/raw/20240725/USOS-Picarro-CO2-CH4-CO-H2O_MobileLabGround_20240725_R0.ict
38, 1001
Ilana Pollack, Nell Schafer, and Jeff Peischl
NOAA Chemical Sciences Laboratory
Picarro 2401-m CO2/CH4/CO/H2O Analyzer
USOS
1, 1
2024, 07, 25, 2024, 11, 20
0
StartTime_UTC, seconds_past_midnight, seconds past midnight
5
1, 1, 1, 1, 1
-9999, -9999, -9999, -9999, -9999
StopTime_UTC, seconds_past_midnight, seconds past midnight
CO2_ppm_1min, ppm, Gas_CO2_InSitu_S_DMF, carbon dioxide mixing ratio
CH4_ppb_1min, ppb, Gas_CH4_InSitu_S_DMF, methane mixing ratio
CO_ppb_1min, ppb, Gas_CO_InSitu_S_DMF, carbon monoxide mixing ratio
H2O_ppmv_1min, ppmv, Met_H2OMRV_InSitu_S_AVMR, water vapor mixing ratio
1
SPECIAL COMMENTS: N/A
18
PI_CONTACT_INFO: Address: NOAA Chemical Sciences Laboratory, Mail Stop CSL7, 325 Broadway, Boulder, CO 80305; Email: Ilana.Pollack@noaa.gov
PLATFORM: NOAA CSL Mobile Laboratory
LOCATION: The mobile lab was stationed in Salt Lake City, Utah.
ASSOCIATED_DATA: N/A
INSTRUMENT_INFO: CO2, CH4, and CO are reported as dry air mole fractions using a commercial wavelength-scanned cavity ring-down analyzer (Picarro 2401-m). An in-field calibration gas standard of 432±0.07 ppm CO2, 2095±1 ppb CH4, and 183±1 ppb CO, calibrated in the Boulder laboratories before and after the field project using primary CO2, CH4, and CO standard tanks tied to the WMO standard (X2019, X2004A, and X2014A, respectively) from the Global Monitoring Laboratory (GML), was delivered to the inlet every 2-3 days to evaluate instrument sensitivity. A H2O measurement was calibrated before the project with a Dew Point Mirror 373 hygrometer. The water correction calculated from these calibrations was applied to the H2O measurement for the entire campaign. Species are measured at 0.5 Hz and reported as 1-minute averages for stationary measurements.
DATA_INFO: Units: CO2, ppm, dry air mole fraction; CH4, ppb, dry air mole fraction; CO, ppb, dry air mole fraction; H2O, ppmv
UNCERTAINTY: Total uncertainties are estimated as ±0.1 ppm for CO2, ±1 ppb for CH4, ±5 ppb for CO, and ±(50 ppm + 4%) for H2O.
ULOD_FLAG: -7777
ULOD_VALUE: N/A
LLOD_FLAG: -8888
LLOD_VALUE: N/A
DM_CONTACT_INFO: Data Manager: Nathan Howard; nathan.h.howard@noaa.gov
PROJECT_INFO: USOS Dates of Study: July – August 2024
STIPULATIONS_ON_USE: Use of these data require prior ok from PI.
OTHER_COMMENTS: Data are averaged to 1 minute intervals. Stationary data collected from a 10 ft tower on top of the mobile van.
REVISION: R0
R0: Final Data
StartTime_UTC, StopTime_UTC, CO2_ppm_1min, CH4_ppb_1min, CO_ppb_1min, H2O_ppmv_1min
[from data line 381]
22860,22920,463.76,2027.3,207.8,16368.1768
22920,22980,460.51,2018.4,195.2,16214.6113
22980,23040,458.85,2013.4,195.9,16151.9561
23040,23100,457.95,2012.6,197.5,16114.4668
23100,23160,459.78,2014.0,212.3,16198.9893
23160,23220,459.26,2013.0,205.6,16207.0156
23220,23280,457.34,2010.7,198.2,16092.1230
23280,23340,457.04,2009.1,195.2,16049.8857
23340,23400,458.52,2010.1,198.0,16099.5811
23400,23460,459.26,2009.2,193.2,16150.4424
23460,23520,457.25,2009.8,182.8,16141.7959
23520,23580,454.19,2004.8,180.7,15941.3193
23580,23640,454.43,2004.8,176.7,15909.1445
23640,23700,450.94,2000.4,171.0,15730.1318
23700,23760,451.39,2001.3,172.2,15720.0127
23760,23820,452.14,2002.8,172.3,15773.3564
23820,23880,450.69,2000.3,169.5,15674.5879
23880,23940,450.17,1999.3,169.2,15595.5791
23940,24000,450.85,1999.9,170.2,15576.9658
24000,24060,450.43,1999.4,169.3,15504.3369
24060,24120,449.79,1998.6,170.7,15453.0957
24120,24180,449.06,1997.1,167.0,15371.6035
24180,24240,449.58,1997.2,169.7,15390.2217
24240,24300,449.85,1995.7,175.1,15332.3867
24300,24360,449.43,1996.0,188.3,15270.2383
24360,24420,448.72,1995.1,182.2,15197.6621
24420,24480,446.48,1992.7,168.8,15019.3740
24480,24540,447.75,1994.4,170.2,15084.8174
24540,24600,447.16,1992.5,166.3,15006.6201
24600,24660,446.75,1992.1,164.1,14988.6133
24660,24720,448.36,1993.9,168.0,15072.9932
24720,24780,449.90,1996.1,170.2,15084.5283
24780,24840,449.40,1996.2,171.5,15007.2725
24840,24900,451.11,1996.8,170.9,15106.6992
24900,24960,448.85,1996.9,169.7,14977.2813
24960,25020,447.80,1995.6,168.1,14886.8457
25020,25080,447.63,1994.1,165.8,14864.7617
25080,25140,449.83,1995.1,167.2,14944.3086
25140,25200,447.48,1993.8,168.4,14797.6416
25200,25260,447.66,1992.2,163.7,14746.3438
25260,25320,448.88,1991.4,164.0,14779.5781
25320,25380,451.58,1992.0,162.6,14842.7217
25380,25440,451.95,1992.8,163.9,14877.6670
25440,25500,448.91,1991.8,162.8,14723.8398
25500,25560,448.05,1992.0,163.8,14678.9131
25560,25620,449.53,1993.0,165.3,14757.1953
25620,25680,447.05,1990.7,168.2,14616.0342
25680,25740,446.47,1991.1,166.7,14565.3145
25740,25800,447.42,1993.0,166.0,14610.7861
25800,25860,450.57,1996.8,167.6,14795.5254
25860,25920,451.69,1993.9,169.3,14804.8223
25920,25980,451.50,1994.8,167.1,14797.5498
25980,26040,453.21,1997.1,174.2,14869.7988
26040,26100,450.42,2001.6,168.3,14722.0957
26100,26160,451.35,2002.4,169.3,14746.8906
26160,26220,448.25,1999.5,172.3,14559.6406
26220,26280,447.05,1992.1,168.1,14480.0098
26280,26340,445.37,1989.5,164.1,14471.0752
26340,26400,447.27,1991.3,164.7,14595.3389
26400,26460,453.03,1993.2,167.1,14872.2207
26460,26520,447.64,1996.5,167.1,14663.5117
26520,26580,449.32,1996.9,165.9,14748.2959
26580,26640,449.10,1995.3,164.9,14749.5537
26640,26700,448.51,1997.6,165.3,14751.4150
26700,26760,449.73,2002.0,167.2,14816.4131
26760,26820,447.51,2001.2,162.0,14721.5215
26820,26880,448.28,2001.6,162.3,14804.3535
26880,26940,449.45,1996.3,163.6,14855.3164
26940,27000,449.51,1995.8,170.2,14783.4297
27000,27060,447.94,1993.5,170.1,14742.3125
27060,27120,446.80,1992.4,163.3,14695.3359
27120,27180,448.05,1991.7,161.4,14784.7920
27180,27240,446.09,1990.9,160.0,14702.7715
27240,27300,447.33,1991.1,160.8,14756.5811
27300,27360,447.03,1991.4,160.6,14765.0010
27360,27420,446.70,1993.4,163.0,14776.0879
27420,27480,448.98,1994.2,164.3,14918.8076
27480,27540,447.30,1991.8,167.3,14800.0938
27540,27600,448.46,1991.7,178.5,14843.3965
27600,27660,449.64,1990.8,177.6,14888.8799
27660,27720,448.99,1990.2,169.5,14903.2939
27720,27780,445.45,1988.5,164.6,14752.2979
27780,27840,445.97,1988.2,161.4,14796.4922
27840,27900,445.64,1987.9,162.0,14801.6953
27900,27960,444.68,1987.8,159.7,14762.4229
27960,28020,444.66,1987.8,159.7,14763.1729
28020,28080,445.36,1988.3,160.1,14803.2422
28080,28140,445.00,1988.3,158.8,14805.6084
28140,28200,445.55,1990.7,159.3,14831.5254
28200,28260,447.94,1990.5,158.6,14926.5781
28260,28320,448.55,1990.8,160.5,14938.2578
28320,28380,448.02,1991.2,159.9,14940.8750
28380,28440,448.70,1993.7,159.6,15006.1836
28440,28500,447.02,1992.3,158.8,14936.9160
28500,28560,449.21,1993.6,160.2,15056.3389
28560,28620,448.74,1991.2,158.8,15020.3340
28620,28680,450.09,1992.0,159.0,15092.9482
28680,28740,449.98,1990.8,157.2,15098.6094
28740,28800,447.92,1989.2,158.3,15030.8662
28800,28860,446.27,1987.0,155.8,14955.0059
28860,28920,446.97,1987.8,158.6,14999.3916
28920,28980,447.44,1988.5,157.4,15013.6104
28980,29040,448.23,1988.3,158.1,15045.5781
29040,29100,446.92,1987.7,157.9,14997.0576
29100,29160,448.03,1987.6,155.8,15038.1309
29160,29220,452.44,1988.2,157.1,15208.5791
29220,29280,447.99,1988.9,158.7,15096.6406
29280,29340,449.74,1989.8,156.9,15191.5986
29340,29400,448.54,1990.0,156.8,15155.2969
29400,29460,448.43,1990.5,157.6,15155.0342
29460,29520,451.30,1991.5,155.3,15303.2295
29520,29580,448.16,1989.9,154.7,15187.5879
29580,29640,449.70,1989.9,155.5,15302.8779
29640,29700,447.81,1987.4,155.2,15204.5840
29700,29760,447.75,1987.3,155.1,15223.8145
29760,29820,448.72,1987.5,155.4,15283.8193
29820,29880,448.40,1986.3,155.7,15273.9746
29880,29940,446.28,1984.9,155.1,15184.1709
29940,30000,448.31,1986.0,154.3,15267.7393
30000,30060,445.82,1985.0,156.1,15158.4141
30060,30120,444.81,1983.1,155.2,15119.5596
30120,30180,445.12,1983.4,155.4,15141.4971
30180,30240,446.40,1984.0,155.5,15215.4180
30240,30300,447.81,1987.9,155.4,15276.4424
30300,30360,449.24,1992.8,157.3,15369.2432
30360,30420,450.74,2004.0,159.1,15415.8525
30420,30480,448.85,1994.6,158.6,15349.0684
30480,30540,447.36,1986.7,158.6,15309.4971
30540,30600,447.85,1988.4,157.9,15323.6201
30600,30660,448.15,1989.2,159.1,15366.2861
30660,30720,447.69,1989.6,157.7,15343.6660
30720,30780,447.14,1989.4,156.7,15354.2979
30780,30840,448.02,1990.8,157.2,15407.1982
30840,30900,449.12,1991.2,156.6,15453.2686
30900,30960,449.38,1991.3,155.5,15488.4092
30960,31020,448.56,1989.2,156.6,15480.7471
31020,31080,448.37,1988.6,155.4,15516.0352
31080,31140,448.70,1989.2,161.0,15605.0439
31140,31200,449.96,1989.5,164.5,15724.7861
31200,31260,451.80,1989.4,167.8,15850.4434
31260,31320,450.97,1989.7,172.6,15899.7803
31320,31380,451.51,1991.2,177.6,15978.2959
31380,31440,451.90,1992.2,175.4,15999.1299
31440,31500,452.09,1992.3,176.7,16023.7715
31500,31560,451.23,1993.0,177.1,16033.5000
31560,31620,452.71,1997.3,175.7,16100.1807
31620,31680,453.58,2003.8,172.9,16175.2920
31680,31740,454.62,2006.8,175.0,16281.1963
31740,31800,455.98,2009.6,175.9,16384.6523
31800,31860,456.39,2009.9,177.4,16455.3418
31860,31920,456.87,2015.6,179.4,16560.2207
31920,31980,457.95,2021.1,180.0,16628.4395
31980,32040,458.14,2025.7,182.0,16612.8867
32040,32100,458.12,2026.1,183.6,16578.0508
32100,32160,457.47,2023.6,183.0,16536.0332
32160,32220,458.85,2024.1,192.5,16477.4531
32220,32280,455.57,2022.1,189.4,16231.2100
32280,32340,455.13,2023.0,184.5,16273.9648
32340,32400,454.13,2023.0,185.7,16166.9834
32400,32460,453.70,2025.2,185.7,16113.8809
32460,32520,454.21,2026.1,186.0,16141.8125
32520,32580,453.84,2025.7,188.1,16059.6445
32580,32640,452.52,2023.0,195.0,15909.2725
32640,32700,452.80,2023.3,192.7,15951.7607
32700,32760,451.09,2022.2,185.6,16048.1289
32760,32820,450.60,2020.8,182.7,16119.6611
32820,32880,450.95,2019.0,182.5,16240.9805
32880,32940,448.17,2016.0,175.8,16401.7227
32940,33000,445.73,2015.4,170.8,16533.3281
33000,33060,444.04,2012.5,171.8,16660.0703
33060,33120,442.05,2014.6,165.4,16887.2715
33120,33180,439.67,2016.4,161.0,17112.1738
33180,33240,439.79,2017.6,160.4,17178.9102
33240,33300,440.03,2018.3,159.7,17209.2656
33300,33360,440.54,2019.2,160.5,17241.9688
33360,33420,441.02,2020.9,161.2,17233.3613
33420,33480,441.94,2022.3,161.6,17198.5938
33480,33540,440.73,2024.1,161.8,17190.7617
33540,33600,444.47,2025.3,164.0,17197.9063
33600,33660,450.23,2026.9,166.6,17234.1445
33660,33720,445.14,2028.5,170.8,16959.3477
33720,33780,446.16,2029.8,172.5,16858.7090
33780,33840,450.96,2030.5,173.1,17089.9824
33840,33900,450.11,2031.6,171.8,17072.0762
33900,33960,451.74,2031.8,174.0,17062.1934
33960,34020,445.26,2035.1,172.1,17045.4219
34020,34080,441.73,2029.2,164.5,17167.7109
34080,34140,440.69,2030.7,160.5,17266.8301
34140,34200,439.93,2030.2,157.3,17303.5996
34200,34260,436.88,2020.7,150.9,17281.5723
34260,34320,434.67,2016.5,143.1,17300.7285
34320,34380,435.71,2022.2,145.8,17339.6426
34380,34440,436.57,2027.3,148.3,17385.8496
34440,34500,435.81,2026.4,145.2,17373.1543
34500,34560,436.04,2032.6,147.5,17330.7285
34560,34620,437.07,2034.9,148.2,17379.9824
34620,34680,437.14,2035.7,147.8,17358.4336
34680,34740,437.51,2035.6,150.8,17331.9707
34740,34800,436.62,2031.7,147.3,17253.2148
34800,34860,435.92,2030.5,145.6,17232.7891
34860,34920,435.17,2024.2,144.0,17163.4902
34920,34980,434.36,2020.5,142.5,17085.6875
34980,35040,434.81,2022.9,146.2,17115.3867
35040,35100,435.68,2022.6,151.1,17135.9082
35100,35160,435.60,2023.6,146.1,17104.4063
35160,35220,435.79,2028.4,143.2,17124.7461
35220,35280,437.03,2027.2,143.3,17199.7637
35280,35340,435.84,2023.5,140.2,17113.5039
35340,35400,436.33,2025.3,141.9,17120.2148
35400,35460,436.50,2025.7,143.2,17043.0723
35460,35520,437.24,2026.0,142.5,17056.2402
35520,35580,436.81,2021.1,142.0,17011.8125
35580,35640,436.32,2015.3,140.5,16993.3047
35640,35700,435.36,2009.7,138.9,16955.3320
35700,35760,433.40,1999.8,136.3,16823.7363
35760,35820,432.71,1996.2,136.1,16783.6465
35820,35880,432.98,1992.5,136.3,16827.6406
35880,35940,432.47,1988.6,133.7,16838.0273
35940,36000,432.60,1987.1,133.8,16850.0918
36000,36060,431.38,1979.5,133.2,16848.2344
36060,36120,431.03,1980.1,130.3,16835.2344
36120,36180,431.29,1981.5,134.4,16832.6465
36180,36240,431.10,1983.7,132.6,16811.8359
36240,36300,431.71,1987.2,134.7,16827.5293
36300,36360,432.40,1988.1,133.6,16872.7910
36360,36420,432.37,1987.6,133.8,16882.2813
36420,36480,432.77,1989.4,135.1,16927.8027
36480,36540,431.73,1981.5,134.0,16852.5547
36540,36600,432.34,1980.9,132.6,16899.2441
36600,36660,431.54,1976.3,133.0,16913.6133
36660,36720,430.72,1972.1,132.7,16953.3496
36720,36780,430.80,1971.9,132.5,17010.0176
36780,36840,430.56,1971.4,133.9,17028.3164
36840,36900,431.05,1972.7,131.6,17054.6172
36900,36960,431.67,1972.7,132.2,17116.3047
36960,37020,431.71,1973.0,132.6,17160.2148
37020,37080,431.23,1972.7,131.3,17213.0254
37080,37140,430.78,1969.7,130.8,17252.6680
37140,37200,431.27,1972.3,132.7,17289.1484
37200,37260,431.01,1970.6,131.8,17309.9375
37260,37320,431.27,1970.8,129.5,17348.2070
37320,37380,431.34,1970.8,131.5,17383.3477
37380,37440,430.81,1971.4,131.5,17405.2949
37440,37500,431.26,1972.3,131.5,17460.4434
37500,37560,431.31,1973.4,131.5,17463.1328
37560,37620,432.50,1974.5,131.8,17497.3750
37620,37680,431.44,1977.1,130.8,17488.7676
37680,37740,431.42,1977.8,132.7,17496.6465
37740,37800,431.94,1978.1,132.1,17505.9746
37800,37860,432.90,1980.9,134.9,17520.1738
37860,37920,432.76,1981.0,135.6,17529.7246
37920,37980,432.67,1981.0,134.4,17566.7598
37980,38040,432.62,1981.0,134.6,17586.3867
38040,38100,432.54,1980.9,132.7,17595.1914
38100,38160,433.21,1981.4,132.7,17622.9492
38160,38220,432.47,1982.9,134.6,17597.9902
38220,38280,431.75,1984.9,134.3,17563.2363
38280,38340,431.78,1984.5,133.5,17529.7734
38340,38400,432.42,1983.3,134.9,17551.7422
38400,38460,432.24,1982.6,136.0,17548.8945
38460,38520,432.04,1982.3,132.1,17558.0195
38520,38580,431.98,1981.0,135.5,17501.7070
38580,38640,432.16,1981.7,132.5,17529.6309
38640,38700,432.32,1983.8,131.6,17559.0898
38700,38760,434.14,1985.0,132.8,17670.7168
38760,38820,433.09,1986.5,135.2,17595.9434
38820,38880,434.64,1986.7,136.2,17668.4609
38880,38940,433.52,1987.5,136.3,17634.1211
38940,39000,433.28,1986.1,141.2,17616.0313
39000,39060,435.94,1987.1,137.1,17763.2598
39060,39120,435.87,1987.7,136.2,17870.0742
39120,39180,434.32,1989.3,137.0,17822.5293
39180,39240,434.86,1990.6,138.7,17845.4219
39240,39300,435.34,1991.7,138.4,17870.2383
39300,39360,434.85,1993.8,138.4,17829.6152
39360,39420,434.57,1994.3,136.7,17810.5879
39420,39480,433.76,1994.9,137.2,17752.5664
39480,39540,433.95,1995.2,137.0,17760.2070
39540,39600,435.54,1995.4,136.6,17826.7051
39600,39660,435.17,1996.2,138.1,17809.2344
39660,39720,434.01,1998.2,137.4,17774.8594
39720,39780,436.70,1998.7,139.9,17798.2559
39780,39840,441.15,1996.2,139.6,17972.3848
39840,39900,440.33,1997.0,143.3,18104.1523
39900,39960,440.75,1995.8,139.4,17977.7168
39960,40020,439.97,2000.2,143.5,17936.4805
40020,40080,441.99,2012.7,146.6,18003.2246
40080,40140,440.77,2016.6,144.6,18037.4727
40140,40200,442.76,2012.5,148.1,18086.5254
40200,40260,441.79,2010.1,145.6,18079.7559
40260,40320,440.99,2007.2,144.8,18046.3203
40320,40380,443.22,2009.2,145.5,18122.5879
40380,40440,441.88,2004.6,147.4,18112.1328
40440,40500,441.93,2009.1,152.8,18124.7207
40500,40560,445.51,2015.4,154.8,18213.1348
40560,40620,440.95,2009.7,141.6,18045.4453
40620,40680,443.91,2016.0,142.0,18210.4727
40680,40740,446.26,2018.4,143.9,18315.4473
40740,40800,445.16,2015.9,146.6,18300.3691
40800,40860,445.09,2010.9,144.8,18322.5977
40860,40920,447.16,2011.7,147.1,18419.8652
40920,40980,441.65,2004.4,144.4,18229.6621
40980,41040,440.60,2001.8,142.1,18145.3145
41040,41100,439.29,2001.6,141.9,18101.7363
41100,41160,442.27,2002.8,142.5,18146.0879
41160,41220,437.84,2001.7,141.4,18091.7832
41220,41280,438.87,2000.0,167.5,18139.8984
41280,41340,440.64,1996.8,159.7,18253.4199
41340,41400,442.86,2006.4,153.9,18344.6914
41400,41460,441.91,2008.7,144.3,18331.3594
41460,41520,441.73,2012.5,143.1,18379.1035
41520,41580,442.45,2010.6,144.9,18410.0508
41580,41640,446.36,2009.7,150.3,18541.8477
41640,41700,444.11,2014.5,142.9,18487.8965
41700,41760,445.65,2018.2,146.4,18591.6816
41760,41820,443.05,2017.6,155.8,18530.7910
41820,41880,444.60,2015.2,167.2,18677.4941
41880,41940,442.95,2016.6,171.1,18679.2285
41940,42000,435.49,1995.1,143.0,18804.2109
42000,42060,434.03,1985.1,139.2,18902.7285
42060,42120,432.59,1980.1,137.6,18935.3047
42120,42180,433.62,1983.8,140.5,18946.2148
42180,42240,434.47,1986.5,139.6,18970.8926
42240,42300,435.16,1990.9,143.1,18947.4980
42300,42360,436.47,1990.5,140.7,19050.7637
42360,42420,436.08,1991.8,143.0,19030.5488
42420,42480,435.28,1993.5,141.2,18972.6406
42480,42540,435.99,1997.6,145.0,18986.8008
42540,42600,435.98,1997.4,142.6,19000.4395
42600,42660,437.45,1998.2,143.2,19057.8145
42660,42720,439.18,1998.2,141.9,19141.6602
42720,42780,436.69,1997.6,143.6,19021.8516
42780,42840,436.35,1998.0,143.8,19027.3652
42840,42900,436.84,1998.3,143.6,19032.9082
42900,42960,441.18,1996.3,143.6,19110.3398
42960,43020,438.23,1994.8,143.5,19121.1875
43020,43080,437.59,1995.1,142.5,19094.7207
43080,43140,438.26,1995.4,144.8,19114.0430
43140,43200,436.96,1995.9,145.9,19102.7734
43200,43260,436.39,1994.6,146.0,19097.2168
43260,43320,436.18,1997.0,145.5,19107.0254
43320,43380,433.74,1985.5,140.1,19154.0859
43380,43440,433.79,1983.3,139.9,19198.3066
43440,43500,434.50,1984.5,139.5,19205.4746
43500,43560,436.92,1990.8,144.1,19236.5859
43560,43620,435.60,1986.4,141.5,19240.9531
43620,43680,434.38,1984.9,143.4,19230.4102
43680,43740,435.79,1987.1,145.1,19300.9609
43740,43800,435.38,1985.9,143.6,19304.6758
43800,43860,435.17,1985.1,142.6,19287.3477
43860,43920,436.31,1983.4,143.4,19245.0996
43920,43980,433.63,1982.5,143.2,19220.7715
43980,44040,436.15,1984.5,142.7,19348.0820
44040,44100,437.43,1985.7,142.5,19406.0938
44100,44160,436.88,1985.9,143.1,19427.9199
44160,44220,436.01,1989.1,143.6,19366.8066
44220,44280,436.07,1990.4,144.0,19390.9961
44280,44340,435.40,1989.4,146.8,19330.2441
44340,44400,434.60,1987.8,143.3,19318.5391
44400,44460,435.32,1987.5,142.9,19359.3613
44460,44520,434.52,1989.2,144.1,19331.2988
44520,44580,435.49,1991.4,146.5,19368.9199
44580,44640,435.16,1989.9,145.1,19432.0156
44640,44700,435.36,1991.1,145.4,19420.6230
44700,44760,435.14,1992.1,150.6,19399.9668
44760,44820,435.74,1991.5,149.9,19410.4629
44820,44880,436.37,1994.6,149.4,19491.6445
44880,44940,436.08,1995.3,149.0,19528.2168
44940,45000,434.60,1997.6,149.0,19509.0605
45000,45060,436.45,1999.1,148.0,19589.3711
45060,45120,436.24,1998.5,146.4,19675.2656
