CampaignData_and_Merges/R0/CSL_MobileLab_Parked/raw/20240725/USOS-NOAAIodideCIMS-Halogens_MobileLabGround_20240725_RA.ict
38, 1001
Michael A Robinson, Chris Jernigan, Subi Thakali
NOAA ESRL Chemical Sciences Laboratory and CIRES, U. of Colorado
NOAA Iodide CIMS Instrument
USOS
1, 1
2024, 07, 25, 2024, 07, 26
1
starttime_UTC, seconds_past_midnight, seconds_of_day_since_00:00:00_UTC
6
1, 1, 1, 1, 1, 1
-9999, -9999, -9999, -9999, -9999, -9999
Br2_NOAACIMS, pptv, Gas_Br2_InSitu_S_AVMR, 
BrO_NOAACIMS, pptv, Gas_BrO_InSitu_S_AVMR, 
Cl2_NOAACIMS, pptv, Gas_Cl2_InSitu_S_AVMR, 
ClNO2_NOAACIMS, pptv, Gas_ClNO2_InSitu_S_AVMR, 
BrCl_NOAACIMS, pptv, Gas_BrCl_InSitu_S_AVMR, 
NCl3_NOAACIMS, pptv, Gas_NCl3_InSitu_S_AVMR, 
0
18
PI_CONTACT_INFO: 325 Broadway, R/CSD 7, Boulder, Colorado 80305; michael.a.robinson@noaa.gov; chris.jernigan@noaa.gov;
PLATFORM: NOAA CSL Mobile Lab
LOCATION: SLC, Utah
ASSOCIATED_DATA: 1Hz data also available on request.
INSTRUMENT_INFO: NOAA I- ToF CIMS
DATA_INFO: All data in parts per trillion by volume (pptv). 1 Hz data is available upon request.
UNCERTAINTY: TBD
ULOD_FLAG: -7777
ULOD_VALUE: N/A
LLOD_FLAG: -8888
LLOD_VALUE: N/A
DM_CONTACT_INFO: Nathan Howard; nathan.h.howard@noaa.gov
PROJECT_INFO: USOS, summer 2024. https://csl.noaa.gov/groups/csl7/measurements/2024usos/
STIPULATIONS_ON_USE: Users are strongly encouraged to contact the PI for proper data usage.
OTHER_COMMENTS: 
REVISION: RA
RA: Preliminary Data; For in-field use only
starttime_UTC, Br2_NOAACIMS, BrO_NOAACIMS, Cl2_NOAACIMS, ClNO2_NOAACIMS, BrCl_NOAACIMS, NCl3_NOAACIMS
[from data line 1157]
 69420,  1.087,  0.159,  0.775,  0.103,  0.223,  0.444
 69480,  1.241,  0.011,  0.666,  0.144,  0.228,  0.102
 69540,  1.238, -0.048,  0.762,  0.131,  0.245,  0.140
 69600,  1.153,  0.174,  1.991,  0.119,  0.240,  6.168
 69660,  1.146,  0.178,  2.067,  0.198,  0.278,  6.432
 69720,  1.319,  0.117,  1.496,  0.129,  0.310,  5.027
 69780,  1.118,  0.058,  0.737,  0.130,  0.245,  0.434
 69840,  1.048,  0.036,  0.830,  0.088,  0.342, -0.002
 69900,  1.087,  0.153,  0.722,  0.164,  0.184,  0.122
 69960,  1.099,  0.121,  0.980,  0.134,  0.296,  0.307
 70020,  1.071,  0.148,  1.300,  0.144,  0.271,  5.200
 70080,  1.217,  0.261,  1.250,  0.101,  0.282,  3.265
 70140,  1.264,  0.020,  1.041,  0.149,  0.224,  1.219
 70200,  1.263,  0.146,  0.935,  0.125,  0.311,  0.967
 70260,  1.161,  0.074,  0.757,  0.129,  0.185, -0.049
 70320,  1.121,  0.122,  0.894,  0.134,  0.215,  0.018
 70380,  1.211,  0.118,  0.897,  0.166,  0.250,  0.031
 70440,  1.371,  0.189,  0.789,  0.091,  0.260, -0.037
 70500,  1.280,  0.132,  0.738,  0.076,  0.210, -0.005
 70560,  1.267,  0.076,  0.795,  0.124,  0.180,  0.045
 70620,  1.167,  0.153,  0.749,  0.147,  0.155, -0.038
 70680,  1.239,  0.027,  0.810,  0.135,  0.198,  0.058
 70740,  1.219,  0.159,  0.764,  0.143,  0.202, -0.065
 70800,  1.223,  0.137,  0.860,  0.111,  0.221, -0.022
 70860,  1.234,  0.201,  0.763,  0.139,  0.173, -0.021
 70920,  1.356,  0.177,  0.718,  0.133,  0.142, -0.033
 70980,  1.160,  0.121,  0.728,  0.081,  0.222, -0.075
 71040,  1.259,  0.141,  0.851,  0.110,  0.183,  0.016
 71100,  1.146,  0.160,  0.723,  0.132,  0.186, -0.024
 71160,  1.261,  0.150,  0.775,  0.200,  0.219, -0.022
 71220,  1.299,  0.156,  0.787,  0.145,  0.223, -0.022
 71280,  1.075,  0.122,  0.977,  0.174,  0.147, -0.038
 71340,  1.199,  0.153,  1.117,  0.177,  0.188,  0.003
 71400,  1.207,  0.219,  0.939,  0.086,  0.214, -0.060
 71460,  1.197,  0.200,  1.008,  0.092,  0.157,  0.024
 71520,  1.324,  0.165,  0.829,  0.088,  0.185, -0.008
 71580,  1.198,  0.114,  0.916,  0.077,  0.162,  0.051
 71640,  1.183,  0.217,  0.915,  0.128,  0.135, -0.019
 71700,  1.875, -0.158,  2.040,  0.401, -0.006,  0.016
 71760,  1.323,  0.190,  0.945,  0.017,  0.215, -0.067
 71820,  1.124,  0.069,  0.719,  0.112,  0.136, -0.049
 71880,  1.105,  0.126,  0.761,  0.075,  0.115, -0.032
 71940,  1.207,  0.183,  0.712,  0.099,  0.118, -0.087
 72000,  1.264,  0.216,  0.730,  0.079,  0.134, -0.055
 72060,  1.321,  0.209,  0.711,  0.100,  0.067, -0.080
 72120,  1.287,  0.173,  0.703,  0.069,  0.155, -0.036
 72180,  1.206,  0.033,  0.747,  0.051,  0.137,  0.020
 72240,  1.281,  0.094,  0.850,  0.068,  0.164,  0.013
 72300,  1.220,  0.114,  0.906,  0.121,  0.173, -0.068
 72360,  1.273,  0.124,  0.758,  0.112,  0.126, -0.021
 72420,  1.315,  0.115,  0.885,  0.106,  0.121, -0.080
 72480,  1.249,  0.089,  0.832,  0.090,  0.168, -0.038
 72540,  1.282,  0.110,  0.741,  0.105,  0.159, -0.043
 72600,  1.494,  0.085,  0.770,  0.101,  0.120, -0.046
 72660,  1.090,  0.104,  0.684,  0.102,  0.133, -0.090
 72720,  1.235,  0.115,  0.894,  0.135,  0.169, -0.097
 72780,  1.259,  0.185,  0.820,  0.102,  0.137, -0.021
 72840,  1.216,  0.058,  0.838,  0.150,  0.190, -0.039
 72900,  1.402,  0.087,  1.042,  0.164,  0.200, -0.063
 72960,  1.256,  0.135,  1.046,  0.215,  0.278, -0.098
 73020,  1.187,  0.218,  0.994,  0.126,  0.252, -0.112
 73080,  1.230,  0.243,  1.168,  0.123,  0.211, -0.033
 73140,  1.218,  0.153,  1.100,  0.125,  0.298, -0.063
 73200,  1.228,  0.069,  0.973,  0.128,  0.181, -0.089
 73260,  1.129,  0.104,  0.924,  0.177,  0.210,  0.026
 73320,  1.279,  0.163,  0.897,  0.149,  0.196,  0.012
 73380,  1.098,  0.074,  1.027,  0.136,  0.226, -0.008
 73440,  1.165,  0.168,  1.067,  0.157,  0.282, -0.020
 73500,  1.285,  0.131,  0.967,  0.086,  0.182, -0.014
 73560,  1.205,  0.118,  0.941,  0.174,  0.094, -0.024
 73620,  1.228,  0.276,  1.125,  0.190,  0.309, -0.008
 73680,  1.049,  0.082,  1.019,  0.148,  0.214,  0.016
 73740,  1.247,  0.046,  0.793,  0.068,  0.206,  0.014
 73800,  1.258,  0.251,  0.912,  0.102,  0.183, -0.105
 73860,  1.260,  0.151,  0.956,  0.139,  0.221,  0.001
 73920,  1.299,  0.122,  0.960,  0.133,  0.200, -0.049
 73980,  1.128,  0.136,  0.839,  0.094,  0.164, -0.070
 74040,  1.152,  0.174,  0.786,  0.129,  0.287,  0.000
 74100,  1.112,  0.156,  1.142,  0.075,  0.319, -0.043
 74160,  1.191,  0.074,  0.923,  0.149,  0.171,  0.011
 74220,  1.159,  0.110,  0.973,  0.073,  0.228,  0.000
 74280,  1.339,  0.133,  1.073,  0.115,  0.245,  0.022
 74340,  1.239,  0.070,  1.019,  0.146,  0.281,  0.034
 74400,  1.236,  0.111,  0.944,  0.052,  0.190, -0.109
 74460,  1.223,  0.122,  0.825,  0.091,  0.208, -0.006
 74520,  1.022,  0.187,  0.783,  0.063,  0.191, -0.049
 74580,  1.117,  0.152,  0.949,  0.164,  0.257,  0.024
 74640,  1.166,  0.185,  1.049,  0.099,  0.209, -0.006
 74700,  1.078,  0.101,  0.981,  0.110,  0.159, -0.033
 74760,  1.244,  0.219,  0.954,  0.079,  0.196, -0.051
 74820,  1.213,  0.278,  0.918,  0.086,  0.223,  0.034
 74880,  1.290,  0.108,  1.027,  0.087,  0.284, -0.002
 74940,  1.014,  0.162,  0.935,  0.093,  0.220, -0.030
 75000,  1.031,  0.262,  0.900,  0.040,  0.223, -0.029
 75060,  1.139,  0.137,  0.832,  0.024,  0.278,  0.007
 75120,  1.159,  0.122,  0.992,  0.064,  0.266, -0.007
 75180,  1.272,  0.323,  0.912,  0.073,  0.292,  0.052
 75240,  1.230,  0.223,  0.977,  0.051,  0.254,  0.013
 75300,  1.350,  0.084,  1.031,  0.071,  0.218, -0.013
 75360,  1.262,  0.289,  0.795,  0.042,  0.178, -0.048
 75420, -9999.000, -9999.000, -9999.000, -9999.000, -9999.000, -9999.000
 75480,  1.112,  0.168,  1.070,  0.153,  0.065,  0.019
 75540,  1.131,  0.255,  0.913,  0.064,  0.278, -0.060
 75600,  1.054,  0.298,  0.877,  0.081,  0.227, -0.023
 75660,  1.092,  0.165,  0.986,  0.077,  0.236,  0.008
 75720,  1.203,  0.198,  0.912,  0.057,  0.254,  0.048
 75780,  1.017,  0.241,  0.904,  0.108,  0.259,  0.018
 75840,  1.199,  0.314,  0.972,  0.055,  0.227, -0.039
 75900,  1.136,  0.307,  0.864,  0.085,  0.251, -0.036
 75960,  1.096,  0.280,  0.806,  0.015,  0.161, -0.038
 76020,  1.252,  0.218,  0.716,  0.051,  0.137,  0.021
 76080,  1.163,  0.201,  0.728,  0.049,  0.236,  0.023
 76140,  1.157,  0.174,  0.772,  0.043,  0.213,  0.003
 76200,  1.229,  0.320,  0.921,  0.079,  0.287,  0.006
 76260,  1.199,  0.154,  0.861,  0.075,  0.291, -0.027
 76320,  1.148,  0.187,  0.951,  0.093,  0.254,  0.002
 76380,  1.149,  0.278,  1.024,  0.104,  0.294,  0.059
 76440,  1.096,  0.157,  0.911,  0.081,  0.234,  0.028
 76500,  1.119,  0.182,  0.854,  0.062,  0.277,  0.014
 76560,  1.111,  0.220,  0.850,  0.044,  0.240,  0.010
 76620,  1.154,  0.109,  0.879,  0.038,  0.263, -0.004
 76680,  1.407,  0.064,  0.869,  0.073,  0.253,  0.087
 76740,  1.188,  0.251,  0.866,  0.054,  0.264,  0.017
 76800,  1.220,  0.157,  0.961,  0.101,  0.296,  0.189
 76860,  1.186,  0.201,  0.911,  0.051,  0.270,  0.042
 76920,  1.279,  0.200,  0.886,  0.043,  0.199,  0.068
 76980,  1.229,  0.233,  0.885,  0.073,  0.230,  0.110
 77040,  1.117,  0.181,  0.962,  0.104,  0.198,  0.069
 77100,  1.262,  0.106,  0.662,  0.064,  0.211,  0.029
 77160,  1.184,  0.132,  0.725,  0.016,  0.236,  0.025
 77220,  1.114,  0.124,  0.937,  0.043,  0.278,  0.017
 77280, -9999.000, -9999.000, -9999.000, -9999.000, -9999.000, -9999.000
 77340,  1.091,  0.054,  0.708,  0.014,  0.174,  0.141
 77400,  0.990,  0.088,  0.631,  0.021,  0.189,  0.146
 77460,  1.070,  0.219,  0.613,  0.037,  0.169, -0.036
 77520,  1.038,  0.071,  0.743,  0.036,  0.164,  0.047
 77580,  1.092,  0.044,  0.727,  0.078,  0.206, -0.023
 77640,  0.951,  0.095,  0.762,  0.073,  0.156,  0.003
 77700,  1.073,  0.005,  0.817,  0.028,  0.220, -0.039
 77760,  1.012,  0.097,  0.712,  0.063,  0.143,  0.015
 77820,  1.123,  0.138,  0.723,  0.042,  0.144, -0.048
 77880,  0.979,  0.116,  0.767,  0.058,  0.142, -0.006
 77940,  1.111,  0.089,  0.638,  0.082,  0.186, -0.014
 78000,  1.043,  0.142,  0.732,  0.072,  0.172, -0.028
 78060,  1.025,  0.045,  0.808,  0.037,  0.161,  0.136
 78120,  1.014, -0.055,  0.923,  0.054,  0.199,  0.913
 78180,  0.952,  0.168,  1.057,  0.024,  0.174,  0.639
 78240,  0.794,  0.018,  0.917,  0.037,  0.177,  0.267
 78300,  0.816,  0.108,  0.877,  0.010,  0.159,  0.242
 78360,  1.129,  0.121,  0.904,  0.036,  0.251,  0.113
 78420,  1.088,  0.029,  0.945,  0.045,  0.152,  0.076
 78480,  0.930,  0.200,  0.813,  0.028,  0.177,  0.143
 78540,  0.911,  0.124,  0.941,  0.055,  0.133,  0.102
 78600,  1.037,  0.078,  0.732,  0.032,  0.116, -0.088
 78660,  0.986,  0.166,  0.829,  0.063,  0.154, -0.064
 78720,  0.969,  0.159,  0.894,  0.039,  0.121,  0.149
 78780,  0.963, -0.046,  0.823,  0.034,  0.130,  0.081
 78840,  1.082,  0.208,  1.117,  0.071,  0.192,  0.069
 78900,  0.974,  0.058,  1.046,  0.026,  0.189,  0.119
 78960,  0.933,  0.074,  1.007,  0.041,  0.116, -0.081
 79020,  1.025,  0.083,  0.897,  0.014,  0.145, -0.020
 79080,  0.870,  0.054,  0.863,  0.046,  0.114, -0.194
 79140, -9999.000, -9999.000, -9999.000, -9999.000, -9999.000, -9999.000
 79200,  0.596, -0.029,  0.728,  0.041,  0.124, -0.150
 79260,  0.886,  0.150,  0.762,  0.060,  0.163, -0.080
 79320,  0.790,  0.072,  0.754,  0.042,  0.124, -0.061
 79380,  0.823,  0.110,  0.650,  0.078,  0.148, -0.144
 79440,  0.642,  0.010,  0.712,  0.046,  0.155, -0.171
 79500,  0.797,  0.075,  0.657,  0.042,  0.117, -0.049
 79560,  0.869,  0.209,  0.890,  0.013,  0.175, -0.095
 79620,  0.883,  0.241,  0.904,  0.053,  0.155, -0.174
 79680,  0.972,  0.192,  0.786,  0.065,  0.098, -0.119
 79740,  0.896,  0.179,  0.788,  0.083,  0.174, -0.131
 79800,  0.931,  0.108,  0.884,  0.074,  0.181, -0.150
 79860,  0.933,  0.195,  0.782,  0.065,  0.106, -0.080
 79920,  1.047,  0.299,  0.821,  0.084,  0.118, -0.050
 79980,  0.887,  0.109,  0.963,  0.130,  0.161,  0.070
 80040,  0.991,  0.166,  1.138,  0.062,  0.172,  0.064
 80100,  0.872,  0.135,  1.096,  0.082,  0.201,  0.176
 80160,  0.953,  0.223,  0.967,  0.085,  0.162,  0.083
 80220,  0.934,  0.114,  0.892,  0.061,  0.178,  0.066
 80280,  0.984,  0.132,  0.843,  0.083,  0.174, -0.051
 80340,  1.104,  0.301,  0.880,  0.097,  0.178,  0.008
 80400,  1.074,  0.208,  0.892,  0.075,  0.193,  0.062
 80460,  0.942,  0.111,  0.916,  0.061,  0.210, -0.004
 80520,  1.010,  0.219,  0.841,  0.074,  0.187, -0.013
 80580,  1.061,  0.186,  0.694,  0.064,  0.161, -0.021
 80640,  1.100,  0.306,  0.757,  0.087,  0.168, -0.023
 80700,  0.900,  0.165,  0.599,  0.056,  0.171,  0.046
 80760,  1.054,  0.256,  0.664,  0.085,  0.096,  0.016
 80820,  0.949,  0.205,  0.687,  0.085,  0.169,  0.017
 80880,  1.005,  0.143,  0.696,  0.077,  0.204, -0.037
 80940,  0.914,  0.205,  0.730,  0.092,  0.225,  0.001
 81000, -9999.000, -9999.000, -9999.000, -9999.000, -9999.000, -9999.000
 81060,  0.727,  0.272,  0.624,  0.071,  0.104, -0.037
 81120,  0.803,  0.181,  0.696,  0.041,  0.111,  0.019
 81180,  0.950,  0.167,  0.675,  0.046,  0.112,  0.008
 81240,  0.800,  0.299,  0.659,  0.039,  0.136,  0.005
 81300,  0.954,  0.189,  0.753,  0.057,  0.152,  0.014
 81360,  0.903,  0.237,  0.725,  0.077,  0.184, -0.030
 81420,  0.967,  0.217,  0.726,  0.051,  0.170,  0.006
 81480,  0.798,  0.235,  0.727,  0.091,  0.141, -0.034
 81540,  0.820,  0.249,  0.820,  0.079,  0.132,  0.045
 81600,  0.990,  0.156,  0.761,  0.075,  0.180,  0.010
 81660,  0.873,  0.361,  0.804,  0.074,  0.157,  0.049
 81720,  0.879,  0.266,  0.816,  0.036,  0.186,  0.008
 81780,  1.180,  0.166,  0.749,  0.035,  0.162,  0.084
 81840,  0.951,  0.095,  0.779,  0.066,  0.185,  0.062
 81900,  0.983,  0.171,  0.685,  0.076,  0.182, -0.020
 81960,  0.884,  0.084,  0.941,  0.058,  0.167,  0.001
 82020,  0.921,  0.139,  0.835,  0.042,  0.198,  0.011
 82080,  0.972,  0.151,  0.925,  0.038,  0.113,  0.037
 82140,  0.850,  0.116,  0.821,  0.041,  0.196,  0.042
 82200,  0.991,  0.114,  0.660,  0.048,  0.158,  0.119
 82260,  1.042,  0.122,  0.847,  0.032,  0.166,  0.036
 82320,  0.963,  0.076,  0.839,  0.033,  0.189,  0.052
 82380,  0.955,  0.091,  0.835,  0.087,  0.185, -0.020
 82440,  0.901,  0.122,  0.728,  0.026,  0.125,  0.077
 82500,  0.952,  0.003,  0.783,  0.037,  0.178, -0.019
 82560,  0.909,  0.201,  0.704,  0.024,  0.166,  0.015
 82620,  1.075,  0.035,  0.729,  0.026,  0.065,  0.077
 82680,  1.063,  0.025,  0.614,  0.010,  0.099,  0.036
 82740,  1.054,  0.162,  0.668,  0.033,  0.075,  0.016
 82800,  0.813,  0.124,  0.597,  0.020,  0.162, -0.022
 82860, -9999.000, -9999.000, -9999.000, -9999.000, -9999.000, -9999.000
 82920,  0.885,  0.104,  0.639,  0.015,  0.083,  0.001
 82980,  0.892,  0.075,  0.683,  0.021,  0.147,  0.013
 83040,  1.031,  0.076,  0.737,  0.044,  0.162, -0.030
 83100,  0.945,  0.187,  0.649,  0.033,  0.169,  0.025
 83160,  0.884,  0.056,  0.636,  0.042,  0.162,  0.009
 83220,  0.779, -0.035,  0.608,  0.027,  0.095, -0.031
 83280,  0.933,  0.089,  0.584,  0.047,  0.171,  0.112
 83340,  1.019,  0.012,  0.675,  0.034,  0.093,  0.076
 83400,  0.905,  0.018,  0.572,  0.012,  0.164, -0.025
 83460,  0.951,  0.046,  0.528,  0.048,  0.107,  0.058
 83520,  0.948,  0.133,  0.656,  0.050,  0.147, -0.025
 83580,  1.063, -0.023,  0.576,  0.024,  0.173,  0.056
 83640,  1.007, -0.049,  0.570,  0.063,  0.109, -0.019
 83700,  0.922,  0.042,  0.600,  0.071,  0.138, -0.071
 83760,  0.829, -0.007,  0.850,  0.105,  0.214, -0.030
 83820,  0.940, -0.038,  0.781,  0.024,  0.224, -0.005
 83880,  0.981, -0.059,  0.768,  0.101,  0.220,  0.028
 83940,  0.891,  0.090,  0.627,  0.071,  0.190, -0.023
 84000,  0.962,  0.043,  0.763,  0.044,  0.185, -0.002
 84060,  0.998,  0.012,  0.632,  0.048,  0.192,  0.006
 84120,  1.039, -0.104,  0.613,  0.018,  0.229,  0.000
 84180,  0.966,  0.045,  0.564,  0.071,  0.139, -0.019
 84240,  0.989, -0.056,  0.604,  0.062,  0.153, -0.019
 84300,  1.074, -0.067,  0.587,  0.030,  0.137,  0.029
 84360,  0.942,  0.073,  0.566,  0.052,  0.159,  0.080
 84420,  0.929,  0.006,  0.725,  0.030,  0.210,  0.022
 84480,  1.129, -0.050,  0.767,  0.087,  0.278,  0.003
 84540,  1.223,  0.024,  0.897,  0.069,  0.314,  0.041
 84600,  0.952, -0.012,  0.856,  0.090,  0.338, -0.015
 84660,  1.053, -0.033,  0.784,  0.099,  0.207, -0.114
 84720,  0.959, -0.079,  0.653,  0.028,  0.298,  0.156
 84780,  1.006,  0.004,  0.802,  0.055,  0.222,  0.224
 84840,  1.047, -0.097,  0.687,  0.027,  0.206,  0.048
 84900,  1.058, -0.041,  0.971,  0.058,  0.239, -0.009
 84960,  1.005, -0.054,  0.575,  0.065,  0.139, -0.059
 85020,  0.906,  0.096,  0.787,  0.044,  0.199,  0.020
 85080,  0.991, -0.084,  0.684,  0.082,  0.214, -0.034
 85140,  1.074, -0.035,  0.611,  0.087,  0.234,  0.035
 85200,  0.984,  0.046,  0.648,  0.041,  0.202,  0.075
 85260,  0.972,  0.027,  0.609,  0.075,  0.184,  0.046
 85320,  1.013, -0.005,  0.647,  0.063,  0.230, -0.001
 85380,  0.987, -0.070,  0.521,  0.056,  0.167,  0.027
 85440,  1.093,  0.017,  0.467,  0.038,  0.165, -0.004
 85500,  0.961, -0.046,  0.485,  0.064,  0.148, -0.019
 85560,  1.027,  0.121,  0.440,  0.024,  0.168, -0.058
 85620,  1.227, -0.024,  0.755,  0.045,  0.150, -0.069
 85680,  1.118, -0.081,  0.489,  0.042,  0.145, -0.073
 85740,  1.012,  0.018,  0.677,  0.040,  0.196,  0.045
 85800,  1.095, -0.035,  0.786,  0.070,  0.223, -0.069
 85860,  1.211,  0.027,  0.798,  0.056,  0.239,  0.023
 85920,  1.318,  0.115,  0.802,  0.089,  0.253,  0.102
 85980,  1.176,  0.118,  0.696,  0.088,  0.241,  0.002
 86040,  1.171,  0.026,  0.815,  0.071,  0.297, -0.072
 86100,  1.152,  0.062,  0.858,  0.046,  0.158, -0.121
 86160,  1.464,  0.097,  0.664,  0.067,  0.204,  0.013
 86220,  1.262,  0.081,  0.579,  0.081,  0.160, -0.025
 86280,  1.242,  0.061,  0.672,  0.072,  0.207, -0.007
 86340,  1.027,  0.045,  0.696,  0.008,  0.191, -0.079
