CampaignData_and_Merges/R0/CSL_MobileLab_Parked/raw/20240725/USOS-PTR_MobileLabGround_20240725_R0.ict
58, 1001
Matthew Coggon, Kelvin Bates, Chelsea Stockwell, Carsten Warneke
NOAA ESRL Chemical Sciences Division
NOAA PTR-ToF-MS
USOS
1,1 
2024, 07, 25, 2025, 09, 19
0
Time_Start, seconds, number of seconds from 00:00 UTC 
22
1, 1, 1, 1, 1, 1, 1, 1, 1, 1, 1, 1, 1, 1, 1, 1, 1, 1, 1, 1, 1, 1
-9999, -9999, -9999, -9999, -9999, -9999, -9999, -9999, -9999, -9999, -9999, -9999, -9999, -9999, -9999, -9999, -9999, -9999, -9999, -9999, -9999, -9999
CH3OH_NOAAPTR_ppbv,  ppbv, Gas_CH3OH_InSitu_S_AVMR, (CH3OH) methanol
CH3CN_NOAAPTR_ppbv,  ppbv, Gas_CH3CN_InSitu_S_AVMR, (CH3CN) acetonitrile
CH3CHO_NOAAPTR_ppbv,  ppbv, Gas_CH3CHO_InSitu_S_AVMR, (CH3CHO) acetaldehyde plus contributions from ethylene glycol and ethylene oxide. Interference from ethanol has been subtracted out.
C2H5OH_NOAAPTR_ppbv,  ppbv, Gas_C2H5OH_InSitu_S_AVMR, (C2H5OH) ethanol
CH3SH_NOAAPTR_ppbv,  ppbv, Gas_CH3SH_InSitu_S_AVMR, (CH3SH) methanethiol, using calibration factor for DMS
Acrolein_NOAAPTR_ppbv,  ppbv, Gas_Acrolein_InSitu_S_AVMR, (C3H4O) acrolein
AcetonePropanal_NOAAPTR_ppbv,  ppbv, Gas_AcetoneAndPropanal_InSitu_S_AVMR, (C3H6O) sum of acetone (dominant isomer) and propanal, using calibration factor for acetone
DMS_NOAAPTR_ppbv,  ppbv, Gas_DMS_InSitu_S_AVMR, (C2H6S) dimethyl sulfide with possible small contributions from ethanethiol
C5H8_NOAAPTR_ppbv,  ppbv, Gas_Isoprene_InSitu_S_AVMR, (C5H8) isoprene and possible fragments from cycloalkanes and aldehydes. Interferences have been subtracted following methods described by Coggon et al (2023)
MVKMAC_NOAAPTR_ppbv,  ppbv, Gas_MVKAndMAC_InSitu_S_AVMR, (C4H6O) sum of methyl vinyl ketone, methacrolein, and small amounts of crotonaldehyde, using weighted calibration factor for MVK (0.637) and MACR (0.363)
Benzene_NOAAPTR_ppbv,  ppbv, Gas_Benzene_InSitu_S_AVMR, (C6H6) benzene
Toluene_NOAAPTR_ppbv,  ppbv, Gas_Toluene_InSitu_S_AVMR, (C7H8) toluene with possible small contributions of fragments from ethyltoluene
Styrene_NOAAPTR_ppbv,  ppbv, Gas_Styrene_InSitu_S_AVMR, (C8H8) styrene
Benzaldehyde_NOAAPTR_ppbv,  ppbv, Gas_Benzaldehyde_InSitu_S_AVMR, (C7H6O) benzaldehyde
C8Aromatics_NOAAPTR_ppbv,  ppbv, Gas_C8Aromatics_InSitu_M_AVMR, (C8H10) sum of m-xylene, p-xylene, o-xylene, and ethyl benzene
C9Aromatics_NOAAPTR_ppbv,  ppbv, Gas_C9Aromatics_InSitu_M_AVMR, (C9H12) sum of C9 aromatics
Naphthalene_NOAAPTR_ppbv,  ppbv, Gas_Naphthalene_InSitu_S_AVMR, (C10H8) naphthalene
Octanal_NOAAPTR_ppbv,  ppbv, Gas_Octanal_InSitu_S_AVMR, (C8H16O) octanal and small amounts of octanone
Monoterpenes_NOAAPTR_ppbv,  ppbv, Gas_Monoterpenes_InSitu_M_AVMR, (C10H16) sum of monoterpenes and possible contributions from fragments of oxygenated monoterpenoids such as eucalyptol.
Nonanal_NOAAPTR_ppbv,  ppbv, Gas_Nonanal_InSitu_M_AVMR, (C9H18O) nonanal and small amounts of nonanone
C7H4ClF3_NOAAPTR_ppbv,  ppbv, Gas_C7H4ClF3_InSitu_S_AVMR, (C7H4ClF3) parachlorobenzotrifluoride
C10H30O5Si5_NOAAPTR_ppbv,  ppbv, Gas_C10H30O5Si5_InSitu_S_AVMR, (C10H30O5Si5) decamethylcyclopentasiloxane
1
SPECIAL COMMENTS:N/A
21
PI_CONTACT_INFO: NOAA ESRL Chemical Sciences Division, Tropospheric Chemistry Group. 325 Broadway, R/CSD7, Boulder, CO 80305
PLATFORM: Mobile Laboratory.
LOCATION: Salt Lake City, UT
ASSOCIATED_DATA: N/A
INSTRUMENT_INFO: NOAA PTR-ToF-MS measurements on NOAA CSL Mobile Lab
DATA_INFO: Units: ppbv
UNCERTAINTY: See OTHER_COMMENTS
ULOD_FLAG: -7777
ULOD_VALUE: N/A
LLOD_FLAG: -8888
LLOD_VALUE: N/A.
DM_CONTACT_INFO: Data Managers: Matt Coggon, Kelvin Bates, Chelsea Stockwell; email: matthew.m.coggon@noaa.gov and kelvin.bates@colorado.edu
PROJECT_INFO: USOS Deployment July-August, 2024
STIPULATIONS_ON_USE: Use of these data require prior OK from PI.
OTHER_COMMENTS: Uncertainties:
CH3OH_NOAAPTR_ppbv:30%; CH3CN_NOAAPTR_ppbv:30%; CH3CHO_NOAAPTR_ppbv:30%; C2H5OH_NOAAPTR_ppbv:30%; CH3SH_NOAAPTR_ppbv:50%; Acrolein_NOAAPTR_ppbv:30%; AcetonePropanal_NOAAPTR_ppbv:30%; DMS_NOAAPTR_ppbv:30%; C5H8_NOAAPTR_ppbv:30%; MVKMAC_NOAAPTR_ppbv:30%; 
Benzene_NOAAPTR_ppbv:30%; Toluene_NOAAPTR_ppbv:30%; Styrene_NOAAPTR_ppbv:30%; Benzaldehyde_NOAAPTR_ppbv:30%; C8Aromatics_NOAAPTR_ppbv:30%; C9Aromatics_NOAAPTR_ppbv:30%; Naphthalene_NOAAPTR_ppbv:30%; Octanal_NOAAPTR_ppbv:30%; Monoterpenes_NOAAPTR_ppbv:30%; Nonanal_NOAAPTR_ppbv:30%; 
C7H4ClF3_NOAAPTR_ppbv:30%; C10H30O5Si5_NOAAPTR_ppbv:30%; 
REVISION: R0
R0: Calibrated PTR Data. See individual species comments for details about measurement uncertainties
Time_Start, CH3OH_NOAAPTR_ppbv, CH3CN_NOAAPTR_ppbv, CH3CHO_NOAAPTR_ppbv, C2H5OH_NOAAPTR_ppbv, CH3SH_NOAAPTR_ppbv, Acrolein_NOAAPTR_ppbv, AcetonePropanal_NOAAPTR_ppbv, DMS_NOAAPTR_ppbv, C5H8_NOAAPTR_ppbv, MVKMAC_NOAAPTR_ppbv, Benzene_NOAAPTR_ppbv, Toluene_NOAAPTR_ppbv, Styrene_NOAAPTR_ppbv, Benzaldehyde_NOAAPTR_ppbv, C8Aromatics_NOAAPTR_ppbv, C9Aromatics_NOAAPTR_ppbv, Naphthalene_NOAAPTR_ppbv, Octanal_NOAAPTR_ppbv, Monoterpenes_NOAAPTR_ppbv, Nonanal_NOAAPTR_ppbv, C7H4ClF3_NOAAPTR_ppbv, C10H30O5Si5_NOAAPTR_ppbv
[from data line 298]
17880.0, 15.33352, 0.66687, 3.01964, 8.94689, 0.00457, 0.37925, 6.88199, 0.01483, 0.70519, 0.83801, 0.17078, 0.53046, 0.04176, -0.01815, 0.37133, 0.13426, -0.00684, 0.04349, 0.18251, 0.11253, 0.02801, 0.01591 
17940.0, 16.80326, 0.61859, 3.22761, 7.90823, 0.00694, 0.39063, 7.04365, 0.00128, 0.70756, 0.82651, 0.13767, 0.50725, 0.03156, -0.01545, 0.34666, 0.17275, 0.00391, 0.07006, 0.23697, 0.05718, 0.02774, 0.01110 
18000.0, 15.92413, 0.69718, 3.36195, 8.96939, 0.00247, 0.37262, 7.10216, 0.02133, 0.71806, 0.84327, 0.29722, 0.63738, 0.06109, -0.00499, 0.48442, 0.20524, 0.00300, 0.06457, 0.20935, 0.10606, 0.02851, 0.01466 
18060.0, 16.87035, 0.62094, 3.27205, 9.15326, 0.00246, 0.38382, 7.19791, 0.01073, 0.65379, 0.86516, 0.34330, 0.74706, 0.06321, -0.00293, 0.48165, 0.21705, 0.01922, 0.05200, 0.24412, 0.08477, 0.02651, 0.01451 
18120.0, 16.92665, 0.65191, 3.31440, 9.47419, 0.00830, 0.41648, 7.52260, -0.00011, 0.71323, 0.81307, 0.30815, 0.66369, 0.06523, -0.00677, 0.48168, 0.18875, 0.00699, 0.07492, 0.21874, 0.10520, 0.03920, 0.01741 
18180.0, 16.61579, 0.68535, 3.20645, 10.10233, 0.00478, 0.40368, 7.71528, 0.00876, 0.68407, 0.85112, 0.21614, 0.64121, 0.04437, -0.00376, 0.50977, 0.21973, 0.00219, 0.05202, 0.23308, 0.11995, 0.02982, 0.01639 
18240.0, 17.25271, 0.62019, 3.19663, 9.57269, 0.00686, 0.41467, 7.30371, 0.02412, 0.68214, 0.86043, 0.28190, 0.71098, 0.05168, -0.01848, 0.48185, 0.19636, 0.02013, 0.07200, 0.18440, 0.11063, 0.03447, 0.01107 
18300.0, 15.78939, 0.46083, 2.94119, 9.81092, 0.00429, 0.39873, 6.38839, 0.01073, 0.66678, 0.77838, 0.15888, 0.54012, 0.05467, -0.02102, 0.36874, 0.15286, -0.00191, 0.05574, 0.23133, 0.10191, 0.03261, 0.01537 
18360.0, 16.20285, 0.48000, 3.10565, 9.51878, 0.00337, 0.39389, 6.46714, -0.00011, 0.64724, 0.80995, 0.24094, 0.56327, 0.02531, -0.01232, 0.41051, 0.16507, 0.00145, 0.02522, 0.21096, 0.09595, 0.02932, 0.01827 
18420.0, 17.97971, 0.52055, 3.34527, 9.09447, 0.00268, 0.37580, 6.80794, 0.00872, 0.62314, 0.79575, 0.19315, 0.62456, 0.03485, -0.04727, 0.41604, 0.15506, 0.00659, 0.07184, 0.21011, 0.08310, 0.02831, 0.01675 
18480.0, 52.13391, 0.50023, 3.62656, 9.53516, 0.00817, 0.42550, 6.70940, -0.00011, 0.66672, 0.80626, 0.28421, 0.66439, 0.06334, -0.01341, 0.46000, 0.21752, 0.00288, 0.07426, 0.23020, 0.08804, 0.04423, 0.01698 
18540.0, 21.11082, 0.49129, 3.51018, 9.95871, 0.00566, 0.38652, 6.64174, 0.02632, 0.73539, 0.82972, 0.40171, 0.92597, 0.09310, -0.02854, 0.69422, 0.29654, -0.00198, 0.06013, 0.19494, 0.11720, 0.03279, 0.01630 
18600.0, 15.77234, 0.40369, 3.48688, 9.29821, 0.00658, 0.41821, 6.26861, 0.01298, 0.53285, 0.83216, 0.29191, 0.65836, 0.06610, -0.03325, 0.48934, 0.21250, -0.00006, 0.05506, 0.21207, 0.08319, 0.02701, 0.01060 
18660.0, 16.94374, 0.42056, 3.72578, 10.83528, 0.00483, 0.46033, 6.49637, 0.00035, 0.65462, 0.81565, 0.33479, 0.76958, 0.05436, -0.03901, 0.48992, 0.22055, 0.01483, 0.06335, 0.23706, 0.11792, 0.03234, 0.01841 
18720.0, 18.34840, 0.39470, 6.15920, 12.03121, 0.00249, 0.46442, 6.63689, -0.00011, 0.67979, 0.86466, 0.48169, 0.96499, 0.12356, -0.00094, 0.75722, 0.33667, 0.03470, 0.08517, 0.24659, 0.11590, 0.04114, 0.02057 
18780.0, 17.58347, 0.45645, 3.78169, 11.07413, 0.00455, 0.42507, 6.70444, 0.01263, 0.64883, 0.81296, 0.29517, 0.80862, 0.06914, -0.02232, 0.61613, 0.25920, 0.01827, 0.05898, 0.26139, 0.09527, 0.03756, 0.01635 
18840.0, 17.88725, 0.44018, 4.07541, 14.12403, 0.00375, 0.51124, 6.87450, 0.02880, 0.73830, 0.83212, 0.79959, 1.87805, 0.17534, -0.02426, 1.39612, 0.60808, 0.02285, 0.06395, 0.24057, 0.10138, 0.02916, 0.01266 
18900.0, 22.35994, 0.45423, 3.96908, 12.27906, 0.00440, 0.47701, 6.83764, -0.00011, 0.73768, 0.84609, 0.57080, 0.98760, 0.10484, 0.02973, 0.69465, 0.30460, 0.05524, 0.11384, 0.21141, 0.11677, 0.03144, 0.01158 
18960.0, 18.90970, 0.38800, 3.80929, 11.69754, 0.00365, 0.41499, 6.37886, -0.00011, 0.66176, 0.76006, 0.39878, 0.88995, 0.06454, -0.00220, 0.63879, 0.27664, 0.01764, 0.07453, 0.20907, 0.07208, 0.03901, 0.01020 
19020.0, 20.71385, 0.39702, 3.78507, 11.19970, 0.00663, 0.45690, 6.57608, 0.03618, 0.58605, 0.77997, 0.43211, 0.89722, 0.09004, -0.00397, 0.60439, 0.25062, 0.03780, 0.05649, 0.24470, 0.09660, 0.03458, 0.02060 
19080.0, 18.92851, 0.35698, 3.46890, 9.74413, 0.00499, 0.42503, 6.43365, -0.00011, 0.60240, 0.76153, 0.35784, 0.72809, 0.07248, 0.00377, 0.50949, 0.20797, 0.02103, 0.05574, 0.27006, 0.10513, 0.02459, 0.01286 
19140.0, -9999.00000, -9999.00000, -9999.00000, -9999.00000, -9999.00000, -9999.00000, -9999.00000, -9999.00000, -9999.00000, -9999.00000, -9999.00000, -9999.00000, -9999.00000, -9999.00000, -9999.00000, -9999.00000, -9999.00000, -9999.00000, -9999.00000, -9999.00000, -9999.00000, -9999.00000 
19200.0, 13.70408, 0.33240, 2.92907, 8.68936, 0.00144, 0.35973, 6.03924, 0.00060, 0.55019, 0.71509, 0.16505, 0.40306, 0.03893, -0.01381, 0.31910, 0.11955, -0.00444, 0.06165, 0.16786, 0.10552, 0.03507, 0.01085 
19260.0, 16.36482, 0.35215, 3.39441, 9.41240, 0.00551, 0.42575, 6.14639, 0.02286, 0.60154, 0.73293, 0.23879, 0.62668, 0.04918, -0.04732, 0.47092, 0.18217, 0.02014, 0.05606, 0.18856, 0.12751, 0.03246, 0.01516 
19320.0, 15.98211, 0.35372, 3.40666, 9.21041, 0.00390, 0.41604, 6.32776, 0.01339, 0.64061, 0.73509, 0.28158, 0.62865, -0.00789, -0.00084, 0.40451, 0.16892, 0.02288, 0.05794, 0.21309, 0.11205, 0.03926, 0.01435 
19380.0, 16.91344, 0.34427, 3.45964, 11.39739, 0.00548, 0.43935, 6.58901, 0.02480, 0.58596, 0.77387, 0.24324, 0.67991, 0.06462, -0.00116, 0.46840, 0.19946, -0.00256, 0.08081, 0.21784, 0.08271, 0.03404, 0.01833 
19440.0, 17.32130, 0.33314, 3.45455, 10.71723, 0.00527, 0.38915, 6.59544, 0.01708, 0.56453, 0.73456, 0.19878, 0.63612, 0.03483, 0.00190, 0.46702, 0.17979, 0.00786, 0.03927, 0.26171, 0.11867, 0.03671, 0.01960 
19500.0, 17.17346, 0.33217, 3.39879, 10.84684, 0.00933, 0.40583, 6.42148, 0.00647, 0.51422, 0.75511, 0.23779, 0.61228, 0.07407, -0.03162, 0.42739, 0.16956, 0.00731, 0.04992, 0.24442, 0.10390, 0.04388, 0.01606 
19560.0, 14.74940, 0.33723, 3.15635, 8.37347, 0.00849, 0.38910, 6.22156, 0.02321, 0.50937, 0.69812, 0.17423, 0.55094, -0.00790, -0.00857, 0.40428, 0.15896, 0.00660, 0.02945, 0.19299, 0.13224, 0.03028, 0.01058 
19620.0, 16.11788, 0.34694, 3.32786, 10.79637, 0.00607, 0.39318, 6.22568, 0.03563, 0.53852, 0.71342, 0.25330, 0.66210, 0.06196, -0.02157, 0.46572, 0.22230, 0.01914, 0.09383, 0.26902, 0.12106, 0.02509, 0.01703 
19680.0, 15.34248, 0.33160, 3.30625, 11.33633, 0.00853, 0.44527, 6.43945, 0.03265, 0.48348, 0.75037, 0.16930, 0.61245, 0.06130, -0.02071, 0.46922, 0.19503, -0.00612, 0.03978, 0.27501, 0.10480, 0.02113, 0.01836 
19740.0, 17.03776, 0.33434, 3.55222, 12.17270, 0.00646, 0.43646, 6.41666, -0.00011, 0.49985, 0.72217, 0.27233, 1.08453, 0.06210, -0.00814, 0.65776, 0.27270, 0.01239, 0.08869, 0.28435, 0.11270, 0.02327, 0.02149 
19800.0, 34.42136, 0.33532, -9999.00000, 10.50423, 0.00682, 0.39936, 6.17706, 0.00515, -9999.00000, 0.73103, 0.26155, 0.77098, 0.07557, -0.01618, 0.55130, 0.25886, 0.02887, 0.08180, 0.27441, 0.10204, 0.03471, 0.01622 
19860.0, -9999.00000, -9999.00000, -9999.00000, -9999.00000, -9999.00000, -9999.00000, -9999.00000, -9999.00000, -9999.00000, -9999.00000, -9999.00000, -9999.00000, -9999.00000, -9999.00000, -9999.00000, -9999.00000, -9999.00000, -9999.00000, -9999.00000, -9999.00000, -9999.00000, -9999.00000 
19920.0, -9999.00000, -9999.00000, -9999.00000, -9999.00000, -9999.00000, -9999.00000, -9999.00000, -9999.00000, -9999.00000, -9999.00000, -9999.00000, -9999.00000, -9999.00000, -9999.00000, -9999.00000, -9999.00000, -9999.00000, -9999.00000, -9999.00000, -9999.00000, -9999.00000, -9999.00000 
19980.0, -9999.00000, -9999.00000, -9999.00000, -9999.00000, -9999.00000, -9999.00000, -9999.00000, -9999.00000, -9999.00000, -9999.00000, -9999.00000, -9999.00000, -9999.00000, -9999.00000, -9999.00000, -9999.00000, -9999.00000, -9999.00000, -9999.00000, -9999.00000, -9999.00000, -9999.00000 
20040.0, -9999.00000, -9999.00000, -9999.00000, -9999.00000, -9999.00000, -9999.00000, -9999.00000, -9999.00000, -9999.00000, -9999.00000, -9999.00000, -9999.00000, -9999.00000, -9999.00000, -9999.00000, -9999.00000, -9999.00000, -9999.00000, -9999.00000, -9999.00000, -9999.00000, -9999.00000 
20100.0, -9999.00000, -9999.00000, -9999.00000, -9999.00000, -9999.00000, -9999.00000, -9999.00000, -9999.00000, -9999.00000, -9999.00000, -9999.00000, -9999.00000, -9999.00000, -9999.00000, -9999.00000, -9999.00000, -9999.00000, -9999.00000, -9999.00000, -9999.00000, -9999.00000, -9999.00000 
20160.0, -9999.00000, -9999.00000, -9999.00000, -9999.00000, -9999.00000, -9999.00000, -9999.00000, -9999.00000, -9999.00000, -9999.00000, -9999.00000, -9999.00000, -9999.00000, -9999.00000, -9999.00000, -9999.00000, -9999.00000, -9999.00000, -9999.00000, -9999.00000, -9999.00000, -9999.00000 
20220.0, -9999.00000, -9999.00000, -9999.00000, -9999.00000, -9999.00000, -9999.00000, -9999.00000, -9999.00000, -9999.00000, -9999.00000, -9999.00000, -9999.00000, -9999.00000, -9999.00000, -9999.00000, -9999.00000, -9999.00000, -9999.00000, -9999.00000, -9999.00000, -9999.00000, -9999.00000 
20280.0, -9999.00000, -9999.00000, -9999.00000, -9999.00000, -9999.00000, -9999.00000, -9999.00000, -9999.00000, -9999.00000, -9999.00000, -9999.00000, -9999.00000, -9999.00000, -9999.00000, -9999.00000, -9999.00000, -9999.00000, -9999.00000, -9999.00000, -9999.00000, -9999.00000, -9999.00000 
20340.0, -9999.00000, -9999.00000, -9999.00000, -9999.00000, -9999.00000, -9999.00000, -9999.00000, -9999.00000, -9999.00000, -9999.00000, -9999.00000, -9999.00000, -9999.00000, -9999.00000, -9999.00000, -9999.00000, -9999.00000, -9999.00000, -9999.00000, -9999.00000, -9999.00000, -9999.00000 
20400.0, -9999.00000, -9999.00000, -9999.00000, -9999.00000, -9999.00000, -9999.00000, -9999.00000, -9999.00000, -9999.00000, -9999.00000, -9999.00000, -9999.00000, -9999.00000, -9999.00000, -9999.00000, -9999.00000, -9999.00000, -9999.00000, -9999.00000, -9999.00000, -9999.00000, -9999.00000 
20460.0, 17.00810, 0.34382, -9999.00000, 7.97977, 0.00559, 0.36463, 6.70886, 0.03640, -9999.00000, 0.66510, 0.12357, 0.53070, 0.05206, -0.02412, 0.33944, 0.15769, 0.00458, 0.05222, 0.20676, 0.07122, 0.01607, 0.01518 
20520.0, 16.35109, 0.33257, 3.12250, 9.47275, 0.00742, 0.39798, 6.88171, 0.03934, 0.42735, 0.65779, 0.14594, 0.51858, 0.02550, -0.01473, 0.32886, 0.15642, -0.00940, 0.04468, 0.19614, 0.10321, 0.02576, 0.01398 
20580.0, 16.83517, 0.34080, 3.48431, 10.15465, 0.00601, 0.40304, 6.99068, 0.03094, 0.50371, 0.64745, 0.30149, 0.61295, 0.05317, -0.03177, 0.42587, 0.18254, 0.01567, 0.08667, 0.24273, 0.14627, 0.01692, 0.01670 
20640.0, 15.40561, 0.33158, 4.05689, 11.92665, 0.00520, 0.49663, 6.92219, 0.01959, 0.54904, 0.67722, 0.63726, 1.52321, 0.13965, -0.01421, 0.96333, 0.43328, 0.02635, 0.07800, 0.29975, 0.11809, 0.02008, 0.01484 
20700.0, 16.02048, 0.31700, 3.54593, 16.09085, 0.00721, 0.47632, 6.72015, 0.01415, 0.34894, 0.64695, 0.66694, 2.75690, 0.15000, -0.00996, 1.71244, 0.64431, 0.01109, 0.08869, 0.26808, 0.10757, 0.01611, 0.01922 
20760.0, 16.62240, 0.30840, 3.37502, 9.78487, 0.00847, 0.40454, 6.80013, 0.01674, 0.42559, 0.64517, 0.23914, 0.74729, 0.05598, -0.01465, 0.50440, 0.22763, 0.00197, 0.07768, 0.24761, 0.11838, 0.01909, 0.02327 
20820.0, 16.02225, 0.29705, 3.19252, 10.37720, 0.00628, 0.40035, 6.68205, 0.00157, 0.43539, 0.60823, 0.13967, 0.81811, 0.07316, -0.01910, 0.58563, 0.26304, 0.01438, 0.07336, 0.22671, 0.11944, 0.02159, 0.01463 
20880.0, 16.93165, 0.31602, 3.32515, 11.40990, 0.01008, 0.38328, 6.93260, 0.01110, 0.43960, 0.62396, 0.31003, 1.01707, 0.04971, -0.01633, 0.67852, 0.27670, -0.00853, 0.05914, 0.21396, 0.13037, 0.02095, 0.01871 
20940.0, 15.58536, 0.31692, 3.36234, 11.91312, 0.01623, 0.40350, 7.39142, 0.01138, 0.48640, 0.64123, 0.26857, 1.00929, 0.05220, -0.01346, 0.65278, 0.26162, 0.01134, 0.07038, 0.24258, 0.12891, 0.03069, 0.01538 
21000.0, 16.54120, 0.32044, 3.38335, 9.43940, 0.01021, 0.41303, 7.40215, 0.03620, 0.44803, 0.63152, 0.29553, 0.82498, 0.06883, -0.02661, 0.58454, 0.25781, 0.00049, 0.08229, 0.30323, 0.12466, 0.01991, 0.01635 
21060.0, 16.38745, 0.31461, 3.37520, 11.37245, 0.00511, 0.39224, 7.43203, 0.02101, 0.46207, 0.65787, 0.25509, 0.91371, 0.05242, -0.01857, 0.60419, 0.26275, 0.02743, 0.08741, 0.28950, 0.15175, 0.01485, 0.01750 
21120.0, 15.75598, 0.32289, 3.09134, 9.92839, 0.00260, 0.38569, 6.87701, 0.03265, 0.41896, 0.60625, 0.18627, 0.59556, 0.03014, 0.00293, 0.41027, 0.17134, -0.00186, 0.07226, 0.21632, 0.08499, 0.02038, 0.01804 
21180.0, 15.36412, 0.29122, 3.17158, 9.69143, 0.00776, 0.39060, 6.90462, 0.00926, 0.43788, 0.58601, 0.10536, 0.56360, 0.04691, -0.02027, 0.38130, 0.16109, -0.00621, 0.05649, 0.17750, 0.10273, 0.02032, 0.01721 
21240.0, 16.22839, 0.32423, 3.30090, 10.89143, 0.00665, 0.41971, 7.74316, 0.00679, 0.38474, 0.64501, 0.14102, 0.66021, 0.04793, 0.00981, 0.44971, 0.19958, 0.00029, 0.06305, 0.25263, 0.11879, 0.01772, 0.01585 
21300.0, 18.98640, 0.30474, 3.34918, 11.42133, 0.00683, 0.41271, 7.97290, 0.02767, 0.45622, 0.65410, 0.23291, 0.66177, 0.04654, 0.01550, 0.43084, 0.18228, -0.00653, 0.06549, 0.27860, 0.14252, 0.01950, 0.02127 
21360.0, 16.82779, 0.30946, 3.39693, 11.05009, 0.00691, 0.40832, 7.41300, 0.02522, 0.45254, 0.62907, 0.18968, 0.64185, 0.03236, -0.01207, 0.42298, 0.17296, 0.01780, 0.06813, 0.22568, 0.12959, 0.02340, 0.02883 
21420.0, 18.24600, 0.31301, 3.59342, 11.55081, 0.01408, 0.45880, 7.61722, 0.02029, 0.45802, 0.67805, 0.21081, 0.67290, 0.04838, -0.00743, 0.47611, 0.20207, 0.01391, 0.07116, 0.27185, 0.11900, 0.03293, 0.02106 
21480.0, 18.36152, 0.31860, 3.47781, 12.34866, 0.00970, 0.44117, 7.76387, 0.02778, 0.45651, 0.68361, 0.27036, 0.67577, 0.06020, 0.04825, 0.46687, 0.20157, 0.01270, 0.09757, 0.24900, 0.14729, 0.03768, 0.02896 
21540.0, 18.43238, 0.31928, 3.69950, 13.30375, 0.00686, 0.46360, 7.78711, 0.01841, 0.49085, 0.67696, 0.14804, 0.63914, 0.05407, -0.00301, 0.43877, 0.17705, 0.00680, 0.10049, 0.25740, 0.13752, 0.02813, 0.01988 
21600.0, 19.75710, 0.33154, 3.89753, 14.00935, 0.01399, 0.51325, 8.14708, 0.03842, 0.56859, 0.70182, 0.27931, 0.75281, 0.04286, 0.01193, 0.51347, 0.20859, 0.02157, 0.07272, 0.38381, 0.14050, 0.02777, 0.03211 
21660.0, 18.96880, 0.30679, 3.65625, 12.32358, 0.01021, 0.48135, 8.07570, 0.01886, 0.53184, 0.68773, 0.28189, 0.72473, 0.07508, 0.01993, 0.51889, 0.19132, 0.01655, 0.10740, 0.32178, 0.14107, 0.04553, 0.02491 
21720.0, 18.36807, 0.31022, 3.54312, 11.99529, 0.00634, 0.44405, 8.04507, 0.03500, 0.45993, 0.68180, 0.18300, 0.67218, 0.04835, 0.00801, 0.46024, 0.17372, 0.00379, 0.05494, 0.27594, 0.14467, 0.03794, 0.02236 
21780.0, 19.01549, 0.28925, 3.52554, 12.08771, 0.00919, 0.47075, 7.94880, 0.02889, 0.45445, 0.68806, 0.33421, 0.63903, 0.05497, 0.05883, 0.48851, 0.19539, 0.00048, 0.06828, 0.27793, 0.15332, 0.02438, 0.02290 
21840.0, 17.44272, 0.30499, 3.40189, 11.22086, 0.00196, 0.40328, 7.49009, 0.01767, 0.50292, 0.66382, 0.23209, 0.63529, 0.05790, 0.00823, 0.40364, 0.15477, -0.00097, 0.05485, 0.29136, 0.13427, 0.02901, 0.02186 
21900.0, 17.16955, 0.30994, 3.38412, 11.05537, 0.00325, 0.44364, 7.42166, 0.01084, 0.44474, 0.62541, 0.26472, 0.57926, 0.03282, -0.00082, 0.43621, 0.16962, 0.01459, 0.07831, 0.27435, 0.13502, 0.02627, 0.01623 
21960.0, 18.18630, 0.30939, 3.50350, 11.05582, 0.00852, 0.46965, 7.55948, 0.03792, 0.47277, 0.67773, 0.12634, 0.63721, 0.05101, -0.03762, 0.40809, 0.15738, 0.01987, 0.05938, 0.32299, 0.09939, 0.01979, 0.01806 
22020.0, 18.98586, 0.30834, 3.49583, 12.13024, 0.00957, 0.47571, 7.70958, 0.01101, 0.44926, 0.66851, 0.23266, 0.73205, 0.05976, 0.02076, 0.48871, 0.19859, 0.02773, 0.09760, 0.33886, 0.16348, 0.02842, 0.01676 
22080.0, 18.43208, 0.30670, 3.39150, 10.53357, 0.00379, 0.46555, 7.33268, 0.01221, 0.46437, 0.66555, 0.18105, 0.56351, -0.00246, -0.00729, 0.39076, 0.14691, -0.00976, 0.09241, 0.28063, 0.11661, 0.02130, 0.02386 
