CampaignData_and_Merges/R0/CSL_MobileLab_Parked/raw/20240725/USOS-NOAAIodideCIMS-Halogens_MobileLabGround_20240725_RA.ict
38, 1001
Michael A Robinson, Chris Jernigan, Subi Thakali
NOAA ESRL Chemical Sciences Laboratory and CIRES, U. of Colorado
NOAA Iodide CIMS Instrument
USOS
1, 1
2024, 07, 25, 2024, 07, 26
1
starttime_UTC, seconds_past_midnight, seconds_of_day_since_00:00:00_UTC
6
1, 1, 1, 1, 1, 1
-9999, -9999, -9999, -9999, -9999, -9999
Br2_NOAACIMS, pptv, Gas_Br2_InSitu_S_AVMR, 
BrO_NOAACIMS, pptv, Gas_BrO_InSitu_S_AVMR, 
Cl2_NOAACIMS, pptv, Gas_Cl2_InSitu_S_AVMR, 
ClNO2_NOAACIMS, pptv, Gas_ClNO2_InSitu_S_AVMR, 
BrCl_NOAACIMS, pptv, Gas_BrCl_InSitu_S_AVMR, 
NCl3_NOAACIMS, pptv, Gas_NCl3_InSitu_S_AVMR, 
0
18
PI_CONTACT_INFO: 325 Broadway, R/CSD 7, Boulder, Colorado 80305; michael.a.robinson@noaa.gov; chris.jernigan@noaa.gov;
PLATFORM: NOAA CSL Mobile Lab
LOCATION: SLC, Utah
ASSOCIATED_DATA: 1Hz data also available on request.
INSTRUMENT_INFO: NOAA I- ToF CIMS
DATA_INFO: All data in parts per trillion by volume (pptv). 1 Hz data is available upon request.
UNCERTAINTY: TBD
ULOD_FLAG: -7777
ULOD_VALUE: N/A
LLOD_FLAG: -8888
LLOD_VALUE: N/A
DM_CONTACT_INFO: Nathan Howard; nathan.h.howard@noaa.gov
PROJECT_INFO: USOS, summer 2024. https://csl.noaa.gov/groups/csl7/measurements/2024usos/
STIPULATIONS_ON_USE: Users are strongly encouraged to contact the PI for proper data usage.
OTHER_COMMENTS: 
REVISION: RA
RA: Preliminary Data; For in-field use only
starttime_UTC, Br2_NOAACIMS, BrO_NOAACIMS, Cl2_NOAACIMS, ClNO2_NOAACIMS, BrCl_NOAACIMS, NCl3_NOAACIMS
[from data line 868]
 52080, -9999.000, -9999.000, -9999.000, -9999.000, -9999.000, -9999.000
 52140,  0.787,  0.072,  1.004,  0.679,  0.304,  2.917
 52200,  0.896,  0.087,  0.929,  0.623,  0.262,  2.973
 52260,  0.909,  0.122,  0.911,  0.627,  0.313,  2.528
 52320,  0.899,  0.186,  0.987,  0.576,  0.279,  2.253
 52380,  0.921,  0.085,  0.907,  0.627,  0.276,  2.563
 52440,  0.928,  0.059,  0.879,  0.578,  0.242,  2.430
 52500,  0.872,  0.117,  0.881,  0.599,  0.296,  2.366
 52560,  0.737,  0.124,  0.955,  0.676,  0.292,  2.363
 52620,  1.028,  0.108,  0.950,  0.635,  0.237,  2.585
 52680,  0.786,  0.121,  0.855,  0.615,  0.297,  2.332
 52740,  0.827,  0.103,  0.875,  0.650,  0.293,  2.546
 52800,  0.804,  0.114,  0.919,  0.640,  0.318,  2.292
 52860,  0.842,  0.161,  0.813,  0.684,  0.299,  2.286
 52920,  0.729,  0.109,  0.825,  0.617,  0.296,  2.332
 52980,  0.858,  0.131,  0.850,  0.626,  0.268,  2.281
 53040,  0.977,  0.198,  0.848,  0.671,  0.279,  2.470
 53100,  0.865,  0.154,  0.869,  0.608,  0.278,  2.071
 53160,  0.867,  0.132,  0.710,  0.618,  0.241,  2.177
 53220,  0.853,  0.164,  0.883,  0.698,  0.274,  2.147
 53280,  0.882,  0.170,  0.902,  0.668,  0.192,  2.136
 53340,  0.828,  0.103,  0.821,  0.627,  0.249,  1.951
 53400,  0.788,  0.129,  0.819,  0.666,  0.197,  1.850
 53460,  0.986,  0.142,  0.867,  0.605,  0.244,  1.764
 53520,  0.799,  0.122,  0.846,  0.596,  0.257,  1.913
 53580,  0.773,  0.073,  0.748,  0.635,  0.200,  1.876
 53640,  0.922,  0.136,  0.742,  0.616,  0.201,  2.214
 53700,  0.764,  0.210,  0.858,  0.633,  0.204,  2.090
 53760,  0.820,  0.182,  0.857,  0.609,  0.259,  2.096
 53820,  0.846,  0.219,  0.771,  0.596,  0.208,  2.006
 53880,  0.769,  0.231,  0.943,  0.704,  0.243,  1.784
 53940, -9999.000, -9999.000, -9999.000, -9999.000, -9999.000, -9999.000
 54000,  0.767,  0.155,  0.728,  0.638,  0.207,  1.759
 54060,  0.828,  0.245,  0.664,  0.615,  0.173,  1.689
 54120,  0.620,  0.167,  0.747,  0.630,  0.250,  1.557
 54180,  0.868,  0.204,  0.762,  0.599,  0.218,  1.657
 54240,  0.818,  0.186,  0.744,  0.580,  0.173,  1.663
 54300,  0.799,  0.144,  0.766,  0.575,  0.269,  1.574
 54360,  0.531,  0.051,  0.701,  0.604,  0.184,  1.055
 54420,  0.776,  0.188,  0.770,  0.682,  0.210,  1.071
 54480,  0.951,  0.184,  0.647,  0.630,  0.239,  1.227
 54540,  0.785,  0.173,  0.700,  0.620,  0.212,  1.175
 54600,  0.814,  0.146,  0.639,  0.572,  0.231,  1.126
 54660,  0.820,  0.225,  0.632,  0.601,  0.241,  1.239
 54720,  0.798,  0.140,  0.717,  0.538,  0.248,  1.009
 54780,  0.698,  0.115,  0.628,  0.558,  0.199,  1.192
 54840,  0.715,  0.106,  0.483,  0.634,  0.270,  0.822
 54900,  0.630,  0.086,  0.464,  0.498,  0.217,  0.704
 54960,  0.810,  0.197,  0.499,  0.620,  0.260,  0.909
 55020,  0.633,  0.133,  0.529,  0.698,  0.212,  0.806
 55080,  0.653,  0.136,  0.477,  0.571,  0.334,  0.828
 55140,  0.615,  0.199,  0.405,  0.549,  0.237,  0.765
 55200,  0.828,  0.121,  0.521,  0.631,  0.249,  1.241
 55260,  0.737,  0.121,  0.448,  0.604,  0.242,  1.439
 55320,  0.781,  0.146,  0.540,  0.582,  0.250,  1.360
 55380,  0.693,  0.193,  0.518,  0.521,  0.312,  1.403
 55440,  0.687,  0.135,  0.488,  0.700,  0.285,  1.404
 55500,  0.779,  0.179,  0.531,  0.659,  0.247,  1.237
 55560,  0.843,  0.117,  0.560,  0.617,  0.302,  1.111
 55620,  0.721,  0.223,  0.502,  0.594,  0.303,  1.417
 55680,  0.732,  0.087,  0.424,  0.645,  0.294,  1.243
 55740,  0.771,  0.143,  0.533,  0.588,  0.293,  1.177
 55800,  1.102,  0.102,  0.691,  0.652,  0.302,  1.013
 55860,  0.781,  0.175,  0.497,  0.554,  0.391,  0.947
 55920,  0.655,  0.213,  0.707,  0.578,  0.325,  1.540
 55980,  0.851,  0.264,  0.811,  0.703,  0.294,  0.764
 56040,  0.707,  0.165,  0.724,  0.637,  0.336,  0.663
 56100,  0.750,  0.137,  0.701,  0.651,  0.304,  0.812
 56160,  0.977,  0.216,  0.840,  0.708,  0.291,  0.694
 56220,  0.910,  0.081,  0.775,  0.622,  0.302,  0.807
 56280,  0.409,  0.116,  0.725,  0.554,  0.228,  0.725
 56340,  0.394,  0.079,  0.713,  0.560,  0.198,  0.367
 56400,  0.847,  0.083,  0.854,  0.691,  0.258,  0.610
 56460,  0.875,  0.281,  0.863,  0.650,  0.264,  1.427
 56520,  0.893,  0.210,  0.846,  0.638,  0.315,  0.908
 56580,  0.686,  0.148,  0.732,  0.647,  0.267,  0.701
 56640,  0.728,  0.118,  0.801,  0.657,  0.330,  1.301
 56700,  0.851,  0.210,  0.833,  0.665,  0.326,  1.507
 56760,  0.932,  0.147,  0.729,  0.622,  0.295,  1.288
 56820,  0.723,  0.245,  0.729,  0.572,  0.268,  0.810
 56880,  0.750,  0.280,  0.669,  0.598,  0.233,  1.067
 56940,  0.866,  0.153,  0.572,  0.520,  0.283,  1.118
 57000,  0.833,  0.205,  0.659,  0.580,  0.247,  1.794
 57060,  1.001,  0.174,  0.619,  0.434,  0.308,  0.473
 57120,  0.809,  0.162,  0.672,  0.417,  0.304,  0.544
 57180,  0.813,  0.228,  0.601,  0.423,  0.282,  0.290
 57240,  0.907,  0.134,  0.561,  0.444,  0.255,  0.392
 57300,  0.875,  0.161,  0.472,  0.424,  0.300,  0.447
 57360,  0.878,  0.188,  0.528,  0.399,  0.365,  0.341
 57420,  0.857,  0.227,  0.555,  0.390,  0.382,  0.382
 57480,  1.027,  0.137,  0.520,  0.372,  0.316,  0.290
 57540,  1.088,  0.134,  0.437,  0.412,  0.322,  0.282
 57600,  0.778, -0.031,  0.337,  0.345,  0.295,  0.066
 57660,  1.069,  0.152,  0.420,  0.263,  0.331,  0.594
 57720,  0.926,  0.183,  0.489,  0.375,  0.371,  0.104
 57780,  0.868,  0.194,  0.478,  0.364,  0.322,  0.205
 57840,  1.014,  0.171,  0.614,  0.375,  0.355,  0.367
 57900,  0.890,  0.131,  0.459,  0.392,  0.311,  0.498
 57960,  0.974,  0.117,  0.493,  0.427,  0.393,  0.417
 58020,  0.989,  0.122,  0.437,  0.368,  0.307,  0.326
 58080,  1.004,  0.170,  0.494,  0.361,  0.329,  0.377
 58140,  0.921,  0.031,  0.504,  0.384,  0.346,  0.198
 58200,  0.925,  0.087,  0.402,  0.376,  0.321,  0.219
 58260,  0.922,  0.127,  0.445,  0.328,  0.246,  0.254
 58320,  0.828,  0.124,  0.483,  0.373,  0.284,  0.188
 58380,  0.822,  0.155,  0.536,  0.385,  0.343,  0.214
 58440,  0.773,  0.165,  0.498,  0.368,  0.344,  0.284
 58500,  0.927,  0.155,  0.489,  0.360,  0.300,  0.263
 58560,  0.885,  0.149,  0.461,  0.388,  0.315,  0.173
 58620,  0.908,  0.195,  0.411,  0.380,  0.333,  0.074
 58680,  0.883,  0.071,  0.447,  0.321,  0.308,  0.208
 58740,  0.889,  0.032,  0.437,  0.287,  0.220,  0.181
 58800,  0.740,  0.098,  0.380,  0.340,  0.197,  0.120
 58860,  0.960,  0.081,  0.481,  0.326,  0.274,  0.165
 58920,  0.835,  0.147,  0.447,  0.399,  0.290,  0.162
 58980,  1.000,  0.030,  0.450,  0.365,  0.362,  0.149
 59040,  0.869,  0.071,  0.397,  0.315,  0.328,  0.287
 59100,  0.780,  0.094,  0.427,  0.341,  0.227,  0.165
 59160,  0.913,  0.084,  0.452,  0.305,  0.278,  0.609
 59220,  0.885,  0.151,  0.528,  0.274,  0.317,  0.621
 59280,  0.930,  0.118,  0.646,  0.295,  0.269,  1.116
 59340,  0.877,  0.089,  0.501,  0.365,  0.310,  0.926
 59400,  0.809,  0.075,  0.516,  0.366,  0.169,  0.840
 59460,  0.749, -0.020,  0.590,  0.331,  0.350,  0.585
 59520,  0.992,  0.118,  0.506,  0.226,  0.221,  1.462
 59580,  0.815,  0.096,  0.532,  0.321,  0.222,  0.930
 59640,  0.974,  0.053,  0.513,  0.348,  0.319,  1.106
 59700,  0.851,  0.063,  0.458,  0.230,  0.257,  0.613
 59760,  0.862,  0.133,  0.522,  0.293,  0.289,  0.551
 59820,  1.014,  0.093,  0.508,  0.257,  0.270,  0.347
 59880,  0.786,  0.082,  0.399,  0.250,  0.256,  0.290
 59940,  0.791,  0.086,  0.418,  0.234,  0.365,  0.219
 60000,  0.920,  0.125,  0.427,  0.294,  0.282,  0.276
 60060,  0.963,  0.087,  0.569,  0.300,  0.302,  0.972
 60120,  0.922,  0.140,  0.466,  0.334,  0.295,  0.325
 60180,  0.934,  0.113,  0.513,  0.266,  0.302,  0.159
 60240,  0.940,  0.035,  0.531,  0.238,  0.285,  0.106
 60300,  0.876,  0.069,  0.466,  0.192,  0.302,  0.171
 60360,  0.916,  0.145,  0.416,  0.286,  0.235,  0.174
 60420,  0.771,  0.075,  0.489,  0.248,  0.279,  0.161
 60480,  0.825,  0.108,  0.555,  0.271,  0.365,  0.137
 60540,  0.866,  0.041,  0.497,  0.300,  0.238,  0.059
 60600,  0.815,  0.158,  0.447,  0.239,  0.347,  0.130
 60660,  0.893,  0.220,  0.577,  0.279,  0.350,  0.420
 60720,  0.733,  0.116,  0.494,  0.263,  0.251,  0.058
 60780,  0.860,  0.116,  0.657,  0.237,  0.255,  0.480
 60840,  0.891,  0.120,  0.506,  0.255,  0.319,  0.486
 60900,  0.855,  0.127,  0.538,  0.197,  0.343,  0.085
 60960,  0.895,  0.101,  0.457,  0.277,  0.346,  0.163
 61020,  1.025,  0.095,  0.446,  0.230,  0.320,  0.104
 61080,  0.960,  0.111,  0.410,  0.249,  0.360,  0.035
 61140,  0.856,  0.152,  0.453,  0.257,  0.410,  0.120
 61200,  0.796,  0.181,  0.396,  0.266,  0.374,  0.111
 61260,  0.817,  0.232,  0.413,  0.235,  0.335,  0.124
 61320, -9999.000, -9999.000, -9999.000, -9999.000, -9999.000, -9999.000
 61380,  1.059,  0.154,  0.474,  0.246,  0.363,  0.076
 61440,  0.843,  0.124,  0.443,  0.303,  0.326,  0.132
 61500,  0.894,  0.317,  0.545,  0.333,  0.420,  0.111
 61560,  0.889,  0.122,  0.514,  0.285,  0.337,  0.153
 61620,  0.869,  0.216,  0.523,  0.211,  0.416,  0.071
 61680,  0.893,  0.248,  0.604,  0.267,  0.526,  0.085
 61740,  0.974,  0.166,  0.428,  0.193,  0.445,  0.012
 61800,  0.860,  0.154,  0.526,  0.231,  0.421,  0.120
 61860,  0.983,  0.198,  0.447,  0.257,  0.519,  0.088
 61920,  1.017,  0.251,  0.428,  0.246,  0.477,  0.083
 61980,  1.031,  0.243,  0.469,  0.216,  0.481,  0.043
 62040,  1.123,  0.215,  0.417,  0.276,  0.481,  0.139
 62100,  0.983,  0.170,  0.474,  0.227,  0.517,  0.116
 62160,  1.137,  0.165,  0.495,  0.187,  0.515,  0.087
 62220,  1.079,  0.147,  0.462,  0.218,  0.463,  0.102
 62280,  1.164,  0.096,  0.445,  0.198,  0.448,  0.073
 62340,  1.054,  0.129,  0.461,  0.249,  0.370,  0.104
 62400,  1.147,  0.157,  0.437,  0.185,  0.444,  0.166
 62460,  1.101,  0.240,  0.477,  0.238,  0.405,  0.093
 62520,  1.091,  0.213,  0.649,  0.210,  0.443,  0.251
 62580,  1.271,  0.193,  1.103,  0.268,  0.442,  1.097
 62640,  1.124,  0.154,  0.503,  0.214,  0.446,  0.118
 62700,  1.104,  0.205,  0.574,  0.149,  0.449,  0.059
 62760,  1.201,  0.106,  0.508,  0.158,  0.472,  0.121
 62820,  1.176,  0.164,  0.519,  0.169,  0.437,  0.091
 62880,  1.201,  0.188,  0.692,  0.156,  0.516,  0.331
 62940,  1.268,  0.170,  0.498,  0.131,  0.331,  0.142
 63000,  1.307,  0.160,  0.714,  0.173,  0.310,  0.713
 63060,  1.176,  0.120,  0.583,  0.149,  0.341,  0.154
 63120,  1.148,  0.282,  0.366,  0.115,  0.329,  0.167
 63180, -9999.000, -9999.000, -9999.000, -9999.000, -9999.000, -9999.000
 63240,  1.216,  0.157,  0.424,  0.161,  0.277,  0.093
 63300,  1.075,  0.120,  0.401,  0.085,  0.406,  0.066
 63360,  1.096,  0.178,  0.446,  0.143,  0.371,  0.133
 63420,  1.109,  0.087,  0.507,  0.107,  0.372,  0.143
 63480,  1.056,  0.143,  0.493,  0.162,  0.330,  0.121
 63540,  1.077,  0.143,  0.530,  0.112,  0.375,  0.075
 63600,  1.237,  0.114,  0.495,  0.127,  0.351,  0.040
 63660,  1.173,  0.104,  0.747,  0.180,  0.370,  0.129
 63720,  1.032,  0.081,  0.664,  0.163,  0.348,  0.203
 63780,  1.150, -0.007,  0.840,  0.161,  0.358,  0.468
 63840,  1.158,  0.063,  0.725,  0.143,  0.350,  0.111
 63900,  0.987,  0.103,  0.562,  0.168,  0.332,  0.093
 63960,  0.989,  0.061,  0.833,  0.159,  0.350,  0.210
 64020,  1.072,  0.027,  0.617,  0.121,  0.308,  0.080
 64080,  0.981,  0.146,  0.431,  0.115,  0.324,  0.111
 64140,  1.079, -0.032,  0.513,  0.133,  0.350,  0.067
 64200,  1.013,  0.027,  0.636,  0.115,  0.372,  0.000
 64260,  0.821,  0.162,  0.655,  0.151,  0.329,  0.081
 64320,  0.887,  0.038,  0.585,  0.103,  0.284, -0.001
 64380, -9999.000, -9999.000, -9999.000, -9999.000, -9999.000, -9999.000
 64440,  1.005, -0.109,  0.745,  0.165,  0.343,  0.047
 64500,  0.797,  0.061,  0.760,  0.134,  0.339,  0.097
 64560,  0.842,  0.122,  0.545,  0.100,  0.296, -0.017
 64620,  0.991,  0.101,  0.489,  0.093,  0.356,  0.080
 64680,  1.045,  0.092,  0.503,  0.112,  0.350,  0.037
 64740,  0.877,  0.139,  0.569,  0.093,  0.281,  0.019
 64800,  1.033, -0.019,  0.561,  0.100,  0.258,  0.063
 64860,  0.878,  0.113,  0.482,  0.066,  0.342, -0.016
 64920,  0.975,  0.071,  0.480,  0.084,  0.361, -0.004
 64980,  1.023,  0.120,  0.624,  0.101,  0.338, -0.030
 65040,  1.055,  0.157,  0.525,  0.099,  0.382, -0.035
 65100,  1.053,  0.096,  0.498,  0.072,  0.321,  0.018
 65160,  0.984,  0.111,  0.447,  0.056,  0.270, -0.058
 65220,  1.060,  0.045,  0.456,  0.110,  0.303, -0.016
 65280,  1.121,  0.077,  0.514,  0.084,  0.308,  0.023
 65340,  1.147,  0.017,  0.632,  0.103,  0.358, -0.027
 65400,  1.260,  0.149,  0.479,  0.067,  0.351, -0.032
 65460,  1.222,  0.119,  0.540,  0.061,  0.360,  0.018
 65520,  1.043,  0.102,  0.617,  0.092,  0.306, -0.085
 65580,  1.235,  0.056,  0.645,  0.098,  0.302, -0.008
 65640,  1.225,  0.041,  0.677,  0.104,  0.286,  0.041
 65700,  1.043,  0.148,  0.805,  0.112,  0.293,  0.187
 65760,  1.243,  0.135,  0.750,  0.064,  0.309, -0.010
 65820,  1.554,  0.130,  0.576,  0.098,  0.228, -0.044
 65880,  1.084,  0.278,  0.598,  0.087,  0.314, -0.046
 65940,  1.234,  0.106,  0.573,  0.079,  0.272, -0.042
 66000,  1.198,  0.053,  0.523,  0.047,  0.290, -0.080
 66060,  1.183,  0.116,  0.457,  0.065,  0.320,  0.028
 66120,  1.106,  0.138,  0.578,  0.062,  0.279, -0.062
 66180,  1.064,  0.640,  0.579, -0.050,  0.344, -0.131
 66240,  1.141,  0.173,  0.532,  0.080,  0.257, -0.069
 66300,  1.292,  0.169,  0.633,  0.058,  0.319, -0.054
 66360,  1.367,  0.157,  0.610,  0.072,  0.291, -0.076
 66420,  1.247,  0.170,  0.501,  0.100,  0.312, -0.013
 66480,  1.304,  0.169,  0.631,  0.058,  0.256, -0.034
 66540,  1.181,  0.151,  0.553,  0.036,  0.271, -0.011
 66600,  1.221,  0.059,  0.521,  0.031,  0.203, -0.045
 66660,  1.234,  0.206,  0.632,  0.083,  0.287, -0.019
 66720,  1.169,  0.251,  0.729,  0.091,  0.281, -0.017
 66780,  1.228,  0.186,  0.674,  0.102,  0.243, -0.046
 66840,  1.095,  0.200,  0.664,  0.083,  0.240,  0.027
 66900,  1.201,  0.119,  0.624,  0.053,  0.273, -0.058
 66960,  1.181,  0.193,  0.623,  0.048,  0.246,  0.013
 67020,  1.316,  0.203,  0.506,  0.066,  0.195, -0.050
 67080,  1.271,  0.165,  0.655,  0.087,  0.227, -0.015
 67140,  1.169,  0.035,  0.546,  0.064,  0.254, -0.001
 67200,  1.148,  0.197,  0.612,  0.066,  0.201, -0.088
 67260,  1.115,  0.088,  0.587,  0.054,  0.222, -0.100
 67320,  1.060,  0.133,  0.627,  0.070,  0.176, -0.076
 67380,  1.298,  0.132,  0.518,  0.039,  0.224, -0.033
 67440,  1.220,  0.206,  0.600,  0.040,  0.157, -0.112
 67500,  1.196,  0.162,  0.689,  0.087,  0.212, -0.063
 67560,  1.119,  0.102,  0.554,  0.054,  0.184, -0.004
 67620,  1.159,  0.094,  0.600,  0.067,  0.180, -0.153
 67680,  1.213,  0.160,  0.543,  0.073,  0.184, -0.086
 67740,  1.243,  0.152,  0.592,  0.075,  0.180, -0.055
 67800,  1.019,  0.087,  0.672,  0.050,  0.156,  0.002
 67860,  1.267,  0.070,  0.789,  0.107,  0.168,  0.008
 67920,  1.229,  0.128,  0.617,  0.056,  0.158, -0.088
 67980,  0.861,  0.168,  0.638,  0.049,  0.111,  0.024
 68040, -9999.000, -9999.000, -9999.000, -9999.000, -9999.000, -9999.000
 68100,  1.106,  0.099,  0.649,  0.082,  0.119, -0.045
 68160,  1.188,  0.069,  0.709,  0.075,  0.223, -0.060
 68220,  1.154,  0.216,  0.583,  0.064,  0.163, -0.088
 68280,  1.076,  0.111,  0.675,  0.067,  0.072, -0.063
 68340,  1.015,  0.057,  0.667,  0.098,  0.142, -0.102
 68400,  1.238,  0.124,  0.587,  0.141,  0.164,  0.052
 68460,  1.170,  0.001,  0.686,  0.099,  0.191, -0.091
 68520,  1.082,  0.135,  0.630,  0.121,  0.103, -0.084
 68580,  1.023,  0.004,  0.655,  0.108,  0.185, -0.073
 68640,  1.054,  0.136,  0.636,  0.120,  0.156, -0.002
 68700,  1.026,  0.059,  0.561,  0.111,  0.109, -0.125
 68760,  1.026,  0.100,  0.549,  0.117,  0.098, -0.075
 68820,  1.103,  0.057,  0.608,  0.134,  0.171, -0.055
 68880,  1.213,  0.099,  0.748,  0.100,  0.133, -0.062
 68940,  1.257,  0.014,  0.744,  0.072,  0.259, -0.038
 69000,  1.136,  0.134,  0.730,  0.099,  0.211, -0.019
 69060,  1.177,  0.213,  0.632,  0.070,  0.176, -0.038
 69120,  1.070,  0.049,  0.786,  0.107,  0.190, -0.082
 69180,  1.277,  0.116,  0.839,  0.139,  0.214,  0.012
 69240,  1.144,  0.057,  0.877,  0.132,  0.171,  0.074
 69300,  1.186,  0.086,  0.893,  0.112,  0.211,  0.147
