CampaignData_and_Merges/R0/CSL_MobileLab_Parked/raw/20240725/USOS-NOAAIodideCIMS-OrgNitrs_MobileLabGround_20240725_RA.ict
37, 1001
Michael A Robinson, Chris Jernigan, Subi Thakali
NOAA ESRL Chemical Sciences Laboratory and CIRES, U. of Colorado
NOAA Iodide CIMS Instrument
USOS
1, 1
2024, 07, 25, 2024, 07, 26
1
starttime_UTC, seconds_past_midnight, seconds_of_day_since_00:00:00_UTC
5
1, 1, 1, 1, 1
-9999, -9999, -9999, -9999, -9999
C4H7NO5_NOAACIMS, pptv, Gas_C4H7NO5_InSitu_S_AVMR, 
ISOPN_NOAACIMS, pptv, Gas_ISOPN_InSitu_S_AVMR, 
C5H10O3_NOAACIMS, pptv, Gas_C5H10O3_InSitu_S_AVMR, 
C5H9NO5_NOAACIMS, pptv, Gas_C5H9NO5_InSitu_S_AVMR, 
C10H17NO4_NOAACIMS, pptv, Gas_C10H17NO4_InSitu_S_AVMR, 
0
18
PI_CONTACT_INFO: 325 Broadway, R/CSD 7, Boulder, Colorado 80305; michael.a.robinson@noaa.gov; chris.jernigan@noaa.gov;
PLATFORM: NOAA CSL Mobile Lab
LOCATION: SLC, Utah
ASSOCIATED_DATA: 1Hz data also available on request.
INSTRUMENT_INFO: NOAA I- ToF CIMS
DATA_INFO: All data in parts per trillion by volume (pptv). 1 Hz data is available upon request.
UNCERTAINTY: TBD
ULOD_FLAG: -7777
ULOD_VALUE: N/A
LLOD_FLAG: -8888
LLOD_VALUE: N/A
DM_CONTACT_INFO: Nathan Howard; nathan.h.howard@noaa.gov
PROJECT_INFO: USOS, summer 2024. https://csl.noaa.gov/groups/csl7/measurements/2024usos/
STIPULATIONS_ON_USE: Users are strongly encouraged to contact the PI for proper data usage.
OTHER_COMMENTS: 
REVISION: RA
RA: Preliminary Data; For in-field use only
starttime_UTC, C4H7NO5_NOAACIMS, ISOPN_NOAACIMS, C5H10O3_NOAACIMS, C5H9NO5_NOAACIMS, C10H17NO4_NOAACIMS
     0, 12.443, 17.698, 205.744,  7.167,  0.263
    60, 12.092, 17.755, 204.416,  7.476,  0.233
   120, 11.872, 17.462, 198.310,  7.218,  0.270
   180, 11.909, 18.234, 204.764,  7.251,  0.256
   240, 11.895, 16.843, 205.129,  7.145,  0.290
   300, 12.037, 18.474, 207.837,  7.353,  0.301
   360, -9999.000, -9999.000, -9999.000, -9999.000, -9999.000
   420, 11.704, 17.072, 175.562,  7.384,  0.203
   480, 12.078, 18.120, 193.054,  7.493,  0.282
   540, 12.005, 17.526, 190.402,  7.588,  0.194
   600, 12.206, 17.818, 197.899,  7.514,  0.193
   660, 12.295, 18.123, 196.264,  7.535,  0.180
   720, 12.411, 18.689, 208.260,  7.430,  0.085
   780, 13.884, 23.555, 267.904,  8.478,  0.343
   840, 13.996, 24.525, 292.612,  8.863,  0.383
   900, 13.583, 23.561, 295.169,  8.674,  0.358
   960, 13.328, 23.650, 296.360,  8.490,  0.370
  1020, 13.272, 24.505, 305.891,  8.605,  0.342
  1080, 13.169, 24.021, 309.352,  8.204,  0.388
  1140, 12.749, 23.282, 302.181,  8.158,  0.380
  1200, 13.055, 24.027, 307.598,  8.181,  0.378
  1260, 12.883, 23.984, 317.711,  8.314,  0.337
  1320, 12.672, 23.950, 315.147,  8.358,  0.330
  1380, 12.679, 23.656, 309.423,  7.856,  0.221
  1440, 12.593, 23.475, 307.332,  7.872,  0.287
  1500, 12.549, 22.679, 297.335,  8.203,  0.285
  1560, 12.577, 22.386, 300.600,  8.171,  0.216
  1620, 12.515, 23.748, 299.280,  8.296,  0.364
  1680, 12.583, 23.546, 291.767,  8.009,  0.271
  1740, 12.766, 23.274, 290.823,  7.851,  0.290
  1800, 12.840, 24.068, 290.435,  8.216,  0.296
  1860, 12.812, 23.004, 282.563,  8.269,  0.240
  1920, 12.745, 23.157, 288.997,  8.212,  0.226
  1980, 12.793, 23.242, 286.424,  8.177,  0.310
  2040, 12.733, 23.597, 280.811,  8.055,  0.365
  2100, 12.738, 24.066, 285.720,  8.100,  0.335
  2160, 12.483, 22.858, 286.192,  8.027,  0.309
  2220, -9999.000, -9999.000, -9999.000, -9999.000, -9999.000
  2280, 12.382, 21.966, 234.908,  8.210,  0.198
  2340, 12.569, 23.159, 255.484,  8.517,  0.304
  2400, 12.712, 22.836, 268.262,  8.071,  0.304
  2460, 13.087, 23.070, 277.730,  8.457,  0.246
  2520, 12.805, 22.777, 285.153,  8.357,  0.207
  2580, 12.522, 22.755, 276.968,  8.423,  0.286
  2640, 12.704, 22.894, 286.045,  8.104,  0.267
  2700, 12.602, 23.205, 278.594,  8.269,  0.313
  2760, 13.029, 24.865, 302.949,  8.316,  0.354
  2820, 12.791, 25.506, 295.844,  8.571,  0.391
  2880, 12.829, 24.223, 290.133,  8.475,  0.440
  2940, 12.978, 24.175, 291.220,  8.685,  0.498
  3000, 12.899, 24.998, 296.000,  8.716,  0.406
  3060, 13.147, 25.848, 300.214,  8.649,  0.488
  3120, 13.230, 25.820, 310.728,  8.764,  0.382
  3180, 13.365, 25.907, 314.892,  8.832,  0.398
  3240, 13.458, 25.825, 316.881,  8.795,  0.268
  3300, 13.379, 25.328, 306.320,  8.465,  0.480
  3360, 13.047, 25.138, 302.712,  8.761,  0.481
  3420, 13.195, 26.289, 305.382,  8.621,  0.547
  3480, 12.975, 25.772, 309.163,  8.653,  0.571
  3540, 12.925, 25.957, 308.743,  8.626,  0.488
  3600, 13.026, 25.952, 318.544,  8.794,  0.503
  3660, 12.994, 27.173, 319.539,  8.883,  0.500
  3720, 12.891, 26.351, 317.324,  9.040,  0.548
  3780, 12.865, 26.331, 312.021,  9.017,  0.613
  3840, 12.806, 27.011, 321.664,  8.937,  0.567
  3900, 12.850, 27.979, 320.826,  9.114,  0.540
  3960, 13.023, 28.206, 329.934,  9.190,  0.650
  4020, 12.988, 29.004, 334.514,  9.437,  0.641
  4080, 12.512, 27.891, 288.046,  8.927,  0.700
  4140, 12.818, 29.354, 301.267,  9.540,  0.661
  4200, 12.668, 29.577, 321.945,  9.346,  0.729
  4260, 12.616, 29.350, 332.538,  9.296,  0.656
  4320, 12.567, 30.260, 342.470,  9.033,  0.713
  4380, 12.534, 30.423, 347.861,  9.264,  0.752
  4440, 12.502, 30.606, 358.108,  9.051,  0.712
  4500, 12.150, 30.094, 361.647,  9.117,  0.718
  4560, 12.189, 30.646, 377.350,  9.457,  0.766
  4620, 12.116, 29.466, 360.719,  8.688,  0.555
  4680, 11.907, 29.769, 378.781,  8.969,  0.702
  4740, 12.006, 29.743, 376.889,  9.036,  0.606
  4800, 11.616, 29.519, 385.400,  9.044,  0.750
  4860, 11.623, 28.876, 385.608,  8.900,  0.679
  4920, 11.495, 29.103, 381.489,  8.609,  0.696
  4980, 11.312, 29.395, 388.674,  8.810,  0.699
  5040, 11.554, 30.232, 389.157,  8.670,  0.536
  5100, 11.609, 31.200, 393.801,  8.736,  0.685
  5160, 11.359, 30.280, 390.666,  8.816,  0.737
  5220, 11.212, 31.098, 384.840,  8.745,  0.760
  5280, 11.244, 31.800, 388.727,  9.179,  0.804
  5340, 11.164, 32.328, 380.836,  8.759,  0.794
  5400, 10.254, 31.382, 368.346,  9.131,  0.859
  5460, 10.133, 30.583, 342.518,  8.781,  0.775
  5520,  9.881, 30.901, 334.910,  8.733,  0.823
  5580,  9.561, 32.420, 315.274,  8.503,  0.805
  5640,  8.599, 29.484, 289.425,  8.765,  0.656
  5700,  8.654, 31.649, 280.642,  8.689,  0.793
  5760,  8.528, 29.731, 266.466,  8.493,  0.618
  5820,  8.621, 30.661, 260.355,  8.711,  0.814
  5880, -9999.000, -9999.000, -9999.000, -9999.000, -9999.000
  5940,  7.730, 28.998, 199.620,  8.472,  0.771
  6000,  7.815, 29.586, 210.979,  8.722,  0.740
  6060,  8.114, 30.856, 220.697,  8.871,  0.701
  6120,  8.090, 31.495, 224.362,  8.775,  0.689
  6180,  8.064, 29.963, 224.195,  8.865,  0.767
  6240,  7.760, 30.395, 227.597,  9.098,  0.846
  6300,  7.847, 30.359, 221.875,  8.977,  0.789
  6360,  7.779, 31.837, 220.905,  8.887,  0.766
  6420,  7.557, 31.809, 225.845,  8.698,  0.861
  6480,  7.497, 32.521, 226.166,  8.614,  0.886
  6540,  7.226, 30.491, 223.089,  8.813,  0.871
  6600,  7.338, 31.005, 223.334,  8.942,  0.865
  6660,  7.315, 30.745, 221.678,  9.144,  0.760
  6720,  7.374, 31.061, 222.251,  8.964,  0.943
  6780,  7.444, 33.116, 226.850,  8.961,  1.074
  6840,  7.254, 32.240, 232.432,  9.541,  1.157
  6900,  7.270, 31.977, 223.424,  9.146,  0.975
  6960,  7.187, 30.227, 219.628,  9.000,  0.772
  7020,  7.195, 31.858, 227.124,  9.600,  0.761
  7080,  7.172, 33.158, 230.511,  9.417,  0.772
  7140,  7.314, 34.255, 240.221,  9.826,  0.741
  7200,  7.243, 34.663, 239.743, 10.068,  0.686
  7260,  7.287, 35.456, 235.932,  9.994,  0.777
  7320,  7.499, 36.581, 236.597, 10.058,  0.922
  7380,  7.394, 36.833, 237.631, 10.053,  0.946
  7440,  7.482, 38.814, 247.739, 10.497,  0.937
  7500,  7.491, 40.413, 258.159, 10.790,  0.968
  7560,  7.493, 41.663, 271.153, 11.193,  1.014
  7620,  7.549, 41.546, 271.897, 11.287,  0.981
  7680,  7.510, 44.430, 284.116, 11.555,  0.937
  7740,  7.605, 48.180, 282.282, 11.672,  1.222
  7800,  7.411, 43.665, 269.178, 12.093,  0.926
  7860,  7.660, 44.710, 284.065, 12.669,  1.069
  7920,  7.697, 46.053, 289.715, 12.331,  1.161
  7980,  7.654, 48.748, 296.391, 12.947,  1.275
  8040,  7.782, 49.618, 301.521, 12.971,  1.475
  8100,  7.689, 50.461, 303.760, 12.998,  1.508
  8160,  7.786, 49.647, 305.849, 13.489,  1.485
  8220,  7.699, 49.162, 308.624, 13.993,  1.503
  8280,  7.696, 50.012, 308.472, 14.087,  1.564
  8340,  7.680, 50.701, 304.053, 13.751,  1.583
  8400,  7.632, 50.137, 320.234, 14.994,  1.592
  8460,  7.710, 49.448, 303.287, 14.315,  1.569
  8520,  7.716, 49.214, 301.091, 14.464,  1.492
  8580,  7.845, 50.776, 304.289, 14.700,  1.359
  8640,  7.739, 49.469, 300.794, 14.673,  1.207
  8700,  7.835, 51.335, 294.748, 14.696,  1.216
  8760,  7.822, 51.855, 302.380, 15.643,  1.411
  8820,  7.864, 50.821, 311.948, 16.091,  1.566
  8880,  7.858, 52.082, 313.929, 16.135,  1.710
  8940,  7.930, 52.876, 306.574, 16.007,  1.538
  9000,  7.721, 51.013, 304.054, 16.120,  1.538
  9060,  7.613, 49.535, 291.629, 15.344,  1.399
  9120,  7.763, 48.735, 299.679, 15.589,  1.357
  9180,  7.778, 48.594, 299.338, 15.164,  1.346
  9240,  7.785, 46.306, 302.783, 14.925,  1.328
  9300,  7.901, 43.761, 307.140, 13.999,  1.415
  9360,  7.803, 42.806, 306.489, 13.712,  1.327
  9420,  7.983, 41.407, 309.293, 13.496,  1.330
  9480,  8.173, 40.262, 314.907, 12.857,  1.284
  9540,  8.163, 39.644, 314.371, 12.554,  1.114
  9600, -9999.000, -9999.000, -9999.000, -9999.000, -9999.000
  9660,  7.761, 37.771, 260.033, 11.530,  1.017
  9720,  8.010, 37.973, 277.927, 11.935,  1.235
  9780,  8.037, 37.562, 290.296, 11.963,  1.264
  9840,  8.057, 37.411, 293.733, 11.583,  1.179
  9900,  8.093, 37.327, 295.160, 11.829,  1.268
  9960,  8.135, 37.816, 296.032, 12.145,  1.049
 10020,  8.145, 36.843, 301.437, 12.394,  1.275
 10080,  8.105, 36.338, 290.795, 12.108,  1.204
 10140,  8.116, 36.859, 295.164, 12.506,  1.243
 10200,  8.081, 36.309, 296.994, 12.811,  1.180
 10260,  8.258, 36.481, 305.359, 13.173,  1.210
 10320,  8.288, 37.258, 297.089, 12.799,  1.210
 10380,  8.403, 37.989, 312.939, 13.047,  1.161
 10440,  8.490, 37.000, 306.624, 13.093,  1.152
 10500,  8.571, 37.103, 315.433, 13.544,  1.097
 10560,  8.597, 38.242, 318.314, 13.361,  1.228
 10620,  8.814, 37.969, 320.930, 13.394,  1.322
 10680,  8.768, 37.582, 322.237, 13.120,  1.242
 10740,  9.043, 36.873, 333.415, 13.056,  1.127
 10800,  8.961, 36.362, 326.346, 13.007,  1.144
 10860,  8.967, 37.895, 332.007, 12.641,  1.147
 10920,  9.030, 36.824, 327.690, 12.631,  1.165
 10980,  9.062, 36.356, 323.678, 12.809,  1.085
 11040,  9.044, 37.639, 324.415, 12.704,  1.195
 11100,  9.090, 37.395, 329.679, 12.596,  1.179
 11160,  9.242, 36.744, 333.298, 12.891,  1.064
 11220,  9.236, 38.076, 330.288, 12.470,  1.154
 11280,  9.317, 37.856, 329.478, 12.469,  1.013
 11340,  9.425, 37.021, 333.510, 12.189,  0.958
 11400,  9.232, 37.839, 337.205, 12.670,  0.952
 11460,  9.065, 36.518, 296.116, 11.004,  1.106
 11520,  9.413, 34.782, 304.672, 12.108,  0.983
 11580,  9.254, 34.859, 309.211, 11.944,  0.931
 11640,  9.569, 35.585, 313.817, 12.196,  1.011
 11700,  9.506, 36.421, 324.684, 12.005,  1.134
 11760,  9.527, 35.265, 319.347, 11.942,  1.063
 11820,  9.451, 34.431, 312.639, 11.592,  0.961
 11880,  9.443, 35.878, 314.576, 11.644,  1.066
 11940,  9.495, 35.774, 315.039, 11.712,  0.947
 12000,  9.683, 35.154, 316.204, 11.973,  0.909
 12060,  9.737, 36.300, 318.781, 11.555,  0.832
 12120,  9.809, 36.115, 315.736, 11.260,  0.848
 12180,  9.432, 35.099, 311.272, 11.311,  0.937
 12240,  9.840, 34.656, 319.011, 11.403,  0.890
 12300,  9.740, 35.806, 317.723, 11.378,  1.001
 12360,  9.820, 34.541, 315.645, 11.498,  0.852
 12420,  9.742, 35.288, 325.344, 11.385,  0.908
 12480,  9.770, 36.164, 318.220, 11.040,  0.880
 12540,  9.773, 35.468, 316.541, 11.385,  0.976
 12600,  9.619, 35.660, 310.491, 12.595,  0.995
 12660,  9.522, 34.267, 311.025, 13.170,  1.178
 12720,  9.633, 34.077, 315.989, 13.916,  1.306
 12780,  9.411, 33.780, 308.936, 14.112,  1.170
 12840,  9.278, 32.603, 297.010, 13.456,  1.274
 12900,  8.775, 30.641, 285.097, 15.146,  1.326
 12960,  8.489, 30.135, 269.580, 14.010,  1.366
 13020,  8.610, 30.741, 270.340, 13.436,  1.269
 13080,  7.488, 26.087, 232.614, 12.316,  1.275
 13140,  7.765, 26.267, 229.256, 13.057,  1.314
 13200,  7.070, 23.397, 204.197, 13.341,  1.463
 13260,  7.687, 25.526, 204.923, 13.189,  1.394
 13320,  6.629, 18.868, 151.356, 12.431,  1.117
 13380,  6.479, 20.575, 154.521, 12.724,  1.241
 13440,  6.151, 19.085, 145.544, 12.674,  1.385
 13500,  6.223, 19.850, 150.299, 12.571,  1.460
 13560,  6.269, 19.797, 146.648, 12.382,  1.604
 13620,  6.436, 20.581, 148.922, 12.639,  1.652
 13680,  6.241, 19.557, 145.750, 11.949,  1.696
 13740,  5.913, 18.128, 136.607, 11.681,  1.825
 13800,  7.099, 22.458, 156.000, 11.968,  1.873
 13860,  7.299, 22.425, 168.265, 12.153,  1.580
 13920,  6.153, 18.727, 142.346, 10.493,  1.548
 13980,  6.722, 21.200, 143.374, 11.329,  1.626
 14040,  6.765, 20.748, 149.613, 11.380,  1.692
 14100,  7.210, 22.677, 165.924, 12.088,  1.507
 14160,  7.570, 23.482, 178.382, 12.233,  1.441
 14220,  7.591, 24.101, 181.270, 12.709,  1.563
 14280,  7.567, 22.769, 181.539, 12.805,  1.482
 14340,  7.290, 23.334, 186.242, 12.798,  1.459
 14400,  7.129, 22.518, 179.161, 12.901,  1.519
 14460,  7.177, 21.647, 178.731, 13.119,  1.621
 14520,  7.108, 21.422, 177.937, 13.020,  1.550
 14580,  7.111, 20.962, 169.254, 12.918,  1.644
 14640,  6.708, 19.807, 160.775, 12.725,  1.677
 14700,  6.824, 20.470, 164.202, 12.513,  1.743
 14760,  6.854, 20.564, 164.580, 12.841,  1.874
 14820,  6.899, 20.823, 164.689, 12.376,  2.104
 14880,  6.874, 20.429, 161.633, 12.484,  1.904
 14940,  6.827, 20.261, 160.315, 12.341,  2.087
 15000,  6.635, 19.604, 157.081, 12.973,  2.021
 15060,  6.403, 18.611, 151.542, 12.921,  1.843
 15120,  6.512, 18.277, 150.080, 13.250,  1.894
 15180,  6.214, 17.440, 135.362, 12.324,  1.886
 15240,  6.167, 17.580, 136.493, 12.508,  1.851
 15300,  6.327, 17.638, 133.647, 12.735,  1.900
 15360,  6.258, 17.074, 135.756, 12.555,  1.855
 15420,  6.453, 17.734, 135.110, 12.792,  1.820
 15480,  6.272, 17.688, 136.066, 12.525,  1.942
 15540,  6.254, 17.386, 134.074, 12.173,  1.801
 15600,  6.200, 16.819, 134.627, 12.220,  1.796
 15660,  6.037, 16.298, 127.160, 11.739,  1.723
 15720,  6.018, 16.123, 128.117, 11.784,  1.741
 15780,  5.751, 15.462, 119.922, 10.818,  1.625
 15840,  5.667, 14.820, 114.310, 11.052,  1.540
 15900,  5.525, 14.179, 112.532, 10.566,  1.796
 15960,  5.380, 13.578, 107.174, 10.968,  1.684
 16020,  5.386, 13.686, 104.334, 11.356,  1.510
 16080,  5.511, 13.789, 106.241, 11.439,  1.606
 16140,  5.552, 14.528, 107.495, 11.318,  1.487
 16200,  5.668, 14.502, 112.721, 11.575,  1.678
 16260,  5.914, 15.240, 114.571, 12.335,  1.702
 16320,  5.871, 15.206, 114.484, 11.740,  1.569
 16380,  5.757, 15.236, 114.789, 11.480,  1.586
 16440,  5.708, 14.536, 112.773, 11.581,  1.511
 16500,  5.836, 15.203, 117.882, 11.890,  1.658
 16560,  5.786, 14.642, 115.573, 11.819,  1.584
 16620,  5.761, 14.460, 117.468, 12.163,  1.639
 16680,  5.692, 14.430, 116.411, 12.122,  1.678
 16740,  5.746, 13.975, 114.145, 11.644,  1.561
 16800,  5.633, 13.969, 111.075, 11.959,  1.551
 16860,  5.698, 13.455, 110.379, 12.040,  1.537
 16920,  5.765, 14.168, 112.128, 12.474,  1.656
 16980, -9999.000, -9999.000, -9999.000, -9999.000, -9999.000
 17040,  5.770, 15.234, 98.896, 12.816,  1.598
 17100,  6.250, 15.496, 108.941, 14.110,  1.721
 17160,  6.224, 15.883, 114.345, 13.674,  1.699
 17220,  6.240, 15.438, 116.367, 13.714,  1.723
 17280,  6.199, 15.294, 118.628, 13.909,  1.887
 17340,  6.226, 15.039, 118.053, 14.187,  1.637
 17400,  6.180, 15.291, 119.457, 14.352,  1.688
 17460,  6.206, 15.496, 114.160, 13.771,  1.763
 17520,  6.148, 15.538, 117.665, 13.959,  1.766
 17580,  6.150, 14.766, 115.516, 14.248,  1.790
 17640,  6.037, 14.863, 112.275, 14.140,  1.681
 17700,  6.133, 15.555, 117.832, 14.120,  1.840
 17760,  6.127, 15.064, 116.842, 14.733,  1.816
 17820,  6.011, 14.954, 114.491, 14.108,  1.772
 17880,  5.905, 14.678, 114.157, 14.153,  1.800
 17940,  5.944, 14.566, 113.923, 13.832,  1.776
 18000,  5.873, 14.558, 111.441, 13.473,  1.815
 18060,  5.905, 14.218, 110.948, 13.467,  1.662
 18120,  5.837, 14.288, 106.372, 13.388,  1.686
 18180,  5.865, 14.290, 108.319, 13.124,  1.807
 18240,  5.738, 14.124, 108.773, 13.080,  1.704
 18300,  5.736, 13.357, 106.230, 13.432,  1.755
 18360,  5.629, 13.479, 104.923, 13.070,  1.738
 18420,  5.574, 13.421, 103.529, 13.226,  1.758
 18480,  5.740, 13.928, 104.788, 12.881,  1.692
 18540,  5.620, 13.356, 101.285, 13.154,  1.759
 18600,  5.610, 13.076, 99.184, 12.827,  1.817
 18660,  5.732, 13.361, 100.886, 12.631,  1.732
 18720,  5.631, 13.465, 99.474, 12.286,  1.721
 18780,  5.478, 13.006, 99.493, 12.143,  1.828
 18840, -9999.000, -9999.000, -9999.000, -9999.000, -9999.000
 18900,  5.290, 12.075, 89.146, 11.525,  1.497
 18960,  5.111, 11.730, 87.474, 11.624,  1.608
 19020,  5.160, 11.777, 87.772, 11.463,  1.546
 19080,  5.036, 11.554, 86.745, 11.623,  1.713
 19140,  4.897, 10.898, 84.595, 11.069,  1.581
 19200,  4.804, 10.882, 82.649, 11.415,  1.692
 19260,  4.843, 10.580, 84.734, 10.902,  1.599
 19320,  4.825, 10.778, 84.577, 10.886,  1.615
 19380,  4.811, 10.990, 86.133, 10.912,  1.692
 19440,  4.886, 10.564, 84.124, 11.066,  1.732
 19500,  4.749, 10.409, 84.090, 11.071,  1.779
 19560,  4.681, 10.015, 80.417, 10.562,  1.693
 19620,  4.688, 10.025, 78.345, 10.231,  1.506
 19680,  4.630, 10.156, 80.808, 10.591,  1.648
 19740,  4.557,  9.965, 80.872, 10.269,  1.664
 19800,  4.570,  9.569, 80.521, 10.394,  1.656
 19860,  4.499,  9.423, 79.991, 10.455,  1.713
