CampaignData_and_Merges/R0/CSL_MobileLab_Parked/raw/20240725/USOS-MetNav_MobileLabGround_20240725_R0.ict
44, 1001
Carrie Womack, Nate Howard, Mike Zucker
NOAA Chemical Sciences Laboratory
Mobile Lab MetNav Station
USOS
1, 1
2024, 07, 25, 2024, 12, 21
60
Time_Start, seconds_past_midnight, Seconds from midnight UTC
11
1, 1, 1, 1, 1, 1, 1, 1, 1, 1, 1
-9999, -9999, -9999, -9999, -9999, -9999, -9999, -9999, -9999, -9999, -9999
GPS_Alt_m, meters, Altitude from Differential GPS
GPS_Course_deg, degrees, Course from Differential GPS
GPS_GndSpd_m_s, m/s, Ground Speed from Differential GPS
GPS_Heading_deg, degrees, Heading from Differential GPS
GPS_Lat_deg, degrees, Latitude from Differential GPS
GPS_Lon_deg, degrees, Longitude from Differential GPS
AirTemp_C, Celsius, Air Temperature from Airmar
RelHumidity_pct, percent, Relative Humidity from Airmar
Pressure_mb, millibars, Pressure from Honeywell
WindDir_calc_deg, degrees, Wind Direction from Airmar corrected for van movement
WindSpd_calc_m_s, m/s, Wind Speed from Airmar corrected for van movement
1
SPECIAL COMMENTS:
18
PI_CONTACT_INFO: Address: 325 Broadway R/CSL7, Boulder, CO, 80305
PLATFORM: CSL Mobile Lab
LOCATION: Salt Lake City, UT
ASSOCIATED_DATA: N/A
INSTRUMENT_INFO: N/A
DATA_INFO: Units:
UNCERTAINTY: N/A
ULOD_FLAG: -7777
ULOD_VALUE: N/A
LLOD_FLAG: -8888
LLOD_VALUE: N/A
DM_CONTACT_INFO: Data Manager: Nate Howard
PROJECT_INFO: 
STIPULATIONS_ON_USE: Use of these data require prior ok from PI.
OTHER_COMMENTS: 
REVISION: R0
R0: Final data. Fixed bug in wind averaging code. RA: Preliminary Data. For in-field use only. 
Time_Start, GPS_Alt_m, GPS_Course_deg, GPS_GndSpd_m_s, GPS_Heading_deg, GPS_Lat_deg, GPS_Lon_deg, AirTemp_C, RelHumidity_pct, Pressure_mb, WindDir_calc_deg, WindSpd_calc_m_s
[from data line 1015]
60900.0,1308.8,1.13,0.04,1.13,40.73434,-111.87211,27.1,39.5,881.9,111.36,1.4
60960.0,1308.6,0.66,0.05,0.66,40.73434,-111.87211,27.2,40.0,881.9,136.27,3.1
61020.0,1308.4,0.47,0.04,0.47,40.73434,-111.87211,27.2,39.8,881.9,116.14,2.6
61080.0,1308.5,0.69,0.05,0.69,40.73434,-111.87211,27.2,40.1,882.0,115.76,2.6
61140.0,1308.5,1.10,0.05,1.10,40.73434,-111.87211,27.3,39.7,882.0,113.06,2.4
61200.0,1308.6,1.25,0.05,1.25,40.73434,-111.87211,27.4,39.3,882.0,126.25,2.7
61260.0,1308.7,1.15,0.04,1.15,40.73434,-111.87211,27.4,39.3,882.0,125.22,2.5
61320.0,1308.5,1.07,0.05,1.07,40.73434,-111.87211,27.7,39.2,882.0,125.24,1.8
61380.0,1308.5,0.94,0.04,0.94,40.73434,-111.87211,27.9,40.0,882.0,130.10,2.5
61440.0,1308.6,0.55,0.04,0.55,40.73434,-111.87211,28.2,39.3,882.0,145.58,2.5
61500.0,1308.6,359.83,0.05,359.83,40.73434,-111.87211,28.5,38.3,882.0,154.07,1.9
61560.0,1308.5,359.91,0.04,359.91,40.73434,-111.87211,28.8,37.9,882.0,159.66,2.2
61620.0,1308.6,0.17,0.04,0.17,40.73434,-111.87211,29.1,38.3,882.0,140.07,2.2
61680.0,1308.6,0.43,0.05,0.43,40.73434,-111.87210,29.5,36.5,882.0,159.58,0.7
61740.0,1308.7,0.45,0.05,0.45,40.73434,-111.87210,29.6,36.2,882.0,131.06,2.2
61800.0,1308.5,0.26,0.05,0.26,40.73434,-111.87210,29.8,35.0,882.0,148.19,2.8
61860.0,1308.5,0.37,0.04,0.37,40.73434,-111.87210,29.8,35.1,882.0,129.81,1.9
61920.0,1308.5,0.03,0.05,0.03,40.73434,-111.87210,29.9,35.3,882.0,141.07,2.3
61980.0,1308.0,359.69,0.05,359.69,40.73434,-111.87210,30.1,34.3,882.0,150.14,1.7
62040.0,1307.6,359.71,0.06,359.71,40.73434,-111.87210,30.3,34.2,882.0,161.82,1.5
62100.0,1307.8,359.82,0.05,359.82,40.73434,-111.87210,30.4,34.4,881.9,148.02,2.3
62160.0,1308.3,359.82,0.04,359.82,40.73434,-111.87210,30.7,33.6,881.9,186.04,0.8
62220.0,1308.2,359.83,0.04,359.83,40.73434,-111.87210,30.8,33.2,881.9,168.30,1.9
62280.0,1307.8,359.77,0.04,359.77,40.73434,-111.87210,30.8,33.4,881.9,132.02,2.4
62340.0,1307.6,359.68,0.05,359.68,40.73433,-111.87210,30.8,32.8,881.9,138.19,1.5
62400.0,1308.0,359.47,0.05,359.47,40.73434,-111.87211,30.7,32.8,881.9,95.60,1.3
62460.0,1308.0,359.44,0.04,359.44,40.73434,-111.87211,30.7,32.1,881.9,104.07,1.2
62520.0,1307.7,358.66,0.04,358.66,40.73433,-111.87211,30.9,31.5,881.9,122.07,0.9
62580.0,1307.2,358.49,0.05,358.49,40.73433,-111.87211,31.1,31.4,881.9,115.93,1.1
62640.0,1307.3,358.86,0.04,358.86,40.73433,-111.87211,31.5,31.3,881.9,143.54,0.9
62700.0,1307.7,358.86,0.04,358.86,40.73433,-111.87211,31.5,31.9,881.9,111.37,1.9
62760.0,1308.0,359.10,0.05,359.10,40.73433,-111.87211,31.7,30.6,881.9,127.02,1.4
62820.0,1307.7,358.72,0.05,358.72,40.73433,-111.87211,32.0,29.9,881.8,147.30,0.9
62880.0,1308.0,358.93,0.04,358.93,40.73433,-111.87211,32.2,29.7,881.9,100.67,1.0
62940.0,1308.0,358.52,0.05,358.52,40.73433,-111.87211,32.1,28.3,881.8,114.94,1.3
63000.0,1308.0,358.81,0.04,358.81,40.73433,-111.87211,32.1,28.6,881.8,113.28,1.3
63060.0,1308.0,359.30,0.05,359.30,40.73434,-111.87211,32.1,27.9,881.8,122.61,2.0
63120.0,1308.1,359.76,0.06,359.76,40.73434,-111.87211,32.0,28.2,881.8,127.72,2.4
63180.0,1308.0,0.05,0.05,0.05,40.73434,-111.87211,31.9,27.9,881.8,133.92,2.8
63240.0,1307.9,359.58,0.05,359.58,40.73434,-111.87211,31.7,28.3,881.8,121.20,2.6
63300.0,1308.1,359.59,0.05,359.59,40.73434,-111.87211,31.8,28.8,881.8,122.89,1.6
63360.0,1308.1,359.74,0.05,359.74,40.73434,-111.87211,32.2,27.7,881.8,158.56,1.2
63420.0,1308.2,359.74,0.04,359.74,40.73434,-111.87211,32.5,27.0,881.8,108.79,0.7
63480.0,1308.2,359.75,0.05,359.75,40.73434,-111.87211,32.8,26.4,881.8,146.96,1.5
63540.0,1308.2,359.49,0.05,359.49,40.73434,-111.87211,32.8,27.2,881.7,127.91,2.1
63600.0,1308.3,359.09,0.04,359.09,40.73434,-111.87211,32.9,28.0,881.7,123.98,1.5
63660.0,1308.3,359.20,0.04,359.20,40.73434,-111.87211,33.1,27.1,881.7,101.60,0.8
63720.0,1308.2,359.61,0.05,359.61,40.73434,-111.87211,33.3,26.6,881.7,91.35,0.7
63780.0,1308.3,359.20,0.05,359.20,40.73434,-111.87211,33.4,26.5,881.7,106.39,1.1
63840.0,1308.2,359.08,0.05,359.08,40.73434,-111.87211,33.4,25.9,881.7,101.17,1.3
63900.0,1308.0,359.59,0.05,359.59,40.73434,-111.87211,33.6,26.2,881.7,121.78,1.4
63960.0,1308.1,359.93,0.04,359.93,40.73434,-111.87211,33.8,25.6,881.7,127.73,0.6
64020.0,1308.2,359.63,0.05,359.63,40.73434,-111.87211,34.1,23.9,881.7,165.34,0.7
64080.0,1308.2,359.70,0.05,359.70,40.73434,-111.87211,34.4,23.1,881.7,179.97,0.9
64140.0,1308.3,359.79,0.05,359.79,40.73434,-111.87211,34.7,22.9,881.7,159.08,0.9
64200.0,1308.3,0.09,0.05,0.09,40.73434,-111.87211,34.8,23.2,881.7,174.07,1.0
64260.0,1308.3,0.19,0.05,0.19,40.73434,-111.87211,35.0,23.3,881.6,130.54,0.9
64320.0,1308.4,0.20,0.05,0.20,40.73434,-111.87211,34.9,23.2,881.6,130.89,2.1
64380.0,1308.4,0.14,0.05,0.14,40.73434,-111.87211,35.0,23.6,881.6,118.65,1.1
64440.0,1308.3,359.84,0.04,359.84,40.73434,-111.87211,34.9,23.3,881.6,129.69,1.5
64500.0,1308.4,359.80,0.06,359.80,40.73434,-111.87211,35.0,22.9,881.6,149.00,1.1
64560.0,1308.6,359.56,0.04,359.56,40.73434,-111.87211,35.0,23.2,881.6,156.26,2.2
64620.0,1308.7,359.52,0.05,359.52,40.73434,-111.87211,34.9,23.8,881.6,148.81,2.8
64680.0,1308.7,359.59,0.05,359.59,40.73434,-111.87211,34.6,24.6,881.6,137.51,2.6
64740.0,1308.8,359.93,0.05,359.93,40.73434,-111.87211,34.4,23.8,881.6,156.84,2.6
64800.0,1308.8,0.32,0.05,0.32,40.73434,-111.87211,34.5,23.7,881.6,178.50,1.9
64860.0,1308.8,0.46,0.05,0.46,40.73434,-111.87211,34.6,23.8,881.6,175.58,1.5
64920.0,1308.9,0.24,0.05,0.24,40.73434,-111.87211,34.7,23.9,881.6,173.70,1.0
64980.0,1309.0,359.96,0.05,359.96,40.73434,-111.87211,34.8,23.6,881.5,121.14,0.7
65040.0,1308.9,359.89,0.05,359.89,40.73434,-111.87211,34.8,23.1,881.5,125.05,1.5
65100.0,1308.7,359.82,0.05,359.82,40.73434,-111.87211,34.9,22.9,881.5,141.08,1.3
65160.0,1308.7,359.56,0.04,359.56,40.73434,-111.87211,34.7,23.0,881.5,99.20,1.0
65220.0,1308.7,359.89,0.05,359.89,40.73434,-111.87211,34.5,23.1,881.5,78.86,0.5
65280.0,1308.7,359.67,0.04,359.67,40.73434,-111.87211,34.2,23.4,881.4,49.78,0.7
65340.0,1308.8,359.36,0.05,359.36,40.73434,-111.87211,34.0,22.8,881.4,35.53,0.5
65400.0,1308.8,359.42,0.05,359.42,40.73434,-111.87211,33.8,23.0,881.4,40.12,0.7
65460.0,1308.7,359.05,0.06,359.05,40.73434,-111.87211,33.8,22.5,881.4,32.50,0.4
65520.0,1308.6,359.14,0.05,359.14,40.73434,-111.87210,33.7,22.2,881.4,32.65,0.3
65580.0,1308.8,359.14,0.05,359.14,40.73434,-111.87210,34.0,21.9,881.4,107.70,0.9
65640.0,1308.8,359.39,0.04,359.39,40.73434,-111.87210,34.2,22.5,881.4,93.65,0.9
65700.0,1308.6,359.62,0.04,359.62,40.73434,-111.87211,34.2,23.1,881.4,87.18,0.9
65760.0,1308.4,0.27,0.05,0.27,40.73434,-111.87211,34.5,22.2,881.4,120.60,0.8
65820.0,1308.4,0.21,0.04,0.21,40.73434,-111.87211,34.6,21.7,881.4,167.28,2.0
65880.0,1308.4,0.00,0.04,0.00,40.73434,-111.87211,34.4,22.1,881.4,124.42,2.4
65940.0,1308.5,0.11,0.04,0.11,40.73434,-111.87211,34.3,23.1,881.4,137.21,2.3
66000.0,1308.4,359.74,0.04,359.74,40.73434,-111.87211,34.2,22.8,881.4,140.77,2.6
66060.0,1308.2,359.73,0.05,359.73,40.73434,-111.87211,34.2,22.9,881.4,132.83,1.9
66120.0,1308.2,359.28,0.05,359.28,40.73434,-111.87211,34.3,22.8,881.3,128.50,1.4
66180.0,1308.2,359.55,0.05,359.55,40.73434,-111.87211,34.5,23.8,881.3,139.08,1.5
66240.0,1308.0,359.61,0.04,359.61,40.73434,-111.87211,34.6,22.9,881.3,177.33,1.5
66300.0,1307.9,359.58,0.05,359.58,40.73434,-111.87211,34.8,22.5,881.3,162.57,0.7
66360.0,1307.9,359.57,0.04,359.57,40.73434,-111.87211,34.8,22.4,881.4,180.66,2.4
66420.0,1307.9,359.95,0.05,359.95,40.73434,-111.87211,34.8,22.8,881.3,152.16,2.0
66480.0,1307.8,359.11,0.05,359.11,40.73434,-111.87211,34.5,23.4,881.3,151.77,3.3
66540.0,1308.0,359.38,0.06,359.38,40.73434,-111.87211,34.4,23.5,881.3,137.19,1.9
66600.0,1308.1,359.41,0.05,359.41,40.73434,-111.87211,34.3,24.8,881.3,135.39,1.9
66660.0,1308.1,359.36,0.04,359.36,40.73434,-111.87211,34.3,23.5,881.3,167.86,1.6
66720.0,1308.1,359.18,0.04,359.18,40.73434,-111.87211,34.5,23.1,881.3,173.11,1.1
66780.0,1308.0,359.37,0.04,359.37,40.73434,-111.87211,34.7,22.9,881.3,176.73,0.8
66840.0,1308.1,359.22,0.04,359.22,40.73434,-111.87211,34.8,22.8,881.3,164.85,2.0
66900.0,1308.1,359.09,0.05,359.09,40.73434,-111.87211,34.9,22.5,881.3,189.91,1.3
66960.0,1308.1,358.86,0.04,358.86,40.73434,-111.87211,35.0,22.0,881.3,190.00,1.5
67020.0,1308.2,358.57,0.04,358.57,40.73434,-111.87211,35.1,21.7,881.3,163.80,0.9
67080.0,1308.4,358.84,0.04,358.84,40.73434,-111.87211,35.2,21.5,881.3,151.28,1.2
67140.0,1308.5,359.39,0.05,359.39,40.73434,-111.87211,35.2,21.4,881.3,166.62,2.0
67200.0,1308.4,359.58,0.04,359.58,40.73434,-111.87211,35.1,22.0,881.3,160.86,2.4
67260.0,1308.4,359.80,0.04,359.80,40.73434,-111.87211,35.2,22.3,881.3,132.71,1.4
67320.0,1308.6,359.61,0.04,359.61,40.73434,-111.87211,35.0,22.6,881.3,112.65,1.5
67380.0,1308.7,359.53,0.04,359.53,40.73434,-111.87211,34.7,23.3,881.3,100.47,1.3
67440.0,1308.8,359.56,0.05,359.56,40.73434,-111.87211,34.8,22.4,881.3,145.25,1.3
67500.0,1308.8,359.82,0.04,359.82,40.73434,-111.87211,34.9,22.2,881.3,148.28,1.2
67560.0,1308.8,0.03,0.05,0.03,40.73434,-111.87211,35.0,21.4,881.3,183.57,2.1
67620.0,1308.8,359.89,0.04,359.89,40.73434,-111.87211,35.1,21.6,881.3,165.62,0.9
67680.0,1308.8,359.53,0.05,359.53,40.73434,-111.87211,35.2,21.3,881.3,164.03,0.8
67740.0,1308.9,359.72,0.04,359.72,40.73434,-111.87211,35.3,20.7,881.3,125.42,1.0
67800.0,1309.1,359.19,0.05,359.19,40.73434,-111.87211,35.3,20.9,881.2,113.72,1.3
67860.0,1309.2,358.63,0.05,358.63,40.73434,-111.87211,35.3,22.0,881.2,96.60,1.0
67920.0,1309.2,359.09,0.05,359.09,40.73434,-111.87211,35.0,22.4,881.2,103.10,1.7
67980.0,1309.1,359.56,0.05,359.56,40.73434,-111.87211,34.8,22.2,881.2,103.49,1.4
68040.0,1309.1,359.89,0.05,359.89,40.73435,-111.87211,35.0,21.2,881.2,137.53,1.5
68100.0,1309.1,359.98,0.05,359.98,40.73434,-111.87211,35.1,21.0,881.2,150.20,0.8
68160.0,1309.3,0.08,0.04,0.08,40.73434,-111.87211,35.2,21.0,881.2,151.77,1.4
68220.0,1309.3,359.89,0.05,359.89,40.73434,-111.87211,35.5,20.1,881.2,151.75,0.7
68280.0,1309.3,359.97,0.04,359.97,40.73435,-111.87211,35.8,20.0,881.2,129.99,0.7
68340.0,1309.3,0.19,0.05,0.19,40.73434,-111.87211,36.0,19.8,881.2,144.39,0.6
68400.0,1309.5,0.15,0.05,0.15,40.73434,-111.87211,36.1,19.6,881.2,135.63,0.8
68460.0,1309.4,0.35,0.04,0.35,40.73434,-111.87211,36.3,19.7,881.2,118.66,0.8
68520.0,1309.3,0.86,0.05,0.86,40.73435,-111.87211,36.4,19.4,881.2,173.63,1.6
68580.0,1309.4,0.71,0.05,0.71,40.73434,-111.87211,36.3,20.0,881.2,158.72,2.3
68640.0,1309.5,0.44,0.05,0.44,40.73434,-111.87211,36.2,20.9,881.2,149.92,2.4
68700.0,1309.5,0.52,0.05,0.52,40.73434,-111.87211,35.9,21.1,881.2,124.36,2.2
68760.0,1309.5,0.71,0.04,0.71,40.73434,-111.87211,35.3,21.5,881.2,99.50,1.7
68820.0,1309.6,0.53,0.04,0.53,40.73434,-111.87211,35.3,21.6,881.2,153.93,1.4
68880.0,1309.6,0.40,0.04,0.40,40.73434,-111.87211,35.5,20.9,881.2,135.46,0.7
68940.0,1309.5,0.02,0.05,0.02,40.73435,-111.87211,35.7,20.5,881.2,119.25,0.8
69000.0,1309.4,0.05,0.04,0.05,40.73435,-111.87211,35.6,21.0,881.1,113.96,1.8
69060.0,1309.5,0.34,0.05,0.34,40.73434,-111.87211,35.4,21.2,881.1,110.62,1.5
69120.0,1309.6,0.13,0.05,0.13,40.73434,-111.87211,35.6,21.1,881.1,114.42,1.2
69180.0,1309.9,0.27,0.05,0.27,40.73434,-111.87211,35.4,21.2,881.1,108.90,1.2
69240.0,1310.0,0.34,0.04,0.34,40.73434,-111.87211,35.3,21.1,881.1,104.03,1.2
69300.0,1310.0,0.05,0.06,0.05,40.73434,-111.87211,35.5,21.6,881.1,102.62,0.8
69360.0,1309.9,359.75,0.05,359.75,40.73434,-111.87210,35.6,20.4,881.1,262.25,0.5
69420.0,1309.6,359.96,0.05,359.96,40.73434,-111.87210,35.7,20.2,881.1,109.52,1.1
69480.0,1310.0,0.43,0.05,0.43,40.73434,-111.87210,35.5,20.9,881.1,105.36,1.5
69540.0,1310.7,359.87,0.05,359.87,40.73434,-111.87210,35.5,21.3,881.1,91.12,0.9
69600.0,1310.8,359.39,0.05,359.39,40.73434,-111.87210,35.6,20.7,881.0,98.73,1.0
69660.0,1310.6,358.79,0.05,358.79,40.73434,-111.87210,35.7,21.3,881.0,88.04,1.0
69720.0,1310.4,358.32,0.04,358.32,40.73434,-111.87210,35.9,21.3,881.0,71.28,0.8
69780.0,1309.7,358.82,0.05,358.82,40.73434,-111.87211,36.0,20.6,881.0,64.84,0.6
69840.0,1309.5,359.01,0.05,359.01,40.73434,-111.87211,36.0,20.3,881.0,80.17,0.9
69900.0,1309.5,359.32,0.04,359.32,40.73434,-111.87211,36.0,20.2,881.0,69.97,0.5
69960.0,1309.2,359.14,0.05,359.14,40.73434,-111.87211,36.2,19.9,881.0,106.15,1.1
70020.0,1309.0,359.21,0.05,359.21,40.73434,-111.87211,36.4,19.3,880.9,123.07,0.6
70080.0,1308.8,359.05,0.05,359.05,40.73434,-111.87211,36.7,19.1,880.9,134.38,1.1
70140.0,1308.8,358.94,0.05,358.94,40.73434,-111.87211,36.8,19.5,880.9,115.83,1.4
70200.0,1308.7,359.20,0.04,359.20,40.73434,-111.87211,37.0,19.7,880.9,109.98,0.5
70260.0,1308.7,359.33,0.05,359.33,40.73435,-111.87211,37.1,19.2,880.9,224.28,0.5
70320.0,1308.8,359.25,0.04,359.25,40.73435,-111.87211,37.0,19.5,880.9,80.22,0.6
70380.0,1309.0,359.31,0.04,359.31,40.73435,-111.87211,37.0,20.0,880.9,88.26,0.6
70440.0,1309.1,359.63,0.05,359.63,40.73435,-111.87211,37.0,19.4,880.8,115.76,0.6
70500.0,1309.2,359.42,0.05,359.42,40.73435,-111.87211,36.9,19.9,880.8,109.60,1.2
70560.0,1309.1,359.11,0.05,359.11,40.73435,-111.87211,36.9,19.5,880.8,140.66,1.4
70620.0,1309.1,359.36,0.05,359.36,40.73435,-111.87211,36.8,19.6,880.8,124.26,1.8
70680.0,1309.1,359.66,0.04,359.66,40.73435,-111.87211,36.7,19.8,880.8,120.00,1.3
70740.0,1309.2,359.45,0.05,359.45,40.73435,-111.87211,36.7,19.8,880.8,177.86,0.3
70800.0,1309.3,359.48,0.04,359.48,40.73435,-111.87211,36.9,19.7,880.8,219.79,0.5
70860.0,1309.4,359.68,0.04,359.68,40.73435,-111.87211,37.0,19.5,880.8,222.74,0.7
70920.0,1309.3,359.43,0.05,359.43,40.73435,-111.87210,37.1,19.4,880.8,156.44,0.6
70980.0,1309.2,359.55,0.05,359.55,40.73435,-111.87210,37.3,19.5,880.7,134.44,0.6
71040.0,1308.7,359.76,0.05,359.76,40.73435,-111.87211,37.3,19.8,880.7,232.09,0.5
71100.0,1308.6,359.90,0.05,359.90,40.73435,-111.87211,37.4,19.6,880.7,234.78,0.4
71160.0,1308.5,359.87,0.06,359.87,40.73435,-111.87211,37.5,19.6,880.7,127.04,0.2
71220.0,1308.5,0.31,0.05,0.31,40.73435,-111.87211,37.6,19.5,880.6,196.05,0.7
71280.0,1308.5,0.46,0.05,0.46,40.73435,-111.87210,37.7,19.5,880.6,192.55,0.4
71340.0,1308.5,0.21,0.04,0.21,40.73435,-111.87210,37.7,19.8,880.6,131.01,0.6
71400.0,1308.5,359.95,0.05,359.95,40.73435,-111.87210,37.7,20.2,880.6,42.75,0.4
71460.0,1308.5,0.12,0.05,0.12,40.73435,-111.87210,37.6,19.8,880.6,146.20,0.2
71520.0,1308.4,0.01,0.04,0.01,40.73435,-111.87210,37.7,19.4,880.6,138.75,0.3
71580.0,1308.3,0.12,0.05,0.12,40.73435,-111.87210,37.8,19.0,880.6,131.42,0.4
71640.0,1308.3,0.10,0.05,0.10,40.73434,-111.87210,37.9,18.9,880.6,140.08,0.3
71700.0,1308.3,359.88,0.04,359.88,40.73434,-111.87210,38.0,18.9,880.6,141.75,0.4
71760.0,1308.3,359.74,0.05,359.74,40.73434,-111.87210,38.1,18.9,880.6,117.72,0.7
71820.0,1308.2,359.88,0.05,359.88,40.73434,-111.87210,38.0,18.7,880.6,122.76,0.7
71880.0,1308.1,0.23,0.05,0.23,40.73434,-111.87210,38.1,18.7,880.6,118.23,0.7
71940.0,1308.1,0.17,0.05,0.17,40.73434,-111.87210,38.0,18.6,880.6,163.58,2.0
72000.0,1308.1,0.36,0.05,0.36,40.73434,-111.87210,37.9,19.3,880.6,154.22,2.4
72060.0,1308.1,0.03,0.05,0.03,40.73434,-111.87210,37.9,19.5,880.5,151.47,1.8
72120.0,1307.9,359.84,0.04,359.84,40.73434,-111.87210,37.8,20.5,880.5,147.49,1.9
72180.0,1307.8,359.28,0.05,359.28,40.73434,-111.87210,37.7,20.5,880.5,139.78,2.0
72240.0,1307.7,359.41,0.05,359.41,40.73434,-111.87210,37.6,21.0,880.5,126.21,1.9
72300.0,1307.6,359.25,0.05,359.25,40.73434,-111.87210,37.5,21.0,880.5,139.05,2.3
72360.0,1307.6,359.17,0.05,359.17,40.73434,-111.87210,36.9,20.8,880.5,128.03,2.6
72420.0,1307.6,359.62,0.04,359.62,40.73434,-111.87210,37.0,20.8,880.5,159.35,1.7
72480.0,1307.5,0.11,0.05,0.11,40.73434,-111.87210,37.2,20.5,880.5,168.01,0.9
72540.0,1307.4,359.98,0.05,359.98,40.73434,-111.87210,37.2,20.5,880.4,157.55,1.6
72600.0,1307.5,359.66,0.04,359.66,40.73434,-111.87210,37.0,21.5,880.4,118.19,1.7
72660.0,1307.5,359.43,0.04,359.43,40.73434,-111.87210,36.7,21.5,880.4,118.86,2.1
72720.0,1307.4,359.65,0.05,359.65,40.73434,-111.87210,36.7,21.8,880.4,136.04,1.8
72780.0,1307.5,0.07,0.05,0.07,40.73434,-111.87210,36.8,20.8,880.4,168.52,1.2
72840.0,1307.5,0.04,0.05,0.04,40.73434,-111.87210,36.9,20.7,880.4,113.00,1.1
