CampaignData_and_Merges/R0/CSL_MobileLab_Parked/raw/20240725/USOS-NOAAIodideCIMS-OrgNitrs_MobileLabGround_20240725_RA.ict
37, 1001
Michael A Robinson, Chris Jernigan, Subi Thakali
NOAA ESRL Chemical Sciences Laboratory and CIRES, U. of Colorado
NOAA Iodide CIMS Instrument
USOS
1, 1
2024, 07, 25, 2024, 07, 26
1
starttime_UTC, seconds_past_midnight, seconds_of_day_since_00:00:00_UTC
5
1, 1, 1, 1, 1
-9999, -9999, -9999, -9999, -9999
C4H7NO5_NOAACIMS, pptv, Gas_C4H7NO5_InSitu_S_AVMR, 
ISOPN_NOAACIMS, pptv, Gas_ISOPN_InSitu_S_AVMR, 
C5H10O3_NOAACIMS, pptv, Gas_C5H10O3_InSitu_S_AVMR, 
C5H9NO5_NOAACIMS, pptv, Gas_C5H9NO5_InSitu_S_AVMR, 
C10H17NO4_NOAACIMS, pptv, Gas_C10H17NO4_InSitu_S_AVMR, 
0
18
PI_CONTACT_INFO: 325 Broadway, R/CSD 7, Boulder, Colorado 80305; michael.a.robinson@noaa.gov; chris.jernigan@noaa.gov;
PLATFORM: NOAA CSL Mobile Lab
LOCATION: SLC, Utah
ASSOCIATED_DATA: 1Hz data also available on request.
INSTRUMENT_INFO: NOAA I- ToF CIMS
DATA_INFO: All data in parts per trillion by volume (pptv). 1 Hz data is available upon request.
UNCERTAINTY: TBD
ULOD_FLAG: -7777
ULOD_VALUE: N/A
LLOD_FLAG: -8888
LLOD_VALUE: N/A
DM_CONTACT_INFO: Nathan Howard; nathan.h.howard@noaa.gov
PROJECT_INFO: USOS, summer 2024. https://csl.noaa.gov/groups/csl7/measurements/2024usos/
STIPULATIONS_ON_USE: Users are strongly encouraged to contact the PI for proper data usage.
OTHER_COMMENTS: 
REVISION: RA
RA: Preliminary Data; For in-field use only
starttime_UTC, C4H7NO5_NOAACIMS, ISOPN_NOAACIMS, C5H10O3_NOAACIMS, C5H9NO5_NOAACIMS, C10H17NO4_NOAACIMS
[from data line 1010]
 60600,  4.212, 19.441, 47.695,  7.499,  1.120
 60660,  3.997, 17.908, 47.501,  7.262,  1.163
 60720,  3.993, 18.221, 46.102,  6.952,  1.133
 60780,  3.989, 18.544, 47.686,  7.182,  1.204
 60840,  4.133, 19.518, 46.644,  7.292,  1.155
 60900,  4.267, 21.022, 46.622,  7.339,  1.127
 60960,  4.782, 24.996, 49.788,  7.700,  1.318
 61020,  5.474, 28.673, 50.975,  8.734,  1.208
 61080,  5.482, 26.907, 51.268,  8.467,  1.292
 61140,  5.754, 27.523, 51.330,  8.727,  1.326
 61200,  5.985, 27.661, 48.776,  9.268,  1.389
 61260,  6.175, 29.405, 48.673,  9.273,  1.471
 61320, -9999.000, -9999.000, -9999.000, -9999.000, -9999.000
 61380,  6.689, 27.817, 43.135,  9.000,  1.192
 61440,  7.040, 28.734, 47.202, 10.034,  1.470
 61500,  7.026, 26.733, 47.948, 10.465,  1.519
 61560,  7.139, 25.661, 46.951, 10.559,  1.418
 61620,  6.759, 20.676, 45.279, 10.154,  1.472
 61680,  6.849, 21.064, 46.463, 10.178,  1.525
 61740,  6.730, 19.919, 44.808, 10.140,  1.323
 61800,  6.584, 19.822, 44.259,  9.988,  1.290
 61860,  6.931, 19.248, 43.370, 10.032,  1.368
 61920,  7.015, 19.462, 43.623, 10.064,  1.410
 61980,  7.220, 20.045, 45.020, 10.503,  1.352
 62040,  7.289, 19.487, 42.775, 10.663,  1.371
 62100,  7.392, 20.218, 44.437, 10.409,  1.398
 62160,  7.483, 19.258, 44.163, 10.958,  1.397
 62220,  7.256, 19.385, 42.316, 10.308,  1.318
 62280,  7.170, 20.697, 42.578,  9.733,  1.441
 62340,  7.261, 20.869, 42.832,  9.909,  1.332
 62400,  7.520, 20.761, 42.293, 10.124,  1.378
 62460,  7.775, 20.490, 42.573, 10.305,  1.427
 62520,  7.717, 19.886, 44.022, 10.346,  1.272
 62580,  7.712, 19.204, 43.506, 10.452,  1.348
 62640,  8.047, 20.647, 44.437, 10.672,  1.479
 62700,  8.306, 22.020, 46.845, 10.653,  1.475
 62760,  8.051, 23.337, 45.507, 10.366,  1.463
 62820,  7.583, 22.859, 44.616,  9.565,  1.404
 62880,  6.820, 19.936, 45.901,  8.795,  1.337
 62940,  6.115, 18.995, 41.408,  7.841,  1.033
 63000,  5.784, 17.760, 43.529,  7.348,  1.071
 63060,  5.014, 15.676, 39.866,  6.209,  0.991
 63120,  4.852, 15.789, 40.128,  5.864,  0.854
 63180, -9999.000, -9999.000, -9999.000, -9999.000, -9999.000
 63240,  5.976, 18.927, 37.919,  6.695,  0.755
 63300,  6.343, 19.245, 40.295,  7.234,  0.803
 63360,  6.036, 17.949, 40.377,  7.081,  0.903
 63420,  5.679, 16.190, 39.051,  6.588,  0.702
 63480,  5.372, 15.821, 38.729,  6.389,  0.706
 63540,  5.405, 16.031, 37.842,  6.149,  0.696
 63600,  5.875, 17.202, 39.890,  6.563,  0.692
 63660,  5.779, 16.873, 40.755,  6.488,  0.798
 63720,  4.929, 14.210, 39.367,  5.694,  0.740
 63780,  4.218, 11.474, 35.947,  4.766,  0.648
 63840,  4.219, 11.091, 34.038,  4.699,  0.577
 63900,  4.659, 12.173, 34.830,  5.116,  0.740
 63960,  5.570, 13.434, 35.999,  5.861,  0.774
 64020,  5.458, 12.730, 33.642,  5.690,  0.655
 64080,  4.583, 10.680, 30.741,  5.039,  0.619
 64140,  4.498, 11.220, 30.943,  4.776,  0.556
 64200,  4.828, 13.058, 35.671,  4.995,  0.571
 64260,  5.187, 13.621, 37.491,  5.562,  0.651
 64320,  5.176, 14.656, 39.565,  5.413,  0.737
 64380, -9999.000, -9999.000, -9999.000, -9999.000, -9999.000
 64440,  4.671, 11.211, 30.156,  4.747,  0.526
 64500,  4.826, 11.209, 31.057,  5.164,  0.581
 64560,  5.516, 12.388, 32.779,  5.681,  0.629
 64620,  6.507, 12.771, 34.520,  6.282,  0.647
 64680,  6.636, 13.058, 34.927,  6.593,  0.555
 64740,  5.390,  9.641, 28.770,  5.701,  0.580
 64800,  5.003,  9.079, 26.511,  5.223,  0.557
 64860,  5.240, 10.232, 28.910,  5.507,  0.515
 64920,  5.297, 10.355, 29.499,  5.259,  0.586
 64980,  5.294, 10.303, 29.637,  5.225,  0.581
 65040,  4.819,  8.972, 29.138,  5.077,  0.483
 65100,  4.244,  8.315, 25.590,  4.586,  0.431
 65160,  4.848,  9.746, 27.070,  5.062,  0.535
 65220,  5.088, 10.785, 30.791,  5.128,  0.501
 65280,  5.221, 10.961, 34.455,  5.304,  0.608
 65340,  5.076, 10.063, 33.033,  5.200,  0.594
 65400,  5.274,  9.946, 31.059,  5.285,  0.566
 65460,  5.605, 10.957, 33.694,  5.607,  0.584
 65520,  5.632, 10.692, 33.514,  5.486,  0.590
 65580,  5.641, 10.655, 36.571,  5.597,  0.586
 65640,  5.695, 11.562, 35.866,  5.604,  0.589
 65700,  5.818, 11.597, 38.757,  6.035,  0.701
 65760,  6.553, 12.953, 37.066,  6.040,  0.765
 65820,  6.854, 12.750, 33.537,  6.135,  0.697
 65880,  6.616, 12.075, 31.689,  6.144,  0.663
 65940,  6.742, 12.067, 30.442,  6.193,  0.555
 66000,  6.509, 10.659, 28.042,  5.691,  0.561
 66060,  6.314,  9.757, 26.508,  5.650,  0.578
 66120,  6.619, 10.974, 28.220,  5.976,  0.562
 66180,  5.736, 11.462, 27.132,  5.608,  0.591
 66240,  5.881,  9.582, 24.064,  5.803,  0.625
 66300,  5.775,  8.693, 24.462,  5.658,  0.639
 66360,  5.728,  8.152, 23.492,  5.520,  0.486
 66420,  5.971,  8.826, 23.021,  5.644,  0.557
 66480,  5.974,  9.238, 24.835,  5.805,  0.488
 66540,  6.140,  9.228, 24.146,  5.780,  0.488
 66600,  5.813,  9.047, 25.511,  5.627,  0.524
 66660,  5.948,  8.929, 24.812,  5.617,  0.442
 66720,  5.640,  8.504, 24.867,  5.379,  0.594
 66780,  5.819,  8.666, 24.684,  5.514,  0.479
 66840,  5.721,  8.481, 24.581,  5.537,  0.531
 66900,  5.293,  7.552, 23.734,  5.091,  0.483
 66960,  4.353,  6.689, 22.251,  4.265,  0.416
 67020,  3.750,  5.251, 20.095,  4.122,  0.352
 67080,  3.830,  5.419, 21.729,  3.993,  0.422
 67140,  3.580,  4.729, 18.337,  3.713,  0.330
 67200,  3.947,  5.125, 18.904,  3.844,  0.335
 67260,  4.152,  5.625, 19.579,  4.290,  0.312
 67320,  4.123,  5.853, 21.681,  4.260,  0.369
 67380,  3.902,  4.720, 19.314,  4.148,  0.376
 67440,  4.134,  5.402, 21.376,  4.051,  0.407
 67500,  4.212,  5.783, 20.621,  4.170,  0.321
 67560,  4.081,  5.057, 20.877,  4.100,  0.328
 67620,  4.170,  5.198, 20.076,  4.217,  0.241
 67680,  3.904,  4.492, 19.220,  4.341,  0.300
 67740,  2.904,  3.055, 14.763,  3.529,  0.202
 67800,  2.712,  3.109, 16.111,  3.395,  0.242
 67860,  3.129,  3.785, 18.882,  3.331,  0.226
 67920,  3.306,  4.691, 22.363,  3.545,  0.231
 67980,  3.517,  4.932, 23.415,  3.285,  0.290
 68040, -9999.000, -9999.000, -9999.000, -9999.000, -9999.000
 68100,  3.401,  5.371, 21.505,  3.969,  0.192
 68160,  3.514,  4.978, 21.829,  3.713,  0.254
 68220,  3.103,  3.915, 21.223,  3.269,  0.202
 68280,  3.026,  3.589, 21.831,  2.959,  0.226
 68340,  2.912,  3.577, 22.775,  3.038,  0.171
 68400,  3.247,  3.674, 26.432,  3.131,  0.128
 68460,  3.486,  4.476, 26.972,  3.270,  0.157
 68520,  3.425,  4.136, 30.961,  3.344,  0.090
 68580,  3.986,  4.109, 31.827,  3.839,  0.158
 68640,  5.474,  4.320, 33.648,  5.023,  0.192
 68700,  5.499,  4.330, 31.376,  5.197,  0.150
 68760,  5.636,  4.857, 34.092,  5.335,  0.272
 68820,  5.822,  4.588, 31.863,  5.429,  0.377
 68880,  5.409,  4.146, 32.628,  5.368,  0.264
 68940,  4.243,  3.830, 32.278,  4.247,  0.203
 69000,  4.444,  3.629, 31.487,  4.308,  0.183
 69060,  4.913,  3.850, 29.970,  4.712,  0.286
 69120,  5.076,  3.994, 29.363,  4.910,  0.199
 69180,  4.996,  4.402, 31.593,  5.026,  0.331
 69240,  5.318,  4.174, 28.628,  5.125,  0.243
 69300,  5.265,  4.718, 31.882,  4.980,  0.202
 69360,  5.432,  4.720, 30.225,  5.167,  0.212
 69420,  5.587,  5.325, 32.470,  5.052,  0.262
 69480,  5.486,  4.759, 31.708,  4.980,  0.197
 69540,  5.333,  5.007, 32.080,  5.356,  0.201
 69600,  5.372,  4.633, 32.336,  5.212,  0.287
 69660,  5.309,  5.079, 32.166,  5.180,  0.127
 69720,  5.479,  5.053, 31.304,  5.179,  0.237
 69780,  5.645,  5.134, 30.577,  5.256,  0.293
 69840,  5.703,  4.773, 27.749,  5.409,  0.152
 69900,  5.825,  3.979, 24.839,  5.652,  0.198
 69960,  5.622,  4.671, 24.142,  5.523,  0.135
 70020,  5.742,  4.961, 24.953,  5.524,  0.205
 70080,  5.940,  5.329, 25.825,  5.359,  0.191
 70140,  5.842,  5.481, 29.701,  5.352,  0.245
 70200,  5.672,  5.263, 30.049,  5.491,  0.240
 70260,  5.603,  4.693, 30.281,  5.562,  0.233
 70320,  5.520,  4.383, 28.958,  5.171,  0.307
 70380,  5.583,  4.329, 27.866,  5.515,  0.225
 70440,  5.707,  4.601, 29.547,  5.803,  0.339
 70500,  5.635,  4.614, 28.931,  5.540,  0.263
 70560,  5.726,  4.611, 29.329,  5.559,  0.256
 70620,  5.807,  4.462, 29.422,  5.570,  0.326
 70680,  5.771,  4.641, 29.455,  5.437,  0.311
 70740,  5.784,  5.356, 29.139,  5.638,  0.371
 70800,  5.611,  4.931, 29.526,  5.939,  0.371
 70860,  5.535,  4.761, 28.543,  5.835,  0.381
 70920,  5.480,  3.756, 25.108,  5.614,  0.409
 70980,  5.532,  3.920, 24.618,  5.597,  0.369
 71040,  5.644,  4.402, 26.914,  5.787,  0.311
 71100,  5.775,  4.313, 25.993,  5.902,  0.421
 71160,  5.730,  4.206, 24.975,  5.990,  0.457
 71220,  5.759,  4.189, 25.440,  5.958,  0.485
 71280,  5.835,  4.280, 26.493,  6.052,  0.424
 71340,  5.861,  5.115, 25.811,  6.165,  0.402
 71400,  5.721,  4.830, 26.786,  5.863,  0.473
 71460,  5.743,  4.633, 24.400,  6.059,  0.410
 71520,  5.524,  4.210, 23.352,  6.008,  0.490
 71580,  5.457,  4.052, 21.444,  6.023,  0.401
 71640,  5.426,  4.163, 20.308,  6.174,  0.361
 71700,  5.859,  3.907, 21.459,  5.856, -0.117
 71760,  5.025,  4.245, 16.983,  5.279, -0.015
 71820,  5.315,  3.805, 16.114,  5.877,  0.415
 71880,  5.490,  4.004, 18.711,  5.988,  0.355
 71940,  5.640,  3.721, 18.749,  6.291,  0.337
 72000,  5.712,  3.893, 18.562,  5.981,  0.383
 72060,  5.720,  3.927, 18.611,  6.311,  0.353
 72120,  5.779,  3.828, 19.574,  6.363,  0.326
 72180,  5.688,  4.070, 19.810,  6.185,  0.393
 72240,  5.756,  4.251, 19.277,  6.132,  0.315
 72300,  5.758,  4.428, 19.521,  6.472,  0.324
 72360,  5.828,  4.162, 20.327,  6.292,  0.280
 72420,  5.707,  4.639, 20.182,  6.238,  0.316
 72480,  5.732,  4.029, 20.995,  6.501,  0.314
 72540,  5.841,  3.921, 19.921,  6.473,  0.293
 72600,  5.815,  4.740, 20.835,  6.141,  0.361
 72660,  5.880,  4.004, 21.463,  6.442,  0.430
 72720,  5.923,  4.245, 21.519,  6.410,  0.380
 72780,  6.044,  3.715, 20.806,  6.629,  0.299
 72840,  5.980,  4.452, 22.622,  6.740,  0.374
 72900,  5.766,  4.679, 22.326,  6.760,  0.460
 72960,  5.771,  4.805, 23.900,  6.398,  0.481
 73020,  5.880,  5.049, 24.988,  6.505,  0.436
 73080,  5.765,  4.761, 23.918,  6.646,  0.377
 73140,  5.351,  4.599, 23.560,  5.994,  0.384
 73200,  5.425,  4.986, 21.517,  6.166,  0.377
 73260,  5.434,  4.796, 21.479,  6.002,  0.301
 73320,  5.437,  3.904, 20.580,  6.102,  0.378
 73380,  5.472,  4.364, 20.405,  6.214,  0.339
 73440,  5.301,  4.015, 20.938,  6.177,  0.370
 73500,  5.536,  3.141, 20.105,  6.168,  0.357
 73560,  5.621,  3.318, 19.662,  6.335,  0.224
 73620,  5.326,  3.435, 18.247,  6.081,  0.439
 73680,  5.596,  3.176, 18.862,  6.439,  0.250
 73740,  5.655,  3.498, 19.541,  6.444,  0.327
 73800,  5.676,  3.439, 18.392,  6.792,  0.202
 73860,  5.679,  3.729, 19.762,  6.689,  0.206
 73920,  5.603,  4.429, 19.780,  6.617,  0.304
 73980,  5.464,  3.801, 18.645,  6.448,  0.312
 74040,  5.557,  4.034, 19.076,  6.482,  0.269
 74100,  5.547,  5.110, 20.755,  6.442,  0.246
 74160,  5.654,  4.427, 20.649,  6.260,  0.348
 74220,  5.722,  5.194, 20.821,  6.476,  0.400
 74280,  5.778,  4.649, 21.037,  6.194,  0.363
 74340,  5.620,  5.306, 22.413,  6.453,  0.365
 74400,  4.709,  4.817, 19.774,  5.385,  0.282
 74460,  4.939,  5.017, 18.221,  5.383,  0.271
 74520,  4.575,  5.660, 19.163,  5.007,  0.359
 74580,  5.285,  4.411, 18.956,  5.733,  0.296
 74640,  5.396,  3.796, 19.077,  6.255,  0.360
 74700,  5.434,  3.686, 17.955,  6.376,  0.320
 74760,  5.423,  3.875, 18.580,  6.375,  0.321
 74820,  5.477,  3.484, 18.097,  6.366,  0.284
 74880,  5.365,  4.072, 17.698,  6.118,  0.384
 74940,  5.115,  3.546, 16.340,  5.635,  0.241
 75000,  5.031,  3.196, 16.379,  5.857,  0.338
 75060,  4.963,  3.039, 16.768,  5.608,  0.320
 75120,  5.036,  3.528, 16.648,  5.721,  0.338
 75180,  5.040,  3.889, 18.376,  5.643,  0.342
 75240,  5.060,  4.337, 18.328,  5.727,  0.421
 75300,  5.226,  4.501, 18.315,  5.586,  0.397
 75360,  5.487,  3.806, 18.937,  5.831,  0.434
 75420, -9999.000, -9999.000, -9999.000, -9999.000, -9999.000
 75480,  5.153,  3.817, 15.952,  5.945,  0.332
 75540,  5.385,  4.515, 17.861,  6.047,  0.257
 75600,  5.389,  4.930, 18.793,  5.863,  0.425
 75660,  5.335,  5.459, 20.045,  5.725,  0.311
 75720,  5.426,  4.661, 19.476,  5.552,  0.405
 75780,  5.405,  4.067, 20.032,  5.580,  0.364
 75840,  5.334,  4.680, 21.062,  5.520,  0.307
 75900,  5.426,  4.808, 20.933,  5.603,  0.333
 75960,  5.448,  4.183, 19.134,  5.435,  0.237
 76020,  5.332,  3.850, 19.298,  5.380,  0.268
 76080,  5.426,  3.864, 20.383,  5.321,  0.299
 76140,  5.503,  3.791, 20.512,  5.370,  0.274
 76200,  5.357,  4.032, 21.378,  5.549,  0.344
 76260,  5.468,  4.143, 22.107,  5.838,  0.390
 76320,  5.392,  4.582, 21.952,  5.563,  0.358
 76380,  5.156,  4.928, 22.823,  5.092,  0.319
 76440,  4.888,  5.479, 24.937,  4.864,  0.334
 76500,  4.856,  6.057, 25.871,  4.275,  0.302
 76560,  4.752,  6.337, 26.184,  4.366,  0.341
 76620,  4.722,  6.181, 27.593,  3.726,  0.323
 76680,  4.741,  5.496, 27.679,  3.966,  0.351
 76740,  4.843,  6.342, 28.819,  4.198,  0.344
 76800,  4.742,  6.479, 29.113,  4.489,  0.403
 76860,  4.497,  6.464, 28.988,  3.976,  0.257
 76920,  4.493,  6.289, 30.594,  3.818,  0.360
 76980,  4.380,  6.465, 29.946,  3.615,  0.355
 77040,  4.196,  5.634, 29.711,  3.332,  0.404
 77100,  4.089,  5.659, 27.119,  3.247,  0.273
 77160,  4.008,  5.096, 26.616,  3.321,  0.329
 77220,  4.120,  5.236, 27.109,  3.455,  0.346
 77280, -9999.000, -9999.000, -9999.000, -9999.000, -9999.000
 77340,  3.025,  3.056, 17.490,  3.264,  0.204
 77400,  3.003,  2.860, 17.931,  2.869,  0.204
 77460,  2.870,  2.732, 17.128,  2.681,  0.203
 77520,  3.016,  3.168, 18.399,  2.818,  0.166
 77580,  2.942,  3.222, 18.027,  2.791,  0.089
 77640,  2.877,  2.880, 18.639,  2.657,  0.185
 77700,  2.927,  4.143, 19.902,  2.906,  0.134
 77760,  2.840,  3.162, 18.987,  2.634,  0.165
 77820,  2.913,  3.614, 21.183,  2.863,  0.124
 77880,  2.914,  4.038, 21.796,  2.811,  0.127
 77940,  2.987,  3.305, 22.864,  2.714,  0.086
 78000,  3.032,  3.113, 24.263,  2.655,  0.201
 78060,  3.046,  3.530, 23.517,  2.709,  0.069
 78120,  3.056,  3.452, 24.163,  2.705,  0.087
 78180,  2.958,  3.291, 22.800,  2.923,  0.178
 78240,  2.841,  3.213, 22.497,  2.770,  0.137
 78300,  2.820,  3.518, 22.817,  2.758,  0.142
 78360,  2.811,  3.719, 23.309,  2.676,  0.222
 78420,  2.820,  3.762, 23.897,  2.505,  0.120
 78480,  2.853,  4.305, 24.475,  2.685,  0.122
 78540,  2.990,  3.938, 24.403,  2.849,  0.148
 78600,  3.156,  3.912, 24.068,  2.725,  0.177
 78660,  3.196,  3.772, 25.318,  2.967,  0.079
 78720,  2.970,  4.248, 27.617,  2.881,  0.106
 78780,  2.966,  4.363, 26.884,  2.614,  0.218
 78840,  2.899,  4.331, 28.450,  2.696,  0.130
 78900,  3.012,  4.580, 27.854,  2.626,  0.114
 78960,  3.158,  3.745, 28.624,  2.911,  0.175
 79020,  3.153,  3.326, 28.595,  2.813,  0.166
 79080,  3.331,  3.484, 27.889,  2.658, -0.030
 79140, -9999.000, -9999.000, -9999.000, -9999.000, -9999.000
 79200,  3.289,  3.553, 23.101,  3.225,  0.135
 79260,  3.307,  3.492, 23.860,  3.112,  0.104
 79320,  3.325,  3.451, 25.451,  3.049,  0.054
 79380,  3.331,  4.134, 26.796,  3.002,  0.079
 79440,  3.313,  3.819, 27.082,  2.952,  0.032
 79500,  3.301,  4.068, 28.560,  2.845,  0.099
 79560,  3.280,  4.195, 28.055,  2.793,  0.160
 79620,  3.135,  4.190, 28.575,  2.749,  0.143
 79680,  3.104,  4.672, 28.214,  2.874,  0.134
 79740,  3.106,  4.966, 28.915,  2.799,  0.190
 79800,  3.202,  4.225, 30.417,  2.786,  0.273
 79860,  3.311,  4.649, 30.079,  2.544,  0.129
 79920,  3.315,  4.924, 31.623,  2.755,  0.115
 79980,  3.407,  5.536, 32.444,  2.912,  0.284
 80040,  3.505,  5.273, 34.583,  3.018,  0.292
 80100,  3.673,  5.514, 33.766,  2.899,  0.135
 80160,  3.594,  5.629, 35.812,  2.949,  0.215
 80220,  3.704,  5.343, 35.845,  3.092,  0.210
 80280,  3.734,  4.956, 34.114,  2.936,  0.173
 80340,  3.820,  4.268, 32.678,  3.084,  0.188
 80400,  3.817,  4.839, 33.639,  3.167,  0.253
 80460,  3.812,  4.667, 34.154,  3.154,  0.205
 80520,  3.840,  4.994, 33.393,  3.031,  0.267
 80580,  3.969,  4.170, 32.996,  3.115,  0.268
 80640,  4.039,  4.259, 35.075,  3.139,  0.225
 80700,  4.044,  3.941, 35.636,  3.143,  0.256
 80760,  4.133,  4.237, 37.512,  3.330,  0.263
