# TRPN_WANG2023
# TRPN + HV = NO2 + 0.670*KET + 0.330*UALD  + 5.0000*DELTA_C 	     
# Absorption x-section from Wang et al., J. Phys. Chem. A 2023, 127, 987-999
# The article provides absorption x-sections and quantum yields for 3 terpene nitrates
# Data for a-pinene nitrate are used
# Average quantum yield from the article is used 
# Supplied by Dr. Nga Lee, reformatted by Dr. Golam Sarwar to make it compatible with CMAQ
# Points 
# With FAC, units are (cm^2/molecule)
# FAC=1.0
200	2.11E-17	0.23
201	2.81E-17	0.23
202	3.03E-17	0.23
203	2.90E-17	0.23
204	2.71E-17	0.23
205	2.51E-17	0.23
206	2.31E-17	0.23
207	2.12E-17	0.23
208	1.94E-17	0.23
209	1.79E-17	0.23
210	1.64E-17	0.23
211	1.51E-17	0.23
212	1.39E-17	0.23
213	1.29E-17	0.23
214	1.19E-17	0.23
215	1.10E-17	0.23
216	1.02E-17	0.23
217	9.48E-18	0.23
218	8.79E-18	0.23
219	8.14E-18	0.23
220	7.56E-18	0.23
221	7.00E-18	0.23
222	6.51E-18	0.23
223	6.05E-18	0.23
224	5.64E-18	0.23
225	5.27E-18	0.23
226	4.92E-18	0.23
227	4.59E-18	0.23
228	4.29E-18	0.23
229	4.02E-18	0.23
230	3.78E-18	0.23
231	3.55E-18	0.23
232	3.34E-18	0.23
233	3.14E-18	0.23
234	2.95E-18	0.23
235	2.78E-18	0.23
236	2.64E-18	0.23
237	2.49E-18	0.23
238	2.35E-18	0.23
239	2.21E-18	0.23
240	2.08E-18	0.23
241	1.97E-18	0.23
242	1.88E-18	0.23
243	1.77E-18	0.23
244	1.67E-18	0.23
245	1.58E-18	0.23
246	1.49E-18	0.23
247	1.42E-18	0.23
248	1.35E-18	0.23
249	1.28E-18	0.23
250	1.21E-18	0.23
251	1.15E-18	0.23
252	1.09E-18	0.23
253	1.05E-18	0.23
254	1.01E-18	0.23
255	9.59E-19	0.23
256	9.09E-19	0.23
257	8.65E-19	0.23
258	8.25E-19	0.23
259	7.97E-19	0.23
260	7.69E-19	0.23
261	7.30E-19	0.23
262	6.93E-19	0.23
263	6.59E-19	0.23
264	6.30E-19	0.23
265	6.09E-19	0.23
266	5.90E-19	0.23
267	5.56E-19	0.23
268	5.27E-19	0.23
269	4.98E-19	0.23
270	4.77E-19	0.23
271	4.62E-19	0.23
272	4.48E-19	0.23
273	4.22E-19	0.23
274	3.99E-19	0.23
275	3.81E-19	0.23
276	3.69E-19	0.23
277	3.62E-19	0.23
278	3.59E-19	0.23
279	3.38E-19	0.23
280	3.16E-19	0.23
281	3.08E-19	0.23
282	3.02E-19	0.23
283	2.97E-19	0.23
284	2.88E-19	0.23
285	2.71E-19	0.23
286	2.56E-19	0.23
287	2.41E-19	0.23
288	2.42E-19	0.23
289	2.42E-19	0.23
290	2.27E-19	0.23
291	2.03E-19	0.23
292	1.94E-19	0.23
293	1.90E-19	0.23
294	1.78E-19	0.23
295	1.76E-19	0.23
296	1.66E-19	0.23
297	1.51E-19	0.23
298	1.44E-19	0.23
299	1.32E-19	0.23
300	1.39E-19	0.23
301	1.33E-19	0.23
302	1.32E-19	0.23
303	1.12E-19	0.23
304	1.14E-19	0.23
305	1.04E-19	0.23
306	1.05E-19	0.23
307	1.08E-19	0.23
308	9.96E-20	0.23
309	8.87E-20	0.23
310	8.23E-20	0.23
311	8.81E-20	0.23
312	8.59E-20	0.23
313	8.43E-20	0.23
314	7.97E-20	0.23
315	7.04E-20	0.23
316	7.16E-20	0.23
317	7.04E-20	0.23
318	7.83E-20	0.23
319	7.32E-20	0.23
320	6.27E-20	0.23
321	5.61E-20	0.23
322	5.49E-20	0.23
323	6.07E-20	0.23
324	6.25E-20	0.23
325	6.38E-20	0.23
326	4.58E-20	0.23
327	3.80E-20	0.23
328	3.71E-20	0.23
329	4.61E-20	0.23
330	4.34E-20	0.23
331	4.42E-20	0.23
332	3.44E-20	0.23
333	3.44E-20	0.23
334	3.24E-20	0.23
335	3.79E-20	0.23
336	4.34E-20	0.23
337	4.51E-20	0.23
338	2.77E-20	0.23
339	2.64E-20	0.23
340	1.94E-20	0.23
341	2.58E-20	0.23
342	1.83E-20	0.23
343	2.47E-20	0.23
344	2.20E-20	0.23
345	1.43E-20	0.23
346	1.48E-20	0.23
347	1.73E-20	0.23
348	2.12E-20	0.23
349	1.66E-20	0.23
350	1.40E-20	0.23
351	1.25E-20	0.23
352	1.06E-20	0.23
353	1.04E-20	0.23
354	1.05E-20	0.23
355	1.23E-20	0.23
356	9.85E-21	0.23
357	9.72E-21	0.23
358	8.25E-21	0.23
359	8.74E-21	0.23
360	9.60E-21	0.23
361	8.62E-21	0.23
362	8.17E-21	0.23
363	8.27E-21	0.23
364	7.56E-21	0.23
365	7.87E-21	0.23
366	7.40E-21	0.23
367	7.47E-21	0.23
368	7.19E-21	0.23
369	7.18E-21	0.23
370	6.89E-21	0.23
371	7.67E-21	0.23
372	7.27E-21	0.23
373	7.21E-21	0.23
374	7.37E-21	0.23
375	6.20E-21	0.23
376	6.11E-21	0.23
377	6.50E-21	0.23
378	6.83E-21	0.23
379	7.00E-21	0.23
380	6.08E-21	0.23
381	5.40E-21	0.23
382	5.42E-21	0.23
383	5.35E-21	0.23
384	6.28E-21	0.23
385	5.70E-21	0.23
386	5.38E-21	0.23
387	5.45E-21	0.23
388	5.54E-21	0.23
389	5.65E-21	0.23
390	5.62E-21	0.23
391	5.82E-21	0.23
392	5.12E-21	0.23
393	4.49E-21	0.23
394	4.80E-21	0.23
395	5.12E-21	0.23
396	5.03E-21	0.23
397	5.04E-21	0.23
398	4.12E-21	0.23
399	3.67E-21	0.23
400	4.32E-21	0.23
401	4.09E-21	0.23
402	4.02E-21	0.23
403	3.86E-21	0.23
404	3.21E-21	0.23
405	3.22E-21	0.23
406	2.72E-21	0.23
407	3.59E-21	0.23
408	3.38E-21	0.23
409	3.28E-21	0.23
410	2.54E-21	0.23
411	2.90E-21	0.23
412	2.93E-21	0.23
413	3.30E-21	0.23
414	2.95E-21	0.23
415	2.57E-21	0.23
416	2.11E-21	0.23
417	1.99E-21	0.23
418	3.14E-21	0.23
419	2.67E-21	0.23
420	2.78E-21	0.23
421	2.24E-21	0.23
422	2.16E-21	0.23
423	1.83E-21	0.23
424	2.23E-21	0.23
425	2.39E-21	0.23
426	1.94E-21	0.23
427	1.65E-21	0.23
428	1.43E-21	0.23
429	1.51E-21	0.23
430	1.93E-21	0.23
431	2.07E-21	0.23
432	1.71E-21	0.23
433	1.27E-21	0.23
434	7.57E-22	0.23
435	1.26E-21	0.23
436	1.67E-21	0.23
437	1.65E-21	0.23
438	1.17E-21	0.23
439	8.91E-22	0.23
440	7.23E-22	0.23
441	9.60E-22	0.23
442	1.28E-21	0.23
443	9.46E-22	0.23
444	6.85E-22	0.23
445	7.00E-22	0.23
446	4.67E-24	0.23
447	5.04E-22	0.23
448	8.15E-22	0.23
449	5.99E-22	0.23
450	1.11E-22	0.23
451	0.00E+00	0.23
452	0.00E+00	0.23
453	0.00E+00	0.23
454	2.43E-23	0.23
455	0.00E+00	0.23
456	0.00E+00	0.23
457	0.00E+00	0.23
458	0.00E+00	0.23
459	0.00E+00	0.23
460	0.00E+00	0.23
461	0.00E+00	0.23
462	0.00E+00	0.23
463	0.00E+00	0.23
464	0.00E+00	0.23
465	0.00E+00	0.23
466	0.00E+00	0.23
467	0.00E+00	0.23
468	0.00E+00	0.23
469	0.00E+00	0.23
470	0.00E+00	0.23
471	0.00E+00	0.23
472	0.00E+00	0.23
473	0.00E+00	0.23
474	0.00E+00	0.23
475	0.00E+00	0.23
476	0.00E+00	0.23
477	0.00E+00	0.23
478	0.00E+00	0.23
479	0.00E+00	0.23
480	0.00E+00	0.23
481	0.00E+00	0.23
482	0.00E+00	0.23
483	0.00E+00	0.23
484	0.00E+00	0.23
485	0.00E+00	0.23
486	0.00E+00	0.23
487	0.00E+00	0.23
488	0.00E+00	0.23
489	0.00E+00	0.23
490	0.00E+00	0.23
491	0.00E+00	0.23
492	0.00E+00	0.23
493	0.00E+00	0.23
494	0.00E+00	0.23
495	0.00E+00	0.23
496	0.00E+00	0.23
497	0.00E+00	0.23
498	0.00E+00	0.23
499	0.00E+00	0.23
500	0.00E+00	0.23
501	0.00E+00	0.23
502	0.00E+00	0.23
503	0.00E+00	0.23
504	0.00E+00	0.23
505	0.00E+00	0.23
506	0.00E+00	0.23
507	0.00E+00	0.23
508	0.00E+00	0.23
509	0.00E+00	0.23
510	0.00E+00	0.23
511	0.00E+00	0.23
512	0.00E+00	0.23
513	0.00E+00	0.23
514	0.00E+00	0.23
515	0.00E+00	0.23
516	0.00E+00	0.23
517	0.00E+00	0.23
518	0.00E+00	0.23
519	0.00E+00	0.23
520	0.00E+00	0.23
521	0.00E+00	0.23
522	0.00E+00	0.23
523	0.00E+00	0.23
524	0.00E+00	0.23
525	0.00E+00	0.23
526	0.00E+00	0.23
527	0.00E+00	0.23
528	0.00E+00	0.23
529	0.00E+00	0.23
530	0.00E+00	0.23
531	0.00E+00	0.23
532	0.00E+00	0.23
533	0.00E+00	0.23
534	0.00E+00	0.23
535	0.00E+00	0.23
536	0.00E+00	0.23
537	0.00E+00	0.23
538	0.00E+00	0.23
539	0.00E+00	0.23
540	0.00E+00	0.23
541	0.00E+00	0.23
542	0.00E+00	0.23
543	0.00E+00	0.23
544	0.00E+00	0.23
545	0.00E+00	0.23
546	0.00E+00	0.23
547	0.00E+00	0.23
548	0.00E+00	0.23
549	0.00E+00	0.23
550	0.00E+00	0.23
551	0.00E+00	0.23
552	0.00E+00	0.23
553	0.00E+00	0.23
554	0.00E+00	0.23
555	0.00E+00	0.23
556	0.00E+00	0.23
557	0.00E+00	0.23
558	0.00E+00	0.23
559	0.00E+00	0.23
560	0.00E+00	0.23
561	0.00E+00	0.23
562	0.00E+00	0.23
563	0.00E+00	0.23
564	0.00E+00	0.23
565	0.00E+00	0.23
566	0.00E+00	0.23
567	0.00E+00	0.23
568	0.00E+00	0.23
569	0.00E+00	0.23
570	0.00E+00	0.23
571	0.00E+00	0.23
572	0.00E+00	0.23
573	0.00E+00	0.23
574	0.00E+00	0.23
575	0.00E+00	0.23
576	0.00E+00	0.23
577	0.00E+00	0.23
578	0.00E+00	0.23
579	0.00E+00	0.23
580	0.00E+00	0.23
581	0.00E+00	0.23
582	0.00E+00	0.23
583	0.00E+00	0.23
584	0.00E+00	0.23
585	0.00E+00	0.23
586	0.00E+00	0.23
587	0.00E+00	0.23
588	0.00E+00	0.23
589	0.00E+00	0.23
590	0.00E+00	0.23
591	0.00E+00	0.23
592	0.00E+00	0.23
593	0.00E+00	0.23
594	0.00E+00	0.23
595	0.00E+00	0.23
596	0.00E+00	0.23
597	0.00E+00	0.23
598	0.00E+00	0.23
599	0.00E+00	0.23
600	0.00E+00	0.23
601	0.00E+00	0.23
602	0.00E+00	0.23
603	0.00E+00	0.23
604	0.00E+00	0.23
605	0.00E+00	0.23
606	0.00E+00	0.23
607	0.00E+00	0.23
608	0.00E+00	0.23
609	0.00E+00	0.23
610	0.00E+00	0.23
611	0.00E+00	0.23
612	0.00E+00	0.23
613	0.00E+00	0.23
614	0.00E+00	0.23
615	0.00E+00	0.23
616	0.00E+00	0.23
617	0.00E+00	0.23
618	0.00E+00	0.23
619	0.00E+00	0.23
620	0.00E+00	0.23
621	0.00E+00	0.23
622	0.00E+00	0.23
623	0.00E+00	0.23
624	0.00E+00	0.23
625	0.00E+00	0.23
626	0.00E+00	0.23
627	0.00E+00	0.23
628	0.00E+00	0.23
629	0.00E+00	0.23
630	0.00E+00	0.23
631	0.00E+00	0.23
632	0.00E+00	0.23
633	0.00E+00	0.23
634	0.00E+00	0.23
635	0.00E+00	0.23
636	0.00E+00	0.23
637	0.00E+00	0.23
638	0.00E+00	0.23
639	0.00E+00	0.23
640	0.00E+00	0.23
641	0.00E+00	0.23
642	0.00E+00	0.23
643	0.00E+00	0.23
644	0.00E+00	0.23
645	0.00E+00	0.23
646	0.00E+00	0.23
647	0.00E+00	0.23
648	0.00E+00	0.23
649	0.00E+00	0.23
650	0.00E+00	0.23
651	0.00E+00	0.23
652	0.00E+00	0.23
653	0.00E+00	0.23
654	0.00E+00	0.23
655	0.00E+00	0.23
656	0.00E+00	0.23
657	0.00E+00	0.23
658	0.00E+00	0.23
659	0.00E+00	0.23
660	0.00E+00	0.23
661	0.00E+00	0.23
662	0.00E+00	0.23
663	0.00E+00	0.23
664	0.00E+00	0.23
665	0.00E+00	0.23
666	0.00E+00	0.23
667	0.00E+00	0.23
668	0.00E+00	0.23
669	0.00E+00	0.23
670	0.00E+00	0.23
671	0.00E+00	0.23
672	0.00E+00	0.23
673	0.00E+00	0.23
674	0.00E+00	0.23
675	0.00E+00	0.23
676	0.00E+00	0.23
677	0.00E+00	0.23
678	0.00E+00	0.23
679	0.00E+00	0.23
680	0.00E+00	0.23
681	0.00E+00	0.23
682	0.00E+00	0.23
683	0.00E+00	0.23
684	0.00E+00	0.23
685	0.00E+00	0.23
686	0.00E+00	0.23
687	0.00E+00	0.23
688	0.00E+00	0.23
689	0.00E+00	0.23
690	0.00E+00	0.23
691	0.00E+00	0.23
692	0.00E+00	0.23
693	0.00E+00	0.23
694	0.00E+00	0.23
695	0.00E+00	0.23
696	0.00E+00	0.23
697	0.00E+00	0.23
698	0.00E+00	0.23
699	0.00E+00	0.23
700	0.00E+00	0.23
701	0.00E+00	0.23
702	0.00E+00	0.23
703	0.00E+00	0.23
704	0.00E+00	0.23
705	0.00E+00	0.23
706	0.00E+00	0.23
707	0.00E+00	0.23
708	0.00E+00	0.23
709	0.00E+00	0.23
710	0.00E+00	0.23
711	0.00E+00	0.23
712	0.00E+00	0.23
713	0.00E+00	0.23
714	0.00E+00	0.23
715	0.00E+00	0.23
716	0.00E+00	0.23
717	0.00E+00	0.23
718	0.00E+00	0.23
719	0.00E+00	0.23
720	0.00E+00	0.23
721	0.00E+00	0.23
722	0.00E+00	0.23
723	0.00E+00	0.23
724	0.00E+00	0.23
725	0.00E+00	0.23
726	0.00E+00	0.23
727	0.00E+00	0.23
728	0.00E+00	0.23
729	0.00E+00	0.23
730	0.00E+00	0.23
731	0.00E+00	0.23
732	0.00E+00	0.23
733	0.00E+00	0.23
734	0.00E+00	0.23
735	0.00E+00	0.23
736	0.00E+00	0.23
737	0.00E+00	0.23
738	0.00E+00	0.23
739	0.00E+00	0.23
740	0.00E+00	0.23
741	0.00E+00	0.23
742	0.00E+00	0.23
743	0.00E+00	0.23
744	0.00E+00	0.23
745	0.00E+00	0.23
746	0.00E+00	0.23
747	0.00E+00	0.23
748	0.00E+00	0.23
749	0.00E+00	0.23
750	0.00E+00	0.23
751	0.00E+00	0.23
752	0.00E+00	0.23
753	0.00E+00	0.23
754	0.00E+00	0.23
755	0.00E+00	0.23
756	0.00E+00	0.23
757	0.00E+00	0.23
758	0.00E+00	0.23
759	0.00E+00	0.23
760	0.00E+00	0.23
761	0.00E+00	0.23
762	0.00E+00	0.23
763	0.00E+00	0.23
764	0.00E+00	0.23
765	0.00E+00	0.23
766	0.00E+00	0.23
767	0.00E+00	0.23
768	0.00E+00	0.23
769	0.00E+00	0.23
770	0.00E+00	0.23
771	0.00E+00	0.23
772	0.00E+00	0.23
773	0.00E+00	0.23
774	0.00E+00	0.23
775	0.00E+00	0.23
776	0.00E+00	0.23
777	0.00E+00	0.23
778	0.00E+00	0.23
779	0.00E+00	0.23
780	0.00E+00	0.23
781	0.00E+00	0.23
782	0.00E+00	0.23
783	0.00E+00	0.23
784	0.00E+00	0.23
785	0.00E+00	0.23
786	0.00E+00	0.23
787	0.00E+00	0.23
788	0.00E+00	0.23
789	0.00E+00	0.23
790	0.00E+00	0.23
791	0.00E+00	0.23
792	0.00E+00	0.23
793	0.00E+00	0.23
794	0.00E+00	0.23
795	0.00E+00	0.23
796	0.00E+00	0.23
797	0.00E+00	0.23
798	0.00E+00	0.23
799	0.00E+00	0.23
800	0.00E+00	0.23

