-----------------------------------------------------------------------------
   PRES   HGHT   TEMP   DWPT   RELH   MIXR   DRCT   SKNT   THTA   THTE   THTV
    hPa     m      C      C      %    g/kg    deg   knot     K      K      K 
-----------------------------------------------------------------------------
 1000.0     31                                                               
  925.0    755                                                               
  873.0   1289   36.6    5.6     15   6.57    355      2  322.0  343.6  323.3
  868.0   1340   35.6    4.6     15   6.16    321      6  321.5  341.8  322.7
  865.0   1371   35.1    4.6     15   6.18    300      8  321.3  341.6  322.5
  858.0   1444   33.9    4.6     16   6.23    300     10  320.8  341.3  322.0
  853.0   1496   33.1    4.6     17   6.27    300      9  320.5  341.0  321.7
  850.0   1527   32.6    4.6     17   6.29    305      9  320.3  340.9  321.5
  838.0   1651   31.5    4.3     18   6.26    330      9  320.4  340.9  321.6
  824.0   1799   30.1    4.0     19   6.23    300      5  320.5  341.0  321.7
  819.0   1852   29.6    3.9     19   6.22    240      6  320.6  341.0  321.8
  806.0   1992   28.4    3.6     20   6.19    335      2  320.7  341.0  321.9
  797.0   2090   27.5    3.4     21   6.16    350      3  320.8  341.0  322.0
  786.0   2212   26.4    3.1     22   6.14    320      1  320.9  341.0  322.1
  779.0   2290   25.7    3.0     23   6.12     15      2  320.9  341.0  322.1
  758.0   2529   23.5    2.5     25   6.06    285      3  321.1  341.0  322.3
  749.0   2634   22.6    2.2     26   6.04    305      2  321.2  341.0  322.3
  740.0   2740   21.6    2.0     27   6.01    235      2  321.2  341.0  322.4
  731.0   2847   20.6    1.8     29   5.99    265      5  321.3  341.0  322.4
  722.0   2955   19.6    1.5     30   5.96    300      3  321.4  341.0  322.5
  713.0   3065   18.6    1.3     31   5.93    255      2  321.4  340.9  322.6
  709.0   3114   18.2    1.2     32   5.92    245      2  321.4  340.9  322.6
  705.0   3162   17.5    0.9     33   5.84    235      3  321.2  340.4  322.3
  700.0   3223   16.6    0.6     34   5.74    255      4  320.8  339.7  321.9
  696.0   3270   16.1    0.5     34   5.72    270      4  320.9  339.7  322.0
  686.0   3390   15.0    0.1     36   5.67    280      2  320.9  339.6  322.0
  676.0   3511   13.9   -0.2     38   5.62    355      5  321.0  339.5  322.1
  659.0   3722   11.9   -0.8     42   5.53    325      6  321.1  339.3  322.2
  650.0   3835   10.8   -1.1     44   5.48    335      6  321.2  339.2  322.2
  642.0   3938    9.9   -1.3     46   5.43    330      6  321.2  339.1  322.3
  634.0   4041    8.9   -1.6     48   5.39    335      7  321.3  339.1  322.3
  623.0   4186    7.5   -2.0     51   5.33    330      7  321.3  338.9  322.3
  610.0   4360    5.9   -2.5     55   5.25    335      7  321.4  338.7  322.4
  602.0   4469    4.8   -2.8     58   5.21    325      6  321.4  338.6  322.4
  595.0   4566    3.9   -3.0     60   5.17    335      6  321.4  338.5  322.4
  587.0   4678    2.9   -3.3     64   5.12    310      7  321.4  338.4  322.4
  570.0   4921    0.6   -4.0     71   5.02    325     12  321.4  338.1  322.4
  564.0   5005    0.2   -8.6     52   3.57    330     14  322.0  334.0  322.7
  557.0   5105   -0.2  -13.9     35   2.35    300     11  322.6  330.8  323.1
  550.0   5206   -0.6  -19.4     23   1.51    300     15  323.3  328.6  323.6
  542.0   5323   -1.1  -25.7     13   0.88    305     16  324.1  327.3  324.2
  536.0   5412   -1.5  -30.5      9   0.57    312     16  324.6  326.8  324.7
  529.0   5516   -2.3  -25.8     15   0.89    320     15  324.9  328.2  325.1
  527.0   5546   -2.5  -24.5     17   1.00    322     16  325.0  328.7  325.2
  524.0   5591   -2.9  -25.6     15   0.91    325     17  325.1  328.4  325.2
  517.0   5698   -3.8  -28.3     13   0.72    325     15  325.2  327.9  325.3
  515.0   5728   -4.1  -29.1     12   0.67    323     15  325.2  327.7  325.4
  511.0   5789   -4.6  -27.2     15   0.81    320     14  325.3  328.3  325.5
  500.0   5960   -6.1  -22.1     27   1.31    325     13  325.5  330.3  325.8
  488.0   6150   -7.4  -19.0     39   1.76    320     13  326.1  332.4  326.5
  484.0   6214   -7.9  -17.9     45   1.94    324     12  326.4  333.2  326.8
  477.0   6327   -8.5  -20.7     37   1.56    330     10  327.0  332.6  327.3
  471.0   6426   -9.0  -23.1     31   1.28    325     10  327.6  332.2  327.8
  466.0   6508   -9.4  -25.1     27   1.08    330      7  328.0  332.0  328.2
  465.0   6525   -9.5  -25.5     26   1.04    331      7  328.1  332.0  328.3
  460.0   6608  -10.3  -25.6     27   1.04    335      8  328.2  332.0  328.4
  455.0   6692  -11.0  -25.6     29   1.05    335     10  328.2  332.1  328.4
  437.0   7002  -13.9  -25.9     36   1.07    319     16  328.4  332.4  328.6
  412.0   7448  -16.4  -52.4      3   0.07    295     24  330.8  331.1  330.8
  409.0   7503  -16.7  -55.7      2   0.05    295     23  331.1  331.3  331.1
  408.0   7521  -16.8  -54.2      2   0.06    295     22  331.2  331.5  331.2
  400.0   7670  -17.5  -42.5      9   0.23    295     25  332.2  333.1  332.2
  394.0   7783  -18.1  -52.1      3   0.08    298     25  332.8  333.1  332.8
  391.0   7839  -18.5  -47.4      6   0.14    300     25  333.0  333.5  333.0
  379.0   8071  -20.3  -28.3     49   0.99    313     21  333.6  337.3  333.8
  377.0   8110  -20.5  -28.7     48   0.95    315     20  333.8  337.4  334.0
  372.0   8208  -21.1  -29.9     45   0.87    315     22  334.4  337.7  334.6
  370.0   8248  -21.3  -30.3     44   0.84    315     22  334.6  337.8  334.8
  363.0   8387  -22.5  -33.3     37   0.64    315     22  334.9  337.3  335.0
  346.0   8736  -25.4  -41.0     22   0.31    300     27  335.5  336.8  335.6
  341.0   8842  -26.3  -43.3     19   0.24    298     27  335.7  336.7  335.7
  333.0   9011  -27.9  -44.1     20   0.23    295     26  335.8  336.7  335.8
  325.0   9184  -29.6  -44.9     21   0.22    290     27  335.8  336.7  335.9
  321.0   9273  -30.4  -45.3     22   0.21    290     26  335.9  336.7  335.9
  317.0   9362  -31.2  -45.7     23   0.20    290     27  335.9  336.7  335.9
  313.0   9452  -32.1  -46.1     24   0.20    290     26  335.9  336.7  336.0
  304.0   9657  -33.3  -49.3     19   0.14    300     29  337.1  337.6  337.1
  301.0   9727  -33.5  -48.5     21   0.16    304     31  337.7  338.4  337.8
  300.0   9750  -33.7  -47.7     23   0.17    305     31  337.8  338.5  337.8
  296.0   9844  -34.0  -50.3     18   0.13    300     33  338.6  339.1  338.6
  291.0   9964  -34.5  -53.5     13   0.09    304     35  339.6  340.0  339.6
  289.0  10012  -34.9  -54.1     12   0.08    305     36  339.7  340.1  339.7
  274.0  10382  -37.9  -58.9      9   0.05    297     39  340.5  340.8  340.6
  271.0  10458  -38.2  -57.7     11   0.06    295     40  341.2  341.4  341.2
  270.0  10483  -38.3  -57.3     12   0.06    295     41  341.4  341.7  341.4
  265.0  10612  -38.7  -61.7      7   0.04    297     44  342.6  342.8  342.6
  256.0  10848  -40.7  -60.2     11   0.05    300     49  343.1  343.3  343.1
  252.0  10956  -41.6  -59.5     13   0.05    300     51  343.2  343.5  343.3
  250.0  11010  -42.1  -59.1     14   0.05    300     50  343.3  343.6  343.4
  247.0  11092  -42.9  -59.9     14   0.05    301     49  343.3  343.6  343.3
  236.0  11395  -44.9  -64.0     10   0.03    305     45  344.9  345.0  344.9
  227.0  11653  -46.5  -67.6      7   0.02    305     44  346.2  346.2  346.2
  219.0  11892  -48.1  -70.8      5   0.01    310     45  347.3  347.4  347.3
  213.0  12077  -49.3  -73.4      4   0.01    310     44  348.2  348.3  348.2
  209.0  12203  -50.1  -75.1      4   0.01    308     44  348.9  348.9  348.9
  204.0  12361  -51.1  -76.1      4   0.01    307     44  349.7  349.7  349.7
  202.0  12425  -51.5  -75.5      4   0.01    306     44  350.1  350.1  350.1
  200.0  12490  -51.9  -75.9      4   0.01    305     44  350.4  350.4  350.4
  198.0  12555  -52.3  -75.8      4   0.01    305     44  350.8  350.8  350.8
  194.0  12686  -53.1  -75.6      5   0.01    310     43  351.6  351.6  351.6
  192.0  12752  -53.5  -75.5      5   0.01    308     43  352.0  352.0  352.0
  187.0  12921  -54.1  -79.1      3   0.00    301     41  353.7  353.7  353.7
  186.0  12955  -54.3  -79.2      3   0.00    300     41  353.8  353.9  353.8
  182.0  13091  -55.2  -79.5      3   0.00    300     39  354.6  354.6  354.6
  176.0  13300  -56.6  -80.0      4   0.00    295     42  355.7  355.7  355.7
  166.0  13666  -59.1  -80.8      4   0.00    290     41  357.6  357.6  357.6
  156.0  14055  -61.7  -81.7      5   0.00    305     30  359.6  359.6  359.6
  153.0  14176  -62.5  -82.0      6   0.00    300     27  360.2  360.2  360.2
  150.0  14300  -63.3  -82.3      6   0.00    295     29  360.8  360.9  360.8
  147.0  14424  -64.1  -82.6      6   0.00    290     31  361.6  361.6  361.6
  144.0  14550  -64.8  -83.0      7   0.00    295     32  362.4  362.4  362.4
  143.0  14593  -65.1  -83.1      7   0.00    296     31  362.7  362.7  362.7
  136.0  14897  -66.5  -82.5      9   0.00    305     21  365.4  365.4  365.4
  135.0  14942  -66.7  -82.7      9   0.00    300     21  365.8  365.9  365.8
  134.0  14987  -66.4  -82.6      9   0.00    295     20  367.1  367.1  367.1
  131.0  15125  -65.6  -82.3      8   0.00    285     28  370.9  370.9  370.9
  129.0  15219  -65.1  -82.2      8   0.00    290     32  373.5  373.5  373.5
  125.0  15411  -64.0  -81.8      7   0.00    295     28  378.9  378.9  378.9
  124.0  15460  -63.7  -81.7      7   0.00    298     27  380.3  380.3  380.3
  114.0  15973  -65.3  -83.9      6   0.00    325     17  386.6  386.6  386.6
  108.0  16302  -66.3  -85.3      5   0.00    295      8  390.7  390.7  390.7
  107.0  16359  -66.4  -85.4      5   0.00    290      6  391.5  391.6  391.5
  106.0  16416  -66.5  -85.5      5   0.00    280      7  392.4  392.4  392.4
  105.0  16473  -66.5  -85.5      5   0.00    270      8  393.5  393.5  393.5
  102.0  16649  -65.2  -84.8      5   0.00    310     13  399.2  399.3  399.2
  100.0  16770  -64.3  -84.3      5   0.00    310      8  403.2  403.2  403.2
   97.2  16943  -64.7  -85.7      4   0.00    226      5  405.7  405.8  405.7
   97.0  16956  -64.7  -85.7      4   0.00    220      5  406.0  406.0  406.0
   94.3  17128  -64.3  -86.3      3   0.00    250     11  410.0  410.1  410.1
   93.0  17213  -64.4  -86.4      3   0.00    265     14  411.4  411.4  411.4
   90.5  17380  -64.7  -86.7      3   0.00    269      7  414.1  414.1  414.1
   90.0  17413  -64.6  -86.8      3   0.00    270      6  414.9  414.9  414.9
   89.0  17482  -64.5  -87.0      3   0.00    260      6  416.5  416.6  416.5
   88.0  17551  -64.3  -87.1      3   0.00    265      7  418.2  418.2  418.2
   86.0  17692  -64.0  -87.5      3   0.00    250     10  421.6  421.6  421.6
   84.0  17836  -63.7  -87.9      2   0.00    235     12  425.1  425.1  425.1
   81.7  18006  -63.3  -88.3      2   0.00    249      8  429.2  429.3  429.2
   80.0  18134  -63.6  -88.4      2   0.00    260      5  431.2  431.2  431.2
   79.0  18211  -63.8  -88.5      2   0.00     40      1  432.4  432.4  432.4
   77.0  18368  -64.1  -88.7      2   0.00     85      4  434.8  434.8  434.8
   76.0  18448  -64.3  -88.8      2   0.00    120      4  436.1  436.1  436.1
   75.0  18529  -64.5  -88.8      2   0.00     90      1  437.3  437.3  437.3
   74.0  18611  -64.7  -88.9      2   0.00     60      2  438.6  438.6  438.6
   73.0  18694  -64.9  -89.0      2   0.00     85      4  439.9  439.9  439.9
   72.0  18779  -65.1  -89.1      2   0.00    105      3  441.2  441.2  441.2
   70.0  18950  -65.7  -89.7      2   0.00     95      5  443.5  443.5  443.5
   69.2  19020  -65.9  -89.9      2   0.00     87      7  444.5  444.5  444.5
   69.0  19037  -65.8  -89.8      2   0.00     85      8  445.0  445.0  445.0
   67.7  19153  -65.5  -89.5      2   0.00     69      6  448.2  448.2  448.2
   67.0  19216  -65.3  -89.3      2   0.00     60      5  449.9  449.9  449.9
   66.0  19308  -65.0  -89.0      2   0.00     35      7  452.4  452.5  452.4
   65.5  19354  -64.9  -88.9      2   0.00     49      7  453.7  453.8  453.7
   64.0  19498  -64.0  -88.4      2   0.00     90      9  458.8  458.8  458.8
   63.0  19595  -63.3  -88.0      2   0.00     60     10  462.3  462.3  462.3
   62.0  19694  -62.7  -87.6      2   0.00     70      9  465.8  465.9  465.8
   59.0  20002  -60.7  -86.5      2   0.00     85     23  477.0  477.0  477.0
   57.0  20216  -59.3  -85.7      2   0.00    100     15  484.9  484.9  484.9
   56.0  20325  -58.6  -85.3      2   0.00     70     16  489.0  489.0  489.0
   55.1  20426  -57.9  -84.9      2   0.01     76     19  492.7  492.8  492.7
   53.0  20671  -57.2  -83.6      2   0.01     90     25  499.9  499.9  499.9
   51.6  20841  -56.7  -82.7      2   0.01    106     20  504.9  504.9  504.9
   50.0  21040  -56.9  -82.9      2   0.01    125     15  508.9  509.0  509.0
   49.0  21167  -57.2  -82.8      3   0.01    120     17  511.2  511.3  511.2
   48.0  21297  -57.5  -82.8      3   0.01    125     17  513.6  513.6  513.6
   47.2  21403  -57.7  -82.7      3   0.01    133     11  515.5  515.6  515.5
   47.0  21430  -57.6  -82.7      3   0.01    135     10  516.3  516.3  516.3
   46.0  21566  -57.3  -82.8      3   0.01    130      4  520.2  520.3  520.2
   45.0  21704  -57.0  -82.9      2   0.01     85     12  524.3  524.3  524.3
   44.7  21747  -56.9  -82.9      2   0.01     84     12  525.5  525.6  525.5
   43.2  21962  -56.7  -82.7      2   0.01     76     11  531.1  531.2  531.2
   43.0  21992  -56.6  -82.6      2   0.01     75     11  532.1  532.1  532.1
   41.0  22294  -55.8  -81.8      3   0.01     55      9  541.5  541.6  541.5
   40.4  22387  -55.5  -81.5      3   0.01     64     10  544.4  544.5  544.4
   39.0  22611  -56.2  -81.3      3   0.01     85     13  548.0  548.2  548.1
   38.9  22628  -56.3  -81.3      3   0.01     84     13  548.3  548.4  548.3
   38.1  22759  -56.3  -82.3      2   0.01     78     15  551.6  551.7  551.6
   37.0  22946  -55.5  -81.5      3   0.01     70     17  558.1  558.2  558.1
   36.0  23121  -54.9  -80.9      3   0.02     85     19  564.3  564.5  564.3
   35.0  23300  -54.1  -80.1      3   0.02    100     21  570.8  570.9  570.8
   34.4  23410  -53.7  -79.7      3   0.02     94     24  574.7  574.9  574.7
   34.0  23485  -53.5  -79.5      3   0.02     90     26  577.1  577.3  577.1
   33.0  23677  -53.1  -79.1      3   0.02     95     27  583.2  583.4  583.2
   32.0  23875  -53.0  -79.0      3   0.02    115     24  588.6  588.9  588.6
   31.3  24017  -52.9  -78.9      3   0.03    105     25  592.6  592.8  592.6
   31.0  24079  -53.0  -79.0      3   0.03    100     26  594.0  594.2  594.0
   30.0  24290  -53.3  -79.3      3   0.02     85     27  598.7  599.0  598.7
   29.4  24420  -53.5  -78.5      3   0.03     92     26  601.6  601.9  601.7
   28.1  24710  -53.9  -79.9      3   0.02    107     23  608.4  608.6  608.4
   27.4  24872  -53.7  -79.7      3   0.03    115     21  613.3  613.6  613.3
   27.1  24942  -53.5  -79.5      3   0.03    119     20  615.8  616.1  615.8
   27.0  24966  -53.4  -79.5      3   0.03    120     20  616.7  617.0  616.8
   26.0  25210  -52.4  -79.0      3   0.03     95     27  626.2  626.5  626.2
   25.3  25386  -51.7  -78.7      3   0.03     95     25  633.2  633.5  633.2
   25.0  25463  -51.6  -78.4      3   0.03     95     24  635.7  636.0  635.7
   24.0  25728  -51.2  -77.5      3   0.04    100     29  644.3  644.7  644.3
   23.3  25920  -50.9  -76.9      3   0.05     93     30  650.6  651.0  650.6
   23.0  26004  -50.6  -76.7      3   0.05     90     30  653.9  654.4  653.9
   22.0  26295  -49.5  -76.0      3   0.06     75     22  665.4  665.9  665.4
   21.0  26600  -48.5  -75.3      3   0.07     85     31  677.5  678.2  677.6
   20.5  26757  -47.9  -74.9      3   0.07     78     31  683.9  684.7  684.0
   20.0  26920  -47.3  -74.3      3   0.08     70     32  690.6  691.4  690.7
   19.0  27261  -45.7  -73.6      3   0.10    100     38  705.9  706.9  705.9
   18.9  27296  -45.5  -73.5      3   0.10    100     37  707.5  708.5  707.5
   18.0  27623  -44.5  -72.5      3   0.12     95     31  720.5  721.7  720.6
   17.3  27888  -43.7  -71.7      3   0.14     95     34  731.3  732.7  731.4
   17.0  28005  -43.8  -71.7      3   0.14     95     36  734.6  736.1  734.7
   16.0  28412  -44.2  -71.8      3   0.15     85     36  746.2  747.8  746.3
   15.0  28845  -44.6  -71.8      3   0.16     95     37  758.8  760.4  758.8
   14.3  29165  -44.9  -71.9      3   0.16    109     41  768.2  769.9  768.2
   14.0  29307  -44.6  -71.8      3   0.17    115     43  773.8  775.6  773.9
   13.0  29805  -43.6  -71.5      3   0.19    100     28  793.9  796.0  794.0
   12.9  29856  -43.5  -71.5      3   0.19     97     28  796.0  798.1  796.1
   12.3  30177  -42.9  -70.9      3   0.22     76     29  809.0  811.5  809.1
   12.0  30344  -43.0  -70.5      3   0.24     65     30  814.4  817.1  814.5
   11.7  30515  -43.1  -70.1      4   0.26     69     33  819.9  822.9  820.0
   11.6  30572  -43.1  -70.1      4   0.26     71     34  821.9  824.9  822.1
   11.0  30933  -42.0  -69.7      3   0.29     80     41  838.6  842.1  838.8
   10.0  31580  -39.9  -68.9      3   0.36     95     49  869.5  873.8  869.6
    9.0  32307  -36.5  -66.9      3   0.52     90     49  908.9  915.5  909.2
    8.6  32621  -35.1  -66.1      3   0.61     94     45  926.4  934.2  926.8
    8.5  32702  -34.9  -64.9      3   0.73     95     44  930.3  939.6  930.7
    8.4  32785  -35.3  -65.3      3   0.70     96     43  931.9  940.8  932.3