-----------------------------------------------------------------------------
   PRES   HGHT   TEMP   DWPT   RELH   MIXR   DRCT   SKNT   THTA   THTE   THTV
    hPa     m      C      C      %    g/kg    deg   knot     K      K      K 
-----------------------------------------------------------------------------
 1000.0      3                                                               
  925.0    722                                                               
  869.0   1289   33.8    8.8     21   8.24    220      2  319.5  346.1  321.1
  858.0   1404   31.4    8.4     24   8.12    255     11  318.2  344.3  319.7
  853.0   1456   31.4    5.4     20   6.63    270     15  318.7  340.2  320.0
  850.0   1488   31.4    4.4     18   6.20    280     18  319.0  339.2  320.2
  848.0   1509   31.2    4.2     18   6.13    278     18  319.0  339.0  320.2
  790.1   2134   25.0    5.3     28   7.12    225      6  318.9  341.9  320.2
  785.0   2191   24.4    5.4     29   7.21    230      6  318.9  342.2  320.2
  779.0   2258   23.8    3.8     27   6.49    235      6  318.9  340.0  320.2
  762.9   2438   22.0    3.4     29   6.43    250      6  318.9  339.8  320.1
  736.4   2743   19.0    2.6     34   6.32    250      3  318.8  339.4  320.1
  721.0   2925   17.2    2.2     37   6.26    271      4  318.8  339.1  320.0
  710.6   3048   16.4    1.4     36   5.99    285      5  319.2  338.8  320.4
  703.0   3140   15.8    0.8     36   5.80    281      7  319.6  338.5  320.7
  700.0   3176   15.4    0.4     36   5.66    280      8  319.5  338.0  320.6
  685.0   3353   13.7   -0.1     39   5.57    260     11  319.6  337.9  320.7
  660.0   3658   10.9   -1.0     44   5.42    235     12  319.8  337.6  320.9
  635.9   3962    8.0   -1.9     50   5.28    240     13  320.0  337.3  321.0
  612.6   4267    5.1   -2.7     57   5.13    235     12  320.1  337.0  321.1
  590.2   4572    2.2   -3.6     65   4.99    240     14  320.2  336.6  321.1
  568.6   4877   -0.6   -4.5     75   4.84    245     14  320.2  336.2  321.2
  547.8   5182   -3.5   -5.4     87   4.70    230     15  320.2  335.8  321.1
  545.0   5224   -3.9   -5.5     89   4.68    229     16  320.2  335.7  321.1
  527.1   5486   -5.1   -6.6     89   4.44    225     23  321.8  336.6  322.7
  507.0   5791   -6.6   -7.9     90   4.17    220     20  323.7  337.7  324.5
  500.0   5900   -7.1   -8.4     90   4.08    220     20  324.3  338.1  325.1
  487.5   6096   -8.2   -9.4     91   3.85    215     18  325.2  338.4  326.0
  487.0   6104   -8.3   -9.5     91   3.84    216     18  325.3  338.4  326.1
  470.0   6379  -10.3  -11.6     90   3.37    234     23  326.1  337.7  326.8
  468.6   6401  -10.4  -11.7     90   3.34    235     23  326.2  337.7  326.9
  455.0   6627  -11.7  -13.2     89   3.06    239     30  327.4  338.0  328.0
  451.0   6694  -12.1  -13.3     91   3.06    240     33  327.7  338.4  328.4
  450.3   6706  -12.2  -13.4     91   3.05    240     33  327.8  338.4  328.4
  442.0   6848  -12.9  -14.2     90   2.90    238     34  328.6  338.8  329.2
  432.6   7010  -13.9  -15.3     90   2.71    235     35  329.3  338.8  329.9
  419.0   7252  -15.5  -16.9     89   2.44    239     37  330.4  339.0  330.8
  415.5   7315  -15.8  -17.2     89   2.40    240     37  330.7  339.2  331.2
  409.0   7434  -16.5  -17.8     90   2.32    242     39  331.3  339.6  331.8
  400.0   7600  -17.9  -19.6     87   2.03    245     41  331.6  339.0  332.1
  398.9   7620  -18.1  -19.8     86   2.01    245     43  331.7  338.9  332.1
  396.0   7675  -18.5  -20.3     86   1.93    246     44  331.8  338.8  332.2
  392.0   7751  -19.1  -20.8     86   1.87    247     46  332.0  338.8  332.4
  387.0   7847  -19.5  -21.3     86   1.81    249     47  332.7  339.3  333.1
  383.0   7925  -20.0  -21.7     86   1.77    250     49  333.0  339.5  333.4
  379.0   8003  -20.5  -22.1     87   1.73    249     49  333.4  339.7  333.7
  367.5   8230  -22.8  -25.4     80   1.33    245     47  333.2  338.2  333.5
  367.0   8241  -22.9  -25.5     79   1.32    245     47  333.2  338.1  333.5
  364.0   8301  -23.3  -25.7     81   1.30    244     49  333.5  338.3  333.8
  352.6   8534  -25.6  -32.0     55   0.75    240     55  333.5  336.3  333.6
  351.0   8567  -25.9  -32.9     52   0.69    241     56  333.5  336.1  333.6
  347.0   8650  -26.7  -33.7     52   0.64    242     58  333.5  336.0  333.6
  338.0   8839  -27.9  -38.5     36   0.41    245     62  334.3  335.9  334.4
  327.0   9078  -29.5  -44.5     22   0.22    245     61  335.3  336.2  335.4
  324.0   9144  -29.7  -43.7     24   0.25    245     61  335.9  336.9  336.0
  324.0   9144  -29.7  -43.7     24   0.25    245     61  335.9  336.9  336.0
  313.0   9390  -31.5  -46.5     21   0.19    249     63  336.8  337.5  336.8
  310.4   9449  -31.9  -46.5     22   0.19    250     64  337.0  337.8  337.1
  300.0   9690  -33.5  -46.5     26   0.20    250     68  338.0  338.9  338.1
  299.0   9713  -33.7  -46.7     26   0.19    250     68  338.1  338.9  338.1
  297.3   9754  -33.7  -47.6     23   0.18    250     67  338.6  339.4  338.7
  297.0   9760  -33.7  -47.7     23   0.17    250     67  338.7  339.5  338.8
  294.0   9832  -33.7  -48.7     21   0.16    253     68  339.7  340.4  339.8
  288.0   9976  -34.3  -50.3     18   0.13    257     71  340.9  341.4  340.9
  284.6  10058  -34.9  -51.3     17   0.12    260     72  341.2  341.7  341.2
  280.0  10172  -35.7  -52.7     16   0.10    261     72  341.6  342.1  341.6
  266.0  10526  -38.3  -53.3     19   0.10    264     74  342.9  343.3  342.9
  260.6  10668  -39.0  -54.9     17   0.08    265     74  343.8  344.2  343.8
  260.0  10683  -39.1  -55.1     17   0.08    265     74  343.9  344.3  343.9
  255.0  10815  -40.1  -55.1     19   0.09    268     76  344.4  344.7  344.4
  251.0  10923  -41.1  -55.1     21   0.09    270     78  344.4  344.8  344.4
  250.0  10950  -41.3  -55.3     21   0.08    270     78  344.5  344.9  344.6
  249.2  10973  -41.5  -55.7     20   0.08    265     78  344.5  344.9  344.5
  245.0  11086  -42.7  -57.7     18   0.06    265     79  344.4  344.7  344.4
  240.0  11224  -43.5  -57.5     20   0.07    265     79  345.3  345.6  345.3
  236.0  11336  -44.1  -59.1     17   0.06    265     80  346.0  346.3  346.0
  228.0  11566  -46.1  -60.1     19   0.05    265     81  346.4  346.6  346.4
  227.4  11582  -46.2  -60.3     19   0.05    265     81  346.4  346.7  346.5
  219.0  11831  -48.1  -63.1     16   0.04    267     83  347.3  347.5  347.3
  212.0  12043  -49.7  -61.7     23   0.04    269     85  348.1  348.3  348.1
  207.2  12192  -50.8  -62.1     25   0.04    270     86  348.6  348.8  348.6
  206.0  12229  -51.1  -62.2     25   0.04    270     87  348.8  349.0  348.8
  205.0  12261  -51.3  -62.3     26   0.04    270     87  348.9  349.1  348.9
  200.0  12420  -51.9  -65.9     17   0.03    270     85  350.4  350.6  350.4
  199.0  12452  -51.9  -65.9     17   0.03    270     86  350.9  351.1  350.9
  197.6  12497  -52.0  -66.2     17   0.03    270     87  351.4  351.5  351.4
  191.0  12718  -52.7  -67.7     15   0.02    270     84  353.8  353.9  353.8
  188.5  12802  -53.2  -67.6     16   0.02    270     83  354.3  354.4  354.3
  187.0  12854  -53.5  -67.5     17   0.02    270     83  354.6  354.8  354.6
  179.8  13106  -54.9  -70.5     13   0.02    270     85  356.3  356.4  356.3
  178.0  13170  -55.3  -71.3     12   0.01    271     83  356.7  356.8  356.7
  169.0  13500  -56.7  -71.7     13   0.01    276     74  359.7  359.8  359.7
  165.0  13651  -57.7  -72.7     13   0.01    279     70  360.5  360.6  360.5
  163.3  13716  -57.9  -72.9     13   0.01    280     68  361.3  361.4  361.3
  161.0  13806  -58.1  -73.1     13   0.01    280     65  362.4  362.4  362.4
  155.0  14045  -58.7  -76.7      8   0.01    280     58  365.3  365.4  365.3
  150.0  14250  -60.3  -76.3     11   0.01    280     51  366.0  366.0  366.0
  148.2  14326  -61.1  -77.5     10   0.01    275     57  365.9  365.9  365.9
  145.0  14460  -62.5  -79.5      9   0.01    277     54  365.7  365.8  365.7
  141.1  14630  -63.1  -78.6     11   0.01    280     50  367.5  367.6  367.5
  140.0  14676  -63.3  -78.3     11   0.01    281     48  368.0  368.1  368.0
  134.2  14935  -64.8  -81.8      8   0.00    285     40  369.8  369.8  369.8
  134.0  14944  -64.9  -81.9      8   0.00    284     40  369.8  369.8  369.8
  129.0  15175  -67.3  -83.3      9   0.00    269     33  369.6  369.6  369.6
  127.6  15240  -67.8  -83.6      9   0.00    265     31  369.7  369.7  369.7
  124.0  15412  -69.3  -84.3     10   0.00    250     28  370.1  370.1  370.1
  123.0  15460  -69.3  -83.3     12   0.00    250     28  371.0  371.0  371.0
  121.3  15545  -68.7  -82.5     12   0.00    250     28  373.6  373.6  373.6
  115.3  15850  -66.6  -79.7     14   0.01    245     32  383.0  383.0  383.0
  114.0  15917  -66.1  -79.1     15   0.01    248     33  385.1  385.1  385.1
  112.0  16025  -65.9  -78.9     15   0.01    254     35  387.4  387.4  387.4
  110.0  16134  -66.1  -78.1     17   0.01    259     38  389.0  389.1  389.0
  109.6  16154  -66.2  -78.3     17   0.01    260     38  389.2  389.3  389.2
  106.0  16358  -67.1  -80.1     14   0.01    257     39  391.2  391.3  391.2
  104.2  16459  -67.5  -79.6     16   0.01    255     40  392.5  392.5  392.5
  104.0  16473  -67.5  -79.5     17   0.01    257     39  392.6  392.7  392.6
  101.0  16650  -66.3  -79.3     15   0.01    289     30  398.2  398.3  398.2
  100.0  16710  -65.3  -78.3     15   0.01    300     27  401.3  401.4  401.3
   99.1  16764  -65.1  -78.1     15   0.01    270     37  402.8  402.8  402.8
   98.5  16802  -64.9  -77.9     15   0.01    283     29  403.8  403.9  403.8
   98.4  16808  -64.9  -77.9     15   0.01    285     28  403.9  404.0  403.9
   97.0  16896  -65.0  -78.0     15   0.01    315     11  405.3  405.4  405.3
   96.4  16934  -65.1  -78.1     15   0.01    326     10  405.9  406.0  405.9
   94.2  17074  -65.5  -78.5     15   0.01      8      5  407.8  407.9  407.8
   92.3  17199  -65.3  -77.3     17   0.01     44      2  410.6  410.7  410.6
   92.0  17218  -65.4  -77.3     18   0.01     50      1  410.8  410.8  410.8
   91.0  17285  -65.7  -77.5     18   0.01    310      1  411.4  411.5  411.4
   89.0  17420  -66.4  -77.7     19   0.01    260      4  412.7  412.8  412.7
   88.0  17488  -66.7  -77.8     20   0.01    265      6  413.4  413.4  413.4
   87.5  17523  -66.9  -77.9     20   0.01    263      7  413.7  413.8  413.7
   86.5  17592  -67.1  -79.1     17   0.01    258      8  414.6  414.7  414.6
   85.0  17698  -66.3  -78.3     17   0.01    250     11  418.2  418.3  418.2
   84.9  17705  -66.3  -78.3     17   0.01    251     11  418.5  418.6  418.5
   84.0  17770  -65.5  -77.5     17   0.01    255     13  421.4  421.4  421.4
   83.3  17821  -64.9  -76.9     18   0.01    258     12  423.6  423.7  423.6
   81.0  17992  -64.3  -77.3     15   0.01    270     10  428.2  428.3  428.2
   80.9  18000  -64.3  -77.3     15   0.01    269     10  428.4  428.5  428.4
   80.2  18053  -64.3  -77.3     15   0.01    262     10  429.5  429.6  429.5
   79.0  18145  -64.5  -76.7     17   0.01    250     10  431.0  431.1  431.0
   78.6  18176  -64.5  -76.5     18   0.01    253     11  431.5  431.6  431.5
   76.0  18383  -63.7  -75.7     18   0.02    275     14  437.4  437.6  437.4
   74.9  18472  -63.3  -75.3     18   0.02    288     13  440.0  440.1  440.0
   74.2  18530  -62.9  -74.9     18   0.02    296     12  442.1  442.2  442.1
   73.0  18631  -62.6  -74.6     18   0.02    310     10  444.8  444.9  444.8
   71.8  18733  -62.3  -74.3     19   0.02    301      9  447.5  447.6  447.5
   71.0  18802  -62.1  -73.7     20   0.03    295      8  449.3  449.5  449.3
   70.1  18881  -61.9  -72.9     22   0.03    286     11  451.4  451.6  451.4
   70.0  18890  -61.9  -72.9     22   0.03    285     11  451.6  451.8  451.6
   68.0  19069  -62.6  -74.2     19   0.02    285     12  453.9  454.1  453.9
   67.0  19160  -62.9  -74.9     18   0.02    297     13  455.1  455.3  455.1
   66.0  19253  -62.5  -74.0     20   0.03    310     15  458.0  458.2  458.0
   65.1  19337  -62.1  -73.1     22   0.03    332     14  460.6  460.8  460.6
   64.0  19443  -61.5  -72.9     20   0.03      0     12  464.3  464.5  464.3
   63.0  19540  -60.9  -72.8     19   0.03      5     12  467.7  467.9  467.7
   62.7  19570  -60.7  -72.7     19   0.03      6     13  468.7  468.9  468.7
   62.0  19640  -60.4  -72.0     20   0.04     10     14  470.9  471.1  470.9
   60.9  19751  -59.9  -70.9     22   0.04     24     12  474.4  474.7  474.4
   60.0  19844  -59.8  -71.5     20   0.04     35     10  476.7  477.0  476.7
   59.6  19886  -59.7  -71.7     19   0.04     25      9  477.8  478.1  477.8
   59.0  19949  -59.7  -71.7     19   0.04     10      8  479.2  479.4  479.2
   58.0  20056  -59.7  -71.7     19   0.04     15     10  481.5  481.8  481.5
   57.8  20077  -59.7  -71.7     19   0.04     17     10  482.0  482.3  482.0
   57.0  20165  -59.5  -71.0     21   0.05     25      8  484.5  484.8  484.5
   56.0  20275  -59.1  -70.2     23   0.05     45     11  487.6  488.0  487.7
   55.9  20286  -59.1  -70.1     23   0.05     45     11  488.0  488.3  488.0
   55.0  20388  -58.5  -70.2     21   0.05     45      9  491.6  492.0  491.6
   54.7  20423  -58.3  -70.3     20   0.05     42     10  492.9  493.2  492.9
   54.0  20504  -57.8  -69.8     20   0.06     35     12  495.8  496.2  495.8
   52.4  20693  -56.7  -68.7     21   0.07     43     14  502.6  503.1  502.7
   52.0  20742  -56.8  -68.8     21   0.07     45     14  503.6  504.0  503.6
   51.0  20865  -57.0  -69.0     20   0.07     65      9  505.9  506.4  505.9
   50.5  20927  -57.1  -69.1     20   0.07     55      9  507.0  507.5  507.1
   50.0  20990  -57.1  -69.1     20   0.07     45      8  508.5  509.0  508.5
   49.9  21003  -57.1  -69.1     20   0.07     42      8  508.8  509.3  508.8
   49.0  21118  -57.0  -69.0     20   0.07     15     12  511.7  512.2  511.7
   48.4  21196  -56.9  -68.9     21   0.07     32     11  513.7  514.2  513.7
   47.0  21381  -57.1  -70.1     18   0.06     71      9  517.5  518.0  517.6
   46.5  21449  -57.1  -69.1     20   0.07     85      9  519.1  519.7  519.2
   46.0  21517  -57.0  -69.0     20   0.08    100      8  521.1  521.6  521.1
   45.1  21642  -56.7  -68.7     21   0.08     60     11  524.7  525.2  524.7
   45.0  21656  -56.7  -68.8     20   0.08     55     11  525.1  525.7  525.1
   44.2  21770  -56.3  -69.3     18   0.08     59     13  528.7  529.2  528.7
   44.0  21799  -56.2  -69.2     18   0.08     60     13  529.7  530.2  529.7
   43.0  21945  -55.5  -69.0     17   0.08     85      9  534.7  535.3  534.7
   42.0  22095  -54.9  -68.7     17   0.09     95      9  539.9  540.6  539.9
   41.4  22187  -54.5  -68.5     16   0.09     86      9  543.1  543.8  543.1
   41.0  22249  -54.3  -68.5     16   0.09     80      9  545.1  545.8  545.2
   39.5  22488  -53.5  -68.5     14   0.10     91     13  553.0  553.7  553.0
   39.0  22569  -53.8  -69.2     13   0.09     95     15  554.3  555.0  554.3
   38.4  22669  -54.1  -70.1     12   0.08     95     15  555.9  556.5  556.0
   37.5  22821  -54.5  -70.5     12   0.08     95     14  558.7  559.3  558.7
   37.0  22907  -54.4  -71.8     10   0.06     95     14  561.2  561.7  561.2
   36.0  23082  -54.0  -74.5      6   0.04     75     15  566.4  566.8  566.4
   35.5  23172  -53.9  -75.9      5   0.04     80     19  569.1  569.4  569.1
   35.0  23262  -54.1  -76.5      5   0.03     85     24  570.9  571.2  570.9
   34.0  23448  -54.4  -77.7      4   0.03     80     18  574.8  575.0  574.8
   33.2  23600  -54.7  -78.7      4   0.02     84     20  577.9  578.1  578.0
   32.0  23836  -54.1  -78.5      3   0.03     90     22  585.6  585.8  585.6
   31.0  24040  -53.6  -78.4      3   0.03     90     17  592.2  592.5  592.2
   30.3  24186  -53.3  -78.3      3   0.03     90     22  597.0  597.3  597.0
   30.0  24250  -53.1  -78.1      3   0.03     90     24  599.3  599.5  599.3
   29.0  24469  -52.7  -77.7      3   0.03     95     21  606.2  606.5  606.2
   28.0  24696  -52.9  -77.8      3   0.03    105     31  611.9  612.2  611.9
   27.7  24765  -52.9  -77.9      3   0.03    106     30  613.6  614.0  613.7
   27.0  24932  -52.3  -77.5      3   0.04    110     28  619.9  620.2  619.9
   26.0  25177  -51.4  -76.8      3   0.04    100     23  629.2  629.6  629.3
   25.0  25432  -50.4  -76.2      3   0.05     85     18  639.1  639.5  639.1
   24.3  25617  -49.7  -75.7      3   0.05     85     16  646.3  646.8  646.3
   24.0  25699  -49.5  -75.5      3   0.06     85     15  649.1  649.6  649.1
   23.0  25978  -48.9  -74.9      3   0.06     95     19  658.8  659.4  658.8
   22.6  26093  -48.7  -74.7      3   0.07     93     19  662.8  663.4  662.8
   22.1  26241  -48.3  -74.3      3   0.07     91     18  668.2  668.9  668.3
   22.0  26271  -48.3  -74.3      3   0.07     90     18  669.2  669.9  669.2
   21.0  26578  -47.9  -73.9      3   0.08     90     21  679.3  680.1  679.3
   20.0  26900  -47.5  -73.5      3   0.09     90     25  690.0  690.9  690.0
   19.0  27239  -47.7  -73.7      3   0.09    120     21  699.6  700.6  699.7
   18.9  27274  -47.7  -73.7      3   0.09    116     21  700.6  701.6  700.7
   18.0  27596  -47.3  -73.3      4   0.11     80     17  711.9  712.9  711.9
   17.3  27859  -46.9  -72.9      4   0.12     83     28  721.1  722.3  721.2
   17.0  27974  -47.0  -73.0      4   0.12     85     33  724.2  725.4  724.3
   16.5  28172  -47.3  -73.3      4   0.11     87     32  729.6  730.8  729.7
   16.0  28377  -46.3  -72.6      3   0.13     90     31  739.4  740.8  739.5
   15.0  28807  -44.1  -71.1      3   0.17     80     25  760.3  762.2  760.4
   14.9  28851  -43.9  -70.9      3   0.18     81     25  762.5  764.5  762.6
   14.0  29271  -43.2  -70.2      4   0.21     90     29  778.7  781.0  778.8
   13.2  29667  -42.5  -69.5      4   0.25     94     33  794.2  797.0  794.3
   13.0  29770  -42.4  -69.5      4   0.25     95     34  798.0  800.9  798.2
   12.0  30312  -41.9  -69.5      3   0.27     95     33  818.4  821.6  818.6
   11.4  30659  -41.5  -69.5      3   0.29     83     28  831.8  835.1  831.9
   11.0  30902  -41.2  -69.2      3   0.31     75     24  841.2  844.9  841.4
   10.5  31218  -40.9  -68.9      3   0.34     80     30  853.8  857.8  853.9
   10.2  31415  -40.7  -68.7      3   0.36     83     34  861.6  865.9  861.8
   10.0  31550  -40.9  -68.9      3   0.36     85     36  865.7  870.0  865.9
    9.8  31687  -40.9  -68.9      3   0.36     85     36  870.8  875.2  870.9
    9.0  32269  -39.5  -68.3      3   0.43     85     37  897.7  903.1  897.9
    8.8  32422  -39.1  -68.1      3   0.45     83     39  904.9  910.6  905.1
    8.0  33078  -37.1  -65.1      4   0.75     75     45  937.8  947.5  938.2
    7.6  33432  -37.5  -65.5      4   0.75                950.1  959.8  950.5
    7.2  33806  -37.1  -65.1      4   0.84                966.5  977.5  967.0
    7.0  34001  -36.9  -64.9      4   0.89                975.1  986.9  975.6