-----------------------------------------------------------------------------
   PRES   HGHT   TEMP   DWPT   RELH   MIXR   DRCT   SKNT   THTA   THTE   THTV
    hPa     m      C      C      %    g/kg    deg   knot     K      K      K 
-----------------------------------------------------------------------------
 1000.0     30                                                               
  925.0    752                                                               
  872.0   1289   35.8    4.8     15   6.22    325      7  321.3  341.8  322.5
  867.0   1342   34.2   -0.8     11   4.18    320      9  320.1  334.1  320.9
  862.0   1394   33.6   -0.5     11   4.30    315     11  320.1  334.4  320.9
  852.0   1501   32.4    0.1     13   4.54    325     11  319.9  335.0  320.8
  850.0   1522   32.2    0.2     13   4.59    335      9  319.9  335.1  320.8
  842.0   1606   31.4    0.1     13   4.60    335      9  319.9  335.1  320.8
  829.0   1744   30.1   -0.1     14   4.61    350      9  319.9  335.2  320.8
  824.0   1797   29.6   -0.2     15   4.61    345     10  319.9  335.2  320.8
  813.0   1917   28.4   -0.3     15   4.62    330     11  319.9  335.2  320.8
  796.0   2104   26.6   -0.6     17   4.63    325      9  320.0  335.3  320.9
  794.0   2126   26.4   -0.6     17   4.63    328      9  320.0  335.3  320.9
  779.0   2291   24.8   -0.7     19   4.68    350     12  319.9  335.4  320.9
  770.0   2391   23.8   -0.8     20   4.71    340     11  319.9  335.5  320.9
  761.0   2492   22.8   -0.9     21   4.74    350      8  319.9  335.6  320.9
  743.0   2699   20.7   -1.0     23   4.80      0     11  319.9  335.8  320.8
  733.0   2816   19.6   -1.1     25   4.84    355     12  319.9  335.8  320.8
  724.0   2922   18.5   -1.2     26   4.87    355      9  319.8  335.9  320.8
  716.0   3018   17.5   -1.3     28   4.90    350     10  319.8  336.0  320.8
  707.0   3127   16.4   -1.3     30   4.93    355     12  319.8  336.0  320.7
  700.0   3213   15.6   -1.4     31   4.96      0     13  319.7  336.1  320.7
  699.0   3225   15.5   -1.4     31   4.95      0     13  319.7  336.1  320.7
  691.0   3320   14.6   -1.7     32   4.90      5     10  319.8  335.9  320.7
  684.0   3404   13.8   -2.0     34   4.85      5      9  319.8  335.8  320.8
  677.0   3490   13.0   -2.3     35   4.81     10     10  319.8  335.7  320.8
  670.0   3576   12.1   -2.5     36   4.76      5      7  319.9  335.6  320.8
  663.0   3663   11.3   -2.8     37   4.71     35     10  319.9  335.5  320.8
  656.0   3750   10.5   -3.1     38   4.67     10      8  319.9  335.4  320.8
  642.0   3929    8.8   -3.6     41   4.57     20      7  320.0  335.1  320.8
  635.0   4020    7.9   -3.9     43   4.53     15      9  320.0  335.0  320.9
  629.0   4098    7.1   -4.2     44   4.48     20      7  320.0  334.8  320.9
  622.0   4191    6.2   -4.5     46   4.44     15      8  320.0  334.7  320.9
  617.0   4258    5.6   -4.7     48   4.40     10      8  320.0  334.6  320.9
  611.0   4339    4.8   -4.9     49   4.36     20      9  320.0  334.5  320.9
  603.0   4448    3.8   -5.3     52   4.30     15      8  320.0  334.3  320.8
  591.0   4614    2.2   -5.8     55   4.22     27     10  320.0  334.0  320.8
  588.0   4655    1.9   -7.4     50   3.74     30     10  320.1  332.6  320.9
  582.0   4737    1.4  -10.7     40   2.92     20     15  320.4  330.3  321.0
  576.0   4820    0.8  -14.0     32   2.25     20     13  320.7  328.5  321.2
  570.0   4903    0.2  -17.4     25   1.72     20     11  321.0  327.1  321.4
  564.0   4988   -0.3  -20.8     20   1.30     15      9  321.3  325.9  321.6
  547.0   5232   -2.0  -30.6      9   0.55     30     11  322.2  324.2  322.3
  540.0   5335   -2.7  -34.7      6   0.37     15     11  322.5  324.0  322.6
  534.0   5424   -3.3  -38.3      5   0.26      8     11  322.8  323.9  322.9
  527.0   5528   -4.2  -37.9      5   0.28      0     10  323.0  324.1  323.0
  520.0   5633   -5.1  -37.5      6   0.29      0     12  323.1  324.3  323.2
  514.0   5724   -5.8  -37.2      6   0.31    355     12  323.3  324.5  323.4
  512.0   5755   -6.1  -37.1      7   0.31    355     11  323.3  324.6  323.4
  509.0   5801   -6.5  -37.5      7   0.30    355     10  323.5  324.6  323.5
  502.0   5909   -7.3  -38.3      6   0.28    355     12  323.8  324.9  323.8
  500.0   5940   -7.5  -38.5      6   0.28    355     13  323.8  324.9  323.9
  496.0   6003   -7.7  -40.7      5   0.22    343     13  324.3  325.2  324.4
  490.0   6097   -8.4  -42.8      4   0.18    325     14  324.6  325.3  324.6
  484.0   6192   -9.1  -45.0      4   0.14    335     14  324.9  325.4  324.9
  471.0   6403  -10.7  -49.7      2   0.09    326     18  325.4  325.8  325.5
  470.0   6419  -10.8  -50.0      2   0.08    325     18  325.5  325.8  325.5
  465.0   6502  -11.5  -51.5      2   0.07    325     18  325.6  325.9  325.6
  460.0   6584  -12.2  -48.0      3   0.11    320     19  325.8  326.3  325.8
  453.0   6702  -13.1  -43.1      6   0.19    324     21  326.1  326.8  326.1
  451.0   6735  -13.3  -45.0      5   0.15    325     21  326.3  326.9  326.3
  447.0   6803  -13.6  -49.0      3   0.10    320     20  326.6  327.1  326.7
  444.0   6854  -13.9  -51.9      2   0.07    321     21  326.9  327.2  326.9
  436.0   6992  -15.0  -48.2      4   0.11    325     22  327.3  327.8  327.3
  429.0   7115  -15.9  -44.9      6   0.16    329     22  327.6  328.3  327.6
  428.0   7132  -16.0  -45.3      6   0.16    330     22  327.8  328.4  327.8
  426.0   7168  -16.1  -46.1      6   0.14    329     22  328.0  328.6  328.1
  420.0   7274  -16.7  -52.7      3   0.07    325     23  328.6  328.9  328.6
  416.0   7346  -17.1  -57.1      2   0.04    327     23  329.0  329.1  329.0
  412.0   7419  -17.5  -57.3      2   0.04    330     23  329.3  329.5  329.3
  401.0   7621  -18.8  -57.9      2   0.04    325     23  330.2  330.4  330.3
  400.0   7640  -18.9  -57.9      2   0.04    325     23  330.3  330.5  330.4
  386.0   7903  -20.5  -59.5      2   0.03    321     26  331.6  331.8  331.6
  384.0   7941  -20.8  -59.8      2   0.03    320     27  331.8  331.9  331.8
  383.0   7960  -20.9  -59.9      2   0.03    321     27  331.8  332.0  331.8
  370.0   8211  -22.2  -60.8      2   0.03    330     28  333.3  333.4  333.3
  361.0   8390  -23.2  -61.4      2   0.03    330     30  334.4  334.5  334.4
  353.0   8553  -24.1  -62.0      2   0.03    330     32  335.4  335.5  335.4
  337.0   8890  -25.9  -63.1      2   0.02    325     30  337.3  337.4  337.4
  332.0   8999  -26.5  -63.5      2   0.02    325     29  338.0  338.1  338.0
  330.0   9042  -26.7  -63.7      2   0.02    325     29  338.3  338.4  338.3
  325.0   9151  -27.3  -64.3      2   0.02    321     31  338.9  339.0  338.9
  312.0   9441  -29.2  -65.2      2   0.02    310     37  340.2  340.3  340.2
  308.0   9533  -29.9  -65.5      2   0.02    305     34  340.6  340.7  340.6
  300.0   9720  -31.1  -66.1      2   0.02    315     36  341.4  341.5  341.4
  295.0   9837  -31.9  -66.7      2   0.02    320     38  341.9  342.0  341.9
  282.0  10151  -34.1  -68.1      2   0.01    315     40  343.1  343.2  343.1
  266.0  10558  -37.0  -70.1      2   0.01    300     38  344.7  344.8  344.7
  254.0  10879  -39.3  -71.6      2   0.01    310     33  345.9  345.9  345.9
  251.0  10962  -39.9  -72.0      2   0.01    305     30  346.2  346.2  346.2
  250.0  10990  -40.1  -72.1      2   0.01    305     31  346.3  346.4  346.3
  242.0  11211  -42.3  -73.5      2   0.01    300     31  346.3  346.3  346.3
  239.0  11296  -43.1  -74.1      2   0.01    300     33  346.3  346.3  346.3
  237.0  11353  -43.5  -74.5      2   0.01    302     33  346.5  346.5  346.5
  225.0  11702  -46.1  -77.1      2   0.00    311     34  347.7  347.7  347.7
  221.0  11822  -46.9  -77.9      2   0.00    315     34  348.3  348.3  348.3
  215.0  12004  -48.1  -78.3      2   0.00    320     34  349.2  349.2  349.2
  206.0  12286  -49.9  -78.9      2   0.00    310     32  350.6  350.6  350.6
  204.0  12350  -50.3  -79.3      2   0.00    312     31  351.0  351.0  351.0
  200.0  12480  -50.9  -79.9      2   0.00    315     29  352.0  352.0  352.0
  197.0  12578  -51.6  -80.3      2   0.00    315     29  352.4  352.4  352.4
  192.0  12744  -52.9  -81.0      2   0.00    315     30  353.0  353.0  353.0
  191.0  12778  -53.1  -81.1      2   0.00    315     29  353.1  353.1  353.1
  181.0  13121  -55.2  -79.3      4   0.00    320     24  355.2  355.2  355.2
  176.0  13300  -56.3  -78.3      5   0.00    312     28  356.2  356.2  356.2
  175.0  13336  -56.3  -77.3      5   0.01    310     29  356.8  356.8  356.8
  173.0  13409  -55.6  -79.6      4   0.00    310     25  359.1  359.1  359.1
  171.0  13483  -54.9  -81.9      2   0.00    310     22  361.5  361.5  361.5
  169.0  13558  -55.1  -83.1      2   0.00    307     24  362.4  362.4  362.4
  168.0  13595  -55.3  -83.2      2   0.00    305     25  362.6  362.6  362.6
  162.0  13825  -56.7  -84.0      2   0.00    315     30  364.2  364.2  364.2
  160.0  13903  -57.1  -84.2      2   0.00    315     29  364.7  364.7  364.7
  153.0  14185  -58.8  -85.1      2   0.00    300     33  366.6  366.6  366.6
  151.0  14268  -59.2  -85.4      2   0.00    295     33  367.1  367.1  367.1
  150.0  14310  -59.5  -85.5      2   0.00    295     33  367.4  367.4  367.4
  140.0  14738  -62.3  -87.3      2   0.00    310     28  369.8  369.8  369.8
  138.0  14826  -62.9  -88.9      2   0.00    313     27  370.2  370.2  370.2
  131.0  15144  -65.1  -90.3      2   0.00    325     23  371.9  371.9  371.9
  129.0  15237  -65.7  -90.7      2   0.00    325     23  372.4  372.4  372.4
  128.0  15284  -65.8  -90.8      2   0.00    320     24  373.1  373.1  373.1
  127.0  15332  -65.9  -90.9      2   0.00    320     23  373.7  373.7  373.7
  124.0  15477  -65.1  -90.1      2   0.00    310     21  377.7  377.7  377.7
  122.0  15576  -64.7  -89.7      2   0.00    320     23  380.2  380.2  380.2
  117.0  15830  -65.5  -90.5      2   0.00    340     15  383.3  383.3  383.3
  114.0  15987  -66.1  -90.1      2   0.00    327     12  385.1  385.1  385.1
  113.0  16041  -66.3  -90.3      2   0.00    323     11  385.7  385.7  385.7
  110.0  16203  -66.5  -90.5      2   0.00    310      8  388.3  388.3  388.3
  108.0  16314  -66.1  -91.1      2   0.00    300      8  391.1  391.1  391.1
  107.0  16370  -65.9  -90.9      2   0.00    315      8  392.5  392.5  392.5
  105.0  16484  -65.5  -90.5      2   0.00     15      7  395.4  395.4  395.4
  104.0  16542  -65.3  -90.3      2   0.00     50      6  396.8  396.8  396.8
  102.0  16660  -65.7  -90.2      2   0.00    120      5  398.3  398.3  398.3
  100.0  16780  -66.1  -90.1      2   0.00    160      6  399.8  399.8  399.8
   98.0  16902  -66.7  -90.7      2   0.00    185      7  401.0  401.0  401.0
   97.1  16958  -66.9  -90.9      2   0.00    212      6  401.6  401.6  401.6
   96.0  17027  -66.7  -90.7      2   0.00    245      5  403.3  403.3  403.3
   94.2  17142  -66.3  -90.3      2   0.00      2      5  406.2  406.2  406.2
   94.0  17155  -66.3  -90.3      2   0.00     15      5  406.4  406.4  406.4
   92.1  17279  -66.7  -90.7      2   0.00     38      9  408.1  408.1  408.1
   90.8  17365  -66.7  -90.7      2   0.00     55     12  409.7  409.7  409.7
   90.0  17419  -66.4  -90.7      2   0.00     65     14  411.3  411.3  411.3
   89.0  17487  -66.1  -90.7      2   0.00     55     13  413.3  413.3  413.3
   87.9  17562  -65.7  -90.7      2   0.00     66     12  415.6  415.6  415.6
   86.4  17667  -65.1  -90.1      2   0.00     81     10  418.8  418.8  418.8
   86.0  17695  -65.2  -90.1      2   0.00     85     10  419.2  419.2  419.2
   85.0  17767  -65.4  -90.1      2   0.00     95     11  420.2  420.2  420.2
   81.6  18015  -66.1  -90.1      2   0.00     78     16  423.7  423.7  423.7
   80.0  18135  -66.3  -90.3      2   0.00     70     19  425.7  425.7  425.7
   78.3  18266  -66.5  -90.5      2   0.00     78     16  427.9  427.9  427.9
   77.0  18368  -66.0  -90.3      2   0.00     85     14  431.0  431.0  431.0
   76.0  18447  -65.6  -90.2      2   0.00     75     11  433.4  433.4  433.4
   74.8  18544  -65.1  -90.1      2   0.00     75     15  436.4  436.4  436.4
   74.0  18610  -64.6  -89.6      2   0.00     75     18  438.8  438.8  438.8
   72.8  18710  -63.9  -88.9      2   0.00     81     19  442.4  442.4  442.4
   71.0  18863  -64.5  -88.9      2   0.00     90     20  444.2  444.2  444.2
   70.0  18950  -64.9  -88.9      2   0.00     85     21  445.2  445.2  445.2
   69.0  19037  -65.3  -88.8      3   0.00     85     20  446.3  446.3  446.3
   67.8  19144  -65.7  -88.7      3   0.00     91     18  447.6  447.6  447.6
   67.5  19171  -65.7  -88.7      3   0.00     92     17  448.1  448.1  448.1
   66.0  19308  -64.8  -88.4      3   0.00    100     14  453.0  453.0  453.0
   64.0  19495  -63.6  -88.0      2   0.00     80     21  459.6  459.7  459.6
   62.6  19630  -62.7  -87.7      2   0.00     94     19  464.5  464.5  464.5
   61.0  19790  -62.1  -87.1      2   0.00    110     16  469.4  469.4  469.4
   60.1  19881  -61.7  -86.7      2   0.00    115     18  472.2  472.2  472.2
   60.0  19892  -61.7  -86.7      2   0.00    115     18  472.4  472.4  472.4
   58.0  20101  -61.7  -85.9      3   0.00    125      8  477.0  477.0  477.0
   57.4  20165  -61.7  -85.7      3   0.00    110      7  478.4  478.4  478.4
   57.0  20208  -61.7  -85.7      3   0.00    100      7  479.4  479.4  479.4
   56.0  20318  -61.7  -85.7      3   0.00     95      9  481.8  481.8  481.8
   55.2  20406  -61.7  -85.7      3   0.00     75      4  483.8  483.8  483.8
   55.0  20429  -61.6  -85.7      3   0.00     70      3  484.4  484.5  484.4
   54.0  20542  -61.3  -85.8      3   0.00    355      4  487.7  487.7  487.7
   52.7  20693  -60.9  -85.9      2   0.00     23     10  492.1  492.1  492.1
   51.6  20824  -60.3  -85.3      2   0.01     47     16  496.5  496.5  496.5
   51.0  20897  -60.0  -85.0      2   0.01     60     19  498.8  498.9  498.8
   50.0  21020  -59.5  -84.5      3   0.01     50     21  502.8  502.9  502.8
   49.4  21096  -58.9  -83.9      3   0.01     47     23  506.0  506.0  506.0
   49.0  21147  -58.7  -83.7      3   0.01     45     25  507.6  507.7  507.6
   47.0  21409  -57.7  -82.7      3   0.01     75     12  516.2  516.2  516.2
   46.0  21545  -57.1  -82.2      3   0.01     55     11  520.6  520.7  520.6
   45.9  21559  -57.1  -82.1      3   0.01     57     11  521.1  521.1  521.1
   44.0  21827  -56.5  -81.5      3   0.01     95     21  528.9  529.0  528.9
   42.9  21987  -56.1  -81.1      3   0.01    109     17  533.7  533.8  533.7
   42.0  22122  -56.5  -81.5      3   0.01    120     14  536.0  536.1  536.0
   41.9  22137  -56.5  -81.5      3   0.01    120     14  536.3  536.4  536.3
   40.1  22415  -57.3  -82.3      3   0.01    111      9  541.1  541.2  541.1
   40.0  22431  -57.3  -82.3      3   0.01    110      9  541.5  541.6  541.5
   39.5  22510  -57.1  -82.1      3   0.01     98     12  543.9  544.0  543.9
   38.0  22756  -56.5  -81.5      3   0.01     60     20  551.5  551.6  551.5
   37.4  22857  -56.7  -81.7      3   0.01     60     22  553.5  553.6  553.5
   37.2  22891  -56.7  -81.7      3   0.01     60     22  554.3  554.5  554.3
   37.0  22925  -56.6  -81.6      3   0.01     60     23  555.5  555.6  555.5
   36.0  23100  -55.9  -81.2      3   0.02     70     24  561.5  561.7  561.5
   35.0  23279  -55.3  -80.8      3   0.02     80     20  567.8  567.9  567.8
   34.0  23464  -54.6  -80.3      3   0.02     70     27  574.3  574.5  574.3
   33.0  23655  -53.9  -79.9      3   0.02     75     28  581.1  581.2  581.1
   32.0  23853  -53.1  -79.1      3   0.02     70     39  588.3  588.5  588.3
   31.0  24058  -52.3  -78.3      3   0.03     80     36  595.8  596.0  595.8
   30.0  24270  -51.5  -77.5      3   0.03     85     37  603.6  603.9  603.6
   29.7  24335  -51.5  -77.5      3   0.03     86     35  605.4  605.7  605.4
   29.2  24445  -51.5  -77.5      3   0.03     89     32  608.3  608.6  608.3
   29.0  24490  -51.5  -77.5      3   0.03     90     31  609.5  609.8  609.5
   28.4  24625  -51.5  -77.5      3   0.04     84     32  613.2  613.5  613.2
   28.0  24718  -51.1  -77.2      3   0.04     80     32  616.6  617.0  616.6
   27.0  24956  -50.3  -76.6      3   0.04     85     37  625.5  625.9  625.6
   26.0  25203  -49.4  -75.9      3   0.05     70     27  634.9  635.4  635.0
   25.0  25459  -48.4  -75.2      3   0.06     90     32  644.8  645.4  644.9
   24.3  25645  -47.7  -74.7      3   0.06     97     35  652.1  652.7  652.1
   24.0  25727  -47.6  -74.7      3   0.06    100     37  654.6  655.2  654.6
   23.2  25951  -47.5  -74.5      3   0.07    104     36  661.4  662.0  661.4
   23.0  26008  -47.6  -74.5      3   0.07    105     36  662.8  663.4  662.8
   22.0  26301  -48.0  -74.2      3   0.08    110     31  670.0  670.8  670.1
   21.7  26391  -48.1  -74.1      3   0.08    107     31  672.3  673.1  672.4
   21.6  26422  -48.1  -74.1      3   0.08    106     31  673.2  674.0  673.2
   21.0  26608  -47.5  -73.9      3   0.08    100     30  680.4  681.2  680.5
   20.0  26930  -46.5  -73.5      3   0.09    105     19  693.1  694.0  693.1
   19.5  27098  -45.9  -72.9      3   0.10     98     24  700.0  701.0  700.0
   19.0  27271  -45.7  -72.7      3   0.11     90     29  705.8  706.9  705.8
   18.5  27449  -45.5  -72.5      3   0.11     97     31  711.8  713.0  711.9
   18.0  27631  -45.6  -72.5      3   0.12    105     33  717.0  718.1  717.0
   17.0  28012  -46.0  -72.5      3   0.12    105     31  727.8  729.1  727.8
   16.0  28415  -46.3  -72.5      4   0.13     95     23  739.5  740.9  739.5
   15.3  28713  -46.5  -72.5      4   0.14     88     28  748.2  749.7  748.3
   15.0  28844  -46.6  -72.3      4   0.15     85     30  752.0  753.6  752.1
   14.3  29161  -46.9  -71.9      4   0.16     75     37  761.4  763.2  761.5
   14.0  29302  -47.1  -73.1      4   0.14     70     40  765.4  766.9  765.5
   13.0  29796  -44.5  -71.3      3   0.20     85     35  790.7  792.9  790.8
   12.7  29952  -43.7  -70.7      3   0.22     86     38  798.8  801.3  798.9
   12.3  30168  -43.3  -70.3      4   0.24     88     41  807.6  810.3  807.7
   12.0  30334  -43.5  -70.2      4   0.25     90     44  812.5  815.3  812.6
   11.3  30738  -44.1  -70.1      4   0.27     90     38  824.5  827.6  824.6
   11.2  30797  -44.1  -70.1      4   0.27     90     38  826.6  829.7  826.7
   11.0  30918  -43.9  -70.2      4   0.27     90     36  831.6  834.7  831.7
   10.6  31167  -43.5  -70.5      3   0.27     88     36  841.9  845.1  842.0
   10.1  31493  -42.9  -68.9      4   0.35     86     36  855.8  860.0  856.0
   10.0  31560  -42.9  -69.9      4   0.31     85     36  858.3  862.0  858.4
    9.8  31696  -43.1  -69.1      4   0.35     88     38  862.5  866.8  862.7
    9.6  31835  -43.3  -69.3      4   0.35     91     41  866.8  871.1  867.0
    9.0  32274  -41.6  -68.6      4   0.42    100     48  889.6  894.7  889.8
    8.0  33076  -38.4  -67.2      3   0.56     70     42  932.5  939.8  932.8
    7.9  33161  -38.1  -67.1      3   0.58     70     41  937.2  944.7  937.5
    7.6  33428  -37.3  -65.3      4   0.77     72     40  950.9  960.9  951.3
    7.5  33520  -37.5  -65.5      4   0.76     72     39  953.7  963.6  954.1
    7.4  33612  -38.1  -66.1      4   0.71     73     38  954.9  964.2  955.3