-----------------------------------------------------------------------------
   PRES   HGHT   TEMP   DWPT   RELH   MIXR   DRCT   SKNT   THTA   THTE   THTV
    hPa     m      C      C      %    g/kg    deg   knot     K      K      K 
-----------------------------------------------------------------------------
 1000.0     81                                                               
  925.0    778                                                               
  873.0   1289   24.6    8.6     36   8.09    135      3  309.5  334.6  311.0
  864.0   1379   24.3    9.9     40   8.94    145     10  310.1  337.8  311.8
  862.0   1399   24.2   10.2     41   9.14    151     10  310.2  338.6  311.9
  852.0   1501   24.5    8.9     37   8.45    180      9  311.6  338.0  313.2
  850.0   1521   24.6    8.6     36   8.31    185      9  311.9  337.9  313.5
  849.0   1531   24.6    8.6     36   8.32    185      9  312.0  338.1  313.6
  839.0   1635   24.1    8.1     36   8.13    190     10  312.5  338.1  314.1
  830.0   1729   23.6    7.6     36   7.96    180     10  313.0  338.1  314.5
  823.0   1803   23.2    7.2     36   7.83    195     10  313.4  338.1  314.9
  822.0   1814   23.2    7.2     36   7.81    196     10  313.4  338.1  314.9
  809.0   1952   22.1    6.8     37   7.69    205      7  313.7  338.0  315.1
  795.0   2103   20.9    6.3     38   7.57    200      7  314.0  338.0  315.4
  790.0   2158   20.5    6.1     39   7.52    210      6  314.1  337.9  315.5
  782.0   2246   19.8    5.8     40   7.45    230      8  314.3  337.9  315.7
  780.0   2268   19.6    5.7     40   7.42    235      8  314.3  337.9  315.7
  761.0   2478   18.1    4.8     42   7.15    250      3  314.9  337.6  316.2
  752.0   2579   17.3    4.4     42   7.02    255      5  315.1  337.5  316.4
  743.0   2682   16.5    4.0     43   6.89    260      4  315.3  337.4  316.7
  716.0   2997   14.2    2.6     46   6.51    230      4  316.1  337.0  317.3
  707.0   3105   13.4    2.2     47   6.39    250      4  316.4  336.9  317.6
  703.0   3153   13.0    2.0     47   6.33    256      4  316.5  336.8  317.7
  700.0   3189   13.0    2.0     47   6.36    260      4  316.9  337.3  318.1
  691.0   3296   12.0    1.5     48   6.19    270      7  317.0  336.9  318.1
  665.0   3613    9.2   -0.1     52   5.73    245     11  317.3  335.8  318.4
  659.0   3688    8.5   -0.5     53   5.62    240     11  317.3  335.6  318.4
  643.0   3892    6.7   -1.5     56   5.34    250     14  317.5  334.9  318.5
  635.0   3995    5.8   -2.1     57   5.20    255     13  317.6  334.6  318.6
  620.0   4193    4.0   -3.1     60   4.95    245     14  317.8  333.9  318.7
  618.0   4220    3.8   -3.2     60   4.91    246     14  317.8  333.8  318.7
  612.0   4299    3.2   -3.8     60   4.74    250     12  318.0  333.5  318.9
  607.0   4366    2.6   -4.4     60   4.57    259     13  318.0  333.0  318.9
  604.0   4406    2.2   -4.8     60   4.47    265     13  318.1  332.7  318.9
  596.0   4513    1.2   -5.8     60   4.19    260     14  318.1  331.9  318.9
  591.0   4581    0.6   -6.4     59   4.03    263     16  318.1  331.4  318.9
  580.0   4732   -0.8   -7.8     59   3.69    270     19  318.2  330.5  318.9
  576.0   4787   -1.3   -8.3     59   3.57    270     20  318.3  330.1  318.9
  573.0   4829   -1.5   -9.1     56   3.37    270     21  318.4  329.7  319.1
  567.0   4912   -2.0  -10.7     52   3.01    270     21  318.9  329.0  319.4
  560.0   5011   -2.6  -12.5     46   2.62    280     20  319.3  328.2  319.8
  549.0   5169   -3.5  -15.5     39   2.10    274     22  320.0  327.3  320.4
  541.0   5284   -4.5  -14.2     47   2.37    270     23  320.2  328.3  320.6
  532.0   5416   -5.7  -12.7     58   2.72    273     23  320.3  329.6  320.8
  528.0   5476   -6.1  -14.1     53   2.45    275     23  320.5  328.9  321.0
  516.0   5655   -7.5  -14.1     59   2.50    270     24  320.9  329.5  321.4
  511.0   5731   -8.1  -14.1     62   2.53    274     25  321.1  329.8  321.6
  509.0   5762   -8.2  -14.6     60   2.43    275     25  321.3  329.6  321.8
  500.0   5900   -8.9  -16.9     52   2.05    265     24  322.1  329.2  322.5
  493.0   6009   -9.3  -20.3     40   1.55    265     24  322.9  328.4  323.2
  486.0   6119  -10.1  -18.1     52   1.90    265     23  323.3  329.9  323.6
  483.0   6166  -10.4  -19.9     45   1.63    265     23  323.5  329.2  323.8
  473.0   6326  -11.4  -26.2     28   0.96    270     17  324.1  327.6  324.3
  467.0   6424  -12.1  -30.0     21   0.68    265     16  324.5  327.1  324.6
  465.0   6457  -12.3  -31.3     19   0.61    267     16  324.6  326.9  324.8
  461.0   6523  -12.3  -40.3      8   0.25    271     15  325.4  326.4  325.5
  457.0   6589  -12.6  -36.6     11   0.36    275     14  325.9  327.3  325.9
  452.0   6673  -13.0  -32.0     19   0.58    270     13  326.4  328.6  326.5
  451.0   6690  -13.1  -31.1     21   0.64    268     13  326.5  328.9  326.6
  444.0   6808  -13.9  -34.9     15   0.45    256     14  326.9  328.7  327.0
  432.0   7015  -15.3  -30.3     27   0.72    234     16  327.7  330.4  327.9
  430.0   7050  -15.5  -32.9     21   0.56    230     16  327.9  330.0  328.0
  425.0   7137  -16.1  -39.6     11   0.29    235     17  328.3  329.4  328.3
  411.0   7388  -17.7  -58.7      1   0.03    242     13  329.3  329.5  329.3
  405.0   7498  -18.8  -57.1      2   0.04    245     11  329.3  329.5  329.3
  400.0   7590  -19.7  -55.7      3   0.05    245     11  329.3  329.5  329.3
  389.0   7796  -21.5  -48.4      7   0.12    260     13  329.5  330.0  329.6
  384.0   7891  -22.4  -45.0     11   0.18    260     14  329.6  330.4  329.7
  381.0   7949  -22.9  -42.9     14   0.23    260     15  329.7  330.6  329.7
  380.0   7968  -23.1  -43.3     14   0.22    260     15  329.7  330.6  329.8
  366.0   8241  -25.5  -48.5     10   0.13    260     18  330.0  330.6  330.1
  362.0   8321  -26.0  -46.4     13   0.16    260     19  330.4  331.0  330.4
  360.0   8361  -26.3  -45.3     15   0.19    262     20  330.5  331.3  330.6
  356.0   8442  -26.5  -48.5     11   0.13    267     22  331.3  331.9  331.3
  353.0   8503  -26.3  -53.3      6   0.08    270     24  332.4  332.7  332.4
  349.0   8585  -26.8  -58.1      3   0.04    275     23  332.8  333.0  332.8
  343.0   8710  -27.5  -65.5      1   0.02    269     22  333.5  333.6  333.5
  333.0   8922  -29.2  -65.2      2   0.02    260     21  334.0  334.1  334.0
  328.0   9030  -30.1  -65.1      2   0.02    264     21  334.2  334.3  334.2
  326.0   9073  -30.3  -65.7      2   0.02    265     21  334.5  334.6  334.5
  322.0   9161  -30.8  -66.8      2   0.01    260     22  335.1  335.1  335.1
  317.0   9272  -31.3  -68.3      1   0.01    262     25  335.8  335.9  335.8
  307.0   9498  -32.9  -69.0      1   0.01    265     32  336.6  336.7  336.6
  306.0   9521  -33.1  -69.1      1   0.01    265     32  336.7  336.8  336.7
  301.0   9637  -33.6  -69.6      1   0.01    265     31  337.6  337.6  337.6
  300.0   9660  -33.7  -69.7      1   0.01    265     30  337.8  337.8  337.8
  297.0   9729  -34.1  -70.0      1   0.01    265     30  338.2  338.2  338.2
  294.0   9800  -34.5  -70.2      1   0.01    260     32  338.6  338.7  338.6
  284.0  10039  -35.8  -71.2      1   0.01    265     27  340.1  340.1  340.1
  280.0  10137  -36.4  -71.6      1   0.01    265     25  340.7  340.7  340.7
  273.0  10312  -37.3  -72.3      1   0.01    260     31  341.7  341.8  341.7
  270.0  10388  -37.8  -72.6      1   0.01    260     30  342.2  342.2  342.2
  263.0  10570  -38.8  -73.3      1   0.01    265     29  343.3  343.3  343.3
  256.0  10756  -39.8  -74.0      1   0.01    260     28  344.4  344.5  344.4
  250.0  10920  -40.7  -74.7      1   0.01    260     30  345.4  345.4  345.4
  247.0  11002  -41.3  -75.3      1   0.01    260     31  345.7  345.8  345.7
  244.0  11084  -41.8  -75.8      1   0.01    260     32  346.3  346.3  346.3
  243.0  11112  -41.9  -75.9      1   0.01    260     32  346.4  346.5  346.4
  240.0  11196  -42.4  -76.0      1   0.01    260     31  347.0  347.0  347.0
  234.0  11366  -43.3  -76.3      1   0.01    263     36  348.1  348.1  348.1
  231.0  11453  -43.6  -76.6      1   0.00    265     38  348.9  348.9  348.9
  225.0  11629  -44.2  -77.2      1   0.00    265     35  350.6  350.6  350.6
  224.0  11659  -44.3  -77.3      1   0.00    265     34  350.9  350.9  350.9
  223.0  11689  -44.4  -77.4      1   0.00    265     33  351.1  351.2  351.1
  221.0  11749  -44.7  -77.7      1   0.00    266     34  351.6  351.7  351.6
  214.0  11962  -45.8  -78.5      1   0.00    270     36  353.2  353.2  353.2
  209.0  12119  -46.6  -79.0      1   0.00    275     31  354.3  354.4  354.3
  206.0  12214  -47.1  -79.4      1   0.00    270     30  355.0  355.0  355.0
  203.0  12311  -47.6  -79.7      1   0.00    270     32  355.7  355.7  355.7
  200.0  12410  -48.1  -80.1      1   0.00    270     31  356.4  356.5  356.4
  190.0  12748  -50.1  -81.2      1   0.00    245     25  358.5  358.5  358.5
  189.0  12782  -50.3  -81.3      1   0.00    244     25  358.7  358.7  358.7
  185.0  12920  -51.3  -82.1      1   0.00    240     25  359.3  359.3  359.3
  170.0  13463  -55.3  -85.1      1   0.00    265     32  361.5  361.5  361.5
  161.0  13813  -57.8  -87.0      1   0.00    270     20  362.9  362.9  362.9
  158.0  13934  -58.7  -87.7      1   0.00    259     19  363.3  363.3  363.3
  157.0  13974  -59.0  -88.0      1   0.00    255     18  363.5  363.5  363.5
  155.0  14055  -59.5  -88.5      1   0.00    251     19  363.9  363.9  363.9
  153.0  14136  -59.9  -88.9      1   0.00    247     20  364.6  364.6  364.6
  152.0  14177  -60.2  -88.9      1   0.00    245     21  364.7  364.7  364.7
  150.0  14260  -60.9  -88.9      1   0.00    245     24  365.0  365.0  365.0
  144.0  14512  -61.9  -89.1      2   0.00    260     30  367.5  367.5  367.5
  137.0  14819  -63.1  -89.3      2   0.00    290     23  370.6  370.6  370.6
  136.0  14864  -63.3  -89.3      2   0.00    288     22  371.1  371.1  371.1
  127.0  15281  -65.7  -87.7      3   0.00    270     13  374.1  374.1  374.1
  125.0  15377  -65.9  -87.9      3   0.00    265     12  375.4  375.4  375.4
  124.0  15426  -65.9  -87.9      3   0.00    260     15  376.3  376.3  376.3
  120.0  15624  -65.3  -87.3      3   0.00    270     19  380.9  380.9  380.9
  117.0  15778  -65.7  -87.1      4   0.00    290     15  383.0  383.0  383.0
  115.0  15882  -65.9  -86.9      4   0.00    290     13  384.5  384.5  384.5
  114.0  15935  -65.8  -87.3      4   0.00    285     13  385.6  385.6  385.6
  112.0  16042  -65.7  -88.2      3   0.00    290     11  387.8  387.8  387.8
  109.0  16207  -65.5  -89.5      2   0.00    280      6  391.2  391.2  391.2
  106.0  16376  -65.5  -90.5      2   0.00    292     10  394.3  394.3  394.3
  104.0  16491  -65.3  -91.3      2   0.00    300     12  396.8  396.8  396.8
  103.0  16550  -65.0  -91.0      2   0.00    305     11  398.5  398.5  398.5
  102.0  16609  -64.7  -90.7      2   0.00    303     11  400.2  400.2  400.2
  101.0  16669  -64.7  -91.2      2   0.00    300     10  401.3  401.3  401.3
  100.0  16730  -64.7  -91.7      1   0.00    290     11  402.4  402.5  402.4
   95.0  17043  -65.6  -92.6      1   0.00    345      3  406.7  406.7  406.7
   94.2  17094  -65.7  -92.7      1   0.00    323      3  407.4  407.4  407.4
   93.0  17172  -65.3  -92.3      1   0.00    290      2  409.7  409.7  409.7
   92.0  17238  -65.0  -92.0      1   0.00    280      7  411.6  411.7  411.6
   91.0  17305  -64.6  -91.6      1   0.00    290      9  413.6  413.6  413.6
   90.1  17365  -64.3  -91.3      1   0.00    286      8  415.4  415.4  415.4
   89.0  17441  -64.0  -91.0      1   0.00    280      6  417.5  417.5  417.5
   87.1  17573  -63.5  -90.5      1   0.00    302     12  421.1  421.1  421.1
   86.0  17651  -63.6  -90.6      1   0.00    315     16  422.3  422.4  422.3
   83.7  17817  -63.9  -90.9      1   0.00    331     14  425.1  425.1  425.1
   81.0  18019  -63.1  -90.1      2   0.00    350     11  430.6  430.6  430.6
   79.5  18134  -62.7  -89.7      2   0.00    357     12  433.8  433.9  433.8
   79.0  18173  -62.8  -89.8      2   0.00      0     13  434.5  434.5  434.5
   78.0  18251  -62.9  -89.9      2   0.00     10     11  435.7  435.7  435.7
   77.0  18331  -63.1  -90.1      2   0.00     10     10  437.0  437.0  437.0
   75.0  18493  -62.4  -89.3      2   0.00    355      8  441.9  441.9  441.9
   74.0  18576  -62.0  -89.0      2   0.00    350      6  444.4  444.4  444.4
   73.3  18635  -61.7  -88.7      2   0.00     18      6  446.1  446.1  446.1
   73.0  18660  -61.8  -88.8      2   0.00     30      6  446.5  446.5  446.5
   71.3  18806  -62.1  -89.1      2   0.00     77     12  448.8  448.8  448.8
   71.0  18832  -62.0  -89.0      2   0.00     85     13  449.5  449.5  449.5
   70.0  18920  -61.9  -88.9      2   0.00    100     12  451.6  451.6  451.6
   69.0  19009  -62.0  -89.0      2   0.00    115      9  453.2  453.2  453.2
   68.2  19081  -62.1  -89.1      2   0.00     75      7  454.6  454.6  454.6
   67.9  19108  -62.1  -89.1      2   0.00     60      7  455.1  455.1  455.1
   67.0  19191  -61.7  -88.7      2   0.00     15      5  457.6  457.7  457.6
   66.9  19200  -61.7  -88.7      2   0.00     14      5  457.9  457.9  457.9
   65.1  19369  -60.7  -87.7      2   0.00    347      6  463.7  463.7  463.7
   65.0  19379  -60.7  -87.7      2   0.00    345      6  463.9  463.9  463.9
   64.0  19475  -60.9  -87.9      2   0.00    345      2  465.6  465.6  465.6
   62.0  19672  -61.2  -88.2      2   0.00    195      5  469.0  469.1  469.0
   61.6  19712  -61.3  -88.3      2   0.00    211      4  469.8  469.8  469.8
   61.0  19773  -61.4  -88.4      2   0.00    235      2  470.9  470.9  470.9
   59.1  19969  -61.7  -88.7      2   0.00    349      9  474.4  474.5  474.4
   59.0  19979  -61.7  -88.7      2   0.00    355      9  474.7  474.7  474.7
   58.0  20085  -61.5  -88.5      2   0.00     35     11  477.4  477.4  477.4
   57.0  20193  -61.4  -88.4      2   0.00     65     14  480.1  480.1  480.1
   56.4  20258  -61.3  -88.3      2   0.00     68     13  481.7  481.8  481.7
   56.0  20303  -61.1  -88.1      2   0.00     70     13  483.2  483.2  483.2
   55.0  20415  -60.5  -87.5      2   0.00     60     11  487.0  487.0  487.0
   54.6  20460  -60.3  -87.3      2   0.00     56     13  488.5  488.5  488.5
   54.0  20529  -60.1  -87.1      2   0.00     50     17  490.5  490.5  490.5
   53.0  20646  -59.8  -86.8      2   0.00     50     23  493.9  493.9  493.9
   51.5  20825  -59.3  -86.3      2   0.00     67     17  499.1  499.1  499.1
   50.0  21010  -59.1  -86.1      2   0.00     85     11  503.8  503.8  503.8
   48.3  21227  -58.3  -85.3      2   0.01     60     15  510.7  510.7  510.7
   48.0  21266  -58.4  -85.4      2   0.01     55     16  511.4  511.5  511.4
   47.0  21399  -58.6  -85.6      2   0.01     65     18  513.9  514.0  513.9
   46.0  21534  -58.9  -85.9      2   0.01     65     20  516.5  516.5  516.5
   45.9  21547  -58.9  -85.9      2   0.01     65     20  516.7  516.8  516.7
   45.0  21672  -58.7  -85.7      2   0.01     65     15  520.2  520.2  520.2
   44.2  21785  -58.5  -85.5      2   0.01     61     17  523.3  523.4  523.3
   43.0  21958  -57.7  -85.1      2   0.01     55     21  529.4  529.5  529.4
   41.0  22259  -56.3  -84.3      2   0.01     81     26  540.1  540.2  540.1
   40.0  22416  -56.1  -84.1      2   0.01     95     29  544.4  544.5  544.4
   39.9  22432  -56.1  -84.1      2   0.01     95     29  544.9  544.9  544.9
   39.0  22577  -56.3  -83.3      2   0.01     95     28  547.9  548.0  547.9
   38.4  22676  -56.1  -83.1      2   0.01     83     27  550.9  550.9  550.9
   38.0  22742  -56.0  -83.5      2   0.01     75     27  552.8  552.8  552.8
   37.6  22810  -55.9  -83.9      2   0.01     83     27  554.7  554.8  554.7
   36.0  23087  -55.4  -83.0      2   0.01    115     26  562.8  562.9  562.8
   35.0  23267  -55.1  -82.5      2   0.01    100     20  568.1  568.3  568.2
   34.0  23452  -54.8  -81.9      2   0.01     90     20  573.7  573.8  573.7
   33.6  23527  -54.7  -81.7      2   0.02     90     21  576.0  576.1  576.0
   33.0  23642  -54.9  -81.9      2   0.01     90     23  578.4  578.5  578.4
   32.0  23838  -55.3  -82.3      2   0.01     80     21  582.5  582.7  582.5
   31.0  24041  -55.6  -82.6      2   0.01     85     28  586.9  587.0  586.9
   30.3  24187  -55.9  -82.9      2   0.01     95     25  590.0  590.1  590.0
   30.0  24250  -55.9  -82.9      2   0.01    100     23  591.6  591.8  591.7
   29.9  24271  -55.9  -82.9      2   0.01    101     23  592.2  592.3  592.2
   29.0  24467  -54.8  -82.2      2   0.02    110     20  600.4  600.6  600.4
   28.0  24691  -53.5  -81.3      2   0.02     95     15  610.0  610.1  610.0
   27.5  24807  -52.9  -80.9      2   0.02     97     18  614.9  615.1  614.9
   27.0  24925  -52.7  -80.5      2   0.02    100     21  618.7  618.9  618.7
   26.0  25169  -52.3  -79.6      2   0.03     75     22  626.5  626.7  626.5
   25.4  25320  -52.1  -79.1      2   0.03     84     19  631.3  631.6  631.3
   25.0  25423  -51.8  -79.2      2   0.03     90     17  635.2  635.5  635.2
   24.5  25553  -51.3  -79.3      2   0.03     75     22  640.2  640.5  640.2
   24.0  25688  -51.0  -79.0      2   0.03     60     28  644.9  645.2  644.9
   23.0  25966  -50.3  -78.3      2   0.04     65     29  654.7  655.0  654.7
   22.0  26257  -49.6  -77.7      2   0.04     75     35  665.1  665.5  665.1
   21.0  26560  -48.9  -76.9      2   0.05    100     31  676.1  676.6  676.1
   20.4  26750  -48.5  -76.5      2   0.06     97     35  683.1  683.6  683.1
   20.0  26880  -48.5  -76.5      2   0.06     95     37  687.0  687.5  687.0
   19.0  27216  -49.0  -76.7      3   0.06    100     31  695.5  696.1  695.5
   18.0  27570  -49.5  -76.9      3   0.06    100     36  704.7  705.3  704.7
   17.0  27945  -50.1  -77.1      3   0.06    105     27  714.5  715.1  714.5
   16.0  28343  -48.4  -76.0      3   0.08     70     33  732.6  733.4  732.6
   15.3  28637  -47.1  -75.1      3   0.09     73     34  746.2  747.2  746.3
   15.0  28769  -46.8  -74.8      3   0.10     75     34  751.5  752.6  751.5
   14.0  29229  -45.7  -73.7      3   0.13     65     42  770.2  771.6  770.3
   13.0  29722  -44.5  -72.5      3   0.16     85     45  790.8  792.7  790.9
   12.7  29878  -44.1  -72.1      3   0.18     84     43  797.4  799.5  797.5
   12.4  30038  -43.7  -72.7      3   0.17     82     40  804.3  806.2  804.4
   12.0  30260  -42.8  -71.8      3   0.20     80     37  815.1  817.4  815.2
   11.3  30666  -41.1  -70.1      3   0.27     83     43  835.3  838.4  835.4
   11.0  30849  -40.6  -69.9      3   0.28     85     45  843.5  846.8  843.6
   10.1  31432  -39.1  -69.1      3   0.34    107     41  870.0  874.1  870.1
   10.0  31500  -38.9  -68.9      3   0.36    110     40  873.2  877.5  873.4
    9.5  31852  -38.5  -68.5      3   0.40    105     40  887.6  892.5  887.8
    9.3  31998  -38.7  -67.7      3   0.45    103     40  892.2  897.9  892.5
    9.0  32224  -38.4  -68.2      3   0.44    100     40  901.8  907.3  902.0
    8.9  32301  -38.3  -68.3      3   0.44     98     39  905.1  910.5  905.3
    8.8  32378  -38.1  -68.1      3   0.45     95     39  908.8  914.5  909.0
    8.5  32617  -37.7  -67.7      3   0.50     88     37  919.4  925.7  919.6
    8.0  33036  -36.9  -66.9      3   0.59     75     33  938.6  946.3  939.0
    7.8  33211  -36.7  -66.7      3   0.62     79     35  946.2  954.3  946.6
    7.1  33862  -37.3  -67.3      3   0.63     93     43  969.5  978.0  969.9
    7.0  33960  -37.1  -67.1      3   0.66     95     44  974.3  983.1  974.7
    6.6  34368  -35.7  -65.7      3   0.84     91     48  996.7 1008.2  997.2
    6.4  34582  -35.5  -65.5      3   0.89     89     50 1006.3 1018.7 1006.9
    6.3  34692  -35.7  -65.7      3   0.88     88     51 1010.0 1022.3 1010.6