-----------------------------------------------------------------------------
   PRES   HGHT   TEMP   DWPT   RELH   MIXR   DRCT   SKNT   THTA   THTE   THTV
    hPa     m      C      C      %    g/kg    deg   knot     K      K      K 
-----------------------------------------------------------------------------
 1000.0     69                                                               
  925.0    767                                                               
  872.0   1289   25.4    6.4     30   6.96    175      2  310.5  332.3  311.8
  850.0   1514   29.0    4.0     20   6.03    100      8  316.5  336.0  317.7
  844.0   1577   28.8    2.8     19   5.58     97      8  316.9  335.1  318.0
  813.0   1907   26.2    2.2     21   5.55     83      8  317.6  335.6  318.7
  785.0   2214   24.6   -1.4     18   4.42     69      8  319.1  333.7  319.9
  702.0   3177   16.0    0.0     34   5.48     26      7  319.9  337.9  321.0
  700.0   3201   15.8   -0.2     34   5.42     25      7  319.9  337.8  321.0
  537.0   5370   -3.7   -6.8     79   4.30    310      9  321.8  336.2  322.7
  533.0   5429   -4.1   -7.4     78   4.14    308      9  322.0  335.9  322.9
  525.0   5548   -4.9   -8.6     75   3.83    304     10  322.5  335.4  323.2
  521.0   5608   -4.9   -9.7     69   3.53    302     10  323.2  335.2  323.9
  500.0   5930   -7.5  -11.2     75   3.27    290     10  323.8  335.0  324.5
  489.0   6104   -8.7  -12.0     77   3.13    293     11  324.4  335.2  325.0
  483.0   6200   -9.1  -13.8     69   2.74    295     11  325.1  334.6  325.6
  470.0   6411  -10.7  -13.7     79   2.84    298     13  325.6  335.5  326.2
  455.0   6661  -12.1  -15.8     74   2.47    303     14  326.9  335.6  327.4
  448.0   6780  -12.9  -16.4     75   2.38    305     14  327.4  335.7  327.8
  442.0   6883  -13.7  -16.9     77   2.32    307     15  327.6  335.8  328.1
  434.0   7023  -14.7  -18.0     76   2.15    309     16  328.1  335.7  328.5
  425.0   7182  -15.9  -18.9     78   2.03    312     17  328.5  335.7  328.9
  421.0   7253  -16.3  -19.9     74   1.88    313     17  328.9  335.6  329.2
  415.0   7362  -15.7  -21.7     60   1.63    315     18  331.0  336.9  331.3
  401.0   7621  -17.1  -31.1     29   0.72    320     19  332.4  335.2  332.6
  400.0   7640  -17.1  -31.1     29   0.72    320     19  332.7  335.4  332.8
  380.0   8021  -20.1  -27.1     54   1.10    320     22  333.6  337.8  333.9
  377.0   8079  -20.5  -28.5     49   0.97    320     23  333.9  337.5  334.1
  372.0   8177  -21.5  -28.5     53   0.99    320     23  333.8  337.5  334.0
  358.0   8458  -23.1  -32.1     44   0.73    320     26  335.3  338.2  335.5
  337.0   8896  -26.5  -37.5     35   0.45    320     29  336.6  338.4  336.6
  313.0   9422  -31.3  -38.3     50   0.45    320     33  337.0  338.8  337.1
  303.0   9650  -32.9  -40.9     45   0.36    320     35  337.9  339.4  338.0
  300.0   9720  -33.3  -41.3     44   0.34    320     36  338.3  339.7  338.4
  297.0   9791  -33.9  -41.9     44   0.33    319     37  338.4  339.8  338.5
  275.0  10328  -37.7  -48.7     31   0.17    315     42  340.5  341.2  340.5
  271.0  10429  -38.7  -48.7     34   0.17    314     43  340.4  341.2  340.5
  264.0  10609  -40.1  -51.1     30   0.13    313     44  341.0  341.5  341.0
  253.0  10899  -42.3  -53.3     29   0.11    311     47  341.9  342.3  341.9
  251.0  10953  -42.7  -53.7     29   0.10    310     48  342.1  342.5  342.1
  250.0  10980  -42.9  -53.9     29   0.10    310     48  342.1  342.6  342.2
  245.0  11115  -43.9  -60.9     13   0.04    309     47  342.6  342.8  342.6
  243.0  11170  -44.3  -59.3     17   0.05    309     47  342.8  343.1  342.9
  237.0  11337  -45.1  -61.1     15   0.04    308     46  344.1  344.3  344.1
  230.0  11536  -46.3  -64.3     11   0.03    306     44  345.2  345.4  345.2
  214.0  12011  -48.9  -71.9      5   0.01    303     41  348.4  348.4  348.4
  204.0  12322  -51.3  -74.3      5   0.01    301     39  349.4  349.4  349.4
  200.0  12450  -52.3  -75.3      5   0.01    300     38  349.8  349.8  349.8
  159.0  13907  -60.1  -77.1      9   0.01    284     45  360.3  360.3  360.3
  157.0  13986  -60.3  -77.3      9   0.01    283     46  361.3  361.3  361.3
  152.0  14188  -60.1  -77.1      9   0.01    281     47  365.0  365.0  365.0
  150.0  14270  -60.7  -77.7      9   0.01    280     47  365.3  365.3  365.3
  139.0  14742  -62.3  -80.3      7   0.00    280     36  370.5  370.6  370.5
  138.0  14787  -62.3  -80.3      7   0.00    280     35  371.3  371.3  371.3
  136.0  14877  -62.3  -81.3      6   0.00    280     33  372.9  372.9  372.9
  132.0  15061  -63.1  -81.1      7   0.00    280     29  374.6  374.6  374.6
  129.0  15203  -63.9  -81.9      7   0.00    280     26  375.6  375.7  375.6
  123.0  15493  -66.1  -83.1      8   0.00    280     19  376.8  376.8  376.8
  118.0  15746  -64.5  -81.5      8   0.00    282     16  384.2  384.3  384.2
  115.0  15904  -63.9  -81.9      7   0.00    283     14  388.2  388.2  388.2
  112.0  16066  -64.1  -82.1      7   0.00    285     13  390.8  390.8  390.8
  110.0  16176  -64.1  -83.1      6   0.00    285     11  392.8  392.8  392.8
  107.0  16346  -63.9  -82.9      6   0.00    287     10  396.3  396.3  396.3
  102.0  16639  -64.5  -84.5      5   0.00    289      6  400.6  400.6  400.6
  100.0  16760  -64.3  -84.3      5   0.00    290      5  403.2  403.2  403.2
   98.0  16883  -64.2  -84.8      4   0.00    270      3  405.8  405.8  405.8
   97.0  16946  -64.1  -85.0      4   0.00    300      6  407.1  407.1  407.1
   96.7  16965  -64.1  -85.1      4   0.00    307      6  407.5  407.5  407.5
   95.0  17073  -64.3  -85.5      4   0.00    345      4  409.1  409.1  409.1
   94.0  17137  -64.5  -85.8      4   0.00     50      5  410.1  410.1  410.1
   90.0  17402  -65.1  -86.8      4   0.00    175      1  414.0  414.0  414.0
   88.0  17539  -65.4  -87.3      3   0.00     25      1  416.1  416.1  416.1
   87.2  17594  -65.5  -87.5      3   0.00      9      4  416.9  416.9  416.9
   87.0  17608  -65.5  -87.5      3   0.00      5      5  417.2  417.2  417.2
   85.0  17749  -65.4  -87.4      3   0.00     50     11  420.2  420.2  420.2
   83.3  17872  -65.3  -87.3      3   0.00     33     14  422.8  422.8  422.8
   83.0  17894  -65.4  -87.5      3   0.00     30     14  423.1  423.1  423.1
   80.4  18087  -65.9  -88.9      3   0.00     45     15  425.9  425.9  425.9
   78.0  18271  -65.4  -88.4      3   0.00     60     15  430.6  430.6  430.6
   77.0  18349  -65.2  -88.2      3   0.00     85     14  432.6  432.6  432.6
   76.5  18388  -65.1  -88.1      3   0.00     87     14  433.6  433.6  433.6
   74.0  18591  -64.5  -88.2      3   0.00    100     13  439.0  439.0  439.0
   71.0  18843  -63.8  -88.4      2   0.00     65      6  445.8  445.9  445.8
   70.0  18930  -63.5  -88.5      2   0.00     40      9  448.2  448.2  448.2
   68.0  19108  -62.9  -89.2      2   0.00     60     15  453.2  453.2  453.2
   67.0  19200  -62.6  -89.5      2   0.00     75     12  455.8  455.8  455.8
   66.0  19292  -62.3  -89.8      1   0.00     90     15  458.4  458.4  458.4
   65.3  19358  -62.1  -90.1      1   0.00     97     13  460.2  460.2  460.2
   64.0  19482  -61.7  -89.7      1   0.00    110     10  463.8  463.8  463.8
   63.0  19579  -61.5  -89.5      1   0.00    120      7  466.3  466.3  466.3
   61.9  19688  -61.3  -89.3      1   0.00    104      9  469.1  469.1  469.1
   61.0  19779  -61.0  -89.0      1   0.00     90     10  471.7  471.7  471.7
   60.0  19882  -60.7  -88.7      1   0.00    107     10  474.6  474.6  474.6
   59.0  19986  -60.6  -88.6      1   0.00    125      9  477.1  477.1  477.1
   58.0  20093  -60.5  -88.5      1   0.00    110      7  479.6  479.6  479.6
   57.5  20147  -60.5  -88.5      1   0.00     95      8  480.9  480.9  480.9
   57.0  20201  -60.3  -88.3      1   0.00     80     10  482.5  482.5  482.5
   55.2  20401  -59.7  -87.7      1   0.00     95     13  488.4  488.4  488.4
   54.0  20538  -59.5  -87.5      2   0.00    105     15  491.9  491.9  491.9
   53.0  20655  -59.4  -87.3      2   0.00    115     10  494.9  494.9  494.9
   52.7  20691  -59.3  -87.3      2   0.00    121      9  495.8  495.8  495.8
   51.0  20896  -58.9  -86.9      2   0.00    155      5  501.3  501.4  501.3
   50.0  21020  -58.7  -86.7      2   0.00    335      8  504.7  504.8  504.7
   49.0  21147  -58.6  -86.6      2   0.00     25     13  507.9  507.9  507.9
   48.3  21237  -58.5  -86.5      2   0.00     46     11  510.2  510.2  510.2
   48.0  21277  -58.3  -86.5      2   0.00     55     10  511.5  511.5  511.5
   47.0  21409  -57.8  -86.7      1   0.00     50      9  515.9  515.9  515.9
   46.8  21436  -57.7  -86.7      1   0.00     53     11  516.7  516.8  516.8
   46.0  21546  -57.1  -86.1      1   0.01     65     20  520.8  520.9  520.8
   45.0  21685  -56.2  -85.2      1   0.01     85     23  526.1  526.1  526.1
   43.4  21915  -54.9  -83.9      2   0.01    101     22  534.9  534.9  534.9
   43.0  21974  -55.0  -84.0      2   0.01    105     22  536.0  536.1  536.0
   42.6  22034  -55.1  -84.1      2   0.01     99     20  537.2  537.3  537.2
   42.0  22125  -55.0  -84.0      2   0.01     90     17  539.7  539.8  539.7
   41.0  22279  -54.8  -83.8      2   0.01     85     25  544.0  544.1  544.0
   40.8  22310  -54.7  -83.7      2   0.01     85     25  544.9  545.0  544.9
   40.0  22436  -55.0  -83.5      2   0.01     85     24  547.3  547.4  547.3
   39.0  22598  -55.3  -83.3      2   0.01     90     20  550.4  550.5  550.4
   38.3  22714  -55.5  -83.5      2   0.01    100     22  552.8  552.9  552.8
   38.0  22764  -55.2  -83.3      2   0.01    105     23  554.9  555.0  554.9
   37.0  22935  -54.0  -82.5      2   0.01     90     20  562.1  562.2  562.1
   36.0  23111  -52.8  -81.6      2   0.01    100     22  569.7  569.8  569.7
   35.6  23183  -52.3  -81.3      2   0.02     92     22  572.8  572.9  572.8
   35.0  23293  -51.9  -80.9      2   0.02     80     23  576.5  576.6  576.5
   34.3  23424  -51.5  -80.5      2   0.02     80     25  581.0  581.1  581.0
   34.0  23481  -51.7  -80.5      2   0.02     80     26  582.0  582.2  582.0
   33.0  23674  -52.2  -80.7      2   0.02     80     31  585.6  585.8  585.6
   32.0  23873  -52.7  -80.8      2   0.02     95     30  589.3  589.5  589.3
   31.7  23934  -52.9  -80.9      2   0.02     94     29  590.5  590.6  590.5
   31.0  24078  -52.8  -80.8      2   0.02     90     25  594.6  594.7  594.6
   30.6  24162  -52.7  -80.7      2   0.02     94     27  597.0  597.2  597.0
   30.0  24290  -52.3  -80.3      2   0.02    100     30  601.5  601.6  601.5
   29.9  24312  -52.3  -81.3      2   0.02     99     29  602.0  602.2  602.0
   29.0  24509  -52.1  -80.2      2   0.02     90     23  607.8  608.0  607.8
   28.9  24532  -52.1  -80.1      2   0.02     90     23  608.5  608.7  608.5
   28.0  24736  -52.8  -80.8      2   0.02     95     25  612.0  612.2  612.0
   27.9  24759  -52.9  -80.9      2   0.02     95     25  612.4  612.6  612.4
   27.0  24971  -53.1  -81.1      2   0.02     95     24  617.6  617.8  617.7
   26.9  24995  -53.1  -81.1      2   0.02     96     24  618.2  618.4  618.3
   26.0  25215  -52.3  -80.8      2   0.02    105     24  626.5  626.7  626.5
   25.1  25443  -51.5  -80.5      2   0.02     92     21  635.2  635.4  635.2
   25.0  25469  -51.4  -80.4      2   0.03     90     21  636.3  636.5  636.3
   24.8  25521  -51.1  -80.1      2   0.03     85     21  638.5  638.8  638.5
   24.1  25708  -50.3  -79.3      2   0.03     68     23  646.1  646.4  646.1
   24.0  25735  -50.2  -79.2      2   0.03     65     23  647.0  647.3  647.0
   23.0  26014  -49.7  -78.7      2   0.04     90     29  656.6  657.0  656.6
   22.0  26305  -49.1  -78.1      2   0.04     75     27  666.8  667.2  666.8
   21.4  26486  -48.7  -77.7      2   0.05     87     32  673.2  673.6  673.2
   21.0  26610  -49.0  -77.7      2   0.05     95     35  676.0  676.5  676.0
   20.0  26930  -49.7  -77.7      2   0.05     95     37  683.3  683.8  683.3
   19.9  26963  -49.7  -77.7      2   0.05     96     36  684.3  684.8  684.3
   19.0  27266  -48.5  -77.1      2   0.06    105     29  697.0  697.6  697.1
   18.4  27477  -47.7  -76.7      2   0.06     96     25  706.0  706.6  706.0
   18.0  27622  -47.3  -76.3      2   0.07     90     23  711.6  712.3  711.6
   17.3  27884  -46.7  -75.7      2   0.08     93     30  721.8  722.5  721.8
   17.0  28000  -46.6  -75.6      2   0.08     95     33  725.7  726.5  725.7
   16.7  28118  -46.5  -75.5      2   0.08     96     34  729.7  730.6  729.8
   16.1  28361  -46.5  -75.5      2   0.08     99     37  737.4  738.3  737.4
   16.0  28402  -46.4  -75.4      2   0.09    100     38  739.2  740.1  739.2
   15.0  28833  -44.8  -74.2      2   0.11     90     41  758.2  759.4  758.2
   14.0  29294  -43.1  -73.0      2   0.14    105     37  779.0  780.6  779.1
   13.9  29342  -42.9  -72.9      2   0.14    104     37  781.2  782.8  781.3
   13.0  29794  -42.0  -72.0      2   0.18     90     40  799.4  801.4  799.5
   12.9  29846  -41.9  -71.9      2   0.18     90     41  801.5  803.6  801.6
   12.1  30278  -42.7  -71.7      3   0.20     86     47  813.5  815.8  813.6
   12.0  30334  -42.7  -71.7      3   0.20     85     48  815.4  817.7  815.5
   11.1  30861  -40.9  -69.9      3   0.28     98     44  840.3  843.6  840.4
   11.0  30923  -40.9  -69.9      3   0.28    100     44  842.5  845.8  842.6
   10.4  31304  -40.9  -69.9      3   0.30    109     40  856.1  859.7  856.2
   10.3  31369  -40.9  -69.9      3   0.30    110     40  858.5  862.1  858.6
   10.0  31570  -40.9  -69.9      3   0.31    115     38  865.7  869.5  865.9
    9.9  31638  -40.9  -69.9      3   0.31    113     37  868.2  872.0  868.4
    9.0  32294  -37.9  -68.6      3   0.41     90     31  903.8  909.0  904.0
    8.4  32768  -35.7  -67.7      2   0.50     81     40  930.3  936.8  930.6
    8.1  33021  -34.7  -66.7      2   0.60     77     44  944.0  951.8  944.4
    8.0  33108  -34.5  -66.5      2   0.62     75     46  948.1  956.3  948.5
    7.8  33285  -34.3  -66.3      2   0.66                955.8  964.5  956.2
    7.4  33654  -33.3  -66.3      2   0.69                974.4  983.7  974.8
    7.2  33847  -32.5  -64.5      3   0.91                985.3  997.5  985.9
    7.0  34045  -32.9  -64.9      3   0.89                991.6 1003.6  992.2