-----------------------------------------------------------------------------
   PRES   HGHT   TEMP   DWPT   RELH   MIXR   DRCT   SKNT   THTA   THTE   THTV
    hPa     m      C      C      %    g/kg    deg   knot     K      K      K 
-----------------------------------------------------------------------------
 1000.0     51                                                               
  925.0    740                                                               
  869.0   1289   21.8    2.8     29   5.42    150      4  307.0  323.9  308.0
  850.0   1478   26.8   -4.2     13   3.31    170     30  314.2  325.1  314.8
  848.0   1499   26.7   -4.5     13   3.23    170     25  314.3  324.9  314.9
  834.0   1645   25.7   -6.9     11   2.74    175     27  314.7  323.9  315.3
  830.0   1687   25.4   -7.6     11   2.61    173     28  314.9  323.6  315.4
  824.0   1749   24.9   -7.6     11   2.64    170     29  315.0  323.8  315.5
  819.0   1801   24.5   -7.5     11   2.66    170     27  315.1  324.0  315.6
  814.0   1854   24.1   -7.5     12   2.68    170     25  315.2  324.2  315.8
  792.0   2089   22.3   -7.4     13   2.77    195     23  315.8  325.1  316.3
  759.0   2454   19.4   -7.3     16   2.93    210     11  316.6  326.4  317.1
  750.0   2557   18.6   -7.2     17   2.97    205     11  316.8  326.7  317.3
  719.0   2919   15.8   -7.1     20   3.14    225     14  317.5  328.0  318.1
  708.0   3051   14.8   -7.0     22   3.20    240     12  317.8  328.5  318.4
  700.0   3149   14.0   -7.0     23   3.25    255     12  318.0  328.8  318.6
  697.0   3185   13.8   -7.2     23   3.21    255     13  318.1  328.9  318.7
  691.0   3258   13.2   -7.8     22   3.10    255     14  318.3  328.7  318.9
  682.0   3367   12.4   -8.6     22   2.93    255     14  318.5  328.4  319.1
  675.0   3454   11.7   -9.3     22   2.81    265     15  318.7  328.2  319.2
  666.0   3566   10.8  -10.2     22   2.66    253     16  318.9  327.9  319.4
  653.0   3725    9.3  -10.7     23   2.61    235     18  319.0  327.8  319.5
  645.0   3824    8.3  -11.0     24   2.58    235     18  319.0  327.8  319.5
  636.0   3937    7.2  -11.3     26   2.55    235     19  319.0  327.7  319.5
  628.0   4038    6.2  -11.6     27   2.52    240     16  319.1  327.6  319.6
  617.0   4180    4.8  -12.0     28   2.48    235     16  319.1  327.5  319.6
  605.0   4338    3.3  -12.5     30   2.44    225     17  319.1  327.4  319.6
  597.0   4445    2.2  -12.8     32   2.41    230     20  319.1  327.3  319.6
  575.0   4747   -0.7  -13.7     37   2.32    235     17  319.1  327.1  319.6
  568.0   4845   -1.6  -14.0     38   2.30    225     15  319.1  327.0  319.6
  561.0   4945   -2.6  -14.3     40   2.27    220     18  319.1  326.9  319.6
  555.0   5031   -3.5  -14.5     42   2.25    225     17  319.1  326.8  319.5
  549.0   5118   -4.3  -14.8     44   2.22    235     19  319.1  326.7  319.5
  541.0   5236   -5.5  -15.1     46   2.19    230     17  319.1  326.6  319.5
  533.0   5356   -6.6  -15.5     49   2.16    225     20  319.0  326.4  319.4
  518.0   5585   -8.8  -16.2     55   2.10    235     20  318.9  326.2  319.4
  515.0   5632   -9.3  -16.3     57   2.09    235     20  318.9  326.1  319.3
  510.0   5707   -9.8  -18.1     51   1.82    235     20  319.3  325.6  319.6
  500.0   5860  -10.7  -21.7     40   1.36    225     26  319.9  324.7  320.2
  492.0   5984  -11.1  -27.0     26   0.86    225     29  321.0  324.1  321.1
  487.0   6062  -11.3  -30.3     19   0.64    227     31  321.6  324.0  321.7
  482.0   6142  -10.9  -34.9     12   0.41    229     32  323.1  324.6  323.1
  479.0   6190  -11.1  -35.8     11   0.38    230     33  323.4  324.9  323.5
  469.0   6351  -11.7  -38.7      9   0.29    235     35  324.6  325.7  324.6
  468.0   6368  -11.8  -38.9      9   0.28    235     35  324.6  325.8  324.7
  456.0   6566  -13.2  -41.4      7   0.22    240     33  325.3  326.2  325.4
  452.0   6633  -13.7  -42.2      7   0.21    240     32  325.5  326.4  325.6
  447.0   6718  -14.3  -43.3      7   0.19    240     32  325.8  326.6  325.8
  439.0   6854  -15.2  -49.0      4   0.10    240     31  326.4  326.8  326.4
  429.0   7028  -16.3  -56.3      2   0.04    242     34  327.1  327.3  327.1
  413.0   7313  -18.7  -50.3      4   0.09    245     39  327.5  327.9  327.6
  412.0   7331  -18.9  -49.9      5   0.10    244     39  327.6  328.0  327.6
  407.0   7421  -19.7  -55.7      3   0.05    241     39  327.7  327.9  327.7
  405.0   7458  -20.0  -54.6      3   0.06    240     39  327.8  328.0  327.8
  400.0   7550  -20.7  -51.7      4   0.08    245     38  328.0  328.3  328.0
  394.0   7661  -21.6  -52.0      5   0.08    245     40  328.3  328.6  328.3
  391.0   7717  -22.0  -52.2      5   0.08    245     42  328.5  328.8  328.5
  387.0   7792  -22.6  -52.4      5   0.08    240     41  328.7  329.0  328.7
  378.0   7965  -23.9  -52.9      5   0.07    244     39  329.1  329.4  329.1
  377.0   7984  -24.0  -53.3      5   0.07    245     39  329.2  329.5  329.2
  366.0   8200  -25.3  -58.3      3   0.04    240     41  330.3  330.5  330.3
  364.0   8239  -25.7  -58.7      3   0.04    241     41  330.3  330.4  330.3
  355.0   8419  -27.1  -59.0      3   0.04    245     43  330.8  331.0  330.8
  347.0   8582  -28.3  -59.2      3   0.04    240     44  331.3  331.5  331.3
  335.0   8834  -30.2  -59.6      4   0.04    245     41  332.1  332.2  332.1
  332.0   8898  -30.7  -59.7      4   0.04    243     42  332.2  332.4  332.2
  327.0   9006  -31.3  -64.7      2   0.02    240     43  332.8  332.9  332.8
  324.0   9071  -31.7  -67.7      2   0.01    241     44  333.2  333.2  333.2
  315.0   9269  -33.2  -62.3      4   0.03    245     46  333.8  333.9  333.8
  311.0   9359  -33.9  -59.9      5   0.04    244     48  334.0  334.2  334.0
  300.0   9610  -35.5  -61.5      5   0.03    240     54  335.2  335.4  335.2
  293.0   9773  -36.7  -60.3      7   0.04    240     56  335.9  336.0  335.9
  288.0   9892  -37.5  -59.5      8   0.04    238     57  336.3  336.5  336.3
  281.0  10060  -38.6  -59.9      9   0.04    235     58  337.1  337.3  337.1
  272.0  10282  -40.0  -60.5      9   0.04    240     68  338.1  338.3  338.2
  268.0  10383  -40.7  -60.7     10   0.04    240     67  338.6  338.8  338.6
  266.0  10433  -41.1  -60.9     10   0.04    240     67  338.8  338.9  338.8
  256.0  10691  -43.2  -61.9     11   0.04    240     70  339.4  339.6  339.4
  250.0  10850  -44.5  -62.5     12   0.03    240     66  339.8  339.9  339.8
  243.0  11039  -45.9  -63.2     12   0.03    240     64  340.4  340.5  340.4
  234.0  11290  -47.9  -64.1     14   0.03    240     67  341.2  341.3  341.2
  232.0  11347  -48.3  -64.3     14   0.03    240     67  341.3  341.5  341.3
  230.0  11404  -48.7  -64.7     14   0.03    240     67  341.6  341.7  341.6
  228.0  11461  -48.9  -64.9     14   0.03    240     67  342.1  342.2  342.1
  223.0  11607  -49.5  -65.5     14   0.03    240     62  343.4  343.5  343.4
  221.0  11666  -49.5  -65.5     14   0.03    238     64  344.3  344.4  344.3
  218.0  11755  -49.8  -66.1     13   0.02    235     67  345.2  345.3  345.2
  214.0  11876  -50.1  -66.9     12   0.02    240     71  346.5  346.6  346.5
  212.0  11938  -50.3  -67.3     12   0.02    238     71  347.1  347.2  347.1
  209.0  12031  -49.7  -68.2     10   0.02    235     72  349.5  349.6  349.5
  207.0  12094  -49.3  -68.8      8   0.02    240     72  351.1  351.1  351.1
  206.0  12126  -49.1  -69.1      8   0.02    240     71  351.9  351.9  351.9
  200.0  12320  -49.3  -73.3      4   0.01    240     64  354.5  354.6  354.5
  195.0  12485  -49.9  -76.6      3   0.01    245     74  356.2  356.3  356.2
  191.0  12620  -50.3  -79.3      2   0.00    243     77  357.6  357.6  357.6
  188.0  12724  -50.1  -82.1      1   0.00    241     79  359.6  359.6  359.6
  187.0  12758  -50.3  -82.2      1   0.00    240     80  359.8  359.8  359.8
  177.0  13114  -52.5  -83.5      1   0.00    245     70  361.9  361.9  361.9
  169.0  13411  -53.9  -84.1      1   0.00    240     65  364.3  364.3  364.3
  167.0  13488  -54.3  -84.3      1   0.00    239     63  364.9  365.0  364.9
  166.0  13526  -54.3  -84.3      1   0.00    239     62  365.6  365.6  365.6
  165.0  13565  -54.3  -84.3      1   0.00    238     61  366.2  366.2  366.2
  163.0  13643  -54.3  -85.3      1   0.00    237     59  367.5  367.5  367.5
  158.0  13841  -55.6  -85.8      1   0.00    235     54  368.5  368.5  368.5
  157.0  13882  -55.9  -85.9      1   0.00    235     55  368.7  368.7  368.7
  154.0  14004  -56.7  -85.7      1   0.00    235     57  369.4  369.4  369.4
  152.0  14086  -57.1  -86.8      1   0.00    235     54  370.1  370.1  370.1
  151.0  14128  -57.3  -87.3      1   0.00    237     55  370.4  370.5  370.4
  150.0  14170  -57.3  -87.3      1   0.00    240     57  371.1  371.2  371.1
  144.0  14428  -58.1  -87.3      1   0.00    250     52  374.0  374.0  374.0
  143.0  14472  -58.3  -87.3      1   0.00    250     52  374.5  374.5  374.5
  140.0  14606  -58.9  -87.9      1   0.00    250     50  375.7  375.7  375.7
  137.0  14742  -58.9  -87.9      1   0.00    255     46  378.1  378.1  378.1
  136.0  14788  -58.9  -87.9      1   0.00    255     47  378.9  378.9  378.9
  135.0  14834  -58.8  -87.8      1   0.00    255     48  379.8  379.9  379.8
  134.0  14881  -58.7  -87.7      1   0.00    258     46  380.8  380.8  380.8
  132.0  14976  -58.7  -87.7      1   0.00    264     43  382.5  382.5  382.5
  130.0  15072  -59.1  -88.1      1   0.00    270     40  383.4  383.4  383.4
  128.0  15169  -59.5  -88.5      1   0.00    268     36  384.4  384.4  384.4
  126.0  15268  -59.9  -88.9      1   0.00    266     31  385.4  385.4  385.4
  125.0  15318  -60.1  -89.1      1   0.00    265     29  385.9  385.9  385.9
  124.0  15368  -60.0  -89.0      1   0.00    255     30  387.1  387.1  387.1
  122.0  15470  -59.7  -88.7      1   0.00    255     29  389.4  389.4  389.4
  118.0  15678  -60.3  -89.3      1   0.00    265     22  392.0  392.0  392.0
  116.0  15784  -60.9  -89.6      1   0.00    270     19  392.8  392.8  392.8
  113.0  15947  -61.8  -90.0      1   0.00    255     11  394.1  394.1  394.1
  111.0  16057  -62.4  -90.2      1   0.00    240     13  395.0  395.0  395.0
  107.0  16285  -63.6  -90.8      1   0.00    235     13  396.9  396.9  396.9
  106.0  16343  -63.9  -90.9      1   0.00    240     14  397.3  397.3  397.3
  104.0  16460  -64.5  -91.5      1   0.00    230     15  398.4  398.4  398.4
  103.0  16519  -64.5  -91.5      1   0.00    230     16  399.4  399.5  399.4
  102.0  16579  -64.3  -91.8      1   0.00    230     17  400.9  400.9  400.9
  101.0  16639  -64.1  -92.1      1   0.00    232     20  402.5  402.5  402.5
  100.0  16700  -63.9  -91.9      1   0.00    235     23  404.0  404.0  404.0
   98.0  16824  -62.9  -91.4      1   0.00    250     25  408.4  408.4  408.4
   97.0  16887  -62.3  -91.1      1   0.00    260     24  410.6  410.6  410.6
   96.2  16938  -61.9  -90.9      1   0.00    257     23  412.4  412.4  412.4
   94.0  17081  -61.4  -89.6      1   0.00    250     19  416.1  416.1  416.1
   93.5  17114  -61.3  -89.3      1   0.00    255     17  416.9  417.0  416.9
   92.0  17214  -61.8  -89.6      1   0.00    270      9  417.9  417.9  417.9
   90.0  17349  -62.5  -90.1      1   0.00    265      5  419.1  419.1  419.1
   86.0  17629  -63.9  -91.0      1   0.00    240     12  421.8  421.8  421.8
   85.5  17665  -64.1  -91.1      1   0.00    223     11  422.1  422.1  422.1
   85.0  17700  -64.2  -91.2      1   0.00    205     10  422.6  422.6  422.6
   84.0  17773  -64.4  -91.4      1   0.00    220     16  423.7  423.7  423.7
   82.1  17912  -64.7  -91.7      1   0.00    229     19  425.8  425.8  425.8
   79.0  18149  -62.6  -90.2      1   0.00    245     23  434.8  434.8  434.8
   76.8  18322  -61.1  -89.1      1   0.00    275     17  441.5  441.5  441.5
   74.0  18554  -59.7  -87.7      1   0.00    315      8  449.2  449.2  449.2
   73.7  18579  -59.5  -87.5      2   0.00    330      6  450.1  450.1  450.1
   73.0  18638  -59.6  -87.6      1   0.00      5      1  451.0  451.0  451.0
   70.8  18829  -60.1  -88.1      1   0.00    252      5  454.0  454.0  454.0
   70.0  18900  -60.1  -88.1      1   0.00    210      7  455.5  455.5  455.5
   68.0  19082  -59.2  -87.6      1   0.00    240     11  461.2  461.2  461.2
   67.0  19175  -58.7  -87.3      1   0.00    255      9  464.2  464.2  464.2
   66.0  19269  -58.2  -87.1      1   0.00    280     11  467.2  467.3  467.2
   65.3  19336  -57.9  -86.9      1   0.00    295     10  469.4  469.4  469.4
   63.0  19562  -58.5  -87.1      1   0.00    345      7  473.0  473.0  473.0
   62.0  19663  -58.7  -87.1      1   0.00     15      9  474.6  474.7  474.6
   59.6  19911  -59.3  -87.3      2   0.00     75     10  478.7  478.7  478.7
   59.0  19975  -59.4  -87.4      2   0.00     90     10  479.9  479.9  479.9
   58.3  20049  -59.5  -87.5      2   0.00    106     11  481.2  481.3  481.2
   57.0  20191  -58.9  -87.1      1   0.00    135     12  485.8  485.9  485.8
   53.6  20579  -57.1  -86.1      1   0.00     17      5  498.5  498.5  498.5
   53.0  20650  -57.0  -85.8      1   0.00    355      4  500.3  500.4  500.3
   52.0  20771  -56.8  -85.3      2   0.01     80      4  503.5  503.6  503.5
   51.0  20894  -56.6  -84.8      2   0.01    165      3  506.8  506.8  506.8
   50.4  20969  -56.5  -84.5      2   0.01    135      4  508.7  508.8  508.7
   50.0  21020  -56.5  -84.5      2   0.01    115      4  509.9  509.9  509.9
   49.0  21148  -56.6  -84.6      2   0.01    140      6  512.5  512.6  512.6
   48.4  21226  -56.7  -84.7      2   0.01    113      4  514.2  514.2  514.2
   48.3  21239  -56.7  -84.7      2   0.01    109      4  514.5  514.5  514.5
   48.0  21278  -56.6  -84.7      2   0.01     95      3  515.6  515.7  515.6
   47.0  21412  -56.2  -84.6      2   0.01     65      9  519.6  519.6  519.6
   46.0  21549  -55.9  -84.5      2   0.01     70     14  523.7  523.7  523.7
   45.0  21688  -55.5  -84.4      2   0.01     95      5  527.9  527.9  527.9
   44.4  21773  -55.3  -84.3      2   0.01     92      7  530.4  530.5  530.4
   44.0  21831  -55.1  -84.1      2   0.01     90      8  532.2  532.3  532.2
   43.0  21978  -54.7  -83.7      2   0.01    135      2  536.7  536.8  536.7
   42.0  22128  -54.3  -83.3      2   0.01     40      5  541.4  541.5  541.4
   41.1  22267  -53.9  -82.9      2   0.01     62     12  545.7  545.8  545.7
   40.0  22440  -54.2  -82.9      2   0.01     90     21  549.3  549.4  549.3
   38.0  22768  -54.7  -82.9      2   0.01    115      8  556.2  556.2  556.2
   37.1  22921  -54.9  -82.9      2   0.01    106      5  559.4  559.5  559.4
   37.0  22938  -54.9  -82.9      2   0.01    105      5  559.9  560.0  559.9
   36.0  23113  -54.7  -82.7      2   0.01    105     18  564.7  564.8  564.7
   35.9  23131  -54.7  -82.7      2   0.01    104     18  565.2  565.3  565.2
   35.1  23275  -54.3  -82.3      2   0.01     96     14  569.9  570.0  569.9
   34.0  23479  -53.9  -81.9      2   0.01     85      9  576.0  576.2  576.0
   33.9  23498  -53.9  -81.9      2   0.01     85     10  576.6  576.7  576.6
   33.0  23670  -54.0  -82.0      2   0.01     85     15  580.7  580.8  580.7
   32.6  23748  -54.1  -82.1      2   0.01     85     15  582.6  582.7  582.6
   32.2  23827  -54.3  -82.3      2   0.01     85     14  584.1  584.2  584.1
   32.0  23867  -54.3  -82.3      2   0.01     85     14  585.1  585.2  585.1
   31.9  23887  -54.3  -82.3      2   0.01     86     14  585.6  585.8  585.6
   31.5  23968  -54.3  -82.3      2   0.01     90     16  587.8  587.9  587.8
   30.4  24195  -54.1  -82.1      2   0.02    101     22  594.3  594.4  594.3
   30.0  24280  -54.1  -82.1      2   0.02    105     24  596.6  596.7  596.6
   29.0  24497  -54.1  -82.1      2   0.02    100     14  602.4  602.5  602.4
   28.0  24723  -53.6  -81.6      2   0.02    100     19  610.0  610.1  610.0
   27.0  24957  -53.0  -81.0      2   0.02     85     18  617.9  618.1  617.9
   26.5  25077  -52.7  -80.7      2   0.02     86     22  622.0  622.2  622.0
   25.0  25455  -51.6  -80.0      2   0.03     90     35  635.5  635.8  635.5
   24.0  25720  -50.9  -79.5      2   0.03    105     26  645.2  645.5  645.2
   23.0  25997  -50.1  -79.0      2   0.03    100     25  655.4  655.7  655.4
   22.5  26139  -49.7  -78.7      2   0.04     93     28  660.7  661.0  660.7
   22.0  26286  -49.8  -78.3      2   0.04     85     32  664.6  665.0  664.6
   21.5  26437  -49.9  -77.9      2   0.04     95     32  668.7  669.1  668.7
   21.0  26590  -49.7  -77.7      2   0.05    105     31  673.8  674.3  673.8
   20.0  26910  -48.7  -77.7      2   0.05     90     33  686.3  686.8  686.4
   19.8  26976  -48.7  -77.7      2   0.05     89     32  688.3  688.8  688.3
   19.5  27077  -48.5  -77.5      2   0.05     88     31  691.9  692.5  692.0
   19.0  27248  -47.9  -76.9      2   0.06     85     28  698.9  699.4  698.9
   18.8  27318  -47.7  -76.7      2   0.06     87     29  701.7  702.3  701.7
   18.2  27532  -47.1  -76.1      2   0.07     93     34  710.1  710.8  710.1
   18.0  27605  -46.9  -76.0      2   0.07     95     35  713.1  713.9  713.2
   17.1  27946  -45.7  -75.7      2   0.08     91     31  727.4  728.2  727.4
   17.0  27985  -45.6  -75.6      2   0.08     90     30  729.0  729.8  729.0
   16.5  28184  -44.9  -74.9      2   0.09     95     35  737.4  738.4  737.4
   16.0  28390  -45.3  -74.6      2   0.10    100     41  742.5  743.6  742.6
   15.8  28474  -45.5  -74.5      2   0.10     99     38  744.6  745.7  744.7
   15.0  28821  -44.9  -73.9      2   0.12     95     24  757.8  759.1  757.9
   14.3  29141  -44.3  -73.3      3   0.13     92     23  770.2  771.6  770.2
   14.0  29283  -44.5  -73.1      3   0.14     90     23  774.4  775.9  774.4
   13.5  29527  -44.7  -72.7      3   0.15     83     28  781.6  783.3  781.7
   13.4  29576  -44.7  -72.7      3   0.15     81     30  783.3  785.0  783.3
   13.0  29781  -43.6  -72.3      3   0.17     75     34  794.0  795.9  794.1
   12.0  30323  -40.5  -71.1      2   0.22     85     33  823.1  825.6  823.2
   11.8  30436  -39.9  -70.9      2   0.23     84     30  829.3  832.0  829.4
   11.0  30917  -39.3  -69.6      3   0.29     80     20  848.2  851.7  848.3
   10.7  31106  -39.1  -69.1      3   0.32     77     28  855.7  859.6  855.9
   10.0  31570  -39.1  -69.1      3   0.35     70     47  872.4  876.7  872.6
    9.9  31639  -39.1  -69.1      3   0.35     71     47  875.0  879.2  875.1
    9.6  31850  -39.1  -69.1      3   0.36     74     49  882.7  887.1  882.9
    9.5  31922  -38.9  -68.9      3   0.38     75     49  886.1  890.7  886.3
    9.0  32294  -37.9  -68.4      3   0.42     80     51  903.6  909.0  903.8
    8.5  32688  -36.9  -67.9      3   0.48     87     50  922.5  928.7  922.8
    8.0  33109  -35.8  -66.8      3   0.60     95     49  943.1  951.0  943.5
    7.4  33652  -34.3  -65.3      3   0.79     92     51  970.3  980.9  970.8
    7.3  33747  -34.5  -65.5      3   0.78     92     52  973.3  983.7  973.8