-----------------------------------------------------------------------------
   PRES   HGHT   TEMP   DWPT   RELH   MIXR   DRCT   SKNT   THTA   THTE   THTV
    hPa     m      C      C      %    g/kg    deg   knot     K      K      K 
-----------------------------------------------------------------------------
 1000.0     65                                                               
  925.0    763                                                               
  872.0   1289   24.6   12.6     47  10.62    140      4  309.6  342.3  311.6
  863.0   1379   24.8   12.8     47  10.87    151     10  310.8  344.4  312.8
  851.0   1500   24.2   12.2     47  10.63    165     18  311.4  344.4  313.4
  850.0   1510   24.2   12.2     47  10.61    165     18  311.5  344.4  313.5
  837.0   1645   25.1   10.5     40   9.62    175     22  313.8  344.0  315.6
  830.0   1719   25.6    9.6     36   9.12    177     21  315.1  343.9  316.8
  822.0   1804   25.2    9.2     36   8.96    180     20  315.5  343.9  317.2
  814.0   1890   24.8    8.8     36   8.80    183     19  316.0  344.0  317.7
  795.0   2095   23.3    7.8     37   8.43    190     16  316.5  343.4  318.1
  758.0   2509   20.2    5.9     39   7.72    250      7  317.5  342.3  319.0
  747.0   2635   19.3    5.3     40   7.51    265      9  317.9  342.0  319.3
  746.0   2647   19.2    5.2     40   7.49    265      9  317.9  342.0  319.3
  716.0   2997   16.5    3.8     43   7.06    250     20  318.6  341.5  320.0
  700.0   3190   15.0    3.0     44   6.83    250     21  319.1  341.2  320.4
  686.0   3360   13.4    2.9     49   6.92    260     23  319.1  341.6  320.5
  676.0   3483   12.3    2.8     53   6.99    255     24  319.2  341.8  320.6
  672.0   3533   11.8    2.8     54   7.02    257     24  319.2  341.9  320.6
  666.0   3608   11.1    3.0     57   7.17    260     24  319.3  342.5  320.6
  665.0   3621   11.0    3.0     58   7.19    260     24  319.3  342.6  320.7
  655.0   3745    9.9    2.5     60   7.04    260     23  319.5  342.3  320.8
  620.0   4195    6.1    0.7     68   6.51    250     15  320.1  341.4  321.4
  610.0   4328    5.0    0.1     71   6.36    250     15  320.3  341.1  321.5
  591.0   4587    2.8   -0.9     77   6.08    255     12  320.6  340.5  321.8
  578.0   4769    1.2   -1.7     81   5.88    248     12  320.9  340.2  322.0
  573.0   4839    0.9   -2.0     81   5.79    245     12  321.3  340.3  322.4
  572.0   4853    0.8   -2.1     81   5.77    245     12  321.4  340.3  322.5
  566.0   4938    0.4   -2.5     81   5.66    248     11  321.9  340.5  323.0
  556.0   5081   -0.1   -3.9     76   5.19    252     10  322.9  340.1  323.9
  549.0   5182   -0.9   -4.4     77   5.05    255      9  323.1  340.0  324.1
  540.0   5313   -1.9   -5.1     79   4.87    249      8  323.5  339.8  324.4
  533.0   5417   -2.6   -5.7     79   4.71    245      8  323.8  339.6  324.7
  525.0   5536   -3.5   -6.5     80   4.52    255      9  324.2  339.4  325.1
  519.0   5627   -4.1   -7.0     80   4.38    258      8  324.5  339.3  325.4
  514.0   5704   -4.7   -7.8     79   4.16    260      8  324.7  338.7  325.5
  502.0   5889   -6.2   -8.8     82   3.93    265      7  325.0  338.3  325.8
  500.0   5920   -6.5   -9.0     82   3.89    270      7  325.1  338.3  325.8
  495.0   5999   -7.1   -9.4     83   3.80    270      8  325.3  338.2  326.0
  493.0   6030   -7.3   -9.6     84   3.77    268      8  325.4  338.2  326.1
  483.0   6191   -7.1  -11.2     73   3.38    258      6  327.5  339.2  328.2
  480.0   6239   -7.4  -11.9     70   3.21    255      5  327.8  338.9  328.4
  479.0   6256   -7.5  -12.2     69   3.15    256      5  327.8  338.8  328.4
  473.0   6353   -8.3  -12.7     71   3.06    265      5  328.0  338.7  328.6
  459.0   6587  -10.2  -13.9     74   2.87    245      6  328.5  338.6  329.1
  455.0   6655  -10.7  -14.2     75   2.82    247      5  328.7  338.5  329.2
  451.0   6723  -10.5  -15.3     68   2.59    248      5  329.8  338.9  330.3
  447.0   6791  -10.7  -16.7     61   2.33    250      4  330.3  338.6  330.8
  446.0   6809  -10.8  -16.6     63   2.36    250      4  330.4  338.8  330.9
  443.0   6861  -11.1  -16.1     67   2.47    244      5  330.7  339.5  331.2
  435.0   7001  -11.5  -19.5     52   1.89    227      7  331.9  338.7  332.3
  434.0   7019  -11.7  -19.6     52   1.87    225      7  331.9  338.7  332.3
  431.0   7072  -12.1  -20.1     51   1.81    229      8  332.0  338.6  332.4
  413.0   7398  -14.0  -23.9     43   1.35    255     15  333.6  338.7  333.9
  412.0   7416  -14.1  -24.1     43   1.33    257     15  333.7  338.7  334.0
  400.0   7640  -16.1  -24.1     50   1.37    280     13  334.0  339.1  334.2
  396.0   7716  -16.7  -24.7     50   1.31    280     11  334.1  339.0  334.4
  395.0   7735  -16.9  -25.3     48   1.24    280     11  334.2  338.8  334.4
  390.0   7830  -17.6  -28.6     38   0.93    265     12  334.4  338.0  334.6
  384.0   7946  -18.5  -32.5     28   0.65    270     16  334.7  337.3  334.9
  379.0   8044  -19.3  -32.7     29   0.65    265     17  334.9  337.4  335.1
  369.0   8242  -21.0  -33.2     32   0.63    260     16  335.3  337.8  335.4
  367.0   8283  -21.3  -33.3     33   0.63    262     16  335.4  337.8  335.5
  364.0   8343  -21.8  -35.3     28   0.52    265     17  335.5  337.6  335.6
  361.0   8404  -22.3  -37.3     24   0.43    260     16  335.6  337.3  335.7
  353.0   8569  -23.6  -34.3     37   0.59    245     15  336.1  338.4  336.2
  346.0   8715  -24.7  -31.7     52   0.78    242     18  336.5  339.5  336.6
  343.0   8779  -25.3  -32.9     49   0.70    240     19  336.5  339.2  336.6
  341.0   8821  -25.7  -33.7     47   0.65    240     20  336.5  339.1  336.6
  339.0   8864  -26.0  -33.3     50   0.68    240     21  336.7  339.4  336.8
  331.0   9036  -27.1  -31.7     65   0.82    230     24  337.5  340.7  337.7
  325.0   9168  -27.9  -30.4     79   0.94    225     21  338.1  341.8  338.3
  320.0   9279  -28.6  -31.7     74   0.84    220     19  338.7  341.9  338.8
  315.0   9392  -29.3  -33.1     70   0.75    215     21  339.2  342.1  339.4
  308.0   9553  -30.3  -35.0     63   0.64    218     25  340.0  342.5  340.1
  302.0   9693  -31.4  -34.9     71   0.66    220     28  340.4  343.0  340.6
  300.0   9740  -31.7  -34.8     74   0.67    215     29  340.6  343.2  340.7
  298.0   9787  -32.1  -35.3     73   0.64    215     29  340.7  343.2  340.9
  283.0  10149  -34.9  -39.2     65   0.45    221     33  341.7  343.6  341.8
  278.0  10273  -36.1  -40.1     67   0.42    223     35  341.7  343.4  341.8
  273.0  10398  -37.0  -41.8     61   0.36    225     36  342.2  343.7  342.3
  260.0  10733  -39.3  -46.3     47   0.23    220     38  343.6  344.6  343.7
  259.0  10759  -39.5  -46.2     49   0.23    220     38  343.7  344.7  343.8
  253.0  10919  -40.7  -45.6     59   0.26    220     40  344.2  345.3  344.3
  250.0  11000  -41.3  -46.3     58   0.24    220     41  344.5  345.6  344.6
  247.0  11081  -41.9  -47.4     55   0.22    220     40  344.8  345.7  344.8
  238.0  11332  -43.9  -50.7     47   0.15    225     42  345.5  346.2  345.6
  237.0  11360  -44.1  -51.1     46   0.15    225     42  345.6  346.2  345.6
  232.0  11502  -45.0  -52.8     41   0.12    225     43  346.3  346.9  346.3
  229.0  11588  -45.6  -53.9     39   0.11    225     42  346.8  347.2  346.8
  219.0  11885  -47.5  -57.5     31   0.07    229     40  348.2  348.6  348.3
  217.0  11946  -48.0  -58.0     31   0.07    230     40  348.3  348.6  348.4
  216.0  11976  -48.3  -58.3     30   0.07    231     40  348.4  348.7  348.4
  212.0  12099  -48.8  -59.8     27   0.06    235     41  349.4  349.7  349.4
  207.0  12255  -49.5  -61.7     23   0.05    230     37  350.7  350.9  350.7
  200.0  12480  -50.5  -64.5     17   0.03    235     31  352.6  352.8  352.6
  197.0  12578  -51.3  -65.3     17   0.03    240     28  352.9  353.0  352.9
  193.0  12711  -52.3  -66.3     17   0.03    246     23  353.4  353.5  353.4
  185.0  12983  -54.4  -67.6     18   0.02    260     14  354.3  354.4  354.3
  183.0  13053  -54.9  -67.9     18   0.02    257     13  354.6  354.7  354.6
  182.0  13088  -55.1  -68.1     18   0.02    255     12  354.8  354.9  354.8
  179.0  13193  -55.7  -68.7     18   0.02    255     11  355.5  355.6  355.5
  177.0  13265  -56.1  -69.1     18   0.02    260     11  356.0  356.1  356.0
  171.0  13484  -57.3  -70.3     18   0.02    249      5  357.5  357.6  357.5
  169.0  13557  -57.8  -70.5     18   0.02    245      3  357.9  357.9  357.9
  159.0  13937  -60.5  -71.8     21   0.01    155     10  359.6  359.6  359.6
  157.0  14016  -61.1  -72.1     22   0.01    160     12  359.9  360.0  359.9
  154.0  14136  -61.9  -72.5     23   0.01    175     11  360.5  360.5  360.5
  152.0  14217  -62.5  -72.8     24   0.01    190     13  360.8  360.9  360.8
  150.0  14300  -63.1  -73.1     25   0.01    195     12  361.2  361.2  361.2
  149.0  14341  -63.3  -73.3     25   0.01    200     12  361.5  361.6  361.5
  147.0  14424  -63.5  -73.5     25   0.01    210     11  362.6  362.6  362.6
  145.0  14508  -63.2  -74.2     21   0.01    230     12  364.5  364.6  364.5
  143.0  14593  -62.9  -74.9     18   0.01    245     11  366.5  366.6  366.5
  141.0  14680  -63.3  -75.7     17   0.01    235      6  367.3  367.4  367.3
  139.0  14767  -63.7  -76.6     16   0.01    215      9  368.1  368.2  368.1
  137.0  14856  -64.1  -77.4     15   0.01    220      9  368.9  369.0  368.9
  130.0  15176  -65.5  -80.5     11   0.00    178      6  372.0  372.0  372.0
  129.0  15223  -65.7  -80.7     11   0.00    172      5  372.4  372.4  372.4
  127.0  15318  -65.8  -80.2     12   0.01    160      4  373.8  373.9  373.9
  126.0  15366  -65.9  -79.9     13   0.01    163      5  374.6  374.6  374.6
  121.0  15610  -67.2  -81.2     12   0.00    180     10  376.5  376.5  376.5
  120.0  15661  -67.5  -81.5     12   0.00    190      8  376.9  376.9  376.9
  118.0  15762  -67.5  -82.5     10   0.00    212      7  378.7  378.7  378.7
  117.0  15813  -67.3  -82.3     10   0.00    224      6  380.0  380.0  380.0
  116.0  15865  -67.2  -82.2     10   0.00    235      5  381.1  381.1  381.1
  115.0  15917  -67.1  -82.1     10   0.00    221      5  382.2  382.3  382.2
  112.0  16076  -67.0  -82.3     10   0.00    180      4  385.2  385.3  385.2
  109.0  16240  -67.0  -82.5     10   0.00    135      5  388.4  388.4  388.4
  107.0  16352  -67.0  -82.7      9   0.00    135      6  390.5  390.5  390.5
  106.0  16408  -66.9  -82.8      9   0.00    195      2  391.6  391.6  391.6
  104.0  16523  -66.9  -82.9      9   0.00    203      3  393.8  393.8  393.8
  102.0  16640  -66.7  -82.7      9   0.00    212      3  396.3  396.4  396.3
  100.0  16760  -66.9  -82.9      9   0.00    220      4  398.2  398.2  398.2
   98.0  16882  -67.2  -83.7      8   0.00    245      4  400.0  400.0  400.0
   96.0  17006  -67.5  -84.4      7   0.00    230      4  401.8  401.8  401.8
   95.8  17019  -67.5  -84.5      7   0.00    237      4  401.9  402.0  401.9
   95.0  17070  -67.5  -84.5      7   0.00    265      2  403.0  403.0  403.0
   93.0  17198  -67.3  -84.3      7   0.00     10      5  405.8  405.8  405.8
   92.9  17204  -67.3  -84.3      7   0.00     12      5  405.9  405.9  405.9
   85.5  17706  -66.3  -84.3      6   0.00    132     14  417.6  417.7  417.6
   85.0  17742  -66.2  -84.4      6   0.00    140     15  418.5  418.6  418.5
   81.4  18005  -65.5  -85.5      5   0.00     59      9  425.2  425.2  425.2
   78.0  18266  -64.1  -85.2      4   0.00    340      4  433.3  433.3  433.3
   77.0  18345  -63.7  -85.1      4   0.00      5      6  435.7  435.8  435.7
   75.1  18498  -62.9  -84.9      4   0.00     14      9  440.5  440.6  440.5
   73.0  18672  -63.5  -86.8      3   0.00     25     13  442.8  442.8  442.8
   72.0  18757  -63.9  -87.7      3   0.00     30     12  443.8  443.9  443.8
   70.0  18930  -64.5  -89.5      2   0.00     20      7  446.1  446.1  446.1
   69.0  19017  -64.9  -89.2      2   0.00      0      7  447.1  447.1  447.1
   68.4  19071  -65.1  -89.1      2   0.00      9      9  447.7  447.7  447.7
   68.0  19106  -65.0  -89.6      2   0.00     15     11  448.8  448.8  448.8
   67.8  19124  -64.9  -89.9      2   0.00     18     11  449.3  449.3  449.3
   64.9  19391  -63.5  -87.5      3   0.00     61     18  458.0  458.0  458.0
   63.0  19574  -62.6  -87.9      2   0.00     90     22  463.8  463.9  463.8
   61.0  19773  -61.7  -88.3      2   0.00    105     12  470.2  470.3  470.2
   59.0  19979  -60.7  -88.7      1   0.00     75     16  476.9  477.0  476.9
   57.0  20192  -59.7  -89.1      1   0.00     80     12  484.0  484.0  484.0
   56.3  20269  -59.3  -89.3      1   0.00     77     11  486.5  486.6  486.5
   56.0  20302  -59.2  -89.0      1   0.00     75     10  487.5  487.5  487.5
   54.5  20472  -58.7  -87.7      1   0.00     60     12  492.4  492.5  492.4
   54.0  20529  -58.8  -87.8      1   0.00     55     13  493.4  493.5  493.4
   53.0  20646  -59.1  -88.1      1   0.00     60     12  495.4  495.5  495.4
   52.0  20765  -59.4  -88.4      1   0.00     60     15  497.5  497.5  497.5
   51.6  20813  -59.5  -88.5      1   0.00     62     16  498.3  498.4  498.3
   50.0  21010  -58.7  -87.7      1   0.00     70     20  504.7  504.8  504.7
   49.0  21137  -58.0  -87.0      1   0.00     60     23  509.2  509.2  509.2
   48.0  21267  -57.4  -86.4      1   0.00     70     25  513.8  513.9  513.8
   47.9  21280  -57.3  -86.3      1   0.00     70     25  514.3  514.3  514.3
   47.0  21400  -57.2  -86.2      1   0.01     70     24  517.3  517.4  517.3
   45.0  21675  -57.0  -86.0      1   0.01     70     19  524.4  524.4  524.4
   44.0  21818  -56.8  -85.8      1   0.01     50     27  528.1  528.1  528.1
   43.0  21963  -56.7  -85.7      1   0.01     60     29  531.9  531.9  531.9
   41.1  22249  -57.1  -86.1      1   0.01     88     20  537.8  537.8  537.8
   41.0  22265  -57.1  -86.1      1   0.01     90     20  538.2  538.3  538.2
   40.0  22421  -56.7  -85.7      1   0.01     85     17  542.9  542.9  542.9
   38.1  22730  -56.1  -85.1      1   0.01     99     31  552.1  552.1  552.1
   38.0  22747  -56.1  -85.1      1   0.01    100     32  552.5  552.6  552.5
   37.3  22865  -56.1  -85.1      1   0.01    100     27  555.5  555.5  555.5
   37.0  22916  -56.0  -85.0      2   0.01    100     25  557.0  557.0  557.0
   36.1  23073  -55.7  -84.7      2   0.01     78     21  561.7  561.8  561.7
   36.0  23090  -55.6  -84.7      2   0.01     75     20  562.3  562.4  562.3
   35.0  23271  -55.1  -84.3      2   0.01     85     24  568.3  568.4  568.3
   33.0  23648  -53.9  -83.6      1   0.01     70     17  581.0  581.1  581.0
   32.0  23845  -53.3  -83.2      1   0.01     80     23  587.7  587.8  587.7
   31.3  23987  -52.9  -82.9      1   0.01     83     29  592.6  592.7  592.6
   31.0  24049  -53.0  -82.8      2   0.01     85     31  593.9  594.0  593.9
   30.0  24260  -53.5  -82.5      2   0.01     95     30  598.2  598.3  598.2
   29.0  24478  -54.1  -83.1      2   0.01     95     28  602.5  602.6  602.5
   28.6  24568  -54.3  -83.3      2   0.01     97     29  604.2  604.3  604.2
   28.0  24705  -53.9  -82.8      2   0.01    100     31  609.1  609.3  609.1
   27.0  24940  -53.1  -82.1      2   0.02    110     26  617.7  617.8  617.7
   26.0  25183  -52.3  -81.3      2   0.02    100     20  626.7  626.9  626.7
   25.8  25233  -52.1  -81.1      2   0.02    102     20  628.5  628.7  628.5
   25.0  25437  -52.5  -81.0      2   0.02    110     22  633.1  633.4  633.1
   24.1  25675  -52.9  -80.9      2   0.02     88     19  638.5  638.8  638.6
   24.0  25702  -52.9  -80.9      2   0.02     85     19  639.3  639.5  639.3
   23.0  25978  -51.7  -80.4      2   0.03     65     23  650.7  651.0  650.7
   22.7  26063  -51.3  -80.3      2   0.03     75     25  654.3  654.6  654.3
   22.0  26267  -51.0  -80.0      2   0.03    100     29  660.9  661.2  660.9
   21.6  26387  -50.9  -79.9      2   0.03    102     27  664.8  665.1  664.9
   21.0  26571  -50.7  -79.3      2   0.04    105     23  670.9  671.2  670.9
   20.0  26890  -50.3  -78.3      2   0.04    100     21  681.5  681.9  681.5
   19.8  26955  -50.3  -78.3      2   0.04     96     24  683.4  683.9  683.4
   19.0  27224  -50.7  -78.7      2   0.04     80     35  690.3  690.7  690.3
   18.6  27362  -50.9  -78.9      2   0.04     84     32  693.9  694.3  693.9
   18.1  27539  -50.7  -78.7      2   0.05     89     29  699.9  700.4  699.9
   18.0  27575  -50.7  -78.7      2   0.05     90     28  701.1  701.6  701.2
   17.6  27721  -50.5  -78.5      2   0.05     88     31  706.2  706.7  706.2
   17.0  27948  -50.1  -78.1      2   0.05     85     35  714.5  715.1  714.6
   16.2  28262  -49.5  -77.5      2   0.06     85     23  726.3  727.0  726.4
   16.0  28343  -49.4  -77.4      2   0.06     85     20  729.4  730.0  729.4
   15.6  28509  -49.1  -77.1      2   0.07     83     29  735.5  736.2  735.5
   15.0  28766  -48.6  -76.6      2   0.08     80     42  745.5  746.3  745.5
   14.0  29220  -47.7  -75.7      3   0.09     95     39  763.4  764.4  763.4
   13.1  29659  -45.7  -74.7      2   0.12     91     34  784.9  786.2  785.0
   13.0  29710  -45.6  -74.6      2   0.12     90     33  787.0  788.4  787.1
   12.6  29918  -45.1  -74.1      2   0.13     88     35  795.8  797.3  795.8
   12.0  30243  -45.2  -74.2      2   0.14     85     37  806.5  808.0  806.5
   11.7  30412  -45.3  -74.3      2   0.14     82     38  812.1  813.7  812.1
   11.0  30823  -45.1  -73.4      3   0.17     75     39  827.1  829.1  827.2
   10.8  30945  -45.1  -73.1      3   0.18     75     38  831.6  833.7  831.7
   10.5  31133  -44.9  -72.9      3   0.19     75     38  839.0  841.3  839.1
   10.0  31460  -42.9  -71.9      3   0.23     75     36  858.3  861.1  858.4
    9.0  32177  -40.5  -70.1      3   0.33     80     33  893.6  897.8  893.8
    8.3  32728  -38.7  -68.7      3   0.44     90     34  921.7  927.4  922.0
    8.0  32981  -38.1  -68.1      3   0.50     95     35  933.8  940.3  934.1
    7.9  33067  -37.9  -67.9      3   0.52                938.0  944.8  938.3
    7.6  33334  -37.7  -67.7      3   0.56                949.2  956.6  949.6