-----------------------------------------------------------------------------
   PRES   HGHT   TEMP   DWPT   RELH   MIXR   DRCT   SKNT   THTA   THTE   THTV
    hPa     m      C      C      %    g/kg    deg   knot     K      K      K 
-----------------------------------------------------------------------------
 1000.0    122                                                               
  925.0    809                                                               
  875.0   1289   20.8    8.8     46   8.18    325      2  305.4  330.3  306.9
  866.0   1380   22.3    7.4     38   7.53    315      3  307.9  331.1  309.2
  859.0   1452   23.5    6.4     33   7.05    350      5  309.8  331.8  311.1
  854.0   1504   24.3    5.6     30   6.73      5      5  311.2  332.4  312.4
  850.0   1545   25.0    5.0     28   6.47     15      6  312.3  332.8  313.5
  845.0   1597   25.2    4.2     26   6.15      8      6  313.1  332.6  314.2
  843.0   1618   25.1    4.0     26   6.08      5      6  313.2  332.6  314.3
  826.0   1796   24.2    2.3     24   5.50     65      4  314.1  331.8  315.1
  825.0   1807   24.2    2.2     24   5.47     67      4  314.1  331.7  315.2
  814.0   1923   23.3    2.0     25   5.46     85      4  314.4  331.9  315.4
  805.0   2019   22.5    1.8     26   5.45     70      6  314.5  332.1  315.6
  798.0   2094   21.9    1.7     26   5.45     70      5  314.7  332.2  315.7
  788.0   2203   21.0    1.5     27   5.44    100      3  314.9  332.4  315.9
  779.0   2303   20.2    1.3     28   5.43     80      2  315.0  332.6  316.1
  769.0   2414   19.3    1.1     30   5.43     90      1  315.2  332.7  316.2
  761.0   2505   18.5    1.0     31   5.42    330      2  315.4  332.9  316.4
  753.0   2596   17.8    0.8     32   5.41    306      3  315.5  333.0  316.6
  751.0   2619   17.7    0.5     31   5.29    300      3  315.6  332.8  316.6
  743.0   2710   17.2   -1.0     29   4.83    320      3  316.1  331.8  317.0
  736.0   2791   16.8   -2.2     27   4.44      4      3  316.5  331.0  317.3
  735.0   2803   16.7   -2.1     27   4.46     10      3  316.5  331.1  317.4
  726.0   2907   15.9   -1.7     30   4.66     35      7  316.8  332.0  317.7
  708.0   3120   14.4   -0.9     35   5.09     10     12  317.3  333.9  318.3
  706.0   3144   14.2   -0.8     36   5.14      8     13  317.4  334.2  318.4
  700.0   3216   13.8   -1.2     36   5.03      0     14  317.7  334.2  318.7
  699.0   3228   13.7   -1.4     35   4.98    355     14  317.8  334.1  318.7
  692.0   3312   13.1   -2.4     34   4.65    350     14  318.0  333.3  318.9
  684.0   3410   12.4   -3.6     32   4.30    330     13  318.3  332.5  319.1
  677.0   3496   11.8   -4.7     31   4.00    330     12  318.6  331.8  319.3
  670.0   3583   11.2   -5.8     30   3.72    326     13  318.8  331.2  319.5
  669.0   3595   11.1   -5.8     30   3.72    325     13  318.8  331.2  319.6
  662.0   3682   10.4   -6.0     31   3.71    320     11  319.0  331.3  319.7
  646.0   3884    8.7   -6.4     34   3.69    310     17  319.3  331.6  320.0
  622.0   4197    6.0   -7.0     39   3.65    300     18  319.7  331.9  320.4
  610.0   4356    4.6   -8.4     38   3.34    304     20  319.9  331.1  320.5
  608.0   4382    4.4   -8.5     39   3.32    305     20  319.9  331.1  320.6
  596.0   4544    2.9   -9.4     40   3.17    305     20  320.1  330.8  320.7
  590.0   4626    2.2   -9.8     41   3.10    303     20  320.1  330.6  320.8
  571.0   4888    0.3  -15.8     29   1.97    295     19  321.0  327.8  321.4
  558.0   5072   -1.0  -20.0     22   1.41    305     17  321.6  326.6  321.8
  545.0   5260   -2.3  -24.3     17   0.99    294     10  322.1  325.7  322.3
  540.0   5333   -2.2  -27.9     12   0.72    290      7  323.1  325.8  323.3
  537.0   5377   -2.1  -30.1     10   0.59    286      8  323.7  325.9  323.9
  530.0   5481   -2.5  -26.5     14   0.83    277     10  324.5  327.6  324.6
  509.0   5800   -4.8  -27.0     16   0.83    250     18  325.5  328.6  325.7
  506.0   5847   -5.1  -27.1     16   0.83    252     18  325.6  328.7  325.8
  500.0   5940   -5.7  -29.7     13   0.66    255     17  326.0  328.5  326.1
  498.0   5971   -5.7  -32.7     10   0.49    252     16  326.4  328.3  326.5
  492.0   6066   -5.1  -38.1      6   0.29    242     14  328.3  329.4  328.3
  491.0   6082   -5.3  -38.3      5   0.29    241     14  328.2  329.4  328.3
  472.0   6388   -7.8  -36.8      8   0.35    210      6  328.8  330.2  328.9
  463.0   6538   -9.1  -36.0      9   0.38    195      5  329.1  330.6  329.1
  458.0   6622   -9.8  -35.6     10   0.40    215      5  329.2  330.8  329.3
  450.0   6759  -10.9  -34.9     12   0.44    229      7  329.5  331.2  329.5
  441.0   6913  -12.1  -34.1     14   0.49    245      9  329.9  331.8  330.0
  436.0   7000  -12.7  -33.7     15   0.51    240     10  330.1  332.1  330.3
  432.0   7070  -13.2  -33.3     17   0.53    235      9  330.4  332.4  330.5
  427.0   7159  -13.9  -32.9     18   0.57    240      8  330.6  332.8  330.7
  414.0   7392  -16.1  -34.3     19   0.51    255      5  330.8  332.7  330.9
  410.0   7465  -16.7  -34.8     19   0.49    260      6  330.8  332.7  330.9
  409.0   7484  -16.9  -34.9     19   0.48    258      6  330.8  332.7  330.9
  402.0   7613  -18.1  -35.4     21   0.47    245      6  330.9  332.7  330.9
  400.0   7650  -18.5  -35.5     21   0.47    245      6  330.9  332.7  330.9
  395.0   7744  -19.3  -35.3     23   0.48    251      7  331.0  332.9  331.1
  390.0   7838  -20.1  -37.1     20   0.41    258      8  331.2  332.8  331.2
  377.0   8087  -21.8  -41.5     15   0.27    275     11  332.2  333.2  332.2
  373.0   8166  -22.3  -42.9     14   0.23    280     11  332.5  333.4  332.5
  365.0   8325  -23.4  -45.6     11   0.18    250      4  333.1  333.8  333.1
  357.0   8488  -24.5  -48.5      9   0.13    215      4  333.7  334.3  333.8
  355.0   8529  -24.9  -48.9      9   0.13    217      3  333.7  334.3  333.8
  353.0   8569  -25.2  -49.2      9   0.12    220      2  333.9  334.4  333.9
  349.0   8651  -25.8  -49.7      9   0.12    215      2  334.1  334.6  334.1
  341.0   8817  -27.1  -50.8      9   0.11    255      5  334.6  335.0  334.6
  334.0   8965  -28.3  -51.8      9   0.10    260      7  335.0  335.4  335.0
  319.0   9294  -30.8  -54.0      8   0.08    240      4  335.9  336.3  335.9
  312.0   9453  -32.0  -55.1      8   0.07    275      6  336.4  336.7  336.4
  307.0   9568  -32.9  -55.9      8   0.06    272      7  336.7  336.9  336.7
  304.0   9637  -33.5  -55.6      9   0.07    270      8  336.8  337.1  336.8
  300.0   9730  -34.3  -55.3     10   0.07    275      7  336.9  337.2  336.9
  294.0   9870  -35.6  -56.1     10   0.07    275      8  337.1  337.3  337.1
  291.0   9941  -36.2  -56.5     10   0.06    275      9  337.1  337.4  337.1
  287.0  10037  -37.1  -57.1     11   0.06    275      9  337.2  337.5  337.2
  284.0  10109  -37.4  -58.4      9   0.05    275      9  337.8  338.1  337.8
  278.0  10256  -37.9  -61.0      7   0.04    260      9  339.1  339.2  339.1
  275.0  10330  -38.2  -62.3      6   0.03    255      8  339.7  339.9  339.7
  269.0  10481  -38.8  -65.0      5   0.02    230      7  341.0  341.1  341.0
  264.0  10610  -39.3  -67.3      4   0.02    242      8  342.1  342.2  342.1
  263.0  10636  -39.5  -67.6      3   0.02    245      8  342.3  342.3  342.3
  260.0  10714  -40.0  -68.6      3   0.01    240     11  342.6  342.7  342.6
  258.0  10767  -40.3  -69.3      3   0.01    237     10  342.9  343.0  342.9
  254.0  10872  -41.1  -69.6      3   0.01    230      8  343.3  343.3  343.3
  250.0  10980  -41.9  -69.9      3   0.01    240      9  343.6  343.7  343.6
  245.0  11116  -42.8  -69.8      4   0.01    255     11  344.3  344.4  344.3
  236.0  11367  -44.4  -69.8      4   0.01    270      8  345.6  345.6  345.6
  233.0  11453  -45.0  -69.7      5   0.01    260      7  346.0  346.1  346.0
  229.0  11570  -45.7  -69.7      5   0.01    263      8  346.6  346.6  346.6
  226.0  11657  -46.3  -69.8      5   0.01    265      9  346.9  347.0  346.9
  223.0  11744  -47.0  -70.0      5   0.01    260     10  347.3  347.4  347.3
  220.0  11833  -47.6  -70.1      6   0.01    270      9  347.6  347.7  347.6
  218.0  11893  -48.0  -70.2      6   0.01    265     11  347.9  347.9  347.9
  212.0  12077  -49.4  -70.5      7   0.01    280     14  348.6  348.7  348.6
  206.0  12266  -50.7  -70.8      7   0.01    275     16  349.4  349.4  349.4
  204.0  12330  -51.2  -70.9      8   0.01    285     16  349.6  349.7  349.6
  200.0  12460  -52.1  -71.1      8   0.01    285     16  350.1  350.2  350.1
  187.0  12893  -54.9  -71.9     10   0.01    305     11  352.4  352.4  352.4
  184.0  12995  -55.5  -72.3     11   0.01    310     10  353.0  353.1  353.0
  181.0  13099  -56.1  -72.8     11   0.01    300      9  353.7  353.7  353.7
  176.0  13277  -57.2  -73.6     11   0.01    285     12  354.8  354.9  354.8
  174.0  13349  -57.6  -73.9     11   0.01    285     13  355.3  355.3  355.3
  168.0  13571  -58.9  -74.9     11   0.01    295     16  356.7  356.7  356.7
  166.0  13646  -59.1  -75.1     11   0.01    298     18  357.6  357.6  357.6
  162.0  13799  -59.5  -76.7      9   0.01    305     20  359.3  359.3  359.3
  159.0  13916  -59.9  -77.9      8   0.01    310     19  360.6  360.7  360.6
  157.0  13995  -60.1  -77.1      9   0.01    313     18  361.6  361.6  361.6
  156.0  14035  -60.1  -77.1      9   0.01    315     18  362.3  362.3  362.3
  155.0  14075  -60.1  -77.1      9   0.01    313     18  362.9  363.0  362.9
  152.0  14197  -59.9  -76.9      9   0.01    305     17  365.3  365.3  365.3
  150.0  14280  -60.1  -77.1      9   0.01    290     18  366.3  366.4  366.3
  147.0  14406  -60.9  -78.9      8   0.01    283     15  367.1  367.1  367.1
  146.0  14448  -61.1  -79.1      8   0.01    280     14  367.5  367.5  367.5
  144.0  14534  -61.4  -79.4      7   0.01    275     16  368.4  368.4  368.4
  142.0  14620  -61.7  -79.7      7   0.00    280     19  369.3  369.3  369.3
  141.0  14664  -61.9  -79.9      7   0.00    286     19  369.7  369.8  369.7
  136.0  14887  -62.4  -81.6      6   0.00    315     22  372.7  372.7  372.7
  129.0  15213  -63.1  -84.1      4   0.00    325     18  377.1  377.1  377.1
  127.0  15309  -63.3  -84.3      4   0.00    318     17  378.4  378.4  378.4
  125.0  15406  -63.6  -84.8      4   0.00    310     15  379.5  379.5  379.5
  122.0  15555  -64.2  -85.7      4   0.00    300     11  381.2  381.2  381.2
  120.0  15656  -64.5  -86.2      4   0.00    290     14  382.3  382.3  382.3
  118.0  15759  -64.9  -86.8      3   0.00    295     18  383.5  383.5  383.5
  117.0  15811  -65.1  -87.1      3   0.00    300     17  384.1  384.1  384.1
  115.0  15916  -65.1  -87.1      3   0.00    308     19  386.0  386.0  386.0
  112.0  16077  -65.3  -87.3      3   0.00    320     22  388.5  388.5  388.5
  110.0  16187  -65.1  -87.1      3   0.00    320     19  390.9  390.9  390.9
  109.0  16242  -65.0  -87.5      3   0.00    320     12  392.1  392.1  392.1
  107.0  16355  -64.8  -88.3      3   0.00    315     14  394.6  394.6  394.6
  106.0  16413  -64.7  -88.7      2   0.00    335     16  395.8  395.8  395.8
  103.0  16589  -63.7  -88.2      2   0.00    355     11  401.0  401.0  401.0
  101.0  16709  -63.0  -87.9      2   0.00      0      6  404.5  404.5  404.5
  100.0  16770  -62.7  -87.7      2   0.00     75      3  406.3  406.3  406.3
   95.9  17027  -63.9  -91.9      1   0.00    139     10  408.9  408.9  408.9
   91.0  17346  -65.5  -92.6      1   0.00    220     18  411.9  411.9  411.9
   90.3  17393  -65.7  -92.7      1   0.00    231     17  412.4  412.4  412.4
   89.0  17481  -65.9  -92.9      1   0.00    252     16  413.7  413.7  413.7
   84.0  17833  -64.7  -92.4      1   0.00    335     10  423.1  423.1  423.1
   83.0  17906  -64.4  -92.3      1   0.00      5     14  425.0  425.0  425.0
   82.5  17942  -64.3  -92.3      1   0.00     15     15  426.0  426.0  426.0
   80.3  18108  -63.5  -91.5      1   0.00     62     17  431.0  431.0  431.0
   79.0  18208  -63.7  -91.3      1   0.00     90     19  432.5  432.5  432.5
   77.1  18357  -64.1  -91.1      1   0.00    109     15  434.7  434.8  434.8
   77.0  18365  -64.1  -91.1      1   0.00    110     15  435.0  435.0  435.0
   75.0  18526  -63.5  -90.9      1   0.00    105      4  439.5  439.5  439.5
   74.0  18608  -63.2  -90.8      1   0.00    305      3  441.8  441.8  441.8
   71.7  18802  -62.5  -90.5      1   0.00    339     10  447.3  447.3  447.3
   71.0  18863  -62.2  -90.2      1   0.00    350     12  449.0  449.1  449.0
   70.0  18950  -61.9  -89.9      1   0.00      0     13  451.6  451.6  451.6
   68.9  19048  -60.9  -88.9      1   0.00     30     13  455.8  455.8  455.8
   68.2  19112  -60.5  -88.5      1   0.00     49     13  458.0  458.0  458.0
   68.0  19130  -60.4  -88.7      1   0.00     55     13  458.6  458.6  458.6
   67.5  19177  -60.1  -89.1      1   0.00     67     13  460.2  460.2  460.2
   65.9  19327  -59.5  -87.5      2   0.00    107     15  464.7  464.7  464.7
   65.0  19413  -59.7  -87.7      1   0.00    130     16  466.0  466.0  466.0
   63.0  19608  -60.2  -88.2      1   0.00    150     10  469.1  469.1  469.1
   62.8  19628  -60.3  -88.3      1   0.00    146      9  469.4  469.4  469.4
   62.0  19708  -60.4  -88.4      1   0.00    130      5  470.9  470.9  470.9
   61.3  19779  -60.5  -88.5      1   0.00     57      8  472.2  472.2  472.2
   61.0  19810  -60.4  -88.4      1   0.00     25      9  473.1  473.1  473.1
   60.2  19892  -60.1  -88.1      1   0.00     41     13  475.5  475.5  475.5
   59.0  20019  -59.6  -87.6      1   0.00     65     19  479.3  479.4  479.3
   57.7  20158  -59.1  -87.1      2   0.00     68     17  483.6  483.6  483.6
   57.0  20235  -59.0  -87.0      2   0.00     70     16  485.4  485.5  485.4
   55.0  20460  -58.8  -86.8      2   0.00     90     19  491.0  491.0  491.0
   54.3  20540  -58.7  -86.7      2   0.00     93     17  493.0  493.0  493.0
   54.0  20575  -58.7  -86.7      2   0.00     95     16  493.8  493.9  493.8
   53.0  20693  -58.5  -86.5      2   0.00    120     18  496.7  496.8  496.7
   52.0  20813  -58.4  -86.4      2   0.00    135     16  499.7  499.8  499.7
   51.0  20935  -58.3  -86.3      2   0.00    125     15  502.8  502.8  502.8
   50.0  21060  -58.5  -86.5      2   0.00    110     17  505.2  505.2  505.2
   49.0  21187  -58.5  -86.5      2   0.00    120     13  508.1  508.1  508.1
   48.9  21200  -58.5  -86.5      2   0.00    118     13  508.4  508.4  508.4
   48.0  21316  -58.4  -86.4      2   0.00     95     13  511.4  511.4  511.4
   47.4  21395  -58.3  -86.3      2   0.00     92     14  513.4  513.5  513.4
   47.0  21448  -58.4  -86.2      2   0.01     90     14  514.5  514.6  514.5
   46.0  21583  -58.5  -86.0      2   0.01    130     10  517.3  517.4  517.3
   45.0  21721  -58.7  -85.7      2   0.01    105      8  520.2  520.2  520.2
   44.9  21735  -58.7  -85.7      2   0.01    104      9  520.5  520.5  520.5
   44.6  21777  -58.5  -85.5      2   0.01     99     13  522.0  522.0  522.0
   44.0  21862  -58.3  -85.4      2   0.01     90     21  524.5  524.5  524.5
   42.0  22156  -57.5  -85.0      2   0.01     65     13  533.3  533.4  533.3
   40.0  22463  -56.8  -84.6      2   0.01     75     25  542.8  542.8  542.8
   39.0  22623  -56.4  -84.3      2   0.01     80     26  547.7  547.8  547.7
   38.8  22655  -56.3  -84.3      2   0.01     82     26  548.7  548.8  548.7
   38.0  22788  -56.0  -84.0      2   0.01     90     24  552.9  553.0  552.9
   37.0  22957  -55.5  -83.5      2   0.01     75     32  558.2  558.3  558.2
   36.1  23114  -55.1  -83.1      2   0.01     79     34  563.2  563.3  563.2
   36.0  23132  -55.1  -83.1      2   0.01     80     34  563.7  563.8  563.7
   35.0  23311  -54.9  -82.9      2   0.01     85     33  568.8  568.9  568.8
   34.0  23496  -54.7  -82.7      2   0.01    100     34  574.1  574.2  574.1
   33.1  23668  -54.5  -82.5      2   0.01    104     30  579.0  579.1  579.0
   32.0  23884  -53.5  -81.5      2   0.02    110     26  587.2  587.4  587.2
   31.0  24088  -52.6  -80.6      2   0.02     85     21  595.1  595.2  595.1
   30.9  24109  -52.5  -80.5      2   0.02     86     22  595.9  596.0  595.9
   30.0  24300  -51.7  -79.7      2   0.02     95     30  603.1  603.3  603.1
   29.0  24520  -51.9  -79.9      2   0.02     95     32  608.5  608.7  608.5
   28.9  24542  -51.9  -79.9      2   0.02     94     32  609.0  609.2  609.0
   28.0  24748  -51.4  -79.4      2   0.03     80     30  615.9  616.1  615.9
   27.8  24794  -51.3  -79.3      2   0.03     81     30  617.5  617.7  617.5
   26.0  25231  -49.8  -78.5      2   0.03     90     32  633.8  634.1  633.8
   25.5  25358  -49.3  -78.3      2   0.03     85     34  638.6  638.9  638.6
   25.0  25489  -49.1  -78.1      2   0.04     80     37  642.8  643.1  642.8
   24.0  25758  -48.7  -77.7      2   0.04     95     38  651.5  651.9  651.5
   23.0  26038  -48.3  -77.3      2   0.04     80     28  660.7  661.1  660.7
   22.0  26332  -47.8  -76.8      2   0.05     75     38  670.5  671.0  670.5
   21.0  26638  -47.4  -76.4      2   0.06     80     37  680.8  681.4  680.8
   20.0  26960  -46.9  -75.9      2   0.06     75     30  691.8  692.5  691.9
   19.5  27128  -46.7  -75.7      2   0.07     80     34  697.5  698.2  697.5
   18.0  27655  -47.9  -75.8      3   0.07     95     46  709.7  710.5  709.8
   17.0  28032  -48.8  -75.9      3   0.08     95     34  718.6  719.4  718.6
   16.9  28071  -48.9  -75.9      3   0.08     95     34  719.5  720.3  719.6
   16.6  28189  -48.9  -75.9      3   0.08     95     35  723.2  724.0  723.3
   16.0  28431  -48.2  -75.6      3   0.08     95     37  733.1  734.0  733.2
   15.1  28812  -47.1  -75.1      3   0.10    104     37  749.0  750.1  749.1
   15.0  28856  -46.9  -74.9      3   0.10    105     37  751.1  752.2  751.2
   14.9  28901  -46.7  -74.7      3   0.10    105     37  753.2  754.3  753.3
   14.7  28990  -46.5  -74.5      3   0.11    104     37  756.8  758.0  756.9
   14.0  29314  -46.0  -74.0      3   0.12    100     36  769.0  770.3  769.0
   13.8  29410  -45.9  -73.9      3   0.12     98     37  772.6  774.0  772.7
   13.0  29806  -46.2  -74.2      3   0.13     90     42  785.0  786.5  785.1
   12.6  30014  -46.3  -74.3      3   0.13     86     41  791.6  793.0  791.6
   12.3  30174  -46.1  -74.1      3   0.14     83     41  797.7  799.3  797.8
   12.0  30339  -45.7  -73.9      3   0.14     80     40  805.0  806.6  805.0
   11.0  30919  -44.1  -73.1      3   0.18     90     50  830.9  833.0  831.0
   10.0  31560  -42.5  -71.5      3   0.25     85     56  859.8  862.8  859.9
    9.7  31766  -41.9  -70.9      3   0.28     86     55  869.5  872.9  869.7
    9.0  32275  -39.8  -69.7      3   0.35     90     53  896.4  900.8  896.6
    8.9  32351  -39.5  -69.5      3   0.37     89     53  900.4  905.1  900.6
    8.0  33083  -38.6  -68.6      3   0.47     80     55  932.0  938.0  932.2
    7.4  33617  -37.9  -67.9      3   0.55     85     67  955.7  963.0  956.0
    7.1  33902  -37.9  -67.9      3   0.58     85     58  967.1  974.8  967.4
    7.0  34000  -37.9  -67.9      3   0.59     85     55  971.0  978.9  971.3
    6.5  34514  -35.1  -66.1      3   0.81     85     57 1003.6 1014.8 1004.1
    6.3  34732  -33.9  -64.9      3   0.98     85     58 1017.7 1031.4 1018.3
    6.1  34958  -35.1  -65.1      3   0.99     85     59 1022.0 1035.8 1022.6