-----------------------------------------------------------------------------
   PRES   HGHT   TEMP   DWPT   RELH   MIXR   DRCT   SKNT   THTA   THTE   THTV
    hPa     m      C      C      %    g/kg    deg   knot     K      K      K 
-----------------------------------------------------------------------------
 1000.0     47                                                               
  925.0    757                                                               
  872.0   1289   30.4    6.4     22   6.96     15      2  315.7  337.9  317.0
  867.0   1340   28.8    2.8     19   5.43    353      3  314.5  332.0  315.6
  850.0   1513   26.8    2.8     21   5.54    275      5  314.2  332.0  315.3
  790.7   2134   21.0    2.2     29   5.72    320      4  314.5  332.9  315.6
  763.2   2438   18.1    2.0     34   5.81    290      6  314.6  333.3  315.8
  736.6   2743   15.2    1.7     40   5.90    300      1  314.7  333.6  315.9
  711.0   3047   12.4    1.4     47   5.99    250     13  314.8  334.0  315.9
  710.9   3048   12.4    1.4     47   5.99    250     13  314.8  334.0  315.9
  700.0   3177   11.4    0.4     47   5.66    255     15  315.1  333.3  316.1
  685.3   3353    9.8   -0.6     48   5.38    255     18  315.3  332.6  316.3
  660.5   3658    7.2   -2.3     51   4.93    265     19  315.6  331.6  316.5
  650.0   3791    6.0   -3.0     52   4.74    261     22  315.7  331.1  316.6
  645.0   3854    5.6   -3.4     52   4.64    259     23  316.0  331.1  316.8
  636.5   3962    4.7   -4.8     50   4.23    255     26  316.1  329.9  316.9
  627.0   4085    3.6   -6.4     48   3.80    255     26  316.2  328.7  317.0
  613.1   4267    1.9   -6.5     53   3.84    255     27  316.3  328.9  317.1
  609.0   4321    1.4   -6.6     55   3.85    254     27  316.3  329.0  317.1
  593.0   4535   -0.5   -9.5     51   3.15    251     27  316.6  327.0  317.2
  590.2   4572   -0.8   -9.6     51   3.14    250     27  316.6  327.0  317.2
  567.9   4877   -3.6  -10.4     59   3.07    250     31  316.8  327.0  317.4
  549.0   5145   -6.1  -11.1     68   3.00    250     34  317.0  327.0  317.5
  546.4   5182   -6.4  -11.9     65   2.83    250     34  317.1  326.6  317.6
  539.0   5289   -7.1  -14.1     57   2.40    252     34  317.4  325.6  317.9
  525.0   5494   -9.1  -14.1     67   2.46    257     33  317.4  325.7  317.9
  517.0   5612  -10.1  -15.1     67   2.30    259     32  317.6  325.4  318.1
  510.0   5718  -10.7  -14.6     73   2.43    262     32  318.1  326.4  318.6
  507.0   5763  -10.5  -15.5     67   2.27    263     31  318.9  326.6  319.3
  501.0   5855  -10.9  -21.9     40   1.33    265     31  319.5  324.2  319.8
  500.0   5870  -10.9  -22.9     37   1.22    265     31  319.7  324.0  319.9
  497.0   5916  -10.7  -23.7     34   1.14    266     30  320.5  324.6  320.7
  485.4   6096  -12.2  -20.6     50   1.53    270     27  320.8  326.1  321.1
  482.0   6150  -12.7  -19.7     56   1.67    271     28  320.8  326.7  321.2
  466.3   6401  -14.6  -23.4     47   1.25    275     35  321.6  326.1  321.8
  465.0   6422  -14.7  -23.7     46   1.22    275     35  321.6  326.0  321.9
  447.7   6706  -17.4  -24.5     54   1.18    270     33  321.8  326.0  322.0
  447.0   6718  -17.5  -24.5     54   1.18    270     33  321.8  326.0  322.0
  441.0   6819  -17.9  -28.9     38   0.80    270     34  322.5  325.5  322.7
  429.8   7010  -18.8  -37.5     17   0.35    270     36  323.8  325.1  323.8
  421.0   7164  -19.5  -44.5      9   0.17    273     38  324.8  325.5  324.8
  400.0   7540  -22.7  -49.7      7   0.10    280     43  325.4  325.8  325.4
  395.7   7620  -23.1  -50.0      7   0.10    280     44  326.0  326.4  326.0
  395.0   7633  -23.1  -50.1      7   0.10    280     44  326.1  326.5  326.1
  379.5   7925  -24.8  -54.7      4   0.06    280     46  327.6  327.9  327.6
  369.0   8130  -25.9  -57.9      3   0.04    282     54  328.7  328.9  328.7
  334.4   8839  -29.9  -52.7      9   0.09    290     81  332.6  333.0  332.6
  328.0   8978  -30.7  -51.7     11   0.10    288     83  333.4  333.8  333.4
  320.4   9144  -31.2  -55.6      7   0.06    285     85  334.9  335.2  334.9
  319.0   9176  -31.3  -56.3      7   0.06    284     85  335.2  335.5  335.2
  306.9   9449  -32.9  -61.9      4   0.03    280     88  336.7  336.8  336.7
  304.0   9517  -33.3  -63.3      3   0.03    282     87  337.1  337.2  337.1
  300.0   9610  -33.7  -60.7      5   0.04    285     86  337.8  337.9  337.8
  293.9   9754  -34.9  -58.2      8   0.05    285     86  338.0  338.3  338.1
  287.0   9918  -36.3  -55.3     12   0.07    285     85  338.4  338.7  338.4
  281.2  10058  -37.0  -60.1      7   0.04    285     84  339.4  339.6  339.4
  280.0  10089  -37.1  -61.1      6   0.04    285     84  339.6  339.8  339.6
  269.0  10363  -39.1  -57.7     12   0.06    280     84  340.5  340.8  340.5
  262.0  10543  -40.5  -55.5     18   0.08    283     85  341.1  341.5  341.1
  258.0  10648  -41.1  -57.1     16   0.07    285     86  341.7  342.0  341.8
  257.2  10668  -41.3  -57.1     16   0.07    285     86  341.8  342.0  341.8
  250.0  10860  -43.1  -57.1     20   0.07    285     92  341.9  342.2  341.9
  245.8  10973  -44.1  -57.3     22   0.07    285     92  342.1  342.4  342.1
  239.0  11161  -45.7  -57.7     25   0.07    285     89  342.4  342.7  342.4
  234.8  11278  -46.5  -58.8     23   0.06    285     87  342.9  343.2  343.0
  227.0  11503  -47.9  -60.9     21   0.05    287     84  344.1  344.3  344.1
  214.1  11887  -50.1  -65.9     14   0.03    290     79  346.5  346.6  346.5
  213.0  11920  -50.3  -66.3     13   0.02    289     78  346.7  346.8  346.7
  210.0  12012  -50.7  -66.7     13   0.02    288     77  347.4  347.6  347.4
  209.0  12044  -50.7  -66.7     13   0.02    287     76  347.9  348.0  347.9
  204.3  12192  -50.8  -68.4     11   0.02    285     73  350.0  350.1  350.0
  200.0  12330  -50.9  -69.9      9   0.02    285     77  352.0  352.1  352.0
  194.9  12497  -51.7  -71.0      8   0.01    285     77  353.4  353.4  353.4
  186.0  12799  -53.1  -73.1      7   0.01    295     75  355.8  355.9  355.8
  185.9  12802  -53.1  -73.1      7   0.01    295     75  355.9  355.9  355.9
  180.0  13010  -52.5  -75.5      5   0.01    292     67  360.1  360.2  360.1
  177.3  13106  -53.2  -76.6      4   0.01    290     64  360.5  360.6  360.5
  174.0  13228  -54.1  -78.1      4   0.01    290     66  361.0  361.1  361.0
  169.1  13411  -56.1  -79.1      4   0.00    290     69  360.7  360.7  360.7
  169.0  13414  -56.1  -79.1      4   0.00    290     69  360.7  360.7  360.7
  168.0  13451  -56.1  -79.1      4   0.00    290     70  361.3  361.4  361.3
  165.0  13566  -55.7  -80.7      3   0.00    290     72  363.9  363.9  363.9
  162.0  13682  -56.3  -83.3      2   0.00    290     73  364.8  364.8  364.8
  161.1  13716  -56.4  -83.4      2   0.00    290     74  365.2  365.2  365.2
  158.0  13841  -56.7  -83.7      2   0.00    292     71  366.7  366.7  366.7
  154.0  14003  -56.3  -84.3      2   0.00    295     66  370.1  370.1  370.1
  153.6  14021  -56.2  -84.2      2   0.00    295     66  370.5  370.5  370.5
  150.0  14170  -55.7  -83.7      2   0.00    290     41  373.9  373.9  373.9
  148.0  14255  -55.7  -83.7      2   0.00    287     39  375.3  375.4  375.3
  146.3  14326  -56.2  -83.9      2   0.00    285     38  375.7  375.8  375.7
  139.5  14630  -58.2  -84.9      2   0.00    275     50  377.5  377.5  377.5
  135.0  14835  -59.5  -85.5      2   0.00    275     47  378.6  378.6  378.6
  134.0  14881  -59.9  -85.9      2   0.00    275     47  378.7  378.7  378.7
  132.8  14935  -59.9  -85.9      2   0.00    275     46  379.6  379.6  379.6
  132.0  14975  -59.9  -85.9      2   0.00    274     45  380.3  380.3  380.3
  131.0  15023  -59.9  -85.9      2   0.00    274     45  381.1  381.2  381.1
  126.5  15240  -61.1  -86.8      2   0.00    270     41  382.8  382.8  382.8
  118.0  15669  -63.5  -88.5      2   0.00    249     35  386.1  386.1  386.1
  115.0  15827  -64.1  -89.1      2   0.00    241     32  387.8  387.8  387.8
  114.6  15850  -64.2  -89.2      2   0.00    240     32  388.1  388.1  388.1
  114.0  15880  -64.3  -89.3      2   0.00    242     32  388.4  388.4  388.4
  113.0  15934  -64.3  -89.3      2   0.00    247     33  389.4  389.4  389.4
  110.0  16098  -64.3  -89.3      2   0.00    260     34  392.4  392.4  392.4
  109.0  16154  -64.9  -89.9      2   0.00    265     34  392.3  392.3  392.3
  109.0  16154  -64.9  -89.9      2   0.00    265     34  392.3  392.3  392.3
  107.0  16267  -65.5  -90.5      2   0.00    270     28  393.2  393.2  393.2
  103.7  16459  -64.3  -89.3      2   0.00    270     28  399.1  399.1  399.1
  102.0  16558  -63.7  -88.7      2   0.00    277     27  402.1  402.1  402.1
  100.0  16680  -62.9  -87.9      2   0.00    285     25  405.9  405.9  405.9
   98.6  16764  -63.2  -88.2      2   0.00    265     31  406.9  406.9  406.9
   97.0  16867  -63.7  -88.7      2   0.00    300     17  408.0  408.0  408.0
   95.3  16975  -64.1  -89.1      2   0.00    289     14  409.2  409.2  409.2
   94.4  17033  -64.3  -89.3      2   0.00    283     12  409.9  409.9  409.9
   94.0  17059  -64.1  -89.1      2   0.00    280     11  410.7  410.7  410.7
   92.0  17191  -63.3  -88.3      2   0.00    275     14  414.9  414.9  414.9
   91.0  17258  -62.9  -87.9      2   0.00    280     13  417.0  417.0  417.0
   90.5  17292  -62.7  -87.7      2   0.00    279     13  418.1  418.1  418.1
   89.0  17396  -62.3  -87.3      2   0.00    275     13  420.9  420.9  420.9
   88.0  17465  -62.0  -87.0      2   0.00    275     16  422.9  422.9  422.9
   85.1  17673  -61.1  -86.1      2   0.00    328      7  428.7  428.7  428.7
   85.0  17680  -61.1  -86.1      2   0.00    330      7  428.8  428.8  428.8
   84.0  17753  -61.3  -86.2      2   0.00     35      4  429.9  429.9  429.9
   81.0  17978  -61.9  -86.4      2   0.00     95      8  433.1  433.1  433.1
   79.0  18132  -62.4  -86.6      3   0.00    145      2  435.3  435.4  435.3
   77.4  18259  -62.7  -86.7      3   0.00    179      4  437.2  437.2  437.2
   76.7  18315  -62.7  -87.7      2   0.00    193      6  438.3  438.3  438.3
   71.0  18792  -61.4  -86.3      2   0.00    320     15  451.0  451.0  451.0
   70.0  18880  -61.1  -86.1      2   0.00    320     12  453.3  453.4  453.3
   69.0  18970  -60.5  -86.0      2   0.00    325      7  456.4  456.4  456.4
   68.0  19061  -60.0  -85.9      2   0.00    250      4  459.6  459.6  459.6
   67.9  19070  -59.9  -85.9      2   0.00    244      4  459.9  459.9  459.9
   66.0  19248  -59.0  -85.0      2   0.00    130      2  465.6  465.6  465.6
   65.8  19267  -58.9  -84.9      2   0.00    123      3  466.2  466.2  466.2
   65.0  19344  -59.2  -85.0      2   0.00     95      6  467.2  467.2  467.2
   63.0  19540  -60.0  -85.4      2   0.00     90      9  469.6  469.7  469.6
   61.2  19721  -60.7  -85.7      2   0.00     90     14  471.9  472.0  471.9
   61.0  19742  -60.7  -85.7      2   0.00     90     15  472.4  472.4  472.4
   60.6  19783  -60.7  -85.7      2   0.00     96     14  473.3  473.3  473.3
   59.0  19950  -60.2  -85.2      2   0.00    120     11  478.0  478.0  478.0
   57.3  20133  -59.7  -84.7      3   0.01     86      5  483.2  483.2  483.2
   57.0  20166  -59.6  -84.6      3   0.01     80      4  484.1  484.1  484.1
   56.0  20277  -59.3  -84.3      3   0.01    120      3  487.2  487.2  487.2
   55.0  20390  -59.0  -84.0      3   0.01    135      8  490.4  490.4  490.4
   54.5  20447  -58.9  -83.9      3   0.01    100      5  492.0  492.0  492.0
   54.0  20505  -58.9  -83.9      3   0.01     65      2  493.4  493.4  493.4
   52.3  20706  -58.7  -83.7      3   0.01     95      6  498.3  498.3  498.3
   52.0  20743  -58.6  -83.6      3   0.01    100      7  499.3  499.3  499.3
   51.0  20865  -58.4  -83.4      3   0.01    105      4  502.6  502.6  502.6
   50.6  20915  -58.3  -83.3      3   0.01     87      4  503.9  504.0  503.9
   50.0  20990  -57.9  -82.9      3   0.01     60      5  506.6  506.7  506.6
   49.0  21117  -57.4  -83.0      2   0.01     40      5  510.8  510.9  510.8
   48.5  21182  -57.1  -83.1      2   0.01     55      6  512.9  513.0  512.9
   48.0  21248  -56.9  -82.9      2   0.01     70      7  514.9  515.0  514.9
   47.0  21382  -56.5  -82.5      2   0.01     85      7  518.9  519.0  518.9
   46.0  21518  -56.2  -82.2      2   0.01     25      9  523.0  523.1  523.0
   44.0  21800  -55.4  -81.4      3   0.01     50     20  531.6  531.7  531.6
   43.8  21829  -55.3  -81.3      3   0.01     55     19  532.5  532.6  532.5
   42.4  22036  -55.5  -81.5      3   0.01     94     14  537.0  537.1  537.0
   42.0  22096  -55.6  -81.5      3   0.01    105     13  538.1  538.2  538.1
   41.0  22249  -56.0  -81.6      3   0.01    100     15  541.0  541.1  541.0
   40.0  22406  -56.3  -81.7      3   0.01    105     17  544.0  544.1  544.0
   38.2  22698  -56.9  -81.9      3   0.01     87     13  549.6  549.8  549.6
   37.4  22832  -57.1  -82.1      3   0.01     79     12  552.5  552.6  552.5
   37.0  22900  -56.8  -81.9      3   0.01     75     11  554.8  555.0  554.8
   36.0  23074  -56.2  -81.5      3   0.01    100     16  560.9  561.0  560.9
   35.0  23254  -55.5  -81.1      3   0.02    100     12  567.2  567.4  567.2
   34.0  23438  -54.8  -80.7      3   0.02    100     14  573.8  574.0  573.8
   33.6  23513  -54.5  -80.5      3   0.02     92     13  576.5  576.6  576.5
   33.2  23590  -54.5  -80.5      3   0.02     84     12  578.5  578.6  578.5
   33.0  23628  -54.5  -80.5      3   0.02     80     11  579.5  579.6  579.5
   32.8  23667  -54.5  -80.5      3   0.02     80     12  580.5  580.6  580.5
   32.5  23726  -54.3  -80.3      3   0.02     80     14  582.5  582.7  582.5
   32.0  23826  -54.1  -80.1      3   0.02     80     18  585.7  585.9  585.8
   31.0  24029  -53.6  -79.6      3   0.02     60     16  592.4  592.6  592.4
   30.0  24240  -53.1  -79.1      3   0.03     60     24  599.3  599.5  599.3
   29.0  24458  -53.0  -78.7      3   0.03     80     27  605.3  605.6  605.3
   28.0  24684  -53.0  -78.2      3   0.03     90     22  611.6  611.9  611.6
   27.3  24847  -52.9  -77.9      3   0.03     87     21  616.2  616.5  616.2
   27.0  24919  -52.8  -78.1      3   0.03     85     20  618.5  618.8  618.5
   26.4  25064  -52.5  -78.5      3   0.03     79     22  623.3  623.6  623.3
   26.0  25162  -52.5  -78.5      3   0.03     75     23  626.0  626.3  626.0
   25.5  25288  -52.5  -78.5      3   0.03     75     24  629.5  629.8  629.5
   25.0  25415  -52.7  -77.8      3   0.04     75     26  632.6  632.9  632.6
   24.9  25441  -52.7  -77.7      3   0.04     79     26  633.2  633.6  633.2
   24.8  25467  -52.7  -77.7      3   0.04     83     25  633.9  634.3  633.9
   24.0  25680  -51.8  -77.2      3   0.04    115     21  642.5  642.9  642.5
   23.0  25956  -50.6  -76.6      3   0.05     95     14  653.8  654.3  653.9
   22.9  25984  -50.5  -76.5      3   0.05     93     15  655.0  655.5  655.0
   22.0  26246  -49.9  -76.2      3   0.06     75     20  664.3  664.8  664.3
   21.0  26551  -49.2  -75.9      3   0.06     85     29  675.3  675.9  675.3
   20.0  26870  -48.5  -75.5      3   0.07     90     26  687.0  687.6  687.0
   19.0  27208  -48.1  -74.4      3   0.08     95     38  698.4  699.3  698.5
   18.6  27348  -47.9  -73.9      3   0.09     87     31  703.2  704.1  703.3
   18.0  27565  -47.1  -73.7      3   0.10     75     20  712.2  713.2  712.2
   17.0  27944  -45.8  -73.4      3   0.11     40      8  728.1  729.2  728.2
   16.6  28102  -45.3  -73.3      3   0.11     58     12  734.8  736.0  734.9
   16.0  28348  -44.7  -72.2      3   0.14     85     18  744.5  746.0  744.6
   15.4  28604  -44.1  -71.1      3   0.17     88     23  754.7  756.5  754.8
   15.0  28780  -44.2  -71.2      3   0.17     90     26  759.9  761.8  760.0
   14.3  29100  -44.5  -71.5      3   0.17     83     31  769.5  771.4  769.6
   14.0  29242  -44.3  -71.3      3   0.18     80     33  774.9  776.9  775.0
   13.0  29740  -43.6  -70.6      3   0.22     95     24  793.9  796.3  794.0
   12.1  30222  -42.9  -69.9      4   0.26     77     30  812.8  815.7  812.9
   12.0  30278  -42.8  -69.8      4   0.26     75     31  814.9  817.9  815.1
   11.2  30743  -42.3  -69.3      4   0.30     87     37  833.1  836.6  833.2
   11.0  30865  -42.3  -69.3      4   0.31     90     38  837.4  841.0  837.5
   10.8  30989  -42.3  -69.3      4   0.31     90     39  841.8  845.5  842.0
   10.5  31179  -42.1  -69.1      4   0.33     90     39  849.3  853.2  849.5
   10.0  31510  -41.1  -69.1      3   0.35     90     41  865.0  869.2  865.2
    9.5  31859  -40.1  -68.1      3   0.42     97     44  881.5  886.7  881.8
    9.0  32229  -39.6  -67.6      3   0.47    105     47  897.1  903.0  897.4
    8.5  32620  -39.1  -67.1      4   0.54    110     43  913.9  920.7  914.2
    8.0  33038  -37.6  -66.1      3   0.66    115     39  935.9  944.3  936.3
    7.6  33391  -36.3  -65.3      3   0.77    100     31  954.9  965.0  955.3
    7.3  33671  -36.3  -65.3      3   0.80     88     25  966.0  976.6  966.4
    7.2  33766  -36.7  -65.7      3   0.77     83     23  968.1  978.4  968.6