-----------------------------------------------------------------------------
   PRES   HGHT   TEMP   DWPT   RELH   MIXR   DRCT   SKNT   THTA   THTE   THTV
    hPa     m      C      C      %    g/kg    deg   knot     K      K      K 
-----------------------------------------------------------------------------
 1000.0    127                                                               
  925.0    818                                                               
  877.0   1289   22.8    4.8     31   6.18    165      3  307.3  326.5  308.4
  867.0   1388   25.2    3.7     25   5.80    155      8  310.7  329.1  311.8
  856.0   1499   27.8    2.5     20   5.40    110      5  314.6  332.0  315.6
  851.0   1550   29.0    2.0     18   5.22    102      4  316.4  333.4  317.4
  850.0   1560   28.8    1.8     18   5.15    100      4  316.3  333.1  317.3
  843.0   1633   28.6    1.6     18   5.10    120      2  316.8  333.4  317.8
  839.0   1675   28.4    1.4     17   5.07    111      3  317.1  333.6  318.0
  832.0   1750   28.0    1.0     17   4.97     96      4  317.4  333.6  318.4
  827.0   1803   27.7    0.5     17   4.81     85      5  317.6  333.4  318.5
  814.0   1942   26.9   -0.9     16   4.41     95      7  318.2  332.8  319.0
  805.0   2040   26.3   -1.9     16   4.15    100      5  318.6  332.3  319.4
  800.0   2094   26.0   -2.5     15   4.01     80      3  318.8  332.1  319.6
  788.0   2227   25.2   -3.8     14   3.68     59      4  319.4  331.7  320.1
  786.0   2250   25.0   -4.3     14   3.55     55      4  319.4  331.3  320.1
  766.0   2474   23.2   -9.3     11   2.47    350      1  319.8  328.3  320.3
  758.0   2565   22.5  -11.4      9   2.12    350      6  320.0  327.3  320.4
  751.0   2646   21.8  -13.2      9   1.85    341      6  320.1  326.5  320.4
  734.0   2842   20.0  -11.7     11   2.14    320      6  320.3  327.7  320.7
  725.0   2947   19.1  -10.9     12   2.31    330      8  320.4  328.3  320.8
  716.0   3054   18.1  -10.1     14   2.49    320      8  320.5  329.0  320.9
  700.0   3248   16.4   -8.6     17   2.87    350     15  320.6  330.4  321.2
  698.0   3272   16.2   -8.4     18   2.92    355     15  320.6  330.5  321.2
  689.0   3381   15.1   -7.5     20   3.17    345     15  320.6  331.4  321.2
  681.0   3480   14.2   -6.7     23   3.42    355     16  320.6  332.2  321.3
  672.0   3592   13.1   -5.8     26   3.72    350     19  320.7  333.1  321.4
  655.0   3807   11.0   -4.0     35   4.36    345     20  320.7  335.2  321.5
  627.0   4170    7.8   -9.2     29   3.05    336     21  321.0  331.4  321.6
  625.0   4196    7.6   -9.3     29   3.04    335     21  321.1  331.4  321.6
  615.0   4328    6.4   -9.8     30   2.97    335     20  321.2  331.3  321.7
  599.0   4544    4.4  -10.6     33   2.86    327     22  321.3  331.1  321.9
  587.0   4708    3.2  -12.7     30   2.48    320     23  321.8  330.3  322.3
  585.0   4736    3.0  -13.0     30   2.41    320     23  321.9  330.2  322.3
  580.0   4805    2.6  -14.6     27   2.13    320     22  322.2  329.6  322.6
  566.0   5001    1.5  -19.2     20   1.49    305     22  323.1  328.4  323.4
  558.0   5115    0.8  -21.9     16   1.19    315     19  323.7  328.0  323.9
  527.0   5573   -1.8  -32.7      7   0.47    285      8  325.9  327.7  326.0
  523.0   5635   -2.1  -34.1      7   0.41    278      9  326.2  327.8  326.3
  512.0   5803   -3.2  -36.2      6   0.34    260     11  326.8  328.1  326.9
  500.0   5990   -4.5  -38.5      5   0.28    280     10  327.5  328.6  327.5
  494.0   6085   -5.1  -42.1      4   0.19    285      9  327.9  328.7  327.9
  488.0   6180   -5.8  -39.1      5   0.27    290      7  328.1  329.2  328.2
  484.0   6244   -6.3  -37.1      7   0.33    285      7  328.3  329.6  328.3
  479.0   6325   -7.0  -34.6      9   0.43    290      6  328.5  330.1  328.6
  478.0   6341   -7.1  -34.1     10   0.45    288      6  328.5  330.3  328.6
  469.0   6489   -8.4  -34.7     10   0.43    270      5  328.6  330.3  328.7
  466.0   6538   -8.9  -34.9     10   0.43    274      4  328.7  330.3  328.8
  465.0   6555   -9.0  -35.3     10   0.41    275      4  328.8  330.4  328.8
  460.0   6638   -9.5  -37.0      9   0.35    275      6  329.2  330.5  329.2
  450.0   6806  -10.5  -40.7      6   0.24    275      6  330.0  331.0  330.0
  436.0   7049  -11.9  -45.9      4   0.14    304      9  331.2  331.8  331.2
  426.0   7225  -13.3  -44.2      6   0.18    325     12  331.6  332.4  331.6
  423.0   7279  -13.7  -43.7      6   0.19    327     12  331.8  332.5  331.8
  411.0   7496  -15.3  -46.3      5   0.15    336     14  332.4  333.0  332.5
  400.0   7700  -17.1  -44.1      8   0.19    345     16  332.7  333.5  332.7
  391.0   7868  -18.6  -43.5      9   0.21    355     18  332.9  333.7  332.9
  387.0   7944  -19.3  -43.3     10   0.22      0     17  332.9  333.8  333.0
  379.0   8097  -20.7  -42.7     12   0.23    355     18  333.1  334.0  333.1
  367.0   8335  -22.9  -41.9     16   0.26      0     21  333.3  334.3  333.3
  360.0   8477  -24.2  -41.5     19   0.28    355     22  333.4  334.5  333.4
  356.0   8559  -24.9  -41.2     21   0.29    355     22  333.4  334.6  333.5
  355.0   8580  -25.1  -41.1     21   0.30    355     22  333.5  334.7  333.5
  343.0   8828  -27.3  -44.3     18   0.22    351     24  333.8  334.7  333.8
  338.0   8933  -28.2  -45.2     18   0.20    350     25  334.0  334.8  334.0
  335.0   8997  -28.7  -45.7     18   0.19    343     23  334.1  334.9  334.1
  318.0   9367  -30.4  -58.1      5   0.05    305     12  336.7  336.9  336.8
  304.0   9687  -31.9  -68.9      1   0.01    274     22  339.0  339.1  339.0
  300.0   9780  -32.3  -68.3      2   0.01    265     25  339.7  339.8  339.7
  299.0   9804  -32.4  -68.4      2   0.01    260     26  339.9  340.0  339.9
  296.0   9875  -32.7  -68.7      1   0.01    264     27  340.5  340.5  340.5
  295.0   9899  -32.9  -68.0      2   0.01    265     27  340.5  340.6  340.5
  292.0   9971  -33.5  -65.8      2   0.02    270     27  340.7  340.8  340.7
  282.0  10215  -35.4  -58.3      8   0.05    280     29  341.3  341.5  341.3
  279.0  10290  -36.0  -56.0     11   0.07    275     30  341.5  341.8  341.5
  272.0  10468  -37.5  -50.5     24   0.14    270     29  341.9  342.5  341.9
  268.0  10572  -38.3  -47.3     38   0.20    274     30  342.1  343.0  342.2
  263.0  10702  -39.4  -48.1     39   0.19    280     31  342.3  343.1  342.4
  254.0  10942  -41.5  -49.5     42   0.17    276     30  342.7  343.4  342.7
  251.0  11023  -42.1  -50.1     41   0.16    275     30  342.9  343.6  343.0
  250.0  11050  -42.3  -50.3     41   0.15    275     30  343.0  343.7  343.1
  244.0  11213  -43.7  -50.7     46   0.15    267     31  343.3  344.0  343.4
  236.0  11435  -45.1  -53.1     40   0.12    257     33  344.5  345.0  344.5
  231.0  11577  -46.1  -53.3     44   0.12    250     34  345.1  345.6  345.1
  230.0  11606  -46.3  -53.3     45   0.12    250     34  345.2  345.7  345.2
  228.0  11664  -46.6  -53.9     43   0.11    250     34  345.7  346.2  345.7
  224.0  11781  -47.1  -55.1     39   0.10    250     34  346.6  347.1  346.6
  222.0  11839  -47.5  -55.8     38   0.09    250     34  346.9  347.4  347.0
  220.0  11898  -47.8  -56.5     36   0.08    250     33  347.3  347.6  347.3
  217.0  11988  -48.4  -57.5     34   0.07    250     32  347.8  348.1  347.8
  214.0  12079  -49.0  -58.6     32   0.07    250     33  348.3  348.6  348.3
  205.0  12359  -50.7  -61.8     25   0.05    255     25  349.9  350.1  349.9
  200.0  12520  -51.7  -63.7     22   0.04    250     20  350.7  350.9  350.7
  197.0  12617  -52.2  -64.8     21   0.03    235     18  351.5  351.6  351.5
  195.0  12683  -52.5  -65.5     19   0.03    230     19  351.9  352.1  352.0
  187.0  12953  -53.9  -68.4     15   0.02    240     22  354.0  354.1  354.0
  185.0  13022  -54.3  -69.2     14   0.02    245     19  354.5  354.6  354.5
  180.0  13198  -55.2  -71.1     12   0.01    245     21  355.8  355.9  355.8
  177.0  13306  -55.7  -72.3     11   0.01    250     19  356.6  356.7  356.6
  175.0  13379  -56.1  -73.1     10   0.01    245     17  357.1  357.2  357.1
  173.0  13453  -56.3  -72.8     11   0.01    250     18  358.0  358.0  358.0
  171.0  13527  -56.5  -72.5     12   0.01    250     17  358.8  358.9  358.8
  170.0  13564  -56.7  -73.1     11   0.01    250     17  359.1  359.1  359.1
  163.0  13830  -58.4  -77.6      7   0.01    230     12  360.6  360.6  360.6
  161.0  13908  -58.9  -78.9      6   0.00    235     12  361.0  361.1  361.0
  159.0  13986  -59.4  -79.5      6   0.00    230     11  361.5  361.6  361.6
  150.0  14350  -61.5  -82.5      5   0.00    215      8  363.9  363.9  363.9
  145.0  14559  -63.1  -84.1      4   0.00    207      8  364.7  364.7  364.7
  144.0  14601  -63.3  -84.2      4   0.00    205      8  365.1  365.1  365.1
  136.0  14949  -65.1  -85.0      5   0.00    270      3  367.9  368.0  367.9
  134.0  15040  -65.5  -85.2      5   0.00    210      2  368.7  368.7  368.7
  132.0  15131  -66.0  -85.4      5   0.00    180      5  369.5  369.5  369.5
  130.0  15224  -66.5  -85.6      5   0.00    190      7  370.2  370.2  370.2
  129.0  15271  -66.7  -85.7      5   0.00    220      6  370.6  370.6  370.6
  128.0  15318  -66.7  -85.7      5   0.00    249      5  371.4  371.5  371.4
  125.0  15462  -66.5  -86.5      5   0.00    340      1  374.3  374.4  374.3
  123.0  15559  -66.9  -86.9      4   0.00    180      2  375.3  375.4  375.3
  122.0  15608  -67.1  -87.1      4   0.00    173      2  375.9  375.9  375.9
  121.0  15658  -67.3  -87.3      4   0.00    165      2  376.4  376.5  376.4
  118.0  15809  -67.7  -87.7      4   0.00    195      5  378.3  378.3  378.3
  117.0  15860  -67.9  -87.9      4   0.00    205      4  378.9  378.9  378.9
  116.0  15912  -68.1  -88.1      4   0.00    225      2  379.4  379.5  379.4
  114.0  16016  -68.1  -88.1      4   0.00    298      3  381.3  381.4  381.3
  113.0  16069  -68.0  -87.7      4   0.00    335      4  382.6  382.6  382.6
  111.0  16176  -67.7  -86.9      5   0.00     15      6  385.1  385.1  385.1
  110.0  16230  -67.5  -86.5      5   0.00     23      7  386.4  386.4  386.4
  103.0  16629  -64.3  -84.3      5   0.00     80     18  399.8  399.9  399.8
  101.0  16749  -63.5  -84.5      4   0.00    100     13  403.6  403.6  403.6
  100.0  16810  -63.7  -85.7      4   0.00    110     10  404.4  404.4  404.4
   97.0  16995  -64.4  -87.3      3   0.00    155      3  406.6  406.6  406.6
   92.0  17317  -65.6  -90.1      2   0.00    250      9  410.4  410.4  410.4
   90.7  17403  -65.9  -90.9      2   0.00    280      8  411.4  411.5  411.4
   89.0  17518  -65.7  -90.7      2   0.00    320      6  414.1  414.1  414.1
   88.0  17587  -65.5  -90.1      2   0.00    350      7  415.9  415.9  415.9
   87.0  17656  -65.2  -89.5      2   0.00     40      8  417.8  417.8  417.8
   85.9  17733  -64.9  -88.9      2   0.00     62      9  419.9  419.9  419.9
   83.0  17941  -65.4  -91.9      1   0.00    120     11  423.0  423.1  423.0
   82.4  17985  -65.5  -92.5      1   0.00    132      9  423.7  423.7  423.7
   81.0  18090  -65.2  -92.2      1   0.00    160      5  426.5  426.5  426.5
   79.0  18241  -64.7  -91.7      1   0.00    165      7  430.5  430.5  430.5
   78.0  18319  -64.5  -91.5      1   0.00    160     10  432.6  432.6  432.6
   77.4  18366  -64.3  -91.3      1   0.00    192      8  433.9  433.9  433.9
   75.7  18501  -64.7  -91.7      1   0.00    282      3  435.8  435.8  435.8
   75.0  18558  -64.5  -91.8      1   0.00    320      1  437.5  437.5  437.5
   74.0  18639  -64.1  -91.8      1   0.00      0      6  439.9  439.9  439.9
   73.5  18681  -63.9  -91.9      1   0.00      9      7  441.1  441.2  441.1
   72.0  18807  -63.1  -91.1      1   0.00     35     10  445.4  445.4  445.4
   70.0  18980  -62.1  -90.1      1   0.00     45     20  451.2  451.2  451.2
   69.3  19042  -61.9  -89.9      1   0.00     50     19  452.9  452.9  452.9
   67.1  19242  -62.5  -90.5      1   0.00     68     14  455.8  455.8  455.8
   65.0  19439  -61.6  -90.1      1   0.00     85      9  461.8  461.9  461.8
   64.0  19535  -61.2  -89.9      1   0.00     75      7  464.8  464.8  464.8
   62.3  19702  -60.5  -89.5      1   0.00     62     18  470.0  470.0  470.0
   62.0  19732  -60.4  -89.4      1   0.00     60     20  470.8  470.9  470.8
   61.0  19834  -60.1  -88.9      1   0.00     75     26  473.6  473.7  473.6
   58.0  20149  -59.3  -87.4      1   0.00    105     20  482.5  482.5  482.5
   57.4  20214  -59.1  -87.1      2   0.00    123     19  484.3  484.3  484.3
   57.0  20258  -59.1  -87.1      2   0.00    135     19  485.2  485.2  485.2
   55.0  20482  -59.3  -87.3      2   0.00     89     14  489.8  489.8  489.8
   54.0  20597  -59.2  -87.2      2   0.00     65     11  492.5  492.6  492.5
   53.0  20715  -59.1  -87.2      2   0.00     55     16  495.4  495.4  495.4
   52.4  20786  -59.1  -87.1      2   0.00     65     17  497.1  497.1  497.1
   51.0  20956  -59.2  -87.2      2   0.00     90     19  500.7  500.7  500.7
   50.0  21080  -59.3  -87.3      2   0.00     85     14  503.3  503.3  503.3
   49.0  21207  -59.5  -87.5      2   0.00     90     13  505.8  505.8  505.8
   48.9  21219  -59.5  -87.5      2   0.00     90     13  506.0  506.1  506.0
   48.0  21336  -59.1  -87.2      2   0.00     90     18  509.6  509.6  509.6
   45.0  21742  -57.9  -85.9      2   0.01    115      9  522.0  522.0  522.0
   44.9  21756  -57.9  -85.9      2   0.01    113      9  522.4  522.5  522.4
   43.4  21970  -57.3  -86.3      1   0.01     84     14  529.0  529.0  529.0
   42.0  22179  -56.7  -85.7      1   0.01     55     19  535.3  535.4  535.3
   41.0  22333  -56.3  -85.3      1   0.01     65     23  540.0  540.1  540.1
   39.0  22652  -55.5  -84.5      2   0.01     75     19  550.0  550.0  550.0
   38.0  22818  -55.0  -84.0      2   0.01     85     16  555.2  555.3  555.2
   37.0  22988  -54.6  -83.6      2   0.01     70     23  560.6  560.7  560.6
   35.1  23324  -53.7  -82.7      2   0.01     89     28  571.4  571.5  571.4
   35.0  23342  -53.7  -82.7      2   0.01     90     28  571.8  571.9  571.8
   33.0  23719  -54.3  -82.9      2   0.01     75     35  580.1  580.2  580.1
   32.0  23916  -54.5  -82.9      2   0.01     80     37  584.5  584.6  584.5
   31.0  24120  -54.8  -83.0      2   0.01     90     32  589.0  589.1  589.0
   30.1  24309  -55.1  -83.1      2   0.01     77     39  593.3  593.4  593.3
   30.0  24330  -55.1  -83.1      2   0.01     75     40  593.8  594.0  593.8
   29.5  24437  -55.1  -83.1      2   0.01     77     43  596.7  596.8  596.7
   29.0  24546  -54.7  -82.7      2   0.01     80     46  600.6  600.8  600.7
   28.0  24771  -54.0  -82.0      2   0.02     85     39  608.9  609.0  608.9
   27.0  25004  -53.1  -81.2      2   0.02     75     35  617.5  617.6  617.5
   26.7  25075  -52.9  -80.9      2   0.02     78     37  620.1  620.3  620.1
   26.0  25247  -52.6  -80.7      2   0.02     85     42  625.6  625.8  625.6
   25.0  25499  -52.3  -80.3      2   0.03     85     38  633.7  633.9  633.7
   24.0  25763  -51.9  -79.9      2   0.03     80     42  642.2  642.5  642.2
   23.1  26009  -51.9  -79.9      2   0.03     93     38  649.3  649.5  649.3
   23.0  26038  -51.8  -79.8      2   0.03     95     38  650.5  650.8  650.5
   22.0  26327  -50.3  -78.8      2   0.04     90     32  663.0  663.4  663.0
   21.0  26630  -48.9  -77.8      2   0.05     75     34  676.4  676.8  676.4
   20.9  26661  -48.7  -77.7      2   0.05     76     34  677.8  678.2  677.8
   20.0  26950  -47.7  -76.7      2   0.06     85     35  689.4  690.0  689.4
   19.0  27291  -47.0  -76.0      2   0.07     85     40  701.8  702.5  701.8
   18.0  27649  -46.2  -75.2      2   0.08     95     32  715.1  715.9  715.2
   17.1  27990  -45.5  -74.5      2   0.09     86     35  728.0  729.0  728.0
   17.0  28029  -45.5  -74.5      2   0.09     85     35  729.0  730.0  729.1
   16.0  28432  -46.1  -74.6      3   0.10    105     39  740.0  741.0  740.0
   15.0  28862  -46.7  -74.7      3   0.10     95     38  751.8  752.9  751.8
   14.3  29179  -46.5  -74.5      3   0.11     92     35  762.8  764.0  762.8
   14.0  29320  -46.5  -74.5      3   0.11     90     34  767.3  768.5  767.3
   13.0  29812  -46.7  -74.7      3   0.12    105     33  783.2  784.5  783.3
   12.9  29863  -46.7  -74.7      3   0.12    103     33  784.9  786.2  784.9
   12.2  30233  -46.9  -74.9      3   0.12     85     37  796.8  798.2  796.9
   12.0  30343  -46.6  -74.8      3   0.13     80     38  801.5  802.9  801.5
   11.0  30923  -45.3  -74.0      3   0.15     75     40  826.6  828.4  826.7
   10.6  31170  -44.7  -73.7      2   0.17     79     45  837.5  839.5  837.6
   10.0  31560  -44.3  -72.3      3   0.22     85     53  853.1  855.7  853.2
    9.9  31627  -44.3  -72.3      3   0.22     85     53  855.5  858.2  855.6
    9.0  32271  -41.6  -71.1      3   0.29     80     52  889.3  893.0  889.5
    8.7  32500  -40.7  -70.7      3   0.32     79     53  901.6  905.7  901.8
    8.0  33074  -39.1  -69.1      3   0.43     75     55  929.8  935.4  930.0
    7.5  33516  -37.9  -67.9      3   0.55     85     52  952.0  959.3  952.4
    7.3  33702  -38.3  -68.3      3   0.53     89     51  957.8  964.9  958.1