-----------------------------------------------------------------------------
   PRES   HGHT   TEMP   DWPT   RELH   MIXR   DRCT   SKNT   THTA   THTE   THTV
    hPa     m      C      C      %    g/kg    deg   knot     K      K      K 
-----------------------------------------------------------------------------
 1000.0     72                                                               
  925.0    769                                                               
  872.0   1289   24.2   13.2     50  11.05    225      2  309.2  343.2  311.3
  867.0   1340   24.8   13.8     50  11.57    231      2  310.4  346.0  312.5
  860.0   1411   24.8   13.8     50  11.66    239      2  311.1  347.1  313.2
  853.0   1483   25.8   12.8     44  11.00    248      2  312.8  347.2  314.9
  851.0   1504   25.9   12.3     43  10.64    250      2  313.2  346.5  315.2
  850.0   1514   26.0   12.0     42  10.47    205      2  313.4  346.1  315.3
  847.0   1545   25.6   11.6     42  10.23    199      2  313.3  345.3  315.2
  838.0   1639   26.2    9.8     36   9.16    180      3  314.8  343.8  316.6
  828.0   1745   26.8    7.8     30   8.08    253      4  316.6  342.4  318.1
  823.0   1799   26.7    7.3     29   7.83    290      4  317.0  342.1  318.5
  817.0   1863   26.6    6.6     28   7.53    274      6  317.6  341.8  319.0
  795.0   2103   24.9    5.8     29   7.30    215     12  318.2  341.8  319.7
  791.0   2148   24.6    5.6     29   7.26    213     13  318.4  341.8  319.8
  782.0   2248   24.2    5.2     29   7.13    210     15  319.0  342.1  320.4
  778.0   2293   24.0    5.0     29   7.08    203     13  319.2  342.2  320.6
  773.0   2348   23.5    4.8     30   7.01    195     11  319.3  342.1  320.7
  747.0   2643   21.1    3.6     32   6.68    290      6  319.8  341.6  321.1
  730.0   2842   19.4    2.8     33   6.47    305     11  320.1  341.2  321.4
  714.0   3033   17.8    2.1     35   6.26    260     11  320.4  340.9  321.6
  706.0   3130   17.0    1.7     36   6.16    275     10  320.5  340.7  321.7
  700.0   3204   16.4    1.4     36   6.09    260      9  320.6  340.6  321.8
  689.0   3338   15.4    1.4     39   6.18    265     14  321.0  341.2  322.2
  681.0   3437   14.7    1.4     41   6.26    245     13  321.2  341.8  322.4
  678.0   3475   14.4    1.4     41   6.29    247     13  321.3  341.9  322.5
  674.0   3524   14.0    1.2     42   6.23    250     14  321.4  341.9  322.6
  667.0   3610   13.2    0.8     43   6.14    260     11  321.5  341.7  322.7
  651.0   3810   11.5    0.0     45   5.93    260     11  321.8  341.3  322.9
  643.0   3912   10.6   -0.4     47   5.82    265     14  321.9  341.1  323.0
  629.0   4094    9.0   -1.1     49   5.63    270     13  322.1  340.8  323.2
  622.0   4186    8.2   -1.5     50   5.54    250     12  322.2  340.6  323.3
  615.0   4280    7.4   -1.9     52   5.45    245     12  322.4  340.4  323.4
  608.0   4374    6.6   -2.3     53   5.36    240     12  322.5  340.2  323.5
  596.0   4539    5.2   -2.9     56   5.20    245     13  322.7  339.9  323.7
  590.0   4622    4.4   -3.3     57   5.12    240     13  322.8  339.8  323.8
  585.0   4693    3.8   -3.6     59   5.05    245     14  322.8  339.6  323.8
  580.0   4764    3.2   -3.9     60   4.99    240     15  322.9  339.5  323.9
  569.0   4922    1.8   -4.5     63   4.84    245     18  323.1  339.2  324.0
  564.0   4994    1.2   -4.8     64   4.77    240     19  323.1  339.1  324.1
  553.0   5153    0.0   -6.0     64   4.44    246     22  323.5  338.4  324.4
  547.0   5240   -0.8   -6.6     65   4.30    250     24  323.6  338.0  324.4
  531.0   5476   -3.0   -8.1     68   3.93    260     25  323.6  336.9  324.4
  525.0   5567   -3.9   -8.7     69   3.80    258     25  323.7  336.5  324.4
  522.0   5612   -4.3   -9.1     69   3.70    256     26  323.7  336.3  324.4
  509.0   5810   -5.5  -12.5     58   2.89    251     27  324.6  334.6  325.2
  507.0   5841   -5.8  -12.8     58   2.84    250     27  324.6  334.4  325.2
  500.0   5950   -6.7  -13.7     57   2.67    260     28  324.8  334.1  325.3
  493.0   6060   -7.5  -13.5     62   2.75    266     29  325.1  334.7  325.7
  489.0   6123   -8.0  -14.5     60   2.56    270     29  325.3  334.2  325.8
  484.0   6202   -8.7  -15.7     57   2.34    275     28  325.4  333.6  325.9
  479.0   6283   -9.3  -16.9     54   2.13    275     28  325.6  333.1  326.0
  476.0   6331   -9.7  -17.7     52   2.01    274     28  325.7  332.8  326.1
  469.0   6445  -10.7  -17.7     56   2.04    270     27  325.8  333.0  326.2
  460.0   6594  -11.7  -19.7     52   1.75    266     26  326.4  332.6  326.7
  459.0   6610  -11.8  -19.6     52   1.77    265     26  326.4  332.7  326.8
  447.0   6812  -13.7  -18.7     66   1.97    274     28  326.6  333.5  326.9
  445.0   6846  -13.8  -19.1     64   1.91    275     28  326.8  333.6  327.2
  440.0   6932  -14.1  -20.1     60   1.77    269     27  327.5  333.9  327.9
  437.0   6984  -14.1  -22.1     51   1.50    266     26  328.2  333.6  328.5
  436.0   7001  -14.1  -22.8     48   1.42    265     26  328.4  333.5  328.7
  434.0   7036  -14.1  -24.1     43   1.26    265     26  328.8  333.4  329.1
  431.0   7089  -14.4  -23.4     46   1.35    265     25  329.1  334.0  329.4
  428.0   7141  -14.7  -22.7     51   1.45    268     26  329.4  334.6  329.7
  426.0   7177  -14.9  -23.4     48   1.37    270     26  329.6  334.6  329.9
  417.0   7338  -15.7  -26.7     38   1.04    275     25  330.6  334.4  330.8
  410.0   7465  -16.3  -29.3     32   0.83    271     24  331.4  334.5  331.5
  409.0   7483  -16.4  -29.6     31   0.81    270     24  331.4  334.5  331.6
  402.0   7613  -17.3  -31.3     29   0.70    270     23  331.9  334.6  332.1
  401.0   7631  -17.5  -31.0     30   0.72    270     23  331.9  334.7  332.1
  400.0   7650  -17.7  -30.7     31   0.75    270     23  331.9  334.7  332.1
  395.0   7744  -18.5  -29.5     37   0.85    270     24  332.1  335.2  332.2
  390.0   7839  -19.2  -32.7     29   0.63    270     25  332.4  334.8  332.5
  389.0   7858  -19.3  -33.3     28   0.60    271     25  332.5  334.8  332.6
  379.0   8051  -20.9  -31.9     37   0.70    276     27  332.8  335.5  333.0
  371.0   8208  -22.2  -31.6     42   0.74    280     28  333.2  336.0  333.3
  369.0   8248  -22.5  -31.5     44   0.75    280     28  333.2  336.1  333.4
  367.0   8288  -22.8  -32.4     41   0.69    280     28  333.3  336.0  333.5
  362.0   8389  -23.7  -34.7     36   0.56    277     27  333.5  335.7  333.6
  357.0   8490  -24.3  -34.3     39   0.59    275     27  334.0  336.3  334.1
  349.0   8655  -25.0  -38.7     27   0.39    270     26  335.2  336.7  335.3
  344.0   8760  -25.5  -41.5     21   0.29    268     28  335.9  337.1  336.0
  342.0   8802  -25.7  -41.7     21   0.29    267     28  336.2  337.4  336.3
  337.0   8909  -26.5  -41.7     22   0.29    265     30  336.6  337.8  336.7
  329.0   9082  -27.7  -41.7     25   0.30    265     28  337.2  338.4  337.3
  326.0   9148  -28.1  -43.1     22   0.26    265     27  337.6  338.6  337.6
  319.0   9303  -29.0  -46.4     17   0.19    260     31  338.4  339.1  338.4
  317.0   9348  -29.3  -47.3     16   0.17    260     32  338.6  339.3  338.6
  312.0   9461  -30.1  -45.6     21   0.21    260     36  339.0  339.9  339.1
  301.0   9716  -31.9  -41.9     36   0.32    251     33  340.0  341.3  340.0
  300.0   9740  -32.1  -43.1     33   0.28    250     33  340.0  341.2  340.1
  299.0   9763  -32.2  -43.4     32   0.28    250     33  340.1  341.3  340.2
  289.0  10001  -33.8  -46.3     27   0.21    245     39  341.3  342.2  341.4
  282.0  10173  -34.8  -48.4     24   0.17    250     43  342.2  342.9  342.2
  279.0  10248  -35.3  -49.3     23   0.15    250     42  342.5  343.2  342.6
  271.0  10449  -37.1  -49.1     28   0.16    250     39  342.8  343.5  342.8
  270.0  10474  -37.3  -49.4     27   0.16    250     39  342.9  343.5  342.9
  261.0  10707  -39.1  -51.9     24   0.12    245     43  343.6  344.1  343.6
  259.0  10760  -39.5  -52.5     24   0.11    246     43  343.7  344.2  343.7
  253.0  10919  -40.7  -53.7     23   0.10    250     44  344.2  344.7  344.3
  251.0  10973  -41.1  -54.1     23   0.10    250     44  344.4  344.9  344.4
  250.0  11000  -41.3  -54.3     23   0.10    250     44  344.5  344.9  344.6
  247.0  11080  -42.0  -54.7     24   0.09    250     43  344.7  345.1  344.7
  242.0  11215  -43.2  -55.5     25   0.09    250     42  344.9  345.3  344.9
  236.0  11382  -44.6  -56.4     26   0.08    250     39  345.2  345.6  345.2
  234.0  11438  -45.1  -56.7     26   0.08    250     38  345.3  345.6  345.3
  228.0  11610  -46.6  -57.6     28   0.07    250     41  345.6  345.9  345.6
  225.0  11698  -47.4  -58.1     28   0.07    245     40  345.7  346.0  345.7
  220.0  11847  -48.7  -58.9     30   0.06    250     39  345.9  346.2  345.9
  214.0  12030  -50.3  -59.9     31   0.06    245     40  346.1  346.4  346.2
  209.0  12187  -51.7  -60.7     33   0.05    245     42  346.4  346.6  346.4
  200.0  12470  -53.9  -62.9     32   0.04    250     44  347.2  347.4  347.3
  194.0  12664  -54.9  -64.7     29   0.03    250     45  348.7  348.9  348.8
  189.0  12830  -55.7  -66.2     26   0.03    245     46  350.0  350.1  350.0
  184.0  13001  -56.5  -67.8     23   0.02    250     47  351.3  351.4  351.3
  181.0  13105  -57.1  -68.8     21   0.02    250     48  352.1  352.2  352.1
  176.0  13284  -58.0  -70.5     19   0.02    245     47  353.5  353.6  353.5
  173.0  13393  -58.5  -71.5     17   0.01    249     45  354.4  354.4  354.4
  162.0  13804  -61.1  -75.1     14   0.01    262     40  356.7  356.7  356.7
  152.0  14198  -63.4  -74.9     20   0.01    275     34  359.3  359.3  359.3
  150.0  14280  -63.9  -74.9     21   0.01    275     34  359.8  359.9  359.8
  147.0  14404  -64.4  -75.4     21   0.01    270     29  361.1  361.1  361.1
  145.0  14487  -64.7  -75.7     21   0.01    275     28  361.9  362.0  361.9
  141.0  14659  -62.5  -75.9     15   0.01    290     32  368.7  368.8  368.7
  140.0  14703  -61.9  -75.9     14   0.01    292     31  370.5  370.5  370.5
  137.0  14836  -62.6  -76.8     13   0.01    300     26  371.6  371.6  371.6
  128.0  15253  -64.7  -79.7     11   0.01    281     18  375.1  375.1  375.1
  127.0  15301  -65.1  -80.1     11   0.01    279     17  375.2  375.2  375.2
  125.0  15397  -65.6  -80.4     11   0.01    275     15  375.9  376.0  375.9
  122.0  15544  -66.4  -80.9     12   0.00    285     14  377.1  377.1  377.1
  118.0  15746  -67.5  -81.5     12   0.00    280     16  378.7  378.7  378.7
  117.0  15797  -67.5  -81.5     12   0.00    275     13  379.6  379.7  379.6
  112.0  16061  -66.7  -80.7     12   0.01    255     22  385.9  386.0  385.9
  111.0  16115  -66.5  -80.5     12   0.01    245     23  387.3  387.3  387.3
  109.0  16225  -65.8  -80.8     11   0.01    225     25  390.6  390.6  390.6
  107.0  16338  -65.1  -81.1      9   0.01    235     21  394.0  394.0  394.0
  103.0  16570  -64.9  -81.9      8   0.00    255     13  398.7  398.7  398.7
  102.0  16629  -65.0  -82.0      8   0.00    260     11  399.7  399.7  399.7
  100.0  16750  -65.1  -82.1      8   0.00    260     11  401.7  401.7  401.7
   98.4  16848  -64.7  -82.7      7   0.00    276     11  404.3  404.3  404.3
   98.0  16873  -64.6  -82.6      7   0.00    280     11  404.9  404.9  404.9
   97.3  16917  -64.5  -82.5      7   0.00    277     13  406.0  406.0  406.0
   94.0  17127  -65.1  -83.5      6   0.00    265     20  408.8  408.9  408.8
   88.8  17474  -66.1  -85.1      5   0.00    278     27  413.6  413.6  413.6
   88.0  17529  -65.9  -85.1      5   0.00    280     28  415.0  415.0  415.0
   83.7  17834  -64.9  -84.9      5   0.00    317     19  423.0  423.1  423.0
   81.0  18034  -64.3  -85.3      4   0.00    341     12  428.2  428.3  428.2
   80.0  18110  -64.1  -85.6      4   0.00    350     10  430.1  430.1  430.1
   79.0  18187  -64.0  -85.9      4   0.00     20      6  432.0  432.0  432.0
   78.0  18265  -63.8  -86.3      3   0.00     25      4  433.9  433.9  433.9
   77.0  18344  -63.6  -86.6      3   0.00    320      4  435.8  435.9  435.8
   75.0  18506  -63.3  -87.3      3   0.00    280     13  439.8  439.9  439.8
   74.9  18514  -63.3  -87.3      3   0.00    282     13  440.0  440.1  440.0
   74.0  18588  -62.9  -86.9      3   0.00    305     16  442.3  442.3  442.3
   73.4  18639  -62.7  -86.7      3   0.00    313     14  443.9  443.9  443.9
   71.0  18843  -63.7  -89.8      2   0.00    345      8  446.0  446.0  446.0
   70.0  18930  -64.1  -91.1      1   0.00     25      5  446.9  446.9  446.9
   69.0  19018  -64.5  -91.5      1   0.00     65      5  448.0  448.0  448.0
   68.9  19027  -64.5  -91.5      1   0.00     68      5  448.1  448.1  448.1
   65.0  19385  -62.1  -89.8      1   0.00    195     11  460.8  460.8  460.8
   63.4  19538  -61.1  -89.1      1   0.00    243      9  466.3  466.4  466.3
   60.0  19881  -59.8  -87.8      1   0.00    350      3  476.5  476.6  476.5
   59.1  19975  -59.5  -87.5      2   0.00    292      2  479.4  479.4  479.4
   59.0  19986  -59.5  -87.5      2   0.00    285      2  479.6  479.6  479.6
   56.8  20223  -59.7  -87.7      1   0.00    332     10  484.4  484.4  484.4
   56.0  20312  -59.5  -87.5      2   0.00    350     13  486.8  486.8  486.8
   55.1  20413  -59.3  -87.3      2   0.00      8     15  489.5  489.6  489.5
   55.0  20424  -59.3  -87.3      2   0.00     10     15  489.7  489.8  489.7
   54.0  20539  -59.6  -87.6      2   0.00     25     16  491.8  491.8  491.8
   53.4  20609  -59.7  -87.7      1   0.00     22     15  493.0  493.0  493.0
   52.0  20775  -59.3  -87.3      2   0.00     15     11  497.7  497.7  497.7
   51.0  20896  -59.0  -87.0      2   0.00     40     10  501.2  501.2  501.2
   50.0  21020  -58.7  -86.7      2   0.00     50     13  504.7  504.8  504.7
   49.0  21147  -58.4  -86.4      2   0.00     60     26  508.3  508.3  508.3
   48.5  21211  -58.3  -86.3      2   0.00     62     24  510.1  510.1  510.1
   48.0  21276  -58.5  -86.4      2   0.00     65     22  511.1  511.1  511.1
   45.4  21624  -59.7  -86.7      2   0.00     22      9  516.4  516.5  516.4
   45.0  21680  -59.5  -86.6      2   0.00     15      7  518.2  518.2  518.2
   44.0  21820  -59.0  -86.4      2   0.01    355      9  522.7  522.7  522.7
   43.0  21964  -58.5  -86.2      2   0.01      0     10  527.3  527.4  527.3
   41.7  22157  -57.9  -85.9      2   0.01     61     16  533.6  533.6  533.6
   41.0  22263  -57.9  -85.9      2   0.01     95     20  536.2  536.2  536.2
   40.3  22371  -57.9  -85.9      2   0.01     88     17  538.8  538.9  538.8
   40.0  22419  -57.7  -85.7      2   0.01     85     16  540.4  540.5  540.4
   39.0  22579  -57.1  -85.1      2   0.01     90     14  545.9  545.9  545.9
   38.0  22743  -56.5  -84.5      2   0.01     55      9  551.5  551.6  551.5
   37.4  22843  -56.1  -84.1      2   0.01     52     10  555.0  555.1  555.0
   37.0  22912  -55.6  -83.8      2   0.01     50     11  557.9  558.0  557.9
   36.0  23087  -54.5  -83.0      2   0.01     70     12  565.3  565.4  565.3
   35.0  23267  -53.3  -82.2      2   0.01     95     15  573.0  573.1  573.0
   34.7  23322  -52.9  -81.9      2   0.01     99     14  575.4  575.5  575.4
   34.0  23453  -52.7  -81.7      2   0.01    110     10  579.3  579.4  579.3
   32.1  23824  -52.1  -81.1      2   0.02     53     16  590.5  590.6  590.5
   32.0  23844  -52.1  -81.1      2   0.02     50     16  590.9  591.1  590.9
   31.0  24049  -52.5  -81.0      2   0.02     55     25  595.3  595.4  595.3
   30.0  24260  -52.9  -80.9      2   0.02     70     16  599.8  600.0  599.8
   29.3  24413  -52.9  -80.9      2   0.02     60     21  603.9  604.1  603.9
   29.0  24479  -53.0  -80.8      2   0.02     55     23  605.5  605.6  605.5
   28.0  24706  -53.2  -80.7      2   0.02     65     32  610.8  611.0  610.9
   27.0  24940  -53.5  -80.5      2   0.02     70     29  616.5  616.7  616.5
   26.8  24988  -53.5  -80.5      2   0.02     71     28  617.8  618.0  617.8
   26.0  25184  -53.0  -80.8      2   0.02     75     25  624.5  624.7  624.5
   25.8  25234  -52.9  -80.9      2   0.02     74     24  626.2  626.5  626.2
   25.0  25438  -52.5  -80.5      2   0.02     70     22  633.0  633.2  633.0
   23.0  25979  -51.6  -79.6      2   0.03     65     25  651.1  651.4  651.1
   22.5  26122  -51.3  -79.3      2   0.03     77     27  655.9  656.3  656.0
   22.0  26268  -51.4  -78.8      2   0.04     90     30  659.8  660.2  659.8
   21.7  26358  -51.5  -78.5      3   0.04     87     29  662.2  662.5  662.2
   21.5  26418  -51.3  -78.3      3   0.04     85     29  664.5  664.9  664.5
   21.0  26571  -50.9  -78.2      2   0.04     80     28  670.2  670.6  670.2
   20.0  26890  -50.1  -78.1      2   0.05     70     23  682.1  682.5  682.1
   19.0  27226  -48.9  -76.9      2   0.06     70     22  695.7  696.3  695.8
   18.8  27295  -48.7  -76.7      2   0.06     74     25  698.6  699.2  698.6
   18.0  27581  -48.3  -76.3      3   0.07     90     37  708.6  709.3  708.7
   17.3  27842  -47.9  -75.9      3   0.07     93     34  717.9  718.7  718.0
   17.0  27957  -47.6  -75.6      3   0.08     95     33  722.6  723.4  722.6
   16.4  28194  -46.9  -74.9      3   0.09     89     29  732.2  733.2  732.2
   16.0  28358  -46.6  -74.6      3   0.10     85     27  738.5  739.5  738.5
   15.0  28786  -45.7  -73.7      3   0.12     80     30  755.1  756.4  755.1
   14.4  29058  -45.7  -73.7      3   0.12     80     30  764.0  765.3  764.0
   14.2  29151  -45.7  -73.7      3   0.13     80     30  767.0  768.4  767.1
   14.0  29245  -45.5  -73.6      3   0.13     80     30  770.9  772.3  771.0
   13.0  29740  -44.3  -73.1      3   0.15     75     38  791.5  793.2  791.6
   12.7  29896  -43.9  -72.9      3   0.16     84     38  798.1  799.9  798.2
   12.6  29949  -43.9  -72.9      3   0.16     87     38  800.0  801.8  800.0
   12.1  30221  -43.9  -72.9      3   0.17    102     39  809.2  811.2  809.3
   12.0  30276  -43.8  -72.8      3   0.17    105     39  811.7  813.7  811.8
   11.7  30446  -43.3  -72.3      3   0.19     99     39  819.2  821.4  819.3
   11.0  30862  -41.9  -70.9      3   0.24     85     38  838.9  841.7  839.0
   10.6  31113  -40.9  -70.9      2   0.25     81     41  851.4  854.5  851.6
   10.0  31510  -39.7  -68.7      3   0.37     75     45  870.2  874.7  870.4
    9.9  31579  -39.7  -68.7      3   0.37     77     45  872.7  877.2  872.9
    9.3  32007  -39.1  -68.1      3   0.43     89     44  890.7  896.0  891.0
    9.0  32234  -38.1  -67.6      3   0.47     95     44  902.9  908.8  903.2
    8.2  32878  -35.3  -66.3      3   0.62    103     40  938.3  946.4  938.7
    8.0  33051  -34.4  -65.4      3   0.72    105     39  948.4  957.8  948.8
    7.7  33318  -33.1  -64.1      3   0.90     99     36  964.2  976.0  964.7
    7.3  33694  -32.9  -64.9      3   0.85     91     33  979.8  991.2  980.3
    7.0  33990  -32.3  -64.3      3   0.96     85     30  994.1 1007.1  994.7
    6.3  34731  -33.9  -63.9      3   1.13     95     29 1017.7 1033.3 1018.4
    6.2  34843  -33.9  -63.9      3   1.14     97     29 1022.3 1038.2 1023.0
    6.1  34957  -33.9  -63.9      3   1.16     98     29 1027.1 1043.3 1027.8