-----------------------------------------------------------------------------
   PRES   HGHT   TEMP   DWPT   RELH   MIXR   DRCT   SKNT   THTA   THTE   THTV
    hPa     m      C      C      %    g/kg    deg   knot     K      K      K 
-----------------------------------------------------------------------------
 1000.0     -1                                                               
  925.0    720                                                               
  869.0   1289   35.6    4.6     15   6.15    190      6  321.4  341.6  322.6
  865.0   1331   34.6    1.6     12   4.99    190      9  320.8  337.3  321.7
  861.0   1373   33.6    1.4     13   4.94    190     13  320.1  336.5  321.1
  850.0   1490   30.8    0.8     15   4.79    185     14  318.4  334.2  319.3
  849.0   1500   30.7    0.8     15   4.81    185     14  318.4  334.2  319.3
  844.0   1553   30.1    0.9     15   4.87    180     15  318.4  334.4  319.3
  835.0   1648   29.2    1.1     16   4.98    185     11  318.3  334.7  319.3
  821.0   1799   27.6    1.4     18   5.17    165     13  318.2  335.1  319.2
  819.0   1820   27.4    1.4     19   5.20    163     13  318.2  335.2  319.2
  816.0   1852   27.1    1.4     19   5.20    160     13  318.2  335.2  319.2
  808.0   1937   26.2    1.2     20   5.20    165     10  318.1  335.2  319.1
  800.0   2023   25.3    1.1     21   5.21    160      7  318.1  335.1  319.1
  793.0   2099   24.5    1.0     21   5.21    145     11  318.1  335.1  319.1
  785.0   2187   23.6    0.9     22   5.22    140      8  318.0  335.1  319.0
  778.0   2264   22.8    0.8     23   5.22    145      5  318.0  335.0  319.0
  762.0   2444   21.0    0.5     26   5.23     75      2  317.9  334.9  318.9
  737.0   2732   18.0    0.1     30   5.24    300      7  317.7  334.8  318.7
  719.0   2946   15.8   -0.3     33   5.25    285     12  317.5  334.6  318.5
  710.0   3054   14.7   -0.4     36   5.25    295     14  317.4  334.5  318.4
  702.0   3152   13.7   -0.6     38   5.26    295     12  317.3  334.4  318.3
  700.0   3177   13.4   -0.6     38   5.26    295     12  317.3  334.4  318.3
  692.0   3274   13.1   -0.5     39   5.36    295     10  317.9  335.4  319.0
  682.0   3396   12.6   -0.4     41   5.48    290     11  318.8  336.7  319.8
  681.0   3408   12.5   -0.5     41   5.46    290     11  318.8  336.7  319.9
  671.0   3532   11.9   -1.1     41   5.30    290     12  319.5  336.9  320.5
  669.0   3557   11.8   -1.2     40   5.27    287     12  319.6  336.9  320.6
  652.0   3768    9.8   -1.8     44   5.15    260     10  319.8  336.7  320.8
  643.0   3881    8.8   -2.2     46   5.09    265     13  319.9  336.6  320.8
  634.0   3997    7.7   -2.5     48   5.03    265     11  319.9  336.5  320.9
  626.0   4101    6.8   -2.9     50   4.98    270     11  320.0  336.4  320.9
  619.0   4193    5.9   -3.1     52   4.93    270     13  320.0  336.3  321.0
  610.0   4313    4.8   -3.5     55   4.87    260     16  320.1  336.2  321.0
  596.0   4503    3.0   -4.1     60   4.77    245     13  320.2  335.9  321.1
  588.0   4613    2.0   -4.4     63   4.71    240     15  320.2  335.8  321.1
  581.0   4711    1.1   -4.7     65   4.66    245     18  320.3  335.7  321.2
  572.0   4839   -0.1   -5.1     69   4.60    242     17  320.3  335.5  321.2
  563.0   4966   -0.9   -5.9     69   4.40    239     16  320.8  335.4  321.7
  558.0   5037   -1.5   -6.5     69   4.24    237     16  320.9  335.0  321.8
  553.0   5109   -2.0   -7.6     66   3.92    235     15  321.1  334.2  321.9
  549.0   5166   -2.5   -8.5     63   3.69    241     14  321.2  333.6  321.9
  546.0   5210   -2.9   -8.6     65   3.69    245     14  321.3  333.7  322.0
  539.0   5312   -3.7   -8.7     68   3.70    245     14  321.5  333.9  322.2
  538.0   5327   -3.8   -9.0     67   3.63    245     14  321.5  333.7  322.2
  533.0   5400   -4.3  -10.3     63   3.29    245     12  321.8  332.9  322.4
  531.0   5430   -4.5  -10.4     64   3.29    245     11  321.9  333.0  322.5
  517.0   5639   -6.3  -10.9     70   3.23    270     12  322.2  333.1  322.8
  510.0   5746   -7.2  -11.2     73   3.20    275     11  322.4  333.2  323.0
  506.0   5807   -7.7  -11.4     75   3.18    266     12  322.5  333.3  323.1
  503.0   5854   -8.1  -11.8     74   3.08    260     13  322.6  333.1  323.1
  500.0   5900   -8.5  -12.3     74   2.99    270     15  322.6  332.8  323.2
  496.0   5962   -9.1  -13.0     73   2.85    285     18  322.6  332.4  323.2
  489.0   6072  -10.0  -13.4     76   2.80    275     17  322.8  332.4  323.4
  478.0   6248  -11.5  -14.0     82   2.72    283     15  323.1  332.4  323.6
  476.0   6280  -11.7  -14.4     80   2.66    285     15  323.3  332.4  323.8
  473.0   6329  -11.9  -14.9     78   2.56    283     15  323.6  332.4  324.1
  469.0   6394  -12.3  -15.0     80   2.55    280     15  323.8  332.6  324.3
  463.0   6492  -13.0  -15.2     83   2.55    280     21  324.2  333.0  324.7
  447.0   6761  -14.7  -15.7     92   2.53    265     27  325.3  334.1  325.8
  443.0   6829  -14.7  -17.1     82   2.27    265     26  326.1  334.1  326.6
  440.0   6881  -14.5  -18.4     72   2.05    268     27  327.0  334.3  327.4
  438.0   6915  -14.6  -18.7     71   2.00    270     28  327.3  334.4  327.7
  431.0   7038  -14.9  -19.9     66   1.84    274     29  328.4  335.0  328.8
  427.0   7108  -15.3  -20.3     66   1.79    277     29  328.8  335.3  329.2
  422.0   7197  -15.8  -21.3     63   1.66    280     30  329.2  335.2  329.6
  417.0   7287  -16.4  -22.3     60   1.54    275     32  329.7  335.3  330.0
  416.0   7306  -16.5  -22.5     60   1.52    275     31  329.7  335.3  330.0
  412.0   7378  -17.0  -22.4     63   1.55    275     29  329.9  335.6  330.3
  400.0   7600  -18.7  -22.1     75   1.64    265     37  330.6  336.5  330.9
  394.0   7712  -19.7  -22.4     79   1.62    270     41  330.7  336.6  331.1
  389.0   7806  -20.4  -23.2     78   1.52    265     42  331.0  336.6  331.3
  387.0   7845  -20.7  -23.6     78   1.48    267     42  331.1  336.5  331.4
  384.0   7902  -21.1  -23.9     79   1.46    270     43  331.3  336.6  331.6
  367.0   8233  -23.7  -25.3     87   1.34    257     39  332.2  337.1  332.4
  364.0   8293  -24.1  -25.9     85   1.28    255     39  332.4  337.2  332.7
  351.0   8556  -26.0  -27.5     87   1.15    245     36  333.3  337.6  333.5
  340.0   8785  -27.7  -28.9     89   1.04    245     42  334.1  338.0  334.3
  334.0   8913  -28.5  -29.8     89   0.97    245     46  334.7  338.4  334.9
  325.0   9105  -30.0  -32.5     79   0.77    250     47  335.2  338.1  335.3
  312.0   9393  -32.3  -36.6     66   0.54    255     45  335.9  338.1  336.1
  308.0   9484  -33.0  -37.9     62   0.48    255     47  336.2  338.1  336.3
  300.0   9670  -34.5  -40.5     54   0.37    265     51  336.6  338.1  336.7
  292.0   9858  -35.7  -46.7     31   0.20    269     56  337.5  338.4  337.6
  284.0  10051  -36.7  -45.7     39   0.23    272     61  338.8  339.7  338.8
  279.0  10174  -36.1  -40.8     62   0.39    275     64  341.4  343.0  341.5
  278.0  10199  -36.2  -41.7     57   0.36    275     65  341.6  343.0  341.6
  258.0  10714  -38.7  -60.4      8   0.04    270     76  345.3  345.5  345.3
  253.0  10848  -39.3  -65.3      5   0.02    270     75  346.3  346.4  346.3
  250.0  10930  -39.9  -64.9      5   0.02    270     74  346.6  346.7  346.6
  245.0  11068  -40.9  -65.9      5   0.02    271     74  347.1  347.2  347.1
  233.0  11408  -43.5  -70.5      3   0.01    274     72  348.2  348.3  348.2
  229.0  11523  -44.4  -70.7      4   0.01    275     72  348.6  348.7  348.6
  205.0  12259  -49.9  -71.9      6   0.01    279     62  351.1  351.2  351.1
  201.0  12387  -50.7  -73.5      5   0.01    280     60  351.8  351.9  351.8
  200.0  12420  -50.9  -73.9      5   0.01    280     61  352.0  352.1  352.0
  199.0  12453  -50.9  -73.9      5   0.01    280     62  352.5  352.6  352.5
  198.0  12485  -51.2  -74.0      5   0.01    280     62  352.6  352.6  352.6
  191.0  12718  -53.3  -74.3      6   0.01    277     61  352.8  352.9  352.8
  188.0  12819  -54.2  -74.6      6   0.01    275     60  353.0  353.0  353.0
  181.0  13061  -56.3  -75.3      7   0.01    275     61  353.4  353.4  353.4
  176.0  13237  -57.8  -75.5      9   0.01    275     61  353.8  353.9  353.8
  169.0  13492  -59.9  -75.9     11   0.01    272     63  354.4  354.4  354.4
  163.0  13716  -60.9  -77.5      9   0.01    270     64  356.4  356.4  356.4
  153.0  14108  -62.7  -80.4      8   0.00    265     57  359.8  359.8  359.8
  150.0  14230  -63.3  -81.3      7   0.00    265     58  360.8  360.9  360.8
  147.0  14354  -63.8  -82.4      6   0.00    270     56  362.1  362.1  362.1
  145.0  14438  -64.1  -83.1      6   0.00    265     52  363.0  363.0  363.0
  143.0  14523  -63.8  -83.3      5   0.00    260     51  365.0  365.0  365.0
  138.0  14742  -62.9  -83.9      4   0.00    256     50  370.2  370.3  370.2
  137.0  14787  -62.2  -82.7      5   0.00    255     50  372.2  372.3  372.2
  136.0  14832  -61.5  -81.5      5   0.00    265     42  374.3  374.3  374.3
  134.0  14924  -61.0  -82.3      4   0.00    255     36  376.8  376.8  376.8
  133.0  14970  -60.7  -82.7      4   0.00    252     36  378.1  378.1  378.1
  131.0  15064  -61.4  -83.8      4   0.00    245     37  378.4  378.5  378.4
  128.0  15208  -62.5  -85.5      3   0.00    238     37  379.0  379.0  379.0
  127.0  15256  -62.9  -85.9      3   0.00    235     37  379.1  379.2  379.1
  125.0  15353  -63.7  -86.7      3   0.00    235     36  379.4  379.4  379.4
  123.0  15452  -64.5  -87.5      3   0.00    239     38  379.7  379.7  379.7
  120.0  15602  -65.3  -87.2      3   0.00    245     40  380.9  380.9  380.9
  115.0  15861  -66.7  -86.7      4   0.00    254     47  383.0  383.0  383.0
  112.0  16021  -66.0  -86.9      4   0.00    260     52  387.1  387.2  387.1
  108.0  16242  -65.1  -87.1      3   0.00    282     42  392.9  393.0  392.9
  103.0  16530  -65.7  -89.1      3   0.00    310     30  397.2  397.2  397.2
  101.0  16650  -65.9  -89.9      2   0.00    323     31  399.0  399.0  399.0
  100.0  16710  -66.1  -90.1      2   0.00    330     31  399.8  399.8  399.8
   98.0  16832  -66.1  -89.2      3   0.00    330     26  402.1  402.1  402.1
   97.8  16845  -66.1  -89.1      3   0.00    328     25  402.3  402.3  402.3
   94.0  17085  -65.7  -89.7      2   0.00    295     11  407.6  407.6  407.6
   93.8  17098  -65.7  -89.7      2   0.00    293     11  407.9  407.9  407.9
   89.0  17415  -67.6  -90.7      3   0.00    250     17  410.3  410.3  410.3
   88.8  17429  -67.7  -90.7      3   0.00    252     17  410.4  410.4  410.4
   87.1  17545  -67.9  -90.9      2   0.00    269     20  412.2  412.2  412.2
   87.0  17552  -67.8  -90.9      2   0.00    270     20  412.5  412.5  412.5
   82.8  17851  -65.1  -89.1      2   0.00    316     14  423.9  423.9  423.9
   81.2  17970  -63.7  -87.7      3   0.00    334     11  429.2  429.2  429.2
   79.0  18138  -64.5  -88.5      2   0.00      0      8  430.9  430.9  430.9
   78.5  18177  -64.7  -88.7      2   0.00      2      9  431.3  431.3  431.3
   78.0  18216  -64.8  -88.8      2   0.00      5      9  431.8  431.8  431.8
   77.8  18232  -64.9  -88.9      2   0.00      2      9  432.0  432.0  432.0
   77.0  18295  -64.6  -88.6      2   0.00    350      9  433.9  433.9  433.9
   75.0  18456  -63.7  -87.7      3   0.00    345     10  439.0  439.0  439.0
   74.5  18497  -63.5  -87.5      3   0.00    347     11  440.3  440.3  440.3
   74.0  18538  -63.3  -87.3      3   0.00    350     11  441.5  441.6  441.5
   73.0  18622  -62.9  -86.9      3   0.00      5     11  444.1  444.1  444.1
   72.4  18672  -62.7  -86.7      3   0.00     23     10  445.6  445.6  445.6
   70.0  18880  -62.7  -86.7      3   0.00     95      7  449.9  449.9  449.9
   68.2  19041  -62.9  -86.9      3   0.00    140      9  452.8  452.9  452.8
   68.0  19059  -62.9  -86.9      3   0.00    145      9  453.2  453.2  453.2
   67.0  19150  -62.9  -86.9      3   0.00    175      8  455.1  455.2  455.1
   66.7  19178  -62.9  -86.9      3   0.00    182      8  455.7  455.7  455.7
   66.0  19243  -62.7  -86.7      3   0.00    200      9  457.5  457.6  457.5
   64.0  19434  -62.1  -86.1      3   0.00    320      5  462.8  462.9  462.8
   63.0  19531  -61.8  -85.8      3   0.00    335      8  465.6  465.6  465.6
   62.0  19630  -61.5  -85.5      3   0.00      5      6  468.4  468.4  468.4
   61.9  19640  -61.5  -85.5      3   0.00     13      7  468.6  468.7  468.6
   61.0  19732  -61.1  -85.1      3   0.00     85     11  471.5  471.5  471.5
   60.0  19835  -60.6  -84.7      3   0.01    215      5  474.7  474.8  474.7
   58.8  19960  -60.1  -84.1      3   0.01    179      4  478.7  478.8  478.7
   58.3  20014  -60.1  -84.1      3   0.01    164      4  479.9  479.9  479.9
   58.0  20046  -60.0  -84.0      3   0.01    155      4  480.9  480.9  480.9
   57.0  20155  -59.5  -83.9      3   0.01      0      0  484.3  484.3  484.3
   56.0  20266  -59.1  -83.7      3   0.01     15      3  487.8  487.8  487.8
   54.7  20414  -58.5  -83.5      3   0.01     86      7  492.4  492.4  492.4
   54.0  20495  -58.5  -83.5      3   0.01    125      9  494.2  494.2  494.2
   53.6  20542  -58.5  -83.5      3   0.01    121      7  495.2  495.3  495.2
   53.0  20613  -58.4  -83.3      3   0.01    115      5  497.0  497.1  497.0
   52.0  20733  -58.3  -82.8      3   0.01      0      4  500.0  500.1  500.0
   51.0  20855  -58.2  -82.4      3   0.01     30      6  503.1  503.1  503.1
   50.2  20955  -58.1  -82.1      3   0.01     90      7  505.6  505.6  505.6
   50.0  20980  -58.1  -82.1      3   0.01    105      7  506.1  506.2  506.1
   49.0  21107  -58.4  -82.4      3   0.01    125      9  508.3  508.4  508.3
   48.1  21224  -58.7  -82.7      3   0.01    143      7  510.3  510.4  510.3
   48.0  21237  -58.7  -82.7      3   0.01    145      7  510.6  510.7  510.6
   47.0  21370  -58.2  -82.4      3   0.01    165      4  515.0  515.1  515.0
   46.0  21505  -57.6  -82.1      3   0.01     75      9  519.5  519.6  519.5
   45.0  21644  -57.1  -81.8      3   0.01     90     10  524.1  524.2  524.1
   44.0  21786  -56.5  -81.5      3   0.01    110      8  528.9  529.0  528.9
   43.0  21932  -56.4  -80.6      3   0.01     95     10  532.7  532.8  532.7
   42.7  21976  -56.3  -80.3      3   0.01     98      9  533.9  534.0  533.9
   42.0  22081  -56.4  -80.4      3   0.01    105      6  536.2  536.3  536.2
   41.4  22172  -56.5  -80.5      3   0.01    102      5  538.1  538.3  538.1
   41.3  22188  -56.5  -80.5      3   0.01    102      5  538.5  538.6  538.5
   41.0  22234  -56.3  -80.4      3   0.02    100      4  540.1  540.2  540.1
   38.3  22668  -54.7  -79.7      3   0.02     87     12  554.8  555.0  554.8
   38.0  22719  -54.6  -79.6      3   0.02     85     13  556.2  556.4  556.2
   37.0  22890  -54.4  -79.4      3   0.02    100     15  561.1  561.3  561.1
   36.0  23065  -54.1  -79.2      3   0.02    115     13  566.2  566.3  566.2
   35.0  23246  -53.9  -78.9      3   0.02    110     11  571.4  571.6  571.4
   34.0  23432  -53.6  -78.6      3   0.02     95     19  576.8  577.0  576.8
   33.5  23527  -53.5  -78.5      3   0.03    105     17  579.6  579.8  579.6
   33.0  23624  -53.1  -78.1      3   0.03    115     15  583.1  583.3  583.1
   32.4  23742  -52.7  -77.7      3   0.03     94     15  587.3  587.6  587.3
   32.0  23823  -52.5  -77.5      3   0.03     80     15  589.8  590.1  589.8
   31.0  24028  -52.1  -77.1      3   0.03     90     17  596.3  596.6  596.3
   30.9  24049  -52.1  -77.1      3   0.03     87     17  596.9  597.2  597.0
   30.2  24197  -52.1  -77.1      3   0.04     66     18  600.9  601.2  600.9
   30.0  24240  -52.1  -77.1      3   0.04     60     18  602.0  602.3  602.0
   28.6  24549  -51.7  -76.7      3   0.04     88     23  611.4  611.7  611.4
   28.0  24686  -52.1  -77.1      3   0.04    100     25  614.0  614.3  614.0
   27.7  24755  -52.1  -77.1      3   0.04     96     24  615.9  616.2  615.9
   27.0  24921  -51.5  -76.9      3   0.04     85     21  621.9  622.3  622.0
   26.0  25165  -50.8  -76.6      3   0.04    100     21  631.0  631.4  631.0
   25.7  25240  -50.5  -76.5      3   0.05     98     21  633.8  634.2  633.8
   24.0  25687  -49.4  -75.4      3   0.06     85     24  649.5  650.0  649.5
   23.0  25964  -48.7  -74.7      3   0.07    100     29  659.5  660.1  659.5
   22.0  26255  -49.0  -74.2      4   0.07     85     20  667.0  667.7  667.0
   21.7  26345  -49.1  -74.1      4   0.08     88     23  669.3  670.1  669.4
   21.0  26560  -48.7  -73.7      4   0.08     95     30  676.9  677.8  677.0
   20.1  26847  -48.1  -73.1      4   0.10     99     25  687.2  688.1  687.2
   20.0  26880  -48.1  -73.1      4   0.10    100     24  688.2  689.1  688.2
   19.0  27218  -48.5  -73.5      4   0.10    100     24  697.2  698.2  697.2
   18.9  27253  -48.5  -73.5      4   0.10    100     25  698.1  699.1  698.2
   18.8  27288  -48.3  -73.3      4   0.10    100     25  699.8  700.8  699.9
   18.0  27578  -47.4  -72.8      4   0.11    100     29  711.3  712.5  711.4
   17.0  27959  -46.3  -72.1      4   0.13    105     25  726.7  728.1  726.8
   16.0  28363  -45.1  -71.3      4   0.16    105     22  743.4  745.0  743.4
   15.0  28794  -43.8  -70.5      4   0.19     85     23  761.5  763.5  761.6
   14.5  29020  -43.1  -70.1      4   0.21     90     28  771.2  773.4  771.3
   14.0  29258  -42.8  -69.7      4   0.23     95     33  779.9  782.4  780.0
   13.0  29760  -42.2  -68.8      4   0.28    115     41  798.6  801.7  798.8
   12.0  30302  -41.6  -67.8      4   0.35     95     25  819.4  823.3  819.5
   11.3  30709  -41.1  -67.1      4   0.41     88     26  835.3  840.0  835.5
   11.0  30892  -41.2  -67.4      4   0.40     85     26  841.4  846.1  841.6
   10.0  31540  -41.5  -68.5      4   0.38     80     24  863.5  868.0  863.7
    9.4  31959  -41.9  -67.9      4   0.44     80     28  877.4  882.7  877.6
    9.0  32254  -41.3  -67.7      4   0.47     80     30  890.7  896.4  890.9
    8.5  32642  -40.5  -67.5      4   0.51     78     33  908.4  914.9  908.7
    8.3  32805  -40.5  -67.5      4   0.52     77     35  914.6  921.2  914.9
    8.2  32887  -40.5  -67.5      4   0.53     76     36  917.8  924.5  918.1
    8.0  33055  -40.5  -67.5      4   0.54     75     37  924.3  931.2  924.6
    7.4  33588  -38.9  -65.9      4   0.73     78     36  951.6  961.2  952.1
    7.0  33970  -37.9  -64.9      4   0.89     80     35  971.0  982.7  971.5
    6.8  34170  -37.5  -65.5      4   0.84     81     37  980.7  992.0  981.2
    6.6  34376  -36.9  -64.9      4   0.94     82     39  991.6 1004.4  992.2
    6.5  34482  -36.7  -64.7      4   0.98     82     40  996.8 1010.1  997.4
    6.4  34589  -37.1  -65.1      4   0.94     83     41  999.6 1012.4 1000.1