-----------------------------------------------------------------------------
   PRES   HGHT   TEMP   DWPT   RELH   MIXR   DRCT   SKNT   THTA   THTE   THTV
    hPa     m      C      C      %    g/kg    deg   knot     K      K      K 
-----------------------------------------------------------------------------
 1000.0     76                                                               
  925.0    765                                                               
  871.0   1289   21.0   11.0     53   9.55    130      4  306.0  335.0  307.8
  862.0   1379   21.8   10.2     48   9.13    135     12  307.8  335.8  309.4
  860.0   1399   22.0   10.0     46   9.04    136     12  308.1  335.9  309.8
  850.0   1501   21.2   10.2     49   9.27    140     13  308.3  336.8  310.1
  827.0   1738   19.0    9.0     52   8.78    164     17  308.4  335.5  310.1
  821.0   1800   19.6    9.1     51   8.91    170     18  309.8  337.4  311.4
  816.0   1853   20.2    9.2     49   9.03    170     17  310.9  339.0  312.6
  811.0   1906   20.0    8.0     46   8.36    170     16  311.2  337.3  312.8
  803.0   1991   19.8    7.0     43   7.88    170     15  311.9  336.7  313.4
  793.0   2099   19.6    5.7     40   7.31    170     18  312.8  335.9  314.2
  792.0   2110   19.6    5.6     40   7.25    171     18  312.9  335.8  314.3
  784.0   2197   18.9    5.2     40   7.13    175     20  313.1  335.7  314.5
  755.0   2519   16.5    3.8     43   6.69    185     14  313.8  335.1  315.1
  737.0   2724   14.9    2.9     44   6.42    170     10  314.3  334.8  315.5
  736.0   2736   14.8    2.8     44   6.40    172     10  314.3  334.7  315.5
  720.0   2922   13.7   -0.0     39   5.33    210      3  315.1  332.3  316.1
  718.0   2945   13.6   -0.4     38   5.20    211      3  315.2  332.0  316.2
  700.0   3158   11.6   -0.4     43   5.34    220      7  315.3  332.5  316.3
  695.0   3218   11.0   -0.4     45   5.38    230      7  315.3  332.7  316.3
  687.0   3314   10.1   -0.4     48   5.44    225      8  315.3  332.9  316.4
  674.0   3473    8.6   -0.4     53   5.54    233     10  315.4  333.2  316.4
  671.0   3510    8.3   -0.8     53   5.40    235     10  315.4  332.9  316.5
  664.0   3596    7.6   -1.8     51   5.06    220     11  315.6  332.0  316.6
  652.0   3746    6.4   -3.6     49   4.52    236     12  315.9  330.6  316.8
  645.0   3835    5.6   -4.1     50   4.39    245     13  315.9  330.2  316.8
  637.0   3936    4.6   -4.8     51   4.24    240     15  315.9  329.8  316.7
  629.0   4040    3.6   -5.4     52   4.09    242     15  315.9  329.3  316.7
  623.0   4117    3.0   -7.0     48   3.65    243     15  316.1  328.2  316.8
  617.0   4196    2.3   -7.1     50   3.65    245     15  316.2  328.2  316.9
  613.0   4248    1.8   -7.2     51   3.65    245     15  316.2  328.2  316.9
  594.0   4501    0.0  -14.0     34   2.19    251     18  317.0  324.4  317.4
  570.0   4827   -3.0  -12.3     49   2.62    260     23  317.2  326.0  317.7
  563.0   4925   -3.9  -11.8     54   2.76    255     22  317.3  326.5  317.8
  551.0   5095   -5.5  -10.9     66   3.03    250     24  317.4  327.5  317.9
  536.0   5313   -7.5   -9.8     84   3.41    250     28  317.5  328.8  318.1
  519.0   5563   -9.5  -13.9     70   2.53    255     31  318.0  326.6  318.5
  514.0   5638  -10.1  -15.1     67   2.31    255     31  318.1  326.0  318.6
  500.0   5850  -11.9  -18.9     56   1.73    255     32  318.5  324.4  318.8
  487.0   6051  -13.3  -21.3     51   1.44    258     33  319.1  324.2  319.4
  478.0   6192  -14.2  -22.6     49   1.30    260     34  319.7  324.3  320.0
  466.0   6385  -15.5  -24.5     46   1.13    260     33  320.5  324.5  320.7
  462.0   6450  -16.1  -24.8     47   1.11    260     33  320.6  324.5  320.8
  452.0   6614  -17.5  -25.6     49   1.05    260     32  320.8  324.6  321.0
  449.0   6664  -17.9  -25.9     50   1.04    261     33  320.9  324.6  321.1
  447.0   6697  -18.3  -27.3     45   0.92    261     34  320.8  324.1  320.9
  440.0   6815  -18.3  -31.3     31   0.64    263     37  322.2  324.6  322.4
  434.0   6917  -19.3  -31.8     32   0.62    265     39  322.2  324.5  322.4
  430.0   6986  -20.0  -32.1     33   0.60    265     38  322.2  324.5  322.4
  428.0   7021  -20.3  -32.3     33   0.60    264     39  322.2  324.5  322.4
  426.0   7055  -20.5  -32.5     33   0.59    263     40  322.4  324.6  322.5
  420.0   7160  -20.3  -39.3     17   0.30    261     43  324.0  325.1  324.0
  417.0   7213  -20.6  -39.8     16   0.29    260     44  324.3  325.4  324.4
  413.0   7284  -20.9  -40.6     15   0.27    260     44  324.7  325.8  324.8
  409.0   7356  -21.3  -41.3     15   0.25    260     45  325.1  326.1  325.2
  405.0   7429  -21.7  -41.7     15   0.24    260     46  325.5  326.4  325.5
  401.0   7502  -22.2  -42.2     14   0.23    260     47  325.8  326.8  325.9
  400.0   7520  -22.3  -42.3     14   0.23    260     47  325.9  326.9  326.0
  393.0   7649  -23.1  -44.6     12   0.18    260     43  326.5  327.3  326.6
  390.0   7705  -23.4  -45.6     11   0.17    265     43  326.8  327.5  326.8
  386.0   7780  -23.9  -46.9     10   0.15    263     45  327.1  327.8  327.2
  378.0   7932  -25.0  -47.1     11   0.14    260     48  327.7  328.3  327.7
  367.0   8146  -26.5  -47.5     12   0.14    257     48  328.4  329.0  328.5
  362.0   8244  -27.1  -48.8     11   0.13    255     48  329.0  329.5  329.0
  346.0   8569  -28.9  -52.9      8   0.08    263     50  330.8  331.1  330.8
  342.0   8651  -29.6  -52.8      9   0.08    265     51  330.9  331.3  330.9
  335.0   8797  -30.8  -52.5     10   0.09    260     54  331.2  331.6  331.2
  327.0   8967  -32.3  -52.2     12   0.09    260     52  331.5  331.9  331.5
  314.0   9253  -34.7  -51.7     16   0.10    263     56  332.0  332.4  332.0
  302.0   9524  -35.9  -56.3     10   0.06    265     60  334.0  334.3  334.0
  300.0   9570  -36.1  -57.1     10   0.06    270     60  334.4  334.6  334.4
  291.0   9782  -37.7  -59.7      8   0.04    270     60  335.0  335.2  335.0
  278.0  10097  -39.8  -61.2      8   0.04    275     62  336.4  336.6  336.4
  271.0  10272  -41.0  -62.1      8   0.03    275     63  337.2  337.3  337.2
  269.0  10323  -41.3  -62.3      8   0.03    275     64  337.4  337.5  337.4
  252.0  10766  -44.1  -64.1      9   0.03    280     74  339.6  339.7  339.6
  250.0  10820  -44.5  -64.5      9   0.03    280     75  339.8  339.9  339.8
  249.0  10847  -44.7  -64.5      9   0.03    280     75  339.9  340.1  339.9
  240.0  11091  -46.1  -65.0     10   0.03    280     75  341.3  341.4  341.3
  237.0  11174  -46.6  -65.1     10   0.03    280     73  341.8  341.9  341.8
  233.0  11287  -47.3  -65.3     11   0.03    278     75  342.4  342.6  342.4
  229.0  11401  -47.7  -65.7     11   0.02    277     78  343.5  343.6  343.5
  225.0  11517  -48.0  -66.4     10   0.02    275     80  344.8  344.9  344.9
  217.0  11755  -48.5  -67.7      9   0.02    275     74  347.6  347.7  347.6
  214.0  11846  -48.7  -68.2      9   0.02    275     74  348.6  348.7  348.6
  209.0  12001  -49.1  -69.1      8   0.02    272     70  350.4  350.5  350.4
  206.0  12096  -49.3  -69.3      8   0.02    270     68  351.6  351.6  351.6
  204.0  12160  -48.6  -69.6      7   0.02    265     71  353.6  353.7  353.6
  201.0  12257  -47.6  -70.1      6   0.01    265     72  356.7  356.7  356.7
  200.0  12290  -47.3  -70.3      5   0.01    265     69  357.7  357.8  357.7
  199.0  12323  -47.1  -70.6      5   0.01    265     68  358.5  358.6  358.5
  194.0  12491  -46.1  -72.1      4   0.01    259     70  362.8  362.8  362.8
  193.0  12526  -46.1  -73.1      3   0.01    258     70  363.3  363.3  363.3
  187.0  12734  -47.6  -78.3      2   0.00    250     72  364.2  364.2  364.2
  185.0  12805  -48.1  -80.1      1   0.00    250     75  364.5  364.5  364.5
  183.0  12876  -48.5  -80.5      1   0.00    255     73  364.9  365.0  364.9
  171.0  13316  -51.2  -82.2      1   0.00    260     75  367.6  367.6  367.6
  164.0  13587  -52.9  -83.3      1   0.00    265     65  369.2  369.2  369.2
  160.0  13747  -53.9  -83.9      1   0.00    261     60  370.1  370.1  370.1
  159.0  13787  -53.9  -83.9      1   0.00    260     58  370.8  370.8  370.8
  157.0  13868  -54.1  -84.1      1   0.00    257     56  371.8  371.8  371.8
  155.0  13950  -54.0  -84.3      1   0.00    255     53  373.4  373.4  373.4
  153.0  14033  -53.8  -84.5      1   0.00    260     55  375.0  375.0  375.0
  151.0  14117  -53.7  -84.7      1   0.00    260     51  376.6  376.6  376.6
  150.0  14160  -53.5  -84.5      1   0.00    260     49  377.7  377.7  377.7
  147.0  14290  -53.9  -83.9      1   0.00    254     45  379.2  379.2  379.2
  145.0  14377  -54.4  -84.2      1   0.00    250     42  379.8  379.8  379.8
  139.0  14647  -56.0  -85.1      1   0.00    265     34  381.6  381.6  381.6
  138.0  14693  -56.3  -85.3      1   0.00    266     33  381.9  381.9  381.9
  133.0  14926  -57.7  -86.7      1   0.00    270     29  383.4  383.4  383.4
  131.0  15022  -58.3  -87.3      1   0.00    265     26  384.0  384.0  384.0
  129.0  15119  -58.9  -87.9      1   0.00    255     23  384.6  384.6  384.6
  122.0  15467  -61.3  -89.3      1   0.00    220     12  386.4  386.4  386.4
  120.0  15569  -62.1  -90.1      1   0.00    210      9  386.8  386.8  386.8
  117.0  15725  -62.7  -90.7      1   0.00    205     15  388.5  388.5  388.5
  114.0  15885  -62.8  -90.8      1   0.00    225     16  391.2  391.2  391.2
  112.0  15994  -62.9  -90.9      1   0.00    220     18  393.0  393.0  393.0
  110.0  16105  -63.0  -91.0      1   0.00    225     20  394.9  394.9  394.9
  107.0  16275  -63.1  -91.1      1   0.00    244     16  397.8  397.8  397.8
  106.0  16333  -63.1  -91.1      1   0.00    250     15  398.9  398.9  398.9
  104.0  16450  -63.5  -90.5      1   0.00    245     12  400.3  400.3  400.3
  102.0  16569  -63.8  -90.8      1   0.00    240      9  401.9  401.9  401.9
  100.0  16690  -64.1  -91.1      1   0.00    270     12  403.6  403.6  403.6
   98.4  16789  -64.1  -92.1      1   0.00    276     14  405.5  405.5  405.5
   97.4  16851  -64.3  -91.3      1   0.00    280     16  406.3  406.3  406.3
   96.0  16940  -64.4  -91.4      1   0.00    285     18  407.8  407.8  407.8
   94.4  17042  -64.5  -91.5      1   0.00    277     17  409.5  409.5  409.5
   93.0  17134  -64.0  -91.3      1   0.00    270     16  412.2  412.2  412.2
   91.0  17268  -63.4  -91.0      1   0.00    245     18  416.0  416.0  416.0
   88.9  17411  -62.7  -90.7      1   0.00    280     13  420.2  420.2  420.2
   88.0  17474  -62.3  -90.3      1   0.00    295     11  422.2  422.2  422.2
   87.1  17537  -61.9  -89.9      1   0.00    273      7  424.3  424.3  424.3
   87.0  17544  -61.9  -89.9      1   0.00    270      6  424.5  424.5  424.5
   86.0  17616  -61.5  -89.5      1   0.00    250      7  426.6  426.6  426.6
   85.0  17688  -61.8  -89.8      1   0.00    230      8  427.5  427.5  427.5
   84.0  17761  -62.1  -90.1      1   0.00    215      8  428.3  428.3  428.3
   82.6  17865  -62.5  -90.5      1   0.00    227     10  429.5  429.5  429.5
   80.0  18063  -62.0  -90.0      1   0.00    250     15  434.6  434.6  434.6
   77.9  18227  -61.5  -89.5      1   0.00    309      8  438.9  438.9  438.9
   77.0  18299  -61.4  -89.4      1   0.00    335      5  440.5  440.5  440.5
   76.0  18380  -61.3  -89.3      1   0.00     35      5  442.3  442.3  442.3
   75.5  18421  -61.3  -89.3      1   0.00     45      6  443.2  443.2  443.2
   73.5  18588  -61.5  -89.5      1   0.00     88      8  446.2  446.2  446.2
   72.0  18715  -61.7  -89.7      1   0.00    120     10  448.5  448.5  448.5
   71.8  18733  -61.7  -89.7      1   0.00    120     10  448.8  448.8  448.8
   71.0  18802  -61.6  -89.6      1   0.00    120     12  450.5  450.5  450.5
   70.4  18855  -61.5  -89.5      1   0.00    129      9  451.7  451.8  451.7
   70.0  18890  -61.5  -89.5      1   0.00    135      7  452.5  452.5  452.5
   69.0  18979  -61.6  -89.6      1   0.00    190      4  454.2  454.2  454.2
   67.5  19115  -61.7  -89.7      1   0.00    225      6  456.8  456.8  456.8
   66.0  19255  -61.2  -89.4      1   0.00    260      8  460.7  460.8  460.7
   64.0  19447  -60.6  -89.0      1   0.00    345      1  466.2  466.3  466.2
   63.0  19546  -60.2  -88.7      1   0.00    175      3  469.1  469.1  469.1
   61.0  19747  -59.5  -88.3      1   0.00    200      9  474.9  475.0  474.9
   60.0  19850  -59.2  -88.0      1   0.00    240      8  478.0  478.0  478.0
   58.6  19997  -58.7  -87.7      1   0.00    219      7  482.3  482.4  482.3
   58.0  20062  -58.5  -87.6      1   0.00    210      6  484.2  484.2  484.2
   56.0  20283  -57.9  -87.5      1   0.00    335      9  490.6  490.6  490.6
   55.0  20397  -57.5  -87.4      1   0.00     30      8  493.9  493.9  493.9
   54.4  20466  -57.3  -87.3      1   0.00     36      8  495.9  495.9  495.9
   53.4  20583  -57.3  -86.3      1   0.00     46      7  498.6  498.6  498.6
   53.0  20631  -57.2  -86.3      1   0.00     50      7  500.0  500.0  500.0
   52.0  20751  -56.8  -86.3      1   0.00     30      4  503.5  503.6  503.6
   50.7  20912  -56.3  -86.3      1   0.00     46     10  508.3  508.4  508.3
   50.0  21000  -55.9  -85.9      1   0.00     55     13  511.3  511.4  511.3
   49.0  21129  -55.7  -85.7      1   0.01     60     16  514.7  514.8  514.7
   46.0  21530  -56.4  -85.5      1   0.01     55     19  522.4  522.5  522.4
   45.6  21585  -56.5  -85.5      1   0.01     63     17  523.5  523.5  523.5
   45.0  21670  -56.2  -85.2      1   0.01     75     15  526.2  526.2  526.2
   44.0  21813  -55.7  -84.7      2   0.01     75     14  530.7  530.8  530.7
   43.0  21959  -55.2  -84.2      2   0.01     85      9  535.4  535.5  535.4
   42.3  22063  -54.9  -83.9      2   0.01    102     10  538.8  538.9  538.8
   41.0  22263  -55.1  -84.1      2   0.01    135     11  543.1  543.2  543.1
   40.4  22357  -55.3  -84.3      2   0.01    129      9  544.9  545.0  544.9
   40.0  22420  -55.1  -84.1      2   0.01    125      7  546.9  547.0  546.9
   39.0  22582  -54.6  -83.6      2   0.01     90      9  552.1  552.2  552.1
   38.7  22631  -54.5  -83.5      2   0.01     93      9  553.7  553.8  553.7
   38.0  22748  -54.3  -83.3      2   0.01    100     10  557.0  557.1  557.1
   37.0  22919  -54.0  -83.0      2   0.01     75     19  562.0  562.1  562.0
   36.5  23006  -53.9  -82.9      2   0.01     77     21  564.6  564.7  564.6
   36.0  23095  -53.8  -83.4      2   0.01     80     23  567.1  567.2  567.1
   35.7  23148  -53.7  -83.7      1   0.01     81     21  568.7  568.8  568.7
   35.0  23276  -53.5  -83.5      1   0.01     85     15  572.5  572.6  572.5
   34.0  23462  -53.1  -83.1      1   0.01     75     16  578.2  578.3  578.2
   33.0  23655  -52.9  -82.9      1   0.01     95     10  583.8  583.9  583.8
   32.0  23853  -52.6  -82.6      1   0.01     75      9  589.6  589.8  589.6
   30.0  24270  -52.1  -82.1      2   0.02     95     17  602.0  602.1  602.0
   29.0  24490  -51.5  -80.5      2   0.02     80     14  609.5  609.7  609.5
   28.0  24717  -52.0  -80.7      2   0.02     80     21  614.4  614.6  614.4
   27.0  24952  -52.5  -80.8      2   0.02    100     21  619.4  619.6  619.4
   26.0  25196  -53.0  -81.0      2   0.02     70     16  624.7  624.9  624.7
   25.7  25271  -53.1  -81.1      2   0.02     73     19  626.4  626.6  626.4
   25.5  25321  -53.1  -81.1      2   0.02     75     21  627.8  628.0  627.8
   25.0  25450  -52.5  -80.8      2   0.02     80     26  633.1  633.3  633.1
   24.0  25715  -51.2  -80.2      2   0.03    105     20  644.2  644.4  644.2
   23.0  25992  -49.9  -79.5      2   0.03     70     16  655.9  656.2  655.9
   22.4  26164  -49.1  -79.1      2   0.03     85     20  663.3  663.6  663.3
   22.0  26282  -48.8  -78.6      2   0.04     95     23  667.6  668.0  667.6
   21.0  26588  -48.0  -77.2      2   0.05    110     21  678.9  679.4  678.9
   20.6  26715  -47.7  -76.7      2   0.05    106     25  683.6  684.1  683.6
   20.0  26910  -47.9  -76.9      2   0.05    100     31  688.8  689.3  688.8
   19.0  27248  -48.4  -76.6      2   0.06     85     17  697.4  698.0  697.4
   18.8  27317  -48.5  -76.5      2   0.06     86     19  699.2  699.8  699.2
   18.6  27387  -48.5  -76.5      2   0.06     87     22  701.3  702.0  701.4
   18.0  27604  -48.0  -76.3      2   0.07     90     29  709.7  710.4  709.7
   17.0  27981  -47.0  -75.8      2   0.08     95     20  724.4  725.2  724.5
   16.7  28098  -46.7  -75.7      2   0.08     89     22  729.1  729.9  729.1
   16.5  28178  -46.3  -75.3      2   0.08     85     23  732.9  733.8  732.9
   16.0  28383  -45.4  -75.0      2   0.09     75     27  742.2  743.1  742.2
   15.7  28509  -44.9  -74.9      2   0.09     74     30  747.9  749.0  748.0
   15.0  28814  -44.5  -74.5      2   0.11     70     37  759.1  760.2  759.1
   14.0  29274  -45.3  -74.5      2   0.11     95     34  771.6  772.9  771.7
   13.7  29419  -45.5  -74.5      2   0.11     95     30  775.6  776.9  775.6
   13.0  29769  -44.6  -74.3      2   0.12     95     22  790.5  791.9  790.6
   12.8  29873  -44.3  -74.3      2   0.13     96     23  795.0  796.4  795.0
   12.0  30308  -43.2  -73.2      2   0.16    100     27  813.5  815.4  813.6
   11.0  30895  -41.8  -71.8      2   0.21    105     34  839.2  841.8  839.4
   10.3  31339  -40.7  -70.7      3   0.27     81     34  859.2  862.4  859.3
   10.0  31540  -40.9  -69.9      3   0.31     70     34  865.7  869.5  865.9
    9.3  32032  -42.1  -70.1      3   0.32     84     37  879.3  883.3  879.5
    9.0  32254  -42.3  -70.7      3   0.31     90     39  886.9  890.8  887.1
    8.6  32561  -42.5  -71.5      3   0.29     86     39  897.6  901.3  897.8
    8.0  33056  -39.6  -69.6      3   0.41     80     40  927.8  933.1  928.1
    7.4  33589  -36.5  -67.5      3   0.59                961.4  969.2  961.7
    7.2  33779  -36.1  -67.1      3   0.64                970.6  979.1  971.0
    7.0  33975  -36.5  -67.5      3   0.62                976.8  985.2  977.1