-----------------------------------------------------------------------------
   PRES   HGHT   TEMP   DWPT   RELH   MIXR   DRCT   SKNT   THTA   THTE   THTV
    hPa     m      C      C      %    g/kg    deg   knot     K      K      K 
-----------------------------------------------------------------------------
 1000.0     -6                                                               
  925.0    714                                                               
  868.0   1289   34.8   -0.2     11   4.36    335      3  320.7  335.2  321.5
  863.0   1342   32.6   -9.4      6   2.18    283      4  318.9  326.4  319.3
  858.0   1395   32.2   -9.4      6   2.20    230      5  319.0  326.6  319.4
  850.0   1481   31.6   -9.4      6   2.22    250      5  319.2  326.9  319.7
  848.0   1501   31.4   -9.4      7   2.22    250      5  319.2  326.9  319.7
  835.0   1635   30.0   -9.3      7   2.27    265      7  319.2  327.0  319.7
  820.0   1793   28.4   -9.2      8   2.33    265      8  319.2  327.2  319.6
  792.0   2094   25.4   -9.0     10   2.45    285      8  319.1  327.5  319.6
  784.0   2182   24.5   -9.0     10   2.48    285      7  319.1  327.6  319.6
  768.0   2361   22.7   -8.9     11   2.56    280      7  319.0  327.8  319.5
  743.0   2648   19.8   -8.7     14   2.68    285     10  318.9  328.0  319.4
  725.0   2861   17.7   -8.6     16   2.77    255      5  318.8  328.2  319.4
  715.0   2981   16.5   -8.5     17   2.83    225      6  318.7  328.3  319.3
  705.0   3103   15.2   -8.4     19   2.88    205      4  318.7  328.4  319.2
  700.0   3165   14.6   -8.4     20   2.91    215      4  318.6  328.4  319.2
  687.0   3322   13.1   -8.3     22   2.99    215      4  318.6  328.7  319.2
  678.0   3432   12.0   -8.2     23   3.05    175      5  318.7  328.9  319.2
  670.0   3531   11.1   -8.2     25   3.10    185      6  318.7  329.1  319.3
  661.0   3644   10.0   -8.1     27   3.16    180      7  318.7  329.3  319.3
  653.0   3746    9.0   -8.0     29   3.22    193      7  318.7  329.5  319.3
  652.0   3759    8.9   -8.1     29   3.21    195      7  318.7  329.4  319.3
  643.0   3873    7.8   -8.7     30   3.11    175      9  318.7  329.1  319.3
  635.0   3977    6.8   -9.2     31   3.01    162      8  318.7  328.9  319.3
  634.0   3990    6.7   -9.3     31   2.99    160      8  318.8  328.8  319.3
  625.0   4106    5.7  -10.6     30   2.74    175      6  318.9  328.2  319.4
  618.0   4198    4.9  -11.6     29   2.56    190     10  319.0  327.7  319.5
  609.0   4317    3.8  -12.9     28   2.35    190     11  319.1  327.1  319.6
  597.0   4479    2.4  -14.6     27   2.08    194     14  319.3  326.4  319.7
  595.0   4506    2.1  -14.6     28   2.08    195     15  319.3  326.4  319.7
  589.0   4588    1.3  -14.7     29   2.09    185     16  319.3  326.4  319.7
  582.0   4684    0.3  -14.8     31   2.10    190     14  319.2  326.4  319.6
  581.0   4698    0.2  -14.8     31   2.10    193     14  319.2  326.4  319.6
  577.0   4753   -0.3  -16.3     29   1.87    205     16  319.3  325.7  319.6
  572.0   4822   -1.0  -16.5     30   1.85    195     17  319.3  325.7  319.6
  567.0   4892   -1.6  -16.7     31   1.84    190     17  319.3  325.7  319.7
  554.0   5076   -3.4  -17.2     34   1.80    200     24  319.3  325.6  319.7
  548.0   5162   -4.2  -17.4     35   1.79    185     20  319.4  325.6  319.7
  536.0   5337   -5.9  -17.9     38   1.75    199     22  319.4  325.5  319.7
  526.0   5484   -6.5  -20.5     32   1.43    212     24  320.4  325.4  320.6
  516.0   5634   -6.7  -27.7     17   0.77    224     26  321.9  324.7  322.1
  500.0   5880   -7.3  -53.3      1   0.05    245     29  324.1  324.3  324.1
  499.0   5896   -7.5  -53.5      1   0.05    245     29  324.0  324.2  324.0
  495.0   5958   -8.0  -53.3      1   0.05    245     31  324.2  324.4  324.2
  484.0   6132   -9.3  -52.8      2   0.06    245     29  324.6  324.9  324.6
  481.0   6180   -9.7  -52.7      2   0.06    240     31  324.7  325.0  324.7
  479.0   6212  -10.1  -50.1      2   0.08    240     31  324.6  325.0  324.6
  476.0   6260  -10.3  -51.3      2   0.07    240     30  324.9  325.3  325.0
  473.0   6308  -10.7  -51.2      2   0.07    240     30  325.0  325.3  325.0
  470.0   6357  -11.2  -51.0      2   0.07    240     30  325.1  325.4  325.1
  461.0   6504  -12.5  -50.6      3   0.08    240     32  325.2  325.6  325.2
  445.0   6773  -14.9  -49.9      3   0.09    240     35  325.5  325.9  325.5
  442.0   6824  -15.3  -51.1      3   0.08    240     36  325.6  325.9  325.6
  428.0   7066  -17.1  -57.1      2   0.04    247     33  326.3  326.5  326.3
  424.0   7136  -17.3  -57.3      2   0.04    249     32  326.9  327.1  326.9
  422.0   7172  -17.5  -57.4      2   0.04    250     32  327.1  327.3  327.1
  402.0   7533  -19.7  -58.7      2   0.03    250     33  328.8  329.0  328.8
  400.0   7570  -20.1  -59.1      2   0.03    250     33  328.8  328.9  328.8
  399.0   7589  -20.3  -59.3      2   0.03    250     34  328.8  328.9  328.8
  388.0   7795  -21.9  -59.9      2   0.03    250     35  329.3  329.4  329.3
  379.0   7967  -23.3  -61.3      2   0.03    250     36  329.7  329.8  329.7
  374.0   8063  -24.0  -61.8      2   0.03    250     36  329.9  330.1  329.9
  366.0   8220  -25.2  -62.6      2   0.02    250     35  330.4  330.5  330.4
  359.0   8360  -26.3  -63.3      2   0.02    250     36  330.8  330.9  330.8
  357.0   8401  -26.7  -63.7      2   0.02    250     36  330.8  330.9  330.8
  354.0   8461  -27.1  -64.1      2   0.02    250     36  331.0  331.1  331.0
  349.0   8564  -27.9  -64.9      2   0.02    250     37  331.3  331.4  331.3
  348.0   8584  -28.1  -65.1      2   0.02    250     37  331.3  331.4  331.3
  338.0   8792  -29.7  -66.0      2   0.02    250     33  331.9  332.0  331.9
  334.0   8877  -30.3  -66.3      2   0.02    248     33  332.2  332.3  332.2
  328.0   9005  -31.4  -66.7      2   0.01    245     34  332.5  332.5  332.5
  325.0   9071  -31.9  -66.9      2   0.01    245     34  332.6  332.7  332.6
  321.0   9158  -32.5  -67.5      2   0.01    245     35  332.9  333.0  332.9
  320.0   9180  -32.7  -67.7      2   0.01    245     35  333.0  333.0  333.0
  310.0   9401  -34.6  -64.2      3   0.02    250     37  333.4  333.5  333.4
  300.0   9630  -36.5  -60.5      7   0.04    245     37  333.8  334.0  333.8
  299.0   9653  -36.7  -60.7      7   0.04    245     37  333.9  334.0  333.9
  298.0   9676  -36.9  -61.4      6   0.03    245     37  333.9  334.1  333.9
  288.0   9912  -38.5  -68.5      3   0.01    247     40  334.9  334.9  334.9
  273.0  10274  -41.1  -68.7      3   0.01    250     44  336.3  336.4  336.3
  251.0  10843  -45.1  -69.1      5   0.01    245     52  338.5  338.6  338.5
  250.0  10870  -45.1  -68.1      6   0.02    245     52  338.9  339.0  338.9
  244.0  11032  -46.0  -69.0      6   0.01    245     56  339.9  340.0  339.9
  242.0  11086  -46.3  -69.3      6   0.01    245     56  340.2  340.3  340.2
  235.0  11281  -46.9  -69.9      6   0.01    245     54  342.1  342.2  342.1
  232.0  11366  -47.2  -70.2      5   0.01    250     57  343.0  343.0  343.0
  229.0  11452  -47.5  -70.5      5   0.01    250     55  343.8  343.9  343.8
  227.0  11510  -47.6  -71.1      5   0.01    250     53  344.5  344.6  344.5
  225.0  11568  -47.7  -71.7      5   0.01    249     55  345.3  345.3  345.3
  215.0  11867  -49.2  -69.0      8   0.02    245     65  347.4  347.5  347.5
  213.0  11928  -49.5  -68.5      9   0.02    245     65  347.9  348.0  347.9
  212.0  11959  -49.6  -68.6      9   0.02    245     65  348.2  348.2  348.2
  210.0  12021  -49.9  -68.9      9   0.02    247     63  348.7  348.8  348.7
  207.0  12115  -49.6  -69.6      8   0.02    250     61  350.6  350.7  350.6
  204.0  12210  -49.3  -70.3      7   0.01    250     61  352.5  352.6  352.5
  200.0  12340  -49.5  -72.5      5   0.01    250     60  354.2  354.3  354.2
  198.0  12406  -49.6  -74.3      4   0.01    250     59  355.1  355.1  355.1
  192.0  12608  -49.9  -79.9      2   0.00    247     64  357.7  357.8  357.7
  189.0  12711  -50.3  -79.9      2   0.00    245     67  358.7  358.7  358.7
  185.0  12850  -50.9  -79.9      2   0.00    245     64  359.9  359.9  359.9
  184.0  12886  -50.8  -79.9      2   0.00    245     63  360.7  360.7  360.7
  180.0  13029  -50.2  -79.9      2   0.00    245     68  363.9  363.9  363.9
  178.0  13103  -49.9  -79.9      2   0.00    245     67  365.6  365.6  365.6
  176.0  13177  -49.9  -79.9      2   0.00    245     65  366.7  366.8  366.7
  175.0  13214  -49.9  -79.9      2   0.00    245     65  367.3  367.4  367.3
  172.0  13326  -50.6  -80.3      2   0.00    245     67  368.0  368.0  368.0
  167.0  13517  -51.8  -81.0      2   0.00    250     65  369.2  369.2  369.2
  163.0  13674  -52.7  -81.5      2   0.00    250     70  370.1  370.1  370.1
  160.0  13795  -53.5  -81.9      2   0.00    250     69  370.8  370.8  370.8
  157.0  13918  -54.2  -82.4      2   0.00    250     66  371.5  371.6  371.5
  156.0  13959  -54.5  -82.5      2   0.00    250     66  371.8  371.8  371.8
  155.0  14000  -54.7  -82.7      2   0.00    250     66  372.1  372.1  372.1
  153.0  14083  -55.1  -83.1      2   0.00    252     64  372.8  372.8  372.8
  150.0  14210  -55.5  -83.5      2   0.00    255     62  374.2  374.3  374.2
  143.0  14512  -57.4  -84.8      2   0.00    260     52  376.0  376.0  376.0
  140.0  14647  -58.3  -85.3      2   0.00    257     48  376.8  376.8  376.8
  134.0  14921  -59.8  -86.8      2   0.00    250     39  378.9  378.9  378.9
  132.0  15015  -60.3  -87.3      2   0.00    244     41  379.6  379.6  379.6
  131.0  15062  -60.3  -87.3      2   0.00    241     42  380.4  380.4  380.4
  124.0  15404  -61.1  -87.1      2   0.00    220     49  385.0  385.0  385.0
  123.0  15454  -61.2  -87.2      2   0.00    220     52  385.6  385.6  385.6
  120.0  15607  -61.7  -87.7      2   0.00    225     48  387.5  387.5  387.5
  118.0  15711  -62.3  -88.3      2   0.00    228     45  388.3  388.3  388.3
  116.0  15816  -62.5  -88.5      2   0.00    232     42  389.8  389.8  389.8
  114.0  15923  -62.3  -88.3      2   0.00    235     39  392.1  392.1  392.1
  112.0  16032  -62.7  -88.4      2   0.00    235     41  393.4  393.4  393.4
  108.0  16256  -63.5  -88.5      2   0.00    240     38  396.0  396.0  396.0
  107.0  16313  -63.5  -88.5      2   0.00    245     37  397.0  397.0  397.0
  106.0  16371  -63.1  -88.4      2   0.00    250     36  398.8  398.9  398.8
  104.0  16488  -62.3  -88.3      2   0.00    260     34  402.6  402.6  402.6
  103.0  16548  -62.3  -88.3      2   0.00    265     33  403.7  403.7  403.7
  102.0  16608  -62.3  -87.3      2   0.00    270     32  404.8  404.8  404.8
  101.0  16669  -62.4  -87.9      2   0.00    275     31  405.7  405.8  405.7
  100.0  16730  -62.5  -88.5      2   0.00    275     27  406.7  406.7  406.7
   99.4  16767  -62.5  -87.5      2   0.00    272     26  407.4  407.4  407.4
   96.9  16924  -62.3  -88.3      2   0.00    257     19  410.8  410.8  410.8
   94.3  17092  -62.5  -87.5      2   0.00    242     13  413.6  413.6  413.6
   94.0  17111  -62.6  -87.6      2   0.00    240     12  413.8  413.9  413.8
   92.2  17230  -62.9  -87.9      2   0.00    240     15  415.5  415.5  415.5
   92.0  17244  -62.9  -87.9      2   0.00    240     15  415.6  415.7  415.6
   89.0  17447  -63.4  -88.4      2   0.00    245     22  418.6  418.6  418.6
   88.0  17517  -63.6  -88.6      2   0.00    240     23  419.6  419.6  419.6
   87.5  17552  -63.7  -88.7      2   0.00    242     24  420.1  420.1  420.1
   86.6  17615  -63.9  -88.9      2   0.00    247     26  420.9  421.0  420.9
   85.0  17729  -63.6  -88.6      2   0.00    255     29  423.9  423.9  423.9
   79.4  18148  -62.3  -87.3      2   0.00    329      5  434.8  434.8  434.8
   79.0  18179  -62.2  -87.3      2   0.00    335      3  435.6  435.6  435.6
   78.0  18258  -62.0  -87.5      2   0.00    185      3  437.6  437.6  437.6
   76.2  18402  -61.7  -87.7      2   0.00    214      9  441.2  441.2  441.2
   74.0  18584  -60.7  -86.7      2   0.00    250     17  447.1  447.1  447.1
   72.4  18720  -59.9  -85.9      2   0.00    268     12  451.5  451.6  451.5
   71.0  18842  -60.0  -86.0      2   0.00    285      7  453.8  453.8  453.8
   70.2  18912  -60.1  -86.1      2   0.00    277      5  455.1  455.1  455.1
   70.0  18930  -60.1  -86.1      2   0.00    275      4  455.5  455.5  455.5
   69.5  18975  -60.1  -86.1      2   0.00    253      5  456.4  456.4  456.4
   69.0  19020  -60.1  -86.1      2   0.00    230      5  457.3  457.4  457.3
   68.8  19038  -60.1  -86.1      2   0.00    227      5  457.7  457.7  457.7
   68.0  19111  -59.9  -85.9      2   0.00    215      3  459.7  459.7  459.7
   65.0  19394  -59.1  -85.1      2   0.00    205     10  467.4  467.4  467.4
   63.0  19591  -58.6  -84.6      2   0.00    210     16  472.8  472.8  472.8
   61.0  19793  -58.0  -84.0      2   0.01    255     10  478.4  478.5  478.4
   60.0  19897  -57.7  -83.7      2   0.01    245     11  481.3  481.4  481.3
   59.0  20003  -57.8  -83.8      2   0.01    235     11  483.5  483.5  483.5
   58.0  20111  -57.9  -83.9      2   0.01    235     12  485.6  485.7  485.6
   57.6  20154  -57.9  -83.9      2   0.01    233     11  486.5  486.6  486.5
   57.0  20220  -57.7  -83.7      2   0.01    230     10  488.4  488.4  488.4
   56.0  20332  -57.5  -83.5      2   0.01    230      9  491.5  491.5  491.5
   55.0  20446  -57.2  -83.2      2   0.01    230     11  494.7  494.7  494.7
   54.1  20550  -56.9  -82.9      2   0.01    248      9  497.6  497.7  497.6
   53.0  20681  -56.5  -82.5      2   0.01    270      6  501.5  501.6  501.5
   52.5  20741  -56.3  -82.3      2   0.01    330      4  503.3  503.4  503.3
   52.0  20801  -56.5  -82.5      2   0.01     30      2  504.3  504.4  504.3
   51.0  20924  -56.8  -82.8      2   0.01      0      0  506.4  506.4  506.4
   50.0  21050  -57.1  -83.1      2   0.01     75      2  508.5  508.6  508.5
   49.1  21165  -57.3  -83.3      2   0.01     57      7  510.7  510.7  510.7
   49.0  21178  -57.3  -83.3      2   0.01     55      8  510.9  511.0  510.9
   48.0  21308  -57.4  -83.4      2   0.01     65     10  513.6  513.7  513.6
   47.5  21374  -57.5  -83.5      2   0.01     54      9  515.0  515.1  515.0
   46.5  21508  -57.5  -83.5      2   0.01     31      6  518.2  518.2  518.2
   46.0  21577  -57.2  -83.2      2   0.01     20      5  520.4  520.4  520.4
   45.0  21716  -56.8  -82.8      2   0.01     50     11  524.9  524.9  524.9
   44.5  21786  -56.5  -82.5      2   0.01     59     12  527.2  527.2  527.2
   43.5  21931  -56.3  -82.3      2   0.01     77     15  531.1  531.2  531.1
   42.0  22154  -55.7  -81.7      3   0.01    105     20  538.0  538.1  538.0
   41.0  22307  -55.2  -81.2      3   0.01    110     18  542.8  542.9  542.8
   40.7  22354  -55.1  -81.1      3   0.01    104     17  544.3  544.4  544.3
   40.0  22464  -55.4  -81.2      3   0.01     90     16  546.2  546.3  546.2
   39.0  22625  -55.9  -81.2      3   0.01     80     16  549.1  549.2  549.1
   38.0  22791  -56.3  -81.3      3   0.01    100     20  552.0  552.1  552.0
   37.2  22926  -56.1  -81.1      3   0.02    100     20  555.9  556.0  555.9
   37.0  22960  -56.0  -81.2      3   0.02    100     20  556.9  557.0  556.9
   36.0  23134  -55.7  -81.4      3   0.01     85     14  562.2  562.3  562.2
   35.5  23223  -55.5  -81.5      3   0.01     80     14  564.9  565.0  564.9
   35.0  23314  -55.4  -81.3      3   0.02     75     14  567.6  567.7  567.6
   34.0  23499  -55.0  -81.0      3   0.02    100     26  573.2  573.3  573.2
   33.6  23574  -54.9  -80.9      3   0.02    104     24  575.4  575.6  575.5
   33.0  23690  -54.6  -80.7      3   0.02    110     20  579.1  579.2  579.1
   32.0  23886  -54.2  -80.2      3   0.02     95     16  585.3  585.5  585.3
   31.7  23947  -54.1  -80.1      3   0.02     98     17  587.2  587.4  587.2
   31.3  24028  -54.1  -80.1      3   0.02    102     19  589.4  589.5  589.4
   30.0  24300  -54.3  -80.3      3   0.02    115     25  596.0  596.2  596.0
   29.9  24321  -54.3  -80.3      3   0.02    115     25  596.6  596.8  596.6
   29.0  24517  -54.1  -80.1      3   0.02    120     20  602.4  602.6  602.4
   28.2  24696  -53.9  -79.9      3   0.02    112     19  607.8  608.0  607.8
   27.0  24976  -52.4  -78.9      3   0.03    100     17  619.6  619.8  619.6
   26.0  25219  -51.1  -78.0      3   0.04     90     25  630.0  630.3  630.0
   25.7  25294  -50.7  -77.7      3   0.04     91     26  633.2  633.5  633.2
   25.0  25473  -50.4  -76.6      3   0.05     95     28  639.1  639.5  639.1
   24.8  25526  -50.3  -76.3      3   0.05     95     28  640.8  641.3  640.9
   24.0  25739  -50.5  -76.5      3   0.05     95     27  646.3  646.8  646.4
   23.9  25766  -50.5  -76.5      3   0.05     96     26  647.0  647.5  647.1
   23.6  25848  -50.5  -76.5      3   0.05    101     25  649.4  649.9  649.4
   23.0  26016  -50.0  -76.4      3   0.05    110     21  655.6  656.1  655.6
   22.0  26306  -49.2  -76.1      3   0.06     85     29  666.5  667.0  666.5
   21.9  26335  -49.1  -76.1      3   0.06     85     28  667.6  668.1  667.6
   21.0  26610  -48.7  -75.7      3   0.06     90     21  676.8  677.4  676.8
   20.0  26930  -48.3  -75.3      3   0.07     85     29  687.6  688.3  687.6
   19.1  27234  -47.9  -73.9      3   0.09     94     18  697.9  698.8  698.0
   19.0  27269  -47.9  -73.9      3   0.09     95     17  699.1  700.0  699.1
   18.0  27626  -47.5  -74.0      3   0.09     85     22  711.3  712.2  711.3
   17.2  27927  -47.1  -74.1      3   0.10     81     24  721.7  722.7  721.7
   17.0  28005  -47.0  -74.0      3   0.10     80     25  724.5  725.5  724.5
   16.0  28408  -46.3  -73.3      3   0.12     90     34  739.4  740.6  739.4
   15.0  28838  -45.6  -72.6      3   0.14     80     27  755.5  757.0  755.6
   14.9  28882  -45.5  -72.5      3   0.14     82     28  757.2  758.7  757.3
   14.1  29251  -44.3  -71.3      3   0.18     98     37  773.3  775.3  773.4
   14.0  29299  -44.2  -71.2      3   0.18    100     38  775.2  777.2  775.3
   13.2  29695  -43.3  -70.3      4   0.22    100     46  791.5  793.9  791.6
   13.0  29798  -43.0  -70.2      3   0.23    100     48  795.8  798.3  795.9
   12.1  30283  -41.9  -69.9      3   0.26     87     42  816.3  819.2  816.4
   12.0  30340  -41.7  -69.7      3   0.26     85     41  818.8  821.8  818.9
   11.6  30570  -41.1  -69.1      3   0.30     95     41  829.1  832.5  829.2
   11.0  30934  -39.0  -67.8      3   0.38    110     41  849.3  853.8  849.5
   10.8  31059  -38.3  -67.3      3   0.41    109     40  856.4  861.3  856.6
   10.0  31590  -37.7  -66.7      3   0.48    105     38  877.7  883.5  877.9
    9.6  31872  -37.5  -66.5      3   0.52     99     40  888.7  895.1  889.0
    9.0  32320  -36.1  -65.5      3   0.63     90     42  910.6  918.5  911.0
    8.2  32967  -34.1  -64.1      3   0.84     86     45  943.1  953.9  943.5
    8.1  33053  -34.1  -64.1      3   0.85     86     46  946.4  957.4  946.9
    8.0  33140  -34.3  -64.3      3   0.84     85     46  949.0  959.8  949.4
    7.9  33228  -34.5  -64.5      3   0.83                951.6  962.3  952.0