-----------------------------------------------------------------------------
   PRES   HGHT   TEMP   DWPT   RELH   MIXR   DRCT   SKNT   THTA   THTE   THTV
    hPa     m      C      C      %    g/kg    deg   knot     K      K      K 
-----------------------------------------------------------------------------
 1000.0     16                                                               
  925.0    730                                                               
  870.0   1289   32.6    1.6     14   4.96    330      8  318.2  334.4  319.1
  866.0   1329   31.2   -2.8     11   3.61    332     12  317.1  329.1  317.8
  862.0   1369   30.6   -2.7     11   3.65    335     17  316.9  329.0  317.6
  850.0   1491   28.6   -2.4     13   3.79    330     15  316.1  328.6  316.8
  849.0   1501   28.5   -2.4     13   3.79    330     15  316.1  328.6  316.8
  841.0   1584   27.9   -2.5     14   3.80    340     15  316.3  328.8  317.0
  821.0   1795   26.2   -2.7     15   3.83    345     16  316.7  329.3  317.4
  810.0   1914   25.2   -2.8     15   3.85    345     17  316.9  329.6  317.6
  796.0   2067   24.0   -3.0     16   3.87    349     13  317.2  330.0  317.9
  793.0   2099   23.7   -3.1     17   3.85    350     12  317.2  329.9  317.9
  761.0   2451   20.4   -4.2     19   3.70    285      6  317.3  329.6  318.0
  752.0   2553   19.4   -4.5     19   3.66    295      7  317.4  329.5  318.1
  742.0   2667   18.3   -4.9     20   3.61    290      8  317.4  329.4  318.1
  705.0   3104   14.2   -6.2     24   3.43    245     12  317.5  328.9  318.2
  700.0   3165   13.6   -6.4     24   3.40    240     12  317.5  328.8  318.2
  696.0   3213   13.2   -6.6     25   3.37    245     13  317.5  328.8  318.2
  689.0   3297   12.4   -7.0     25   3.31    260     12  317.6  328.6  318.2
  675.0   3468   10.8   -7.7     27   3.19    235     16  317.7  328.4  318.3
  667.0   3567    9.9   -8.1     27   3.12    235     15  317.7  328.2  318.3
  661.0   3642    9.2   -8.4     28   3.07    240     14  317.8  328.1  318.4
  651.0   3769    8.0   -9.0     29   2.99    237     16  317.8  327.9  318.4
  645.0   3845    7.3   -9.1     30   2.99    235     18  317.9  327.9  318.4
  641.0   3896    6.8   -9.2     31   2.99    235     19  317.9  327.9  318.5
  639.0   3921    6.6   -9.3     31   2.98    235     20  317.9  327.9  318.5
  618.0   4190    4.0   -9.9     35   2.92    230     18  318.0  327.9  318.6
  612.0   4268    3.3  -10.1     37   2.91    230     18  318.1  327.9  318.6
  590.0   4562    0.5  -10.9     42   2.84    215     19  318.2  327.8  318.8
  583.0   4658   -0.4  -11.1     44   2.82    220     17  318.2  327.8  318.8
  576.0   4756   -1.3  -11.3     46   2.80    220     18  318.3  327.7  318.8
  570.0   4840   -2.1  -11.6     48   2.78    220     18  318.3  327.7  318.8
  557.0   5025   -3.8  -12.0     53   2.74    225     20  318.3  327.6  318.9
  555.0   5054   -4.1  -12.1     54   2.74    225     20  318.3  327.6  318.9
  551.0   5111   -4.4  -14.2     46   2.33    225     19  318.7  326.6  319.1
  545.0   5197   -4.8  -17.4     37   1.81    225     24  319.2  325.5  319.6
  533.0   5371   -5.5  -23.8     22   1.06    235     29  320.3  324.1  320.5
  519.0   5580   -6.5  -31.5     12   0.53    247     34  321.6  323.6  321.7
  509.0   5731   -7.2  -39.0      6   0.26    255     37  322.5  323.5  322.6
  502.0   5839   -7.8  -44.4      3   0.15    255     36  323.2  323.8  323.2
  500.0   5870   -7.9  -45.9      3   0.13    255     36  323.3  323.9  323.4
  493.0   5980   -8.7  -47.7      3   0.10    255     36  323.7  324.1  323.7
  489.0   6043   -9.2  -44.6      4   0.15    255     36  323.8  324.4  323.8
  463.0   6464  -12.6  -23.5     40   1.25    260     34  324.6  329.1  324.9
  458.0   6548  -13.3  -19.3     61   1.82    261     36  324.8  331.2  325.2
  450.0   6683  -14.1  -22.1     51   1.45    264     39  325.4  330.6  325.7
  445.0   6767  -14.8  -21.6     56   1.54    265     41  325.6  331.1  325.9
  439.0   6870  -15.6  -20.9     64   1.66    265     40  325.9  331.8  326.2
  431.0   7010  -16.7  -20.0     76   1.82    265     40  326.2  332.6  326.5
  423.0   7151  -17.7  -22.6     65   1.48    265     39  326.7  332.0  327.0
  418.0   7240  -18.3  -24.3     59   1.29    265     39  327.0  331.7  327.2
  414.0   7313  -18.1  -31.3     31   0.68    270     42  328.1  330.6  328.2
  413.0   7331  -18.1  -33.1     26   0.57    269     42  328.4  330.6  328.5
  407.0   7440  -18.7  -37.7     17   0.37    265     40  329.0  330.4  329.0
  401.0   7551  -19.3  -42.3     11   0.23    265     42  329.6  330.5  329.6
  400.0   7570  -19.3  -42.3     11   0.23    265     42  329.8  330.8  329.9
  396.0   7644  -19.9  -41.3     13   0.26    270     42  329.9  331.0  330.0
  395.0   7663  -20.1  -41.1     14   0.27    269     42  330.0  331.0  330.0
  392.0   7719  -20.5  -41.5     13   0.26    268     42  330.2  331.2  330.2
  389.0   7776  -20.9  -40.9     15   0.28    266     41  330.4  331.5  330.4
  387.0   7813  -21.2  -41.0     15   0.28    265     41  330.4  331.6  330.5
  379.0   7966  -22.4  -41.2     16   0.27    265     41  330.8  331.9  330.9
  372.0   8103  -23.5  -41.5     18   0.27    265     41  331.2  332.2  331.2
  370.0   8142  -23.9  -41.9     17   0.26    265     41  331.2  332.3  331.2
  363.0   8281  -25.1  -43.1     17   0.23    265     42  331.3  332.3  331.4
  357.0   8400  -26.0  -43.8     17   0.22    265     43  331.7  332.6  331.7
  342.0   8709  -28.4  -45.5     18   0.19    260     41  332.6  333.4  332.6
  340.0   8751  -28.7  -45.7     18   0.19    260     42  332.7  333.5  332.7
  332.0   8919  -30.1  -46.5     19   0.18    260     45  333.1  333.8  333.1
  323.0   9113  -31.7  -47.5     19   0.16    260     45  333.5  334.2  333.5
  312.0   9357  -33.7  -48.7     21   0.15    262     46  334.0  334.6  334.0
  310.0   9402  -33.9  -48.9     21   0.14    263     46  334.3  334.9  334.4
  301.0   9607  -35.2  -51.1     18   0.12    265     47  335.4  335.9  335.4
  300.0   9630  -35.3  -51.3     18   0.11    265     47  335.5  336.0  335.5
  298.0   9677  -35.6  -51.6     18   0.11    270     46  335.8  336.2  335.8
  291.0   9842  -36.5  -52.5     18   0.10    268     44  336.7  337.2  336.8
  276.0  10206  -39.2  -52.4     23   0.11    265     39  337.9  338.4  338.0
  265.0  10486  -41.3  -52.3     29   0.11    275     44  338.8  339.3  338.9
  260.0  10615  -42.1  -53.1     29   0.11    273     44  339.5  340.0  339.5
  251.0  10853  -44.1  -55.1     28   0.09    270     44  340.0  340.4  340.0
  250.0  10880  -44.3  -55.3     28   0.08    270     44  340.1  340.4  340.1
  242.0  11097  -46.1  -56.1     31   0.08    273     45  340.5  340.9  340.6
  238.0  11207  -46.9  -57.7     28   0.07    275     46  341.0  341.3  341.0
  237.0  11235  -47.1  -58.1     27   0.06    276     46  341.1  341.4  341.1
  231.0  11404  -48.5  -58.5     30   0.06    279     47  341.4  341.7  341.5
  227.0  11519  -49.3  -60.3     26   0.05    281     48  341.9  342.2  341.9
  222.0  11665  -50.5  -60.5     30   0.05    284     49  342.3  342.5  342.3
  220.0  11723  -50.8  -61.0     29   0.05    285     49  342.8  343.0  342.8
  218.0  11782  -51.0  -61.5     27   0.04    285     49  343.2  343.5  343.3
  209.0  12055  -52.2  -64.0     23   0.03    270     42  345.5  345.7  345.5
  200.0  12340  -53.5  -66.5     19   0.02    260     50  347.9  348.0  347.9
  196.0  12470  -54.5  -67.5     19   0.02    264     52  348.3  348.4  348.3
  191.0  12635  -55.2  -68.2     18   0.02    270     55  349.7  349.8  349.7
  188.0  12736  -55.7  -68.7     18   0.02    270     54  350.5  350.6  350.6
  186.0  12804  -55.7  -68.7     18   0.02    270     53  351.6  351.7  351.6
  185.0  12838  -55.7  -69.0     18   0.02    270     53  352.1  352.2  352.1
  176.0  13155  -56.2  -71.5     13   0.01    260     57  356.5  356.5  356.5
  173.0  13264  -56.3  -72.3     12   0.01    261     59  358.0  358.1  358.0
  170.0  13375  -56.1  -72.1     12   0.01    263     61  360.1  360.2  360.1
  166.0  13526  -56.5  -73.8     10   0.01    265     64  361.9  362.0  361.9
  164.0  13603  -56.7  -74.7      9   0.01    265     63  362.8  362.9  362.8
  161.0  13720  -56.1  -75.6      7   0.01    265     62  365.7  365.8  365.7
  159.0  13800  -55.7  -76.2      6   0.01    265     58  367.7  367.8  367.7
  158.0  13840  -55.5  -76.5      6   0.01    263     59  368.7  368.8  368.7
  157.0  13880  -55.6  -77.1      5   0.01    260     59  369.2  369.2  369.2
  155.0  13962  -55.9  -78.4      4   0.01    260     61  370.0  370.0  370.0
  153.0  14044  -56.2  -79.7      4   0.00    265     59  370.9  370.9  370.9
  150.0  14170  -56.7  -81.7      3   0.00    260     59  372.2  372.2  372.2
  147.0  14298  -57.3  -85.3      2   0.00    260     58  373.3  373.3  373.3
  145.0  14384  -57.5  -85.5      2   0.00    260     57  374.4  374.4  374.4
  143.0  14472  -57.7  -84.7      2   0.00    260     56  375.6  375.6  375.6
  142.0  14516  -57.7  -84.7      2   0.00    260     56  376.3  376.3  376.3
  141.0  14561  -57.7  -84.7      2   0.00    260     55  377.1  377.1  377.1
  138.0  14696  -57.7  -84.7      2   0.00    263     51  379.4  379.4  379.4
  136.0  14788  -57.8  -84.8      2   0.00    265     49  380.8  380.8  380.8
  135.0  14835  -57.9  -84.9      2   0.00    265     51  381.4  381.4  381.4
  134.0  14882  -57.8  -85.0      2   0.00    265     52  382.4  382.4  382.4
  133.0  14929  -57.8  -85.1      2   0.00    265     48  383.3  383.3  383.3
  129.0  15121  -57.5  -85.5      2   0.00    259     42  387.1  387.1  387.1
  128.0  15170  -57.5  -85.5      2   0.00    258     40  388.0  388.0  388.0
  126.0  15268  -58.0  -85.8      2   0.00    255     37  388.9  388.9  388.9
  122.0  15468  -59.0  -86.4      2   0.00    250     39  390.6  390.6  390.6
  118.0  15675  -60.0  -87.0      2   0.00    240     40  392.4  392.5  392.4
  113.0  15943  -61.4  -87.8      2   0.00    250     38  394.8  394.8  394.8
  111.0  16054  -62.0  -88.2      2   0.00    250     37  395.8  395.8  395.8
  108.0  16224  -62.8  -88.7      2   0.00    245     39  397.3  397.3  397.3
  101.0  16639  -64.9  -89.9      2   0.00    260     43  400.9  400.9  400.9
  100.0  16700  -65.1  -90.1      2   0.00    265     42  401.7  401.7  401.7
   99.1  16755  -65.1  -90.1      2   0.00    268     40  402.7  402.7  402.7
   97.0  16887  -63.8  -89.1      2   0.00    275     36  407.8  407.8  407.8
   95.0  17015  -62.5  -88.2      2   0.00    270     29  412.7  412.8  412.7
   93.5  17112  -61.5  -87.5      2   0.00    275     24  416.6  416.6  416.6
   90.8  17294  -60.3  -86.3      2   0.00    284     16  422.4  422.5  422.4
   89.0  17419  -60.7  -86.7      2   0.00    290     10  424.1  424.1  424.1
   88.1  17482  -60.9  -86.9      2   0.00    254      7  424.9  424.9  424.9
   87.0  17560  -61.2  -87.0      2   0.00    210      3  425.9  425.9  425.9
   85.0  17704  -61.7  -87.0      2   0.00    165      5  427.7  427.7  427.7
   83.4  17822  -62.1  -87.1      2   0.00    171     10  429.2  429.2  429.2
   81.9  17934  -62.3  -88.3      2   0.00    178     15  431.0  431.0  431.0
   80.9  18010  -62.1  -88.1      2   0.00    182     18  432.9  432.9  432.9
   79.0  18157  -61.0  -87.0      2   0.00    190     24  438.2  438.2  438.2
   77.2  18300  -59.9  -85.9      2   0.00    214     21  443.3  443.3  443.3
   73.7  18590  -60.3  -85.3      2   0.00    262     14  448.4  448.4  448.4
   71.0  18822  -60.9  -86.9      2   0.00    300      9  451.9  451.9  451.9
   70.0  18910  -60.7  -86.7      2   0.00    285      9  454.2  454.2  454.2
   69.3  18972  -60.5  -86.5      2   0.00    247     10  455.9  455.9  455.9
   69.0  18999  -60.4  -86.4      2   0.00    230     10  456.7  456.8  456.7
   66.8  19201  -59.5  -85.5      2   0.00    256     13  462.9  462.9  462.9
   65.4  19334  -59.7  -85.7      2   0.00    273     16  465.3  465.3  465.3
   65.2  19353  -59.7  -85.7      2   0.00    275     16  465.7  465.7  465.7
   64.0  19469  -59.4  -85.4      2   0.00    290     18  468.9  468.9  468.9
   63.8  19488  -59.3  -85.3      2   0.00    294     18  469.4  469.5  469.4
   61.9  19678  -58.7  -84.7      2   0.00    335     17  474.9  474.9  474.9
   61.0  19769  -58.8  -84.8      2   0.00    355     17  476.5  476.6  476.5
   60.6  19811  -58.9  -84.9      2   0.00    357     17  477.3  477.3  477.3
   60.0  19873  -58.8  -84.8      2   0.01      0     16  478.9  479.0  478.9
   59.7  19904  -58.7  -84.7      2   0.01      4     15  479.8  479.8  479.8
   59.0  19978  -58.5  -84.5      2   0.01     15     14  481.8  481.8  481.8
   58.1  20075  -58.3  -84.3      2   0.01     28     15  484.4  484.5  484.4
   58.0  20086  -58.3  -84.3      2   0.01     30     15  484.7  484.7  484.7
   57.3  20162  -58.3  -84.3      2   0.01     33     14  486.4  486.4  486.4
   56.0  20306  -58.0  -84.0      2   0.01     40     12  490.2  490.3  490.2
   53.9  20547  -57.5  -83.5      2   0.01     75     16  496.8  496.8  496.8
   53.1  20641  -57.7  -83.7      2   0.01     88     18  498.4  498.5  498.4
   53.0  20653  -57.7  -83.7      2   0.01     90     18  498.7  498.7  498.7
   51.7  20809  -57.9  -83.9      2   0.01    116     12  501.8  501.8  501.8
   51.0  20895  -57.7  -83.7      2   0.01    130      8  504.1  504.2  504.1
   50.9  20908  -57.7  -83.7      2   0.01    126      8  504.5  504.6  504.5
   50.0  21020  -57.3  -83.3      2   0.01     90      7  508.0  508.1  508.0
   49.0  21148  -56.9  -82.9      2   0.01     90     12  511.9  511.9  511.9
   48.0  21279  -56.5  -82.5      2   0.01     70     10  515.8  515.9  515.8
   47.9  21292  -56.5  -82.5      2   0.01     72     10  516.2  516.3  516.2
   47.0  21413  -56.3  -82.3      2   0.01     90     14  519.5  519.5  519.5
   46.0  21550  -56.1  -82.1      2   0.01    115     10  523.2  523.3  523.2
   45.0  21690  -55.8  -81.8      3   0.01    110      5  527.1  527.2  527.1
   42.8  22010  -55.3  -81.3      3   0.01     66     12  536.0  536.1  536.0
   42.2  22100  -55.3  -81.3      3   0.01     54     14  538.2  538.3  538.2
   42.0  22130  -55.4  -81.3      3   0.01     50     15  538.8  538.9  538.8
   41.0  22284  -55.6  -81.6      3   0.01     75     17  541.8  541.9  541.8
   40.7  22331  -55.7  -81.7      3   0.01     75     16  542.8  542.9  542.8
   40.0  22442  -55.8  -81.8      3   0.01     75     15  545.2  545.3  545.2
   39.5  22522  -55.9  -81.9      3   0.01     87     18  546.9  547.0  546.9
   39.0  22603  -55.8  -81.8      3   0.01    100     22  549.2  549.3  549.2
   38.6  22669  -55.7  -81.7      3   0.01    104     20  551.0  551.2  551.1
   38.0  22769  -55.8  -81.8      3   0.01    110     18  553.3  553.4  553.3
   36.0  23113  -56.0  -82.0      2   0.01    105     17  561.2  561.4  561.2
   35.6  23184  -56.1  -82.1      2   0.01    107     17  562.9  563.0  562.9
   35.0  23293  -55.8  -81.8      3   0.01    110     16  566.4  566.5  566.4
   34.0  23478  -55.3  -81.3      3   0.02     85     14  572.4  572.5  572.4
   33.0  23669  -54.8  -80.8      3   0.02     90     26  578.7  578.8  578.7
   32.8  23708  -54.7  -80.7      3   0.02     91     26  580.0  580.1  580.0
   32.0  23866  -54.6  -80.6      3   0.02     95     25  584.4  584.6  584.4
   31.0  24070  -54.4  -80.4      3   0.02     90     28  590.2  590.4  590.2
   30.5  24174  -54.3  -80.3      3   0.02     92     28  593.2  593.4  593.2
   30.0  24280  -54.3  -80.3      3   0.02     95     28  596.0  596.2  596.0
   29.0  24497  -54.6  -79.9      3   0.02     95     30  601.1  601.3  601.1
   28.5  24608  -54.7  -79.7      3   0.02    100     29  603.7  603.9  603.7
   28.0  24722  -54.5  -79.5      3   0.03    105     27  607.3  607.6  607.3
   27.0  24956  -53.7  -79.1      3   0.03     95     21  615.9  616.2  615.9
   26.0  25198  -52.9  -78.8      3   0.03     95     31  624.9  625.2  625.0
   25.8  25248  -52.7  -78.7      3   0.03     95     30  626.8  627.1  626.8
   25.5  25323  -52.5  -78.5      3   0.03     95     29  629.5  629.8  629.5
   25.0  25452  -52.0  -78.0      3   0.04     95     26  634.5  634.8  634.5
   24.9  25478  -51.9  -77.9      3   0.04     94     26  635.5  635.9  635.5
   24.3  25636  -51.7  -77.7      3   0.04     88     27  640.5  640.9  640.5
   24.0  25716  -51.4  -77.7      3   0.04     85     27  643.6  644.0  643.7
   23.1  25965  -50.5  -77.5      3   0.04     98     23  653.4  653.8  653.4
   23.0  25993  -50.4  -77.4      3   0.04    100     23  654.4  654.8  654.4
   22.0  26284  -49.6  -76.6      3   0.05     75     26  665.3  665.8  665.3
   21.9  26314  -49.5  -76.5      3   0.05     75     27  666.4  666.9  666.4
   21.4  26465  -49.1  -76.1      3   0.06     75     31  672.0  672.6  672.0
   21.0  26589  -48.8  -75.8      3   0.06     75     35  676.5  677.1  676.6
   20.1  26877  -48.1  -75.1      3   0.07     88     39  687.2  687.9  687.2
   20.0  26910  -48.1  -75.1      3   0.07     90     40  688.2  688.9  688.2
   19.8  26976  -48.1  -75.1      3   0.07     91     39  690.1  690.9  690.2
   19.0  27250  -47.3  -74.5      3   0.08     95     36  700.9  701.7  700.9
   18.0  27610  -46.2  -73.7      3   0.10     90     35  715.1  716.1  715.2
   17.0  27990  -45.1  -72.8      3   0.12     80     38  730.5  731.8  730.6
   16.0  28393  -43.9  -71.9      3   0.14    100     40  747.2  748.7  747.2
   15.0  28827  -42.8  -70.8      3   0.18     80     31  764.7  766.6  764.8
   14.9  28872  -42.7  -70.7      3   0.19     82     31  766.5  768.5  766.6
   13.6  29486  -43.7  -70.7      3   0.20    107     31  783.4  785.6  783.5
   13.5  29536  -43.7  -70.7      3   0.20    109     31  785.0  787.3  785.1
   13.0  29790  -43.0  -70.3      3   0.22    120     31  796.1  798.6  796.2
   12.2  30219  -41.7  -69.7      3   0.26     96     37  815.1  818.1  815.2
   12.0  30331  -41.6  -69.6      3   0.27     90     39  819.3  822.4  819.4
   11.0  30921  -41.1  -69.1      3   0.32    100     35  841.8  845.5  841.9
   10.0  31570  -39.9  -68.9      3   0.36     90     47  869.5  873.8  869.6
    9.9  31639  -39.7  -68.7      3   0.37     91     46  872.7  877.2  872.9
    9.6  31849  -39.5  -67.5      3   0.45     94     44  881.2  886.7  881.4
    9.4  31993  -39.5  -68.5      3   0.40     96     42  886.5  891.4  886.7
    9.1  32215  -39.7  -67.7      3   0.46     99     40  894.0  899.7  894.2