-----------------------------------------------------------------------------
   PRES   HGHT   TEMP   DWPT   RELH   MIXR   DRCT   SKNT   THTA   THTE   THTV
    hPa     m      C      C      %    g/kg    deg   knot     K      K      K 
-----------------------------------------------------------------------------
 1000.0    102                                                               
  925.0    799                                                               
  875.0   1289   24.8    8.8     36   8.18    160      2  309.5  334.9  311.1
  868.0   1360   26.2   10.2     37   9.08    185      8  311.7  340.0  313.4
  866.0   1380   26.6   10.6     37   9.35    180      8  312.3  341.6  314.1
  862.0   1421   26.5   10.5     37   9.31    170      7  312.6  341.7  314.4
  860.0   1441   26.4   10.4     37   9.29    172      7  312.7  341.8  314.5
  854.0   1503   26.2   10.2     37   9.20    180      8  313.1  342.0  314.9
  850.0   1544   26.0   10.0     37   9.15    175      9  313.4  342.1  315.1
  845.0   1596   25.6    9.6     36   8.95    182     10  313.5  341.6  315.2
  831.0   1742   25.0    8.2     34   8.26    200     13  314.3  340.4  315.9
  826.0   1795   24.7    7.7     34   8.02    200      9  314.6  340.0  316.1
  811.0   1956   24.1    6.1     31   7.33    170      3  315.5  338.9  316.9
  810.0   1967   24.0    6.0     31   7.29    172      3  315.6  338.9  317.0
  804.0   2032   23.4    5.4     31   7.04    186      2  315.6  338.1  317.0
  798.0   2097   22.9    5.2     32   6.99    200      2  315.8  338.1  317.1
  793.0   2151   22.5    5.0     32   6.94    215      1  315.9  338.1  317.2
  784.0   2250   21.8    4.7     33   6.86    150      4  316.1  338.1  317.4
  774.0   2361   20.9    4.3     34   6.77     75      2  316.4  338.1  317.7
  765.0   2463   20.1    4.0     34   6.68    355      3  316.6  338.1  317.9
  761.0   2508   19.8    3.8     35   6.65    344      3  316.7  338.1  318.0
  756.0   2565   19.6    3.3     34   6.46    330      4  317.1  337.9  318.3
  746.0   2679   19.1    2.3     33   6.09      0      2  317.8  337.6  319.0
  743.0   2714   19.0    2.0     32   5.99      9      3  318.0  337.5  319.2
  738.0   2772   18.5    1.8     33   5.93     25      5  318.1  337.3  319.2
  730.0   2865   17.6    1.4     34   5.83     60      7  318.1  337.1  319.3
  726.0   2912   17.2    1.2     34   5.78     62      7  318.2  337.0  319.3
  720.0   2983   16.6    0.9     34   5.70     65      6  318.3  336.9  319.4
  700.0   3222   14.8   -0.2     36   5.42     40     10  318.8  336.6  319.9
  694.0   3293   14.2   -0.5     37   5.36     35     11  318.9  336.5  320.0
  687.0   3376   13.4   -0.8     38   5.30     30      9  319.0  336.4  320.1
  678.0   3485   12.5   -1.1     39   5.21     25     12  319.2  336.3  320.2
  670.0   3583   11.6   -1.5     40   5.14     30     10  319.3  336.2  320.3
  652.0   3807    9.6   -2.3     43   4.97     15     15  319.6  335.9  320.5
  645.0   3896    8.9   -2.6     44   4.91     20     14  319.6  335.8  320.6
  629.0   4103    7.0   -3.4     47   4.76      0     11  319.9  335.6  320.8
  622.0   4195    6.2   -3.7     49   4.69      5     12  320.0  335.5  320.9
  606.0   4410    4.3   -4.5     53   4.54     10     12  320.2  335.2  321.1
  598.0   4520    3.4   -4.9     55   4.46     20     10  320.3  335.1  321.1
  592.0   4603    2.6   -5.2     56   4.41     20      8  320.4  335.0  321.2
  584.0   4715    1.6   -5.6     59   4.33     50      8  320.4  334.8  321.3
  570.0   4915   -0.1   -6.3     63   4.20     20      5  320.6  334.6  321.4
  567.0   4958   -0.5   -6.5     64   4.17     10      3  320.6  334.5  321.4
  564.0   5001   -0.8   -6.8     64   4.08      0      1  320.7  334.3  321.5
  558.0   5086   -1.6   -7.5     64   3.91     10      4  320.9  333.9  321.6
  555.0   5129   -1.9   -7.9     64   3.82     23      4  320.9  333.7  321.7
  535.0   5420   -4.3  -12.3     54   2.80    111      2  321.5  331.0  322.0
  534.0   5435   -4.4  -12.2     55   2.83    115      2  321.5  331.1  322.0
  528.0   5524   -5.3  -11.3     63   3.07     76      2  321.5  331.9  322.1
  524.0   5584   -5.6  -12.2     60   2.87     50      2  321.8  331.6  322.3
  521.0   5629   -5.9  -12.9     58   2.73     97      2  322.0  331.3  322.5
  518.0   5674   -6.3  -13.2     58   2.69    145      1  322.0  331.3  322.6
  504.0   5888   -8.2  -14.3     61   2.51     35      6  322.3  330.9  322.8
  500.0   5950   -8.7  -14.7     62   2.46     40      5  322.4  330.8  322.9
  498.0   5981   -8.9  -14.7     63   2.46     30      4  322.5  331.0  323.0
  491.0   6090   -9.7  -14.8     66   2.48      5      7  322.9  331.4  323.3
  486.0   6169  -10.2  -14.9     69   2.49    355      7  323.1  331.7  323.6
  481.0   6249  -10.8  -15.0     71   2.50    350      8  323.4  332.0  323.9
  480.0   6265  -10.9  -15.0     72   2.50    351      8  323.4  332.1  323.9
  475.0   6346  -11.3  -15.9     69   2.34    355     10  323.9  332.1  324.4
  472.0   6394  -11.3  -17.3     61   2.10      7     11  324.5  331.8  324.9
  470.0   6427  -11.4  -19.4     52   1.77     15     12  324.8  331.1  325.1
  465.0   6509  -11.6  -24.6     33   1.13     20     14  325.5  329.7  325.8
  462.0   6558  -11.7  -27.7     25   0.85     16     13  326.0  329.2  326.2
  454.0   6692  -12.1  -21.1     47   1.57      6     11  327.1  332.8  327.4
  442.0   6896  -13.0  -28.0     27   0.87    350      8  328.5  331.7  328.6
  436.0   7000  -13.5  -31.5     20   0.63    329     10  329.1  331.6  329.3
  432.0   7070  -13.9  -28.9     27   0.82    315     12  329.5  332.6  329.7
  426.0   7176  -14.5  -38.5     11   0.32    324     11  330.1  331.4  330.1
  422.0   7247  -15.0  -36.5     14   0.40    330     10  330.3  331.8  330.3
  400.0   7650  -18.1  -25.1     54   1.25    305     19  331.4  336.0  331.6
  394.0   7762  -18.9  -27.1     48   1.06    295     19  331.8  335.8  332.1
  381.0   8011  -20.5  -31.5     37   0.72    304     20  332.9  335.6  333.0
  380.0   8030  -20.6  -31.4     38   0.73    305     20  332.9  335.7  333.1
  370.0   8226  -22.1  -30.3     48   0.84    295     20  333.5  336.7  333.7
  361.0   8406  -23.5  -29.3     59   0.95    290     18  334.0  337.6  334.2
  357.0   8488  -24.1  -28.8     65   1.00    287     19  334.3  338.1  334.5
  339.0   8862  -26.1  -34.1     47   0.63    274     25  336.5  339.0  336.6
  328.0   9099  -28.3  -36.3     46   0.53    266     29  336.7  338.8  336.8
  327.0   9121  -28.5  -36.3     47   0.53    265     29  336.7  338.8  336.8
  323.0   9209  -29.3  -36.5     50   0.53    260     28  336.8  338.9  336.9
  322.0   9231  -29.5  -36.5     51   0.52    261     29  336.8  338.9  336.9
  318.0   9320  -30.3  -38.0     47   0.46    265     31  336.9  338.7  337.0
  316.0   9364  -30.7  -38.7     45   0.43    267     31  336.9  338.7  337.0
  314.0   9409  -31.1  -38.7     47   0.43    270     30  337.0  338.7  337.1
  311.0   9477  -31.7  -38.7     50   0.43    270     28  337.1  338.8  337.2
  310.0   9500  -31.9  -39.1     49   0.42    270     28  337.2  338.8  337.2
  302.0   9683  -33.3  -42.0     42   0.32    270     27  337.6  338.9  337.7
  300.0   9730  -33.7  -42.7     40   0.30    270     27  337.8  339.0  337.8
  295.0   9848  -34.3  -46.8     27   0.19    265     29  338.6  339.4  338.6
  282.0  10164  -35.8  -57.8      9   0.06    285     36  340.8  341.0  340.8
  279.0  10239  -36.2  -60.4      6   0.04    280     35  341.3  341.4  341.3
  278.0  10264  -36.3  -61.3      6   0.04    280     35  341.4  341.6  341.4
  275.0  10340  -36.3  -62.3      5   0.03    281     36  342.5  342.6  342.5
  265.0  10596  -37.4  -67.2      3   0.02    285     37  344.5  344.6  344.5
  259.0  10755  -38.1  -70.3      2   0.01    285     37  345.8  345.9  345.8
  252.0  10945  -38.9  -73.9      1   0.01    285     39  347.3  347.3  347.3
  250.0  11000  -39.1  -73.1      2   0.01    285     40  347.8  347.8  347.8
  244.0  11165  -39.9  -73.9      1   0.01    290     42  349.1  349.1  349.1
  236.0  11391  -40.9  -74.9      1   0.01    290     40  350.9  350.9  350.9
  227.0  11653  -42.9  -75.9      1   0.01    290     37  351.7  351.8  351.7
  224.0  11742  -43.7  -76.4      1   0.01    290     36  351.9  351.9  351.9
  214.0  12046  -46.3  -78.3      1   0.00    286     34  352.4  352.4  352.4
  210.0  12170  -47.1  -79.1      1   0.00    285     33  353.1  353.1  353.1
  206.0  12297  -47.9  -79.9      1   0.00    283     35  353.8  353.8  353.8
  201.0  12457  -49.1  -81.1      1   0.00    280     37  354.4  354.4  354.4
  200.0  12490  -49.3  -81.3      1   0.00    280     38  354.5  354.6  354.5
  191.0  12791  -51.4  -82.6      1   0.00    280     41  355.9  355.9  355.9
  188.0  12894  -52.1  -83.1      1   0.00    282     42  356.4  356.4  356.4
  184.0  13033  -52.9  -83.9      1   0.00    284     43  357.2  357.3  357.2
  180.0  13175  -54.1  -84.1      1   0.00    286     44  357.5  357.6  357.5
  178.0  13246  -54.5  -84.5      1   0.00    288     44  358.0  358.0  358.0
  174.0  13392  -55.2  -85.2      1   0.00    290     45  359.3  359.3  359.3
  172.0  13466  -55.5  -85.5      1   0.00    291     44  359.9  359.9  359.9
  167.0  13654  -56.5  -86.5      1   0.00    295     40  361.3  361.3  361.3
  166.0  13692  -56.7  -86.7      1   0.00    296     40  361.6  361.6  361.6
  160.0  13924  -58.1  -87.7      1   0.00    300     41  363.0  363.0  363.0
  157.0  14043  -58.8  -88.2      1   0.00    290     42  363.8  363.8  363.8
  153.0  14206  -59.8  -88.9      1   0.00    290     40  364.8  364.8  364.8
  151.0  14289  -60.3  -89.3      1   0.00    290     40  365.3  365.3  365.3
  150.0  14330  -60.7  -88.7      1   0.00    290     40  365.3  365.3  365.3
  146.0  14496  -61.9  -89.9      1   0.00    300     37  366.1  366.1  366.1
  140.0  14754  -63.7  -91.7      1   0.00    300     40  367.4  367.4  367.4
  136.0  14932  -64.9  -92.9      1   0.00    305     36  368.2  368.3  368.2
  130.0  15205  -65.8  -90.9      2   0.00    300     25  371.4  371.4  371.4
  126.0  15394  -66.4  -89.6      3   0.00    310     27  373.6  373.7  373.6
  124.0  15491  -66.7  -88.9      3   0.00    310     24  374.8  374.8  374.8
  118.0  15791  -67.7  -86.7      5   0.00    300     12  378.3  378.4  378.3
  117.0  15842  -67.7  -86.7      5   0.00    293     11  379.3  379.3  379.3
  115.0  15946  -67.1  -85.6      6   0.00    280      9  382.2  382.2  382.2
  113.0  16051  -66.5  -84.5      6   0.00    275     11  385.3  385.3  385.3
  112.0  16105  -66.4  -84.9      6   0.00    285     12  386.4  386.5  386.4
  110.0  16214  -66.2  -85.7      5   0.00    280     14  388.8  388.8  388.8
  108.0  16325  -66.0  -86.5      4   0.00    285     15  391.2  391.2  391.2
  107.0  16381  -65.9  -86.9      4   0.00    280     14  392.5  392.5  392.5
  105.0  16495  -66.2  -87.7      4   0.00    270     13  394.0  394.0  394.0
  103.0  16612  -66.5  -88.5      3   0.00    257     16  395.6  395.6  395.6
  102.0  16671  -66.7  -89.0      3   0.00    250     17  396.4  396.4  396.4
  100.0  16790  -67.1  -90.1      3   0.00    260     18  397.8  397.8  397.8
   96.6  16998  -67.7  -90.7      3   0.00    302     13  400.6  400.6  400.6
   95.8  17048  -67.7  -90.7      3   0.00    312     12  401.6  401.6  401.6
   94.0  17162  -67.3  -89.4      3   0.00    335      9  404.5  404.5  404.5
   93.9  17169  -67.3  -89.3      3   0.00    335      9  404.6  404.7  404.6
   93.0  17227  -67.1  -89.4      3   0.00    330      7  406.2  406.2  406.2
   91.0  17358  -66.7  -89.6      3   0.00      0      7  409.6  409.6  409.6
   90.0  17425  -66.4  -89.7      3   0.00     55      7  411.3  411.4  411.3
   89.0  17493  -66.2  -89.9      2   0.00     95      6  413.1  413.1  413.1
   87.0  17630  -65.7  -90.1      2   0.00     70      4  416.8  416.8  416.8
   85.3  17750  -65.3  -90.3      2   0.00     76      8  419.9  419.9  419.9
   84.0  17843  -65.6  -90.8      2   0.00     80     11  421.2  421.2  421.2
   82.0  17989  -66.0  -91.7      2   0.00     60     12  423.2  423.2  423.2
   81.0  18063  -66.3  -92.1      2   0.00     60     10  424.2  424.2  424.2
   80.1  18131  -66.5  -92.5      2   0.00     56     10  425.1  425.1  425.1
   79.0  18214  -66.1  -92.8      1   0.00     50      9  427.7  427.7  427.7
   78.6  18245  -65.9  -92.9      1   0.00     50      9  428.6  428.6  428.6
   78.0  18292  -65.7  -92.7      1   0.00     50      9  430.1  430.1  430.1
   76.1  18442  -64.9  -91.9      1   0.00     63     18  434.7  434.7  434.7
   75.0  18530  -65.0  -92.0      1   0.00     70     24  436.3  436.3  436.3
   73.9  18620  -65.1  -92.1      1   0.00     70     23  437.9  437.9  437.9
   73.0  18695  -65.1  -92.1      1   0.00     70     22  439.5  439.5  439.5
   72.0  18779  -65.1  -92.1      1   0.00     70     21  441.2  441.2  441.2
   71.5  18821  -65.1  -92.1      1   0.00     72     22  442.1  442.1  442.1
   71.0  18864  -65.1  -92.1      1   0.00     75     23  443.0  443.0  443.0
   70.0  18950  -65.1  -92.1      1   0.00     90     22  444.8  444.8  444.8
   69.2  19020  -65.1  -92.1      1   0.00    101     20  446.2  446.2  446.2
   67.8  19145  -65.1  -92.1      1   0.00    119     16  448.9  448.9  448.9
   67.0  19217  -65.3  -92.3      1   0.00    130     14  449.9  449.9  449.9
   66.0  19309  -65.0  -92.0      1   0.00    125     18  452.5  452.5  452.5
   65.0  19402  -64.7  -91.7      1   0.00    115     18  455.2  455.2  455.2
   64.3  19468  -64.5  -91.5      1   0.00    118     16  457.0  457.0  457.0
   64.0  19497  -64.4  -91.4      1   0.00    120     15  457.8  457.8  457.8
   63.0  19593  -64.1  -91.1      1   0.00    108     12  460.6  460.6  460.6
   62.0  19691  -63.7  -90.7      1   0.00     95      9  463.5  463.5  463.5
   61.0  19791  -63.3  -90.3      1   0.00     75     13  466.5  466.6  466.5
   60.4  19852  -63.1  -90.1      2   0.00     63     13  468.4  468.4  468.4
   59.0  19997  -61.9  -89.5      1   0.00     35     12  474.2  474.2  474.2
   58.0  20103  -61.1  -89.0      1   0.00     55     11  478.4  478.4  478.4
   57.8  20124  -60.9  -88.9      1   0.00     56     12  479.3  479.3  479.3
   55.2  20412  -59.1  -87.1      2   0.00     66     20  489.7  489.8  489.7
   53.0  20666  -59.8  -87.3      2   0.00     75     28  493.8  493.8  493.8
   51.1  20894  -60.5  -87.5      2   0.00    100     25  497.4  497.4  497.4
   50.0  21030  -60.7  -87.7      2   0.00    115     23  500.0  500.0  500.0
   49.9  21042  -60.7  -87.7      2   0.00    114     23  500.3  500.3  500.3
   49.0  21156  -60.5  -87.9      2   0.00    105     19  503.5  503.5  503.5
   47.8  21311  -60.1  -88.1      1   0.00     75     23  507.9  507.9  507.9
   47.0  21419  -59.8  -87.8      1   0.00     55     26  511.2  511.2  511.2
   45.0  21696  -58.9  -87.0      2   0.00     75     31  519.8  519.8  519.8
   44.0  21840  -58.4  -86.6      2   0.01     85     27  524.3  524.3  524.3
   43.0  21987  -57.9  -86.1      2   0.01     90     28  528.9  529.0  528.9
   41.0  22291  -56.9  -85.3      2   0.01    115     23  538.6  538.7  538.6
   40.0  22449  -56.4  -84.8      2   0.01     90     18  543.7  543.8  543.7
   38.0  22776  -55.3  -83.9      2   0.01     80     20  554.5  554.5  554.5
   37.0  22946  -54.8  -83.4      2   0.01     85     19  560.1  560.2  560.1
   36.0  23121  -54.2  -82.9      2   0.01     75     20  566.0  566.1  566.0
   35.0  23301  -53.6  -82.3      2   0.01     80     26  572.1  572.2  572.1
   34.0  23486  -53.0  -81.8      2   0.01     75     14  578.4  578.6  578.4
   33.0  23677  -52.4  -81.3      2   0.02     65     19  585.0  585.2  585.0
   32.0  23874  -51.8  -80.7      2   0.02     95     28  591.9  592.1  591.9
   31.0  24076  -51.1  -80.1      2   0.02    100     22  599.1  599.3  599.1
   30.0  24290  -51.3  -79.3      2   0.02    105     16  604.2  604.4  604.2
   28.0  24736  -52.1  -80.1      2   0.02    115     33  614.0  614.3  614.1
   27.0  24971  -52.5  -80.5      2   0.02     80     22  619.3  619.5  619.3
   26.5  25092  -52.7  -80.7      2   0.02     75     25  622.0  622.2  622.0
   26.0  25215  -52.8  -80.5      2   0.02     70     28  625.1  625.3  625.1
   25.0  25468  -53.0  -80.2      2   0.03     80     34  631.5  631.7  631.5
   24.8  25519  -53.1  -80.1      2   0.03     81     34  632.8  633.0  632.8
   24.5  25598  -53.1  -80.1      2   0.03     82     34  635.0  635.2  635.0
   24.0  25731  -52.5  -79.9      2   0.03     85     33  640.6  640.9  640.6
   23.0  26007  -51.1  -79.5      2   0.03     65     38  652.4  652.6  652.4
   22.4  26178  -50.3  -79.3      2   0.03     71     38  659.7  660.1  659.8
   22.0  26296  -50.0  -79.0      2   0.04     75     38  664.2  664.5  664.2
   21.0  26600  -49.0  -78.0      2   0.04     85     41  675.8  676.2  675.8
   20.0  26920  -48.1  -77.1      2   0.05     85     42  688.2  688.7  688.2
   19.5  27087  -47.5  -76.5      2   0.06     92     41  695.0  695.6  695.0
   19.0  27259  -46.9  -75.9      2   0.07    100     39  702.0  702.7  702.1
   18.5  27435  -46.3  -75.3      2   0.08     98     43  709.3  710.1  709.3
   18.0  27617  -45.9  -74.9      2   0.08     95     48  716.0  716.9  716.1
   17.7  27729  -45.7  -74.7      2   0.09     98     45  720.2  721.1  720.3
   17.0  27998  -45.0  -74.4      2   0.09    105     39  730.7  731.7  730.8
   16.0  28403  -44.0  -74.0      2   0.11    100     40  746.8  748.0  746.9
   15.9  28445  -43.9  -73.9      2   0.11    100     40  748.5  749.7  748.6
   15.3  28703  -43.5  -73.5      2   0.12    100     37  758.1  759.4  758.1
   15.0  28836  -43.7  -73.5      2   0.12    100     35  761.7  763.1  761.8
   14.0  29298  -44.4  -73.7      2   0.13    115     36  774.5  775.9  774.6
   13.6  29492  -44.7  -73.7      2   0.13    107     38  780.0  781.4  780.0
   13.5  29541  -44.5  -73.5      3   0.14    105     39  782.3  783.8  782.3
   13.0  29795  -43.4  -72.7      2   0.16     95     42  794.5  796.3  794.6
   12.0  30334  -41.1  -71.1      2   0.22     95     32  821.1  823.6  821.2
   11.5  30624  -40.3  -70.3      3   0.25     83     35  834.0  837.0  834.1
   11.0  30925  -41.2  -70.8      3   0.25     70     39  841.4  844.4  841.6
   10.3  31371  -42.5  -71.5      3   0.24     77     44  852.5  855.4  852.7
   10.1  31503  -42.5  -71.5      3   0.24     79     45  857.3  860.3  857.5
   10.0  31570  -42.5  -71.5      3   0.25     80     46  859.8  862.8  859.9
    9.5  31918  -41.9  -70.9      3   0.28     82     50  874.7  878.2  874.9
    9.4  31990  -41.7  -70.7      3   0.29     83     51  878.1  881.8  878.3
    9.0  32288  -40.6  -70.3      3   0.33     85     55  893.4  897.5  893.6
    8.3  32842  -38.5  -69.5      2   0.39     88     52  922.5  927.6  922.7
    8.0  33096  -38.3  -68.9      3   0.44     90     50  933.1  938.9  933.4
    7.7  33360  -38.1  -68.3      3   0.50     85     59  944.3  950.9  944.6
    7.5  33542  -37.9  -67.9      3   0.55     86     57  952.0  959.3  952.4
    7.0  34020  -36.5  -66.5      3   0.71     90     51  976.8  986.4  977.2
    6.7  34324  -35.9  -65.9      3   0.81                991.6 1002.6  992.1
    6.6  34428  -36.3  -66.3      3   0.78                994.2 1004.8  994.6