-----------------------------------------------------------------------------
   PRES   HGHT   TEMP   DWPT   RELH   MIXR   DRCT   SKNT   THTA   THTE   THTV
    hPa     m      C      C      %    g/kg    deg   knot     K      K      K 
-----------------------------------------------------------------------------
 1000.0     74                                                               
  925.0    768                                                               
  872.0   1289   23.6    5.6     31   6.58    240      2  308.6  329.1  309.8
  855.0   1458   25.6    2.6     22   5.43    275     10  312.4  329.8  313.4
  850.0   1509   26.0    3.0     23   5.62    285     12  313.4  331.3  314.4
  848.0   1530   26.0    4.0     24   6.05    284     12  313.6  332.9  314.7
  843.0   1582   25.8    3.8     24   6.00    282     11  313.9  333.1  315.0
  830.0   1718   24.8    0.8     21   4.91    277      9  314.2  330.1  315.2
  816.0   1866   23.6   -0.4     20   4.58    271      7  314.5  329.4  315.4
  804.0   1995   24.2   -0.8     19   4.51    266      5  316.5  331.2  317.3
  798.0   2061   23.8   -1.2     19   4.41    263      4  316.7  331.2  317.6
  791.2   2134   23.2   -1.4     19   4.37    260      3  316.9  331.2  317.7
  763.8   2438   20.9   -2.4     21   4.22    250      5  317.6  331.5  318.4
  737.2   2743   18.6   -3.4     22   4.07    295      3  318.3  331.7  319.1
  720.0   2947   17.0   -4.0     24   3.97    282      7  318.7  331.9  319.5
  716.0   2994   16.6   -4.4     23   3.87    279      8  318.8  331.6  319.5
  711.5   3048   16.4   -4.6     23   3.83    275      9  319.1  331.9  319.8
  700.0   3186   15.8   -5.2     23   3.73    240     12  319.9  332.4  320.7
  685.7   3353   14.3   -5.5     25   3.71    240     17  320.1  332.6  320.9
  660.4   3658   11.5   -6.2     28   3.66    245     17  320.5  332.8  321.2
  636.0   3962    8.8   -6.8     33   3.62    250     17  320.8  333.0  321.5
  612.5   4267    6.0   -7.5     37   3.58    255     18  321.1  333.2  321.8
  568.0   4877    0.5   -8.7     50   3.50    260     19  321.6  333.4  322.3
  547.0   5182   -2.3   -9.4     58   3.45    275     20  321.8  333.5  322.5
  526.9   5486   -5.1  -10.0     68   3.41    270     20  322.0  333.5  322.6
  507.4   5791   -7.8  -10.7     80   3.37    280     21  322.1  333.5  322.7
  500.0   5910   -8.9  -10.9     85   3.35    265     27  322.1  333.5  322.8
  491.0   6051   -9.5  -11.2     87   3.33    265     26  323.1  334.4  323.7
  488.1   6096   -9.8  -11.5     88   3.27    265     26  323.2  334.3  323.8
  478.0   6257  -11.1  -12.6     89   3.05    268     30  323.6  334.0  324.2
  469.1   6401  -12.1  -14.8     81   2.61    270     33  324.1  333.1  324.6
  464.0   6485  -12.7  -16.0     76   2.38    271     33  324.3  332.6  324.8
  448.0   6752  -14.3  -18.0     73   2.08    273     34  325.6  332.9  326.0
  432.9   7010  -16.4  -19.2     79   1.94    275     34  326.1  333.0  326.5
  416.0   7308  -18.9  -20.6     86   1.79    275     33  326.7  333.0  327.0
  415.6   7315  -18.9  -20.6     86   1.79    275     33  326.7  333.1  327.1
  411.0   7398  -19.3  -21.2     85   1.72    274     34  327.3  333.4  327.6
  400.0   7600  -19.5  -22.5     77   1.58    270     35  329.6  335.3  329.9
  398.9   7620  -19.6  -22.9     75   1.53    260     39  329.7  335.2  330.0
  382.8   7925  -21.0  -29.0     48   0.91    280     34  331.7  335.2  331.9
  373.0   8117  -21.9  -32.9     36   0.65    280     39  333.0  335.5  333.1
  368.0   8216  -22.5  -32.5     40   0.68    280     42  333.5  336.1  333.6
  367.3   8230  -22.6  -32.8     39   0.67    280     42  333.6  336.2  333.8
  357.0   8438  -23.5  -36.5     29   0.47    273     41  335.1  336.9  335.2
  352.3   8534  -24.4  -36.8     31   0.47    270     41  335.1  337.0  335.2
  337.7   8839  -27.3  -37.6     37   0.45    270     43  335.3  337.1  335.4
  323.7   9144  -30.1  -38.4     44   0.43    270     44  335.4  337.1  335.5
  322.0   9181  -30.5  -38.5     45   0.43    270     44  335.4  337.1  335.5
  310.0   9449  -32.4  -38.8     53   0.43    270     47  336.4  338.1  336.5
  307.0   9518  -32.9  -38.9     55   0.43    267     49  336.7  338.4  336.8
  300.0   9680  -34.5  -41.5     49   0.34    260     54  336.6  338.0  336.7
  296.8   9754  -35.0  -42.8     45   0.30    260     54  336.9  338.1  337.0
  284.2  10058  -37.1  -48.3     30   0.17    260     47  338.1  338.8  338.1
  281.0  10138  -37.7  -49.7     27   0.15    260     48  338.4  339.0  338.4
  272.0  10363  -39.5  -47.1     44   0.20    260     50  339.0  339.8  339.0
  264.0  10568  -41.1  -44.7     68   0.27    257     56  339.5  340.6  339.6
  260.2  10668  -41.5  -46.0     61   0.24    255     59  340.4  341.4  340.4
  260.0  10673  -41.5  -46.1     61   0.24    255     59  340.4  341.4  340.4
  250.0  10940  -42.7  -54.7     26   0.09    255     59  342.4  342.9  342.5
  248.8  10973  -42.9  -55.2     25   0.09    255     60  342.6  343.0  342.7
  237.6  11278  -44.7  -60.0     16   0.05    260     57  344.4  344.6  344.4
  226.9  11582  -46.6  -64.8     11   0.03    260     56  346.1  346.3  346.2
  216.7  11887  -48.4  -69.6      7   0.01    265     55  347.9  348.0  347.9
  214.0  11971  -48.9  -70.9      6   0.01    268     55  348.4  348.4  348.4
  206.8  12192  -50.9  -70.8      8   0.01    275     56  348.6  348.7  348.6
  204.0  12282  -51.7  -70.7      8   0.01    275     56  348.8  348.8  348.8
  200.0  12410  -52.5  -71.5      8   0.01    275     55  349.5  349.5  349.5
  197.3  12497  -53.0  -72.0      8   0.01    275     55  350.0  350.0  350.0
  197.0  12508  -53.1  -72.1      8   0.01    275     55  350.0  350.1  350.0
  190.0  12741  -53.8  -74.2      7   0.01    280     62  352.6  352.6  352.6
  188.2  12802  -54.0  -74.7      6   0.01    280     62  353.2  353.3  353.2
  187.0  12843  -54.1  -75.1      6   0.01    280     62  353.7  353.7  353.7
  179.5  13106  -55.5  -76.5      6   0.01    280     61  355.6  355.7  355.6
  176.0  13231  -56.1  -77.1      6   0.01    282     61  356.6  356.6  356.6
  172.0  13377  -56.9  -77.9      5   0.01    284     60  357.6  357.6  357.6
  171.1  13411  -57.0  -78.2      5   0.01    285     60  358.1  358.1  358.1
  168.0  13526  -57.1  -79.1      5   0.00    285     60  359.7  359.7  359.7
  163.0  13716  -57.4  -80.3      4   0.00    285     60  362.2  362.2  362.2
  162.0  13756  -57.5  -80.5      4   0.00    284     59  362.8  362.8  362.8
  155.3  14021  -58.8  -82.4      3   0.00    280     56  364.9  364.9  364.9
  150.0  14240  -59.9  -83.9      3   0.00    290     60  366.7  366.7  366.7
  147.9  14326  -60.5  -84.2      3   0.00    290     59  367.1  367.1  367.1
  140.8  14630  -62.7  -85.3      3   0.00    290     60  368.5  368.5  368.5
  137.0  14799  -63.9  -85.9      4   0.00    292     56  369.2  369.3  369.2
  133.0  14980  -64.9  -86.9      3   0.00    295     52  370.6  370.6  370.6
  132.0  15026  -65.1  -87.1      3   0.00    295     52  371.1  371.1  371.1
  127.4  15240  -65.1  -86.2      4   0.00    295     52  374.8  374.8  374.8
  127.0  15260  -65.1  -86.1      4   0.00    294     52  375.2  375.2  375.2
  121.2  15545  -63.9  -84.0      5   0.00    285     49  382.3  382.3  382.3
  121.0  15555  -63.9  -83.9      5   0.00    285     49  382.6  382.6  382.6
  120.0  15606  -63.9  -83.9      5   0.00    287     48  383.5  383.5  383.5
  119.0  15657  -64.3  -84.3      5   0.00    288     46  383.7  383.7  383.7
  112.0  16028  -62.5  -84.5      4   0.00    297     38  393.7  393.8  393.7
  109.7  16154  -63.0  -86.1      3   0.00    300     35  395.2  395.2  395.2
  108.0  16251  -63.3  -87.3      3   0.00    292     30  396.4  396.4  396.4
  104.4  16459  -64.5  -87.7      3   0.00    275     18  398.0  398.0  398.0
  103.0  16541  -64.9  -87.9      3   0.00    284     19  398.7  398.7  398.7
  102.0  16600  -65.3  -88.3      3   0.00    291     20  399.0  399.0  399.0
  100.0  16720  -66.1  -89.1      3   0.00    305     22  399.8  399.8  399.8
   99.3  16764  -66.4  -89.2      3   0.00    280     20  400.1  400.1  400.1
   92.8  17170  -68.9  -89.9      3   0.00    315     27  402.9  402.9  402.9
   91.0  17287  -68.7  -89.2      4   0.00    320     28  405.5  405.5  405.5
   89.2  17407  -68.5  -88.5      4   0.00    329     23  408.2  408.2  408.2
   87.0  17557  -67.6  -88.2      4   0.00    340     17  413.0  413.0  413.0
   86.0  17627  -67.2  -88.1      4   0.00    335     14  415.2  415.2  415.2
   85.8  17641  -67.1  -88.1      4   0.00    333     15  415.6  415.6  415.6
   85.0  17698  -66.2  -87.2      4   0.00    325     18  418.5  418.6  418.5
   84.2  17755  -65.3  -86.3      4   0.00    329     18  421.5  421.5  421.5
   83.0  17843  -64.8  -86.8      3   0.00    335     19  424.3  424.3  424.3
   82.0  17917  -64.4  -87.3      3   0.00    345     19  426.6  426.6  426.6
   78.0  18224  -62.6  -89.2      2   0.00    300     12  436.4  436.4  436.4
   76.5  18344  -61.9  -89.9      1   0.00    337     11  440.3  440.3  440.3
   76.0  18384  -62.1  -90.1      1   0.00    350     11  440.8  440.8  440.8
   75.0  18465  -62.4  -90.4      1   0.00     10     11  441.7  441.7  441.7
   72.0  18717  -63.5  -91.5      1   0.00     35     12  444.6  444.7  444.6
   70.3  18864  -64.1  -92.1      1   0.00     31      4  446.4  446.4  446.4
   70.0  18890  -64.1  -92.1      1   0.00     30      3  446.9  446.9  446.9
   69.0  18978  -63.7  -91.9      1   0.00    110      3  449.6  449.6  449.6
   67.0  19159  -63.0  -91.5      1   0.00    200      6  455.0  455.0  455.0
   65.0  19346  -62.2  -91.1      1   0.00    325      9  460.7  460.7  460.7
   64.8  19365  -62.1  -91.1      1   0.00    334      9  461.2  461.3  461.2
   64.0  19441  -61.9  -90.9      1   0.00     10      9  463.4  463.4  463.4
   63.0  19539  -61.6  -90.6      1   0.00     50     11  466.1  466.1  466.1
   62.0  19638  -61.3  -90.3      1   0.00     85      9  468.9  468.9  468.9
   60.1  19831  -61.5  -89.5      1   0.00    154      6  472.6  472.6  472.6
   59.4  19903  -61.5  -89.5      1   0.00    180      5  474.2  474.2  474.2
   59.0  19945  -61.3  -89.4      1   0.00    195      4  475.5  475.5  475.5
   57.0  20160  -60.5  -89.1      1   0.00      0     15  482.1  482.1  482.1
   56.0  20270  -60.1  -88.9      1   0.00     10     20  485.5  485.5  485.5
   55.1  20371  -59.7  -88.7      1   0.00     23     17  488.6  488.6  488.6
   54.5  20439  -59.7  -88.7      1   0.00     32     15  490.1  490.2  490.1
   53.3  20579  -59.1  -88.1      1   0.00     50     11  494.7  494.7  494.7
   53.0  20614  -59.0  -88.0      1   0.00     55     10  495.7  495.7  495.7
   52.0  20734  -58.7  -87.7      1   0.00     25     11  499.1  499.1  499.1
   51.0  20856  -58.4  -87.4      1   0.00     35     16  502.6  502.6  502.6
   50.0  20980  -58.1  -87.1      1   0.00     35     15  506.1  506.2  506.1
   49.9  20993  -58.1  -87.1      1   0.00     36     15  506.4  506.4  506.4
   48.0  21237  -58.2  -87.2      1   0.00     60      5  511.8  511.8  511.8
   47.0  21369  -58.3  -87.3      1   0.00    350      9  514.7  514.7  514.7
   46.8  21396  -58.3  -87.3      1   0.00    354     10  515.3  515.3  515.3
   46.4  21450  -58.3  -87.3      1   0.00      2     12  516.6  516.6  516.6
   46.0  21504  -58.1  -87.1      1   0.00     10     14  518.2  518.3  518.2
   44.5  21713  -57.5  -86.5      1   0.01     40     15  524.7  524.8  524.7
   44.0  21785  -57.2  -86.2      1   0.01     50     15  527.2  527.3  527.2
   43.0  21930  -56.5  -85.5      1   0.01     75     20  532.4  532.4  532.4
   41.0  22231  -57.3  -86.3      1   0.01     78     21  537.6  537.7  537.6
   37.6  22781  -54.9  -83.9      2   0.01     84     23  557.2  557.3  557.2
   37.0  22884  -54.9  -83.9      2   0.01     85     23  559.8  559.9  559.8
   36.5  22971  -54.9  -83.9      2   0.01     90     23  562.0  562.1  562.0
   36.0  23059  -54.6  -83.7      2   0.01     95     22  564.9  564.9  564.9
   35.3  23184  -54.3  -83.3      2   0.01     86     23  568.9  569.0  569.0
   34.0  23425  -53.6  -82.6      2   0.01     70     25  577.0  577.1  577.0
   33.2  23578  -53.1  -82.1      2   0.01     78     27  582.2  582.3  582.2
   33.0  23617  -53.1  -82.1      2   0.01     80     27  583.1  583.2  583.1
   31.3  23957  -53.5  -82.5      2   0.01    110     19  591.0  591.1  591.0
   31.0  24019  -53.4  -82.4      2   0.01    115     18  593.0  593.1  593.0
   30.0  24230  -52.9  -81.9      2   0.02     95     21  599.8  600.0  599.8
   29.0  24449  -52.6  -81.6      2   0.02    110     18  606.5  606.7  606.5
   28.0  24676  -52.3  -81.3      2   0.02     80     17  613.5  613.7  613.5
   27.0  24911  -51.9  -80.9      2   0.02     95     18  620.9  621.1  620.9
   26.9  24935  -51.9  -80.9      2   0.02     93     18  621.6  621.8  621.6
   26.0  25157  -51.7  -80.7      2   0.02     75     22  628.3  628.5  628.3
   25.0  25411  -51.4  -80.4      2   0.02    100     27  636.1  636.4  636.1
   24.0  25677  -51.2  -80.2      2   0.03     85     19  644.3  644.6  644.3
   23.0  25953  -50.9  -79.9      2   0.03     85     21  653.0  653.3  653.0
   22.0  26243  -49.9  -78.9      2   0.04     85     19  664.3  664.7  664.4
   21.1  26517  -48.7  -77.7      2   0.05    103     19  675.9  676.4  675.9
   21.0  26548  -48.6  -77.6      2   0.05    105     19  677.1  677.6  677.2
   20.7  26643  -48.3  -77.3      2   0.05    105     21  680.8  681.3  680.9
   20.0  26870  -47.7  -77.7      2   0.05    105     26  689.4  689.9  689.4
   19.0  27211  -47.0  -77.0      2   0.06     90     14  701.9  702.4  701.9
   18.0  27570  -46.2  -76.2      2   0.07     70     24  715.2  715.9  715.3
   17.0  27950  -45.4  -75.4      2   0.08     80     27  729.6  730.5  729.7
   16.0  28352  -44.5  -74.5      2   0.10     90     29  745.2  746.3  745.3
   15.0  28784  -44.8  -74.0      2   0.11    100     33  758.1  759.3  758.1
   14.7  28919  -44.9  -73.9      2   0.12     96     31  762.1  763.4  762.2
   14.0  29245  -44.7  -73.7      2   0.13     85     26  773.5  774.9  773.6
   13.3  29588  -44.9  -72.9      3   0.15     95     32  784.2  785.9  784.3
   13.1  29689  -44.9  -72.9      3   0.15     98     33  787.6  789.4  787.7
   13.0  29740  -44.8  -72.9      3   0.15    100     34  789.6  791.3  789.7
   12.0  30276  -44.2  -73.1      3   0.16     75     28  810.2  812.1  810.3
   11.9  30332  -44.1  -73.1      3   0.16     77     29  812.4  814.3  812.5
   11.8  30388  -43.7  -72.7      3   0.17     80     29  815.8  817.8  815.9
   11.1  30801  -41.9  -70.9      3   0.24     97     33  836.7  839.5  836.8
   11.0  30862  -41.7  -70.9      3   0.24    100     34  839.6  842.5  839.7
   10.6  31113  -40.9  -70.9      2   0.25    100     34  851.4  854.5  851.6
   10.5  31178  -40.7  -70.7      3   0.26    100     34  854.5  857.6  854.6
   10.2  31375  -40.3  -70.3      3   0.29    100     33  863.1  866.5  863.2
   10.0  31510  -39.9  -69.9      3   0.31    100     33  869.5  873.2  869.6
    9.7  31718  -39.5  -69.5      3   0.34     97     35  878.6  882.7  878.8
    9.1  32156  -38.9  -68.9      3   0.39     91     39  897.0  901.9  897.2
    9.0  32231  -38.9  -68.9      3   0.40     90     40  899.9  904.9  900.1
    8.8  32385  -38.9  -68.9      3   0.41     91     39  905.7  910.8  905.9
    8.0  33043  -37.0  -67.8      3   0.52     95     37  938.2  945.0  938.5
    7.8  33217  -36.5  -67.5      3   0.56                947.0  954.3  947.4
    7.7  33306  -36.5  -67.5      3   0.56                950.5  958.0  950.9
    7.6  33397  -36.5  -67.5      3   0.57                954.1  961.6  954.4
    7.5  33489  -37.1  -68.1      3   0.53                955.3  962.3  955.6