-----------------------------------------------------------------------------
   PRES   HGHT   TEMP   DWPT   RELH   MIXR   DRCT   SKNT   THTA   THTE   THTV
    hPa     m      C      C      %    g/kg    deg   knot     K      K      K 
-----------------------------------------------------------------------------
 1000.0     97                                                               
  925.0    796                                                               
  875.0   1289   25.6   11.6     42   9.90    135      2  310.4  341.0  312.2
  870.0   1339   25.2   12.2     44  10.36    148      3  310.5  342.5  312.4
  854.0   1502   24.2   10.4     42   9.38    190      8  311.1  340.3  312.9
  850.0   1543   24.0   10.0     41   9.15    195      9  311.3  339.8  313.0
  849.0   1553   24.2   10.2     41   9.28    195      9  311.6  340.5  313.3
  836.0   1688   24.4    8.4     36   8.34    190     14  313.2  339.4  314.8
  825.0   1804   23.9    7.6     35   8.02    185     18  313.9  339.2  315.4
  821.0   1846   23.7    7.4     35   7.91    185     18  314.1  339.1  315.6
  797.0   2105   22.6    5.7     33   7.24    195     12  315.6  338.7  317.0
  796.0   2116   22.6    5.6     33   7.21    197     12  315.7  338.7  317.1
  771.0   2389   20.5    4.7     36   7.00    245      4  316.3  338.7  317.6
  752.0   2603   18.8    4.0     38   6.83    295      2  316.7  338.6  318.0
  732.0   2833   17.0    3.2     40   6.65    315      8  317.2  338.6  318.5
  715.0   3034   15.4    2.6     42   6.49    305      6  317.6  338.6  318.8
  707.0   3131   14.7    2.3     43   6.42    310      7  317.8  338.6  319.0
  700.0   3216   14.0    2.0     44   6.36    305      6  318.0  338.5  319.2
  698.0   3240   13.8    1.9     44   6.32    305      7  318.0  338.5  319.2
  690.0   3337   13.0    1.4     45   6.19    315      6  318.2  338.2  319.4
  682.0   3435   12.2    0.9     46   6.05    295      6  318.3  338.0  319.5
  676.0   3509   11.6    0.6     47   5.95    306      5  318.5  337.8  319.6
  668.0   3606   10.8    0.2     48   5.85    320      4  318.6  337.7  319.8
  660.0   3704   10.0   -0.2     49   5.75    325      7  318.8  337.5  319.9
  652.0   3804    9.1   -0.6     51   5.65    345      4  319.0  337.4  320.1
  644.0   3905    8.3   -1.0     52   5.54      0      3  319.1  337.3  320.2
  636.0   4007    7.4   -1.4     53   5.44     45      4  319.3  337.1  320.4
  628.0   4110    6.5   -1.9     55   5.34     40      5  319.5  337.0  320.5
  622.0   4188    5.9   -2.2     56   5.27     45      5  319.6  336.9  320.6
  612.0   4321    4.8   -2.7     58   5.14     70      5  319.8  336.7  320.8
  604.0   4428    3.9   -3.2     60   5.04     65      4  320.0  336.6  320.9
  596.0   4537    3.0   -3.6     62   4.94    120      4  320.1  336.4  321.1
  587.0   4661    1.9   -4.1     64   4.83    130      5  320.3  336.2  321.2
  579.0   4773    1.0   -4.6     66   4.73    120      8  320.5  336.1  321.4
  560.0   5046   -1.3   -5.7     72   4.49    167      5  320.8  335.7  321.7
  557.0   5088   -1.6   -5.9     73   4.45    175      4  320.9  335.7  321.8
  544.0   5276   -3.0   -6.7     75   4.27    195      7  321.5  335.7  322.3
  543.0   5291   -3.1   -6.8     76   4.25    194      7  321.5  335.7  322.4
  538.0   5364   -3.4   -7.4     74   4.08    190      8  322.0  335.7  322.8
  530.0   5482   -3.9   -8.5     71   3.82    190      6  322.8  335.7  323.5
  523.0   5586   -4.4   -9.4     68   3.60    200      8  323.5  335.7  324.2
  509.0   5800   -5.3  -11.3     63   3.18    150      3  324.9  335.8  325.5
  500.0   5940   -6.5  -12.5     62   2.94    160      2  325.1  335.2  325.6
  487.0   6145   -8.1  -13.1     67   2.88    212      1  325.5  335.5  326.1
  485.0   6177   -8.3  -13.3     67   2.84    220      1  325.6  335.4  326.2
  470.0   6420  -10.1  -15.1     67   2.52    305      5  326.3  335.1  326.8
  467.0   6469  -10.5  -15.5     67   2.46    303      6  326.5  335.1  327.0
  456.0   6650  -11.9  -16.3     70   2.35    295      8  326.9  335.2  327.4
  449.0   6768  -12.8  -16.9     72   2.28    285      8  327.2  335.3  327.7
  442.0   6888  -13.8  -17.4     74   2.22    290      8  327.5  335.4  328.0
  437.0   6974  -14.4  -17.8     75   2.17    290     10  327.7  335.4  328.2
  426.0   7168  -16.0  -18.7     79   2.06    270      9  328.2  335.5  328.6
  425.0   7186  -16.1  -18.8     80   2.05    270     10  328.2  335.5  328.6
  413.0   7401  -17.3  -20.8     74   1.78    275     17  329.4  335.8  329.8
  401.0   7621  -18.5  -22.8     69   1.53    270     24  330.6  336.2  330.9
  400.0   7640  -18.5  -22.6     70   1.57    270     25  330.9  336.6  331.2
  397.0   7696  -19.0  -22.9     71   1.53    265     25  330.9  336.6  331.3
  388.0   7866  -20.4  -23.9     74   1.44    260     21  331.2  336.5  331.5
  379.0   8040  -21.9  -24.9     77   1.35    264     19  331.5  336.5  331.8
  378.0   8059  -22.0  -25.2     75   1.31    265     19  331.6  336.4  331.9
  363.0   8356  -23.9  -29.9     58   0.89    269     26  332.9  336.3  333.1
  361.0   8397  -24.1  -30.1     58   0.88    270     27  333.2  336.6  333.4
  356.0   8498  -24.5  -30.5     58   0.85    268     28  334.0  337.2  334.2
  350.0   8621  -25.5  -30.9     61   0.84    265     30  334.2  337.4  334.4
  345.0   8725  -26.4  -31.2     64   0.82    260     27  334.4  337.6  334.6
  330.0   9046  -29.1  -32.2     75   0.78    269     27  335.0  338.0  335.2
  328.0   9089  -29.4  -32.7     73   0.75    270     27  335.1  338.0  335.3
  319.0   9288  -30.9  -35.0     67   0.62    279     31  335.8  338.2  335.9
  318.0   9310  -31.1  -35.0     68   0.61    280     32  335.8  338.2  335.9
  317.0   9332  -31.3  -35.1     69   0.61    280     32  335.8  338.2  335.9
  310.0   9490  -32.7  -36.9     66   0.52    280     34  336.0  338.1  336.1
  308.0   9536  -33.1  -37.4     65   0.50    280     34  336.1  338.1  336.2
  300.0   9720  -34.9  -38.5     70   0.46    280     32  336.1  337.9  336.2
  294.0   9861  -36.1  -39.4     72   0.43    276     31  336.3  338.0  336.4
  293.0   9885  -36.3  -39.8     70   0.41    275     31  336.4  338.1  336.5
  289.0   9981  -36.9  -41.2     64   0.36    280     29  336.8  338.3  336.9
  285.0  10078  -36.0  -43.1     48   0.30    290     34  339.4  340.7  339.5
  281.0  10177  -35.1  -45.1     35   0.24    285     37  342.1  343.1  342.2
  271.0  10430  -36.7  -57.6     10   0.06    290     32  343.3  343.6  343.3
  270.0  10456  -36.9  -58.9      8   0.05    292     32  343.4  343.7  343.4
  268.0  10508  -36.8  -59.6      8   0.05    295     33  344.3  344.5  344.3
  265.0  10586  -36.7  -60.7      7   0.04    291     36  345.6  345.8  345.6
  261.0  10691  -37.2  -62.7      5   0.03    285     39  346.4  346.5  346.4
  255.0  10853  -37.9  -65.8      4   0.02    295     37  347.6  347.7  347.6
  250.0  10990  -38.5  -68.5      3   0.02    300     37  348.7  348.8  348.7
  246.0  11100  -39.1  -71.3      2   0.01    305     39  349.4  349.5  349.4
  243.0  11184  -39.5  -73.5      1   0.01    303     39  350.0  350.1  350.0
  240.0  11269  -40.0  -74.0      1   0.01    300     39  350.5  350.6  350.5
  237.0  11355  -40.5  -74.5      1   0.01    303     38  351.0  351.1  351.0
  235.0  11412  -40.9  -74.8      1   0.01    305     37  351.3  351.3  351.3
  232.0  11499  -41.5  -75.2      1   0.01    300     37  351.7  351.7  351.7
  226.0  11676  -42.7  -76.0      1   0.01    295     40  352.5  352.5  352.5
  220.0  11858  -43.9  -76.9      1   0.00    295     37  353.3  353.4  353.3
  219.0  11888  -44.5  -77.5      1   0.00    295     37  352.9  352.9  352.9
  216.0  11980  -45.0  -77.9      1   0.00    295     35  353.4  353.4  353.4
  208.0  12230  -46.5  -78.9      1   0.00    290     40  354.9  354.9  354.9
  205.0  12327  -47.1  -79.2      1   0.00    290     42  355.5  355.5  355.5
  203.0  12392  -47.5  -79.5      1   0.00    294     41  355.9  355.9  355.9
  200.0  12490  -48.1  -80.1      1   0.00    300     40  356.4  356.5  356.4
  192.0  12756  -50.1  -81.4      1   0.00    305     38  357.5  357.5  357.5
  179.0  13212  -53.4  -83.5      1   0.00    305     40  359.2  359.2  359.2
  178.0  13248  -53.7  -83.7      1   0.00    305     40  359.3  359.4  359.3
  169.0  13579  -55.8  -85.8      1   0.00    305     43  361.2  361.2  361.2
  163.0  13809  -57.3  -87.3      1   0.00    300     44  362.4  362.4  362.4
  161.0  13887  -57.8  -87.5      1   0.00    300     44  362.8  362.8  362.8
  157.0  14045  -58.9  -87.9      1   0.00    307     41  363.6  363.6  363.6
  155.0  14125  -59.4  -87.9      1   0.00    310     40  364.1  364.1  364.1
  153.0  14207  -59.9  -87.9      1   0.00    308     37  364.6  364.6  364.6
  150.0  14330  -60.3  -89.3      1   0.00    305     33  366.0  366.0  366.0
  145.0  14539  -61.5  -89.1      1   0.00    300     28  367.4  367.4  367.4
  139.0  14799  -63.1  -88.9      2   0.00    300     27  369.1  369.2  369.1
  134.0  15025  -64.4  -88.7      2   0.00    285     31  370.7  370.7  370.7
  133.0  15071  -64.7  -88.7      2   0.00    286     32  371.0  371.0  371.0
  130.0  15208  -65.4  -88.4      3   0.00    290     36  372.1  372.1  372.1
  121.0  15642  -67.8  -87.5      5   0.00    305     29  375.5  375.5  375.5
  119.0  15742  -68.3  -87.3      5   0.00    305     27  376.3  376.3  376.3
  115.0  15948  -66.9  -84.9      6   0.00    333     18  382.6  382.6  382.6
  114.0  16001  -66.7  -85.2      6   0.00    340     16  383.9  384.0  383.9
  113.0  16054  -66.5  -85.5      5   0.00    344     14  385.3  385.3  385.3
  109.0  16272  -66.2  -86.0      5   0.00      0      7  389.9  389.9  389.9
  108.0  16327  -66.1  -86.1      5   0.00     13      7  391.1  391.1  391.1
  105.0  16497  -67.1  -87.1      4   0.00     51      5  392.3  392.3  392.3
  102.0  16671  -68.2  -88.2      4   0.00     90      4  393.5  393.5  393.5
  100.0  16790  -68.9  -88.9      4   0.00     75      1  394.4  394.4  394.4
   98.0  16910  -69.5  -89.5      4   0.00    295      1  395.5  395.5  395.5
   94.0  17159  -68.7  -88.0      5   0.00    345     10  401.9  401.9  401.9
   92.0  17287  -68.2  -87.3      5   0.00    355      5  405.2  405.2  405.2
   91.5  17320  -68.1  -87.1      5   0.00    360      4  406.1  406.1  406.1
   91.0  17352  -68.2  -87.3      5   0.00      5      2  406.6  406.6  406.6
   87.8  17566  -68.5  -88.5      4   0.00    265      6  410.1  410.1  410.1
   87.0  17621  -68.1  -88.1      4   0.00    240      7  412.0  412.0  412.0
   86.0  17691  -67.5  -87.5      4   0.00    285      3  414.4  414.4  414.4
   83.0  17905  -65.9  -85.9      5   0.00     10      7  422.0  422.0  422.0
   82.6  17934  -65.7  -85.7      5   0.00      6      8  423.0  423.0  423.0
   82.0  17978  -65.6  -85.9      4   0.00      0      9  424.1  424.1  424.1
   79.0  18204  -65.0  -86.7      4   0.00     15     15  429.8  429.8  429.8
   78.3  18258  -64.9  -86.9      3   0.00     26     16  431.2  431.2  431.2
   75.0  18520  -64.7  -87.4      3   0.00     80     20  437.0  437.0  437.0
   74.0  18602  -64.6  -87.6      3   0.00     95     18  438.8  438.8  438.8
   72.0  18769  -64.5  -88.0      3   0.00     60     13  442.6  442.6  442.6
   71.0  18854  -64.4  -88.1      3   0.00     40     16  444.5  444.5  444.5
   70.0  18940  -64.3  -88.3      2   0.00     45     20  446.5  446.5  446.5
   69.0  19028  -64.0  -88.0      2   0.00     60     20  448.9  448.9  448.9
   68.0  19118  -63.8  -87.8      3   0.00     55     17  451.3  451.3  451.3
   67.7  19145  -63.7  -87.7      3   0.00     54     18  452.1  452.1  452.1
   67.0  19209  -63.5  -87.9      2   0.00     50     22  453.9  453.9  453.9
   66.0  19301  -63.2  -88.1      2   0.00     50     26  456.5  456.5  456.5
   63.0  19588  -62.2  -88.9      2   0.00     55     23  464.6  464.7  464.6
   60.7  19818  -61.5  -89.5      1   0.00     74     25  471.3  471.3  471.3
   60.0  19889  -61.6  -89.2      1   0.00     80     25  472.7  472.7  472.7
   58.8  20015  -61.7  -88.7      2   0.00     71     21  475.1  475.1  475.1
   58.0  20100  -61.1  -88.4      2   0.00     65     18  478.2  478.3  478.2
   57.0  20208  -60.5  -88.0      2   0.00     60     18  482.2  482.2  482.2
   55.4  20386  -59.3  -87.3      2   0.00     68     23  488.8  488.8  488.8
   55.0  20431  -59.1  -87.1      2   0.00     70     24  490.2  490.3  490.3
   53.1  20652  -58.1  -86.1      2   0.00     79     15  497.5  497.5  497.5
   53.0  20664  -58.1  -86.1      2   0.00     80     15  497.7  497.8  497.7
   50.0  21030  -58.9  -86.9      2   0.00     70     34  504.2  504.3  504.2
   49.0  21157  -59.2  -86.4      2   0.00     85     29  506.4  506.4  506.4
   48.8  21182  -59.3  -86.3      2   0.00     84     28  506.8  506.9  506.8
   48.3  21247  -59.3  -87.3      2   0.00     82     26  508.3  508.3  508.3
   47.0  21418  -58.8  -86.8      2   0.00     75     21  513.5  513.6  513.5
   45.0  21692  -57.9  -85.9      2   0.01     95     18  522.0  522.0  522.0
   44.0  21833  -57.5  -85.5      2   0.01     90     14  526.4  526.5  526.4
   43.0  21978  -57.1  -85.1      2   0.01     70     22  530.9  531.0  531.0
   42.0  22127  -56.6  -84.6      2   0.01     70     24  535.6  535.7  535.6
   41.7  22173  -56.5  -84.5      2   0.01     69     25  537.0  537.1  537.0
   41.0  22280  -56.5  -84.5      2   0.01     65     27  539.6  539.7  539.6
   40.7  22327  -56.5  -84.5      2   0.01     65     26  540.8  540.8  540.8
   40.0  22437  -56.3  -84.3      2   0.01     65     22  544.0  544.1  544.0
   38.2  22729  -55.7  -83.7      2   0.01     78     29  552.7  552.8  552.7
   38.0  22763  -55.8  -83.8      2   0.01     80     30  553.4  553.5  553.4
   36.2  23071  -56.3  -84.3      2   0.01     98     20  559.7  559.8  559.7
   36.0  23106  -56.4  -84.4      2   0.01    100     19  560.3  560.4  560.3
   35.8  23142  -56.5  -84.5      2   0.01     97     20  561.0  561.0  561.0
   35.0  23285  -56.2  -84.2      2   0.01     85     24  565.4  565.5  565.4
   34.0  23469  -55.8  -83.8      2   0.01     90     25  571.2  571.3  571.2
   33.8  23507  -55.7  -83.7      2   0.01     88     24  572.4  572.5  572.4
   33.0  23660  -55.3  -83.3      2   0.01     80     22  577.5  577.6  577.5
   32.0  23857  -54.7  -82.7      2   0.01     80     27  584.1  584.2  584.1
   31.0  24060  -54.1  -82.1      2   0.02     95     26  591.0  591.1  591.0
   30.0  24270  -53.5  -81.5      2   0.02     90     25  598.2  598.4  598.2
   29.0  24489  -53.2  -81.2      2   0.02     95     28  604.8  605.0  604.8
   28.0  24715  -52.9  -80.9      2   0.02     85     26  611.7  611.9  611.7
   27.0  24950  -52.6  -80.6      2   0.02     95     25  618.9  619.1  618.9
   26.0  25194  -52.3  -80.3      2   0.02     70     28  626.5  626.7  626.5
   25.9  25218  -52.3  -80.3      2   0.02     71     28  627.2  627.5  627.3
   24.0  25713  -51.0  -79.8      2   0.03     85     35  644.9  645.1  644.9
   23.6  25822  -50.7  -79.7      2   0.03     89     30  648.8  649.1  648.8
   23.0  25992  -50.1  -79.1      2   0.03     95     22  655.2  655.6  655.3
   22.0  26284  -49.2  -78.2      2   0.04     80     26  666.5  666.9  666.5
   21.0  26589  -48.2  -77.2      2   0.05     85     25  678.5  679.0  678.5
   20.0  26910  -47.1  -76.1      2   0.06     85     34  691.2  691.9  691.3
   19.0  27251  -46.3  -75.3      2   0.07     95     40  703.8  704.5  703.8
   18.0  27610  -45.5  -74.5      2   0.09     90     27  717.2  718.1  717.3
   17.7  27722  -45.3  -74.3      2   0.09     89     30  721.5  722.4  721.5
   17.0  27991  -45.5  -74.5      2   0.09     85     36  729.3  730.3  729.3
   16.9  28031  -45.5  -74.5      2   0.09     85     37  730.4  731.4  730.5
   16.1  28354  -45.3  -74.3      2   0.10     85     43  741.3  742.4  741.3
   16.0  28396  -45.3  -74.2      2   0.10     85     44  742.7  743.8  742.7
   15.0  28827  -45.0  -73.5      3   0.12     90     45  757.4  758.8  757.5
   14.0  29288  -44.7  -72.7      3   0.15     75     47  773.5  775.1  773.6
   13.0  29787  -42.9  -72.2      3   0.17     95     41  796.4  798.3  796.5
   12.5  30051  -41.9  -71.9      2   0.19     93     41  808.8  810.9  808.9
   12.0  30329  -41.4  -71.0      3   0.22     90     42  820.2  822.8  820.3
   11.1  30859  -40.3  -69.3      3   0.30     86     48  842.5  846.0  842.6
   11.0  30920  -40.4  -69.4      3   0.30     85     49  844.3  847.9  844.5
   10.7  31109  -40.7  -69.7      3   0.30     86     49  849.9  853.4  850.0
   10.0  31570  -40.3  -70.3      3   0.29     90     50  868.0  871.5  868.1
    9.0  32295  -38.3  -68.8      3   0.40    100     52  902.0  907.1  902.3
    8.0  33106  -36.1  -67.1      3   0.57    100     50  941.7  949.1  942.0
    7.9  33192  -35.9  -66.9      3   0.60    101     50  946.0  953.8  946.3
    7.6  33462  -35.3  -66.3      3   0.67    104     48  958.9  967.8  959.3
    7.1  33935  -36.3  -67.3      3   0.63    109     46  973.6  982.1  974.0