-----------------------------------------------------------------------------
   PRES   HGHT   TEMP   DWPT   RELH   MIXR   DRCT   SKNT   THTA   THTE   THTV
    hPa     m      C      C      %    g/kg    deg   knot     K      K      K 
-----------------------------------------------------------------------------
 1000.0     14                                                               
  925.0    737                                                               
  871.0   1289   35.2   11.2     23   9.68     50      5  320.8  352.1  322.6
  867.0   1330   34.2    9.2     22   8.49     46      5  320.1  347.6  321.8
  859.0   1413   33.4    9.4     23   8.69     39      6  320.2  348.3  321.8
  850.0   1506   31.8    9.8     26   9.02     30      7  319.4  348.5  321.2
  791.5   2134   26.1    8.2     32   8.67    325      6  319.9  347.9  321.6
  764.7   2438   23.3    7.4     36   8.51    340     12  320.1  347.6  321.8
  752.0   2586   22.0    7.0     38   8.42    319     12  320.2  347.4  321.8
  738.3   2743   20.4    6.4     40   8.22    295     13  320.1  346.7  321.7
  712.5   3048   17.2    5.2     45   7.84    270     16  319.9  345.2  321.4
  700.0   3200   15.6    4.6     48   7.65    255     13  319.7  344.5  321.2
  687.4   3353   14.2    3.9     50   7.42    250     14  319.9  343.9  321.3
  662.8   3658   11.5    2.5     54   6.96    250     16  320.2  342.8  321.5
  644.0   3900    9.4    1.4     57   6.62    242     20  320.4  342.0  321.7
  639.2   3962    8.9    0.6     56   6.31    240     21  320.6  341.2  321.8
  616.0   4267    6.6   -3.1     50   4.95    245     26  321.3  337.7  322.3
  612.0   4320    6.2   -3.8     49   4.74    243     26  321.4  337.2  322.4
  596.0   4537    4.4   -3.6     56   4.95    236     25  321.8  338.2  322.7
  593.4   4572    4.2   -4.3     54   4.71    235     25  321.9  337.6  322.8
  585.0   4688    3.4   -6.6     48   4.01    241     24  322.3  335.8  323.1
  580.0   4758    2.8   -6.2     52   4.17    244     23  322.4  336.4  323.2
  571.4   4877    2.0   -8.6     45   3.52    250     22  322.9  334.8  323.6
  550.2   5182   -0.0  -14.6     32   2.25    265     22  324.0  331.8  324.4
  543.0   5287   -0.7  -16.7     29   1.92    267     19  324.4  331.1  324.8
  529.5   5486   -2.1  -19.6     25   1.53    270     14  325.1  330.6  325.4
  509.5   5791   -4.2  -24.1     19   1.07    265     15  326.1  330.1  326.3
  501.0   5924   -5.1  -26.1     17   0.91    269     18  326.6  329.9  326.8
  500.0   5940   -5.3  -26.3     17   0.90    270     18  326.5  329.8  326.7
  490.1   6096   -6.1  -29.7     14   0.67    270     18  327.4  329.9  327.6
  485.0   6179   -6.5  -31.5     12   0.57    266     19  327.9  330.1  328.0
  477.0   6309   -7.5  -30.5     14   0.64    260     19  328.2  330.6  328.3
  471.4   6401   -8.1  -30.7     14   0.63    255     20  328.6  331.1  328.8
  461.0   6574   -9.1  -31.1     15   0.62    252     19  329.4  331.8  329.6
  453.2   6706   -9.9  -37.4      9   0.34    250     18  330.1  331.4  330.1
  447.0   6812  -10.5  -42.5      5   0.20    252     19  330.6  331.4  330.6
  438.0   6968  -10.9  -32.9     14   0.55    254     21  332.0  334.1  332.1
  435.6   7010  -11.2  -33.7     14   0.51    255     22  332.2  334.2  332.3
  418.6   7315  -13.3  -39.9      9   0.28    245     21  333.3  334.4  333.3
  409.0   7492  -14.5  -43.5      7   0.20    251     20  333.9  334.8  334.0
  402.1   7620  -15.7  -43.2      7   0.21    255     20  334.0  334.8  334.0
  400.0   7660  -16.1  -43.1      8   0.21    260     21  334.0  334.9  334.0
  385.9   7925  -18.5  -41.4     11   0.26    255     19  334.3  335.4  334.3
  370.4   8230  -21.2  -39.5     18   0.34    250     21  334.6  335.9  334.6
  357.0   8503  -23.7  -37.7     26   0.42    250     21  334.8  336.5  334.9
  355.5   8534  -23.9  -37.9     26   0.41    250     21  334.9  336.6  335.0
  354.0   8564  -24.1  -38.1     26   0.41    249     21  335.1  336.7  335.2
  340.8   8839  -26.5  -38.6     31   0.40    240     22  335.5  337.1  335.6
  333.0   9006  -27.9  -38.9     34   0.40    240     23  335.8  337.4  335.9
  328.0   9115  -28.3  -41.3     28   0.31    240     24  336.7  338.0  336.8
  326.7   9144  -28.3  -42.2     25   0.29    240     24  337.1  338.3  337.1
  325.0   9180  -28.3  -43.3     22   0.26    239     25  337.6  338.6  337.6
  317.0   9359  -28.9  -47.9     14   0.16    235     27  339.1  339.8  339.2
  308.0   9564  -30.5  -47.5     17   0.17    230     30  339.7  340.4  339.8
  304.0   9656  -31.3  -49.3     15   0.14    227     32  339.9  340.5  339.9
  300.0   9750  -32.1  -49.1     17   0.15    225     33  340.0  340.6  340.1
  299.8   9754  -32.1  -49.1     17   0.15    225     33  340.0  340.7  340.1
  287.0  10058  -34.5  -47.5     26   0.18    230     33  340.9  341.6  340.9
  274.8  10363  -36.9  -45.9     39   0.23    225     34  341.7  342.6  341.7
  272.0  10433  -37.5  -45.5     43   0.24    226     34  341.8  342.9  341.9
  265.0  10613  -38.7  -47.7     38   0.19    229     35  342.6  343.5  342.7
  262.9  10668  -39.1  -47.8     39   0.19    230     35  342.9  343.7  342.9
  258.0  10796  -39.9  -47.9     42   0.19    232     35  343.5  344.3  343.5
  254.0  10902  -40.9  -48.9     42   0.18    234     36  343.6  344.3  343.6
  252.0  10956  -41.3  -49.3     42   0.17    235     36  343.7  344.5  343.8
  251.4  10973  -41.4  -49.4     42   0.17    235     36  343.8  344.5  343.8
  250.0  11010  -41.7  -49.7     41   0.16    240     39  343.9  344.6  344.0
  244.0  11175  -42.5  -52.5     33   0.12    237     39  345.1  345.7  345.2
  240.3  11278  -43.5  -52.9     35   0.12    235     39  345.2  345.7  345.2
  238.0  11343  -44.1  -53.1     36   0.12    234     39  345.2  345.7  345.2
  234.0  11457  -44.9  -54.9     32   0.09    232     38  345.6  346.1  345.7
  229.6  11582  -45.9  -55.1     35   0.09    230     37  345.9  346.4  346.0
  224.0  11748  -47.3  -55.3     39   0.09    233     38  346.3  346.7  346.3
  221.0  11837  -47.9  -56.9     35   0.08    234     39  346.7  347.1  346.7
  219.3  11887  -48.2  -57.2     34   0.08    235     39  347.0  347.3  347.0
  214.0  12049  -49.3  -58.3     34   0.07    230     37  347.8  348.1  347.8
  211.0  12142  -50.3  -59.3     34   0.06    227     36  347.6  347.9  347.6
  209.4  12192  -50.7  -59.7     34   0.06    225     36  347.8  348.0  347.8
  206.0  12298  -51.5  -60.5     33   0.05    221     36  348.1  348.4  348.1
  200.0  12490  -53.3  -61.3     37   0.05    215     36  348.2  348.4  348.2
  199.8  12497  -53.4  -61.4     37   0.05    215     37  348.2  348.4  348.2
  193.0  12717  -55.1  -64.1     32   0.04    211     35  348.9  349.1  348.9
  190.4  12802  -55.6  -62.9     40   0.04    210     34  349.4  349.6  349.4
  190.0  12817  -55.7  -62.7     41   0.04    210     34  349.5  349.7  349.5
  183.0  13054  -56.7  -67.7     24   0.02    206     27  351.6  351.7  351.6
  181.5  13106  -57.0  -68.2     23   0.02    205     26  352.0  352.1  352.0
  176.0  13299  -58.1  -70.1     20   0.02    210     27  353.3  353.4  353.3
  167.0  13626  -60.3  -70.3     26   0.02    218     28  354.9  355.0  354.9
  166.0  13663  -60.3  -70.3     26   0.02    219     28  355.6  355.6  355.6
  164.6  13716  -60.2  -70.8     24   0.02    220     28  356.6  356.7  356.6
  161.0  13853  -59.9  -71.9     19   0.01    218     28  359.3  359.4  359.4
  156.7  14021  -60.8  -74.0     16   0.01    215     28  360.7  360.8  360.7
  154.0  14128  -61.3  -75.3     14   0.01    225     23  361.6  361.6  361.6
  150.0  14290  -62.3  -75.3     16   0.01    240     15  362.6  362.6  362.6
  149.1  14326  -62.5  -75.5     16   0.01    250     15  362.8  362.9  362.8
  144.0  14541  -63.7  -76.7     15   0.01    232     14  364.4  364.4  364.4
  141.9  14630  -64.0  -78.0     13   0.01    225     14  365.4  365.4  365.4
  138.0  14802  -64.5  -80.5      9   0.00    231     13  367.4  367.4  367.4
  135.0  14936  -65.1  -81.1      9   0.00    235     13  368.7  368.7  368.7
  135.0  14935  -65.1  -81.1      9   0.00    235     13  368.7  368.7  368.7
  134.0  14981  -65.1  -82.1      8   0.00    232     14  369.5  369.5  369.5
  129.0  15213  -64.7  -82.7      7   0.00    217     21  374.2  374.2  374.2
  128.4  15240  -64.8  -83.0      7   0.00    215     22  374.6  374.6  374.6
  126.0  15357  -65.1  -84.1      6   0.00    221     18  376.0  376.0  376.0
  125.0  15406  -65.1  -84.1      6   0.00    223     17  376.9  376.9  376.9
  122.2  15545  -66.0  -85.0      5   0.00    230     12  377.8  377.8  377.8
  116.2  15850  -67.8  -86.8      5   0.00    195     12  379.8  379.8  379.8
  116.0  15858  -67.9  -86.9      5   0.00    185     15  379.8  379.8  379.8
  115.0  15910  -67.9  -86.9      5   0.00    184     15  380.8  380.8  380.8
  113.0  16015  -67.9  -85.9      6   0.00    182     16  382.7  382.7  382.7
  110.4  16154  -68.2  -86.2      6   0.00    180     16  384.7  384.7  384.7
  109.0  16232  -68.3  -86.3      6   0.00    177     15  385.9  385.9  385.9
  107.0  16343  -68.1  -86.1      6   0.00    174     13  388.3  388.3  388.3
  105.0  16459  -68.0  -86.6      5   0.00    170     11  390.7  390.7  390.7
  104.0  16514  -67.9  -86.9      5   0.00    166     11  391.9  391.9  391.9
  102.0  16631  -67.5  -86.5      5   0.00    158     10  394.8  394.8  394.8
  100.0  16750  -67.9  -88.9      4   0.00    150      9  396.3  396.3  396.3
   99.8  16764  -67.8  -88.9      4   0.00    170     12  396.6  396.6  396.6
   96.0  16996  -67.1  -89.1      3   0.00    155     10  402.5  402.5  402.5
   94.8  17069  -66.9  -89.3      3   0.00    150      9  404.3  404.3  404.3
   93.0  17188  -66.5  -89.7      3   0.00    215     15  407.4  407.4  407.4
   91.1  17313  -66.1  -90.1      2   0.00    257     13  410.5  410.6  410.5
   89.0  17454  -65.6  -89.6      2   0.00    305     10  414.2  414.2  414.2
   88.4  17495  -65.5  -89.5      2   0.00    317     10  415.3  415.3  415.3
   87.0  17592  -65.9  -89.6      2   0.00    345     10  416.5  416.5  416.5
   86.0  17662  -66.1  -89.7      2   0.00     10     11  417.3  417.3  417.3
   84.0  17805  -66.7  -89.8      3   0.00     55     12  419.0  419.1  419.0
   83.1  17870  -66.9  -89.9      3   0.00     70     11  419.8  419.9  419.8
   82.9  17885  -66.9  -89.9      3   0.00     74     11  420.1  420.1  420.1
   80.0  18101  -65.4  -89.1      2   0.00    125      8  427.5  427.6  427.5
   79.1  18170  -64.9  -88.9      2   0.00    138      9  429.9  429.9  429.9
   79.0  18177  -64.9  -88.9      2   0.00    140      9  430.1  430.2  430.1
   78.0  18255  -64.5  -88.5      2   0.00    155      7  432.5  432.5  432.5
   76.0  18415  -63.8  -87.8      3   0.00     55      2  437.2  437.2  437.2
   73.2  18645  -62.7  -86.7      3   0.00    111      7  444.2  444.2  444.2
   73.0  18662  -62.7  -86.7      3   0.00    115      7  444.5  444.5  444.5
   72.0  18747  -62.9  -86.9      3   0.00    125      4  446.0  446.0  446.0
   71.0  18833  -63.0  -87.0      3   0.00     30      1  447.5  447.5  447.5
   70.2  18902  -63.1  -87.1      3   0.00      6      2  448.7  448.7  448.7
   70.0  18920  -63.1  -87.1      3   0.00      0      2  449.1  449.1  449.1
   69.0  19009  -62.8  -87.0      3   0.00    350      8  451.6  451.6  451.6
   68.0  19099  -62.4  -86.9      2   0.00    355     12  454.2  454.3  454.2
   67.0  19190  -62.1  -86.8      2   0.00     10     11  456.9  456.9  456.9
   65.9  19292  -61.7  -86.7      2   0.00     37     13  459.9  459.9  459.9
   65.0  19378  -61.2  -86.2      2   0.00     60     14  462.9  462.9  462.9
   62.9  19582  -59.9  -84.9      2   0.00    104     11  470.0  470.1  470.0
   61.0  19772  -60.7  -85.3      3   0.00    145      9  472.5  472.5  472.5
   59.0  19979  -61.5  -85.8      3   0.00    175      4  475.1  475.1  475.1
   58.0  20085  -61.9  -86.0      3   0.00    220      6  476.5  476.5  476.5
   57.6  20128  -62.1  -86.1      3   0.00    186      5  477.0  477.1  477.0
   57.2  20171  -62.1  -86.1      3   0.00    152      4  478.0  478.0  478.0
   57.0  20193  -62.0  -86.0      3   0.00    135      3  478.7  478.8  478.7
   56.0  20303  -61.4  -85.8      3   0.00    115      9  482.5  482.5  482.5
   55.0  20415  -60.8  -85.5      3   0.00    140     13  486.4  486.4  486.4
   54.2  20506  -60.3  -85.3      2   0.01    132     13  489.5  489.6  489.5
   54.0  20529  -60.2  -85.2      2   0.01    130     13  490.3  490.4  490.4
   52.3  20729  -59.1  -84.1      3   0.01    134      9  497.3  497.4  497.4
   52.0  20765  -59.2  -84.2      3   0.01    135      8  497.9  497.9  497.9
   51.3  20849  -59.5  -84.5      3   0.01     76      6  499.2  499.2  499.2
   51.0  20886  -59.4  -84.4      3   0.01     50      5  500.2  500.3  500.2
   50.0  21010  -59.1  -84.1      3   0.01     60     11  503.8  503.8  503.8
   49.0  21136  -59.0  -84.0      3   0.01     65     12  507.1  507.1  507.1
   48.7  21175  -58.9  -83.9      3   0.01     67     13  508.1  508.1  508.1
   47.6  21318  -59.1  -84.1      3   0.01     76     16  510.9  511.0  510.9
   46.0  21532  -58.6  -83.6      3   0.01     90     21  517.1  517.2  517.1
   45.1  21656  -58.3  -83.3      3   0.01     86     25  520.8  520.9  520.8
   45.0  21670  -58.3  -83.3      3   0.01     85     26  521.2  521.2  521.2
   43.0  21956  -57.9  -82.9      3   0.01    110     25  529.0  529.0  529.0
   42.0  22104  -57.7  -82.7      3   0.01    100     23  533.0  533.1  533.0
   41.2  22225  -57.5  -82.5      3   0.01     88     27  536.4  536.5  536.4
   41.0  22256  -57.5  -82.4      3   0.01     85     28  537.0  537.1  537.0
   39.7  22459  -57.9  -81.9      3   0.01    101     25  541.1  541.2  541.1
   39.4  22507  -58.1  -82.1      3   0.01    105     25  541.8  541.9  541.8
   39.0  22571  -57.8  -82.1      3   0.01    110     24  544.0  544.1  544.0
   38.0  22735  -57.2  -82.0      3   0.01    100     21  549.8  549.9  549.8
   37.6  22801  -56.9  -81.9      3   0.01     90     23  552.1  552.2  552.1
   37.0  22903  -56.8  -81.8      3   0.01     75     27  555.1  555.2  555.1
   36.8  22937  -56.7  -81.7      3   0.01     75     28  556.0  556.2  556.1
   36.0  23076  -57.3  -81.8      3   0.01     75     31  558.1  558.2  558.1
   35.1  23236  -57.9  -81.9      3   0.01     88     27  560.5  560.6  560.5
   34.5  23344  -58.1  -82.1      3   0.01     97     24  562.7  562.9  562.7
   34.0  23437  -57.7  -81.9      3   0.01    105     21  566.1  566.2  566.1
   33.0  23626  -57.0  -81.4      3   0.02    100     27  572.9  573.1  572.9
   32.0  23820  -56.2  -80.9      3   0.02     90     17  580.1  580.2  580.1
   30.9  24042  -55.3  -80.3      3   0.02     90     21  588.3  588.5  588.3
   30.0  24230  -54.9  -79.9      3   0.02     90     24  594.4  594.6  594.4
   28.0  24672  -54.7  -79.0      4   0.03     70     31  606.6  606.9  606.7
   27.5  24787  -54.7  -78.7      4   0.03     77     33  609.9  610.2  609.9
   27.0  24906  -54.2  -78.5      4   0.03     85     35  614.4  614.7  614.4
   26.0  25149  -53.3  -78.1      3   0.03     85     31  623.7  624.0  623.7
   25.0  25403  -52.3  -77.6      3   0.04     85     32  633.5  633.9  633.6
   24.0  25666  -51.3  -77.2      3   0.04    105     28  643.9  644.3  644.0
   23.8  25720  -51.1  -77.1      3   0.04    101     29  646.1  646.5  646.1
   23.0  25944  -50.5  -76.5      3   0.05     85     34  654.1  654.6  654.1
   22.0  26235  -49.8  -75.8      3   0.06     95     31  664.7  665.3  664.8
   20.9  26571  -48.9  -74.9      3   0.07    100     27  677.2  677.9  677.2
   20.7  26634  -48.9  -74.9      3   0.07    101     26  679.0  679.7  679.0
   20.4  26730  -49.1  -75.1      3   0.07    103     25  681.2  682.0  681.3
   20.0  26860  -49.3  -75.3      3   0.07    105     23  684.5  685.2  684.5
   19.0  27196  -48.8  -74.8      3   0.08    100     20  696.0  696.8  696.1
   18.7  27300  -48.7  -74.7      3   0.08    104     20  699.6  700.5  699.7
   18.2  27478  -48.7  -73.7      4   0.10    112     20  705.1  706.1  705.1
   18.0  27551  -48.9  -73.9      4   0.10    115     20  706.8  707.8  706.9
   17.7  27661  -49.1  -74.1      4   0.09    106     22  709.5  710.4  709.5
   17.0  27926  -48.5  -73.8      4   0.10     85     28  719.6  720.7  719.7
   16.0  28325  -47.6  -73.4      4   0.12     75     18  735.2  736.4  735.2
   15.7  28449  -47.3  -73.3      4   0.12     76     22  740.1  741.4  740.1
   15.0  28751  -46.8  -72.8      4   0.14     80     33  751.5  753.0  751.6
   14.4  29021  -46.3  -72.3      4   0.15     86     31  761.9  763.6  762.0
   14.0  29209  -45.6  -72.0      4   0.16     90     29  770.5  772.3  770.6
   13.4  29500  -44.5  -71.5      3   0.18     84     29  783.9  786.0  784.0
   13.0  29703  -44.2  -71.2      3   0.20     80     29  791.9  794.1  792.0
   12.2  30129  -43.5  -70.5      3   0.23     68     27  808.8  811.4  808.9
   12.0  30240  -43.3  -70.4      3   0.24     65     26  813.3  816.0  813.4
   11.0  30826  -42.2  -70.0      3   0.28     80     32  837.6  840.9  837.8
   10.7  31013  -41.9  -69.9      3   0.29     86     33  845.5  848.9  845.6
   10.2  31336  -41.9  -68.9      4   0.35     96     34  857.1  861.3  857.3
   10.0  31470  -41.9  -68.9      4   0.36    100     34  862.0  866.3  862.2
    9.3  31960  -42.9  -69.9      4   0.33    107     32  876.3  880.3  876.4
    9.2  32032  -42.9  -69.9      4   0.34    108     32  879.0  883.1  879.1
    9.0  32181  -42.1  -69.6      3   0.36    110     31  887.5  892.0  887.7
    8.8  32333  -41.3  -69.3      3   0.38    109     31  896.4  901.2  896.6
    8.4  32649  -40.7  -68.7      3   0.44    107     31  910.7  916.3  911.0
    8.0  32981  -40.5  -68.1      4   0.50    105     31  924.4  930.7  924.6
    7.3  33604  -40.1  -67.1      4   0.63     88     38  950.5  958.7  950.8
    7.1  33793  -39.9  -66.9      4   0.66     83     40  958.8  967.6  959.2
    7.0  33890  -40.1  -68.1      3   0.57     80     41  961.9  969.5  962.2
    6.9  33988  -40.1  -68.1      3   0.58                965.9  973.6  966.2