-----------------------------------------------------------------------------
   PRES   HGHT   TEMP   DWPT   RELH   MIXR   DRCT   SKNT   THTA   THTE   THTV
    hPa     m      C      C      %    g/kg    deg   knot     K      K      K 
-----------------------------------------------------------------------------
 1000.0     65                                                               
  925.0    763                                                               
  871.0   1289   24.4   11.4     44   9.81    160      3  309.5  339.8  311.4
  867.0   1330   24.2   11.2     44   9.72    167      5  309.7  339.8  311.5
  852.0   1487   25.0   10.0     39   9.12    193     11  312.1  340.6  313.8
  851.0   1497   24.9    9.9     39   9.07    195     11  312.1  340.5  313.8
  850.0   1508   24.8    9.8     39   9.02    195     11  312.1  340.3  313.8
  839.0   1622   23.8    8.8     38   8.54    207     11  312.2  339.0  313.8
  836.0   1653   23.6    8.8     39   8.59    210     11  312.3  339.2  314.0
  822.0   1800   22.7    9.0     42   8.84    190     10  312.9  340.6  314.6
  817.0   1853   22.4    9.1     43   8.93    185      9  313.1  341.1  314.8
  808.0   1949   21.8    9.2     45   9.09    205      8  313.4  342.0  315.1
  794.0   2101   20.8    9.3     48   9.36    215      8  314.0  343.4  315.8
  788.0   2166   20.4    9.4     49   9.48    231      6  314.2  344.1  316.0
  773.0   2332   19.4    7.9     47   8.69    270      1  314.9  342.4  316.5
  765.0   2421   18.9    7.0     46   8.29    325      2  315.2  341.6  316.8
  761.0   2466   18.6    6.6     45   8.09    330      2  315.4  341.1  317.0
  736.0   2751   16.0    5.0     48   7.48      1      2  315.6  339.5  317.0
  725.0   2879   15.2    2.3     42   6.29     15      2  316.1  336.4  317.4
  716.0   2985   14.6    0.1     37   5.43    335      5  316.6  334.2  317.6
  713.0   3020   14.4   -0.6     36   5.16    325      5  316.7  333.5  317.7
  702.0   3151   13.2   -1.8     35   4.81    290      6  316.8  332.5  317.8
  700.0   3175   13.0   -2.0     35   4.74    290      5  316.9  332.3  317.8
  695.0   3235   12.5   -2.0     36   4.77    305      5  316.9  332.5  317.8
  680.0   3417   10.8   -2.1     40   4.85    295      9  317.1  332.9  318.0
  674.0   3491   10.2   -2.1     42   4.88    305      8  317.1  333.0  318.0
  662.0   3641    8.8   -2.2     46   4.94    296      8  317.2  333.3  318.2
  654.0   3741    8.0   -3.6     44   4.50    290      8  317.4  332.2  318.3
  637.0   3958    6.2   -6.6     39   3.67    295     16  317.8  330.0  318.5
  635.0   3983    6.0   -7.0     39   3.58    294     16  317.8  329.7  318.5
  629.0   4061    5.3   -8.0     38   3.36    290     14  317.9  329.1  318.6
  618.0   4205    4.1   -9.7     36   2.97    290     19  318.2  328.1  318.7
  615.0   4244    3.8  -10.2     35   2.88    290     21  318.2  327.9  318.8
  614.0   4258    3.7  -10.2     35   2.88    290     22  318.2  327.9  318.8
  607.0   4350    2.9  -10.3     37   2.88    290     23  318.4  328.1  319.0
  595.0   4512    1.6  -10.6     40   2.89    290     25  318.7  328.4  319.3
  593.0   4539    1.4  -10.6     40   2.89    288     26  318.8  328.5  319.3
  582.0   4689    0.8  -11.9     38   2.66    280     31  319.7  328.8  320.2
  576.0   4773    0.4  -12.6     37   2.53    280     34  320.2  328.9  320.7
  575.0   4786    0.3  -12.6     37   2.54    280     34  320.3  329.0  320.8
  553.0   5095   -2.1  -12.3     45   2.70    275     44  321.1  330.3  321.6
  529.0   5445   -4.8  -12.0     57   2.90    260     47  321.9  331.8  322.5
  501.0   5874   -8.1  -11.6     76   3.16    265     50  322.9  333.7  323.5
  500.0   5890   -8.1  -11.6     76   3.17    265     50  323.1  333.9  323.7
  499.0   5906   -8.2  -11.8     76   3.12    265     51  323.1  333.8  323.7
  488.0   6078   -9.9  -14.0     72   2.67    265     49  323.1  332.3  323.7
  485.0   6126  -10.3  -14.2     73   2.65    265     48  323.2  332.3  323.7
  478.0   6238  -11.3  -14.5     77   2.62    265     49  323.3  332.3  323.8
  472.0   6335  -12.1  -15.7     75   2.40    265     49  323.5  331.8  324.0
  471.0   6351  -12.2  -15.7     75   2.40    265     49  323.6  331.9  324.0
  462.0   6499  -13.3  -15.7     82   2.45    268     48  324.0  332.5  324.5
  455.0   6615  -13.9  -17.6     74   2.13    270     47  324.6  332.1  325.0
  447.0   6750  -14.7  -19.7     66   1.80    274     47  325.3  331.7  325.7
  438.0   6904  -16.1  -20.1     71   1.78    278     48  325.4  331.7  325.8
  435.0   6955  -16.5  -20.4     72   1.75    280     48  325.5  331.7  325.9
  430.0   7042  -17.3  -20.8     74   1.70    280     50  325.7  331.7  326.0
  423.0   7165  -18.3  -21.5     76   1.63    280     52  325.9  331.7  326.2
  419.0   7236  -19.0  -22.0     78   1.58    280     53  325.8  331.5  326.1
  413.0   7343  -20.2  -22.7     80   1.51    280     53  325.7  331.1  326.0
  408.0   7434  -21.1  -23.3     83   1.45    275     51  325.6  330.8  325.9
  406.0   7470  -21.5  -23.5     84   1.42    277     53  325.6  330.7  325.9
  403.0   7525  -21.9  -24.4     80   1.32    280     55  325.7  330.5  325.9
  402.0   7543  -22.1  -24.7     79   1.29    280     55  325.7  330.4  326.0
  400.0   7580  -22.1  -25.5     74   1.21    280     54  326.2  330.6  326.4
  397.0   7636  -20.9  -30.1     44   0.80    280     54  328.4  331.4  328.6
  395.0   7673  -20.1  -33.1     30   0.60    280     53  330.0  332.3  330.1
  388.0   7805  -20.4  -49.2      6   0.11    280     50  331.2  331.7  331.2
  387.0   7824  -20.5  -51.5      4   0.09    280     50  331.4  331.7  331.4
  376.0   8036  -21.7  -52.7      4   0.08    275     48  332.5  332.9  332.6
  372.0   8115  -22.1  -53.1      4   0.07    275     49  333.0  333.3  333.0
  367.0   8215  -22.7  -53.7      4   0.07    275     51  333.5  333.8  333.5
  365.0   8255  -22.9  -54.1      4   0.07    275     52  333.8  334.1  333.8
  354.0   8478  -23.9  -56.3      3   0.05    270     55  335.4  335.6  335.4
  351.0   8540  -24.1  -56.9      3   0.05    270     55  335.9  336.1  335.9
  349.0   8582  -24.3  -57.3      3   0.05    270     55  336.2  336.4  336.2
  347.0   8624  -24.6  -57.1      3   0.05    270     54  336.3  336.5  336.3
  345.0   8666  -24.9  -56.9      3   0.05    271     55  336.5  336.7  336.5
  334.0   8901  -25.9  -59.9      3   0.04    274     59  338.2  338.4  338.2
  332.0   8944  -26.2  -59.1      3   0.04    275     60  338.4  338.6  338.4
  325.0   9098  -27.1  -56.1      5   0.06    270     62  339.2  339.5  339.2
  317.0   9276  -28.2  -58.7      4   0.04    265     64  340.1  340.3  340.1
  303.0   9599  -30.3  -63.3      2   0.03    260     63  341.6  341.7  341.6
  300.0   9670  -30.9  -61.9      3   0.03    255     63  341.7  341.9  341.7
  294.0   9813  -32.1  -61.1      4   0.03    259     64  342.0  342.1  342.0
  293.0   9837  -32.3  -61.7      4   0.03    260     64  342.1  342.2  342.1
  286.0  10007  -33.4  -65.6      2   0.02    255     64  342.8  342.9  342.8
  280.0  10156  -34.4  -69.1      2   0.01    260     65  343.5  343.6  343.5
  277.0  10231  -34.9  -70.9      1   0.01    260     66  343.8  343.9  343.8
  274.0  10307  -35.3  -71.3      1   0.01    260     67  344.3  344.4  344.3
  269.0  10435  -36.2  -71.8      1   0.01    260     68  344.8  344.9  344.8
  263.0  10592  -37.3  -72.3      1   0.01    260     69  345.4  345.5  345.4
  259.0  10697  -38.2  -72.6      1   0.01    260     70  345.6  345.6  345.6
  250.0  10940  -40.3  -73.3      2   0.01    255     70  346.0  346.1  346.0
  249.0  10967  -40.3  -73.3      2   0.01    255     70  346.4  346.4  346.4
  243.0  11131  -41.6  -72.9      2   0.01    255     70  346.9  346.9  346.9
  233.0  11412  -43.8  -72.2      3   0.01    255     72  347.7  347.8  347.7
  230.0  11499  -44.5  -71.9      3   0.01    255     73  348.0  348.0  348.0
  219.0  11828  -47.1  -71.1      5   0.01    258     71  348.9  348.9  348.9
  212.0  12040  -49.0  -69.4      7   0.02    260     70  349.2  349.3  349.2
  206.0  12227  -50.6  -67.9     11   0.02    260     72  349.5  349.6  349.5
  203.0  12323  -51.5  -67.1     14   0.02    260     71  349.6  349.8  349.6
  200.0  12420  -52.3  -66.3     17   0.03    260     71  349.8  349.9  349.8
  196.0  12550  -53.3  -66.3     19   0.03    262     72  350.2  350.3  350.2
  192.0  12683  -53.9  -70.9     11   0.01    264     73  351.3  351.4  351.3
  189.0  12783  -54.6  -71.2     11   0.01    265     74  351.9  351.9  351.9
  184.0  12954  -55.7  -71.8     12   0.01    265     72  352.8  352.8  352.8
  183.0  12989  -55.9  -71.9     12   0.01    265     73  352.9  353.0  352.9
  177.0  13200  -57.4  -74.9      9   0.01    265     77  353.9  353.9  353.9
  175.0  13272  -57.9  -75.9      8   0.01    266     76  354.2  354.2  354.2
  169.0  13491  -59.3  -75.3     11   0.01    271     73  355.4  355.4  355.4
  163.0  13716  -60.5  -78.2      8   0.01    275     69  357.1  357.1  357.1
  162.0  13755  -60.7  -78.7      8   0.01    274     68  357.4  357.4  357.4
  160.0  13832  -60.9  -78.9      8   0.00    273     67  358.3  358.3  358.3
  156.0  13988  -62.0  -80.0      7   0.00    270     64  359.0  359.0  359.0
  153.0  14108  -62.9  -80.9      7   0.00    270     65  359.5  359.5  359.5
  150.0  14230  -63.5  -81.5      7   0.00    270     66  360.5  360.5  360.5
  149.0  14271  -63.5  -81.5      7   0.00    272     65  361.2  361.2  361.2
  144.0  14481  -63.1  -81.1      7   0.00    282     57  365.4  365.4  365.4
  140.0  14655  -63.6  -83.0      6   0.00    290     51  367.4  367.5  367.4
  138.0  14743  -63.9  -83.9      5   0.00    288     49  368.5  368.5  368.5
  137.0  14788  -63.7  -83.7      5   0.00    287     49  369.6  369.6  369.6
  136.0  14833  -63.5  -83.5      5   0.00    286     48  370.7  370.7  370.7
  135.0  14878  -63.4  -83.4      5   0.00    285     47  371.7  371.8  371.8
  133.0  14970  -63.1  -83.1      5   0.00    288     46  373.8  373.8  373.8
  128.0  15206  -63.9  -84.9      4   0.00    297     44  376.5  376.5  376.5
  126.0  15303  -63.2  -84.5      4   0.00    300     43  379.4  379.4  379.4
  119.0  15656  -60.9  -82.9      4   0.00    288     26  389.9  389.9  389.9
  117.0  15762  -61.2  -84.5      3   0.00    285     21  391.3  391.3  391.3
  116.0  15815  -61.3  -85.3      3   0.00    283     22  392.0  392.1  392.0
  115.0  15869  -61.1  -86.1      2   0.00    280     23  393.4  393.4  393.4
  113.0  15978  -60.5  -86.5      2   0.00    270     21  396.5  396.5  396.5
  110.0  16145  -61.8  -88.2      2   0.00    255     18  397.2  397.2  397.2
  106.0  16374  -63.5  -90.5      1   0.00    243     20  398.1  398.1  398.1
  102.0  16609  -65.6  -90.6      2   0.00    230     23  398.4  398.4  398.4
  100.0  16730  -66.7  -90.7      2   0.00    230     23  398.6  398.6  398.6
   98.3  16833  -67.3  -90.3      3   0.00    230     25  399.4  399.4  399.4
   98.0  16851  -67.3  -90.1      3   0.00    230     25  399.8  399.8  399.8
   96.2  16963  -67.1  -89.1      3   0.00    230     21  402.2  402.3  402.2
   96.0  16975  -67.1  -89.0      3   0.00    230     21  402.6  402.6  402.6
   95.0  17038  -66.9  -88.3      3   0.00    255     23  404.2  404.2  404.2
   94.2  17089  -66.7  -87.7      4   0.00    261     18  405.5  405.5  405.5
   93.0  17167  -66.7  -87.7      4   0.00    270     10  406.9  407.0  406.9
   92.0  17231  -67.0  -88.0      4   0.00    275     19  407.7  407.7  407.7
   89.0  17430  -67.7  -88.7      4   0.00    300     10  410.0  410.0  410.0
   88.0  17498  -68.0  -89.0      4   0.00    295      5  410.8  410.8  410.8
   87.6  17526  -68.1  -89.1      4   0.00    287      6  411.1  411.2  411.1
   86.0  17636  -67.2  -89.1      3   0.00    255     11  415.1  415.1  415.1
   85.8  17650  -67.1  -89.1      3   0.00    254     11  415.6  415.6  415.6
   84.1  17771  -65.3  -87.3      3   0.00    241     10  421.6  421.7  421.6
   82.0  17925  -64.8  -88.0      3   0.00    225      8  425.6  425.6  425.6
   78.7  18175  -64.1  -89.1      2   0.00    262      7  432.2  432.2  432.2
   75.0  18469  -63.8  -91.1      1   0.00    305      5  438.8  438.9  438.8
   74.0  18550  -63.7  -91.7      1   0.00    308      5  440.7  440.7  440.7
   71.6  18752  -64.1  -91.1      1   0.00    315      5  444.0  444.1  444.0
   70.0  18890  -62.9  -90.9      1   0.00    320      5  449.5  449.5  449.5
   67.8  19087  -61.5  -89.5      1   0.00    301      3  456.6  456.6  456.6
   66.0  19254  -60.9  -88.9      1   0.00    285      2  461.5  461.5  461.5
   65.0  19349  -60.5  -88.5      1   0.00     55      2  464.3  464.4  464.3
   64.0  19446  -60.5  -88.5      1   0.00     80      3  466.4  466.4  466.4
   63.6  19485  -60.7  -88.7      1   0.00     90      4  466.8  466.8  466.8
   63.0  19544  -60.5  -88.6      1   0.00    105      5  468.6  468.6  468.6
   62.0  19644  -60.1  -88.5      1   0.00     75      4  471.6  471.6  471.6
   61.0  19745  -59.6  -88.3      1   0.00     30     10  474.7  474.8  474.7
   60.0  19848  -59.2  -88.2      1   0.00     45     18  477.9  477.9  477.9
   59.7  19880  -59.1  -88.1      1   0.00     45     15  478.9  478.9  478.9
   59.0  19954  -58.9  -87.9      1   0.00     45      9  480.9  481.0  480.9
   58.0  20061  -58.6  -87.6      1   0.00     50      7  483.9  483.9  483.9
   57.0  20170  -58.4  -87.4      1   0.00     20      5  486.9  487.0  486.9
   56.8  20192  -58.3  -87.3      1   0.00     20      5  487.6  487.6  487.6
   56.0  20282  -57.9  -86.9      1   0.00     20      7  490.5  490.6  490.5
   55.0  20395  -57.3  -86.3      1   0.00     40      9  494.3  494.4  494.3
   54.6  20441  -57.1  -86.1      1   0.00     60      8  495.9  495.9  495.9
   54.0  20511  -56.9  -85.9      1   0.00     90      6  497.9  497.9  497.9
   53.0  20630  -56.5  -85.5      1   0.01     80      5  501.4  501.4  501.4
   51.0  20874  -55.8  -84.8      2   0.01     90     11  508.6  508.6  508.6
   50.6  20924  -55.7  -84.7      2   0.01     96     10  510.0  510.1  510.0
   50.0  21000  -55.9  -84.9      2   0.01    105      8  511.3  511.4  511.3
   49.0  21129  -55.5  -84.5      2   0.01     90      6  515.3  515.4  515.3
   48.0  21261  -55.0  -84.0      2   0.01     80     10  519.5  519.5  519.5
   47.8  21287  -54.9  -83.9      2   0.01     78     10  520.3  520.4  520.3
   46.0  21534  -54.5  -83.7      2   0.01     55     10  527.1  527.2  527.1
   44.0  21819  -53.9  -83.5      2   0.01    105      7  535.1  535.2  535.1
   42.0  22118  -53.4  -83.3      1   0.01    125      8  543.6  543.7  543.6
   41.7  22164  -53.3  -83.3      1   0.01    112     10  545.0  545.0  545.0
   41.0  22273  -53.5  -83.3      2   0.01     80     14  547.0  547.1  547.0
   37.0  22931  -55.0  -83.1      2   0.01    120      7  559.5  559.6  559.5
   36.8  22966  -55.1  -83.1      2   0.01    117      7  560.2  560.3  560.2
   36.5  23019  -55.1  -83.1      2   0.01    113      7  561.5  561.6  561.5
   36.0  23107  -54.9  -83.2      2   0.01    105      6  564.3  564.4  564.3
   35.2  23251  -54.5  -83.5      2   0.01     77     12  568.9  569.0  568.9
   35.0  23287  -54.5  -83.5      2   0.01     70     14  569.9  570.0  569.9
   34.1  23454  -54.3  -83.3      2   0.01     70     17  574.6  574.7  574.6
   34.0  23473  -54.3  -83.3      2   0.01     70     17  575.1  575.2  575.1
   32.9  23684  -54.1  -83.1      2   0.01     59     18  581.0  581.1  581.0
   32.0  23863  -53.4  -82.4      2   0.01     50     18  587.5  587.7  587.5
   31.0  24068  -52.6  -81.6      2   0.02     70     21  595.1  595.2  595.1
   30.9  24088  -52.5  -81.5      2   0.02     70     22  595.9  596.0  595.9
   30.0  24280  -51.7  -80.7      2   0.02     65     30  603.1  603.3  603.1
   29.4  24411  -51.5  -80.5      2   0.02     62     33  607.1  607.3  607.1
   29.0  24500  -51.5  -80.5      2   0.02     60     35  609.5  609.7  609.5
   28.0  24727  -51.5  -80.5      2   0.02     85     24  615.6  615.9  615.7
   27.9  24750  -51.5  -80.5      2   0.02     86     25  616.3  616.5  616.3
   27.0  24963  -51.1  -80.1      2   0.02     95     29  623.3  623.5  623.3
   26.0  25209  -50.5  -79.5      2   0.03     95     28  631.5  631.8  631.5
   25.9  25234  -50.5  -79.5      2   0.03     94     28  632.4  632.6  632.4
   25.0  25465  -49.8  -78.8      2   0.03     80     23  640.8  641.1  640.8
   24.0  25733  -49.0  -78.0      2   0.04     95     25  650.6  651.0  650.6
   23.0  26011  -48.2  -77.2      2   0.05     85     28  661.0  661.4  661.0
   22.9  26040  -48.1  -77.1      2   0.05     87     28  662.1  662.5  662.1
   22.0  26303  -48.5  -76.8      2   0.05    105     23  668.5  669.0  668.6
   21.5  26454  -48.7  -76.7      2   0.05     98     20  672.3  672.8  672.3
   21.0  26609  -48.4  -76.8      2   0.05     90     16  677.6  678.1  677.6
   20.0  26930  -47.9  -76.9      2   0.05     90     18  688.8  689.3  688.8
   19.0  27270  -47.3  -76.0      2   0.07    100     28  700.7  701.4  700.8
   18.0  27628  -46.7  -75.2      3   0.08    110     21  713.5  714.3  713.5
   17.0  28007  -46.1  -74.2      3   0.10     80     29  727.3  728.3  727.3
   16.7  28125  -45.9  -73.9      3   0.10     79     28  731.6  732.7  731.7
   16.0  28410  -46.1  -74.1      3   0.10     75     27  740.0  741.1  740.0
   15.4  28664  -46.3  -74.3      3   0.11     78     28  747.5  748.6  747.5
   15.2  28751  -46.1  -74.1      3   0.11     79     29  750.9  752.1  751.0
   15.0  28840  -45.7  -73.8      3   0.12     80     29  755.0  756.3  755.1
   14.0  29302  -43.7  -72.6      3   0.15     80     38  776.8  778.5  776.9
   13.8  29398  -43.3  -72.3      3   0.16     82     38  781.5  783.2  781.5
   13.0  29802  -42.8  -71.8      3   0.18     90     38  796.7  798.7  796.8
   12.0  30343  -42.1  -71.1      3   0.22    105     38  817.6  820.1  817.7
   11.2  30809  -41.5  -70.5      3   0.25     89     34  836.0  839.0  836.1
   11.0  30932  -41.4  -70.5      3   0.26     85     33  840.9  843.9  841.0
   10.2  31445  -40.7  -70.7      3   0.27     93     39  861.6  864.9  861.7
   10.0  31580  -40.5  -70.5      3   0.28     95     41  867.2  870.7  867.4
    9.0  32301  -38.9  -68.9      3   0.39    105     40  899.7  904.6  899.9
    8.5  32691  -38.1  -68.1      3   0.47    100     40  917.8  923.8  918.1
    8.0  33107  -38.8  -68.4      3   0.48     95     41  931.0  937.2  931.3
    7.3  33734  -39.9  -68.9      3   0.49     88     38  951.3  957.7  951.5
    7.0  34020  -39.7  -68.7      3   0.52     85     36  963.6  970.6  963.9
    6.9  34118  -39.5  -68.5      3   0.55                968.4  975.7  968.7
    6.7  34320  -39.7  -68.7      3   0.55                975.7  983.1  976.0