-----------------------------------------------------------------------------
   PRES   HGHT   TEMP   DWPT   RELH   MIXR   DRCT   SKNT   THTA   THTE   THTV
    hPa     m      C      C      %    g/kg    deg   knot     K      K      K 
-----------------------------------------------------------------------------
 1000.0     32                                                               
  925.0    752                                                               
  872.0   1289   35.2    4.2     14   5.96    115     13  320.7  340.3  321.8
  868.0   1331   34.4    2.4     13   5.27     92     13  320.2  337.6  321.3
  865.0   1362   34.1    2.4     14   5.29     75     13  320.2  337.7  321.2
  860.0   1414   33.5    2.4     14   5.32     65     12  320.2  337.7  321.2
  852.0   1499   32.6    2.4     15   5.37     65     14  320.1  337.8  321.1
  850.0   1520   32.4    2.4     15   5.38     65     14  320.1  337.8  321.1
  844.0   1582   31.8    2.3     15   5.39     55     13  320.1  337.9  321.2
  836.0   1665   31.1    2.2     16   5.41     55      9  320.2  338.0  321.2
  829.0   1739   30.4    2.2     16   5.43     40      8  320.2  338.1  321.3
  824.0   1791   29.9    2.1     17   5.44     60      7  320.2  338.2  321.3
  796.0   2093   27.1    1.8     19   5.50    100      4  320.4  338.6  321.5
  779.0   2282   25.3    1.6     21   5.54    225      2  320.5  338.8  321.6
  759.0   2509   23.2    1.4     24   5.59    285      9  320.6  339.0  321.7
  747.0   2648   21.9    1.2     25   5.62    300      6  320.7  339.2  321.8
  735.0   2790   20.6    1.1     27   5.65    290      6  320.7  339.3  321.8
  726.0   2897   19.6    0.9     29   5.67    265      7  320.8  339.4  321.9
  703.0   3179   16.9    0.6     33   5.73    280     11  320.8  339.7  321.9
  700.0   3216   16.6    0.6     34   5.74    275     10  320.8  339.7  321.9
  688.0   3362   15.3    0.5     36   5.78    250      8  320.9  340.0  322.1
  666.0   3636   12.8    0.2     42   5.86    290     14  321.1  340.4  322.2
  658.0   3738   11.8    0.1     44   5.89    285     10  321.2  340.5  322.3
  651.0   3828   11.0    0.0     47   5.91    292     12  321.2  340.7  322.4
  642.0   3944   10.0   -0.6     48   5.75    300     14  321.4  340.4  322.5
  635.0   4035    9.3   -1.0     49   5.63    290     16  321.5  340.1  322.6
  630.0   4101    8.7   -1.3     49   5.54    295     15  321.6  339.9  322.7
  629.0   4114    8.6   -1.4     49   5.52    296     15  321.7  339.9  322.7
  622.0   4206    8.1   -2.8     46   5.03    300     15  322.1  338.8  323.1
  621.0   4220    8.0   -3.0     46   4.96    300     15  322.1  338.6  323.1
  618.0   4259    7.7   -3.1     46   4.94    300     14  322.2  338.6  323.2
  613.0   4324    7.1   -3.4     47   4.89    320     13  322.3  338.6  323.2
  605.0   4430    6.1   -3.7     49   4.82    305     13  322.4  338.5  323.4
  600.0   4497    5.5   -4.0     50   4.78    315     11  322.5  338.4  323.4
  591.0   4618    4.5   -4.4     53   4.69    260     10  322.6  338.3  323.6
  581.0   4755    3.3   -4.9     55   4.60    250     13  322.8  338.2  323.7
  566.0   4966    1.4   -5.6     60   4.46    240     17  323.0  338.0  323.9
  559.0   5066    0.5   -6.0     62   4.40    240     16  323.1  337.9  324.0
  552.0   5167   -0.4   -6.3     64   4.33    230     17  323.2  337.8  324.1
  546.0   5255   -1.2   -6.7     66   4.28    235     17  323.3  337.7  324.2
  539.0   5359   -2.1   -7.0     69   4.21    230     21  323.4  337.6  324.2
  533.0   5449   -2.9   -7.3     71   4.16    230     18  323.5  337.5  324.3
  516.0   5710   -5.2   -8.3     79   4.00    225     24  323.7  337.2  324.5
  508.0   5836   -6.3   -8.7     83   3.92    227     25  323.8  337.1  324.6
  500.0   5960   -7.1  -10.1     79   3.57    230     25  324.3  336.5  325.0
  496.0   6023   -7.5  -11.1     76   3.33    230     25  324.6  336.0  325.2
  486.0   6181   -8.5  -13.5     67   2.79    234     24  325.2  334.9  325.8
  483.0   6229   -8.7  -13.4     69   2.83    235     24  325.6  335.4  326.1
  479.0   6294   -9.0  -15.6     59   2.38    230     24  326.0  334.4  326.5
  475.0   6359   -9.2  -17.8     50   2.00    235     24  326.5  333.5  326.9
  468.0   6474   -9.7  -21.7     37   1.45    235     24  327.3  332.5  327.6
  467.0   6490   -9.8  -21.3     39   1.50    235     24  327.4  332.8  327.7
  459.0   6623  -10.5  -18.0     54   2.03    230     28  328.1  335.3  328.5
  453.0   6725  -11.1  -15.5     70   2.54    232     28  328.6  337.5  329.1
  446.0   6844  -12.0  -16.1     71   2.45    235     27  329.0  337.6  329.5
  440.0   6948  -12.7  -16.7     72   2.37    235     26  329.3  337.7  329.8
  438.0   6983  -12.8  -16.9     72   2.33    235     25  329.5  337.8  330.0
  432.0   7088  -13.3  -17.6     70   2.23    239     24  330.3  338.2  330.7
  422.0   7266  -14.8  -18.6     72   2.10    245     23  330.6  338.1  331.1
  421.0   7284  -14.9  -18.7     73   2.09    244     23  330.7  338.1  331.1
  417.0   7356  -15.3  -20.0     67   1.89    242     23  331.1  337.9  331.4
  412.0   7448  -15.9  -19.9     71   1.92    238     22  331.4  338.4  331.8
  407.0   7540  -16.5  -21.0     68   1.77    235     22  331.8  338.2  332.2
  400.0   7670  -17.5  -21.4     72   1.74    230     21  332.2  338.5  332.5
  396.0   7745  -18.3  -21.9     73   1.68    225     21  332.1  338.2  332.4
  378.0   8090  -20.1  -26.0     60   1.22    215     21  334.1  338.6  334.3
  370.0   8248  -21.0  -27.9     54   1.05    210     20  335.0  339.0  335.2
  369.0   8269  -21.1  -28.1     53   1.03    211     20  335.1  339.0  335.3
  362.0   8409  -22.1  -24.1     84   1.51    219     18  335.6  341.2  335.9
  357.0   8511  -22.9  -27.6     65   1.12    225     16  335.9  340.2  336.2
  353.0   8593  -23.5  -30.3     53   0.87    225     16  336.2  339.6  336.4
  340.0   8866  -25.5  -39.6     25   0.36    225     20  337.1  338.5  337.1
  335.0   8974  -26.3  -43.3     19   0.25    225     22  337.4  338.4  337.4
  328.0   9125  -27.5  -43.3     21   0.25    225     24  337.8  338.8  337.8
  318.0   9347  -29.3  -43.3     25   0.26    225     26  338.3  339.4  338.3
  316.0   9392  -29.6  -44.3     23   0.24    225     26  338.5  339.5  338.5
  309.0   9551  -30.7  -47.7     17   0.17    230     27  339.1  339.8  339.1
  301.0   9736  -31.8  -45.2     25   0.23    235     29  340.2  341.1  340.2
  300.0   9760  -31.9  -44.9     26   0.23    235     29  340.3  341.3  340.4
  295.0   9878  -33.0  -43.9     33   0.26    235     26  340.3  341.4  340.4
  286.0  10096  -35.1  -42.1     49   0.33    231     25  340.4  341.8  340.5
  285.0  10120  -35.3  -42.3     49   0.33    230     25  340.5  341.9  340.6
  281.0  10218  -35.9  -42.9     49   0.31    230     27  341.0  342.2  341.0
  278.0  10293  -36.5  -42.8     52   0.32    230     29  341.2  342.5  341.2
  272.0  10443  -37.7  -42.5     60   0.33    230     33  341.6  342.9  341.6
  266.0  10597  -38.9  -42.3     70   0.35    230     33  342.0  343.4  342.1
  265.0  10623  -39.1  -42.7     69   0.34    230     33  342.0  343.4  342.1
  262.0  10701  -39.9  -43.8     66   0.30    232     34  342.0  343.2  342.1
  259.0  10780  -40.5  -44.2     67   0.29    235     36  342.2  343.5  342.3
  256.0  10859  -41.1  -44.7     68   0.28    233     37  342.5  343.7  342.6
  252.0  10966  -42.1  -45.9     66   0.25    231     38  342.6  343.6  342.6
  250.0  11020  -42.3  -46.0     67   0.25    230     38  343.0  344.1  343.1
  241.0  11267  -44.5  -49.5     57   0.17    227     41  343.4  344.1  343.4
  234.0  11463  -46.0  -50.4     61   0.16    225     43  344.1  344.8  344.1
  224.0  11753  -48.1  -51.6     67   0.15    229     45  345.1  345.7  345.1
  221.0  11841  -48.7  -52.4     65   0.14    230     46  345.5  346.1  345.5
  219.0  11901  -49.1  -52.9     64   0.13    230     46  345.8  346.3  345.8
  217.0  11961  -49.7  -53.3     66   0.12    230     47  345.8  346.3  345.8
  214.0  12052  -50.3  -54.0     65   0.12    230     47  346.2  346.7  346.2
  210.0  12175  -51.5  -55.0     66   0.10    230     48  346.2  346.7  346.2
  207.0  12268  -52.1  -55.8     64   0.10    230     50  346.7  347.1  346.7
  203.0  12394  -53.5  -56.7     68   0.09    230     50  346.4  346.8  346.4
  200.0  12490  -54.3  -57.4     68   0.08    230     50  346.6  347.0  346.6
  186.0  12951  -56.2  -62.6     44   0.04    240     34  350.8  351.0  350.8
  178.0  13230  -57.4  -65.8     33   0.03    230     22  353.3  353.4  353.3
  172.0  13448  -58.3  -68.3     27   0.02    210     29  355.3  355.4  355.3
  167.0  13633  -59.5  -69.5     26   0.02    218     34  356.3  356.4  356.3
  162.0  13823  -60.7  -70.7     26   0.02    225     39  357.4  357.4  357.4
  160.0  13900  -60.7  -71.7     22   0.01    228     41  358.6  358.7  358.6
  159.0  13939  -60.7  -71.7     22   0.02    230     42  359.3  359.4  359.3
  156.0  14057  -61.1  -73.1     19   0.01    237     39  360.6  360.6  360.6
  150.0  14300  -62.7  -73.7     21   0.01    250     34  361.9  361.9  361.9
  149.0  14341  -62.9  -73.7     22   0.01    255     32  362.2  362.3  362.2
  146.0  14466  -63.5  -73.5     25   0.01    265     33  363.3  363.4  363.3
  145.0  14508  -63.5  -73.5     25   0.01    267     31  364.0  364.1  364.0
  142.0  14637  -63.3  -74.3     21   0.01    272     24  366.5  366.6  366.5
  140.0  14724  -63.7  -75.4     19   0.01    275     19  367.3  367.4  367.3
  139.0  14768  -63.9  -75.9     18   0.01    272     18  367.7  367.8  367.7
  135.0  14946  -65.1  -77.1     18   0.01    260     13  368.7  368.7  368.7
  134.0  14992  -65.1  -77.1     18   0.01    250     12  369.5  369.5  369.5
  133.0  15037  -65.0  -77.3     17   0.01    240     10  370.3  370.4  370.3
  131.0  15130  -65.0  -77.7     16   0.01    205     11  372.1  372.2  372.1
  130.0  15176  -64.9  -77.9     15   0.01    208     12  373.0  373.1  373.0
  129.0  15223  -65.1  -78.1     15   0.01    212     13  373.5  373.5  373.5
  125.0  15416  -64.7  -78.4     14   0.01    225     16  377.6  377.6  377.6
  123.0  15514  -64.5  -78.5     13   0.01    225     19  379.7  379.7  379.7
  122.0  15564  -64.4  -78.4     13   0.01    225     22  380.8  380.8  380.8
  121.0  15614  -64.3  -78.3     13   0.01    218     21  381.9  381.9  381.9
  116.0  15871  -65.5  -80.3     11   0.01    185     16  384.3  384.4  384.3
  115.0  15924  -65.7  -80.7     11   0.01    185     17  384.8  384.9  384.9
  114.0  15977  -65.9  -80.6     11   0.01    185     18  385.4  385.5  385.4
  112.0  16084  -66.3  -80.3     12   0.01    183     20  386.6  386.7  386.6
  108.0  16304  -67.3  -82.3     10   0.00    180     25  388.8  388.8  388.8
  106.0  16417  -67.1  -82.1     10   0.00    180     27  391.2  391.3  391.2
  105.0  16474  -66.8  -82.1     10   0.00    190     25  392.9  392.9  392.9
  100.0  16770  -65.3  -82.3      8   0.00    220     31  401.3  401.3  401.3
   97.9  16899  -64.7  -82.7      7   0.00    232     26  404.9  404.9  404.9
   95.4  17056  -64.3  -83.3      6   0.00    247     19  408.7  408.7  408.7
   94.0  17146  -64.4  -84.1      5   0.00    255     15  410.1  410.2  410.1
   93.4  17185  -64.5  -84.5      5   0.00    254     14  410.8  410.8  410.8
   93.2  17198  -64.5  -84.5      5   0.00    253     14  411.0  411.1  411.0
   92.0  17277  -64.6  -84.9      5   0.00    250     12  412.4  412.4  412.4
   91.0  17343  -64.6  -85.3      4   0.00    275      8  413.6  413.6  413.6
   88.0  17547  -64.8  -86.4      4   0.00    305      9  417.2  417.2  417.2
   84.0  17829  -65.1  -87.9      3   0.00    220      6  422.3  422.3  422.3
   83.5  17865  -65.1  -88.1      3   0.00    215      7  422.9  422.9  422.9
   82.0  17975  -64.9  -88.4      3   0.00    200     12  425.6  425.6  425.6
   80.9  18057  -64.7  -88.7      2   0.00    204     13  427.6  427.6  427.6
   79.0  18202  -63.8  -87.8      2   0.00    210     16  432.3  432.3  432.3
   77.0  18359  -62.9  -86.9      3   0.00    236     11  437.4  437.4  437.4
   76.0  18439  -63.2  -87.0      3   0.00    250      8  438.4  438.4  438.4
   74.0  18601  -63.8  -87.4      3   0.00    260      9  440.5  440.5  440.5
   70.6  18888  -64.9  -87.9      3   0.00    167      4  444.1  444.1  444.1
   70.0  18940  -65.1  -88.1      3   0.00    150      3  444.8  444.8  444.8
   69.0  19028  -65.4  -88.4      3   0.00     85      7  446.0  446.0  446.0
   68.6  19063  -65.5  -88.5      3   0.00     94      8  446.5  446.5  446.5
   66.0  19300  -64.2  -87.8      3   0.00    155     16  454.3  454.3  454.3
   63.0  19586  -62.6  -87.0      2   0.00    180      9  463.9  463.9  463.9
   62.0  19684  -62.0  -86.8      2   0.00    180      3  467.2  467.2  467.2
   61.0  19784  -61.5  -86.5      2   0.00     80      7  470.6  470.6  470.6
   60.0  19886  -61.1  -86.1      2   0.00     90      7  473.8  473.9  473.8
   59.2  19969  -60.7  -85.7      2   0.00     66      6  476.5  476.5  476.5
   59.0  19990  -60.8  -85.7      2   0.00     60      6  476.8  476.9  476.8
   57.0  20205  -61.2  -85.4      3   0.00     35     10  480.5  480.5  480.5
   56.6  20248  -61.3  -85.3      3   0.00     37     10  481.2  481.3  481.2
   56.1  20303  -61.3  -85.3      3   0.00     40      9  482.5  482.5  482.5
   56.0  20315  -61.3  -85.3      3   0.00     40      9  482.8  482.8  482.8
   55.0  20427  -61.0  -85.2      3   0.01     70     13  485.8  485.9  485.8
   53.0  20657  -60.5  -85.0      3   0.01     95      9  492.2  492.2  492.2
   52.0  20776  -60.2  -84.9      3   0.01     80      7  495.5  495.5  495.5
   51.0  20897  -60.0  -84.8      3   0.01     75     11  498.9  498.9  498.9
   50.0  21020  -59.7  -84.7      3   0.01     95     19  502.4  502.4  502.4
   48.2  21250  -58.5  -83.5      3   0.01    119     15  510.5  510.6  510.5
   47.9  21289  -58.5  -83.5      3   0.01    123     15  511.4  511.5  511.4
   47.0  21410  -58.3  -83.3      3   0.01    135     13  514.7  514.8  514.7
   46.0  21546  -58.0  -83.0      3   0.01    160     11  518.5  518.6  518.5
   45.0  21685  -57.8  -82.8      3   0.01    150      8  522.4  522.5  522.4
   44.0  21827  -57.5  -82.5      3   0.01    150      8  526.4  526.5  526.5
   43.0  21972  -57.2  -82.2      3   0.01    165     10  530.6  530.7  530.6
   42.0  22121  -56.9  -81.9      3   0.01    130      5  534.9  535.0  534.9
   41.0  22274  -56.6  -81.7      3   0.01    135      7  539.3  539.4  539.3
   40.0  22430  -56.4  -81.4      3   0.01    125     10  543.8  543.9  543.8
   39.8  22462  -56.3  -81.3      3   0.01    122     10  544.7  544.9  544.8
   38.0  22755  -57.2  -81.5      3   0.01     95      8  549.7  549.8  549.7
   37.4  22856  -57.5  -81.5      3   0.01     89     10  551.4  551.6  551.5
   37.0  22924  -57.6  -81.6      3   0.01     85     11  552.9  553.0  552.9
   36.7  22976  -57.7  -81.7      3   0.01     87     11  553.9  554.0  553.9
   35.0  23277  -56.9  -81.5      3   0.01    100     13  563.7  563.8  563.7
   34.0  23461  -56.3  -81.4      3   0.02     60     21  569.7  569.8  569.7
   33.0  23651  -55.8  -81.3      3   0.02     80     24  576.0  576.1  576.0
   32.0  23847  -55.3  -81.1      3   0.02    105     19  582.5  582.7  582.5
   31.7  23907  -55.1  -81.1      3   0.02     98     19  584.5  584.7  584.6
   31.0  24050  -54.7  -80.7      3   0.02     80     19  589.4  589.6  589.4
   30.0  24260  -54.1  -80.1      3   0.02     80     29  596.6  596.8  596.6
   29.0  24477  -53.8  -79.8      3   0.02    100     26  603.3  603.5  603.3
   28.3  24633  -53.5  -79.5      3   0.03     86     26  608.2  608.5  608.2
   28.0  24702  -53.4  -79.4      3   0.03     80     26  610.3  610.5  610.3
   27.0  24935  -53.2  -78.9      3   0.03     95     27  617.3  617.5  617.3
   26.0  25177  -53.0  -78.5      3   0.03     80     25  624.6  624.9  624.6
   25.0  25429  -52.8  -78.0      3   0.04     60     32  632.3  632.7  632.4
   24.0  25691  -52.5  -77.5      3   0.04     75     36  640.5  640.9  640.5
   23.0  25966  -51.7  -77.4      3   0.04     90     30  650.6  651.0  650.6
   22.5  26108  -51.3  -77.3      3   0.05     90     31  655.9  656.4  656.0
   22.0  26253  -51.3  -77.3      3   0.05     90     32  660.2  660.6  660.2
   21.5  26402  -51.3  -77.3      3   0.05     85     32  664.5  665.0  664.5
   21.0  26554  -51.3  -76.7      3   0.05     80     33  669.0  669.5  669.0
   20.7  26647  -51.3  -76.3      4   0.06     81     33  671.8  672.3  671.8
   20.0  26870  -51.3  -77.3      3   0.05     85     32  678.4  678.9  678.4
   19.0  27205  -49.9  -75.8      3   0.07     85     30  692.9  693.6  692.9
   18.9  27239  -49.7  -75.7      3   0.07     86     30  694.4  695.1  694.5
   18.0  27561  -49.0  -75.2      3   0.08    100     27  706.5  707.3  706.5
   17.0  27938  -48.1  -74.7      3   0.09     90     32  720.9  721.8  720.9
   16.0  28338  -47.2  -74.1      3   0.10     95     32  736.5  737.6  736.5
   15.7  28462  -46.9  -73.9      3   0.11     98     29  741.4  742.6  741.4
   15.0  28769  -46.0  -73.2      3   0.13    105     21  753.9  755.3  754.0
   14.0  29232  -44.8  -72.1      3   0.16     70     27  773.3  775.0  773.4
   13.0  29730  -43.4  -71.0      3   0.20    100     29  794.6  796.9  794.7
   12.0  30268  -41.9  -69.8      3   0.26    100     20  818.3  821.3  818.4
   11.5  30554  -41.1  -69.1      3   0.30    107     21  831.1  834.6  831.3
   11.0  30858  -40.4  -68.4      3   0.35    115     22  844.3  848.4  844.5
   10.4  31241  -39.5  -67.5      3   0.42    109     25  861.2  866.2  861.5
   10.2  31374  -39.1  -68.1      3   0.39    107     26  867.5  872.2  867.7
   10.0  31510  -39.1  -67.1      4   0.46    105     27  872.4  878.0  872.7
    9.9  31579  -39.1  -67.1      4   0.46    104     27  875.0  880.5  875.2
    9.0  32226  -40.1  -67.8      4   0.46     90     30  895.2  900.9  895.5
    8.0  33025  -41.4  -68.7      4   0.46     95     32  920.8  926.7  921.1
    7.2  33740  -42.5  -69.5      4   0.46     83     30  944.4  950.4  944.6
    7.0  33930  -42.3  -68.3      4   0.55     80     30  952.8  960.2  953.1
    6.9  34027  -42.1  -68.1      4   0.58                957.6  965.3  957.9
    6.2  34757  -38.5  -66.5      4   0.80               1002.7 1013.8 1003.2
    6.1  34868  -38.5  -66.5      4   0.82               1007.4 1018.7 1007.9
    6.0  34982  -39.1  -67.1      4   0.76               1009.5 1020.2 1010.0