-----------------------------------------------------------------------------
   PRES   HGHT   TEMP   DWPT   RELH   MIXR   DRCT   SKNT   THTA   THTE   THTV
    hPa     m      C      C      %    g/kg    deg   knot     K      K      K 
-----------------------------------------------------------------------------
 1000.0    -48                                                               
  925.0    667                                                               
  863.0   1289   31.2   11.2     29   9.77     65      4  317.4  348.6  319.3
  859.0   1332   29.6   11.6     33  10.08     50      5  316.2  348.1  318.1
  855.0   1375   29.2   10.4     31   9.32     35      5  316.2  345.8  318.0
  850.0   1429   28.8    8.8     29   8.43     50      5  316.3  343.2  317.9
  843.0   1502   28.7    7.4     26   7.72     75      4  316.9  341.6  318.4
  839.0   1545   28.6    6.6     25   7.34    107      4  317.3  340.9  318.7
  831.0   1629   27.9    5.9     25   7.05    170      3  317.4  340.1  318.8
  821.0   1736   27.0    5.0     24   6.70    179      6  317.6  339.2  318.8
  815.0   1801   26.5    4.5     24   6.51    185      8  317.7  338.7  318.9
  814.0   1812   26.4    4.4     24   6.48    184      8  317.7  338.7  318.9
  802.0   1940   25.2    3.9     25   6.35    170      8  317.8  338.4  319.0
  788.0   2092   23.8    3.3     26   6.20    190     12  317.9  338.0  319.1
  778.0   2202   22.8    2.9     27   6.10    185     11  318.0  337.8  319.1
  769.0   2302   21.9    2.5     28   6.00    190     11  318.0  337.5  319.2
  754.0   2472   20.3    1.9     29   5.84    185     15  318.1  337.1  319.2
  738.0   2657   18.6    1.1     31   5.67    175     12  318.2  336.7  319.3
  730.0   2751   17.7    0.8     32   5.58    190     14  318.3  336.5  319.3
  712.0   2966   15.8   -0.0     34   5.39    210     13  318.4  335.9  319.4
  700.0   3113   14.4   -0.6     36   5.26    210     15  318.4  335.6  319.4
  686.0   3283   12.8   -0.2     41   5.53    203     16  318.5  336.5  319.5
  680.0   3357   12.2   -1.3     39   5.14    200     17  318.5  335.4  319.5
  673.0   3443   11.4   -2.6     37   4.72    204     17  318.6  334.2  319.6
  661.0   3591   10.1   -3.3     39   4.57    210     18  318.8  333.8  319.6
  651.0   3716    8.9   -3.8     40   4.45    200     18  318.9  333.6  319.7
  634.0   3933    7.0   -4.8     43   4.25    215     21  319.1  333.1  319.9
  614.0   4196    4.6   -6.0     46   4.02    215     21  319.2  332.6  320.0
  602.0   4358    3.1   -6.7     49   3.88    225     22  319.4  332.2  320.1
  596.0   4440    2.4   -7.0     50   3.81    220     23  319.4  332.1  320.1
  590.0   4523    1.6   -7.4     51   3.74    222     24  319.4  331.9  320.2
  580.0   4660    0.4   -9.6     47   3.20    227     26  319.6  330.4  320.2
  576.0   4716   -0.1   -9.1     51   3.35    228     27  319.7  330.9  320.3
  561.0   4926   -1.7  -14.7     36   2.19    235     30  320.2  327.7  320.6
  560.0   4941   -1.8  -15.6     34   2.03    235     30  320.2  327.3  320.6
  554.0   5026   -2.4  -21.2     22   1.28    235     34  320.5  325.1  320.8
  546.0   5141   -3.2  -28.7     12   0.66    240     36  320.9  323.4  321.0
  543.0   5185   -3.5  -31.5      9   0.51    238     36  321.1  323.0  321.1
  540.0   5228   -3.8  -31.9      9   0.49    235     36  321.2  323.0  321.3
  528.0   5405   -5.1  -33.7      9   0.42    235     36  321.7  323.3  321.8
  519.0   5540   -6.1  -35.1      8   0.37    231     38  322.1  323.5  322.2
  517.0   5570   -6.4  -35.3      8   0.37    230     38  322.1  323.5  322.2
  510.0   5676   -7.3  -35.9      8   0.35    230     34  322.2  323.6  322.3
  500.0   5830   -8.7  -36.7      8   0.33    235     34  322.4  323.6  322.4
  494.0   5923   -9.5  -35.2     10   0.39    235     33  322.5  324.0  322.6
  489.0   6002  -10.2  -33.9     12   0.45    230     33  322.6  324.3  322.7
  482.0   6113  -11.1  -32.1     16   0.54    228     33  322.8  324.8  322.9
  470.0   6305  -12.8  -34.9     14   0.42    225     33  323.0  324.6  323.1
  462.0   6436  -14.1  -36.8     13   0.36    225     34  323.1  324.4  323.1
  459.0   6485  -14.5  -37.5     12   0.33    225     34  323.1  324.4  323.2
  431.0   6958  -19.1  -38.3     17   0.33    225     33  323.1  324.3  323.1
  430.0   6975  -19.3  -38.3     17   0.33    225     33  323.1  324.3  323.1
  419.0   7167  -20.4  -46.2      8   0.14    230     32  324.1  324.7  324.1
  414.0   7256  -20.9  -49.9      6   0.10    234     35  324.5  324.9  324.6
  412.0   7292  -20.9  -52.9      4   0.07    235     36  325.0  325.3  325.0
  410.0   7328  -20.9  -52.9      4   0.07    235     35  325.4  325.7  325.4
  406.0   7400  -21.3  -49.3      6   0.11    235     33  325.8  326.3  325.9
  402.0   7473  -21.5  -54.5      3   0.06    238     36  326.5  326.7  326.5
  400.0   7510  -21.3  -59.3      2   0.03    240     37  327.2  327.4  327.2
  398.0   7547  -21.3  -59.3      2   0.03    240     38  327.7  327.8  327.7
  386.0   7771  -22.6  -46.5      9   0.15    245     33  328.9  329.5  328.9
  381.0   7867  -23.1  -41.1     18   0.28    245     34  329.4  330.5  329.5
  376.0   7963  -23.3  -50.3      7   0.10    245     35  330.4  330.8  330.4
  374.0   8002  -23.6  -49.1      8   0.12    245     35  330.5  331.0  330.5
  359.0   8298  -26.2  -40.3     25   0.32    250     35  330.9  332.2  331.0
  355.0   8379  -26.9  -37.9     35   0.41    250     35  331.0  332.7  331.1
  351.0   8461  -27.3  -40.3     28   0.33    250     35  331.6  332.9  331.6
  348.0   8522  -27.9  -38.9     34   0.38    250     36  331.6  333.1  331.7
  343.0   8626  -28.4  -45.0     19   0.20    250     36  332.2  333.0  332.2
  339.0   8710  -28.9  -49.9     11   0.12    250     37  332.7  333.2  332.7
  336.0   8773  -29.3  -48.3     14   0.14    250     37  333.0  333.6  333.0
  333.0   8837  -29.9  -51.9     10   0.10    250     38  333.0  333.4  333.1
  320.0   9118  -32.2  -45.1     27   0.22    250     39  333.7  334.6  333.7
  316.0   9207  -32.9  -42.9     36   0.28    250     38  333.9  335.0  333.9
  313.0   9273  -33.0  -46.0     26   0.20    250     38  334.6  335.5  334.7
  311.0   9318  -33.1  -48.1     21   0.16    250     38  335.1  335.8  335.2
  309.0   9364  -33.3  -45.3     29   0.22    251     38  335.5  336.4  335.5
  307.0   9409  -33.5  -46.5     26   0.19    252     39  335.8  336.6  335.9
  302.0   9524  -34.5  -42.5     44   0.30    254     40  336.0  337.2  336.1
  300.0   9570  -34.7  -43.7     40   0.27    255     40  336.4  337.4  336.4
  298.0   9617  -35.1  -47.1     28   0.18    255     41  336.5  337.3  336.5
  289.0   9830  -36.7  -62.6      5   0.03    260     39  337.1  337.2  337.1
  287.0   9878  -37.1  -66.1      3   0.02    258     39  337.2  337.3  337.2
  283.0   9976  -37.9  -53.9     17   0.09    255     38  337.4  337.8  337.4
  277.0  10123  -39.1  -61.0      8   0.04    260     38  337.8  338.0  337.8
  268.0  10349  -40.9  -71.9      2   0.01    255     43  338.3  338.4  338.3
  267.0  10375  -41.1  -73.1      2   0.01    255     43  338.4  338.4  338.4
  265.0  10426  -41.3  -73.3      2   0.01    255     42  338.8  338.9  338.8
  262.0  10503  -41.8  -71.3      3   0.01    255     41  339.1  339.2  339.1
  253.0  10740  -43.5  -65.4      7   0.02    255     42  340.1  340.2  340.1
  252.0  10766  -43.7  -64.7      8   0.03    255     42  340.2  340.3  340.2
  250.0  10820  -43.9  -65.9      7   0.02    255     42  340.7  340.8  340.7
  247.0  10901  -44.1  -62.1     12   0.04    255     42  341.5  341.7  341.6
  246.0  10928  -44.3  -63.3     10   0.03    255     42  341.6  341.8  341.6
  244.0  10983  -44.7  -62.7     12   0.03    253     43  341.8  342.0  341.9
  233.0  11290  -45.9  -69.9      5   0.01    244     49  344.6  344.6  344.6
  231.0  11347  -45.9  -69.9      5   0.01    242     50  345.4  345.5  345.4
  229.0  11405  -46.1  -70.6      5   0.01    240     51  346.0  346.1  346.0
  226.0  11492  -46.3  -71.7      4   0.01    240     53  346.9  347.0  346.9
  220.0  11670  -46.9  -73.8      3   0.01    245     51  348.8  348.8  348.8
  217.0  11761  -47.1  -74.9      3   0.01    245     53  349.7  349.7  349.7
  212.0  11916  -47.6  -76.8      2   0.01    245     54  351.3  351.3  351.3
  209.0  12010  -47.9  -77.9      2   0.00    245     53  352.3  352.3  352.3
  207.0  12073  -47.8  -77.8      2   0.00    245     52  353.5  353.5  353.5
  206.0  12105  -47.7  -77.7      2   0.00    245     52  354.1  354.1  354.1
  205.0  12137  -47.7  -77.7      2   0.00    245     51  354.6  354.6  354.6
  204.0  12169  -47.7  -77.7      2   0.00    245     51  355.0  355.0  355.0
  200.0  12300  -47.9  -77.9      2   0.00    240     53  356.8  356.8  356.8
  197.0  12400  -48.1  -78.1      2   0.00    236     54  358.0  358.0  358.0
  196.0  12433  -48.2  -78.2      2   0.00    235     55  358.3  358.3  358.3
  193.0  12535  -48.7  -78.7      2   0.00    235     51  359.1  359.1  359.1
  188.0  12707  -49.5  -79.5      2   0.00    235     43  360.5  360.6  360.5
  187.0  12742  -49.5  -79.5      2   0.00    235     41  361.1  361.1  361.1
  185.0  12813  -49.7  -79.5      2   0.00    235     38  361.8  361.9  361.8
  183.0  12883  -49.9  -79.5      2   0.00    230     39  362.6  362.6  362.6
  180.0  12991  -50.3  -79.6      2   0.00    230     40  363.8  363.8  363.8
  172.0  13288  -51.2  -79.7      2   0.00    230     38  367.0  367.0  367.0
  168.0  13442  -51.7  -79.7      2   0.00    225     39  368.6  368.7  368.6
  160.0  13757  -53.7  -81.7      2   0.00    232     47  370.4  370.5  370.4
  157.0  13879  -54.5  -82.5      2   0.00    235     50  371.1  371.1  371.1
  154.0  14002  -55.1  -83.1      2   0.00    238     53  372.1  372.1  372.1
  152.0  14085  -55.5  -83.0      2   0.00    240     55  372.8  372.9  372.8
  150.0  14170  -55.9  -82.9      2   0.00    240     55  373.6  373.6  373.6
  147.0  14298  -56.7  -83.7      2   0.00    240     53  374.4  374.4  374.4
  144.0  14429  -57.5  -84.5      2   0.00    242     48  375.2  375.2  375.2
  142.0  14517  -57.7  -84.7      2   0.00    244     45  376.3  376.3  376.3
  141.0  14562  -58.1  -85.1      2   0.00    244     44  376.4  376.4  376.4
  140.0  14607  -58.4  -85.4      2   0.00    245     42  376.6  376.6  376.6
  137.0  14743  -59.3  -86.3      2   0.00    240     38  377.4  377.4  377.4
  130.0  15070  -61.3  -87.3      2   0.00    227     29  379.5  379.5  379.5
  129.0  15118  -61.6  -87.4      2   0.00    225     28  379.9  379.9  379.9
  124.0  15363  -62.9  -87.9      2   0.00    235     32  381.7  381.7  381.7
  119.0  15616  -64.1  -89.1      2   0.00    246     37  384.0  384.1  384.0
  118.0  15668  -64.5  -89.5      2   0.00    248     38  384.2  384.2  384.2
  115.0  15825  -65.1  -90.1      2   0.00    255     41  386.0  386.0  386.0
  114.0  15878  -65.1  -90.1      2   0.00    257     39  386.9  386.9  386.9
  112.0  15986  -65.1  -90.1      2   0.00    262     34  388.9  388.9  388.9
  106.0  16323  -63.9  -88.9      2   0.00    277     19  397.3  397.3  397.3
  105.0  16381  -64.1  -89.1      2   0.00    280     16  398.0  398.0  398.0
  104.0  16440  -64.3  -89.3      2   0.00    273     13  398.7  398.7  398.7
  103.0  16499  -64.3  -89.3      2   0.00    267     11  399.8  399.8  399.8
  102.0  16559  -64.3  -89.3      2   0.00    260      8  400.9  401.0  400.9
  100.0  16680  -64.1  -89.1      2   0.00    230     13  403.6  403.6  403.6
   98.8  16754  -63.9  -88.9      2   0.00    224     18  405.4  405.4  405.4
   96.3  16910  -64.1  -89.1      2   0.00    212     28  408.0  408.0  408.0
   96.0  16929  -64.2  -89.2      2   0.00    210     29  408.1  408.2  408.1
   95.7  16948  -64.3  -89.3      2   0.00    211     29  408.3  408.3  408.3
   91.0  17256  -64.0  -89.0      2   0.00    225     34  414.7  414.7  414.7
   88.2  17447  -63.9  -88.9      2   0.00    244     24  418.8  418.8  418.8
   88.0  17461  -63.9  -88.9      2   0.00    245     23  419.0  419.0  419.0
   85.0  17673  -64.0  -89.0      2   0.00    210     11  422.9  422.9  422.9
   84.0  17745  -64.1  -89.1      2   0.00    200     12  424.2  424.2  424.2
   83.0  17818  -64.1  -89.1      2   0.00    190     13  425.7  425.7  425.7
   82.8  17833  -64.1  -89.1      2   0.00    192     13  426.0  426.0  426.0
   78.0  18200  -62.5  -88.0      2   0.00    245     19  436.6  436.7  436.6
   76.0  18360  -61.8  -87.5      2   0.00    225     14  441.4  441.4  441.4
   74.0  18525  -61.1  -87.0      2   0.00    245     10  446.2  446.3  446.2
   73.0  18608  -60.7  -86.7      2   0.00    240     10  448.8  448.8  448.8
   72.0  18694  -60.0  -86.0      2   0.00    235     10  451.9  452.0  451.9
   71.0  18782  -59.4  -85.4      2   0.00    240      3  455.2  455.2  455.2
   70.0  18870  -58.7  -84.7      2   0.00    105      7  458.5  458.5  458.5
   69.6  18906  -58.7  -84.7      2   0.00    115      8  459.2  459.2  459.2
   69.0  18960  -59.0  -84.8      2   0.00    130     10  459.8  459.8  459.8
   67.0  19144  -59.8  -85.2      2   0.00    190      9  461.9  461.9  461.9
   64.9  19342  -60.7  -85.7      2   0.00    221     14  464.1  464.1  464.1
   63.0  19527  -61.0  -86.0      2   0.00    250     18  467.4  467.5  467.4
   60.9  19737  -61.3  -86.3      2   0.00    286     11  471.3  471.3  471.3
   59.0  19934  -60.4  -86.0      2   0.00    320      4  477.5  477.5  477.5
   58.0  20040  -60.0  -85.8      2   0.00     15      5  480.9  480.9  480.9
   57.4  20105  -59.7  -85.7      2   0.00     39      6  482.9  483.0  482.9
   55.0  20372  -59.2  -84.7      2   0.01    140      9  490.1  490.1  490.1
   53.0  20604  -58.7  -83.8      3   0.01    175      5  496.4  496.4  496.4
   52.2  20699  -58.5  -83.5      3   0.01    163      2  499.0  499.1  499.0
   52.0  20723  -58.4  -83.5      3   0.01    160      1  499.7  499.8  499.7
   50.0  20970  -57.7  -83.7      2   0.01    100      9  507.1  507.1  507.1
   48.9  21111  -57.3  -83.3      2   0.01    116     12  511.2  511.3  511.2
   48.0  21228  -56.8  -82.8      2   0.01    130     15  515.1  515.2  515.1
   47.8  21255  -56.7  -82.7      2   0.01    126     14  516.0  516.1  516.0
   47.0  21362  -56.5  -82.5      2   0.01    110     11  518.9  519.0  518.9
   46.0  21498  -56.3  -82.3      2   0.01    103     15  522.7  522.8  522.7
   45.0  21638  -56.5  -82.5      2   0.01     95     20  525.4  525.5  525.4
   43.6  21839  -56.9  -82.9      2   0.01    117     17  529.3  529.3  529.3
   41.7  22121  -56.7  -82.7      2   0.01    148     13  536.5  536.6  536.5
   41.0  22228  -56.7  -82.3      3   0.01    160     11  539.1  539.2  539.1
   40.0  22385  -56.7  -81.8      3   0.01    115      5  543.0  543.1  543.0
   39.8  22417  -56.7  -81.7      3   0.01    112      6  543.7  543.8  543.7
   39.4  22481  -56.7  -81.7      3   0.01    106      8  545.3  545.4  545.3
   38.0  22710  -56.9  -81.9      3   0.01     85     14  550.5  550.6  550.5
   37.8  22744  -56.9  -81.9      3   0.01     88     15  551.3  551.4  551.3
   36.2  23018  -56.7  -81.7      3   0.01    112     20  558.7  558.8  558.7
   36.0  23053  -56.6  -81.7      3   0.01    115     21  559.7  559.8  559.7
   35.4  23160  -56.5  -81.5      3   0.01    109     17  562.8  562.9  562.8
   35.0  23232  -56.2  -81.3      3   0.02    105     15  565.4  565.5  565.4
   34.0  23417  -55.4  -81.0      3   0.02     95     17  572.1  572.2  572.1
   32.8  23646  -54.5  -80.5      3   0.02     86     15  580.5  580.6  580.5
   32.0  23805  -54.2  -80.2      3   0.02     80     14  585.5  585.6  585.5
   31.0  24009  -53.7  -79.7      3   0.02     65     17  592.0  592.1  592.0
   30.9  24029  -53.7  -79.7      3   0.02     67     17  592.6  592.8  592.6
   30.0  24220  -52.7  -79.7      2   0.02     90     13  600.4  600.6  600.4
   29.9  24242  -52.7  -79.7      2   0.02     90     13  600.9  601.1  601.0
   29.0  24440  -52.2  -79.0      3   0.03     85     15  607.6  607.8  607.6
   28.0  24667  -51.6  -78.1      3   0.03     65     16  615.2  615.5  615.3
   27.0  24902  -51.1  -77.2      3   0.04     85     24  623.3  623.7  623.3
   26.4  25048  -50.7  -76.7      3   0.04     97     20  628.4  628.7  628.4
   26.0  25147  -50.8  -76.8      3   0.04    105     18  630.7  631.1  630.8
   25.0  25402  -51.2  -77.2      3   0.04     95     13  636.9  637.3  636.9
   24.6  25507  -51.3  -77.3      3   0.04     96     14  639.4  639.8  639.5
   23.7  25749  -50.9  -76.9      3   0.05     99     17  647.4  647.9  647.5
   22.0  26236  -49.5  -76.1      3   0.06    105     22  665.4  666.0  665.5
   20.8  26602  -48.5  -75.5      3   0.07     90     17  679.3  679.9  679.3
   20.7  26634  -48.5  -75.5      3   0.07     89     17  680.2  680.9  680.3
   20.0  26860  -48.7  -74.7      3   0.08     80     14  686.3  687.1  686.4
   19.8  26926  -48.9  -74.9      3   0.07     87     14  687.7  688.5  687.7
   19.7  26959  -48.9  -74.9      3   0.08     90     14  688.7  689.5  688.7
   19.0  27197  -48.3  -74.7      3   0.08    115     14  697.7  698.5  697.7
   18.1  27517  -47.5  -74.5      3   0.09     93     10  710.0  710.9  710.0
   18.0  27553  -47.5  -74.5      3   0.09     90      9  711.2  712.2  711.3
   17.7  27664  -47.3  -74.3      3   0.09     83     12  715.1  716.1  715.2
   17.0  27931  -47.9  -74.2      3   0.10     65     20  721.5  722.5  721.5
   16.8  28009  -48.1  -74.1      3   0.10     65     22  723.3  724.4  723.4
   16.2  28248  -48.7  -74.7      3   0.09     65     30  728.9  729.9  729.0
   16.0  28330  -48.4  -74.5      3   0.10     65     32  732.5  733.6  732.6
   15.0  28756  -46.8  -73.6      3   0.12     85     26  751.5  752.7  751.5
   14.7  28889  -46.3  -73.3      3   0.13     89     27  757.5  758.9  757.5
   14.0  29215  -45.2  -72.2      3   0.16    100     30  771.7  773.5  771.8
   13.3  29557  -44.1  -71.1      3   0.20    100     38  787.0  789.2  787.1
   13.0  29710  -44.2  -71.2      3   0.20    100     41  791.7  793.9  791.8
   12.8  29814  -44.3  -71.3      3   0.20    102     39  795.0  797.2  795.1
   12.0  30247  -43.8  -70.8      3   0.23    110     33  811.5  814.0  811.6
   11.5  30532  -43.5  -70.5      3   0.25     98     30  822.5  825.4  822.7
   11.0  30833  -42.2  -69.6      3   0.29     85     27  837.9  841.3  838.0
   10.4  31213  -40.5  -68.5      3   0.36     82     31  857.6  861.9  857.8
   10.1  31412  -39.9  -67.9      3   0.41     81     33  867.0  871.9  867.2
   10.0  31480  -39.9  -67.9      3   0.41     80     34  869.5  874.4  869.7
    9.0  32196  -42.1  -69.1      4   0.39     85     28  887.6  892.4  887.8
    8.7  32425  -42.1  -69.1      4   0.40     88     28  896.2  901.2  896.4
    8.0  32995  -40.3  -68.3      3   0.49     95     28  925.1  931.3  925.4
    7.7  33256  -39.5  -67.5      3   0.56                938.5  945.8  938.8
    7.5  33436  -39.9  -67.9      3   0.55                944.0  951.1  944.3