-----------------------------------------------------------------------------
   PRES   HGHT   TEMP   DWPT   RELH   MIXR   DRCT   SKNT   THTA   THTE   THTV
    hPa     m      C      C      %    g/kg    deg   knot     K      K      K 
-----------------------------------------------------------------------------
 1000.0      1                                                               
  925.0    720                                                               
  869.0   1289   34.4    3.4     14   5.65    165      9  320.1  338.7  321.2
  865.0   1330   33.2   -2.8     10   3.61    161     13  319.3  331.4  320.0
  857.0   1413   32.4   -3.6     10   3.43    153     20  319.3  330.9  320.0
  854.0   1444   31.5   -3.3     10   3.54    150     23  318.7  330.5  319.3
  850.0   1486   30.2   -2.8     12   3.68    160     22  317.8  330.0  318.5
  849.0   1496   30.1   -2.8     12   3.68    160     22  317.8  330.0  318.5
  826.0   1734   27.8   -3.1     13   3.69    175     23  317.8  330.1  318.5
  820.0   1797   27.2   -3.2     13   3.69    175     23  317.8  330.1  318.5
  806.0   1946   25.7   -3.5     14   3.69    180     21  317.9  330.1  318.6
  793.0   2087   24.3   -3.7     15   3.70    175     19  317.9  330.1  318.6
  775.0   2285   22.4   -3.9     17   3.70    185     17  317.9  330.2  318.6
  763.0   2420   21.1   -4.1     18   3.71    180     18  317.9  330.2  318.6
  752.0   2546   19.9   -4.3     19   3.71    185     17  317.9  330.2  318.6
  700.0   3166   13.8   -5.2     26   3.73    205     22  317.7  330.1  318.4
  692.0   3259   12.9   -5.4     27   3.70    205     21  317.8  330.1  318.5
  681.0   3390   11.7   -5.8     29   3.67    200     20  317.8  330.0  318.5
  670.0   3522   10.4   -6.1     31   3.63    200     22  317.9  330.0  318.6
  659.0   3656    9.1   -6.5     33   3.60    205     19  317.9  329.9  318.6
  650.0   3768    8.0   -6.7     34   3.57    200     17  318.0  329.9  318.7
  642.0   3869    7.0   -7.0     36   3.54    200     17  318.0  329.8  318.7
  618.0   4179    4.0   -7.8     42   3.46    210     13  318.1  329.6  318.7
  597.0   4459    1.3   -8.5     48   3.39    220     17  318.1  329.4  318.7
  557.0   5023   -4.1   -9.9     64   3.25    230     21  318.0  328.9  318.7
  547.0   5170   -5.5  -10.3     69   3.21    227     20  318.0  328.7  318.6
  540.0   5271   -6.0  -12.9     58   2.63    225     20  318.6  327.5  319.1
  506.0   5778   -8.3  -26.3     22   0.89    243     31  321.8  325.0  321.9
  503.0   5824   -8.6  -26.6     22   0.87    245     32  321.9  325.1  322.1
  500.0   5870   -8.9  -26.9     22   0.85    245     32  322.1  325.2  322.3
  496.0   5932   -9.5  -26.7     23   0.88    240     32  322.2  325.4  322.4
  491.0   6010  -10.2  -26.4     25   0.91    240     32  322.3  325.6  322.4
  490.0   6026  -10.3  -26.3     26   0.92    240     32  322.3  325.6  322.4
  475.0   6265  -12.1  -31.1     19   0.60    245     31  322.9  325.2  323.0
  474.0   6281  -12.1  -32.1     17   0.55    245     31  323.1  325.2  323.2
  472.0   6314  -12.1  -34.1     14   0.45    243     33  323.5  325.2  323.6
  470.0   6346  -12.2  -35.0     13   0.42    240     35  323.8  325.4  323.9
  467.0   6395  -12.3  -36.3     12   0.37    244     36  324.2  325.7  324.3
  466.0   6412  -12.4  -36.4     12   0.37    245     36  324.4  325.8  324.4
  464.0   6444  -12.5  -36.5     12   0.36    243     36  324.6  326.0  324.7
  462.0   6477  -12.7  -36.9     11   0.35    240     36  324.8  326.1  324.8
  455.0   6594  -13.4  -38.3     10   0.31    245     38  325.3  326.5  325.4
  454.0   6611  -13.5  -38.5     10   0.30    244     38  325.4  326.6  325.4
  451.0   6660  -13.9  -38.5     11   0.31    240     40  325.4  326.6  325.5
  438.0   6880  -15.8  -38.4     12   0.32    230     36  325.8  327.1  325.9
  433.0   6966  -16.5  -38.4     13   0.32    230     37  325.9  327.2  326.0
  427.0   7071  -17.4  -38.4     14   0.33    235     36  326.1  327.4  326.2
  422.0   7159  -18.2  -38.4     15   0.33    235     34  326.2  327.5  326.3
  402.0   7523  -21.3  -38.3     20   0.35    249     35  326.8  328.1  326.8
  400.0   7560  -21.7  -38.7     20   0.34    250     35  326.7  328.0  326.8
  398.0   7597  -22.0  -39.0     20   0.33    250     36  326.8  328.1  326.8
  390.0   7746  -23.3  -40.3     20   0.29    251     40  327.0  328.1  327.0
  382.0   7897  -24.7  -41.7     19   0.26    253     44  327.1  328.1  327.1
  359.0   8347  -27.3  -54.3      6   0.07    257     56  329.4  329.7  329.5
  344.0   8654  -28.7  -53.7      7   0.07    260     64  331.6  331.9  331.6
  342.0   8695  -29.0  -53.6      7   0.08    260     65  331.7  332.1  331.7
  329.0   8969  -31.0  -53.2      9   0.08    260     69  332.6  333.0  332.6
  321.0   9144  -32.3  -53.0     11   0.09    260     70  333.2  333.6  333.2
  308.0   9436  -34.5  -52.5     14   0.10    257     72  334.1  334.5  334.1
  305.0   9505  -34.7  -53.7     13   0.08    256     72  334.8  335.1  334.8
  300.0   9620  -35.3  -52.3     16   0.10    255     73  335.5  335.9  335.5
  290.0   9854  -37.1  -53.2     17   0.09    255     77  336.2  336.6  336.2
  289.0   9878  -37.3  -53.3     17   0.09    255     77  336.2  336.7  336.3
  281.0  10069  -38.5  -55.9     14   0.07    255     78  337.2  337.5  337.2
  263.0  10519  -41.3  -62.1      9   0.03    260     74  339.5  339.7  339.5
  262.0  10545  -41.5  -62.5      8   0.03    260     74  339.6  339.8  339.7
  252.0  10806  -43.0  -64.8      7   0.02    260     77  341.2  341.4  341.2
  250.0  10860  -43.3  -65.3      7   0.02    255     79  341.6  341.7  341.6
  249.0  10887  -43.5  -65.5      7   0.02    255     80  341.7  341.8  341.7
  242.0  11078  -44.6  -66.6      7   0.02    255     79  342.8  342.9  342.8
  239.0  11162  -45.1  -67.1      7   0.02    255     82  343.3  343.4  343.3
  227.0  11505  -46.8  -67.1      8   0.02    260     80  345.8  345.9  345.8
  225.0  11564  -47.1  -67.1      8   0.02    260     81  346.2  346.3  346.2
  221.0  11682  -47.5  -68.2      7   0.02    260     84  347.4  347.5  347.4
  212.0  11956  -48.3  -70.8      6   0.01    260     75  350.2  350.3  350.2
  204.0  12209  -49.1  -73.3      4   0.01    260     81  352.9  352.9  352.9
  201.0  12307  -49.4  -74.2      4   0.01    260     76  353.9  353.9  353.9
  200.0  12340  -49.5  -74.5      4   0.01    260     75  354.2  354.3  354.2
  199.0  12373  -49.5  -74.5      4   0.01    260     74  354.7  354.8  354.7
  195.0  12506  -49.1  -77.1      2   0.01    260     71  357.4  357.5  357.4
  193.0  12573  -49.1  -78.1      2   0.00    259     72  358.5  358.5  358.5
  186.0  12814  -50.7  -79.7      2   0.00    255     74  359.7  359.7  359.7
  181.0  12992  -51.9  -80.9      2   0.00    259     71  360.6  360.6  360.6
  175.0  13209  -52.9  -81.9      2   0.00    264     67  362.4  362.4  362.4
  174.0  13246  -52.9  -81.9      2   0.00    265     66  363.0  363.0  363.0
  173.0  13284  -52.9  -81.9      2   0.00    263     64  363.6  363.6  363.6
  170.0  13396  -52.5  -80.5      2   0.00    258     57  366.1  366.1  366.1
  167.0  13511  -52.3  -81.3      2   0.00    253     51  368.3  368.3  368.3
  165.0  13589  -52.7  -81.5      2   0.00    250     46  368.9  368.9  368.9
  160.0  13786  -53.7  -81.9      2   0.00    250     52  370.5  370.5  370.5
  157.0  13907  -54.3  -82.1      2   0.00    250     52  371.5  371.5  371.5
  150.0  14200  -55.7  -82.7      2   0.00    265     44  373.9  373.9  373.9
  148.0  14285  -56.2  -83.2      2   0.00    265     38  374.5  374.5  374.5
  146.0  14372  -56.7  -83.7      2   0.00    263     37  375.1  375.1  375.1
  140.0  14635  -58.5  -85.0      2   0.00    255     32  376.5  376.5  376.5
  138.0  14725  -59.0  -85.5      2   0.00    245     33  377.0  377.0  377.0
  135.0  14863  -60.0  -86.2      2   0.00    240     32  377.8  377.8  377.8
  133.0  14957  -60.6  -86.7      2   0.00    240     39  378.3  378.3  378.3
  132.0  15004  -60.9  -86.9      2   0.00    243     37  378.5  378.6  378.5
  131.0  15051  -60.9  -86.9      2   0.00    246     35  379.4  379.4  379.4
  126.0  15292  -61.6  -87.2      2   0.00    260     24  382.4  382.4  382.4
  124.0  15391  -61.9  -87.3      2   0.00    240     23  383.6  383.7  383.6
  120.0  15594  -62.4  -87.6      2   0.00    225     28  386.2  386.2  386.2
  118.0  15698  -62.7  -87.7      2   0.00    225     30  387.6  387.6  387.6
  116.0  15803  -62.4  -87.4      2   0.00    235     31  390.1  390.1  390.1
  112.0  16020  -61.7  -86.7      2   0.00    250     25  395.2  395.2  395.2
  111.0  16075  -61.8  -86.8      2   0.00    235     22  396.1  396.1  396.1
  108.0  16245  -62.1  -87.1      2   0.00    231     22  398.6  398.6  398.6
  107.0  16302  -62.0  -87.2      2   0.00    230     22  399.9  399.9  399.9
  104.0  16478  -61.7  -87.7      2   0.00    266     14  403.7  403.7  403.7
  100.0  16720  -63.1  -88.1      2   0.00    315      3  405.5  405.6  405.5
   98.6  16807  -63.5  -88.5      2   0.00    259      2  406.4  406.4  406.4
   98.0  16844  -63.4  -88.4      2   0.00    235      1  407.2  407.2  407.2
   94.7  17054  -63.1  -88.1      2   0.00    208      5  411.9  411.9  411.9
   92.0  17231  -63.4  -88.1      2   0.00    185      9  414.6  414.7  414.6
   91.0  17298  -63.6  -88.1      2   0.00    165      7  415.7  415.7  415.7
   90.0  17366  -63.7  -88.1      2   0.00    160      9  416.7  416.8  416.7
   87.0  17574  -64.1  -88.1      2   0.00    182      7  420.0  420.0  420.0
   86.1  17637  -64.1  -88.1      2   0.00    189      6  421.2  421.3  421.2
   84.0  17788  -63.8  -87.8      2   0.00    205      5  424.8  424.8  424.8
   80.0  18087  -63.3  -87.3      3   0.00    229     14  431.8  431.9  431.8
   79.0  18165  -63.1  -87.1      3   0.00    235     16  433.8  433.8  433.8
   76.8  18338  -62.7  -86.7      3   0.00    258     12  438.1  438.2  438.1
   75.9  18411  -62.9  -86.9      3   0.00    268     10  439.2  439.2  439.2
   74.4  18533  -62.9  -86.9      3   0.00    284      8  441.7  441.7  441.7
   73.0  18651  -62.2  -86.5      3   0.00    300      5  445.6  445.6  445.6
   71.0  18822  -61.2  -86.0      2   0.00    195      3  451.2  451.3  451.2
   70.0  18910  -60.7  -85.7      2   0.00    235      5  454.2  454.2  454.2
   69.9  18919  -60.7  -85.7      2   0.00    239      5  454.4  454.4  454.4
   68.0  19091  -60.2  -85.2      2   0.00    310     10  459.1  459.2  459.1
   67.8  19109  -60.1  -85.1      2   0.00    313     10  459.6  459.7  459.6
   66.4  19239  -60.3  -85.3      2   0.00    334      6  461.9  462.0  461.9
   66.3  19248  -60.3  -85.3      2   0.00    335      6  462.1  462.2  462.1
   66.0  19277  -60.2  -85.2      2   0.00    340      5  462.9  463.0  462.9
   65.0  19372  -59.9  -84.9      2   0.00    320      6  465.6  465.6  465.6
   64.9  19382  -59.9  -84.9      2   0.00    323      6  465.9  465.9  465.9
   64.0  19469  -59.6  -84.6      3   0.00    350      5  468.4  468.4  468.4
   62.1  19658  -58.9  -83.9      3   0.01     23      7  474.0  474.0  474.0
   62.0  19668  -58.9  -83.9      3   0.01     25      7  474.2  474.2  474.2
   61.4  19729  -58.9  -83.9      3   0.01     43      8  475.5  475.6  475.5
   61.0  19770  -58.9  -83.9      3   0.01     55      9  476.4  476.4  476.4
   60.7  19801  -58.9  -83.9      3   0.01     65      9  477.1  477.1  477.1
   59.0  19979  -58.8  -83.8      3   0.01    120      7  481.3  481.3  481.3
   58.3  20054  -58.7  -83.7      3   0.01     89      9  483.1  483.1  483.1
   57.0  20196  -58.5  -83.5      3   0.01     30     14  486.7  486.7  486.7
   55.9  20318  -58.3  -83.3      3   0.01     44     17  489.8  489.9  489.8
   55.0  20420  -58.6  -83.6      3   0.01     55     20  491.5  491.5  491.5
   54.5  20478  -58.7  -83.7      3   0.01     60     18  492.4  492.5  492.4
   54.2  20512  -58.7  -83.7      3   0.01     63     17  493.2  493.3  493.2
   53.0  20653  -58.4  -83.4      3   0.01     75     13  497.1  497.1  497.1
   52.0  20773  -58.1  -83.1      3   0.01     80     21  500.4  500.5  500.4
   51.1  20883  -57.9  -82.9      3   0.01     91     20  503.5  503.5  503.5
   50.8  20920  -57.9  -82.9      3   0.01     95     20  504.3  504.4  504.3
   50.0  21020  -57.9  -82.9      3   0.01    105     19  506.6  506.7  506.6
   49.0  21148  -57.7  -82.7      3   0.01    110     12  510.1  510.2  510.1
   48.0  21278  -57.4  -82.4      3   0.01     95     11  513.7  513.8  513.7
   47.0  21411  -57.2  -82.2      3   0.01    125     12  517.4  517.4  517.4
   46.0  21546  -56.9  -81.9      3   0.01    125     10  521.1  521.2  521.2
   45.1  21671  -56.7  -81.7      3   0.01    134     13  524.7  524.8  524.7
   45.0  21685  -56.7  -81.7      3   0.01    135     13  525.0  525.0  525.0
   44.1  21813  -56.9  -81.9      3   0.01    119     11  527.5  527.6  527.5
   43.9  21842  -56.9  -81.9      3   0.01    116     10  528.2  528.3  528.2
   43.0  21973  -56.5  -81.5      3   0.01    100      8  532.4  532.5  532.4
   41.0  22275  -56.0  -81.0      3   0.01     60     10  541.0  541.1  541.0
   40.0  22432  -55.7  -80.7      3   0.01     70      8  545.5  545.6  545.5
   39.0  22593  -55.2  -81.0      3   0.01     70     18  550.6  550.7  550.6
   38.7  22642  -55.1  -81.1      3   0.01     73     18  552.2  552.3  552.2
   37.0  22929  -54.8  -80.0      3   0.02     90     15  560.1  560.3  560.1
   36.6  22998  -54.7  -79.7      3   0.02     88     15  562.1  562.2  562.1
   36.0  23104  -54.7  -79.7      3   0.02     85     16  564.7  564.9  564.7
   35.0  23284  -54.7  -79.7      3   0.02    100     16  569.3  569.5  569.3
   34.0  23469  -54.7  -79.7      3   0.02     85     20  574.0  574.2  574.0
   33.0  23660  -54.5  -79.5      3   0.02     95     16  579.4  579.6  579.4
   32.8  23699  -54.5  -79.5      3   0.02     94     17  580.5  580.7  580.5
   31.0  24060  -54.0  -79.0      3   0.03     85     23  591.2  591.4  591.2
   30.5  24164  -53.9  -78.9      3   0.03     95     18  594.3  594.5  594.3
   30.0  24270  -53.9  -78.9      3   0.03    105     13  597.1  597.3  597.1
   29.0  24490  -52.6  -78.1      3   0.03     90     14  606.3  606.6  606.4
   28.0  24717  -51.4  -77.3      3   0.04     55     14  616.0  616.4  616.0
   27.8  24764  -51.1  -77.1      3   0.04     63     16  618.0  618.4  618.0
   27.0  24955  -50.7  -76.7      3   0.04     95     22  624.2  624.6  624.3
   26.0  25202  -50.2  -76.2      3   0.05     80     14  632.4  632.8  632.4
   25.0  25458  -49.8  -75.8      3   0.05     60     18  640.9  641.4  640.9
   24.5  25591  -49.5  -75.5      3   0.06     77     22  645.4  645.9  645.4
   24.0  25726  -49.6  -75.6      3   0.06     95     27  648.8  649.3  648.8
   23.8  25781  -49.7  -75.7      3   0.06     96     27  650.1  650.7  650.2
   23.6  25836  -49.7  -75.7      3   0.06     97     26  651.7  652.2  651.7
   23.0  26006  -49.2  -75.5      3   0.06    100     25  657.9  658.5  657.9
   22.0  26299  -48.4  -75.0      3   0.07     85     16  668.7  669.4  668.7
   21.0  26606  -47.6  -74.5      3   0.07     85     24  680.2  680.9  680.2
   20.9  26638  -47.5  -74.5      3   0.08     85     24  681.4  682.1  681.4
   20.0  26930  -46.3  -73.3      3   0.09     85     26  693.7  694.6  693.7
   19.0  27271  -45.9  -72.9      3   0.11    110     20  705.2  706.3  705.2
   18.1  27594  -45.5  -72.5      3   0.12     92     21  716.3  717.5  716.3
   18.0  27630  -45.5  -72.5      3   0.12     90     21  717.3  718.5  717.4
   17.0  28011  -45.7  -72.7      3   0.12     75     30  728.6  729.8  728.6
   16.6  28169  -45.9  -72.9      3   0.12     81     30  732.9  734.2  733.0
   16.0  28414  -45.5  -72.5      3   0.13     90     31  742.0  743.4  742.0
   15.3  28712  -45.3  -72.3      3   0.14     97     33  752.2  753.7  752.2
   15.0  28844  -45.4  -72.0      3   0.15    100     34  756.1  757.8  756.2
   14.6  29024  -45.5  -71.5      4   0.17     96     30  761.6  763.4  761.7
   14.5  29070  -45.5  -71.5      4   0.17     95     29  763.1  765.0  763.2
   14.0  29304  -45.1  -71.4      4   0.18     90     24  772.1  774.0  772.2
   13.0  29800  -44.3  -71.1      4   0.20     90     34  791.4  793.6  791.5
   12.5  30062  -43.9  -70.9      3   0.21     85     32  801.8  804.2  801.9
   12.0  30337  -41.6  -69.3      3   0.28     80     29  819.2  822.4  819.3
   11.8  30451  -40.7  -68.7      3   0.31     81     31  826.5  830.0  826.6
   11.4  30686  -40.3  -68.3      3   0.34     83     35  836.1  840.0  836.2
   11.0  30929  -40.0  -68.3      3   0.35     85     39  845.6  849.8  845.8
   10.0  31580  -39.3  -68.3      3   0.39     90     33  871.7  876.4  871.9
    9.7  31789  -38.7  -67.7      3   0.44     90     33  881.6  886.9  881.8
    9.0  32305  -36.8  -65.8      3   0.61     90     34  908.0  915.6  908.3
    8.9  32382  -36.5  -65.5      3   0.64                912.0  920.0  912.4
    8.8  32461  -36.5  -65.5      3   0.65                915.0  923.1  915.3
    8.6  32620  -37.1  -66.1      3   0.61                918.6  926.4  919.0