-----------------------------------------------------------------------------
   PRES   HGHT   TEMP   DWPT   RELH   MIXR   DRCT   SKNT   THTA   THTE   THTV
    hPa     m      C      C      %    g/kg    deg   knot     K      K      K 
-----------------------------------------------------------------------------
 1000.0     84                                                               
  925.0    781                                                               
  873.0   1289   23.4   16.4     65  13.62    100      5  308.3  349.8  310.8
  868.0   1340   22.6   14.6     61  12.18    122      6  308.0  345.1  310.2
  863.0   1390   22.2   13.5     58  11.36    145      8  308.0  342.7  310.1
  861.0   1411   22.0   13.0     57  11.05    147      8  308.0  341.8  310.1
  852.0   1502   21.0   12.8     60  11.04    155      8  307.9  341.7  310.0
  850.0   1523   20.8   12.8     60  11.04    165     10  307.9  341.6  310.0
  846.0   1564   20.5   12.8     61  11.06    170     10  308.1  341.9  310.1
  832.0   1708   19.6   12.6     64  11.14    179     12  308.6  342.6  310.6
  825.0   1781   19.4   11.4     60  10.36    184     13  309.1  340.9  311.0
  823.0   1801   19.6   11.1     58  10.15    185     13  309.5  340.8  311.4
  818.0   1854   20.2   10.2     53   9.64    185     14  310.7  340.6  312.5
  815.0   1886   20.0    9.9     52   9.50    185     15  310.8  340.3  312.6
  805.0   1991   19.3    9.0     51   9.04    175     14  311.2  339.3  312.9
  795.0   2099   18.6    8.1     50   8.59    195     13  311.6  338.4  313.2
  785.0   2207   18.0    7.2     49   8.15    205     16  311.9  337.5  313.5
  777.0   2295   17.4    6.4     48   7.82    211     16  312.3  336.8  313.7
  764.0   2439   16.5    6.1     50   7.77    220     17  312.8  337.2  314.3
  754.0   2551   15.8    5.8     51   7.73    220     15  313.2  337.6  314.7
  751.0   2585   15.5    5.1     50   7.40    220     15  313.3  336.6  314.7
  746.0   2641   15.0    4.0     48   6.88    227     17  313.3  335.1  314.6
  739.0   2721   15.2    4.2     48   7.04    236     19  314.4  336.8  315.7
  727.0   2860   14.4    2.4     44   6.30    252     24  315.0  335.1  316.2
  721.0   2929   14.4    0.9     40   5.70    260     26  315.7  334.1  316.8
  719.0   2953   14.4    0.4     38   5.51    259     26  316.0  333.8  317.0
  700.0   3178   12.4    0.4     44   5.66    250     31  316.2  334.5  317.3
  682.0   3394   10.6    0.7     50   5.94    245     32  316.5  335.7  317.7
  633.0   4012    5.4    1.6     76   6.83    241     39  317.4  339.4  318.7
  630.0   4051    5.0    0.7     74   6.43    240     40  317.4  338.1  318.6
  627.0   4090    5.0   -0.6     67   5.89    240     40  317.8  336.9  319.0
  626.0   4103    5.0   -1.0     65   5.71    240     40  318.0  336.6  319.1
  619.0   4194    4.2   -0.6     71   5.96    240     41  318.0  337.4  319.2
  616.0   4234    3.8   -0.4     74   6.07    238     41  318.1  337.8  319.2
  611.0   4300    3.4   -1.6     70   5.62    235     42  318.3  336.6  319.4
  605.0   4380    2.9   -3.0     65   5.11    240     43  318.6  335.4  319.6
  604.0   4394    2.8   -3.2     65   5.03    240     43  318.7  335.2  319.7
  590.0   4583    1.0   -2.4     78   5.47    240     40  318.8  336.6  319.8
  585.0   4651    0.9                         240     41  319.4         319.4
  580.0   4720    0.8                                     320.1         320.1