-----------------------------------------------------------------------------
   PRES   HGHT   TEMP   DWPT   RELH   MIXR   DRCT   SKNT   THTA   THTE   THTV
    hPa     m      C      C      %    g/kg    deg   knot     K      K      K 
-----------------------------------------------------------------------------
 1000.0      8                                                               
  925.0    728                                                               
  870.0   1289   35.0    2.0     13   5.11    160     10  320.7  337.6  321.6
  866.0   1330   33.0   -2.0     10   3.83    145     12  319.0  331.8  319.7
  862.0   1371   32.5   -1.8     11   3.92    130     15  318.9  331.9  319.7
  856.0   1433   31.8   -1.4     12   4.06    135     14  318.8  332.2  319.5
  850.0   1495   31.0   -1.0     13   4.20    150     15  318.6  332.5  319.4
  849.0   1505   30.9   -1.0     13   4.20    145     15  318.6  332.5  319.4
  839.0   1608   29.9   -1.2     13   4.18    155     16  318.6  332.5  319.4
  831.0   1691   29.0   -1.4     14   4.16    155     12  318.6  332.4  319.4
  821.0   1796   28.0   -1.7     14   4.14    155     13  318.6  332.3  319.4
  794.0   2086   25.1   -2.3     16   4.08    170     15  318.6  332.1  319.4
  784.0   2196   24.0   -2.6     17   4.05    170     16  318.6  332.0  319.3
  769.0   2363   22.3   -3.0     18   4.02    160     17  318.5  331.8  319.3
  741.0   2685   19.1   -3.7     21   3.95    170     17  318.4  331.5  319.2
  728.0   2838   17.6   -4.0     23   3.92    175     16  318.4  331.3  319.1
  714.0   3006   15.9   -4.4     24   3.88    160     14  318.3  331.1  319.0
  700.0   3178   14.2   -4.8     26   3.84    165     17  318.2  330.9  318.9
  690.0   3299   13.6   -5.4     26   3.72    180     18  318.8  331.2  319.5
  663.0   3628   10.4   -6.3     30   3.61    220     19  318.8  330.9  319.5
  652.0   3766    9.0   -6.7     32   3.56    220     18  318.8  330.7  319.5
  640.0   3919    7.5   -7.1     35   3.51    225     17  318.8  330.6  319.5
  628.0   4075    6.0   -7.6     37   3.46    235     18  318.8  330.4  319.5
  619.0   4194    4.8   -7.9     39   3.42    230     16  318.8  330.2  319.4
  601.0   4438    2.4   -8.6     44   3.34    216     20  318.7  329.9  319.3
  600.0   4451    2.4   -9.0     43   3.24    215     20  318.9  329.8  319.5
  594.0   4532    2.6  -11.4     35   2.71    220     22  320.0  329.2  320.5
  578.0   4751    1.1  -16.6     25   1.82    235     29  320.8  327.2  321.2
  561.0   4991   -0.4  -22.2     18   1.16    225     34  321.7  325.9  321.9
  556.0   5063   -0.9  -23.9     16   1.00    228     36  322.0  325.6  322.2
  533.0   5398   -2.7  -34.9      6   0.37    240     44  323.7  325.1  323.8
  531.0   5428   -2.9  -35.9      6   0.34    239     44  323.8  325.1  323.9
  517.0   5638   -4.9  -34.9      7   0.38    235     47  323.9  325.4  324.0
  508.0   5776   -6.2  -34.3      9   0.42    235     46  324.0  325.6  324.1
  503.0   5853   -6.9  -33.9     10   0.44    235     46  324.0  325.7  324.1
  500.0   5900   -7.3  -34.3     10   0.42    235     46  324.1  325.7  324.2
  480.0   6216  -10.1  -33.1     13   0.49    235     50  324.4  326.3  324.5
  471.0   6362  -11.2  -33.0     15   0.51    235     52  324.9  326.8  324.9
  465.0   6460  -11.9  -32.9     16   0.52    235     51  325.1  327.1  325.2
  451.0   6690  -14.0  -33.8     17   0.49    235     49  325.3  327.2  325.4
  433.0   6996  -16.9  -35.0     19   0.46    240     47  325.5  327.2  325.6
  403.0   7535  -21.9  -37.0     24   0.40    245     45  325.7  327.2  325.8
  402.0   7553  -22.1  -37.1     24   0.40    245     45  325.7  327.2  325.8
  400.0   7590  -22.3  -37.3     24   0.39    245     46  325.9  327.4  326.0
  399.0   7608  -22.3  -37.3     24   0.39    245     46  326.1  327.7  326.2
  398.0   7627  -22.2  -38.4     21   0.35    245     46  326.5  327.9  326.6
  391.0   7758  -21.5  -46.5      9   0.15    248     45  329.1  329.7  329.1
  386.0   7852  -22.1  -45.1     11   0.18    250     45  329.5  330.2  329.6
  381.0   7948  -22.7  -43.7     13   0.21    252     46  330.0  330.8  330.0
  376.0   8045  -23.3  -47.2      9   0.15    255     48  330.4  331.0  330.4
  367.0   8222  -24.5  -53.5      5   0.07    254     50  331.1  331.4  331.1
  364.0   8282  -25.1  -52.1      6   0.09    253     51  331.1  331.4  331.1
  354.0   8484  -26.3  -57.3      4   0.05    252     53  332.1  332.3  332.1
  339.0   8793  -28.5  -52.5      8   0.09    250     57  333.2  333.6  333.2
  327.0   9051  -30.4  -48.5     15   0.14    250     56  334.1  334.7  334.1
  319.0   9228  -31.6  -45.7     24   0.20    245     59  334.7  335.6  334.8
  315.0   9318  -32.3  -44.3     29   0.24    247     60  335.0  336.0  335.1
  311.0   9408  -33.1  -45.1     29   0.22    250     61  335.2  336.1  335.2
  304.0   9567  -34.5  -46.5     29   0.19    250     58  335.4  336.2  335.4
  303.0   9591  -34.7  -46.7     28   0.19    250     58  335.4  336.2  335.4
  300.0   9660  -35.3  -47.3     28   0.18    250     58  335.5  336.2  335.5
  291.0   9871  -36.7  -50.7     22   0.13    253     65  336.4  337.0  336.5
  283.0  10063  -37.3  -53.5     17   0.09    255     72  338.3  338.7  338.3
  277.0  10211  -37.7  -55.7     13   0.07    255     74  339.8  340.1  339.8
  273.0  10311  -38.6  -56.2     14   0.07    255     76  339.9  340.2  339.9
  266.0  10489  -40.1  -57.1     15   0.06    253     77  340.2  340.5  340.2
  263.0  10566  -39.7  -59.7     10   0.05    252     77  341.9  342.1  341.9
  258.0  10697  -40.7  -62.1      8   0.03    250     78  342.3  342.5  342.3
  256.0  10750  -41.1  -63.1      7   0.03    251     78  342.5  342.6  342.5
  250.0  10910  -42.3  -62.3      9   0.04    255     77  343.0  343.2  343.1
  238.0  11241  -44.9  -63.9     10   0.03    250     76  344.0  344.1  344.0
  228.0  11526  -46.3  -67.3      7   0.02    245     75  346.1  346.2  346.1
  225.0  11614  -46.7  -68.4      7   0.02    245     73  346.8  346.9  346.8
  210.0  12071  -48.9  -73.9      4   0.01    240     67  350.2  350.3  350.3
  205.0  12229  -50.3  -75.3      4   0.01    242     68  350.5  350.5  350.5
  200.0  12390  -51.3  -76.3      4   0.01    245     69  351.4  351.4  351.4
  194.0  12587  -52.3  -77.3      3   0.01    250     71  352.8  352.8  352.8
  192.0  12654  -52.7  -77.7      3   0.01    251     69  353.2  353.3  353.2
  180.0  13065  -55.1  -81.4      2   0.00    255     59  356.0  356.0  356.0
  174.0  13282  -56.3  -83.3      2   0.00    251     55  357.4  357.4  357.4
  172.0  13354  -56.8  -83.4      2   0.00    250     54  357.7  357.7  357.7
  169.0  13465  -57.6  -83.6      2   0.00    250     54  358.2  358.2  358.2
  159.0  13847  -60.3  -84.3      3   0.00    258     52  359.9  360.0  359.9
  158.0  13886  -60.3  -83.3      3   0.00    258     51  360.6  360.6  360.6
  156.0  13966  -60.1  -83.8      3   0.00    260     51  362.3  362.3  362.3
  154.0  14046  -59.8  -84.4      3   0.00    260     50  364.1  364.1  364.1
  153.0  14087  -59.7  -84.7      3   0.00    261     49  365.0  365.0  365.0
  150.0  14210  -59.5  -85.5      2   0.00    265     47  367.4  367.4  367.4
  149.0  14252  -59.5  -85.5      2   0.00    266     45  368.1  368.1  368.1
  148.0  14294  -59.5  -85.5      2   0.00    267     43  368.8  368.8  368.8
  146.0  14379  -59.8  -86.4      2   0.00    270     39  369.8  369.8  369.8
  145.0  14422  -59.9  -86.9      2   0.00    267     38  370.2  370.3  370.2
  140.0  14640  -60.7  -86.9      2   0.00    250     33  372.5  372.5  372.5
  139.0  14685  -60.9  -86.9      2   0.00    248     34  373.0  373.0  373.0
  135.0  14866  -60.7  -86.7      2   0.00    240     36  376.4  376.4  376.4
  134.0  14913  -60.7  -86.7      2   0.00    241     34  377.3  377.3  377.3
  130.0  15099  -61.6  -87.4      2   0.00    245     26  378.9  378.9  378.9
  128.0  15195  -62.1  -87.8      2   0.00    240     22  379.6  379.7  379.6
  120.0  15592  -64.2  -89.3      2   0.00    215     28  383.0  383.0  383.0
  118.0  15696  -64.7  -89.7      2   0.00    218     31  383.9  383.9  383.9
  117.0  15748  -64.9  -89.9      2   0.00    220     32  384.4  384.4  384.4
  114.0  15907  -64.2  -89.7      2   0.00    230     34  388.6  388.6  388.6
  110.0  16125  -63.3  -89.3      2   0.00    247     25  394.3  394.3  394.3
  108.0  16238  -62.7  -88.7      2   0.00    256     20  397.5  397.5  397.5
  107.0  16295  -62.9  -88.8      2   0.00    260     18  398.1  398.1  398.1
  102.0  16589  -64.1  -89.1      2   0.00    206     10  401.3  401.3  401.3
  101.0  16649  -64.3  -89.3      2   0.00    195      8  402.1  402.1  402.1
  100.0  16710  -64.5  -89.5      2   0.00    175     10  402.8  402.9  402.8
   98.3  16815  -64.3  -89.3      2   0.00    186     12  405.2  405.2  405.2
   96.1  16953  -64.5  -89.5      2   0.00    201     14  407.4  407.4  407.4
   94.3  17069  -64.9  -89.9      2   0.00    213     16  408.9  408.9  408.9
   94.0  17088  -64.9  -89.9      2   0.00    215     16  409.3  409.3  409.3
   92.0  17220  -64.6  -89.6      2   0.00    200     14  412.3  412.3  412.3
   91.0  17286  -64.5  -89.5      2   0.00    180     15  413.9  413.9  413.9
   89.5  17388  -64.3  -89.3      2   0.00    185     13  416.2  416.2  416.2
   89.3  17402  -64.3  -89.3      2   0.00    186     13  416.5  416.5  416.5
   88.0  17491  -64.4  -89.4      2   0.00    190     11  418.1  418.1  418.1
   87.0  17561  -64.4  -89.4      2   0.00    165     10  419.3  419.3  419.3
   85.8  17646  -64.5  -89.5      2   0.00    157     11  420.9  420.9  420.9
   85.6  17660  -64.5  -89.5      2   0.00    156     11  421.1  421.1  421.1
   84.0  17776  -64.2  -89.2      2   0.00    145     13  424.1  424.1  424.1
   83.0  17849  -64.0  -89.0      2   0.00    155     10  426.0  426.0  426.0
   80.8  18014  -63.5  -88.5      2   0.00    212     11  430.2  430.2  430.2
   80.6  18029  -63.5  -88.5      2   0.00    217     11  430.5  430.5  430.5
   79.0  18152  -63.3  -88.3      2   0.00    260     12  433.3  433.3  433.3
   77.0  18310  -63.1  -88.1      2   0.00    285      5  436.9  437.0  436.9
   76.8  18326  -63.1  -88.1      2   0.00    256      4  437.3  437.3  437.3
   76.0  18391  -62.8  -87.8      2   0.00    140      1  439.3  439.3  439.3
   74.0  18556  -62.0  -87.0      2   0.00    135      8  444.3  444.3  444.3
   73.0  18640  -61.6  -86.6      2   0.00    145     11  446.9  446.9  446.9
   72.0  18725  -61.2  -86.2      2   0.00    145     10  449.5  449.5  449.5
   71.3  18786  -60.9  -85.9      2   0.00    150     12  451.4  451.4  451.4
   70.0  18900  -61.1  -86.1      2   0.00    160     15  453.3  453.4  453.3
   69.8  18918  -60.9  -85.9      2   0.00    163     14  454.1  454.1  454.1
   69.0  18990  -60.7  -85.7      2   0.00    175     12  456.0  456.1  456.0
   67.0  19174  -60.2  -85.2      2   0.00     35      3  460.9  460.9  460.9
   66.0  19268  -60.0  -85.0      2   0.00      5      6  463.4  463.4  463.4
   63.0  19560  -59.2  -84.2      3   0.01    110      8  471.2  471.3  471.2
   62.0  19660  -59.0  -84.0      3   0.01     95      4  474.0  474.0  474.0
   60.0  19865  -58.5  -83.5      3   0.01     45      8  479.6  479.7  479.6
   57.2  20164  -57.7  -82.7      3   0.01     82     18  487.9  488.0  487.9
   57.0  20186  -57.8  -82.8      3   0.01     85     19  488.3  488.3  488.3
   55.2  20388  -58.5  -83.5      3   0.01    112     14  491.1  491.2  491.1
   54.0  20526  -58.8  -83.8      3   0.01    130     10  493.5  493.5  493.5
   53.0  20644  -59.1  -84.1      3   0.01    130      6  495.5  495.6  495.5
   52.9  20655  -59.1  -84.1      3   0.01    125      7  495.7  495.8  495.7
   52.0  20763  -58.6  -83.9      3   0.01     80     13  499.3  499.4  499.3
   50.0  21010  -57.5  -83.5      2   0.01    105     15  507.5  507.6  507.5
   49.0  21138  -56.8  -82.8      2   0.01    100     12  512.1  512.2  512.1
   48.3  21229  -56.3  -82.3      2   0.01    119     11  515.4  515.5  515.4
   47.9  21282  -56.3  -82.3      2   0.01    131     10  516.7  516.7  516.7
   46.0  21538  -56.5  -82.5      2   0.01    185      7  522.2  522.3  522.2
   45.8  21566  -56.5  -82.5      2   0.01    179      6  522.8  522.9  522.8
   45.0  21678  -56.3  -82.3      2   0.01    155      4  526.0  526.0  526.0
   42.0  22116  -55.5  -81.5      3   0.01    115     21  538.4  538.5  538.4
   41.9  22131  -55.5  -81.5      3   0.01    116     20  538.8  538.9  538.8
   40.0  22426  -55.7  -80.7      3   0.01    145      7  545.5  545.6  545.5
   39.0  22587  -55.5  -80.5      3   0.02    110     12  549.9  550.0  549.9
   38.0  22753  -55.3  -80.3      3   0.02    115     10  554.5  554.6  554.5
   37.8  22786  -55.3  -80.3      3   0.02    111     10  555.4  555.5  555.4
   37.0  22923  -54.9  -80.2      3   0.02     95     12  559.7  559.9  559.8
   36.0  23098  -54.5  -80.0      3   0.02     95     15  565.4  565.5  565.4
   35.0  23279  -54.0  -79.8      3   0.02     85     12  571.2  571.4  571.2
   34.5  23371  -53.7  -79.7      3   0.02     89     15  574.2  574.4  574.3
   33.0  23656  -53.5  -79.5      3   0.02    100     23  582.1  582.3  582.1
   32.5  23754  -53.5  -79.5      3   0.02     93     19  584.7  584.9  584.7
   32.0  23854  -53.2  -79.2      3   0.02     85     14  588.0  588.2  588.0
   31.0  24058  -52.7  -78.7      3   0.03     90     20  594.9  595.1  594.9
   30.7  24121  -52.5  -78.5      3   0.03     89     20  597.0  597.2  597.0
   30.0  24270  -52.1  -78.1      3   0.03     85     19  602.0  602.3  602.0
   29.0  24490  -51.5  -78.1      3   0.03    110     23  609.5  609.7  609.5
   28.3  24649  -51.1  -78.1      3   0.03     93     19  614.9  615.2  614.9
   28.0  24718  -50.9  -77.9      3   0.03     85     17  617.4  617.7  617.4
   27.0  24955  -50.1  -77.1      3   0.04     85     22  626.0  626.4  626.0
   26.1  25177  -50.3  -76.3      3   0.05     94     25  631.5  632.0  631.6
   26.0  25202  -50.3  -76.3      3   0.05     95     25  632.4  632.8  632.4
   25.0  25458  -49.9  -75.8      3   0.05    105     19  640.6  641.1  640.7
   24.0  25725  -49.4  -75.4      3   0.06     85     25  649.4  649.9  649.4
   23.7  25808  -49.3  -75.3      3   0.06     88     24  652.1  652.7  652.1
   23.0  26005  -48.6  -75.1      3   0.06     95     20  659.8  660.4  659.9
   22.0  26299  -47.5  -74.8      3   0.07     80     27  671.5  672.1  671.5
   21.1  26574  -46.5  -74.5      3   0.07     80     21  682.5  683.3  682.6
   21.0  26606  -46.5  -74.3      3   0.08     80     20  683.6  684.3  683.6
   20.4  26798  -46.3  -73.3      3   0.09     86     26  689.8  690.7  689.8
   20.0  26930  -46.5  -73.5      3   0.09     90     30  693.1  694.0  693.1
   19.2  27201  -46.9  -72.9      4   0.10    102     28  700.0  701.0  700.0
   19.0  27270  -46.9  -72.9      4   0.11    105     27  702.1  703.1  702.1
   18.0  27629  -46.3  -73.3      3   0.10     80     24  714.9  716.0  714.9
   17.1  27970  -45.7  -72.7      3   0.12     93     25  727.4  728.6  727.4
   17.0  28009  -45.7  -72.7      3   0.12     95     25  728.5  729.7  728.5
   16.0  28412  -46.0  -72.2      4   0.14     85     21  740.2  741.7  740.3
   15.8  28496  -46.1  -72.1      4   0.14     87     22  742.7  744.2  742.7
   15.0  28842  -45.6  -72.4      3   0.14     95     24  755.4  756.9  755.4
   14.8  28931  -45.5  -72.5      3   0.14     93     26  758.7  760.2  758.7
   14.2  29207  -44.7  -71.7      3   0.17     87     32  770.4  772.2  770.5
   14.0  29302  -44.7  -71.5      3   0.17     85     34  773.4  775.3  773.5
   13.3  29645  -44.9  -70.9      4   0.20     85     25  784.2  786.5  784.3
   13.2  29695  -44.9  -70.9      4   0.20     85     24  785.9  788.2  786.0
   13.0  29798  -44.6  -70.7      4   0.21     85     21  790.3  792.6  790.4
   12.0  30336  -43.2  -69.9      4   0.26     90     27  813.5  816.4  813.6
   11.5  30622  -42.5  -69.5      4   0.28     85     30  826.1  829.4  826.3
   11.0  30923  -41.5  -68.5      4   0.34     80     33  840.3  844.3  840.5
   10.9  30984  -41.3  -68.3      4   0.36     80     33  843.2  847.4  843.4
   10.6  31174  -41.3  -68.3      4   0.37     82     33  850.0  854.3  850.2
   10.0  31570  -40.7  -68.7      3   0.37     85     34  866.5  870.9  866.7
    9.1  32216  -37.5  -66.5      3   0.55     85     28  902.4  909.2  902.7
    9.0  32293  -37.3  -66.3      3   0.57     85     27  906.1  913.2  906.4
    8.4  32771  -35.9  -64.9      3   0.74     82     25  929.5  938.9  930.0
    8.2  32938  -36.5  -64.5      4   0.80     81     25  933.6  943.7  934.0