-----------------------------------------------------------------------------
   PRES   HGHT   TEMP   DWPT   RELH   MIXR   DRCT   SKNT   THTA   THTE   THTV
    hPa     m      C      C      %    g/kg    deg   knot     K      K      K 
-----------------------------------------------------------------------------
 1000.0     44                                                               
  925.0    729                                                               
  867.0   1289   18.4   13.4     73  11.26     10      3  303.7  337.5  305.7
  850.0   1460   19.8    9.8     52   9.02     25      1  306.9  334.5  308.5
  841.0   1552   20.6    9.6     49   9.00     44      2  308.6  336.4  310.3
  824.0   1728   19.0    9.0     52   8.82     80      4  308.8  335.9  310.4
  818.0   1791   18.8    8.8     52   8.76     94      5  309.2  336.3  310.8
  804.0   1939   19.6    6.6     43   7.66    124      7  311.6  335.6  313.0
  785.9   2134   18.8    2.1     33   5.69    165      9  312.7  330.9  313.8
  758.5   2438   17.5   -5.0     21   3.51    170     21  314.6  326.1  315.2
  756.0   2466   17.4   -5.6     20   3.35    170     21  314.7  325.8  315.4
  731.6   2743   15.4   -3.7     26   3.99    170     17  315.5  328.6  316.3
  705.7   3048   13.3   -1.7     35   4.82    220     10  316.4  332.1  317.4
  700.0   3117   12.8   -1.2     38   5.03    230     11  316.6  333.0  317.6
  680.4   3353   10.9   -2.2     40   4.82    230     11  317.1  332.8  318.0
  660.0   3607    8.8   -3.2     43   4.60    230     11  317.5  332.6  318.4
  655.9   3658    8.4   -3.4     43   4.56    230     11  317.6  332.5  318.5
  632.0   3962    5.9   -4.6     47   4.33    225     14  318.1  332.4  318.9
  624.0   4067    5.0   -5.0     48   4.25    232     15  318.3  332.3  319.1
  610.0   4251    3.6   -7.4     44   3.61    244     17  318.7  330.8  319.4
  608.8   4267    3.5   -7.5     45   3.59    245     17  318.7  330.7  319.4
  586.2   4572    0.6   -9.5     47   3.19    240     17  318.8  329.5  319.4
  585.0   4589    0.4   -9.6     47   3.17    241     17  318.8  329.5  319.4
  564.2   4877   -1.9  -12.9     43   2.53    255     22  319.5  328.1  320.0
  564.0   4880   -1.9  -12.9     43   2.53    255     22  319.5  328.1  320.0
  542.6   5182   -4.9  -13.7     50   2.47    240     26  319.5  327.9  320.0
  521.9   5486   -7.8  -14.4     59   2.41    235     24  319.5  327.7  320.0
  501.9   5791  -10.8  -15.2     70   2.35    230     29  319.4  327.5  319.9
  500.0   5820  -11.1  -15.3     71   2.34    230     29  319.4  327.4  319.9
  497.0   5866  -11.3  -15.5     71   2.32    232     29  319.8  327.7  320.2
  482.3   6096  -12.9  -19.8     56   1.66    240     28  320.6  326.4  320.9
  482.0   6101  -12.9  -19.9     56   1.64    240     28  320.6  326.3  320.9
  463.3   6401  -15.7  -21.8     60   1.46    245     28  320.7  325.9  321.0
  462.0   6423  -15.9  -21.9     60   1.44    245     28  320.8  325.8  321.0
  444.9   6706  -17.3  -28.7     37   0.81    245     29  322.4  325.4  322.6
  443.0   6739  -17.5  -29.5     34   0.75    243     29  322.6  325.4  322.8
  439.0   6807  -17.3  -31.3     29   0.64    238     29  323.7  326.1  323.8
  427.3   7010  -18.5  -36.4     19   0.40    225     29  324.7  326.3  324.8
  427.0   7015  -18.5  -36.5     19   0.40    225     29  324.7  326.3  324.8
  417.0   7191  -19.7  -36.7     21   0.40    236     33  325.4  326.9  325.5
  413.0   7263  -19.7  -38.7     17   0.33    240     35  326.3  327.6  326.4
  400.0   7500  -20.9  -42.9     12   0.22    255     40  327.7  328.6  327.8
  398.0   7537  -21.1  -43.1     12   0.21    255     40  327.9  328.8  328.0
  393.5   7620  -21.9  -43.4     12   0.21    255     40  328.0  328.9  328.1
  377.4   7925  -24.7  -44.4     14   0.20    255     42  328.2  329.0  328.3
  363.0   8209  -27.3  -45.3     16   0.18    250     41  328.4  329.2  328.4
  361.9   8230  -27.4  -45.8     16   0.18    250     41  328.5  329.2  328.6
  346.9   8534  -29.3  -52.6      9   0.08    260     43  330.0  330.4  330.1
  345.0   8574  -29.5  -53.5      8   0.08    259     43  330.2  330.6  330.2
  332.4   8839  -30.9  -58.9      5   0.04    255     46  331.8  332.0  331.8
  326.0   8976  -31.7  -61.7      4   0.03    255     47  332.6  332.7  332.6
  318.3   9144  -32.7  -61.5      4   0.03    255     49  333.4  333.6  333.4
  307.0   9399  -34.3  -61.3      5   0.03    252     53  334.7  334.9  334.7
  300.0   9560  -35.5  -62.5      5   0.03    250     55  335.2  335.4  335.2
  291.6   9754  -36.9  -63.2      5   0.03    250     59  336.0  336.1  336.0
  278.9  10058  -39.0  -64.2      5   0.02    250     56  337.2  337.3  337.2
  266.8  10363  -41.2  -65.2      6   0.02    250     58  338.4  338.5  338.4
  266.0  10383  -41.3  -65.3      6   0.02    250     58  338.5  338.6  338.5
  254.9  10668  -42.7  -67.3      5   0.02    250     61  340.6  340.7  340.6
  250.0  10800  -43.3  -68.3      5   0.02    250     60  341.6  341.6  341.6
  243.6  10973  -44.2  -68.6      5   0.02    250     62  342.7  342.8  342.7
  232.8  11278  -45.9  -69.2      5   0.01    250     63  344.7  344.8  344.7
  230.0  11360  -46.3  -69.3      6   0.01    251     63  345.2  345.3  345.2
  228.0  11418  -46.3  -69.3      6   0.01    252     63  346.1  346.2  346.1
  222.4  11582  -46.7  -70.1      5   0.01    255     63  347.9  347.9  347.9
  213.0  11870  -47.5  -71.5      5   0.01    253     67  351.0  351.1  351.0
  204.0  12158  -45.7  -72.7      3   0.01    250     72  358.2  358.3  358.2
  203.0  12192  -45.8  -73.1      3   0.01    250     72  358.6  358.6  358.6
  200.0  12290  -46.1  -74.1      3   0.01    255     71  359.6  359.6  359.6
  193.8  12497  -46.6  -76.4      2   0.01    260     70  362.0  362.0  362.0
  193.0  12526  -46.7  -76.7      2   0.01    260     70  362.3  362.4  362.3
  190.0  12630  -46.5  -78.5      1   0.00    260     71  364.3  364.3  364.3
  188.0  12700  -46.3  -79.3      1   0.00    260     72  365.7  365.7  365.7
  187.0  12735  -46.3  -79.3      1   0.00    260     72  366.3  366.3  366.3
  185.1  12802  -46.6  -79.3      1   0.00    260     73  366.9  366.9  366.9
  184.0  12842  -46.7  -79.3      1   0.00    255     74  367.3  367.3  367.3
  180.0  12987  -47.3  -79.3      1   0.00    255     74  368.6  368.7  368.6
  176.8  13106  -47.9  -79.9      1   0.00    255     74  369.5  369.5  369.5
  173.0  13248  -48.7  -80.7      1   0.00    257     72  370.5  370.6  370.5
  168.7  13411  -49.8  -81.3      1   0.00    260     70  371.4  371.4  371.4
  160.9  13716  -51.9  -82.5      1   0.00    255     69  372.9  372.9  372.9
  155.0  13960  -53.5  -83.5      1   0.00    255     67  374.2  374.2  374.2
  153.5  14021  -53.8  -83.8      1   0.00    255     67  374.7  374.7  374.7
  151.0  14128  -54.3  -84.3      1   0.00    255     63  375.6  375.6  375.6
  150.0  14170  -54.3  -84.3      1   0.00    255     61  376.3  376.3  376.3
  143.0  14475  -56.1  -86.1      1   0.00    255     54  378.4  378.4  378.4
  139.5  14630  -57.5  -86.9      1   0.00    255     50  378.6  378.6  378.6
  137.0  14746  -58.5  -87.5      1   0.00    253     50  378.8  378.8  378.8
  132.9  14935  -59.6  -88.6      1   0.00    250     50  380.0  380.0  380.0
  132.0  14979  -59.9  -88.9      1   0.00    250     50  380.3  380.3  380.3
  126.6  15240  -61.4  -90.0      1   0.00    250     50  382.3  382.3  382.3
  119.0  15621  -63.5  -91.5      1   0.00    257     43  385.1  385.1  385.1
  116.0  15778  -63.9  -91.9      1   0.00    260     40  387.2  387.2  387.2
  114.7  15850  -63.5  -91.5      1   0.00    260     40  389.4  389.4  389.4
  113.0  15939  -62.9  -90.9      1   0.00    261     38  392.0  392.0  392.0
  109.1  16154  -63.7  -91.7      1   0.00    265     32  394.5  394.5  394.5
  109.0  16161  -63.7  -91.7      1   0.00    265     32  394.6  394.6  394.6
  108.0  16217  -63.5  -91.5      1   0.00    261     30  396.0  396.0  396.0
  105.0  16390  -62.9  -90.9      1   0.00    250     24  400.3  400.3  400.3
  103.8  16459  -63.2  -91.2      1   0.00    245     22  401.1  401.1  401.1
  100.0  16690  -64.1  -92.1      1   0.00    250     25  403.6  403.6  403.6
   98.8  16764  -64.3  -92.3      1   0.00    250     25  404.5  404.5  404.5
   98.1  16807  -64.5  -92.5      1   0.00    254     24  405.1  405.1  405.1
   97.0  16876  -64.3  -92.3      1   0.00    260     22  406.7  406.7  406.7
   95.3  16984  -64.1  -92.1      1   0.00    254     19  409.2  409.2  409.2
   93.0  17134  -64.7  -91.9      1   0.00    245     15  410.8  410.8  410.8
   92.4  17173  -64.9  -91.9      1   0.00    244     16  411.2  411.3  411.2
   91.0  17266  -65.1  -92.1      1   0.00    240     19  412.6  412.6  412.6
   88.0  17470  -65.7  -92.7      1   0.00    245     17  415.5  415.5  415.5
   87.9  17477  -65.7  -92.7      1   0.00    245     17  415.6  415.6  415.6
   86.0  17610  -64.7  -92.1      1   0.00    235     21  420.2  420.2  420.2
   85.0  17682  -64.2  -91.8      1   0.00    240     24  422.7  422.7  422.7
   83.4  17798  -63.3  -91.3      1   0.00    248     19  426.7  426.7  426.7
   82.0  17903  -62.6  -90.6      1   0.00    255     15  430.3  430.3  430.3
   81.0  17978  -62.0  -90.0      1   0.00    230     11  432.9  432.9  432.9
   79.3  18109  -61.1  -89.1      1   0.00    208     14  437.4  437.5  437.4
   78.0  18211  -61.7  -89.4      1   0.00    190     16  438.3  438.4  438.3
   77.0  18291  -62.1  -89.7      1   0.00    195     18  439.0  439.1  439.0
   75.0  18454  -63.0  -90.2      1   0.00    210     15  440.4  440.5  440.4
   74.4  18503  -63.3  -90.3      1   0.00    214     16  440.9  440.9  440.9
   72.0  18706  -62.0  -90.1      1   0.00    230     20  447.8  447.8  447.8
   70.0  18880  -60.9  -89.9      1   0.00    245     12  453.8  453.8  453.8
   69.0  18970  -60.6  -89.4      1   0.00    245      3  456.3  456.3  456.3
   68.0  19061  -60.3  -88.9      1   0.00    145      7  458.8  458.8  458.8
   65.4  19304  -59.5  -87.5      2   0.00    170     12  465.7  465.7  465.7
   64.6  19381  -59.5  -87.5      2   0.00    178     14  467.3  467.4  467.3
   62.0  19638  -58.6  -87.3      1   0.00    205     19  474.8  474.8  474.8
   60.4  19802  -58.1  -87.1      1   0.00    242     15  479.5  479.6  479.5
   57.0  20168  -57.3  -86.3      1   0.00    325      6  489.3  489.3  489.3
   56.0  20280  -57.1  -86.1      1   0.00    125      3  492.3  492.3  492.3
   55.4  20348  -56.9  -85.9      1   0.00    141      5  494.3  494.3  494.3
   54.9  20405  -56.9  -85.9      1   0.00    155      7  495.5  495.6  495.5
   54.0  20510  -56.4  -85.4      1   0.01    180     10  499.0  499.0  499.0
   52.7  20665  -55.7  -84.7      2   0.01    270      5  504.1  504.2  504.1
   52.0  20750  -55.5  -84.5      2   0.01    320      2  506.6  506.6  506.6
   51.0  20874  -55.2  -84.2      2   0.01     15      7  510.1  510.1  510.1
   50.7  20911  -55.1  -84.1      2   0.01     21      9  511.2  511.2  511.2
   50.0  21000  -55.1  -84.1      2   0.01     35     13  513.2  513.2  513.2
   49.0  21129  -55.5  -84.5      2   0.01     55     13  515.3  515.3  515.3
   47.4  21340  -56.1  -85.1      1   0.01     92      8  518.7  518.7  518.7
   46.0  21530  -56.1  -85.1      1   0.01    125      3  523.1  523.2  523.2
   45.0  21670  -56.1  -85.1      1   0.01     65      9  526.5  526.5  526.5
   44.9  21684  -56.1  -85.1      1   0.01     66      9  526.8  526.8  526.8
   44.5  21741  -55.9  -84.9      2   0.01     70     10  528.6  528.7  528.6
   44.0  21813  -56.0  -84.8      2   0.01     75     12  530.0  530.1  530.0
   43.0  21959  -56.3  -84.7      2   0.01     85     11  532.9  533.0  532.9
   42.1  22093  -56.5  -84.5      2   0.01     98     13  535.6  535.6  535.6
   41.3  22215  -56.5  -84.5      2   0.01    110     14  538.5  538.6  538.5
   41.0  22261  -56.4  -84.5      2   0.01    115     15  539.9  540.0  539.9
   40.0  22418  -56.0  -84.4      2   0.01    125      5  544.7  544.7  544.7
   39.0  22579  -55.6  -84.4      2   0.01    120      7  549.6  549.6  549.6
   38.1  22728  -55.3  -84.3      2   0.01     98      4  554.1  554.2  554.1
   38.0  22744  -55.3  -84.2      2   0.01     95      4  554.6  554.7  554.6
   37.0  22915  -54.9  -82.9      2   0.01     90     18  559.8  559.9  559.8
   36.0  23090  -55.1  -83.1      2   0.01     90     14  563.7  563.8  563.7
   35.7  23143  -55.1  -83.1      2   0.01     80     12  565.0  565.1  565.0
   35.0  23270  -54.8  -83.0      2   0.01     55      8  569.1  569.2  569.1
   34.0  23455  -54.3  -83.0      2   0.01    120     21  575.0  575.1  575.0
   33.1  23627  -53.9  -82.9      2   0.01    120     20  580.6  580.7  580.6
   33.0  23646  -53.9  -82.8      2   0.01    120     20  581.2  581.3  581.2
   31.0  24049  -52.9  -81.9      2   0.02     90     17  594.4  594.5  594.4
   30.7  24111  -52.7  -81.7      2   0.02     89     16  596.4  596.6  596.4
   30.0  24260  -52.9  -80.9      2   0.02     85     15  599.8  600.0  599.8
   29.0  24479  -52.7  -80.7      2   0.02    105     15  606.2  606.4  606.2
   28.0  24706  -52.5  -80.5      2   0.02     85     19  612.9  613.1  612.9
   27.7  24775  -52.5  -80.5      2   0.02     79     21  614.8  615.0  614.8
   27.5  24822  -52.3  -80.3      2   0.02     75     22  616.6  616.8  616.6
   27.0  24941  -52.4  -80.4      2   0.02     65     24  619.6  619.8  619.6
   26.5  25062  -52.5  -80.5      2   0.02     77     22  622.6  622.8  622.6
   26.0  25185  -52.5  -80.5      2   0.02     90     20  626.0  626.2  626.0
   25.6  25286  -52.3  -80.3      2   0.02     88     20  629.3  629.6  629.4
   25.3  25362  -52.3  -80.3      2   0.03     87     19  631.5  631.7  631.5
   25.0  25439  -52.0  -80.3      2   0.03     85     19  634.3  634.6  634.4
   24.0  25704  -51.2  -80.1      2   0.03    105     17  644.3  644.5  644.3
   23.9  25731  -51.1  -80.1      2   0.03    105     17  645.3  645.6  645.3
   23.0  25983  -50.3  -79.3      2   0.03    100     21  654.7  655.0  654.7
   22.0  26274  -49.4  -78.4      2   0.04    115     32  665.7  666.1  665.8
   21.0  26579  -48.5  -77.5      2   0.05    105     22  677.5  678.0  677.5
   20.4  26769  -47.9  -76.9      2   0.05    102     21  684.9  685.4  684.9
   20.0  26900  -48.1  -77.1      2   0.05    100     20  688.2  688.7  688.2
   19.6  27033  -47.9  -76.9      2   0.06     96     22  692.8  693.3  692.8
   19.0  27239  -47.2  -76.5      2   0.06     90     24  701.1  701.7  701.1
   18.0  27598  -46.0  -75.8      2   0.07    115     26  715.8  716.6  715.9
   17.6  27747  -45.5  -75.5      2   0.08     99     26  722.0  722.8  722.0
   17.0  27978  -45.3  -75.3      2   0.08     75     26  729.9  730.7  729.9
   16.0  28382  -45.6  -74.9      2   0.09     85     31  741.8  742.7  741.8
   15.5  28594  -45.7  -74.7      2   0.10     87     32  748.1  749.1  748.1
   15.1  28768  -45.7  -74.7      2   0.10     89     33  753.7  754.8  753.7
   15.0  28812  -45.6  -74.6      2   0.10     90     33  755.4  756.5  755.4
   14.4  29084  -45.1  -74.1      2   0.12     91     37  766.0  767.2  766.0
   13.7  29417  -44.5  -73.5      3   0.13     93     42  779.0  780.5  779.1
   13.0  29768  -45.1  -74.1      2   0.13     95     47  788.7  790.1  788.8
   12.6  29977  -44.7  -73.7      2   0.14     97     41  797.1  798.8  797.2
   12.0  30305  -43.6  -73.0      2   0.17    100     31  812.2  814.1  812.2
   11.0  30891  -41.7  -71.6      2   0.22     90     36  839.6  842.2  839.7
   10.9  30953  -41.5  -71.5      2   0.23     90     36  842.5  845.2  842.6
   10.0  31540  -39.5  -69.5      3   0.33     85     41  871.0  875.0  871.1
    9.9  31609  -39.1  -69.1      3   0.35     85     40  875.0  879.2  875.1
    9.0  32267  -36.1  -67.0      3   0.52     85     34  910.8  917.4  911.1
    8.9  32344  -35.7  -66.7      3   0.54     86     36  915.1  922.0  915.4
    8.7  32502  -35.3  -66.3      3   0.59     89     39  922.6  930.1  922.9
    8.4  32747  -34.7  -65.7      3   0.66     94     45  934.2  942.7  934.6
    8.2  32915  -35.5  -66.5      3   0.61     97     49  937.5  945.4  937.9