-----------------------------------------------------------------------------
   PRES   HGHT   TEMP   DWPT   RELH   MIXR   DRCT   SKNT   THTA   THTE   THTV
    hPa     m      C      C      %    g/kg    deg   knot     K      K      K 
-----------------------------------------------------------------------------
 1000.0    -11                                                               
  925.0    705                                                               
  867.0   1289   32.6    7.6     21   7.61      0      7  318.5  343.0  319.9
  862.0   1342   30.6    5.6     21   6.66     10      8  316.9  338.4  318.2
  857.0   1394   29.9    5.3     21   6.54     20     10  316.7  337.7  317.9
  850.0   1468   28.8    4.8     22   6.38    355      9  316.3  336.9  317.5
  847.0   1499   28.5    4.8     22   6.39      0     12  316.3  336.9  317.6
  836.0   1614   27.5    4.7     23   6.44    355     12  316.4  337.2  317.7
  819.0   1795   25.9    4.5     25   6.50    350     12  316.6  337.6  317.9
  811.0   1882   25.2    4.5     26   6.54    340     14  316.7  337.8  318.0
  803.0   1969   24.4    4.4     27   6.57    342     14  316.8  338.0  318.1
  791.0   2100   23.2    2.4     25   5.76    345     14  316.9  335.6  318.0
  789.0   2122   23.0    2.0     25   5.63    342     14  316.9  335.2  318.0
  780.0   2222   22.1    2.4     27   5.86    330     13  317.0  335.9  318.1
  775.0   2277   21.6    2.6     29   5.99    319     14  317.0  336.4  318.2
  769.0   2345   21.0    1.6     28   5.60    305     15  317.0  335.2  318.1
  760.0   2446   20.0    0.0     26   5.06    249      9  317.1  333.6  318.0
  749.0   2571   18.7    0.0     28   5.13    180      2  317.0  333.7  318.0
  743.0   2640   18.0    0.0     30   5.18    207      5  316.9  333.8  317.9
  740.0   2675   17.8   -0.8     28   4.89    220      6  317.1  333.0  318.0
  732.0   2767   17.2   -3.1     25   4.18    190     10  317.4  331.2  318.2
  724.0   2861   16.6   -5.4     22   3.56    200     11  317.7  329.6  318.4
  719.0   2920   16.2   -6.8     20   3.21    196     12  317.9  328.7  318.6
  718.0   2931   16.1   -6.8     20   3.21    195     12  318.0  328.7  318.6
  706.0   3074   14.8   -6.8     22   3.27    200     17  318.1  329.0  318.7
  700.0   3146   14.2   -6.8     23   3.30    205     16  318.2  329.2  318.8
  693.0   3229   13.4   -6.8     24   3.34    205     17  318.2  329.4  318.9
  678.0   3409   11.7   -6.7     27   3.44    185     13  318.3  329.8  318.9
  663.0   3594    9.9   -6.6     31   3.54    220     10  318.3  330.1  319.0
  647.0   3795    8.0   -6.5     35   3.66    215      7  318.4  330.5  319.1
  632.0   3989    6.1   -6.4     40   3.77    245     14  318.4  330.9  319.1
  616.0   4200    4.1   -6.3     47   3.90    230     17  318.4  331.4  319.2
  612.0   4254    3.6   -6.2     49   3.94    225     18  318.4  331.5  319.2
  606.0   4335    2.8   -6.2     52   3.99    225     16  318.4  331.6  319.2
  605.0   4348    2.7   -6.2     52   3.98    225     16  318.4  331.6  319.2
  598.0   4442    1.8   -6.6     54   3.93    235     20  318.4  331.5  319.2
  582.0   4660   -0.3   -7.3     59   3.82    216     19  318.5  331.1  319.2
  577.0   4729   -0.8   -8.4     57   3.53    210     19  318.6  330.4  319.3
  573.0   4784   -1.3   -9.3     55   3.32    213     21  318.7  329.8  319.4
  570.0   4826   -1.7   -9.1     57   3.40    215     23  318.8  330.1  319.4
  568.0   4854   -1.9   -8.9     59   3.45    214     23  318.8  330.4  319.5
  563.0   4924   -2.5  -10.5     54   3.07    211     23  318.9  329.2  319.5
  554.0   5050   -3.6  -10.8     57   3.04    205     24  319.1  329.3  319.7
  545.0   5178   -4.7  -11.2     61   3.00    210     25  319.2  329.4  319.8
  538.0   5280   -5.6  -11.4     64   2.98    205     28  319.4  329.4  319.9
  519.0   5562   -8.1  -12.2     72   2.91    220     25  319.7  329.5  320.2
  515.0   5622   -8.5  -12.9     71   2.77    221     26  319.9  329.3  320.4
  507.0   5743   -9.3  -14.3     67   2.51    223     29  320.4  328.9  320.9
  500.0   5850   -8.9  -28.9     18   0.71    225     32  322.1  324.7  322.3
  493.0   5959   -9.3  -35.3     10   0.39    231     34  322.9  324.4  323.0
  482.0   6134   -9.9  -36.7      9   0.34    240     38  324.2  325.6  324.3
  479.0   6183  -10.1  -37.1      9   0.33    241     37  324.6  325.9  324.7
  476.0   6231  -10.1  -46.1      3   0.13    243     37  325.2  325.7  325.2
  473.0   6280  -10.1  -52.1      2   0.07    244     36  325.8  326.1  325.8
  460.0   6494  -11.9  -53.2      2   0.06    250     33  326.2  326.4  326.2
  454.0   6595  -12.7  -53.7      2   0.06    249     34  326.4  326.6  326.4
  433.0   6955  -15.7  -56.1      2   0.04    245     36  327.0  327.2  327.0
  422.0   7150  -17.4  -57.4      2   0.04    250     35  327.3  327.5  327.3
  421.0   7168  -17.5  -57.5      2   0.04    250     35  327.3  327.5  327.3
  412.0   7329  -18.8  -58.3      2   0.04    250     35  327.7  327.8  327.7
  402.0   7513  -20.3  -59.3      2   0.03    254     33  328.1  328.2  328.1
  400.0   7550  -20.5  -59.5      2   0.03    255     33  328.3  328.4  328.3
  394.0   7661  -21.4  -57.6      2   0.04    255     32  328.5  328.7  328.5
  390.0   7735  -22.0  -56.3      3   0.05    255     32  328.7  328.9  328.7
  372.0   8081  -24.8  -50.3      7   0.10    260     31  329.4  329.8  329.4
  369.0   8141  -25.3  -49.3      9   0.12    260     31  329.5  330.0  329.6
  363.0   8259  -26.1  -52.9      6   0.08    260     33  330.0  330.3  330.0
  346.0   8604  -28.5  -63.5      2   0.02    251     30  331.3  331.4  331.3
  345.0   8625  -28.6  -63.5      2   0.02    250     30  331.4  331.5  331.4
  337.0   8791  -29.8  -63.0      2   0.02    255     36  332.0  332.1  332.0
  329.0   8961  -31.0  -62.6      3   0.03    255     35  332.6  332.8  332.6
  322.0   9114  -32.1  -62.2      3   0.03    250     37  333.2  333.3  333.2
  318.0   9203  -32.7  -62.0      4   0.03    250     36  333.5  333.6  333.5
  317.0   9225  -32.9  -61.9      4   0.03    250     36  333.6  333.7  333.6
  307.0   9449  -34.7  -66.7      2   0.02    255     40  334.1  334.2  334.1
  306.0   9472  -34.8  -66.4      3   0.02    255     40  334.2  334.3  334.3
  300.0   9610  -35.7  -64.7      3   0.02    255     43  334.9  335.0  334.9
  298.0   9656  -36.1  -64.4      4   0.02    255     44  335.0  335.1  335.0
  297.0   9679  -36.3  -64.3      4   0.02    255     44  335.1  335.2  335.1
  291.0   9819  -37.2  -64.8      4   0.02    255     45  335.7  335.8  335.7
  269.0  10356  -40.7  -66.8      4   0.02    250     49  338.2  338.3  338.2
  268.0  10381  -40.9  -66.9      4   0.02    250     50  338.3  338.4  338.3
  258.0  10638  -41.8  -69.2      3   0.01    255     58  340.8  340.8  340.8
  255.0  10717  -42.0  -69.9      3   0.01    255     59  341.5  341.6  341.5
  254.0  10743  -42.1  -70.1      3   0.01    255     59  341.8  341.8  341.8
  253.0  10770  -42.2  -70.2      3   0.01    255     58  341.9  342.0  341.9
  250.0  10850  -42.7  -70.7      3   0.01    255     59  342.4  342.5  342.4
  248.0  10904  -42.9  -70.9      3   0.01    255     61  342.9  343.0  342.9
  247.0  10931  -42.8  -71.2      3   0.01    255     62  343.4  343.5  343.4
  243.0  11042  -42.5  -72.5      2   0.01    255     65  345.5  345.6  345.5
  238.0  11182  -43.1  -75.1      2   0.01    255     69  346.7  346.7  346.7
  236.0  11239  -43.3  -75.3      2   0.01    255     71  347.3  347.3  347.3
  233.0  11325  -43.5  -75.5      2   0.01    255     69  348.2  348.2  348.2
  231.0  11383  -43.7  -75.7      2   0.01    255     68  348.8  348.8  348.8
  226.0  11530  -43.3  -75.3      2   0.01    255     64  351.6  351.6  351.6
  224.0  11589  -43.3  -75.3      2   0.01    252     67  352.4  352.5  352.4
  223.0  11620  -43.3  -75.3      2   0.01    250     68  352.9  352.9  352.9
  222.0  11650  -43.3  -75.3      2   0.01    251     69  353.4  353.4  353.4
  218.0  11772  -42.9  -74.9      2   0.01    254     71  355.8  355.8  355.8
  217.0  11803  -42.8  -74.8      2   0.01    255     72  356.4  356.5  356.4
  216.0  11834  -42.7  -74.7      2   0.01    254     72  357.1  357.1  357.1
  212.0  11960  -43.5  -75.0      2   0.01    250     74  357.8  357.8  357.8
  202.0  12284  -45.5  -75.6      2   0.01    250     70  359.5  359.6  359.6
  201.0  12317  -45.7  -75.7      2   0.01    250     70  359.7  359.8  359.7
  200.0  12350  -45.9  -75.9      2   0.01    250     70  359.9  360.0  359.9
  197.0  12451  -46.5  -76.5      2   0.01    248     70  360.5  360.6  360.5
  194.0  12552  -47.3  -77.3      2   0.01    247     70  360.8  360.9  360.8
  191.0  12655  -48.1  -78.1      2   0.00    245     70  361.2  361.2  361.2
  181.0  13007  -50.8  -79.6      2   0.00    240     69  362.4  362.4  362.4
  177.0  13153  -51.9  -80.2      2   0.00    245     67  362.9  363.0  362.9
  174.0  13264  -52.7  -80.7      2   0.00    243     67  363.3  363.3  363.3
  170.0  13414  -53.6  -81.6      2   0.00    240     67  364.2  364.2  364.2
  168.0  13490  -54.1  -82.1      2   0.00    240     66  364.7  364.7  364.7
  164.0  13645  -55.5  -82.7      2   0.00    240     63  364.8  364.8  364.8
  163.0  13684  -55.9  -82.9      2   0.00    241     63  364.8  364.8  364.8
  161.0  13762  -56.3  -83.3      2   0.00    244     63  365.4  365.4  365.4
  160.0  13802  -56.7  -83.7      2   0.00    245     63  365.4  365.4  365.4
  152.0  14126  -57.9  -84.9      2   0.00    245     56  368.7  368.7  368.7
  151.0  14168  -58.1  -85.1      2   0.00    245     55  369.1  369.1  369.1
  150.0  14210  -58.3  -85.3      2   0.00    245     53  369.4  369.4  369.4
  148.0  14295  -58.5  -85.5      2   0.00    245     49  370.5  370.5  370.5
  144.0  14465  -59.4  -86.1      2   0.00    240     47  371.8  371.8  371.8
  135.0  14866  -61.6  -87.4      2   0.00    220     57  374.9  374.9  374.9
  133.0  14959  -62.1  -87.8      2   0.00    220     56  375.6  375.6  375.6
  126.0  15295  -63.9  -88.9      2   0.00    231     48  378.2  378.2  378.2
  122.0  15493  -64.9  -89.9      2   0.00    237     43  379.9  379.9  379.9
  121.0  15543  -65.3  -90.3      2   0.00    238     41  380.0  380.0  380.0
  120.0  15594  -65.6  -90.6      2   0.00    240     40  380.3  380.3  380.3
  118.0  15696  -66.3  -91.3      2   0.00    240     39  380.9  380.9  380.9
  117.0  15748  -66.3  -91.3      2   0.00    240     39  381.9  381.9  381.9
  116.0  15800  -66.0  -91.1      2   0.00    240     38  383.4  383.4  383.4
  110.0  16124  -63.9  -89.9      2   0.00    263     35  393.1  393.1  393.1
  107.0  16294  -64.3  -89.3      2   0.00    275     33  395.5  395.5  395.5
  106.0  16351  -64.0  -89.0      2   0.00    275     32  397.1  397.1  397.1
  102.0  16588  -62.9  -87.9      2   0.00    272     25  403.6  403.6  403.6
  100.0  16710  -63.3  -88.3      2   0.00    270     21  405.2  405.2  405.2
   98.6  16796  -63.5  -88.5      2   0.00    254     20  406.4  406.4  406.4
   95.0  17025  -62.1  -87.8      2   0.00    210     16  413.5  413.5  413.5
   93.5  17123  -61.5  -87.5      2   0.00    217     14  416.6  416.6  416.6
   93.0  17156  -61.7  -87.5      2   0.00    220     13  416.9  416.9  416.9
   90.0  17358  -62.6  -87.8      2   0.00    245     14  418.9  418.9  418.9
   89.1  17420  -62.9  -87.9      2   0.00    242     15  419.5  419.6  419.5
   86.0  17637  -63.6  -88.6      2   0.00    230     17  422.4  422.4  422.4
   84.8  17723  -63.9  -88.9      2   0.00    233     17  423.5  423.5  423.5
   84.0  17781  -63.9  -88.9      2   0.00    235     17  424.6  424.6  424.6
   83.7  17803  -63.9  -88.9      2   0.00    239     16  425.1  425.1  425.1
   83.0  17854  -63.8  -88.8      2   0.00    250     15  426.3  426.3  426.3
   82.3  17906  -63.7  -88.7      2   0.00    247     14  427.5  427.5  427.5
   82.0  17929  -63.8  -88.8      2   0.00    245     14  427.8  427.9  427.8
   81.4  17973  -63.9  -88.9      2   0.00    241     15  428.5  428.5  428.5
   80.7  18026  -63.9  -88.9      2   0.00    236     16  429.5  429.5  429.5
   76.0  18397  -60.4  -86.2      2   0.00    200     23  444.3  444.3  444.3
   75.1  18470  -59.7  -85.7      2   0.00    205     24  447.2  447.3  447.2
   75.0  18479  -59.6  -85.6      2   0.00    205     24  447.5  447.6  447.5
   73.0  18648  -58.5  -84.5      2   0.00    236     19  453.4  453.4  453.4
   70.0  18910  -59.7  -84.7      3   0.00    285     11  456.3  456.4  456.3
   68.0  19090  -60.5  -85.5      2   0.00    295     13  458.5  458.5  458.5
   67.9  19099  -60.5  -85.5      2   0.00    297     13  458.6  458.6  458.6
   66.9  19192  -60.5  -85.5      2   0.00    322     11  460.5  460.6  460.5
   66.0  19276  -60.6  -85.6      2   0.00    345      9  462.2  462.2  462.2
   65.0  19370  -60.6  -85.6      2   0.00     25      6  464.0  464.1  464.0
   64.1  19457  -60.7  -85.7      2   0.00     61      5  465.8  465.8  465.8
   64.0  19467  -60.6  -85.7      2   0.00     65      5  466.1  466.1  466.1
   59.0  19975  -58.1  -84.5      2   0.01    185     19  482.8  482.8  482.8
   57.2  20169  -57.1  -84.1      2   0.01    250      9  489.3  489.4  489.3
   56.0  20303  -56.6  -83.1      2   0.01    295      3  493.4  493.5  493.4
   55.0  20417  -56.2  -82.3      2   0.01     95      4  496.9  497.0  496.9
   54.8  20440  -56.1  -82.1      2   0.01    101      4  497.6  497.7  497.6
   54.0  20533  -56.3  -82.3      2   0.01    125      6  499.4  499.4  499.4
   52.0  20772  -56.7  -82.7      2   0.01    230      1  503.8  503.9  503.9
   51.8  20796  -56.7  -82.7      2   0.01    221      1  504.3  504.4  504.3
   51.0  20895  -56.4  -82.4      2   0.01    185      3  507.2  507.2  507.2
   50.0  21020  -56.1  -82.1      2   0.01    260      3  510.8  510.9  510.8
   49.0  21149  -56.0  -82.0      2   0.01      5      1  514.0  514.1  514.0
   47.8  21307  -55.9  -81.9      3   0.01     70      6  517.9  518.0  517.9
   47.0  21414  -55.9  -81.9      3   0.01    115      9  520.4  520.5  520.4
   46.4  21496  -55.9  -81.9      3   0.01    124      8  522.3  522.4  522.4
   46.0  21551  -55.9  -81.9      3   0.01    130      8  523.6  523.7  523.6
   45.8  21579  -55.9  -81.9      3   0.01    120      7  524.3  524.4  524.3
   45.0  21691  -55.8  -81.8      3   0.01     80      5  527.2  527.3  527.2
   44.4  21777  -55.7  -81.7      3   0.01     89      6  529.5  529.5  529.5
   43.0  21981  -55.9  -81.6      3   0.01    110      9  533.8  533.9  533.8
   42.0  22131  -56.0  -81.5      3   0.01    145      1  537.0  537.1  537.0
   41.0  22284  -56.2  -81.4      3   0.01     80     13  540.4  540.5  540.4
   40.4  22378  -56.3  -81.3      3   0.01     90     14  542.4  542.5  542.4
   39.0  22602  -56.8  -81.8      3   0.01    115     18  546.7  546.8  546.7
   37.5  22851  -57.3  -82.3      3   0.01    145     13  551.5  551.6  551.5
   37.0  22936  -56.9  -81.9      3   0.01    155     11  554.7  554.8  554.7
   36.3  23057  -56.3  -81.3      3   0.01    131     10  559.3  559.4  559.3
   36.0  23110  -56.0  -81.4      3   0.01    120     10  561.4  561.5  561.4
   35.5  23199  -55.5  -81.5      3   0.01    120      8  564.9  565.0  564.9
   35.0  23290  -55.3  -81.3      3   0.02    120      6  567.8  568.0  567.8
   34.0  23476  -54.8  -80.8      3   0.02     60     14  573.9  574.0  573.9
   33.0  23668  -54.2  -80.2      3   0.02     80     18  580.1  580.3  580.1
   32.0  23865  -53.7  -79.7      3   0.02     80     18  586.7  586.9  586.7
   31.6  23946  -53.5  -79.5      3   0.02     90     19  589.4  589.6  589.4
   31.0  24069  -53.6  -79.7      3   0.02    105     21  592.2  592.4  592.2
   30.0  24280  -53.9  -79.9      3   0.02     95     12  597.1  597.3  597.1
   29.4  24410  -54.1  -79.1      3   0.03     98     13  600.0  600.2  600.0
   29.1  24475  -54.1  -80.1      3   0.02     99     14  601.8  602.0  601.8
   29.0  24497  -54.0  -80.0      3   0.02    100     14  602.6  602.8  602.6
   28.0  24723  -53.1  -79.1      3   0.03    100     15  611.2  611.4  611.2
   27.0  24958  -52.2  -78.2      3   0.03     70     15  620.1  620.4  620.1
   26.9  24981  -52.1  -78.1      3   0.03     71     16  621.1  621.4  621.1
   26.0  25202  -51.9  -77.9      3   0.04     80     23  627.6  628.0  627.6
   25.9  25227  -51.9  -77.9      3   0.04     80     23  628.4  628.7  628.4
   25.0  25455  -52.3  -77.7      3   0.04     75     28  633.8  634.1  633.8
   24.4  25612  -52.5  -77.5      3   0.04     96     26  637.5  637.8  637.5
   24.1  25692  -52.5  -78.5      3   0.04    106     24  639.7  640.0  639.7
   24.0  25719  -52.4  -78.4      3   0.04    110     24  640.8  641.1  640.8
   23.0  25996  -51.2  -77.6      3   0.04     85     21  652.0  652.4  652.0
   22.0  26286  -50.0  -76.7      3   0.05     85     23  663.9  664.4  664.0
   21.1  26558  -48.9  -75.9      3   0.06     94     23  675.3  675.9  675.3
   21.0  26589  -48.8  -75.8      3   0.06     95     23  676.6  677.2  676.6
   20.0  26910  -47.5  -74.5      3   0.08    100     22  690.0  690.8  690.0
   19.0  27248  -47.1  -74.1      3   0.09     70     28  701.4  702.3  701.5
   18.3  27496  -47.1  -74.1      3   0.09     84     29  709.0  709.9  709.0
   18.0  27606  -47.0  -74.0      3   0.09     90     30  712.7  713.7  712.8
   17.8  27679  -46.9  -73.9      3   0.10     91     29  715.3  716.3  715.3
   17.0  27984  -46.0  -73.0      3   0.12     95     25  727.7  728.9  727.7
   16.6  28142  -45.5  -72.5      3   0.13     95     27  734.2  735.5  734.2
   16.4  28223  -45.5  -72.5      3   0.13     95     28  736.7  738.1  736.8
   16.2  28304  -45.5  -72.5      3   0.13     95     29  739.3  740.7  739.4
   16.0  28387  -45.4  -72.4      3   0.13     95     30  742.2  743.7  742.3
   15.3  28685  -45.1  -72.1      3   0.15     95     27  752.8  754.4  752.9
   15.0  28817  -44.9  -71.9      3   0.16     95     26  757.9  759.5  758.0
   14.0  29279  -44.0  -71.0      3   0.19     80     36  775.8  777.9  775.9
   13.4  29572  -43.5  -70.5      3   0.21     86     38  787.4  789.7  787.5
   13.1  29724  -43.5  -70.5      3   0.22     89     39  792.5  794.9  792.6
   13.0  29776  -43.3  -70.4      3   0.22     90     39  794.8  797.3  794.9
   12.0  30318  -41.5  -69.4      3   0.28     90     31  819.7  822.8  819.8
   11.0  30907  -39.5  -68.3      3   0.35     90     38  847.5  851.6  847.7
   10.8  31032  -39.1  -68.1      3   0.37     90     37  853.5  857.9  853.7
   10.0  31560  -37.3  -66.3      3   0.51     90     33  879.1  885.4  879.4
    9.3  32062  -36.7  -65.7      3   0.60     87     34  899.9  907.2  900.2
    9.0  32289  -36.5  -65.3      3   0.65     85     35  909.0  917.2  909.4
    8.1  33020  -35.9  -63.9      4   0.88     81     41  939.2  950.4  939.8
    8.0  33106  -35.8  -63.9      4   0.88     80     42  943.1  954.4  943.6
    7.5  33556  -35.1  -64.1      4   0.92     92     38  963.4  975.4  963.9
    7.4  33649  -35.1  -64.1      4   0.93     95     37  967.1  979.3  967.6