-----------------------------------------------------------------------------
   PRES   HGHT   TEMP   DWPT   RELH   MIXR   DRCT   SKNT   THTA   THTE   THTV
    hPa     m      C      C      %    g/kg    deg   knot     K      K      K 
-----------------------------------------------------------------------------
 1000.0      0                                                               
  925.0    712                                                               
  868.0   1289   30.4   11.4     31   9.84    180      8  316.1  347.3  317.9
  863.0   1339   29.6   10.6     31   9.38    183     11  315.8  345.5  317.6
  850.0   1471   27.6   10.6     35   9.53    190     18  315.0  345.1  316.9
  700.0   3141   11.4    4.4     62   7.55    215     17  315.1  339.1  316.5
  572.0   4791   -0.9   -2.3     90   5.68    221     19  319.4  337.9  320.5
  529.0   5410   -5.3   -7.1     87   4.27    223     20  321.3  335.5  322.1
  500.0   5850   -8.1   -9.1     93   3.86    225     21  323.1  336.1  323.9
  477.0   6215  -10.5  -11.1     95   3.45    225     24  324.5  336.3  325.2
  454.0   6598   -9.1  -10.4     90   3.84    225     27  330.9  344.2  331.6
  422.0   7158  -16.3  -20.3     71   1.82    225     32  328.6  335.2  329.0
  418.0   7229  -17.1  -20.5     75   1.80    225     32  328.5  335.0  328.9
  414.0   7302  -17.3  -19.7     82   1.95    225     33  329.2  336.1  329.6
  411.0   7356  -16.9  -18.9     84   2.10    225     33  330.4  337.9  330.8
  405.0   7467  -17.9  -20.2     82   1.91    225     34  330.5  337.3  330.8
  400.0   7560  -18.5  -20.5     84   1.88    225     35  330.9  337.6  331.2
  391.0   7729  -19.9  -22.0     83   1.69    227     36  331.2  337.3  331.5
  358.0   8377  -24.5  -26.9     80   1.19    233     40  333.5  337.9  333.7
  345.0   8646  -25.7  -28.7     76   1.04    235     41  335.4  339.3  335.6
  327.0   9031  -29.5  -31.6     82   0.84    239     43  335.3  338.5  335.5
  301.0   9617  -33.5  -35.3     84   0.63    245     47  337.7  340.2  337.9
  300.0   9640  -33.7  -35.5     84   0.62    245     47  337.8  340.2  337.9
  293.0   9806  -34.7  -36.3     85   0.59    244     47  338.6  340.9  338.8
  273.0  10296  -38.7  -40.4     84   0.42    242     46  339.7  341.4  339.8
  267.0  10449  -38.1  -40.6     77   0.42    242     46  342.8  344.5  342.9
  259.0  10658  -39.3  -42.3     73   0.36    241     45  344.0  345.5  344.1
  256.0  10738  -40.1  -42.5     78   0.35    241     45  344.0  345.4  344.1
  254.0  10792  -39.9  -42.5     76   0.36    240     45  345.0  346.5  345.1
  253.0  10819  -40.1  -42.7     76   0.35    240     45  345.1  346.6  345.2
  250.0  10900  -41.1  -43.3     79   0.33    240     45  344.8  346.2  344.9
  243.0  11091  -42.9  -44.5     84   0.30    237     46  344.9  346.2  345.0
  231.0  11428  -46.1  -46.8     93   0.25    233     48  345.1  346.1  345.1
  224.0  11630  -48.1  -48.3     98   0.21    230     49  345.1  346.0  345.1
  212.0  11987  -51.5  -51.5    100   0.16    225     51  345.3  345.9  345.3
  200.0  12360  -54.9  -54.9    100   0.11    220     53  345.7  346.2  345.7
  192.0  12621  -56.5  -56.5    100   0.10    223     50  347.2  347.6  347.2
  191.0  12654  -56.3  -56.3    100   0.10    223     50  348.0  348.4  348.0
  189.0  12722  -49.7  -50.4     92   0.20    224     49  359.7  360.6  359.7
  186.0  12827  -49.9  -50.2     97   0.21    225     48  361.0  361.9  361.0
  183.0  12934  -49.9  -50.2     97   0.21    226     47  362.7  363.6  362.7
  182.0  12970  -49.9  -50.1     98   0.22    227     46  363.2  364.2  363.3
  174.0  13264  -50.5  -50.5    100   0.21    230     43  366.9  367.9  367.0
  162.0  13728  -53.9  -53.9    100   0.15    235     38  368.8  369.5  368.8
  151.0  14178  -57.3  -57.3    100   0.11    240     33  370.4  371.0  370.5
  150.0  14220  -57.7  -57.7    100   0.11    240     33  370.5  371.0  370.5
  142.0  14563  -60.5  -60.5    100   0.08    241     31  371.4  371.8  371.4
  137.0  14785  -61.9  -61.9    100   0.07    241     30  372.8  373.1  372.8
  136.0  14830  -61.9  -61.9    100   0.07    241     30  373.6  373.9  373.6
  132.0  15014  -62.5  -62.5    100   0.06    242     28  375.7  376.0  375.7
  130.0  15109  -61.9  -61.9    100   0.07    242     28  378.4  378.8  378.4
  127.0  15253  -61.1  -61.1    100   0.08    242     27  382.4  382.8  382.4
  123.0  15451  -62.1  -62.1    100   0.07    243     26  384.1  384.4  384.1
  116.0  15812  -63.1  -63.1    100   0.07    244     24  388.7  389.1  388.7
  109.0  16193  -64.5  -64.5    100   0.06    245     22  393.0  393.4  393.1
  107.0  16305  -65.1  -65.1    100   0.06    245     21  394.0  394.3  394.0
  104.0  16479  -63.7  -63.7    100   0.07    234     17  399.9  400.2  399.9
  101.0  16659  -62.3  -62.3    100   0.09    224     12  405.9  406.4  405.9
  100.0  16720  -62.3  -62.3    100   0.09    220     11  407.1  407.6  407.1
   98.0  16844  -63.2  -63.2    100   0.08    205      9  407.6  408.1  407.6
   96.6  16933  -63.9  -63.9    100   0.07    213     10  408.0  408.4  408.0
   93.2  17152  -64.5  -65.3     90   0.06    234     13  411.0  411.4  411.0
   93.0  17166  -64.5  -65.3     89   0.06    235     13  411.4  411.7  411.4
   89.2  17421  -63.5  -66.2     69   0.06    268      7  418.2  418.5  418.2
   89.0  17435  -63.5  -66.2     69   0.06    270      7  418.5  418.8  418.5
   88.7  17456  -63.5  -66.2     69   0.06    260      6  418.9  419.2  418.9
   88.0  17505  -63.6  -66.4     68   0.06    235      5  419.6  420.0  419.7
   87.1  17568  -63.7  -66.7     67   0.06    224      8  420.7  421.0  420.7
   86.0  17646  -63.3  -66.6     64   0.06    210     11  423.0  423.4  423.1
   83.0  17865  -62.1  -66.5     56   0.06    245     17  429.8  430.1  429.8
   82.0  17940  -61.7  -66.4     53   0.06    262     14  432.1  432.4  432.1
   81.7  17963  -61.7  -66.5     53   0.06    267     13  432.5  432.9  432.5
   80.2  18077  -61.9  -66.5     54   0.06    292      9  434.4  434.8  434.4
   79.9  18101  -61.9  -66.5     54   0.06    297      8  434.9  435.2  434.9
   78.0  18250  -61.7  -66.7     52   0.06    330      3  438.2  438.6  438.2
   77.6  18282  -61.7  -66.7     51   0.06     30      3  438.9  439.3  438.9
   77.0  18330  -61.8  -67.1     49   0.06    120      2  439.6  440.0  439.7
   73.8  18592  -62.5  -69.5     38   0.04    186     11  443.6  443.9  443.6
   72.0  18745  -61.7  -69.6     34   0.04    225     16  448.5  448.8  448.5
   70.0  18920  -60.7  -69.7     30   0.05    240      7  454.2  454.5  454.2
   69.0  19010  -60.3  -69.6     28   0.05    240      3  456.9  457.2  456.9
   68.0  19101  -59.9  -69.6     27   0.05    215      2  459.6  459.9  459.6
   67.0  19193  -59.5  -69.5     26   0.05    155      4  462.4  462.7  462.4
   66.9  19203  -59.5  -69.5     26   0.05    151      4  462.7  463.0  462.7
   64.0  19481  -58.3  -69.8     21   0.05     45      2  471.2  471.6  471.3
   63.1  19570  -57.9  -69.9     20   0.05     27      4  474.0  474.3  474.0
   62.0  19680  -58.2  -70.3     20   0.05      5      7  475.8  476.1  475.8
   61.0  19782  -58.4  -70.8     19   0.04    345      7  477.4  477.7  477.4
   60.0  19886  -58.7  -71.2     18   0.04    335      8  479.1  479.4  479.1
   59.0  19992  -59.0  -71.6     18   0.04    340      7  480.8  481.1  480.8
   58.0  20099  -59.2  -72.1     17   0.04    330     10  482.6  482.8  482.6
   57.0  20208  -59.5  -72.5     17   0.04    350     10  484.4  484.6  484.4
   56.0  20319  -59.8  -73.2     16   0.03      0      7  486.2  486.4  486.2
   54.9  20443  -60.1  -74.1     14   0.03     44      8  488.2  488.4  488.2
   54.0  20547  -59.6  -74.1     13   0.03     80      9  491.7  491.9  491.7
   53.0  20664  -59.0  -74.2     12   0.03    150      4  495.6  495.8  495.6
   52.0  20784  -58.5  -74.2     12   0.03     85      4  499.6  499.9  499.6
   51.0  20906  -57.9  -74.3     11   0.03     70     10  503.8  504.0  503.8
   50.0  21030  -57.3  -74.3     10   0.03     80     14  508.0  508.2  508.0
   49.6  21081  -57.3  -74.3     10   0.03    100     12  509.2  509.4  509.2
   49.0  21157  -57.5  -74.5     10   0.03    130      9  510.4  510.7  510.4
   48.5  21222  -57.7  -74.7     10   0.03    130      7  511.5  511.7  511.5
   48.2  21261  -57.7  -74.7     10   0.03    130      6  512.4  512.6  512.4
   48.0  21287  -57.6  -74.8     10   0.03    130      5  513.1  513.4  513.1
   47.0  21420  -57.4  -75.2      9   0.03    140      9  516.8  517.1  516.9
   45.1  21680  -56.9  -75.9      7   0.03    115     10  524.2  524.4  524.2
   44.0  21836  -57.1  -76.3      7   0.03    100     10  527.4  527.6  527.4
   43.0  21981  -57.3  -76.7      7   0.03     85      6  530.5  530.6  530.5
   41.0  22282  -57.6  -77.6      6   0.02    130     12  536.8  537.0  536.8
   40.7  22328  -57.7  -77.7      6   0.02    130     13  537.8  538.0  537.8
   40.0  22437  -57.8  -78.2      6   0.02    130     14  540.2  540.4  540.2
   38.0  22760  -58.0  -79.8      5   0.02    105     12  547.5  547.7  547.6
   37.6  22826  -58.1  -80.1      4   0.02    105     14  549.1  549.2  549.1
   37.0  22928  -57.8  -80.1      4   0.02    105     17  552.5  552.6  552.5
   36.0  23102  -57.1  -80.0      4   0.02    105     17  558.4  558.6  558.4
   35.0  23280  -56.5  -80.0      4   0.02     80     21  564.5  564.7  564.5
   34.0  23463  -55.9  -80.0      3   0.02    110     22  570.9  571.1  570.9
   33.0  23652  -55.2  -79.9      3   0.02    125     22  577.5  577.7  577.5
   32.5  23749  -54.9  -79.9      3   0.02    103     22  580.9  581.1  581.0
   32.0  23848  -54.8  -79.8      3   0.02     80     21  583.7  583.9  583.7
   31.0  24051  -54.7  -79.7      3   0.02    110     22  589.4  589.6  589.4
   30.7  24113  -54.7  -79.7      3   0.02    110     21  591.0  591.2  591.0
   30.0  24260  -54.5  -79.5      3   0.02    110     18  595.5  595.7  595.5
   29.3  24411  -54.1  -79.1      3   0.03     93     21  600.6  600.8  600.6
   29.0  24478  -54.0  -79.0      3   0.03     85     22  602.7  602.9  602.7
   28.2  24657  -53.7  -78.7      3   0.03     89     21  608.3  608.6  608.3
   28.0  24703  -53.7  -78.7      3   0.03     90     21  609.5  609.7  609.5
   27.0  24937  -53.9  -78.9      3   0.03     80     29  615.3  615.6  615.3
   26.0  25179  -54.1  -79.1      3   0.03    102     24  621.5  621.7  621.5
   25.8  25229  -54.1  -78.1      4   0.04    107     23  622.8  623.1  622.8
   25.0  25432  -54.0  -78.5      3   0.03    125     18  628.9  629.2  628.9
   24.0  25694  -53.8  -78.9      3   0.03     80     11  636.9  637.2  636.9
   22.8  26024  -53.5  -79.5      3   0.03     83     18  647.0  647.3  647.0
   22.5  26109  -53.5  -79.5      3   0.03     84     20  649.4  649.8  649.5
   22.0  26254  -53.2  -79.2      3   0.03     85     23  654.4  654.7  654.4
   21.7  26343  -53.1  -79.1      3   0.04     88     21  657.4  657.7  657.4
   21.2  26493  -52.7  -78.7      3   0.04     93     18  663.0  663.4  663.0
   21.0  26554  -52.6  -78.6      3   0.04     95     17  665.0  665.4  665.1
   20.3  26774  -52.3  -78.3      3   0.04     88     21  672.5  672.9  672.5
   20.2  26806  -52.3  -78.3      3   0.04     87     22  673.4  673.9  673.4
   20.0  26870  -52.3  -78.3      3   0.04     85     23  675.3  675.8  675.4
   19.8  26935  -52.3  -78.3      3   0.04     86     22  677.3  677.7  677.3
   19.1  27168  -52.3  -78.3      3   0.05     89     19  684.3  684.7  684.3
   19.0  27202  -52.4  -78.3      3   0.05     90     19  685.1  685.6  685.2
   18.7  27305  -52.5  -78.5      3   0.05     86     20  687.8  688.3  687.8
   18.0  27552  -52.1  -78.3      3   0.05     75     23  696.7  697.2  696.7
   17.0  27923  -51.4  -78.0      3   0.05     75     20  710.3  710.9  710.3
   16.0  28316  -50.7  -77.6      3   0.06     80     22  725.0  725.6  725.0
   15.7  28439  -50.5  -77.5      3   0.06     79     24  729.6  730.3  729.6
   15.0  28737  -50.2  -77.2      3   0.07     75     29  740.2  740.9  740.2
   14.8  28825  -50.1  -77.1      3   0.07     83     29  743.3  744.1  743.4
   14.3  29049  -50.1  -76.1      3   0.09    103     28  750.7  751.6  750.7
   14.1  29141  -50.1  -76.1      3   0.09    111     27  753.7  754.7  753.7
   14.0  29188  -50.0  -76.1      3   0.09    115     27  755.5  756.5  755.5
   13.1  29622  -49.3  -76.3      3   0.09     84     23  772.5  773.5  772.5
   13.0  29672  -49.2  -76.2      3   0.09     80     22  774.4  775.4  774.4
   12.5  29930  -48.9  -75.9      3   0.10     78     29  784.3  785.4  784.3
   12.0  30197  -49.2  -76.2      3   0.10     75     36  792.3  793.5  792.4
   11.3  30591  -49.7  -76.7      3   0.10     85     35  804.4  805.5  804.4
   11.0  30767  -49.9  -76.9      3   0.10     90     34  809.9  811.1  810.0
   10.6  31009  -50.1  -77.1      3   0.10     86     33  817.7  818.9  817.8
   10.0  31390  -49.9  -76.9      3   0.11     80     31  832.2  833.5  832.2
    9.6  31657  -49.7  -76.7      3   0.12     90     28  842.7  844.1  842.8
    9.0  32080  -49.2  -76.2      3   0.13    105     24  860.1  861.8  860.2
    8.8  32227  -49.1  -76.1      3   0.14    106     24  866.2  868.0  866.3
    8.4  32532  -48.9  -75.9      3   0.15    108     25  878.6  880.5  878.7
    8.0  32852  -49.0  -76.0      3   0.16    110     25  890.4  892.4  890.5
    7.8  33018  -49.1  -76.1      3   0.16    106     24  896.6  898.7  896.7
    7.5  33276  -49.3  -75.3      3   0.19    100     22  905.9  908.3  906.0
    7.4  33364  -49.3  -58.3     34   1.98     98     22  909.4  932.9  910.5