-----------------------------------------------------------------------------
   PRES   HGHT   TEMP   DWPT   RELH   MIXR   DRCT   SKNT   THTA   THTE   THTV
    hPa     m      C      C      %    g/kg    deg   knot     K      K      K 
-----------------------------------------------------------------------------
 1000.0     64                                                               
  925.0    771                                                               
  873.0   1289   28.0   15.0     45  12.43    175      8  313.1  351.8  315.4
  870.0   1319   27.0   13.0     42  10.93    177     13  312.3  346.4  314.4
  866.0   1359   26.3   13.0     44  10.95    180     20  312.1  346.1  314.1
  860.0   1420   25.3   12.9     46  10.98    175     18  311.6  345.7  313.7
  852.0   1502   24.0   12.8     50  11.02    175     18  311.0  345.1  313.1
  851.0   1512   23.8   12.8     50  11.03    178     19  311.0  345.1  313.0
  850.0   1522   23.8   12.8     50  11.04    180     19  311.1  345.2  313.1
  841.0   1615   23.4   11.8     48  10.42    180     25  311.6  344.0  313.6
  836.0   1667   23.2   11.2     47  10.09    180     26  311.9  343.3  313.8
  829.0   1741   23.4   10.9     45   9.99    180     27  312.9  344.1  314.7
  823.0   1804   23.6   10.7     44   9.90    180     26  313.7  344.7  315.6
  821.0   1825   23.6   10.6     44   9.87    180     26  313.9  344.9  315.8
  818.0   1857   23.4   10.4     44   9.76    180     25  314.1  344.7  315.9
  808.0   1965   22.7    9.7     44   9.42    180     24  314.4  344.1  316.2
  807.0   1976   22.6    9.6     44   9.38    180     24  314.4  344.0  316.2
  796.0   2095   21.9    8.4     42   8.77    180     25  314.9  342.7  316.6
  785.0   2216   21.2    7.2     40   8.18    184     22  315.4  341.4  317.0
  783.0   2237   21.0    7.2     41   8.19    185     21  315.4  341.5  317.0
  765.0   2436   19.2    7.0     45   8.29    165     19  315.6  342.0  317.2
  757.0   2526   18.4    7.0     47   8.34    175     16  315.7  342.2  317.3
  748.0   2628   17.5    6.9     50   8.39    175     15  315.8  342.4  317.4
  741.0   2708   16.8    6.8     52   8.43    180     16  315.9  342.6  317.4
  733.0   2801   15.9    6.7     54   8.48    175     16  315.9  342.9  317.5
  725.0   2894   15.1    6.6     57   8.53    180     17  316.0  343.1  317.6
  717.0   2989   14.2    6.6     60   8.58    170     15  316.1  343.3  317.7
  700.0   3194   12.4    6.4     67   8.69    195     18  316.2  343.8  317.8
  697.0   3230   12.0    6.4     69   8.70    195     18  316.1  343.7  317.8
  690.0   3314   11.0    6.3     73   8.73    190     17  315.9  343.6  317.6
  678.0   3461    9.2    6.1     81   8.78    190     20  315.5  343.3  317.2
  677.0   3474    9.1    5.9     80   8.66    190     20  315.6  343.0  317.2
  647.0   3849    7.0   -1.0     57   5.53    214     23  317.3  335.2  318.3
  633.0   4026    5.3   -1.5     62   5.45    225     25  317.3  335.0  318.4
  626.0   4116    4.5   -1.7     64   5.41    235     23  317.4  334.9  318.4
  620.0   4193    3.7   -2.0     66   5.37    235     23  317.4  334.8  318.4
  614.0   4272    3.0   -2.2     69   5.34    225     22  317.4  334.8  318.4
  600.0   4458    1.2   -2.7     75   5.26    225     24  317.4  334.5  318.4
  592.0   4567    0.1   -3.0     79   5.21    225     24  317.4  334.4  318.4
  584.0   4676   -0.9   -3.3     84   5.16    230     23  317.4  334.2  318.4
  570.0   4872   -2.8   -3.9     92   5.07    240     28  317.5  334.0  318.4
  559.0   5030   -4.3   -4.3    100   5.00    244     24  317.4  333.8  318.4
  550.0   5158   -5.1   -5.1    100   4.79    248     20  318.0  333.6  318.9
  544.0   5245   -4.5   -5.1     96   4.84    250     18  319.7  335.6  320.6
  540.0   5303   -4.1   -5.1     93   4.87    254     19  320.8  337.0  321.8
  539.0   5318   -4.1   -5.2     92   4.83    255     19  321.0  337.0  321.9
  533.0   5406   -4.3   -6.1     87   4.57    249     17  321.8  337.0  322.7
  529.0   5466   -4.6   -6.3     88   4.53    245     15  322.2  337.3  323.1
  524.0   5541   -4.9   -6.6     88   4.48    235     16  322.6  337.6  323.5
  519.0   5616   -5.3   -7.0     87   4.37    225     16  323.1  337.7  323.9
  516.0   5662   -5.5   -7.3     87   4.31    225     16  323.4  337.8  324.2
  510.0   5754   -5.5   -6.5     93   4.64    225     17  324.4  340.0  325.3
  505.0   5832   -5.5   -5.8     98   4.94    225     17  325.3  342.0  326.3
  500.0   5910   -4.9   -5.9     93   4.95    215     17  327.0  343.8  328.0
  498.0   5941   -4.5   -5.5     93   5.13    213     16  327.9  345.2  328.9
  495.0   5989   -4.7   -5.8     92   5.04    210     15  328.2  345.3  329.2
  492.0   6037   -4.5   -5.7     91   5.11    207     14  329.0  346.4  330.0
  487.0   6116   -6.5   -7.4     93   4.53    202     12  327.5  342.9  328.4
  486.0   6132   -6.3   -7.2     93   4.61    201     11  327.9  343.6  328.9
  485.0   6149   -6.3   -7.2     93   4.62    200     11  328.1  343.9  329.1
  484.0   6165   -6.3   -7.2     93   4.63    201     11  328.3  344.1  329.2
  477.0   6278   -7.5   -9.7     84   3.86    204     13  328.2  341.5  329.0
  476.0   6294   -7.6   -9.8     85   3.85    205     13  328.3  341.5  329.0
  464.0   6491   -9.2  -10.7     88   3.66    190     19  328.7  341.4  329.5
  458.0   6592  -10.0  -11.2     91   3.56    195     20  329.0  341.3  329.7
  457.0   6609  -10.1  -11.3     91   3.55    196     20  329.0  341.3  329.7
  448.0   6761  -10.9  -12.6     87   3.26    206     15  329.9  341.2  330.5
  444.0   6830  -11.1  -12.6     89   3.29    210     13  330.5  342.0  331.1
  440.0   6899  -11.6  -13.2     88   3.17    215     11  330.8  341.9  331.4
  437.0   6951  -11.9  -13.6     87   3.08    206     15  331.0  341.8  331.6
  435.0   6986  -12.1  -13.7     87   3.06    200     18  331.2  341.9  331.8
  428.0   7110  -12.7  -14.2     89   2.99    205     14  331.9  342.5  332.5
  421.0   7235  -13.8  -15.5     87   2.73    200      9  332.1  341.8  332.6
  419.0   7271  -14.1  -15.9     86   2.66    198     10  332.1  341.6  332.7
  414.0   7361  -14.7  -16.4     87   2.58    195     14  332.5  341.7  333.0
  408.0   7471  -15.3  -17.0     87   2.48    190     18  333.1  342.0  333.6
  401.0   7601  -16.0  -17.8     86   2.37    195     17  333.9  342.4  334.4
  400.0   7620  -16.1  -17.9     86   2.35    190     17  334.0  342.4  334.4
  389.0   7830  -17.5  -19.0     88   2.20    175     21  334.8  342.8  335.3
  385.0   7907  -18.2  -19.8     87   2.08    170     23  334.9  342.5  335.3
  371.0   8183  -20.7  -22.6     85   1.69    180     27  335.1  341.4  335.5
  365.0   8303  -21.6  -23.4     85   1.60    185     29  335.5  341.4  335.8
  359.0   8425  -22.5  -24.3     86   1.51    190     28  335.8  341.4  336.1
  358.0   8446  -22.7  -24.4     86   1.49    191     28  335.9  341.4  336.2
  352.0   8569  -23.6  -25.4     85   1.39    195     30  336.3  341.5  336.6
  341.0   8801  -25.3  -27.2     84   1.21    200     40  337.0  341.6  337.3
  340.0   8822  -25.4  -27.3     84   1.20    200     41  337.1  341.7  337.4
  324.0   9171  -27.7  -29.2     87   1.06    192     47  338.7  342.8  338.9
  320.0   9260  -28.4  -30.0     86   1.00    190     48  338.9  342.8  339.2
  310.0   9487  -30.1  -31.9     84   0.86    185     44  339.6  342.9  339.8
  309.0   9510  -30.3  -32.1     84   0.84    185     44  339.7  343.0  339.9
  306.0   9579  -30.8  -32.6     84   0.81    185     44  340.0  343.1  340.2
  305.0   9603  -30.9  -32.8     83   0.80    184     45  340.1  343.2  340.3
  304.0   9626  -30.9  -32.9     83   0.79    183     45  340.4  343.5  340.6
  303.0   9649  -30.9  -32.9     83   0.80    182     46  340.7  343.9  340.9
  302.0   9673  -30.9  -32.7     84   0.81    181     46  341.1  344.2  341.2
  301.0   9696  -31.1  -32.9     84   0.80    180     47  341.1  344.2  341.3
  300.0   9720  -31.3  -33.1     84   0.79    180     47  341.1  344.2  341.3
  296.0   9815  -31.9  -33.8     83   0.75    182     52  341.6  344.6  341.8
  292.0   9910  -32.6  -34.4     84   0.72    185     57  342.0  344.8  342.1
  283.0  10130  -34.1  -35.7     85   0.65    180     59  342.9  345.4  343.0
  279.0  10229  -35.1  -36.9     83   0.58    180     58  342.9  345.2  343.0
  278.0  10254  -35.3  -37.2     83   0.57    181     59  342.9  345.2  343.0
  276.0  10304  -35.9  -37.7     83   0.54    182     60  342.7  344.9  342.8
  272.0  10404  -36.9  -38.7     83   0.50    185     63  342.7  344.7  342.8
  269.0  10481  -37.7  -39.5     83   0.46    185     62  342.6  344.5  342.7
  268.0  10506  -37.9  -39.6     84   0.46    185     62  342.7  344.6  342.8
  266.0  10558  -38.3  -39.8     86   0.45    185     62  342.9  344.7  342.9
  256.0  10819  -40.4  -41.8     87   0.38    185     60  343.5  345.1  343.6
  252.0  10926  -41.3  -42.6     87   0.36    185     62  343.7  345.2  343.8
  250.0  10980  -41.9  -43.5     84   0.33    185     63  343.6  345.0  343.7
  249.0  11007  -41.9  -43.5     84   0.33    185     63  344.0  345.4  344.1
  241.0  11229  -43.9  -45.3     86   0.28    189     65  344.2  345.4  344.3
  239.0  11285  -44.4  -45.9     85   0.26    190     65  344.3  345.4  344.3
  238.0  11313  -44.7  -46.2     85   0.26    190     65  344.3  345.4  344.3
  231.0  11513  -46.5  -47.7     87   0.22    190     62  344.5  345.4  344.5
  228.0  11600  -47.3  -48.6     86   0.20    190     62  344.6  345.4  344.6
  226.0  11659  -47.9  -49.0     88   0.20    191     61  344.5  345.4  344.6
  221.0  11807  -49.1  -50.1     89   0.18    195     59  344.8  345.6  344.9
  219.0  11867  -49.6  -50.6     90   0.17    195     61  344.9  345.7  345.0
  218.0  11897  -49.9  -50.8     90   0.17    195     61  345.0  345.7  345.0
  216.0  11957  -50.3  -51.3     89   0.16    195     60  345.3  346.0  345.3
  215.0  11988  -50.5  -51.5     89   0.15    195     61  345.4  346.1  345.5
  213.0  12049  -50.7  -51.3     93   0.16    195     62  346.0  346.7  346.1
  209.0  12173  -51.2  -52.4     87   0.14    195     64  347.1  347.7  347.1
  207.0  12236  -51.5  -53.0     84   0.13    200     62  347.6  348.2  347.6
  204.0  12331  -51.9  -52.8     90   0.14    207     58  348.4  349.1  348.5
  203.0  12363  -52.0  -53.0     88   0.14    210     57  348.8  349.4  348.8
  200.0  12460  -52.3  -53.8     84   0.13    215     60  349.8  350.4  349.8
  198.0  12525  -52.6  -54.0     85   0.13    220     63  350.3  350.9  350.3
  196.0  12590  -52.9  -54.2     86   0.12    220     61  350.8  351.4  350.8
  195.0  12623  -53.1  -54.3     87   0.12    223     62  351.1  351.6  351.1
  193.0  12690  -52.5  -54.2     82   0.13    230     65  353.1  353.6  353.1
  192.0  12723  -52.3  -53.8     84   0.13    231     64  353.9  354.5  353.9
  187.0  12893  -53.5  -54.1     93   0.13    237     60  354.6  355.2  354.7
  184.0  12997  -54.2  -55.0     91   0.12    240     57  355.1  355.7  355.1
  182.0  13067  -54.7  -55.6     90   0.11    239     56  355.4  355.9  355.5
  174.0  13352  -56.5  -56.7     98   0.10    236     50  357.1  357.5  357.1
  172.0  13425  -57.0  -57.3     96   0.10    235     48  357.4  357.9  357.4
  168.0  13574  -58.0  -58.6     92   0.08    235     48  358.2  358.6  358.2
  166.0  13649  -58.5  -59.3     90   0.08    235     48  358.6  358.9  358.6
  165.0  13687  -58.7  -59.4     92   0.08    235     48  358.8  359.2  358.9
  164.0  13725  -58.9  -59.5     93   0.08    234     48  359.1  359.5  359.1
  160.0  13880  -59.9  -60.9     88   0.07    231     47  360.0  360.3  360.0
  159.0  13919  -60.1  -61.0     90   0.07    230     47  360.2  360.5  360.2
  156.0  14037  -60.9  -61.1     97   0.07    230     45  360.9  361.2  360.9
  153.0  14157  -61.3  -61.9     92   0.06    230     43  362.2  362.5  362.2
  150.0  14280  -61.3  -62.7     83   0.06    230     41  364.3  364.6  364.3
  149.0  14321  -61.1  -62.5     83   0.06    228     40  365.3  365.6  365.3
  148.0  14363  -61.3  -62.8     82   0.06    226     39  365.7  365.9  365.7
  143.0  14576  -62.3  -62.9     92   0.06    217     33  367.5  367.8  367.6
  142.0  14619  -62.7  -63.8     86   0.05    215     32  367.6  367.8  367.6
  141.0  14662  -62.9  -63.9     88   0.05    215     29  368.0  368.2  368.0
  138.0  14794  -63.5  -64.1     92   0.05    205     26  369.2  369.4  369.2
  134.0  14974  -64.3  -64.4     99   0.05    203     28  370.9  371.1  370.9
  133.0  15020  -64.7  -64.9     97   0.05    202     29  371.0  371.2  371.0
  131.0  15112  -65.1  -65.1    100   0.05    201     30  371.9  372.1  371.9
  130.0  15159  -65.7  -65.9     97   0.04    200     31  371.6  371.8  371.6
  127.0  15300  -66.5  -66.6     98   0.04    200     31  372.6  372.8  372.6
  122.0  15542  -67.9  -67.9    100   0.03    195     35  374.4  374.6  374.4
  120.0  15641  -68.7  -68.8     99   0.03    195     34  374.7  374.9  374.7
  119.0  15691  -69.1  -69.2     99   0.03    193     35  374.9  375.0  374.9
  118.0  15742  -69.3  -69.3     99   0.03    190     36  375.4  375.5  375.4
  117.0  15792  -69.5  -69.5    100   0.03    193     38  375.9  376.1  375.9
  115.0  15895  -69.8  -69.8    100   0.03    200     43  377.2  377.4  377.2
  113.0  15999  -70.1  -70.1    100   0.03    205     42  378.6  378.7  378.6
  112.0  16053  -69.4  -69.8     95   0.03    210     41  380.8  381.0  380.8
  111.0  16107  -68.7  -69.4     90   0.03    220     44  383.1  383.3  383.1
  108.0  16271  -66.6  -68.4     77   0.04    230     36  390.2  390.4  390.2
  106.0  16384  -65.1  -67.7     70   0.04    227     29  395.1  395.3  395.1
  105.0  16442  -64.7  -67.4     69   0.04    225     26  396.9  397.1  396.9
  103.0  16559  -63.9  -66.7     68   0.05    242     22  400.6  400.9  400.6
  102.0  16619  -63.7  -66.5     68   0.05    250     20  402.1  402.4  402.1
  100.0  16740  -64.1  -66.9     68   0.05    250     16  403.6  403.9  403.6
   99.0  16801  -64.5  -67.3     68   0.04    250     13  404.0  404.2  404.0
   98.0  16863  -64.9  -67.8     67   0.04    245     11  404.4  404.6  404.4
   96.0  16989  -65.6  -69.0     63   0.04    235     12  405.4  405.6  405.4
   95.0  17052  -66.0  -69.6     60   0.03    245     11  405.9  406.0  405.9
   94.2  17104  -66.3  -70.1     59   0.03    241     13  406.2  406.4  406.2
   94.0  17117  -66.2  -70.1     58   0.03    240     14  406.7  406.9  406.7
   93.0  17182  -65.6  -69.9     55   0.03    245     17  409.2  409.4  409.2
   91.6  17274  -64.7  -69.7     50   0.03    259     14  412.7  412.9  412.7
   91.0  17314  -64.5  -69.5     50   0.04    265     13  413.7  413.9  413.8
   90.0  17382  -64.3  -69.3     50   0.04    255     11  415.6  415.8  415.6
   89.0  17450  -64.5  -70.2     45   0.03    245      9  416.6  416.8  416.6
   88.7  17471  -64.5  -70.5     43   0.03    239     10  416.9  417.1  416.9
   87.0  17591  -63.9  -70.5     40   0.03    205     13  420.4  420.6  420.4
   86.0  17662  -63.6  -70.4     39   0.03    220     14  422.5  422.7  422.5
   84.0  17808  -62.9  -70.4     36   0.03    245      7  426.8  427.0  426.8
   83.0  17882  -62.5  -70.3     34   0.03    215      8  429.0  429.2  429.0
   81.0  18033  -61.8  -70.3     31   0.04    230     15  433.5  433.7  433.5
   79.0  18188  -61.0  -70.2     28   0.04    245     10  438.1  438.4  438.1
   78.0  18267  -60.6  -70.2     27   0.04    230      9  440.5  440.8  440.6
   77.0  18347  -60.2  -70.2     26   0.04    345      3  443.0  443.2  443.0
   76.0  18427  -59.8  -70.2     25   0.04     20      3  445.5  445.7  445.5
   74.2  18576  -59.1  -70.1     23   0.04    132      2  450.1  450.3  450.1
   74.0  18593  -59.2  -70.2     23   0.04    145      2  450.3  450.5  450.3
   73.0  18678  -59.5  -70.8     22   0.04     75      3  451.3  451.6  451.3
   70.0  18940  -60.5  -72.5     19   0.03    115      9  454.6  454.8  454.6
   69.0  19029  -60.6  -73.1     18   0.03    140     15  456.3  456.5  456.3
   67.9  19129  -60.7  -73.7     17   0.03    149     13  458.1  458.3  458.2
   66.0  19306  -59.9  -73.6     15   0.03    165      9  463.6  463.8  463.6
   65.1  19391  -59.5  -73.5     15   0.03    149      6  466.3  466.5  466.3
   64.0  19497  -59.6  -74.0     14   0.03    130      2  468.4  468.6  468.4
   63.0  19596  -59.7  -74.5     13   0.03    330      3  470.4  470.5  470.4
   62.0  19695  -59.7  -74.9     12   0.02      0      5  472.3  472.5  472.3
   61.0  19797  -59.8  -75.4     11   0.02     40      6  474.4  474.5  474.4
   60.0  19900  -59.9  -75.9     11   0.02     53      9  476.4  476.6  476.4
   58.6  20047  -59.9  -75.9     11   0.02     71     12  479.6  479.8  479.6
   57.8  20133  -59.7  -76.7      9   0.02     81     14  482.0  482.1  482.0
   56.0  20330  -59.3  -77.1      8   0.02    105     19  487.2  487.4  487.2
   55.0  20443  -59.1  -77.3      8   0.02    115     17  490.2  490.4  490.2
   53.2  20651  -58.7  -77.7      7   0.02    136     13  495.9  496.0  495.9
   52.0  20794  -58.5  -77.9      7   0.02    150     11  499.4  499.6  499.4
   50.0  21040  -58.3  -78.3      6   0.02     85      5  505.7  505.8  505.7
   49.0  21168  -57.9  -78.4      6   0.02     35      3  509.5  509.6  509.5
   48.0  21298  -57.5  -78.5      5   0.02     50     10  513.5  513.6  513.5
   47.0  21431  -57.1  -78.6      5   0.02     65     10  517.5  517.7  517.5
   46.0  21566  -56.7  -78.7      5   0.02     58     10  521.7  521.9  521.7
   45.0  21706  -56.2  -78.9      4   0.02     50     11  526.1  526.2  526.1
   43.0  21996  -55.3  -79.4      3   0.02     85     18  535.3  535.5  535.3
   42.0  22145  -54.8  -79.7      3   0.02    105     17  540.1  540.3  540.1
   41.8  22176  -54.7  -79.7      3   0.02    105     17  541.1  541.3  541.1
   41.0  22299  -54.5  -79.5      3   0.02    105     17  544.5  544.7  544.5
   40.8  22331  -54.5  -79.5      3   0.02    105     17  545.4  545.5  545.4
   40.0  22457  -54.9  -79.7      3   0.02    105     19  547.5  547.7  547.5
   39.0  22618  -55.4  -79.9      3   0.02    110     17  550.3  550.5  550.3
   38.0  22784  -55.9  -80.1      3   0.02     90     14  553.1  553.3  553.2
   37.1  22937  -56.3  -80.3      3   0.02    108     18  555.8  555.9  555.8
   37.0  22954  -56.3  -80.3      3   0.02    110     19  556.2  556.4  556.2
   36.9  22971  -56.3  -80.3      3   0.02    111     19  556.6  556.8  556.6
   36.0  23128  -56.0  -80.3      3   0.02    125     14  561.3  561.5  561.4
   35.0  23307  -55.7  -80.3      3   0.02    100      9  566.7  566.9  566.8
   34.0  23492  -55.3  -80.3      3   0.02     65     11  572.4  572.5  572.4
   33.9  23510  -55.3  -80.3      3   0.02     65     11  572.9  573.1  572.9
   33.0  23682  -55.1  -80.1      3   0.02     65     15  577.9  578.0  577.9
   32.0  23878  -55.2  -79.5      3   0.02    105     17  582.6  582.8  582.6
   31.6  23959  -55.3  -79.3      4   0.02     95     15  584.5  584.8  584.5
   31.4  23999  -55.3  -79.3      4   0.02     90     14  585.6  585.8  585.6
   31.0  24081  -55.1  -73.4      9   0.06     80     12  588.2  588.8  588.3
   30.1  24269  -54.7  -59.7     54   0.41     76     15  594.4  597.5  594.5