-----------------------------------------------------------------------------
   PRES   HGHT   TEMP   DWPT   RELH   MIXR   DRCT   SKNT   THTA   THTE   THTV
    hPa     m      C      C      %    g/kg    deg   knot     K      K      K 
-----------------------------------------------------------------------------
 1000.0     16                                                               
  925.0    739                                                               
  871.0   1289   36.2    1.2     11   4.82    335      7  321.8  337.9  322.7
  867.0   1331   34.8   -6.2      7   2.79    359      9  320.8  330.3  321.3
  862.0   1382   34.0   -5.8      7   2.88     30     12  320.4  330.2  321.0
  857.0   1435   33.2   -5.5      8   2.97     20     12  320.1  330.2  320.7
  851.0   1497   32.2   -5.1      9   3.09     15     11  319.7  330.2  320.3
  850.0   1508   32.0   -5.0      9   3.12     15     10  319.6  330.2  320.3
  838.0   1632   30.9   -5.0      9   3.15    355     12  319.8  330.4  320.4
  830.0   1716   30.1   -5.1     10   3.17    345     12  319.8  330.5  320.4
  823.0   1789   29.4   -5.1     10   3.19    345     12  319.9  330.7  320.5
  802.0   2015   27.3   -5.2     11   3.26    345     13  320.0  331.0  320.7
  795.0   2091   26.6   -5.2     12   3.28    340     13  320.1  331.1  320.7
  777.0   2291   24.8   -5.3     13   3.34    320     12  320.2  331.5  320.9
  767.0   2403   23.7   -5.3     14   3.37    310     14  320.3  331.6  320.9
  756.0   2529   22.6   -5.4     15   3.41    310     12  320.3  331.8  321.0
  739.0   2728   20.8   -5.4     17   3.47    290     15  320.4  332.1  321.1
  722.0   2930   18.9   -5.5     19   3.53    285     16  320.5  332.4  321.2
  714.0   3027   18.0   -5.5     20   3.56    290     15  320.6  332.5  321.2
  700.0   3200   16.4   -5.6     22   3.62    280     19  320.6  332.8  321.3
  694.0   3273   15.8   -5.2     23   3.75    285     18  320.7  333.3  321.4
  682.0   3420   14.5   -4.5     27   4.05    275     18  320.9  334.4  321.7
  670.0   3569   13.2   -3.7     31   4.37    290     21  321.0  335.6  321.9
  665.0   3632   12.6   -3.3     33   4.52    285     20  321.1  336.1  322.0
  661.0   3683   12.2   -3.1     34   4.64    285     20  321.2  336.6  322.1
  656.0   3747   11.6   -2.7     37   4.79    285     22  321.2  337.1  322.2
  654.0   3773   11.4   -2.6     37   4.86    285     22  321.3  337.4  322.2
  650.0   3824   11.0   -3.0     37   4.74    285     22  321.4  337.1  322.3
  644.0   3901   10.4   -3.6     37   4.58    285     21  321.5  336.8  322.4
  640.0   3953   10.0   -4.0     37   4.47    281     22  321.7  336.6  322.5
  634.0   4031    9.3   -4.2     38   4.44    275     23  321.7  336.6  322.6
  621.0   4201    7.8   -4.6     41   4.39    285     24  321.9  336.6  322.8
  616.0   4268    7.2   -4.8     42   4.37    285     26  322.0  336.6  322.8
  608.0   4375    6.2   -5.1     44   4.33    290     24  322.1  336.6  322.9
  602.0   4457    5.5   -5.3     46   4.31    295     24  322.1  336.6  323.0
  595.0   4553    4.7   -5.5     48   4.28    285     24  322.2  336.6  323.1
  593.0   4581    4.4   -5.6     48   4.27    286     24  322.2  336.5  323.1
  585.0   4691    3.4   -7.6     44   3.71    289     24  322.3  334.9  323.1
  583.0   4719    3.1   -7.7     45   3.70    290     24  322.4  334.8  323.1
  557.0   5085   -0.1   -8.7     52   3.57    280     29  322.7  334.8  323.4
  551.0   5172   -0.9   -9.0     54   3.53    280     29  322.8  334.7  323.5
  540.0   5334   -2.4   -9.5     58   3.48    275     25  322.9  334.7  323.6
  539.0   5349   -2.5   -9.5     59   3.47    275     25  322.9  334.7  323.6
  532.0   5452   -3.3  -10.3     58   3.30    275     25  323.2  334.4  323.8
  528.0   5512   -3.8  -10.8     58   3.20    275     25  323.3  334.2  323.9
  517.0   5677   -5.1  -12.1     58   2.95    265     26  323.7  333.8  324.3
  505.0   5862   -6.5  -13.5     58   2.68    260     27  324.1  333.3  324.6
  502.0   5909   -6.9  -13.9     57   2.62    260     27  324.2  333.2  324.7
  500.0   5940   -7.1  -14.1     57   2.58    260     27  324.3  333.3  324.8
  495.0   6018   -7.6  -16.0     51   2.23    265     27  324.7  332.5  325.1
  489.0   6113   -8.1  -18.2     44   1.87    260     29  325.1  331.7  325.5
  479.0   6273   -9.1  -22.1     34   1.37    268     32  325.9  330.8  326.1
  477.0   6305   -9.4  -22.2     34   1.36    270     33  325.9  330.8  326.2
  456.0   6651  -12.1  -23.1     40   1.31    274     34  326.7  331.5  327.0
  451.0   6735  -12.8  -23.0     42   1.34    275     34  326.8  331.7  327.1
  444.0   6855  -13.9  -22.9     47   1.37    275     34  326.9  331.9  327.2
  438.0   6958  -14.2  -23.9     43   1.27    275     34  327.8  332.5  328.1
  436.0   6992  -14.3  -24.3     42   1.23    277     34  328.1  332.6  328.4
  433.0   7045  -14.8  -24.0     45   1.28    280     33  328.2  332.9  328.5
  432.0   7062  -14.9  -23.9     46   1.29    280     33  328.2  332.9  328.5
  424.0   7203  -15.7  -25.7     42   1.12    277     32  329.0  333.1  329.2
  418.0   7311  -16.7  -25.7     46   1.14    276     31  329.0  333.2  329.3
  416.0   7346  -16.9  -26.1     45   1.10    275     31  329.2  333.3  329.4
  411.0   7437  -17.4  -27.0     43   1.03    265     33  329.7  333.6  329.9
  406.0   7529  -17.9  -27.9     41   0.95    260     31  330.2  333.8  330.4
  401.0   7621  -17.7  -32.7     26   0.61    255     28  331.6  334.0  331.7
  400.0   7640  -17.7  -33.7     23   0.56    255     29  331.9  334.1  332.0
  388.0   7867  -19.5  -34.0     26   0.56    270     26  332.4  334.6  332.6
  385.0   7925  -19.9  -34.1     27   0.56    270     27  332.6  334.8  332.7
  384.0   7944  -20.1  -34.1     28   0.56    271     27  332.6  334.8  332.8
  379.0   8041  -20.6  -36.5     23   0.45    275     27  333.2  335.0  333.3
  376.0   8100  -20.9  -37.9     20   0.39    280     27  333.6  335.1  333.7
  373.0   8159  -21.4  -38.0     21   0.39    285     27  333.7  335.2  333.8
  355.0   8522  -24.5  -38.5     26   0.39    278     31  334.3  335.8  334.4
  347.0   8687  -25.6  -40.8     23   0.31    275     33  335.0  336.2  335.0
  342.0   8793  -26.3  -42.3     21   0.27    275     33  335.4  336.5  335.5
  334.0   8963  -27.1  -44.6     18   0.22    275     34  336.5  337.4  336.6
  329.0   9072  -27.7  -46.0     16   0.19    275     33  337.2  338.0  337.3
  320.0   9271  -28.7  -48.7     13   0.14    269     36  338.5  339.1  338.5
  306.0   9589  -31.5  -48.7     17   0.15    260     42  339.0  339.6  339.0
  300.0   9730  -32.7  -48.7     19   0.15    260     42  339.2  339.8  339.2
  294.0   9870  -34.0  -49.2     20   0.15    265     42  339.3  340.0  339.4
  287.0  10037  -35.5  -49.8     22   0.14    260     43  339.5  340.1  339.5
  280.0  10207  -37.0  -50.3     24   0.14    260     44  339.7  340.3  339.7
  271.0  10434  -39.1  -51.1     27   0.13    260     46  339.9  340.4  339.9
  270.0  10459  -39.3  -51.8     25   0.12    260     46  339.9  340.5  340.0
  269.0  10484  -39.5  -52.5     24   0.11    260     47  340.0  340.5  340.0
  264.0  10612  -40.1  -52.1     27   0.12    260     50  341.0  341.5  341.0
  263.0  10638  -40.3  -52.5     26   0.11    260     51  341.0  341.5  341.1
  257.0  10794  -41.5  -55.2     21   0.08    260     49  341.5  341.9  341.6
  256.0  10820  -41.7  -55.7     20   0.08    260     49  341.6  342.0  341.6
  250.0  10980  -42.9  -56.9     20   0.07    260     51  342.1  342.5  342.2
  240.0  11254  -44.7  -59.6     17   0.05    260     52  343.4  343.7  343.4
  239.0  11282  -44.9  -59.9     17   0.05    260     53  343.6  343.8  343.6
  233.0  11451  -46.3  -59.5     21   0.05    260     56  344.0  344.2  344.0
  226.0  11653  -47.9  -58.9     27   0.06    260     56  344.5  344.8  344.5
  220.0  11829  -48.9  -62.6     19   0.04    260     60  345.7  345.9  345.7
  209.0  12165  -50.7  -69.7      9   0.02    264     54  347.9  348.0  347.9
  207.0  12227  -51.2  -69.1     10   0.02    265     53  348.1  348.1  348.1
  200.0  12450  -53.1  -67.1     17   0.02    265     54  348.5  348.6  348.5
  198.0  12515  -53.5  -66.3     19   0.03    265     54  348.9  349.0  348.9
  195.0  12613  -54.1  -65.1     25   0.03    265     53  349.4  349.6  349.5
  190.0  12779  -54.9  -67.7     19   0.02    265     51  350.9  351.0  350.9
  183.0  13018  -55.9  -71.5     13   0.01    265     48  352.9  352.9  352.9
  180.0  13124  -56.4  -73.2     10   0.01    265     51  353.8  353.8  353.8
  177.0  13231  -56.9  -74.9      9   0.01    267     51  354.7  354.7  354.7
  174.0  13339  -57.5  -76.1      8   0.01    270     51  355.4  355.5  355.4
  172.0  13412  -57.9  -76.9      7   0.01    268     48  355.9  356.0  355.9
  170.0  13486  -58.2  -77.7      7   0.01    265     45  356.6  356.7  356.6
  168.0  13560  -58.5  -78.5      6   0.01    264     44  357.3  357.4  357.3
  163.0  13750  -58.7  -80.3      5   0.00    260     40  360.1  360.2  360.1
  162.0  13789  -58.7  -80.7      4   0.00    260     40  360.7  360.8  360.7
  158.0  13945  -59.5  -81.8      4   0.00    260     39  362.0  362.0  362.0
  150.0  14270  -61.1  -84.1      3   0.00    280     38  364.6  364.6  364.6
  148.0  14353  -61.4  -85.0      3   0.00    285     34  365.6  365.6  365.6
  147.0  14395  -61.5  -85.5      3   0.00    283     32  366.0  366.1  366.0
  145.0  14480  -61.7  -85.0      3   0.00    280     27  367.1  367.1  367.1
  143.0  14566  -62.0  -84.4      4   0.00    285     23  368.1  368.1  368.1
  142.0  14610  -62.1  -84.1      4   0.00    281     22  368.6  368.6  368.6
  137.0  14828  -63.9  -83.8      5   0.00    260     18  369.2  369.3  369.2
  133.0  15009  -65.4  -83.5      6   0.00    245     20  369.7  369.8  369.7
  130.0  15148  -66.5  -83.4      8   0.00    245     24  370.1  370.1  370.1
  126.0  15339  -68.1  -83.1     10   0.00    248     27  370.6  370.6  370.6
  123.0  15483  -68.5  -83.5     10   0.00    250     30  372.4  372.4  372.4
  122.0  15532  -68.5  -84.5      8   0.00    255     31  373.3  373.3  373.3
  120.0  15631  -68.2  -83.6     10   0.00    265     33  375.6  375.6  375.6
  119.0  15682  -68.1  -83.1     10   0.00    270     32  376.7  376.7  376.7
  118.0  15732  -67.9  -83.9      9   0.00    275     30  378.0  378.0  378.0
  117.0  15784  -67.7  -84.0      8   0.00    280     29  379.3  379.3  379.3
  115.0  15888  -67.3  -84.3      7   0.00    287     32  381.9  381.9  381.9
  114.0  15941  -66.8  -84.1      7   0.00    290     34  383.8  383.8  383.8
  109.0  16213  -64.1  -83.1      6   0.00    302     26  393.8  393.8  393.8
  106.0  16384  -64.7  -86.7      3   0.00    310     21  395.8  395.8  395.8
  105.0  16442  -64.9  -87.9      3   0.00    306     18  396.5  396.5  396.5
  102.0  16619  -64.5  -88.5      2   0.00    294     10  400.6  400.6  400.6
  100.0  16740  -64.9  -88.9      2   0.00    285      5  402.1  402.1  402.1
   98.0  16863  -65.1  -89.1      2   0.00    250     11  404.0  404.0  404.0
   92.0  17247  -66.5  -90.5      2   0.00    280     19  408.7  408.7  408.7
   91.8  17260  -66.5  -90.5      2   0.00    279     19  408.9  408.9  408.9
   91.0  17313  -66.3  -90.3      2   0.00    275     20  410.3  410.3  410.3
   88.0  17516  -65.5  -89.5      2   0.00    280     12  415.8  415.9  415.8
   87.3  17565  -65.3  -89.3      2   0.00    280     12  417.2  417.2  417.2
   87.0  17586  -65.3  -89.3      2   0.00    280     12  417.5  417.6  417.5
   83.0  17872  -65.7  -89.7      2   0.00    250     18  422.5  422.5  422.5
   82.5  17909  -65.7  -89.7      2   0.00    250     19  423.1  423.2  423.1
   82.0  17945  -65.7  -89.7      2   0.00    250     19  423.9  423.9  423.9
   80.9  18027  -65.7  -89.7      2   0.00    259     18  425.5  425.5  425.5
   80.1  18088  -65.7  -88.7      3   0.00    265     17  426.7  426.8  426.7
   77.8  18265  -65.9  -88.9      3   0.00    285     14  429.9  429.9  429.9
   76.0  18408  -65.3  -88.7      3   0.00    300     12  434.1  434.1  434.1
   75.0  18489  -64.9  -88.6      3   0.00    300     15  436.4  436.5  436.4
   74.0  18571  -64.6  -88.5      2   0.00    295     19  438.9  438.9  438.9
   72.0  18738  -63.9  -88.3      2   0.00    305     15  443.9  443.9  443.9
   71.0  18823  -63.5  -88.2      2   0.00    305     13  446.4  446.4  446.4
   70.0  18910  -63.1  -88.1      2   0.00    300     17  449.1  449.1  449.1
   69.1  18990  -62.5  -87.5      2   0.00    313     18  452.0  452.0  452.0
   69.0  18999  -62.5  -87.5      2   0.00    315     18  452.2  452.3  452.2
   66.5  19226  -61.7  -86.7      2   0.00    352     11  458.7  458.7  458.7
   66.0  19273  -61.7  -86.6      2   0.00      0     10  459.6  459.6  459.6
   65.0  19367  -61.8  -86.3      3   0.00     10     10  461.5  461.5  461.5
   64.0  19463  -61.9  -86.0      3   0.00    340      5  463.4  463.4  463.4
   63.7  19492  -61.9  -85.9      3   0.00    325      5  463.9  464.0  463.9
   63.3  19531  -61.9  -85.9      3   0.00    305      5  464.8  464.8  464.8
   63.0  19560  -61.7  -85.8      3   0.00    290      5  465.8  465.8  465.8
   62.0  19660  -61.2  -85.5      3   0.00    285      8  469.1  469.2  469.1
   60.0  19863  -60.0  -84.8      3   0.01    345     14  476.1  476.1  476.1
   59.0  19968  -59.5  -84.4      3   0.01     20     11  479.7  479.7  479.7
   58.7  20000  -59.3  -84.3      3   0.01     30     11  480.8  480.8  480.8
   57.0  20183  -58.9  -83.9      3   0.01     90     14  485.7  485.8  485.7
   54.7  20441  -59.7  -84.7      3   0.01     40      7  489.6  489.7  489.6
   54.0  20521  -59.9  -84.9      2   0.01     25      5  491.0  491.0  491.0
   53.0  20637  -60.2  -85.2      2   0.01     85      2  492.9  493.0  492.9
   52.0  20756  -60.5  -85.5      2   0.01    120      4  494.9  494.9  494.9
   51.6  20804  -60.5  -85.5      2   0.01    118      5  496.0  496.0  496.0
   51.0  20877  -60.4  -85.0      3   0.01    115      6  497.8  497.9  497.8
   50.0  21000  -60.3  -84.3      3   0.01     90      4  500.9  501.0  500.9
   49.0  21126  -59.9  -84.1      3   0.01    350      3  504.9  504.9  504.9
   46.0  21521  -58.5  -83.5      3   0.01     60     21  517.3  517.3  517.3
   45.9  21535  -58.5  -83.5      3   0.01     62     21  517.7  517.8  517.7
   45.5  21590  -58.5  -83.5      3   0.01     68     19  519.0  519.0  519.0
   43.8  21829  -58.5  -83.5      3   0.01     96     13  524.7  524.7  524.7
   43.0  21945  -58.2  -83.2      3   0.01    110     10  528.1  528.2  528.1
   42.0  22093  -57.9  -82.9      3   0.01     25      5  532.5  532.6  532.5
   41.0  22245  -57.2  -82.6      3   0.01     20      8  537.9  538.0  537.9
   40.0  22401  -56.5  -82.3      3   0.01     45     14  543.5  543.6  543.5
   39.5  22481  -56.1  -82.1      2   0.01     43     15  546.4  546.5  546.4
   39.0  22562  -55.9  -81.2      3   0.01     40     16  549.0  549.2  549.0
   38.7  22611  -55.7  -80.7      3   0.02     47     17  550.6  550.8  550.6
   37.5  22811  -56.1  -81.1      3   0.01     77     19  554.6  554.7  554.6
   37.1  22879  -56.1  -81.1      3   0.02     87     20  556.3  556.4  556.3
   37.0  22896  -56.0  -81.1      3   0.02     90     20  557.0  557.1  557.0
   36.0  23071  -55.1  -80.6      3   0.02     85     16  563.6  563.8  563.7
   35.0  23251  -54.2  -80.2      3   0.02     65     18  570.6  570.8  570.6
   34.9  23269  -54.1  -80.1      3   0.02     67     19  571.3  571.5  571.3
   34.3  23380  -53.7  -79.7      3   0.02     82     24  575.2  575.4  575.2
   34.0  23436  -53.8  -79.6      3   0.02     90     26  576.5  576.7  576.5
   33.0  23628  -54.0  -79.3      3   0.02    110     19  580.8  581.0  580.8
   32.5  23726  -54.1  -79.1      3   0.02    103     15  583.1  583.3  583.1
   32.0  23825  -53.9  -79.1      3   0.02     95     11  586.3  586.5  586.3
   31.0  24029  -53.4  -79.1      3   0.02     75     18  592.9  593.1  592.9
   30.4  24155  -53.1  -79.1      3   0.03     81     20  597.0  597.2  597.0
   30.0  24240  -53.1  -78.1      3   0.03     85     21  599.3  599.5  599.3
   29.4  24370  -53.5  -78.5      3   0.03     91     18  601.6  601.9  601.7
   29.0  24458  -53.7  -78.7      3   0.03     95     16  603.4  603.6  603.4
   28.7  24524  -53.9  -78.9      3   0.03     82     16  604.7  605.0  604.7
   28.0  24683  -53.7  -78.7      3   0.03     50     16  609.5  609.8  609.5
   27.3  24845  -53.5  -78.5      3   0.03     67     19  614.5  614.8  614.5
   27.0  24916  -53.3  -78.4      3   0.03     75     21  617.1  617.4  617.2
   26.0  25160  -52.4  -78.0      3   0.04     75     20  626.2  626.5  626.2
   25.0  25412  -51.6  -77.5      3   0.04     90     19  635.7  636.0  635.7
   24.9  25438  -51.5  -77.5      3   0.04     90     19  636.6  637.0  636.7
   24.3  25596  -51.1  -77.1      3   0.04     87     19  642.2  642.7  642.3
   24.0  25677  -51.2  -77.1      3   0.04     85     19  644.2  644.6  644.2
   23.0  25953  -51.6  -77.0      3   0.05     90     19  651.0  651.4  651.0
   22.2  26182  -51.9  -76.9      3   0.05     78     21  656.7  657.1  656.7
   22.0  26240  -51.9  -76.9      3   0.05     75     21  658.4  658.9  658.4
   21.9  26270  -51.9  -76.9      3   0.05     77     21  659.2  659.7  659.3
   21.0  26543  -50.7  -76.6      3   0.05    100     20  670.8  671.4  670.8
   20.0  26860  -49.3  -76.3      3   0.06     90     23  684.5  685.1  684.5
   19.0  27197  -48.7  -75.2      3   0.07     70     20  696.5  697.3  696.6
   18.1  27516  -48.1  -74.1      3   0.09     66     33  708.1  709.0  708.1
   18.0  27553  -48.0  -74.0      3   0.09     65     34  709.5  710.5  709.6
   17.0  27931  -47.0  -73.0      4   0.12     80     30  724.5  725.8  724.6
   16.0  28333  -45.9  -71.8      4   0.15     85     29  740.8  742.4  740.9
   15.7  28459  -45.5  -71.5      4   0.16     85     30  746.0  747.6  746.0
   15.0  28763  -45.5  -71.5      4   0.16     85     32  755.8  757.5  755.8
   14.8  28852  -45.5  -71.5      4   0.17     88     31  758.7  760.5  758.7
   14.3  29081  -45.1  -72.1      3   0.16     95     28  767.5  769.2  767.6
   14.2  29128  -44.9  -70.9      4   0.19     97     27  769.7  771.8  769.8
   14.0  29223  -44.6  -70.8      4   0.19    100     26  773.9  776.0  774.0
   13.3  29567  -43.5  -70.5      3   0.21     97     32  789.1  791.4  789.2
   13.0  29721  -43.4  -70.3      4   0.22     95     34  794.7  797.2  794.8
   12.5  29985  -43.1  -70.1      4   0.24    102     33  804.6  807.3  804.7
   12.0  30261  -42.3  -69.7      3   0.27    110     32  816.9  820.0  817.0
   11.2  30728  -40.9  -68.9      3   0.32    102     30  838.1  841.9  838.3
   11.0  30850  -40.9  -68.9      3   0.32    100     29  842.5  846.3  842.6
   10.3  31298  -40.3  -68.3      3   0.38     93     23  860.7  865.2  860.9
   10.0  31500  -39.7  -67.7      3   0.42     90     20  870.2  875.3  870.4
    9.8  31638  -39.3  -67.3      4   0.46     86     21  876.7  882.3  877.0
    9.4  31924  -39.1  -67.1      4   0.49     78     24  888.0  894.0  888.3
    9.2  32071  -39.3  -67.3      4   0.48     74     26  892.7  898.7  893.0