-----------------------------------------------------------------------------
   PRES   HGHT   TEMP   DWPT   RELH   MIXR   DRCT   SKNT   THTA   THTE   THTV
    hPa     m      C      C      %    g/kg    deg   knot     K      K      K 
-----------------------------------------------------------------------------
 1000.0     74                                                               
  925.0    763                                                               
  871.0   1289   21.2   10.2     49   9.05     95      1  306.2  333.8  307.9
  865.0   1349   23.4   12.4     50  10.56     35      1  309.1  341.6  311.1
  860.0   1399   23.1   11.4     48   9.94    345      1  309.3  339.9  311.2
  858.0   1420   23.0   11.0     47   9.69    343      2  309.4  339.3  311.2
  850.0   1501   23.0   10.0     44   9.15    335      5  310.2  338.6  311.9
  845.0   1552   22.8    8.5     40   8.31    345      4  310.5  336.4  312.1
  836.0   1645   22.3    5.8     34   6.97    355      6  311.0  332.9  312.3
  828.0   1729   21.9    3.4     30   5.94     10      6  311.4  330.2  312.5
  826.0   1750   21.8    2.8     29   5.70      3      6  311.5  329.6  312.6
  821.0   1802   21.5    2.5     29   5.60    345      6  311.7  329.5  312.8
  814.0   1877   21.0    2.0     28   5.46    322      5  312.0  329.4  313.0
  800.0   2026   20.4    1.0     27   5.16    275      2  312.9  329.5  313.9
  793.0   2102   20.2    0.5     27   5.02    260      5  313.4  329.5  314.4
  784.0   2200   19.8   -0.2     26   4.83    244      6  314.0  329.6  315.0
  782.0   2222   19.6   -0.5     26   4.76    240      6  314.1  329.5  315.0
  774.0   2310   18.9   -1.5     25   4.46    240      7  314.3  328.8  315.1
  765.0   2410   18.2   -2.6     24   4.15    255      6  314.5  328.0  315.3
  756.0   2511   17.4   -3.8     23   3.85    290      7  314.7  327.3  315.4
  747.0   2613   16.6   -4.9     22   3.56    285     12  314.9  326.6  315.6
  738.0   2716   15.8   -6.1     22   3.29    290     10  315.1  326.0  315.8
  736.0   2740   15.6   -6.4     21   3.23    290      9  315.2  325.9  315.8
  729.0   2820   15.1   -7.4     21   3.02    290      6  315.4  325.5  316.0
  712.0   3019   13.7   -9.9     18   2.54    265     14  316.1  324.6  316.6
  706.0   3090   13.2  -10.8     18   2.39    271     16  316.3  324.4  316.8
  702.0   3138   12.8  -11.9     17   2.21    275     18  316.4  323.9  316.8
  700.0   3162   12.6  -12.4     16   2.12    275     18  316.4  323.6  316.8
  685.0   3341   11.1  -11.9     19   2.25    265     16  316.6  324.3  317.1
  678.0   3426   10.3  -11.7     20   2.31    265     17  316.8  324.6  317.2
  661.0   3636    8.5  -11.1     24   2.48    270     18  317.0  325.4  317.5
  653.0   3736    7.7  -10.9     26   2.57    250     16  317.2  325.8  317.7
  644.0   3851    6.7  -10.6     28   2.67    260     17  317.3  326.3  317.8
  627.0   4072    4.8  -10.0     33   2.87    240     21  317.6  327.2  318.1
  622.0   4138    4.2   -9.8     35   2.94    240     23  317.6  327.5  318.2
  617.0   4203    3.6  -10.1     36   2.88    240     24  317.7  327.4  318.2
  612.0   4268    3.0  -10.5     37   2.83    245     24  317.7  327.2  318.2
  606.0   4348    2.2  -10.9     37   2.77    240     23  317.7  327.1  318.3
  598.0   4455    1.2  -11.4     38   2.69    245     23  317.8  326.8  318.3
  591.0   4549    0.3  -11.9     39   2.61    245     23  317.8  326.6  318.3
  571.0   4826   -2.3  -13.3     43   2.41    257     29  317.9  326.1  318.3
  566.0   4896   -2.9  -14.3     41   2.24    260     30  318.0  325.6  318.5
  560.0   4980   -3.5  -15.6     39   2.04    260     28  318.2  325.2  318.6
  548.0   5151   -4.9  -18.2     35   1.68    260     33  318.6  324.4  318.9
  541.0   5252   -5.7  -19.7     32   1.49    258     34  318.8  324.0  319.1
  537.0   5310   -5.5  -22.5     25   1.18    257     35  319.7  323.9  319.9
  529.0   5428   -5.7  -27.7     16   0.75    255     36  320.8  323.6  321.0
  521.0   5548   -5.3  -37.3      6   0.30    253     37  322.7  323.9  322.8
  513.0   5669   -5.5  -44.5      3   0.14    251     38  323.9  324.5  323.9
  509.0   5730   -5.8  -42.7      4   0.18    250     39  324.2  324.9  324.3
  500.0   5870   -6.5  -38.5      6   0.28    255     39  325.1  326.1  325.1
  497.0   5917   -6.7  -38.7      6   0.27    255     39  325.4  326.4  325.4
  491.0   6011   -7.3  -43.8      4   0.16    255     39  325.8  326.4  325.8
  489.0   6043   -7.5  -45.5      3   0.13    255     39  325.9  326.4  325.9
  475.0   6265   -9.6  -42.4      5   0.19    255     40  326.0  326.8  326.1
  459.0   6528  -12.1  -38.6      9   0.30    255     42  326.1  327.3  326.2
  454.0   6612  -12.9  -37.5     11   0.34    255     41  326.2  327.5  326.2
  450.0   6679  -13.5  -36.5     13   0.38    255     41  326.2  327.6  326.3
  444.0   6781  -14.3  -40.3      9   0.26    255     42  326.4  327.5  326.5
  438.0   6884  -15.1  -40.1     10   0.27    255     42  326.7  327.8  326.8
  436.0   6918  -15.3  -41.0      9   0.25    255     42  326.9  327.9  326.9
  432.0   6987  -15.7  -42.7      8   0.21    255     42  327.2  328.1  327.3
  419.0   7216  -17.6  -41.8     10   0.23    255     44  327.7  328.6  327.8
  418.0   7234  -17.7  -41.7     10   0.24    255     44  327.8  328.7  327.8
  415.0   7287  -18.1  -41.3     11   0.25    255     44  327.9  328.9  327.9
  407.0   7432  -19.3  -40.3     14   0.28    255     44  328.2  329.3  328.2
  400.0   7560  -20.3  -40.3     15   0.29    255     44  328.5  329.7  328.6
  397.0   7616  -20.7  -39.7     17   0.31    255     45  328.7  329.9  328.8
  396.0   7634  -20.8  -40.5     15   0.28    255     45  328.8  329.9  328.9
  383.0   7881  -22.3  -51.3      5   0.09    260     53  330.0  330.4  330.0
  367.0   8191  -25.1  -45.3     13   0.18    260     55  330.4  331.1  330.4
  363.0   8271  -25.8  -43.8     17   0.22    260     54  330.5  331.4  330.5
  349.0   8557  -28.3  -38.3     38   0.40    260     56  330.8  332.4  330.9
  346.0   8619  -28.5  -39.6     34   0.35    260     56  331.3  332.7  331.4
  342.0   8703  -28.8  -41.5     29   0.30    260     59  332.0  333.2  332.0
  341.0   8724  -28.9  -41.9     27   0.28    260     59  332.1  333.3  332.2
  333.0   8893  -30.1  -42.1     30   0.28    262     63  332.8  333.9  332.8
  322.0   9131  -31.7  -45.7     24   0.20    265     68  333.8  334.6  333.8
  306.0   9491  -34.1  -51.1     16   0.11    261     75  335.3  335.8  335.3
  301.0   9607  -35.1  -49.6     21   0.14    260     77  335.5  336.1  335.5
  300.0   9630  -35.3  -49.3     23   0.14    260     77  335.5  336.1  335.5
  298.0   9677  -35.7  -49.2     24   0.15    260     75  335.6  336.2  335.6
  296.0   9724  -36.1  -49.1     25   0.15    261     74  335.7  336.3  335.7
  290.0   9866  -37.1  -52.1     20   0.11    263     72  336.2  336.7  336.2
  284.0  10009  -38.1  -52.4     21   0.11    265     69  336.8  337.3  336.8
  272.0  10307  -40.1  -53.1     24   0.10    268     77  338.1  338.5  338.1
  264.0  10510  -41.0  -55.1     20   0.08    270     82  339.6  340.0  339.6
  250.0  10880  -42.7  -58.7     16   0.06    265     91  342.4  342.7  342.5
  246.0  10988  -43.3  -60.3     14   0.05    265     92  343.1  343.4  343.1
  241.0  11123  -44.0  -61.5     13   0.04    265     93  344.1  344.3  344.1
  233.0  11345  -45.2  -63.5     11   0.03    265     93  345.6  345.8  345.6
  226.0  11546  -46.2  -65.3     10   0.03    270     90  347.1  347.2  347.1
  219.0  11753  -47.3  -67.2      8   0.02    265     86  348.5  348.6  348.5
  211.0  11998  -48.6  -69.4      7   0.02    270     85  350.2  350.3  350.2
  208.0  12092  -49.1  -70.3      7   0.01    270     86  350.9  350.9  350.9
  201.0  12318  -50.3  -72.3      6   0.01    270     82  352.4  352.5  352.4
  200.0  12350  -50.3  -72.3      6   0.01    270     81  352.9  353.0  353.0
  195.0  12516  -49.9  -73.9      4   0.01    270     79  356.1  356.2  356.2
  188.0  12753  -51.2  -76.9      3   0.01    270     76  357.7  357.8  357.7
  181.0  13000  -52.6  -80.1      2   0.00    270     77  359.3  359.4  359.3
  178.0  13108  -53.3  -81.5      2   0.00    270     75  360.0  360.1  360.0
  175.0  13219  -53.9  -82.9      2   0.00    272     72  360.8  360.8  360.8
  171.0  13367  -54.9  -83.9      2   0.00    275     67  361.6  361.6  361.6
  170.0  13405  -55.1  -84.1      2   0.00    275     70  361.8  361.8  361.8
  169.0  13442  -55.3  -84.0      2   0.00    275     73  362.1  362.1  362.1
  167.0  13518  -55.7  -83.9      2   0.00    275     67  362.6  362.6  362.6
  161.0  13751  -56.9  -83.5      2   0.00    275     62  364.4  364.4  364.4
  159.0  13831  -57.3  -83.3      2   0.00    272     58  365.0  365.0  365.0
  157.0  13911  -57.3  -82.3      3   0.00    269     54  366.4  366.4  366.4
  156.0  13952  -57.1  -83.1      2   0.00    268     51  367.4  367.4  367.4
  154.0  14033  -57.4  -84.0      2   0.00    265     47  368.3  368.3  368.3
  152.0  14116  -57.6  -85.0      2   0.00    265     51  369.2  369.2  369.2
  150.0  14200  -57.9  -85.9      2   0.00    265     48  370.1  370.1  370.1
  149.0  14242  -58.2  -86.2      2   0.00    265     48  370.3  370.3  370.3
  148.0  14284  -58.5  -86.5      2   0.00    264     49  370.5  370.5  370.5
  143.0  14497  -59.6  -86.5      2   0.00    260     54  372.3  372.3  372.3
  141.0  14585  -60.0  -86.5      2   0.00    260     54  373.1  373.1  373.1
  134.0  14901  -61.6  -86.5      2   0.00    275     47  375.7  375.8  375.7
  130.0  15089  -62.5  -86.5      3   0.00    270     39  377.3  377.3  377.3
  128.0  15184  -62.7  -86.7      3   0.00    267     40  378.6  378.6  378.6
  127.0  15232  -62.2  -86.2      3   0.00    265     41  380.3  380.3  380.3
  125.0  15330  -61.3  -85.3      3   0.00    268     34  383.8  383.8  383.8
  124.0  15380  -60.8  -85.3      3   0.00    270     31  385.5  385.6  385.5
  123.0  15430  -60.3  -85.3      2   0.00    270     30  387.4  387.4  387.4
  120.0  15583  -60.9  -86.4      2   0.00    270     25  389.0  389.0  389.0
  119.0  15635  -61.1  -86.8      2   0.00    265     25  389.6  389.6  389.6
  117.0  15740  -61.5  -87.5      2   0.00    272     22  390.7  390.7  390.7
  116.0  15793  -61.7  -87.7      2   0.00    275     20  391.3  391.3  391.3
  111.0  16063  -62.9  -88.9      2   0.00    250     15  393.9  393.9  393.9
  110.0  16118  -63.2  -89.2      2   0.00    255     12  394.5  394.5  394.5
  106.0  16346  -64.2  -90.2      2   0.00    200      3  396.7  396.7  396.7
  105.0  16404  -64.5  -90.5      2   0.00    170      3  397.3  397.3  397.3
  104.0  16462  -65.3  -91.3      2   0.00    140      4  396.8  396.8  396.8
  103.0  16520  -65.3  -90.3      2   0.00    154      5  397.9  397.9  397.9
  100.0  16700  -64.5  -88.5      2   0.00    195      7  402.8  402.9  402.8
   96.9  16893  -64.1  -88.1      2   0.00    245      9  407.3  407.3  407.3
   96.0  16950  -64.0  -88.3      2   0.00    260     10  408.6  408.6  408.6
   91.0  17279  -63.2  -89.2      2   0.00    210     11  416.4  416.4  416.4
   89.0  17416  -62.9  -89.6      2   0.00    245      4  419.7  419.7  419.7
   88.0  17485  -62.7  -89.8      2   0.00    235      6  421.4  421.4  421.4
   86.0  17627  -62.4  -90.2      1   0.00    235      8  424.8  424.8  424.8
   85.0  17699  -62.2  -90.5      1   0.00    240      4  426.5  426.5  426.5
   82.9  17852  -61.9  -90.9      1   0.00    188      7  430.3  430.3  430.3
   81.0  17996  -61.6  -90.6      1   0.00    140      9  433.8  433.8  433.8
   80.0  18073  -61.5  -90.5      1   0.00    130      8  435.6  435.6  435.6
   79.0  18151  -61.3  -90.3      1   0.00    150      6  437.5  437.5  437.5
   78.0  18230  -61.4  -89.8      1   0.00    170      4  438.9  438.9  438.9
   77.3  18286  -61.5  -89.5      1   0.00    184      5  439.8  439.8  439.8
   75.9  18399  -61.7  -89.7      1   0.00    213      7  441.7  441.7  441.7
   73.0  18640  -61.5  -90.5      1   0.00    275     12  447.1  447.1  447.1
   72.8  18657  -61.5  -90.5      1   0.00    278     11  447.4  447.4  447.4
   72.0  18726  -61.6  -90.2      1   0.00    290      6  448.7  448.7  448.7
   71.0  18812  -61.7  -89.8      1   0.00    105      1  450.3  450.3  450.3
   70.6  18847  -61.7  -89.7      1   0.00    111      2  450.9  450.9  450.9
   70.0  18900  -61.7  -90.7      1   0.00    120      4  452.0  452.1  452.0
   69.0  18989  -61.4  -90.4      1   0.00    190      1  454.6  454.7  454.6
   68.0  19080  -61.0  -90.0      1   0.00    310      7  457.3  457.3  457.3
   67.7  19107  -60.9  -89.9      1   0.00    325      6  458.1  458.1  458.1
   67.0  19172  -60.6  -89.6      1   0.00      0      5  460.1  460.1  460.1
   66.0  19266  -60.2  -89.2      1   0.00     70      5  462.9  462.9  462.9
   65.7  19294  -60.1  -89.1      1   0.00     79      6  463.8  463.8  463.8
   65.0  19361  -60.1  -89.1      1   0.00    100      8  465.2  465.2  465.2
   64.0  19458  -60.1  -89.1      1   0.00    115      6  467.3  467.3  467.3
   63.0  19556  -60.1  -89.1      1   0.00     60      1  469.4  469.4  469.4
   61.7  19686  -60.1  -89.1      1   0.00     28      5  472.2  472.2  472.2
   61.1  19747  -60.1  -89.1      1   0.00     13      7  473.5  473.5  473.5
   61.0  19758  -60.1  -89.1      1   0.00     10      7  473.8  473.8  473.8
   57.0  20183  -58.8  -88.4      1   0.00     90     14  486.1  486.1  486.1
   56.0  20294  -58.4  -88.3      1   0.00     20      9  489.3  489.3  489.3
   55.1  20396  -58.1  -88.1      1   0.00     35     11  492.3  492.3  492.3
   53.3  20606  -56.7  -86.7      1   0.00     65     15  500.2  500.2  500.2
   53.0  20641  -56.8  -86.7      1   0.00     70     16  500.8  500.8  500.8
   52.0  20762  -57.2  -86.8      1   0.00     80     13  502.7  502.7  502.7
   50.0  21010  -57.9  -86.9      1   0.00     65     10  506.6  506.6  506.6
   49.6  21061  -57.9  -86.9      1   0.00     65     11  507.8  507.8  507.8
   49.0  21138  -57.3  -86.5      1   0.00     65     12  511.0  511.0  511.0
   48.0  21270  -56.2  -85.9      1   0.01     70     11  516.5  516.5  516.5
   47.0  21404  -55.2  -85.3      1   0.01     75     20  522.1  522.2  522.1
   46.0  21541  -54.1  -84.7      1   0.01     80     24  528.0  528.0  528.0
   45.1  21667  -53.1  -84.1      1   0.01     96     20  533.4  533.5  533.4
   44.8  21710  -52.7  -83.7      1   0.01    101     19  535.4  535.4  535.4
   44.0  21825  -53.5  -83.9      1   0.01    115     16  536.1  536.1  536.1
   43.0  21973  -54.6  -84.2      1   0.01    125     16  536.9  537.0  536.9
   42.4  22063  -55.3  -84.3      2   0.01    125     15  537.5  537.5  537.5
   42.0  22123  -55.3  -84.3      2   0.01    125     14  539.0  539.1  539.0
   41.0  22277  -55.2  -84.2      2   0.01    110     11  543.0  543.0  543.0
   40.0  22435  -55.1  -84.1      2   0.01    120     17  547.0  547.1  547.0
   39.0  22596  -55.0  -84.0      2   0.01    120     18  551.3  551.4  551.3
   38.3  22712  -54.9  -83.9      2   0.01    106     19  554.3  554.4  554.3
   38.0  22762  -54.9  -83.9      2   0.01    100     19  555.6  555.7  555.6
   37.0  22933  -54.8  -83.8      2   0.01    110     20  560.2  560.3  560.2
   36.5  23020  -54.7  -83.7      2   0.01    122     15  562.5  562.6  562.5
   36.1  23090  -54.5  -83.5      2   0.01    132     11  564.8  564.9  564.8
   36.0  23108  -54.4  -83.4      2   0.01    135     10  565.4  565.5  565.4
   35.0  23289  -53.8  -82.8      2   0.01     80     16  571.7  571.8  571.7
   34.9  23307  -53.7  -82.7      2   0.01     81     17  572.4  572.5  572.4
   34.1  23456  -53.9  -82.9      2   0.01     89     25  575.6  575.8  575.6
   34.0  23475  -53.9  -82.9      2   0.01     90     26  576.1  576.2  576.1
   33.2  23627  -54.1  -83.1      2   0.01     98     20  579.5  579.6  579.5
   33.0  23666  -54.0  -83.1      2   0.01    100     19  580.8  580.9  580.8
   32.0  23864  -53.4  -82.9      2   0.01     85     13  587.4  587.5  587.4
   31.0  24068  -52.9  -82.8      2   0.01     90     19  594.3  594.4  594.3
   30.7  24131  -52.7  -82.7      1   0.01     90     20  596.4  596.5  596.4
   30.0  24280  -52.1  -82.1      2   0.02     90     22  602.0  602.1  602.0
   29.0  24500  -51.6  -81.6      2   0.02     70      6  609.3  609.5  609.3
   28.0  24727  -51.0  -81.0      2   0.02     65     18  617.0  617.2  617.0
   27.1  24939  -50.5  -80.5      2   0.02     96     27  624.2  624.4  624.2
   27.0  24963  -50.5  -80.4      2   0.02    100     28  624.9  625.1  624.9
   25.8  25259  -50.7  -79.7      2   0.03     79     22  632.5  632.8  632.5
   25.0  25464  -50.3  -79.3      2   0.03     65     17  639.4  639.7  639.4
   24.3  25649  -49.9  -78.9      2   0.03     82     22  645.7  646.0  645.7
   24.0  25730  -49.6  -78.8      2   0.03     90     24  648.8  649.1  648.8
   23.0  26009  -48.7  -78.7      2   0.04     85     21  659.5  659.8  659.5
   22.0  26302  -48.0  -78.0      2   0.04     75     21  670.0  670.4  670.0
   21.0  26608  -47.3  -77.3      2   0.05     80     26  681.2  681.6  681.2
   20.0  26930  -46.5  -76.5      2   0.06     80     30  693.1  693.7  693.1
   19.0  27271  -46.2  -76.2      2   0.06     95     28  704.3  705.0  704.4
   18.8  27341  -46.1  -76.1      2   0.07     94     27  706.7  707.4  706.7
   18.0  27630  -46.2  -75.6      2   0.07     90     21  715.1  715.9  715.1
   17.6  27779  -46.3  -75.3      2   0.08     84     23  719.5  720.3  719.5
   17.5  27817  -46.3  -75.3      2   0.08     83     23  720.7  721.5  720.7
   17.0  28010  -46.1  -75.1      2   0.08     75     25  727.3  728.2  727.3
   16.0  28416  -45.1  -74.1      2   0.10     85     30  743.3  744.4  743.3
   15.0  28848  -44.0  -73.0      3   0.13     95     25  760.7  762.1  760.8
   14.2  29215  -43.1  -72.1      3   0.16     87     27  775.8  777.5  775.9
   14.0  29310  -43.2  -72.2      3   0.16     85     27  778.7  780.5  778.8
   13.0  29809  -43.5  -72.5      3   0.16     90     30  794.2  796.1  794.3
   12.0  30348  -43.1  -72.1      3   0.19     90     29  813.9  816.0  814.0
   11.9  30404  -43.1  -72.1      3   0.19     90     29  816.0  818.1  816.0
   11.0  30935  -42.6  -70.7      3   0.25     90     30  836.5  839.4  836.6
   10.9  30996  -42.5  -70.5      3   0.26     90     30  838.9  841.9  839.0
   10.0  31580  -41.3  -70.3      3   0.29     85     29  864.2  867.8  864.4
    9.0  32303  -38.6  -68.7      3   0.41     85     36  901.1  906.2  901.3
    8.3  32858  -36.5  -67.5      3   0.52     85     40  930.4  937.1  930.7
    8.0  33113  -35.9  -66.9      3   0.59     85     42  942.6  950.2  942.9
    7.9  33201  -35.7  -66.7      3   0.61                946.8  954.8  947.1
    7.7  33379  -36.3  -66.3      3   0.67                951.3  960.0  951.7