-----------------------------------------------------------------------------
   PRES   HGHT   TEMP   DWPT   RELH   MIXR   DRCT   SKNT   THTA   THTE   THTV
    hPa     m      C      C      %    g/kg    deg   knot     K      K      K 
-----------------------------------------------------------------------------
 1000.0     98                                                               
  925.0    783                                                               
  873.0   1289   19.6   10.6     56   9.27     75      1  304.3  332.4  306.0
  865.0   1367   21.0    9.0     46   8.40    215      5  306.6  332.3  308.1
  857.0   1446   22.4    7.4     38   7.59    240      6  308.9  332.4  310.3
  852.0   1496   22.0    7.0     38   7.41    255      6  308.9  332.0  310.3
  850.0   1516   21.8    6.8     38   7.34    260      6  309.0  331.8  310.3
  844.0   1577   21.2    6.2     38   7.09    263      6  309.0  331.0  310.3
  841.0   1608   21.2    5.7     37   6.89    265      6  309.2  330.7  310.5
  831.0   1712   21.0    4.2     33   6.24      0      0  310.1  329.8  311.3
  830.0   1722   21.0    4.0     33   6.18      9      1  310.2  329.7  311.4
  824.0   1785   21.2    3.2     31   5.88     66      4  311.1  329.7  312.2
  823.0   1795   21.1    3.0     30   5.79     75      4  311.1  329.4  312.2
  818.0   1848   20.8    1.8     28   5.36     75      3  311.3  328.4  312.3
  812.0   1912   21.0    2.0     28   5.47     75      2  312.2  329.6  313.2
  804.0   1997   20.5    0.8     27   5.07     60      3  312.5  328.7  313.5
  800.0   2040   20.2    0.2     26   4.88     68      2  312.7  328.3  313.6
  794.0   2105   19.7    0.2     27   4.91     80      1  312.8  328.6  313.7
  788.0   2170   19.2    0.2     28   4.95     20      0  312.9  328.9  313.9
  786.0   2192   19.1   -0.1     28   4.86      0      0  313.0  328.6  313.9
  776.0   2302   18.4   -1.6     26   4.40     39      2  313.5  327.7  314.3
  768.0   2390   17.8   -1.7     26   4.42     70      3  313.8  328.1  314.6
  760.0   2480   17.3   -1.8     27   4.44     90      4  314.1  328.5  314.9
  759.0   2491   17.2   -1.8     27   4.44     79      4  314.1  328.5  315.0
  752.0   2570   16.7   -2.3     27   4.33      5      3  314.5  328.6  315.3
  745.0   2650   16.3   -2.7     27   4.22     35      2  314.8  328.6  315.6
  744.0   2661   16.2   -2.8     27   4.20     29      2  314.9  328.6  315.7
  738.0   2729   15.6   -3.0     28   4.17    355      3  314.9  328.5  315.7
  715.0   2996   13.2   -3.8     30   4.04    320      3  315.1  328.4  315.9
  709.0   3067   12.6   -4.1     31   4.01    345      5  315.2  328.3  316.0
  702.0   3151   11.8   -4.3     32   3.97    335      5  315.3  328.3  316.0
  700.0   3175   11.6   -4.4     32   3.96    330      5  315.3  328.3  316.1
  694.0   3247   11.1   -4.5     33   3.95    325      3  315.5  328.4  316.3
  687.0   3331   10.5   -4.7     34   3.94    340      4  315.7  328.7  316.5
  668.0   3564    8.8   -5.2     37   3.91    314      9  316.4  329.2  317.1
  646.0   3839    7.0   -8.0     33   3.26    282     15  317.4  328.3  318.0
  641.0   3903    6.5   -8.1     34   3.25    275     16  317.5  328.4  318.1
  621.0   4162    4.4   -8.6     38   3.23    266     17  318.0  328.8  318.6
  618.0   4201    4.1   -9.0     38   3.14    265     17  318.1  328.7  318.8
  605.0   4373    2.9  -10.8     36   2.78    260     22  318.6  328.1  319.2
  598.0   4468    2.2  -11.8     35   2.60    256     22  318.9  327.8  319.4
  588.0   4603    1.0  -12.2     37   2.57    250     23  319.1  327.8  319.6
  566.0   4908   -1.6  -13.1     41   2.48    265     28  319.5  328.0  320.0
  560.0   4993   -2.3  -13.3     43   2.46    265     28  319.6  328.1  320.1
  548.0   5164   -3.6  -14.6     42   2.26    265     30  320.1  327.9  320.5
  547.0   5179   -3.7  -14.7     42   2.25    265     30  320.1  327.9  320.6
  541.0   5265   -4.5  -15.1     43   2.20    265     29  320.2  327.8  320.7
  516.0   5635   -7.7  -16.9     48   1.99    270     32  320.7  327.6  321.1
  513.0   5681   -8.1  -17.1     48   1.96    272     31  320.7  327.5  321.1
  509.0   5741   -8.3  -17.3     48   1.94    274     30  321.2  328.0  321.6
  502.0   5849   -7.5  -29.5     15   0.67    279     29  323.5  325.9  323.6
  500.0   5880   -7.5  -33.5     10   0.46    280     28  323.8  325.6  323.9
  495.0   5958   -7.9  -39.9      6   0.24    280     26  324.3  325.2  324.3
  494.0   5974   -7.7  -40.7      5   0.22    280     25  324.7  325.6  324.8
  493.0   5990   -7.6  -40.2      5   0.23    280     25  325.0  325.9  325.0
  487.0   6085   -7.3  -37.3      7   0.32    290     27  326.5  327.8  326.6
  482.0   6166   -7.9  -36.6      8   0.35    285     29  326.8  328.2  326.9
  476.0   6263   -8.5  -35.8      9   0.38    280     29  327.1  328.6  327.2
  471.0   6345   -9.1  -35.1     10   0.41    284     28  327.4  329.0  327.5
  454.0   6629  -11.3  -32.4     16   0.56    300     26  328.1  330.2  328.2
  449.0   6714  -12.0  -31.6     18   0.61    305     27  328.2  330.6  328.4
  447.0   6749  -12.3  -31.3     19   0.63    304     27  328.3  330.7  328.4
  436.0   6939  -13.4  -34.2     16   0.49    300     29  329.3  331.2  329.4
  435.0   6957  -13.5  -34.5     15   0.47    301     29  329.4  331.2  329.5
  417.0   7277  -16.1  -34.1     20   0.51    313     26  330.0  332.0  330.1
  414.0   7332  -16.5  -34.8     19   0.48    315     25  330.2  332.1  330.3
  409.0   7423  -17.2  -36.0     18   0.43    315     26  330.5  332.2  330.6
  408.0   7442  -17.3  -36.3     17   0.42    314     26  330.5  332.2  330.6
  401.0   7571  -18.4  -36.5     19   0.42    310     25  330.8  332.5  330.9
  400.0   7590  -18.5  -36.5     19   0.42    310     25  330.9  332.5  330.9
  396.0   7665  -19.1  -36.1     21   0.44    310     24  331.0  332.8  331.1
  388.0   7815  -20.4  -37.1     21   0.41    310     28  331.3  332.9  331.4
  369.0   8185  -23.5  -39.5     22   0.34    298     29  331.9  333.3  332.0
  364.0   8283  -24.3  -39.9     22   0.33    295     29  332.1  333.4  332.2
  360.0   8363  -25.0  -40.2     23   0.32    295     28  332.3  333.6  332.4
  348.0   8607  -27.0  -41.3     25   0.30    295     27  332.8  334.0  332.8
  340.0   8775  -28.4  -42.0     26   0.28    295     27  333.1  334.2  333.1
  334.0   8904  -29.5  -42.5     27   0.27    300     27  333.3  334.4  333.4
  328.0   9032  -30.4  -43.4     27   0.25    305     27  333.8  334.8  333.9
  325.0   9098  -30.8  -43.8     27   0.24    300     27  334.1  335.1  334.1
  322.0   9163  -31.3  -44.3     27   0.23    300     27  334.3  335.3  334.4
  321.0   9185  -31.5  -44.5     26   0.23    300     27  334.4  335.3  334.4
  304.0   9568  -34.3  -48.3     23   0.16    292     27  335.6  336.3  335.7
  300.0   9660  -35.1  -48.1     25   0.16    290     27  335.8  336.5  335.8
  293.0   9823  -36.5  -49.5     25   0.14    287     28  336.1  336.7  336.1
  289.0   9918  -37.2  -50.2     25   0.13    285     28  336.5  337.0  336.5
  282.0  10087  -38.3  -51.3     24   0.12    285     30  337.1  337.6  337.2
  281.0  10111  -38.5  -51.5     24   0.12    285     31  337.2  337.7  337.3
  279.0  10159  -38.9  -51.7     25   0.12    285     32  337.3  337.8  337.4
  272.0  10332  -40.4  -52.4     26   0.11    285     32  337.7  338.2  337.7
  266.0  10483  -41.6  -53.1     28   0.10    280     34  338.0  338.4  338.0
  262.0  10586  -42.5  -53.5     29   0.10    287     35  338.2  338.6  338.2
  260.0  10637  -42.9  -54.1     28   0.09    290     35  338.4  338.8  338.4
  254.0  10794  -43.9  -55.9     25   0.08    295     33  339.1  339.5  339.1
  250.0  10900  -44.9  -56.9     25   0.07    295     34  339.2  339.5  339.2
  248.0  10953  -45.2  -57.2     25   0.07    295     34  339.5  339.8  339.5
  245.0  11034  -45.7  -57.7     25   0.06    295     35  340.0  340.2  340.0
  240.0  11171  -46.5  -58.5     24   0.06    292     35  340.8  341.0  340.8
  236.0  11283  -46.9  -60.9     19   0.04    290     35  341.8  342.0  341.8
  227.0  11538  -49.0  -61.4     22   0.04    295     34  342.4  342.6  342.4
  225.0  11596  -49.5  -61.5     23   0.04    296     34  342.5  342.7  342.5
  219.0  11772  -50.3  -63.2     21   0.04    300     36  343.9  344.0  343.9
  211.0  12013  -51.5  -65.4     17   0.03    295     36  345.8  345.9  345.8
  204.0  12232  -52.5  -67.5     15   0.02    292     39  347.5  347.6  347.5
  200.0  12360  -53.1  -68.1     14   0.02    290     41  348.5  348.6  348.5
  199.0  12392  -53.3  -68.3     14   0.02    290     42  348.7  348.8  348.7
  196.0  12490  -53.5  -68.5     14   0.02    290     43  349.9  350.0  349.9
  195.0  12523  -53.7  -68.7     14   0.02    290     44  350.1  350.2  350.1
  194.0  12556  -53.7  -68.7     14   0.02    290     44  350.6  350.7  350.6
  193.0  12590  -53.7  -68.7     14   0.02    290     43  351.1  351.2  351.1
  192.0  12623  -53.7  -68.9     14   0.02    290     41  351.6  351.7  351.6
  187.0  12793  -53.7  -69.7     12   0.02    284     37  354.3  354.4  354.3
  180.0  13037  -54.8  -70.5     13   0.02    275     31  356.4  356.4  356.4
  178.0  13109  -55.2  -70.7     13   0.02    270     33  356.9  357.0  356.9
  176.0  13181  -55.5  -70.9     13   0.02    275     33  357.6  357.6  357.6
  173.0  13291  -56.0  -71.2     13   0.01    270     31  358.5  358.5  358.5
  169.0  13441  -56.7  -71.7     13   0.01    275     30  359.7  359.8  359.7
  162.0  13707  -58.6  -73.6     13   0.01    265     34  361.0  361.0  361.0
  159.0  13825  -59.4  -74.4     13   0.01    265     35  361.5  361.6  361.5
  157.0  13905  -59.9  -74.9     12   0.01    270     33  361.9  361.9  361.9
  155.0  13985  -60.5  -75.5     12   0.01    275     35  362.2  362.3  362.2
  153.0  14066  -60.7  -75.7     12   0.01    275     36  363.2  363.3  363.2
  151.0  14149  -60.4  -76.1     11   0.01    275     37  365.1  365.1  365.1
  150.0  14190  -60.3  -76.3     11   0.01    275     38  366.0  366.0  366.0
  149.0  14232  -60.1  -76.4     10   0.01    275     38  367.1  367.1  367.1
  143.0  14489  -58.8  -76.8      8   0.01    290     30  373.7  373.7  373.7
  142.0  14533  -58.5  -76.9      8   0.01    285     26  374.8  374.9  374.8
  140.0  14622  -58.1  -77.1      7   0.01    282     28  377.1  377.2  377.1
  136.0  14804  -58.9  -79.0      6   0.01    275     32  378.9  378.9  378.9
  134.0  14897  -59.3  -80.0      5   0.00    275     35  379.8  379.8  379.8
  133.0  14943  -59.5  -80.5      5   0.00    276     34  380.2  380.2  380.2
  129.0  15134  -59.8  -82.4      4   0.00    280     29  383.0  383.0  383.0
  128.0  15183  -59.9  -82.9      3   0.00    280     30  383.7  383.7  383.7
  127.0  15232  -59.8  -82.8      4   0.00    280     31  384.8  384.8  384.8
  125.0  15331  -59.5  -82.5      4   0.00    280     30  387.0  387.0  387.0
  124.0  15381  -59.8  -83.0      3   0.00    280     28  387.4  387.5  387.4
  122.0  15482  -60.3  -84.1      3   0.00    270     26  388.3  388.3  388.3
  120.0  15585  -60.8  -85.2      3   0.00    265     29  389.2  389.2  389.2
  118.0  15690  -61.3  -86.3      2   0.00    265     29  390.1  390.1  390.1
  112.0  16012  -62.2  -89.2      2   0.00    285     23  394.3  394.3  394.3
  110.0  16123  -62.5  -90.2      1   0.00    285     23  395.7  395.7  395.7
  109.0  16180  -62.7  -90.7      1   0.00    290     23  396.4  396.4  396.4
  108.0  16236  -62.5  -90.5      1   0.00    295     24  397.9  397.9  397.9
  107.0  16294  -62.4  -90.4      1   0.00    300     24  399.1  399.1  399.1
  106.0  16352  -62.3  -90.3      1   0.00    303     23  400.4  400.4  400.4
  105.0  16410  -62.5  -90.5      1   0.00    307     21  401.1  401.1  401.1
  101.0  16649  -63.3  -91.3      1   0.00    321     15  404.0  404.0  404.0
  100.0  16710  -63.7  -91.7      1   0.00    325     14  404.4  404.4  404.4
   99.0  16772  -63.9  -91.5      1   0.00    325     11  405.3  405.3  405.3
   97.3  16878  -64.1  -91.1      1   0.00    305     10  406.8  406.8  406.8
   96.5  16929  -64.3  -92.3      1   0.00    295      9  407.4  407.4  407.4
   95.4  16999  -64.1  -92.1      1   0.00    282      8  409.1  409.1  409.1
   94.0  17089  -63.9  -91.9      1   0.00    265      7  411.1  411.1  411.1
   93.7  17109  -63.9  -91.9      1   0.00    260      8  411.6  411.6  411.6
   92.0  17221  -64.3  -92.0      1   0.00    230     12  412.9  412.9  412.9
   88.2  17479  -65.3  -92.3      1   0.00    258     16  415.9  416.0  415.9
   86.6  17590  -65.5  -92.5      1   0.00    270     17  417.7  417.7  417.7
   84.0  17778  -63.9  -91.8      1   0.00    290     20  424.5  424.6  424.5
   81.0  18001  -62.1  -91.0      1   0.00    345     15  432.8  432.8  432.8
   80.7  18024  -61.9  -90.9      1   0.00    352     14  433.6  433.6  433.6
   79.0  18156  -60.7  -89.7      1   0.00     30     11  438.7  438.7  438.7
   77.8  18252  -59.9  -88.9      1   0.00     65     10  442.3  442.4  442.3
   75.0  18480  -60.5  -89.0      1   0.00    150      7  445.8  445.9  445.8
   72.0  18735  -61.1  -89.1      1   0.00    200     14  449.8  449.8  449.8
   71.8  18752  -61.1  -89.1      1   0.00    204     14  450.1  450.1  450.1
   70.3  18883  -60.9  -88.9      1   0.00    234     11  453.2  453.2  453.2
   70.0  18910  -60.9  -88.9      1   0.00    240     10  453.8  453.8  453.8
   68.1  19080  -61.5  -89.5      1   0.00    278      1  456.0  456.1  456.0
   68.0  19089  -61.5  -89.5      1   0.00    280      1  456.2  456.2  456.2
   67.4  19144  -61.7  -89.7      1   0.00    349      3  457.0  457.0  457.0
   67.0  19181  -61.6  -89.6      1   0.00     35      4  458.0  458.0  458.0
   66.0  19274  -61.3  -89.3      1   0.00     60      6  460.6  460.6  460.6
   65.0  19368  -61.0  -89.0      1   0.00     75      4  463.3  463.3  463.3
   64.0  19464  -60.7  -88.7      1   0.00    110      8  466.0  466.0  466.0
   62.8  19582  -60.3  -88.3      1   0.00    164      6  469.4  469.4  469.4
   62.0  19661  -60.0  -88.0      1   0.00    200      4  471.7  471.7  471.7
   61.6  19702  -59.9  -87.9      1   0.00    230      5  472.9  472.9  472.9
   61.0  19763  -59.4  -87.8      1   0.00    275      6  475.2  475.2  475.2
   60.0  19866  -58.7  -87.5      1   0.00    320      6  479.2  479.2  479.2
   59.8  19887  -58.5  -87.5      1   0.00    329      6  480.0  480.0  480.0
   59.0  19971  -58.0  -87.0      1   0.00      5      6  483.1  483.1  483.1
   57.5  20133  -56.9  -85.9      1   0.00    358     10  489.0  489.1  489.0
   57.0  20188  -57.1  -86.0      1   0.00    355     12  489.8  489.8  489.8
   56.0  20299  -57.5  -86.2      1   0.00     10     16  491.4  491.4  491.4
   52.7  20681  -58.9  -86.9      2   0.00     62     19  496.7  496.8  496.7
   51.6  20813  -58.9  -86.9      2   0.00     80     20  499.7  499.8  499.7
   51.0  20886  -58.7  -86.7      2   0.00     90     20  501.9  502.0  501.9
   50.0  21010  -58.3  -86.3      2   0.00     90     15  505.7  505.7  505.7
   49.0  21138  -57.9  -86.2      2   0.00     80     13  509.5  509.6  509.5
   48.0  21268  -57.5  -86.1      2   0.01    105     16  513.5  513.6  513.5
   47.0  21401  -57.1  -86.0      1   0.01     85     15  517.6  517.7  517.6
   46.6  21455  -56.9  -85.9      1   0.01     93     15  519.3  519.3  519.3
   46.0  21537  -56.6  -85.6      1   0.01    105     14  521.9  521.9  521.9
   45.0  21677  -56.2  -85.2      1   0.01    100     11  526.2  526.3  526.2
   44.8  21705  -56.1  -85.1      1   0.01     95     11  527.1  527.2  527.1
   44.0  21820  -56.3  -84.4      2   0.01     75     12  529.4  529.5  529.4
   43.9  21834  -56.3  -84.3      2   0.01     77     12  529.7  529.8  529.7
   43.0  21966  -56.0  -84.3      2   0.01    100     15  533.6  533.7  533.6
   42.0  22116  -55.6  -84.3      2   0.01    100     14  538.1  538.2  538.1
   41.1  22254  -55.3  -84.3      2   0.01     91     18  542.2  542.3  542.3
   40.0  22428  -55.4  -83.9      2   0.01     80     24  546.2  546.3  546.2
   39.0  22589  -55.5  -83.6      2   0.01     85     34  550.0  550.1  550.0
   38.8  22622  -55.5  -83.5      2   0.01     87     33  550.7  550.8  550.8
   38.0  22755  -55.5  -83.5      2   0.01     95     30  554.0  554.1  554.0
   37.9  22772  -55.5  -83.5      2   0.01     95     30  554.5  554.5  554.5
   37.0  22925  -55.4  -83.3      2   0.01     90     25  558.6  558.7  558.7
   36.7  22977  -55.3  -83.3      2   0.01     94     24  560.1  560.2  560.1
   36.0  23100  -55.1  -83.1      2   0.01    105     23  563.8  563.9  563.8
   35.0  23281  -54.7  -82.7      2   0.01     90     22  569.3  569.4  569.3
   34.0  23466  -54.3  -82.3      2   0.01     85     31  575.0  575.1  575.0
   33.9  23485  -54.3  -82.3      2   0.01     86     29  575.6  575.7  575.6
   33.0  23658  -54.4  -82.4      2   0.01     95     15  579.7  579.8  579.7
   32.3  23795  -54.5  -82.5      2   0.01     92     20  583.0  583.1  583.0
   32.0  23855  -54.5  -82.5      2   0.01     90     22  584.6  584.7  584.6
   31.0  24059  -53.9  -82.4      2   0.01     85     29  591.5  591.6  591.5
   30.0  24270  -53.3  -82.3      2   0.02     85     28  598.7  598.9  598.7
   29.9  24292  -53.3  -82.3      2   0.02     86     29  599.3  599.5  599.3
   29.0  24489  -52.9  -81.5      2   0.02     95     35  605.6  605.8  605.6
   28.0  24715  -52.5  -80.7      2   0.02     90     26  612.9  613.1  612.9
   27.6  24808  -52.3  -80.3      2   0.02     92     26  616.0  616.2  616.0
   27.0  24951  -51.6  -80.1      2   0.02     95     27  621.7  622.0  621.8
   26.0  25197  -50.5  -79.8      2   0.03    100     26  631.8  632.0  631.8
   25.2  25400  -49.5  -79.5      2   0.03    112     34  640.2  640.5  640.2
   25.0  25452  -49.4  -79.3      2   0.03    115     36  641.9  642.2  642.0
   24.0  25721  -48.9  -78.6      2   0.04    120     26  650.9  651.3  651.0
   23.0  26001  -48.4  -77.7      2   0.04     80     29  660.5  660.9  660.5
   22.0  26293  -47.8  -76.9      2   0.05     90     36  670.5  671.0  670.6
   21.8  26353  -47.7  -76.7      2   0.05     90     36  672.6  673.1  672.6
   21.0  26599  -48.4  -77.0      2   0.05     90     34  677.8  678.3  677.8
   20.0  26920  -49.3  -77.3      2   0.05    100     35  684.5  685.0  684.5
   19.3  27153  -49.9  -77.9      2   0.05     90     27  689.7  690.1  689.7
   19.2  27187  -49.9  -77.9      2   0.05     88     25  690.7  691.2  690.7
   19.0  27256  -49.7  -77.7      2   0.05     85     23  693.4  694.0  693.5
   18.0  27611  -48.5  -76.9      2   0.06    100     32  707.8  708.5  707.9
   17.0  27987  -47.3  -76.0      2   0.07     80     28  723.4  724.1  723.4
   16.2  28305  -46.3  -75.3      2   0.09     92     35  736.7  737.6  736.8
   16.0  28387  -46.2  -75.2      2   0.09     95     37  739.7  740.6  739.7
   15.0  28817  -45.7  -74.7      2   0.10     90     42  755.1  756.2  755.1
   14.0  29276  -45.2  -74.2      2   0.12    105     49  771.9  773.2  772.0
   13.5  29518  -44.9  -73.9      2   0.13     98     46  780.9  782.3  781.0
   13.0  29769  -45.1  -73.6      3   0.14     90     42  788.6  790.2  788.7
   12.6  29978  -45.3  -73.3      3   0.15     94     44  795.1  796.8  795.1
   12.5  30031  -45.3  -74.3      2   0.13     95     44  796.9  798.4  796.9
   12.0  30304  -44.5  -73.8      2   0.14    100     47  809.1  810.8  809.2
   11.2  30766  -43.1  -73.1      2   0.17     96     47  830.2  832.3  830.3
   11.0  30887  -42.9  -72.8      2   0.19     95     47  835.2  837.4  835.3
   10.0  31530  -41.9  -70.9      3   0.27     95     49  862.0  865.3  862.1
    9.9  31598  -41.7  -70.7      3   0.28     95     48  865.2  868.6  865.4
    9.1  32172  -39.7  -69.7      3   0.35     95     43  894.0  898.4  894.2
    9.0  32247  -39.6  -69.6      3   0.36     95     42  897.3  901.9  897.5
    8.4  32720  -38.7  -68.7      3   0.44     83     45  918.6  924.2  918.8
    8.2  32885  -38.5  -68.5      3   0.46     79     46  925.7  931.6  926.0
    8.1  32970  -38.5  -68.5      3   0.47     77     46  929.0  935.0  929.2
    8.0  33055  -38.5  -68.5      3   0.47     75     47  932.3  938.4  932.5
    7.7  33318  -38.5  -68.5      3   0.49                942.5  948.9  942.8
    7.5  33498  -38.7  -68.7      3   0.49                948.8  955.3  949.1