-----------------------------------------------------------------------------
   PRES   HGHT   TEMP   DWPT   RELH   MIXR   DRCT   SKNT   THTA   THTE   THTV
    hPa     m      C      C      %    g/kg    deg   knot     K      K      K 
-----------------------------------------------------------------------------
 1000.0     32                                                               
  925.0    750                                                               
  872.0   1289   33.8    8.8     21   8.21     25      8  319.2  345.7  320.8
  869.0   1320   33.0    5.0     17   6.33     22      8  318.7  339.3  319.9
  850.0   1516   31.6    7.6     22   7.76      0      9  319.2  344.3  320.7
  791.4   2134   25.1    5.5     28   7.19    330      8  318.8  342.1  320.2
  764.1   2438   21.8    4.4     32   6.92    290      3  318.6  340.9  319.9
  737.6   2743   18.6    3.4     36   6.65    280     13  318.2  339.8  319.5
  712.1   3048   15.4    2.3     41   6.39    265     18  317.9  338.6  319.1
  700.0   3196   13.8    1.8     44   6.27    265     19  317.7  338.0  318.9
  686.9   3353   12.4    1.3     47   6.14    270     20  317.9  337.8  319.1
  662.1   3658    9.7    0.2     52   5.90    265     18  318.2  337.4  319.3
  638.2   3962    7.0   -0.8     57   5.67    255     19  318.5  336.9  319.6
  615.2   4267    4.3   -1.9     64   5.44    250     22  318.7  336.5  319.8
  613.0   4297    4.0   -2.0     65   5.42    250     22  318.7  336.4  319.8
  602.0   4444    2.8   -4.2     60   4.68    250     22  319.0  334.4  319.9
  592.5   4572    2.1   -5.7     57   4.26    250     22  319.6  333.7  320.4
  589.0   4620    1.8   -6.2     55   4.11    251     22  319.8  333.5  320.6
  578.0   4772    0.6   -5.4     64   4.45    253     21  320.2  334.9  321.0
  570.5   4877    0.1   -7.1     59   3.97    255     20  320.8  334.0  321.5
  565.0   4955   -0.3   -8.3     55   3.64    258     20  321.2  333.4  321.9
  555.0   5098   -1.5   -8.5     59   3.65    262     19  321.4  333.7  322.1
  549.1   5182   -2.1   -9.9     55   3.30    265     19  321.7  332.9  322.3
  528.5   5486   -4.2  -14.9     43   2.29    260     22  322.7  330.6  323.1
  526.0   5523   -4.5  -15.5     42   2.19    260     22  322.8  330.4  323.2
  516.0   5674   -5.9  -16.9     42   1.98    260     22  322.9  329.8  323.2
  508.3   5791   -7.0  -18.9     38   1.70    260     22  323.0  329.0  323.3
  500.0   5920   -8.1  -21.1     34   1.43    250     23  323.1  328.2  323.4
  498.0   5951   -8.3  -21.3     34   1.41    251     23  323.2  328.2  323.5
  493.0   6029   -8.7  -19.7     41   1.64    253     22  323.7  329.5  324.0
  488.8   6096   -9.1  -22.5     33   1.30    255     21  324.0  328.7  324.3
  486.0   6140   -9.3  -24.3     28   1.11    255     22  324.3  328.3  324.5
  472.0   6365  -10.5  -20.5     44   1.59    255     25  325.5  331.2  325.8
  469.8   6401  -10.4  -23.7     33   1.21    255     25  326.0  330.4  326.2
  466.0   6464  -10.3  -29.3     19   0.73    252     26  326.9  329.7  327.1
  463.0   6513  -10.5  -31.5     16   0.60    249     27  327.3  329.6  327.4
  452.0   6698  -12.1  -32.1     17   0.58    240     30  327.5  329.7  327.6
  451.5   6706  -12.2  -32.4     17   0.56    240     30  327.6  329.7  327.7
  440.0   6903  -13.3  -38.3     10   0.32    237     30  328.5  329.8  328.6
  436.0   6972  -13.7  -36.7     12   0.38    236     30  328.9  330.4  329.0
  433.8   7010  -14.0  -38.2     11   0.33    235     30  329.0  330.3  329.1
  427.0   7130  -14.9  -42.9      7   0.20    234     30  329.3  330.2  329.4
  400.0   7620  -18.7  -30.7     34   0.75    230     28  330.6  333.4  330.8
  391.0   7789  -20.3  -30.3     40   0.79    224     30  330.7  333.7  330.8
  384.0   7923  -21.1  -32.1     37   0.68    220     32  331.3  333.9  331.5
  383.9   7925  -21.1  -32.1     37   0.68    220     32  331.3  333.9  331.5
  375.0   8097  -22.7  -31.7     44   0.72    223     30  331.5  334.2  331.6
  370.0   8195  -23.3  -36.3     29   0.47    224     28  331.9  333.8  332.0
  368.2   8230  -23.6  -35.6     32   0.50    225     28  332.0  333.9  332.1
  363.0   8335  -24.5  -33.5     43   0.63    223     29  332.1  334.6  332.3
  353.1   8534  -25.6  -46.5     12   0.17    220     30  333.2  333.9  333.3
  341.0   8787  -27.1  -63.1      2   0.02    228     39  334.6  334.7  334.6
  338.6   8839  -27.3  -63.3      2   0.02    230     41  335.0  335.1  335.0
  336.0   8894  -27.5  -63.5      2   0.02    230     41  335.5  335.6  335.5
  334.0   8937  -27.7  -63.7      2   0.02    230     41  335.8  335.9  335.8
  324.5   9144  -29.0  -65.0      2   0.02    230     40  336.7  336.8  336.7
  324.0   9154  -29.1  -65.1      2   0.02    230     40  336.8  336.9  336.8
  310.9   9449  -31.2  -66.3      2   0.02    230     34  337.8  337.9  337.9
  309.0   9491  -31.5  -66.5      2   0.02    231     34  338.0  338.1  338.0
  300.0   9700  -32.5  -67.5      2   0.01    235     35  339.4  339.5  339.5
  297.7   9754  -32.7  -67.3      2   0.01    235     35  339.9  339.9  339.9
  294.0   9842  -33.1  -67.1      2   0.02    239     33  340.6  340.6  340.6
  288.0   9986  -34.1  -68.1      2   0.01    246     29  341.1  341.2  341.1
  285.1  10058  -34.6  -68.5      2   0.01    250     27  341.4  341.4  341.4
  272.8  10363  -37.0  -70.1      2   0.01    245     22  342.3  342.4  342.4
  271.0  10409  -37.3  -70.3      2   0.01    246     21  342.5  342.5  342.5
  260.9  10668  -39.5  -71.7      2   0.01    250     16  343.1  343.1  343.1
  258.0  10746  -40.1  -72.1      2   0.01    249     16  343.2  343.2  343.2
  250.0  10960  -41.7  -73.7      2   0.01    245     15  343.9  344.0  343.9
  249.5  10973  -41.8  -73.8      2   0.01    250     13  344.1  344.1  344.1
  244.0  11124  -42.3  -74.3      2   0.01    248     15  345.4  345.5  345.4
  238.5  11278  -42.9  -74.2      2   0.01    245     18  346.9  346.9  346.9
  236.0  11348  -43.1  -74.1      2   0.01    247     19  347.5  347.6  347.5
  227.8  11582  -44.7  -75.3      2   0.01    255     22  348.6  348.6  348.6
  217.5  11887  -46.9  -76.9      2   0.01    245     19  349.9  350.0  349.9
  207.7  12192  -49.0  -78.4      2   0.00    260     21  351.3  351.3  351.3
  200.0  12440  -50.7  -79.7      2   0.00    295     13  352.3  352.3  352.3
  198.3  12497  -51.2  -80.2      2   0.00    295     14  352.4  352.4  352.4
  198.0  12506  -51.3  -80.3      2   0.00    295     14  352.4  352.4  352.4
  196.0  12572  -51.7  -80.7      2   0.00    295     14  352.8  352.8  352.8
  189.2  12802  -53.2  -81.5      2   0.00    295     13  354.0  354.0  354.0
  186.0  12911  -53.9  -81.9      2   0.00    284     14  354.5  354.5  354.5
  180.4  13106  -55.4  -81.8      2   0.00    265     17  355.2  355.2  355.2
  172.0  13411  -57.7  -81.7      3   0.00    255     15  356.3  356.3  356.3
  163.9  13716  -59.3  -82.4      4   0.00    250     13  358.5  358.5  358.5
  163.0  13750  -59.5  -82.5      4   0.00    251     14  358.8  358.8  358.8
  156.1  14021  -60.4  -81.9      4   0.00    260     23  361.6  361.6  361.6
  150.0  14270  -61.3  -81.3      5   0.00    260     25  364.3  364.3  364.3
  148.7  14326  -61.2  -81.2      5   0.00    255     23  365.3  365.3  365.3
  145.0  14480  -61.1  -81.1      5   0.00    260     24  368.2  368.2  368.2
  141.5  14630  -61.9  -82.6      5   0.00    265     24  369.3  369.3  369.3
  140.0  14696  -62.3  -83.3      4   0.00    264     24  369.8  369.8  369.8
  135.0  14921  -62.1  -83.1      4   0.00    260     23  374.0  374.0  374.0
  134.7  14935  -62.2  -83.2      4   0.00    260     23  374.1  374.1  374.1
  128.1  15240  -63.7  -86.1      3   0.00    295     20  376.7  376.7  376.7
  125.0  15392  -64.5  -87.5      3   0.00    290     20  378.0  378.0  378.0
  122.0  15540  -64.9  -86.9      3   0.00    285     19  379.9  379.9  379.9
  121.9  15545  -64.9  -86.9      3   0.00    285     19  379.9  379.9  379.9
  120.0  15640  -65.3  -87.3      3   0.00    290     14  380.9  380.9  380.9
  115.9  15850  -64.5  -87.1      3   0.00    290     14  386.2  386.2  386.2
  113.0  16006  -63.9  -86.9      3   0.00    293     17  390.1  390.1  390.1
  110.3  16154  -65.2  -89.1      2   0.00    295     19  390.5  390.5  390.5
  110.0  16170  -65.3  -89.3      2   0.00    296     18  390.5  390.5  390.5
  106.0  16395  -66.1  -90.1      2   0.00    315     10  393.1  393.2  393.1
  104.9  16459  -65.4  -89.7      2   0.00    320      7  395.6  395.6  395.6
  101.0  16689  -63.1  -88.1      2   0.00    304     12  404.4  404.4  404.4
  100.0  16750  -62.5  -87.5      2   0.00    300     13  406.7  406.7  406.7
   99.8  16764  -62.5  -87.5      2   0.00    325     10  407.0  407.0  407.0
   98.6  16837  -62.3  -87.3      2   0.00    327      9  408.7  408.7  408.7
   95.8  17014  -63.3  -88.3      2   0.00    333      5  410.1  410.2  410.1
   95.0  17066  -63.1  -88.1      2   0.00    335      4  411.5  411.6  411.5
   94.0  17131  -62.8  -87.8      2   0.00    300      2  413.3  413.3  413.3
   93.0  17197  -62.6  -87.6      2   0.00    290      6  415.1  415.1  415.1
   92.0  17263  -62.3  -87.3      2   0.00    310      5  416.9  416.9  416.9
   90.0  17398  -62.8  -87.6      2   0.00    350      2  418.6  418.6  418.6
   88.0  17535  -63.2  -87.9      2   0.00    165      1  420.4  420.4  420.4
   87.0  17605  -63.5  -88.0      2   0.00    140      4  421.3  421.3  421.3
   86.0  17676  -63.7  -88.2      2   0.00    145      5  422.2  422.2  422.2
   83.0  17894  -64.5  -88.7      2   0.00     55      6  424.9  425.0  424.9
   80.5  18081  -65.1  -89.1      2   0.00    105      4  427.4  427.4  427.4
   79.6  18149  -65.3  -89.3      2   0.00    123      3  428.3  428.3  428.3
   79.0  18196  -65.0  -89.1      2   0.00    135      2  429.9  429.9  429.9
   78.0  18274  -64.5  -88.7      2   0.00     15      3  432.5  432.5  432.5
   77.0  18353  -64.0  -88.3      2   0.00     30      5  435.2  435.2  435.2
   76.0  18434  -63.5  -87.9      2   0.00     25      2  437.9  437.9  437.9
   74.0  18598  -62.4  -87.0      2   0.00    250     11  443.4  443.5  443.4
   73.0  18681  -61.9  -86.6      2   0.00    280      9  446.3  446.3  446.3
   72.0  18766  -61.3  -86.2      2   0.00    265      7  449.2  449.3  449.2
   71.0  18852  -60.8  -85.7      2   0.00    225      7  452.2  452.2  452.2
   70.9  18861  -60.7  -85.7      2   0.00    225      7  452.5  452.6  452.5
   70.0  18940  -60.1  -85.1      2   0.00    225      7  455.5  455.5  455.5
   68.0  19120  -60.8  -85.4      3   0.00    280      4  457.8  457.8  457.8
   66.0  19305  -61.5  -85.8      3   0.00    305     10  460.2  460.2  460.2
   65.0  19400  -61.8  -86.0      3   0.00    300     12  461.5  461.5  461.5
   64.2  19477  -62.1  -86.1      3   0.00    312     11  462.5  462.5  462.5
   64.1  19487  -62.3  -86.3      3   0.00    313     11  462.2  462.3  462.2
   62.0  19694  -61.2  -85.7      3   0.00    345      7  469.0  469.1  469.0
   61.0  19795  -60.7  -85.4      3   0.00     10     10  472.4  472.4  472.4
   60.0  19897  -60.2  -85.1      3   0.00     30      8  475.8  475.9  475.8
   59.5  19949  -59.9  -84.9      2   0.00     30      7  477.6  477.6  477.6
   59.0  20002  -59.7  -84.7      3   0.01     30      5  479.1  479.1  479.1
   58.0  20109  -59.4  -84.4      3   0.01      5      7  482.2  482.2  482.2
   57.7  20141  -59.3  -84.3      3   0.01     12      8  483.1  483.2  483.1
   57.0  20218  -59.6  -84.6      3   0.01     30      9  484.2  484.3  484.2
   56.1  20317  -59.9  -84.9      2   0.01     43     11  485.7  485.7  485.7
   55.4  20396  -60.1  -85.1      2   0.01     54     13  486.9  487.0  486.9
   55.0  20441  -59.8  -84.8      2   0.01     60     14  488.6  488.6  488.6
   52.7  20709  -58.3  -83.3      3   0.01     98      6  498.1  498.2  498.1
   52.0  20793  -58.2  -83.2      3   0.01    110      3  500.3  500.3  500.3
   51.0  20915  -58.0  -83.0      3   0.01     40     12  503.4  503.4  503.4
   50.0  21040  -57.9  -82.9      3   0.01     45     15  506.6  506.7  506.6
   49.3  21129  -57.7  -82.7      3   0.01     50     18  509.1  509.2  509.1
   47.2  21402  -58.9  -82.9      3   0.01     64     25  512.6  512.7  512.6
   47.0  21429  -59.0  -83.0      3   0.01     65     26  513.0  513.1  513.0
   45.6  21618  -59.7  -83.7      3   0.01     72     21  515.8  515.8  515.8
   44.0  21842  -59.0  -83.5      3   0.01     80     15  522.7  522.8  522.7
   43.0  21986  -58.6  -83.4      3   0.01     85     20  527.3  527.3  527.3
   42.4  22074  -58.3  -83.3      3   0.01     73     15  530.0  530.1  530.0
   42.0  22133  -58.3  -83.3      3   0.01     65     12  531.5  531.6  531.5
   41.4  22224  -58.3  -83.3      3   0.01     80     14  533.7  533.8  533.7
   40.0  22440  -58.4  -82.9      3   0.01    115     20  538.7  538.8  538.7
   39.0  22599  -58.5  -82.6      3   0.01    120     17  542.4  542.5  542.4
   38.7  22647  -58.5  -82.5      3   0.01    111     16  543.5  543.6  543.6
   38.2  22729  -58.5  -82.5      3   0.01     96     13  545.6  545.7  545.6
   38.0  22762  -58.4  -82.5      3   0.01     90     12  546.8  546.9  546.8
   37.0  22930  -57.6  -82.2      3   0.01     70     14  552.8  552.9  552.8
   36.3  23050  -57.1  -82.1      3   0.01     79     16  557.2  557.3  557.2
   35.0  23281  -56.2  -81.2      3   0.02     95     21  565.3  565.4  565.3
   34.8  23318  -56.1  -81.1      3   0.02     92     21  566.6  566.7  566.6
   33.0  23654  -56.9  -80.9      3   0.02     65     23  573.1  573.3  573.1
   32.6  23731  -56.9  -80.9      3   0.02     69     26  575.1  575.3  575.1
   32.0  23849  -56.3  -80.8      3   0.02     75     31  579.7  579.9  579.7
   30.0  24260  -54.3  -80.3      3   0.02     75     14  596.0  596.2  596.0
   29.0  24478  -52.9  -78.9      3   0.03     60     16  605.6  605.9  605.6
   28.7  24545  -52.5  -78.5      3   0.03     61     18  608.6  608.8  608.6
   27.0  24940  -52.0  -78.0      3   0.03     65     32  620.6  620.9  620.6
   26.6  25036  -51.9  -77.9      3   0.04     69     30  623.6  623.9  623.6
   26.0  25184  -52.1  -77.8      3   0.04     75     28  627.0  627.3  627.0
   25.0  25438  -52.6  -77.7      3   0.04     80     36  632.9  633.2  632.9
   24.7  25516  -52.7  -77.7      3   0.04     79     32  634.7  635.0  634.7
   24.0  25703  -52.2  -77.3      3   0.04     75     24  641.5  641.9  641.5
   23.0  25979  -51.4  -76.8      3   0.05     80     36  651.6  652.1  651.6
   22.0  26268  -50.5  -76.2      3   0.06     85     30  662.4  663.0  662.4
   21.0  26571  -49.7  -75.6      3   0.06     80     33  673.9  674.5  673.9
   20.8  26633  -49.5  -75.5      3   0.07     82     33  676.3  676.9  676.3
   20.0  26890  -48.7  -74.7      3   0.08     90     32  686.3  687.1  686.4
   18.0  27583  -48.3  -74.3      3   0.09     80     40  708.6  709.5  708.6
   17.0  27960  -47.3  -74.3      3   0.10     85     41  723.5  724.4  723.5
   16.0  28363  -45.3  -73.0      3   0.12     85     29  742.5  743.8  742.6
   15.5  28574  -44.3  -72.3      3   0.14     85     32  752.7  754.2  752.7
   15.0  28794  -44.5  -72.0      3   0.15     85     35  759.1  760.8  759.2
   14.4  29067  -44.7  -71.7      3   0.17     94     39  767.3  769.1  767.4
   14.0  29256  -44.5  -71.5      3   0.18    100     42  774.2  776.1  774.3
   13.6  29450  -44.3  -71.3      3   0.19    100     37  781.3  783.4  781.4
   13.3  29599  -44.1  -71.1      3   0.20    100     32  787.0  789.2  787.1
   13.0  29752  -44.1  -71.1      3   0.20    100     28  792.1  794.4  792.2
   12.5  30015  -44.1  -71.1      3   0.21    107     26  801.1  803.4  801.2
   12.1  30233  -44.3  -70.3      4   0.24    113     24  807.8  810.6  808.0
   12.0  30288  -44.3  -70.3      4   0.24    115     23  809.8  812.5  809.9
   11.9  30345  -44.3  -70.3      4   0.25    112     23  811.7  814.5  811.8
   11.0  30876  -42.5  -69.4      4   0.30     85     28  836.7  840.2  836.9
   10.0  31520  -40.3  -68.3      3   0.39     80     35  868.0  872.6  868.2
    9.8  31658  -40.7  -68.7      3   0.37                871.5  876.0  871.7