-----------------------------------------------------------------------------
   PRES   HGHT   TEMP   DWPT   RELH   MIXR   DRCT   SKNT   THTA   THTE   THTV
    hPa     m      C      C      %    g/kg    deg   knot     K      K      K 
-----------------------------------------------------------------------------
 1000.0     66                                                               
  925.0    755                                                               
  870.0   1289   20.2   13.2     64  11.08    175     11  305.3  338.7  307.3
  865.0   1338   19.4   11.4     60   9.88    168     14  304.9  334.8  306.7
  860.0   1388   19.0   11.3     61   9.89    160     18  305.0  334.9  306.8
  850.0   1488   18.2   11.2     64   9.92    175     17  305.2  335.2  307.0
  849.0   1498   18.1   11.1     64   9.89    170     19  305.2  335.2  307.1
  841.0   1579   17.7   10.7     64   9.67    180     23  305.6  334.9  307.3
  840.0   1589   17.6   10.6     64   9.64    180     24  305.6  334.9  307.4
  827.0   1723   18.4   10.4     60   9.66    173     32  307.8  337.4  309.6
  822.0   1775   18.2    9.2     56   8.96    171     35  308.1  335.7  309.8
  820.0   1796   18.3    9.0     55   8.88    170     36  308.5  335.8  310.1
  815.0   1849   18.6    8.6     52   8.67    166     34  309.3  336.1  310.9
  813.0   1870   18.4    8.4     52   8.58    165     33  309.3  335.9  310.9
  809.0   1912   18.0    8.0     52   8.39    165     32  309.3  335.3  310.9
  791.0   2104   16.4    7.3     55   8.16    165     25  309.6  334.9  311.1
  789.0   2126   16.2    7.2     55   8.14    166     25  309.6  334.9  311.1
  783.0   2191   16.5    7.5     55   8.40    170     23  310.7  336.8  312.2
  782.0   2202   16.6    7.6     55   8.44    170     23  310.8  337.1  312.4
  776.0   2267   16.2    6.2     52   7.72    172     24  311.1  335.2  312.5
  764.0   2399   15.2    5.8     53   7.62    175     26  311.4  335.3  312.9
  755.0   2499   14.5    5.5     55   7.55    170     22  311.7  335.4  313.1
  744.0   2623   13.6    5.1     57   7.46    180     20  312.0  335.4  313.4
  735.0   2726   12.8    4.8     58   7.39    176     20  312.2  335.5  313.6
  733.0   2749   12.7    4.7     58   7.35    175     20  312.4  335.5  313.8
  728.0   2807   12.4    4.4     58   7.25    182     18  312.7  335.5  314.0
  715.0   2958   12.6    2.6     51   6.50    202     12  314.5  335.2  315.7
  713.0   2982   12.5    2.4     50   6.42    205     11  314.7  335.1  315.9
  704.0   3088   12.2    1.4     48   6.06    205      6  315.4  334.9  316.6
  700.0   3136   12.0    1.0     47   5.91    195      5  315.7  334.8  316.9
  697.0   3172   11.8    0.8     47   5.85    201      4  315.9  334.8  317.0
  695.0   3195   11.6    0.8     47   5.85    205      4  315.9  334.8  317.1
  677.0   3410    9.7    0.2     52   5.79    190      9  316.2  334.8  317.3
  667.0   3532    8.6   -0.0     55   5.75    210      6  316.3  334.9  317.4
  659.0   3631    7.7   -0.3     57   5.73    220      8  316.4  334.9  317.5
  650.0   3743    6.7   -0.5     60   5.70    220     13  316.5  334.9  317.6
  641.0   3857    5.7   -0.8     63   5.67    240     13  316.6  334.9  317.7
  631.0   3986    4.5   -1.1     67   5.63    235     16  316.7  334.9  317.8
  623.0   4090    3.6   -1.3     70   5.60    225     15  316.8  334.9  317.9
  615.0   4196    2.6   -1.6     74   5.57    230     17  316.9  334.9  317.9
  590.0   4535   -0.4   -2.4     87   5.48    235     20  317.1  334.9  318.2
  586.0   4591   -0.9   -2.5     89   5.46    236     21  317.2  334.9  318.2
  575.0   4742   -1.8   -3.9     86   5.02    240     24  317.8  334.2  318.8
  560.0   4952   -3.1   -5.8     82   4.45    245     22  318.7  333.4  319.6
  553.0   5051   -3.7   -6.8     79   4.17    240     22  319.1  332.9  319.9
  546.0   5151   -4.3   -7.8     77   3.90    235     22  319.5  332.5  320.3
  539.0   5252   -5.0   -8.9     74   3.64    240     23  319.9  332.1  320.7
  527.0   5428   -6.1  -10.7     70   3.23    240     26  320.7  331.6  321.3
  520.0   5533   -6.8  -11.8     67   3.00    240     25  321.1  331.3  321.7
  514.0   5624   -7.3  -12.7     65   2.81    245     25  321.5  331.1  322.0
  508.0   5716   -7.9  -13.7     63   2.64    245     27  321.9  330.9  322.4
  504.0   5778   -8.3  -14.3     62   2.52    245     26  322.1  330.8  322.6
  502.0   5809   -8.6  -14.6     62   2.47    245     25  322.1  330.6  322.6
  500.0   5840   -8.9  -14.9     62   2.42    245     25  322.1  330.5  322.6
  488.0   6028  -10.4  -15.5     66   2.35    245     28  322.5  330.6  323.0
  481.0   6140  -11.3  -15.9     69   2.31    245     31  322.8  330.8  323.2
  480.0   6155  -11.4  -16.4     67   2.23    245     32  322.8  330.6  323.3
  473.0   6268  -12.0  -19.8     52   1.70    245     35  323.4  329.4  323.8
  467.0   6365  -12.5  -22.7     42   1.33    235     33  324.0  328.7  324.2
  461.0   6464  -13.1  -25.7     34   1.03    240     39  324.5  328.2  324.7
  450.0   6648  -14.1  -31.2     22   0.63    245     37  325.5  327.9  325.6
  441.0   6803  -14.9  -35.9     15   0.41    241     40  326.3  327.9  326.4
  432.0   6959  -14.3  -46.3      5   0.14    237     42  329.0  329.6  329.0
  429.0   7012  -14.5  -47.5      4   0.12    236     43  329.4  329.9  329.4
  427.0   7047  -14.7  -47.3      4   0.13    235     44  329.6  330.1  329.6
  413.0   7299  -16.3  -45.9      6   0.15    230     39  330.7  331.3  330.7
  401.0   7521  -17.7  -44.7      8   0.18    230     37  331.7  332.4  331.7
  400.0   7540  -17.9  -44.9      7   0.18    230     37  331.6  332.4  331.7
  394.0   7652  -18.9  -43.8      9   0.20    230     38  331.8  332.6  331.8
  380.0   7919  -21.3  -41.3     15   0.27    230     38  332.1  333.1  332.1
  367.0   8173  -23.9  -35.5     33   0.51    230     38  331.9  333.9  332.0
  362.0   8273  -24.9  -33.2     46   0.65    230     38  331.9  334.4  332.0
  360.0   8314  -25.3  -32.3     52   0.71    230     38  331.9  334.6  332.0
  356.0   8394  -26.0  -33.8     48   0.62    230     37  332.0  334.4  332.1
  351.0   8496  -26.9  -35.6     43   0.53    230     33  332.2  334.2  332.3
  345.0   8620  -27.9  -37.9     38   0.43    225     31  332.4  334.1  332.5
  340.0   8724  -28.7  -37.1     44   0.47    220     30  332.7  334.5  332.8
  330.0   8936  -30.3  -35.5     61   0.57    215     28  333.3  335.5  333.4
  329.0   8958  -30.5  -35.3     63   0.58    213     29  333.4  335.6  333.5
  321.0   9132  -29.5  -32.9     72   0.75    200     41  337.1  340.0  337.3
  320.0   9155  -29.5  -32.9     72   0.75    201     42  337.4  340.3  337.6
  312.0   9334  -30.9  -34.4     71   0.67    206     46  337.9  340.5  338.0
  300.0   9610  -33.1  -36.7     70   0.55    215     52  338.6  340.8  338.7
  297.0   9681  -33.5  -37.1     70   0.53    215     52  339.0  341.1  339.1
  293.0   9776  -34.1  -37.7     70   0.51    215     50  339.5  341.5  339.6
  280.0  10093  -36.5  -40.2     69   0.41    215     58  340.4  342.1  340.5
  279.0  10118  -36.7  -40.4     68   0.41    215     59  340.5  342.2  340.6
  273.0  10268  -37.8  -41.6     67   0.36    215     62  341.1  342.6  341.1
  266.0  10447  -39.1  -43.1     66   0.32    215     63  341.7  343.0  341.8
  265.0  10473  -39.3  -43.3     66   0.31    215     63  341.7  343.0  341.8
  258.0  10655  -41.0  -45.0     65   0.27    215     61  341.9  343.1  342.0
  252.0  10816  -42.4  -46.5     64   0.23    215     62  342.1  343.1  342.1
  250.0  10870  -42.9  -47.0     64   0.22    215     63  342.1  343.1  342.2
  244.0  11033  -44.3  -48.4     64   0.19    215     64  342.4  343.3  342.5
  237.0  11227  -46.0  -49.8     65   0.17    215     66  342.8  343.5  342.8
  234.0  11312  -46.7  -50.5     65   0.16    215     67  342.9  343.6  342.9
  230.0  11426  -47.7  -51.3     66   0.15    217     66  343.1  343.7  343.1
  221.0  11688  -49.1  -54.1     56   0.11    220     65  344.8  345.3  344.9
  218.0  11778  -49.6  -55.1     52   0.10    225     67  345.4  345.9  345.5
  215.0  11869  -50.1  -56.1     49   0.09    227     66  346.1  346.4  346.1
  201.0  12308  -51.3  -63.3     23   0.04    234     59  350.9  351.1  350.9
  200.0  12340  -51.3  -63.3     23   0.04    235     59  351.4  351.6  351.4
  198.0  12405  -51.5  -64.3     20   0.03    240     57  352.0  352.1  352.0
  193.0  12571  -52.2  -66.8     16   0.02    235     52  353.6  353.7  353.6
  192.0  12605  -52.3  -67.3     15   0.02    235     52  353.9  354.0  353.9
  191.0  12639  -52.4  -67.5     15   0.02    235     52  354.2  354.4  354.2
  188.0  12741  -52.7  -68.1     14   0.02    240     54  355.3  355.4  355.3
  186.0  12810  -53.0  -68.5     13   0.02    240     52  356.1  356.2  356.1
  181.0  12986  -53.5  -69.5     12   0.02    235     49  357.9  358.0  357.9
  178.0  13093  -54.0  -70.6     11   0.02    235     48  358.9  359.0  358.9
  176.0  13166  -54.3  -71.3     11   0.01    240     49  359.5  359.6  359.5
  174.0  13238  -54.6  -71.7     10   0.01    245     50  360.1  360.2  360.1
  163.0  13654  -56.6  -74.2      9   0.01    260     37  363.6  363.7  363.6
  157.0  13892  -57.7  -75.6      9   0.01    260     31  365.6  365.7  365.6
  154.0  14015  -58.3  -76.3      8   0.01    260     30  366.7  366.7  366.7
  150.0  14180  -59.1  -74.1     13   0.01    250     22  368.1  368.1  368.1
  147.0  14306  -59.9  -75.9     11   0.01    239     23  368.8  368.9  368.8
  146.0  14349  -60.2  -76.0     11   0.01    235     23  369.0  369.1  369.0
  144.0  14435  -60.8  -76.3     11   0.01    230     23  369.5  369.6  369.5
  142.0  14521  -61.3  -76.6     11   0.01    235     25  370.0  370.0  370.0
  140.0  14610  -61.9  -76.9     12   0.01    236     23  370.5  370.5  370.5
  136.0  14789  -62.3  -77.3     12   0.01    239     20  372.9  372.9  372.9
  134.0  14880  -62.5  -77.5     12   0.01    240     18  374.1  374.1  374.1
  129.0  15115  -61.9  -77.9     10   0.01    215     22  379.2  379.3  379.2
  126.0  15260  -62.1  -78.1     10   0.01    200     25  381.4  381.5  381.4
  121.0  15510  -62.4  -78.4     10   0.01    205     30  385.3  385.3  385.3
  120.0  15562  -62.5  -78.5     10   0.01    209     28  386.1  386.1  386.1
  112.0  15986  -63.5  -80.5      8   0.01    241     13  391.9  391.9  391.9
  110.0  16097  -63.9  -80.9      8   0.01    250      9  393.2  393.2  393.2
  108.0  16209  -64.3  -81.3      8   0.01    235      8  394.5  394.5  394.5
  107.0  16266  -64.5  -81.5      8   0.00    223     10  395.1  395.2  395.1
  106.0  16323  -64.5  -81.5      8   0.00    210     13  396.2  396.2  396.2
  103.0  16499  -64.1  -81.1      8   0.01    230     18  400.2  400.2  400.2
  100.0  16680  -63.7  -80.7      8   0.01    240     18  404.4  404.4  404.4
   97.0  16867  -63.0  -80.0      8   0.01    255     16  409.2  409.3  409.2
   95.6  16956  -62.7  -79.7      8   0.01    239     12  411.6  411.6  411.6
   93.0  17125  -63.2  -80.5      8   0.01    210      5  413.8  413.8  413.8
   91.0  17259  -63.6  -81.1      8   0.01    245      3  415.6  415.6  415.6
   90.0  17326  -63.8  -81.4      7   0.01    275      4  416.5  416.5  416.5
   87.0  17534  -64.5  -82.4      7   0.01    250      5  419.2  419.3  419.2
   86.0  17605  -64.7  -82.7      7   0.01    205      4  420.2  420.2  420.2
   85.0  17677  -64.2  -82.3      7   0.01    205      7  422.7  422.7  422.7
   82.0  17897  -62.5  -81.2      6   0.01    250     10  430.5  430.6  430.5
   81.0  17973  -61.9  -80.8      6   0.01    270      8  433.2  433.3  433.2
   80.7  17996  -61.7  -80.7      6   0.01    262      8  434.0  434.1  434.0
   79.0  18128  -61.3  -81.0      6   0.01    215      6  437.6  437.6  437.6
   78.0  18207  -61.0  -81.2      5   0.01    195     12  439.8  439.8  439.8
   77.0  18287  -60.7  -81.3      5   0.01    205     13  441.9  442.0  441.9
   74.0  18534  -59.9  -81.9      4   0.01    272      6  448.7  448.8  448.7
   73.0  18619  -60.1  -82.4      4   0.01    295      3  449.9  450.0  449.9
   72.0  18705  -60.4  -82.9      4   0.01    345      6  451.2  451.2  451.2
   71.0  18792  -60.6  -83.4      4   0.01     15      7  452.5  452.5  452.5
   70.0  18880  -60.9  -83.9      3   0.01     35      7  453.8  453.8  453.8
   66.0  19244  -61.7  -85.3      3   0.00    105     17  459.6  459.7  459.6
   64.0  19434  -62.2  -86.1      3   0.00    135     11  462.7  462.8  462.7
   63.4  19492  -62.3  -86.3      3   0.00    134     10  463.7  463.7  463.7
   62.0  19631  -61.5  -86.4      2   0.00    130      8  468.4  468.4  468.4
   59.0  19941  -59.7  -86.7      2   0.00    175     18  479.1  479.1  479.1
   58.0  20047  -59.1  -86.8      2   0.00    180     13  482.8  482.8  482.8
   57.0  20156  -58.5  -86.9      1   0.00    175     11  486.6  486.6  486.6
   56.0  20266  -57.9  -87.0      1   0.00    170     12  490.5  490.6  490.5
   54.8  20401  -57.1  -87.1      1   0.00    164      5  495.3  495.4  495.3
   54.0  20494  -57.2  -87.2      1   0.00    160      1  497.1  497.1  497.1
   53.6  20541  -57.3  -87.3      1   0.00    132      3  498.0  498.1  498.0
   53.0  20612  -57.2  -87.2      1   0.00     90      6  499.9  499.9  499.9
   50.0  20980  -56.5  -86.5      1   0.00    160     11  509.9  509.9  509.9
   48.0  21239  -55.9  -85.9      1   0.01    190      3  517.3  517.3  517.3
   46.6  21428  -55.5  -85.5      1   0.01    103      8  522.7  522.7  522.7
   46.1  21496  -55.5  -85.5      1   0.01     71     10  524.3  524.3  524.3
   46.0  21510  -55.5  -85.5      1   0.01     65     10  524.6  524.6  524.6
   44.0  21793  -55.8  -85.8      1   0.01    100     15  530.6  530.7  530.6
   43.0  21939  -55.9  -85.9      1   0.01    105     13  533.8  533.9  533.8
   41.9  22104  -56.3  -86.3      1   0.01     94     11  536.8  536.9  536.8
   41.0  22242  -56.0  -86.0      1   0.01     85     10  540.8  540.9  540.8
   39.0  22560  -55.4  -85.4      1   0.01     75     15  550.2  550.3  550.2
   38.1  22709  -55.1  -85.1      1   0.01     93     14  554.6  554.7  554.6
   38.0  22726  -55.0  -85.1      1   0.01     95     14  555.2  555.2  555.2
   36.0  23074  -54.0  -84.2      1   0.01    115     13  566.5  566.6  566.5
   35.0  23256  -53.5  -83.8      1   0.01     80     10  572.5  572.6  572.5
   34.0  23443  -52.9  -83.4      1   0.01    105     14  578.7  578.8  578.7
   33.0  23635  -52.3  -82.9      1   0.01     65     14  585.2  585.3  585.2
   32.0  23834  -51.7  -82.5      1   0.01     90     21  592.0  592.1  592.0
   31.0  24039  -51.1  -82.0      1   0.02     85     14  599.0  599.1  599.0
   30.0  24250  -50.5  -81.5      1   0.02     85     17  606.4  606.5  606.4
   29.7  24316  -50.5  -81.5      1   0.02     88     17  608.1  608.3  608.1
   29.0  24471  -50.7  -81.5      1   0.02     95     18  611.8  611.9  611.8
   28.0  24699  -50.9  -81.4      2   0.02     85     22  617.2  617.4  617.2
   26.7  25009  -51.3  -81.3      2   0.02    104     19  624.6  624.8  624.6
   26.0  25181  -51.5  -81.5      2   0.02    115     18  628.8  629.0  628.8
   25.0  25437  -50.5  -80.8      2   0.02     60     13  638.9  639.1  638.9
   23.4  25870  -48.7  -79.7      2   0.03    104     17  656.2  656.5  656.2
   23.0  25983  -48.5  -79.5      2   0.03    115     18  659.9  660.2  660.0
   22.4  26157  -48.3  -79.3      2   0.03     88     23  665.7  666.0  665.7
   22.0  26275  -48.6  -79.3      2   0.03     70     27  668.1  668.5  668.2
   21.0  26580  -49.4  -79.3      2   0.04     85     36  674.6  675.0  674.6
   20.0  26900  -50.3  -79.3      2   0.04     90     29  681.5  681.8  681.5
   19.6  27032  -50.3  -79.3      2   0.04     90     28  685.4  685.8  685.4
   19.0  27235  -50.0  -79.7      2   0.04     90     26  692.3  692.7  692.3
   18.7  27339  -49.9  -79.9      2   0.04     96     25  695.9  696.3  695.9
   18.0  27589  -48.9  -78.9      2   0.04    110     23  706.8  707.3  706.8
   17.5  27774  -48.1  -78.1      2   0.05     88     24  714.9  715.5  715.0
   17.0  27965  -47.7  -77.7      2   0.06     65     25  722.1  722.8  722.2
   16.5  28162  -47.3  -77.3      2   0.06     67     25  729.6  730.3  729.7
   16.0  28365  -47.4  -77.4      2   0.06     70     25  735.7  736.4  735.7
   15.7  28491  -47.5  -77.5      2   0.06     69     24  739.4  740.1  739.5
   15.6  28533  -47.5  -77.5      2   0.06     68     24  740.8  741.5  740.8
   15.0  28794  -46.4  -76.8      2   0.07     65     23  752.7  753.5  752.8
   14.0  29253  -44.5  -75.4      2   0.10     80     30  774.2  775.3  774.2
   13.9  29300  -44.3  -75.3      2   0.10     80     30  776.5  777.6  776.5
   13.0  29750  -43.7  -74.7      2   0.12     85     29  793.6  795.0  793.7
   12.0  30288  -42.9  -73.9      2   0.14     70     30  814.6  816.3  814.7
   11.7  30459  -42.7  -73.7      2   0.15     79     28  821.3  823.1  821.4
   11.1  30814  -42.9  -72.9      2   0.18     97     23  833.1  835.2  833.2
   11.0  30875  -42.9  -72.9      2   0.18    100     22  835.2  837.4  835.3
   10.4  31254  -41.7  -72.7      2   0.20     91     30  853.1  855.5  853.2
   10.0  31520  -40.5  -71.5      2   0.25     85     36  867.2  870.2  867.4
    9.5  31869  -39.9  -70.9      2   0.28     85     35  882.3  885.8  882.5
    9.2  32088  -39.3  -70.3      2   0.32     85     34  892.7  896.7  892.9
    9.0  32238  -39.2  -70.2      2   0.33     85     33  898.6  902.8  898.8
    8.7  32470  -39.1  -70.1      2   0.35     84     31  907.9  912.3  908.0
    8.0  33044  -38.8  -69.1      3   0.43     80     27  931.0  936.6  931.2
    7.7  33305  -38.7  -68.7      3   0.48     81     31  941.7  948.0  942.0
    7.0  33960  -37.1  -68.1      3   0.57     85     40  974.3  982.0  974.6
    6.5  34475  -34.9  -66.9      2   0.73     85     40 1004.4 1014.5 1004.9
    6.1  34919  -33.9  -65.9      2   0.89     85     40 1027.1 1039.6 1027.7
    6.0  35035  -33.7  -65.7      2   0.93     85     40 1032.8 1046.0 1033.4
    5.9  35152  -34.3  -65.3      3   1.00               1035.2 1049.3 1035.8