CampaignData_and_Merges/R0/CSL_MobileLab_Parked/raw/20240731/USOS-NOAAIodideCIMS-PANs_MobileLabGround_20240731_RA.ict
35, 1001
Michael A Robinson, Chris Jernigan, Subi Thakali
NOAA ESRL Chemical Sciences Laboratory and CIRES, U. of Colorado
NOAA Iodide CIMS Instrument
USOS
1, 1
2024, 07, 31, 2024, 08, 01
1
starttime_UTC, seconds_past_midnight, seconds_of_day_since_00:00:00_UTC
3
1, 1, 1
-9999, -9999, -9999
PAN_NOAACIMS, pptv, Gas_PAN_InSitu_S_AVMR, 
APAN_NOAACIMS, pptv, Gas_APAN_InSitu_S_AVMR, 
PPN_NOAACIMS, pptv, Gas_PPN_InSitu_S_AVMR, 
0
18
PI_CONTACT_INFO: 325 Broadway, R/CSD 7, Boulder, Colorado 80305; michael.a.robinson@noaa.gov; chris.jernigan@noaa.gov;
PLATFORM: NOAA CSL Mobile Lab
LOCATION: SLC, Utah
ASSOCIATED_DATA: 1Hz data also available on request.
INSTRUMENT_INFO: NOAA I- ToF CIMS
DATA_INFO: All data in parts per trillion by volume (pptv). 1 Hz data is available upon request.
UNCERTAINTY: TBD
ULOD_FLAG: -7777
ULOD_VALUE: N/A
LLOD_FLAG: -8888
LLOD_VALUE: N/A
DM_CONTACT_INFO: Nathan Howard; nathan.h.howard@noaa.gov
PROJECT_INFO: USOS, summer 2024. https://csl.noaa.gov/groups/csl7/measurements/2024usos/
STIPULATIONS_ON_USE: Users are strongly encouraged to contact the PI for proper data usage.
OTHER_COMMENTS: 
REVISION: RA
RA: Preliminary Data; For in-field use only
starttime_UTC, PAN_NOAACIMS, APAN_NOAACIMS, PPN_NOAACIMS
[from data line 1287]
 77220, 1245.313,  8.474, 161.705
 77280, 1175.099,  9.380, 157.913
 77340, 1226.979,  5.357, 159.546
 77400, 1207.409, 10.214, 162.088
 77460, 1315.700,  7.198, 180.771
 77520, 1272.162,  8.989, 171.915
 77580, 1330.852,  5.978, 179.681
 77640, 1297.395,  7.857, 170.787
 77700, -9999.000, -9999.000, -9999.000
 77760, 1336.702,  7.226, 163.092
 77820, 1304.653, 10.114, 161.075
 77880, 1263.035,  7.666, 155.957
 77940, 1248.719,  8.044, 152.965
 78000, 1174.542, 11.033, 149.571
 78060, 1145.944,  8.560, 143.928
 78120, 1105.881,  8.736, 129.004
 78180, 1106.888,  6.994, 135.790
 78240, 1254.916,  7.795, 151.795
 78300, 1163.151,  9.471, 141.420
 78360, 1121.835,  7.087, 140.103
 78420, 1075.397,  9.223, 127.874
 78480, 969.359,  6.281, 108.017
 78540, 971.686,  8.001, 104.637
 78600, 1017.314,  8.593, 109.153
 78660, 1040.541,  9.044, 120.995
 78720, 1138.105, 10.233, 130.860
 78780, 1159.300,  8.557, 130.137
 78840, 1169.218,  6.364, 129.766
 78900, 1232.918,  9.372, 138.113
 78960, 1202.148,  9.035, 135.009
 79020, 1178.906,  9.678, 127.502
 79080, 1156.947,  8.838, 124.679
 79140, 1114.129,  8.686, 112.421
 79200, 1037.154, 10.864, 102.395
 79260, 992.755,  9.010, 93.431
 79320, 1008.248,  5.396, 99.992
 79380, 1083.361, 10.233, 105.945
 79440, 1073.269, 11.164, 105.220
 79500, 1057.175,  6.773, 100.980
 79560, -9999.000, -9999.000, -9999.000
 79620, 1091.625,  8.685, 113.238
 79680, 1041.837,  9.589, 100.780
 79740, 1060.913, 10.298, 112.321
 79800, 1088.517,  7.952, 104.542
 79860, 1048.166,  8.157, 103.592
 79920, 1059.419,  7.822, 111.538
 79980, 1060.066,  8.894, 108.981
 80040, 1090.542,  7.682, 98.157
 80100, 1313.055,  7.989, 126.490
 80160, 1206.959, 12.518, 117.826
 80220, 1160.222,  9.402, 111.573
 80280, 1256.472,  9.806, 122.913
 80340, 1261.181, 12.351, 118.194
 80400, 1242.715,  6.679, 125.435
 80460, 1334.446, 11.137, 126.454
 80520, 1238.388, 13.167, 115.154
 80580, 1079.378,  8.228, 99.509
 80640, 1066.902,  8.329, 103.004
 80700, 1074.755, 10.059, 104.793
 80760, 1000.356,  8.763, 97.059
 80820, 986.096,  8.561, 96.314
 80880, 1007.810,  8.965, 101.112
 80940, 1008.638, 10.055, 98.020
 81000, 1092.946,  9.679, 102.670
 81060, 1023.320,  7.393, 105.548
 81120, 1050.141,  6.366, 101.991
 81180, 1062.182,  8.571, 98.775
 81240, 1059.367,  8.163, 102.650
 81300, 1102.875,  8.447, 106.052
 81360, 1145.245,  9.337, 112.923
 81420, -9999.000, -9999.000, -9999.000
 81480, 1022.008,  6.425, 96.241
 81540, 1058.443,  7.048, 100.064
 81600, 958.763,  7.663, 89.379
 81660, 933.464,  7.863, 87.605
 81720, 923.610,  8.938, 88.219
 81780, 949.049,  6.041, 93.004
 81840, 934.442,  5.560, 83.010
 81900, 1013.043,  7.717, 95.713
 81960, 967.770,  7.574, 83.262
 82020, 1006.532,  6.909, 93.365
 82080, 988.504,  7.219, 89.967
 82140, 983.478,  6.470, 90.280
 82200, 959.585,  8.342, 85.986
 82260, 971.915,  8.992, 89.841
 82320, 966.441,  7.814, 94.956
 82380, 941.602,  9.557, 90.681
 82440, 935.375,  9.505, 84.880
 82500, 944.407,  6.879, 91.276
 82560, 860.808,  8.918, 79.783
 82620, 818.163,  7.051, 75.889
 82680, 835.887,  9.690, 78.469
 82740, 902.665,  9.971, 80.978
 82800, 1021.824,  9.523, 91.391
 82860, 905.467,  7.295, 82.088
 82920, 901.174,  8.607, 85.814
 82980, 914.415,  7.389, 90.368
 83040, 904.489,  7.602, 91.122
 83100, 884.991,  8.204, 91.453
 83160, 877.747,  7.622, 81.398
 83220, 861.162,  9.278, 77.355
 83280, 819.374,  8.332, 73.514
 83340, 804.155,  6.204, 86.002
 83400, 764.273,  8.977, 75.100
 83460, 747.617,  7.479, 80.398
 83520, 743.432,  5.382, 80.807
 83580, 745.526,  8.292, 80.682
 83640, 767.522,  4.842, 80.682
 83700, 787.639,  4.876, 83.412
 83760, 792.165,  6.483, 82.582
 83820, 756.307,  5.716, 75.106
 83880, 761.505,  5.826, 79.157
 83940, 779.337,  7.134, 80.515
 84000, 762.106,  6.177, 75.347
 84060, 758.254,  8.313, 77.000
 84120, 757.371,  8.488, 77.398
 84180, 725.416,  8.344, 76.333
 84240, 688.332,  7.516, 70.459
 84300, 748.322,  6.631, 76.823
 84360, 720.964,  6.953, 76.437
 84420, 710.108,  4.525, 68.638
 84480, 696.932,  5.606, 68.987
 84540, 724.162,  6.825, 73.481
 84600, 702.007,  7.510, 65.123
 84660, 728.102,  9.476, 74.455
 84720, 705.140,  7.354, 69.809
 84780, 693.135,  7.650, 69.997
 84840, 698.519,  8.018, 76.345
 84900, 736.689,  5.267, 81.824
 84960, 721.342,  7.304, 76.995
 85020, 687.678,  6.429, 79.122
 85080, -9999.000, -9999.000, -9999.000
 85140, 722.866,  4.860, 78.671
 85200, 705.452,  6.252, 71.316
 85260, 695.899,  9.247, 74.021
 85320, 679.144,  6.836, 75.284
 85380, 688.550,  5.645, 72.705
 85440, 683.159,  7.851, 71.425
 85500, 699.902, 10.545, 72.920
 85560, 718.448,  8.405, 76.751
 85620, 686.248,  5.378, 71.150
 85680, 669.716,  4.415, 71.957
 85740, 672.201,  7.467, 67.750
 85800, 687.748,  6.350, 65.725
 85860, 662.730,  6.937, 65.659
 85920, 659.013,  7.790, 63.168
 85980, 644.252,  7.067, 65.344
 86040, 623.229,  6.227, 61.135
 86100, 632.603,  7.123, 64.220
 86160, 635.055,  9.056, 65.005
 86220, 619.827,  6.540, 57.208
 86280, 598.077,  6.657, 59.242
 86340, 593.597,  6.536, 53.515
