CampaignData_and_Merges/R0/CSL_MobileLab_Parked/raw/20240731/USOS-PTR_MobileLabGround_20240731_R0.ict
58, 1001
Matthew Coggon, Kelvin Bates, Chelsea Stockwell, Carsten Warneke
NOAA ESRL Chemical Sciences Division
NOAA PTR-ToF-MS
USOS
1,1 
2024, 07, 31, 2025, 09, 19
0
Time_Start, seconds, number of seconds from 00:00 UTC 
22
1, 1, 1, 1, 1, 1, 1, 1, 1, 1, 1, 1, 1, 1, 1, 1, 1, 1, 1, 1, 1, 1
-9999, -9999, -9999, -9999, -9999, -9999, -9999, -9999, -9999, -9999, -9999, -9999, -9999, -9999, -9999, -9999, -9999, -9999, -9999, -9999, -9999, -9999
CH3OH_NOAAPTR_ppbv,  ppbv, Gas_CH3OH_InSitu_S_AVMR, (CH3OH) methanol
CH3CN_NOAAPTR_ppbv,  ppbv, Gas_CH3CN_InSitu_S_AVMR, (CH3CN) acetonitrile
CH3CHO_NOAAPTR_ppbv,  ppbv, Gas_CH3CHO_InSitu_S_AVMR, (CH3CHO) acetaldehyde plus contributions from ethylene glycol and ethylene oxide. Interference from ethanol has been subtracted out.
C2H5OH_NOAAPTR_ppbv,  ppbv, Gas_C2H5OH_InSitu_S_AVMR, (C2H5OH) ethanol
CH3SH_NOAAPTR_ppbv,  ppbv, Gas_CH3SH_InSitu_S_AVMR, (CH3SH) methanethiol, using calibration factor for DMS
Acrolein_NOAAPTR_ppbv,  ppbv, Gas_Acrolein_InSitu_S_AVMR, (C3H4O) acrolein
AcetonePropanal_NOAAPTR_ppbv,  ppbv, Gas_AcetoneAndPropanal_InSitu_S_AVMR, (C3H6O) sum of acetone (dominant isomer) and propanal, using calibration factor for acetone
DMS_NOAAPTR_ppbv,  ppbv, Gas_DMS_InSitu_S_AVMR, (C2H6S) dimethyl sulfide with possible small contributions from ethanethiol
C5H8_NOAAPTR_ppbv,  ppbv, Gas_Isoprene_InSitu_S_AVMR, (C5H8) isoprene and possible fragments from cycloalkanes and aldehydes. Interferences have been subtracted following methods described by Coggon et al (2023)
MVKMAC_NOAAPTR_ppbv,  ppbv, Gas_MVKAndMAC_InSitu_S_AVMR, (C4H6O) sum of methyl vinyl ketone, methacrolein, and small amounts of crotonaldehyde, using weighted calibration factor for MVK (0.637) and MACR (0.363)
Benzene_NOAAPTR_ppbv,  ppbv, Gas_Benzene_InSitu_S_AVMR, (C6H6) benzene
Toluene_NOAAPTR_ppbv,  ppbv, Gas_Toluene_InSitu_S_AVMR, (C7H8) toluene with possible small contributions of fragments from ethyltoluene
Styrene_NOAAPTR_ppbv,  ppbv, Gas_Styrene_InSitu_S_AVMR, (C8H8) styrene
Benzaldehyde_NOAAPTR_ppbv,  ppbv, Gas_Benzaldehyde_InSitu_S_AVMR, (C7H6O) benzaldehyde
C8Aromatics_NOAAPTR_ppbv,  ppbv, Gas_C8Aromatics_InSitu_M_AVMR, (C8H10) sum of m-xylene, p-xylene, o-xylene, and ethyl benzene
C9Aromatics_NOAAPTR_ppbv,  ppbv, Gas_C9Aromatics_InSitu_M_AVMR, (C9H12) sum of C9 aromatics
Naphthalene_NOAAPTR_ppbv,  ppbv, Gas_Naphthalene_InSitu_S_AVMR, (C10H8) naphthalene
Octanal_NOAAPTR_ppbv,  ppbv, Gas_Octanal_InSitu_S_AVMR, (C8H16O) octanal and small amounts of octanone
Monoterpenes_NOAAPTR_ppbv,  ppbv, Gas_Monoterpenes_InSitu_M_AVMR, (C10H16) sum of monoterpenes and possible contributions from fragments of oxygenated monoterpenoids such as eucalyptol.
Nonanal_NOAAPTR_ppbv,  ppbv, Gas_Nonanal_InSitu_M_AVMR, (C9H18O) nonanal and small amounts of nonanone
C7H4ClF3_NOAAPTR_ppbv,  ppbv, Gas_C7H4ClF3_InSitu_S_AVMR, (C7H4ClF3) parachlorobenzotrifluoride
C10H30O5Si5_NOAAPTR_ppbv,  ppbv, Gas_C10H30O5Si5_InSitu_S_AVMR, (C10H30O5Si5) decamethylcyclopentasiloxane
1
SPECIAL COMMENTS:N/A
21
PI_CONTACT_INFO: NOAA ESRL Chemical Sciences Division, Tropospheric Chemistry Group. 325 Broadway, R/CSD7, Boulder, CO 80305
PLATFORM: Mobile Laboratory.
LOCATION: Salt Lake City, UT
ASSOCIATED_DATA: N/A
INSTRUMENT_INFO: NOAA PTR-ToF-MS measurements on NOAA CSL Mobile Lab
DATA_INFO: Units: ppbv
UNCERTAINTY: See OTHER_COMMENTS
ULOD_FLAG: -7777
ULOD_VALUE: N/A
LLOD_FLAG: -8888
LLOD_VALUE: N/A.
DM_CONTACT_INFO: Data Managers: Matt Coggon, Kelvin Bates, Chelsea Stockwell; email: matthew.m.coggon@noaa.gov and kelvin.bates@colorado.edu
PROJECT_INFO: USOS Deployment July-August, 2024
STIPULATIONS_ON_USE: Use of these data require prior OK from PI.
OTHER_COMMENTS: Uncertainties:
CH3OH_NOAAPTR_ppbv:30%; CH3CN_NOAAPTR_ppbv:30%; CH3CHO_NOAAPTR_ppbv:30%; C2H5OH_NOAAPTR_ppbv:30%; CH3SH_NOAAPTR_ppbv:50%; Acrolein_NOAAPTR_ppbv:30%; AcetonePropanal_NOAAPTR_ppbv:30%; DMS_NOAAPTR_ppbv:30%; C5H8_NOAAPTR_ppbv:30%; MVKMAC_NOAAPTR_ppbv:30%; 
Benzene_NOAAPTR_ppbv:30%; Toluene_NOAAPTR_ppbv:30%; Styrene_NOAAPTR_ppbv:30%; Benzaldehyde_NOAAPTR_ppbv:30%; C8Aromatics_NOAAPTR_ppbv:30%; C9Aromatics_NOAAPTR_ppbv:30%; Naphthalene_NOAAPTR_ppbv:30%; Octanal_NOAAPTR_ppbv:30%; Monoterpenes_NOAAPTR_ppbv:30%; Nonanal_NOAAPTR_ppbv:30%; 
C7H4ClF3_NOAAPTR_ppbv:30%; C10H30O5Si5_NOAAPTR_ppbv:30%; 
REVISION: R0
R0: Calibrated PTR Data. See individual species comments for details about measurement uncertainties
Time_Start, CH3OH_NOAAPTR_ppbv, CH3CN_NOAAPTR_ppbv, CH3CHO_NOAAPTR_ppbv, C2H5OH_NOAAPTR_ppbv, CH3SH_NOAAPTR_ppbv, Acrolein_NOAAPTR_ppbv, AcetonePropanal_NOAAPTR_ppbv, DMS_NOAAPTR_ppbv, C5H8_NOAAPTR_ppbv, MVKMAC_NOAAPTR_ppbv, Benzene_NOAAPTR_ppbv, Toluene_NOAAPTR_ppbv, Styrene_NOAAPTR_ppbv, Benzaldehyde_NOAAPTR_ppbv, C8Aromatics_NOAAPTR_ppbv, C9Aromatics_NOAAPTR_ppbv, Naphthalene_NOAAPTR_ppbv, Octanal_NOAAPTR_ppbv, Monoterpenes_NOAAPTR_ppbv, Nonanal_NOAAPTR_ppbv, C7H4ClF3_NOAAPTR_ppbv, C10H30O5Si5_NOAAPTR_ppbv
[from data line 206]
12360.0, 9.71955, 0.51439, 1.48997, 3.90796, 0.00398, 0.18685, 3.65351, 0.00756, 1.72177, 0.43528, 0.19951, 0.26735, 0.01283, -0.01730, 0.12335, 0.05464, 0.00056, 0.02796, 0.27103, 0.04115, 0.00728, 0.00387 
12420.0, 8.93626, 0.52626, 1.40883, 4.26774, 0.00133, 0.20712, 3.73839, -0.00160, 1.61456, 0.41732, 0.24205, 0.31362, 0.02804, 0.01187, 0.17730, 0.06699, -0.00460, 0.01889, 0.25168, 0.08223, 0.00100, 0.00687 
12480.0, 13.49777, 0.51826, 1.39835, 4.66479, 0.00188, 0.20557, 3.79761, 0.00140, 1.63115, 0.44268, 0.23572, 0.34816, -0.00502, -0.01068, 0.16600, 0.07440, -0.00009, 0.02988, 0.26183, 0.04520, 0.00197, 0.00340 
12540.0, 48.90696, 0.51498, 1.46853, 3.77019, 0.00312, 0.21485, 3.78126, 0.00214, 1.65564, 0.40832, 0.21278, 0.21240, 0.01027, 0.00739, 0.12060, 0.05989, 0.00059, 0.02435, 0.27402, 0.05064, 0.00385, 0.00470 
12600.0, 16.41178, 0.49489, 1.33733, 3.48713, 0.00431, 0.20648, 3.69567, 0.00993, 1.51588, 0.37829, 0.17837, 0.25529, -0.00498, -0.01746, 0.12642, 0.05621, -0.00608, 0.02676, 0.24302, 0.03646, 0.00163, 0.00481 
12660.0, 8.12882, 0.47782, 1.25175, 3.30914, 0.00156, 0.19786, 3.65575, 0.00881, 1.50351, 0.37125, 0.22060, 0.23444, 0.03102, -0.01750, 0.11925, 0.06317, -0.00424, 0.01888, 0.22761, 0.02755, 0.00318, 0.00571 
12720.0, 10.27215, 0.51216, 1.35442, 3.05680, 0.00222, 0.23094, 3.62931, 0.00936, 1.50585, 0.38216, 0.20083, 0.26290, -0.00494, -0.01754, 0.12875, 0.06590, -0.00601, 0.01805, 0.17828, 0.03538, 0.00175, 0.00204 
12780.0, 8.62622, 0.51236, 1.28930, 3.52724, 0.00454, 0.20603, 3.57424, 0.01263, 1.39917, 0.35720, 0.23953, 0.17255, -0.00349, -0.01758, 0.08735, 0.03492, -0.00598, 0.01386, 0.20865, 0.03038, -0.00067, 0.00307 
12840.0, 9.11034, 0.52058, 1.37108, 3.51548, 0.00227, 0.19249, 3.69668, -0.00009, 1.35801, 0.36444, 0.21483, 0.18647, -0.00490, -0.00336, 0.10529, 0.04283, -0.00595, 0.02324, 0.24339, 0.02622, 0.00061, 0.00448 
12900.0, 9.05513, 0.51628, 1.33343, 3.32764, -0.00087, 0.17486, 3.70176, -0.00152, 1.35006, 0.36345, 0.20622, 0.21165, 0.01328, -0.01049, 0.10351, 0.05429, -0.00592, 0.01028, 0.20228, 0.03448, 0.00287, 0.00276 
12960.0, 9.14016, 0.51090, 1.31979, 2.60750, 0.00274, 0.20349, 3.68314, 0.01064, 1.32158, 0.36549, 0.16243, 0.18507, -0.00344, -0.00804, 0.11037, 0.04493, -0.00216, 0.02435, 0.19263, 0.03022, 0.00324, 0.00485 
13020.0, 8.43431, 0.54327, 1.31631, 3.10960, 0.00350, 0.19111, 3.70821, 0.00828, 1.32868, 0.34360, 0.17092, 0.21416, 0.01509, -0.01620, 0.08897, 0.03489, -0.00408, 0.01479, 0.20447, 0.03778, 0.00599, 0.00295 
13080.0, 9.28462, 0.55229, 1.33056, 3.09345, -0.00056, 0.19444, 3.66172, 0.00459, 1.30222, 0.36789, 0.14604, 0.18511, 0.00328, -0.01778, 0.09534, 0.04277, -0.00279, 0.01259, 0.19174, 0.04040, 0.00606, 0.00180 
13140.0, 8.71625, 0.56430, 1.16924, 2.54040, 0.00056, 0.21138, 3.63740, 0.00716, 1.12914, 0.32189, 0.19117, 0.18527, 0.01234, -0.00428, 0.10050, 0.03411, -0.00580, 0.02438, 0.20112, 0.03829, 0.00208, 0.00215 
13200.0, 10.21594, 0.52566, 1.41804, 3.41070, 0.00264, 0.15621, 3.70059, 0.00961, 1.28047, 0.39079, 0.14373, 0.20113, -0.00479, -0.00907, 0.11157, 0.03875, -0.00502, 0.03538, 0.21367, 0.04499, 0.00422, 0.00406 
13260.0, 9.39478, 0.57500, 1.36915, 3.92556, 0.00198, 0.19669, 3.77166, 0.01390, 1.19277, 0.32610, 0.14730, 0.18585, 0.00351, -0.00245, 0.09711, 0.03916, 0.00924, 0.03075, 0.20585, 0.04464, 0.00147, 0.00690 
13320.0, 9.63293, 0.59358, 1.46552, 3.58887, 0.00043, 0.18426, 3.70603, 0.00181, 1.19594, 0.31077, 0.17990, 0.18711, 0.00833, -0.00194, 0.09680, 0.04004, -0.00570, 0.02301, 0.21836, 0.04753, 0.00388, 0.00389 
13380.0, 13.43022, 0.59575, 1.51348, 3.89161, 0.00178, 0.19991, 3.74008, 0.00588, 1.10983, 0.33166, 0.20116, 0.20161, -0.00305, 0.00902, 0.11184, 0.05108, -0.00342, 0.02184, 0.23269, 0.05706, -0.00089, 0.00472 
13440.0, 8.77508, 0.62704, 1.33790, 3.57294, 0.00134, 0.16866, 3.58054, 0.00467, 1.11729, 0.32786, 0.12726, 0.17384, 0.00054, -0.01489, 0.09103, 0.04382, 0.00650, 0.01434, 0.15848, 0.04688, 0.00706, 0.00482 
13500.0, 9.39394, 0.56268, 1.35522, 3.46677, 0.00241, 0.18267, 3.71976, 0.00715, 1.14185, 0.32693, 0.18613, 0.20697, 0.01366, 0.00560, 0.12703, 0.03926, 0.00681, 0.01973, 0.22486, 0.04360, 0.00322, 0.01011 
13560.0, 8.77120, 0.56943, 1.39450, 3.43668, 0.00187, 0.18187, 3.63008, 0.00626, 1.10821, 0.31774, 0.19887, 0.15125, -0.00467, -0.01810, 0.08523, 0.04432, -0.00558, 0.01761, 0.17278, 0.04339, 0.00572, 0.00470 
13620.0, 9.94005, 0.58863, 1.32870, 4.34400, 0.00018, 0.17397, 3.72271, 0.00309, 1.06074, 0.31560, 0.23470, 0.24216, -0.00367, 0.01208, 0.14225, 0.05343, 0.00719, 0.01210, 0.20255, 0.03940, 0.00909, 0.00689 
13680.0, 9.35978, 0.61189, 1.37895, 5.13257, 0.00221, 0.21780, 3.80982, 0.01132, 1.12158, 0.30962, 0.21488, 0.32704, 0.01021, -0.01818, 0.21002, 0.08804, -0.00552, 0.03522, 0.17862, 0.03908, 0.00480, 0.00731 
13740.0, 9.12681, 0.57925, 1.43894, 4.71627, 0.00054, 0.23275, 3.71616, -0.00068, 1.08033, 0.34099, 0.21478, 0.22220, -0.00462, 0.00126, 0.12989, 0.05879, -0.00026, 0.01654, 0.19264, 0.04057, 0.00506, 0.00876 
13800.0, 8.69150, 0.57904, 1.35260, 3.58698, 0.00229, 0.18803, 3.68134, 0.00812, 1.09196, 0.31014, 0.17252, 0.25546, 0.00289, -0.00484, 0.12780, 0.05614, -0.00487, 0.03016, 0.17812, 0.03612, 0.00782, 0.00338 
13860.0, 11.37805, 0.56299, 1.51913, 7.94544, 0.00477, 0.20804, 3.83635, 0.00097, 1.09511, 0.34066, 0.46818, 0.91240, 0.04190, -0.00640, 0.49936, 0.14094, -0.00542, 0.01581, 0.18271, 0.03632, 0.00084, 0.00218 
13920.0, 10.06541, 0.55261, 1.44664, 4.92210, 0.00184, 0.21496, 3.72911, 0.01052, 1.13475, 0.32917, 0.20294, 0.29798, 0.02249, -0.01834, 0.19654, 0.06893, 0.01075, 0.02472, 0.21071, 0.04998, 0.00919, 0.00762 
13980.0, 10.20332, 0.57795, 1.39669, 5.75380, 0.00003, 0.20525, 3.79357, 0.01164, 1.11538, 0.30871, 0.23356, 0.48340, -0.00454, -0.01838, 0.29762, 0.09876, 0.01335, 0.02424, 0.16251, 0.04017, 0.00120, 0.00549 
14040.0, 8.84635, 0.61879, 1.26089, 4.74664, -0.00079, 0.20090, 3.63778, 0.00023, 1.10949, 0.31878, 0.17914, 0.17367, 0.01281, -0.01842, 0.08739, 0.04096, 0.00097, 0.02962, 0.14759, 0.03867, 0.00983, 0.00550 
14100.0, 10.33850, 0.58317, 1.51074, 6.15780, 0.00057, 0.17989, 3.80359, 0.01688, 1.08287, 0.31644, 0.25661, 0.45448, -0.00233, -0.01846, 0.23579, 0.08688, -0.00181, 0.01094, 0.18605, 0.03852, 0.00541, 0.00745 
14160.0, 8.97064, 0.62830, 1.34522, 3.74306, 0.00106, 0.20670, 3.73550, 0.01895, 1.08449, 0.31006, 0.11355, 0.18438, -0.00448, -0.01850, 0.10673, 0.04731, -0.00465, 0.02201, 0.18607, 0.04825, 0.00329, 0.00119 
14220.0, 9.33218, 0.63215, 1.33347, 4.55477, 0.00528, 0.21787, 3.85940, 0.01298, 1.07883, 0.31386, 0.16531, 0.22249, -0.00447, -0.01854, 0.14274, 0.03601, 0.00322, 0.01676, 0.20087, 0.04382, 0.00690, 0.00470 
14280.0, 9.01931, 0.62795, 1.45780, 3.87550, 0.00223, 0.21774, 3.84829, 0.00353, 0.98052, 0.29947, 0.21112, 0.23698, 0.01984, -0.01858, 0.11752, 0.05706, 0.00160, 0.02624, 0.18905, 0.05270, 0.00193, 0.00767 
14340.0, 9.08778, 0.63013, 1.37110, 3.22504, 0.00493, 0.20702, 3.69387, 0.01144, 0.85758, 0.28337, 0.20234, 0.20911, 0.01714, -0.00571, 0.12398, 0.04980, 0.00120, 0.02513, 0.18188, 0.04448, 0.00354, 0.00365 
14400.0, 11.01951, 0.61862, 1.45508, 4.41610, 0.00297, 0.18025, 3.86246, 0.00912, 0.89724, 0.30481, 0.19198, 0.29643, 0.00680, -0.01209, 0.15882, 0.06831, 0.00473, 0.01452, 0.18139, 0.06707, 0.00410, 0.00388 
14460.0, 8.66680, 0.58428, 1.32501, 3.17350, 0.00178, 0.16429, 3.64828, 0.01096, 0.89949, 0.28348, 0.19200, 0.17089, 0.00353, -0.01547, 0.10046, 0.03690, 0.00147, 0.01710, 0.14483, 0.03385, 0.00879, 0.00560 
14520.0, 9.25895, 0.58216, 1.28403, 3.14824, 0.00204, 0.18147, 3.65563, 0.01786, 0.84818, 0.27903, 0.13169, 0.18419, -0.00437, -0.01874, 0.11158, 0.04221, 0.00855, 0.01303, 0.18134, 0.05721, 0.00033, 0.00616 
14580.0, 8.92182, 0.55938, 1.32899, 3.48447, 0.00291, 0.14668, 3.66192, -0.00124, 0.87482, 0.28969, 0.20084, 0.18332, 0.01637, -0.00203, 0.11737, 0.03707, -0.00505, 0.02032, 0.16136, 0.03073, 0.00246, 0.00236 
14640.0, 9.26771, 0.57861, 1.26074, 3.12392, -0.00077, 0.18762, 3.59361, 0.00393, 0.87108, 0.26064, 0.17458, 0.17763, -0.00433, -0.01882, 0.10504, 0.04114, -0.00235, 0.01204, 0.16407, 0.04013, 0.00307, 0.00433 
14700.0, 9.57041, 0.56701, 1.39135, 3.97452, 0.00041, 0.18173, 3.64167, 0.00720, 0.88409, 0.29542, 0.20546, 0.27956, -0.00431, -0.01886, 0.15232, 0.06787, -0.00269, 0.00610, 0.16598, 0.04054, 0.00380, 0.00504 
14760.0, -9999.00000, -9999.00000, -9999.00000, -9999.00000, -9999.00000, -9999.00000, -9999.00000, -9999.00000, -9999.00000, -9999.00000, -9999.00000, -9999.00000, -9999.00000, -9999.00000, -9999.00000, -9999.00000, -9999.00000, -9999.00000, -9999.00000, -9999.00000, -9999.00000, -9999.00000 
14820.0, 8.98231, 0.56173, 1.36827, 3.78880, 0.00016, 0.20156, 3.64284, -0.00120, 0.75260, 0.30899, 0.20417, 0.21091, -0.00428, -0.01422, 0.12001, 0.04876, -0.00117, 0.03294, 0.14241, 0.02848, 0.00947, 0.00885 
14880.0, 8.59265, 0.53554, 1.38070, 3.35060, -0.00093, 0.15322, 3.64170, 0.01077, 0.79916, 0.30619, 0.16247, 0.16106, 0.01422, -0.01514, 0.07990, 0.03364, 0.00255, 0.01078, 0.16073, 0.02529, 0.00201, 0.00468 
14940.0, 8.98878, 0.56714, 1.26789, 3.76742, 0.00263, 0.18221, 3.56551, -0.00118, 0.80581, 0.27136, 0.18291, 0.18214, 0.01296, 0.00041, 0.09943, 0.04552, -0.00487, 0.01695, 0.16773, 0.03615, 0.00492, 0.00297 
15000.0, 9.40411, 0.56146, 1.38710, 3.65431, 0.00341, 0.18167, 3.57669, 0.01206, 0.78246, 0.28656, 0.15466, 0.17595, 0.01165, -0.01906, 0.09323, 0.03758, -0.00403, 0.02899, 0.15351, 0.03920, 0.00274, 0.00386 
15060.0, 9.48179, 0.53142, 1.34055, 3.64022, 0.00317, 0.17542, 3.51711, 0.00913, 0.75095, 0.26096, 0.21821, 0.21969, 0.01223, -0.00828, 0.11535, 0.04446, 0.00842, 0.04402, 0.17194, 0.02741, 0.00497, 0.00218 
15120.0, 7.49287, 0.56372, 1.31634, 3.12175, -0.00003, 0.17105, 3.45749, 0.00318, 0.64412, 0.22397, 0.18445, 0.21718, -0.00339, -0.01914, 0.10170, 0.05187, -0.00477, 0.01302, 0.14033, 0.02816, 0.00397, 0.00349 
15180.0, 8.40196, 0.53749, 1.22158, 2.55495, 0.00560, 0.17848, 3.50444, 0.00884, 0.71468, 0.27785, 0.17231, 0.25827, -0.00416, -0.01918, 0.14733, 0.05448, 0.00328, 0.01473, 0.16244, 0.03224, 0.00203, 0.00240 
15240.0, 7.80165, 0.52563, 1.13883, 2.58570, 0.00276, 0.16254, 3.43156, 0.01156, 0.68267, 0.26312, 0.11969, 0.19351, -0.00414, -0.01330, 0.10846, 0.04123, -0.00020, 0.01443, 0.15230, 0.02200, 0.00473, 0.00280 
15300.0, 9.30425, 0.53959, 1.29286, 3.62301, 0.00639, 0.17517, 3.55341, -0.00112, 0.70696, 0.29511, 0.29741, 0.40577, 0.01691, -0.01013, 0.22819, 0.08377, 0.01084, 0.02119, 0.12085, 0.04963, 0.00487, 0.00811 
15360.0, 7.73425, 0.52776, 1.11851, 2.78657, 0.00114, 0.15937, 3.47757, 0.01150, 0.65886, 0.28354, 0.18714, 0.28491, 0.01848, 0.00230, 0.12798, 0.05144, -0.00311, 0.01679, 0.12860, 0.02942, 0.00332, 0.00396 
15420.0, 8.49898, 0.51293, 1.26838, 2.84686, 0.00414, 0.15661, 3.50337, 0.00012, 0.68002, 0.24695, 0.24466, 0.30621, 0.01335, -0.01687, 0.13506, 0.05293, -0.00462, 0.02117, 0.13418, 0.04376, 0.00693, 0.00519 
15480.0, 9.41043, 0.53828, 1.25900, 3.29910, -0.00011, 0.18204, 3.66352, 0.00629, 0.65365, 0.26049, 0.19024, 0.21971, 0.00952, -0.00839, 0.10999, 0.05546, -0.00437, 0.02008, 0.14587, 0.02567, 0.00147, 0.00339 
15540.0, 8.89186, 0.54850, 1.38886, 3.38815, -0.00084, 0.19365, 3.69190, 0.00729, 0.75801, 0.26220, 0.18070, 0.21912, -0.00405, 0.00415, 0.12973, 0.04710, 0.00166, 0.01591, 0.15171, 0.03831, 0.00466, 0.00597 
15600.0, 9.80054, 0.54638, 1.45675, 3.75907, 0.00442, 0.17311, 3.79050, 0.00486, 0.67307, 0.26439, 0.20467, 0.30623, 0.01686, -0.01558, 0.15385, 0.05645, 0.01196, 0.03280, 0.17583, 0.05638, 0.00703, 0.00867 
15660.0, 7.80963, 0.52823, 1.05820, 2.62005, -0.00028, 0.15564, 3.42995, 0.00619, 0.66452, 0.23075, 0.14208, 0.18836, 0.00975, -0.00618, 0.08919, 0.04391, -0.00449, 0.02047, 0.12458, 0.02583, 0.00641, 0.00466 
15720.0, 9.34414, 0.51902, 1.27506, 5.29404, 0.00251, 0.19618, 3.65757, -0.00105, 0.63701, 0.25250, 0.30111, 0.58643, 0.01999, -0.01954, 0.26792, 0.09352, -0.00446, 0.01583, 0.12529, 0.04972, 0.00251, 0.00429 
15780.0, 7.93802, 0.55324, 1.23419, 3.08429, 0.00436, 0.17937, 3.66223, 0.00767, 0.63978, 0.26345, 0.20716, 0.22099, 0.02907, -0.00552, 0.11892, 0.04418, -0.00443, 0.03818, 0.11043, 0.03678, -0.00009, 0.00492 
15840.0, 7.38235, 0.58068, 1.07397, 2.66612, 0.00358, 0.15013, 3.52396, 0.01087, 0.64372, 0.25842, 0.15432, 0.16901, -0.00395, -0.00961, 0.10128, 0.03515, -0.00440, 0.01456, 0.13434, 0.03135, 0.00011, 0.00376 
15900.0, 8.33269, 0.55108, 1.14616, 3.05638, 0.00052, 0.18025, 3.61843, 0.00244, 0.58764, 0.25776, 0.23034, 0.21587, 0.02011, -0.01815, 0.11897, 0.04726, -0.00342, 0.01290, 0.12390, 0.02764, 0.00365, 0.00328 
15960.0, 7.71069, 0.51309, 0.98023, 1.74458, 0.00791, 0.11528, 3.37616, -0.00101, 0.60793, 0.25143, 0.18247, 0.11982, 0.00070, -0.00905, 0.05544, 0.03553, -0.00434, 0.01517, 0.10735, 0.03429, 0.00306, 0.00182 
16020.0, 7.68549, 0.53727, 1.10888, 2.18958, 0.00495, 0.15425, 3.46061, -0.00002, 0.55955, 0.23615, 0.17055, 0.16577, 0.00763, -0.00807, 0.08735, 0.02870, 0.00399, 0.02151, 0.11675, 0.02495, 0.00500, 0.00414 
16080.0, 8.23291, 0.53651, 1.01885, 2.17844, 0.00249, 0.17660, 3.42866, -0.00099, 0.58128, 0.24150, 0.16071, 0.19664, 0.01505, -0.01978, 0.09896, 0.03945, 0.00653, 0.02786, 0.12623, 0.02678, 0.00252, -0.00013 
16140.0, 8.48888, 0.53991, 1.15731, 2.43924, 0.00637, 0.14469, 3.54678, 0.00662, 0.63075, 0.25177, 0.14786, 0.17311, 0.01481, -0.01983, 0.07229, 0.02990, -0.00330, 0.02016, 0.12246, 0.02771, -0.00017, 0.00313 
16200.0, 8.32033, 0.53719, 1.15898, 3.29212, -0.00094, 0.16822, 3.54805, -0.00097, 0.64199, 0.24352, 0.17048, 0.24566, -0.00384, -0.01987, 0.17043, 0.06184, 0.00326, 0.01301, 0.11770, 0.04695, 0.00845, 0.00333 
16260.0, 7.61309, 0.50822, 1.13819, 3.00739, 0.00269, 0.14286, 3.49942, -0.00028, 0.60015, 0.23058, 0.11416, 0.14372, -0.00119, -0.01991, 0.08709, 0.03121, 0.00953, 0.02474, 0.12685, 0.03741, 0.00399, 0.00606 
16320.0, 8.37093, 0.53534, 1.17434, 3.09297, 0.00191, 0.13992, 3.53279, 0.00636, 0.62508, 0.24570, 0.21822, 0.17336, 0.00242, -0.01995, 0.10729, 0.03484, -0.00363, 0.02781, 0.11952, 0.01903, 0.00449, 0.00730 
16380.0, 8.62172, 0.54844, 1.20700, 2.88538, 0.00101, 0.15905, 3.51287, -0.00094, 0.57759, 0.26680, 0.22719, 0.18644, 0.00366, 0.00503, 0.10296, 0.04481, 0.00236, 0.01183, 0.11329, 0.03268, -0.00007, 0.00790 
16440.0, 8.43837, 0.55524, 1.24583, 3.16846, 0.00094, 0.16624, 3.42692, -0.00093, 0.54443, 0.25536, 0.27837, 0.34617, 0.02680, 0.00712, 0.21664, 0.11128, 0.00467, 0.01457, 0.10051, 0.02388, -0.00163, 0.00272 
16500.0, 7.89494, 0.52666, 1.18702, 1.90997, 0.00111, 0.12177, 3.43099, -0.00092, 0.58610, 0.24626, 0.23168, 0.14507, 0.00881, 0.02809, 0.07626, 0.02974, 0.00146, 0.02528, 0.11926, 0.03194, 0.00230, 0.00424 
16560.0, 9.15463, 0.49988, 1.44396, 2.58204, -0.00094, 0.18158, 3.43716, 0.00880, 0.60184, 0.24695, 0.28249, 0.44340, 0.01730, 0.02126, 0.13341, 0.06044, 0.01145, 0.03321, 0.13289, 0.02471, 0.00422, 0.00262 
16620.0, 7.48216, 0.51491, -9999.00000, 2.63432, 0.00298, 0.21113, 3.49641, -0.00012, -9999.00000, 0.28267, 0.37896, 0.74768, 0.01140, 0.03824, 0.21067, 0.11034, -0.00138, 0.00819, 0.16733, 0.05237, 0.00275, 0.00171 
16680.0, -9999.00000, -9999.00000, -9999.00000, -9999.00000, -9999.00000, -9999.00000, -9999.00000, -9999.00000, -9999.00000, -9999.00000, -9999.00000, -9999.00000, -9999.00000, -9999.00000, -9999.00000, -9999.00000, -9999.00000, -9999.00000, -9999.00000, -9999.00000, -9999.00000, -9999.00000 
16740.0, -9999.00000, -9999.00000, -9999.00000, -9999.00000, -9999.00000, -9999.00000, -9999.00000, -9999.00000, -9999.00000, -9999.00000, -9999.00000, -9999.00000, -9999.00000, -9999.00000, -9999.00000, -9999.00000, -9999.00000, -9999.00000, -9999.00000, -9999.00000, -9999.00000, -9999.00000 
