CampaignData_and_Merges/R0/CSL_MobileLab_Parked/raw/20240731/USOS-jNO2_MobileLabGround_20240731_R0.ict
52,1001
Waxman, E.; Rollins, A.; Zuraski, K.; Chace, W.
NOAA Chemical Sciences Laboratory
jNO2 filter radiometer on CSL Mobile Lab
AMMBEC / USOS
1, 1
2024,07,31, 2025,04,01
60
Time_Start, seconds, number_of_seconds_since_0000_UTC
20
1, 1, 1, 1, 1, 1, 1, 1, 1, 1, 1, 1, 1, 1, 1, 1, 1, 1, 1, 1
-9999, -9999, -9999, -9999, -9999, -9999, -9999, -9999, -9999, -9999, -9999, -9999, -9999, -9999, -9999, -9999, -9999, -9999, -9999, -9999
Time_Stop, seconds, number_of_seconds_since_0000_UTC
jNO2_meas, per second, photolysis rate of NO2 measured using a filter radiometer.
jBrCl, per second, photolysis rate of BrCl -> Br + Cl calculated in TUV for cloud-free sky with local AOD
jBr2, per second, photolysis rate of Br2 -> Br + Br calculated in TUV for cloud-free sky with local AOD
jCCl4, per second, photolysis rate of CCl4 -> Products calcualted in TUV for cloud-free sky with local AOD
jCH2Oa, per second, photolysis rate of CH2O -> H + HCO calculated in TUV for cloud-free sky with local AOD
jCH2Ob, per second, photolysis rate of CH2O -> H2 + CO calculated in TUV for cloud-free sky with local AOD
jClNO2, per second, photolysis rate of ClNO2 -> Cl + NO2 calculated in TUV for cloud-free sky with local AOD
jClOa, per second, photolysis rate of ClO -> Cl + O(1D) calculated in TUV for cloud-free sky with local AOD
jClOb, per second, photolysis rate of ClO -> Cl + O(3P) calculated in TUV for cloud-free sky with local AOD
jCl2, per second, photolysis rate of Cl2 -> Cl + Cl calculated in TUV for cloud-free sky with local AOD
jHNO2, per second, photolysis rate of HNO2 -> OH + NO calculated in TUV for cloud-free sky with local AOD
jHNO3, per second, photolysis rate of HNO3 -> OH + NO2 calculated in TUV for cloud-free sky with local AOD
jI2, per second, photolysis rate of I2 -> I + I calculated in TUV for cloud-free sky with local AOD
jNO2, per second, photolysis rate of NO2 -> NO + O(3P) calculated in TUV for cloud-free sky with local AOD
jNO3a, per second, photolysis rate of NO3 -> NO + O2 calculated in TUV for cloud-free sky with local AOD
jNO3b, per second, photolysis rate of NO3 -> NO2 + O(3P) calculated in TUV for cloud-free sky with local AOD
jN2O5, per second, photolysis rate of N2O5 -> NO3 + NO + O(3P) calculated in TUV for cloud-free sky with local AOD
jO3, per second, photolysis rate of O3 -> O2 + O(1D) calculated in TUV for cloud-free sky with local AOD
AOD_500nm, unitless, UTC daily mean AOD at 500 nm from an AERONET station located at 40.178 N, -112.452 E
0
18
PI_CONTACT_INFO: eleanor.waxman@noaa.gov
PLATFORM: CSL Mobile Lab, at ground site
LOCATION: Salt Lake City, UT
ASSOCIATED_DATA:
INSTRUMENT_INFO: jNO2 filter radiometer.  TUV calculations are for mobile van lat/lon/altitude assuming clear sky (cloud AOD = 0) and daily mean AOD.
DATA_INFO:
UNCERTAINTY: Data uncertainties are +/- 20%.  These come from uncertainties in radiometer angular response, radiometer thermal response, local interferences from clouds/aerosols/shadows etc.
ULOD_FLAG: -7777
ULOD_VALUE: N/A
LLOD_FLAG: -8888
LLOD_VALUE: N/A
DM_CONTACT_INFO: eleanor.waxman@noaa.gov
PROJECT_INFO: USOS Project, July - August 2024
STIPULATIONS_ON_USE: Users are strongly encouraged to contact the PI for proper data usage.
OTHER_COMMENTS: 
REVISION: R0
R0: final data
Time_Start, Time_Stop, jNO2_meas, jBrCl, jBr2, jCCl4, jCH2Oa, jCH2Ob, jClNO2, jClOa, jClOb, jCl2, jHNO2, jHNO3, jI2, jNO2, jNO3a, jNO3b, jN2O5, jO3, AOD_500nm
       0,      60,0.0043412,0.00677,0.02215,1.575e-25,1.235e-05,2.231e-05,0.0002237,5.574e-26,9.901e-06,0.001211,0.0008251,1.754e-07,0.08469,0.005268,0.01717,0.1335,1.871e-05,6.151e-06,0.31
      60,     120,0.0046745,0.006731,0.02204,1.546e-25,1.222e-05,2.212e-05,0.0002218,5.474e-26,9.738e-06,0.001202,0.0008192,1.732e-07,0.08433,0.005232,0.01711,0.133,1.854e-05,6.047e-06,0.31
     120,     180,0.0049448,0.006695,0.02194,1.519e-25,1.21e-05,2.193e-05,0.00022,5.383e-26,9.586e-06,0.001193,0.0008136,1.711e-07,0.084,0.005198,0.01705,0.1325,1.838e-05,5.95e-06,0.31
     180,     240,0.0047722,0.006655,0.02183,1.491e-25,1.197e-05,2.174e-05,0.0002181,5.287e-26,9.425e-06,0.001184,0.0008076,1.689e-07,0.08363,0.005162,0.01698,0.1319,1.821e-05,5.847e-06,0.31
     240,     300,0.0047147,0.006616,0.02171,1.465e-25,1.183e-05,2.154e-05,0.0002162,5.194e-26,9.265e-06,0.001175,0.0008016,1.666e-07,0.08327,0.005126,0.01692,0.1314,1.804e-05,5.745e-06,0.31
     300,     360,0.0048984,0.006578,0.02161,1.44e-25,1.171e-05,2.136e-05,0.0002144,5.109e-26,9.116e-06,0.001166,0.000796,1.646e-07,0.08292,0.005092,0.01686,0.1308,1.788e-05,5.651e-06,0.31
     360,     420,0.004807,0.006538,0.02149,1.414e-25,1.158e-05,2.116e-05,0.0002125,5.02e-26,8.96e-06,0.001157,0.0007899,1.624e-07,0.08255,0.005056,0.01679,0.1303,1.771e-05,5.551e-06,0.31
     420,     480,0.0049729,0.006498,0.02138,1.389e-25,1.145e-05,2.096e-05,0.0002105,4.934e-26,8.804e-06,0.001148,0.0007839,1.602e-07,0.08217,0.005019,0.01673,0.1297,1.754e-05,5.452e-06,0.31
     480,     540,0.0048569,0.006459,0.02127,1.366e-25,1.133e-05,2.078e-05,0.0002087,4.854e-26,8.659e-06,0.001139,0.0007781,1.582e-07,0.08181,0.004984,0.01666,0.1292,1.738e-05,5.36e-06,0.31
     540,     600,0.0047323,0.006418,0.02115,1.342e-25,1.119e-05,2.058e-05,0.0002068,4.771e-26,8.506e-06,0.001129,0.000772,1.56e-07,0.08143,0.004947,0.01659,0.1286,1.721e-05,5.263e-06,0.31
     600,     660,0.0045461,0.006377,0.02103,1.318e-25,1.106e-05,2.038e-05,0.0002049,4.69e-26,8.354e-06,0.00112,0.0007659,1.538e-07,0.08104,0.00491,0.01653,0.128,1.704e-05,5.167e-06,0.31
     660,     720,0.0045678,0.006338,0.02092,1.297e-25,1.094e-05,2.019e-05,0.0002031,4.615e-26,8.213e-06,0.001111,0.0007601,1.518e-07,0.08067,0.004875,0.01646,0.1275,1.688e-05,5.077e-06,0.31
     720,     780,0.0047038,0.006297,0.0208,1.274e-25,1.081e-05,1.999e-05,0.0002011,4.538e-26,8.065e-06,0.001102,0.0007539,1.497e-07,0.08028,0.004837,0.01639,0.1269,1.671e-05,4.983e-06,0.31
     780,     840,0.0046455,0.006255,0.02068,1.252e-25,1.068e-05,1.98e-05,0.0001992,4.462e-26,7.917e-06,0.001092,0.0007476,1.476e-07,0.07988,0.004799,0.01632,0.1263,1.654e-05,4.89e-06,0.31
     840,     900,0.0045797,0.006215,0.02057,1.232e-25,1.056e-05,1.961e-05,0.0001974,4.392e-26,7.78e-06,0.001083,0.0007418,1.456e-07,0.0795,0.004764,0.01625,0.1257,1.638e-05,4.803e-06,0.31
     900,     960,0.0046526,0.006172,0.02044,1.211e-25,1.043e-05,1.941e-05,0.0001954,4.319e-26,7.635e-06,0.001074,0.0007355,1.435e-07,0.0791,0.004726,0.01618,0.1251,1.62e-05,4.712e-06,0.31
     960,    1020,0.0043603,0.006129,0.02032,1.19e-25,1.03e-05,1.921e-05,0.0001935,4.248e-26,7.492e-06,0.001064,0.0007292,1.414e-07,0.07869,0.004687,0.01611,0.1245,1.603e-05,4.621e-06,0.31
    1020,    1080,0.0040249,0.006089,0.0202,1.171e-25,1.018e-05,1.902e-05,0.0001916,4.182e-26,7.358e-06,0.001055,0.0007233,1.394e-07,0.0783,0.004651,0.01604,0.1239,1.587e-05,4.537e-06,0.31
    1080,    1140,0.0044233,0.006046,0.02008,1.152e-25,1.005e-05,1.882e-05,0.0001897,4.114e-26,7.218e-06,0.001045,0.0007169,1.374e-07,0.07788,0.004613,0.01596,0.1232,1.57e-05,4.449e-06,0.31
    1140,    1200,0.0042686,0.006002,0.01995,1.132e-25,9.923e-06,1.862e-05,0.0001877,4.047e-26,7.079e-06,0.001036,0.0007106,1.353e-07,0.07746,0.004574,0.01589,0.1226,1.553e-05,4.362e-06,0.31
    1200,    1260,0.0042325,0.005961,0.01983,1.114e-25,9.802e-06,1.843e-05,0.0001859,3.985e-26,6.95e-06,0.001027,0.0007045,1.334e-07,0.07706,0.004537,0.01581,0.122,1.537e-05,4.28e-06,0.31
    1260,    1320,0.0040863,0.005917,0.0197,1.096e-25,9.674e-06,1.823e-05,0.0001839,3.921e-26,6.814e-06,0.001017,0.0006981,1.313e-07,0.07663,0.004498,0.01574,0.1213,1.52e-05,4.195e-06,0.31
    1320,    1380,0.003965,0.005872,0.01958,1.078e-25,9.546e-06,1.803e-05,0.000182,3.858e-26,6.679e-06,0.001007,0.0006917,1.293e-07,0.0762,0.004459,0.01566,0.1207,1.503e-05,4.111e-06,0.31
    1380,    1440,0.0035127,0.00583,0.01945,1.061e-25,9.427e-06,1.785e-05,0.0001801,3.8e-26,6.554e-06,0.000998,0.0006857,1.274e-07,0.07579,0.004422,0.01559,0.1201,1.487e-05,4.032e-06,0.31
    1440,    1500,0.0035843,0.005785,0.01932,1.043e-25,9.3e-06,1.765e-05,0.0001782,3.739e-26,6.422e-06,0.0009883,0.0006792,1.254e-07,0.07535,0.004382,0.01551,0.1194,1.469e-05,3.95e-06,0.31
    1500,    1560,0.0041237,0.00574,0.01919,1.026e-25,9.174e-06,1.745e-05,0.0001762,3.68e-26,6.292e-06,0.0009785,0.0006727,1.234e-07,0.07491,0.004343,0.01543,0.1187,1.452e-05,3.868e-06,0.31
    1560,    1620,0.003732,0.005697,0.01906,1.01e-25,9.055e-06,1.726e-05,0.0001744,3.625e-26,6.171e-06,0.0009692,0.0006666,1.216e-07,0.07448,0.004305,0.01535,0.1181,1.436e-05,3.792e-06,0.31
    1620,    1680,0.0037813,0.005652,0.01893,9.938e-26,8.929e-06,1.706e-05,0.0001724,3.568e-26,6.044e-06,0.0009594,0.0006601,1.196e-07,0.07403,0.004265,0.01527,0.1174,1.419e-05,3.713e-06,0.31
    1680,    1740,0.0025975,0.005606,0.01879,9.775e-26,8.804e-06,1.686e-05,0.0001704,3.512e-26,5.918e-06,0.0009495,0.0006535,1.177e-07,0.07357,0.004225,0.01519,0.1167,1.402e-05,3.635e-06,0.31
    1740,    1800,0.0033931,0.005562,0.01867,9.626e-26,8.687e-06,1.667e-05,0.0001686,3.46e-26,5.801e-06,0.0009402,0.0006474,1.158e-07,0.07314,0.004187,0.01511,0.116,1.386e-05,3.562e-06,0.31
    1800,    1860,0.0036029,0.005516,0.01853,9.471e-26,8.563e-06,1.647e-05,0.0001666,3.406e-26,5.679e-06,0.0009304,0.0006408,1.139e-07,0.07267,0.004146,0.01502,0.1153,1.369e-05,3.485e-06,0.31
    1860,    1920,0.0035808,0.005469,0.01839,9.318e-26,8.439e-06,1.627e-05,0.0001647,3.353e-26,5.557e-06,0.0009204,0.0006342,1.12e-07,0.0722,0.004106,0.01494,0.1146,1.352e-05,3.41e-06,0.31
    1920,    1980,0.0038396,0.005425,0.01826,9.177e-26,8.323e-06,1.608e-05,0.0001628,3.304e-26,5.444e-06,0.0009111,0.000628,1.102e-07,0.07176,0.004067,0.01486,0.1139,1.336e-05,3.34e-06,0.31
    1980,    2040,0.0036863,0.005378,0.01812,9.031e-26,8.2e-06,1.588e-05,0.0001609,3.253e-26,5.326e-06,0.0009012,0.0006213,1.084e-07,0.07128,0.004027,0.01477,0.1132,1.319e-05,3.267e-06,0.31
    2040,    2100,0.002697,0.00533,0.01798,8.886e-26,8.077e-06,1.568e-05,0.0001589,3.202e-26,5.21e-06,0.0008912,0.0006147,1.065e-07,0.0708,0.003986,0.01468,0.1125,1.303e-05,3.194e-06,0.31
    2100,    2160,0.0033833,0.005285,0.01784,8.753e-26,7.963e-06,1.55e-05,0.0001571,3.156e-26,5.101e-06,0.0008818,0.0006084,1.047e-07,0.07034,0.003947,0.0146,0.1118,1.287e-05,3.127e-06,0.31
    2160,    2220,0.003391,0.005237,0.0177,8.614e-26,7.842e-06,1.53e-05,0.0001551,3.108e-26,4.988e-06,0.0008719,0.0006018,1.029e-07,0.06985,0.003906,0.01451,0.111,1.27e-05,3.057e-06,0.31
    2220,    2280,0.0035938,0.005189,0.01756,8.477e-26,7.72e-06,1.51e-05,0.0001531,3.06e-26,4.875e-06,0.0008619,0.0005951,1.011e-07,0.06935,0.003864,0.01442,0.1103,1.253e-05,2.987e-06,0.31
    2280,    2340,0.0035287,0.005144,0.01742,8.351e-26,7.607e-06,1.491e-05,0.0001513,3.016e-26,4.771e-06,0.0008525,0.0005888,9.939e-08,0.06888,0.003825,0.01433,0.1096,1.237e-05,2.923e-06,0.31
    2340,    2400,0.0034908,0.005095,0.01727,8.219e-26,7.488e-06,1.471e-05,0.0001494,2.97e-26,4.662e-06,0.0008425,0.0005821,9.76e-08,0.06838,0.003784,0.01424,0.1088,1.221e-05,2.856e-06,0.31
    2400,    2460,0.003459,0.005046,0.01712,8.09e-26,7.369e-06,1.452e-05,0.0001474,2.925e-26,4.555e-06,0.0008325,0.0005754,9.582e-08,0.06787,0.003742,0.01414,0.108,1.204e-05,2.789e-06,0.31
    2460,    2520,0.0034153,0.005,0.01699,7.97e-26,7.258e-06,1.433e-05,0.0001456,2.883e-26,4.455e-06,0.0008231,0.000569,9.417e-08,0.06739,0.003703,0.01406,0.1073,1.188e-05,2.728e-06,0.31
    2520,    2580,0.0033639,0.00495,0.01684,7.845e-26,7.14e-06,1.413e-05,0.0001436,2.839e-26,4.351e-06,0.000813,0.0005623,9.242e-08,0.06687,0.003661,0.01396,0.1065,1.172e-05,2.664e-06,0.31
    2580,    2640,0.0033192,0.0049,0.01668,7.721e-26,7.023e-06,1.394e-05,0.0001417,2.796e-26,4.247e-06,0.000803,0.0005556,9.069e-08,0.06635,0.003619,0.01386,0.1057,1.155e-05,2.6e-06,0.31
    2640,    2700,0.0032808,0.004853,0.01654,7.608e-26,6.913e-06,1.375e-05,0.0001399,2.757e-26,4.152e-06,0.0007936,0.0005492,8.907e-08,0.06585,0.003579,0.01377,0.1049,1.14e-05,2.541e-06,0.31
    2700,    2760,0.0032442,0.004803,0.01639,7.489e-26,6.797e-06,1.356e-05,0.0001379,2.715e-26,4.052e-06,0.0007835,0.0005425,8.738e-08,0.06532,0.003537,0.01367,0.1041,1.123e-05,2.48e-06,0.31
    2760,    2820,0.0032017,0.004753,0.01624,7.372e-26,6.682e-06,1.336e-05,0.000136,2.674e-26,3.954e-06,0.0007735,0.0005357,8.569e-08,0.06479,0.003495,0.01357,0.1033,1.107e-05,2.42e-06,0.31
    2820,    2880,0.00318,0.004705,0.01609,7.263e-26,6.575e-06,1.318e-05,0.0001342,2.636e-26,3.863e-06,0.0007641,0.0005293,8.413e-08,0.06428,0.003455,0.01348,0.1025,1.091e-05,2.364e-06,0.31
    2880,    2940,0.0031445,0.004655,0.01593,7.15e-26,6.461e-06,1.299e-05,0.0001323,2.597e-26,3.767e-06,0.000754,0.0005225,8.247e-08,0.06373,0.003413,0.01338,0.1017,1.075e-05,2.305e-06,0.31
    2940,    3000,0.0031011,0.004604,0.01578,7.039e-26,6.348e-06,1.279e-05,0.0001304,2.558e-26,3.673e-06,0.000744,0.0005158,8.084e-08,0.06318,0.00337,0.01327,0.1008,1.059e-05,2.248e-06,0.31
    3000,    3060,0.00306,0.004555,0.01563,6.936e-26,6.242e-06,1.261e-05,0.0001286,2.522e-26,3.586e-06,0.0007346,0.0005094,7.932e-08,0.06267,0.00333,0.01318,0.1,1.044e-05,2.195e-06,0.31
    3060,    3120,0.0030145,0.004504,0.01547,6.829e-26,6.131e-06,1.242e-05,0.0001267,2.484e-26,3.495e-06,0.0007245,0.0005025,7.772e-08,0.0621,0.003287,0.01307,0.09919,1.027e-05,2.139e-06,0.31
    3120,    3180,0.0029767,0.004453,0.01531,6.723e-26,6.02e-06,1.222e-05,0.0001248,2.447e-26,3.406e-06,0.0007147,0.0004959,7.613e-08,0.06154,0.003245,0.01297,0.09831,1.012e-05,2.085e-06,0.31
    3180,    3240,0.0029412,0.004404,0.01516,6.625e-26,5.919e-06,1.205e-05,0.000123,2.413e-26,3.323e-06,0.0007052,0.0004894,7.465e-08,0.061,0.003205,0.01287,0.0975,9.964e-06,2.034e-06,0.31
    3240,    3300,0.0028921,0.004352,0.015,6.522e-26,5.809e-06,1.186e-05,0.0001211,2.377e-26,3.236e-06,0.0006952,0.0004828,7.311e-08,0.06042,0.003162,0.01276,0.0966,9.804e-06,1.982e-06,0.31
    3300,    3360,0.0028425,0.004299,0.01484,6.422e-26,5.698e-06,1.167e-05,0.0001192,2.341e-26,3.151e-06,0.0006851,0.0004758,7.156e-08,0.05985,0.003119,0.01265,0.09572,9.645e-06,1.929e-06,0.31
    3360,    3420,0.0027943,0.004249,0.01468,6.328e-26,5.598e-06,1.149e-05,0.0001174,2.309e-26,3.073e-06,0.0006756,0.0004694,7.014e-08,0.0593,0.003077,0.01255,0.09487,9.495e-06,1.882e-06,0.31
    3420,    3480,0.0027584,0.004196,0.01452,6.23e-26,5.496e-06,1.13e-05,0.0001155,2.274e-26,2.993e-06,0.0006653,0.0004621,6.868e-08,0.05871,0.003034,0.01244,0.09396,9.335e-06,1.833e-06,0.31
    3480,    3540,0.0027128,0.004145,0.01435,6.134e-26,5.391e-06,1.113e-05,0.0001138,2.24e-26,2.911e-06,0.0006562,0.0004561,6.72e-08,0.05812,0.002994,0.01232,0.09305,9.189e-06,1.784e-06,0.31
    3540,    3600,0.0026786,0.004095,0.0142,6.045e-26,5.286e-06,1.094e-05,0.000112,2.209e-26,2.836e-06,0.0006467,0.0004496,6.578e-08,0.05756,0.002953,0.01222,0.09218,9.038e-06,1.738e-06,0.31
    3600,    3660,0.0026378,0.004042,0.01403,5.951e-26,5.186e-06,1.076e-05,0.0001101,2.176e-26,2.759e-06,0.0006368,0.0004429,6.437e-08,0.05695,0.00291,0.0121,0.09124,8.885e-06,1.692e-06,0.31
    3660,    3720,0.0026,0.003989,0.01386,5.859e-26,5.081e-06,1.057e-05,0.0001083,2.144e-26,2.683e-06,0.0006269,0.0004361,6.293e-08,0.05634,0.002867,0.01199,0.0903,8.73e-06,1.645e-06,0.31
    3720,    3780,0.0025608,0.003938,0.0137,5.774e-26,4.986e-06,1.04e-05,0.0001066,2.114e-26,2.614e-06,0.0006176,0.0004298,6.162e-08,0.05576,0.002827,0.01188,0.08941,8.587e-06,1.603e-06,0.31
    3780,    3840,0.0025204,0.003885,0.01353,5.684e-26,4.885e-06,1.022e-05,0.0001047,2.082e-26,2.54e-06,0.0006078,0.0004231,6.022e-08,0.05515,0.002784,0.01176,0.08846,8.435e-06,1.559e-06,0.31
    3840,    3900,0.0024781,0.003831,0.01336,5.596e-26,4.785e-06,1.004e-05,0.0001029,2.051e-26,2.468e-06,0.000598,0.0004164,5.885e-08,0.05452,0.002741,0.01164,0.08749,8.284e-06,1.516e-06,0.31
    3900,    3960,0.0024353,0.00378,0.0132,5.514e-26,4.692e-06,9.871e-06,0.0001012,2.022e-26,2.402e-06,0.0005888,0.0004101,5.757e-08,0.05393,0.002701,0.01153,0.08657,8.142e-06,1.475e-06,0.31
    3960,    4020,0.0023988,0.003727,0.01303,5.429e-26,4.594e-06,9.693e-06,9.945e-05,1.992e-26,2.333e-06,0.0005791,0.0004034,5.624e-08,0.0533,0.002659,0.01141,0.08559,7.993e-06,1.434e-06,0.31
    4020,    4080,0.002359,0.003673,0.01285,5.345e-26,4.496e-06,9.515e-06,9.766e-05,1.962e-26,2.265e-06,0.0005694,0.0003967,5.491e-08,0.05266,0.002616,0.01128,0.0846,7.845e-06,1.393e-06,0.31
    4080,    4140,0.0023306,0.003622,0.01269,5.267e-26,4.406e-06,9.35e-06,9.6e-05,1.935e-26,2.203e-06,0.0005603,0.0003905,5.369e-08,0.05206,0.002576,0.01117,0.08367,7.707e-06,1.356e-06,0.31
    4140,    4200,0.0022915,0.003568,0.01251,5.185e-26,4.311e-06,9.175e-06,9.424e-05,1.906e-26,2.138e-06,0.0005507,0.0003839,5.241e-08,0.05142,0.002533,0.01104,0.08266,7.561e-06,1.316e-06,0.31
    4200,    4260,0.0022634,0.003513,0.01234,5.104e-26,4.217e-06,9.001e-06,9.249e-05,1.877e-26,2.075e-06,0.0005411,0.0003773,5.115e-08,0.05076,0.002491,0.01092,0.08165,7.416e-06,1.278e-06,0.31
    4260,    4320,0.0022195,0.003462,0.01217,5.029e-26,4.129e-06,8.839e-06,9.084e-05,1.851e-26,2.016e-06,0.0005321,0.0003711,4.997e-08,0.05015,0.002451,0.0108,0.08069,7.281e-06,1.243e-06,0.31
    4320,    4380,0.0021829,0.003408,0.012,4.95e-26,4.037e-06,8.668e-06,8.912e-05,1.823e-26,1.955e-06,0.0005226,0.0003645,4.875e-08,0.04949,0.002409,0.01067,0.07966,7.138e-06,1.206e-06,0.31
    4380,    4440,0.0021435,0.003353,0.01182,4.873e-26,3.946e-06,8.498e-06,8.74e-05,1.795e-26,1.896e-06,0.0005131,0.000358,4.754e-08,0.04882,0.002367,0.01054,0.07862,6.996e-06,1.171e-06,0.31
    4440,    4500,0.002104,0.003302,0.01165,4.801e-26,3.862e-06,8.339e-06,8.58e-05,1.77e-26,1.841e-06,0.0005042,0.0003519,4.642e-08,0.04819,0.002327,0.01042,0.07764,6.864e-06,1.138e-06,0.31
    4500,    4560,0.0020741,0.003247,0.01147,4.725e-26,3.773e-06,8.172e-06,8.411e-05,1.743e-26,1.784e-06,0.0004948,0.0003455,4.525e-08,0.04752,0.002285,0.01028,0.07658,6.725e-06,1.104e-06,0.31
    4560,    4620,0.0020401,0.003192,0.01129,4.651e-26,3.685e-06,8.006e-06,8.243e-05,1.717e-26,1.728e-06,0.0004855,0.000339,4.409e-08,0.04684,0.002243,0.01015,0.07552,6.587e-06,1.07e-06,0.31
    4620,    4680,0.0020095,0.003141,0.01112,4.581e-26,3.604e-06,7.852e-06,8.086e-05,1.692e-26,1.677e-06,0.0004768,0.000333,4.302e-08,0.04619,0.002204,0.01002,0.07451,6.458e-06,1.039e-06,0.31
    4680,    4740,0.0019749,0.003086,0.01094,4.509e-26,3.518e-06,7.689e-06,7.921e-05,1.666e-26,1.624e-06,0.0004675,0.0003266,4.191e-08,0.04551,0.002163,0.009887,0.07343,6.322e-06,1.008e-06,0.31
    4740,    4800,0.0019423,0.003032,0.01076,4.438e-26,3.434e-06,7.528e-06,7.757e-05,1.641e-26,1.572e-06,0.0004584,0.0003203,4.081e-08,0.04481,0.002122,0.00975,0.07235,6.188e-06,9.763e-07,0.31
    4800,    4860,0.0019141,0.002981,0.01059,4.371e-26,3.356e-06,7.378e-06,7.604e-05,1.617e-26,1.524e-06,0.0004498,0.0003143,3.98e-08,0.04416,0.002083,0.00962,0.07132,6.063e-06,9.479e-07,0.31
    4860,    4920,0.0018851,0.002926,0.0104,4.302e-26,3.273e-06,7.22e-06,7.443e-05,1.592e-26,1.475e-06,0.0004407,0.0003081,3.873e-08,0.04346,0.002042,0.009481,0.07022,5.931e-06,9.182e-07,0.31
    4920,    4980,0.001853,0.002871,0.01022,4.233e-26,3.192e-06,7.063e-06,7.283e-05,1.568e-26,1.426e-06,0.0004317,0.0003018,3.769e-08,0.04275,0.002001,0.00934,0.06911,5.8e-06,8.892e-07,0.31
    4980,    5040,0.0018209,0.00282,0.01005,4.169e-26,3.117e-06,6.917e-06,7.135e-05,1.545e-26,1.382e-06,0.0004233,0.000296,3.672e-08,0.04209,0.001963,0.009207,0.06806,5.679e-06,8.626e-07,0.31
