CampaignData_and_Merges/R0/CSL_MobileLab_Parked/raw/20240731/USOS-PTR_MobileLabGround_20240731_R0.ict
58, 1001
Matthew Coggon, Kelvin Bates, Chelsea Stockwell, Carsten Warneke
NOAA ESRL Chemical Sciences Division
NOAA PTR-ToF-MS
USOS
1,1 
2024, 07, 31, 2025, 09, 19
0
Time_Start, seconds, number of seconds from 00:00 UTC 
22
1, 1, 1, 1, 1, 1, 1, 1, 1, 1, 1, 1, 1, 1, 1, 1, 1, 1, 1, 1, 1, 1
-9999, -9999, -9999, -9999, -9999, -9999, -9999, -9999, -9999, -9999, -9999, -9999, -9999, -9999, -9999, -9999, -9999, -9999, -9999, -9999, -9999, -9999
CH3OH_NOAAPTR_ppbv,  ppbv, Gas_CH3OH_InSitu_S_AVMR, (CH3OH) methanol
CH3CN_NOAAPTR_ppbv,  ppbv, Gas_CH3CN_InSitu_S_AVMR, (CH3CN) acetonitrile
CH3CHO_NOAAPTR_ppbv,  ppbv, Gas_CH3CHO_InSitu_S_AVMR, (CH3CHO) acetaldehyde plus contributions from ethylene glycol and ethylene oxide. Interference from ethanol has been subtracted out.
C2H5OH_NOAAPTR_ppbv,  ppbv, Gas_C2H5OH_InSitu_S_AVMR, (C2H5OH) ethanol
CH3SH_NOAAPTR_ppbv,  ppbv, Gas_CH3SH_InSitu_S_AVMR, (CH3SH) methanethiol, using calibration factor for DMS
Acrolein_NOAAPTR_ppbv,  ppbv, Gas_Acrolein_InSitu_S_AVMR, (C3H4O) acrolein
AcetonePropanal_NOAAPTR_ppbv,  ppbv, Gas_AcetoneAndPropanal_InSitu_S_AVMR, (C3H6O) sum of acetone (dominant isomer) and propanal, using calibration factor for acetone
DMS_NOAAPTR_ppbv,  ppbv, Gas_DMS_InSitu_S_AVMR, (C2H6S) dimethyl sulfide with possible small contributions from ethanethiol
C5H8_NOAAPTR_ppbv,  ppbv, Gas_Isoprene_InSitu_S_AVMR, (C5H8) isoprene and possible fragments from cycloalkanes and aldehydes. Interferences have been subtracted following methods described by Coggon et al (2023)
MVKMAC_NOAAPTR_ppbv,  ppbv, Gas_MVKAndMAC_InSitu_S_AVMR, (C4H6O) sum of methyl vinyl ketone, methacrolein, and small amounts of crotonaldehyde, using weighted calibration factor for MVK (0.637) and MACR (0.363)
Benzene_NOAAPTR_ppbv,  ppbv, Gas_Benzene_InSitu_S_AVMR, (C6H6) benzene
Toluene_NOAAPTR_ppbv,  ppbv, Gas_Toluene_InSitu_S_AVMR, (C7H8) toluene with possible small contributions of fragments from ethyltoluene
Styrene_NOAAPTR_ppbv,  ppbv, Gas_Styrene_InSitu_S_AVMR, (C8H8) styrene
Benzaldehyde_NOAAPTR_ppbv,  ppbv, Gas_Benzaldehyde_InSitu_S_AVMR, (C7H6O) benzaldehyde
C8Aromatics_NOAAPTR_ppbv,  ppbv, Gas_C8Aromatics_InSitu_M_AVMR, (C8H10) sum of m-xylene, p-xylene, o-xylene, and ethyl benzene
C9Aromatics_NOAAPTR_ppbv,  ppbv, Gas_C9Aromatics_InSitu_M_AVMR, (C9H12) sum of C9 aromatics
Naphthalene_NOAAPTR_ppbv,  ppbv, Gas_Naphthalene_InSitu_S_AVMR, (C10H8) naphthalene
Octanal_NOAAPTR_ppbv,  ppbv, Gas_Octanal_InSitu_S_AVMR, (C8H16O) octanal and small amounts of octanone
Monoterpenes_NOAAPTR_ppbv,  ppbv, Gas_Monoterpenes_InSitu_M_AVMR, (C10H16) sum of monoterpenes and possible contributions from fragments of oxygenated monoterpenoids such as eucalyptol.
Nonanal_NOAAPTR_ppbv,  ppbv, Gas_Nonanal_InSitu_M_AVMR, (C9H18O) nonanal and small amounts of nonanone
C7H4ClF3_NOAAPTR_ppbv,  ppbv, Gas_C7H4ClF3_InSitu_S_AVMR, (C7H4ClF3) parachlorobenzotrifluoride
C10H30O5Si5_NOAAPTR_ppbv,  ppbv, Gas_C10H30O5Si5_InSitu_S_AVMR, (C10H30O5Si5) decamethylcyclopentasiloxane
1
SPECIAL COMMENTS:N/A
21
PI_CONTACT_INFO: NOAA ESRL Chemical Sciences Division, Tropospheric Chemistry Group. 325 Broadway, R/CSD7, Boulder, CO 80305
PLATFORM: Mobile Laboratory.
LOCATION: Salt Lake City, UT
ASSOCIATED_DATA: N/A
INSTRUMENT_INFO: NOAA PTR-ToF-MS measurements on NOAA CSL Mobile Lab
DATA_INFO: Units: ppbv
UNCERTAINTY: See OTHER_COMMENTS
ULOD_FLAG: -7777
ULOD_VALUE: N/A
LLOD_FLAG: -8888
LLOD_VALUE: N/A.
DM_CONTACT_INFO: Data Managers: Matt Coggon, Kelvin Bates, Chelsea Stockwell; email: matthew.m.coggon@noaa.gov and kelvin.bates@colorado.edu
PROJECT_INFO: USOS Deployment July-August, 2024
STIPULATIONS_ON_USE: Use of these data require prior OK from PI.
OTHER_COMMENTS: Uncertainties:
CH3OH_NOAAPTR_ppbv:30%; CH3CN_NOAAPTR_ppbv:30%; CH3CHO_NOAAPTR_ppbv:30%; C2H5OH_NOAAPTR_ppbv:30%; CH3SH_NOAAPTR_ppbv:50%; Acrolein_NOAAPTR_ppbv:30%; AcetonePropanal_NOAAPTR_ppbv:30%; DMS_NOAAPTR_ppbv:30%; C5H8_NOAAPTR_ppbv:30%; MVKMAC_NOAAPTR_ppbv:30%; 
Benzene_NOAAPTR_ppbv:30%; Toluene_NOAAPTR_ppbv:30%; Styrene_NOAAPTR_ppbv:30%; Benzaldehyde_NOAAPTR_ppbv:30%; C8Aromatics_NOAAPTR_ppbv:30%; C9Aromatics_NOAAPTR_ppbv:30%; Naphthalene_NOAAPTR_ppbv:30%; Octanal_NOAAPTR_ppbv:30%; Monoterpenes_NOAAPTR_ppbv:30%; Nonanal_NOAAPTR_ppbv:30%; 
C7H4ClF3_NOAAPTR_ppbv:30%; C10H30O5Si5_NOAAPTR_ppbv:30%; 
REVISION: R0
R0: Calibrated PTR Data. See individual species comments for details about measurement uncertainties
Time_Start, CH3OH_NOAAPTR_ppbv, CH3CN_NOAAPTR_ppbv, CH3CHO_NOAAPTR_ppbv, C2H5OH_NOAAPTR_ppbv, CH3SH_NOAAPTR_ppbv, Acrolein_NOAAPTR_ppbv, AcetonePropanal_NOAAPTR_ppbv, DMS_NOAAPTR_ppbv, C5H8_NOAAPTR_ppbv, MVKMAC_NOAAPTR_ppbv, Benzene_NOAAPTR_ppbv, Toluene_NOAAPTR_ppbv, Styrene_NOAAPTR_ppbv, Benzaldehyde_NOAAPTR_ppbv, C8Aromatics_NOAAPTR_ppbv, C9Aromatics_NOAAPTR_ppbv, Naphthalene_NOAAPTR_ppbv, Octanal_NOAAPTR_ppbv, Monoterpenes_NOAAPTR_ppbv, Nonanal_NOAAPTR_ppbv, C7H4ClF3_NOAAPTR_ppbv, C10H30O5Si5_NOAAPTR_ppbv
[from data line 875]
52500.0, 25.59222, 0.58697, 4.12218, 19.83745, 0.00727, 0.51236, 6.29062, 0.01529, 0.51374, 0.54516, 0.54886, 1.02212, 0.07639, 0.04771, 0.59458, 0.23892, -0.00008, 0.10225, 0.33487, 0.10949, 0.01783, 0.03332 
52560.0, 26.77542, 0.56689, 4.05120, 21.92064, 0.00782, 0.46693, 6.34952, 0.01679, 0.62033, 0.51584, 0.56720, 0.91369, 0.00623, 0.05535, 0.61066, 0.23630, 0.01633, 0.08595, 0.45355, 0.13516, 0.01300, 0.03854 
52620.0, 26.06499, 0.57936, 3.87627, 19.53981, -0.00050, 0.46954, 6.10156, -0.00599, 0.59748, 0.49159, 0.66510, 1.04589, 0.08164, 0.06319, 0.61060, 0.21877, 0.03231, 0.10244, 0.32298, 0.08963, 0.01251, 0.03346 
52680.0, 25.89611, 0.57804, 3.92565, 16.45348, 0.00520, 0.49344, 6.12261, 0.00199, 0.59136, 0.51837, 0.69811, 1.02151, 0.08307, 0.04699, 0.62671, 0.24101, 0.02244, 0.07773, 0.35626, 0.11120, 0.01391, 0.03548 
52740.0, 26.56333, 0.57434, 4.05722, 19.24356, 0.01080, 0.47523, 6.32439, 0.02734, 0.66232, 0.49333, 0.62536, 0.98997, 0.07912, 0.04324, 0.60646, 0.24285, 0.01344, 0.10143, 0.37817, 0.11671, 0.01799, 0.03681 
52800.0, 28.15745, 0.58251, 4.08701, 18.11140, 0.00292, 0.50883, 6.32696, 0.01323, 0.69203, 0.52761, 0.65560, 0.97891, 0.09102, 0.05171, 0.61354, 0.21991, 0.02011, 0.08975, 0.45469, 0.11379, 0.01643, 0.02437 
52860.0, 32.35728, 0.52895, 4.32938, 19.81912, 0.00949, 0.54600, 6.27738, 0.03507, 0.69235, 0.51912, 0.70127, 1.25140, 0.05015, 0.00137, 0.79370, 0.25486, 0.02123, 0.10019, 0.43284, 0.16540, 0.02024, 0.05386 
52920.0, 28.65422, 0.59539, 4.08475, 18.33622, 0.00473, 0.47678, 6.20637, 0.03512, 0.64747, 0.49458, 0.71148, 1.31208, 0.08127, -0.01367, 0.78252, 0.27869, 0.01159, 0.09028, 0.34168, 0.13905, 0.01792, 0.03901 
52980.0, 27.64131, 0.61649, 4.07499, 15.10250, 0.00728, 0.50593, 6.30082, 0.02227, 0.69255, 0.53432, 0.49782, 0.93998, -0.00484, 0.00422, 0.56150, 0.22161, 0.00304, 0.07965, 0.35836, 0.11111, 0.02294, 0.03579 
53040.0, 25.76917, 0.61272, 3.91592, 11.12118, 0.00996, 0.48640, 6.30459, 0.01976, 0.68237, 0.52465, 0.51881, 0.81158, -0.00482, -0.01628, 0.47271, 0.20417, 0.00519, 0.09134, 0.33759, 0.11357, 0.03095, 0.04087 
53100.0, 27.54455, 0.61957, 4.05183, 12.07893, 0.00819, 0.48869, 6.34951, 0.01792, 0.67248, 0.56041, 0.61333, 0.85418, 0.06681, 0.05812, 0.53385, 0.23822, 0.00648, 0.08075, 0.33845, 0.10474, 0.03069, 0.02898 
53160.0, 26.08348, 0.64533, 3.71142, 10.17937, 0.00295, 0.46143, 6.12697, 0.00471, 0.66196, 0.52253, 0.55670, 0.80276, 0.02138, 0.05047, 0.49513, 0.19970, -0.00248, 0.07679, 0.30777, 0.09020, 0.04099, 0.02963 
53220.0, 24.81713, 0.62466, 3.70199, 12.13420, 0.00414, 0.47756, 6.33437, 0.03138, 0.69209, 0.55177, 0.65044, 1.15859, 0.07967, 0.02770, 0.66178, 0.25025, 0.01256, 0.11040, 0.28925, 0.15359, 0.04990, 0.02838 
53280.0, 22.91949, 0.67139, 3.47676, 9.19009, 0.00193, 0.43700, 6.25921, 0.00103, 0.71212, 0.55995, 0.52522, 0.72871, 0.05228, 0.02628, 0.45708, 0.18239, -0.00249, 0.07542, 0.27213, 0.07638, 0.05589, 0.03526 
53340.0, 20.91977, 0.68128, 3.39267, 8.66474, 0.00631, 0.43893, 6.14965, 0.01251, 0.68832, 0.55868, 0.53700, 0.74756, 0.03948, 0.02279, 0.41972, 0.16146, 0.00364, 0.07262, 0.23113, 0.08770, 0.07540, 0.02094 
53400.0, 24.54789, 0.64159, 3.63166, 9.45531, 0.00405, 0.44694, 6.17242, -0.00995, 0.62836, 0.54525, 0.54051, 0.77185, 0.06474, 0.04511, 0.44832, 0.17769, -0.00182, 0.06960, 0.30262, 0.07876, 0.06563, 0.02620 
53460.0, 29.17165, 0.67065, 3.40144, 9.02644, 0.00354, 0.46534, 6.22286, -0.00993, 0.69534, 0.57390, 0.52064, 0.78245, 0.03577, 0.03294, 0.41648, 0.16657, -0.00147, 0.07686, 0.23755, 0.07316, 0.06743, 0.02436 
53520.0, 33.08488, 0.68353, 3.67506, 9.23829, 0.00636, 0.46288, 6.34406, -0.00227, 0.79542, 0.55729, 0.44119, 0.79677, 0.04457, 0.02717, 0.41416, 0.17660, 0.01804, 0.09516, 0.28818, 0.08191, 0.05785, 0.03352 
53580.0, 28.51667, 0.67902, 3.84926, 10.18382, 0.00347, 0.47668, 6.38266, -0.00163, 0.79432, 0.58610, 0.51548, 0.83545, 0.05496, 0.01865, 0.49328, 0.18866, 0.01903, 0.08898, 0.27117, 0.12196, 0.07142, 0.03464 
53640.0, 27.01690, 0.71659, 3.71387, 13.21980, 0.00197, 0.45445, 6.40270, 0.02107, 0.78421, 0.57457, 0.70598, 1.36229, -0.00466, 0.00388, 0.74447, 0.25226, 0.01457, 0.08281, 0.25577, 0.13661, 0.08440, 0.03247 
53700.0, 25.80559, 0.66484, 3.59040, 10.16201, 0.00343, 0.46729, 6.37479, 0.00920, 0.72728, 0.54970, 0.41941, 0.78588, 0.05165, 0.00111, 0.41534, 0.18000, -0.00711, 0.05015, 0.21904, 0.11383, 0.09309, 0.02773 
53760.0, 25.61851, 0.67961, 3.60080, 11.28813, 0.00681, 0.48381, 6.48988, 0.00492, 0.76244, 0.56602, 0.62916, 1.03074, 0.05403, 0.01893, 0.54247, 0.21179, 0.02355, 0.06262, 0.24517, 0.12493, 0.08594, 0.03135 
53820.0, 21.88082, 0.69407, 3.36051, 8.39799, 0.00419, 0.42109, 6.32678, 0.01823, 0.70320, 0.55824, 0.42949, 0.71237, 0.05421, -0.00121, 0.38200, 0.14488, 0.02887, 0.05348, 0.26428, 0.07821, 0.08737, 0.02327 
53880.0, 24.41331, 0.70414, 3.51758, 9.76590, 0.00285, 0.43666, 6.32695, 0.00374, 0.67230, 0.54740, 0.43871, 0.78818, 0.06971, -0.00641, 0.43096, 0.17506, 0.01391, 0.07820, 0.24537, 0.10379, 0.11622, 0.02926 
53940.0, 24.13808, 0.72802, 3.64700, 9.61635, 0.00255, 0.45814, 6.39938, 0.02491, 0.65632, 0.57334, 0.40553, 0.71784, 0.05509, -0.00575, 0.39486, 0.18079, 0.01837, 0.08637, 0.30049, 0.12063, 0.11787, 0.03064 
54000.0, 21.95807, 0.68099, 3.57168, 10.55908, 0.00710, 0.49016, 6.30490, 0.00361, 0.71737, 0.57625, 0.43946, 0.73457, 0.04138, -0.01628, 0.39626, 0.17130, 0.01275, 0.09568, 0.31955, 0.10063, 0.09051, 0.03102 
54060.0, 23.09039, 0.68358, 3.86273, 10.84922, 0.00279, 0.48269, 6.47067, -0.00975, 0.73205, 0.61597, 0.48258, 0.79134, 0.05969, 0.02318, 0.42322, 0.16950, 0.02189, 0.08482, 0.35095, 0.09542, 0.07256, 0.02762 
54120.0, 20.65954, 0.65943, 3.70634, 11.15664, 0.00728, 0.46416, 6.16712, 0.02460, 0.73718, 0.54688, 0.57646, 0.98382, 0.05745, 0.00906, 0.54592, 0.19504, 0.01669, 0.07230, 0.20443, 0.07521, 0.08026, 0.02408 
54180.0, 21.18524, 0.69944, 3.62423, 9.07117, 0.00411, 0.42927, 6.05653, 0.03382, 0.68534, 0.55856, 0.40444, 0.62664, 0.02655, 0.01542, 0.39766, 0.14716, 0.00741, 0.07657, 0.30510, 0.09156, 0.07829, 0.02709 
54240.0, 21.52242, 0.66304, 3.69208, 9.68269, 0.00479, 0.45837, 6.17386, 0.01673, 0.63947, 0.59219, 0.38697, 0.63450, 0.00713, 0.02173, 0.36476, 0.15150, 0.01077, 0.05754, 0.27432, 0.08614, 0.09249, 0.02746 
54300.0, 23.21768, 0.63712, 4.00340, 18.03023, 0.00682, 0.48859, 6.42740, 0.01584, 0.70488, 0.58274, 0.91001, 1.96126, 0.09183, 0.03062, 1.10682, 0.31824, 0.02567, 0.07861, 0.27575, 0.10649, 0.08965, 0.01849 
54360.0, 21.41554, 0.63185, 3.66153, 8.83890, 0.00531, 0.45037, 6.26962, -0.00844, 0.63828, 0.58693, 0.43241, 0.68299, 0.05536, -0.00354, 0.38462, 0.12902, -0.00718, 0.07482, 0.25671, 0.09584, 0.07544, 0.02385 
54420.0, 21.51105, 0.64694, 3.60216, 8.19787, 0.00177, 0.46948, 6.12884, 0.00218, 0.68768, 0.54838, 0.41948, 0.66623, 0.06260, -0.00904, 0.38644, 0.14564, 0.00339, 0.05721, 0.24877, 0.07647, 0.07997, 0.02441 
54480.0, 20.99578, 0.69129, 3.33400, 8.60561, -0.00107, 0.44781, 6.01494, 0.01742, 0.65433, 0.59943, 0.36727, 0.61440, -0.00443, 0.02807, 0.42581, 0.12964, 0.01169, 0.06213, 0.24854, 0.10181, 0.05404, 0.02895 
54540.0, 20.88813, 0.67036, 3.27730, 8.11611, 0.00140, 0.39874, 6.07576, -0.00620, 0.64908, 0.56493, 0.39460, 0.63156, -0.00160, 0.02061, 0.35025, 0.14078, 0.01733, 0.06590, 0.23131, 0.08719, 0.07383, 0.02631 
54600.0, 19.98033, 0.62893, 3.38140, 8.62589, 0.00191, 0.42772, 5.97959, 0.01031, 0.60352, 0.58040, 0.44949, 0.58173, 0.05860, 0.00935, 0.37484, 0.14054, 0.00898, 0.07080, 0.24650, 0.08893, 0.06400, 0.02437 
54660.0, 21.35795, 0.63505, 3.33358, 8.70007, 0.00484, 0.40014, 5.98320, -0.00958, 0.65290, 0.57640, 0.39002, 0.57949, 0.04133, 0.02496, 0.38550, 0.13336, -0.00078, 0.05194, 0.25696, 0.08083, 0.06394, 0.02601 
54720.0, 20.52604, 0.67415, 3.65739, 9.68355, 0.00488, 0.41060, 6.07328, -0.00110, 0.66822, 0.57564, 0.47338, 0.62885, 0.06766, 0.02075, 0.34717, 0.13461, 0.00680, 0.08906, 0.28635, 0.10535, 0.06488, 0.02486 
54780.0, 21.24653, 0.60772, 3.49016, 9.24337, 0.00574, 0.46436, 6.09962, -0.00545, 0.66587, 0.58026, 0.40101, 0.66415, 0.05970, 0.00539, 0.37060, 0.13508, 0.01358, 0.09067, 0.30796, 0.09530, 0.06343, 0.03360 
54840.0, 26.39553, 0.66719, 3.81004, 9.83163, 0.00835, 0.43973, 6.21094, 0.00953, 0.71298, 0.60843, 0.65899, 0.94592, 0.06225, 0.03443, 0.62342, 0.23762, 0.00902, 0.05420, 0.28897, 0.09875, 0.06368, 0.02966 
54900.0, 21.32212, 0.67413, 3.29548, 9.13330, 0.00176, 0.40001, 6.01629, 0.01288, 0.54790, 0.60355, 0.47809, 0.68287, 0.06112, 0.00669, 0.39715, 0.16404, 0.01938, 0.09121, 0.27015, 0.08762, 0.05804, 0.02438 
54960.0, 22.03560, 0.62022, 3.43326, 9.89469, 0.00839, 0.46901, 6.08550, 0.01365, 0.58986, 0.59490, 0.37438, 0.63423, 0.01812, 0.01469, 0.37947, 0.14222, -0.00466, 0.11373, 0.23547, 0.11049, 0.06053, 0.02680 
55020.0, 20.80585, 0.59221, 3.22299, 9.55214, 0.00741, 0.42379, 5.80969, 0.00569, 0.49535, 0.57973, 0.36985, 0.52880, 0.04308, 0.00934, 0.33292, 0.13372, -0.00687, 0.06375, 0.20536, 0.09420, 0.05080, 0.02545 
55080.0, 20.10239, 0.63729, 3.27346, 11.55930, 0.00479, 0.42474, 5.71411, 0.00719, 0.50971, 0.56224, 0.38805, 0.55871, 0.04491, 0.00736, 0.34341, 0.13864, 0.00780, 0.05421, 0.21577, 0.06789, 0.07507, 0.01886 
55140.0, 20.05931, 0.61555, 3.35999, 10.65836, 0.00018, 0.39783, 5.86236, 0.00337, 0.54521, 0.56546, 0.43502, 0.56907, 0.05229, 0.01427, 0.37811, 0.14250, 0.01392, 0.04416, 0.21566, 0.07659, 0.06749, 0.02200 
55200.0, 21.20627, 0.59390, 3.41753, 13.28611, -0.00036, 0.42660, 5.86806, 0.00614, 0.57939, 0.59016, 0.42668, 0.70753, 0.03750, 0.00428, 0.39745, 0.14404, 0.00453, 0.05517, 0.22323, 0.08889, 0.09764, 0.02219 
55260.0, 21.82840, 0.60432, 3.67897, 12.84519, 0.00452, 0.42574, 5.81299, 0.02289, 0.62002, 0.56245, 0.52493, 0.77261, 0.05144, 0.00396, 0.47457, 0.16642, 0.01229, 0.05397, 0.23054, 0.07903, 0.08786, 0.02263 
55320.0, 19.92774, 0.59210, 3.36985, 14.11609, 0.00139, 0.40187, 5.82494, 0.01469, 0.51015, 0.59473, 0.44393, 0.61857, 0.00812, 0.01214, 0.37971, 0.15068, -0.00139, 0.06850, 0.22310, 0.06807, 0.11353, 0.02879 
55380.0, 20.36532, 0.59522, 3.26920, 12.84040, 0.00048, 0.41412, 5.61060, -0.00724, 0.53915, 0.56582, 0.40181, 0.60390, 0.00833, 0.03840, 0.37963, 0.13309, 0.00193, 0.04841, 0.22730, 0.08983, 0.12926, 0.02236 
55440.0, 20.24162, 0.60584, 3.54047, 13.01785, 0.00389, 0.42688, 5.65704, -0.00135, 0.59171, 0.58973, 0.41449, 0.59730, 0.05415, 0.03468, 0.38060, 0.14469, 0.01088, 0.05304, 0.23988, 0.04837, 0.14565, 0.02524 
55500.0, 20.81792, 0.62208, 3.54522, 12.57251, 0.00288, 0.43437, 5.78424, 0.01833, 0.57210, 0.57252, 0.41185, 0.60930, 0.01590, -0.00629, 0.38277, 0.13733, 0.01426, 0.07191, 0.20188, 0.10435, 0.11268, 0.02036 
55560.0, 20.51509, 0.63781, 3.33307, 12.43589, -0.00077, 0.41914, 5.79887, -0.00191, 0.55910, 0.58399, 0.44671, 0.59102, 0.03350, -0.00899, 0.32966, 0.11837, 0.02395, 0.03902, 0.21372, 0.09084, 0.12661, 0.01981 
55620.0, 19.98070, 0.57969, 3.31714, 12.55710, 0.00403, 0.44240, 5.68171, 0.00278, 0.50530, 0.59636, 0.41245, 0.60082, 0.04818, 0.03996, 0.34383, 0.13829, 0.00530, 0.05388, 0.21090, 0.06877, 0.15807, 0.02552 
55680.0, 22.22813, 0.59028, 3.54362, 11.40744, 0.00244, 0.40505, 5.62072, 0.00627, 0.66089, 0.58915, 0.40401, 0.58516, 0.03104, 0.01904, 0.37018, 0.14317, 0.02207, 0.07416, 0.21920, 0.08044, 0.16050, 0.02634 
55740.0, 19.34675, 0.59811, 3.45991, 10.78852, 0.00601, 0.40908, 5.47548, 0.01004, 0.63878, 0.65362, 0.41723, 0.55727, 0.03164, 0.00119, 0.35451, 0.14051, 0.00468, 0.03528, 0.28928, 0.08391, 0.19754, 0.02098 
55800.0, 18.88200, 0.60347, 3.30953, 9.92392, 0.00404, 0.42287, 5.50543, 0.00727, 0.81631, 0.55907, 0.37972, 0.52357, -0.00406, -0.00029, 0.30251, 0.13723, -0.00651, 0.04169, 0.21080, 0.05093, 0.19466, 0.01170 
55860.0, 18.60096, 0.61486, 3.14612, 8.93466, 0.00224, 0.39298, 5.37758, 0.00313, 0.61863, 0.59286, 0.39797, 0.54728, 0.00763, -0.01521, 0.31078, 0.15321, 0.02126, 0.04934, 0.22676, 0.06389, 0.19200, 0.01608 
55920.0, 17.95258, 0.54897, 3.38601, 8.70527, 0.00246, 0.43032, 5.40536, 0.00712, 0.64339, 0.62707, 0.42950, 0.56543, 0.04327, 0.02921, 0.32186, 0.15409, 0.00041, 0.05329, 0.19505, 0.05526, 0.18883, 0.01961 
55980.0, 17.25504, 0.57898, 3.24185, 6.37483, 0.00689, 0.35526, 5.21718, -0.00918, 0.67690, 0.60220, 0.39663, 0.49414, 0.01988, 0.01903, 0.29738, 0.12463, -0.00126, 0.05888, 0.21215, 0.04579, 0.14820, 0.01765 
56040.0, 16.69091, 0.56847, 3.22130, 6.26987, 0.00589, 0.33792, 5.11987, 0.01396, 0.66569, 0.61129, 0.38232, 0.53193, 0.04241, 0.02900, 0.34274, 0.12967, 0.00047, 0.03510, 0.17966, 0.04539, 0.06127, 0.01221 
56100.0, 15.98392, 0.57720, 3.03497, 5.53521, 0.00352, 0.36912, 5.10189, 0.01473, 0.63452, 0.61979, 0.35901, 0.44417, 0.01774, -0.00290, 0.25980, 0.10633, 0.00173, 0.04844, 0.12265, 0.03349, 0.05414, 0.01462 
56160.0, 16.64993, 0.58889, 3.17554, 6.36673, 0.01014, 0.35894, 5.17637, 0.00340, 0.56225, 0.65545, 0.41929, 0.48811, 0.05414, -0.00281, 0.30826, 0.12296, 0.01352, 0.07557, 0.15598, 0.04878, 0.03754, 0.01947 
56220.0, 15.90768, 0.57247, 3.24138, 6.13524, 0.00474, 0.35133, 5.21281, 0.01112, 0.61194, 0.68851, 0.38551, 0.54970, 0.04032, 0.00669, 0.34135, 0.14590, 0.00796, 0.06412, 0.19471, 0.05892, 0.04943, 0.02272 
56280.0, 15.59443, 0.57536, 2.85884, 5.19116, 0.00182, 0.30541, 5.01260, 0.00640, 0.52848, 0.65920, 0.43718, 0.49275, -0.00393, 0.01177, 0.29106, 0.12097, -0.00404, 0.04487, 0.18089, 0.05545, 0.02973, 0.00898 
56340.0, 14.57548, 0.55881, 3.00175, 6.13673, -0.00047, 0.35351, 5.11331, 0.00869, 0.60864, 0.70329, 0.35221, 0.46858, 0.05025, -0.00222, 0.27623, 0.11232, 0.01427, 0.03391, 0.16335, 0.06797, 0.02008, 0.01553 
56400.0, 15.07320, 0.58667, 3.08077, 6.07104, 0.00503, 0.36481, 5.17899, 0.00324, 0.68762, 0.70754, 0.38812, 0.55071, -0.00390, -0.00663, 0.29632, 0.14297, 0.00706, 0.04994, 0.18882, 0.04254, 0.03325, 0.01564 
56460.0, 14.79758, 0.59820, 2.86464, 5.64069, 0.00137, 0.36246, 5.08776, 0.00320, 0.52049, 0.68204, 0.39420, 0.47155, 0.03386, 0.01807, 0.29616, 0.10121, 0.00689, 0.02114, 0.15877, 0.02763, 0.01921, 0.02232 
56520.0, 14.98095, 0.59402, 3.09185, 5.58476, 0.00478, 0.36995, 5.36942, -0.00595, 0.64875, 0.75165, 0.40115, 0.61193, 0.02750, 0.02466, 0.34642, 0.13673, -0.00617, 0.03273, 0.18579, 0.09764, 0.02071, 0.02239 
56580.0, 15.87847, 0.60223, 3.14139, 6.24596, 0.00257, 0.38405, 5.24209, -0.00120, 0.54269, 0.74780, 0.37435, 0.57427, -0.00385, 0.02155, 0.33107, 0.12601, -0.00614, 0.05140, 0.17331, 0.05829, 0.03663, 0.01886 
56640.0, 15.72556, 0.59683, 3.16999, 6.06764, 0.00665, 0.35321, 5.37061, -0.00899, 0.57969, 0.72373, 0.39077, 0.54932, 0.03400, 0.01051, 0.31686, 0.13128, -0.00209, 0.03607, 0.17754, 0.04999, 0.00955, 0.01826 
56700.0, 15.79147, 0.59867, 3.07861, 6.02956, 0.00101, 0.35051, 5.32404, 0.00242, 0.58446, 0.72139, 0.39594, 0.53673, 0.04282, -0.00168, 0.31190, 0.12522, -0.00608, 0.05801, 0.17903, 0.05635, 0.01087, 0.01512 
56760.0, 16.69331, 0.58394, 3.16042, 6.78577, 0.00769, 0.38862, 5.41776, 0.00649, 0.63864, 0.74378, 0.40976, 0.55906, 0.00433, 0.00951, 0.32998, 0.12484, -0.00347, 0.03975, 0.19348, 0.03392, 0.01685, 0.01675 
56820.0, 15.26082, 0.56865, 3.01548, 6.29842, 0.00082, 0.39469, 5.47788, 0.01471, 0.46340, 0.70738, 0.37223, 0.57030, 0.03890, 0.00554, 0.30949, 0.12333, -0.00152, 0.05063, 0.17440, 0.05753, 0.01116, 0.01551 
56880.0, 15.36541, 0.60416, 3.06448, 6.89181, 0.00112, 0.37532, 5.52654, -0.00892, 0.48684, 0.69794, 0.35753, 0.56806, 0.04111, 0.00813, 0.31850, 0.12343, -0.00275, 0.05682, 0.16351, 0.04828, 0.00883, 0.01521 
56940.0, 16.59538, 0.58086, 3.23773, 6.73767, 0.00476, 0.40877, 5.40479, 0.01234, 0.46806, 0.72657, 0.37748, 0.57266, 0.02584, 0.01003, 0.29521, 0.11444, 0.00116, 0.03248, 0.14650, 0.05840, 0.01417, 0.01625 
