CampaignData_and_Merges/R0/CSL_MobileLab_Parked/raw/20240731/USOS-POPS_MobileLabGround_20240731_R0.ict
78, 1001
Thornberry, T. D.
NOAA Chemical Sciences Laboratory
Portable Optical Particle Spectrometer (POPS)
USOS
1, 1
2024, 07, 31, 2025, 05, 08
60
Time_Start, seconds_past_midnight, Start time of measurement
45
1, 1, 1, 1, 1, 1, 1, 1, 1, 1, 1, 1, 1, 1, 1, 1, 1, 1, 1, 1, 1, 1, 1, 1, 1, 1, 1, 1, 1, 1, 1, 1, 1, 1, 1, 1, 1, 1, 1, 1, 1, 1, 1, 1, 1
-9999, -9999, -9999, -9999, -9999, -9999, -9999, -9999, -9999, -9999, -9999, -9999, -9999, -9999, -9999, -9999, -9999, -9999, -9999, -9999, -9999, -9999, -9999, -9999, -9999, -9999, -9999, -9999, -9999, -9999, -9999, -9999, -9999, -9999, -9999, -9999, -9999, -9999, -9999, -9999, -9999, -9999, -9999, -9999, -9999
Time_Stop, seconds_past_midnight, Stop time of measurement
Time_Mid, seconds_past_midnight, Mid time of measurement
Press_mb, mb, Pressure reported (mb)
Temp_C, degrees C, POPS temperature measurement
Aerosol_concentration, cm^-3, Aerosol concentration
Surface_Area_Conc, um^2 cm^-3, Surface area concentration
Volume_density, um^3 cm^-3, Volume density
Effective_radius, um, Effective radius
Extinction, km^-1, Extinction
Bin01, cm^-3, particle concentration in size range [1401 - 146.3 nm]
Bin02, cm^-3, particle concentration in size range [146.3 - 152.8 nm]
Bin03, cm^-3, particle concentration in size range [152.8 - 159.6 nm]
Bin04, cm^-3, particle concentration in size range [159.6 - 166.8 nm]
Bin05, cm^-3, particle concentration in size range [166.8 - 174.2 nm]
Bin06, cm^-3, particle concentration in size range [174.2 - 181.9 nm]
Bin07, cm^-3, particle concentration in size range [181.9 - 190.0 nm]
Bin08, cm^-3, particle concentration in size range [190.0 - 198.5 nm]
Bin09, cm^-3, particle concentration in size range [198.5 - 207.4 nm]
Bin10, cm^-3, particle concentration in size range [207.4 - 216.6 nm]
Bin11, cm^-3, particle concentration in size range [216.6 - 226.2 nm]
Bin12, cm^-3, particle concentration in size range [226.2 - 236.3 nm]
Bin13, cm^-3, particle concentration in size range [236.3 - 246.8 nm]
Bin14, cm^-3, particle concentration in size range [246.8 - 257.8 nm]
Bin15, cm^-3, particle concentration in size range [257.8 - 269.3 nm]
Bin16, cm^-3, particle concentration in size range [269.3 - 343.4 nm]
Bin17, cm^-3, particle concentration in size range [343.4 - 450.7 nm]
Bin18, cm^-3, particle concentration in size range [450.7 - 525.9 nm]
Bin19, cm^-3, particle concentration in size range [525.9 - 618.5 nm]
Bin20, cm^-3, particle concentration in size range [618.5 - 710.0 nm]
Bin21, cm^-3, particle concentration in size range [710.0 - 822.7 nm]
Bin22, cm^-3, particle concentration in size range [822.7 - 885.9 nm]
Bin23, cm^-3, particle concentration in size range [885.9 - 953.9 nm]
Bin24, cm^-3, particle concentration in size range [953.9 - 1027.2 nm]
Bin25, cm^-3, particle concentration in size range [1027.2 - 1106.1 nm]
Bin26, cm^-3, particle concentration in size range [1106.1 - 1191.0 nm]
Bin27, cm^-3, particle concentration in size range [1191.0 - 1282.5 nm]
Bin28, cm^-3, particle concentration in size range [1282.5 - 1381.0 nm]
Bin29, cm^-3, particle concentration in size range [1381.0 - 1487.1 nm]
Bin30, cm^-3, particle concentration in size range [1487.1 - 1601.3 nm]
Bin31, cm^-3, particle concentration in size range [1601.3 - 1724.3 nm]
[...]
PLATFORM: NOAA CSL Mobile Lab
LOCATION: USOS
ASSOCIATED_DATA: N/A
INSTRUMENT_INFO: Printed Optical Particle Spectrometer counts particles from 140 - 2500 nm in diameter 
DATA_INFO: Particle concentrations reported in number per cubic centimeter,1 Hz data
UNCERTAINTY: Counting uncertainty dominated by air flow, less than 5 percent. Measurement range is ~0 - 3000 per cm3 (varies depending on flow rate- manufacturer quotes 1250 per cm3 at 1.667 cc/s)
ULOD_FLAG: -7777
ULOD_VALUE: N/A
LLOD_FLAG: -8888
LLOD_VALUE: N/A
DM_CONTACT_INFO: Troy Thornberry, 325 Broadway R/CSL6, Boulder, CO 80305; troy.thornberry@noaa.gov; 303-497-3373
PROJECT_INFO: USOS, Utah POPS data from NOAA CSL Mobile Lab
STIPULATIONS_ON_USE: Please contact the PIs for questions regarding applications and uncertainties
OTHER_COMMENTS: POPS bin Edges (nm):  140.1, 146.3, 152.8, 159.6, 166.8, 174.2, 181.9, 190.0, 198.5, 207.4, 216.6, 226.2, 236.3, 246.8, 257.8, 269.3, 343.4, 450.7, 525.9, 618.5, 710.0, 822.7, 885.9, 953.9, 1027.2, 1106.1, 1191.0, 1282.5, 1381.0, 1487.1, 1601.3, 1724.3, 1856.7, 1999.3, 2152.8, 2318.2, 2496.2
Calculations assume organic aerosol refractive index of 1.52+0.00j and extinction wavelength = 532 nm
REVISION: R0
R0: Final data
Time_Start, Time_Stop, Time_Mid, Press_mb, Temp_C, Aerosol_concentration, Surface_Area_Conc, Volume_density, Effective_radius, Extinction, Bin01, Bin02, Bin03, Bin04, Bin05, Bin06, Bin07, Bin08, Bin09, Bin10, Bin11, Bin12, Bin13, Bin14, Bin15, Bin16, Bin17, Bin18, Bin19, Bin20, Bin21, Bin22, Bin23, Bin24, Bin25, Bin26, Bin27, Bin28, Bin29, Bin30, Bin31, Bin32, Bin33, Bin34, Bin35, Bin36
[from data line 1036]
62160,62219,62190,874.719,34.402,1049.237,242.527,14.645,0.181,0.102,45.224895,44.160381,44.226631,44.294407,45.685291,45.780075,46.134529,47.668297,46.715355,47.094254,48.270817,50.885502,52.671944,50.793751,46.320332,208.919327,87.076309,32.515232,11.013005,1.273388,0.859109,0.374073,0.336199,0.213046,0.122022,0.128992,0.088308,0.055249,0.050271,0.051179,0.083257,0.039586,0.038915,0.011455,0.011475,0.050495
62220,62279,62250,874.719,34.338,1052.337,243.723,14.950,0.184,0.103,45.517395,45.145138,44.536678,45.108372,45.975304,45.666313,46.278175,47.233990,46.291115,46.979469,47.479301,49.915367,53.858112,52.106575,45.721577,210.458969,87.057037,32.310593,10.766234,1.231526,0.932729,0.440860,0.286529,0.161206,0.193947,0.122685,0.094978,0.094159,0.049198,0.044126,0.077092,0.045032,0.055939,0.017323,0.028484,0.055976
62280,62339,62310,874.710,34.292,1057.215,244.072,15.054,0.185,0.102,46.279320,44.494438,45.688206,45.654510,46.310078,47.562973,46.782932,46.924145,47.142509,47.457497,48.179661,51.056755,51.676643,51.860538,46.048203,209.738541,87.740936,31.843573,10.827889,1.322069,0.968874,0.428403,0.289989,0.151104,0.134221,0.116791,0.055805,0.077525,0.066966,0.055381,0.044188,0.055961,0.028035,0.033388,0.066783,0.050247
62340,62399,62370,874.705,34.317,1039.280,239.941,14.863,0.185,0.101,45.436855,45.264530,43.943615,45.058392,45.643898,45.249207,46.251266,46.455357,46.408371,46.773083,47.322948,50.253258,51.324520,51.695621,45.445488,204.797043,85.986145,31.879932,10.235436,1.223998,0.875608,0.377289,0.339575,0.229956,0.136765,0.103334,0.064395,0.071313,0.082585,0.043976,0.076287,0.066161,0.049125,0.016840,0.043312,0.055390
62400,62459,62430,874.695,34.333,1044.115,240.230,14.593,0.182,0.101,47.232300,45.040546,44.619385,46.081661,46.358936,45.491913,45.948025,45.852337,45.897850,47.172646,47.300987,50.068020,51.439102,50.962486,45.389305,206.308685,87.172798,31.573679,10.529331,1.111654,0.861100,0.429103,0.264349,0.256211,0.078577,0.103909,0.089812,0.088614,0.071603,0.049956,0.104667,0.043835,0.032982,0.027889,0.021926,0.038403
62460,62519,62490,874.702,34.361,1070.749,245.795,15.152,0.185,0.103,48.507030,47.605865,45.731518,47.177608,47.785599,47.113548,46.899605,47.830143,47.670433,47.631012,49.735050,51.374844,51.111908,51.948242,46.611473,211.220932,88.178123,32.449680,10.326465,1.365706,0.699458,0.427549,0.330589,0.164430,0.137080,0.155746,0.034509,0.062279,0.067259,0.103736,0.068270,0.069059,0.039598,0.017656,0.051464,0.046095
62520,62579,62550,874.707,34.359,1047.376,241.966,14.490,0.180,0.102,45.018520,44.590740,45.000290,44.867264,45.353210,46.191273,45.772232,47.690460,46.804466,46.603176,47.653038,50.769909,50.856853,51.053223,45.111626,209.809586,87.046036,32.626869,10.614975,1.432930,0.920047,0.299527,0.276817,0.192255,0.186867,0.115583,0.138573,0.038343,0.082436,0.054649,0.088137,0.010933,0.038241,0.011283,0.005828,0.049542
62580,62639,62610,874.706,34.331,1046.865,242.079,14.844,0.184,0.102,45.966831,45.399746,44.124889,44.407356,46.487507,45.925068,45.645092,47.771000,45.914886,46.314373,48.163105,50.245575,51.746670,51.211674,45.018894,208.527847,87.053345,32.316898,10.669336,1.436828,0.869454,0.500970,0.225087,0.204161,0.117875,0.088698,0.078412,0.079422,0.045273,0.028790,0.067557,0.045290,0.044929,0.027950,0.021879,0.072924
62640,62699,62670,874.706,34.453,1052.864,243.731,15.013,0.185,0.103,46.320557,45.377312,44.212620,46.474960,45.799793,46.283398,45.740730,46.210888,46.386360,47.019917,47.964375,51.589825,51.713867,51.874340,45.247952,209.643158,87.684868,32.987659,10.496201,1.255935,0.833028,0.441035,0.318701,0.157801,0.136274,0.125192,0.067211,0.112579,0.033465,0.061470,0.072266,0.062341,0.055941,0.011590,0.045639,0.045136
62700,62759,62730,874.705,34.477,1050.029,241.223,14.589,0.181,0.101,46.822647,45.694397,44.394821,45.786430,46.305973,47.130173,45.985199,46.462719,46.426533,47.362976,47.706100,49.669788,51.587215,51.753399,45.940147,208.307922,85.942940,32.543808,10.606795,1.213971,0.762459,0.351626,0.218705,0.268203,0.190463,0.118354,0.066893,0.078132,0.044200,0.054975,0.045055,0.044501,0.051320,0.022461,0.028307,0.039406
62760,62819,62790,874.718,34.460,1063.326,243.540,14.753,0.182,0.102,48.099400,48.083515,46.116386,47.264614,46.883904,46.070438,46.408352,47.975975,47.620800,47.589207,48.334137,50.832390,51.620266,50.483395,45.541904,210.534851,87.938705,31.552076,10.388474,1.322228,0.909346,0.470495,0.382780,0.132980,0.139356,0.121190,0.060455,0.038478,0.067257,0.094242,0.088508,0.044136,0.027703,0.021932,0.021979,0.044471
62820,62879,62850,874.709,34.448,1079.987,247.402,15.185,0.184,0.104,49.494045,49.059002,47.439526,48.262112,47.967381,47.474457,47.307716,47.135365,47.100697,47.767448,48.663319,51.752735,53.397701,52.622143,46.149567,212.829391,88.373817,32.382450,10.916353,1.328672,0.960647,0.452413,0.212362,0.152742,0.147319,0.098225,0.086821,0.041179,0.042146,0.065279,0.074850,0.064371,0.028819,0.023688,0.076717,0.035066
62880,62939,62910,874.711,34.351,1066.187,244.686,14.982,0.183,0.103,49.720600,47.985107,46.902981,47.150639,47.918427,46.679691,46.703491,47.063370,46.785412,47.066246,48.210354,50.989407,52.293720,50.831169,45.608719,209.565262,88.037102,31.951872,10.723699,1.375224,0.843027,0.456203,0.238652,0.258115,0.094089,0.161803,0.094559,0.077973,0.061729,0.077849,0.049003,0.044599,0.055172,0.038456,0.022989,0.050204
62940,62999,62970,874.723,34.314,1067.201,243.886,14.809,0.182,0.102,48.237225,48.154610,46.867783,47.918575,46.943604,47.095280,46.217739,47.402618,47.604633,48.373337,49.098438,51.124107,52.109833,51.444302,46.052761,208.841873,87.224686,31.963175,10.554796,1.367009,1.008818,0.418183,0.261583,0.157298,0.162322,0.093978,0.078012,0.067162,0.021873,0.067110,0.077134,0.050561,0.033534,0.005556,0.072627,0.028178
63000,63059,63030,874.711,34.290,1066.307,245.274,15.196,0.186,0.103,48.915627,47.755604,46.155243,47.367485,47.374073,46.630520,47.006893,47.745720,46.606033,47.006401,47.875916,51.345982,51.825943,51.061474,46.489574,210.122437,88.193733,32.235050,10.680423,1.465427,0.775914,0.366710,0.266584,0.172851,0.145264,0.121670,0.082302,0.077841,0.039134,0.072188,0.089800,0.066476,0.043321,0.038642,0.016707,0.071118
63060,63119,63090,874.702,34.214,1071.994,245.899,15.051,0.183,0.103,50.265354,48.056412,46.780918,48.137756,48.336502,46.815453,46.979477,47.257484,46.821156,47.844421,48.242405,50.379585,51.286591,51.304298,46.309391,212.029846,88.186020,32.172329,10.881000,1.352339,0.911650,0.450096,0.277109,0.155476,0.077508,0.072368,0.078350,0.049927,0.078252,0.088934,0.098396,0.050174,0.066794,0.039180,0.033842,0.027866
63120,63179,63150,874.692,34.151,1081.241,248.567,15.516,0.187,0.104,50.066311,48.678875,47.388683,48.492077,49.591347,48.583755,47.370720,47.338852,47.696236,48.034260,49.131008,51.633495,51.467949,51.242603,47.044777,211.061096,88.863594,32.798340,10.595322,1.359060,0.927191,0.424442,0.278699,0.228554,0.182755,0.100190,0.133417,0.039617,0.055433,0.061704,0.095133,0.067558,0.078398,0.034197,0.050024,0.044341
63180,63239,63210,874.686,34.125,1070.280,244.738,14.986,0.183,0.102,50.377220,48.474453,46.418503,48.213978,47.400864,47.821083,46.328316,46.582996,46.970463,47.258659,49.402832,52.440079,51.523663,51.671600,46.003849,208.947678,87.891029,32.329498,10.384948,1.376036,0.891091,0.341367,0.304397,0.190619,0.096351,0.095637,0.067414,0.056566,0.056497,0.073816,0.074426,0.033668,0.044395,0.028208,0.022838,0.084589
63240,63299,63270,874.668,34.147,1061.822,243.588,15.112,0.186,0.102,49.327606,48.661865,46.974594,48.343548,47.245224,46.939358,47.091988,46.600449,47.055775,46.296459,48.691765,51.129021,50.933681,50.417397,45.673237,206.688812,86.415207,33.277260,9.910172,1.405354,0.987603,0.444837,0.277454,0.155926,0.132782,0.110622,0.072806,0.078168,0.082993,0.055826,0.128377,0.066848,0.048727,0.016213,0.016732,0.067127
63300,63359,63330,874.671,34.112,1059.310,242.986,15.045,0.185,0.102,49.226543,47.877487,47.053265,47.417828,47.956482,47.574818,46.619682,47.171021,46.299538,45.581997,47.550915,50.469601,51.985073,50.493301,45.835880,205.963104,87.882744,31.763460,10.699873,1.321811,0.899078,0.326892,0.341883,0.173707,0.143658,0.104100,0.083413,0.071408,0.049635,0.072410,0.077173,0.055759,0.033159,0.016861,0.033641,0.083098
63360,63419,63390,874.672,34.113,1068.360,246.151,15.278,0.186,0.103,50.862854,48.242359,47.874321,47.288795,47.004570,47.270908,46.860302,46.468182,45.712105,46.983356,47.890770,51.496933,51.762741,51.127079,47.087616,209.380447,88.125664,32.383236,10.374977,1.277122,0.930959,0.423192,0.351478,0.227907,0.179993,0.116604,0.093823,0.088787,0.078018,0.055948,0.115716,0.016758,0.055548,0.038883,0.038825,0.072648
63420,63479,63450,874.657,34.143,1063.706,244.884,15.456,0.189,0.102,49.356106,47.971149,47.820835,46.222786,47.628216,46.845711,47.226978,46.432045,46.103001,47.324070,48.397354,50.550385,51.455200,51.250210,45.283825,209.641403,88.455162,31.456779,10.259344,1.264872,0.879568,0.367058,0.331108,0.195871,0.118137,0.123321,0.147308,0.118536,0.084793,0.050510,0.073998,0.101183,0.022664,0.039255,0.040136,0.067387
63480,63539,63510,874.665,34.091,1058.167,242.555,14.860,0.183,0.102,49.248070,47.527905,46.871452,46.001537,47.051819,47.168507,46.928051,47.051178,46.533627,46.499935,47.794395,49.846405,51.308605,51.411148,45.708557,207.225693,87.489075,32.370216,10.261399,1.297448,0.863261,0.423991,0.294793,0.221985,0.194367,0.077031,0.049331,0.072340,0.054391,0.054934,0.050245,0.055240,0.027992,0.043857,0.027012,0.061327
63540,63599,63570,874.665,34.047,1082.623,247.596,15.269,0.185,0.103,50.285591,48.883629,48.186890,48.202366,49.277363,47.668224,47.748550,48.405754,46.683147,47.982151,48.891037,52.444008,52.667816,51.288902,46.221088,212.787064,88.352165,32.004639,10.561007,1.412245,0.878832,0.440861,0.324393,0.182861,0.118575,0.141597,0.074643,0.039361,0.075373,0.080636,0.075237,0.068534,0.050020,0.045350,0.022557,0.051104
63600,63659,63630,874.669,34.110,1070.356,244.835,14.982,0.183,0.103,50.399441,48.124809,47.433258,48.029869,47.456417,48.019634,46.804565,48.012932,46.742229,47.745617,46.898815,51.110058,51.985012,50.638138,46.685688,208.620850,88.950584,32.480419,10.298930,1.308497,0.819433,0.428143,0.361170,0.279654,0.141066,0.084604,0.045131,0.016854,0.079708,0.061969,0.084079,0.078282,0.056787,0.011709,0.010848,0.051079
63660,63719,63690,874.650,34.230,1056.575,242.264,14.914,0.184,0.102,49.695591,48.476093,46.645031,47.962200,47.524063,46.919636,45.576645,46.857044,46.861622,46.534256,47.386951,50.729874,50.113552,50.507446,44.982868,206.220871,86.866310,32.369671,10.298392,1.342330,0.911074,0.461390,0.337020,0.196708,0.138488,0.104480,0.088151,0.065737,0.065945,0.038464,0.077599,0.043958,0.027414,0.050375,0.049039,0.048943
63720,63779,63750,874.651,34.294,1071.597,245.427,15.253,0.186,0.103,49.773933,49.651825,47.439236,47.341324,48.090946,47.623730,46.925434,47.264847,47.015842,48.185921,48.384617,51.213898,51.961430,51.421455,46.016590,209.439957,87.352364,32.019009,10.510181,1.260088,0.888652,0.462678,0.265481,0.243940,0.099601,0.115917,0.077272,0.072164,0.071212,0.056286,0.103773,0.065428,0.043752,0.032948,0.054682,0.050021
63780,63839,63810,874.677,34.380,1088.895,249.156,15.273,0.184,0.104,52.201328,49.884735,49.201580,47.989552,48.244438,48.114807,47.639896,48.376347,47.743324,48.079220,48.839577,51.993816,52.347652,52.146797,46.537704,212.822845,88.658783,33.473804,10.705424,1.293215,0.866822,0.444799,0.268441,0.210723,0.121114,0.110748,0.049553,0.060613,0.089558,0.055078,0.117232,0.028321,0.043401,0.039002,0.027748,0.067233
63840,63899,63870,874.681,34.348,1079.020,248.166,15.820,0.191,0.104,53.094219,49.828953,47.738560,48.259232,47.577347,48.539356,47.030521,47.147335,46.375359,47.240108,48.593658,51.770691,52.262577,52.365547,45.928265,210.229919,87.603836,32.647839,10.483217,1.392697,1.013917,0.399578,0.331060,0.198391,0.128253,0.122025,0.076004,0.086891,0.105258,0.046045,0.081135,0.099605,0.058101,0.035309,0.057987,0.071238
63900,63959,63930,874.679,34.308,1098.631,248.517,15.423,0.186,0.103,56.486206,54.411041,50.442947,49.941254,49.236435,49.248917,47.915195,48.069210,46.445782,47.420555,48.801838,51.389862,52.951221,52.469673,47.270515,211.607498,88.400475,31.942198,10.047019,1.428062,0.933275,0.446315,0.213475,0.238764,0.146193,0.095563,0.089777,0.061382,0.044782,0.073316,0.108359,0.089247,0.044888,0.033388,0.023188,0.063045
63960,64019,63990,874.679,34.355,1102.204,249.397,15.504,0.186,0.104,55.829834,53.851162,52.552025,50.009415,50.711777,49.479034,47.612377,48.058712,46.451244,48.613865,48.259914,51.265594,52.979214,50.830112,47.809437,213.634033,87.923637,31.833397,10.419324,1.387372,0.846179,0.415931,0.195143,0.184438,0.156810,0.196229,0.083863,0.089190,0.073021,0.110635,0.099835,0.101772,0.044429,0.039153,0.010977,0.045152
64020,64079,64050,874.687,34.286,1084.752,248.858,15.601,0.188,0.104,52.701912,49.802765,49.150822,48.995140,48.184563,48.027946,47.169758,47.424305,48.266937,47.402683,48.147263,50.400173,52.787144,52.033604,46.872974,211.650238,89.146423,31.906231,10.290209,1.441931,0.920395,0.571656,0.296547,0.273766,0.125239,0.090753,0.085807,0.051281,0.062851,0.101112,0.091485,0.051527,0.068370,0.050857,0.039870,0.067578
64080,64139,64110,874.697,34.237,1083.630,248.159,15.479,0.187,0.104,53.208954,50.949493,48.872913,48.711815,47.719292,47.245434,46.767979,47.985512,47.365639,47.094448,48.089817,50.904064,52.028091,51.722847,47.145168,212.527832,88.947243,31.864567,10.291774,1.371987,0.881633,0.484607,0.366748,0.192023,0.135991,0.112169,0.061989,0.074350,0.050818,0.112245,0.090932,0.050389,0.039770,0.044761,0.044508,0.071577
64140,64199,64170,874.697,34.271,1088.881,248.497,15.296,0.184,0.104,52.683563,51.048122,49.141636,48.810371,48.811207,47.499264,47.902657,48.843742,46.473484,48.367340,48.652534,51.814968,52.402554,51.576065,47.125237,213.320526,87.977074,31.184746,10.727557,1.599462,1.041757,0.416329,0.353224,0.257690,0.126762,0.122534,0.067200,0.094690,0.050503,0.083265,0.090285,0.044943,0.066860,0.016568,0.021354,0.065750
64200,64259,64230,874.706,34.264,1085.757,247.161,15.048,0.182,0.103,52.132030,51.067970,49.239513,49.603924,48.026356,48.232460,46.318222,47.953163,46.749527,47.111160,47.858955,51.829731,52.334347,52.230816,47.849033,212.284729,88.706451,31.420498,10.813341,1.368333,0.951370,0.474849,0.228346,0.121778,0.151069,0.086719,0.063350,0.092496,0.080480,0.098695,0.069095,0.063822,0.051336,0.046625,0.034397,0.011689
64260,64319,64290,874.743,34.326,1074.410,246.067,15.355,0.187,0.103,51.802517,49.602459,48.043240,48.686169,47.501961,46.731831,47.736977,46.279919,46.570671,45.957268,47.944801,50.641617,51.537380,51.690716,47.037319,212.703949,88.070305,31.156338,10.557423,1.531844,0.849909,0.408134,0.240680,0.234891,0.144670,0.106048,0.067657,0.072345,0.073334,0.083520,0.101576,0.106545,0.028414,0.017087,0.045189,0.045084
64320,64379,64350,874.734,34.327,1081.579,248.359,15.534,0.187,0.104,51.383900,49.787815,47.605705,49.077072,48.962811,47.182911,47.087337,46.944530,47.831898,46.934872,48.206211,50.880424,52.287170,52.539318,47.371452,211.897049,88.927361,32.218838,10.296594,1.339353,0.902502,0.438229,0.312752,0.202068,0.201967,0.062649,0.066686,0.084977,0.095195,0.077897,0.124513,0.060978,0.038947,0.050418,0.028639,0.067610
64380,64439,64410,874.743,34.284,1085.006,248.770,15.401,0.185,0.104,51.683155,49.716125,48.081886,48.686798,48.934467,48.327213,47.034473,47.102482,46.744339,48.041168,47.927773,51.339439,53.100983,52.722435,46.993168,211.961243,89.847130,31.831276,10.770849,1.446213,0.953019,0.443544,0.295541,0.159036,0.096566,0.123678,0.103572,0.079209,0.050661,0.079181,0.062297,0.051859,0.067928,0.072890,0.023139,0.051210
