CampaignData_and_Merges/R0/CSL_MobileLab_Parked/raw/20240731/USOS-POPS_MobileLabGround_20240731_R0.ict
78, 1001
Thornberry, T. D.
NOAA Chemical Sciences Laboratory
Portable Optical Particle Spectrometer (POPS)
USOS
1, 1
2024, 07, 31, 2025, 05, 08
60
Time_Start, seconds_past_midnight, Start time of measurement
45
1, 1, 1, 1, 1, 1, 1, 1, 1, 1, 1, 1, 1, 1, 1, 1, 1, 1, 1, 1, 1, 1, 1, 1, 1, 1, 1, 1, 1, 1, 1, 1, 1, 1, 1, 1, 1, 1, 1, 1, 1, 1, 1, 1, 1
-9999, -9999, -9999, -9999, -9999, -9999, -9999, -9999, -9999, -9999, -9999, -9999, -9999, -9999, -9999, -9999, -9999, -9999, -9999, -9999, -9999, -9999, -9999, -9999, -9999, -9999, -9999, -9999, -9999, -9999, -9999, -9999, -9999, -9999, -9999, -9999, -9999, -9999, -9999, -9999, -9999, -9999, -9999, -9999, -9999
Time_Stop, seconds_past_midnight, Stop time of measurement
Time_Mid, seconds_past_midnight, Mid time of measurement
Press_mb, mb, Pressure reported (mb)
Temp_C, degrees C, POPS temperature measurement
Aerosol_concentration, cm^-3, Aerosol concentration
Surface_Area_Conc, um^2 cm^-3, Surface area concentration
Volume_density, um^3 cm^-3, Volume density
Effective_radius, um, Effective radius
Extinction, km^-1, Extinction
Bin01, cm^-3, particle concentration in size range [1401 - 146.3 nm]
Bin02, cm^-3, particle concentration in size range [146.3 - 152.8 nm]
Bin03, cm^-3, particle concentration in size range [152.8 - 159.6 nm]
Bin04, cm^-3, particle concentration in size range [159.6 - 166.8 nm]
Bin05, cm^-3, particle concentration in size range [166.8 - 174.2 nm]
Bin06, cm^-3, particle concentration in size range [174.2 - 181.9 nm]
Bin07, cm^-3, particle concentration in size range [181.9 - 190.0 nm]
Bin08, cm^-3, particle concentration in size range [190.0 - 198.5 nm]
Bin09, cm^-3, particle concentration in size range [198.5 - 207.4 nm]
Bin10, cm^-3, particle concentration in size range [207.4 - 216.6 nm]
Bin11, cm^-3, particle concentration in size range [216.6 - 226.2 nm]
Bin12, cm^-3, particle concentration in size range [226.2 - 236.3 nm]
Bin13, cm^-3, particle concentration in size range [236.3 - 246.8 nm]
Bin14, cm^-3, particle concentration in size range [246.8 - 257.8 nm]
Bin15, cm^-3, particle concentration in size range [257.8 - 269.3 nm]
Bin16, cm^-3, particle concentration in size range [269.3 - 343.4 nm]
Bin17, cm^-3, particle concentration in size range [343.4 - 450.7 nm]
Bin18, cm^-3, particle concentration in size range [450.7 - 525.9 nm]
Bin19, cm^-3, particle concentration in size range [525.9 - 618.5 nm]
Bin20, cm^-3, particle concentration in size range [618.5 - 710.0 nm]
Bin21, cm^-3, particle concentration in size range [710.0 - 822.7 nm]
Bin22, cm^-3, particle concentration in size range [822.7 - 885.9 nm]
Bin23, cm^-3, particle concentration in size range [885.9 - 953.9 nm]
Bin24, cm^-3, particle concentration in size range [953.9 - 1027.2 nm]
Bin25, cm^-3, particle concentration in size range [1027.2 - 1106.1 nm]
Bin26, cm^-3, particle concentration in size range [1106.1 - 1191.0 nm]
Bin27, cm^-3, particle concentration in size range [1191.0 - 1282.5 nm]
Bin28, cm^-3, particle concentration in size range [1282.5 - 1381.0 nm]
Bin29, cm^-3, particle concentration in size range [1381.0 - 1487.1 nm]
Bin30, cm^-3, particle concentration in size range [1487.1 - 1601.3 nm]
Bin31, cm^-3, particle concentration in size range [1601.3 - 1724.3 nm]
[...]
PLATFORM: NOAA CSL Mobile Lab
LOCATION: USOS
ASSOCIATED_DATA: N/A
INSTRUMENT_INFO: Printed Optical Particle Spectrometer counts particles from 140 - 2500 nm in diameter 
DATA_INFO: Particle concentrations reported in number per cubic centimeter,1 Hz data
UNCERTAINTY: Counting uncertainty dominated by air flow, less than 5 percent. Measurement range is ~0 - 3000 per cm3 (varies depending on flow rate- manufacturer quotes 1250 per cm3 at 1.667 cc/s)
ULOD_FLAG: -7777
ULOD_VALUE: N/A
LLOD_FLAG: -8888
LLOD_VALUE: N/A
DM_CONTACT_INFO: Troy Thornberry, 325 Broadway R/CSL6, Boulder, CO 80305; troy.thornberry@noaa.gov; 303-497-3373
PROJECT_INFO: USOS, Utah POPS data from NOAA CSL Mobile Lab
STIPULATIONS_ON_USE: Please contact the PIs for questions regarding applications and uncertainties
OTHER_COMMENTS: POPS bin Edges (nm):  140.1, 146.3, 152.8, 159.6, 166.8, 174.2, 181.9, 190.0, 198.5, 207.4, 216.6, 226.2, 236.3, 246.8, 257.8, 269.3, 343.4, 450.7, 525.9, 618.5, 710.0, 822.7, 885.9, 953.9, 1027.2, 1106.1, 1191.0, 1282.5, 1381.0, 1487.1, 1601.3, 1724.3, 1856.7, 1999.3, 2152.8, 2318.2, 2496.2
Calculations assume organic aerosol refractive index of 1.52+0.00j and extinction wavelength = 532 nm
REVISION: R0
R0: Final data
Time_Start, Time_Stop, Time_Mid, Press_mb, Temp_C, Aerosol_concentration, Surface_Area_Conc, Volume_density, Effective_radius, Extinction, Bin01, Bin02, Bin03, Bin04, Bin05, Bin06, Bin07, Bin08, Bin09, Bin10, Bin11, Bin12, Bin13, Bin14, Bin15, Bin16, Bin17, Bin18, Bin19, Bin20, Bin21, Bin22, Bin23, Bin24, Bin25, Bin26, Bin27, Bin28, Bin29, Bin30, Bin31, Bin32, Bin33, Bin34, Bin35, Bin36
[from data line 494]
29640,29699,29670,871.634,34.394,1168.882,255.671,15.338,0.180,0.102,59.111061,56.908367,55.135338,54.760853,54.728100,54.037941,54.143768,53.637920,52.926483,54.674179,53.264816,54.718990,56.514336,55.874775,50.401264,218.164124,86.075294,29.916737,9.681078,1.402218,0.944949,0.450843,0.265676,0.265380,0.201181,0.089614,0.044841,0.175204,0.045753,0.050073,0.062299,0.061509,0.044558,0.022214,0.011770,0.068008
29700,29759,29730,871.620,34.457,1153.550,254.026,15.187,0.179,0.102,54.160259,53.633785,52.746483,53.994114,54.388393,53.997673,54.667130,53.171124,52.931137,52.472946,53.528381,56.471951,55.702770,54.575550,49.396515,216.046280,87.638832,29.806568,10.263812,1.488678,0.889555,0.407483,0.222454,0.179420,0.128009,0.100634,0.088378,0.033309,0.065997,0.050609,0.089359,0.056097,0.033626,0.044880,0.044515,0.033480
29760,29819,29790,871.625,34.523,1145.162,251.032,15.032,0.179,0.101,56.131588,54.198528,53.339214,53.126408,53.989555,53.215233,51.947571,53.582623,52.559528,53.995487,52.587601,55.846657,56.298637,53.864048,48.299213,213.812241,85.087914,29.354889,10.044833,1.395956,0.837992,0.372123,0.298000,0.170424,0.128745,0.062353,0.112612,0.072788,0.033366,0.090690,0.090412,0.062231,0.062641,0.033865,0.016857,0.039194
29820,29879,29850,871.618,34.519,1133.810,249.840,14.675,0.176,0.100,52.606113,52.905437,50.457306,52.756725,52.276463,51.862667,51.531883,53.041130,52.582432,52.712162,51.766800,55.206863,55.609192,53.847561,48.207226,216.926300,86.643677,29.097649,9.989557,1.505067,0.780746,0.397967,0.261688,0.194964,0.084363,0.078106,0.055274,0.044920,0.073045,0.083923,0.060742,0.038442,0.044914,0.016271,0.028096,0.033807
29880,29939,29910,871.639,34.345,1106.464,246.646,14.610,0.177,0.100,48.400452,47.581413,48.950756,48.840099,51.233791,50.849575,51.544491,51.746597,51.278919,50.579845,51.720577,55.316017,54.658676,53.481415,47.961449,212.967026,85.645332,29.824062,10.196394,1.357812,0.804560,0.424271,0.239376,0.154807,0.150783,0.093484,0.078102,0.050260,0.077510,0.044778,0.044493,0.044697,0.021761,0.016409,0.039263,0.044031
29940,29999,29970,871.627,34.322,1094.899,245.815,14.607,0.178,0.100,46.343334,47.199055,47.232479,48.908997,50.759918,49.519554,51.322533,50.086098,50.202263,50.402794,50.419781,53.009178,54.605900,53.433563,48.404186,213.175629,85.960403,29.750177,10.318808,1.466686,0.875097,0.369892,0.292526,0.204542,0.104656,0.072278,0.055694,0.065931,0.065909,0.060298,0.044193,0.039099,0.033384,0.005519,0.037996,0.049976
30000,30059,30030,871.590,34.324,1095.164,245.843,14.465,0.176,0.100,45.929489,46.273186,46.246498,48.450058,49.985313,49.865974,50.253311,51.651917,50.464027,50.975540,51.958977,53.277939,55.185825,53.955059,48.368240,210.774933,87.284538,30.453039,10.130457,1.404909,0.857813,0.377802,0.243037,0.137639,0.144320,0.127891,0.027250,0.044267,0.055213,0.050005,0.065957,0.039053,0.027292,0.021955,0.016243,0.038512
30060,30119,30090,871.613,34.375,1097.566,244.499,13.943,0.171,0.099,45.646076,46.519257,46.873108,48.089172,50.434364,50.107449,50.131107,51.049816,50.711487,50.415009,51.640209,54.998672,54.600430,53.788132,48.545647,214.347366,86.730888,29.314598,10.171862,1.349489,0.872926,0.372270,0.177193,0.215757,0.100398,0.082434,0.028023,0.027696,0.027403,0.054965,0.065974,0.005394,0.011055,0.016349,0.027044,0.016861
30120,30179,30150,871.600,34.494,1102.411,245.471,14.141,0.173,0.100,46.222061,46.740021,47.568436,49.226749,49.846924,51.032032,51.020931,51.921707,50.785423,52.287567,51.093369,54.409454,55.244953,53.997215,48.654373,211.638657,87.426598,29.695084,10.069276,1.371271,0.848611,0.350480,0.226876,0.196520,0.095889,0.090240,0.050785,0.027849,0.022792,0.056229,0.091249,0.022497,0.028912,0.022945,0.016652,0.010882
30180,30239,30210,871.586,34.404,1089.500,245.419,14.511,0.177,0.100,44.518608,45.751068,44.967827,47.865452,48.694157,49.045883,49.490883,50.599350,49.512978,50.973904,51.494186,54.657375,54.784359,54.611217,48.366238,214.321030,85.431839,30.661793,10.153604,1.356081,0.826397,0.390049,0.228692,0.154632,0.152131,0.073135,0.061961,0.039172,0.033698,0.056169,0.062841,0.067338,0.027957,0.028014,0.011222,0.028753
30240,30299,30270,871.602,34.319,1086.357,244.785,14.192,0.174,0.100,43.242867,45.212303,44.902863,46.274422,48.696201,49.370651,49.702423,51.083958,50.730614,50.883373,52.063446,52.696251,54.926186,54.146492,48.987762,212.352921,86.175652,30.865561,10.312258,1.435362,0.995615,0.390647,0.179322,0.205402,0.106070,0.044480,0.089331,0.049860,0.027600,0.050896,0.049907,0.039290,0.027691,0.005631,0.016487,0.016517
30300,30359,30330,871.574,34.255,1084.288,243.871,14.316,0.176,0.100,44.209103,45.625084,45.742928,47.532299,47.583401,49.627274,49.001217,49.625729,50.276714,50.720669,51.214512,54.009300,54.942936,54.075413,47.092007,212.597397,86.582512,30.221741,10.112665,1.330360,0.851672,0.325951,0.276556,0.144740,0.093881,0.106543,0.055079,0.044240,0.022000,0.033312,0.044409,0.071883,0.028049,0.044349,0.010983,0.010839
30360,30419,30390,871.581,34.357,1094.157,246.326,14.468,0.176,0.100,45.322388,44.895535,46.002472,47.322880,49.613239,49.827450,49.237080,50.025875,50.215271,51.500809,51.171436,53.613148,55.267078,55.771652,47.901180,216.344437,86.990349,29.530958,9.887276,1.343480,0.962400,0.385672,0.211429,0.173507,0.134052,0.083640,0.077603,0.043986,0.049606,0.033833,0.060953,0.011264,0.038919,0.039145,0.022638,0.044120
30420,30479,30450,871.625,34.465,1094.507,246.120,14.588,0.178,0.100,45.335674,45.898693,46.010303,48.241161,49.698071,49.988178,50.333824,50.694656,50.057156,50.368439,51.130989,54.580185,54.962181,55.133354,48.357502,213.781128,86.266602,29.879820,10.083006,1.374360,0.794393,0.455240,0.277385,0.146037,0.111939,0.112401,0.056413,0.050550,0.066158,0.050162,0.055712,0.033181,0.016531,0.022363,0.022385,0.061347
30480,30539,30510,871.603,34.477,1068.423,240.828,14.047,0.175,0.098,43.096649,43.564972,44.541546,47.240578,47.809364,48.403149,48.773129,48.798073,49.328362,50.176815,49.934639,52.899265,53.100357,53.952080,48.007343,209.799896,85.922295,29.731874,9.787063,1.192910,0.842652,0.495116,0.289941,0.170099,0.104463,0.088161,0.060165,0.070699,0.027291,0.044163,0.060873,0.043301,0.015932,0.011223,0.011013,0.027559
30540,30599,30570,871.607,34.377,1087.166,244.417,13.934,0.171,0.100,43.295734,43.556931,45.398182,47.007538,49.401966,49.557755,49.019604,50.909275,49.373615,50.422894,50.747395,55.052448,55.287754,54.169044,48.400108,214.240005,87.383621,30.450724,9.914582,1.308929,0.892196,0.453096,0.300467,0.144802,0.122909,0.044463,0.055673,0.028029,0.056723,0.044941,0.073428,0.022602,0.011261,0.000000,0.005669,0.010830
30600,30659,30630,871.611,34.311,1067.389,240.922,13.939,0.173,0.098,42.811108,43.453865,43.514172,46.819881,47.806660,48.977936,48.507816,49.152287,48.239799,49.442425,50.702488,52.735485,53.100296,53.984840,47.477776,210.284622,87.348305,29.903748,9.779874,1.109254,0.886659,0.416442,0.250068,0.120149,0.086712,0.107400,0.079693,0.073779,0.050779,0.040363,0.027718,0.017496,0.017080,0.011433,0.016876,0.034174
30660,30719,30690,871.628,34.324,1071.733,240.940,13.854,0.172,0.098,43.010479,43.364662,44.767128,46.924427,48.412159,47.742344,48.509159,48.851204,49.547966,50.535240,49.960476,53.839336,54.152855,53.929272,48.594715,210.980713,85.447449,29.745422,9.889218,1.393378,0.783735,0.392773,0.262740,0.164025,0.126241,0.073950,0.057245,0.079906,0.040105,0.040650,0.028150,0.028287,0.017475,0.005491,0.011351,0.023267
30720,30779,30750,871.685,34.465,1080.421,243.203,13.975,0.172,0.099,43.277130,43.198498,44.903141,46.098976,48.475475,48.556309,49.057419,50.744572,49.667095,50.989605,51.836369,52.569817,54.791763,54.120838,48.175556,213.226822,87.133080,29.913118,10.280685,1.354706,0.827816,0.394094,0.228994,0.138172,0.087649,0.072949,0.072301,0.033454,0.016372,0.055654,0.005482,0.021650,0.039459,0.021860,0.011266,0.023003
30780,30839,30810,871.723,34.552,1081.747,243.068,13.776,0.170,0.099,42.711609,43.802025,45.119381,47.450703,48.174755,48.786278,49.638927,49.783455,50.103371,49.889614,50.760162,54.493713,54.723000,53.519241,48.156353,213.884674,86.688835,30.312050,10.518676,1.240412,0.787148,0.328994,0.269963,0.172428,0.115410,0.062809,0.045723,0.040260,0.005766,0.040606,0.068919,0.005766,0.011321,0.011321,0.005805,0.017146
30840,30899,30870,871.729,34.536,1081.241,244.330,14.387,0.176,0.100,44.388336,44.473072,45.113441,46.629143,49.006363,47.450882,48.954773,50.461781,49.997944,49.127739,51.154266,54.521080,54.701668,53.653351,48.733208,212.689255,86.558823,29.851793,9.972862,1.455156,0.823305,0.433556,0.255650,0.162046,0.124463,0.095776,0.045852,0.072883,0.079473,0.055922,0.051645,0.038470,0.050377,0.022987,0.011343,0.022706
30900,30959,30930,871.719,34.363,1069.731,241.132,13.893,0.173,0.098,43.497959,43.403061,44.179722,45.302578,48.519806,48.595448,48.342255,49.324734,48.648384,49.464500,51.260201,52.965508,53.559063,53.938324,47.984982,210.525650,87.135612,29.606276,10.100860,1.322406,0.795792,0.314039,0.228706,0.122625,0.122618,0.101394,0.072890,0.056734,0.066250,0.050272,0.043977,0.027990,0.011100,0.011155,0.005364,0.022645
30960,31019,30990,871.665,34.285,1090.382,244.157,14.135,0.173,0.099,45.285709,45.096230,46.079956,47.670982,49.713032,50.047928,49.909000,50.441578,50.460045,50.325176,50.076729,54.082973,55.070328,55.021870,48.241879,212.929428,86.897461,29.635529,9.858377,1.320664,0.834324,0.379171,0.300438,0.128596,0.077832,0.072414,0.078703,0.088665,0.061360,0.050929,0.050460,0.033813,0.010789,0.011536,0.011020,0.027292
31020,31079,31050,871.667,34.353,1077.336,242.857,14.325,0.177,0.099,43.132317,44.265339,44.583927,47.367741,49.874832,49.002670,49.214142,49.050095,50.228703,49.984520,50.009811,53.948093,54.877300,54.312733,47.158161,210.359024,86.400642,30.034361,10.221855,1.253461,0.749723,0.325584,0.270657,0.083470,0.124451,0.079573,0.073288,0.078519,0.022078,0.034048,0.044607,0.028810,0.017010,0.044953,0.045474,0.033627
31080,31139,31110,871.698,34.487,1089.524,243.474,14.195,0.175,0.099,46.216816,46.034744,46.410759,48.979504,49.207664,49.862625,49.767735,49.335350,49.446953,50.724270,51.420532,53.988209,55.263599,53.795517,47.998390,212.321213,86.221313,29.358128,9.652301,1.303527,0.858055,0.400240,0.213953,0.140393,0.128873,0.067043,0.044663,0.050100,0.062227,0.062527,0.062988,0.022373,0.016818,0.028153,0.016948,0.039201
31140,31199,31170,871.760,34.499,1094.241,244.979,14.681,0.179,0.099,46.744556,47.002167,47.161510,49.129856,49.692184,49.745892,49.941418,50.670525,50.778107,50.332359,50.422703,53.982681,55.716850,55.189930,48.200722,211.645935,85.316475,28.759899,10.049328,1.430639,0.816499,0.308609,0.264296,0.146910,0.122894,0.100132,0.113098,0.073206,0.054704,0.067712,0.077253,0.057401,0.028867,0.011190,0.045504,0.039109
31200,31259,31230,871.799,34.498,1087.157,243.435,14.437,0.178,0.099,46.766258,46.814465,46.545395,48.211338,49.723362,50.637493,48.916393,50.192631,49.575481,49.661388,50.847954,53.111485,54.631382,53.589741,47.872055,211.444061,86.117455,28.605463,10.261814,1.267912,0.852755,0.349465,0.251299,0.194955,0.138922,0.115711,0.088631,0.077944,0.050295,0.016579,0.066132,0.071998,0.022254,0.016802,0.016607,0.032936
31260,31319,31290,871.714,34.402,1096.507,244.621,14.432,0.177,0.099,48.694439,47.681133,46.757919,48.776646,49.899521,49.670959,50.129189,51.689175,51.177620,50.374504,51.771248,53.682892,54.556744,53.870869,47.930969,212.177078,85.197975,28.925419,9.620016,1.311978,0.956712,0.419074,0.310768,0.149481,0.143001,0.114995,0.093838,0.082406,0.043822,0.054940,0.083309,0.043423,0.066418,0.026905,0.010968,0.011139
31320,31379,31350,871.769,34.469,1107.144,247.228,14.943,0.181,0.100,48.468277,48.121292,49.016132,49.022812,50.535919,51.029087,51.210629,52.250969,49.071159,51.364269,52.287472,54.444798,55.932121,54.369476,49.332375,212.137192,85.584465,29.301699,9.773618,1.359588,0.860813,0.430640,0.281367,0.185858,0.126992,0.121093,0.050938,0.046384,0.063849,0.068731,0.058217,0.074012,0.057412,0.034572,0.029566,0.041021
31380,31439,31410,871.817,34.531,1112.674,248.453,14.846,0.179,0.101,49.149086,48.487701,48.562347,49.464191,50.550926,50.871243,50.959461,52.270554,51.242115,51.444302,51.636124,55.484390,54.512939,54.889183,48.319550,215.665665,86.063683,29.110289,10.065870,1.433449,0.879107,0.341283,0.255223,0.180057,0.148463,0.124900,0.102549,0.062958,0.039836,0.084999,0.112495,0.056422,0.022128,0.011338,0.034084,0.034771
31440,31499,31470,871.843,34.475,1104.164,246.915,14.903,0.181,0.100,48.509903,48.450523,48.794373,50.171551,50.049168,50.749641,50.534813,50.969696,50.400276,50.346672,51.242123,54.289257,55.398819,54.261326,48.644394,213.473495,85.590813,28.541943,9.806655,1.328380,0.823336,0.463308,0.245717,0.178404,0.143924,0.097513,0.148312,0.051340,0.085377,0.075207,0.085487,0.046605,0.062557,0.022516,0.062869,0.017653
31500,31559,31530,871.810,34.401,1104.128,248.008,15.161,0.183,0.101,49.075012,48.710190,47.405582,49.210987,50.195927,49.990559,50.116096,51.172306,50.989468,50.801254,52.124477,54.380817,54.599709,53.996819,48.848186,213.654083,85.844040,29.032116,10.084134,1.278591,0.862252,0.402146,0.268340,0.218315,0.121376,0.062695,0.096905,0.080610,0.085966,0.080722,0.115312,0.052118,0.051266,0.023134,0.033696,0.062970
31560,31619,31590,871.865,34.267,1097.223,246.111,15.058,0.183,0.100,48.538357,48.609951,47.364407,49.342937,49.425865,49.972534,49.845943,51.311443,50.173023,51.674480,51.055923,54.060837,54.256626,53.978733,48.475815,211.982361,84.740662,28.306273,10.091542,1.414558,0.860834,0.357481,0.294166,0.190272,0.094820,0.111367,0.072624,0.061132,0.071986,0.133749,0.145742,0.066904,0.033535,0.032933,0.033324,0.038766
31620,31679,31650,871.898,34.221,1092.818,245.095,14.811,0.181,0.100,47.885014,48.536968,47.174797,49.329876,48.927570,48.505001,49.992638,50.630539,50.859039,50.231644,50.678402,53.860771,53.584969,53.752510,48.499290,212.417511,85.356941,29.204144,9.480516,1.246042,0.896641,0.502047,0.271573,0.171186,0.164045,0.115406,0.048879,0.048950,0.065721,0.130967,0.066366,0.060342,0.022272,0.011246,0.033435,0.055696
31680,31739,31710,871.797,34.393,1098.267,244.993,14.865,0.182,0.099,49.303055,48.328247,47.943363,49.738831,50.149342,50.966583,50.082794,51.628273,50.042461,50.620129,51.286911,53.138042,55.228180,53.894493,48.194275,210.750656,84.022522,29.283194,9.767258,1.495110,0.782283,0.322839,0.272682,0.255250,0.116197,0.106220,0.054990,0.038754,0.071470,0.060584,0.111145,0.088619,0.032927,0.022528,0.011224,0.055482
31740,31799,31770,871.825,34.524,1095.184,244.106,14.572,0.179,0.099,48.911736,48.168350,49.150570,48.412292,51.196873,49.986687,48.708103,49.888844,50.788002,50.812706,51.303963,52.869087,54.391968,54.057568,47.646664,211.960281,84.405540,28.875654,9.868927,1.328387,0.895202,0.344864,0.298416,0.181528,0.117936,0.078926,0.100938,0.084327,0.056460,0.045578,0.062350,0.056174,0.033299,0.028049,0.028091,0.039996
31800,31859,31830,871.939,34.481,1102.345,244.624,14.566,0.178,0.098,50.313435,48.462795,47.896549,49.343407,51.023079,50.634480,49.609493,51.441551,50.059723,50.429882,51.768677,54.244270,54.738129,54.078384,48.724922,213.241699,84.656853,28.373060,9.599846,1.386545,0.776036,0.309001,0.292669,0.204400,0.124324,0.129990,0.062665,0.051150,0.051025,0.079795,0.044841,0.068463,0.039602,0.017278,0.033716,0.033411
