CampaignData_and_Merges/R0/CSL_MobileLab_Parked/raw/20240731/USOS-NOAAIodideCIMS-OrgNitrs_MobileLabGround_20240731_RA.ict
37, 1001
Michael A Robinson, Chris Jernigan, Subi Thakali
NOAA ESRL Chemical Sciences Laboratory and CIRES, U. of Colorado
NOAA Iodide CIMS Instrument
USOS
1, 1
2024, 07, 31, 2024, 08, 01
1
starttime_UTC, seconds_past_midnight, seconds_of_day_since_00:00:00_UTC
5
1, 1, 1, 1, 1
-9999, -9999, -9999, -9999, -9999
C4H7NO5_NOAACIMS, pptv, Gas_C4H7NO5_InSitu_S_AVMR, 
ISOPN_NOAACIMS, pptv, Gas_ISOPN_InSitu_S_AVMR, 
C5H10O3_NOAACIMS, pptv, Gas_C5H10O3_InSitu_S_AVMR, 
C5H9NO5_NOAACIMS, pptv, Gas_C5H9NO5_InSitu_S_AVMR, 
C10H17NO4_NOAACIMS, pptv, Gas_C10H17NO4_InSitu_S_AVMR, 
0
18
PI_CONTACT_INFO: 325 Broadway, R/CSD 7, Boulder, Colorado 80305; michael.a.robinson@noaa.gov; chris.jernigan@noaa.gov;
PLATFORM: NOAA CSL Mobile Lab
LOCATION: SLC, Utah
ASSOCIATED_DATA: 1Hz data also available on request.
INSTRUMENT_INFO: NOAA I- ToF CIMS
DATA_INFO: All data in parts per trillion by volume (pptv). 1 Hz data is available upon request.
UNCERTAINTY: TBD
ULOD_FLAG: -7777
ULOD_VALUE: N/A
LLOD_FLAG: -8888
LLOD_VALUE: N/A
DM_CONTACT_INFO: Nathan Howard; nathan.h.howard@noaa.gov
PROJECT_INFO: USOS, summer 2024. https://csl.noaa.gov/groups/csl7/measurements/2024usos/
STIPULATIONS_ON_USE: Users are strongly encouraged to contact the PI for proper data usage.
OTHER_COMMENTS: 
REVISION: RA
RA: Preliminary Data; For in-field use only
starttime_UTC, C4H7NO5_NOAACIMS, ISOPN_NOAACIMS, C5H10O3_NOAACIMS, C5H9NO5_NOAACIMS, C10H17NO4_NOAACIMS
[from data line 997]
 59820,  8.598, 15.456, 30.132,  8.878,  0.899
 59880,  9.146, 17.257, 35.860,  9.146,  0.999
 59940,  8.723, 15.603, 34.805,  8.847,  0.947
 60000,  8.502, 14.343, 32.581,  8.897,  0.883
 60060,  8.389, 14.269, 32.244,  9.133,  0.766
 60120,  8.453, 14.541, 34.521,  8.817,  0.925
 60180,  8.259, 13.809, 33.883,  9.125,  0.939
 60240,  8.464, 14.356, 33.437,  9.254,  0.856
 60300,  8.405, 13.537, 33.367,  9.247,  0.817
 60360,  8.208, 12.621, 31.890,  8.869,  0.844
 60420,  8.173, 13.145, 31.349,  8.723,  0.926
 60480,  8.164, 12.770, 32.531,  8.835,  1.003
 60540,  8.215, 12.778, 32.604,  8.792,  1.018
 60600,  8.153, 13.189, 31.253,  9.028,  0.943
 60660,  8.529, 13.906, 31.617,  8.994,  0.957
 60720,  8.677, 14.225, 31.809,  8.993,  0.895
 60780,  8.636, 14.284, 32.267,  8.922,  0.828
 60840,  8.637, 14.297, 33.391,  9.030,  0.882
 60900,  8.710, 14.169, 34.487,  9.005,  1.108
 60960,  8.793, 14.687, 33.202,  8.894,  0.873
 61020,  8.914, 14.549, 32.243,  9.126,  0.852
 61080, -9999.000, -9999.000, -9999.000, -9999.000, -9999.000
 61140,  9.060, 15.317, 32.687,  8.823,  0.850
 61200,  9.196, 14.656, 33.474,  9.062,  0.822
 61260,  9.232, 14.863, 35.221,  8.824,  0.958
 61320,  9.324, 14.528, 33.968,  9.135,  0.870
 61380,  9.584, 14.543, 33.597,  9.055,  0.989
 61440,  9.651, 15.897, 35.993,  9.101,  0.842
 61500,  9.897, 16.375, 36.741,  8.958,  0.856
 61560, 10.161, 16.514, 36.169,  9.073,  0.933
 61620, 10.329, 15.996, 37.044,  9.499,  0.775
 61680, 10.249, 15.832, 36.816,  9.325,  0.920
 61740,  9.893, 15.892, 36.396,  9.060,  0.901
 61800, 10.051, 15.042, 36.768,  9.212,  0.928
 61860, 10.337, 15.811, 36.893,  9.073,  0.830
 61920, 10.088, 15.203, 36.675,  9.075,  0.946
 61980, 10.225, 15.961, 35.723,  9.669,  0.811
 62040, 10.323, 15.601, 33.973,  9.344,  0.928
 62100, 10.223, 15.622, 33.508,  9.552,  0.868
 62160, 10.179, 15.315, 32.900, 10.198,  0.759
 62220, 10.025, 14.553, 32.417,  9.710,  0.964
 62280, 10.067, 14.036, 32.625,  9.806,  0.872
 62340, 10.020, 14.580, 33.093,  9.944,  1.025
 62400, 10.114, 14.667, 31.886,  9.633,  0.856
 62460, 10.667, 15.591, 32.065,  9.968,  0.843
 62520, 10.586, 15.520, 32.972,  9.796,  0.814
 62580, 10.753, 15.233, 30.901,  9.896,  0.765
 62640, 10.298, 14.908, 34.007, 10.106,  0.855
 62700, 10.075, 14.108, 32.345, 10.218,  0.916
 62760, 10.356, 15.029, 30.409, 10.395,  0.992
 62820, 10.427, 14.969, 32.374, 10.136,  0.829
 62880, 10.444, 14.834, 31.165, 10.322,  0.909
 62940, -9999.000, -9999.000, -9999.000, -9999.000, -9999.000
 63000, 10.067, 14.485, 26.972,  9.677,  0.852
 63060, 10.045, 14.848, 28.833,  9.736,  1.033
 63120, 10.048, 14.304, 27.989, 10.143,  1.034
 63180, 10.066, 14.498, 29.221, 10.426,  1.082
 63240, 10.245, 14.590, 29.078, 10.160,  0.976
 63300, 10.398, 14.911, 29.078, 10.294,  1.008
 63360, 10.560, 15.001, 29.972, 10.368,  0.994
 63420, 10.629, 16.071, 29.737, 10.435,  1.063
 63480, 10.726, 15.301, 29.829, 10.830,  1.035
 63540, 10.568, 15.397, 29.414, 10.594,  0.942
 63600, 10.787, 15.850, 30.386, 10.671,  1.085
 63660, 11.065, 15.712, 29.853, 10.847,  0.885
 63720, 11.198, 16.184, 31.034, 10.826,  1.065
 63780, 10.683, 15.330, 29.549, 10.965,  0.916
 63840,  9.936, 14.499, 30.670, 10.521,  0.921
 63900,  9.851, 14.580, 28.887,  9.968,  0.988
 63960, 10.024, 15.009, 28.955, 10.219,  1.023
 64020, 10.186, 14.185, 27.284, 10.387,  1.047
 64080, 10.252, 14.686, 27.172, 10.490,  1.052
 64140, 10.232, 14.461, 27.997, 10.563,  0.940
 64200, 10.122, 14.266, 26.874, 10.321,  0.925
 64260, 10.006, 13.707, 26.767, 10.515,  0.920
 64320,  9.997, 13.929, 27.290, 10.421,  1.003
 64380, 10.173, 14.138, 27.509, 10.580,  1.074
 64440, 10.201, 14.259, 27.310, 10.653,  1.052
 64500, 10.505, 14.680, 28.376, 10.545,  1.018
 64560, 10.535, 14.705, 28.638, 10.932,  1.109
 64620, 10.490, 14.315, 28.232, 10.795,  0.900
 64680, 10.251, 14.393, 28.963, 10.359,  0.952
 64740, 10.333, 13.536, 27.947, 10.862,  1.007
 64800, 10.224, 13.938, 24.946,  9.960,  0.772
 64860, 10.431, 14.262, 27.665, 10.236,  0.984
 64920, 10.495, 14.652, 27.081, 10.656,  1.047
 64980,  9.984, 13.796, 28.066, 10.512,  1.053
 65040,  9.705, 13.253, 28.408, 10.592,  1.075
 65100,  9.400, 11.662, 27.212, 10.240,  0.977
 65160,  9.000, 11.677, 29.488,  9.774,  0.826
 65220,  8.560, 10.417, 27.434, 10.084,  0.821
 65280,  8.181,  9.474, 27.252,  9.485,  0.771
 65340,  7.817,  8.239, 27.306,  9.993,  0.786
 65400,  7.821,  9.034, 26.960, 10.013,  0.736
 65460,  7.918,  8.804, 27.028,  9.840,  0.610
 65520,  7.856,  8.227, 25.373,  9.607,  0.784
 65580,  7.505,  7.936, 27.206,  9.602,  0.663
 65640,  7.740,  8.022, 26.823,  9.399,  0.681
 65700,  7.621,  7.424, 25.989,  9.655,  0.720
 65760,  7.786,  7.609, 26.232,  9.791,  0.748
 65820,  7.883,  8.011, 25.045, 10.036,  0.710
 65880,  8.019,  7.785, 27.157, 10.253,  0.735
 65940,  8.115,  7.951, 26.943, 10.092,  0.537
 66000,  7.512,  7.181, 27.526,  9.767,  0.722
 66060,  7.601,  7.682, 25.564,  9.918,  0.729
 66120,  8.726,  9.377, 28.012, 10.779,  0.699
 66180,  8.730,  8.421, 27.920, 10.803,  0.690
 66240,  8.681,  8.305, 27.674, 10.888,  0.642
 66300,  9.043,  9.274, 28.769, 11.386,  0.542
 66360,  9.309,  9.299, 28.806, 11.389,  0.674
 66420,  8.983,  9.569, 28.715, 10.856,  0.747
 66480,  8.807,  8.927, 28.432, 11.168,  0.644
 66540,  9.020,  8.677, 28.584, 10.983,  0.692
 66600, -9999.000, -9999.000, -9999.000, -9999.000, -9999.000
 66660,  8.169,  9.025, 24.753, 10.746,  0.631
 66720,  7.455,  6.347, 24.219,  9.886,  0.499
 66780,  7.933,  6.996, 25.087, 10.461,  0.583
 66840,  7.866,  6.805, 24.940, 10.396,  0.584
 66900,  7.807,  6.846, 24.647, 10.497,  0.492
 66960,  7.733,  7.093, 25.419, 10.255,  0.429
 67020,  7.872,  7.663, 25.081, 10.654,  0.636
 67080,  7.931,  7.281, 25.627, 10.490,  0.541
 67140,  7.998,  7.802, 25.417, 10.627,  0.537
 67200,  8.167,  8.479, 25.290, 10.329,  0.536
 67260,  8.367,  8.348, 26.886, 10.461,  0.678
 67320,  8.510,  8.594, 26.499, 10.620,  0.663
 67380,  8.467,  8.097, 25.259, 10.609,  0.638
 67440,  8.845,  9.199, 26.412, 10.743,  0.699
 67500,  9.333,  8.458, 26.486, 11.049,  0.568
 67560,  9.237,  8.135, 26.562, 10.930,  0.656
 67620,  9.192,  7.985, 27.813, 10.796,  0.534
 67680,  9.148,  7.330, 26.881, 10.832,  0.444
 67740,  8.981,  7.532, 27.305, 11.065,  0.508
 67800,  9.047,  8.263, 27.661, 11.043,  0.512
 67860,  8.868,  7.861, 26.780, 10.631,  0.418
 67920,  8.790,  7.669, 26.854, 10.596,  0.531
 67980,  8.600,  6.794, 25.796, 10.622,  0.471
 68040,  8.634,  7.144, 26.280, 10.433,  0.509
 68100,  8.686,  7.007, 27.229, 10.650,  0.579
 68160,  8.793,  7.138, 26.604, 10.608,  0.641
 68220, 10.064,  8.495, 25.245, 10.550,  0.645
 68280, 11.017, 10.294, 27.885, 11.176,  0.618
 68340, 11.257, 10.123, 29.568, 11.204,  0.576
 68400, 11.237, 10.056, 29.039, 10.905,  0.494
 68460, -9999.000, -9999.000, -9999.000, -9999.000, -9999.000
 68520,  9.793, 10.243, 27.975,  9.970,  0.541
 68580,  8.913,  8.245, 27.334, 10.071,  0.507
 68640,  8.215,  6.657, 26.780,  9.622,  0.352
 68700,  8.285,  6.701, 26.170,  9.360,  0.473
 68760,  8.605,  6.874, 26.232,  9.688,  0.443
 68820,  8.495,  7.293, 26.233,  9.450,  0.529
 68880,  8.687,  7.466, 28.266,  9.457,  0.445
 68940,  8.610,  7.818, 25.990,  9.591,  0.500
 69000,  8.533,  7.548, 26.910,  9.720,  0.396
 69060,  8.049,  7.277, 26.972,  9.389,  0.452
 69120,  7.071,  6.263, 25.068,  9.096,  0.468
 69180,  6.850,  6.041, 26.351,  8.971,  0.417
 69240,  6.830,  5.800, 25.210,  9.103,  0.352
 69300,  6.968,  7.177, 26.187,  8.724,  0.408
 69360,  6.889,  7.960, 27.100,  8.673,  0.412
 69420,  6.731,  7.767, 27.771,  8.302,  0.474
 69480,  6.715,  7.407, 27.210,  8.161,  0.426
 69540,  6.563,  6.700, 27.452,  8.535,  0.532
 69600,  6.334,  6.203, 25.977,  8.196,  0.397
 69660,  6.481,  6.486, 27.547,  8.362,  0.398
 69720,  6.622,  7.130, 27.003,  8.412,  0.475
 69780,  6.956,  7.339, 26.322,  8.185,  0.441
 69840,  6.870,  7.363, 29.791,  8.244,  0.435
 69900,  7.435,  7.502, 30.652,  8.488,  0.493
 69960,  7.412,  8.365, 30.676,  8.067,  0.524
 70020,  7.404,  8.688, 31.691,  8.706,  0.596
 70080,  7.810,  8.366, 32.963,  8.512,  0.547
 70140,  8.722,  9.368, 36.903,  8.810,  0.499
 70200,  9.465, 10.176, 40.166,  9.297,  0.590
 70260,  9.590, 10.740, 39.224,  9.601,  0.456
 70320, -9999.000, -9999.000, -9999.000, -9999.000, -9999.000
 70380,  8.825, 11.041, 36.100,  8.457,  0.614
 70440,  8.862, 10.729, 36.968,  8.730,  0.548
 70500,  8.983, 10.703, 40.201,  8.740,  0.463
 70560,  9.087, 11.068, 40.634,  8.372,  0.565
 70620,  9.113, 10.788, 41.725,  8.274,  0.508
 70680,  8.572,  9.979, 40.879,  8.531,  0.568
 70740,  9.286, 11.008, 43.568,  8.460,  0.539
 70800,  9.271, 11.875, 43.713,  8.617,  0.657
 70860,  8.787, 11.858, 43.581,  8.200,  0.622
 70920,  8.607, 11.101, 43.563,  7.985,  0.577
 70980,  8.606, 10.564, 44.084,  7.872,  0.602
 71040,  9.504, 11.748, 45.824,  8.341,  0.642
 71100,  9.269, 12.047, 48.369,  8.497,  0.543
 71160,  9.326, 11.867, 50.269,  7.940,  0.563
 71220,  8.662, 12.243, 47.067,  8.045,  0.594
 71280,  8.867, 12.660, 49.066,  8.060,  0.624
 71340,  9.455, 13.824, 51.072,  8.169,  0.622
 71400,  9.960, 13.726, 53.836,  8.673,  0.673
 71460,  9.582, 13.085, 54.120,  8.269,  0.631
 71520,  9.094, 11.583, 52.408,  7.783,  0.558
 71580,  9.469, 11.841, 53.524,  8.114,  0.582
 71640,  9.857, 13.460, 55.773,  8.281,  0.648
 71700,  9.311, 13.047, 56.031,  8.508,  0.598
 71760,  8.942, 14.061, 53.542,  8.042,  0.636
 71820,  8.751, 12.737, 52.563,  7.952,  0.639
 71880,  8.848, 12.244, 52.075,  7.853,  0.626
 71940,  8.795, 12.214, 50.716,  7.879,  0.616
 72000,  8.863, 11.967, 50.590,  8.119,  0.611
 72060,  8.925, 11.764, 47.642,  7.825,  0.587
 72120,  8.548, 10.387, 45.970,  8.105,  0.634
 72180,  8.204,  8.752, 38.956,  7.449,  0.460
 72240,  8.514,  9.969, 39.532,  7.815,  0.565
 72300,  8.566, 11.203, 43.894,  7.875,  0.571
 72360,  8.681, 10.488, 45.318,  7.922,  0.600
 72420,  8.610,  9.949, 45.499,  7.699,  0.566
 72480,  8.265, 10.324, 44.760,  7.710,  0.573
 72540,  8.358, 10.491, 43.510,  7.518,  0.663
 72600,  8.271,  9.348, 43.033,  7.866,  0.636
 72660,  7.442,  8.996, 42.313,  7.394,  0.571
 72720,  7.181,  8.348, 40.842,  7.111,  0.534
 72780,  7.267,  8.997, 42.459,  7.359,  0.565
 72840,  7.614, 10.057, 43.838,  7.361,  0.525
 72900,  7.621, 10.114, 44.251,  7.316,  0.418
 72960,  7.601, 10.199, 46.090,  7.270,  0.608
 73020,  7.467, 11.018, 46.887,  7.670,  0.548
 73080,  7.466, 11.187, 43.546,  7.708,  0.535
 73140,  7.278, 11.015, 44.737,  7.610,  0.503
 73200,  7.019, 10.340, 44.035,  7.441,  0.609
 73260,  7.051,  9.460, 43.234,  7.082,  0.456
 73320,  7.089,  9.876, 47.143,  7.454,  0.526
 73380,  7.063, 10.439, 45.403,  7.344,  0.478
 73440,  6.865,  9.956, 45.379,  7.197,  0.431
 73500,  6.992, 10.287, 45.615,  7.207,  0.483
 73560,  6.836, 10.176, 45.688,  7.257,  0.523
 73620,  6.735, 11.060, 47.335,  6.967,  0.532
 73680,  6.023,  9.174, 43.681,  6.787,  0.506
 73740,  6.023,  8.079, 40.732,  6.102,  0.368
 73800,  6.417,  8.417, 43.824,  6.571,  0.435
 73860,  6.566,  9.064, 43.768,  6.807,  0.462
 73920,  6.836, 10.201, 44.575,  7.247,  0.550
 73980,  6.993, 10.945, 44.203,  6.892,  0.518
 74040,  6.512,  9.320, 38.170,  7.084,  0.547
 74100,  6.254,  9.851, 39.520,  6.715,  0.404
 74160,  5.772,  9.002, 39.738,  6.330,  0.364
 74220,  5.392,  7.888, 39.250,  6.106,  0.360
 74280,  5.432,  7.881, 39.045,  6.009,  0.213
 74340,  5.755,  8.831, 40.949,  5.966,  0.410
 74400,  5.758,  9.271, 43.235,  6.091,  0.220
 74460,  5.792,  9.786, 43.579,  6.097,  0.294
 74520,  5.695,  9.173, 42.598,  6.328,  0.333
 74580,  5.594,  7.446, 39.361,  6.424,  0.233
 74640,  5.200,  7.372, 38.738,  6.196,  0.271
 74700,  4.365,  5.631, 35.398,  5.793,  0.212
 74760,  5.745,  6.998, 37.300,  5.955,  0.223
 74820,  6.220,  7.976, 39.312,  6.334,  0.248
 74880,  6.486,  8.483, 42.254,  6.502,  0.254
 74940,  6.496,  8.174, 41.588,  6.445,  0.140
 75000,  6.515,  8.180, 44.377,  6.362,  0.290
 75060,  6.652,  9.057, 44.014,  6.926,  0.245
 75120,  6.940,  9.145, 45.043,  6.615,  0.219
 75180,  7.031,  9.070, 43.609,  7.148,  0.291
 75240,  7.104,  9.631, 44.177,  6.865,  0.240
 75300,  6.873,  9.440, 41.772,  6.724,  0.258
 75360,  6.760,  8.856, 42.126,  6.778,  0.254
 75420,  6.659,  8.815, 41.553,  6.624,  0.135
 75480,  6.896,  9.042, 42.259,  6.898,  0.079
 75540,  7.244,  9.737, 43.822,  7.009,  0.255
 75600,  7.085,  8.287, 42.861,  7.210,  0.176
 75660,  7.098,  8.681, 43.909,  7.063,  0.191
 75720,  7.124,  8.382, 42.578,  6.940,  0.131
 75780,  8.109,  9.431, 44.160,  7.260,  0.134
 75840,  8.785,  9.408, 44.019,  7.140,  0.262
 75900,  8.780,  8.686, 42.778,  7.466,  0.149
 75960,  9.007,  8.989, 43.707,  7.427,  0.101
 76020,  9.470,  9.974, 45.518,  7.532,  0.105
 76080, 10.285, 10.562, 50.888,  7.844,  0.026
 76140, 10.442, 10.969, 52.054,  8.125,  0.076
 76200, 10.299, 10.794, 52.586,  8.091,  0.098
 76260, 10.658, 10.529, 50.403,  8.426,  0.119
 76320, 11.106, 11.399, 52.147,  8.314,  0.188
 76380, 11.307, 11.652, 52.321,  8.392,  0.151
 76440, 12.054, 11.246, 51.234,  8.358,  0.121
 76500, 11.929, 10.558, 51.434,  8.382,  0.221
 76560, 11.897, 11.904, 50.939,  8.415,  0.183
 76620, 11.246, 11.472, 52.242,  8.364,  0.238
 76680, 10.599, 11.784, 52.754,  8.162,  0.124
 76740, 11.127, 11.655, 52.086,  7.846,  0.172
 76800, 11.597, 11.285, 54.473,  8.124,  0.247
 76860, 12.039, 11.970, 52.435,  8.155,  0.023
 76920, 12.374, 12.110, 53.450,  8.207,  0.224
 76980, 12.471, 12.576, 53.601,  8.267,  0.146
 77040, 12.610, 13.225, 54.425,  8.216,  0.168
 77100, 12.313, 12.398, 54.665,  8.176,  0.170
 77160, 12.225, 13.166, 56.770,  7.976,  0.311
 77220, 12.060, 13.286, 56.359,  8.391,  0.227
 77280, 11.362, 12.646, 57.352,  8.171,  0.209
 77340, 11.066, 13.221, 56.881,  8.441,  0.229
 77400, 11.293, 14.072, 56.770,  8.105,  0.252
 77460, 11.883, 14.717, 56.713,  7.944,  0.191
 77520, 11.914, 14.308, 55.052,  8.053,  0.280
 77580, 11.968, 13.251, 55.822,  8.141,  0.231
 77640, 11.930, 12.794, 56.005,  8.411,  0.079
 77700, -9999.000, -9999.000, -9999.000, -9999.000, -9999.000
 77760, 11.787, 10.896, 44.593,  7.714,  0.146
 77820, 11.739, 11.421, 48.486,  8.124,  0.114
 77880, 11.790, 11.918, 50.053,  8.039,  0.107
 77940, 11.851, 12.035, 50.961,  8.035,  0.245
 78000, 11.405, 12.196, 52.746,  8.085,  0.241
 78060, 11.133, 11.868, 54.934,  7.824,  0.223
 78120, 10.770, 11.728, 51.833,  7.668,  0.145
 78180, 10.746, 12.089, 53.001,  7.450,  0.229
 78240, 10.857, 11.192, 52.167,  7.675,  0.135
 78300, 10.960, 11.468, 55.411,  7.786,  0.233
 78360, 10.933, 11.927, 53.842,  7.727,  0.235
 78420, 10.270, 11.810, 53.801,  7.624,  0.225
 78480,  9.792, 11.161, 52.811,  7.249,  0.184
 78540,  9.628, 11.366, 51.430,  7.380,  0.200
 78600,  9.859, 11.861, 52.866,  7.354,  0.224
 78660, 10.265, 11.608, 54.416,  7.184,  0.096
 78720, 10.524, 11.525, 53.936,  7.408,  0.260
 78780, 10.759, 11.039, 54.277,  7.441,  0.233
 78840, 11.028,  9.952, 51.745,  7.249,  0.132
 78900, 11.123, 10.865, 53.730,  7.526,  0.159
 78960, 10.921, 11.019, 53.416,  7.370,  0.147
 79020, 10.987, 10.115, 51.757,  7.464,  0.223
 79080, 10.702, 10.969, 52.428,  7.356,  0.181
 79140, 10.267, 10.718, 52.406,  7.285,  0.231
 79200, 10.013, 10.861, 53.214,  7.225,  0.271
 79260,  9.823, 10.486, 53.811,  7.092,  0.159
 79320,  9.952, 10.126, 53.165,  7.129,  0.202
 79380, 10.197, 10.430, 51.112,  6.740,  0.235
 79440, 10.355, 10.819, 54.332,  6.908,  0.231
 79500, 10.417, 10.584, 53.336,  6.692,  0.242
 79560, -9999.000, -9999.000, -9999.000, -9999.000, -9999.000
 79620, 10.334, 10.758, 48.991,  7.333,  0.117
 79680, 10.289,  9.947, 50.534,  7.042,  0.160
 79740, 10.569, 10.400, 51.282,  7.155,  0.193
 79800, 10.393,  9.885, 51.500,  7.091,  0.194
 79860, 10.203,  8.969, 52.324,  6.858,  0.218
 79920, 10.330,  9.904, 51.000,  7.010,  0.266
 79980, 10.278, 10.201, 50.848,  6.802,  0.293
