CampaignData_and_Merges/R0/CSL_MobileLab_Parked/raw/20240731/USOS-PTR_MobileLabGround_20240731_R0.ict
58, 1001
Matthew Coggon, Kelvin Bates, Chelsea Stockwell, Carsten Warneke
NOAA ESRL Chemical Sciences Division
NOAA PTR-ToF-MS
USOS
1,1 
2024, 07, 31, 2025, 09, 19
0
Time_Start, seconds, number of seconds from 00:00 UTC 
22
1, 1, 1, 1, 1, 1, 1, 1, 1, 1, 1, 1, 1, 1, 1, 1, 1, 1, 1, 1, 1, 1
-9999, -9999, -9999, -9999, -9999, -9999, -9999, -9999, -9999, -9999, -9999, -9999, -9999, -9999, -9999, -9999, -9999, -9999, -9999, -9999, -9999, -9999
CH3OH_NOAAPTR_ppbv,  ppbv, Gas_CH3OH_InSitu_S_AVMR, (CH3OH) methanol
CH3CN_NOAAPTR_ppbv,  ppbv, Gas_CH3CN_InSitu_S_AVMR, (CH3CN) acetonitrile
CH3CHO_NOAAPTR_ppbv,  ppbv, Gas_CH3CHO_InSitu_S_AVMR, (CH3CHO) acetaldehyde plus contributions from ethylene glycol and ethylene oxide. Interference from ethanol has been subtracted out.
C2H5OH_NOAAPTR_ppbv,  ppbv, Gas_C2H5OH_InSitu_S_AVMR, (C2H5OH) ethanol
CH3SH_NOAAPTR_ppbv,  ppbv, Gas_CH3SH_InSitu_S_AVMR, (CH3SH) methanethiol, using calibration factor for DMS
Acrolein_NOAAPTR_ppbv,  ppbv, Gas_Acrolein_InSitu_S_AVMR, (C3H4O) acrolein
AcetonePropanal_NOAAPTR_ppbv,  ppbv, Gas_AcetoneAndPropanal_InSitu_S_AVMR, (C3H6O) sum of acetone (dominant isomer) and propanal, using calibration factor for acetone
DMS_NOAAPTR_ppbv,  ppbv, Gas_DMS_InSitu_S_AVMR, (C2H6S) dimethyl sulfide with possible small contributions from ethanethiol
C5H8_NOAAPTR_ppbv,  ppbv, Gas_Isoprene_InSitu_S_AVMR, (C5H8) isoprene and possible fragments from cycloalkanes and aldehydes. Interferences have been subtracted following methods described by Coggon et al (2023)
MVKMAC_NOAAPTR_ppbv,  ppbv, Gas_MVKAndMAC_InSitu_S_AVMR, (C4H6O) sum of methyl vinyl ketone, methacrolein, and small amounts of crotonaldehyde, using weighted calibration factor for MVK (0.637) and MACR (0.363)
Benzene_NOAAPTR_ppbv,  ppbv, Gas_Benzene_InSitu_S_AVMR, (C6H6) benzene
Toluene_NOAAPTR_ppbv,  ppbv, Gas_Toluene_InSitu_S_AVMR, (C7H8) toluene with possible small contributions of fragments from ethyltoluene
Styrene_NOAAPTR_ppbv,  ppbv, Gas_Styrene_InSitu_S_AVMR, (C8H8) styrene
Benzaldehyde_NOAAPTR_ppbv,  ppbv, Gas_Benzaldehyde_InSitu_S_AVMR, (C7H6O) benzaldehyde
C8Aromatics_NOAAPTR_ppbv,  ppbv, Gas_C8Aromatics_InSitu_M_AVMR, (C8H10) sum of m-xylene, p-xylene, o-xylene, and ethyl benzene
C9Aromatics_NOAAPTR_ppbv,  ppbv, Gas_C9Aromatics_InSitu_M_AVMR, (C9H12) sum of C9 aromatics
Naphthalene_NOAAPTR_ppbv,  ppbv, Gas_Naphthalene_InSitu_S_AVMR, (C10H8) naphthalene
Octanal_NOAAPTR_ppbv,  ppbv, Gas_Octanal_InSitu_S_AVMR, (C8H16O) octanal and small amounts of octanone
Monoterpenes_NOAAPTR_ppbv,  ppbv, Gas_Monoterpenes_InSitu_M_AVMR, (C10H16) sum of monoterpenes and possible contributions from fragments of oxygenated monoterpenoids such as eucalyptol.
Nonanal_NOAAPTR_ppbv,  ppbv, Gas_Nonanal_InSitu_M_AVMR, (C9H18O) nonanal and small amounts of nonanone
C7H4ClF3_NOAAPTR_ppbv,  ppbv, Gas_C7H4ClF3_InSitu_S_AVMR, (C7H4ClF3) parachlorobenzotrifluoride
C10H30O5Si5_NOAAPTR_ppbv,  ppbv, Gas_C10H30O5Si5_InSitu_S_AVMR, (C10H30O5Si5) decamethylcyclopentasiloxane
1
SPECIAL COMMENTS:N/A
21
PI_CONTACT_INFO: NOAA ESRL Chemical Sciences Division, Tropospheric Chemistry Group. 325 Broadway, R/CSD7, Boulder, CO 80305
PLATFORM: Mobile Laboratory.
LOCATION: Salt Lake City, UT
ASSOCIATED_DATA: N/A
INSTRUMENT_INFO: NOAA PTR-ToF-MS measurements on NOAA CSL Mobile Lab
DATA_INFO: Units: ppbv
UNCERTAINTY: See OTHER_COMMENTS
ULOD_FLAG: -7777
ULOD_VALUE: N/A
LLOD_FLAG: -8888
LLOD_VALUE: N/A.
DM_CONTACT_INFO: Data Managers: Matt Coggon, Kelvin Bates, Chelsea Stockwell; email: matthew.m.coggon@noaa.gov and kelvin.bates@colorado.edu
PROJECT_INFO: USOS Deployment July-August, 2024
STIPULATIONS_ON_USE: Use of these data require prior OK from PI.
OTHER_COMMENTS: Uncertainties:
CH3OH_NOAAPTR_ppbv:30%; CH3CN_NOAAPTR_ppbv:30%; CH3CHO_NOAAPTR_ppbv:30%; C2H5OH_NOAAPTR_ppbv:30%; CH3SH_NOAAPTR_ppbv:50%; Acrolein_NOAAPTR_ppbv:30%; AcetonePropanal_NOAAPTR_ppbv:30%; DMS_NOAAPTR_ppbv:30%; C5H8_NOAAPTR_ppbv:30%; MVKMAC_NOAAPTR_ppbv:30%; 
Benzene_NOAAPTR_ppbv:30%; Toluene_NOAAPTR_ppbv:30%; Styrene_NOAAPTR_ppbv:30%; Benzaldehyde_NOAAPTR_ppbv:30%; C8Aromatics_NOAAPTR_ppbv:30%; C9Aromatics_NOAAPTR_ppbv:30%; Naphthalene_NOAAPTR_ppbv:30%; Octanal_NOAAPTR_ppbv:30%; Monoterpenes_NOAAPTR_ppbv:30%; Nonanal_NOAAPTR_ppbv:30%; 
C7H4ClF3_NOAAPTR_ppbv:30%; C10H30O5Si5_NOAAPTR_ppbv:30%; 
REVISION: R0
R0: Calibrated PTR Data. See individual species comments for details about measurement uncertainties
Time_Start, CH3OH_NOAAPTR_ppbv, CH3CN_NOAAPTR_ppbv, CH3CHO_NOAAPTR_ppbv, C2H5OH_NOAAPTR_ppbv, CH3SH_NOAAPTR_ppbv, Acrolein_NOAAPTR_ppbv, AcetonePropanal_NOAAPTR_ppbv, DMS_NOAAPTR_ppbv, C5H8_NOAAPTR_ppbv, MVKMAC_NOAAPTR_ppbv, Benzene_NOAAPTR_ppbv, Toluene_NOAAPTR_ppbv, Styrene_NOAAPTR_ppbv, Benzaldehyde_NOAAPTR_ppbv, C8Aromatics_NOAAPTR_ppbv, C9Aromatics_NOAAPTR_ppbv, Naphthalene_NOAAPTR_ppbv, Octanal_NOAAPTR_ppbv, Monoterpenes_NOAAPTR_ppbv, Nonanal_NOAAPTR_ppbv, C7H4ClF3_NOAAPTR_ppbv, C10H30O5Si5_NOAAPTR_ppbv
[from data line 1174]
70440.0, 10.61006, 0.54386, 2.58625, 9.41768, 0.00408, 0.32018, 5.83848, -0.00336, 0.18022, 0.36410, 0.37297, 0.64887, 0.02744, 0.02518, 0.31278, 0.08635, 0.00677, 0.06814, 0.09184, 0.06370, 0.01533, 0.00362 
70500.0, 9.58448, 0.57020, 2.38885, 15.76899, 0.00927, 0.27208, 5.67392, 0.02842, 0.31286, 0.35423, 0.31115, 0.36114, 0.01238, 0.02860, 0.13354, 0.05850, 0.00058, 0.03774, 0.10378, 0.04143, 0.01493, 0.00262 
70560.0, 9.34311, 0.57007, 2.33126, 2.87137, 0.00571, 0.31570, 5.38844, -0.00678, 0.13458, 0.30765, 0.33097, 0.34830, -0.00462, 0.02064, 0.14057, 0.06884, -0.00537, 0.03358, 0.08815, 0.04171, 0.00989, 0.00194 
70620.0, 10.00878, 0.61856, 2.58558, 7.91359, 0.01389, 0.30439, 5.50644, -0.00352, 0.18106, 0.32446, 0.35801, 0.41508, -0.00461, 0.02834, 0.17958, 0.06108, 0.00581, 0.03195, 0.08872, 0.05212, 0.01417, 0.00473 
70680.0, 11.43448, 0.57998, 2.66559, 6.85464, 0.01233, 0.29705, 5.48965, 0.01217, 0.12257, 0.34959, 0.37225, 0.45310, 0.02568, 0.00430, 0.19462, 0.07580, -0.00720, 0.06097, 0.12747, 0.05268, 0.01029, 0.00284 
70740.0, 10.13792, 0.58638, 2.51261, 2.73908, 0.00890, 0.27362, 5.38792, 0.02152, 0.08098, 0.34866, 0.24481, 0.32523, 0.00049, 0.00322, 0.11876, 0.04049, 0.00787, 0.04213, 0.07580, 0.04936, 0.01371, 0.00388 
70800.0, 10.79785, 0.56605, 2.46529, 2.53556, 0.00997, 0.29918, 5.39377, 0.02182, 0.08339, 0.34635, 0.25357, 0.31409, 0.02335, -0.00975, 0.14590, 0.05375, -0.00263, 0.05110, 0.07140, 0.05653, 0.01219, 0.00287 
70860.0, 10.85054, 0.57053, 3.00096, 11.66117, 0.01133, 0.32587, 5.65913, 0.01178, 0.22973, 0.37701, 0.28248, 0.39440, -0.00458, -0.00207, 0.18344, 0.06058, 0.01531, 0.05787, 0.12071, 0.08237, 0.01552, 0.00472 
70920.0, 9.23742, 0.57233, 2.56411, 6.15508, 0.00720, 0.31942, 5.37274, 0.00340, 0.29406, 0.36282, 0.25065, 0.33780, 0.02169, -0.00292, 0.13296, 0.05843, 0.01170, 0.04841, 0.11412, 0.04575, 0.00959, 0.00332 
70980.0, 8.88834, 0.58236, 2.24896, 4.85765, 0.00934, 0.24997, 5.16163, -0.00379, 0.10351, 0.31621, 0.28977, 0.29705, -0.00456, 0.01259, 0.10680, 0.04059, 0.01727, 0.03431, 0.06609, 0.03062, 0.01169, 0.00163 
71040.0, 9.24715, 0.55380, 2.47500, 6.36121, 0.00607, 0.24999, 5.33987, -0.00101, 0.05958, 0.35219, 0.25774, 0.33274, 0.00759, 0.02487, 0.11123, 0.05349, -0.00388, 0.05728, 0.06442, 0.01854, 0.01439, 0.00392 
71100.0, 9.62394, 0.61573, 2.36024, 2.51906, 0.00298, 0.27118, 5.21382, 0.01842, 0.13692, 0.34189, 0.36592, 0.31384, 0.01831, 0.03622, 0.14655, 0.04439, 0.00311, 0.04147, 0.03889, 0.02397, 0.01655, 0.00183 
71160.0, 9.00391, 0.58214, 2.35889, 1.86603, 0.00520, 0.25404, 5.20143, 0.01759, 0.10029, 0.34038, 0.27051, 0.31136, 0.02858, 0.00643, 0.10359, 0.04253, 0.00962, 0.02525, 0.04383, 0.02836, 0.01284, 0.00134 
71220.0, 10.03038, 0.53804, 2.77212, 8.39128, 0.00780, 0.33695, 5.36776, 0.01286, 0.20668, 0.35549, 0.33693, 0.30617, -0.00452, -0.01007, 0.12943, 0.05718, 0.00614, 0.04377, 0.15575, 0.04162, 0.00992, 0.00470 
71280.0, 9.77175, 0.56961, 2.59516, 10.48367, 0.01032, 0.30253, 5.25305, 0.00509, 0.41492, 0.36095, 0.29385, 0.31863, -0.00451, 0.02472, 0.14172, 0.06358, 0.01125, 0.06449, 0.11531, 0.05791, 0.01064, 0.00269 
71340.0, 11.16512, 0.61466, 2.84507, 21.85499, 0.00863, 0.34378, 5.44955, 0.01223, 0.34466, 0.43473, 0.42919, 0.76285, 0.02935, 0.00772, 0.38667, 0.11472, 0.01336, 0.04134, 0.13564, 0.05035, 0.01160, 0.00398 
71400.0, 9.96075, 0.57291, 2.72655, 4.43259, 0.01438, 0.31838, 5.64693, -0.00684, 0.42408, 0.39795, 0.38162, 0.41761, 0.04136, 0.05637, 0.16162, 0.06191, 0.02517, 0.06662, 0.14192, 0.05047, 0.02014, 0.00212 
71460.0, 9.96393, 0.59608, 2.74643, 5.21368, 0.01292, 0.27662, 5.56296, 0.00676, 0.20032, 0.39122, 0.36566, 0.43139, 0.01236, 0.02731, 0.16478, 0.05601, 0.01301, 0.02994, 0.07700, 0.04691, 0.01320, 0.00296 
71520.0, 8.50802, 0.55544, 2.47245, 2.28796, 0.00745, 0.27908, 5.22873, 0.00154, 0.23943, 0.35113, 0.29326, 0.32830, 0.03018, 0.01761, 0.13977, 0.04974, 0.00276, 0.02967, 0.05455, 0.02062, 0.00938, 0.00299 
71580.0, 10.42773, 0.59033, 2.30798, 2.69158, 0.00530, 0.32859, 5.34945, 0.00863, 0.07991, 0.35564, 0.29572, 0.34880, 0.03582, 0.00308, 0.16175, 0.06301, -0.00179, 0.03886, 0.06328, 0.06612, 0.01581, 0.00277 
71640.0, 9.68531, 0.57161, 2.51154, 2.43770, 0.00663, 0.32230, 5.49557, 0.01419, 0.15677, 0.38580, 0.26758, 0.39232, 0.03821, 0.03238, 0.14409, 0.06556, -0.00704, 0.04022, 0.07038, 0.03751, 0.01690, 0.00170 
71700.0, 8.81679, 0.55616, 2.10075, 2.28944, 0.00729, 0.26328, 4.96232, -0.00573, 0.11061, 0.35735, 0.28410, 0.25837, 0.02721, 0.01866, 0.12960, 0.03601, 0.01973, 0.04679, 0.07270, 0.03623, 0.01063, 0.00491 
71760.0, 9.94618, 0.59375, 2.57588, 8.68929, 0.01125, 0.32583, 5.35934, 0.01437, 0.39138, 0.43216, 0.31870, 0.45486, 0.02666, 0.02449, 0.22459, 0.06971, 0.00062, 0.03227, 0.14315, 0.09466, 0.00959, 0.00550 
71820.0, 9.44981, 0.55614, 2.32785, 6.89115, 0.00878, 0.27808, 5.12055, 0.00932, 0.32065, 0.37376, 0.24346, 0.30361, 0.01403, 0.02966, 0.12652, 0.05041, 0.00515, 0.02870, 0.12855, 0.03652, 0.01004, 0.00178 
71880.0, 9.10531, 0.58174, 2.36484, 3.03139, 0.01333, 0.27070, 5.33795, 0.01515, 0.15815, 0.35628, 0.28634, 0.30087, 0.01911, 0.03161, 0.12383, 0.03870, 0.01642, 0.04737, 0.08981, 0.03816, 0.01519, 0.00153 
71940.0, 10.51746, 0.53825, 2.53650, 16.79414, 0.00813, 0.31994, 5.36594, 0.00427, 0.28071, 0.41092, 0.26270, 0.37133, 0.02934, -0.00539, 0.13877, 0.05142, 0.01949, 0.04677, 0.09938, 0.04789, 0.01109, 0.00401 
72000.0, 8.51957, 0.61778, 2.73419, 3.08727, 0.00942, 0.29725, 5.56372, 0.00532, 0.10325, 0.33981, 0.34766, 0.39182, 0.01876, 0.02930, 0.14718, 0.04354, 0.00599, 0.04683, 0.05644, 0.02766, 0.02918, 0.00098 
72060.0, 8.28336, 0.60975, 2.71585, 2.33080, 0.00895, 0.30712, 5.60858, -0.00409, 0.28499, 0.38385, 0.37806, 0.41695, 0.02585, 0.04047, 0.15409, 0.06230, 0.00863, 0.03386, 0.08015, 0.03816, 0.01964, 0.00385 
72120.0, 11.43933, 0.60865, 3.66711, 11.42721, 0.00633, 0.42750, 6.01473, 0.01685, 0.35386, 0.41648, 0.75487, 1.75737, 0.07506, 0.02481, 0.90117, 0.25072, 0.00902, 0.07373, 0.13008, 0.09078, 0.01888, 0.00337 
72180.0, 9.35808, 0.56037, 3.23575, 5.53777, 0.00714, 0.33493, 5.76715, 0.00287, 0.16573, 0.35939, 0.34123, 0.57009, 0.04273, 0.02562, 0.26030, 0.08516, 0.00899, 0.04835, 0.12210, 0.06433, 0.02785, 0.00609 
72240.0, 8.27383, 0.58168, 2.70131, 2.70481, 0.00936, 0.34229, 5.62917, 0.01765, 0.12253, 0.37467, 0.39449, 0.43604, 0.03518, 0.03567, 0.18672, 0.06050, 0.01295, 0.04215, 0.05171, 0.03685, 0.01107, 0.00257 
72300.0, 9.35609, 0.56658, 2.94189, 8.22029, 0.00774, 0.37116, 5.72431, 0.00646, 0.26860, 0.35752, 0.38073, 0.45827, 0.03925, 0.01780, 0.19504, 0.06907, 0.01425, 0.03071, 0.10941, 0.05098, 0.01815, 0.00490 
72360.0, 8.26112, 0.58085, 2.90319, 2.51953, 0.00634, 0.31455, 5.65947, -0.00047, 0.19309, 0.32735, 0.33362, 0.45081, 0.03658, 0.02259, 0.16527, 0.06634, 0.01026, 0.01725, 0.07555, 0.02884, 0.02025, 0.00272 
72420.0, 11.03254, 0.56325, 3.23661, 5.15805, 0.01069, 0.37196, 5.81769, 0.02457, 0.17282, 0.36607, 0.53827, 0.84186, 0.04087, 0.03354, 0.36562, 0.11872, 0.00487, 0.04120, 0.14224, 0.05575, 0.02307, 0.00553 
72480.0, 11.21360, 0.53827, 3.18213, 3.35591, 0.00576, 0.37440, 5.81480, 0.00582, 0.12323, 0.35134, 0.34873, 0.39868, 0.02114, 0.01679, 0.17489, 0.06571, 0.00605, 0.04288, 0.09402, 0.03920, 0.02004, 0.00147 
72540.0, 8.73734, 0.56637, 3.17529, 3.81355, 0.00777, 0.36016, 5.70213, 0.00196, 0.20286, 0.33737, 0.34671, 0.44598, 0.03611, 0.01817, 0.15729, 0.06319, 0.01523, 0.04546, 0.09424, 0.04044, 0.02042, 0.00236 
72600.0, 10.36179, 0.57918, 3.04670, 8.18415, 0.00631, 0.33338, 5.80419, -0.00469, 0.09695, 0.34630, 0.44285, 0.42002, -0.00031, 0.02438, 0.18330, 0.06293, 0.00547, 0.02957, 0.06106, 0.04135, 0.01099, 0.00253 
72660.0, 9.49638, 0.57638, 2.81869, 2.03783, 0.00556, 0.28738, 5.67987, 0.00946, 0.13700, 0.31254, 0.41362, 0.45999, 0.03565, 0.05082, 0.15762, 0.05839, 0.00876, 0.01988, 0.09630, 0.03763, 0.01728, 0.00231 
72720.0, 9.28031, 0.61666, 3.06440, 4.44927, 0.00815, 0.36052, 5.84246, 0.00732, 0.23632, 0.32680, 0.41818, 0.61693, -0.00429, 0.03505, 0.28541, 0.10971, 0.02189, 0.06598, 0.09333, 0.06715, 0.01784, 0.00172 
72780.0, 9.28012, 0.59506, 2.72536, 35.61952, 0.01139, 0.31145, 5.57068, -0.00544, 0.19123, 0.31789, 0.34940, 0.39382, 0.02451, 0.05106, 0.14263, 0.06396, 0.00561, 0.03848, 0.10108, 0.03916, 0.01206, 0.00312 
72840.0, 10.82178, 0.54928, 2.96788, 3.30812, 0.00293, 0.32038, 5.63254, 0.00336, 0.14188, 0.34746, 0.31567, 0.38547, 0.04601, 0.06352, 0.17260, 0.06717, 0.02125, 0.07706, 0.18998, 0.06500, 0.01130, 0.00527 
72900.0, 9.26392, 0.60828, 2.61365, 2.53216, 0.00872, 0.30103, 5.52538, 0.00877, 0.07187, 0.33285, 0.37684, 0.41492, 0.02836, 0.04213, 0.16204, 0.05044, 0.00606, 0.03951, 0.09060, 0.03960, 0.01067, 0.00153 
72960.0, 10.05665, 0.58933, 2.69472, 2.81771, 0.00773, 0.29821, 5.56863, -0.00697, 0.09919, 0.32924, 0.38687, 0.40422, 0.04169, 0.06704, 0.15651, 0.07138, 0.01761, 0.03855, 0.11454, 0.06460, 0.01486, 0.00446 
73020.0, 10.76260, 0.57896, -9999.00000, 2.69594, 0.00504, 0.31064, 5.63945, 0.01264, -9999.00000, 0.37303, 0.39765, 0.42876, -0.00424, 0.07323, 0.13004, 0.06459, 0.01667, 0.05742, 0.10798, 0.03474, 0.01362, 0.00901 
73080.0, -9999.00000, -9999.00000, -9999.00000, -9999.00000, -9999.00000, -9999.00000, -9999.00000, -9999.00000, -9999.00000, -9999.00000, -9999.00000, -9999.00000, -9999.00000, -9999.00000, -9999.00000, -9999.00000, -9999.00000, -9999.00000, -9999.00000, -9999.00000, -9999.00000, -9999.00000 
73140.0, -9999.00000, -9999.00000, -9999.00000, -9999.00000, -9999.00000, -9999.00000, -9999.00000, -9999.00000, -9999.00000, -9999.00000, -9999.00000, -9999.00000, -9999.00000, -9999.00000, -9999.00000, -9999.00000, -9999.00000, -9999.00000, -9999.00000, -9999.00000, -9999.00000, -9999.00000 
73200.0, -9999.00000, -9999.00000, -9999.00000, -9999.00000, -9999.00000, -9999.00000, -9999.00000, -9999.00000, -9999.00000, -9999.00000, -9999.00000, -9999.00000, -9999.00000, -9999.00000, -9999.00000, -9999.00000, -9999.00000, -9999.00000, -9999.00000, -9999.00000, -9999.00000, -9999.00000 
73260.0, -9999.00000, -9999.00000, -9999.00000, -9999.00000, -9999.00000, -9999.00000, -9999.00000, -9999.00000, -9999.00000, -9999.00000, -9999.00000, -9999.00000, -9999.00000, -9999.00000, -9999.00000, -9999.00000, -9999.00000, -9999.00000, -9999.00000, -9999.00000, -9999.00000, -9999.00000 
73320.0, -9999.00000, -9999.00000, -9999.00000, -9999.00000, -9999.00000, -9999.00000, -9999.00000, -9999.00000, -9999.00000, -9999.00000, -9999.00000, -9999.00000, -9999.00000, -9999.00000, -9999.00000, -9999.00000, -9999.00000, -9999.00000, -9999.00000, -9999.00000, -9999.00000, -9999.00000 
73380.0, 10.15516, 0.57257, -9999.00000, 3.78709, 0.00728, 0.28549, 5.50381, 0.01184, -9999.00000, 0.35268, 0.42778, 0.32719, 0.04734, 0.06263, 0.14073, 0.05822, 0.00528, 0.05951, 0.07528, 0.03941, 0.01304, 0.00351 
73440.0, 9.06164, 0.59065, 2.59155, 4.72336, 0.00330, 0.28802, 5.41900, -0.00038, 0.22316, 0.32164, 0.34247, 0.34941, 0.02746, 0.05014, 0.13156, 0.04824, 0.00180, 0.04615, 0.09845, 0.03233, 0.01002, 0.00232 
73500.0, 8.37382, 0.57528, 2.42456, 4.75860, 0.00436, 0.25982, 5.49210, 0.00319, 0.24050, 0.31861, 0.35006, 0.35707, 0.02840, 0.06697, 0.13234, 0.05473, -0.00227, 0.02942, 0.10156, 0.03398, 0.00986, 0.00084 
73560.0, 9.54564, 0.56880, 2.67160, 2.78408, 0.00628, 0.31249, 5.49618, 0.00009, 0.33041, 0.34318, 0.38407, 0.40730, 0.02226, 0.04940, 0.16271, 0.05759, 0.03294, 0.04713, 0.10678, 0.06688, 0.00992, 0.00298 
73620.0, 8.54382, 0.59415, 2.71475, 11.66794, 0.00570, 0.34251, 5.58150, 0.00922, 0.39729, 0.35952, 0.32145, 0.37501, 0.02542, 0.03735, 0.15143, 0.05050, 0.00794, 0.03536, 0.14309, 0.04929, 0.01041, 0.00123 
73680.0, 9.69006, 0.57131, 2.58706, 3.45552, 0.00612, 0.33445, 5.51918, -0.00150, 0.22226, 0.33350, 0.31670, 0.36460, 0.02354, 0.04839, 0.14944, 0.06095, -0.00162, 0.02501, 0.19092, 0.05509, 0.00668, 0.00393 
73740.0, 8.74225, 0.60609, 2.35844, 1.69660, 0.00388, 0.24299, 5.30434, 0.01504, 0.02748, 0.28240, 0.33190, 0.33971, 0.01829, 0.03124, 0.13368, 0.05220, -0.00586, 0.02686, 0.06988, 0.04041, 0.02810, 0.00565 
73800.0, 8.21276, 0.57600, 2.96235, 2.00603, 0.00358, 0.29850, 5.51845, 0.00993, 0.19256, 0.28198, 0.34345, 0.42392, 0.04702, 0.00975, 0.14606, 0.05646, 0.01209, 0.03448, 0.08881, 0.03442, 0.02245, 0.00143 
73860.0, 8.46906, 0.56814, 2.89895, 3.15257, 0.00739, 0.29042, 5.77729, -0.00046, 0.12707, 0.31902, 0.40276, 0.46968, 0.03848, 0.04001, 0.18192, 0.07633, 0.00866, 0.04859, 0.12561, 0.05892, 0.01107, 0.00527 
73920.0, 8.86642, 0.55575, 2.82877, 2.66528, 0.00774, 0.34231, 5.63203, 0.00172, 0.20763, 0.33082, 0.37938, 0.41739, 0.01930, 0.04608, 0.15910, 0.05602, 0.01081, 0.04973, 0.09253, 0.05580, 0.02017, 0.00193 
73980.0, 9.65873, 0.54276, 3.00639, 4.16004, 0.00857, 0.31332, 5.63332, 0.01156, 0.32856, 0.36157, 0.39600, 0.45669, 0.02955, 0.03528, 0.18489, 0.05486, 0.00595, 0.03163, 0.15000, 0.04947, 0.01164, 0.00263 
74040.0, 8.63190, 0.60343, 2.92909, 2.40359, 0.00405, 0.29082, 5.80565, -0.00687, 0.37451, 0.36920, 0.38960, 0.45000, -0.00451, 0.03529, 0.18963, 0.06395, 0.01057, 0.04358, 0.12809, 0.03618, 0.02373, 0.00824 
74100.0, 9.75427, 0.58757, 2.90001, 2.87991, 0.00524, 0.30962, 5.62544, 0.00676, 0.37004, 0.34827, 0.42440, 0.47669, 0.03239, 0.02249, 0.17947, 0.06632, -0.00140, 0.04299, 0.22804, 0.05781, 0.00827, 0.00587 
74160.0, 10.69786, 0.58222, 2.90090, 3.71452, 0.00713, 0.31505, 5.61042, 0.00532, 0.43002, 0.35590, 0.31212, 0.40835, 0.03647, 0.04723, 0.18231, 0.07333, 0.00023, 0.08084, 0.19866, 0.06715, 0.01302, 0.00414 
74220.0, 8.88135, 0.59006, 2.29891, 3.40602, 0.00096, 0.28688, 5.14189, 0.01008, 0.35515, 0.29417, 0.29143, 0.30673, 0.01961, 0.03241, 0.10101, 0.04787, 0.01386, 0.05479, 0.11617, 0.06381, 0.00686, 0.00397 
74280.0, 7.67896, 0.58623, 1.88057, 8.61041, 0.00277, 0.25540, 4.95462, -0.00683, 0.18428, 0.29334, 0.27460, 0.25206, 0.01910, -0.00187, 0.09951, 0.03556, -0.00759, 0.02171, 0.07488, 0.03969, 0.01236, 0.00014 
74340.0, 7.80362, 0.57099, 2.00341, 4.66978, -0.00065, 0.26114, 4.88595, -0.00682, 0.13584, 0.29571, 0.30090, 0.25699, 0.01998, 0.02074, 0.09112, 0.01669, -0.00068, 0.02842, 0.04766, 0.02540, 0.01008, -0.00117 
74400.0, 8.62287, 0.59915, 2.14722, 8.23481, 0.00756, 0.26309, 5.01471, -0.00328, 0.14293, 0.30971, 0.35781, 0.29452, 0.00908, 0.03116, 0.10855, 0.03988, 0.00423, 0.04905, 0.08805, 0.02932, 0.00699, 0.00325 
74460.0, 8.73670, 0.57717, 2.48190, 5.53930, 0.00533, 0.30882, 5.11364, 0.00127, 0.29970, 0.32728, 0.39915, 0.47305, 0.01586, 0.03981, 0.22319, 0.07258, -0.00645, 0.04376, 0.15220, 0.05801, 0.01364, 0.00074 
74520.0, 9.24441, 0.57684, 2.05557, 2.51468, 0.00158, 0.27091, 5.04373, -0.00679, 0.17661, 0.31414, 0.33293, 0.25356, 0.02561, 0.02700, 0.09493, 0.03893, 0.00020, 0.02924, 0.13495, 0.04867, 0.00550, 0.00063 
74580.0, 8.19361, 0.58661, 2.00794, 1.64626, -0.00031, 0.27453, 4.94297, -0.00050, 0.25280, 0.25551, 0.29633, 0.23563, 0.02946, 0.02441, 0.08370, 0.02612, 0.00844, 0.03754, 0.16531, 0.03294, 0.00849, 0.00164 
74640.0, 9.79095, 0.58963, 2.03360, 2.58388, 0.00243, 0.28410, 4.99284, 0.00723, 0.24124, 0.31900, 0.26979, 0.25470, 0.02410, 0.01122, 0.10058, 0.03389, 0.00064, 0.02772, 0.09510, 0.03009, 0.00808, 0.00024 
74700.0, 7.17534, 0.60743, 1.63075, 1.06330, 0.00021, 0.20029, 4.61099, -0.00677, 0.12465, 0.22020, 0.29334, 0.19861, 0.01290, 0.01574, 0.07025, 0.02698, 0.01547, 0.02862, 0.09511, 0.02678, 0.00528, 0.00079 
74760.0, 7.99799, 0.58602, 2.09087, 1.53724, 0.00414, 0.26404, 4.96134, 0.01055, 0.05096, 0.25249, 0.36617, 0.32613, 0.04761, 0.03646, 0.11580, 0.03921, 0.00932, 0.03045, 0.08476, 0.03119, 0.00661, 0.00303 
74820.0, 7.70611, 0.60192, 2.40451, 1.91103, 0.00437, 0.27908, 5.32762, 0.00320, 0.22340, 0.27335, 0.39137, 0.39893, 0.01769, 0.02400, 0.13313, 0.04361, 0.00861, 0.02283, 0.15162, 0.00881, 0.01054, 0.00465 
