CampaignData_and_Merges/R0/CSL_MobileLab_Parked/raw/20240731/USOS-MetNav_MobileLabGround_20240731_R0.ict
44, 1001
Carrie Womack, Nate Howard, Mike Zucker
NOAA Chemical Sciences Laboratory
Mobile Lab MetNav Station
USOS
1, 1
2024, 07, 31, 2024, 12, 21
60
Time_Start, seconds_past_midnight, Seconds from midnight UTC
11
1, 1, 1, 1, 1, 1, 1, 1, 1, 1, 1
-9999, -9999, -9999, -9999, -9999, -9999, -9999, -9999, -9999, -9999, -9999
GPS_Alt_m, meters, Altitude from Differential GPS
GPS_Course_deg, degrees, Course from Differential GPS
GPS_GndSpd_m_s, m/s, Ground Speed from Differential GPS
GPS_Heading_deg, degrees, Heading from Differential GPS
GPS_Lat_deg, degrees, Latitude from Differential GPS
GPS_Lon_deg, degrees, Longitude from Differential GPS
AirTemp_C, Celsius, Air Temperature from Airmar
RelHumidity_pct, percent, Relative Humidity from Airmar
Pressure_mb, millibars, Pressure from Honeywell
WindDir_calc_deg, degrees, Wind Direction from Airmar corrected for van movement
WindSpd_calc_m_s, m/s, Wind Speed from Airmar corrected for van movement
1
SPECIAL COMMENTS:
18
PI_CONTACT_INFO: Address: 325 Broadway R/CSL7, Boulder, CO, 80305
PLATFORM: CSL Mobile Lab
LOCATION: Salt Lake City, UT
ASSOCIATED_DATA: N/A
INSTRUMENT_INFO: N/A
DATA_INFO: Units:
UNCERTAINTY: N/A
ULOD_FLAG: -7777
ULOD_VALUE: N/A
LLOD_FLAG: -8888
LLOD_VALUE: N/A
DM_CONTACT_INFO: Data Manager: Nate Howard
PROJECT_INFO: 
STIPULATIONS_ON_USE: Use of these data require prior ok from PI.
OTHER_COMMENTS: 
REVISION: R0
R0: Final data. Fixed bug in wind averaging code. RA: Preliminary Data. For in-field use only. 
Time_Start, GPS_Alt_m, GPS_Course_deg, GPS_GndSpd_m_s, GPS_Heading_deg, GPS_Lat_deg, GPS_Lon_deg, AirTemp_C, RelHumidity_pct, Pressure_mb, WindDir_calc_deg, WindSpd_calc_m_s
[from data line 820]
49200.0,1308.5,3.86,0.05,3.86,40.73434,-111.87210,20.7,37.6,878.2,129.15,1.0
49260.0,1308.4,3.40,0.05,3.40,40.73434,-111.87210,20.8,37.5,878.3,150.79,1.1
49320.0,1308.3,3.29,0.04,3.29,40.73433,-111.87210,21.0,36.8,878.2,163.60,0.8
49380.0,1308.4,2.99,0.05,2.99,40.73434,-111.87210,21.2,36.3,878.2,151.25,0.9
49440.0,1308.4,3.03,0.05,3.03,40.73434,-111.87211,21.3,37.2,878.3,136.18,1.2
49500.0,1308.5,3.15,0.05,3.15,40.73434,-111.87211,21.3,36.4,878.3,122.09,1.1
49560.0,1308.4,3.33,0.05,3.33,40.73433,-111.87211,21.4,35.2,878.3,127.60,0.9
49620.0,1308.5,3.51,0.06,3.51,40.73433,-111.87211,21.5,35.2,878.3,122.30,0.8
49680.0,1308.6,3.33,0.06,3.33,40.73433,-111.87211,21.7,35.1,878.3,115.36,0.8
49740.0,1308.6,3.17,0.06,3.17,40.73433,-111.87211,21.7,35.6,878.3,113.17,0.9
49800.0,1308.7,2.73,0.06,2.73,40.73433,-111.87211,21.7,35.2,878.3,114.36,0.6
49860.0,1308.7,2.24,0.04,2.24,40.73433,-111.87211,21.8,35.4,878.3,61.20,0.4
49920.0,1308.6,2.40,0.05,2.40,40.73433,-111.87211,21.8,36.2,878.3,67.23,0.3
49980.0,1308.8,2.51,0.05,2.51,40.73433,-111.87211,21.8,36.2,878.3,73.38,0.4
50040.0,1308.8,2.10,0.05,2.10,40.73433,-111.87211,21.8,36.1,878.3,68.59,0.4
50100.0,1308.7,1.82,0.05,1.82,40.73433,-111.87211,21.8,36.3,878.4,92.92,0.5
50160.0,1308.7,1.36,0.05,1.36,40.73433,-111.87211,21.9,36.0,878.4,117.88,0.9
50220.0,1308.8,1.31,0.05,1.31,40.73433,-111.87211,22.0,35.9,878.4,112.87,0.9
50280.0,1308.9,1.71,0.05,1.71,40.73433,-111.87211,22.0,35.7,878.4,116.25,1.2
50340.0,1309.0,2.20,0.05,2.20,40.73433,-111.87211,22.0,36.3,878.4,110.17,1.4
50400.0,1309.1,2.19,0.05,2.19,40.73433,-111.87211,22.0,36.0,878.4,111.45,1.4
50460.0,1309.2,1.37,0.05,1.37,40.73433,-111.87211,22.1,36.1,878.4,98.31,0.6
50520.0,1309.2,1.61,0.06,1.61,40.73433,-111.87211,22.1,36.1,878.4,89.79,0.5
50580.0,1309.3,2.31,0.06,2.31,40.73433,-111.87211,22.3,35.7,878.4,88.59,0.4
50640.0,1309.1,2.13,0.05,2.13,40.73433,-111.87211,22.4,35.0,878.4,128.35,1.1
50700.0,1308.9,1.61,0.06,1.61,40.73433,-111.87211,22.5,33.6,878.4,135.53,1.3
50760.0,1309.4,2.01,0.05,2.01,40.73433,-111.87211,22.8,33.2,878.4,124.01,0.8
50820.0,1309.5,2.27,0.06,2.27,40.73433,-111.87211,23.0,32.8,878.4,123.30,0.7
50880.0,1309.6,2.82,0.05,2.82,40.73433,-111.87211,23.2,32.5,878.4,141.42,0.7
50940.0,1310.0,2.48,0.05,2.48,40.73433,-111.87211,23.5,32.0,878.4,168.48,0.9
51000.0,1310.2,1.91,0.06,1.91,40.73433,-111.87211,23.7,31.7,878.5,179.39,1.2
51060.0,1309.5,2.11,0.06,2.11,40.73433,-111.87211,23.8,30.9,878.5,154.77,1.1
51120.0,1309.6,2.39,0.06,2.39,40.73433,-111.87211,24.0,31.5,878.5,139.61,0.9
51180.0,1309.6,2.94,0.06,2.94,40.73433,-111.87211,24.2,32.2,878.5,165.36,0.9
51240.0,1309.6,3.34,0.06,3.34,40.73434,-111.87211,24.2,32.3,878.5,94.88,0.3
51300.0,1309.8,3.46,0.06,3.46,40.73434,-111.87211,24.1,34.1,878.5,54.84,0.4
51360.0,1309.5,4.18,0.05,4.18,40.73434,-111.87211,24.1,33.1,878.5,77.00,0.1
51420.0,1309.4,3.90,0.05,3.90,40.73434,-111.87211,24.2,33.4,878.5,52.24,0.0
51480.0,1309.5,3.51,0.05,3.51,40.73434,-111.87211,24.4,32.2,878.5,316.52,0.1
51540.0,1309.7,4.06,0.06,4.06,40.73434,-111.87211,24.4,32.7,878.5,68.79,0.3
51600.0,1310.2,3.69,0.07,3.69,40.73434,-111.87211,24.6,31.8,878.5,141.17,0.3
51660.0,1310.4,4.12,0.06,4.12,40.73434,-111.87211,24.7,31.5,878.5,107.59,0.4
51720.0,1310.4,4.12,0.05,4.12,40.73434,-111.87211,24.6,31.5,878.5,70.33,0.4
51780.0,1310.8,4.24,0.07,4.24,40.73434,-111.87211,24.5,31.7,878.5,67.20,0.4
51840.0,1311.1,4.20,0.05,4.20,40.73434,-111.87211,24.4,31.3,878.5,72.05,0.4
51900.0,1311.1,4.49,0.06,4.49,40.73434,-111.87211,24.4,30.8,878.5,83.16,0.4
51960.0,1310.9,4.32,0.05,4.32,40.73434,-111.87211,24.5,30.3,878.5,112.39,0.1
52020.0,1310.7,4.44,0.06,4.44,40.73434,-111.87211,24.6,30.0,878.5,211.94,0.2
52080.0,1310.8,3.83,0.06,3.83,40.73434,-111.87211,24.8,30.4,878.5,121.71,0.4
52140.0,1310.7,3.27,0.06,3.27,40.73434,-111.87211,24.9,30.8,878.5,117.85,0.4
52200.0,1310.8,4.10,0.06,4.10,40.73434,-111.87211,25.2,29.5,878.5,133.96,0.2
52260.0,1310.4,3.96,0.06,3.96,40.73434,-111.87211,25.2,29.5,878.5,110.16,0.8
52320.0,1310.4,3.74,0.06,3.74,40.73434,-111.87211,25.3,30.0,878.6,134.72,0.7
52380.0,1310.8,3.91,0.05,3.91,40.73434,-111.87211,25.4,29.6,878.6,101.30,0.4
52440.0,1310.9,4.18,0.05,4.18,40.73434,-111.87211,25.5,30.0,878.6,129.12,0.6
52500.0,1310.8,3.63,0.05,3.63,40.73434,-111.87211,25.6,29.4,878.5,123.41,0.0
52560.0,1310.3,3.94,0.05,3.94,40.73434,-111.87211,25.6,29.5,878.6,36.63,0.2
52620.0,1310.2,3.55,0.06,3.55,40.73434,-111.87211,25.7,29.0,878.6,281.10,0.3
52680.0,1310.0,3.59,0.06,3.59,40.73433,-111.87211,25.8,28.9,878.6,330.17,0.1
52740.0,1309.7,3.37,0.06,3.37,40.73433,-111.87211,25.8,29.3,878.6,58.87,0.2
52800.0,1309.9,3.97,0.06,3.97,40.73433,-111.87211,25.8,29.6,878.6,60.28,0.3
52860.0,1309.8,3.49,0.05,3.49,40.73433,-111.87211,25.9,29.9,878.6,107.46,0.6
52920.0,1309.9,3.59,0.06,3.59,40.73433,-111.87211,25.9,29.7,878.6,87.05,0.5
52980.0,1309.8,3.71,0.05,3.71,40.73433,-111.87211,25.9,29.3,878.6,83.10,0.2
53040.0,1309.7,2.97,0.05,2.97,40.73433,-111.87211,26.1,28.9,878.6,112.32,0.2
53100.0,1309.5,2.90,0.05,2.90,40.73433,-111.87211,26.0,29.3,878.6,87.64,0.3
53160.0,1309.3,3.19,0.05,3.19,40.73433,-111.87211,26.2,27.9,878.6,119.46,0.6
53220.0,1309.2,3.24,0.06,3.24,40.73433,-111.87211,26.2,28.4,878.6,88.05,0.3
53280.0,1309.1,3.27,0.06,3.27,40.73433,-111.87211,26.4,27.6,878.6,168.04,0.1
53340.0,1309.2,3.56,0.05,3.56,40.73433,-111.87211,26.6,27.2,878.6,187.10,0.1
53400.0,1309.3,4.00,0.05,4.00,40.73433,-111.87211,26.8,27.2,878.7,107.71,0.3
53460.0,1309.3,3.94,0.05,3.94,40.73433,-111.87211,27.0,27.2,878.7,155.36,0.1
53520.0,1309.2,3.75,0.05,3.75,40.73433,-111.87211,27.1,27.0,878.7,122.44,0.2
53580.0,1309.0,3.60,0.07,3.60,40.73433,-111.87211,27.3,26.8,878.7,132.82,0.5
53640.0,1308.9,4.00,0.06,4.00,40.73433,-111.87211,27.3,26.9,878.7,102.01,0.6
53700.0,1309.0,3.32,0.06,3.32,40.73433,-111.87211,27.4,26.6,878.7,137.45,0.5
53760.0,1308.9,3.48,0.05,3.48,40.73433,-111.87211,27.4,26.4,878.7,136.33,0.8
53820.0,1308.8,3.45,0.04,3.45,40.73433,-111.87211,27.5,26.0,878.7,134.70,0.7
53880.0,1308.8,3.12,0.04,3.12,40.73433,-111.87211,27.5,26.5,878.7,64.59,0.3
53940.0,1308.9,2.93,0.05,2.93,40.73433,-111.87211,27.6,26.7,878.8,102.87,0.4
54000.0,1308.7,2.70,0.05,2.70,40.73433,-111.87211,27.7,26.4,878.7,203.13,0.6
54060.0,1308.5,3.24,0.05,3.24,40.73433,-111.87211,27.8,26.2,878.7,187.57,0.4
54120.0,1308.4,3.37,0.05,3.37,40.73433,-111.87211,27.9,26.0,878.7,168.86,0.2
54180.0,1308.6,3.26,0.06,3.26,40.73433,-111.87211,27.9,26.0,878.7,20.61,0.2
54240.0,1308.8,2.93,0.05,2.93,40.73433,-111.87211,27.8,26.1,878.7,218.87,0.1
54300.0,1309.1,2.70,0.05,2.70,40.73433,-111.87211,27.8,25.9,878.7,157.85,0.1
54360.0,1309.2,2.47,0.06,2.47,40.73433,-111.87211,27.7,25.9,878.8,352.48,0.1
54420.0,1309.1,2.91,0.05,2.91,40.73434,-111.87211,27.6,25.4,878.8,18.72,0.3
54480.0,1309.2,3.36,0.06,3.36,40.73434,-111.87211,27.5,25.0,878.7,77.83,0.3
54540.0,1309.3,3.31,0.05,3.31,40.73434,-111.87211,27.4,24.9,878.8,106.53,0.4
54600.0,1309.3,3.44,0.06,3.44,40.73434,-111.87211,27.4,25.0,878.8,94.81,0.4
54660.0,1309.2,3.65,0.05,3.65,40.73434,-111.87211,27.4,25.1,878.8,97.12,0.4
54720.0,1309.3,3.66,0.05,3.66,40.73434,-111.87211,27.3,26.0,878.8,86.77,0.3
54780.0,1309.3,3.45,0.05,3.45,40.73434,-111.87211,27.5,26.2,878.8,98.22,0.4
54840.0,1309.3,3.67,0.05,3.67,40.73434,-111.87211,27.4,25.4,878.8,77.85,0.3
54900.0,1309.3,3.24,0.05,3.24,40.73434,-111.87211,27.6,24.8,878.8,147.49,0.6
54960.0,1309.3,3.16,0.05,3.16,40.73434,-111.87211,27.7,24.7,878.8,96.13,0.3
55020.0,1309.5,3.53,0.05,3.53,40.73434,-111.87211,27.8,23.9,878.8,161.26,0.2
55080.0,1309.8,3.84,0.05,3.84,40.73434,-111.87211,27.9,24.1,878.8,77.44,0.2
55140.0,1309.9,3.73,0.05,3.73,40.73434,-111.87211,28.1,24.5,878.8,165.32,0.3
55200.0,1310.0,2.98,0.04,2.98,40.73434,-111.87211,28.2,23.8,878.8,176.33,0.5
55260.0,1310.2,3.05,0.04,3.05,40.73434,-111.87211,28.5,23.6,878.8,203.15,0.7
55320.0,1310.2,3.60,0.05,3.60,40.73434,-111.87211,28.7,23.4,878.8,215.26,0.8
55380.0,1310.2,3.20,0.05,3.20,40.73434,-111.87211,28.8,23.4,878.8,176.54,0.4
55440.0,1310.0,2.81,0.05,2.81,40.73434,-111.87211,28.9,23.4,878.8,133.25,0.5
55500.0,1309.9,2.56,0.05,2.56,40.73434,-111.87211,29.0,23.7,878.8,100.79,0.5
55560.0,1309.6,2.37,0.04,2.37,40.73434,-111.87211,29.1,23.9,878.8,149.83,0.5
55620.0,1309.5,3.19,0.05,3.19,40.73434,-111.87211,29.0,23.7,878.8,79.45,0.1
55680.0,1309.4,3.30,0.06,3.30,40.73434,-111.87211,28.9,24.3,878.8,99.58,0.5
55740.0,1309.2,2.97,0.05,2.97,40.73434,-111.87211,28.7,23.8,878.8,96.62,0.5
55800.0,1309.1,2.81,0.04,2.81,40.73434,-111.87211,28.7,24.8,878.8,122.63,1.1
55860.0,1309.1,2.77,0.04,2.77,40.73434,-111.87211,28.7,23.2,878.8,158.64,1.5
55920.0,1309.1,2.59,0.05,2.59,40.73434,-111.87211,28.8,22.8,878.8,160.30,1.5
55980.0,1309.0,2.78,0.04,2.78,40.73434,-111.87211,29.0,22.7,878.8,176.31,1.7
56040.0,1309.0,3.14,0.04,3.14,40.73434,-111.87211,29.1,22.5,878.8,188.30,1.9
56100.0,1309.0,2.78,0.05,2.78,40.73434,-111.87211,29.2,22.7,878.8,167.49,1.4
56160.0,1309.0,3.44,0.05,3.44,40.73434,-111.87211,29.3,23.4,878.8,160.60,1.5
56220.0,1308.9,3.11,0.05,3.11,40.73434,-111.87211,29.3,23.5,878.8,185.85,1.5
56280.0,1308.9,2.93,0.05,2.93,40.73434,-111.87211,29.4,22.9,878.8,160.20,0.7
56340.0,1308.9,3.27,0.05,3.27,40.73434,-111.87211,29.5,22.8,878.8,177.04,1.1
56400.0,1308.9,3.17,0.05,3.17,40.73434,-111.87211,29.5,22.8,878.8,161.52,1.7
56460.0,1308.8,3.22,0.05,3.22,40.73434,-111.87211,29.5,23.1,878.8,149.56,1.4
56520.0,1308.7,3.18,0.04,3.18,40.73434,-111.87211,29.6,22.9,878.8,139.07,0.8
56580.0,1308.7,3.10,0.05,3.10,40.73434,-111.87211,29.6,22.8,878.8,144.45,0.7
56640.0,1308.6,3.17,0.05,3.17,40.73434,-111.87211,29.7,23.4,878.8,137.00,1.0
56700.0,1308.5,3.12,0.04,3.12,40.73434,-111.87211,29.8,23.0,878.8,179.36,0.8
56760.0,1308.5,3.09,0.04,3.09,40.73434,-111.87211,29.8,22.8,878.8,198.31,1.4
56820.0,1308.5,3.17,0.04,3.17,40.73434,-111.87211,29.8,22.7,878.8,181.08,1.1
56880.0,1308.5,3.05,0.04,3.05,40.73434,-111.87211,29.9,22.8,878.8,186.49,1.1
56940.0,1308.5,3.07,0.04,3.07,40.73434,-111.87211,30.0,22.8,878.8,164.16,0.9
57000.0,1308.4,3.31,0.05,3.31,40.73434,-111.87211,30.0,22.7,878.8,151.49,1.5
57060.0,1308.5,3.29,0.04,3.29,40.73434,-111.87211,29.9,23.5,878.8,139.58,1.4
57120.0,1308.6,3.54,0.04,3.54,40.73434,-111.87211,29.9,23.2,878.8,139.96,1.2
57180.0,1308.6,3.30,0.05,3.30,40.73434,-111.87211,29.8,24.5,878.8,130.11,1.5
57240.0,1308.5,2.38,0.05,2.38,40.73434,-111.87211,29.7,24.0,878.8,144.76,1.9
57300.0,1308.5,2.64,0.04,2.64,40.73434,-111.87211,29.7,24.0,878.9,165.16,1.5
57360.0,1308.7,2.52,0.04,2.52,40.73434,-111.87211,29.8,22.9,878.8,170.82,1.5
57420.0,1308.7,2.89,0.04,2.89,40.73434,-111.87211,29.8,22.9,878.8,181.77,1.4
57480.0,1308.7,3.39,0.04,3.39,40.73434,-111.87211,30.0,22.7,878.9,145.50,0.5
57540.0,1308.6,3.61,0.04,3.61,40.73434,-111.87211,30.0,22.9,878.9,176.61,1.1
57600.0,1308.6,3.10,0.05,3.10,40.73434,-111.87211,30.0,22.4,878.9,171.90,1.3
57660.0,1308.5,2.94,0.04,2.94,40.73434,-111.87211,30.0,22.5,878.9,132.00,1.1
57720.0,1308.5,2.39,0.04,2.39,40.73434,-111.87211,30.1,22.6,878.9,176.70,1.2
57780.0,1308.4,2.41,0.04,2.41,40.73434,-111.87211,30.0,22.4,878.9,204.29,1.5
57840.0,1308.3,2.33,0.05,2.33,40.73434,-111.87211,30.0,22.5,878.9,192.81,1.6
57900.0,1308.2,2.53,0.05,2.53,40.73434,-111.87211,30.1,22.7,878.9,171.38,0.7
57960.0,1308.5,2.86,0.05,2.86,40.73434,-111.87210,30.1,22.3,878.9,157.46,1.3
58020.0,1308.6,2.85,0.04,2.85,40.73434,-111.87210,30.1,22.5,879.0,149.41,1.7
58080.0,1308.4,2.60,0.04,2.60,40.73433,-111.87210,29.9,23.4,879.0,128.08,2.2
58140.0,1308.3,2.33,0.04,2.33,40.73433,-111.87210,30.0,22.7,878.9,146.79,1.2
58200.0,1308.4,2.74,0.04,2.74,40.73433,-111.87210,30.0,22.8,879.0,113.54,0.7
58260.0,1308.5,2.75,0.05,2.75,40.73433,-111.87210,30.0,21.9,879.0,155.45,1.3
58320.0,1308.4,2.79,0.04,2.79,40.73434,-111.87210,30.1,20.1,879.0,192.80,0.9
58380.0,1308.4,3.08,0.04,3.08,40.73433,-111.87210,30.2,20.0,879.0,182.40,1.1
58440.0,1308.3,2.83,0.04,2.83,40.73433,-111.87210,30.2,20.1,879.0,193.68,0.5
58500.0,1308.4,2.67,0.04,2.67,40.73433,-111.87210,30.3,20.0,879.0,211.63,0.6
58560.0,1308.2,2.82,0.04,2.82,40.73433,-111.87210,30.4,19.8,879.0,224.30,0.4
58620.0,1308.2,2.97,0.04,2.97,40.73434,-111.87210,30.4,20.3,879.0,280.39,0.1
58680.0,1308.2,3.21,0.04,3.21,40.73434,-111.87210,30.3,20.3,879.0,343.78,0.2
58740.0,1308.2,3.44,0.05,3.44,40.73434,-111.87210,30.4,19.6,879.0,187.82,1.4
58800.0,1308.0,3.32,0.04,3.32,40.73434,-111.87210,30.5,19.1,879.0,153.32,0.8
58860.0,1307.9,3.76,0.04,3.76,40.73434,-111.87210,30.5,19.6,879.0,154.03,2.2
58920.0,1307.9,3.64,0.04,3.64,40.73434,-111.87210,30.4,19.6,879.0,160.92,2.7
58980.0,1307.8,3.34,0.04,3.34,40.73434,-111.87210,30.2,19.4,879.0,156.87,2.6
59040.0,1307.8,3.78,0.04,3.78,40.73434,-111.87210,30.3,19.6,879.0,179.81,2.0
59100.0,1307.9,3.89,0.04,3.89,40.73434,-111.87210,30.2,20.0,879.0,154.46,2.3
59160.0,1307.9,3.80,0.04,3.80,40.73434,-111.87210,30.1,19.7,879.1,151.46,2.7
59220.0,1308.0,3.52,0.04,3.52,40.73434,-111.87210,30.1,19.9,879.1,156.98,1.5
59280.0,1308.1,3.48,0.04,3.48,40.73434,-111.87210,30.1,20.1,879.1,143.81,1.9
59340.0,1307.9,3.37,0.04,3.37,40.73434,-111.87210,30.0,20.4,879.0,123.24,1.5
59400.0,1308.0,3.92,0.04,3.92,40.73434,-111.87210,30.1,20.8,879.0,160.47,1.8
59460.0,1308.2,3.85,0.05,3.85,40.73434,-111.87210,30.1,19.4,879.1,170.68,2.3
59520.0,1308.2,3.73,0.04,3.73,40.73434,-111.87210,30.1,19.8,879.1,147.75,1.8
59580.0,1308.2,3.77,0.05,3.77,40.73434,-111.87210,30.1,19.8,879.1,160.42,1.4
59640.0,1308.1,3.45,0.04,3.45,40.73434,-111.87210,30.2,20.0,879.1,147.60,1.5
59700.0,1308.1,3.43,0.04,3.43,40.73434,-111.87210,30.2,20.0,879.1,168.25,1.7
59760.0,1308.1,3.25,0.05,3.25,40.73434,-111.87210,30.2,21.4,879.1,147.82,1.9
59820.0,1308.3,3.13,0.05,3.13,40.73434,-111.87210,30.1,21.5,879.1,141.88,2.3
59880.0,1308.4,3.61,0.04,3.61,40.73434,-111.87210,30.1,21.9,879.1,140.76,1.6
59940.0,1308.3,4.02,0.04,4.02,40.73434,-111.87210,30.1,20.5,879.1,122.57,0.8
60000.0,1308.2,4.05,0.05,4.05,40.73433,-111.87210,30.2,20.5,879.1,151.63,0.8
60060.0,1308.5,3.73,0.04,3.73,40.73434,-111.87210,30.2,20.7,879.1,30.41,0.3
60120.0,1308.3,3.62,0.04,3.62,40.73434,-111.87210,30.2,20.1,879.1,105.97,0.4
60180.0,1308.4,3.13,0.04,3.13,40.73434,-111.87210,30.4,19.7,879.1,235.64,0.4
60240.0,1308.1,3.26,0.04,3.26,40.73433,-111.87210,30.6,19.3,879.1,153.13,0.3
60300.0,1308.0,3.64,0.05,3.64,40.73433,-111.87210,30.5,19.7,879.1,73.66,0.5
60360.0,1308.3,3.67,0.04,3.67,40.73433,-111.87210,30.5,19.6,879.0,120.29,1.1
60420.0,1308.2,3.50,0.04,3.50,40.73433,-111.87210,30.6,20.1,879.0,130.73,0.9
60480.0,1308.2,3.44,0.04,3.44,40.73433,-111.87210,30.7,20.3,879.0,95.13,0.4
60540.0,1307.6,3.61,0.05,3.61,40.73433,-111.87210,30.8,19.8,879.0,102.94,0.9
60600.0,1307.5,3.30,0.05,3.30,40.73433,-111.87210,30.9,19.2,879.0,107.15,0.8
60660.0,1307.9,2.89,0.04,2.89,40.73433,-111.87210,31.0,18.9,879.0,118.93,0.7
60720.0,1308.1,2.61,0.04,2.61,40.73433,-111.87210,31.2,17.9,879.0,149.30,0.5
60780.0,1307.9,2.73,0.05,2.73,40.73433,-111.87210,31.4,18.1,879.1,102.85,0.4
60840.0,1307.5,2.65,0.05,2.65,40.73433,-111.87210,31.4,18.9,879.1,75.82,0.4
60900.0,1307.4,3.22,0.04,3.22,40.73433,-111.87210,31.2,18.6,879.1,110.44,0.9
60960.0,1307.5,3.02,0.05,3.02,40.73433,-111.87210,31.3,18.3,879.1,120.72,0.9
61020.0,1307.9,3.40,0.04,3.40,40.73433,-111.87210,31.3,18.3,879.0,132.74,1.3
61080.0,1307.9,3.23,0.04,3.23,40.73433,-111.87210,31.3,18.1,879.0,142.90,1.7
61140.0,1307.5,2.99,0.05,2.99,40.73433,-111.87210,31.5,18.2,879.0,137.45,1.1
61200.0,1307.3,2.76,0.06,2.76,40.73433,-111.87210,31.6,18.2,879.0,133.30,1.2
61260.0,1307.4,2.32,0.06,2.32,40.73433,-111.87210,31.7,18.0,879.0,155.24,1.6
61320.0,1307.4,2.81,0.06,2.81,40.73433,-111.87210,31.7,18.5,879.0,123.06,0.6
61380.0,1307.3,2.73,0.05,2.73,40.73433,-111.87210,31.9,18.2,879.0,140.63,1.0
61440.0,1307.4,2.69,0.05,2.69,40.73433,-111.87210,31.9,18.6,879.1,130.21,1.5
61500.0,1307.4,2.83,0.05,2.83,40.73433,-111.87210,31.6,18.5,879.1,127.77,2.1
61560.0,1307.5,2.52,0.05,2.52,40.73433,-111.87210,31.4,18.5,879.1,128.52,1.8
61620.0,1307.5,2.70,0.05,2.70,40.73433,-111.87210,31.2,18.8,879.1,131.20,1.7
