CampaignData_and_Merges/R0/CSL_MobileLab_Parked/raw/20240731/USOS-Picarro-CO2-CH4-CO-H2O_MobileLabGround_20240731_R0.ict
38, 1001
Ilana Pollack, Nell Schafer, and Jeff Peischl
NOAA Chemical Sciences Laboratory
Picarro 2401-m CO2/CH4/CO/H2O Analyzer
USOS
1, 1
2024, 07, 31, 2024, 11, 20
0
StartTime_UTC, seconds_past_midnight, seconds past midnight
5
1, 1, 1, 1, 1
-9999, -9999, -9999, -9999, -9999
StopTime_UTC, seconds_past_midnight, seconds past midnight
CO2_ppm_1min, ppm, Gas_CO2_InSitu_S_DMF, carbon dioxide mixing ratio
CH4_ppb_1min, ppb, Gas_CH4_InSitu_S_DMF, methane mixing ratio
CO_ppb_1min, ppb, Gas_CO_InSitu_S_DMF, carbon monoxide mixing ratio
H2O_ppmv_1min, ppmv, Met_H2OMRV_InSitu_S_AVMR, water vapor mixing ratio
1
SPECIAL COMMENTS: N/A
18
PI_CONTACT_INFO: Address: NOAA Chemical Sciences Laboratory, Mail Stop CSL7, 325 Broadway, Boulder, CO 80305; Email: Ilana.Pollack@noaa.gov
PLATFORM: NOAA CSL Mobile Laboratory
LOCATION: The mobile lab was stationed in Salt Lake City, Utah.
ASSOCIATED_DATA: N/A
INSTRUMENT_INFO: CO2, CH4, and CO are reported as dry air mole fractions using a commercial wavelength-scanned cavity ring-down analyzer (Picarro 2401-m). An in-field calibration gas standard of 432±0.07 ppm CO2, 2095±1 ppb CH4, and 183±1 ppb CO, calibrated in the Boulder laboratories before and after the field project using primary CO2, CH4, and CO standard tanks tied to the WMO standard (X2019, X2004A, and X2014A, respectively) from the Global Monitoring Laboratory (GML), was delivered to the inlet every 2-3 days to evaluate instrument sensitivity. A H2O measurement was calibrated before the project with a Dew Point Mirror 373 hygrometer. The water correction calculated from these calibrations was applied to the H2O measurement for the entire campaign. Species are measured at 0.5 Hz and reported as 1-minute averages for stationary measurements.
DATA_INFO: Units: CO2, ppm, dry air mole fraction; CH4, ppb, dry air mole fraction; CO, ppb, dry air mole fraction; H2O, ppmv
UNCERTAINTY: Total uncertainties are estimated as ±0.1 ppm for CO2, ±1 ppb for CH4, ±5 ppb for CO, and ±(50 ppm + 4%) for H2O.
ULOD_FLAG: -7777
ULOD_VALUE: N/A
LLOD_FLAG: -8888
LLOD_VALUE: N/A
DM_CONTACT_INFO: Data Manager: Nathan Howard; nathan.h.howard@noaa.gov
PROJECT_INFO: USOS Dates of Study: July – August 2024
STIPULATIONS_ON_USE: Use of these data require prior ok from PI.
OTHER_COMMENTS: Data are averaged to 1 minute intervals. Stationary data collected from a 10 ft tower on top of the mobile van.
REVISION: R0
R0: Final Data
StartTime_UTC, StopTime_UTC, CO2_ppm_1min, CH4_ppb_1min, CO_ppb_1min, H2O_ppmv_1min
0,60,-9999,-9999,-9999,-9999
60,120,-9999,-9999,-9999,-9999
120,180,-9999,-9999,-9999,-9999
180,240,-9999,-9999,-9999,-9999
240,300,-9999,-9999,-9999,-9999
300,360,-9999,-9999,-9999,-9999
360,420,-9999,-9999,-9999,-9999
420,480,-9999,-9999,-9999,-9999
480,540,-9999,-9999,-9999,-9999
540,600,-9999,-9999,-9999,-9999
600,660,-9999,-9999,-9999,-9999
660,720,-9999,-9999,-9999,-9999
720,780,-9999,-9999,-9999,-9999
780,840,-9999,-9999,-9999,-9999
840,900,-9999,-9999,-9999,-9999
900,960,-9999,-9999,-9999,-9999
960,1020,-9999,-9999,-9999,-9999
1020,1080,-9999,-9999,-9999,-9999
1080,1140,-9999,-9999,-9999,-9999
1140,1200,-9999,-9999,-9999,-9999
1200,1260,-9999,-9999,-9999,-9999
1260,1320,-9999,-9999,-9999,-9999
1320,1380,-9999,-9999,-9999,-9999
1380,1440,-9999,-9999,-9999,-9999
1440,1500,-9999,-9999,-9999,-9999
1500,1560,-9999,-9999,-9999,-9999
1560,1620,-9999,-9999,-9999,-9999
1620,1680,-9999,-9999,-9999,-9999
1680,1740,-9999,-9999,-9999,-9999
1740,1800,-9999,-9999,-9999,-9999
1800,1860,-9999,-9999,-9999,-9999
1860,1920,-9999,-9999,-9999,-9999
1920,1980,-9999,-9999,-9999,-9999
1980,2040,-9999,-9999,-9999,-9999
2040,2100,-9999,-9999,-9999,-9999
2100,2160,-9999,-9999,-9999,-9999
2160,2220,-9999,-9999,-9999,-9999
2220,2280,-9999,-9999,-9999,-9999
2280,2340,-9999,-9999,-9999,-9999
2340,2400,-9999,-9999,-9999,-9999
2400,2460,424.73,1993.0,287.5,7401.7476
2460,2520,425.05,1992.8,285.1,7167.0879
2520,2580,427.38,1993.8,292.8,7652.1001
2580,2640,426.11,1992.9,286.9,7323.9111
2640,2700,426.90,1992.8,282.9,7106.2705
2700,2760,425.53,1992.5,284.0,7175.1729
2760,2820,424.97,1992.4,282.7,6915.8062
2820,2880,425.44,1993.4,283.9,7204.6450
2880,2940,424.79,1994.6,283.4,7423.3892
2940,3000,426.96,1997.1,316.7,7293.6602
3000,3060,426.88,1998.2,313.2,7371.7383
3060,3120,425.23,1998.7,291.6,7205.3872
3120,3180,426.35,1999.3,295.9,7279.6338
3180,3240,426.63,1999.6,295.8,7658.1816
3240,3300,426.37,2000.0,289.5,7438.8945
3300,3360,425.58,1999.8,290.4,7115.3242
3360,3420,426.00,2001.1,295.2,7295.3081
3420,3480,426.93,2001.7,300.3,7596.9185
3480,3540,427.34,2002.5,303.4,7566.5957
3540,3600,426.25,2003.0,302.7,7295.9253
3600,3660,425.33,2002.1,293.7,7208.5337
3660,3720,425.95,2002.1,292.5,7390.5146
3720,3780,426.12,2002.0,294.1,7320.7109
3780,3840,426.72,2002.1,292.9,7073.8838
3840,3900,425.83,2003.7,296.5,7355.4810
3900,3960,426.78,2004.0,298.2,7602.2500
3960,4020,425.43,2003.7,297.4,7458.4502
4020,4080,426.00,2002.5,300.9,7395.1216
4080,4140,426.11,2001.4,298.5,7534.2310
4140,4200,424.71,1999.3,289.7,7149.2656
4200,4260,425.10,1998.2,292.8,7052.2920
4260,4320,425.02,1998.5,294.1,7247.6011
4320,4380,425.86,1998.3,291.6,7500.9580
4380,4440,425.53,1997.8,290.1,7765.6709
4440,4500,425.19,1997.8,291.0,7544.0405
4500,4560,425.28,1998.5,300.2,7465.6021
4560,4620,424.49,1998.4,293.9,7234.3789
4620,4680,426.18,1997.2,291.8,7390.2739
4680,4740,426.79,1997.2,301.6,7514.7642
4740,4800,428.00,1997.4,318.7,7570.8657
4800,4860,426.42,1996.5,335.2,7302.4932
4860,4920,427.30,1996.7,316.1,7556.0151
4920,4980,425.52,1997.1,297.3,7537.7104
4980,5040,425.97,1996.5,294.7,7453.7637
5040,5100,426.19,1996.2,298.1,7250.8862
5100,5160,425.88,1995.8,303.5,7435.3081
5160,5220,426.05,1995.0,309.9,7157.8418
5220,5280,427.28,1995.5,310.5,7468.7842
5280,5340,426.23,1995.6,304.9,7521.8960
5340,5400,426.87,1995.4,303.6,7754.9341
5400,5460,426.72,1995.7,299.8,7838.9697
5460,5520,426.21,1997.4,295.2,7889.6904
5520,5580,425.78,1997.5,290.5,7635.6431
5580,5640,425.49,1997.5,288.1,7566.7598
5640,5700,425.58,1997.8,292.5,7561.5854
5700,5760,425.65,1998.5,291.7,7584.7954
5760,5820,426.35,1999.6,296.7,7568.7217
5820,5880,426.01,2000.1,292.9,7420.4663
5880,5940,427.53,1999.8,293.3,7644.3809
5940,6000,425.97,2000.9,292.7,7805.6611
6000,6060,426.18,1999.2,295.2,7410.6001
6060,6120,427.19,1999.9,299.2,7526.6167
6120,6180,425.77,1996.4,294.7,7044.5845
6180,6240,425.91,1998.4,294.4,7395.7007
6240,6300,426.26,1997.4,291.1,7414.8994
6300,6360,426.09,1996.3,292.7,6990.5566
6360,6420,427.87,1997.1,296.8,7512.2988
6420,6480,426.70,1998.1,295.8,7504.9419
6480,6540,426.95,1998.1,294.4,7460.0479
6540,6600,427.21,1996.1,289.6,7116.2222
6600,6660,426.20,1997.1,291.0,7328.6465
6660,6720,425.65,1997.6,289.0,7498.4790
6720,6780,426.07,1997.7,289.0,7452.9082
6780,6840,427.03,1998.0,289.8,7786.6807
6840,6900,426.69,1997.1,291.4,7709.4941
6900,6960,426.76,1996.9,293.6,7646.0586
6960,7020,427.42,1997.0,296.6,7488.7061
7020,7080,428.27,1999.8,293.9,7973.9609
7080,7140,428.49,2001.2,294.2,8307.5430
7140,7200,428.06,2000.8,293.3,8170.5400
7200,7260,427.95,2000.0,298.8,8068.0967
7260,7320,427.30,1999.7,296.7,7737.8145
7320,7380,427.89,2002.1,296.5,7988.8223
7380,7440,428.12,1999.3,299.2,7669.0986
7440,7500,429.47,2001.5,305.6,8297.7480
7500,7560,428.57,2002.1,312.6,7801.9170
7560,7620,429.44,2005.1,315.1,8258.5596
7620,7680,430.56,2003.8,318.0,8297.1270
7680,7740,430.47,2002.4,317.7,8064.4023
7740,7800,430.82,2004.6,312.4,8391.1904
7800,7860,431.51,2005.9,314.8,8485.8633
7860,7920,431.77,2005.5,319.6,8236.1094
7920,7980,433.55,2005.6,319.4,8300.7676
7980,8040,435.01,2010.5,321.7,8429.7754
8040,8100,435.15,2012.7,323.7,8510.7695
8100,8160,437.51,2013.0,329.9,8464.2666
8160,8220,438.58,2014.4,355.3,8255.6602
8220,8280,439.46,2016.8,355.1,8357.8486
8280,8340,438.75,2017.1,354.5,8403.2715
8340,8400,439.68,2019.2,367.3,8354.4180
8400,8460,440.55,2019.3,373.8,8483.4287
8460,8520,439.82,2017.6,383.0,8196.4873
8520,8580,439.41,2015.6,386.2,8086.1108
8580,8640,440.56,2016.1,393.5,8069.7891
8640,8700,444.95,2015.3,441.4,8283.1729
8700,8760,437.27,2011.3,377.4,8195.2188
8760,8820,438.25,2011.7,390.7,8296.4629
8820,8880,435.84,2010.2,399.9,8282.4072
8880,8940,438.89,2010.6,414.3,8393.5801
8940,9000,438.61,2013.1,665.3,8371.8496
9000,9060,439.23,2015.3,788.0,8407.0820
9060,9120,445.10,2016.9,792.4,8547.3389
9120,9180,445.27,2015.4,587.9,8754.7490
9180,9240,437.20,2012.4,442.4,8530.7002
9240,9300,436.07,2009.5,397.9,8605.5361
9300,9360,433.56,2007.8,354.0,8547.2646
9360,9420,432.67,2006.6,342.6,8554.7773
9420,9480,433.75,2007.4,342.0,8632.3271
9480,9540,434.51,2008.0,343.9,8676.1465
9540,9600,436.11,2010.0,356.2,8791.0576
9600,9660,436.64,2011.0,360.0,8824.1748
9660,9720,435.73,2009.2,355.8,8732.7598
9720,9780,434.97,2007.2,350.3,8733.3887
9780,9840,435.04,2005.5,342.3,8736.3047
9840,9900,435.51,2004.9,339.9,8755.0410
9900,9960,434.13,2004.1,334.1,8639.3203
9960,10020,433.96,2002.5,329.9,8647.7617
10020,10080,433.43,2001.7,324.4,8639.0361
10080,10140,435.86,2002.5,335.3,8741.4424
10140,10200,434.92,2001.4,339.3,8558.1045
10200,10260,436.63,2003.1,341.2,8581.5615
10260,10320,435.91,2001.1,327.9,8527.7598
10320,10380,435.46,2000.6,319.6,8501.2813
10380,10440,437.76,1999.9,329.3,8558.1543
10440,10500,434.51,1998.4,320.6,8433.4316
10500,10560,432.52,1997.3,309.8,8292.6279
10560,10620,434.12,1998.4,319.5,8298.8115
10620,10680,432.86,1996.8,308.6,8258.3828
10680,10740,433.43,1997.4,305.1,8239.5518
10740,10800,433.47,1997.0,301.7,8220.8066
10800,10860,434.43,1996.8,328.0,8219.8271
10860,10920,434.23,1995.9,314.7,8216.5098
10920,10980,434.52,1995.7,323.9,8185.6235
10980,11040,433.10,1994.7,313.1,8125.4233
11040,11100,435.39,1995.3,315.6,8210.5098
11100,11160,434.62,1994.7,312.9,8138.1699
11160,11220,435.00,1994.4,312.3,8183.4512
11220,11280,436.08,1994.9,313.8,8136.0449
11280,11340,434.84,1993.9,301.2,7992.9526
11340,11400,434.05,1993.4,293.5,7931.2192
11400,11460,436.64,1995.4,298.0,8018.3677
11460,11520,439.66,1995.5,307.0,8062.9102
11520,11580,439.22,1994.4,326.4,8016.9751
11580,11640,439.11,1994.7,310.3,8031.7607
11640,11700,435.78,1994.4,301.9,7917.1846
11700,11760,435.76,1993.7,292.9,7839.4438
11760,11820,432.85,1993.1,290.5,7703.3516
11820,11880,433.16,1993.2,290.9,7733.5078
11880,11940,434.12,1994.0,302.9,7785.2002
11940,12000,433.64,1993.6,298.4,7775.0854
12000,12060,437.25,1993.5,298.7,7868.3701
12060,12120,434.05,1994.0,287.6,7777.2808
12120,12180,436.45,1995.1,291.4,7853.7139
12180,12240,437.63,1994.3,300.9,7873.9170
12240,12300,435.18,1995.4,295.4,7825.7476
12300,12360,436.26,1994.8,291.7,7870.3794
12360,12420,435.90,1995.4,290.3,7846.3462
12420,12480,436.27,1994.1,293.9,7797.5088
12480,12540,434.39,1993.8,291.2,7752.8643
12540,12600,433.10,1992.7,287.3,7668.0332
12600,12660,434.29,1994.1,295.5,7625.4897
12660,12720,435.21,1994.3,300.8,7620.2349
12720,12780,435.81,1994.3,297.8,7646.1123
12780,12840,435.55,1995.0,290.2,7624.4146
12840,12900,436.61,1995.3,293.0,7589.9443
12900,12960,438.05,1994.6,292.1,7629.2500
12960,13020,436.00,1994.8,286.0,7542.9751
13020,13080,435.55,1995.4,283.5,7531.7715
13080,13140,436.16,1994.4,280.9,7533.6997
13140,13200,436.91,1995.6,283.9,7558.5977
13200,13260,437.35,1995.4,286.0,7534.4341
13260,13320,437.66,1995.0,296.3,7522.5757
13320,13380,437.50,1994.9,314.0,7470.8921
13380,13440,436.89,1996.2,295.1,7441.1548
13440,13500,436.57,1995.2,290.8,7399.7607
13500,13560,436.04,1994.0,301.1,7407.9985
13560,13620,438.35,1995.9,299.8,7543.5259
13620,13680,436.69,1995.2,293.8,7443.3511
13680,13740,436.63,1996.3,288.6,7470.8994
13740,13800,435.81,1995.0,288.1,7447.6797
13800,13860,437.46,1995.2,287.9,7525.7578
13860,13920,437.67,1994.8,287.5,7572.9961
13920,13980,437.03,1994.2,283.7,7539.2622
13980,14040,435.75,1993.3,279.9,7450.8682
14040,14100,437.05,1993.6,280.5,7524.2427
14100,14160,436.56,1992.7,281.0,7437.2559
14160,14220,436.76,1993.4,285.4,7408.7510
14220,14280,439.53,1999.1,283.6,7485.2852
14280,14340,436.49,1995.4,280.4,7352.7822
14340,14400,438.32,1997.6,279.7,7459.7813
14400,14460,437.09,1995.2,281.6,7380.1919
14460,14520,436.28,1993.5,278.3,7333.4946
14520,14580,437.18,1994.2,279.7,7379.4238
14580,14640,434.96,1991.8,278.6,7237.3296
14640,14700,437.40,1992.5,289.2,7329.6328
14700,14760,437.90,1992.3,292.3,7347.4775
14760,14820,437.74,1992.6,289.7,7329.5747
14820,14880,437.10,1992.5,279.0,7299.4756
14880,14940,436.05,1991.4,276.9,7188.3091
14940,15000,437.49,1992.0,289.6,7212.9414
15000,15060,437.62,1992.0,301.9,7133.9067
15060,15120,438.87,1992.0,307.8,7157.2622
15120,15180,437.02,1991.2,326.7,7054.8125
15180,15240,440.45,1991.8,342.7,7153.6934
15240,15300,441.86,1991.7,330.4,7236.8730
15300,15360,435.69,1990.2,295.5,6968.7944
15360,15420,435.19,1990.7,284.5,6985.4204
15420,15480,437.34,1994.4,279.7,7117.1162
15480,15540,435.88,1997.8,279.1,7152.8096
15540,15600,436.98,2000.1,276.9,7235.5674
15600,15660,433.70,1991.9,269.7,6976.3906
15660,15720,434.48,1992.7,271.3,7008.1807
15720,15780,436.64,1994.9,273.2,7103.4131
15780,15840,433.70,1991.2,269.3,6920.2231
15840,15900,434.64,1991.7,270.7,6971.2241
15900,15960,432.57,1988.8,264.6,6845.7256
15960,16020,432.21,1987.9,261.8,6834.9692
16020,16080,433.73,1988.2,268.6,6839.9512
16080,16140,435.86,1988.6,273.5,6864.2876
16140,16200,434.95,1988.6,276.1,6850.1519
16200,16260,433.95,1989.2,272.0,6824.3174
16260,16320,437.18,1990.7,284.8,6904.1665
16320,16380,438.48,1989.5,288.1,6912.0854
16380,16440,437.45,1988.9,290.3,6848.6650
16440,16500,436.39,1987.9,274.8,6789.5508
16500,16560,440.31,1992.2,298.4,6874.0649
16560,16620,442.31,1995.2,330.8,6966.9912
16620,16680,450.83,1993.3,323.5,7154.5015
16680,16740,439.10,1991.3,284.4,6961.8433
16740,16800,436.88,1990.5,303.8,6906.0049
16800,16860,434.59,1990.1,283.1,6853.8081
16860,16920,438.44,1991.5,307.7,6906.1196
16920,16980,439.75,1992.1,312.3,6906.5625
16980,17040,440.65,1991.9,310.4,6966.0181
17040,17100,442.36,1994.4,305.6,7154.5903
17100,17160,441.30,1997.8,297.8,7245.4336
17160,17220,442.88,1995.9,304.9,7196.7432
17220,17280,446.66,1996.8,317.5,7330.7549
17280,17340,441.55,2003.6,314.1,7309.9263
17340,17400,441.02,2005.2,302.2,7381.2607
17400,17460,440.56,2004.0,293.6,7381.7114
17460,17520,444.46,2005.7,290.9,7487.1509
17520,17580,442.49,2000.8,291.4,7316.7612
17580,17640,446.27,2002.7,289.2,7478.1890
17640,17700,446.67,2008.0,289.7,7561.3579
17700,17760,446.84,2009.7,305.1,7540.3599
17760,17820,445.67,2008.2,306.5,7444.3857
17820,17880,450.23,2010.6,390.4,7357.3789
17880,17940,455.21,2011.0,347.0,7650.5962
17940,18000,455.88,2011.5,367.3,7607.7837
18000,18060,450.46,2014.5,328.3,7662.7070
18060,18120,446.20,2018.3,307.2,7742.7183
18120,18180,445.48,2019.2,305.5,7675.8247
18180,18240,448.76,2019.3,353.9,7529.7173
18240,18300,449.28,2014.1,466.6,7381.3384
18300,18360,452.32,2010.2,660.1,7298.1372
18360,18420,449.15,2007.7,393.0,7410.0103
18420,18480,445.70,2006.0,386.3,7269.9727
18480,18540,449.57,2009.4,484.3,7316.3486
18540,18600,442.60,2008.4,367.7,7103.7764
18600,18660,446.05,2012.5,403.1,7201.0625
18660,18720,448.44,2011.5,420.3,7274.6406
18720,18780,437.54,1995.0,294.6,6883.2905
18780,18840,441.15,2001.8,330.6,7007.2832
18840,18900,451.33,2029.7,378.5,7631.5332
18900,18960,450.28,2028.6,369.0,7751.4282
18960,19020,449.47,2023.8,338.4,7758.5928
19020,19080,448.89,2034.7,332.8,7717.4297
19080,19140,443.68,2016.5,308.9,7437.7651
19140,19200,447.07,2017.7,323.7,7646.8252
19200,19260,444.65,2014.0,306.7,7597.7998
19260,19320,448.68,2041.8,304.6,8495.4209
19320,19380,449.64,2022.9,296.4,7953.3154
19380,19440,448.60,2023.4,293.1,7888.9653
19440,19500,455.68,2032.8,482.0,7799.3198
19500,19560,456.09,2049.2,482.4,7790.9795
19560,19620,455.33,2043.9,826.8,7840.4980
19620,19680,459.16,2045.6,791.6,8002.6416
19680,19740,457.45,2052.9,841.9,8316.2383
19740,19800,460.85,2049.6,1083.6,8083.0967
19800,19860,456.58,2075.1,802.6,9188.4238
19860,19920,459.99,2053.2,719.4,8537.4023
19920,19980,462.82,2063.7,669.3,8426.1758
19980,20040,455.34,2083.2,469.9,9209.7461
20040,20100,454.85,2096.0,392.0,9760.9033
20100,20160,455.43,2111.2,511.4,10447.4922
20160,20220,456.23,2105.4,500.5,10212.8887
20220,20280,455.46,2111.0,496.6,10537.1016
20280,20340,458.09,2102.8,523.2,10210.8145
20340,20400,460.82,2146.4,391.6,10547.8086
20400,20460,464.65,2170.1,468.9,10773.0449
20460,20520,465.37,2146.1,372.1,10833.7461
20520,20580,460.11,2159.9,356.0,11844.4717
20580,20640,450.88,2172.9,327.4,12757.7725
20640,20700,447.79,2176.9,323.4,13358.8203
20700,20760,456.27,2171.4,339.8,12448.7959
20760,20820,454.91,2171.0,349.0,12485.3486
20820,20880,452.55,2170.3,342.2,12776.8320
20880,20940,450.40,2171.9,329.6,13278.9199
20940,21000,453.77,2174.4,356.1,13120.0859
21000,21060,453.17,2179.5,367.7,13367.8652
21060,21120,445.92,2179.4,346.8,14002.4150
21120,21180,448.50,2179.7,344.1,13902.4697
21180,21240,449.04,2178.4,336.4,13822.2842
21240,21300,448.46,2177.7,332.5,13911.3555
21300,21360,444.67,2179.9,325.8,14130.4873
21360,21420,443.16,2176.7,322.2,14244.8301
21420,21480,442.42,2178.9,323.0,14249.3975
21480,21540,442.69,2178.9,324.6,14285.1719
21540,21600,445.53,2179.4,328.6,14318.1885
21600,21660,444.72,2178.6,333.6,14355.5410
21660,21720,446.13,2180.1,332.9,14321.1602
21720,21780,451.67,2181.5,334.7,14345.4229
21780,21840,460.02,2182.3,336.1,14389.3320
21840,21900,452.82,2181.7,334.8,14363.7920
21900,21960,449.76,2183.2,334.3,14341.8145
21960,22020,449.03,2183.3,353.5,14325.9277
22020,22080,449.06,2183.5,348.2,14307.7783
22080,22140,449.96,2183.0,363.3,14237.4336
22140,22200,450.10,2182.9,352.0,14186.1436
22200,22260,449.42,2182.6,348.0,14183.3477
22260,22320,454.30,2182.7,351.0,14196.5156
22320,22380,450.36,2184.0,352.9,14245.8203
22380,22440,457.75,2190.1,373.3,14416.5674
22440,22500,450.50,2191.1,356.7,14406.1943
22500,22560,449.10,2189.5,361.4,14396.6709
22560,22620,450.48,2190.8,351.8,14420.7295
22620,22680,454.01,2192.0,347.9,14634.3301
22680,22740,451.64,2190.0,346.3,14532.5996
22740,22800,445.73,2185.9,341.4,14502.4375
22800,22860,444.55,2186.9,341.8,14459.3379
22860,22920,441.73,2182.5,345.9,14479.3086
22920,22980,446.11,2186.5,348.6,14485.1543
22980,23040,458.31,2201.6,370.5,14492.1133
23040,23100,455.55,2199.4,396.0,14491.6074
23100,23160,454.92,2199.9,385.0,14472.7080
23160,23220,454.38,2208.5,363.3,14450.6299
23220,23280,454.40,2205.2,366.9,14473.4922
23280,23340,450.84,2197.3,371.3,14446.5957
23340,23400,451.15,2193.5,362.4,14456.6260
23400,23460,457.79,2197.8,365.0,14514.9160
23460,23520,453.55,2200.2,354.3,14476.3506
23520,23580,452.54,2196.0,348.8,14422.3262
23580,23640,453.75,2197.7,355.1,14448.4971
