CampaignData_and_Merges/R0/CSL_MobileLab_Parked/raw/20240731/USOS-POPS_MobileLabGround_20240731_R0.ict
78, 1001
Thornberry, T. D.
NOAA Chemical Sciences Laboratory
Portable Optical Particle Spectrometer (POPS)
USOS
1, 1
2024, 07, 31, 2025, 05, 08
60
Time_Start, seconds_past_midnight, Start time of measurement
45
1, 1, 1, 1, 1, 1, 1, 1, 1, 1, 1, 1, 1, 1, 1, 1, 1, 1, 1, 1, 1, 1, 1, 1, 1, 1, 1, 1, 1, 1, 1, 1, 1, 1, 1, 1, 1, 1, 1, 1, 1, 1, 1, 1, 1
-9999, -9999, -9999, -9999, -9999, -9999, -9999, -9999, -9999, -9999, -9999, -9999, -9999, -9999, -9999, -9999, -9999, -9999, -9999, -9999, -9999, -9999, -9999, -9999, -9999, -9999, -9999, -9999, -9999, -9999, -9999, -9999, -9999, -9999, -9999, -9999, -9999, -9999, -9999, -9999, -9999, -9999, -9999, -9999, -9999
Time_Stop, seconds_past_midnight, Stop time of measurement
Time_Mid, seconds_past_midnight, Mid time of measurement
Press_mb, mb, Pressure reported (mb)
Temp_C, degrees C, POPS temperature measurement
Aerosol_concentration, cm^-3, Aerosol concentration
Surface_Area_Conc, um^2 cm^-3, Surface area concentration
Volume_density, um^3 cm^-3, Volume density
Effective_radius, um, Effective radius
Extinction, km^-1, Extinction
Bin01, cm^-3, particle concentration in size range [1401 - 146.3 nm]
Bin02, cm^-3, particle concentration in size range [146.3 - 152.8 nm]
Bin03, cm^-3, particle concentration in size range [152.8 - 159.6 nm]
Bin04, cm^-3, particle concentration in size range [159.6 - 166.8 nm]
Bin05, cm^-3, particle concentration in size range [166.8 - 174.2 nm]
Bin06, cm^-3, particle concentration in size range [174.2 - 181.9 nm]
Bin07, cm^-3, particle concentration in size range [181.9 - 190.0 nm]
Bin08, cm^-3, particle concentration in size range [190.0 - 198.5 nm]
Bin09, cm^-3, particle concentration in size range [198.5 - 207.4 nm]
Bin10, cm^-3, particle concentration in size range [207.4 - 216.6 nm]
Bin11, cm^-3, particle concentration in size range [216.6 - 226.2 nm]
Bin12, cm^-3, particle concentration in size range [226.2 - 236.3 nm]
Bin13, cm^-3, particle concentration in size range [236.3 - 246.8 nm]
Bin14, cm^-3, particle concentration in size range [246.8 - 257.8 nm]
Bin15, cm^-3, particle concentration in size range [257.8 - 269.3 nm]
Bin16, cm^-3, particle concentration in size range [269.3 - 343.4 nm]
Bin17, cm^-3, particle concentration in size range [343.4 - 450.7 nm]
Bin18, cm^-3, particle concentration in size range [450.7 - 525.9 nm]
Bin19, cm^-3, particle concentration in size range [525.9 - 618.5 nm]
Bin20, cm^-3, particle concentration in size range [618.5 - 710.0 nm]
Bin21, cm^-3, particle concentration in size range [710.0 - 822.7 nm]
Bin22, cm^-3, particle concentration in size range [822.7 - 885.9 nm]
Bin23, cm^-3, particle concentration in size range [885.9 - 953.9 nm]
Bin24, cm^-3, particle concentration in size range [953.9 - 1027.2 nm]
Bin25, cm^-3, particle concentration in size range [1027.2 - 1106.1 nm]
Bin26, cm^-3, particle concentration in size range [1106.1 - 1191.0 nm]
Bin27, cm^-3, particle concentration in size range [1191.0 - 1282.5 nm]
Bin28, cm^-3, particle concentration in size range [1282.5 - 1381.0 nm]
Bin29, cm^-3, particle concentration in size range [1381.0 - 1487.1 nm]
Bin30, cm^-3, particle concentration in size range [1487.1 - 1601.3 nm]
Bin31, cm^-3, particle concentration in size range [1601.3 - 1724.3 nm]
[...]
PLATFORM: NOAA CSL Mobile Lab
LOCATION: USOS
ASSOCIATED_DATA: N/A
INSTRUMENT_INFO: Printed Optical Particle Spectrometer counts particles from 140 - 2500 nm in diameter 
DATA_INFO: Particle concentrations reported in number per cubic centimeter,1 Hz data
UNCERTAINTY: Counting uncertainty dominated by air flow, less than 5 percent. Measurement range is ~0 - 3000 per cm3 (varies depending on flow rate- manufacturer quotes 1250 per cm3 at 1.667 cc/s)
ULOD_FLAG: -7777
ULOD_VALUE: N/A
LLOD_FLAG: -8888
LLOD_VALUE: N/A
DM_CONTACT_INFO: Troy Thornberry, 325 Broadway R/CSL6, Boulder, CO 80305; troy.thornberry@noaa.gov; 303-497-3373
PROJECT_INFO: USOS, Utah POPS data from NOAA CSL Mobile Lab
STIPULATIONS_ON_USE: Please contact the PIs for questions regarding applications and uncertainties
OTHER_COMMENTS: POPS bin Edges (nm):  140.1, 146.3, 152.8, 159.6, 166.8, 174.2, 181.9, 190.0, 198.5, 207.4, 216.6, 226.2, 236.3, 246.8, 257.8, 269.3, 343.4, 450.7, 525.9, 618.5, 710.0, 822.7, 885.9, 953.9, 1027.2, 1106.1, 1191.0, 1282.5, 1381.0, 1487.1, 1601.3, 1724.3, 1856.7, 1999.3, 2152.8, 2318.2, 2496.2
Calculations assume organic aerosol refractive index of 1.52+0.00j and extinction wavelength = 532 nm
REVISION: R0
R0: Final data
Time_Start, Time_Stop, Time_Mid, Press_mb, Temp_C, Aerosol_concentration, Surface_Area_Conc, Volume_density, Effective_radius, Extinction, Bin01, Bin02, Bin03, Bin04, Bin05, Bin06, Bin07, Bin08, Bin09, Bin10, Bin11, Bin12, Bin13, Bin14, Bin15, Bin16, Bin17, Bin18, Bin19, Bin20, Bin21, Bin22, Bin23, Bin24, Bin25, Bin26, Bin27, Bin28, Bin29, Bin30, Bin31, Bin32, Bin33, Bin34, Bin35, Bin36
[from data line 261]
15660,15719,15690,870.109,33.826,922.325,216.158,12.672,0.176,0.091,31.999630,33.954208,34.359604,36.384880,38.268295,39.029373,40.230053,41.418915,41.236465,43.160145,44.202606,47.972801,49.388599,48.059269,42.345558,188.709152,78.044769,31.095678,9.711341,0.996164,0.641317,0.285408,0.223014,0.116389,0.095837,0.094741,0.054929,0.039150,0.044641,0.022085,0.033083,0.011093,0.044569,0.017068,0.011281,0.022718
15720,15779,15750,870.109,33.823,924.974,216.820,12.841,0.177,0.092,33.025642,34.080044,34.965603,36.684025,37.941360,39.028225,40.061535,41.993462,41.027458,42.598640,44.203564,48.708492,49.036041,46.797443,43.121937,189.402115,78.844292,31.316216,9.387464,1.015319,0.614816,0.299684,0.167698,0.121245,0.116346,0.098532,0.058161,0.034518,0.034606,0.028721,0.051668,0.034277,0.005825,0.011850,0.028597,0.028655
15780,15839,15810,870.114,33.817,923.475,216.451,12.682,0.176,0.092,32.106110,33.534893,34.792072,37.372528,38.632885,39.744774,39.145111,41.430496,41.530693,42.367538,44.143272,47.327068,48.483353,47.712177,42.886772,190.321869,78.514191,31.162338,9.445618,0.958230,0.699722,0.304702,0.214046,0.125724,0.113167,0.102697,0.044746,0.044889,0.050802,0.033833,0.056274,0.027813,0.010901,0.005688,0.005612,0.022293
15840,15899,15870,870.132,33.856,930.245,218.211,12.924,0.178,0.092,32.470028,33.377998,35.527985,36.839245,38.842133,39.590919,39.950481,41.540630,42.397476,43.033333,44.833946,46.488239,49.754192,48.233231,43.034359,191.043015,79.641335,31.628473,9.401451,0.962664,0.635755,0.208982,0.185908,0.124840,0.108466,0.078911,0.039727,0.038868,0.034483,0.016893,0.045024,0.022620,0.039085,0.017302,0.016663,0.039844
15900,15959,15930,870.151,34.053,936.629,218.553,12.722,0.174,0.092,34.280426,34.320293,34.859634,37.526306,40.286648,39.555481,41.111443,41.310722,41.808464,43.596279,44.914574,47.912876,48.173096,48.276352,42.347057,193.355103,78.967773,31.821974,9.569921,1.025681,0.577498,0.261388,0.197061,0.147486,0.102269,0.056709,0.016407,0.034420,0.039916,0.045563,0.027839,0.023181,0.033877,0.022780,0.022564,0.000000
15960,16019,15990,870.186,34.021,934.690,218.442,12.769,0.175,0.092,34.103939,33.995029,34.603279,37.368526,39.207390,40.217159,40.250015,41.862003,41.683559,43.342957,44.445667,48.508907,50.532402,47.887344,42.827187,190.772690,79.183395,31.646599,9.289414,1.129956,0.660035,0.344717,0.199465,0.161047,0.088406,0.077562,0.056093,0.033571,0.050028,0.056211,0.027662,0.027932,0.016265,0.000000,0.011261,0.021848
16020,16079,16050,870.193,33.917,934.377,217.640,12.584,0.173,0.092,33.275021,34.583660,35.301483,38.209911,38.921417,39.527016,40.801357,41.150043,41.958103,43.052238,45.415409,47.437958,49.113258,48.858257,43.166199,190.650406,79.707970,31.318624,9.234420,1.066861,0.588088,0.297538,0.165644,0.144796,0.099959,0.067566,0.044231,0.033112,0.022756,0.038718,0.053911,0.010907,0.022097,0.016028,0.011283,0.011172
16080,16139,16110,870.208,33.969,940.937,219.481,12.787,0.174,0.093,33.699387,35.891773,35.952408,37.720852,38.586086,40.528778,41.176563,41.146481,42.475327,42.847237,45.429108,48.791103,49.351013,48.881779,42.209816,192.749039,79.374695,31.856676,9.400920,1.020943,0.782501,0.308114,0.184449,0.117645,0.129551,0.055898,0.033364,0.055711,0.022604,0.039280,0.039141,0.016603,0.011074,0.005631,0.022677,0.022677
16140,16199,16170,870.231,33.925,934.747,218.571,12.817,0.176,0.093,34.415089,34.436382,36.028313,37.507175,39.058140,40.259304,41.053337,41.057255,42.267406,42.696148,44.861023,48.104610,49.450592,47.671860,42.084782,190.714264,78.548668,31.887535,9.560708,1.250346,0.616494,0.368319,0.222263,0.146010,0.096185,0.111795,0.033866,0.039276,0.028763,0.040404,0.051150,0.022970,0.005845,0.011592,0.022344,0.017035
16200,16259,16230,870.254,33.881,948.526,219.574,12.832,0.175,0.092,36.821861,37.356544,37.413857,39.828163,40.381718,41.059139,40.860657,42.053787,41.754669,43.419762,45.588673,47.729031,48.525394,49.087688,41.972000,190.954086,79.753723,31.741407,9.445477,1.050732,0.654390,0.345059,0.182667,0.117271,0.087661,0.078379,0.011114,0.038578,0.028320,0.049969,0.033281,0.027638,0.016842,0.017164,0.016765,0.022034
16260,16319,16290,870.270,33.859,980.125,222.751,12.846,0.173,0.093,41.232834,41.464798,40.925045,42.032761,43.560032,42.807411,43.567547,43.302296,43.943195,44.484123,45.296795,49.476379,51.097816,49.488235,42.836143,191.632294,79.466972,31.226423,9.398226,0.972705,0.753611,0.394285,0.171480,0.105227,0.121564,0.100342,0.044495,0.022219,0.027990,0.033107,0.061311,0.011340,0.033048,0.000000,0.016213,0.016329
16320,16379,16350,870.275,33.742,973.613,222.062,12.702,0.172,0.093,40.945118,40.533752,39.635223,41.860546,43.016407,42.025482,42.186176,43.163303,44.167816,45.306545,45.661533,48.614868,49.114357,48.144745,42.039890,192.567047,80.794189,31.568161,9.595070,1.003879,0.663278,0.278405,0.206491,0.132128,0.067877,0.074527,0.039604,0.034984,0.051789,0.016975,0.057311,0.011178,0.000000,0.005805,0.011071,0.017215
16380,16439,16410,870.269,33.875,999.665,226.467,13.251,0.175,0.094,43.341599,43.274055,43.254520,43.439362,44.463650,43.786118,44.599983,44.913048,44.864986,45.080944,46.546356,49.708611,50.202187,49.752693,43.632393,194.632965,80.416298,31.253904,9.571176,0.996127,0.683897,0.380346,0.214835,0.147531,0.066719,0.050861,0.073672,0.078489,0.028489,0.039249,0.045553,0.034439,0.050788,0.011225,0.005688,0.022555
16440,16499,16470,870.277,33.983,996.473,226.391,13.130,0.174,0.094,42.826988,42.737320,41.573414,43.249100,43.806458,44.089062,43.910904,44.926373,44.831482,44.881325,46.771847,50.031872,50.641960,48.792461,43.734905,194.137039,81.695625,31.570696,9.263897,1.084019,0.673477,0.349721,0.205349,0.155488,0.117394,0.067021,0.045070,0.084345,0.062660,0.016713,0.061873,0.016458,0.010987,0.017008,0.016466,0.016913
16500,16559,16530,870.285,34.007,958.812,221.692,13.155,0.178,0.093,36.721638,37.421558,37.724964,39.521233,40.688557,42.460239,41.657631,43.456944,43.381638,44.153107,45.101963,49.239025,50.250095,48.894508,42.291039,192.371231,79.358543,31.953999,9.404102,0.994794,0.681096,0.288026,0.176427,0.141842,0.060201,0.065945,0.060197,0.049470,0.015856,0.044084,0.033275,0.049750,0.027192,0.022761,0.022282,0.027182
16560,16619,16590,870.283,33.987,947.859,220.666,13.012,0.177,0.093,34.324707,35.692139,36.604481,37.831322,39.871559,40.867535,41.989281,41.989250,42.763378,43.447590,45.648643,49.158577,49.196201,49.282372,43.152027,192.512451,79.645264,31.574509,9.401906,1.136705,0.720246,0.287782,0.205085,0.122697,0.052951,0.052542,0.064459,0.035354,0.017585,0.029546,0.057820,0.029191,0.023175,0.023195,0.017984,0.029483
16620,16679,16650,870.310,33.943,937.716,220.128,12.917,0.176,0.093,33.481674,33.262592,35.148972,38.426083,38.929176,40.094738,41.405128,42.017414,42.369926,43.896885,45.051071,47.421864,49.066166,48.429165,41.486237,192.226852,80.100052,32.019218,9.828713,1.203787,0.661562,0.332845,0.203764,0.115407,0.144239,0.099243,0.060741,0.026978,0.061201,0.038169,0.022609,0.027592,0.016840,0.005787,0.011135,0.022014
16680,16739,16710,870.328,33.896,943.689,221.094,13.027,0.177,0.094,33.993740,34.585949,35.852886,38.548599,40.175480,39.919006,40.754822,41.133453,42.583462,43.168140,44.895393,48.424355,49.356998,49.623871,42.839855,193.873596,79.275726,31.850315,9.956413,1.019698,0.651631,0.302611,0.200218,0.115670,0.156069,0.088327,0.055565,0.044009,0.027520,0.072223,0.055236,0.022073,0.026918,0.005325,0.005482,0.028186
16740,16799,16770,870.354,33.905,951.047,221.384,12.904,0.175,0.093,35.472549,35.961281,36.524612,38.739941,39.938400,40.602886,41.467903,42.594986,42.805450,44.373158,45.120773,47.049015,50.493725,49.346760,43.557117,192.577072,80.597282,31.411379,9.344016,1.051274,0.742073,0.389705,0.238267,0.144816,0.139678,0.083979,0.032751,0.027849,0.033828,0.027855,0.078270,0.005631,0.021849,0.022777,0.016689,0.010983
16800,16859,16830,870.361,33.771,950.024,223.176,13.328,0.179,0.095,35.457218,35.521133,36.218613,38.788876,39.686291,40.278984,41.314697,41.212986,42.083416,43.832497,45.239170,48.457088,50.504688,48.197590,43.185093,194.337906,80.475830,32.588772,9.516302,1.068394,0.810201,0.287503,0.226468,0.149188,0.156039,0.071510,0.049992,0.060504,0.038336,0.038735,0.042756,0.016121,0.021832,0.021923,0.017106,0.050134
16860,16919,16890,870.371,33.873,948.056,222.269,13.163,0.177,0.094,33.429001,34.975842,36.926643,37.352913,39.924351,40.010914,41.281212,41.800308,41.689182,44.878765,45.073723,48.201141,49.895866,48.590000,42.888882,196.431076,80.362793,32.207935,9.234653,0.993224,0.727136,0.266315,0.221136,0.144805,0.109781,0.078120,0.054979,0.050438,0.043721,0.022212,0.066466,0.028177,0.022524,0.038844,0.017030,0.016081
16920,16979,16950,870.398,34.019,955.620,222.735,12.961,0.174,0.094,33.877525,34.863739,36.420891,38.423759,40.217537,40.447090,41.139046,42.399055,42.634155,44.616673,46.256256,49.211174,50.181034,49.433640,43.447369,196.310852,82.192467,31.668301,9.155387,0.970559,0.712690,0.314906,0.200050,0.112437,0.079397,0.045392,0.034053,0.050599,0.022918,0.039429,0.045204,0.011269,0.022603,0.022523,0.011730,0.027836
16980,17039,17010,870.414,34.096,947.638,221.256,12.861,0.174,0.093,33.933788,34.712429,36.295639,37.478737,40.320137,40.050278,41.047951,42.521503,42.268890,43.678444,44.234169,48.790401,49.330158,49.662338,42.757278,195.607346,81.379242,31.068779,9.716979,0.955967,0.656266,0.409979,0.208466,0.150192,0.084309,0.039158,0.038690,0.044932,0.050195,0.005708,0.061317,0.022487,0.022343,0.010894,0.000000,0.022319
17040,17099,17070,870.435,33.993,952.230,222.540,13.001,0.175,0.094,33.587547,35.190842,36.558743,37.516022,39.483364,41.174427,40.713535,42.448685,42.887852,43.593910,46.242737,49.162868,50.100430,49.721500,43.452976,194.673767,80.867363,32.440552,9.736016,0.922348,0.612311,0.368547,0.193853,0.106883,0.107059,0.039249,0.095579,0.034481,0.027923,0.028246,0.039448,0.028219,0.038484,0.005805,0.011281,0.017078
17100,17159,17130,870.453,33.891,948.290,221.932,13.026,0.176,0.094,33.489243,34.204609,36.234135,38.408779,38.908661,39.454082,40.957470,42.674587,42.659630,43.694294,45.844131,49.216331,49.247772,48.902115,43.523033,196.213974,80.290749,32.201942,9.283731,1.001085,0.702131,0.337251,0.172711,0.128297,0.132969,0.104552,0.039165,0.033111,0.049940,0.039576,0.044999,0.045124,0.022205,0.005593,0.011245,0.010863
17160,17219,17190,870.450,33.876,944.298,221.747,13.135,0.177,0.094,34.483307,34.756939,35.243473,38.539810,40.237255,39.951988,40.380970,42.102257,42.341576,43.947758,45.584919,47.868931,48.369717,48.831009,42.494823,193.554611,80.818092,32.193863,9.595278,1.119989,0.673024,0.307679,0.222309,0.139588,0.105441,0.083374,0.055834,0.033193,0.033098,0.066286,0.071751,0.016860,0.011166,0.005411,0.016933,0.039134
17220,17279,17250,870.456,33.828,942.080,221.540,13.077,0.177,0.094,33.482826,34.762589,35.659065,37.766731,39.601849,39.727615,39.486027,41.054329,41.396656,43.365513,45.485477,47.523754,50.568874,48.780888,43.339645,195.049057,80.503899,32.188496,9.332837,1.017472,0.722377,0.365814,0.189088,0.144317,0.136894,0.077006,0.077770,0.066825,0.027698,0.027996,0.050498,0.027543,0.016706,0.016561,0.022260,0.016783
17280,17339,17310,870.453,33.912,949.310,222.577,13.092,0.176,0.094,34.135258,34.991310,35.716713,38.566422,38.555958,39.809174,41.615170,41.739315,42.533909,43.465569,45.901531,48.259472,50.085453,49.660385,42.824604,195.492523,81.957504,31.701925,9.289952,1.111925,0.638806,0.409202,0.172462,0.167838,0.106048,0.072186,0.061336,0.033897,0.049983,0.022050,0.066996,0.022305,0.027981,0.000000,0.022583,0.022394
17340,17399,17370,870.483,33.919,944.129,221.811,13.047,0.176,0.094,33.337761,34.932076,35.509773,37.546104,38.635674,40.682537,40.249458,42.295433,42.416084,43.839077,45.294487,48.167141,49.464745,48.838570,43.643116,193.397919,80.957985,32.366058,9.389299,1.173890,0.696607,0.392029,0.258187,0.170921,0.055034,0.082577,0.066964,0.049601,0.038822,0.038953,0.059758,0.038768,0.021581,0.005650,0.000000,0.016527
17400,17459,17430,870.489,34.014,945.426,220.685,13.014,0.177,0.093,34.072735,34.682598,35.823635,38.144855,39.167587,41.056568,41.054779,41.983013,41.561100,43.869308,45.768444,48.551712,50.147385,48.028217,43.907509,193.505371,80.681892,31.266804,9.285415,1.106806,0.635775,0.333411,0.210732,0.098840,0.105520,0.065973,0.016632,0.049718,0.049427,0.038901,0.039147,0.038631,0.022019,0.010938,0.017262,0.027433
17460,17519,17490,870.503,33.950,954.682,221.849,12.870,0.174,0.093,34.104259,35.413216,35.578373,38.806423,40.139503,41.495777,42.443970,42.600922,43.003193,44.359337,45.882164,48.522385,49.501305,49.256413,43.863602,194.845932,81.018372,31.451075,9.635934,1.097535,0.633269,0.285757,0.213027,0.120908,0.109491,0.057446,0.046270,0.028917,0.022355,0.023355,0.040533,0.022877,0.011505,0.005728,0.005747,0.034563
17520,17579,17550,870.523,33.920,951.317,221.680,13.118,0.177,0.093,34.879215,35.580509,36.472282,38.442284,40.046478,41.341686,41.451084,42.928131,42.869743,42.945576,45.209591,49.219051,49.568840,49.429424,43.388519,193.075623,80.538277,31.576826,9.545697,1.020130,0.679144,0.304322,0.177634,0.154771,0.100430,0.049698,0.050458,0.010877,0.032652,0.045309,0.049971,0.032827,0.027800,0.022658,0.022019,0.027403
17580,17639,17610,870.525,33.941,950.409,222.476,13.031,0.176,0.094,34.477848,34.837029,36.060280,37.843636,40.202377,41.237694,40.742256,42.375309,42.465439,43.855480,44.502541,48.310310,49.474556,48.862080,44.056828,194.513062,81.505730,32.876003,9.264850,1.080935,0.807251,0.270355,0.219665,0.129081,0.056261,0.056158,0.067088,0.056222,0.044602,0.033527,0.039184,0.039667,0.011301,0.005669,0.005669,0.022773
17640,17699,17670,870.523,33.925,943.433,221.233,12.976,0.176,0.094,33.633560,34.962460,35.993050,37.800678,39.728012,40.028625,40.424446,41.838360,41.665668,43.643990,44.710049,47.921169,49.428345,49.282974,42.642200,194.174667,80.852234,32.365746,9.571818,0.973346,0.690028,0.291445,0.168576,0.140824,0.063735,0.092839,0.046670,0.041001,0.058568,0.040885,0.069716,0.029377,0.023449,0.017266,0.011487,0.005587
17700,17759,17730,870.522,34.033,951.215,222.212,12.988,0.175,0.094,33.597397,36.046566,35.681503,37.878059,39.558891,40.844730,40.658268,42.137260,43.235298,44.019321,45.656586,49.036167,50.451958,47.951347,43.919716,195.956573,80.202812,31.884094,9.513711,1.131000,0.750425,0.250188,0.225787,0.126628,0.127013,0.063361,0.040248,0.040742,0.046589,0.040527,0.062037,0.028945,0.023418,0.005439,0.005864,0.016976
17760,17819,17790,870.548,34.086,947.267,221.229,12.883,0.174,0.094,32.970512,35.096416,35.927872,38.905590,39.544262,40.921070,40.741798,42.108402,43.112602,43.500343,45.567268,49.052124,50.470425,49.159672,42.340645,191.890640,81.183220,32.304974,9.545515,1.141721,0.717397,0.343320,0.189192,0.104854,0.111262,0.078017,0.016511,0.043655,0.033351,0.033396,0.021867,0.027876,0.016892,0.005447,0.027812,0.011133
17820,17879,17850,870.562,34.128,945.824,220.601,13.020,0.177,0.093,33.521160,35.048168,35.938557,38.472687,40.006516,40.143353,40.546539,42.347736,42.274750,42.959229,44.697800,49.176640,50.280067,49.603493,43.001019,193.350021,81.070976,31.594145,9.218807,0.934552,0.624279,0.255837,0.161024,0.151177,0.077708,0.061387,0.033232,0.049803,0.027691,0.028443,0.038752,0.038795,0.022040,0.016803,0.005931,0.044636
17880,17939,17910,870.576,34.073,947.173,221.527,13.054,0.177,0.093,34.657219,34.415680,36.513371,38.482288,39.520416,40.194698,40.450245,42.217819,41.931953,43.986687,45.429562,48.268116,49.616840,48.437492,44.018532,194.987839,79.696411,31.800482,9.651052,0.995134,0.646131,0.345650,0.253891,0.127397,0.128483,0.094429,0.049677,0.043800,0.022208,0.055742,0.033734,0.032983,0.016854,0.005631,0.016972,0.027665
