CampaignData_and_Merges/R0/CSL_MobileLab_Parked/raw/20240731/USOS-NOAAIodideCIMS-HNO3_MobileLabGround_20240731_RA.ict
33, 1001
Michael A Robinson, Chris Jernigan, Subi Thakali
NOAA ESRL Chemical Sciences Laboratory and CIRES, U. of Colorado
NOAA Iodide CIMS Instrument
USOS
1, 1
2024, 07, 31, 2024, 08, 01
1
starttime_UTC, seconds_past_midnight, seconds_of_day_since_00:00:00_UTC
1
1
-9999
HNO3_NOAACIMS, pptv, Gas_HNO3_InSitu_S_AVMR, 
0
18
PI_CONTACT_INFO: 325 Broadway, R/CSD 7, Boulder, Colorado 80305; michael.a.robinson@noaa.gov; chris.jernigan@noaa.gov;
PLATFORM: NOAA CSL Mobile Lab
LOCATION: SLC, Utah
ASSOCIATED_DATA: 1Hz data also available on request.
INSTRUMENT_INFO: NOAA I- ToF CIMS
DATA_INFO: All data in parts per trillion by volume (pptv). 1 Hz data is available upon request.
UNCERTAINTY: TBD
ULOD_FLAG: -7777
ULOD_VALUE: N/A
LLOD_FLAG: -8888
LLOD_VALUE: N/A
DM_CONTACT_INFO: Nathan Howard; nathan.h.howard@noaa.gov
PROJECT_INFO: USOS, summer 2024. https://csl.noaa.gov/groups/csl7/measurements/2024usos/
STIPULATIONS_ON_USE: Users are strongly encouraged to contact the PI for proper data usage.
OTHER_COMMENTS: 
REVISION: RA
RA: Preliminary Data; For in-field use only
starttime_UTC, HNO3_NOAACIMS
[from data line 1016]
 60960, 452.697
 61020, 488.659
 61080, -9999.000
 61140, 469.003
 61200, 474.448
 61260, 472.395
 61320, 455.705
 61380, 458.225
 61440, 459.428
 61500, 475.121
 61560, 484.646
 61620, 506.279
 61680, 517.907
 61740, 481.147
 61800, 482.537
 61860, 501.575
 61920, 530.920
 61980, 527.530
 62040, 538.165
 62100, 548.314
 62160, 542.844
 62220, 564.155
 62280, 582.595
 62340, 590.507
 62400, 593.425
 62460, 602.903
 62520, 615.544
 62580, 645.322
 62640, 697.414
 62700, 735.561
 62760, 732.915
 62820, 732.743
 62880, 731.404
 62940, -9999.000
 63000, 614.078
 63060, 632.750
 63120, 640.273
 63180, 672.807
 63240, 675.816
 63300, 738.042
 63360, 758.719
 63420, 772.753
 63480, 790.191
 63540, 771.250
 63600, 789.165
 63660, 843.725
 63720, 886.838
 63780, 904.872
 63840, 911.486
 63900, 862.624
 63960, 889.826
 64020, 887.672
 64080, 912.932
 64140, 935.296
 64200, 934.853
 64260, 945.868
 64320, 956.634
 64380, 993.252
 64440, 1047.464
 64500, 1123.152
 64560, 1162.659
 64620, 1139.970
 64680, 1026.193
 64740, 1010.862
 64800, 892.017
 64860, 906.517
 64920, 945.306
 64980, 990.186
 65040, 1029.188
 65100, 1055.877
 65160, 991.705
 65220, 960.842
 65280, 978.897
 65340, 1044.707
 65400, 983.762
 65460, 966.661
 65520, 997.587
 65580, 985.821
 65640, 1067.677
 65700, 1044.007
 65760, 1035.958
 65820, 1034.701
 65880, 1112.235
 65940, 1237.935
 66000, 1263.748
 66060, 1185.499
 66120, 1193.883
 66180, 1207.558
 66240, 1175.326
 66300, 1222.319
 66360, 1245.244
 66420, 1251.615
 66480, 1199.712
 66540, 1204.372
 66600, -9999.000
 66660, 977.083
 66720, 999.726
 66780, 1136.327
 66840, 1206.082
 66900, 1241.519
 66960, 1273.803
 67020, 1319.262
 67080, 1357.131
 67140, 1362.590
 67200, 1365.179
 67260, 1226.147
 67320, 1197.933
 67380, 1174.688
 67440, 1122.664
 67500, 1204.122
 67560, 1242.811
 67620, 1262.759
 67680, 1243.491
 67740, 1259.299
 67800, 1269.338
 67860, 1218.735
 67920, 1224.095
 67980, 1297.411
 68040, 1275.744
 68100, 1343.124
 68160, 1317.596
 68220, 1332.099
 68280, 1359.988
 68340, 1311.883
 68400, 1271.699
 68460, -9999.000
 68520, 1104.517
 68580, 1046.803
 68640, 1070.478
 68700, 1095.631
 68760, 1073.137
 68820, 1065.210
 68880, 1028.536
 68940, 1009.695
 69000, 1040.127
 69060, 972.225
 69120, 974.901
 69180, 979.715
 69240, 1005.427
 69300, 1010.243
 69360, 956.129
 69420, 882.818
 69480, 834.835
 69540, 823.607
 69600, 790.346
 69660, 821.007
 69720, 797.981
 69780, 808.409
 69840, 800.224
 69900, 794.152
 69960, 802.714
 70020, 825.567
 70080, 794.600
 70140, 810.866
 70200, 854.538
 70260, 880.177
 70320, -9999.000
 70380, 700.704
 70440, 723.295
 70500, 780.360
 70560, 817.003
 70620, 815.148
 70680, 762.626
 70740, 747.474
 70800, 800.921
 70860, 761.335
 70920, 748.923
 70980, 808.451
 71040, 825.674
 71100, 856.568
 71160, 896.765
 71220, 854.670
 71280, 809.300
 71340, 773.337
 71400, 768.307
 71460, 784.169
 71520, 824.683
 71580, 819.414
 71640, 802.426
 71700, 763.012
 71760, 749.396
 71820, 732.238
 71880, 756.226
 71940, 748.090
 72000, 763.106
 72060, 730.816
 72120, 738.440
 72180, 683.266
 72240, 714.894
 72300, 775.920
 72360, 776.246
 72420, 783.963
 72480, 788.104
 72540, 791.425
 72600, 773.063
 72660, 799.053
 72720, 785.919
 72780, 773.213
 72840, 725.118
 72900, 741.151
 72960, 768.659
 73020, 784.466
 73080, 738.945
 73140, 728.646
 73200, 680.274
 73260, 734.477
 73320, 762.141
 73380, 751.937
 73440, 739.169
 73500, 737.250
 73560, 730.103
 73620, 715.878
 73680, 718.892
 73740, 731.264
 73800, 762.585
 73860, 719.065
 73920, 682.182
 73980, 704.646
 74040, 618.890
 74100, 596.812
 74160, 615.790
 74220, 621.403
 74280, 650.117
 74340, 668.606
 74400, 661.546
 74460, 617.933
 74520, 557.817
 74580, 579.813
 74640, 595.100
 74700, 616.727
 74760, 612.495
 74820, 643.828
 74880, 644.616
 74940, 662.570
 75000, 697.961
 75060, 673.738
 75120, 663.759
 75180, 638.567
 75240, 670.784
 75300, 671.225
 75360, 659.394
 75420, 660.737
 75480, 659.341
 75540, 675.315
 75600, 663.205
 75660, 683.575
 75720, 673.997
 75780, 669.417
 75840, 645.928
 75900, 598.055
 75960, 632.734
 76020, 689.712
 76080, 715.199
 76140, 713.914
 76200, 741.047
 76260, 719.420
 76320, 693.823
 76380, 711.159
 76440, 752.970
 76500, 842.856
 76560, 866.665
 76620, 870.946
 76680, 833.695
 76740, 777.715
 76800, 782.785
 76860, 789.888
 76920, 810.860
 76980, 836.192
 77040, 852.582
 77100, 848.125
 77160, 816.479
 77220, 851.329
 77280, 864.070
 77340, 817.532
 77400, 772.881
 77460, 771.930
 77520, 786.227
 77580, 808.982
 77640, 835.537
 77700, -9999.000
 77760, 703.399
 77820, 737.453
 77880, 776.571
 77940, 822.367
 78000, 797.393
 78060, 813.175
 78120, 805.827
 78180, 800.387
 78240, 824.712
 78300, 871.919
 78360, 886.164
 78420, 865.982
 78480, 832.066
 78540, 835.285
 78600, 783.053
 78660, 792.581
 78720, 796.752
 78780, 804.287
 78840, 826.311
 78900, 854.701
 78960, 853.339
 79020, 858.687
 79080, 813.118
 79140, 763.816
 79200, 769.618
 79260, 764.076
 79320, 762.483
 79380, 764.694
 79440, 781.499
 79500, 808.644
 79560, -9999.000
 79620, 723.397
 79680, 754.879
 79740, 796.483
 79800, 772.822
 79860, 795.189
 79920, 797.721
 79980, 789.262
 80040, 737.732
 80100, 770.828
 80160, 868.797
 80220, 851.153
 80280, 830.678
 80340, 892.979
 80400, 893.404
 80460, 963.728
 80520, 980.841
 80580, 973.797
 80640, 993.012
 80700, 934.986
 80760, 909.811
 80820, 918.799
 80880, 854.083
 80940, 845.561
 81000, 873.695
 81060, 837.471
 81120, 828.521
 81180, 824.047
 81240, 823.692
 81300, 805.701
 81360, 807.805
 81420, -9999.000
 81480, 757.508
 81540, 812.971
 81600, 824.119
 81660, 820.854
 81720, 774.605
 81780, 788.271
 81840, 806.284
 81900, 812.133
 81960, 824.832
 82020, 856.090
 82080, 818.143
 82140, 830.246
 82200, 843.319
 82260, 838.524
 82320, 841.940
 82380, 837.241
 82440, 821.556
 82500, 780.840
 82560, 735.311
 82620, 766.073
 82680, 771.550
 82740, 752.728
 82800, 775.655
 82860, 753.123
 82920, 741.849
 82980, 780.339
 83040, 775.112
 83100, 800.748
 83160, 796.549
 83220, 810.093
 83280, 736.509
 83340, 695.784
 83400, 767.159
 83460, 760.331
 83520, 700.533
 83580, 680.520
 83640, 724.452
 83700, 786.569
 83760, 824.253
 83820, 840.357
 83880, 800.032
 83940, 783.278
 84000, 756.566
 84060, 757.806
 84120, 790.974
 84180, 778.542
 84240, 751.901
 84300, 727.763
 84360, 709.070
 84420, 693.739
 84480, 729.958
 84540, 735.394
 84600, 739.262
 84660, 748.604
 84720, 746.823
 84780, 704.817
 84840, 685.276
 84900, 702.025
 84960, 700.916
 85020, 696.219
 85080, -9999.000
 85140, 559.816
 85200, 578.353
 85260, 616.403
 85320, 639.806
 85380, 646.401
 85440, 669.991
 85500, 660.617
 85560, 651.926
 85620, 645.509
 85680, 631.775
 85740, 648.212
 85800, 638.754
 85860, 681.938
 85920, 701.120
 85980, 719.329
 86040, 680.727
 86100, 636.932
 86160, 636.688
 86220, 628.933
 86280, 615.428
 86340, 595.483
