CampaignData_and_Merges/R0/CSL_MobileLab_Parked/raw/20240731/USOS-PTR_MobileLabGround_20240731_R0.ict
58, 1001
Matthew Coggon, Kelvin Bates, Chelsea Stockwell, Carsten Warneke
NOAA ESRL Chemical Sciences Division
NOAA PTR-ToF-MS
USOS
1,1 
2024, 07, 31, 2025, 09, 19
0
Time_Start, seconds, number of seconds from 00:00 UTC 
22
1, 1, 1, 1, 1, 1, 1, 1, 1, 1, 1, 1, 1, 1, 1, 1, 1, 1, 1, 1, 1, 1
-9999, -9999, -9999, -9999, -9999, -9999, -9999, -9999, -9999, -9999, -9999, -9999, -9999, -9999, -9999, -9999, -9999, -9999, -9999, -9999, -9999, -9999
CH3OH_NOAAPTR_ppbv,  ppbv, Gas_CH3OH_InSitu_S_AVMR, (CH3OH) methanol
CH3CN_NOAAPTR_ppbv,  ppbv, Gas_CH3CN_InSitu_S_AVMR, (CH3CN) acetonitrile
CH3CHO_NOAAPTR_ppbv,  ppbv, Gas_CH3CHO_InSitu_S_AVMR, (CH3CHO) acetaldehyde plus contributions from ethylene glycol and ethylene oxide. Interference from ethanol has been subtracted out.
C2H5OH_NOAAPTR_ppbv,  ppbv, Gas_C2H5OH_InSitu_S_AVMR, (C2H5OH) ethanol
CH3SH_NOAAPTR_ppbv,  ppbv, Gas_CH3SH_InSitu_S_AVMR, (CH3SH) methanethiol, using calibration factor for DMS
Acrolein_NOAAPTR_ppbv,  ppbv, Gas_Acrolein_InSitu_S_AVMR, (C3H4O) acrolein
AcetonePropanal_NOAAPTR_ppbv,  ppbv, Gas_AcetoneAndPropanal_InSitu_S_AVMR, (C3H6O) sum of acetone (dominant isomer) and propanal, using calibration factor for acetone
DMS_NOAAPTR_ppbv,  ppbv, Gas_DMS_InSitu_S_AVMR, (C2H6S) dimethyl sulfide with possible small contributions from ethanethiol
C5H8_NOAAPTR_ppbv,  ppbv, Gas_Isoprene_InSitu_S_AVMR, (C5H8) isoprene and possible fragments from cycloalkanes and aldehydes. Interferences have been subtracted following methods described by Coggon et al (2023)
MVKMAC_NOAAPTR_ppbv,  ppbv, Gas_MVKAndMAC_InSitu_S_AVMR, (C4H6O) sum of methyl vinyl ketone, methacrolein, and small amounts of crotonaldehyde, using weighted calibration factor for MVK (0.637) and MACR (0.363)
Benzene_NOAAPTR_ppbv,  ppbv, Gas_Benzene_InSitu_S_AVMR, (C6H6) benzene
Toluene_NOAAPTR_ppbv,  ppbv, Gas_Toluene_InSitu_S_AVMR, (C7H8) toluene with possible small contributions of fragments from ethyltoluene
Styrene_NOAAPTR_ppbv,  ppbv, Gas_Styrene_InSitu_S_AVMR, (C8H8) styrene
Benzaldehyde_NOAAPTR_ppbv,  ppbv, Gas_Benzaldehyde_InSitu_S_AVMR, (C7H6O) benzaldehyde
C8Aromatics_NOAAPTR_ppbv,  ppbv, Gas_C8Aromatics_InSitu_M_AVMR, (C8H10) sum of m-xylene, p-xylene, o-xylene, and ethyl benzene
C9Aromatics_NOAAPTR_ppbv,  ppbv, Gas_C9Aromatics_InSitu_M_AVMR, (C9H12) sum of C9 aromatics
Naphthalene_NOAAPTR_ppbv,  ppbv, Gas_Naphthalene_InSitu_S_AVMR, (C10H8) naphthalene
Octanal_NOAAPTR_ppbv,  ppbv, Gas_Octanal_InSitu_S_AVMR, (C8H16O) octanal and small amounts of octanone
Monoterpenes_NOAAPTR_ppbv,  ppbv, Gas_Monoterpenes_InSitu_M_AVMR, (C10H16) sum of monoterpenes and possible contributions from fragments of oxygenated monoterpenoids such as eucalyptol.
Nonanal_NOAAPTR_ppbv,  ppbv, Gas_Nonanal_InSitu_M_AVMR, (C9H18O) nonanal and small amounts of nonanone
C7H4ClF3_NOAAPTR_ppbv,  ppbv, Gas_C7H4ClF3_InSitu_S_AVMR, (C7H4ClF3) parachlorobenzotrifluoride
C10H30O5Si5_NOAAPTR_ppbv,  ppbv, Gas_C10H30O5Si5_InSitu_S_AVMR, (C10H30O5Si5) decamethylcyclopentasiloxane
1
SPECIAL COMMENTS:N/A
21
PI_CONTACT_INFO: NOAA ESRL Chemical Sciences Division, Tropospheric Chemistry Group. 325 Broadway, R/CSD7, Boulder, CO 80305
PLATFORM: Mobile Laboratory.
LOCATION: Salt Lake City, UT
ASSOCIATED_DATA: N/A
INSTRUMENT_INFO: NOAA PTR-ToF-MS measurements on NOAA CSL Mobile Lab
DATA_INFO: Units: ppbv
UNCERTAINTY: See OTHER_COMMENTS
ULOD_FLAG: -7777
ULOD_VALUE: N/A
LLOD_FLAG: -8888
LLOD_VALUE: N/A.
DM_CONTACT_INFO: Data Managers: Matt Coggon, Kelvin Bates, Chelsea Stockwell; email: matthew.m.coggon@noaa.gov and kelvin.bates@colorado.edu
PROJECT_INFO: USOS Deployment July-August, 2024
STIPULATIONS_ON_USE: Use of these data require prior OK from PI.
OTHER_COMMENTS: Uncertainties:
CH3OH_NOAAPTR_ppbv:30%; CH3CN_NOAAPTR_ppbv:30%; CH3CHO_NOAAPTR_ppbv:30%; C2H5OH_NOAAPTR_ppbv:30%; CH3SH_NOAAPTR_ppbv:50%; Acrolein_NOAAPTR_ppbv:30%; AcetonePropanal_NOAAPTR_ppbv:30%; DMS_NOAAPTR_ppbv:30%; C5H8_NOAAPTR_ppbv:30%; MVKMAC_NOAAPTR_ppbv:30%; 
Benzene_NOAAPTR_ppbv:30%; Toluene_NOAAPTR_ppbv:30%; Styrene_NOAAPTR_ppbv:30%; Benzaldehyde_NOAAPTR_ppbv:30%; C8Aromatics_NOAAPTR_ppbv:30%; C9Aromatics_NOAAPTR_ppbv:30%; Naphthalene_NOAAPTR_ppbv:30%; Octanal_NOAAPTR_ppbv:30%; Monoterpenes_NOAAPTR_ppbv:30%; Nonanal_NOAAPTR_ppbv:30%; 
C7H4ClF3_NOAAPTR_ppbv:30%; C10H30O5Si5_NOAAPTR_ppbv:30%; 
REVISION: R0
R0: Calibrated PTR Data. See individual species comments for details about measurement uncertainties
Time_Start, CH3OH_NOAAPTR_ppbv, CH3CN_NOAAPTR_ppbv, CH3CHO_NOAAPTR_ppbv, C2H5OH_NOAAPTR_ppbv, CH3SH_NOAAPTR_ppbv, Acrolein_NOAAPTR_ppbv, AcetonePropanal_NOAAPTR_ppbv, DMS_NOAAPTR_ppbv, C5H8_NOAAPTR_ppbv, MVKMAC_NOAAPTR_ppbv, Benzene_NOAAPTR_ppbv, Toluene_NOAAPTR_ppbv, Styrene_NOAAPTR_ppbv, Benzaldehyde_NOAAPTR_ppbv, C8Aromatics_NOAAPTR_ppbv, C9Aromatics_NOAAPTR_ppbv, Naphthalene_NOAAPTR_ppbv, Octanal_NOAAPTR_ppbv, Monoterpenes_NOAAPTR_ppbv, Nonanal_NOAAPTR_ppbv, C7H4ClF3_NOAAPTR_ppbv, C10H30O5Si5_NOAAPTR_ppbv
[from data line 429]
25740.0, 22.07341, 0.56239, 4.82929, 14.87561, 0.01186, 0.56921, 7.84936, -0.00049, 0.23904, 0.48054, 0.57029, 1.04084, 0.09153, 0.04643, 0.70348, 0.26968, 0.03394, 0.11033, 0.17025, 0.15233, 0.03904, 0.02744 
25800.0, 20.54184, 0.56089, 5.01082, 19.59900, 0.00262, 0.58642, 7.78477, -0.00049, 0.20959, 0.45838, 0.76911, 1.60891, 0.07856, 0.03176, 1.07534, 0.37177, 0.02490, 0.09748, 0.15779, 0.16923, 0.03176, 0.03427 
25860.0, 20.33540, 0.57390, 4.74387, 14.96741, 0.00301, 0.57973, 7.48199, 0.01544, 0.28090, 0.46545, 0.39641, 0.78870, 0.04786, 0.04979, 0.67111, 0.24648, 0.03166, 0.10143, 0.15432, 0.15776, 0.03138, 0.02645 
25920.0, 21.30612, 0.54010, 5.07970, 16.11465, 0.01096, 0.58636, 7.88411, 0.01167, 0.27139, 0.48755, 0.36662, 0.73193, 0.08351, 0.02523, 0.62590, 0.22393, 0.04477, 0.12647, 0.15554, 0.19258, 0.03095, 0.05088 
25980.0, 20.00988, 0.55701, 5.02429, 14.63808, 0.00584, 0.54212, 7.53403, 0.01451, 0.31785, 0.48051, 0.37065, 0.76232, 0.05164, 0.05923, 0.60960, 0.25946, 0.02169, 0.11285, 0.14678, 0.13710, 0.03072, 0.02893 
26040.0, 21.48574, 0.56253, 4.98210, 12.99607, 0.00808, 0.57134, 7.38959, 0.00549, 0.27829, 0.45294, 0.45079, 0.71798, 0.05409, 0.04137, 0.56044, 0.23880, 0.04808, 0.12378, 0.15250, 0.12674, 0.02595, 0.02426 
26100.0, 21.32311, 0.55913, 4.97763, 13.73822, 0.00949, 0.54202, 7.48869, 0.01710, 0.25750, 0.47867, 0.37832, 0.74857, 0.06232, 0.01470, 0.58840, 0.24429, 0.05125, 0.14214, 0.13605, 0.16612, 0.03351, 0.02494 
26160.0, 20.20971, 0.58711, 4.73034, 12.44151, 0.00446, 0.53893, 7.48736, 0.01509, 0.23612, 0.47142, 0.34254, 0.69180, 0.09223, 0.03424, 0.54904, 0.23334, 0.02603, 0.10772, 0.11974, 0.14107, 0.03202, 0.02060 
26220.0, 19.78001, 0.54800, 4.91651, 14.12506, 0.00759, 0.52691, 7.56560, 0.00857, 0.27664, 0.47589, 0.41027, 0.76349, 0.05790, 0.01741, 0.58732, 0.22823, 0.00992, 0.12326, 0.13083, 0.13255, 0.02911, 0.02386 
26280.0, 20.28101, 0.55409, 4.66386, 13.94905, 0.00273, 0.54739, 7.26827, 0.00526, 0.25794, 0.45499, 0.40742, 0.70155, 0.09906, 0.02015, 0.56504, 0.22253, 0.03152, 0.12712, 0.14212, 0.17624, 0.01905, 0.02054 
26340.0, 21.76763, 0.56289, 4.82796, 13.83361, 0.00513, 0.52768, 7.51656, -0.00053, 0.27313, 0.48619, 0.47918, 0.68529, 0.07980, 0.06725, 0.55613, 0.23803, 0.03305, 0.10030, 0.15969, 0.16344, 0.02213, 0.03110 
26400.0, 20.00633, 0.55680, 4.77714, 14.64813, 0.00275, 0.56737, 7.38518, 0.01636, 0.20885, 0.43867, 0.55112, 1.14866, 0.08479, 0.03731, 0.79032, 0.27022, 0.03644, 0.11747, 0.13523, 0.13259, 0.02928, 0.02567 
26460.0, 19.51773, 0.57099, 4.72661, 13.34156, 0.00416, 0.52235, 7.48447, 0.00604, 0.27123, 0.46878, 0.46603, 0.78611, 0.09343, 0.01634, 0.58084, 0.21981, 0.02608, 0.11816, 0.13807, 0.14810, 0.02722, 0.03519 
26520.0, 19.17926, 0.58764, 4.79574, 11.69480, 0.00427, 0.54737, 7.34524, 0.00674, 0.23437, 0.47767, 0.43235, 0.73374, 0.07433, 0.03968, 0.58891, 0.21262, 0.03771, 0.10412, 0.10572, 0.13355, 0.03621, 0.01756 
26580.0, 19.97846, 0.56124, 4.96695, 13.24071, 0.01283, 0.57826, 7.53202, 0.01061, 0.29159, 0.48775, 0.45938, 0.73545, 0.05980, 0.05341, 0.60239, 0.25144, 0.01445, 0.13763, 0.12463, 0.14300, 0.03501, 0.02574 
26640.0, 19.73283, 0.55879, 4.90828, 11.98255, 0.00221, 0.54305, 7.35108, -0.00055, 0.23424, 0.47171, 0.45359, 0.71615, 0.06800, 0.05723, 0.58292, 0.23924, 0.04188, 0.11219, 0.14154, 0.15811, 0.01580, 0.02362 
26700.0, 19.04300, 0.60157, 4.90330, 14.23039, 0.00395, 0.59707, 7.53032, -0.00056, 0.27536, 0.47350, 0.38368, 0.70372, 0.07185, 0.04584, 0.54690, 0.21139, 0.02338, 0.11297, 0.13386, 0.19140, 0.02944, 0.02802 
26760.0, 21.71319, 0.56786, 5.03816, 13.68019, 0.01033, 0.58788, 7.76384, 0.02155, 0.34282, 0.48638, 0.41754, 0.98798, 0.08280, 0.03927, 0.62198, 0.25981, 0.04081, 0.09913, 0.14699, 0.17093, 0.03582, 0.02993 
26820.0, 19.96755, 0.56504, 5.91454, 15.10312, 0.00576, 0.60586, 7.83863, 0.02696, 0.22021, 0.52912, 0.49715, 0.99508, 0.08140, 0.00978, 0.59699, 0.24090, 0.04077, 0.13925, 0.16695, 0.17434, 0.03617, 0.02992 
26880.0, 21.38880, 0.54776, 5.25566, 13.31068, 0.00682, 0.59374, 7.62169, 0.01469, 0.29203, 0.47878, 0.49822, 0.83926, 0.08649, 0.09577, 0.59407, 0.26908, 0.03670, 0.11468, 0.14350, 0.16754, 0.02868, 0.02803 
26940.0, 21.56704, 0.56070, 5.08276, 13.95252, 0.00711, 0.54604, 7.51231, 0.01425, 0.25657, 0.51190, 0.42770, 0.77654, 0.08538, 0.04158, 0.59576, 0.23338, 0.00391, 0.15034, 0.14942, 0.20039, 0.02389, 0.02948 
27000.0, 20.98562, 0.56947, 5.01175, 13.36569, 0.00307, 0.58242, 7.54131, 0.01352, 0.27500, 0.47421, 0.47202, 0.79556, 0.06979, 0.05681, 0.56422, 0.23287, 0.04197, 0.13115, 0.12164, 0.14420, 0.03848, 0.03012 
27060.0, 21.03848, 0.54321, 5.17417, 14.01179, 0.01073, 0.57628, 7.66803, 0.02735, 0.33951, 0.50172, 0.37143, 0.85361, 0.06407, 0.02902, 0.59706, 0.25336, 0.05314, 0.13471, 0.13447, 0.16850, 0.03544, 0.03096 
27120.0, 18.01254, 0.55595, 4.60841, 11.98117, 0.00575, 0.51761, 6.93103, 0.01490, 0.21777, 0.44794, 0.37152, 0.68593, 0.07669, 0.03689, 0.51162, 0.20778, 0.03086, 0.13101, 0.08594, 0.14274, 0.02426, 0.02170 
27180.0, 15.62149, 0.56099, 3.89563, 8.82811, -0.00039, 0.44816, 6.13072, 0.01935, 0.21995, 0.38258, 0.33770, 0.57202, 0.06630, 0.02369, 0.39492, 0.15765, 0.02467, 0.09806, 0.10208, 0.10587, 0.01869, 0.01627 
27240.0, 15.50020, 0.55389, 4.16029, 8.68958, 0.00491, 0.44438, 6.37776, -0.00060, 0.17483, 0.41933, 0.37190, 0.66946, 0.05295, 0.04832, 0.43076, 0.18623, 0.00399, 0.10328, 0.09779, 0.10622, 0.02203, 0.01972 
27300.0, 18.01594, 0.57323, 4.56158, 10.91624, 0.00802, 0.49048, 6.68348, 0.00832, 0.15602, 0.44956, 0.36219, 0.80842, 0.07424, 0.05292, 0.47863, 0.17570, 0.05376, 0.09181, 0.14267, 0.12330, 0.03316, 0.02276 
27360.0, 15.38519, 0.60358, 3.81023, 8.19450, 0.00273, 0.40995, 5.99244, 0.00608, 0.11614, 0.34606, 0.36911, 0.55800, 0.06204, 0.05037, 0.37120, 0.12893, 0.01292, 0.09339, 0.11401, 0.07550, 0.03078, 0.01347 
27420.0, 19.03021, 0.55775, 4.51354, 11.23019, 0.00406, 0.51483, 6.83301, 0.00557, 0.21038, 0.39564, 0.37587, 0.72179, 0.01937, 0.04498, 0.48005, 0.18668, 0.04727, 0.11978, 0.18717, 0.08492, 0.02977, 0.01825 
27480.0, 10.90437, 0.57872, 2.44618, 4.30882, 0.00061, 0.29470, 4.73516, -0.00061, 0.13828, 0.27353, 0.25877, 0.27112, 0.02471, 0.00683, 0.16719, 0.07902, 0.01652, 0.03696, 0.04304, 0.06615, 0.00903, 0.00501 
27540.0, 10.55329, 0.57374, 2.02895, 3.07549, -0.00042, 0.27255, 4.48975, -0.00062, 0.11800, 0.26235, 0.27631, 0.20702, 0.02145, -0.01031, 0.13493, 0.05104, 0.01159, 0.02999, 0.05755, 0.05105, 0.00899, 0.00316 
27600.0, 12.18861, 0.56490, 2.12868, 3.88465, 0.00325, 0.29464, 4.55931, -0.00062, 0.10655, 0.26221, 0.21303, 0.21940, 0.02778, -0.01023, 0.13781, 0.05684, 0.00996, 0.03317, 0.07849, 0.04287, 0.00592, 0.00287 
27660.0, 11.86660, 0.59685, 2.52763, 5.62221, 0.00376, 0.32069, 4.99984, 0.00914, 0.18234, 0.28710, 0.19941, 0.31047, -0.00440, 0.00291, 0.19102, 0.07481, -0.00086, 0.03084, 0.06053, 0.07678, 0.01385, 0.00789 
27720.0, 16.49078, 0.56704, 4.08433, 11.75603, 0.00300, 0.45167, 6.17448, -0.00063, 0.22901, 0.34575, 0.46471, 0.59020, 0.05274, 0.03135, 0.37718, 0.15490, 0.01170, 0.05641, 0.11035, 0.12005, 0.02259, 0.02039 
27780.0, 16.60799, 0.57888, 4.93393, 14.93251, 0.00252, 0.54220, 6.74195, 0.01119, 0.24110, 0.37274, 0.63660, 0.82401, 0.08768, 0.04047, 0.49304, 0.21039, 0.02285, 0.09237, 0.10628, 0.10798, 0.02248, 0.01632 
27840.0, 15.98441, 0.58625, 4.70869, 14.41938, 0.00508, 0.50904, 6.79034, 0.00440, 0.23859, 0.37814, 0.55722, 0.78708, -0.00059, 0.05170, 0.50951, 0.22920, 0.02971, 0.05835, 0.10144, 0.13341, 0.03701, 0.01298 
27900.0, 14.71172, 0.59375, 3.85329, 10.39569, 0.00146, 0.44787, 5.85844, 0.01599, 0.21312, 0.32581, 0.44275, 0.69893, 0.07849, 0.01103, 0.47760, 0.20600, 0.01580, 0.07273, 0.09673, 0.06894, 0.02003, 0.01154 
27960.0, 11.70051, 0.58819, 3.30535, 7.29532, 0.00002, 0.40665, 5.46929, -0.00065, 0.12587, 0.31359, 0.35647, 0.42317, 0.05717, 0.01066, 0.27812, 0.14806, 0.00170, 0.03684, 0.07859, 0.06746, 0.01696, 0.00693 
28020.0, 11.21739, 0.56012, 2.80226, 6.24485, 0.00236, 0.34621, 5.01668, -0.00065, 0.10280, 0.29135, 0.27536, 0.32935, 0.06051, 0.02196, 0.19734, 0.10500, -0.00522, 0.06394, 0.05928, 0.08116, 0.01670, 0.00456 
28080.0, 12.34680, 0.57774, 2.96537, 6.58115, 0.00084, 0.33997, 5.38619, -0.00066, 0.11653, 0.30428, 0.31216, 0.37711, 0.03165, 0.02327, 0.28494, 0.10816, 0.01043, 0.03662, 0.07792, 0.05727, 0.01610, 0.00922 
28140.0, 13.20961, 0.57917, 2.98604, 6.92977, 0.00047, 0.34974, 5.29613, -0.00066, 0.15826, 0.29413, 0.32111, 0.40258, 0.04652, 0.03532, 0.30245, 0.12436, 0.01651, 0.05491, 0.04882, 0.08769, 0.01741, 0.00589 
28200.0, 12.38214, 0.56835, 2.72355, 6.40425, 0.00220, 0.34381, 5.18341, -0.00067, 0.10358, 0.28606, 0.32958, 0.34821, 0.03957, 0.02310, 0.23139, 0.10460, -0.00286, 0.04708, 0.06277, 0.07586, 0.01480, 0.00779 
28260.0, 12.94340, 0.57040, 3.21436, 8.54089, -0.00096, 0.36229, 5.59337, -0.00067, 0.15064, 0.30401, 0.37509, 0.43035, 0.05417, 0.02062, 0.29910, 0.11553, 0.01606, 0.03663, 0.06672, 0.07484, 0.02924, 0.00841 
28320.0, 13.29487, 0.54714, 3.53909, 10.36089, 0.00283, 0.41816, 5.89299, 0.01737, 0.17883, 0.30687, 0.29499, 0.44568, 0.04003, 0.03388, 0.30648, 0.13078, 0.02110, 0.06323, 0.06482, 0.09843, 0.03083, 0.01092 
28380.0, 15.03928, 0.57463, 3.83107, 9.53889, 0.00060, 0.43978, 5.95552, -0.00068, 0.08566, 0.33440, 0.31792, 0.54479, 0.06683, 0.02118, 0.32829, 0.15311, 0.02300, 0.11563, 0.06069, 0.11643, 0.02358, 0.01329 
28440.0, 15.08535, 0.59247, 4.01534, 10.58251, 0.00372, 0.41412, 6.23325, 0.00186, 0.16796, 0.32917, 0.42140, 0.57835, 0.03342, 0.02808, 0.40457, 0.17364, 0.01403, 0.09232, 0.08876, 0.07804, 0.02746, 0.01275 
28500.0, 14.96418, 0.60100, 3.99058, 9.87869, 0.00090, 0.47055, 6.07682, -0.00067, 0.10629, 0.32151, 0.45432, 0.55006, 0.07310, 0.01912, 0.35553, 0.15298, 0.02426, 0.09938, 0.08499, 0.08389, 0.02480, 0.01493 
28560.0, 11.94268, 0.55766, 2.98269, 6.53774, 0.00021, 0.39084, 5.28503, -0.00069, 0.10229, 0.29896, 0.29558, 0.35888, 0.03753, 0.01640, 0.22171, 0.09773, 0.00408, 0.05655, 0.05082, 0.07086, 0.01509, 0.00890 
28620.0, 14.87225, 0.59034, 4.04993, 10.38536, 0.00129, 0.47789, 6.21915, -0.00070, 0.19927, 0.32470, 0.35668, 0.58668, 0.04161, 0.04460, 0.38286, 0.15019, 0.02045, 0.09171, 0.11763, 0.09275, 0.02699, 0.01622 
28680.0, 14.78556, 0.55281, 3.84099, 10.92360, 0.00168, 0.43842, 6.07664, -0.00070, 0.16439, 0.34897, 0.36100, 0.56795, 0.09341, 0.03547, 0.34771, 0.14909, 0.02649, 0.10759, 0.07773, 0.09523, 0.02053, 0.00823 
28740.0, 14.67881, 0.58322, 4.00140, 10.50227, 0.00670, 0.44694, 6.07303, -0.00071, 0.17414, 0.35797, 0.45224, 0.59005, 0.05584, 0.02614, 0.31704, 0.15284, 0.01794, 0.06153, 0.08225, 0.10373, 0.02600, 0.01031 
28800.0, 16.17333, 0.54388, 3.97836, 10.13339, 0.00378, 0.45965, 6.20669, -0.00059, 0.10544, 0.36134, 0.45647, 0.61913, 0.04487, 0.05964, 0.41247, 0.18230, 0.02866, 0.10270, 0.11335, 0.11087, 0.03110, 0.00878 
28860.0, 12.99207, 0.55715, 3.70030, 8.93128, 0.00372, 0.43402, 5.75979, -0.00072, 0.14966, 0.32314, 0.37389, 0.50271, 0.01494, 0.03466, 0.35457, 0.13359, 0.01066, 0.04494, 0.08239, 0.08598, 0.02137, 0.01282 
28920.0, 14.32512, 0.58517, 3.80668, 8.45482, 0.00494, 0.47638, 5.97871, 0.00328, 0.08958, 0.35517, 0.29638, 0.55670, 0.06215, 0.01602, 0.33137, 0.14086, 0.04123, 0.06882, 0.09706, 0.08746, 0.02737, 0.01528 
28980.0, 14.87662, 0.61014, 3.60422, 9.04148, 0.00312, 0.40331, 5.80281, 0.00923, 0.10286, 0.32720, 0.29069, 0.46334, 0.04503, -0.00860, 0.27594, 0.10932, -0.00509, 0.05077, 0.07552, 0.07698, 0.02948, 0.01290 
29040.0, 16.04715, 0.56106, 3.97836, 10.57948, 0.00476, 0.46766, 6.28159, 0.00723, 0.13691, 0.32990, 0.42503, 0.56743, 0.04325, 0.02503, 0.35475, 0.15093, 0.03095, 0.09198, 0.10610, 0.10215, 0.02512, 0.01044 
29100.0, 16.31920, 0.58336, 4.49322, 10.92574, 0.00467, 0.43536, 6.12395, -0.00073, 0.12296, 0.32705, 0.34633, 0.61226, 0.08302, 0.02666, 0.39108, 0.15529, 0.03614, 0.09922, 0.08668, 0.10459, 0.02262, 0.01287 
29160.0, 18.30948, 0.58053, 4.61992, 10.69734, 0.00367, 0.47821, 6.28054, -0.00074, 0.18479, 0.34907, 0.38949, 0.57698, 0.01358, 0.02316, 0.42008, 0.16008, 0.02524, 0.07295, 0.10969, 0.10138, 0.02452, 0.01627 
29220.0, 16.66981, 0.58147, 4.77143, 11.36271, 0.00038, 0.48432, 6.26868, -0.00074, 0.12897, 0.34186, 0.33499, 0.65463, 0.07730, 0.03097, 0.40323, 0.19157, 0.02933, 0.08273, 0.07378, 0.09792, 0.03742, 0.01925 
29280.0, 16.68075, 0.55217, 4.78398, 12.14069, 0.00106, 0.48751, 6.37880, 0.00539, 0.11144, 0.37461, 0.36742, 0.58675, 0.06501, 0.03385, 0.42082, 0.18431, 0.01026, 0.09089, 0.08568, 0.11578, 0.04103, 0.01619 
29340.0, 16.51623, 0.59809, 5.15113, 13.08560, 0.00293, 0.48611, 6.54259, -0.00075, 0.12266, 0.36359, 0.36976, 0.65200, 0.06475, 0.04515, 0.42383, 0.18577, 0.00941, 0.10705, 0.09460, 0.09961, 0.03416, 0.01314 
29400.0, 18.07844, 0.54799, 5.25473, 12.61081, 0.00319, 0.50106, 6.48344, -0.00071, 0.13880, 0.36959, 0.37185, 0.62139, 0.07988, 0.03338, 0.42406, 0.19788, 0.01086, 0.11694, 0.05379, 0.09718, 0.03323, 0.01627 
29460.0, 17.82305, 0.58179, 5.35528, 11.78344, 0.00324, 0.45957, 6.42528, -0.00076, 0.18182, 0.36812, 0.40659, 0.61113, 0.06566, 0.03961, 0.41796, 0.19208, 0.01140, 0.12564, 0.10466, 0.10771, 0.04503, 0.02039 
29520.0, 15.27137, 0.56331, 4.84885, 11.21560, 0.00213, 0.42966, 6.15847, -0.00077, 0.07175, 0.34170, 0.39355, 0.57653, 0.05102, 0.01531, 0.38319, 0.18457, 0.03622, 0.07142, 0.04043, 0.09022, 0.04023, 0.01444 
29580.0, 16.89722, 0.58147, 5.09444, 13.29534, 0.00529, 0.49889, 6.35125, -0.00077, 0.09925, 0.36180, 0.28349, 0.65826, 0.07077, 0.01100, 0.44409, 0.19816, 0.04174, 0.10465, 0.07145, 0.10416, 0.04513, 0.01574 
29640.0, 15.37993, 0.57528, 4.20751, 10.11465, 0.00674, 0.42737, 6.00330, -0.00077, 0.12970, 0.33929, 0.32459, 0.55248, 0.07913, 0.02346, 0.35472, 0.16395, 0.02424, 0.08643, 0.06010, 0.09093, 0.02408, 0.01422 
29700.0, 15.17791, 0.55869, 4.07407, 9.32361, 0.00091, 0.41980, 5.88340, -0.00078, 0.11583, 0.35799, 0.36599, 0.44674, 0.02676, 0.03988, 0.33985, 0.15561, 0.03004, 0.09004, 0.06131, 0.08450, 0.03222, 0.01042 
29760.0, 14.03589, 0.58511, 3.83419, 7.82446, 0.00450, 0.40684, 5.67603, 0.00254, 0.13751, 0.32597, 0.32658, 0.48300, 0.06274, 0.03233, 0.33414, 0.16186, 0.00623, 0.06240, 0.06324, 0.08768, 0.02082, 0.01651 
29820.0, 12.13417, 0.58911, 2.38995, 4.27934, 0.00130, 0.26335, 4.65512, -0.00079, 0.09842, 0.27896, 0.29243, 0.21319, 0.02513, 0.00392, 0.15038, 0.06634, -0.00498, 0.03029, 0.05372, 0.03957, 0.01117, 0.00262 
29880.0, 10.27323, 0.54747, 2.46804, 4.80734, 0.00116, 0.27952, 4.60060, -0.00079, 0.12934, 0.26115, 0.21515, 0.25200, 0.01716, -0.00894, 0.14990, 0.05950, 0.00689, 0.05351, 0.03891, 0.05452, 0.01203, 0.00450 
29940.0, 10.13850, 0.58536, 1.89589, 3.17401, 0.00052, 0.24801, 4.30014, 0.00050, 0.12804, 0.28854, 0.20201, 0.17226, -0.00366, -0.00712, 0.08210, 0.04474, -0.00497, 0.02893, 0.03472, 0.04536, 0.00719, 0.00052 
30000.0, 12.07439, 0.57804, 2.49075, 5.23900, 0.00121, 0.31411, 4.83653, -0.00080, 0.15856, 0.29750, 0.26853, 0.28709, 0.02948, 0.02410, 0.18008, 0.07814, 0.01155, 0.04996, 0.06828, 0.04483, 0.01417, 0.01076 
30060.0, 9.94266, 0.54836, 2.12200, 3.30266, -0.00052, 0.23411, 4.43060, -0.00042, 0.08550, 0.27772, 0.26261, 0.23144, 0.03181, 0.01193, 0.15274, 0.07842, 0.02601, 0.03938, 0.04720, 0.04992, 0.00773, 0.00522 
30120.0, 11.67614, 0.58885, 2.06901, 4.01312, 0.00284, 0.24287, 4.52417, -0.00081, 0.15023, 0.28121, 0.26749, 0.29256, 0.02125, 0.01685, 0.17967, 0.07315, -0.00494, 0.02951, 0.05778, 0.05612, 0.00573, 0.00828 
30180.0, 11.72000, 0.59483, 1.90337, 2.97333, -0.00098, 0.28289, 4.41848, -0.00081, 0.15974, 0.25754, 0.22905, 0.26275, 0.01079, 0.00921, 0.15325, 0.06628, -0.00493, 0.01982, 0.05761, 0.04735, 0.00706, 0.00590 
