CampaignData_and_Merges/R0/CSL_MobileLab_Parked/raw/20240731/USOS-NOAAIodideCIMS-Halogens_MobileLabGround_20240731_RA.ict
38, 1001
Michael A Robinson, Chris Jernigan, Subi Thakali
NOAA ESRL Chemical Sciences Laboratory and CIRES, U. of Colorado
NOAA Iodide CIMS Instrument
USOS
1, 1
2024, 07, 31, 2024, 08, 01
1
starttime_UTC, seconds_past_midnight, seconds_of_day_since_00:00:00_UTC
6
1, 1, 1, 1, 1, 1
-9999, -9999, -9999, -9999, -9999, -9999
Br2_NOAACIMS, pptv, Gas_Br2_InSitu_S_AVMR, 
BrO_NOAACIMS, pptv, Gas_BrO_InSitu_S_AVMR, 
Cl2_NOAACIMS, pptv, Gas_Cl2_InSitu_S_AVMR, 
ClNO2_NOAACIMS, pptv, Gas_ClNO2_InSitu_S_AVMR, 
BrCl_NOAACIMS, pptv, Gas_BrCl_InSitu_S_AVMR, 
NCl3_NOAACIMS, pptv, Gas_NCl3_InSitu_S_AVMR, 
0
18
PI_CONTACT_INFO: 325 Broadway, R/CSD 7, Boulder, Colorado 80305; michael.a.robinson@noaa.gov; chris.jernigan@noaa.gov;
PLATFORM: NOAA CSL Mobile Lab
LOCATION: SLC, Utah
ASSOCIATED_DATA: 1Hz data also available on request.
INSTRUMENT_INFO: NOAA I- ToF CIMS
DATA_INFO: All data in parts per trillion by volume (pptv). 1 Hz data is available upon request.
UNCERTAINTY: TBD
ULOD_FLAG: -7777
ULOD_VALUE: N/A
LLOD_FLAG: -8888
LLOD_VALUE: N/A
DM_CONTACT_INFO: Nathan Howard; nathan.h.howard@noaa.gov
PROJECT_INFO: USOS, summer 2024. https://csl.noaa.gov/groups/csl7/measurements/2024usos/
STIPULATIONS_ON_USE: Users are strongly encouraged to contact the PI for proper data usage.
OTHER_COMMENTS: 
REVISION: RA
RA: Preliminary Data; For in-field use only
starttime_UTC, Br2_NOAACIMS, BrO_NOAACIMS, Cl2_NOAACIMS, ClNO2_NOAACIMS, BrCl_NOAACIMS, NCl3_NOAACIMS
[from data line 846]
 50760,  0.543,  0.136,  0.897,  1.167,  0.134,  1.233
 50820,  0.474,  0.085,  0.832,  1.152,  0.110,  1.166
 50880,  0.613,  0.180,  0.842,  1.193,  0.170,  1.234
 50940,  0.596,  0.086,  0.875,  0.955,  0.137,  1.035
 51000,  0.544,  0.259,  0.912,  1.014,  0.150,  0.968
 51060,  0.570,  0.157,  0.729,  1.099,  0.162,  0.911
 51120,  0.506,  0.126,  0.800,  1.136,  0.156,  0.925
 51180,  0.543,  0.145,  0.915,  1.042,  0.147,  1.084
 51240,  0.639,  0.211,  0.904,  0.952,  0.115,  1.486
 51300,  0.584,  0.135,  0.848,  1.244,  0.133,  2.614
 51360,  0.474,  0.090,  0.749,  1.230,  0.166,  1.009
 51420,  0.501,  0.293,  0.849,  1.091,  0.128,  1.088
 51480,  0.606,  0.089,  0.832,  1.086,  0.120,  0.788
 51540,  0.581,  0.209,  0.821,  1.242,  0.235,  3.174
 51600,  0.621,  0.129,  0.831,  1.151,  0.125,  0.784
 51660,  0.452,  0.136,  0.938,  1.104,  0.148,  1.432
 51720,  0.492,  0.243,  0.713,  1.120,  0.193,  0.579
 51780,  0.590,  0.053,  0.816,  1.101,  0.150,  2.570
 51840, -9999.000, -9999.000, -9999.000, -9999.000, -9999.000, -9999.000
 51900,  0.548,  0.100,  0.662,  1.056,  0.137,  0.622
 51960,  0.483,  0.099,  0.766,  0.985,  0.117,  0.520
 52020,  0.499,  0.065,  0.718,  1.078,  0.114,  0.289
 52080,  0.419,  0.056,  0.740,  1.015,  0.133,  0.476
 52140,  0.517,  0.079,  0.706,  1.018,  0.138,  0.740
 52200,  0.448,  0.137,  0.715,  0.887,  0.135,  0.377
 52260,  0.636,  0.060,  0.783,  0.971,  0.147,  0.839
 52320,  0.518,  0.101,  0.638,  0.909,  0.181,  1.691
 52380,  0.570,  0.123,  0.852,  0.910,  0.197,  1.797
 52440,  0.662,  0.121,  0.836,  0.933,  0.185,  1.226
 52500,  0.464,  0.036,  0.776,  0.948,  0.140,  0.344
 52560,  0.500,  0.114,  0.766,  0.853,  0.142,  0.346
 52620,  0.497,  0.132,  0.668,  0.925,  0.155,  0.268
 52680,  0.419,  0.082,  0.632,  0.932,  0.152,  0.565
 52740,  0.483,  0.199,  0.697,  1.017,  0.213,  1.759
 52800,  0.439,  0.046,  0.753,  0.993,  0.201,  1.836
 52860,  0.447,  0.134,  0.976,  0.926,  0.183,  3.693
 52920,  0.462,  0.094,  0.820,  0.841,  0.182,  1.009
 52980,  0.600,  0.019,  0.686,  0.823,  0.106,  0.688
 53040,  0.525,  0.052,  0.574,  0.783,  0.103,  0.279
 53100,  0.420,  0.044,  0.646,  0.936,  0.151,  2.081
 53160,  0.429, -0.015,  0.666,  0.855,  0.201,  1.391
 53220,  0.611,  0.047,  0.735,  0.837,  0.194,  1.206
 53280,  0.371,  0.009,  0.660,  0.738,  0.194,  0.056
 53340,  0.519,  0.086,  0.685,  0.768,  0.175,  0.091
 53400,  0.570,  0.045,  0.746,  0.844,  0.130,  0.022
 53460,  0.475,  0.087,  0.641,  0.716,  0.180,  0.120
 53520,  0.469,  0.023,  0.702,  0.721,  0.172,  0.154
 53580,  0.400,  0.062,  0.723,  0.708,  0.193,  0.082
 53640,  0.433,  0.078,  0.550,  0.805,  0.125,  0.047
 53700,  0.458,  0.345,  1.243,  0.617,  0.057,  0.385
 53760,  0.265, -0.025,  0.503,  0.705,  0.111,  0.447
 53820, -0.140, -0.097,  0.656,  0.681,  0.053, -0.019
 53880,  0.347,  0.109,  0.779,  0.842,  0.179,  0.401
 53940,  0.633,  0.086,  0.884,  0.862,  0.214,  1.693
 54000,  0.332,  0.089,  0.701,  0.788,  0.197,  0.374
 54060,  0.405,  0.037,  0.714,  0.787,  0.184,  0.081
 54120,  0.370, -0.019,  0.657,  0.817,  0.179,  0.063
 54180,  0.404,  0.054,  0.631,  0.845,  0.188,  0.098
 54240,  0.567, -0.033,  0.771,  0.776,  0.202,  0.158
 54300,  0.445,  0.128,  0.846,  0.816,  0.159,  0.530
 54360,  0.427,  0.064,  0.848,  0.705,  0.203,  0.730
 54420,  0.509, -0.010,  0.624,  0.684,  0.223,  0.112
 54480,  0.390,  0.112,  0.702,  0.560,  0.237,  0.087
 54540,  0.504,  0.040,  0.595,  0.642,  0.209,  0.222
 54600,  0.539,  0.063,  0.701,  0.645,  0.129,  0.089
 54660,  0.514,  0.005,  0.781,  0.624,  0.152,  0.010
 54720,  0.445,  0.025,  0.682,  0.891,  0.238,  0.149
 54780,  0.432, -0.019,  0.762,  0.792,  0.214,  0.052
 54840,  0.527,  0.032,  0.860,  0.647,  0.173,  0.318
 54900,  0.456, -0.018,  0.869,  0.608,  0.214,  0.345
 54960,  0.453, -0.023,  0.928,  0.616,  0.198,  0.901
 55020,  0.587, -0.004,  0.734,  0.649,  0.233,  0.437
 55080,  0.513, -0.015,  0.750,  0.661,  0.194,  0.330
 55140,  0.519, -0.029,  0.712,  0.629,  0.249,  0.467
 55200,  0.463,  0.053,  0.798,  0.526,  0.167,  0.319
 55260,  0.391, -0.080,  0.801,  0.549,  0.171,  0.085
 55320,  0.369, -0.011,  0.790,  0.482,  0.176,  0.097
 55380,  0.431, -0.003,  0.754,  0.472,  0.180,  0.058
 55440,  0.534, -0.031,  0.753,  0.483,  0.210,  0.106
 55500,  0.366,  0.225,  0.779,  0.491,  0.090,  0.088
 55560,  0.200, -0.192,  0.789,  0.161, -0.026,  0.378
 55620,  0.384, -0.082,  0.641,  0.449,  0.182,  0.428
 55680,  0.421, -0.049,  0.718,  0.464,  0.128,  0.196
 55740,  0.391, -0.041,  0.577,  0.416,  0.173,  0.208
 55800,  0.323, -0.027,  0.642,  0.382,  0.149,  0.125
 55860,  0.502, -0.078,  0.719,  0.410,  0.252,  0.151
 55920,  0.323, -0.058,  0.657,  0.339,  0.197,  0.130
 55980,  0.345,  0.021,  0.799,  0.328,  0.194,  0.168
 56040,  0.427, -0.053,  0.623,  0.337,  0.187,  0.186
 56100,  0.310, -0.061,  0.620,  0.279,  0.147,  0.060
 56160,  0.440,  0.012,  0.723,  0.302,  0.220,  0.103
 56220,  0.309,  0.012,  0.790,  0.291,  0.187,  0.074
 56280,  0.426,  0.070,  0.827,  0.320,  0.227,  0.102
 56340,  0.440,  0.044,  0.819,  0.323,  0.219,  0.103
 56400,  0.359, -0.024,  0.769,  0.342,  0.199,  0.136
 56460,  0.344, -0.019,  0.849,  0.293,  0.181,  0.118
 56520,  0.504,  0.004,  0.841,  0.301,  0.241,  0.052
 56580,  0.451,  0.171,  0.867,  0.330,  0.189,  0.142
 56640,  0.387,  0.027,  0.711,  0.300,  0.223,  0.086
 56700,  0.394, -0.116,  0.954,  0.276,  0.202,  0.119
 56760,  0.489, -0.024,  0.839,  0.391,  0.206,  0.034
 56820,  0.512, -0.075,  0.817,  0.337,  0.211,  0.043
 56880,  0.464, -0.050,  0.788,  0.373,  0.255,  0.140
 56940,  0.353,  0.048,  0.949,  0.359,  0.241,  0.092
 57000,  0.426, -0.021,  0.836,  0.371,  0.186,  0.138
 57060,  0.426,  0.016,  0.774,  0.391,  0.219,  0.139
 57120,  0.466,  0.053,  0.742,  0.319,  0.226,  0.095
 57180,  0.269,  0.042,  0.784,  0.362,  0.257,  0.122
 57240,  0.265,  0.057,  0.881,  0.397,  0.227,  0.091
 57300,  0.417,  0.061,  0.847,  0.376,  0.272,  0.057
 57360,  0.341,  0.137,  0.869,  0.286,  0.252,  0.059
 57420,  0.533, -0.089,  0.838,  0.373,  0.140,  0.117
 57480,  0.315,  0.109,  1.051,  0.318,  0.296,  0.058
 57540,  0.456, -0.012,  0.961,  0.324,  0.257,  0.036
 57600,  0.424,  0.038,  0.908,  0.346,  0.258,  0.072
 57660,  0.372,  0.049,  0.994,  0.341,  0.244,  0.132
 57720,  0.470,  0.048,  0.994,  0.325,  0.287,  0.086
 57780,  0.400,  0.114,  0.895,  0.369,  0.236,  0.046
 57840,  0.413,  0.019,  0.927,  0.336,  0.215,  0.088
 57900,  0.408,  0.072,  0.884,  0.389,  0.221,  0.097
 57960,  0.440,  0.044,  0.898,  0.314,  0.270,  0.073
 58020,  0.567,  0.056,  0.985,  0.229,  0.261,  0.118
 58080,  0.402,  0.045,  0.785,  0.337,  0.212,  0.007
 58140,  0.449,  0.052,  0.819,  0.272,  0.311,  0.085
 58200,  0.639,  0.016,  0.940,  0.287,  0.210,  0.063
 58260,  0.496,  0.072,  1.066,  0.313,  0.287,  0.106
 58320,  0.567,  0.083,  0.986,  0.247,  0.317,  0.053
 58380,  0.598,  0.011,  1.168,  0.245,  0.235,  0.070
 58440,  0.554,  0.112,  1.373,  0.328,  0.281,  0.087
 58500,  0.654,  0.164,  1.117,  0.275,  0.284,  0.022
 58560,  0.611,  0.081,  1.177,  0.272,  0.220,  0.062
 58620,  0.571,  0.047,  1.356,  0.196,  0.237,  0.339
 58680,  0.618, -0.004,  1.203,  0.282,  0.250,  0.183
 58740,  0.786,  0.147,  1.075,  0.243,  0.295,  0.059
 58800,  0.716,  0.123,  1.151,  0.309,  0.238,  0.096
 58860,  0.606,  0.080,  0.990,  0.254,  0.174,  0.060
 58920,  0.685,  0.176,  1.000,  0.307,  0.267,  0.009
 58980,  0.787,  0.037,  1.118,  0.259,  0.235,  0.046
 59040,  0.563,  0.083,  1.266,  0.186,  0.302, -0.053
 59100,  0.781,  0.176,  1.053,  0.199,  0.252,  0.054
 59160,  0.631,  0.195,  0.905,  0.189,  0.221, -0.023
 59220, -9999.000, -9999.000, -9999.000, -9999.000, -9999.000, -9999.000
 59280,  0.463,  0.142,  1.129,  0.180,  0.214,  0.052
 59340,  0.691,  0.092,  1.093,  0.267,  0.208,  0.023
 59400,  0.672,  0.176,  0.999,  0.190,  0.313,  0.045
 59460,  0.651,  0.071,  1.115,  0.223,  0.303, -0.033
 59520,  0.634,  0.135,  1.054,  0.175,  0.295,  0.050
 59580,  0.746,  0.182,  1.177,  0.205,  0.328,  0.002
 59640,  0.676,  0.143,  1.212,  0.191,  0.390,  0.015
 59700,  0.824,  0.182,  1.214,  0.252,  0.345, -0.019
 59760,  0.699,  0.077,  1.052,  0.253,  0.266, -0.010
 59820,  0.655,  0.187,  1.041,  0.240,  0.224,  0.006
 59880,  0.706,  0.164,  1.213,  0.208,  0.216,  0.118
 59940,  0.656,  0.136,  1.352,  0.227,  0.274,  0.266
 60000,  0.841,  0.175,  1.245,  0.251,  0.292,  0.267
 60060,  0.660,  0.122,  1.073,  0.249,  0.252, -0.027
 60120,  0.703,  0.313,  1.279,  0.251,  0.334, -0.018
 60180,  0.825,  0.204,  1.118,  0.200,  0.349,  0.021
 60240,  0.758,  0.143,  1.224,  0.241,  0.272, -0.011
 60300,  0.654,  0.242,  1.138,  0.196,  0.292,  0.052
 60360,  0.749,  0.197,  1.274,  0.221,  0.359,  0.067
 60420,  0.775,  0.026,  1.423,  0.264,  0.270, -0.058
 60480,  0.846,  0.100,  1.307,  0.196,  0.339, -0.058
 60540,  0.685,  0.183,  1.318,  0.247,  0.314, -0.022
 60600,  0.723,  0.148,  1.416,  0.276,  0.345,  0.109
 60660,  0.685,  0.204,  1.446,  0.223,  0.324,  0.085
 60720,  0.825,  0.239,  1.312,  0.206,  0.267,  0.039
 60780,  0.704,  0.239,  1.325,  0.178,  0.299,  0.004
 60840,  0.823,  0.131,  1.359,  0.205,  0.325,  0.013
 60900,  0.587,  0.234,  1.250,  0.235,  0.302, -0.082
 60960,  0.769,  0.192,  1.270,  0.204,  0.265,  0.013
 61020,  0.786,  0.185,  1.345,  0.243,  0.236,  0.042
 61080, -9999.000, -9999.000, -9999.000, -9999.000, -9999.000, -9999.000
 61140,  0.590,  0.146,  1.123,  0.224,  0.265, -0.026
 61200,  0.701,  0.229,  1.213,  0.195,  0.385,  0.013
 61260,  0.712,  0.231,  1.237,  0.191,  0.318, -0.038
 61320,  0.656,  0.186,  1.333,  0.194,  0.323,  0.097
 61380,  0.924,  0.218,  1.223,  0.195,  0.316,  0.042
 61440,  0.766,  0.129,  1.098,  0.235,  0.289, -0.016
 61500,  0.740,  0.317,  1.140,  0.242,  0.299,  0.086
 61560,  0.698,  0.120,  1.348,  0.182,  0.231, -0.028
 61620,  0.742,  0.206,  1.122,  0.209,  0.283,  0.110
 61680,  0.731,  0.147,  1.165,  0.199,  0.255,  0.042
 61740,  0.817,  0.275,  1.214,  0.258,  0.289,  0.020
 61800,  0.496,  0.141,  1.423,  0.172,  0.237,  0.094
 61860,  0.784,  0.230,  1.313,  0.271,  0.318,  0.046
 61920,  0.757,  0.239,  1.363,  0.274,  0.242,  0.081
 61980,  0.867,  0.230,  1.588,  0.241,  0.298,  0.005
 62040,  0.800,  0.096,  1.624,  0.202,  0.291,  0.118
 62100,  0.686,  0.210,  1.456,  0.202,  0.296,  0.467
 62160,  0.739,  0.240,  1.541,  0.221,  0.384,  0.643
 62220,  0.846,  0.166,  1.319,  0.228,  0.293,  0.184
 62280,  0.984,  0.226,  1.209,  0.204,  0.280,  0.040
 62340,  0.750,  0.208,  1.385,  0.216,  0.259,  0.145
 62400,  0.795,  0.273,  1.114,  0.162,  0.358,  0.142
 62460,  0.903,  0.256,  1.230,  0.224,  0.344,  0.137
 62520,  0.769,  0.306,  1.292,  0.215,  0.298,  0.128
 62580,  0.929,  0.274,  1.408,  0.224,  0.276,  0.065
 62640,  0.742,  0.161,  1.209,  0.199,  0.236,  0.077
 62700,  0.636,  0.251,  1.354,  0.237,  0.351,  0.083
 62760,  0.806,  0.195,  1.204,  0.235,  0.288,  0.121
 62820,  0.804,  0.221,  1.325,  0.328,  0.245,  0.149
 62880,  0.961,  0.153,  1.102,  0.204,  0.320,  0.039
 62940, -9999.000, -9999.000, -9999.000, -9999.000, -9999.000, -9999.000
 63000,  0.837,  0.182,  1.171,  0.190,  0.264,  0.078
 63060,  0.853,  0.167,  1.241,  0.209,  0.216,  0.101
 63120,  0.902,  0.287,  1.106,  0.223,  0.231,  0.158
 63180,  0.911,  0.177,  1.289,  0.201,  0.254,  0.159
 63240,  0.856,  0.233,  1.286,  0.192,  0.232,  0.068
 63300,  0.792,  0.152,  1.206,  0.224,  0.240,  0.063
 63360,  0.656,  0.222,  1.125,  0.193,  0.196,  0.072
 63420,  0.712,  0.108,  0.954,  0.199,  0.159,  0.040
 63480,  0.854,  0.192,  1.211,  0.210,  0.250,  0.144
 63540,  0.796,  0.230,  1.405,  0.271,  0.257,  0.120
 63600,  0.667,  0.268,  1.158,  0.191,  0.274,  0.107
 63660,  0.569,  0.127,  1.094,  0.148,  0.231,  0.115
 63720,  0.758,  0.252,  1.169,  0.222,  0.280,  0.118
 63780,  0.865,  0.128,  1.237,  0.174,  0.212,  0.110
 63840,  0.814,  0.261,  1.311,  0.239,  0.228,  0.088
 63900,  0.688,  0.085,  1.158,  0.221,  0.189,  0.108
 63960,  0.767,  0.132,  1.473,  0.127,  0.290,  0.071
 64020,  0.911,  0.356,  1.461,  0.209,  0.233,  0.121
 64080,  0.769,  0.309,  1.229,  0.236,  0.271,  0.081
 64140,  0.800,  0.302,  1.521,  0.193,  0.237,  0.205
 64200,  0.733,  0.247,  1.265,  0.175,  0.225,  0.104
 64260,  0.830,  0.267,  1.391,  0.237,  0.233,  0.079
 64320,  0.751,  0.134,  1.314,  0.200,  0.226,  0.174
 64380,  0.916,  0.236,  1.308,  0.250,  0.230,  0.137
 64440,  0.753,  0.264,  1.186,  0.227,  0.272,  0.117
 64500,  0.752,  0.168,  1.087,  0.224,  0.251,  0.165
 64560,  0.699,  0.218,  1.224,  0.208,  0.241,  0.164
 64620,  0.838,  0.199,  1.172,  0.245,  0.287,  0.101
 64680,  0.717,  0.190,  1.184,  0.179,  0.250,  0.111
 64740,  0.852,  0.093,  1.039,  0.181,  0.343,  0.120
 64800,  0.558,  0.410,  1.516,  0.173,  0.309,  0.220
 64860,  0.614,  0.199,  1.491,  0.167,  0.266,  0.113
 64920,  0.702,  0.049,  1.455,  0.234,  0.304,  0.153
 64980,  0.815,  0.397,  1.461,  0.257,  0.368,  0.113
 65040,  0.721,  0.117,  1.475,  0.262,  0.323,  0.151
 65100,  0.823,  0.224,  1.831,  0.237,  0.307,  0.200
 65160,  0.525,  0.172,  1.599,  0.276,  0.269,  0.049
 65220,  0.966,  0.163,  1.639,  0.245,  0.308,  0.117
 65280,  0.759,  0.242,  1.476,  0.123,  0.288,  0.088
 65340,  0.735,  0.196,  1.494,  0.226,  0.331,  0.201
 65400,  0.782,  0.201,  1.692,  0.206,  0.308,  0.118
 65460,  0.706,  0.187,  1.592,  0.254,  0.342,  0.115
 65520,  0.862,  0.337,  1.431,  0.213,  0.306,  0.183
 65580,  0.872,  0.254,  1.515,  0.206,  0.253,  0.101
 65640,  0.782,  0.084,  1.628,  0.272,  0.286,  0.130
 65700,  0.822,  0.169,  1.775,  0.223,  0.352,  0.134
 65760,  0.800,  0.038,  1.807,  0.238,  0.347,  0.131
 65820,  1.006,  0.179,  1.366,  0.241,  0.256,  0.061
 65880,  0.773,  0.087,  1.520,  0.221,  0.272,  0.030
 65940,  0.853,  0.225,  1.458,  0.203,  0.275,  0.130
 66000,  0.666,  0.184,  1.474,  0.238,  0.390,  0.128
 66060,  0.777,  0.225,  1.558,  0.183,  0.352,  0.087
 66120,  0.776,  0.193,  1.741,  0.212,  0.351,  0.126
 66180,  0.808,  0.201,  1.782,  0.182,  0.322,  0.096
 66240,  0.745,  0.278,  1.816,  0.228,  0.410,  0.106
 66300,  0.933,  0.145,  1.760,  0.253,  0.392,  0.176
 66360,  0.630,  0.135,  1.621,  0.267,  0.393,  0.148
 66420,  0.837,  0.156,  1.826,  0.242,  0.411,  0.111
 66480,  0.700,  0.117,  1.762,  0.242,  0.393,  0.162
 66540,  0.907,  0.210,  1.727,  0.243,  0.344,  0.117
 66600, -9999.000, -9999.000, -9999.000, -9999.000, -9999.000, -9999.000
 66660,  0.665,  0.250,  1.953,  0.176,  0.520,  0.033
 66720,  0.836,  0.137,  1.739,  0.132,  0.246,  0.101
 66780,  0.836,  0.182,  1.444,  0.191,  0.341,  0.128
 66840,  0.868,  0.272,  1.734,  0.243,  0.373,  0.130
 66900,  0.760,  0.181,  1.889,  0.171,  0.411,  0.156
 66960,  0.786,  0.222,  1.657,  0.211,  0.328,  0.074
 67020,  0.869,  0.189,  1.581,  0.198,  0.438,  0.178
 67080,  0.794,  0.162,  1.619,  0.217,  0.472,  0.101
 67140,  0.726,  0.328,  1.792,  0.209,  0.355,  0.091
 67200,  0.745,  0.186,  1.889,  0.153,  0.412,  0.073
 67260,  0.854,  0.165,  1.775,  0.194,  0.434,  0.084
 67320,  0.903,  0.117,  1.788,  0.173,  0.357,  0.201
 67380,  0.905,  0.200,  1.876,  0.239,  0.363,  0.081
 67440,  0.881,  0.249,  1.853,  0.154,  0.406,  0.064
 67500,  0.937,  0.349,  1.776,  0.236,  0.356,  0.126
 67560,  0.801,  0.239,  1.822,  0.176,  0.448,  0.054
 67620,  0.817,  0.170,  2.187,  0.302,  0.434,  0.137
 67680,  0.831,  0.294,  1.903,  0.217,  0.426,  0.078
 67740,  0.919,  0.205,  1.939,  0.214,  0.416,  0.085
 67800,  0.895,  0.255,  1.927,  0.218,  0.452,  0.051
 67860,  0.894,  0.448,  1.728,  0.237,  0.410,  0.120
 67920,  0.842,  0.433,  1.737,  0.166,  0.396,  0.080
 67980,  0.958,  0.233,  2.538,  0.180,  0.419,  0.160
 68040,  0.810,  0.339,  2.238,  0.202,  0.385,  0.076
