CampaignData_and_Merges/R0/CSL_MobileLab_Parked/raw/20240731/USOS-NOAAIodideCIMS-HCOOH_MobileLabGround_20240731_RA.ict
33, 1001
Michael A Robinson, Chris Jernigan, Subi Thakali
NOAA ESRL Chemical Sciences Laboratory and CIRES, U. of Colorado
NOAA Iodide CIMS Instrument
USOS
1, 1
2024, 07, 31, 2024, 08, 01
1
starttime_UTC, seconds_past_midnight, seconds_of_day_since_00:00:00_UTC
1
1
-9999
HCOOH_NOAACIMS, pptv, Gas_HCOOH_InSitu_S_AVMR, 
0
18
PI_CONTACT_INFO: 325 Broadway, R/CSD 7, Boulder, Colorado 80305; michael.a.robinson@noaa.gov; chris.jernigan@noaa.gov;
PLATFORM: NOAA CSL Mobile Lab
LOCATION: SLC, Utah
ASSOCIATED_DATA: 1Hz data also available on request.
INSTRUMENT_INFO: NOAA I- ToF CIMS
DATA_INFO: All data in parts per trillion by volume (pptv). 1 Hz data is available upon request.
UNCERTAINTY: TBD
ULOD_FLAG: -7777
ULOD_VALUE: N/A
LLOD_FLAG: -8888
LLOD_VALUE: N/A
DM_CONTACT_INFO: Nathan Howard; nathan.h.howard@noaa.gov
PROJECT_INFO: USOS, summer 2024. https://csl.noaa.gov/groups/csl7/measurements/2024usos/
STIPULATIONS_ON_USE: Users are strongly encouraged to contact the PI for proper data usage.
OTHER_COMMENTS: 
REVISION: RA
RA: Preliminary Data; For in-field use only
starttime_UTC, HCOOH_NOAACIMS
[from data line 941]
 56460, 2182.215
 56520, 2331.734
 56580, 2386.398
 56640, 2267.955
 56700, 2292.631
 56760, 2268.959
 56820, 2287.746
 56880, 2300.129
 56940, 2304.118
 57000, 2286.999
 57060, 2203.862
 57120, 2238.113
 57180, 2237.036
 57240, 2251.452
 57300, 2329.502
 57360, 2387.846
 57420, 2203.639
 57480, 2349.319
 57540, 2356.025
 57600, 2267.764
 57660, 2241.145
 57720, 2261.046
 57780, 2207.038
 57840, 2290.556
 57900, 2285.967
 57960, 2276.454
 58020, 2228.437
 58080, 2117.214
 58140, 2197.782
 58200, 2301.592
 58260, 2371.226
 58320, 2152.795
 58380, 2174.724
 58440, 2284.576
 58500, 2225.996
 58560, 2179.183
 58620, 2243.002
 58680, 2193.073
 58740, 2193.958
 58800, 2120.724
 58860, 2002.257
 58920, 2062.525
 58980, 2026.512
 59040, 2087.909
 59100, 2030.121
 59160, 2008.034
 59220, -9999.000
 59280, 2045.395
 59340, 1950.631
 59400, 2023.125
 59460, 2010.554
 59520, 2017.155
 59580, 2071.247
 59640, 2038.081
 59700, 2082.347
 59760, 2082.344
 59820, 1961.107
 59880, 2064.317
 59940, 2185.345
 60000, 2215.854
 60060, 2211.577
 60120, 2119.386
 60180, 2105.477
 60240, 2094.901
 60300, 2123.022
 60360, 2095.123
 60420, 2180.793
 60480, 2165.546
 60540, 2277.821
 60600, 2327.255
 60660, 2305.607
 60720, 2133.781
 60780, 2179.468
 60840, 2147.903
 60900, 2157.515
 60960, 2147.711
 61020, 2018.896
 61080, -9999.000
 61140, 2112.957
 61200, 2194.042
 61260, 2297.893
 61320, 2254.675
 61380, 2185.327
 61440, 2179.157
 61500, 2162.804
 61560, 2188.453
 61620, 2159.821
 61680, 2270.354
 61740, 2278.498
 61800, 2276.131
 61860, 2308.351
 61920, 2333.012
 61980, 2389.432
 62040, 2492.271
 62100, 2386.280
 62160, 2331.662
 62220, 2313.903
 62280, 2262.235
 62340, 2359.700
 62400, 2274.712
 62460, 2255.965
 62520, 2312.149
 62580, 2191.052
 62640, 2254.757
 62700, 2362.739
 62760, 2336.649
 62820, 2371.770
 62880, 2276.897
 62940, -9999.000
 63000, 2276.614
 63060, 2369.141
 63120, 2370.223
 63180, 2352.738
 63240, 2333.755
 63300, 2304.585
 63360, 2307.924
 63420, 2312.538
 63480, 2366.615
 63540, 2423.587
 63600, 2399.212
 63660, 2372.380
 63720, 2419.950
 63780, 2365.457
 63840, 2405.406
 63900, 2445.922
 63960, 2473.775
 64020, 2485.337
 64080, 2419.130
 64140, 2532.134
 64200, 2399.123
 64260, 2433.051
 64320, 2446.152
 64380, 2410.606
 64440, 2378.557
 64500, 2369.141
 64560, 2337.107
 64620, 2309.519
 64680, 2427.157
 64740, 2378.225
 64800, 2490.073
 64860, 2577.311
 64920, 2601.606
 64980, 2552.376
 65040, 2582.855
 65100, 2659.774
 65160, 2658.216
 65220, 2521.496
 65280, 2455.305
 65340, 2402.351
 65400, 2595.639
 65460, 2617.387
 65520, 2524.935
 65580, 2494.026
 65640, 2446.129
 65700, 2437.448
 65760, 2532.392
 65820, 2391.694
 65880, 2386.614
 65940, 2318.983
 66000, 2420.388
 66060, 2486.431
 66120, 2552.985
 66180, 2586.720
 66240, 2657.473
 66300, 2651.770
 66360, 2617.115
 66420, 2742.287
 66480, 2703.662
 66540, 2598.832
 66600, -9999.000
 66660, 2676.294
 66720, 2460.186
 66780, 2387.149
 66840, 2418.167
 66900, 2394.743
 66960, 2370.512
 67020, 2352.852
 67080, 2324.882
 67140, 2414.360
 67200, 2546.378
 67260, 2598.389
 67320, 2572.290
 67380, 2665.312
 67440, 2764.477
 67500, 2557.559
 67560, 2710.085
 67620, 2651.061
 67680, 2549.133
 67740, 2684.997
 67800, 2621.698
 67860, 2562.438
 67920, 2508.731
 67980, 2510.539
 68040, 2542.446
 68100, 2541.353
 68160, 2524.196
 68220, 2517.183
 68280, 2613.145
 68340, 2653.437
 68400, 2457.901
 68460, -9999.000
 68520, 2539.076
 68580, 2652.798
 68640, 2390.581
 68700, 2479.446
 68760, 2525.285
 68820, 2571.095
 68880, 2551.276
 68940, 2444.807
 69000, 2493.908
 69060, 2421.250
 69120, 2310.954
 69180, 2328.608
 69240, 2221.885
 69300, 2365.724
 69360, 2309.374
 69420, 2368.787
 69480, 2369.114
 69540, 2504.846
 69600, 2191.189
 69660, 2263.974
 69720, 2338.424
 69780, 2262.681
 69840, 2252.014
 69900, 2209.073
 69960, 2321.436
 70020, 2304.300
 70080, 2303.896
 70140, 2263.312
 70200, 2405.489
 70260, 2302.693
 70320, -9999.000
 70380, 2527.389
 70440, 2400.943
 70500, 2431.567
 70560, 2309.955
 70620, 2442.270
 70680, 2602.718
 70740, 2430.250
 70800, 2415.289
 70860, 2717.661
 70920, 2485.343
 70980, 2406.914
 71040, 2395.731
 71100, 2424.647
 71160, 2964.020
 71220, 2527.951
 71280, 2489.348
 71340, 2499.710
 71400, 2388.454
 71460, 2435.822
 71520, 2687.881
 71580, 2673.110
 71640, 2544.775
 71700, 2517.895
 71760, 2593.549
 71820, 2391.744
 71880, 2493.147
 71940, 2430.311
 72000, 2508.628
 72060, 2424.096
 72120, 2612.802
 72180, 2480.026
 72240, 2346.219
 72300, 2397.726
 72360, 2312.521
 72420, 2417.446
 72480, 2394.454
 72540, 2435.105
 72600, 2532.327
 72660, 2442.858
 72720, 2415.047
 72780, 2496.977
 72840, 2462.386
 72900, 2328.983
 72960, 2523.361
 73020, 2650.294
 73080, 2560.806
 73140, 2673.741
 73200, 2477.556
 73260, 2339.765
 73320, 2272.346
 73380, 2422.122
 73440, 2392.397
 73500, 2471.701
 73560, 2594.656
 73620, 2478.344
 73680, 2405.963
 73740, 2272.971
 73800, 2361.157
 73860, 2479.873
 73920, 2331.527
 73980, 2245.564
 74040, 2392.408
 74100, 2479.381
 74160, 2400.169
 74220, 2360.562
 74280, 2335.751
 74340, 2405.463
 74400, 2369.300
 74460, 2565.171
 74520, 2427.236
 74580, 2344.330
 74640, 2401.880
 74700, 2377.151
 74760, 2311.563
 74820, 2316.818
 74880, 2375.523
 74940, 2301.807
 75000, 2433.473
 75060, 2373.597
 75120, 2356.801
 75180, 2372.792
 75240, 2311.000
 75300, 2291.318
 75360, 2290.712
 75420, 2323.296
 75480, 2385.049
 75540, 2325.245
 75600, 2331.965
 75660, 2420.755
 75720, 2397.367
 75780, 2395.581
 75840, 2559.750
 75900, 2241.529
 75960, 2212.785
 76020, 2263.164
 76080, 2252.291
 76140, 2282.179
 76200, 2343.739
 76260, 2416.167
 76320, 2383.525
 76380, 2336.949
 76440, 2193.756
 76500, 2285.780
 76560, 2304.707
 76620, 2292.602
 76680, 2360.317
 76740, 2312.466
 76800, 2282.003
 76860, 2241.135
 76920, 2226.979
 76980, 2214.756
 77040, 2176.097
 77100, 2322.532
 77160, 2263.476
 77220, 2198.836
 77280, 2252.175
 77340, 2434.849
 77400, 2457.792
 77460, 2286.057
 77520, 2340.949
 77580, 2345.832
 77640, 2396.044
 77700, -9999.000
 77760, 2381.149
 77820, 2209.472
 77880, 2190.165
 77940, 2256.049
 78000, 2254.988
 78060, 2227.031
 78120, 2323.393
 78180, 2288.944
 78240, 2192.452
 78300, 2156.556
 78360, 2172.363
 78420, 2267.646
 78480, 2271.509
 78540, 2289.733
 78600, 2231.303
 78660, 2225.066
 78720, 2192.236
 78780, 2133.983
 78840, 2084.038
 78900, 2084.313
 78960, 2157.601
 79020, 2086.980
 79080, 2220.345
 79140, 2076.037
 79200, 2118.177
 79260, 2095.610
 79320, 2072.058
 79380, 2062.190
 79440, 2043.417
 79500, 2093.279
 79560, -9999.000
 79620, 2101.012
 79680, 2001.386
 79740, 2029.423
 79800, 2000.068
 79860, 2069.622
 79920, 2009.117
 79980, 2175.977
 80040, 2188.032
 80100, 1977.540
 80160, 2046.555
 80220, 2181.007
 80280, 2039.853
 80340, 2058.937
 80400, 2049.010
 80460, 1947.473
 80520, 1999.689
 80580, 1869.381
 80640, 1944.658
 80700, 2080.338
 80760, 2065.115
 80820, 2050.632
 80880, 2129.814
 80940, 2002.530
 81000, 1991.870
 81060, 2088.106
 81120, 2029.038
 81180, 1984.234
 81240, 2128.576
 81300, 2012.968
 81360, 2002.266
 81420, -9999.000
 81480, 2009.463
 81540, 1972.531
 81600, 2012.334
 81660, 2100.574
 81720, 2090.991
 81780, 2058.018
 81840, 2011.808
 81900, 2000.273
 81960, 2000.238
 82020, 1972.034
 82080, 1948.386
 82140, 1930.735
 82200, 2056.242
 82260, 1964.404
 82320, 1973.720
 82380, 2013.841
 82440, 1991.354
 82500, 2110.814
 82560, 2096.084
 82620, 1977.940
 82680, 2060.071
 82740, 2019.768
 82800, 1906.081
 82860, 1997.028
 82920, 2026.489
 82980, 2026.679
 83040, 2039.010
 83100, 2089.214
 83160, 2009.620
 83220, 2047.989
 83280, 2035.967
 83340, 1993.815
 83400, 1951.903
 83460, 2029.880
 83520, 2125.016
 83580, 2064.499
 83640, 1952.894
 83700, 1962.163
 83760, 1939.001
 83820, 2040.766
 83880, 2072.901
 83940, 2042.110
 84000, 1980.280
 84060, 1976.983
 84120, 1948.609
 84180, 2051.935
 84240, 1942.553
 84300, 1984.343
 84360, 1974.462
 84420, 1977.025
 84480, 1932.593
 84540, 1951.346
 84600, 1896.070
 84660, 2006.369
 84720, 2028.007
 84780, 2070.737
 84840, 2015.118
 84900, 1983.494
 84960, 2100.985
 85020, 2131.139
 85080, -9999.000
 85140, 1926.774
 85200, 2066.591
 85260, 1992.179
 85320, 1997.454
 85380, 1983.438
 85440, 1999.502
 85500, 2001.072
 85560, 1988.235
 85620, 2028.499
 85680, 1959.770
 85740, 2020.692
 85800, 1995.477
 85860, 1984.968
 85920, 2018.515
 85980, 1992.883
 86040, 2034.003
 86100, 1988.071
 86160, 2024.863
 86220, 2042.242
 86280, 2025.996
 86340, 1978.460
