CampaignData_and_Merges/R0/CSL_MobileLab_Parked/raw/20240731/USOS-HCHO_MobileLabGround_20240731_R0.ict
35,1001
Huang, Yaoxian
Wayne State University
Picarro G2307 on CSL Mobile Lab
USOS
1,1
2024,07,31,2024,08,01
1.0
Time_Start,seconds_since_midnight,number_of_seconds_since_0000_UTC
3
1.0,1.0,1.0
-9999.0,-9999.0,-9999.0
HCHO,ppbv,Gas_HCHO_InSitu_S_AVMR,volume mixing ratio of formaldehyde in air
H2O,ppmv,Gas_H2O_InSitu_S_AVMR,volume mixing ratio of water vapor in air
CH4,ppmv,Gas_CH4_InSitu_S_AVMR,volume mixing ratio of methane in air
0
18
PI_CONTACT_INFO: yaoxian.huang@wayne.edu
PLATFORM: CSL Mobile Lab, at Ground Site
LOCATION: Salt Lake City, UT
ASSOCIATED_DATA: N/A
INSTRUMENT_INFO: Cavity Ring-Down Spectrometer
DATA_INFO: Data is averaged to 1 minute intervals for stationary and 1 second interval for driving. Stationary data collected from a 20 ft tower on top of the mobile lab.
UNCERTAINTY: N/A
ULOD_FLAG: -7777
ULOD_VALUE: N/A
LLOD_FLAG: -8888
LLOD_VALUE: N/A
DM_CONTACT_INFO: Yaoxian Huang; yaoxian.huang@wayne.edu
PROJECT_INFO: USOS, Summer 2024. https://csl.noaa.gov/groups/csl7/measurements/2024usos/
STIPULATIONS_ON_USE: Users are strongly encouraged to contact the PI for proper data usage.
OTHER_COMMENTS: Data have been shifted backwards by 1 minute to align with USOS MetNav and Picarro GHG data.
REVISION: R0
R0: Final Data
Time_Start,HCHO,H2O,CH4
[from data line 545]
32700,2.66604,10538.0,2.0313
32760,2.63482,11334.1,2.10254
32820,2.91079,11824.6,2.14989
32880,2.85109,12078.0,2.16366
32940,2.90704,12509.8,2.19218
33000,2.86322,12223.6,2.17461
33060,2.63268,11081.3,2.08615
33120,2.44336,10792.9,2.06733
33180,2.60995,10686.3,2.05764
33240,2.96946,11689.0,2.14232
33300,2.6491,10772.0,2.07197
33360,2.56589,10006.5,2.00928
33420,2.31593,9627.7,1.97849
33480,2.23921,9452.27,1.96898
33540,2.07921,9504.54,1.97071
33600,2.75343,10833.6,2.09815
33660,2.31566,9944.51,2.01623
33720,2.45583,10056.8,2.02501
33780,2.30264,9968.37,2.02194
33840,2.53733,10222.9,2.03834
33900,2.53768,10284.7,2.04341
33960,2.43713,9643.47,1.99383
34020,2.45963,9738.87,1.99435
34080,2.29205,9867.68,2.00843
34140,2.35914,9574.14,1.98262
34200,2.33722,9753.42,1.99826
34260,2.22908,9891.59,2.01132
34320,2.15699,9604.67,1.99054
34380,2.65961,9842.4,2.0134
34440,2.31264,9891.27,2.01616
34500,2.42569,9882.73,2.01042
34560,2.53719,10507.3,2.07499
34620,2.77733,11693.8,2.23427
34680,2.89721,11707.1,2.24374
34740,2.78984,11470.3,2.20998
34800,2.66212,11198.2,2.17476
34860,2.13299,10023.3,2.02447
34920,2.58125,10957.0,2.14864
34980,2.73681,10993.9,2.15137
35040,2.5135,10855.5,2.13294
35100,2.45606,10051.2,2.03225
35160,2.17311,10092.7,2.02573
35220,2.47068,10117.6,2.02491
35280,2.40691,10074.1,2.02147
35340,2.13206,9681.92,1.98252
35400,2.11801,9569.83,1.9725
35460,2.16123,9501.81,1.96302
35520,2.20254,9547.42,1.96458
35580,2.23623,9626.04,1.9677
35640,2.15741,9517.93,1.96297
35700,2.37175,9569.85,1.96479
35760,2.39573,9560.04,1.96362
35820,2.14163,9578.13,1.96216
35880,2.24469,9604.26,1.96518
35940,2.27709,9656.28,1.96352
36000,2.0854,9431.53,1.95259
36060,2.19975,9504.37,1.95326
36120,2.11877,9399.92,1.95259
36180,2.21507,9414.42,1.95209
36240,2.15712,9355.4,1.95038
36300,2.39447,9370.52,1.95279
36360,2.07724,9394.9,1.95166
36420,2.20917,9401.79,1.95103
36480,2.48433,9559.88,1.9633
36540,2.38448,10374.2,2.05203
36600,2.75827,10678.7,2.0823
36660,2.76695,11219.7,2.14447
36720,2.90672,11692.9,2.19598
36780,2.74391,10727.1,2.11002
36840,2.75302,11595.8,2.25288
36900,2.97342,12617.4,2.46148
36960,3.28574,12772.0,2.44198
37020,3.02204,12800.1,2.45762
37080,2.97947,12749.2,2.46488
37140,3.06544,12701.8,2.45682
37200,3.41676,12713.1,2.42654
37260,3.02344,12625.8,2.39492
37320,3.10217,12610.7,2.3932
37380,3.26968,12598.6,2.44951
37440,3.11866,12653.2,2.45925
37500,3.07163,12682.7,2.44404
37560,3.16001,12523.4,2.50718
37620,3.28036,12556.4,2.49342
37680,3.16378,12535.3,2.4778
37740,3.14242,12553.6,2.46903
37800,3.20827,12620.5,2.47048
37860,3.28821,12614.1,2.4605
37920,3.06562,12574.1,2.44606
37980,3.25794,12407.4,2.3846
38040,3.32368,12110.4,2.31247
38100,3.35445,12126.9,2.31349
38160,3.32446,12170.7,2.30974
38220,2.89683,12305.2,2.32481
38280,3.20382,12325.5,2.33048
38340,3.13522,12074.0,2.29896
38400,3.21705,11966.2,2.28494
38460,3.06139,11867.6,2.27319
38520,3.05556,11838.3,2.27585
38580,3.09725,11973.8,2.28279
38640,3.09446,12013.8,2.27622
38700,2.94051,11988.7,2.27339
38760,3.18641,11978.0,2.28937
38820,3.17934,11828.9,2.27469
38880,3.28756,11858.3,2.28241
38940,3.12273,11925.3,2.29483
39000,3.21809,11962.4,2.30005
39060,3.11632,12020.6,2.32747
39120,3.25236,11992.9,2.33446
39180,3.22262,12062.1,2.31508
39240,3.15445,12011.4,2.3173
39300,3.10715,12034.4,2.31667
39360,3.27074,12088.7,2.30986
39420,3.21309,12226.7,2.32113
39480,3.38045,12259.5,2.31815
39540,3.56669,12265.1,2.32662
39600,3.41972,12165.1,2.32596
39660,3.19891,12189.2,2.32003
39720,3.32577,12203.1,2.32297
39780,3.60585,12181.0,2.31916
39840,3.34858,12221.6,2.31389
39900,3.17175,12194.1,2.32089
39960,3.37754,12258.5,2.31761
40020,3.42617,12245.2,2.3163
40080,3.3501,12188.4,2.31021
40140,3.06119,12311.6,2.31316
40200,3.13392,12163.5,2.31751
40260,3.36359,12045.3,2.31014
40320,3.50667,12287.8,2.30337
40380,3.28729,12155.9,2.30305
40440,3.36441,12323.5,2.31011
40500,3.12881,12343.4,2.30583
40560,3.39207,12253.1,2.31484
40620,3.36124,12219.9,2.30515
40680,3.42738,12256.7,2.30502
40740,3.70284,12307.7,2.30565
40800,3.37018,12286.1,2.30918
40860,3.41665,12321.9,2.33785
40920,3.80334,12364.0,2.36755
40980,3.47223,12329.9,2.3647
41040,3.45082,12387.6,2.36537
41100,3.26783,12455.5,2.37467
41160,3.57485,12538.6,2.36703
41220,3.72713,12450.5,2.36499
41280,3.3268,12419.0,2.36457
41340,3.31534,12429.0,2.36345
41400,3.37301,12479.0,2.367
41460,3.5392,12543.8,2.36737
41520,3.66227,12510.0,2.36777
41580,3.42098,12515.3,2.36605
41640,3.66305,12429.4,2.36232
41700,3.48244,12548.1,2.38151
41760,3.54033,12539.7,2.38723
41820,3.42363,12512.8,2.38749
41880,3.34311,12493.9,2.38004
41940,3.42267,12543.0,2.383
42000,3.43495,12570.7,2.36963
42060,3.45387,12630.1,2.38657
42120,3.29244,12653.7,2.38989
42180,3.6325,12719.1,2.38352
42240,3.34252,12607.4,2.36879
42300,3.44007,12611.6,2.35271
42360,3.37143,12554.1,2.33434
42420,3.43833,12522.5,2.32683
42480,3.28331,12419.5,2.30775
42540,3.4328,12561.8,2.32886
42600,3.40106,12574.7,2.33626
42660,3.57848,12633.6,2.35098
42720,3.52009,12782.7,2.38214
42780,3.5597,12876.8,2.37511
42840,3.67273,12822.1,2.33749
42900,3.75259,12674.5,2.31726
42960,3.48522,12773.8,2.35799
43020,3.62995,13012.7,2.36475
43080,3.70296,12992.3,2.37945
43140,3.6606,12802.4,2.3495
43200,3.96128,12815.6,2.34538
43260,3.89091,12788.3,2.34832
43320,3.78676,12819.0,2.34326
43380,3.56682,12769.5,2.34876
43440,3.74443,12815.5,2.32892
43500,3.54651,12792.3,2.30474
43560,3.46108,12650.2,2.28926
43620,3.3549,12576.5,2.28143
43680,3.44952,12749.2,2.29616
43740,3.41659,12766.4,2.30332
43800,3.40938,12767.9,2.30306
43860,3.62724,12843.5,2.32101
43920,3.49262,12915.6,2.32249
43980,3.45742,12847.6,2.3025
44040,3.55635,12897.7,2.29531
44100,3.7016,12941.8,2.32446
44160,3.54762,12899.9,2.30682
44220,3.52034,12865.7,2.2954
44280,3.56168,12905.9,2.29201
44340,3.65279,13056.4,2.30173
44400,3.52651,12929.3,2.28642
44460,3.52875,12785.7,2.27498
44520,3.6222,12747.2,2.27464
44580,3.72152,12722.3,2.27518
44640,3.40363,12777.1,2.29001
44700,3.30718,12828.8,2.28951
44760,3.46725,12995.8,2.28547
44820,3.48084,12934.5,2.2769
44880,3.48368,12950.9,2.26523
44940,3.58664,12967.1,2.26901
45000,3.57012,12875.2,2.26806
45060,3.45752,12964.8,2.2697
45120,3.5944,13038.3,2.27275
45180,3.63896,13061.1,2.27865
45240,3.67842,13223.0,2.28821
45300,3.66301,13162.8,2.29008
45360,4.14882,13162.0,2.29229
45420,3.75586,13133.2,2.28015
45480,3.9411,13072.4,2.26919
45540,4.06146,13055.0,2.26456
45600,3.97624,13013.2,2.26221
45660,3.57117,13065.0,2.2652
45720,3.86137,13131.2,2.26839
45780,3.77166,12914.0,2.24232
45840,3.76811,12691.2,2.21575
45900,3.4683,12641.5,2.20773
45960,3.64452,12604.7,2.20527
46020,3.80592,12645.1,2.21226
46080,3.70601,12720.1,2.22
46140,3.79759,12751.2,2.22132
46200,3.82442,12732.3,2.21925
46260,3.88149,12734.3,2.22527
46320,3.53875,12816.8,2.22047
46380,3.94543,12933.9,2.2181
46440,3.69053,12884.2,2.23194
46500,3.93468,12780.4,2.2345
46560,3.91996,12975.1,2.246
46620,3.8568,13031.7,2.24423
46680,3.87473,12983.2,2.23144
46740,4.06446,13047.1,2.25429
46800,4.26268,13209.2,2.29127
46860,3.99812,13171.9,2.26605
46920,4.15806,13204.2,2.24936
46980,3.95408,13158.9,2.26151
47040,4.03075,13211.7,2.27744
47100,4.01042,13106.4,2.31844
47160,3.99107,13196.0,2.3421
47220,4.22267,13325.6,2.31383
47280,4.09924,13243.7,2.32157
47340,4.22616,13283.8,2.30098
47400,3.97076,13424.1,2.28106
47460,4.01228,13343.9,2.27477
47520,4.03772,13430.8,2.26674
47580,4.15889,13579.6,2.29004
47640,4.07403,13583.0,2.28401
47700,4.25833,13520.4,2.2719
47760,4.01347,13330.4,2.24073
47820,4.11178,13373.3,2.2446
47880,4.29064,13497.1,2.24373
47940,3.98126,13404.7,2.23268
48000,4.32874,13746.6,2.23409
48060,4.13577,13575.2,2.23597
48120,4.22979,13286.7,2.21358
48180,3.97407,13186.8,2.21009
48240,3.93302,13114.4,2.2083
48300,4.17968,13157.6,2.19528
48360,4.40127,13353.4,2.19664
48420,4.27003,13196.3,2.20365
48480,3.99142,13107.3,2.20281
48540,3.89753,12990.8,2.19209
48600,3.74297,12768.6,2.1779
48660,3.42669,12897.6,2.16931
48720,3.67095,12647.9,2.15902
48780,3.61435,12699.3,2.15028
48840,3.72748,12594.8,2.13178
48900,3.53104,12688.8,2.13323
48960,3.40103,12627.6,2.12667
49020,3.50531,12663.0,2.12957
49080,3.7453,12752.1,2.13068
49140,3.55182,12752.7,2.13143
49200,3.69939,12712.5,2.12996
49260,3.66314,12613.5,2.12382
49320,3.72011,12543.5,2.11944
49380,3.56904,12408.4,2.11247
49440,3.43552,12402.6,2.0973
49500,3.15064,11709.0,2.05772
49560,3.40023,11752.8,2.0556
49620,3.28672,12082.2,2.06549
49680,3.64495,12324.6,2.07063
49740,3.47497,12333.5,2.08698
49800,3.35337,12297.8,2.08354
49860,3.5224,12366.8,2.07856
49920,3.50956,13048.3,2.09117
49980,3.81564,13469.9,2.12213
50040,3.80658,13386.3,2.1293
50100,3.88884,13638.5,2.12977
50160,3.81636,13447.0,2.1101
50220,4.00816,13434.0,2.11411
50280,3.75308,13564.1,2.11426
50340,4.06818,13451.9,2.10981
50400,3.85639,13470.8,2.10021
50460,3.71094,13507.3,2.09511
50520,3.70389,13954.2,2.10487
50580,3.63835,13196.8,2.08245
50640,3.50878,13304.3,2.07682
50700,3.30625,12621.6,2.05326
50760,3.29734,12610.2,2.05086
50820,3.55225,12275.5,2.04556
50880,3.36418,12439.2,2.04875
50940,3.6075,12248.7,2.04447
51000,3.52375,12071.8,2.0341
51060,3.31863,11781.8,2.02359
51120,3.50337,12482.3,2.04742
51180,3.62739,12493.4,2.04904
51240,3.74906,12564.9,2.04285
51300,3.78491,13600.7,2.07513
51360,3.81023,13171.0,2.07312
51420,3.94044,13235.2,2.07587
51480,3.88942,13054.0,2.06975
51540,3.7462,13631.5,2.08719
51600,3.80586,12998.4,2.068
51660,3.85283,13325.6,2.07441
51720,3.8182,13441.8,2.07905
51780,3.85484,13314.0,2.07088
51840,3.58408,12883.5,2.05598
51900,3.94305,12816.0,2.05234
51960,3.606,12831.5,2.0552
52020,4.08278,12976.2,2.05442
52080,3.9587,13076.8,2.0562
52140,4.01231,13012.1,2.05568
52200,3.49994,12552.1,2.04666
52260,3.93645,12838.6,2.0479
52320,4.11857,12948.4,2.04652
52380,4.05582,12958.1,2.04486
52440,3.91849,12954.9,2.04547
52500,3.97174,13140.2,2.06507
52560,4.17992,13332.2,2.07546
52620,3.99827,12924.2,2.06824
52680,4.03359,13255.5,2.07101
52740,4.0544,13543.9,2.07225
52800,3.73554,13593.1,2.0682
52860,4.17812,13715.6,2.06952
52920,3.8749,13593.8,2.07295
52980,3.85373,13751.4,2.0786
53040,3.85565,13401.2,2.07784
53100,3.8941,13690.6,2.08055
53160,3.8517,13080.1,2.06838
53220,3.80505,13257.0,2.06569
53280,3.94696,13105.8,2.06456
53340,3.68297,12865.2,2.05524
53400,4.06433,13127.3,2.0605
53460,3.80394,12926.9,2.05221
53520,4.08228,13102.3,2.05818
53580,3.92287,12973.8,2.05441
53640,4.08947,13006.5,2.05096
53700,3.70328,12835.7,2.05204
53760,3.90879,12831.0,2.04539
53820,3.99824,12648.5,2.04693
53880,3.84534,12896.9,2.04942
53940,3.95084,13096.9,2.04809
54000,4.04995,13089.3,2.05059
54060,4.05132,12957.4,2.05904
54120,3.80685,12815.2,2.05782
54180,3.59513,12886.5,2.05796
54240,3.83879,12932.8,2.05232
54300,4.11117,12948.2,2.04887
54360,3.99946,12938.0,2.05011
54420,3.90423,12606.7,2.04095
54480,3.53268,12456.2,2.03491
54540,3.89327,12598.3,2.03481
54600,3.71355,12514.2,2.0327
54660,3.7579,12838.5,2.03791
54720,3.69117,13341.0,2.05726
54780,4.07495,13270.8,2.06333
54840,4.10036,12999.5,2.04796
54900,4.12456,12618.3,2.03745
54960,3.97652,12679.7,2.03287
55020,3.89036,12360.6,2.03164
55080,3.75583,12448.0,2.0288
55140,4.07694,12394.7,2.03448
55200,4.02133,12287.8,2.02417
55260,4.13998,12223.5,2.03425
55320,3.92373,11984.7,2.01711
55380,4.08768,11843.7,2.00974
55440,4.23711,12001.7,2.01638
55500,3.97176,12220.3,2.02649
55560,4.24813,12403.2,2.02401
55620,3.91383,12301.2,2.00944
55680,3.98991,12383.3,2.00618
55740,3.73724,12250.3,1.99838
55800,3.80084,12603.7,1.99803
55860,4.00554,12166.8,1.99393
55920,3.68115,11753.1,1.98465
55980,3.62595,11600.3,1.97925
56040,3.76439,11406.5,1.97884
56100,3.75041,11387.2,1.97657
56160,3.83648,11663.5,1.98351
56220,3.72995,11617.3,1.98001
56280,3.86407,11212.0,1.98166
56340,3.78914,11305.6,1.97957
56400,3.69724,11349.7,1.98246
56460,3.85546,11274.9,1.98452
56520,4.0813,11382.8,1.9848
56580,4.02669,11423.2,1.9826
56640,3.96734,11920.1,1.99038
56700,4.14339,11640.1,1.99048
56760,3.82797,11526.1,1.99571
56820,4.15157,11437.5,1.99591
56880,3.87849,11490.8,1.99941
56940,4.0808,11492.9,1.99817
57000,4.13685,11481.7,2.00053
57060,4.29387,12076.9,2.00448
57120,4.11794,11818.1,2.00339
57180,4.12154,12640.1,2.00193
57240,3.94017,11860.5,2.01166
57300,4.18879,11870.2,2.01099
57360,4.36947,11583.3,2.01024
57420,4.10848,11531.3,2.00393
57480,4.24023,11443.7,2.00307
57540,4.24164,11401.4,2.00071
57600,4.07922,11334.9,2.0034
57660,4.20831,11450.4,2.00361
57720,4.27467,11530.4,2.00207
57780,4.14965,11447.0,2.00089
57840,4.48394,11489.6,2.00309
57900,4.25272,11577.8,2.00124
57960,4.18325,11324.9,1.99333
58020,4.13124,11397.7,1.9892
58080,3.89799,11236.6,1.9916
58140,4.12984,11303.2,1.99267
58200,4.2165,11942.2,1.99314
58260,3.8532,11281.0,1.99179
58320,3.61916,10102.9,1.98799
58380,3.71975,10145.9,1.9841
58440,3.63368,10151.8,1.98692
58500,3.91371,10164.1,1.98904
58560,3.53787,10133.9,1.98594
58620,3.66129,10512.4,1.98521
58680,3.70036,10602.6,1.99338
58740,3.89182,10281.0,1.99169
58800,3.6047,10069.5,1.99192
58860,3.60879,10156.5,1.99214
58920,3.67163,10114.2,1.9906
58980,3.31726,9955.03,1.98891
59040,3.68266,10048.1,1.9868
59100,3.59811,9978.68,1.98584
59160,3.48509,9788.15,1.98372
59220,3.57655,9890.98,1.98437
59280,3.4104,9994.95,1.97808
59340,3.7476,10149.5,1.98743
59400,3.68578,10531.3,1.9867
59460,3.50701,9704.36,1.98645
59520,3.46589,9910.75,1.98693
59580,3.57447,9924.01,1.98725
59640,3.6278,9889.91,1.98624
59700,3.54367,10051.7,1.9899
59760,3.79754,10942.4,1.98537
59820,3.82875,10362.5,1.98867
59880,4.01184,10914.8,1.98514
59940,3.9429,10393.2,1.98871
60000,3.77271,10301.3,1.98533
60060,3.9422,10436.9,1.98398
60120,3.64607,10256.1,1.9846
60180,3.79049,10129.6,1.98842
60240,3.80525,10088.3,1.98766
60300,3.74276,10360.9,1.98788
60360,3.92079,11314.2,1.98772
60420,4.06607,11209.8,1.98839
60480,3.99213,11284.8,1.98748
60540,4.07253,11484.8,1.98961
60600,4.29878,11068.6,1.9884
60660,3.95851,10262.1,1.98677
60720,3.80655,10114.0,1.98684
60780,3.95312,10351.3,1.98735
60840,3.79626,10636.2,1.98524
60900,3.77321,10991.3,1.98328
60960,4.01335,10686.7,1.98617
61020,3.76146,11044.0,1.98221
61080,3.84437,10520.5,1.98718
61140,4.06399,10629.7,1.98503
61200,4.12515,10593.2,1.98603
61260,4.05915,10559.9,1.98483
61320,4.05488,10571.9,1.98573
61380,4.03724,10548.9,1.98587
61440,3.88237,10648.2,1.98663
61500,4.24343,10607.8,1.9881
61560,4.06487,10630.8,1.99011
61620,4.00313,10720.0,1.99332
61680,4.39945,11270.7,1.9891
61740,4.22309,12017.9,1.98987
61800,4.25047,11715.6,1.98946
61860,4.24538,11018.3,1.98817
61920,4.47258,11916.5,1.9888
61980,4.48269,10797.3,1.99536
62040,4.67966,10724.8,2.00301
62100,4.44403,10774.3,2.00533
62160,4.49774,10665.6,2.00293
62220,4.65735,10503.6,2.00589
62280,4.35949,10641.2,2.01123
62340,4.51631,10604.2,2.01153
62400,4.54355,10530.7,2.01214
62460,4.4584,10512.9,2.00314
62520,4.36764,10529.6,2.00589
62580,4.45515,10510.7,2.00151
62640,4.2676,10512.9,2.00892
62700,4.36494,10611.5,2.01506
62760,4.44453,10639.5,2.01802
62820,4.49069,10626.1,2.01748
62880,4.49264,10585.0,2.0183
62940,4.58255,10635.2,2.02407
63000,4.75176,11096.3,2.02247
63060,4.68143,11361.4,2.02327
63120,4.96698,11673.9,2.02632
63180,4.98425,11771.5,2.02135
63240,4.62226,11429.2,2.02261
63300,4.61103,11461.4,2.01978
63360,4.7873,11137.8,2.02119
63420,4.61129,11461.7,2.02018
63480,4.68542,11239.3,2.02288
63540,5.0874,11070.9,2.02509
63600,4.65165,11520.6,2.02086
63660,4.89929,11050.6,2.02274
63720,4.83703,10966.0,2.02194
63780,4.83235,11085.0,2.02233
63840,5.1564,12541.2,2.02225
63900,4.88265,11830.5,2.02659
63960,4.87304,11473.6,2.02605
64020,5.0396,10927.2,2.02763
64080,4.95888,10731.6,2.02856
64140,5.30877,10746.7,2.02447
64200,4.98959,10778.6,2.02351
64260,4.73426,10665.2,2.02208
64320,5.02361,10690.7,2.0228
64380,5.12489,10849.7,2.02425
64440,5.15044,10822.3,2.02836
64500,4.90995,10998.5,2.02548
64560,5.2047,10894.9,2.02708
64620,5.21312,11965.7,2.02408
64680,5.35325,11741.5,2.02623
64740,5.0699,11108.8,2.02336
64800,5.35424,11576.9,2.02499
