CampaignData_and_Merges/R0/CSL_MobileLab_Parked/raw/20240731/USOS-MetNav_MobileLabGround_20240731_R0.ict
44, 1001
Carrie Womack, Nate Howard, Mike Zucker
NOAA Chemical Sciences Laboratory
Mobile Lab MetNav Station
USOS
1, 1
2024, 07, 31, 2024, 12, 21
60
Time_Start, seconds_past_midnight, Seconds from midnight UTC
11
1, 1, 1, 1, 1, 1, 1, 1, 1, 1, 1
-9999, -9999, -9999, -9999, -9999, -9999, -9999, -9999, -9999, -9999, -9999
GPS_Alt_m, meters, Altitude from Differential GPS
GPS_Course_deg, degrees, Course from Differential GPS
GPS_GndSpd_m_s, m/s, Ground Speed from Differential GPS
GPS_Heading_deg, degrees, Heading from Differential GPS
GPS_Lat_deg, degrees, Latitude from Differential GPS
GPS_Lon_deg, degrees, Longitude from Differential GPS
AirTemp_C, Celsius, Air Temperature from Airmar
RelHumidity_pct, percent, Relative Humidity from Airmar
Pressure_mb, millibars, Pressure from Honeywell
WindDir_calc_deg, degrees, Wind Direction from Airmar corrected for van movement
WindSpd_calc_m_s, m/s, Wind Speed from Airmar corrected for van movement
1
SPECIAL COMMENTS:
18
PI_CONTACT_INFO: Address: 325 Broadway R/CSL7, Boulder, CO, 80305
PLATFORM: CSL Mobile Lab
LOCATION: Salt Lake City, UT
ASSOCIATED_DATA: N/A
INSTRUMENT_INFO: N/A
DATA_INFO: Units:
UNCERTAINTY: N/A
ULOD_FLAG: -7777
ULOD_VALUE: N/A
LLOD_FLAG: -8888
LLOD_VALUE: N/A
DM_CONTACT_INFO: Data Manager: Nate Howard
PROJECT_INFO: 
STIPULATIONS_ON_USE: Use of these data require prior ok from PI.
OTHER_COMMENTS: 
REVISION: R0
R0: Final data. Fixed bug in wind averaging code. RA: Preliminary Data. For in-field use only. 
Time_Start, GPS_Alt_m, GPS_Course_deg, GPS_GndSpd_m_s, GPS_Heading_deg, GPS_Lat_deg, GPS_Lon_deg, AirTemp_C, RelHumidity_pct, Pressure_mb, WindDir_calc_deg, WindSpd_calc_m_s
[from data line 195]
11700.0,1308.4,3.76,0.05,3.76,40.73433,-111.87211,25.4,18.8,873.8,124.66,1.2
11760.0,1308.0,4.21,0.05,4.21,40.73434,-111.87211,25.4,18.5,873.9,112.75,0.8
11820.0,1308.0,3.60,0.05,3.60,40.73434,-111.87211,25.4,18.3,873.9,111.92,1.2
11880.0,1308.0,3.32,0.05,3.32,40.73434,-111.87211,25.3,18.4,873.9,122.56,1.3
11940.0,1307.9,3.52,0.04,3.52,40.73434,-111.87211,25.2,18.6,874.0,109.60,0.7
12000.0,1307.9,4.32,0.05,4.32,40.73434,-111.87211,25.1,18.5,874.0,123.44,1.7
12060.0,1308.0,4.32,0.05,4.32,40.73434,-111.87211,25.1,18.6,874.0,113.63,1.3
12120.0,1307.9,4.46,0.05,4.46,40.73434,-111.87211,25.1,18.7,874.0,126.14,1.4
12180.0,1307.8,4.12,0.05,4.12,40.73434,-111.87211,25.1,19.0,874.0,128.87,1.1
12240.0,1307.7,3.84,0.05,3.84,40.73434,-111.87211,25.0,18.8,874.1,120.11,0.8
12300.0,1307.7,4.08,0.05,4.08,40.73434,-111.87211,25.0,18.9,874.1,125.51,0.7
12360.0,1307.8,4.29,0.05,4.29,40.73434,-111.87211,25.0,18.9,874.1,132.66,1.2
12420.0,1307.8,3.86,0.04,3.86,40.73434,-111.87211,24.9,18.9,874.1,113.65,0.7
12480.0,1307.8,3.70,0.05,3.70,40.73434,-111.87211,24.9,18.9,874.1,128.28,1.5
12540.0,1307.8,4.14,0.04,4.14,40.73434,-111.87211,24.8,18.6,874.1,107.62,1.2
12600.0,1307.8,4.08,0.05,4.08,40.73434,-111.87211,24.8,18.8,874.1,120.35,1.4
12660.0,1307.6,3.91,0.04,3.91,40.73434,-111.87211,24.8,18.6,874.1,128.43,1.1
12720.0,1307.6,4.33,0.04,4.33,40.73434,-111.87211,24.7,18.9,874.1,126.23,1.1
12780.0,1307.7,3.85,0.05,3.85,40.73434,-111.87211,24.7,18.7,874.1,123.53,1.2
12840.0,1307.7,3.43,0.04,3.43,40.73434,-111.87211,24.7,18.7,874.1,126.70,1.4
12900.0,1307.7,3.52,0.05,3.52,40.73434,-111.87211,24.7,18.7,874.1,125.30,1.3
12960.0,1307.8,3.39,0.05,3.39,40.73434,-111.87211,24.6,18.9,874.1,121.16,0.9
13020.0,1308.1,3.04,0.04,3.04,40.73434,-111.87211,24.6,18.8,874.1,126.80,0.9
13080.0,1308.1,2.99,0.05,2.99,40.73434,-111.87211,24.6,18.8,874.1,125.18,1.1
13140.0,1308.1,3.02,0.05,3.02,40.73434,-111.87210,24.6,18.7,874.1,134.51,1.0
13200.0,1308.0,2.89,0.05,2.89,40.73434,-111.87211,24.6,18.7,874.1,110.89,0.5
13260.0,1307.7,2.73,0.05,2.73,40.73434,-111.87211,24.6,18.7,874.1,125.25,0.5
13320.0,1307.7,3.11,0.05,3.11,40.73434,-111.87211,24.6,18.7,874.2,120.41,0.8
13380.0,1307.7,3.38,0.05,3.38,40.73434,-111.87211,24.6,18.6,874.2,131.59,1.2
13440.0,1307.8,3.32,0.05,3.32,40.73434,-111.87211,24.5,18.6,874.2,111.45,0.6
13500.0,1308.3,3.35,0.05,3.35,40.73434,-111.87210,24.5,18.6,874.2,104.19,0.7
13560.0,1308.1,3.97,0.05,3.97,40.73434,-111.87211,24.5,18.5,874.2,131.24,1.1
13620.0,1307.9,3.55,0.06,3.55,40.73434,-111.87211,24.4,18.9,874.2,127.28,1.0
13680.0,1308.0,3.35,0.05,3.35,40.73434,-111.87211,24.4,18.7,874.3,131.81,0.5
13740.0,1308.0,3.68,0.05,3.68,40.73434,-111.87211,24.5,18.7,874.3,137.83,1.1
13800.0,1308.2,3.36,0.05,3.36,40.73434,-111.87211,24.4,18.7,874.3,123.68,1.1
13860.0,1308.1,2.70,0.05,2.70,40.73434,-111.87211,24.4,18.8,874.3,121.67,1.2
13920.0,1308.0,3.23,0.05,3.23,40.73434,-111.87211,24.4,19.1,874.3,129.49,1.0
13980.0,1308.0,3.77,0.05,3.77,40.73434,-111.87211,24.3,18.9,874.3,119.29,0.9
14040.0,1308.0,3.78,0.05,3.78,40.73434,-111.87211,24.3,18.9,874.4,121.12,0.8
14100.0,1308.1,3.50,0.06,3.50,40.73434,-111.87211,24.3,19.1,874.4,118.53,0.7
14160.0,1308.6,4.09,0.05,4.09,40.73434,-111.87210,24.2,18.7,874.4,143.32,0.4
14220.0,1308.5,3.80,0.05,3.80,40.73434,-111.87210,24.2,18.9,874.3,118.65,0.1
14280.0,1308.2,3.75,0.05,3.75,40.73434,-111.87211,24.2,18.9,874.4,145.40,0.5
14340.0,1308.2,3.93,0.05,3.93,40.73434,-111.87211,24.3,19.0,874.2,119.81,0.5
14400.0,1308.1,4.48,0.05,4.48,40.73434,-111.87211,24.3,18.9,874.2,102.06,0.5
14460.0,1308.2,4.29,0.06,4.29,40.73434,-111.87211,24.2,18.6,874.2,119.74,1.1
14520.0,1308.3,4.09,0.06,4.09,40.73434,-111.87211,24.2,18.6,874.3,115.42,0.6
14580.0,1308.2,4.31,0.05,4.31,40.73434,-111.87211,24.2,18.7,874.3,107.33,0.6
14640.0,1308.2,4.33,0.04,4.33,40.73433,-111.87211,24.1,18.5,874.3,110.26,0.8
14700.0,1308.4,4.24,0.04,4.24,40.73433,-111.87211,24.1,18.7,874.3,133.06,1.0
14760.0,1308.5,4.14,0.05,4.14,40.73433,-111.87211,24.0,18.8,874.3,131.11,1.2
14820.0,1308.5,3.95,0.05,3.95,40.73433,-111.87211,24.0,18.6,874.2,128.53,1.3
14880.0,1308.5,3.97,0.05,3.97,40.73433,-111.87211,23.9,18.7,874.2,122.31,1.4
14940.0,1308.4,3.53,0.05,3.53,40.73433,-111.87210,23.8,18.5,874.2,118.53,1.5
15000.0,1308.4,3.77,0.05,3.77,40.73433,-111.87210,23.8,18.5,874.3,125.37,1.4
15060.0,1308.3,3.72,0.06,3.72,40.73434,-111.87210,23.9,18.6,874.3,126.58,1.4
15120.0,1308.2,3.32,0.05,3.32,40.73434,-111.87210,23.8,18.7,874.3,118.52,1.2
15180.0,1308.2,3.33,0.05,3.33,40.73434,-111.87210,23.8,18.8,874.3,138.42,1.0
15240.0,1308.3,3.37,0.06,3.37,40.73434,-111.87210,23.8,18.9,874.4,135.89,0.7
15300.0,1308.3,3.26,0.05,3.26,40.73434,-111.87210,23.8,18.5,874.4,114.40,0.5
15360.0,1308.3,3.44,0.05,3.44,40.73434,-111.87210,23.8,18.1,874.4,111.58,0.8
15420.0,1308.2,3.45,0.04,3.45,40.73434,-111.87210,23.9,18.4,874.4,188.00,0.2
15480.0,1308.0,3.98,0.05,3.98,40.73434,-111.87210,24.0,18.6,874.4,204.11,0.1
15540.0,1308.0,3.45,0.05,3.45,40.73434,-111.87210,24.3,18.7,874.4,145.21,0.1
15600.0,1307.6,3.33,0.06,3.33,40.73433,-111.87211,24.3,18.5,874.5,143.99,0.5
15660.0,1307.6,3.05,0.05,3.05,40.73433,-111.87211,24.4,18.1,874.5,129.14,0.8
15720.0,1307.6,3.11,0.06,3.11,40.73433,-111.87211,24.3,18.3,874.5,112.24,0.4
15780.0,1307.8,3.32,0.05,3.32,40.73433,-111.87211,24.3,18.4,874.5,164.17,0.2
15840.0,1307.7,3.46,0.05,3.46,40.73433,-111.87211,24.2,18.0,874.5,122.50,0.8
15900.0,1307.9,3.22,0.06,3.22,40.73433,-111.87211,24.1,18.1,874.5,120.16,0.8
15960.0,1308.0,3.15,0.05,3.15,40.73433,-111.87211,24.1,17.7,874.6,127.62,1.2
16020.0,1308.1,2.99,0.05,2.99,40.73434,-111.87211,24.1,17.8,874.6,135.32,1.1
16080.0,1308.1,3.27,0.05,3.27,40.73434,-111.87211,24.1,17.8,874.6,141.98,1.2
16140.0,1308.2,3.61,0.05,3.61,40.73434,-111.87211,24.1,18.1,874.6,133.90,0.8
16200.0,1308.2,3.69,0.05,3.69,40.73434,-111.87211,24.0,18.0,874.6,108.63,0.5
16260.0,1308.3,3.40,0.05,3.40,40.73434,-111.87211,24.0,17.9,874.6,134.62,0.7
16320.0,1308.3,3.05,0.05,3.05,40.73434,-111.87211,24.0,18.1,874.6,145.70,1.0
16380.0,1308.4,3.26,0.05,3.26,40.73434,-111.87211,24.0,18.3,874.6,136.20,1.1
16440.0,1308.4,3.57,0.05,3.57,40.73434,-111.87211,23.9,17.9,874.6,132.31,1.7
16500.0,1308.2,3.44,0.05,3.44,40.73434,-111.87211,23.9,18.2,874.6,123.83,1.7
16560.0,1308.3,3.06,0.06,3.06,40.73434,-111.87211,23.9,18.3,874.7,129.19,1.4
16620.0,1308.3,3.05,0.05,3.05,40.73434,-111.87211,23.8,18.7,874.7,135.62,1.3
16680.0,1308.3,3.04,0.05,3.04,40.73434,-111.87211,23.8,18.6,874.7,145.69,1.4
16740.0,1308.3,3.59,0.05,3.59,40.73434,-111.87211,23.8,18.4,874.7,147.93,1.1
16800.0,1308.4,3.54,0.04,3.54,40.73434,-111.87211,23.9,18.2,874.7,151.96,1.0
16860.0,1308.4,3.19,0.04,3.19,40.73434,-111.87211,23.8,18.4,874.7,132.62,1.0
16920.0,1308.4,3.29,0.05,3.29,40.73434,-111.87211,23.8,18.3,874.8,147.94,1.5
16980.0,1307.7,3.62,0.05,3.62,40.73434,-111.87211,23.9,18.3,874.7,147.43,1.2
17040.0,1307.6,4.11,0.05,4.11,40.73434,-111.87211,23.8,18.8,874.8,125.04,0.5
17100.0,1307.7,4.02,0.04,4.02,40.73434,-111.87211,23.9,18.8,874.8,131.22,0.4
17160.0,1307.8,3.96,0.05,3.96,40.73434,-111.87211,23.9,18.8,874.8,137.65,0.7
17220.0,1307.8,3.52,0.04,3.52,40.73433,-111.87211,23.8,19.6,874.8,145.37,0.7
17280.0,1307.8,3.44,0.04,3.44,40.73434,-111.87211,23.8,19.1,874.8,148.46,0.8
17340.0,1307.8,3.16,0.04,3.16,40.73434,-111.87211,23.8,19.3,874.8,139.55,0.8
17400.0,1307.8,2.89,0.04,2.89,40.73434,-111.87211,23.8,19.3,874.9,110.09,0.4
17460.0,1307.8,2.33,0.04,2.33,40.73434,-111.87211,23.7,19.4,874.9,118.50,0.8
17520.0,1307.8,2.24,0.04,2.24,40.73434,-111.87211,23.7,19.5,874.9,121.86,0.6
17580.0,1307.7,1.99,0.04,1.99,40.73434,-111.87211,23.7,19.3,874.9,145.79,0.8
17640.0,1307.8,2.05,0.04,2.05,40.73434,-111.87211,23.6,19.5,874.9,151.44,0.6
17700.0,1307.8,2.04,0.04,2.04,40.73434,-111.87211,23.5,19.6,874.9,108.29,0.5
17760.0,1307.8,1.57,0.05,1.57,40.73434,-111.87211,23.4,19.9,874.9,123.69,0.8
17820.0,1307.9,1.51,0.04,1.51,40.73434,-111.87211,23.4,19.8,874.9,138.01,0.9
17880.0,1308.0,0.98,0.05,0.98,40.73433,-111.87211,23.4,19.6,874.9,140.85,0.8
17940.0,1307.8,1.03,0.04,1.03,40.73434,-111.87211,23.3,20.2,874.9,120.31,0.6
18000.0,1307.8,1.76,0.04,1.76,40.73434,-111.87211,23.2,20.1,874.9,127.20,0.5
18060.0,1307.8,1.91,0.05,1.91,40.73434,-111.87211,23.2,20.1,874.9,130.56,0.2
18120.0,1307.8,1.67,0.05,1.67,40.73434,-111.87211,23.2,20.2,874.9,101.23,0.2
18180.0,1307.8,1.59,0.04,1.59,40.73434,-111.87211,23.2,20.3,874.9,122.41,0.9
18240.0,1307.9,1.60,0.05,1.60,40.73434,-111.87211,23.2,20.0,875.0,149.41,1.5
18300.0,1307.9,1.51,0.05,1.51,40.73434,-111.87211,23.1,19.4,875.0,151.56,1.7
18360.0,1308.1,1.29,0.04,1.29,40.73434,-111.87211,23.1,19.6,874.9,144.76,1.2
18420.0,1308.1,1.50,0.04,1.50,40.73434,-111.87211,23.1,19.8,874.9,145.16,1.3
18480.0,1308.2,1.63,0.04,1.63,40.73434,-111.87211,23.0,19.8,875.0,138.08,1.3
18540.0,1308.2,1.58,0.04,1.58,40.73434,-111.87211,23.0,20.0,875.0,118.62,0.7
18600.0,1308.2,1.75,0.06,1.75,40.73434,-111.87211,22.9,19.5,875.0,97.82,0.4
18660.0,1308.6,1.85,0.05,1.85,40.73434,-111.87211,22.9,19.8,875.0,105.25,0.3
18720.0,1308.6,2.49,0.05,2.49,40.73434,-111.87211,22.8,19.6,875.0,122.07,0.4
18780.0,1308.6,2.55,0.05,2.55,40.73434,-111.87211,22.8,19.2,875.0,135.55,0.4
18840.0,1308.6,2.32,0.05,2.32,40.73434,-111.87211,22.8,20.0,875.0,148.31,0.3
18900.0,1308.6,1.78,0.05,1.78,40.73434,-111.87211,22.8,20.6,875.0,142.31,0.7
18960.0,1308.6,1.91,0.06,1.91,40.73434,-111.87211,22.8,20.9,875.0,140.07,0.8
19020.0,1308.5,2.38,0.05,2.38,40.73434,-111.87211,22.8,20.8,875.0,135.03,0.9
19080.0,1308.5,2.17,0.06,2.17,40.73434,-111.87211,22.9,20.5,875.1,158.59,0.8
19140.0,1308.5,2.34,0.05,2.34,40.73434,-111.87211,22.9,20.2,875.0,166.72,0.6
19200.0,1308.6,2.75,0.05,2.75,40.73434,-111.87211,22.9,20.2,875.0,158.48,0.8
19260.0,1309.0,2.43,0.04,2.43,40.73434,-111.87211,22.9,20.8,875.0,145.26,0.8
19320.0,1309.2,2.86,0.04,2.86,40.73434,-111.87211,22.8,22.0,875.1,134.56,1.1
19380.0,1309.0,2.97,0.05,2.97,40.73434,-111.87211,22.8,20.9,875.1,127.64,1.5
19440.0,1308.8,3.19,0.04,3.19,40.73434,-111.87211,22.7,21.1,875.1,121.85,1.2
19500.0,1308.9,3.17,0.05,3.17,40.73434,-111.87211,22.6,21.2,875.2,125.34,1.0
19560.0,1309.3,3.01,0.05,3.01,40.73434,-111.87211,22.6,20.9,875.1,131.17,0.8
19620.0,1309.4,2.63,0.04,2.63,40.73434,-111.87211,22.5,21.1,875.1,128.74,0.6
19680.0,1309.4,2.91,0.05,2.91,40.73434,-111.87211,22.5,21.6,875.2,132.95,0.7
19740.0,1309.3,2.50,0.04,2.50,40.73434,-111.87211,22.4,21.9,875.2,120.90,0.8
19800.0,1309.2,2.57,0.04,2.57,40.73434,-111.87211,22.3,21.9,875.2,129.87,1.1
19860.0,1309.1,2.72,0.04,2.72,40.73434,-111.87211,22.2,22.6,875.2,127.34,1.3
19920.0,1309.0,2.64,0.04,2.64,40.73434,-111.87211,22.1,22.4,875.2,124.58,1.7
19980.0,1309.2,3.08,0.05,3.08,40.73434,-111.87210,22.0,22.9,875.2,122.58,1.4
20040.0,1309.3,3.06,0.04,3.06,40.73434,-111.87211,22.0,23.7,875.2,122.78,0.9
20100.0,1309.3,2.89,0.05,2.89,40.73434,-111.87211,22.0,24.7,875.2,122.58,0.7
20160.0,1309.3,3.44,0.05,3.44,40.73434,-111.87211,22.0,25.4,875.3,122.29,0.7
20220.0,1309.3,4.11,0.04,4.11,40.73434,-111.87210,22.0,25.6,875.2,102.76,0.4
20280.0,1309.2,3.86,0.04,3.86,40.73434,-111.87210,21.9,25.7,875.3,127.49,0.8
20340.0,1309.1,3.41,0.04,3.41,40.73434,-111.87210,21.9,26.2,875.3,136.27,1.2
20400.0,1309.1,3.30,0.04,3.30,40.73434,-111.87210,21.8,28.1,875.3,135.75,1.8
20460.0,1309.2,3.29,0.04,3.29,40.73434,-111.87211,21.7,28.2,875.3,146.37,2.2
20520.0,1309.2,3.17,0.05,3.17,40.73434,-111.87211,21.6,28.7,875.4,132.69,1.5
20580.0,1309.2,2.73,0.04,2.73,40.73434,-111.87211,21.6,29.1,875.3,133.32,1.4
20640.0,1309.0,3.31,0.04,3.31,40.73434,-111.87211,21.6,30.9,875.3,137.02,1.3
20700.0,1309.0,3.54,0.04,3.54,40.73434,-111.87211,21.6,31.6,875.3,146.68,1.2
20760.0,1309.0,3.25,0.04,3.25,40.73434,-111.87210,21.6,31.7,875.3,160.39,1.0
20820.0,1308.9,3.49,0.04,3.49,40.73434,-111.87210,21.7,32.5,875.4,159.23,1.0
20880.0,1308.8,3.84,0.04,3.84,40.73434,-111.87210,21.8,32.8,875.4,157.87,1.2
20940.0,1308.7,3.63,0.04,3.63,40.73434,-111.87210,21.8,32.9,875.4,145.29,1.6
21000.0,1308.7,3.30,0.04,3.30,40.73434,-111.87210,21.8,33.7,875.4,143.94,2.1
21060.0,1308.5,3.34,0.04,3.34,40.73434,-111.87210,21.7,34.0,875.4,146.83,1.5
21120.0,1308.4,3.17,0.04,3.17,40.73434,-111.87210,21.7,35.3,875.4,161.81,1.1
21180.0,1308.4,2.89,0.04,2.89,40.73434,-111.87210,21.8,35.1,875.4,137.08,0.8
21240.0,1308.5,3.33,0.04,3.33,40.73434,-111.87211,21.9,34.5,875.5,124.80,0.7
21300.0,1308.4,3.77,0.04,3.77,40.73434,-111.87211,21.9,34.8,875.4,159.24,0.3
21360.0,1308.5,3.74,0.04,3.74,40.73434,-111.87211,21.9,35.1,875.4,127.61,0.3
21420.0,1308.5,3.68,0.04,3.68,40.73434,-111.87211,21.9,35.9,875.4,168.11,1.0
21480.0,1308.4,3.20,0.04,3.20,40.73434,-111.87211,22.0,36.1,875.4,167.29,1.2
21540.0,1308.3,3.34,0.04,3.34,40.73434,-111.87211,21.9,36.2,875.4,167.63,1.2
21600.0,1308.3,3.35,0.04,3.35,40.73434,-111.87211,22.0,36.4,875.4,175.64,1.1
21660.0,1308.3,3.31,0.05,3.31,40.73434,-111.87211,22.0,36.2,875.4,151.77,0.9
21720.0,1308.3,3.52,0.04,3.52,40.73433,-111.87211,22.0,36.2,875.4,145.69,1.2
21780.0,1308.3,3.13,0.04,3.13,40.73433,-111.87211,21.9,36.3,875.4,122.88,0.7
21840.0,1308.3,3.22,0.04,3.22,40.73433,-111.87211,21.8,36.1,875.5,91.28,0.6
21900.0,1308.3,3.59,0.04,3.59,40.73433,-111.87211,21.6,36.1,875.5,74.61,0.5
21960.0,1308.4,3.32,0.05,3.32,40.73433,-111.87211,21.6,36.2,875.5,113.71,0.6
22020.0,1308.6,3.40,0.05,3.40,40.73433,-111.87211,21.5,36.4,875.5,123.35,0.7
22080.0,1308.6,3.00,0.05,3.00,40.73433,-111.87211,21.4,36.3,875.5,114.28,0.7
22140.0,1308.4,3.51,0.04,3.51,40.73433,-111.87211,21.3,36.0,875.5,91.29,0.5
22200.0,1308.2,4.43,0.05,4.43,40.73434,-111.87211,21.3,35.9,875.5,103.23,0.5
22260.0,1308.2,3.72,0.05,3.72,40.73434,-111.87211,21.3,35.8,875.6,100.69,0.6
22320.0,1308.2,3.45,0.05,3.45,40.73434,-111.87211,21.2,36.4,875.6,129.62,1.1
22380.0,1308.3,3.37,0.05,3.37,40.73434,-111.87211,21.2,36.9,875.6,143.38,1.5
22440.0,1308.3,4.07,0.05,4.07,40.73433,-111.87211,21.2,37.3,875.6,146.85,1.3
22500.0,1308.2,4.31,0.06,4.31,40.73433,-111.87210,21.2,37.3,875.6,135.58,1.0
22560.0,1308.3,3.44,0.05,3.44,40.73433,-111.87210,21.2,37.4,875.6,136.20,1.1
22620.0,1308.1,2.99,0.05,2.99,40.73433,-111.87210,21.2,37.7,875.6,146.02,1.1
22680.0,1307.3,3.05,0.05,3.05,40.73434,-111.87211,21.2,37.8,875.6,142.02,0.9
22740.0,1307.2,2.84,0.05,2.84,40.73434,-111.87211,21.2,37.8,875.6,153.25,0.8
22800.0,1307.6,2.77,0.05,2.77,40.73434,-111.87211,21.2,37.8,875.6,140.82,0.5
22860.0,1307.9,3.35,0.04,3.35,40.73434,-111.87211,21.2,37.4,875.6,46.15,0.4
22920.0,1308.1,2.97,0.04,2.97,40.73434,-111.87211,21.2,37.2,875.7,96.56,0.8
22980.0,1308.1,3.52,0.05,3.52,40.73434,-111.87211,21.2,37.7,875.7,112.07,1.5
23040.0,1308.0,3.34,0.05,3.34,40.73434,-111.87211,21.0,37.9,875.7,117.75,1.5
23100.0,1308.0,3.25,0.04,3.25,40.73434,-111.87211,21.0,37.9,875.7,133.86,1.0
23160.0,1308.0,2.78,0.05,2.78,40.73434,-111.87211,20.9,37.9,875.7,120.01,0.9
23220.0,1308.0,2.41,0.04,2.41,40.73434,-111.87211,20.9,38.1,875.7,118.31,1.1
23280.0,1308.0,2.68,0.05,2.68,40.73434,-111.87211,20.8,38.1,875.7,121.10,0.8
23340.0,1308.0,3.19,0.05,3.19,40.73434,-111.87211,20.7,38.1,875.8,119.48,0.8
23400.0,1308.0,3.94,0.04,3.94,40.73434,-111.87211,20.7,38.4,875.8,119.41,1.1
23460.0,1308.1,3.22,0.05,3.22,40.73434,-111.87211,20.6,38.4,875.8,114.20,0.9
23520.0,1308.1,3.43,0.05,3.43,40.73434,-111.87211,20.6,38.2,875.8,122.39,0.7
23580.0,1308.2,3.32,0.05,3.32,40.73434,-111.87211,20.7,38.3,875.8,88.99,0.2
23640.0,1308.3,3.30,0.04,3.30,40.73434,-111.87211,20.7,38.2,875.8,59.34,0.4
23700.0,1308.7,3.42,0.04,3.42,40.73434,-111.87211,20.7,37.9,875.8,101.78,0.5
23760.0,1308.8,3.36,0.05,3.36,40.73434,-111.87211,20.6,38.3,875.8,113.38,1.0
23820.0,1308.9,2.87,0.05,2.87,40.73433,-111.87211,20.5,38.4,875.9,113.31,0.8
23880.0,1308.8,3.12,0.04,3.12,40.73433,-111.87211,20.4,38.6,875.9,113.30,1.1
23940.0,1309.0,2.93,0.05,2.93,40.73433,-111.87211,20.4,38.5,875.9,120.92,1.1
24000.0,1308.9,3.24,0.04,3.24,40.73433,-111.87211,20.4,38.4,875.9,123.94,0.9
24060.0,1308.9,2.94,0.04,2.94,40.73433,-111.87211,20.4,38.5,875.9,126.08,0.9
