CampaignData_and_Merges/R0/CSL_MobileLab_Parked/raw/20240731/USOS-Picarro-CO2-CH4-CO-H2O_MobileLabGround_20240731_R0.ict
38, 1001
Ilana Pollack, Nell Schafer, and Jeff Peischl
NOAA Chemical Sciences Laboratory
Picarro 2401-m CO2/CH4/CO/H2O Analyzer
USOS
1, 1
2024, 07, 31, 2024, 11, 20
0
StartTime_UTC, seconds_past_midnight, seconds past midnight
5
1, 1, 1, 1, 1
-9999, -9999, -9999, -9999, -9999
StopTime_UTC, seconds_past_midnight, seconds past midnight
CO2_ppm_1min, ppm, Gas_CO2_InSitu_S_DMF, carbon dioxide mixing ratio
CH4_ppb_1min, ppb, Gas_CH4_InSitu_S_DMF, methane mixing ratio
CO_ppb_1min, ppb, Gas_CO_InSitu_S_DMF, carbon monoxide mixing ratio
H2O_ppmv_1min, ppmv, Met_H2OMRV_InSitu_S_AVMR, water vapor mixing ratio
1
SPECIAL COMMENTS: N/A
18
PI_CONTACT_INFO: Address: NOAA Chemical Sciences Laboratory, Mail Stop CSL7, 325 Broadway, Boulder, CO 80305; Email: Ilana.Pollack@noaa.gov
PLATFORM: NOAA CSL Mobile Laboratory
LOCATION: The mobile lab was stationed in Salt Lake City, Utah.
ASSOCIATED_DATA: N/A
INSTRUMENT_INFO: CO2, CH4, and CO are reported as dry air mole fractions using a commercial wavelength-scanned cavity ring-down analyzer (Picarro 2401-m). An in-field calibration gas standard of 432±0.07 ppm CO2, 2095±1 ppb CH4, and 183±1 ppb CO, calibrated in the Boulder laboratories before and after the field project using primary CO2, CH4, and CO standard tanks tied to the WMO standard (X2019, X2004A, and X2014A, respectively) from the Global Monitoring Laboratory (GML), was delivered to the inlet every 2-3 days to evaluate instrument sensitivity. A H2O measurement was calibrated before the project with a Dew Point Mirror 373 hygrometer. The water correction calculated from these calibrations was applied to the H2O measurement for the entire campaign. Species are measured at 0.5 Hz and reported as 1-minute averages for stationary measurements.
DATA_INFO: Units: CO2, ppm, dry air mole fraction; CH4, ppb, dry air mole fraction; CO, ppb, dry air mole fraction; H2O, ppmv
UNCERTAINTY: Total uncertainties are estimated as ±0.1 ppm for CO2, ±1 ppb for CH4, ±5 ppb for CO, and ±(50 ppm + 4%) for H2O.
ULOD_FLAG: -7777
ULOD_VALUE: N/A
LLOD_FLAG: -8888
LLOD_VALUE: N/A
DM_CONTACT_INFO: Data Manager: Nathan Howard; nathan.h.howard@noaa.gov
PROJECT_INFO: USOS Dates of Study: July – August 2024
STIPULATIONS_ON_USE: Use of these data require prior ok from PI.
OTHER_COMMENTS: Data are averaged to 1 minute intervals. Stationary data collected from a 10 ft tower on top of the mobile van.
REVISION: R0
R0: Final Data
StartTime_UTC, StopTime_UTC, CO2_ppm_1min, CH4_ppb_1min, CO_ppb_1min, H2O_ppmv_1min
[from data line 768]
46080,46140,483.30,2280.8,467.6,12899.0381
46140,46200,482.66,2276.1,457.2,12898.5488
46200,46260,480.34,2282.6,436.1,12877.1279
46260,46320,477.97,2278.0,421.7,12948.1973
46320,46380,478.86,2280.0,420.6,13036.6445
46380,46440,483.94,2282.6,444.5,13085.4424
46440,46500,481.20,2289.3,434.5,12977.3223
46500,46560,478.50,2298.0,419.6,12998.8662
46560,46620,478.98,2303.7,408.9,13186.0977
46620,46680,480.96,2298.3,425.8,13191.9141
46680,46740,481.85,2299.4,429.8,13135.7852
46740,46800,486.77,2333.8,452.1,13295.1943
46800,46860,489.60,2339.1,473.2,13361.3955
46860,46920,484.71,2318.4,468.6,13377.7051
46920,46980,485.42,2315.4,484.1,13313.8584
46980,47040,486.79,2327.2,474.2,13384.9121
47040,47100,486.72,2355.7,458.2,13347.8330
47100,47160,483.78,2385.5,460.8,13238.3574
47160,47220,485.24,2393.7,459.5,13489.6602
47220,47280,487.19,2376.8,461.9,13483.7891
47280,47340,487.49,2378.6,462.9,13371.2051
47340,47400,488.74,2351.0,470.6,13564.4229
47400,47460,489.07,2344.3,481.0,13543.3750
47460,47520,489.33,2329.2,489.7,13516.6670
47520,47580,486.03,2337.7,444.5,13701.4111
47580,47640,482.59,2353.7,436.9,13745.8984
47640,47700,482.84,2344.0,432.8,13751.9912
47700,47760,482.36,2320.9,440.4,13653.0313
47760,47820,481.11,2299.1,453.8,13476.9248
47820,47880,481.01,2305.7,472.2,13569.1094
47880,47940,482.15,2300.3,500.3,13628.2627
47940,48000,485.67,2296.2,608.4,13826.6572
48000,48060,484.87,2294.4,537.4,13860.2246
48060,48120,488.98,2287.3,632.4,13602.0781
48120,48180,490.21,2273.5,672.9,13460.6406
48180,48240,483.88,2270.2,519.2,13259.7627
48240,48300,482.16,2259.4,492.8,13318.1855
48300,48360,488.98,2253.9,538.9,13392.9219
48360,48420,486.84,2257.2,522.3,13515.7402
48420,48480,483.79,2264.1,501.8,13337.3555
48480,48540,480.07,2257.7,485.5,13240.7539
48540,48600,477.21,2238.0,442.2,13025.7314
48600,48660,482.36,2234.1,435.7,13003.7344
48660,48720,480.62,2226.3,437.1,13029.9805
48720,48780,475.66,2207.7,420.4,12718.8340
48780,48840,476.50,2202.7,436.4,12924.8242
48840,48900,466.56,2181.0,406.6,12709.2578
48900,48960,468.80,2188.5,423.1,12856.2627
48960,49020,467.69,2183.3,428.4,12869.3477
49020,49080,469.32,2182.6,503.6,12775.3105
49080,49140,471.54,2187.5,513.1,12969.2754
49140,49200,469.58,2185.9,477.6,12857.8018
49200,49260,472.93,2183.1,482.1,12814.1846
49260,49320,472.77,2176.0,535.4,12764.1201
49320,49380,469.17,2174.4,469.4,12658.4170
49380,49440,468.63,2159.0,475.2,12517.9932
49440,49500,463.94,2134.3,453.7,12258.3701
49500,49560,464.70,2112.9,458.5,11972.7676
49560,49620,466.08,2104.0,470.2,11922.6230
49620,49680,475.10,2120.0,510.9,12276.1719
49680,49740,470.36,2129.3,487.4,12503.0811
49740,49800,473.72,2142.2,493.9,12536.5313
49800,49860,466.03,2131.7,487.9,12430.3145
49860,49920,466.45,2138.2,488.8,12918.9658
49920,49980,466.45,2156.6,481.6,13344.5791
49980,50040,470.88,2183.1,494.3,13588.4570
50040,50100,473.95,2190.2,512.1,13713.4854
50100,50160,469.49,2181.3,520.3,13764.2861
50160,50220,464.02,2165.4,553.6,13636.7607
50220,50280,464.38,2169.6,600.8,13619.9355
50280,50340,467.00,2166.7,631.3,13666.0928
50340,50400,468.02,2166.3,566.4,13626.8115
50400,50460,462.90,2156.4,551.0,13747.4043
50460,50520,462.26,2153.2,535.8,13831.9063
50520,50580,462.88,2156.1,532.4,13975.7578
50580,50640,460.85,2140.7,522.1,13587.5977
50640,50700,460.59,2119.2,533.0,13201.1006
50700,50760,460.78,2106.6,537.1,12777.0322
50760,50820,460.06,2104.7,536.3,12809.7451
50820,50880,460.27,2093.2,530.8,12292.2031
50880,50940,462.73,2099.6,572.7,12525.0059
50940,51000,462.80,2092.6,613.2,12370.7393
51000,51060,458.14,2078.9,575.1,12069.4531
51060,51120,459.02,2082.8,577.2,12125.3887
51120,51180,461.21,2102.1,583.1,12651.9727
51180,51240,459.27,2100.4,572.8,12722.1025
51240,51300,460.54,2111.9,593.2,13264.5938
51300,51360,460.20,2129.0,577.7,13489.0967
51360,51420,459.56,2132.0,560.6,13483.5254
51420,51480,459.44,2123.1,548.4,13136.6699
51480,51540,458.31,2136.1,530.1,13534.3555
51540,51600,458.56,2135.8,532.0,13682.4102
51600,51660,459.45,2121.1,547.8,13138.1221
51660,51720,459.33,2133.3,536.4,13645.3320
51720,51780,459.15,2132.8,536.7,13576.5068
51780,51840,459.99,2114.8,552.5,13203.2666
51840,51900,459.30,2109.2,555.7,13084.9248
51900,51960,459.22,2110.0,562.6,13113.7334
51960,52020,459.01,2108.6,560.5,13008.0293
52020,52080,457.93,2106.2,554.2,13143.0225
52080,52140,457.44,2110.5,541.1,13231.6797
52140,52200,456.48,2105.0,519.5,13014.9990
52200,52260,454.80,2098.7,493.2,12767.6436
52260,52320,454.59,2101.0,496.3,13145.3984
52320,52380,453.58,2100.0,486.4,12976.5215
52380,52440,453.50,2100.2,484.9,13133.5518
52440,52500,452.86,2106.6,482.6,13308.8086
52500,52560,450.94,2127.4,481.0,13356.1318
52560,52620,455.03,2132.9,742.5,13476.0938
52620,52680,451.03,2118.7,490.0,13003.8516
52680,52740,452.35,2127.2,549.7,13584.3262
52740,52800,451.26,2127.0,524.4,13852.4424
52800,52860,451.30,2127.5,497.7,13806.4199
52860,52920,451.04,2127.1,485.5,13820.3145
52920,52980,449.70,2129.7,482.7,13806.3770
52980,53040,450.09,2135.1,480.0,13791.5879
53040,53100,449.89,2133.7,472.5,13691.5977
53100,53160,451.43,2129.9,464.6,13592.8154
53160,53220,447.33,2123.0,454.9,13531.7100
53220,53280,446.79,2121.1,446.1,13267.5791
53280,53340,446.85,2113.6,443.8,13141.6904
53340,53400,446.16,2110.7,441.6,13105.3154
53400,53460,446.25,2111.0,442.2,13244.3682
53460,53520,445.74,2107.9,445.1,13117.9512
53520,53580,446.34,2111.0,450.3,13248.7490
53580,53640,447.95,2108.3,456.1,13097.8008
53640,53700,446.47,2105.1,442.5,13138.7090
53700,53760,447.06,2103.5,440.9,13061.5117
53760,53820,446.54,2098.7,439.3,12906.9365
53820,53880,448.00,2101.1,439.4,12897.2275
53880,53940,446.89,2102.6,439.2,13088.8340
53940,54000,447.48,2101.5,438.7,13338.6924
54000,54060,447.05,2108.3,445.3,13228.0537
54060,54120,445.48,2112.8,427.5,12969.8291
54120,54180,445.20,2110.2,429.6,12997.0469
54180,54240,444.65,2110.0,428.9,13082.2080
54240,54300,446.04,2106.5,429.4,13110.9639
54300,54360,444.79,2103.4,427.8,13098.7930
54360,54420,444.43,2101.1,424.9,12995.5703
54420,54480,442.93,2089.7,421.2,12638.6514
54480,54540,441.77,2087.2,415.7,12708.0625
54540,54600,441.46,2084.5,416.1,12662.8477
54600,54660,441.89,2088.6,414.0,12822.4756
54660,54720,443.62,2098.8,417.6,13227.4043
54720,54780,442.22,2116.0,423.2,13582.8398
54780,54840,442.75,2109.9,427.0,13270.6748
54840,54900,442.85,2099.6,424.2,13174.4570
54900,54960,441.92,2085.8,418.5,12691.9521
54960,55020,441.70,2083.3,422.0,12614.4375
55020,55080,441.33,2081.6,426.3,12621.2148
55080,55140,441.59,2082.2,432.2,12658.2627
55140,55200,442.61,2081.2,439.1,12432.6865
55200,55260,442.61,2080.2,443.6,12428.9355
55260,55320,442.92,2079.1,447.8,12339.4717
55320,55380,442.93,2062.6,462.8,12007.8926
55380,55440,443.51,2064.2,464.7,12020.9668
55440,55500,443.30,2072.4,456.1,12209.8750
55500,55560,442.95,2076.9,450.9,12434.6270
55560,55620,442.37,2071.6,459.7,12528.2715
55620,55680,442.17,2058.4,476.2,12442.6045
55680,55740,441.65,2053.5,488.0,12544.0430
55740,55800,440.58,2046.4,497.1,12533.3398
55800,55860,440.57,2048.6,494.3,12658.0586
55860,55920,441.69,2042.3,502.4,12171.2500
55920,55980,441.23,2028.5,511.7,11806.4053
55980,56040,440.69,2027.3,537.7,11631.0020
56040,56100,438.25,2025.3,484.1,11433.8193
56100,56160,438.86,2028.5,478.5,11645.3623
56160,56220,438.21,2030.3,475.5,11799.0908
56220,56280,436.89,2027.4,455.3,11548.5234
56280,56340,436.43,2027.5,445.8,11392.6875
56340,56400,436.43,2029.2,445.6,11445.4131
56400,56460,436.98,2031.2,440.2,11398.6982
56460,56520,437.04,2031.3,443.0,11460.8613
56520,56580,437.06,2030.4,442.9,11495.3789
56580,56640,436.82,2033.2,444.7,11663.1299
56640,56700,435.94,2037.9,445.2,12065.0781
56700,56760,436.21,2041.5,437.6,11754.0215
56760,56820,436.85,2044.5,432.5,11543.1016
56820,56880,436.96,2046.9,433.4,11596.7432
56880,56940,437.12,2047.2,432.5,11593.9922
56940,57000,437.55,2047.4,435.5,11625.5264
57000,57060,436.68,2052.7,423.9,11717.9346
57060,57120,435.60,2053.2,424.2,12110.8672
57120,57180,434.05,2052.8,421.0,12599.1748
57180,57240,435.53,2055.6,423.1,12200.1299
57240,57300,436.02,2061.0,418.0,12202.4053
57300,57360,436.95,2059.9,418.5,11747.3516
57360,57420,437.14,2056.2,419.5,11778.7686
57420,57480,436.47,2052.6,413.8,11506.1123
57480,57540,436.12,2050.9,412.0,11628.2539
57540,57600,436.33,2049.3,412.3,11431.3486
57600,57660,436.24,2051.2,408.1,11453.0645
57660,57720,436.00,2050.9,408.4,11629.1172
57720,57780,435.65,2047.8,412.4,11624.8467
57780,57840,436.86,2049.5,412.9,11623.1426
57840,57900,437.76,2051.1,418.3,11564.1025
57900,57960,438.57,2050.3,423.1,11659.0000
57960,58020,435.33,2039.2,408.2,11338.8223
58020,58080,436.00,2038.8,399.1,11456.7441
58080,58140,434.21,2039.1,385.4,11248.7412
58140,58200,434.44,2040.1,392.1,11693.7852
58200,58260,434.15,2042.3,392.2,12223.8926
58260,58320,431.97,2037.3,351.4,10744.9395
58320,58380,430.21,2029.0,329.0,10108.3701
58380,58440,429.97,2029.4,328.9,10269.8076
58440,58500,430.69,2033.1,330.4,10294.4102
58500,58560,430.21,2031.3,328.8,10170.3115
58560,58620,430.09,2031.3,329.9,10352.1025
58620,58680,430.30,2032.7,336.6,10754.9297
58680,58740,431.26,2040.2,335.2,10685.9756
58740,58800,430.74,2037.4,324.1,10078.2676
58800,58860,430.77,2038.7,322.2,10241.0664
58860,58920,430.37,2037.4,318.2,10237.4727
58920,58980,429.88,2032.7,312.5,10006.3047
58980,59040,430.28,2033.6,314.4,10071.6523
59040,59100,429.62,2031.1,309.8,10113.1572
59100,59160,428.81,2028.0,307.5,9977.7100
59160,59220,429.19,2026.9,312.6,9876.9600
59220,59280,428.85,2027.5,312.5,10045.3994
59280,59340,429.03,2026.2,316.8,10088.9883
59340,59400,429.58,2031.5,319.5,10412.1084
59400,59460,429.49,2033.1,309.2,10305.1055
59460,59520,428.67,2027.0,302.4,9795.0332
59520,59580,428.89,2031.7,305.9,10062.7109
59580,59640,429.11,2029.7,302.4,9919.3447
59640,59700,429.04,2032.7,302.6,10065.1582
59700,59760,431.69,2035.6,326.9,10391.3516
59760,59820,433.15,2033.5,362.0,10865.4502
59820,59880,429.37,2032.1,317.5,10646.8799
59880,59940,429.18,2032.3,408.3,10838.4297
59940,60000,430.79,2033.6,482.1,10494.5615
60000,60060,429.21,2030.8,350.9,10456.2109
60060,60120,428.49,2029.1,303.6,10380.4082
60120,60180,428.82,2032.3,303.9,10375.2920
60180,60240,429.22,2032.3,303.6,10148.3750
60240,60300,428.73,2032.0,303.5,10365.7754
60300,60360,428.90,2034.1,304.1,10734.9775
60360,60420,427.46,2035.1,306.5,11484.9609
60420,60480,427.64,2035.8,307.3,11404.7549
60480,60540,427.68,2036.8,308.4,11330.6709
60540,60600,428.13,2036.4,309.0,11567.3105
60600,60660,429.08,2034.0,306.2,10746.6865
60660,60720,429.28,2031.9,305.0,10323.9268
60720,60780,428.85,2030.4,303.6,10268.8936
60780,60840,428.31,2030.6,304.4,10538.4043
60840,60900,427.88,2030.3,305.1,10664.9590
60900,60960,426.71,2030.6,305.6,11235.0205
60960,61020,427.54,2030.3,305.9,10791.9658
61020,61080,427.52,2030.4,315.6,11008.8320
61080,61140,428.74,2031.0,329.2,10676.3232
61140,61200,429.31,2031.0,356.6,10651.9551
61200,61260,430.13,2031.2,397.8,10671.2588
61260,61320,431.18,2030.6,348.6,10683.8730
61320,61380,429.44,2031.2,322.0,10596.3164
61380,61440,432.41,2030.5,346.4,10694.0723
61440,61500,431.76,2033.2,797.8,10679.2891
61500,61560,430.71,2034.1,735.7,10710.3125
61560,61620,430.88,2037.3,454.3,10740.9131
61620,61680,429.93,2038.4,323.1,10862.9951
61680,61740,428.48,2038.4,362.7,11984.3213
61740,61800,429.30,2037.6,361.5,11911.3662
61800,61860,430.57,2037.1,338.5,11661.0283
61860,61920,430.19,2036.7,326.1,11543.0938
61920,61980,430.85,2039.0,333.7,11427.1455
61980,62040,432.66,2044.1,336.9,10881.7676
62040,62100,433.23,2049.1,337.8,10798.8418
62100,62160,433.56,2050.2,346.7,10904.2754
62160,62220,433.89,2052.0,345.2,10633.2051
62220,62280,434.06,2053.3,351.6,10650.5107
62280,62340,434.50,2057.1,351.5,10694.5869
62340,62400,435.27,2060.0,351.3,10689.5938
62400,62460,433.60,2052.2,342.9,10603.7295
62460,62520,433.26,2050.5,341.1,10611.6191
62520,62580,433.25,2050.0,340.4,10605.9121
62580,62640,433.62,2051.8,343.4,10612.3545
62640,62700,434.80,2057.7,348.9,10662.6035
62700,62760,436.21,2065.0,360.6,10689.4316
62760,62820,436.21,2065.2,362.1,10729.8604
62820,62880,436.04,2063.6,358.9,10701.9932
62880,62940,436.60,2067.5,362.9,10691.8984
62940,63000,436.64,2068.0,364.9,10772.6797
63000,63060,436.13,2071.0,367.4,11360.0742
63060,63120,436.40,2073.2,369.8,11601.6064
63120,63180,435.80,2073.8,372.2,11934.3047
63180,63240,435.92,2070.6,366.7,11918.6504
63240,63300,437.67,2070.5,367.6,11144.9971
63300,63360,436.64,2069.3,368.1,11788.6025
63360,63420,438.50,2068.5,374.2,11342.2510
63420,63480,437.20,2069.1,368.0,11675.2852
63480,63540,438.16,2070.7,372.5,11293.6299
63540,63600,439.61,2070.6,373.2,11293.9561
63600,63660,437.58,2070.0,369.5,11615.7988
63660,63720,439.63,2069.4,378.5,11082.8857
63720,63780,439.34,2069.7,379.3,11072.6533
63780,63840,440.51,2072.0,396.3,11591.7480
63840,63900,441.51,2074.2,416.2,12885.8584
63900,63960,439.83,2074.6,395.2,11596.1621
63960,64020,440.47,2075.1,399.6,11457.1416
64020,64080,441.16,2074.3,397.3,10876.0713
64080,64140,441.07,2074.2,395.2,10803.8906
64140,64200,440.87,2073.6,398.7,10954.1201
64200,64260,438.98,2069.7,381.0,10751.2979
64260,64320,439.16,2070.2,382.4,10816.0811
64320,64380,439.89,2071.4,387.1,10770.7275
64380,64440,440.20,2073.2,392.5,11058.9736
64440,64500,441.22,2074.6,395.8,10863.2471
64500,64560,440.80,2074.7,397.6,11075.6875
64560,64620,440.41,2074.9,399.3,11650.7227
64620,64680,446.64,2075.0,418.6,11898.5283
64680,64740,444.51,2072.9,421.6,11377.6406
64740,64800,441.29,2073.0,403.8,11675.2256
64800,64860,443.57,2074.6,412.3,11336.8486
64860,64920,443.26,2074.5,408.3,11106.3018
64920,64980,442.47,2073.0,402.0,11074.3447
64980,65040,441.09,2069.6,386.6,11208.2910
65040,65100,440.67,2067.2,380.4,11132.4551
65100,65160,439.44,2065.2,375.0,11801.9395
65160,65220,437.28,2065.1,370.4,12470.2510
65220,65280,437.64,2063.1,366.8,11856.6592
65280,65340,437.26,2061.7,345.3,10973.1982
65340,65400,437.04,2062.7,341.9,11449.7227
65400,65460,437.47,2060.1,340.7,11383.8623
65460,65520,437.85,2060.5,338.9,11169.5752
65520,65580,435.65,2062.0,332.6,11930.2139
65580,65640,435.94,2059.4,323.5,11119.2520
65640,65700,434.23,2060.2,324.0,12155.5400
65700,65760,435.56,2062.5,327.3,11547.5215
65760,65820,436.26,2066.1,325.5,11489.0215
65820,65880,436.26,2066.9,325.1,11197.2236
65880,65940,436.27,2064.8,321.9,10838.8711
65940,66000,435.05,2062.4,317.8,11317.9395
66000,66060,433.13,2058.1,317.5,11956.7988
66060,66120,436.41,2066.7,321.7,11002.5938
66120,66180,438.82,2089.0,329.9,11332.9834
66180,66240,437.36,2077.8,327.4,11308.5352
66240,66300,438.05,2091.7,330.7,11304.5811
66300,66360,438.23,2096.3,332.0,11428.1836
66360,66420,437.87,2090.7,330.8,11413.8145
66420,66480,437.76,2083.7,330.8,11579.4082
66480,66540,436.45,2083.6,329.4,11543.6045
66540,66600,436.37,2089.1,327.5,11463.8184
66600,66660,436.16,2087.3,327.8,11828.5059
66660,66720,435.03,2076.0,319.9,11274.6631
66720,66780,433.93,2060.5,310.0,10344.7422
66780,66840,434.40,2066.6,318.2,10628.1611
66840,66900,433.13,2063.8,314.2,11003.6016
66900,66960,433.48,2061.9,315.6,10798.6113
66960,67020,434.21,2058.7,317.1,10354.8760
67020,67080,434.22,2057.1,318.8,10390.8027
67080,67140,434.51,2052.8,322.7,10311.5654
67140,67200,434.49,2052.4,322.7,10441.5186
67200,67260,434.65,2062.3,329.1,11337.0469
67260,67320,434.30,2070.1,332.1,11612.9531
67320,67380,434.28,2072.2,329.7,11568.2236
67380,67440,434.41,2074.7,332.5,12025.2510
67440,67500,434.17,2090.0,324.2,11586.1016
67500,67560,434.01,2093.0,322.3,11580.6895
67560,67620,433.25,2092.9,318.9,11790.1338
67620,67680,432.73,2091.8,317.4,11802.4326
67680,67740,431.89,2088.3,311.5,11607.3604
67740,67800,432.46,2087.1,316.7,11702.5615
67800,67860,431.39,2091.5,313.6,11922.3525
67860,67920,431.28,2086.1,313.1,11761.8008
67920,67980,431.16,2081.5,311.9,11567.2090
67980,68040,430.05,2080.5,312.4,12292.8008
68040,68100,431.52,2080.7,315.0,11655.6670
68100,68160,431.09,2077.1,314.9,12178.9043
68160,68220,432.07,2071.9,317.2,11591.3330
68220,68280,432.90,2073.5,318.9,11377.2256
68280,68340,432.83,2079.7,317.1,11504.8887
