CampaignData_and_Merges/R0/CSL_MobileLab_Parked/raw/20240731/USOS-NOAAIodideCIMS-PANs_MobileLabGround_20240731_RA.ict
35, 1001
Michael A Robinson, Chris Jernigan, Subi Thakali
NOAA ESRL Chemical Sciences Laboratory and CIRES, U. of Colorado
NOAA Iodide CIMS Instrument
USOS
1, 1
2024, 07, 31, 2024, 08, 01
1
starttime_UTC, seconds_past_midnight, seconds_of_day_since_00:00:00_UTC
3
1, 1, 1
-9999, -9999, -9999
PAN_NOAACIMS, pptv, Gas_PAN_InSitu_S_AVMR, 
APAN_NOAACIMS, pptv, Gas_APAN_InSitu_S_AVMR, 
PPN_NOAACIMS, pptv, Gas_PPN_InSitu_S_AVMR, 
0
18
PI_CONTACT_INFO: 325 Broadway, R/CSD 7, Boulder, Colorado 80305; michael.a.robinson@noaa.gov; chris.jernigan@noaa.gov;
PLATFORM: NOAA CSL Mobile Lab
LOCATION: SLC, Utah
ASSOCIATED_DATA: 1Hz data also available on request.
INSTRUMENT_INFO: NOAA I- ToF CIMS
DATA_INFO: All data in parts per trillion by volume (pptv). 1 Hz data is available upon request.
UNCERTAINTY: TBD
ULOD_FLAG: -7777
ULOD_VALUE: N/A
LLOD_FLAG: -8888
LLOD_VALUE: N/A
DM_CONTACT_INFO: Nathan Howard; nathan.h.howard@noaa.gov
PROJECT_INFO: USOS, summer 2024. https://csl.noaa.gov/groups/csl7/measurements/2024usos/
STIPULATIONS_ON_USE: Users are strongly encouraged to contact the PI for proper data usage.
OTHER_COMMENTS: 
REVISION: RA
RA: Preliminary Data; For in-field use only
starttime_UTC, PAN_NOAACIMS, APAN_NOAACIMS, PPN_NOAACIMS
[from data line 802]
 48120, -9999.000, -9999.000, -9999.000
 48180, 536.618,  6.516, 58.173
 48240, 556.308,  8.793, 58.421
 48300, 555.306,  7.728, 57.908
 48360, 555.172,  8.022, 57.981
 48420, 555.608,  8.831, 54.092
 48480, 562.298, 10.519, 56.861
 48540, 565.293,  9.158, 55.934
 48600, 584.214,  8.897, 60.366
 48660, 584.249,  8.242, 62.496
 48720, 589.608, 10.900, 61.387
 48780, 596.771,  9.922, 62.430
 48840, 600.972,  6.979, 59.124
 48900, 622.190,  8.186, 60.024
 48960, 617.754, 10.027, 62.157
 49020, 689.329, 10.551, 68.660
 49080, 624.095, 11.049, 64.948
 49140, 632.541, 11.260, 64.038
 49200, 626.412, 10.962, 60.464
 49260, 617.269, 10.129, 59.981
 49320, 617.483,  9.706, 58.666
 49380, 614.116,  8.745, 60.598
 49440, 598.431,  9.035, 57.665
 49500, 581.499, 10.204, 52.671
 49560, 575.865,  9.266, 55.560
 49620, 575.597,  8.820, 56.000
 49680, 578.975,  7.819, 55.733
 49740, 588.833,  9.903, 53.547
 49800, 576.928,  7.296, 51.342
 49860, 557.867, 10.361, 53.364
 49920, 616.190,  9.398, 59.533
 49980, 567.180,  8.088, 48.258
 50040, 607.516,  8.922, 59.254
 50100, 615.932,  6.378, 63.414
 50160, 603.673,  9.719, 57.009
 50220, 613.114,  9.132, 56.852
 50280, 615.240,  5.940, 63.500
 50340, 618.589, 10.756, 61.261
 50400, 613.615, 11.096, 63.069
 50460, 594.515,  9.045, 57.919
 50520, 612.007,  9.821, 61.263
 50580, 590.135, 12.806, 55.876
 50640, 585.428,  6.964, 54.656
 50700, 572.791,  9.666, 55.338
 50760, 578.426,  9.881, 52.729
 50820, 608.215,  8.594, 55.359
 50880, 558.204,  8.161, 51.078
 50940, 548.935,  8.696, 50.001
 51000, 550.000,  7.252, 50.769
 51060, 554.816,  7.957, 51.367
 51120, 567.130, 10.525, 52.448
 51180, 552.813, 10.101, 50.571
 51240, 543.444,  9.783, 51.208
 51300, 555.806,  9.402, 52.342
 51360, 574.878,  8.155, 56.303
 51420, 558.405,  8.715, 51.050
 51480, 573.582,  7.963, 54.037
 51540, 574.488,  6.095, 52.734
 51600, 544.859, 10.159, 50.304
 51660, 548.562, 10.798, 52.148
 51720, 592.234,  9.449, 54.057
 51780, 555.045,  8.684, 55.605
 51840, -9999.000, -9999.000, -9999.000
 51900, 542.380,  9.344, 50.056
 51960, 541.630,  9.718, 52.180
 52020, 534.447, 10.105, 51.458
 52080, 558.377,  8.147, 55.765
 52140, 565.295,  7.191, 55.758
 52200, 575.505,  7.957, 57.467
 52260, 562.803, 11.264, 54.493
 52320, 570.653, 10.257, 52.645
 52380, 575.897,  7.989, 53.181
 52440, 574.652, 12.313, 54.405
 52500, 584.858,  9.455, 55.804
 52560, 596.416,  5.865, 60.513
 52620, 621.396, 10.233, 59.574
 52680, 627.248, 10.608, 59.622
 52740, 616.446, 10.326, 62.054
 52800, 600.886,  8.115, 58.988
 52860, 604.652,  7.579, 57.778
 52920, 589.386, 11.029, 58.622
 52980, 586.677, 11.687, 60.255
 53040, 591.061,  9.157, 61.330
 53100, 583.715,  8.342, 55.291
 53160, 607.106,  9.370, 58.375
 53220, 606.963, 10.474, 60.313
 53280, 609.695, 10.029, 58.083
 53340, 611.395,  9.625, 59.860
 53400, 612.590,  9.902, 60.844
 53460, 603.739,  8.975, 59.194
 53520, 603.337,  9.409, 61.590
 53580, 640.435,  9.975, 60.983
 53640, 605.177,  7.525, 62.996
 53700, 577.696,  5.830, 53.901
 53760, 601.057, 10.020, 61.350
 53820, 625.580,  6.105, 56.900
 53880, 610.259,  7.670, 60.927
 53940, 607.842, 10.542, 62.389
 54000, 622.602, 11.879, 60.516
 54060, 626.542, 10.017, 63.985
 54120, 629.766,  9.964, 67.384
 54180, 641.936,  7.720, 67.346
 54240, 650.731,  8.249, 69.776
 54300, 645.540,  9.993, 64.111
 54360, 653.244,  8.681, 70.377
 54420, 650.568,  9.156, 64.673
 54480, 664.013,  9.768, 65.973
 54540, 640.835, 11.178, 65.598
 54600, 631.024,  8.278, 62.574
 54660, 659.032, 11.146, 68.400
 54720, 654.787, 12.073, 69.498
 54780, 659.384, 10.406, 69.782
 54840, 677.332,  9.177, 67.525
 54900, 674.944, 10.821, 69.412
 54960, 668.840, 12.831, 67.312
 55020, 652.209,  9.092, 68.424
 55080, 658.047, 10.126, 65.748
 55140, 673.248, 10.637, 66.125
 55200, 661.813, 10.384, 66.704
 55260, 664.330, 10.251, 67.003
 55320, 660.965, 11.029, 66.845
 55380, 690.512, 10.001, 69.223
 55440, 662.121, 11.006, 68.474
 55500, 676.056, 13.053, 64.371
 55560, 630.529,  8.967, 85.016
 55620, 631.140, 12.864, 63.306
 55680, 614.368,  9.208, 57.889
 55740, 607.068, 11.692, 54.853
 55800, 623.532, 11.726, 57.632
 55860, 597.536,  9.639, 59.170
 55920, 581.094,  9.114, 56.016
 55980, 602.427, 10.605, 58.235
 56040, 621.165, 10.662, 57.796
 56100, 630.292, 10.150, 59.209
 56160, 641.284, 10.098, 59.715
 56220, 658.125,  8.387, 65.429
 56280, 687.740, 10.253, 63.020
 56340, 723.037,  9.998, 69.241
 56400, 688.010, 11.734, 65.688
 56460, 673.992, 12.101, 62.101
 56520, 678.989,  9.235, 62.733
 56580, 699.366, 10.214, 70.286
 56640, 701.748,  8.398, 66.746
 56700, 699.495, 12.341, 69.685
 56760, 713.687,  8.906, 69.209
 56820, 718.243, 10.554, 71.771
 56880, 723.250,  9.404, 74.877
 56940, 733.760,  9.320, 69.970
 57000, 742.962, 11.202, 73.999
 57060, 734.188, 11.830, 78.384
 57120, 742.181,  9.674, 74.380
 57180, 734.939,  8.469, 73.557
 57240, 805.801, 12.012, 84.967
 57300, 765.687,  9.658, 75.579
 57360, 785.639, 12.569, 77.566
 57420, 755.765, 13.797, 74.952
 57480, 741.158, 11.086, 74.018
 57540, 771.928, 10.152, 82.314
 57600, 787.170, 11.643, 79.817
 57660, 782.396, 14.523, 81.088
 57720, 765.268, 10.691, 77.704
 57780, 787.218, 12.612, 79.667
 57840, 795.055, 11.015, 83.926
 57900, 802.646, 11.455, 84.726
 57960, 791.262, 10.371, 78.728
 58020, 781.665, 12.402, 76.738
 58080, 786.088, 11.072, 74.106
 58140, 825.907, 11.192, 83.713
 58200, 803.140, 12.132, 81.228
 58260, 804.426, 12.058, 81.880
 58320, 800.861, 10.724, 79.579
 58380, 794.965, 10.434, 76.084
 58440, 798.164, 12.937, 77.870
 58500, 804.840, 10.084, 78.566
 58560, 822.553, 12.471, 77.176
 58620, 840.351, 10.729, 84.055
 58680, 831.439, 14.411, 85.049
 58740, 830.629, 12.166, 83.331
 58800, 823.725, 12.872, 78.394
 58860, 805.122, 10.113, 82.907
 58920, 808.466, 10.222, 81.484
 58980, 811.231, 12.153, 81.314
 59040, 877.409, 10.229, 83.927
 59100, 850.263, 12.555, 85.769
 59160, 820.465, 12.559, 80.517
 59220, -9999.000, -9999.000, -9999.000
 59280, 859.037, 14.625, 88.927
 59340, 835.626, 11.139, 78.597
 59400, 848.774, 10.758, 87.610
 59460, 857.930, 12.465, 87.644
 59520, 873.419, 15.014, 90.538
 59580, 875.039,  9.459, 91.649
 59640, 887.798, 11.515, 91.203
 59700, 902.001, 10.810, 89.352
 59760, 864.438, 10.366, 89.688
 59820, 869.393, 11.581, 85.167
 59880, 903.489, 12.022, 93.211
 59940, 917.014, 11.863, 94.907
 60000, 932.239, 12.744, 97.846
 60060, 923.980, 10.874, 91.075
 60120, 914.587, 10.343, 93.031
 60180, 923.170,  9.025, 100.069
 60240, 899.154, 12.905, 92.514
 60300, 924.853, 10.017, 95.647
 60360, 891.908,  9.175, 88.183
 60420, 876.655, 11.065, 93.235
 60480, 897.936, 10.050, 95.732
 60540, 911.701, 10.059, 97.421
 60600, 921.882, 10.320, 93.746
 60660, 929.721, 10.245, 97.001
 60720, 935.695,  8.745, 96.415
 60780, 918.904,  9.662, 97.144
 60840, 921.052, 10.336, 93.603
 60900, 954.411, 10.940, 97.091
 60960, 920.214, 10.624, 95.329
 61020, 874.633,  9.624, 94.968
 61080, -9999.000, -9999.000, -9999.000
 61140, 941.513,  9.825, 101.159
 61200, 946.331, 10.201, 98.784
 61260, 950.038, 10.233, 101.886
 61320, 945.528, 11.912, 105.134
 61380, 940.585, 10.456, 101.099
 61440, 950.053, 12.504, 96.758
 61500, 959.997, 10.090, 103.624
 61560, 969.667, 10.241, 106.622
 61620, 969.524, 12.499, 109.027
 61680, 975.973, 10.222, 108.381
 61740, 947.194,  9.364, 104.073
 61800, 1026.435, 10.209, 113.008
 61860, 983.955, 10.458, 107.393
 61920, 975.095,  8.949, 109.339
 61980, 1009.704, 11.906, 113.928
 62040, 1001.489, 10.141, 113.805
 62100, 994.829,  9.556, 114.124
 62160, 989.046,  9.994, 108.537
 62220, 966.506, 12.494, 110.019
 62280, 944.380, 12.352, 110.958
 62340, 958.494,  9.780, 103.298
 62400, 939.557, 11.773, 111.422
 62460, 1002.825, 12.699, 115.770
 62520, 961.721,  9.507, 113.555
 62580, 965.753, 10.038, 106.263
 62640, 968.599, 11.242, 115.001
 62700, 994.633, 11.334, 116.511
 62760, 948.068,  9.333, 112.293
 62820, 966.366, 12.660, 112.321
 62880, 941.325, 15.379, 114.542
 62940, -9999.000, -9999.000, -9999.000
 63000, 923.484, 11.209, 109.894
 63060, 933.646, 12.435, 111.707
 63120, 899.067, 11.281, 109.374
 63180, 904.454, 11.845, 106.192
 63240, 935.084,  7.333, 110.283
 63300, 928.680, 10.130, 113.859
 63360, 944.373,  9.561, 112.653
 63420, 929.876, 10.653, 111.935
 63480, 929.084, 10.462, 109.990
 63540, 929.034,  6.875, 114.318
 63600, 982.403,  8.980, 120.928
 63660, 935.300, 10.688, 113.451
 63720, 949.269, 10.424, 112.980
 63780, 929.103,  9.476, 114.611
 63840, 912.091, 10.063, 113.093
 63900, 911.883,  8.341, 113.132
 63960, 933.064, 10.866, 113.852
 64020, 954.631,  9.472, 112.813
 64080, 971.393,  9.827, 115.386
 64140, 936.186,  8.537, 114.412
 64200, 948.526, 10.341, 113.665
 64260, 934.944,  8.949, 113.339
 64320, 936.939,  9.199, 117.705
 64380, 974.160,  7.210, 122.960
 64440, 983.216, 10.643, 125.527
 64500, 980.894, 11.096, 118.400
 64560, 1032.603, 10.134, 129.061
 64620, 975.661,  7.728, 120.986
 64680, 989.848,  7.872, 125.064
 64740, 974.141,  9.589, 130.962
 64800, 1054.146, 18.809, 132.158
 64860, 1015.961,  7.407, 124.610
 64920, 1001.160, 10.996, 129.141
 64980, 1017.819, 10.411, 133.296
 65040, 1008.108,  9.293, 139.797
 65100, 1016.317,  9.381, 135.302
 65160, 1007.629, 10.406, 132.491
 65220, 1030.617,  9.083, 134.706
 65280, 1049.116,  7.936, 147.273
 65340, 1065.065,  9.244, 148.226
 65400, 1063.690,  6.890, 145.179
 65460, 1122.646,  8.157, 154.466
 65520, 1093.742, 11.645, 151.241
 65580, 1103.365,  9.717, 156.661
 65640, 1113.207, 10.205, 161.160
 65700, 1122.633, 10.261, 160.006
 65760, 1168.206, 11.105, 168.091
 65820, 1217.810, 10.261, 175.792
 65880, 1242.334, 11.125, 183.820
 65940, 1232.554,  9.456, 188.270
 66000, 1182.378, 10.753, 174.615
 66060, 1215.017, 10.875, 177.358
 66120, 1374.668, 11.395, 213.404
 66180, 1369.064, 10.343, 203.925
 66240, 1368.159, 10.976, 215.221
 66300, 1459.084, 16.352, 225.593
 66360, 1572.759, 14.752, 239.839
 66420, 1404.127, 11.873, 216.262
 66480, 1407.641, 11.087, 207.811
 66540, 1425.000, 10.784, 226.304
 66600, -9999.000, -9999.000, -9999.000
 66660, 1427.830, 13.061, 214.482
 66720, 1281.772, 10.485, 188.314
 66780, 1327.537, 13.763, 196.011
 66840, 1311.865, 10.222, 194.649
 66900, 1304.734, 11.218, 187.098
 66960, 1288.913,  9.446, 191.503
 67020, 1291.593, 10.316, 188.982
 67080, 1280.750, 12.275, 182.834
 67140, 1290.542,  8.616, 177.958
 67200, 1287.947, 11.951, 183.925
 67260, 1469.812, 12.160, 212.502
 67320, 1400.266, 10.160, 204.700
 67380, 1386.199, 11.631, 208.780
 67440, 1471.386,  8.494, 217.884
 67500, 1523.182, 12.030, 224.882
 67560, 1508.649, 12.922, 221.848
 67620, 1483.982, 12.550, 213.887
 67680, 1473.706, 13.305, 212.727
 67740, 1434.136, 12.353, 207.152
 67800, 1462.482, 12.475, 213.049
 67860, 1423.209, 11.241, 200.489
 67920, 1478.260, 11.626, 216.340
 67980, 1425.905,  9.498, 204.583
 68040, 1474.182, 11.536, 212.361
 68100, 1444.299, 12.937, 212.474
 68160, 1470.961, 10.874, 214.290
 68220, 1639.317, 11.354, 239.904
 68280, 1641.757, 14.617, 251.551
 68340, 1690.306, 15.042, 254.344
 68400, 1611.100, 13.536, 237.372
 68460, -9999.000, -9999.000, -9999.000
 68520, 1529.138, 13.727, 222.777
 68580, 1391.190,  8.180, 194.747
 68640, 1348.383, 12.595, 179.285
 68700, 1329.508, 11.812, 176.045
 68760, 1350.371,  9.474, 185.072
 68820, 1300.294, 10.749, 176.142
 68880, 1320.598, 11.238, 175.408
 68940, 1291.545, 10.213, 176.787
 69000, 1291.063, 10.660, 176.315
 69060, 1223.313,  6.727, 164.670
 69120, 1149.507,  8.988, 144.912
 69180, 1085.285,  6.861, 135.468
 69240, 1072.886,  7.497, 137.506
 69300, 1058.326,  9.007, 132.029
 69360, 1036.156,  9.607, 130.562
 69420, 1030.516,  8.957, 132.201
 69480, 1011.380,  7.226, 129.818
 69540, 993.641,  8.857, 123.777
 69600, 967.170,  8.740, 122.051
 69660, 993.520,  8.931, 126.856
 69720, 1032.312,  9.007, 131.163
 69780, 1042.706,  7.369, 137.762
 69840, 1025.213,  6.625, 136.851
 69900, 992.106,  7.593, 122.930
 69960, 983.539,  6.789, 120.946
 70020, 1058.024,  8.847, 133.967
 70080, 977.513,  7.446, 124.385
 70140, 1076.932,  9.069, 141.436
 70200, 1122.162,  6.784, 143.870
 70260, 1149.363,  8.321, 143.451
 70320, -9999.000, -9999.000, -9999.000
 70380, 1128.552, 11.608, 149.354
 70440, 1117.734,  9.881, 147.494
 70500, 1103.753,  7.187, 144.558
 70560, 1113.273,  7.585, 144.599
 70620, 1076.649,  8.119, 135.590
 70680, 1064.429,  9.410, 134.870
 70740, 1131.690,  6.374, 149.686
 70800, 1105.675, 10.273, 142.073
 70860, 1110.508,  9.340, 147.639
 70920, 1157.976,  9.935, 154.249
 70980, 1102.217, 10.310, 144.362
 71040, 1175.289,  9.063, 160.308
 71100, 1157.075,  9.731, 151.547
 71160, 1131.789, 10.723, 149.911
 71220, 1055.778,  7.647, 136.477
 71280, 1065.552,  9.553, 138.658
 71340, 1117.323,  9.620, 145.533
 71400, 1188.524,  9.561, 155.250
 71460, 1157.094, 10.836, 159.086
 71520, 1086.381,  8.233, 135.478
 71580, 1090.510,  8.463, 138.868
 71640, 1129.424,  8.055, 147.570
 71700, 1048.350,  7.077, 130.394
 71760, 1048.735, 10.113, 127.736
 71820, 1055.033,  7.463, 131.299
 71880, 1125.813,  9.648, 140.075
 71940, 1070.455, 11.711, 139.339
 72000, 1137.260,  9.427, 155.827
 72060, 1137.993, 10.721, 159.403
 72120, 1119.808,  9.224, 161.266
 72180, 1094.838,  9.776, 170.111
 72240, 1146.234, 10.046, 158.767
 72300, 1133.450,  9.954, 155.257
 72360, 1130.288,  7.564, 166.064
 72420, 1107.304,  6.897, 156.553
 72480, 1096.443,  8.537, 154.374
 72540, 1096.987,  9.712, 157.713
 72600, 1079.491,  9.110, 157.669
 72660, 1039.950,  5.880, 150.920
 72720, 994.284, 10.074, 137.973
 72780, 1053.177, 10.084, 150.195
 72840, 959.122,  9.017, 134.054
 72900, 994.993, 10.027, 140.431
 72960, 978.875,  8.161, 133.477
 73020, 956.451,  8.410, 132.495
 73080, 949.961,  8.186, 133.502
 73140, 914.690,  7.325, 126.587
 73200, 899.496,  8.982, 125.288
 73260, 923.604, 10.575, 126.613
 73320, 925.323,  7.092, 132.004
 73380, 897.798,  8.699, 124.352
 73440, 878.036,  4.980, 124.165
 73500, 894.226,  7.716, 121.071
 73560, 883.200,  7.059, 128.261
 73620, 851.643,  7.546, 117.426
 73680, 826.995,  8.760, 115.737
 73740, 832.664,  9.537, 117.076
 73800, 862.382,  6.755, 125.069
 73860, 866.929,  6.658, 129.064
 73920, 869.328,  8.543, 129.203
 73980, 904.867,  4.139, 135.288
 74040, 846.586,  2.974, 126.259
 74100, 850.580,  7.762, 120.286
 74160, 805.770,  8.041, 111.771
 74220, 782.333,  8.299, 105.721
 74280, 798.281, 10.218, 100.945
 74340, 828.351,  5.343, 112.478
 74400, 837.899,  9.125, 116.104
 74460, 831.122,  5.120, 113.338
 74520, 855.950,  9.596, 113.408
 74580, 934.015,  9.133, 123.806
 74640, 844.861,  8.173, 108.406
 74700, 789.045,  7.501, 94.748
 74760, 859.211,  8.948, 115.990
 74820, 877.860,  5.003, 119.173
 74880, 880.898,  9.307, 120.418
 74940, 908.543,  7.263, 124.444
 75000, 880.456,  9.180, 119.436
 75060, 868.200,  9.755, 119.854
 75120, 855.207,  7.790, 121.451
 75180, 882.802,  7.942, 125.738
 75240, 911.749,  7.539, 132.170
 75300, 886.649,  9.330, 130.649
 75360, 890.684,  6.300, 130.887
 75420, 857.370,  6.018, 123.941
 75480, 922.646,  9.171, 134.671
 75540, 881.005,  8.092, 126.239
 75600, 921.859,  8.525, 130.627
 75660, 900.397,  8.072, 126.837
 75720, 937.741, 12.594, 127.809
 75780, 1003.123,  8.339, 133.316
 75840, 997.828,  7.409, 135.455
 75900, 1068.761, 10.297, 144.053
 75960, 1082.344,  7.728, 146.541
 76020, 1091.629,  8.547, 136.546
 76080, 1166.770,  7.718, 156.769
 76140, 1152.285,  9.132, 153.709
 76200, 1157.661,  8.446, 161.792
 76260, 1204.293,  9.185, 160.896
 76320, 1236.146,  7.695, 173.930
 76380, 1235.814, 10.321, 165.680
 76440, 1384.464,  6.962, 172.735
 76500, 1283.671, 12.236, 164.180
 76560, 1291.993,  7.629, 168.459
 76620, 1200.850,  7.842, 162.236
 76680, 1164.785,  7.676, 159.997
 76740, 1209.773,  9.492, 162.849
 76800, 1264.046,  7.111, 160.222
 76860, 1317.535,  7.855, 170.992
 76920, 1345.537,  8.003, 168.672
 76980, 1347.551,  9.582, 169.118
 77040, 1351.510, 11.611, 177.649
 77100, 1308.731,  8.955, 162.049
