CampaignData_and_Merges/R0/CSL_MobileLab_Parked/raw/20240731/USOS-HCHO_MobileLabGround_20240731_R0.ict
35,1001
Huang, Yaoxian
Wayne State University
Picarro G2307 on CSL Mobile Lab
USOS
1,1
2024,07,31,2024,08,01
1.0
Time_Start,seconds_since_midnight,number_of_seconds_since_0000_UTC
3
1.0,1.0,1.0
-9999.0,-9999.0,-9999.0
HCHO,ppbv,Gas_HCHO_InSitu_S_AVMR,volume mixing ratio of formaldehyde in air
H2O,ppmv,Gas_H2O_InSitu_S_AVMR,volume mixing ratio of water vapor in air
CH4,ppmv,Gas_CH4_InSitu_S_AVMR,volume mixing ratio of methane in air
0
18
PI_CONTACT_INFO: yaoxian.huang@wayne.edu
PLATFORM: CSL Mobile Lab, at Ground Site
LOCATION: Salt Lake City, UT
ASSOCIATED_DATA: N/A
INSTRUMENT_INFO: Cavity Ring-Down Spectrometer
DATA_INFO: Data is averaged to 1 minute intervals for stationary and 1 second interval for driving. Stationary data collected from a 20 ft tower on top of the mobile lab.
UNCERTAINTY: N/A
ULOD_FLAG: -7777
ULOD_VALUE: N/A
LLOD_FLAG: -8888
LLOD_VALUE: N/A
DM_CONTACT_INFO: Yaoxian Huang; yaoxian.huang@wayne.edu
PROJECT_INFO: USOS, Summer 2024. https://csl.noaa.gov/groups/csl7/measurements/2024usos/
STIPULATIONS_ON_USE: Users are strongly encouraged to contact the PI for proper data usage.
OTHER_COMMENTS: Data have been shifted backwards by 1 minute to align with USOS MetNav and Picarro GHG data.
REVISION: R0
R0: Final Data
Time_Start,HCHO,H2O,CH4
0,2.27162,7623.25,1.96986
60,2.29975,7461.74,1.96313
120,2.57927,6822.19,1.96263
180,2.6116,6765.59,1.95752
240,2.23261,6468.93,1.96228
300,2.24835,6439.29,1.95711
360,3.13329,6348.03,1.95788
420,2.63461,6447.28,1.95982
480,2.65371,6899.44,1.96014
540,2.56214,6878.23,1.9573
600,2.47346,6663.64,1.95695
660,2.45558,7593.7,1.98945
720,2.29895,7319.53,1.95744
780,2.20237,7269.02,1.95814
840,2.54374,7213.95,1.96964
900,2.89208,7306.12,1.96299
960,4.18189,7406.47,2.06258
1020,2.5935,6610.71,1.96443
1080,2.6617,6604.28,1.96223
1140,2.30165,6359.95,1.96016
1200,2.29369,6376.72,1.96189
1260,2.44514,6517.01,1.98239
1320,2.48143,6615.46,1.96917
1380,2.61966,6737.8,1.96542
1440,2.70499,6438.6,1.97492
1500,2.52406,6614.42,1.96437
1560,2.66025,6818.13,1.96996
1620,3.03584,7008.85,1.96252
1680,2.64978,7083.9,1.96708
1740,3.00314,7306.59,1.96378
1800,2.46563,7065.91,1.96069
1860,2.47012,6963.97,1.96103
1920,2.10858,7203.18,1.95913
1980,2.3066,7080.38,1.95836
2040,2.53461,7409.87,1.9579
2100,2.30061,6901.0,1.95727
2160,2.33448,6993.6,1.95826
2220,2.33153,7064.42,1.95962
2280,2.65638,7337.88,1.95783
2340,2.6193,7354.02,1.95754
2400,2.75193,7471.37,1.95715
2460,2.33843,7329.26,1.95493
2520,2.54155,7374.6,1.95602
2580,2.47614,7493.28,1.95369
2640,2.63786,7269.78,1.95645
2700,2.39829,7194.25,1.95473
2760,2.53319,7447.51,1.95491
2820,2.6842,7223.9,1.95425
2880,2.63085,7326.46,1.95759
2940,2.40592,7487.98,1.9597
3000,2.60809,7481.03,1.9616
3060,2.46941,7262.37,1.96204
3120,2.56539,7468.25,1.96135
3180,2.4764,7769.73,1.96076
3240,2.82293,7716.74,1.96004
3300,2.6696,7363.06,1.96218
3360,2.45234,7407.94,1.96267
3420,2.67328,7682.39,1.9638
3480,2.94381,7703.31,1.96489
3540,2.15904,-99990000.0,-9999.0
3600,-9999.0,-9999.0,-9999.0
3660,-9999.0,-9999.0,-9999.0
3720,-9999.0,-9999.0,-9999.0
3780,-9999.0,-9999.0,-9999.0
3840,-9999.0,-9999.0,-9999.0
3900,-9999.0,-9999.0,-9999.0
3960,-9999.0,-9999.0,-9999.0
4020,-9999.0,-9999.0,-9999.0
4080,-9999.0,-9999.0,-9999.0
4140,-9999.0,-9999.0,-9999.0
4200,-9999.0,-9999.0,-9999.0
4260,-9999.0,-9999.0,-9999.0
4320,-9999.0,-9999.0,-9999.0
4380,-9999.0,-9999.0,-9999.0
4440,-9999.0,-9999.0,-9999.0
4500,-9999.0,-9999.0,-9999.0
4560,-9999.0,-9999.0,-9999.0
4620,-9999.0,-9999.0,-9999.0
4680,-9999.0,-9999.0,-9999.0
4740,-9999.0,-9999.0,-9999.0
4800,-9999.0,-9999.0,-9999.0
4860,-9999.0,-9999.0,-9999.0
4920,-9999.0,-9999.0,-9999.0
4980,-9999.0,-9999.0,-9999.0
5040,-9999.0,-9999.0,-9999.0
5100,3.1551,7982.37,1.96215
5160,2.88285,7249.26,1.95854
5220,2.65125,7308.37,1.9564
5280,2.79953,7546.08,1.95984
5340,2.6712,7598.84,1.9574
5400,2.82174,7853.3,1.95618
5460,2.92111,7824.59,1.95723
5520,2.83991,7713.72,1.95889
5580,3.01989,7567.4,1.96049
5640,2.9036,7629.72,1.96076
5700,2.91301,7488.57,1.9635
5760,2.94889,7679.38,1.96275
5820,2.71504,7461.35,1.96272
5880,2.91175,7362.39,1.96246
5940,2.96116,7846.83,1.96378
6000,2.74382,7474.09,1.96091
6060,2.76904,7454.94,1.96102
6120,2.79608,7283.85,1.96076
6180,2.70682,7274.02,1.96113
6240,2.70922,7305.6,1.96087
6300,2.54692,7251.07,1.96117
6360,2.86163,7174.15,1.95668
6420,2.7954,7595.84,1.96228
6480,2.7607,7490.92,1.96002
6540,2.46964,7138.92,1.95889
6600,2.68356,7276.79,1.95976
6660,2.5509,7479.29,1.95861
6720,2.67269,7369.04,1.95976
6780,2.56113,7621.36,1.96023
6840,3.09031,7895.58,1.96024
6900,2.73388,7557.19,1.95703
6960,2.71788,7465.62,1.95867
7020,2.87216,7784.75,1.96081
7080,3.02398,8177.16,1.96327
7140,2.89869,8097.66,1.96085
7200,3.03993,8157.17,1.96238
7260,2.89343,7794.58,1.96037
7320,2.77444,7750.75,1.96469
7380,2.80712,7692.54,1.96037
7440,3.12787,8193.92,1.96208
7500,3.02681,7898.54,1.96255
7560,3.05604,7979.65,1.9647
7620,2.9851,8429.66,1.96571
7680,3.16608,7909.84,1.96264
7740,2.99065,8225.69,1.96406
7800,3.00623,8278.69,1.96561
7860,3.34136,8469.88,1.96596
7920,3.16524,8076.3,1.9658
7980,3.16501,8351.42,1.96755
8040,3.28139,8458.5,1.97053
8100,3.30113,8458.03,1.9734
8160,3.31332,8322.92,1.9726
8220,3.18838,8200.84,1.97632
8280,3.37697,8354.32,1.97649
8340,3.45423,8283.55,1.97855
8400,3.46325,8501.65,1.98147
8460,3.31779,8287.74,1.97838
8520,3.3754,8071.27,1.97779
8580,3.39217,8032.04,1.97584
8640,3.33482,8240.95,1.9764
8700,3.32979,8192.57,1.97388
8760,3.15377,8211.29,1.97239
8820,2.98556,8224.75,1.97107
8880,3.00508,8329.0,1.9714
8940,3.17186,8364.21,1.97298
9000,3.72488,8386.71,1.97546
9060,3.88139,8447.5,1.97517
9120,3.8097,8614.98,1.9731
9180,3.36892,8586.06,1.97105
9240,3.17907,8571.35,1.96834
9300,3.25224,8495.05,1.97111
9360,3.16436,8520.13,1.96703
9420,3.05485,8596.81,1.96728
9480,3.00452,8601.41,1.96649
9540,3.21806,8704.69,1.96789
9600,3.16392,8855.69,1.96974
9660,3.29896,8669.95,1.96615
9720,3.23999,8717.0,1.96672
9780,3.12415,8677.51,1.96379
9840,3.22982,8714.28,1.96709
9900,3.23749,8651.43,1.96208
9960,3.1316,8628.46,1.96349
10020,3.04221,8578.08,1.96215
10080,3.17274,8669.96,1.96082
10140,3.17047,8599.92,1.95843
10200,3.09479,8546.11,1.9631
10260,3.00069,8477.08,1.96304
10320,3.20842,8489.82,1.9569
10380,2.85224,8500.8,1.96208
10440,3.03433,8425.8,1.95938
10500,2.95787,8336.42,1.95782
10560,2.90186,8249.61,1.96133
10620,2.77408,8238.75,1.95795
10680,2.89282,8237.26,1.95631
10740,2.87652,8232.51,1.96084
10800,2.71212,8188.73,1.95724
10860,3.16779,8213.91,1.95696
10920,2.92842,8133.68,1.95759
10980,2.65607,8144.14,1.9547
11040,2.59395,8179.17,1.95557
11100,2.60525,8058.82,1.95669
11160,2.66707,8163.63,1.95436
11220,2.67266,8134.49,1.95385
11280,2.72605,8050.87,1.95678
11340,2.44069,7924.13,1.95252
11400,2.72259,7918.1,1.95466
11460,2.57064,8060.61,1.95556
11520,2.58805,8018.09,1.95689
11580,2.54587,8062.28,1.9558
11640,2.68466,7900.15,1.95599
11700,2.39358,7855.28,1.95479
11760,2.42136,7766.17,1.95489
11820,2.60122,7695.46,1.95538
11880,2.49686,7750.19,1.9564
11940,2.54725,7800.42,1.9552
12000,2.60186,7814.29,1.95493
12060,2.56443,7806.23,1.95557
12120,2.50974,7819.71,1.95482
12180,2.43495,7852.89,1.9563
12240,2.52364,7821.1,1.95587
12300,2.64793,7858.72,1.95626
12360,2.63593,7833.19,1.95573
12420,2.66637,7805.78,1.95705
12480,2.5856,7750.36,1.95671
12540,2.32583,7644.98,1.9544
12600,2.25327,7670.42,1.95686
12660,2.65295,7624.13,1.95574
12720,2.48272,7638.3,1.95699
12780,2.39113,7586.07,1.95529
12840,2.71798,7601.0,1.95905
12900,2.66494,7598.73,1.95728
12960,2.38082,7597.15,1.95693
13020,2.56998,7520.79,1.95715
13080,2.41234,7567.07,1.95681
13140,2.24906,7514.99,1.95522
13200,2.45579,7521.4,1.95583
13260,2.61421,7552.15,1.95739
13320,2.4799,7450.85,1.95771
13380,2.47322,7473.63,1.95965
13440,2.36348,7386.88,1.95594
13500,2.25624,7446.74,1.95846
13560,2.36628,7449.77,1.95899
13620,2.53031,7487.73,1.95781
13680,2.3889,7463.39,1.95852
13740,2.42926,7456.13,1.95781
13800,2.42964,7461.65,1.95719
13860,2.56637,7553.29,1.95733
13920,2.23651,7559.63,1.95529
13980,2.48349,7479.0,1.95705
14040,2.27157,7500.8,1.95744
14100,2.2855,7468.59,1.9558
14160,2.00328,7387.65,1.95343
14220,2.17164,7474.7,1.96054
14280,2.3531,7393.77,1.95898
14340,2.2918,7413.22,1.96175
14400,2.21063,7455.99,1.95971
14460,2.25644,7328.53,1.95568
14520,2.46045,7335.82,1.95649
14580,2.32364,7341.57,1.95767
14640,2.14058,7236.85,1.95422
14700,2.11032,7371.22,1.95564
14760,2.08413,7370.42,1.95585
14820,2.31746,7269.22,1.95642
14880,2.07681,7253.42,1.95425
14940,2.1767,7196.42,1.9537
15000,2.21492,7184.57,1.95651
15060,1.86745,7156.99,1.95523
15120,1.95668,7110.06,1.95551
15180,2.19028,7143.04,1.95386
15240,2.15107,7278.68,1.9549
15300,2.15497,7086.59,1.95353
15360,2.03563,6949.28,1.95436
15420,2.12323,7039.66,1.95556
15480,2.22608,7146.1,1.95787
15540,2.30406,7213.41,1.96239
15600,2.23653,7111.18,1.95777
15660,1.9838,6970.54,1.95449
15720,2.06233,7089.6,1.95745
15780,1.88719,7012.34,1.95618
15840,2.03188,6925.72,1.95575
15900,2.24195,6974.52,1.95534
15960,2.01256,6798.15,1.95227
16020,2.01595,6881.16,1.9517
16080,1.8543,6877.71,1.95119
16140,2.1173,6867.38,1.95347
16200,1.97044,6852.37,1.95127
16260,2.00874,6886.01,1.95482
16320,2.09999,6927.23,1.95365
16380,2.00766,6900.53,1.95447
16440,2.08667,6816.95,1.95304
16500,1.81338,6882.7,1.95333
16560,2.07438,6888.68,1.9574
16620,2.22334,7111.5,1.9572
16680,2.14069,7093.9,1.95588
16740,2.04861,6951.43,1.95283
16800,1.92242,6858.22,1.95404
16860,1.86066,6906.82,1.95452
16920,1.94181,6920.04,1.95534
16980,1.96765,6929.63,1.95579
17040,2.19725,7106.53,1.95644
17100,2.40363,7251.45,1.96224
17160,2.34798,7197.47,1.96177
17220,2.11811,7337.61,1.9561
17280,2.23495,7269.94,1.96306
17340,2.36839,7344.1,1.96865
17400,2.33494,7421.01,1.96851
17460,2.4275,7412.81,1.96588
17520,2.19059,7381.69,1.9652
17580,2.35405,7408.62,1.96459
17640,2.47226,7541.45,1.96527
17700,2.54358,7591.23,1.97402
17760,2.27465,7488.02,1.96933
17820,2.26178,7338.67,1.96693
17880,2.37301,7499.77,1.97439
17940,2.44442,7672.3,1.97142
18000,2.41289,7605.61,1.97445
18060,2.51925,7743.58,1.97763
18120,2.56565,7703.05,1.97798
18180,2.36379,7593.67,1.98158
18240,2.5641,7483.66,1.9791
18300,2.63012,7245.04,1.97377
18360,2.39956,7402.4,1.97474
18420,2.65784,7328.83,1.96823
18480,2.62569,7284.5,1.97114
18540,2.12454,7180.47,1.96952
18600,2.36927,7201.67,1.97403
18660,2.29376,7275.25,1.97752
18720,2.06803,7015.9,1.96251
18780,2.08021,6887.5,1.96007
18840,2.53347,7434.86,1.9835
18900,2.66566,7696.72,1.99309
18960,2.53368,7816.93,1.98359
19020,2.7043,7649.7,1.99232
19080,2.49319,7598.13,1.98649
19140,2.3602,7532.18,1.97868
19200,2.24987,7600.76,1.97644
19260,2.5178,8057.6,1.99045
19320,2.40263,8463.57,1.99921
19380,2.27798,7638.8,1.97532
19440,2.39025,8024.0,1.99063
19500,2.65249,7758.97,2.00793
19560,2.70789,7784.32,2.00772
19620,2.83255,7929.01,2.00322
19680,3.11096,8292.33,2.01249
19740,3.10947,8120.16,2.00787
19800,3.03095,8836.98,2.02484
19860,3.07744,8636.42,2.016
19920,3.15372,8447.19,2.02036
19980,3.07161,8835.54,2.03183
20040,2.9808,9548.27,2.04659
20100,3.36476,10137.0,2.0602
20160,3.45631,10394.6,2.06335
20220,3.30511,10345.3,2.06198
20280,3.22174,10287.8,2.05763
20340,3.07839,10230.0,2.06976
20400,3.03831,10683.3,2.13408
20460,3.31545,10704.3,2.09205
20520,3.35386,11147.9,2.10153
20580,3.20617,12407.9,2.11531
20640,3.39465,13171.4,2.123
20700,3.46088,12909.7,2.11802
20760,3.1466,12104.7,2.1157
20820,3.21731,12498.0,2.11434
20880,3.23423,13043.1,2.11424
20940,3.52429,12864.6,2.11645
21000,3.40051,13222.3,2.11835
21060,3.43543,13589.4,2.12211
21120,3.63838,13738.4,2.1215
21180,3.29637,13792.3,2.11946
21240,3.50924,13583.8,2.11818
21300,3.21958,13907.5,2.12019
21360,3.39447,14056.0,2.11729
21420,3.76311,14030.3,2.12022
21480,3.29996,14092.5,2.11962
21540,3.6728,14105.9,2.12041
21600,3.37268,14132.1,2.12103
21660,3.39956,14157.1,2.12021
21720,3.46131,14142.9,2.1209
21780,3.61632,14161.0,2.123
21840,3.40948,14197.6,2.12186
21900,3.52804,14150.7,2.12183
21960,3.76555,14153.5,2.12366
22020,3.70654,14119.2,2.1238
22080,3.6227,14062.6,2.12402
22140,3.60245,14009.6,2.12327
22200,3.65336,13997.8,2.12591
22260,3.84117,13989.7,2.12537
22320,3.53239,14040.6,2.12194
22380,3.60303,14150.3,2.12546
22440,3.69838,14225.7,2.13484
22500,3.64419,14203.3,2.12945
22560,3.47556,14224.3,2.13023
22620,3.77731,14318.2,2.13171
22680,3.76681,14407.2,2.12982
22740,3.83223,14304.2,2.12906
22800,3.66854,14288.9,2.12409
22860,3.4555,14274.8,2.12509
22920,3.42287,14284.7,2.12225
22980,3.61959,14284.9,2.13709
23040,3.75449,14300.7,2.14479
23100,4.14921,14272.3,2.13931
23160,3.84592,14252.0,2.14857
23220,3.87791,14277.7,2.14644
23280,3.69563,14245.7,2.14168
23340,3.72532,14260.7,2.13552
23400,3.48576,14278.9,2.13224
23460,3.92017,14306.7,2.14181
23520,3.7987,14260.8,2.13801
23580,3.87482,14210.6,2.13445
23640,3.64971,14259.2,2.13547
23700,3.66713,14258.3,2.13233
23760,4.06831,14285.1,2.13887
23820,3.77831,14223.3,2.13814
23880,3.96004,14228.4,2.14107
23940,3.92259,14207.6,2.13631
24000,3.9316,14206.1,2.14464
24060,3.97945,14194.1,2.1416
24120,3.98838,14219.9,2.13838
24180,3.86166,14275.2,2.13923
24240,3.80909,14301.0,2.1337
24300,3.73019,14288.0,2.13412
24360,3.76556,14250.6,2.13356
24420,3.45205,14148.6,2.12733
24480,3.41843,14180.7,2.12858
24540,3.6662,14249.5,2.13968
24600,3.74231,14236.1,2.14125
24660,3.67359,14216.4,2.13849
24720,3.76438,14260.4,2.1418
24780,3.84169,14266.3,2.14264
24840,3.6734,14238.9,2.14126
24900,3.96205,-1680800.0,-167.369
24960,-9999.0,-9999.0,-9999.0
25020,-9999.0,-9999.0,-9999.0
25080,-9999.0,-9999.0,-9999.0
25140,-9999.0,-9999.0,-9999.0
25200,-9999.0,-9999.0,-9999.0
25260,-9999.0,-9999.0,-9999.0
25320,-9999.0,-9999.0,-9999.0
25380,-9999.0,-9999.0,-9999.0
25440,-9999.0,-9999.0,-9999.0
25500,4.0857,13834.4,2.1299
25560,3.9907,13864.3,2.13322
25620,4.16317,13815.5,2.13225
25680,4.08527,13594.4,2.12571
25740,4.02133,13425.5,2.12321
25800,4.13059,13375.3,2.1218
25860,3.98205,13274.3,2.11777
25920,4.09104,13319.8,2.12047
25980,3.99216,13224.5,2.11762
26040,3.87597,13246.2,2.11893
26100,3.89932,13287.3,2.11772
26160,3.89723,13296.7,2.11725
26220,3.91157,13305.5,2.12545
26280,3.93405,13316.0,2.14706
26340,3.77298,13359.5,2.13915
26400,4.05955,13385.9,2.13261
26460,3.93893,13366.5,2.12788
26520,3.86334,13335.7,2.12185
26580,3.93269,13409.6,2.12718
26640,3.66356,13435.5,2.1252
26700,3.68511,13415.9,2.13202
26760,4.07333,13567.4,2.1334
26820,4.17476,13710.0,2.13494
26880,4.07489,13569.3,2.13245
26940,3.79755,13370.1,2.1201
27000,4.11653,13450.4,2.13046
27060,3.95651,13466.9,2.13179
27120,3.69629,13180.5,2.11071
27180,3.71123,12809.9,2.09623
27240,3.38069,12553.6,2.07922
27300,3.57078,13105.1,2.10801
27360,3.46183,12296.9,2.0718
27420,3.13737,11969.7,2.05432
27480,2.75133,10910.1,2.00984
27540,2.38032,10197.5,1.98314
27600,2.73064,10695.1,1.99463
27660,2.91826,11160.7,2.02004
27720,3.58692,12055.7,2.0543
27780,3.44331,13154.1,2.09949
27840,3.55506,12892.7,2.08804
27900,2.98377,11662.3,2.03962
27960,2.95839,11735.2,2.04155
28020,2.86499,11555.4,2.03188
28080,3.05534,11542.0,2.03316
28140,2.93774,11732.5,2.03521
28200,2.78296,11522.1,2.03458
28260,3.00047,12075.6,2.05806
28320,2.94143,12485.3,2.07326
28380,3.22029,12564.0,2.0905
28440,3.41849,12624.8,2.09078
28500,3.08268,12555.4,2.08573
28560,3.09777,11948.0,2.05876
28620,3.07636,12550.2,2.08632
28680,3.24889,12741.6,2.09548
28740,3.3223,12684.0,2.09256
28800,3.40503,12837.0,2.09822
28860,3.34566,12593.7,2.08724
28920,3.32433,12606.7,2.08576
28980,3.31073,12479.3,2.08787
29040,3.54725,12727.1,2.10293
29100,3.3167,12841.5,2.10794
29160,3.38859,12894.8,2.11762
29220,3.45265,12933.0,2.11758
29280,3.43932,12974.2,2.12506
29340,3.69763,13026.8,2.13965
29400,3.36159,13016.9,2.1449
29460,3.45606,12919.9,2.14217
29520,3.44651,12782.9,2.13747
29580,3.47083,12544.1,2.12639
29640,3.26284,12352.3,2.11045
29700,3.00286,12109.2,2.09645
29760,2.94645,11821.5,2.07786
29820,2.76177,10836.8,2.01573
29880,2.68651,10843.6,2.01043
29940,2.47626,10467.9,1.99809
30000,2.72995,10943.4,2.02134
30060,2.79238,10761.4,2.01411
30120,2.34368,10207.0,1.98514
30180,2.59534,10113.6,1.98418
30240,2.61133,10361.2,1.99501
30300,2.71907,10624.3,2.00973
30360,2.53019,10354.8,1.99435
30420,2.37105,9881.99,1.96676
30480,2.21766,9803.24,1.95996
30540,2.38036,9720.07,1.95813
30600,2.46211,9700.9,1.95506
30660,2.29224,9723.89,1.95548
30720,2.40159,10092.7,1.98093
30780,2.59177,10103.1,1.98165
30840,2.50901,10135.8,1.98776
30900,2.46054,10210.7,1.99466
30960,2.63051,10550.3,2.01301
31020,2.82185,11320.2,2.06433
31080,2.95425,11766.2,2.09436
31140,2.90464,11655.2,2.08579
31200,3.29981,12453.1,2.13934
31260,3.15612,12616.6,2.15454
31320,3.25055,12646.2,2.15362
31380,3.11829,12669.6,2.15907
31440,3.4269,12688.5,2.15741
31500,3.33454,12722.8,2.1619
31560,3.48421,12693.9,2.16456
31620,3.32519,12724.6,2.17121
31680,3.2754,12600.4,2.16845
31740,3.2792,12732.3,2.17428
31800,3.1232,12884.2,2.19662
31860,3.03803,11683.9,2.12688
31920,3.13024,11944.3,2.13587
31980,3.17204,12626.0,2.1652
32040,3.25365,12633.4,2.16372
32100,3.51893,12776.4,2.1924
32160,3.22443,12929.5,2.23664
32220,3.01898,12990.7,2.26504
32280,3.05998,12974.2,2.27346
32340,2.82546,12422.1,2.22232
32400,2.8715,12720.2,2.23543
32460,2.88093,11935.6,2.16506
32520,2.64592,11119.3,2.07939
32580,2.61824,11011.7,2.0727
