CampaignData_and_Merges/R0/CSL_MobileLab_Parked/raw/20240731/USOS-NOAAIodideCIMS-HCOOH_MobileLabGround_20240731_RA.ict
33, 1001
Michael A Robinson, Chris Jernigan, Subi Thakali
NOAA ESRL Chemical Sciences Laboratory and CIRES, U. of Colorado
NOAA Iodide CIMS Instrument
USOS
1, 1
2024, 07, 31, 2024, 08, 01
1
starttime_UTC, seconds_past_midnight, seconds_of_day_since_00:00:00_UTC
1
1
-9999
HCOOH_NOAACIMS, pptv, Gas_HCOOH_InSitu_S_AVMR, 
0
18
PI_CONTACT_INFO: 325 Broadway, R/CSD 7, Boulder, Colorado 80305; michael.a.robinson@noaa.gov; chris.jernigan@noaa.gov;
PLATFORM: NOAA CSL Mobile Lab
LOCATION: SLC, Utah
ASSOCIATED_DATA: 1Hz data also available on request.
INSTRUMENT_INFO: NOAA I- ToF CIMS
DATA_INFO: All data in parts per trillion by volume (pptv). 1 Hz data is available upon request.
UNCERTAINTY: TBD
ULOD_FLAG: -7777
ULOD_VALUE: N/A
LLOD_FLAG: -8888
LLOD_VALUE: N/A
DM_CONTACT_INFO: Nathan Howard; nathan.h.howard@noaa.gov
PROJECT_INFO: USOS, summer 2024. https://csl.noaa.gov/groups/csl7/measurements/2024usos/
STIPULATIONS_ON_USE: Users are strongly encouraged to contact the PI for proper data usage.
OTHER_COMMENTS: 
REVISION: RA
RA: Preliminary Data; For in-field use only
starttime_UTC, HCOOH_NOAACIMS
     0, -9999.000
    60, -9999.000
   120, -9999.000
   180, -9999.000
   240, -9999.000
   300, -9999.000
   360, -9999.000
   420, -9999.000
   480, -9999.000
   540, -9999.000
   600, -9999.000
   660, -9999.000
   720, -9999.000
   780, -9999.000
   840, -9999.000
   900, -9999.000
   960, -9999.000
  1020, -9999.000
  1080, -9999.000
  1140, -9999.000
  1200, -9999.000
  1260, -9999.000
  1320, -9999.000
  1380, -9999.000
  1440, -9999.000
  1500, -9999.000
  1560, -9999.000
  1620, -9999.000
  1680, -9999.000
  1740, -9999.000
  1800, -9999.000
  1860, -9999.000
  1920, -9999.000
  1980, -9999.000
  2040, -9999.000
  2100, -9999.000
  2160, -9999.000
  2220, -9999.000
  2280, -9999.000
  2340, -9999.000
  2400, -9999.000
  2460, -9999.000
  2520, -9999.000
  2580, -9999.000
  2640, -9999.000
  2700, -9999.000
  2760, -9999.000
  2820, -9999.000
  2880, -9999.000
  2940, -9999.000
  3000, -9999.000
  3060, -9999.000
  3120, -9999.000
  3180, -9999.000
  3240, -9999.000
  3300, -9999.000
  3360, -9999.000
  3420, -9999.000
  3480, -9999.000
  3540, -9999.000
  3600, -9999.000
  3660, -9999.000
  3720, -9999.000
  3780, -9999.000
  3840, -9999.000
  3900, -9999.000
  3960, -9999.000
  4020, -9999.000
  4080, 444.666
  4140, 434.912
  4200, 417.909
  4260, 427.054
  4320, 440.005
  4380, 455.232
  4440, -9999.000
  4500, 388.655
  4560, 405.842
  4620, 426.155
  4680, 442.455
  4740, 476.422
  4800, 494.343
  4860, 498.509
  4920, 506.550
  4980, 500.627
  5040, 504.878
  5100, 523.356
  5160, 524.621
  5220, 519.607
  5280, 540.269
  5340, 569.171
  5400, 620.749
  5460, 603.082
  5520, 597.457
  5580, 573.521
  5640, 579.178
  5700, 594.078
  5760, 618.644
  5820, 606.789
  5880, 631.213
  5940, 652.218
  6000, 639.838
  6060, 638.284
  6120, 623.809
  6180, 624.292
  6240, 653.441
  6300, -9999.000
  6360, 667.579
  6420, 679.091
  6480, 681.272
  6540, 651.535
  6600, 663.589
  6660, 684.477
  6720, 686.677
  6780, 708.666
  6840, 745.621
  6900, 747.334
  6960, 709.877
  7020, 768.460
  7080, 793.240
  7140, 803.113
  7200, 838.289
  7260, 765.174
  7320, 787.636
  7380, 756.211
  7440, 832.352
  7500, 857.521
  7560, 871.959
  7620, 883.506
  7680, 836.403
  7740, 877.583
  7800, 905.452
  7860, 934.545
  7920, 907.965
  7980, 940.232
  8040, 1006.403
  8100, 996.977
  8160, -9999.000
  8220, 993.062
  8280, 982.484
  8340, 990.945
  8400, 1019.536
  8460, 995.696
  8520, 964.940
  8580, 981.765
  8640, 1021.932
  8700, 997.199
  8760, 1027.600
  8820, 1014.547
  8880, 1047.741
  8940, 1017.783
  9000, 1051.539
  9060, 1103.977
  9120, 1088.131
  9180, 1065.628
  9240, 1061.769
  9300, 1060.887
  9360, 1074.968
  9420, 1127.810
  9480, 1135.081
  9540, 1184.265
  9600, 1210.192
  9660, 1159.072
  9720, 1185.163
  9780, 1154.775
  9840, 1187.289
  9900, 1181.001
  9960, 1197.555
 10020, 1105.033
 10080, 1151.789
 10140, 1168.407
 10200, 1218.852
 10260, 1223.251
 10320, 1205.325
 10380, 1190.737
 10440, 1219.761
 10500, 1213.952
 10560, 1209.113
 10620, 1227.477
 10680, 1246.072
 10740, 1220.969
 10800, 1227.921
 10860, 1290.121
 10920, 1240.019
 10980, 1280.732
 11040, 1257.426
 11100, 1211.896
 11160, 1224.719
 11220, 1251.640
 11280, 1228.713
 11340, 1215.141
 11400, 1251.604
 11460, 1248.039
 11520, 1222.323
 11580, 1260.419
 11640, 1287.771
 11700, 1286.173
 11760, 1270.791
 11820, 1291.641
 11880, 1256.570
 11940, 1267.289
 12000, 1294.227
 12060, 1333.213
 12120, 1367.777
 12180, 1386.705
 12240, 1372.138
 12300, 1415.220
 12360, 1382.235
 12420, 1446.828
 12480, 1420.186
 12540, 1388.248
 12600, 1385.876
 12660, 1385.721
 12720, 1397.833
 12780, 1404.983
 12840, 1393.719
 12900, 1396.124
 12960, 1415.713
 13020, 1438.802
 13080, 1475.319
 13140, 1465.968
 13200, 1506.878
 13260, 1496.816
 13320, 1469.064
 13380, 1496.579
 13440, 1453.026
 13500, 1505.862
 13560, 1545.740
 13620, 1538.961
 13680, 1519.929
 13740, 1548.256
 13800, 1553.345
 13860, 1572.036
 13920, 1590.841
 13980, 1589.791
 14040, 1583.181
 14100, 1577.926
 14160, 1557.126
 14220, 1582.834
 14280, 1584.625
 14340, 1598.786
 14400, 1619.994
 14460, 1588.564
 14520, 1580.309
 14580, 1608.484
 14640, 1580.195
 14700, 1571.592
 14760, 1600.362
 14820, 1537.188
 14880, 1570.894
 14940, 1546.427
 15000, 1550.594
 15060, 1521.325
 15120, 1542.787
 15180, 1553.812
 15240, 1580.196
 15300, 1588.676
 15360, 1547.437
 15420, 1594.484
 15480, 1605.824
 15540, -9999.000
 15600, 1552.131
 15660, 1546.340
 15720, 1578.896
 15780, 1553.078
 15840, 1532.849
 15900, 1550.142
 15960, 1511.850
 16020, 1522.185
 16080, 1544.686
 16140, 1539.826
 16200, 1521.826
 16260, 1552.240
 16320, 1537.775
 16380, 1519.406
 16440, 1494.698
 16500, 1496.779
 16560, 1519.271
 16620, 1552.909
 16680, 1614.087
 16740, 1602.693
 16800, 1529.163
 16860, 1536.317
 16920, 1537.953
 16980, 1522.308
 17040, 1617.451
 17100, 1720.388
 17160, 1619.053
 17220, 1654.608
 17280, 1711.373
 17340, 1781.925
 17400, 1739.924
 17460, 1753.578
 17520, 1657.637
 17580, 1684.630
 17640, 1771.301
 17700, 1807.905
 17760, 1718.890
 17820, 1704.507
 17880, 1761.238
 17940, 1714.781
 18000, 1730.948
 18060, 1853.007
 18120, 1879.207
 18180, 1823.531
 18240, 1759.895
 18300, 1721.687
 18360, 1695.881
 18420, 1712.883
 18480, 1686.513
 18540, 1619.077
 18600, 1615.158
 18660, 1714.260
 18720, 1559.194
 18780, 1512.235
 18840, 1762.477
 18900, 1916.695
 18960, 1964.906
 19020, 1886.216
 19080, 1900.917
 19140, 1783.356
 19200, 1885.055
 19260, -9999.000
 19320, 1886.495
 19380, 1803.075
 19440, 1816.492
 19500, 1784.125
 19560, 1791.944
 19620, 1833.583
 19680, 1920.462
 19740, 1895.926
 19800, 1933.904
 19860, 1978.378
 19920, 1963.341
 19980, 1984.851
 20040, 2126.337
 20100, 2262.501
 20160, 2259.807
 20220, 2215.736
 20280, 2312.216
 20340, 2283.995
 20400, 2529.101
 20460, 2516.553
 20520, 2465.163
 20580, 2646.058
 20640, 2927.817
 20700, 2870.261
 20760, 2980.158
 20820, 3095.913
 20880, 3094.346
 20940, 3060.269
 21000, 3041.326
 21060, 3035.220
 21120, 3338.280
 21180, 3304.751
 21240, 3359.354
 21300, 3248.258
 21360, 3210.274
 21420, 3323.697
 21480, 3240.929
 21540, 3401.091
 21600, 3444.397
 21660, 3442.047
 21720, 3448.279
 21780, 3504.038
 21840, 3396.173
 21900, 3761.797
 21960, 3688.812
 22020, 3576.369
 22080, 3696.834
 22140, 3672.401
 22200, 3641.729
 22260, 3777.431
 22320, 3524.788
 22380, 3595.553
 22440, 3931.943
 22500, 3738.213
 22560, 3781.591
 22620, 4023.435
 22680, 4175.828
 22740, 3978.557
 22800, 3680.081
 22860, 3438.906
 22920, -9999.000
 22980, 3967.213
 23040, 3840.416
 23100, 3877.745
 23160, 4038.324
 23220, 4045.119
 23280, 3808.160
 23340, 3726.098
 23400, 3713.549
 23460, 3942.226
 23520, 3881.401
 23580, 3961.997
 23640, 3994.494
 23700, 3781.320
 23760, 4076.306
 23820, 4040.597
 23880, 4086.273
 23940, 4008.000
 24000, 3931.808
 24060, 3934.905
 24120, 3945.419
 24180, 4045.361
 24240, 4000.072
 24300, 3956.305
 24360, 3778.314
 24420, 3572.696
 24480, 3660.505
 24540, 3891.469
 24600, 3914.627
 24660, 3833.830
 24720, 4189.621
 24780, -9999.000
 24840, 4069.467
 24900, 3939.281
 24960, 3857.583
 25020, 4268.348
 25080, 4391.229
 25140, 4350.307
 25200, 4035.903
 25260, 3707.517
 25320, 3962.579
 25380, 4212.438
 25440, 4200.834
 25500, 4236.419
 25560, 4002.964
 25620, 4253.935
 25680, 4103.281
 25740, 4026.161
 25800, 4174.236
 25860, 3907.912
 25920, 3945.658
 25980, 3891.807
 26040, 3769.007
 26100, 3720.498
 26160, 3619.130
 26220, 3714.139
 26280, 3789.465
 26340, 3801.512
 26400, 4021.129
 26460, 3908.489
 26520, 3862.104
 26580, 3906.577
 26640, -9999.000
 26700, 4101.721
 26760, 4069.406
 26820, 4173.029
 26880, 4094.077
 26940, 3886.818
 27000, 4292.105
 27060, 4149.151
 27120, 3824.610
 27180, 3595.144
 27240, 3324.336
 27300, 3700.952
 27360, 3364.796
 27420, 3149.443
 27480, 2585.994
 27540, 2340.423
 27600, 2450.207
 27660, 2773.674
 27720, 3283.981
 27780, 3397.733
 27840, 3193.368
 27900, 2813.270
 27960, 2697.040
 28020, 2629.062
 28080, 2606.505
 28140, 2720.063
 28200, 2624.345
 28260, 2654.536
 28320, 2742.829
 28380, 2786.939
 28440, 2942.912
 28500, 2833.380
 28560, 2652.261
 28620, 2927.799
 28680, 2881.819
 28740, 2986.322
 28800, 3003.201
 28860, 2887.758
 28920, 2941.211
 28980, 2861.363
 29040, 2869.351
 29100, 2999.144
 29160, 2952.358
 29220, 3047.729
 29280, 3087.003
 29340, 3038.405
 29400, 3068.648
 29460, 3071.580
 29520, 2929.169
 29580, 2826.588
 29640, 2946.298
 29700, 2841.321
 29760, 2775.026
 29820, 2463.285
 29880, 2480.630
 29940, 2363.340
 30000, 2560.613
 30060, 2533.374
 30120, 2469.427
 30180, 2439.141
 30240, 2477.217
 30300, -9999.000
 30360, 2238.980
 30420, 2204.934
 30480, 2194.000
 30540, 2148.581
 30600, 2125.142
 30660, 2163.892
 30720, 2245.165
 30780, 2285.552
 30840, 2270.989
 30900, 2253.720
 30960, 2243.226
 31020, 2372.582
 31080, 2545.529
 31140, 2510.235
 31200, 2691.411
 31260, 2695.059
 31320, 2782.219
 31380, 2687.040
 31440, 2815.870
 31500, 2867.143
 31560, 2794.649
 31620, 2742.489
 31680, 2651.324
 31740, 2737.576
 31800, 2540.295
 31860, 2372.472
 31920, 2628.875
 31980, 2777.512
 32040, 2886.165
 32100, 2718.867
 32160, -9999.000
 32220, 2406.204
 32280, 2714.782
 32340, 2404.428
 32400, 2536.985
 32460, 2673.235
 32520, 2259.279
 32580, 2306.955
 32640, 2254.480
 32700, 2245.926
 32760, 2330.156
 32820, 2322.794
 32880, 2507.814
 32940, 2603.139
 33000, 2449.713
 33060, 2340.884
 33120, 2227.504
 33180, 2216.382
 33240, 2490.124
 33300, 2391.077
 33360, 2233.520
 33420, 2271.230
 33480, 2038.015
 33540, 2064.380
 33600, 2244.365
 33660, 2113.525
 33720, 2093.816
 33780, 2169.203
 33840, 2204.641
 33900, 2278.390
 33960, 2143.358
 34020, -9999.000
 34080, 2149.294
 34140, 2046.381
 34200, 2078.277
 34260, 2136.327
 34320, 2145.189
 34380, 2179.567
 34440, 2045.767
 34500, 2030.824
 34560, 2210.085
 34620, 2370.723
 34680, 2474.627
 34740, 2377.290
 34800, 2356.303
 34860, 2058.525
 34920, 2334.294
 34980, 2410.660
 35040, 2339.271
 35100, 2210.767
 35160, 2214.673
 35220, 2276.068
 35280, 2360.010
 35340, 2128.525
 35400, 2085.054
 35460, 2092.947
 35520, 2084.146
 35580, 2106.296
 35640, 2122.298
 35700, 2145.385
 35760, 2119.649
 35820, 2059.985
 35880, 2106.892
 35940, 2154.707
 36000, 2106.478
 36060, 2120.107
 36120, 2150.182
 36180, 2081.628
 36240, 2137.492
 36300, 2110.362
 36360, 2094.950
 36420, 2088.523
 36480, 2347.187
 36540, 2277.687
 36600, 2342.697
 36660, 2445.134
 36720, 2505.175
 36780, 2316.527
 36840, 2421.273
 36900, 2443.841
 36960, 2581.271
 37020, 2567.952
 37080, 2449.565
 37140, 2589.776
 37200, 2688.476
 37260, 2691.053
 37320, 2658.328
 37380, 2533.604
 37440, 2633.286
 37500, 2762.393
 37560, 2640.382
 37620, 2829.246
 37680, 2597.249
 37740, 2738.838
 37800, 2726.284
 37860, 2714.596
 37920, 2895.600
 37980, 2886.211
 38040, 2700.397
 38100, 2734.582
 38160, 2672.627
 38220, 2761.991
 38280, 2803.962
 38340, 2719.756
 38400, 2837.579
 38460, 2714.461
 38520, 2645.245
 38580, 2757.460
 38640, 2758.911
 38700, 2702.972
 38760, 2796.249
 38820, 2685.220
 38880, 2746.018
 38940, 2727.028
 39000, 2741.430
 39060, 2748.637
 39120, 2806.038
 39180, 2813.562
 39240, 2774.602
 39300, 2760.636
 39360, 2768.620
 39420, 2878.221
 39480, 3011.328
 39540, 3071.070
 39600, 2840.376
 39660, 2862.560
 39720, 2916.566
 39780, 2879.421
 39840, 2881.177
 39900, 2831.131
 39960, 2832.860
 40020, 2878.513
 40080, 2834.785
 40140, 2776.837
 40200, 2688.337
 40260, 2756.439
 40320, 2941.959
 40380, 2796.775
 40440, 2787.210
 40500, 2826.765
 40560, 2847.884
 40620, 2870.638
 40680, 2901.810
 40740, 2991.331
 40800, 2972.338
 40860, 2918.069
 40920, 2964.024
 40980, 2852.370
 41040, 2820.452
 41100, 2933.069
 41160, 2899.174
 41220, 2903.600
 41280, 2906.464
 41340, 2867.219
 41400, -9999.000
 41460, 3007.437
 41520, 2999.201
 41580, 2914.273
 41640, 2957.423
 41700, 3036.817
 41760, 3140.486
 41820, 2997.250
 41880, 3002.791
 41940, 2974.140
 42000, 2991.975
 42060, 3119.531
 42120, 3167.252
 42180, 3185.271
 42240, 3079.424
 42300, 3016.510
 42360, 3053.344
 42420, 3030.530
 42480, 2892.504
 42540, 3108.531
 42600, 3181.449
 42660, 3125.134
 42720, 3129.504
 42780, 3074.842
 42840, 3061.663
 42900, 2996.966
 42960, 3058.034
 43020, 2913.542
 43080, 3077.423
 43140, 3149.616
 43200, 3092.765
 43260, -9999.000
 43320, 3180.951
 43380, 3166.792
 43440, 3113.706
 43500, 2946.072
 43560, 2919.307
 43620, 2964.998
 43680, 3081.335
 43740, 3095.352
 43800, 3132.254
 43860, 3112.442
 43920, 3055.110
 43980, 3021.806
 44040, 3017.044
 44100, 3181.378
 44160, 3138.426
 44220, 3057.390
 44280, 3061.473
 44340, 3077.408
 44400, 3127.345
 44460, 3010.665
 44520, 3020.598
 44580, 3075.434
 44640, 3093.680
 44700, 3109.842
 44760, 3083.381
 44820, 3092.758
 44880, 3152.797
 44940, 3169.560
 45000, 3193.899
 45060, 3180.587
 45120, -9999.000
 45180, 3296.371
 45240, 3232.788
 45300, 3112.228
 45360, 3104.439
 45420, 3231.856
 45480, 3238.641
 45540, 3214.605
 45600, 3228.932
 45660, 3258.795
 45720, 3278.651
 45780, 3154.294
 45840, 3084.409
 45900, 3080.577
 45960, 3093.102
 46020, 3128.854
 46080, 3167.552
 46140, 3163.642
 46200, 3222.486
 46260, 3239.979
 46320, 3290.388
 46380, 3166.306
 46440, 3211.513
 46500, 3230.245
 46560, 3373.072
 46620, 3307.211
 46680, 3230.819
 46740, 3342.972
 46800, 3428.015
 46860, 3294.983
 46920, 3107.252
 46980, 2697.473
 47040, 2673.836
 47100, 2637.846
 47160, 2453.336
 47220, 2378.012
 47280, 2384.965
 47340, 2444.890
 47400, 2379.988
 47460, 2342.373
 47520, 2434.479
 47580, 2334.696
 47640, 2303.530
 47700, 2250.426
 47760, 2282.912
 47820, 2298.167
 47880, 2275.432
 47940, 2270.874
 48000, 2156.242
 48060, 2874.038
 48120, -9999.000
 48180, 3050.839
 48240, 2916.385
 48300, 2947.305
 48360, 2936.096
 48420, 2949.081
 48480, 2841.506
 48540, 2741.711
 48600, 2835.743
 48660, 2759.253
 48720, 2667.291
 48780, 2649.848
 48840, 2649.977
 48900, 2681.190
 48960, 2638.906
 49020, 2617.527
 49080, 2692.043
 49140, 2634.666
 49200, 2640.581
 49260, 2647.010
 49320, 2799.315
 49380, 2745.110
 49440, 2639.327
 49500, 2412.902
 49560, 2346.304
 49620, 2358.997
 49680, 2511.520
 49740, 2529.874
 49800, 2487.356
 49860, 2461.985
 49920, 2594.322
 49980, 2647.367
 50040, 2836.053
 50100, 2934.901
 50160, 2719.637
 50220, 2707.079
 50280, 2766.910
 50340, 2789.564
 50400, 2671.245
 50460, 2661.605
 50520, 2765.390
 50580, 2618.679
 50640, 2566.676
 50700, 2462.655
 50760, 2451.400
 50820, 2426.341
 50880, 2481.652
 50940, 2483.032
 51000, 2423.038
 51060, 2373.187
 51120, 2496.732
 51180, 2552.004
 51240, 2558.802
 51300, 2682.477
 51360, 2673.827
 51420, 2721.286
 51480, 2691.996
 51540, 2779.832
 51600, 2664.698
 51660, 2839.518
 51720, 2802.860
 51780, 2727.296
 51840, -9999.000
 51900, 2664.189
 51960, 2636.925
 52020, 2675.502
 52080, 2873.840
 52140, 2807.899
 52200, 2606.298
 52260, 2796.827
 52320, 2869.954
 52380, 2867.872
 52440, 2952.786
 52500, 2637.174
 52560, 2675.198
 52620, 2621.921
 52680, 2675.017
 52740, 2740.263
 52800, 2757.256
 52860, 2870.858
 52920, 2842.966
 52980, 2694.904
 53040, 2606.663
 53100, 2537.368
 53160, 2541.882
 53220, 2590.009
 53280, 2553.197
 53340, 2496.524
 53400, 2625.069
 53460, 2522.130
 53520, 2560.718
 53580, 2656.253
 53640, 2649.058
 53700, 2755.630
 53760, 2608.860
 53820, 2534.406
 53880, 2608.682
 53940, 2676.386
 54000, 2637.099
 54060, 2616.421
 54120, 2533.180
 54180, 2497.266
 54240, 2596.731
 54300, 2659.452
 54360, 2648.806
 54420, 2550.570
 54480, 2494.205
 54540, 2477.696
 54600, 2442.954
 54660, 2488.476
 54720, 2505.763
 54780, 2574.220
 54840, 2696.538
 54900, 2709.230
 54960, 2674.877
 55020, 2526.511
 55080, 2510.312
 55140, 2533.303
 55200, 2535.954
 55260, 2537.303
 55320, 2513.817
 55380, 2483.411
 55440, 2627.176
 55500, 2659.215
 55560, 2716.015
 55620, 2518.960
 55680, 2484.512
 55740, 2447.521
 55800, 2410.443
 55860, 2397.121
 55920, 2419.600
 55980, 2395.044
 56040, 2297.722
 56100, 2242.808
 56160, 2306.851
 56220, 2307.240
 56280, 2252.191
 56340, 2289.881
