CampaignData_and_Merges/R0/CSL_MobileLab_Parked/raw/20240731/USOS-NOAAIodideCIMS-Halogens_MobileLabGround_20240731_RA.ict
38, 1001
Michael A Robinson, Chris Jernigan, Subi Thakali
NOAA ESRL Chemical Sciences Laboratory and CIRES, U. of Colorado
NOAA Iodide CIMS Instrument
USOS
1, 1
2024, 07, 31, 2024, 08, 01
1
starttime_UTC, seconds_past_midnight, seconds_of_day_since_00:00:00_UTC
6
1, 1, 1, 1, 1, 1
-9999, -9999, -9999, -9999, -9999, -9999
Br2_NOAACIMS, pptv, Gas_Br2_InSitu_S_AVMR, 
BrO_NOAACIMS, pptv, Gas_BrO_InSitu_S_AVMR, 
Cl2_NOAACIMS, pptv, Gas_Cl2_InSitu_S_AVMR, 
ClNO2_NOAACIMS, pptv, Gas_ClNO2_InSitu_S_AVMR, 
BrCl_NOAACIMS, pptv, Gas_BrCl_InSitu_S_AVMR, 
NCl3_NOAACIMS, pptv, Gas_NCl3_InSitu_S_AVMR, 
0
18
PI_CONTACT_INFO: 325 Broadway, R/CSD 7, Boulder, Colorado 80305; michael.a.robinson@noaa.gov; chris.jernigan@noaa.gov;
PLATFORM: NOAA CSL Mobile Lab
LOCATION: SLC, Utah
ASSOCIATED_DATA: 1Hz data also available on request.
INSTRUMENT_INFO: NOAA I- ToF CIMS
DATA_INFO: All data in parts per trillion by volume (pptv). 1 Hz data is available upon request.
UNCERTAINTY: TBD
ULOD_FLAG: -7777
ULOD_VALUE: N/A
LLOD_FLAG: -8888
LLOD_VALUE: N/A
DM_CONTACT_INFO: Nathan Howard; nathan.h.howard@noaa.gov
PROJECT_INFO: USOS, summer 2024. https://csl.noaa.gov/groups/csl7/measurements/2024usos/
STIPULATIONS_ON_USE: Users are strongly encouraged to contact the PI for proper data usage.
OTHER_COMMENTS: 
REVISION: RA
RA: Preliminary Data; For in-field use only
starttime_UTC, Br2_NOAACIMS, BrO_NOAACIMS, Cl2_NOAACIMS, ClNO2_NOAACIMS, BrCl_NOAACIMS, NCl3_NOAACIMS
     0, -9999.000, -9999.000, -9999.000, -9999.000, -9999.000, -9999.000
    60, -9999.000, -9999.000, -9999.000, -9999.000, -9999.000, -9999.000
   120, -9999.000, -9999.000, -9999.000, -9999.000, -9999.000, -9999.000
   180, -9999.000, -9999.000, -9999.000, -9999.000, -9999.000, -9999.000
   240, -9999.000, -9999.000, -9999.000, -9999.000, -9999.000, -9999.000
   300, -9999.000, -9999.000, -9999.000, -9999.000, -9999.000, -9999.000
   360, -9999.000, -9999.000, -9999.000, -9999.000, -9999.000, -9999.000
   420, -9999.000, -9999.000, -9999.000, -9999.000, -9999.000, -9999.000
   480, -9999.000, -9999.000, -9999.000, -9999.000, -9999.000, -9999.000
   540, -9999.000, -9999.000, -9999.000, -9999.000, -9999.000, -9999.000
   600, -9999.000, -9999.000, -9999.000, -9999.000, -9999.000, -9999.000
   660, -9999.000, -9999.000, -9999.000, -9999.000, -9999.000, -9999.000
   720, -9999.000, -9999.000, -9999.000, -9999.000, -9999.000, -9999.000
   780, -9999.000, -9999.000, -9999.000, -9999.000, -9999.000, -9999.000
   840, -9999.000, -9999.000, -9999.000, -9999.000, -9999.000, -9999.000
   900, -9999.000, -9999.000, -9999.000, -9999.000, -9999.000, -9999.000
   960, -9999.000, -9999.000, -9999.000, -9999.000, -9999.000, -9999.000
  1020, -9999.000, -9999.000, -9999.000, -9999.000, -9999.000, -9999.000
  1080, -9999.000, -9999.000, -9999.000, -9999.000, -9999.000, -9999.000
  1140, -9999.000, -9999.000, -9999.000, -9999.000, -9999.000, -9999.000
  1200, -9999.000, -9999.000, -9999.000, -9999.000, -9999.000, -9999.000
  1260, -9999.000, -9999.000, -9999.000, -9999.000, -9999.000, -9999.000
  1320, -9999.000, -9999.000, -9999.000, -9999.000, -9999.000, -9999.000
  1380, -9999.000, -9999.000, -9999.000, -9999.000, -9999.000, -9999.000
  1440, -9999.000, -9999.000, -9999.000, -9999.000, -9999.000, -9999.000
  1500, -9999.000, -9999.000, -9999.000, -9999.000, -9999.000, -9999.000
  1560, -9999.000, -9999.000, -9999.000, -9999.000, -9999.000, -9999.000
  1620, -9999.000, -9999.000, -9999.000, -9999.000, -9999.000, -9999.000
  1680, -9999.000, -9999.000, -9999.000, -9999.000, -9999.000, -9999.000
  1740, -9999.000, -9999.000, -9999.000, -9999.000, -9999.000, -9999.000
  1800, -9999.000, -9999.000, -9999.000, -9999.000, -9999.000, -9999.000
  1860, -9999.000, -9999.000, -9999.000, -9999.000, -9999.000, -9999.000
  1920, -9999.000, -9999.000, -9999.000, -9999.000, -9999.000, -9999.000
  1980, -9999.000, -9999.000, -9999.000, -9999.000, -9999.000, -9999.000
  2040, -9999.000, -9999.000, -9999.000, -9999.000, -9999.000, -9999.000
  2100, -9999.000, -9999.000, -9999.000, -9999.000, -9999.000, -9999.000
  2160, -9999.000, -9999.000, -9999.000, -9999.000, -9999.000, -9999.000
  2220, -9999.000, -9999.000, -9999.000, -9999.000, -9999.000, -9999.000
  2280, -9999.000, -9999.000, -9999.000, -9999.000, -9999.000, -9999.000
  2340, -9999.000, -9999.000, -9999.000, -9999.000, -9999.000, -9999.000
  2400, -9999.000, -9999.000, -9999.000, -9999.000, -9999.000, -9999.000
  2460, -9999.000, -9999.000, -9999.000, -9999.000, -9999.000, -9999.000
  2520, -9999.000, -9999.000, -9999.000, -9999.000, -9999.000, -9999.000
  2580, -9999.000, -9999.000, -9999.000, -9999.000, -9999.000, -9999.000
  2640, -9999.000, -9999.000, -9999.000, -9999.000, -9999.000, -9999.000
  2700, -9999.000, -9999.000, -9999.000, -9999.000, -9999.000, -9999.000
  2760, -9999.000, -9999.000, -9999.000, -9999.000, -9999.000, -9999.000
  2820, -9999.000, -9999.000, -9999.000, -9999.000, -9999.000, -9999.000
  2880, -9999.000, -9999.000, -9999.000, -9999.000, -9999.000, -9999.000
  2940, -9999.000, -9999.000, -9999.000, -9999.000, -9999.000, -9999.000
  3000, -9999.000, -9999.000, -9999.000, -9999.000, -9999.000, -9999.000
  3060, -9999.000, -9999.000, -9999.000, -9999.000, -9999.000, -9999.000
  3120, -9999.000, -9999.000, -9999.000, -9999.000, -9999.000, -9999.000
  3180, -9999.000, -9999.000, -9999.000, -9999.000, -9999.000, -9999.000
  3240, -9999.000, -9999.000, -9999.000, -9999.000, -9999.000, -9999.000
  3300, -9999.000,  0.016,  0.431,  0.101,  0.022,  0.000
  3360, -9999.000,  0.000,  0.429,  0.168,  0.083,  0.000
  3420, -9999.000,  0.000,  0.715,  0.071,  0.035,  0.000
  3480, -9999.000,  0.000,  0.632,  0.114,  0.051,  0.006
  3540, -9999.000,  0.111,  0.982,  0.173,  0.348,  0.182
  3600, -9999.000, -9999.000, -9999.000, -9999.000, -9999.000, -9999.000
  3660, -9999.000, -9999.000, -9999.000, -9999.000, -9999.000, -9999.000
  3720, -9999.000, -9999.000, -9999.000, -9999.000, -9999.000, -9999.000
  3780, -9999.000, -9999.000, -9999.000, -9999.000, -9999.000, -9999.000
  3840, -9999.000, -9999.000, -9999.000, -9999.000, -9999.000, -9999.000
  3900, -9999.000,  0.000,  1.740,  0.008, -0.002,  0.000
  3960, -9999.000,  0.001,  0.818,  0.098,  0.123,  0.056
  4020, -9999.000,  0.066,  0.782,  0.133,  0.145,  0.046
  4080, -9999.000,  0.046,  0.804,  0.068,  0.040,  0.005
  4140, -9999.000,  0.143,  1.043,  0.102,  0.229,  0.186
  4200, -9999.000,  0.323,  0.999,  0.146,  0.346,  0.242
  4260, -9999.000,  0.188,  1.026,  0.107,  0.431,  0.299
  4320, -9999.000,  0.000,  0.944,  0.065,  0.006,  0.000
  4380, -9999.000,  0.061,  1.166,  0.105,  0.211,  0.085
  4440, -9999.000, -9999.000, -9999.000, -9999.000, -9999.000, -9999.000
  4500, -9999.000,  0.233,  1.041,  0.098,  0.392,  0.653
  4560, -9999.000,  0.512,  0.925,  0.150,  0.426,  0.247
  4620, -9999.000,  0.295,  0.827,  0.159,  0.361,  0.190
  4680, -9999.000,  0.296,  0.913,  0.172,  0.462,  0.369
  4740, -9999.000,  0.414,  1.139,  0.177,  0.435,  0.544
  4800, -9999.000,  0.241,  1.165,  0.174,  0.429,  0.724
  4860, -9999.000,  0.231,  0.978,  0.155,  0.405,  0.290
  4920, -9999.000,  0.235,  1.021,  0.152,  0.306,  0.378
  4980, -9999.000,  0.273,  1.065,  0.147,  0.382,  0.295
  5040, -9999.000,  0.245,  1.213,  0.103,  0.374,  0.158
  5100, -9999.000,  0.142,  1.146,  0.174,  0.388,  0.393
  5160, -9999.000,  0.204,  1.021,  0.143,  0.309,  0.198
  5220, -9999.000,  0.182,  0.990,  0.080,  0.301,  0.269
  5280, -9999.000,  0.344,  1.129,  0.146,  0.341,  0.237
  5340, -9999.000,  0.251,  1.220,  0.147,  0.396,  0.231
  5400, -9999.000,  0.332,  1.295,  0.161,  0.382,  0.255
  5460, -9999.000,  0.167,  1.365,  0.166,  0.423,  0.199
  5520, -9999.000,  0.276,  1.410,  0.155,  0.380,  0.387
  5580, -9999.000,  0.166,  0.982,  0.109,  0.367,  0.275
  5640, -9999.000,  0.190,  1.298,  0.149,  0.306,  0.422
  5700, -9999.000,  0.260,  0.997,  0.119,  0.311,  0.555
  5760, -9999.000,  0.129,  1.236,  0.134,  0.243,  0.378
  5820, -9999.000,  0.143,  1.257,  0.143,  0.268,  0.462
  5880, -9999.000,  0.221,  1.096,  0.116,  0.306,  0.252
  5940, -9999.000,  0.134,  1.252,  0.168,  0.356,  0.354
  6000, -9999.000,  0.020,  1.136,  0.134,  0.301,  0.250
  6060, -9999.000,  0.195,  1.241,  0.067,  0.276,  0.146
  6120, -9999.000,  0.121,  1.227,  0.104,  0.225,  0.167
  6180, -9999.000,  0.025,  1.121,  0.144,  0.273,  0.117
  6240, -9999.000,  0.096,  1.286,  0.104,  0.315,  0.221
  6300, -9999.000, -9999.000, -9999.000, -9999.000, -9999.000, -9999.000
  6360,  0.816,  0.072,  1.416,  0.171,  0.245,  0.046
  6420,  0.900,  0.089,  0.951,  0.178,  0.238,  0.299
  6480,  0.686,  0.115,  1.125,  0.082,  0.307,  0.411
  6540,  0.762, -0.042,  1.054,  0.085,  0.222,  0.072
  6600,  0.930,  0.116,  1.155,  0.119,  0.302,  0.260
  6660,  0.945,  0.088,  1.171,  0.098,  0.326,  0.171
  6720,  0.780,  0.115,  1.152,  0.108,  0.286,  0.043
  6780,  0.950,  0.227,  1.111,  0.119,  0.265,  0.138
  6840,  0.692,  0.243,  1.367,  0.128,  0.339,  0.037
  6900,  0.808,  0.230,  1.282,  0.100,  0.305, -0.076
  6960,  0.652,  0.136,  1.006,  0.099,  0.287, -0.024
  7020,  0.969,  0.081,  1.169,  0.130,  0.329,  0.115
  7080,  0.902,  0.211,  1.144,  0.089,  0.351,  0.415
  7140,  0.795,  0.264,  1.091,  0.119,  0.346,  0.386
  7200,  0.785,  0.151,  1.232,  0.143,  0.429,  0.810
  7260,  0.838,  0.153,  1.216,  0.115,  0.285,  0.428
  7320,  0.617,  0.093,  1.260,  0.100,  0.379,  0.108
  7380,  0.725,  0.168,  1.239,  0.104,  0.222,  0.306
  7440,  0.733,  0.147,  1.489,  0.185,  0.363,  0.808
  7500,  0.841,  0.263,  1.281,  0.112,  0.398,  0.194
  7560,  0.645,  0.203,  1.492,  0.123,  0.316,  0.085
  7620,  0.905,  0.179,  1.488,  0.137,  0.431,  0.605
  7680,  0.819,  0.149,  1.278,  0.155,  0.438,  0.420
  7740,  0.871,  0.159,  1.503,  0.162,  0.379,  1.174
  7800,  0.709,  0.225,  1.336,  0.181,  0.396,  0.604
  7860,  0.764,  0.116,  1.371,  0.161,  0.409,  1.313
  7920,  0.821,  0.170,  1.537,  0.162,  0.367,  0.172
  7980,  1.000,  0.290,  1.464,  0.196,  0.382,  0.267
  8040,  0.874,  0.173,  1.788,  0.190,  0.440,  0.405
  8100,  0.577,  0.167,  2.095,  0.210,  0.447,  0.376
  8160, -9999.000, -9999.000, -9999.000, -9999.000, -9999.000, -9999.000
  8220,  0.706,  0.226,  1.899,  0.229,  0.304,  0.292
  8280,  0.696,  0.182,  2.001,  0.217,  0.400,  0.516
  8340,  0.840,  0.189,  1.849,  0.206,  0.355,  0.562
  8400,  0.900,  0.240,  1.923,  0.251,  0.428,  0.448
  8460,  0.873,  0.230,  2.202,  0.232,  0.349,  0.494
  8520,  0.728,  0.187,  2.038,  0.246,  0.389,  0.595
  8580,  0.790,  0.121,  1.936,  0.285,  0.354,  0.423
  8640,  0.769,  0.114,  1.769,  0.243,  0.353,  0.807
  8700,  0.621,  0.304,  1.660,  0.217,  0.335,  3.409
  8760,  0.676,  0.128,  2.123,  0.180,  0.375,  7.981
  8820,  0.602,  0.196,  2.711,  0.213,  0.390, 10.023
  8880,  0.722,  0.161,  2.751,  0.197,  0.388,  8.988
  8940,  0.761,  0.113,  2.379,  0.203,  0.483,  9.211
  9000,  0.798,  0.069,  2.764,  0.224,  0.428, 11.075
  9060,  0.795,  0.105,  2.582,  0.261,  0.358,  9.877
  9120,  0.592,  0.146,  2.626,  0.255,  0.420, 10.020
  9180,  0.722,  0.136,  2.658,  0.223,  0.353,  8.251
  9240,  0.813,  0.187,  2.313,  0.201,  0.354,  6.052
  9300,  0.757,  0.143,  2.006,  0.176,  0.316,  3.428
  9360,  0.847,  0.174,  1.966,  0.182,  0.377,  2.898
  9420,  0.652,  0.139,  1.815,  0.181,  0.335,  3.050
  9480,  0.796,  0.273,  1.839,  0.186,  0.310,  2.935
  9540,  1.062,  0.151,  2.059,  0.174,  0.403,  3.605
  9600,  0.996,  0.171,  2.336,  0.257,  0.361,  4.383
  9660,  0.735,  0.008,  1.984,  0.214,  0.402,  3.879
  9720,  0.803,  0.131,  2.021,  0.192,  0.313,  3.636
  9780,  0.861,  0.057,  1.854,  0.238,  0.316,  3.608
  9840,  0.865,  0.145,  1.949,  0.243,  0.474,  3.626
  9900,  0.983,  0.118,  1.853,  0.192,  0.308,  3.454
  9960,  0.978,  0.209,  1.897,  0.215,  0.365,  3.424
 10020,  1.050,  0.125,  1.973,  0.059,  0.444,  3.807
 10080,  0.820,  0.081,  1.646,  0.191,  0.347,  3.303
 10140,  0.854,  0.092,  1.633,  0.211,  0.341,  3.025
 10200,  0.930,  0.029,  1.834,  0.194,  0.360,  3.374
 10260,  0.797,  0.088,  1.717,  0.195,  0.340,  3.288
 10320,  0.826,  0.096,  1.707,  0.203,  0.415,  2.685
 10380,  0.772,  0.149,  1.617,  0.178,  0.318,  2.813
 10440,  0.798,  0.195,  1.695,  0.182,  0.334,  3.141
 10500,  0.765,  0.189,  1.690,  0.162,  0.350,  2.945
 10560,  0.762,  0.100,  1.644,  0.156,  0.321,  2.859
 10620,  0.740,  0.065,  1.541,  0.177,  0.404,  2.826
 10680,  0.746,  0.092,  1.628,  0.129,  0.282,  2.654
 10740,  0.803,  0.098,  1.856,  0.175,  0.342,  2.538
 10800,  0.808,  0.033,  1.714,  0.150,  0.385,  2.762
 10860,  0.913,  0.149,  1.695,  0.167,  0.386,  2.823
 10920,  0.827,  0.072,  1.529,  0.164,  0.404,  3.085
 10980,  0.796,  0.102,  1.637,  0.198,  0.321,  3.011
 11040,  0.789,  0.054,  1.676,  0.149,  0.419,  3.127
 11100,  0.738,  0.151,  1.605,  0.161,  0.387,  3.022
 11160,  0.844,  0.138,  1.730,  0.187,  0.388,  2.974
 11220,  0.657,  0.126,  1.740,  0.136,  0.411,  2.879
 11280,  0.700,  0.181,  1.569,  0.190,  0.322,  2.859
 11340,  0.767,  0.155,  1.671,  0.192,  0.360,  2.702
 11400,  0.842,  0.155,  1.542,  0.179,  0.385,  2.477
 11460,  0.560,  0.002,  1.641,  0.145,  0.295,  2.337
 11520,  0.471,  0.102,  1.632,  0.157,  0.348,  2.117
 11580,  0.796,  0.121,  1.669,  0.229,  0.416,  2.416
 11640,  0.833,  0.096,  1.588,  0.149,  0.437,  2.377
 11700,  0.742,  0.183,  1.729,  0.130,  0.410,  1.863
 11760,  0.863,  0.164,  1.486,  0.125,  0.429,  2.096
 11820,  0.458,  0.344,  1.210,  0.111,  0.390,  1.993
 11880,  0.920,  0.419,  1.208,  0.148,  0.400,  2.049
 11940,  0.726,  0.154,  1.502,  0.128,  0.416,  1.967
 12000,  0.695,  0.089,  1.389,  0.124,  0.400,  1.699
 12060,  0.894,  0.113,  1.450,  0.110,  0.478,  1.811
 12120,  0.762,  0.066,  1.535,  0.116,  0.389,  1.846
 12180,  0.866,  0.105,  1.511,  0.123,  0.410,  1.902
 12240,  0.856,  0.018,  1.613,  0.108,  0.432,  1.771
 12300,  0.775,  0.056,  1.556,  0.113,  0.400,  1.810
 12360,  0.765,  0.082,  1.662,  0.169,  0.323,  1.852
 12420,  0.765,  0.108,  1.593,  0.138,  0.435,  1.923
 12480,  0.792,  0.031,  1.636,  0.171,  0.380,  2.131
 12540,  0.745,  0.089,  1.546,  0.151,  0.393,  2.159
 12600,  0.916, -0.007,  1.517,  0.124,  0.366,  2.218
 12660,  0.990,  0.029,  1.427,  0.192,  0.350,  2.098
 12720,  0.844, -0.026,  1.400,  0.135,  0.350,  2.412
 12780,  0.784,  0.058,  1.569,  0.176,  0.340,  2.258
 12840,  0.737,  0.026,  1.435,  0.106,  0.377,  2.554
 12900,  0.831,  0.027,  1.580,  0.158,  0.381,  2.182
 12960,  0.820,  0.015,  1.397,  0.129,  0.375,  2.443
 13020,  0.858,  0.009,  1.401,  0.147,  0.294,  2.326
 13080,  0.837,  0.054,  1.435,  0.153,  0.365,  2.223
 13140,  0.856,  0.064,  1.497,  0.144,  0.307,  2.151
 13200,  1.039, -0.004,  1.593,  0.145,  0.345,  2.257
 13260,  1.034,  0.137,  1.327,  0.148,  0.358,  2.390
 13320,  0.999, -0.096,  1.453,  0.148,  0.349,  2.708
 13380,  0.844,  0.010,  1.427,  0.140,  0.365,  2.648
 13440,  0.885, -0.018,  1.659,  0.161,  0.375,  2.698
 13500,  0.884,  0.024,  1.455,  0.145,  0.388,  2.838
 13560,  0.890, -0.047,  1.471,  0.130,  0.351,  3.090
 13620,  0.933,  0.035,  1.473,  0.136,  0.323,  3.305
 13680,  1.103, -0.108,  1.389,  0.027,  0.511,  2.443
 13740,  0.767,  0.011,  1.424,  0.155,  0.380,  3.383
 13800,  0.897,  0.022,  1.475,  0.166,  0.339,  3.123
 13860,  0.881, -0.010,  1.442,  0.141,  0.268,  2.969
 13920,  0.903,  0.074,  1.592,  0.136,  0.312,  3.136
 13980,  0.882, -0.033,  1.489,  0.157,  0.350,  2.729
 14040,  1.024,  0.035,  1.619,  0.141,  0.331,  2.836
 14100,  0.992, -0.110,  1.304,  0.131,  0.366,  3.111
 14160,  0.825,  0.023,  1.433,  0.135,  0.300,  3.012
 14220,  0.816,  0.022,  1.698,  0.181,  0.385,  2.835
 14280,  0.817,  0.050,  1.603,  0.153,  0.382,  3.044
 14340,  0.891,  0.062,  1.713,  0.150,  0.322,  2.957
 14400,  0.790,  0.104,  1.656,  0.174,  0.375,  3.001
 14460,  0.841,  0.020,  1.573,  0.115,  0.372,  2.994
 14520,  0.729,  0.014,  1.586,  0.149,  0.395,  3.105
 14580,  0.818, -0.046,  1.598,  0.126,  0.297,  2.974
 14640,  0.827,  0.110,  1.295,  0.134,  0.428,  2.579
 14700,  0.836, -0.013,  1.525,  0.199,  0.342,  2.725
 14760,  0.939, -0.029,  1.581,  0.155,  0.429,  2.702
 14820,  0.844,  0.031,  1.435,  0.156,  0.446,  2.613
 14880,  0.804,  0.143,  1.334,  0.147,  0.352,  2.592
 14940,  0.663,  0.002,  1.330,  0.110,  0.383,  2.497
 15000,  0.664,  0.018,  1.455,  0.149,  0.417,  2.447
 15060,  0.737,  0.082,  1.287,  0.123,  0.358,  2.105
 15120,  0.697,  0.042,  1.243,  0.156,  0.310,  1.842
 15180,  0.663,  0.075,  1.458,  0.127,  0.409,  2.038
 15240,  0.714, -0.001,  1.469,  0.226,  0.370,  2.086
 15300,  0.887,  0.079,  1.421,  0.178,  0.371,  2.042
 15360,  0.809,  0.096,  1.410,  0.136,  0.391,  2.021
 15420,  0.731,  0.056,  1.451,  0.138,  0.376,  2.227
 15480,  0.712,  0.055,  1.581,  0.172,  0.397,  2.293
 15540, -9999.000, -9999.000, -9999.000, -9999.000, -9999.000, -9999.000
 15600,  0.787,  0.120,  1.304,  0.121,  0.406,  2.754
 15660,  0.702,  0.102,  1.284,  0.113,  0.360,  2.691
 15720,  0.677,  0.120,  1.350,  0.214,  0.414,  3.010
 15780,  0.809,  0.139,  1.350,  0.138,  0.387,  2.503
 15840,  0.712,  0.047,  1.342,  0.104,  0.369,  2.771
 15900,  0.611,  0.035,  1.454,  0.176,  0.331,  2.495
 15960,  0.749,  0.127,  1.211,  0.100,  0.424,  2.148
