CampaignData_and_Merges/R0/CSL_MobileLab_Parked/raw/20240731/USOS-POPS_MobileLabGround_20240731_R0.ict
78, 1001
Thornberry, T. D.
NOAA Chemical Sciences Laboratory
Portable Optical Particle Spectrometer (POPS)
USOS
1, 1
2024, 07, 31, 2025, 05, 08
60
Time_Start, seconds_past_midnight, Start time of measurement
45
1, 1, 1, 1, 1, 1, 1, 1, 1, 1, 1, 1, 1, 1, 1, 1, 1, 1, 1, 1, 1, 1, 1, 1, 1, 1, 1, 1, 1, 1, 1, 1, 1, 1, 1, 1, 1, 1, 1, 1, 1, 1, 1, 1, 1
-9999, -9999, -9999, -9999, -9999, -9999, -9999, -9999, -9999, -9999, -9999, -9999, -9999, -9999, -9999, -9999, -9999, -9999, -9999, -9999, -9999, -9999, -9999, -9999, -9999, -9999, -9999, -9999, -9999, -9999, -9999, -9999, -9999, -9999, -9999, -9999, -9999, -9999, -9999, -9999, -9999, -9999, -9999, -9999, -9999
Time_Stop, seconds_past_midnight, Stop time of measurement
Time_Mid, seconds_past_midnight, Mid time of measurement
Press_mb, mb, Pressure reported (mb)
Temp_C, degrees C, POPS temperature measurement
Aerosol_concentration, cm^-3, Aerosol concentration
Surface_Area_Conc, um^2 cm^-3, Surface area concentration
Volume_density, um^3 cm^-3, Volume density
Effective_radius, um, Effective radius
Extinction, km^-1, Extinction
Bin01, cm^-3, particle concentration in size range [1401 - 146.3 nm]
Bin02, cm^-3, particle concentration in size range [146.3 - 152.8 nm]
Bin03, cm^-3, particle concentration in size range [152.8 - 159.6 nm]
Bin04, cm^-3, particle concentration in size range [159.6 - 166.8 nm]
Bin05, cm^-3, particle concentration in size range [166.8 - 174.2 nm]
Bin06, cm^-3, particle concentration in size range [174.2 - 181.9 nm]
Bin07, cm^-3, particle concentration in size range [181.9 - 190.0 nm]
Bin08, cm^-3, particle concentration in size range [190.0 - 198.5 nm]
Bin09, cm^-3, particle concentration in size range [198.5 - 207.4 nm]
Bin10, cm^-3, particle concentration in size range [207.4 - 216.6 nm]
Bin11, cm^-3, particle concentration in size range [216.6 - 226.2 nm]
Bin12, cm^-3, particle concentration in size range [226.2 - 236.3 nm]
Bin13, cm^-3, particle concentration in size range [236.3 - 246.8 nm]
Bin14, cm^-3, particle concentration in size range [246.8 - 257.8 nm]
Bin15, cm^-3, particle concentration in size range [257.8 - 269.3 nm]
Bin16, cm^-3, particle concentration in size range [269.3 - 343.4 nm]
Bin17, cm^-3, particle concentration in size range [343.4 - 450.7 nm]
Bin18, cm^-3, particle concentration in size range [450.7 - 525.9 nm]
Bin19, cm^-3, particle concentration in size range [525.9 - 618.5 nm]
Bin20, cm^-3, particle concentration in size range [618.5 - 710.0 nm]
Bin21, cm^-3, particle concentration in size range [710.0 - 822.7 nm]
Bin22, cm^-3, particle concentration in size range [822.7 - 885.9 nm]
Bin23, cm^-3, particle concentration in size range [885.9 - 953.9 nm]
Bin24, cm^-3, particle concentration in size range [953.9 - 1027.2 nm]
Bin25, cm^-3, particle concentration in size range [1027.2 - 1106.1 nm]
Bin26, cm^-3, particle concentration in size range [1106.1 - 1191.0 nm]
Bin27, cm^-3, particle concentration in size range [1191.0 - 1282.5 nm]
Bin28, cm^-3, particle concentration in size range [1282.5 - 1381.0 nm]
Bin29, cm^-3, particle concentration in size range [1381.0 - 1487.1 nm]
Bin30, cm^-3, particle concentration in size range [1487.1 - 1601.3 nm]
Bin31, cm^-3, particle concentration in size range [1601.3 - 1724.3 nm]
[...]
PLATFORM: NOAA CSL Mobile Lab
LOCATION: USOS
ASSOCIATED_DATA: N/A
INSTRUMENT_INFO: Printed Optical Particle Spectrometer counts particles from 140 - 2500 nm in diameter 
DATA_INFO: Particle concentrations reported in number per cubic centimeter,1 Hz data
UNCERTAINTY: Counting uncertainty dominated by air flow, less than 5 percent. Measurement range is ~0 - 3000 per cm3 (varies depending on flow rate- manufacturer quotes 1250 per cm3 at 1.667 cc/s)
ULOD_FLAG: -7777
ULOD_VALUE: N/A
LLOD_FLAG: -8888
LLOD_VALUE: N/A
DM_CONTACT_INFO: Troy Thornberry, 325 Broadway R/CSL6, Boulder, CO 80305; troy.thornberry@noaa.gov; 303-497-3373
PROJECT_INFO: USOS, Utah POPS data from NOAA CSL Mobile Lab
STIPULATIONS_ON_USE: Please contact the PIs for questions regarding applications and uncertainties
OTHER_COMMENTS: POPS bin Edges (nm):  140.1, 146.3, 152.8, 159.6, 166.8, 174.2, 181.9, 190.0, 198.5, 207.4, 216.6, 226.2, 236.3, 246.8, 257.8, 269.3, 343.4, 450.7, 525.9, 618.5, 710.0, 822.7, 885.9, 953.9, 1027.2, 1106.1, 1191.0, 1282.5, 1381.0, 1487.1, 1601.3, 1724.3, 1856.7, 1999.3, 2152.8, 2318.2, 2496.2
Calculations assume organic aerosol refractive index of 1.52+0.00j and extinction wavelength = 532 nm
REVISION: R0
R0: Final data
Time_Start, Time_Stop, Time_Mid, Press_mb, Temp_C, Aerosol_concentration, Surface_Area_Conc, Volume_density, Effective_radius, Extinction, Bin01, Bin02, Bin03, Bin04, Bin05, Bin06, Bin07, Bin08, Bin09, Bin10, Bin11, Bin12, Bin13, Bin14, Bin15, Bin16, Bin17, Bin18, Bin19, Bin20, Bin21, Bin22, Bin23, Bin24, Bin25, Bin26, Bin27, Bin28, Bin29, Bin30, Bin31, Bin32, Bin33, Bin34, Bin35, Bin36
[from data line 610]
36600,36659,36630,872.093,34.357,1105.309,251.792,14.660,0.175,0.104,42.782104,44.758747,44.775158,46.290409,48.296604,49.396118,49.120502,50.442116,51.172806,51.358906,52.290752,55.124855,55.944977,54.089462,51.056488,222.086853,90.341484,31.339884,10.722836,1.561699,0.885153,0.423256,0.310089,0.175690,0.153054,0.084483,0.071429,0.027714,0.057063,0.016518,0.044494,0.050774,0.005865,0.016731,0.011163,0.022271
36660,36719,36690,872.113,34.429,1116.119,252.908,14.858,0.176,0.104,44.693878,46.259987,47.537876,48.497356,48.918537,49.309940,50.011189,50.704849,50.149288,51.590942,52.549583,55.447884,56.072971,55.469681,50.916340,222.080994,90.662361,31.200020,10.394225,1.315245,0.865761,0.380746,0.298645,0.177444,0.110324,0.088748,0.055495,0.055494,0.055386,0.059797,0.044243,0.038252,0.027969,0.028006,0.011224,0.038564
36720,36779,36750,872.120,34.382,1124.301,253.896,14.952,0.176,0.104,45.637253,47.435810,46.784245,49.139732,50.113335,51.035435,51.634533,51.928219,51.297215,51.361736,52.361034,55.924007,57.195469,56.074913,50.063583,221.336914,88.878380,31.760717,10.483121,1.398254,0.966141,0.358649,0.201815,0.189646,0.190033,0.109620,0.064124,0.121616,0.035431,0.023012,0.057908,0.034895,0.017441,0.029183,0.011496,0.046305
36780,36839,36810,872.163,34.255,1128.860,255.013,15.277,0.179,0.105,48.143421,47.737099,48.110497,50.271969,50.774448,50.834759,50.368000,51.712524,51.263737,52.881443,53.174355,55.465805,55.950832,56.506302,50.302723,219.024063,89.793892,31.970196,10.603935,1.411331,0.997248,0.404849,0.263658,0.149125,0.143893,0.099772,0.094241,0.055294,0.038369,0.066832,0.044738,0.072588,0.060577,0.005394,0.016925,0.044688
36840,36899,36870,872.128,34.275,1136.957,257.130,15.209,0.177,0.106,47.459949,48.281261,47.353165,50.712517,51.304100,51.246418,51.226910,52.671070,51.666214,51.792439,52.682812,55.559185,56.211216,56.681602,51.589298,222.839157,91.270119,31.917418,10.466222,1.469726,0.943621,0.498223,0.222427,0.166459,0.133785,0.082873,0.095330,0.050458,0.084196,0.038600,0.089492,0.027734,0.038682,0.027965,0.022341,0.033786
36900,36959,36930,872.159,34.396,1140.109,257.525,15.234,0.177,0.105,47.043533,48.504955,47.785782,49.228863,50.671452,51.283627,51.096539,52.635769,52.350922,52.476276,53.346500,56.672859,56.542030,58.112358,51.604092,224.071747,91.019531,31.544443,10.046501,1.468340,0.975192,0.465403,0.260757,0.198125,0.132371,0.093875,0.045209,0.089547,0.039195,0.048600,0.083732,0.021530,0.050193,0.032816,0.038502,0.027938
36960,37019,36990,872.168,34.539,1215.648,272.206,15.993,0.176,0.111,52.797741,52.346180,53.221699,54.527489,54.712193,55.629425,54.589378,55.240295,54.923885,55.740326,56.237129,59.627747,62.374405,59.713108,54.171558,236.830276,94.583229,32.746044,11.590973,1.330446,1.055096,0.498655,0.226173,0.196931,0.124161,0.083744,0.079367,0.045929,0.085213,0.102271,0.051680,0.033997,0.062667,0.016805,0.033749,0.017031
37020,37079,37050,872.159,34.521,1224.201,274.457,16.592,0.181,0.112,54.436680,54.357029,54.202530,54.753788,56.350105,56.122574,55.951881,56.220512,56.119411,56.282146,56.238998,58.964329,60.539192,59.341389,52.971485,237.045319,95.708908,32.682358,11.532105,1.535621,1.077640,0.356123,0.340115,0.182734,0.100906,0.136237,0.114140,0.085535,0.084248,0.073311,0.073616,0.090795,0.028030,0.034173,0.016838,0.050094
37080,37139,37110,872.157,34.457,1219.408,273.123,16.078,0.177,0.112,53.760670,54.435284,53.222633,54.099510,55.595036,55.166096,55.208393,55.813850,55.244999,55.552536,56.736324,58.816494,60.832905,60.048447,53.400543,236.988403,95.297668,33.458290,11.440109,1.605478,0.931570,0.465068,0.332974,0.200187,0.160999,0.105250,0.066459,0.061194,0.050229,0.072135,0.100344,0.055230,0.027273,0.005359,0.027409,0.022096
37140,37199,37170,872.163,34.390,1214.512,271.047,15.888,0.176,0.110,53.551517,53.393398,53.521561,54.793068,55.626408,55.809834,55.762112,56.410019,54.415199,54.275558,57.434570,59.167839,59.879406,58.770111,53.902321,234.453156,95.358521,32.267273,11.545235,1.554092,0.912040,0.497398,0.259032,0.191639,0.151666,0.124209,0.084939,0.056710,0.072615,0.067527,0.057135,0.050196,0.045364,0.010974,0.011217,0.027928
37200,37259,37230,872.171,34.498,1213.006,272.802,16.514,0.181,0.111,53.443157,53.371521,52.820862,55.437782,54.714443,54.977005,54.834011,55.489388,55.045826,54.864208,57.050438,59.525066,60.242065,59.435108,53.116600,234.266861,96.306107,32.972065,10.635530,1.732584,1.014803,0.397082,0.260492,0.172904,0.171985,0.084457,0.078726,0.089019,0.077711,0.049828,0.073224,0.043610,0.089886,0.017124,0.027032,0.077516
37260,37319,37290,872.209,34.605,1193.835,267.488,16.014,0.179,0.109,52.102936,52.680214,51.571518,53.712788,55.186111,55.007885,54.873486,54.887939,53.878559,53.891827,55.731876,58.432453,59.060925,58.788353,52.443459,231.140427,93.156013,32.124798,10.943485,1.489837,0.925825,0.402684,0.284177,0.285869,0.109754,0.127256,0.121004,0.054712,0.093911,0.049490,0.093847,0.066515,0.016468,0.033532,0.032697,0.033217
37320,37379,37350,872.222,34.548,1191.054,267.961,15.863,0.177,0.110,52.295273,51.001556,51.756523,53.459621,53.568203,54.154072,54.091099,54.155754,53.220787,55.628601,55.612141,57.263050,58.453327,58.359432,52.135883,232.572144,95.219109,32.688293,11.337246,1.523901,1.002000,0.417080,0.272306,0.171383,0.126307,0.082841,0.089043,0.038389,0.061218,0.061004,0.055162,0.044342,0.038511,0.033818,0.032653,0.032948
37380,37439,37410,872.197,34.431,1185.562,265.906,15.624,0.176,0.109,51.766830,50.680984,50.840122,53.238602,54.153095,53.823029,54.069660,54.156734,53.877399,54.031883,55.670544,57.393806,58.773941,58.254086,52.783585,230.422607,94.397255,32.159477,11.044303,1.467569,1.015446,0.292158,0.291823,0.229421,0.148094,0.086125,0.068543,0.062906,0.074548,0.068260,0.057351,0.046888,0.046086,0.040008,0.016944,0.011480
37440,37499,37470,872.176,34.317,1188.270,268.370,16.226,0.181,0.110,51.609455,51.204502,50.478065,53.635002,52.457851,54.164745,54.737335,53.397083,54.614372,53.860233,56.100220,57.412788,59.001450,58.580688,52.792038,232.333466,93.322868,33.354488,10.887650,1.493577,1.055586,0.393440,0.342023,0.171399,0.177382,0.115584,0.038981,0.082662,0.089121,0.094460,0.067561,0.082600,0.016358,0.027615,0.038481,0.039028
37500,37559,37530,872.173,34.331,1199.413,270.563,16.324,0.181,0.111,51.971901,52.480011,52.370262,53.715622,54.212246,54.594002,54.537983,54.240170,54.993690,54.442989,55.825783,58.650890,59.707302,58.765442,52.549046,233.731583,94.007927,32.989002,11.335485,1.524945,0.968360,0.363233,0.291289,0.203087,0.135374,0.133633,0.111723,0.111611,0.087489,0.058153,0.081081,0.046815,0.057954,0.035112,0.058476,0.023166
37560,37619,37590,872.226,34.471,1194.229,268.875,16.325,0.182,0.110,52.079941,52.194588,52.110149,53.972397,53.691563,54.690407,54.528179,54.127811,54.633839,55.310390,55.346088,58.526836,58.594933,59.050617,53.201958,230.633423,94.143585,32.202450,10.765165,1.515143,1.140988,0.442345,0.271191,0.186782,0.185107,0.101863,0.078408,0.051012,0.045378,0.066552,0.102053,0.033503,0.056886,0.028853,0.028249,0.090332
37620,37679,37650,872.266,34.386,1188.380,267.856,16.182,0.181,0.109,50.697777,51.594017,51.894707,52.970341,54.214664,54.195290,53.476048,55.078136,54.213791,54.335861,55.066376,57.670525,58.807285,58.143539,52.580219,232.503082,93.663971,32.176010,10.910664,1.411305,0.961456,0.452004,0.264030,0.211933,0.109470,0.147999,0.073985,0.091381,0.039805,0.091021,0.119953,0.052294,0.040490,0.051558,0.028674,0.040075
37680,37739,37710,872.271,34.267,1190.984,268.591,16.270,0.182,0.110,52.494148,51.539959,52.153378,52.675152,53.192547,54.033497,53.240810,55.310986,53.417408,54.624691,56.268936,58.618965,59.452782,59.152260,51.639847,231.563232,93.601448,33.060375,10.795642,1.436944,0.944845,0.383444,0.330804,0.210003,0.117024,0.055451,0.061272,0.094379,0.061361,0.132202,0.105203,0.038757,0.038378,0.043408,0.038645,0.055425
37740,37799,37770,872.227,34.233,1189.992,268.804,16.260,0.181,0.110,50.965714,51.023216,51.585812,52.581326,54.447075,53.961418,54.330345,54.418858,53.983356,54.036594,54.798607,57.814934,59.425117,57.994972,54.251228,232.337036,93.754372,32.765430,11.399510,1.411389,1.009336,0.417551,0.228652,0.201907,0.124457,0.116459,0.049376,0.082152,0.078710,0.077462,0.083717,0.062077,0.061989,0.039603,0.033984,0.038477
37800,37859,37830,872.217,34.363,1183.520,267.477,16.153,0.181,0.110,51.617599,50.707390,51.129913,51.552433,54.155071,52.910427,52.820457,53.897377,54.196934,54.066944,55.452236,57.629246,58.821228,58.321404,52.802761,231.824463,94.217468,31.937176,11.036259,1.665838,0.837979,0.444124,0.348650,0.252967,0.196097,0.067837,0.079020,0.061582,0.079704,0.067087,0.107281,0.084578,0.062061,0.023026,0.028293,0.016757
37860,37919,37890,872.290,34.482,1189.989,268.112,15.883,0.178,0.110,51.743279,50.596012,50.714996,52.827171,53.423370,52.650997,53.283382,55.383942,53.950741,54.898952,55.570782,59.232410,59.271507,58.600597,52.843391,232.467865,94.582596,33.055237,10.596018,1.558558,0.881853,0.493238,0.343733,0.243804,0.160616,0.100819,0.065719,0.061034,0.060669,0.071021,0.099235,0.050108,0.055428,0.005482,0.010860,0.033388
37920,37979,37950,872.323,34.386,1181.421,265.405,15.811,0.178,0.108,50.270905,52.710644,51.003777,51.759033,53.712715,54.416214,54.367943,53.697815,53.505768,53.844872,54.966267,57.376347,58.862667,58.100914,51.895336,231.268829,92.337486,32.250217,10.794231,1.745591,0.914455,0.339249,0.339695,0.185000,0.132267,0.078156,0.082807,0.083540,0.054560,0.061899,0.072108,0.044039,0.038668,0.028532,0.039119,0.038971
37980,38039,38010,872.336,34.347,1173.169,264.084,15.788,0.179,0.108,49.852509,50.286510,49.788425,51.299049,53.240417,52.803631,53.578224,54.384315,54.176914,54.669975,54.503044,57.682941,58.216457,58.130318,52.263855,229.480087,91.981949,31.833307,10.751927,1.562117,1.054185,0.377463,0.232244,0.172540,0.184481,0.089317,0.066481,0.094398,0.073119,0.066217,0.093983,0.056260,0.033467,0.016897,0.039123,0.033211
38040,38099,38070,872.301,34.288,1164.935,261.048,15.300,0.176,0.107,50.671627,50.338306,50.363792,51.765701,52.818169,52.615543,53.983440,53.885410,52.472839,54.231075,54.053734,56.779079,57.739006,57.128639,50.759113,227.298645,91.426178,31.550947,10.848283,1.632245,0.868655,0.496141,0.277176,0.221017,0.167815,0.056876,0.073584,0.084637,0.045257,0.062851,0.102344,0.044856,0.027460,0.011590,0.016962,0.016965
38100,38159,38130,872.286,34.361,1139.238,257.044,15.401,0.180,0.105,48.861164,49.194271,49.119835,50.316647,51.767162,52.107365,51.505173,51.889328,51.962666,51.466412,52.910553,55.544601,57.406628,56.057194,50.122505,222.338165,90.550217,31.588013,10.455080,1.425868,0.902284,0.492939,0.277892,0.227166,0.133108,0.088376,0.044242,0.083873,0.072444,0.071498,0.060645,0.055392,0.054993,0.021876,0.021942,0.039761
38160,38219,38190,872.320,34.458,1128.989,254.157,15.074,0.178,0.104,48.595055,49.135517,48.131145,49.419064,50.665062,50.875416,50.253777,50.554173,52.183487,53.320629,52.941090,56.176327,57.656391,55.793312,49.625488,219.119766,89.014717,31.295109,10.354402,1.294900,0.912819,0.481388,0.264374,0.164533,0.130834,0.105607,0.073355,0.068205,0.085436,0.061643,0.084133,0.016301,0.039169,0.028070,0.017375,0.050898
38220,38279,38250,872.319,34.425,1122.240,252.602,15.063,0.179,0.103,47.232723,47.998512,47.533676,50.256874,50.591721,50.707634,50.864403,51.504562,52.090637,52.066242,52.027802,55.866188,55.770981,56.049564,49.996632,218.153641,88.501396,30.807402,10.477538,1.371121,0.774911,0.402312,0.270562,0.150388,0.115973,0.089460,0.088210,0.122992,0.049991,0.072689,0.072498,0.033358,0.028014,0.011323,0.032984,0.056070
38280,38339,38310,872.296,34.298,1127.766,252.163,14.650,0.174,0.102,48.594753,48.677650,48.255489,49.373783,50.761570,51.664658,50.333805,51.890972,51.463337,51.727856,52.945408,55.724384,57.015549,54.981865,50.548527,219.625320,89.210320,31.288689,10.011045,1.353851,0.843619,0.312126,0.333594,0.170904,0.138594,0.116268,0.094430,0.038653,0.061758,0.038413,0.061918,0.061507,0.005669,0.010875,0.016943,0.011303
38340,38399,38370,872.341,34.220,1133.872,256.094,15.478,0.181,0.105,47.997677,48.917980,47.717960,50.788612,50.747444,51.427967,50.676079,51.521713,51.220215,51.742260,53.382931,56.769451,55.681892,56.463444,50.764172,222.034531,90.595016,31.257122,10.331980,1.286793,0.859952,0.447656,0.268265,0.222313,0.089600,0.121246,0.099773,0.065943,0.016700,0.044436,0.061085,0.082033,0.072455,0.022763,0.044735,0.028052
38400,38459,38430,872.380,34.296,1121.989,252.615,15.175,0.180,0.103,47.688675,47.708248,48.023312,49.227806,51.325306,50.922852,50.691593,50.871906,51.298969,52.505051,52.899307,54.689373,56.756840,56.281738,48.952103,219.597412,87.853813,30.298546,10.363489,1.528101,0.833386,0.395789,0.283570,0.217126,0.137735,0.105327,0.050520,0.066201,0.071352,0.076676,0.077613,0.066834,0.038609,0.016892,0.028040,0.038979
38460,38519,38490,872.391,34.335,1109.191,249.516,14.683,0.176,0.102,46.852219,46.194515,47.176643,48.315052,49.477238,49.459774,51.259377,50.554447,49.500626,51.240604,52.482437,55.603237,56.184513,55.959568,49.159389,218.099121,87.418015,30.124029,10.575686,1.289948,0.750630,0.407963,0.224166,0.143175,0.163894,0.084415,0.077935,0.068283,0.067587,0.050698,0.084574,0.039115,0.039930,0.017014,0.022079,0.023246
38520,38579,38550,872.379,34.337,1105.228,249.907,15.220,0.182,0.102,46.708019,46.450848,46.565910,48.310108,49.851929,49.707657,50.193756,50.671959,50.944859,50.868652,52.233486,54.078022,55.367290,54.613426,50.105286,216.154526,88.129105,30.675171,9.691196,1.370257,0.903467,0.343746,0.260139,0.153390,0.186418,0.110751,0.121901,0.073086,0.044935,0.066705,0.044358,0.099324,0.033795,0.010973,0.027616,0.056137
38580,38639,38610,872.347,34.291,1100.810,248.937,15.027,0.181,0.102,46.124645,46.003426,46.515316,49.297901,50.053463,49.068802,50.663544,50.347992,49.750900,50.213184,51.513531,54.065060,55.517521,55.894955,49.499382,214.358078,88.098145,29.803625,10.179576,1.307992,0.800355,0.344014,0.333034,0.240504,0.134925,0.095758,0.045681,0.107646,0.067837,0.073781,0.112360,0.056121,0.033813,0.023163,0.011550,0.051799
38640,38699,38670,872.372,34.364,1114.684,253.649,15.288,0.181,0.104,45.936848,46.374851,46.271355,48.790295,49.606743,50.861576,50.301228,51.691521,50.363106,50.943306,52.627811,54.479305,56.608315,55.626034,49.710106,219.216217,89.848160,31.061245,10.279550,1.401181,0.955699,0.447585,0.267546,0.128149,0.116091,0.138650,0.094158,0.117624,0.088857,0.083754,0.076813,0.022230,0.038477,0.017163,0.038366,0.054797
38700,38759,38730,872.422,34.473,1099.081,248.872,14.973,0.180,0.102,46.574127,46.302303,46.954662,48.076340,48.983650,50.299515,49.200500,49.903564,49.478264,50.733086,51.631645,53.508175,55.097145,54.510006,49.609695,216.348465,87.394402,30.333918,10.296122,1.332400,0.947902,0.343085,0.288134,0.165679,0.133825,0.105412,0.077718,0.066424,0.061251,0.039557,0.089141,0.038693,0.044439,0.022192,0.039159,0.050113
38760,38819,38790,872.425,34.482,1089.142,246.545,14.734,0.179,0.101,45.395645,46.611290,45.458824,47.130627,48.831242,49.148865,48.420807,49.751095,49.192883,50.038322,49.967922,54.069565,56.029320,54.846214,49.260395,214.644669,86.557396,29.969141,9.841506,1.374957,0.873866,0.464777,0.282150,0.192515,0.177934,0.093669,0.076850,0.044975,0.094704,0.060899,0.071775,0.049986,0.033790,0.045195,0.005482,0.033332
38820,38879,38850,872.396,34.458,1095.904,248.476,15.128,0.182,0.102,45.580360,46.730339,46.465240,48.291332,48.639168,50.221344,49.523567,49.738110,51.269093,50.959476,51.724316,53.955570,54.739140,54.312145,48.104282,214.118271,87.471321,30.063475,9.842204,1.498183,0.949079,0.400269,0.236409,0.168257,0.135883,0.158904,0.118156,0.062303,0.055808,0.084887,0.079291,0.045450,0.044246,0.033622,0.011494,0.072742
