CampaignData_and_Merges/R0/CSL_MobileLab_Parked/raw/20240731/USOS-NOAAIodideCIMS-Halogens_MobileLabGround_20240731_RA.ict
38, 1001
Michael A Robinson, Chris Jernigan, Subi Thakali
NOAA ESRL Chemical Sciences Laboratory and CIRES, U. of Colorado
NOAA Iodide CIMS Instrument
USOS
1, 1
2024, 07, 31, 2024, 08, 01
1
starttime_UTC, seconds_past_midnight, seconds_of_day_since_00:00:00_UTC
6
1, 1, 1, 1, 1, 1
-9999, -9999, -9999, -9999, -9999, -9999
Br2_NOAACIMS, pptv, Gas_Br2_InSitu_S_AVMR, 
BrO_NOAACIMS, pptv, Gas_BrO_InSitu_S_AVMR, 
Cl2_NOAACIMS, pptv, Gas_Cl2_InSitu_S_AVMR, 
ClNO2_NOAACIMS, pptv, Gas_ClNO2_InSitu_S_AVMR, 
BrCl_NOAACIMS, pptv, Gas_BrCl_InSitu_S_AVMR, 
NCl3_NOAACIMS, pptv, Gas_NCl3_InSitu_S_AVMR, 
0
18
PI_CONTACT_INFO: 325 Broadway, R/CSD 7, Boulder, Colorado 80305; michael.a.robinson@noaa.gov; chris.jernigan@noaa.gov;
PLATFORM: NOAA CSL Mobile Lab
LOCATION: SLC, Utah
ASSOCIATED_DATA: 1Hz data also available on request.
INSTRUMENT_INFO: NOAA I- ToF CIMS
DATA_INFO: All data in parts per trillion by volume (pptv). 1 Hz data is available upon request.
UNCERTAINTY: TBD
ULOD_FLAG: -7777
ULOD_VALUE: N/A
LLOD_FLAG: -8888
LLOD_VALUE: N/A
DM_CONTACT_INFO: Nathan Howard; nathan.h.howard@noaa.gov
PROJECT_INFO: USOS, summer 2024. https://csl.noaa.gov/groups/csl7/measurements/2024usos/
STIPULATIONS_ON_USE: Users are strongly encouraged to contact the PI for proper data usage.
OTHER_COMMENTS: 
REVISION: RA
RA: Preliminary Data; For in-field use only
starttime_UTC, Br2_NOAACIMS, BrO_NOAACIMS, Cl2_NOAACIMS, ClNO2_NOAACIMS, BrCl_NOAACIMS, NCl3_NOAACIMS
[from data line 557]
 33420,  0.754,  0.068,  1.040,  0.680,  0.235,  1.595
 33480,  0.618,  0.039,  0.949,  0.443,  0.247,  1.478
 33540,  0.583,  0.016,  0.976,  0.406,  0.225,  1.753
 33600,  0.778,  0.075,  1.083,  2.144,  0.274,  3.002
 33660,  0.728,  0.104,  1.043,  0.945,  0.194,  1.998
 33720,  0.643,  0.107,  1.011,  1.203,  0.255,  2.389
 33780,  0.610,  0.049,  1.123,  1.132,  0.228,  2.110
 33840,  0.661,  0.025,  1.070,  1.541,  0.265,  3.103
 33900,  0.777,  0.049,  1.040,  1.581,  0.295,  2.983
 33960,  0.555,  0.036,  0.978,  0.948,  0.288,  2.249
 34020, -9999.000, -9999.000, -9999.000, -9999.000, -9999.000, -9999.000
 34080,  0.530, -0.018,  0.952,  1.062,  0.182,  3.494
 34140,  0.527,  0.052,  0.914,  0.564,  0.183,  2.520
 34200,  0.664,  0.040,  1.001,  0.802,  0.252,  3.005
 34260,  0.679,  0.020,  1.116,  0.981,  0.317,  3.087
 34320,  0.673,  0.095,  1.092,  0.763,  0.287,  2.289
 34380,  0.611,  0.082,  1.024,  1.096,  0.309,  2.611
 34440,  0.786,  0.030,  1.179,  1.094,  0.265,  2.417
 34500,  0.664,  0.071,  1.182,  1.051,  0.251,  2.593
 34560,  0.658,  0.165,  1.185,  2.059,  0.245,  3.420
 34620,  0.799,  0.060,  1.257,  4.495,  0.256,  6.381
 34680,  0.808,  0.224,  1.265,  4.423,  0.297,  6.148
 34740,  0.767,  0.061,  1.243,  4.352,  0.271,  5.781
 34800,  0.820,  0.119,  1.216,  3.584,  0.272,  5.279
 34860,  0.690,  0.207,  1.064,  1.608,  0.206,  3.064
 34920,  0.870,  0.144,  1.180,  2.952,  0.247,  4.894
 34980,  0.705,  0.048,  1.163,  3.276,  0.297,  5.384
 35040,  0.666,  0.125,  1.193,  2.934,  0.230,  4.846
 35100,  0.655,  0.182,  1.117,  1.531,  0.256,  3.510
 35160,  0.732,  0.137,  1.111,  1.569,  0.240,  3.168
 35220,  0.669,  0.052,  1.154,  1.517,  0.254,  3.087
 35280,  0.605,  0.154,  1.079,  1.392,  0.214,  3.201
 35340,  0.755,  0.064,  1.036,  0.692,  0.250,  2.578
 35400,  0.674,  0.207,  1.054,  0.530,  0.249,  2.329
 35460,  0.673,  0.118,  0.958,  0.414,  0.225,  2.337
 35520,  0.715,  0.079,  1.144,  0.470,  0.225,  2.124
 35580,  0.665,  0.188,  1.053,  0.396,  0.233,  2.338
 35640,  0.703,  0.114,  1.010,  0.385,  0.216,  2.228
 35700,  0.767,  0.114,  1.018,  0.350,  0.155,  1.898
 35760,  0.780,  0.210,  1.069,  0.394,  0.160,  2.521
 35820,  0.856,  0.093,  1.227,  0.365,  0.139,  2.616
 35880,  0.515,  0.013,  0.907,  0.318,  0.259,  2.455
 35940,  0.685,  0.111,  1.178,  0.295,  0.185,  2.099
 36000,  0.663,  0.111,  1.040,  0.163,  0.161,  1.613
 36060,  0.699,  0.168,  1.052,  0.158,  0.154,  1.518
 36120,  0.823,  0.063,  1.056,  0.183,  0.170,  1.506
 36180,  0.706,  0.069,  1.136,  0.106,  0.203,  1.409
 36240,  0.664,  0.113,  1.084,  0.173,  0.208,  1.868
 36300,  0.646,  0.122,  1.194,  0.145,  0.183,  1.756
 36360,  0.709,  0.017,  1.133,  0.103,  0.136,  1.666
 36420,  0.711,  0.048,  1.150,  0.129,  0.164,  1.763
 36480,  0.640,  0.073,  1.147,  0.405,  0.165,  3.662
 36540,  0.781,  0.132,  1.518,  2.131,  0.228, 15.315
 36600,  0.722,  0.077,  1.585,  2.771,  0.248, 20.734
 36660,  0.640,  0.071,  1.740,  4.048,  0.271, 29.557
 36720,  0.800,  0.105,  1.712,  5.261,  0.213, 34.393
 36780,  0.681,  0.103,  1.586,  3.341,  0.184, 18.451
 36840,  0.800,  0.124,  1.587,  5.364,  0.236, 18.607
 36900,  0.950,  0.167,  1.619,  7.920,  0.262, 15.611
 36960,  0.700,  0.142,  1.666,  9.368,  0.265, 19.601
 37020,  0.865,  0.196,  1.676,  9.875,  0.274, 19.234
 37080,  0.827,  0.122,  1.709,  9.932,  0.209, 16.389
 37140,  0.558,  0.091,  1.539, 10.265,  0.215, 17.072
 37200,  0.712,  0.020,  1.831, 10.436,  0.271, 22.556
 37260,  0.631,  0.130,  1.722, 10.476,  0.281, 22.134
 37320,  0.735,  0.068,  1.885, 10.062,  0.189, 22.184
 37380,  0.660,  0.170,  1.873,  9.426,  0.262, 18.850
 37440,  0.763,  0.020,  1.685, 10.021,  0.270, 18.444
 37500,  0.589, -0.013,  1.881, 10.155,  0.218, 18.221
 37560,  0.725,  0.137,  1.954,  8.959,  0.222, 16.583
 37620,  0.553, -0.001,  1.891,  9.953,  0.214, 17.066
 37680,  0.839,  0.630,  1.998, 10.356,  0.298, 17.868
 37740,  0.683,  0.168,  1.644,  9.960,  0.340, 18.281
 37800,  0.604,  0.027,  1.761, 10.210,  0.208, 17.464
 37860,  0.709,  0.104,  1.726, 11.185,  0.226, 16.623
 37920,  0.715,  0.110,  1.871, 11.264,  0.250, 17.738
 37980,  0.732,  0.119,  1.873, 10.380,  0.315, 17.508
 38040,  0.453,  0.088,  1.663,  9.339,  0.261, 17.430
 38100,  0.660, -0.012,  1.889,  9.516,  0.257, 16.750
 38160,  0.685,  0.023,  1.740, 10.182,  0.252, 16.416
 38220,  0.647,  0.098,  1.833, 10.695,  0.236, 17.591
 38280,  0.637,  0.040,  1.767, 10.330,  0.201, 17.468
 38340,  0.797,  0.118,  1.886,  9.459,  0.290, 17.190
 38400,  0.824,  0.057,  1.738,  8.163,  0.285, 16.598
 38460,  0.644,  0.042,  2.002,  7.666,  0.229, 15.734
 38520,  0.694,  0.020,  1.933,  7.822,  0.270, 14.218
 38580,  0.635,  0.073,  1.870,  8.017,  0.300, 15.670
 38640,  0.700,  0.005,  1.683,  7.614,  0.254, 16.496
 38700,  0.754,  0.030,  1.833,  7.734,  0.322, 16.805
 38760,  0.606,  0.104,  1.846,  8.335,  0.182, 14.638
 38820,  0.784,  0.128,  1.856,  7.200,  0.307, 15.233
 38880,  0.610,  0.106,  1.694,  6.805,  0.262, 15.420
 38940,  0.612,  0.065,  1.740,  7.517,  0.226, 14.203
 39000,  0.638,  0.096,  1.779,  7.812,  0.265, 15.052
 39060,  0.835,  0.203,  1.745,  9.054,  0.315, 15.328
 39120,  0.683,  0.189,  1.840,  9.424,  0.233, 15.280
 39180,  0.815,  0.088,  1.646,  8.761,  0.186, 14.769
 39240,  0.738,  0.127,  1.782,  9.013,  0.321, 14.390
 39300,  0.694,  0.072,  1.800,  8.538,  0.190, 14.799
 39360,  0.787,  0.082,  1.836,  9.064,  0.287, 15.502
 39420,  0.674,  0.141,  1.655,  9.612,  0.231, 15.701
 39480,  0.717,  0.242,  1.644,  9.412,  0.207, 15.531
 39540,  0.655,  0.068,  1.418, 10.123,  0.187, 15.428
 39600,  0.652,  0.274,  1.572,  9.649,  0.198, 15.541
 39660,  0.661,  0.237,  1.615,  9.583,  0.185, 15.459
 39720,  0.601,  0.121,  1.588,  8.670,  0.271, 15.873
 39780,  0.696,  0.027,  1.504,  9.109,  0.243, 16.083
 39840,  0.698,  0.183,  1.884,  8.950,  0.282, 18.236
 39900,  0.640,  0.229,  1.604,  9.309,  0.244, 16.398
 39960,  0.775,  0.203,  1.678,  9.154,  0.192, 16.238
 40020,  0.679,  0.240,  1.580,  8.505,  0.207, 15.144
 40080,  0.585,  0.067,  1.481,  8.019,  0.190, 14.063
 40140,  0.584,  0.109,  1.396,  8.368,  0.198, 13.334
 40200,  0.584,  0.156,  1.578,  8.832,  0.224, 13.665
 40260,  0.656,  0.142,  1.654,  8.903,  0.262, 14.838
 40320,  0.800,  0.120,  1.560,  7.745,  0.243, 17.884
 40380,  0.721,  0.208,  1.646,  8.296,  0.240, 14.813
 40440,  0.619, -0.022,  1.541,  8.322,  0.233, 15.308
 40500,  0.564,  0.149,  1.506,  8.252,  0.168, 16.091
 40560,  0.703,  0.048,  1.643,  8.894,  0.252, 16.210
 40620,  0.897,  0.073,  1.852,  8.179,  0.264, 17.770
 40680,  0.715,  0.059,  1.675,  8.802,  0.202, 17.994
 40740,  0.611,  0.169,  1.462,  8.139,  0.216, 16.792
 40800,  0.711,  0.061,  1.639,  8.356,  0.231, 16.154
 40860,  0.664,  0.031,  1.576,  8.733,  0.268, 16.876
 40920,  0.664,  0.078,  1.336,  8.580,  0.207, 14.062
 40980,  0.603,  0.001,  1.390,  8.578,  0.173, 14.636
 41040,  0.699,  0.041,  1.312,  8.771,  0.223, 15.576
 41100,  0.653,  0.049,  1.402,  8.877,  0.185, 17.960
 41160,  0.727, -0.008,  1.491,  8.838,  0.205, 19.399
 41220,  0.742,  0.003,  1.605,  8.785,  0.202, 19.337
 41280,  0.587,  0.022,  1.566,  8.574,  0.213, 18.535
 41340,  0.710,  0.042,  1.569,  9.014,  0.143, 18.502
 41400, -9999.000, -9999.000, -9999.000, -9999.000, -9999.000, -9999.000
 41460,  0.500, -0.025,  1.407,  8.976,  0.051, 18.683
 41520,  0.478,  0.021,  1.337,  8.398,  0.144, 17.905
 41580,  0.672,  0.004,  1.325,  8.327,  0.180, 15.144
 41640,  0.658, -0.015,  1.459,  9.443,  0.100, 16.638
 41700,  0.530,  0.039,  1.281,  8.707,  0.145, 16.029
 41760,  0.572,  0.077,  1.327,  8.904,  0.173, 17.041
 41820,  0.533,  0.010,  1.602,  9.137,  0.186, 18.527
 41880,  0.722,  0.100,  1.567,  8.881,  0.175, 16.533
 41940,  0.597,  0.042,  1.386,  8.966,  0.258, 18.098
 42000,  0.701,  0.021,  1.525,  8.374,  0.212, 17.914
 42060,  0.654,  0.035,  1.387,  8.870,  0.203, 17.921
 42120,  0.585,  0.019,  1.400,  8.851,  0.208, 18.021
 42180,  0.726, -0.060,  1.238,  8.843,  0.213, 18.402
 42240,  0.663,  0.020,  1.488,  8.913,  0.206, 18.255
 42300,  0.610,  0.000,  1.249,  8.238,  0.115, 16.174
 42360,  0.376,  0.012,  1.209,  8.036,  0.161, 13.929
 42420,  0.523, -0.045,  1.244,  8.150,  0.197, 12.720
 42480,  0.695, -0.045,  1.393,  8.162,  0.177, 12.176
 42540,  0.631,  0.002,  1.161,  7.914,  0.128, 13.332
 42600,  0.396,  0.069,  1.229,  7.845,  0.175, 13.122
 42660,  0.441,  0.109,  1.272,  8.411,  0.182, 15.654
 42720,  0.517,  0.083,  1.343,  9.018,  0.156, 16.918
 42780,  0.623,  0.035,  1.393,  9.320,  0.208, 17.101
 42840,  0.563,  0.125,  1.384,  8.506,  0.194, 17.057
 42900,  0.444, -0.002,  1.080,  7.394,  0.176, 12.938
 42960,  0.372,  0.123,  1.269,  8.078,  0.120, 15.507
 43020,  0.537,  0.115,  1.419,  8.156,  0.337, 23.145
 43080,  0.431,  0.051,  1.413,  8.531,  0.361, 24.412
 43140,  0.405,  0.012,  1.180,  7.713,  0.166, 14.499
 43200,  0.378,  0.063,  1.115,  7.751,  0.052, 14.510
 43260, -9999.000, -9999.000, -9999.000, -9999.000, -9999.000, -9999.000
 43320,  0.360,  0.101,  1.049,  7.415,  0.126, 15.418
 43380,  0.399,  0.072,  1.181,  8.275,  0.162, 16.562
 43440,  0.440,  0.044,  1.025,  7.641,  0.121, 13.206
 43500,  0.414,  0.045,  1.199,  8.219,  0.142, 12.401
 43560,  0.554,  0.142,  1.214,  8.264,  0.187, 12.415
 43620,  0.563,  0.065,  1.213,  8.155,  0.177, 10.990
 43680,  0.504,  0.080,  1.163,  8.136,  0.209, 14.540
 43740,  0.468,  0.127,  1.263,  8.160,  0.218, 13.898
 43800,  0.550,  0.174,  1.202,  8.133,  0.164, 13.343
 43860,  0.457,  0.097,  1.255,  7.772,  0.169, 13.251
 43920,  0.443,  0.167,  1.150,  7.998,  0.138, 14.364
 43980,  0.475,  0.060,  1.218,  8.311,  0.130, 12.991
 44040,  0.596,  0.186,  1.312,  7.862,  0.268, 15.006
 44100,  0.449,  0.165,  1.237,  8.231,  0.229, 15.881
 44160,  0.523,  0.141,  1.071,  8.301,  0.199, 15.174
 44220,  0.380,  0.184,  1.171,  8.076,  0.225, 12.942
 44280,  0.421,  0.140,  1.195,  8.290,  0.166, 12.650
 44340,  0.534,  0.100,  1.239,  7.886,  0.248, 14.564
 44400,  0.437,  0.066,  1.155,  7.913,  0.237, 13.407
 44460,  0.416,  0.127,  1.146,  8.364,  0.197, 13.313
 44520,  0.503,  0.069,  1.134,  8.250,  0.171, 13.079
 44580,  0.499,  0.004,  1.265,  8.220,  0.208, 14.788
 44640,  0.460,  0.111,  1.388,  8.280,  0.178, 15.031
 44700,  0.484,  0.134,  1.599,  8.592,  0.287, 19.173
 44760,  0.577,  0.204,  1.993,  9.297,  0.547, 32.054
 44820,  0.437,  0.147,  1.496,  8.355,  0.322, 20.937
 44880,  0.467,  0.083,  1.250,  7.969,  0.231, 15.844
 44940,  0.464,  0.225,  1.086,  7.326,  0.150, 13.351
 45000,  0.506,  0.138,  1.200,  7.231,  0.162, 12.913
 45060,  0.369,  0.324,  1.313,  7.471,  0.145, 12.526
 45120, -9999.000, -9999.000, -9999.000, -9999.000, -9999.000, -9999.000
 45180,  0.341,  0.051,  1.038,  6.974,  0.181, 12.535
 45240,  0.393,  0.136,  1.096,  7.386,  0.194, 14.703
 45300,  0.457,  0.107,  1.021,  7.389,  0.158, 14.473
 45360,  0.214,  0.155,  1.030,  7.291,  0.176, 14.134
 45420,  0.390,  0.123,  1.067,  6.823,  0.194, 14.097
 45480,  0.372,  0.117,  0.891,  6.555,  0.231, 13.361
 45540,  0.311,  0.080,  0.878,  6.477,  0.178, 12.354
 45600,  0.357,  0.099,  0.968,  6.543,  0.174, 11.925
 45660,  0.331,  0.123,  1.006,  6.576,  0.142, 13.629
 45720,  0.402,  0.118,  0.955,  6.489,  0.149, 13.325
 45780,  0.317,  0.112,  0.876,  5.883,  0.177,  9.995
 45840,  0.418,  0.017,  0.916,  5.548,  0.141,  9.245
 45900,  0.398,  0.166,  0.985,  5.522,  0.164,  8.994
 45960,  0.362,  0.082,  0.959,  5.298,  0.145,  8.955
 46020,  0.392,  0.043,  0.868,  5.446,  0.160, 10.214
 46080,  0.438, -0.006,  0.924,  5.646,  0.197, 12.415
 46140,  0.418,  0.010,  0.890,  5.664,  0.181, 11.963
 46200,  0.491,  0.067,  0.920,  5.666,  0.176, 12.395
 46260,  0.321,  0.033,  0.921,  5.717,  0.164, 10.824
 46320,  0.243,  0.057,  0.950,  5.412,  0.202, 10.081
 46380,  0.367,  0.090,  1.019,  5.728,  0.235, 15.239
 46440,  0.406,  0.067,  1.078,  5.821,  0.239, 13.219
 46500,  0.359, -0.013,  0.885,  5.809,  0.217, 11.992
 46560,  0.369,  0.128,  0.747,  5.201,  0.170,  9.922
 46620,  0.328,  0.004,  0.872,  5.469,  0.187, 10.448
 46680,  0.449,  0.113,  0.891,  5.524,  0.200, 12.031
 46740,  0.429,  0.089,  0.962,  5.679,  0.152, 12.505
 46800,  0.390, -0.012,  1.101,  6.554,  0.308, 17.579
 46860,  0.322,  0.013,  0.853,  5.638,  0.196, 13.461
 46920,  0.244, -0.088,  0.957,  5.754,  0.222, 15.130
 46980,  0.277, -0.052,  1.123,  5.507,  0.226, 13.288
 47040,  0.367, -0.031,  1.053,  5.551,  0.219, 12.957
 47100,  0.406,  0.026,  1.101,  5.860,  0.164, 10.831
 47160,  0.362,  0.053,  1.006,  5.513,  0.112,  8.875
 47220,  0.371,  0.124,  0.875,  5.167,  0.134,  9.695
 47280,  0.485,  0.031,  0.905,  5.090,  0.141,  9.037
 47340,  0.459,  0.065,  0.885,  5.304,  0.187, 12.235
 47400,  0.435,  0.068,  0.837,  5.134,  0.156, 10.574
 47460,  0.502,  0.152,  0.833,  4.651,  0.100,  9.498
 47520,  0.504,  0.124,  0.764,  4.457,  0.138,  8.644
 47580,  0.497,  0.080,  0.774,  4.699,  0.093,  8.726
 47640,  0.506,  0.145,  0.901,  4.890,  0.120,  8.498
 47700,  0.445,  0.144,  1.023,  4.623,  0.182, 12.156
 47760,  0.416,  0.156,  0.963,  4.264,  0.131, 10.106
 47820,  0.450,  0.134,  0.991,  4.359,  0.157, 11.391
 47880,  0.571,  0.186,  1.098,  4.490,  0.174, 13.222
 47940,  0.692,  0.193,  1.020,  4.594,  0.215, 16.929
 48000,  0.520,  0.206,  1.330,  5.082,  0.332, 23.027
 48060,  0.414,  0.131,  1.107,  3.942,  0.170, 13.921
 48120, -9999.000, -9999.000, -9999.000, -9999.000, -9999.000, -9999.000
 48180,  0.472,  0.335,  0.920,  2.757,  0.133, 10.824
 48240,  0.539,  0.053,  0.930,  3.264,  0.109,  8.882
 48300,  0.461,  0.162,  1.031,  3.000,  0.113,  7.502
 48360,  0.462,  0.172,  0.870,  2.957,  0.067,  8.213
 48420,  0.434,  0.216,  0.945,  3.001,  0.099,  7.503
 48480,  0.543,  0.154,  0.925,  3.218,  0.130,  7.041
 48540,  0.528,  0.264,  1.002,  3.105,  0.134,  6.277
 48600,  0.519,  0.134,  1.065,  2.747,  0.124,  5.368
 48660,  0.559,  0.189,  1.110,  2.782,  0.113,  5.005
 48720,  0.581,  0.128,  1.019,  2.824,  0.078,  4.714
 48780,  0.667,  0.191,  0.998,  2.499,  0.121,  4.874
 48840,  0.607,  0.152,  1.073,  2.246,  0.136,  5.368
 48900,  0.514,  0.231,  1.102,  2.374,  0.171,  5.073
 48960,  0.582,  0.150,  1.125,  2.169,  0.149,  4.880
 49020,  0.548,  0.174,  0.932,  2.182,  0.135,  4.604
 49080,  0.367,  0.159,  1.040,  2.014,  0.125,  4.289
 49140,  0.488,  0.139,  1.065,  2.066,  0.146,  4.465
 49200,  0.570,  0.114,  1.024,  2.005,  0.153,  4.032
 49260,  0.523,  0.132,  0.970,  1.805,  0.147,  3.820
 49320,  0.574,  0.144,  1.134,  1.797,  0.129,  3.391
 49380,  0.435,  0.079,  0.977,  1.710,  0.113,  3.347
 49440,  0.496,  0.142,  1.002,  1.436,  0.213,  3.216
 49500,  0.637,  0.127,  1.079,  1.175,  0.135,  3.471
 49560,  0.599,  0.160,  0.992,  1.161,  0.153,  2.845
 49620,  0.519,  0.186,  0.981,  1.303,  0.121,  3.510
 49680,  0.424,  0.131,  1.056,  1.295,  0.130,  3.138
 49740,  0.533,  0.197,  1.064,  1.205,  0.154,  2.855
 49800,  0.384,  0.153,  0.919,  1.242,  0.183,  2.721
 49860,  0.495,  0.083,  1.047,  1.443,  0.229,  7.309
 49920,  0.535,  0.133,  1.164,  1.728,  0.277,  9.711
 49980,  0.298,  0.721,  1.022,  2.095,  0.186,  6.591
 50040,  0.444,  0.217,  0.982,  1.842,  0.172,  5.336
 50100,  0.485,  0.123,  0.997,  1.837,  0.190,  5.524
 50160,  0.478,  0.186,  0.886,  1.615,  0.173,  4.239
 50220,  0.409,  0.119,  0.948,  1.519,  0.132,  3.682
 50280,  0.509,  0.283,  0.908,  1.403,  0.140,  2.776
 50340,  0.548,  0.164,  0.919,  1.336,  0.139,  2.385
 50400,  0.525,  0.156,  0.997,  1.283,  0.134,  1.998
 50460,  0.625,  0.157,  0.941,  1.484,  0.232,  4.768
 50520,  0.703,  0.337,  1.008,  1.578,  0.368,  9.768
 50580,  0.539,  0.130,  0.969,  1.315,  0.182,  4.784
 50640,  0.528,  0.164,  1.046,  1.172,  0.112,  3.273
