CampaignData_and_Merges/R0/CSL_MobileLab_Parked/raw/20240731/USOS-Picarro-CO2-CH4-CO-H2O_MobileLabGround_20240731_R0.ict
38, 1001
Ilana Pollack, Nell Schafer, and Jeff Peischl
NOAA Chemical Sciences Laboratory
Picarro 2401-m CO2/CH4/CO/H2O Analyzer
USOS
1, 1
2024, 07, 31, 2024, 11, 20
0
StartTime_UTC, seconds_past_midnight, seconds past midnight
5
1, 1, 1, 1, 1
-9999, -9999, -9999, -9999, -9999
StopTime_UTC, seconds_past_midnight, seconds past midnight
CO2_ppm_1min, ppm, Gas_CO2_InSitu_S_DMF, carbon dioxide mixing ratio
CH4_ppb_1min, ppb, Gas_CH4_InSitu_S_DMF, methane mixing ratio
CO_ppb_1min, ppb, Gas_CO_InSitu_S_DMF, carbon monoxide mixing ratio
H2O_ppmv_1min, ppmv, Met_H2OMRV_InSitu_S_AVMR, water vapor mixing ratio
1
SPECIAL COMMENTS: N/A
18
PI_CONTACT_INFO: Address: NOAA Chemical Sciences Laboratory, Mail Stop CSL7, 325 Broadway, Boulder, CO 80305; Email: Ilana.Pollack@noaa.gov
PLATFORM: NOAA CSL Mobile Laboratory
LOCATION: The mobile lab was stationed in Salt Lake City, Utah.
ASSOCIATED_DATA: N/A
INSTRUMENT_INFO: CO2, CH4, and CO are reported as dry air mole fractions using a commercial wavelength-scanned cavity ring-down analyzer (Picarro 2401-m). An in-field calibration gas standard of 432±0.07 ppm CO2, 2095±1 ppb CH4, and 183±1 ppb CO, calibrated in the Boulder laboratories before and after the field project using primary CO2, CH4, and CO standard tanks tied to the WMO standard (X2019, X2004A, and X2014A, respectively) from the Global Monitoring Laboratory (GML), was delivered to the inlet every 2-3 days to evaluate instrument sensitivity. A H2O measurement was calibrated before the project with a Dew Point Mirror 373 hygrometer. The water correction calculated from these calibrations was applied to the H2O measurement for the entire campaign. Species are measured at 0.5 Hz and reported as 1-minute averages for stationary measurements.
DATA_INFO: Units: CO2, ppm, dry air mole fraction; CH4, ppb, dry air mole fraction; CO, ppb, dry air mole fraction; H2O, ppmv
UNCERTAINTY: Total uncertainties are estimated as ±0.1 ppm for CO2, ±1 ppb for CH4, ±5 ppb for CO, and ±(50 ppm + 4%) for H2O.
ULOD_FLAG: -7777
ULOD_VALUE: N/A
LLOD_FLAG: -8888
LLOD_VALUE: N/A
DM_CONTACT_INFO: Data Manager: Nathan Howard; nathan.h.howard@noaa.gov
PROJECT_INFO: USOS Dates of Study: July – August 2024
STIPULATIONS_ON_USE: Use of these data require prior ok from PI.
OTHER_COMMENTS: Data are averaged to 1 minute intervals. Stationary data collected from a 10 ft tower on top of the mobile van.
REVISION: R0
R0: Final Data
StartTime_UTC, StopTime_UTC, CO2_ppm_1min, CH4_ppb_1min, CO_ppb_1min, H2O_ppmv_1min
[from data line 1140]
68400,68460,431.65,2078.5,311.0,11447.4189
68460,68520,431.23,2079.7,310.4,11600.1641
68520,68580,429.23,2080.5,304.9,12279.7979
68580,68640,428.44,2077.0,299.4,11699.4219
68640,68700,427.73,2075.8,296.3,11631.6924
68700,68760,427.50,2071.9,294.5,11801.5742
68760,68820,427.43,2071.6,294.5,11790.2148
68820,68880,426.67,2071.3,295.7,12368.9600
68880,68940,427.16,2069.9,293.9,12048.3828
68940,69000,426.60,2067.7,292.5,11822.4619
69000,69060,426.80,2066.7,294.9,11852.8877
69060,69120,426.22,2058.1,289.4,11372.2441
69120,69180,426.30,2053.6,286.8,11061.4141
69180,69240,426.39,2049.7,288.3,10607.1777
69240,69300,426.53,2048.6,286.7,10535.8301
69300,69360,426.12,2049.6,307.8,10946.4082
69360,69420,425.49,2047.8,309.3,11325.6865
69420,69480,425.50,2045.4,296.4,11345.2754
69480,69540,425.07,2043.1,289.5,11310.8447
69540,69600,425.07,2040.4,283.9,11237.9375
69600,69660,425.12,2036.3,277.2,10466.8086
69660,69720,425.15,2037.8,281.0,10781.9619
69720,69780,425.21,2038.9,282.2,11152.4883
69780,69840,425.52,2037.4,283.7,11116.9473
69840,69900,425.32,2036.9,279.6,10987.2988
69900,69960,425.37,2038.0,280.3,10819.0742
69960,70020,424.96,2037.7,281.0,10956.5332
70020,70080,423.97,2038.9,282.2,11758.3389
70080,70140,424.82,2038.8,280.8,11152.3926
70140,70200,426.76,2049.4,289.0,10921.9102
70200,70260,426.95,2049.3,288.6,10833.9141
70260,70320,426.73,2051.2,290.5,11153.1445
70320,70380,427.17,2054.4,292.8,11849.2949
70380,70440,426.77,2054.6,292.4,11535.5654
70440,70500,426.87,2056.5,287.5,11211.5938
70500,70560,426.60,2053.0,287.4,11289.0938
70560,70620,426.65,2056.0,288.0,11541.7783
70620,70680,426.02,2053.5,287.1,11989.8184
70680,70740,426.17,2053.2,286.1,11703.9531
70740,70800,426.35,2057.7,286.1,11420.4092
70800,70860,425.84,2056.4,286.7,11750.9834
70860,70920,425.60,2054.4,288.8,11852.8008
70920,70980,425.60,2046.7,284.8,10978.5313
70980,71040,425.90,2049.4,287.5,11106.5215
71040,71100,426.23,2051.1,284.5,10925.2227
71100,71160,425.88,2049.9,281.6,10941.6338
71160,71220,424.98,2047.0,282.7,11401.6787
71220,71280,424.62,2044.8,284.7,11407.2236
71280,71340,425.12,2050.1,284.9,11698.1992
71340,71400,425.86,2054.9,291.4,12111.2539
71400,71460,427.48,2052.5,287.5,11601.7871
71460,71520,426.88,2046.3,287.3,11377.1348
71520,71580,426.11,2047.4,286.4,11344.2773
71580,71640,426.48,2050.4,288.6,11429.6680
71640,71700,425.84,2051.3,289.9,11860.1455
71700,71760,425.06,2047.1,290.6,11606.0615
71760,71820,425.21,2045.8,290.2,11803.2363
71820,71880,425.53,2043.8,287.3,11425.4082
71880,71940,425.57,2043.1,289.0,11614.7031
71940,72000,426.11,2041.9,288.5,11351.0400
72000,72060,426.44,2042.5,289.4,11747.6914
72060,72120,426.89,2038.9,291.5,11724.8076
72120,72180,427.54,2036.8,294.8,11429.9551
72180,72240,427.34,2033.5,297.7,11221.7959
72240,72300,427.23,2036.8,296.1,11056.4229
72300,72360,426.39,2037.0,298.8,11487.3730
72360,72420,426.12,2037.7,295.8,11486.3301
72420,72480,426.51,2035.8,294.9,11291.2959
72480,72540,426.07,2032.6,297.3,11214.3516
72540,72600,426.08,2034.0,301.9,11519.5137
72600,72660,425.66,2026.9,295.4,11000.6641
72660,72720,425.05,2024.1,294.8,11164.3174
72720,72780,425.11,2023.8,296.9,10939.6572
72780,72840,424.48,2028.2,295.3,11857.3711
72840,72900,425.75,2030.5,290.0,11279.9561
72900,72960,425.52,2031.5,287.0,11562.5859
72960,73020,426.27,2029.8,289.0,11216.9785
73020,73080,425.40,2028.9,290.4,11694.1895
73080,73140,425.11,2028.3,293.5,11700.9775
73140,73200,424.21,2028.6,298.7,12293.6221
73200,73260,425.10,2026.4,290.8,11372.2510
73260,73320,425.70,2026.6,285.0,10923.3008
73320,73380,425.40,2027.6,287.5,11155.4209
73380,73440,425.64,2026.7,284.8,11028.7676
73440,73500,425.34,2026.8,284.2,11182.7607
73500,73560,425.65,2027.3,292.5,11194.6650
73560,73620,425.38,2026.7,294.9,11398.4854
73620,73680,423.87,2022.0,288.8,11730.2627
73680,73740,423.42,2014.7,281.9,11212.7324
73740,73800,424.89,2017.0,285.6,10560.4141
73800,73860,424.45,2019.3,286.7,11269.4033
73860,73920,425.67,2021.9,289.9,11583.7598
73920,73980,425.65,2023.8,289.4,10943.0391
73980,74040,424.13,2023.1,294.1,12054.9570
74040,74100,424.32,2020.2,293.5,11787.6270
74100,74160,424.51,2018.5,293.2,11521.3447
74160,74220,423.68,2012.9,287.9,11163.8018
74220,74280,424.00,2009.1,283.6,10390.1035
74280,74340,424.05,2009.4,280.4,10351.3145
74340,74400,424.05,2012.4,281.6,10633.7969
74400,74460,423.45,2012.6,287.1,10897.4268
74460,74520,422.92,2013.8,288.8,11513.6465
74520,74580,423.04,2010.5,287.8,10798.3867
74580,74640,423.39,2010.1,288.3,10691.3740
74640,74700,422.57,2001.2,287.7,10307.5742
74700,74760,423.29,2003.4,285.6,10509.4160
74760,74820,424.61,2015.7,280.2,10531.7588
74820,74880,423.70,2017.7,283.2,11214.4863
74880,74940,423.58,2018.1,286.3,11183.5225
74940,75000,423.54,2016.8,286.2,11113.8223
75000,75060,423.63,2018.9,288.1,11513.9277
75060,75120,424.20,2020.4,290.4,11167.2891
75120,75180,-9999,-9999,-9999,-9999
75180,75240,-9999,-9999,-9999,-9999
75240,75300,-9999,-9999,-9999,-9999
75300,75360,-9999,-9999,-9999,-9999
75360,75420,425.45,2021.0,283.3,10914.9785
75420,75480,425.03,2020.8,286.9,11347.6172
75480,75540,426.15,2023.4,289.4,10883.1299
75540,75600,425.21,2022.0,289.4,11339.5967
75600,75660,425.09,2020.1,289.0,10858.4990
75660,75720,423.98,2020.8,290.1,11556.4365
75720,75780,423.96,2021.3,292.7,11604.3516
75780,75840,424.70,2021.6,292.3,11390.9150
75840,75900,424.28,2018.7,291.2,11087.1357
75900,75960,425.05,2024.4,291.6,10972.2500
75960,76020,425.14,2026.0,291.5,10704.4043
76020,76080,425.16,2027.9,292.0,10975.9717
76080,76140,425.68,2032.7,300.2,11084.9785
76140,76200,426.45,2033.3,320.8,11165.7588
76200,76260,425.21,2033.0,301.9,11920.0215
76260,76320,426.39,2035.1,297.2,11686.7021
76320,76380,426.55,2035.8,298.4,11698.2402
76380,76440,426.74,2036.2,299.6,11296.3301
76440,76500,426.34,2035.4,297.2,11227.1650
76500,76560,427.13,2036.5,297.6,11141.9004
76560,76620,427.13,2038.0,299.1,11354.3096
76620,76680,426.08,2039.3,301.5,12293.9629
76680,76740,426.73,2039.4,302.0,11918.1611
76740,76800,426.46,2037.8,298.2,11755.0771
76800,76860,426.67,2037.4,299.0,11401.0264
76860,76920,426.82,2036.3,296.6,11166.5723
76920,76980,426.43,2036.1,293.1,11176.8643
76980,77040,426.66,2035.9,294.3,11053.6982
77040,77100,426.56,2037.2,295.8,11392.8174
77100,77160,426.45,2037.8,295.0,11639.6396
77160,77220,427.11,2037.1,294.6,11071.2607
77220,77280,426.51,2037.9,294.3,11487.4600
77280,77340,425.53,2038.3,295.3,12065.7627
77340,77400,425.98,2039.3,300.6,12090.8213
77400,77460,426.07,2039.7,301.3,12218.9541
77460,77520,426.32,2040.1,301.3,11875.8564
77520,77580,426.85,2038.4,296.8,11663.1963
77580,77640,427.08,2039.0,298.3,11789.0967
77640,77700,426.96,2036.4,296.5,11544.9658
77700,77760,426.57,2035.4,292.6,11597.4023
77760,77820,426.30,2035.3,295.3,11902.3965
77820,77880,426.41,2035.5,296.7,11728.2715
77880,77940,426.93,2035.4,300.4,11523.6055
77940,78000,426.86,2037.2,299.9,11830.8740
78000,78060,426.58,2034.1,297.1,11692.6279
78060,78120,426.29,2033.4,298.2,11857.4492
78120,78180,426.95,2032.0,297.4,11837.8096
78180,78240,427.44,2031.5,298.3,11782.2246
78240,78300,427.36,2029.7,294.0,11373.6914
78300,78360,427.11,2030.4,295.7,11443.7344
78360,78420,426.91,2031.5,296.8,11807.6318
78420,78480,425.87,2029.8,294.0,11816.4180
78480,78540,425.32,2028.7,292.9,11584.3545
78540,78600,424.54,2029.0,293.7,12270.4590
78600,78660,424.82,2027.3,289.6,11796.3984
78660,78720,424.98,2026.6,288.4,11812.3574
78720,78780,425.36,2025.4,287.6,11527.8223
78780,78840,425.43,2025.1,287.6,11374.4424
78840,78900,425.65,2024.5,286.0,11124.7930
78900,78960,425.54,2024.7,286.6,11272.5898
78960,79020,425.60,2024.1,288.3,11072.1484
79020,79080,425.02,2024.5,288.9,11553.4424
79080,79140,424.69,2025.8,292.7,11803.7881
79140,79200,424.16,2025.2,286.6,11572.2588
79200,79260,423.86,2025.1,286.1,11524.8584
79260,79320,423.82,2024.8,288.2,11462.5967
79320,79380,424.18,2024.4,287.5,11374.2617
79380,79440,424.12,2023.7,286.7,11347.9209
79440,79500,424.25,2023.6,285.3,11300.9971
79500,79560,424.06,2023.6,285.7,11512.6709
79560,79620,424.59,2023.2,288.2,11213.6260
79620,79680,424.48,2022.3,286.8,11170.0791
79680,79740,424.21,2021.9,281.9,11029.2910
79740,79800,423.57,2021.7,282.6,11398.1689
79800,79860,423.50,2020.1,281.1,11269.2510
79860,79920,423.01,2020.6,283.2,11711.4912
79920,79980,423.24,2021.5,282.0,11497.7129
79980,80040,423.46,2022.3,284.4,11878.2266
80040,80100,424.03,2021.5,283.6,11363.2568
80100,80160,424.67,2020.0,281.3,10756.7627
80160,80220,424.23,2020.6,285.3,11380.0820
80220,80280,424.13,2021.6,285.4,11480.5469
80280,80340,424.74,2020.0,283.1,10674.1318
80340,80400,424.82,2020.4,286.5,11089.9063
80400,80460,424.89,2016.7,280.2,10289.6904
80460,80520,424.53,2018.2,283.2,10760.2480
80520,80580,424.46,2017.8,282.5,10650.4756
80580,80640,424.68,2017.9,283.4,10509.1953
80640,80700,423.97,2018.7,285.7,11256.1943
80700,80760,424.31,2018.5,286.0,11202.4805
80760,80820,424.28,2018.7,284.8,10935.8223
80820,80880,423.19,2019.5,286.0,12030.7471
80880,80940,423.93,2018.5,285.7,11377.2188
80940,81000,424.19,2017.9,282.0,10924.0947
81000,81060,423.32,2018.9,284.6,11998.4668
81060,81120,423.81,2018.6,282.3,11319.6504
81120,81180,423.80,2017.1,280.0,11246.2344
81180,81240,423.49,2016.9,279.8,11454.9219
81240,81300,423.24,2017.4,282.6,11824.4268
81300,81360,423.33,2017.4,282.0,11707.7217
81360,81420,423.70,2016.0,281.0,11178.3223
81420,81480,424.55,2014.6,281.9,10669.8906
81480,81540,423.42,2014.6,284.7,11282.7422
81540,81600,423.81,2015.0,284.3,11159.4883
81600,81660,423.21,2016.3,283.7,11607.1035
81660,81720,422.94,2016.7,284.9,12185.8945
81720,81780,423.95,2015.8,288.0,11415.8994
81780,81840,423.78,2014.5,286.1,11160.2900
81840,81900,423.88,2014.5,285.4,10974.8770
81900,81960,424.15,2014.4,283.8,10786.0908
81960,82020,425.48,2014.7,287.7,10421.5420
82020,82080,424.15,2014.4,281.7,10931.3701
82080,82140,423.60,2014.3,283.7,10897.6621
82140,82200,423.62,2014.6,283.6,11000.7773
82200,82260,423.86,2014.4,284.2,10941.3623
82260,82320,423.57,2015.2,292.2,11189.5527
82320,82380,424.10,2015.0,305.0,11002.0723
82380,82440,424.19,2013.3,296.1,10944.8369
82440,82500,423.65,2013.8,290.1,11202.7871
82500,82560,423.48,2014.0,292.6,11720.1768
82560,82620,423.56,2011.2,295.3,11056.9844
82620,82680,423.17,2010.6,289.8,11296.8730
82680,82740,423.20,2009.3,288.2,11211.7852
82740,82800,423.55,2009.6,288.2,10667.5518
82800,82860,423.26,2009.5,285.3,10967.4668
82860,82920,423.56,2009.2,284.5,11015.0039
82920,82980,423.72,2009.3,285.6,10930.1328
82980,83040,424.28,2009.6,284.5,10895.2598
83040,83100,424.24,2009.6,284.2,10801.5557
83100,83160,423.66,2009.3,282.7,10821.9795
83160,83220,423.92,2009.7,286.8,10792.7529
83220,83280,423.74,2011.1,290.2,11040.3037
83280,83340,423.57,2012.2,308.6,11841.2393
83340,83400,424.47,2007.4,288.0,10643.1318
83400,83460,424.19,2007.0,285.1,11072.7588
83460,83520,424.20,2007.4,288.7,11418.8496
83520,83580,423.90,2007.8,288.5,11663.7354
83580,83640,424.48,2006.0,286.5,10964.8799
83640,83700,424.34,2005.1,280.0,10551.1045
83700,83760,424.60,2005.0,280.4,10471.4209
83760,83820,424.24,2004.7,278.4,10433.1250
83820,83880,423.96,2005.5,282.0,10987.5156
83880,83940,424.52,2006.3,282.0,10957.7373
83940,84000,423.97,2007.0,281.4,11221.5068
84000,84060,424.00,2006.1,276.2,10822.9375
84060,84120,424.47,2005.7,277.7,10653.6768
84120,84180,424.15,2006.5,278.6,11130.8115
84180,84240,424.55,2007.7,289.7,11321.0283
84240,84300,424.89,2007.2,298.0,11242.1006
84300,84360,424.78,2007.6,291.2,11308.6699
84360,84420,424.27,2006.2,280.2,10966.6230
84420,84480,424.03,2004.1,273.8,10561.2783
84480,84540,423.91,2004.9,274.4,10907.3838
84540,84600,423.67,2005.0,276.6,10842.0527
84600,84660,424.10,2005.4,276.4,10646.9414
84660,84720,424.37,2005.7,279.8,10627.6504
84720,84780,424.85,2007.3,285.9,11237.9336
84780,84840,425.04,2008.2,285.8,11326.1055
84840,84900,425.20,2006.7,282.5,11011.5342
84900,84960,425.41,2007.0,282.3,11329.3838
84960,85020,425.89,2008.9,286.2,11596.5703
85020,85080,426.12,2008.9,286.0,11690.7412
85080,85140,426.81,2008.1,281.0,11744.0986
85140,85200,426.01,2007.0,282.1,11434.9463
85200,85260,425.69,2007.5,280.4,11115.8223
85260,85320,425.19,2007.2,282.2,11044.1943
85320,85380,425.10,2007.3,278.2,11026.3252
85380,85440,426.45,2008.2,299.4,11287.0234
85440,85500,425.43,2006.5,282.5,11176.0313
85500,85560,425.06,2005.9,278.2,11085.1113
85560,85620,425.06,2006.4,272.5,11221.2666
85620,85680,424.95,2006.2,270.6,11111.2158
85680,85740,424.74,2005.3,271.7,10957.2920
85740,85800,424.63,2006.1,273.8,11269.2939
85800,85860,424.68,2004.2,272.6,10518.5518
85860,85920,424.77,2004.7,275.4,10584.1553
85920,85980,424.93,2005.1,278.5,10649.1914
85980,86040,424.77,2005.4,283.1,11193.2344
86040,86100,424.95,2006.0,275.6,11315.0107
86100,86160,424.67,2006.9,272.4,11293.1895
86160,86220,425.31,2007.2,273.9,11448.2822
86220,86280,424.77,2006.6,272.3,11384.3115
86280,86340,424.48,2006.7,272.7,11289.7861
86340,86400,423.71,2006.9,270.0,11095.3994
