CampaignData_and_Merges/R0/CSL_MobileLab_Parked/raw/20240731/USOS-NOAAIodideCIMS-OrgNitrs_MobileLabGround_20240731_RA.ict
37, 1001
Michael A Robinson, Chris Jernigan, Subi Thakali
NOAA ESRL Chemical Sciences Laboratory and CIRES, U. of Colorado
NOAA Iodide CIMS Instrument
USOS
1, 1
2024, 07, 31, 2024, 08, 01
1
starttime_UTC, seconds_past_midnight, seconds_of_day_since_00:00:00_UTC
5
1, 1, 1, 1, 1
-9999, -9999, -9999, -9999, -9999
C4H7NO5_NOAACIMS, pptv, Gas_C4H7NO5_InSitu_S_AVMR, 
ISOPN_NOAACIMS, pptv, Gas_ISOPN_InSitu_S_AVMR, 
C5H10O3_NOAACIMS, pptv, Gas_C5H10O3_InSitu_S_AVMR, 
C5H9NO5_NOAACIMS, pptv, Gas_C5H9NO5_InSitu_S_AVMR, 
C10H17NO4_NOAACIMS, pptv, Gas_C10H17NO4_InSitu_S_AVMR, 
0
18
PI_CONTACT_INFO: 325 Broadway, R/CSD 7, Boulder, Colorado 80305; michael.a.robinson@noaa.gov; chris.jernigan@noaa.gov;
PLATFORM: NOAA CSL Mobile Lab
LOCATION: SLC, Utah
ASSOCIATED_DATA: 1Hz data also available on request.
INSTRUMENT_INFO: NOAA I- ToF CIMS
DATA_INFO: All data in parts per trillion by volume (pptv). 1 Hz data is available upon request.
UNCERTAINTY: TBD
ULOD_FLAG: -7777
ULOD_VALUE: N/A
LLOD_FLAG: -8888
LLOD_VALUE: N/A
DM_CONTACT_INFO: Nathan Howard; nathan.h.howard@noaa.gov
PROJECT_INFO: USOS, summer 2024. https://csl.noaa.gov/groups/csl7/measurements/2024usos/
STIPULATIONS_ON_USE: Users are strongly encouraged to contact the PI for proper data usage.
OTHER_COMMENTS: 
REVISION: RA
RA: Preliminary Data; For in-field use only
starttime_UTC, C4H7NO5_NOAACIMS, ISOPN_NOAACIMS, C5H10O3_NOAACIMS, C5H9NO5_NOAACIMS, C10H17NO4_NOAACIMS
[from data line 1335]
 80100, 11.516,  9.674, 48.207,  6.830,  0.229
 80160, 11.516, 10.499, 50.823,  7.095,  0.276
 80220, 11.302, 10.693, 50.564,  7.056,  0.244
 80280, 11.624, 10.442, 49.504,  7.266,  0.343
 80340, 11.888, 10.349, 47.528,  7.068,  0.300
 80400, 11.723,  9.753, 47.062,  7.009,  0.366
 80460, 12.097,  9.206, 46.725,  7.270,  0.237
 80520, 11.918,  9.250, 45.059,  7.144,  0.283
 80580, 11.270,  9.263, 46.633,  7.160,  0.281
 80640, 10.933,  9.580, 49.544,  6.879,  0.244
 80700, 10.720,  9.809, 50.604,  6.602,  0.288
 80760, 10.682,  9.603, 50.565,  6.639,  0.396
 80820, 10.677, 10.102, 53.752,  6.657,  0.345
 80880, 10.584,  9.671, 51.767,  6.624,  0.401
 80940, 10.936,  9.911, 50.772,  6.418,  0.317
 81000, 10.739,  9.542, 50.618,  6.673,  0.372
 81060, 10.730,  9.405, 49.640,  6.331,  0.341
 81120, 10.879,  9.374, 50.384,  6.629,  0.371
 81180, 10.968,  9.658, 51.452,  6.408,  0.374
 81240, 10.776,  9.923, 51.382,  6.522,  0.436
 81300, 11.190,  9.263, 47.129,  6.412,  0.474
 81360, 11.338,  9.166, 46.966,  6.670,  0.487
 81420, -9999.000, -9999.000, -9999.000, -9999.000, -9999.000
 81480, 10.232,  8.487, 41.300,  6.436,  0.328
 81540, 10.650,  9.164, 45.549,  6.733,  0.366
 81600, 10.410,  9.630, 47.187,  6.304,  0.336
 81660, 10.131,  9.539, 46.827,  6.333,  0.264
 81720,  9.888,  9.327, 47.774,  6.062,  0.362
 81780, 10.141,  9.224, 47.543,  6.153,  0.433
 81840, 10.217,  8.884, 50.544,  6.585,  0.498
 81900, 10.386,  8.865, 51.683,  6.309,  0.369
 81960, 10.550,  9.190, 49.577,  6.404,  0.326
 82020, 10.862,  9.377, 52.846,  6.427,  0.308
 82080, 10.798,  9.478, 50.937,  6.530,  0.426
 82140, 10.929,  9.827, 52.792,  6.583,  0.385
 82200, 10.854,  9.438, 52.362,  6.600,  0.357
 82260, 10.923,  9.378, 52.911,  6.739,  0.310
 82320, 10.922,  9.644, 53.349,  6.357,  0.366
 82380, 10.611,  9.820, 53.439,  6.684,  0.318
 82440, 10.378,  9.554, 51.318,  6.215,  0.369
 82500, 10.148,  9.240, 53.564,  6.319,  0.404
 82560,  9.563,  9.801, 51.670,  6.323,  0.424
 82620,  9.129,  9.547, 49.595,  6.039,  0.411
 82680,  8.951,  9.608, 50.213,  6.273,  0.377
 82740,  9.155,  8.755, 49.260,  6.188,  0.445
 82800, 10.216,  8.993, 50.024,  6.475,  0.249
 82860,  9.774,  8.630, 48.525,  6.445,  0.353
 82920,  9.665,  9.009, 50.870,  6.372,  0.292
 82980,  9.983,  8.875, 51.453,  6.469,  0.377
 83040,  9.829,  8.980, 49.424,  6.291,  0.266
 83100,  9.905,  9.677, 51.483,  6.333,  0.349
 83160,  9.940,  9.234, 51.455,  6.349,  0.292
 83220,  9.968,  9.465, 52.818,  6.799,  0.394
 83280,  9.178,  9.802, 47.565,  6.283,  0.468
 83340,  9.152, 10.405, 47.754,  6.336,  0.295
 83400,  8.955, 10.431, 49.548,  6.341,  0.258
 83460,  8.753, 10.441, 51.041,  6.090,  0.304
 83520,  8.450,  9.987, 48.217,  5.982,  0.339
 83580,  8.480,  9.988, 49.877,  5.856,  0.343
 83640,  8.805,  9.911, 51.232,  5.962,  0.331
 83700,  9.063,  9.766, 54.326,  5.706,  0.323
 83760,  9.039,  9.388, 53.366,  6.018,  0.264
 83820,  9.143,  9.883, 55.082,  6.018,  0.315
 83880,  9.186, 10.121, 54.474,  6.200,  0.303
 83940,  9.075, 10.371, 54.021,  6.618,  0.305
 84000,  8.894,  9.975, 55.271,  6.022,  0.307
 84060,  8.842,  9.892, 56.726,  5.990,  0.320
 84120,  8.545, 10.700, 57.259,  6.020,  0.345
 84180,  8.279, 11.020, 55.271,  5.758,  0.324
 84240,  8.133, 11.210, 53.001,  5.666,  0.311
 84300,  8.325, 10.847, 57.068,  5.615,  0.320
 84360,  8.104, 10.908, 56.934,  5.822,  0.349
 84420,  8.165,  9.768, 55.403,  5.524,  0.315
 84480,  8.060,  9.494, 56.466,  5.352,  0.293
 84540,  8.109,  9.299, 56.337,  5.639,  0.251
 84600,  8.273,  9.645, 57.379,  5.341,  0.330
 84660,  8.278,  9.996, 58.071,  5.264,  0.330
 84720,  8.115, 10.610, 58.319,  5.832,  0.356
 84780,  7.799, 10.514, 57.065,  5.464,  0.340
 84840,  8.014, 10.918, 57.215,  5.434,  0.332
 84900,  8.098,  9.923, 57.381,  5.579,  0.363
 84960,  7.875, 10.429, 56.004,  5.519,  0.318
 85020,  7.750, 11.102, 56.243,  5.636,  0.421
 85080, -9999.000, -9999.000, -9999.000, -9999.000, -9999.000
 85140,  7.309, 10.569, 46.559,  5.041,  0.240
 85200,  7.680, 10.832, 50.714,  5.328,  0.344
 85260,  7.682, 10.547, 52.054,  5.448,  0.361
 85320,  7.634, 10.665, 54.968,  5.490,  0.208
 85380,  7.708, 10.749, 55.021,  5.427,  0.300
 85440,  7.603, 10.342, 57.272,  5.454,  0.234
 85500,  7.418, 10.001, 56.410,  5.328,  0.359
 85560,  7.404,  9.675, 58.055,  5.070,  0.313
 85620,  7.406,  9.717, 58.537,  5.235,  0.309
 85680,  7.598,  9.757, 58.858,  5.118,  0.195
 85740,  7.645,  9.887, 61.556,  5.361,  0.183
 85800,  7.736, 10.951, 62.256,  5.242,  0.321
 85860,  7.801, 10.644, 64.295,  5.414,  0.321
 85920,  7.738, 10.943, 65.721,  5.361,  0.261
 85980,  7.373, 10.176, 65.141,  5.115,  0.280
 86040,  7.280, 10.133, 63.705,  5.127,  0.286
 86100,  7.167, 10.535, 65.048,  5.409,  0.273
 86160,  6.907, 10.334, 62.722,  5.484,  0.272
 86220,  6.815, 10.339, 62.090,  5.203,  0.249
 86280,  6.779, 10.822, 62.537,  5.141,  0.268
 86340,  6.847, 10.429, 62.815,  5.075,  0.285
