CampaignData_and_Merges/R0/CSL_MobileLab_Parked/raw/20240731/USOS-NOy-LIF_MobileLabGround_20240731_R0.ict
39,1001
Rollins, A.; Waxman, E.; Zuraski, K.; Chace, W.
NOAA Chemical Sciences Laboratory
LIF NO/NOx/NOy on CSL Mobile Lab
AMMBEC / USOS
1, 1
2024,07,31, 2025,01,04
1
Time_Start, seconds, number_of_seconds_since_0000_UTC
7
1, 1, 1, 1, 1, 1, 1
-9999, -9999, -9999, -9999, -9999, -9999, -9999
Time_Stop, seconds, number_of_seconds_since_0000_UTC
NO_LIF, pptv, Gas_NO_InSitu_S_AVMR, volume mixing ratio of nitric oxide in air
NO2_LIF, pptv, Gas_NO2_InSitu_S_AVMR, volume mixing ratio of nitrogen dioxide in air
NOy_LIF, pptv, Gas_NOy_InSitu_S_AVMR, volume mixing ratio of total oxidized nitrogen in air
NO_LIF_1SigmaAccuracy, pptv, Gas_NO_InSitu_S_AVMR, volume mixing ratio of nitric oxide in air
NO2_LIF_1SigmaAccuracy, pptv, Gas_NO2_InSitu_S_AVMR, volume mixing ratio of nitrogen dioxide in air
NOy_LIF_1SigmaAccuracy, pptv, Gas_NOy_InSitu_S_AVMR, volume mixing ratio of total oxidized nitrogen in air
0
18
PI_CONTACT_INFO: andrew.rollins@noaa.gov
PLATFORM: CSL Mobile Lab
LOCATION: Salt Lake City, UT
ASSOCIATED_DATA:
INSTRUMENT_INFO: NO detection by laser induced fluorescence. NO2 detection by photolytic conversion to NO. NOy detection by catalytic conversion to NO on gold surface
DATA_INFO:
UNCERTAINTY: Included 1 Sigma Accuracy waves represent the combined calibration uncertainties (±6%, ±9%, ±10%) and zero uncertainties (3 ppt, 20 ppt, 100 ppt) for NO, NO2, and NOy, respectively.
ULOD_FLAG: -7777
ULOD_VALUE: N/A
LLOD_FLAG: -8888
LLOD_VALUE: N/A
DM_CONTACT_INFO: andrew.rollins@noaa.gov
PROJECT_INFO: USOS Project, July - August 2024
STIPULATIONS_ON_USE: Users are strongly encouraged to contact the PI for proper data usage.
OTHER_COMMENTS:
REVISION: R0
R0: final data
Time_Start, Time_Stop, NO_LIF, NO2_LIF, NOy_LIF, NO_LIF_1SigmaAccuracy, NO2_LIF_1SigmaAccuracy, NOy_LIF_1SigmaAccuracy
[from data line 267]
   16020,   16080,7.8174,1573.3,2354.9,3.469, 161.6, 335.49
   16080,   16140,14.251,2029.7,2835.2,3.855, 202.67, 383.52
   16140,   16200,11.826,2660.9,3698.1,3.7096, 259.48, 469.81
   16200,   16260,11.368,2127.7,3401,3.6821, 211.49, 440.1
   16260,   16320,8.9455,2198.6,3025.1,3.5367, 217.88, 402.51
   16320,   16380,7.5269,2815.7,3313.9,3.4516, 273.41, 431.39
   16380,   16440,6.6109,2861.4,3500.6,3.3967, 277.53, 450.06
   16440,   16500,91.389,3495.6,4214.2,8.4834, 334.61, 521.42
   16500,   16560,73.841,2497.5,4973.9,7.4305, 244.77, 597.39
   16560,   16620,513.82,4193.4,5631.4,33.829, 397.4, 663.14
   16620,   16680,652.56,8772.6,7296.6,42.153, 809.53, 829.66
   16680,   16740,78.51,6552,7358.5,7.7106, 609.68, 835.85
   16740,   16800,12.129,3137,5403.3,3.7277, 302.33, 640.33
   16800,   16860,7.8679,2460.6,4842.2,3.4721, 241.45, 584.22
   16860,   16920,11.271,2090.9,3530.8,3.6763, 208.18, 453.08
   16920,   16980,83.487,4260,5012.1,8.0092, 403.4, 601.21
   16980,   17040,34.819,3963.9,5237.5,5.0891, 376.75, 623.75
   17040,   17100,15.138,3796.9,4862.2,3.9083, 361.72, 586.22
   17100,   17160,7.243,3444.4,4525.7,3.4346, 330, 552.57
   17160,   17220,7.1424,3165.3,4259.9,3.4285, 304.87, 525.99
   17220,   17280,6.411,3412.3,4379.4,3.3847, 327.11, 537.94
   17280,   17340,11.611,3004.7,4002.1,3.6967, 290.42, 500.21
   17340,   17400,8.8922,2648.7,3748.3,3.5335, 258.38, 474.83
   17400,   17460,9.6461,2679.4,3724.1,3.5788, 261.15, 472.41
   17460,   17520,8.0402,2633.5,3917,3.4824, 257.02, 491.7
   17520,   17580,6.885,2883.1,3842.2,3.4131, 279.48, 484.22
   17580,   17640,6.1377,3154.1,3938.7,3.3683, 303.87, 493.87
   17640,   17700,10.026,3196.5,4413.4,3.6016, 307.68, 541.34
   17700,   17760,13.335,3231,4480.4,3.8001, 310.79, 548.04
   17760,   17820,167.4,4224.5,6156.4,13.044, 400.21, 715.64
   17820,   17880,19.728,4005.7,7227.8,4.1837, 380.51, 822.78
   17880,   17940,24.346,6455.6,6588,4.4608, 601.01, 758.8
   17940,   18000,18.507,5089.3,6459.1,4.1104, 478.04, 745.91
   18000,   18060,17.43,4733.3,5967,4.0458, 446, 696.7
   18060,   18120,22.359,4513.3,5888.1,4.3415, 426.2, 688.81
   18120,   18180,4.9732,3399.7,4442.1,3.2984, 325.97, 544.21
   18180,   18240,6.1843,3578.3,4562.3,3.3711, 342.05, 556.23
   18240,   18300,28.918,4560.7,5373.6,4.7351, 430.46, 637.36
   18300,   18360,150.31,9189.1,7531.5,12.018, 847.02, 853.15
   18360,   18420,696.55,16313,11282,44.793, 1488.1, 1228.2
   18420,   18480,-9999,-9999,-9999,-9999, -9999, -9999
   18480,   18540,-9999,-9999,-9999,-9999, -9999, -9999
   18540,   18600,-9999,-9999,-9999,-9999, -9999, -9999
   18600,   18660,-9999,-9999,-9999,-9999, -9999, -9999
   18660,   18720,-9999,-9999,-9999,-9999, -9999, -9999
   18720,   18780,-9999,-9999,-9999,-9999, -9999, -9999
   18780,   18840,-9999,-9999,-9999,-9999, -9999, -9999
   18840,   18900,6.5424,5773.6,8414.6,3.3925, 539.63, 941.46
   18900,   18960,6.6238,6291.8,7623.7,3.3974, 586.27, 862.37
   18960,   19020,8.0501,5678.8,7220.6,3.483, 531.09, 822.06
   19020,   19080,37.05,5200.5,7177.9,5.223, 488.04, 817.79
   19080,   19140,38.057,5648,7184.5,5.2834, 528.32, 818.45
   19140,   19200,10.555,3736,5552.7,3.6333, 356.24, 655.27
   19200,   19260,11.719,4471.8,5794.6,3.7032, 422.46, 679.46
   19260,   19320,7.0373,4116,5207.8,3.4222, 390.44, 620.78
   19320,   19380,12.022,5092.7,5612.1,3.7213, 478.35, 661.21
   19380,   19440,7.3603,4215.8,5688.8,3.4416, 399.42, 668.88
   19440,   19500,42.347,5907.7,6441.3,5.5408, 551.7, 744.13
   19500,   19560,245.96,10553,10747,17.757, 969.74, 1174.7
   19560,   19620,2589.5,18112,18601,158.37, 1650.1, 1960.1
   19620,   19680,1194.5,19637,23904,74.667, 1787.3, 2490.4
   19680,   19740,460.88,17809,21069,30.653, 1622.8, 2206.9
   19740,   19800,119.09,16956,20568,10.146, 1546, 2156.8
   19800,   19860,381.2,25187,22018,25.872, 2286.8, 2301.8
   19860,   19920,232.5,18058,27467,16.95, 1645.3, 2846.7
   19920,   19980,3211,17728,28862,195.66, 1615.5, 2986.2
   19980,   20040,7928.3,24066,35801,478.7, 2185.9, 3680.1
   20040,   20100,528.31,13567,25204,34.699, 1241.1, 2620.4
   20100,   20160,501.29,17022,20355,33.077, 1552, 2135.5
   20160,   20220,526.3,21248,19693,34.578, 1932.4, 2069.3
   20220,   20280,230.61,20132,23215,16.837, 1831.9, 2421.5
   20280,   20340,109.09,20397,25171,9.5453, 1855.7, 2617.1
   20340,   20400,59.358,19636,24999,6.5615, 1787.2, 2599.9
   20400,   20460,97.165,10829,17148,8.8299, 994.59, 1814.8
   20460,   20520,192.84,11865,13809,14.57, 1087.9, 1480.9
   20520,   20580,458.41,12305,13585,30.505, 1127.5, 1458.5
   20580,   20640,196.88,12257,13721,14.813, 1123.2, 1472.1
   20640,   20700,39.943,11934,14113,5.3966, 1094, 1511.3
   20700,   20760,36.629,11935,14309,5.1977, 1094.1, 1530.9
   20760,   20820,35.355,11674,13689,5.1213, 1070.7, 1468.9
   20820,   20880,29.033,11628,13763,4.742, 1066.5, 1476.3
   20880,   20940,21.33,11174,13173,4.2798, 1025.6, 1417.3
   20940,   21000,29.92,11326,13245,4.7952, 1039.3, 1424.5
   21000,   21060,106.57,12688,14490,9.3944, 1161.9, 1549
   21060,   21120,396.13,13893,16000,26.768, 1270.3, 1700
   21120,   21180,52.72,12119,15344,6.1632, 1110.8, 1634.4
   21180,   21240,57.938,12064,14233,6.4763, 1105.8, 1523.3
   21240,   21300,37.551,11884,14003,5.253, 1089.6, 1500.3
   21300,   21360,28.09,11499,13860,4.6854, 1054.9, 1486
   21360,   21420,24.282,11320,13476,4.4569, 1038.8, 1447.6
   21420,   21480,30.841,11098,13059,4.8504, 1018.8, 1405.9
   21480,   21540,23.59,11114,13028,4.4154, 1020.2, 1402.8
   21540,   21600,22.465,11169,13136,4.3479, 1025.2, 1413.6
   21600,   21660,28.969,11219,13352,4.7382, 1029.7, 1435.2
   21660,   21720,41.742,11496,13595,5.5045, 1054.6, 1459.5
   21720,   21780,37.275,11337,13424,5.2365, 1040.4, 1442.4
   21780,   21840,100.49,11941,13679,9.0297, 1094.7, 1467.9
   21840,   21900,102.53,11925,13485,9.1515, 1093.3, 1448.5
   21900,   21960,41.979,11597,13371,5.5187, 1063.7, 1437.1
   21960,   22020,35.969,11422,13366,5.1581, 1047.9, 1436.6
   22020,   22080,45.551,11781,13661,5.733, 1080.3, 1466.1
   22080,   22140,44.483,12072,13723,5.669, 1106.4, 1472.3
   22140,   22200,52.318,12575,14696,6.1391, 1151.8, 1569.6
   22200,   22260,39.478,12485,14469,5.3687, 1143.6, 1546.9
   22260,   22320,29.045,12379,14461,4.7427, 1134.1, 1546.1
   22320,   22380,37.326,12142,14176,5.2395, 1112.8, 1517.6
   22380,   22440,38.347,12368,14360,5.3008, 1133.1, 1536
   22440,   22500,77.461,12982,15041,7.6477, 1188.4, 1604.1
   22500,   22560,44.019,12641,14840,5.6411, 1157.7, 1584
   22560,   22620,30.896,12467,14645,4.8538, 1142, 1564.5
   22620,   22680,39.538,12381,14453,5.3723, 1134.3, 1545.3
   22680,   22740,52.401,11837,14675,6.144, 1085.3, 1567.5
   22740,   22800,34.524,11703,13785,5.0714, 1073.2, 1478.5
   22800,   22860,26.245,11442,13404,4.5747, 1049.7, 1440.4
   22860,   22920,23.853,11528,13565,4.4312, 1057.5, 1456.5
   22920,   22980,18.388,11695,13689,4.1033, 1072.6, 1468.9
   22980,   23040,30.803,12127,13828,4.8482, 1111.4, 1482.8
   23040,   23100,774.73,13688,14903,49.484, 1251.9, 1590.3
   23100,   23160,22447,20151,26384,1349.8, 1833.5, 2738.4
   23160,   23220,4000.2,16217,34627,243.01, 1479.6, 3562.7
   23220,   23280,1199.1,15204,29331,74.946, 1388.4, 3033.1
   23280,   23340,464.33,14496,24497,30.86, 1324.7, 2549.7
   23340,   23400,1164.8,15437,22069,72.887, 1409.3, 2306.9
   23400,   23460,301.36,13905,19690,21.082, 1271.4, 2069
   23460,   23520,4923.5,16330,20662,298.41, 1489.7, 2166.2
   23520,   23580,2008.6,14587,20610,123.52, 1332.9, 2161
   23580,   23640,632.3,13826,18858,40.938, 1264.4, 1985.8
   23640,   23700,492.53,15250,17522,32.552, 1392.5, 1852.2
   23700,   23760,314.41,14792,17318,21.865, 1351.3, 1831.8
   23760,   23820,129.47,14606,16839,10.768, 1334.6, 1783.9
   23820,   23880,98.231,14405,17231,8.8939, 1316.4, 1823.1
   23880,   23940,167,13123,16607,13.02, 1201.1, 1760.7
   23940,   24000,70.628,11900,15070,7.2377, 1091, 1607
   24000,   24060,30.974,11362,14107,4.8584, 1042.6, 1510.7
   24060,   24120,43.51,12200,13785,5.6106, 1118, 1478.5
   24120,   24180,52.493,12148,13947,6.1496, 1113.3, 1494.7
   24180,   24240,65.193,12003,14220,6.9116, 1100.3, 1522
   24240,   24300,41.285,11912,14118,5.4771, 1092.1, 1511.8
   24300,   24360,52.054,11915,13879,6.1233, 1092.3, 1487.9
   24360,   24420,50.266,11775,13713,6.016, 1079.8, 1471.3
   24420,   24480,22.195,12515,14296,4.3317, 1146.4, 1529.6
   24480,   24540,18.803,12803,14783,4.1282, 1172.2, 1578.3
   24540,   24600,25.491,11933,13746,4.5295, 1094, 1474.6
   24600,   24660,30.94,11851,13940,4.8564, 1086.6, 1494
   24660,   24720,17.56,12480,14076,4.0536, 1143.2, 1507.6
   24720,   24780,46.383,12379,14122,5.783, 1134.1, 1512.2
   24780,   24840,65.856,12543,14468,6.9514, 1148.8, 1546.8
   24840,   24900,28.87,12587,14403,4.7322, 1152.9, 1540.3
   24900,   24960,21.63,12861,14571,4.2978, 1177.5, 1557.1
   24960,   25020,19.89,13438,14819,4.1934, 1229.4, 1581.9
   25020,   25080,41.422,12971,14798,5.4853, 1187.4, 1579.8
   25080,   25140,111.94,12950,15017,9.7161, 1185.5, 1601.7
   25140,   25200,130.83,12641,15141,10.85, 1157.7, 1614.1
   25200,   25260,112.26,12244,14803,9.7357, 1121.9, 1580.3
   25260,   25320,54.409,12342,14536,6.2645, 1130.8, 1553.6
   25320,   25380,26.575,12772,14361,4.5945, 1169.5, 1536.1
   25380,   25440,58.156,12455,14608,6.4894, 1141, 1560.8
   25440,   25500,122.01,12348,14416,10.32, 1131.4, 1541.6
   25500,   25560,1469.3,14266,15388,91.158, 1303.9, 1638.8
   25560,   25620,608.1,13698,17048,39.486, 1252.8, 1804.8
   25620,   25680,277.79,13318,16043,19.668, 1218.6, 1704.3
   25680,   25740,317.57,13555,15878,22.054, 1239.9, 1687.8
   25740,   25800,62.587,11188,14234,6.7552, 1026.9, 1523.4
   25800,   25860,60.11,11290,13587,6.6066, 1036.1, 1458.7
   25860,   25920,31.736,11111,13236,4.9041, 1020, 1423.6
   25920,   25980,36.172,10973,13134,5.1703, 1007.6, 1413.4
   25980,   26040,20.011,10614,13030,4.2006, 975.26, 1403
   26040,   26100,16.401,10641,12755,3.9841, 977.72, 1375.5
   26100,   26160,27.211,10803,12619,4.6327, 992.23, 1361.9
   26160,   26220,27.361,11140,12727,4.6417, 1022.6, 1372.7
   26220,   26280,107.1,11049,12702,9.426, 1014.4, 1370.2
   26280,   26340,434.89,11628,12710,29.093, 1066.5, 1371
   26340,   26400,245.82,11618,13373,17.749, 1065.6, 1437.3
   26400,   26460,-9999,-9999,-9999,-9999, -9999, -9999
   26460,   26520,-9999,-9999,-9999,-9999, -9999, -9999
   26520,   26580,-9999,-9999,-9999,-9999, -9999, -9999
   26580,   26640,-9999,-9999,-9999,-9999, -9999, -9999
   26640,   26700,-9999,-9999,-9999,-9999, -9999, -9999
   26700,   26760,-9999,-9999,-9999,-9999, -9999, -9999
   26760,   26820,-9999,-9999,-9999,-9999, -9999, -9999
   26820,   26880,35.223,11762,13196,5.1134, 1078.6, 1419.6
   26880,   26940,65.184,11495,13692,6.911, 1054.5, 1469.2
   26940,   27000,41.789,11496,13607,5.5074, 1054.6, 1460.7
   27000,   27060,43.472,12042,14092,5.6083, 1103.7, 1509.2
   27060,   27120,62.579,11825,13977,6.7548, 1084.2, 1497.7
   27120,   27180,29.79,11443,13876,4.7874, 1049.9, 1487.6
   27180,   27240,40.524,10023,13607,5.4314, 922.06, 1460.7
   27240,   27300,138.77,10555,14769,11.326, 969.93, 1576.9
   27300,   27360,151.63,11416,14782,12.098, 1047.5, 1578.2
   27360,   27420,109.99,9406.7,13923,9.5994, 866.6, 1492.3
   27420,   27480,84.179,8790,12823,8.0508, 811.1, 1382.3
   27480,   27540,15.895,5382.7,8556.5,3.9537, 504.45, 955.65
   27540,   27600,45.64,3844.8,6250.4,5.7384, 366.03, 725.04
   27600,   27660,22.366,3204.9,4493.3,4.3419, 308.44, 549.33
   27660,   27720,43.61,4392.3,5332.3,5.6166, 415.31, 633.23
   27720,   27780,56.362,7250.9,8375.3,6.3817, 672.58, 937.53
   27780,   27840,39.616,12392,13247,5.377, 1135.3, 1424.7
   27840,   27900,45.342,13990,16178,5.7205, 1279.1, 1717.8
   27900,   27960,29.822,9085.9,12019,4.7893, 837.73, 1301.9
   27960,   28020,14.73,7945.8,10093,3.8838, 735.12, 1109.3
   28020,   28080,15.408,8026.7,10121,3.9245, 742.41, 1112.1
   28080,   28140,17.18,7135.3,9343.3,4.0308, 662.17, 1034.3
   28140,   28200,39.615,7587.4,9241.7,5.3769, 702.86, 1024.2
   28200,   28260,17.51,7227.9,8950.1,4.0506, 670.51, 995.01
   28260,   28320,16.478,8044.7,9169.8,3.9887, 744.02, 1017
   28320,   28380,20.375,8754.3,10471,4.2225, 807.89, 1147.1
   28380,   28440,18.092,10077,11665,4.0855, 926.9, 1266.5
   28440,   28500,15.913,9903.5,12215,3.9548, 911.31, 1321.5
   28500,   28560,13.015,9827.2,12089,3.7809, 904.45, 1308.9
   28560,   28620,12.178,8426.8,10986,3.7307, 778.41, 1198.6
   28620,   28680,662.21,9657.1,10842,42.732, 889.14, 1184.2
   28680,   28740,22.472,10549,12679,4.3483, 969.4, 1367.9
   28740,   28800,17.617,10410,12551,4.057, 956.93, 1355.1
   28800,   28860,1043.2,11383,15241,65.593, 1044.5, 1624.1
   28860,   28920,460.52,11132,14146,30.631, 1021.9, 1514.6
   28920,   28980,280.81,10826,14186,19.849, 994.38, 1518.6
   28980,   29040,458.67,11388,15100,30.52, 1044.9, 1610
   29040,   29100,89.496,11069,13632,8.3697, 1016.2, 1463.2
   29100,   29160,81.133,11596,13620,7.868, 1063.6, 1462
   29160,   29220,252.84,12101,14305,18.171, 1109.1, 1530.5
   29220,   29280,108.45,12328,14772,9.5071, 1129.5, 1577.2
   29280,   29340,360.91,12744,14933,24.654, 1166.9, 1593.3
   29340,   29400,31.185,12233,14518,4.8711, 1121, 1551.8
   29400,   29460,25.509,11821,14207,4.5305, 1083.9, 1520.7
   29460,   29520,348.53,11902,14548,23.912, 1091.2, 1554.8
   29520,   29580,116.37,11586,13971,9.9825, 1062.8, 1497.1
   29580,   29640,117.54,11451,13877,10.052, 1050.6, 1487.7
   29640,   29700,61.316,9560.1,12475,6.679, 880.41, 1347.5
   29700,   29760,36.912,9565.9,12276,5.2147, 880.94, 1327.6
   29760,   29820,100.11,8515.5,10876,9.0067, 786.4, 1187.6
   29820,   29880,28.483,4945.6,7811.5,4.709, 465.11, 881.15
   29880,   29940,48.823,4198.6,5819.4,5.9294, 397.88, 681.94
   29940,   30000,133.06,3789.5,5817.4,10.983, 361.06, 681.74
   30000,   30060,505.63,4359.9,5711.2,33.338, 412.39, 671.12
   30060,   30120,157.44,4819.2,6371.1,12.446, 453.73, 737.11
   30120,   30180,256.48,2809.8,4784,18.389, 272.88, 578.4
   30180,   30240,136.02,2405.4,3319.4,11.161, 236.49, 431.94
   30240,   30300,60.976,2884,3809.9,6.6585, 279.56, 480.99
   30300,   30360,340.97,3842.7,5066,23.458, 365.84, 606.6
   30360,   30420,498.87,3952,5479,32.932, 375.68, 647.9
   30420,   30480,43.1,1709.8,2999.7,5.586, 173.89, 399.97
   30480,   30540,101.15,1468.8,2621.8,9.0689, 152.19, 362.18
   30540,   30600,117.32,1170.7,2224.1,10.039, 125.36, 322.41
   30600,   30660,18.696,913.07,1816.4,4.1218, 102.18, 281.64
   30660,   30720,13.115,845.35,1658.9,3.7869, 96.081, 265.89
   30720,   30780,366.88,1866.8,2535.6,25.013, 188.01, 353.56
   30780,   30840,80.635,2531.9,3712.2,7.8381, 247.88, 471.22
   30840,   30900,46.271,1955.1,4091.8,5.7762, 195.96, 509.18
   30900,   30960,22.69,3346.7,5176.3,4.3614, 321.2, 617.63
   30960,   31020,18.777,2405.7,3702.6,4.1266, 236.51, 470.26
   31020,   31080,14.011,4942.9,5967.8,3.8406, 464.86, 696.78
   31080,   31140,28.002,7103,8888.8,4.6801, 659.27, 988.88
   31140,   31200,29.657,5857.2,8012.1,4.7794, 547.15, 901.21
   31200,   31260,38.089,8392,10068,5.2853, 775.28, 1106.8
   31260,   31320,40.536,8908.3,10742,5.4322, 821.75, 1174.2
   31320,   31380,38.952,9396.5,11417,5.3371, 865.68, 1241.7
   31380,   31440,36.699,9171.6,11348,5.2019, 845.45, 1234.8
   31440,   31500,37.518,9222.1,11376,5.2511, 849.99, 1237.6
   31500,   31560,38.621,9342.5,11375,5.3172, 860.82, 1237.5
   31560,   31620,39.498,9416.5,11490,5.3699, 867.49, 1249
   31620,   31680,32.658,9142.8,11421,4.9595, 842.85, 1242.1
   31680,   31740,24.961,9210.4,11320,4.4976, 848.94, 1232
   31740,   31800,44.079,8980.2,11115,5.6447, 828.22, 1211.5
   31800,   31860,17.112,9044.8,11222,4.0267, 834.03, 1222.2
   31860,   31920,11.162,7742.5,10101,3.6697, 716.82, 1110.1
   31920,   31980,33.349,4521.6,5247.5,5.001, 426.94, 624.75
   31980,   32040,40.939,9369.7,11161,5.4564, 863.27, 1216.1
