CampaignData_and_Merges/R0/CSL_MobileLab_Parked/raw/20240731/USOS-NOAAIodideCIMS-OrgNitrs_MobileLabGround_20240731_RA.ict
37, 1001
Michael A Robinson, Chris Jernigan, Subi Thakali
NOAA ESRL Chemical Sciences Laboratory and CIRES, U. of Colorado
NOAA Iodide CIMS Instrument
USOS
1, 1
2024, 07, 31, 2024, 08, 01
1
starttime_UTC, seconds_past_midnight, seconds_of_day_since_00:00:00_UTC
5
1, 1, 1, 1, 1
-9999, -9999, -9999, -9999, -9999
C4H7NO5_NOAACIMS, pptv, Gas_C4H7NO5_InSitu_S_AVMR, 
ISOPN_NOAACIMS, pptv, Gas_ISOPN_InSitu_S_AVMR, 
C5H10O3_NOAACIMS, pptv, Gas_C5H10O3_InSitu_S_AVMR, 
C5H9NO5_NOAACIMS, pptv, Gas_C5H9NO5_InSitu_S_AVMR, 
C10H17NO4_NOAACIMS, pptv, Gas_C10H17NO4_InSitu_S_AVMR, 
0
18
PI_CONTACT_INFO: 325 Broadway, R/CSD 7, Boulder, Colorado 80305; michael.a.robinson@noaa.gov; chris.jernigan@noaa.gov;
PLATFORM: NOAA CSL Mobile Lab
LOCATION: SLC, Utah
ASSOCIATED_DATA: 1Hz data also available on request.
INSTRUMENT_INFO: NOAA I- ToF CIMS
DATA_INFO: All data in parts per trillion by volume (pptv). 1 Hz data is available upon request.
UNCERTAINTY: TBD
ULOD_FLAG: -7777
ULOD_VALUE: N/A
LLOD_FLAG: -8888
LLOD_VALUE: N/A
DM_CONTACT_INFO: Nathan Howard; nathan.h.howard@noaa.gov
PROJECT_INFO: USOS, summer 2024. https://csl.noaa.gov/groups/csl7/measurements/2024usos/
STIPULATIONS_ON_USE: Users are strongly encouraged to contact the PI for proper data usage.
OTHER_COMMENTS: 
REVISION: RA
RA: Preliminary Data; For in-field use only
starttime_UTC, C4H7NO5_NOAACIMS, ISOPN_NOAACIMS, C5H10O3_NOAACIMS, C5H9NO5_NOAACIMS, C10H17NO4_NOAACIMS
     0, -9999.000, -9999.000, -9999.000, -9999.000, -9999.000
    60, -9999.000, -9999.000, -9999.000, -9999.000, -9999.000
   120, -9999.000, -9999.000, -9999.000, -9999.000, -9999.000
   180, -9999.000, -9999.000, -9999.000, -9999.000, -9999.000
   240, -9999.000, -9999.000, -9999.000, -9999.000, -9999.000
   300, -9999.000, -9999.000, -9999.000, -9999.000, -9999.000
   360, -9999.000, -9999.000, -9999.000, -9999.000, -9999.000
   420, -9999.000, -9999.000, -9999.000, -9999.000, -9999.000
   480, -9999.000, -9999.000, -9999.000, -9999.000, -9999.000
   540, -9999.000, -9999.000, -9999.000, -9999.000, -9999.000
   600, -9999.000, -9999.000, -9999.000, -9999.000, -9999.000
   660, -9999.000, -9999.000, -9999.000, -9999.000, -9999.000
   720, -9999.000, -9999.000, -9999.000, -9999.000, -9999.000
   780, -9999.000, -9999.000, -9999.000, -9999.000, -9999.000
   840, -9999.000, -9999.000, -9999.000, -9999.000, -9999.000
   900, -9999.000, -9999.000, -9999.000, -9999.000, -9999.000
   960, -9999.000, -9999.000, -9999.000, -9999.000, -9999.000
  1020, -9999.000, -9999.000, -9999.000, -9999.000, -9999.000
  1080, -9999.000, -9999.000, -9999.000, -9999.000, -9999.000
  1140, -9999.000, -9999.000, -9999.000, -9999.000, -9999.000
  1200, -9999.000, -9999.000, -9999.000, -9999.000, -9999.000
  1260, -9999.000, -9999.000, -9999.000, -9999.000, -9999.000
  1320, -9999.000, -9999.000, -9999.000, -9999.000, -9999.000
  1380, -9999.000, -9999.000, -9999.000, -9999.000, -9999.000
  1440, -9999.000, -9999.000, -9999.000, -9999.000, -9999.000
  1500, -9999.000, -9999.000, -9999.000, -9999.000, -9999.000
  1560, -9999.000, -9999.000, -9999.000, -9999.000, -9999.000
  1620, -9999.000, -9999.000, -9999.000, -9999.000, -9999.000
  1680, -9999.000, -9999.000, -9999.000, -9999.000, -9999.000
  1740, -9999.000, -9999.000, -9999.000, -9999.000, -9999.000
  1800, -9999.000, -9999.000, -9999.000, -9999.000, -9999.000
  1860, -9999.000, -9999.000, -9999.000, -9999.000, -9999.000
  1920, -9999.000, -9999.000, -9999.000, -9999.000, -9999.000
  1980, -9999.000, -9999.000, -9999.000, -9999.000, -9999.000
  2040, -9999.000, -9999.000, -9999.000, -9999.000, -9999.000
  2100, -9999.000, -9999.000, -9999.000, -9999.000, -9999.000
  2160, -9999.000, -9999.000, -9999.000, -9999.000, -9999.000
  2220, -9999.000, -9999.000, -9999.000, -9999.000, -9999.000
  2280, -9999.000, -9999.000, -9999.000, -9999.000, -9999.000
  2340, -9999.000, -9999.000, -9999.000, -9999.000, -9999.000
  2400, -9999.000, -9999.000, -9999.000, -9999.000, -9999.000
  2460, -9999.000, -9999.000, -9999.000, -9999.000, -9999.000
  2520, -9999.000, -9999.000, -9999.000, -9999.000, -9999.000
  2580, -9999.000, -9999.000, -9999.000, -9999.000, -9999.000
  2640, -9999.000, -9999.000, -9999.000, -9999.000, -9999.000
  2700, -9999.000, -9999.000, -9999.000, -9999.000, -9999.000
  2760, -9999.000, -9999.000, -9999.000, -9999.000, -9999.000
  2820, -9999.000, -9999.000, -9999.000, -9999.000, -9999.000
  2880, -9999.000, -9999.000, -9999.000, -9999.000, -9999.000
  2940, -9999.000, -9999.000, -9999.000, -9999.000, -9999.000
  3000, -9999.000, -9999.000, -9999.000, -9999.000, -9999.000
  3060, -9999.000, -9999.000, -9999.000, -9999.000, -9999.000
  3120, -9999.000, -9999.000, -9999.000, -9999.000, -9999.000
  3180, -9999.000, -9999.000, -9999.000, -9999.000, -9999.000
  3240, -9999.000, -9999.000, -9999.000, -9999.000, -9999.000
  3300,  1.527,  2.154, 10.601,  1.641, -0.051
  3360,  1.748,  4.283, 13.601,  2.970,  0.035
  3420,  1.896,  4.241, 16.808,  2.045,  0.026
  3480,  2.990,  3.213, 35.778,  6.315, -0.043
  3540,  1.834,  3.414, 17.728,  1.057,  0.076
  3600, -9999.000, -9999.000, -9999.000, -9999.000, -9999.000
  3660, -9999.000, -9999.000, -9999.000, -9999.000, -9999.000
  3720, -9999.000, -9999.000, -9999.000, -9999.000, -9999.000
  3780, -9999.000, -9999.000, -9999.000, -9999.000, -9999.000
  3840, -9999.000, -9999.000, -9999.000, -9999.000, -9999.000
  3900,  1.453,  3.809, 13.619,  2.275, -0.048
  3960,  1.717,  3.844, 15.021,  2.326,  0.083
  4020,  1.773,  3.430, 16.378,  2.373,  0.080
  4080,  1.719,  2.598, 15.335,  1.676, -0.027
  4140,  1.884,  4.785, 17.445,  2.447,  0.097
  4200,  1.952,  5.611, 18.652,  2.675,  0.198
  4260,  2.081,  6.040, 21.602,  2.926,  0.232
  4320,  1.951,  4.298, 19.668,  2.716, -0.012
  4380,  1.994,  5.198, 20.600,  2.820,  0.098
  4440, -9999.000, -9999.000, -9999.000, -9999.000, -9999.000
  4500,  2.150,  6.624, 20.520,  2.971,  0.410
  4560,  2.146,  6.629, 22.723,  3.057,  0.221
  4620,  2.281,  6.664, 23.764,  2.828,  0.175
  4680,  2.256,  7.249, 25.217,  2.872,  0.257
  4740,  2.313,  7.407, 26.612,  2.856,  0.240
  4800,  2.371,  7.023, 27.435,  2.985,  0.189
  4860,  2.265,  7.118, 27.880,  2.948,  0.193
  4920,  2.275,  7.181, 28.138,  2.797,  0.270
  4980,  2.276,  6.943, 27.303,  2.944,  0.211
  5040,  2.326,  6.868, 28.310,  2.879,  0.203
  5100,  2.251,  6.809, 28.689,  2.753,  0.205
  5160,  2.274,  7.035, 28.858,  2.914,  0.238
  5220,  2.297,  7.152, 28.958,  2.829,  0.217
  5280,  2.303,  6.956, 28.279,  2.768,  0.197
  5340,  2.281,  7.266, 28.319,  2.792,  0.191
  5400,  2.308,  6.928, 28.657,  2.836,  0.148
  5460,  2.233,  6.782, 28.160,  2.730,  0.180
  5520,  2.285,  7.188, 29.398,  2.804,  0.153
  5580,  2.183,  6.853, 29.110,  2.833,  0.202
  5640,  2.309,  7.036, 29.156,  2.721,  0.136
  5700,  2.276,  7.669, 30.447,  2.814,  0.159
  5760,  2.275,  7.145, 30.091,  2.815,  0.107
  5820,  2.222,  6.982, 28.140,  2.520,  0.057
  5880,  2.151,  6.345, 27.555,  2.694,  0.073
  5940,  2.180,  6.032, 26.263,  2.643,  0.023
  6000,  2.123,  6.114, 25.703,  2.701,  0.085
  6060,  2.128,  5.788, 24.571,  2.545,  0.038
  6120,  2.009,  5.806, 23.945,  2.311,  0.083
  6180,  1.948,  5.370, 21.824,  2.514,  0.031
  6240,  1.986,  5.326, 22.844,  2.249,  0.075
  6300, -9999.000, -9999.000, -9999.000, -9999.000, -9999.000
  6360,  1.957,  5.365, 21.175,  2.493, -0.004
  6420,  1.879,  5.705, 22.109,  2.443, -0.012
  6480,  1.979,  5.824, 22.055,  2.422,  0.060
  6540,  1.937,  5.493, 21.234,  2.471,  0.060
  6600,  1.968,  5.355, 21.010,  2.507,  0.045
  6660,  1.934,  5.620, 21.003,  2.496,  0.011
  6720,  2.010,  5.703, 23.023,  2.540,  0.020
  6780,  1.948,  5.852, 22.202,  2.421,  0.019
  6840,  1.995,  5.473, 22.651,  2.385,  0.033
  6900,  1.982,  5.656, 22.148,  2.689,  0.090
  6960,  1.996,  5.978, 22.333,  2.634,  0.069
  7020,  2.020,  6.341, 22.660,  2.636,  0.041
  7080,  2.075,  6.145, 23.012,  2.597,  0.082
  7140,  2.003,  5.800, 22.604,  2.604,  0.095
  7200,  2.031,  5.989, 23.670,  2.785,  0.075
  7260,  1.966,  6.216, 22.869,  2.872,  0.120
  7320,  2.028,  5.976, 22.937,  2.769,  0.069
  7380,  1.953,  6.022, 22.465,  2.758,  0.085
  7440,  1.975,  6.182, 22.618,  2.724,  0.072
  7500,  1.963,  5.719, 21.927,  2.619,  0.112
  7560,  1.967,  5.784, 22.556,  2.971,  0.096
  7620,  1.977,  5.701, 21.782,  2.667,  0.075
  7680,  1.923,  5.908, 22.532,  2.843,  0.126
  7740,  1.999,  5.910, 22.862,  2.856,  0.115
  7800,  2.029,  6.310, 22.230,  2.926,  0.106
  7860,  2.049,  6.697, 22.825,  3.002,  0.154
  7920,  2.038,  7.049, 23.928,  3.199,  0.183
  7980,  2.022,  7.014, 23.463,  3.024,  0.142
  8040,  2.032,  6.715, 23.127,  3.131,  0.197
  8100,  1.996,  7.418, 23.276,  3.238,  0.153
  8160, -9999.000, -9999.000, -9999.000, -9999.000, -9999.000
  8220,  2.031,  7.385, 21.192,  3.103,  0.111
  8280,  2.002,  7.453, 22.444,  3.373,  0.183
  8340,  2.018,  7.599, 22.724,  3.263,  0.228
  8400,  2.105,  7.573, 22.755,  3.410,  0.164
  8460,  2.049,  7.890, 23.134,  3.468,  0.183
  8520,  2.051,  7.968, 23.566,  3.373,  0.255
  8580,  2.069,  8.414, 23.214,  3.592,  0.217
  8640,  2.020,  8.139, 23.099,  3.621,  0.215
  8700,  1.973,  7.480, 24.505,  3.657,  0.201
  8760,  1.942,  6.791, 25.887,  3.715,  0.251
  8820,  1.928,  6.871, 26.809,  3.751,  0.200
  8880,  1.892,  7.176, 26.016,  3.888,  0.210
  8940,  1.877,  7.094, 26.826,  3.729,  0.199
  9000,  1.918,  7.566, 26.703,  3.595,  0.250
  9060,  1.906,  7.794, 27.991,  3.700,  0.270
  9120,  1.878,  7.781, 26.628,  3.618,  0.285
  9180,  1.801,  6.925, 26.742,  3.579,  0.288
  9240,  1.738,  6.624, 27.336,  3.557,  0.276
  9300,  1.760,  6.772, 28.638,  3.659,  0.294
  9360,  1.760,  6.481, 29.429,  3.676,  0.282
  9420,  1.757,  6.669, 29.516,  3.772,  0.374
  9480,  1.779,  6.658, 29.817,  3.864,  0.336
  9540,  1.735,  6.928, 28.924,  3.768,  0.289
  9600,  1.710,  6.959, 28.779,  3.786,  0.404
  9660,  1.761,  7.043, 29.294,  3.667,  0.375
  9720,  1.647,  7.020, 28.564,  3.811,  0.399
  9780,  1.690,  7.106, 29.071,  3.884,  0.293
  9840,  1.686,  6.592, 28.579,  4.010,  0.420
  9900,  1.650,  6.594, 28.442,  4.035,  0.289
  9960,  1.654,  6.573, 29.032,  3.997,  0.415
 10020,  1.476,  6.663, 26.856,  3.852,  0.271
 10080,  1.580,  6.447, 28.518,  3.889,  0.298
 10140,  1.629,  6.177, 27.715,  3.899,  0.315
 10200,  1.602,  6.679, 29.797,  4.008,  0.338
 10260,  1.658,  6.918, 29.585,  3.955,  0.365
 10320,  1.649,  6.464, 29.336,  3.785,  0.364
 10380,  1.641,  6.668, 29.803,  3.987,  0.273
 10440,  1.599,  6.555, 29.383,  3.847,  0.319
 10500,  1.597,  6.447, 29.246,  3.778,  0.382
 10560,  1.589,  6.505, 28.883,  3.895,  0.330
 10620,  1.603,  6.368, 28.705,  3.656,  0.365
 10680,  1.564,  6.053, 28.286,  3.803,  0.396
 10740,  1.512,  5.985, 27.952,  3.800,  0.310
 10800,  1.493,  5.799, 27.910,  3.962,  0.364
 10860,  1.498,  5.601, 27.692,  3.794,  0.359
 10920,  1.448,  5.350, 26.777,  3.713,  0.323
 10980,  1.465,  5.437, 25.905,  3.695,  0.402
 11040,  1.483,  5.005, 24.856,  3.479,  0.349
 11100,  1.434,  4.810, 25.527,  3.747,  0.401
 11160,  1.426,  4.760, 23.788,  3.435,  0.310
 11220,  1.388,  4.467, 23.710,  3.483,  0.418
 11280,  1.369,  4.909, 23.559,  3.388,  0.298
 11340,  1.401,  5.021, 23.391,  3.479,  0.413
 11400,  1.411,  4.880, 23.314,  3.394,  0.385
 11460,  1.406,  4.913, 22.805,  3.428,  0.347
 11520,  1.362,  4.936, 22.826,  3.551,  0.327
 11580,  1.401,  5.222, 23.100,  3.399,  0.370
 11640,  1.461,  4.752, 22.093,  3.583,  0.389
 11700,  1.385,  4.693, 23.183,  3.595,  0.344
 11760,  1.441,  5.067, 23.947,  3.661,  0.426
 11820,  1.482,  4.152, 25.080,  3.442,  0.441
 11880,  1.328,  5.530, 22.862,  3.275,  0.261
 11940,  1.492,  4.990, 22.756,  3.614,  0.344
 12000,  1.436,  5.461, 24.377,  3.618,  0.377
 12060,  1.460,  5.344, 25.697,  3.865,  0.427
 12120,  1.464,  6.044, 26.608,  3.947,  0.419
 12180,  1.547,  5.647, 26.876,  3.761,  0.378
 12240,  1.523,  5.475, 27.783,  3.933,  0.366
 12300,  1.539,  5.876, 27.520,  3.683,  0.362
 12360,  1.561,  5.788, 27.310,  3.778,  0.398
 12420,  1.561,  6.011, 27.538,  3.620,  0.351
 12480,  1.561,  5.880, 28.316,  3.791,  0.349
 12540,  1.531,  5.921, 27.818,  3.871,  0.401
 12600,  1.548,  5.434, 27.010,  3.763,  0.362
 12660,  1.537,  5.521, 27.834,  3.723,  0.310
 12720,  1.490,  5.804, 27.355,  3.711,  0.343
 12780,  1.478,  5.390, 26.837,  3.937,  0.312
 12840,  1.463,  4.984, 26.218,  3.790,  0.329
 12900,  1.478,  5.447, 26.083,  3.763,  0.280
 12960,  1.422,  5.592, 26.027,  3.642,  0.393
 13020,  1.433,  5.479, 25.900,  3.893,  0.366
 13080,  1.449,  5.311, 25.953,  3.876,  0.409
 13140,  1.403,  4.971, 26.562,  3.812,  0.366
 13200,  1.413,  5.165, 24.956,  3.772,  0.395
 13260,  1.357,  5.074, 24.307,  3.888,  0.351
 13320,  1.286,  4.696, 23.265,  3.847,  0.428
 13380,  1.317,  4.672, 23.578,  3.760,  0.444
 13440,  1.314,  4.320, 22.550,  3.662,  0.459
 13500,  1.289,  4.563, 23.236,  3.522,  0.343
 13560,  1.350,  4.728, 23.305,  3.591,  0.354
 13620,  1.285,  4.638, 22.983,  3.619,  0.429
 13680,  1.436,  4.497, 23.061,  3.617,  0.511
 13740,  1.249,  4.357, 22.346,  3.658,  0.370
 13800,  1.338,  4.740, 23.904,  3.642,  0.445
 13860,  1.329,  4.916, 23.692,  3.770,  0.454
 13920,  1.268,  4.674, 23.960,  3.937,  0.396
 13980,  1.336,  5.072, 24.687,  3.770,  0.405
 14040,  1.314,  4.741, 23.571,  3.745,  0.398
 14100,  1.350,  4.588, 23.755,  3.845,  0.402
 14160,  1.293,  4.614, 23.495,  3.893,  0.447
 14220,  1.336,  4.283, 22.642,  3.789,  0.397
 14280,  1.316,  4.516, 23.198,  3.691,  0.427
 14340,  1.308,  4.452, 22.418,  3.784,  0.503
 14400,  1.250,  4.461, 22.025,  3.643,  0.439
 14460,  1.317,  4.358, 22.365,  3.725,  0.523
 14520,  1.307,  4.240, 22.014,  3.915,  0.477
 14580,  1.291,  4.566, 22.732,  3.913,  0.506
 14640,  1.349,  4.304, 22.057,  3.856,  0.446
 14700,  1.272,  4.270, 23.194,  3.885,  0.426
 14760,  1.319,  4.617, 23.128,  3.539,  0.439
 14820,  1.352,  4.348, 22.234,  3.731,  0.481
 14880,  1.352,  4.320, 23.397,  3.834,  0.480
 14940,  1.308,  4.433, 23.383,  3.988,  0.440
 15000,  1.348,  4.496, 22.494,  3.822,  0.484
 15060,  1.353,  4.408, 22.309,  3.952,  0.529
 15120,  1.290,  4.326, 20.816,  3.830,  0.480
 15180,  1.331,  4.134, 21.891,  3.804,  0.448
 15240,  1.306,  4.367, 21.204,  3.731,  0.516
 15300,  1.332,  4.001, 20.748,  3.669,  0.500
 15360,  1.300,  3.707, 21.571,  3.913,  0.497
 15420,  1.384,  4.082, 21.678,  4.052,  0.588
 15480,  1.344,  4.093, 21.539,  3.974,  0.521
 15540, -9999.000, -9999.000, -9999.000, -9999.000, -9999.000
 15600,  1.245,  3.594, 18.866,  3.761,  0.542
 15660,  1.248,  3.916, 20.332,  3.831,  0.446
 15720,  1.307,  3.887, 19.536,  3.927,  0.539
 15780,  1.315,  4.033, 20.283,  4.020,  0.565
 15840,  1.329,  3.973, 20.958,  4.091,  0.493
 15900,  1.336,  4.239, 21.083,  4.050,  0.530
 15960,  1.384,  3.958, 21.294,  4.204,  0.559
 16020,  1.395,  4.257, 21.239,  4.199,  0.474
 16080,  1.393,  3.912, 21.809,  4.265,  0.459
 16140,  1.416,  4.067, 21.591,  4.292,  0.485
 16200,  1.349,  4.068, 21.313,  4.292,  0.494
 16260,  1.395,  4.026, 20.671,  4.078,  0.423
 16320,  1.391,  3.946, 21.144,  4.259,  0.488
 16380,  1.422,  4.411, 21.506,  4.354,  0.489
 16440,  1.437,  4.092, 21.521,  4.340,  0.515
 16500,  1.422,  4.331, 21.492,  4.371,  0.424
 16560,  1.441,  4.544, 21.194,  4.202,  0.354
 16620,  1.437,  4.616, 20.941,  4.137,  0.411
 16680,  1.418,  4.327, 20.067,  4.119,  0.428
 16740,  1.395,  4.577, 21.567,  4.194,  0.414
 16800,  1.497,  4.473, 22.116,  4.500,  0.463
 16860,  1.509,  4.638, 21.895,  4.503,  0.390
 16920,  1.501,  4.685, 22.511,  4.407,  0.444
 16980,  1.514,  4.487, 21.924,  4.566,  0.429
 17040,  1.430,  4.734, 20.965,  4.235,  0.442
 17100,  1.434,  4.358, 20.553,  4.122,  0.398
 17160,  1.385,  4.031, 20.252,  4.278,  0.435
 17220,  1.426,  4.447, 20.603,  4.350,  0.425
 17280,  1.391,  4.351, 21.214,  4.264,  0.477
 17340,  1.432,  4.274, 20.684,  4.467,  0.500
 17400,  1.496,  3.029, 23.136,  4.510,  0.440
 17460,  1.350,  4.394, 19.061,  4.234,  0.500
 17520,  1.360,  4.162, 18.988,  4.418,  0.528
 17580,  1.382,  4.603, 19.589,  4.214,  0.476
 17640,  1.376,  4.348, 19.973,  4.302,  0.551
 17700,  1.389,  4.421, 20.669,  4.263,  0.569
 17760,  1.359,  4.154, 20.399,  4.256,  0.490
 17820,  1.389,  4.422, 20.499,  4.427,  0.553
 17880,  1.439,  4.608, 19.466,  4.181,  0.565
 17940,  1.362,  4.608, 19.336,  4.179,  0.444
 18000,  1.339,  4.231, 19.269,  4.101,  0.583
 18060,  1.374,  4.429, 20.484,  4.457,  0.623
 18120,  1.379,  4.260, 21.153,  4.456,  0.751
 18180,  1.328,  4.199, 19.878,  4.370,  0.757
 18240,  1.414,  4.289, 19.989,  4.212,  0.624
 18300,  1.386,  4.653, 19.742,  4.216,  0.608
 18360,  1.409,  4.212, 19.534,  4.356,  0.513
 18420,  1.326,  4.340, 19.883,  4.392,  0.675
 18480,  1.397,  4.553, 20.078,  4.187,  0.591
 18540,  1.335,  4.321, 18.932,  4.246,  0.528
 18600,  1.373,  3.834, 18.642,  4.105,  0.533
 18660,  1.316,  4.526, 18.622,  4.225,  0.512
 18720,  1.310,  3.732, 16.852,  4.279,  0.557
 18780,  1.347,  3.651, 18.344,  4.366,  0.501
 18840,  1.361,  4.043, 18.986,  4.419,  0.602
 18900,  1.331,  4.180, 18.236,  4.383,  0.777
 18960,  1.312,  3.925, 18.951,  4.431,  0.828
 19020,  1.350,  4.157, 18.903,  4.540,  0.776
 19080,  1.329,  4.147, 17.849,  4.693,  0.804
 19140,  1.370,  3.958, 18.766,  4.776,  0.831
