CampaignData_and_Merges/R0/CSL_MobileLab_Parked/raw/20240731/USOS-jNO2_MobileLabGround_20240731_R0.ict
52,1001
Waxman, E.; Rollins, A.; Zuraski, K.; Chace, W.
NOAA Chemical Sciences Laboratory
jNO2 filter radiometer on CSL Mobile Lab
AMMBEC / USOS
1, 1
2024,07,31, 2025,04,01
60
Time_Start, seconds, number_of_seconds_since_0000_UTC
20
1, 1, 1, 1, 1, 1, 1, 1, 1, 1, 1, 1, 1, 1, 1, 1, 1, 1, 1, 1
-9999, -9999, -9999, -9999, -9999, -9999, -9999, -9999, -9999, -9999, -9999, -9999, -9999, -9999, -9999, -9999, -9999, -9999, -9999, -9999
Time_Stop, seconds, number_of_seconds_since_0000_UTC
jNO2_meas, per second, photolysis rate of NO2 measured using a filter radiometer.
jBrCl, per second, photolysis rate of BrCl -> Br + Cl calculated in TUV for cloud-free sky with local AOD
jBr2, per second, photolysis rate of Br2 -> Br + Br calculated in TUV for cloud-free sky with local AOD
jCCl4, per second, photolysis rate of CCl4 -> Products calcualted in TUV for cloud-free sky with local AOD
jCH2Oa, per second, photolysis rate of CH2O -> H + HCO calculated in TUV for cloud-free sky with local AOD
jCH2Ob, per second, photolysis rate of CH2O -> H2 + CO calculated in TUV for cloud-free sky with local AOD
jClNO2, per second, photolysis rate of ClNO2 -> Cl + NO2 calculated in TUV for cloud-free sky with local AOD
jClOa, per second, photolysis rate of ClO -> Cl + O(1D) calculated in TUV for cloud-free sky with local AOD
jClOb, per second, photolysis rate of ClO -> Cl + O(3P) calculated in TUV for cloud-free sky with local AOD
jCl2, per second, photolysis rate of Cl2 -> Cl + Cl calculated in TUV for cloud-free sky with local AOD
jHNO2, per second, photolysis rate of HNO2 -> OH + NO calculated in TUV for cloud-free sky with local AOD
jHNO3, per second, photolysis rate of HNO3 -> OH + NO2 calculated in TUV for cloud-free sky with local AOD
jI2, per second, photolysis rate of I2 -> I + I calculated in TUV for cloud-free sky with local AOD
jNO2, per second, photolysis rate of NO2 -> NO + O(3P) calculated in TUV for cloud-free sky with local AOD
jNO3a, per second, photolysis rate of NO3 -> NO + O2 calculated in TUV for cloud-free sky with local AOD
jNO3b, per second, photolysis rate of NO3 -> NO2 + O(3P) calculated in TUV for cloud-free sky with local AOD
jN2O5, per second, photolysis rate of N2O5 -> NO3 + NO + O(3P) calculated in TUV for cloud-free sky with local AOD
jO3, per second, photolysis rate of O3 -> O2 + O(1D) calculated in TUV for cloud-free sky with local AOD
AOD_500nm, unitless, UTC daily mean AOD at 500 nm from an AERONET station located at 40.178 N, -112.452 E
0
18
PI_CONTACT_INFO: eleanor.waxman@noaa.gov
PLATFORM: CSL Mobile Lab, at ground site
LOCATION: Salt Lake City, UT
ASSOCIATED_DATA:
INSTRUMENT_INFO: jNO2 filter radiometer.  TUV calculations are for mobile van lat/lon/altitude assuming clear sky (cloud AOD = 0) and daily mean AOD.
DATA_INFO:
UNCERTAINTY: Data uncertainties are +/- 20%.  These come from uncertainties in radiometer angular response, radiometer thermal response, local interferences from clouds/aerosols/shadows etc.
ULOD_FLAG: -7777
ULOD_VALUE: N/A
LLOD_FLAG: -8888
LLOD_VALUE: N/A
DM_CONTACT_INFO: eleanor.waxman@noaa.gov
PROJECT_INFO: USOS Project, July - August 2024
STIPULATIONS_ON_USE: Users are strongly encouraged to contact the PI for proper data usage.
OTHER_COMMENTS: 
REVISION: R0
R0: final data
Time_Start, Time_Stop, jNO2_meas, jBrCl, jBr2, jCCl4, jCH2Oa, jCH2Ob, jClNO2, jClOa, jClOb, jCl2, jHNO2, jHNO3, jI2, jNO2, jNO3a, jNO3b, jN2O5, jO3, AOD_500nm
[from data line 714]
   42840,   42900,-9999,9.352e-07,2.43e-06,5.668e-29,1.21e-09,3.332e-09,3.376e-08,2.248e-29,5.4e-10,1.94e-07,1.437e-07,1.444e-11,5.726e-06,8.662e-07,5.507e-07,6.859e-06,2.626e-09,3.716e-10,0.31
   42900,   42960,-9999,1.173e-06,3.052e-06,7.659e-29,1.534e-09,4.194e-09,4.245e-08,3.041e-29,6.952e-10,2.436e-07,1.801e-07,1.837e-11,7.203e-06,1.086e-06,6.91e-07,8.618e-06,3.306e-09,4.771e-10,0.31
   42960,   43020,-9999,1.432e-06,3.737e-06,9.827e-29,1.878e-09,5.114e-09,5.174e-08,3.903e-29,8.601e-10,2.968e-07,2.193e-07,2.255e-11,8.857e-06,1.322e-06,8.531e-07,1.06e-05,4.032e-09,5.892e-10,0.31
   43020,   43080,-9999,1.77e-06,4.636e-06,1.29e-28,2.325e-09,6.301e-09,6.377e-08,5.13e-29,1.08e-09,3.657e-07,2.701e-07,2.801e-11,1.105e-05,1.63e-06,1.073e-06,1.324e-05,4.973e-09,7.383e-10,0.31
   43080,   43140,-9999,2.213e-06,5.825e-06,1.681e-28,2.887e-09,7.809e-09,7.913e-08,6.686e-29,1.358e-09,4.543e-07,3.354e-07,3.489e-11,1.399e-05,2.027e-06,1.371e-06,1.679e-05,6.172e-09,9.272e-10,0.31
   43140,   43200,-9999,2.651e-06,7.02e-06,2.092e-28,3.431e-09,9.276e-09,9.411e-08,8.333e-29,1.625e-09,5.409e-07,3.994e-07,4.155e-11,1.703e-05,2.417e-06,1.694e-06,2.049e-05,7.341e-09,1.109e-09,0.31
   43200,   43260,-9999,3.288e-06,8.777e-06,2.638e-28,4.171e-09,1.131e-08,1.151e-07,1.051e-28,1.984e-09,6.634e-07,4.903e-07,5.059e-11,2.152e-05,2.976e-06,2.176e-06,2.599e-05,8.972e-09,1.354e-09,0.31
   43260,   43320,-9999,3.996e-06,1.074e-05,3.306e-28,5.002e-09,1.358e-08,1.384e-07,1.319e-28,2.395e-09,7.996e-07,5.908e-07,6.08e-11,2.666e-05,3.595e-06,2.751e-06,3.234e-05,1.079e-08,1.635e-09,0.31
   43320,   43380,-9999,4.797e-06,1.3e-05,4.001e-28,5.887e-09,1.605e-08,1.64e-07,1.597e-28,2.82e-09,9.498e-07,7.022e-07,7.16e-11,3.267e-05,4.284e-06,3.444e-06,3.983e-05,1.277e-08,1.927e-09,0.31
   43380,   43440,-9999,5.899e-06,1.614e-05,4.9e-28,7.035e-09,1.931e-08,1.981e-07,1.956e-28,3.363e-09,1.152e-06,8.525e-07,8.56e-11,4.117e-05,5.22e-06,4.444e-06,5.045e-05,1.541e-08,2.302e-09,0.31
   43440,   43500,-9999,7.183e-06,1.984e-05,5.989e-28,8.356e-09,2.307e-08,2.374e-07,2.393e-28,3.989e-09,1.386e-06,1.026e-06,1.017e-10,5.135e-05,6.302e-06,5.683e-06,6.332e-05,1.845e-08,2.734e-09,0.31
   43500,   43560,-9999,8.563e-06,2.387e-05,7.063e-28,9.706e-09,2.698e-08,2.784e-07,2.823e-28,4.607e-09,1.631e-06,1.209e-06,1.18e-10,6.271e-05,7.448e-06,7.122e-06,7.784e-05,2.162e-08,3.164e-09,0.31
   43560,   43620,1.3091e-06,1.029e-05,2.898e-05,8.348e-28,1.134e-08,3.176e-08,3.288e-07,3.337e-28,5.335e-09,1.935e-06,1.435e-06,1.377e-10,7.74e-05,8.869e-06,9.039e-06,9.678e-05,2.55e-08,3.674e-09,0.31
   43620,   43680,3.0329e-06,1.236e-05,3.515e-05,9.802e-28,1.321e-08,3.732e-08,3.877e-07,3.919e-28,6.153e-09,2.291e-06,1.7e-06,1.601e-10,9.545e-05,1.055e-05,1.146e-05,0.0001203,3.002e-08,4.249e-09,0.31
   43680,   43740,2.5729e-06,1.466e-05,4.211e-05,1.134e-27,1.524e-08,4.339e-08,4.521e-07,4.536e-28,7.016e-09,2.683e-06,1.992e-06,1.842e-10,0.0001162,1.24e-05,1.432e-05,0.0001475,3.497e-08,4.858e-09,0.31
   43740,   43800,5.7035e-06,1.75e-05,5.076e-05,1.314e-27,1.765e-08,5.07e-08,5.3e-07,5.253e-28,8.018e-09,3.159e-06,2.347e-06,2.129e-10,0.0001424,1.466e-05,1.803e-05,0.0001823,4.093e-08,5.57e-09,0.31
   43800,   43860,9.8515e-06,2.084e-05,6.106e-05,1.513e-27,2.042e-08,5.914e-08,6.202e-07,6.05e-28,9.135e-09,3.712e-06,2.76e-06,2.455e-10,0.0001742,1.729e-05,2.264e-05,0.0002248,4.784e-08,6.369e-09,0.31
   43860,   43920,1.2898e-05,2.461e-05,7.275e-05,1.724e-27,2.345e-08,6.847e-08,7.202e-07,6.897e-28,1.033e-08,4.329e-06,3.22e-06,2.81e-10,0.0002108,2.024e-05,2.804e-05,0.0002741,5.549e-08,7.226e-09,0.31
   43920,   43980,1.0232e-05,2.906e-05,8.674e-05,1.947e-27,2.69e-08,7.925e-08,8.361e-07,7.785e-28,1.163e-08,5.046e-06,3.755e-06,3.212e-10,0.0002556,2.368e-05,3.484e-05,0.0003351,6.433e-08,8.169e-09,0.31
   43980,   44040,1.6386e-05,3.321e-05,9.988e-05,2.169e-27,3.027e-08,8.951e-08,9.454e-07,8.671e-28,1.289e-08,5.719e-06,4.254e-06,3.601e-10,0.0002992,2.687e-05,4.185e-05,0.0003958,7.269e-08,9.08e-09,0.31
   44040,   44100,1.4854e-05,3.854e-05,0.0001169,2.426e-27,3.439e-08,1.023e-07,1.083e-06,9.697e-28,1.44e-08,6.572e-06,4.889e-06,4.076e-10,0.0003551,3.096e-05,5.067e-05,0.0004732,8.319e-08,1.018e-08,0.31
   44100,   44160,2.0593e-05,4.551e-05,0.0001391,2.718e-27,3.958e-08,1.187e-07,1.26e-06,1.086e-27,1.622e-08,7.672e-06,5.708e-06,4.67e-10,0.0004288,3.625e-05,6.229e-05,0.0005753,9.664e-08,1.151e-08,0.31
   44160,   44220,2.6992e-05,5.076e-05,0.0001563,2.966e-27,4.376e-08,1.313e-07,1.394e-06,1.185e-27,1.769e-08,8.5e-06,6.318e-06,5.145e-10,0.0004899,4.019e-05,7.287e-05,0.0006632,1.069e-07,1.258e-08,0.31
   44220,   44280,2.8618e-05,5.918e-05,0.0001836,3.308e-27,5e-08,1.509e-07,1.604e-06,1.321e-27,1.984e-08,9.814e-06,7.294e-06,5.855e-10,0.000582,4.651e-05,8.773e-05,0.0007923,1.23e-07,1.417e-08,0.31
   44280,   44340,3.7321e-05,6.558e-05,0.0002049,3.556e-27,5.494e-08,1.659e-07,1.763e-06,1.419e-27,2.147e-08,1.08e-05,8.019e-06,6.406e-10,0.0006596,5.121e-05,0.0001015,0.0009054,1.351e-07,1.536e-08,0.31
   44340,   44400,3.7062e-05,7.441e-05,0.0002342,3.878e-27,6.154e-08,1.862e-07,1.981e-06,1.547e-27,2.364e-08,1.216e-05,9.018e-06,7.146e-10,0.0007635,5.771e-05,0.0001193,0.001055,1.517e-07,1.696e-08,0.31
   44400,   44460,4.2881e-05,8.432e-05,0.0002669,4.227e-27,6.887e-08,2.088e-07,2.224e-06,1.686e-27,2.603e-08,1.368e-05,1.014e-05,7.967e-10,0.000879,6.501e-05,0.000139,0.001221,1.703e-07,1.873e-08,0.31
   44460,   44520,4.754e-05,9.299e-05,0.0002962,4.514e-27,7.546e-08,2.286e-07,2.434e-06,1.799e-27,2.811e-08,1.499e-05,1.11e-05,8.695e-10,0.0009882,7.127e-05,0.0001587,0.001382,1.864e-07,2.027e-08,0.31
   44520,   44580,5.8262e-05,0.0001031,0.0003306,4.835e-27,8.311e-08,2.516e-07,2.679e-06,1.925e-27,3.051e-08,1.652e-05,1.222e-05,9.54e-10,0.001115,7.86e-05,0.0001814,0.001568,2.051e-07,2.204e-08,0.31
   44580,   44640,6.007e-05,0.0001143,0.000368,5.173e-27,9.145e-08,2.768e-07,2.948e-06,2.059e-27,3.31e-08,1.82e-05,1.345e-05,1.046e-09,0.001252,8.666e-05,0.0002058,0.00177,2.256e-07,2.396e-08,0.31
   44640,   44700,6.6564e-05,0.000128,0.0004139,5.574e-27,1.017e-07,3.079e-07,3.28e-06,2.217e-27,3.627e-08,2.027e-05,1.498e-05,1.159e-09,0.001419,9.664e-05,0.0002353,0.002014,2.51e-07,2.631e-08,0.31
   44700,   44760,7.3892e-05,0.0001439,0.0004668,6.88e-27,1.137e-07,3.442e-07,3.668e-06,2.432e-27,3.993e-08,2.27e-05,1.676e-05,1.291e-09,0.00161,0.0001083,0.0002692,0.002294,2.807e-07,2.903e-08,0.31
   44760,   44820,8.0631e-05,0.000157,0.0005111,7.117e-27,1.238e-07,3.742e-07,3.987e-06,2.566e-27,4.298e-08,2.468e-05,1.821e-05,1.401e-09,0.001776,0.0001178,0.0002997,0.002541,3.051e-07,3.129e-08,0.31
   44820,   44880,9.0969e-05,0.0001712,0.0005595,7.406e-27,1.349e-07,4.069e-07,4.333e-06,2.707e-27,4.632e-08,2.683e-05,1.978e-05,1.522e-09,0.001958,0.000128,0.0003335,0.002814,3.316e-07,3.376e-08,0.31
   44880,   44940,0.00010234,0.0001863,0.0006106,7.735e-27,1.469e-07,4.416e-07,4.7e-06,2.852e-27,4.988e-08,2.911e-05,2.144e-05,1.652e-09,0.002151,0.0001389,0.0003696,0.003104,3.598e-07,3.638e-08,0.31
   44940,   45000,0.00010517,0.0002011,0.0006612,8.045e-27,1.588e-07,4.762e-07,5.065e-06,2.991e-27,5.342e-08,3.137e-05,2.308e-05,1.782e-09,0.002342,0.0001497,0.0004057,0.003394,3.878e-07,3.899e-08,0.31
   45000,   45060,0.00012006,0.0002177,0.0007173,8.401e-27,1.723e-07,5.147e-07,5.471e-06,3.141e-27,5.74e-08,3.388e-05,2.491e-05,1.927e-09,0.002555,0.0001616,0.0004463,0.003717,4.19e-07,4.192e-08,0.31
   45060,   45120,0.00012828,0.0002348,0.0007755,8.757e-27,1.865e-07,5.55e-07,5.894e-06,3.292e-27,6.159e-08,3.649e-05,2.68e-05,2.08e-09,0.002778,0.000174,0.0004893,0.004056,4.515e-07,4.498e-08,0.31
   45120,   45180,0.00013777,0.0002516,0.0008325,9.11e-27,2.005e-07,5.947e-07,6.31e-06,3.436e-27,6.575e-08,3.905e-05,2.866e-05,2.232e-09,0.002997,0.0001862,0.0005324,0.004392,4.835e-07,4.802e-08,0.31
   45180,   45240,0.00015239,0.00027,0.0008953,9.488e-27,2.163e-07,6.386e-07,6.769e-06,3.591e-27,7.039e-08,4.188e-05,3.07e-05,2.401e-09,0.003239,0.0001995,0.0005809,0.004766,5.189e-07,5.14e-08,0.31
   45240,   45300,0.00016201,0.000289,0.0009603,9.871e-27,2.328e-07,6.843e-07,7.246e-06,3.746e-27,7.528e-08,4.48e-05,3.281e-05,2.579e-09,0.003492,0.0002133,0.0006327,0.00516,5.557e-07,5.494e-08,0.31
   45300,   45360,0.00017349,0.0003075,0.001024,1.024e-26,2.49e-07,7.288e-07,7.71e-06,3.893e-27,8.01e-08,4.764e-05,3.486e-05,2.754e-09,0.00374,0.0002267,0.0006845,0.005549,5.915e-07,5.842e-08,0.31
   45360,   45420,0.00018511,0.0003278,0.001093,1.064e-26,2.671e-07,7.779e-07,8.22e-06,4.051e-27,8.547e-08,5.075e-05,3.71e-05,2.948e-09,0.004015,0.0002413,0.0007431,0.005983,6.309e-07,6.229e-08,0.31
   45420,   45480,0.00019304,0.0003485,0.001164,1.104e-26,2.858e-07,8.284e-07,8.744e-06,4.208e-27,9.109e-08,5.395e-05,3.94e-05,3.15e-09,0.004301,0.0002563,0.0008055,0.006438,6.715e-07,6.631e-08,0.31
   45480,   45540,0.00020714,0.0003687,0.001234,1.142e-26,3.043e-07,8.777e-07,9.255e-06,4.357e-27,9.665e-08,5.705e-05,4.163e-05,3.349e-09,0.004583,0.0002709,0.0008682,0.006891,7.111e-07,7.026e-08,0.31
   45540,   45600,0.00021726,0.0003907,0.00131,1.183e-26,3.247e-07,9.317e-07,9.812e-06,4.516e-27,1.028e-07,6.044e-05,4.406e-05,3.569e-09,0.004896,0.0002867,0.000939,0.007396,7.543e-07,7.464e-08,0.31
   45600,   45660,0.00023128,0.0004134,0.001389,1.224e-26,3.459e-07,9.873e-07,1.039e-05,4.676e-27,1.093e-07,6.392e-05,4.655e-05,3.797e-09,0.005223,0.0003029,0.001014,0.007929,7.989e-07,7.92e-08,0.31
   45660,   45720,0.00024192,0.0004353,0.001466,1.263e-26,3.667e-07,1.041e-06,1.094e-05,4.827e-27,1.157e-07,6.728e-05,4.895e-05,4.021e-09,0.005545,0.0003186,0.00109,0.008456,8.421e-07,8.366e-08,0.31
   45720,   45780,0.0002606,0.0004592,0.00155,1.306e-26,3.895e-07,1.1e-06,1.155e-05,4.988e-27,1.227e-07,7.093e-05,5.155e-05,4.267e-09,0.005902,0.0003356,0.001174,0.009044,8.892e-07,8.859e-08,0.31
   45780,   45840,0.00027254,0.0004836,0.001637,1.348e-26,4.131e-07,1.16e-06,1.216e-05,5.148e-27,1.301e-07,7.467e-05,5.421e-05,4.522e-09,0.006273,0.0003529,0.001263,0.009659,9.374e-07,9.37e-08,0.31
   45840,   45900,0.00028653,0.0005074,0.001721,1.388e-26,4.361e-07,1.218e-06,1.276e-05,5.301e-27,1.373e-07,7.828e-05,5.677e-05,4.772e-09,0.006639,0.0003697,0.001351,0.01027,9.841e-07,9.871e-08,0.31
   45900,   45960,0.00030052,0.0005333,0.001814,1.43e-26,4.614e-07,1.282e-06,1.341e-05,5.463e-27,1.454e-07,8.22e-05,5.955e-05,5.046e-09,0.007045,0.0003878,0.00145,0.01094,1.035e-06,1.042e-07,0.31
   45960,   46020,0.00031237,0.0005599,0.00191,1.473e-26,4.875e-07,1.347e-06,1.408e-05,5.626e-27,1.538e-07,8.622e-05,6.239e-05,5.33e-09,0.007467,0.0004064,0.001553,0.01165,1.087e-06,1.1e-07,0.31
   46020,   46080,0.00033021,0.0005856,0.002003,1.514e-26,5.129e-07,1.41e-06,1.472e-05,5.779e-27,1.62e-07,9.008e-05,6.511e-05,5.606e-09,0.007881,0.0004242,0.001654,0.01235,1.137e-06,1.155e-07,0.31
   46080,   46140,0.00034461,0.0006136,0.002105,1.557e-26,5.406e-07,1.477e-06,1.542e-05,5.943e-27,1.711e-07,9.426e-05,6.805e-05,5.908e-09,0.008336,0.0004435,0.001766,0.01311,1.192e-06,1.217e-07,0.31
   46140,   46200,0.00036438,0.0006424,0.00221,1.601e-26,5.692e-07,1.547e-06,1.613e-05,6.107e-27,1.806e-07,9.855e-05,7.106e-05,6.221e-09,0.00881,0.0004633,0.001882,0.01391,1.248e-06,1.281e-07,0.31
   46200,   46260,0.00037776,0.0006702,0.002312,1.642e-26,5.97e-07,1.614e-06,1.682e-05,6.262e-27,1.899e-07,0.0001027,7.395e-05,6.525e-09,0.009271,0.0004822,0.001996,0.01468,1.301e-06,1.343e-07,0.31
   46260,   46320,0.00039265,0.0007006,0.002424,1.687e-26,6.273e-07,1.687e-06,1.756e-05,6.428e-27,2.002e-07,0.0001071,7.708e-05,6.859e-09,0.009778,0.0005028,0.00212,0.01554,1.36e-06,1.411e-07,0.31
   46320,   46380,0.00041015,0.0007317,0.002539,1.731e-26,6.585e-07,1.761e-06,1.832e-05,6.594e-27,2.109e-07,0.0001117,8.026e-05,7.202e-09,0.0103,0.0005238,0.002248,0.01642,1.42e-06,1.482e-07,0.31
   46380,   46440,0.00042545,0.0007617,0.00265,1.773e-26,6.887e-07,1.832e-06,1.905e-05,6.751e-27,2.214e-07,0.0001161,8.332e-05,7.535e-09,0.01081,0.000544,0.002372,0.01727,1.477e-06,1.551e-07,0.31
   46440,   46500,0.00044205,0.0007943,0.002772,1.817e-26,7.215e-07,1.909e-06,1.983e-05,6.918e-27,2.329e-07,0.0001208,8.662e-05,7.898e-09,0.01136,0.0005658,0.002506,0.0182,1.539e-06,1.626e-07,0.31
   46500,   46560,0.00046458,0.0008278,0.002896,1.863e-26,7.553e-07,1.988e-06,2.064e-05,7.087e-27,2.45e-07,0.0001257,8.999e-05,8.274e-09,0.01193,0.0005881,0.002644,0.01916,1.603e-06,1.705e-07,0.31
   46560,   46620,0.00047812,0.00086,0.003017,1.906e-26,7.879e-07,2.064e-06,2.142e-05,7.246e-27,2.567e-07,0.0001303,9.322e-05,8.637e-09,0.01248,0.0006095,0.002777,0.02008,1.664e-06,1.781e-07,0.31
   46620,   46680,0.00049738,0.0008951,0.003148,1.952e-26,8.234e-07,2.146e-06,2.225e-05,7.416e-27,2.697e-07,0.0001354,9.672e-05,9.034e-09,0.01308,0.0006328,0.00292,0.02109,1.73e-06,1.864e-07,0.31
   46680,   46740,0.00051829,0.000931,0.003283,1.998e-26,8.599e-07,2.229e-06,2.311e-05,7.586e-27,2.831e-07,0.0001405,0.0001003,9.442e-09,0.01369,0.0006565,0.003066,0.02211,1.798e-06,1.951e-07,0.31
   46740,   46800,0.00053225,0.0009655,0.003412,2.041e-26,8.95e-07,2.309e-06,2.393e-05,7.748e-27,2.963e-07,0.0001454,0.0001037,9.837e-09,0.01428,0.0006792,0.003206,0.02309,1.863e-06,2.035e-07,0.31
   46800,   46860,0.00055238,0.001003,0.003552,2.087e-26,9.332e-07,2.396e-06,2.482e-05,7.919e-27,3.107e-07,0.0001508,0.0001074,1.027e-08,0.01492,0.0007038,0.003356,0.02415,1.933e-06,2.127e-07,0.31
   46860,   46920,0.00057088,0.001041,0.003695,2.135e-26,9.723e-07,2.484e-06,2.572e-05,8.093e-27,3.257e-07,0.0001562,0.0001111,1.071e-08,0.01557,0.000729,0.003508,0.02523,2.005e-06,2.222e-07,0.31
   46920,   46980,0.00059532,0.001078,0.003833,2.179e-26,1.01e-06,2.569e-06,2.659e-05,8.257e-27,3.403e-07,0.0001614,0.0001147,1.114e-08,0.01619,0.0007531,0.003653,0.02626,2.074e-06,2.314e-07,0.31
   46980,   47040,0.00061587,0.001117,0.003981,2.227e-26,1.051e-06,2.66e-06,2.753e-05,8.432e-27,3.564e-07,0.0001671,0.0001186,1.16e-08,0.01686,0.0007792,0.003809,0.02738,2.149e-06,2.415e-07,0.31
   47040,   47100,0.00063811,0.001158,0.004133,2.275e-26,1.093e-06,2.753e-06,2.849e-05,8.608e-27,3.73e-07,0.0001728,0.0001226,1.208e-08,0.01753,0.0008059,0.003966,0.0285,2.225e-06,2.52e-07,0.31
   47100,   47160,0.00066312,0.001197,0.004277,2.32e-26,1.133e-06,2.842e-06,2.94e-05,8.775e-27,3.892e-07,0.0001783,0.0001264,1.254e-08,0.01818,0.0008313,0.004115,0.02957,2.298e-06,2.621e-07,0.31
   47160,   47220,0.00068106,0.001239,0.004434,2.368e-26,1.177e-06,2.939e-06,3.04e-05,8.953e-27,4.07e-07,0.0001843,0.0001305,1.305e-08,0.01888,0.0008589,0.004274,0.03072,2.377e-06,2.732e-07,0.31
   47220,   47280,0.00070302,0.001281,0.004592,2.418e-26,1.222e-06,3.037e-06,3.141e-05,9.133e-27,4.255e-07,0.0001903,0.0001347,1.356e-08,0.01958,0.0008871,0.004434,0.03187,2.457e-06,2.847e-07,0.31
   47280,   47340,0.00072363,0.001322,0.004744,2.464e-26,1.265e-06,3.131e-06,3.238e-05,9.303e-27,4.434e-07,0.0001961,0.0001387,1.406e-08,0.02025,0.000914,0.004585,0.03297,2.535e-06,2.958e-07,0.31
   47340,   47400,0.00074568,0.001366,0.004907,2.514e-26,1.312e-06,3.232e-06,3.342e-05,9.485e-27,4.632e-07,0.0002024,0.000143,1.46e-08,0.02096,0.0009431,0.004747,0.03415,2.618e-06,3.08e-07,0.31
   47400,   47460,0.00076556,0.00141,0.005072,2.564e-26,1.36e-06,3.336e-06,3.449e-05,9.669e-27,4.835e-07,0.0002088,0.0001474,1.516e-08,0.02168,0.0009727,0.004908,0.03533,2.703e-06,3.206e-07,0.31
   47460,   47520,0.00079052,0.001453,0.005228,2.612e-26,1.405e-06,3.434e-06,3.551e-05,9.842e-27,5.033e-07,0.0002148,0.0001516,1.57e-08,0.02237,0.001001,0.005061,0.03645,2.784e-06,3.327e-07,0.31
   47520,   47580,0.00081335,0.001499,0.005397,2.662e-26,1.455e-06,3.541e-06,3.661e-05,1.003e-26,5.25e-07,0.0002214,0.0001562,1.628e-08,0.0231,0.001032,0.005223,0.03764,2.873e-06,3.461e-07,0.31
