CampaignData_and_Merges/R0/CSL_MobileLab_Parked/raw/20240731/USOS-NOAAIodideCIMS-HNO2_MobileLabGround_20240731_RA.ict
33, 1001
Michael A Robinson, Chris Jernigan, Subi Thakali
NOAA ESRL Chemical Sciences Laboratory and CIRES, U. of Colorado
NOAA Iodide CIMS Instrument
USOS
1, 1
2024, 07, 31, 2024, 08, 01
1
starttime_UTC, seconds_past_midnight, seconds_of_day_since_00:00:00_UTC
1
1
-9999
HNO2_NOAACIMS, pptv, Gas_HNO2_InSitu_S_AVMR, 
0
18
PI_CONTACT_INFO: 325 Broadway, R/CSD 7, Boulder, Colorado 80305; michael.a.robinson@noaa.gov; chris.jernigan@noaa.gov;
PLATFORM: NOAA CSL Mobile Lab
LOCATION: SLC, Utah
ASSOCIATED_DATA: 1Hz data also available on request.
INSTRUMENT_INFO: NOAA I- ToF CIMS
DATA_INFO: All data in parts per trillion by volume (pptv). 1 Hz data is available upon request.
UNCERTAINTY: TBD
ULOD_FLAG: -7777
ULOD_VALUE: N/A
LLOD_FLAG: -8888
LLOD_VALUE: N/A
DM_CONTACT_INFO: Nathan Howard; nathan.h.howard@noaa.gov
PROJECT_INFO: USOS, summer 2024. https://csl.noaa.gov/groups/csl7/measurements/2024usos/
STIPULATIONS_ON_USE: Users are strongly encouraged to contact the PI for proper data usage.
OTHER_COMMENTS: 
REVISION: RA
RA: Preliminary Data; For in-field use only
starttime_UTC, HNO2_NOAACIMS
[from data line 1016]
 60960, 49.003
 61020, 63.533
 61080, -9999.000
 61140, 48.331
 61200, 61.584
 61260, 59.695
 61320, 62.644
 61380, 66.584
 61440, 60.127
 61500, 43.130
 61560, 53.241
 61620, 48.288
 61680, 63.748
 61740, 91.606
 61800, 81.193
 61860, 68.689
 61920, 85.115
 61980, 77.897
 62040, 83.728
 62100, 70.996
 62160, 78.633
 62220, 72.829
 62280, 78.107
 62340, 76.646
 62400, 72.623
 62460, 63.696
 62520, 73.155
 62580, 74.188
 62640, 56.522
 62700, 78.242
 62760, 85.252
 62820, 82.856
 62880, 86.026
 62940, -9999.000
 63000, 84.701
 63060, 82.281
 63120, 96.503
 63180, 99.517
 63240, 87.267
 63300, 82.702
 63360, 77.580
 63420, 73.872
 63480, 93.290
 63540, 116.088
 63600, 91.903
 63660, 98.629
 63720, 110.646
 63780, 110.529
 63840, 134.097
 63900, 113.731
 63960, 120.504
 64020, 111.019
 64080, 95.624
 64140, 99.041
 64200, 108.942
 64260, 116.486
 64320, 120.803
 64380, 111.119
 64440, 93.363
 64500, 92.490
 64560, 89.568
 64620, 108.863
 64680, 123.557
 64740, 95.591
 64800, 135.058
 64860, 125.636
 64920, 126.868
 64980, 120.831
 65040, 115.772
 65100, 121.186
 65160, 141.668
 65220, 112.280
 65280, 108.845
 65340, 87.586
 65400, 121.134
 65460, 109.451
 65520, 108.995
 65580, 90.579
 65640, 102.477
 65700, 111.667
 65760, 99.480
 65820, 96.103
 65880, 75.482
 65940, 80.753
 66000, 95.279
 66060, 95.912
 66120, 87.854
 66180, 97.610
 66240, 98.659
 66300, 96.674
 66360, 91.588
 66420, 104.151
 66480, 97.799
 66540, 90.885
 66600, -9999.000
 66660, 111.177
 66720, 80.616
 66780, 74.192
 66840, 79.173
 66900, 98.779
 66960, 81.699
 67020, 79.120
 67080, 78.584
 67140, 87.736
 67200, 99.899
 67260, 91.559
 67320, 94.384
 67380, 116.736
 67440, 94.165
 67500, 77.635
 67560, 93.592
 67620, 83.526
 67680, 80.887
 67740, 89.101
 67800, 79.029
 67860, 86.064
 67920, 74.068
 67980, 84.001
 68040, 74.356
 68100, 86.919
 68160, 81.450
 68220, 83.170
 68280, 85.309
 68340, 88.349
 68400, 69.069
 68460, -9999.000
 68520, 78.336
 68580, 85.030
 68640, 56.072
 68700, 75.934
 68760, 79.946
 68820, 87.810
 68880, 77.989
 68940, 71.450
 69000, 73.224
 69060, 69.230
 69120, 56.610
 69180, 58.884
 69240, 52.102
 69300, 65.904
 69360, 63.873
 69420, 64.391
 69480, 67.602
 69540, 76.512
 69600, 44.646
 69660, 54.584
 69720, 61.449
 69780, 69.753
 69840, 57.573
 69900, 49.139
 69960, 63.717
 70020, 62.746
 70080, 60.267
 70140, 55.751
 70200, 70.545
 70260, 63.570
 70320, -9999.000
 70380, 74.987
 70440, 60.907
 70500, 62.840
 70560, 64.262
 70620, 78.984
 70680, 82.854
 70740, 67.079
 70800, 67.226
 70860, 87.989
 70920, 53.116
 70980, 54.054
 71040, 55.937
 71100, 51.966
 71160, 61.332
 71220, 58.428
 71280, 60.889
 71340, 67.769
 71400, 54.723
 71460, 56.168
 71520, 52.497
 71580, 63.883
 71640, 58.605
 71700, 63.419
 71760, 66.609
 71820, 56.020
 71880, 60.000
 71940, 61.375
 72000, 64.980
 72060, 56.454
 72120, 71.032
 72180, 68.021
 72240, 60.532
 72300, 57.169
 72360, 53.108
 72420, 58.243
 72480, 57.703
 72540, 65.326
 72600, 65.841
 72660, 56.958
 72720, 56.532
 72780, 64.700
 72840, 55.834
 72900, 51.087
 72960, 56.793
 73020, 61.191
 73080, 69.057
 73140, 76.270
 73200, 52.609
 73260, 49.169
 73320, 40.209
 73380, 54.651
 73440, 52.201
 73500, 59.172
 73560, 62.205
 73620, 55.025
 73680, 48.669
 73740, 38.980
 73800, 46.518
 73860, 58.369
 73920, 47.469
 73980, 51.627
 74040, 63.679
 74100, 63.888
 74160, 51.967
 74220, 44.436
 74280, 35.649
 74340, 40.992
 74400, 38.783
 74460, 53.911
 74520, 44.181
 74580, 39.367
 74640, 41.270
 74700, 32.131
 74760, 33.446
 74820, 41.236
 74880, 41.863
 74940, 37.416
 75000, 45.827
 75060, 44.769
 75120, 47.955
 75180, 41.974
 75240, 39.996
 75300, 48.585
 75360, 39.445
 75420, 49.407
 75480, 43.528
 75540, 40.481
 75600, 42.870
 75660, 52.253
 75720, 44.889
 75780, 59.927
 75840, 61.420
 75900, 44.559
 75960, 39.371
 76020, 46.159
 76080, 35.503
 76140, 39.036
 76200, 43.806
 76260, 52.470
 76320, 45.462
 76380, 52.300
 76440, 30.260
 76500, 50.050
 76560, 46.552
 76620, 47.854
 76680, 52.021
 76740, 47.856
 76800, 42.095
 76860, 47.530
 76920, 40.346
 76980, 39.247
 77040, 33.410
 77100, 51.624
 77160, 42.240
 77220, 41.644
 77280, 46.728
 77340, 60.120
 77400, 60.808
 77460, 44.680
 77520, 48.984
 77580, 50.979
 77640, 51.363
 77700, -9999.000
 77760, 55.370
 77820, 38.438
 77880, 39.730
 77940, 53.029
 78000, 50.431
 78060, 39.759
 78120, 53.541
 78180, 43.244
 78240, 46.587
 78300, 30.091
 78360, 38.134
 78420, 49.123
 78480, 43.288
 78540, 46.781
 78600, 37.934
 78660, 37.882
 78720, 32.991
 78780, 24.240
 78840, 34.455
 78900, 26.284
 78960, 32.944
 79020, 34.125
 79080, 37.836
 79140, 23.908
 79200, 26.870
 79260, 24.585
 79320, 25.152
 79380, 28.934
 79440, 21.177
 79500, 28.722
 79560, -9999.000
 79620, 27.566
 79680, 16.467
 79740, 18.762
 79800, 21.860
 79860, 25.575
 79920, 23.667
 79980, 33.524
 80040, 31.585
 80100, 19.559
 80160, 25.183
 80220, 34.274
 80280, 23.295
 80340, 28.603
 80400, 26.604
 80460, 18.740
 80520, 21.900
 80580, 20.810
 80640, 23.457
 80700, 30.936
 80760, 29.158
 80820, 27.260
 80880, 32.714
 80940, 25.280
 81000, 28.322
 81060, 34.065
 81120, 29.657
 81180, 25.043
 81240, 35.693
 81300, 31.785
 81360, 37.768
 81420, -9999.000
 81480, 36.126
 81540, 29.287
 81600, 31.795
 81660, 36.216
 81720, 30.135
 81780, 29.418
 81840, 24.928
 81900, 19.542
 81960, 23.173
 82020, 22.301
 82080, 23.448
 82140, 21.185
 82200, 29.199
 82260, 19.672
 82320, 21.795
 82380, 31.144
 82440, 25.326
 82500, 35.826
 82560, 31.649
 82620, 24.478
 82680, 23.050
 82740, 21.743
 82800, 16.697
 82860, 25.242
 82920, 25.456
 82980, 19.564
 83040, 30.740
 83100, 21.949
 83160, 23.130
 83220, 17.357
 83280, 29.597
 83340, 20.997
 83400, 17.807
 83460, 23.078
 83520, 35.380
 83580, 24.972
 83640, 18.919
 83700, 15.353
 83760, 15.573
 83820, 23.071
 83880, 29.306
 83940, 26.393
 84000, 21.345
 84060, 24.863
 84120, 19.918
 84180, 28.642
 84240, 33.226
 84300, 27.815
 84360, 28.432
 84420, 22.459
 84480, 22.672
 84540, 20.671
 84600, 19.299
 84660, 17.848
 84720, 26.332
 84780, 25.694
 84840, 29.552
 84900, 24.520
 84960, 38.990
 85020, 39.063
 85080, -9999.000
 85140, 39.396
 85200, 32.545
 85260, 29.772
 85320, 30.262
 85380, 37.507
 85440, 35.173
 85500, 38.479
 85560, 31.461
 85620, 29.788
 85680, 22.877
 85740, 26.527
 85800, 28.544
 85860, 23.581
 85920, 25.326
 85980, 23.166
 86040, 31.803
 86100, 26.975
 86160, 31.348
 86220, 28.331
 86280, 26.268
 86340, 21.189
