CampaignData_and_Merges/R0/CSL_MobileLab_Parked/raw/20240731/USOS-NOAAIodideCIMS-OrgNitrs_MobileLabGround_20240731_RA.ict
37, 1001
Michael A Robinson, Chris Jernigan, Subi Thakali
NOAA ESRL Chemical Sciences Laboratory and CIRES, U. of Colorado
NOAA Iodide CIMS Instrument
USOS
1, 1
2024, 07, 31, 2024, 08, 01
1
starttime_UTC, seconds_past_midnight, seconds_of_day_since_00:00:00_UTC
5
1, 1, 1, 1, 1
-9999, -9999, -9999, -9999, -9999
C4H7NO5_NOAACIMS, pptv, Gas_C4H7NO5_InSitu_S_AVMR, 
ISOPN_NOAACIMS, pptv, Gas_ISOPN_InSitu_S_AVMR, 
C5H10O3_NOAACIMS, pptv, Gas_C5H10O3_InSitu_S_AVMR, 
C5H9NO5_NOAACIMS, pptv, Gas_C5H9NO5_InSitu_S_AVMR, 
C10H17NO4_NOAACIMS, pptv, Gas_C10H17NO4_InSitu_S_AVMR, 
0
18
PI_CONTACT_INFO: 325 Broadway, R/CSD 7, Boulder, Colorado 80305; michael.a.robinson@noaa.gov; chris.jernigan@noaa.gov;
PLATFORM: NOAA CSL Mobile Lab
LOCATION: SLC, Utah
ASSOCIATED_DATA: 1Hz data also available on request.
INSTRUMENT_INFO: NOAA I- ToF CIMS
DATA_INFO: All data in parts per trillion by volume (pptv). 1 Hz data is available upon request.
UNCERTAINTY: TBD
ULOD_FLAG: -7777
ULOD_VALUE: N/A
LLOD_FLAG: -8888
LLOD_VALUE: N/A
DM_CONTACT_INFO: Nathan Howard; nathan.h.howard@noaa.gov
PROJECT_INFO: USOS, summer 2024. https://csl.noaa.gov/groups/csl7/measurements/2024usos/
STIPULATIONS_ON_USE: Users are strongly encouraged to contact the PI for proper data usage.
OTHER_COMMENTS: 
REVISION: RA
RA: Preliminary Data; For in-field use only
starttime_UTC, C4H7NO5_NOAACIMS, ISOPN_NOAACIMS, C5H10O3_NOAACIMS, C5H9NO5_NOAACIMS, C10H17NO4_NOAACIMS
[from data line 321]
 19260, -9999.000, -9999.000, -9999.000, -9999.000, -9999.000
 19320,  1.436,  4.510, 18.633,  5.415,  0.871
 19380,  1.283,  3.861, 17.921,  4.770,  0.830
 19440,  1.354,  4.062, 17.862,  4.895,  0.793
 19500,  1.287,  3.872, 16.277,  3.948,  0.644
 19560,  1.376,  4.214, 16.946,  3.975,  0.763
 19620,  1.387,  4.402, 17.283,  4.136,  0.710
 19680,  1.413,  4.674, 17.387,  4.634,  0.733
 19740,  1.380,  4.332, 16.717,  4.214,  0.688
 19800,  1.480,  4.861, 17.817,  5.033,  0.732
 19860,  1.502,  4.604, 18.446,  5.358,  0.779
 19920,  1.401,  4.378, 16.234,  4.744,  0.853
 19980,  1.535,  4.523, 18.039,  5.096,  0.850
 20040,  1.658,  5.213, 21.017,  6.069,  1.041
 20100,  1.760,  5.390, 22.161,  6.634,  1.013
 20160,  1.849,  5.205, 23.300,  6.868,  0.923
 20220,  1.819,  5.154, 22.253,  6.491,  0.857
 20280,  1.786,  5.042, 24.092,  6.341,  0.834
 20340,  1.820,  5.037, 22.522,  6.311,  0.888
 20400,  1.865,  5.274, 23.487,  6.703,  1.054
 20460,  1.919,  5.173, 23.880,  6.826,  1.186
 20520,  2.020,  5.276, 23.367,  7.069,  1.082
 20580,  2.269,  5.326, 28.825,  8.051,  1.271
 20640,  2.466,  5.005, 34.946,  8.574,  1.534
 20700,  2.416,  5.415, 33.129,  8.282,  1.476
 20760,  2.169,  5.568, 30.127,  7.523,  1.337
 20820,  2.266,  5.150, 31.440,  7.352,  1.326
 20880,  2.274,  4.911, 30.667,  7.330,  1.450
 20940,  2.259,  4.970, 30.550,  7.262,  1.507
 21000,  2.297,  4.972, 33.053,  7.358,  1.296
 21060,  2.381,  5.000, 32.003,  7.002,  0.966
 21120,  2.365,  4.513, 32.297,  6.607,  0.992
 21180,  2.278,  4.545, 34.343,  6.900,  1.184
 21240,  2.289,  4.437, 32.784,  6.595,  1.163
 21300,  2.246,  4.312, 33.799,  6.556,  1.351
 21360,  2.297,  4.287, 34.703,  6.711,  1.296
 21420,  2.182,  4.218, 34.712,  6.666,  1.488
 21480,  2.164,  4.091, 35.119,  6.409,  1.457
 21540,  2.252,  4.076, 35.359,  6.635,  1.458
 21600,  2.217,  4.120, 34.963,  6.529,  1.465
 21660,  2.251,  4.133, 34.679,  6.617,  1.716
 21720,  2.254,  4.159, 35.225,  6.529,  1.519
 21780,  2.311,  4.048, 35.121,  6.183,  1.315
 21840,  2.202,  3.802, 34.362,  6.153,  1.408
 21900,  2.302,  4.000, 35.761,  6.319,  1.375
 21960,  2.363,  4.023, 33.770,  6.444,  1.448
 22020,  2.329,  4.022, 33.326,  6.269,  1.435
 22080,  2.301,  4.253, 36.632,  6.386,  1.465
 22140,  2.278,  4.511, 34.432,  6.332,  1.483
 22200,  2.230,  3.911, 33.539,  6.425,  1.334
 22260,  2.278,  4.527, 33.975,  6.489,  1.435
 22320,  2.259,  3.933, 32.950,  6.485,  1.397
 22380,  2.238,  3.808, 32.668,  6.215,  1.482
 22440,  2.265,  3.980, 34.421,  6.111,  1.316
 22500,  2.251,  3.831, 34.221,  6.048,  1.280
 22560,  2.244,  4.154, 33.947,  6.257,  1.332
 22620,  2.233,  3.708, 33.732,  6.116,  1.341
 22680,  2.203,  3.919, 32.409,  5.842,  1.335
 22740,  2.251,  3.825, 34.373,  6.147,  1.405
 22800,  2.125,  3.712, 34.484,  6.010,  1.563
 22860,  2.079,  3.556, 33.982,  5.785,  1.378
 22920, -9999.000, -9999.000, -9999.000, -9999.000, -9999.000
 22980,  2.205,  4.121, 30.155,  5.425,  1.309
 23040,  2.183,  3.884, 30.065,  5.545,  1.260
 23100,  2.194,  3.923, 31.807,  6.202,  1.358
 23160,  2.265,  3.618, 32.050,  5.968,  1.278
 23220,  2.192,  3.899, 32.119,  6.061,  1.265
 23280,  2.152,  3.699, 31.629,  6.072,  1.354
 23340,  2.207,  3.706, 31.399,  5.969,  1.299
 23400,  2.164,  3.631, 31.547,  5.996,  1.292
 23460,  2.199,  4.024, 31.511,  5.869,  1.215
 23520,  2.207,  3.606, 31.716,  5.895,  1.287
 23580,  2.200,  3.672, 31.473,  5.933,  1.075
 23640,  2.261,  3.728, 31.161,  5.725,  1.115
 23700,  2.229,  3.632, 30.843,  5.693,  1.215
 23760,  2.246,  3.903, 32.014,  5.623,  1.315
 23820,  2.276,  3.941, 31.445,  5.854,  1.286
 23880,  2.259,  3.740, 30.942,  5.869,  1.291
 23940,  2.241,  3.758, 31.383,  5.991,  1.305
 24000,  2.239,  3.596, 30.513,  5.721,  1.293
 24060,  2.179,  3.876, 30.938,  5.884,  1.177
 24120,  2.203,  3.854, 32.408,  5.664,  1.221
 24180,  2.163,  3.865, 31.036,  5.472,  1.218
 24240,  2.153,  3.444, 29.813,  5.625,  1.207
 24300,  2.084,  3.445, 29.394,  5.386,  1.200
 24360,  2.075,  3.358, 29.181,  5.220,  1.122
 24420,  2.040,  3.725, 31.429,  5.593,  1.145
 24480,  2.141,  3.473, 31.394,  5.339,  1.153
 24540,  2.153,  3.686, 30.578,  5.552,  1.173
 24600,  2.170,  3.516, 30.013,  5.360,  1.202
 24660,  2.130,  3.478, 29.279,  5.354,  1.240
 24720,  2.194,  3.469, 31.133,  5.322,  1.165
 24780, -9999.000, -9999.000, -9999.000, -9999.000, -9999.000
 24840,  2.157,  3.240, 28.390,  5.275,  1.163
 24900,  2.201,  3.145, 28.763,  5.357,  1.157
 24960,  2.213,  3.499, 29.599,  5.459,  1.177
 25020,  2.230,  3.275, 30.409,  5.368,  1.262
 25080,  2.267,  3.579, 30.857,  5.263,  1.352
 25140,  2.215,  3.173, 29.353,  5.369,  1.264
 25200,  2.149,  3.574, 29.165,  5.459,  1.375
 25260,  2.141,  3.592, 28.293,  5.560,  1.330
 25320,  2.109,  3.405, 29.283,  5.405,  1.334
 25380,  2.149,  3.438, 29.021,  5.215,  1.418
 25440,  2.126,  3.423, 27.906,  5.293,  1.376
 25500,  2.146,  3.574, 27.598,  5.529,  1.349
 25560,  2.093,  3.144, 26.162,  5.439,  1.302
 25620,  2.117,  3.457, 27.091,  5.437,  1.215
 25680,  2.109,  3.610, 25.979,  5.600,  1.320
 25740,  2.109,  3.687, 26.032,  5.955,  1.473
 25800,  2.054,  3.551, 24.849,  5.743,  1.477
 25860,  2.040,  3.534, 25.066,  6.118,  1.482
 25920,  2.023,  3.550, 24.343,  5.923,  1.459
 25980,  2.096,  3.731, 25.623,  6.073,  1.603
 26040,  2.118,  3.723, 25.912,  6.377,  1.727
 26100,  2.121,  3.730, 26.042,  6.257,  1.558
 26160,  2.123,  3.780, 24.516,  6.418,  1.568
 26220,  2.061,  3.818, 25.329,  6.234,  1.389
 26280,  2.120,  3.629, 27.081,  6.261,  1.391
 26340,  2.083,  3.616, 26.437,  6.495,  1.424
 26400,  2.091,  3.727, 26.156,  6.196,  1.432
 26460,  2.023,  3.660, 26.033,  6.428,  1.453
 26520,  2.092,  3.615, 26.397,  6.373,  1.447
 26580,  2.106,  3.762, 26.477,  6.291,  1.519
 26640, -9999.000, -9999.000, -9999.000, -9999.000, -9999.000
 26700,  1.939,  3.297, 23.305,  5.828,  1.276
 26760,  1.943,  3.360, 23.470,  5.878,  1.283
 26820,  2.030,  3.615, 24.875,  5.810,  1.309
 26880,  2.025,  3.467, 25.653,  5.853,  1.347
 26940,  1.976,  3.356, 25.871,  6.089,  1.357
 27000,  1.999,  3.765, 25.761,  6.334,  1.342
 27060,  2.014,  3.533, 25.407,  6.007,  1.443
 27120,  2.052,  3.782, 25.509,  6.343,  1.371
 27180,  2.023,  3.687, 25.679,  6.339,  1.222
 27240,  2.120,  3.751, 26.416,  6.824,  1.103
 27300,  2.115,  3.693, 26.854,  6.305,  1.283
 27360,  1.997,  4.086, 26.397,  6.504,  1.012
 27420,  2.045,  3.650, 26.074,  6.392,  0.968
 27480,  2.041,  4.038, 26.989,  6.334,  0.840
 27540,  1.994,  3.779, 26.324,  6.670,  0.650
 27600,  2.017,  3.850, 26.826,  6.458,  0.629
 27660,  2.114,  3.815, 27.021,  6.226,  0.586
 27720,  2.090,  3.737, 28.485,  5.956,  0.897
 27780,  2.241,  3.582, 30.175,  5.987,  1.144
 27840,  2.187,  3.356, 30.531,  5.911,  1.337
 27900,  2.120,  3.979, 29.502,  6.161,  1.073
 27960,  2.111,  3.720, 28.625,  6.445,  0.956
 28020,  2.116,  3.911, 28.968,  6.238,  0.897
 28080,  2.026,  4.037, 30.570,  6.384,  0.809
 28140,  2.039,  3.957, 29.912,  6.317,  0.883
 28200,  2.090,  3.951, 30.115,  6.330,  0.854
 28260,  2.114,  3.495, 31.190,  6.437,  0.994
 28320,  2.073,  3.490, 31.801,  6.004,  1.019
 28380,  2.104,  3.801, 31.292,  6.254,  1.174
 28440,  2.201,  3.718, 32.491,  6.123,  1.323
 28500,  2.064,  3.511, 28.611,  5.614,  1.120
 28560,  1.993,  3.408, 28.677,  6.165,  1.001
 28620,  2.046,  3.285, 29.687,  6.001,  0.977
 28680,  2.024,  3.268, 31.758,  5.906,  1.167
 28740,  2.005,  3.269, 30.619,  5.701,  1.147
 28800,  2.022,  3.296, 29.866,  5.534,  1.148
 28860,  1.992,  3.311, 30.962,  5.768,  1.021
 28920,  2.026,  3.110, 29.302,  5.886,  1.073
 28980,  2.022,  3.315, 28.929,  5.656,  1.065
 29040,  1.983,  3.293, 30.613,  5.607,  1.171
 29100,  1.973,  3.147, 30.814,  5.607,  1.296
 29160,  1.940,  3.168, 29.326,  5.749,  1.335
 29220,  1.978,  3.204, 29.192,  5.603,  1.325
 29280,  2.012,  3.565, 28.847,  5.941,  1.393
 29340,  1.965,  3.253, 29.224,  5.755,  1.636
 29400,  1.988,  3.231, 29.444,  5.738,  1.569
 29460,  1.955,  3.471, 29.120,  5.605,  1.579
 29520,  1.980,  3.294, 27.191,  5.767,  1.556
 29580,  1.989,  3.989, 27.591,  6.006,  1.491
 29640,  2.082,  3.733, 28.877,  6.058,  1.430
 29700,  2.071,  3.884, 29.567,  6.091,  1.409
 29760,  2.038,  4.136, 29.217,  6.219,  1.263
 29820,  2.091,  4.315, 29.450,  6.706,  1.006
 29880,  2.068,  4.491, 29.933,  6.812,  0.944
 29940,  2.183,  4.470, 30.988,  6.994,  0.932
 30000,  2.047,  4.140, 31.997,  6.512,  1.048
 30060,  2.085,  4.353, 30.454,  6.669,  0.897
 30120,  2.084,  4.673, 30.816,  6.906,  0.923
 30180,  2.162,  4.782, 31.478,  6.776,  0.882
 30240,  2.098,  4.518, 31.261,  6.770,  0.837
 30300, -9999.000, -9999.000, -9999.000, -9999.000, -9999.000
 30360,  2.001,  4.641, 31.161,  6.174,  0.765
 30420,  2.092,  4.917, 32.195,  6.835,  0.856
 30480,  2.077,  4.933, 32.042,  7.170,  0.726
 30540,  2.178,  5.044, 34.570,  7.170,  0.740
 30600,  2.189,  5.289, 36.750,  7.100,  0.799
 30660,  2.158,  4.957, 36.782,  7.195,  0.801
 30720,  2.195,  4.629, 36.519,  7.030,  0.815
 30780,  2.165,  5.007, 36.225,  7.180,  0.807
 30840,  2.250,  4.689, 36.394,  7.588,  0.781
 30900,  2.243,  4.922, 37.705,  7.328,  0.795
 30960,  2.276,  4.372, 38.679,  7.591,  0.855
 31020,  2.247,  4.398, 38.583,  7.569,  0.927
 31080,  2.275,  4.497, 37.989,  7.521,  1.125
 31140,  2.261,  4.026, 36.515,  7.470,  1.005
 31200,  2.191,  3.713, 35.534,  7.019,  1.152
 31260,  2.195,  3.788, 35.072,  6.855,  1.195
 31320,  2.223,  3.765, 35.979,  6.902,  1.205
 31380,  2.204,  3.651, 34.036,  6.806,  1.341
 31440,  2.174,  3.500, 33.489,  6.748,  1.263
 31500,  2.131,  3.831, 32.088,  6.623,  1.113
 31560,  2.136,  3.248, 31.697,  6.651,  1.205
 31620,  2.205,  3.184, 32.297,  6.836,  1.368
 31680,  2.139,  3.525, 32.205,  6.819,  1.425
 31740,  2.144,  3.547, 31.267,  6.589,  1.451
 31800,  2.003,  3.233, 31.092,  6.599,  1.408
 31860,  2.044,  3.658, 31.675,  6.624,  1.167
 31920,  2.137,  3.990, 33.748,  6.930,  1.119
 31980,  2.197,  3.308, 31.620,  6.869,  1.254
 32040,  2.170,  3.415, 30.127,  6.967,  1.438
 32100,  2.088,  3.318, 30.339,  6.357,  1.421
 32160, -9999.000, -9999.000, -9999.000, -9999.000, -9999.000
 32220,  1.813,  2.831, 29.881,  5.369,  1.211
 32280,  1.783,  2.592, 33.241,  5.183,  1.188
 32340,  1.825,  2.849, 32.152,  5.252,  1.056
 32400,  1.743,  2.569, 31.371,  5.273,  1.129
 32460,  1.825,  3.206, 32.140,  5.767,  1.084
 32520,  1.910,  3.944, 31.739,  6.296,  0.895
 32580,  1.985,  4.048, 32.351,  6.697,  0.950
 32640,  2.089,  4.589, 34.140,  7.151,  0.699
 32700,  2.112,  4.414, 33.538,  7.190,  0.820
 32760,  2.044,  3.663, 34.614,  6.775,  0.965
 32820,  1.975,  3.324, 34.360,  6.062,  1.004
 32880,  1.889,  3.127, 32.499,  5.927,  0.969
 32940,  1.882,  2.828, 32.910,  5.635,  1.143
 33000,  1.897,  2.936, 33.119,  5.749,  1.137
 33060,  1.923,  3.674, 32.578,  6.282,  0.947
 33120,  2.013,  4.149, 32.746,  6.824,  0.848
 33180,  2.039,  4.116, 33.361,  6.753,  0.774
 33240,  1.972,  3.492, 34.442,  6.308,  0.976
 33300,  2.054,  3.926, 33.573,  6.788,  0.798
 33360,  2.100,  4.440, 33.000,  7.203,  0.795
 33420,  2.126,  4.732, 34.040,  7.732,  0.749
 33480,  2.140,  4.751, 33.721,  7.892,  0.563
 33540,  2.233,  4.978, 35.811,  8.148,  0.545
 33600,  2.105,  3.981, 36.927,  7.103,  0.770
 33660,  2.135,  4.770, 36.771,  7.510,  0.743
 33720,  2.154,  4.501, 36.007,  7.565,  0.703
 33780,  2.137,  4.521, 36.104,  7.732,  0.727
 33840,  2.248,  4.513, 37.071,  7.712,  0.725
 33900,  2.097,  4.289, 35.828,  7.268,  0.668
 33960,  2.159,  4.405, 36.476,  7.712,  0.659
 34020, -9999.000, -9999.000, -9999.000, -9999.000, -9999.000
 34080,  1.979,  4.524, 31.726,  7.251,  0.532
 34140,  2.162,  4.916, 33.475,  7.465,  0.508
 34200,  2.124,  4.734, 36.604,  7.558,  0.540
 34260,  2.105,  4.410, 35.481,  7.397,  0.646
 34320,  2.175,  4.697, 36.784,  7.711,  0.615
 34380,  2.158,  4.925, 37.835,  8.152,  0.648
 34440,  2.144,  4.338, 35.803,  7.539,  0.583
 34500,  2.262,  4.751, 36.552,  7.740,  0.633
 34560,  2.145,  4.171, 38.225,  7.148,  0.729
 34620,  2.038,  3.478, 37.581,  6.554,  1.028
 34680,  1.981,  3.351, 36.860,  6.190,  0.935
 34740,  2.043,  3.525, 36.099,  6.245,  0.936
 34800,  1.991,  3.980, 35.833,  6.444,  0.827
 34860,  2.086,  4.419, 35.730,  7.174,  0.771
 34920,  2.082,  3.777, 37.992,  6.864,  0.917
 34980,  2.095,  4.011, 37.454,  6.971,  0.838
 35040,  2.063,  3.936, 35.647,  6.536,  0.887
 35100,  2.072,  4.549, 36.722,  7.292,  0.822
 35160,  2.115,  4.434, 36.790,  7.336,  0.705
 35220,  2.014,  4.355, 35.673,  7.209,  0.805
 35280,  2.005,  4.548, 35.047,  6.781,  0.763
 35340,  2.111,  4.714, 36.306,  7.266,  0.625
 35400,  2.054,  4.769, 36.712,  7.371,  0.574
 35460,  2.127,  4.782, 37.599,  7.569,  0.617
 35520,  2.052,  4.755, 38.035,  7.507,  0.648
 35580,  2.074,  4.527, 38.025,  7.285,  0.615
 35640,  2.094,  4.817, 38.195,  7.577,  0.655
 35700,  2.124,  4.666, 38.927,  7.287,  0.651
 35760,  2.064,  4.714, 36.912,  7.269,  0.590
 35820,  2.116,  4.561, 37.119,  7.196,  0.671
 35880,  1.897,  4.579, 37.113,  6.499,  0.623
 35940,  1.987,  4.628, 35.418,  6.866,  0.552
 36000,  2.081,  4.674, 36.555,  7.007,  0.489
 36060,  2.054,  4.798, 37.400,  7.141,  0.493
 36120,  2.055,  4.381, 37.358,  7.349,  0.554
 36180,  2.102,  4.279, 37.267,  7.101,  0.461
 36240,  2.042,  4.681, 38.773,  6.981,  0.399
 36300,  2.038,  4.421, 39.063,  7.345,  0.400
 36360,  2.103,  4.761, 37.630,  7.170,  0.545
 36420,  2.075,  4.503, 36.834,  7.184,  0.287
 36480,  2.080,  4.886, 38.326,  6.723,  0.417
 36540,  2.093,  4.061, 39.206,  6.847,  0.620
 36600,  2.123,  4.111, 37.647,  6.756,  0.786
 36660,  2.096,  3.701, 37.885,  6.475,  0.771
 36720,  2.038,  3.501, 35.734,  6.210,  0.934
 36780,  2.041,  3.676, 36.290,  6.434,  0.727
 36840,  2.054,  3.718, 39.341,  6.204,  0.842
 36900,  2.027,  2.756, 39.414,  5.628,  0.889
 36960,  2.040,  3.096, 38.158,  5.167,  0.942
 37020,  1.995,  2.600, 37.866,  5.362,  0.980
 37080,  1.979,  2.695, 36.354,  5.203,  0.913
 37140,  1.910,  2.579, 36.163,  5.238,  0.981
 37200,  2.031,  2.984, 37.148,  5.315,  1.111
 37260,  2.019,  2.852, 36.119,  5.451,  1.171
 37320,  1.995,  2.750, 33.621,  5.432,  1.149
 37380,  1.994,  2.663, 33.187,  5.358,  1.025
 37440,  1.993,  2.940, 34.718,  5.183,  1.082
 37500,  1.976,  2.434, 33.412,  5.308,  1.090
 37560,  1.958,  2.458, 33.587,  5.211,  1.000
 37620,  1.966,  2.759, 32.645,  5.053,  1.026
 37680,  1.988,  2.318, 32.383,  5.139,  1.003
 37740,  1.940,  2.742, 28.233,  5.260,  0.793
 37800,  1.929,  2.649, 30.053,  5.017,  0.932
 37860,  1.966,  2.420, 29.437,  4.987,  1.030
 37920,  1.962,  2.495, 29.255,  5.029,  0.915
 37980,  1.954,  2.885, 29.042,  5.150,  0.949
 38040,  2.012,  2.921, 29.398,  5.538,  1.031
 38100,  1.999,  2.875, 28.848,  5.378,  1.054
 38160,  2.015,  2.981, 28.016,  5.450,  0.988
 38220,  1.973,  2.740, 28.034,  5.458,  1.095
 38280,  2.002,  2.789, 27.500,  5.337,  1.117
 38340,  1.946,  2.869, 27.494,  5.521,  1.109
 38400,  1.985,  2.853, 28.031,  5.490,  1.067
 38460,  1.967,  2.938, 27.177,  5.444,  0.999
 38520,  2.005,  2.639, 26.839,  5.412,  1.009
 38580,  2.011,  3.037, 25.833,  5.440,  1.040
 38640,  1.971,  2.657, 27.395,  5.316,  1.017
 38700,  1.895,  3.090, 26.351,  5.198,  0.963
 38760,  1.933,  2.844, 25.341,  5.206,  0.937
 38820,  1.926,  2.693, 25.351,  5.148,  1.011
 38880,  1.967,  2.671, 27.408,  5.428,  1.043
 38940,  1.987,  2.958, 27.398,  5.359,  1.029
 39000,  1.866,  2.690, 27.069,  5.361,  1.094
 39060,  1.939,  2.810, 27.058,  5.357,  1.058
 39120,  2.023,  2.929, 27.751,  5.414,  1.128
 39180,  1.993,  2.551, 27.544,  5.253,  1.086
 39240,  1.947,  2.892, 27.487,  5.435,  1.115
 39300,  1.972,  2.935, 28.374,  5.347,  1.137
 39360,  1.959,  2.866, 27.431,  5.052,  1.084
 39420,  1.920,  2.676, 27.907,  5.255,  1.116
