CampaignData_and_Merges/R0/CSL_MobileLab_Parked/raw/20240731/USOS-NOy-LIF_MobileLabGround_20240731_R0.ict
39,1001
Rollins, A.; Waxman, E.; Zuraski, K.; Chace, W.
NOAA Chemical Sciences Laboratory
LIF NO/NOx/NOy on CSL Mobile Lab
AMMBEC / USOS
1, 1
2024,07,31, 2025,01,04
1
Time_Start, seconds, number_of_seconds_since_0000_UTC
7
1, 1, 1, 1, 1, 1, 1
-9999, -9999, -9999, -9999, -9999, -9999, -9999
Time_Stop, seconds, number_of_seconds_since_0000_UTC
NO_LIF, pptv, Gas_NO_InSitu_S_AVMR, volume mixing ratio of nitric oxide in air
NO2_LIF, pptv, Gas_NO2_InSitu_S_AVMR, volume mixing ratio of nitrogen dioxide in air
NOy_LIF, pptv, Gas_NOy_InSitu_S_AVMR, volume mixing ratio of total oxidized nitrogen in air
NO_LIF_1SigmaAccuracy, pptv, Gas_NO_InSitu_S_AVMR, volume mixing ratio of nitric oxide in air
NO2_LIF_1SigmaAccuracy, pptv, Gas_NO2_InSitu_S_AVMR, volume mixing ratio of nitrogen dioxide in air
NOy_LIF_1SigmaAccuracy, pptv, Gas_NOy_InSitu_S_AVMR, volume mixing ratio of total oxidized nitrogen in air
0
18
PI_CONTACT_INFO: andrew.rollins@noaa.gov
PLATFORM: CSL Mobile Lab
LOCATION: Salt Lake City, UT
ASSOCIATED_DATA:
INSTRUMENT_INFO: NO detection by laser induced fluorescence. NO2 detection by photolytic conversion to NO. NOy detection by catalytic conversion to NO on gold surface
DATA_INFO:
UNCERTAINTY: Included 1 Sigma Accuracy waves represent the combined calibration uncertainties (±6%, ±9%, ±10%) and zero uncertainties (3 ppt, 20 ppt, 100 ppt) for NO, NO2, and NOy, respectively.
ULOD_FLAG: -7777
ULOD_VALUE: N/A
LLOD_FLAG: -8888
LLOD_VALUE: N/A
DM_CONTACT_INFO: andrew.rollins@noaa.gov
PROJECT_INFO: USOS Project, July - August 2024
STIPULATIONS_ON_USE: Users are strongly encouraged to contact the PI for proper data usage.
OTHER_COMMENTS:
REVISION: R0
R0: final data
Time_Start, Time_Stop, NO_LIF, NO2_LIF, NOy_LIF, NO_LIF_1SigmaAccuracy, NO2_LIF_1SigmaAccuracy, NOy_LIF_1SigmaAccuracy
       0,      60,-9999,-9999,-9999,-9999, -9999, -9999
      60,     120,-9999,-9999,-9999,-9999, -9999, -9999
     120,     180,-9999,-9999,-9999,-9999, -9999, -9999
     180,     240,-9999,-9999,-9999,-9999, -9999, -9999
     240,     300,-9999,-9999,-9999,-9999, -9999, -9999
     300,     360,-9999,-9999,-9999,-9999, -9999, -9999
     360,     420,-9999,-9999,-9999,-9999, -9999, -9999
     420,     480,-9999,-9999,-9999,-9999, -9999, -9999
     480,     540,-9999,-9999,-9999,-9999, -9999, -9999
     540,     600,-9999,-9999,-9999,-9999, -9999, -9999
     600,     660,-9999,-9999,-9999,-9999, -9999, -9999
     660,     720,-9999,-9999,-9999,-9999, -9999, -9999
     720,     780,-9999,-9999,-9999,-9999, -9999, -9999
     780,     840,-9999,-9999,-9999,-9999, -9999, -9999
     840,     900,-9999,-9999,-9999,-9999, -9999, -9999
     900,     960,-9999,-9999,-9999,-9999, -9999, -9999
     960,    1020,-9999,-9999,-9999,-9999, -9999, -9999
    1020,    1080,-9999,-9999,-9999,-9999, -9999, -9999
    1080,    1140,-9999,-9999,-9999,-9999, -9999, -9999
    1140,    1200,-9999,-9999,-9999,-9999, -9999, -9999
    1200,    1260,-9999,-9999,-9999,-9999, -9999, -9999
    1260,    1320,-9999,-9999,-9999,-9999, -9999, -9999
    1320,    1380,-9999,-9999,-9999,-9999, -9999, -9999
    1380,    1440,-9999,-9999,-9999,-9999, -9999, -9999
    1440,    1500,-9999,-9999,-9999,-9999, -9999, -9999
    1500,    1560,-9999,-9999,-9999,-9999, -9999, -9999
    1560,    1620,-9999,-9999,-9999,-9999, -9999, -9999
    1620,    1680,-9999,-9999,-9999,-9999, -9999, -9999
    1680,    1740,-9999,-9999,-9999,-9999, -9999, -9999
    1740,    1800,-9999,-9999,-9999,-9999, -9999, -9999
    1800,    1860,-9999,-9999,-9999,-9999, -9999, -9999
    1860,    1920,-9999,-9999,-9999,-9999, -9999, -9999
    1920,    1980,-9999,-9999,-9999,-9999, -9999, -9999
    1980,    2040,-9999,-9999,-9999,-9999, -9999, -9999
    2040,    2100,-9999,-9999,-9999,-9999, -9999, -9999
    2100,    2160,-9999,-9999,-9999,-9999, -9999, -9999
    2160,    2220,-9999,-9999,-9999,-9999, -9999, -9999
    2220,    2280,-9999,-9999,-9999,-9999, -9999, -9999
    2280,    2340,-9999,-9999,-9999,-9999, -9999, -9999
    2340,    2400,151.59,1828.2,3032.7,12.095, 184.54, 403.27
    2400,    2460,158,1834,2976.6,12.48, 185.06, 397.66
    2460,    2520,-9999,-9999,-9999,-9999, -9999, -9999
    2520,    2580,-9999,-9999,-9999,-9999, -9999, -9999
    2580,    2640,-9999,-9999,-9999,-9999, -9999, -9999
    2640,    2700,-9999,-9999,-9999,-9999, -9999, -9999
    2700,    2760,-9999,-9999,-9999,-9999, -9999, -9999
    2760,    2820,-9999,-9999,-9999,-9999, -9999, -9999
    2820,    2880,-9999,-9999,-9999,-9999, -9999, -9999
    2880,    2940,167.6,1934.8,3305.8,13.056, 194.13, 430.58
    2940,    3000,162.66,2052.7,3357.4,12.76, 204.74, 435.74
    3000,    3060,237.24,2769.4,4378.8,17.235, 269.24, 537.88
    3060,    3120,176.33,2230.4,3764,13.58, 220.74, 476.4
    3120,    3180,162.94,1873.9,3164.2,12.777, 188.65, 416.42
    3180,    3240,188.63,2278.7,3630.7,14.318, 225.09, 463.07
    3240,    3300,179.03,2459.1,4016.5,13.742, 241.32, 501.65
    3300,    3360,160.85,2224.2,3716.2,12.651, 220.18, 471.62
    3360,    3420,183.56,2587,3888.1,14.014, 252.83, 488.81
    3420,    3480,195.32,2839.4,4445,14.719, 275.54, 544.5
    3480,    3540,179.14,2696.9,4375.9,13.749, 262.72, 537.59
    3540,    3600,176.01,2551,3914.4,13.56, 249.59, 491.44
    3600,    3660,181.93,2452.1,3909.6,13.916, 240.69, 490.96
    3660,    3720,146.16,2229.1,3733.4,11.77, 220.61, 473.34
    3720,    3780,139.82,2261.2,3595.5,11.389, 223.5, 459.55
    3780,    3840,224.09,2533.3,3883,16.445, 248, 488.3
    3840,    3900,177.28,2570.7,3850.5,13.637, 251.36, 485.05
    3900,    3960,187.47,2859.5,4271.1,14.248, 277.35, 527.11
    3960,    4020,163.54,2679.8,4150.5,12.812, 261.18, 515.05
    4020,    4080,154.38,2636.2,4094.9,12.263, 257.26, 509.49
    4080,    4140,162.24,2692.5,4020.5,12.735, 262.33, 502.05
    4140,    4200,144.6,2576.6,3877.6,11.676, 251.89, 487.76
    4200,    4260,119.45,2010.8,3429.8,10.167, 200.97, 442.98
    4260,    4320,298.07,2808.4,4018.8,20.884, 272.76, 501.88
    4320,    4380,143.04,2312.6,3857.7,11.583, 228.13, 485.77
    4380,    4440,112.99,2110.3,3341.6,9.7796, 209.93, 434.16
    4440,    4500,114.79,2012.6,3311.5,9.8875, 201.14, 431.15
    4500,    4560,120.34,2153.2,3455.6,10.221, 213.79, 445.56
    4560,    4620,115.13,2131.6,3541.5,9.908, 211.84, 454.15
    4620,    4680,94.061,1748.1,3228.8,8.6437, 177.33, 422.88
    4680,    4740,120.46,1927,3147.6,10.228, 193.43, 414.76
    4740,    4800,127.25,2330.7,3487.1,10.635, 229.77, 448.71
    4800,    4860,146.08,2568,3656.2,11.765, 251.12, 465.62
    4860,    4920,157.75,2764.9,3840.4,12.465, 268.84, 484.04
    4920,    4980,129.44,2414.8,3927,10.767, 237.33, 492.7
    4980,    5040,108.18,1976.6,3029.4,9.4908, 197.89, 402.94
    5040,    5100,131.46,2166.7,3452.1,10.888, 215, 445.21
    5100,    5160,138.2,2689.3,3877.3,11.292, 262.04, 487.73
    5160,    5220,134.48,2462.4,3714.5,11.069, 241.62, 471.45
    5220,    5280,134.38,2468.4,3870.6,11.063, 242.15, 487.06
    5280,    5340,106.75,2352,3693.1,9.4049, 231.68, 469.31
    5340,    5400,102.37,2464.3,3803.5,9.1419, 241.79, 480.35
    5400,    5460,98.814,2368.3,4001.8,8.9288, 233.15, 500.18
    5460,    5520,92.421,2245.4,3676,8.5453, 222.09, 467.6
    5520,    5580,78.69,1935.7,3263.1,7.7214, 194.21, 426.31
    5580,    5640,69.866,1729,2883.3,7.192, 175.61, 388.33
    5640,    5700,65.486,1676.6,2808.9,6.9291, 170.9, 380.89
    5700,    5760,67.174,1726.6,2883.6,7.0304, 175.39, 388.36
    5760,    5820,74.354,1809.4,2868.7,7.4612, 182.85, 386.87
    5820,    5880,75.046,2017.5,3214.5,7.5028, 201.57, 421.45
    5880,    5940,64.076,1743.4,3146.4,6.8445, 176.91, 414.64
    5940,    6000,69.154,1873.9,3078.6,7.1492, 188.65, 407.86
    6000,    6060,80.228,2058.3,3186.7,7.8137, 205.25, 418.67
    6060,    6120,116.15,2309.3,3382.6,9.9688, 227.84, 438.26
    6120,    6180,119.07,2440.9,4082.6,10.144, 239.68, 508.26
    6180,    6240,83.432,2298.9,3696.6,8.0059, 226.9, 469.66
    6240,    6300,97.97,2369.5,3737.2,8.8782, 233.26, 473.72
    6300,    6360,227.76,3295.2,4702.3,16.665, 316.57, 570.23
    6360,    6420,93.696,2356.6,3852.6,8.6217, 232.09, 485.26
    6420,    6480,87.74,2842.4,3826.7,8.2644, 275.81, 482.67
    6480,    6540,104.25,2797.1,4227.1,9.2552, 271.74, 522.71
    6540,    6600,86.696,2659.5,4821.2,8.2018, 259.36, 582.12
    6600,    6660,263.57,2702.1,4014,18.814, 263.19, 501.4
    6660,    6720,64.335,2126,3506.4,6.8601, 211.34, 450.64
    6720,    6780,59.747,1991.2,3367.4,6.5848, 199.21, 436.74
    6780,    6840,63.705,2139.2,3346.8,6.8223, 212.52, 434.68
    6840,    6900,65.34,2211.4,3270.2,6.9204, 219.02, 427.02
    6900,    6960,63.106,2113.3,3342.9,6.7864, 210.19, 434.29
    6960,    7020,62.574,2287.3,3368.8,6.7544, 225.86, 436.88
    7020,    7080,76.35,2820,4156.6,7.581, 273.8, 515.66
    7080,    7140,70.52,2476.9,4370,7.2312, 242.92, 537
    7140,    7200,64.316,2667.2,4038,6.859, 260.05, 503.8
    7200,    7260,63.142,2530.1,3907.4,6.7885, 247.71, 490.74
    7260,    7320,64.047,2680.8,3843.3,6.8428, 261.27, 484.33
    7320,    7380,56.085,2493.1,3560.3,6.3651, 244.38, 456.03
    7380,    7440,58.569,2654.4,3771.5,6.5142, 258.9, 477.15
    7440,    7500,73.086,2944.9,4113.5,7.3852, 285.04, 511.35
    7500,    7560,71.024,3166.8,4481.8,7.2614, 305.01, 548.18
    7560,    7620,65.605,3096.1,4333.5,6.9363, 298.65, 533.35
    7620,    7680,67.263,3364.9,4451.5,7.0358, 322.84, 545.15
    7680,    7740,74.996,3837.2,4802,7.4998, 365.35, 580.2
    7740,    7800,67.533,3722.8,5398.9,7.052, 355.05, 639.89
    7800,    7860,67.679,3892.6,5278.8,7.0607, 370.33, 627.88
    7860,    7920,69.605,4183.1,5731.9,7.1763, 396.48, 673.19
    7920,    7980,68.048,4231.5,5683.3,7.0829, 400.83, 668.33
    7980,    8040,251.99,5549.9,6064.1,18.119, 519.49, 706.41
    8040,    8100,115.34,5177,6639.7,9.9205, 485.93, 763.97
    8100,    8160,150.6,5764.8,6491.3,12.036, 538.83, 749.13
    8160,    8220,132.34,6689.1,7720.4,10.941, 622.02, 872.04
    8220,    8280,112.82,8166.2,8062.4,9.769, 754.96, 906.24
    8280,    8340,107.16,8093.7,8654.4,9.4296, 748.43, 965.44
    8340,    8400,93.512,7548.1,8955.9,8.6107, 699.33, 995.59
    8400,    8460,88.863,8019,9856.1,8.3318, 741.71, 1085.6
    8460,    8520,88.152,8056,9988.3,8.2891, 745.04, 1098.8
    8520,    8580,80.813,7577.1,9628.2,7.8488, 701.94, 1062.8
    8580,    8640,80.654,7817,9556.4,7.8392, 723.53, 1055.6
    8640,    8700,106.46,7715.7,9621.4,9.3873, 714.41, 1062.1
    8700,    8760,115.73,6444,9679.1,9.9436, 599.96, 1067.9
    8760,    8820,67.008,4833.4,7782.7,7.0205, 455.01, 878.27
    8820,    8880,50.007,4263.8,6670,6.0004, 403.75, 767
    8880,    8940,42.702,3854.2,5470,5.5621, 366.88, 647
    8940,    9000,115.05,4699.2,5752,9.9028, 442.93, 675.2
    9000,    9060,608.84,7844.7,7642.8,39.53, 726.02, 864.28
    9060,    9120,368.3,8781.7,9907.7,25.098, 810.36, 1090.8
    9120,    9180,182.74,9272,11317,13.964, 854.48, 1231.7
    9180,    9240,121.76,5765.4,9293.2,10.306, 538.89, 1029.3
    9240,    9300,84.361,5084.7,7181.5,8.0616, 477.62, 818.15
    9300,    9360,89.8,4630.9,6723.3,8.388, 436.78, 772.33
    9360,    9420,52.804,3894.7,5691.3,6.1682, 370.53, 669.13
    9420,    9480,31.1,3790,5062.8,4.866, 361.1, 606.28
    9480,    9540,31.891,3672.1,5068.1,4.9134, 350.49, 606.81
    9540,    9600,36.168,3896.3,5063.9,5.1701, 370.67, 606.39
    9600,    9660,33.487,4484.6,5487.3,5.0092, 423.61, 648.73
    9660,    9720,56.651,5123.4,6191.7,6.3991, 481.1, 719.17
    9720,    9780,47.373,5516.2,6391.6,5.8424, 516.46, 739.16
    9780,    9840,34.928,5002.8,6569,5.0957, 470.25, 756.9
    9840,    9900,26.481,5012.5,6488.8,4.5889, 471.12, 748.88
    9900,    9960,23.712,4545.6,6125.3,4.4227, 429.1, 712.53
    9960,   10020,21.861,3695.3,5318.6,4.3116, 352.57, 631.86
   10020,   10080,64.379,4091.3,5325.3,6.8627, 388.21, 632.53
   10080,   10140,48.875,3771.5,5141.9,5.9325, 359.44, 614.19
   10140,   10200,56.887,4116.3,5266.5,6.4132, 390.46, 626.65
   10200,   10260,67.278,3974.6,5147.2,7.0367, 377.72, 614.72
   10260,   10320,76.066,4326.9,5508,7.5639, 409.42, 650.8
   10320,   10380,25.089,3349.8,4883.3,4.5054, 321.48, 588.33
   10380,   10440,111.41,3965.1,4721.6,9.6844, 376.86, 572.16
   10440,   10500,-9999,-9999,-9999,-9999, -9999, -9999
   10500,   10560,-9999,-9999,-9999,-9999, -9999, -9999
   10560,   10620,-9999,-9999,-9999,-9999, -9999, -9999
   10620,   10680,-9999,-9999,-9999,-9999, -9999, -9999
   10680,   10740,-9999,-9999,-9999,-9999, -9999, -9999
   10740,   10800,-9999,-9999,-9999,-9999, -9999, -9999
   10800,   10860,-9999,-9999,-9999,-9999, -9999, -9999
   10860,   10920,18.953,2955.5,3745,4.1372, 285.99, 474.5
   10920,   10980,21.079,2920.7,4027.1,4.2647, 282.87, 502.71
   10980,   11040,18.998,2796,3777.4,4.1399, 271.64, 477.74
   11040,   11100,34.511,2662,3579.8,5.0706, 259.58, 457.98
   11100,   11160,22.46,2516.4,3739.2,4.3476, 246.48, 473.92
   11160,   11220,23.609,2657.3,3648.3,4.4166, 259.16, 464.83
   11220,   11280,26.16,2483.4,3525.3,4.5696, 243.51, 452.53
   11280,   11340,82.458,3394.7,4175.5,7.9475, 325.53, 517.55
   11340,   11400,53.544,2755,4067.2,6.2126, 267.95, 506.72
   11400,   11460,39.448,2951,3994.8,5.3669, 285.59, 499.48
   11460,   11520,40.542,3442.6,4291.5,5.4325, 329.83, 529.15
   11520,   11580,81.244,4113.7,4625,7.8747, 390.24, 562.5
   11580,   11640,157.55,4688.6,5049.2,12.453, 441.97, 604.92
   11640,   11700,31.557,3549.4,4498.7,4.8934, 339.45, 549.87
   11700,   11760,19.832,3154,4455.5,4.1899, 303.86, 545.55
   11760,   11820,38.845,2609.6,3854.1,5.3307, 254.86, 485.41
   11820,   11880,20.942,2201.3,3066,4.2565, 218.12, 406.6
   11880,   11940,50.261,2374.7,3322.1,6.0157, 233.73, 432.21
   11940,   12000,22.673,2372.6,3253.7,4.3604, 233.53, 425.37
   12000,   12060,30.492,2380.5,3160,4.8295, 234.25, 416
   12060,   12120,44.55,2589.5,3385.4,5.673, 253.05, 438.54
   12120,   12180,38.084,2357.4,3179.4,5.285, 232.17, 417.94
   12180,   12240,44.522,2697.2,3564.1,5.6713, 262.75, 456.41
   12240,   12300,44.824,2674.5,3705.3,5.6895, 260.7, 470.53
   12300,   12360,91.343,3011.4,3916,8.4806, 291.03, 491.6
   12360,   12420,144.55,4066.5,5154.9,11.673, 385.98, 615.49
   12420,   12480,144.78,4488.8,5896,11.687, 423.99, 689.6
   12480,   12540,114.11,4610.2,5740.8,9.8467, 434.92, 674.08
   12540,   12600,97.131,3189,4556.5,8.8279, 307.01, 555.65
   12600,   12660,89.417,3059.7,4237,8.365, 295.37, 523.7
   12660,   12720,200.95,4046.5,5059.7,15.057, 384.19, 605.97
   12720,   12780,72.725,4357.6,5822.4,7.3635, 412.18, 682.24
   12780,   12840,40.072,3411,5333.9,5.4043, 326.99, 633.39
   12840,   12900,50.389,3576.4,4683.3,6.0234, 341.88, 568.33
   12900,   12960,119.84,3754.3,4872,10.19, 357.89, 587.2
   12960,   13020,78.057,3944.1,5209,7.6834, 374.97, 620.9
   13020,   13080,49.32,3274,4422,5.9592, 314.66, 542.2
   13080,   13140,21.421,3427.5,4364.5,4.2852, 328.48, 536.45
   13140,   13200,20.885,3092.2,4222.4,4.2531, 298.3, 522.24
   13200,   13260,15.53,3216,4118.3,3.9318, 309.44, 511.83
   13260,   13320,18.603,3512.5,4307.2,4.1162, 336.13, 530.72
   13320,   13380,18.117,3164,4441.2,4.087, 304.76, 544.12
   13380,   13440,13.511,2941.5,3965.5,3.8107, 284.74, 496.55
   13440,   13500,14.847,2348.2,3567.7,3.8908, 231.34, 456.77
   13500,   13560,26.519,2484.9,3443.8,4.5912, 243.64, 444.38
   13560,   13620,62.091,2887.2,3685.9,6.7255, 279.84, 468.59
   13620,   13680,20.182,3100.5,3811.8,4.2109, 299.04, 481.18
   13680,   13740,33.073,3104.7,4421.1,4.9844, 299.42, 542.11
   13740,   13800,11.3,2726.6,3734.8,3.678, 265.39, 473.48
   13800,   13860,13.741,2465.2,3697,3.8244, 241.87, 469.7
   13860,   13920,55.905,2930.8,3847.9,6.3543, 283.77, 484.79
   13920,   13980,33.456,3069.4,4058.4,5.0074, 296.25, 505.84
   13980,   14040,26.335,2845.6,3983,4.5801, 276.1, 498.3
   14040,   14100,27.552,2905.5,3894.2,4.6531, 281.49, 489.42
   14100,   14160,16.605,2911.5,4010.3,3.9963, 282.04, 501.03
   14160,   14220,11.788,2518.2,3594.5,3.7073, 246.64, 459.45
   14220,   14280,54.471,2778.3,3590.9,6.2683, 270.04, 459.09
   14280,   14340,105.84,2849.3,4843.9,9.3506, 276.44, 584.39
   14340,   14400,32.908,2665.9,3884.2,4.9745, 259.93, 488.42
   14400,   14460,29.837,3389.4,3894,4.7902, 325.04, 489.4
   14460,   14520,32.781,2858,4077.4,4.9669, 277.22, 507.74
   14520,   14580,16.914,2533.6,3568.2,4.0148, 248.02, 456.82
   14580,   14640,18.525,2649.1,3632.3,4.1115, 258.42, 463.23
   14640,   14700,21.305,2207.3,3190.9,4.2783, 218.65, 419.09
   14700,   14760,23.609,2941.5,3399.6,4.4165, 284.73, 439.96
   14760,   14820,54.929,3304.7,3724.2,6.2957, 317.43, 472.42
   14820,   14880,47.64,3395.6,4104.1,5.8584, 325.6, 510.41
   14880,   14940,54.479,2997.1,4187.8,6.2687, 289.74, 518.78
   14940,   15000,46.111,2311.6,3434.8,5.7667, 228.05, 443.48
   15000,   15060,74.655,2810.6,3540.9,7.4793, 272.95, 454.09
   15060,   15120,43.639,2602.1,3963.2,5.6184, 254.19, 496.32
   15120,   15180,185.77,3553,4340.9,14.146, 339.77, 534.09
   15180,   15240,503.05,5902.5,6752.9,33.183, 551.23, 775.29
   15240,   15300,342.23,8953.1,8810.8,23.534, 825.78, 981.08
   15300,   15360,59.23,6206.7,7068.6,6.5538, 578.6, 806.86
   15360,   15420,19.659,2610.3,3951.3,4.1796, 254.93, 495.13
   15420,   15480,13.934,2293.7,3278.3,3.836, 226.43, 427.83
   15480,   15540,13.215,2529.4,3572,3.7929, 247.65, 457.2
   15540,   15600,19.954,2375.7,3277.7,4.1972, 233.81, 427.77
   15600,   15660,22.122,2362.1,3729.4,4.3273, 232.59, 472.94
   15660,   15720,8.1938,1586.2,2521.7,3.4916, 162.76, 352.17
   15720,   15780,39.987,2334.6,3353.9,5.3992, 230.11, 435.39
   15780,   15840,13.396,2078.3,4500.9,3.8038, 207.05, 550.09
   15840,   15900,7.3474,1885.4,2975.9,3.4408, 189.69, 397.59
   15900,   15960,7.47,2123.3,3054.5,3.4482, 211.1, 405.45
