CampaignData_and_Merges/R0/CSL_MobileLab_Parked/raw/20240731/USOS-Picarro-CO2-CH4-CO-H2O_MobileLabGround_20240731_R0.ict
38, 1001
Ilana Pollack, Nell Schafer, and Jeff Peischl
NOAA Chemical Sciences Laboratory
Picarro 2401-m CO2/CH4/CO/H2O Analyzer
USOS
1, 1
2024, 07, 31, 2024, 11, 20
0
StartTime_UTC, seconds_past_midnight, seconds past midnight
5
1, 1, 1, 1, 1
-9999, -9999, -9999, -9999, -9999
StopTime_UTC, seconds_past_midnight, seconds past midnight
CO2_ppm_1min, ppm, Gas_CO2_InSitu_S_DMF, carbon dioxide mixing ratio
CH4_ppb_1min, ppb, Gas_CH4_InSitu_S_DMF, methane mixing ratio
CO_ppb_1min, ppb, Gas_CO_InSitu_S_DMF, carbon monoxide mixing ratio
H2O_ppmv_1min, ppmv, Met_H2OMRV_InSitu_S_AVMR, water vapor mixing ratio
1
SPECIAL COMMENTS: N/A
18
PI_CONTACT_INFO: Address: NOAA Chemical Sciences Laboratory, Mail Stop CSL7, 325 Broadway, Boulder, CO 80305; Email: Ilana.Pollack@noaa.gov
PLATFORM: NOAA CSL Mobile Laboratory
LOCATION: The mobile lab was stationed in Salt Lake City, Utah.
ASSOCIATED_DATA: N/A
INSTRUMENT_INFO: CO2, CH4, and CO are reported as dry air mole fractions using a commercial wavelength-scanned cavity ring-down analyzer (Picarro 2401-m). An in-field calibration gas standard of 432±0.07 ppm CO2, 2095±1 ppb CH4, and 183±1 ppb CO, calibrated in the Boulder laboratories before and after the field project using primary CO2, CH4, and CO standard tanks tied to the WMO standard (X2019, X2004A, and X2014A, respectively) from the Global Monitoring Laboratory (GML), was delivered to the inlet every 2-3 days to evaluate instrument sensitivity. A H2O measurement was calibrated before the project with a Dew Point Mirror 373 hygrometer. The water correction calculated from these calibrations was applied to the H2O measurement for the entire campaign. Species are measured at 0.5 Hz and reported as 1-minute averages for stationary measurements.
DATA_INFO: Units: CO2, ppm, dry air mole fraction; CH4, ppb, dry air mole fraction; CO, ppb, dry air mole fraction; H2O, ppmv
UNCERTAINTY: Total uncertainties are estimated as ±0.1 ppm for CO2, ±1 ppb for CH4, ±5 ppb for CO, and ±(50 ppm + 4%) for H2O.
ULOD_FLAG: -7777
ULOD_VALUE: N/A
LLOD_FLAG: -8888
LLOD_VALUE: N/A
DM_CONTACT_INFO: Data Manager: Nathan Howard; nathan.h.howard@noaa.gov
PROJECT_INFO: USOS Dates of Study: July – August 2024
STIPULATIONS_ON_USE: Use of these data require prior ok from PI.
OTHER_COMMENTS: Data are averaged to 1 minute intervals. Stationary data collected from a 10 ft tower on top of the mobile van.
REVISION: R0
R0: Final Data
StartTime_UTC, StopTime_UTC, CO2_ppm_1min, CH4_ppb_1min, CO_ppb_1min, H2O_ppmv_1min
[from data line 395]
23700,23760,452.30,2196.5,352.4,14466.9443
23760,23820,454.63,2199.6,352.6,14476.6016
23820,23880,453.29,2196.8,348.0,14416.9561
23880,23940,454.17,2198.7,344.3,14417.2461
23940,24000,452.92,2200.1,350.7,14399.7861
24000,24060,453.54,2205.2,354.8,14409.6709
24060,24120,450.82,2201.0,353.5,14388.8711
24120,24180,457.55,2201.1,358.0,14439.3916
24180,24240,450.12,2195.3,344.6,14486.0352
24240,24300,458.57,2195.6,352.4,14485.2197
24300,24360,457.36,2191.9,344.5,14491.1152
24360,24420,454.68,2191.4,344.7,14409.5771
24420,24480,444.95,2185.6,342.8,14338.6133
24480,24540,450.74,2193.7,349.0,14407.4854
24540,24600,459.76,2198.7,353.3,14464.5225
24600,24660,451.52,2199.9,350.0,14413.4961
24660,24720,451.95,2198.9,348.7,14434.6992
24720,24780,455.75,2203.2,357.6,14464.8594
24780,24840,454.78,2202.8,352.5,14458.0703
24840,24900,453.80,2203.4,347.6,14437.7363
24900,24960,451.45,2199.5,348.3,14346.8828
24960,25020,452.58,2197.8,347.7,14368.6963
25020,25080,456.54,2198.7,348.1,14462.0947
25080,25140,460.26,2199.4,351.6,14380.1758
25140,25200,460.00,2196.1,346.5,14150.3887
25200,25260,459.82,2192.6,341.2,14155.0195
25260,25320,452.00,2189.7,341.2,14229.0889
25320,25380,456.87,2192.6,342.3,14193.7920
25380,25440,460.95,2193.3,343.5,14146.7842
25440,25500,460.78,2191.1,345.2,14043.5430
25500,25560,460.84,2191.0,343.8,14024.6738
25560,25620,460.32,2190.6,342.7,14018.3135
25620,25680,463.47,2189.9,341.5,13969.0361
25680,25740,461.97,2181.5,336.4,13683.5410
25740,25800,462.01,2179.5,335.7,13567.4238
25800,25860,461.73,2177.5,334.2,13482.4580
25860,25920,462.47,2177.4,333.3,13482.5215
25920,25980,463.23,2177.9,334.0,13448.5771
25980,26040,462.45,2176.6,334.6,13413.0537
26040,26100,463.20,2174.7,333.1,13440.9072
26100,26160,461.04,2174.2,335.5,13454.0391
26160,26220,462.48,2175.7,337.3,13482.9707
26220,26280,465.70,2192.5,360.6,13471.2236
26280,26340,466.58,2201.5,339.8,13528.9463
26340,26400,462.95,2188.8,334.8,13520.0410
26400,26460,465.45,2188.4,335.2,13570.4463
26460,26520,460.41,2179.8,335.1,13526.5254
26520,26580,461.25,2181.3,341.2,13516.3223
26580,26640,463.68,2185.9,335.9,13615.5176
26640,26700,459.74,2181.6,334.6,13616.7988
26700,26760,465.03,2191.9,339.3,13617.8965
26760,26820,466.20,2191.7,348.9,13841.7832
26820,26880,469.82,2191.5,346.5,13842.2549
26880,26940,465.67,2187.2,341.3,13688.2637
26940,27000,459.68,2175.6,339.8,13532.2744
27000,27060,463.09,2188.7,340.8,13648.6523
27060,27120,459.26,2174.9,332.9,13437.5479
27120,27180,459.39,2160.9,333.0,13178.8662
27180,27240,455.55,2151.0,338.1,13065.8105
27240,27300,453.16,2146.8,337.5,12913.4746
27300,27360,455.39,2141.5,334.9,12810.1660
27360,27420,453.42,2133.7,335.8,12661.1289
27420,27480,438.85,2078.6,295.2,11469.7227
27480,27540,433.17,2050.2,283.1,10788.3867
27540,27600,430.96,2031.5,276.8,10402.7832
27600,27660,435.69,2048.7,315.6,10886.6582
27660,27720,442.90,2086.7,296.7,11692.8809
27720,27780,446.17,2124.7,316.7,12594.7324
27780,27840,448.28,2159.9,332.7,13412.3018
27840,27900,441.31,2119.5,315.7,12502.7412
27900,27960,436.34,2087.9,301.0,11728.8701
27960,28020,437.02,2090.5,304.2,11854.9795
28020,28080,436.25,2079.8,297.4,11628.4385
28080,28140,437.17,2082.1,299.2,11732.1621
28140,28200,436.03,2083.6,298.5,11709.2539
28200,28260,436.29,2095.6,302.3,11841.5400
28260,28320,439.48,2117.9,309.2,12382.9980
28320,28380,442.02,2137.1,315.1,12698.9863
28380,28440,442.46,2141.3,316.5,12714.4063
28440,28500,441.94,2144.8,314.5,12760.7588
28500,28560,440.06,2129.8,309.1,12447.6113
28560,28620,441.52,2120.8,306.7,12276.4971
28620,28680,442.53,2146.2,314.0,12818.0020
28680,28740,442.42,2150.3,314.2,12875.2510
28740,28800,444.47,2149.6,313.7,12905.0049
28800,28860,444.89,2150.1,312.9,12933.8545
28860,28920,441.68,2139.6,307.3,12686.3184
28920,28980,444.54,2138.7,310.0,12677.4346
28980,29040,444.10,2144.3,309.2,12709.9365
29040,29100,443.78,2163.8,314.2,12978.9814
29100,29160,446.48,2165.9,315.8,13021.2422
29160,29220,447.75,2172.6,319.0,13054.0010
29220,29280,448.92,2178.3,321.1,13105.5703
29280,29340,448.52,2186.5,322.3,13166.7744
29340,29400,448.11,2196.3,321.4,13190.2031
29400,29460,448.26,2202.0,319.2,13142.9531
29460,29520,447.05,2198.0,321.5,12985.0234
29520,29580,447.29,2195.8,322.5,12947.6885
29580,29640,443.14,2164.2,313.4,12460.9395
29640,29700,445.16,2172.7,316.6,12618.1572
29700,29760,440.26,2136.8,303.5,12069.6221
29760,29820,437.81,2102.4,293.5,11540.2998
29820,29880,431.87,2058.8,281.6,10904.5361
29880,29940,431.56,2053.8,280.3,10837.0596
29940,30000,431.51,2049.4,276.5,10720.4717
30000,30060,433.48,2074.1,282.7,11091.5313
30060,30120,431.20,2048.6,276.0,10611.4619
30120,30180,428.20,2024.6,270.5,10179.6494
30180,30240,428.76,2030.5,271.1,10283.6895
30240,30300,430.82,2048.3,273.8,10587.2383
30300,30360,432.17,2053.8,277.3,10688.4941
30360,30420,427.80,2025.1,269.7,10191.8965
30420,30480,426.18,2009.6,266.5,9970.6152
30480,30540,425.96,2002.7,265.3,9810.1758
30540,30600,425.74,1999.3,264.0,9803.7480
30600,30660,425.01,1997.7,262.8,9752.9639
30660,30720,426.68,2002.2,264.6,9841.1719
30720,30780,428.82,2034.5,271.8,10295.8242
30780,30840,426.80,2018.5,266.6,10011.5596
30840,30900,429.64,2052.3,274.7,10531.3330
30900,30960,427.58,2028.9,271.2,10167.5449
30960,31020,432.63,2084.0,284.8,11022.3965
31020,31080,437.72,2140.1,297.6,11774.5908
31080,31140,436.97,2115.9,295.2,11532.0791
31140,31200,442.02,2176.9,308.8,12330.2959
31200,31260,443.85,2199.9,314.4,12656.1006
31260,31320,445.61,2210.3,319.6,12771.7090
31320,31380,446.68,2210.8,320.6,12813.4512
31380,31440,445.24,2213.3,318.0,12814.4160
31440,31500,446.42,2214.3,318.7,12858.0928
31500,31560,447.13,2221.2,321.1,12862.8438
31560,31620,446.62,2222.0,320.7,12834.3027
31620,31680,446.55,2225.9,321.5,12812.5605
31680,31740,446.07,2232.6,319.0,12888.5410
31740,31800,446.55,2233.9,321.4,12870.0859
31800,31860,443.19,2257.7,315.7,13077.3564
31860,31920,429.45,2126.9,280.3,11015.0381
31920,31980,447.94,2229.4,320.2,12815.2549
31980,32040,448.97,2219.5,324.4,12775.9502
32040,32100,449.02,2225.5,321.9,12808.3789
32100,32160,444.92,2264.9,317.1,12965.6309
32160,32220,441.27,2321.0,311.5,13185.1104
32220,32280,436.44,2335.1,305.4,13131.3906
32280,32340,437.03,2317.5,303.5,12995.6396
32340,32400,435.58,2283.5,300.7,12690.9395
32400,32460,435.01,2275.8,298.1,12692.9170
32460,32520,431.64,2174.8,285.1,11645.6338
32520,32580,430.64,2115.9,279.8,11081.1660
32580,32640,430.97,2123.2,280.0,11154.6885
32640,32700,427.67,2061.9,271.4,10387.8203
32700,32760,429.65,2089.3,274.2,10766.8916
32760,32820,432.67,2196.1,289.5,11869.8701
32820,32880,432.90,2201.1,289.1,11960.6377
32880,32940,437.42,2236.4,296.5,12428.3672
32940,33000,437.85,2244.7,299.9,12519.9336
33000,33060,434.82,2202.1,293.4,12073.9756
33060,33120,429.75,2123.3,278.7,10983.6162
33120,33180,428.86,2103.6,273.8,10760.1016
33180,33240,430.84,2139.6,279.7,11176.2588
33240,33300,433.00,2180.8,287.1,11640.1006
33300,33360,428.60,2088.4,272.0,10508.2480
33360,33420,425.91,2036.8,265.1,9853.7021
33420,33480,425.14,2017.2,261.7,9607.4141
33480,33540,424.63,2013.2,263.1,9529.9697
33540,33600,426.42,2037.6,266.3,9851.8311
33600,33660,429.77,2154.9,278.9,11045.7588
33660,33720,425.44,2040.5,265.0,9797.9141
33720,33780,427.49,2086.5,271.5,10275.0127
33780,33840,426.16,2056.0,266.1,9917.1953
33840,33900,428.88,2095.9,271.8,10425.9268
33900,33960,428.04,2079.1,270.5,10238.2344
33960,34020,424.80,2023.6,262.5,9590.8486
34020,34080,426.77,2048.1,265.6,9891.3672
34080,34140,426.53,2047.7,265.4,9876.0039
34140,34200,425.15,2026.7,263.5,9648.9141
34200,34260,426.90,2050.4,268.0,9923.3135
34260,34320,426.09,2047.8,265.6,9796.9297
34320,34380,426.23,2043.4,263.8,9766.0381
34380,34440,428.03,2063.9,266.5,10013.5762
34440,34500,426.68,2051.7,265.8,9865.3408
34500,34560,428.69,2081.2,273.2,10222.6113
34560,34620,432.44,2176.8,279.1,10984.5381
34620,34680,435.41,2308.3,288.5,11912.0117
34680,34740,435.54,2297.3,287.5,11814.3936
34740,34800,433.49,2247.2,284.5,11455.9863
34800,34860,430.49,2152.5,275.4,10710.8848
34860,34920,433.20,2149.8,272.4,10692.4453
34920,34980,432.35,2180.9,276.7,10924.1582
34980,35040,436.58,2241.0,283.2,11432.2998
35040,35100,429.52,2109.6,271.8,10371.8799
35100,35160,428.47,2072.7,267.8,10110.8086
35160,35220,429.44,2073.2,269.0,10210.4053
35220,35280,431.02,2080.5,268.3,10297.1924
35280,35340,428.38,2043.1,266.6,9928.1895
35340,35400,426.60,2019.0,264.4,9702.5742
35400,35460,425.63,2008.9,263.9,9565.1738
35460,35520,426.36,2007.7,263.5,9604.1191
35520,35580,426.72,2008.3,263.7,9622.7813
35580,35640,428.16,2007.7,263.1,9685.9131
35640,35700,426.37,2004.9,263.6,9598.4785
35700,35760,427.03,2006.9,263.4,9645.8750
35760,35820,426.19,2005.8,263.7,9596.5596
35820,35880,426.96,2008.5,264.9,9678.3213
35880,35940,427.58,2007.4,264.1,9686.4365
35940,36000,427.86,2004.2,268.4,9652.4863
36000,36060,426.61,1995.8,265.0,9538.1270
36060,36120,426.61,1996.1,263.5,9508.2559
36120,36180,425.79,1993.9,262.1,9456.9697
36180,36240,425.73,1994.6,262.5,9451.8350
36240,36300,425.37,1994.4,262.4,9420.7432
36300,36360,425.24,1993.8,262.6,9422.2188
36360,36420,425.65,1993.4,261.0,9477.3262
36420,36480,426.19,1995.3,264.0,9496.9375
36480,36540,429.72,2033.0,270.8,9892.7471
36540,36600,433.92,2117.0,283.2,10607.8369
36600,36660,436.21,2152.4,288.3,10933.0225
36660,36720,440.60,2220.1,298.8,11539.3057
36720,36780,440.49,2231.7,299.8,11587.7871
36780,36840,435.19,2168.2,289.2,10917.1328
36840,36900,437.74,2436.5,308.3,12264.6807
36900,36960,440.03,2517.8,319.3,12834.2871
36960,37020,441.90,2514.4,318.1,12921.3379
37020,37080,442.24,2529.2,320.2,12960.7861
37080,37140,442.22,2522.2,318.4,12837.1104
37140,37200,443.80,2515.0,319.8,12895.7441
37200,37260,444.04,2472.7,319.5,12828.7695
37260,37320,444.42,2451.6,319.6,12753.5488
37320,37380,444.74,2470.3,319.8,12757.0137
37380,37440,443.61,2531.2,319.9,12753.6680
37440,37500,446.61,2515.0,318.5,12826.5137
37500,37560,445.73,2533.1,318.8,12777.8691
37560,37620,443.52,2568.6,319.1,12676.2119
37620,37680,444.39,2553.2,320.4,12692.7695
37680,37740,444.00,2540.3,320.1,12693.7178
37740,37800,445.25,2530.8,320.8,12732.6504
37800,37860,446.88,2540.6,318.1,12789.3633
37860,37920,446.99,2520.1,320.3,12741.7520
37920,37980,447.93,2490.7,319.7,12675.2412
37980,38040,446.89,2409.1,312.9,12413.6631
38040,38100,446.02,2367.1,310.3,12220.3818
38100,38160,447.53,2374.8,310.7,12300.4941
38160,38220,447.64,2372.9,310.1,12337.1357
38220,38280,448.75,2389.1,312.5,12469.7139
38280,38340,449.30,2378.9,311.6,12395.8066
38340,38400,448.15,2349.1,309.4,12182.7832
38400,38460,447.61,2336.5,305.1,12005.3145
38460,38520,447.74,2331.1,307.1,11964.7334
38520,38580,447.90,2339.3,304.5,12044.1250
38580,38640,450.09,2339.5,306.0,12150.7432
38640,38700,450.37,2334.4,304.8,12122.8682
38700,38760,452.27,2339.1,308.8,12182.8730
38760,38820,450.06,2345.1,310.1,12045.4160
38820,38880,451.21,2326.2,334.5,11934.7646
38880,38940,455.35,2343.1,336.6,12060.9971
38940,39000,451.30,2357.7,318.8,12032.2266
39000,39060,451.82,2364.5,320.3,12133.4033
39060,39120,447.68,2394.2,310.9,12139.4053
39120,39180,450.11,2382.7,312.6,12175.8662
39180,39240,450.97,2371.6,316.0,12175.2061
39240,39300,450.31,2375.6,315.3,12141.1709
39300,39360,450.48,2376.7,314.1,12155.5098
39360,39420,452.45,2370.4,315.0,12286.4189
39420,39480,453.64,2376.4,313.8,12392.8496
39480,39540,454.15,2377.9,313.9,12407.5098
39540,39600,452.03,2385.7,312.8,12370.6162
39600,39660,451.88,2383.5,311.9,12296.0996
39660,39720,453.80,2380.7,314.9,12339.8193
39720,39780,455.29,2379.5,322.5,12315.6240
39780,39840,454.71,2376.3,317.4,12368.2148
39840,39900,454.45,2374.1,317.5,12324.0762
39900,39960,454.48,2377.9,315.2,12363.1563
39960,40020,455.79,2374.2,318.2,12384.0742
40020,40080,456.11,2372.9,323.5,12373.7354
40080,40140,455.18,2370.6,319.7,12357.7451
40140,40200,456.23,2375.1,319.9,12422.9707
40200,40260,451.66,2373.1,318.9,12235.1660
40260,40320,454.56,2366.5,319.7,12290.8975
40320,40380,455.46,2363.0,320.2,12360.3906
40380,40440,456.85,2365.5,319.8,12350.6592
40440,40500,465.54,2364.3,320.7,12526.7031
40500,40560,459.80,2371.4,319.6,12445.1426
40560,40620,455.53,2372.7,320.0,12372.1885
40620,40680,455.30,2365.1,319.3,12342.5654
40680,40740,457.73,2363.3,320.5,12423.6709
40740,40800,458.61,2367.5,321.7,12438.2822
40800,40860,458.70,2373.4,320.4,12429.5586
40860,40920,461.25,2415.6,462.0,12501.3721
40920,40980,457.53,2431.6,383.5,12503.0957
40980,41040,457.69,2419.8,326.7,12466.0850
41040,41100,461.75,2430.3,337.8,12579.9570
41100,41160,463.52,2435.5,359.1,12645.7725
41160,41220,463.75,2426.6,369.6,12651.1836
41220,41280,460.54,2427.1,373.1,12582.8115
41280,41340,458.30,2424.5,375.0,12557.4229
41340,41400,460.43,2428.9,381.8,12603.1289
41400,41460,464.14,2428.2,374.6,12668.0020
41460,41520,462.23,2429.7,378.6,12674.3516
41520,41580,461.97,2431.8,373.5,12650.9346
41580,41640,459.72,2420.1,344.1,12618.1865
41640,41700,457.06,2432.9,326.6,12618.3643
41700,41760,464.63,2444.3,344.6,12713.6758
41760,41820,461.66,2452.5,338.4,12658.5791
41820,41880,461.31,2447.4,339.5,12665.5254
41880,41940,461.31,2444.8,345.7,12658.2510
41940,42000,462.38,2437.6,351.9,12691.0811
42000,42060,465.14,2438.4,354.3,12740.4043
42060,42120,467.45,2449.5,349.1,12787.4736
42120,42180,466.96,2452.4,349.6,12820.4805
42180,42240,465.76,2441.3,346.6,12852.9824
42240,42300,462.37,2421.9,347.4,12749.2354
42300,42360,465.24,2409.0,364.6,12733.6719
42360,42420,464.37,2392.3,350.6,12691.0928
42420,42480,461.23,2377.2,340.9,12605.3799
42480,42540,461.34,2380.4,338.8,12647.6133
42540,42600,464.93,2391.5,348.0,12711.8672
42600,42660,464.21,2396.9,347.7,12710.3164
42660,42720,466.99,2432.1,355.6,12852.7383
42720,42780,467.98,2441.8,351.8,12969.7891
42780,42840,469.59,2429.1,350.5,13093.8281
42840,42900,467.86,2384.2,404.2,12878.7598
42900,42960,476.01,2391.9,454.9,12847.5234
42960,43020,476.55,2426.3,393.5,12976.5518
43020,43080,484.80,2440.7,427.2,13285.9326
43080,43140,473.46,2428.4,426.8,13056.1572
43140,43200,470.89,2408.5,413.8,12950.5840
43200,43260,474.42,2408.0,440.1,12937.4570
43260,43320,472.28,2409.3,487.2,12967.7275
43320,43380,473.99,2407.2,499.4,12970.8467
43380,43440,471.53,2404.2,420.9,12898.8760
43440,43500,472.33,2382.0,426.1,13006.4297
43500,43560,463.51,2358.7,369.6,12898.7217
43560,43620,460.56,2345.7,352.7,12773.4404
43620,43680,460.53,2342.3,350.6,12760.2422
43680,43740,465.36,2357.4,367.4,12900.8135
43740,43800,468.47,2365.4,382.1,12948.5000
43800,43860,467.38,2370.6,376.4,12927.1221
43860,43920,469.88,2390.3,381.8,13046.6504
43920,43980,469.53,2376.0,373.2,13096.6660
43980,44040,467.75,2355.2,365.1,12976.6875
44040,44100,473.85,2367.6,383.6,13101.4268
44100,44160,473.02,2379.0,418.2,13087.7324
44160,44220,471.30,2365.7,397.9,13051.6748
44220,44280,470.35,2351.5,378.6,13021.9121
44280,44340,474.36,2360.9,384.7,13143.7734
44340,44400,476.25,2362.5,380.0,13201.3193
44400,44460,469.65,2342.5,358.2,13023.3262
44460,44520,467.96,2335.3,356.9,12930.8691
44520,44580,467.72,2331.5,355.5,12883.3848
44580,44640,470.14,2341.1,361.7,12909.0059
44640,44700,472.46,2347.8,373.0,12935.5361
44700,44760,471.66,2347.1,374.3,13057.7246
44760,44820,471.47,2342.4,380.3,13132.8867
44820,44880,471.69,2334.9,363.8,13165.6846
44880,44940,472.00,2322.1,370.8,13050.7627
44940,45000,474.53,2329.1,375.5,13114.9492
45000,45060,474.44,2328.7,378.3,13068.6563
45060,45120,476.66,2332.7,374.1,13169.5830
45120,45180,475.63,2334.7,376.1,13192.4512
45180,45240,476.29,2341.3,368.7,13285.6582
45240,45300,476.74,2350.0,364.4,13384.6777
45300,45360,477.80,2350.5,362.1,13312.3535
45360,45420,477.57,2353.5,363.7,13335.2783
45420,45480,479.93,2334.8,407.3,13262.6543
45480,45540,484.33,2327.6,437.9,13235.0273
45540,45600,483.56,2322.7,451.5,13200.0039
45600,45660,482.79,2324.0,471.5,13168.9365
45660,45720,485.05,2328.5,458.9,13296.3252
45720,45780,485.42,2327.4,462.6,13251.4316
45780,45840,475.17,2289.4,410.7,12976.3945
45840,45900,472.13,2266.6,377.0,12801.1533
45900,45960,472.74,2263.1,400.6,12787.5459
45960,46020,474.61,2264.5,447.8,12772.2109
