CampaignData_and_Merges/R0/CSL_MobileLab_Parked/raw/20240731/USOS-NOAAIodideCIMS-Halogens_MobileLabGround_20240731_RA.ict
38, 1001
Michael A Robinson, Chris Jernigan, Subi Thakali
NOAA ESRL Chemical Sciences Laboratory and CIRES, U. of Colorado
NOAA Iodide CIMS Instrument
USOS
1, 1
2024, 07, 31, 2024, 08, 01
1
starttime_UTC, seconds_past_midnight, seconds_of_day_since_00:00:00_UTC
6
1, 1, 1, 1, 1, 1
-9999, -9999, -9999, -9999, -9999, -9999
Br2_NOAACIMS, pptv, Gas_Br2_InSitu_S_AVMR, 
BrO_NOAACIMS, pptv, Gas_BrO_InSitu_S_AVMR, 
Cl2_NOAACIMS, pptv, Gas_Cl2_InSitu_S_AVMR, 
ClNO2_NOAACIMS, pptv, Gas_ClNO2_InSitu_S_AVMR, 
BrCl_NOAACIMS, pptv, Gas_BrCl_InSitu_S_AVMR, 
NCl3_NOAACIMS, pptv, Gas_NCl3_InSitu_S_AVMR, 
0
18
PI_CONTACT_INFO: 325 Broadway, R/CSD 7, Boulder, Colorado 80305; michael.a.robinson@noaa.gov; chris.jernigan@noaa.gov;
PLATFORM: NOAA CSL Mobile Lab
LOCATION: SLC, Utah
ASSOCIATED_DATA: 1Hz data also available on request.
INSTRUMENT_INFO: NOAA I- ToF CIMS
DATA_INFO: All data in parts per trillion by volume (pptv). 1 Hz data is available upon request.
UNCERTAINTY: TBD
ULOD_FLAG: -7777
ULOD_VALUE: N/A
LLOD_FLAG: -8888
LLOD_VALUE: N/A
DM_CONTACT_INFO: Nathan Howard; nathan.h.howard@noaa.gov
PROJECT_INFO: USOS, summer 2024. https://csl.noaa.gov/groups/csl7/measurements/2024usos/
STIPULATIONS_ON_USE: Users are strongly encouraged to contact the PI for proper data usage.
OTHER_COMMENTS: 
REVISION: RA
RA: Preliminary Data; For in-field use only
starttime_UTC, Br2_NOAACIMS, BrO_NOAACIMS, Cl2_NOAACIMS, ClNO2_NOAACIMS, BrCl_NOAACIMS, NCl3_NOAACIMS
[from data line 1136]
 68160,  0.990,  0.183,  2.522,  0.208,  0.429,  0.098
 68220,  0.807,  0.242,  1.998,  0.229,  0.423,  0.078
 68280,  0.993,  0.291,  2.423,  0.202,  0.407,  0.088
 68340,  0.896,  0.200,  1.969,  0.168,  0.437,  0.170
 68400,  0.970,  0.312,  1.924,  0.159,  0.402,  0.145
 68460, -9999.000, -9999.000, -9999.000, -9999.000, -9999.000, -9999.000
 68520,  0.891,  0.444,  2.021,  0.181,  0.515,  0.035
 68580,  0.854,  0.347,  2.216,  0.193,  0.403,  0.099
 68640,  0.702,  0.167,  1.918,  0.164,  0.434,  0.065
 68700,  0.841,  0.143,  2.083,  0.185,  0.358,  0.112
 68760,  0.886,  0.275,  1.992,  0.143,  0.380,  0.095
 68820,  0.875,  0.221,  2.433,  0.140,  0.447,  0.129
 68880,  0.857,  0.281,  2.058,  0.224,  0.417,  0.129
 68940,  0.961,  0.151,  2.497,  0.086,  0.329,  0.149
 69000,  0.863,  0.313,  2.111,  0.191,  0.401,  0.062
 69060,  0.757,  0.199,  1.907,  0.108,  0.461,  0.109
 69120,  0.764,  0.240,  1.895,  0.166,  0.439,  0.179
 69180,  0.770,  0.168,  1.888,  0.122,  0.376,  0.067
 69240,  0.839,  0.172,  1.901,  0.179,  0.393,  0.024
 69300,  0.732,  0.314,  2.224,  0.115,  0.357,  0.203
 69360,  0.773,  0.304,  1.988,  0.141,  0.345,  0.193
 69420,  0.821,  0.227,  1.852,  0.141,  0.330,  0.221
 69480,  0.748,  0.300,  1.819,  0.157,  0.439,  0.072
 69540,  0.773,  0.273,  2.227,  0.203,  0.376,  0.113
 69600,  0.700,  0.198,  1.812,  0.108,  0.301,  0.063
 69660,  0.683,  0.332,  1.782,  0.107,  0.316,  0.086
 69720,  0.794,  0.245,  1.975,  0.162,  0.367,  0.064
 69780,  0.703,  0.157,  1.997,  0.130,  0.404,  0.115
 69840,  0.995,  0.180,  2.017,  0.128,  0.400,  0.155
 69900,  0.845,  0.239,  1.841,  0.110,  0.271,  0.057
 69960,  0.828,  0.180,  1.917,  0.145,  0.436,  0.154
 70020,  0.691,  0.220,  2.154,  0.131,  0.396,  0.155
 70080,  0.900,  0.178,  1.806,  0.102,  0.343,  0.147
 70140,  0.756,  0.302,  1.762,  0.155,  0.269,  0.191
 70200,  0.808,  0.180,  2.097,  0.113,  0.412,  0.098
 70260,  0.805,  0.211,  2.091,  0.100,  0.455,  0.127
 70320, -9999.000, -9999.000, -9999.000, -9999.000, -9999.000, -9999.000
 70380,  0.807,  0.125,  2.074,  0.107,  0.370,  0.240
 70440,  0.745,  0.315,  2.063,  0.148,  0.376,  0.130
 70500,  0.814,  0.315,  2.279,  0.141,  0.394,  0.175
 70560,  0.844,  0.309,  2.093,  0.157,  0.348,  0.180
 70620,  0.788,  0.245,  2.006,  0.199,  0.364,  0.153
 70680,  0.833,  0.290,  2.020,  0.161,  0.358,  0.200
 70740,  0.911,  0.241,  1.767,  0.156,  0.375,  0.154
 70800,  0.712,  0.295,  2.013,  0.180,  0.369,  0.187
 70860,  0.862,  0.265,  2.448,  0.157,  0.378,  0.128
 70920,  0.700,  0.243,  2.149,  0.210,  0.341,  0.196
 70980,  0.854,  0.403,  2.011,  0.090,  0.388,  0.130
 71040,  0.793,  0.185,  1.910,  0.128,  0.341,  0.128
 71100,  0.796,  0.319,  2.133,  0.095,  0.347,  0.174
 71160,  0.883,  0.245,  2.215,  0.097,  0.390,  0.190
 71220,  0.865,  0.321,  2.380,  0.129,  0.384,  0.111
 71280,  0.843,  0.298,  2.262,  0.131,  0.328,  0.187
 71340,  0.658,  0.230,  2.319,  0.162,  0.311,  0.186
 71400,  0.754,  0.361,  2.126,  0.184,  0.350,  0.212
 71460,  0.809,  0.388,  1.948,  0.215,  0.321,  0.192
 71520,  0.691,  0.237,  2.158,  0.132,  0.317,  0.238
 71580,  0.749,  0.377,  2.167,  0.167,  0.374,  0.236
 71640,  0.936,  0.278,  2.156,  0.176,  0.299,  0.188
 71700,  0.722,  0.332,  2.238,  0.122,  0.365,  0.157
 71760,  0.821,  0.172,  2.428,  0.172,  0.303,  0.223
 71820,  0.700,  0.197,  2.059,  0.141,  0.333,  0.231
 71880,  0.815,  0.413,  2.120,  0.169,  0.287,  0.174
 71940,  0.705,  0.219,  2.132,  0.181,  0.307,  0.234
 72000,  0.727,  0.271,  2.135,  0.123,  0.431,  0.220
 72060,  0.725,  0.239,  2.068,  0.191,  0.394,  0.144
 72120,  0.969,  0.244,  2.312,  0.202,  0.314,  0.109
 72180,  0.960,  0.349,  1.577,  0.118,  0.258,  0.082
 72240,  0.776,  0.251,  1.956,  0.143,  0.353,  0.144
 72300,  0.695,  0.323,  2.144,  0.160,  0.373,  0.139
 72360,  0.716,  0.090,  1.982,  0.179,  0.234,  0.124
 72420,  0.813,  0.221,  1.813,  0.181,  0.340,  0.068
 72480,  0.793,  0.268,  1.758,  0.121,  0.319,  0.111
 72540,  0.857,  0.314,  1.982,  0.132,  0.282,  0.146
 72600,  0.775,  0.216,  1.921,  0.180,  0.341,  0.104
 72660,  0.841,  0.336,  1.856,  0.122,  0.320,  0.148
 72720,  0.669,  0.390,  1.943,  0.092,  0.262,  0.127
 72780,  0.713,  0.413,  2.033,  0.129,  0.328,  0.208
 72840,  0.924,  0.233,  1.925,  0.120,  0.287,  0.095
 72900,  0.913,  0.288,  1.902,  0.143,  0.334,  0.205
 72960,  0.773,  0.235,  1.898,  0.165,  0.244,  0.112
 73020,  0.710,  0.200,  2.044,  0.179,  0.288,  0.240
 73080,  0.932,  0.404,  2.124,  0.133,  0.274,  0.186
 73140,  0.917,  0.389,  2.122,  0.212,  0.284,  0.106
 73200,  0.906,  0.284,  1.818,  0.223,  0.257,  0.138
 73260,  0.841,  0.304,  1.836,  0.151,  0.309,  0.211
 73320,  0.812,  0.399,  1.881,  0.119,  0.293,  0.144
 73380,  0.818,  0.281,  1.825,  0.161,  0.379,  0.159
 73440,  0.926,  0.206,  2.071,  0.124,  0.397,  0.159
 73500,  0.815,  0.296,  1.963,  0.159,  0.257,  0.223
 73560,  0.949,  0.324,  2.213,  0.157,  0.404,  0.199
 73620,  0.794,  0.402,  1.816,  0.196,  0.324,  0.105
 73680,  0.830,  0.234,  2.020,  0.125,  0.246,  0.131
 73740,  0.942,  0.367,  1.624,  0.127,  0.229,  0.107
 73800,  0.931,  0.327,  1.744,  0.160,  0.315,  0.215
 73860,  0.929,  0.304,  2.019,  0.162,  0.311,  0.195
 73920,  0.875,  0.305,  1.939,  0.153,  0.229,  0.142
 73980,  1.307,  0.247,  1.814,  0.191,  0.300,  0.059
 74040,  0.820,  0.440,  1.632,  0.049,  0.055,  0.202
 74100,  0.847,  0.294,  1.662,  0.127,  0.334,  0.072
 74160,  0.926,  0.341,  1.893,  0.101,  0.224,  0.170
 74220,  1.044,  0.407,  1.824,  0.169,  0.324,  0.097
 74280,  1.028,  0.301,  1.660,  0.093,  0.205,  0.233
 74340,  0.839,  0.364,  1.973,  0.130,  0.266,  0.159
 74400,  0.789,  0.269,  1.743,  0.095,  0.215,  0.130
 74460,  0.916,  0.232,  1.864,  0.146,  0.273,  0.142
 74520,  1.070,  0.248,  1.900,  0.126,  0.258,  0.232
 74580,  0.827,  0.234,  1.740,  0.101,  0.228,  0.069
 74640,  0.964,  0.288,  1.733,  0.099,  0.254,  0.203
 74700,  0.879,  0.283,  1.761,  0.102,  0.169,  0.064
 74760,  0.784,  0.257,  1.708,  0.107,  0.292,  0.146
 74820,  0.741,  0.180,  1.795,  0.125,  0.265,  0.102
 74880,  0.980,  0.353,  1.723,  0.083,  0.342,  0.143
 74940,  0.964,  0.343,  1.677,  0.122,  0.251,  0.120
 75000,  0.945,  0.221,  2.078,  0.139,  0.356,  0.036
 75060,  1.025,  0.193,  1.827,  0.094,  0.318,  0.132
 75120,  0.923,  0.235,  1.898,  0.125,  0.296,  0.163
 75180,  0.951,  0.345,  1.761,  0.178,  0.386,  0.041
 75240,  0.882,  0.334,  1.915,  0.125,  0.361,  0.134
 75300,  1.002,  0.231,  1.811,  0.170,  0.218,  0.163
 75360,  0.934,  0.317,  1.776,  0.201,  0.316,  0.171
 75420,  0.868,  0.250,  1.845,  0.091,  0.353,  0.084
 75480,  0.750,  0.313,  1.997,  0.116,  0.298,  0.070
 75540,  0.790,  0.274,  1.846,  0.143,  0.289,  0.042
 75600,  0.715,  0.252,  1.667,  0.141,  0.289,  0.111
 75660,  0.895,  0.220,  1.788,  0.116,  0.301,  0.006
 75720,  0.832,  0.196,  2.014,  0.127,  0.295,  0.134
 75780,  0.805,  0.325,  1.994,  0.132,  0.255,  0.108
 75840,  0.857,  0.428,  2.115,  0.075,  0.217, -0.023
 75900,  0.864,  0.359,  1.869,  0.134,  0.329,  0.220
 75960,  0.823,  0.225,  1.774,  0.135,  0.385,  0.143
 76020,  0.876,  0.127,  1.609,  0.127,  0.376,  0.148
 76080,  0.860,  0.325,  1.787,  0.164,  0.342, -0.018
 76140,  0.946,  0.275,  1.746,  0.124,  0.313,  0.008
 76200,  0.950,  0.175,  1.776,  0.159,  0.456,  0.069
 76260,  1.025,  0.300,  1.960,  0.126,  0.425,  0.085
 76320,  0.938,  0.243,  2.022,  0.162,  0.451,  0.042
 76380,  1.059,  0.235,  2.023,  0.196,  0.467,  0.053
 76440,  0.884,  0.299,  1.683,  0.126,  0.458, -0.006
 76500,  0.772,  0.287,  1.985,  0.124,  0.434,  0.027
 76560,  0.941,  0.227,  2.007,  0.208,  0.350,  0.010
 76620,  1.026,  0.285,  2.561,  0.154,  0.489,  0.141
 76680,  1.105,  0.363,  2.109,  0.264,  0.441,  0.005
 76740,  0.932,  0.303,  2.032,  0.196,  0.473, -0.025
 76800,  1.103,  0.286,  1.950,  0.076,  0.476, -0.033
 76860,  0.997,  0.291,  1.784,  0.185,  0.489, -0.016
 76920,  0.959,  0.340,  1.721,  0.132,  0.364,  0.008
 76980,  0.989,  0.456,  1.907,  0.097,  0.354,  0.042
 77040,  0.963,  0.424,  1.918,  0.134,  0.350, -0.021
 77100,  1.089,  0.486,  2.175,  0.170,  0.522, -0.111
 77160,  0.982,  0.394,  2.040,  0.111,  0.398, -0.121
 77220,  0.990,  0.400,  1.893,  0.114,  0.371, -0.131
 77280,  1.000,  0.351,  1.860,  0.129,  0.628, -0.106
 77340,  1.020,  0.372,  2.007,  0.227,  0.606, -0.127
 77400,  0.879,  0.326,  2.342,  0.154,  0.508, -0.061
 77460,  1.043,  0.426,  2.398,  0.127,  0.438, -0.102
 77520,  0.916,  0.352,  2.282,  0.176,  0.424, -0.056
 77580,  0.994,  0.519,  2.188,  0.160,  0.457, -0.097
 77640,  0.855,  0.273,  2.246,  0.132,  0.509, -0.202
 77700, -9999.000, -9999.000, -9999.000, -9999.000, -9999.000, -9999.000
 77760,  0.903,  0.620,  1.978,  0.095,  0.517, -0.037
 77820,  0.970,  0.421,  1.761,  0.110,  0.536, -0.126
 77880,  1.049,  0.336,  1.722,  0.166,  0.638, -0.127
 77940,  1.115,  0.291,  1.959,  0.158,  0.591, -0.162
 78000,  1.167,  0.454,  2.067,  0.124,  0.608, -0.084
 78060,  1.165,  0.436,  1.931,  0.150,  0.626, -0.032
 78120,  1.155,  0.516,  2.119,  0.188,  0.698, -0.103
 78180,  0.938,  0.430,  1.949,  0.194,  0.624, -0.064
 78240,  1.184,  0.364,  1.818,  0.186,  0.646, -0.037
 78300,  1.357,  0.492,  1.823,  0.119,  0.648, -0.098
 78360,  1.320,  0.384,  1.839,  0.181,  0.669,  0.005
 78420,  1.242,  0.308,  2.060,  0.125,  0.791,  0.034
 78480,  1.242,  0.301,  2.205,  0.233,  0.708, -0.002
 78540,  1.182,  0.315,  2.315,  0.135,  0.678,  0.009
 78600,  1.227,  0.376,  1.897,  0.194,  0.610, -0.063
 78660,  1.275,  0.337,  2.100,  0.158,  0.607, -0.102
 78720,  1.458,  0.498,  1.904,  0.166,  0.739, -0.039
 78780,  1.185,  0.333,  1.973,  0.149,  0.709, -0.036
 78840,  1.340,  0.191,  2.159,  0.144,  0.697,  0.003
 78900,  1.084,  0.421,  2.131,  0.144,  0.704,  0.124
 78960,  1.347,  0.339,  2.132,  0.168,  0.768,  0.044
 79020,  1.189,  0.340,  1.903,  0.139,  0.692, -0.025
 79080,  1.243,  0.349,  2.041,  0.204,  0.663,  0.050
 79140,  1.168,  0.306,  1.999,  0.194,  0.736,  0.013
 79200,  1.475,  0.320,  1.956,  0.165,  0.751,  0.146
 79260,  1.188,  0.396,  2.041,  0.117,  0.602,  0.015
 79320,  1.394,  0.249,  2.018,  0.162,  0.698,  0.072
 79380,  1.357,  0.233,  2.103,  0.116,  0.651,  0.127
 79440,  1.354,  0.285,  1.889,  0.087,  0.658,  0.043
 79500,  1.415,  0.231,  2.039,  0.162,  0.830,  0.089
 79560, -9999.000, -9999.000, -9999.000, -9999.000, -9999.000, -9999.000
 79620,  1.215,  0.268,  1.918,  0.163,  0.780,  0.051
 79680,  1.237,  0.278,  1.614,  0.203,  0.648,  0.037
 79740,  1.267,  0.280,  1.843,  0.103,  0.721,  0.094
 79800,  1.344,  0.274,  1.714,  0.169,  0.664,  0.078
 79860,  1.218,  0.184,  1.836,  0.093,  0.696,  0.055
 79920,  1.200,  0.292,  1.761,  0.121,  0.698,  0.078
 79980,  1.270,  0.094,  1.993,  0.178,  0.668,  0.122
 80040,  1.149,  0.257,  2.119,  0.142,  0.738,  0.094
 80100,  1.343,  0.342,  2.026,  0.106,  0.640,  0.027
 80160,  1.267,  0.212,  2.156,  0.173,  0.587,  0.034
 80220,  1.412,  0.273,  2.338,  0.164,  0.674,  0.041
 80280,  1.179,  0.267,  2.218,  0.143,  0.622,  0.103
 80340,  1.193,  0.202,  2.235,  0.125,  0.609,  0.069
 80400,  1.286,  0.280,  2.149,  0.124,  0.559,  0.088
 80460,  1.289,  0.129,  1.779,  0.089,  0.435,  0.035
 80520,  1.264,  0.162,  1.971,  0.124,  0.737,  0.029
 80580,  1.403,  0.252,  1.793,  0.080,  0.620,  0.135
 80640,  1.148,  0.189,  1.775,  0.102,  0.577,  0.065
 80700,  1.019,  0.337,  2.002,  0.123,  0.627,  0.126
 80760,  1.304,  0.124,  2.011,  0.165,  0.721, -0.021
 80820,  1.252,  0.223,  2.158,  0.121,  0.730,  0.067
 80880,  1.378,  0.368,  2.158,  0.160,  0.616, -0.039
 80940,  1.130,  0.133,  1.886,  0.181,  0.639,  0.059
 81000,  1.115,  0.260,  1.971,  0.103,  0.592,  0.035
 81060,  1.005,  0.137,  2.047,  0.121,  0.570,  0.096
 81120,  1.336,  0.195,  1.858,  0.107,  0.584,  0.034
 81180,  1.020,  0.381,  1.986,  0.170,  0.591,  0.039
 81240,  1.222,  0.162,  2.071,  0.115,  0.613,  0.094
 81300,  1.148,  0.091,  2.153,  0.104,  0.605, -0.008
 81360,  1.128, -0.106,  2.275,  0.107,  0.618,  0.062
 81420, -9999.000, -9999.000, -9999.000, -9999.000, -9999.000, -9999.000
 81480,  1.173,  0.126,  1.755,  0.108,  0.548,  0.054
 81540,  1.060,  0.189,  1.795,  0.108,  0.547,  0.109
 81600,  1.184,  0.115,  1.858,  0.152,  0.622,  0.072
 81660,  1.175,  0.229,  2.145,  0.056,  0.592,  0.081
 81720,  1.206,  0.272,  2.011,  0.127,  0.549,  0.244
 81780,  1.006,  0.225,  1.793,  0.081,  0.528,  0.087
 81840,  1.178,  0.139,  1.633,  0.149,  0.585, -0.021
 81900,  0.903,  0.180,  1.851,  0.079,  0.514,  0.109
 81960,  1.171,  0.172,  1.952,  0.136,  0.553, -0.007
 82020,  1.052,  0.178,  1.852,  0.145,  0.564,  0.055
 82080,  1.148,  0.062,  1.794,  0.044,  0.615,  0.203
 82140,  1.235,  0.211,  1.792,  0.111,  0.498,  0.037
 82200,  1.126,  0.078,  2.226,  0.125,  0.531,  0.049
 82260,  1.229,  0.212,  1.992,  0.121,  0.513,  0.120
 82320,  1.010,  0.108,  1.939,  0.115,  0.409,  0.123
 82380,  1.060,  0.285,  1.771,  0.122,  0.503,  0.153
 82440,  1.303,  0.198,  1.901,  0.084,  0.468,  0.015
 82500,  1.183,  0.181,  1.981,  0.179,  0.464,  0.144
 82560,  1.037,  0.157,  1.851,  0.113,  0.560,  0.070
 82620,  1.087,  0.262,  1.932,  0.145,  0.494,  0.161
 82680,  1.211,  0.111,  1.992,  0.094,  0.422,  0.198
 82740,  1.280,  0.236,  1.828,  0.132,  0.480,  0.076
 82800,  1.107,  0.176,  1.768,  0.104,  0.402,  0.195
 82860,  1.213,  0.274,  2.234,  0.160,  0.439,  0.118
 82920,  0.983,  0.321,  1.913,  0.120,  0.420,  0.105
 82980,  1.025,  0.138,  2.093,  0.107,  0.484,  0.040
 83040,  1.333,  0.163,  1.988,  0.068,  0.393,  0.242
 83100,  1.251,  0.306,  2.046,  0.083,  0.431,  0.184
 83160,  1.147,  0.378,  2.054,  0.125,  0.481,  0.120
 83220,  0.795,  0.409,  2.106,  0.169,  0.312,  0.205
 83280,  1.023,  0.244,  1.866,  0.104,  0.537,  0.282
 83340,  0.956,  0.193,  1.633,  0.118,  0.351,  0.126
 83400,  1.165,  0.366,  1.690,  0.098,  0.352,  0.090
 83460,  1.095,  0.287,  1.794,  0.168,  0.456,  0.149
 83520,  1.141,  0.368,  1.866,  0.094,  0.376,  0.081
 83580,  1.009,  0.304,  1.903,  0.135,  0.444,  0.117
 83640,  0.915,  0.288,  1.588,  0.145,  0.414,  0.129
 83700,  0.981,  0.207,  1.967,  0.099,  0.380,  0.112
 83760,  0.897,  0.232,  1.785,  0.175,  0.401,  0.033
 83820,  1.090,  0.278,  1.994,  0.062,  0.331,  0.021
 83880,  1.023,  0.273,  1.971,  0.089,  0.433,  0.060
 83940,  1.031,  0.319,  1.918,  0.102,  0.384,  0.079
 84000,  0.902,  0.276,  1.702,  0.106,  0.316,  0.124
 84060,  0.908,  0.363,  1.869,  0.071,  0.348,  0.140
 84120,  1.008,  0.265,  1.765,  0.118,  0.344,  0.113
 84180,  1.006,  0.224,  1.956,  0.175,  0.313,  0.035
 84240,  0.961,  0.301,  1.888,  0.148,  0.301,  0.182
 84300,  1.059,  0.307,  1.708,  0.100,  0.283,  0.222
 84360,  0.780,  0.280,  1.765,  0.088,  0.303,  0.175
 84420,  0.936,  0.400,  1.569,  0.060,  0.304,  0.111
 84480,  0.963,  0.433,  1.641,  0.113,  0.311,  0.108
 84540,  1.044,  0.294,  1.568,  0.042,  0.316,  0.359
 84600,  0.888,  0.306,  1.522,  0.052,  0.374,  0.689
 84660,  0.807,  0.229,  1.864,  0.052,  0.315,  0.089
 84720,  0.837,  0.314,  1.850,  0.106,  0.457,  0.098
 84780,  0.904,  0.335,  1.956,  0.143,  0.409,  0.070
 84840,  1.026,  0.434,  1.676,  0.056,  0.343,  0.150
 84900,  0.845,  0.360,  1.847,  0.078,  0.328,  0.060
 84960,  0.987,  0.301,  2.022,  0.124,  0.307,  0.140
 85020,  0.782,  0.340,  2.085,  0.086,  0.356,  0.018
 85080, -9999.000, -9999.000, -9999.000, -9999.000, -9999.000, -9999.000
 85140,  0.976,  0.207,  1.592,  0.091,  0.365,  0.182
 85200,  0.796,  0.337,  1.626,  0.116,  0.360,  0.055
 85260,  0.971,  0.304,  1.459,  0.089,  0.302,  0.026
 85320,  0.893,  0.215,  1.457,  0.111,  0.410,  0.052
 85380,  0.934,  0.256,  1.502,  0.116,  0.345, -0.030
