CampaignData_and_Merges/R0/CSL_MobileLab_Parked/raw/20240731/USOS-HCHO_MobileLabGround_20240731_R0.ict
35,1001
Huang, Yaoxian
Wayne State University
Picarro G2307 on CSL Mobile Lab
USOS
1,1
2024,07,31,2024,08,01
1.0
Time_Start,seconds_since_midnight,number_of_seconds_since_0000_UTC
3
1.0,1.0,1.0
-9999.0,-9999.0,-9999.0
HCHO,ppbv,Gas_HCHO_InSitu_S_AVMR,volume mixing ratio of formaldehyde in air
H2O,ppmv,Gas_H2O_InSitu_S_AVMR,volume mixing ratio of water vapor in air
CH4,ppmv,Gas_CH4_InSitu_S_AVMR,volume mixing ratio of methane in air
0
18
PI_CONTACT_INFO: yaoxian.huang@wayne.edu
PLATFORM: CSL Mobile Lab, at Ground Site
LOCATION: Salt Lake City, UT
ASSOCIATED_DATA: N/A
INSTRUMENT_INFO: Cavity Ring-Down Spectrometer
DATA_INFO: Data is averaged to 1 minute intervals for stationary and 1 second interval for driving. Stationary data collected from a 20 ft tower on top of the mobile lab.
UNCERTAINTY: N/A
ULOD_FLAG: -7777
ULOD_VALUE: N/A
LLOD_FLAG: -8888
LLOD_VALUE: N/A
DM_CONTACT_INFO: Yaoxian Huang; yaoxian.huang@wayne.edu
PROJECT_INFO: USOS, Summer 2024. https://csl.noaa.gov/groups/csl7/measurements/2024usos/
STIPULATIONS_ON_USE: Users are strongly encouraged to contact the PI for proper data usage.
OTHER_COMMENTS: Data have been shifted backwards by 1 minute to align with USOS MetNav and Picarro GHG data.
REVISION: R0
R0: Final Data
Time_Start,HCHO,H2O,CH4
[from data line 1082]
64920,5.43787,10917.9,2.02731
64980,5.12014,11058.4,2.02298
65040,5.50326,11080.7,2.02096
65100,5.50637,11187.3,2.01961
65160,5.11812,12372.1,2.0166
65220,5.00986,11831.3,2.0147
65280,4.88201,11262.9,2.01511
65340,4.70996,10916.9,2.01512
65400,5.23924,11607.8,2.01179
65460,4.87733,10969.2,2.01053
65520,4.90366,11498.2,2.01122
65580,4.93254,11366.9,2.01394
65640,4.71794,11206.0,2.01186
65700,4.87234,12073.8,2.01084
65760,5.13711,11514.8,2.01651
65820,4.96713,11147.0,2.01878
65880,4.72623,10727.5,2.01754
65940,5.05498,10858.7,2.01702
66000,4.84375,11836.8,2.00916
66060,4.84913,11093.1,2.01095
66120,5.14021,11134.6,2.03478
66180,5.3077,11184.0,2.0341
66240,5.46356,11168.3,2.03701
66300,5.68218,11296.5,2.04828
66360,5.64171,11263.9,2.04546
66420,5.53406,11423.1,2.03834
66480,5.70988,11512.2,2.03231
66540,5.35696,11310.6,2.03846
66600,5.71514,11448.2,2.03992
66660,5.65691,11773.2,2.03904
66720,4.72324,10296.1,2.01297
66780,4.56188,10357.7,2.01789
66840,4.80536,10537.6,2.01709
66900,4.84335,11103.1,2.01564
66960,4.67963,10388.1,2.01377
67020,4.75672,10286.4,2.0131
67080,4.54046,10248.2,2.0086
67140,4.63413,10349.4,2.00201
67200,4.8674,10771.7,2.0137
67260,5.11002,11469.7,2.01996
67320,5.26562,11565.3,2.02348
67380,5.38609,11708.7,2.02454
67440,5.74627,11549.3,2.03426
67500,5.14806,11419.6,2.0447
67560,5.28706,11726.1,2.04302
67620,5.19974,11552.6,2.04091
67680,5.24075,11601.9,2.04039
67740,5.09774,11541.0,2.03433
67800,5.07075,11554.3,2.04241
67860,5.0579,11876.5,2.0408
67920,4.71752,11494.1,2.03378
67980,4.77385,11833.1,2.02973
68040,4.981,11751.9,2.03086
68100,4.72629,11938.6,2.02888
68160,4.8308,11659.3,2.0244
68220,4.85811,11046.2,2.02418
68280,5.09533,11370.8,2.02803
68340,5.46498,11596.9,2.02991
68400,4.80322,11282.8,2.02811
68460,4.9426,11347.6,2.03097
68520,5.02056,11788.7,2.0301
68580,4.93568,12050.8,2.03112
68640,4.40487,11250.6,2.0285
68700,4.4406,11742.7,2.02102
68760,4.31419,11492.4,2.02396
68820,4.51072,12263.7,2.01873
68880,4.62192,11714.5,2.02204
68940,4.28056,11887.6,2.02178
69000,4.34803,11817.3,2.01778
69060,4.19313,11281.3,2.01217
69120,3.92768,11096.8,2.00695
69180,3.90452,10774.9,2.00705
69240,3.82166,10349.7,2.00146
69300,4.33538,10705.0,2.00513
69360,4.04233,11015.1,2.00028
69420,4.02755,11244.1,1.99805
69480,4.05633,11098.9,1.99672
69540,4.10609,11488.0,1.9943
69600,3.83022,10377.8,1.99241
69660,3.74935,10637.0,1.99176
69720,3.92808,10765.9,1.99367
69780,3.98391,11189.3,1.98973
69840,4.07225,11061.9,1.98975
69900,3.53319,10467.1,1.99151
69960,4.06616,11019.5,1.99347
70020,3.85332,11140.2,1.99053
70080,3.78338,11282.3,1.99115
70140,4.05731,10948.9,1.9983
70200,4.43791,10864.7,2.0021
70260,4.12789,10797.5,2.00023
70320,4.39677,11458.0,2.00508
70380,4.52459,11672.4,2.00594
70440,4.22891,11023.5,2.00648
70500,4.18833,11291.0,2.00738
70560,4.2037,11204.7,2.00911
70620,4.37201,11842.8,2.00657
70680,4.29742,11641.2,2.00242
70740,4.29117,11356.3,2.00957
70800,4.40876,11458.0,2.01055
70860,4.74367,11825.5,2.00636
70920,3.92258,11069.2,2.00069
70980,4.10381,10978.7,1.9988
71040,4.26799,10913.3,2.00484
71100,4.04405,10801.0,2.00203
71160,4.23269,11042.2,2.00086
71220,4.00131,11286.2,1.99636
71280,4.19933,11457.3,1.99976
71340,4.38055,12000.9,2.00342
71400,4.47697,11554.1,2.00639
71460,4.28782,11448.4,2.00046
71520,4.26819,10999.5,1.99811
71580,4.40648,11408.5,2.00001
71640,4.55862,11604.7,2.00609
71700,4.13768,11481.7,1.99846
71760,4.52341,11731.6,1.99798
71820,4.18441,11344.1,1.99631
71880,4.23797,11450.2,1.9956
71940,4.05517,11225.5,1.99321
72000,4.48608,11691.8,1.99267
72060,4.34906,11319.4,1.99396
72120,4.51925,11405.5,1.98941
72180,4.5314,11411.1,1.9877
72240,4.35641,10865.6,1.98972
72300,4.42468,11374.1,1.98828
72360,4.32764,11029.3,1.98816
72420,4.63033,11635.0,1.99008
72480,4.57951,10946.7,1.98516
72540,4.52689,11266.4,1.98729
72600,4.50227,11200.0,1.98343
72660,3.84229,10949.7,1.97736
72720,3.9975,10844.9,1.97784
72780,4.08655,11330.4,1.97968
72840,4.13496,11541.2,1.98456
72900,4.09111,11215.5,1.98188
72960,4.27225,11284.6,1.98109
73020,4.41113,11315.0,1.98161
73080,4.46712,11482.0,1.9796
73140,4.44281,12176.3,1.97958
73200,3.8621,11597.0,1.97908
73260,3.82674,10925.9,1.98004
73320,3.77922,10897.1,1.97913
73380,4.19627,10987.0,1.97851
73440,4.06296,11040.0,1.97964
73500,4.20311,11062.2,1.9818
73560,4.49782,11108.5,1.98076
73620,4.20651,11535.0,1.97585
73680,3.7725,11353.4,1.96971
73740,3.6061,10508.4,1.97396
73800,3.76143,11038.8,1.97029
73860,4.25053,11373.1,1.9743
73920,4.08209,10878.1,1.97732
73980,4.23424,11723.3,1.97688
74040,4.20014,11586.2,1.97492
74100,4.0011,11526.1,1.9722
74160,3.69657,11181.2,1.96792
74220,3.55797,10712.0,1.9653
74280,3.33087,10169.4,1.96544
74340,3.31799,10446.5,1.96743
74400,3.76907,10648.8,1.96694
74460,3.74347,11235.8,1.96604
74520,3.51748,11034.3,1.9673
74580,3.40271,10569.7,1.96495
74640,3.43107,10569.6,1.96223
74700,2.93968,10083.1,1.95679
74760,3.67374,10372.0,1.96632
74820,3.82265,10834.1,1.96944
74880,3.90445,11220.4,1.97132
74940,3.77464,10843.5,1.97162
75000,3.8158,11345.1,1.96991
75060,3.87482,11238.8,1.9732
75120,3.76484,11318.8,1.97625
75180,3.8638,11050.8,1.97874
75240,3.8206,10712.3,1.97756
75300,3.9192,10786.1,1.9778
75360,4.01135,10796.5,1.97722
75420,4.04649,11042.4,1.97423
75480,4.11163,11012.8,1.97321
75540,3.95838,11169.7,1.976
75600,3.86094,10714.2,1.97572
75660,3.87536,11325.4,1.97493
75720,4.13669,11347.4,1.9739
75780,3.98302,11442.4,1.97365
75840,3.95292,11081.4,1.97274
75900,3.97175,10936.8,1.97747
75960,3.97379,10616.6,1.97891
76020,4.10341,10807.7,1.97803
76080,4.10239,10881.6,1.98514
76140,4.22667,11019.3,1.98653
76200,4.30747,11478.7,1.98481
76260,4.44717,11662.1,1.98827
76320,4.47622,11400.5,1.98839
76380,4.35211,11609.1,1.98686
76440,4.23816,10880.3,1.9894
76500,4.37595,11233.1,1.98608
76560,4.70116,11149.8,1.98934
76620,4.48798,11917.9,1.98805
76680,4.54995,11784.0,1.98894
76740,4.46657,11644.1,1.98998
76800,4.63318,11473.3,1.98889
76860,4.6143,11165.5,1.98946
76920,4.35874,10976.6,1.98851
76980,4.40708,11026.0,1.98903
77040,4.26494,10978.3,1.98925
77100,4.85654,11466.2,1.98744
77160,4.5646,11345.8,1.98795
77220,4.31833,11056.8,1.98974
77280,4.44769,11738.9,1.99074
77340,4.5984,11990.5,1.98926
77400,4.95989,12260.9,1.9934
77460,4.75276,11513.2,1.99104
77520,4.86234,11685.4,1.98807
77580,4.57669,11564.7,1.98988
77640,4.89569,11644.2,1.98806
77700,4.64393,11288.3,1.98626
77760,4.24907,11863.3,1.98467
77820,4.53502,11563.5,1.98806
77880,4.58411,11318.9,1.98823
77940,4.53444,11604.0,1.98913
78000,4.52826,11677.6,1.98589
78060,4.59394,11592.4,1.98421
78120,4.77117,11786.7,1.98508
78180,4.45392,11681.9,1.98512
78240,4.47645,11375.8,1.98126
78300,4.28148,11315.9,1.9819
78360,4.32981,11448.2,1.97988
78420,4.44423,11758.8,1.98155
78480,4.01806,11464.3,1.9826
78540,4.22435,11878.7,1.9817
78600,4.18618,11838.0,1.97887
78660,4.32301,11592.4,1.97704
78720,4.23337,11615.9,1.97722
78780,4.09093,11308.4,1.97849
78840,4.23003,11119.5,1.97777
78900,4.12017,11023.6,1.97608
78960,4.10948,11210.5,1.97632
79020,4.15779,10977.5,1.97685
79080,4.28964,11837.4,1.97651
79140,3.86537,11406.2,1.97695
79200,3.89973,11501.1,1.97783
79260,3.72194,11307.3,1.97765
79320,3.65825,11276.6,1.97719
79380,3.84781,11276.6,1.97555
79440,4.05676,11066.0,1.97836
79500,3.84489,11404.1,1.97461
79560,3.92484,11218.0,1.97644
79620,4.05477,11122.3,1.97557
79680,3.83769,10905.6,1.97526
79740,3.82773,11127.3,1.97755
79800,3.73996,11158.5,1.9743
79860,3.78053,11493.4,1.97235
79920,3.54822,11294.6,1.97257
79980,3.85944,11588.3,1.97486
80040,4.04149,11778.2,1.97408
80100,3.92693,10640.6,1.97378
80160,3.72398,10984.2,1.9728
80220,4.03684,11427.5,1.97372
80280,4.04083,10867.7,1.97203
80340,3.97462,10803.3,1.97505
80400,3.89531,10516.1,1.97325
80460,3.74048,10376.4,1.97272
80520,3.71984,10698.6,1.97191
80580,3.69483,10405.2,1.97192
80640,3.61135,10840.3,1.97129
80700,3.97654,11160.6,1.97113
80760,3.83349,10885.1,1.97193
80820,3.70445,11332.1,1.97039
80880,3.76299,11859.8,1.9716
80940,3.77713,10907.0,1.97192
81000,3.53518,11378.9,1.97157
81060,3.79164,11416.7,1.97105
81120,3.67818,11229.9,1.96898
81180,3.6496,11178.8,1.96812
81240,3.85216,11664.3,1.96999
81300,3.97707,11677.2,1.96815
81360,3.80793,11389.8,1.96998
81420,3.66597,10399.3,1.97085
81480,3.83095,11039.9,1.9699
81540,3.66275,11000.0,1.96875
81600,3.90521,11238.4,1.96821
81660,3.96629,11939.1,1.96682
81720,3.74034,11576.1,1.96794
81780,3.63463,11059.2,1.96994
81840,3.72519,11033.8,1.96725
81900,3.57514,10758.2,1.9692
81960,3.55521,10425.4,1.97016
82020,3.50417,10502.7,1.9683
82080,3.67604,10953.3,1.96623
82140,3.34682,10752.9,1.96961
82200,3.86916,10876.8,1.97004
82260,3.44583,10952.1,1.96668
82320,3.82049,10923.2,1.96725
82380,3.64811,10921.7,1.96781
82440,3.63888,10902.6,1.96569
82500,3.87759,11427.1,1.96694
82560,3.7769,11233.7,1.9634
82620,3.6314,10948.6,1.96394
82680,3.64252,11240.4,1.96382
82740,3.52115,10982.6,1.96231
82800,3.5308,10605.3,1.96603
82860,3.49116,10742.8,1.96397
82920,3.6137,11040.7,1.96123
82980,3.83473,10690.9,1.96491
83040,3.75499,10738.5,1.9655
83100,3.76152,10902.9,1.96392
83160,3.57905,10567.0,1.96571
83220,3.53698,10699.7,1.96489
83280,3.67171,11573.5,1.965
83340,3.47405,10971.2,1.96296
83400,3.6865,10697.8,1.96109
83460,3.65324,11165.8,1.96057
83520,3.94871,11531.5,1.96265
83580,3.8489,11015.9,1.95981
83640,3.49454,10575.8,1.96107
83700,3.65474,10500.6,1.96028
83760,3.47816,10314.9,1.95879
83820,3.60668,10595.2,1.95861
83880,3.71565,10979.8,1.95897
83940,3.73914,10957.3,1.96093
84000,3.61658,10937.7,1.96285
84060,3.67892,10629.0,1.96257
84120,3.41709,10601.8,1.96041
84180,3.75622,11473.8,1.96184
84240,3.48887,11030.6,1.9592
84300,3.61805,11053.8,1.95971
84360,3.59659,10987.7,1.96009
84420,3.39428,10718.8,1.95923
84480,3.38577,10723.2,1.95701
84540,3.54002,10677.0,1.96116
84600,3.19868,10549.1,1.95949
84660,3.48152,10575.5,1.96099
84720,3.56568,10861.8,1.96059
84780,3.8313,11253.1,1.96277
84840,3.70304,11091.8,1.96218
84900,3.82811,10781.2,1.96106
84960,3.59462,11510.7,1.96147
85020,4.14242,11702.8,1.96351
85080,3.87714,11569.9,1.96036
85140,3.9133,11439.2,1.95989
85200,3.67796,11102.5,1.9607
85260,3.71769,10932.5,1.96146
85320,3.70294,10990.0,1.9603
85380,3.68154,11000.8,1.96204
85440,3.58314,11107.7,1.96198
85500,3.56293,11133.0,1.96007
85560,3.42792,11033.4,1.96029
85620,3.49997,11124.2,1.95995
85680,3.46019,10855.9,1.95851
85740,3.29117,10990.6,1.95952
85800,3.28929,10763.2,1.95836
85860,3.2721,10379.0,1.96061
85920,3.31009,10549.3,1.96141
85980,3.19182,10719.6,1.95885
86040,3.49188,11401.2,1.95743
86100,3.35537,11070.6,1.9599
86160,3.37978,11357.4,1.96045
86220,3.43718,11194.2,1.95851
86280,3.4734,11275.3,1.95923
86340,-9999.0,-9999.0,-9999.0
