CampaignData_and_Merges/R0/CSL_MobileLab_Parked/raw/20240731/USOS-jNO2_MobileLabGround_20240731_R0.ict
52,1001
Waxman, E.; Rollins, A.; Zuraski, K.; Chace, W.
NOAA Chemical Sciences Laboratory
jNO2 filter radiometer on CSL Mobile Lab
AMMBEC / USOS
1, 1
2024,07,31, 2025,04,01
60
Time_Start, seconds, number_of_seconds_since_0000_UTC
20
1, 1, 1, 1, 1, 1, 1, 1, 1, 1, 1, 1, 1, 1, 1, 1, 1, 1, 1, 1
-9999, -9999, -9999, -9999, -9999, -9999, -9999, -9999, -9999, -9999, -9999, -9999, -9999, -9999, -9999, -9999, -9999, -9999, -9999, -9999
Time_Stop, seconds, number_of_seconds_since_0000_UTC
jNO2_meas, per second, photolysis rate of NO2 measured using a filter radiometer.
jBrCl, per second, photolysis rate of BrCl -> Br + Cl calculated in TUV for cloud-free sky with local AOD
jBr2, per second, photolysis rate of Br2 -> Br + Br calculated in TUV for cloud-free sky with local AOD
jCCl4, per second, photolysis rate of CCl4 -> Products calcualted in TUV for cloud-free sky with local AOD
jCH2Oa, per second, photolysis rate of CH2O -> H + HCO calculated in TUV for cloud-free sky with local AOD
jCH2Ob, per second, photolysis rate of CH2O -> H2 + CO calculated in TUV for cloud-free sky with local AOD
jClNO2, per second, photolysis rate of ClNO2 -> Cl + NO2 calculated in TUV for cloud-free sky with local AOD
jClOa, per second, photolysis rate of ClO -> Cl + O(1D) calculated in TUV for cloud-free sky with local AOD
jClOb, per second, photolysis rate of ClO -> Cl + O(3P) calculated in TUV for cloud-free sky with local AOD
jCl2, per second, photolysis rate of Cl2 -> Cl + Cl calculated in TUV for cloud-free sky with local AOD
jHNO2, per second, photolysis rate of HNO2 -> OH + NO calculated in TUV for cloud-free sky with local AOD
jHNO3, per second, photolysis rate of HNO3 -> OH + NO2 calculated in TUV for cloud-free sky with local AOD
jI2, per second, photolysis rate of I2 -> I + I calculated in TUV for cloud-free sky with local AOD
jNO2, per second, photolysis rate of NO2 -> NO + O(3P) calculated in TUV for cloud-free sky with local AOD
jNO3a, per second, photolysis rate of NO3 -> NO + O2 calculated in TUV for cloud-free sky with local AOD
jNO3b, per second, photolysis rate of NO3 -> NO2 + O(3P) calculated in TUV for cloud-free sky with local AOD
jN2O5, per second, photolysis rate of N2O5 -> NO3 + NO + O(3P) calculated in TUV for cloud-free sky with local AOD
jO3, per second, photolysis rate of O3 -> O2 + O(1D) calculated in TUV for cloud-free sky with local AOD
AOD_500nm, unitless, UTC daily mean AOD at 500 nm from an AERONET station located at 40.178 N, -112.452 E
0
18
PI_CONTACT_INFO: eleanor.waxman@noaa.gov
PLATFORM: CSL Mobile Lab, at ground site
LOCATION: Salt Lake City, UT
ASSOCIATED_DATA:
INSTRUMENT_INFO: jNO2 filter radiometer.  TUV calculations are for mobile van lat/lon/altitude assuming clear sky (cloud AOD = 0) and daily mean AOD.
DATA_INFO:
UNCERTAINTY: Data uncertainties are +/- 20%.  These come from uncertainties in radiometer angular response, radiometer thermal response, local interferences from clouds/aerosols/shadows etc.
ULOD_FLAG: -7777
ULOD_VALUE: N/A
LLOD_FLAG: -8888
LLOD_VALUE: N/A
DM_CONTACT_INFO: eleanor.waxman@noaa.gov
PROJECT_INFO: USOS Project, July - August 2024
STIPULATIONS_ON_USE: Users are strongly encouraged to contact the PI for proper data usage.
OTHER_COMMENTS: 
REVISION: R0
R0: final data
Time_Start, Time_Stop, jNO2_meas, jBrCl, jBr2, jCCl4, jCH2Oa, jCH2Ob, jClNO2, jClOa, jClOb, jCl2, jHNO2, jHNO3, jI2, jNO2, jNO3a, jNO3b, jN2O5, jO3, AOD_500nm
[from data line 1135]
   68100,   68160,0.0084055,0.01058,0.03206,6.963e-22,3.204e-05,4.725e-05,0.0004667,3.411e-22,4.887e-05,0.002275,0.001479,5.877e-07,0.1146,0.009081,0.02214,0.1774,4.203e-05,3.223e-05,0.31
   68160,   68220,0.0084167,0.01058,0.03207,7.084e-22,3.206e-05,4.727e-05,0.000467,3.471e-22,4.893e-05,0.002276,0.00148,5.881e-07,0.1146,0.009083,0.02215,0.1774,4.205e-05,3.227e-05,0.31
   68220,   68280,0.0084071,0.01058,0.03207,7.211e-22,3.208e-05,4.73e-05,0.0004672,3.534e-22,4.898e-05,0.002277,0.00148,5.886e-07,0.1146,0.009086,0.02215,0.1775,4.207e-05,3.23e-05,0.31
   68280,   68340,0.0084231,0.01059,0.03208,7.336e-22,3.21e-05,4.732e-05,0.0004674,3.596e-22,4.904e-05,0.002277,0.001481,5.891e-07,0.1146,0.009089,0.02215,0.1775,4.209e-05,3.234e-05,0.31
   68340,   68400,0.0084344,0.01059,0.03208,7.452e-22,3.212e-05,4.734e-05,0.0004676,3.653e-22,4.909e-05,0.002278,0.001481,5.896e-07,0.1146,0.009091,0.02215,0.1775,4.211e-05,3.237e-05,0.31
   68400,   68460,0.0084286,0.01059,0.03209,7.571e-22,3.214e-05,4.736e-05,0.0004678,3.712e-22,4.914e-05,0.002279,0.001481,5.9e-07,0.1146,0.009094,0.02215,0.1775,4.213e-05,3.241e-05,0.31
   68460,   68520,0.0084379,0.01059,0.03209,7.691e-22,3.215e-05,4.737e-05,0.0004679,3.771e-22,4.919e-05,0.00228,0.001482,5.904e-07,0.1146,0.009096,0.02216,0.1775,4.215e-05,3.244e-05,0.31
   68520,   68580,0.0084511,0.0106,0.0321,7.801e-22,3.217e-05,4.739e-05,0.0004681,3.826e-22,4.923e-05,0.00228,0.001482,5.908e-07,0.1146,0.009098,0.02216,0.1775,4.217e-05,3.247e-05,0.31
   68580,   68640,0.0084503,0.0106,0.0321,7.916e-22,3.219e-05,4.741e-05,0.0004683,3.882e-22,4.928e-05,0.002281,0.001483,5.913e-07,0.1147,0.0091,0.02216,0.1776,4.219e-05,3.251e-05,0.31
   68640,   68700,0.0084624,0.0106,0.03211,8.028e-22,3.22e-05,4.743e-05,0.0004684,3.938e-22,4.932e-05,0.002282,0.001483,5.917e-07,0.1147,0.009102,0.02216,0.1776,4.221e-05,3.254e-05,0.31
   68700,   68760,0.008472,0.0106,0.03211,8.128e-22,3.222e-05,4.744e-05,0.0004686,3.988e-22,4.936e-05,0.002282,0.001483,5.92e-07,0.1147,0.009104,0.02216,0.1776,4.222e-05,3.256e-05,0.31
   68760,   68820,0.0084708,0.0106,0.03211,8.235e-22,3.223e-05,4.746e-05,0.0004688,4.04e-22,4.94e-05,0.002283,0.001484,5.924e-07,0.1147,0.009106,0.02216,0.1776,4.224e-05,3.259e-05,0.31
   68820,   68880,0.0084631,0.0106,0.03212,8.338e-22,3.225e-05,4.747e-05,0.0004689,4.091e-22,4.944e-05,0.002283,0.001484,5.927e-07,0.1147,0.009108,0.02217,0.1776,4.225e-05,3.262e-05,0.31
   68880,   68940,0.0084829,0.01061,0.03212,8.433e-22,3.226e-05,4.749e-05,0.000469,4.138e-22,4.948e-05,0.002284,0.001484,5.93e-07,0.1147,0.00911,0.02217,0.1776,4.227e-05,3.264e-05,0.31
   68940,   69000,0.0084964,0.01061,0.03212,8.53e-22,3.227e-05,4.75e-05,0.0004692,4.186e-22,4.951e-05,0.002284,0.001485,5.934e-07,0.1147,0.009112,0.02217,0.1776,4.228e-05,3.267e-05,0.31
   69000,   69060,0.0085422,0.01061,0.03213,8.623e-22,3.228e-05,4.751e-05,0.0004693,4.232e-22,4.955e-05,0.002285,0.001485,5.937e-07,0.1147,0.009113,0.02217,0.1776,4.23e-05,3.269e-05,0.31
   69060,   69120,0.0085516,0.01061,0.03213,8.706e-22,3.229e-05,4.753e-05,0.0004694,4.273e-22,4.958e-05,0.002285,0.001485,5.939e-07,0.1147,0.009115,0.02217,0.1777,4.231e-05,3.271e-05,0.31
   69120,   69180,0.0085429,0.01061,0.03213,8.792e-22,3.23e-05,4.754e-05,0.0004695,4.316e-22,4.961e-05,0.002286,0.001485,5.942e-07,0.1147,0.009116,0.02217,0.1777,4.232e-05,3.273e-05,0.31
   69180,   69240,0.0085184,0.01061,0.03214,8.875e-22,3.232e-05,4.755e-05,0.0004697,4.357e-22,4.964e-05,0.002286,0.001486,5.945e-07,0.1147,0.009118,0.02217,0.1777,4.233e-05,3.275e-05,0.31
   69240,   69300,0.0085328,0.01061,0.03214,8.948e-22,3.232e-05,4.756e-05,0.0004698,4.393e-22,4.967e-05,0.002287,0.001486,5.947e-07,0.1147,0.009119,0.02217,0.1777,4.234e-05,3.277e-05,0.31
   69300,   69360,0.0085475,0.01061,0.03214,9.023e-22,3.233e-05,4.757e-05,0.0004699,4.43e-22,4.969e-05,0.002287,0.001486,5.95e-07,0.1148,0.00912,0.02217,0.1777,4.235e-05,3.279e-05,0.31
   69360,   69420,0.0085244,0.01062,0.03214,9.091e-22,3.234e-05,4.758e-05,0.0004699,4.464e-22,4.971e-05,0.002287,0.001486,5.952e-07,0.1148,0.009121,0.02217,0.1777,4.236e-05,3.281e-05,0.31
   69420,   69480,0.0085162,0.01062,0.03215,9.153e-22,3.235e-05,4.759e-05,0.00047,4.495e-22,4.974e-05,0.002288,0.001487,5.954e-07,0.1148,0.009122,0.02218,0.1777,4.237e-05,3.282e-05,0.31
   69480,   69540,0.0085308,0.01062,0.03215,9.215e-22,3.236e-05,4.76e-05,0.0004701,4.525e-22,4.976e-05,0.002288,0.001487,5.955e-07,0.1148,0.009123,0.02218,0.1777,4.238e-05,3.284e-05,0.31
   69540,   69600,0.0085303,0.01062,0.03215,9.272e-22,3.236e-05,4.76e-05,0.0004702,4.554e-22,4.978e-05,0.002288,0.001487,5.957e-07,0.1148,0.009124,0.02218,0.1777,4.239e-05,3.285e-05,0.31
   69600,   69660,0.0085212,0.01062,0.03215,9.322e-22,3.237e-05,4.761e-05,0.0004702,4.578e-22,4.979e-05,0.002289,0.001487,5.959e-07,0.1148,0.009125,0.02218,0.1777,4.239e-05,3.286e-05,0.31
   69660,   69720,0.008525,0.01062,0.03215,9.37e-22,3.238e-05,4.762e-05,0.0004703,4.602e-22,4.981e-05,0.002289,0.001487,5.96e-07,0.1148,0.009126,0.02218,0.1777,4.24e-05,3.287e-05,0.31
   69720,   69780,0.0085357,0.01062,0.03215,9.411e-22,3.238e-05,4.762e-05,0.0004704,4.623e-22,4.982e-05,0.002289,0.001487,5.961e-07,0.1148,0.009127,0.02218,0.1777,4.24e-05,3.288e-05,0.31
   69780,   69840,0.0085518,0.01062,0.03216,9.448e-22,3.239e-05,4.763e-05,0.0004704,4.641e-22,4.984e-05,0.002289,0.001487,5.963e-07,0.1148,0.009127,0.02218,0.1777,4.241e-05,3.289e-05,0.31
   69840,   69900,0.0085773,0.01062,0.03216,9.482e-22,3.239e-05,4.763e-05,0.0004704,4.657e-22,4.985e-05,0.002289,0.001488,5.964e-07,0.1148,0.009128,0.02218,0.1777,4.241e-05,3.29e-05,0.31
   69900,   69960,0.0085773,0.01062,0.03216,9.511e-22,3.239e-05,4.763e-05,0.0004705,4.672e-22,4.986e-05,0.00229,0.001488,5.964e-07,0.1148,0.009128,0.02218,0.1777,4.242e-05,3.291e-05,0.31
   69960,   70020,0.0085913,0.01062,0.03216,9.534e-22,3.239e-05,4.764e-05,0.0004705,4.683e-22,4.987e-05,0.00229,0.001488,5.965e-07,0.1148,0.009129,0.02218,0.1778,4.242e-05,3.291e-05,0.31
   70020,   70080,0.0085999,0.01062,0.03216,9.553e-22,3.24e-05,4.764e-05,0.0004705,4.693e-22,4.987e-05,0.00229,0.001488,5.966e-07,0.1148,0.009129,0.02218,0.1778,4.242e-05,3.291e-05,0.31
   70080,   70140,0.0085757,0.01062,0.03216,9.565e-22,3.24e-05,4.764e-05,0.0004705,4.699e-22,4.988e-05,0.00229,0.001488,5.966e-07,0.1148,0.009129,0.02218,0.1778,4.242e-05,3.292e-05,0.31
   70140,   70200,0.008556,0.01062,0.03216,9.574e-22,3.24e-05,4.764e-05,0.0004706,4.703e-22,4.988e-05,0.00229,0.001488,5.966e-07,0.1148,0.009129,0.02218,0.1778,4.243e-05,3.292e-05,0.31
   70200,   70260,0.008547,0.01062,0.03216,9.578e-22,3.24e-05,4.764e-05,0.0004706,4.705e-22,4.988e-05,0.00229,0.001488,5.966e-07,0.1148,0.009129,0.02218,0.1778,4.243e-05,3.292e-05,0.31
   70260,   70320,0.0085539,0.01062,0.03216,9.577e-22,3.24e-05,4.764e-05,0.0004706,4.705e-22,4.988e-05,0.00229,0.001488,5.966e-07,0.1148,0.009129,0.02218,0.1778,4.243e-05,3.292e-05,0.31
   70320,   70380,0.0085479,0.01062,0.03216,9.572e-22,3.24e-05,4.764e-05,0.0004706,4.702e-22,4.988e-05,0.00229,0.001488,5.966e-07,0.1148,0.009129,0.02218,0.1778,4.243e-05,3.292e-05,0.31
   70380,   70440,0.0085366,0.01062,0.03216,9.559e-22,3.24e-05,4.764e-05,0.0004705,4.696e-22,4.987e-05,0.00229,0.001488,5.966e-07,0.1148,0.009129,0.02218,0.1778,4.242e-05,3.292e-05,0.31
   70440,   70500,0.0085295,0.01062,0.03216,9.543e-22,3.24e-05,4.764e-05,0.0004705,4.688e-22,4.987e-05,0.00229,0.001488,5.965e-07,0.1148,0.009129,0.02218,0.1778,4.242e-05,3.291e-05,0.31
   70500,   70560,0.0085364,0.01062,0.03216,9.524e-22,3.239e-05,4.764e-05,0.0004705,4.678e-22,4.986e-05,0.00229,0.001488,5.965e-07,0.1148,0.009128,0.02218,0.1777,4.242e-05,3.291e-05,0.31
   70560,   70620,0.0085536,0.01062,0.03216,9.498e-22,3.239e-05,4.763e-05,0.0004705,4.666e-22,4.985e-05,0.00229,0.001488,5.964e-07,0.1148,0.009128,0.02218,0.1777,4.242e-05,3.29e-05,0.31
   70620,   70680,0.0085704,0.01062,0.03216,9.468e-22,3.239e-05,4.763e-05,0.0004704,4.651e-22,4.984e-05,0.002289,0.001487,5.963e-07,0.1148,0.009128,0.02218,0.1777,4.241e-05,3.29e-05,0.31
   70680,   70740,0.0085696,0.01062,0.03216,9.435e-22,3.238e-05,4.762e-05,0.0004704,4.634e-22,4.983e-05,0.002289,0.001487,5.962e-07,0.1148,0.009127,0.02218,0.1777,4.241e-05,3.289e-05,0.31
   70740,   70800,0.0085737,0.01062,0.03215,9.393e-22,3.238e-05,4.762e-05,0.0004703,4.613e-22,4.982e-05,0.002289,0.001487,5.961e-07,0.1148,0.009126,0.02218,0.1777,4.24e-05,3.288e-05,0.31
   70800,   70860,0.0085748,0.01062,0.03215,9.348e-22,3.237e-05,4.761e-05,0.0004703,4.591e-22,4.98e-05,0.002289,0.001487,5.96e-07,0.1148,0.009126,0.02218,0.1777,4.24e-05,3.287e-05,0.31
   70860,   70920,0.0085535,0.01062,0.03215,9.302e-22,3.237e-05,4.761e-05,0.0004702,4.568e-22,4.979e-05,0.002289,0.001487,5.958e-07,0.1148,0.009125,0.02218,0.1777,4.239e-05,3.286e-05,0.31
   70920,   70980,0.0085463,0.01062,0.03215,9.248e-22,3.236e-05,4.76e-05,0.0004701,4.542e-22,4.977e-05,0.002288,0.001487,5.957e-07,0.1148,0.009124,0.02218,0.1777,4.238e-05,3.284e-05,0.31
   70980,   71040,0.0085434,0.01062,0.03215,9.189e-22,3.235e-05,4.759e-05,0.0004701,4.513e-22,4.975e-05,0.002288,0.001487,5.955e-07,0.1148,0.009123,0.02218,0.1777,4.237e-05,3.283e-05,0.31
   71040,   71100,0.008551,0.01062,0.03215,9.13e-22,3.235e-05,4.758e-05,0.00047,4.483e-22,4.973e-05,0.002288,0.001487,5.953e-07,0.1148,0.009122,0.02218,0.1777,4.237e-05,3.282e-05,0.31
   71100,   71160,0.0085589,0.01062,0.03214,9.061e-22,3.234e-05,4.757e-05,0.0004699,4.449e-22,4.97e-05,0.002287,0.001486,5.951e-07,0.1148,0.009121,0.02217,0.1777,4.236e-05,3.28e-05,0.31
   71160,   71220,0.0085639,0.01061,0.03214,8.989e-22,3.233e-05,4.757e-05,0.0004698,4.414e-22,4.968e-05,0.002287,0.001486,5.949e-07,0.1147,0.00912,0.02217,0.1777,4.235e-05,3.278e-05,0.31
   71220,   71280,0.0085504,0.01061,0.03214,8.918e-22,3.232e-05,4.756e-05,0.0004697,4.378e-22,4.965e-05,0.002287,0.001486,5.946e-07,0.1147,0.009118,0.02217,0.1777,4.234e-05,3.277e-05,0.31
   71280,   71340,0.0085451,0.01061,0.03214,8.839e-22,3.231e-05,4.754e-05,0.0004696,4.339e-22,4.963e-05,0.002286,0.001486,5.944e-07,0.1147,0.009117,0.02217,0.1777,4.233e-05,3.275e-05,0.31
   71340,   71400,0.0085187,0.01061,0.03213,8.755e-22,3.23e-05,4.753e-05,0.0004695,4.298e-22,4.96e-05,0.002286,0.001485,5.941e-07,0.1147,0.009116,0.02217,0.1777,4.232e-05,3.272e-05,0.31
   71400,   71460,0.0085142,0.01061,0.03213,8.671e-22,3.229e-05,4.752e-05,0.0004694,4.256e-22,4.957e-05,0.002285,0.001485,5.938e-07,0.1147,0.009114,0.02217,0.1777,4.23e-05,3.27e-05,0.31
   71460,   71520,0.008525,0.01061,0.03213,8.58e-22,3.228e-05,4.751e-05,0.0004693,4.211e-22,4.953e-05,0.002285,0.001485,5.935e-07,0.1147,0.009113,0.02217,0.1776,4.229e-05,3.268e-05,0.31
   71520,   71580,0.008528,0.01061,0.03212,8.486e-22,3.226e-05,4.75e-05,0.0004691,4.165e-22,4.95e-05,0.002284,0.001485,5.932e-07,0.1147,0.009111,0.02217,0.1776,4.228e-05,3.266e-05,0.31
   71580,   71640,0.0085343,0.01061,0.03212,8.394e-22,3.225e-05,4.748e-05,0.000469,4.119e-22,4.946e-05,0.002284,0.001484,5.929e-07,0.1147,0.009109,0.02217,0.1776,4.226e-05,3.263e-05,0.31
   71640,   71700,0.0085282,0.0106,0.03212,8.293e-22,3.224e-05,4.747e-05,0.0004688,4.069e-22,4.942e-05,0.002283,0.001484,5.926e-07,0.1147,0.009107,0.02216,0.1776,4.225e-05,3.261e-05,0.31
   71700,   71760,0.0085383,0.0106,0.03211,8.189e-22,3.223e-05,4.745e-05,0.0004687,4.018e-22,4.938e-05,0.002283,0.001484,5.922e-07,0.1147,0.009106,0.02216,0.1776,4.223e-05,3.258e-05,0.31
   71760,   71820,0.0085398,0.0106,0.03211,8.087e-22,3.221e-05,4.744e-05,0.0004685,3.967e-22,4.934e-05,0.002282,0.001483,5.919e-07,0.1147,0.009104,0.02216,0.1776,4.222e-05,3.255e-05,0.31
   71820,   71880,0.0085279,0.0106,0.0321,7.977e-22,3.22e-05,4.742e-05,0.0004684,3.913e-22,4.93e-05,0.002281,0.001483,5.915e-07,0.1147,0.009102,0.02216,0.1776,4.22e-05,3.252e-05,0.31
   71880,   71940,0.0085175,0.0106,0.0321,7.864e-22,3.218e-05,4.74e-05,0.0004682,3.857e-22,4.926e-05,0.002281,0.001482,5.911e-07,0.1146,0.009099,0.02216,0.1775,4.218e-05,3.249e-05,0.31
   71940,   72000,0.008518,0.01059,0.0321,7.756e-22,3.216e-05,4.739e-05,0.000468,3.803e-22,4.921e-05,0.00228,0.001482,5.907e-07,0.1146,0.009097,0.02216,0.1775,4.216e-05,3.246e-05,0.31
   72000,   72060,0.0085164,0.01059,0.03209,7.639e-22,3.215e-05,4.737e-05,0.0004679,3.745e-22,4.916e-05,0.002279,0.001482,5.903e-07,0.1146,0.009095,0.02216,0.1775,4.215e-05,3.243e-05,0.31
   72060,   72120,0.0085223,0.01059,0.03209,7.517e-22,3.213e-05,4.735e-05,0.0004677,3.685e-22,4.911e-05,0.002279,0.001481,5.898e-07,0.1146,0.009093,0.02215,0.1775,4.213e-05,3.239e-05,0.31
   72120,   72180,0.0085262,0.01059,0.03208,7.403e-22,3.211e-05,4.733e-05,0.0004675,3.629e-22,4.907e-05,0.002278,0.001481,5.894e-07,0.1146,0.00909,0.02215,0.1775,4.211e-05,3.236e-05,0.31
   72180,   72240,0.0085077,0.01059,0.03208,7.279e-22,3.209e-05,4.731e-05,0.0004673,3.568e-22,4.901e-05,0.002277,0.00148,5.889e-07,0.1146,0.009088,0.02215,0.1775,4.209e-05,3.232e-05,0.31
   72240,   72300,0.0085132,0.01058,0.03207,7.154e-22,3.207e-05,4.729e-05,0.0004671,3.506e-22,4.896e-05,0.002276,0.00148,5.884e-07,0.1146,0.009085,0.02215,0.1774,4.206e-05,3.229e-05,0.31
   72300,   72360,0.0085278,0.01058,0.03207,7.035e-22,3.206e-05,4.727e-05,0.0004669,3.447e-22,4.891e-05,0.002275,0.001479,5.88e-07,0.1146,0.009082,0.02215,0.1774,4.204e-05,3.225e-05,0.31
   72360,   72420,0.0085243,0.01058,0.03206,6.906e-22,3.204e-05,4.724e-05,0.0004667,3.383e-22,4.885e-05,0.002275,0.001479,5.874e-07,0.1145,0.00908,0.02214,0.1774,4.202e-05,3.221e-05,0.31
   72420,   72480,0.0085193,0.01058,0.03206,6.775e-22,3.201e-05,4.722e-05,0.0004664,3.318e-22,4.879e-05,0.002274,0.001478,5.869e-07,0.1145,0.009077,0.02214,0.1774,4.2e-05,3.217e-05,0.31
   72480,   72540,0.0085199,0.01057,0.03205,6.652e-22,3.199e-05,4.72e-05,0.0004662,3.258e-22,4.873e-05,0.002273,0.001478,5.864e-07,0.1145,0.009074,0.02214,0.1774,4.197e-05,3.213e-05,0.31
   72540,   72600,0.0085136,0.01057,0.03204,6.52e-22,3.197e-05,4.717e-05,0.000466,3.193e-22,4.867e-05,0.002272,0.001477,5.858e-07,0.1145,0.009071,0.02214,0.1773,4.195e-05,3.209e-05,0.31
   72600,   72660,0.0085155,0.01057,0.03204,6.388e-22,3.195e-05,4.715e-05,0.0004657,3.127e-22,4.86e-05,0.002271,0.001477,5.852e-07,0.1145,0.009068,0.02214,0.1773,4.192e-05,3.204e-05,0.31
   72660,   72720,0.0085037,0.01057,0.03203,6.263e-22,3.193e-05,4.713e-05,0.0004655,3.065e-22,4.854e-05,0.00227,0.001476,5.847e-07,0.1145,0.009065,0.02213,0.1773,4.19e-05,3.2e-05,0.31
   72720,   72780,0.0085023,0.01056,0.03202,6.129e-22,3.19e-05,4.71e-05,0.0004652,2.999e-22,4.847e-05,0.002269,0.001476,5.841e-07,0.1145,0.009061,0.02213,0.1773,4.187e-05,3.196e-05,0.31
   72780,   72840,0.0084805,0.01056,0.03202,5.994e-22,3.188e-05,4.707e-05,0.0004649,2.932e-22,4.84e-05,0.002268,0.001475,5.835e-07,0.1144,0.009058,0.02213,0.1773,4.184e-05,3.191e-05,0.31
   72840,   72900,0.0084594,0.01056,0.03201,5.867e-22,3.185e-05,4.705e-05,0.0004647,2.87e-22,4.834e-05,0.002267,0.001474,5.829e-07,0.1144,0.009055,0.02213,0.1772,4.182e-05,3.186e-05,0.31
   72900,   72960,0.0084639,0.01055,0.032,5.733e-22,3.183e-05,4.702e-05,0.0004644,2.804e-22,4.827e-05,0.002266,0.001474,5.822e-07,0.1144,0.009051,0.02212,0.1772,4.179e-05,3.181e-05,0.31
   72960,   73020,0.0084591,0.01055,0.032,5.599e-22,3.18e-05,4.699e-05,0.0004641,2.737e-22,4.819e-05,0.002265,0.001473,5.816e-07,0.1144,0.009047,0.02212,0.1772,4.176e-05,3.176e-05,0.31
   73020,   73080,0.0084565,0.01055,0.03199,5.473e-22,3.178e-05,4.696e-05,0.0004639,2.675e-22,4.812e-05,0.002263,0.001473,5.809e-07,0.1144,0.009044,0.02212,0.1771,4.173e-05,3.171e-05,0.31
   73080,   73140,0.0084594,0.01054,0.03198,5.338e-22,3.175e-05,4.693e-05,0.0004636,2.609e-22,4.804e-05,0.002262,0.001472,5.802e-07,0.1143,0.00904,0.02211,0.1771,4.17e-05,3.166e-05,0.31
