CampaignData_and_Merges/R0/CSL_MobileLab_Parked/raw/20240731/USOS-NOAAIodideCIMS-HNO2_MobileLabGround_20240731_RA.ict
33, 1001
Michael A Robinson, Chris Jernigan, Subi Thakali
NOAA ESRL Chemical Sciences Laboratory and CIRES, U. of Colorado
NOAA Iodide CIMS Instrument
USOS
1, 1
2024, 07, 31, 2024, 08, 01
1
starttime_UTC, seconds_past_midnight, seconds_of_day_since_00:00:00_UTC
1
1
-9999
HNO2_NOAACIMS, pptv, Gas_HNO2_InSitu_S_AVMR, 
0
18
PI_CONTACT_INFO: 325 Broadway, R/CSD 7, Boulder, Colorado 80305; michael.a.robinson@noaa.gov; chris.jernigan@noaa.gov;
PLATFORM: NOAA CSL Mobile Lab
LOCATION: SLC, Utah
ASSOCIATED_DATA: 1Hz data also available on request.
INSTRUMENT_INFO: NOAA I- ToF CIMS
DATA_INFO: All data in parts per trillion by volume (pptv). 1 Hz data is available upon request.
UNCERTAINTY: TBD
ULOD_FLAG: -7777
ULOD_VALUE: N/A
LLOD_FLAG: -8888
LLOD_VALUE: N/A
DM_CONTACT_INFO: Nathan Howard; nathan.h.howard@noaa.gov
PROJECT_INFO: USOS, summer 2024. https://csl.noaa.gov/groups/csl7/measurements/2024usos/
STIPULATIONS_ON_USE: Users are strongly encouraged to contact the PI for proper data usage.
OTHER_COMMENTS: 
REVISION: RA
RA: Preliminary Data; For in-field use only
starttime_UTC, HNO2_NOAACIMS
     0, -9999.000
    60, -9999.000
   120, -9999.000
   180, -9999.000
   240, -9999.000
   300, -9999.000
   360, -9999.000
   420, -9999.000
   480, -9999.000
   540, -9999.000
   600, -9999.000
   660, -9999.000
   720, -9999.000
   780, -9999.000
   840, -9999.000
   900, -9999.000
   960, -9999.000
  1020, -9999.000
  1080, -9999.000
  1140, -9999.000
  1200, -9999.000
  1260, -9999.000
  1320, -9999.000
  1380, -9999.000
  1440, -9999.000
  1500, -9999.000
  1560, -9999.000
  1620, -9999.000
  1680, -9999.000
  1740, -9999.000
  1800, -9999.000
  1860, -9999.000
  1920, -9999.000
  1980, -9999.000
  2040, -9999.000
  2100, -9999.000
  2160, -9999.000
  2220, -9999.000
  2280, -9999.000
  2340, -9999.000
  2400, -9999.000
  2460, -9999.000
  2520, -9999.000
  2580, -9999.000
  2640, -9999.000
  2700, -9999.000
  2760, -9999.000
  2820, -9999.000
  2880, -9999.000
  2940, -9999.000
  3000, -9999.000
  3060, -9999.000
  3120, -9999.000
  3180, -9999.000
  3240, -9999.000
  3300,  0.152
  3360,  7.464
  3420,  7.031
  3480, 27.792
  3540,  4.199
  3600, -9999.000
  3660, -9999.000
  3720, -9999.000
  3780, -9999.000
  3840, -9999.000
  3900,  1.954
  3960,  4.279
  4020,  4.199
  4080,  0.548
  4140,  4.087
  4200,  7.782
  4260,  3.634
  4320,  3.839
  4380,  5.741
  4440, -9999.000
  4500,  9.336
  4560,  3.519
  4620,  3.599
  4680,  5.006
  4740,  6.883
  4800,  7.463
  4860,  5.052
  4920,  5.326
  4980,  8.752
  5040,  4.816
  5100,  7.535
  5160,  5.299
  5220,  4.443
  5280,  5.575
  5340,  4.988
  5400, 13.447
  5460,  8.782
  5520,  6.634
  5580,  6.705
  5640,  7.904
  5700,  4.842
  5760,  4.591
  5820,  6.356
  5880,  4.637
  5940,  9.238
  6000,  6.914
  6060,  6.176
  6120,  4.865
  6180,  5.394
  6240,  5.541
  6300, -9999.000
  6360, 12.761
  6420,  9.753
  6480,  6.709
  6540,  4.502
  6600, 12.131
  6660,  7.406
  6720,  2.901
  6780,  5.706
  6840,  3.800
  6900,  9.564
  6960,  3.966
  7020, 10.679
  7080, 12.321
  7140,  8.960
  7200, 11.919
  7260,  7.347
  7320,  7.337
  7380,  9.582
  7440, 13.052
  7500, 15.374
  7560, 13.356
  7620, 17.975
  7680, 12.529
  7740, 15.728
  7800, 20.226
  7860, 19.235
  7920, 14.900
  7980, 31.901
  8040, 29.800
  8100, 35.678
  8160, -9999.000
  8220, 36.859
  8280, 33.250
  8340, 35.339
  8400, 42.353
  8460, 29.360
  8520, 28.772
  8580, 31.084
  8640, 33.213
  8700, 27.498
  8760, 25.051
  8820, 21.029
  8880, 30.715
  8940, 34.299
  9000, 44.796
  9060, 52.844
  9120, 42.962
  9180, 33.628
  9240, 28.337
  9300, 26.713
  9360, 30.033
  9420, 33.628
  9480, 34.276
  9540, 36.923
  9600, 40.405
  9660, 39.277
  9720, 42.402
  9780, 36.315
  9840, 44.006
  9900, 36.749
  9960, 36.418
 10020, 33.867
 10080, 34.011
 10140, 34.979
 10200, 39.249
 10260, 35.194
 10320, 36.287
 10380, 34.938
 10440, 35.331
 10500, 35.776
 10560, 36.627
 10620, 31.127
 10680, 36.293
 10740, 32.269
 10800, 32.214
 10860, 34.864
 10920, 33.907
 10980, 29.738
 11040, 34.798
 11100, 27.441
 11160, 33.011
 11220, 35.225
 11280, 33.044
 11340, 25.848
 11400, 31.881
 11460, 34.398
 11520, 35.957
 11580, 31.398
 11640, 35.855
 11700, 33.253
 11760, 28.397
 11820, 28.356
 11880, 24.386
 11940, 25.516
 12000, 31.037
 12060, 27.207
 12120, 34.724
 12180, 33.584
 12240, 30.349
 12300, 41.559
 12360, 41.123
 12420, 64.303
 12480, 39.034
 12540, 32.565
 12600, 36.542
 12660, 34.429
 12720, 36.452
 12780, 30.297
 12840, 27.492
 12900, 35.466
 12960, 33.974
 13020, 32.111
 13080, 35.810
 13140, 31.215
 13200, 41.088
 13260, 34.749
 13320, 39.074
 13380, 37.310
 13440, 33.892
 13500, 37.937
 13560, 41.095
 13620, 44.290
 13680, 42.691
 13740, 43.591
 13800, 41.405
 13860, 41.204
 13920, 48.316
 13980, 40.341
 14040, 37.689
 14100, 46.409
 14160, 33.809
 14220, 45.492
 14280, 33.888
 14340, 40.244
 14400, 51.040
 14460, 37.601
 14520, 41.895
 14580, 38.196
 14640, 35.536
 14700, 35.269
 14760, 40.652
 14820, 38.937
 14880, 25.265
 14940, 30.407
 15000, 32.838
 15060, 33.432
 15120, 43.498
 15180, 44.859
 15240, 55.377
 15300, 39.337
 15360, 23.487
 15420, 39.759
 15480, 40.515
 15540, -9999.000
 15600, 27.165
 15660, 28.449
 15720, 60.865
 15780, 31.725
 15840, 24.265
 15900, 29.516
 15960, 19.101
 16020, 29.623
 16080, 26.124
 16140, 27.669
 16200, 25.806
 16260, 28.291
 16320, 36.545
 16380, 27.786
 16440, 26.838
 16500, 27.626
 16560, 38.269
 16620, 59.083
 16680, 66.441
 16740, 40.236
 16800, 26.890
 16860, 32.217
 16920, 33.197
 16980, 39.351
 17040, 50.172
 17100, 61.303
 17160, 59.867
 17220, 54.599
 17280, 53.376
 17340, 66.723
 17400, 66.249
 17460, 62.957
 17520, 64.512
 17580, 62.479
 17640, 64.022
 17700, 79.099
 17760, 80.361
 17820, 63.081
 17880, 84.821
 17940, 81.370
 18000, 92.024
 18060, 83.216
 18120, 64.295
 18180, 74.480
 18240, 89.190
 18300, 174.782
 18360, 106.572
 18420, 94.902
 18480, 99.084
 18540, 71.404
 18600, 63.552
 18660, 91.183
 18720, 54.909
 18780, 45.678
 18840, 89.925
 18900, 113.669
 18960, 116.561
 19020, 132.163
 19080, 108.280
 19140, 81.095
 19200, 89.085
 19260, -9999.000
 19320, 100.755
 19380, 74.101
 19440, 118.687
 19500, 134.810
 19560, 138.384
 19620, 165.126
 19680, 140.631
 19740, 169.438
 19800, 178.728
 19860, 172.210
 19920, 286.120
 19980, 197.346
 20040, 163.788
 20100, 239.163
 20160, 243.518
 20220, 244.709
 20280, 208.200
 20340, 211.723
 20400, 218.607
 20460, 243.817
 20520, 244.413
 20580, 232.919
 20640, 226.518
 20700, 241.283
 20760, 245.210
 20820, 264.599
 20880, 271.772
 20940, 279.376
 21000, 248.007
 21060, 252.550
 21120, 291.874
 21180, 272.803
 21240, 295.297
 21300, 272.766
 21360, 249.492
 21420, 257.284
 21480, 247.284
 21540, 265.539
 21600, 274.951
 21660, 290.462
 21720, 286.956
 21780, 306.242
 21840, 308.177
 21900, 311.453
 21960, 320.880
 22020, 328.799
 22080, 275.737
 22140, 306.023
 22200, 326.376
 22260, 325.154
 22320, 331.946
 22380, 347.085
 22440, 334.346
 22500, 313.184
 22560, 336.247
 22620, 351.223
 22680, 368.780
 22740, 318.043
 22800, 272.498
 22860, 274.142
 22920, -9999.000
 22980, 367.095
 23040, 387.278
 23100, 363.275
 23160, 352.973
 23220, 353.989
 23280, 333.042
 23340, 334.530
 23400, 336.193
 23460, 355.073
 23520, 345.620
 23580, 346.141
 23640, 358.118
 23700, 346.379
 23760, 355.373
 23820, 342.743
 23880, 373.738
 23940, 341.963
 24000, 354.791
 24060, 334.241
 24120, 334.460
 24180, 357.427
 24240, 386.730
 24300, 365.507
 24360, 364.221
 24420, 322.852
 24480, 303.610
 24540, 366.898
 24600, 370.673
 24660, 362.405
 24720, 357.706
 24780, -9999.000
 24840, 366.766
 24900, 372.086
 24960, 368.393
 25020, 387.484
 25080, 383.178
 25140, 389.433
 25200, 385.951
 25260, 346.678
 25320, 364.919
 25380, 350.569
 25440, 378.018
 25500, 382.434
 25560, 396.566
 25620, 388.842
 25680, 362.564
 25740, 369.222
 25800, 386.402
 25860, 348.156
 25920, 359.784
 25980, 338.125
 26040, 336.179
 26100, 346.288
 26160, 348.384
 26220, 342.226
 26280, 321.070
 26340, 345.395
 26400, 366.751
 26460, 360.100
 26520, 336.895
 26580, 351.599
 26640, -9999.000
 26700, 362.510
 26760, 409.641
 26820, 411.904
 26880, 359.620
 26940, 363.331
 27000, 391.335
 27060, 380.419
 27120, 352.064
 27180, 307.907
 27240, 274.553
 27300, 337.325
 27360, 264.013
 27420, 228.804
 27480, 119.320
 27540, 68.026
 27600, 120.135
 27660, 164.239
 27720, 218.487
 27780, 313.486
 27840, 293.275
 27900, 195.294
 27960, 206.836
 28020, 187.084
 28080, 166.946
 28140, 191.221
 28200, 170.967
 28260, 203.234
 28320, 225.129
 28380, 239.113
 28440, 239.301
 28500, 243.175
 28560, 210.825
 28620, 273.758
 28680, 243.637
 28740, 249.246
 28800, 328.475
 28860, 254.747
 28920, 288.873
 28980, 280.059
 29040, 245.561
 29100, 265.144
 29160, 304.696
 29220, 310.847
 29280, 306.460
 29340, 293.523
 29400, 287.202
 29460, 282.367
 29520, 281.841
 29580, 264.328
 29640, 235.625
 29700, 212.113
 29760, 198.965
 29820, 105.225
 29880, 125.429
 29940, 81.765
 30000, 121.590
 30060, 110.403
 30120, 79.451
 30180, 67.096
 30240, 93.626
 30300, -9999.000
 30360, 45.686
 30420, 40.077
 30480, 48.610
 30540, 33.651
 30600, 24.447
 30660, 34.098
 30720, 57.809
 30780, 54.550
 30840, 68.888
 30900, 57.273
 30960, 83.493
 31020, 137.166
 31080, 162.559
 31140, 169.230
 31200, 225.284
 31260, 239.503
 31320, 236.385
 31380, 227.725
 31440, 237.352
 31500, 251.081
 31560, 249.552
 31620, 235.391
 31680, 244.178
 31740, 254.132
 31800, 240.908
 31860, 143.179
 31920, 178.398
 31980, 259.813
 32040, 262.195
 32100, 242.570
 32160, -9999.000
 32220, 178.697
 32280, 165.734
 32340, 144.020
 32400, 172.906
 32460, 133.787
 32520, 98.205
 32580, 98.159
 32640, 62.294
 32700, 72.247
 32760, 111.865
 32820, 124.939
 32880, 152.557
 32940, 168.863
 33000, 161.415
 33060, 101.421
 33120, 89.555
 33180, 86.317
 33240, 129.405
 33300, 90.515
 33360, 52.591
 33420, 37.124
 33480, 30.710
 33540, 31.219
 33600, 91.112
 33660, 50.753
 33720, 62.293
 33780, 59.493
 33840, 61.349
 33900, 75.970
 33960, 43.440
 34020, -9999.000
 34080, 59.114
 34140, 38.794
 34200, 30.383
 34260, 52.949
 34320, 35.146
 34380, 45.467
 34440, 56.861
 34500, 55.941
 34560, 78.009
 34620, 145.899
 34680, 148.377
 34740, 133.745
 34800, 124.305
 34860, 60.503
 34920, 110.980
 34980, 113.678
 35040, 110.430
 35100, 65.232
 35160, 57.473
 35220, 66.588
 35280, 58.369
 35340, 40.913
 35400, 30.271
 35460, 29.138
 35520, 25.759
 35580, 31.019
 35640, 30.168
 35700, 19.041
 35760, 35.121
 35820, 34.137
 35880, 15.703
 35940, 35.575
 36000, 20.901
 36060, 23.171
 36120, 22.857
 36180, 21.257
 36240, 16.165
 36300,  9.597
 36360, 20.661
 36420, 25.976
 36480, 29.847
 36540, 93.780
 36600, 125.907
 36660, 164.291
 36720, 207.888
 36780, 130.639
 36840, 174.114
 36900, 252.982
 36960, 271.403
 37020, 274.050
 37080, 272.898
 37140, 258.059
 37200, 251.137
 37260, 250.328
 37320, 275.570
 37380, 260.229
 37440, 239.624
 37500, 272.236
 37560, 235.715
 37620, 265.322
 37680, 270.256
 37740, 257.671
 37800, 251.243
 37860, 262.580
 37920, 279.462
 37980, 261.873
 38040, 222.254
 38100, 230.317
 38160, 253.305
 38220, 253.585
 38280, 258.472
 38340, 241.295
 38400, 214.503
 38460, 218.383
 38520, 225.157
 38580, 237.843
 38640, 217.935
 38700, 223.845
 38760, 257.793
 38820, 237.714
 38880, 211.881
 38940, 228.482
 39000, 237.530
 39060, 243.300
 39120, 242.327
 39180, 244.306
 39240, 235.549
 39300, 233.169
 39360, 257.659
 39420, 260.444
 39480, 260.480
 39540, 261.395
 39600, 270.759
 39660, 269.795
 39720, 259.039
 39780, 252.781
 39840, 260.537
 39900, 254.268
 39960, 273.926
 40020, 261.904
 40080, 248.684
 40140, 270.043
 40200, 237.163
 40260, 231.810
 40320, 268.485
 40380, 240.273
 40440, 286.984
 40500, 284.685
 40560, 241.875
 40620, 244.120
 40680, 279.960
 40740, 279.627
 40800, 263.367
 40860, 265.655
 40920, 318.786
 40980, 327.675
 41040, 252.448
 41100, 255.731
 41160, 321.670
 41220, 283.441
 41280, 280.096
 41340, 274.197
 41400, -9999.000
 41460, 314.282
 41520, 267.933
 41580, 267.723
 41640, 247.206
 41700, 272.607
 41760, 280.612
 41820, 270.467
 41880, 255.800
 41940, 265.376
 42000, 277.974
 42060, 295.496
 42120, 303.048
 42180, 305.715
 42240, 282.254
 42300, 280.701
 42360, 278.446
 42420, 274.716
 42480, 242.494
 42540, 300.987
 42600, 282.203
 42660, 296.159
 42720, 373.401
 42780, 345.256
 42840, 289.522
 42900, 284.599
 42960, 352.435
 43020, 353.778
 43080, 316.312
 43140, 292.645
 43200, 322.507
 43260, -9999.000
 43320, 321.037
 43380, 298.534
 43440, 314.711
 43500, 279.517
 43560, 252.876
 43620, 244.241
 43680, 307.021
 43740, 313.320
 43800, 291.366
 43860, 313.712
 43920, 324.004
 43980, 314.480
 44040, 302.141
 44100, 296.621
 44160, 302.270
 44220, 294.430
 44280, 288.348
 44340, 320.795
 44400, 310.368
 44460, 287.785
 44520, 271.247
 44580, 272.398
 44640, 302.079
 44700, 298.163
 44760, 316.728
 44820, 298.895
 44880, 302.082
 44940, 336.724
 45000, 352.496
 45060, 344.274
 45120, -9999.000
 45180, 364.207
 45240, 376.068
 45300, 379.980
 45360, 367.612
 45420, 374.042
 45480, 381.138
 45540, 366.409
 45600, 365.176
 45660, 376.352
 45720, 384.851
 45780, 325.992
 45840, 326.154
 45900, 323.447
 45960, 303.329
 46020, 320.254
 46080, 373.577
 46140, 392.476
 46200, 379.541
 46260, 353.790
 46320, 365.143
 46380, 392.095
 46440, 391.443
 46500, 375.155
 46560, 388.743
 46620, 376.253
 46680, 389.444
 46740, 394.724
 46800, 450.398
 46860, 392.986
 46920, 384.031
 46980, 347.856
 47040, 334.785
 47100, 327.985
 47160, 316.069
 47220, 321.877
 47280, 296.853
 47340, 293.552
 47400, 310.163
 47460, 305.171
 47520, 303.548
 47580, 265.431
 47640, 285.521
 47700, 275.935
 47760, 247.022
 47820, 242.896
 47880, 261.471
 47940, 253.827
 48000, 244.419
 48060, 344.951
 48120, -9999.000
 48180, 350.041
 48240, 300.206
 48300, 306.307
 48360, 326.395
 48420, 302.411
 48480, 302.930
 48540, 282.699
 48600, 252.434
 48660, 269.262
 48720, 254.372
 48780, 242.989
 48840, 206.504
 48900, 226.208
 48960, 227.577
 49020, 223.870
 49080, 237.233
 49140, 223.940
 49200, 237.244
 49260, 259.630
 49320, 251.384
 49380, 247.783
 49440, 226.845
 49500, 176.058
 49560, 198.068
 49620, 222.422
 49680, 238.382
 49740, 215.794
 49800, 233.972
 49860, 219.520
 49920, 243.306
 49980, 293.391
 50040, 289.845
 50100, 289.794
 50160, 265.102
 50220, 247.597
 50280, 240.129
 50340, 236.269
 50400, 235.366
 50460, 226.736
 50520, 242.711
 50580, 221.909
 50640, 220.973
 50700, 195.756
 50760, 201.664
 50820, 199.518
 50880, 207.616
 50940, 218.172
 51000, 185.885
 51060, 170.572
 51120, 223.224
 51180, 203.574
 51240, 209.805
 51300, 229.526
 51360, 215.021
 51420, 212.782
 51480, 205.211
 51540, 221.221
 51600, 205.998
 51660, 238.530
 51720, 215.810
 51780, 215.127
 51840, -9999.000
 51900, 208.261
 51960, 218.267
 52020, 210.299
 52080, 200.156
 52140, 185.797
 52200, 164.298
 52260, 188.218
 52320, 191.789
 52380, 180.379
 52440, 185.456
 52500, 166.257
 52560, 156.764
 52620, 151.872
 52680, 176.603
 52740, 181.796
 52800, 198.879
 52860, 207.479
 52920, 199.023
 52980, 188.691
 53040, 150.680
 53100, 197.584
 53160, 152.708
 53220, 165.240
 53280, 149.921
 53340, 125.814
 53400, 151.939
 53460, 132.165
 53520, 152.050
 53580, 140.857
 53640, 141.329
 53700, 157.949
 53760, 147.320
 53820, 113.086
 53880, 150.087
 53940, 157.216
 54000, 143.522
 54060, 126.152
 54120, 116.108
 54180, 114.930
 54240, 122.085
 54300, 129.773
 54360, 117.847
 54420, 113.841
 54480, 92.322
 54540, 95.401
 54600, 100.698
 54660, 132.020
 54720, 122.461
 54780, 118.686
 54840, 130.885
 54900, 114.835
 54960, 122.081
 55020, 107.859
 55080, 100.124
 55140, 98.605
 55200, 115.606
 55260, 112.120
 55320, 102.977
 55380, 90.132
 55440, 106.980
 55500, 117.552
 55560, 142.032
 55620, 108.697
 55680, 114.747
 55740, 107.729
 55800, 108.278
 55860, 115.892
 55920, 116.572
 55980, 102.100
 56040, 98.770
 56100, 98.932
 56160, 89.224
 56220, 79.070
 56280, 75.573
 56340, 82.539
 56400, 83.795
 56460, 73.666
 56520, 87.586
 56580, 85.076
 56640, 81.551
 56700, 93.184
 56760, 74.867
 56820, 75.610
 56880, 69.998
 56940, 80.859
 57000, 81.472
 57060, 80.266
 57120, 69.415
 57180, 70.885
 57240, 76.819
 57300, 95.847
 57360, 93.696
 57420, 81.719
 57480, 82.020
 57540, 73.307
 57600, 75.055
 57660, 66.676
 57720, 82.264
 57780, 76.384
 57840, 70.869
 57900, 90.115
 57960, 82.276
 58020, 85.439
 58080, 65.494
 58140, 75.215
 58200, 96.949
 58260, 93.066
 58320, 56.400
 58380, 63.389
 58440, 60.984
 58500, 65.463
 58560, 52.309
 58620, 55.576
 58680, 62.643
 58740, 50.891
 58800, 58.876
 58860, 49.875
 58920, 41.562
 58980, 50.926
 59040, 55.719
 59100, 39.941
 59160, 43.074
 59220, -9999.000
 59280, 44.005
 59340, 52.772
 59400, 52.999
 59460, 39.246
 59520, 39.582
 59580, 46.775
 59640, 51.781
 59700, 52.918
 59760, 72.183
 59820, 57.504
 59880, 55.662
 59940, 56.048
 60000, 66.085
 60060, 55.927
 60120, 47.216
 60180, 47.561
 60240, 48.351
 60300, 42.788
 60360, 68.957
 60420, 79.130
 60480, 60.833
 60540, 77.475
 60600, 83.598
 60660, 54.542
 60720, 50.671
 60780, 52.264
 60840, 48.232
