CampaignData_and_Merges/R0/CSL_MobileLab_Parked/raw/20240731/USOS-NOy-LIF_MobileLabGround_20240731_R0.ict
39,1001
Rollins, A.; Waxman, E.; Zuraski, K.; Chace, W.
NOAA Chemical Sciences Laboratory
LIF NO/NOx/NOy on CSL Mobile Lab
AMMBEC / USOS
1, 1
2024,07,31, 2025,01,04
1
Time_Start, seconds, number_of_seconds_since_0000_UTC
7
1, 1, 1, 1, 1, 1, 1
-9999, -9999, -9999, -9999, -9999, -9999, -9999
Time_Stop, seconds, number_of_seconds_since_0000_UTC
NO_LIF, pptv, Gas_NO_InSitu_S_AVMR, volume mixing ratio of nitric oxide in air
NO2_LIF, pptv, Gas_NO2_InSitu_S_AVMR, volume mixing ratio of nitrogen dioxide in air
NOy_LIF, pptv, Gas_NOy_InSitu_S_AVMR, volume mixing ratio of total oxidized nitrogen in air
NO_LIF_1SigmaAccuracy, pptv, Gas_NO_InSitu_S_AVMR, volume mixing ratio of nitric oxide in air
NO2_LIF_1SigmaAccuracy, pptv, Gas_NO2_InSitu_S_AVMR, volume mixing ratio of nitrogen dioxide in air
NOy_LIF_1SigmaAccuracy, pptv, Gas_NOy_InSitu_S_AVMR, volume mixing ratio of total oxidized nitrogen in air
0
18
PI_CONTACT_INFO: andrew.rollins@noaa.gov
PLATFORM: CSL Mobile Lab
LOCATION: Salt Lake City, UT
ASSOCIATED_DATA:
INSTRUMENT_INFO: NO detection by laser induced fluorescence. NO2 detection by photolytic conversion to NO. NOy detection by catalytic conversion to NO on gold surface
DATA_INFO:
UNCERTAINTY: Included 1 Sigma Accuracy waves represent the combined calibration uncertainties (±6%, ±9%, ±10%) and zero uncertainties (3 ppt, 20 ppt, 100 ppt) for NO, NO2, and NOy, respectively.
ULOD_FLAG: -7777
ULOD_VALUE: N/A
LLOD_FLAG: -8888
LLOD_VALUE: N/A
DM_CONTACT_INFO: andrew.rollins@noaa.gov
PROJECT_INFO: USOS Project, July - August 2024
STIPULATIONS_ON_USE: Users are strongly encouraged to contact the PI for proper data usage.
OTHER_COMMENTS:
REVISION: R0
R0: final data
Time_Start, Time_Stop, NO_LIF, NO2_LIF, NOy_LIF, NO_LIF_1SigmaAccuracy, NO2_LIF_1SigmaAccuracy, NOy_LIF_1SigmaAccuracy
[from data line 802]
   48120,   48180,4428.4,17402,20944,268.71, 1586.2, 2194.4
   48180,   48240,3794,16776,21829,230.64, 1529.8, 2282.9
   48240,   48300,3533.9,16118,20941,215.04, 1470.6, 2194.1
   48300,   48360,3394,14364,19196,206.64, 1312.7, 2019.6
   48360,   48420,5333.3,16237,20406,323, 1481.3, 2140.6
   48420,   48480,4215.9,16491,21314,255.95, 1504.2, 2231.4
   48480,   48540,3265.9,16051,21001,198.95, 1464.5, 2200.1
   48540,   48600,3909.2,16616,20396,237.55, 1515.4, 2139.6
   48600,   48660,2193.8,13488,19221,134.63, 1233.9, 2022.1
   48660,   48720,2357.3,13869,17767,144.44, 1268.2, 1876.7
   48720,   48780,2065.1,13147,16298,126.9, 1203.3, 1729.8
   48780,   48840,1869.4,12432,16221,115.16, 1138.9, 1722.1
   48840,   48900,2191.4,12632,16260,134.48, 1156.9, 1726
   48900,   48960,1677.7,11494,14962,103.66, 1054.5, 1596.2
   48960,   49020,1844.6,12303,15805,113.68, 1127.2, 1680.5
   49020,   49080,1737.7,11733,15092,107.26, 1076, 1609.2
   49080,   49140,2582.9,13053,15530,157.97, 1194.7, 1653
   49140,   49200,2352.4,13200,16184,144.15, 1208, 1718.4
   49200,   49260,2535.8,13557,16753,155.15, 1240.1, 1775.3
   49260,   49320,2961.8,13616,17852,180.71, 1245.4, 1885.2
   49320,   49380,5929.5,16107,23445,358.77, 1469.6, 2444.5
   49380,   49440,2377.6,13425,16803,145.66, 1228.3, 1780.3
   49440,   49500,2912.4,14643,18302,177.75, 1337.9, 1930.2
   49500,   49560,2141.4,12952,16633,131.48, 1185.7, 1763.3
   49560,   49620,2952.9,14787,16782,180.17, 1350.8, 1778.2
   49620,   49680,4734.2,17162,17772,287.05, 1564.6, 1877.2
   49680,   49740,8007.9,21017,27128,483.48, 1911.6, 2812.8
   49740,   49800,5323,17510,25153,322.38, 1595.9, 2615.3
   49800,   49860,7956.4,19898,26296,480.38, 1810.9, 2729.6
   49860,   49920,4976.9,18880,26309,301.61, 1719.2, 2730.9
   49920,   49980,3692.6,18876,23403,224.55, 1718.8, 2440.3
   49980,   50040,2887.3,17352,21587,176.24, 1581.7, 2258.7
   50040,   50100,3275.1,15850,20805,199.5, 1446.5, 2180.5
   50100,   50160,2872.7,15643,19622,175.36, 1427.8, 2062.2
   50160,   50220,2719.1,13992,18600,166.15, 1279.3, 1960
   50220,   50280,2475.7,12981,17422,151.54, 1188.3, 1842.2
   50280,   50340,-9999,-9999,-9999,-9999, -9999, -9999
   50340,   50400,-9999,-9999,-9999,-9999, -9999, -9999
   50400,   50460,-9999,-9999,-9999,-9999, -9999, -9999
   50460,   50520,-9999,-9999,-9999,-9999, -9999, -9999
   50520,   50580,-9999,-9999,-9999,-9999, -9999, -9999
   50580,   50640,-9999,-9999,-9999,-9999, -9999, -9999
   50640,   50700,-9999,-9999,-9999,-9999, -9999, -9999
   50700,   50760,5480.3,16770,20180,331.82, 1529.3, 2118
   50760,   50820,4617.5,16495,22048,280.05, 1504.6, 2304.8
   50820,   50880,4355.2,16763,21405,264.31, 1528.7, 2240.5
   50880,   50940,4554.1,17557,21394,276.24, 1600.2, 2239.4
   50940,   51000,4550,17494,23064,276, 1594.5, 2406.4
   51000,   51060,6886.4,19169,27899,416.19, 1745.2, 2889.9
   51060,   51120,4314.9,17268,22414,261.9, 1574.1, 2341.4
   51120,   51180,4673.1,17510,23095,283.39, 1595.9, 2409.5
   51180,   51240,4606,17221,22806,279.36, 1569.9, 2380.6
   51240,   51300,4349,17144,22467,263.94, 1563, 2346.7
   51300,   51360,4412.9,17563,23000,267.78, 1600.7, 2400
   51360,   51420,4175,15553,20977,253.5, 1419.8, 2197.7
   51420,   51480,3886.3,15601,21249,236.18, 1424.1, 2224.9
   51480,   51540,4183.9,15519,20329,254.03, 1416.7, 2132.9
   51540,   51600,3643.1,15036,19910,221.59, 1373.2, 2091
   51600,   51660,4007.7,15590,20255,243.46, 1423.1, 2125.5
   51660,   51720,4793.8,16537,20143,290.63, 1508.3, 2114.3
   51720,   51780,4141.2,15233,20646,251.47, 1391, 2164.6
   51780,   51840,4228.4,16221,20683,256.7, 1479.9, 2168.3
   51840,   51900,4853.1,18044,22018,294.19, 1644, 2301.8
   51900,   51960,5302.4,17852,22068,321.14, 1626.7, 2306.8
   51960,   52020,5173.6,17797,23081,313.41, 1621.7, 2408.1
   52020,   52080,5296.1,17286,23531,320.76, 1575.7, 2453.1
   52080,   52140,5063.9,17028,23243,306.83, 1552.5, 2424.3
   52140,   52200,4528.2,15773,21684,274.69, 1439.5, 2268.4
   52200,   52260,4304.3,14863,20811,261.26, 1357.7, 2181.1
   52260,   52320,3935.6,14260,19853,239.14, 1303.4, 2085.3
   52320,   52380,3699.5,14289,19284,224.97, 1306, 2028.4
   52380,   52440,3697.4,13851,18610,224.85, 1266.6, 1961
   52440,   52500,3515.9,13738,18587,213.95, 1256.5, 1958.7
   52500,   52560,3897.2,13758,18152,236.83, 1258.2, 1915.2
   52560,   52620,4048.2,14048,19109,245.89, 1284.4, 2010.9
   52620,   52680,4259.8,14065,19120,258.59, 1285.8, 2012
   52680,   52740,3991.6,13988,18961,242.5, 1278.9, 1996.1
   52740,   52800,3909,14280,19384,237.54, 1305.2, 2038.4
   52800,   52860,3689.1,14296,19088,224.34, 1306.6, 2008.8
   52860,   52920,3984.3,14183,19133,242.06, 1296.4, 2013.3
   52920,   52980,3931.6,14241,19465,238.9, 1301.7, 2046.5
   52980,   53040,4776.1,15454,20251,289.57, 1410.9, 2125.1
   53040,   53100,4175.6,14943,20612,253.53, 1364.9, 2161.2
   53100,   53160,4728.1,15394,20392,286.69, 1405.5, 2139.2
   53160,   53220,4193.9,13610,20232,254.64, 1244.9, 2123.2
   53220,   53280,3498.6,13302,18224,212.91, 1217.2, 1922.4
   53280,   53340,3539.4,12850,17560,215.36, 1176.5, 1856
   53340,   53400,3406.7,12381,16932,207.4, 1134.3, 1793.2
   53400,   53460,3607.2,12279,16941,219.43, 1125.1, 1794.1
   53460,   53520,3518.4,11975,16844,214.1, 1097.7, 1784.4
   53520,   53580,3591.3,11970,16866,218.48, 1097.3, 1786.6
   53580,   53640,3741.4,12198,16865,227.48, 1117.8, 1786.5
   53640,   53700,3470.5,12213,16879,211.23, 1119.2, 1787.9
   53700,   53760,3475.4,12402,16364,211.53, 1136.1, 1736.4
   53760,   53820,3352.8,12266,16959,204.17, 1123.9, 1795.9
   53820,   53880,3442.1,11857,16564,209.53, 1087.1, 1756.4
   53880,   53940,3323.1,12321,16619,202.39, 1128.9, 1761.9
   53940,   54000,3148.1,12381,16841,191.88, 1134.3, 1784.1
   54000,   54060,3239,11892,16406,197.34, 1090.2, 1740.6
   54060,   54120,3472,11464,16369,211.32, 1051.8, 1736.9
   54120,   54180,3185.1,10870,15463,194.1, 998.28, 1646.3
   54180,   54240,3301.4,10990,15514,201.08, 1009.1, 1651.4
   54240,   54300,3245.9,11114,15415,197.76, 1020.3, 1641.5
   54300,   54360,3103.2,11158,15541,189.19, 1024.2, 1654.1
   54360,   54420,3073.4,11130,15366,187.4, 1021.7, 1636.6
   54420,   54480,3146.5,10732,15142,191.79, 985.86, 1614.2
   54480,   54540,3052.2,10140,14636,186.13, 932.56, 1563.6
   54540,   54600,2828.2,10290,14332,172.69, 946.07, 1533.2
   54600,   54660,2713.4,10238,14265,165.8, 941.43, 1526.5
   54660,   54720,3079.9,10957,14361,187.79, 1006.1, 1536.1
   54720,   54780,2825.3,11095,14733,172.52, 1018.5, 1573.3
   54780,   54840,2742.1,10581,14625,167.53, 972.29, 1562.5
   54840,   54900,2804.8,10519,14501,171.29, 966.73, 1550.1
   54900,   54960,2648.4,10207,14282,161.9, 938.62, 1528.2
   54960,   55020,2762.2,10159,14225,168.73, 934.31, 1522.5
   55020,   55080,2976.6,10177,14271,181.59, 935.95, 1527.1
   55080,   55140,3008.5,10877,15025,183.51, 998.92, 1602.5
   55140,   55200,3108.7,11027,15081,189.52, 1012.5, 1608.1
   55200,   55260,3484.9,11464,16094,212.09, 1051.7, 1709.4
   55260,   55320,3464.5,11560,16454,210.87, 1060.4, 1745.4
   55320,   55380,3719.9,12178,17266,226.19, 1116.1, 1826.6
   55380,   55440,3976.8,12389,17679,241.61, 1135, 1867.9
   55440,   55500,4019.3,12485,18020,244.16, 1143.6, 1902
   55500,   55560,3692.4,12279,17414,224.54, 1125.1, 1841.4
   55560,   55620,3526.5,12194,17140,214.59, 1117.5, 1814
   55620,   55680,3815.1,12585,17105,231.91, 1152.6, 1810.5
   55680,   55740,3835,13464,18041,233.1, 1231.8, 1904.1
   55740,   55800,4164.4,13845,18606,252.86, 1266.1, 1960.6
   55800,   55860,4263.8,13711,18797,258.83, 1254, 1979.7
   55860,   55920,4626.4,13591,19274,280.58, 1243.2, 2027.4
   55920,   55980,5290.1,14475,21536,320.41, 1322.7, 2253.6
   55980,   56040,4888.3,14030,20040,296.3, 1282.7, 2104
   56040,   56100,3919.4,11925,17074,238.16, 1093.2, 1807.4
   56100,   56160,3528.7,11020,15884,214.72, 1011.8, 1688.4
   56160,   56220,3442,10971,15535,209.52, 1007.4, 1653.5
   56220,   56280,3312.1,10480,15081,201.72, 963.17, 1608.1
   56280,   56340,2790.3,9215.1,13536,170.42, 849.36, 1453.6
   56340,   56400,2693.5,9001.9,13081,164.61, 830.17, 1408.1
   56400,   56460,2653,8905.9,13060,162.18, 821.53, 1406
   56460,   56520,2701.3,9143.7,13335,165.08, 842.93, 1433.5
   56520,   56580,2799.8,9530.7,13208,170.99, 877.76, 1420.8
   56580,   56640,2603.4,9175.9,13203,159.2, 845.83, 1420.3
   56640,   56700,2730.9,9003.2,13373,166.85, 830.29, 1437.3
   56700,   56760,2718.9,8915,13182,166.13, 822.35, 1418.2
   56760,   56820,2655.8,8611.8,12875,162.35, 795.06, 1387.5
   56820,   56880,2580.3,8550.2,12863,157.82, 789.52, 1386.3
   56880,   56940,2619.3,8562.8,12783,160.16, 790.65, 1378.3
   56940,   57000,2631.3,8619.7,12815,160.88, 795.77, 1381.5
   57000,   57060,2797.2,8936.7,13223,170.83, 824.3, 1422.3
   57060,   57120,2483.1,8274.5,12331,151.99, 764.71, 1333.1
   57120,   57180,2431.6,8079.1,12177,148.89, 747.12, 1317.7
   57180,   57240,2371,8092.2,12170,145.26, 748.3, 1317
   57240,   57300,2384.2,7924.8,11835,146.05, 733.23, 1283.5
   57300,   57360,2380.5,7842.7,11742,145.83, 725.85, 1274.2
   57360,   57420,2435.5,7960.6,11911,149.13, 736.45, 1291.1
   57420,   57480,2372.4,7750.4,11733,145.34, 717.54, 1273.3
   57480,   57540,2224.2,7575.8,11474,136.45, 701.82, 1247.4
   57540,   57600,2122.4,7568,11416,130.34, 701.12, 1241.6
   57600,   57660,2274.8,7426.9,11407,139.49, 688.42, 1240.7
   57660,   57720,2235,7367.8,11269,137.1, 683.1, 1226.9
   57720,   57780,2411,7752.5,11788,147.66, 717.73, 1278.8
   57780,   57840,2527,7748.9,12289,154.62, 717.4, 1328.9
   57840,   57900,2484.6,7927.3,12130,152.08, 733.45, 1313
   57900,   57960,3415,9415.5,13961,207.9, 867.39, 1496.1
   57960,   58020,3259.1,9374.9,14786,198.54, 863.74, 1578.6
   58020,   58080,2309.2,7637.7,11620,141.55, 707.39, 1262
   58080,   58140,2520.1,8018.4,12211,154.21, 741.65, 1321.1
   58140,   58200,2020,6879.9,10310,124.2, 639.19, 1131
   58200,   58260,2104.5,7310.9,11090,129.27, 677.99, 1209
   58260,   58320,-9999,-9999,-9999,-9999, -9999, -9999
   58320,   58380,-9999,-9999,-9999,-9999, -9999, -9999
   58380,   58440,-9999,-9999,-9999,-9999, -9999, -9999
   58440,   58500,-9999,-9999,-9999,-9999, -9999, -9999
   58500,   58560,-9999,-9999,-9999,-9999, -9999, -9999
   58560,   58620,-9999,-9999,-9999,-9999, -9999, -9999
   58620,   58680,-9999,-9999,-9999,-9999, -9999, -9999
   58680,   58740,989.37,3850.7,6489.4,62.362, 366.56, 748.94
   58740,   58800,938.56,3803.3,6350.4,59.313, 362.29, 735.04
   58800,   58860,852.01,3336.9,5857.6,54.121, 320.32, 685.76
   58860,   58920,865.77,3482,6055.2,54.946, 333.38, 705.52
   58920,   58980,811.24,3230.6,5700,51.674, 310.75, 670
   58980,   59040,731.96,2921.9,5292.5,46.917, 282.97, 629.25
   59040,   59100,767.37,2977.8,5268.5,49.042, 288, 626.85
   59100,   59160,663.75,2726.6,5011.8,42.825, 265.4, 601.18
   59160,   59220,712.55,2801.6,4912.2,45.753, 272.15, 591.22
   59220,   59280,730.05,2891.3,5186.1,46.803, 280.22, 618.61
   59280,   59340,772.53,3034.2,5269.1,49.352, 293.08, 626.91
   59340,   59400,755.44,2993.8,5397,48.326, 289.44, 639.7
   59400,   59460,872.7,3454.4,5559.1,55.362, 330.9, 655.91
   59460,   59520,690.02,2700.8,4972.9,44.401, 263.07, 597.29
   59520,   59580,627.33,2543.6,4769.6,40.64, 248.92, 576.96
   59580,   59640,638.72,2657.6,4890.5,41.323, 259.18, 589.05
   59640,   59700,620.61,2547.9,4745.2,40.237, 249.31, 574.52
   59700,   59760,698.41,2842.4,5141.9,44.905, 275.81, 614.19
   59760,   59820,1279.5,4405.3,6989.3,79.772, 416.47, 798.93
   59820,   59880,1713.4,4582.5,8246.9,105.8, 432.42, 924.69
   59880,   59940,999.31,3650.8,6621,62.958, 348.57, 762.1
   59940,   60000,896.23,3363.3,6050.2,56.774, 322.69, 705.02
   60000,   60060,880.61,3521.8,6281,55.837, 336.97, 728.1
   60060,   60120,623.14,2780.1,5343.3,40.389, 270.21, 634.33
   60120,   60180,602.8,2632.7,4924,39.168, 256.94, 592.4
   60180,   60240,616.19,2684.3,4959.8,39.971, 261.59, 595.98
   60240,   60300,648.85,2679.1,4992.8,41.931, 261.12, 599.28
   60300,   60360,610.61,2771,5065.8,39.637, 269.39, 606.58
   60360,   60420,588.7,2856.1,5103.9,38.322, 277.05, 610.39
   60420,   60480,595.49,2992.1,5237.1,38.73, 289.29, 623.71
   60480,   60540,585.97,3144.8,5325.6,38.158, 303.04, 632.56
   60540,   60600,628.7,3102.8,5520.7,40.722, 299.25, 652.07
   60600,   60660,653.97,3072.4,5466.2,42.238, 296.51, 646.62
   60660,   60720,660.15,2902.1,5200.7,42.609, 281.19, 620.07
   60720,   60780,663.22,2705.2,5167.7,42.793, 263.46, 616.77
   60780,   60840,608.34,2665.4,5014,39.5, 259.89, 601.4
   60840,   60900,578.38,2740,5023,37.703, 266.6, 602.3
   60900,   60960,589.15,2687,4906.1,38.349, 261.83, 590.61
   60960,   61020,565.1,2750.2,4984.4,36.906, 267.52, 598.44
   61020,   61080,626.55,2672.9,5070.7,40.593, 260.56, 607.07
   61080,   61140,714.01,2857.1,5217.1,45.841, 277.14, 621.71
   61140,   61200,753.64,3035.9,5536.7,48.219, 293.24, 653.67
   61200,   61260,861.35,3354.6,5785.6,54.681, 321.91, 678.56
   61260,   61320,878.75,3472.4,5871.7,55.725, 332.51, 687.17
   61320,   61380,901.91,3595.7,5999.1,57.115, 343.62, 699.91
   61380,   61440,851.98,3363.9,5884.6,54.119, 322.75, 688.46
   61440,   61500,1304,4249.4,7761.4,81.241, 402.45, 876.14
   61500,   61560,1894.4,4895,10089,116.67, 460.55, 1108.9
   61560,   61620,961.97,3618.5,7449.8,60.718, 345.66, 844.98
   61620,   61680,968.17,3740.9,6413.1,61.09, 356.68, 741.31
   61680,   61740,873.08,3667.1,6426.4,55.385, 350.04, 742.64
   61740,   61800,843.77,3938.2,6656,53.626, 374.44, 765.6
   61800,   61860,1109.5,4336.7,7562.5,69.569, 410.3, 856.25
   61860,   61920,978.82,4144.2,7240.9,61.729, 392.98, 824.09
   61920,   61980,927.38,3992,6889.5,58.643, 379.28, 788.95
   61980,   62040,1299,4905.5,8594.4,80.943, 461.5, 959.44
   62040,   62100,1303.1,5210.9,8772.4,81.184, 488.98, 977.24
   62100,   62160,1351.7,5251.3,9136.2,84.102, 492.61, 1013.6
   62160,   62220,1613.3,5971.4,10276,99.799, 557.43, 1127.6
   62220,   62280,1638.4,6070.5,10342,101.31, 566.35, 1134.2
   62280,   62340,2019,6932.2,11020,124.14, 643.9, 1202
   62340,   62400,1982.6,6974.8,11351,121.95, 647.73, 1235.1
   62400,   62460,2012.2,7171.5,11972,123.73, 665.44, 1297.2
   62460,   62520,1442.1,5446.8,9639.3,89.526, 510.21, 1063.9
   62520,   62580,1536.1,5737.9,9965.8,95.165, 536.41, 1096.6
   62580,   62640,1439.9,5487.7,9570.5,89.396, 513.9, 1057.1
   62640,   62700,1744,6353.3,9974.6,107.64, 591.8, 1097.5
   62700,   62760,1918.1,7051.5,11500,118.09, 654.63, 1250
   62760,   62820,2296.5,8048.4,13251,140.79, 744.35, 1425.1
   62820,   62880,2196.7,7741.5,12737,134.8, 716.73, 1373.7
   62880,   62940,2205.2,7856.2,12862,135.31, 727.05, 1386.2
   62940,   63000,2342.1,8217.5,12675,143.53, 759.58, 1367.5
   63000,   63060,2271.5,8482.8,13732,139.29, 783.45, 1473.2
   63060,   63120,2245.9,9115.7,13712,137.76, 840.41, 1471.2
   63120,   63180,2159.1,9450.9,13888,132.55, 870.58, 1488.8
   63180,   63240,2335.6,9260,14036,143.13, 853.4, 1503.6
   63240,   63300,2214.1,8967.6,13625,135.84, 827.08, 1462.5
   63300,   63360,2566,8925.7,13783,156.96, 823.31, 1478.3
   63360,   63420,2465.3,8836.5,13587,150.92, 815.29, 1458.7
   63420,   63480,2489.6,8763.9,14006,152.37, 808.75, 1500.6
   63480,   63540,2525.9,8846.2,13713,154.56, 816.16, 1471.3
   63540,   63600,2487.2,8950.8,14248,152.23, 825.57, 1524.8
   63600,   63660,2483.7,9119.7,14693,152.02, 840.77, 1569.3
   63660,   63720,2547.5,8982.1,14073,155.85, 828.39, 1507.3
   63720,   63780,2962.4,10274,15746,180.74, 944.64, 1674.6
   63780,   63840,2935.1,10192,16115,179.11, 937.32, 1711.5
   63840,   63900,3674.7,11821,17668,223.48, 1083.9, 1866.8
   63900,   63960,3174.7,11485,17237,193.48, 1053.6, 1823.7
   63960,   64020,3195.7,11299,17419,194.74, 1036.9, 1841.9
   64020,   64080,3129.6,11108,17326,190.77, 1019.7, 1832.6
   64080,   64140,3163.8,11224,17652,192.83, 1030.2, 1865.2
