CampaignData_and_Merges/R0/CSL_MobileLab_Parked/raw/20240731/USOS-MetNav_MobileLabGround_20240731_R0.ict
44, 1001
Carrie Womack, Nate Howard, Mike Zucker
NOAA Chemical Sciences Laboratory
Mobile Lab MetNav Station
USOS
1, 1
2024, 07, 31, 2024, 12, 21
60
Time_Start, seconds_past_midnight, Seconds from midnight UTC
11
1, 1, 1, 1, 1, 1, 1, 1, 1, 1, 1
-9999, -9999, -9999, -9999, -9999, -9999, -9999, -9999, -9999, -9999, -9999
GPS_Alt_m, meters, Altitude from Differential GPS
GPS_Course_deg, degrees, Course from Differential GPS
GPS_GndSpd_m_s, m/s, Ground Speed from Differential GPS
GPS_Heading_deg, degrees, Heading from Differential GPS
GPS_Lat_deg, degrees, Latitude from Differential GPS
GPS_Lon_deg, degrees, Longitude from Differential GPS
AirTemp_C, Celsius, Air Temperature from Airmar
RelHumidity_pct, percent, Relative Humidity from Airmar
Pressure_mb, millibars, Pressure from Honeywell
WindDir_calc_deg, degrees, Wind Direction from Airmar corrected for van movement
WindSpd_calc_m_s, m/s, Wind Speed from Airmar corrected for van movement
1
SPECIAL COMMENTS:
18
PI_CONTACT_INFO: Address: 325 Broadway R/CSL7, Boulder, CO, 80305
PLATFORM: CSL Mobile Lab
LOCATION: Salt Lake City, UT
ASSOCIATED_DATA: N/A
INSTRUMENT_INFO: N/A
DATA_INFO: Units:
UNCERTAINTY: N/A
ULOD_FLAG: -7777
ULOD_VALUE: N/A
LLOD_FLAG: -8888
LLOD_VALUE: N/A
DM_CONTACT_INFO: Data Manager: Nate Howard
PROJECT_INFO: 
STIPULATIONS_ON_USE: Use of these data require prior ok from PI.
OTHER_COMMENTS: 
REVISION: R0
R0: Final data. Fixed bug in wind averaging code. RA: Preliminary Data. For in-field use only. 
Time_Start, GPS_Alt_m, GPS_Course_deg, GPS_GndSpd_m_s, GPS_Heading_deg, GPS_Lat_deg, GPS_Lon_deg, AirTemp_C, RelHumidity_pct, Pressure_mb, WindDir_calc_deg, WindSpd_calc_m_s
[from data line 1029]
61740.0,1307.5,2.68,0.05,2.68,40.73433,-111.87210,31.3,20.2,879.1,130.40,1.2
61800.0,1307.6,2.20,0.05,2.20,40.73433,-111.87210,31.5,19.3,879.0,147.31,1.6
61860.0,1307.7,2.68,0.05,2.68,40.73433,-111.87210,31.6,18.4,879.0,140.39,1.2
61920.0,1307.7,2.52,0.05,2.52,40.73433,-111.87211,31.7,19.9,879.0,127.37,1.4
61980.0,1307.7,2.89,0.05,2.89,40.73433,-111.87211,31.9,18.6,879.0,156.39,0.9
62040.0,1307.8,2.56,0.04,2.56,40.73433,-111.87211,32.1,18.4,879.0,169.23,0.7
62100.0,1307.8,2.42,0.05,2.42,40.73433,-111.87211,32.2,18.3,879.0,186.84,1.6
62160.0,1307.8,2.51,0.04,2.51,40.73433,-111.87211,32.4,18.3,879.0,172.79,0.9
62220.0,1307.8,2.62,0.04,2.62,40.73433,-111.87211,32.5,18.1,879.0,155.24,1.3
62280.0,1307.8,2.97,0.04,2.97,40.73433,-111.87211,32.5,18.4,879.0,157.70,1.2
62340.0,1307.9,2.76,0.05,2.76,40.73433,-111.87211,32.7,18.2,879.0,163.39,0.7
62400.0,1308.0,2.54,0.05,2.54,40.73433,-111.87211,32.8,17.9,879.0,189.77,1.7
62460.0,1308.2,2.65,0.05,2.65,40.73433,-111.87211,32.8,17.9,879.0,162.04,1.6
62520.0,1308.3,3.17,0.05,3.17,40.73434,-111.87211,32.9,18.1,879.0,191.58,1.3
62580.0,1308.3,3.16,0.05,3.16,40.73434,-111.87211,32.9,18.2,879.0,164.51,1.0
62640.0,1308.4,2.67,0.05,2.67,40.73434,-111.87211,32.8,18.3,879.0,137.41,1.2
62700.0,1308.4,2.74,0.06,2.74,40.73434,-111.87211,32.8,18.3,879.0,156.34,1.5
62760.0,1308.5,3.22,0.05,3.22,40.73434,-111.87211,32.9,18.3,879.0,177.19,1.0
62820.0,1308.6,3.52,0.05,3.52,40.73434,-111.87211,33.0,18.3,879.0,156.03,0.6
62880.0,1308.6,3.15,0.05,3.15,40.73434,-111.87211,33.2,18.1,879.0,161.52,0.7
62940.0,1308.6,3.18,0.05,3.18,40.73434,-111.87211,33.2,18.0,879.0,139.02,1.2
63000.0,1308.7,2.83,0.05,2.83,40.73434,-111.87211,33.1,18.5,879.0,115.75,0.9
63060.0,1308.8,3.11,0.04,3.11,40.73434,-111.87211,32.9,19.5,879.0,102.69,0.7
63120.0,1308.8,3.39,0.04,3.39,40.73434,-111.87211,32.7,19.5,879.0,110.51,1.0
63180.0,1309.0,2.79,0.05,2.79,40.73434,-111.87211,32.5,19.5,879.0,110.67,1.1
63240.0,1309.1,2.39,0.05,2.39,40.73434,-111.87211,32.3,18.6,879.0,115.12,1.7
63300.0,1309.2,2.51,0.05,2.51,40.73434,-111.87211,31.9,18.5,879.0,118.63,2.0
63360.0,1309.3,2.61,0.05,2.61,40.73434,-111.87211,31.8,18.7,879.0,121.84,1.7
63420.0,1309.3,2.63,0.05,2.63,40.73434,-111.87211,31.6,19.2,879.0,119.43,2.1
63480.0,1309.4,2.49,0.06,2.49,40.73434,-111.87211,31.6,19.1,879.0,131.43,1.3
63540.0,1309.4,2.67,0.05,2.67,40.73434,-111.87211,31.7,18.3,879.0,131.99,0.8
63600.0,1309.3,2.80,0.05,2.80,40.73434,-111.87211,31.9,18.9,879.0,143.50,1.6
63660.0,1309.3,2.88,0.04,2.88,40.73434,-111.87211,32.0,18.6,878.9,146.41,1.7
63720.0,1309.4,2.84,0.05,2.84,40.73433,-111.87211,32.2,18.3,879.0,157.79,1.0
63780.0,1309.4,3.12,0.05,3.12,40.73433,-111.87211,32.4,18.7,879.0,145.59,1.5
63840.0,1309.3,3.02,0.05,3.02,40.73433,-111.87211,32.4,20.0,879.0,133.22,1.9
63900.0,1309.4,2.90,0.05,2.90,40.73433,-111.87211,32.2,19.1,879.0,113.51,1.6
63960.0,1309.4,3.01,0.05,3.01,40.73433,-111.87211,32.3,18.6,879.0,139.68,1.3
64020.0,1309.3,2.80,0.05,2.80,40.73433,-111.87211,32.5,18.3,879.0,159.11,0.5
64080.0,1309.1,2.83,0.05,2.83,40.73433,-111.87211,32.7,17.8,879.0,187.64,0.8
64140.0,1309.1,2.97,0.05,2.97,40.73433,-111.87211,32.8,17.7,879.0,143.22,0.8
64200.0,1309.1,2.91,0.05,2.91,40.73433,-111.87211,32.9,17.7,879.0,222.22,0.2
64260.0,1309.1,3.28,0.05,3.28,40.73433,-111.87211,33.1,17.5,879.0,111.48,0.6
64320.0,1309.1,3.15,0.05,3.15,40.73433,-111.87211,33.0,17.3,879.0,127.10,1.1
64380.0,1309.0,2.98,0.05,2.98,40.73433,-111.87211,32.9,17.2,879.0,144.11,1.9
64440.0,1308.9,3.34,0.05,3.34,40.73433,-111.87211,32.5,17.5,879.0,124.69,2.2
64500.0,1308.8,2.90,0.05,2.90,40.73433,-111.87211,32.2,17.7,879.0,123.59,2.1
64560.0,1308.8,2.86,0.05,2.86,40.73433,-111.87211,32.0,18.3,879.0,112.87,1.2
64620.0,1308.7,2.58,0.05,2.58,40.73433,-111.87211,31.8,19.2,879.1,115.05,1.6
64680.0,1308.7,2.96,0.04,2.96,40.73433,-111.87211,31.7,19.2,879.0,125.54,2.5
64740.0,1308.7,2.67,0.05,2.67,40.73433,-111.87211,31.5,18.5,879.0,117.61,1.6
64800.0,1308.7,2.73,0.05,2.73,40.73433,-111.87211,31.6,19.0,879.1,134.54,1.1
64860.0,1308.4,3.04,0.04,3.04,40.73433,-111.87211,31.9,18.0,879.1,163.13,1.3
64920.0,1308.3,2.76,0.05,2.76,40.73433,-111.87211,32.2,17.8,879.1,180.88,0.8
64980.0,1308.3,3.12,0.04,3.12,40.73433,-111.87211,32.6,18.0,879.1,192.97,0.3
65040.0,1308.2,3.02,0.04,3.02,40.73434,-111.87211,32.8,17.9,879.0,135.10,0.8
65100.0,1308.2,2.90,0.04,2.90,40.73433,-111.87211,33.0,17.8,879.0,146.55,0.6
65160.0,1308.3,2.96,0.05,2.96,40.73433,-111.87211,33.2,19.8,879.1,110.36,1.0
65220.0,1308.2,3.46,0.04,3.46,40.73433,-111.87211,33.1,19.2,879.0,83.48,0.7
65280.0,1308.2,3.77,0.04,3.77,40.73433,-111.87211,33.0,18.1,879.1,337.25,0.5
65340.0,1308.1,4.12,0.05,4.12,40.73433,-111.87211,33.1,17.3,879.1,132.27,0.3
65400.0,1308.2,3.71,0.04,3.71,40.73433,-111.87211,33.3,17.9,879.0,97.99,0.5
65460.0,1308.3,3.57,0.05,3.57,40.73433,-111.87211,33.5,17.1,879.0,119.18,0.8
65520.0,1308.3,3.53,0.05,3.53,40.73433,-111.87211,33.6,17.4,879.0,82.03,0.4
65580.0,1308.4,3.90,0.05,3.90,40.73433,-111.87211,33.5,17.9,879.0,82.19,0.7
65640.0,1308.5,4.13,0.04,4.13,40.73433,-111.87211,33.4,17.0,879.0,94.28,0.8
65700.0,1308.6,4.03,0.05,4.03,40.73433,-111.87211,33.4,18.2,879.0,109.04,0.8
65760.0,1308.7,3.44,0.04,3.44,40.73433,-111.87211,33.2,17.5,879.0,47.35,0.5
65820.0,1309.4,3.16,0.04,3.16,40.73434,-111.87211,33.2,17.4,879.1,75.92,0.5
65880.0,1309.8,2.91,0.04,2.91,40.73434,-111.87211,33.0,16.8,879.1,64.15,0.7
65940.0,1309.6,2.59,0.05,2.59,40.73434,-111.87211,32.8,16.7,879.1,82.17,0.8
66000.0,1309.4,2.76,0.04,2.76,40.73434,-111.87211,32.8,17.4,879.0,108.60,1.2
66060.0,1309.3,2.87,0.05,2.87,40.73434,-111.87211,32.9,16.8,879.0,129.47,0.8
66120.0,1309.3,2.67,0.05,2.67,40.73434,-111.87211,33.1,16.5,879.0,189.77,0.4
66180.0,1309.4,2.60,0.05,2.60,40.73434,-111.87211,33.5,16.7,879.0,128.53,0.4
66240.0,1309.4,2.55,0.05,2.55,40.73434,-111.87211,33.7,16.7,879.0,128.09,0.7
66300.0,1309.5,2.67,0.05,2.67,40.73434,-111.87211,33.9,16.8,879.0,120.89,0.6
66360.0,1309.5,2.71,0.05,2.71,40.73434,-111.87211,34.1,16.6,879.0,199.09,0.6
66420.0,1309.3,2.45,0.05,2.45,40.73434,-111.87211,34.2,16.7,879.0,103.82,0.7
66480.0,1310.0,2.61,0.05,2.61,40.73433,-111.87211,34.2,17.0,879.0,98.70,0.6
66540.0,1309.7,2.52,0.06,2.52,40.73433,-111.87211,34.3,16.6,879.0,127.83,0.7
66600.0,1309.9,2.56,0.05,2.56,40.73434,-111.87211,34.4,16.5,879.0,134.81,1.3
66660.0,1309.9,2.70,0.05,2.70,40.73433,-111.87211,34.3,17.3,879.0,90.94,0.5
66720.0,1309.7,2.41,0.05,2.41,40.73434,-111.87211,34.5,16.1,879.0,155.99,0.6
66780.0,1309.7,2.59,0.05,2.59,40.73434,-111.87211,34.5,15.5,879.0,209.06,0.8
66840.0,1309.6,2.83,0.05,2.83,40.73434,-111.87211,34.5,15.9,879.0,85.87,0.6
66900.0,1309.3,2.72,0.04,2.72,40.73434,-111.87211,34.5,15.7,879.0,139.89,1.2
66960.0,1309.3,2.50,0.04,2.50,40.73434,-111.87211,34.5,15.4,879.0,172.82,1.6
67020.0,1309.2,2.89,0.05,2.89,40.73434,-111.87211,34.6,15.5,878.9,168.97,1.4
67080.0,1309.5,2.86,0.05,2.86,40.73434,-111.87211,34.7,15.7,879.0,166.37,1.1
67140.0,1309.9,3.23,0.05,3.23,40.73433,-111.87211,34.7,16.0,878.9,167.34,0.9
67200.0,1310.0,3.88,0.06,3.88,40.73433,-111.87211,34.8,16.2,878.9,189.34,0.9
67260.0,1309.8,4.07,0.06,4.07,40.73433,-111.87211,34.7,17.5,878.9,79.98,0.6
67320.0,1309.9,4.08,0.06,4.08,40.73433,-111.87211,34.6,17.4,878.9,56.88,0.4
67380.0,1310.0,3.98,0.05,3.98,40.73433,-111.87211,34.5,17.2,878.9,90.15,0.6
67440.0,1310.0,3.88,0.04,3.88,40.73433,-111.87211,34.6,17.3,878.9,138.12,0.4
67500.0,1310.1,3.72,0.04,3.72,40.73434,-111.87211,34.7,16.7,878.9,200.01,0.7
67560.0,1310.0,3.78,0.04,3.78,40.73434,-111.87211,34.8,16.9,878.9,152.83,0.3
67620.0,1309.9,3.74,0.05,3.74,40.73434,-111.87211,34.9,16.6,878.9,119.42,0.6
67680.0,1309.9,3.87,0.04,3.87,40.73434,-111.87211,35.0,16.9,878.9,132.44,0.6
67740.0,1310.0,3.47,0.05,3.47,40.73434,-111.87211,35.1,16.7,878.9,122.13,0.7
67800.0,1310.1,3.08,0.05,3.08,40.73434,-111.87211,35.2,16.5,878.9,142.15,0.4
67860.0,1310.1,3.10,0.04,3.10,40.73434,-111.87211,35.1,17.2,878.9,74.07,0.4
67920.0,1310.2,2.55,0.05,2.55,40.73434,-111.87211,34.9,16.7,878.9,49.55,0.5
67980.0,1310.4,2.33,0.04,2.33,40.73434,-111.87211,34.6,17.1,878.8,88.11,0.7
68040.0,1310.6,1.80,0.05,1.80,40.73434,-111.87211,34.7,17.4,878.8,99.99,0.8
68100.0,1310.9,2.61,0.05,2.61,40.73434,-111.87211,34.4,16.9,878.8,106.54,1.1
68160.0,1311.0,2.89,0.05,2.89,40.73434,-111.87211,34.5,16.8,878.8,108.28,1.0
68220.0,1310.6,3.43,0.05,3.43,40.73434,-111.87211,34.6,15.7,878.8,145.99,0.9
68280.0,1310.7,2.72,0.04,2.72,40.73434,-111.87211,34.7,16.1,878.8,125.37,1.0
68340.0,1310.6,2.34,0.05,2.34,40.73434,-111.87211,34.9,16.3,878.8,116.13,0.1
68400.0,1310.8,2.84,0.05,2.84,40.73434,-111.87211,34.7,16.1,878.8,73.32,0.4
68460.0,1310.8,2.98,0.04,2.98,40.73434,-111.87211,34.5,16.0,878.8,70.10,0.5
68520.0,1310.7,2.93,0.05,2.93,40.73434,-111.87211,34.5,16.4,878.8,60.97,0.2
68580.0,1310.3,3.24,0.05,3.24,40.73435,-111.87211,34.7,16.8,878.7,118.42,0.5
68640.0,1309.6,3.00,0.06,3.00,40.73435,-111.87211,34.9,16.1,878.7,120.29,0.5
68700.0,1309.7,3.16,0.04,3.16,40.73435,-111.87211,34.9,16.4,878.7,90.51,0.7
68760.0,1309.7,2.61,0.05,2.61,40.73435,-111.87211,34.9,16.1,878.7,109.47,0.9
68820.0,1309.6,2.57,0.05,2.57,40.73435,-111.87211,34.9,16.6,878.7,105.12,0.6
68880.0,1309.6,2.84,0.04,2.84,40.73435,-111.87211,34.9,16.4,878.7,93.57,0.5
68940.0,1309.7,3.12,0.05,3.12,40.73434,-111.87211,34.8,16.7,878.7,82.69,0.9
69000.0,1309.9,2.45,0.05,2.45,40.73434,-111.87211,34.9,16.1,878.7,98.29,0.4
69060.0,1309.8,2.04,0.05,2.04,40.73435,-111.87211,34.9,16.0,878.7,200.58,0.1
69120.0,1309.8,1.94,0.05,1.94,40.73435,-111.87211,34.8,15.7,878.7,50.57,0.4
69180.0,1309.7,2.50,0.05,2.50,40.73434,-111.87211,34.8,15.4,878.6,198.97,0.2
69240.0,1309.9,2.78,0.04,2.78,40.73435,-111.87211,35.0,14.7,878.6,215.97,0.7
69300.0,1309.8,2.66,0.05,2.66,40.73435,-111.87211,35.2,15.0,878.6,178.19,0.7
69360.0,1309.6,3.07,0.04,3.07,40.73435,-111.87211,34.9,15.5,878.6,292.71,1.1
69420.0,1309.4,2.90,0.05,2.90,40.73435,-111.87211,34.9,16.2,878.6,55.60,0.5
69480.0,1309.4,2.85,0.05,2.85,40.73435,-111.87211,35.0,15.9,878.6,105.16,0.5
69540.0,1309.3,2.76,0.04,2.76,40.73435,-111.87211,35.0,16.2,878.6,91.90,0.6
69600.0,1309.2,1.98,0.04,1.98,40.73435,-111.87211,34.8,15.2,878.6,286.11,0.4
69660.0,1309.2,2.73,0.04,2.73,40.73435,-111.87211,34.8,15.1,878.6,293.41,0.3
69720.0,1309.1,3.05,0.04,3.05,40.73435,-111.87211,35.0,15.4,878.6,106.90,0.2
69780.0,1309.1,2.85,0.05,2.85,40.73435,-111.87211,35.1,15.5,878.6,155.17,0.0
69840.0,1309.2,2.66,0.05,2.66,40.73434,-111.87211,35.0,15.9,878.6,63.40,0.5
69900.0,1309.1,2.83,0.05,2.83,40.73434,-111.87211,34.9,15.6,878.6,84.69,0.8
69960.0,1309.1,3.10,0.04,3.10,40.73434,-111.87211,34.8,15.8,878.6,93.76,0.8
70020.0,1309.1,3.15,0.05,3.15,40.73434,-111.87211,34.7,15.6,878.6,20.32,0.2
70080.0,1309.1,3.04,0.05,3.04,40.73434,-111.87211,34.6,16.0,878.6,62.83,0.4
70140.0,1309.1,3.22,0.04,3.22,40.73434,-111.87211,34.7,15.5,878.6,102.81,0.4
70200.0,1309.0,2.89,0.05,2.89,40.73434,-111.87211,34.9,15.2,878.5,125.15,0.9
70260.0,1309.0,2.81,0.05,2.81,40.73434,-111.87211,35.1,15.2,878.5,95.46,0.5
70320.0,1309.0,3.16,0.05,3.16,40.73434,-111.87211,34.9,15.9,878.5,87.53,0.7
70380.0,1309.0,3.23,0.04,3.23,40.73434,-111.87210,35.1,16.2,878.5,104.19,0.5
70440.0,1308.9,3.39,0.05,3.39,40.73434,-111.87210,35.3,15.4,878.5,137.88,0.6
70500.0,1308.9,3.12,0.05,3.12,40.73434,-111.87210,35.5,15.6,878.5,104.30,0.4
70560.0,1308.9,2.40,0.04,2.40,40.73434,-111.87210,35.5,15.5,878.5,29.11,0.2
70620.0,1308.9,2.48,0.05,2.48,40.73434,-111.87210,35.7,16.1,878.5,96.66,0.4
70680.0,1308.8,2.93,0.05,2.93,40.73434,-111.87210,35.8,15.9,878.5,93.11,0.7
70740.0,1308.9,3.02,0.05,3.02,40.73434,-111.87210,35.9,15.7,878.4,96.68,0.5
70800.0,1308.8,3.05,0.05,3.05,40.73434,-111.87210,35.9,15.4,878.4,97.44,0.5
70860.0,1308.7,3.06,0.06,3.06,40.73434,-111.87210,36.0,15.9,878.4,106.83,0.7
70920.0,1308.6,3.46,0.05,3.46,40.73434,-111.87210,36.0,15.0,878.4,121.03,0.7
70980.0,1308.6,3.57,0.05,3.57,40.73434,-111.87210,35.8,15.1,878.4,103.27,0.0
71040.0,1308.6,3.26,0.05,3.26,40.73434,-111.87210,36.0,14.9,878.4,220.92,0.3
71100.0,1308.5,2.78,0.05,2.78,40.73434,-111.87210,36.1,14.8,878.4,147.47,0.5
71160.0,1308.6,2.67,0.05,2.67,40.73434,-111.87210,36.3,15.0,878.4,168.68,0.2
71220.0,1308.6,2.88,0.05,2.88,40.73434,-111.87210,36.3,15.4,878.4,108.91,0.3
71280.0,1308.5,3.06,0.06,3.06,40.73434,-111.87210,36.5,15.5,878.4,171.04,0.4
71340.0,1308.5,3.25,0.05,3.25,40.73434,-111.87210,36.4,16.0,878.4,340.53,0.2
71400.0,1308.6,3.31,0.05,3.31,40.73434,-111.87210,35.8,15.7,878.4,322.56,0.7
71460.0,1308.6,3.09,0.05,3.09,40.73433,-111.87211,36.0,15.6,878.4,297.68,0.5
71520.0,1308.6,3.55,0.05,3.55,40.73433,-111.87211,35.8,15.2,878.4,315.78,0.3
71580.0,1308.5,3.65,0.05,3.65,40.73433,-111.87211,35.9,15.3,878.4,111.75,0.7
71640.0,1308.5,2.73,0.05,2.73,40.73433,-111.87211,35.8,15.8,878.4,80.36,0.3
71700.0,1308.4,2.71,0.05,2.71,40.73433,-111.87211,35.9,15.6,878.4,209.23,0.5
71760.0,1308.0,2.72,0.05,2.72,40.73434,-111.87211,36.0,15.8,878.4,110.27,0.6
71820.0,1307.9,2.74,0.05,2.74,40.73434,-111.87211,36.0,15.5,878.3,278.29,0.6
71880.0,1308.1,3.00,0.05,3.00,40.73434,-111.87211,35.9,15.9,878.3,71.18,0.4
71940.0,1308.4,2.71,0.04,2.71,40.73434,-111.87211,36.0,15.5,878.3,129.03,0.7
72000.0,1308.5,2.45,0.05,2.45,40.73434,-111.87211,36.1,15.6,878.3,107.70,0.4
72060.0,1308.5,1.94,0.05,1.94,40.73433,-111.87211,35.8,15.5,878.3,302.72,0.6
72120.0,1308.6,2.25,0.05,2.25,40.73433,-111.87211,36.1,15.7,878.3,106.52,0.6
72180.0,1308.6,2.76,0.05,2.76,40.73434,-111.87211,36.2,15.7,878.3,95.94,0.7
72240.0,1308.7,2.74,0.05,2.74,40.73434,-111.87211,36.4,15.0,878.3,143.70,0.5
72300.0,1308.6,3.80,0.06,3.80,40.73434,-111.87211,36.5,15.3,878.3,278.13,0.1
72360.0,1308.7,3.85,0.05,3.85,40.73434,-111.87211,36.2,15.0,878.3,294.09,0.9
72420.0,1309.0,3.70,0.05,3.70,40.73434,-111.87211,36.2,15.7,878.3,127.99,0.4
72480.0,1309.1,3.48,0.05,3.48,40.73434,-111.87211,36.3,15.2,878.3,131.13,0.2
72540.0,1309.0,2.86,0.05,2.86,40.73434,-111.87211,36.4,15.5,878.3,105.44,0.3
72600.0,1309.0,2.62,0.06,2.62,40.73434,-111.87211,36.3,15.8,878.3,71.29,0.6
72660.0,1308.9,3.17,0.05,3.17,40.73434,-111.87211,36.2,15.1,878.3,76.58,0.2
72720.0,1308.9,3.08,0.06,3.08,40.73434,-111.87211,36.1,14.9,878.3,278.76,0.2
72780.0,1309.1,3.07,0.05,3.07,40.73434,-111.87211,36.2,15.4,878.3,66.89,0.2
72840.0,1309.2,3.24,0.05,3.24,40.73434,-111.87211,36.1,15.8,878.3,59.52,0.4
72900.0,1309.2,3.49,0.06,3.49,40.73434,-111.87211,36.1,15.8,878.2,87.05,0.7
72960.0,1309.2,3.73,0.04,3.73,40.73434,-111.87211,36.1,15.3,878.2,129.97,0.5
73020.0,1309.2,3.61,0.05,3.61,40.73434,-111.87211,36.3,15.3,878.2,111.17,0.8
73080.0,1309.2,3.65,0.05,3.65,40.73434,-111.87211,36.5,15.3,878.2,141.85,0.6
73140.0,1309.2,3.35,0.05,3.35,40.73434,-111.87211,36.6,15.9,878.2,80.67,0.6
73200.0,1309.3,2.98,0.05,2.98,40.73434,-111.87211,36.5,15.9,878.2,53.74,0.6
73260.0,1309.3,2.75,0.04,2.75,40.73434,-111.87211,36.3,14.9,878.2,61.03,0.6
73320.0,1309.3,2.93,0.05,2.93,40.73434,-111.87211,35.9,14.7,878.2,329.88,0.5
73380.0,1309.3,2.92,0.05,2.92,40.73434,-111.87211,36.1,14.9,878.2,140.87,0.3
73440.0,1309.2,2.36,0.05,2.36,40.73434,-111.87211,36.2,14.9,878.2,233.01,0.5
73500.0,1309.3,2.34,0.05,2.34,40.73434,-111.87211,36.4,15.0,878.1,124.05,0.7
73560.0,1309.2,2.84,0.05,2.84,40.73434,-111.87211,36.6,14.9,878.1,146.05,0.7
73620.0,1309.1,2.71,0.05,2.71,40.73434,-111.87211,36.5,15.4,878.1,94.73,0.2
73680.0,1309.0,2.62,0.05,2.62,40.73434,-111.87211,36.4,16.1,878.1,86.31,0.8
73740.0,1309.2,2.47,0.05,2.47,40.73434,-111.87211,36.0,15.1,878.1,45.84,1.0
73800.0,1309.1,2.51,0.05,2.51,40.73434,-111.87211,35.9,15.0,878.1,70.23,0.6
73860.0,1309.2,2.93,0.05,2.93,40.73434,-111.87211,36.0,15.5,878.1,86.41,0.6
73920.0,1309.3,3.08,0.04,3.08,40.73434,-111.87211,36.0,15.1,878.0,321.81,0.2
73980.0,1309.1,3.20,0.04,3.20,40.73434,-111.87211,36.0,15.4,878.0,52.58,0.3
74040.0,1309.3,3.40,0.04,3.40,40.73434,-111.87211,36.1,15.8,878.0,91.76,0.6
74100.0,1309.5,3.31,0.05,3.31,40.73434,-111.87211,36.3,15.6,878.0,62.66,0.3
