CampaignData_and_Merges/R0/CSL_MobileLab_Parked/raw/20240731/USOS-MetNav_MobileLabGround_20240731_R0.ict
44, 1001
Carrie Womack, Nate Howard, Mike Zucker
NOAA Chemical Sciences Laboratory
Mobile Lab MetNav Station
USOS
1, 1
2024, 07, 31, 2024, 12, 21
60
Time_Start, seconds_past_midnight, Seconds from midnight UTC
11
1, 1, 1, 1, 1, 1, 1, 1, 1, 1, 1
-9999, -9999, -9999, -9999, -9999, -9999, -9999, -9999, -9999, -9999, -9999
GPS_Alt_m, meters, Altitude from Differential GPS
GPS_Course_deg, degrees, Course from Differential GPS
GPS_GndSpd_m_s, m/s, Ground Speed from Differential GPS
GPS_Heading_deg, degrees, Heading from Differential GPS
GPS_Lat_deg, degrees, Latitude from Differential GPS
GPS_Lon_deg, degrees, Longitude from Differential GPS
AirTemp_C, Celsius, Air Temperature from Airmar
RelHumidity_pct, percent, Relative Humidity from Airmar
Pressure_mb, millibars, Pressure from Honeywell
WindDir_calc_deg, degrees, Wind Direction from Airmar corrected for van movement
WindSpd_calc_m_s, m/s, Wind Speed from Airmar corrected for van movement
1
SPECIAL COMMENTS:
18
PI_CONTACT_INFO: Address: 325 Broadway R/CSL7, Boulder, CO, 80305
PLATFORM: CSL Mobile Lab
LOCATION: Salt Lake City, UT
ASSOCIATED_DATA: N/A
INSTRUMENT_INFO: N/A
DATA_INFO: Units:
UNCERTAINTY: N/A
ULOD_FLAG: -7777
ULOD_VALUE: N/A
LLOD_FLAG: -8888
LLOD_VALUE: N/A
DM_CONTACT_INFO: Data Manager: Nate Howard
PROJECT_INFO: 
STIPULATIONS_ON_USE: Use of these data require prior ok from PI.
OTHER_COMMENTS: 
REVISION: R0
R0: Final data. Fixed bug in wind averaging code. RA: Preliminary Data. For in-field use only. 
Time_Start, GPS_Alt_m, GPS_Course_deg, GPS_GndSpd_m_s, GPS_Heading_deg, GPS_Lat_deg, GPS_Lon_deg, AirTemp_C, RelHumidity_pct, Pressure_mb, WindDir_calc_deg, WindSpd_calc_m_s
[from data line 612]
36720.0,1310.5,2.98,0.06,2.98,40.73433,-111.87211,21.5,30.4,876.5,13.62,0.3
36780.0,1310.4,3.02,0.05,3.02,40.73433,-111.87211,21.4,30.1,876.4,193.59,0.1
36840.0,1310.2,2.55,0.06,2.55,40.73433,-111.87211,21.3,30.4,876.5,79.54,0.4
36900.0,1310.0,2.76,0.06,2.76,40.73433,-111.87211,21.2,32.9,876.5,315.33,0.8
36960.0,1309.9,2.40,0.06,2.40,40.73433,-111.87211,21.3,33.3,876.5,117.65,0.1
37020.0,1309.6,2.59,0.06,2.59,40.73433,-111.87211,21.3,33.5,876.5,72.84,0.3
37080.0,1309.4,3.51,0.05,3.51,40.73433,-111.87211,21.2,33.6,876.5,113.17,0.8
37140.0,1309.2,3.48,0.06,3.48,40.73433,-111.87211,21.2,33.8,876.5,109.27,0.7
37200.0,1309.3,3.44,0.05,3.44,40.73434,-111.87211,21.1,33.8,876.5,98.57,0.4
37260.0,1309.6,3.08,0.05,3.08,40.73433,-111.87211,21.1,33.6,876.5,90.81,0.4
37320.0,1309.4,3.31,0.05,3.31,40.73434,-111.87211,21.1,33.7,876.5,93.48,0.0
37380.0,1308.9,2.67,0.05,2.67,40.73434,-111.87211,21.0,33.8,876.5,296.83,0.3
37440.0,1308.8,2.57,0.04,2.57,40.73434,-111.87211,20.9,34.0,876.5,96.91,0.7
37500.0,1309.0,2.67,0.05,2.67,40.73434,-111.87211,20.8,34.2,876.5,87.53,0.5
37560.0,1309.1,2.70,0.05,2.70,40.73434,-111.87211,20.7,34.0,876.6,86.92,0.5
37620.0,1309.0,2.54,0.05,2.54,40.73434,-111.87211,20.7,34.1,876.6,137.85,0.7
37680.0,1309.2,2.97,0.05,2.97,40.73434,-111.87211,20.6,34.1,876.5,186.01,0.4
37740.0,1309.1,3.49,0.05,3.49,40.73434,-111.87211,20.6,34.2,876.5,77.68,0.2
37800.0,1309.1,3.60,0.05,3.60,40.73434,-111.87211,20.5,34.6,876.6,112.50,0.9
37860.0,1309.3,3.24,0.04,3.24,40.73434,-111.87211,20.4,34.5,876.6,115.37,0.7
37920.0,1309.0,3.00,0.05,3.00,40.73434,-111.87211,20.4,34.7,876.6,119.86,1.0
37980.0,1309.1,3.00,0.04,3.00,40.73434,-111.87211,20.4,34.6,876.6,156.96,0.4
38040.0,1309.1,2.60,0.04,2.60,40.73434,-111.87211,20.4,33.9,876.6,326.64,0.2
38100.0,1308.8,2.31,0.04,2.31,40.73434,-111.87210,20.3,33.9,876.6,39.78,0.4
38160.0,1308.6,2.02,0.05,2.02,40.73434,-111.87210,20.3,34.0,876.6,268.86,0.1
38220.0,1308.7,2.33,0.05,2.33,40.73434,-111.87210,20.4,34.2,876.6,170.46,0.1
38280.0,1308.6,2.37,0.05,2.37,40.73434,-111.87210,20.3,34.3,876.7,94.61,0.6
38340.0,1308.5,2.76,0.05,2.76,40.73434,-111.87210,20.3,34.0,876.7,146.10,0.2
38400.0,1309.1,3.21,0.04,3.21,40.73434,-111.87211,20.2,33.9,876.7,57.43,0.3
38460.0,1309.5,3.41,0.05,3.41,40.73434,-111.87211,20.2,33.8,876.7,0.81,0.1
38520.0,1308.8,2.79,0.04,2.79,40.73434,-111.87210,20.2,33.6,876.7,331.08,0.1
38580.0,1308.9,2.76,0.05,2.76,40.73434,-111.87211,20.2,33.7,876.7,83.43,0.5
38640.0,1309.1,2.94,0.05,2.94,40.73434,-111.87211,20.1,34.0,876.7,117.54,0.7
38700.0,1309.2,3.14,0.05,3.14,40.73434,-111.87211,20.0,34.2,876.7,134.74,0.8
38760.0,1309.0,3.14,0.05,3.14,40.73434,-111.87211,20.0,34.1,876.7,140.94,0.8
38820.0,1308.9,2.90,0.05,2.90,40.73434,-111.87211,20.0,33.9,876.7,124.66,1.1
38880.0,1309.0,2.56,0.04,2.56,40.73434,-111.87211,19.9,34.2,876.7,111.66,0.9
38940.0,1309.0,1.85,0.05,1.85,40.73434,-111.87211,19.9,34.1,876.8,120.55,0.7
39000.0,1309.0,2.13,0.05,2.13,40.73434,-111.87211,19.8,34.4,876.7,147.02,0.9
39060.0,1308.9,2.70,0.04,2.70,40.73434,-111.87210,19.9,34.4,876.7,134.18,0.6
39120.0,1308.3,2.45,0.04,2.45,40.73434,-111.87210,19.9,34.5,876.8,183.67,0.6
39180.0,1308.5,2.19,0.05,2.19,40.73434,-111.87210,19.9,34.5,876.8,93.09,0.5
39240.0,1308.7,2.13,0.05,2.13,40.73434,-111.87210,19.8,34.3,876.8,114.90,0.5
39300.0,1308.8,2.04,0.04,2.04,40.73434,-111.87211,19.7,34.3,876.8,90.18,0.4
39360.0,1308.8,2.12,0.05,2.12,40.73434,-111.87211,19.7,34.5,876.8,79.26,0.2
39420.0,1308.8,1.96,0.04,1.96,40.73434,-111.87211,19.7,35.0,876.8,164.83,0.3
39480.0,1308.8,1.97,0.05,1.97,40.73434,-111.87211,19.7,35.2,876.8,133.14,0.5
39540.0,1308.8,2.10,0.05,2.10,40.73434,-111.87211,19.6,35.2,876.8,65.91,0.6
39600.0,1309.1,1.95,0.05,1.95,40.73434,-111.87211,19.5,35.1,876.8,99.05,0.6
39660.0,1309.3,1.72,0.04,1.72,40.73434,-111.87211,19.4,35.4,876.8,103.24,0.6
39720.0,1309.2,1.85,0.05,1.85,40.73433,-111.87211,19.3,35.3,876.8,83.18,0.4
39780.0,1309.3,1.96,0.05,1.96,40.73433,-111.87211,19.3,35.5,876.8,36.28,0.1
39840.0,1309.3,2.33,0.05,2.33,40.73433,-111.87211,19.3,35.8,876.8,287.27,0.3
39900.0,1309.1,2.38,0.05,2.38,40.73434,-111.87211,19.4,35.7,876.8,45.44,0.1
39960.0,1309.1,2.16,0.05,2.16,40.73434,-111.87211,19.3,35.7,876.8,106.43,1.0
40020.0,1309.1,2.16,0.05,2.16,40.73434,-111.87211,19.1,36.1,876.9,110.08,1.7
40080.0,1309.2,2.23,0.05,2.23,40.73434,-111.87211,19.0,36.1,876.9,106.64,1.1
40140.0,1309.1,2.07,0.04,2.07,40.73434,-111.87211,19.0,36.1,876.9,117.35,0.8
40200.0,1309.0,1.97,0.06,1.97,40.73434,-111.87211,19.0,36.0,876.9,84.01,0.4
40260.0,1308.9,2.31,0.05,2.31,40.73434,-111.87211,18.9,35.6,876.9,68.34,0.2
40320.0,1308.9,2.45,0.05,2.45,40.73434,-111.87211,18.9,36.3,876.9,106.47,0.6
40380.0,1308.9,2.70,0.05,2.70,40.73434,-111.87211,18.9,36.4,876.9,135.06,0.8
40440.0,1308.9,2.68,0.05,2.68,40.73434,-111.87211,18.9,36.8,877.0,125.01,0.7
40500.0,1308.8,3.30,0.05,3.30,40.73434,-111.87211,18.8,36.7,876.9,78.68,0.4
40560.0,1308.8,2.80,0.05,2.80,40.73434,-111.87211,18.8,36.4,877.0,62.05,0.5
40620.0,1308.8,2.89,0.05,2.89,40.73434,-111.87211,18.7,36.8,877.0,55.72,0.4
40680.0,1308.6,3.04,0.05,3.04,40.73434,-111.87211,18.8,36.8,876.9,109.72,0.6
40740.0,1309.0,2.87,0.05,2.87,40.73434,-111.87211,18.8,36.8,876.9,103.32,0.4
40800.0,1309.2,2.34,0.05,2.34,40.73434,-111.87211,18.7,37.0,877.0,104.70,0.8
40860.0,1309.4,2.89,0.05,2.89,40.73434,-111.87211,18.6,37.2,877.0,112.89,1.3
40920.0,1309.9,3.52,0.05,3.52,40.73434,-111.87211,18.5,37.8,877.0,118.68,1.7
40980.0,1309.2,3.66,0.05,3.66,40.73434,-111.87211,18.4,37.8,877.0,119.42,1.3
41040.0,1309.2,3.52,0.05,3.52,40.73434,-111.87211,18.4,38.0,877.0,125.51,1.0
41100.0,1310.0,3.61,0.05,3.61,40.73433,-111.87211,18.4,38.2,877.0,139.95,0.9
41160.0,1309.7,3.74,0.06,3.74,40.73434,-111.87211,18.4,38.5,877.0,124.97,0.9
41220.0,1309.8,3.87,0.05,3.87,40.73434,-111.87211,18.3,38.5,877.0,116.05,1.1
41280.0,1310.2,3.59,0.05,3.59,40.73434,-111.87211,18.3,38.8,877.0,119.61,1.0
41340.0,1310.5,3.86,0.05,3.86,40.73433,-111.87211,18.3,38.8,877.0,123.65,0.8
41400.0,1310.5,4.16,0.05,4.16,40.73433,-111.87211,18.3,39.1,877.0,148.81,1.0
41460.0,1310.4,4.06,0.05,4.06,40.73434,-111.87211,18.3,38.6,877.1,98.47,0.6
41520.0,1310.0,3.85,0.04,3.85,40.73434,-111.87211,18.3,38.7,877.1,110.59,0.9
41580.0,1309.5,3.71,0.04,3.71,40.73434,-111.87211,18.2,38.7,877.1,125.05,1.0
41640.0,1309.2,3.55,0.04,3.55,40.73434,-111.87211,18.3,38.8,877.1,141.49,0.9
41700.0,1309.4,3.46,0.05,3.46,40.73434,-111.87211,18.3,39.1,877.1,137.17,0.6
41760.0,1309.1,3.47,0.05,3.47,40.73434,-111.87211,18.3,38.9,877.1,81.35,0.3
41820.0,1308.8,3.72,0.05,3.72,40.73434,-111.87211,18.2,38.8,877.1,87.31,0.5
41880.0,1308.8,4.07,0.05,4.07,40.73434,-111.87211,18.2,38.9,877.1,113.78,0.8
41940.0,1308.8,4.01,0.04,4.01,40.73434,-111.87211,18.2,39.1,877.1,116.54,0.9
42000.0,1308.8,3.82,0.05,3.82,40.73434,-111.87211,18.2,39.2,877.1,137.91,0.7
42060.0,1308.8,3.89,0.05,3.89,40.73434,-111.87211,18.2,39.3,877.1,136.62,0.5
42120.0,1308.8,3.52,0.06,3.52,40.73434,-111.87211,18.2,39.3,877.1,52.74,0.3
42180.0,1308.8,2.98,0.05,2.98,40.73434,-111.87211,18.2,39.3,877.2,84.16,0.5
42240.0,1308.9,3.21,0.05,3.21,40.73434,-111.87211,18.1,39.3,877.2,95.48,0.4
42300.0,1308.7,3.31,0.05,3.31,40.73434,-111.87211,18.1,39.5,877.2,112.42,0.7
42360.0,1308.5,3.73,0.05,3.73,40.73434,-111.87211,18.0,39.2,877.2,103.30,0.7
42420.0,1308.4,3.74,0.05,3.74,40.73434,-111.87211,18.0,39.0,877.2,111.23,0.5
42480.0,1308.4,4.05,0.05,4.05,40.73434,-111.87211,18.0,38.8,877.2,119.35,0.5
42540.0,1308.3,3.95,0.05,3.95,40.73434,-111.87211,18.1,39.3,877.2,151.99,0.5
42600.0,1308.2,3.70,0.05,3.70,40.73434,-111.87211,18.0,39.4,877.2,124.27,0.7
42660.0,1308.1,3.83,0.06,3.83,40.73434,-111.87211,18.2,39.7,877.2,168.04,0.2
42720.0,1308.0,3.63,0.04,3.63,40.73433,-111.87211,18.2,39.8,877.2,339.56,0.2
42780.0,1308.0,3.68,0.04,3.68,40.73433,-111.87211,18.2,39.6,877.3,91.91,0.5
42840.0,1308.2,3.86,0.04,3.86,40.73433,-111.87211,18.2,39.9,877.3,122.31,0.8
42900.0,1308.2,3.50,0.05,3.50,40.73433,-111.87210,18.2,39.6,877.3,126.84,0.9
42960.0,1308.2,2.86,0.04,2.86,40.73433,-111.87211,18.1,39.9,877.2,131.55,1.0
43020.0,1308.3,2.81,0.05,2.81,40.73433,-111.87211,18.1,40.7,877.2,118.71,0.7
43080.0,1308.3,3.37,0.05,3.37,40.73433,-111.87211,18.1,40.7,877.3,102.27,0.6
43140.0,1308.3,3.42,0.05,3.42,40.73433,-111.87211,17.9,40.2,877.3,67.95,0.4
43200.0,1308.3,3.78,0.04,3.78,40.73433,-111.87211,17.9,39.8,877.3,107.38,0.5
43260.0,1308.2,3.58,0.05,3.58,40.73433,-111.87211,17.9,39.9,877.3,125.48,0.5
43320.0,1308.3,3.60,0.04,3.60,40.73433,-111.87211,17.9,39.9,877.3,80.40,0.3
43380.0,1308.2,3.63,0.05,3.63,40.73433,-111.87210,17.8,40.1,877.3,96.18,0.7
43440.0,1308.2,4.04,0.04,4.04,40.73433,-111.87210,17.7,40.2,877.3,106.01,0.8
43500.0,1308.1,4.69,0.04,4.69,40.73433,-111.87211,17.7,40.7,877.3,113.67,1.1
43560.0,1308.2,4.56,0.04,4.56,40.73433,-111.87211,17.7,40.4,877.3,108.96,0.6
43620.0,1308.3,4.38,0.05,4.38,40.73433,-111.87211,17.7,40.1,877.4,81.23,0.3
43680.0,1308.3,4.58,0.05,4.58,40.73433,-111.87211,17.8,40.3,877.4,129.45,0.4
43740.0,1308.2,4.66,0.05,4.66,40.73433,-111.87211,17.8,40.7,877.3,168.04,0.3
43800.0,1308.3,4.83,0.05,4.83,40.73433,-111.87211,17.8,40.8,877.4,327.27,0.1
43860.0,1308.3,4.50,0.04,4.50,40.73433,-111.87211,17.8,40.8,877.4,48.03,0.3
43920.0,1308.3,4.42,0.04,4.42,40.73433,-111.87211,17.7,40.7,877.4,91.04,0.5
43980.0,1308.3,4.23,0.05,4.23,40.73433,-111.87211,17.7,40.9,877.4,113.71,0.8
44040.0,1308.6,4.15,0.05,4.15,40.73433,-111.87211,17.6,41.0,877.4,129.62,1.1
44100.0,1308.2,3.64,0.05,3.64,40.73433,-111.87211,17.6,41.4,877.5,132.25,1.3
44160.0,1308.1,2.93,0.05,2.93,40.73433,-111.87211,17.6,41.4,877.5,121.74,1.0
44220.0,1308.1,2.65,0.05,2.65,40.73433,-111.87211,17.5,41.4,877.5,105.77,0.8
44280.0,1308.2,2.68,0.05,2.68,40.73433,-111.87211,17.5,41.4,877.5,112.78,0.7
44340.0,1308.3,2.37,0.05,2.37,40.73433,-111.87211,17.5,41.6,877.5,122.41,0.8
44400.0,1308.3,3.10,0.05,3.10,40.73433,-111.87211,17.5,41.7,877.5,134.19,0.7
44460.0,1308.1,2.97,0.04,2.97,40.73433,-111.87211,17.6,41.6,877.5,140.09,0.9
44520.0,1308.2,3.11,0.05,3.11,40.73433,-111.87210,17.6,41.6,877.5,125.94,0.8
44580.0,1308.3,3.31,0.05,3.31,40.73433,-111.87210,17.6,41.5,877.5,121.50,0.9
44640.0,1308.5,3.37,0.05,3.37,40.73433,-111.87210,17.6,41.4,877.5,120.45,0.9
44700.0,1308.5,2.85,0.05,2.85,40.73433,-111.87210,17.5,41.4,877.5,123.38,1.0
44760.0,1308.3,3.26,0.05,3.26,40.73433,-111.87210,17.5,41.5,877.5,123.80,0.9
44820.0,1308.3,3.13,0.05,3.13,40.73433,-111.87210,17.5,41.4,877.5,87.07,0.4
44880.0,1308.4,2.46,0.05,2.46,40.73433,-111.87210,17.5,41.9,877.5,47.89,0.4
44940.0,1308.5,3.13,0.04,3.13,40.73433,-111.87210,17.5,41.4,877.6,63.36,0.3
45000.0,1308.6,3.32,0.05,3.32,40.73433,-111.87210,17.5,41.4,877.5,111.42,0.3
45060.0,1308.6,3.12,0.05,3.12,40.73433,-111.87210,17.5,41.3,877.6,99.19,0.4
45120.0,1308.5,3.05,0.05,3.05,40.73433,-111.87210,17.4,41.8,877.6,60.94,0.4
45180.0,1308.6,3.00,0.04,3.00,40.73433,-111.87210,17.4,41.8,877.6,79.12,0.3
45240.0,1308.6,2.75,0.04,2.75,40.73433,-111.87210,17.4,42.0,877.6,142.42,0.1
45300.0,1308.6,2.75,0.04,2.75,40.73433,-111.87210,17.4,42.2,877.6,83.48,0.3
45360.0,1308.5,2.83,0.04,2.83,40.73433,-111.87210,17.3,42.2,877.7,109.72,0.6
45420.0,1308.5,2.70,0.04,2.70,40.73433,-111.87210,17.2,42.4,877.7,119.97,1.0
45480.0,1308.5,2.55,0.04,2.55,40.73433,-111.87210,17.3,42.3,877.7,115.42,0.5
45540.0,1308.6,2.69,0.04,2.69,40.73433,-111.87210,17.2,42.0,877.7,75.07,0.4
45600.0,1308.6,2.83,0.04,2.83,40.73433,-111.87210,17.1,42.2,877.7,73.76,0.4
45660.0,1308.8,3.44,0.04,3.44,40.73433,-111.87210,17.2,42.2,877.7,115.42,0.6
45720.0,1308.9,3.54,0.04,3.54,40.73433,-111.87210,17.1,43.3,877.7,123.23,1.3
45780.0,1309.0,3.56,0.04,3.56,40.73433,-111.87210,17.0,43.0,877.7,114.81,1.7
45840.0,1308.9,3.50,0.05,3.50,40.73433,-111.87210,17.0,42.2,877.7,116.30,1.4
45900.0,1308.9,3.64,0.04,3.64,40.73433,-111.87210,17.0,41.8,877.7,130.85,1.0
45960.0,1308.8,3.53,0.06,3.53,40.73433,-111.87210,17.1,41.8,877.7,140.73,1.1
46020.0,1308.6,3.19,0.05,3.19,40.73433,-111.87210,17.2,41.9,877.7,139.82,0.8
46080.0,1308.5,2.85,0.05,2.85,40.73433,-111.87211,17.2,41.8,877.7,126.21,0.7
46140.0,1308.7,2.97,0.05,2.97,40.73433,-111.87211,17.2,42.0,877.7,111.03,0.5
46200.0,1308.8,3.13,0.05,3.13,40.73433,-111.87211,17.2,41.7,877.7,98.74,0.2
46260.0,1309.0,3.72,0.05,3.72,40.73433,-111.87211,17.3,41.7,877.8,76.26,0.2
46320.0,1309.2,3.59,0.05,3.59,40.73433,-111.87211,17.3,41.7,877.8,89.56,0.5
46380.0,1309.3,2.76,0.04,2.76,40.73433,-111.87211,17.2,42.5,877.8,118.66,1.1
46440.0,1309.5,1.99,0.04,1.99,40.73433,-111.87211,17.3,42.1,877.8,129.96,0.4
46500.0,1309.6,2.11,0.05,2.11,40.73433,-111.87211,17.3,41.9,877.8,180.11,0.0
46560.0,1309.6,2.32,0.05,2.32,40.73433,-111.87211,17.4,42.2,877.8,130.08,0.3
46620.0,1309.5,2.83,0.05,2.83,40.73433,-111.87211,17.4,42.4,877.8,106.12,0.6
46680.0,1309.7,3.18,0.05,3.18,40.73433,-111.87211,17.4,42.7,877.8,126.18,1.2
46740.0,1309.7,2.57,0.04,2.57,40.73433,-111.87211,17.4,42.3,877.8,142.63,0.5
46800.0,1309.7,2.33,0.05,2.33,40.73433,-111.87211,17.5,42.7,877.9,247.56,0.1
46860.0,1309.7,2.53,0.05,2.53,40.73433,-111.87211,17.6,42.4,877.9,86.84,0.4
46920.0,1309.8,2.60,0.05,2.60,40.73433,-111.87211,17.6,42.6,877.9,110.84,0.9
46980.0,1309.8,2.72,0.05,2.72,40.73433,-111.87211,17.7,42.5,877.9,124.44,0.8
47040.0,1309.7,2.97,0.06,2.97,40.73433,-111.87211,17.7,42.4,877.9,124.96,0.7
47100.0,1309.7,3.07,0.05,3.07,40.73433,-111.87211,17.7,42.5,877.9,125.82,1.2
47160.0,1309.7,2.66,0.05,2.66,40.73433,-111.87211,17.7,42.5,878.0,136.43,1.0
47220.0,1309.8,2.55,0.05,2.55,40.73433,-111.87211,17.8,42.8,877.9,131.06,0.5
47280.0,1309.9,2.61,0.04,2.61,40.73433,-111.87211,17.8,42.4,877.9,80.70,0.4
47340.0,1309.9,2.63,0.05,2.63,40.73433,-111.87211,17.8,42.2,877.9,60.19,0.4
47400.0,1310.0,2.53,0.05,2.53,40.73433,-111.87211,17.9,42.5,877.9,87.65,0.3
47460.0,1310.1,1.94,0.05,1.94,40.73433,-111.87211,18.0,42.0,877.9,131.78,0.3
47520.0,1309.9,1.83,0.05,1.83,40.73433,-111.87211,18.2,42.2,877.9,147.34,0.2
47580.0,1309.9,1.99,0.04,1.99,40.73433,-111.87211,18.3,42.8,878.0,278.70,0.1
47640.0,1309.9,2.54,0.05,2.54,40.73433,-111.87211,18.3,42.5,878.0,65.06,0.3
47700.0,1309.8,2.22,0.04,2.22,40.73433,-111.87211,18.4,42.2,878.0,79.19,0.3
47760.0,1309.9,2.09,0.05,2.09,40.73433,-111.87211,18.4,42.3,878.0,85.54,0.4
47820.0,1309.8,2.29,0.04,2.29,40.73433,-111.87211,18.4,41.9,878.0,82.22,0.4
47880.0,1309.9,2.42,0.04,2.42,40.73433,-111.87211,18.3,41.9,878.0,67.08,0.4
47940.0,1309.7,2.54,0.05,2.54,40.73433,-111.87211,18.3,41.6,878.0,65.13,0.3
48000.0,1309.6,2.79,0.05,2.79,40.73433,-111.87211,18.3,42.6,878.0,123.67,0.7
48060.0,1309.4,2.65,0.05,2.65,40.73433,-111.87211,18.4,42.1,878.0,127.09,0.9
48120.0,1309.2,2.52,0.05,2.52,40.73433,-111.87211,18.5,41.5,878.0,122.83,0.8
48180.0,1309.1,2.22,0.05,2.22,40.73433,-111.87211,18.6,41.3,878.1,114.57,0.8
48240.0,1309.2,2.07,0.05,2.07,40.73433,-111.87211,18.7,41.2,878.0,119.08,1.0
48300.0,1309.3,2.12,0.04,2.12,40.73434,-111.87211,18.7,40.7,878.0,114.98,1.1
48360.0,1309.2,2.90,0.04,2.90,40.73434,-111.87211,18.9,40.7,878.0,101.12,0.5
48420.0,1309.1,3.24,0.04,3.24,40.73434,-111.87211,18.9,40.6,878.1,91.98,0.5
48480.0,1309.1,2.93,0.04,2.93,40.73434,-111.87211,19.1,40.3,878.1,125.39,1.0
48540.0,1309.1,2.49,0.05,2.49,40.73434,-111.87211,19.2,40.0,878.1,122.15,1.0
48600.0,1309.1,3.16,0.04,3.16,40.73434,-111.87211,19.3,39.0,878.1,125.72,1.0
48660.0,1309.1,3.50,0.04,3.50,40.73434,-111.87211,19.5,39.6,878.1,119.05,0.9
48720.0,1309.0,3.58,0.04,3.58,40.73434,-111.87211,19.6,40.2,878.1,122.63,1.0
48780.0,1308.8,3.10,0.05,3.10,40.73434,-111.87210,19.6,39.0,878.1,120.66,1.0
48840.0,1308.8,3.99,0.05,3.99,40.73434,-111.87210,19.7,39.0,878.1,115.70,0.9
48900.0,1308.6,4.39,0.04,4.39,40.73434,-111.87210,19.9,38.2,878.2,112.71,0.7
48960.0,1308.6,4.33,0.05,4.33,40.73434,-111.87210,19.9,38.1,878.2,119.92,0.9
49020.0,1308.6,4.19,0.05,4.19,40.73434,-111.87210,20.2,37.8,878.2,127.45,0.7
49080.0,1308.5,4.17,0.04,4.17,40.73434,-111.87210,20.4,37.8,878.2,127.55,1.0
