CampaignData_and_Merges/R0/CSL_MobileLab_Parked/raw/20240731/USOS-jNO2_MobileLabGround_20240731_R0.ict
52,1001
Waxman, E.; Rollins, A.; Zuraski, K.; Chace, W.
NOAA Chemical Sciences Laboratory
jNO2 filter radiometer on CSL Mobile Lab
AMMBEC / USOS
1, 1
2024,07,31, 2025,04,01
60
Time_Start, seconds, number_of_seconds_since_0000_UTC
20
1, 1, 1, 1, 1, 1, 1, 1, 1, 1, 1, 1, 1, 1, 1, 1, 1, 1, 1, 1
-9999, -9999, -9999, -9999, -9999, -9999, -9999, -9999, -9999, -9999, -9999, -9999, -9999, -9999, -9999, -9999, -9999, -9999, -9999, -9999
Time_Stop, seconds, number_of_seconds_since_0000_UTC
jNO2_meas, per second, photolysis rate of NO2 measured using a filter radiometer.
jBrCl, per second, photolysis rate of BrCl -> Br + Cl calculated in TUV for cloud-free sky with local AOD
jBr2, per second, photolysis rate of Br2 -> Br + Br calculated in TUV for cloud-free sky with local AOD
jCCl4, per second, photolysis rate of CCl4 -> Products calcualted in TUV for cloud-free sky with local AOD
jCH2Oa, per second, photolysis rate of CH2O -> H + HCO calculated in TUV for cloud-free sky with local AOD
jCH2Ob, per second, photolysis rate of CH2O -> H2 + CO calculated in TUV for cloud-free sky with local AOD
jClNO2, per second, photolysis rate of ClNO2 -> Cl + NO2 calculated in TUV for cloud-free sky with local AOD
jClOa, per second, photolysis rate of ClO -> Cl + O(1D) calculated in TUV for cloud-free sky with local AOD
jClOb, per second, photolysis rate of ClO -> Cl + O(3P) calculated in TUV for cloud-free sky with local AOD
jCl2, per second, photolysis rate of Cl2 -> Cl + Cl calculated in TUV for cloud-free sky with local AOD
jHNO2, per second, photolysis rate of HNO2 -> OH + NO calculated in TUV for cloud-free sky with local AOD
jHNO3, per second, photolysis rate of HNO3 -> OH + NO2 calculated in TUV for cloud-free sky with local AOD
jI2, per second, photolysis rate of I2 -> I + I calculated in TUV for cloud-free sky with local AOD
jNO2, per second, photolysis rate of NO2 -> NO + O(3P) calculated in TUV for cloud-free sky with local AOD
jNO3a, per second, photolysis rate of NO3 -> NO + O2 calculated in TUV for cloud-free sky with local AOD
jNO3b, per second, photolysis rate of NO3 -> NO2 + O(3P) calculated in TUV for cloud-free sky with local AOD
jN2O5, per second, photolysis rate of N2O5 -> NO3 + NO + O(3P) calculated in TUV for cloud-free sky with local AOD
jO3, per second, photolysis rate of O3 -> O2 + O(1D) calculated in TUV for cloud-free sky with local AOD
AOD_500nm, unitless, UTC daily mean AOD at 500 nm from an AERONET station located at 40.178 N, -112.452 E
0
18
PI_CONTACT_INFO: eleanor.waxman@noaa.gov
PLATFORM: CSL Mobile Lab, at ground site
LOCATION: Salt Lake City, UT
ASSOCIATED_DATA:
INSTRUMENT_INFO: jNO2 filter radiometer.  TUV calculations are for mobile van lat/lon/altitude assuming clear sky (cloud AOD = 0) and daily mean AOD.
DATA_INFO:
UNCERTAINTY: Data uncertainties are +/- 20%.  These come from uncertainties in radiometer angular response, radiometer thermal response, local interferences from clouds/aerosols/shadows etc.
ULOD_FLAG: -7777
ULOD_VALUE: N/A
LLOD_FLAG: -8888
LLOD_VALUE: N/A
DM_CONTACT_INFO: eleanor.waxman@noaa.gov
PROJECT_INFO: USOS Project, July - August 2024
STIPULATIONS_ON_USE: Users are strongly encouraged to contact the PI for proper data usage.
OTHER_COMMENTS: 
REVISION: R0
R0: final data
Time_Start, Time_Stop, jNO2_meas, jBrCl, jBr2, jCCl4, jCH2Oa, jCH2Ob, jClNO2, jClOa, jClOb, jCl2, jHNO2, jHNO3, jI2, jNO2, jNO3a, jNO3b, jN2O5, jO3, AOD_500nm
[from data line 794]
   47640,   47700,0.00086009,0.001589,0.005729,2.763e-26,1.555e-06,3.753e-06,3.88e-05,1.039e-26,5.693e-07,0.0002345,0.0001652,1.745e-08,0.02453,0.001092,0.005538,0.03998,3.048e-06,3.732e-07,0.31
   47700,   47760,0.00089084,0.001637,0.005903,2.815e-26,1.608e-06,3.865e-06,3.996e-05,1.058e-26,5.932e-07,0.0002413,0.00017,1.808e-08,0.02527,0.001124,0.0057,0.04118,3.141e-06,3.878e-07,0.31
   47760,   47820,0.00091285,0.001685,0.006077,2.868e-26,1.662e-06,3.979e-06,4.114e-05,1.078e-26,6.178e-07,0.0002483,0.0001748,1.872e-08,0.02601,0.001157,0.005862,0.04239,3.235e-06,4.027e-07,0.31
   47820,   47880,0.00093389,0.00173,0.006242,2.918e-26,1.713e-06,4.088e-06,4.226e-05,1.096e-26,6.417e-07,0.000255,0.0001794,1.933e-08,0.02671,0.001188,0.006014,0.04352,3.325e-06,4.173e-07,0.31
   47880,   47940,0.0009592,0.00178,0.00642,2.972e-26,1.769e-06,4.206e-06,4.348e-05,1.115e-26,6.68e-07,0.0002622,0.0001844,2e-08,0.02746,0.001221,0.006175,0.04473,3.423e-06,4.332e-07,0.31
   47940,   48000,0.00098245,0.001829,0.006598,3.026e-26,1.827e-06,4.325e-06,4.471e-05,1.135e-26,6.95e-07,0.0002694,0.0001894,2.069e-08,0.02821,0.001255,0.006336,0.04594,3.522e-06,4.496e-07,0.31
   48000,   48060,0.0010048,0.001876,0.006767,3.078e-26,1.882e-06,4.439e-06,4.589e-05,1.154e-26,7.212e-07,0.0002764,0.0001942,2.135e-08,0.02892,0.001287,0.006487,0.04708,3.617e-06,4.655e-07,0.31
   48060,   48120,0.0010332,0.001926,0.006947,3.133e-26,1.941e-06,4.562e-06,4.716e-05,1.174e-26,7.499e-07,0.0002839,0.0001994,2.206e-08,0.02967,0.001322,0.006647,0.04829,3.719e-06,4.829e-07,0.31
   48120,   48180,0.0010602,0.001977,0.007127,3.189e-26,2.001e-06,4.687e-06,4.844e-05,1.194e-26,7.794e-07,0.0002914,0.0002046,2.279e-08,0.03041,0.001357,0.006805,0.04949,3.822e-06,5.007e-07,0.31
   48180,   48240,0.0010849,0.002025,0.007298,3.242e-26,2.059e-06,4.806e-06,4.968e-05,1.213e-26,8.081e-07,0.0002986,0.0002096,2.35e-08,0.03112,0.001391,0.006954,0.05062,3.921e-06,5.18e-07,0.31
   48240,   48300,0.0011145,0.002076,0.00748,3.3e-26,2.122e-06,4.934e-06,5.1e-05,1.234e-26,8.394e-07,0.0003064,0.000215,2.426e-08,0.03187,0.001426,0.007112,0.05182,4.028e-06,5.368e-07,0.31
   48300,   48360,0.0011412,0.002128,0.007663,3.358e-26,2.186e-06,5.065e-06,5.234e-05,1.255e-26,8.716e-07,0.0003142,0.0002204,2.504e-08,0.03261,0.001463,0.007269,0.05302,4.137e-06,5.563e-07,0.31
   48360,   48420,0.0011653,0.002177,0.007835,3.413e-26,2.247e-06,5.189e-06,5.363e-05,1.274e-26,9.028e-07,0.0003217,0.0002256,2.579e-08,0.03332,0.001497,0.007415,0.05414,4.24e-06,5.75e-07,0.31
   48420,   48480,0.0011877,0.002229,0.008019,3.472e-26,2.313e-06,5.323e-06,5.501e-05,1.296e-26,9.367e-07,0.0003297,0.0002311,2.66e-08,0.03406,0.001534,0.007569,0.05533,4.351e-06,5.955e-07,0.31
   48480,   48540,0.0012146,0.002281,0.008199,3.531e-26,2.378e-06,5.456e-06,5.638e-05,1.317e-26,9.709e-07,0.0003377,0.0002367,2.741e-08,0.03478,0.001571,0.00772,0.05649,4.462e-06,6.16e-07,0.31
   48540,   48600,0.0012434,0.002329,0.008366,3.583e-26,2.44e-06,5.579e-06,5.765e-05,1.336e-26,1.004e-06,0.000345,0.0002417,2.818e-08,0.03546,0.001605,0.007861,0.05757,4.565e-06,6.358e-07,0.31
   48600,   48660,0.0012678,0.002382,0.008549,3.644e-26,2.509e-06,5.718e-06,5.907e-05,1.358e-26,1.041e-06,0.0003532,0.0002475,2.904e-08,0.03619,0.001643,0.008011,0.05873,4.681e-06,6.58e-07,0.31
   48660,   48720,0.0012971,0.002435,0.008733,3.706e-26,2.579e-06,5.859e-06,6.052e-05,1.38e-26,1.079e-06,0.0003615,0.0002532,2.992e-08,0.03693,0.001681,0.008161,0.05989,4.798e-06,6.807e-07,0.31
   48720,   48780,0.0013214,0.002485,0.008906,3.765e-26,2.647e-06,5.993e-06,6.19e-05,1.401e-26,1.115e-06,0.0003695,0.0002587,3.076e-08,0.03761,0.001717,0.008302,0.06099,4.909e-06,7.026e-07,0.31
   48780,   48840,0.0013534,0.002538,0.00909,3.82e-26,2.719e-06,6.137e-06,6.337e-05,1.417e-26,1.155e-06,0.0003779,0.0002646,3.167e-08,0.03834,0.001756,0.00845,0.06214,5.029e-06,7.265e-07,0.31
   48840,   48900,0.0013864,0.002592,0.009274,3.886e-26,2.793e-06,6.283e-06,6.486e-05,1.445e-26,1.196e-06,0.0003865,0.0002705,3.26e-08,0.03907,0.001795,0.008599,0.06329,5.151e-06,7.513e-07,0.31
   48900,   48960,0.0014173,0.002644,0.009452,3.935e-26,2.866e-06,6.425e-06,6.632e-05,1.46e-26,1.238e-06,0.0003948,0.0002762,3.353e-08,0.03976,0.001833,0.008739,0.0644,5.269e-06,7.763e-07,0.31
   48960,   49020,0.0014529,0.002701,0.009644,4.022e-26,2.945e-06,6.582e-06,6.793e-05,1.493e-26,1.283e-06,0.0004039,0.0002826,3.453e-08,0.04051,0.001875,0.008889,0.06557,5.4e-06,8.03e-07,0.31
   49020,   49080,0.0014788,0.002755,0.009829,4.088e-26,3.023e-06,6.734e-06,6.948e-05,1.516e-26,1.327e-06,0.0004127,0.0002887,3.552e-08,0.04124,0.001915,0.009036,0.06672,5.526e-06,8.296e-07,0.31
   49080,   49140,0.0015125,0.002806,0.01,4.152e-26,3.097e-06,6.878e-06,7.095e-05,1.539e-26,1.37e-06,0.0004211,0.0002945,3.646e-08,0.04191,0.001953,0.009171,0.06778,5.646e-06,8.554e-07,0.31
   49140,   49200,0.0015425,0.002861,0.01018,4.219e-26,3.176e-06,7.032e-06,7.252e-05,1.563e-26,1.417e-06,0.0004299,0.0003006,3.748e-08,0.04261,0.001993,0.009312,0.06889,5.774e-06,8.834e-07,0.31
   49200,   49260,0.001573,0.002915,0.01037,4.288e-26,3.257e-06,7.188e-06,7.411e-05,1.588e-26,1.465e-06,0.0004389,0.0003068,3.852e-08,0.04332,0.002034,0.009453,0.07,5.905e-06,9.123e-07,0.31
   49260,   49320,0.0016074,0.002966,0.01054,4.353e-26,3.334e-06,7.337e-06,7.562e-05,1.611e-26,1.511e-06,0.0004474,0.0003127,3.952e-08,0.04398,0.002072,0.009585,0.07104,6.028e-06,9.4e-07,0.31
   49320,   49380,0.001644,0.003021,0.01072,4.424e-26,3.417e-06,7.496e-06,7.725e-05,1.636e-26,1.562e-06,0.0004565,0.000319,4.059e-08,0.04468,0.002113,0.009723,0.07213,6.161e-06,9.702e-07,0.31
   49380,   49440,0.0016779,0.003076,0.0109,4.495e-26,3.501e-06,7.657e-06,7.888e-05,1.661e-26,1.613e-06,0.0004657,0.0003253,4.169e-08,0.04537,0.002155,0.00986,0.07322,6.295e-06,1.001e-06,0.31
   49440,   49500,0.0017109,0.003127,0.01107,4.563e-26,3.582e-06,7.81e-06,8.043e-05,1.686e-26,1.663e-06,0.0004744,0.0003313,4.274e-08,0.04602,0.002194,0.009988,0.07424,6.423e-06,1.031e-06,0.31
   49500,   49560,0.0017425,0.003182,0.01125,4.636e-26,3.667e-06,7.973e-06,8.209e-05,1.711e-26,1.717e-06,0.0004836,0.0003377,4.386e-08,0.0467,0.002235,0.01012,0.07531,6.559e-06,1.063e-06,0.31
   49560,   49620,0.0017801,0.003236,0.01143,4.71e-26,3.755e-06,8.139e-06,8.377e-05,1.738e-26,1.772e-06,0.0004929,0.0003441,4.501e-08,0.04738,0.002277,0.01026,0.07637,6.697e-06,1.097e-06,0.31
   49620,   49680,0.0018078,0.003288,0.0116,4.781e-26,3.839e-06,8.296e-06,8.536e-05,1.763e-26,1.826e-06,0.0005018,0.0003502,4.612e-08,0.04802,0.002316,0.01038,0.07736,6.828e-06,1.129e-06,0.31
   49680,   49740,0.0018439,0.003342,0.01178,4.857e-26,3.928e-06,8.464e-06,8.706e-05,1.79e-26,1.884e-06,0.0005112,0.0003567,4.73e-08,0.04869,0.002358,0.01051,0.07841,6.968e-06,1.164e-06,0.31
   49740,   49800,0.0018776,0.003397,0.01196,4.935e-26,4.019e-06,8.633e-06,8.877e-05,1.817e-26,1.943e-06,0.0005206,0.0003632,4.85e-08,0.04935,0.0024,0.01064,0.07945,7.109e-06,1.199e-06,0.31
   49800,   49860,0.0019087,0.003448,0.01213,5.008e-26,4.105e-06,8.794e-06,9.039e-05,1.843e-26,2e-06,0.0005296,0.0003694,4.965e-08,0.04997,0.00244,0.01076,0.08042,7.243e-06,1.233e-06,0.31
   49860,   49920,0.0019444,0.003502,0.0123,5.088e-26,4.198e-06,8.966e-06,9.213e-05,1.871e-26,2.061e-06,0.0005391,0.0003759,5.089e-08,0.05063,0.002482,0.01089,0.08144,7.387e-06,1.27e-06,0.31
   49920,   49980,0.0019761,0.003556,0.01248,5.168e-26,4.291e-06,9.139e-06,9.388e-05,1.9e-26,2.125e-06,0.0005487,0.0003825,5.215e-08,0.05128,0.002525,0.01102,0.08246,7.531e-06,1.308e-06,0.31
   49980,   50040,0.0020109,0.003607,0.01264,5.245e-26,4.381e-06,9.304e-06,9.553e-05,1.927e-26,2.185e-06,0.0005578,0.0003888,5.335e-08,0.05189,0.002565,0.01113,0.08341,7.669e-06,1.345e-06,0.31
   50040,   50100,0.002045,0.003662,0.01282,5.328e-26,4.476e-06,9.479e-06,9.73e-05,1.956e-26,2.251e-06,0.0005674,0.0003954,5.464e-08,0.05254,0.002607,0.01126,0.08441,7.815e-06,1.385e-06,0.31
   50100,   50160,0.0020812,0.003716,0.01299,5.412e-26,4.574e-06,9.657e-06,9.909e-05,1.986e-26,2.319e-06,0.0005771,0.000402,5.597e-08,0.05317,0.00265,0.01138,0.0854,7.964e-06,1.426e-06,0.31
   50160,   50220,0.0021131,0.003766,0.01315,5.491e-26,4.665e-06,9.824e-06,0.0001008,2.014e-26,2.383e-06,0.0005862,0.0004083,5.721e-08,0.05377,0.00269,0.0115,0.08632,8.103e-06,1.464e-06,0.31
   50220,   50280,0.0021467,0.00382,0.01333,5.578e-26,4.764e-06,1e-05,0.0001026,2.045e-26,2.453e-06,0.000596,0.000415,5.856e-08,0.0544,0.002733,0.01162,0.08729,8.252e-06,1.506e-06,0.31
   50280,   50340,0.0021837,0.003874,0.0135,5.665e-26,4.864e-06,1.018e-05,0.0001044,2.076e-26,2.524e-06,0.0006058,0.0004217,5.993e-08,0.05502,0.002775,0.01174,0.08826,8.403e-06,1.549e-06,0.31
   50340,   50400,0.0022217,0.003924,0.01366,5.75e-26,4.958e-06,1.035e-05,0.0001061,2.105e-26,2.593e-06,0.000615,0.000428,6.123e-08,0.0556,0.002816,0.01185,0.08916,8.545e-06,1.591e-06,0.31
   50400,   50460,0.0022658,0.003978,0.01383,5.84e-26,5.06e-06,1.054e-05,0.0001079,2.137e-26,2.667e-06,0.0006248,0.0004347,6.263e-08,0.05622,0.002859,0.01196,0.09011,8.698e-06,1.636e-06,0.31
   50460,   50520,0.0022986,0.004031,0.01399,5.932e-26,5.163e-06,1.072e-05,0.0001097,2.169e-26,2.743e-06,0.0006347,0.0004415,6.406e-08,0.05682,0.002901,0.01208,0.09105,8.852e-06,1.682e-06,0.31
   50520,   50580,0.0023274,0.004081,0.01415,6.019e-26,5.263e-06,1.09e-05,0.0001115,2.2e-26,2.817e-06,0.0006441,0.0004478,6.544e-08,0.05739,0.002942,0.01219,0.09193,8.999e-06,1.726e-06,0.31
   50580,   50640,0.0023693,0.004134,0.01432,6.114e-26,5.36e-06,1.108e-05,0.0001133,2.233e-26,2.894e-06,0.0006538,0.0004546,6.683e-08,0.05799,0.002984,0.0123,0.09286,9.15e-06,1.773e-06,0.31
   50640,   50700,0.002389,0.004185,0.01448,6.21e-26,5.47e-06,1.125e-05,0.0001151,2.267e-26,2.974e-06,0.0006631,0.0004608,6.832e-08,0.05859,0.003025,0.01241,0.09377,9.299e-06,1.822e-06,0.31
   50700,   50760,0.0024364,0.004234,0.01464,6.302e-26,5.571e-06,1.144e-05,0.0001169,2.299e-26,3.052e-06,0.0006728,0.0004674,6.975e-08,0.05914,0.003065,0.01252,0.09463,9.452e-06,1.869e-06,0.31
   50760,   50820,0.0024743,0.004288,0.0148,6.401e-26,5.68e-06,1.163e-05,0.0001188,2.334e-26,3.134e-06,0.0006831,0.0004744,7.128e-08,0.05973,0.00311,0.01263,0.09553,9.614e-06,1.919e-06,0.31
   50820,   50880,0.0025122,0.00434,0.01497,6.501e-26,5.785e-06,1.181e-05,0.0001207,2.369e-26,3.219e-06,0.0006929,0.0004812,7.278e-08,0.06031,0.003153,0.01274,0.09643,9.769e-06,1.97e-06,0.31
   50880,   50940,0.0025485,0.004389,0.01512,6.597e-26,5.889e-06,1.2e-05,0.0001225,2.403e-26,3.301e-06,0.0007025,0.0004876,7.428e-08,0.06085,0.003193,0.01284,0.09725,9.922e-06,2.021e-06,0.31
   50940,   51000,0.0025807,0.004441,0.01528,6.701e-26,5.995e-06,1.219e-05,0.0001243,2.439e-26,3.387e-06,0.0007124,0.0004944,7.578e-08,0.06142,0.003236,0.01295,0.09813,1.008e-05,2.073e-06,0.31
   51000,   51060,0.0026195,0.004493,0.01544,6.806e-26,6.107e-06,1.238e-05,0.0001263,2.476e-26,3.476e-06,0.0007224,0.0005012,7.738e-08,0.06198,0.003279,0.01305,0.099,1.024e-05,2.127e-06,0.31
   51060,   51120,0.0026596,0.004542,0.01559,6.907e-26,6.212e-06,1.256e-05,0.000128,2.512e-26,3.561e-06,0.0007319,0.0005075,7.888e-08,0.06251,0.003319,0.01315,0.09981,1.039e-05,2.179e-06,0.31
   51120,   51180,0.0026941,0.004593,0.01574,7.016e-26,6.324e-06,1.275e-05,0.00013,2.55e-26,3.653e-06,0.0007419,0.0005143,8.049e-08,0.06305,0.003361,0.01325,0.1006,1.055e-05,2.236e-06,0.31
   51180,   51240,0.0027398,0.004644,0.0159,7.126e-26,6.436e-06,1.294e-05,0.0001319,2.588e-26,3.746e-06,0.0007519,0.0005211,8.212e-08,0.06362,0.003404,0.01336,0.1015,1.071e-05,2.293e-06,0.31
   51240,   51300,0.0027777,0.004692,0.01605,7.232e-26,6.543e-06,1.313e-05,0.0001337,2.625e-26,3.836e-06,0.0007613,0.0005275,8.366e-08,0.06413,0.003443,0.01345,0.1023,1.087e-05,2.347e-06,0.31
   51300,   51360,0.002809,0.004742,0.0162,7.346e-26,6.657e-06,1.332e-05,0.0001356,2.665e-26,3.932e-06,0.0007713,0.0005342,8.533e-08,0.06467,0.003486,0.01355,0.1031,1.103e-05,2.407e-06,0.31
   51360,   51420,0.002854,0.004793,0.01636,7.463e-26,6.772e-06,1.351e-05,0.0001375,2.706e-26,4.03e-06,0.0007814,0.000541,8.7e-08,0.06521,0.003528,0.01365,0.104,1.12e-05,2.467e-06,0.31
   51420,   51480,0.0029003,0.00484,0.0165,7.575e-26,6.881e-06,1.37e-05,0.0001393,2.745e-26,4.124e-06,0.0007908,0.0005474,8.86e-08,0.06571,0.003568,0.01375,0.1047,1.135e-05,2.524e-06,0.31
   51480,   51540,0.0029321,0.00489,0.01665,7.695e-26,6.997e-06,1.389e-05,0.0001413,2.787e-26,4.225e-06,0.0008008,0.0005541,9.03e-08,0.06624,0.00361,0.01384,0.1055,1.151e-05,2.586e-06,0.31
   51540,   51600,0.0029674,0.004939,0.0168,7.817e-26,7.114e-06,1.409e-05,0.0001432,2.83e-26,4.327e-06,0.0008108,0.0005608,9.203e-08,0.06676,0.003652,0.01394,0.1063,1.168e-05,2.649e-06,0.31
   51600,   51660,0.0030045,0.004986,0.01694,7.935e-26,7.224e-06,1.428e-05,0.000145,2.871e-26,4.425e-06,0.0008203,0.0005672,9.367e-08,0.06725,0.003691,0.01403,0.1071,1.184e-05,2.709e-06,0.31
   51660,   51720,0.0030333,0.005035,0.01709,8.061e-26,7.343e-06,1.447e-05,0.000147,2.915e-26,4.531e-06,0.0008303,0.0005739,9.543e-08,0.06776,0.003733,0.01412,0.1079,1.2e-05,2.775e-06,0.31
   51720,   51780,0.0030631,0.005084,0.01724,8.19e-26,7.461e-06,1.467e-05,0.0001489,2.96e-26,4.638e-06,0.0008403,0.0005806,9.72e-08,0.06827,0.003775,0.01422,0.1086,1.217e-05,2.841e-06,0.31
   51780,   51840,0.0030903,0.00513,0.01738,8.314e-26,7.574e-06,1.486e-05,0.0001508,3.003e-26,4.74e-06,0.0008497,0.0005869,9.888e-08,0.06875,0.003814,0.01431,0.1094,1.233e-05,2.904e-06,0.31
   51840,   51900,0.0031207,0.005179,0.01752,8.447e-26,7.694e-06,1.505e-05,0.0001527,3.049e-26,4.85e-06,0.0008597,0.0005936,1.007e-07,0.06925,0.003855,0.0144,0.1101,1.249e-05,2.972e-06,0.31
   51900,   51960,0.0031667,0.005227,0.01767,8.583e-26,7.814e-06,1.525e-05,0.0001547,3.097e-26,4.962e-06,0.0008697,0.0006003,1.025e-07,0.06974,0.003897,0.01449,0.1109,1.266e-05,3.041e-06,0.31
   51960,   52020,0.0031973,0.005272,0.0178,8.713e-26,7.928e-06,1.544e-05,0.0001565,3.142e-26,5.068e-06,0.000879,0.0006066,1.042e-07,0.07021,0.003935,0.01457,0.1116,1.282e-05,3.107e-06,0.31
   52020,   52080,0.0032319,0.00532,0.01795,8.854e-26,8.05e-06,1.564e-05,0.0001585,3.191e-26,5.183e-06,0.000889,0.0006132,1.061e-07,0.07069,0.003977,0.01466,0.1123,1.299e-05,3.178e-06,0.31
   52080,   52140,0.0032802,0.005367,0.01809,8.998e-26,8.172e-06,1.584e-05,0.0001604,3.241e-26,5.3e-06,0.000899,0.0006199,1.079e-07,0.07118,0.004018,0.01475,0.1131,1.316e-05,3.25e-06,0.31
   52140,   52200,0.0033165,0.005412,0.01822,9.135e-26,8.288e-06,1.602e-05,0.0001623,3.289e-26,5.41e-06,0.0009083,0.0006261,1.097e-07,0.07163,0.004056,0.01483,0.1138,1.332e-05,3.319e-06,0.31
   52200,   52260,0.0033576,0.005459,0.01836,9.284e-26,8.41e-06,1.622e-05,0.0001642,3.341e-26,5.529e-06,0.0009182,0.0006327,1.116e-07,0.0721,0.004097,0.01492,0.1145,1.348e-05,3.393e-06,0.31
   52260,   52320,0.0033934,0.005506,0.0185,9.436e-26,8.534e-06,1.642e-05,0.0001662,3.393e-26,5.65e-06,0.0009281,0.0006393,1.135e-07,0.07257,0.004137,0.015,0.1152,1.365e-05,3.468e-06,0.31
   52320,   52380,0.0034351,0.005549,0.01863,9.581e-26,8.651e-06,1.661e-05,0.000168,3.444e-26,5.765e-06,0.0009374,0.0006455,1.153e-07,0.07301,0.004175,0.01508,0.1159,1.381e-05,3.539e-06,0.31
   52380,   52440,0.0034659,0.005596,0.01876,9.739e-26,8.776e-06,1.681e-05,0.00017,3.499e-26,5.889e-06,0.0009473,0.0006521,1.172e-07,0.07347,0.004216,0.01517,0.1166,1.398e-05,3.617e-06,0.31
   52440,   52500,0.0035022,0.005642,0.0189,9.899e-26,8.901e-06,1.701e-05,0.0001719,3.555e-26,6.014e-06,0.0009572,0.0006586,1.192e-07,0.07393,0.004256,0.01525,0.1173,1.415e-05,3.695e-06,0.31
   52500,   52560,0.0035391,0.005685,0.01903,1.005e-25,9.018e-06,1.72e-05,0.0001738,3.608e-26,6.133e-06,0.0009664,0.0006647,1.21e-07,0.07436,0.004294,0.01533,0.1179,1.431e-05,3.769e-06,0.31
   52560,   52620,0.0035716,0.00573,0.01916,1.022e-25,9.144e-06,1.74e-05,0.0001757,3.666e-26,6.262e-06,0.0009762,0.0006712,1.23e-07,0.07481,0.004333,0.01541,0.1186,1.448e-05,3.849e-06,0.31
