scrap/USOS-POPS_MobileLabGround_20240720_R0.ict
78, 1001
Thornberry, T. D.
NOAA Chemical Sciences Laboratory
Portable Optical Particle Spectrometer (POPS)
USOS
1, 1
2024, 07, 20, 2025, 05, 08
60
Time_Start, seconds_past_midnight, Start time of measurement
45
1, 1, 1, 1, 1, 1, 1, 1, 1, 1, 1, 1, 1, 1, 1, 1, 1, 1, 1, 1, 1, 1, 1, 1, 1, 1, 1, 1, 1, 1, 1, 1, 1, 1, 1, 1, 1, 1, 1, 1, 1, 1, 1, 1, 1
-9999, -9999, -9999, -9999, -9999, -9999, -9999, -9999, -9999, -9999, -9999, -9999, -9999, -9999, -9999, -9999, -9999, -9999, -9999, -9999, -9999, -9999, -9999, -9999, -9999, -9999, -9999, -9999, -9999, -9999, -9999, -9999, -9999, -9999, -9999, -9999, -9999, -9999, -9999, -9999, -9999, -9999, -9999, -9999, -9999
Time_Stop, seconds_past_midnight, Stop time of measurement
Time_Mid, seconds_past_midnight, Mid time of measurement
Press_mb, mb, Pressure reported (mb)
Temp_C, degrees C, POPS temperature measurement
Aerosol_concentration, cm^-3, Aerosol concentration
Surface_Area_Conc, um^2 cm^-3, Surface area concentration
Volume_density, um^3 cm^-3, Volume density
Effective_radius, um, Effective radius
Extinction, km^-1, Extinction
Bin01, cm^-3, particle concentration in size range [1401 - 146.3 nm]
Bin02, cm^-3, particle concentration in size range [146.3 - 152.8 nm]
Bin03, cm^-3, particle concentration in size range [152.8 - 159.6 nm]
Bin04, cm^-3, particle concentration in size range [159.6 - 166.8 nm]
Bin05, cm^-3, particle concentration in size range [166.8 - 174.2 nm]
Bin06, cm^-3, particle concentration in size range [174.2 - 181.9 nm]
Bin07, cm^-3, particle concentration in size range [181.9 - 190.0 nm]
Bin08, cm^-3, particle concentration in size range [190.0 - 198.5 nm]
Bin09, cm^-3, particle concentration in size range [198.5 - 207.4 nm]
Bin10, cm^-3, particle concentration in size range [207.4 - 216.6 nm]
Bin11, cm^-3, particle concentration in size range [216.6 - 226.2 nm]
Bin12, cm^-3, particle concentration in size range [226.2 - 236.3 nm]
Bin13, cm^-3, particle concentration in size range [236.3 - 246.8 nm]
Bin14, cm^-3, particle concentration in size range [246.8 - 257.8 nm]
Bin15, cm^-3, particle concentration in size range [257.8 - 269.3 nm]
Bin16, cm^-3, particle concentration in size range [269.3 - 343.4 nm]
Bin17, cm^-3, particle concentration in size range [343.4 - 450.7 nm]
Bin18, cm^-3, particle concentration in size range [450.7 - 525.9 nm]
Bin19, cm^-3, particle concentration in size range [525.9 - 618.5 nm]
Bin20, cm^-3, particle concentration in size range [618.5 - 710.0 nm]
Bin21, cm^-3, particle concentration in size range [710.0 - 822.7 nm]
Bin22, cm^-3, particle concentration in size range [822.7 - 885.9 nm]
Bin23, cm^-3, particle concentration in size range [885.9 - 953.9 nm]
Bin24, cm^-3, particle concentration in size range [953.9 - 1027.2 nm]
Bin25, cm^-3, particle concentration in size range [1027.2 - 1106.1 nm]
Bin26, cm^-3, particle concentration in size range [1106.1 - 1191.0 nm]
Bin27, cm^-3, particle concentration in size range [1191.0 - 1282.5 nm]
Bin28, cm^-3, particle concentration in size range [1282.5 - 1381.0 nm]
Bin29, cm^-3, particle concentration in size range [1381.0 - 1487.1 nm]
Bin30, cm^-3, particle concentration in size range [1487.1 - 1601.3 nm]
Bin31, cm^-3, particle concentration in size range [1601.3 - 1724.3 nm]
[...]
PLATFORM: NOAA CSL Mobile Lab
LOCATION: USOS
ASSOCIATED_DATA: N/A
INSTRUMENT_INFO: Printed Optical Particle Spectrometer counts particles from 140 - 2500 nm in diameter 
DATA_INFO: Particle concentrations reported in number per cubic centimeter,1 Hz data
UNCERTAINTY: Counting uncertainty dominated by air flow, less than 5 percent. Measurement range is ~0 - 3000 per cm3 (varies depending on flow rate- manufacturer quotes 1250 per cm3 at 1.667 cc/s)
ULOD_FLAG: -7777
ULOD_VALUE: N/A
LLOD_FLAG: -8888
LLOD_VALUE: N/A
DM_CONTACT_INFO: Troy Thornberry, 325 Broadway R/CSL6, Boulder, CO 80305; troy.thornberry@noaa.gov; 303-497-3373
PROJECT_INFO: USOS, Utah POPS data from NOAA CSL Mobile Lab
STIPULATIONS_ON_USE: Please contact the PIs for questions regarding applications and uncertainties
OTHER_COMMENTS: POPS bin Edges (nm):  140.1, 146.3, 152.8, 159.6, 166.8, 174.2, 181.9, 190.0, 198.5, 207.4, 216.6, 226.2, 236.3, 246.8, 257.8, 269.3, 343.4, 450.7, 525.9, 618.5, 710.0, 822.7, 885.9, 953.9, 1027.2, 1106.1, 1191.0, 1282.5, 1381.0, 1487.1, 1601.3, 1724.3, 1856.7, 1999.3, 2152.8, 2318.2, 2496.2
Calculations assume organic aerosol refractive index of 1.52+0.00j and extinction wavelength = 532 nm
REVISION: R0
R0: Final data
Time_Start, Time_Stop, Time_Mid, Press_mb, Temp_C, Aerosol_concentration, Surface_Area_Conc, Volume_density, Effective_radius, Extinction, Bin01, Bin02, Bin03, Bin04, Bin05, Bin06, Bin07, Bin08, Bin09, Bin10, Bin11, Bin12, Bin13, Bin14, Bin15, Bin16, Bin17, Bin18, Bin19, Bin20, Bin21, Bin22, Bin23, Bin24, Bin25, Bin26, Bin27, Bin28, Bin29, Bin30, Bin31, Bin32, Bin33, Bin34, Bin35, Bin36
[from data line 1095]
65700,65759,65730,875.430,31.399,520.840,90.518,5.055,0.166,0.027,39.292400,35.786797,34.034264,32.690849,31.271883,29.736439,27.977631,26.804323,25.040289,24.088446,23.569174,24.376936,23.712084,22.842060,19.655050,72.285690,20.661404,4.622927,1.472216,0.241559,0.207336,0.063505,0.074277,0.034512,0.028534,0.022940,0.034510,0.022765,0.000000,0.016795,0.034360,0.034540,0.028514,0.023057,0.011571,0.040546
65760,65819,65790,875.436,31.383,511.627,88.402,4.722,0.160,0.026,37.893848,35.186859,32.842709,31.991899,30.706854,29.290802,27.569323,25.769810,24.666256,24.063524,23.435568,24.200609,23.815691,22.987253,19.063465,71.501099,19.999800,4.466612,1.271153,0.200110,0.178149,0.057418,0.136818,0.039936,0.034359,0.050983,0.022808,0.040356,0.005766,0.011344,0.034055,0.028865,0.028486,0.011400,0.005825,0.016969
65820,65879,65850,875.418,31.432,510.689,88.859,4.851,0.163,0.027,38.070892,35.076565,32.151829,32.435562,30.280201,29.273031,27.937456,25.672394,24.789076,24.320198,23.683826,23.802809,23.776134,22.364101,19.174490,70.941017,19.938471,4.601731,1.547465,0.207229,0.135596,0.053300,0.053570,0.065316,0.034964,0.034987,0.023390,0.029672,0.041799,0.035395,0.035260,0.005992,0.023849,0.024010,0.023810,0.023891
65880,65939,65910,875.407,31.443,515.438,88.615,4.559,0.154,0.027,37.892471,35.153351,33.458099,33.492420,30.808050,29.610956,27.198938,26.884928,25.403116,24.249891,23.222708,24.203762,23.314642,22.419157,19.228380,71.521255,20.711784,4.387139,1.477187,0.159362,0.193496,0.076246,0.064495,0.064677,0.023779,0.011815,0.035726,0.023145,0.029333,0.011642,0.047017,0.011794,0.029618,0.005868,0.011486,0.000000
65940,65999,65970,875.407,31.470,523.509,90.984,5.022,0.164,0.028,39.430012,36.503563,34.109070,32.773956,31.437693,30.270344,28.673391,26.780195,25.538626,24.723526,23.524372,23.917450,23.765905,22.178030,19.306679,72.593002,21.020561,4.451612,1.484014,0.289453,0.187379,0.096388,0.056374,0.039599,0.062577,0.034310,0.017016,0.039581,0.033792,0.022928,0.034130,0.016821,0.028599,0.022775,0.005845,0.039849
66000,66059,66030,875.415,31.499,520.194,90.242,4.925,0.163,0.027,39.337746,36.601696,33.479282,32.626423,31.958113,30.105001,27.472952,26.595554,25.379444,23.606720,23.904182,24.460085,22.552429,22.831108,19.161982,72.468872,20.458208,4.875871,1.401795,0.174078,0.169301,0.078328,0.062747,0.067460,0.067990,0.033684,0.028333,0.044820,0.016350,0.033451,0.039229,0.027827,0.022870,0.016838,0.022126,0.011010
66060,66119,66090,875.394,31.525,524.035,91.304,5.231,0.171,0.028,39.696152,35.850479,35.118073,32.387054,31.651466,29.943132,28.805935,27.426363,25.341934,24.794294,24.179249,23.770884,23.828876,21.916113,19.293032,72.479126,20.321287,4.687551,1.558897,0.224683,0.199241,0.045996,0.091493,0.022846,0.039708,0.045456,0.017534,0.034047,0.028880,0.040134,0.045799,0.045910,0.028430,0.023203,0.028686,0.022640
66120,66179,66150,875.374,31.504,522.896,90.336,4.932,0.162,0.027,38.621780,35.999989,34.441830,33.428661,32.037910,29.771091,27.160587,26.960466,25.508192,24.415705,24.086191,24.568130,23.947594,22.527102,19.617804,72.099373,20.725199,4.724980,1.486373,0.150723,0.141066,0.077314,0.078732,0.027764,0.027668,0.027614,0.022247,0.016961,0.027750,0.010883,0.044823,0.039996,0.022325,0.016915,0.011609,0.022235
66180,66239,66210,875.367,31.490,539.470,93.587,5.209,0.166,0.028,41.984680,38.266182,35.550331,33.594650,33.113956,30.741966,29.104733,27.777561,25.894300,24.785887,23.978806,24.258493,24.443224,23.511534,19.564766,74.325462,21.265778,4.890546,1.434806,0.217992,0.144494,0.086303,0.069490,0.045681,0.069144,0.023216,0.057295,0.028488,0.045402,0.028274,0.074744,0.017268,0.011572,0.000000,0.011610,0.051540
66240,66299,66270,875.369,31.524,545.080,94.632,5.551,0.174,0.029,42.474541,38.934704,36.499237,35.039421,33.785534,30.599760,29.293455,28.006599,26.259768,25.394531,24.731777,24.671356,24.898932,22.960213,19.700392,72.763107,21.954039,4.574810,1.524336,0.180444,0.164420,0.101166,0.062020,0.068110,0.033955,0.028460,0.022367,0.045654,0.034189,0.034343,0.062892,0.061883,0.022369,0.039816,0.028772,0.022732
66300,66359,66330,875.343,31.567,548.413,94.417,5.224,0.165,0.028,42.285671,39.286827,35.994843,34.958641,33.889778,31.864166,28.573883,28.779938,25.679890,25.348846,25.361271,24.826204,24.561594,23.084478,20.227781,75.285660,21.304298,4.720826,1.378628,0.249246,0.166549,0.077872,0.071302,0.059791,0.059413,0.041788,0.012189,0.041363,0.029186,0.035312,0.029297,0.042505,0.024181,0.023602,0.011985,0.023982
66360,66419,66390,875.332,31.560,562.362,96.792,5.734,0.176,0.029,46.543316,41.561897,37.911476,36.336113,34.499714,32.977753,30.149353,28.150511,25.883587,25.539909,24.891064,25.786989,25.059120,23.532625,20.370962,75.024818,20.894314,4.756314,1.446390,0.235259,0.170005,0.052758,0.105426,0.029236,0.035043,0.041242,0.011814,0.023728,0.040820,0.023451,0.059186,0.047765,0.058718,0.034633,0.047177,0.029699
66420,66479,66450,875.314,31.563,545.197,93.595,5.275,0.168,0.028,43.014423,39.042923,37.035404,34.674072,33.151901,30.737598,29.282141,27.671139,26.087608,25.183968,24.857599,25.368250,24.646765,23.339642,20.017450,73.179344,21.070658,4.495364,1.396702,0.248917,0.150465,0.078199,0.055187,0.055458,0.032823,0.021997,0.028002,0.039022,0.022261,0.033905,0.022047,0.039364,0.044603,0.011093,0.022111,0.038910
66480,66539,66510,875.315,31.608,542.293,94.332,5.443,0.171,0.029,41.877857,39.037102,36.484100,34.449188,32.824444,30.841282,28.400785,27.056448,26.102175,25.344347,24.738451,25.140625,24.278173,23.152573,20.063942,73.802933,21.547358,4.619519,1.441652,0.315126,0.189733,0.069704,0.075468,0.022992,0.069415,0.047104,0.028608,0.011891,0.023361,0.022990,0.052374,0.023038,0.045395,0.000000,0.028727,0.063887
66540,66599,66570,875.278,31.674,551.917,95.068,5.325,0.167,0.028,43.959648,39.214035,35.830856,34.586693,33.570454,32.530342,29.876028,28.201368,26.269169,25.592064,24.874739,25.165562,24.740604,23.613947,20.569763,74.578247,21.677538,4.657999,1.437538,0.256484,0.089634,0.096482,0.090311,0.048538,0.041915,0.030288,0.029521,0.036020,0.029430,0.048185,0.042279,0.041951,0.029894,0.011932,0.017998,0.029929
66600,66659,66630,875.288,31.661,554.735,95.928,5.609,0.174,0.029,44.470558,40.961491,36.775520,35.278294,33.461742,32.213318,29.323185,27.786743,26.408417,25.483229,24.635098,25.386208,24.706285,23.772057,21.101852,74.314064,21.597851,4.574030,1.446617,0.265542,0.136019,0.101822,0.078953,0.050588,0.044565,0.022553,0.022436,0.022700,0.005612,0.062331,0.033949,0.039372,0.050508,0.022447,0.022601,0.056675
66660,66719,66690,875.278,31.732,566.692,98.007,5.763,0.175,0.030,45.948208,42.020432,39.335320,36.909328,34.254925,32.088852,30.729923,27.733953,27.036919,26.631741,25.513042,25.228018,24.833921,24.009630,20.509390,74.848572,21.764059,4.682055,1.453041,0.220961,0.198578,0.132933,0.054967,0.022231,0.038508,0.027475,0.033185,0.071467,0.022065,0.066209,0.078115,0.021886,0.078214,0.038935,0.022172,0.033005
66720,66779,66750,875.310,31.785,570.080,98.014,5.353,0.163,0.030,46.015377,40.815147,38.224041,36.686298,34.043957,32.864803,30.685389,29.074804,27.075857,26.552187,25.467903,25.911648,24.937620,24.326561,20.635208,76.429771,22.566538,5.015152,1.669493,0.260592,0.227144,0.110775,0.081585,0.028764,0.052192,0.052630,0.035035,0.029803,0.023048,0.017146,0.046434,0.023419,0.017174,0.040785,0.011738,0.023493
66780,66839,66810,875.286,31.778,569.051,98.448,5.777,0.175,0.030,45.918488,41.315842,38.716129,36.699516,34.187012,32.024998,30.753250,28.375887,27.272278,26.421814,25.509974,25.069191,25.656900,24.283627,20.807013,75.967323,22.658537,4.780407,1.537427,0.229181,0.178301,0.077710,0.067007,0.072660,0.050151,0.055636,0.045092,0.011119,0.022024,0.028030,0.055707,0.079597,0.067546,0.022125,0.005593,0.028177
66840,66899,66870,875.271,31.804,560.546,96.217,5.481,0.170,0.029,44.761681,40.852921,37.505959,36.743187,34.007111,31.820015,29.470119,27.835297,27.131794,26.395184,25.670485,25.350153,25.513262,23.624811,20.556780,74.811836,21.466236,4.738951,1.281568,0.245607,0.160662,0.097484,0.034346,0.046154,0.045667,0.023058,0.028629,0.045837,0.034628,0.045919,0.045645,0.040121,0.028464,0.022673,0.028534,0.034874
66900,66959,66930,875.264,31.868,577.121,98.408,5.572,0.168,0.029,48.114262,43.195091,39.299255,36.051834,35.437698,33.403141,31.788027,30.288544,27.376190,26.125669,25.571110,26.309713,25.975063,23.899576,20.308733,75.240005,21.117382,5.007487,1.554075,0.230471,0.135476,0.094712,0.082789,0.059540,0.059135,0.053527,0.035407,0.035371,0.047489,0.040825,0.017627,0.023497,0.035403,0.023715,0.065305,0.017740
66960,67019,66990,875.238,31.912,597.041,101.234,5.512,0.162,0.030,50.695454,44.910091,41.201054,38.872791,36.719952,34.035656,31.764277,30.297855,28.248430,27.361748,26.735168,26.684160,25.804382,24.169371,21.130417,78.126274,22.891939,4.735415,1.521978,0.229518,0.193893,0.120151,0.091821,0.068785,0.034370,0.046241,0.039967,0.045643,0.079941,0.022963,0.063471,0.011310,0.022754,0.011437,0.023265,0.028669
67020,67079,67050,875.222,31.938,606.779,104.078,6.129,0.174,0.031,51.796989,45.798801,41.205910,40.570164,37.928875,33.754433,32.430977,30.690516,28.672085,27.115883,26.813578,26.233643,26.546686,25.353117,22.088413,78.808350,22.882391,5.223279,1.714970,0.201345,0.165914,0.123340,0.059619,0.100234,0.059020,0.035835,0.041563,0.011736,0.035411,0.041258,0.071681,0.048127,0.035610,0.035180,0.048100,0.035460
67080,67139,67110,875.191,31.972,613.930,105.349,6.272,0.177,0.032,53.311337,46.765522,42.513592,39.801876,37.419010,34.823299,32.731857,31.443617,29.683779,27.241541,26.949921,26.587481,25.932154,24.906506,22.068264,80.511902,23.475777,4.865159,1.645135,0.237394,0.181634,0.124163,0.068231,0.090458,0.056789,0.045741,0.033838,0.017241,0.045958,0.061312,0.096346,0.056468,0.040242,0.022405,0.011414,0.062221
67140,67199,67170,875.199,31.966,617.455,104.617,6.010,0.171,0.031,54.001923,47.652100,43.121021,40.106701,37.377232,35.816322,32.873245,31.208414,29.588743,28.883997,26.780462,26.746193,26.052095,24.873320,22.218048,79.948540,22.511738,5.207747,1.363093,0.243589,0.182626,0.067027,0.071893,0.061288,0.049349,0.044530,0.021778,0.033226,0.049998,0.033863,0.098668,0.022195,0.032752,0.027910,0.027899,0.055339
67200,67259,67230,875.190,31.969,623.240,106.489,6.223,0.174,0.032,53.224117,46.670815,43.023201,40.690266,39.503197,36.116642,32.601242,31.693014,29.283234,28.441456,26.748663,27.284023,27.118557,26.128538,22.020226,81.483688,23.536850,4.805538,1.661528,0.228818,0.217184,0.106105,0.052675,0.035512,0.082142,0.028909,0.029076,0.076540,0.058424,0.029698,0.065020,0.041154,0.035546,0.047205,0.017781,0.052976
67260,67319,67290,875.179,31.975,608.822,104.091,6.093,0.174,0.031,51.662144,45.952579,42.175217,39.924469,36.959408,35.257355,32.642101,30.934256,28.505980,27.567169,27.039789,26.954983,26.356451,25.071041,21.271721,80.182030,22.616676,4.861982,1.630783,0.286792,0.193186,0.081661,0.098935,0.057960,0.046814,0.046815,0.086621,0.028701,0.041224,0.046469,0.047124,0.058538,0.047064,0.017234,0.029657,0.041127
67320,67379,67350,875.183,32.007,610.080,104.472,6.100,0.174,0.031,52.228695,45.722275,42.263260,39.707737,37.495647,33.993755,33.656502,30.753429,29.114790,26.814314,25.979242,27.351053,26.402828,25.545088,21.887392,80.927521,22.582727,4.967514,1.476797,0.233947,0.211659,0.067770,0.096647,0.051433,0.045538,0.063190,0.028040,0.039724,0.057842,0.050710,0.097418,0.034336,0.039797,0.000000,0.034079,0.057217
67380,67439,67410,875.157,31.966,606.734,103.435,5.803,0.167,0.031,50.996414,45.937561,40.664379,40.276947,37.962616,35.310314,32.845089,31.148260,28.669174,27.153530,26.647915,26.351198,25.736900,24.787529,21.134153,80.077896,23.092810,5.079503,1.746878,0.207859,0.179690,0.092695,0.104368,0.056895,0.063959,0.034686,0.029120,0.063771,0.039645,0.034488,0.068439,0.028689,0.039982,0.023190,0.005848,0.041171
67440,67499,67470,875.169,31.932,578.635,98.807,5.442,0.164,0.030,47.738064,42.045753,39.324474,37.047806,36.075851,33.555962,30.593801,29.248125,27.423004,27.387867,25.797630,26.019434,25.171698,24.168331,20.346544,77.313667,21.942797,4.696441,1.599082,0.282763,0.172195,0.128775,0.067837,0.067749,0.042815,0.055605,0.055153,0.018400,0.024560,0.055832,0.049197,0.024460,0.024541,0.031075,0.012154,0.025372
67500,67559,67530,875.135,31.945,569.865,97.695,5.434,0.166,0.029,45.952232,42.127941,38.359207,36.563343,34.305683,32.862213,29.865574,28.460243,27.542854,26.566330,25.340023,25.485224,25.535007,24.320024,20.671717,77.028214,21.736254,4.724303,1.390284,0.169731,0.186545,0.129729,0.079248,0.050647,0.045320,0.022292,0.051031,0.016810,0.056957,0.056268,0.022112,0.022457,0.050925,0.016930,0.022965,0.028265
67560,67619,67590,875.137,31.918,567.028,97.912,5.620,0.171,0.029,45.227242,41.468258,39.095829,36.957527,33.551155,31.846661,30.139996,29.541637,26.621618,26.183758,25.810009,25.089251,25.080296,24.158710,20.353720,76.433136,22.137190,4.808284,1.444037,0.222627,0.211772,0.063614,0.067996,0.062730,0.051646,0.039607,0.051703,0.027654,0.017258,0.039869,0.074420,0.028709,0.017283,0.022712,0.040369,0.040008
67620,67679,67650,875.123,31.945,567.473,97.519,5.461,0.167,0.029,45.374275,41.430557,38.296989,36.253960,34.827999,32.150738,30.696136,28.405664,27.203981,26.211006,25.114782,25.477783,25.632339,23.775404,20.920193,76.835388,21.281370,4.823731,1.692079,0.219756,0.192240,0.098623,0.092472,0.040340,0.028888,0.040680,0.041064,0.040917,0.057446,0.041321,0.058984,0.046285,0.005887,0.017206,0.029174,0.017402
67680,67739,67710,875.116,31.931,568.299,97.227,5.392,0.165,0.029,45.644154,42.152149,38.436363,35.651791,34.181923,32.870270,30.014378,28.571499,26.874681,25.856922,26.201601,25.951870,25.594746,24.420450,20.780487,76.021843,21.996778,4.638003,1.392725,0.232191,0.212209,0.085878,0.063689,0.068974,0.051596,0.023250,0.034650,0.040227,0.017171,0.057216,0.045497,0.039732,0.011419,0.011709,0.011347,0.039993
67740,67799,67770,875.102,31.999,573.694,98.333,5.542,0.168,0.030,46.181656,42.263046,38.923252,36.553120,35.425140,32.535843,30.965441,29.092367,27.922194,26.342793,25.924389,26.005077,25.227114,23.580910,20.430941,76.614899,21.987139,5.098632,1.574961,0.215543,0.177685,0.127588,0.060427,0.038772,0.077792,0.022100,0.038898,0.054680,0.016337,0.027966,0.044288,0.055296,0.038413,0.000000,0.010948,0.038594
67800,67859,67830,875.105,32.027,589.336,101.610,6.064,0.178,0.031,47.459862,42.886929,39.809589,38.560089,35.869976,33.671070,32.199306,30.278572,28.242786,26.548100,25.884680,27.221834,25.335148,25.723545,21.643354,78.073265,22.555546,4.882003,1.305680,0.294709,0.146013,0.117069,0.070081,0.047504,0.023414,0.069795,0.011284,0.047544,0.029288,0.046434,0.076363,0.076007,0.034747,0.028958,0.017728,0.047240
67860,67919,67890,875.081,32.089,592.533,100.989,5.673,0.168,0.030,48.633846,44.847797,39.791309,38.030842,36.309032,33.363579,31.369904,30.828699,28.019552,27.251408,26.315596,26.332382,26.819695,24.698368,21.591764,78.575333,22.439745,4.878381,1.387157,0.202296,0.164351,0.158159,0.070657,0.022866,0.040567,0.052750,0.046221,0.029390,0.029457,0.028758,0.040689,0.040800,0.046372,0.023023,0.017268,0.034938
67920,67979,67950,875.077,32.072,594.018,100.721,5.484,0.162,0.030,49.703812,44.030643,41.057663,38.126389,36.055706,34.565926,31.489100,30.844572,28.740696,26.339226,26.228001,27.112125,26.195353,24.350338,21.091227,78.551140,22.068596,4.971036,1.537078,0.182917,0.221407,0.044434,0.061248,0.038821,0.049979,0.016688,0.038547,0.027255,0.049608,0.038280,0.083776,0.000000,0.022372,0.033691,0.011057,0.039012
67980,68039,68010,875.067,32.125,593.659,101.542,5.762,0.169,0.030,49.651478,43.917618,40.280220,38.133381,36.179604,34.158180,31.866901,30.040140,28.181992,27.814827,25.745949,26.107147,25.911053,24.939438,21.455347,79.783691,21.975065,4.911159,1.428417,0.244168,0.216871,0.119852,0.079959,0.068045,0.051207,0.062408,0.022472,0.039595,0.028342,0.028863,0.068164,0.028141,0.023087,0.017264,0.033986,0.045350
