scrap/USOS-POPS_MobileLabGround_20240720_R0.ict
78, 1001
Thornberry, T. D.
NOAA Chemical Sciences Laboratory
Portable Optical Particle Spectrometer (POPS)
USOS
1, 1
2024, 07, 20, 2025, 05, 08
60
Time_Start, seconds_past_midnight, Start time of measurement
45
1, 1, 1, 1, 1, 1, 1, 1, 1, 1, 1, 1, 1, 1, 1, 1, 1, 1, 1, 1, 1, 1, 1, 1, 1, 1, 1, 1, 1, 1, 1, 1, 1, 1, 1, 1, 1, 1, 1, 1, 1, 1, 1, 1, 1
-9999, -9999, -9999, -9999, -9999, -9999, -9999, -9999, -9999, -9999, -9999, -9999, -9999, -9999, -9999, -9999, -9999, -9999, -9999, -9999, -9999, -9999, -9999, -9999, -9999, -9999, -9999, -9999, -9999, -9999, -9999, -9999, -9999, -9999, -9999, -9999, -9999, -9999, -9999, -9999, -9999, -9999, -9999, -9999, -9999
Time_Stop, seconds_past_midnight, Stop time of measurement
Time_Mid, seconds_past_midnight, Mid time of measurement
Press_mb, mb, Pressure reported (mb)
Temp_C, degrees C, POPS temperature measurement
Aerosol_concentration, cm^-3, Aerosol concentration
Surface_Area_Conc, um^2 cm^-3, Surface area concentration
Volume_density, um^3 cm^-3, Volume density
Effective_radius, um, Effective radius
Extinction, km^-1, Extinction
Bin01, cm^-3, particle concentration in size range [1401 - 146.3 nm]
Bin02, cm^-3, particle concentration in size range [146.3 - 152.8 nm]
Bin03, cm^-3, particle concentration in size range [152.8 - 159.6 nm]
Bin04, cm^-3, particle concentration in size range [159.6 - 166.8 nm]
Bin05, cm^-3, particle concentration in size range [166.8 - 174.2 nm]
Bin06, cm^-3, particle concentration in size range [174.2 - 181.9 nm]
Bin07, cm^-3, particle concentration in size range [181.9 - 190.0 nm]
Bin08, cm^-3, particle concentration in size range [190.0 - 198.5 nm]
Bin09, cm^-3, particle concentration in size range [198.5 - 207.4 nm]
Bin10, cm^-3, particle concentration in size range [207.4 - 216.6 nm]
Bin11, cm^-3, particle concentration in size range [216.6 - 226.2 nm]
Bin12, cm^-3, particle concentration in size range [226.2 - 236.3 nm]
Bin13, cm^-3, particle concentration in size range [236.3 - 246.8 nm]
Bin14, cm^-3, particle concentration in size range [246.8 - 257.8 nm]
Bin15, cm^-3, particle concentration in size range [257.8 - 269.3 nm]
Bin16, cm^-3, particle concentration in size range [269.3 - 343.4 nm]
Bin17, cm^-3, particle concentration in size range [343.4 - 450.7 nm]
Bin18, cm^-3, particle concentration in size range [450.7 - 525.9 nm]
Bin19, cm^-3, particle concentration in size range [525.9 - 618.5 nm]
Bin20, cm^-3, particle concentration in size range [618.5 - 710.0 nm]
Bin21, cm^-3, particle concentration in size range [710.0 - 822.7 nm]
Bin22, cm^-3, particle concentration in size range [822.7 - 885.9 nm]
Bin23, cm^-3, particle concentration in size range [885.9 - 953.9 nm]
Bin24, cm^-3, particle concentration in size range [953.9 - 1027.2 nm]
Bin25, cm^-3, particle concentration in size range [1027.2 - 1106.1 nm]
Bin26, cm^-3, particle concentration in size range [1106.1 - 1191.0 nm]
Bin27, cm^-3, particle concentration in size range [1191.0 - 1282.5 nm]
Bin28, cm^-3, particle concentration in size range [1282.5 - 1381.0 nm]
Bin29, cm^-3, particle concentration in size range [1381.0 - 1487.1 nm]
Bin30, cm^-3, particle concentration in size range [1487.1 - 1601.3 nm]
Bin31, cm^-3, particle concentration in size range [1601.3 - 1724.3 nm]
[...]
PLATFORM: NOAA CSL Mobile Lab
LOCATION: USOS
ASSOCIATED_DATA: N/A
INSTRUMENT_INFO: Printed Optical Particle Spectrometer counts particles from 140 - 2500 nm in diameter 
DATA_INFO: Particle concentrations reported in number per cubic centimeter,1 Hz data
UNCERTAINTY: Counting uncertainty dominated by air flow, less than 5 percent. Measurement range is ~0 - 3000 per cm3 (varies depending on flow rate- manufacturer quotes 1250 per cm3 at 1.667 cc/s)
ULOD_FLAG: -7777
ULOD_VALUE: N/A
LLOD_FLAG: -8888
LLOD_VALUE: N/A
DM_CONTACT_INFO: Troy Thornberry, 325 Broadway R/CSL6, Boulder, CO 80305; troy.thornberry@noaa.gov; 303-497-3373
PROJECT_INFO: USOS, Utah POPS data from NOAA CSL Mobile Lab
STIPULATIONS_ON_USE: Please contact the PIs for questions regarding applications and uncertainties
OTHER_COMMENTS: POPS bin Edges (nm):  140.1, 146.3, 152.8, 159.6, 166.8, 174.2, 181.9, 190.0, 198.5, 207.4, 216.6, 226.2, 236.3, 246.8, 257.8, 269.3, 343.4, 450.7, 525.9, 618.5, 710.0, 822.7, 885.9, 953.9, 1027.2, 1106.1, 1191.0, 1282.5, 1381.0, 1487.1, 1601.3, 1724.3, 1856.7, 1999.3, 2152.8, 2318.2, 2496.2
Calculations assume organic aerosol refractive index of 1.52+0.00j and extinction wavelength = 532 nm
REVISION: R0
R0: Final data
Time_Start, Time_Stop, Time_Mid, Press_mb, Temp_C, Aerosol_concentration, Surface_Area_Conc, Volume_density, Effective_radius, Extinction, Bin01, Bin02, Bin03, Bin04, Bin05, Bin06, Bin07, Bin08, Bin09, Bin10, Bin11, Bin12, Bin13, Bin14, Bin15, Bin16, Bin17, Bin18, Bin19, Bin20, Bin21, Bin22, Bin23, Bin24, Bin25, Bin26, Bin27, Bin28, Bin29, Bin30, Bin31, Bin32, Bin33, Bin34, Bin35, Bin36
[from data line 822]
49320,49379,49350,875.508,30.590,540.273,93.288,6.005,0.191,0.029,47.685883,43.190884,38.667168,36.509403,34.219585,32.282825,29.217215,28.021950,25.397701,24.031193,23.411390,22.889465,22.143076,20.339762,17.800714,67.008438,19.684347,4.634813,1.709425,0.209063,0.280561,0.112027,0.101648,0.089701,0.045740,0.073842,0.039873,0.028428,0.056368,0.062774,0.067863,0.051023,0.061580,0.045433,0.045411,0.056401
49380,49439,49410,875.502,30.578,515.531,92.356,6.000,0.192,0.029,40.841255,37.505405,34.865616,33.717968,32.016300,30.313299,27.745478,26.648996,25.093863,22.961887,22.864651,23.346828,22.408300,20.611391,17.209139,68.737602,20.441540,4.980765,1.707495,0.270927,0.232153,0.140748,0.061867,0.090209,0.073558,0.096155,0.033187,0.067566,0.056402,0.062672,0.101974,0.039553,0.039722,0.062075,0.022497,0.062374
49440,49499,49470,875.517,30.509,501.609,88.140,5.418,0.182,0.028,38.336720,36.335766,33.806221,32.977654,32.066380,28.838806,27.280083,26.128237,24.522669,23.490509,22.456079,22.457775,21.312805,20.424995,17.381737,67.183449,19.002256,4.710413,1.591118,0.190503,0.225858,0.120973,0.133508,0.087183,0.045982,0.028527,0.068216,0.069402,0.046751,0.034215,0.075318,0.075339,0.051380,0.005925,0.022677,0.023189
49500,49559,49530,875.537,30.476,587.588,96.103,5.558,0.172,0.028,58.936989,51.731392,46.544327,42.914768,38.011707,34.363632,30.928360,30.077278,26.766207,24.863091,23.454275,22.402151,22.335255,21.046091,17.713011,67.385628,20.150255,4.989911,1.617597,0.214719,0.341929,0.076564,0.112758,0.041389,0.070377,0.064330,0.059254,0.053682,0.072250,0.065237,0.047062,0.041892,0.029704,0.000000,0.011655,0.053249
49560,49619,49590,875.534,30.412,771.702,113.066,6.287,0.165,0.030,99.024803,85.639679,72.427284,62.956146,54.739971,47.621628,41.642738,36.917976,31.109325,28.965929,25.960972,24.870302,23.348709,20.701483,17.879440,69.231468,20.359102,5.167477,1.726754,0.247609,0.275255,0.181525,0.085307,0.117472,0.066083,0.038834,0.057926,0.026470,0.026524,0.045332,0.026275,0.045228,0.039310,0.039274,0.038636,0.053433
49620,49679,49650,875.532,30.344,539.456,93.277,5.757,0.183,0.029,47.199711,42.461830,38.518555,35.941872,35.007908,31.004194,29.743452,27.802916,25.568192,23.895702,23.144348,23.199032,21.657156,20.528000,17.378639,68.064491,20.256588,4.899761,1.682018,0.265867,0.255816,0.145063,0.077413,0.100090,0.066259,0.077980,0.078376,0.049527,0.056001,0.066851,0.066953,0.044348,0.044732,0.044962,0.033605,0.028121
49680,49739,49710,875.545,30.269,502.154,88.697,5.473,0.183,0.028,39.292244,36.694221,33.970989,32.471546,30.208302,28.875345,27.386026,26.570253,24.844521,23.777271,21.964067,22.326391,21.147902,20.852684,17.128254,66.984749,19.931932,4.858125,1.545888,0.259873,0.192486,0.123979,0.096391,0.097025,0.045237,0.056219,0.027450,0.039515,0.045794,0.090765,0.090934,0.061955,0.017124,0.017041,0.034303,0.027462
49740,49799,49770,875.538,30.384,532.859,91.841,5.623,0.182,0.028,45.809662,41.552269,38.540142,36.021931,33.482403,30.743643,28.705128,27.172770,25.796320,24.380095,22.351254,23.257618,22.002359,20.432686,17.486078,67.542595,19.844267,4.787788,1.624616,0.256575,0.216618,0.088274,0.072436,0.059908,0.060905,0.094504,0.055706,0.049777,0.066131,0.033731,0.082631,0.039046,0.055250,0.021882,0.027759,0.044681
49800,49859,49830,875.560,30.523,619.819,99.726,5.965,0.179,0.029,66.368240,58.406532,50.830170,45.994282,41.894863,35.867462,33.612846,29.527199,27.923336,25.592888,24.067951,23.029026,22.215788,21.004242,17.552567,68.018257,20.032660,4.744672,1.653591,0.246035,0.226683,0.166504,0.108839,0.089359,0.090169,0.048311,0.071457,0.077157,0.048037,0.041332,0.052740,0.059392,0.053947,0.036087,0.036206,0.029859
49860,49919,49890,875.565,30.577,724.958,106.853,5.917,0.165,0.029,92.112480,79.138496,67.611221,58.178593,52.096874,44.078156,38.067654,34.758495,29.818718,27.119055,24.955046,23.947420,22.092379,20.403080,17.022478,66.354469,19.492861,4.807610,1.649508,0.215803,0.238840,0.098278,0.124303,0.058766,0.069931,0.041452,0.057442,0.029124,0.029136,0.051734,0.058559,0.035512,0.041038,0.017615,0.034453,0.051889
49920,49979,49950,875.587,30.528,849.709,117.848,6.171,0.156,0.030,120.162376,103.084175,85.677399,73.192589,62.525997,51.079956,45.013771,39.594219,32.816933,29.106512,25.983809,24.684481,22.947741,21.046455,17.783392,67.331734,20.040161,4.615854,1.699222,0.247046,0.259507,0.161407,0.115662,0.080760,0.028670,0.057700,0.023386,0.028672,0.034170,0.039856,0.074135,0.017356,0.039488,0.034730,0.034265,0.045603
49980,50039,50010,875.620,30.455,770.852,110.069,6.079,0.165,0.028,102.598770,88.675537,75.190643,64.231590,55.514263,47.350018,41.830704,35.303970,30.755043,27.552053,25.110491,24.011646,21.805506,20.579453,17.357883,66.976250,18.655426,4.462190,1.588646,0.286541,0.198812,0.121175,0.113994,0.056519,0.076801,0.044085,0.051180,0.012778,0.031940,0.057549,0.050917,0.089604,0.025711,0.025582,0.019758,0.038497
50040,50099,50070,875.629,30.413,714.997,105.348,5.873,0.167,0.028,90.623802,78.677818,65.468880,57.520782,50.314342,43.991306,38.354824,32.790161,29.914557,27.047443,24.442692,24.049654,21.562935,20.514242,17.623255,65.872017,19.016169,4.577687,1.431771,0.279240,0.157192,0.159770,0.067073,0.030779,0.036039,0.054845,0.024386,0.042613,0.036129,0.023760,0.090495,0.036710,0.061199,0.023736,0.036479,0.042457
50100,50159,50130,875.639,30.386,738.873,107.503,5.873,0.163,0.028,95.510742,82.091911,69.316277,61.093479,52.621845,44.944614,39.003357,35.068977,30.397779,27.769608,24.416431,23.519361,22.117609,20.905312,17.430954,65.994377,18.993866,4.763114,1.610134,0.277480,0.284760,0.113099,0.087835,0.095220,0.044038,0.037648,0.037476,0.018835,0.050896,0.037976,0.030901,0.043571,0.043597,0.019167,0.031130,0.049815
50160,50219,50190,875.668,30.335,758.579,108.773,5.761,0.158,0.028,99.826073,85.436562,72.241714,63.767395,55.117363,47.013462,39.643658,35.785320,31.383564,27.777874,25.354385,23.727465,21.554876,20.155630,16.992123,65.933273,19.315617,4.776472,1.537841,0.327699,0.144875,0.151061,0.072447,0.090809,0.058468,0.052178,0.045964,0.006514,0.052678,0.039331,0.058864,0.020145,0.026031,0.006325,0.019659,0.065545
50220,50279,50250,875.690,30.276,522.351,87.419,5.047,0.172,0.026,46.647049,42.335152,38.452988,36.154816,34.232304,30.981239,28.126270,26.482868,24.863619,23.367683,22.116137,21.456751,20.271692,19.462694,17.365349,63.906639,18.886848,4.704737,1.452681,0.196159,0.208014,0.092992,0.103546,0.040182,0.056871,0.039757,0.045848,0.023522,0.034841,0.034571,0.068933,0.046240,0.028516,0.005805,0.034994,0.022881
50280,50339,50310,875.724,30.326,488.682,84.109,4.940,0.175,0.026,39.136311,36.384941,33.280579,32.285946,31.237104,28.118744,27.199146,26.305248,23.591438,22.483099,21.349014,21.170734,20.661720,19.474415,16.409195,64.352890,18.467577,4.240971,1.453113,0.249405,0.195031,0.094612,0.058954,0.060158,0.035659,0.023687,0.047354,0.058287,0.018082,0.023826,0.065981,0.041893,0.035632,0.018107,0.018046,0.035302
50340,50399,50370,875.724,30.359,553.360,90.037,5.227,0.173,0.026,54.294018,47.333450,43.785069,40.455853,36.534664,33.245098,29.231091,27.835855,25.984463,23.650381,22.252542,22.138323,21.105154,19.814423,16.570271,63.519184,18.524811,4.568730,1.400223,0.223763,0.206107,0.127771,0.078558,0.048221,0.036653,0.036171,0.017877,0.061728,0.030240,0.042400,0.054584,0.036449,0.012306,0.018142,0.030619,0.055293
50400,50459,50430,875.731,30.466,550.929,89.059,4.958,0.165,0.026,54.993076,47.336807,41.481056,39.125660,35.864765,32.504551,30.072845,27.818336,25.487322,24.195999,23.337790,20.966955,21.369755,19.642885,16.782673,64.690613,18.701225,4.185763,1.362093,0.210474,0.218337,0.075719,0.076226,0.059046,0.053152,0.029544,0.017281,0.041419,0.005947,0.046552,0.047400,0.040779,0.028805,0.000000,0.017549,0.040740
50460,50519,50490,875.773,30.723,538.652,88.849,4.949,0.166,0.026,48.257973,43.631054,40.862377,37.967274,35.680897,31.793034,28.882435,27.308697,25.852140,24.111689,22.908960,22.319584,21.483633,19.937344,16.792055,65.419403,18.497223,4.477823,1.322441,0.244923,0.238722,0.113818,0.077369,0.065232,0.065077,0.035570,0.018167,0.023940,0.030326,0.059699,0.070956,0.023509,0.018389,0.006033,0.017963,0.036011
50520,50579,50550,875.755,30.882,550.377,96.088,5.876,0.182,0.030,44.912598,41.993950,38.652672,35.788227,34.974236,32.626038,29.605915,28.146912,26.157190,25.186159,24.532433,23.401958,23.011908,21.321693,18.898149,72.140289,20.464128,5.043618,1.853313,0.357370,0.328352,0.189862,0.121974,0.063540,0.086284,0.045685,0.052137,0.034733,0.063582,0.063147,0.080964,0.057858,0.039619,0.034318,0.000000,0.046253
50580,50639,50610,875.733,30.905,515.122,89.449,5.475,0.182,0.028,42.863586,38.621716,36.141464,33.715321,32.551140,30.249973,27.834442,27.380871,24.899483,23.253662,22.742191,22.460690,21.370148,20.280796,17.165634,66.603966,19.155994,4.906346,1.588551,0.266953,0.248879,0.146782,0.066399,0.073161,0.071317,0.030036,0.042331,0.061116,0.018087,0.042496,0.049502,0.048381,0.055030,0.072602,0.024356,0.018449
50640,50699,50670,875.743,30.926,523.746,90.004,5.499,0.181,0.028,43.516651,40.142071,36.956539,35.201817,33.394558,30.437580,27.981218,27.418001,24.878229,24.509312,23.055939,22.652025,22.123112,20.334986,17.107561,67.430733,19.194786,4.562823,1.577564,0.228816,0.254951,0.134237,0.089340,0.072716,0.033612,0.038758,0.044372,0.033790,0.055837,0.038684,0.044293,0.072888,0.033075,0.033981,0.028069,0.033437
50700,50759,50730,875.736,30.916,533.254,92.160,5.647,0.182,0.028,44.560677,40.579674,38.160530,35.647408,32.778923,31.754887,29.042601,27.431665,26.153242,24.110498,23.271696,22.958176,22.357386,20.627859,18.296730,68.215889,19.600153,4.711924,1.544625,0.325450,0.277541,0.133909,0.091441,0.036253,0.054564,0.053515,0.077735,0.030913,0.041887,0.072078,0.078925,0.042233,0.036363,0.012143,0.024048,0.060458
50760,50819,50790,875.761,30.859,526.218,90.971,5.586,0.182,0.028,44.676971,40.485134,37.038731,35.213154,32.817215,30.020399,28.268930,26.912516,25.437284,24.065889,22.673559,23.398869,21.845066,20.944921,18.014591,67.395180,19.453724,4.669860,1.568330,0.311568,0.200569,0.092750,0.092440,0.069866,0.080389,0.029400,0.051598,0.023424,0.046686,0.051975,0.075459,0.034464,0.045998,0.017679,0.029089,0.063951
50820,50879,50850,875.794,30.841,515.935,88.985,5.184,0.173,0.027,41.730171,38.474125,36.289494,34.071537,32.505421,30.213545,28.212883,26.792496,25.142267,23.447586,22.355959,22.497040,21.601561,20.157095,17.688412,67.532219,19.604109,4.695626,1.705373,0.317475,0.168193,0.126861,0.065960,0.071626,0.053917,0.042168,0.036224,0.048065,0.060438,0.041953,0.059621,0.041548,0.005952,0.030435,0.011449,0.036130
50880,50939,50910,875.810,30.803,508.864,89.334,5.639,0.188,0.028,41.002319,37.366943,35.203106,33.012409,32.358795,29.848928,27.660048,26.053074,25.224014,23.222349,22.499210,22.972963,20.965794,20.468426,17.326385,66.597786,19.102709,5.069223,1.509569,0.262886,0.245976,0.102693,0.126471,0.073840,0.063686,0.028124,0.085212,0.040234,0.068480,0.052367,0.062321,0.074115,0.028924,0.005925,0.011497,0.067610
50940,50999,50970,875.821,30.725,495.399,89.312,5.683,0.189,0.029,36.700775,34.906658,32.870148,31.584879,31.070606,28.937988,26.581024,24.933710,24.378206,23.546331,22.158392,22.395353,21.473284,20.320490,17.810600,67.581558,19.940489,4.876154,1.888215,0.313470,0.250235,0.129697,0.082429,0.095012,0.088728,0.053423,0.046638,0.046680,0.006053,0.065547,0.071425,0.029438,0.035243,0.011768,0.029811,0.088573
51000,51059,51030,875.812,30.705,496.044,88.654,5.390,0.181,0.028,37.556938,34.676498,32.029388,32.083218,30.412825,29.451532,27.201187,25.669088,24.451344,22.777010,22.073236,21.980988,21.388250,19.995922,17.971308,68.103271,20.057171,5.037612,1.748996,0.289893,0.241311,0.160877,0.069272,0.086249,0.091851,0.046509,0.040332,0.034578,0.023587,0.046148,0.080755,0.034287,0.051842,0.011614,0.034356,0.034281
51060,51119,51090,875.818,30.680,494.358,88.154,5.232,0.177,0.028,36.906330,34.461025,32.860310,31.274641,30.223890,28.231077,26.337460,25.542082,24.588436,23.010120,22.373690,22.170918,21.564104,20.445448,17.678667,68.505493,20.305128,4.864827,1.699300,0.292526,0.262310,0.146377,0.069347,0.064221,0.052426,0.035172,0.059361,0.035039,0.046906,0.052538,0.063573,0.023324,0.017589,0.041016,0.011379,0.041778
51120,51179,51150,875.828,30.656,489.784,88.228,5.738,0.193,0.028,36.115555,34.453327,32.405952,31.265030,29.952883,28.526854,26.780437,25.532913,24.208471,22.659046,22.464865,22.444536,20.860380,20.415068,17.122467,66.939270,19.611109,5.073493,1.654326,0.224050,0.237342,0.074047,0.092440,0.080302,0.080527,0.051793,0.039755,0.033608,0.028909,0.034014,0.079834,0.068209,0.046903,0.046286,0.017340,0.062841
51180,51239,51210,875.837,30.634,496.459,89.618,5.686,0.189,0.029,37.776020,34.111595,32.255432,31.213240,30.606895,29.085213,26.808226,25.886702,24.238842,23.453438,22.101765,22.820879,22.321531,20.131775,16.341921,69.007256,20.209585,4.830071,1.804542,0.221352,0.280088,0.155763,0.131953,0.094995,0.065771,0.071495,0.047792,0.029883,0.035808,0.048044,0.054851,0.042386,0.060789,0.023409,0.030073,0.059299
51240,51299,51270,875.856,30.618,476.759,84.634,5.032,0.177,0.026,34.324848,33.030479,31.580244,30.121651,28.401278,27.347351,26.718443,25.007940,23.464125,21.990089,22.299009,21.509884,20.810791,19.787428,17.047871,66.504570,19.742523,4.449697,1.481088,0.229917,0.194632,0.102457,0.114450,0.039944,0.080327,0.034158,0.051709,0.052511,0.017266,0.040058,0.027667,0.046243,0.033890,0.016807,0.017721,0.039436
51300,51359,51330,875.851,30.608,470.830,84.101,5.073,0.179,0.026,33.633942,31.634190,30.619102,29.171244,28.019833,27.895224,26.264709,24.559687,23.643942,22.361317,21.533197,21.899965,20.938980,19.993965,16.737165,65.536392,19.231836,4.532979,1.515445,0.228300,0.186844,0.116295,0.093889,0.053207,0.028410,0.052693,0.035858,0.005623,0.040928,0.052567,0.053243,0.022998,0.023205,0.029886,0.035532,0.047352
51360,51419,51390,875.863,30.546,457.469,80.112,4.324,0.161,0.025,32.619274,30.651043,28.593287,28.837194,27.602238,26.392384,25.097288,23.519335,23.015799,22.318594,22.122049,21.476784,20.956861,18.742546,16.353148,64.011429,18.257942,4.565368,1.449054,0.199621,0.159095,0.146393,0.041097,0.053296,0.041297,0.023520,0.047058,0.035285,0.011885,0.011908,0.047193,0.005563,0.022913,0.000000,0.017980,0.023330
51420,51479,51450,875.859,30.473,468.560,83.910,5.112,0.180,0.026,33.098057,31.524078,30.288368,28.962261,28.273287,27.312046,25.516319,24.430174,23.026878,22.345745,22.022602,21.746258,21.523808,19.941257,16.725765,65.619164,19.259771,4.339680,1.460333,0.246911,0.212611,0.102591,0.080687,0.051759,0.068987,0.034308,0.029081,0.029178,0.023420,0.051673,0.040472,0.028344,0.028982,0.028363,0.028830,0.057899
51480,51539,51510,875.869,30.469,457.706,81.541,4.839,0.176,0.026,32.691311,30.734297,28.490919,28.539562,27.575953,26.910206,25.362030,24.071125,22.675804,21.876591,21.577854,21.771866,20.356998,19.335403,16.211744,63.538273,19.110714,4.398912,1.466499,0.199700,0.172368,0.127358,0.066442,0.033012,0.050202,0.022485,0.038663,0.033512,0.011042,0.016635,0.083602,0.038931,0.055046,0.022283,0.010965,0.027864
51540,51599,51570,875.885,30.458,457.176,81.254,4.897,0.179,0.025,32.414253,30.734909,28.648596,29.262857,28.118839,25.721739,25.256514,24.247980,23.068453,22.063137,21.272621,21.817755,20.699303,19.266636,16.571705,63.403553,17.928062,4.307165,1.267775,0.205891,0.207194,0.105334,0.072629,0.060780,0.039295,0.045125,0.044619,0.022457,0.027579,0.050600,0.067235,0.039119,0.038908,0.016436,0.033418,0.027785
