scrap/USOS-POPS_MobileLabGround_20240720_R0.ict
78, 1001
Thornberry, T. D.
NOAA Chemical Sciences Laboratory
Portable Optical Particle Spectrometer (POPS)
USOS
1, 1
2024, 07, 20, 2025, 05, 08
60
Time_Start, seconds_past_midnight, Start time of measurement
45
1, 1, 1, 1, 1, 1, 1, 1, 1, 1, 1, 1, 1, 1, 1, 1, 1, 1, 1, 1, 1, 1, 1, 1, 1, 1, 1, 1, 1, 1, 1, 1, 1, 1, 1, 1, 1, 1, 1, 1, 1, 1, 1, 1, 1
-9999, -9999, -9999, -9999, -9999, -9999, -9999, -9999, -9999, -9999, -9999, -9999, -9999, -9999, -9999, -9999, -9999, -9999, -9999, -9999, -9999, -9999, -9999, -9999, -9999, -9999, -9999, -9999, -9999, -9999, -9999, -9999, -9999, -9999, -9999, -9999, -9999, -9999, -9999, -9999, -9999, -9999, -9999, -9999, -9999
Time_Stop, seconds_past_midnight, Stop time of measurement
Time_Mid, seconds_past_midnight, Mid time of measurement
Press_mb, mb, Pressure reported (mb)
Temp_C, degrees C, POPS temperature measurement
Aerosol_concentration, cm^-3, Aerosol concentration
Surface_Area_Conc, um^2 cm^-3, Surface area concentration
Volume_density, um^3 cm^-3, Volume density
Effective_radius, um, Effective radius
Extinction, km^-1, Extinction
Bin01, cm^-3, particle concentration in size range [1401 - 146.3 nm]
Bin02, cm^-3, particle concentration in size range [146.3 - 152.8 nm]
Bin03, cm^-3, particle concentration in size range [152.8 - 159.6 nm]
Bin04, cm^-3, particle concentration in size range [159.6 - 166.8 nm]
Bin05, cm^-3, particle concentration in size range [166.8 - 174.2 nm]
Bin06, cm^-3, particle concentration in size range [174.2 - 181.9 nm]
Bin07, cm^-3, particle concentration in size range [181.9 - 190.0 nm]
Bin08, cm^-3, particle concentration in size range [190.0 - 198.5 nm]
Bin09, cm^-3, particle concentration in size range [198.5 - 207.4 nm]
Bin10, cm^-3, particle concentration in size range [207.4 - 216.6 nm]
Bin11, cm^-3, particle concentration in size range [216.6 - 226.2 nm]
Bin12, cm^-3, particle concentration in size range [226.2 - 236.3 nm]
Bin13, cm^-3, particle concentration in size range [236.3 - 246.8 nm]
Bin14, cm^-3, particle concentration in size range [246.8 - 257.8 nm]
Bin15, cm^-3, particle concentration in size range [257.8 - 269.3 nm]
Bin16, cm^-3, particle concentration in size range [269.3 - 343.4 nm]
Bin17, cm^-3, particle concentration in size range [343.4 - 450.7 nm]
Bin18, cm^-3, particle concentration in size range [450.7 - 525.9 nm]
Bin19, cm^-3, particle concentration in size range [525.9 - 618.5 nm]
Bin20, cm^-3, particle concentration in size range [618.5 - 710.0 nm]
Bin21, cm^-3, particle concentration in size range [710.0 - 822.7 nm]
Bin22, cm^-3, particle concentration in size range [822.7 - 885.9 nm]
Bin23, cm^-3, particle concentration in size range [885.9 - 953.9 nm]
Bin24, cm^-3, particle concentration in size range [953.9 - 1027.2 nm]
Bin25, cm^-3, particle concentration in size range [1027.2 - 1106.1 nm]
Bin26, cm^-3, particle concentration in size range [1106.1 - 1191.0 nm]
Bin27, cm^-3, particle concentration in size range [1191.0 - 1282.5 nm]
Bin28, cm^-3, particle concentration in size range [1282.5 - 1381.0 nm]
Bin29, cm^-3, particle concentration in size range [1381.0 - 1487.1 nm]
Bin30, cm^-3, particle concentration in size range [1487.1 - 1601.3 nm]
Bin31, cm^-3, particle concentration in size range [1601.3 - 1724.3 nm]
[...]
PLATFORM: NOAA CSL Mobile Lab
LOCATION: USOS
ASSOCIATED_DATA: N/A
INSTRUMENT_INFO: Printed Optical Particle Spectrometer counts particles from 140 - 2500 nm in diameter 
DATA_INFO: Particle concentrations reported in number per cubic centimeter,1 Hz data
UNCERTAINTY: Counting uncertainty dominated by air flow, less than 5 percent. Measurement range is ~0 - 3000 per cm3 (varies depending on flow rate- manufacturer quotes 1250 per cm3 at 1.667 cc/s)
ULOD_FLAG: -7777
ULOD_VALUE: N/A
LLOD_FLAG: -8888
LLOD_VALUE: N/A
DM_CONTACT_INFO: Troy Thornberry, 325 Broadway R/CSL6, Boulder, CO 80305; troy.thornberry@noaa.gov; 303-497-3373
PROJECT_INFO: USOS, Utah POPS data from NOAA CSL Mobile Lab
STIPULATIONS_ON_USE: Please contact the PIs for questions regarding applications and uncertainties
OTHER_COMMENTS: POPS bin Edges (nm):  140.1, 146.3, 152.8, 159.6, 166.8, 174.2, 181.9, 190.0, 198.5, 207.4, 216.6, 226.2, 236.3, 246.8, 257.8, 269.3, 343.4, 450.7, 525.9, 618.5, 710.0, 822.7, 885.9, 953.9, 1027.2, 1106.1, 1191.0, 1282.5, 1381.0, 1487.1, 1601.3, 1724.3, 1856.7, 1999.3, 2152.8, 2318.2, 2496.2
Calculations assume organic aerosol refractive index of 1.52+0.00j and extinction wavelength = 532 nm
REVISION: R0
R0: Final data
Time_Start, Time_Stop, Time_Mid, Press_mb, Temp_C, Aerosol_concentration, Surface_Area_Conc, Volume_density, Effective_radius, Extinction, Bin01, Bin02, Bin03, Bin04, Bin05, Bin06, Bin07, Bin08, Bin09, Bin10, Bin11, Bin12, Bin13, Bin14, Bin15, Bin16, Bin17, Bin18, Bin19, Bin20, Bin21, Bin22, Bin23, Bin24, Bin25, Bin26, Bin27, Bin28, Bin29, Bin30, Bin31, Bin32, Bin33, Bin34, Bin35, Bin36
[from data line 861]
51660,51719,51690,875.913,30.423,443.839,78.222,4.435,0.169,0.024,30.732964,28.652973,28.194731,26.805714,27.042234,25.535095,24.289827,23.215725,21.985264,21.568998,21.337847,21.078741,20.559746,19.152674,15.881095,63.811012,17.847326,4.167882,1.200319,0.181995,0.133275,0.060705,0.011806,0.017818,0.048364,0.071970,0.017756,0.030014,0.030072,0.036343,0.024109,0.042400,0.018023,0.011828,0.024085,0.017826
51720,51779,51750,875.894,30.423,441.698,77.301,4.214,0.162,0.023,30.215559,29.432615,26.793156,27.577824,27.092108,25.120651,24.004164,24.037991,22.174953,21.560892,21.123354,20.591722,20.219215,18.732744,16.425238,62.626095,17.929293,4.182692,1.219576,0.135136,0.128600,0.041401,0.046524,0.029394,0.028391,0.023842,0.023323,0.023692,0.028769,0.022917,0.029592,0.000000,0.005623,0.011680,0.000000,0.059015
51780,51839,51810,875.891,30.423,443.790,78.295,4.575,0.174,0.024,31.208803,29.292725,27.811144,27.796753,27.520342,25.254438,24.621136,23.546556,22.729481,21.390940,20.653135,20.697462,20.236662,18.214804,16.171391,62.582478,18.050165,3.913401,1.269074,0.155673,0.126755,0.063144,0.080545,0.051472,0.040805,0.051889,0.023128,0.011677,0.028913,0.017320,0.034732,0.034155,0.011610,0.028504,0.040042,0.028714
51840,51899,51870,875.886,30.525,445.527,78.366,4.450,0.169,0.024,31.950867,29.924448,28.131510,27.872595,27.438288,25.573057,23.837500,23.610613,22.154633,21.024969,20.691154,20.856096,20.386999,18.946728,16.971760,62.278484,17.716263,3.963254,1.246794,0.233865,0.149146,0.093926,0.060690,0.044335,0.066412,0.038292,0.038826,0.027595,0.033198,0.011020,0.033132,0.016363,0.032786,0.027054,0.011187,0.033125
51900,51959,51930,875.881,30.692,443.253,78.473,4.577,0.173,0.024,31.031338,28.685480,27.859512,27.872168,26.629402,25.430885,24.460993,23.843294,22.436022,21.514814,21.319895,21.062286,19.917797,18.559893,16.459879,62.440464,17.607225,4.075211,1.057804,0.215166,0.122229,0.101727,0.068001,0.038773,0.062367,0.039744,0.045012,0.016336,0.049604,0.051021,0.060657,0.033788,0.033794,0.016394,0.005521,0.028710
51960,52019,51990,875.885,30.877,442.845,77.600,4.412,0.169,0.024,29.650909,29.055134,28.192177,28.091421,27.137981,25.765848,24.954216,23.587839,22.725752,21.671333,20.915596,20.597525,20.632242,18.528025,16.271402,61.530621,17.662313,3.871950,1.180249,0.197774,0.118625,0.085205,0.056853,0.028043,0.021876,0.045024,0.017201,0.016510,0.022963,0.051087,0.061167,0.027941,0.022600,0.000000,0.011450,0.038606
52020,52079,52050,875.899,30.993,484.101,80.613,4.263,0.158,0.024,42.846634,38.671413,34.533207,31.953758,30.334219,27.312908,25.824032,24.161530,22.609322,21.668272,21.463415,21.318663,19.879471,19.107218,15.886415,62.635109,17.921818,3.962158,1.164924,0.255936,0.164462,0.079366,0.039751,0.028989,0.034004,0.034622,0.005631,0.016754,0.056522,0.017051,0.033835,0.005745,0.028438,0.011299,0.011006,0.022611
52080,52139,52110,875.906,31.049,445.301,78.827,4.769,0.178,0.024,31.590363,30.005142,28.405239,27.406088,26.767012,26.603188,24.720377,23.692526,22.329084,21.616430,20.340441,20.355770,20.178736,19.089396,15.649496,63.578896,17.132879,3.634286,1.176891,0.204106,0.216878,0.113949,0.057646,0.063071,0.034233,0.040883,0.011829,0.011201,0.016705,0.039706,0.040149,0.022736,0.052008,0.022782,0.017123,0.063689
52140,52199,52170,875.915,31.092,444.094,78.296,4.498,0.171,0.024,30.496157,28.980652,28.759022,27.635096,26.717445,26.047537,24.654064,23.418491,22.477365,21.788078,20.726774,21.193737,20.313278,18.385288,16.902456,61.554543,17.915169,3.951509,1.270074,0.141388,0.146831,0.113104,0.079009,0.067635,0.044642,0.039746,0.039313,0.011143,0.011300,0.056673,0.050294,0.027760,0.011353,0.016754,0.017203,0.033318
52200,52259,52230,875.908,31.182,447.539,79.221,4.652,0.174,0.024,31.689072,30.038126,28.586733,28.347437,26.680799,25.859165,24.906635,24.130209,22.633560,22.009527,20.564444,20.727869,19.442579,18.806492,16.140572,62.745033,18.046970,3.968989,1.181977,0.199367,0.193223,0.105145,0.052714,0.095050,0.046899,0.029109,0.041144,0.047559,0.017433,0.029525,0.047026,0.011844,0.005927,0.034621,0.029084,0.046596
52260,52319,52290,875.925,31.238,444.833,78.930,4.740,0.179,0.024,30.751778,29.979265,28.236677,29.013130,27.076305,25.245071,24.467232,23.931923,22.502695,20.807413,21.023031,20.073120,20.280197,18.759481,16.341648,62.310116,17.913872,3.951616,1.168238,0.196276,0.184726,0.102865,0.052536,0.057327,0.017179,0.028155,0.023277,0.034445,0.045545,0.050937,0.045806,0.039888,0.040566,0.034984,0.017378,0.028547
52320,52379,52350,875.929,31.265,447.568,78.856,4.594,0.173,0.024,32.325703,30.002586,28.627432,27.622284,27.756733,25.669752,24.174221,24.109207,22.667032,21.711700,20.911949,20.492107,20.165867,18.994156,16.178907,61.757042,18.211502,4.012626,1.259743,0.178252,0.165992,0.080291,0.068860,0.045427,0.063056,0.034465,0.011652,0.039785,0.034418,0.011476,0.058160,0.022785,0.034398,0.005747,0.005709,0.057308
52380,52439,52410,875.925,31.308,447.404,78.272,4.512,0.172,0.024,31.624456,30.585939,28.880135,28.232969,27.545076,26.223413,24.432589,23.137983,22.684765,21.761021,20.502426,21.021475,20.083872,18.352613,16.447966,63.035320,16.980536,3.854578,1.182035,0.178836,0.075839,0.092499,0.075515,0.040439,0.022823,0.029505,0.028686,0.047682,0.017186,0.028668,0.069124,0.017174,0.046441,0.011688,0.017629,0.034812
52440,52499,52470,875.921,31.429,446.840,77.858,4.284,0.164,0.024,31.420101,30.196320,28.453268,27.975042,27.447140,25.608196,25.048685,23.001854,23.131887,21.260128,21.067652,20.474743,19.664818,19.399185,16.243883,63.390717,17.010118,4.030477,1.222515,0.175402,0.109963,0.084655,0.055383,0.017971,0.036167,0.035975,0.036305,0.018008,0.042545,0.041819,0.042613,0.018031,0.036252,0.024157,0.011944,0.005846
52500,52559,52530,875.917,31.441,451.563,78.709,4.399,0.166,0.024,31.723347,30.137499,29.509073,27.660706,27.227684,26.497465,25.443512,24.222841,22.772648,21.410511,21.283974,21.101868,20.480600,19.613253,16.613331,62.011250,17.916622,4.010018,1.169353,0.185589,0.083242,0.041795,0.053616,0.041740,0.059490,0.017869,0.030438,0.035664,0.035366,0.035815,0.041137,0.006423,0.011751,0.012189,0.029298,0.036039
52560,52619,52590,875.963,31.465,450.650,78.659,4.490,0.170,0.024,32.097019,30.241213,28.344866,28.043772,27.937048,26.162506,24.876551,24.250410,22.358011,21.732233,21.531504,20.676643,20.372814,19.607384,16.232578,63.042702,17.303970,3.974512,1.055161,0.190063,0.135025,0.068595,0.039605,0.046084,0.028232,0.034661,0.005905,0.017139,0.046274,0.028759,0.034606,0.011696,0.039496,0.018324,0.022726,0.041408
52620,52679,52650,875.934,31.478,447.731,78.697,4.684,0.177,0.024,31.486296,29.722273,28.556503,28.275145,27.538324,26.495394,25.237823,23.359240,22.323282,21.437887,20.931414,21.275452,20.244024,19.020613,16.147415,61.916721,17.725496,3.966976,1.176492,0.208165,0.126412,0.083781,0.041560,0.041523,0.041452,0.030074,0.036366,0.023598,0.035259,0.018066,0.047832,0.058941,0.023239,0.029657,0.023826,0.023984
52680,52739,52710,875.943,31.491,443.322,76.968,4.385,0.169,0.023,30.901955,29.565519,27.988796,27.834642,26.786860,25.424427,25.090723,23.629604,22.321898,21.855446,20.598413,21.048586,20.210773,18.939686,16.230278,62.600231,16.775549,3.618801,1.141366,0.179212,0.131880,0.074486,0.046584,0.016908,0.027727,0.034129,0.022351,0.017201,0.016817,0.022782,0.022764,0.058273,0.046235,0.005868,0.023144,0.011975
52740,52799,52770,875.934,31.440,453.027,79.127,4.483,0.168,0.024,32.235573,30.157810,29.215046,28.280239,27.556479,26.638203,24.760384,24.051271,22.634390,22.273386,21.400753,21.283409,19.869749,19.172287,16.386459,63.428528,17.679415,4.019705,1.186980,0.184497,0.132916,0.068529,0.028760,0.035277,0.052640,0.029155,0.017444,0.028570,0.034389,0.035002,0.022654,0.011437,0.029163,0.016925,0.040174,0.029116
52800,52859,52830,875.924,31.432,448.634,78.583,4.555,0.172,0.024,31.778593,31.058668,28.546858,28.834188,27.464121,26.244841,23.954865,23.833975,22.996695,21.327917,20.252726,20.436056,19.864988,19.129906,16.263601,63.066784,17.640015,3.846135,1.151352,0.219377,0.161917,0.097730,0.080956,0.045718,0.023847,0.029365,0.028749,0.045863,0.023090,0.005634,0.034573,0.035169,0.034802,0.017233,0.028568,0.028982
52860,52919,52890,875.903,31.430,447.265,78.595,4.570,0.173,0.024,31.559216,29.826906,28.661375,28.580959,26.559002,26.158672,24.338211,24.101137,22.672480,21.404085,20.280823,21.138575,20.537203,19.334324,15.958961,62.184441,18.068398,4.022805,1.077386,0.165079,0.112934,0.071215,0.042297,0.016971,0.035328,0.041188,0.035642,0.041578,0.023353,0.035550,0.042466,0.023914,0.035120,0.017838,0.017382,0.042548
52920,52979,52950,875.900,31.416,449.949,78.037,4.264,0.163,0.023,31.439774,31.141529,28.933533,27.968386,26.851978,26.211926,24.736750,23.899048,22.484926,21.903492,21.497555,21.019789,19.985535,19.122196,15.924377,63.377254,17.616970,3.861895,1.215790,0.212466,0.090527,0.074113,0.062646,0.035276,0.028995,0.005864,0.034580,0.022708,0.022842,0.028609,0.046143,0.022164,0.023184,0.017255,0.011556,0.017358
52980,53039,53010,875.899,31.439,450.973,79.365,4.583,0.172,0.024,31.595484,29.761353,28.860693,28.048000,27.284313,25.506739,25.285816,23.771490,22.313963,21.751841,21.339485,21.478458,20.657810,18.901751,16.707138,63.514046,18.223957,3.973296,1.123280,0.165687,0.124233,0.051168,0.101805,0.074110,0.067527,0.039702,0.028908,0.028633,0.011511,0.017027,0.028486,0.034156,0.022321,0.022226,0.011029,0.044991
53040,53099,53070,875.900,31.402,447.141,78.028,4.383,0.167,0.023,31.459484,30.681936,27.973932,28.053511,27.036572,26.169413,24.919580,24.163490,21.837784,21.653519,20.986980,20.347284,20.195513,19.040823,16.588520,62.663391,17.537045,3.874245,1.170256,0.150502,0.113115,0.060940,0.066976,0.062059,0.044814,0.033878,0.016738,0.028137,0.043705,0.032721,0.027811,0.017337,0.027657,0.011120,0.011320,0.039113
53100,53159,53130,875.928,31.379,443.147,77.119,4.205,0.163,0.023,31.510702,30.074589,28.528946,27.944397,27.320904,25.268875,24.173355,22.968885,22.480022,20.926172,20.554283,20.673742,20.513477,18.792812,16.479832,61.606667,17.477024,3.811344,1.179581,0.158960,0.167296,0.051645,0.074512,0.040631,0.063614,0.051491,0.023143,0.040098,0.046196,0.051932,0.017320,0.017268,0.028796,0.005508,0.005766,0.017594
53160,53219,53190,875.920,31.396,451.650,78.817,4.437,0.168,0.024,32.102467,31.081356,28.749880,28.213789,26.814861,26.145031,24.670237,24.461754,22.483778,22.049538,21.200958,20.583115,20.639359,19.334658,16.578215,63.248169,17.430584,3.892237,1.077589,0.184098,0.205364,0.056949,0.040054,0.045320,0.034794,0.017272,0.034123,0.051627,0.022861,0.034090,0.063294,0.017129,0.017289,0.028199,0.016886,0.022595
53220,53279,53250,875.927,31.391,452.146,78.341,4.351,0.166,0.023,32.238495,30.566574,28.639996,28.371872,27.966093,26.017401,25.121992,24.097208,22.931925,21.716167,20.723177,21.421871,20.597782,19.483639,16.261908,62.535343,17.801779,3.741103,1.125527,0.165888,0.160051,0.063398,0.028146,0.033425,0.039876,0.034128,0.045125,0.005805,0.022463,0.034190,0.058149,0.033683,0.017151,0.016968,0.005432,0.022466
53280,53339,53310,875.927,31.440,451.636,79.351,4.658,0.174,0.024,31.959118,30.992785,28.836224,28.494112,27.715956,25.973724,24.642752,24.158159,22.005758,21.453104,21.076578,21.221016,20.551924,18.807302,16.430878,63.187035,18.176449,3.942566,1.102574,0.251440,0.161397,0.050758,0.039304,0.039569,0.033867,0.028295,0.016856,0.038925,0.022626,0.028161,0.045224,0.039410,0.045054,0.005376,0.022483,0.039013
53340,53399,53370,875.918,31.387,446.436,77.750,4.286,0.164,0.024,31.148064,30.159523,29.743429,27.451511,27.369303,25.809153,24.331196,23.931356,22.152403,21.889322,20.814854,20.697985,20.006317,18.797539,16.069710,62.496098,17.618689,3.923157,1.138079,0.224693,0.163172,0.073311,0.050709,0.039677,0.056349,0.033914,0.027838,0.016350,0.039576,0.028571,0.044873,0.021945,0.022784,0.010895,0.022560,0.011188
53400,53459,53430,875.920,31.393,449.625,78.676,4.354,0.165,0.024,32.574585,29.608635,28.444214,28.528469,26.950617,25.985815,24.695358,23.762754,22.594706,21.534697,21.129814,21.010056,20.708710,18.999298,15.725974,62.972301,18.442554,3.868514,1.225621,0.212036,0.130685,0.101585,0.054143,0.023800,0.023580,0.041941,0.054635,0.017817,0.024004,0.041309,0.053502,0.012169,0.011894,0.012273,0.029239,0.017525
53460,53519,53490,875.925,31.450,452.328,78.850,4.397,0.166,0.024,32.517994,30.205820,29.167543,28.050571,27.747644,26.213591,25.022181,23.365108,22.501608,21.527750,21.225763,21.085453,20.222229,19.256083,16.384834,63.734364,18.338556,3.879261,1.094731,0.088107,0.205333,0.082737,0.063343,0.012902,0.037741,0.018821,0.025237,0.032097,0.024609,0.037446,0.057495,0.037743,0.025104,0.019082,0.006166,0.012680
53520,53579,53550,875.932,31.486,447.789,77.950,4.350,0.166,0.024,32.486309,30.434172,29.116625,27.816616,27.389433,25.889612,24.502764,23.615934,22.478966,21.098600,20.816992,20.742592,19.949793,19.114916,16.670998,62.038372,17.632008,4.047214,1.110244,0.180893,0.163553,0.089355,0.048158,0.060748,0.024253,0.036511,0.023607,0.011849,0.024539,0.029690,0.023851,0.018212,0.024142,0.042174,0.017558,0.018044
53580,53639,53610,875.941,31.455,446.143,77.620,4.303,0.165,0.023,32.408321,30.091711,28.826506,28.485062,26.421768,26.113575,24.344494,23.809753,22.086760,20.742983,20.420816,20.664394,20.497908,18.680180,16.545755,62.807419,17.315578,3.876501,1.230001,0.125599,0.175691,0.058181,0.079828,0.034879,0.034924,0.034469,0.017019,0.023255,0.023240,0.040032,0.028644,0.011502,0.028508,0.011516,0.000000,0.045792
53640,53699,53670,875.927,31.499,444.519,77.103,4.219,0.163,0.023,32.286095,29.952509,28.607344,28.128344,26.900805,25.194609,24.027544,23.517672,22.255613,21.462160,20.818485,20.429756,20.015442,19.196983,16.449381,62.039379,17.435732,3.775856,1.189843,0.192733,0.177127,0.085951,0.045491,0.046494,0.034746,0.022735,0.028464,0.034374,0.022561,0.029397,0.023113,0.028417,0.029074,0.000000,0.016858,0.017466
53700,53759,53730,875.941,31.440,445.836,77.826,4.325,0.165,0.024,31.554846,29.863262,28.129368,27.742157,27.107882,25.867025,24.872110,23.452036,22.089321,21.779518,20.603174,20.647223,20.213066,19.136671,16.438519,62.755344,17.745583,3.824654,1.202901,0.192719,0.139720,0.040464,0.057974,0.052328,0.053106,0.005947,0.034993,0.035147,0.029394,0.029596,0.029366,0.028786,0.035191,0.023486,0.011755,0.011376
53760,53819,53790,875.929,31.415,444.655,78.224,4.585,0.174,0.024,31.195368,29.967546,28.132828,28.075481,27.245691,26.212801,24.150795,23.574415,22.022106,21.529676,21.179276,20.712284,20.836378,19.031479,16.298090,60.895355,17.644943,3.856697,1.258907,0.211143,0.105197,0.064758,0.029339,0.029276,0.029515,0.035546,0.029667,0.023699,0.029931,0.046817,0.064411,0.017573,0.023217,0.035918,0.023671,0.035670
53820,53879,53850,875.934,31.424,442.598,77.088,4.127,0.160,0.023,30.706091,29.357388,28.155569,27.986269,26.885992,25.796698,23.804729,23.983419,22.042782,19.890877,20.751589,20.980928,20.239214,19.193497,16.050165,63.578220,17.589077,3.628952,1.141056,0.178251,0.148810,0.097278,0.039608,0.062808,0.063282,0.045982,0.022329,0.022699,0.045808,0.022710,0.029472,0.005925,0.005491,0.005598,0.011471,0.028049
53880,53939,53910,875.921,31.430,443.548,76.588,4.068,0.158,0.023,30.684805,29.659081,27.938147,27.442503,27.012392,25.855190,24.631180,23.389893,22.220428,21.663279,20.387197,21.056438,20.124464,18.902020,16.449793,63.197433,17.428240,3.715611,1.117473,0.123847,0.141368,0.079438,0.056377,0.016976,0.051078,0.022425,0.011380,0.028534,0.033678,0.011068,0.022698,0.034258,0.011513,0.005669,0.016857,0.005539
53940,53999,53970,875.933,31.410,446.778,79.213,4.629,0.174,0.024,31.614828,29.227036,28.187243,28.259489,27.764605,25.199720,23.840734,23.490028,22.359749,21.525875,20.568026,20.750919,20.148489,19.673710,16.277346,64.151840,17.379456,4.254839,1.184583,0.138574,0.200971,0.074801,0.064090,0.034543,0.052065,0.046287,0.040808,0.029365,0.034901,0.028288,0.057482,0.017736,0.017399,0.011595,0.011791,0.058690
