scrap/USOS-POPS_MobileLabGround_20240720_R0.ict
78, 1001
Thornberry, T. D.
NOAA Chemical Sciences Laboratory
Portable Optical Particle Spectrometer (POPS)
USOS
1, 1
2024, 07, 20, 2025, 05, 08
60
Time_Start, seconds_past_midnight, Start time of measurement
45
1, 1, 1, 1, 1, 1, 1, 1, 1, 1, 1, 1, 1, 1, 1, 1, 1, 1, 1, 1, 1, 1, 1, 1, 1, 1, 1, 1, 1, 1, 1, 1, 1, 1, 1, 1, 1, 1, 1, 1, 1, 1, 1, 1, 1
-9999, -9999, -9999, -9999, -9999, -9999, -9999, -9999, -9999, -9999, -9999, -9999, -9999, -9999, -9999, -9999, -9999, -9999, -9999, -9999, -9999, -9999, -9999, -9999, -9999, -9999, -9999, -9999, -9999, -9999, -9999, -9999, -9999, -9999, -9999, -9999, -9999, -9999, -9999, -9999, -9999, -9999, -9999, -9999, -9999
Time_Stop, seconds_past_midnight, Stop time of measurement
Time_Mid, seconds_past_midnight, Mid time of measurement
Press_mb, mb, Pressure reported (mb)
Temp_C, degrees C, POPS temperature measurement
Aerosol_concentration, cm^-3, Aerosol concentration
Surface_Area_Conc, um^2 cm^-3, Surface area concentration
Volume_density, um^3 cm^-3, Volume density
Effective_radius, um, Effective radius
Extinction, km^-1, Extinction
Bin01, cm^-3, particle concentration in size range [1401 - 146.3 nm]
Bin02, cm^-3, particle concentration in size range [146.3 - 152.8 nm]
Bin03, cm^-3, particle concentration in size range [152.8 - 159.6 nm]
Bin04, cm^-3, particle concentration in size range [159.6 - 166.8 nm]
Bin05, cm^-3, particle concentration in size range [166.8 - 174.2 nm]
Bin06, cm^-3, particle concentration in size range [174.2 - 181.9 nm]
Bin07, cm^-3, particle concentration in size range [181.9 - 190.0 nm]
Bin08, cm^-3, particle concentration in size range [190.0 - 198.5 nm]
Bin09, cm^-3, particle concentration in size range [198.5 - 207.4 nm]
Bin10, cm^-3, particle concentration in size range [207.4 - 216.6 nm]
Bin11, cm^-3, particle concentration in size range [216.6 - 226.2 nm]
Bin12, cm^-3, particle concentration in size range [226.2 - 236.3 nm]
Bin13, cm^-3, particle concentration in size range [236.3 - 246.8 nm]
Bin14, cm^-3, particle concentration in size range [246.8 - 257.8 nm]
Bin15, cm^-3, particle concentration in size range [257.8 - 269.3 nm]
Bin16, cm^-3, particle concentration in size range [269.3 - 343.4 nm]
Bin17, cm^-3, particle concentration in size range [343.4 - 450.7 nm]
Bin18, cm^-3, particle concentration in size range [450.7 - 525.9 nm]
Bin19, cm^-3, particle concentration in size range [525.9 - 618.5 nm]
Bin20, cm^-3, particle concentration in size range [618.5 - 710.0 nm]
Bin21, cm^-3, particle concentration in size range [710.0 - 822.7 nm]
Bin22, cm^-3, particle concentration in size range [822.7 - 885.9 nm]
Bin23, cm^-3, particle concentration in size range [885.9 - 953.9 nm]
Bin24, cm^-3, particle concentration in size range [953.9 - 1027.2 nm]
Bin25, cm^-3, particle concentration in size range [1027.2 - 1106.1 nm]
Bin26, cm^-3, particle concentration in size range [1106.1 - 1191.0 nm]
Bin27, cm^-3, particle concentration in size range [1191.0 - 1282.5 nm]
Bin28, cm^-3, particle concentration in size range [1282.5 - 1381.0 nm]
Bin29, cm^-3, particle concentration in size range [1381.0 - 1487.1 nm]
Bin30, cm^-3, particle concentration in size range [1487.1 - 1601.3 nm]
Bin31, cm^-3, particle concentration in size range [1601.3 - 1724.3 nm]
[...]
PLATFORM: NOAA CSL Mobile Lab
LOCATION: USOS
ASSOCIATED_DATA: N/A
INSTRUMENT_INFO: Printed Optical Particle Spectrometer counts particles from 140 - 2500 nm in diameter 
DATA_INFO: Particle concentrations reported in number per cubic centimeter,1 Hz data
UNCERTAINTY: Counting uncertainty dominated by air flow, less than 5 percent. Measurement range is ~0 - 3000 per cm3 (varies depending on flow rate- manufacturer quotes 1250 per cm3 at 1.667 cc/s)
ULOD_FLAG: -7777
ULOD_VALUE: N/A
LLOD_FLAG: -8888
LLOD_VALUE: N/A
DM_CONTACT_INFO: Troy Thornberry, 325 Broadway R/CSL6, Boulder, CO 80305; troy.thornberry@noaa.gov; 303-497-3373
PROJECT_INFO: USOS, Utah POPS data from NOAA CSL Mobile Lab
STIPULATIONS_ON_USE: Please contact the PIs for questions regarding applications and uncertainties
OTHER_COMMENTS: POPS bin Edges (nm):  140.1, 146.3, 152.8, 159.6, 166.8, 174.2, 181.9, 190.0, 198.5, 207.4, 216.6, 226.2, 236.3, 246.8, 257.8, 269.3, 343.4, 450.7, 525.9, 618.5, 710.0, 822.7, 885.9, 953.9, 1027.2, 1106.1, 1191.0, 1282.5, 1381.0, 1487.1, 1601.3, 1724.3, 1856.7, 1999.3, 2152.8, 2318.2, 2496.2
Calculations assume organic aerosol refractive index of 1.52+0.00j and extinction wavelength = 532 nm
REVISION: R0
R0: Final data
Time_Start, Time_Stop, Time_Mid, Press_mb, Temp_C, Aerosol_concentration, Surface_Area_Conc, Volume_density, Effective_radius, Extinction, Bin01, Bin02, Bin03, Bin04, Bin05, Bin06, Bin07, Bin08, Bin09, Bin10, Bin11, Bin12, Bin13, Bin14, Bin15, Bin16, Bin17, Bin18, Bin19, Bin20, Bin21, Bin22, Bin23, Bin24, Bin25, Bin26, Bin27, Bin28, Bin29, Bin30, Bin31, Bin32, Bin33, Bin34, Bin35, Bin36
[from data line 1135]
68100,68159,68130,875.033,32.105,594.718,102.513,6.197,0.180,0.031,48.727856,44.453590,40.380722,38.671852,36.037853,34.852673,32.008362,30.650166,28.225409,27.116751,26.290350,26.621130,25.507111,24.752617,21.823679,78.998932,22.113886,4.629440,1.696684,0.214873,0.180128,0.079284,0.068348,0.073630,0.055651,0.028198,0.028257,0.028149,0.040174,0.062568,0.051241,0.073118,0.056899,0.061977,0.028489,0.027567
68160,68219,68190,875.021,32.169,595.190,100.967,5.480,0.162,0.030,49.379219,44.292286,40.036724,38.631126,36.908920,34.017502,31.572948,31.073729,28.384842,26.961475,26.838581,26.317240,27.008524,25.180519,21.224567,77.702484,22.241100,4.739780,1.521975,0.291176,0.154072,0.107810,0.067850,0.085125,0.051034,0.063255,0.045879,0.040128,0.045831,0.051261,0.039844,0.016971,0.039915,0.017103,0.033855,0.005824
68220,68279,68250,874.986,32.213,581.989,98.652,5.439,0.165,0.029,48.404678,43.333675,39.635834,37.544361,35.537796,32.928635,31.150007,29.723036,28.147808,26.839714,26.118742,26.777697,25.745850,24.510515,21.276484,75.227959,21.611212,4.795673,1.613790,0.243542,0.165783,0.081808,0.070426,0.093920,0.035928,0.035631,0.035605,0.035745,0.047174,0.065698,0.041827,0.053313,0.017704,0.012047,0.017872,0.011807
68280,68339,68310,875.002,32.155,571.747,97.774,5.546,0.169,0.029,47.082790,42.083492,38.349731,37.392838,34.582127,32.385250,30.426691,29.183273,27.335743,26.654566,25.528683,25.687744,25.794376,23.829828,20.874763,75.974403,21.439516,4.749291,1.364770,0.242291,0.158165,0.084925,0.061688,0.045212,0.033822,0.028323,0.016847,0.050720,0.033880,0.033941,0.073250,0.033951,0.062420,0.022551,0.017148,0.027505
68340,68399,68370,874.994,32.211,582.628,98.485,5.406,0.164,0.029,50.464123,44.057079,39.664436,37.921501,35.856140,32.506706,30.355906,29.587210,27.809721,27.035139,25.385099,25.744032,25.019346,24.571178,21.250578,76.899284,21.400505,4.657926,1.409209,0.252849,0.152915,0.105743,0.046798,0.064699,0.047036,0.040537,0.022865,0.058332,0.028817,0.017667,0.070613,0.023479,0.023930,0.023794,0.041379,0.011696
68400,68459,68430,874.957,32.231,574.150,97.654,5.418,0.166,0.029,46.114372,42.811840,38.005939,36.429466,35.085217,33.502369,31.217558,29.743032,27.650114,26.252216,26.082733,25.722580,25.561504,24.281214,21.359312,75.858841,21.747492,4.394651,1.298442,0.229075,0.180501,0.070311,0.070691,0.076415,0.029182,0.023044,0.046744,0.046793,0.035186,0.040904,0.052667,0.034860,0.023332,0.029879,0.011759,0.029327
68460,68519,68490,874.940,32.221,581.736,97.950,5.404,0.165,0.029,49.902607,44.034996,40.469566,38.089642,35.443436,33.503792,30.684298,29.368900,27.811405,26.739964,25.892706,25.901312,25.151684,24.149099,20.491650,75.900963,21.263693,4.725045,1.311722,0.187712,0.101742,0.078692,0.084687,0.050729,0.050385,0.016745,0.034594,0.045358,0.028226,0.028128,0.079821,0.011530,0.000000,0.017049,0.044955,0.039286
68520,68579,68550,874.929,32.234,572.372,97.348,5.379,0.165,0.029,47.720314,43.255703,38.560978,36.456486,35.321827,32.741238,29.771858,29.083864,28.096003,26.142517,26.348921,25.658337,25.356258,23.834721,20.244905,74.974663,21.378727,4.853083,1.528997,0.241623,0.163125,0.101685,0.078978,0.045536,0.051106,0.056367,0.017063,0.039922,0.022869,0.044918,0.067863,0.022117,0.011065,0.027923,0.016693,0.033903
68580,68639,68610,874.915,32.197,579.769,99.838,5.915,0.176,0.030,47.412857,41.773403,39.837852,37.032295,35.426945,33.415588,30.709738,30.041960,27.580116,27.089827,26.001434,26.213835,25.682222,24.774986,21.081161,77.065102,21.423445,4.619924,1.367160,0.239645,0.178786,0.095432,0.107258,0.072115,0.107659,0.024075,0.035866,0.041812,0.030148,0.035727,0.059085,0.047435,0.035696,0.018017,0.030056,0.060423
68640,68699,68670,874.912,32.186,581.135,98.790,5.511,0.166,0.029,47.029804,43.259930,39.184956,37.284382,35.405975,33.059792,30.947214,29.533306,27.787458,26.977766,26.102510,26.369421,26.192587,24.693140,21.514177,76.617622,22.092962,4.590207,1.488646,0.258297,0.180871,0.081404,0.070578,0.046342,0.029457,0.041461,0.017596,0.035045,0.035771,0.023774,0.029495,0.059411,0.035220,0.005868,0.029457,0.023514
68700,68759,68730,874.892,32.231,575.591,97.908,5.486,0.167,0.029,47.573811,42.488518,38.156040,37.063519,35.758701,32.909363,31.475857,29.006861,28.312450,26.400335,26.601675,26.129826,24.600573,24.397219,20.586142,75.671768,21.160753,4.833353,1.435647,0.220008,0.214498,0.078989,0.045312,0.039429,0.044849,0.034011,0.039719,0.011063,0.068145,0.045025,0.045677,0.034074,0.045052,0.005575,0.022848,0.034096
68760,68819,68790,874.870,32.231,569.515,97.202,5.623,0.172,0.029,45.557762,42.304592,37.690041,37.194710,34.470192,32.783001,31.031637,29.656689,27.517836,26.438612,25.840986,25.626850,25.698385,23.263269,21.146584,74.610229,21.678545,4.544014,1.416170,0.303522,0.149691,0.085953,0.068701,0.023009,0.028773,0.045717,0.028167,0.023010,0.040506,0.029092,0.034247,0.080524,0.034509,0.017475,0.017614,0.034447
68820,68879,68850,874.878,32.327,568.444,97.505,5.704,0.174,0.029,45.864262,41.515423,38.575306,36.239491,35.440834,32.937881,30.911926,29.892357,27.074657,25.999779,25.287148,26.167507,25.194687,23.922642,20.499546,74.643715,21.370703,4.371974,1.388608,0.214113,0.219715,0.089902,0.068443,0.073111,0.056350,0.033666,0.027981,0.034543,0.033852,0.050797,0.073438,0.045359,0.033631,0.011290,0.033800,0.045494
68880,68939,68910,874.891,32.425,560.765,95.139,5.251,0.164,0.028,44.990898,40.461369,37.618824,36.028126,34.962166,32.155907,29.962828,29.966448,27.380260,26.425920,25.288443,25.863108,24.631409,24.168819,20.576790,73.295540,20.000355,4.615280,1.389243,0.204602,0.136788,0.108254,0.067697,0.028383,0.056580,0.068499,0.022512,0.045369,0.050972,0.017262,0.056977,0.022353,0.016932,0.028835,0.022312,0.028497
68940,68999,68970,874.881,32.566,559.078,95.456,5.332,0.167,0.028,44.934116,41.081905,37.165642,35.593193,34.640850,31.780806,30.322582,28.512568,27.596714,26.468109,24.853987,25.052818,25.935768,23.673014,20.941778,72.512932,20.955992,4.587121,1.425352,0.213671,0.168071,0.089998,0.062980,0.067630,0.033986,0.061711,0.050715,0.022529,0.039354,0.033909,0.079507,0.027857,0.011158,0.028167,0.034171,0.017123
69000,69059,69030,874.893,32.597,558.133,95.040,5.120,0.161,0.028,43.726181,39.919621,37.382366,36.126171,34.025993,31.441143,30.143951,29.227911,27.581364,26.192715,25.083956,25.655695,24.938581,24.000935,20.291719,74.208542,21.222679,4.528004,1.396365,0.238186,0.254590,0.111980,0.039281,0.045215,0.051030,0.039369,0.022662,0.028162,0.028283,0.034162,0.045153,0.028054,0.033652,0.005631,0.011414,0.022639
69060,69119,69090,874.868,32.603,553.302,95.106,5.330,0.167,0.028,43.549274,40.111675,36.289574,35.868793,33.576954,32.350174,29.550541,28.889355,26.619045,26.083073,24.892151,25.687149,24.452658,24.001905,20.245253,72.964813,20.906178,4.660295,1.488348,0.242689,0.237716,0.116268,0.055106,0.054824,0.055483,0.049265,0.021965,0.005593,0.049631,0.037889,0.060745,0.011186,0.021799,0.038342,0.011178,0.044712
69120,69179,69150,874.857,32.651,551.203,93.996,5.070,0.161,0.028,43.076256,39.555904,36.451309,34.913120,34.031845,32.514221,30.283087,27.999662,27.212551,25.266754,24.572634,25.586863,25.115259,23.975489,19.596022,73.435295,20.427700,4.712218,1.502957,0.188325,0.204653,0.088885,0.094641,0.033749,0.049464,0.033446,0.005482,0.054373,0.021628,0.050291,0.060515,0.022151,0.027047,0.010977,0.005556,0.022678
69180,69239,69210,874.843,32.805,549.859,94.818,5.449,0.171,0.029,43.249229,39.166348,37.228050,34.489235,34.131599,32.312447,29.091108,28.188553,26.804712,25.553774,24.819057,25.856520,24.200907,23.730577,20.602942,72.253853,20.736057,4.902570,1.472800,0.199361,0.159812,0.117184,0.055321,0.044313,0.077293,0.038310,0.044909,0.027127,0.049464,0.050563,0.044259,0.054979,0.044412,0.027865,0.022581,0.011161
69240,69299,69270,874.871,32.937,558.919,95.563,5.312,0.165,0.028,45.013054,39.799194,36.871429,35.205135,34.929165,32.124832,29.871422,29.579765,26.444397,25.920288,25.060123,25.527748,25.449080,23.900892,21.093134,74.191017,21.074345,4.461498,1.415490,0.194257,0.201408,0.097617,0.040685,0.040021,0.057206,0.057327,0.011813,0.045610,0.040163,0.028758,0.028388,0.022605,0.040797,0.028828,0.017147,0.034338
69300,69359,69330,874.840,33.051,557.571,97.359,6.021,0.183,0.029,43.157764,39.617859,36.712898,34.411777,34.020554,32.187672,30.469641,29.473024,26.834883,26.678764,24.664171,25.424952,25.885069,24.815140,20.651186,74.243217,20.933195,4.915595,1.337998,0.214549,0.158841,0.124708,0.050257,0.050883,0.044926,0.067326,0.028636,0.028148,0.028514,0.050850,0.033491,0.079499,0.044626,0.051243,0.027632,0.051202
69360,69419,69390,874.824,33.076,554.881,95.574,5.528,0.172,0.028,43.069344,39.211018,36.771366,35.733578,33.884418,31.324272,29.470671,28.249229,26.968641,26.180687,26.071985,25.805563,25.317255,24.231255,20.786860,74.239227,20.839247,4.398604,1.352003,0.204622,0.130880,0.112882,0.028652,0.045394,0.028580,0.056231,0.045490,0.034192,0.022906,0.056712,0.033891,0.045259,0.039447,0.022639,0.028401,0.040013
69420,69479,69450,874.825,33.220,548.820,94.391,5.320,0.168,0.028,42.624050,38.143703,36.456028,35.484070,33.563416,31.241722,29.913986,28.421532,26.434368,25.517990,25.197294,25.837116,24.651527,23.577703,20.804672,73.431213,20.740730,4.423108,1.384732,0.232509,0.147847,0.089022,0.065864,0.029908,0.047889,0.047114,0.048164,0.012149,0.017574,0.024012,0.065594,0.012086,0.035325,0.023976,0.018038,0.053973
69480,69539,69510,874.816,33.183,547.756,94.153,5.381,0.171,0.028,42.674736,39.646278,35.966499,34.622387,33.542702,31.401268,29.608984,28.885969,26.206551,25.672091,25.267765,25.129227,25.210873,23.137821,20.654795,72.973213,20.271566,4.390530,1.340724,0.271116,0.195595,0.126454,0.062827,0.092633,0.051832,0.028893,0.034397,0.034892,0.011850,0.029304,0.051667,0.045650,0.046221,0.023076,0.005598,0.040025
69540,69599,69570,874.799,33.244,547.823,94.377,5.326,0.168,0.028,42.347828,39.143585,36.239304,34.862484,33.659992,30.948298,29.354296,28.929123,26.704639,25.016212,24.893133,25.387987,24.960762,24.123974,20.433523,73.082779,20.906651,4.352781,1.384488,0.254968,0.188471,0.121086,0.066009,0.050070,0.044343,0.066193,0.016151,0.011093,0.033806,0.050096,0.039252,0.022195,0.044744,0.021764,0.027663,0.032952
69600,69659,69630,874.799,33.239,552.662,94.025,5.162,0.164,0.028,43.599335,39.119850,37.228985,35.157539,34.674423,31.989182,30.115284,28.253096,25.831030,26.057615,25.498888,25.768887,24.578959,24.057629,20.531029,72.970055,20.466776,4.450109,1.436346,0.181624,0.139297,0.061469,0.077682,0.044753,0.050423,0.049699,0.027566,0.033769,0.011320,0.016896,0.055301,0.022297,0.043553,0.010896,0.011038,0.039572
69660,69719,69690,874.793,33.248,548.866,93.619,5.280,0.168,0.028,42.606621,38.909664,36.731686,35.238880,34.092617,31.221004,30.304995,28.808626,26.909714,25.518320,25.165337,24.639072,24.817326,24.355547,20.029226,72.179413,20.519642,4.412595,1.425170,0.213233,0.187577,0.094383,0.082614,0.053197,0.035566,0.047855,0.029707,0.011568,0.011600,0.011889,0.035027,0.065125,0.035647,0.030247,0.011605,0.023444
69720,69779,69750,874.773,33.387,554.717,95.925,5.530,0.171,0.029,45.070316,39.432781,36.902725,35.368813,33.996052,31.434841,29.328045,28.472628,26.603731,25.539307,24.998129,25.386419,25.496637,24.009308,20.353157,74.012672,21.167574,4.556092,1.451149,0.227417,0.192208,0.104485,0.087866,0.075470,0.052522,0.082074,0.023270,0.017357,0.017362,0.046878,0.052412,0.017283,0.023432,0.029240,0.041517,0.046273
69780,69839,69810,874.745,33.353,545.734,93.307,5.159,0.165,0.028,42.733299,39.840057,37.088993,34.463661,33.568489,31.433445,28.967676,27.654348,26.213957,25.151047,24.542761,24.953581,24.896532,24.084360,20.420740,72.454254,20.431782,4.495729,1.332016,0.211931,0.192222,0.129755,0.062040,0.073234,0.017142,0.039261,0.033886,0.016804,0.039060,0.022176,0.056812,0.017048,0.011151,0.017007,0.028636,0.039415
69840,69899,69870,874.722,33.315,544.594,93.381,5.296,0.169,0.028,42.280365,39.258675,36.536137,34.494778,33.642620,31.651184,29.633970,28.013975,26.132759,25.314896,25.299301,25.372883,24.475771,23.270294,19.997139,71.747192,20.695074,4.422268,1.368943,0.203839,0.176608,0.133210,0.044413,0.050150,0.016388,0.038830,0.011280,0.028121,0.033922,0.038755,0.060967,0.033091,0.027896,0.038328,0.016524,0.033156
69900,69959,69930,874.725,33.283,542.807,92.658,5.149,0.165,0.027,42.334850,38.140450,36.051189,34.829185,32.543911,31.686953,29.507833,27.746618,26.526220,25.640177,25.359795,25.426563,24.815937,23.427141,19.694983,72.321648,20.009497,4.564861,1.275368,0.152947,0.183201,0.114848,0.051273,0.034455,0.040742,0.039104,0.034625,0.051638,0.023209,0.022973,0.011650,0.034300,0.028567,0.017336,0.033872,0.029149
69960,70019,69990,874.724,33.247,549.878,93.905,5.174,0.164,0.028,42.662884,38.610291,37.041988,35.474773,34.009140,31.197758,30.099701,27.921221,26.453402,26.074810,25.172714,25.457491,26.110035,24.124041,19.528255,72.322372,20.387035,4.831062,1.468563,0.184964,0.167409,0.074277,0.083433,0.069244,0.051894,0.028328,0.045585,0.029186,0.005905,0.022932,0.022866,0.034899,0.028581,0.039861,0.029337,0.011362
70020,70079,70050,874.701,33.322,546.204,93.332,5.065,0.162,0.028,42.533230,38.658421,36.186958,34.469448,32.970947,31.675419,29.779146,28.363886,25.575266,25.927385,24.964396,25.837929,24.945986,23.646284,20.123144,73.099228,20.755167,4.366391,1.407094,0.177805,0.159800,0.088246,0.065933,0.055202,0.027763,0.066827,0.010988,0.032817,0.027572,0.049858,0.044242,0.028157,0.044281,0.011041,0.016490,0.011186
70080,70139,70110,874.677,33.244,560.351,94.037,5.063,0.161,0.027,46.583790,41.969639,38.918156,36.071537,34.574051,32.840519,29.994331,28.087271,26.043798,25.467785,24.688305,25.966375,25.162584,24.213686,19.886045,72.083328,21.055849,4.557886,1.426987,0.169339,0.129193,0.064061,0.058119,0.052660,0.005927,0.023011,0.040782,0.040757,0.023033,0.011485,0.017492,0.029110,0.023149,0.023610,0.011532,0.035564
70140,70199,70170,874.665,33.147,582.033,95.937,5.315,0.165,0.027,54.998989,47.700703,42.499126,38.167526,35.857906,33.042629,30.158510,28.752428,26.869541,25.904314,25.252190,24.836985,24.958260,23.598619,20.577507,72.280464,19.868090,4.484637,1.342981,0.190397,0.130839,0.067963,0.085695,0.033938,0.040327,0.046029,0.040431,0.017585,0.028459,0.011088,0.051076,0.016879,0.017560,0.011672,0.028743,0.062913
70200,70259,70230,874.621,33.170,549.666,93.334,5.116,0.163,0.027,43.523277,39.948334,37.090374,35.017056,33.377518,32.305054,30.476107,28.407614,26.280704,25.113592,25.267487,25.230925,24.309469,23.957842,20.403275,72.050194,20.047266,4.568809,1.402284,0.162677,0.174906,0.104277,0.045955,0.034454,0.040548,0.046639,0.017270,0.034766,0.046676,0.034945,0.040619,0.011854,0.011716,0.005587,0.029443,0.046425
70260,70319,70290,874.605,33.171,548.327,93.738,5.192,0.165,0.028,42.060825,38.839058,37.466339,34.199348,33.835304,31.052876,29.210770,28.997784,26.596798,26.051254,25.581387,24.586651,25.380470,23.527334,20.249552,74.240143,19.729279,4.410947,1.238242,0.264352,0.174728,0.084250,0.033423,0.083834,0.055749,0.038759,0.045305,0.022545,0.061853,0.049989,0.044456,0.040092,0.033749,0.000000,0.016835,0.022312
70320,70379,70350,874.594,33.152,569.039,95.523,5.153,0.161,0.028,47.235580,42.850075,40.476868,36.938816,35.086643,32.257462,29.809799,29.376385,27.558455,26.452381,24.918278,25.941063,24.795345,23.853165,20.041315,73.592987,20.837103,4.563377,1.504937,0.210007,0.175443,0.088189,0.077302,0.070108,0.029466,0.035203,0.029758,0.046751,0.035024,0.017663,0.023550,0.035136,0.023521,0.000000,0.029145,0.023012
