Time [sec]	Time (UTC)	P [mB]	T [°F]	Hu [%]	Ws [mi/h]	Wd [°]	Ws U [mi/h]	Ws V [mi/h]	Geopot [m]	Dew [°F]
0         	17:09:00  	873.6 	30.0  	23    	3.5      	165   	-0.9       	3.4        	1288      	6.6
2         	17:09:02  	869.0 	26.6  	19    	4.3      	157   	-1.7       	4.0        	1335      	1.4
4         	17:09:04  	864.4 	26.5  	20    	4.3      	157   	-1.7       	4.0        	1382      	1.9
6         	17:09:06  	859.8 	26.4  	21    	4.3      	157   	-1.7       	4.0        	1429      	2.2
8         	17:09:08  	855.2 	26.4  	21    	6.1      	166   	-1.5       	5.9        	1476      	2.3
10        	17:09:10  	850.7 	26.3  	21    	6.2      	166   	-1.5       	6.0        	1523      	2.6
12        	17:09:12  	846.1 	26.3  	22    	6.2      	166   	-1.5       	6.0        	1570      	2.7
14        	17:09:14  	841.6 	26.2  	22    	6.2      	166   	-1.5       	6.0        	1617      	2.7
16        	17:09:16  	837.1 	26.2  	22    	6.2      	166   	-1.5       	6.0        	1664      	2.7
18        	17:09:18  	832.6 	26.1  	22    	6.2      	166   	-1.5       	6.0        	1711      	2.7
20        	17:09:20  	829.2 	26.0  	22    	6.3      	165   	-1.6       	6.1        	1758      	2.6
22        	17:09:22  	825.7 	25.9  	22    	6.4      	165   	-1.7       	6.2        	1805      	2.6
24        	17:09:24  	822.2 	25.9  	22    	6.5      	165   	-1.7       	6.3        	1822      	2.6
26        	17:09:26  	821.6 	25.8  	22    	6.6      	164   	-1.8       	6.3        	1828      	2.5
28        	17:09:28  	821.0 	25.8  	22    	6.6      	164   	-1.8       	6.3        	1835      	2.5
30        	17:09:30  	820.3 	25.7  	22    	6.7      	163   	-1.9       	6.4        	1842      	2.5
32        	17:09:32  	819.7 	25.6  	22    	6.7      	163   	-1.9       	6.4        	1848      	2.4
34        	17:09:34  	819.1 	25.5  	22    	6.7      	165   	-1.7       	6.5        	1855      	2.4
36        	17:09:36  	818.5 	25.5  	22    	6.7      	167   	-1.5       	6.5        	1862      	2.3
38        	17:09:38  	817.8 	25.4  	22    	6.8      	167   	-1.5       	6.6        	1869      	2.2
40        	17:09:40  	817.1 	25.4  	22    	6.7      	168   	-1.4       	6.6        	1876      	2.2
42        	17:09:42  	816.4 	25.3  	22    	6.7      	168   	-1.4       	6.6        	1884      	2.1
44        	17:09:44  	815.7 	25.3  	22    	6.7      	169   	-1.3       	6.6        	1892      	2.1
46        	17:09:46  	815.0 	25.2  	22    	6.9      	167   	-1.5       	6.7        	1899      	2.0
48        	17:09:48  	814.3 	25.2  	22    	7.0      	168   	-1.5       	6.8        	1907      	1.9
50        	17:09:50  	813.6 	25.1  	22    	7.1      	167   	-1.6       	6.9        	1915      	1.9
52        	17:09:52  	812.9 	25.0  	22    	7.2      	167   	-1.6       	7.0        	1922      	1.9
54        	17:09:54  	812.2 	25.0  	22    	7.3      	167   	-1.7       	7.1        	1930      	1.9
56        	17:09:56  	811.5 	24.9  	22    	7.5      	166   	-1.8       	7.3        	1937      	1.8
58        	17:09:58  	810.9 	24.8  	22    	7.7      	167   	-1.8       	7.5        	1944      	1.8
60        	17:10:00  	810.3 	24.8  	22    	7.9      	167   	-1.8       	7.7        	1950      	1.7
62        	17:10:02  	809.7 	24.8  	22    	8.1      	167   	-1.8       	7.9        	1957      	1.7
64        	17:10:04  	809.1 	24.8  	22    	8.3      	167   	-1.8       	8.1        	1963      	1.6
66        	17:10:06  	808.5 	24.8  	22    	8.4      	168   	-1.7       	8.2        	1970      	1.6
68        	17:10:08  	807.8 	24.8  	22    	8.5      	169   	-1.6       	8.3        	1976      	1.5
70        	17:10:10  	807.2 	24.7  	22    	8.5      	170   	-1.5       	8.4        	1983      	1.5
72        	17:10:12  	806.6 	24.7  	22    	8.6      	171   	-1.4       	8.5        	1989      	1.4
74        	17:10:14  	806.0 	24.6  	22    	8.7      	172   	-1.2       	8.6        	1996      	1.4
76        	17:10:16  	805.3 	24.6  	22    	8.7      	172   	-1.2       	8.6        	2003      	1.4
78        	17:10:18  	804.7 	24.5  	22    	8.7      	172   	-1.2       	8.6        	2010      	1.4
80        	17:10:20  	804.1 	24.5  	22    	8.6      	172   	-1.2       	8.5        	2017      	1.4
82        	17:10:22  	803.5 	24.4  	22    	8.6      	172   	-1.2       	8.5        	2024      	1.3
84        	17:10:24  	802.9 	24.4  	22    	8.4      	171   	-1.3       	8.3        	2030      	1.3
86        	17:10:26  	802.3 	24.3  	22    	8.3      	171   	-1.3       	8.2        	2037      	1.3
88        	17:10:28  	801.7 	24.3  	22    	8.1      	170   	-1.4       	8.0        	2043      	1.3
90        	17:10:30  	801.1 	24.4  	22    	7.9      	169   	-1.5       	7.8        	2050      	1.3
92        	17:10:32  	800.5 	24.4  	22    	7.8      	168   	-1.6       	7.6        	2056      	1.3
94        	17:10:34  	800.0 	24.4  	22    	7.7      	168   	-1.6       	7.5        	2062      	1.3
96        	17:10:36  	799.4 	24.4  	22    	7.5      	167   	-1.7       	7.3        	2068      	1.2
98        	17:10:38  	798.9 	24.4  	22    	7.4      	167   	-1.7       	7.2        	2074      	1.2
100       	17:10:40  	798.4 	24.3  	22    	7.3      	167   	-1.7       	7.1        	2080      	1.2
102       	17:10:42  	797.8 	24.3  	22    	7.2      	166   	-1.7       	7.0        	2085      	1.2
104       	17:10:44  	797.3 	24.2  	22    	7.2      	166   	-1.7       	7.0        	2091      	1.2
106       	17:10:46  	796.7 	24.2  	22    	7.2      	167   	-1.6       	7.0        	2097      	1.2
108       	17:10:48  	796.2 	24.2  	22    	7.3      	167   	-1.6       	7.1        	2103      	1.2
110       	17:10:50  	795.7 	24.1  	22    	7.3      	168   	-1.5       	7.1        	2109      	1.2
112       	17:10:52  	795.1 	24.1  	22    	7.2      	169   	-1.4       	7.1        	2115      	1.1
114       	17:10:54  	794.6 	24.1  	22    	7.2      	170   	-1.3       	7.1        	2121      	1.1
116       	17:10:56  	794.1 	24.0  	22    	7.2      	170   	-1.2       	7.1        	2126      	1.1
118       	17:10:58  	793.6 	24.0  	22    	7.2      	171   	-1.1       	7.1        	2132      	1.0
120       	17:11:00  	793.1 	24.0  	22    	7.2      	172   	-1.0       	7.1        	2138      	0.9
122       	17:11:02  	792.5 	23.9  	22    	7.2      	172   	-1.0       	7.1        	2144      	0.8
124       	17:11:04  	792.0 	23.9  	22    	7.1      	173   	-0.9       	7.0        	2149      	0.7
126       	17:11:06  	791.5 	23.8  	22    	7.0      	174   	-0.7       	7.0        	2155      	0.7
128       	17:11:08  	791.0 	23.8  	22    	6.9      	175   	-0.6       	6.9        	2160      	0.6
130       	17:11:10  	790.5 	23.8  	21    	6.9      	175   	-0.6       	6.9        	2166      	0.5
132       	17:11:12  	789.9 	23.7  	21    	6.9      	176   	-0.5       	6.9        	2172      	0.4
134       	17:11:14  	789.4 	23.7  	21    	6.9      	176   	-0.5       	6.9        	2178      	0.3
136       	17:11:16  	788.8 	23.6  	21    	6.8      	177   	-0.3       	6.8        	2184      	0.2
138       	17:11:18  	788.3 	23.6  	21    	6.8      	179   	-0.1       	6.8        	2190      	0.2
140       	17:11:20  	787.8 	23.6  	21    	6.7      	181   	0.1        	6.7        	2196      	0.2
142       	17:11:22  	787.3 	23.6  	21    	6.6      	183   	0.3        	6.6        	2202      	0.2
144       	17:11:24  	786.8 	23.6  	21    	6.6      	183   	0.4        	6.6        	2207      	0.2
146       	17:11:26  	786.3 	23.6  	21    	6.5      	185   	0.6        	6.5        	2213      	0.3
148       	17:11:28  	785.8 	23.5  	21    	6.4      	187   	0.8        	6.4        	2218      	0.3
150       	17:11:30  	785.2 	23.5  	22    	6.4      	188   	0.9        	6.3        	2224      	0.3
152       	17:11:32  	784.7 	23.4  	22    	6.3      	190   	1.1        	6.2        	2230      	0.3
154       	17:11:34  	784.2 	23.4  	22    	6.2      	191   	1.2        	6.1        	2235      	0.3
156       	17:11:36  	783.7 	23.3  	22    	6.2      	192   	1.3        	6.1        	2241      	0.4
158       	17:11:38  	783.2 	23.2  	22    	6.1      	192   	1.3        	6.0        	2246      	0.4
160       	17:11:40  	782.7 	23.2  	22    	6.1      	192   	1.3        	6.0        	2252      	0.4
162       	17:11:42  	782.2 	23.2  	22    	6.1      	192   	1.3        	6.0        	2258      	0.5
164       	17:11:44  	781.6 	23.1  	22    	6.2      	192   	1.3        	6.1        	2265      	0.5
166       	17:11:46  	781.0 	23.1  	22    	6.2      	192   	1.3        	6.1        	2271      	0.5
168       	17:11:48  	780.4 	23.0  	22    	6.3      	193   	1.4        	6.1        	2278      	0.5
170       	17:11:50  	779.8 	23.0  	22    	6.4      	193   	1.4        	6.2        	2284      	0.4
172       	17:11:52  	779.3 	22.9  	22    	6.5      	193   	1.4        	6.3        	2290      	0.3
174       	17:11:54  	778.8 	22.9  	22    	6.6      	193   	1.5        	6.4        	2296      	0.2
176       	17:11:56  	778.2 	22.9  	22    	6.7      	194   	1.6        	6.5        	2302      	0.1
178       	17:11:58  	777.7 	22.8  	22    	6.8      	194   	1.7        	6.6        	2308      	0.1
180       	17:12:00  	777.1 	22.8  	22    	6.9      	195   	1.8        	6.7        	2314      	-0.0
182       	17:12:02  	776.6 	22.7  	22    	7.1      	196   	1.9        	6.8        	2320      	-0.1
184       	17:12:04  	776.0 	22.7  	22    	7.1      	196   	1.9        	6.8        	2326      	-0.1
186       	17:12:06  	775.5 	22.6  	22    	7.2      	196   	2.0        	6.9        	2333      	-0.1
188       	17:12:08  	775.0 	22.6  	22    	7.2      	197   	2.1        	6.9        	2339      	-0.2
190       	17:12:10  	774.4 	22.5  	22    	7.2      	198   	2.2        	6.9        	2345      	-0.2
192       	17:12:12  	773.9 	22.5  	22    	7.3      	198   	2.3        	6.9        	2351      	-0.2
194       	17:12:14  	773.3 	22.4  	22    	7.3      	199   	2.4        	6.9        	2357      	-0.2
196       	17:12:16  	772.8 	22.4  	22    	7.3      	199   	2.4        	6.9        	2364      	-0.2
198       	17:12:18  	772.2 	22.3  	22    	7.2      	199   	2.4        	6.8        	2370      	-0.2
200       	17:12:20  	771.7 	22.3  	23    	6.7      	200   	2.3        	6.3        	2375      	-0.1
202       	17:12:22  	771.1 	22.2  	23    	6.3      	200   	2.2        	5.9        	2382      	0.0
204       	17:12:24  	770.6 	22.1  	23    	5.8      	201   	2.1        	5.4        	2388      	0.2
206       	17:12:26  	770.0 	22.1  	23    	5.4      	202   	2.0        	5.0        	2395      	0.3
208       	17:12:28  	769.4 	22.1  	24    	5.0      	202   	1.9        	4.6        	2401      	0.4
210       	17:12:30  	768.8 	22.1  	24    	4.6      	203   	1.8        	4.2        	2408      	0.5
212       	17:12:32  	768.2 	22.1  	24    	4.2      	204   	1.7        	3.8        	2414      	0.6
214       	17:12:34  	767.7 	22.0  	24    	3.7      	204   	1.5        	3.4        	2421      	0.7
216       	17:12:36  	767.1 	21.9  	24    	3.3      	205   	1.4        	3.0        	2427      	0.7
218       	17:12:38  	766.5 	21.9  	24    	2.9      	207   	1.3        	2.6        	2434      	0.6
220       	17:12:40  	765.9 	21.8  	24    	2.9      	207   	1.3        	2.6        	2440      	0.7
222       	17:12:42  	765.4 	21.8  	25    	2.9      	207   	1.3        	2.6        	2447      	0.7
224       	17:12:44  	764.8 	21.7  	25    	2.9      	207   	1.3        	2.6        	2453      	0.6
226       	17:12:46  	764.2 	21.6  	25    	2.9      	207   	1.3        	2.6        	2460      	0.6
228       	17:12:48  	763.6 	21.5  	25    	2.9      	207   	1.3        	2.6        	2466      	0.5
230       	17:12:50  	763.1 	21.5  	25    	2.9      	207   	1.3        	2.6        	2473      	0.5
232       	17:12:52  	762.5 	21.5  	25    	2.9      	207   	1.3        	2.6        	2479      	0.5
234       	17:12:54  	761.9 	21.5  	25    	2.9      	207   	1.3        	2.6        	2486      	0.5
236       	17:12:56  	761.3 	21.5  	25    	2.9      	207   	1.3        	2.6        	2493      	0.6
238       	17:12:58  	760.7 	21.4  	25    	2.9      	207   	1.3        	2.6        	2499      	0.5
240       	17:13:00  	760.1 	21.4  	25    	2.9      	207   	1.3        	2.6        	2506      	0.5
242       	17:13:02  	759.5 	21.4  	25    	2.9      	207   	1.3        	2.6        	2513      	0.6
244       	17:13:04  	758.9 	21.4  	25    	2.9      	207   	1.3        	2.6        	2520      	0.6
246       	17:13:06  	758.4 	21.0  	25    	2.9      	207   	1.3        	2.6        	2526      	0.4
248       	17:13:08  	757.8 	21.1  	25    	2.9      	207   	1.3        	2.6        	2533      	0.5
250       	17:13:10  	757.2 	21.1  	25    	2.9      	207   	1.3        	2.6        	2540      	0.5
252       	17:13:12  	756.6 	21.1  	25    	2.9      	207   	1.3        	2.6        	2546      	0.5
254       	17:13:14  	756.0 	21.1  	26    	2.9      	207   	1.3        	2.6        	2553      	0.6
256       	17:13:16  	755.4 	21.0  	26    	2.9      	207   	1.3        	2.6        	2560      	0.6
258       	17:13:18  	754.8 	21.0  	26    	2.9      	207   	1.3        	2.6        	2566      	0.6
260       	17:13:20  	754.3 	20.9  	26    	2.9      	207   	1.3        	2.6        	2573      	0.5
262       	17:13:22  	753.7 	20.8  	26    	2.9      	207   	1.3        	2.6        	2580      	0.4
264       	17:13:24  	753.1 	20.7  	26    	2.9      	207   	1.3        	2.6        	2586      	0.4
266       	17:13:26  	752.6 	20.7  	26    	2.9      	207   	1.3        	2.6        	2593      	0.3
268       	17:13:28  	752.0 	20.7  	26    	2.9      	207   	1.3        	2.6        	2599      	0.3
270       	17:13:30  	751.4 	20.6  	26    	2.9      	207   	1.3        	2.6        	2605      	0.3
272       	17:13:32  	750.9 	20.6  	26    	2.9      	207   	1.3        	2.6        	2612      	0.3
274       	17:13:34  	750.3 	20.5  	26    	2.9      	207   	1.3        	2.6        	2618      	0.3
276       	17:13:36  	749.7 	20.5  	26    	2.9      	207   	1.3        	2.6        	2625      	0.3
278       	17:13:38  	749.2 	20.4  	26    	2.9      	207   	1.3        	2.6        	2631      	0.3
280       	17:13:40  	748.6 	20.3  	26    	2.9      	207   	1.3        	2.6        	2638      	0.3
282       	17:13:42  	748.1 	20.3  	26    	2.7      	208   	1.3        	2.4        	2644      	0.3
284       	17:13:44  	747.5 	20.3  	26    	2.5      	209   	1.2        	2.2        	2651      	0.3
286       	17:13:46  	747.0 	20.2  	26    	2.2      	212   	1.2        	1.9        	2657      	0.2
288       	17:13:48  	746.4 	20.2  	26    	1.9      	215   	1.1        	1.6        	2663      	0.2
290       	17:13:50  	745.8 	20.1  	26    	1.8      	218   	1.1        	1.4        	2670      	0.2
292       	17:13:52  	745.3 	20.0  	26    	1.5      	222   	1.0        	1.1        	2676      	0.1
294       	17:13:54  	744.7 	19.9  	26    	1.3      	228   	1.0        	0.9        	2683      	0.1
296       	17:13:56  	744.2 	19.8  	27    	1.1      	236   	0.9        	0.6        	2689      	0.1
298       	17:13:58  	743.7 	19.8  	27    	0.9      	243   	0.8        	0.4        	2695      	0.3
300       	17:14:00  	743.1 	19.7  	27    	0.8      	263   	0.8        	0.1        	2701      	0.4
302       	17:14:02  	742.6 	19.7  	28    	0.8      	263   	0.8        	0.1        	2707      	0.5
304       	17:14:04  	742.1 	19.7  	28    	0.8      	263   	0.8        	0.1        	2713      	0.6
306       	17:14:06  	741.5 	19.6  	28    	0.8      	263   	0.8        	0.1        	2720      	0.6
308       	17:14:08  	741.0 	19.6  	28    	0.8      	263   	0.8        	0.1        	2726      	0.7
310       	17:14:10  	740.5 	19.5  	28    	0.8      	263   	0.8        	0.1        	2732      	0.7
312       	17:14:12  	739.9 	19.5  	28    	0.8      	263   	0.8        	0.1        	2738      	0.7
314       	17:14:14  	739.4 	19.4  	29    	0.9      	276   	0.9        	-0.1       	2744      	0.7
316       	17:14:16  	738.9 	19.4  	29    	0.9      	288   	0.9        	-0.3       	2751      	0.7
318       	17:14:18  	738.3 	19.3  	29    	1.1      	297   	1.0        	-0.5       	2757      	0.7
320       	17:14:20  	737.8 	19.2  	29    	1.3      	299   	1.1        	-0.6       	2763      	0.7
322       	17:14:22  	737.3 	19.2  	29    	1.4      	304   	1.2        	-0.8       	2769      	0.6
324       	17:14:24  	736.7 	19.1  	29    	1.6      	310   	1.2        	-1.0       	2776      	0.5
326       	17:14:26  	736.2 	19.1  	29    	1.8      	311   	1.4        	-1.2       	2782      	0.5
328       	17:14:28  	735.6 	19.0  	29    	2.1      	313   	1.5        	-1.4       	2788      	0.4
330       	17:14:30  	735.1 	19.0  	29    	2.3      	315   	1.6        	-1.6       	2795      	0.4
332       	17:14:32  	734.6 	19.0  	28    	2.5      	313   	1.8        	-1.7       	2801      	0.3
334       	17:14:34  	734.0 	18.9  	28    	2.5      	315   	1.8        	-1.8       	2807      	0.3
336       	17:14:36  	733.5 	18.9  	28    	2.6      	313   	1.9        	-1.8       	2814      	0.2
338       	17:14:38  	732.9 	18.9  	28    	2.7      	312   	2.0        	-1.8       	2820      	0.2
340       	17:14:40  	732.4 	18.8  	28    	2.8      	311   	2.1        	-1.8       	2826      	0.1
342       	17:14:42  	731.9 	18.8  	28    	2.8      	309   	2.2        	-1.8       	2832      	0.1
344       	17:14:44  	731.3 	18.7  	28    	2.9      	308   	2.3        	-1.8       	2838      	0.1
346       	17:14:46  	730.8 	18.7  	29    	3.0      	307   	2.4        	-1.8       	2844      	0.1
348       	17:14:48  	730.3 	18.6  	29    	3.0      	307   	2.4        	-1.8       	2851      	0.2
350       	17:14:50  	729.7 	18.5  	29    	3.1      	306   	2.5        	-1.8       	2858      	0.2
352       	17:14:52  	729.1 	18.5  	29    	3.2      	305   	2.6        	-1.8       	2864      	0.3
354       	17:14:54  	728.6 	18.5  	30    	3.2      	304   	2.7        	-1.8       	2871      	0.4
356       	17:14:56  	728.0 	18.4  	30    	3.3      	303   	2.8        	-1.8       	2877      	0.5
358       	17:14:58  	727.5 	18.4  	30    	3.4      	302   	2.9        	-1.8       	2883      	0.5
360       	17:15:00  	727.0 	18.3  	30    	3.6      	302   	3.0        	-1.9       	2890      	0.6
362       	17:15:02  	726.4 	18.2  	30    	3.6      	302   	3.0        	-1.9       	2896      	0.6
364       	17:15:04  	725.9 	18.2  	31    	3.6      	302   	3.1        	-1.9       	2903      	0.7
366       	17:15:06  	725.4 	18.1  	31    	3.6      	302   	3.1        	-1.9       	2909      	0.7
368       	17:15:08  	724.8 	18.1  	31    	3.6      	302   	3.1        	-1.9       	2915      	0.7
370       	17:15:10  	724.3 	18.0  	31    	3.6      	302   	3.1        	-1.9       	2921      	0.8
372       	17:15:12  	723.8 	17.9  	31    	3.6      	302   	3.1        	-1.9       	2928      	0.8
374       	17:15:14  	723.2 	17.9  	32    	3.6      	300   	3.1        	-1.8       	2934      	0.8
376       	17:15:16  	722.7 	17.8  	32    	3.5      	301   	3.0        	-1.8       	2940      	0.8
378       	17:15:18  	722.2 	17.8  	32    	3.5      	303   	2.9        	-1.9       	2946      	0.9
380       	17:15:20  	721.7 	17.7  	32    	3.4      	304   	2.8        	-1.9       	2952      	0.9
382       	17:15:22  	721.2 	17.7  	32    	3.3      	305   	2.7        	-1.9       	2958      	0.9
384       	17:15:24  	720.7 	17.6  	32    	3.4      	307   	2.7        	-2.0       	2964      	0.9
386       	17:15:26  	720.2 	17.6  	33    	3.3      	308   	2.6        	-2.0       	2970      	1.0
388       	17:15:28  	719.7 	17.5  	33    	3.3      	310   	2.5        	-2.1       	2976      	1.0
390       	17:15:30  	719.2 	17.4  	33    	3.2      	311   	2.4        	-2.1       	2982      	0.9
392       	17:15:32  	718.7 	17.4  	33    	3.2      	314   	2.3        	-2.2       	2988      	0.9
394       	17:15:34  	718.1 	17.3  	33    	3.2      	316   	2.2        	-2.3       	2994      	0.8
396       	17:15:36  	717.6 	17.2  	33    	3.2      	319   	2.1        	-2.4       	3000      	0.8
398       	17:15:38  	717.1 	17.2  	33    	3.2      	321   	2.0        	-2.5       	3007      	0.7
400       	17:15:40  	716.5 	17.1  	33    	3.2      	321   	2.0        	-2.5       	3013      	0.6
402       	17:15:42  	716.0 	17.0  	33    	3.2      	324   	1.9        	-2.6       	3020      	0.6
404       	17:15:44  	715.4 	17.0  	33    	3.3      	329   	1.7        	-2.8       	3026      	0.6
406       	17:15:46  	714.9 	17.0  	33    	3.3      	333   	1.5        	-2.9       	3033      	0.6
408       	17:15:48  	714.4 	17.0  	33    	3.4      	337   	1.3        	-3.1       	3039      	0.6
410       	17:15:50  	713.9 	16.9  	33    	3.4      	339   	1.2        	-3.2       	3045      	0.7
412       	17:15:52  	713.4 	16.9  	33    	3.4      	343   	1.0        	-3.3       	3050      	0.7
414       	17:15:54  	713.0 	16.9  	33    	3.5      	345   	0.9        	-3.4       	3056      	0.8
416       	17:15:56  	712.5 	16.9  	34    	3.6      	347   	0.8        	-3.5       	3061      	0.8
418       	17:15:58  	712.1 	16.8  	34    	3.7      	351   	0.6        	-3.7       	3067      	0.8
420       	17:16:00  	711.6 	16.8  	34    	3.8      	353   	0.5        	-3.8       	3072      	0.8
422       	17:16:02  	711.1 	16.7  	34    	3.9      	354   	0.4        	-3.9       	3078      	0.8
424       	17:16:04  	710.7 	16.6  	34    	3.9      	354   	0.4        	-3.9       	3083      	0.8
426       	17:16:06  	710.2 	16.6  	34    	3.9      	354   	0.4        	-3.9       	3089      	0.8
428       	17:16:08  	709.7 	16.5  	34    	4.0      	354   	0.4        	-4.0       	3095      	0.7
430       	17:16:10  	709.2 	16.5  	34    	4.0      	356   	0.3        	-4.0       	3101      	0.7
432       	17:16:12  	708.7 	16.4  	34    	4.0      	356   	0.3        	-4.0       	3107      	0.7
434       	17:16:14  	708.2 	16.4  	35    	4.0      	357   	0.2        	-4.0       	3113      	0.7
436       	17:16:16  	707.7 	16.3  	35    	4.0      	357   	0.2        	-4.0       	3119      	0.7
438       	17:16:18  	707.2 	16.3  	35    	4.0      	359   	0.1        	-4.0       	3124      	0.7
440       	17:16:20  	706.8 	16.2  	35    	4.0      	359   	0.1        	-4.0       	3130      	0.8
442       	17:16:22  	706.3 	16.2  	35    	4.0      	360   	0.0        	-4.0       	3136      	0.8
444       	17:16:24  	705.8 	16.1  	35    	4.0      	001   	-0.1       	-4.0       	3141      	0.8
446       	17:16:26  	705.4 	16.1  	35    	3.9      	001   	-0.1       	-3.9       	3147      	0.8
448       	17:16:28  	704.9 	16.0  	35    	3.9      	003   	-0.2       	-3.9       	3152      	0.8
450       	17:16:30  	704.5 	15.9  	36    	3.9      	003   	-0.2       	-3.9       	3157      	0.8
452       	17:16:32  	704.1 	15.9  	36    	3.9      	003   	-0.2       	-3.9       	3163      	0.8
454       	17:16:34  	703.6 	15.8  	36    	4.0      	003   	-0.2       	-4.0       	3168      	0.7
456       	17:16:36  	703.2 	15.8  	36    	4.0      	003   	-0.2       	-4.0       	3173      	0.7
458       	17:16:38  	702.7 	15.7  	36    	4.0      	001   	-0.1       	-4.0       	3178      	0.7
460       	17:16:40  	702.3 	15.7  	36    	4.1      	001   	-0.1       	-4.1       	3184      	0.7
462       	17:16:42  	701.8 	15.6  	36    	4.1      	001   	-0.1       	-4.1       	3189      	0.7
464       	17:16:44  	701.4 	15.6  	36    	4.1      	360   	0.0        	-4.1       	3195      	0.7
466       	17:16:46  	700.9 	15.5  	36    	4.2      	360   	0.0        	-4.2       	3200      	0.7
468       	17:16:48  	700.5 	15.5  	36    	4.2      	360   	0.0        	-4.2       	3206      	0.7
470       	17:16:50  	700.0 	15.4  	36    	4.2      	359   	0.1        	-4.2       	3212      	0.7
472       	17:16:52  	699.5 	15.4  	37    	4.2      	357   	0.2        	-4.2       	3218      	0.7
474       	17:16:54  	699.0 	15.4  	37    	4.2      	357   	0.2        	-4.2       	3224      	0.7
476       	17:16:56  	698.6 	15.3  	37    	4.2      	357   	0.2        	-4.2       	3229      	0.7
478       	17:16:58  	698.1 	15.3  	37    	4.2      	357   	0.2        	-4.2       	3235      	0.7
480       	17:17:00  	697.7 	15.3  	37    	4.1      	356   	0.3        	-4.1       	3240      	0.8
482       	17:17:02  	697.2 	15.2  	37    	4.1      	354   	0.4        	-4.1       	3245      	0.8
484       	17:17:04  	696.8 	15.2  	37    	4.0      	353   	0.5        	-4.0       	3251      	0.8
486       	17:17:06  	696.3 	15.1  	37    	4.0      	353   	0.5        	-4.0       	3257      	0.7
488       	17:17:08  	695.8 	15.1  	38    	3.9      	351   	0.6        	-3.9       	3263      	0.7
490       	17:17:10  	695.3 	15.0  	38    	4.0      	350   	0.7        	-3.9       	3269      	0.7
492       	17:17:12  	694.8 	15.0  	38    	3.9      	350   	0.7        	-3.8       	3275      	0.7
494       	17:17:14  	694.3 	14.9  	38    	3.9      	348   	0.8        	-3.8       	3281      	0.6
496       	17:17:16  	693.8 	14.8  	38    	3.8      	348   	0.8        	-3.7       	3287      	0.6
498       	17:17:18  	693.3 	14.8  	38    	3.8      	346   	0.9        	-3.7       	3293      	0.6
500       	17:17:20  	692.7 	14.7  	38    	3.7      	346   	0.9        	-3.6       	3300      	0.5
502       	17:17:22  	692.2 	14.7  	38    	3.7      	346   	0.9        	-3.6       	3307      	0.5
504       	17:17:24  	691.6 	14.6  	38    	3.7      	346   	0.9        	-3.6       	3314      	0.5
506       	17:17:26  	691.1 	14.6  	38    	3.6      	346   	0.9        	-3.5       	3320      	0.4
508       	17:17:28  	690.6 	14.6  	38    	3.6      	346   	0.9        	-3.5       	3327      	0.4
510       	17:17:30  	690.1 	14.5  	38    	3.5      	344   	1.0        	-3.4       	3333      	0.3
512       	17:17:32  	689.6 	14.5  	38    	3.4      	343   	1.0        	-3.3       	3339      	0.2
514       	17:17:34  	689.1 	14.4  	38    	3.4      	343   	1.0        	-3.3       	3344      	0.2
516       	17:17:36  	688.6 	14.3  	38    	3.4      	341   	1.1        	-3.2       	3351      	0.1
518       	17:17:38  	688.1 	14.3  	38    	3.4      	341   	1.1        	-3.2       	3357      	0.1
520       	17:17:40  	687.5 	14.2  	38    	3.4      	339   	1.2        	-3.2       	3364      	0.0
522       	17:17:42  	687.0 	14.2  	38    	3.5      	338   	1.3        	-3.2       	3370      	0.0
524       	17:17:44  	686.5 	14.1  	38    	3.5      	338   	1.3        	-3.2       	3377      	-0.0
526       	17:17:46  	685.9 	14.0  	38    	3.6      	337   	1.4        	-3.3       	3383      	-0.0
528       	17:17:48  	685.4 	14.0  	38    	3.6      	337   	1.4        	-3.3       	3390      	-0.1
530       	17:17:50  	684.9 	13.9  	38    	3.7      	336   	1.5        	-3.4       	3396      	-0.0
532       	17:17:52  	684.3 	13.9  	38    	3.8      	337   	1.5        	-3.5       	3403      	-0.0
534       	17:17:54  	683.8 	13.8  	39    	4.0      	337   	1.6        	-3.7       	3410      	0.0
536       	17:17:56  	683.3 	13.8  	39    	4.2      	336   	1.7        	-3.8       	3416      	0.0
538       	17:17:58  	682.7 	13.7  	39    	4.4      	336   	1.8        	-4.0       	3423      	0.1
540       	17:18:00  	682.2 	13.7  	39    	4.5      	335   	1.9        	-4.1       	3429      	0.1
542       	17:18:02  	681.6 	13.6  	40    	4.6      	336   	1.9        	-4.2       	3436      	0.2
544       	17:18:04  	681.1 	13.6  	40    	4.7      	335   	2.0        	-4.3       	3443      	0.2
546       	17:18:06  	680.5 	13.5  	40    	4.9      	333   	2.2        	-4.4       	3450      	0.2
548       	17:18:08  	680.0 	13.5  	40    	5.1      	333   	2.3        	-4.5       	3457      	0.2
550       	17:18:10  	679.4 	13.4  	40    	5.2      	331   	2.5        	-4.6       	3464      	0.2
552       	17:18:12  	678.9 	13.3  	40    	5.3      	331   	2.6        	-4.6       	3470      	0.2
554       	17:18:14  	678.4 	13.3  	40    	5.4      	329   	2.8        	-4.6       	3476      	0.1
556       	17:18:16  	677.9 	13.2  	41    	5.4      	328   	2.9        	-4.6       	3483      	0.1
558       	17:18:18  	677.4 	13.1  	41    	5.5      	327   	3.0        	-4.6       	3489      	0.1
560       	17:18:20  	676.9 	13.0  	41    	5.6      	327   	3.1        	-4.7       	3495      	0.0
562       	17:18:22  	676.3 	13.0  	41    	5.7      	325   	3.3        	-4.7       	3502      	-0.0
564       	17:18:24  	675.8 	12.9  	41    	5.8      	324   	3.4        	-4.7       	3509      	-0.1
566       	17:18:26  	675.2 	12.8  	41    	5.8      	324   	3.4        	-4.7       	3516      	-0.1
568       	17:18:28  	674.6 	12.8  	41    	5.8      	324   	3.4        	-4.7       	3524      	-0.1
570       	17:18:30  	674.0 	12.7  	41    	5.8      	324   	3.4        	-4.7       	3532      	-0.1
572       	17:18:32  	673.3 	12.6  	41    	5.7      	325   	3.3        	-4.7       	3540      	-0.2
574       	17:18:34  	672.7 	12.6  	41    	5.7      	325   	3.3        	-4.7       	3548      	-0.2
576       	17:18:36  	672.0 	12.5  	41    	5.7      	326   	3.2        	-4.7       	3556      	-0.2
578       	17:18:38  	671.4 	12.4  	42    	5.6      	325   	3.2        	-4.6       	3564      	-0.2
580       	17:18:40  	670.7 	12.3  	42    	5.5      	326   	3.1        	-4.6       	3572      	-0.3
582       	17:18:42  	670.1 	12.2  	42    	5.5      	327   	3.0        	-4.6       	3580      	-0.3
584       	17:18:44  	669.5 	12.1  	42    	5.4      	326   	3.0        	-4.5       	3587      	-0.3
586       	17:18:46  	668.9 	12.1  	42    	5.4      	327   	2.9        	-4.5       	3595      	-0.3
588       	17:18:48  	668.3 	12.0  	42    	5.3      	327   	2.9        	-4.4       	3602      	-0.3
590       	17:18:50  	667.7 	11.9  	43    	5.2      	328   	2.8        	-4.4       	3609      	-0.3
592       	17:18:52  	667.2 	11.9  	43    	5.3      	327   	2.9        	-4.4       	3616      	-0.3
594       	17:18:54  	666.6 	11.8  	43    	5.3      	327   	2.9        	-4.4       	3624      	-0.4
596       	17:18:56  	665.9 	11.7  	43    	5.3      	327   	2.9        	-4.4       	3632      	-0.4
598       	17:18:58  	665.3 	11.6  	43    	5.3      	326   	3.0        	-4.4       	3640      	-0.4
600       	17:19:00  	664.6 	11.5  	43    	5.3      	326   	3.0        	-4.4       	3649      	-0.5
602       	17:19:02  	663.9 	11.4  	44    	5.5      	325   	3.1        	-4.5       	3657      	-0.5
604       	17:19:04  	663.3 	11.3  	44    	5.5      	325   	3.1        	-4.5       	3666      	-0.5
606       	17:19:06  	662.6 	11.2  	44    	5.5      	325   	3.1        	-4.5       	3674      	-0.5
608       	17:19:08  	661.9 	11.2  	44    	5.5      	326   	3.1        	-4.6       	3682      	-0.6
610       	17:19:10  	661.3 	11.1  	44    	5.6      	325   	3.2        	-4.6       	3690      	-0.6
612       	17:19:12  	660.7 	11.0  	44    	5.7      	326   	3.2        	-4.7       	3698      	-0.6
614       	17:19:14  	660.1 	10.9  	45    	5.8      	325   	3.3        	-4.8       	3706      	-0.7
616       	17:19:16  	659.5 	10.8  	45    	5.8      	325   	3.3        	-4.8       	3714      	-0.7
618       	17:19:18  	658.8 	10.7  	45    	5.8      	325   	3.3        	-4.8       	3721      	-0.8
620       	17:19:20  	658.2 	10.7  	45    	5.9      	326   	3.3        	-4.9       	3729      	-0.8
622       	17:19:22  	657.5 	10.6  	45    	6.0      	326   	3.4        	-5.0       	3738      	-0.8
624       	17:19:24  	656.9 	10.5  	45    	6.1      	326   	3.4        	-5.1       	3746      	-0.8
626       	17:19:26  	656.1 	10.4  	45    	6.4      	327   	3.5        	-5.3       	3755      	-0.9
628       	17:19:28  	655.4 	10.3  	45    	6.4      	327   	3.5        	-5.4       	3765      	-0.9
630       	17:19:30  	654.6 	10.2  	46    	6.7      	327   	3.6        	-5.6       	3775      	-0.9
632       	17:19:32  	654.0 	10.1  	46    	6.7      	328   	3.6        	-5.7       	3784      	-0.9
634       	17:19:34  	653.3 	10.0  	46    	6.9      	329   	3.6        	-5.9       	3792      	-1.0
636       	17:19:36  	652.6 	10.0  	46    	7.1      	329   	3.6        	-6.1       	3800      	-0.9
638       	17:19:38  	652.0 	9.9   	47    	7.3      	330   	3.6        	-6.3       	3808      	-0.9
640       	17:19:40  	651.5 	9.9   	47    	7.4      	331   	3.6        	-6.5       	3815      	-0.9
642       	17:19:42  	650.9 	9.8   	47    	7.5      	332   	3.5        	-6.6       	3823      	-0.9
644       	17:19:44  	650.3 	9.8   	47    	7.5      	332   	3.5        	-6.6       	3830      	-0.9
646       	17:19:46  	649.8 	9.7   	47    	7.5      	333   	3.4        	-6.7       	3837      	-0.9
648       	17:19:48  	649.2 	9.6   	48    	7.6      	334   	3.3        	-6.8       	3844      	-1.0
650       	17:19:50  	648.6 	9.5   	48    	7.6      	335   	3.2        	-6.9       	3851      	-1.0
652       	17:19:52  	648.1 	9.4   	48    	7.7      	336   	3.1        	-7.0       	3859      	-1.1
654       	17:19:54  	647.5 	9.3   	48    	7.7      	337   	3.0        	-7.1       	3866      	-1.1
656       	17:19:56  	646.9 	9.3   	48    	7.8      	337   	3.0        	-7.2       	3874      	-1.1
658       	17:19:58  	646.3 	9.2   	48    	7.9      	338   	2.9        	-7.3       	3881      	-1.1
660       	17:20:00  	645.7 	9.2   	49    	7.8      	339   	2.8        	-7.3       	3889      	-1.1
662       	17:20:02  	645.1 	9.1   	49    	7.9      	339   	2.8        	-7.4       	3896      	-1.1
664       	17:20:04  	644.6 	9.0   	49    	7.9      	340   	2.7        	-7.4       	3903      	-1.1
666       	17:20:06  	644.0 	8.9   	49    	7.8      	341   	2.6        	-7.4       	3911      	-1.1
668       	17:20:08  	643.4 	8.9   	49    	7.8      	341   	2.5        	-7.4       	3918      	-1.1
670       	17:20:10  	642.8 	8.8   	50    	7.8      	341   	2.5        	-7.4       	3926      	-1.1
672       	17:20:12  	642.2 	8.7   	50    	7.8      	342   	2.4        	-7.4       	3934      	-1.1
674       	17:20:14  	641.6 	8.7   	50    	7.7      	341   	2.5        	-7.3       	3942      	-1.1
676       	17:20:16  	641.0 	8.6   	50    	7.6      	341   	2.5        	-7.2       	3950      	-1.1
678       	17:20:18  	640.4 	8.5   	51    	7.5      	341   	2.5        	-7.1       	3957      	-1.1
680       	17:20:20  	639.8 	8.5   	51    	7.5      	340   	2.6        	-7.0       	3964      	-1.1
682       	17:20:22  	639.3 	8.4   	51    	7.5      	340   	2.6        	-7.0       	3972      	-1.1
684       	17:20:24  	638.7 	8.3   	51    	7.4      	339   	2.7        	-6.9       	3980      	-1.2
686       	17:20:26  	638.1 	8.2   	51    	7.4      	338   	2.8        	-6.8       	3987      	-1.2
688       	17:20:28  	637.5 	8.2   	51    	7.4      	336   	3.0        	-6.8       	3995      	-1.2
690       	17:20:30  	636.8 	8.1   	52    	7.5      	335   	3.2        	-6.8       	4003      	-1.3
692       	17:20:32  	636.2 	8.0   	52    	7.5      	333   	3.4        	-6.7       	4011      	-1.3
694       	17:20:34  	635.6 	7.9   	52    	7.6      	332   	3.6        	-6.7       	4019      	-1.3
696       	17:20:36  	635.0 	7.9   	52    	7.7      	331   	3.7        	-6.7       	4027      	-1.3
698       	17:20:38  	634.5 	7.9   	52    	7.8      	331   	3.8        	-6.8       	4034      	-1.3
700       	17:20:40  	633.9 	7.8   	53    	7.9      	329   	4.1        	-6.8       	4042      	-1.3
702       	17:20:42  	633.3 	7.8   	53    	8.2      	327   	4.5        	-6.8       	4049      	-1.3
704       	17:20:44  	632.7 	7.7   	53    	8.3      	324   	4.9        	-6.7       	4057      	-1.3
706       	17:20:46  	632.2 	7.7   	53    	8.5      	322   	5.2        	-6.7       	4064      	-1.3
708       	17:20:48  	631.6 	7.6   	53    	8.6      	321   	5.4        	-6.7       	4072      	-1.3
710       	17:20:50  	631.0 	7.5   	53    	8.7      	320   	5.6        	-6.6       	4079      	-1.3
712       	17:20:52  	630.5 	7.5   	54    	8.8      	319   	5.8        	-6.6       	4086      	-1.3
714       	17:20:54  	629.9 	7.4   	54    	8.8      	317   	6.0        	-6.4       	4094      	-1.3
716       	17:20:56  	629.4 	7.4   	54    	8.8      	315   	6.2        	-6.3       	4101      	-1.3
718       	17:20:58  	628.8 	7.3   	54    	9.0      	314   	6.5        	-6.2       	4108      	-1.3
720       	17:21:00  	628.3 	7.3   	54    	8.9      	313   	6.5        	-6.1       	4115      	-1.3
722       	17:21:02  	627.7 	7.2   	54    	8.8      	313   	6.5        	-6.0       	4122      	-1.3
724       	17:21:04  	627.2 	7.1   	55    	8.8      	312   	6.5        	-5.9       	4129      	-1.4
726       	17:21:06  	626.7 	7.1   	55    	8.7      	312   	6.5        	-5.8       	4136      	-1.4
728       	17:21:08  	626.2 	7.0   	55    	8.7      	312   	6.5        	-5.8       	4143      	-1.4
730       	17:21:10  	625.6 	6.9   	55    	8.6      	311   	6.5        	-5.7       	4150      	-1.4
732       	17:21:12  	625.1 	6.9   	55    	8.6      	311   	6.5        	-5.6       	4157      	-1.5
734       	17:21:14  	624.6 	6.8   	55    	8.6      	311   	6.5        	-5.6       	4163      	-1.5
736       	17:21:16  	624.1 	6.7   	56    	8.6      	311   	6.5        	-5.6       	4170      	-1.5
738       	17:21:18  	623.6 	6.7   	56    	8.6      	311   	6.5        	-5.6       	4176      	-1.5
740       	17:21:20  	623.1 	6.6   	56    	8.6      	311   	6.5        	-5.6       	4183      	-1.5
742       	17:21:22  	622.6 	6.6   	56    	8.5      	310   	6.5        	-5.5       	4190      	-1.6
744       	17:21:24  	622.0 	6.5   	56    	8.5      	310   	6.5        	-5.5       	4197      	-1.6
746       	17:21:26  	621.5 	6.5   	56    	8.5      	310   	6.5        	-5.4       	4204      	-1.6
748       	17:21:28  	621.0 	6.4   	56    	8.4      	310   	6.4        	-5.4       	4211      	-1.7
750       	17:21:30  	620.4 	6.3   	56    	8.3      	310   	6.4        	-5.3       	4218      	-1.7
752       	17:21:32  	619.9 	6.3   	56    	8.2      	309   	6.4        	-5.2       	4225      	-1.8
754       	17:21:34  	619.4 	6.2   	56    	8.2      	309   	6.4        	-5.1       	4232      	-1.8
756       	17:21:36  	618.8 	6.2   	56    	8.2      	308   	6.5        	-5.0       	4239      	-1.9
758       	17:21:38  	618.3 	6.1   	56    	8.2      	308   	6.5        	-5.0       	4247      	-1.9
760       	17:21:40  	617.7 	6.0   	57    	8.1      	307   	6.5        	-4.9       	4254      	-1.9
762       	17:21:42  	617.2 	6.0   	57    	8.2      	307   	6.6        	-4.9       	4261      	-2.0
764       	17:21:44  	616.6 	5.9   	57    	8.2      	307   	6.6        	-4.9       	4269      	-2.0
766       	17:21:46  	616.1 	5.8   	57    	8.2      	306   	6.6        	-4.8       	4276      	-2.0
768       	17:21:48  	615.6 	5.8   	57    	8.2      	306   	6.6        	-4.8       	4282      	-2.0
770       	17:21:50  	615.1 	5.7   	57    	8.2      	305   	6.7        	-4.7       	4289      	-2.0
772       	17:21:52  	614.6 	5.7   	57    	8.2      	305   	6.7        	-4.7       	4296      	-2.1
774       	17:21:54  	614.1 	5.6   	58    	8.2      	305   	6.7        	-4.7       	4303      	-2.1
776       	17:21:56  	613.6 	5.5   	58    	8.2      	305   	6.7        	-4.7       	4310      	-2.1
778       	17:21:58  	613.1 	5.5   	58    	8.1      	305   	6.6        	-4.7       	4316      	-2.1
780       	17:22:00  	612.6 	5.4   	58    	8.1      	305   	6.6        	-4.7       	4323      	-2.1
782       	17:22:02  	612.0 	5.3   	58    	8.1      	305   	6.6        	-4.7       	4330      	-2.1
784       	17:22:04  	611.5 	5.3   	59    	8.1      	305   	6.6        	-4.7       	4337      	-2.1
786       	17:22:06  	611.0 	5.2   	59    	8.0      	305   	6.6        	-4.6       	4343      	-2.2
788       	17:22:08  	610.5 	5.1   	59    	8.0      	305   	6.6        	-4.6       	4350      	-2.2
790       	17:22:10  	610.0 	5.0   	59    	8.0      	305   	6.5        	-4.6       	4357      	-2.3
792       	17:22:12  	609.6 	4.9   	59    	8.0      	305   	6.5        	-4.6       	4363      	-2.3
794       	17:22:14  	609.0 	4.9   	59    	8.0      	305   	6.5        	-4.6       	4370      	-2.4
796       	17:22:16  	608.5 	4.8   	59    	7.9      	306   	6.4        	-4.6       	4377      	-2.4
798       	17:22:18  	608.0 	4.7   	60    	7.9      	306   	6.4        	-4.6       	4384      	-2.5
800       	17:22:20  	607.5 	4.6   	60    	7.9      	306   	6.4        	-4.6       	4391      	-2.6
802       	17:22:22  	607.0 	4.5   	60    	7.9      	306   	6.4        	-4.6       	4398      	-2.6
804       	17:22:24  	606.4 	4.4   	60    	7.9      	306   	6.4        	-4.6       	4405      	-2.7
806       	17:22:26  	605.9 	4.4   	60    	7.9      	306   	6.4        	-4.6       	4412      	-2.7
808       	17:22:28  	605.4 	4.3   	60    	7.9      	306   	6.4        	-4.7       	4419      	-2.7
810       	17:22:30  	604.9 	4.2   	60    	7.9      	306   	6.4        	-4.6       	4426      	-2.8
812       	17:22:32  	604.4 	4.2   	61    	7.9      	306   	6.4        	-4.6       	4433      	-2.8
814       	17:22:34  	603.9 	4.1   	61    	7.9      	306   	6.4        	-4.6       	4440      	-2.8
816       	17:22:36  	603.3 	4.0   	61    	7.9      	306   	6.4        	-4.6       	4447      	-2.8
818       	17:22:38  	602.8 	3.9   	61    	7.9      	306   	6.4        	-4.7       	4454      	-2.8
820       	17:22:40  	602.3 	3.9   	62    	7.9      	306   	6.4        	-4.7       	4460      	-2.8
822       	17:22:42  	601.8 	3.8   	62    	8.0      	306   	6.5        	-4.7       	4468      	-2.8
824       	17:22:44  	601.2 	3.7   	62    	8.0      	306   	6.5        	-4.7       	4475      	-2.8
826       	17:22:46  	600.7 	3.7   	63    	8.0      	306   	6.5        	-4.7       	4483      	-2.8
828       	17:22:48  	600.1 	3.6   	63    	8.1      	305   	6.6        	-4.7       	4490      	-2.8
830       	17:22:50  	599.6 	3.5   	63    	8.2      	306   	6.6        	-4.8       	4498      	-2.8
832       	17:22:52  	599.0 	3.5   	64    	8.2      	307   	6.6        	-4.9       	4505      	-2.8
834       	17:22:54  	598.4 	3.4   	64    	8.3      	307   	6.6        	-5.0       	4513      	-2.7
836       	17:22:56  	597.9 	3.4   	64    	8.3      	308   	6.5        	-5.1       	4521      	-2.7
838       	17:22:58  	597.3 	3.4   	64    	8.3      	309   	6.5        	-5.2       	4528      	-2.7
840       	17:23:00  	596.7 	3.3   	64    	8.3      	310   	6.4        	-5.3       	4536      	-2.7
842       	17:23:02  	596.1 	3.3   	65    	8.3      	311   	6.3        	-5.4       	4544      	-2.7
844       	17:23:04  	595.6 	3.3   	65    	8.3      	312   	6.2        	-5.5       	4552      	-2.7
846       	17:23:06  	595.0 	3.3   	65    	8.3      	313   	6.1        	-5.7       	4560      	-2.7
848       	17:23:08  	594.5 	3.2   	65    	8.4      	315   	6.0        	-5.9       	4567      	-2.7
850       	17:23:10  	594.0 	3.2   	65    	8.4      	316   	5.8        	-6.1       	4575      	-2.7
852       	17:23:12  	593.4 	3.1   	65    	8.4      	317   	5.7        	-6.2       	4581      	-2.7
854       	17:23:14  	593.0 	3.1   	65    	8.5      	318   	5.7        	-6.3       	4587      	-2.8
856       	17:23:16  	592.5 	3.0   	65    	8.5      	319   	5.6        	-6.4       	4594      	-2.8
858       	17:23:18  	592.0 	3.0   	66    	8.5      	320   	5.5        	-6.5       	4600      	-2.8
860       	17:23:20  	591.5 	3.0   	66    	8.6      	320   	5.5        	-6.6       	4607      	-2.8
862       	17:23:22  	591.0 	2.9   	66    	8.7      	322   	5.4        	-6.8       	4614      	-2.8
864       	17:23:24  	590.5 	2.9   	66    	8.7      	322   	5.4        	-6.8       	4621      	-2.8
866       	17:23:26  	590.0 	2.8   	66    	8.8      	322   	5.4        	-6.9       	4628      	-2.8
868       	17:23:28  	589.5 	2.8   	66    	8.8      	322   	5.4        	-6.9       	4634      	-2.9
870       	17:23:30  	589.0 	2.7   	66    	8.8      	322   	5.4        	-7.0       	4642      	-2.9
872       	17:23:32  	588.5 	2.7   	67    	8.9      	323   	5.4        	-7.1       	4649      	-2.9
874       	17:23:34  	588.0 	2.6   	67    	9.0      	323   	5.4        	-7.2       	4656      	-2.9
876       	17:23:36  	587.4 	2.5   	67    	9.1      	324   	5.4        	-7.3       	4663      	-3.0
878       	17:23:38  	586.9 	2.5   	67    	9.2      	324   	5.4        	-7.4       	4671      	-3.0
880       	17:23:40  	586.4 	2.4   	67    	9.2      	324   	5.4        	-7.5       	4678      	-3.0
882       	17:23:42  	585.9 	2.4   	67    	9.3      	325   	5.4        	-7.6       	4684      	-3.0
884       	17:23:44  	585.4 	2.3   	68    	9.4      	325   	5.4        	-7.7       	4691      	-3.0
886       	17:23:46  	585.0 	2.2   	68    	9.3      	325   	5.3        	-7.7       	4698      	-3.1
888       	17:23:48  	584.5 	2.2   	68    	9.4      	326   	5.2        	-7.8       	4704      	-3.1
890       	17:23:50  	584.0 	2.1   	68    	9.4      	327   	5.1        	-7.9       	4711      	-3.1
892       	17:23:52  	583.5 	2.0   	68    	9.4      	327   	5.1        	-7.9       	4717      	-3.2
894       	17:23:54  	583.0 	1.9   	69    	9.3      	328   	5.0        	-7.9       	4724      	-3.2
896       	17:23:56  	582.5 	1.8   	69    	9.2      	328   	4.9        	-7.8       	4731      	-3.3
898       	17:23:58  	582.0 	1.8   	69    	9.0      	328   	4.8        	-7.6       	4738      	-3.3
900       	17:24:00  	581.5 	1.7   	69    	8.9      	327   	4.8        	-7.5       	4746      	-3.3
902       	17:24:02  	581.0 	1.6   	69    	8.7      	327   	4.7        	-7.3       	4753      	-3.3
904       	17:24:04  	580.5 	1.6   	70    	8.6      	327   	4.7        	-7.2       	4760      	-3.4
906       	17:24:06  	580.0 	1.5   	70    	8.4      	326   	4.7        	-7.0       	4766      	-3.4
908       	17:24:08  	579.6 	1.4   	70    	8.3      	325   	4.7        	-6.8       	4772      	-3.4
910       	17:24:10  	579.1 	1.3   	70    	8.2      	324   	4.8        	-6.7       	4779      	-3.5
912       	17:24:12  	578.6 	1.2   	70    	8.2      	324   	4.8        	-6.6       	4785      	-3.6
914       	17:24:14  	578.1 	1.2   	70    	8.0      	323   	4.8        	-6.4       	4792      	-3.7
916       	17:24:16  	577.6 	1.1   	70    	8.0      	323   	4.8        	-6.4       	4799      	-3.7
918       	17:24:18  	577.1 	1.0   	70    	8.1      	323   	4.9        	-6.4       	4806      	-3.8
920       	17:24:20  	576.6 	0.9   	71    	8.1      	323   	4.9        	-6.5       	4814      	-3.8
922       	17:24:22  	576.0 	0.9   	71    	8.1      	322   	5.0        	-6.4       	4822      	-3.8
924       	17:24:24  	575.4 	0.8   	71    	8.2      	321   	5.1        	-6.4       	4830      	-3.8
926       	17:24:26  	574.9 	0.8   	72    	8.2      	320   	5.2        	-6.3       	4838      	-3.7
928       	17:24:28  	574.4 	0.7   	72    	8.2      	319   	5.3        	-6.2       	4845      	-3.7
930       	17:24:30  	573.9 	0.6   	73    	8.1      	318   	5.4        	-6.1       	4851      	-3.7
932       	17:24:32  	573.4 	0.6   	73    	8.1      	317   	5.5        	-6.0       	4859      	-3.7
934       	17:24:34  	572.8 	0.5   	73    	8.1      	316   	5.6        	-5.9       	4866      	-3.7
936       	17:24:36  	572.3 	0.4   	74    	8.2      	315   	5.8        	-5.8       	4874      	-3.8
938       	17:24:38  	571.7 	0.3   	74    	8.3      	314   	6.0        	-5.7       	4883      	-3.8
940       	17:24:40  	571.1 	0.2   	74    	8.3      	313   	6.1        	-5.6       	4891      	-3.9
942       	17:24:42  	570.5 	0.1   	74    	8.4      	312   	6.2        	-5.6       	4900      	-3.9
944       	17:24:44  	569.9 	0.0   	74    	8.4      	311   	6.3        	-5.5       	4907      	-4.0
946       	17:24:46  	569.4 	-0.1  	75    	8.4      	311   	6.4        	-5.5       	4915      	-4.0
948       	17:24:48  	568.8 	-0.1  	75    	8.5      	311   	6.4        	-5.6       	4923      	-4.0
950       	17:24:50  	568.3 	-0.2  	75    	8.6      	311   	6.5        	-5.7       	4930      	-4.1
952       	17:24:52  	567.8 	-0.3  	75    	8.8      	312   	6.5        	-5.9       	4937      	-4.1
954       	17:24:54  	567.3 	-0.3  	75    	8.8      	313   	6.5        	-6.0       	4944      	-4.2
956       	17:24:56  	566.9 	-0.3  	75    	9.0      	314   	6.5        	-6.2       	4951      	-4.2
958       	17:24:58  	566.4 	-0.3  	75    	9.1      	314   	6.5        	-6.3       	4958      	-4.3
960       	17:25:00  	565.9 	-0.3  	74    	9.1      	316   	6.3        	-6.5       	4964      	-4.3
962       	17:25:02  	565.5 	-0.3  	74    	9.2      	318   	6.2        	-6.8       	4970      	-4.3
964       	17:25:04  	565.1 	-0.3  	74    	9.3      	320   	6.0        	-7.1       	4976      	-4.3
966       	17:25:06  	564.7 	-0.3  	74    	9.3      	322   	5.8        	-7.3       	4982      	-4.3
968       	17:25:08  	564.3 	-0.2  	74    	9.4      	323   	5.6        	-7.5       	4987      	-4.3
970       	17:25:10  	563.9 	-0.2  	74    	9.4      	324   	5.5        	-7.6       	4993      	-4.3
972       	17:25:12  	563.5 	-0.2  	74    	9.4      	325   	5.4        	-7.7       	4998      	-4.3
974       	17:25:14  	563.1 	-0.2  	74    	9.5      	326   	5.3        	-7.9       	5004      	-4.4
976       	17:25:16  	562.7 	-0.2  	74    	9.5      	327   	5.2        	-8.0       	5010      	-4.4
978       	17:25:18  	562.3 	-0.3  	74    	9.7      	328   	5.1        	-8.2       	5015      	-4.4
980       	17:25:20  	561.9 	-0.3  	74    	9.7      	328   	5.1        	-8.3       	5021      	-4.4
982       	17:25:22  	561.5 	-0.3  	74    	9.8      	329   	5.1        	-8.4       	5027      	-4.4
984       	17:25:24  	561.1 	-0.4  	74    	10.0     	329   	5.2        	-8.5       	5033      	-4.4
986       	17:25:26  	560.7 	-0.4  	74    	10.0     	328   	5.3        	-8.5       	5038      	-4.4
988       	17:25:28  	560.3 	-0.5  	74    	10.2     	328   	5.4        	-8.6       	5044      	-4.5
990       	17:25:30  	559.9 	-0.5  	74    	10.3     	327   	5.6        	-8.7       	5050      	-4.5
992       	17:25:32  	559.4 	-0.6  	74    	10.4     	327   	5.7        	-8.7       	5056      	-4.6
994       	17:25:34  	559.0 	-0.6  	74    	10.5     	326   	5.8        	-8.7       	5062      	-4.6
996       	17:25:36  	558.5 	-0.7  	74    	10.5     	326   	5.9        	-8.7       	5069      	-4.7
998       	17:25:38  	558.1 	-0.7  	74    	10.6     	325   	6.0        	-8.7       	5075      	-4.7
1000      	17:25:40  	557.7 	-0.8  	74    	10.7     	325   	6.2        	-8.7       	5081      	-4.8
1002      	17:25:42  	557.3 	-0.8  	74    	10.8     	324   	6.3        	-8.8       	5087      	-4.8
1004      	17:25:44  	556.8 	-0.9  	74    	10.9     	324   	6.5        	-8.8       	5093      	-4.8
1006      	17:25:46  	556.4 	-0.9  	75    	11.1     	323   	6.7        	-8.9       	5099      	-4.8
1008      	17:25:48  	556.0 	-1.0  	75    	11.1     	323   	6.7        	-8.9       	5105      	-4.9
1010      	17:25:50  	555.6 	-1.0  	75    	11.3     	323   	6.8        	-9.0       	5111      	-4.9
1012      	17:25:52  	555.2 	-1.0  	75    	11.5     	322   	7.0        	-9.1       	5117      	-4.9
1014      	17:25:54  	554.7 	-1.1  	75    	11.7     	322   	7.2        	-9.2       	5123      	-4.9
1016      	17:25:56  	554.3 	-1.1  	75    	11.8     	322   	7.3        	-9.3       	5130      	-4.9
1018      	17:25:58  	553.8 	-1.2  	75    	11.9     	321   	7.5        	-9.3       	5137      	-4.9
1020      	17:26:00  	553.4 	-1.2  	76    	12.1     	321   	7.6        	-9.4       	5143      	-4.9
1022      	17:26:02  	552.9 	-1.3  	76    	12.1     	321   	7.6        	-9.4       	5150      	-5.0
1024      	17:26:04  	552.5 	-1.3  	76    	12.3     	321   	7.8        	-9.5       	5156      	-5.0
1026      	17:26:06  	552.0 	-1.4  	76    	12.4     	321   	7.9        	-9.6       	5162      	-5.0
1028      	17:26:08  	551.6 	-1.4  	77    	12.6     	320   	8.1        	-9.7       	5169      	-5.0
1030      	17:26:10  	551.1 	-1.5  	77    	12.9     	320   	8.3        	-9.9       	5175      	-5.0
1032      	17:26:12  	550.7 	-1.5  	77    	13.0     	320   	8.4        	-9.9       	5182      	-5.0
1034      	17:26:14  	550.2 	-1.6  	77    	13.1     	320   	8.5        	-10.0      	5189      	-5.0
1036      	17:26:16  	549.8 	-1.6  	78    	13.1     	320   	8.5        	-10.0      	5195      	-5.0
1038      	17:26:18  	549.3 	-1.7  	78    	13.3     	320   	8.6        	-10.1      	5202      	-5.0
1040      	17:26:20  	548.9 	-1.7  	78    	13.5     	319   	8.8        	-10.3      	5208      	-5.0
1042      	17:26:22  	548.4 	-1.7  	78    	13.7     	319   	8.9        	-10.4      	5215      	-5.0
1044      	17:26:24  	548.0 	-1.8  	79    	13.9     	320   	9.0        	-10.6      	5221      	-5.0
1046      	17:26:26  	547.5 	-1.9  	79    	14.0     	320   	9.0        	-10.7      	5228      	-5.0
1048      	17:26:28  	547.1 	-1.9  	79    	14.1     	320   	9.1        	-10.8      	5234      	-5.1
1050      	17:26:30  	546.6 	-2.0  	79    	14.2     	320   	9.1        	-10.9      	5241      	-5.1
1052      	17:26:32  	546.1 	-2.1  	79    	14.3     	320   	9.1        	-11.0      	5248      	-5.2
1054      	17:26:34  	545.7 	-2.2  	79    	14.5     	320   	9.3        	-11.1      	5255      	-5.3
1056      	17:26:36  	545.2 	-2.2  	79    	14.6     	320   	9.4        	-11.2      	5262      	-5.4
1058      	17:26:38  	544.7 	-2.3  	79    	14.8     	320   	9.5        	-11.3      	5269      	-5.5
1060      	17:26:40  	544.2 	-2.4  	79    	14.9     	319   	9.7        	-11.3      	5276      	-5.6
1062      	17:26:42  	543.7 	-2.5  	79    	15.0     	319   	9.8        	-11.3      	5283      	-5.6
1064      	17:26:44  	543.2 	-2.5  	79    	15.0     	319   	9.9        	-11.3      	5291      	-5.7
1066      	17:26:46  	542.7 	-2.6  	79    	15.1     	318   	10.0       	-11.3      	5299      	-5.7
1068      	17:26:48  	542.2 	-2.7  	79    	15.1     	318   	10.1       	-11.2      	5306      	-5.8
1070      	17:26:50  	541.7 	-2.7  	79    	15.1     	318   	10.2       	-11.2      	5313      	-5.8
1072      	17:26:52  	541.2 	-2.8  	79    	15.1     	317   	10.3       	-11.1      	5320      	-5.9
1074      	17:26:54  	540.8 	-2.9  	80    	15.2     	317   	10.4       	-11.1      	5327      	-5.9
1076      	17:26:56  	540.3 	-2.9  	80    	15.1     	317   	10.4       	-11.0      	5334      	-5.9
1078      	17:26:58  	539.8 	-3.0  	80    	15.2     	316   	10.5       	-11.0      	5341      	-6.0
1080      	17:27:00  	539.3 	-3.1  	80    	15.2     	316   	10.5       	-11.0      	5348      	-6.0
1082      	17:27:02  	538.9 	-3.1  	80    	15.3     	316   	10.6       	-11.0      	5355      	-6.1
1084      	17:27:04  	538.4 	-3.2  	80    	15.3     	316   	10.7       	-11.0      	5361      	-6.1
1086      	17:27:06  	537.9 	-3.2  	80    	15.3     	316   	10.7       	-11.0      	5368      	-6.1
1088      	17:27:08  	537.5 	-3.3  	80    	15.4     	316   	10.8       	-11.0      	5375      	-6.2
1090      	17:27:10  	537.0 	-3.3  	80    	15.6     	316   	10.9       	-11.1      	5382      	-6.2
1092      	17:27:12  	536.6 	-3.4  	80    	15.6     	315   	11.0       	-11.1      	5388      	-6.2
1094      	17:27:14  	536.1 	-3.4  	80    	15.8     	315   	11.1       	-11.2      	5395      	-6.3
1096      	17:27:16  	535.6 	-3.4  	80    	15.9     	315   	11.2       	-11.3      	5402      	-6.4
1098      	17:27:18  	535.1 	-3.5  	80    	16.0     	315   	11.3       	-11.3      	5409      	-6.4
1100      	17:27:20  	534.7 	-3.6  	80    	16.1     	315   	11.4       	-11.4      	5416      	-6.5
1102      	17:27:22  	534.2 	-3.6  	79    	16.1     	315   	11.4       	-11.4      	5423      	-6.6
1104      	17:27:24  	533.8 	-3.6  	79    	16.2     	315   	11.5       	-11.4      	5429      	-6.7
1106      	17:27:26  	533.3 	-3.7  	79    	16.3     	315   	11.6       	-11.5      	5436      	-6.8
1108      	17:27:28  	532.9 	-3.7  	79    	16.4     	315   	11.7       	-11.5      	5443      	-6.8
1110      	17:27:30  	532.4 	-3.8  	79    	16.4     	315   	11.7       	-11.5      	5450      	-6.8
1112      	17:27:32  	532.0 	-3.8  	79    	16.5     	314   	11.8       	-11.5      	5456      	-6.8
1114      	17:27:34  	531.6 	-3.9  	80    	16.4     	314   	11.8       	-11.4      	5463      	-6.8
1116      	17:27:36  	531.1 	-3.9  	80    	16.4     	314   	11.8       	-11.4      	5469      	-6.8
1118      	17:27:38  	530.7 	-4.0  	80    	16.4     	314   	11.8       	-11.4      	5475      	-6.8
1120      	17:27:40  	530.3 	-4.0  	81    	16.4     	314   	11.9       	-11.3      	5482      	-6.8
1122      	17:27:42  	529.9 	-4.1  	81    	16.4     	314   	11.9       	-11.3      	5488      	-6.8
1124      	17:27:44  	529.4 	-4.1  	81    	16.4     	313   	12.0       	-11.2      	5494      	-6.8
1126      	17:27:46  	529.0 	-4.2  	82    	16.4     	313   	12.0       	-11.2      	5500      	-6.8
1128      	17:27:48  	528.5 	-4.2  	82    	16.4     	313   	12.1       	-11.1      	5507      	-6.8
1130      	17:27:50  	528.1 	-4.3  	82    	16.4     	313   	12.1       	-11.1      	5514      	-6.9
1132      	17:27:52  	527.6 	-4.4  	83    	16.5     	312   	12.2       	-11.1      	5522      	-6.9
1134      	17:27:54  	527.1 	-4.4  	83    	16.4     	312   	12.2       	-11.0      	5528      	-6.9
1136      	17:27:56  	526.7 	-4.5  	83    	16.5     	312   	12.3       	-11.0      	5535      	-6.9
1138      	17:27:58  	526.2 	-4.5  	83    	16.4     	312   	12.3       	-10.9      	5542      	-6.9
1140      	17:28:00  	525.8 	-4.6  	83    	16.5     	311   	12.4       	-10.9      	5549      	-6.9
1142      	17:28:02  	525.4 	-4.6  	83    	16.5     	311   	12.4       	-10.9      	5555      	-7.0
1144      	17:28:04  	524.9 	-4.7  	83    	16.5     	311   	12.4       	-10.9      	5562      	-7.1
1146      	17:28:06  	524.5 	-4.7  	83    	16.5     	311   	12.4       	-10.9      	5568      	-7.1
1148      	17:28:08  	524.1 	-4.7  	83    	16.5     	311   	12.4       	-10.9      	5574      	-7.1
1150      	17:28:10  	523.7 	-4.8  	83    	16.5     	311   	12.4       	-10.9      	5581      	-7.2
1152      	17:28:12  	523.2 	-4.8  	83    	16.5     	311   	12.4       	-10.9      	5587      	-7.2
1154      	17:28:14  	522.8 	-4.9  	83    	16.6     	311   	12.5       	-10.9      	5593      	-7.3
1156      	17:28:16  	522.4 	-4.9  	83    	16.6     	311   	12.6       	-10.8      	5600      	-7.3
1158      	17:28:18  	522.0 	-4.9  	83    	16.7     	310   	12.7       	-10.8      	5606      	-7.3
1160      	17:28:20  	521.5 	-4.9  	84    	16.7     	310   	12.8       	-10.8      	5613      	-7.3
1162      	17:28:22  	521.1 	-5.0  	84    	16.8     	310   	12.9       	-10.7      	5619      	-7.4
1164      	17:28:24  	520.7 	-5.1  	83    	16.8     	309   	13.0       	-10.7      	5625      	-7.4
1166      	17:28:26  	520.3 	-5.1  	83    	16.9     	309   	13.2       	-10.6      	5632      	-7.5
1168      	17:28:28  	519.8 	-5.1  	83    	17.0     	309   	13.3       	-10.6      	5638      	-7.6
1170      	17:28:30  	519.4 	-5.2  	83    	17.1     	308   	13.4       	-10.6      	5645      	-7.6
1172      	17:28:32  	519.0 	-5.2  	83    	17.1     	308   	13.4       	-10.6      	5651      	-7.6
1174      	17:28:34  	518.5 	-5.3  	83    	17.1     	308   	13.4       	-10.6      	5658      	-7.7
1176      	17:28:36  	518.1 	-5.3  	83    	17.1     	308   	13.5       	-10.5      	5664      	-7.7
1178      	17:28:38  	517.7 	-5.4  	83    	17.2     	308   	13.6       	-10.5      	5671      	-7.7
1180      	17:28:40  	517.3 	-5.4  	83    	17.3     	307   	13.8       	-10.4      	5677      	-7.8
1182      	17:28:42  	516.8 	-5.5  	83    	17.4     	307   	13.9       	-10.4      	5684      	-7.8
1184      	17:28:44  	516.4 	-5.5  	84    	17.4     	307   	14.0       	-10.4      	5690      	-7.8
1186      	17:28:46  	515.9 	-5.6  	84    	17.5     	306   	14.1       	-10.3      	5697      	-7.8
1188      	17:28:48  	515.5 	-5.6  	84    	17.5     	306   	14.2       	-10.3      	5704      	-7.9
1190      	17:28:50  	515.0 	-5.7  	84    	17.6     	305   	14.4       	-10.2      	5711      	-7.9
1192      	17:28:52  	514.6 	-5.7  	85    	17.7     	305   	14.5       	-10.1      	5718      	-7.9
1194      	17:28:54  	514.1 	-5.8  	85    	17.7     	304   	14.6       	-10.0      	5725      	-7.9
1196      	17:28:56  	513.7 	-5.8  	85    	17.7     	304   	14.7       	-9.9       	5732      	-7.9
1198      	17:28:58  	513.2 	-5.9  	85    	17.7     	304   	14.7       	-9.9       	5739      	-7.9
1200      	17:29:00  	512.8 	-6.0  	86    	17.7     	304   	14.7       	-9.8       	5746      	-8.0
1202      	17:29:02  	512.3 	-6.0  	86    	17.7     	303   	14.8       	-9.7       	5753      	-8.0
1204      	17:29:04  	511.9 	-6.1  	86    	17.7     	303   	14.9       	-9.5       	5759      	-8.0
1206      	17:29:06  	511.5 	-6.2  	86    	17.7     	302   	15.0       	-9.4       	5766      	-8.1
1208      	17:29:08  	511.0 	-6.2  	86    	17.7     	302   	15.1       	-9.3       	5772      	-8.1
1210      	17:29:10  	510.6 	-6.3  	87    	17.8     	301   	15.2       	-9.2       	5779      	-8.1
1212      	17:29:12  	510.2 	-6.3  	87    	17.9     	301   	15.3       	-9.2       	5785      	-8.1
1214      	17:29:14  	509.7 	-6.4  	87    	17.8     	301   	15.3       	-9.1       	5792      	-8.1
1216      	17:29:16  	509.3 	-6.4  	88    	17.9     	301   	15.4       	-9.1       	5799      	-8.1
1218      	17:29:18  	508.9 	-6.5  	88    	18.0     	300   	15.6       	-9.0       	5805      	-8.1
1220      	17:29:20  	508.5 	-6.5  	88    	18.1     	300   	15.7       	-9.0       	5812      	-8.2
1222      	17:29:22  	508.1 	-6.6  	88    	18.2     	300   	15.8       	-9.0       	5818      	-8.2
1224      	17:29:24  	507.7 	-6.6  	88    	18.3     	300   	15.9       	-9.0       	5824      	-8.3
1226      	17:29:26  	507.3 	-6.6  	88    	18.4     	300   	16.0       	-9.1       	5830      	-8.3
1228      	17:29:28  	506.9 	-6.7  	88    	18.5     	299   	16.1       	-9.1       	5836      	-8.3
1230      	17:29:30  	506.5 	-6.7  	88    	18.4     	299   	16.1       	-9.0       	5843      	-8.4
1232      	17:29:32  	506.1 	-6.8  	88    	18.5     	299   	16.2       	-8.9       	5849      	-8.4
1234      	17:29:34  	505.7 	-6.8  	88    	18.6     	299   	16.3       	-8.9       	5855      	-8.4
1236      	17:29:36  	505.3 	-6.8  	88    	18.6     	298   	16.4       	-8.8       	5861      	-8.4
1238      	17:29:38  	504.9 	-6.8  	88    	18.6     	298   	16.4       	-8.7       	5867      	-8.4
1240      	17:29:40  	504.5 	-6.9  	88    	18.7     	298   	16.5       	-8.7       	5873      	-8.5
1242      	17:29:42  	504.1 	-6.9  	89    	18.6     	298   	16.5       	-8.6       	5879      	-8.5
1244      	17:29:44  	503.7 	-6.9  	89    	18.6     	297   	16.5       	-8.5       	5885      	-8.5
1246      	17:29:46  	503.4 	-7.0  	89    	18.6     	297   	16.6       	-8.4       	5891      	-8.5
1248      	17:29:48  	503.0 	-7.0  	89    	18.6     	296   	16.7       	-8.2       	5897      	-8.5
1250      	17:29:50  	502.6 	-7.0  	89    	18.7     	296   	16.8       	-8.2       	5903      	-8.5
1252      	17:29:52  	502.2 	-7.1  	89    	18.7     	296   	16.8       	-8.2       	5908      	-8.6
1254      	17:29:54  	501.8 	-7.1  	89    	18.8     	296   	16.9       	-8.2       	5914      	-8.6
1256      	17:29:56  	501.5 	-7.1  	89    	18.8     	295   	17.0       	-8.1       	5920      	-8.6
1258      	17:29:58  	501.1 	-7.2  	89    	18.9     	295   	17.1       	-8.1       	5926      	-8.7
1260      	17:30:00  	500.7 	-7.2  	89    	18.9     	295   	17.1       	-8.1       	5932      	-8.7
1262      	17:30:02  	500.3 	-7.2  	89    	19.0     	295   	17.2       	-8.0       	5938      	-8.7
1264      	17:30:04  	499.9 	-7.3  	89    	19.0     	295   	17.2       	-8.0       	5944      	-8.8
1266      	17:30:06  	499.6 	-7.4  	89    	19.1     	295   	17.3       	-8.0       	5950      	-8.8
1268      	17:30:08  	499.2 	-7.4  	89    	19.0     	295   	17.3       	-7.9       	5956      	-8.8
1270      	17:30:10  	498.8 	-7.5  	89    	19.0     	295   	17.3       	-7.9       	5962      	-8.9
1272      	17:30:12  	498.4 	-7.5  	89    	19.0     	295   	17.3       	-7.9       	5968      	-9.0
1274      	17:30:14  	498.0 	-7.5  	89    	19.1     	294   	17.4       	-7.8       	5975      	-9.0
1276      	17:30:16  	497.5 	-7.6  	89    	19.1     	294   	17.4       	-7.8       	5981      	-9.1
1278      	17:30:18  	497.1 	-7.7  	89    	19.1     	294   	17.4       	-7.8       	5988      	-9.2
1280      	17:30:20  	496.7 	-7.7  	89    	19.0     	294   	17.4       	-7.7       	5994      	-9.2
1282      	17:30:22  	496.3 	-7.7  	89    	19.0     	294   	17.4       	-7.7       	6001      	-9.3
1284      	17:30:24  	495.9 	-7.7  	88    	18.9     	294   	17.3       	-7.6       	6007      	-9.3
1286      	17:30:26  	495.5 	-7.8  	88    	18.8     	294   	17.2       	-7.5       	6014      	-9.4
1288      	17:30:28  	495.1 	-7.8  	88    	18.7     	293   	17.2       	-7.4       	6021      	-9.5
1290      	17:30:30  	494.6 	-7.9  	88    	18.6     	293   	17.1       	-7.4       	6027      	-9.5
1292      	17:30:32  	494.2 	-7.9  	88    	18.5     	293   	17.0       	-7.3       	6033      	-9.6
1294      	17:30:34  	493.8 	-8.0  	87    	18.4     	293   	16.9       	-7.2       	6040      	-9.7
1296      	17:30:36  	493.4 	-8.0  	87    	18.2     	293   	16.8       	-7.0       	6047      	-9.8
1298      	17:30:38  	492.9 	-8.0  	86    	18.0     	292   	16.7       	-6.8       	6054      	-9.9
1300      	17:30:40  	492.4 	-8.1  	86    	18.0     	292   	16.7       	-6.6       	6061      	-10.0
1302      	17:30:42  	492.0 	-8.1  	86    	17.8     	291   	16.6       	-6.5       	6069      	-10.0
1304      	17:30:44  	491.5 	-8.1  	86    	17.8     	291   	16.6       	-6.4       	6076      	-10.1
1306      	17:30:46  	491.1 	-8.1  	86    	17.7     	290   	16.6       	-6.2       	6083      	-10.1
1308      	17:30:48  	490.6 	-8.2  	86    	17.7     	290   	16.6       	-6.2       	6091      	-10.1
1310      	17:30:50  	490.2 	-8.2  	86    	17.7     	290   	16.6       	-6.1       	6098      	-10.2
1312      	17:30:52  	489.7 	-8.3  	86    	17.6     	290   	16.5       	-6.1       	6105      	-10.2
1314      	17:30:54  	489.3 	-8.3  	86    	17.6     	290   	16.5       	-6.1       	6112      	-10.3
1316      	17:30:56  	488.9 	-8.4  	86    	17.6     	290   	16.5       	-6.1       	6118      	-10.3
1318      	17:30:58  	488.4 	-8.4  	85    	17.6     	291   	16.5       	-6.2       	6125      	-10.4
1320      	17:31:00  	488.0 	-8.4  	85    	17.7     	291   	16.5       	-6.3       	6131      	-10.5
1322      	17:31:02  	487.6 	-8.5  	85    	17.7     	291   	16.5       	-6.4       	6138      	-10.5
1324      	17:31:04  	487.2 	-8.5  	85    	17.7     	291   	16.5       	-6.4       	6144      	-10.6
1326      	17:31:06  	486.8 	-8.6  	85    	17.7     	292   	16.5       	-6.5       	6151      	-10.7
1328      	17:31:08  	486.4 	-8.6  	84    	17.7     	292   	16.5       	-6.5       	6157      	-10.7
1330      	17:31:10  	486.0 	-8.6  	84    	17.7     	292   	16.5       	-6.5       	6163      	-10.8
1332      	17:31:12  	485.6 	-8.7  	85    	17.6     	292   	16.4       	-6.5       	6170      	-10.8
1334      	17:31:14  	485.3 	-8.8  	85    	17.7     	292   	16.4       	-6.6       	6176      	-10.9
1336      	17:31:16  	484.9 	-8.8  	85    	17.7     	292   	16.4       	-6.6       	6182      	-10.9
1338      	17:31:18  	484.5 	-8.9  	85    	17.6     	292   	16.3       	-6.6       	6188      	-11.0
1340      	17:31:20  	484.1 	-8.9  	85    	17.6     	292   	16.3       	-6.6       	6194      	-11.0
1342      	17:31:22  	483.7 	-9.0  	84    	17.6     	292   	16.3       	-6.6       	6200      	-11.1
1344      	17:31:24  	483.3 	-9.0  	84    	17.5     	292   	16.2       	-6.5       	6206      	-11.2
1346      	17:31:26  	482.9 	-9.1  	84    	17.2     	292   	16.0       	-6.4       	6213      	-11.3
1348      	17:31:28  	482.5 	-9.1  	84    	17.1     	292   	15.9       	-6.3       	6220      	-11.3
1350      	17:31:30  	482.1 	-9.1  	84    	17.0     	291   	15.8       	-6.2       	6227      	-11.4
1352      	17:31:32  	481.7 	-9.2  	83    	16.8     	291   	15.7       	-6.1       	6233      	-11.4
1354      	17:31:34  	481.2 	-9.2  	83    	16.8     	291   	15.7       	-6.0       	6240      	-11.5
1356      	17:31:36  	480.8 	-9.2  	84    	16.6     	290   	15.6       	-5.8       	6247      	-11.5
1358      	17:31:38  	480.4 	-9.3  	84    	16.5     	290   	15.5       	-5.7       	6254      	-11.5
1360      	17:31:40  	480.0 	-9.3  	84    	16.4     	290   	15.4       	-5.6       	6260      	-11.4
1362      	17:31:42  	479.6 	-9.3  	84    	16.4     	290   	15.4       	-5.5       	6267      	-11.5
1364      	17:31:44  	479.2 	-9.4  	84    	16.4     	290   	15.4       	-5.6       	6273      	-11.5
1366      	17:31:46  	478.8 	-9.4  	84    	16.4     	290   	15.4       	-5.6       	6279      	-11.5
1368      	17:31:48  	478.4 	-9.5  	85    	16.4     	290   	15.4       	-5.6       	6286      	-11.6
1370      	17:31:50  	477.9 	-9.5  	85    	16.5     	290   	15.5       	-5.6       	6293      	-11.6
1372      	17:31:52  	477.5 	-9.6  	85    	16.6     	290   	15.6       	-5.6       	6300      	-11.7
1374      	17:31:54  	477.0 	-9.6  	85    	16.5     	289   	15.6       	-5.5       	6308      	-11.7
1376      	17:31:56  	476.6 	-9.7  	84    	16.6     	289   	15.7       	-5.5       	6315      	-11.8
1378      	17:31:58  	476.1 	-9.8  	84    	16.7     	289   	15.8       	-5.4       	6322      	-11.9
1380      	17:32:00  	475.7 	-9.8  	85    	16.7     	289   	15.8       	-5.4       	6330      	-11.9
1382      	17:32:02  	475.2 	-9.9  	85    	16.8     	288   	15.9       	-5.3       	6338      	-12.0
1384      	17:32:04  	474.7 	-10.0 	85    	16.9     	288   	16.0       	-5.3       	6345      	-12.1
1386      	17:32:06  	474.3 	-10.1 	85    	16.8     	288   	15.9       	-5.3       	6353      	-11.9
1388      	17:32:08  	473.8 	-10.1 	85    	16.8     	288   	15.9       	-5.3       	6360      	-12.0
1390      	17:32:10  	473.4 	-10.2 	85    	16.7     	289   	15.8       	-5.3       	6368      	-12.0
1392      	17:32:12  	472.9 	-10.2 	85    	16.6     	289   	15.7       	-5.3       	6375      	-12.0
1394      	17:32:14  	472.5 	-10.3 	85    	16.5     	289   	15.6       	-5.4       	6383      	-12.1
1396      	17:32:16  	472.0 	-10.3 	85    	16.3     	289   	15.4       	-5.4       	6390      	-12.2
1398      	17:32:18  	471.6 	-10.4 	84    	16.2     	290   	15.2       	-5.5       	6397      	-12.3
1400      	17:32:20  	471.2 	-10.4 	84    	16.0     	290   	15.0       	-5.5       	6404      	-12.4
1402      	17:32:22  	470.7 	-10.5 	84    	15.8     	291   	14.8       	-5.6       	6411      	-12.5
1404      	17:32:24  	470.3 	-10.6 	84    	15.6     	291   	14.6       	-5.6       	6417      	-12.6
1406      	17:32:26  	469.9 	-10.6 	83    	15.5     	291   	14.5       	-5.6       	6424      	-12.6
1408      	17:32:28  	469.5 	-10.7 	83    	15.5     	291   	14.4       	-5.6       	6431      	-12.7
1410      	17:32:30  	469.1 	-10.7 	83    	15.4     	291   	14.3       	-5.6       	6438      	-12.7
1412      	17:32:32  	468.6 	-10.8 	84    	15.3     	292   	14.2       	-5.6       	6445      	-12.8
1414      	17:32:34  	468.2 	-10.9 	84    	15.1     	292   	14.0       	-5.7       	6452      	-12.8
1416      	17:32:36  	467.8 	-10.9 	84    	15.1     	292   	14.0       	-5.7       	6459      	-12.9
1418      	17:32:38  	467.4 	-11.0 	84    	15.2     	293   	14.0       	-5.8       	6465      	-12.9
1420      	17:32:40  	467.0 	-11.0 	84    	15.1     	293   	13.9       	-5.9       	6472      	-13.0
1422      	17:32:42  	466.6 	-11.1 	84    	15.1     	293   	13.9       	-5.9       	6479      	-13.0
1424      	17:32:44  	466.1 	-11.1 	84    	15.1     	293   	13.9       	-6.0       	6486      	-13.0
1426      	17:32:46  	465.7 	-11.2 	84    	15.0     	293   	13.8       	-6.0       	6493      	-13.1
1428      	17:32:48  	465.3 	-11.2 	84    	15.1     	294   	13.8       	-6.1       	6500      	-13.2
1430      	17:32:50  	464.9 	-11.3 	83    	15.1     	294   	13.8       	-6.2       	6507      	-13.3
1432      	17:32:52  	464.5 	-11.3 	83    	15.2     	295   	13.8       	-6.3       	6514      	-13.3
1434      	17:32:54  	464.0 	-11.3 	83    	15.2     	295   	13.8       	-6.3       	6521      	-13.3
1436      	17:32:56  	463.6 	-11.4 	84    	15.2     	295   	13.8       	-6.3       	6527      	-13.4
1438      	17:32:58  	463.2 	-11.5 	84    	15.2     	295   	13.8       	-6.4       	6534      	-13.4
1440      	17:33:00  	462.8 	-11.5 	84    	15.2     	295   	13.8       	-6.4       	6541      	-13.5
1442      	17:33:02  	462.4 	-11.6 	84    	15.2     	295   	13.8       	-6.4       	6548      	-13.5
1444      	17:33:04  	462.0 	-11.6 	84    	15.2     	295   	13.8       	-6.4       	6554      	-13.6
1446      	17:33:06  	461.6 	-11.7 	84    	15.1     	295   	13.7       	-6.4       	6561      	-13.6
1448      	17:33:08  	461.2 	-11.7 	84    	15.1     	295   	13.7       	-6.3       	6568      	-13.7
1450      	17:33:10  	460.8 	-11.8 	84    	15.1     	295   	13.7       	-6.3       	6575      	-13.8
1452      	17:33:12  	460.4 	-11.9 	84    	15.0     	294   	13.7       	-6.2       	6582      	-13.9
1454      	17:33:14  	459.9 	-12.0 	84    	15.0     	294   	13.7       	-6.2       	6589      	-14.0
1456      	17:33:16  	459.5 	-12.0 	83    	14.8     	294   	13.5       	-6.1       	6596      	-14.0
1458      	17:33:18  	459.0 	-12.1 	83    	14.7     	294   	13.4       	-6.1       	6604      	-14.1
1460      	17:33:20  	458.6 	-12.1 	83    	14.6     	294   	13.3       	-6.0       	6611      	-14.2
1462      	17:33:22  	458.1 	-12.2 	82    	14.5     	295   	13.1       	-6.1       	6619      	-14.3
1464      	17:33:24  	457.7 	-12.2 	82    	14.4     	295   	13.0       	-6.1       	6626      	-14.4
1466      	17:33:26  	457.3 	-12.3 	82    	14.3     	295   	12.9       	-6.1       	6633      	-14.5
1468      	17:33:28  	456.8 	-12.3 	82    	14.2     	295   	12.8       	-6.1       	6640      	-14.5
1470      	17:33:30  	456.4 	-12.3 	81    	14.0     	296   	12.6       	-6.1       	6647      	-14.6
1472      	17:33:32  	456.0 	-12.4 	81    	13.9     	296   	12.5       	-6.1       	6655      	-14.7
1474      	17:33:34  	455.6 	-12.4 	81    	13.8     	296   	12.4       	-6.1       	6662      	-14.8
1476      	17:33:36  	455.2 	-12.5 	81    	13.8     	296   	12.4       	-6.1       	6668      	-14.9
1478      	17:33:38  	454.8 	-12.6 	81    	13.8     	296   	12.4       	-6.1       	6675      	-14.9
1480      	17:33:40  	454.3 	-12.7 	81    	13.8     	296   	12.4       	-6.1       	6682      	-15.0
1482      	17:33:42  	453.9 	-12.7 	80    	13.8     	296   	12.4       	-6.1       	6689      	-15.1
1484      	17:33:44  	453.5 	-12.7 	80    	13.8     	296   	12.4       	-6.0       	6697      	-15.1
1486      	17:33:46  	453.1 	-12.8 	80    	13.8     	296   	12.4       	-6.0       	6704      	-15.2
1488      	17:33:48  	452.6 	-12.9 	80    	13.7     	295   	12.4       	-5.9       	6711      	-15.3
1490      	17:33:50  	452.2 	-12.9 	80    	13.7     	295   	12.4       	-5.9       	6719      	-15.3
1492      	17:33:52  	451.7 	-13.0 	81    	13.8     	295   	12.5       	-5.8       	6726      	-15.4
1494      	17:33:54  	451.3 	-13.1 	81    	13.8     	295   	12.5       	-5.8       	6734      	-15.4
1496      	17:33:56  	450.8 	-13.2 	81    	13.7     	295   	12.5       	-5.7       	6741      	-15.5
1498      	17:33:58  	450.4 	-13.2 	81    	13.7     	294   	12.5       	-5.6       	6749      	-15.5
1500      	17:34:00  	449.9 	-13.3 	81    	13.7     	294   	12.5       	-5.5       	6757      	-15.6
1502      	17:34:02  	449.5 	-13.4 	81    	13.7     	294   	12.5       	-5.5       	6765      	-15.6
1504      	17:34:04  	449.0 	-13.5 	81    	13.7     	293   	12.6       	-5.4       	6772      	-15.7
1506      	17:34:06  	448.6 	-13.5 	82    	13.7     	293   	12.6       	-5.4       	6780      	-15.7
1508      	17:34:08  	448.1 	-13.6 	82    	13.8     	293   	12.7       	-5.4       	6788      	-15.8
1510      	17:34:10  	447.6 	-13.7 	82    	13.9     	293   	12.8       	-5.4       	6796      	-15.9
1512      	17:34:12  	447.2 	-13.7 	82    	14.0     	293   	12.9       	-5.5       	6803      	-15.9
1514      	17:34:14  	446.7 	-13.8 	82    	14.1     	293   	13.0       	-5.5       	6811      	-16.0
1516      	17:34:16  	446.3 	-13.9 	82    	14.2     	293   	13.1       	-5.6       	6819      	-16.0
1518      	17:34:18  	445.8 	-14.0 	82    	14.2     	293   	13.1       	-5.6       	6826      	-16.1
1520      	17:34:20  	445.3 	-14.1 	83    	14.4     	293   	13.2       	-5.7       	6835      	-16.1
1522      	17:34:22  	444.9 	-14.1 	83    	14.5     	294   	13.3       	-5.8       	6843      	-16.1
1524      	17:34:24  	444.4 	-14.2 	84    	14.6     	294   	13.4       	-5.9       	6851      	-16.1
1526      	17:34:26  	443.9 	-14.3 	84    	14.8     	294   	13.5       	-6.1       	6859      	-16.1
1528      	17:34:28  	443.5 	-14.3 	85    	14.8     	294   	13.5       	-6.1       	6867      	-16.2
1530      	17:34:30  	443.0 	-14.4 	85    	14.9     	295   	13.5       	-6.2       	6874      	-16.2
1532      	17:34:32  	442.6 	-14.5 	85    	14.9     	295   	13.6       	-6.2       	6881      	-16.2
1534      	17:34:34  	442.2 	-14.5 	86    	15.0     	295   	13.6       	-6.3       	6888      	-16.2
1536      	17:34:36  	441.8 	-14.6 	86    	15.1     	295   	13.7       	-6.4       	6896      	-16.2
1538      	17:34:38  	441.4 	-14.7 	87    	15.3     	295   	13.8       	-6.5       	6903      	-16.2
1540      	17:34:40  	440.9 	-14.7 	87    	15.3     	296   	13.8       	-6.6       	6910      	-16.3
1542      	17:34:42  	440.5 	-14.8 	87    	15.4     	295   	13.9       	-6.6       	6917      	-16.3
1544      	17:34:44  	440.1 	-14.9 	87    	15.4     	296   	13.9       	-6.7       	6924      	-16.4
1546      	17:34:46  	439.7 	-15.0 	87    	15.4     	296   	13.9       	-6.7       	6931      	-16.5
1548      	17:34:48  	439.3 	-15.1 	87    	15.4     	295   	13.9       	-6.6       	6939      	-16.6
1550      	17:34:50  	438.8 	-15.1 	87    	15.5     	295   	14.0       	-6.6       	6946      	-16.6
1552      	17:34:52  	438.4 	-15.1 	86    	15.5     	295   	14.0       	-6.6       	6954      	-16.8
1554      	17:34:54  	438.0 	-15.1 	85    	15.3     	295   	13.9       	-6.5       	6961      	-16.8
1556      	17:34:56  	437.6 	-15.0 	84    	15.3     	295   	13.9       	-6.4       	6968      	-17.0
1558      	17:34:58  	437.2 	-15.0 	79    	15.3     	295   	13.9       	-6.4       	6975      	-17.5
1560      	17:35:00  	436.8 	-14.9 	73    	15.2     	295   	13.8       	-6.3       	6981      	-18.2
1562      	17:35:02  	436.4 	-14.8 	71    	15.1     	295   	13.7       	-6.3       	6988      	-18.4
1564      	17:35:04  	436.1 	-14.7 	69    	14.9     	295   	13.5       	-6.3       	6994      	-18.7
1566      	17:35:06  	435.7 	-14.6 	63    	14.8     	296   	13.3       	-6.4       	7001      	-19.5
1568      	17:35:08  	435.3 	-14.5 	58    	14.6     	296   	13.1       	-6.5       	7007      	-20.3
1570      	17:35:10  	434.9 	-14.4 	57    	14.4     	297   	12.9       	-6.5       	7014      	-20.3
1572      	17:35:12  	434.6 	-14.3 	56    	14.3     	297   	12.7       	-6.6       	7020      	-20.4
1574      	17:35:14  	434.2 	-14.3 	56    	14.3     	298   	12.6       	-6.7       	7027      	-20.5
1576      	17:35:16  	433.8 	-14.3 	55    	14.2     	299   	12.5       	-6.8       	7034      	-20.7
1578      	17:35:18  	433.4 	-14.4 	54    	14.2     	299   	12.4       	-7.0       	7041      	-20.9
1580      	17:35:20  	433.0 	-14.4 	53    	14.3     	300   	12.3       	-7.2       	7048      	-21.1
1582      	17:35:22  	432.6 	-14.4 	52    	14.4     	300   	12.4       	-7.3       	7055      	-21.3
1584      	17:35:24  	432.2 	-14.4 	50    	14.5     	301   	12.5       	-7.4       	7062      	-21.6
1586      	17:35:26  	431.8 	-14.4 	49    	14.7     	301   	12.6       	-7.5       	7069      	-21.9
1588      	17:35:28  	431.4 	-14.4 	48    	14.9     	301   	12.7       	-7.7       	7076      	-22.2
1590      	17:35:30  	431.0 	-14.4 	46    	15.0     	301   	12.8       	-7.8       	7083      	-22.5
1592      	17:35:32  	430.6 	-14.4 	45    	15.2     	301   	13.0       	-7.9       	7090      	-22.8
1594      	17:35:34  	430.2 	-14.5 	44    	15.5     	301   	13.3       	-8.0       	7097      	-23.0
1596      	17:35:36  	429.8 	-14.5 	44    	15.7     	301   	13.4       	-8.1       	7103      	-23.2
1598      	17:35:38  	429.4 	-14.5 	43    	15.7     	301   	13.5       	-8.1       	7110      	-23.3
1600      	17:35:40  	429.1 	-14.6 	43    	15.9     	301   	13.7       	-8.1       	7117      	-23.4
1602      	17:35:42  	428.7 	-14.6 	43    	16.1     	301   	13.8       	-8.2       	7124      	-23.4
1604      	17:35:44  	428.3 	-14.7 	43    	16.1     	301   	13.9       	-8.2       	7130      	-23.5
1606      	17:35:46  	428.0 	-14.8 	43    	16.3     	300   	14.1       	-8.2       	7136      	-23.6
1608      	17:35:48  	427.6 	-14.9 	43    	16.4     	300   	14.2       	-8.3       	7143      	-23.7
1610      	17:35:50  	427.2 	-14.9 	43    	16.5     	300   	14.3       	-8.3       	7149      	-23.8
1612      	17:35:52  	426.9 	-15.0 	43    	16.6     	300   	14.4       	-8.3       	7155      	-23.9
1614      	17:35:54  	426.5 	-15.0 	43    	16.7     	299   	14.5       	-8.2       	7161      	-23.9
1616      	17:35:56  	426.2 	-15.1 	42    	16.7     	299   	14.6       	-8.2       	7168      	-24.0
1618      	17:35:58  	425.8 	-15.1 	42    	16.7     	299   	14.6       	-8.2       	7174      	-24.2
1620      	17:36:00  	425.4 	-15.2 	42    	16.8     	299   	14.7       	-8.2       	7181      	-24.3
1622      	17:36:02  	425.1 	-15.2 	42    	16.9     	299   	14.8       	-8.2       	7187      	-24.3
1624      	17:36:04  	424.7 	-15.3 	42    	17.0     	299   	14.9       	-8.1       	7193      	-24.4
1626      	17:36:06  	424.4 	-15.3 	42    	17.0     	298   	15.0       	-8.1       	7200      	-24.4
1628      	17:36:08  	424.1 	-15.4 	42    	17.1     	298   	15.1       	-8.1       	7206      	-24.5
1630      	17:36:10  	423.7 	-15.4 	42    	17.1     	298   	15.1       	-8.1       	7212      	-24.5
1632      	17:36:12  	423.4 	-15.5 	42    	17.2     	298   	15.2       	-8.1       	7218      	-24.6
1634      	17:36:14  	423.0 	-15.5 	42    	17.2     	298   	15.2       	-8.1       	7224      	-24.6
1636      	17:36:16  	422.7 	-15.5 	42    	17.3     	298   	15.2       	-8.2       	7230      	-24.6
1638      	17:36:18  	422.4 	-15.6 	42    	17.4     	298   	15.3       	-8.2       	7236      	-24.7
1640      	17:36:20  	422.0 	-15.6 	42    	17.5     	298   	15.4       	-8.3       	7242      	-24.7
1642      	17:36:22  	421.6 	-15.7 	42    	17.6     	298   	15.5       	-8.3       	7248      	-24.7
1644      	17:36:24  	421.3 	-15.8 	42    	17.6     	298   	15.5       	-8.3       	7255      	-24.7
1646      	17:36:26  	420.9 	-15.8 	43    	17.7     	298   	15.6       	-8.4       	7261      	-24.7
1648      	17:36:28  	420.6 	-15.9 	43    	17.8     	298   	15.7       	-8.4       	7268      	-24.6
1650      	17:36:30  	420.2 	-15.9 	44    	17.9     	298   	15.8       	-8.4       	7274      	-24.5
1652      	17:36:32  	419.8 	-16.0 	44    	18.0     	298   	15.9       	-8.5       	7281      	-24.4
1654      	17:36:34  	419.5 	-16.1 	45    	18.1     	298   	16.0       	-8.5       	7287      	-24.4
1656      	17:36:36  	419.1 	-16.1 	46    	18.3     	298   	16.2       	-8.6       	7294      	-24.3
1658      	17:36:38  	418.8 	-16.2 	46    	18.4     	298   	16.3       	-8.6       	7300      	-24.2
1660      	17:36:40  	418.4 	-16.2 	46    	18.5     	298   	16.4       	-8.6       	7306      	-24.2
1662      	17:36:42  	418.1 	-16.2 	47    	18.5     	298   	16.4       	-8.6       	7313      	-24.1
1664      	17:36:44  	417.7 	-16.3 	47    	18.6     	298   	16.5       	-8.6       	7319      	-24.1
1666      	17:36:46  	417.4 	-16.3 	48    	18.7     	298   	16.6       	-8.7       	7325      	-24.0
1668      	17:36:48  	417.1 	-16.4 	48    	18.8     	298   	16.7       	-8.7       	7331      	-24.0
1670      	17:36:50  	416.7 	-16.4 	49    	19.0     	298   	16.8       	-8.8       	7337      	-23.9
1672      	17:36:52  	416.4 	-16.5 	50    	19.0     	298   	16.8       	-8.8       	7343      	-23.8
1674      	17:36:54  	416.1 	-16.5 	50    	19.1     	298   	16.9       	-8.9       	7349      	-23.7
1676      	17:36:56  	415.7 	-16.6 	50    	19.1     	298   	16.9       	-8.9       	7355      	-23.7
1678      	17:36:58  	415.4 	-16.6 	50    	19.1     	298   	16.8       	-9.0       	7361      	-23.8
1680      	17:37:00  	415.1 	-16.6 	49    	19.2     	299   	16.8       	-9.2       	7367      	-24.0
1682      	17:37:02  	414.7 	-16.6 	48    	19.2     	299   	16.8       	-9.3       	7373      	-24.3
1684      	17:37:04  	414.4 	-16.6 	46    	19.3     	299   	16.8       	-9.5       	7379      	-24.7
1686      	17:37:06  	414.1 	-16.7 	44    	19.3     	300   	16.7       	-9.7       	7385      	-25.2
1688      	17:37:08  	413.7 	-16.7 	41    	19.4     	300   	16.7       	-9.8       	7391      	-25.9
1690      	17:37:10  	413.4 	-16.7 	38    	19.4     	301   	16.7       	-9.9       	7398      	-26.6
1692      	17:37:12  	413.0 	-16.7 	35    	19.5     	301   	16.7       	-10.1      	7404      	-27.3
1694      	17:37:14  	412.7 	-16.6 	33    	19.7     	302   	16.7       	-10.4      	7410      	-27.9
1696      	17:37:16  	412.4 	-16.6 	33    	19.9     	302   	16.8       	-10.6      	7416      	-28.1
1698      	17:37:18  	412.0 	-16.6 	33    	20.0     	303   	16.8       	-10.9      	7422      	-27.9
1700      	17:37:20  	411.7 	-16.6 	34    	20.2     	303   	16.9       	-11.0      	7428      	-27.7
1702      	17:37:22  	411.4 	-16.6 	35    	20.4     	303   	17.0       	-11.2      	7434      	-27.4
1704      	17:37:24  	411.1 	-16.6 	36    	20.5     	303   	17.1       	-11.3      	7440      	-27.1
1706      	17:37:26  	410.7 	-16.6 	37    	20.7     	304   	17.2       	-11.5      	7446      	-26.7
1708      	17:37:28  	410.4 	-16.6 	39    	21.0     	304   	17.4       	-11.7      	7452      	-26.3
1710      	17:37:30  	410.1 	-16.6 	40    	21.2     	304   	17.5       	-11.9      	7458      	-26.2
1712      	17:37:32  	409.7 	-16.7 	40    	21.4     	304   	17.7       	-12.1      	7464      	-26.2
1714      	17:37:34  	409.4 	-16.7 	39    	21.5     	305   	17.7       	-12.2      	7470      	-26.3
1716      	17:37:36  	409.1 	-16.8 	39    	21.6     	305   	17.8       	-12.3      	7476      	-26.4
1718      	17:37:38  	408.8 	-16.8 	39    	21.7     	305   	17.8       	-12.4      	7482      	-26.6
1720      	17:37:40  	408.4 	-16.9 	38    	21.8     	305   	17.9       	-12.5      	7488      	-26.7
1722      	17:37:42  	408.1 	-16.9 	38    	22.0     	305   	18.0       	-12.6      	7494      	-26.8
1724      	17:37:44  	407.8 	-17.0 	38    	22.1     	305   	18.1       	-12.7      	7500      	-26.9
1726      	17:37:46  	407.5 	-17.0 	37    	22.3     	305   	18.2       	-12.8      	7505      	-27.1
1728      	17:37:48  	407.2 	-17.0 	37    	22.3     	305   	18.2       	-12.8      	7510      	-27.3
1730      	17:37:50  	406.8 	-17.1 	36    	22.3     	305   	18.3       	-12.8      	7517      	-27.6
1732      	17:37:52  	406.5 	-17.1 	35    	22.3     	305   	18.3       	-12.8      	7524      	-27.9
1734      	17:37:54  	406.1 	-17.2 	34    	22.5     	305   	18.4       	-12.9      	7531      	-28.1
1736      	17:37:56  	405.8 	-17.3 	34    	22.6     	305   	18.5       	-13.0      	7538      	-28.4
1738      	17:37:58  	405.4 	-17.3 	33    	22.8     	305   	18.6       	-13.1      	7544      	-28.5
