CampaignData_and_Merges/R0/CSL_MobileLab_Parked/raw/20240716/USOS-jNO2_MobileLabGround_20240716_R0.ict
52,1001
Waxman, E.; Rollins, A.; Zuraski, K.; Chace, W.
NOAA Chemical Sciences Laboratory
jNO2 filter radiometer on CSL Mobile Lab
AMMBEC / USOS
1, 1
2024,07,16, 2025,04,01
60
Time_Start, seconds, number_of_seconds_since_0000_UTC
20
1, 1, 1, 1, 1, 1, 1, 1, 1, 1, 1, 1, 1, 1, 1, 1, 1, 1, 1, 1
-9999, -9999, -9999, -9999, -9999, -9999, -9999, -9999, -9999, -9999, -9999, -9999, -9999, -9999, -9999, -9999, -9999, -9999, -9999, -9999
Time_Stop, seconds, number_of_seconds_since_0000_UTC
jNO2_meas, per second, photolysis rate of NO2 measured using a filter radiometer.
jBrCl, per second, photolysis rate of BrCl -> Br + Cl calculated in TUV for cloud-free sky with local AOD
jBr2, per second, photolysis rate of Br2 -> Br + Br calculated in TUV for cloud-free sky with local AOD
jCCl4, per second, photolysis rate of CCl4 -> Products calcualted in TUV for cloud-free sky with local AOD
jCH2Oa, per second, photolysis rate of CH2O -> H + HCO calculated in TUV for cloud-free sky with local AOD
jCH2Ob, per second, photolysis rate of CH2O -> H2 + CO calculated in TUV for cloud-free sky with local AOD
jClNO2, per second, photolysis rate of ClNO2 -> Cl + NO2 calculated in TUV for cloud-free sky with local AOD
jClOa, per second, photolysis rate of ClO -> Cl + O(1D) calculated in TUV for cloud-free sky with local AOD
jClOb, per second, photolysis rate of ClO -> Cl + O(3P) calculated in TUV for cloud-free sky with local AOD
jCl2, per second, photolysis rate of Cl2 -> Cl + Cl calculated in TUV for cloud-free sky with local AOD
jHNO2, per second, photolysis rate of HNO2 -> OH + NO calculated in TUV for cloud-free sky with local AOD
jHNO3, per second, photolysis rate of HNO3 -> OH + NO2 calculated in TUV for cloud-free sky with local AOD
jI2, per second, photolysis rate of I2 -> I + I calculated in TUV for cloud-free sky with local AOD
jNO2, per second, photolysis rate of NO2 -> NO + O(3P) calculated in TUV for cloud-free sky with local AOD
jNO3a, per second, photolysis rate of NO3 -> NO + O2 calculated in TUV for cloud-free sky with local AOD
jNO3b, per second, photolysis rate of NO3 -> NO2 + O(3P) calculated in TUV for cloud-free sky with local AOD
jN2O5, per second, photolysis rate of N2O5 -> NO3 + NO + O(3P) calculated in TUV for cloud-free sky with local AOD
jO3, per second, photolysis rate of O3 -> O2 + O(1D) calculated in TUV for cloud-free sky with local AOD
AOD_500nm, unitless, UTC daily mean AOD at 500 nm from an AERONET station located at 40.178 N, -112.452 E
0
18
PI_CONTACT_INFO: eleanor.waxman@noaa.gov
PLATFORM: CSL Mobile Lab, at ground site
LOCATION: Salt Lake City, UT
ASSOCIATED_DATA:
INSTRUMENT_INFO: jNO2 filter radiometer.  TUV calculations are for mobile van lat/lon/altitude assuming clear sky (cloud AOD = 0) and daily mean AOD.
DATA_INFO:
UNCERTAINTY: Data uncertainties are +/- 20%.  These come from uncertainties in radiometer angular response, radiometer thermal response, local interferences from clouds/aerosols/shadows etc.
ULOD_FLAG: -7777
ULOD_VALUE: N/A
LLOD_FLAG: -8888
LLOD_VALUE: N/A
DM_CONTACT_INFO: eleanor.waxman@noaa.gov
PROJECT_INFO: USOS Project, July - August 2024
STIPULATIONS_ON_USE: Users are strongly encouraged to contact the PI for proper data usage.
OTHER_COMMENTS: 
REVISION: R0
R0: final data
Time_Start, Time_Stop, jNO2_meas, jBrCl, jBr2, jCCl4, jCH2Oa, jCH2Ob, jClNO2, jClOa, jClOb, jCl2, jHNO2, jHNO3, jI2, jNO2, jNO3a, jNO3b, jN2O5, jO3, AOD_500nm
       0,      60,-9999,0.007513,0.02421,2.047e-25,1.451e-05,2.576e-05,0.0002575,7.214e-26,1.226e-05,0.001379,0.0009374,2.1e-07,0.0909,0.005949,0.01814,0.1424,2.166e-05,7.649e-06,0.2
      60,     120,-9999,0.00748,0.02412,2.008e-25,1.438e-05,2.557e-05,0.0002557,7.08e-26,1.208e-05,0.001371,0.000932,2.076e-07,0.09063,0.005917,0.01809,0.142,2.149e-05,7.531e-06,0.2
     120,     180,0.0062079,0.007449,0.02404,1.972e-25,1.425e-05,2.539e-05,0.0002539,6.956e-26,1.191e-05,0.001363,0.0009269,2.054e-07,0.09038,0.005887,0.01805,0.1417,2.133e-05,7.422e-06,0.2
     180,     240,0.0061867,0.007416,0.02395,1.935e-25,1.412e-05,2.52e-05,0.0002521,6.828e-26,1.173e-05,0.001354,0.0009214,2.031e-07,0.0901,0.005855,0.018,0.1413,2.117e-05,7.306e-06,0.2
     240,     300,0.006157,0.007382,0.02386,1.898e-25,1.398e-05,2.501e-05,0.0002502,6.703e-26,1.155e-05,0.001346,0.000916,2.007e-07,0.08983,0.005823,0.01796,0.1408,2.1e-05,7.191e-06,0.2
     300,     360,0.0061133,0.007351,0.02377,1.865e-25,1.386e-05,2.483e-05,0.0002485,6.588e-26,1.138e-05,0.001338,0.0009108,1.985e-07,0.08957,0.005792,0.01791,0.1405,2.084e-05,7.084e-06,0.2
     360,     420,0.0060973,0.007317,0.02368,1.831e-25,1.372e-05,2.464e-05,0.0002466,6.469e-26,1.121e-05,0.001329,0.0009052,1.962e-07,0.08928,0.005759,0.01786,0.14,2.067e-05,6.971e-06,0.2
     420,     480,0.006068,0.007282,0.02359,1.797e-25,1.359e-05,2.444e-05,0.0002448,6.354e-26,1.103e-05,0.00132,0.0008997,1.939e-07,0.089,0.005726,0.01781,0.1396,2.05e-05,6.859e-06,0.2
     480,     540,0.0060467,0.00725,0.0235,1.766e-25,1.346e-05,2.426e-05,0.000243,6.247e-26,1.087e-05,0.001312,0.0008944,1.917e-07,0.08873,0.005695,0.01777,0.1392,2.034e-05,6.754e-06,0.2
     540,     600,0.0060293,0.007215,0.02341,1.734e-25,1.333e-05,2.407e-05,0.0002412,6.137e-26,1.069e-05,0.001303,0.0008887,1.893e-07,0.08844,0.005662,0.01772,0.1388,2.018e-05,6.643e-06,0.2
     600,     660,0.0059912,0.00718,0.02331,1.703e-25,1.319e-05,2.387e-05,0.0002393,6.029e-26,1.052e-05,0.001294,0.0008831,1.87e-07,0.08815,0.005628,0.01767,0.1383,2.001e-05,6.533e-06,0.2
     660,     720,0.0059607,0.007147,0.02322,1.674e-25,1.307e-05,2.369e-05,0.0002375,5.93e-26,1.036e-05,0.001286,0.0008777,1.849e-07,0.08787,0.005596,0.01762,0.1379,1.985e-05,6.431e-06,0.2
     720,     780,0.0059329,0.007111,0.02313,1.644e-25,1.293e-05,2.349e-05,0.0002356,5.827e-26,1.019e-05,0.001277,0.000872,1.826e-07,0.08757,0.005562,0.01757,0.1375,1.968e-05,6.323e-06,0.2
     780,     840,0.0058924,0.007075,0.02303,1.615e-25,1.28e-05,2.33e-05,0.0002337,5.727e-26,1.003e-05,0.001268,0.0008662,1.803e-07,0.08727,0.005528,0.01752,0.137,1.951e-05,6.216e-06,0.2
     840,     900,0.0058472,0.007041,0.02294,1.588e-25,1.267e-05,2.311e-05,0.0002319,5.634e-26,9.868e-06,0.00126,0.0008608,1.781e-07,0.08698,0.005496,0.01747,0.1366,1.935e-05,6.116e-06,0.2
     900,     960,0.0058124,0.007004,0.02284,1.56e-25,1.254e-05,2.291e-05,0.00023,5.538e-26,9.703e-06,0.00125,0.0008549,1.759e-07,0.08667,0.005461,0.01742,0.1362,1.917e-05,6.011e-06,0.2
     960,    1020,0.0057822,0.006968,0.02274,1.533e-25,1.24e-05,2.271e-05,0.0002281,5.444e-26,9.539e-06,0.001241,0.0008491,1.736e-07,0.08636,0.005426,0.01736,0.1357,1.9e-05,5.906e-06,0.2
    1020,    1080,0.0057534,0.006933,0.02264,1.508e-25,1.228e-05,2.253e-05,0.0002263,5.358e-26,9.386e-06,0.001233,0.0008435,1.715e-07,0.08606,0.005393,0.01731,0.1352,1.884e-05,5.809e-06,0.2
    1080,    1140,0.0057066,0.006896,0.02254,1.482e-25,1.214e-05,2.233e-05,0.0002244,5.268e-26,9.225e-06,0.001224,0.0008376,1.692e-07,0.08574,0.005358,0.01726,0.1348,1.867e-05,5.707e-06,0.2
    1140,    1200,0.0056817,0.006858,0.02244,1.457e-25,1.201e-05,2.213e-05,0.0002224,5.181e-26,9.065e-06,0.001214,0.0008316,1.67e-07,0.08542,0.005323,0.0172,0.1343,1.85e-05,5.605e-06,0.2
    1200,    1260,0.0056455,0.006822,0.02234,1.433e-25,1.188e-05,2.194e-05,0.0002206,5.1e-26,8.915e-06,0.001206,0.000826,1.649e-07,0.08511,0.005289,0.01715,0.1338,1.834e-05,5.51e-06,0.2
    1260,    1320,0.0056279,0.006784,0.02224,1.409e-25,1.175e-05,2.174e-05,0.0002187,5.016e-26,8.758e-06,0.001196,0.00082,1.626e-07,0.08479,0.005253,0.01709,0.1333,1.816e-05,5.411e-06,0.2
    1320,    1380,0.0056087,0.006746,0.02213,1.385e-25,1.161e-05,2.154e-05,0.0002167,4.934e-26,8.602e-06,0.001187,0.000814,1.604e-07,0.08445,0.005217,0.01704,0.1329,1.799e-05,5.312e-06,0.2
    1380,    1440,0.0055637,0.006709,0.02203,1.363e-25,1.149e-05,2.135e-05,0.0002149,4.858e-26,8.456e-06,0.001178,0.0008082,1.583e-07,0.08414,0.005183,0.01698,0.1324,1.783e-05,5.22e-06,0.2
    1440,    1500,0.0055013,0.00667,0.02192,1.34e-25,1.135e-05,2.115e-05,0.000213,4.779e-26,8.303e-06,0.001169,0.0008021,1.561e-07,0.0838,0.005146,0.01692,0.1319,1.765e-05,5.123e-06,0.2
    1500,    1560,0.0054014,0.006631,0.02182,1.318e-25,1.122e-05,2.095e-05,0.000211,4.702e-26,8.151e-06,0.00116,0.000796,1.54e-07,0.08346,0.00511,0.01686,0.1314,1.748e-05,5.027e-06,0.2
    1560,    1620,0.005325,0.006594,0.02171,1.297e-25,1.109e-05,2.076e-05,0.0002092,4.631e-26,8.009e-06,0.001151,0.0007902,1.519e-07,0.08313,0.005075,0.01681,0.1309,1.732e-05,4.938e-06,0.2
    1620,    1680,0.0052825,0.006554,0.0216,1.276e-25,1.096e-05,2.055e-05,0.0002072,4.557e-26,7.86e-06,0.001141,0.000784,1.497e-07,0.08278,0.005038,0.01675,0.1304,1.714e-05,4.844e-06,0.2
    1680,    1740,0.0052787,0.006514,0.02149,1.255e-25,1.083e-05,2.035e-05,0.0002052,4.484e-26,7.713e-06,0.001132,0.0007778,1.476e-07,0.08243,0.005,0.01669,0.1298,1.697e-05,4.751e-06,0.2
    1740,    1800,0.0052343,0.006476,0.02138,1.236e-25,1.07e-05,2.016e-05,0.0002034,4.417e-26,7.575e-06,0.001123,0.0007719,1.456e-07,0.08209,0.004965,0.01663,0.1293,1.681e-05,4.665e-06,0.2
    1800,    1860,0.0052326,0.006435,0.02127,1.215e-25,1.057e-05,1.996e-05,0.0002014,4.347e-26,7.431e-06,0.001113,0.0007656,1.434e-07,0.08173,0.004927,0.01657,0.1288,1.663e-05,4.574e-06,0.2
    1860,    1920,0.005222,0.006394,0.02116,1.196e-25,1.044e-05,1.975e-05,0.0001994,4.279e-26,7.287e-06,0.001103,0.0007593,1.413e-07,0.08137,0.004889,0.0165,0.1282,1.646e-05,4.484e-06,0.2
    1920,    1980,0.005177,0.006355,0.02105,1.177e-25,1.031e-05,1.956e-05,0.0001975,4.216e-26,7.154e-06,0.001094,0.0007533,1.393e-07,0.08102,0.004853,0.01644,0.1277,1.629e-05,4.4e-06,0.2
    1980,    2040,0.0051537,0.006313,0.02093,1.158e-25,1.018e-05,1.935e-05,0.0001956,4.15e-26,7.013e-06,0.001085,0.000747,1.372e-07,0.08065,0.004815,0.01638,0.1272,1.612e-05,4.312e-06,0.2
    2040,    2100,0.0051384,0.006271,0.02081,1.14e-25,1.005e-05,1.915e-05,0.0001936,4.085e-26,6.875e-06,0.001075,0.0007406,1.351e-07,0.08027,0.004777,0.01631,0.1266,1.595e-05,4.226e-06,0.2
    2100,    2160,0.0050884,0.006232,0.0207,1.123e-25,9.924e-06,1.896e-05,0.0001917,4.026e-26,6.745e-06,0.001066,0.0007345,1.332e-07,0.07992,0.00474,0.01625,0.1261,1.578e-05,4.145e-06,0.2
    2160,    2220,0.0050427,0.006189,0.02058,1.105e-25,9.793e-06,1.875e-05,0.0001897,3.964e-26,6.609e-06,0.001056,0.0007281,1.311e-07,0.07953,0.004701,0.01618,0.1255,1.561e-05,4.06e-06,0.2
    2220,    2280,0.005028,0.006146,0.02046,1.087e-25,9.662e-06,1.854e-05,0.0001877,3.903e-26,6.475e-06,0.001046,0.0007216,1.29e-07,0.07915,0.004662,0.01612,0.1249,1.543e-05,3.976e-06,0.2
    2280,    2340,0.0050339,0.006106,0.02035,1.071e-25,9.539e-06,1.835e-05,0.0001858,3.846e-26,6.35e-06,0.001037,0.0007155,1.271e-07,0.07878,0.004625,0.01605,0.1244,1.527e-05,3.898e-06,0.2
    2340,    2400,0.0049948,0.006062,0.02022,1.054e-25,9.408e-06,1.815e-05,0.0001838,3.788e-26,6.218e-06,0.001027,0.0007089,1.251e-07,0.07838,0.004586,0.01598,0.1238,1.509e-05,3.816e-06,0.2
    2400,    2460,0.0049666,0.006018,0.0201,1.037e-25,9.278e-06,1.794e-05,0.0001818,3.73e-26,6.088e-06,0.001017,0.0007024,1.231e-07,0.07798,0.004546,0.01591,0.1232,1.492e-05,3.735e-06,0.2
    2460,    2520,0.0049485,0.005977,0.01998,1.022e-25,9.156e-06,1.775e-05,0.0001799,3.677e-26,5.968e-06,0.001008,0.0006962,1.212e-07,0.0776,0.004508,0.01585,0.1226,1.476e-05,3.66e-06,0.2
    2520,    2580,0.0048957,0.005933,0.01986,1.006e-25,9.027e-06,1.754e-05,0.0001779,3.621e-26,5.841e-06,0.0009975,0.0006896,1.192e-07,0.0772,0.004468,0.01578,0.122,1.458e-05,3.582e-06,0.2
    2580,    2640,0.0048577,0.005888,0.01973,9.902e-26,8.898e-06,1.733e-05,0.0001759,3.566e-26,5.715e-06,0.0009875,0.0006829,1.172e-07,0.07678,0.004428,0.0157,0.1214,1.441e-05,3.504e-06,0.2
    2640,    2700,0.0048609,0.005846,0.01961,9.757e-26,8.777e-06,1.714e-05,0.000174,3.516e-26,5.599e-06,0.0009781,0.0006766,1.153e-07,0.07639,0.00439,0.01563,0.1208,1.424e-05,3.432e-06,0.2
    2700,    2760,0.004872,0.0058,0.01948,9.606e-26,8.649e-06,1.693e-05,0.000172,3.463e-26,5.477e-06,0.000968,0.00067,1.134e-07,0.07597,0.004349,0.01556,0.1202,1.407e-05,3.356e-06,0.2
    2760,    2820,0.0048536,0.005755,0.01935,9.457e-26,8.522e-06,1.673e-05,0.00017,3.411e-26,5.356e-06,0.0009579,0.0006633,1.115e-07,0.07554,0.004308,0.01548,0.1195,1.389e-05,3.281e-06,0.2
    2820,    2880,0.0048468,0.005712,0.01923,9.319e-26,8.402e-06,1.653e-05,0.0001681,3.363e-26,5.244e-06,0.0009484,0.0006569,1.096e-07,0.07514,0.00427,0.01541,0.1189,1.373e-05,3.212e-06,0.2
    2880,    2940,0.0047473,0.005665,0.01909,9.176e-26,8.275e-06,1.633e-05,0.0001661,3.313e-26,5.126e-06,0.0009383,0.0006502,1.077e-07,0.0747,0.004228,0.01534,0.1183,1.356e-05,3.139e-06,0.2
    2940,    3000,0.0046367,0.005619,0.01896,9.034e-26,8.149e-06,1.612e-05,0.0001641,3.264e-26,5.01e-06,0.0009281,0.0006434,1.058e-07,0.07427,0.004187,0.01526,0.1176,1.338e-05,3.068e-06,0.2
    3000,    3060,0.0046808,0.005575,0.01883,8.904e-26,8.031e-06,1.593e-05,0.0001622,3.218e-26,4.902e-06,0.0009186,0.000637,1.041e-07,0.07385,0.004148,0.01519,0.117,1.322e-05,3.001e-06,0.2
    3060,    3120,0.0047049,0.005528,0.01869,8.767e-26,7.906e-06,1.572e-05,0.0001602,3.171e-26,4.79e-06,0.0009084,0.0006302,1.022e-07,0.0734,0.004106,0.01511,0.1163,1.305e-05,2.932e-06,0.2
    3120,    3180,0.0046637,0.00548,0.01856,8.633e-26,7.781e-06,1.551e-05,0.0001582,3.124e-26,4.678e-06,0.0008981,0.0006233,1.003e-07,0.07295,0.004064,0.01503,0.1156,1.288e-05,2.864e-06,0.2
    3180,    3240,0.0046211,0.005435,0.01843,8.509e-26,7.664e-06,1.532e-05,0.0001563,3.08e-26,4.575e-06,0.0008885,0.0006169,9.861e-08,0.07252,0.004025,0.01495,0.115,1.271e-05,2.8e-06,0.2
    3240,    3300,0.0045752,0.005387,0.01829,8.379e-26,7.541e-06,1.511e-05,0.0001543,3.035e-26,4.466e-06,0.0008783,0.00061,9.678e-08,0.07205,0.003982,0.01487,0.1143,1.254e-05,2.734e-06,0.2
    3300,    3360,0.0045284,0.005339,0.01815,8.251e-26,7.418e-06,1.491e-05,0.0001522,2.99e-26,4.36e-06,0.000868,0.0006031,9.498e-08,0.07159,0.00394,0.01478,0.1136,1.237e-05,2.668e-06,0.2
    3360,    3420,0.0044889,0.005293,0.01801,8.133e-26,7.303e-06,1.472e-05,0.0001504,2.949e-26,4.261e-06,0.0008583,0.0005966,9.329e-08,0.07114,0.0039,0.0147,0.1129,1.221e-05,2.608e-06,0.2
    3420,    3480,0.0044355,0.005244,0.01787,8.009e-26,7.181e-06,1.451e-05,0.0001483,2.906e-26,4.157e-06,0.000848,0.0005897,9.151e-08,0.07067,0.003857,0.01462,0.1122,1.204e-05,2.544e-06,0.2
    3480,    3540,0.004371,0.005195,0.01772,7.887e-26,7.06e-06,1.431e-05,0.0001463,2.864e-26,4.055e-06,0.0008377,0.0005827,8.975e-08,0.07018,0.003814,0.01453,0.1114,1.187e-05,2.482e-06,0.2
    3540,    3600,0.0043238,0.005149,0.01759,7.775e-26,6.947e-06,1.412e-05,0.0001445,2.824e-26,3.961e-06,0.000828,0.0005762,8.811e-08,0.06973,0.003774,0.01445,0.1107,1.171e-05,2.424e-06,0.2
    3600,    3660,0.004252,0.005099,0.01744,7.657e-26,6.827e-06,1.391e-05,0.0001424,2.783e-26,3.862e-06,0.0008176,0.0005692,8.638e-08,0.06923,0.003731,0.01437,0.11,1.153e-05,2.364e-06,0.2
    3660,    3720,0.0041718,0.005049,0.01729,7.542e-26,6.708e-06,1.371e-05,0.0001405,2.742e-26,3.765e-06,0.0008073,0.0005622,8.467e-08,0.06874,0.003688,0.01427,0.1092,1.137e-05,2.305e-06,0.2
    3720,    3780,0.004098,0.005001,0.01715,7.434e-26,6.597e-06,1.352e-05,0.0001386,2.705e-26,3.675e-06,0.0007975,0.0005555,8.308e-08,0.06826,0.003646,0.01419,0.1085,1.121e-05,2.25e-06,0.2
    3780,    3840,0.004027,0.004951,0.017,7.322e-26,6.479e-06,1.331e-05,0.0001366,2.665e-26,3.58e-06,0.0007873,0.0005487,8.14e-08,0.06776,0.003604,0.0141,0.1078,1.104e-05,2.192e-06,0.2
    3840,    3900,0.003964,0.0049,0.01685,7.212e-26,6.357e-06,1.311e-05,0.0001346,2.627e-26,3.487e-06,0.0007767,0.0005415,7.971e-08,0.06724,0.003559,0.01401,0.107,1.087e-05,2.136e-06,0.2
    3900,    3960,0.0039263,0.004851,0.0167,7.109e-26,6.251e-06,1.292e-05,0.0001327,2.591e-26,3.401e-06,0.0007669,0.0005348,7.816e-08,0.06675,0.003518,0.01392,0.1062,1.071e-05,2.083e-06,0.2
    3960,    4020,0.0038832,0.004799,0.01655,7.002e-26,6.135e-06,1.272e-05,0.0001307,2.553e-26,3.312e-06,0.0007565,0.0005277,7.655e-08,0.06622,0.003473,0.01382,0.1054,1.054e-05,2.029e-06,0.2
    4020,    4080,0.0038511,0.004745,0.01639,6.897e-26,6.025e-06,1.252e-05,0.0001287,2.516e-26,3.227e-06,0.0007457,0.0005203,7.498e-08,0.0657,0.003426,0.01373,0.1046,1.037e-05,1.977e-06,0.2
    4080,    4140,0.0038143,0.004697,0.01625,6.799e-26,5.919e-06,1.232e-05,0.0001267,2.482e-26,3.143e-06,0.0007355,0.0005133,7.346e-08,0.0652,0.003386,0.01364,0.1039,1.021e-05,1.927e-06,0.2
    4140,    4200,0.0037615,0.004647,0.01609,6.697e-26,5.8e-06,1.214e-05,0.0001249,2.446e-26,3.057e-06,0.0007262,0.0005071,7.185e-08,0.06466,0.003345,0.01354,0.1031,1.005e-05,1.875e-06,0.2
    4200,    4260,0.0037006,0.004594,0.01593,6.596e-26,5.694e-06,1.194e-05,0.000123,2.41e-26,2.975e-06,0.0007158,0.0005,7.035e-08,0.06411,0.0033,0.01344,0.1022,9.892e-06,1.825e-06,0.2
    4260,    4320,0.0035787,0.004544,0.01578,6.502e-26,5.588e-06,1.175e-05,0.0001211,2.377e-26,2.897e-06,0.000706,0.0004933,6.888e-08,0.06359,0.003258,0.01334,0.1014,9.737e-06,1.778e-06,0.2
    4320,    4380,0.0034302,0.004491,0.01562,6.404e-26,5.476e-06,1.156e-05,0.0001192,2.343e-26,2.817e-06,0.0006956,0.0004862,6.735e-08,0.06303,0.003214,0.01324,0.1006,9.573e-06,1.729e-06,0.2
    4380,    4440,0.0031441,0.004437,0.01545,6.307e-26,5.367e-06,1.136e-05,0.0001172,2.309e-26,2.738e-06,0.0006852,0.0004791,6.586e-08,0.06247,0.003169,0.01314,0.09972,9.411e-06,1.682e-06,0.2
    4440,    4500,0.0025113,0.004386,0.0153,6.217e-26,5.266e-06,1.118e-05,0.0001154,2.277e-26,2.665e-06,0.0006755,0.0004724,6.446e-08,0.06194,0.003127,0.01304,0.0989,9.258e-06,1.638e-06,0.2
    4500,    4560,0.002198,0.004332,0.01513,6.124e-26,5.159e-06,1.098e-05,0.0001135,2.244e-26,2.59e-06,0.0006652,0.0004653,6.3e-08,0.06136,0.003082,0.01294,0.09803,9.098e-06,1.593e-06,0.2
    4560,    4620,0.0021582,0.004278,0.01496,6.031e-26,5.052e-06,1.079e-05,0.0001115,2.211e-26,2.515e-06,0.0006548,0.0004582,6.155e-08,0.06078,0.003038,0.01283,0.09713,8.937e-06,1.547e-06,0.2
    4620,    4680,0.0021353,0.004227,0.01481,5.945e-26,4.953e-06,1.061e-05,0.0001097,2.181e-26,2.446e-06,0.0006451,0.0004516,6.02e-08,0.06023,0.002995,0.01273,0.09629,8.787e-06,1.506e-06,0.2
    4680,    4740,0.0021172,0.004172,0.01464,5.856e-26,4.848e-06,1.042e-05,0.0001078,2.149e-26,2.374e-06,0.0006348,0.0004445,5.879e-08,0.05964,0.00295,0.01262,0.09539,8.628e-06,1.463e-06,0.2
    4740,    4800,0.0020997,0.004117,0.01447,5.767e-26,4.744e-06,1.023e-05,0.0001059,2.118e-26,2.304e-06,0.0006246,0.0004374,5.74e-08,0.05904,0.002906,0.01251,0.09447,8.471e-06,1.421e-06,0.2
    4800,    4860,0.0021051,0.004065,0.0143,5.685e-26,4.648e-06,1.005e-05,0.0001041,2.089e-26,2.24e-06,0.0006149,0.0004308,5.61e-08,0.05847,0.002863,0.0124,0.0936,8.323e-06,1.382e-06,0.2
    4860,    4920,0.0022953,0.00401,0.01413,5.598e-26,4.547e-06,9.862e-06,0.0001023,2.058e-26,2.173e-06,0.0006047,0.0004237,5.476e-08,0.05786,0.002818,0.01229,0.09266,8.167e-06,1.342e-06,0.2
    4920,    4980,0.0026418,0.003954,0.01396,5.513e-26,4.446e-06,9.675e-06,0.0001004,2.028e-26,2.107e-06,0.0005945,0.0004166,5.343e-08,0.05724,0.002773,0.01217,0.09172,8.012e-06,1.303e-06,0.2
    4980,    5040,0.0028706,0.003901,0.01379,5.434e-26,4.353e-06,9.501e-06,9.863e-05,2e-26,2.046e-06,0.0005849,0.00041,5.219e-08,0.05665,0.002731,0.01207,0.09082,7.867e-06,1.266e-06,0.2
