CampaignData_and_Merges/R0/CSL_MobileLab_Parked/raw/20240716/USOS-NOy-LIF_MobileLabGround_20240716_R0.ict
39,1001
Rollins, A.; Waxman, E.; Zuraski, K.; Chace, W.
NOAA Chemical Sciences Laboratory
LIF NO/NOx/NOy on CSL Mobile Lab
AMMBEC / USOS
1, 1
2024,07,16, 2025,01,03
1
Time_Start, seconds, number_of_seconds_since_0000_UTC
7
1, 1, 1, 1, 1, 1, 1
-9999, -9999, -9999, -9999, -9999, -9999, -9999
Time_Stop, seconds, number_of_seconds_since_0000_UTC
NO_LIF, pptv, Gas_NO_InSitu_S_AVMR, volume mixing ratio of nitric oxide in air
NO2_LIF, pptv, Gas_NO2_InSitu_S_AVMR, volume mixing ratio of nitrogen dioxide in air
NOy_LIF, pptv, Gas_NOy_InSitu_S_AVMR, volume mixing ratio of total oxidized nitrogen in air
NO_LIF_1SigmaAccuracy, pptv, Gas_NO_InSitu_S_AVMR, volume mixing ratio of nitric oxide in air
NO2_LIF_1SigmaAccuracy, pptv, Gas_NO2_InSitu_S_AVMR, volume mixing ratio of nitrogen dioxide in air
NOy_LIF_1SigmaAccuracy, pptv, Gas_NOy_InSitu_S_AVMR, volume mixing ratio of total oxidized nitrogen in air
0
18
PI_CONTACT_INFO: andrew.rollins@noaa.gov
PLATFORM: CSL Mobile Lab
LOCATION: Salt Lake City, UT
ASSOCIATED_DATA:
INSTRUMENT_INFO: NO detection by laser induced fluorescence. NO2 detection by photolytic conversion to NO. NOy detection by catalytic conversion to NO on gold surface
DATA_INFO:
UNCERTAINTY: Included 1 Sigma Accuracy waves represent the combined calibration uncertainties (±6%, ±9%, ±10%) and zero uncertainties (3 ppt, 20 ppt, 100 ppt) for NO, NO2, and NOy, respectively.
ULOD_FLAG: -7777
ULOD_VALUE: N/A
LLOD_FLAG: -8888
LLOD_VALUE: N/A
DM_CONTACT_INFO: andrew.rollins@noaa.gov
PROJECT_INFO: USOS Project, July - August 2024
STIPULATIONS_ON_USE: Users are strongly encouraged to contact the PI for proper data usage.
OTHER_COMMENTS:
REVISION: R0
R0: final data
Time_Start, Time_Stop, NO_LIF, NO2_LIF, NOy_LIF, NO_LIF_1SigmaAccuracy, NO2_LIF_1SigmaAccuracy, NOy_LIF_1SigmaAccuracy
[from data line 530]
   31800,   31860,11.112,601.9,1260.7,3.6667, 74.171, 226.07
   31860,   31920,27.131,816.16,1386.2,4.6279, 93.455, 238.62
   31920,   31980,65.134,1378.2,2083.2,6.908, 144.04, 308.32
   31980,   32040,36.396,766.65,1769.2,5.1838, 88.998, 276.92
   32040,   32100,35.232,662.27,1459.2,5.1139, 79.605, 245.92
   32100,   32160,47.541,672.86,1499.6,5.8525, 80.557, 249.96
   32160,   32220,-9999,-9999,1386.3,-9999, -9999, 238.63
   32220,   32280,-9999,-9999,1249.9,-9999, -9999, 224.99
   32280,   32340,-9999,-9999,1333.1,-9999, -9999, 233.31
   32340,   32400,-9999,-9999,1376.1,-9999, -9999, 237.61
   32400,   32460,-9999,-9999,1419.9,-9999, -9999, 241.99
   32460,   32520,-9999,-9999,-9999,-9999, -9999, -9999
   32520,   32580,-9999,-9999,-9999,-9999, -9999, -9999
   32580,   32640,301.8,1417,2252.3,21.108, 147.53, 325.23
   32640,   32700,20.55,599.83,1641.5,4.233, 73.985, 264.15
   32700,   32760,16.462,608.89,1471,3.9877, 74.8, 247.1
   32760,   32820,10.143,651.15,1412.1,3.6086, 78.604, 241.21
   32820,   32880,18.886,748.35,1588.5,4.1332, 87.352, 258.85
   32880,   32940,22.838,776.27,1643.1,4.3703, 89.864, 264.31
   32940,   33000,19.026,771.26,1586.4,4.1416, 89.414, 258.64
   33000,   33060,7.2934,758.82,1512.6,3.4376, 88.293, 251.26
   33060,   33120,8.006,813.23,1559.7,3.4804, 93.191, 255.97
   33120,   33180,10.89,781.52,1610.5,3.6534, 90.337, 261.05
   33180,   33240,19.894,787.86,1743.4,4.1936, 90.907, 274.34
   33240,   33300,11.209,769.69,1483.8,3.6726, 89.272, 248.38
   33300,   33360,18.708,948.99,1914,4.1225, 105.41, 291.4
   33360,   33420,22.138,824.55,1713.4,4.3283, 94.21, 271.34
   33420,   33480,8.9021,721.83,1534.1,3.5341, 84.964, 253.41
   33480,   33540,64.98,876.25,1639.4,6.8988, 98.862, 263.94
   33540,   33600,78.451,1273.8,2304.6,7.707, 134.64, 330.46
   33600,   33660,26.497,869.42,1536.5,4.5898, 98.248, 253.65
   33660,   33720,12.855,938.06,1720.5,3.7713, 104.43, 272.05
   33720,   33780,19.948,883.72,1660.7,4.1969, 99.535, 266.07
   33780,   33840,20.267,889.85,1609.3,4.216, 100.09, 260.93
   33840,   33900,10.49,915.52,1728.1,3.6294, 102.4, 272.81
   33900,   33960,510.84,1514.5,1879.6,33.651, 156.3, 287.96
   33960,   34020,1180.7,4086.3,6830.6,73.84, 387.76, 783.06
   34020,   34080,105.27,1669.6,2838.6,9.3159, 170.26, 383.86
   34080,   34140,13.152,1033.3,2129.6,3.7891, 113, 312.96
   34140,   34200,9.3324,1059.1,1943.6,3.5599, 115.32, 294.36
   34200,   34260,37.305,1301.7,2362,5.2383, 137.15, 336.2
   34260,   34320,19.599,1293.3,2407.6,4.176, 136.4, 340.76
   34320,   34380,14.05,1500.6,2336,3.843, 155.05, 333.6
   34380,   34440,4.67,1577.7,2440.1,3.2802, 161.99, 344.01
   34440,   34500,4.572,1590.8,2474,3.2743, 163.17, 347.4
   34500,   34560,9.4917,1679.2,2673.4,3.5695, 171.12, 367.34
   34560,   34620,8.4913,1981,3065.4,3.5095, 198.29, 406.54
   34620,   34680,11.543,1367.4,2877.4,3.6926, 143.06, 387.74
   34680,   34740,14.319,1351.7,2482.5,3.8592, 141.65, 348.25
   34740,   34800,-9999,-9999,2411,-9999, -9999, 341.1
   34800,   34860,-9999,-9999,2106.3,-9999, -9999, 310.63
   34860,   34920,-9999,-9999,2599,-9999, -9999, 359.9
   34920,   34980,-9999,-9999,3012.1,-9999, -9999, 401.21
   34980,   35040,-9999,-9999,3316.5,-9999, -9999, 431.65
   35040,   35100,-9999,-9999,-9999,-9999, -9999, -9999
   35100,   35160,-9999,-9999,-9999,-9999, -9999, -9999
   35160,   35220,9.2035,2317.2,3670.8,3.5522, 228.54, 467.08
   35220,   35280,11.955,2704.6,3878.6,3.7173, 263.41, 487.86
   35280,   35340,200.98,4183.4,5742.4,15.059, 396.5, 674.24
   35340,   35400,18.619,3346.2,5109,4.1172, 321.16, 610.9
   35400,   35460,491.2,4915.8,6520,32.472, 462.42, 752
   35460,   35520,11.107,3318,5974.9,3.6664, 318.62, 697.49
   35520,   35580,26.86,2053.8,4205.5,4.6116, 204.85, 520.55
   35580,   35640,44.325,1626.1,2693,5.6595, 166.35, 369.3
   35640,   35700,17.219,1139.8,2250.5,4.0331, 122.58, 325.05
   35700,   35760,20.311,1040.1,1820.1,4.2187, 113.61, 282.01
   35760,   35820,12.103,909.33,1818.8,3.7262, 101.84, 281.88
   35820,   35880,25.127,1003.7,1696.8,4.5076, 110.33, 269.68
   35880,   35940,23.768,2505.7,3394.2,4.4261, 245.52, 439.42
   35940,   36000,10.96,2785.7,4312.4,3.6576, 270.71, 531.24
   36000,   36060,34.713,2480.9,3684.8,5.0828, 243.28, 468.48
   36060,   36120,12.069,3342.1,4789.9,3.7242, 320.79, 578.99
   36120,   36180,20.079,2783.1,4614.4,4.2047, 270.48, 561.44
   36180,   36240,17.23,1637.2,3836.1,4.0338, 167.35, 483.61
   36240,   36300,6.173,1143.1,2255,3.3704, 122.88, 325.5
   36300,   36360,16.671,1411.3,2642.2,4.0002, 147.02, 364.22
   36360,   36420,16.422,1586.3,2390.9,3.9853, 162.77, 339.09
   36420,   36480,16.654,2299.6,4168.7,3.9992, 226.96, 516.87
   36480,   36540,15.894,1547,3457.6,3.9536, 159.23, 445.76
   36540,   36600,38.86,939.53,1726.4,5.3316, 104.56, 272.64
   36600,   36660,21.637,832.42,1651.1,4.2982, 94.918, 265.11
   36660,   36720,11.303,868.5,1653.3,3.6782, 98.165, 265.33
   36720,   36780,6.3767,765.85,1556.2,3.3826, 88.926, 255.62
   36780,   36840,7.4313,637.61,1413.3,3.4459, 77.385, 241.33
   36840,   36900,7.8945,613.81,1286.7,3.4737, 75.243, 228.67
   36900,   36960,16.898,637.93,1298,4.0139, 77.414, 229.8
   36960,   37020,18.491,668.7,1418,4.1094, 80.183, 241.8
   37020,   37080,12.992,718.07,1468.2,3.7795, 84.626, 246.82
   37080,   37140,11.11,688.27,1517,3.6666, 81.944, 251.7
   37140,   37200,9.5697,642.02,1344.9,3.5742, 77.782, 234.49
   37200,   37260,26.183,744.35,1519.4,4.571, 86.992, 251.94
   37260,   37320,10.133,735.84,1551.1,3.608, 86.226, 255.11
   37320,   37380,-9999,-9999,1767.3,-9999, -9999, 276.73
   37380,   37440,-9999,-9999,1793.5,-9999, -9999, 279.35
   37440,   37500,-9999,-9999,1659.8,-9999, -9999, 265.98
   37500,   37560,-9999,-9999,1813.1,-9999, -9999, 281.31
   37560,   37620,-9999,-9999,1692.5,-9999, -9999, 269.25
   37620,   37680,-9999,-9999,-9999,-9999, -9999, -9999
   37680,   37740,-9999,-9999,-9999,-9999, -9999, -9999
   37740,   37800,5.1448,1103.3,2397.5,3.3087, 119.3, 339.75
   37800,   37860,13.75,1137.6,2736.3,3.825, 122.38, 373.63
   37860,   37920,29.013,1423.4,3372.6,4.7408, 148.11, 437.26
   37920,   37980,6.5834,1769.7,2799.8,3.395, 179.28, 379.98
   37980,   38040,6.2919,1645.7,2759.9,3.3775, 168.11, 375.99
   38040,   38100,4.7567,1525.2,3068.6,3.2854, 157.27, 406.86
   38100,   38160,5.273,1417.1,2859.9,3.3164, 147.54, 385.99
   38160,   38220,13.109,1965.6,3127.1,3.7865, 196.9, 412.71
   38220,   38280,6.2673,1629.2,2935.9,3.376, 166.63, 393.59
   38280,   38340,9.9136,1799.6,3039.1,3.5948, 181.96, 403.91
   38340,   38400,10.809,1789,3158.4,3.6486, 181.01, 415.84
   38400,   38460,11.155,1653.1,3201.8,3.6693, 168.78, 420.18
   38460,   38520,40.951,2041.2,3572.8,5.4571, 203.71, 457.28
   38520,   38580,22.891,2157.7,4298.5,4.3735, 214.19, 529.85
   38580,   38640,117.59,2594.1,4234.1,10.056, 253.47, 523.41
   38640,   38700,71.035,2870.1,4032.4,7.2621, 278.31, 503.24
   38700,   38760,47.946,2139.3,3995.7,5.8768, 212.54, 499.57
   38760,   38820,136.83,3642,4810,11.21, 347.78, 581
   38820,   38880,890.63,7793.3,14092,56.438, 721.4, 1509.2
   38880,   38940,652.09,9236.6,10632,42.125, 851.29, 1163.2
   38940,   39000,33.831,3802.6,5072,5.0299, 362.23, 607.2
   39000,   39060,35.636,4373.4,5731.4,5.1382, 413.61, 673.14
   39060,   39120,40.375,3957.9,6071.6,5.4225, 376.21, 707.16
   39120,   39180,14.443,3279.1,5424.3,3.8666, 315.12, 642.43
   39180,   39240,14.3,3671.1,5504.6,3.858, 350.39, 650.46
   39240,   39300,247.2,8115.5,16137,17.832, 750.4, 1713.7
   39300,   39360,540.38,17933,21240,35.423, 1633.9, 2224
   39360,   39420,257.64,15949,19519,18.458, 1455.5, 2051.9
   39420,   39480,55.701,6950.1,11868,6.3421, 645.51, 1286.8
   39480,   39540,13.762,4544,9567.2,3.8257, 428.96, 1056.7
   39540,   39600,8.4293,3737.3,7649.7,3.5058, 356.35, 864.97
   39600,   39660,8.9512,2964.8,5036.8,3.5371, 286.83, 603.68
   39660,   39720,7.5258,2417.7,4596.6,3.4515, 237.59, 559.66
   39720,   39780,18.729,2120,4075.2,4.1238, 210.8, 507.52
   39780,   39840,10.903,2177.1,3617.3,3.6542, 215.93, 461.73
   39840,   39900,4.0738,2202.2,3367.9,3.2444, 218.2, 436.79
   39900,   39960,-9999,-9999,3446.4,-9999, -9999, 444.64
   39960,   40020,-9999,-9999,4051.6,-9999, -9999, 505.16
   40020,   40080,-9999,-9999,4399.7,-9999, -9999, 539.97
   40080,   40140,-9999,-9999,5210,-9999, -9999, 621
   40140,   40200,-9999,-9999,5511.5,-9999, -9999, 651.15
   40200,   40260,-9999,-9999,-9999,-9999, -9999, -9999
   40260,   40320,-9999,-9999,-9999,-9999, -9999, -9999
   40320,   40380,13.88,3175.8,4560.8,3.8328, 305.82, 556.08
   40380,   40440,16.818,3110.3,4489.8,4.0091, 299.93, 548.98
   40440,   40500,16.304,3133.7,4449.6,3.9783, 302.03, 544.96
   40500,   40560,17.692,3043.1,4321.1,4.0615, 293.88, 532.11
   40560,   40620,15.312,3070.6,4530.1,3.9187, 296.36, 553.01
   40620,   40680,12.799,3084.2,4502.1,3.768, 297.57, 550.21
   40680,   40740,9.1095,2902.7,4187.6,3.5466, 281.24, 518.76
   40740,   40800,13.618,2940.9,4295.6,3.8171, 284.68, 529.56
   40800,   40860,15.821,3170.4,4313.1,3.9493, 305.34, 531.31
   40860,   40920,21.562,3723.4,4746,4.2937, 355.1, 574.6
   40920,   40980,23.123,3701.9,4746.9,4.3874, 353.17, 574.69
   40980,   41040,27.691,4631.7,5402.3,4.6615, 436.85, 640.23
   41040,   41100,15.203,4945.4,5754.6,3.9122, 465.09, 675.46
   41100,   41160,8.2061,4636.3,5976.8,3.4924, 437.27, 697.68
   41160,   41220,6.5271,4085.4,6189.6,3.3916, 387.69, 718.96
   41220,   41280,7.1355,3952.9,5868.5,3.4281, 375.76, 686.85
   41280,   41340,7.9162,3524.7,5069.4,3.475, 337.22, 606.94
   41340,   41400,9.3556,3596.1,4905.7,3.5613, 343.65, 590.57
   41400,   41460,8.3481,3625,5092.6,3.5009, 346.25, 609.26
   41460,   41520,5.8067,3425.3,4823.1,3.3484, 328.28, 582.31
   41520,   41580,14.169,3517.3,4820.6,3.8501, 336.56, 582.06
   41580,   41640,25.65,4019.1,4765.8,4.539, 381.72, 576.58
   41640,   41700,19.081,4030.3,5270.5,4.1449, 382.73, 627.05
   41700,   41760,78.769,3379,5006.9,7.7262, 324.11, 600.69
   41760,   41820,147.72,4677.1,6274.5,11.863, 440.94, 727.45
   41820,   41880,46.053,4618.1,5820.4,5.7632, 435.63, 682.04
   41880,   41940,32.082,3770.8,5800.6,4.9249, 359.37, 680.06
   41940,   42000,23.239,4184.7,5588.1,4.3943, 396.62, 658.81
   42000,   42060,26.092,4878.5,6198.9,4.5655, 459.06, 719.89
   42060,   42120,39.824,6227,6591.5,5.3895, 580.43, 759.15
   42120,   42180,21.584,6480.8,7319.6,4.2951, 603.27, 831.96
   42180,   42240,16.287,6914.5,8136.7,3.9772, 642.3, 913.67
   42240,   42300,11.261,5977.8,8807.5,3.6757, 558, 980.75
   42300,   42360,98.218,6216.1,9155.2,8.8931, 579.45, 1015.5
   42360,   42420,2152.1,9530.5,9342.3,132.13, 877.74, 1034.2
   42420,   42480,1540.5,9979.5,14452,95.43, 918.15, 1545.2
   42480,   42540,-9999,-9999,18064,-9999, -9999, 1906.4
   42540,   42600,-9999,-9999,10892,-9999, -9999, 1189.2
   42600,   42660,-9999,-9999,9139.1,-9999, -9999, 1013.9
   42660,   42720,-9999,-9999,9317.5,-9999, -9999, 1031.7
   42720,   42780,-9999,-9999,9533,-9999, -9999, 1053.3
   42780,   42840,-9999,-9999,-9999,-9999, -9999, -9999
   42840,   42900,-9999,-9999,-9999,-9999, -9999, -9999
   42900,   42960,110.01,3756.4,6433.8,9.6007, 358.07, 743.38
   42960,   43020,95.417,4300.1,5897.2,8.725, 407.01, 689.72
   43020,   43080,143.23,4116.1,6065,11.594, 390.45, 706.5
   43080,   43140,48.541,3831,5939,5.9124, 364.79, 693.9
   43140,   43200,52.532,4039.9,6138.3,6.1519, 383.59, 713.83
   43200,   43260,49.43,4797.6,6469.6,5.9658, 451.79, 746.96
   43260,   43320,191.33,5931.7,6771.1,14.48, 553.85, 777.11
   43320,   43380,69.742,3743.1,6194.8,7.1845, 356.88, 719.48
   43380,   43440,126.18,4474.9,6475,10.571, 422.74, 747.5
   43440,   43500,166.26,4766.5,6771.9,12.976, 448.99, 777.19
   43500,   43560,738.4,5356.2,7486.2,47.304, 502.06, 848.62
   43560,   43620,422.72,5676.4,7809.1,28.363, 530.87, 880.91
   43620,   43680,77.215,3966.2,6494.5,7.6329, 376.96, 749.45
   43680,   43740,46.761,3711.1,5878.7,5.8056, 354, 687.87
   43740,   43800,35.069,3720.5,5564,5.1041, 354.85, 656.4
   43800,   43860,51.301,3803,5510.8,6.078, 362.27, 651.08
   43860,   43920,46.814,3711.3,5375.4,5.8089, 354.02, 637.54
   43920,   43980,42.575,3946.3,5648.1,5.5545, 375.17, 664.81
   43980,   44040,147.15,4807.7,5735.2,11.829, 452.69, 673.52
   44040,   44100,86.585,4127,6319,8.1951, 391.43, 731.9
   44100,   44160,165.29,3997.2,5827.1,12.918, 379.74, 682.71
   44160,   44220,157.84,4917.4,6755.3,12.47, 462.57, 775.53
   44220,   44280,417.17,7286.9,12234,28.03, 675.82, 1323.4
   44280,   44340,160.11,6540.9,10451,12.606, 608.68, 1145.1
   44340,   44400,98.834,4976.5,6943.5,8.93, 467.88, 794.35
   44400,   44460,61.104,3851.1,5509.7,6.6662, 366.6, 650.97
   44460,   44520,49.184,3649.2,5299,5.951, 348.43, 629.9
   44520,   44580,43.056,3439.3,4937.8,5.5834, 329.54, 593.78
   44580,   44640,39.415,3430.2,4821.1,5.3649, 328.71, 582.11
   44640,   44700,76.43,4296.8,5807.6,7.5858, 406.71, 680.76
   44700,   44760,397.65,4427.9,7015.1,26.859, 418.51, 801.51
   44760,   44820,727.75,5852.3,9163.5,46.665, 546.71, 1016.3
   44820,   44880,208.98,3691.8,8184.4,15.539, 352.26, 918.44
   44880,   44940,744.36,7273.9,9797.2,47.662, 674.65, 1079.7
   44940,   45000,247.5,5316.2,8349.2,17.85, 498.46, 934.92
   45000,   45060,-9999,-9999,7141.9,-9999, -9999, 814.19
   45060,   45120,-9999,-9999,7550.7,-9999, -9999, 855.07
   45120,   45180,-9999,-9999,7427.1,-9999, -9999, 842.71
   45180,   45240,-9999,-9999,8404.5,-9999, -9999, 940.45
   45240,   45300,-9999,-9999,10647,-9999, -9999, 1164.7
   45300,   45360,-9999,-9999,9016.6,-9999, -9999, 1001.7
   45360,   45420,-9999,-9999,-9999,-9999, -9999, -9999
   45420,   45480,-9999,-9999,-9999,-9999, -9999, -9999
   45480,   45540,348.35,4254.2,6335.3,23.901, 402.88, 733.53
   45540,   45600,706.24,5410.9,10769,45.374, 506.98, 1176.9
   45600,   45660,423.04,5252.3,7612.9,28.382, 492.71, 861.29
   45660,   45720,646.95,5987.9,10896,41.817, 558.91, 1189.6
   45720,   45780,609.7,6809.2,8935.5,39.582, 632.83, 993.55
   45780,   45840,1379.2,9440.7,11201,85.754, 869.67, 1220.1
   45840,   45900,874.32,7103.7,12523,55.459, 659.33, 1352.3
   45900,   45960,3332.3,12347,14729,202.94, 1131.3, 1572.9
   45960,   46020,1366.3,11315,17378,84.977, 1038.4, 1837.8
   46020,   46080,1545.1,13310,17326,95.704, 1217.9, 1832.6
   46080,   46140,3249.6,16622,26061,197.97, 1516, 2706.1
   46140,   46200,1467.4,14399,18448,91.043, 1315.9, 1944.8
   46200,   46260,982.09,12730,17857,61.926, 1165.7, 1885.7
   46260,   46320,2049.2,14430,19496,125.95, 1318.7, 2049.6
   46320,   46380,2282.5,15368,23230,139.95, 1403.1, 2423
   46380,   46440,1577.7,14308,22107,97.661, 1307.7, 2310.7
   46440,   46500,1293.8,14849,20719,80.63, 1356.4, 2171.9
   46500,   46560,938.94,12813,19922,59.337, 1173.2, 2092.2
   46560,   46620,896.17,11423,17027,56.77, 1048.1, 1802.7
   46620,   46680,973.16,11827,15515,61.389, 1084.5, 1651.5
   46680,   46740,1420.8,13533,16734,88.25, 1238, 1773.4
   46740,   46800,2569,15642,22611,157.14, 1427.8, 2361.1
   46800,   46860,1266,14212,20049,78.957, 1299.1, 2104.9
   46860,   46920,1771.4,14872,21598,109.29, 1358.5, 2259.8
   46920,   46980,1686,15587,22038,104.16, 1422.8, 2303.8
   46980,   47040,994.11,12041,17852,62.646, 1103.7, 1885.2
   47040,   47100,1043.3,11975,18920,65.596, 1097.8, 1992
   47100,   47160,999.9,11691,18108,62.994, 1072.2, 1910.8
   47160,   47220,897.19,10629,16941,56.831, 976.61, 1794.1
   47220,   47280,743,8262.1,14401,47.58, 763.59, 1540.1
   47280,   47340,1418.8,10710,14559,88.13, 983.88, 1555.9
   47340,   47400,2381.8,12920,18512,145.91, 1182.8, 1951.2
   47400,   47460,762.91,8012.3,16186,48.775, 741.1, 1718.6
   47460,   47520,3151.8,11836,16349,192.11, 1085.3, 1734.9
   47520,   47580,3693.6,13928,21742,224.61, 1273.5, 2274.2
   47580,   47640,-9999,-9999,17134,-9999, -9999, 1813.4
   47640,   47700,-9999,-9999,15695,-9999, -9999, 1669.5
