CampaignData_and_Merges/R0/CSL_MobileLab_Parked/raw/20240716/USOS-NOy-LIF_MobileLabGround_20240716_R0.ict
39,1001
Rollins, A.; Waxman, E.; Zuraski, K.; Chace, W.
NOAA Chemical Sciences Laboratory
LIF NO/NOx/NOy on CSL Mobile Lab
AMMBEC / USOS
1, 1
2024,07,16, 2025,01,03
1
Time_Start, seconds, number_of_seconds_since_0000_UTC
7
1, 1, 1, 1, 1, 1, 1
-9999, -9999, -9999, -9999, -9999, -9999, -9999
Time_Stop, seconds, number_of_seconds_since_0000_UTC
NO_LIF, pptv, Gas_NO_InSitu_S_AVMR, volume mixing ratio of nitric oxide in air
NO2_LIF, pptv, Gas_NO2_InSitu_S_AVMR, volume mixing ratio of nitrogen dioxide in air
NOy_LIF, pptv, Gas_NOy_InSitu_S_AVMR, volume mixing ratio of total oxidized nitrogen in air
NO_LIF_1SigmaAccuracy, pptv, Gas_NO_InSitu_S_AVMR, volume mixing ratio of nitric oxide in air
NO2_LIF_1SigmaAccuracy, pptv, Gas_NO2_InSitu_S_AVMR, volume mixing ratio of nitrogen dioxide in air
NOy_LIF_1SigmaAccuracy, pptv, Gas_NOy_InSitu_S_AVMR, volume mixing ratio of total oxidized nitrogen in air
0
18
PI_CONTACT_INFO: andrew.rollins@noaa.gov
PLATFORM: CSL Mobile Lab
LOCATION: Salt Lake City, UT
ASSOCIATED_DATA:
INSTRUMENT_INFO: NO detection by laser induced fluorescence. NO2 detection by photolytic conversion to NO. NOy detection by catalytic conversion to NO on gold surface
DATA_INFO:
UNCERTAINTY: Included 1 Sigma Accuracy waves represent the combined calibration uncertainties (±6%, ±9%, ±10%) and zero uncertainties (3 ppt, 20 ppt, 100 ppt) for NO, NO2, and NOy, respectively.
ULOD_FLAG: -7777
ULOD_VALUE: N/A
LLOD_FLAG: -8888
LLOD_VALUE: N/A
DM_CONTACT_INFO: andrew.rollins@noaa.gov
PROJECT_INFO: USOS Project, July - August 2024
STIPULATIONS_ON_USE: Users are strongly encouraged to contact the PI for proper data usage.
OTHER_COMMENTS:
REVISION: R0
R0: final data
Time_Start, Time_Stop, NO_LIF, NO2_LIF, NOy_LIF, NO_LIF_1SigmaAccuracy, NO2_LIF_1SigmaAccuracy, NOy_LIF_1SigmaAccuracy
[from data line 1064]
   63840,   63900,544.89,2661,5985.5,35.693, 259.49, 698.55
   63900,   63960,709.56,3354.8,6719.4,45.573, 321.94, 771.94
   63960,   64020,517.18,3127.3,7178.9,34.031, 301.46, 817.89
   64020,   64080,587.98,3429.4,6997.5,38.279, 328.65, 799.75
   64080,   64140,644.74,3835.4,6910.4,41.684, 365.19, 791.04
   64140,   64200,437.6,2647.6,6029.2,29.256, 258.28, 702.92
   64200,   64260,458.71,2378.3,5818.5,30.523, 234.05, 681.85
   64260,   64320,946.69,3978.4,7713.5,59.802, 378.06, 871.35
   64320,   64380,509.64,2937.4,6836.8,33.579, 284.36, 783.68
   64380,   64440,522.28,2796.9,6489.7,34.337, 271.72, 748.97
   64440,   64500,452.97,2434.1,6294.4,30.178, 239.07, 729.44
   64500,   64560,500.71,3010.5,7386.9,33.043, 290.94, 838.69
   64560,   64620,508.26,2948.2,7075.7,33.496, 285.34, 807.57
   64620,   64680,610.59,3356.8,7850.6,39.635, 322.12, 885.06
   64680,   64740,578.98,3628.4,7958.2,37.739, 346.55, 895.82
   64740,   64800,543.82,3342.6,7459.5,35.629, 320.84, 845.95
   64800,   64860,441.81,2492.2,6520.3,29.509, 244.3, 752.03
   64860,   64920,471.63,2522.9,6502.6,31.298, 247.06, 750.26
   64920,   64980,415.17,2331.4,6244.6,27.91, 229.83, 724.46
   64980,   65040,389.68,2323.1,6221.9,26.381, 229.08, 722.19
   65040,   65100,373.18,2419.9,6375.4,25.391, 237.79, 737.54
   65100,   65160,370.77,2409.3,6234.4,25.246, 236.84, 723.44
   65160,   65220,410.71,2546.1,6513.5,27.643, 249.14, 751.35
   65220,   65280,547.61,3010.7,7594.7,35.857, 290.96, 859.47
   65280,   65340,546.21,3001.5,7700.8,35.772, 290.14, 870.08
   65340,   65400,545.85,3179.8,8059.8,35.751, 306.18, 905.98
   65400,   65460,602.57,3326.9,8207.4,39.154, 319.42, 920.74
   65460,   65520,700.5,3502.3,8556.9,45.03, 335.21, 955.69
   65520,   65580,491.88,3057.9,7705.7,32.513, 295.21, 870.57
   65580,   65640,537.02,3089.1,7791.2,35.221, 298.02, 879.12
   65640,   65700,-9999,-9999,8369.2,-9999, -9999, 936.92
   65700,   65760,-9999,-9999,16309,-9999, -9999, 1730.9
   65760,   65820,-9999,-9999,11762,-9999, -9999, 1276.2
   65820,   65880,-9999,-9999,9509.4,-9999, -9999, 1050.9
   65880,   65940,-9999,-9999,8467.1,-9999, -9999, 946.71
   65940,   66000,-9999,-9999,-9999,-9999, -9999, -9999
   66000,   66060,-9999,-9999,-9999,-9999, -9999, -9999
   66060,   66120,553.13,3050,8090.9,36.188, 294.5, 909.09
   66120,   66180,721.13,3613.7,8626.9,46.268, 345.23, 962.69
   66180,   66240,588.48,3275.8,7974.9,38.309, 314.82, 897.49
   66240,   66300,935.81,4717,10464,59.149, 444.53, 1146.4
   66300,   66360,1202.8,5603.7,11154,75.17, 524.33, 1215.4
   66360,   66420,1211.4,4979.6,12247,75.684, 468.17, 1324.7
   66420,   66480,2395.2,7195.4,19979,146.71, 667.59, 2097.9
   66480,   66540,617.24,3018,7817.8,40.035, 291.62, 881.78
   66540,   66600,3472.6,8883.4,20537,211.35, 819.51, 2153.7
   66600,   66660,2800.3,8097.8,15825,171.02, 748.8, 1682.5
   66660,   66720,4086.4,11524,18304,248.19, 1057.1, 1930.4
   66720,   66780,1198.8,4955.5,11746,74.926, 465.99, 1274.6
   66780,   66840,1207.8,5118.7,11277,75.47, 480.68, 1227.7
   66840,   66900,1033.4,4420.6,10729,65.002, 417.85, 1172.9
   66900,   66960,412.84,2477.2,7561.7,27.77, 242.95, 856.17
   66960,   67020,448.73,2723,7875.6,29.924, 265.07, 887.56
   67020,   67080,690.22,3573.6,8395.8,44.413, 341.63, 939.58
   67080,   67140,492.87,2802,7660.6,32.572, 272.18, 866.06
   67140,   67200,533.96,2864.8,7748.5,35.037, 277.83, 874.85
   67200,   67260,708,3745.9,9038,45.48, 357.14, 1003.8
   67260,   67320,624.03,3230.7,8484.6,40.442, 310.76, 948.46
   67320,   67380,534.42,3100,7984,35.065, 299, 898.4
   67380,   67440,682.1,2865.6,9246.3,43.926, 277.9, 1024.6
   67440,   67500,1232.2,4307.8,9706.7,76.933, 407.7, 1070.7
   67500,   67560,2263.6,5869.6,17022,138.81, 548.26, 1802.2
   67560,   67620,2443.2,7368.9,15829,149.59, 683.2, 1682.9
   67620,   67680,322.82,1890.2,6561.4,22.369, 190.12, 756.14
   67680,   67740,305.42,1891.9,6446.8,21.325, 190.27, 744.68
   67740,   67800,310.89,1938.1,6633.7,21.653, 194.42, 763.37
   67800,   67860,1499,5757,9541.6,92.942, 538.13, 1054.2
   67860,   67920,787.38,3923.3,10145,50.243, 373.09, 1114.5
   67920,   67980,475.47,3033.7,7881.7,31.528, 293.03, 888.17
   67980,   68040,390.78,2390.1,7006.9,26.447, 235.11, 800.69
   68040,   68100,1181.6,4673.6,13207,73.898, 440.62, 1420.7
   68100,   68160,552.6,3065.9,8849.1,36.156, 295.93, 984.91
   68160,   68220,559.64,3343.5,8774.2,36.579, 320.92, 977.42
   68220,   68280,406.1,2518.9,7498.4,27.366, 246.71, 849.84
   68280,   68340,356.39,2262.9,7193.2,24.384, 223.66, 819.32
   68340,   68400,344.33,2239.7,7379,23.66, 221.57, 837.9
   68400,   68460,303.99,1998.4,7021.8,21.239, 199.85, 802.18
   68460,   68520,345.39,2182.8,7164.2,23.723, 216.45, 816.42
   68520,   68580,391.38,2419.9,7274.8,26.483, 237.79, 827.48
   68580,   68640,1069.3,5196.2,11364,67.157, 487.66, 1236.4
   68640,   68700,2721,8499.8,16453,166.26, 784.98, 1745.3
   68700,   68760,454.31,2755.9,9077.8,30.259, 268.03, 1007.8
   68760,   68820,473.61,3104.7,8931,31.417, 299.42, 993.1
   68820,   68880,397.84,2870.1,8589.7,26.871, 278.31, 958.97
   68880,   68940,363.67,2756.1,8125.1,24.82, 268.05, 912.51
   68940,   69000,359.1,2600.7,8135.8,24.546, 254.06, 913.58
   69000,   69060,374.81,2703.4,8379.5,25.488, 263.3, 937.95
   69060,   69120,1510.4,5308.5,11457,93.622, 497.77, 1245.7
   69120,   69180,1994.9,7036.3,19617,122.69, 653.27, 2061.7
   69180,   69240,460.7,3028.4,9500,30.642, 292.56, 1050
   69240,   69300,967.88,4340.4,12386,61.073, 410.63, 1338.6
   69300,   69360,442.05,2941.3,9165.2,29.523, 284.72, 1016.5
   69360,   69420,454.57,2957.7,9199.7,30.274, 286.2, 1020
   69420,   69480,475.2,2922.6,10197,31.512, 283.03, 1119.7
   69480,   69540,1026.3,4782,11412,64.577, 450.38, 1241.2
   69540,   69600,449.11,2843.6,9152.3,29.946, 275.92, 1015.2
   69600,   69660,409.74,2733.3,8715.2,27.584, 266, 971.52
   69660,   69720,314.12,2200.7,7292.9,21.847, 218.07, 829.29
   69720,   69780,331.45,2196.7,6723.4,22.887, 217.7, 772.34
   69780,   69840,372.49,2483.1,7053,25.349, 243.48, 805.3
   69840,   69900,321.67,2157.4,6621,22.3, 214.17, 762.1
   69900,   69960,276.01,1930,6205.2,19.56, 193.7, 720.52
   69960,   70020,238.61,1684.1,6074.4,17.317, 171.56, 707.44
   70020,   70080,-9999,-9999,6198.2,-9999, -9999, 719.82
   70080,   70140,-9999,-9999,6608.7,-9999, -9999, 760.87
   70140,   70200,-9999,-9999,6855.3,-9999, -9999, 785.53
   70200,   70260,-9999,-9999,7227.6,-9999, -9999, 822.76
   70260,   70320,-9999,-9999,7094.5,-9999, -9999, 809.45
   70320,   70380,-9999,-9999,-9999,-9999, -9999, -9999
   70380,   70440,-9999,-9999,-9999,-9999, -9999, -9999
   70440,   70500,278.36,1747.3,5983.8,19.702, 177.26, 698.38
   70500,   70560,678.09,2651.2,6572.5,43.685, 258.6, 757.25
   70560,   70620,288.91,1853.7,6081.4,20.334, 186.83, 708.14
   70620,   70680,291.42,2078,6026.7,20.485, 207.02, 702.67
   70680,   70740,278.53,1626.1,5181.9,19.712, 166.35, 618.19
   70740,   70800,303.41,1788.9,5422,21.205, 181, 642.2
   70800,   70860,284.96,1861.5,5226.8,20.098, 187.53, 622.68
   70860,   70920,215.19,1351.7,4386.8,15.911, 141.66, 538.68
   70920,   70980,294.88,1592.2,4472,20.693, 163.3, 547.2
   70980,   71040,401.04,2328.3,5511.1,27.063, 229.54, 651.11
   71040,   71100,249.4,1474.6,4694.5,17.964, 152.71, 569.45
   71100,   71160,234.64,1440.1,4354.6,17.078, 149.6, 535.46
   71160,   71220,286.84,1786.3,4543.8,20.21, 180.76, 554.38
   71220,   71280,326.93,2084.6,5258.1,22.616, 207.61, 625.81
   71280,   71340,251.81,1601.2,4669.6,18.108, 164.1, 566.96
   71340,   71400,335.55,1950.3,4955.6,23.133, 195.53, 595.56
   71400,   71460,293.09,1769.9,4889.6,20.585, 179.29, 588.96
   71460,   71520,371.52,2262.4,5271.2,25.291, 223.61, 627.12
   71520,   71580,445.23,2429.3,5583.5,29.714, 238.64, 658.35
   71580,   71640,269.14,1602,4882.6,19.149, 164.18, 588.26
   71640,   71700,264.54,1563.8,4442.2,18.873, 160.74, 544.22
   71700,   71760,290.67,1655.3,4570.5,20.44, 168.98, 557.05
   71760,   71820,344.17,1935.6,4899.3,23.65, 194.2, 589.93
   71820,   71880,324.05,1721.4,4514.2,22.443, 174.92, 551.42
   71880,   71940,361.2,1746.9,4661.3,24.672, 177.22, 566.13
   71940,   72000,1241.6,3762.5,7623.9,77.494, 358.63, 862.39
   72000,   72060,333.31,1794.4,4851.6,22.999, 181.49, 585.16
   72060,   72120,276.91,1583.3,4481.6,19.615, 162.5, 548.16
   72120,   72180,225.65,1278.5,4043.4,16.539, 135.06, 504.34
   72180,   72240,234.42,1337.8,4072.6,17.065, 140.4, 507.26
   72240,   72300,237.31,1298.8,4055.9,17.238, 136.89, 505.59
   72300,   72360,250.36,1406.2,4135.6,18.022, 146.55, 513.56
   72360,   72420,267.51,1619.1,4469.5,19.051, 165.71, 546.95
   72420,   72480,282.74,1565.4,4232.7,19.964, 160.88, 523.27
   72480,   72540,297.79,1573.4,4178.2,20.868, 161.61, 517.82
   72540,   72600,315.22,1683.8,4355.4,21.913, 171.54, 535.54
   72600,   72660,260.52,1385.8,3971.1,18.631, 144.72, 497.11
   72660,   72720,605.07,1980.1,4953.5,39.304, 198.21, 595.35
   72720,   72780,416.83,1635.1,5096.1,28.01, 167.16, 609.61
   72780,   72840,1904.8,4478.3,14389,117.29, 423.05, 1538.9
   72840,   72900,391.07,2020.7,4881.4,26.464, 201.86, 588.14
   72900,   72960,377.11,1795.8,4799.3,25.627, 181.62, 579.93
   72960,   73020,474.11,1860.4,4664.4,31.447, 187.44, 566.44
   73020,   73080,642.87,2707.4,5705,41.572, 263.66, 670.5
   73080,   73140,251.58,1421.2,4282.6,18.095, 147.91, 528.26
   73140,   73200,208,1264.3,3818.2,15.48, 133.79, 481.82
   73200,   73260,181.48,1100.9,3526.7,13.889, 119.08, 452.67
   73260,   73320,184.92,1104.1,3543.2,14.095, 119.37, 454.32
   73320,   73380,197.29,1148.2,3603.2,14.837, 123.34, 460.32
   73380,   73440,482.78,1801.2,5006.9,31.967, 182.11, 600.69
   73440,   73500,350.65,1451.8,4237.5,24.039, 150.66, 523.75
   73500,   73560,228.45,1263.8,3781.5,16.707, 133.74, 478.15
   73560,   73620,256.1,1400.3,4004.4,18.366, 146.03, 500.44
   73620,   73680,208.66,1111.4,3578.8,15.52, 120.02, 457.88
   73680,   73740,209.37,1090.6,3433.4,15.562, 118.15, 443.34
   73740,   73800,653.87,2119.9,4301.2,42.232, 210.79, 530.12
   73800,   73860,284.16,1459.6,4083.6,20.05, 151.36, 508.36
   73860,   73920,301.75,1389.3,4084.2,21.105, 145.04, 508.42
   73920,   73980,244.76,1249.6,3917.3,17.685, 132.46, 491.73
   73980,   74040,301.48,1348.3,4244.6,21.089, 141.34, 524.46
   74040,   74100,178.59,1031.3,3273.3,13.716, 112.82, 427.33
   74100,   74160,190.56,1134.4,3576.5,14.434, 122.1, 457.65
   74160,   74220,268.79,1248.1,3692.9,19.128, 132.33, 469.29
   74220,   74280,371.05,1465.3,3833.1,25.263, 151.88, 483.31
   74280,   74340,348.59,1480.5,4020.5,23.915, 153.24, 502.05
   74340,   74400,-9999,-9999,3831.3,-9999, -9999, 483.13
   74400,   74460,-9999,-9999,3510.4,-9999, -9999, 451.04
   74460,   74520,-9999,-9999,3513.3,-9999, -9999, 451.33
   74520,   74580,-9999,-9999,3363.4,-9999, -9999, 436.34
   74580,   74640,-9999,-9999,3521.4,-9999, -9999, 452.14
   74640,   74700,-9999,-9999,3967.8,-9999, -9999, 496.78
   74700,   74760,-9999,-9999,-9999,-9999, -9999, -9999
   74760,   74820,-9999,-9999,-9999,-9999, -9999, -9999
   74820,   74880,198.6,1113.7,3448.3,14.916, 120.23, 444.83
   74880,   74940,211.24,1255.6,3643.4,15.674, 133.01, 464.34
   74940,   75000,235.53,1324.4,3876.4,17.132, 139.19, 487.64
   75000,   75060,277.47,1524.1,4221.5,19.648, 157.17, 522.15
   75060,   75120,238.02,1374.8,3990.3,17.281, 143.73, 499.03
   75120,   75180,221.51,1324.1,4105.2,16.291, 139.17, 510.52
   75180,   75240,191.89,1142.1,3538.4,14.513, 122.79, 453.84
   75240,   75300,193.58,1238.4,3763.4,14.615, 131.45, 476.34
   75300,   75360,199.33,1208.9,3678,14.96, 128.8, 467.8
   75360,   75420,265.02,1516.3,4007.6,18.901, 156.47, 500.76
   75420,   75480,178.11,1096.4,3616.4,13.687, 118.68, 461.64
   75480,   75540,234.46,1305.6,3692.9,17.068, 137.5, 469.29
   75540,   75600,300.62,1568.8,4265.4,21.037, 161.19, 526.54
   75600,   75660,207.33,1207.3,3569.9,15.44, 128.66, 456.99
   75660,   75720,215.94,1266.6,3708.6,15.957, 134, 470.86
   75720,   75780,264.57,1485.6,3922.9,18.874, 153.7, 492.29
   75780,   75840,253.49,1412.4,3989.2,18.209, 147.11, 498.92
   75840,   75900,203.86,1120.4,3324.5,15.231, 120.83, 432.45
   75900,   75960,202.67,1121.1,3240.8,15.16, 120.9, 424.08
   75960,   76020,184.39,1004.4,3089.7,14.064, 110.39, 408.97
   76020,   76080,180.66,973.82,3039.1,13.84, 107.64, 403.91
   76080,   76140,232.02,1157.9,3367.1,16.921, 124.21, 436.71
   76140,   76200,229.35,1190.4,3383.8,16.761, 127.13, 438.38
   76200,   76260,226.29,1195.9,3286.2,16.578, 127.64, 428.62
   76260,   76320,248.14,1318.3,3385.3,17.888, 138.65, 438.53
   76320,   76380,273.71,1447.3,3772,19.423, 150.26, 477.2
   76380,   76440,288.5,1542,3908.8,20.31, 158.78, 490.88
   76440,   76500,222.78,1126.2,3400.1,16.367, 121.36, 440.01
   76500,   76560,228.19,1179.1,3423.8,16.691, 126.12, 442.38
   76560,   76620,203.25,1128.7,3133.8,15.195, 121.58, 413.38
   76620,   76680,167.33,896.57,3096.6,13.04, 100.69, 409.66
   76680,   76740,145.25,809.08,2865.4,11.715, 92.817, 386.54
   76740,   76800,160.25,836.27,2836.1,12.615, 95.264, 383.61
   76800,   76860,357.25,1155.1,3710.7,24.435, 123.95, 471.07
   76860,   76920,1753.4,5459.2,10472,108.2, 511.33, 1147.2
   76920,   76980,165.12,901.14,3897.9,12.907, 101.1, 489.79
   76980,   77040,543.15,2037.6,4844.8,35.589, 203.38, 584.48
   77040,   77100,1725.2,5256.6,14716,106.51, 493.09, 1571.6
   77100,   77160,161.14,901.67,3325.6,12.669, 101.15, 432.56
   77160,   77220,173.76,951.74,2987.8,13.425, 105.66, 398.78
   77220,   77280,752.04,1959.7,4072.2,48.123, 196.37, 507.22
   77280,   77340,710.68,2540.2,5315.5,45.641, 248.62, 631.55
   77340,   77400,204.52,1088.1,3380,15.271, 117.93, 438
   77400,   77460,183.45,961.86,2933.2,14.007, 106.57, 393.32
   77460,   77520,236.69,1235.8,3261.5,17.201, 131.23, 426.15
   77520,   77580,237.93,1175.6,3023.1,17.276, 125.81, 402.31
   77580,   77640,269.24,1178.7,2935,19.155, 126.09, 393.5
   77640,   77700,1623.4,3000.4,8257.7,100.41, 290.04, 925.77
   77700,   77760,1846.9,3724.9,9486.6,113.82, 355.24, 1048.7
   77760,   77820,382.15,1612.7,3806.5,25.929, 165.14, 480.65
   77820,   77880,234.64,1103.5,2766.3,17.079, 119.31, 376.63
   77880,   77940,587.67,1758.8,3779.9,38.26, 178.29, 477.99
   77940,   78000,4505.6,7778,15332,273.33, 720.02, 1633.2
   78000,   78060,325.06,1505.6,3507.4,22.504, 155.5, 450.74
   78060,   78120,266.59,1217.4,2901.6,18.995, 129.57, 390.16
   78120,   78180,263.47,1201.1,2760.2,18.808, 128.1, 376.02
   78180,   78240,368.34,1476.6,3076,25.1, 152.9, 407.6
   78240,   78300,748.78,2458.4,5000.6,47.927, 241.25, 600.06
   78300,   78360,341.32,1620.7,3731.2,23.479, 165.86, 473.12
   78360,   78420,486.13,1754.2,3875.1,32.168, 177.88, 487.51
   78420,   78480,589.31,1833.9,3780.9,38.359, 185.05, 478.09
   78480,   78540,272.09,1271.8,3122.6,19.325, 134.46, 412.26
   78540,   78600,579.4,1852,4933.2,37.764, 186.68, 593.32
   78600,   78660,296.26,1054.9,2891.4,20.775, 114.94, 389.14
   78660,   78720,521.7,1568,3441.3,34.302, 161.12, 444.13
   78720,   78780,-9999,-9999,2612.6,-9999, -9999, 361.26
   78780,   78840,-9999,-9999,3897.3,-9999, -9999, 489.73
   78840,   78900,-9999,-9999,4912.7,-9999, -9999, 591.27
   78900,   78960,-9999,-9999,3842.1,-9999, -9999, 484.21
   78960,   79020,-9999,-9999,3300.2,-9999, -9999, 430.02
   79020,   79080,-9999,-9999,-9999,-9999, -9999, -9999
   79080,   79140,-9999,-9999,-9999,-9999, -9999, -9999
   79140,   79200,391.41,1835.5,4408.1,26.484, 185.2, 540.81
   79200,   79260,2400.1,4928.2,7953.6,147, 463.54, 895.36
   79260,   79320,463,1956.9,4127.4,30.78, 196.12, 512.74
   79320,   79380,339.37,1579.9,3452.9,23.362, 162.19, 445.29
   79380,   79440,254.79,1260.9,3107.6,18.287, 133.48, 410.76
   79440,   79500,192.78,902.54,2326.2,14.567, 101.23, 332.62
   79500,   79560,223.54,1127.4,2807.7,16.412, 121.46, 380.77
