CampaignData_and_Merges/R0/CSL_MobileLab_Parked/raw/20240716/USOS-Picarro-CO2-CH4-CO-H2O_MobileLabGround_20240716_R0.ict
38, 1001
Ilana Pollack, Nell Schafer, and Jeff Peischl
NOAA Chemical Sciences Laboratory
Picarro 2401-m CO2/CH4/CO/H2O Analyzer
USOS
1, 1
2024, 07, 16, 2024, 11, 20
0
StartTime_UTC, seconds_past_midnight, seconds past midnight
5
1, 1, 1, 1, 1
-9999, -9999, -9999, -9999, -9999
StopTime_UTC, seconds_past_midnight, seconds past midnight
CO2_ppm_1min, ppm, Gas_CO2_InSitu_S_DMF, carbon dioxide mixing ratio
CH4_ppb_1min, ppb, Gas_CH4_InSitu_S_DMF, methane mixing ratio
CO_ppb_1min, ppb, Gas_CO_InSitu_S_DMF, carbon monoxide mixing ratio
H2O_ppmv_1min, ppmv, Met_H2OMRV_InSitu_S_AVMR, water vapor mixing ratio
1
SPECIAL COMMENTS: N/A
18
PI_CONTACT_INFO: Address: NOAA Chemical Sciences Laboratory, Mail Stop CSL7, 325 Broadway, Boulder, CO 80305; Email: Ilana.Pollack@noaa.gov
PLATFORM: NOAA CSL Mobile Laboratory
LOCATION: The mobile lab was stationed in Salt Lake City, Utah.
ASSOCIATED_DATA: N/A
INSTRUMENT_INFO: CO2, CH4, and CO are reported as dry air mole fractions using a commercial wavelength-scanned cavity ring-down analyzer (Picarro 2401-m). An in-field calibration gas standard of 432±0.07 ppm CO2, 2095±1 ppb CH4, and 183±1 ppb CO, calibrated in the Boulder laboratories before and after the field project using primary CO2, CH4, and CO standard tanks tied to the WMO standard (X2019, X2004A, and X2014A, respectively) from the Global Monitoring Laboratory (GML), was delivered to the inlet every 2-3 days to evaluate instrument sensitivity. A H2O measurement was calibrated before the project with a Dew Point Mirror 373 hygrometer. The water correction calculated from these calibrations was applied to the H2O measurement for the entire campaign. Species are measured at 0.5 Hz and reported as 1-minute averages for stationary measurements.
DATA_INFO: Units: CO2, ppm, dry air mole fraction; CH4, ppb, dry air mole fraction; CO, ppb, dry air mole fraction; H2O, ppmv
UNCERTAINTY: Total uncertainties are estimated as ±0.1 ppm for CO2, ±1 ppb for CH4, ±5 ppb for CO, and ±(50 ppm + 4%) for H2O.
ULOD_FLAG: -7777
ULOD_VALUE: N/A
LLOD_FLAG: -8888
LLOD_VALUE: N/A
DM_CONTACT_INFO: Data Manager: Nathan Howard; nathan.h.howard@noaa.gov
PROJECT_INFO: USOS Dates of Study: July – August 2024
STIPULATIONS_ON_USE: Use of these data require prior ok from PI.
OTHER_COMMENTS: Data are averaged to 1 minute intervals. Stationary data collected from a 10 ft tower on top of the mobile van.
REVISION: R0
R0: Final Data
StartTime_UTC, StopTime_UTC, CO2_ppm_1min, CH4_ppb_1min, CO_ppb_1min, H2O_ppmv_1min
[from data line 1133]
67980,68040,435.43,1983.0,233.9,13858.1797
68040,68100,434.66,1982.3,224.7,13779.9268
68100,68160,433.97,1982.4,229.5,14339.5391
68160,68220,434.96,1983.4,231.7,13691.8330
68220,68280,434.13,1983.6,219.0,13378.8555
68280,68340,433.81,1984.2,222.0,13487.0029
68340,68400,434.26,1983.6,225.3,13070.5938
68400,68460,434.19,1983.2,222.7,12904.1797
68460,68520,433.64,1982.9,234.7,12911.1475
68520,68580,433.58,1983.1,226.7,13259.0293
68580,68640,434.95,1983.9,226.2,13046.4004
68640,68700,433.72,1984.4,222.8,13197.9326
68700,68760,433.85,1991.3,221.0,13572.3164
68760,68820,432.95,1991.9,221.1,14447.3184
68820,68880,432.73,1992.9,218.7,14438.8584
68880,68940,432.02,1992.9,218.5,14979.3730
68940,69000,433.22,1992.7,217.7,13708.9678
69000,69060,433.61,1993.3,220.8,14223.3633
69060,69120,434.98,1996.3,230.8,13909.8232
69120,69180,433.78,1997.7,224.7,14120.5566
69180,69240,434.66,1998.4,224.8,13572.0176
69240,69300,433.45,1998.4,222.9,14049.4990
69300,69360,433.64,1997.4,222.1,13927.5322
69360,69420,433.74,1997.0,221.1,13973.6875
69420,69480,434.68,1996.6,221.5,13267.6025
69480,69540,434.45,1997.1,221.4,13356.5537
69540,69600,433.21,1997.6,223.3,13994.7256
69600,69660,430.26,1999.4,209.9,14638.4863
69660,69720,430.60,2000.1,204.8,14260.3623
69720,69780,430.29,2001.0,204.3,14439.5840
69780,69840,429.88,2001.0,205.8,14700.3252
69840,69900,429.63,2000.7,204.1,14548.0439
69900,69960,429.45,2000.9,201.5,14284.3828
69960,70020,429.87,1999.3,199.5,14109.6826
70020,70080,429.43,1998.9,201.9,14812.2988
70080,70140,430.37,1998.7,206.2,14602.0830
70140,70200,431.00,1998.8,207.0,14386.5391
70200,70260,430.99,1999.6,208.7,14440.5957
70260,70320,430.30,1999.4,201.5,14098.0244
70320,70380,431.76,1998.3,196.2,14183.4395
70380,70440,430.84,1998.3,199.2,14099.1230
70440,70500,430.43,1998.5,208.3,14680.4414
70500,70560,430.84,1998.9,205.2,13977.5215
70560,70620,430.12,1999.1,205.1,14269.6719
70620,70680,428.63,1999.1,198.9,14149.8682
70680,70740,428.64,1999.2,196.5,14122.7080
70740,70800,428.65,1999.2,207.7,14554.5957
70800,70860,427.91,1996.7,225.5,14218.8486
70860,70920,428.28,1995.5,206.7,14213.4512
70920,70980,429.04,1995.3,204.7,14513.5879
70980,71040,429.15,1995.9,202.1,14106.4023
71040,71100,427.79,1995.0,190.4,14120.7041
71100,71160,427.48,1994.8,192.6,14250.7871
71160,71220,428.70,1995.2,197.6,14678.2578
71220,71280,428.01,1994.4,194.7,13946.4590
71280,71340,426.99,1994.6,197.1,14824.6484
71340,71400,427.85,1995.0,196.4,13994.6533
71400,71460,427.87,1995.5,197.4,14435.6475
71460,71520,427.65,1996.8,203.5,14898.5908
71520,71580,428.31,1996.1,208.6,14067.0566
71580,71640,427.97,1993.6,197.1,13559.8262
71640,71700,427.90,1993.0,199.2,13582.0928
71700,71760,427.63,1993.7,204.8,14193.1465
71760,71820,427.23,1993.9,208.3,14386.2852
71820,71880,427.70,1992.6,199.8,13491.2686
71880,71940,427.91,1992.6,200.7,13624.2129
71940,72000,427.24,1992.5,199.4,14074.0039
72000,72060,427.44,1991.0,196.7,13688.4316
72060,72120,427.56,1990.4,195.2,13460.2119
72120,72180,427.66,1989.6,195.3,13273.3555
72180,72240,427.87,1989.7,193.7,13077.9053
72240,72300,427.64,1990.4,193.4,13323.0879
72300,72360,426.87,1991.6,199.2,14174.7656
72360,72420,427.11,1993.2,208.6,14023.6973
72420,72480,427.80,1991.9,201.9,13435.4570
72480,72540,427.83,1990.8,204.0,13455.3828
72540,72600,427.53,1990.4,206.5,13790.2656
72600,72660,428.17,1985.9,196.4,13290.8662
72660,72720,428.29,1984.6,197.8,13133.6836
72720,72780,429.19,1983.6,211.1,13045.6123
72780,72840,428.11,1987.9,209.1,14070.0244
72840,72900,426.97,1991.6,209.9,14850.6631
72900,72960,427.73,1994.6,203.8,14267.4238
72960,73020,427.26,1996.0,200.7,14367.9844
73020,73080,426.91,1997.7,201.8,14678.3799
73080,73140,427.12,1998.2,198.4,14199.9883
73140,73200,427.37,1997.4,197.2,14003.0234
73200,73260,427.38,1996.5,195.3,13922.1982
73260,73320,426.92,1996.8,197.0,14346.9385
73320,73380,427.71,1997.2,200.5,14887.3193
73380,73440,427.66,1997.7,201.6,14667.6777
73440,73500,427.17,1997.0,200.8,14402.2539
73500,73560,427.79,1996.4,197.5,13937.8379
73560,73620,427.80,1996.0,195.4,13939.6660
73620,73680,427.73,1995.2,189.9,13711.7334
73680,73740,428.43,1996.5,194.3,14891.5957
73740,73800,428.12,1996.8,199.0,14305.4678
73800,73860,428.46,1996.4,193.0,14213.5986
73860,73920,427.64,1996.9,191.9,13952.5469
73920,73980,427.93,1998.4,195.6,13986.4697
73980,74040,427.43,2000.0,192.1,14066.3740
74040,74100,426.88,2000.5,197.0,14676.0410
74100,74160,427.15,1998.3,194.8,14816.0615
74160,74220,427.82,1998.6,196.2,14864.8477
74220,74280,428.01,1999.1,195.2,14964.7041
74280,74340,426.98,1999.4,197.0,15012.9795
74340,74400,427.31,1999.9,191.2,14351.3779
74400,74460,426.67,2000.5,191.6,14674.8574
74460,74520,427.00,2000.5,190.6,14547.8887
74520,74580,427.53,2000.6,194.6,14738.7539
74580,74640,427.69,2000.7,200.1,15150.3408
74640,74700,427.56,2001.5,194.7,15010.1670
74700,74760,427.19,2002.9,194.7,15117.0820
74760,74820,428.27,2003.6,201.2,14125.5840
74820,74880,427.72,2004.1,197.8,14766.2168
74880,74940,427.25,2005.8,199.3,15097.8291
74940,75000,427.65,2007.1,204.3,15309.5078
75000,75060,427.37,2007.3,204.2,15429.9707
75060,75120,427.49,2006.9,207.3,15402.6074
75120,75180,427.65,2005.4,199.9,14991.0879
75180,75240,427.73,2005.1,197.3,15325.8174
75240,75300,427.17,2004.3,195.9,15265.6533
75300,75360,427.75,2003.1,196.1,14932.0273
75360,75420,427.64,2002.7,195.7,14853.9854
75420,75480,427.30,2002.8,198.3,14963.3877
75480,75540,427.78,2003.6,197.6,15446.9883
75540,75600,427.24,2003.4,195.3,15346.7012
75600,75660,426.69,2003.3,193.6,15652.2471
75660,75720,428.00,2002.6,199.0,15027.3281
75720,75780,428.31,2004.1,197.0,14962.6006
75780,75840,427.89,2004.2,198.4,15009.2295
75840,75900,427.95,2003.6,200.2,15176.1924
75900,75960,427.94,2002.8,202.3,14915.7197
75960,76020,427.85,2001.2,197.5,14632.1133
76020,76080,427.97,2001.4,197.7,14556.9297
76080,76140,427.92,2002.0,200.1,14874.9941
76140,76200,428.71,2001.6,199.8,14741.7148
76200,76260,428.02,2001.4,194.5,14587.7217
76260,76320,428.17,2003.1,197.5,14642.9150
76320,76380,428.07,2003.5,202.6,14731.8613
76380,76440,428.47,2005.2,193.7,14680.4658
76440,76500,428.16,2005.2,193.7,14702.2959
76500,76560,427.83,2001.3,196.8,14580.3730
76560,76620,427.72,1997.9,198.3,14223.4033
76620,76680,427.54,1994.5,192.1,13964.0439
76680,76740,427.50,1991.3,188.0,13693.2578
76740,76800,428.45,1989.6,185.7,13058.3105
76800,76860,428.82,1989.6,188.6,12825.3496
76860,76920,427.94,1992.4,190.6,13600.9023
76920,76980,427.06,1993.9,190.4,14172.5947
76980,77040,428.53,1993.9,193.0,13730.7861
77040,77100,427.21,1996.1,189.9,14551.6689
77100,77160,427.36,1994.6,190.5,13946.6699
77160,77220,427.23,1993.3,185.1,13784.8682
77220,77280,428.17,1994.3,187.8,13342.2744
77280,77340,427.43,1995.5,191.1,13903.3359
77340,77400,426.84,1997.2,193.6,14425.4775
77400,77460,426.49,1995.3,196.4,14853.5361
77460,77520,426.74,1981.6,191.5,13582.6035
77520,77580,426.83,1972.7,183.8,12380.3564
77580,77640,427.29,1967.8,184.8,11732.1670
77640,77700,427.64,1965.5,181.2,11193.0117
77700,77760,427.21,1964.1,192.1,11154.4531
77760,77820,426.51,1962.8,182.1,11402.3984
77820,77880,427.35,1961.2,175.6,10556.7666
77880,77940,428.38,1962.1,183.6,10563.7109
77940,78000,427.17,1962.3,185.0,11350.6934
78000,78060,426.84,1961.3,176.6,10919.5596
78060,78120,427.02,1959.6,174.3,10417.3936
78120,78180,427.08,1961.0,179.8,10805.0088
78180,78240,426.78,1961.4,185.3,11275.6221
78240,78300,427.20,1960.8,181.4,11027.8447
78300,78360,426.75,1961.9,181.4,11449.6855
78360,78420,427.02,1964.0,183.6,11359.5732
78420,78480,427.41,1964.4,185.3,11111.6777
78480,78540,427.21,1964.2,184.6,11217.8887
78540,78600,427.00,1960.1,175.9,10527.3643
78600,78660,426.89,1958.4,180.1,10457.5400
78660,78720,426.92,1957.6,170.1,10230.8711
78720,78780,426.67,1958.3,168.7,10508.8633
78780,78840,426.86,1958.1,167.5,10055.8838
78840,78900,426.80,1958.2,173.4,10546.0244
78900,78960,426.95,1958.2,170.6,10314.6924
78960,79020,426.93,1957.9,165.3,10279.1641
79020,79080,427.31,1958.1,168.7,10090.2246
79080,79140,427.75,1958.7,169.2,9981.9385
79140,79200,428.74,1959.4,173.9,9765.5645
79200,79260,427.68,1960.0,195.2,10390.0752
79260,79320,427.41,1961.2,192.3,10691.0898
79320,79380,426.85,1961.0,179.8,10782.1260
79380,79440,426.73,1960.9,171.7,10239.4346
79440,79500,426.99,1965.0,173.9,10711.8369
79500,79560,426.88,1965.3,179.3,10902.3125
79560,79620,427.21,1963.3,178.1,10607.8770
79620,79680,427.19,1962.9,177.7,10553.1875
79680,79740,427.18,1963.0,174.6,10694.9834
79740,79800,426.93,1962.7,172.7,11011.4570
79800,79860,427.33,1966.9,173.7,10466.8008
79860,79920,427.54,1966.4,173.0,10501.2852
79920,79980,426.64,1965.0,172.4,10944.6035
79980,80040,427.38,1962.6,176.6,10433.0830
80040,80100,427.19,1960.8,172.9,10266.0830
80100,80160,427.45,1960.1,177.4,10235.3486
80160,80220,427.28,1960.1,174.7,10499.5566
80220,80280,426.88,1959.0,166.3,10016.1055
80280,80340,427.36,1959.0,171.2,9690.9844
80340,80400,427.46,1961.6,174.1,10227.5420
80400,80460,427.27,1962.1,169.1,10294.9561
80460,80520,426.98,1963.8,173.2,10665.8955
80520,80580,427.03,1964.1,171.5,10422.2070
80580,80640,427.97,1964.1,174.7,10165.6221
80640,80700,427.49,1962.8,170.1,9701.5088
80700,80760,426.87,1964.3,171.3,10726.3252
80760,80820,426.64,1968.4,177.4,11285.8242
80820,80880,427.18,1970.1,181.6,11559.1719
80880,80940,427.41,1971.9,188.3,11792.6855
80940,81000,427.72,1974.7,180.4,11397.4492
81000,81060,427.31,1974.9,182.0,11651.2539
81060,81120,427.25,1977.8,183.5,12325.9268
81120,81180,427.64,1980.3,188.1,12114.3750
81180,81240,427.74,1980.9,186.9,12146.4639
81240,81300,427.88,1980.4,184.3,11978.5098
81300,81360,428.01,1981.9,189.8,12409.4580
81360,81420,427.38,1981.9,189.3,12588.6973
81420,81480,427.45,1982.5,190.7,12730.8691
81480,81540,427.35,1982.2,192.7,12920.8652
81540,81600,427.49,1980.2,191.8,12405.2148
81600,81660,427.40,1974.2,181.6,11325.4424
81660,81720,427.48,1974.6,179.6,11380.1895
81720,81780,427.31,1975.7,182.7,11995.6533
81780,81840,427.14,1977.0,187.2,12121.9141
81840,81900,426.94,1977.3,187.6,12078.4512
81900,81960,427.11,1978.8,192.1,12610.0586
81960,82020,427.43,1979.7,197.5,12487.7832
82020,82080,427.44,1979.0,194.0,12467.3965
82080,82140,427.24,1978.0,187.9,12195.7471
82140,82200,427.47,1976.3,187.6,12114.1055
82200,82260,427.77,1973.7,185.5,11704.1084
82260,82320,427.69,1973.0,184.3,11665.7930
82320,82380,427.33,1973.7,182.1,11565.0488
82380,82440,427.69,1975.1,183.6,11777.0947
82440,82500,427.73,1976.4,188.0,11955.9170
82500,82560,428.22,1975.3,187.4,11649.5547
82560,82620,427.84,1970.5,180.2,11207.0488
82620,82680,427.64,1970.2,177.4,11563.2188
82680,82740,428.18,1969.8,181.6,11394.3096
82740,82800,427.48,1970.9,179.6,12006.3408
82800,82860,426.91,1971.7,179.0,11800.3623
82860,82920,427.00,1972.3,181.5,11735.0615
82920,82980,427.55,1972.7,191.4,11885.8965
82980,83040,427.45,1973.3,202.3,11725.8311
83040,83100,427.74,1972.6,192.5,11415.3994
83100,83160,426.78,1971.3,182.2,11230.5479
83160,83220,426.95,1969.7,187.4,10984.4063
83220,83280,427.04,1970.6,189.6,11484.5918
83280,83340,426.94,1970.2,184.1,11796.8525
83340,83400,426.87,1969.1,181.1,11573.4102
83400,83460,427.08,1967.1,175.9,10609.6621
83460,83520,427.48,1967.4,176.9,10621.9756
83520,83580,427.62,1967.2,180.9,10263.6006
83580,83640,427.57,1969.4,188.7,10787.7705
83640,83700,427.51,1970.4,184.2,11357.3320
83700,83760,427.54,1970.2,182.2,11184.4492
83760,83820,427.14,1970.3,187.5,11604.2109
83820,83880,427.18,1969.6,189.4,11906.1094
83880,83940,427.56,1969.0,186.6,11363.4111
83940,84000,428.26,1970.4,324.6,11906.6836
84000,84060,428.82,1971.2,287.3,11826.8066
84060,84120,428.01,1967.4,192.9,10869.6162
84120,84180,427.33,1966.8,181.8,11422.6279
84180,84240,427.20,1967.2,182.7,11808.4229
84240,84300,427.89,1967.5,185.6,11124.0371
84300,84360,427.86,1967.6,187.7,11481.2490
84360,84420,428.17,1966.1,176.6,10487.6084
84420,84480,429.65,1966.7,183.8,11368.8398
84480,84540,441.64,1966.7,220.2,11580.1309
84540,84600,436.16,1967.4,205.9,11724.8037
84600,84660,432.06,1966.1,189.6,11171.8242
84660,84720,428.07,1966.9,179.9,11084.1895
84720,84780,429.42,1968.0,182.0,11671.8711
84780,84840,429.39,1968.8,188.6,12606.6895
84840,84900,430.31,1969.9,199.6,11869.4385
84900,84960,430.39,1971.4,199.4,12577.6973
84960,85020,430.02,1970.1,196.3,12186.8154
85020,85080,427.86,1967.2,181.3,10920.6699
85080,85140,428.01,1967.4,181.2,10942.9746
85140,85200,428.33,1967.5,179.8,11627.6348
85200,85260,427.97,1967.4,180.1,11361.8867
85260,85320,428.00,1967.8,181.0,11737.0713
85320,85380,427.65,1968.4,182.0,12098.0322
85380,85440,427.87,1968.8,182.9,11879.9150
85440,85500,427.91,1968.0,180.8,11448.7227
85500,85560,428.22,1967.6,178.4,11448.8398
85560,85620,427.34,1968.3,181.9,11077.8838
85620,85680,428.33,1968.9,183.6,11053.9912
85680,85740,428.07,1967.1,178.9,10145.0732
85740,85800,428.98,1967.3,178.9,10195.3740
85800,85860,430.38,1967.3,184.7,10254.5820
85860,85920,430.33,1967.5,188.4,10234.4092
85920,85980,428.22,1967.4,182.7,10319.8926
85980,86040,427.91,1967.6,183.0,10638.3174
86040,86100,428.05,1967.8,183.3,10787.0088
86100,86160,428.17,1968.4,183.1,11444.6758
86160,86220,427.17,1968.5,187.8,12159.2725
86220,86280,430.05,1969.0,207.8,11530.4375
86280,86340,431.70,1969.4,201.2,11355.4297
86340,86400,432.73,1969.3,199.5,12013.8252
