CampaignData_and_Merges/R0/CSL_MobileLab_Parked/raw/20240716/USOS-PTR_MobileLabGround_20240716_R0.ict
58, 1001
Matthew Coggon, Kelvin Bates, Chelsea Stockwell, Carsten Warneke
NOAA ESRL Chemical Sciences Division
NOAA PTR-ToF-MS
USOS
1,1 
2024, 07, 16, 2025, 09, 19
0
Time_Start, seconds, number of seconds from 00:00 UTC 
22
1, 1, 1, 1, 1, 1, 1, 1, 1, 1, 1, 1, 1, 1, 1, 1, 1, 1, 1, 1, 1, 1
-9999, -9999, -9999, -9999, -9999, -9999, -9999, -9999, -9999, -9999, -9999, -9999, -9999, -9999, -9999, -9999, -9999, -9999, -9999, -9999, -9999, -9999
CH3OH_NOAAPTR_ppbv,  ppbv, Gas_CH3OH_InSitu_S_AVMR, (CH3OH) methanol
CH3CN_NOAAPTR_ppbv,  ppbv, Gas_CH3CN_InSitu_S_AVMR, (CH3CN) acetonitrile
CH3CHO_NOAAPTR_ppbv,  ppbv, Gas_CH3CHO_InSitu_S_AVMR, (CH3CHO) acetaldehyde plus contributions from ethylene glycol and ethylene oxide. Interference from ethanol has been subtracted out.
C2H5OH_NOAAPTR_ppbv,  ppbv, Gas_C2H5OH_InSitu_S_AVMR, (C2H5OH) ethanol
CH3SH_NOAAPTR_ppbv,  ppbv, Gas_CH3SH_InSitu_S_AVMR, (CH3SH) methanethiol, using calibration factor for DMS
Acrolein_NOAAPTR_ppbv,  ppbv, Gas_Acrolein_InSitu_S_AVMR, (C3H4O) acrolein
AcetonePropanal_NOAAPTR_ppbv,  ppbv, Gas_AcetoneAndPropanal_InSitu_S_AVMR, (C3H6O) sum of acetone (dominant isomer) and propanal, using calibration factor for acetone
DMS_NOAAPTR_ppbv,  ppbv, Gas_DMS_InSitu_S_AVMR, (C2H6S) dimethyl sulfide with possible small contributions from ethanethiol
C5H8_NOAAPTR_ppbv,  ppbv, Gas_Isoprene_InSitu_S_AVMR, (C5H8) isoprene and possible fragments from cycloalkanes and aldehydes. Interferences have been subtracted following methods described by Coggon et al (2023)
MVKMAC_NOAAPTR_ppbv,  ppbv, Gas_MVKAndMAC_InSitu_S_AVMR, (C4H6O) sum of methyl vinyl ketone, methacrolein, and small amounts of crotonaldehyde, using weighted calibration factor for MVK (0.637) and MACR (0.363)
Benzene_NOAAPTR_ppbv,  ppbv, Gas_Benzene_InSitu_S_AVMR, (C6H6) benzene
Toluene_NOAAPTR_ppbv,  ppbv, Gas_Toluene_InSitu_S_AVMR, (C7H8) toluene with possible small contributions of fragments from ethyltoluene
Styrene_NOAAPTR_ppbv,  ppbv, Gas_Styrene_InSitu_S_AVMR, (C8H8) styrene
Benzaldehyde_NOAAPTR_ppbv,  ppbv, Gas_Benzaldehyde_InSitu_S_AVMR, (C7H6O) benzaldehyde
C8Aromatics_NOAAPTR_ppbv,  ppbv, Gas_C8Aromatics_InSitu_M_AVMR, (C8H10) sum of m-xylene, p-xylene, o-xylene, and ethyl benzene
C9Aromatics_NOAAPTR_ppbv,  ppbv, Gas_C9Aromatics_InSitu_M_AVMR, (C9H12) sum of C9 aromatics
Naphthalene_NOAAPTR_ppbv,  ppbv, Gas_Naphthalene_InSitu_S_AVMR, (C10H8) naphthalene
Octanal_NOAAPTR_ppbv,  ppbv, Gas_Octanal_InSitu_S_AVMR, (C8H16O) octanal and small amounts of octanone
Monoterpenes_NOAAPTR_ppbv,  ppbv, Gas_Monoterpenes_InSitu_M_AVMR, (C10H16) sum of monoterpenes and possible contributions from fragments of oxygenated monoterpenoids such as eucalyptol.
Nonanal_NOAAPTR_ppbv,  ppbv, Gas_Nonanal_InSitu_M_AVMR, (C9H18O) nonanal and small amounts of nonanone
C7H4ClF3_NOAAPTR_ppbv,  ppbv, Gas_C7H4ClF3_InSitu_S_AVMR, (C7H4ClF3) parachlorobenzotrifluoride
C10H30O5Si5_NOAAPTR_ppbv,  ppbv, Gas_C10H30O5Si5_InSitu_S_AVMR, (C10H30O5Si5) decamethylcyclopentasiloxane
1
SPECIAL COMMENTS:N/A
21
PI_CONTACT_INFO: NOAA ESRL Chemical Sciences Division, Tropospheric Chemistry Group. 325 Broadway, R/CSD7, Boulder, CO 80305
PLATFORM: Mobile Laboratory.
LOCATION: Salt Lake City, UT
ASSOCIATED_DATA: N/A
INSTRUMENT_INFO: NOAA PTR-ToF-MS measurements on NOAA CSL Mobile Lab
DATA_INFO: Units: ppbv
UNCERTAINTY: See OTHER_COMMENTS
ULOD_FLAG: -7777
ULOD_VALUE: N/A
LLOD_FLAG: -8888
LLOD_VALUE: N/A.
DM_CONTACT_INFO: Data Managers: Matt Coggon, Kelvin Bates, Chelsea Stockwell; email: matthew.m.coggon@noaa.gov and kelvin.bates@colorado.edu
PROJECT_INFO: USOS Deployment July-August, 2024
STIPULATIONS_ON_USE: Use of these data require prior OK from PI.
OTHER_COMMENTS: Uncertainties:
CH3OH_NOAAPTR_ppbv:30%; CH3CN_NOAAPTR_ppbv:30%; CH3CHO_NOAAPTR_ppbv:30%; C2H5OH_NOAAPTR_ppbv:30%; CH3SH_NOAAPTR_ppbv:50%; Acrolein_NOAAPTR_ppbv:30%; AcetonePropanal_NOAAPTR_ppbv:30%; DMS_NOAAPTR_ppbv:30%; C5H8_NOAAPTR_ppbv:30%; MVKMAC_NOAAPTR_ppbv:30%; 
Benzene_NOAAPTR_ppbv:30%; Toluene_NOAAPTR_ppbv:30%; Styrene_NOAAPTR_ppbv:30%; Benzaldehyde_NOAAPTR_ppbv:30%; C8Aromatics_NOAAPTR_ppbv:30%; C9Aromatics_NOAAPTR_ppbv:30%; Naphthalene_NOAAPTR_ppbv:30%; Octanal_NOAAPTR_ppbv:30%; Monoterpenes_NOAAPTR_ppbv:30%; Nonanal_NOAAPTR_ppbv:30%; 
C7H4ClF3_NOAAPTR_ppbv:30%; C10H30O5Si5_NOAAPTR_ppbv:30%; 
REVISION: R0
R0: Calibrated PTR Data. See individual species comments for details about measurement uncertainties
Time_Start, CH3OH_NOAAPTR_ppbv, CH3CN_NOAAPTR_ppbv, CH3CHO_NOAAPTR_ppbv, C2H5OH_NOAAPTR_ppbv, CH3SH_NOAAPTR_ppbv, Acrolein_NOAAPTR_ppbv, AcetonePropanal_NOAAPTR_ppbv, DMS_NOAAPTR_ppbv, C5H8_NOAAPTR_ppbv, MVKMAC_NOAAPTR_ppbv, Benzene_NOAAPTR_ppbv, Toluene_NOAAPTR_ppbv, Styrene_NOAAPTR_ppbv, Benzaldehyde_NOAAPTR_ppbv, C8Aromatics_NOAAPTR_ppbv, C9Aromatics_NOAAPTR_ppbv, Naphthalene_NOAAPTR_ppbv, Octanal_NOAAPTR_ppbv, Monoterpenes_NOAAPTR_ppbv, Nonanal_NOAAPTR_ppbv, C7H4ClF3_NOAAPTR_ppbv, C10H30O5Si5_NOAAPTR_ppbv
[from data line 1402]
84120.0, 7.04913, 0.26386, 1.03628, 1.20330, 0.00198, 0.15881, 3.91008, 0.01383, 0.18015, 0.17389, 0.08967, 0.07335, 0.00165, 0.06360, 0.03047, 0.00964, -0.00223, 0.02228, 0.08208, 0.04893, 0.00386, 0.00240 
84180.0, 7.96208, 0.28764, 1.11268, 1.21467, -0.00098, 0.16810, 4.00288, 0.00000, 0.09732, 0.17653, 2.65496, 0.03729, 0.01138, 1.33147, 0.03518, 0.01648, 0.00623, 0.02555, 0.07846, 0.05622, 0.00367, 0.00144 
84240.0, 6.64952, 0.29146, 1.00240, 0.99061, 0.00251, 0.16338, 3.92261, 0.01301, 0.07885, 0.19260, 0.68211, 0.05658, 0.00816, 0.35230, 0.02152, 0.01402, 0.00310, 0.01070, 0.12223, 0.04237, 0.00525, 0.00323 
84300.0, 8.91215, 0.29927, 1.17863, 1.41579, 0.00301, 0.15847, 4.16873, 0.01364, 0.10368, 0.21244, 1.26978, 0.09846, 0.02651, 0.57366, 0.04883, 0.02600, -0.00566, 0.03196, 0.09509, 0.05057, 0.00182, 0.00096 
84360.0, 6.27849, 0.29444, 0.86834, 0.78506, -0.00098, 0.14419, 3.84952, 0.01058, 0.13987, 0.18247, 0.12110, 0.03774, 0.00321, 0.09943, 0.02948, 0.00844, 0.00266, 0.01667, 0.05836, 0.02394, 0.00562, 0.00152 
84420.0, 5.46938, 0.28506, 0.92093, 0.63657, 0.00190, 0.13846, 3.75565, -0.00017, 0.08994, 0.17513, 0.07934, 0.06975, 0.01697, 0.04921, 0.02923, 0.01328, -0.00236, 0.02135, 0.04094, 0.02447, 0.00650, 0.00199 
84480.0, 8.74712, 0.29513, 1.24953, 1.39816, 0.00272, 0.11651, 3.75589, 0.00846, 0.10835, 0.15950, 0.08313, 0.07390, 0.01675, 0.03752, 0.03895, 0.01789, 0.02178, 0.01986, 0.03766, 0.01235, 0.00131, 0.00037 
84540.0, 7.45182, 0.31868, 1.26908, 2.52924, -0.00098, 0.15756, 3.84464, 0.00833, 0.18191, 0.19055, 0.05399, 0.06928, -0.00030, 0.02643, 0.04316, 0.01582, -0.00564, 0.01542, 0.04905, 0.01901, 0.00526, 0.00168 
84600.0, 7.40849, 0.28739, 1.07432, 1.76467, 0.00099, 0.13699, 3.80758, 0.00506, 0.08016, 0.17691, 0.50596, 0.09424, 0.00979, 0.28170, 0.05449, 0.02554, -0.00261, 0.02344, 0.06321, 0.03472, 0.00049, -0.00008 
84660.0, 6.83396, 0.28762, 1.20539, 1.71266, -0.00008, 0.16387, 3.90642, 0.01198, 0.10320, 0.19370, 0.30851, 0.14660, 0.00773, 0.17665, 0.05439, 0.01694, -0.00196, 0.03344, 0.10227, 0.02504, 0.00093, 0.00169 
84720.0, 6.21090, 0.28178, 0.97890, 0.95385, 0.00155, 0.13654, 3.91760, 0.00759, 0.18763, 0.19064, 0.07195, 0.10098, 0.00585, 0.03383, 0.03281, 0.01352, -0.00157, -0.00154, 0.12649, 0.03068, 0.01332, 0.00524 
84780.0, 7.67090, 0.30714, 1.36952, 1.76877, 0.00707, 0.18138, 4.09250, 0.01787, 0.21902, 0.22444, 1.00064, 0.12298, -0.00221, 0.48585, 0.05256, 0.03172, 0.00305, 0.03117, 0.16258, 0.03573, 0.00466, 0.00417 
84840.0, 9.79526, 0.28294, 1.54806, 2.13337, 0.00192, 0.20156, 4.29996, -0.00345, 0.39210, 0.24102, 0.73936, 0.20062, 0.02596, 0.33699, 0.13747, 0.06008, 0.01656, 0.05367, 0.14848, 0.08272, 0.00303, 0.00264 
84900.0, 8.50604, 0.30592, 1.52813, 2.36907, 0.00494, 0.22167, 4.30349, 0.01937, 0.33046, 0.26153, 1.34904, 0.12946, 0.02160, 0.69810, 0.05870, 0.04231, 0.01519, 0.03532, 0.24218, 0.07759, 0.01207, 0.00563 
84960.0, 7.69338, 0.30805, 1.60638, 2.48427, 0.00587, 0.19672, 4.36685, 0.01165, 0.32117, 0.26268, 0.33677, 0.14856, 0.01311, 0.17773, 0.07481, 0.03899, 0.00627, 0.04237, 0.22006, 0.05547, 0.00825, 0.00462 
85020.0, 5.84210, 0.31815, 1.13402, 1.44766, -0.00060, 0.16196, 3.93602, 0.01338, 0.12470, 0.21267, 0.17971, 0.08600, 0.00454, 0.08998, 0.04100, 0.02091, 0.01684, 0.03019, 0.13095, 0.03269, 0.00323, 0.00033 
85080.0, 6.28501, 0.28412, 1.23582, 1.56943, 0.00192, 0.16473, 4.09117, 0.01408, 0.21400, 0.20961, 0.10991, 0.10585, -0.00221, 0.05791, 0.05613, 0.02158, 0.00151, 0.03241, 0.17051, 0.05895, 0.00245, 0.00349 
85140.0, 5.94351, 0.28909, 1.04970, 1.24876, 0.00026, 0.11559, 4.01743, 0.01583, 0.15361, 0.19459, 0.19480, 0.08429, 0.00058, 0.09535, 0.04746, 0.01805, 0.02235, 0.02901, 0.10491, 0.02767, 0.00567, 0.00300 
85200.0, 7.78424, 0.28173, 1.12019, 1.63919, 0.00055, 0.18398, 4.10680, 0.01343, 0.07543, 0.21883, 1.12407, 0.08601, 0.00937, 0.58206, 0.02904, 0.01778, 0.02025, 0.02313, 0.14175, 0.03834, 0.00501, 0.00195 
85260.0, 6.38836, 0.29242, 1.15135, 1.32747, 0.00208, 0.17929, 4.01930, 0.01432, 0.18050, 0.24961, 0.29505, 0.08184, 0.01322, 0.17990, 0.03450, 0.02134, 0.01680, 0.07061, 0.13585, 0.05659, 0.00265, 0.00200 
85320.0, 6.96520, 0.27184, 1.18648, 1.60799, 0.00312, 0.21253, 3.98293, 0.00336, 0.26822, 0.23617, 0.20114, 0.12408, 0.00658, 0.09262, 0.05259, 0.02832, 0.00149, 0.03102, 0.16499, 0.05858, 0.00278, 0.00233 
85380.0, 7.72882, 0.28155, 1.29558, 1.73688, 0.00434, 0.18731, 3.99017, 0.02274, 0.22795, 0.22060, 1.66755, 0.08067, -0.00220, 0.85806, 0.03291, 0.01743, 0.00689, 0.03256, 0.16388, 0.05382, -0.00207, 0.00166 
85440.0, 6.84019, 0.29210, 1.03302, 1.01442, 0.00071, 0.16093, 3.83442, 0.01429, 0.10095, 0.19570, 1.70118, 0.07660, -0.00220, 0.90725, 0.02810, 0.01669, 0.00764, 0.05335, 0.07950, 0.04285, -0.00206, 0.00203 
85500.0, 6.99485, 0.29422, 1.30266, 1.27303, 0.00692, 0.19585, 4.02144, 0.00948, 0.20537, 0.23685, 0.15107, 0.07830, 0.00361, 0.10977, 0.03336, 0.02011, 0.01770, 0.03225, 0.14013, 0.05801, 0.00216, 0.00325 
85560.0, 6.97558, 0.28834, 1.17682, 1.28573, 0.00304, 0.17220, 4.23226, 0.03228, 0.21479, 0.20327, 0.32225, 0.08343, 0.00931, 0.16778, 0.03103, 0.02247, 0.01198, 0.03833, 0.15007, 0.05218, 0.00712, 0.00325 
85620.0, 7.05660, 0.30502, 0.97726, 1.20772, 0.00142, 0.16759, 3.76053, 0.02470, 0.13861, 0.18447, 0.03478, 0.08907, 0.00352, 0.04522, 0.03852, 0.01413, 0.00371, 0.02115, 0.11690, 0.01356, 0.00459, 0.00225 
85680.0, 6.02989, 0.28795, 1.00626, 0.49601, -0.00096, 0.15662, 3.75824, 0.00847, 0.00856, 0.18476, 0.08086, 0.06009, 0.01660, 0.04231, 0.03124, 0.01975, 0.02459, 0.02430, 0.03683, 0.03227, -0.00015, 0.00115 
85740.0, 5.62488, 0.30919, 0.88228, 0.47943, 0.00081, 0.12449, 3.70412, 0.01842, 0.00000, 0.16500, 0.01691, 0.02404, 0.00024, 0.02191, 0.02758, 0.00580, -0.00554, 0.02691, 0.01160, 0.00700, -0.00205, 0.00224 
85800.0, 6.10974, 0.30038, 0.95393, 0.72529, 0.00140, 0.14876, 3.78303, 0.00912, 0.05463, 0.17109, 0.04600, 0.08251, 0.00069, 0.02858, 0.02577, 0.00989, -0.00554, 0.02062, 0.03022, 0.02006, 0.00291, 0.00158 
85860.0, 6.45136, 0.29719, 0.87801, 0.74703, -0.00095, 0.15924, 3.81562, 0.01072, 0.01815, 0.17936, 0.05878, 0.06078, 0.00156, 0.03012, 0.03725, 0.01434, 0.00474, 0.02048, 0.02350, 0.01420, 0.00135, 0.00120 
85920.0, 6.52068, 0.29170, 1.00815, 0.68107, 0.00255, 0.20924, 3.89318, 0.00886, 0.00000, 0.20009, 0.10495, 0.10748, 0.01949, 0.01954, 0.07802, 0.04632, -0.00388, 0.02778, 0.03293, 0.04764, 0.00227, -0.00008 
85980.0, 5.51917, 0.29272, 0.96505, 0.61634, -0.00095, 0.11814, 3.82666, 0.00644, 0.00708, 0.18931, 0.06497, 0.07513, 0.01220, 0.03189, 0.02455, 0.01494, 0.00113, 0.01110, 0.02519, 0.01466, 0.00333, 0.00169 
86040.0, 6.26933, 0.28148, 0.91749, 0.81611, -0.00068, 0.14518, 3.80622, 0.00972, 0.02529, 0.16608, 0.05860, 0.04813, 0.00507, 0.04443, 0.01950, 0.01112, 0.00724, 0.00819, 0.02851, 0.01157, 0.00112, 0.00156 
86100.0, 5.88412, 0.29617, 0.89228, 0.76056, 0.00268, 0.11468, 3.86534, 0.01422, 0.14131, 0.17797, 0.07946, 0.04730, -0.00121, 0.03094, 0.03195, 0.01215, 0.00787, 0.02109, 0.03870, 0.01477, 0.00477, 0.00237 
86160.0, 6.90129, 0.29818, 1.16128, 1.62293, 0.00082, 0.14302, 3.98124, 0.01602, 0.09364, 0.17373, 0.48676, 0.09724, 0.01354, 0.23582, 0.05907, 0.03542, 0.01880, 0.02116, 0.06929, 0.03951, 0.00181, 0.00118 
86220.0, 6.85667, 0.28925, 1.07500, 0.83312, 0.00074, 0.14565, 3.81905, 0.00425, 0.07321, 0.19627, 0.58665, 0.07228, 0.01049, 0.30461, 0.03672, 0.01585, 0.01257, 0.02203, 0.06089, 0.02306, 0.00204, 0.00148 
86280.0, 8.45062, 0.29796, 1.33003, 4.89039, 0.00230, 0.19926, 4.26646, 0.02047, 0.22238, 0.23486, 0.72223, 0.66769, 0.04494, 0.26423, 0.39552, 0.15396, 0.03220, 0.02918, 0.07009, 0.06155, 0.00528, 0.00336 
86340.0, 8.03156, 0.32655, 1.27449, 3.05461, 0.00226, 0.16900, 4.04336, 0.00374, 0.21265, 0.20265, 0.78381, 0.09220, 0.01149, 0.34361, 0.05847, 0.01994, -0.00420, 0.02706, 0.07053, 0.02533, -0.00073, 0.00170 
