CampaignData_and_Merges/R0/CSL_MobileLab_Parked/raw/20240716/USOS-Picarro-CO2-CH4-CO-H2O_MobileLabGround_20240716_R0.ict
38, 1001
Ilana Pollack, Nell Schafer, and Jeff Peischl
NOAA Chemical Sciences Laboratory
Picarro 2401-m CO2/CH4/CO/H2O Analyzer
USOS
1, 1
2024, 07, 16, 2024, 11, 20
0
StartTime_UTC, seconds_past_midnight, seconds past midnight
5
1, 1, 1, 1, 1
-9999, -9999, -9999, -9999, -9999
StopTime_UTC, seconds_past_midnight, seconds past midnight
CO2_ppm_1min, ppm, Gas_CO2_InSitu_S_DMF, carbon dioxide mixing ratio
CH4_ppb_1min, ppb, Gas_CH4_InSitu_S_DMF, methane mixing ratio
CO_ppb_1min, ppb, Gas_CO_InSitu_S_DMF, carbon monoxide mixing ratio
H2O_ppmv_1min, ppmv, Met_H2OMRV_InSitu_S_AVMR, water vapor mixing ratio
1
SPECIAL COMMENTS: N/A
18
PI_CONTACT_INFO: Address: NOAA Chemical Sciences Laboratory, Mail Stop CSL7, 325 Broadway, Boulder, CO 80305; Email: Ilana.Pollack@noaa.gov
PLATFORM: NOAA CSL Mobile Laboratory
LOCATION: The mobile lab was stationed in Salt Lake City, Utah.
ASSOCIATED_DATA: N/A
INSTRUMENT_INFO: CO2, CH4, and CO are reported as dry air mole fractions using a commercial wavelength-scanned cavity ring-down analyzer (Picarro 2401-m). An in-field calibration gas standard of 432±0.07 ppm CO2, 2095±1 ppb CH4, and 183±1 ppb CO, calibrated in the Boulder laboratories before and after the field project using primary CO2, CH4, and CO standard tanks tied to the WMO standard (X2019, X2004A, and X2014A, respectively) from the Global Monitoring Laboratory (GML), was delivered to the inlet every 2-3 days to evaluate instrument sensitivity. A H2O measurement was calibrated before the project with a Dew Point Mirror 373 hygrometer. The water correction calculated from these calibrations was applied to the H2O measurement for the entire campaign. Species are measured at 0.5 Hz and reported as 1-minute averages for stationary measurements.
DATA_INFO: Units: CO2, ppm, dry air mole fraction; CH4, ppb, dry air mole fraction; CO, ppb, dry air mole fraction; H2O, ppmv
UNCERTAINTY: Total uncertainties are estimated as ±0.1 ppm for CO2, ±1 ppb for CH4, ±5 ppb for CO, and ±(50 ppm + 4%) for H2O.
ULOD_FLAG: -7777
ULOD_VALUE: N/A
LLOD_FLAG: -8888
LLOD_VALUE: N/A
DM_CONTACT_INFO: Data Manager: Nathan Howard; nathan.h.howard@noaa.gov
PROJECT_INFO: USOS Dates of Study: July – August 2024
STIPULATIONS_ON_USE: Use of these data require prior ok from PI.
OTHER_COMMENTS: Data are averaged to 1 minute intervals. Stationary data collected from a 10 ft tower on top of the mobile van.
REVISION: R0
R0: Final Data
StartTime_UTC, StopTime_UTC, CO2_ppm_1min, CH4_ppb_1min, CO_ppb_1min, H2O_ppmv_1min
[from data line 381]
22860,22920,449.71,1997.4,177.2,12174.4932
22920,22980,447.23,1990.1,163.6,12001.7607
22980,23040,445.79,1989.6,161.5,11812.7354
23040,23100,445.76,1988.2,160.3,11794.2109
23100,23160,447.28,1989.5,162.2,11855.5479
23160,23220,446.21,1988.4,161.5,11810.0137
23220,23280,445.55,1987.3,159.5,11769.9326
23280,23340,445.60,1987.1,158.2,11764.3467
23340,23400,444.49,1985.0,158.0,11690.3340
23400,23460,445.69,1985.0,157.7,11830.4902
23460,23520,447.71,1983.7,155.6,12027.7471
23520,23580,447.25,1982.9,156.0,11872.3594
23580,23640,445.79,1984.7,157.2,11764.1670
23640,23700,445.72,1985.7,158.4,11728.3379
23700,23760,446.56,1985.7,159.4,11799.2939
23760,23820,445.63,1985.9,157.0,11706.7168
23820,23880,447.15,1985.4,158.0,11776.0605
23880,23940,445.93,1979.5,155.0,11683.1572
23940,24000,446.91,1991.5,151.7,11756.1279
24000,24060,450.63,1998.3,159.1,12081.7363
24060,24120,444.96,1982.8,153.6,11622.6836
24120,24180,447.36,1983.4,153.8,11736.9248
24180,24240,447.20,1982.5,161.5,11837.2041
24240,24300,445.99,1981.6,170.5,11649.1357
24300,24360,445.97,1981.8,170.6,11698.8076
24360,24420,446.14,1981.4,151.9,11712.4355
24420,24480,446.77,1980.6,152.9,11845.5342
24480,24540,447.51,1979.2,152.0,11883.2197
24540,24600,447.33,1978.7,151.9,11918.5596
24600,24660,447.50,1978.5,152.4,11869.7285
24660,24720,446.40,1976.5,153.2,11700.2686
24720,24780,448.10,1976.7,156.2,11813.3701
24780,24840,447.78,1975.1,168.2,11720.0303
24840,24900,446.07,1975.4,148.1,11654.6973
24900,24960,446.27,1977.3,154.8,11671.5967
24960,25020,447.43,1980.4,154.7,11851.1416
25020,25080,446.90,1980.1,151.1,11722.7949
25080,25140,445.95,1978.0,150.8,11666.2480
25140,25200,445.46,1976.5,148.2,11629.6553
25200,25260,446.16,1975.6,148.0,11676.8965
25260,25320,445.30,1974.3,150.7,11575.0830
25320,25380,445.69,1975.0,151.7,11633.1504
25380,25440,444.39,1973.6,148.3,11439.4658
25440,25500,443.92,1973.9,149.6,11423.0000
25500,25560,444.45,1971.9,149.4,11487.2930
25560,25620,446.21,1971.7,152.3,11470.9150
25620,25680,442.79,1969.7,148.4,11343.0986
25680,25740,443.30,1971.1,151.2,11425.7305
25740,25800,443.44,1971.6,148.8,11526.6846
25800,25860,444.73,1976.7,153.1,11548.2656
25860,25920,444.76,1978.7,153.9,11444.8086
25920,25980,445.95,1982.6,159.3,11501.9248
25980,26040,448.80,1985.0,178.2,11790.2256
26040,26100,450.75,1986.2,190.1,11974.5215
26100,26160,451.21,1985.7,189.2,12047.1768
26160,26220,448.55,1981.1,181.8,11849.8184
26220,26280,448.67,1979.7,180.7,11905.9736
26280,26340,449.15,1980.3,184.5,11952.1484
26340,26400,449.52,1980.9,182.2,11967.0283
26400,26460,450.27,1981.6,185.0,12063.7998
26460,26520,451.76,1983.9,188.4,12203.4189
26520,26580,450.33,1981.2,183.9,12025.2783
26580,26640,449.87,1980.2,180.2,11948.4580
26640,26700,449.04,1978.6,177.9,11883.6426
26700,26760,448.00,1976.9,176.3,11809.1445
26760,26820,448.74,1978.1,178.5,11867.8457
26820,26880,449.28,1979.1,178.6,11902.8213
26880,26940,449.55,1980.2,179.8,11911.3711
26940,27000,449.98,1980.8,180.2,11935.8945
27000,27060,452.69,1981.2,179.8,12221.0322
27060,27120,452.27,1980.8,178.7,12173.8828
27120,27180,453.60,1981.3,179.9,12298.4941
27180,27240,453.65,1981.5,181.4,12341.9482
27240,27300,453.94,1984.9,218.9,12221.9688
27300,27360,453.10,1987.9,311.5,12048.1719
27360,27420,457.45,1993.4,469.3,12307.5596
27420,27480,457.22,1991.0,288.3,12337.0225
27480,27540,453.80,1991.0,300.4,12189.9443
27540,27600,454.24,1990.8,237.1,12427.1221
27600,27660,449.77,1982.9,186.0,11999.3203
27660,27720,452.41,1985.4,184.3,12186.6934
27720,27780,454.12,1987.1,183.2,12233.3896
27780,27840,456.40,1989.4,184.4,12516.6943
27840,27900,451.20,1984.9,178.8,12047.1758
27900,27960,453.60,1988.7,209.2,12122.4170
27960,28020,449.93,1983.8,175.5,11888.1768
28020,28080,452.63,1989.0,179.0,12132.6563
28080,28140,449.08,1987.8,179.8,11840.3838
28140,28200,450.27,1987.3,179.4,11969.4160
28200,28260,447.81,1986.5,174.8,11809.5049
28260,28320,448.20,1987.0,179.1,11790.7568
28320,28380,449.34,1988.8,182.0,11873.1787
28380,28440,448.33,1987.8,177.5,11829.2920
28440,28500,448.44,1987.1,173.1,11890.9941
28500,28560,445.54,1983.9,170.3,11779.3740
28560,28620,447.72,1987.3,182.6,11895.2910
28620,28680,447.06,1985.5,168.5,11886.8701
28680,28740,446.21,1981.9,165.4,11754.7500
28740,28800,443.69,1978.1,161.1,11618.9141
28800,28860,445.72,1983.2,163.1,11690.1582
28860,28920,443.78,1978.0,159.1,11643.7666
28920,28980,441.95,1972.2,154.6,11603.7100
28980,29040,440.10,1969.0,153.2,11485.1777
29040,29100,439.78,1967.6,152.3,11495.1875
29100,29160,438.69,1966.0,151.2,11414.4346
29160,29220,438.74,1965.6,153.1,11458.1123
29220,29280,437.98,1964.2,151.5,11481.5664
29280,29340,438.34,1964.8,150.0,11533.5293
29340,29400,438.08,1965.0,150.0,11499.9365
29400,29460,437.70,1964.3,150.9,11478.2979
29460,29520,438.85,1964.6,150.9,11685.6240
29520,29580,438.00,1964.7,151.4,11542.2891
29580,29640,438.31,1965.5,149.3,11611.3848
29640,29700,438.15,1965.0,150.8,11637.2246
29700,29760,437.71,1964.5,152.5,11626.0508
29760,29820,437.17,1963.6,151.6,11552.6133
29820,29880,438.21,1963.6,153.8,11679.8799
29880,29940,437.04,1964.7,152.9,11584.0391
29940,30000,438.60,1964.5,153.2,11737.9463
30000,30060,438.23,1964.3,153.6,11726.4824
30060,30120,437.61,1964.0,152.3,11653.3857
30120,30180,436.83,1963.6,154.3,11599.4805
30180,30240,436.75,1963.7,153.5,11603.7793
30240,30300,437.45,1964.4,152.6,11694.5879
30300,30360,437.58,1964.5,152.5,11735.6396
30360,30420,437.24,1963.7,151.6,11694.5625
30420,30480,436.49,1963.2,151.8,11620.3809
30480,30540,438.88,1964.7,153.2,11796.4482
30540,30600,437.56,1964.4,153.8,11730.6982
30600,30660,436.96,1964.0,151.9,11690.7168
30660,30720,436.57,1963.7,152.1,11689.2061
30720,30780,437.15,1963.8,153.9,11730.3926
30780,30840,436.40,1963.8,152.0,11691.4971
30840,30900,436.92,1964.3,153.6,11746.7070
30900,30960,436.83,1964.0,154.2,11722.9707
30960,31020,436.92,1964.3,153.4,11798.5840
31020,31080,436.64,1965.1,153.4,11753.1729
31080,31140,437.24,1965.1,152.7,11832.2598
31140,31200,436.51,1965.2,154.3,11794.2383
31200,31260,437.03,1964.8,153.4,11849.3867
31260,31320,436.45,1964.5,154.5,11815.1953
31320,31380,437.26,1964.5,153.5,11868.0957
31380,31440,435.63,1964.3,153.5,11798.1758
31440,31500,437.21,1965.5,155.1,11830.8486
31500,31560,436.97,1965.3,156.6,11822.5664
31560,31620,437.69,1965.6,156.2,11909.0840
31620,31680,437.81,1965.9,157.3,11960.8838
31680,31740,435.65,1964.7,154.7,11840.5205
31740,31800,436.61,1965.5,155.5,11897.2119
31800,31860,436.04,1965.2,155.1,11834.6348
31860,31920,438.24,1966.1,158.2,11978.2363
31920,31980,437.90,1966.1,157.4,11945.2930
31980,32040,438.41,1966.3,156.0,12057.1250
32040,32100,439.13,1967.0,161.9,12014.8418
32100,32160,437.10,1965.8,159.6,11925.9551
32160,32220,436.38,1964.7,156.1,11923.5850
32220,32280,436.24,1966.0,154.6,11879.8623
32280,32340,437.61,1966.2,153.9,12040.6533
32340,32400,438.25,1966.0,156.0,12075.8633
32400,32460,436.96,1966.6,156.5,11930.2852
32460,32520,436.13,1966.2,154.7,11823.7158
32520,32580,436.54,1965.7,154.5,11845.9229
32580,32640,437.04,1965.6,154.7,11889.6465
32640,32700,436.99,1965.6,155.6,11911.8809
32700,32760,436.66,1967.1,155.9,11872.6123
32760,32820,438.40,1968.3,155.2,12008.8057
32820,32880,438.61,1969.5,154.8,12014.7090
32880,32940,437.34,1969.3,157.1,11928.1201
32940,33000,437.34,1969.5,155.7,11932.2588
33000,33060,437.00,1970.7,157.0,11880.4912
33060,33120,437.74,1970.1,155.7,11949.4434
33120,33180,438.16,1968.2,233.7,11914.7754
33180,33240,438.26,1969.0,164.6,11939.4512
33240,33300,438.72,1969.7,168.7,11956.8203
33300,33360,438.64,1969.2,158.6,11964.4238
33360,33420,438.07,1968.3,155.6,11911.6924
33420,33480,437.71,1967.7,160.8,11881.1973
33480,33540,438.89,1967.7,171.6,11966.9961
33540,33600,438.78,1967.2,156.5,11965.0088
33600,33660,438.75,1968.2,153.8,11941.9971
33660,33720,438.53,1968.8,155.8,11914.0811
33720,33780,437.99,1968.5,154.0,11859.2969
33780,33840,438.81,1969.3,155.1,11937.0439
33840,33900,438.56,1968.8,154.6,11914.9619
33900,33960,439.57,1967.7,155.9,11942.9473
33960,34020,439.67,1968.3,154.2,11979.7441
34020,34080,439.66,1968.9,156.4,11988.9473
34080,34140,438.97,1969.7,158.5,11921.4424
34140,34200,441.44,1972.2,158.7,12055.4297
34200,34260,442.38,1976.1,158.0,12114.5107
34260,34320,441.57,1979.4,161.1,12029.3555
34320,34380,441.27,1976.7,159.4,11938.6992
34380,34440,441.56,1975.9,162.0,11900.4678
34440,34500,442.89,1979.1,160.5,11996.8633
34500,34560,443.17,1980.1,163.3,11981.2197
34560,34620,443.57,1976.6,161.6,11979.9854
34620,34680,440.14,1974.0,157.5,11846.5010
34680,34740,441.03,1974.3,159.4,11884.0859
34740,34800,439.97,1973.4,160.3,11879.8359
34800,34860,441.74,1976.1,166.3,11939.2520
34860,34920,443.47,1978.2,165.1,12011.8096
34920,34980,442.46,1975.9,157.6,11952.9541
34980,35040,440.63,1975.4,157.1,11903.6016
35040,35100,440.51,1977.2,155.6,11918.9199
35100,35160,447.34,1986.0,161.9,12207.0518
35160,35220,447.89,1987.3,166.1,12250.1650
35220,35280,451.44,1989.4,175.7,12269.8975
35280,35340,448.76,1991.5,169.8,12181.0439
35340,35400,450.09,1995.4,179.4,12197.3242
35400,35460,449.82,2000.9,180.0,12236.1152
35460,35520,447.16,1991.4,166.9,12123.8711
35520,35580,445.82,1981.1,160.6,12079.8779
35580,35640,441.87,1978.3,186.9,11904.6758
35640,35700,440.20,1973.3,170.4,11831.8320
35700,35760,440.75,1973.0,163.8,11910.2803
35760,35820,439.92,1973.3,157.8,11821.2627
35820,35880,444.59,1983.4,164.2,12108.3428
35880,35940,448.67,1996.2,170.6,12202.2383
35940,36000,445.65,1984.5,165.4,12103.2490
36000,36060,449.43,1999.3,185.2,12236.1641
36060,36120,448.35,1994.5,223.0,12195.0078
36120,36180,444.71,1987.6,196.6,12012.8242
36180,36240,442.06,1978.0,160.8,11917.8467
36240,36300,443.66,1982.6,160.3,12046.4297
36300,36360,442.51,1978.0,159.0,11930.1973
36360,36420,447.78,1992.5,169.5,12151.7344
36420,36480,445.78,1986.1,164.4,12078.7090
36480,36540,441.85,1971.9,155.1,11889.6719
36540,36600,441.10,1969.9,155.3,11878.8779
36600,36660,441.66,1970.3,155.8,11946.3740
36660,36720,440.19,1969.3,154.8,11817.9648
36720,36780,439.71,1967.7,154.7,11760.8994
36780,36840,438.86,1965.2,153.3,11689.1533
36840,36900,439.38,1965.9,153.1,11738.1611
36900,36960,440.65,1966.2,153.0,11858.0000
36960,37020,439.28,1966.2,153.9,11739.6855
37020,37080,439.37,1967.3,154.0,11724.7422
37080,37140,439.24,1967.3,153.8,11720.4473
37140,37200,439.20,1968.7,153.1,11720.1094
37200,37260,438.86,1969.5,153.2,11714.3398
37260,37320,439.16,1969.7,153.7,11736.6543
37320,37380,441.25,1968.5,154.8,11820.2861
37380,37440,439.77,1970.8,155.3,11765.0586
37440,37500,439.73,1969.5,154.3,11769.6855
37500,37560,440.08,1970.7,154.6,11844.0176
37560,37620,444.45,1974.3,159.0,12065.8330
37620,37680,444.88,1976.4,156.8,12065.9746
37680,37740,442.15,1976.9,162.8,11993.4092
37740,37800,442.94,1978.5,157.3,12088.4180
37800,37860,445.88,1986.1,163.3,12202.8096
37860,37920,448.35,1992.6,167.2,12344.6523
37920,37980,446.69,1997.6,163.2,12315.5684
37980,38040,446.20,1994.9,166.8,12340.0840
38040,38100,445.68,1996.1,162.3,12296.0078
38100,38160,447.93,2002.4,163.3,12455.3760
38160,38220,447.64,1999.3,162.2,12418.4727
38220,38280,448.20,1998.9,164.9,12349.1982
38280,38340,451.19,2000.9,170.5,12421.7021
38340,38400,449.17,1994.7,172.4,12453.7500
38400,38460,445.85,1991.7,172.0,12394.9238
38460,38520,445.94,1992.5,167.6,12398.6074
38520,38580,448.83,1997.3,192.1,12524.1807
38580,38640,449.57,2002.5,318.0,12561.4736
38640,38700,447.36,2000.7,217.1,12815.9717
38700,38760,465.63,2002.7,213.0,13085.7412
38760,38820,455.72,2003.5,183.5,12746.5938
38820,38880,450.16,2000.8,176.4,12735.2168
38880,38940,457.12,2009.7,170.1,12974.9502
38940,39000,454.23,2011.7,188.3,13022.1865
39000,39060,453.17,2009.7,192.5,13015.1279
39060,39120,455.51,2008.9,187.5,13106.5625
39120,39180,453.26,2007.3,186.9,12923.1963
39180,39240,455.22,2010.2,180.4,12923.6865
39240,39300,454.83,2010.1,189.2,12889.8535
39300,39360,454.99,2008.8,188.9,12918.4863
39360,39420,452.35,2004.3,183.2,12810.0918
39420,39480,447.97,1994.3,170.1,12414.2080
39480,39540,450.97,1998.0,172.3,12598.4551
39540,39600,451.08,1999.0,172.1,12553.8301
39600,39660,448.10,1993.4,167.9,12333.1348
39660,39720,450.73,1992.8,165.9,12408.5068
39720,39780,448.23,1990.0,165.6,12268.0195
39780,39840,447.77,1991.1,163.4,12284.2305
39840,39900,448.77,1990.9,166.6,12319.5537
39900,39960,449.36,1992.3,167.9,12353.1963
39960,40020,450.06,1992.3,169.5,12364.6641
40020,40080,450.27,1991.0,173.8,12311.5645
40080,40140,450.99,1991.7,175.2,12331.8535
40140,40200,451.77,1991.5,174.9,12404.8828
40200,40260,454.02,1990.6,172.6,12533.4150
40260,40320,450.83,1988.5,172.5,12247.0977
40320,40380,450.47,1987.9,173.6,12241.7148
40380,40440,450.50,1988.2,174.9,12269.2529
40440,40500,450.36,1987.8,172.1,12237.0449
40500,40560,451.96,1988.3,171.3,12300.8584
40560,40620,453.20,1988.5,172.0,12366.8262
40620,40680,451.16,1988.4,170.7,12257.8857
40680,40740,450.82,1987.6,173.7,12249.8564
40740,40800,451.49,1988.2,175.8,12272.3740
40800,40860,452.30,1988.6,185.5,12252.6982
40860,40920,452.26,1987.8,193.7,12252.4219
40920,40980,452.06,1987.2,195.2,12196.7539
40980,41040,453.08,1987.5,193.2,12243.7178
41040,41100,454.30,1988.1,202.3,12259.3770
41100,41160,453.55,1988.1,199.5,12249.5303
41160,41220,455.03,1988.3,199.8,12303.5713
41220,41280,453.00,1988.6,190.4,12258.9951
41280,41340,451.95,1989.8,180.9,12236.5742
41340,41400,453.95,1990.0,184.0,12299.6426
41400,41460,452.51,1990.2,178.9,12271.7891
41460,41520,452.77,1991.0,177.6,12292.1113
41520,41580,452.79,1992.4,179.0,12300.4824
41580,41640,455.86,1993.9,183.5,12366.7119
41640,41700,452.65,1993.6,177.1,12347.2598
41700,41760,454.91,1994.1,182.5,12346.7910
41760,41820,455.07,1994.1,182.2,12396.6035
41820,41880,453.50,1994.3,192.3,12382.1299
41880,41940,453.24,1994.6,207.1,12371.0449
41940,42000,455.94,1997.1,214.3,12454.6279
42000,42060,458.78,2004.3,212.5,12494.2441
42060,42120,459.82,2006.5,213.0,12522.4609
42120,42180,462.31,2007.3,207.2,12659.7930
42180,42240,459.06,2004.2,199.7,12639.8125
42240,42300,461.93,2003.5,216.4,12570.5410
42300,42360,467.73,2003.0,231.5,12644.3271
42360,42420,464.50,2002.7,231.5,12603.0840
42420,42480,464.55,2012.0,267.8,12686.2500
42480,42540,461.34,2022.5,263.2,12739.2100
42540,42600,462.22,2022.0,198.5,12779.3223
42600,42660,460.48,2011.6,198.9,12790.7324
42660,42720,460.77,2009.7,201.9,12799.7158
42720,42780,457.38,2005.8,190.5,12785.1396
42780,42840,459.60,2006.5,198.5,12856.8418
42840,42900,457.79,2005.7,207.2,12819.6836
42900,42960,460.52,2007.4,225.9,12865.2725
42960,43020,462.31,2007.5,242.1,12895.7266
43020,43080,457.57,2005.7,221.8,12834.9473
43080,43140,461.78,2005.6,222.0,12971.4775
43140,43200,458.04,2003.5,209.0,12885.0410
43200,43260,457.84,2003.4,235.4,12960.6865
43260,43320,457.54,2002.1,208.0,12919.5771
43320,43380,460.15,2001.8,208.3,12877.1436
43380,43440,461.54,2003.6,226.6,12929.3340
43440,43500,456.60,2000.3,206.3,12885.7842
43500,43560,458.09,2002.2,205.4,12971.9717
43560,43620,455.47,1999.5,189.9,12905.4219
43620,43680,454.61,1998.9,187.7,12898.2432
43680,43740,453.49,1995.4,178.7,12821.2334
43740,43800,455.80,1998.9,184.3,12919.7842
43800,43860,453.81,1997.6,177.7,12879.5977
43860,43920,454.70,1998.7,179.2,12936.1855
43920,43980,455.65,1999.8,183.1,12960.0771
43980,44040,456.87,1999.0,194.8,12931.8672
44040,44100,456.42,1994.0,197.4,12835.3496
44100,44160,459.85,1994.9,286.7,12831.8027
44160,44220,467.78,1999.6,292.8,13050.1064
44220,44280,463.95,2002.5,223.9,13142.3408
44280,44340,461.68,2003.5,192.4,13151.6152
44340,44400,459.29,2002.9,187.5,12961.4863
44400,44460,454.93,1998.2,208.9,12716.0654
44460,44520,453.80,2006.7,220.8,12631.8779
44520,44580,452.95,2020.0,261.5,12566.2158
44580,44640,456.83,2008.0,330.5,12799.3721
44640,44700,458.98,2013.3,234.6,12709.1377
44700,44760,463.19,1997.5,265.4,12557.5420
44760,44820,458.64,1997.5,218.7,12541.9844
44820,44880,460.68,1998.9,210.1,12710.5010
44880,44940,459.77,1998.3,224.7,12669.6250
44940,45000,459.11,1994.5,220.3,12617.3447
45000,45060,460.66,1988.7,223.6,12555.7656
45060,45120,461.18,1988.5,284.2,12543.6260
