CampaignData_and_Merges/R0/CSL_MobileLab_Parked/raw/20240716/USOS-O3_MobileLabGround_20240716_R0.ict
34, 1001
Carrie Womack
NOAA Chemical Sciences Laboratory
2B Tech O3 UV Analyzer
USOS
1, 1
2024, 07, 16, 2024, 12, 21
60
Time_Start, seconds_past_midnight, Seconds from midnight UTC
1
1
-9999
O3_ppb, ppb, Ozone from 2B Tech UV Analyzer
1
SPECIAL COMMENTS:
18
PI_CONTACT_INFO: Address: 325 Broadway R/CSL7, Boulder, CO, 80305
PLATFORM: CSL Mobile Lab
LOCATION: Salt Lake City, UT
ASSOCIATED_DATA: N/A
INSTRUMENT_INFO: N/A
DATA_INFO: Units:
UNCERTAINTY: N/A
ULOD_FLAG: -7777
ULOD_VALUE: N/A
LLOD_FLAG: -8888
LLOD_VALUE: N/A
DM_CONTACT_INFO: Data Manager: Nate Howard
PROJECT_INFO: 
STIPULATIONS_ON_USE: Use of these data require prior ok from PI.
OTHER_COMMENTS: N/A
REVISION: R0
R0: Final data. RA: Preliminary Data.  For in-field use only.
Time_Start, O3_ppb
[from data line 1022]
61320.0,68.4
61380.0,62.6
61440.0,65.7
61500.0,68.2
61560.0,69.5
61620.0,69.3
61680.0,68.1
61740.0,69.4
61800.0,70.5
61860.0,69.6
61920.0,70.9
61980.0,70.1
62040.0,71.0
62100.0,70.8
62160.0,70.8
62220.0,70.6
62280.0,71.1
62340.0,69.6
62400.0,69.5
62460.0,69.0
62520.0,68.9
62580.0,71.0
62640.0,69.4
62700.0,70.3
62760.0,71.5
62820.0,70.8
62880.0,69.2
62940.0,68.7
63000.0,68.5
63060.0,70.3
63120.0,70.6
63180.0,72.6
63240.0,71.9
63300.0,71.1
63360.0,71.9
63420.0,70.7
63480.0,71.1
63540.0,70.9
63600.0,73.8
63660.0,72.6
63720.0,71.1
63780.0,71.4
63840.0,73.0
63900.0,71.6
63960.0,70.4
64020.0,71.9
64080.0,70.5
64140.0,71.8
64200.0,74.7
64260.0,72.2
64320.0,71.4
64380.0,74.8
64440.0,77.6
64500.0,74.5
64560.0,76.8
64620.0,77.0
64680.0,74.5
64740.0,73.5
64800.0,77.8
64860.0,77.4
64920.0,77.6
64980.0,76.8
65040.0,75.2
65100.0,75.4
65160.0,76.9
65220.0,79.7
65280.0,80.6
65340.0,78.7
65400.0,79.2
65460.0,78.7
65520.0,80.1
65580.0,78.5
65640.0,77.3
65700.0,76.4
65760.0,77.7
65820.0,80.6
65880.0,81.4
65940.0,81.9
66000.0,81.4
66060.0,80.6
66120.0,80.3
66180.0,81.9
66240.0,79.3
66300.0,78.4
66360.0,78.7
66420.0,77.0
66480.0,81.0
66540.0,77.2
66600.0,78.7
66660.0,77.6
66720.0,81.4
66780.0,81.5
66840.0,82.1
66900.0,84.9
66960.0,83.3
67020.0,82.7
67080.0,83.7
67140.0,80.9
67200.0,81.0
67260.0,80.5
67320.0,82.3
67380.0,78.4
67440.0,77.5
67500.0,76.9
67560.0,79.5
67620.0,83.2
67680.0,83.7
67740.0,84.8
67800.0,81.6
67860.0,83.2
67920.0,82.8
67980.0,83.8
68040.0,82.7
68100.0,83.8
68160.0,82.1
68220.0,86.4
68280.0,86.4
68340.0,86.7
68400.0,87.6
68460.0,86.8
68520.0,86.8
68580.0,85.1
68640.0,83.5
68700.0,87.8
68760.0,87.9
68820.0,86.3
68880.0,85.7
68940.0,86.4
69000.0,88.7
69060.0,87.9
69120.0,87.0
69180.0,91.5
69240.0,91.0
69300.0,89.4
69360.0,90.4
69420.0,91.7
69480.0,92.4
69540.0,92.5
69600.0,91.6
69660.0,84.8
69720.0,83.7
69780.0,84.2
69840.0,84.1
69900.0,82.8
69960.0,83.2
70020.0,83.8
70080.0,83.2
70140.0,83.3
70200.0,83.8
70260.0,81.6
70320.0,82.8
70380.0,81.9
70440.0,84.2
70500.0,81.6
70560.0,83.6
70620.0,82.7
70680.0,81.1
70740.0,79.4
70800.0,77.9
70860.0,77.1
70920.0,76.2
70980.0,74.2
71040.0,75.7
71100.0,75.6
71160.0,73.9
71220.0,74.5
71280.0,75.1
71340.0,73.8
71400.0,75.7
71460.0,75.0
71520.0,74.0
71580.0,77.2
71640.0,75.8
71700.0,76.4
71760.0,74.5
71820.0,74.6
71880.0,74.8
71940.0,73.7
72000.0,74.6
72060.0,74.9
72120.0,77.3
72180.0,77.0
72240.0,78.1
72300.0,76.0
72360.0,74.4
72420.0,74.3
72480.0,74.8
72540.0,73.7
72600.0,74.4
72660.0,74.1
72720.0,74.5
72780.0,71.6
72840.0,72.4
72900.0,71.6
72960.0,73.4
73020.0,71.2
73080.0,72.5
73140.0,74.0
73200.0,74.6
73260.0,74.4
73320.0,73.4
73380.0,71.4
73440.0,72.9
73500.0,74.7
73560.0,73.9
73620.0,74.8
73680.0,74.7
73740.0,71.0
73800.0,74.7
73860.0,74.5
73920.0,75.1
73980.0,73.6
74040.0,73.7
74100.0,72.5
74160.0,72.8
74220.0,72.5
74280.0,72.2
74340.0,72.5
74400.0,74.1
74460.0,72.7
74520.0,72.7
74580.0,73.0
74640.0,72.5
74700.0,72.6
74760.0,73.5
74820.0,75.0
74880.0,73.6
74940.0,73.1
75000.0,72.5
75060.0,72.9
75120.0,73.1
75180.0,73.1
75240.0,73.3
75300.0,73.2
75360.0,73.5
75420.0,75.1
75480.0,72.6
75540.0,71.0
75600.0,71.4
75660.0,71.1
75720.0,72.9
75780.0,72.2
75840.0,70.2
75900.0,69.6
75960.0,70.4
76020.0,70.4
76080.0,69.8
76140.0,69.6
76200.0,71.2
76260.0,71.5
76320.0,70.7
76380.0,70.2
76440.0,72.0
76500.0,71.4
76560.0,70.5
76620.0,70.9
76680.0,70.6
76740.0,70.9
76800.0,71.5
76860.0,69.0
76920.0,72.2
76980.0,71.6
77040.0,66.9
77100.0,71.1
77160.0,70.0
77220.0,68.6
77280.0,69.2
77340.0,68.7
77400.0,69.0
77460.0,66.4
77520.0,67.7
77580.0,67.2
77640.0,66.6
77700.0,66.4
77760.0,67.2
77820.0,67.3
77880.0,69.0
77940.0,63.0
78000.0,66.1
78060.0,67.5
78120.0,68.7
78180.0,67.1
78240.0,66.0
78300.0,66.9
78360.0,65.8
78420.0,67.8
78480.0,66.6
78540.0,66.0
78600.0,68.2
78660.0,67.7
78720.0,67.9
78780.0,66.9
78840.0,66.3
78900.0,65.9
78960.0,67.5
79020.0,68.0
79080.0,67.0
79140.0,67.1
79200.0,65.8
79260.0,66.1
79320.0,65.7
79380.0,67.3
79440.0,67.2
79500.0,68.0
79560.0,66.3
79620.0,67.9
79680.0,67.3
79740.0,67.0
79800.0,67.1
79860.0,69.1
79920.0,68.4
79980.0,68.2
80040.0,67.2
80100.0,66.9
80160.0,65.0
80220.0,66.8
80280.0,68.8
80340.0,67.1
80400.0,67.1
80460.0,68.5
80520.0,69.6
80580.0,69.0
80640.0,68.1
80700.0,69.7
80760.0,69.1
80820.0,69.4
80880.0,68.1
80940.0,69.1
81000.0,71.5
81060.0,70.5
81120.0,69.7
81180.0,71.3
81240.0,71.6
81300.0,72.2
81360.0,70.5
81420.0,70.1
81480.0,68.9
81540.0,68.0
81600.0,70.0
81660.0,71.4
81720.0,70.4
81780.0,68.2
81840.0,70.0
81900.0,69.9
81960.0,68.7
82020.0,71.3
82080.0,70.2
82140.0,71.0
82200.0,68.6
82260.0,68.3
82320.0,70.5
82380.0,70.8
82440.0,70.5
82500.0,70.1
82560.0,70.8
82620.0,71.3
82680.0,68.3
82740.0,67.6
82800.0,67.3
82860.0,69.1
82920.0,69.6
82980.0,69.3
83040.0,70.8
83100.0,70.0
83160.0,71.2
83220.0,70.5
83280.0,69.4
83340.0,68.6
83400.0,69.5
83460.0,71.3
83520.0,71.5
83580.0,72.0
83640.0,70.6
83700.0,70.0
83760.0,70.8
83820.0,70.4
83880.0,69.2
83940.0,69.4
84000.0,68.1
84060.0,68.3
84120.0,70.0
84180.0,69.2
84240.0,69.5
84300.0,69.4
84360.0,69.5
84420.0,72.3
84480.0,69.1
84540.0,67.1
84600.0,69.3
84660.0,69.9
84720.0,69.8
84780.0,67.9
84840.0,68.0
84900.0,67.5
84960.0,67.2
85020.0,69.0
85080.0,70.5
85140.0,70.8
85200.0,68.9
85260.0,70.1
85320.0,68.7
85380.0,67.8
85440.0,68.7
85500.0,68.9
85560.0,68.7
85620.0,71.2
85680.0,68.3
85740.0,72.0
85800.0,71.5
85860.0,69.5
85920.0,68.0
85980.0,71.0
86040.0,72.0
86100.0,72.7
86160.0,69.4
86220.0,68.6
86280.0,68.5
86340.0,68.7
