CampaignData_and_Merges/R0/CSL_MobileLab_Parked/raw/20240716/USOS-MetNav_MobileLabGround_20240716_R0.ict
44, 1001
Carrie Womack, Nate Howard, Mike Zucker
NOAA Chemical Sciences Laboratory
Mobile Lab MetNav Station
USOS
1, 1
2024, 07, 16, 2024, 12, 21
60
Time_Start, seconds_past_midnight, Seconds from midnight UTC
11
1, 1, 1, 1, 1, 1, 1, 1, 1, 1, 1
-9999, -9999, -9999, -9999, -9999, -9999, -9999, -9999, -9999, -9999, -9999
GPS_Alt_m, meters, Altitude from Differential GPS
GPS_Course_deg, degrees, Course from Differential GPS
GPS_GndSpd_m_s, m/s, Ground Speed from Differential GPS
GPS_Heading_deg, degrees, Heading from Differential GPS
GPS_Lat_deg, degrees, Latitude from Differential GPS
GPS_Lon_deg, degrees, Longitude from Differential GPS
AirTemp_C, Celsius, Air Temperature from Airmar
RelHumidity_pct, percent, Relative Humidity from Airmar
Pressure_mb, millibars, Pressure from Honeywell
WindDir_calc_deg, degrees, Wind Direction from Airmar corrected for van movement
WindSpd_calc_m_s, m/s, Wind Speed from Airmar corrected for van movement
1
SPECIAL COMMENTS:
18
PI_CONTACT_INFO: Address: 325 Broadway R/CSL7, Boulder, CO, 80305
PLATFORM: CSL Mobile Lab
LOCATION: Salt Lake City, UT
ASSOCIATED_DATA: N/A
INSTRUMENT_INFO: N/A
DATA_INFO: Units:
UNCERTAINTY: N/A
ULOD_FLAG: -7777
ULOD_VALUE: N/A
LLOD_FLAG: -8888
LLOD_VALUE: N/A
DM_CONTACT_INFO: Data Manager: Nate Howard
PROJECT_INFO: 
STIPULATIONS_ON_USE: Use of these data require prior ok from PI.
OTHER_COMMENTS: 
REVISION: R0
R0: Final data. Fixed bug in wind averaging code. RA: Preliminary Data. For in-field use only. 
Time_Start, GPS_Alt_m, GPS_Course_deg, GPS_GndSpd_m_s, GPS_Heading_deg, GPS_Lat_deg, GPS_Lon_deg, AirTemp_C, RelHumidity_pct, Pressure_mb, WindDir_calc_deg, WindSpd_calc_m_s
[from data line 988]
59280.0,1309.2,358.96,0.05,358.96,40.73435,-111.87211,33.4,22.2,878.9,168.00,1.6
59340.0,1309.0,358.68,0.05,358.68,40.73435,-111.87211,33.6,22.6,878.9,152.67,1.1
59400.0,1309.0,358.75,0.05,358.75,40.73435,-111.87211,33.7,22.8,879.0,171.63,0.2
59460.0,1308.9,358.95,0.05,358.95,40.73435,-111.87211,34.0,22.2,879.0,192.47,0.5
59520.0,1308.8,359.35,0.04,359.35,40.73435,-111.87211,34.1,22.4,879.0,149.54,0.2
59580.0,1308.8,359.46,0.05,359.46,40.73435,-111.87211,34.0,22.4,879.0,10.29,0.2
59640.0,1309.0,359.35,0.05,359.35,40.73435,-111.87210,34.2,21.8,879.1,169.63,0.5
59700.0,1309.0,359.13,0.05,359.13,40.73435,-111.87210,34.3,22.0,879.1,87.00,0.5
59760.0,1308.9,358.93,0.04,358.93,40.73435,-111.87210,34.0,22.3,879.1,13.82,0.3
59820.0,1308.9,358.78,0.05,358.78,40.73435,-111.87211,34.0,22.1,879.1,89.66,0.4
59880.0,1308.9,358.81,0.05,358.81,40.73435,-111.87211,33.8,21.6,879.0,14.91,0.3
59940.0,1308.9,359.08,0.05,359.08,40.73435,-111.87211,33.8,20.7,879.1,99.50,0.6
60000.0,1308.8,359.33,0.04,359.33,40.73435,-111.87211,34.0,20.8,879.1,147.65,0.6
60060.0,1308.9,359.68,0.05,359.68,40.73435,-111.87211,34.1,20.6,879.1,173.96,0.8
60120.0,1308.9,359.55,0.05,359.55,40.73435,-111.87211,34.3,20.8,879.1,142.96,0.4
60180.0,1308.7,359.06,0.05,359.06,40.73435,-111.87211,34.3,21.5,879.1,80.73,0.4
60240.0,1308.6,358.87,0.05,358.87,40.73435,-111.87211,34.4,20.5,879.1,166.52,1.1
60300.0,1308.8,358.77,0.05,358.77,40.73435,-111.87211,34.4,20.4,879.1,33.61,0.1
60360.0,1308.7,358.53,0.05,358.53,40.73435,-111.87211,34.2,21.0,879.1,68.61,0.6
60420.0,1308.6,358.50,0.05,358.50,40.73435,-111.87211,34.1,20.2,879.1,136.19,1.4
60480.0,1308.6,358.45,0.05,358.45,40.73435,-111.87211,34.2,20.5,879.1,171.91,1.2
60540.0,1308.6,358.83,0.04,358.83,40.73435,-111.87211,34.4,21.0,879.1,168.13,1.0
60600.0,1308.7,359.12,0.05,359.12,40.73435,-111.87211,34.5,21.2,879.1,157.24,1.5
60660.0,1308.8,359.17,0.04,359.17,40.73435,-111.87211,34.6,21.3,879.1,168.34,1.2
60720.0,1309.0,359.38,0.04,359.38,40.73435,-111.87211,34.4,22.5,879.1,142.07,3.1
60780.0,1308.9,359.32,0.05,359.32,40.73435,-111.87211,34.2,21.7,879.1,150.47,2.8
60840.0,1308.8,358.76,0.04,358.76,40.73435,-111.87211,34.3,22.1,879.1,141.80,1.2
60900.0,1308.9,358.75,0.04,358.75,40.73435,-111.87211,34.5,21.9,879.1,172.29,1.2
60960.0,1309.1,359.39,0.05,359.39,40.73435,-111.87211,34.6,21.5,879.1,180.07,0.8
61020.0,1309.2,359.93,0.05,359.93,40.73435,-111.87211,34.6,21.7,879.1,83.00,0.5
61080.0,1309.2,0.16,0.04,0.16,40.73435,-111.87211,34.3,22.0,879.1,97.61,0.9
61140.0,1309.1,0.14,0.04,0.14,40.73435,-111.87211,34.1,22.0,879.1,84.61,0.8
61200.0,1309.2,0.27,0.04,0.27,40.73435,-111.87211,33.8,22.1,879.1,66.19,0.6
61260.0,1309.1,0.36,0.05,0.36,40.73434,-111.87211,34.1,21.3,879.1,163.40,0.9
61320.0,1309.3,0.87,0.05,0.87,40.73435,-111.87211,34.2,20.8,879.1,162.34,0.7
61380.0,1309.3,0.57,0.05,0.57,40.73435,-111.87211,34.4,20.9,879.1,156.81,0.3
61440.0,1309.0,0.60,0.05,0.60,40.73435,-111.87211,34.6,20.8,879.1,128.22,0.5
61500.0,1309.2,359.84,0.05,359.84,40.73435,-111.87211,34.8,20.4,879.1,161.49,1.2
61560.0,1309.3,359.84,0.05,359.84,40.73435,-111.87211,34.7,20.2,879.1,163.14,2.2
61620.0,1309.2,359.59,0.05,359.59,40.73435,-111.87210,34.8,20.3,879.1,157.06,1.7
61680.0,1309.2,359.19,0.04,359.19,40.73435,-111.87210,34.8,21.2,879.1,135.89,1.6
61740.0,1309.2,359.43,0.04,359.43,40.73435,-111.87210,34.7,20.9,879.1,126.78,1.5
61800.0,1309.3,359.13,0.05,359.13,40.73435,-111.87210,34.8,20.9,879.1,117.49,0.9
61860.0,1309.1,358.81,0.04,358.81,40.73435,-111.87210,34.8,21.1,879.1,135.35,1.8
61920.0,1309.0,359.19,0.04,359.19,40.73435,-111.87210,34.8,21.1,879.1,142.57,2.1
61980.0,1309.0,359.08,0.04,359.08,40.73435,-111.87210,34.7,20.7,879.1,146.24,2.3
62040.0,1309.0,358.87,0.04,358.87,40.73435,-111.87210,34.8,20.8,879.1,136.55,1.3
62100.0,1308.9,359.10,0.04,359.10,40.73435,-111.87210,34.8,20.7,879.1,151.06,1.9
62160.0,1308.9,359.40,0.04,359.40,40.73435,-111.87210,34.8,21.5,879.2,137.43,1.9
62220.0,1308.8,359.64,0.04,359.64,40.73435,-111.87210,34.3,21.9,879.2,136.89,3.6
62280.0,1308.8,359.62,0.04,359.62,40.73435,-111.87210,34.2,22.0,879.2,138.41,2.5
62340.0,1308.6,359.62,0.04,359.62,40.73435,-111.87210,34.1,22.7,879.2,129.07,2.1
62400.0,1308.4,0.18,0.04,0.18,40.73435,-111.87210,33.9,22.7,879.2,126.74,2.4
62460.0,1308.3,0.25,0.04,0.25,40.73435,-111.87210,33.8,21.9,879.2,135.11,2.2
62520.0,1308.2,0.31,0.04,0.31,40.73435,-111.87210,34.0,20.9,879.2,148.92,1.5
62580.0,1308.1,0.11,0.04,0.11,40.73435,-111.87210,34.0,21.1,879.2,142.90,1.8
62640.0,1308.0,0.23,0.04,0.23,40.73435,-111.87210,33.9,21.6,879.2,100.17,1.0
62700.0,1308.0,360.00,0.03,360.00,40.73435,-111.87210,33.8,22.7,879.1,101.98,1.1
62760.0,1307.9,359.94,0.04,359.94,40.73435,-111.87210,33.5,21.5,879.1,91.46,1.3
62820.0,1307.9,359.76,0.04,359.76,40.73435,-111.87210,33.4,21.6,879.1,107.13,1.3
62880.0,1308.2,359.83,0.04,359.83,40.73435,-111.87210,33.4,22.2,879.1,85.66,0.7
62940.0,1308.2,0.06,0.04,0.06,40.73435,-111.87210,33.5,21.7,879.1,108.51,1.3
63000.0,1308.5,0.19,0.04,0.19,40.73435,-111.87210,33.5,21.0,879.1,119.34,2.0
63060.0,1308.6,359.95,0.04,359.95,40.73435,-111.87210,33.5,20.9,879.1,89.45,0.8
63120.0,1308.6,0.13,0.04,0.13,40.73435,-111.87210,33.4,21.0,879.1,93.69,1.3
63180.0,1308.5,0.30,0.05,0.30,40.73435,-111.87210,33.3,20.7,879.1,83.80,1.0
63240.0,1308.2,0.16,0.05,0.16,40.73435,-111.87210,33.3,21.1,879.1,81.91,0.8
63300.0,1308.0,0.03,0.04,0.03,40.73435,-111.87210,33.4,20.6,879.1,100.33,0.9
63360.0,1308.0,0.13,0.04,0.13,40.73435,-111.87210,33.6,20.2,879.1,98.50,0.9
63420.0,1307.8,0.16,0.04,0.16,40.73435,-111.87210,33.5,20.2,879.1,117.06,1.9
63480.0,1307.7,0.27,0.04,0.27,40.73435,-111.87210,33.5,19.7,879.1,118.71,1.9
63540.0,1307.7,0.02,0.04,0.02,40.73435,-111.87210,33.7,19.9,879.1,123.31,1.3
63600.0,1307.5,359.77,0.04,359.77,40.73435,-111.87210,33.8,19.6,879.1,126.97,1.8
63660.0,1307.5,359.58,0.05,359.58,40.73435,-111.87211,34.0,20.5,879.0,103.66,0.9
63720.0,1307.8,359.62,0.04,359.62,40.73435,-111.87210,34.1,21.1,879.0,121.14,1.4
63780.0,1307.7,359.50,0.05,359.50,40.73435,-111.87210,34.2,20.6,879.0,117.87,1.7
63840.0,1307.7,359.66,0.05,359.66,40.73435,-111.87210,34.2,20.8,879.0,131.77,2.4
63900.0,1307.3,359.73,0.05,359.73,40.73435,-111.87211,34.3,21.3,879.0,119.88,1.8
63960.0,1307.6,359.80,0.05,359.80,40.73435,-111.87210,34.3,22.0,879.0,90.50,1.0
64020.0,1307.7,359.92,0.05,359.92,40.73435,-111.87211,34.4,21.5,879.0,81.00,0.8
64080.0,1307.8,359.81,0.04,359.81,40.73435,-111.87211,34.5,20.9,879.0,112.71,1.4
64140.0,1308.0,359.46,0.05,359.46,40.73435,-111.87210,34.6,20.6,879.0,115.81,1.5
64200.0,1307.9,360.00,0.05,360.00,40.73435,-111.87210,34.5,19.8,879.0,125.58,2.1
64260.0,1308.1,359.88,0.04,359.88,40.73435,-111.87210,34.6,21.5,879.0,124.77,1.7
64320.0,1308.1,359.90,0.04,359.90,40.73435,-111.87210,34.6,21.2,879.0,117.74,2.0
64380.0,1307.8,359.52,0.04,359.52,40.73435,-111.87210,34.5,19.8,879.0,126.96,2.3
64440.0,1307.4,359.40,0.05,359.40,40.73434,-111.87210,34.6,20.2,879.0,128.50,1.5
64500.0,1307.3,359.20,0.05,359.20,40.73434,-111.87210,34.8,20.7,879.0,91.38,0.8
64560.0,1307.8,359.25,0.04,359.25,40.73435,-111.87210,34.7,20.2,878.9,100.56,0.8
64620.0,1307.9,359.21,0.04,359.21,40.73434,-111.87210,34.9,19.6,878.9,126.82,1.3
64680.0,1307.6,359.13,0.05,359.13,40.73434,-111.87210,34.9,20.8,878.9,81.30,0.9
64740.0,1307.3,358.63,0.05,358.63,40.73434,-111.87210,34.9,20.6,878.9,112.88,1.5
64800.0,1307.2,358.19,0.06,358.19,40.73434,-111.87210,34.9,19.5,878.9,122.57,1.8
64860.0,1307.4,358.26,0.05,358.26,40.73434,-111.87210,35.0,19.4,878.9,129.29,1.6
64920.0,1307.4,358.63,0.05,358.63,40.73434,-111.87211,35.1,19.2,878.8,113.27,0.8
64980.0,1307.2,358.68,0.05,358.68,40.73434,-111.87210,35.3,19.3,878.8,120.98,1.3
65040.0,1307.4,358.84,0.05,358.84,40.73434,-111.87210,35.5,19.8,878.8,113.22,1.1
65100.0,1307.6,358.53,0.05,358.53,40.73434,-111.87210,35.8,20.5,878.8,94.81,0.9
65160.0,1307.4,358.52,0.05,358.52,40.73434,-111.87210,35.7,19.9,878.8,110.53,1.3
65220.0,1307.1,358.36,0.05,358.36,40.73434,-111.87210,35.7,19.1,878.8,116.81,1.7
65280.0,1307.2,358.00,0.04,358.00,40.73434,-111.87210,35.7,18.6,878.8,129.42,1.8
65340.0,1307.2,358.60,0.05,358.60,40.73434,-111.87210,35.9,19.4,878.8,105.85,0.7
65400.0,1307.2,359.31,0.04,359.31,40.73434,-111.87210,36.2,19.2,878.8,98.65,0.4
65460.0,1307.3,359.08,0.05,359.08,40.73434,-111.87210,36.1,18.3,878.8,319.03,0.5
65520.0,1307.3,359.02,0.05,359.02,40.73434,-111.87210,36.1,18.4,878.8,43.85,0.4
65580.0,1307.1,358.91,0.05,358.91,40.73434,-111.87210,36.1,19.0,878.8,81.54,0.7
65640.0,1307.0,358.95,0.06,358.95,40.73434,-111.87210,36.3,18.9,878.8,94.50,0.5
65700.0,1307.0,359.22,0.05,359.22,40.73434,-111.87210,36.6,18.5,878.8,113.34,0.8
65760.0,1306.9,359.53,0.05,359.53,40.73434,-111.87210,36.8,17.5,878.8,139.02,1.2
65820.0,1306.9,359.56,0.04,359.56,40.73434,-111.87210,36.9,17.5,878.8,150.62,0.9
65880.0,1307.0,358.84,0.04,358.84,40.73434,-111.87210,36.9,17.6,878.8,138.76,2.3
65940.0,1307.2,358.46,0.04,358.46,40.73435,-111.87211,36.9,17.8,878.8,139.24,1.7
66000.0,1307.3,358.26,0.04,358.26,40.73435,-111.87211,37.0,18.1,878.8,142.04,1.3
66060.0,1307.3,358.21,0.05,358.21,40.73435,-111.87211,37.0,19.7,878.8,126.12,1.7
66120.0,1307.4,358.28,0.05,358.28,40.73435,-111.87211,37.1,18.1,878.8,155.87,1.6
66180.0,1307.4,358.61,0.05,358.61,40.73435,-111.87211,37.2,18.2,878.8,120.50,1.0
66240.0,1307.5,359.11,0.05,359.11,40.73435,-111.87211,37.1,18.6,878.8,88.32,0.7
66300.0,1307.6,359.31,0.04,359.31,40.73435,-111.87211,37.2,18.7,878.7,114.74,0.6
66360.0,1307.5,359.16,0.05,359.16,40.73435,-111.87211,37.4,18.4,878.7,117.50,0.8
66420.0,1307.7,359.56,0.05,359.56,40.73435,-111.87211,37.3,18.1,878.8,294.33,0.6
66480.0,1307.7,359.79,0.05,359.79,40.73435,-111.87211,37.4,17.5,878.8,266.60,0.4
66540.0,1307.9,0.07,0.05,0.07,40.73435,-111.87211,37.5,17.5,878.8,115.57,0.8
66600.0,1308.1,359.84,0.04,359.84,40.73435,-111.87211,37.7,17.2,878.8,161.75,0.4
66660.0,1308.1,359.27,0.04,359.27,40.73435,-111.87211,37.8,17.1,878.7,122.09,0.6
66720.0,1308.1,359.29,0.04,359.29,40.73435,-111.87211,38.0,16.9,878.7,97.02,0.5
66780.0,1308.0,359.02,0.05,359.02,40.73435,-111.87211,38.1,16.7,878.7,122.77,0.8
66840.0,1308.0,359.14,0.05,359.14,40.73435,-111.87211,38.1,16.5,878.7,162.03,1.8
66900.0,1308.0,359.15,0.04,359.15,40.73435,-111.87211,38.1,16.8,878.7,124.77,0.9
66960.0,1308.1,359.41,0.05,359.41,40.73435,-111.87211,38.0,17.0,878.7,120.74,1.1
67020.0,1308.1,359.66,0.05,359.66,40.73435,-111.87211,37.8,17.9,878.7,134.56,2.1
67080.0,1308.1,359.44,0.04,359.44,40.73435,-111.87211,37.6,17.7,878.7,127.73,2.4
67140.0,1308.2,359.34,0.05,359.34,40.73435,-111.87211,37.5,18.5,878.6,125.61,2.1
67200.0,1308.2,359.31,0.05,359.31,40.73435,-111.87211,37.3,18.5,878.6,131.06,1.9
67260.0,1308.2,359.19,0.06,359.19,40.73435,-111.87211,37.4,18.4,878.6,134.38,1.8
67320.0,1308.3,359.24,0.05,359.24,40.73435,-111.87211,37.6,17.7,878.6,135.59,0.8
67380.0,1308.4,358.98,0.05,358.98,40.73435,-111.87211,37.5,17.0,878.6,209.72,0.8
67440.0,1308.6,358.93,0.05,358.93,40.73435,-111.87211,37.6,17.2,878.6,161.61,0.5
67500.0,1308.7,358.88,0.05,358.88,40.73435,-111.87211,37.7,17.1,878.6,204.53,0.1
67560.0,1308.6,358.20,0.05,358.20,40.73435,-111.87211,37.7,17.2,878.6,178.92,1.0
67620.0,1308.5,358.03,0.06,358.03,40.73435,-111.87211,37.7,16.8,878.7,183.14,1.6
67680.0,1308.6,357.88,0.05,357.88,40.73435,-111.87210,37.8,17.1,878.6,164.00,0.7
67740.0,1308.5,357.95,0.05,357.95,40.73435,-111.87210,37.9,17.1,878.6,151.55,0.9
67800.0,1308.4,357.95,0.05,357.95,40.73435,-111.87211,37.9,17.6,878.6,88.90,0.6
67860.0,1308.6,357.85,0.05,357.85,40.73435,-111.87211,37.9,17.4,878.6,144.55,0.5
67920.0,1308.5,358.20,0.05,358.20,40.73435,-111.87211,37.8,17.7,878.6,113.59,1.3
67980.0,1308.4,358.68,0.04,358.68,40.73435,-111.87211,37.6,17.6,878.6,127.98,2.0
68040.0,1308.3,358.45,0.05,358.45,40.73435,-111.87211,37.3,18.0,878.6,127.73,2.3
68100.0,1308.4,358.55,0.05,358.55,40.73435,-111.87211,37.3,18.6,878.6,117.94,1.3
68160.0,1308.4,358.95,0.05,358.95,40.73435,-111.87211,37.4,18.5,878.6,117.84,1.6
68220.0,1308.2,359.18,0.06,359.18,40.73435,-111.87211,37.5,17.3,878.6,149.08,1.4
68280.0,1308.1,359.46,0.05,359.46,40.73435,-111.87211,37.6,17.8,878.6,145.44,1.2
68340.0,1308.2,359.15,0.05,359.15,40.73435,-111.87211,37.7,17.4,878.5,159.23,1.1
68400.0,1308.2,359.16,0.05,359.16,40.73435,-111.87211,37.8,17.2,878.5,145.35,1.3
68460.0,1308.1,359.24,0.05,359.24,40.73435,-111.87211,37.8,17.2,878.5,153.92,1.4
68520.0,1307.9,359.59,0.05,359.59,40.73435,-111.87211,37.6,17.7,878.5,130.94,2.2
68580.0,1308.1,359.69,0.05,359.69,40.73435,-111.87211,37.6,17.8,878.5,131.59,1.1
68640.0,1308.3,359.90,0.05,359.90,40.73435,-111.87211,37.8,17.7,878.5,111.29,0.5
68700.0,1308.2,358.99,0.06,358.99,40.73435,-111.87211,37.8,17.8,878.5,113.93,1.1
68760.0,1308.0,358.65,0.04,358.65,40.73435,-111.87211,37.9,18.5,878.5,106.31,1.0
68820.0,1308.3,359.10,0.05,359.10,40.73434,-111.87210,37.9,18.5,878.4,83.37,0.5
68880.0,1308.2,359.41,0.05,359.41,40.73434,-111.87210,37.8,18.8,878.4,104.71,1.2
68940.0,1308.4,358.74,0.05,358.74,40.73434,-111.87210,37.7,18.4,878.4,86.46,1.0
69000.0,1308.4,358.85,0.05,358.85,40.73434,-111.87211,37.6,17.7,878.4,83.44,0.9
69060.0,1308.5,358.68,0.05,358.68,40.73434,-111.87211,37.6,17.6,878.4,140.26,0.2
69120.0,1308.6,359.05,0.04,359.05,40.73434,-111.87211,37.7,17.7,878.4,84.33,0.6
69180.0,1308.5,359.17,0.05,359.17,40.73435,-111.87211,37.8,17.2,878.4,254.18,0.3
69240.0,1308.5,358.94,0.05,358.94,40.73435,-111.87211,38.0,17.1,878.3,242.20,0.1
69300.0,1308.5,358.51,0.04,358.51,40.73435,-111.87211,37.8,17.4,878.3,322.34,0.5
69360.0,1308.5,359.13,0.05,359.13,40.73435,-111.87211,37.9,17.2,878.3,95.13,0.4
69420.0,1308.6,358.74,0.04,358.74,40.73435,-111.87211,38.2,16.9,878.4,137.48,0.2
69480.0,1308.8,358.65,0.04,358.65,40.73435,-111.87211,38.3,16.5,878.3,121.89,1.4
69540.0,1309.0,358.89,0.04,358.89,40.73435,-111.87211,38.0,17.2,878.3,125.19,2.4
69600.0,1309.0,359.01,0.05,359.01,40.73435,-111.87211,37.8,18.4,878.3,120.14,1.9
69660.0,1309.0,359.06,0.05,359.06,40.73435,-111.87211,37.7,18.1,878.3,83.90,0.7
69720.0,1308.9,359.10,0.05,359.10,40.73435,-111.87211,37.8,17.9,878.3,75.25,0.5
69780.0,1308.9,359.06,0.04,359.06,40.73435,-111.87211,37.7,18.0,878.3,60.90,0.4
69840.0,1308.9,358.65,0.05,358.65,40.73435,-111.87211,37.7,18.3,878.3,95.06,1.1
69900.0,1309.1,358.62,0.04,358.62,40.73435,-111.87211,37.5,17.9,878.3,61.71,1.0
69960.0,1309.0,358.43,0.05,358.43,40.73435,-111.87211,37.0,17.4,878.3,42.67,1.1
70020.0,1309.1,358.89,0.05,358.89,40.73435,-111.87211,37.3,17.7,878.3,108.79,0.9
70080.0,1309.0,359.19,0.06,359.19,40.73435,-111.87211,37.3,17.4,878.3,110.53,1.1
70140.0,1309.1,359.25,0.05,359.25,40.73435,-111.87211,37.4,17.6,878.3,106.62,1.1
70200.0,1309.1,359.16,0.05,359.16,40.73435,-111.87211,37.5,17.6,878.2,96.71,0.8
70260.0,1309.4,358.79,0.05,358.79,40.73435,-111.87211,37.5,17.6,878.3,85.04,0.7
70320.0,1309.6,358.40,0.05,358.40,40.73435,-111.87211,37.3,17.4,878.2,74.25,0.9
70380.0,1309.2,358.70,0.05,358.70,40.73434,-111.87211,37.4,17.1,878.2,110.30,1.7
70440.0,1309.1,359.14,0.05,359.14,40.73435,-111.87211,37.0,17.2,878.2,120.28,2.9
70500.0,1309.0,359.66,0.05,359.66,40.73434,-111.87211,36.9,18.8,878.2,101.66,1.2
70560.0,1308.9,0.10,0.05,0.10,40.73434,-111.87211,37.1,17.8,878.2,96.46,0.8
70620.0,1308.8,0.45,0.05,0.45,40.73434,-111.87211,37.2,18.3,878.2,88.57,0.9
70680.0,1308.7,0.37,0.05,0.37,40.73434,-111.87211,37.4,17.3,878.2,31.37,0.1
70740.0,1308.8,359.50,0.04,359.50,40.73434,-111.87211,37.6,17.5,878.2,88.02,0.7
70800.0,1309.0,358.84,0.05,358.84,40.73434,-111.87211,37.6,17.8,878.2,81.57,1.0
70860.0,1309.3,358.98,0.05,358.98,40.73434,-111.87211,37.5,17.5,878.1,112.36,1.6
70920.0,1309.8,359.55,0.05,359.55,40.73434,-111.87210,37.4,17.0,878.0,126.08,2.0
70980.0,1309.4,359.78,0.05,359.78,40.73434,-111.87211,37.4,18.0,878.1,66.39,1.0
71040.0,1309.1,0.16,0.04,0.16,40.73434,-111.87211,37.2,17.5,878.1,79.04,0.9
71100.0,1309.0,0.17,0.05,0.17,40.73435,-111.87211,37.4,17.9,878.1,90.37,1.0
71160.0,1309.1,0.10,0.05,0.10,40.73434,-111.87211,37.5,18.0,878.1,103.67,1.2
