CampaignData_and_Merges/R0/CSL_MobileLab_Parked/raw/20240716/USOS-MetNav_MobileLabGround_20240716_R0.ict
44, 1001
Carrie Womack, Nate Howard, Mike Zucker
NOAA Chemical Sciences Laboratory
Mobile Lab MetNav Station
USOS
1, 1
2024, 07, 16, 2024, 12, 21
60
Time_Start, seconds_past_midnight, Seconds from midnight UTC
11
1, 1, 1, 1, 1, 1, 1, 1, 1, 1, 1
-9999, -9999, -9999, -9999, -9999, -9999, -9999, -9999, -9999, -9999, -9999
GPS_Alt_m, meters, Altitude from Differential GPS
GPS_Course_deg, degrees, Course from Differential GPS
GPS_GndSpd_m_s, m/s, Ground Speed from Differential GPS
GPS_Heading_deg, degrees, Heading from Differential GPS
GPS_Lat_deg, degrees, Latitude from Differential GPS
GPS_Lon_deg, degrees, Longitude from Differential GPS
AirTemp_C, Celsius, Air Temperature from Airmar
RelHumidity_pct, percent, Relative Humidity from Airmar
Pressure_mb, millibars, Pressure from Honeywell
WindDir_calc_deg, degrees, Wind Direction from Airmar corrected for van movement
WindSpd_calc_m_s, m/s, Wind Speed from Airmar corrected for van movement
1
SPECIAL COMMENTS:
18
PI_CONTACT_INFO: Address: 325 Broadway R/CSL7, Boulder, CO, 80305
PLATFORM: CSL Mobile Lab
LOCATION: Salt Lake City, UT
ASSOCIATED_DATA: N/A
INSTRUMENT_INFO: N/A
DATA_INFO: Units:
UNCERTAINTY: N/A
ULOD_FLAG: -7777
ULOD_VALUE: N/A
LLOD_FLAG: -8888
LLOD_VALUE: N/A
DM_CONTACT_INFO: Data Manager: Nate Howard
PROJECT_INFO: 
STIPULATIONS_ON_USE: Use of these data require prior ok from PI.
OTHER_COMMENTS: 
REVISION: R0
R0: Final data. Fixed bug in wind averaging code. RA: Preliminary Data. For in-field use only. 
Time_Start, GPS_Alt_m, GPS_Course_deg, GPS_GndSpd_m_s, GPS_Heading_deg, GPS_Lat_deg, GPS_Lon_deg, AirTemp_C, RelHumidity_pct, Pressure_mb, WindDir_calc_deg, WindSpd_calc_m_s
[from data line 1188]
71280.0,1309.3,0.40,0.05,0.40,40.73434,-111.87210,37.5,17.7,878.1,72.15,0.7
71340.0,1309.3,0.28,0.04,0.28,40.73434,-111.87210,37.4,17.7,878.1,95.77,1.4
71400.0,1309.2,359.83,0.05,359.83,40.73434,-111.87211,37.4,17.3,878.1,69.77,0.7
71460.0,1309.0,358.95,0.05,358.95,40.73434,-111.87211,37.6,17.8,878.0,93.30,0.8
71520.0,1309.1,359.04,0.04,359.04,40.73434,-111.87211,37.6,18.0,878.0,61.25,0.8
71580.0,1309.2,358.56,0.05,358.56,40.73434,-111.87210,37.2,16.9,878.0,46.44,1.1
71640.0,1309.3,358.18,0.05,358.18,40.73434,-111.87210,36.9,16.7,878.0,37.45,1.0
71700.0,1309.4,358.23,0.05,358.23,40.73434,-111.87210,37.2,17.0,878.0,57.38,0.4
71760.0,1309.3,358.64,0.04,358.64,40.73434,-111.87210,37.5,17.4,878.0,73.46,0.4
71820.0,1308.8,358.46,0.04,358.46,40.73435,-111.87211,37.5,16.8,878.0,327.85,0.4
71880.0,1309.0,358.38,0.04,358.38,40.73435,-111.87210,37.9,16.8,878.0,98.08,0.9
71940.0,1309.2,358.82,0.04,358.82,40.73435,-111.87210,37.9,17.2,878.0,77.50,0.7
72000.0,1309.0,358.37,0.05,358.37,40.73435,-111.87210,37.9,16.8,878.0,315.01,0.3
72060.0,1308.8,359.28,0.05,359.28,40.73435,-111.87210,37.8,16.9,878.0,14.07,0.4
72120.0,1309.0,359.67,0.05,359.67,40.73435,-111.87210,37.9,16.0,878.0,129.82,0.4
72180.0,1308.7,359.80,0.05,359.80,40.73435,-111.87210,38.0,16.0,878.0,124.02,1.1
72240.0,1308.6,359.22,0.04,359.22,40.73434,-111.87210,38.1,16.2,877.9,316.84,0.2
72300.0,1308.3,359.19,0.05,359.19,40.73435,-111.87211,38.1,16.7,877.9,57.19,0.3
72360.0,1308.1,358.93,0.06,358.93,40.73435,-111.87211,38.0,17.5,877.9,58.89,0.7
72420.0,1308.1,358.50,0.05,358.50,40.73435,-111.87210,37.8,16.4,877.9,298.68,0.7
72480.0,1308.2,358.50,0.05,358.50,40.73435,-111.87211,37.7,16.4,877.9,346.09,0.3
72540.0,1308.1,358.80,0.05,358.80,40.73435,-111.87211,37.8,16.9,877.9,24.23,0.1
72600.0,1308.1,358.71,0.05,358.71,40.73435,-111.87211,37.5,16.5,877.9,322.75,0.8
72660.0,1308.1,358.53,0.05,358.53,40.73435,-111.87211,37.6,16.3,877.9,262.31,0.5
72720.0,1308.0,358.24,0.05,358.24,40.73435,-111.87211,37.8,16.3,877.9,239.19,0.4
72780.0,1308.2,358.85,0.05,358.85,40.73435,-111.87211,38.0,16.5,877.9,97.01,0.4
72840.0,1308.5,359.17,0.05,359.17,40.73435,-111.87211,37.9,17.7,877.9,66.66,0.7
72900.0,1308.6,358.92,0.04,358.92,40.73435,-111.87211,37.9,17.7,877.9,32.37,0.4
72960.0,1308.6,358.72,0.04,358.72,40.73435,-111.87211,37.5,17.3,877.9,4.70,0.6
73020.0,1308.5,358.74,0.05,358.74,40.73435,-111.87211,37.6,17.7,877.9,39.52,0.5
73080.0,1308.4,358.80,0.05,358.80,40.73435,-111.87211,37.7,17.5,877.9,69.66,0.5
73140.0,1308.4,358.90,0.05,358.90,40.73435,-111.87211,37.6,17.5,877.8,79.57,0.8
73200.0,1308.4,358.91,0.04,358.91,40.73435,-111.87211,37.4,17.2,877.8,69.21,0.8
73260.0,1307.9,358.56,0.05,358.56,40.73435,-111.87211,37.3,17.4,877.8,86.21,1.1
73320.0,1307.9,358.61,0.05,358.61,40.73435,-111.87211,37.5,17.6,877.8,78.61,0.9
73380.0,1307.9,358.76,0.06,358.76,40.73435,-111.87211,37.5,17.7,877.8,81.76,0.5
73440.0,1307.7,360.00,0.06,360.00,40.73435,-111.87211,37.7,17.9,877.8,87.28,0.7
73500.0,1307.7,359.72,0.05,359.72,40.73435,-111.87211,37.7,16.9,877.8,36.40,0.2
73560.0,1307.7,359.46,0.05,359.46,40.73435,-111.87211,38.0,17.3,877.8,76.82,0.5
73620.0,1307.5,359.98,0.05,359.98,40.73435,-111.87211,37.8,16.4,877.7,299.29,0.8
73680.0,1307.6,359.67,0.05,359.67,40.73435,-111.87211,37.7,17.1,877.7,32.67,0.5
73740.0,1307.6,359.32,0.05,359.32,40.73435,-111.87211,37.7,17.8,877.7,81.95,0.9
73800.0,1307.4,359.20,0.05,359.20,40.73435,-111.87211,37.8,17.5,877.7,76.13,0.7
73860.0,1307.4,359.59,0.05,359.59,40.73435,-111.87211,37.9,17.0,877.7,50.54,0.3
73920.0,1307.4,359.91,0.05,359.91,40.73435,-111.87211,37.9,17.0,877.7,86.61,0.9
73980.0,1307.4,359.91,0.05,359.91,40.73435,-111.87211,37.9,16.9,877.7,330.01,0.2
74040.0,1307.4,359.83,0.05,359.83,40.73434,-111.87211,38.1,17.2,877.7,95.37,0.7
74100.0,1307.3,359.93,0.05,359.93,40.73434,-111.87211,37.8,17.6,877.7,61.69,1.0
74160.0,1307.4,0.03,0.05,0.03,40.73434,-111.87211,38.1,17.9,877.7,95.13,0.8
74220.0,1307.5,360.00,0.05,360.00,40.73435,-111.87211,38.1,17.8,877.7,91.40,1.0
74280.0,1307.5,359.66,0.05,359.66,40.73434,-111.87210,38.3,17.6,877.7,93.96,0.9
74340.0,1307.5,359.68,0.05,359.68,40.73434,-111.87210,38.2,17.7,877.7,79.83,0.9
74400.0,1307.5,359.50,0.04,359.50,40.73434,-111.87211,38.1,17.2,877.7,66.85,0.8
74460.0,1307.5,359.01,0.06,359.01,40.73434,-111.87211,38.3,17.4,877.6,83.95,0.6
74520.0,1307.5,358.71,0.05,358.71,40.73434,-111.87211,38.3,17.4,877.6,103.11,1.2
74580.0,1307.5,359.07,0.05,359.07,40.73434,-111.87210,38.6,17.0,877.6,122.96,1.5
74640.0,1307.4,359.63,0.05,359.63,40.73434,-111.87210,38.7,17.4,877.6,103.86,1.0
74700.0,1307.4,359.95,0.04,359.95,40.73434,-111.87210,38.8,17.7,877.6,77.58,0.6
74760.0,1307.5,359.47,0.05,359.47,40.73434,-111.87210,39.0,17.0,877.6,86.51,0.4
74820.0,1307.5,359.31,0.05,359.31,40.73434,-111.87210,39.1,16.8,877.6,24.18,0.2
74880.0,1307.7,359.28,0.05,359.28,40.73434,-111.87210,39.1,17.4,877.6,79.61,0.8
74940.0,1307.6,359.39,0.05,359.39,40.73434,-111.87210,39.2,17.4,877.6,55.71,0.3
75000.0,1307.4,359.61,0.04,359.61,40.73434,-111.87210,39.3,17.7,877.6,93.25,0.8
75060.0,1307.3,359.55,0.05,359.55,40.73434,-111.87210,39.5,17.9,877.6,80.07,0.7
75120.0,1307.4,359.73,0.05,359.73,40.73434,-111.87210,39.3,17.5,877.6,95.21,1.0
75180.0,1307.5,358.94,0.06,358.94,40.73434,-111.87210,39.4,17.3,877.5,93.75,1.0
75240.0,1307.4,358.96,0.05,358.96,40.73434,-111.87211,39.3,18.1,877.5,99.57,1.2
75300.0,1307.6,359.24,0.05,359.24,40.73434,-111.87211,39.1,17.5,877.5,101.17,1.2
75360.0,1307.6,359.00,0.05,359.00,40.73434,-111.87211,39.1,17.7,877.6,92.76,1.2
75420.0,1307.7,359.18,0.05,359.18,40.73434,-111.87211,38.9,17.1,877.5,66.28,0.5
75480.0,1307.3,359.15,0.05,359.15,40.73435,-111.87211,39.0,17.5,877.5,84.21,0.8
75540.0,1307.8,358.84,0.05,358.84,40.73435,-111.87211,39.1,17.9,877.5,98.48,1.0
75600.0,1308.0,358.99,0.05,358.99,40.73435,-111.87211,39.1,17.5,877.5,113.48,1.8
75660.0,1308.2,358.87,0.06,358.87,40.73435,-111.87211,39.1,17.6,877.5,106.35,1.1
75720.0,1308.5,359.05,0.05,359.05,40.73434,-111.87211,39.1,17.6,877.4,104.91,1.5
75780.0,1308.2,359.60,0.05,359.60,40.73435,-111.87211,38.6,17.5,877.5,25.96,0.6
75840.0,1308.6,359.68,0.06,359.68,40.73435,-111.87211,38.5,17.4,877.5,44.55,0.4
75900.0,1308.9,359.34,0.05,359.34,40.73435,-111.87211,38.5,17.7,877.5,70.87,0.6
75960.0,1308.7,359.29,0.05,359.29,40.73435,-111.87211,38.2,17.3,877.5,33.56,0.5
76020.0,1308.7,359.23,0.04,359.23,40.73435,-111.87211,38.2,17.3,877.5,57.89,0.4
76080.0,1308.6,359.68,0.05,359.68,40.73435,-111.87211,38.3,17.4,877.5,79.13,0.5
76140.0,1308.4,359.55,0.05,359.55,40.73435,-111.87211,38.2,17.7,877.5,76.89,0.8
76200.0,1308.3,359.50,0.06,359.50,40.73435,-111.87211,38.4,17.3,877.5,63.90,0.5
76260.0,1308.3,359.58,0.05,359.58,40.73435,-111.87211,38.4,17.5,877.5,75.46,0.5
76320.0,1308.4,359.60,0.05,359.60,40.73435,-111.87211,38.3,17.2,877.5,54.05,0.4
76380.0,1308.5,359.35,0.05,359.35,40.73435,-111.87211,38.3,17.3,877.5,38.29,0.3
76440.0,1308.6,358.06,0.06,358.06,40.73435,-111.87211,38.4,17.0,877.5,94.31,0.6
76500.0,1308.6,357.82,0.06,357.82,40.73435,-111.87211,38.4,17.4,877.4,46.23,0.4
76560.0,1308.6,358.13,0.05,358.13,40.73435,-111.87211,38.4,17.3,877.4,59.91,0.7
76620.0,1308.6,358.11,0.05,358.11,40.73435,-111.87211,38.1,16.8,877.4,18.96,0.4
76680.0,1308.7,358.96,0.05,358.96,40.73435,-111.87211,38.1,16.7,877.5,67.20,0.6
76740.0,1308.3,358.97,0.05,358.97,40.73435,-111.87211,38.3,16.3,877.4,96.65,0.8
76800.0,1308.2,358.46,0.05,358.46,40.73435,-111.87211,38.6,15.8,877.4,125.95,0.6
76860.0,1308.3,358.63,0.05,358.63,40.73435,-111.87211,38.6,16.2,877.4,82.57,1.0
76920.0,1308.3,359.16,0.05,359.16,40.73435,-111.87211,38.4,16.4,877.4,102.03,1.0
76980.0,1308.2,359.25,0.05,359.25,40.73435,-111.87211,38.6,16.4,877.4,104.48,1.0
77040.0,1308.3,359.34,0.05,359.34,40.73435,-111.87211,38.7,17.1,877.4,86.89,0.9
77100.0,1308.2,359.27,0.04,359.27,40.73435,-111.87211,38.6,17.2,877.4,84.20,0.3
77160.0,1308.3,358.82,0.05,358.82,40.73435,-111.87211,38.5,16.7,877.4,86.53,0.9
77220.0,1308.3,359.00,0.05,359.00,40.73435,-111.87211,38.6,16.1,877.3,103.08,0.7
77280.0,1308.2,358.67,0.05,358.67,40.73435,-111.87211,38.6,16.3,877.3,87.24,0.7
77340.0,1308.6,359.37,0.05,359.37,40.73435,-111.87211,38.7,17.0,877.3,73.99,0.7
77400.0,1309.0,358.99,0.05,358.99,40.73435,-111.87211,38.8,17.2,877.3,82.23,0.7
77460.0,1309.1,358.84,0.05,358.84,40.73435,-111.87211,38.5,17.6,877.3,67.13,0.9
77520.0,1308.9,359.05,0.05,359.05,40.73435,-111.87211,38.2,15.5,877.3,9.86,0.4
77580.0,1308.8,358.48,0.05,358.48,40.73435,-111.87211,38.3,14.9,877.3,210.29,0.4
77640.0,1308.8,358.26,0.05,358.26,40.73435,-111.87211,38.6,14.6,877.3,139.14,0.3
77700.0,1308.6,358.42,0.05,358.42,40.73435,-111.87211,38.8,14.1,877.3,150.42,0.2
77760.0,1308.5,358.06,0.05,358.06,40.73435,-111.87211,38.7,14.7,877.3,59.92,0.5
77820.0,1308.4,358.14,0.04,358.14,40.73435,-111.87211,38.8,14.4,877.3,96.10,0.4
77880.0,1308.6,358.09,0.04,358.09,40.73435,-111.87211,39.0,13.6,877.3,109.88,0.9
77940.0,1308.7,358.29,0.05,358.29,40.73435,-111.87211,39.0,14.1,877.3,55.98,0.3
78000.0,1309.0,359.11,0.05,359.11,40.73435,-111.87211,38.7,14.4,877.3,27.91,0.6
78060.0,1309.1,359.16,0.05,359.16,40.73435,-111.87211,38.5,13.8,877.3,350.66,0.1
78120.0,1309.1,359.02,0.04,359.02,40.73435,-111.87211,38.5,13.6,877.2,294.36,0.5
78180.0,1309.2,359.33,0.04,359.33,40.73435,-111.87211,38.5,14.2,877.2,72.52,0.3
78240.0,1309.2,359.60,0.04,359.60,40.73435,-111.87211,38.5,14.7,877.2,72.18,0.7
78300.0,1309.1,0.04,0.04,0.04,40.73435,-111.87211,38.5,14.6,877.2,99.73,1.1
78360.0,1309.1,359.35,0.04,359.35,40.73435,-111.87211,38.4,14.8,877.2,46.19,0.4
78420.0,1309.0,359.54,0.04,359.54,40.73435,-111.87211,38.6,14.4,877.2,78.99,0.5
78480.0,1308.9,359.78,0.04,359.78,40.73435,-111.87211,38.7,14.4,877.2,101.57,0.4
78540.0,1309.0,359.45,0.04,359.45,40.73435,-111.87211,38.7,14.2,877.2,239.27,0.2
78600.0,1309.0,359.13,0.04,359.13,40.73435,-111.87211,38.3,13.6,877.2,302.36,0.8
78660.0,1308.9,358.95,0.04,358.95,40.73435,-111.87211,38.2,13.7,877.2,307.81,0.5
78720.0,1308.8,358.59,0.05,358.59,40.73435,-111.87211,38.2,13.9,877.2,332.26,0.1
78780.0,1308.7,358.40,0.04,358.40,40.73435,-111.87211,38.2,13.8,877.2,276.60,0.7
78840.0,1308.7,358.20,0.04,358.20,40.73435,-111.87211,38.2,13.6,877.2,101.54,0.3
78900.0,1308.7,358.22,0.05,358.22,40.73435,-111.87211,38.2,14.2,877.2,38.17,0.4
78960.0,1308.7,358.64,0.04,358.64,40.73435,-111.87211,38.2,13.9,877.1,339.54,0.3
79020.0,1308.7,359.11,0.05,359.11,40.73435,-111.87211,38.0,14.0,877.1,333.86,0.2
79080.0,1308.7,359.20,0.05,359.20,40.73435,-111.87211,38.0,13.7,877.1,0.56,0.2
79140.0,1308.6,359.72,0.04,359.72,40.73435,-111.87211,38.3,13.5,877.0,107.86,0.5
79200.0,1308.5,359.33,0.05,359.33,40.73435,-111.87211,38.3,14.1,877.0,71.65,0.6
79260.0,1308.6,358.93,0.04,358.93,40.73435,-111.87211,38.4,14.1,877.0,27.05,0.2
79320.0,1308.7,358.80,0.05,358.80,40.73435,-111.87211,38.3,14.3,877.0,48.82,0.4
79380.0,1308.5,359.11,0.04,359.11,40.73435,-111.87211,38.1,14.2,877.0,19.80,0.5
79440.0,1308.5,359.42,0.04,359.42,40.73435,-111.87211,38.0,14.0,877.0,11.34,0.3
79500.0,1308.4,359.08,0.05,359.08,40.73435,-111.87211,37.9,14.4,877.0,59.89,0.6
79560.0,1308.5,358.93,0.05,358.93,40.73435,-111.87211,37.9,14.4,877.0,342.31,0.2
79620.0,1308.6,359.00,0.05,359.00,40.73436,-111.87211,37.7,14.1,877.0,306.97,0.5
79680.0,1308.8,359.44,0.05,359.44,40.73435,-111.87211,37.8,14.2,877.0,315.16,0.1
79740.0,1308.8,359.27,0.04,359.27,40.73435,-111.87211,37.7,14.5,877.0,65.00,0.6
79800.0,1308.7,359.31,0.04,359.31,40.73435,-111.87211,37.9,14.4,877.0,57.16,0.2
79860.0,1308.6,359.40,0.05,359.40,40.73435,-111.87211,38.0,14.0,877.0,351.12,0.0
79920.0,1308.5,359.45,0.04,359.45,40.73435,-111.87211,38.1,14.5,877.0,89.79,0.5
79980.0,1308.5,359.47,0.04,359.47,40.73435,-111.87211,38.1,14.3,877.0,18.28,0.2
80040.0,1308.5,359.71,0.04,359.71,40.73435,-111.87211,38.1,13.9,877.0,309.76,0.3
80100.0,1308.6,359.85,0.04,359.85,40.73435,-111.87211,38.1,13.9,877.0,40.48,0.2
80160.0,1308.7,359.93,0.04,359.93,40.73435,-111.87211,38.3,13.8,876.9,111.48,0.7
80220.0,1308.8,359.91,0.05,359.91,40.73435,-111.87211,38.1,13.9,877.0,351.53,0.4
80280.0,1308.7,359.86,0.05,359.86,40.73435,-111.87211,38.2,13.4,876.9,124.08,0.1
80340.0,1308.7,0.28,0.04,0.28,40.73435,-111.87211,38.4,13.3,876.9,149.09,0.3
80400.0,1308.8,0.37,0.05,0.37,40.73435,-111.87210,38.6,13.8,876.9,113.85,0.2
80460.0,1308.9,0.19,0.05,0.19,40.73435,-111.87210,38.6,14.3,876.9,77.72,0.6
80520.0,1308.9,359.87,0.05,359.87,40.73435,-111.87210,38.7,13.9,876.9,34.73,0.1
80580.0,1309.1,0.22,0.04,0.22,40.73435,-111.87210,38.7,14.0,876.8,123.31,1.0
80640.0,1309.0,359.69,0.05,359.69,40.73435,-111.87210,38.9,13.5,876.8,112.22,0.9
80700.0,1309.1,359.52,0.04,359.52,40.73435,-111.87210,38.9,13.7,876.8,102.89,1.1
80760.0,1309.1,359.41,0.04,359.41,40.73435,-111.87210,39.0,14.7,876.8,96.53,0.9
80820.0,1309.1,359.17,0.04,359.17,40.73435,-111.87210,38.9,14.5,876.8,115.60,1.4
80880.0,1309.1,359.51,0.04,359.51,40.73435,-111.87210,38.8,15.0,876.8,76.40,0.7
80940.0,1309.1,359.99,0.04,359.99,40.73435,-111.87210,38.6,15.5,876.8,77.96,1.0
81000.0,1309.0,0.03,0.05,0.03,40.73435,-111.87210,38.2,14.9,876.9,65.92,0.9
81060.0,1308.8,359.95,0.05,359.95,40.73435,-111.87210,38.0,15.4,876.9,70.76,0.9
81120.0,1308.2,359.89,0.04,359.89,40.73435,-111.87210,37.9,15.7,876.9,78.61,0.7
81180.0,1308.0,359.83,0.04,359.83,40.73435,-111.87210,38.0,15.5,876.9,102.27,0.6
81240.0,1307.9,0.06,0.05,0.06,40.73435,-111.87210,38.0,15.8,876.9,112.93,1.3
81300.0,1308.0,0.22,0.05,0.22,40.73435,-111.87210,38.1,15.0,876.9,121.82,2.0
81360.0,1308.0,0.42,0.05,0.42,40.73435,-111.87210,38.0,15.7,876.9,115.14,1.3
81420.0,1307.8,0.64,0.05,0.64,40.73435,-111.87210,38.0,16.0,876.9,83.82,0.6
81480.0,1307.6,0.45,0.05,0.45,40.73435,-111.87210,38.1,16.1,876.9,59.60,0.4
81540.0,1307.7,359.67,0.05,359.67,40.73435,-111.87210,38.2,16.6,876.9,84.54,0.8
81600.0,1307.8,359.80,0.05,359.80,40.73435,-111.87210,38.1,15.2,876.9,301.66,0.4
81660.0,1307.8,359.94,0.04,359.94,40.73435,-111.87210,38.0,14.6,876.9,278.08,0.5
81720.0,1307.7,359.95,0.05,359.95,40.73435,-111.87210,38.2,14.9,876.9,81.97,0.2
81780.0,1307.7,0.58,0.05,0.58,40.73435,-111.87210,38.2,15.7,876.9,74.52,0.7
81840.0,1307.7,0.69,0.05,0.69,40.73435,-111.87210,38.2,15.7,876.9,81.75,0.7
81900.0,1307.5,0.59,0.04,0.59,40.73435,-111.87210,38.3,15.8,876.9,80.60,0.6
81960.0,1307.4,0.19,0.04,0.19,40.73435,-111.87210,38.3,16.3,876.8,87.78,0.8
82020.0,1307.5,0.09,0.04,0.09,40.73435,-111.87210,38.4,15.7,876.8,77.50,0.7
82080.0,1307.5,359.61,0.04,359.61,40.73434,-111.87210,38.4,15.9,876.8,87.79,0.9
82140.0,1307.4,359.47,0.04,359.47,40.73434,-111.87210,38.3,15.2,876.8,71.84,0.5
82200.0,1307.4,359.31,0.04,359.31,40.73434,-111.87210,38.3,14.9,876.8,115.70,0.2
82260.0,1307.4,359.07,0.04,359.07,40.73434,-111.87210,38.5,15.1,876.8,84.02,0.6
82320.0,1307.4,359.30,0.05,359.30,40.73435,-111.87210,38.5,14.8,876.8,66.64,0.3
82380.0,1307.4,359.74,0.05,359.74,40.73435,-111.87211,38.4,14.9,876.8,7.35,0.2
82440.0,1307.5,0.19,0.05,0.19,40.73434,-111.87211,38.4,15.0,876.8,47.85,0.2
82500.0,1307.6,359.94,0.04,359.94,40.73434,-111.87211,38.1,15.0,876.8,332.62,0.5
82560.0,1307.6,0.14,0.05,0.14,40.73434,-111.87211,37.9,14.6,876.8,318.80,0.5
82620.0,1307.8,359.92,0.04,359.92,40.73434,-111.87211,37.9,15.1,876.8,88.99,0.6
82680.0,1308.0,359.77,0.05,359.77,40.73434,-111.87211,38.0,15.0,876.8,100.58,1.0
82740.0,1308.0,359.30,0.04,359.30,40.73434,-111.87211,38.1,15.0,876.8,94.95,0.7
82800.0,1308.1,359.13,0.04,359.13,40.73434,-111.87210,38.0,15.7,876.8,79.97,0.8
82860.0,1308.3,359.64,0.05,359.64,40.73434,-111.87210,38.1,15.3,876.8,69.48,0.5
82920.0,1308.4,0.05,0.04,0.05,40.73434,-111.87210,38.0,15.1,876.8,70.81,0.6
82980.0,1308.6,359.60,0.05,359.60,40.73434,-111.87210,38.0,15.5,876.8,101.95,1.0
83040.0,1308.9,359.63,0.05,359.63,40.73434,-111.87211,37.9,15.0,876.9,51.03,0.5
83100.0,1309.0,359.12,0.05,359.12,40.73434,-111.87211,37.8,14.9,876.8,80.49,0.9
83160.0,1309.0,358.43,0.06,358.43,40.73434,-111.87210,37.8,15.0,876.8,85.58,0.7
