CampaignData_and_Merges/R0/CSL_MobileLab_Parked/raw/20240716/USOS-NOAAIodideCIMS-PANs_MobileLabGround_20240716_RA.ict
36, 1001
Michael A Robinson, Chris Jernigan, Subi Thakali
NOAA ESRL Chemical Sciences Laboratory and CIRES, U. of Colorado
NOAA Iodide CIMS Instrument
USOS
1, 1
2024, 07, 16, 2024, 07, 17
0
starttime_UTC, seconds_past_midnight, seconds_of_day_since_00:00:00_UTC
3
1, 1, 1
-9999, -9999, -9999
PAN_NOAACIMS, pptv, Gas_PAN_InSitu_S_AVMR
APAN_NOAACIMS, pptv, Gas_APAN_InSitu_S_AVMR
PPN_NOAACIMS, pptv, Gas_PPN_InSitu_S_AVMR
1
N/A
18
PI_CONTACT_INFO: 325 Broadway, R/CSD 7, Boulder, Colorado 80305; michael.a.robinson@noaa.gov; chris.jernigan@noaa.gov;
PLATFORM: NOAA CSL Mobile Lab
LOCATION: SLC, Utah
ASSOCIATED_DATA: 1Hz data also available on request.
INSTRUMENT_INFO: NOAA I- ToF CIMS
DATA_INFO: Units: pptv
UNCERTAINTY: tbd
ULOD_FLAG: -7777
ULOD_VALUE: N/A
LLOD_FLAG: -8888
LLOD_VALUE: N/A
DM_CONTACT_INFO: Nathan Howard; nathan.h.howard@noaa.gov
PROJECT_INFO: USOS, summer 2024. https://csl.noaa.gov/groups/csl7/measurements/2024usos/
STIPULATIONS_ON_USE: only the USOS science team is allowed to use this data
OTHER_COMMENTS: Field data; Data are averaged to 1 minute intervals. Stationary data collected from a 10 ft tower on top of the mobile lab
REVISION: RA
RA: Preliminary Data; For in-field use only
starttime_UTC, PAN_NOAACIMS, APAN_NOAACIMS, PPN_NOAACIMS
[from data line 958]
57480,219.596,2.325,29.618
57540,222.821,2.834,30.731
57600,218.633,2.429,30.618
57660,218.381,2.518,29.705
57720,223.870,2.640,32.470
57780,220.052,2.888,30.645
57840,226.159,3.373,31.924
57900,229.498,2.819,32.234
57960,224.641,2.143,31.209
58020,228.407,2.204,31.770
58080,229.480,2.100,31.963
58140,229.444,3.029,32.581
58200,239.544,3.761,34.070
58260,234.625,2.741,32.114
58320,240.245,3.488,33.296
58380,247.943,3.243,33.974
58440,255.146,2.326,35.957
58500,246.554,3.145,34.189
58560,256.853,3.266,35.336
58620,254.543,3.068,34.729
58680,262.573,2.593,35.212
58740,256.928,3.384,36.858
58800,263.779,3.335,35.744
58860,256.094,3.818,35.678
58920,268.592,2.844,36.449
58980,261.478,3.159,35.783
59040,259.644,2.947,36.342
59100,264.155,3.149,38.130
59160,261.956,3.677,37.146
59220,268.000,2.818,38.509
59280,254.688,3.099,35.862
59340,242.701,2.798,35.226
59400,239.467,3.647,31.886
59460,243.785,2.754,33.202
59520,245.314,2.957,32.413
59580,243.076,3.187,32.575
59640,243.834,2.741,32.838
59700,239.428,2.640,33.731
59760,234.310,2.880,32.616
59820,231.759,2.231,30.296
59880,224.653,2.317,30.215
59940,222.396,2.048,30.100
60000,224.684,2.320,30.489
60060,232.873,2.840,29.723
60120,229.446,3.119,31.367
60180,236.826,2.718,32.724
60240,238.331,1.851,31.826
60300,240.087,3.013,31.467
60360,238.953,2.188,32.761
60420,245.588,2.877,33.087
60480,250.527,2.893,32.606
60540,247.070,2.203,35.759
60600,259.627,3.170,34.826
60660,269.945,3.202,35.398
60720,279.467,3.778,36.500
60780,288.018,2.561,38.036
60840,289.186,3.125,37.857
60900,295.426,2.873,38.211
60960,308.953,2.755,42.206
61020,314.202,2.129,41.189
61080,313.468,3.350,43.318
61140,315.999,2.678,43.394
61200,312.901,2.941,41.587
61260,318.454,2.254,41.824
61320,317.890,1.761,45.423
61380,321.697,3.259,42.335
61440,318.771,2.951,41.985
61500,319.372,3.104,42.003
61560,303.245,2.743,41.910
61620,297.070,2.642,39.900
61680,295.628,2.020,39.370
61740,301.632,1.797,40.187
61800,307.240,2.081,42.747
61860,311.942,2.713,42.889
61920,306.122,2.235,43.358
61980,299.241,3.414,41.007
62040,313.392,2.649,42.107
62100,303.119,1.634,41.774
62160,289.208,2.168,39.095
62220,299.393,1.967,39.171
62280,307.410,2.918,41.662
62340,300.546,2.610,40.124
62400,295.928,1.898,39.510
62460,289.047,1.993,38.176
62520,277.580,2.070,37.029
62580,274.543,1.685,37.191
62640,284.043,2.270,38.230
62700,301.822,2.892,39.106
62760,315.716,2.058,44.136
62820,310.292,2.480,42.321
62880,297.945,1.849,38.529
62940,283.619,2.597,39.136
63000,284.970,2.727,38.932
63060,297.198,1.983,39.453
63120,319.946,3.218,42.792
63180,334.478,2.113,46.234
63240,342.164,2.766,45.103
63300,333.847,2.882,44.627
63360,339.659,2.752,45.140
63420,324.457,2.853,41.820
63480,328.366,3.420,42.941
63540,324.955,3.040,44.344
63600,335.064,3.414,44.693
63660,329.366,2.791,44.554
63720,330.746,2.725,42.844
63780,336.532,3.157,43.736
63840,341.119,2.255,43.585
63900,336.956,3.535,45.444
63960,342.393,2.399,45.095
64020,352.925,2.620,44.851
64080,352.398,3.009,44.323
64140,363.090,2.543,47.594
64200,367.774,2.692,50.318
64260,349.714,1.906,46.806
64320,359.073,1.919,47.445
64380,385.266,3.212,49.822
64440,378.649,2.947,50.093
64500,387.022,3.076,49.632
64560,413.154,3.546,56.081
64620,410.593,2.958,54.027
64680,401.646,2.969,54.281
64740,402.559,2.855,54.343
64800,400.798,3.595,53.851
64860,401.679,3.722,54.630
64920,394.721,3.436,48.856
64980,386.554,4.176,51.903
65040,383.754,3.784,51.868
65100,390.174,2.542,50.770
65160,418.810,3.201,54.668
65220,445.204,3.808,61.724
65280,452.209,3.813,61.428
65340,444.101,3.390,61.617
65400,441.292,3.180,58.615
65460,428.779,3.723,56.521
65520,428.382,3.379,56.081
65580,434.261,3.479,58.228
65640,429.499,3.759,56.674
65700,433.821,2.600,55.561
65760,441.621,3.047,59.392
65820,446.447,3.627,60.507
65880,452.336,2.969,61.275
65940,453.113,3.469,63.019
66000,461.865,3.432,62.834
66060,452.911,4.019,62.131
66120,438.268,4.377,57.446
66180,441.179,3.157,60.146
66240,423.662,3.461,58.554
66300,443.279,4.227,61.180
66360,423.786,4.086,58.385
66420,436.605,3.322,58.183
66480,450.256,2.728,60.167
66540,456.420,3.012,61.781
66600,456.045,3.462,60.520
66660,462.179,2.532,62.770
66720,457.297,3.516,60.695
66780,469.566,3.038,63.269
66840,498.215,3.415,68.029
66900,507.202,4.401,70.481
66960,484.952,4.138,67.974
67020,486.994,2.743,67.872
67080,461.993,3.487,64.343
67140,441.245,2.760,60.830
67200,451.773,4.314,62.174
67260,449.194,3.640,62.441
67320,424.762,3.350,58.672
67380,354.825,3.021,45.985
67440,371.366,3.626,49.280
67500,419.901,2.523,54.486
67560,461.105,2.978,61.734
67620,459.454,2.420,63.403
67680,492.068,3.488,69.803
67740,483.569,3.700,68.550
67800,474.054,3.976,67.250
67860,477.237,2.636,67.591
67920,-9999.000,-9999.000,-9999.000
67980,507.388,4.515,73.164
68040,495.501,3.463,71.382
68100,501.319,4.177,71.353
68160,501.872,3.411,68.552
68220,522.998,3.667,72.204
68280,520.569,4.048,74.335
68340,536.739,4.079,74.950
68400,520.704,4.057,74.535
68460,529.387,3.577,74.852
68520,517.639,3.682,73.379
68580,520.766,3.446,72.805
68640,520.696,2.433,73.978
68700,551.317,3.304,77.518
68760,568.402,3.374,78.748
68820,571.156,4.942,77.524
68880,563.049,4.096,75.508
68940,601.919,4.006,82.096
69000,577.394,3.403,81.322
69060,583.341,4.416,79.330
69120,595.591,4.018,81.471
69180,641.229,4.944,87.502
69240,609.897,3.783,83.391
69300,608.062,3.204,80.847
69360,615.506,3.476,82.510
69420,640.946,4.069,86.354
69480,627.156,6.199,84.390
69540,617.978,3.552,85.053
69600,525.219,2.792,68.794
69660,461.580,2.886,57.727
69720,447.812,4.068,56.667
69780,453.772,3.329,56.004
69840,439.332,3.014,54.696
69900,441.571,2.630,54.770
69960,452.208,2.990,55.309
70020,451.357,3.640,52.573
70080,449.997,3.729,57.789
70140,450.782,3.005,56.337
70200,454.756,2.563,56.090
70260,434.120,3.074,52.610
70320,423.450,2.023,51.224
70380,440.774,2.840,54.514
70440,439.727,2.858,54.288
70500,444.407,3.309,56.808
70560,432.244,2.924,53.112
70620,387.792,3.047,48.433
70680,345.485,2.578,38.082
70740,344.810,3.431,41.172
70800,328.837,2.100,34.828
70860,316.907,2.113,34.659
70920,313.608,2.894,35.193
70980,296.274,1.951,33.776
71040,291.415,2.688,31.442
71100,305.268,2.365,33.311
71160,315.483,2.547,33.367
71220,328.358,2.928,36.562
71280,310.904,2.786,32.839
71340,312.620,2.257,34.616
71400,313.775,3.440,34.400
71460,313.421,2.350,34.853
71520,313.861,2.244,34.745
71580,311.958,2.283,32.814
71640,310.046,3.048,31.074
71700,300.884,1.913,32.779
71760,288.793,2.051,30.802
71820,271.427,1.393,28.560
71880,267.561,2.771,29.610
71940,268.645,3.511,29.048
72000,280.048,3.317,30.892
72060,280.467,2.129,28.695
72120,283.310,2.533,30.807
72180,281.430,2.536,29.916
72240,285.022,2.743,31.841
72300,270.807,3.306,32.747
72360,259.061,2.789,26.821
72420,249.895,1.963,24.460
72480,246.451,1.662,25.898
72540,238.394,1.977,25.410
72600,263.523,2.171,25.343
72660,256.405,1.759,25.802
72720,278.157,1.863,24.855
72780,261.706,1.936,23.914
72840,253.236,1.475,26.639
72900,243.366,2.008,24.986
72960,240.693,2.630,24.217
73020,238.086,2.794,22.022
73080,235.468,2.477,21.524
73140,231.148,1.532,23.632
73200,237.651,1.548,22.990
73260,231.979,1.554,23.402
73320,231.565,2.071,18.227
73380,227.367,1.566,20.930
73440,235.280,2.221,23.565
73500,243.921,1.387,24.380
73560,248.461,2.385,25.658
73620,253.309,1.329,22.080
73680,254.852,2.583,27.327
73740,259.239,1.377,28.059
73800,276.354,2.788,32.727
73860,283.818,2.551,32.093
73920,263.459,2.397,26.530
73980,246.450,0.969,22.203
74040,240.908,1.643,21.777
74100,253.737,2.940,22.247
74160,257.532,1.594,21.907
74220,256.761,2.171,23.276
74280,248.216,0.821,20.884
74340,245.850,2.362,22.901
74400,246.001,2.726,19.621
74460,257.572,2.558,22.775
74520,248.989,2.092,21.639
74580,256.834,2.470,24.294
74640,252.235,2.087,23.032
74700,245.096,2.115,23.546
74760,241.791,3.229,22.428
74820,251.436,2.436,25.835
74880,250.258,2.934,25.920
74940,245.898,2.739,23.474
75000,238.230,2.114,25.062
75060,236.945,0.939,24.507
75120,246.109,1.834,22.013
75180,243.272,2.125,22.455
75240,259.871,2.124,23.661
75300,256.750,1.363,21.694
75360,266.769,3.810,24.627
75420,267.548,2.356,23.548
75480,246.261,2.836,22.253
75540,234.328,2.681,21.185
75600,232.469,2.951,24.640
75660,229.909,2.398,19.972
75720,227.862,3.316,23.337
75780,208.584,1.413,21.889
75840,187.742,1.917,18.516
75900,183.262,1.866,18.788
75960,177.739,1.318,16.279
76020,175.419,3.367,16.379
76080,174.093,1.745,19.772
76140,195.880,3.375,19.190
76200,201.760,2.641,17.719
76260,193.750,2.382,18.979
76320,188.093,2.014,19.128
76380,186.159,2.971,20.668
76440,185.688,2.773,22.485
76500,184.995,2.414,19.104
76560,187.298,2.608,18.817
76620,191.641,2.191,17.517
76680,188.069,1.984,19.995
76740,186.883,3.100,20.248
76800,183.357,2.455,18.650
76860,185.877,3.533,16.322
76920,197.905,3.289,22.530
76980,197.360,2.950,22.630
77040,188.269,1.894,20.710
77100,173.615,2.111,20.106
77160,162.240,1.846,18.243
77220,156.815,2.099,19.359
77280,156.371,2.482,18.085
77340,154.145,2.307,18.056
77400,158.397,2.053,18.725
77460,145.495,1.728,16.054
77520,129.963,2.464,14.675
77580,126.366,1.340,13.226
77640,-9999.000,-9999.000,-9999.000
77700,-9999.000,-9999.000,-9999.000
77760,-9999.000,-9999.000,-9999.000
77820,-9999.000,-9999.000,-9999.000
77880,-9999.000,-9999.000,-9999.000
77940,-9999.000,-9999.000,-9999.000
78000,-9999.000,-9999.000,-9999.000
78060,-9999.000,-9999.000,-9999.000
78120,-9999.000,-9999.000,-9999.000
78180,-9999.000,-9999.000,-9999.000
78240,-9999.000,-9999.000,-9999.000
78300,-9999.000,-9999.000,-9999.000
78360,-9999.000,-9999.000,-9999.000
78420,-9999.000,-9999.000,-9999.000
78480,90.788,-9999.000,-9999.000
78540,100.010,-9999.000,-9999.000
78600,103.669,-9999.000,-9999.000
78660,106.190,-9999.000,-9999.000
78720,95.938,-9999.000,-9999.000
78780,113.978,-9999.000,-9999.000
78840,109.382,-9999.000,-9999.000
78900,108.474,-9999.000,-9999.000
78960,113.567,-9999.000,-9999.000
79020,101.972,-9999.000,-9999.000
79080,98.524,-9999.000,-9999.000
79140,99.364,-9999.000,-9999.000
79200,101.238,-9999.000,-9999.000
79260,106.100,-9999.000,-9999.000
79320,109.460,-9999.000,-9999.000
79380,114.467,-9999.000,-9999.000
79440,107.649,-9999.000,-9999.000
79500,106.613,-9999.000,-9999.000
79560,107.394,-9999.000,-9999.000
79620,104.590,-9999.000,-9999.000
79680,110.296,-9999.000,-9999.000
79740,111.127,-9999.000,-9999.000
79800,109.995,-9999.000,-9999.000
79860,111.480,-9999.000,-9999.000
79920,101.815,-9999.000,-9999.000
79980,102.257,-9999.000,-9999.000
80040,103.008,-9999.000,-9999.000
80100,98.848,-9999.000,-9999.000
80160,94.006,-9999.000,-9999.000
80220,99.423,-9999.000,-9999.000
80280,99.777,-9999.000,-9999.000
80340,96.380,-9999.000,-9999.000
80400,101.338,-9999.000,-9999.000
80460,101.866,-9999.000,-9999.000
80520,101.865,-9999.000,-9999.000
80580,101.655,-9999.000,-9999.000
80640,104.367,-9999.000,-9999.000
80700,102.892,-9999.000,-9999.000
80760,106.303,-9999.000,-9999.000
80820,120.118,-9999.000,-9999.000
80880,102.470,-9999.000,-9999.000
80940,118.919,-9999.000,-9999.000
81000,120.775,-9999.000,-9999.000
81060,121.343,-9999.000,-9999.000
81120,118.496,-9999.000,-9999.000
81180,116.360,-9999.000,-9999.000
81240,123.250,-9999.000,-9999.000
81300,131.572,-9999.000,-9999.000
81360,120.951,-9999.000,-9999.000
81420,118.182,-9999.000,-9999.000
81480,123.707,-9999.000,-9999.000
81540,100.412,-9999.000,-9999.000
81600,90.788,-9999.000,-9999.000
81660,100.882,-9999.000,-9999.000
81720,94.630,-9999.000,-9999.000
81780,94.784,-9999.000,-9999.000
81840,94.618,-9999.000,-9999.000
81900,91.023,-9999.000,-9999.000
81960,103.442,-9999.000,-9999.000
82020,116.252,-9999.000,-9999.000
82080,107.146,-9999.000,-9999.000
82140,102.685,-9999.000,-9999.000
82200,97.178,-9999.000,-9999.000
82260,99.746,-9999.000,-9999.000
82320,85.349,-9999.000,-9999.000
82380,90.609,-9999.000,-9999.000
82440,100.138,-9999.000,-9999.000
82500,89.953,-9999.000,-9999.000
82560,84.161,-9999.000,-9999.000
82620,95.958,-9999.000,-9999.000
82680,-9999.000,-9999.000,-9999.000
82740,80.395,-9999.000,-9999.000
82800,90.251,-9999.000,-9999.000
82860,94.498,-9999.000,-9999.000
82920,80.431,-9999.000,-9999.000
82980,84.376,-9999.000,-9999.000
83040,103.373,-9999.000,-9999.000
83100,89.505,-9999.000,-9999.000
83160,89.268,-9999.000,-9999.000
83220,123.074,-9999.000,-9999.000
83280,83.378,-9999.000,-9999.000
83340,60.279,-9999.000,-9999.000
83400,99.655,-9999.000,-9999.000
83460,107.153,-9999.000,-9999.000
83520,102.499,-9999.000,-9999.000
83580,101.004,-9999.000,-9999.000
83640,108.078,-9999.000,-9999.000
83700,88.745,-9999.000,-9999.000
83760,96.522,-9999.000,-9999.000
83820,56.399,-9999.000,-9999.000
83880,90.690,-9999.000,-9999.000
83940,88.523,-9999.000,-9999.000
84000,77.457,-9999.000,-9999.000
84060,100.015,-9999.000,-9999.000
84120,87.748,-9999.000,-9999.000
84180,93.163,-9999.000,-9999.000
84240,98.143,-9999.000,-9999.000
84300,89.566,-9999.000,-9999.000
84360,89.816,-9999.000,-9999.000
84420,90.519,-9999.000,-9999.000
84480,104.333,-9999.000,-9999.000
84540,-9999.000,-9999.000,-9999.000
84600,92.043,-9999.000,-9999.000
84660,95.356,-9999.000,-9999.000
84720,97.158,-9999.000,-9999.000
84780,79.489,-9999.000,-9999.000
84840,88.993,-9999.000,-9999.000
84900,86.449,-9999.000,-9999.000
84960,97.731,-9999.000,-9999.000
85020,100.532,-9999.000,-9999.000
85080,86.718,-9999.000,-9999.000
85140,84.321,-9999.000,-9999.000
85200,91.664,-9999.000,-9999.000
85260,-9999.000,-9999.000,-9999.000
85320,-9999.000,-9999.000,-9999.000
85380,66.679,-9999.000,-9999.000
85440,84.761,-9999.000,-9999.000
85500,107.219,-9999.000,-9999.000
85560,83.075,-9999.000,-9999.000
85620,75.222,-9999.000,-9999.000
85680,89.417,-9999.000,-9999.000
85740,-9999.000,-9999.000,-9999.000
85800,-9999.000,-9999.000,-9999.000
85860,99.248,-9999.000,-9999.000
85920,-9999.000,-9999.000,-9999.000
85980,-9999.000,-9999.000,-9999.000
86040,95.008,-9999.000,-9999.000
86100,97.034,-9999.000,-9999.000
86160,93.474,-9999.000,-9999.000
86220,84.624,-9999.000,-9999.000
86280,96.311,-9999.000,-9999.000
86340,95.322,-9999.000,-9999.000
