CampaignData_and_Merges/R0/CSL_MobileLab_Parked/raw/20240716/USOS-NOAAIodideCIMS-OrgNitrs_MobileLabGround_20240716_RA.ict
38, 1001
Michael A Robinson, Chris Jernigan, Subi Thakali
NOAA ESRL Chemical Sciences Laboratory and CIRES, U. of Colorado
NOAA Iodide CIMS Instrument
USOS
1, 1
2024, 07, 16, 2024, 07, 17
0
starttime_UTC, seconds_past_midnight, seconds_of_day_since_00:00:00_UTC
5
1, 1, 1, 1, 1
-9999, -9999, -9999, -9999, -9999
C4H7NO5_NOAACIMS, pptv, Gas_C4H7NO5_InSitu_M_AVMR
ISOPN_NOAACIMS, pptv, Gas_ISOPN_InSitu_M_AVMR
C5H10O3_NOAACIMS, pptv, Gas_C5H10O3_InSitu_M_AVMR
C5H9NO5_NOAACIMS, pptv, Gas_C5H9NO5_InSitu_M_AVMR
C10H17NO4_NOAACIMS, pptv, Gas_C10H17NO4_InSitu_M_AVMR
1
N/A
18
PI_CONTACT_INFO: 325 Broadway, R/CSD 7, Boulder, Colorado 80305; michael.a.robinson@noaa.gov; chris.jernigan@noaa.gov;
PLATFORM: NOAA CSL Mobile Lab
LOCATION: SLC, Utah
ASSOCIATED_DATA: 1Hz data also available on request.
INSTRUMENT_INFO: NOAA I- ToF CIMS
DATA_INFO: Units: pptv
UNCERTAINTY: tbd
ULOD_FLAG: -7777
ULOD_VALUE: N/A
LLOD_FLAG: -8888
LLOD_VALUE: N/A
DM_CONTACT_INFO: Nathan Howard; nathan.h.howard@noaa.gov
PROJECT_INFO: USOS, summer 2024. https://csl.noaa.gov/groups/csl7/measurements/2024usos/
STIPULATIONS_ON_USE: only the USOS science team is allowed to use this data
OTHER_COMMENTS: Field data; Data are averaged to 1 minute intervals. Stationary data collected from a 10 ft tower on top of the mobile lab
REVISION: RA
RA: Preliminary Data; For in-field use only
starttime_UTC, C4H7NO5_NOAACIMS, ISOPN_NOAACIMS, C5H10O3_NOAACIMS, C5H9NO5_NOAACIMS, C10H17NO4_NOAACIMS
0,3.060,5.537,35.777,4.395,-0.015
60,3.295,5.970,38.967,4.511,0.076
120,3.322,6.240,39.722,4.250,0.052
180,3.026,5.628,35.475,4.634,-0.036
240,3.067,6.054,37.912,4.814,0.015
300,2.920,5.382,37.547,4.766,0.093
360,3.087,6.162,40.336,4.693,0.065
420,3.153,5.981,42.796,4.573,0.059
480,3.135,6.530,42.914,4.616,0.111
540,3.238,6.756,42.801,4.568,0.145
600,3.130,6.091,42.103,4.486,0.150
660,2.930,5.188,37.276,4.505,0.026
720,2.914,5.239,37.397,4.194,0.174
780,3.007,6.064,39.512,4.357,0.126
840,2.981,5.933,38.069,4.341,0.142
900,2.893,5.689,37.132,4.248,0.177
960,2.786,5.202,38.034,3.966,0.243
1020,2.936,5.297,41.370,4.109,0.127
1080,2.884,5.323,41.111,4.086,0.182
1140,2.849,4.855,40.594,4.093,0.106
1200,2.925,5.207,41.900,4.194,0.221
1260,2.927,5.182,45.619,4.263,0.189
1320,2.974,5.556,47.756,4.400,0.230
1380,2.993,5.764,47.181,4.157,0.195
1440,2.908,5.955,48.872,4.367,0.280
1500,2.920,5.707,44.880,4.221,0.262
1560,2.899,5.932,42.801,4.106,0.293
1620,2.815,4.877,38.591,4.020,0.306
1680,2.813,4.370,37.300,4.028,0.284
1740,2.924,4.572,37.035,4.310,0.298
1800,2.920,4.991,37.638,4.169,0.326
1860,2.964,5.037,38.475,4.203,0.368
1920,2.990,4.873,38.788,4.237,0.340
1980,3.008,5.116,38.374,4.114,0.337
2040,2.858,5.155,31.177,4.342,0.339
2100,3.120,5.688,38.702,4.859,0.307
2160,3.136,5.316,39.541,4.620,0.279
2220,3.094,5.286,37.945,4.286,0.347
2280,2.926,5.001,34.806,4.458,0.322
2340,2.590,4.613,29.180,4.398,0.404
2400,2.444,4.389,26.678,4.098,0.439
2460,2.488,4.982,26.717,4.100,0.311
2520,2.633,5.552,31.476,4.215,0.383
2580,2.577,5.623,31.628,4.275,0.330
2640,2.652,5.575,34.670,4.353,0.407
2700,2.637,6.052,34.144,4.121,0.392
2760,2.630,6.431,37.014,4.235,0.376
2820,2.698,6.703,38.493,4.374,0.331
2880,2.754,6.972,39.063,4.406,0.428
2940,2.833,7.135,38.137,4.165,0.402
3000,2.780,6.585,38.537,4.201,0.426
3060,2.784,7.941,38.331,4.222,0.416
3120,2.869,8.271,47.142,4.457,0.431
3180,2.993,8.290,46.936,4.122,0.440
3240,2.924,8.605,49.697,4.446,0.440
3300,2.844,8.024,48.395,4.128,0.395
3360,2.525,5.086,38.643,4.267,0.430
3420,2.374,3.982,31.882,3.908,0.355
3480,2.316,4.144,30.354,4.040,0.337
3540,2.402,4.088,30.436,4.016,0.394
3600,2.212,3.298,25.100,3.876,0.342
3660,2.090,3.334,21.119,3.692,0.319
3720,2.207,4.328,24.668,3.700,0.286
3780,2.568,6.094,36.139,3.940,0.304
3840,2.319,5.625,29.088,3.423,0.164
3900,2.451,6.857,36.154,3.937,0.313
3960,2.518,6.876,37.924,3.922,0.321
4020,2.518,6.747,37.477,4.015,0.306
4080,2.555,7.029,39.002,4.131,0.334
4140,2.465,7.085,36.754,3.987,0.277
4200,2.344,6.334,36.442,4.028,0.286
4260,2.080,5.145,28.698,3.964,0.249
4320,1.912,3.937,23.402,3.782,0.181
4380,1.716,2.809,17.402,3.772,0.259
4440,1.725,2.473,15.746,3.765,0.240
4500,1.729,2.453,14.002,3.692,0.162
4560,1.709,2.582,13.359,3.556,0.138
4620,1.595,2.174,11.689,3.638,0.224
4680,1.622,2.181,11.410,3.779,0.205
4740,1.576,1.711,9.860,3.798,0.162
4800,1.640,1.969,11.021,3.763,0.121
4860,1.671,2.564,10.742,3.859,0.174
4920,1.685,2.433,11.925,4.066,0.141
4980,1.694,2.302,12.732,3.866,0.179
5040,1.723,2.714,13.989,4.246,0.150
5100,1.727,2.824,14.609,3.863,0.172
5160,1.748,2.984,14.636,3.919,0.168
5220,1.708,2.862,14.046,3.973,0.154
5280,1.698,2.792,14.760,4.047,0.159
5340,1.655,2.771,15.095,3.920,0.142
5400,1.674,2.621,15.475,3.937,0.165
5460,1.621,2.838,13.885,3.755,0.167
5520,1.656,2.479,13.854,4.037,0.104
5580,1.630,2.575,14.514,3.929,0.124
5640,-9999.000,2.579,13.847,4.217,0.142
5700,-9999.000,2.382,9.209,3.244,0.130
5760,-9999.000,2.394,12.181,3.748,0.154
5820,-9999.000,2.302,11.767,4.064,0.097
5880,1.440,2.328,12.745,3.874,0.167
5940,1.460,2.047,12.145,3.881,0.158
6000,1.496,1.868,11.971,4.015,0.159
6060,1.473,1.779,12.335,3.879,0.116
6120,1.428,1.970,11.981,3.852,0.133
6180,1.456,1.836,12.376,3.790,0.071
6240,1.461,1.997,12.744,3.861,0.191
6300,1.401,2.192,12.513,3.749,0.136
6360,1.497,2.341,13.137,3.865,0.086
6420,1.522,2.247,12.342,3.783,0.152
6480,1.518,2.454,14.059,3.965,0.100
6540,1.522,2.444,13.789,4.018,0.162
6600,1.557,2.766,14.632,4.032,0.135
6660,1.491,2.555,14.124,4.085,0.160
6720,1.505,2.850,14.136,3.942,0.218
6780,1.457,2.364,12.940,4.140,0.152
6840,1.501,2.334,12.993,3.753,0.182
6900,1.489,2.345,12.676,3.907,0.188
6960,1.474,2.249,13.139,3.834,0.174
7020,1.454,2.320,12.982,3.841,0.223
7080,1.438,2.051,13.096,3.862,0.159
7140,1.426,1.891,11.872,3.760,0.127
7200,1.391,1.760,12.412,4.031,0.065
7260,1.384,1.719,12.217,3.788,0.108
7320,1.421,1.700,11.980,3.872,0.140
7380,1.428,1.440,12.323,3.954,0.100
7440,1.443,1.623,12.806,4.025,0.120
7500,-9999.000,1.741,11.759,3.934,0.151
7560,-9999.000,1.283,10.184,3.621,0.110
7620,-9999.000,1.614,12.241,4.008,0.171
7680,1.456,1.451,11.789,3.936,0.155
7740,1.444,1.528,12.604,3.933,0.171
7800,1.434,1.552,11.672,3.899,0.142
7860,1.431,1.461,11.443,3.888,0.139
7920,1.375,1.569,11.005,3.907,0.137
7980,1.399,1.353,11.221,4.133,0.102
8040,1.411,1.277,12.275,3.961,0.075
8100,1.336,1.298,11.589,3.734,0.035
8160,1.424,1.474,13.243,3.899,0.119
8220,1.388,1.662,12.091,3.653,0.107
8280,1.368,1.596,12.499,3.951,0.100
8340,1.386,2.002,12.138,3.870,0.071
8400,1.415,1.684,13.208,4.074,0.085
8460,1.379,1.880,11.794,3.855,0.079
8520,1.367,1.867,12.415,3.850,0.134
8580,1.343,1.923,11.676,3.690,0.041
8640,1.427,1.724,11.573,3.941,0.098
8700,1.373,1.716,12.011,4.017,0.032
8760,1.320,1.763,12.515,3.971,0.084
8820,1.333,1.834,12.105,3.885,0.077
8880,1.356,1.756,12.943,3.851,0.088
8940,1.368,1.690,11.536,3.759,0.049
9000,1.394,1.777,12.533,3.808,0.084
9060,1.378,1.868,12.950,3.991,0.137
9120,1.378,1.961,12.387,4.025,0.076
9180,1.388,1.959,13.669,3.971,0.063
9240,1.296,1.864,13.441,3.880,0.163
9300,1.356,1.846,12.079,3.786,0.153
9360,-9999.000,1.847,13.001,3.925,0.158
9420,-9999.000,0.692,8.745,3.169,-0.223
9480,-9999.000,1.623,11.527,4.121,0.048
9540,1.304,1.622,11.056,4.050,-0.054
9600,1.301,1.512,11.737,3.917,-0.108
9660,1.352,2.120,11.897,3.845,0.145
9720,1.406,2.256,11.999,4.167,0.164
9780,1.379,1.717,11.235,4.265,0.141
9840,1.350,1.763,11.025,4.121,0.115
9900,1.422,2.002,11.863,4.199,0.136
9960,1.425,1.923,12.142,4.127,0.173
10020,1.419,1.878,11.279,4.044,0.162
10080,1.441,1.861,11.597,4.127,0.184
10140,1.435,2.140,11.527,4.127,0.263
10200,1.439,1.918,10.623,4.151,0.233
10260,1.445,1.994,10.223,4.363,0.261
10320,1.406,1.834,10.914,4.313,0.273
10380,1.444,1.820,9.539,4.424,0.115
10440,1.479,2.190,10.791,4.188,0.322
10500,1.480,2.120,10.385,4.256,0.335
10560,1.524,2.405,12.560,4.160,0.299
10620,1.650,3.792,18.318,4.472,0.380
10680,1.732,5.223,24.723,4.959,0.388
10740,1.692,6.056,28.235,4.986,0.512
10800,1.796,6.928,33.548,4.900,0.526
10860,1.820,7.229,36.460,5.254,0.552
10920,1.874,7.977,40.045,5.462,0.666
10980,1.885,8.514,42.088,5.444,0.550
11040,1.885,8.745,42.531,5.446,0.607
11100,1.902,9.228,43.933,5.515,0.689
11160,1.987,9.458,46.172,5.601,0.682
11220,1.854,9.154,46.507,5.466,0.690
11280,1.781,9.145,44.412,5.405,0.607
11340,1.967,10.231,46.941,5.544,0.623
11400,2.044,10.159,49.521,5.721,0.720
11460,2.084,10.514,50.650,5.939,0.748
11520,2.086,10.170,52.619,5.688,0.707
11580,2.050,9.883,52.026,5.433,0.698
11640,1.959,9.696,52.833,5.468,0.721
11700,2.000,9.667,53.891,5.696,0.711
11760,1.967,9.779,53.485,5.378,0.683
11820,2.005,9.361,53.679,5.653,0.769
11880,2.021,9.647,54.211,5.561,0.686
11940,1.981,9.926,53.890,5.516,0.641
12000,1.946,10.070,53.247,5.736,0.781
12060,1.983,9.983,53.765,5.875,0.865
12120,2.018,9.778,53.859,5.974,0.865
12180,1.932,10.075,54.767,6.360,0.886
12240,1.997,10.247,54.709,6.208,0.918
12300,1.996,10.560,54.802,6.270,0.881
12360,2.006,10.444,54.152,6.203,0.965
12420,2.011,10.648,52.389,6.480,0.891
12480,1.951,10.643,54.235,6.490,1.093
12540,1.969,10.236,53.454,6.340,0.919
12600,1.931,10.060,53.722,6.499,0.980
12660,1.923,10.286,52.109,6.470,0.809
12720,1.872,9.865,52.526,6.685,1.007
12780,1.968,9.928,51.234,6.547,0.885
12840,1.933,9.792,50.648,6.301,0.980
12900,1.910,10.081,50.173,6.320,0.970
12960,1.844,10.242,47.671,6.335,0.948
13020,1.876,10.141,49.394,6.327,0.847
13080,-9999.000,-9999.000,-9999.000,-9999.000,-9999.000
13140,-9999.000,8.565,39.133,-9999.000,0.646
13200,-9999.000,9.597,42.506,-9999.000,0.854
13260,-9999.000,9.329,44.415,-9999.000,0.885
13320,-9999.000,8.926,44.592,6.474,0.970
13380,1.862,9.235,44.764,6.409,0.914
13440,1.863,9.578,44.159,6.406,0.885
13500,1.873,9.646,46.187,6.450,0.916
13560,1.884,9.477,48.558,6.400,0.928
13620,1.838,9.521,47.980,6.440,0.944
13680,1.909,9.130,48.800,6.576,0.867
13740,1.860,9.734,51.998,6.636,0.888
13800,1.907,8.610,49.957,6.585,0.853
13860,1.862,9.295,51.129,6.261,0.743
13920,1.846,9.744,50.794,6.326,0.740
13980,1.884,9.583,50.829,6.309,0.805
14040,1.960,9.907,52.566,6.589,0.787
14100,1.983,9.773,52.938,6.705,0.885
14160,1.991,9.833,52.985,6.824,0.929
14220,1.968,9.858,53.122,6.946,0.931
14280,1.955,9.279,52.800,7.164,1.019
14340,1.908,9.901,53.419,7.490,1.178
14400,1.898,8.496,48.140,7.402,0.913
14460,1.844,7.581,46.400,7.212,0.885
14520,1.860,7.929,44.523,7.385,0.841
14580,1.829,8.089,42.577,7.550,0.928
14640,1.793,7.690,41.746,7.667,0.789
14700,1.834,7.780,41.282,7.840,0.843
14760,1.844,7.730,41.434,8.683,0.856
14820,1.853,7.330,39.299,8.255,0.854
14880,-9999.000,7.319,-9999.000,8.384,0.875
14940,-9999.000,6.502,-9999.000,6.922,0.584
15000,-9999.000,7.255,-9999.000,8.091,0.893
15060,-9999.000,7.426,-9999.000,8.219,0.930
15120,-9999.000,7.362,38.510,8.354,1.025
15180,1.939,7.756,38.154,8.243,0.990
15240,2.000,8.359,38.152,8.283,1.105
15300,1.974,8.302,40.690,8.441,1.198
15360,1.964,8.005,38.035,8.543,1.204
15420,2.009,8.201,36.794,8.371,1.260
15480,1.988,8.680,37.713,8.356,1.176
15540,2.008,8.603,37.928,8.455,1.345
15600,2.035,8.642,36.836,8.655,1.465
15660,2.006,8.482,37.143,8.877,1.454
15720,2.052,8.000,36.815,9.069,1.479
15780,2.033,8.142,38.722,8.817,1.531
15840,2.038,8.080,37.622,8.592,1.388
15900,1.965,7.520,37.154,8.198,1.280
15960,1.937,7.587,37.085,7.796,1.095
16020,1.915,7.112,40.040,7.520,1.219
16080,1.851,6.793,38.087,7.326,1.024
16140,1.845,6.497,37.204,6.772,0.998
16200,1.884,6.568,37.645,6.932,0.972
16260,1.878,6.293,36.898,6.704,0.939
16320,1.886,6.397,37.890,6.729,0.872
16380,1.927,6.612,38.593,6.730,0.845
16440,1.852,6.353,37.395,6.416,0.878
16500,1.842,6.261,37.605,6.387,0.680
16560,1.854,6.182,36.334,6.051,0.766
16620,1.828,6.042,37.511,6.187,0.760
16680,1.882,6.252,38.683,6.197,0.848
16740,-9999.000,6.423,-9999.000,-9999.000,0.837
16800,-9999.000,5.998,-9999.000,-9999.000,0.566
16860,-9999.000,6.247,-9999.000,-9999.000,0.784
16920,-9999.000,6.180,-9999.000,-9999.000,0.842
16980,-9999.000,6.557,-9999.000,-9999.000,0.847
17040,1.867,6.328,36.097,6.270,0.866
17100,1.838,6.082,34.224,6.235,0.830
17160,1.860,6.042,35.971,6.570,0.857
17220,1.863,6.108,35.104,6.399,0.857
17280,1.845,6.446,35.993,6.301,0.910
17340,1.826,6.126,35.626,6.651,0.917
17400,1.859,5.956,35.742,6.344,0.853
17460,1.884,6.109,37.019,6.449,0.832
17520,1.861,6.554,36.056,6.399,0.845
17580,1.858,5.927,35.811,6.489,0.911
17640,1.880,6.068,36.620,6.614,0.869
17700,1.810,6.133,35.508,6.659,0.901
17760,1.824,6.076,35.956,6.604,0.869
17820,1.833,5.967,35.964,6.543,1.056
17880,1.890,6.097,35.326,6.942,1.028
17940,1.851,6.400,35.791,6.830,0.954
18000,1.865,6.502,35.187,7.082,0.939
18060,1.973,6.372,35.162,7.649,1.001
18120,1.914,6.007,33.152,7.114,0.965
18180,1.893,5.908,35.458,6.861,0.961
18240,1.793,5.625,33.623,6.599,0.938
18300,1.824,5.788,33.977,6.877,0.885
18360,1.863,5.933,34.875,6.704,0.887
18420,1.834,6.091,35.576,7.001,1.057
18480,1.897,5.965,35.414,7.125,1.057
18540,1.889,6.190,34.801,7.015,1.088
18600,-9999.000,6.097,34.818,7.154,1.037
18660,-9999.000,5.754,30.674,6.370,0.884
18720,-9999.000,6.059,32.899,7.248,1.233
18780,-9999.000,6.134,33.161,7.133,1.231
18840,1.820,6.304,33.692,7.288,1.284
18900,1.811,5.786,32.436,7.164,1.202
18960,1.839,5.747,33.622,6.980,1.114
19020,1.764,5.821,33.175,6.548,1.128
19080,1.790,5.638,32.842,6.693,1.022
19140,1.753,5.523,31.464,6.407,1.019
19200,1.746,5.415,31.358,6.432,0.937
19260,1.754,5.167,31.817,6.509,0.984
19320,1.768,5.004,31.835,6.389,0.897
19380,1.713,4.911,33.675,6.244,0.990
19440,1.686,4.769,31.375,6.185,0.831
19500,1.698,4.832,30.648,6.170,0.784
19560,1.646,4.754,30.741,6.043,0.805
19620,1.697,4.794,30.258,6.113,0.823
19680,1.638,4.593,30.512,6.069,0.869
19740,1.618,4.484,30.801,5.923,0.738
19800,1.624,4.144,30.036,5.904,0.646
19860,1.572,4.041,28.810,5.588,0.755
19920,1.549,4.194,28.981,5.485,0.633
19980,1.541,3.738,26.994,5.498,0.612
20040,1.543,3.651,27.063,5.243,0.685
20100,1.443,3.664,27.790,5.178,0.619
20160,1.481,3.646,26.361,5.077,0.593
20220,1.451,3.541,26.225,5.090,0.635
20280,1.505,3.748,25.526,5.375,0.793
20340,1.558,3.660,24.079,5.257,0.792
20400,1.649,3.910,25.502,6.214,0.976
20460,1.564,4.077,21.548,6.841,0.774
20520,1.851,3.938,22.486,7.420,0.967
20580,2.141,4.581,24.985,8.724,1.445
20640,2.249,4.422,26.678,8.948,1.528
20700,2.232,4.666,27.523,9.035,1.513
20760,2.255,4.988,28.680,9.124,1.655
20820,2.312,5.016,28.621,9.284,1.716
20880,2.273,4.601,28.004,9.161,1.649
20940,2.144,4.541,28.519,8.806,1.737
21000,2.285,4.559,28.173,9.117,1.717
21060,2.252,4.633,28.516,8.781,1.671
21120,2.353,4.933,29.812,9.637,1.852
21180,2.315,4.502,28.613,9.435,1.828
21240,2.245,4.565,29.193,9.163,1.760
21300,2.259,4.360,28.532,9.511,2.008
21360,2.227,4.603,27.310,9.828,2.109
21420,2.213,4.564,28.321,9.590,2.212
21480,2.133,4.636,26.697,9.488,1.983
21540,2.243,4.257,25.880,9.811,2.082
21600,2.104,3.988,25.367,9.415,2.053
21660,2.200,4.039,24.912,9.700,2.097
21720,2.203,4.154,25.655,9.433,1.957
21780,2.199,4.379,26.738,9.367,1.985
21840,2.174,4.050,26.279,9.134,2.017
21900,2.220,4.078,24.696,9.393,2.153
21960,2.159,4.227,25.253,9.397,2.016
22020,2.114,4.064,23.944,8.896,2.068
22080,2.097,3.537,23.519,8.194,1.969
22140,2.031,3.798,25.008,8.074,1.943
22200,2.065,3.620,23.929,8.301,1.936
22260,-9999.000,-9999.000,-9999.000,-9999.000,-9999.000
22320,-9999.000,-9999.000,-9999.000,-9999.000,-9999.000
22380,-9999.000,-9999.000,-9999.000,-9999.000,-9999.000
22440,-9999.000,3.233,-9999.000,7.459,2.008
22500,1.908,3.274,-9999.000,7.595,1.938
22560,1.885,3.060,21.515,7.505,1.818
22620,1.856,3.287,22.094,7.595,1.725
22680,1.839,3.057,21.746,7.303,1.716
22740,1.784,3.007,19.880,7.285,1.497
22800,1.763,3.006,20.285,7.441,1.461
22860,1.744,3.064,22.012,7.349,1.469
22920,1.686,2.951,20.713,7.046,1.456
22980,1.738,2.944,20.593,7.033,1.298
23040,1.783,2.823,20.333,7.331,1.396
23100,1.772,2.946,20.337,7.017,1.135
23160,1.747,3.112,20.379,7.217,1.387
23220,1.773,2.865,19.873,7.065,1.191
23280,1.745,2.954,20.086,7.093,1.349
23340,1.711,2.794,20.072,7.129,1.326
23400,1.719,3.045,20.112,7.142,1.324
23460,1.741,3.151,19.818,7.123,1.315
23520,1.718,2.849,20.571,7.036,1.321
23580,1.705,2.791,18.914,7.035,1.328
23640,1.725,2.777,19.749,6.928,1.280
23700,1.675,2.922,20.298,6.939,1.349
23760,1.714,2.809,19.518,6.937,1.292
23820,1.681,2.727,19.966,6.671,1.204
23880,1.629,3.023,20.080,6.570,1.200
23940,1.557,2.613,18.697,6.630,1.044
24000,-9999.000,2.811,18.752,6.308,1.121
24060,-9999.000,-9999.000,-9999.000,-9999.000,-9999.000
24120,-9999.000,-9999.000,-9999.000,-9999.000,-9999.000
24180,-9999.000,-9999.000,-9999.000,-9999.000,-9999.000
24240,-9999.000,-9999.000,-9999.000,-9999.000,-9999.000
24300,-9999.000,2.437,-9999.000,-9999.000,1.057
24360,1.553,2.491,17.544,6.168,1.029
24420,1.557,2.659,17.407,6.183,0.999
24480,1.509,2.537,16.547,6.080,0.942
24540,1.450,2.363,18.248,5.971,0.953
24600,1.481,2.400,18.028,5.812,1.054
24660,1.483,2.228,17.318,5.706,1.023
24720,1.491,2.240,17.112,5.840,0.868
24780,1.454,2.338,17.754,5.758,0.857
24840,1.470,2.520,17.933,5.929,1.074
24900,1.467,2.277,17.287,5.727,0.948
24960,1.608,2.683,21.265,5.856,0.893
25020,1.596,2.642,21.541,6.054,0.920
25080,1.585,2.394,21.724,5.894,0.951
25140,1.578,2.660,20.707,5.916,0.828
25200,1.571,2.649,21.150,5.817,0.919
25260,1.545,2.171,20.494,5.612,0.837
25320,1.558,2.487,19.858,5.664,0.812
25380,1.524,2.278,20.704,5.613,0.844
25440,1.534,2.407,20.606,5.561,0.735
25500,1.488,2.390,19.684,5.417,0.744
25560,1.491,2.465,19.896,5.578,0.733
