CampaignData_and_Merges/R0/CSL_MobileLab_Parked/raw/20240716/USOS-NOAAIodideCIMS-Halogens_MobileLabGround_20240716_RA.ict
39, 1001
Michael A Robinson, Chris Jernigan, Subi Thakali
NOAA ESRL Chemical Sciences Laboratory and CIRES, U. of Colorado
NOAA Iodide CIMS Instrument
USOS
1, 1
2024, 07, 16, 2024, 07, 17
0
starttime_UTC, seconds_past_midnight, seconds_of_day_since_00:00:00_UTC
6
1, 1, 1, 1, 1, 1
-9999, -9999, -9999, -9999, -9999, -9999
Br2_NOAACIMS, pptv, Gas_Br2_InSitu_S_AVMR
BrO_NOAACIMS, pptv, Gas_BrO_InSitu_S_AVMR
Cl2_NOAACIMS, pptv, Gas_Cl2_InSitu_S_AVMR
ClNO2_NOAACIMS, pptv, Gas_ClNO2_InSitu_S_AVMR
BrCl_NOAACIMS, pptv, Gas_BrCl_InSitu_S_AVMR
NCl3_NOAACIMS, pptv, Gas_NCl3_InSitu_S_AVMR
1
N/A
18
PI_CONTACT_INFO: 325 Broadway, R/CSD 7, Boulder, Colorado 80305; michael.a.robinson@noaa.gov; chris.jernigan@noaa.gov;
PLATFORM: NOAA CSL Mobile Lab
LOCATION: SLC, Utah
ASSOCIATED_DATA: 1Hz data also available on request.
INSTRUMENT_INFO: NOAA I- ToF CIMS
DATA_INFO: Units: pptv
UNCERTAINTY: tbd
ULOD_FLAG: -7777
ULOD_VALUE: N/A
LLOD_FLAG: -8888
LLOD_VALUE: N/A
DM_CONTACT_INFO: Nathan Howard; nathan.h.howard@noaa.gov
PROJECT_INFO: USOS, summer 2024. https://csl.noaa.gov/groups/csl7/measurements/2024usos/
STIPULATIONS_ON_USE: only the USOS science team is allowed to use this data
OTHER_COMMENTS: Field data; Data are averaged to 1 minute intervals. Stationary data collected from a 10 ft tower on top of the mobile lab
REVISION: RA
RA: Preliminary Data; For in-field use only
starttime_UTC, Br2_NOAACIMS, BrO_NOAACIMS, Cl2_NOAACIMS, ClNO2_NOAACIMS, BrCl_NOAACIMS, NCl3_NOAACIMS
[from data line 382]
22920,1.227,0.233,1.522,0.636,0.428,11.603
22980,1.227,0.250,1.447,0.554,0.411,8.556
23040,1.242,0.194,1.679,0.493,0.410,7.148
23100,1.269,0.223,1.592,0.583,0.439,7.306
23160,1.118,0.248,1.585,0.543,0.374,7.113
23220,1.359,0.149,1.522,0.484,0.431,7.022
23280,1.330,0.146,1.576,0.524,0.462,6.933
23340,1.225,0.192,1.558,0.508,0.447,6.741
23400,1.259,0.222,1.464,0.503,0.469,7.095
23460,1.252,0.212,1.570,0.483,0.415,9.776
23520,1.168,0.143,1.627,0.505,0.344,8.364
23580,1.207,0.281,1.622,0.495,0.429,8.668
23640,1.202,0.303,1.489,0.543,0.341,6.642
23700,0.968,0.188,1.530,0.492,0.398,6.097
23760,1.310,0.254,1.533,0.471,0.393,6.071
23820,1.080,0.228,1.470,0.442,0.381,5.913
23880,1.165,0.195,1.400,0.443,0.364,5.676
23940,1.162,0.197,1.475,0.375,0.284,7.163
24000,1.298,0.212,1.801,0.505,0.388,18.147
24060,1.171,0.170,1.648,0.481,0.386,11.740
24120,0.728,0.161,1.142,0.254,0.182,4.553
24180,0.175,0.139,0.400,0.189,0.025,5.736
24240,1.144,0.206,1.595,0.449,0.383,14.224
24300,1.148,0.213,1.598,0.444,0.377,11.632
24360,1.186,0.246,1.769,0.388,0.368,10.515
24420,1.139,0.158,1.913,0.550,0.339,18.358
24480,1.302,0.190,1.795,0.477,0.345,19.795
24540,1.335,0.234,1.752,0.482,0.358,25.563
24600,1.105,0.193,1.692,0.459,0.361,15.242
24660,1.297,0.258,1.838,0.468,0.421,17.386
24720,1.132,0.183,1.905,0.387,0.330,17.595
24780,1.080,0.221,1.574,0.598,0.329,15.655
24840,1.288,0.192,1.548,0.414,0.377,6.475
24900,1.278,0.151,1.723,0.383,0.366,9.344
24960,1.433,0.011,1.694,0.418,0.501,14.087
25020,1.528,0.137,1.808,0.328,0.474,9.411
25080,1.487,0.162,1.707,0.355,0.434,15.990
25140,1.477,0.039,1.693,0.333,0.502,8.246
25200,1.648,0.006,1.658,0.312,0.450,7.240
25260,1.501,0.185,1.664,0.306,0.411,6.428
25320,1.494,0.058,1.690,0.268,0.530,9.508
25380,1.464,0.135,1.689,0.258,0.554,10.620
25440,1.561,0.003,1.728,0.268,0.453,7.277
25500,1.268,-0.038,1.738,0.289,0.460,9.553
25560,1.548,0.054,1.858,0.335,0.470,11.011
25620,1.470,0.029,1.595,0.253,0.503,11.239
25680,1.475,0.133,1.716,0.273,0.501,8.845
25740,1.427,0.064,1.668,0.219,0.449,11.468
25800,1.444,0.061,1.761,0.283,0.449,11.431
25860,1.511,0.032,2.001,0.352,0.471,6.219
25920,1.415,-0.000,1.883,0.329,0.523,5.916
25980,1.397,0.091,1.844,0.519,0.508,6.314
26040,1.355,0.062,1.630,0.922,0.520,7.830
26100,1.545,0.058,1.708,1.028,0.462,7.509
26160,1.464,0.106,1.879,0.942,0.519,6.649
26220,1.404,0.131,1.880,0.906,0.473,6.817
26280,1.468,0.091,1.818,0.981,0.524,5.863
26340,1.594,0.046,1.771,0.995,0.601,5.841
26400,1.410,0.084,1.928,1.055,0.502,5.806
26460,1.393,0.075,2.007,1.161,0.457,10.036
26520,1.531,0.127,2.115,1.138,0.488,11.422
26580,1.686,0.059,2.215,0.989,0.550,5.787
26640,1.483,0.127,2.010,1.003,0.570,6.002
26700,1.469,0.062,1.993,0.962,0.526,5.033
26760,1.447,0.055,2.065,1.018,0.547,5.594
26820,1.613,0.068,1.971,0.951,0.563,5.329
26880,1.616,0.083,1.932,1.031,0.510,5.716
26940,1.474,0.041,1.983,1.019,0.491,6.485
27000,1.619,0.166,2.100,1.020,0.532,11.519
27060,1.613,0.068,2.091,1.105,0.444,12.589
27120,1.675,0.155,2.438,1.158,0.450,26.653
27180,1.579,0.105,2.521,1.223,0.484,36.589
27240,1.703,0.180,2.320,1.177,0.493,31.353
27300,1.448,0.145,1.990,1.009,0.528,8.233
27360,1.330,0.144,2.205,1.012,0.490,13.645
27420,1.295,0.137,2.003,1.084,0.467,7.081
27480,1.551,0.134,1.855,1.095,0.482,6.401
27540,1.569,0.193,2.222,1.231,0.475,22.424
27600,1.471,0.100,2.077,1.016,0.435,15.251
27660,1.504,0.195,2.433,1.205,0.476,22.880
27720,1.525,0.357,2.165,1.123,0.436,17.064
27780,1.452,0.221,2.516,1.220,0.515,36.363
27840,1.301,0.058,2.250,1.415,0.462,35.104
27900,1.319,0.190,1.695,0.967,0.401,7.119
27960,1.487,0.202,1.655,0.876,0.432,6.293
28020,1.490,0.164,1.872,0.840,0.463,5.800
28080,1.421,0.146,2.022,0.927,0.504,6.633
28140,1.469,0.168,1.876,0.864,0.471,6.684
28200,1.471,0.180,1.886,0.761,0.486,5.893
28260,1.376,0.146,1.935,0.701,0.517,5.785
28320,1.520,0.211,1.878,0.869,0.469,6.416
28380,1.292,0.091,2.047,0.744,0.500,6.359
28440,1.461,0.208,1.929,0.799,0.413,6.859
28500,1.614,0.158,1.748,0.579,0.517,6.310
28560,1.625,0.245,1.788,0.652,0.469,6.858
28620,1.467,0.117,1.958,0.616,0.464,6.314
28680,1.394,0.159,1.881,0.574,0.381,5.576
28740,1.435,0.135,1.649,0.472,0.501,5.598
28800,1.378,0.144,1.912,0.537,0.483,5.916
28860,1.379,0.201,1.723,0.520,0.473,5.707
28920,1.398,0.151,1.739,0.391,0.408,4.494
28980,1.386,0.155,1.618,0.325,0.486,3.960
29040,1.406,0.162,1.575,0.351,0.537,3.685
29100,1.461,0.207,1.675,0.283,0.449,3.420
29160,1.249,0.233,1.573,0.292,0.493,3.361
29220,1.477,0.119,1.696,0.254,0.435,3.025
29280,1.313,0.151,1.661,0.235,0.535,3.015
29340,1.256,0.201,1.604,0.210,0.435,3.090
29400,1.182,0.163,1.504,0.184,0.454,2.775
29460,1.378,0.165,1.538,0.225,0.397,2.534
29520,1.213,0.186,1.583,0.164,0.447,2.723
29580,1.196,0.196,1.753,0.192,0.469,2.741
29640,1.212,0.149,1.526,0.193,0.442,2.511
29700,1.077,0.191,1.435,0.180,0.442,2.572
29760,1.062,0.102,1.396,0.149,0.393,2.195
29820,1.388,0.155,1.528,0.175,0.488,2.342
29880,1.326,0.102,1.549,0.197,0.494,2.234
29940,1.223,0.120,1.539,0.171,0.415,2.283
30000,1.203,0.030,1.580,0.152,0.380,1.908
30060,1.151,0.064,1.605,0.220,0.417,2.107
30120,1.032,0.226,1.532,0.187,0.477,1.885
30180,1.172,0.141,1.559,0.152,0.440,1.704
30240,1.142,0.146,1.572,0.157,0.469,1.848
30300,1.187,0.083,1.593,0.176,0.432,1.707
30360,1.382,0.043,1.648,0.158,0.413,1.810
30420,1.302,0.175,1.610,0.163,0.440,1.862
30480,1.284,0.058,1.601,0.167,0.405,1.796
30540,1.239,0.112,1.566,0.169,0.467,1.926
30600,1.222,0.118,1.571,0.166,0.396,2.088
30660,1.119,0.162,1.518,0.157,0.484,1.624
30720,1.309,0.063,1.556,0.198,0.448,1.690
30780,1.341,0.024,1.612,0.185,0.462,1.667
30840,1.364,0.029,1.552,0.136,0.471,1.659
30900,1.420,0.043,1.584,0.151,0.515,1.558
30960,1.443,0.010,1.763,0.177,0.492,1.416
31020,1.231,0.051,1.735,0.145,0.456,1.429
31080,1.398,0.054,1.663,0.140,0.455,1.366
31140,1.504,0.046,1.680,0.156,0.501,1.212
31200,1.304,-0.071,1.677,0.149,0.405,1.290
31260,1.377,-0.055,1.608,0.170,0.477,1.427
31320,1.270,0.015,1.565,0.131,0.493,1.344
31380,1.342,-0.005,1.702,0.106,0.454,1.305
31440,1.534,-0.046,1.834,0.167,0.503,1.522
31500,1.381,-0.053,1.837,0.155,0.389,1.236
31560,-9999.000,-9999.000,-9999.000,-9999.000,-9999.000,-9999.000
31620,1.190,0.018,1.530,0.111,0.398,1.374
31680,1.313,0.021,1.638,0.127,0.519,1.379
31740,1.347,-0.001,1.608,0.154,0.402,1.264
31800,1.279,-0.069,1.529,0.136,0.382,1.001
31860,1.340,-0.018,1.675,0.148,0.387,1.390
31920,1.294,0.013,1.524,0.155,0.453,1.440
31980,1.322,-0.034,1.618,0.141,0.409,1.403
32040,1.287,-0.001,1.759,0.156,0.411,1.506
32100,1.319,-0.010,1.809,0.092,0.439,1.419
32160,1.397,0.019,1.641,0.165,0.441,1.113
32220,1.170,0.071,1.590,0.147,0.391,1.096
32280,1.294,0.068,1.580,0.089,0.474,1.453
32340,1.278,0.105,1.696,0.114,0.416,1.055
32400,1.308,0.107,1.534,0.117,0.425,1.460
32460,1.284,0.077,1.710,0.156,0.511,1.359
32520,1.289,0.091,1.624,0.101,0.468,1.369
32580,1.313,0.118,1.584,0.094,0.463,1.542
32640,1.338,0.055,1.791,0.115,0.437,1.623
32700,1.202,0.074,1.754,0.126,0.432,1.929
32760,1.349,0.143,1.823,0.132,0.418,2.273
32820,1.041,0.102,1.814,0.143,0.426,2.416
32880,1.268,0.162,1.719,0.126,0.492,2.976
32940,1.202,0.137,1.873,0.105,0.455,3.035
33000,1.128,0.137,1.861,0.119,0.527,2.963
33060,1.091,0.115,1.876,0.145,0.435,3.328
33120,1.127,0.142,1.914,0.117,0.515,3.114
33180,1.090,0.132,1.882,0.104,0.448,3.015
33240,1.140,0.181,1.940,0.121,0.492,3.280
33300,1.201,0.161,1.851,0.086,0.458,3.595
33360,1.051,0.169,1.846,0.125,0.490,3.440
33420,0.950,0.173,1.660,0.148,0.509,3.019
33480,0.947,0.175,1.823,0.130,0.439,3.077
33540,1.176,0.141,1.683,0.136,0.419,3.129
33600,1.285,0.163,1.804,0.096,0.479,2.915
33660,1.315,0.175,1.888,0.113,0.517,3.051
33720,1.158,0.249,1.894,0.128,0.502,3.181
33780,1.163,0.129,1.837,0.146,0.457,2.831
33840,1.192,0.199,1.824,0.122,0.508,2.756
33900,1.213,0.249,1.855,0.167,0.461,2.708
33960,1.353,0.183,1.983,0.197,0.467,2.958
34020,1.315,0.174,1.869,0.189,0.450,3.191
34080,1.167,0.184,2.068,0.164,0.452,3.249
34140,1.306,0.250,1.810,0.150,0.445,3.966
34200,1.305,0.194,1.914,0.209,0.457,4.103
34260,1.281,0.207,1.979,0.258,0.441,4.505
34320,1.312,0.250,1.953,0.269,0.496,5.056
34380,1.413,0.131,1.923,0.328,0.529,6.640
34440,1.342,0.174,2.032,0.330,0.521,6.946
34500,1.312,0.232,2.211,0.320,0.523,8.597
34560,1.339,0.204,2.135,0.372,0.474,8.854
34620,1.347,0.206,2.053,0.221,0.530,4.641
34680,1.051,0.183,1.976,0.312,0.524,6.862
34740,1.259,0.304,2.017,0.262,0.559,4.155
34800,1.555,0.226,2.032,0.344,0.549,5.465
34860,1.494,0.174,2.172,0.361,0.530,6.721
34920,1.352,0.313,2.004,0.295,0.479,6.543
34980,1.388,0.273,1.992,0.288,0.449,4.511
35040,1.328,0.239,1.855,0.284,0.508,4.460
35100,1.430,0.257,2.128,0.372,0.450,6.830
35160,1.413,0.167,2.165,0.523,0.508,11.494
35220,1.366,0.214,2.453,0.502,0.547,13.107
35280,1.287,0.186,1.918,0.521,0.408,10.753
35340,1.381,0.205,2.057,0.565,0.504,12.065
35400,1.390,0.140,2.197,0.672,0.442,13.514
35460,1.434,0.189,2.220,0.565,0.476,12.984
35520,1.342,0.190,1.897,0.423,0.422,6.803
35580,1.275,0.205,1.785,0.364,0.513,5.704
35640,1.343,0.125,1.785,0.314,0.471,4.526
35700,1.391,0.214,1.847,0.310,0.428,4.257
35760,1.431,0.208,1.855,0.268,0.438,4.031
35820,1.343,0.183,1.903,0.327,0.495,6.087
35880,1.475,0.158,2.137,0.624,0.490,12.328
35940,1.384,0.178,2.074,0.505,0.468,9.303
36000,1.421,0.204,2.175,0.564,0.464,12.097
36060,1.346,0.154,2.342,0.630,0.498,11.826
36120,1.291,0.187,2.031,0.558,0.451,10.039
36180,1.473,0.209,1.915,0.357,0.434,5.390
36240,1.312,0.153,1.933,0.299,0.475,5.415
36300,1.375,0.195,1.986,0.323,0.468,5.113
36360,1.438,0.195,2.124,0.495,0.465,8.608
36420,1.262,0.166,2.045,0.485,0.435,8.125
36480,1.098,0.091,1.924,0.303,0.481,4.403
36540,1.112,0.215,2.095,0.246,0.484,3.681
36600,1.293,0.128,1.860,0.260,0.473,3.005
36660,1.282,0.101,1.898,0.253,0.473,3.259
36720,1.160,0.148,1.932,0.249,0.476,2.982
36780,1.273,0.099,1.908,0.265,0.509,2.624
36840,1.148,0.082,1.880,0.262,0.454,2.877
36900,1.236,0.197,1.836,0.228,0.475,3.154
36960,1.248,0.175,2.054,0.238,0.503,2.875
37020,1.229,0.154,2.388,0.228,0.499,2.417
37080,1.381,0.188,2.335,0.265,0.536,2.592
37140,0.967,0.133,1.773,0.248,0.469,2.822
37200,1.171,0.060,1.922,0.262,0.448,2.794
37260,1.247,0.188,2.039,0.264,0.485,3.127
37320,1.288,0.092,2.002,0.294,0.480,3.113
37380,1.233,0.110,1.962,0.265,0.435,3.357
37440,1.245,0.037,2.027,0.303,0.474,3.349
37500,1.416,0.086,2.019,0.256,0.463,3.414
37560,1.278,0.169,2.050,0.286,0.461,4.832
37620,1.200,0.128,2.187,0.351,0.445,5.929
37680,1.307,0.119,2.185,0.314,0.456,4.471
37740,1.393,0.165,2.204,0.288,0.440,4.066
37800,1.374,0.055,2.214,0.312,0.478,4.175
37860,1.368,0.055,2.260,0.435,0.435,7.563
37920,1.297,0.131,2.373,0.486,0.412,9.877
37980,1.226,0.054,2.323,0.471,0.435,9.056
38040,1.361,0.077,2.119,0.464,0.465,6.514
38100,1.344,0.010,2.374,0.483,0.449,10.159
38160,1.305,0.076,2.302,0.570,0.448,12.181
38220,1.255,0.048,2.241,0.508,0.476,6.585
38280,1.343,0.032,2.242,0.491,0.485,6.929
38340,1.377,0.017,2.488,0.466,0.446,5.617
38400,1.471,0.044,2.325,0.431,0.476,4.912
38460,1.404,-0.032,2.065,0.495,0.491,4.746
38520,1.294,0.026,2.265,0.470,0.404,4.865
38580,1.471,0.018,2.236,0.504,0.528,4.680
38640,1.373,0.027,2.270,0.513,0.456,4.493
38700,1.401,0.067,2.285,0.635,0.430,4.502
38760,1.385,0.122,2.186,0.606,0.374,6.831
38820,1.379,-0.044,2.251,0.664,0.451,7.741
38880,1.383,0.045,2.109,0.611,0.423,9.208
38940,-9999.000,-9999.000,-9999.000,-9999.000,-9999.000,-9999.000
39000,1.395,0.066,2.175,0.761,0.402,15.460
39060,1.319,0.064,2.301,0.869,0.327,20.134
39120,1.463,0.104,2.366,0.675,0.400,10.787
39180,1.473,-0.007,2.249,0.748,0.345,12.824
39240,0.895,0.041,2.234,0.685,0.312,7.915
39300,1.223,0.024,2.102,0.749,0.401,8.156
39360,1.282,-0.008,2.125,0.675,0.392,7.324
39420,1.201,0.044,2.374,0.609,0.440,6.874
39480,1.326,0.032,2.280,0.569,0.436,6.971
39540,1.211,0.059,2.332,0.551,0.508,6.987
39600,1.302,0.092,2.288,0.592,0.475,7.391
39660,1.382,0.026,2.432,0.556,0.422,7.066
39720,1.203,0.033,2.315,0.487,0.434,7.323
39780,1.385,0.108,2.532,0.545,0.450,7.773
39840,1.243,0.052,2.425,0.554,0.475,8.600
39900,1.350,0.089,2.583,0.666,0.499,10.027
39960,1.270,0.102,2.711,0.632,0.443,11.326
40020,1.220,0.075,2.873,0.805,0.478,11.855
40080,1.200,0.028,2.633,0.721,0.479,12.361
40140,1.003,0.119,2.832,0.758,0.489,11.667
40200,1.276,0.074,2.823,0.854,0.486,12.247
40260,1.211,0.074,2.678,0.858,0.428,12.302
40320,1.177,0.152,2.754,0.793,0.446,12.068
40380,1.108,0.063,2.978,0.741,0.470,12.277
40440,1.117,0.122,2.859,0.798,0.449,12.078
40500,1.005,0.032,2.831,0.841,0.459,11.775
40560,1.077,0.188,2.892,0.855,0.447,11.299
40620,1.020,0.133,2.840,0.751,0.437,11.701
40680,1.061,0.142,2.868,0.792,0.457,12.096
40740,0.932,0.122,2.903,0.845,0.468,11.129
40800,0.705,0.195,3.068,0.749,0.374,10.816
40860,0.814,0.169,2.705,0.738,0.475,11.326
40920,0.895,0.096,2.822,0.813,0.494,11.695
40980,1.089,0.154,2.735,0.798,0.521,11.852
41040,0.823,0.159,2.890,0.789,0.464,11.810
41100,1.048,0.096,2.740,0.816,0.432,12.463
41160,1.044,0.225,2.837,0.840,0.508,13.115
41220,1.103,0.106,2.687,0.809,0.488,12.070
41280,1.147,0.069,2.840,0.836,0.391,11.578
41340,1.107,0.046,2.760,0.829,0.383,11.237
41400,1.055,0.058,2.577,0.829,0.378,10.995
41460,1.197,0.163,2.659,0.813,0.379,11.258
41520,1.284,0.193,2.619,0.829,0.391,11.147
41580,1.213,0.073,2.576,0.768,0.385,10.444
41640,1.051,0.188,2.593,0.793,0.311,10.683
41700,1.236,0.142,2.629,0.666,0.385,10.734
41760,1.126,0.143,2.563,0.733,0.382,10.993
41820,1.087,0.145,2.672,0.860,0.349,11.310
41880,1.383,0.164,2.832,0.771,0.463,11.371
41940,1.172,0.077,2.760,0.815,0.396,11.397
42000,1.123,0.250,2.969,0.803,0.370,10.940
42060,1.380,0.194,3.088,0.762,0.411,11.916
42120,1.254,0.161,2.880,0.846,0.411,15.027
42180,1.295,0.180,2.602,1.069,0.372,20.228
42240,1.328,0.158,2.591,0.957,0.384,17.488
42300,1.165,0.086,2.476,0.809,0.336,14.632
42360,1.347,0.153,2.545,0.862,0.404,13.853
42420,1.236,0.126,2.328,0.795,0.320,13.765
42480,1.237,0.204,2.855,0.807,0.380,13.506
42540,1.302,0.221,3.255,0.828,0.300,13.685
42600,1.568,0.129,2.943,0.769,0.342,13.496
42660,1.009,0.191,2.558,0.781,0.167,13.885
42720,1.251,0.255,2.720,0.812,0.312,12.864
42780,1.359,0.230,2.593,0.811,0.332,12.291
42840,1.359,0.200,2.382,0.762,0.314,11.715
42900,1.131,0.217,2.527,0.843,0.325,11.520
42960,1.285,0.068,2.616,0.812,0.342,11.711
43020,1.264,0.158,2.740,0.802,0.333,11.494
43080,1.375,0.117,2.781,0.810,0.329,12.468
43140,1.355,0.210,4.627,0.811,0.332,13.989
43200,1.373,0.214,3.823,0.900,0.393,23.931
43260,1.236,0.264,3.282,0.834,0.421,27.877
43320,1.320,0.150,3.242,0.783,0.368,11.640
43380,1.223,0.213,3.367,0.796,0.373,10.750
43440,1.274,0.212,3.437,0.856,0.397,9.803
43500,1.247,0.068,3.240,0.819,0.382,10.096
43560,1.263,0.191,3.327,0.760,0.412,9.241
43620,1.109,0.166,3.060,0.895,0.341,8.880
43680,1.195,0.208,3.104,0.883,0.340,8.257
43740,1.135,0.215,3.022,0.823,0.398,8.134
43800,1.034,0.210,3.057,0.854,0.405,7.616
43860,1.120,0.243,3.035,0.889,0.383,7.655
43920,1.097,0.185,3.094,0.832,0.366,7.883
43980,1.135,0.167,3.069,0.890,0.360,7.780
44040,1.124,0.208,2.710,0.729,0.368,7.649
44100,1.132,0.131,2.604,0.837,0.381,7.770
44160,1.134,0.134,2.849,0.913,0.369,13.177
44220,0.782,0.111,2.644,0.910,0.309,22.082
44280,0.844,0.211,2.841,1.062,0.379,29.167
44340,0.815,0.214,2.645,0.880,0.307,14.056
44400,0.858,0.151,2.742,0.706,0.387,9.339
44460,0.954,0.216,2.746,0.625,0.428,7.938
44520,0.949,0.116,2.640,0.582,0.325,7.403
44580,1.032,0.237,2.483,0.593,0.377,7.548
44640,0.825,0.150,2.764,0.639,0.373,11.220
44700,0.744,0.185,2.522,0.468,0.410,9.064
44760,0.948,0.194,2.339,0.470,0.391,8.252
44820,1.149,0.224,2.844,0.565,0.345,13.775
44880,0.823,0.146,2.576,0.522,0.318,14.083
44940,1.095,0.220,2.776,0.582,0.350,15.633
45000,0.977,0.133,2.596,0.503,0.337,11.645
45060,1.109,0.143,2.526,0.353,0.371,8.602
45120,1.012,0.115,2.598,0.418,0.359,9.403
45180,0.921,0.103,2.532,0.412,0.397,11.125
45240,1.223,0.202,2.537,0.598,0.378,18.934
45300,1.021,0.215,2.545,0.530,0.420,15.264
45360,1.126,0.166,2.680,0.486,0.361,10.569
