CampaignData_and_Merges/R0/CSL_MobileLab_Parked/raw/20240716/USOS-PTR_MobileLabGround_20240716_R0.ict
58, 1001
Matthew Coggon, Kelvin Bates, Chelsea Stockwell, Carsten Warneke
NOAA ESRL Chemical Sciences Division
NOAA PTR-ToF-MS
USOS
1,1 
2024, 07, 16, 2025, 09, 19
0
Time_Start, seconds, number of seconds from 00:00 UTC 
22
1, 1, 1, 1, 1, 1, 1, 1, 1, 1, 1, 1, 1, 1, 1, 1, 1, 1, 1, 1, 1, 1
-9999, -9999, -9999, -9999, -9999, -9999, -9999, -9999, -9999, -9999, -9999, -9999, -9999, -9999, -9999, -9999, -9999, -9999, -9999, -9999, -9999, -9999
CH3OH_NOAAPTR_ppbv,  ppbv, Gas_CH3OH_InSitu_S_AVMR, (CH3OH) methanol
CH3CN_NOAAPTR_ppbv,  ppbv, Gas_CH3CN_InSitu_S_AVMR, (CH3CN) acetonitrile
CH3CHO_NOAAPTR_ppbv,  ppbv, Gas_CH3CHO_InSitu_S_AVMR, (CH3CHO) acetaldehyde plus contributions from ethylene glycol and ethylene oxide. Interference from ethanol has been subtracted out.
C2H5OH_NOAAPTR_ppbv,  ppbv, Gas_C2H5OH_InSitu_S_AVMR, (C2H5OH) ethanol
CH3SH_NOAAPTR_ppbv,  ppbv, Gas_CH3SH_InSitu_S_AVMR, (CH3SH) methanethiol, using calibration factor for DMS
Acrolein_NOAAPTR_ppbv,  ppbv, Gas_Acrolein_InSitu_S_AVMR, (C3H4O) acrolein
AcetonePropanal_NOAAPTR_ppbv,  ppbv, Gas_AcetoneAndPropanal_InSitu_S_AVMR, (C3H6O) sum of acetone (dominant isomer) and propanal, using calibration factor for acetone
DMS_NOAAPTR_ppbv,  ppbv, Gas_DMS_InSitu_S_AVMR, (C2H6S) dimethyl sulfide with possible small contributions from ethanethiol
C5H8_NOAAPTR_ppbv,  ppbv, Gas_Isoprene_InSitu_S_AVMR, (C5H8) isoprene and possible fragments from cycloalkanes and aldehydes. Interferences have been subtracted following methods described by Coggon et al (2023)
MVKMAC_NOAAPTR_ppbv,  ppbv, Gas_MVKAndMAC_InSitu_S_AVMR, (C4H6O) sum of methyl vinyl ketone, methacrolein, and small amounts of crotonaldehyde, using weighted calibration factor for MVK (0.637) and MACR (0.363)
Benzene_NOAAPTR_ppbv,  ppbv, Gas_Benzene_InSitu_S_AVMR, (C6H6) benzene
Toluene_NOAAPTR_ppbv,  ppbv, Gas_Toluene_InSitu_S_AVMR, (C7H8) toluene with possible small contributions of fragments from ethyltoluene
Styrene_NOAAPTR_ppbv,  ppbv, Gas_Styrene_InSitu_S_AVMR, (C8H8) styrene
Benzaldehyde_NOAAPTR_ppbv,  ppbv, Gas_Benzaldehyde_InSitu_S_AVMR, (C7H6O) benzaldehyde
C8Aromatics_NOAAPTR_ppbv,  ppbv, Gas_C8Aromatics_InSitu_M_AVMR, (C8H10) sum of m-xylene, p-xylene, o-xylene, and ethyl benzene
C9Aromatics_NOAAPTR_ppbv,  ppbv, Gas_C9Aromatics_InSitu_M_AVMR, (C9H12) sum of C9 aromatics
Naphthalene_NOAAPTR_ppbv,  ppbv, Gas_Naphthalene_InSitu_S_AVMR, (C10H8) naphthalene
Octanal_NOAAPTR_ppbv,  ppbv, Gas_Octanal_InSitu_S_AVMR, (C8H16O) octanal and small amounts of octanone
Monoterpenes_NOAAPTR_ppbv,  ppbv, Gas_Monoterpenes_InSitu_M_AVMR, (C10H16) sum of monoterpenes and possible contributions from fragments of oxygenated monoterpenoids such as eucalyptol.
Nonanal_NOAAPTR_ppbv,  ppbv, Gas_Nonanal_InSitu_M_AVMR, (C9H18O) nonanal and small amounts of nonanone
C7H4ClF3_NOAAPTR_ppbv,  ppbv, Gas_C7H4ClF3_InSitu_S_AVMR, (C7H4ClF3) parachlorobenzotrifluoride
C10H30O5Si5_NOAAPTR_ppbv,  ppbv, Gas_C10H30O5Si5_InSitu_S_AVMR, (C10H30O5Si5) decamethylcyclopentasiloxane
1
SPECIAL COMMENTS:N/A
21
PI_CONTACT_INFO: NOAA ESRL Chemical Sciences Division, Tropospheric Chemistry Group. 325 Broadway, R/CSD7, Boulder, CO 80305
PLATFORM: Mobile Laboratory.
LOCATION: Salt Lake City, UT
ASSOCIATED_DATA: N/A
INSTRUMENT_INFO: NOAA PTR-ToF-MS measurements on NOAA CSL Mobile Lab
DATA_INFO: Units: ppbv
UNCERTAINTY: See OTHER_COMMENTS
ULOD_FLAG: -7777
ULOD_VALUE: N/A
LLOD_FLAG: -8888
LLOD_VALUE: N/A.
DM_CONTACT_INFO: Data Managers: Matt Coggon, Kelvin Bates, Chelsea Stockwell; email: matthew.m.coggon@noaa.gov and kelvin.bates@colorado.edu
PROJECT_INFO: USOS Deployment July-August, 2024
STIPULATIONS_ON_USE: Use of these data require prior OK from PI.
OTHER_COMMENTS: Uncertainties:
CH3OH_NOAAPTR_ppbv:30%; CH3CN_NOAAPTR_ppbv:30%; CH3CHO_NOAAPTR_ppbv:30%; C2H5OH_NOAAPTR_ppbv:30%; CH3SH_NOAAPTR_ppbv:50%; Acrolein_NOAAPTR_ppbv:30%; AcetonePropanal_NOAAPTR_ppbv:30%; DMS_NOAAPTR_ppbv:30%; C5H8_NOAAPTR_ppbv:30%; MVKMAC_NOAAPTR_ppbv:30%; 
Benzene_NOAAPTR_ppbv:30%; Toluene_NOAAPTR_ppbv:30%; Styrene_NOAAPTR_ppbv:30%; Benzaldehyde_NOAAPTR_ppbv:30%; C8Aromatics_NOAAPTR_ppbv:30%; C9Aromatics_NOAAPTR_ppbv:30%; Naphthalene_NOAAPTR_ppbv:30%; Octanal_NOAAPTR_ppbv:30%; Monoterpenes_NOAAPTR_ppbv:30%; Nonanal_NOAAPTR_ppbv:30%; 
C7H4ClF3_NOAAPTR_ppbv:30%; C10H30O5Si5_NOAAPTR_ppbv:30%; 
REVISION: R0
R0: Calibrated PTR Data. See individual species comments for details about measurement uncertainties
Time_Start, CH3OH_NOAAPTR_ppbv, CH3CN_NOAAPTR_ppbv, CH3CHO_NOAAPTR_ppbv, C2H5OH_NOAAPTR_ppbv, CH3SH_NOAAPTR_ppbv, Acrolein_NOAAPTR_ppbv, AcetonePropanal_NOAAPTR_ppbv, DMS_NOAAPTR_ppbv, C5H8_NOAAPTR_ppbv, MVKMAC_NOAAPTR_ppbv, Benzene_NOAAPTR_ppbv, Toluene_NOAAPTR_ppbv, Styrene_NOAAPTR_ppbv, Benzaldehyde_NOAAPTR_ppbv, C8Aromatics_NOAAPTR_ppbv, C9Aromatics_NOAAPTR_ppbv, Naphthalene_NOAAPTR_ppbv, Octanal_NOAAPTR_ppbv, Monoterpenes_NOAAPTR_ppbv, Nonanal_NOAAPTR_ppbv, C7H4ClF3_NOAAPTR_ppbv, C10H30O5Si5_NOAAPTR_ppbv
[from data line 1330]
79800.0, 6.67003, 0.29306, 1.24299, 1.44910, -0.00088, 0.19008, 4.12963, 0.01111, 0.24073, 0.16969, 0.17336, 0.09258, -0.00244, 0.07416, 0.05660, 0.02388, -0.01282, 0.03696, 0.11328, 0.05318, 0.00148, 0.00114 
79860.0, 6.17302, 0.27942, 0.93354, 0.65810, 0.00020, 0.15027, 4.02241, -0.00119, 0.13690, 0.16898, 0.04976, 0.08730, 0.00754, 0.03020, 0.03827, 0.01471, -0.00553, 0.02136, 0.05466, 0.03238, 0.00801, -0.00006 
79920.0, 5.47847, 0.32838, 1.00335, 1.04488, 0.00172, 0.14730, 4.05275, 0.00924, 0.21276, 0.17744, -0.00055, 0.06909, -0.00243, 0.00401, 0.04257, 0.01218, -0.00079, 0.02373, 0.12094, 0.01613, 0.01103, 0.00095 
79980.0, 6.71620, 0.29668, 1.19945, 1.06462, 0.00177, 0.12325, 4.06181, 0.00203, 0.19098, 0.17832, 0.02746, 0.09339, 0.01107, 0.02859, 0.04593, 0.00826, 0.00079, 0.02867, 0.09898, 0.03016, 0.01852, 0.00600 
80040.0, 7.69158, 0.29784, 1.35564, 1.58572, 0.00010, 0.18076, 4.11278, -0.00464, 0.22442, 0.19204, 0.05213, 0.10157, 0.01120, 0.03848, 0.06410, 0.02682, -0.00425, 0.03438, 0.10885, 0.01885, 0.00907, 0.00200 
80100.0, 6.60357, 0.29349, 1.15869, 1.26771, 0.00248, 0.18636, 3.86002, 0.00034, 0.23894, 0.15108, 0.01823, 0.09521, -0.00242, 0.01740, 0.07433, 0.01717, -0.01054, 0.02031, 0.12435, 0.03859, 0.00757, 0.00164 
80160.0, 6.78032, 0.28158, 1.29414, 1.16094, -0.00067, 0.17552, 4.04294, 0.00393, 0.37796, 0.18038, 0.02645, 0.09810, 0.02276, 0.02097, 0.11199, 0.03087, -0.01161, 0.03045, 0.11045, 0.02830, 0.00445, 0.00171 
80220.0, 6.49840, 0.27632, 1.01096, 1.38970, -0.00000, 0.15108, 3.79826, 0.00865, 0.21467, 0.14531, 0.02390, 0.07831, 0.01736, 0.00821, 0.08997, 0.02642, 0.00316, 0.04420, 0.13220, 0.02371, 0.00309, 0.00071 
80280.0, 5.51141, 0.28354, 0.78080, 0.44684, -0.00104, 0.11883, 3.61362, 0.00979, 0.00000, 0.11669, 0.02346, 0.03033, -0.00240, 0.00446, 0.01872, 0.00613, 0.00343, 0.00763, 0.02327, 0.01764, -0.00103, 0.00194 
80340.0, 5.80600, 0.30060, 0.97445, 0.73966, 0.00345, 0.14418, 3.81918, 0.01017, 0.20285, 0.16452, 0.02292, 0.07361, -0.00240, 0.02535, 0.05354, 0.01689, 0.00048, 0.01079, 0.08309, 0.03059, 0.00167, 0.00360 
80400.0, 6.97841, 0.30589, 1.01410, 0.71732, 0.00178, 0.13558, 3.84017, -0.00186, 0.12766, 0.16286, 0.02926, 0.05463, 0.02045, 0.02330, 0.03393, 0.01061, -0.00824, 0.01783, 0.08995, 0.02813, -0.00028, 0.00204 
80460.0, 6.49068, 0.28065, 1.16314, 0.86937, 0.00233, 0.15509, 3.87349, 0.01512, 0.12627, 0.16164, 0.04648, 0.09218, 0.01271, 0.03524, 0.06253, 0.02606, 0.00725, 0.04220, 0.09865, 0.04092, 0.00062, 0.00323 
80520.0, 5.65298, 0.28257, 0.89020, 0.40434, -0.00040, 0.14672, 3.73296, -0.00441, 0.07941, 0.17132, 0.01325, 0.04540, -0.00238, 0.01044, 0.02310, 0.01453, 0.01040, 0.01708, 0.03876, 0.03366, 0.00585, 0.00293 
80580.0, 5.78480, 0.27841, 0.97310, 0.84814, 0.00009, 0.13603, 3.91732, -0.00458, 0.09346, 0.17301, 0.04698, 0.09621, -0.00023, 0.01644, 0.05548, 0.01902, 0.00496, 0.03269, 0.05746, 0.02906, 0.00400, 0.00299 
80640.0, 5.92308, 0.28678, 1.02979, 0.61152, 0.00186, 0.17300, 3.82021, -0.00457, 0.00000, 0.17936, -0.00050, 0.05755, 0.00324, 0.01164, 0.03832, 0.01206, 0.01046, 0.04340, 0.03559, 0.03609, 0.00812, 0.00253 
80700.0, 6.73435, 0.27604, 1.14089, 0.41305, 0.00174, 0.13231, 3.93938, -0.00456, 0.00372, 0.14373, 0.02761, 0.06764, 0.00444, 0.01179, 0.04621, 0.01940, -0.00792, 0.02072, 0.05078, 0.02817, 0.00078, -0.00055 
80760.0, 8.75046, 0.30015, 1.14030, 0.93938, 0.00033, 0.16142, 3.98194, -0.00456, 0.05612, 0.20131, 0.39128, 0.08907, 0.01414, 0.20568, 0.03386, 0.01971, -0.00741, 0.02598, 0.08934, 0.03327, 0.00440, 0.00189 
80820.0, 6.06952, 0.29637, 1.00817, 1.14924, 0.00008, 0.12290, 4.04866, 0.00815, 0.13651, 0.21414, 0.27041, 0.06501, 0.00987, 0.14785, 0.03091, 0.01232, -0.00939, 0.01736, 0.10896, 0.00896, -0.00219, 0.00126 
80880.0, 15.39367, 0.31766, 1.40142, 1.56246, 0.00081, 0.21520, 4.32910, -0.00259, 0.25492, 0.25653, 0.56487, 0.10517, 0.01372, 0.25014, 0.06196, 0.03173, -0.00529, 0.03726, 0.14234, 0.05468, 0.00349, 0.00164 
80940.0, 7.35083, 0.29573, 1.31340, 1.54640, 0.00456, 0.19148, 4.19883, -0.00163, 0.30309, 0.25298, 1.14027, 0.11359, 0.01666, 0.54396, 0.04937, 0.01933, 0.01372, 0.04644, 0.15643, 0.04360, 0.00466, 0.00226 
81000.0, 6.00724, 0.31250, 1.04015, 0.67738, -0.00103, 0.19094, 4.22716, -0.00453, 0.08491, 0.21283, 0.20802, 0.10250, 0.00993, 0.09334, 0.03747, 0.00961, 0.00674, 0.01871, 0.08272, 0.01822, 0.00277, 0.00107 
81060.0, 6.66255, 0.30561, 1.17230, 1.43241, 0.00273, 0.17959, 4.55786, 0.02515, 0.16944, 0.24200, 0.36109, 0.08162, 0.00430, 0.20820, 0.04468, 0.02163, 0.00203, 0.03607, 0.16655, 0.03578, 0.00454, 0.00293 
81120.0, 6.93089, 0.32315, 1.31632, 0.90448, 0.00025, 0.16836, 4.42592, 0.00279, 0.22610, 0.26515, 0.24889, 0.10711, 0.01226, 0.11659, 0.04003, 0.02086, -0.00309, -0.00345, 0.14431, 0.03151, 0.00385, 0.00364 
81180.0, 7.11695, 0.30139, 1.45014, 1.06304, 0.00638, 0.19737, 4.45632, 0.01599, 0.17278, 0.26722, 0.17361, 0.11324, 0.00204, 0.05954, 0.04478, 0.02135, 0.00526, 0.02843, 0.12928, 0.03736, -0.00220, 0.00224 
81240.0, 6.49655, 0.31152, 1.31248, 0.90204, 0.00187, 0.17152, 4.27538, 0.00864, 0.07644, 0.22816, 0.56554, 0.09307, 0.01329, 0.30750, 0.04051, 0.01512, 0.00678, 0.03160, 0.07578, 0.04495, 0.00224, 0.00220 
81300.0, 8.41495, 0.34522, 1.57798, 1.86582, 0.00180, 0.18706, 4.50766, 0.02560, 0.11871, 0.26769, 0.28254, 0.25802, 0.01987, 0.09090, 0.11807, 0.04020, 0.00936, 0.02608, 0.09886, 0.03716, 0.00557, 0.00207 
81360.0, -9999.00000, -9999.00000, -9999.00000, -9999.00000, -9999.00000, -9999.00000, -9999.00000, -9999.00000, -9999.00000, -9999.00000, -9999.00000, -9999.00000, -9999.00000, -9999.00000, -9999.00000, -9999.00000, -9999.00000, -9999.00000, -9999.00000, -9999.00000, -9999.00000, -9999.00000 
81420.0, 8.49140, 0.27578, 1.57834, 1.89502, 0.00287, 0.23516, 4.66912, -0.00447, 0.25557, 0.27510, 0.18237, 0.13035, 0.01595, 0.10011, 0.06276, 0.02552, 0.01002, 0.03541, 0.18555, 0.04118, 0.00580, 0.00418 
81480.0, 7.66005, 0.31334, 1.45082, 1.77482, 0.00044, 0.21913, 4.59691, 0.02893, 0.40862, 0.28805, 0.04147, 0.10422, 0.00790, 0.02714, 0.05648, 0.02712, -0.00718, 0.02555, 0.18970, 0.06557, 0.00267, 0.00150 
81540.0, 8.13695, 0.33159, 1.51714, 1.84127, 0.00089, 0.22025, 4.54180, -0.00260, 0.54467, 0.31549, 0.09399, 0.15267, 0.00465, 0.04842, 0.07259, 0.01807, 0.01578, 0.05559, 0.17750, 0.07572, 0.00891, 0.00088 
81600.0, 6.09333, 0.29912, 1.11368, 1.04576, 0.00061, 0.15545, 4.05146, 0.00353, 0.20266, 0.24395, 0.04108, 0.07428, -0.00230, 0.01768, 0.04529, 0.02625, 0.00606, 0.02868, 0.09541, 0.03211, 0.00373, 0.00342 
81660.0, 7.20697, 0.32361, -9999.00000, 0.96633, 0.00080, 0.17759, 4.09982, 0.01756, -9999.00000, 0.23424, 0.02642, 0.07754, 0.00358, 0.00818, 0.03148, 0.01383, -0.00227, 0.02474, 0.08398, 0.03266, 0.00665, 0.00198 
81720.0, -9999.00000, -9999.00000, -9999.00000, -9999.00000, -9999.00000, -9999.00000, -9999.00000, -9999.00000, -9999.00000, -9999.00000, -9999.00000, -9999.00000, -9999.00000, -9999.00000, -9999.00000, -9999.00000, -9999.00000, -9999.00000, -9999.00000, -9999.00000, -9999.00000, -9999.00000 
81780.0, -9999.00000, -9999.00000, -9999.00000, -9999.00000, -9999.00000, -9999.00000, -9999.00000, -9999.00000, -9999.00000, -9999.00000, -9999.00000, -9999.00000, -9999.00000, -9999.00000, -9999.00000, -9999.00000, -9999.00000, -9999.00000, -9999.00000, -9999.00000, -9999.00000, -9999.00000 
81840.0, -9999.00000, -9999.00000, -9999.00000, -9999.00000, -9999.00000, -9999.00000, -9999.00000, -9999.00000, -9999.00000, -9999.00000, -9999.00000, -9999.00000, -9999.00000, -9999.00000, -9999.00000, -9999.00000, -9999.00000, -9999.00000, -9999.00000, -9999.00000, -9999.00000, -9999.00000 
81900.0, -9999.00000, -9999.00000, -9999.00000, -9999.00000, -9999.00000, -9999.00000, -9999.00000, -9999.00000, -9999.00000, -9999.00000, -9999.00000, -9999.00000, -9999.00000, -9999.00000, -9999.00000, -9999.00000, -9999.00000, -9999.00000, -9999.00000, -9999.00000, -9999.00000, -9999.00000 
81960.0, -9999.00000, -9999.00000, -9999.00000, -9999.00000, -9999.00000, -9999.00000, -9999.00000, -9999.00000, -9999.00000, -9999.00000, -9999.00000, -9999.00000, -9999.00000, -9999.00000, -9999.00000, -9999.00000, -9999.00000, -9999.00000, -9999.00000, -9999.00000, -9999.00000, -9999.00000 
82020.0, -9999.00000, -9999.00000, -9999.00000, -9999.00000, -9999.00000, -9999.00000, -9999.00000, -9999.00000, -9999.00000, -9999.00000, -9999.00000, -9999.00000, -9999.00000, -9999.00000, -9999.00000, -9999.00000, -9999.00000, -9999.00000, -9999.00000, -9999.00000, -9999.00000, -9999.00000 
82080.0, -9999.00000, -9999.00000, -9999.00000, -9999.00000, -9999.00000, -9999.00000, -9999.00000, -9999.00000, -9999.00000, -9999.00000, -9999.00000, -9999.00000, -9999.00000, -9999.00000, -9999.00000, -9999.00000, -9999.00000, -9999.00000, -9999.00000, -9999.00000, -9999.00000, -9999.00000 
82140.0, -9999.00000, -9999.00000, -9999.00000, -9999.00000, -9999.00000, -9999.00000, -9999.00000, -9999.00000, -9999.00000, -9999.00000, -9999.00000, -9999.00000, -9999.00000, -9999.00000, -9999.00000, -9999.00000, -9999.00000, -9999.00000, -9999.00000, -9999.00000, -9999.00000, -9999.00000 
82200.0, -9999.00000, -9999.00000, -9999.00000, -9999.00000, -9999.00000, -9999.00000, -9999.00000, -9999.00000, -9999.00000, -9999.00000, -9999.00000, -9999.00000, -9999.00000, -9999.00000, -9999.00000, -9999.00000, -9999.00000, -9999.00000, -9999.00000, -9999.00000, -9999.00000, -9999.00000 
82260.0, -9999.00000, -9999.00000, -9999.00000, -9999.00000, -9999.00000, -9999.00000, -9999.00000, -9999.00000, -9999.00000, -9999.00000, -9999.00000, -9999.00000, -9999.00000, -9999.00000, -9999.00000, -9999.00000, -9999.00000, -9999.00000, -9999.00000, -9999.00000, -9999.00000, -9999.00000 
82320.0, 7.68405, 0.32377, -9999.00000, 1.37278, 0.00367, 0.16204, 3.99601, 0.01976, -9999.00000, 0.20772, 0.03402, 0.14298, 0.01872, 0.03868, 0.06524, 0.07597, -0.00340, 0.01760, 0.10484, 0.03306, 0.00449, 0.00159 
82380.0, 6.05715, 0.31144, 1.02511, 0.93230, 0.00126, 0.12588, 4.09410, 0.00360, 0.21935, 0.19980, 0.06499, 0.06836, 0.00596, 0.03446, 0.03616, 0.03148, 0.00708, 0.00717, 0.06290, 0.01894, 0.00726, 0.00186 
82440.0, 6.28463, 0.29901, 1.13480, 1.25570, 0.00226, 0.17514, 4.21593, 0.01216, 0.30672, 0.20915, 0.00746, 0.06835, 0.00278, 0.03323, 0.04876, 0.02735, 0.00775, 0.02884, 0.10880, 0.03929, 0.00682, 0.00265 
82500.0, 7.32636, 0.33300, 1.14843, 1.43004, -0.00007, 0.16815, 4.24025, 0.01120, 0.33295, 0.20198, 0.02165, 0.14062, 0.00377, 0.02281, 0.07098, 0.02951, 0.00541, 0.02196, 0.13790, 0.03587, 0.01145, 0.00133 
82560.0, 7.02857, 0.29369, 1.22908, 1.41323, 0.00536, 0.13975, 4.41923, 0.00719, 0.30250, 0.20453, 0.03639, 0.14534, 0.01048, 0.01916, 0.05790, 0.02932, 0.00254, 0.03475, 0.12880, 0.02310, -0.00103, 0.00006 
82620.0, 6.88524, 0.30470, 1.14061, 1.25892, 0.00226, 0.13448, 4.05586, 0.01009, 0.13368, 0.19409, 0.03373, 0.11602, 0.01181, 0.02269, 0.04923, 0.02452, 0.01552, 0.03066, 0.08672, 0.03092, 0.00243, 0.00372 
82680.0, 7.46236, 0.28943, 1.19735, 1.74626, -0.00077, 0.17071, 4.20054, 0.01529, 0.08381, 0.17223, 0.20805, 0.18754, 0.02002, 0.09252, 0.09652, 0.04396, 0.01075, 0.02447, 0.09819, 0.03449, 0.00440, 0.00454 
82740.0, 5.67285, 0.29781, 0.95361, 0.72252, 0.00059, 0.15516, 3.94985, 0.00761, 0.18223, 0.17867, 0.04490, 0.06096, 0.00540, 0.01484, 0.02916, 0.01848, 0.00599, 0.01981, 0.05313, 0.04193, 0.00299, 0.00026 
82800.0, 6.50416, 0.27695, 1.12542, 1.15945, 0.00199, 0.17279, 4.09945, 0.01686, 0.20906, 0.20560, 0.83355, 0.08349, 0.00203, 0.46198, 0.03201, 0.02208, 0.01501, 0.03933, 0.18257, 0.02700, 0.00866, -0.00034 
82860.0, 6.18153, 0.30430, 1.06747, 1.03553, 0.00287, 0.16991, 4.08079, 0.00702, 0.40265, 0.21294, 0.08448, 0.09513, -0.00226, 0.08439, 0.05089, 0.01950, -0.00251, 0.01440, 0.14194, 0.02387, 0.03929, 0.00211 
82920.0, 6.75016, 0.28134, 1.18798, 1.47377, 0.00097, 0.16456, 4.12234, 0.00422, 0.33644, 0.23108, 0.08318, 0.12323, 0.02608, 0.03955, 0.05856, 0.01720, 0.00223, 0.01975, 0.15210, 0.04890, 0.01200, 0.00270 
82980.0, 7.03670, 0.31258, 1.18285, 1.36457, 0.00483, 0.17296, 4.14598, 0.01209, 0.36863, 0.25130, 0.06079, 0.10459, 0.00849, 0.06718, 0.04800, 0.02385, 0.00434, 0.04159, 0.14918, 0.04391, 0.01049, 0.00278 
83040.0, 6.56869, 0.31399, 1.03777, 0.97270, 0.00209, 0.20568, 3.93406, 0.00900, 0.24594, 0.20637, 0.21471, 0.09767, 0.01335, 0.13719, 0.04462, 0.02009, 0.02772, 0.03255, 0.13161, 0.03941, 0.00600, 0.00246 
83100.0, 6.49792, 0.30977, 0.91964, 0.77690, 0.00203, 0.15074, 3.86994, 0.00982, 0.10605, 0.18320, 0.07643, 0.04522, 0.00284, 0.05105, 0.02467, 0.01662, 0.00214, 0.01584, 0.09160, 0.01737, -0.00014, 0.00313 
83160.0, 6.74211, 0.32027, 0.98971, 1.14547, -0.00100, 0.16361, 3.98478, 0.00717, 0.15334, 0.19141, 0.06821, 0.05908, 0.00137, 0.03398, 0.02597, 0.01423, -0.00576, 0.02516, 0.13779, 0.03047, -0.00095, 0.00041 
83220.0, 7.07691, 0.31263, 0.99128, 1.05464, 0.00287, 0.15467, 3.86509, -0.00105, 0.12183, 0.21269, 0.72106, 0.07660, 0.00672, 0.36843, 0.05105, 0.01450, -0.00436, 0.01207, 0.06813, 0.02225, 0.00261, 0.00010 
83280.0, 7.47655, 0.30352, 1.14222, 1.05650, 0.00011, 0.18913, 3.97087, 0.01590, 0.22385, 0.19866, 1.37947, 0.08489, 0.01006, 0.72106, 0.02263, 0.01790, -0.00575, 0.03022, 0.14465, 0.04932, 0.00492, 0.00027 
83340.0, 7.21253, 0.28052, 1.09315, 2.13984, 0.00105, 0.16179, 4.06986, 0.00885, 0.15690, 0.19165, 0.36437, 0.23951, 0.00924, 0.14619, 0.14332, 0.03687, 0.01425, 0.03232, 0.16165, 0.04568, 0.00154, 0.00266 
83400.0, 5.22508, 0.29121, 0.88570, 0.66221, 0.00002, 0.15249, 3.78792, 0.00923, 0.11621, 0.15107, 0.18898, 0.05678, -0.00224, 0.11853, 0.02515, 0.00747, -0.00261, 0.02214, 0.04994, 0.03974, -0.00003, 0.00216 
83460.0, 5.69236, 0.29775, 0.85776, 0.82567, -0.00002, 0.13389, 3.86272, 0.00766, 0.05159, 0.16414, 0.04518, 0.04294, 0.00518, 0.03845, 0.02142, 0.01159, 0.01042, 0.02527, 0.07945, 0.01914, 0.00335, 0.00083 
83520.0, 5.17141, 0.29659, 0.75175, 0.44186, 0.00104, 0.14423, 3.74324, 0.00925, 0.00025, 0.14653, 0.01638, 0.02856, -0.00185, 0.02730, 0.02027, 0.00692, -0.00573, 0.00724, 0.02252, 0.03215, 0.01322, 0.00199 
83580.0, 5.15179, 0.28486, 0.94857, 0.73682, 0.00159, 0.14330, 3.83033, 0.00509, 0.10360, 0.17055, 0.06172, 0.08418, -0.00224, -0.00451, 0.03588, 0.02162, 0.00203, 0.01809, 0.04649, 0.01757, 0.00498, 0.00034 
83640.0, 6.57729, 0.30777, 1.05451, 0.91749, 0.00474, 0.17330, 3.97149, 0.00566, 0.17498, 0.18742, 0.05448, 0.07365, 0.00610, 0.02577, 0.03335, 0.00543, -0.00572, 0.03215, 0.12264, 0.02593, 0.00224, 0.00233 
83700.0, 6.06591, 0.30073, 1.03683, 0.72788, 0.00503, 0.13961, 4.08338, 0.01247, 0.14997, 0.20242, 0.13208, 0.08646, 0.01878, 0.07097, 0.04768, 0.02550, -0.00303, 0.02272, 0.10670, 0.03092, 0.01730, 0.00437 
83760.0, 7.39861, 0.29111, 1.12695, 0.83024, 0.00232, 0.17096, 4.02912, 0.00152, 0.06685, 0.18439, 0.39249, 0.08820, 0.01436, 0.18284, 0.03517, 0.01824, 0.00998, 0.02037, 0.12791, 0.03067, 0.00430, 0.00295 
83820.0, 7.15123, 0.28560, 1.26702, 1.42331, -0.00099, 0.17701, 4.08275, 0.02253, 0.10868, 0.18378, 2.31577, 0.09623, 0.01575, 1.24489, 0.02216, 0.01670, 0.01182, 0.01745, 0.11119, 0.05774, 0.00787, 0.00250 
83880.0, 8.45198, 0.29869, 1.43273, 1.48100, 0.00325, 0.19459, 4.22513, 0.00432, 0.22976, 0.21571, 0.58769, 0.14078, 0.01377, 0.30720, 0.07077, 0.03386, 0.01095, 0.04109, 0.17639, 0.04327, 0.00630, 0.00425 
83940.0, 6.51217, 0.30528, 0.97775, 0.73168, 0.00030, 0.14084, 3.99380, -0.00374, 0.06915, 0.18543, 0.28394, 0.06750, -0.00223, 0.13556, 0.04184, 0.01088, 0.00318, 0.02927, 0.11038, 0.03609, 0.00194, 0.00218 
84000.0, 7.44864, 0.31380, 1.17494, 1.07215, 0.00288, 0.17929, 4.07965, 0.01862, 0.33913, 0.22084, 0.30847, 0.24850, 0.01021, 0.05977, 0.08755, 0.03702, 0.00454, 0.04020, 0.16334, 0.03796, 0.01350, 0.00284 
