CampaignData_and_Merges/R0/CSL_MobileLab_Parked/raw/20240716/USOS-NOAAIodideCIMS-N2O5_MobileLabGround_20240716_RA.ict
34, 1001
Michael A Robinson, Chris Jernigan, Subi Thakali
NOAA ESRL Chemical Sciences Laboratory and CIRES, U. of Colorado
NOAA Iodide CIMS Instrument
USOS
1, 1
2024, 07, 16, 2024, 07, 17
0
starttime_UTC, seconds_past_midnight, seconds_of_day_since_00:00:00_UTC
1
1
-9999
N2O5_NOAACIMS, pptv, Gas_N2O5_InSitu_S_AVMR
1
N/A
18
PI_CONTACT_INFO: 325 Broadway, R/CSD 7, Boulder, Colorado 80305; michael.a.robinson@noaa.gov; chris.jernigan@noaa.gov;
PLATFORM: NOAA CSL Mobile Lab
LOCATION: SLC, Utah
ASSOCIATED_DATA: 1Hz data also available on request.
INSTRUMENT_INFO: NOAA I- ToF CIMS
DATA_INFO: Units: pptv
UNCERTAINTY: tbd
ULOD_FLAG: -7777
ULOD_VALUE: N/A
LLOD_FLAG: -8888
LLOD_VALUE: N/A
DM_CONTACT_INFO: Nathan Howard; nathan.h.howard@noaa.gov
PROJECT_INFO: USOS, summer 2024. https://csl.noaa.gov/groups/csl7/measurements/2024usos/
STIPULATIONS_ON_USE: only the USOS science team is allowed to use this data
OTHER_COMMENTS: Field data; Data are averaged to 1 minute intervals. Stationary data collected from a 10 ft tower on top of the mobile lab
REVISION: RA
RA: Preliminary Data; For in-field use only
starttime_UTC, N2O5_NOAACIMS
0,0.435
60,0.331
120,0.320
180,0.461
240,0.303
300,0.269
360,0.339
420,0.295
480,0.229
540,0.302
600,0.312
660,0.203
720,0.221
780,0.342
840,0.169
900,0.304
960,0.091
1020,0.269
1080,0.183
1140,0.181
1200,0.340
1260,0.237
1320,0.252
1380,0.093
1440,0.102
1500,0.268
1560,0.206
1620,0.183
1680,0.198
1740,0.086
1800,0.089
1860,0.208
1920,0.167
1980,0.197
2040,0.068
2100,0.173
2160,0.168
2220,0.302
2280,0.186
2340,0.306
2400,0.235
2460,0.156
2520,0.070
2580,0.197
2640,0.115
2700,0.298
2760,0.149
2820,0.304
2880,0.157
2940,0.178
3000,0.197
3060,0.291
3120,0.121
3180,0.231
3240,0.296
3300,0.161
3360,0.112
3420,0.246
3480,0.308
3540,0.351
3600,0.171
3660,0.160
3720,0.225
3780,0.155
3840,-0.028
3900,0.258
3960,0.209
4020,0.244
4080,0.277
4140,0.187
4200,0.247
4260,0.074
4320,0.158
4380,0.328
4440,0.244
4500,0.148
4560,0.244
4620,0.116
4680,0.230
4740,0.358
4800,0.261
4860,0.349
4920,0.391
4980,0.172
5040,0.337
5100,0.461
5160,0.217
5220,0.527
5280,0.501
5340,0.418
5400,0.200
5460,0.297
5520,0.360
5580,0.344
5640,0.366
5700,0.496
5760,0.459
5820,0.191
5880,0.387
5940,0.290
6000,0.287
6060,0.169
6120,0.233
6180,0.257
6240,0.282
6300,0.259
6360,0.310
6420,0.269
6480,0.273
6540,0.318
6600,0.307
6660,0.387
6720,0.312
6780,0.332
6840,0.350
6900,0.315
6960,0.386
7020,0.302
7080,0.303
7140,0.235
7200,0.249
7260,0.180
7320,0.349
7380,0.229
7440,0.318
7500,0.472
7560,0.336
7620,0.347
7680,0.349
7740,0.315
7800,0.281
7860,0.232
7920,0.186
7980,0.241
8040,0.397
8100,0.284
8160,0.335
8220,0.542
8280,0.590
8340,0.700
8400,0.631
8460,0.623
8520,0.576
8580,0.585
8640,0.775
8700,0.817
8760,0.354
8820,0.646
8880,0.706
8940,0.929
9000,0.688
9060,0.691
9120,0.858
9180,1.048
9240,0.737
9300,1.163
9360,1.131
9420,0.838
9480,0.933
9540,0.993
9600,0.831
9660,1.725
9720,2.358
9780,2.286
9840,1.889
9900,2.718
9960,1.615
10020,1.563
10080,1.289
10140,2.554
10200,1.784
10260,2.539
10320,3.499
10380,3.681
10440,4.476
10500,4.033
10560,3.821
10620,2.449
10680,2.655
10740,1.962
10800,1.459
10860,0.887
10920,1.081
10980,0.963
11040,1.048
11100,1.265
11160,1.240
11220,0.976
11280,1.116
11340,1.797
11400,1.898
11460,1.208
11520,0.710
11580,0.692
11640,1.024
11700,0.477
11760,0.356
11820,0.651
11880,0.478
11940,0.487
12000,0.625
12060,0.869
12120,1.106
12180,0.759
12240,1.271
12300,0.854
12360,0.633
12420,0.759
12480,0.777
12540,0.565
12600,0.370
12660,0.578
12720,0.378
12780,0.659
12840,0.531
12900,0.410
12960,0.667
13020,0.787
13080,-9999.000
13140,0.396
13200,1.068
13260,0.856
13320,0.669
13380,0.597
13440,0.677
13500,0.688
13560,0.820
13620,0.935
13680,0.511
13740,0.472
13800,0.582
13860,0.477
13920,0.918
13980,0.815
14040,0.650
14100,0.673
14160,0.685
14220,0.586
14280,0.941
14340,0.900
14400,0.837
14460,0.579
14520,0.661
14580,0.643
14640,0.690
14700,0.412
14760,0.791
14820,0.589
14880,0.626
14940,0.910
15000,0.727
15060,0.948
15120,1.355
15180,1.297
15240,1.919
15300,0.828
15360,1.948
15420,1.909
15480,2.758
15540,2.567
15600,3.452
15660,1.755
15720,1.197
15780,1.159
15840,0.876
15900,2.093
15960,0.728
16020,0.652
16080,1.011
16140,0.874
16200,0.774
16260,0.459
16320,0.810
16380,0.577
16440,0.389
16500,0.505
16560,0.584
16620,0.356
16680,0.445
16740,0.876
16800,1.016
16860,0.982
16920,1.465
16980,0.511
17040,1.253
17100,0.738
17160,0.776
17220,0.537
17280,0.568
17340,0.920
17400,0.807
17460,0.492
17520,0.676
17580,0.514
17640,0.603
17700,0.645
17760,0.766
17820,0.528
17880,0.869
17940,0.715
18000,0.916
18060,0.571
18120,0.876
18180,0.552
18240,0.752
18300,0.309
18360,0.936
18420,0.467
18480,1.184
18540,0.856
18600,1.103
18660,0.686
18720,1.185
18780,0.547
18840,0.592
18900,0.977
18960,0.604
19020,0.710
19080,0.565
19140,0.929
19200,0.511
19260,0.400
19320,0.606
19380,0.428
19440,0.362
19500,0.485
19560,0.489
19620,0.377
19680,0.474
19740,0.306
19800,0.416
19860,0.448
19920,0.343
19980,0.312
20040,0.404
20100,0.665
20160,0.561
20220,0.831
20280,1.979
20340,2.477
20400,2.399
20460,5.666
20520,5.841
20580,5.105
20640,2.464
20700,0.951
20760,0.744
20820,0.872
20880,1.692
20940,3.474
21000,4.334
21060,5.883
21120,8.319
21180,4.524
21240,5.860
21300,14.724
21360,13.338
21420,5.559
21480,14.906
21540,25.502
21600,16.782
21660,19.523
21720,4.925
21780,10.709
21840,9.191
21900,14.312
21960,10.207
22020,11.163
22080,5.986
22140,2.162
22200,5.518
22260,3.811
22320,1.225
22380,6.438
22440,5.631
22500,3.651
22560,2.956
22620,2.106
22680,2.556
22740,3.771
22800,3.993
22860,0.683
22920,2.050
22980,1.339
23040,1.581
23100,1.018
23160,1.069
23220,2.034
23280,1.304
23340,1.130
23400,1.042
23460,1.238
23520,0.660
23580,2.445
23640,2.137
23700,1.033
23760,1.158
23820,0.997
23880,0.832
23940,0.688
24000,1.231
24060,0.687
24120,0.723
24180,0.296
24240,0.694
24300,0.706
24360,0.776
24420,0.434
24480,0.919
24540,0.271
24600,0.983
24660,0.739
24720,0.625
24780,0.314
24840,0.492
24900,0.682
24960,5.066
25020,4.893
25080,4.937
25140,4.570
25200,4.275
25260,4.658
25320,4.032
25380,3.771
25440,3.796
25500,3.416
25560,3.111
25620,3.559
25680,3.862
25740,3.238
25800,3.955
25860,4.414
25920,5.342
25980,13.942
26040,55.295
26100,44.278
26160,35.508
26220,28.567
26280,37.402
26340,33.790
26400,30.800
26460,29.505
26520,26.407
26580,24.378
26640,21.785
26700,23.728
26760,22.378
26820,23.264
26880,25.649
26940,25.459
27000,22.873
27060,22.630
27120,24.199
27180,21.342
27240,22.074
27300,15.413
27360,12.376
27420,11.933
27480,19.040
27540,16.272
27600,16.650
27660,18.793
27720,15.577
27780,14.022
27840,14.484
27900,8.116
27960,14.449
28020,12.099
28080,14.968
28140,17.108
28200,13.602
28260,15.141
28320,12.743
28380,15.224
28440,12.281
28500,11.624
28560,10.350
28620,9.525
28680,4.826
28740,5.498
28800,5.243
28860,5.481
28920,4.425
28980,3.724
29040,3.573
29100,3.563
29160,3.319
29220,3.101
29280,2.667
29340,3.023
29400,2.909
29460,2.812
29520,2.838
29580,2.858
29640,2.942
29700,2.840
29760,2.691
29820,3.290
29880,3.168
29940,2.795
30000,2.637
30060,2.552
30120,2.652
30180,3.039
30240,2.937
30300,2.678
30360,2.748
30420,2.853
30480,2.922
30540,3.109
30600,2.764
30660,3.115
30720,2.805
30780,3.102
30840,3.028
30900,3.122
30960,3.537
31020,2.826
31080,3.172
31140,2.951
31200,3.005
31260,3.553
31320,3.369
31380,3.592
31440,3.427
31500,3.393
31560,-9999.000
31620,3.341
31680,3.686
31740,3.215
31800,3.544
31860,3.462
31920,3.370
31980,3.625
32040,3.549
32100,3.487
32160,3.844
32220,3.845
32280,3.299
32340,3.705
32400,3.635
32460,3.743
32520,4.043
32580,3.772
32640,3.365
32700,3.671
32760,3.457
32820,3.389
32880,4.705
32940,3.973
33000,3.820
33060,4.253
33120,3.683
33180,3.913
33240,4.302
33300,3.667
33360,3.367
33420,3.524
33480,3.535
33540,3.634
33600,3.520
33660,4.304
33720,4.365
33780,4.084
33840,4.046
33900,3.653
33960,3.805
34020,3.783
34080,3.932
34140,4.509
34200,4.834
34260,4.964
34320,5.614
34380,7.418
34440,6.626
34500,7.926
34560,9.408
34620,6.505
34680,7.779
34740,5.145
34800,6.083
34860,7.283
34920,6.565
34980,5.174
35040,5.004
35100,5.505
35160,6.737
35220,7.157
35280,15.262
35340,17.559
35400,16.627
35460,14.928
35520,8.022
35580,5.954
35640,3.777
35700,3.701
35760,4.350
35820,4.910
35880,13.169
35940,10.390
36000,13.634
36060,14.642
36120,11.321
36180,4.993
36240,4.325
36300,4.570
36360,7.207
36420,6.407
36480,4.362
36540,3.058
36600,3.051
36660,3.273
36720,3.112
36780,3.731
36840,3.760
36900,2.948
36960,2.952
37020,4.395
37080,4.717
37140,2.781
37200,3.657
37260,4.480
37320,3.621
37380,4.183
37440,4.955
37500,4.966
37560,4.027
37620,5.234
37680,5.931
37740,5.420
37800,4.831
37860,6.097
37920,6.080
37980,7.110
38040,6.663
38100,7.279
38160,6.203
38220,7.804
38280,6.211
38340,7.932
38400,8.905
38460,12.265
38520,9.288
38580,13.211
38640,16.260
38700,17.717
38760,7.571
38820,12.556
38880,8.658
38940,-9999.000
39000,13.129
39060,9.122
39120,10.751
39180,10.951
39240,13.810
39300,16.271
39360,19.922
39420,15.865
39480,13.945
39540,11.753
39600,11.149
39660,10.247
39720,8.182
39780,10.222
39840,10.912
39900,15.534
39960,14.973
40020,14.283
40080,13.830
40140,12.895
40200,16.036
40260,17.204
40320,17.552
40380,16.409
40440,15.799
40500,13.495
40560,11.886
40620,13.196
40680,14.702
40740,11.042
40800,11.959
40860,13.776
40920,14.136
40980,15.938
41040,19.695
41100,21.254
41160,20.996
41220,18.424
41280,19.126
41340,18.907
41400,17.033
41460,18.551
41520,18.057
41580,14.097
41640,14.418
41700,12.173
41760,11.528
41820,13.229
41880,12.913
41940,13.416
42000,14.048
42060,16.576
42120,19.409
42180,22.001
42240,18.138
42300,10.506
42360,8.386
42420,6.966
42480,8.182
42540,8.422
42600,9.198
42660,8.311
42720,9.499
42780,9.339
42840,9.403
42900,8.996
42960,8.519
43020,9.108
43080,9.322
43140,10.487
43200,12.404
43260,11.354
43320,9.898
43380,8.267
43440,9.738
43500,7.528
43560,8.211
43620,10.593
43680,13.029
43740,11.191
43800,10.420
43860,10.401
43920,11.156
43980,9.459
44040,8.937
44100,8.513
44160,8.450
44220,8.985
44280,10.506
44340,8.691
44400,7.859
44460,8.609
44520,8.318
44580,5.854
44640,7.395
44700,4.766
44760,4.537
44820,4.358
44880,4.883
44940,6.026
45000,4.610
45060,4.200
45120,3.578
45180,3.862
45240,3.407
45300,4.377
45360,4.230
45420,3.896
45480,3.479
45540,4.651
45600,5.181
45660,5.586
45720,5.053
45780,4.767
45840,5.579
45900,5.142
45960,5.799
46020,5.194
46080,6.903
46140,7.527
46200,7.986
46260,6.720
46320,6.276
46380,6.621
46440,8.230
46500,8.054
46560,7.851
46620,6.910
46680,6.438
46740,7.515
46800,8.919
46860,5.972
46920,4.221
46980,3.751
47040,3.598
47100,2.704
47160,3.384
47220,3.509
47280,2.845
47340,3.338
47400,3.535
47460,3.024
47520,2.702
47580,2.993
47640,3.345
47700,2.840
47760,2.881
47820,3.106
47880,2.812
47940,3.035
48000,3.180
48060,3.170
48120,3.209
48180,2.914
48240,3.245
48300,3.164
48360,3.310
48420,3.225
48480,2.943
48540,3.568
48600,3.793
48660,2.948
48720,2.928
48780,2.836
48840,2.853
48900,2.834
48960,3.419
49020,2.723
49080,3.256
49140,2.843
49200,2.693
49260,2.859
49320,2.942
49380,2.643
49440,2.429
49500,2.338
49560,2.750
49620,2.533
49680,2.577
49740,1.864
49800,1.989
49860,1.825
49920,1.775
49980,1.697
50040,1.539
50100,1.635
50160,2.204
50220,1.817
50280,1.589
50340,2.018
50400,2.144
50460,1.843
50520,2.448
50580,2.069
50640,2.059
50700,2.038
50760,2.299
50820,2.694
50880,3.065
50940,2.657
51000,3.453
51060,3.172
51120,3.420
51180,3.274
51240,3.274
51300,2.938
51360,2.767
51420,2.541
51480,2.821
51540,3.213
51600,3.455
51660,3.136
51720,3.324
51780,3.705
51840,4.737
51900,3.374
51960,3.325
52020,3.327
52080,2.733
52140,3.128
52200,3.056
52260,2.735
52320,2.795
52380,2.839
52440,3.114
52500,4.133
52560,4.850
52620,4.999
52680,5.163
52740,5.312
52800,4.054
52860,3.560
52920,3.006
52980,3.742
53040,3.666
53100,3.495
53160,3.097
53220,4.017
53280,3.962
53340,3.685
53400,4.846
53460,6.335
53520,6.613
53580,6.697
53640,6.676
53700,7.566
53760,7.571
53820,7.536
53880,7.280
53940,7.436
54000,7.046
54060,8.799
54120,8.678
54180,8.895
54240,9.062
54300,8.527
54360,7.990
54420,7.943
54480,7.442
54540,7.698
54600,6.917
54660,7.073
54720,9.306
54780,9.109
54840,9.646
54900,10.583
54960,10.189
55020,10.718
55080,12.433
55140,12.657
55200,11.548
55260,10.805
55320,11.495
55380,12.265
55440,12.254
55500,12.300
55560,13.568
55620,15.017
55680,15.857
55740,17.050
55800,16.822
55860,14.006
55920,13.407
55980,11.951
56040,13.344
56100,16.829
56160,16.757
56220,17.199
56280,16.663
56340,12.814
56400,11.993
56460,13.522
56520,15.554
56580,15.105
56640,17.613
56700,18.062
56760,19.981
56820,21.833
56880,20.065
56940,27.614
57000,40.391
57060,34.189
57120,33.119
57180,31.055
57240,26.496
57300,29.146
57360,31.871
57420,30.379
57480,28.606
57540,26.046
57600,24.864
57660,21.906
57720,27.707
57780,26.813
57840,24.558
57900,23.144
57960,24.959
58020,25.012
58080,25.041
58140,25.693
58200,25.114
58260,22.166
58320,22.984
58380,19.892
58440,20.719
58500,18.007
58560,19.446
58620,17.512
58680,17.402
58740,17.879
58800,19.560
58860,17.892
58920,19.942
58980,17.733
59040,19.111
59100,18.924
59160,18.268
59220,19.756
59280,19.896
59340,18.309
59400,18.601
59460,16.995
59520,16.373
59580,14.088
59640,16.300
59700,16.235
59760,17.915
59820,14.598
59880,14.158
59940,13.727
60000,11.975
60060,12.645
60120,12.199
60180,11.791
60240,10.705
60300,10.318
60360,8.526
60420,10.171
60480,10.910
60540,7.305
60600,8.560
60660,7.652
60720,8.624
60780,8.771
60840,7.601
60900,8.240
60960,8.600
61020,7.640
61080,7.542
61140,7.733
61200,7.237
61260,7.212
61320,6.987
61380,7.297
61440,6.767
61500,7.340
61560,7.513
61620,7.878
61680,7.380
61740,7.791
61800,7.053
61860,7.377
61920,7.229
61980,6.908
62040,6.721
62100,6.436
62160,5.772
62220,6.932
62280,6.630
62340,6.080
62400,5.385
62460,6.130
62520,6.128
62580,5.852
62640,5.520
62700,5.901
62760,6.765
62820,5.653
62880,5.024
62940,4.555
63000,5.172
63060,4.971
63120,5.009
63180,4.672
63240,4.588
63300,4.116
63360,4.421
63420,4.511
63480,4.386
63540,4.473
63600,4.983
63660,4.212
63720,3.764
63780,4.174
63840,4.591
63900,4.150
63960,4.013
64020,4.026
64080,3.478
64140,4.219
64200,4.090
64260,3.317
64320,3.376
64380,4.498
64440,3.484
64500,3.549
64560,3.467
64620,3.332
64680,2.903
64740,3.741
64800,3.825
64860,3.502
64920,3.578
64980,3.111
65040,3.134
65100,3.029
65160,3.057
65220,2.784
65280,2.847
65340,2.514
65400,2.600
65460,1.994
65520,2.403
65580,2.258
65640,2.311
65700,2.316
65760,2.086
65820,2.497
65880,2.548
65940,2.538
66000,2.143
66060,2.199
66120,2.332
66180,2.115
66240,1.964
66300,2.326
66360,2.271
66420,1.881
66480,1.868
66540,2.027
66600,1.992
66660,1.959
66720,1.728
66780,1.760
66840,2.361
66900,1.944
66960,2.074
67020,2.379
67080,1.711
67140,1.460
67200,1.547
67260,1.969
67320,1.482
67380,1.325
67440,1.348
67500,1.733
67560,1.748
67620,1.433
67680,1.791
67740,1.658
67800,1.592
67860,1.804
67920,-9999.000
67980,1.311
68040,1.442
68100,1.580
68160,1.525
68220,1.738
68280,1.603
68340,1.632
68400,1.542
68460,1.541
68520,1.489
68580,1.663
68640,1.467
68700,1.561
68760,1.636
68820,1.661
68880,1.260
68940,1.683
69000,1.458
69060,1.612
69120,1.664
69180,1.488
69240,1.451
69300,1.473
69360,1.208
69420,1.571
69480,1.397
69540,1.515
69600,1.192
69660,1.183
69720,1.084
69780,0.995
69840,0.936
69900,1.249
69960,1.242
70020,0.964
70080,0.958
70140,1.110
70200,0.993
70260,0.932
70320,1.122
70380,0.969
70440,0.833
70500,0.698
70560,1.072
70620,1.119
70680,1.174
70740,0.861
70800,1.020
70860,1.206
70920,1.009
70980,1.085
71040,1.284
71100,1.185
71160,0.953
71220,1.031
71280,1.143
71340,0.972
71400,1.160
71460,0.821
71520,0.925
71580,1.000
71640,1.013
71700,1.130
71760,1.194
71820,1.369
71880,1.003
71940,1.159
72000,1.273
72060,1.025
72120,1.259
72180,1.202
72240,0.976
72300,0.978
72360,1.055
72420,1.267
72480,1.210
72540,1.215
72600,1.310
72660,1.307
72720,1.269
72780,1.322
72840,0.779
72900,1.105
72960,1.589
73020,1.303
73080,1.330
73140,1.484
73200,1.461
73260,1.306
73320,1.464
73380,1.120
73440,1.071
73500,1.235
73560,1.371
73620,1.238
73680,1.129
73740,0.870
73800,0.889
73860,0.996
73920,1.106
73980,1.212
74040,1.123
74100,1.067
74160,0.921
74220,1.009
74280,0.829
74340,1.262
74400,0.889
74460,0.831
74520,0.904
74580,1.176
74640,1.163
74700,1.004
74760,0.996
74820,1.033
74880,0.824
74940,1.076
75000,1.048
75060,1.011
75120,1.222
75180,0.833
75240,1.093
75300,1.043
75360,0.939
75420,0.922
75480,0.907
75540,1.162
75600,1.013
75660,1.057
75720,1.211
75780,1.420
75840,1.268
75900,1.287
75960,1.469
76020,1.331
76080,1.119
76140,1.128
76200,1.071
76260,1.485
76320,1.056
76380,1.347
76440,1.512
76500,1.252
76560,1.232
76620,1.140
76680,1.157
76740,1.261
76800,0.968
76860,1.240
76920,0.986
76980,1.383
77040,0.988
77100,1.271
77160,0.814
77220,1.442
77280,1.407
77340,1.095
77400,1.032
77460,0.939
77520,0.705
77580,0.444
77640,-9999.000
77700,-9999.000
77760,-9999.000
77820,-9999.000
77880,-9999.000
77940,-9999.000
78000,-9999.000
78060,-9999.000
78120,-9999.000
78180,-9999.000
78240,-9999.000
78300,-9999.000
78360,-9999.000
78420,-9999.000
78480,0.252
78540,0.351
78600,0.244
78660,0.302
78720,0.280
78780,0.260
78840,0.344
78900,0.312
78960,0.160
79020,0.173
79080,0.195
79140,0.240
79200,0.193
79260,0.186
79320,0.210
79380,0.174
79440,0.259
79500,0.264
79560,0.220
79620,0.188
79680,0.144
79740,0.156
79800,0.209
79860,0.230
79920,0.196
79980,0.171
80040,0.141
80100,0.126
80160,0.044
80220,0.107
80280,0.150
80340,0.082
80400,0.085
80460,0.044
80520,0.189
80580,0.174
80640,0.098
80700,0.071
80760,0.152
80820,0.141
80880,0.056
80940,0.102
81000,0.142
81060,0.174
81120,0.218
81180,0.188
81240,0.216
81300,0.194
81360,0.140
81420,0.286
81480,0.214
81540,0.156
81600,0.092
81660,0.148
81720,0.295
81780,0.191
81840,0.231
81900,0.169
81960,0.229
82020,0.188
82080,0.246
82140,0.132
82200,0.028
82260,0.090
82320,0.016
82380,0.089
82440,0.139
82500,0.156
82560,0.071
82620,0.106
82680,0.048
82740,-0.062
82800,0.141
82860,0.173
82920,0.064
82980,0.091
83040,0.097
83100,0.146
83160,0.146
83220,0.056
83280,0.061
83340,0.141
83400,0.080
83460,0.098
83520,0.075
83580,0.104
83640,0.076
83700,0.067
83760,0.097
83820,0.058
83880,0.092
83940,0.131
84000,0.092
84060,0.156
84120,0.090
84180,0.114
84240,0.146
84300,0.122
84360,0.139
84420,0.207
84480,0.189
84540,0.186
84600,0.088
84660,0.166
84720,0.162
84780,0.098
84840,0.118
84900,0.183
84960,0.144
85020,0.086
85080,0.141
85140,0.137
85200,0.069
85260,0.080
85320,0.083
85380,0.107
85440,0.142
85500,0.099
85560,0.109
85620,0.166
85680,0.195
85740,0.068
85800,0.094
85860,0.084
85920,0.175
85980,0.100
86040,0.081
86100,0.224
86160,0.079
86220,0.107
86280,0.144
86340,0.116
