CampaignData_and_Merges/R0/CSL_MobileLab_Parked/raw/20240716/USOS-NOAAIodideCIMS-Halogens_MobileLabGround_20240716_RA.ict
39, 1001
Michael A Robinson, Chris Jernigan, Subi Thakali
NOAA ESRL Chemical Sciences Laboratory and CIRES, U. of Colorado
NOAA Iodide CIMS Instrument
USOS
1, 1
2024, 07, 16, 2024, 07, 17
0
starttime_UTC, seconds_past_midnight, seconds_of_day_since_00:00:00_UTC
6
1, 1, 1, 1, 1, 1
-9999, -9999, -9999, -9999, -9999, -9999
Br2_NOAACIMS, pptv, Gas_Br2_InSitu_S_AVMR
BrO_NOAACIMS, pptv, Gas_BrO_InSitu_S_AVMR
Cl2_NOAACIMS, pptv, Gas_Cl2_InSitu_S_AVMR
ClNO2_NOAACIMS, pptv, Gas_ClNO2_InSitu_S_AVMR
BrCl_NOAACIMS, pptv, Gas_BrCl_InSitu_S_AVMR
NCl3_NOAACIMS, pptv, Gas_NCl3_InSitu_S_AVMR
1
N/A
18
PI_CONTACT_INFO: 325 Broadway, R/CSD 7, Boulder, Colorado 80305; michael.a.robinson@noaa.gov; chris.jernigan@noaa.gov;
PLATFORM: NOAA CSL Mobile Lab
LOCATION: SLC, Utah
ASSOCIATED_DATA: 1Hz data also available on request.
INSTRUMENT_INFO: NOAA I- ToF CIMS
DATA_INFO: Units: pptv
UNCERTAINTY: tbd
ULOD_FLAG: -7777
ULOD_VALUE: N/A
LLOD_FLAG: -8888
LLOD_VALUE: N/A
DM_CONTACT_INFO: Nathan Howard; nathan.h.howard@noaa.gov
PROJECT_INFO: USOS, summer 2024. https://csl.noaa.gov/groups/csl7/measurements/2024usos/
STIPULATIONS_ON_USE: only the USOS science team is allowed to use this data
OTHER_COMMENTS: Field data; Data are averaged to 1 minute intervals. Stationary data collected from a 10 ft tower on top of the mobile lab
REVISION: RA
RA: Preliminary Data; For in-field use only
starttime_UTC, Br2_NOAACIMS, BrO_NOAACIMS, Cl2_NOAACIMS, ClNO2_NOAACIMS, BrCl_NOAACIMS, NCl3_NOAACIMS
[from data line 758]
45480,1.006,0.084,2.534,0.383,0.372,9.832
45540,0.891,0.137,2.629,0.477,0.365,13.440
45600,1.001,0.108,2.634,0.534,0.314,10.997
45660,1.034,0.147,2.776,0.487,0.368,11.854
45720,0.963,0.041,2.664,0.600,0.323,13.620
45780,1.246,0.069,2.683,0.629,0.333,11.239
45840,1.042,0.079,2.942,0.666,0.327,10.503
45900,1.015,0.142,2.567,0.829,0.262,11.428
45960,1.155,0.144,2.840,0.930,0.306,18.205
46020,1.241,0.133,2.677,0.966,0.313,15.707
46080,1.296,0.084,2.501,1.175,0.313,15.210
46140,1.178,0.102,2.572,1.061,0.250,15.558
46200,1.183,0.018,2.579,1.197,0.269,18.158
46260,1.303,0.081,2.492,1.177,0.298,11.072
46320,1.070,0.064,2.648,1.238,0.225,10.586
46380,1.105,0.088,2.423,1.284,0.248,14.001
46440,1.254,0.063,2.683,1.252,0.287,14.245
46500,1.213,0.129,2.684,1.304,0.258,11.941
46560,1.097,0.067,2.795,1.208,0.303,9.192
46620,1.236,0.106,2.565,1.223,0.262,9.575
46680,1.246,0.139,2.521,1.286,0.269,11.038
46740,1.382,0.106,2.482,1.282,0.279,9.514
46800,1.415,0.038,2.530,1.359,0.316,8.522
46860,1.531,0.023,2.656,1.274,0.294,7.068
46920,1.333,0.059,2.901,1.177,0.326,5.406
46980,1.486,0.084,2.795,1.201,0.299,5.249
47040,1.453,0.158,2.725,0.981,0.220,4.999
47100,1.403,0.090,2.603,1.049,0.304,5.459
47160,1.375,0.100,2.703,0.894,0.245,5.168
47220,1.351,0.045,2.559,0.695,0.253,4.274
47280,1.334,0.042,2.672,0.813,0.307,4.259
47340,1.435,0.119,2.415,0.737,0.276,4.463
47400,1.476,0.061,2.554,0.649,0.242,4.001
47460,1.217,0.071,2.321,0.667,0.282,3.916
47520,1.453,0.108,2.459,0.610,0.247,3.823
47580,1.417,0.087,2.572,0.611,0.238,3.687
47640,1.337,0.057,2.438,0.551,0.274,3.733
47700,1.386,0.026,2.625,0.447,0.203,3.535
47760,1.450,0.007,2.633,0.503,0.234,3.276
47820,1.413,0.016,2.300,0.524,0.227,3.065
47880,1.545,0.021,2.403,0.518,0.239,3.258
47940,1.359,0.023,2.375,0.553,0.185,3.044
48000,1.408,0.007,2.391,0.434,0.167,2.926
48060,1.414,0.016,2.442,0.377,0.182,2.478
48120,1.375,-0.048,2.348,0.372,0.195,2.506
48180,1.285,-0.000,2.933,0.520,0.169,2.758
48240,1.417,-0.096,2.255,0.346,0.152,1.918
48300,1.432,-0.026,2.235,0.327,0.238,1.932
48360,1.292,0.073,2.374,0.367,0.178,1.900
48420,1.372,-0.022,2.280,0.322,0.154,1.786
48480,1.410,0.005,2.395,0.372,0.155,1.760
48540,1.441,0.113,2.308,0.435,0.141,2.009
48600,1.226,0.002,2.234,0.431,0.222,1.745
48660,1.245,-0.051,2.306,0.398,0.194,1.647
48720,1.238,0.005,2.086,0.448,0.124,1.400
48780,1.143,-0.042,2.131,0.514,0.128,1.564
48840,1.140,0.031,2.245,0.449,0.128,1.348
48900,1.235,-0.063,2.257,0.387,0.147,1.158
48960,1.339,-0.027,2.191,0.426,0.209,1.176
49020,1.276,0.024,1.997,0.392,0.121,1.210
49080,1.116,0.044,2.228,0.330,0.198,1.174
49140,1.230,-0.042,2.070,0.330,0.198,1.028
49200,1.089,0.031,2.228,0.328,0.190,0.964
49260,1.128,0.045,2.453,0.325,0.164,0.929
49320,1.139,-0.004,2.309,0.302,0.162,1.095
49380,1.160,0.028,2.156,0.297,0.138,0.894
49440,1.116,0.051,2.204,0.421,0.162,0.863
49500,1.069,0.014,2.071,0.412,0.183,1.127
49560,1.055,0.055,2.313,0.325,0.177,0.991
49620,-9999.000,0.103,2.415,0.413,0.165,0.820
49680,-9999.000,0.064,2.223,0.434,0.165,0.892
49740,-9999.000,0.100,2.174,0.501,0.139,0.908
49800,-9999.000,0.054,2.171,0.590,0.144,1.032
49860,-9999.000,0.086,1.974,0.643,0.136,0.845
49920,-9999.000,0.046,1.877,0.713,0.146,0.501
49980,-9999.000,0.024,2.172,0.832,0.122,0.463
50040,-9999.000,-0.171,1.658,1.120,0.117,0.037
50100,-9999.000,0.008,1.653,0.814,0.112,0.790
50160,-9999.000,0.109,1.732,0.847,0.143,0.708
50220,-9999.000,0.108,1.965,0.865,0.132,0.685
50280,-9999.000,0.055,1.946,0.869,0.144,0.687
50340,-9999.000,0.056,1.911,0.894,0.162,0.610
50400,-9999.000,0.090,1.702,0.866,0.144,0.491
50460,-9999.000,0.064,1.747,0.974,0.138,0.542
50520,-9999.000,0.070,1.702,0.898,0.129,0.526
50580,-9999.000,0.014,1.737,0.867,0.112,0.556
50640,-9999.000,0.102,1.851,0.811,0.147,0.623
50700,-9999.000,0.008,1.771,0.711,0.145,0.499
50760,-9999.000,0.174,1.923,0.741,0.155,0.501
50820,-9999.000,0.048,1.845,0.750,0.120,0.538
50880,-9999.000,0.153,1.851,0.730,0.163,0.511
50940,-9999.000,0.112,2.082,0.707,0.144,0.643
51000,-9999.000,0.144,1.948,0.686,0.156,0.337
51060,-9999.000,0.195,2.062,0.609,0.131,0.249
51120,-9999.000,0.051,1.948,0.642,0.163,0.148
51180,-9999.000,0.164,2.109,0.492,0.125,0.133
51240,-9999.000,0.086,1.911,0.463,0.076,0.137
51300,-9999.000,0.103,1.990,0.578,0.142,0.157
51360,-9999.000,0.117,1.971,0.665,0.099,0.130
51420,-9999.000,0.070,2.074,0.647,0.141,0.099
51480,-9999.000,0.066,2.141,0.630,0.079,0.101
51540,-9999.000,-0.014,2.010,0.570,0.069,0.049
51600,-9999.000,0.087,2.140,0.568,0.149,0.142
51660,-9999.000,0.065,1.857,0.535,0.049,0.037
51720,-9999.000,0.103,2.144,0.544,0.167,0.111
51780,-9999.000,0.047,2.207,0.467,0.102,0.138
51840,-9999.000,0.027,2.071,0.428,0.071,0.041
51900,-9999.000,0.039,2.146,0.418,0.055,-0.005
51960,-9999.000,0.160,2.039,0.445,0.118,0.121
52020,-9999.000,0.262,2.186,0.637,0.156,0.235
52080,-9999.000,0.118,1.763,0.686,0.082,0.126
52140,-9999.000,0.085,2.072,0.587,0.077,0.029
52200,-9999.000,0.122,1.866,0.626,0.106,0.150
52260,-9999.000,0.077,1.812,0.626,0.106,0.025
52320,-9999.000,-0.021,1.799,0.530,-0.004,-0.028
52380,-9999.000,0.005,2.000,0.672,0.060,-0.012
52440,-9999.000,0.117,1.954,0.758,0.091,0.080
52500,-9999.000,0.169,2.091,0.703,0.205,0.192
52560,-9999.000,0.049,2.061,0.494,0.084,0.086
52620,-9999.000,0.060,2.057,0.439,0.085,-0.004
52680,-9999.000,0.010,2.019,0.372,0.038,-0.001
52740,-9999.000,0.014,2.090,0.408,0.061,0.020
52800,-9999.000,0.001,2.155,0.482,0.011,0.022
52860,-9999.000,0.205,2.540,0.759,0.252,0.449
52920,-9999.000,0.125,2.705,0.615,0.077,0.356
52980,-9999.000,0.038,2.138,0.566,0.064,0.054
53040,-9999.000,0.041,2.045,0.485,0.032,0.014
53100,-9999.000,-0.002,2.389,0.436,0.028,0.026
53160,-9999.000,0.266,1.901,0.539,0.221,0.327
53220,-9999.000,0.019,1.780,0.487,0.040,0.002
53280,-9999.000,0.000,1.877,0.425,0.007,0.013
53340,-9999.000,0.008,1.943,0.383,0.013,-0.000
53400,-9999.000,0.000,1.968,0.369,0.011,-0.000
53460,-9999.000,0.143,2.038,0.416,0.096,0.055
53520,-9999.000,0.136,2.120,0.444,0.134,0.097
53580,-9999.000,0.010,1.710,0.276,0.006,0.014
53640,-9999.000,0.014,1.879,0.320,0.034,0.000
53700,-9999.000,0.024,1.889,0.406,0.065,0.006
53760,-9999.000,0.041,1.915,0.350,0.077,0.016
53820,-9999.000,0.000,2.037,0.260,0.035,0.025
53880,-9999.000,0.083,1.996,0.342,0.045,0.014
53940,-9999.000,0.015,1.984,0.365,0.097,0.026
54000,-9999.000,0.049,2.162,0.361,0.085,0.039
54060,-9999.000,0.108,1.846,0.282,0.082,0.033
54120,-9999.000,0.282,2.178,0.486,0.238,0.143
54180,-9999.000,0.279,2.275,0.474,0.220,0.257
54240,-9999.000,0.273,2.104,0.455,0.201,0.172
54300,-9999.000,0.007,1.805,0.227,0.026,0.016
54360,-9999.000,0.052,1.961,0.330,0.081,0.010
54420,-9999.000,0.000,2.103,0.335,0.033,0.024
54480,-9999.000,0.022,2.019,0.258,0.017,0.012
54540,-9999.000,0.002,2.146,0.355,0.000,-0.002
54600,-9999.000,0.000,2.070,0.268,0.011,0.003
54660,-9999.000,0.000,1.912,0.208,0.000,-0.002
54720,-9999.000,0.112,2.154,0.337,0.135,0.122
54780,-9999.000,0.095,1.947,0.283,0.088,0.013
54840,-9999.000,0.005,2.067,0.278,0.009,-0.002
54900,-9999.000,0.025,1.652,0.242,0.018,-0.002
54960,-9999.000,0.003,1.492,0.320,0.027,-0.002
55020,-9999.000,-0.004,1.903,0.313,0.058,0.039
55080,-9999.000,-0.013,1.832,0.189,0.015,0.003
55140,-9999.000,-0.024,1.682,0.185,-0.010,-0.012
55200,-9999.000,-0.033,1.807,0.134,-0.015,-0.016
55260,-9999.000,-0.043,1.734,0.168,-0.019,-0.020
55320,-9999.000,-0.052,1.637,0.160,-0.023,-0.023
55380,-9999.000,-0.062,1.972,0.124,-0.027,-0.027
55440,-9999.000,-0.071,1.958,0.171,-0.032,-0.031
55500,-9999.000,-0.081,2.246,0.183,-0.036,-0.035
55560,-9999.000,-0.090,2.002,0.207,-0.040,-0.039
55620,-9999.000,-0.100,2.069,0.127,-0.044,-0.042
55680,-9999.000,-0.110,1.910,0.039,-0.048,-0.046
55740,-9999.000,0.152,2.254,0.227,0.171,0.067
55800,-9999.000,0.149,2.218,0.345,0.182,0.200
55860,1.384,0.302,2.397,0.370,0.200,0.164
55920,1.624,0.096,2.287,0.312,0.258,0.131
55980,1.593,0.138,2.132,0.337,0.231,0.125
56040,1.425,0.251,2.195,0.324,0.210,0.196
56100,1.689,0.314,2.230,0.278,0.228,0.161
56160,1.531,0.103,2.311,0.245,0.190,0.108
56220,1.394,0.225,2.207,0.261,0.158,0.119
56280,1.251,0.196,2.498,0.268,0.162,0.153
56340,1.165,0.131,2.603,0.300,0.222,0.146
56400,1.107,0.152,2.645,0.251,0.215,0.143
56460,1.264,0.182,2.845,0.289,0.177,0.126
56520,1.290,0.110,2.717,0.251,0.200,0.047
56580,1.209,0.151,2.400,0.281,0.181,0.068
56640,1.249,0.165,2.653,0.259,0.168,0.148
56700,1.063,0.079,2.771,0.173,0.204,0.055
56760,0.931,-0.006,2.700,0.152,0.182,0.123
56820,1.182,-0.035,2.646,0.095,0.166,0.070
56880,0.972,0.108,2.641,0.124,0.197,0.129
56940,1.157,0.081,2.662,0.146,0.181,0.081
57000,1.224,0.178,2.643,0.084,0.197,0.158
57060,1.185,0.127,2.633,0.139,0.150,0.123
57120,1.098,0.061,2.687,0.123,0.202,0.160
57180,1.393,0.108,2.961,0.116,0.182,0.197
57240,1.171,0.475,2.973,0.178,0.189,0.129
57300,1.153,0.207,2.920,0.228,0.248,0.043
57360,1.307,0.177,2.659,0.179,0.243,0.105
57420,1.363,0.237,2.759,0.126,0.247,0.102
57480,1.351,0.188,2.947,0.150,0.290,0.154
57540,1.346,0.242,2.724,0.117,0.233,0.124
57600,1.237,0.085,2.698,0.130,0.196,0.062
57660,0.881,-0.045,2.662,0.138,0.112,0.104
57720,0.783,-0.008,2.674,0.054,0.161,-0.029
57780,0.967,-0.010,2.837,0.119,0.141,0.064
57840,1.485,0.135,2.842,0.199,0.305,0.132
57900,1.329,0.195,2.844,0.142,0.253,0.089
57960,1.474,0.163,2.858,0.147,0.287,0.070
58020,1.565,0.205,2.914,0.128,0.267,0.155
58080,1.656,0.059,2.939,0.185,0.208,0.086
58140,0.804,0.004,2.749,0.090,0.163,0.159
58200,0.559,-0.006,2.435,0.076,0.152,0.013
58260,1.727,0.183,2.755,0.200,0.267,0.091
58320,1.287,0.153,2.868,0.122,0.239,0.068
58380,1.304,0.170,2.815,0.169,0.283,0.083
58440,1.569,0.232,2.772,0.142,0.282,0.088
58500,1.712,0.145,2.807,0.203,0.283,0.126
58560,1.794,0.194,2.942,0.221,0.316,0.170
58620,1.485,0.249,2.783,0.152,0.262,0.146
58680,1.721,0.191,2.861,0.147,0.374,0.138
58740,1.495,0.207,2.657,0.160,0.300,0.193
58800,1.658,0.280,2.563,0.151,0.274,0.228
58860,1.531,0.283,2.566,0.149,0.314,0.108
58920,1.521,0.122,2.592,0.126,0.337,0.181
58980,1.473,0.228,2.330,0.115,0.291,0.141
59040,1.445,0.201,2.287,0.098,0.300,0.120
59100,1.471,0.189,2.237,0.067,0.289,0.105
59160,1.204,0.182,2.321,0.054,0.181,0.052
59220,1.562,0.156,2.616,0.144,0.257,0.004
59280,1.307,0.116,2.659,0.084,0.309,0.145
59340,1.175,0.192,2.651,0.091,0.245,0.092
59400,1.223,0.239,2.623,0.137,0.227,0.014
59460,1.303,0.246,2.517,0.148,0.250,0.074
59520,0.928,0.095,2.476,0.140,0.253,0.165
59580,1.106,0.154,2.950,0.093,0.231,0.022
59640,1.112,0.124,2.817,0.082,0.307,-0.005
59700,1.371,0.238,2.479,0.056,0.249,0.091
59760,1.200,0.021,2.609,0.062,0.182,0.036
59820,1.246,0.148,2.648,0.064,0.234,0.083
59880,1.038,0.160,2.645,0.060,0.237,0.047
59940,0.711,0.163,2.786,0.056,0.176,-0.068
60000,0.985,0.133,2.619,0.092,0.204,-0.032
60060,0.856,0.105,2.638,0.064,0.195,-0.091
60120,0.735,0.095,2.583,0.037,0.137,-0.016
60180,0.967,0.074,2.475,0.080,0.175,0.020
60240,0.672,0.090,2.760,0.060,0.179,-0.026
60300,0.910,0.048,2.694,0.072,0.202,-0.069
60360,0.908,0.115,2.752,0.012,0.162,-0.110
60420,0.636,0.079,2.652,0.022,0.153,-0.011
60480,0.842,0.152,2.639,0.037,0.248,-0.059
60540,0.179,0.057,3.227,-0.031,0.013,-0.038
60600,0.642,0.215,2.459,0.055,0.127,-0.054
60660,0.776,0.192,2.798,0.044,0.168,-0.039
60720,0.707,0.166,2.684,0.065,0.171,-0.070
60780,0.955,0.168,2.758,0.040,0.173,-0.120
60840,1.028,0.156,2.997,0.025,0.166,-0.065
60900,0.943,0.353,2.939,0.067,0.206,-0.052
60960,0.955,0.210,2.807,0.027,0.250,-0.020
61020,1.022,0.181,2.904,-0.003,0.207,-0.105
61080,0.825,0.258,2.840,0.001,0.155,-0.056
61140,0.924,0.245,2.457,0.045,0.182,-0.084
61200,0.947,0.291,2.614,0.073,0.169,-0.026
61260,1.033,-0.001,2.851,0.048,0.176,-0.093
61320,0.476,0.060,2.973,0.032,0.051,-0.087
61380,0.982,0.174,2.761,0.088,0.188,-0.037
61440,1.182,0.118,2.899,0.137,0.249,-0.034
61500,0.735,0.119,2.890,0.057,0.091,-0.104
61560,1.352,0.195,2.796,0.052,0.135,-0.038
61620,1.149,0.318,2.942,0.056,0.189,-0.063
61680,1.178,0.295,2.966,0.030,0.139,-0.011
61740,1.200,0.279,3.012,0.083,0.179,-0.033
61800,1.182,0.120,2.932,0.058,0.208,-0.040
61860,1.330,0.268,2.950,0.074,0.177,-0.010
61920,1.079,0.227,2.931,0.019,0.130,-0.054
61980,0.945,0.227,2.950,0.032,0.137,-0.076
62040,1.203,0.230,3.079,0.001,0.137,-0.003
62100,1.165,0.327,3.075,0.018,0.159,-0.018
62160,1.023,0.242,2.955,0.011,0.119,-0.055
62220,1.126,0.068,3.002,0.030,0.059,-0.088
62280,0.812,0.092,3.227,-0.006,0.071,-0.058
62340,1.439,0.309,2.882,0.023,0.134,-0.045
62400,1.225,0.189,3.160,0.021,0.116,-0.036
62460,1.328,0.116,3.035,0.091,0.135,-0.007
62520,1.430,0.129,3.001,0.050,0.108,-0.003
62580,1.296,0.244,3.196,0.032,0.198,0.074
62640,1.192,0.182,3.117,0.057,0.130,-0.028
62700,1.303,0.215,2.897,0.037,0.120,0.058
62760,1.255,0.297,2.840,0.048,0.110,0.015
62820,1.385,0.234,3.116,0.060,0.187,-0.011
62880,1.290,0.249,2.924,0.033,0.188,0.003
62940,1.285,0.351,2.773,0.049,0.140,0.057
63000,1.310,0.233,2.868,0.056,0.153,-0.014
63060,1.331,0.252,2.904,0.073,0.194,0.018
63120,0.968,0.330,2.967,0.011,0.075,0.068
63180,0.893,0.285,3.086,0.014,0.146,0.031
63240,1.273,0.200,2.949,0.029,0.193,0.007
63300,1.314,0.199,3.111,0.037,0.228,0.009
63360,1.017,0.336,3.064,0.005,0.161,0.068
63420,1.044,0.178,2.573,0.005,0.122,0.022
63480,0.788,0.239,3.003,0.046,0.113,-0.015
63540,1.452,0.362,3.117,0.078,0.133,0.052
63600,1.104,0.351,3.182,0.005,0.140,0.052
63660,0.907,0.341,2.982,0.002,0.251,0.141
63720,0.778,0.228,3.019,0.052,0.160,0.072
63780,1.365,0.310,3.019,0.049,0.168,0.123
63840,1.437,0.326,3.051,0.050,0.161,0.119
63900,1.430,0.330,3.182,0.080,0.196,0.152
63960,1.283,0.247,2.800,0.079,0.254,0.158
64020,1.310,0.388,2.556,0.083,0.272,0.147
64080,1.478,0.480,2.596,0.071,0.264,0.218
64140,1.455,0.588,2.658,0.054,0.223,0.157
64200,1.251,0.270,2.978,0.070,0.103,0.083
64260,1.225,0.412,3.030,0.087,0.181,0.234
64320,1.467,0.299,2.549,0.038,0.251,0.162
64380,1.680,0.427,2.532,0.015,0.185,0.206
64440,1.396,0.248,2.923,0.058,0.229,0.229
64500,1.581,0.450,3.037,0.035,0.252,0.166
64560,1.621,0.402,3.136,0.058,0.234,0.193
64620,1.461,0.410,3.194,0.014,0.245,0.170
64680,1.388,0.371,2.998,0.053,0.346,0.165
64740,1.526,0.370,2.869,0.050,0.256,0.141
64800,1.487,0.392,2.962,0.006,0.208,0.241
64860,1.509,0.380,3.179,0.073,0.234,0.218
64920,1.523,0.479,3.204,0.010,0.288,0.158
64980,1.365,0.438,3.325,0.017,0.215,0.156
65040,1.642,0.489,3.025,0.044,0.264,0.135
65100,1.455,0.274,2.743,0.036,0.330,0.151
65160,1.573,0.421,2.680,0.032,0.286,0.182
65220,1.597,0.285,2.980,0.045,0.256,0.150
65280,1.307,0.092,3.196,0.013,0.243,0.172
65340,1.504,0.310,3.642,0.015,0.310,0.119
65400,1.422,0.255,3.234,0.033,0.272,0.136
65460,1.382,0.357,3.248,0.043,0.299,0.146
65520,1.153,0.419,3.346,0.051,0.194,0.100
65580,1.499,0.330,3.260,0.044,0.307,0.220
65640,1.354,0.214,3.423,0.063,0.311,0.084
65700,1.625,0.311,3.462,0.093,0.321,0.230
65760,1.221,0.375,3.483,0.055,0.193,0.104
65820,1.211,0.265,3.350,0.031,0.222,0.144
65880,1.378,0.295,3.532,0.071,0.244,0.136
65940,1.478,0.337,3.583,0.042,0.229,0.108
66000,1.259,0.355,3.447,0.060,0.252,0.128
66060,1.308,0.323,3.718,0.021,0.286,0.089
66120,1.267,0.286,3.546,0.012,0.232,0.163
66180,1.288,0.290,3.727,0.040,0.285,0.114
66240,1.221,0.291,3.509,0.011,0.220,0.077
66300,1.017,0.274,3.693,0.024,0.354,0.076
66360,1.190,0.237,3.380,0.037,0.260,-0.011
66420,0.974,0.172,3.326,0.017,0.256,0.079
66480,1.027,0.291,3.504,0.016,0.232,0.061
66540,1.105,0.168,3.447,0.059,0.206,0.054
66600,1.076,0.362,3.342,0.020,0.237,0.031
66660,1.003,0.299,3.424,0.113,0.217,0.032
66720,1.217,0.147,3.278,0.026,0.249,0.022
66780,1.163,0.334,3.523,0.055,0.273,0.053
66840,0.982,0.191,3.468,0.017,0.215,0.125
66900,1.018,0.122,3.523,-0.027,0.238,0.046
66960,1.019,0.280,3.510,-0.048,0.227,-0.003
67020,1.222,0.245,3.460,-0.041,0.192,0.079
67080,0.824,0.079,3.355,-0.049,0.176,0.013
67140,1.110,0.308,3.427,-0.054,0.158,0.038
67200,1.225,0.226,3.428,-0.033,0.211,0.080
67260,1.057,0.236,3.437,-0.052,0.204,0.042
67320,1.193,0.291,3.480,-0.008,0.239,0.004
67380,1.076,0.179,3.594,-0.075,0.184,0.028
67440,0.939,0.358,3.291,0.015,0.152,0.032
