CampaignData_and_Merges/R0/CSL_MobileLab_Parked/raw/20240716/USOS-Picarro-CO2-CH4-CO-H2O_MobileLabGround_20240716_R0.ict
38, 1001
Ilana Pollack, Nell Schafer, and Jeff Peischl
NOAA Chemical Sciences Laboratory
Picarro 2401-m CO2/CH4/CO/H2O Analyzer
USOS
1, 1
2024, 07, 16, 2024, 11, 20
0
StartTime_UTC, seconds_past_midnight, seconds past midnight
5
1, 1, 1, 1, 1
-9999, -9999, -9999, -9999, -9999
StopTime_UTC, seconds_past_midnight, seconds past midnight
CO2_ppm_1min, ppm, Gas_CO2_InSitu_S_DMF, carbon dioxide mixing ratio
CH4_ppb_1min, ppb, Gas_CH4_InSitu_S_DMF, methane mixing ratio
CO_ppb_1min, ppb, Gas_CO_InSitu_S_DMF, carbon monoxide mixing ratio
H2O_ppmv_1min, ppmv, Met_H2OMRV_InSitu_S_AVMR, water vapor mixing ratio
1
SPECIAL COMMENTS: N/A
18
PI_CONTACT_INFO: Address: NOAA Chemical Sciences Laboratory, Mail Stop CSL7, 325 Broadway, Boulder, CO 80305; Email: Ilana.Pollack@noaa.gov
PLATFORM: NOAA CSL Mobile Laboratory
LOCATION: The mobile lab was stationed in Salt Lake City, Utah.
ASSOCIATED_DATA: N/A
INSTRUMENT_INFO: CO2, CH4, and CO are reported as dry air mole fractions using a commercial wavelength-scanned cavity ring-down analyzer (Picarro 2401-m). An in-field calibration gas standard of 432±0.07 ppm CO2, 2095±1 ppb CH4, and 183±1 ppb CO, calibrated in the Boulder laboratories before and after the field project using primary CO2, CH4, and CO standard tanks tied to the WMO standard (X2019, X2004A, and X2014A, respectively) from the Global Monitoring Laboratory (GML), was delivered to the inlet every 2-3 days to evaluate instrument sensitivity. A H2O measurement was calibrated before the project with a Dew Point Mirror 373 hygrometer. The water correction calculated from these calibrations was applied to the H2O measurement for the entire campaign. Species are measured at 0.5 Hz and reported as 1-minute averages for stationary measurements.
DATA_INFO: Units: CO2, ppm, dry air mole fraction; CH4, ppb, dry air mole fraction; CO, ppb, dry air mole fraction; H2O, ppmv
UNCERTAINTY: Total uncertainties are estimated as ±0.1 ppm for CO2, ±1 ppb for CH4, ±5 ppb for CO, and ±(50 ppm + 4%) for H2O.
ULOD_FLAG: -7777
ULOD_VALUE: N/A
LLOD_FLAG: -8888
LLOD_VALUE: N/A
DM_CONTACT_INFO: Data Manager: Nathan Howard; nathan.h.howard@noaa.gov
PROJECT_INFO: USOS Dates of Study: July – August 2024
STIPULATIONS_ON_USE: Use of these data require prior ok from PI.
OTHER_COMMENTS: Data are averaged to 1 minute intervals. Stationary data collected from a 10 ft tower on top of the mobile van.
REVISION: R0
R0: Final Data
StartTime_UTC, StopTime_UTC, CO2_ppm_1min, CH4_ppb_1min, CO_ppb_1min, H2O_ppmv_1min
[from data line 753]
45180,45240,459.28,1986.3,255.4,12566.0889
45240,45300,458.74,1990.1,330.5,12660.0313
45300,45360,457.55,1987.7,246.2,12547.4961
45360,45420,461.88,1986.0,202.2,12580.5752
45420,45480,463.11,1986.9,193.8,12465.3838
45480,45540,458.80,1988.0,208.8,12561.3955
45540,45600,456.72,1991.8,218.4,12520.0313
45600,45660,459.09,1995.5,227.7,12521.2764
45660,45720,456.00,1996.4,209.8,12482.1787
45720,45780,465.17,1999.5,251.9,12722.2842
45780,45840,465.49,2005.8,306.0,12628.2207
45840,45900,465.97,2004.4,329.5,12637.3770
45900,45960,471.67,2004.3,365.5,12826.6582
45960,46020,469.49,2008.6,319.2,12984.4551
46020,46080,466.67,2007.9,328.2,12843.2334
46080,46140,466.90,2007.1,322.2,12867.7158
46140,46200,469.10,2009.1,303.7,13049.3643
46200,46260,472.03,2010.0,313.6,13189.0547
46260,46320,476.60,2004.5,357.4,12847.4443
46320,46380,475.71,2009.4,400.1,13012.6143
46380,46440,472.78,2010.3,342.4,13095.6436
46440,46500,473.03,2012.4,327.6,13162.7344
46500,46560,469.66,2010.1,304.3,13165.7676
46560,46620,467.20,2008.6,331.4,12936.3252
46620,46680,472.10,2009.9,389.8,13010.6230
46680,46740,469.08,2010.8,353.8,13100.6309
46740,46800,468.60,2009.1,327.2,13087.2119
46800,46860,470.02,2009.7,345.3,13089.7139
46860,46920,468.90,2005.6,356.0,12923.2061
46920,46980,465.91,1998.6,332.4,12745.3857
46980,47040,469.80,2001.4,333.2,12920.9326
47040,47100,462.04,1996.3,289.4,12801.6279
47100,47160,467.32,2006.1,414.7,13077.9795
47160,47220,456.30,1996.1,289.6,12774.8086
47220,47280,457.37,1994.1,250.0,12831.5293
47280,47340,463.51,1999.4,263.6,13047.8320
47340,47400,459.95,1996.0,254.3,12933.2246
47400,47460,455.67,1993.0,255.3,12889.8213
47460,47520,461.48,1994.9,278.7,13078.9902
47520,47580,457.35,1994.3,249.5,12945.3281
47580,47640,460.50,1995.1,292.0,13036.8330
47640,47700,458.71,1994.3,286.7,13151.9102
47700,47760,453.11,1989.8,225.7,12990.9531
47760,47820,455.96,1992.1,234.8,13060.7383
47820,47880,458.66,1990.6,248.0,13063.7305
47880,47940,456.75,1990.5,240.4,13079.8887
47940,48000,456.30,1991.7,236.8,13126.0840
48000,48060,453.67,1991.9,230.7,13069.4434
48060,48120,454.11,1985.2,231.3,12988.5986
48120,48180,451.63,1983.7,210.5,13133.2666
48180,48240,452.85,1982.6,209.4,13142.6709
48240,48300,452.86,1980.8,199.1,13081.6787
48300,48360,449.89,1980.1,191.0,13114.4951
48360,48420,449.77,1979.1,190.5,13115.6768
48420,48480,451.65,1978.5,198.8,13003.4951
48480,48540,451.20,1979.6,199.9,13087.4482
48540,48600,457.70,1984.7,217.6,13095.3408
48600,48660,452.73,1984.9,215.4,13034.0254
48660,48720,457.15,1987.2,234.3,13103.2764
48720,48780,455.11,1985.1,223.4,13052.5850
48780,48840,457.77,1986.3,248.7,13279.2900
48840,48900,451.98,1982.9,227.0,13163.0020
48900,48960,451.36,1980.5,246.8,13195.3652
48960,49020,447.80,1977.4,362.8,13124.5156
49020,49080,447.94,1977.0,257.2,13169.4707
49080,49140,446.77,1975.2,198.8,13139.5957
49140,49200,446.43,1975.3,191.6,13348.2705
49200,49260,446.90,1975.3,186.3,13348.4023
49260,49320,450.83,1977.1,257.3,13494.4297
49320,49380,448.47,1977.8,232.0,13434.6377
49380,49440,447.01,1977.7,208.6,13442.3779
49440,49500,450.44,1981.1,301.4,13569.1240
49500,49560,450.25,1981.3,255.6,13725.5322
49560,49620,448.07,1980.5,203.3,13699.9111
49620,49680,450.43,1983.1,214.3,13647.9756
49680,49740,458.86,1987.5,248.5,13836.1553
49740,49800,455.83,1989.2,241.3,13955.2354
49800,49860,462.70,1991.5,267.6,14108.4707
49860,49920,464.15,1994.4,284.3,14425.9150
49920,49980,463.61,1996.5,323.8,14230.8965
49980,50040,462.61,1998.6,336.8,14128.8623
50040,50100,470.13,2002.4,379.4,14395.4668
50100,50160,466.23,2002.5,368.2,14295.6436
50160,50220,461.83,2002.6,346.0,14284.3730
50220,50280,464.36,2005.8,357.3,14361.7383
50280,50340,465.32,2004.6,356.9,14188.9531
50340,50400,463.21,2006.0,359.4,13912.7393
50400,50460,466.19,2003.3,363.1,13780.3594
50460,50520,468.25,2003.2,383.9,13965.1074
50520,50580,462.67,2001.2,362.4,13920.9902
50580,50640,463.14,1999.2,366.4,13681.8105
50640,50700,463.53,2003.6,367.5,13784.4932
50700,50760,462.59,1998.4,355.5,13774.6836
50760,50820,469.21,1998.9,371.2,13849.0576
50820,50880,465.72,1997.0,384.0,13874.6064
50880,50940,463.93,1990.0,371.7,13583.1699
50940,51000,459.75,1987.5,345.4,13655.0781
51000,51060,459.69,1985.5,332.9,13525.5879
51060,51120,454.50,1982.2,312.2,13343.2480
51120,51180,456.26,1982.8,315.1,13288.1885
51180,51240,457.19,1982.9,324.1,13567.4775
51240,51300,455.35,1985.1,317.1,13602.9893
51300,51360,459.38,1988.3,351.5,13847.8057
51360,51420,459.91,1988.8,365.3,13636.6777
51420,51480,458.38,1990.9,355.1,13522.5156
51480,51540,459.51,1996.6,358.4,13556.2295
51540,51600,456.09,1989.5,340.7,13551.2285
51600,51660,453.41,1987.1,324.8,13411.4131
51660,51720,453.08,1989.9,329.2,13579.9727
51720,51780,451.80,1988.3,313.2,13521.5938
51780,51840,451.23,1991.4,308.4,13525.4336
51840,51900,452.24,1992.4,310.9,13467.8691
51900,51960,458.30,1988.9,351.2,13327.7939
51960,52020,454.50,1987.2,343.7,13464.6855
52020,52080,463.23,2001.3,410.7,13654.9541
52080,52140,464.64,2007.8,417.7,13675.5381
52140,52200,461.92,2001.4,399.9,13869.8643
52200,52260,461.99,2005.0,396.2,13660.3525
52260,52320,463.15,2006.4,402.3,13684.8555
52320,52380,-9999,-9999,-9999,-9999
52380,52440,-9999,-9999,-9999,-9999
52440,52500,-9999,-9999,-9999,-9999
52500,52560,-9999,-9999,-9999,-9999
52560,52620,-9999,-9999,-9999,-9999
52620,52680,-9999,-9999,-9999,-9999
52680,52740,-9999,-9999,-9999,-9999
52740,52800,-9999,-9999,-9999,-9999
52800,52860,-9999,-9999,-9999,-9999
52860,52920,-9999,-9999,-9999,-9999
52920,52980,-9999,-9999,-9999,-9999
52980,53040,-9999,-9999,-9999,-9999
53040,53100,-9999,-9999,-9999,-9999
53100,53160,-9999,-9999,-9999,-9999
53160,53220,-9999,-9999,-9999,-9999
53220,53280,-9999,-9999,-9999,-9999
53280,53340,-9999,-9999,-9999,-9999
53340,53400,-9999,-9999,-9999,-9999
53400,53460,-9999,-9999,-9999,-9999
53460,53520,-9999,-9999,-9999,-9999
53520,53580,-9999,-9999,-9999,-9999
53580,53640,-9999,-9999,-9999,-9999
53640,53700,-9999,-9999,-9999,-9999
53700,53760,-9999,-9999,-9999,-9999
53760,53820,-9999,-9999,-9999,-9999
53820,53880,-9999,-9999,-9999,-9999
53880,53940,-9999,-9999,-9999,-9999
53940,54000,-9999,-9999,-9999,-9999
54000,54060,-9999,-9999,-9999,-9999
54060,54120,-9999,-9999,-9999,-9999
54120,54180,-9999,-9999,-9999,-9999
54180,54240,-9999,-9999,-9999,-9999
54240,54300,-9999,-9999,-9999,-9999
54300,54360,-9999,-9999,-9999,-9999
54360,54420,-9999,-9999,-9999,-9999
54420,54480,-9999,-9999,-9999,-9999
54480,54540,-9999,-9999,-9999,-9999
54540,54600,-9999,-9999,-9999,-9999
54600,54660,-9999,-9999,-9999,-9999
54660,54720,-9999,-9999,-9999,-9999
54720,54780,-9999,-9999,-9999,-9999
54780,54840,-9999,-9999,-9999,-9999
54840,54900,-9999,-9999,-9999,-9999
54900,54960,-9999,-9999,-9999,-9999
54960,55020,-9999,-9999,-9999,-9999
55020,55080,-9999,-9999,-9999,-9999
55080,55140,452.60,1995.9,361.5,15209.3750
55140,55200,452.30,1996.2,367.7,15651.8340
55200,55260,452.52,1996.2,370.7,15728.6289
55260,55320,454.84,1996.4,369.8,15284.2793
55320,55380,453.47,1997.1,364.0,15246.5059
55380,55440,450.78,1997.4,341.4,15314.9775
55440,55500,449.81,1997.1,336.3,15339.2813
55500,55560,450.34,1996.6,331.4,15289.2598
55560,55620,447.39,1995.1,312.2,15347.3330
55620,55680,446.67,1995.0,304.6,15287.6221
55680,55740,445.98,1995.0,300.0,15317.7773
55740,55800,445.49,1995.1,297.2,15222.6182
55800,55860,446.70,1995.6,297.5,15686.5234
55860,55920,447.15,1997.5,312.2,16032.4463
55920,55980,445.77,1997.6,310.2,16648.7070
55980,56040,445.35,1998.1,309.9,16666.4883
56040,56100,444.47,1998.2,299.9,16004.6611
56100,56160,442.91,1997.9,274.5,15808.7813
56160,56220,442.67,1998.2,272.4,15758.5449
56220,56280,442.33,1997.6,267.1,15398.2432
56280,56340,443.07,1999.0,279.9,15849.5391
56340,56400,445.08,2000.5,294.4,15770.4229
56400,56460,445.55,2001.2,299.9,15565.2217
56460,56520,444.34,1999.1,279.5,15445.5293
56520,56580,442.21,1997.6,261.3,15236.4648
56580,56640,442.17,1998.4,267.6,15792.0313
56640,56700,439.34,1993.0,216.1,14948.6992
56700,56760,439.32,1993.6,217.8,15129.4375
56760,56820,436.93,1992.8,208.7,15260.1191
56820,56880,438.83,1995.0,229.6,15432.2715
56880,56940,438.52,1994.9,224.6,15311.6387
56940,57000,435.20,1993.6,196.0,15490.2676
57000,57060,432.00,1993.1,186.0,16172.4580
57060,57120,435.86,1994.8,207.6,15884.4727
57120,57180,435.31,1994.4,207.9,15644.5459
57180,57240,436.72,1995.4,217.8,15693.0029
57240,57300,437.18,1996.0,220.1,15516.2383
57300,57360,435.58,1995.6,209.9,15694.7129
57360,57420,434.15,1995.3,202.9,16155.2363
57420,57480,435.01,1995.0,207.7,15840.3574
57480,57540,435.91,1995.2,212.4,15726.3486
57540,57600,436.43,1995.3,216.2,15552.4727
57600,57660,436.00,1995.2,217.0,16731.6016
57660,57720,437.32,1995.5,219.0,16435.0742
57720,57780,436.29,1997.1,218.6,15670.4883
57780,57840,437.23,1996.0,222.1,15613.4004
57840,57900,436.26,1994.8,214.8,15651.6611
57900,57960,435.84,1994.6,214.8,15926.8311
57960,58020,436.24,1994.9,214.5,15726.8721
58020,58080,435.99,1995.4,214.4,15686.6875
58080,58140,436.57,1995.5,216.3,15628.3887
58140,58200,435.66,1996.4,224.9,15972.4805
58200,58260,435.49,1996.2,218.6,16139.0273
58260,58320,435.50,1996.2,218.9,15993.6289
58320,58380,436.70,1997.4,224.4,15773.5713
58380,58440,438.50,1998.0,236.0,15764.5762
58440,58500,438.39,1997.9,236.7,16032.6074
58500,58560,437.99,1997.7,235.3,16065.3359
58560,58620,439.23,1998.2,240.6,16025.3350
58620,58680,438.04,1998.1,236.4,16170.4063
58680,58740,437.31,1997.7,233.9,16282.3486
58740,58800,437.72,1998.2,234.0,16230.6807
58800,58860,437.45,1997.4,233.4,15892.3965
58860,58920,437.08,1997.3,234.0,16162.6543
58920,58980,436.67,1997.0,232.1,16364.7695
58980,59040,436.91,1997.1,230.1,16311.5703
59040,59100,436.76,1997.0,229.8,16256.1025
59100,59160,436.70,1997.0,228.0,16750.5156
59160,59220,438.64,1996.6,228.2,16085.5820
59220,59280,437.24,1996.1,225.8,15666.2529
59280,59340,436.23,1993.8,215.5,15466.8848
59340,59400,436.61,1993.4,220.1,15736.7520
59400,59460,436.95,1991.5,220.6,15219.5605
59460,59520,436.24,1990.2,216.5,15078.7012
59520,59580,435.07,1988.9,209.5,15323.2930
59580,59640,434.39,1988.1,202.8,15370.0879
59640,59700,435.00,1989.5,204.9,14957.4063
59700,59760,434.88,1989.9,206.6,15277.9775
59760,59820,432.91,1988.9,194.2,15639.1777
59820,59880,432.83,1987.4,192.4,15279.3037
59880,59940,433.01,1985.6,185.5,14605.7832
59940,60000,433.39,1985.8,185.4,14559.8418
60000,60060,434.46,1985.1,187.0,14356.1221
60060,60120,434.78,1985.4,190.4,14374.4609
60120,60180,434.79,1985.8,193.5,14493.7578
60180,60240,433.91,1984.6,186.4,14615.4854
60240,60300,433.75,1983.0,185.8,14205.2275
60300,60360,433.02,1982.4,183.3,14417.4688
60360,60420,433.53,1982.9,185.4,14414.1768
60420,60480,433.66,1983.7,187.3,14362.1318
60480,60540,434.10,1985.1,194.6,14358.0293
60540,60600,435.45,1985.7,202.4,14586.2529
60600,60660,435.39,1985.8,201.7,14647.8809
60660,60720,436.41,1986.8,210.1,14857.9834
60720,60780,434.94,1986.1,202.8,14804.0713
60780,60840,435.76,1986.2,203.6,14610.1387
60840,60900,435.92,1986.9,207.5,14641.7246
60900,60960,435.55,1987.0,201.8,14494.8945
60960,61020,435.43,1987.2,202.1,14418.3203
61020,61080,435.10,1987.7,203.6,14686.2402
61080,61140,435.12,1988.1,204.6,15220.9990
61140,61200,435.53,1988.8,206.8,15066.6523
61200,61260,435.96,1989.4,206.8,15217.8154
61260,61320,436.10,1988.3,207.5,14549.9316
61320,61380,436.53,1988.5,209.1,14500.1055
61380,61440,436.65,1988.4,212.1,14492.2354
61440,61500,436.16,1989.2,209.1,14524.7178
61500,61560,435.49,1986.1,203.2,14113.9873
61560,61620,434.32,1984.9,196.6,13958.2773
61620,61680,434.02,1984.1,196.7,14005.4170
61680,61740,432.01,1983.8,194.3,15021.8223
61740,61800,434.24,1984.6,197.3,13951.6680
61800,61860,434.23,1985.8,202.3,14339.2080
61860,61920,434.35,1986.5,206.1,14500.9980
61920,61980,434.64,1984.7,202.9,14211.0693
61980,62040,433.76,1983.5,197.5,14004.9316
62040,62100,434.43,1983.4,198.9,13830.2695
62100,62160,434.11,1983.2,198.8,13809.5762
62160,62220,434.66,1983.2,203.2,14625.8682
62220,62280,433.83,1983.2,203.2,13964.7588
62280,62340,433.86,1983.0,206.6,14289.4814
62340,62400,432.91,1982.2,201.2,14800.6191
62400,62460,436.51,1983.0,221.3,14500.9980
62460,62520,434.06,1982.1,215.4,14200.9023
62520,62580,433.21,1980.9,196.6,13482.8779
62580,62640,432.59,1981.1,206.3,14093.8564
62640,62700,433.79,1982.9,225.4,14727.5713
62700,62760,432.28,1982.6,203.3,14168.1221
62760,62820,432.05,1983.2,202.7,14414.6943
62820,62880,432.41,1982.9,208.2,14633.1348
62880,62940,432.97,1981.1,206.1,14220.2920
62940,63000,432.57,1980.9,213.3,14921.1250
63000,63060,431.97,1980.8,202.7,14434.7559
63060,63120,432.27,1981.2,200.2,14388.2061
63120,63180,432.91,1982.9,206.9,14197.2363
63180,63240,432.82,1983.2,205.3,14102.4551
63240,63300,432.32,1983.6,204.8,14512.9775
63300,63360,432.84,1983.7,208.4,14560.4424
63360,63420,433.36,1984.1,225.9,14495.9375
63420,63480,433.18,1981.5,207.4,13629.4404
63480,63540,432.51,1981.8,206.9,14338.5898
63540,63600,433.28,1982.5,206.2,13773.0859
63600,63660,433.16,1982.8,208.0,13959.2070
63660,63720,432.84,1982.8,209.3,14502.4941
63720,63780,432.42,1983.0,212.0,15078.9346
63780,63840,435.26,1982.9,215.0,14341.2949
63840,63900,434.62,1983.8,237.3,14771.0840
63900,63960,433.86,1984.9,222.9,15044.6318
63960,64020,433.35,1985.5,218.5,15306.8320
64020,64080,435.66,1985.7,218.7,14922.9512
64080,64140,434.09,1985.6,215.5,15144.8008
64140,64200,433.58,1984.8,215.8,14514.2998
64200,64260,436.76,1984.6,231.1,14524.4600
64260,64320,433.87,1985.0,227.4,15933.5732
64320,64380,434.51,1986.0,241.5,15740.2471
64380,64440,434.46,1985.1,212.7,13847.8535
64440,64500,434.72,1985.9,219.8,14358.1826
64500,64560,434.27,1987.7,226.2,14821.8545
64560,64620,435.84,1989.1,227.1,14289.0557
64620,64680,436.60,1989.4,229.1,14610.7412
64680,64740,434.99,1989.4,229.4,15404.7402
64740,64800,434.93,1986.9,221.2,14181.9141
64800,64860,434.26,1985.7,214.7,14023.6641
64860,64920,434.44,1985.9,214.2,13957.8184
64920,64980,434.12,1984.8,212.2,13768.2822
64980,65040,433.17,1985.0,214.5,14543.1660
65040,65100,432.92,1985.1,211.8,15059.3506
65100,65160,432.91,1985.7,212.3,14915.8975
65160,65220,434.92,1988.2,220.6,14537.5752
65220,65280,435.71,1987.7,223.7,13720.2529
65280,65340,436.24,1987.5,227.0,14028.1504
65340,65400,435.05,1987.8,222.3,14320.1953
65400,65460,435.49,1985.6,220.1,13787.3203
65460,65520,435.02,1984.3,217.7,13350.1172
65520,65580,434.76,1985.3,219.9,13700.9150
65580,65640,433.99,1986.4,222.6,14552.9648
65640,65700,435.10,1985.9,224.8,14051.3916
65700,65760,436.25,1986.5,227.6,13560.0645
65760,65820,436.12,1986.3,224.4,13486.3613
65820,65880,435.67,1986.1,220.8,13482.8877
65880,65940,435.48,1986.0,221.7,13475.8975
65940,66000,435.79,1986.5,223.9,13555.9297
66000,66060,435.20,1986.0,225.7,13895.7705
66060,66120,434.23,1986.2,226.7,14792.1318
66120,66180,434.99,1984.6,220.3,13260.3232
66180,66240,434.88,1984.7,222.0,13614.5029
66240,66300,434.49,1985.0,224.2,13797.3672
66300,66360,433.97,1986.1,227.9,14391.4033
66360,66420,434.21,1983.6,222.2,13776.6787
66420,66480,433.48,1982.1,214.5,13379.4854
66480,66540,434.48,1982.6,217.0,13230.3975
66540,66600,434.43,1983.0,219.4,13312.8271
66600,66660,435.06,1982.9,221.2,13097.5146
66660,66720,434.81,1983.4,218.9,13051.4912
66720,66780,433.95,1981.5,216.1,13084.1396
66780,66840,434.75,1982.5,217.6,12977.6650
66840,66900,434.28,1984.2,217.4,13025.8896
66900,66960,434.46,1983.6,217.6,13056.4170
66960,67020,436.02,1983.7,228.8,13450.3057
67020,67080,434.74,1983.3,221.9,13420.4834
67080,67140,432.39,1981.3,218.1,14072.3535
67140,67200,432.14,1981.3,220.2,14399.8330
67200,67260,432.54,1982.1,225.1,14621.5361
67260,67320,434.75,1982.2,235.1,13936.2490
67320,67380,432.65,1977.1,211.6,12833.7842
67380,67440,430.66,1975.1,201.3,12770.9512
67440,67500,431.16,1975.4,204.9,12521.1543
67500,67560,432.96,1980.9,214.0,12910.8691
67560,67620,432.71,1980.5,208.5,12864.7334
67620,67680,432.47,1980.6,208.6,12754.1240
67680,67740,432.92,1981.5,211.2,12808.5889
67740,67800,432.96,1982.2,214.4,13112.8750
67800,67860,433.17,1982.7,217.0,13187.2178
67860,67920,432.69,1982.4,214.3,13435.9941
