CampaignData_and_Merges/R0/CSL_MobileLab_Parked/raw/20240716/USOS-jNO2_MobileLabGround_20240716_R0.ict
52,1001
Waxman, E.; Rollins, A.; Zuraski, K.; Chace, W.
NOAA Chemical Sciences Laboratory
jNO2 filter radiometer on CSL Mobile Lab
AMMBEC / USOS
1, 1
2024,07,16, 2025,04,01
60
Time_Start, seconds, number_of_seconds_since_0000_UTC
20
1, 1, 1, 1, 1, 1, 1, 1, 1, 1, 1, 1, 1, 1, 1, 1, 1, 1, 1, 1
-9999, -9999, -9999, -9999, -9999, -9999, -9999, -9999, -9999, -9999, -9999, -9999, -9999, -9999, -9999, -9999, -9999, -9999, -9999, -9999
Time_Stop, seconds, number_of_seconds_since_0000_UTC
jNO2_meas, per second, photolysis rate of NO2 measured using a filter radiometer.
jBrCl, per second, photolysis rate of BrCl -> Br + Cl calculated in TUV for cloud-free sky with local AOD
jBr2, per second, photolysis rate of Br2 -> Br + Br calculated in TUV for cloud-free sky with local AOD
jCCl4, per second, photolysis rate of CCl4 -> Products calcualted in TUV for cloud-free sky with local AOD
jCH2Oa, per second, photolysis rate of CH2O -> H + HCO calculated in TUV for cloud-free sky with local AOD
jCH2Ob, per second, photolysis rate of CH2O -> H2 + CO calculated in TUV for cloud-free sky with local AOD
jClNO2, per second, photolysis rate of ClNO2 -> Cl + NO2 calculated in TUV for cloud-free sky with local AOD
jClOa, per second, photolysis rate of ClO -> Cl + O(1D) calculated in TUV for cloud-free sky with local AOD
jClOb, per second, photolysis rate of ClO -> Cl + O(3P) calculated in TUV for cloud-free sky with local AOD
jCl2, per second, photolysis rate of Cl2 -> Cl + Cl calculated in TUV for cloud-free sky with local AOD
jHNO2, per second, photolysis rate of HNO2 -> OH + NO calculated in TUV for cloud-free sky with local AOD
jHNO3, per second, photolysis rate of HNO3 -> OH + NO2 calculated in TUV for cloud-free sky with local AOD
jI2, per second, photolysis rate of I2 -> I + I calculated in TUV for cloud-free sky with local AOD
jNO2, per second, photolysis rate of NO2 -> NO + O(3P) calculated in TUV for cloud-free sky with local AOD
jNO3a, per second, photolysis rate of NO3 -> NO + O2 calculated in TUV for cloud-free sky with local AOD
jNO3b, per second, photolysis rate of NO3 -> NO2 + O(3P) calculated in TUV for cloud-free sky with local AOD
jN2O5, per second, photolysis rate of N2O5 -> NO3 + NO + O(3P) calculated in TUV for cloud-free sky with local AOD
jO3, per second, photolysis rate of O3 -> O2 + O(1D) calculated in TUV for cloud-free sky with local AOD
AOD_500nm, unitless, UTC daily mean AOD at 500 nm from an AERONET station located at 40.178 N, -112.452 E
0
18
PI_CONTACT_INFO: eleanor.waxman@noaa.gov
PLATFORM: CSL Mobile Lab, at ground site
LOCATION: Salt Lake City, UT
ASSOCIATED_DATA:
INSTRUMENT_INFO: jNO2 filter radiometer.  TUV calculations are for mobile van lat/lon/altitude assuming clear sky (cloud AOD = 0) and daily mean AOD.
DATA_INFO:
UNCERTAINTY: Data uncertainties are +/- 20%.  These come from uncertainties in radiometer angular response, radiometer thermal response, local interferences from clouds/aerosols/shadows etc.
ULOD_FLAG: -7777
ULOD_VALUE: N/A
LLOD_FLAG: -8888
LLOD_VALUE: N/A
DM_CONTACT_INFO: eleanor.waxman@noaa.gov
PROJECT_INFO: USOS Project, July - August 2024
STIPULATIONS_ON_USE: Users are strongly encouraged to contact the PI for proper data usage.
OTHER_COMMENTS: 
REVISION: R0
R0: final data
Time_Start, Time_Stop, jNO2_meas, jBrCl, jBr2, jCCl4, jCH2Oa, jCH2Ob, jClNO2, jClOa, jClOb, jCl2, jHNO2, jHNO3, jI2, jNO2, jNO3a, jNO3b, jN2O5, jO3, AOD_500nm
[from data line 945]
   56700,   56760,0.0070551,0.008704,0.0273,5.627e-25,2.009e-05,3.326e-05,0.0003299,1.987e-25,2.104e-05,0.001705,0.001141,3.153e-07,0.1002,0.007136,0.01969,0.1561,2.839e-05,1.339e-05,0.2
   56760,   56820,0.0070515,0.008726,0.02736,5.788e-25,2.021e-05,3.341e-05,0.0003313,2.045e-25,2.126e-05,0.001712,0.001145,3.177e-07,0.1003,0.007159,0.01971,0.1563,2.853e-05,1.353e-05,0.2
   56820,   56880,0.007098,0.008747,0.02741,5.944e-25,2.033e-05,3.356e-05,0.0003327,2.103e-25,2.146e-05,0.001718,0.001149,3.199e-07,0.1005,0.00718,0.01974,0.1566,2.867e-05,1.367e-05,0.2
   56880,   56940,0.0071357,0.008769,0.02747,6.114e-25,2.045e-05,3.371e-05,0.0003342,2.166e-25,2.168e-05,0.001724,0.001152,3.224e-07,0.1007,0.007203,0.01976,0.1568,2.881e-05,1.381e-05,0.2
   56940,   57000,0.0071712,0.008791,0.02752,6.293e-25,2.056e-05,3.386e-05,0.0003357,2.231e-25,2.19e-05,0.00173,0.001156,3.248e-07,0.1008,0.007226,0.01979,0.157,2.895e-05,1.396e-05,0.2
   57000,   57060,0.0073221,0.008811,0.02758,6.468e-25,2.068e-05,3.4e-05,0.000337,2.296e-25,2.21e-05,0.001736,0.00116,3.27e-07,0.101,0.007247,0.01982,0.1573,2.908e-05,1.409e-05,0.2
   57060,   57120,0.0073061,0.008833,0.02763,6.661e-25,2.079e-05,3.415e-05,0.0003385,2.367e-25,2.232e-05,0.001743,0.001164,3.294e-07,0.1011,0.007269,0.01984,0.1575,2.922e-05,1.424e-05,0.2
   57120,   57180,0.0072374,0.008854,0.02768,6.862e-25,2.091e-05,3.43e-05,0.0003399,2.442e-25,2.254e-05,0.001749,0.001168,3.318e-07,0.1013,0.007291,0.01987,0.1577,2.936e-05,1.438e-05,0.2
   57180,   57240,0.0072505,0.008874,0.02773,7.058e-25,2.102e-05,3.444e-05,0.0003413,2.514e-25,2.274e-05,0.001755,0.001171,3.341e-07,0.1014,0.007311,0.01989,0.1579,2.949e-05,1.452e-05,0.2
   57240,   57300,0.0072538,0.008895,0.02779,7.274e-25,2.114e-05,3.459e-05,0.0003427,2.595e-25,2.296e-05,0.001761,0.001175,3.365e-07,0.1016,0.007333,0.01992,0.1581,2.962e-05,1.466e-05,0.2
   57300,   57360,0.0072685,0.008916,0.02784,7.5e-25,2.126e-05,3.474e-05,0.0003441,2.679e-25,2.318e-05,0.001767,0.001179,3.388e-07,0.1017,0.007354,0.01994,0.1584,2.976e-05,1.481e-05,0.2
   57360,   57420,0.0072702,0.008935,0.02789,7.72e-25,2.137e-05,3.487e-05,0.0003455,2.762e-25,2.338e-05,0.001773,0.001182,3.411e-07,0.1019,0.007375,0.01996,0.1586,2.989e-05,1.494e-05,0.2
   57420,   57480,0.0072767,0.008956,0.02794,7.963e-25,2.148e-05,3.502e-05,0.0003469,2.853e-25,2.36e-05,0.001779,0.001186,3.435e-07,0.102,0.007396,0.01999,0.1588,3.002e-05,1.509e-05,0.2
   57480,   57540,0.0073016,0.008976,0.02799,8.217e-25,2.16e-05,3.516e-05,0.0003483,2.949e-25,2.382e-05,0.001785,0.00119,3.458e-07,0.1022,0.007417,0.02001,0.159,3.015e-05,1.524e-05,0.2
   57540,   57600,0.0073235,0.008995,0.02803,8.465e-25,2.17e-05,3.53e-05,0.0003496,3.043e-25,2.403e-05,0.00179,0.001193,3.481e-07,0.1023,0.007436,0.02003,0.1592,3.028e-05,1.537e-05,0.2
   57600,   57660,0.007348,0.009015,0.02808,8.739e-25,2.182e-05,3.544e-05,0.0003509,3.147e-25,2.425e-05,0.001796,0.001197,3.504e-07,0.1024,0.007457,0.02006,0.1594,3.041e-05,1.552e-05,0.2
   57660,   57720,0.0073534,0.009034,0.02813,9.025e-25,2.193e-05,3.558e-05,0.0003523,3.256e-25,2.447e-05,0.001802,0.0012,3.528e-07,0.1026,0.007477,0.02008,0.1596,3.055e-05,1.566e-05,0.2
   57720,   57780,0.0073731,0.009053,0.02818,9.305e-25,2.204e-05,3.571e-05,0.0003536,3.363e-25,2.467e-05,0.001808,0.001203,3.55e-07,0.1027,0.007497,0.0201,0.1598,3.067e-05,1.58e-05,0.2
   57780,   57840,0.0074122,0.009072,0.02823,9.615e-25,2.215e-05,3.585e-05,0.0003549,3.482e-25,2.489e-05,0.001814,0.001207,3.574e-07,0.1029,0.007517,0.02012,0.16,3.08e-05,1.595e-05,0.2
   57840,   57900,0.007447,0.009091,0.02827,9.939e-25,2.226e-05,3.599e-05,0.0003563,3.606e-25,2.511e-05,0.001819,0.00121,3.597e-07,0.103,0.007537,0.02014,0.1602,3.093e-05,1.61e-05,0.2
   57900,   57960,0.0074558,0.009109,0.02832,1.026e-24,2.237e-05,3.612e-05,0.0003576,3.729e-25,2.532e-05,0.001825,0.001214,3.619e-07,0.1031,0.007555,0.02017,0.1604,3.105e-05,1.623e-05,0.2
   57960,   58020,0.0074725,0.009128,0.02837,1.061e-24,2.248e-05,3.626e-05,0.0003589,3.865e-25,2.554e-05,0.00183,0.001217,3.643e-07,0.1033,0.007575,0.02019,0.1606,3.118e-05,1.638e-05,0.2
   58020,   58080,0.00749,0.009146,0.02841,1.097e-24,2.259e-05,3.64e-05,0.0003602,4.008e-25,2.576e-05,0.001836,0.001221,3.666e-07,0.1034,0.007595,0.02021,0.1608,3.131e-05,1.653e-05,0.2
   58080,   58140,0.0075029,0.009164,0.02845,1.134e-24,2.269e-05,3.652e-05,0.0003614,4.149e-25,2.597e-05,0.001841,0.001224,3.688e-07,0.1035,0.007613,0.02023,0.161,3.143e-05,1.667e-05,0.2
   58140,   58200,0.0075042,0.009182,0.0285,1.174e-24,2.28e-05,3.666e-05,0.0003628,4.305e-25,2.619e-05,0.001847,0.001227,3.711e-07,0.1036,0.007632,0.02025,0.1611,3.156e-05,1.681e-05,0.2
   58200,   58260,0.0075225,0.0092,0.02854,1.215e-24,2.291e-05,3.679e-05,0.0003641,4.47e-25,2.641e-05,0.001852,0.00123,3.734e-07,0.1038,0.007651,0.02027,0.1613,3.168e-05,1.696e-05,0.2
   58260,   58320,0.0075307,0.009217,0.02859,1.256e-24,2.302e-05,3.692e-05,0.0003653,4.632e-25,2.661e-05,0.001858,0.001234,3.756e-07,0.1039,0.007669,0.02029,0.1615,3.18e-05,1.71e-05,0.2
   58320,   58380,0.0075492,0.009235,0.02863,1.302e-24,2.312e-05,3.705e-05,0.0003665,4.813e-25,2.683e-05,0.001863,0.001237,3.779e-07,0.104,0.007688,0.02031,0.1617,3.193e-05,1.725e-05,0.2
   58380,   58440,0.0075475,0.009253,0.02867,1.35e-24,2.323e-05,3.718e-05,0.0003678,5.003e-25,2.705e-05,0.001868,0.00124,3.802e-07,0.1041,0.007706,0.02033,0.1619,3.205e-05,1.739e-05,0.2
   58440,   58500,0.0075541,0.009269,0.02871,1.397e-24,2.333e-05,3.731e-05,0.000369,5.19e-25,2.726e-05,0.001874,0.001243,3.824e-07,0.1043,0.007724,0.02035,0.162,3.217e-05,1.753e-05,0.2
   58500,   58560,0.0075668,0.009286,0.02876,1.449e-24,2.344e-05,3.744e-05,0.0003703,5.4e-25,2.748e-05,0.001879,0.001246,3.847e-07,0.1044,0.007742,0.02037,0.1622,3.229e-05,1.768e-05,0.2
   58560,   58620,0.0075954,0.009303,0.0288,1.504e-24,2.355e-05,3.757e-05,0.0003715,5.62e-25,2.77e-05,0.001884,0.00125,3.869e-07,0.1045,0.00776,0.02039,0.1624,3.241e-05,1.783e-05,0.2
   58620,   58680,0.0075938,0.009319,0.02884,1.558e-24,2.365e-05,3.769e-05,0.0003727,5.838e-25,2.791e-05,0.001889,0.001252,3.891e-07,0.1046,0.007777,0.0204,0.1625,3.253e-05,1.796e-05,0.2
   58680,   58740,0.0076047,0.009336,0.02888,1.618e-24,2.375e-05,3.781e-05,0.0003739,6.081e-25,2.812e-05,0.001894,0.001256,3.913e-07,0.1047,0.007795,0.02042,0.1627,3.265e-05,1.811e-05,0.2
   58740,   58800,0.0076142,0.009353,0.02892,1.681e-24,2.386e-05,3.794e-05,0.0003752,6.338e-25,2.834e-05,0.001899,0.001259,3.936e-07,0.1048,0.007813,0.02044,0.1629,3.277e-05,1.826e-05,0.2
   58800,   58860,0.007655,0.009369,0.02896,1.743e-24,2.395e-05,3.806e-05,0.0003763,6.592e-25,2.855e-05,0.001904,0.001262,3.957e-07,0.1049,0.007829,0.02046,0.163,3.288e-05,1.84e-05,0.2
   58860,   58920,0.0076725,0.009385,0.029,1.812e-24,2.406e-05,3.818e-05,0.0003775,6.877e-25,2.877e-05,0.001909,0.001265,3.98e-07,0.1051,0.007847,0.02048,0.1632,3.3e-05,1.854e-05,0.2
   58920,   58980,0.0076982,0.009401,0.02904,1.885e-24,2.416e-05,3.831e-05,0.0003787,7.177e-25,2.899e-05,0.001914,0.001268,4.002e-07,0.1052,0.007864,0.02049,0.1634,3.312e-05,1.869e-05,0.2
   58980,   59040,0.0077129,0.009416,0.02907,1.957e-24,2.426e-05,3.842e-05,0.0003799,7.474e-25,2.919e-05,0.001919,0.001271,4.023e-07,0.1053,0.00788,0.02051,0.1635,3.323e-05,1.883e-05,0.2
   59040,   59100,0.0077452,0.009432,0.02911,2.037e-24,2.436e-05,3.855e-05,0.000381,7.808e-25,2.941e-05,0.001924,0.001273,4.046e-07,0.1054,0.007897,0.02053,0.1637,3.335e-05,1.897e-05,0.2
   59100,   59160,0.007764,0.009448,0.02915,2.122e-24,2.446e-05,3.867e-05,0.0003822,8.161e-25,2.963e-05,0.001929,0.001276,4.068e-07,0.1055,0.007914,0.02055,0.1638,3.346e-05,1.912e-05,0.2
   59160,   59220,0.007766,0.009463,0.02919,2.206e-24,2.456e-05,3.878e-05,0.0003833,8.512e-25,2.983e-05,0.001934,0.001279,4.089e-07,0.1056,0.007929,0.02056,0.164,3.357e-05,1.926e-05,0.2
   59220,   59280,0.0077947,0.009478,0.02922,2.299e-24,2.466e-05,3.89e-05,0.0003845,8.905e-25,3.005e-05,0.001939,0.001282,4.111e-07,0.1057,0.007946,0.02058,0.1641,3.369e-05,1.941e-05,0.2
   59280,   59340,0.0078043,0.009493,0.02926,2.398e-24,2.476e-05,3.902e-05,0.0003857,9.321e-25,3.027e-05,0.001943,0.001285,4.133e-07,0.1058,0.007962,0.02059,0.1643,3.38e-05,1.955e-05,0.2
   59340,   59400,0.0078006,0.009508,0.0293,2.496e-24,2.485e-05,3.913e-05,0.0003867,9.735e-25,3.047e-05,0.001948,0.001288,4.153e-07,0.1059,0.007978,0.02061,0.1644,3.391e-05,1.969e-05,0.2
   59400,   59460,0.0078126,0.009523,0.02933,2.604e-24,2.495e-05,3.925e-05,0.0003879,1.02e-24,3.069e-05,0.001953,0.00129,4.175e-07,0.106,0.007994,0.02063,0.1646,3.402e-05,1.983e-05,0.2
   59460,   59520,0.0078266,0.009538,0.02937,2.72e-24,2.505e-05,3.937e-05,0.000389,1.069e-24,3.09e-05,0.001957,0.001293,4.197e-07,0.1061,0.00801,0.02064,0.1647,3.413e-05,1.998e-05,0.2
   59520,   59580,0.0078317,0.009552,0.0294,2.835e-24,2.514e-05,3.948e-05,0.0003901,1.119e-24,3.111e-05,0.001962,0.001296,4.218e-07,0.1062,0.008025,0.02066,0.1648,3.424e-05,2.012e-05,0.2
   59580,   59640,0.0078457,0.009566,0.02944,2.963e-24,2.524e-05,3.959e-05,0.0003912,1.174e-24,3.132e-05,0.001967,0.001299,4.239e-07,0.1063,0.00804,0.02067,0.165,3.435e-05,2.026e-05,0.2
   59640,   59700,0.0078849,0.009581,0.02947,3.099e-24,2.533e-05,3.971e-05,0.0003923,1.233e-24,3.154e-05,0.001971,0.001301,4.261e-07,0.1064,0.008056,0.02069,0.1651,3.446e-05,2.041e-05,0.2
   59700,   59760,0.0078844,0.009594,0.0295,3.235e-24,2.543e-05,3.981e-05,0.0003933,1.291e-24,3.174e-05,0.001975,0.001304,4.281e-07,0.1065,0.008071,0.0207,0.1652,3.456e-05,2.054e-05,0.2
   59760,   59820,0.0079217,0.009608,0.02954,3.381e-24,2.552e-05,3.993e-05,0.0003944,1.354e-24,3.193e-05,0.00198,0.001307,4.3e-07,0.1066,0.008086,0.02072,0.1654,3.466e-05,2.067e-05,0.2
   59820,   59880,0.0079123,0.009618,0.02956,3.508e-24,2.559e-05,4e-05,0.0003952,1.411e-24,3.212e-05,0.001983,0.001308,4.318e-07,0.1066,0.008096,0.02073,0.1655,3.475e-05,2.08e-05,0.2
   59880,   59940,0.0079137,0.009631,0.02959,3.665e-24,2.568e-05,4.011e-05,0.0003962,1.48e-24,3.232e-05,0.001987,0.001311,4.338e-07,0.1067,0.00811,0.02074,0.1656,3.485e-05,2.093e-05,0.2
   59940,   60000,0.0079188,0.009644,0.02962,3.842e-24,2.577e-05,4.022e-05,0.0003973,1.558e-24,3.253e-05,0.001992,0.001314,4.359e-07,0.1068,0.008125,0.02075,0.1657,3.495e-05,2.108e-05,0.2
   60000,   60060,0.0079171,0.009658,0.02966,4.029e-24,2.586e-05,4.033e-05,0.0003983,1.641e-24,3.274e-05,0.001996,0.001316,4.38e-07,0.1069,0.00814,0.02077,0.1659,3.506e-05,2.122e-05,0.2
   60060,   60120,0.0079628,0.009671,0.02969,4.216e-24,2.595e-05,4.043e-05,0.0003993,1.723e-24,3.294e-05,0.002,0.001319,4.4e-07,0.107,0.008153,0.02078,0.166,3.516e-05,2.135e-05,0.2
   60120,   60180,0.0080197,0.009684,0.02972,4.427e-24,2.604e-05,4.054e-05,0.0004004,1.817e-24,3.315e-05,0.002005,0.001321,4.421e-07,0.1071,0.008168,0.0208,0.1661,3.526e-05,2.15e-05,0.2
   60180,   60240,0.0079755,0.009697,0.02975,4.65e-24,2.614e-05,4.065e-05,0.0004014,1.916e-24,3.336e-05,0.002009,0.001324,4.441e-07,0.1072,0.008182,0.02081,0.1662,3.537e-05,2.164e-05,0.2
   60240,   60300,0.0079925,0.00971,0.02978,4.873e-24,2.622e-05,4.075e-05,0.0004024,2.016e-24,3.356e-05,0.002013,0.001326,4.461e-07,0.1072,0.008196,0.02082,0.1663,3.546e-05,2.177e-05,0.2
   60300,   60360,0.0080531,0.009723,0.02981,5.123e-24,2.631e-05,4.085e-05,0.0004034,2.128e-24,3.377e-05,0.002017,0.001329,4.481e-07,0.1073,0.00821,0.02083,0.1665,3.557e-05,2.191e-05,0.2
   60360,   60420,0.0080559,0.009735,0.02984,5.39e-24,2.64e-05,4.096e-05,0.0004045,2.248e-24,3.397e-05,0.002021,0.001331,4.502e-07,0.1074,0.008224,0.02085,0.1666,3.567e-05,2.205e-05,0.2
   60420,   60480,0.0080419,0.009747,0.02987,5.656e-24,2.649e-05,4.105e-05,0.0004054,2.368e-24,3.417e-05,0.002025,0.001333,4.521e-07,0.1075,0.008237,0.02086,0.1667,3.576e-05,2.218e-05,0.2
   60480,   60540,0.0080582,0.00976,0.0299,5.956e-24,2.657e-05,4.116e-05,0.0004064,2.503e-24,3.438e-05,0.002029,0.001336,4.541e-07,0.1076,0.008251,0.02087,0.1668,3.586e-05,2.232e-05,0.2
   60540,   60600,0.0080856,0.009772,0.02993,6.275e-24,2.666e-05,4.126e-05,0.0004074,2.648e-24,3.458e-05,0.002033,0.001338,4.561e-07,0.1076,0.008264,0.02089,0.1669,3.596e-05,2.246e-05,0.2
   60600,   60660,0.0080691,0.009784,0.02995,6.593e-24,2.675e-05,4.135e-05,0.0004083,2.792e-24,3.477e-05,0.002037,0.00134,4.58e-07,0.1077,0.008277,0.0209,0.167,3.606e-05,2.259e-05,0.2
   60660,   60720,0.008094,0.009796,0.02998,6.952e-24,2.683e-05,4.146e-05,0.0004093,2.955e-24,3.498e-05,0.002041,0.001343,4.6e-07,0.1078,0.00829,0.02091,0.1671,3.615e-05,2.273e-05,0.2
   60720,   60780,0.0081178,0.009808,0.03001,7.334e-24,2.692e-05,4.156e-05,0.0004103,3.13e-24,3.518e-05,0.002045,0.001345,4.62e-07,0.1079,0.008303,0.02092,0.1673,3.625e-05,2.287e-05,0.2
   60780,   60840,0.0081127,0.009819,0.03004,7.715e-24,2.7e-05,4.165e-05,0.0004112,3.304e-24,3.537e-05,0.002049,0.001347,4.639e-07,0.1079,0.008316,0.02093,0.1674,3.634e-05,2.3e-05,0.2
   60840,   60900,0.0081178,0.009831,0.03007,8.144e-24,2.709e-05,4.175e-05,0.0004122,3.501e-24,3.558e-05,0.002053,0.00135,4.658e-07,0.108,0.008329,0.02094,0.1675,3.644e-05,2.314e-05,0.2
   60900,   60960,0.0081243,0.009843,0.03009,8.6e-24,2.717e-05,4.185e-05,0.0004131,3.709e-24,3.578e-05,0.002057,0.001352,4.678e-07,0.1081,0.008341,0.02096,0.1676,3.654e-05,2.327e-05,0.2
   60960,   61020,0.0081277,0.009854,0.03012,9.052e-24,2.725e-05,4.194e-05,0.000414,3.917e-24,3.596e-05,0.00206,0.001354,4.696e-07,0.1082,0.008353,0.02097,0.1677,3.662e-05,2.34e-05,0.2
   61020,   61080,0.0081435,0.009865,0.03015,9.561e-24,2.733e-05,4.203e-05,0.0004149,4.149e-24,3.616e-05,0.002064,0.001356,4.715e-07,0.1082,0.008366,0.02098,0.1678,3.672e-05,2.353e-05,0.2
   61080,   61140,0.0081574,0.009877,0.03017,1.009e-23,2.742e-05,4.213e-05,0.0004159,4.387e-24,3.636e-05,0.002068,0.001358,4.734e-07,0.1083,0.008379,0.02099,0.1679,3.681e-05,2.366e-05,0.2
   61140,   61200,0.0081511,0.009887,0.0302,1.061e-23,2.749e-05,4.222e-05,0.0004167,4.632e-24,3.654e-05,0.002071,0.00136,4.752e-07,0.1084,0.00839,0.021,0.168,3.69e-05,2.379e-05,0.2
   61200,   61260,0.0080863,0.009898,0.03022,1.122e-23,2.757e-05,4.231e-05,0.0004176,4.935e-24,3.674e-05,0.002075,0.001363,4.771e-07,0.1084,0.008402,0.02101,0.1681,3.699e-05,2.392e-05,0.2
   61260,   61320,0.008127,0.009909,0.03025,1.191e-23,2.765e-05,4.24e-05,0.0004185,5.274e-24,3.693e-05,0.002079,0.001365,4.79e-07,0.1085,0.008415,0.02102,0.1682,3.708e-05,2.405e-05,0.2
   61320,   61380,0.0081489,0.009919,0.03027,1.262e-23,2.773e-05,4.249e-05,0.0004194,5.602e-24,3.712e-05,0.002082,0.001367,4.807e-07,0.1086,0.008426,0.02103,0.1683,3.717e-05,2.418e-05,0.2
   61380,   61440,0.0081587,0.00993,0.0303,1.341e-23,2.781e-05,4.258e-05,0.0004203,5.977e-24,3.732e-05,0.002086,0.001369,4.827e-07,0.1086,0.008438,0.02104,0.1684,3.726e-05,2.432e-05,0.2
   61440,   61500,0.0081612,0.009941,0.03032,1.427e-23,2.789e-05,4.267e-05,0.0004212,6.354e-24,3.752e-05,0.002089,0.001371,4.846e-07,0.1087,0.00845,0.02105,0.1685,3.735e-05,2.446e-05,0.2
   61500,   61560,0.0081851,0.009951,0.03035,1.509e-23,2.797e-05,4.276e-05,0.000422,6.759e-24,3.773e-05,0.002093,0.001373,4.864e-07,0.1088,0.008461,0.02106,0.1685,3.743e-05,2.46e-05,0.2
   61560,   61620,0.0081896,0.009961,0.03037,1.596e-23,2.805e-05,4.285e-05,0.0004229,7.146e-24,3.791e-05,0.002096,0.001375,4.882e-07,0.1088,0.008472,0.02107,0.1686,3.752e-05,2.472e-05,0.2
   61620,   61680,0.0082113,0.009971,0.03039,1.7e-23,2.813e-05,4.294e-05,0.0004237,7.645e-24,3.813e-05,0.0021,0.001377,4.902e-07,0.1089,0.008484,0.02108,0.1687,3.761e-05,2.488e-05,0.2
   61680,   61740,0.0082308,0.009981,0.03042,1.788e-23,2.82e-05,4.302e-05,0.0004245,8.073e-24,3.83e-05,0.002103,0.001379,4.918e-07,0.109,0.008494,0.02109,0.1688,3.769e-05,2.498e-05,0.2
   61740,   61800,0.0082299,0.009991,0.03044,1.911e-23,2.828e-05,4.311e-05,0.0004254,8.628e-24,3.848e-05,0.002106,0.001381,4.936e-07,0.109,0.008505,0.0211,0.1689,3.778e-05,2.511e-05,0.2
