CampaignData_and_Merges/R0/CSL_MobileLab_Parked/raw/20240716/USOS-NOAAIodideCIMS-Halogens_MobileLabGround_20240716_RA.ict
39, 1001
Michael A Robinson, Chris Jernigan, Subi Thakali
NOAA ESRL Chemical Sciences Laboratory and CIRES, U. of Colorado
NOAA Iodide CIMS Instrument
USOS
1, 1
2024, 07, 16, 2024, 07, 17
0
starttime_UTC, seconds_past_midnight, seconds_of_day_since_00:00:00_UTC
6
1, 1, 1, 1, 1, 1
-9999, -9999, -9999, -9999, -9999, -9999
Br2_NOAACIMS, pptv, Gas_Br2_InSitu_S_AVMR
BrO_NOAACIMS, pptv, Gas_BrO_InSitu_S_AVMR
Cl2_NOAACIMS, pptv, Gas_Cl2_InSitu_S_AVMR
ClNO2_NOAACIMS, pptv, Gas_ClNO2_InSitu_S_AVMR
BrCl_NOAACIMS, pptv, Gas_BrCl_InSitu_S_AVMR
NCl3_NOAACIMS, pptv, Gas_NCl3_InSitu_S_AVMR
1
N/A
18
PI_CONTACT_INFO: 325 Broadway, R/CSD 7, Boulder, Colorado 80305; michael.a.robinson@noaa.gov; chris.jernigan@noaa.gov;
PLATFORM: NOAA CSL Mobile Lab
LOCATION: SLC, Utah
ASSOCIATED_DATA: 1Hz data also available on request.
INSTRUMENT_INFO: NOAA I- ToF CIMS
DATA_INFO: Units: pptv
UNCERTAINTY: tbd
ULOD_FLAG: -7777
ULOD_VALUE: N/A
LLOD_FLAG: -8888
LLOD_VALUE: N/A
DM_CONTACT_INFO: Nathan Howard; nathan.h.howard@noaa.gov
PROJECT_INFO: USOS, summer 2024. https://csl.noaa.gov/groups/csl7/measurements/2024usos/
STIPULATIONS_ON_USE: only the USOS science team is allowed to use this data
OTHER_COMMENTS: Field data; Data are averaged to 1 minute intervals. Stationary data collected from a 10 ft tower on top of the mobile lab
REVISION: RA
RA: Preliminary Data; For in-field use only
starttime_UTC, Br2_NOAACIMS, BrO_NOAACIMS, Cl2_NOAACIMS, ClNO2_NOAACIMS, BrCl_NOAACIMS, NCl3_NOAACIMS
[from data line 1126]
67560,1.137,0.208,3.417,-0.005,0.249,-0.009
67620,1.104,0.204,3.237,0.004,0.194,-0.047
67680,1.180,0.153,3.534,-0.008,0.276,-0.014
67740,0.740,0.295,3.633,-0.030,0.278,-0.060
67800,0.920,0.151,3.360,-0.004,0.267,-0.017
67860,0.945,0.308,3.379,0.033,0.248,0.019
67920,-9999.000,-9999.000,-9999.000,-9999.000,-9999.000,-9999.000
67980,0.495,0.020,3.068,-0.018,0.103,-0.109
68040,0.922,0.202,3.196,-0.053,0.205,-0.067
68100,1.042,0.259,3.191,-0.037,0.182,-0.024
68160,0.972,0.229,3.122,-0.067,0.215,-0.030
68220,0.928,0.241,3.289,0.013,0.266,0.004
68280,1.039,0.311,3.241,-0.041,0.239,0.101
68340,1.084,0.321,3.396,0.002,0.206,0.086
68400,1.266,0.131,3.430,-0.054,0.251,0.094
68460,1.188,0.110,3.325,-0.052,0.247,-0.013
68520,1.131,0.146,3.261,0.000,0.225,0.021
68580,1.161,0.211,3.506,0.004,0.268,0.023
68640,0.908,0.150,3.285,0.052,0.272,0.080
68700,1.198,0.265,3.483,-0.021,0.213,0.008
68760,1.017,0.263,3.533,-0.007,0.285,0.113
68820,1.270,0.146,3.525,-0.013,0.290,0.105
68880,1.284,0.249,3.193,0.021,0.237,0.076
68940,1.004,0.263,3.198,0.022,0.209,0.207
69000,1.179,0.310,3.426,-0.009,0.294,0.086
69060,1.319,0.351,3.383,0.024,0.280,0.078
69120,1.307,0.259,3.291,0.064,0.279,0.102
69180,1.035,0.081,3.515,0.024,0.195,0.073
69240,1.126,0.351,3.769,0.052,0.251,0.164
69300,1.210,0.340,3.626,0.036,0.330,0.177
69360,0.968,0.177,3.738,-0.004,0.236,0.158
69420,0.768,0.061,3.269,-0.011,0.168,0.060
69480,0.664,0.033,3.399,0.002,0.109,0.065
69540,0.916,0.222,3.660,0.002,0.205,0.155
69600,1.195,0.262,3.567,0.003,0.278,0.188
69660,1.123,0.164,3.395,0.023,0.221,0.120
69720,1.213,0.290,3.452,0.034,0.289,0.197
69780,1.134,0.290,3.533,0.025,0.312,0.201
69840,1.158,0.155,3.408,0.053,0.247,0.278
69900,1.347,0.072,3.453,0.088,0.231,0.276
69960,1.057,0.197,3.410,0.025,0.250,0.192
70020,1.220,0.440,3.663,0.024,0.268,0.198
70080,0.991,0.183,3.342,0.068,0.227,0.151
70140,1.236,0.118,3.336,0.074,0.226,0.142
70200,1.269,0.306,3.473,0.027,0.304,0.085
70260,1.114,0.329,3.364,0.078,0.250,0.072
70320,1.304,0.133,3.320,0.089,0.209,0.165
70380,1.130,0.206,3.076,0.055,0.213,0.073
70440,1.253,0.053,3.269,0.032,0.221,0.159
70500,1.074,0.178,3.333,0.040,0.204,0.144
70560,1.313,0.090,3.220,0.084,0.246,0.097
70620,1.407,0.158,3.307,0.056,0.212,0.175
70680,1.398,0.113,3.267,0.031,0.318,0.176
70740,0.759,0.090,3.147,0.018,0.164,0.112
70800,0.875,0.083,3.196,0.023,0.158,0.117
70860,1.352,0.203,3.125,0.034,0.212,0.092
70920,1.172,0.187,3.321,0.055,0.251,0.105
70980,1.189,0.128,3.212,0.074,0.208,0.176
71040,1.409,0.146,3.145,0.061,0.229,0.265
71100,1.278,0.189,3.411,0.084,0.250,0.216
71160,1.206,0.112,3.031,0.052,0.242,0.175
71220,1.472,0.240,2.969,0.001,0.197,0.184
71280,1.092,0.054,3.123,0.030,0.199,0.161
71340,1.370,0.239,3.152,0.020,0.202,0.175
71400,1.105,0.219,3.189,0.052,0.253,0.206
71460,1.470,0.276,3.340,0.070,0.271,0.249
71520,1.405,0.250,3.078,0.051,0.262,0.432
71580,1.348,0.006,3.076,0.036,0.183,0.223
71640,1.035,0.021,3.016,-0.008,0.211,0.258
71700,0.962,0.181,2.793,0.016,0.190,0.982
71760,1.187,0.157,3.211,0.087,0.283,0.358
71820,1.323,0.204,3.051,0.009,0.294,0.088
71880,1.168,0.279,3.184,0.093,0.290,0.041
71940,1.378,0.111,3.264,0.053,0.242,0.096
72000,1.099,0.178,3.055,-0.002,0.158,0.260
72060,1.202,0.150,3.252,0.008,0.220,1.264
72120,1.388,0.196,3.081,0.041,0.174,0.088
72180,1.322,0.109,3.128,0.015,0.234,0.041
72240,1.322,0.221,3.171,0.054,0.177,0.038
72300,1.211,0.381,3.195,0.014,0.225,0.052
72360,1.172,0.155,3.271,0.060,0.214,0.317
72420,1.240,0.213,3.013,0.047,0.201,0.207
72480,1.332,0.172,3.414,0.067,0.151,0.073
72540,1.388,0.282,3.055,0.068,0.210,0.236
72600,1.288,0.330,3.257,-0.007,0.190,0.076
72660,1.155,0.294,3.575,0.018,0.181,0.052
72720,1.333,0.152,3.346,0.020,0.133,-0.021
72780,1.415,0.242,3.208,0.065,0.147,0.094
72840,1.278,0.236,3.295,0.026,0.261,0.168
72900,1.346,0.124,3.298,-0.002,0.188,0.093
72960,1.331,0.286,3.360,0.037,0.134,0.111
73020,1.352,0.209,3.304,0.030,0.213,0.040
73080,1.326,0.162,2.941,-0.008,0.182,0.102
73140,1.241,0.295,3.200,0.005,0.095,-0.002
73200,1.212,0.342,3.050,-0.005,0.138,0.004
73260,1.458,0.307,3.352,-0.002,0.144,0.104
73320,1.382,0.234,3.114,0.016,0.148,-0.064
73380,1.527,0.306,3.126,0.011,0.163,0.061
73440,1.467,0.326,3.233,0.043,0.102,0.107
73500,1.268,0.322,3.270,0.042,0.137,0.002
73560,1.169,0.306,3.103,-0.051,0.099,0.012
73620,1.123,0.444,3.168,-0.014,0.090,-0.105
73680,1.136,0.436,3.288,0.004,0.135,-0.035
73740,1.344,0.288,3.228,0.005,0.150,0.005
73800,1.315,0.362,3.376,0.029,0.187,0.112
73860,1.261,0.306,3.072,0.023,0.153,0.023
73920,1.147,0.202,3.395,0.000,0.186,-0.041
73980,1.134,0.226,2.999,0.009,0.167,-0.050
74040,1.069,0.281,3.284,-0.012,0.192,-0.048
74100,1.223,0.323,3.219,-0.006,0.210,-0.015
74160,1.071,0.339,3.045,-0.011,0.224,0.028
74220,0.801,0.145,3.145,-0.043,0.124,-0.027
74280,1.243,0.286,3.073,0.021,0.241,-0.011
74340,1.261,0.432,3.092,0.024,0.235,-0.011
74400,1.188,0.183,3.080,0.020,0.186,0.077
74460,1.336,0.181,3.040,0.012,0.256,-0.047
74520,1.242,0.377,3.202,-0.039,0.241,-0.036
74580,1.420,0.123,3.175,0.041,0.229,-0.033
74640,1.183,0.341,3.146,-0.041,0.225,-0.014
74700,1.074,0.308,3.194,0.002,0.219,0.036
74760,1.132,0.292,3.147,0.005,0.155,-0.033
74820,0.952,0.196,2.828,0.020,0.215,-0.006
74880,1.192,0.321,3.062,-0.037,0.324,0.030
74940,0.961,0.324,3.249,-0.006,0.260,0.010
75000,0.997,0.197,3.029,-0.010,0.309,0.058
75060,0.969,0.260,3.104,0.018,0.268,0.019
75120,1.136,0.153,3.020,-0.041,0.247,0.028
75180,1.191,0.182,2.953,-0.025,0.246,0.061
75240,0.937,0.170,2.511,-0.022,0.273,0.026
75300,0.976,0.278,3.278,-0.104,0.199,0.038
75360,0.737,0.215,3.028,-0.032,0.242,0.103
75420,0.895,0.148,2.746,0.002,0.303,0.226
75480,0.996,0.175,2.667,-0.012,0.251,0.171
75540,1.074,0.240,2.657,0.055,0.304,0.004
75600,0.917,0.305,2.792,-0.009,0.265,0.078
75660,1.304,0.242,2.794,-0.010,0.270,-0.009
75720,0.971,0.181,2.807,0.010,0.203,0.068
75780,0.977,0.132,2.693,0.003,0.256,0.034
75840,1.017,0.133,2.708,-0.007,0.277,-0.029
75900,1.102,0.181,2.814,-0.011,0.243,-0.004
75960,0.868,0.200,2.837,0.020,0.306,0.034
76020,1.295,0.375,2.756,0.022,0.243,0.152
76080,1.081,0.147,2.639,0.066,0.279,-0.001
76140,1.256,0.266,2.903,0.001,0.235,0.044
76200,1.285,0.252,2.667,-0.004,0.247,0.076
76260,1.194,0.405,2.694,0.023,0.214,0.097
76320,1.227,0.297,2.905,0.047,0.170,0.038
76380,1.405,0.234,2.890,0.038,0.267,0.087
76440,1.249,0.429,2.725,0.023,0.221,0.050
76500,1.209,0.253,2.698,0.050,0.260,0.104
76560,1.407,0.277,2.706,0.007,0.227,-0.014
76620,1.491,0.332,2.613,0.008,0.216,0.194
76680,1.099,0.224,2.546,0.025,0.260,0.054
76740,1.223,0.343,2.546,0.033,0.187,0.123
76800,1.274,0.145,2.486,-0.011,0.202,0.102
76860,1.054,0.196,2.643,0.031,0.177,0.061
76920,1.205,0.352,2.602,0.015,0.237,0.116
76980,1.277,0.229,2.342,0.071,0.207,0.039
77040,1.223,0.358,2.498,0.052,0.216,0.109
77100,1.390,0.361,2.498,0.055,0.193,0.134
77160,0.968,0.216,2.516,0.073,0.176,0.168
77220,1.120,0.320,2.250,0.025,0.155,0.056
77280,1.063,0.325,2.211,0.025,0.219,0.025
77340,1.274,0.214,2.449,0.045,0.245,0.095
77400,1.329,0.300,2.468,0.079,0.188,0.029
77460,1.396,0.268,2.332,0.057,0.172,0.040
77520,1.089,0.203,2.597,0.041,0.178,0.041
77580,1.204,0.410,2.482,0.046,0.193,0.071
77640,-9999.000,-9999.000,-9999.000,-9999.000,-9999.000,-9999.000
77700,-9999.000,-9999.000,-9999.000,-9999.000,-9999.000,-9999.000
77760,-9999.000,-9999.000,-9999.000,-9999.000,-9999.000,-9999.000
77820,-9999.000,-9999.000,-9999.000,-9999.000,-9999.000,-9999.000
77880,-9999.000,-9999.000,-9999.000,-9999.000,-9999.000,-9999.000
77940,-9999.000,-9999.000,-9999.000,-9999.000,-9999.000,-9999.000
78000,-9999.000,-9999.000,-9999.000,-9999.000,-9999.000,-9999.000
78060,-9999.000,-9999.000,-9999.000,-9999.000,-9999.000,-9999.000
78120,-9999.000,-9999.000,-9999.000,-9999.000,-9999.000,-9999.000
78180,-9999.000,-9999.000,-9999.000,-9999.000,-9999.000,-9999.000
78240,-9999.000,-9999.000,-9999.000,-9999.000,-9999.000,-9999.000
78300,-9999.000,-9999.000,-9999.000,-9999.000,-9999.000,-9999.000
78360,-9999.000,-9999.000,-9999.000,-9999.000,-9999.000,-9999.000
78420,-9999.000,-9999.000,-9999.000,-9999.000,-9999.000,-9999.000
78480,1.314,0.197,2.153,0.028,0.190,-0.005
78540,1.116,0.359,2.298,-0.006,0.211,-0.056
78600,1.100,0.223,1.908,-0.012,0.209,-0.129
78660,1.159,0.163,1.862,-0.033,0.189,-0.082
78720,1.001,0.093,1.976,-0.011,0.162,-0.079
78780,1.144,0.122,2.238,0.013,0.233,-0.087
78840,1.006,0.176,2.006,0.018,0.216,-0.114
78900,1.113,0.096,2.081,0.014,0.162,-0.115
78960,1.232,0.002,2.024,0.004,0.118,-0.199
79020,0.819,0.158,2.403,-0.040,0.023,-0.041
79080,0.880,0.097,1.968,-0.028,0.157,-0.123
79140,0.954,0.110,1.938,0.038,0.170,-0.119
79200,1.061,0.093,1.950,-0.006,0.155,-0.137
79260,0.951,0.050,2.061,0.017,0.139,-0.083
79320,1.114,0.211,2.185,-0.006,0.100,-0.073
79380,1.074,0.209,1.901,-0.013,0.142,-0.055
79440,1.039,0.148,2.186,-0.002,0.156,0.000
79500,1.219,0.161,1.909,-0.003,0.124,-0.031
79560,1.164,0.257,2.168,0.022,0.068,-0.062
79620,0.927,0.182,2.096,0.054,0.124,-0.021
79680,1.244,0.155,2.080,0.013,0.154,-0.071
79740,1.231,0.188,2.249,0.025,0.165,-0.043
79800,1.230,0.237,2.158,0.047,0.139,-0.010
79860,1.194,0.261,1.953,0.033,0.109,0.049
79920,1.142,0.102,2.239,0.027,0.143,-0.044
79980,1.294,0.210,1.874,0.009,0.104,0.040
80040,1.222,0.268,2.062,0.023,0.103,-0.027
80100,0.985,0.359,2.020,0.016,0.083,0.043
80160,1.202,0.218,1.892,0.067,0.080,0.029
80220,1.144,0.295,1.926,0.023,0.110,0.081
80280,1.151,0.237,1.883,0.007,0.067,-0.046
80340,1.160,0.136,1.871,0.047,0.080,-0.024
80400,1.009,0.187,1.954,0.030,0.041,0.052
80460,1.062,0.257,1.927,-0.003,0.095,0.083
80520,1.036,0.254,1.844,0.006,0.070,0.087
80580,1.138,0.376,1.981,0.013,0.084,0.092
80640,1.074,0.074,2.013,0.038,0.057,0.112
80700,1.249,0.154,1.843,0.019,0.044,0.094
80760,1.223,0.206,1.985,0.058,0.023,0.089
80820,1.204,0.228,1.916,0.041,0.022,0.061
80880,1.034,0.347,2.091,0.061,-0.026,0.104
80940,0.975,0.277,1.987,0.038,0.012,0.124
81000,1.002,0.215,1.746,0.056,0.090,0.168
81060,1.181,0.252,1.943,0.056,0.013,0.053
81120,1.273,0.216,1.991,0.038,0.054,0.063
81180,1.101,0.221,2.111,0.010,0.066,0.154
81240,1.098,0.217,1.978,0.035,0.099,0.097
81300,1.221,0.281,2.027,0.055,0.116,0.091
81360,1.253,0.238,2.034,0.040,0.085,0.082
81420,1.035,0.201,2.046,0.058,0.133,0.105
81480,1.177,0.231,2.305,0.070,0.068,0.133
81540,1.024,0.298,2.076,0.051,0.104,0.068
81600,0.947,0.140,2.006,0.036,0.070,-0.028
81660,1.031,0.215,1.974,0.042,0.084,0.059
81720,1.132,0.326,2.040,0.032,0.143,0.068
81780,1.107,0.278,2.119,0.028,0.112,0.046
81840,1.123,0.280,2.022,0.055,0.199,0.002
81900,1.126,0.270,2.085,0.043,0.117,0.057
81960,1.099,0.119,2.025,0.018,0.143,-0.034
82020,1.174,0.228,1.920,0.054,0.159,0.022
82080,1.088,0.261,1.945,0.020,0.177,-0.004
82140,1.135,0.301,2.088,0.035,0.191,0.004
82200,1.165,0.159,2.184,0.024,0.250,0.048
82260,1.152,0.319,2.081,0.050,0.197,-0.061
82320,1.119,0.267,2.107,0.048,0.209,-0.060
82380,0.834,0.208,1.948,0.026,0.157,-0.043
82440,1.078,0.209,2.069,0.019,0.161,-0.038
82500,1.053,0.292,2.077,0.046,0.193,-0.069
82560,1.136,0.310,2.093,0.030,0.188,-0.044
82620,1.224,0.286,1.906,0.001,0.165,-0.068
82680,1.160,0.262,1.772,-0.004,0.304,-0.139
82740,0.740,0.247,1.954,0.073,0.142,-0.173
82800,0.945,0.209,1.805,0.037,0.178,-0.061
82860,0.900,0.200,1.780,0.049,0.191,-0.131
82920,0.997,0.260,2.022,0.053,0.178,-0.064
82980,1.091,0.305,1.888,0.063,0.198,-0.118
83040,1.085,0.179,1.644,0.040,0.220,-0.110
83100,1.012,0.283,1.758,-0.013,0.205,-0.098
83160,1.036,0.082,1.692,0.020,0.143,-0.101
83220,1.078,0.191,1.843,0.056,0.142,-0.072
83280,0.814,0.108,1.890,0.056,0.176,0.048
83340,1.230,0.256,1.852,0.085,0.190,-0.011
83400,1.108,0.208,1.973,0.034,0.154,-0.068
83460,1.211,0.135,1.846,0.008,0.152,-0.145
83520,1.025,0.079,1.897,0.031,0.179,-0.052
83580,1.157,0.258,1.793,0.039,0.153,-0.047
83640,1.187,0.262,1.934,0.061,0.150,0.007
83700,1.222,0.187,1.895,0.064,0.177,-0.026
83760,1.187,0.183,1.960,0.049,0.144,-0.005
83820,1.261,0.162,1.929,0.060,0.224,-0.094
83880,1.164,0.149,2.030,0.044,0.118,0.065
83940,1.100,0.017,1.944,0.102,0.154,0.074
84000,1.172,0.195,2.006,0.103,0.167,0.220
84060,1.069,0.169,1.956,0.075,0.153,0.133
84120,1.040,0.061,1.893,0.073,0.108,-0.059
84180,1.010,0.141,1.951,0.058,0.142,0.013
84240,1.349,0.126,1.845,0.046,0.149,0.026
84300,1.234,0.202,2.057,0.109,0.188,-0.030
84360,1.268,0.130,1.828,0.075,0.090,-0.066
84420,1.222,0.129,1.958,0.095,0.121,0.031
84480,1.151,0.075,1.793,0.097,0.098,-0.076
84540,1.135,0.244,1.760,0.105,0.156,-0.113
84600,1.069,0.139,1.595,0.056,0.082,-0.012
84660,1.207,0.053,1.767,0.019,0.133,0.390
84720,0.985,0.071,1.700,0.043,0.076,0.119
84780,1.288,0.103,1.761,0.094,0.116,0.099
84840,1.121,0.055,1.721,0.049,0.116,-0.061
84900,1.485,0.132,1.908,0.052,0.148,0.002
84960,1.379,0.019,2.079,0.067,0.113,-0.093
85020,1.146,-0.007,1.705,0.031,0.110,-0.138
85080,1.143,0.079,1.781,0.058,0.112,-0.182
85140,1.030,0.041,1.663,0.051,0.122,-0.076
85200,1.240,0.117,1.719,0.049,0.111,-0.168
85260,1.240,0.029,1.867,0.048,0.144,-0.154
85320,1.340,0.067,1.832,0.060,0.165,-0.109
85380,1.267,0.092,1.891,0.082,0.115,-0.136
85440,1.328,0.043,1.712,0.065,0.143,-0.044
85500,1.251,0.069,1.728,0.065,0.074,-0.095
85560,1.209,0.150,1.822,0.062,0.107,0.320
85620,1.144,0.064,1.854,0.074,0.088,0.480
85680,1.155,0.149,1.726,0.027,0.135,-0.205
85740,0.939,0.020,1.771,-0.003,0.047,-0.361
85800,1.019,0.138,1.626,0.067,0.093,-0.221
85860,0.897,-0.006,1.561,0.087,0.048,-0.275
85920,1.334,0.241,1.660,0.081,0.079,-0.219
85980,1.170,0.175,1.609,0.058,0.104,-0.176
86040,1.047,0.210,1.768,0.052,0.095,-0.190
86100,1.287,0.096,1.746,0.067,0.125,-0.226
86160,1.178,0.245,1.744,0.063,0.142,-0.260
86220,1.271,0.182,1.650,0.082,0.136,-0.212
86280,1.208,0.138,1.887,0.062,0.133,-0.281
86340,0.977,0.150,1.727,0.060,0.094,-0.361
