CampaignData_and_Merges/R0/CSL_MobileLab_Parked/raw/20240716/USOS-jNO2_MobileLabGround_20240716_R0.ict
52,1001
Waxman, E.; Rollins, A.; Zuraski, K.; Chace, W.
NOAA Chemical Sciences Laboratory
jNO2 filter radiometer on CSL Mobile Lab
AMMBEC / USOS
1, 1
2024,07,16, 2025,04,01
60
Time_Start, seconds, number_of_seconds_since_0000_UTC
20
1, 1, 1, 1, 1, 1, 1, 1, 1, 1, 1, 1, 1, 1, 1, 1, 1, 1, 1, 1
-9999, -9999, -9999, -9999, -9999, -9999, -9999, -9999, -9999, -9999, -9999, -9999, -9999, -9999, -9999, -9999, -9999, -9999, -9999, -9999
Time_Stop, seconds, number_of_seconds_since_0000_UTC
jNO2_meas, per second, photolysis rate of NO2 measured using a filter radiometer.
jBrCl, per second, photolysis rate of BrCl -> Br + Cl calculated in TUV for cloud-free sky with local AOD
jBr2, per second, photolysis rate of Br2 -> Br + Br calculated in TUV for cloud-free sky with local AOD
jCCl4, per second, photolysis rate of CCl4 -> Products calcualted in TUV for cloud-free sky with local AOD
jCH2Oa, per second, photolysis rate of CH2O -> H + HCO calculated in TUV for cloud-free sky with local AOD
jCH2Ob, per second, photolysis rate of CH2O -> H2 + CO calculated in TUV for cloud-free sky with local AOD
jClNO2, per second, photolysis rate of ClNO2 -> Cl + NO2 calculated in TUV for cloud-free sky with local AOD
jClOa, per second, photolysis rate of ClO -> Cl + O(1D) calculated in TUV for cloud-free sky with local AOD
jClOb, per second, photolysis rate of ClO -> Cl + O(3P) calculated in TUV for cloud-free sky with local AOD
jCl2, per second, photolysis rate of Cl2 -> Cl + Cl calculated in TUV for cloud-free sky with local AOD
jHNO2, per second, photolysis rate of HNO2 -> OH + NO calculated in TUV for cloud-free sky with local AOD
jHNO3, per second, photolysis rate of HNO3 -> OH + NO2 calculated in TUV for cloud-free sky with local AOD
jI2, per second, photolysis rate of I2 -> I + I calculated in TUV for cloud-free sky with local AOD
jNO2, per second, photolysis rate of NO2 -> NO + O(3P) calculated in TUV for cloud-free sky with local AOD
jNO3a, per second, photolysis rate of NO3 -> NO + O2 calculated in TUV for cloud-free sky with local AOD
jNO3b, per second, photolysis rate of NO3 -> NO2 + O(3P) calculated in TUV for cloud-free sky with local AOD
jN2O5, per second, photolysis rate of N2O5 -> NO3 + NO + O(3P) calculated in TUV for cloud-free sky with local AOD
jO3, per second, photolysis rate of O3 -> O2 + O(1D) calculated in TUV for cloud-free sky with local AOD
AOD_500nm, unitless, UTC daily mean AOD at 500 nm from an AERONET station located at 40.178 N, -112.452 E
0
18
PI_CONTACT_INFO: eleanor.waxman@noaa.gov
PLATFORM: CSL Mobile Lab, at ground site
LOCATION: Salt Lake City, UT
ASSOCIATED_DATA:
INSTRUMENT_INFO: jNO2 filter radiometer.  TUV calculations are for mobile van lat/lon/altitude assuming clear sky (cloud AOD = 0) and daily mean AOD.
DATA_INFO:
UNCERTAINTY: Data uncertainties are +/- 20%.  These come from uncertainties in radiometer angular response, radiometer thermal response, local interferences from clouds/aerosols/shadows etc.
ULOD_FLAG: -7777
ULOD_VALUE: N/A
LLOD_FLAG: -8888
LLOD_VALUE: N/A
DM_CONTACT_INFO: eleanor.waxman@noaa.gov
PROJECT_INFO: USOS Project, July - August 2024
STIPULATIONS_ON_USE: Users are strongly encouraged to contact the PI for proper data usage.
OTHER_COMMENTS: 
REVISION: R0
R0: final data
Time_Start, Time_Stop, jNO2_meas, jBrCl, jBr2, jCCl4, jCH2Oa, jCH2Ob, jClNO2, jClOa, jClOb, jCl2, jHNO2, jHNO3, jI2, jNO2, jNO3a, jNO3b, jN2O5, jO3, AOD_500nm
[from data line 860]
   51600,   51660,0.0045104,0.005994,0.02003,1.028e-25,9.206e-06,1.783e-05,0.0001807,3.698e-26,6.017e-06,0.001011,0.0006987,1.219e-07,0.07776,0.004524,0.01587,0.1228,1.482e-05,3.691e-06,0.2
   51660,   51720,0.0045446,0.006038,0.02016,1.045e-25,9.336e-06,1.803e-05,0.0001827,3.755e-26,6.146e-06,0.001021,0.0007053,1.24e-07,0.07816,0.004564,0.01595,0.1235,1.5e-05,3.771e-06,0.2
   51720,   51780,0.0045781,0.006082,0.02028,1.061e-25,9.467e-06,1.824e-05,0.0001847,3.814e-26,6.277e-06,0.001031,0.0007119,1.26e-07,0.07856,0.004603,0.01601,0.124,1.517e-05,3.852e-06,0.2
   51780,   51840,0.0046095,0.006122,0.0204,1.077e-25,9.589e-06,1.843e-05,0.0001866,3.869e-26,6.401e-06,0.001041,0.000718,1.279e-07,0.07893,0.00464,0.01608,0.1246,1.534e-05,3.93e-06,0.2
   51840,   51900,0.0046537,0.006165,0.02052,1.095e-25,9.72e-06,1.864e-05,0.0001886,3.929e-26,6.534e-06,0.00105,0.0007245,1.299e-07,0.07932,0.00468,0.01615,0.1252,1.551e-05,4.013e-06,0.2
   51900,   51960,0.0047019,0.006208,0.02064,1.113e-25,9.851e-06,1.884e-05,0.0001906,3.991e-26,6.669e-06,0.00106,0.0007309,1.32e-07,0.07971,0.004719,0.01621,0.1258,1.568e-05,4.097e-06,0.2
   51960,   52020,0.004737,0.006248,0.02075,1.13e-25,9.975e-06,1.904e-05,0.0001925,4.05e-26,6.798e-06,0.001069,0.000737,1.34e-07,0.08007,0.004755,0.01628,0.1263,1.585e-05,4.177e-06,0.2
   52020,   52080,0.0047618,0.00629,0.02087,1.148e-25,1.011e-05,1.924e-05,0.0001945,4.114e-26,6.936e-06,0.001079,0.0007434,1.36e-07,0.08045,0.004794,0.01634,0.1269,1.602e-05,4.264e-06,0.2
   52080,   52140,0.0047945,0.006332,0.02098,1.167e-25,1.024e-05,1.944e-05,0.0001964,4.179e-26,7.075e-06,0.001089,0.0007498,1.381e-07,0.08082,0.004832,0.01641,0.1274,1.62e-05,4.351e-06,0.2
   52140,   52200,0.0048266,0.006371,0.02109,1.185e-25,1.036e-05,1.964e-05,0.0001983,4.241e-26,7.208e-06,0.001098,0.0007558,1.401e-07,0.08117,0.004868,0.01647,0.1279,1.636e-05,4.434e-06,0.2
   52200,   52260,0.0048714,0.006412,0.02121,1.204e-25,1.05e-05,1.984e-05,0.0002003,4.309e-26,7.35e-06,0.001108,0.0007621,1.422e-07,0.08153,0.004906,0.01653,0.1285,1.654e-05,4.523e-06,0.2
   52260,   52320,0.0048992,0.006453,0.02132,1.224e-25,1.063e-05,2.005e-05,0.0002023,4.378e-26,7.494e-06,0.001117,0.0007684,1.444e-07,0.0819,0.004944,0.01659,0.129,1.671e-05,4.614e-06,0.2
   52320,   52380,0.0049343,0.006491,0.02143,1.243e-25,1.075e-05,2.024e-05,0.0002041,4.444e-26,7.631e-06,0.001126,0.0007743,1.464e-07,0.08223,0.00498,0.01665,0.1295,1.687e-05,4.7e-06,0.2
   52380,   52440,0.0049693,0.006532,0.02154,1.264e-25,1.089e-05,2.044e-05,0.0002061,4.516e-26,7.778e-06,0.001136,0.0007805,1.485e-07,0.08259,0.005017,0.01671,0.1301,1.705e-05,4.792e-06,0.2
   52440,   52500,0.0049939,0.006572,0.02165,1.285e-25,1.102e-05,2.064e-05,0.0002081,4.589e-26,7.926e-06,0.001145,0.0007868,1.507e-07,0.08294,0.005054,0.01678,0.1306,1.722e-05,4.885e-06,0.2
   52500,   52560,0.0050249,0.006609,0.02175,1.306e-25,1.114e-05,2.083e-05,0.0002099,4.659e-26,8.066e-06,0.001154,0.0007926,1.527e-07,0.08327,0.005089,0.01683,0.1311,1.738e-05,4.974e-06,0.2
   52560,   52620,0.005053,0.006649,0.02186,1.328e-25,1.128e-05,2.104e-05,0.0002119,4.735e-26,8.217e-06,0.001164,0.0007987,1.549e-07,0.08361,0.005126,0.01689,0.1316,1.756e-05,5.069e-06,0.2
   52620,   52680,0.0050872,0.006688,0.02197,1.35e-25,1.141e-05,2.124e-05,0.0002138,4.813e-26,8.37e-06,0.001173,0.0008048,1.571e-07,0.08395,0.005163,0.01695,0.1321,1.773e-05,5.165e-06,0.2
   52680,   52740,0.0051194,0.006724,0.02207,1.372e-25,1.154e-05,2.143e-05,0.0002157,4.888e-26,8.515e-06,0.001182,0.0008106,1.592e-07,0.08427,0.005197,0.01701,0.1326,1.789e-05,5.257e-06,0.2
   52740,   52800,0.0051503,0.006763,0.02218,1.395e-25,1.167e-05,2.163e-05,0.0002176,4.969e-26,8.67e-06,0.001191,0.0008166,1.614e-07,0.0846,0.005233,0.01706,0.1331,1.807e-05,5.355e-06,0.2
   52800,   52860,0.005185,0.006801,0.02228,1.419e-25,1.181e-05,2.183e-05,0.0002195,5.052e-26,8.826e-06,0.001201,0.0008227,1.636e-07,0.08493,0.005269,0.01712,0.1336,1.824e-05,5.454e-06,0.2
   52860,   52920,0.0052197,0.006837,0.02238,1.442e-25,1.193e-05,2.202e-05,0.0002214,5.132e-26,8.975e-06,0.001209,0.0008283,1.657e-07,0.08524,0.005303,0.01717,0.134,1.84e-05,5.548e-06,0.2
   52920,   52980,0.0052499,0.006875,0.02248,1.468e-25,1.207e-05,2.222e-05,0.0002233,5.219e-26,9.134e-06,0.001219,0.0008343,1.679e-07,0.08556,0.005338,0.01723,0.1345,1.857e-05,5.649e-06,0.2
   52980,   53040,0.0052912,0.006912,0.02259,1.493e-25,1.22e-05,2.242e-05,0.0002252,5.307e-26,9.295e-06,0.001228,0.0008402,1.702e-07,0.08588,0.005374,0.01728,0.135,1.875e-05,5.751e-06,0.2
   53040,   53100,0.0053377,0.006947,0.02268,1.518e-25,1.233e-05,2.26e-05,0.000227,5.392e-26,9.447e-06,0.001236,0.0008458,1.723e-07,0.08618,0.005407,0.01733,0.1354,1.891e-05,5.848e-06,0.2
   53100,   53160,0.0053543,0.006984,0.02278,1.545e-25,1.246e-05,2.28e-05,0.0002289,5.485e-26,9.61e-06,0.001245,0.0008516,1.746e-07,0.0865,0.005442,0.01739,0.1359,1.908e-05,5.952e-06,0.2
   53160,   53220,0.005386,0.007021,0.02288,1.572e-25,1.26e-05,2.3e-05,0.0002308,5.58e-26,9.774e-06,0.001254,0.0008575,1.768e-07,0.08681,0.005476,0.01744,0.1364,1.925e-05,6.056e-06,0.2
   53220,   53280,0.0054244,0.007055,0.02298,1.599e-25,1.272e-05,2.318e-05,0.0002326,5.671e-26,9.931e-06,0.001263,0.000863,1.79e-07,0.0871,0.005509,0.01749,0.1368,1.941e-05,6.156e-06,0.2
   53280,   53340,0.0054481,0.007091,0.02307,1.627e-25,1.286e-05,2.338e-05,0.0002345,5.77e-26,1.01e-05,0.001272,0.0008687,1.813e-07,0.0874,0.005543,0.01754,0.1372,1.958e-05,6.262e-06,0.2
   53340,   53400,0.0054788,0.007127,0.02317,1.657e-25,1.299e-05,2.358e-05,0.0002364,5.871e-26,1.027e-05,0.001281,0.0008745,1.836e-07,0.0877,0.005577,0.01759,0.1377,1.975e-05,6.37e-06,0.2
   53400,   53460,0.0055053,0.00716,0.02326,1.685e-25,1.312e-05,2.376e-05,0.0002382,5.969e-26,1.043e-05,0.001289,0.0008799,1.857e-07,0.08798,0.005609,0.01764,0.1381,1.991e-05,6.472e-06,0.2
   53460,   53520,0.0055359,0.007195,0.02336,1.716e-25,1.325e-05,2.396e-05,0.0002401,6.075e-26,1.06e-05,0.001298,0.0008856,1.88e-07,0.08828,0.005643,0.01769,0.1385,2.008e-05,6.581e-06,0.2
   53520,   53580,0.0055784,0.00723,0.02345,1.748e-25,1.339e-05,2.415e-05,0.000242,6.184e-26,1.077e-05,0.001307,0.0008912,1.903e-07,0.08857,0.005676,0.01774,0.139,2.025e-05,6.691e-06,0.2
   53580,   53640,0.0056117,0.007263,0.02354,1.778e-25,1.351e-05,2.433e-05,0.0002437,6.289e-26,1.093e-05,0.001315,0.0008965,1.925e-07,0.08884,0.005708,0.01779,0.1394,2.041e-05,6.795e-06,0.2
   53640,   53700,0.0056454,0.007297,0.02363,1.811e-25,1.365e-05,2.453e-05,0.0002456,6.403e-26,1.111e-05,0.001324,0.0009021,1.949e-07,0.08913,0.005741,0.01784,0.1398,2.058e-05,6.907e-06,0.2
   53700,   53760,0.0056895,0.007332,0.02372,1.845e-25,1.378e-05,2.472e-05,0.0002475,6.52e-26,1.128e-05,0.001333,0.0009077,1.972e-07,0.08941,0.005774,0.01788,0.1402,2.075e-05,7.019e-06,0.2
   53760,   53820,0.0057282,0.007363,0.02381,1.878e-25,1.391e-05,2.49e-05,0.0002492,6.633e-26,1.145e-05,0.001341,0.0009129,1.994e-07,0.08967,0.005804,0.01793,0.1406,2.09e-05,7.126e-06,0.2
   53820,   53880,0.0057595,0.007397,0.0239,1.914e-25,1.404e-05,2.509e-05,0.000251,6.756e-26,1.163e-05,0.001349,0.0009184,2.017e-07,0.08995,0.005837,0.01798,0.141,2.107e-05,7.241e-06,0.2
   53880,   53940,0.0057838,0.00743,0.02399,1.95e-25,1.418e-05,2.528e-05,0.0002529,6.882e-26,1.18e-05,0.001358,0.0009238,2.041e-07,0.09023,0.005869,0.01802,0.1414,2.124e-05,7.355e-06,0.2
   53940,   54000,0.005808,0.007462,0.02407,1.986e-25,1.43e-05,2.546e-05,0.0002546,7.004e-26,1.197e-05,0.001366,0.0009289,2.063e-07,0.09048,0.005899,0.01807,0.1418,2.139e-05,7.465e-06,0.2
   54000,   54060,0.0058463,0.007494,0.02416,2.024e-25,1.444e-05,2.565e-05,0.0002564,7.137e-26,1.216e-05,0.001374,0.0009343,2.087e-07,0.09075,0.005931,0.01811,0.1422,2.156e-05,7.581e-06,0.2
   54060,   54120,0.0058675,0.007527,0.02425,2.064e-25,1.457e-05,2.584e-05,0.0002583,7.273e-26,1.234e-05,0.001383,0.0009397,2.11e-07,0.09102,0.005963,0.01816,0.1426,2.173e-05,7.699e-06,0.2
   54120,   54180,0.0058708,0.007558,0.02433,2.102e-25,1.469e-05,2.602e-05,0.00026,7.405e-26,1.251e-05,0.001391,0.0009447,2.133e-07,0.09126,0.005992,0.0182,0.143,2.188e-05,7.81e-06,0.2
   54180,   54240,0.0058931,0.00759,0.02441,2.144e-25,1.483e-05,2.62e-05,0.0002618,7.548e-26,1.27e-05,0.001399,0.00095,2.156e-07,0.09152,0.006023,0.01824,0.1434,2.205e-05,7.929e-06,0.2
   54240,   54300,0.0059621,0.007621,0.0245,2.186e-25,1.496e-05,2.639e-05,0.0002636,7.696e-26,1.288e-05,0.001407,0.0009553,2.18e-07,0.09178,0.006055,0.01829,0.1437,2.221e-05,8.049e-06,0.2
   54300,   54360,0.0061203,0.007651,0.02458,2.228e-25,1.509e-05,2.657e-05,0.0002653,7.838e-26,1.306e-05,0.001415,0.0009602,2.202e-07,0.09202,0.006084,0.01833,0.1441,2.237e-05,8.163e-06,0.2
   54360,   54420,0.0060009,0.007682,0.02466,2.273e-25,1.522e-05,2.675e-05,0.0002671,7.994e-26,1.324e-05,0.001424,0.0009654,2.226e-07,0.09228,0.006114,0.01837,0.1445,2.253e-05,8.284e-06,0.2
   54420,   54480,0.006017,0.007714,0.02474,2.319e-25,1.535e-05,2.694e-05,0.0002688,8.154e-26,1.343e-05,0.001432,0.0009706,2.25e-07,0.09253,0.006145,0.01841,0.1448,2.269e-05,8.406e-06,0.2
   54480,   54540,0.0060493,0.007743,0.02482,2.364e-25,1.548e-05,2.711e-05,0.0002705,8.309e-26,1.361e-05,0.001439,0.0009755,2.273e-07,0.09276,0.006173,0.01845,0.1452,2.285e-05,8.522e-06,0.2
   54540,   54600,0.0061006,0.007773,0.0249,2.413e-25,1.561e-05,2.729e-05,0.0002723,8.478e-26,1.38e-05,0.001447,0.0009806,2.297e-07,0.093,0.006203,0.01849,0.1455,2.301e-05,8.645e-06,0.2
   54600,   54660,0.0061264,0.007803,0.02498,2.463e-25,1.574e-05,2.747e-05,0.000274,8.652e-26,1.399e-05,0.001456,0.0009857,2.321e-07,0.09325,0.006233,0.01853,0.1459,2.317e-05,8.769e-06,0.2
   54660,   54720,0.0061403,0.007832,0.02505,2.512e-25,1.586e-05,2.765e-05,0.0002757,8.821e-26,1.418e-05,0.001463,0.0009904,2.343e-07,0.09347,0.006261,0.01857,0.1462,2.332e-05,8.887e-06,0.2
   54720,   54780,0.0061464,0.007862,0.02513,2.565e-25,1.6e-05,2.783e-05,0.0002774,9.005e-26,1.437e-05,0.001471,0.0009954,2.368e-07,0.09371,0.00629,0.01861,0.1466,2.348e-05,9.013e-06,0.2
   54780,   54840,0.0061899,0.007891,0.02521,2.62e-25,1.613e-05,2.801e-05,0.0002792,9.195e-26,1.456e-05,0.001479,0.001,2.392e-07,0.09395,0.006319,0.01865,0.1469,2.364e-05,9.139e-06,0.2
   54840,   54900,0.0062272,0.007919,0.02528,2.673e-25,1.625e-05,2.818e-05,0.0002808,9.379e-26,1.475e-05,0.001486,0.001005,2.414e-07,0.09416,0.006347,0.01869,0.1473,2.379e-05,9.259e-06,0.2
   54900,   54960,0.0062588,0.007948,0.02536,2.73e-25,1.638e-05,2.836e-05,0.0002825,9.579e-26,1.494e-05,0.001494,0.00101,2.439e-07,0.09439,0.006375,0.01873,0.1476,2.395e-05,9.386e-06,0.2
   54960,   55020,0.0062625,0.007977,0.02543,2.79e-25,1.651e-05,2.853e-05,0.0002842,9.787e-26,1.514e-05,0.001502,0.001015,2.463e-07,0.09462,0.006404,0.01876,0.1479,2.411e-05,9.515e-06,0.2
   55020,   55080,0.0062772,0.008004,0.0255,2.848e-25,1.664e-05,2.87e-05,0.0002859,9.989e-26,1.533e-05,0.001509,0.001019,2.486e-07,0.09484,0.006431,0.0188,0.1482,2.426e-05,9.636e-06,0.2
   55080,   55140,0.0063526,0.008032,0.02558,2.911e-25,1.677e-05,2.888e-05,0.0002876,1.021e-25,1.553e-05,0.001517,0.001024,2.51e-07,0.09506,0.006459,0.01884,0.1486,2.442e-05,9.766e-06,0.2
   55140,   55200,0.0063869,0.008061,0.02565,2.977e-25,1.69e-05,2.905e-05,0.0002893,1.044e-25,1.573e-05,0.001525,0.001029,2.534e-07,0.09528,0.006487,0.01887,0.1489,2.458e-05,9.896e-06,0.2
   55200,   55260,0.0064047,0.008087,0.02572,3.04e-25,1.702e-05,2.922e-05,0.0002908,1.066e-25,1.591e-05,0.001532,0.001034,2.557e-07,0.09549,0.006513,0.01891,0.1492,2.472e-05,1.002e-05,0.2
   55260,   55320,0.0064193,0.008115,0.02579,3.11e-25,1.715e-05,2.939e-05,0.0002925,1.09e-25,1.612e-05,0.001539,0.001038,2.581e-07,0.0957,0.006541,0.01894,0.1495,2.488e-05,1.015e-05,0.2
   55320,   55380,0.0064388,0.008142,0.02586,3.181e-25,1.728e-05,2.957e-05,0.0002942,1.115e-25,1.632e-05,0.001547,0.001043,2.605e-07,0.09592,0.006568,0.01898,0.1498,2.504e-05,1.028e-05,0.2
   55380,   55440,0.0064506,0.008168,0.02593,3.251e-25,1.74e-05,2.973e-05,0.0002958,1.139e-25,1.651e-05,0.001554,0.001047,2.628e-07,0.09612,0.006594,0.01901,0.1501,2.518e-05,1.041e-05,0.2
   55440,   55500,0.0064854,0.008195,0.026,3.327e-25,1.753e-05,2.99e-05,0.0002974,1.166e-25,1.671e-05,0.001561,0.001052,2.653e-07,0.09633,0.006621,0.01905,0.1504,2.534e-05,1.054e-05,0.2
   55500,   55560,0.0065291,0.008222,0.02607,3.406e-25,1.765e-05,3.007e-05,0.0002991,1.193e-25,1.692e-05,0.001569,0.001057,2.677e-07,0.09653,0.006648,0.01908,0.1507,2.549e-05,1.067e-05,0.2
   55560,   55620,0.0065673,0.008247,0.02614,3.482e-25,1.777e-05,3.023e-05,0.0003006,1.22e-25,1.711e-05,0.001576,0.001061,2.7e-07,0.09673,0.006673,0.01911,0.151,2.564e-05,1.08e-05,0.2
   55620,   55680,0.0066085,0.008273,0.0262,3.566e-25,1.79e-05,3.04e-05,0.0003023,1.25e-25,1.732e-05,0.001583,0.001066,2.724e-07,0.09693,0.006699,0.01915,0.1513,2.579e-05,1.094e-05,0.2
   55680,   55740,0.0066507,0.008299,0.02627,3.652e-25,1.803e-05,3.057e-05,0.0003039,1.28e-25,1.752e-05,0.00159,0.00107,2.748e-07,0.09713,0.006726,0.01918,0.1516,2.594e-05,1.107e-05,0.2
   55740,   55800,0.0066732,0.008324,0.02633,3.736e-25,1.815e-05,3.073e-05,0.0003054,1.31e-25,1.772e-05,0.001597,0.001074,2.771e-07,0.09732,0.00675,0.01921,0.1519,2.609e-05,1.12e-05,0.2
   55800,   55860,0.0067036,0.00835,0.0264,3.829e-25,1.828e-05,3.09e-05,0.000307,1.342e-25,1.793e-05,0.001604,0.001079,2.796e-07,0.09751,0.006776,0.01925,0.1522,2.624e-05,1.134e-05,0.2
   55860,   55920,0.0067326,0.008375,0.02647,3.924e-25,1.84e-05,3.106e-05,0.0003086,1.376e-25,1.813e-05,0.001612,0.001083,2.82e-07,0.09771,0.006802,0.01928,0.1525,2.639e-05,1.147e-05,0.2
   55920,   55980,0.006765,0.008399,0.02653,4.016e-25,1.852e-05,3.122e-05,0.0003101,1.409e-25,1.833e-05,0.001618,0.001087,2.843e-07,0.09789,0.006826,0.01931,0.1527,2.653e-05,1.16e-05,0.2
   55980,   56040,0.0067979,0.008424,0.02659,4.118e-25,1.865e-05,3.138e-05,0.0003117,1.445e-25,1.854e-05,0.001625,0.001092,2.867e-07,0.09808,0.006851,0.01934,0.153,2.668e-05,1.174e-05,0.2
   56040,   56100,0.0068356,0.008449,0.02666,4.224e-25,1.877e-05,3.155e-05,0.0003133,1.482e-25,1.875e-05,0.001632,0.001096,2.892e-07,0.09827,0.006877,0.01937,0.1533,2.683e-05,1.188e-05,0.2
   56100,   56160,0.0068453,0.008472,0.02671,4.326e-25,1.889e-05,3.17e-05,0.0003148,1.519e-25,1.895e-05,0.001639,0.0011,2.915e-07,0.09845,0.0069,0.0194,0.1536,2.697e-05,1.201e-05,0.2
   56160,   56220,0.0068697,0.008497,0.02678,4.439e-25,1.901e-05,3.186e-05,0.0003164,1.559e-25,1.916e-05,0.001646,0.001104,2.939e-07,0.09863,0.006925,0.01943,0.1538,2.711e-05,1.215e-05,0.2
   56220,   56280,0.0068904,0.008521,0.02684,4.555e-25,1.914e-05,3.202e-05,0.0003179,1.6e-25,1.937e-05,0.001653,0.001109,2.963e-07,0.09881,0.00695,0.01946,0.1541,2.726e-05,1.229e-05,0.2
   56280,   56340,0.0069001,0.008544,0.0269,4.669e-25,1.925e-05,3.218e-05,0.0003194,1.641e-25,1.957e-05,0.001659,0.001113,2.986e-07,0.09898,0.006973,0.01949,0.1543,2.74e-05,1.242e-05,0.2
   56340,   56400,0.0069207,0.008567,0.02696,4.794e-25,1.938e-05,3.234e-05,0.0003209,1.686e-25,1.978e-05,0.001666,0.001117,3.01e-07,0.09916,0.006997,0.01952,0.1546,2.755e-05,1.256e-05,0.2
   56400,   56460,0.0069418,0.008591,0.02702,4.923e-25,1.95e-05,3.249e-05,0.0003225,1.732e-25,2e-05,0.001673,0.001121,3.034e-07,0.09934,0.007021,0.01955,0.1549,2.769e-05,1.27e-05,0.2
   56460,   56520,0.0069658,0.008613,0.02707,5.05e-25,1.961e-05,3.264e-05,0.0003239,1.778e-25,2.02e-05,0.001679,0.001125,3.057e-07,0.09951,0.007043,0.01957,0.1551,2.783e-05,1.283e-05,0.2
   56520,   56580,0.0069811,0.008636,0.02713,5.188e-25,1.974e-05,3.28e-05,0.0003254,1.828e-25,2.041e-05,0.001686,0.001129,3.082e-07,0.09968,0.007067,0.0196,0.1554,2.797e-05,1.297e-05,0.2
   56580,   56640,0.0070117,0.008659,0.02719,5.332e-25,1.986e-05,3.296e-05,0.0003269,1.88e-25,2.063e-05,0.001692,0.001133,3.106e-07,0.09985,0.007091,0.01963,0.1556,2.812e-05,1.312e-05,0.2
