CampaignData_and_Merges/R0/CSL_MobileLab_Parked/raw/20240716/USOS-PTR_MobileLabGround_20240716_R0.ict
58, 1001
Matthew Coggon, Kelvin Bates, Chelsea Stockwell, Carsten Warneke
NOAA ESRL Chemical Sciences Division
NOAA PTR-ToF-MS
USOS
1,1 
2024, 07, 16, 2025, 09, 19
0
Time_Start, seconds, number of seconds from 00:00 UTC 
22
1, 1, 1, 1, 1, 1, 1, 1, 1, 1, 1, 1, 1, 1, 1, 1, 1, 1, 1, 1, 1, 1
-9999, -9999, -9999, -9999, -9999, -9999, -9999, -9999, -9999, -9999, -9999, -9999, -9999, -9999, -9999, -9999, -9999, -9999, -9999, -9999, -9999, -9999
CH3OH_NOAAPTR_ppbv,  ppbv, Gas_CH3OH_InSitu_S_AVMR, (CH3OH) methanol
CH3CN_NOAAPTR_ppbv,  ppbv, Gas_CH3CN_InSitu_S_AVMR, (CH3CN) acetonitrile
CH3CHO_NOAAPTR_ppbv,  ppbv, Gas_CH3CHO_InSitu_S_AVMR, (CH3CHO) acetaldehyde plus contributions from ethylene glycol and ethylene oxide. Interference from ethanol has been subtracted out.
C2H5OH_NOAAPTR_ppbv,  ppbv, Gas_C2H5OH_InSitu_S_AVMR, (C2H5OH) ethanol
CH3SH_NOAAPTR_ppbv,  ppbv, Gas_CH3SH_InSitu_S_AVMR, (CH3SH) methanethiol, using calibration factor for DMS
Acrolein_NOAAPTR_ppbv,  ppbv, Gas_Acrolein_InSitu_S_AVMR, (C3H4O) acrolein
AcetonePropanal_NOAAPTR_ppbv,  ppbv, Gas_AcetoneAndPropanal_InSitu_S_AVMR, (C3H6O) sum of acetone (dominant isomer) and propanal, using calibration factor for acetone
DMS_NOAAPTR_ppbv,  ppbv, Gas_DMS_InSitu_S_AVMR, (C2H6S) dimethyl sulfide with possible small contributions from ethanethiol
C5H8_NOAAPTR_ppbv,  ppbv, Gas_Isoprene_InSitu_S_AVMR, (C5H8) isoprene and possible fragments from cycloalkanes and aldehydes. Interferences have been subtracted following methods described by Coggon et al (2023)
MVKMAC_NOAAPTR_ppbv,  ppbv, Gas_MVKAndMAC_InSitu_S_AVMR, (C4H6O) sum of methyl vinyl ketone, methacrolein, and small amounts of crotonaldehyde, using weighted calibration factor for MVK (0.637) and MACR (0.363)
Benzene_NOAAPTR_ppbv,  ppbv, Gas_Benzene_InSitu_S_AVMR, (C6H6) benzene
Toluene_NOAAPTR_ppbv,  ppbv, Gas_Toluene_InSitu_S_AVMR, (C7H8) toluene with possible small contributions of fragments from ethyltoluene
Styrene_NOAAPTR_ppbv,  ppbv, Gas_Styrene_InSitu_S_AVMR, (C8H8) styrene
Benzaldehyde_NOAAPTR_ppbv,  ppbv, Gas_Benzaldehyde_InSitu_S_AVMR, (C7H6O) benzaldehyde
C8Aromatics_NOAAPTR_ppbv,  ppbv, Gas_C8Aromatics_InSitu_M_AVMR, (C8H10) sum of m-xylene, p-xylene, o-xylene, and ethyl benzene
C9Aromatics_NOAAPTR_ppbv,  ppbv, Gas_C9Aromatics_InSitu_M_AVMR, (C9H12) sum of C9 aromatics
Naphthalene_NOAAPTR_ppbv,  ppbv, Gas_Naphthalene_InSitu_S_AVMR, (C10H8) naphthalene
Octanal_NOAAPTR_ppbv,  ppbv, Gas_Octanal_InSitu_S_AVMR, (C8H16O) octanal and small amounts of octanone
Monoterpenes_NOAAPTR_ppbv,  ppbv, Gas_Monoterpenes_InSitu_M_AVMR, (C10H16) sum of monoterpenes and possible contributions from fragments of oxygenated monoterpenoids such as eucalyptol.
Nonanal_NOAAPTR_ppbv,  ppbv, Gas_Nonanal_InSitu_M_AVMR, (C9H18O) nonanal and small amounts of nonanone
C7H4ClF3_NOAAPTR_ppbv,  ppbv, Gas_C7H4ClF3_InSitu_S_AVMR, (C7H4ClF3) parachlorobenzotrifluoride
C10H30O5Si5_NOAAPTR_ppbv,  ppbv, Gas_C10H30O5Si5_InSitu_S_AVMR, (C10H30O5Si5) decamethylcyclopentasiloxane
1
SPECIAL COMMENTS:N/A
21
PI_CONTACT_INFO: NOAA ESRL Chemical Sciences Division, Tropospheric Chemistry Group. 325 Broadway, R/CSD7, Boulder, CO 80305
PLATFORM: Mobile Laboratory.
LOCATION: Salt Lake City, UT
ASSOCIATED_DATA: N/A
INSTRUMENT_INFO: NOAA PTR-ToF-MS measurements on NOAA CSL Mobile Lab
DATA_INFO: Units: ppbv
UNCERTAINTY: See OTHER_COMMENTS
ULOD_FLAG: -7777
ULOD_VALUE: N/A
LLOD_FLAG: -8888
LLOD_VALUE: N/A.
DM_CONTACT_INFO: Data Managers: Matt Coggon, Kelvin Bates, Chelsea Stockwell; email: matthew.m.coggon@noaa.gov and kelvin.bates@colorado.edu
PROJECT_INFO: USOS Deployment July-August, 2024
STIPULATIONS_ON_USE: Use of these data require prior OK from PI.
OTHER_COMMENTS: Uncertainties:
CH3OH_NOAAPTR_ppbv:30%; CH3CN_NOAAPTR_ppbv:30%; CH3CHO_NOAAPTR_ppbv:30%; C2H5OH_NOAAPTR_ppbv:30%; CH3SH_NOAAPTR_ppbv:50%; Acrolein_NOAAPTR_ppbv:30%; AcetonePropanal_NOAAPTR_ppbv:30%; DMS_NOAAPTR_ppbv:30%; C5H8_NOAAPTR_ppbv:30%; MVKMAC_NOAAPTR_ppbv:30%; 
Benzene_NOAAPTR_ppbv:30%; Toluene_NOAAPTR_ppbv:30%; Styrene_NOAAPTR_ppbv:30%; Benzaldehyde_NOAAPTR_ppbv:30%; C8Aromatics_NOAAPTR_ppbv:30%; C9Aromatics_NOAAPTR_ppbv:30%; Naphthalene_NOAAPTR_ppbv:30%; Octanal_NOAAPTR_ppbv:30%; Monoterpenes_NOAAPTR_ppbv:30%; Nonanal_NOAAPTR_ppbv:30%; 
C7H4ClF3_NOAAPTR_ppbv:30%; C10H30O5Si5_NOAAPTR_ppbv:30%; 
REVISION: R0
R0: Calibrated PTR Data. See individual species comments for details about measurement uncertainties
Time_Start, CH3OH_NOAAPTR_ppbv, CH3CN_NOAAPTR_ppbv, CH3CHO_NOAAPTR_ppbv, C2H5OH_NOAAPTR_ppbv, CH3SH_NOAAPTR_ppbv, Acrolein_NOAAPTR_ppbv, AcetonePropanal_NOAAPTR_ppbv, DMS_NOAAPTR_ppbv, C5H8_NOAAPTR_ppbv, MVKMAC_NOAAPTR_ppbv, Benzene_NOAAPTR_ppbv, Toluene_NOAAPTR_ppbv, Styrene_NOAAPTR_ppbv, Benzaldehyde_NOAAPTR_ppbv, C8Aromatics_NOAAPTR_ppbv, C9Aromatics_NOAAPTR_ppbv, Naphthalene_NOAAPTR_ppbv, Octanal_NOAAPTR_ppbv, Monoterpenes_NOAAPTR_ppbv, Nonanal_NOAAPTR_ppbv, C7H4ClF3_NOAAPTR_ppbv, C10H30O5Si5_NOAAPTR_ppbv
[from data line 665]
39900.0, 10.20119, 0.28895, 1.90301, 4.22381, -0.00032, 0.27142, 4.85351, 0.00271, 0.05785, 0.23974, 0.19029, 0.29887, 0.03769, 0.05664, 0.18488, 0.12911, 0.02647, 0.07680, 0.11130, 0.06403, 0.01157, 0.00712 
39960.0, 11.04636, 0.29042, 2.11282, 4.47003, 0.00117, 0.22715, 5.00150, 0.00765, 0.08243, 0.22498, 0.25735, 0.30102, 0.03395, 0.07634, 0.17083, 0.10644, 0.03314, 0.06058, 0.09638, 0.09670, 0.00888, 0.00485 
40020.0, 10.53257, 0.26835, 2.10722, 4.15551, 0.00193, 0.26331, 4.90954, -0.00217, 0.10409, 0.20457, 0.97261, 0.31174, 0.03487, 0.48513, 0.21484, 0.12668, 0.00710, 0.10395, 0.08739, 0.07587, 0.00621, 0.00279 
40080.0, 9.66365, 0.30966, 2.06854, 3.92954, 0.00167, 0.27627, 5.03828, 0.00937, 0.14096, 0.23279, 0.28838, 0.31930, 0.04995, 0.14643, 0.20322, 0.13888, 0.02213, 0.08327, 0.09955, 0.05390, 0.01161, 0.00312 
40140.0, 10.23934, 0.30508, 2.19110, 4.22968, 0.00134, 0.25315, 5.21353, -0.00310, 0.15197, 0.24066, 0.30066, 0.31589, 0.03189, 0.13721, 0.19348, 0.12096, 0.01620, 0.07726, 0.11906, 0.08862, 0.00581, 0.00360 
40200.0, 10.48706, 0.30966, 2.16276, 4.30480, 0.00254, 0.25927, 4.96944, -0.00324, 0.11221, 0.22472, 0.25300, 0.33361, 0.03316, 0.08075, 0.19695, 0.11989, 0.02479, 0.08432, 0.10774, 0.07072, 0.00336, 0.00481 
40260.0, 11.20887, 0.31914, 2.10686, 3.77242, 0.00099, 0.25354, 4.96279, -0.00384, 0.11592, 0.23440, 0.19572, 0.32648, 0.03209, 0.07234, 0.20227, 0.13656, 0.01367, 0.08322, 0.10239, 0.07369, 0.00637, 0.00492 
40320.0, 11.54356, 0.32734, 2.06695, 3.63651, 0.00145, 0.21739, 4.93558, -0.00367, 0.10140, 0.22913, 0.17103, 0.30248, 0.03310, 0.07965, 0.19746, 0.10750, 0.01079, 0.07194, 0.09839, 0.05719, 0.00706, 0.00596 
40380.0, 10.59080, 0.30166, 1.83330, 3.60087, 0.00856, 0.22794, 4.88124, 0.00876, 0.09390, 0.22786, 0.14926, 0.28196, 0.03106, 0.04519, 0.16919, 0.09792, 0.01594, 0.05390, 0.08979, 0.04656, 0.00288, 0.00169 
40440.0, 10.34111, 0.35864, 2.00473, 3.68776, 0.00236, 0.24879, 4.95927, -0.00387, 0.09517, 0.23350, 0.19505, 0.28356, 0.03057, 0.07157, 0.19699, 0.09848, 0.00163, 0.06920, 0.09011, 0.05771, 0.00382, 0.00722 
40500.0, 11.53596, 0.33515, 2.08649, 3.79543, 0.00286, 0.25069, 4.98073, -0.00388, 0.12381, 0.21604, 0.15785, 0.32110, -0.00522, 0.07446, 0.19095, 0.10819, 0.00026, 0.06821, 0.09568, 0.06965, 0.00624, 0.00140 
40560.0, 10.56648, 0.34621, 2.09566, 3.65126, 0.00618, 0.21547, 4.86861, 0.00262, 0.09614, 0.22171, 0.12489, 0.27414, 0.02692, 0.05038, 0.19701, 0.09310, 0.00419, 0.06467, 0.09580, 0.05171, 0.01034, 0.00291 
40620.0, 10.82465, 0.33135, 2.16241, 3.97687, 0.00422, 0.22774, 4.88680, 0.00838, 0.10340, 0.21989, 0.21696, 0.28207, 0.02553, 0.06309, 0.19447, 0.09095, -0.00243, 0.07031, 0.08030, 0.05632, 0.00626, 0.00396 
40680.0, 10.42447, 0.33658, 1.97410, 3.34454, 0.00370, 0.22501, 4.84498, -0.00356, 0.12032, 0.24212, 0.17245, 0.26978, 0.03931, 0.05339, 0.17266, 0.08024, -0.00442, 0.05787, 0.09647, 0.06214, 0.00680, 0.00193 
40740.0, 11.71210, 0.35085, 2.13601, 7.13158, 0.00063, 0.26860, 5.00097, 0.00873, 0.10978, 0.24385, 0.39492, 0.91900, 0.05695, 0.06339, 0.59933, 0.24953, 0.00360, 0.06985, 0.07528, 0.07485, 0.00671, 0.00524 
40800.0, 11.73123, 0.34123, 2.19184, 3.80620, 0.00146, 0.26235, 4.94534, 0.02967, 0.13979, 0.23259, 0.66168, 0.33683, 0.04258, 0.36190, 0.21904, 0.09373, -0.00675, 0.06671, 0.09327, 0.06744, 0.00587, 0.00298 
40860.0, 10.20533, 0.31768, 2.08141, 3.15902, 0.00330, 0.23007, 4.92999, -0.00394, 0.09232, 0.23131, 0.18875, 0.30071, 0.03172, 0.08990, 0.19967, 0.09888, 0.02364, 0.03946, 0.07817, 0.05504, 0.00846, 0.00290 
40920.0, 10.36970, 0.35167, 1.93813, 3.20915, 0.00136, 0.19886, 4.82220, 0.00718, 0.14777, 0.22096, 0.16497, 0.29561, 0.04364, 0.05048, 0.21311, 0.10732, 0.01613, 0.06228, 0.07601, 0.07454, 0.00599, 0.00315 
40980.0, 9.84577, 0.35313, 1.99369, 3.16426, 0.00350, 0.24395, 4.91296, -0.00396, 0.10145, 0.21392, 0.18991, 0.26777, 0.04638, 0.06240, 0.19203, 0.10751, 0.00937, 0.03394, 0.08046, 0.05931, 0.00476, 0.00305 
41040.0, 11.34837, 0.35859, 2.02464, 3.40814, 0.00291, 0.23648, 4.80859, -0.00397, 0.13557, 0.22626, 0.22542, 0.32448, 0.03791, 0.10486, 0.19656, 0.10401, 0.01077, 0.05228, 0.09041, 0.05312, 0.00680, 0.00534 
41100.0, 11.00165, 0.33737, 2.01993, 3.47531, 0.00193, 0.23501, 4.92217, -0.00335, 0.09855, 0.22683, 0.18270, 0.28477, 0.03264, 0.06989, 0.22874, 0.07145, 0.01512, 0.05493, 0.08797, 0.05145, 0.00792, 0.00434 
41160.0, 10.22744, 0.35551, 2.02503, 3.12829, 0.00016, 0.25453, 4.92575, 0.00524, 0.10070, 0.23039, 0.08976, 0.24375, 0.04859, 0.03583, 0.18599, 0.08920, -0.00652, 0.06161, 0.08171, 0.06853, 0.00658, 0.00415 
41220.0, 11.76737, 0.34950, 2.28628, 9.84355, 0.00589, 0.29730, 5.02071, 0.00084, 0.20164, 0.22228, 0.46258, 1.17126, 0.07066, 0.00327, 0.74648, 0.23983, 0.01265, 0.05237, 0.10121, 0.05639, 0.00476, 0.00643 
41280.0, 12.22654, 0.37591, 1.91946, 4.19332, 0.00383, 0.21492, 4.89603, 0.00493, 0.15098, 0.23489, 0.23323, 0.32703, 0.00486, 0.05191, 0.23404, 0.09636, -0.00243, 0.03952, 0.09332, 0.09105, 0.00948, 0.00741 
41340.0, 11.28626, 0.38232, 2.05265, 3.94087, 0.00383, 0.26787, 5.04015, 0.00160, 0.13712, 0.23734, 0.60573, 0.26213, -0.00524, 0.29846, 0.19720, 0.08478, -0.00464, 0.06442, 0.08970, 0.05605, 0.00605, 0.00507 
41400.0, 11.34038, 0.36291, 2.12817, 3.87933, 0.00580, 0.26266, 5.03808, 0.00170, 0.19999, 0.23754, 1.25443, 0.27369, 0.02790, 0.66666, 0.19589, 0.09502, -0.00497, 0.07198, 0.10297, 0.06560, 0.00815, 0.00632 
41460.0, 11.58379, 0.35778, 2.09469, 3.93688, 0.00276, 0.27281, 4.98953, 0.00551, 0.13723, 0.23789, 1.62374, 0.25976, 0.02197, 0.86348, 0.21094, 0.07424, 0.00922, 0.04766, 0.08734, 0.05952, 0.00848, 0.00247 
41520.0, 10.41820, 0.37415, 2.24794, 3.48815, 0.00086, 0.25287, 4.79563, 0.00206, 0.12281, 0.22716, 0.91583, 0.28393, 0.03086, 0.51934, 0.20597, 0.07219, 0.00075, 0.05456, 0.07033, 0.06603, 0.00482, 0.00216 
41580.0, 10.40157, 0.36069, 2.28260, 3.88751, 0.00502, 0.28573, 4.90080, -0.00405, 0.08650, 0.21241, 1.16416, 0.28444, 0.02736, 0.64957, 0.19490, 0.08805, 0.00022, 0.05879, 0.09071, 0.06842, 0.00153, 0.00327 
41640.0, 13.99224, 0.39151, 2.64672, 3.66149, 0.00318, 0.27180, 4.96792, 0.00303, 0.14307, 0.24752, 1.40507, 0.27504, 0.04014, 0.75631, 0.21447, 0.08625, 0.01284, 0.05206, 0.08393, 0.06220, 0.00504, 0.00691 
41700.0, 10.97133, 0.38046, 2.00534, 3.44527, 0.00318, 0.25358, 4.98854, 0.00949, 0.13217, 0.23855, 0.34928, 0.27248, 0.02343, 0.16173, 0.19272, 0.07413, 0.02345, 0.05950, 0.08219, 0.07205, 0.00165, 0.00406 
41760.0, 12.49706, 0.35078, 2.11111, 4.20069, 0.00406, 0.24256, 4.97758, 0.00340, 0.14825, 0.24078, 0.23224, 0.26808, 0.01590, 0.09065, 0.20378, 0.07653, 0.00219, 0.06374, 0.10125, 0.05333, 0.00360, 0.00487 
41820.0, 12.01367, 0.36283, 2.04648, 4.05873, 0.00394, 0.28336, 5.05698, 0.01561, 0.12221, 0.23123, 0.23492, 0.27659, 0.02363, 0.11301, 0.19412, 0.08916, -0.00301, 0.04563, 0.10520, 0.06204, 0.00438, 0.00513 
41880.0, 10.95120, 0.37829, 1.80310, 4.20160, 0.00195, 0.24920, 4.90208, -0.00410, 0.14830, 0.22808, 0.19787, 0.30346, 0.03705, 0.09210, 0.20348, 0.08912, 0.01061, 0.06706, 0.10453, 0.07217, 0.00484, 0.00824 
41940.0, 14.26133, 0.37617, 2.17633, 6.54597, 0.00058, 0.28276, 5.13463, -0.00318, 0.17662, 0.23804, 0.41833, 0.62163, 0.03650, 0.15308, 0.38844, 0.12666, 0.01436, 0.08434, 0.07469, 0.11087, 0.00797, 0.00377 
42000.0, 12.10106, 0.36085, 2.16214, 3.90742, 0.00165, 0.25518, 5.00698, 0.00138, 0.15706, 0.24526, 0.27769, 0.34481, 0.04176, 0.09595, 0.23991, 0.10987, 0.02252, 0.06791, 0.11459, 0.07594, 0.00516, 0.00252 
42060.0, 13.15442, 0.36783, 2.33100, 4.58826, 0.00210, 0.29572, 5.08931, 0.00659, 0.10915, 0.25684, 0.26020, 0.45491, 0.03437, 0.05869, 0.31964, 0.10888, 0.01009, 0.08100, 0.13311, 0.07256, 0.00523, 0.00464 
42120.0, 13.03638, 0.37438, 2.39562, 4.57515, 0.00412, 0.27137, 5.15142, 0.01183, 0.12620, 0.25246, 0.19621, 0.54389, 0.02718, 0.06764, 0.32877, 0.13444, 0.01531, 0.05870, 0.19427, 0.06145, 0.00625, 0.00621 
42180.0, 12.19974, 0.37437, 2.48672, 4.72123, -0.00014, 0.26527, 5.06580, -0.00415, 0.14244, 0.26193, 0.17756, 0.41641, 0.04181, 0.05224, 0.26913, 0.11380, 0.01038, 0.06734, 0.15448, 0.08419, 0.00581, 0.00976 
42240.0, 12.59341, 0.36049, 2.58076, 4.57400, 0.00315, 0.25314, 5.17404, 0.01045, 0.10620, 0.25175, 0.21724, 0.44076, 0.04301, 0.04451, 0.30207, 0.11815, -0.00139, 0.06308, 0.18685, 0.07519, 0.00206, 0.00364 
42300.0, 178.13786, 0.36106, 2.50468, 4.84112, 0.00245, 0.29445, 5.00016, 0.00840, 0.18149, 0.26578, 0.21908, 0.40485, 0.04454, 0.05640, 0.29961, 0.11502, 0.01327, 0.05710, 0.15320, 0.10677, 0.00968, 0.00812 
42360.0, 88.26077, 0.34285, 2.36645, 4.83441, 0.00274, 0.30556, 5.07451, 0.01099, 0.19417, 0.23484, 0.14185, 0.37981, 0.03864, 0.03897, 0.23612, 0.09984, 0.00586, 0.05951, 0.13840, 0.08638, 0.00652, 0.00346 
42420.0, 38.85561, 0.33426, 2.54107, 5.84512, 0.00362, 0.31922, 5.13088, -0.00018, 0.17921, 0.27327, 0.33364, 0.59793, 0.05921, 0.04820, 0.44142, 0.20669, 0.01173, 0.07432, 0.17993, 0.08350, 0.00802, 0.00874 
42480.0, 19.19086, 0.35537, 2.51553, 5.22925, 0.00429, 0.27385, 5.09530, 0.01077, 0.10912, 0.24583, 0.23353, 0.42610, 0.04231, 0.06409, 0.29535, 0.11640, 0.00738, 0.05716, 0.14546, 0.07800, 0.00310, 0.00653 
42540.0, 13.75102, 0.32425, 2.18456, 4.23144, 0.00581, 0.28466, 5.00421, 0.00886, 0.10223, 0.23707, 0.11378, 0.28347, 0.03348, 0.03669, 0.24613, 0.10827, 0.00449, 0.07019, 0.13518, 0.06331, 0.00878, 0.00688 
42600.0, 13.75052, 0.34202, 2.29452, 4.60351, 0.00253, 0.28459, 5.10519, 0.00178, 0.15468, 0.23605, 0.15287, 0.32587, 0.04184, 0.03181, 0.23576, 0.07362, 0.01548, 0.07260, 0.14899, 0.07470, 0.00905, 0.00650 
42660.0, 14.14363, 0.33671, 2.35142, 5.41912, 0.00494, 0.29927, 5.10897, 0.01315, 0.10472, 0.26142, 0.17566, 0.34781, 0.04020, 0.03946, 0.24240, 0.08873, 0.00340, 0.07492, 0.15044, 0.05639, 0.00749, 0.00398 
42720.0, 13.49203, 0.34420, 2.28923, 5.70724, 0.00235, 0.25792, 5.21213, -0.00424, 0.14309, 0.23339, 0.14142, 0.32122, 0.04764, 0.06760, 0.23258, 0.09907, 0.00764, 0.06897, 0.13818, 0.07251, 0.00505, 0.00394 
42780.0, 13.31001, 0.34385, 2.28333, 4.79368, 0.00497, 0.25128, 5.11422, 0.00749, 0.12878, 0.24196, 0.16568, 0.29289, 0.02932, 0.05343, 0.19681, 0.08408, 0.01241, 0.07296, 0.15601, 0.08631, 0.00148, 0.00218 
42840.0, 15.67463, 0.32558, 2.32482, 5.54330, 0.00442, 0.26345, 5.15272, 0.01212, 0.18176, 0.24566, 0.21330, 0.34928, 0.03107, 0.03003, 0.27995, 0.10094, 0.00470, 0.06634, 0.14748, 0.07960, 0.00739, 0.00265 
42900.0, 13.30364, 0.30930, 2.28785, 4.82440, 0.00387, 0.24570, 5.05820, -0.00427, 0.13360, 0.23876, 0.13094, 0.31481, 0.02142, 0.04440, 0.21564, 0.09419, 0.01334, 0.03801, 0.12967, 0.07498, 0.00354, 0.00712 
42960.0, 13.46386, 0.35459, 2.69482, 5.94439, 0.00487, 0.29384, 5.08959, 0.00122, 0.19544, 0.25815, 0.16989, 0.34988, 0.04425, 0.05430, 0.24955, 0.09610, 0.01064, 0.06577, 0.15290, 0.06519, 0.00919, 0.00562 
43020.0, 11.68749, 0.36706, 2.40522, 4.45726, -0.00053, 0.28686, 4.94742, 0.01101, 0.13869, 0.23819, 0.14057, 0.29949, 0.03657, 0.02233, 0.24188, 0.07906, 0.02334, 0.07833, 0.11788, 0.05845, 0.00718, 0.00571 
43080.0, 12.87037, 0.32670, 2.34644, 4.85970, 0.00610, 0.25005, 5.01412, 0.01025, 0.16573, 0.23785, 0.11965, 0.29080, 0.02825, 0.04903, 0.22612, 0.08292, 0.01137, 0.05817, 0.14799, 0.05474, 0.00806, 0.00817 
43140.0, 11.05003, 0.33413, 2.21070, 4.24989, 0.00322, 0.25976, 4.92309, 0.00380, 0.14994, 0.21920, 0.12012, 0.25651, 0.01622, 0.03402, 0.18722, 0.07726, 0.00480, 0.05102, 0.12111, 0.06894, 0.00565, 0.00373 
43200.0, 12.39503, 0.32222, 2.26955, 4.64902, 0.00682, 0.26516, 4.98717, 0.00111, 0.19741, 0.21869, 0.16825, 0.29815, 0.02688, 0.03556, 0.20428, 0.08476, 0.00723, 0.04681, 0.15309, 0.05638, 0.00559, 0.00320 
43260.0, 11.72994, 0.31573, 2.35533, 4.45875, 0.00233, 0.25282, 4.92798, 0.00847, 0.17794, 0.22428, 0.17642, 0.29624, 0.04959, 0.05110, 0.20437, 0.08371, 0.01038, 0.05732, 0.15997, 0.06198, 0.00923, 0.00142 
43320.0, 19.36247, 0.33866, 2.00818, 4.08188, 0.00151, 0.24877, 4.92268, -0.00433, 0.16704, 0.25047, 0.17372, 0.26249, 0.02548, 0.03098, 0.17151, 0.06915, 0.00198, 0.03343, 0.12548, 0.07183, 0.01091, 0.00101 
43380.0, 15.30636, 0.35327, 2.19541, 4.16390, 0.00147, 0.25316, 4.93662, 0.00376, 0.13666, 0.24797, 0.17745, 0.27241, 0.03492, 0.04412, 0.18810, 0.07069, 0.00252, 0.04877, 0.12913, 0.06537, 0.00515, 0.00588 
43440.0, 14.79964, 0.34357, 2.08449, 3.69628, 0.00056, 0.29611, 4.93445, -0.00240, 0.12040, 0.27001, 0.21421, 0.26811, 0.02280, 0.03854, 0.18738, 0.07632, 0.02089, 0.05115, 0.13105, 0.06055, 0.00605, 0.00387 
43500.0, 13.42951, 0.34176, 2.05290, 3.81418, 0.00335, 0.21009, 5.01568, 0.00474, 0.16267, 0.23855, 0.13165, 0.25526, 0.02810, 0.04134, 0.18613, 0.06623, 0.01645, 0.05289, 0.12257, 0.05042, 0.00576, 0.00436 
43560.0, 14.58745, 0.33824, 2.00308, 4.36209, 0.00466, 0.26901, 5.06264, -0.00042, 0.18447, 0.23446, 0.10366, 0.32172, 0.02205, 0.00715, 0.24008, 0.06818, 0.02028, 0.05225, 0.10302, 0.06561, 0.00342, 0.00520 
43620.0, 12.15956, 0.36722, 2.00970, 4.01019, 0.00056, 0.26897, 4.91513, -0.00438, 0.16025, 0.22655, 0.15544, 0.25956, 0.03367, 0.04416, 0.18109, 0.06146, 0.00711, 0.06826, 0.09562, 0.05586, -0.00141, 0.00301 
43680.0, 12.09054, 0.37570, 1.83690, 3.45917, 0.00194, 0.22513, 4.87886, 0.00496, 0.16105, 0.23202, 0.90895, 0.21087, 0.01877, 0.49863, 0.13810, 0.05733, -0.00698, 0.04971, 0.09440, 0.05089, 0.00243, 0.00188 
43740.0, 11.17963, 0.35545, 1.90591, 3.82242, 0.00352, 0.25921, 5.01076, -0.00440, 0.16870, 0.23410, 0.67475, 0.24175, 0.01655, 0.37761, 0.14942, 0.04925, 0.00012, 0.03779, 0.12274, 0.07050, 0.00593, 0.00454 
43800.0, 11.42906, 0.37883, 1.95132, 3.46121, 0.00136, 0.26311, 5.03190, -0.00437, 0.15313, 0.25774, 0.51925, 0.24379, 0.02457, 0.29450, 0.15321, 0.04689, -0.00699, 0.03923, 0.11473, 0.06149, 0.00111, 0.00760 
43860.0, 13.22444, 0.38479, 2.01323, 3.58844, 0.00258, 0.26972, 5.02691, 0.01010, 0.17112, 0.22559, 0.85362, 0.23734, 0.02484, 0.44609, 0.16011, 0.05835, 0.01450, 0.03796, 0.09256, 0.05348, 0.00522, 0.00610 
43920.0, 13.42570, 0.37343, 2.25745, 7.82206, 0.00302, 0.29980, 5.09320, 0.01191, 0.18667, 0.26344, 1.10800, 0.84545, 0.04118, 0.46887, 0.51082, 0.15511, 0.01711, 0.03646, 0.11378, 0.06634, 0.00399, 0.00556 
43980.0, 13.45010, 0.36111, 2.25696, 4.03542, 0.00267, 0.27293, 5.07256, 0.01548, 0.11921, 0.24058, 1.19619, 0.45953, 0.05687, 0.65579, 0.31370, 0.12932, 0.00616, 0.08079, 0.13101, 0.05620, 0.00883, 0.00215 
44040.0, 12.90993, 0.34597, 2.11712, 3.44935, 0.00207, 0.24974, 4.87536, 0.01079, 0.11518, 0.24103, 0.45572, 0.30449, 0.01837, 0.19603, 0.18426, 0.06666, 0.00292, 0.05615, 0.09415, 0.04664, 0.00812, 0.00509 
44100.0, 15.90551, 0.39892, 2.15811, 3.75667, 0.00085, 0.24991, 5.00155, -0.00446, 0.14508, 0.23864, 0.19596, 0.23286, 0.02486, 0.09120, 0.14999, 0.05319, 0.00566, 0.06280, 0.09050, 0.05656, 0.01011, 0.00290 
44160.0, 12.26203, 0.38187, 2.49990, 3.80444, 0.00388, 0.24474, 4.92633, -0.00091, 0.14745, 0.24054, 0.18554, 0.24438, 0.02835, 0.08276, 0.16007, 0.04703, 0.01047, 0.05540, 0.11889, 0.04664, 0.00702, 0.00715 
44220.0, 19.06275, 0.36540, 2.51540, 3.76425, 0.00438, 0.28044, 5.00478, 0.01106, 0.19845, 0.26486, 0.14921, 0.30163, 0.03286, 0.05157, 0.19129, 0.07301, 0.00207, 0.04839, 0.20606, 0.04702, 0.00532, 0.00570 
44280.0, 13.46628, 0.35589, 2.45844, 4.72543, 0.00176, 0.30570, 5.11644, 0.00878, 0.16464, 0.26658, 0.22830, 0.32536, 0.03176, 0.03108, 0.22684, 0.08160, 0.00988, 0.05342, 0.16933, 0.07766, 0.00759, 0.00421 
44340.0, 13.41573, 0.33042, 2.54713, 5.34463, 0.00441, 0.26262, 5.06851, 0.01605, 0.18917, 0.24671, 0.10422, 0.31134, 0.02730, 0.06719, 0.18465, 0.06244, 0.00468, 0.06276, 0.14498, 0.08900, 0.00557, 0.00523 
