CampaignData_and_Merges/R0/CSL_MobileLab_Parked/raw/20240716/USOS-NOy-LIF_MobileLabGround_20240716_R0.ict
39,1001
Rollins, A.; Waxman, E.; Zuraski, K.; Chace, W.
NOAA Chemical Sciences Laboratory
LIF NO/NOx/NOy on CSL Mobile Lab
AMMBEC / USOS
1, 1
2024,07,16, 2025,01,03
1
Time_Start, seconds, number_of_seconds_since_0000_UTC
7
1, 1, 1, 1, 1, 1, 1
-9999, -9999, -9999, -9999, -9999, -9999, -9999
Time_Stop, seconds, number_of_seconds_since_0000_UTC
NO_LIF, pptv, Gas_NO_InSitu_S_AVMR, volume mixing ratio of nitric oxide in air
NO2_LIF, pptv, Gas_NO2_InSitu_S_AVMR, volume mixing ratio of nitrogen dioxide in air
NOy_LIF, pptv, Gas_NOy_InSitu_S_AVMR, volume mixing ratio of total oxidized nitrogen in air
NO_LIF_1SigmaAccuracy, pptv, Gas_NO_InSitu_S_AVMR, volume mixing ratio of nitric oxide in air
NO2_LIF_1SigmaAccuracy, pptv, Gas_NO2_InSitu_S_AVMR, volume mixing ratio of nitrogen dioxide in air
NOy_LIF_1SigmaAccuracy, pptv, Gas_NOy_InSitu_S_AVMR, volume mixing ratio of total oxidized nitrogen in air
0
18
PI_CONTACT_INFO: andrew.rollins@noaa.gov
PLATFORM: CSL Mobile Lab
LOCATION: Salt Lake City, UT
ASSOCIATED_DATA:
INSTRUMENT_INFO: NO detection by laser induced fluorescence. NO2 detection by photolytic conversion to NO. NOy detection by catalytic conversion to NO on gold surface
DATA_INFO:
UNCERTAINTY: Included 1 Sigma Accuracy waves represent the combined calibration uncertainties (±6%, ±9%, ±10%) and zero uncertainties (3 ppt, 20 ppt, 100 ppt) for NO, NO2, and NOy, respectively.
ULOD_FLAG: -7777
ULOD_VALUE: N/A
LLOD_FLAG: -8888
LLOD_VALUE: N/A
DM_CONTACT_INFO: andrew.rollins@noaa.gov
PROJECT_INFO: USOS Project, July - August 2024
STIPULATIONS_ON_USE: Users are strongly encouraged to contact the PI for proper data usage.
OTHER_COMMENTS:
REVISION: R0
R0: final data
Time_Start, Time_Stop, NO_LIF, NO2_LIF, NOy_LIF, NO_LIF_1SigmaAccuracy, NO2_LIF_1SigmaAccuracy, NOy_LIF_1SigmaAccuracy
       0,      60,216.35,1211.8,2771,15.981, 129.06, 377.1
      60,     120,263.49,1538.5,3212.3,18.809, 158.46, 421.23
     120,     180,356.8,1971.3,3869.4,24.408, 197.41, 486.94
     180,     240,324.9,1839.2,3762.2,22.494, 185.53, 476.22
     240,     300,303.38,1667,3261.4,21.203, 170.03, 426.14
     300,     360,270.76,1411.3,3138.1,19.246, 147.02, 413.81
     360,     420,285.68,1507.2,3539.3,20.141, 155.64, 453.93
     420,     480,229.83,1396.8,3004.1,16.79, 145.71, 400.41
     480,     540,401.12,1884.2,3265.4,27.067, 189.57, 426.54
     540,     600,381.85,1907.2,4051.4,25.911, 191.64, 505.14
     600,     660,300.77,1902.1,3905.6,21.046, 191.19, 490.56
     660,     720,351.03,1428.6,4007.9,24.062, 148.58, 500.79
     720,     780,248.84,1481.6,3231.5,17.93, 153.34, 423.15
     780,     840,302.3,1722.5,4155.7,21.138, 175.02, 515.57
     840,     900,328.61,1682,3640.1,22.717, 171.38, 464.01
     900,     960,262.8,1620,3289.2,18.768, 165.8, 428.92
     960,    1020,253.35,1419.4,2936.8,18.201, 147.75, 393.68
    1020,    1080,210.63,1295.4,2750.6,15.638, 136.59, 375.06
    1080,    1140,227.06,1391.2,2869.1,16.624, 145.21, 386.91
    1140,    1200,223.72,1552.6,3172.6,16.423, 159.73, 417.26
    1200,    1260,233.32,1445.4,3016.1,16.999, 150.08, 401.61
    1260,    1320,-9999,-9999,2884.8,-9999, -9999, 388.48
    1320,    1380,-9999,-9999,3001.8,-9999, -9999, 400.18
    1380,    1440,-9999,-9999,9012.5,-9999, -9999, 1001.3
    1440,    1500,-9999,-9999,8634.5,-9999, -9999, 963.45
    1500,    1560,-9999,-9999,3837.5,-9999, -9999, 483.75
    1560,    1620,-9999,-9999,-9999,-9999, -9999, -9999
    1620,    1680,-9999,-9999,-9999,-9999, -9999, -9999
    1680,    1740,235.7,1375.9,2958.6,17.142, 143.83, 395.86
    1740,    1800,194.78,1361.5,2854.7,14.687, 142.54, 385.47
    1800,    1860,174.87,1314.6,3007.5,13.492, 138.31, 400.75
    1860,    1920,261.99,1783.1,3566.8,18.719, 180.48, 456.68
    1920,    1980,159.18,1306.3,2877.2,12.551, 137.57, 387.72
    1980,    2040,217.42,1605.4,3120.6,16.045, 164.49, 412.06
    2040,    2100,258.94,1998.5,3782.3,18.536, 199.86, 478.23
    2100,    2160,298.97,2165.2,3989.4,20.938, 214.87, 498.94
    2160,    2220,230.33,1773.5,3518.8,16.82, 179.61, 451.88
    2220,    2280,271.74,2078.2,3693.9,19.304, 207.04, 469.39
    2280,    2340,253.65,1813,3522.3,18.219, 183.17, 452.23
    2340,    2400,224.58,1683.5,3539.8,16.475, 171.52, 453.98
    2400,    2460,395.25,1787.3,3308.6,26.715, 180.86, 430.86
    2460,    2520,264.98,1733.5,3562.3,18.899, 176.01, 456.23
    2520,    2580,217.66,1496.2,3209.8,16.06, 154.66, 420.98
    2580,    2640,188.7,1329.5,3079.2,14.322, 139.66, 407.92
    2640,    2700,300.13,1459.2,3167.4,21.008, 151.32, 416.74
    2700,    2760,316.53,1297.2,2726.9,21.992, 136.75, 372.69
    2760,    2820,155.82,1119.8,2636.8,12.349, 120.79, 363.68
    2820,    2880,124.19,907.13,2152.8,10.451, 101.64, 315.28
    2880,    2940,143.88,1069.3,2307.6,11.633, 116.23, 330.76
    2940,    3000,314.21,1853.3,3518,21.853, 186.8, 451.8
    3000,    3060,305.52,2076,4194.3,21.331, 206.84, 519.43
    3060,    3120,581.55,2613.7,4351.8,37.893, 255.23, 535.18
    3120,    3180,169.85,1208.2,2917.6,13.191, 128.74, 391.76
    3180,    3240,210.11,1472.7,2969.1,15.607, 152.54, 396.91
    3240,    3300,190.42,1487.7,3052.5,14.425, 153.89, 405.25
    3300,    3360,208.29,1669.4,3131.7,15.498, 170.25, 413.17
    3360,    3420,131.95,1018.9,2557.5,10.917, 111.7, 355.75
    3420,    3480,99.603,771.77,1922,8.9762, 89.46, 292.2
    3480,    3540,95.828,732.71,1735.9,8.7497, 85.944, 273.59
    3540,    3600,91.271,789.27,1867.3,8.4763, 91.034, 286.73
    3600,    3660,139.43,1096.5,2312.9,11.366, 118.68, 331.29
    3660,    3720,279.14,1567.3,3162,19.748, 161.05, 416.2
    3720,    3780,292.34,1672,3201.2,20.54, 170.48, 420.12
    3780,    3840,131.57,1090.1,2570.6,10.894, 118.1, 357.06
    3840,    3900,-9999,-9999,2361.5,-9999, -9999, 336.15
    3900,    3960,-9999,-9999,2390,-9999, -9999, 339
    3960,    4020,-9999,-9999,2893.2,-9999, -9999, 389.32
    4020,    4080,-9999,-9999,3167.1,-9999, -9999, 416.71
    4080,    4140,-9999,-9999,3093,-9999, -9999, 409.3
    4140,    4200,-9999,-9999,-9999,-9999, -9999, -9999
    4200,    4260,-9999,-9999,-9999,-9999, -9999, -9999
    4260,    4320,405.99,1968.7,3886.3,27.359, 197.19, 488.63
    4320,    4380,149.93,1257.9,3083.9,11.996, 133.21, 408.39
    4380,    4440,269.38,1151.1,2658.7,19.163, 123.6, 365.87
    4440,    4500,133.39,985.31,2308.2,11.003, 108.68, 330.82
    4500,    4560,123.93,1028,2364.6,10.436, 112.52, 336.46
    4560,    4620,126.64,1092.1,2325.6,10.599, 118.29, 332.56
    4620,    4680,128.01,1039.8,2122.8,10.681, 113.59, 312.28
    4680,    4740,222.66,1392.8,2384.6,16.36, 145.35, 338.46
    4740,    4800,385.33,1855.6,3296.5,26.12, 187, 429.65
    4800,    4860,204.1,1428.2,2498.3,15.246, 148.54, 349.83
    4860,    4920,117.35,1129.3,2190,10.041, 121.64, 319
    4920,    4980,117.27,1204.1,2260.8,10.036, 128.36, 326.08
    4980,    5040,155.02,1519.4,2509.6,12.301, 156.75, 350.96
    5040,    5100,149.95,1587.2,2898.7,11.997, 162.85, 389.87
    5100,    5160,148.64,1931.1,3142.8,11.918, 193.79, 414.28
    5160,    5220,166.17,2211.7,3540.9,12.97, 219.05, 454.09
    5220,    5280,147.27,1726.9,3047.2,11.836, 175.42, 404.72
    5280,    5340,254.02,2296.2,3250,18.241, 226.66, 425
    5340,    5400,204.82,2226.5,3982.5,15.289, 220.39, 498.25
    5400,    5460,150.94,1929.3,3438.2,12.056, 193.63, 443.82
    5460,    5520,134.54,1756,2978.7,11.072, 178.04, 397.87
    5520,    5580,109.48,1350.4,2548,9.569, 141.53, 354.8
    5580,    5640,175.73,1719.5,4155.8,13.544, 174.75, 515.58
    5640,    5700,137.84,1674.9,3351.1,11.27, 170.74, 435.11
    5700,    5760,229.74,2020.9,3237.3,16.784, 201.88, 423.73
    5760,    5820,216.25,2537.9,3944.7,15.975, 248.41, 494.47
    5820,    5880,138.12,1700.2,3223.5,11.287, 173.02, 422.35
    5880,    5940,252.08,1820.9,2617,18.125, 183.88, 361.7
    5940,    6000,322.46,2099.7,3823.5,22.348, 208.97, 482.35
    6000,    6060,276.37,1726.5,3635.6,19.582, 175.39, 463.56
    6060,    6120,81.885,1023.2,2856.5,7.9131, 112.09, 385.65
    6120,    6180,187.68,1370.6,2976.9,14.261, 143.35, 397.69
    6180,    6240,105.66,1371.5,2670.3,9.3396, 143.43, 367.03
    6240,    6300,83.949,1225.4,2256.2,8.0369, 130.28, 325.62
    6300,    6360,86.295,1281.9,2325.9,8.1777, 135.37, 332.59
    6360,    6420,83.302,1340.2,3008.6,7.9981, 140.61, 400.86
    6420,    6480,-9999,-9999,2950.7,-9999, -9999, 395.07
    6480,    6540,-9999,-9999,2979.8,-9999, -9999, 397.98
    6540,    6600,-9999,-9999,2814.6,-9999, -9999, 381.46
    6600,    6660,-9999,-9999,2826.6,-9999, -9999, 382.66
    6660,    6720,-9999,-9999,2801.2,-9999, -9999, 380.12
    6720,    6780,-9999,-9999,-9999,-9999, -9999, -9999
    6780,    6840,-9999,-9999,-9999,-9999, -9999, -9999
    6840,    6900,93.101,1861.4,3136.2,8.5861, 187.52, 413.62
    6900,    6960,113.78,2093.6,3223.6,9.8266, 208.42, 422.36
    6960,    7020,102.16,1901.5,3582.4,9.1293, 191.13, 458.24
    7020,    7080,95.91,1833.1,2908.4,8.7546, 184.98, 390.84
    7080,    7140,81.803,1647.7,2860.7,7.9082, 168.3, 386.07
    7140,    7200,87.794,1441.1,2611.6,8.2676, 149.7, 361.16
    7200,    7260,57.236,1063.7,2214.6,6.4341, 115.74, 321.46
    7260,    7320,55.319,1117.6,2073.2,6.3192, 120.59, 307.32
    7320,    7380,43.159,985.92,1984,5.5896, 108.73, 298.4
    7380,    7440,45.705,983.91,1853.8,5.7423, 108.55, 285.38
    7440,    7500,79.343,1224.1,2294,7.7606, 130.17, 329.4
    7500,    7560,89.2,1429.2,2410.2,8.352, 148.62, 341.02
    7560,    7620,122.2,1549.8,2911.1,10.332, 159.48, 391.11
    7620,    7680,54.442,1350.7,2501.7,6.2665, 141.57, 350.17
    7680,    7740,39.381,1258.2,2408.5,5.3628, 133.24, 340.85
    7740,    7800,52.958,1286,2498,6.1775, 135.74, 349.8
    7800,    7860,37.651,1212.8,2413.7,5.2591, 129.16, 341.37
    7860,    7920,43.458,1364.3,2198.7,5.6075, 142.79, 319.87
    7920,    7980,44.299,1411,2366.7,5.658, 146.99, 336.67
    7980,    8040,34.541,1187.6,2054.6,5.0725, 126.89, 305.46
    8040,    8100,70.956,1740.9,2545.8,7.2574, 176.68, 354.58
    8100,    8160,84.917,2070.2,3061.4,8.095, 206.32, 406.14
    8160,    8220,87.832,2124.4,3364.2,8.2699, 211.2, 436.42
    8220,    8280,46.936,1870.7,2986.3,5.8161, 188.36, 398.63
    8280,    8340,76.466,2137.8,3248.7,7.5879, 212.4, 424.87
    8340,    8400,60.802,2201.4,3437.5,6.6481, 218.12, 443.75
    8400,    8460,46.454,2049.9,3082.6,5.7873, 204.49, 408.26
    8460,    8520,40.703,1971.9,3073.3,5.4422, 197.47, 407.33
    8520,    8580,37.033,1693.9,2651.4,5.222, 172.45, 365.14
    8580,    8640,120.48,2423.6,3266.9,10.229, 238.13, 426.69
    8640,    8700,504.73,2795.3,6371.8,33.284, 271.58, 737.18
    8700,    8760,852.32,5187.6,7869.1,54.139, 486.88, 886.91
    8760,    8820,207.55,2920.3,4252.3,15.453, 282.82, 525.23
    8820,    8880,50.084,1918.1,3132.1,6.0051, 192.63, 413.21
    8880,    8940,46.5,1805.9,2858.5,5.79, 182.53, 385.85
    8940,    9000,37.583,1903.5,3177.2,5.255, 191.32, 417.72
    9000,    9060,-9999,-9999,3523.4,-9999, -9999, 452.34
    9060,    9120,-9999,-9999,3021.1,-9999, -9999, 402.11
    9120,    9180,-9999,-9999,3164.7,-9999, -9999, 416.47
    9180,    9240,-9999,-9999,3978.4,-9999, -9999, 497.84
    9240,    9300,-9999,-9999,4142.5,-9999, -9999, 514.25
    9300,    9360,-9999,-9999,-9999,-9999, -9999, -9999
    9360,    9420,-9999,-9999,-9999,-9999, -9999, -9999
    9420,    9480,38.361,3061.4,4517.2,5.3017, 295.53, 551.72
    9480,    9540,30.976,2874.8,3913.8,4.8585, 278.73, 491.38
    9540,    9600,27.132,2806.3,3819.2,4.6279, 272.56, 481.92
    9600,    9660,29.296,2923,4007.9,4.7578, 283.07, 500.79
    9660,    9720,29.201,3186.3,4166.6,4.7521, 306.77, 516.66
    9720,    9780,31.126,3558.1,4731.2,4.8676, 340.23, 573.12
    9780,    9840,32.399,3353.7,4921.8,4.944, 321.83, 592.18
    9840,    9900,26.738,3119.4,4630.1,4.6043, 300.74, 563.01
    9900,    9960,39.831,4675.8,4652.1,5.3899, 440.82, 565.21
    9960,   10020,30.9,4059.4,4611,4.854, 385.34, 561.1
   10020,   10080,28.869,3843.2,5610.9,4.7321, 365.89, 661.09
   10080,   10140,50.677,4016.4,5829.8,6.0406, 381.47, 682.98
   10140,   10200,42.078,4691.6,6453.1,5.5247, 442.25, 745.31
   10200,   10260,22.951,3884,6783,4.3771, 369.56, 778.3
   10260,   10320,18.569,3472.8,6671.7,4.1141, 332.55, 767.17
   10320,   10380,22.248,4322.9,7440.6,4.3349, 409.06, 844.06
   10380,   10440,21.722,4554.3,6386.2,4.3033, 429.88, 738.62
   10440,   10500,21.909,5742,6844.1,4.3145, 536.78, 784.41
   10500,   10560,24.289,5360.4,7406.7,4.4574, 502.43, 840.67
   10560,   10620,84.956,7093.3,8268.6,8.0973, 658.4, 926.86
   10620,   10680,491.28,12176,14308,32.477, 1115.8, 1530.8
   10680,   10740,303.67,11218,18141,21.22, 1029.6, 1914.1
   10740,   10800,75.276,7062.1,10439,7.5166, 655.59, 1143.9
   10800,   10860,31.597,4618.7,8227.7,4.8958, 435.68, 922.77
   10860,   10920,22.065,3953.2,6013.4,4.3239, 375.78, 701.34
   10920,   10980,20.983,3476,5788.5,4.259, 332.84, 678.85
   10980,   11040,36.168,3533,5316.6,5.1701, 337.97, 631.66
   11040,   11100,105.42,4352,5573.6,9.3249, 411.68, 657.36
   11100,   11160,63.671,5091.8,6552.6,6.8203, 478.26, 755.26
   11160,   11220,30.723,4133.8,6269.7,4.8434, 392.05, 726.97
   11220,   11280,63.332,3759.8,5348.4,6.7999, 358.38, 634.84
   11280,   11340,77.681,4074,5727.2,7.6608, 386.66, 672.72
   11340,   11400,50.159,4414.8,5545.4,6.0095, 417.33, 654.54
   11400,   11460,33.542,5193.3,6914.2,5.0125, 487.4, 791.42
   11460,   11520,229.05,5094.6,6405.3,16.743, 478.51, 740.53
   11520,   11580,157.49,4829.5,6031.2,12.449, 454.66, 703.12
   11580,   11640,-9999,-9999,5853.5,-9999, -9999, 685.35
   11640,   11700,-9999,-9999,5503.4,-9999, -9999, 650.34
   11700,   11760,-9999,-9999,4368.8,-9999, -9999, 536.88
   11760,   11820,-9999,-9999,3958.2,-9999, -9999, 495.82
   11820,   11880,-9999,-9999,3980.2,-9999, -9999, 498.02
   11880,   11940,-9999,-9999,-9999,-9999, -9999, -9999
   11940,   12000,-9999,-9999,-9999,-9999, -9999, -9999
   12000,   12060,34.126,3416.5,4812.8,5.0476, 327.49, 581.28
   12060,   12120,25.961,2990.1,4499,4.5576, 289.1, 549.9
   12120,   12180,22.556,2793.2,4116,4.3533, 271.39, 511.6
   12180,   12240,19.655,2730.5,3991.1,4.1793, 265.75, 499.11
   12240,   12300,34.866,2982.1,4107,5.0919, 288.39, 510.7
   12300,   12360,21.454,3039.4,4205.9,4.2873, 293.55, 520.59
   12360,   12420,68.68,3746.6,5016.7,7.1208, 357.19, 601.67
   12420,   12480,37.896,3482.3,4808.6,5.2738, 333.4, 580.86
   12480,   12540,34.977,3303.7,4662,5.0986, 317.33, 566.2
   12540,   12600,27.022,3018.9,4275.7,4.6213, 291.7, 527.57
   12600,   12660,21.749,2564.7,3824.9,4.3049, 250.82, 482.49
   12660,   12720,28.533,2598,3677.4,4.712, 253.82, 467.74
   12720,   12780,29.906,2620.6,3903.5,4.7944, 255.86, 490.35
   12780,   12840,24.95,2586.9,3716.1,4.497, 252.82, 471.61
   12840,   12900,22.918,2512.7,3882.6,4.3751, 246.15, 488.26
   12900,   12960,25.132,2722.6,3836.9,4.5079, 265.03, 483.69
   12960,   13020,435.07,4713.8,5404.3,29.104, 444.24, 640.43
   13020,   13080,204.51,4699.4,6508.2,15.271, 442.95, 750.82
   13080,   13140,44.023,3222,5138.6,5.6414, 309.98, 613.86
   13140,   13200,28.898,3077.4,4403.1,4.7339, 296.97, 540.31
   13200,   13260,92.356,3468.2,4527.7,8.5413, 332.14, 552.77
   13260,   13320,117.56,3558.7,5013.2,10.053, 340.29, 601.32
   13320,   13380,23.663,2880.9,4231.2,4.4198, 279.28, 523.12
   13380,   13440,185.3,3420.8,4573.3,14.118, 327.88, 557.33
   13440,   13500,129.13,3724,4931.1,10.748, 355.16, 593.11
   13500,   13560,209.44,4779,5868.2,15.566, 450.11, 686.82
   13560,   13620,24.651,2686,4511.9,4.4791, 261.74, 551.19
   13620,   13680,36.768,3050.7,4260.6,5.2061, 294.56, 526.06
   13680,   13740,41.928,2739.6,4188.4,5.5157, 266.57, 518.84
   13740,   13800,73.514,3080.7,4079,7.4108, 297.26, 507.9
   13800,   13860,23.282,2165,3540.8,4.3969, 214.85, 454.08
   13860,   13920,52.065,2421.1,3573.6,6.1239, 237.9, 457.36
   13920,   13980,139.97,3392.5,4035.6,11.398, 325.33, 503.56
   13980,   14040,152.4,3201.8,4521,12.144, 308.16, 552.1
   14040,   14100,164.24,2684.6,4035.5,12.854, 261.61, 503.55
   14100,   14160,-9999,-9999,5855.1,-9999, -9999, 685.51
   14160,   14220,-9999,-9999,4444.1,-9999, -9999, 544.41
   14220,   14280,-9999,-9999,4609,-9999, -9999, 560.9
   14280,   14340,-9999,-9999,4241.5,-9999, -9999, 524.15
   14340,   14400,-9999,-9999,4137.6,-9999, -9999, 513.76
   14400,   14460,-9999,-9999,5714.4,-9999, -9999, 671.44
   14460,   14520,-9999,-9999,-9999,-9999, -9999, -9999
   14520,   14580,-9999,-9999,-9999,-9999, -9999, -9999
   14580,   14640,345.45,3344.7,4508.5,23.727, 321.02, 550.85
   14640,   14700,145.1,2642,4694.2,11.706, 257.78, 569.42
   14700,   14760,34.216,2069.5,3313.2,5.0529, 206.26, 431.32
   14760,   14820,36.592,2146.4,3135.8,5.1955, 213.17, 413.58
   14820,   14880,33.948,2139.1,3050.2,5.0369, 212.52, 405.02
   14880,   14940,17.258,2177.6,3003.4,4.0355, 215.98, 400.34
   14940,   15000,15.129,2195.9,3056.7,3.9077, 217.63, 405.67
   15000,   15060,9.0734,2209,3178.5,3.5444, 218.81, 417.85
   15060,   15120,46.737,2867.8,3394.7,5.8042, 278.11, 439.47
   15120,   15180,59.459,3710.3,4829.2,6.5676, 353.93, 582.92
   15180,   15240,31.532,3726,4651.2,4.8919, 355.34, 565.12
   15240,   15300,71.034,6278.9,5951.6,7.262, 585.1, 695.16
   15300,   15360,227.13,7846.8,7815.6,16.628, 726.21, 881.56
   15360,   15420,41.126,5152.3,7514.3,5.4676, 483.71, 851.43
   15420,   15480,129.34,6085.3,7172.5,10.76, 567.68, 817.25
   15480,   15540,631.7,11170,9852.8,40.902, 1025.3, 1085.3
   15540,   15600,405.99,11349,11492,27.36, 1041.4, 1249.2
   15600,   15660,225.9,11046,12914,16.554, 1014.1, 1391.4
   15660,   15720,168.25,7888.8,10753,13.095, 729.99, 1175.3
   15720,   15780,579.52,8261.6,11284,37.771, 763.55, 1228.4
   15780,   15840,300.33,6919.9,10913,21.02, 642.79, 1191.3
