CampaignData_and_Merges/R0/CSL_MobileLab_Parked/raw/20240716/USOS-NOAAIodideCIMS-OrgNitrs_MobileLabGround_20240716_RA.ict
38, 1001
Michael A Robinson, Chris Jernigan, Subi Thakali
NOAA ESRL Chemical Sciences Laboratory and CIRES, U. of Colorado
NOAA Iodide CIMS Instrument
USOS
1, 1
2024, 07, 16, 2024, 07, 17
0
starttime_UTC, seconds_past_midnight, seconds_of_day_since_00:00:00_UTC
5
1, 1, 1, 1, 1
-9999, -9999, -9999, -9999, -9999
C4H7NO5_NOAACIMS, pptv, Gas_C4H7NO5_InSitu_M_AVMR
ISOPN_NOAACIMS, pptv, Gas_ISOPN_InSitu_M_AVMR
C5H10O3_NOAACIMS, pptv, Gas_C5H10O3_InSitu_M_AVMR
C5H9NO5_NOAACIMS, pptv, Gas_C5H9NO5_InSitu_M_AVMR
C10H17NO4_NOAACIMS, pptv, Gas_C10H17NO4_InSitu_M_AVMR
1
N/A
18
PI_CONTACT_INFO: 325 Broadway, R/CSD 7, Boulder, Colorado 80305; michael.a.robinson@noaa.gov; chris.jernigan@noaa.gov;
PLATFORM: NOAA CSL Mobile Lab
LOCATION: SLC, Utah
ASSOCIATED_DATA: 1Hz data also available on request.
INSTRUMENT_INFO: NOAA I- ToF CIMS
DATA_INFO: Units: pptv
UNCERTAINTY: tbd
ULOD_FLAG: -7777
ULOD_VALUE: N/A
LLOD_FLAG: -8888
LLOD_VALUE: N/A
DM_CONTACT_INFO: Nathan Howard; nathan.h.howard@noaa.gov
PROJECT_INFO: USOS, summer 2024. https://csl.noaa.gov/groups/csl7/measurements/2024usos/
STIPULATIONS_ON_USE: only the USOS science team is allowed to use this data
OTHER_COMMENTS: Field data; Data are averaged to 1 minute intervals. Stationary data collected from a 10 ft tower on top of the mobile lab
REVISION: RA
RA: Preliminary Data; For in-field use only
starttime_UTC, C4H7NO5_NOAACIMS, ISOPN_NOAACIMS, C5H10O3_NOAACIMS, C5H9NO5_NOAACIMS, C10H17NO4_NOAACIMS
[from data line 846]
50760,3.518,8.402,23.575,7.491,1.542
50820,3.595,8.593,23.427,7.430,1.323
50880,3.633,8.269,23.612,7.597,1.509
50940,3.721,8.133,23.546,7.539,1.503
51000,3.671,7.754,23.001,7.531,1.394
51060,3.745,8.064,24.730,7.457,1.396
51120,3.878,8.177,23.747,7.798,1.313
51180,3.777,8.243,23.904,7.645,1.349
51240,3.868,8.620,24.181,7.624,1.172
51300,3.848,9.219,24.034,7.850,1.370
51360,3.682,8.174,23.299,7.518,1.275
51420,3.795,8.171,24.188,7.674,1.403
51480,3.727,7.860,23.692,7.665,1.352
51540,3.849,7.702,23.431,7.268,1.133
51600,3.977,9.374,24.259,7.821,1.347
51660,3.912,8.824,24.610,7.806,1.075
51720,4.119,9.889,24.783,7.837,1.296
51780,4.243,11.083,24.932,8.065,1.243
51840,4.346,11.109,26.247,7.840,1.088
51900,4.083,8.967,24.392,8.219,1.089
51960,4.114,9.482,26.101,7.737,1.405
52020,4.137,10.560,24.971,7.931,1.569
52080,4.022,10.020,25.660,7.757,1.555
52140,4.056,10.026,24.879,7.798,1.611
52200,4.166,11.030,23.944,7.916,1.698
52260,4.180,10.363,24.127,7.557,1.593
52320,4.118,10.249,24.202,7.907,1.434
52380,4.180,11.852,24.178,7.822,1.646
52440,4.202,12.961,25.454,7.716,1.785
52500,4.464,13.554,26.520,8.042,1.856
52560,4.390,12.852,26.938,7.817,1.579
52620,4.638,14.700,27.807,8.066,1.489
52680,4.515,13.113,26.173,6.992,1.090
52740,4.741,16.579,28.586,8.079,1.417
52800,4.638,17.090,28.568,8.154,1.524
52860,4.648,17.439,27.948,8.166,2.074
52920,4.641,16.922,27.733,8.074,1.820
52980,4.740,17.392,27.763,8.251,1.851
53040,4.830,18.092,-9999.000,8.261,1.853
53100,4.838,18.758,-9999.000,7.923,1.809
53160,4.351,17.765,-9999.000,6.418,1.317
53220,5.046,21.215,-9999.000,7.660,1.743
53280,5.167,21.737,-9999.000,7.314,1.623
53340,5.248,22.550,-9999.000,8.435,1.832
53400,5.369,22.733,25.728,7.614,1.502
53460,5.579,26.013,30.363,8.236,1.875
53520,5.652,26.291,29.641,8.491,1.764
53580,5.732,26.830,30.097,7.710,1.555
53640,5.790,28.087,32.259,8.313,1.781
53700,5.952,28.875,32.484,8.640,1.612
53760,6.028,29.231,31.665,8.366,1.699
53820,6.098,30.285,32.280,8.428,1.572
53880,6.190,30.240,32.273,8.401,1.828
53940,6.244,29.663,31.071,8.229,1.802
54000,6.421,29.756,30.544,8.625,1.854
54060,6.580,31.589,31.433,8.540,1.830
54120,6.773,33.026,32.200,8.879,2.221
54180,6.833,32.855,31.623,8.351,2.185
54240,6.913,33.015,30.448,8.668,2.090
54300,6.925,31.755,31.518,8.610,1.610
54360,6.938,31.105,30.240,8.716,1.892
54420,6.878,30.406,29.947,8.760,1.876
54480,6.864,29.619,29.463,8.545,1.619
54540,6.957,29.491,28.733,8.541,1.295
54600,7.120,31.268,28.084,8.696,1.551
54660,7.280,30.944,27.509,8.479,1.683
54720,7.611,32.922,28.586,8.842,2.088
54780,7.591,32.932,30.034,8.634,1.984
54840,7.735,33.567,29.238,8.926,1.855
54900,7.723,34.855,30.601,8.760,2.041
54960,7.687,34.052,-9999.000,8.576,1.885
55020,7.347,32.342,-9999.000,7.562,1.742
55080,7.867,34.625,-9999.000,8.655,1.551
55140,7.788,32.550,-9999.000,8.205,1.131
55200,7.880,33.390,29.611,8.176,1.307
55260,8.004,33.982,29.083,8.524,1.188
55320,8.315,35.092,30.381,8.221,1.195
55380,8.440,34.977,30.656,8.853,0.994
55440,8.728,35.564,31.998,9.308,1.271
55500,8.514,32.653,30.874,8.635,0.999
55560,8.564,33.042,32.661,8.898,1.126
55620,8.514,32.873,33.838,8.499,0.776
55680,8.769,33.311,35.168,8.720,0.865
55740,8.946,34.122,36.276,9.240,1.571
55800,8.989,33.682,35.792,8.926,1.766
55860,9.118,35.302,36.004,9.008,1.683
55920,9.343,35.646,34.707,8.832,1.788
55980,9.095,34.973,35.138,8.846,1.700
56040,9.426,35.430,35.912,8.940,1.786
56100,9.084,31.720,33.862,9.173,1.612
56160,9.157,30.913,33.225,9.017,1.582
56220,9.135,30.181,33.934,9.142,1.527
56280,9.369,30.855,32.031,9.253,1.592
56340,9.712,32.488,33.604,9.269,1.715
56400,10.241,34.626,34.092,9.529,1.735
56460,9.576,30.882,33.041,9.464,1.620
56520,9.029,27.000,31.105,8.889,1.523
56580,9.205,26.983,32.301,9.187,1.481
56640,7.948,19.475,30.806,8.934,1.375
56700,7.052,15.747,29.563,8.613,1.138
56760,6.573,13.179,29.533,8.377,1.104
56820,6.780,15.653,-9999.000,8.915,1.205
56880,6.642,14.478,-9999.000,7.186,0.825
56940,6.709,14.309,-9999.000,7.986,0.915
57000,4.615,5.171,-9999.000,7.250,0.577
57060,5.594,10.428,-9999.000,7.773,0.744
57120,6.077,11.605,-9999.000,8.020,0.747
57180,6.354,12.420,26.682,8.172,0.827
57240,7.089,15.466,29.192,8.627,0.929
57300,6.550,12.538,26.805,8.324,0.853
57360,5.964,10.921,26.293,8.039,0.833
57420,6.116,10.986,26.243,8.222,0.755
57480,6.620,13.163,26.462,8.148,0.632
57540,7.210,14.864,27.694,8.461,0.961
57600,7.203,14.800,26.911,8.615,0.781
57660,7.048,14.414,27.259,8.013,0.684
57720,7.106,13.890,27.808,8.510,0.636
57780,7.063,13.413,27.483,8.621,0.648
57840,7.392,13.921,27.333,8.582,0.785
57900,7.203,13.280,27.367,8.370,0.687
57960,7.237,13.381,26.274,8.435,0.674
58020,7.123,13.104,26.644,8.402,0.766
58080,7.096,12.709,26.946,8.447,0.700
58140,7.391,13.321,27.838,8.697,0.569
58200,7.511,12.895,27.060,8.514,0.400
58260,7.461,12.520,27.166,8.601,0.725
58320,7.813,12.851,25.876,8.782,0.529
58380,8.706,15.331,28.243,9.116,0.780
58440,9.193,16.542,28.358,9.478,0.824
58500,9.002,15.874,28.669,9.348,0.863
58560,9.133,15.789,26.337,9.278,0.687
58620,9.171,16.068,29.261,9.068,0.858
58680,8.543,14.998,25.738,8.571,0.549
58740,9.143,16.097,26.505,8.856,0.667
58800,9.656,16.878,27.652,9.212,0.707
58860,9.739,16.630,27.960,9.508,0.778
58920,9.818,16.380,27.771,9.671,0.698
58980,9.577,15.803,28.837,9.422,0.892
59040,9.602,16.235,28.106,9.393,0.696
59100,9.450,15.549,27.741,9.433,0.690
59160,9.508,16.112,28.261,9.347,0.681
59220,9.829,15.846,27.549,9.719,0.703
59280,8.890,14.147,27.769,9.414,0.719
59340,8.222,12.602,27.214,8.948,0.626
59400,8.087,12.483,26.720,8.959,0.645
59460,7.910,11.180,25.619,8.766,0.670
59520,7.885,11.087,25.010,8.701,0.716
59580,7.664,10.384,26.021,8.723,0.710
59640,7.738,10.804,25.942,9.069,0.640
59700,7.808,10.636,26.247,9.188,0.668
59760,7.130,9.684,26.349,8.999,0.654
59820,6.734,8.505,25.741,8.467,0.651
59880,6.612,8.311,25.550,8.580,0.575
59940,6.414,7.646,23.965,8.468,0.476
60000,6.395,7.921,25.891,8.569,0.563
60060,6.420,7.640,23.806,8.633,0.542
60120,6.496,7.373,23.163,8.751,0.666
60180,6.464,7.495,23.840,8.848,0.607
60240,6.453,7.040,24.561,8.891,0.496
60300,6.687,7.086,23.204,8.599,0.683
60360,6.652,6.812,25.058,8.436,-9999.000
60420,7.049,7.493,24.193,8.591,-9999.000
60480,7.765,9.626,-9999.000,-9999.000,-9999.000
60540,6.597,5.996,-9999.000,-9999.000,-9999.000
60600,7.957,10.449,-9999.000,-9999.000,-9999.000
60660,8.966,11.945,-9999.000,-9999.000,-9999.000
60720,9.172,11.358,24.270,9.195,0.608
60780,9.500,11.670,25.272,9.545,0.681
60840,9.667,11.727,25.390,9.715,0.589
60900,9.852,11.973,26.500,9.752,0.730
60960,10.063,11.894,25.541,9.905,0.711
61020,10.365,11.979,27.266,9.938,0.741
61080,10.405,12.303,27.486,10.008,0.679
61140,10.567,12.770,27.818,9.913,0.703
61200,10.520,12.861,27.235,9.843,0.857
61260,10.289,12.494,28.522,10.001,0.752
61320,9.684,10.399,25.467,10.020,0.482
61380,9.617,10.545,27.211,9.873,0.590
61440,9.630,10.162,25.607,9.568,0.684
61500,9.466,9.526,26.250,9.644,0.613
61560,8.409,8.082,24.965,9.418,0.631
61620,8.225,7.628,23.620,9.355,0.685
61680,7.867,7.170,23.377,9.151,0.386
61740,8.165,7.501,23.985,9.473,0.490
61800,8.319,7.462,24.923,9.607,0.633
61860,8.452,8.246,23.298,9.302,0.567
61920,8.515,8.119,23.068,9.530,0.584
61980,8.139,7.638,23.653,8.962,0.447
62040,8.820,8.374,23.722,9.348,0.527
62100,8.323,7.935,23.251,9.170,0.457
62160,7.979,7.328,23.613,8.830,0.367
62220,7.797,6.628,21.134,8.646,0.415
62280,8.303,7.496,22.903,8.943,0.340
62340,8.258,8.204,-9999.000,9.064,0.350
62400,7.544,7.128,-9999.000,7.682,0.235
62460,7.543,6.843,-9999.000,8.708,0.450
62520,7.210,6.884,-9999.000,8.421,0.482
62580,6.964,6.706,-9999.000,8.348,0.358
62640,7.253,7.047,-9999.000,8.387,0.369
62700,7.570,7.501,-9999.000,8.619,0.442
62760,7.926,7.458,22.115,8.854,0.438
62820,7.904,7.784,22.713,8.798,0.405
62880,7.583,7.161,23.204,8.877,0.481
62940,7.453,7.031,23.337,8.683,0.496
63000,7.274,6.704,21.725,8.515,0.354
63060,7.607,7.176,22.974,8.332,0.325
63120,7.883,7.706,23.051,8.718,0.446
63180,7.936,7.227,21.760,8.851,0.363
63240,8.217,7.387,22.640,8.997,0.575
63300,8.307,7.524,24.190,9.003,0.655
63360,8.228,7.334,21.647,9.062,0.502
63420,7.896,7.245,22.520,8.943,0.433
63480,7.756,7.746,21.444,8.819,0.287
63540,7.938,8.372,23.713,9.125,0.429
63600,8.055,7.891,22.366,8.917,0.364
63660,7.867,7.752,22.190,8.953,0.316
63720,7.814,8.130,23.103,8.811,0.445
63780,8.059,8.752,23.224,9.037,0.455
63840,8.230,8.518,24.017,9.161,0.488
63900,8.042,9.377,24.059,8.784,0.537
63960,8.125,9.141,24.961,9.044,0.538
64020,8.342,8.684,23.747,9.155,0.596
64080,8.299,8.950,24.585,9.149,0.547
64140,8.386,9.061,23.243,9.060,0.488
64200,8.592,9.559,-9999.000,-9999.000,0.591
64260,7.384,7.158,-9999.000,-9999.000,0.473
64320,8.176,9.152,-9999.000,-9999.000,0.558
64380,9.035,9.371,-9999.000,-9999.000,0.437
64440,9.251,9.960,-9999.000,9.719,0.571
64500,9.229,9.548,22.890,9.575,0.493
64560,9.810,9.562,22.563,10.186,0.555
64620,9.815,10.088,22.631,10.352,0.685
64680,9.735,9.343,24.260,10.383,0.710
64740,9.793,10.362,23.354,10.229,0.713
64800,9.542,9.786,24.466,10.143,0.709
64860,9.653,9.703,23.629,9.892,0.667
64920,9.460,9.872,23.615,10.043,0.731
64980,9.355,9.307,25.004,10.047,0.682
65040,9.091,9.831,24.097,9.801,0.595
65100,9.291,9.361,25.766,10.159,0.748
65160,9.824,9.532,23.151,10.180,0.839
65220,10.164,8.375,23.767,10.461,0.798
65280,10.179,8.321,21.113,10.567,0.720
65340,10.055,8.577,21.072,10.495,0.792
65400,9.417,6.962,20.548,10.180,0.784
65460,8.831,6.519,20.136,10.052,0.842
65520,9.034,6.608,18.985,10.234,0.839
65580,8.943,7.090,19.685,9.916,0.873
65640,9.245,7.230,19.708,10.122,0.963
65700,9.488,8.051,19.934,10.411,0.923
65760,9.887,8.240,23.030,10.567,0.994
65820,10.031,8.879,21.577,10.629,0.800
65880,10.045,8.844,19.603,10.577,0.917
65940,10.156,8.862,21.533,10.432,0.855
66000,10.044,8.799,21.127,10.810,1.026
66060,10.019,8.507,22.596,10.423,0.896
66120,8.714,6.987,16.804,9.429,0.897
66180,8.938,7.197,18.305,10.660,0.984
66240,8.585,7.274,20.561,10.254,0.943
66300,9.090,8.802,21.422,10.421,0.936
66360,8.174,7.604,19.528,9.955,1.184
66420,7.754,6.351,20.174,10.045,1.175
66480,7.877,5.513,18.712,9.837,0.758
66540,7.732,6.028,18.295,9.808,0.891
66600,7.823,4.956,18.079,9.858,0.744
66660,8.035,5.490,18.557,9.766,0.802
66720,8.216,5.130,19.187,9.906,0.649
66780,8.224,5.339,19.844,10.341,0.828
66840,8.406,5.506,18.204,10.321,0.873
66900,8.503,5.464,19.351,10.536,0.716
66960,8.325,5.294,19.256,10.372,0.735
67020,8.243,4.992,20.219,10.269,0.861
67080,7.987,4.963,20.597,10.043,0.717
67140,7.597,5.430,19.356,9.342,0.749
67200,7.693,5.741,19.069,9.690,0.672
67260,7.908,6.489,21.309,9.854,0.787
67320,7.591,6.001,21.918,9.624,0.654
67380,6.123,4.507,24.482,8.486,0.645
67440,6.173,3.722,25.723,8.378,0.551
67500,7.059,3.772,25.374,8.838,0.550
67560,7.647,5.005,25.236,9.283,0.609
67620,7.537,4.076,26.500,9.607,0.574
67680,7.884,4.342,23.675,9.914,0.424
67740,8.050,4.484,24.510,9.981,0.471
67800,7.848,4.572,25.590,9.872,0.597
67860,7.919,4.736,24.935,9.712,0.682
67920,-9999.000,-9999.000,-9999.000,-9999.000,-9999.000
67980,7.344,4.056,-9999.000,8.629,0.404
68040,8.000,5.132,-9999.000,9.660,0.457
68100,8.070,5.037,-9999.000,9.676,0.601
68160,8.273,5.325,-9999.000,9.856,0.559
68220,8.604,5.563,25.270,10.405,0.525
68280,8.601,5.888,25.659,10.537,0.657
68340,8.836,5.584,26.046,10.461,0.572
68400,8.784,5.590,28.040,10.617,0.480
68460,8.578,5.978,25.496,10.532,0.444
68520,8.468,6.134,27.306,10.234,0.490
68580,8.697,5.647,25.760,10.857,0.595
68640,8.719,5.707,28.904,10.772,0.486
68700,9.667,7.480,29.009,11.140,0.679
68760,9.900,7.655,29.840,11.432,0.553
68820,10.366,6.760,34.685,11.433,0.591
68880,10.240,6.487,35.885,10.960,0.705
68940,10.749,7.059,35.061,11.516,0.469
69000,10.748,6.833,36.657,11.957,0.585
69060,10.703,8.098,33.685,12.160,0.681
69120,10.869,8.090,33.706,12.323,0.691
69180,11.183,7.500,35.736,12.627,0.594
69240,11.080,8.092,34.614,12.446,0.583
69300,11.310,9.296,34.332,12.302,0.628
69360,11.206,7.441,34.249,12.469,0.535
69420,11.290,6.646,30.568,12.318,0.355
69480,11.516,6.700,30.674,12.484,0.303
69540,11.640,6.992,32.712,12.553,0.585
69600,11.065,6.860,28.673,11.719,0.523
69660,10.482,7.380,28.454,10.473,0.245
69720,10.462,7.840,-9999.000,10.157,0.149
69780,9.263,6.516,-9999.000,8.482,0.276
69840,9.881,7.011,-9999.000,9.102,0.235
69900,10.146,7.304,-9999.000,9.424,0.215
69960,10.117,7.040,26.520,9.458,0.307
70020,9.928,6.802,26.375,9.380,0.231
70080,10.063,6.494,27.905,9.552,0.310
70140,10.138,7.325,26.297,9.577,0.327
70200,10.164,7.449,26.798,9.378,0.162
70260,9.955,7.383,27.294,9.157,0.226
70320,9.859,6.380,25.440,9.050,0.129
70380,9.785,5.833,26.194,9.111,0.264
70440,10.108,6.488,27.087,9.281,0.185
70500,10.008,6.553,26.888,8.971,0.312
70560,10.282,6.910,26.952,9.340,0.216
70620,9.663,7.393,30.790,8.905,0.290
70680,9.325,8.203,31.853,8.664,0.337
70740,9.024,8.574,34.352,8.292,0.241
70800,8.666,7.401,33.689,8.135,0.191
70860,8.384,6.549,36.245,7.989,0.303
70920,8.253,6.853,38.249,7.811,0.301
70980,8.086,7.075,39.502,7.678,0.317
71040,8.066,7.363,41.532,7.109,0.261
71100,8.251,6.856,43.503,7.156,0.351
71160,8.330,7.351,42.366,7.085,0.277
71220,8.650,6.671,44.248,7.409,0.349
71280,8.421,6.490,43.359,7.586,0.384
71340,8.473,6.728,44.354,7.547,0.252
71400,8.607,6.657,43.598,7.399,0.443
71460,8.676,7.298,45.401,7.516,0.468
71520,8.865,7.639,47.142,7.660,0.471
71580,9.218,7.083,-9999.000,-9999.000,0.402
71640,7.702,5.047,-9999.000,-9999.000,0.278
71700,8.517,6.714,-9999.000,-9999.000,0.204
71760,8.482,7.086,43.064,-9999.000,0.463
71820,8.140,7.565,44.008,7.346,0.307
71880,8.039,6.617,43.359,7.429,0.299
71940,8.120,6.810,43.895,7.272,0.264
72000,8.441,7.039,46.293,7.598,0.271
72060,8.462,7.303,44.520,7.513,0.333
72120,8.523,7.200,45.653,7.648,0.396
72180,8.346,6.662,45.009,7.651,0.397
72240,8.357,6.376,44.054,7.634,0.270
72300,8.296,6.612,43.268,7.651,0.483
72360,7.908,7.732,45.787,7.614,0.347
72420,7.522,7.110,46.460,7.479,0.379
72480,7.495,6.979,46.583,7.487,0.300
72540,7.507,7.918,45.312,7.412,0.329
72600,8.133,8.168,56.293,7.553,0.447
72660,8.011,8.419,59.456,7.343,0.485
72720,8.520,8.141,63.430,7.399,0.416
72780,8.219,8.612,61.663,7.275,0.408
72840,7.911,8.635,61.211,7.535,0.484
72900,8.004,8.602,59.450,7.722,0.498
72960,8.117,9.253,66.156,7.487,0.466
73020,8.013,9.665,67.234,7.756,0.492
73080,8.214,9.426,69.874,7.788,0.411
73140,8.105,8.693,70.441,7.713,0.431
73200,8.137,9.021,71.086,7.842,0.336
73260,8.110,8.950,71.863,7.907,0.442
73320,8.061,8.704,70.665,7.838,0.343
73380,8.264,8.733,71.182,7.823,0.459
73440,8.248,8.872,70.071,8.190,0.460
73500,7.787,7.933,56.101,7.691,0.523
73560,8.127,8.512,60.475,8.128,0.470
73620,8.200,8.227,66.727,7.948,0.408
73680,8.159,8.672,65.681,7.690,0.468
73740,8.102,8.363,62.697,7.950,0.487
73800,8.378,8.530,65.848,8.000,0.464
73860,8.465,8.135,66.680,8.119,0.447
73920,8.358,8.651,69.575,7.736,0.323
73980,8.154,8.388,73.809,7.722,0.332
74040,8.102,9.442,76.431,7.660,0.441
74100,8.374,9.087,76.425,7.689,0.402
74160,8.318,8.862,76.704,7.649,0.413
74220,8.177,8.735,76.505,7.279,0.224
74280,8.203,8.424,78.005,7.650,0.343
74340,8.414,9.128,80.076,7.292,0.311
74400,8.466,9.136,82.402,7.595,0.387
74460,8.468,8.838,80.994,7.629,0.274
74520,8.434,9.047,80.393,7.506,0.282
74580,8.428,9.244,77.920,7.448,0.296
74640,8.479,9.235,77.476,7.695,0.303
74700,8.406,8.799,78.129,7.497,0.286
74760,8.349,9.323,80.477,7.603,0.286
74820,8.546,9.983,83.193,7.782,0.242
74880,8.497,10.122,81.511,7.531,0.370
74940,8.241,10.769,83.693,7.353,0.323
75000,8.156,10.570,82.881,7.480,0.262
75060,8.205,10.247,82.831,7.719,0.369
75120,8.083,9.803,83.241,7.547,0.273
75180,7.970,8.942,80.311,7.139,0.361
75240,8.260,8.892,79.645,7.186,0.226
75300,8.195,8.869,-9999.000,7.097,0.267
75360,7.543,7.560,-9999.000,6.494,0.157
75420,8.066,9.071,-9999.000,7.590,0.188
75480,7.751,9.115,-9999.000,7.192,0.302
75540,7.451,8.458,70.480,7.225,0.141
75600,7.059,8.403,70.684,6.869,0.326
75660,7.128,8.960,70.702,6.995,0.235
75720,7.142,9.622,74.036,7.259,0.192
75780,6.474,9.380,72.421,6.999,0.200
