CampaignData_and_Merges/R0/CSL_MobileLab_Parked/raw/20240716/USOS-MetNav_MobileLabGround_20240716_R0.ict
44, 1001
Carrie Womack, Nate Howard, Mike Zucker
NOAA Chemical Sciences Laboratory
Mobile Lab MetNav Station
USOS
1, 1
2024, 07, 16, 2024, 12, 21
60
Time_Start, seconds_past_midnight, Seconds from midnight UTC
11
1, 1, 1, 1, 1, 1, 1, 1, 1, 1, 1
-9999, -9999, -9999, -9999, -9999, -9999, -9999, -9999, -9999, -9999, -9999
GPS_Alt_m, meters, Altitude from Differential GPS
GPS_Course_deg, degrees, Course from Differential GPS
GPS_GndSpd_m_s, m/s, Ground Speed from Differential GPS
GPS_Heading_deg, degrees, Heading from Differential GPS
GPS_Lat_deg, degrees, Latitude from Differential GPS
GPS_Lon_deg, degrees, Longitude from Differential GPS
AirTemp_C, Celsius, Air Temperature from Airmar
RelHumidity_pct, percent, Relative Humidity from Airmar
Pressure_mb, millibars, Pressure from Honeywell
WindDir_calc_deg, degrees, Wind Direction from Airmar corrected for van movement
WindSpd_calc_m_s, m/s, Wind Speed from Airmar corrected for van movement
1
SPECIAL COMMENTS:
18
PI_CONTACT_INFO: Address: 325 Broadway R/CSL7, Boulder, CO, 80305
PLATFORM: CSL Mobile Lab
LOCATION: Salt Lake City, UT
ASSOCIATED_DATA: N/A
INSTRUMENT_INFO: N/A
DATA_INFO: Units:
UNCERTAINTY: N/A
ULOD_FLAG: -7777
ULOD_VALUE: N/A
LLOD_FLAG: -8888
LLOD_VALUE: N/A
DM_CONTACT_INFO: Data Manager: Nate Howard
PROJECT_INFO: 
STIPULATIONS_ON_USE: Use of these data require prior ok from PI.
OTHER_COMMENTS: 
REVISION: R0
R0: Final data. Fixed bug in wind averaging code. RA: Preliminary Data. For in-field use only. 
Time_Start, GPS_Alt_m, GPS_Course_deg, GPS_GndSpd_m_s, GPS_Heading_deg, GPS_Lat_deg, GPS_Lon_deg, AirTemp_C, RelHumidity_pct, Pressure_mb, WindDir_calc_deg, WindSpd_calc_m_s
[from data line 203]
12180.0,1310.0,358.19,0.05,358.19,40.73435,-111.87211,27.8,25.5,876.4,109.23,0.9
12240.0,1310.0,358.42,0.05,358.42,40.73435,-111.87211,27.8,25.4,876.4,118.10,0.8
12300.0,1309.9,358.61,0.05,358.61,40.73435,-111.87211,27.7,25.6,876.4,116.34,0.8
12360.0,1309.7,359.22,0.05,359.22,40.73435,-111.87211,27.7,25.7,876.5,124.21,0.9
12420.0,1309.6,359.48,0.05,359.48,40.73435,-111.87211,27.6,25.8,876.5,116.31,1.3
12480.0,1309.4,359.35,0.05,359.35,40.73435,-111.87211,27.5,25.8,876.5,109.69,1.0
12540.0,1309.5,359.06,0.05,359.06,40.73435,-111.87211,27.5,25.9,876.5,110.70,0.9
12600.0,1309.8,358.93,0.05,358.93,40.73435,-111.87211,27.4,25.9,876.5,117.92,1.4
12660.0,1309.8,359.05,0.05,359.05,40.73435,-111.87211,27.4,26.2,876.5,120.17,1.2
12720.0,1309.8,359.43,0.05,359.43,40.73435,-111.87211,27.3,26.1,876.5,119.60,1.3
12780.0,1309.8,0.06,0.05,0.06,40.73435,-111.87211,27.2,26.0,876.5,127.59,1.3
12840.0,1309.6,0.27,0.06,0.27,40.73435,-111.87211,27.2,26.2,876.5,126.40,1.3
12900.0,1309.5,0.48,0.05,0.48,40.73435,-111.87211,27.2,26.9,876.5,128.97,1.4
12960.0,1309.5,0.80,0.05,0.80,40.73435,-111.87211,27.1,27.5,876.5,128.33,2.0
13020.0,1309.3,0.37,0.05,0.37,40.73435,-111.87211,27.0,27.0,876.6,109.69,1.2
13080.0,1309.2,359.70,0.06,359.70,40.73435,-111.87211,26.9,26.4,876.5,121.85,1.7
13140.0,1309.1,359.52,0.05,359.52,40.73435,-111.87211,27.0,26.6,876.5,127.80,1.3
13200.0,1309.1,359.76,0.04,359.76,40.73435,-111.87211,26.9,27.2,876.5,119.82,1.3
13260.0,1309.0,0.30,0.05,0.30,40.73435,-111.87211,26.8,26.7,876.5,117.81,1.6
13320.0,1309.1,0.41,0.05,0.41,40.73435,-111.87211,26.8,26.9,876.5,116.54,1.1
13380.0,1309.4,0.47,0.05,0.47,40.73435,-111.87211,26.8,27.0,876.5,113.96,1.0
13440.0,1309.4,0.74,0.05,0.74,40.73435,-111.87211,26.8,27.8,876.5,128.56,1.3
13500.0,1309.4,0.84,0.06,0.84,40.73435,-111.87211,26.7,27.9,876.6,116.51,1.4
13560.0,1309.5,0.74,0.05,0.74,40.73435,-111.87211,26.6,26.9,876.6,120.65,1.3
13620.0,1309.6,359.91,0.06,359.91,40.73435,-111.87210,26.6,27.7,876.6,123.99,1.4
13680.0,1309.3,0.03,0.05,0.03,40.73435,-111.87211,26.6,27.8,876.6,132.53,1.6
13740.0,1309.6,359.83,0.05,359.83,40.73435,-111.87211,26.5,28.1,876.6,113.91,1.4
13800.0,1309.3,359.45,0.05,359.45,40.73435,-111.87210,26.4,27.4,876.6,122.49,1.7
13860.0,1309.3,359.54,0.04,359.54,40.73435,-111.87210,26.4,28.0,876.6,125.32,2.4
13920.0,1309.3,359.25,0.05,359.25,40.73435,-111.87210,26.3,28.2,876.6,128.30,1.7
13980.0,1309.2,359.43,0.05,359.43,40.73435,-111.87211,26.2,28.9,876.7,126.59,2.4
14040.0,1308.9,359.78,0.05,359.78,40.73435,-111.87211,26.2,27.2,876.7,152.07,1.8
14100.0,1308.8,359.65,0.04,359.65,40.73435,-111.87211,26.3,27.5,876.8,166.54,2.2
14160.0,1308.7,359.98,0.05,359.98,40.73435,-111.87211,26.3,27.6,876.8,175.05,2.6
14220.0,1308.6,0.15,0.05,0.15,40.73435,-111.87211,26.4,27.7,876.8,172.12,2.0
14280.0,1308.5,0.14,0.05,0.14,40.73435,-111.87211,26.5,27.6,876.8,173.58,1.7
14340.0,1308.4,359.76,0.05,359.76,40.73435,-111.87211,26.5,27.4,876.9,156.59,2.6
14400.0,1308.4,359.68,0.06,359.68,40.73435,-111.87211,26.4,27.0,876.9,134.10,3.7
14460.0,1308.4,0.28,0.05,0.28,40.73435,-111.87211,26.4,27.3,876.8,96.68,1.5
14520.0,1308.3,359.96,0.06,359.96,40.73435,-111.87211,26.4,27.6,876.8,117.41,1.8
14580.0,1308.3,359.21,0.05,359.21,40.73434,-111.87210,26.3,28.6,876.8,119.99,2.0
14640.0,1308.3,359.41,0.06,359.41,40.73434,-111.87210,26.2,27.6,876.8,111.43,1.5
14700.0,1308.3,359.55,0.05,359.55,40.73434,-111.87210,26.3,26.9,876.8,110.37,1.0
14760.0,1308.2,359.05,0.05,359.05,40.73435,-111.87210,26.3,26.2,876.9,95.43,1.1
14820.0,1308.3,358.83,0.05,358.83,40.73435,-111.87210,26.4,26.0,876.9,111.40,0.8
14880.0,1308.5,359.20,0.05,359.20,40.73435,-111.87210,26.4,26.6,876.9,128.82,0.8
14940.0,1308.4,359.33,0.05,359.33,40.73435,-111.87210,26.4,26.4,876.9,121.95,1.1
15000.0,1308.4,359.79,0.05,359.79,40.73435,-111.87210,26.4,26.9,876.9,114.81,1.0
15060.0,1308.4,359.53,0.04,359.53,40.73435,-111.87210,26.5,26.1,876.9,117.28,1.1
15120.0,1308.4,359.47,0.04,359.47,40.73434,-111.87210,26.5,26.1,876.9,116.28,1.0
15180.0,1308.4,359.35,0.05,359.35,40.73434,-111.87210,26.5,26.5,876.9,119.85,1.1
15240.0,1308.5,359.46,0.05,359.46,40.73434,-111.87210,26.6,26.6,876.9,114.71,1.1
15300.0,1308.5,359.01,0.04,359.01,40.73434,-111.87210,26.6,26.7,876.9,118.84,1.1
15360.0,1308.5,358.75,0.05,358.75,40.73434,-111.87210,26.6,27.2,876.9,124.30,1.0
15420.0,1308.7,358.44,0.05,358.44,40.73434,-111.87210,26.6,27.1,876.9,119.64,0.9
15480.0,1308.8,358.78,0.05,358.78,40.73434,-111.87210,26.6,27.3,876.9,124.91,1.0
15540.0,1308.8,359.07,0.05,359.07,40.73434,-111.87210,26.6,28.1,876.9,120.53,1.0
15600.0,1308.9,359.90,0.05,359.90,40.73434,-111.87210,26.6,27.5,877.0,126.18,1.0
15660.0,1309.1,359.86,0.05,359.86,40.73434,-111.87210,26.5,28.3,877.0,117.99,1.2
15720.0,1309.0,359.80,0.06,359.80,40.73434,-111.87210,26.5,27.3,877.0,119.17,1.1
15780.0,1309.0,359.31,0.05,359.31,40.73434,-111.87210,26.4,27.2,877.0,122.68,1.3
15840.0,1309.1,358.79,0.05,358.79,40.73434,-111.87210,26.4,27.1,877.0,125.03,1.4
15900.0,1309.0,359.25,0.05,359.25,40.73434,-111.87210,26.4,27.7,877.1,127.33,1.6
15960.0,1309.0,359.18,0.05,359.18,40.73434,-111.87210,26.3,27.1,877.1,121.77,1.3
16020.0,1309.0,359.71,0.05,359.71,40.73434,-111.87210,26.3,27.0,877.1,122.29,1.8
16080.0,1308.8,359.58,0.05,359.58,40.73435,-111.87210,26.2,27.1,877.1,123.79,2.1
16140.0,1308.6,359.57,0.05,359.57,40.73434,-111.87210,26.1,27.4,877.1,120.19,1.4
16200.0,1308.7,359.65,0.05,359.65,40.73434,-111.87210,26.0,27.1,877.1,126.37,2.6
16260.0,1308.8,359.46,0.05,359.46,40.73434,-111.87210,25.9,27.0,877.1,123.56,2.3
16320.0,1308.7,359.68,0.05,359.68,40.73434,-111.87210,25.9,26.9,877.1,121.86,1.9
16380.0,1309.2,0.02,0.04,0.02,40.73434,-111.87210,25.8,26.8,877.1,119.74,1.7
16440.0,1309.2,0.29,0.06,0.29,40.73434,-111.87210,25.8,27.0,877.1,129.36,1.7
16500.0,1308.9,0.47,0.04,0.47,40.73434,-111.87210,25.8,27.4,877.1,124.67,1.5
16560.0,1308.5,0.05,0.06,0.05,40.73435,-111.87210,25.7,27.8,877.1,126.94,1.1
16620.0,1308.5,359.94,0.05,359.94,40.73435,-111.87210,25.7,27.3,877.1,109.24,0.7
16680.0,1308.3,359.87,0.05,359.87,40.73435,-111.87210,25.6,26.9,877.1,111.15,1.1
16740.0,1308.4,359.65,0.04,359.65,40.73435,-111.87210,25.6,27.1,877.1,120.41,1.6
16800.0,1308.3,0.01,0.05,0.01,40.73435,-111.87211,25.6,28.1,877.1,123.82,1.0
16860.0,1308.5,359.30,0.05,359.30,40.73435,-111.87210,25.6,28.2,877.1,122.12,1.1
16920.0,1308.8,359.11,0.05,359.11,40.73435,-111.87210,25.6,27.7,877.1,124.27,1.2
16980.0,1308.9,358.92,0.05,358.92,40.73435,-111.87210,25.4,27.9,877.1,121.92,2.5
17040.0,1308.9,359.45,0.05,359.45,40.73435,-111.87210,25.4,28.0,877.1,119.26,1.4
17100.0,1309.0,359.10,0.04,359.10,40.73435,-111.87210,25.4,28.5,877.1,122.63,1.5
17160.0,1308.9,359.04,0.05,359.04,40.73435,-111.87210,25.4,28.2,877.1,118.03,1.5
17220.0,1308.9,359.01,0.06,359.01,40.73435,-111.87210,25.3,28.0,877.1,121.81,1.7
17280.0,1308.7,359.34,0.05,359.34,40.73435,-111.87211,25.3,28.1,877.0,119.64,1.7
17340.0,1308.4,359.52,0.05,359.52,40.73435,-111.87211,25.2,28.2,877.0,124.22,1.9
17400.0,1308.9,359.07,0.05,359.07,40.73435,-111.87211,25.1,28.2,877.0,123.47,2.8
17460.0,1308.8,358.28,0.06,358.28,40.73435,-111.87211,25.1,28.3,877.0,124.32,2.2
17520.0,1308.1,359.06,0.05,359.06,40.73435,-111.87211,25.0,28.5,877.0,109.79,1.4
17580.0,1308.3,359.60,0.05,359.60,40.73435,-111.87211,25.1,28.2,877.0,110.76,0.8
17640.0,1309.0,359.78,0.05,359.78,40.73435,-111.87211,25.1,28.0,877.0,123.72,1.3
17700.0,1309.1,359.84,0.06,359.84,40.73435,-111.87210,25.0,28.6,877.0,127.57,1.5
17760.0,1308.9,359.81,0.05,359.81,40.73435,-111.87211,25.0,28.3,877.0,118.96,1.4
17820.0,1309.1,359.92,0.07,359.92,40.73434,-111.87210,24.9,28.2,877.1,118.52,1.3
17880.0,1309.5,0.08,0.05,0.08,40.73434,-111.87210,24.9,28.5,877.1,117.08,1.6
17940.0,1309.6,359.85,0.05,359.85,40.73434,-111.87210,24.9,28.2,877.1,119.53,1.8
18000.0,1309.5,359.42,0.06,359.42,40.73434,-111.87210,24.8,28.7,877.1,121.23,1.8
18060.0,1309.7,359.57,0.05,359.57,40.73434,-111.87210,24.9,28.2,877.1,121.89,1.7
18120.0,1309.0,360.00,0.05,360.00,40.73434,-111.87211,24.8,28.6,877.1,122.11,2.0
18180.0,1308.4,359.81,0.06,359.81,40.73434,-111.87211,24.8,28.1,877.1,122.44,1.5
18240.0,1308.2,0.22,0.06,0.22,40.73434,-111.87211,24.7,29.3,877.1,125.91,2.0
18300.0,1308.2,0.10,0.05,0.10,40.73434,-111.87211,24.6,29.1,877.1,127.78,2.6
18360.0,1307.9,359.92,0.06,359.92,40.73435,-111.87211,24.6,28.8,877.1,129.15,2.3
18420.0,1307.8,0.07,0.05,0.07,40.73435,-111.87211,24.6,29.1,877.1,127.02,2.3
18480.0,1307.9,359.97,0.05,359.97,40.73434,-111.87211,24.6,29.1,877.1,128.06,2.0
18540.0,1308.2,359.83,0.05,359.83,40.73434,-111.87211,24.5,29.6,877.1,134.52,2.0
18600.0,1308.3,359.76,0.06,359.76,40.73434,-111.87210,24.5,29.8,877.1,126.94,2.2
18660.0,1307.6,359.54,0.05,359.54,40.73435,-111.87211,24.4,30.0,877.1,130.59,2.3
18720.0,1307.1,359.83,0.04,359.83,40.73435,-111.87211,24.4,29.8,877.1,127.34,2.3
18780.0,1307.3,359.97,0.05,359.97,40.73435,-111.87211,24.4,29.9,877.1,124.27,2.1
18840.0,1307.5,359.57,0.06,359.57,40.73435,-111.87211,24.3,29.9,877.1,123.31,2.3
18900.0,1307.1,359.06,0.05,359.06,40.73434,-111.87211,24.3,30.4,877.1,118.64,1.7
18960.0,1307.9,359.05,0.05,359.05,40.73435,-111.87211,24.2,29.6,877.1,123.87,2.1
19020.0,1309.0,359.30,0.05,359.30,40.73435,-111.87210,24.3,30.6,877.1,121.14,1.5
19080.0,1308.5,359.02,0.06,359.02,40.73435,-111.87210,24.2,30.3,877.1,116.71,0.9
19140.0,1307.7,358.94,0.06,358.94,40.73434,-111.87211,24.2,30.7,877.1,120.71,1.0
19200.0,1307.6,358.82,0.06,358.82,40.73434,-111.87211,24.2,30.3,877.0,117.81,1.3
19260.0,1307.3,359.03,0.06,359.03,40.73434,-111.87211,24.1,29.5,877.0,113.88,1.2
19320.0,1307.4,359.08,0.05,359.08,40.73434,-111.87211,24.1,29.7,877.0,115.44,1.3
19380.0,1307.7,359.09,0.05,359.09,40.73434,-111.87211,24.2,29.4,877.0,120.88,1.0
19440.0,1307.8,358.87,0.07,358.87,40.73434,-111.87211,24.1,29.2,877.1,116.10,1.6
19500.0,1307.9,358.91,0.06,358.91,40.73434,-111.87211,24.2,28.9,877.1,111.69,1.2
19560.0,1308.0,358.94,0.06,358.94,40.73434,-111.87211,24.2,29.3,877.1,118.83,1.7
19620.0,1308.0,358.52,0.05,358.52,40.73434,-111.87211,24.2,28.8,877.1,108.90,1.4
19680.0,1308.7,358.78,0.06,358.78,40.73434,-111.87211,24.2,28.5,877.1,114.91,0.9
19740.0,1308.5,359.09,0.05,359.09,40.73434,-111.87211,24.2,28.9,877.1,116.84,1.0
19800.0,1308.5,359.33,0.06,359.33,40.73434,-111.87211,24.2,28.3,877.1,102.27,1.2
19860.0,1308.5,359.54,0.06,359.54,40.73434,-111.87211,24.2,28.4,877.1,99.01,0.8
19920.0,1308.4,0.12,0.06,0.12,40.73434,-111.87211,24.2,28.3,877.2,105.21,0.6
19980.0,1308.2,359.75,0.06,359.75,40.73434,-111.87211,24.2,28.1,877.3,108.36,0.6
20040.0,1308.1,359.50,0.05,359.50,40.73435,-111.87211,24.3,28.1,877.3,129.65,0.2
20100.0,1308.3,359.72,0.06,359.72,40.73435,-111.87211,24.3,27.9,877.3,111.53,0.6
20160.0,1308.5,359.82,0.05,359.82,40.73435,-111.87211,24.3,28.1,877.3,126.63,0.7
20220.0,1308.6,359.76,0.05,359.76,40.73435,-111.87211,24.3,27.9,877.3,98.22,0.3
20280.0,1308.5,359.75,0.06,359.75,40.73435,-111.87211,24.5,27.6,877.3,143.23,0.1
20340.0,1308.4,359.61,0.05,359.61,40.73435,-111.87211,24.5,27.8,877.4,97.43,0.5
20400.0,1308.4,359.79,0.05,359.79,40.73435,-111.87211,24.5,27.9,877.4,90.33,0.4
20460.0,1308.2,359.34,0.05,359.34,40.73435,-111.87211,24.6,28.0,877.4,123.86,0.4
20520.0,1307.7,359.23,0.05,359.23,40.73435,-111.87211,24.6,28.2,877.4,271.13,0.3
20580.0,1307.2,358.97,0.05,358.97,40.73434,-111.87211,24.6,28.3,877.4,106.17,0.2
20640.0,1307.3,359.27,0.05,359.27,40.73435,-111.87211,24.7,28.5,877.4,121.35,0.6
20700.0,1307.3,359.45,0.05,359.45,40.73435,-111.87211,24.8,28.1,877.3,126.74,0.5
20760.0,1307.3,359.62,0.05,359.62,40.73434,-111.87211,24.9,28.0,877.3,145.73,0.8
20820.0,1307.2,359.50,0.04,359.50,40.73434,-111.87211,25.1,27.9,877.3,131.92,0.8
20880.0,1307.4,359.11,0.04,359.11,40.73434,-111.87211,25.2,30.5,877.3,121.14,0.6
20940.0,1307.4,358.70,0.04,358.70,40.73434,-111.87211,25.1,31.9,877.3,130.47,1.5
21000.0,1307.5,358.47,0.04,358.47,40.73434,-111.87211,25.0,30.3,877.3,127.65,1.6
21060.0,1307.5,358.83,0.04,358.83,40.73434,-111.87211,24.8,30.0,877.3,122.07,1.9
21120.0,1307.5,359.26,0.04,359.26,40.73435,-111.87211,24.8,28.9,877.3,120.11,2.0
21180.0,1307.4,359.21,0.05,359.21,40.73434,-111.87211,24.8,29.6,877.3,123.59,2.3
21240.0,1307.3,358.88,0.04,358.88,40.73434,-111.87211,24.8,29.2,877.3,130.39,1.6
21300.0,1307.3,358.72,0.04,358.72,40.73434,-111.87211,24.8,28.8,877.3,139.86,1.5
21360.0,1307.3,358.65,0.04,358.65,40.73434,-111.87211,24.9,29.3,877.3,134.13,1.7
21420.0,1307.3,358.87,0.04,358.87,40.73434,-111.87211,24.8,29.0,877.3,128.15,1.7
21480.0,1307.3,359.04,0.05,359.04,40.73434,-111.87211,24.8,30.1,877.3,127.20,1.4
21540.0,1307.3,359.21,0.05,359.21,40.73434,-111.87211,24.8,28.4,877.3,125.59,1.3
21600.0,1307.1,358.57,0.04,358.57,40.73434,-111.87211,24.8,29.5,877.3,119.15,0.8
21660.0,1307.3,357.87,0.05,357.87,40.73434,-111.87211,24.8,28.1,877.3,106.40,0.7
21720.0,1307.3,358.00,0.05,358.00,40.73434,-111.87211,24.8,28.4,877.3,105.87,0.7
21780.0,1307.3,357.69,0.05,357.69,40.73434,-111.87211,24.8,28.5,877.3,116.59,0.9
21840.0,1307.5,357.30,0.05,357.30,40.73435,-111.87211,24.8,28.8,877.3,118.43,1.1
21900.0,1307.9,357.54,0.05,357.54,40.73435,-111.87211,24.8,28.6,877.3,111.60,1.0
21960.0,1308.0,357.36,0.04,357.36,40.73435,-111.87211,24.8,28.4,877.4,116.41,1.2
22020.0,1307.8,357.93,0.04,357.93,40.73435,-111.87211,24.8,28.4,877.4,117.95,1.3
22080.0,1307.9,358.36,0.04,358.36,40.73435,-111.87211,24.7,28.6,877.3,119.96,1.4
22140.0,1308.1,358.58,0.04,358.58,40.73435,-111.87211,24.8,28.4,877.3,115.49,0.8
22200.0,1308.1,358.14,0.05,358.14,40.73435,-111.87211,24.7,28.7,877.3,118.29,1.1
22260.0,1308.1,358.08,0.05,358.08,40.73435,-111.87211,24.7,28.8,877.3,122.71,1.6
22320.0,1308.3,357.91,0.05,357.91,40.73435,-111.87211,24.7,28.9,877.3,116.26,1.1
22380.0,1308.4,358.26,0.04,358.26,40.73435,-111.87211,24.7,28.9,877.3,121.74,1.3
22440.0,1308.5,358.50,0.05,358.50,40.73435,-111.87211,24.6,29.1,877.3,115.69,1.3
22500.0,1308.5,358.27,0.04,358.27,40.73435,-111.87211,24.6,28.9,877.3,125.22,1.4
22560.0,1308.6,358.71,0.05,358.71,40.73435,-111.87211,24.6,29.1,877.3,129.48,1.2
22620.0,1308.6,358.62,0.04,358.62,40.73435,-111.87211,24.6,28.8,877.3,122.79,1.5
22680.0,1308.5,358.29,0.04,358.29,40.73435,-111.87211,24.6,29.2,877.3,123.67,1.2
22740.0,1308.6,358.44,0.05,358.44,40.73435,-111.87211,24.5,29.0,877.3,116.77,1.4
22800.0,1308.8,358.70,0.05,358.70,40.73435,-111.87211,24.5,28.4,877.3,127.40,1.1
22860.0,1308.9,358.77,0.05,358.77,40.73435,-111.87211,24.5,28.2,877.4,132.33,1.3
22920.0,1309.1,358.70,0.05,358.70,40.73435,-111.87211,24.5,28.6,877.4,136.48,1.6
22980.0,1309.1,358.81,0.04,358.81,40.73435,-111.87211,24.5,28.1,877.4,111.35,0.9
23040.0,1309.1,359.05,0.05,359.05,40.73435,-111.87211,24.6,27.6,877.4,119.15,0.4
23100.0,1309.2,359.22,0.04,359.22,40.73435,-111.87211,24.6,27.7,877.4,113.57,0.5
23160.0,1309.3,359.31,0.05,359.31,40.73435,-111.87211,24.6,27.4,877.5,105.47,0.5
23220.0,1309.5,359.68,0.04,359.68,40.73435,-111.87211,24.6,27.3,877.5,119.91,0.4
23280.0,1309.5,0.22,0.04,0.22,40.73435,-111.87211,24.6,27.2,877.5,108.61,0.5
23340.0,1309.5,359.76,0.05,359.76,40.73435,-111.87211,24.6,27.1,877.5,112.63,0.6
23400.0,1309.5,359.65,0.05,359.65,40.73435,-111.87211,24.6,27.4,877.5,123.49,0.8
23460.0,1309.6,359.71,0.04,359.71,40.73435,-111.87211,24.5,28.5,877.5,133.41,1.1
23520.0,1309.9,359.58,0.04,359.58,40.73435,-111.87211,24.5,27.8,877.5,121.30,0.9
23580.0,1309.9,359.65,0.05,359.65,40.73435,-111.87211,24.5,27.6,877.6,109.83,0.6
23640.0,1310.1,359.48,0.04,359.48,40.73435,-111.87211,24.5,27.2,877.6,124.47,0.5
23700.0,1310.0,359.74,0.05,359.74,40.73435,-111.87211,24.4,27.1,877.6,117.47,0.7
23760.0,1309.7,359.09,0.05,359.09,40.73435,-111.87211,24.4,28.3,877.6,105.82,0.8
23820.0,1310.1,359.26,0.04,359.26,40.73435,-111.87210,24.3,27.5,877.6,83.94,0.4
23880.0,1310.1,359.35,0.04,359.35,40.73435,-111.87210,24.3,27.4,877.6,106.35,0.5
23940.0,1310.0,358.97,0.05,358.97,40.73435,-111.87210,24.2,27.5,877.6,137.04,2.6
24000.0,1309.7,358.96,0.05,358.96,40.73435,-111.87210,24.2,27.9,877.6,128.99,1.8
