CampaignData_and_Merges/R0/CSL_MobileLab_Parked/raw/20240716/USOS-NOAAIodideCIMS-OrgNitrs_MobileLabGround_20240716_RA.ict
38, 1001
Michael A Robinson, Chris Jernigan, Subi Thakali
NOAA ESRL Chemical Sciences Laboratory and CIRES, U. of Colorado
NOAA Iodide CIMS Instrument
USOS
1, 1
2024, 07, 16, 2024, 07, 17
0
starttime_UTC, seconds_past_midnight, seconds_of_day_since_00:00:00_UTC
5
1, 1, 1, 1, 1
-9999, -9999, -9999, -9999, -9999
C4H7NO5_NOAACIMS, pptv, Gas_C4H7NO5_InSitu_M_AVMR
ISOPN_NOAACIMS, pptv, Gas_ISOPN_InSitu_M_AVMR
C5H10O3_NOAACIMS, pptv, Gas_C5H10O3_InSitu_M_AVMR
C5H9NO5_NOAACIMS, pptv, Gas_C5H9NO5_InSitu_M_AVMR
C10H17NO4_NOAACIMS, pptv, Gas_C10H17NO4_InSitu_M_AVMR
1
N/A
18
PI_CONTACT_INFO: 325 Broadway, R/CSD 7, Boulder, Colorado 80305; michael.a.robinson@noaa.gov; chris.jernigan@noaa.gov;
PLATFORM: NOAA CSL Mobile Lab
LOCATION: SLC, Utah
ASSOCIATED_DATA: 1Hz data also available on request.
INSTRUMENT_INFO: NOAA I- ToF CIMS
DATA_INFO: Units: pptv
UNCERTAINTY: tbd
ULOD_FLAG: -7777
ULOD_VALUE: N/A
LLOD_FLAG: -8888
LLOD_VALUE: N/A
DM_CONTACT_INFO: Nathan Howard; nathan.h.howard@noaa.gov
PROJECT_INFO: USOS, summer 2024. https://csl.noaa.gov/groups/csl7/measurements/2024usos/
STIPULATIONS_ON_USE: only the USOS science team is allowed to use this data
OTHER_COMMENTS: Field data; Data are averaged to 1 minute intervals. Stationary data collected from a 10 ft tower on top of the mobile lab
REVISION: RA
RA: Preliminary Data; For in-field use only
starttime_UTC, C4H7NO5_NOAACIMS, ISOPN_NOAACIMS, C5H10O3_NOAACIMS, C5H9NO5_NOAACIMS, C10H17NO4_NOAACIMS
[from data line 1265]
75900,5.535,8.264,67.714,6.797,0.241
75960,5.079,8.013,63.763,6.178,0.194
76020,4.914,7.935,62.544,6.386,0.248
76080,5.023,8.148,63.783,6.418,0.244
76140,5.397,7.465,62.553,6.316,0.201
76200,5.641,7.658,63.833,6.386,0.188
76260,5.564,8.223,63.961,6.452,0.222
76320,5.583,8.357,65.370,6.417,0.165
76380,5.520,8.776,65.475,6.482,0.237
76440,5.488,8.468,66.943,6.791,0.209
76500,5.515,8.059,67.259,6.496,0.258
76560,5.194,7.754,63.842,6.317,0.241
76620,5.206,6.462,58.954,5.916,0.129
76680,5.054,6.733,59.230,6.178,0.223
76740,5.040,6.466,58.083,6.099,0.191
76800,5.092,6.341,60.006,6.190,0.235
76860,5.225,6.639,57.319,6.306,0.171
76920,5.705,6.736,60.220,6.373,0.215
76980,5.761,6.909,61.507,6.514,0.056
77040,5.670,6.853,63.648,6.411,0.270
77100,5.258,8.097,68.136,6.229,0.251
77160,4.624,7.007,54.546,5.204,0.181
77220,4.692,7.955,62.734,5.726,0.125
77280,4.854,8.715,73.281,6.348,0.210
77340,4.865,8.772,76.065,5.987,0.160
77400,4.836,8.210,78.265,6.087,0.217
77460,4.235,7.207,68.344,5.448,0.293
77520,3.300,6.110,48.445,5.087,0.274
77580,2.979,5.355,39.858,4.788,0.188
77640,-9999.000,-9999.000,-9999.000,-9999.000,-9999.000
77700,-9999.000,-9999.000,-9999.000,-9999.000,-9999.000
77760,-9999.000,-9999.000,-9999.000,-9999.000,-9999.000
77820,-9999.000,-9999.000,-9999.000,-9999.000,-9999.000
77880,-9999.000,-9999.000,-9999.000,-9999.000,-9999.000
77940,-9999.000,-9999.000,-9999.000,-9999.000,-9999.000
78000,-9999.000,-9999.000,-9999.000,-9999.000,-9999.000
78060,-9999.000,-9999.000,-9999.000,-9999.000,-9999.000
78120,-9999.000,-9999.000,-9999.000,-9999.000,-9999.000
78180,-9999.000,-9999.000,-9999.000,-9999.000,-9999.000
78240,-9999.000,-9999.000,-9999.000,-9999.000,-9999.000
78300,-9999.000,-9999.000,-9999.000,-9999.000,-9999.000
78360,-9999.000,-9999.000,-9999.000,-9999.000,-9999.000
78420,-9999.000,-9999.000,-9999.000,-9999.000,-9999.000
78480,1.881,3.482,11.939,3.255,0.199
78540,1.847,3.369,10.177,3.209,0.181
78600,1.699,2.300,10.441,3.211,0.093
78660,1.654,2.382,9.544,3.004,0.114
78720,1.644,2.288,10.955,2.975,0.160
78780,1.637,2.148,13.744,3.056,0.117
78840,1.740,1.893,18.058,3.141,0.136
78900,1.665,2.355,20.265,2.981,0.037
78960,1.636,2.273,17.779,-9999.000,0.198
79020,1.236,2.295,8.801,-9999.000,0.105
79080,1.439,2.389,11.302,-9999.000,0.166
79140,1.532,1.998,10.674,-9999.000,0.137
79200,1.519,2.220,10.506,2.970,0.132
79260,1.516,2.586,10.904,2.920,0.168
79320,1.573,2.381,10.772,2.948,0.111
79380,1.413,2.310,9.510,3.009,0.126
79440,1.619,2.353,11.705,2.914,0.130
79500,1.730,2.412,11.991,3.110,0.096
79560,1.678,2.527,12.320,2.964,0.102
79620,1.599,2.392,10.400,2.982,0.153
79680,1.585,2.262,9.382,2.783,0.146
79740,1.611,2.336,10.993,2.921,0.089
79800,1.888,2.597,12.620,3.084,0.147
79860,2.026,2.949,13.596,3.153,0.128
79920,1.932,2.643,14.352,3.135,0.159
79980,1.685,2.697,10.931,2.998,0.196
80040,1.582,2.075,9.529,2.904,0.041
80100,1.463,1.991,9.502,2.942,0.128
80160,1.421,2.357,7.213,2.861,0.099
80220,1.363,1.618,7.093,2.580,0.105
80280,1.601,1.720,7.149,2.837,0.076
80340,1.555,2.040,8.646,2.754,0.036
80400,1.745,1.964,10.610,2.810,0.069
80460,1.885,2.127,11.976,2.821,0.163
80520,2.142,2.711,12.661,3.125,0.072
80580,2.172,2.617,12.010,3.058,0.123
80640,2.052,2.307,15.137,3.013,0.175
80700,2.035,2.403,15.974,3.041,0.132
80760,2.368,2.759,15.908,3.026,0.094
80820,2.691,3.267,18.148,3.223,0.150
80880,2.522,3.487,13.570,3.075,0.163
80940,2.977,3.204,17.457,3.347,0.111
81000,3.207,3.487,18.052,3.543,0.123
81060,3.220,3.458,22.331,3.536,0.178
81120,3.141,3.987,22.914,3.627,0.150
81180,3.220,3.960,24.687,3.711,0.167
81240,3.279,3.963,24.830,3.733,0.098
81300,3.226,3.838,27.311,3.892,0.179
81360,3.125,3.988,26.015,3.695,0.169
81420,3.133,4.433,25.548,3.770,0.078
81480,2.943,4.160,27.556,3.712,0.226
81540,2.753,4.243,26.860,3.633,0.196
81600,2.518,4.117,27.048,3.479,0.139
81660,2.544,3.691,24.951,3.446,0.093
81720,2.683,3.716,26.323,3.589,0.166
81780,2.654,4.066,26.143,3.475,0.177
81840,2.555,3.986,27.161,3.521,0.197
81900,2.523,3.572,26.846,3.494,0.107
81960,2.642,3.859,26.365,3.324,0.158
82020,2.749,3.949,26.220,3.645,0.152
82080,2.766,3.637,25.537,3.536,0.187
82140,2.604,3.505,24.525,3.435,0.177
82200,2.389,3.392,23.223,3.376,0.209
82260,2.202,2.886,21.117,3.190,0.225
82320,2.254,2.763,19.811,3.195,0.202
82380,2.312,2.988,22.610,3.289,0.216
82440,2.301,3.313,22.021,3.205,0.212
82500,2.374,3.198,22.010,3.381,0.167
82560,2.343,2.919,20.338,3.369,0.207
82620,2.282,2.775,-9999.000,3.161,0.188
82680,2.227,2.638,-9999.000,3.063,0.213
82740,2.090,2.428,-9999.000,2.894,0.144
82800,2.186,2.481,-9999.000,3.244,0.157
82860,2.269,3.248,-9999.000,3.318,0.145
82920,2.298,3.414,-9999.000,3.300,0.156
82980,2.350,3.014,-9999.000,3.214,0.198
83040,2.349,3.441,20.866,3.212,0.165
83100,2.312,3.141,20.397,3.439,0.124
83160,2.210,3.045,19.838,3.178,0.143
83220,2.280,2.818,20.683,3.167,0.084
83280,2.202,2.837,19.681,3.097,0.181
83340,2.214,2.865,16.719,3.002,0.033
83400,2.191,2.506,16.840,2.843,0.125
83460,2.151,2.739,16.800,3.193,0.109
83520,2.263,2.335,17.646,3.248,0.100
83580,2.219,2.564,16.976,3.227,0.062
83640,2.167,2.885,17.997,3.087,0.109
83700,2.188,2.837,17.766,3.138,0.095
83760,2.190,2.771,18.772,3.245,0.075
83820,2.078,2.826,16.408,3.167,0.075
83880,2.059,2.720,17.285,3.293,0.098
83940,2.074,2.785,15.064,3.149,0.042
84000,2.009,2.893,15.719,3.021,0.086
84060,2.088,2.856,15.667,3.096,0.012
84120,2.124,2.938,16.375,3.050,0.084
84180,2.141,2.665,15.014,3.076,0.032
84240,2.420,3.007,16.852,3.289,0.004
84300,2.403,3.254,16.552,3.170,-0.023
84360,2.509,3.223,17.186,3.386,0.037
84420,2.474,3.389,17.070,3.291,0.019
84480,2.304,3.016,15.483,3.157,-0.008
84540,2.288,2.741,14.595,2.874,-0.008
84600,2.224,2.811,13.767,3.125,-0.005
84660,2.352,2.886,14.747,3.271,-0.018
84720,2.250,2.767,14.287,3.234,-0.056
84780,2.201,3.213,14.999,3.120,0.021
84840,2.244,3.229,15.038,3.159,-0.027
84900,2.211,3.224,15.647,3.216,0.027
84960,2.115,3.175,14.442,3.011,0.056
85020,2.287,3.085,17.839,3.036,-0.008
85080,2.322,2.851,16.745,3.168,-0.026
85140,2.347,2.830,16.806,3.039,0.001
85200,2.344,2.945,16.580,2.914,0.023
85260,2.254,2.753,14.793,3.012,0.015
85320,2.240,2.709,15.537,2.883,0.051
85380,2.266,2.870,15.783,2.880,0.005
85440,2.187,2.818,16.776,2.970,-0.013
85500,2.126,2.713,17.168,2.991,0.018
85560,2.174,2.471,16.646,2.857,0.047
85620,2.168,2.363,18.317,3.045,0.002
85680,2.284,2.456,17.014,2.966,0.019
85740,2.153,2.182,18.130,3.207,-0.018
85800,2.284,2.584,17.326,3.157,0.044
85860,2.182,2.055,17.970,3.088,-0.027
85920,2.209,2.327,18.760,3.169,0.097
85980,2.234,2.319,17.654,3.000,0.048
86040,2.325,2.098,20.094,3.214,0.117
86100,2.353,2.632,19.034,3.051,0.133
86160,2.327,2.025,19.517,3.073,0.076
86220,2.304,2.570,19.190,3.046,0.148
86280,2.300,2.561,19.033,3.189,0.079
86340,2.307,2.540,18.620,3.025,0.009
