CampaignData_and_Merges/R0/CSL_MobileLab_Parked/raw/20240716/USOS-NOAAIodideCIMS-HNO3_MobileLabGround_20240716_RA.ict
34, 1001
Michael A Robinson, Chris Jernigan, Subi Thakali
NOAA ESRL Chemical Sciences Laboratory and CIRES, U. of Colorado
NOAA Iodide CIMS Instrument
USOS
1, 1
2024, 07, 16, 2024, 07, 17
0
starttime_UTC, seconds_past_midnight, seconds_of_day_since_00:00:00_UTC
1
1
-9999
HNO3_NOAACIMS, pptv, Gas_HNO3_InSitu_S_AVMR
1
N/A
18
PI_CONTACT_INFO: 325 Broadway, R/CSD 7, Boulder, Colorado 80305; michael.a.robinson@noaa.gov; chris.jernigan@noaa.gov;
PLATFORM: NOAA CSL Mobile Lab
LOCATION: SLC, Utah
ASSOCIATED_DATA: 1Hz data also available on request.
INSTRUMENT_INFO: NOAA I- ToF CIMS
DATA_INFO: Units: pptv
UNCERTAINTY: tbd
ULOD_FLAG: -7777
ULOD_VALUE: N/A
LLOD_FLAG: -8888
LLOD_VALUE: N/A
DM_CONTACT_INFO: Nathan Howard; nathan.h.howard@noaa.gov
PROJECT_INFO: USOS, summer 2024. https://csl.noaa.gov/groups/csl7/measurements/2024usos/
STIPULATIONS_ON_USE: only the USOS science team is allowed to use this data
OTHER_COMMENTS: Field data; Data are averaged to 1 minute intervals. Stationary data collected from a 10 ft tower on top of the mobile lab
REVISION: RA
RA: Preliminary Data; For in-field use only
starttime_UTC, HNO3_NOAACIMS
[from data line 1147]
68820,2254.611
68880,2242.819
68940,2469.805
69000,2617.249
69060,2688.816
69120,2682.215
69180,2875.805
69240,2938.868
69300,2774.260
69360,2847.866
69420,3031.098
69480,3323.314
69540,3603.347
69600,3392.615
69660,2650.768
69720,2243.604
69780,1793.262
69840,1808.565
69900,1853.137
69960,1846.146
70020,1705.504
70080,1858.510
70140,1884.720
70200,1888.282
70260,1796.198
70320,1762.223
70380,1791.802
70440,2011.394
70500,1860.421
70560,1854.233
70620,1660.711
70680,1572.992
70740,1499.718
70800,1325.773
70860,1295.751
70920,1305.005
70980,1087.466
71040,1043.995
71100,979.606
71160,992.456
71220,1086.830
71280,1043.230
71340,1019.800
71400,1098.772
71460,1088.394
71520,1053.503
71580,1179.424
71640,1004.580
71700,1056.681
71760,1000.057
71820,1041.678
71880,1056.886
71940,1027.172
72000,1048.076
72060,1030.489
72120,1103.004
72180,1142.929
72240,1129.040
72300,1092.487
72360,986.925
72420,995.695
72480,1014.752
72540,961.802
72600,965.205
72660,938.941
72720,946.434
72780,928.650
72840,841.903
72900,829.628
72960,839.974
73020,807.051
73080,818.624
73140,832.330
73200,863.987
73260,856.758
73320,848.302
73380,855.444
73440,861.208
73500,859.512
73560,867.985
73620,891.813
73680,834.863
73740,770.696
73800,767.109
73860,792.341
73920,798.280
73980,818.211
74040,807.505
74100,783.227
74160,765.904
74220,730.561
74280,748.490
74340,771.023
74400,786.123
74460,760.949
74520,766.845
74580,796.111
74640,783.306
74700,741.404
74760,790.332
74820,822.636
74880,764.261
74940,733.276
75000,724.412
75060,730.570
75120,725.655
75180,757.137
75240,764.885
75300,793.635
75360,692.844
75420,732.357
75480,700.102
75540,717.126
75600,747.440
75660,753.426
75720,752.044
75780,722.070
75840,679.259
75900,644.010
75960,616.440
76020,605.289
76080,605.753
76140,602.159
76200,612.742
76260,631.905
76320,647.738
76380,653.129
76440,677.887
76500,662.840
76560,634.298
76620,614.008
76680,591.868
76740,612.924
76800,666.721
76860,697.139
76920,695.493
76980,703.134
77040,676.624
77100,672.650
77160,609.459
77220,633.227
77280,680.068
77340,634.897
77400,620.413
77460,603.754
77520,620.707
77580,598.107
77640,-9999.000
77700,-9999.000
77760,-9999.000
77820,-9999.000
77880,-9999.000
77940,-9999.000
78000,-9999.000
78060,-9999.000
78120,-9999.000
78180,-9999.000
78240,-9999.000
78300,-9999.000
78360,-9999.000
78420,-9999.000
78480,309.205
78540,313.725
78600,315.373
78660,307.143
78720,316.355
78780,321.498
78840,317.710
78900,319.286
78960,332.570
79020,310.380
79080,317.521
79140,345.022
79200,355.947
79260,345.748
79320,342.971
79380,314.961
79440,300.124
79500,306.947
79560,308.756
79620,326.453
79680,310.685
79740,309.672
79800,318.545
79860,342.964
79920,336.773
79980,322.780
80040,320.446
80100,301.999
80160,295.144
80220,278.005
80280,310.108
80340,305.333
80400,302.096
80460,307.633
80520,348.870
80580,365.216
80640,362.719
80700,367.781
80760,352.775
80820,385.244
80880,324.940
80940,359.812
81000,399.120
81060,385.437
81120,363.999
81180,364.695
81240,397.543
81300,397.752
81360,379.052
81420,353.466
81480,341.270
81540,323.906
81600,328.124
81660,329.403
81720,340.783
81780,319.130
81840,314.323
81900,289.276
81960,291.990
82020,307.381
82080,307.248
82140,308.533
82200,303.678
82260,292.712
82320,289.751
82380,287.513
82440,281.878
82500,293.065
82560,302.908
82620,292.619
82680,278.742
82740,292.685
82800,263.210
82860,284.006
82920,278.431
82980,266.273
83040,270.233
83100,266.704
83160,270.441
83220,265.151
83280,260.352
83340,250.374
83400,264.760
83460,268.536
83520,291.503
83580,294.052
83640,281.099
83700,274.021
83760,281.977
83820,258.202
83880,252.483
83940,259.470
84000,233.647
84060,254.271
84120,291.371
84180,289.536
84240,302.587
84300,309.848
84360,343.257
84420,349.780
84480,331.340
84540,281.770
84600,316.944
84660,313.185
84720,313.116
84780,294.632
84840,292.380
84900,274.408
84960,263.606
85020,305.768
85080,300.894
85140,310.021
85200,315.132
85260,258.651
85320,270.382
85380,274.589
85440,275.359
85500,268.995
85560,269.308
85620,282.772
85680,326.819
85740,343.926
85800,346.068
85860,356.591
85920,361.136
85980,370.264
86040,398.618
86100,401.754
86160,365.820
86220,362.962
86280,359.288
86340,360.847
