CampaignData_and_Merges/R0/CSL_MobileLab_Parked/raw/20240716/USOS-PTR_MobileLabGround_20240716_R0.ict
58, 1001
Matthew Coggon, Kelvin Bates, Chelsea Stockwell, Carsten Warneke
NOAA ESRL Chemical Sciences Division
NOAA PTR-ToF-MS
USOS
1,1 
2024, 07, 16, 2025, 09, 19
0
Time_Start, seconds, number of seconds from 00:00 UTC 
22
1, 1, 1, 1, 1, 1, 1, 1, 1, 1, 1, 1, 1, 1, 1, 1, 1, 1, 1, 1, 1, 1
-9999, -9999, -9999, -9999, -9999, -9999, -9999, -9999, -9999, -9999, -9999, -9999, -9999, -9999, -9999, -9999, -9999, -9999, -9999, -9999, -9999, -9999
CH3OH_NOAAPTR_ppbv,  ppbv, Gas_CH3OH_InSitu_S_AVMR, (CH3OH) methanol
CH3CN_NOAAPTR_ppbv,  ppbv, Gas_CH3CN_InSitu_S_AVMR, (CH3CN) acetonitrile
CH3CHO_NOAAPTR_ppbv,  ppbv, Gas_CH3CHO_InSitu_S_AVMR, (CH3CHO) acetaldehyde plus contributions from ethylene glycol and ethylene oxide. Interference from ethanol has been subtracted out.
C2H5OH_NOAAPTR_ppbv,  ppbv, Gas_C2H5OH_InSitu_S_AVMR, (C2H5OH) ethanol
CH3SH_NOAAPTR_ppbv,  ppbv, Gas_CH3SH_InSitu_S_AVMR, (CH3SH) methanethiol, using calibration factor for DMS
Acrolein_NOAAPTR_ppbv,  ppbv, Gas_Acrolein_InSitu_S_AVMR, (C3H4O) acrolein
AcetonePropanal_NOAAPTR_ppbv,  ppbv, Gas_AcetoneAndPropanal_InSitu_S_AVMR, (C3H6O) sum of acetone (dominant isomer) and propanal, using calibration factor for acetone
DMS_NOAAPTR_ppbv,  ppbv, Gas_DMS_InSitu_S_AVMR, (C2H6S) dimethyl sulfide with possible small contributions from ethanethiol
C5H8_NOAAPTR_ppbv,  ppbv, Gas_Isoprene_InSitu_S_AVMR, (C5H8) isoprene and possible fragments from cycloalkanes and aldehydes. Interferences have been subtracted following methods described by Coggon et al (2023)
MVKMAC_NOAAPTR_ppbv,  ppbv, Gas_MVKAndMAC_InSitu_S_AVMR, (C4H6O) sum of methyl vinyl ketone, methacrolein, and small amounts of crotonaldehyde, using weighted calibration factor for MVK (0.637) and MACR (0.363)
Benzene_NOAAPTR_ppbv,  ppbv, Gas_Benzene_InSitu_S_AVMR, (C6H6) benzene
Toluene_NOAAPTR_ppbv,  ppbv, Gas_Toluene_InSitu_S_AVMR, (C7H8) toluene with possible small contributions of fragments from ethyltoluene
Styrene_NOAAPTR_ppbv,  ppbv, Gas_Styrene_InSitu_S_AVMR, (C8H8) styrene
Benzaldehyde_NOAAPTR_ppbv,  ppbv, Gas_Benzaldehyde_InSitu_S_AVMR, (C7H6O) benzaldehyde
C8Aromatics_NOAAPTR_ppbv,  ppbv, Gas_C8Aromatics_InSitu_M_AVMR, (C8H10) sum of m-xylene, p-xylene, o-xylene, and ethyl benzene
C9Aromatics_NOAAPTR_ppbv,  ppbv, Gas_C9Aromatics_InSitu_M_AVMR, (C9H12) sum of C9 aromatics
Naphthalene_NOAAPTR_ppbv,  ppbv, Gas_Naphthalene_InSitu_S_AVMR, (C10H8) naphthalene
Octanal_NOAAPTR_ppbv,  ppbv, Gas_Octanal_InSitu_S_AVMR, (C8H16O) octanal and small amounts of octanone
Monoterpenes_NOAAPTR_ppbv,  ppbv, Gas_Monoterpenes_InSitu_M_AVMR, (C10H16) sum of monoterpenes and possible contributions from fragments of oxygenated monoterpenoids such as eucalyptol.
Nonanal_NOAAPTR_ppbv,  ppbv, Gas_Nonanal_InSitu_M_AVMR, (C9H18O) nonanal and small amounts of nonanone
C7H4ClF3_NOAAPTR_ppbv,  ppbv, Gas_C7H4ClF3_InSitu_S_AVMR, (C7H4ClF3) parachlorobenzotrifluoride
C10H30O5Si5_NOAAPTR_ppbv,  ppbv, Gas_C10H30O5Si5_InSitu_S_AVMR, (C10H30O5Si5) decamethylcyclopentasiloxane
1
SPECIAL COMMENTS:N/A
21
PI_CONTACT_INFO: NOAA ESRL Chemical Sciences Division, Tropospheric Chemistry Group. 325 Broadway, R/CSD7, Boulder, CO 80305
PLATFORM: Mobile Laboratory.
LOCATION: Salt Lake City, UT
ASSOCIATED_DATA: N/A
INSTRUMENT_INFO: NOAA PTR-ToF-MS measurements on NOAA CSL Mobile Lab
DATA_INFO: Units: ppbv
UNCERTAINTY: See OTHER_COMMENTS
ULOD_FLAG: -7777
ULOD_VALUE: N/A
LLOD_FLAG: -8888
LLOD_VALUE: N/A.
DM_CONTACT_INFO: Data Managers: Matt Coggon, Kelvin Bates, Chelsea Stockwell; email: matthew.m.coggon@noaa.gov and kelvin.bates@colorado.edu
PROJECT_INFO: USOS Deployment July-August, 2024
STIPULATIONS_ON_USE: Use of these data require prior OK from PI.
OTHER_COMMENTS: Uncertainties:
CH3OH_NOAAPTR_ppbv:30%; CH3CN_NOAAPTR_ppbv:30%; CH3CHO_NOAAPTR_ppbv:30%; C2H5OH_NOAAPTR_ppbv:30%; CH3SH_NOAAPTR_ppbv:50%; Acrolein_NOAAPTR_ppbv:30%; AcetonePropanal_NOAAPTR_ppbv:30%; DMS_NOAAPTR_ppbv:30%; C5H8_NOAAPTR_ppbv:30%; MVKMAC_NOAAPTR_ppbv:30%; 
Benzene_NOAAPTR_ppbv:30%; Toluene_NOAAPTR_ppbv:30%; Styrene_NOAAPTR_ppbv:30%; Benzaldehyde_NOAAPTR_ppbv:30%; C8Aromatics_NOAAPTR_ppbv:30%; C9Aromatics_NOAAPTR_ppbv:30%; Naphthalene_NOAAPTR_ppbv:30%; Octanal_NOAAPTR_ppbv:30%; Monoterpenes_NOAAPTR_ppbv:30%; Nonanal_NOAAPTR_ppbv:30%; 
C7H4ClF3_NOAAPTR_ppbv:30%; C10H30O5Si5_NOAAPTR_ppbv:30%; 
REVISION: R0
R0: Calibrated PTR Data. See individual species comments for details about measurement uncertainties
Time_Start, CH3OH_NOAAPTR_ppbv, CH3CN_NOAAPTR_ppbv, CH3CHO_NOAAPTR_ppbv, C2H5OH_NOAAPTR_ppbv, CH3SH_NOAAPTR_ppbv, Acrolein_NOAAPTR_ppbv, AcetonePropanal_NOAAPTR_ppbv, DMS_NOAAPTR_ppbv, C5H8_NOAAPTR_ppbv, MVKMAC_NOAAPTR_ppbv, Benzene_NOAAPTR_ppbv, Toluene_NOAAPTR_ppbv, Styrene_NOAAPTR_ppbv, Benzaldehyde_NOAAPTR_ppbv, C8Aromatics_NOAAPTR_ppbv, C9Aromatics_NOAAPTR_ppbv, Naphthalene_NOAAPTR_ppbv, Octanal_NOAAPTR_ppbv, Monoterpenes_NOAAPTR_ppbv, Nonanal_NOAAPTR_ppbv, C7H4ClF3_NOAAPTR_ppbv, C10H30O5Si5_NOAAPTR_ppbv
[from data line 519]
31140.0, -9999.00000, -9999.00000, -9999.00000, -9999.00000, -9999.00000, -9999.00000, -9999.00000, -9999.00000, -9999.00000, -9999.00000, -9999.00000, -9999.00000, -9999.00000, -9999.00000, -9999.00000, -9999.00000, -9999.00000, -9999.00000, -9999.00000, -9999.00000, -9999.00000, -9999.00000 
31200.0, -9999.00000, -9999.00000, -9999.00000, -9999.00000, -9999.00000, -9999.00000, -9999.00000, -9999.00000, -9999.00000, -9999.00000, -9999.00000, -9999.00000, -9999.00000, -9999.00000, -9999.00000, -9999.00000, -9999.00000, -9999.00000, -9999.00000, -9999.00000, -9999.00000, -9999.00000 
31260.0, -9999.00000, -9999.00000, -9999.00000, -9999.00000, -9999.00000, -9999.00000, -9999.00000, -9999.00000, -9999.00000, -9999.00000, -9999.00000, -9999.00000, -9999.00000, -9999.00000, -9999.00000, -9999.00000, -9999.00000, -9999.00000, -9999.00000, -9999.00000, -9999.00000, -9999.00000 
31320.0, -9999.00000, -9999.00000, -9999.00000, -9999.00000, -9999.00000, -9999.00000, -9999.00000, -9999.00000, -9999.00000, -9999.00000, -9999.00000, -9999.00000, -9999.00000, -9999.00000, -9999.00000, -9999.00000, -9999.00000, -9999.00000, -9999.00000, -9999.00000, -9999.00000, -9999.00000 
31380.0, -9999.00000, -9999.00000, -9999.00000, -9999.00000, -9999.00000, -9999.00000, -9999.00000, -9999.00000, -9999.00000, -9999.00000, -9999.00000, -9999.00000, -9999.00000, -9999.00000, -9999.00000, -9999.00000, -9999.00000, -9999.00000, -9999.00000, -9999.00000, -9999.00000, -9999.00000 
31440.0, -9999.00000, -9999.00000, -9999.00000, -9999.00000, -9999.00000, -9999.00000, -9999.00000, -9999.00000, -9999.00000, -9999.00000, -9999.00000, -9999.00000, -9999.00000, -9999.00000, -9999.00000, -9999.00000, -9999.00000, -9999.00000, -9999.00000, -9999.00000, -9999.00000, -9999.00000 
31500.0, -9999.00000, -9999.00000, -9999.00000, -9999.00000, -9999.00000, -9999.00000, -9999.00000, -9999.00000, -9999.00000, -9999.00000, -9999.00000, -9999.00000, -9999.00000, -9999.00000, -9999.00000, -9999.00000, -9999.00000, -9999.00000, -9999.00000, -9999.00000, -9999.00000, -9999.00000 
31560.0, 8.33791, 0.28993, -9999.00000, 1.45124, 0.00148, 0.17206, 4.42063, 0.00007, -9999.00000, 0.20419, 0.16652, 0.10797, 0.03137, 0.05259, 0.06749, 0.05350, 0.01143, 0.02364, 0.07502, 0.03625, 0.00096, 0.00007 
31620.0, 7.69329, 0.29754, 1.32340, 1.56285, 0.00243, 0.17981, 4.38398, 0.00669, 0.17097, 0.21416, 0.06425, 0.09962, 0.00764, 0.04039, 0.05516, 0.03501, -0.00119, 0.02213, 0.09203, 0.02114, 0.00246, 0.00015 
31680.0, 7.37315, 0.29722, 1.35558, 1.95151, 0.00384, 0.19435, 4.43286, -0.00285, 0.15158, 0.20394, 0.03718, 0.10423, 0.00504, 0.01378, 0.05636, 0.03376, -0.00665, 0.02529, 0.09527, 0.04680, 0.00048, 0.00424 
31740.0, 7.82211, 0.27850, 1.22824, 1.70487, 0.00188, 0.20786, 4.35529, 0.00605, 0.19374, 0.19800, 0.06065, 0.09390, 0.01108, 0.03851, 0.05436, 0.03260, -0.00184, 0.01691, 0.08295, 0.04255, -0.00155, 0.00153 
31800.0, 8.26685, 0.28275, 1.40401, 1.44772, -0.00055, 0.18774, 4.49006, 0.00716, 0.18012, 0.20878, 0.05674, 0.11727, 0.02143, 0.03764, 0.05349, 0.02223, 0.00168, 0.02662, 0.08491, 0.04215, 0.00224, -0.00049 
31860.0, 8.49169, 0.28786, 1.24720, 1.67581, 0.00151, 0.16545, 4.52560, -0.00276, 0.21776, 0.19389, 0.05295, 0.08471, 0.02144, 0.02470, 0.05779, 0.03324, 0.01793, 0.01877, 0.07302, 0.02295, 0.00172, 0.00190 
31920.0, 8.45276, 0.28476, 1.37938, 2.78470, 0.00286, 0.20684, 4.59926, 0.01587, 0.15321, 0.22631, 0.15416, 0.32147, 0.02640, 0.01683, 0.19656, 0.08027, -0.00124, 0.03299, 0.09081, 0.03557, 0.00314, 0.00343 
31980.0, 8.75912, 0.29137, 1.40938, 1.36456, -0.00008, 0.16619, 4.45129, 0.00278, 0.16875, 0.21007, 0.05119, 0.10169, 0.01017, 0.04932, 0.05378, 0.01802, 0.02312, 0.01689, 0.08070, 0.04091, 0.00555, 0.00128 
32040.0, 8.34347, 0.28452, 1.37080, 1.27237, 0.00428, 0.21456, 4.42654, 0.01332, 0.17957, 0.21859, 0.03035, 0.09462, -0.00484, 0.02081, 0.04108, 0.02419, -0.00665, 0.02115, 0.09402, 0.03387, 0.00470, 0.00203 
32100.0, 8.12984, 0.29626, 1.45320, 1.51288, 0.00188, 0.18357, 4.49024, 0.00646, 0.19031, 0.21069, 0.08442, 0.09145, 0.01466, 0.04731, 0.05258, 0.02206, -0.00665, 0.02549, 0.09634, 0.04754, 0.00392, -0.00006 
32160.0, 9.28692, 0.28612, 1.50258, 1.59471, 0.00271, 0.18974, 4.51862, 0.00190, 0.20481, 0.20442, 0.10502, 0.12342, 0.01727, 0.05422, 0.04978, 0.02011, -0.00131, 0.03585, 0.10123, 0.04471, -0.00155, -0.00019 
32220.0, 8.02428, 0.29412, 1.30750, 1.46599, 0.00064, 0.19005, 4.46594, 0.00975, 0.19892, 0.20904, 0.07411, 0.09427, 0.01774, 0.03118, 0.04802, 0.01965, -0.00205, 0.01699, 0.07243, 0.03762, 0.00007, 0.00168 
32280.0, 8.21676, 0.29306, 1.33285, 1.58812, 0.00044, 0.13567, 4.37884, 0.00608, 0.19794, 0.22061, 0.08120, 0.10722, 0.02041, 0.03946, 0.05142, 0.02863, 0.00091, 0.02282, 0.09642, 0.03032, 0.00475, -0.00061 
32340.0, 8.05547, 0.30505, 1.37879, 1.50680, 0.00320, 0.19038, 4.45594, 0.00836, 0.17833, 0.23449, 0.08627, 0.11324, 0.00810, 0.03821, 0.06034, 0.02267, 0.00763, 0.03375, 0.08367, 0.03777, 0.00219, 0.00344 
32400.0, 8.21316, 0.29991, 1.56983, 1.91924, 0.00404, 0.20409, 4.38957, -0.00294, 0.22339, 0.20084, 0.04415, 0.11715, 0.00077, 0.03475, 0.05723, 0.01749, -0.00664, 0.03180, 0.10579, 0.04304, 0.00534, -0.00017 
32460.0, 8.98350, 0.29241, 1.43320, 1.91900, 0.00220, 0.20585, 4.49787, -0.00293, 0.17833, 0.23177, 0.07819, 0.10907, -0.00486, 0.01710, 0.05019, 0.02376, 0.00112, 0.02404, 0.10303, 0.03837, -0.00152, 0.00172 
32520.0, 8.02819, 0.28995, 1.39485, 1.79236, -0.00096, 0.17731, 4.46045, 0.00190, 0.18225, 0.21714, 0.05110, 0.10198, 0.00557, 0.03480, 0.04863, 0.02325, 0.02070, 0.04654, 0.09267, 0.04037, 0.00158, -0.00030 
32580.0, 8.70887, 0.29956, 1.42215, 1.58633, 0.00029, 0.17579, 4.59245, 0.00991, 0.20281, 0.19734, 0.00893, 0.12092, 0.00917, 0.03068, 0.05257, 0.01787, -0.00282, 0.02280, 0.09570, 0.02295, 0.00018, 0.00297 
32640.0, 8.22549, 0.28730, 1.35018, 1.72074, 0.00180, 0.22509, 4.42133, 0.01367, 0.17516, 0.22341, 0.00909, 0.09482, 0.00839, 0.03418, 0.05021, 0.01639, 0.01202, 0.02885, 0.07675, 0.03103, 0.00014, 0.00284 
32700.0, 8.63797, 0.28656, 1.47233, 1.58069, 0.00254, 0.19820, 4.44686, 0.00436, 0.19951, 0.20452, 0.03361, 0.10525, 0.01930, 0.04414, 0.05385, 0.02368, 0.00969, 0.02236, 0.09431, 0.02843, 0.00206, 0.00213 
32760.0, 7.84944, 0.29364, 1.43562, 1.50150, 0.00100, 0.16309, 4.47526, 0.00383, 0.15162, 0.21142, 0.02982, 0.09475, 0.00809, 0.01831, 0.04878, 0.02165, 0.00402, 0.03309, 0.10989, 0.03876, 0.00282, 0.00064 
32820.0, 8.04753, 0.29939, 1.58150, 1.60082, 0.00197, 0.15975, 4.56709, -0.00298, 0.19297, 0.19155, 0.08678, 0.14800, 0.00984, 0.03993, 0.06826, 0.02123, 0.00498, 0.04631, 0.12484, 0.03413, -0.00031, 0.00301 
32880.0, 8.21707, 0.28942, 1.37338, 1.45346, 0.00271, 0.18964, 4.47506, 0.01633, 0.18523, 0.19796, 0.10268, 0.10977, 0.01224, 0.03947, 0.04850, 0.01261, 0.00931, 0.03737, 0.08422, 0.02746, 0.00115, 0.00020 
32940.0, 7.44684, 0.28335, 1.36786, 1.97669, 0.00134, 0.20617, 4.50838, 0.01005, 0.17014, 0.21869, 0.09903, 0.10517, 0.00084, 0.03002, 0.05557, 0.00975, 0.00598, 0.03455, 0.08027, 0.05658, 0.00406, 0.00019 
33000.0, 8.19941, 0.28226, 1.25768, 1.77278, 0.00340, 0.17595, 4.57632, -0.00300, 0.16816, 0.23162, 0.06310, 0.10640, 0.01009, 0.04382, 0.05115, 0.01805, -0.00663, 0.01516, 0.09850, 0.03714, 0.00189, 0.00014 
33060.0, 10.18241, 0.29977, 1.38827, 1.75940, -0.00021, 0.21886, 4.56344, 0.01311, 0.22163, 0.21321, 0.08001, 0.11788, 0.00974, 0.03987, 0.05593, 0.01923, 0.00969, 0.03227, 0.13626, 0.03142, 0.00090, 0.00080 
33120.0, 8.24397, 0.27723, 1.68118, 2.09004, 0.00360, 0.20946, 4.53626, 0.01490, 0.20105, 0.21761, 0.05160, 0.11194, 0.01138, 0.03121, 0.05823, 0.01666, -0.00365, 0.02358, 0.12456, 0.04899, 0.00201, 0.00127 
33180.0, 8.52238, 0.30315, 1.57415, 2.13623, 0.00100, 0.16281, 4.51693, -0.00146, 0.16513, 0.20054, 0.08801, 0.16939, 0.01300, 0.04129, 0.08623, 0.04023, 0.00803, 0.02265, 0.12503, 0.02957, 0.00257, 0.00086 
33240.0, 8.37199, 0.29132, 1.44342, 1.88345, 0.00114, 0.21699, 4.51166, 0.00897, 0.18432, 0.20509, 0.05726, 0.12552, 0.01195, 0.04401, 0.05913, 0.02568, 0.00557, 0.03135, 0.10795, 0.03723, 0.00726, 0.00041 
33300.0, 9.24815, 0.29873, 1.57640, 1.91104, 0.00027, 0.17389, 4.56466, -0.00303, 0.15544, 0.21398, 0.08541, 0.13508, 0.02154, 0.05241, 0.06766, 0.02997, 0.00896, 0.02535, 0.11762, 0.05232, 0.00153, 0.00111 
33360.0, 8.46641, 0.29885, 1.53313, 1.77967, 0.00250, 0.19122, 4.53285, 0.01081, 0.17882, 0.22456, 0.03878, 0.11839, -0.00491, 0.02399, 0.05644, 0.01338, -0.00285, 0.02393, 0.09276, 0.03522, -0.00061, 0.00207 
33420.0, 8.61512, 0.29784, 1.45071, 1.64342, 0.00344, 0.16634, 4.47612, -0.00024, 0.18061, 0.21530, 0.05504, 0.08681, 0.00979, 0.04080, 0.06072, 0.01695, 0.01112, 0.02361, 0.08313, 0.04592, -0.00046, 0.00244 
33480.0, 8.81752, 0.26530, 1.40503, 1.73862, -0.00017, 0.19908, 4.45629, 0.00167, 0.18225, 0.21689, 0.03332, 0.12053, 0.00604, 0.02714, 0.05789, 0.03077, 0.00974, 0.02196, 0.09166, 0.04061, 0.00003, 0.00093 
33540.0, 7.90363, 0.26879, 1.61013, 2.79857, 0.00623, 0.20496, 4.47280, 0.00465, 0.19467, 0.21287, 0.15189, 0.29726, 0.02888, 0.03972, 0.14945, 0.05915, -0.00213, 0.01507, 0.11124, 0.02841, 0.00252, 0.00265 
33600.0, 9.33283, 0.30721, 1.44325, 1.69545, 0.00456, 0.20802, 4.49096, -0.00306, 0.18839, 0.22918, 0.05234, 0.13666, 0.01515, 0.04517, 0.05803, 0.03168, 0.00250, 0.02642, 0.08620, 0.04425, 0.00265, 0.00195 
33660.0, 8.15440, 0.28043, 1.45905, 1.87622, 0.00278, 0.18360, 4.47010, 0.00573, 0.14835, 0.20192, 0.04009, 0.11839, 0.00451, 0.03431, 0.06355, 0.02813, -0.00540, 0.02776, 0.09218, 0.03225, 0.00502, 0.00198 
33720.0, 8.49465, 0.26274, 1.44042, 1.59986, 0.00290, 0.21560, 4.45313, 0.00391, 0.17253, 0.18386, -0.00393, 0.11457, 0.00381, 0.02263, 0.05345, 0.01593, -0.00167, 0.02877, 0.07963, 0.04342, 0.00280, 0.00119 
33780.0, 9.29369, 0.29687, 1.39029, 1.91991, 0.00226, 0.19951, 4.50348, -0.00308, 0.17238, 0.20154, 0.02645, 0.12977, 0.02212, 0.04188, 0.05395, 0.02838, 0.01722, 0.01915, 0.11652, 0.04854, -0.00154, 0.00287 
33840.0, 8.68622, 0.27681, 1.45054, 1.95910, 0.00069, 0.18057, 4.45118, 0.01033, 0.17357, 0.21441, 0.04117, 0.09743, 0.01013, 0.03729, 0.05963, 0.03151, 0.00681, 0.02525, 0.11362, 0.03876, 0.00119, 0.00178 
33900.0, 8.44957, 0.30753, 1.41799, 2.28586, 0.00006, 0.20705, 4.48308, 0.00232, 0.15368, 0.22001, 0.06341, 0.11370, 0.01147, 0.02869, 0.05786, 0.01661, 0.00193, 0.03026, 0.10008, 0.03525, 0.00320, 0.00131 
33960.0, 9.65878, 0.30508, 1.69308, 2.84741, 0.00058, 0.23569, 5.33463, -0.00309, 0.12040, 0.21509, 0.08887, 0.10234, 0.01825, 0.04258, 0.07274, 0.02564, 0.00971, 0.03207, 0.11004, 0.04378, 0.00447, 0.00316 
34020.0, 9.38614, 0.30894, 1.39867, 1.86728, 0.00065, 0.20341, 4.55989, 0.00326, 0.19260, 0.22487, 0.05658, 0.12044, 0.02079, 0.02098, 0.06895, 0.03357, 0.00462, 0.04507, 0.10183, 0.02423, -0.00121, 0.00170 
34080.0, 7.71928, 0.30573, 1.62893, 1.71728, -0.00085, 0.18608, 4.52479, 0.00248, 0.18066, 0.20284, 0.08314, 0.12119, 0.00731, 0.05195, 0.07067, 0.01848, -0.00662, 0.02870, 0.10129, 0.03982, 0.00521, 0.00141 
34140.0, 8.95793, 0.28296, 1.57106, 2.46866, 0.00505, 0.20507, 4.59013, -0.00311, 0.15242, 0.20474, 0.04087, 0.12150, 0.01348, 0.04027, 0.07125, 0.02559, -0.00662, 0.03963, 0.11088, 0.03675, 0.00282, 0.00295 
34200.0, 8.96685, 0.30233, 1.70561, 2.29680, 0.00508, 0.19136, 4.51724, 0.00572, 0.17641, 0.22354, 0.07092, 0.12480, 0.01132, 0.03164, 0.06684, 0.02953, -0.00362, 0.03260, 0.11063, 0.06390, -0.00023, -0.00036 
34260.0, 8.77026, 0.28574, 1.72290, 2.45433, 0.00395, 0.18200, 4.62082, 0.00534, 0.16171, 0.21200, 0.08104, 0.16594, 0.02249, 0.04013, 0.07677, 0.03444, -0.00662, 0.03258, 0.12633, 0.04706, 0.00253, 0.00230 
34320.0, 8.79769, 0.26806, 1.68127, 3.05194, -0.00102, 0.22963, 4.70772, 0.00746, 0.15889, 0.20198, 0.15146, 0.19710, 0.04355, 0.05923, 0.08350, 0.03142, 0.00129, 0.02986, 0.11653, 0.05255, -0.00080, 0.00075 
34380.0, 9.27607, 0.29713, 1.69580, 3.18578, 0.00510, 0.19182, 4.72429, 0.00537, 0.15355, 0.21379, 0.04564, 0.16629, 0.03790, 0.03706, 0.09481, 0.03847, -0.00661, 0.02154, 0.11219, 0.06441, 0.00415, 0.00127 
34440.0, 9.17430, 0.27942, 1.79233, 2.92384, 0.00460, 0.22458, 4.67698, -0.00314, 0.17933, 0.22037, 0.07391, 0.18693, 0.01445, 0.01594, 0.09959, 0.03445, 0.00011, 0.03629, 0.08787, 0.07244, 0.00279, 0.00475 
34500.0, 10.75531, 0.27363, 1.84074, 2.78508, -0.00076, 0.20434, 4.79364, 0.00730, 0.16964, 0.24401, 0.09533, 0.15547, 0.04949, 0.02351, 0.10150, 0.03942, 0.00420, 0.03120, 0.13259, 0.03684, 0.00102, 0.00395 
34560.0, 9.99765, 0.28762, 1.79538, 3.15186, -0.00102, 0.20501, 4.71162, 0.02053, 0.18362, 0.21221, 0.08082, 0.19566, 0.08333, 0.04265, 0.10131, 0.03887, 0.00438, 0.02691, 0.11244, 0.06481, 0.00506, 0.00304 
34620.0, 7.75761, 0.29383, 1.46737, 1.93633, 0.00085, 0.22404, 4.52541, 0.01261, 0.13544, 0.20568, 0.04282, 0.10624, 0.04304, 0.03759, 0.06881, 0.02779, -0.00195, 0.02937, 0.09861, 0.02914, 0.00162, 0.00007 
34680.0, 10.31761, 0.28492, 1.65682, 2.97864, 0.00638, 0.22217, 4.65288, 0.00304, 0.17029, 0.21882, 0.06615, 0.15706, 0.07668, 0.04247, 0.08957, 0.03211, 0.00699, 0.04758, 0.09938, 0.02727, 0.00463, 0.00220 
34740.0, 8.86934, 0.28411, 1.47579, 1.70414, 0.00354, 0.20112, 4.49963, 0.00402, 0.13271, 0.19290, 0.08966, 0.12763, 0.01005, 0.05044, 0.05593, 0.01678, 0.01828, 0.04921, 0.09743, 0.03262, 0.00126, 0.00097 
34800.0, 8.39080, 0.27492, 1.50536, 1.98019, -0.00014, 0.18053, 4.62953, 0.00672, 0.13339, 0.19380, 0.08753, 0.13762, 0.02800, 0.02384, 0.07632, 0.03159, -0.00661, 0.03519, 0.10785, 0.03101, 0.00272, 0.00066 
34860.0, 9.91195, 0.28640, 1.75170, 2.82828, 0.00342, 0.21878, 4.66416, 0.00202, 0.17258, 0.21652, 0.03104, 0.15618, 0.05235, 0.05027, 0.07499, 0.03238, 0.01045, 0.03002, 0.10643, 0.03969, -0.00119, 0.00027 
34920.0, 9.62191, 0.30507, 1.86636, 3.27276, 0.00585, 0.22965, 4.76701, 0.01225, 0.14519, 0.22976, 0.09309, 0.21086, 0.07696, 0.06248, 0.10760, 0.03481, 0.01849, 0.04489, 0.12166, 0.07174, 0.00317, 0.00291 
34980.0, 9.93225, 0.28882, 1.40777, 2.11253, 0.00392, 0.20295, 4.53455, 0.00820, 0.17142, 0.21511, 0.09767, 0.12676, 0.03746, 0.03428, 0.05795, 0.02878, -0.00405, 0.02441, 0.09670, 0.03155, -0.00103, 0.00099 
35040.0, 9.82590, 0.27762, 1.56944, 1.92626, 0.00013, 0.17946, 4.56468, 0.00074, 0.17288, 0.21889, 0.06212, 0.11270, 0.03252, 0.05317, 0.08248, 0.02260, 0.01161, 0.03503, 0.11669, 0.05145, 0.00264, 0.00165 
35100.0, 9.33748, 0.26426, 1.46006, 2.13526, 0.00118, 0.19926, 4.60346, 0.00783, 0.17374, 0.20292, 0.05713, 0.14132, 0.03071, 0.05238, 0.08344, 0.03322, 0.00466, 0.03638, 0.10880, 0.03702, 0.00183, 0.00151 
35160.0, 11.24293, 0.27266, 2.05574, 4.05526, 0.00047, 0.20996, 4.82358, 0.00681, 0.16428, 0.22345, 0.08414, 0.22267, 0.04975, 0.03090, 0.13156, 0.05211, 0.01550, 0.04992, 0.22763, 0.07156, 0.00715, 0.00096 
35220.0, 11.39617, 0.28091, 2.38371, 4.56127, 0.00154, 0.25107, 5.03554, 0.01116, 0.21592, 0.21766, 0.12587, 0.35200, 0.04771, 0.03973, 0.17679, 0.08669, 0.01636, 0.02609, 0.17067, 0.03462, 0.00353, 0.00568 
35280.0, 11.29997, 0.30416, 2.40375, 4.48715, 0.00615, 0.24255, 4.93764, 0.01080, 0.18127, 0.23879, 0.10269, 0.26908, 0.09605, 0.05172, 0.15511, 0.06920, 0.01406, 0.03783, 0.14885, 0.07117, 0.00589, 0.00140 
35340.0, 12.13023, 0.28821, 2.21980, 4.51496, 0.00501, 0.24670, 5.05869, 0.01407, 0.19052, 0.23068, 0.07299, 0.27019, 0.12905, 0.05979, 0.14697, 0.06660, 0.01551, 0.04550, 0.13151, 0.08043, 0.00272, 0.00418 
35400.0, 11.75915, 0.25999, 2.37868, 4.70366, 0.00179, 0.23187, 5.07776, 0.00503, 0.14303, 0.21951, 0.09952, 0.28079, 0.09226, 0.04996, 0.17150, 0.06068, 0.00843, 0.04397, 0.13211, 0.05830, 0.00614, 0.00367 
