CampaignData_and_Merges/R0/CSL_MobileLab_Parked/raw/20240716/USOS-NOAAIodideCIMS-HNO2_MobileLabGround_20240716_RA.ict
34, 1001
Michael A Robinson, Chris Jernigan, Subi Thakali
NOAA ESRL Chemical Sciences Laboratory and CIRES, U. of Colorado
NOAA Iodide CIMS Instrument
USOS
1, 1
2024, 07, 16, 2024, 07, 17
0
starttime_UTC, seconds_past_midnight, seconds_of_day_since_00:00:00_UTC
1
1
-9999
HNO2_NOAACIMS, pptv, Gas_HNO2_InSitu_S_AVMR
1
N/A
18
PI_CONTACT_INFO: 325 Broadway, R/CSD 7, Boulder, Colorado 80305; michael.a.robinson@noaa.gov; chris.jernigan@noaa.gov;
PLATFORM: NOAA CSL Mobile Lab
LOCATION: SLC, Utah
ASSOCIATED_DATA: 1Hz data also available on request.
INSTRUMENT_INFO: NOAA I- ToF CIMS
DATA_INFO: Units: pptv
UNCERTAINTY: tbd
ULOD_FLAG: -7777
ULOD_VALUE: N/A
LLOD_FLAG: -8888
LLOD_VALUE: N/A
DM_CONTACT_INFO: Nathan Howard; nathan.h.howard@noaa.gov
PROJECT_INFO: USOS, summer 2024. https://csl.noaa.gov/groups/csl7/measurements/2024usos/
STIPULATIONS_ON_USE: only the USOS science team is allowed to use this data
OTHER_COMMENTS: Field data; Data are averaged to 1 minute intervals. Stationary data collected from a 10 ft tower on top of the mobile lab
REVISION: RA
RA: Preliminary Data; For in-field use only
starttime_UTC, HNO2_NOAACIMS
0,6.770
60,6.543
120,13.902
180,2.618
240,13.576
300,2.855
360,6.254
420,10.698
480,23.616
540,10.345
600,13.401
660,11.330
720,14.758
780,9.485
840,9.360
900,10.172
960,4.198
1020,2.511
1080,5.281
1140,7.269
1200,5.018
1260,3.950
1320,-0.097
1380,21.298
1440,8.970
1500,4.125
1560,9.691
1620,-0.381
1680,2.309
1740,3.547
1800,4.373
1860,2.006
1920,5.493
1980,5.088
2040,4.808
2100,6.805
2160,3.810
2220,10.011
2280,5.683
2340,2.337
2400,9.730
2460,8.337
2520,2.698
2580,11.489
2640,4.526
2700,9.426
2760,0.650
2820,-1.472
2880,2.453
2940,15.562
3000,21.019
3060,18.936
3120,6.184
3180,9.016
3240,9.094
3300,8.690
3360,2.802
3420,0.700
3480,-0.891
3540,5.044
3600,2.865
3660,4.817
3720,2.436
3780,-2.253
3840,2.629
3900,1.030
3960,5.432
4020,8.852
4080,4.245
4140,7.048
4200,10.484
4260,11.912
4320,3.142
4380,3.088
4440,1.335
4500,7.382
4560,3.692
4620,1.110
4680,9.237
4740,6.786
4800,-0.925
4860,-0.489
4920,0.013
4980,6.344
5040,1.533
5100,13.940
5160,8.269
5220,7.016
5280,8.973
5340,5.017
5400,10.683
5460,7.832
5520,1.199
5580,13.603
5640,6.516
5700,9.214
5760,10.244
5820,11.432
5880,17.255
5940,24.249
6000,14.534
6060,6.598
6120,13.514
6180,9.594
6240,8.017
6300,10.042
6360,11.629
6420,17.491
6480,11.860
6540,12.005
6600,4.237
6660,3.992
6720,4.659
6780,8.348
6840,-5.653
6900,2.842
6960,11.043
7020,13.258
7080,9.275
7140,16.316
7200,4.291
7260,-0.122
7320,-3.263
7380,-3.021
7440,-3.450
7500,16.845
7560,-6.234
7620,-7.821
7680,-2.694
7740,-0.548
7800,4.140
7860,14.866
7920,10.234
7980,2.123
8040,2.809
8100,25.951
8160,8.959
8220,14.873
8280,15.317
8340,20.583
8400,13.619
8460,15.491
8520,11.571
8580,25.003
8640,18.194
8700,37.400
8760,16.987
8820,7.517
8880,9.552
8940,20.485
9000,-4.095
9060,0.587
9120,18.282
9180,19.059
9240,18.429
9300,32.122
9360,27.725
9420,-16.237
9480,-5.655
9540,5.893
9600,13.492
9660,23.485
9720,23.068
9780,18.422
9840,21.169
9900,27.946
9960,9.232
10020,39.234
10080,36.613
10140,11.420
10200,20.305
10260,25.475
10320,27.005
10380,43.262
10440,56.511
10500,52.092
10560,34.687
10620,29.085
10680,59.142
10740,63.985
10800,55.761
10860,50.533
10920,52.296
10980,61.750
11040,59.700
11100,62.763
11160,57.215
11220,54.096
11280,43.755
11340,63.814
11400,48.184
11460,31.273
11520,39.125
11580,56.981
11640,58.796
11700,43.446
11760,50.105
11820,46.803
11880,44.060
11940,54.564
12000,53.760
12060,65.397
12120,62.011
12180,57.972
12240,70.078
12300,62.837
12360,58.263
12420,72.451
12480,62.447
12540,62.457
12600,54.482
12660,64.324
12720,55.580
12780,65.680
12840,54.243
12900,58.491
12960,68.240
13020,57.023
13080,-9999.000
13140,41.166
13200,56.088
13260,50.609
13320,54.683
13380,56.541
13440,68.461
13500,66.244
13560,57.676
13620,54.817
13680,60.219
13740,42.409
13800,50.141
13860,46.824
13920,48.604
13980,56.498
14040,54.151
14100,64.060
14160,76.449
14220,79.541
14280,80.455
14340,72.030
14400,33.580
14460,20.386
14520,37.368
14580,43.677
14640,29.374
14700,37.713
14760,29.172
14820,43.653
14880,37.529
14940,33.718
15000,40.344
15060,45.835
15120,43.314
15180,76.313
15240,99.033
15300,87.465
15360,90.256
15420,99.715
15480,99.691
15540,101.969
15600,99.719
15660,98.881
15720,99.980
15780,81.142
15840,94.544
15900,100.743
15960,80.556
16020,47.170
16080,43.772
16140,48.216
16200,38.257
16260,38.581
16320,41.434
16380,40.075
16440,48.807
16500,34.337
16560,47.011
16620,31.932
16680,31.787
16740,44.293
16800,43.075
16860,55.059
16920,55.426
16980,45.120
17040,41.715
17100,52.550
17160,48.539
17220,41.879
17280,41.094
17340,44.262
17400,43.225
17460,39.410
17520,35.485
17580,44.177
17640,44.840
17700,42.524
17760,47.581
17820,32.905
17880,38.936
17940,40.659
18000,33.900
18060,48.996
18120,67.569
18180,36.290
18240,41.872
18300,34.852
18360,39.539
18420,39.700
18480,46.786
18540,55.035
18600,63.270
18660,49.512
18720,53.980
18780,51.534
18840,54.772
18900,60.096
18960,56.995
19020,51.978
19080,54.303
19140,56.800
19200,49.496
19260,39.589
19320,46.348
19380,35.008
19440,36.440
19500,39.779
19560,39.266
19620,44.109
19680,41.390
19740,27.684
19800,26.042
19860,34.171
19920,30.626
19980,49.368
20040,43.574
20100,29.924
20160,50.387
20220,46.374
20280,60.271
20340,65.895
20400,67.449
20460,85.328
20520,70.343
20580,76.589
20640,92.941
20700,335.235
20760,459.915
20820,410.082
20880,279.916
20940,91.776
21000,100.895
21060,110.400
21120,89.656
21180,107.144
21240,111.950
21300,80.210
21360,87.074
21420,85.734
21480,81.691
21540,74.554
21600,80.727
21660,84.311
21720,88.167
21780,87.080
21840,90.264
21900,99.014
21960,88.651
22020,101.311
22080,104.441
22140,93.019
22200,92.262
22260,-9999.000
22320,-9999.000
22380,-9999.000
22440,102.455
22500,93.705
22560,96.518
22620,77.466
22680,74.288
22740,83.185
22800,64.611
22860,44.281
22920,53.706
22980,49.306
23040,46.991
23100,50.739
23160,48.669
23220,54.437
23280,47.097
23340,40.336
23400,43.977
23460,52.132
23520,31.272
23580,53.633
23640,47.397
23700,41.056
23760,48.878
23820,40.588
23880,42.660
23940,42.726
24000,61.866
24060,33.706
24120,25.943
24180,10.306
24240,38.890
24300,38.405
24360,36.274
24420,37.064
24480,45.802
24540,28.112
24600,37.778
24660,42.836
24720,46.542
24780,65.097
24840,33.791
24900,44.092
24960,34.287
25020,27.354
25080,20.592
25140,29.032
25200,18.080
25260,26.630
25320,24.430
25380,17.896
25440,17.853
25500,13.849
25560,23.916
25620,18.857
25680,15.943
25740,8.818
25800,23.829
25860,31.614
25920,34.605
25980,45.110
26040,63.351
26100,58.394
26160,47.509
26220,62.469
26280,55.625
26340,54.336
26400,67.330
26460,52.288
26520,63.019
26580,57.655
26640,50.055
26700,60.462
26760,54.631
26820,51.032
26880,57.540
26940,56.922
27000,59.947
27060,61.356
27120,72.349
27180,59.882
27240,55.826
27300,70.822
27360,79.339
27420,77.587
27480,81.158
27540,57.492
27600,47.007
27660,64.477
27720,58.375
27780,82.494
27840,88.986
27900,74.942
27960,59.849
28020,63.937
28080,67.829
28140,62.635
28200,67.704
28260,43.373
28320,49.340
28380,65.967
28440,53.383
28500,40.739
28560,53.072
28620,45.840
28680,47.143
28740,46.532
28800,57.396
28860,38.630
28920,31.567
28980,17.073
29040,19.692
29100,13.015
29160,19.643
29220,8.411
29280,10.771
29340,10.209
29400,5.441
29460,17.982
29520,12.968
29580,14.962
29640,15.313
29700,9.561
29760,0.490
29820,17.440
29880,21.074
29940,11.524
30000,14.340
30060,14.055
30120,2.658
30180,13.409
30240,15.263
30300,15.305
30360,7.985
30420,9.773
30480,14.956
30540,13.478
30600,17.362
30660,7.005
30720,15.256
30780,5.037
30840,13.638
30900,16.703
30960,20.758
31020,5.374
31080,17.910
31140,10.288
31200,8.315
31260,18.085
31320,21.736
31380,10.609
31440,19.881
31500,6.489
31560,-9999.000
31620,19.963
31680,15.936
31740,10.057
31800,13.951
31860,15.372
31920,10.997
31980,25.075
32040,20.635
32100,8.941
32160,17.517
32220,12.598
32280,11.248
32340,23.333
32400,19.706
32460,12.113
32520,14.863
32580,9.890
32640,7.414
32700,15.168
32760,14.720
32820,21.721
32880,27.911
32940,14.244
33000,10.377
33060,28.136
33120,15.247
33180,26.495
33240,26.181
33300,9.762
33360,16.587
33420,12.735
33480,20.321
33540,16.202
33600,15.081
33660,12.514
33720,9.356
33780,19.636
33840,15.496
33900,22.048
33960,22.537
34020,15.388
34080,7.333
34140,27.084
34200,40.377
34260,23.788
34320,25.125
34380,24.475
34440,16.488
34500,37.986
34560,47.442
34620,6.774
34680,6.006
34740,20.898
34800,13.733
34860,28.860
34920,31.281
34980,10.169
35040,14.521
35100,32.382
35160,65.873
35220,63.855
35280,41.973
35340,63.139
35400,67.073
35460,64.496
35520,34.354
35580,26.790
35640,5.741
35700,20.808
35760,15.654
35820,20.521
35880,59.455
35940,40.025
36000,55.590
36060,63.322
36120,54.200
36180,18.058
36240,21.127
36300,30.614
36360,49.061
36420,53.076
36480,25.887
36540,16.868
36600,21.082
36660,18.018
36720,12.526
36780,15.143
36840,17.085
36900,7.169
36960,12.792
37020,26.574
37080,26.089
37140,0.591
37200,9.846
37260,20.450
37320,16.380
37380,17.497
37440,10.932
37500,18.661
37560,21.042
37620,30.071
37680,33.410
37740,27.120
37800,29.645
37860,43.503
37920,54.175
37980,59.746
38040,39.098
38100,45.127
38160,56.836
38220,52.791
38280,69.431
38340,46.885
38400,32.488
38460,44.818
38520,56.602
38580,44.204
38640,43.017
38700,59.868
38760,86.003
38820,124.730
38880,120.338
38940,-9999.000
39000,61.048
39060,97.078
39120,93.790
39180,88.867
39240,156.590
39300,212.255
39360,169.415
39420,76.927
39480,74.792
39540,61.680
39600,51.834
39660,55.489
39720,38.092
39780,52.550
39840,60.838
39900,44.966
39960,38.732
40020,68.202
40080,62.509
40140,69.071
40200,59.057
40260,63.873
40320,59.661
40380,55.184
40440,63.079
40500,56.650
40560,51.127
40620,65.487
40680,59.576
40740,60.660
40800,45.541
40860,59.812
40920,71.934
40980,56.083
41040,57.979
41100,64.997
41160,60.528
41220,61.336
41280,62.403
41340,54.264
41400,53.589
41460,63.915
41520,70.959
41580,64.555
41640,51.453
41700,70.947
41760,76.859
41820,83.700
41880,54.805
41940,71.837
42000,84.275
42060,86.571
42120,87.814
42180,112.537
42240,103.097
42300,94.833
42360,94.719
42420,97.338
42480,77.076
42540,89.036
42600,106.599
42660,86.230
42720,66.935
42780,82.981
42840,79.114
42900,78.002
42960,79.891
43020,67.145
43080,85.308
43140,70.009
43200,82.464
43260,67.415
43320,67.141
43380,74.598
43440,75.059
43500,69.535
43560,59.139
43620,82.363
43680,68.996
43740,70.097
43800,62.501
43860,67.677
43920,84.334
43980,74.555
44040,58.097
44100,61.222
44160,74.742
44220,101.976
44280,123.878
44340,100.741
44400,58.924
44460,75.975
44520,61.111
44580,65.678
44640,82.104
44700,69.299
44760,74.374
44820,70.872
44880,92.168
44940,93.523
45000,65.029
45060,68.878
45120,58.202
45180,75.377
45240,79.262
45300,91.817
45360,84.841
45420,71.489
45480,59.777
45540,81.256
45600,96.985
45660,78.580
45720,84.887
45780,101.498
45840,99.736
45900,120.355
45960,118.306
46020,120.690
46080,143.362
46140,144.491
46200,168.943
46260,137.412
46320,119.899
46380,145.161
46440,165.798
46500,166.196
46560,144.099
46620,155.243
46680,167.190
46740,177.756
46800,223.675
46860,209.828
46920,166.952
46980,161.419
47040,138.500
47100,141.074
47160,115.427
47220,97.712
47280,124.651
47340,139.216
47400,83.651
47460,111.153
47520,91.900
47580,104.469
47640,105.578
47700,65.488
47760,67.792
47820,96.383
47880,89.423
47940,85.105
48000,84.797
48060,70.678
48120,57.935
48180,71.281
48240,56.868
48300,56.588
48360,62.273
48420,56.205
48480,46.922
48540,67.935
48600,82.283
48660,53.486
48720,68.012
48780,72.722
48840,52.764
48900,56.639
48960,65.230
49020,58.641
49080,41.790
49140,42.492
49200,33.953
49260,47.214
49320,46.592
49380,31.807
49440,59.011
49500,53.506
49560,41.461
49620,46.477
49680,67.837
49740,56.344
49800,73.148
49860,80.180
49920,79.139
49980,84.099
50040,67.351
50100,81.767
50160,84.467
50220,71.433
50280,79.788
50340,77.933
50400,113.717
50460,99.233
50520,101.624
50580,67.892
50640,83.310
50700,64.373
50760,89.688
50820,89.164
50880,88.507
50940,68.367
51000,67.041
51060,46.051
51120,37.977
51180,42.654
51240,56.645
51300,58.070
51360,92.278
51420,76.939
51480,70.827
51540,67.627
51600,42.175
51660,65.145
51720,46.980
51780,53.254
51840,46.865
51900,57.352
51960,41.893
52020,69.861
52080,84.729
52140,74.230
52200,78.397
52260,72.738
52320,72.677
52380,96.715
52440,90.578
52500,79.879
52560,55.235
52620,57.637
52680,69.931
52740,75.832
52800,88.802
52860,117.039
52920,92.159
52980,105.724
53040,83.388
53100,104.818
53160,91.401
53220,81.196
53280,90.543
53340,93.478
53400,93.884
53460,67.383
53520,75.847
53580,78.950
53640,86.455
53700,63.389
53760,67.642
53820,63.150
53880,63.855
53940,78.440
54000,67.178
54060,66.616
54120,65.069
54180,74.327
54240,90.408
54300,48.484
54360,72.099
54420,80.384
54480,62.768
54540,70.958
54600,59.924
54660,55.552
54720,60.825
54780,49.581
54840,58.598
54900,51.898
54960,40.211
55020,51.424
55080,50.700
55140,36.584
55200,42.214
55260,58.351
55320,42.209
55380,46.115
55440,43.483
55500,78.652
55560,120.833
55620,47.890
55680,49.750
55740,49.998
55800,56.940
55860,55.291
55920,55.092
55980,68.688
56040,48.796
56100,41.431
56160,34.421
56220,27.024
56280,32.615
56340,55.786
56400,39.569
56460,60.606
56520,47.518
56580,62.581
56640,76.590
56700,48.621
56760,35.878
56820,23.764
56880,28.171
56940,14.535
57000,8.450
57060,24.097
57120,12.096
57180,31.087
57240,19.259
57300,28.851
57360,22.891
57420,28.826
57480,30.198
57540,20.093
57600,32.153
57660,33.068
57720,18.697
57780,55.105
57840,45.597
57900,31.264
57960,32.216
58020,22.759
58080,24.829
58140,9.682
58200,16.070
58260,33.962
58320,24.188
58380,35.000
58440,37.958
58500,25.318
58560,59.482
58620,42.282
58680,51.177
58740,20.406
58800,20.022
58860,20.739
58920,24.223
58980,16.842
59040,21.198
59100,17.644
59160,22.801
59220,19.279
59280,18.786
59340,47.553
59400,84.300
59460,64.574
59520,72.522
59580,22.158
59640,17.675
59700,43.896
59760,14.767
59820,23.707
59880,22.951
59940,31.447
60000,19.006
60060,43.437
60120,98.706
60180,22.383
60240,18.594
60300,21.881
60360,13.624
60420,15.449
60480,11.745
60540,7.353
60600,17.166
60660,18.764
60720,10.712
60780,17.638
60840,19.970
60900,18.082
60960,19.933
61020,15.638
61080,13.003
61140,12.975
61200,22.205
61260,16.730
61320,40.883
61380,73.611
61440,61.694
61500,14.413
61560,10.080
61620,11.588
61680,8.159
61740,7.578
61800,13.709
61860,14.961
61920,13.749
61980,10.306
62040,10.251
62100,6.997
62160,10.874
62220,8.892
62280,7.486
62340,16.065
62400,14.200
62460,16.076
62520,10.268
62580,7.331
62640,12.915
62700,12.465
62760,7.561
62820,15.084
62880,9.883
62940,9.855
63000,19.562
63060,12.884
63120,9.269
63180,7.849
63240,11.331
63300,18.864
63360,24.503
63420,5.033
63480,16.748
63540,9.980
63600,7.044
63660,15.868
63720,16.057
63780,11.777
63840,15.675
63900,19.042
63960,27.273
64020,24.551
64080,26.507
64140,17.671
64200,-1.260
64260,19.284
64320,19.517
64380,10.392
64440,1.679
64500,21.600
64560,18.456
64620,16.320
64680,25.061
64740,14.729
64800,3.299
64860,9.672
64920,11.292
64980,7.646
65040,20.955
65100,6.125
65160,16.154
65220,3.764
65280,14.210
65340,21.082
65400,15.703
65460,8.227
65520,14.342
65580,18.615
65640,29.273
65700,41.876
65760,26.121
65820,14.132
65880,10.562
65940,8.392
66000,14.835
66060,4.718
66120,12.010
66180,19.971
66240,26.374
66300,22.022
66360,43.583
66420,19.277
66480,21.879
66540,46.920
66600,37.296
66660,57.778
66720,18.589
66780,30.939
66840,4.427
66900,9.986
66960,8.723
67020,6.304
67080,3.249
67140,10.920
67200,11.742
67260,9.211
67320,13.481
67380,7.932
67440,27.300
67500,34.178
67560,24.543
67620,-0.407
67680,6.571
67740,7.746
67800,31.025
67860,10.750
67920,-9999.000
67980,3.603
68040,14.596
68100,4.689
68160,10.057
68220,10.241
68280,9.792
68340,6.263
68400,1.146
68460,6.153
68520,9.968
68580,36.266
68640,31.218
68700,9.878
68760,24.317
68820,16.198
68880,18.757
68940,17.019
69000,11.211
69060,41.061
69120,35.133
69180,14.283
69240,14.676
69300,17.644
69360,15.116
69420,21.958
69480,18.908
69540,2.722
69600,18.513
69660,12.817
69720,12.510
69780,5.507
69840,12.262
69900,12.135
69960,8.712
70020,17.994
70080,10.520
70140,22.317
70200,17.467
70260,13.063
70320,16.204
70380,11.470
70440,6.298
70500,11.856
70560,9.651
70620,10.337
70680,9.206
70740,7.317
70800,9.487
70860,8.150
70920,8.427
70980,14.642
71040,11.054
71100,9.441
71160,13.002
71220,6.569
71280,7.867
71340,10.858
71400,8.306
71460,16.005
71520,7.868
71580,-0.391
71640,1.668
71700,7.150
71760,8.540
71820,9.192
71880,13.343
71940,14.961
72000,1.786
72060,2.802
72120,-1.290
72180,-2.414
72240,-0.091
72300,3.793
72360,2.506
72420,0.798
72480,-1.245
72540,7.567
72600,0.227
72660,-1.717
72720,4.579
72780,21.324
72840,-2.875
72900,2.369
72960,-1.070
73020,4.436
73080,-4.783
73140,-7.662
73200,-6.402
73260,-3.533
73320,0.196
73380,-0.329
73440,0.740
73500,-5.798
73560,-0.812
73620,-7.312
73680,4.228
73740,9.829
73800,1.072
73860,-3.519
73920,2.634
73980,-4.210
74040,-1.895
74100,1.243
74160,4.984
74220,9.957
74280,7.810
74340,0.635
74400,-3.857
74460,2.831
74520,5.370
74580,7.922
74640,7.477
74700,7.663
74760,-0.016
74820,1.299
74880,8.202
74940,7.811
75000,8.064
75060,8.006
75120,8.957
75180,6.899
75240,5.394
75300,7.603
75360,4.067
75420,6.854
75480,11.209
75540,6.970
75600,5.792
75660,7.931
75720,1.886
75780,7.199
75840,4.529
75900,5.354
75960,2.712
76020,2.782
76080,-0.184
76140,1.651
76200,3.668
76260,2.629
76320,1.787
76380,1.548
76440,0.385
76500,-1.744
76560,3.009
76620,1.231
76680,-2.312
76740,0.103
76800,-2.036
76860,12.684
76920,-3.286
76980,17.308
77040,8.368
77100,-2.705
77160,-1.817
77220,2.686
77280,4.061
77340,0.347
77400,1.229
77460,2.609
77520,2.112
77580,-1.584
77640,-9999.000
77700,-9999.000
77760,-9999.000
77820,-9999.000
77880,-9999.000
77940,-9999.000
78000,-9999.000
78060,-9999.000
78120,-9999.000
78180,-9999.000
78240,-9999.000
78300,-9999.000
78360,-9999.000
78420,-9999.000
78480,-2.199
78540,0.732
78600,-2.119
78660,-3.034
78720,-1.307
78780,-0.664
78840,2.081
78900,-1.458
78960,2.524
79020,2.343
79080,5.425
79140,12.472
79200,9.381
79260,10.202
79320,8.552
79380,3.437
79440,3.951
79500,5.067
79560,9.727
79620,14.814
79680,15.984
79740,22.111
79800,18.995
79860,17.823
79920,8.426
79980,7.809
80040,11.232
80100,3.145
80160,9.306
80220,3.112
80280,2.342
80340,4.805
80400,2.875
80460,1.958
80520,1.864
80580,5.387
80640,2.824
80700,1.566
80760,3.592
80820,2.553
80880,4.487
80940,5.474
81000,6.950
81060,7.813
81120,7.935
81180,4.484
81240,3.122
81300,0.815
81360,2.654
81420,6.964
81480,6.138
81540,6.741
81600,3.821
81660,6.493
81720,12.400
81780,14.651
81840,15.522
81900,15.630
81960,11.818
82020,9.058
82080,6.968
82140,6.031
82200,5.968
82260,4.801
82320,4.986
82380,1.567
82440,2.586
82500,2.188
82560,1.730
82620,3.095
82680,3.583
82740,1.078
82800,3.403
82860,0.339
82920,-0.850
82980,0.231
83040,-2.215
83100,-2.773
83160,-3.102
83220,-2.725
83280,-0.945
83340,3.710
83400,1.392
83460,0.716
83520,-1.009
83580,0.357
83640,1.072
83700,1.955
83760,-0.794
83820,3.326
83880,9.247
83940,17.047
84000,14.225
84060,9.890
84120,13.761
84180,23.837
84240,20.611
84300,19.266
84360,15.367
84420,11.659
84480,8.543
84540,5.878
84600,4.338
84660,8.338
84720,9.264
84780,8.730
84840,3.689
84900,4.314
84960,1.764
85020,1.379
85080,1.581
85140,-0.400
85200,-1.572
85260,-0.691
85320,-1.015
85380,-1.845
85440,4.246
85500,2.834
85560,1.415
85620,-1.510
85680,1.189
85740,-5.404
85800,-0.513
85860,3.302
85920,2.207
85980,2.391
86040,4.305
86100,6.496
86160,2.984
86220,3.338
86280,0.070
86340,4.079
