CampaignData_and_Merges/R0/CSL_MobileLab_Parked/raw/20240716/USOS-NOAAIodideCIMS-Halogens_MobileLabGround_20240716_RA.ict
39, 1001
Michael A Robinson, Chris Jernigan, Subi Thakali
NOAA ESRL Chemical Sciences Laboratory and CIRES, U. of Colorado
NOAA Iodide CIMS Instrument
USOS
1, 1
2024, 07, 16, 2024, 07, 17
0
starttime_UTC, seconds_past_midnight, seconds_of_day_since_00:00:00_UTC
6
1, 1, 1, 1, 1, 1
-9999, -9999, -9999, -9999, -9999, -9999
Br2_NOAACIMS, pptv, Gas_Br2_InSitu_S_AVMR
BrO_NOAACIMS, pptv, Gas_BrO_InSitu_S_AVMR
Cl2_NOAACIMS, pptv, Gas_Cl2_InSitu_S_AVMR
ClNO2_NOAACIMS, pptv, Gas_ClNO2_InSitu_S_AVMR
BrCl_NOAACIMS, pptv, Gas_BrCl_InSitu_S_AVMR
NCl3_NOAACIMS, pptv, Gas_NCl3_InSitu_S_AVMR
1
N/A
18
PI_CONTACT_INFO: 325 Broadway, R/CSD 7, Boulder, Colorado 80305; michael.a.robinson@noaa.gov; chris.jernigan@noaa.gov;
PLATFORM: NOAA CSL Mobile Lab
LOCATION: SLC, Utah
ASSOCIATED_DATA: 1Hz data also available on request.
INSTRUMENT_INFO: NOAA I- ToF CIMS
DATA_INFO: Units: pptv
UNCERTAINTY: tbd
ULOD_FLAG: -7777
ULOD_VALUE: N/A
LLOD_FLAG: -8888
LLOD_VALUE: N/A
DM_CONTACT_INFO: Nathan Howard; nathan.h.howard@noaa.gov
PROJECT_INFO: USOS, summer 2024. https://csl.noaa.gov/groups/csl7/measurements/2024usos/
STIPULATIONS_ON_USE: only the USOS science team is allowed to use this data
OTHER_COMMENTS: Field data; Data are averaged to 1 minute intervals. Stationary data collected from a 10 ft tower on top of the mobile lab
REVISION: RA
RA: Preliminary Data; For in-field use only
starttime_UTC, Br2_NOAACIMS, BrO_NOAACIMS, Cl2_NOAACIMS, ClNO2_NOAACIMS, BrCl_NOAACIMS, NCl3_NOAACIMS
0,1.596,0.569,0.983,0.090,0.083,0.453
60,1.721,0.422,1.075,0.143,0.164,0.287
120,1.304,0.444,1.144,0.122,0.142,0.617
180,1.285,0.489,0.936,0.094,0.087,0.476
240,1.050,0.347,0.846,0.084,0.080,0.218
300,1.318,0.372,0.796,0.051,0.133,0.077
360,1.435,0.525,0.854,0.104,0.078,0.225
420,1.492,0.569,0.951,0.033,0.161,0.313
480,1.507,0.459,0.996,0.082,0.118,0.454
540,1.436,0.502,1.090,0.070,0.183,0.563
600,1.455,0.339,0.756,0.073,0.082,0.663
660,1.831,0.529,0.862,0.023,0.081,0.341
720,1.462,0.567,0.984,0.132,0.111,0.413
780,1.455,0.498,0.948,0.107,0.194,0.292
840,1.082,0.472,1.041,0.074,0.050,0.326
900,1.517,0.511,1.064,0.051,0.220,0.454
960,1.433,0.372,0.983,0.018,0.095,0.071
1020,1.289,0.514,0.916,0.028,0.087,0.032
1080,1.500,0.468,0.930,0.099,0.157,0.571
1140,1.179,0.408,0.990,0.077,0.150,0.476
1200,1.320,0.440,0.942,0.093,0.091,0.295
1260,1.613,0.436,1.057,0.127,0.070,0.262
1320,1.518,0.463,0.857,0.152,0.169,0.143
1380,1.502,0.582,0.907,0.123,0.118,0.100
1440,1.318,0.555,1.056,0.106,0.122,0.305
1500,1.592,0.416,1.056,0.138,0.131,0.157
1560,1.405,0.547,1.055,0.093,0.123,0.088
1620,1.363,0.533,0.919,0.093,0.158,0.204
1680,1.383,0.542,1.111,0.117,0.172,0.214
1740,1.379,0.369,0.940,0.099,0.074,0.350
1800,1.316,0.439,0.894,0.105,0.167,0.142
1860,1.298,0.627,1.040,0.168,0.111,0.125
1920,1.151,0.447,0.889,0.179,0.179,0.092
1980,1.515,0.179,0.967,0.182,0.019,0.292
2040,0.830,0.351,0.627,0.142,0.024,-0.075
2100,1.120,0.502,0.726,0.174,0.139,0.014
2160,1.238,0.533,0.783,0.173,0.219,0.415
2220,1.307,0.391,0.681,0.133,0.210,0.183
2280,1.149,0.375,0.830,0.126,0.194,0.144
2340,1.345,0.452,0.974,0.145,0.228,0.153
2400,1.428,0.487,1.074,0.144,0.220,0.333
2460,1.260,0.280,0.954,0.123,0.189,0.093
2520,1.145,0.455,0.847,0.135,0.226,0.172
2580,1.516,0.429,0.973,0.156,0.264,0.191
2640,1.334,0.484,0.873,0.100,0.223,0.150
2700,1.432,0.404,0.771,0.105,0.235,0.151
2760,1.374,0.574,0.703,0.114,0.205,0.300
2820,1.305,0.384,0.687,0.114,0.185,0.108
2880,1.330,0.406,0.783,0.081,0.197,0.082
2940,1.502,0.360,1.028,0.126,0.276,0.135
3000,1.516,0.382,0.952,0.162,0.302,0.178
3060,1.645,0.304,1.241,0.150,0.161,0.187
3120,1.564,0.533,0.943,0.174,0.268,0.168
3180,1.641,0.442,1.038,0.219,0.253,0.249
3240,1.708,0.469,0.983,0.157,0.252,0.336
3300,1.649,0.349,0.978,0.169,0.299,0.260
3360,1.824,0.313,0.799,0.130,0.333,0.173
3420,1.701,0.467,0.842,0.087,0.355,0.300
3480,1.650,0.436,0.784,0.088,0.320,0.235
3540,1.765,0.446,0.836,0.098,0.351,0.173
3600,1.329,0.464,0.878,0.116,0.292,0.233
3660,1.545,0.307,0.814,0.147,0.382,0.267
3720,1.320,0.442,0.827,0.120,0.361,0.327
3780,1.378,0.467,0.662,0.156,0.273,0.130
3840,0.700,-0.017,0.335,0.059,0.119,-0.117
3900,1.532,0.248,0.660,0.172,0.297,0.187
3960,0.990,0.259,0.576,0.155,0.274,0.168
4020,1.309,0.289,0.847,0.176,0.302,0.189
4080,1.624,0.385,0.853,0.171,0.360,0.422
4140,1.411,0.334,1.016,0.137,0.310,0.409
4200,1.519,0.298,1.042,0.170,0.350,0.331
4260,1.523,0.197,0.753,0.105,0.299,0.150
4320,1.259,0.140,0.739,0.074,0.253,0.090
4380,1.483,0.259,0.854,0.082,0.305,0.249
4440,1.586,0.373,0.828,0.081,0.350,0.413
4500,1.234,0.213,0.721,0.054,0.276,0.333
4560,1.412,0.196,0.912,0.078,0.282,0.519
4620,1.611,0.301,1.014,0.070,0.386,0.364
4680,1.701,0.299,1.041,0.086,0.425,0.795
4740,1.479,0.412,0.861,0.090,0.383,0.724
4800,1.562,0.306,0.948,0.097,0.353,0.418
4860,1.434,0.278,0.761,0.112,0.332,0.316
4920,1.397,0.287,0.861,0.152,0.349,0.949
4980,1.650,0.093,0.823,0.145,0.315,0.701
5040,1.376,0.209,0.999,0.143,0.316,0.186
5100,1.567,0.300,1.104,0.149,0.353,0.308
5160,1.540,0.162,1.138,0.118,0.296,0.476
5220,1.708,0.079,0.976,0.166,0.423,0.763
5280,1.675,0.120,0.945,0.213,0.345,0.867
5340,1.475,0.039,0.912,0.149,0.368,0.603
5400,1.541,0.128,1.046,0.157,0.341,0.801
5460,1.665,0.129,1.059,0.197,0.338,0.965
5520,1.614,0.166,0.998,0.147,0.328,0.496
5580,1.921,0.196,1.143,0.156,0.384,0.446
5640,1.577,0.045,1.200,0.128,0.347,0.955
5700,1.127,0.112,1.216,0.189,0.419,1.124
5760,1.333,0.096,1.142,0.162,0.333,0.471
5820,1.472,0.057,1.089,0.100,0.324,0.404
5880,1.724,0.241,1.283,0.123,0.340,0.303
5940,1.790,0.270,1.283,0.154,0.377,0.365
6000,1.688,0.222,1.270,0.100,0.359,0.308
6060,1.628,0.239,1.135,0.098,0.318,0.339
6120,1.560,0.105,1.088,0.108,0.364,0.205
6180,1.413,0.303,1.077,0.142,0.340,0.422
6240,1.747,0.089,1.015,0.157,0.394,0.765
6300,1.444,0.152,1.206,0.191,0.336,0.652
6360,1.349,0.131,1.143,0.192,0.417,0.728
6420,1.439,0.185,1.004,0.197,0.336,0.429
6480,1.683,0.274,1.066,0.192,0.356,0.433
6540,1.602,0.229,1.069,0.182,0.337,0.565
6600,1.435,0.226,1.304,0.170,0.391,0.487
6660,1.423,0.194,1.309,0.197,0.322,0.341
6720,1.421,0.169,1.283,0.180,0.363,0.265
6780,1.511,0.239,1.084,0.151,0.351,0.188
6840,1.459,0.233,1.099,0.184,0.377,0.145
6900,1.459,0.170,1.205,0.123,0.362,0.161
6960,1.359,0.270,1.195,0.117,0.351,0.500
7020,1.526,0.157,1.018,0.102,0.384,0.387
7080,1.497,0.222,1.147,0.065,0.398,0.654
7140,1.447,0.205,1.162,0.058,0.334,0.344
7200,1.169,0.089,0.935,0.036,0.226,-0.001
7260,0.891,0.165,1.106,-0.007,0.238,0.223
7320,1.216,0.259,1.161,0.009,0.276,0.376
7380,1.241,0.121,1.063,-0.000,0.329,0.318
7440,1.333,0.211,1.150,0.059,0.368,0.247
7500,1.428,0.283,1.143,0.040,0.390,0.347
7560,1.043,0.143,0.886,0.006,0.296,0.094
7620,1.215,0.152,1.001,0.030,0.291,0.267
7680,1.193,0.220,1.126,0.024,0.353,0.176
7740,1.120,0.268,0.937,0.052,0.402,0.084
7800,1.255,0.219,1.009,0.057,0.327,0.118
7860,1.381,0.140,1.110,0.029,0.389,1.783
7920,1.295,0.209,1.053,0.067,0.352,0.621
7980,1.434,0.229,0.912,0.026,0.343,0.466
8040,1.288,0.135,0.957,0.029,0.338,0.525
8100,1.170,0.031,0.905,0.030,0.225,1.303
8160,0.967,0.018,1.121,0.016,0.362,1.044
8220,1.390,0.168,0.905,0.039,0.295,0.163
8280,1.523,0.231,1.200,0.089,0.379,0.580
8340,1.350,0.134,1.117,0.061,0.425,0.952
8400,1.541,0.219,1.184,0.073,0.326,0.980
8460,1.378,0.138,1.118,0.065,0.299,0.436
8520,1.493,0.178,1.121,0.046,0.373,0.279
8580,1.403,0.208,1.086,0.060,0.393,0.150
8640,1.574,0.257,0.895,0.045,0.253,-0.025
8700,1.586,0.154,0.960,0.103,0.293,0.051
8760,1.438,0.206,1.080,0.070,0.380,0.156
8820,1.499,0.256,1.035,0.054,0.395,0.092
8880,1.402,0.132,1.174,0.076,0.406,0.070
8940,1.689,0.211,1.126,0.081,0.337,0.121
9000,1.558,0.165,1.203,0.060,0.386,0.138
9060,1.409,0.256,1.416,0.069,0.392,0.264
9120,1.582,0.176,1.494,0.097,0.395,0.164
9180,1.503,0.146,1.520,0.080,0.369,0.292
9240,1.606,0.132,1.376,0.086,0.353,0.224
9300,1.644,0.209,1.110,0.137,0.438,0.284
9360,-9999.000,0.441,1.320,0.093,0.478,0.422
9420,-9999.000,-0.115,0.660,-0.020,-0.078,-0.333
9480,-9999.000,0.042,0.978,0.085,0.252,0.301
9540,-9999.000,0.163,1.071,0.066,0.217,0.156
9600,-9999.000,-0.029,1.001,0.044,0.147,-0.015
9660,-9999.000,0.156,1.389,0.097,0.380,0.530
9720,1.434,0.207,1.995,0.146,0.382,0.895
9780,1.606,0.132,1.665,0.090,0.331,1.158
9840,1.429,0.131,1.532,0.104,0.422,1.168
9900,1.608,0.142,1.672,0.141,0.382,1.086
9960,1.223,0.168,1.607,0.175,0.396,1.013
10020,1.337,0.142,1.428,0.173,0.447,1.607
10080,1.536,0.171,1.319,0.119,0.388,1.740
10140,1.457,0.030,1.697,0.185,0.431,1.599
10200,1.287,0.184,1.333,0.110,0.423,1.251
10260,1.284,0.166,1.360,0.130,0.388,1.387
10320,1.305,0.025,1.571,0.138,0.396,1.276
10380,0.851,-0.073,1.845,0.133,0.276,0.780
10440,1.359,0.138,3.692,0.196,0.528,1.640
10500,1.407,0.033,1.947,0.194,0.490,1.977
10560,1.241,0.200,1.719,0.258,0.451,2.103
10620,1.213,0.051,1.782,0.273,0.473,2.411
10680,1.068,0.050,1.778,0.290,0.546,2.922
10740,1.278,0.067,1.735,0.276,0.459,3.247
10800,1.138,0.114,1.666,0.245,0.490,3.999
10860,1.139,0.041,1.802,0.205,0.504,4.260
10920,1.151,-0.023,1.786,0.245,0.404,4.367
10980,1.082,0.003,1.673,0.209,0.456,4.487
11040,1.169,0.034,1.759,0.246,0.457,4.359
11100,1.210,0.053,1.714,0.232,0.547,4.290
11160,1.187,0.005,1.681,0.245,0.542,3.811
11220,1.035,-0.018,1.720,0.215,0.478,4.082
11280,0.910,0.045,1.557,0.207,0.470,3.318
11340,1.212,-0.010,1.678,0.210,0.460,3.306
11400,1.136,-0.018,1.554,0.282,0.571,3.165
11460,1.065,-0.005,1.695,0.204,0.482,3.167
11520,1.038,0.093,1.547,0.210,0.517,2.629
11580,1.317,-0.069,1.698,0.194,0.470,2.419
11640,1.108,0.016,1.483,0.195,0.504,2.435
11700,0.809,-0.044,1.458,0.210,0.494,2.060
11760,0.851,-0.060,1.524,0.160,0.367,2.035
11820,0.936,-0.007,1.623,0.134,0.452,2.391
11880,0.938,0.025,1.504,0.166,0.406,2.297
11940,0.514,-0.098,1.362,0.173,0.327,2.284
12000,1.069,-0.046,1.606,0.222,0.402,2.886
12060,1.139,0.032,1.537,0.229,0.422,3.152
12120,1.245,0.120,1.510,0.191,0.486,3.395
12180,1.167,0.032,1.647,0.209,0.486,3.590
12240,1.252,0.129,1.742,0.180,0.462,3.519
12300,1.239,0.018,1.781,0.186,0.492,3.366
12360,0.978,0.083,1.649,0.216,0.452,3.696
12420,0.840,0.103,1.734,0.240,0.516,3.563
12480,1.105,0.019,1.778,0.200,0.480,3.842
12540,1.141,0.005,1.618,0.235,0.460,3.804
12600,1.028,0.047,1.497,0.194,0.357,3.682
12660,0.891,0.046,1.541,0.178,0.397,3.847
12720,0.839,-0.003,1.503,0.179,0.420,3.835
12780,0.836,0.043,1.529,0.171,0.379,3.842
12840,1.073,0.056,1.577,0.234,0.384,4.820
12900,1.231,0.152,1.516,0.242,0.490,6.618
12960,1.107,0.082,1.647,0.265,0.447,7.635
13020,1.061,0.042,1.847,0.218,0.414,6.191
13080,-9999.000,-9999.000,-9999.000,-9999.000,-9999.000,-9999.000
13140,0.969,0.039,1.445,0.214,0.360,6.452
13200,1.012,-0.010,1.763,0.228,0.420,11.189
13260,1.033,0.094,1.714,0.270,0.366,12.494
13320,1.069,0.081,1.798,0.233,0.405,14.683
13380,1.157,0.183,1.834,0.339,0.435,23.629
13440,1.280,0.116,2.343,0.456,0.385,45.777
13500,1.241,0.253,2.250,0.343,0.353,39.152
13560,1.019,0.144,1.813,0.252,0.415,21.929
13620,1.078,0.142,2.536,0.365,0.484,60.277
13680,1.083,0.211,2.144,0.319,0.421,34.476
13740,1.094,0.179,1.850,0.245,0.393,18.210
13800,1.282,0.174,1.954,0.206,0.378,25.229
13860,1.108,0.186,2.478,0.348,0.374,49.473
13920,1.249,0.153,2.449,0.376,0.421,57.922
13980,1.191,0.149,1.996,0.373,0.347,36.415
14040,1.018,0.066,1.502,0.191,0.345,7.619
14100,1.077,0.254,1.569,0.177,0.341,4.066
14160,1.176,0.153,1.703,0.223,0.378,5.478
14220,1.298,0.184,1.731,0.218,0.371,6.258
14280,1.253,0.136,1.652,0.234,0.434,7.229
14340,1.160,0.119,1.738,0.241,0.313,7.636
14400,1.110,0.197,1.506,0.206,0.308,7.142
14460,1.105,0.165,1.564,0.239,0.252,15.010
14520,1.269,0.278,1.767,0.358,0.271,27.419
14580,1.158,0.187,2.383,0.485,0.311,45.548
14640,1.162,0.213,1.691,0.251,0.252,18.353
14700,1.370,0.145,1.557,0.253,0.242,13.297
14760,1.373,0.196,1.501,0.202,0.227,7.269
14820,1.403,0.227,1.544,0.220,0.264,5.919
14880,1.231,0.196,1.530,0.250,0.269,14.868
14940,1.344,0.211,1.621,0.185,0.270,21.245
15000,1.292,0.313,1.634,0.271,0.235,14.457
15060,1.089,0.153,1.377,0.203,0.262,9.334
15120,1.266,0.144,1.837,0.297,0.287,30.253
15180,1.373,0.182,1.966,0.336,0.350,31.127
15240,1.237,0.175,1.863,0.373,0.336,23.202
15300,1.396,0.213,2.114,0.489,0.267,35.324
15360,1.293,0.283,2.349,0.436,0.377,48.274
15420,1.385,0.243,2.494,0.556,0.375,59.054
15480,1.216,0.232,2.628,0.606,0.394,65.393
15540,1.365,0.221,2.802,0.751,0.395,72.658
15600,1.473,0.193,2.713,0.708,0.393,71.353
15660,1.295,0.255,2.439,0.665,0.451,63.796
15720,1.494,0.243,1.850,0.434,0.444,30.544
15780,1.355,0.190,2.009,0.411,0.398,30.812
15840,1.342,0.182,1.886,0.449,0.423,22.568
15900,1.129,0.142,1.957,0.502,0.374,29.420
15960,1.321,0.086,1.655,0.315,0.378,11.647
16020,1.203,0.280,1.650,0.304,0.361,13.338
16080,1.394,0.187,1.608,0.291,0.376,11.929
16140,1.199,0.170,1.620,0.273,0.400,7.705
16200,1.234,0.103,1.711,0.246,0.406,13.286
16260,1.408,0.096,1.630,0.215,0.313,9.347
16320,1.490,0.180,1.409,0.237,0.410,9.851
16380,1.083,0.136,1.452,0.236,0.443,6.709
16440,1.354,0.159,1.643,0.237,0.355,10.743
16500,1.170,0.068,1.517,0.205,0.336,11.565
16560,1.030,-0.037,1.355,0.199,0.275,11.079
16620,0.948,0.006,1.406,0.221,0.275,7.230
16680,1.197,0.021,1.521,0.200,0.272,6.505
16740,1.451,0.044,1.496,0.259,0.463,8.702
16800,1.211,0.071,1.523,0.338,0.441,27.969
16860,1.320,0.114,1.807,0.329,0.419,16.640
16920,1.444,0.140,1.807,0.286,0.431,14.117
16980,1.369,0.279,1.830,0.390,0.376,21.440
17040,1.260,0.096,1.619,0.246,0.434,9.573
17100,1.339,0.130,1.652,0.370,0.463,15.055
17160,1.480,0.208,1.594,0.279,0.447,8.717
17220,1.306,0.068,1.694,0.295,0.380,17.663
17280,1.043,0.177,1.582,0.286,0.481,10.631
17340,1.299,0.147,1.641,0.251,0.494,10.238
17400,1.315,0.085,1.667,0.290,0.415,16.406
17460,1.110,0.129,1.575,0.290,0.417,11.794
17520,1.480,0.102,1.571,0.233,0.450,9.263
17580,1.273,0.078,1.559,0.216,0.482,6.963
17640,1.314,0.078,1.391,0.217,0.471,7.309
17700,1.183,0.162,1.512,0.282,0.445,16.785
17760,1.401,0.144,1.408,0.287,0.402,10.226
17820,1.212,0.090,1.436,0.226,0.409,7.903
17880,1.237,0.193,1.505,0.229,0.391,7.974
17940,1.139,0.070,1.440,0.227,0.413,6.203
18000,1.133,0.093,1.315,0.216,0.423,8.962
18060,1.318,0.105,1.416,0.238,0.422,10.168
18120,1.228,0.077,1.416,0.244,0.434,10.811
18180,1.101,0.121,1.476,0.278,0.419,9.914
18240,1.114,0.103,1.831,0.410,0.417,31.433
18300,1.179,0.075,1.612,0.252,0.351,11.771
18360,1.061,0.047,1.439,0.259,0.404,14.521
18420,1.374,0.148,1.422,0.224,0.488,12.058
18480,1.300,0.153,1.590,0.319,0.432,18.896
18540,1.371,0.144,1.793,0.359,0.466,30.341
18600,1.241,0.066,1.830,0.345,0.500,21.118
18660,1.035,0.130,1.775,0.355,0.388,23.565
18720,1.291,0.245,1.768,0.383,0.424,24.672
18780,1.097,0.173,1.732,0.396,0.448,17.156
18840,1.160,0.133,1.784,0.276,0.529,27.439
18900,1.189,0.183,1.751,0.445,0.421,19.907
18960,0.971,0.079,1.619,0.287,0.429,7.149
19020,1.181,0.137,2.262,0.420,0.437,45.334
19080,1.236,0.100,1.533,0.522,0.408,11.413
19140,1.070,0.115,1.685,0.421,0.402,23.484
19200,1.141,0.167,1.617,0.299,0.409,12.838
19260,1.053,0.121,1.554,0.249,0.479,11.345
19320,1.085,0.150,1.542,0.281,0.421,10.449
19380,1.127,0.113,1.491,0.289,0.449,8.292
19440,1.083,0.067,1.640,0.274,0.377,13.692
19500,1.310,0.125,1.288,0.231,0.364,6.925
19560,1.129,0.131,1.573,0.295,0.416,17.982
19620,1.123,0.048,1.233,0.208,0.390,6.908
19680,0.942,0.093,1.540,0.262,0.356,12.784
19740,1.085,0.129,1.435,0.258,0.351,12.178
19800,1.080,0.110,1.266,0.212,0.355,5.918
19860,1.330,0.159,1.327,0.190,0.367,6.790
19920,1.198,0.133,1.168,0.204,0.362,5.535
19980,1.206,0.186,1.390,0.245,0.411,7.562
20040,1.123,0.184,1.557,0.224,0.423,4.857
20100,1.165,0.119,1.505,0.226,0.393,6.504
20160,1.139,0.167,1.443,0.273,0.401,7.675
20220,1.185,0.157,1.422,0.274,0.406,5.127
20280,1.056,0.212,1.536,0.314,0.355,7.228
20340,1.336,0.178,1.587,0.329,0.366,7.967
20400,1.395,0.178,1.679,0.381,0.387,8.361
20460,2.358,0.706,1.365,0.353,0.481,7.369
20520,1.071,0.242,1.521,0.548,0.417,7.207
20580,1.203,0.344,1.744,0.692,0.476,7.886
20640,1.223,0.259,1.750,0.601,0.385,7.438
20700,1.281,0.241,1.914,0.704,0.341,7.928
20760,0.970,0.238,1.675,0.779,0.364,8.918
20820,1.057,0.149,1.711,0.799,0.340,8.210
20880,1.147,0.105,2.090,1.063,0.429,19.054
20940,1.021,0.197,2.131,0.966,0.414,32.261
21000,1.421,0.315,2.372,0.928,0.479,44.915
21060,1.191,0.199,1.928,0.824,0.407,20.046
21120,1.260,0.251,1.854,0.679,0.345,8.041
21180,1.276,0.189,2.334,0.816,0.427,30.083
21240,1.377,0.236,1.837,0.757,0.385,12.340
21300,1.083,0.180,1.991,0.822,0.384,24.902
21360,1.103,0.190,2.144,0.943,0.400,29.368
21420,1.380,0.244,2.210,0.756,0.472,29.244
21480,1.102,0.164,2.478,1.154,0.462,55.838
21540,1.307,0.164,1.896,0.899,0.402,10.508
21600,1.380,0.248,2.045,1.109,0.478,15.136
21660,1.314,0.242,2.031,1.099,0.487,16.718
21720,1.477,0.199,1.970,0.955,0.470,17.174
21780,1.334,0.190,2.005,0.866,0.432,15.396
21840,1.266,0.261,1.701,0.914,0.413,8.201
21900,1.296,0.285,1.793,0.872,0.441,8.219
21960,1.322,0.261,1.896,0.869,0.392,8.579
22020,1.105,0.227,1.751,0.883,0.399,8.699
22080,1.193,0.213,1.974,0.979,0.364,9.097
22140,1.175,0.221,1.929,0.888,0.478,9.163
22200,1.309,0.140,1.861,0.906,0.518,9.030
22260,1.314,0.176,1.730,0.891,0.360,8.575
22320,0.592,0.151,0.779,0.396,0.136,4.056
22380,1.073,0.207,1.785,0.922,0.322,9.733
22440,1.238,0.136,1.760,0.956,0.452,9.652
22500,1.152,0.223,1.717,0.898,0.408,10.194
22560,1.294,0.201,1.940,0.888,0.379,9.919
22620,1.371,0.186,1.872,0.854,0.391,9.638
22680,1.208,0.160,1.673,0.835,0.411,9.518
22740,1.281,0.268,1.613,0.732,0.381,9.199
22800,1.198,0.258,1.504,0.708,0.379,8.332
