CampaignData_and_Merges/R0/CSL_MobileLab_Parked/raw/20240716/USOS-MetNav_MobileLabGround_20240716_R0.ict
44, 1001
Carrie Womack, Nate Howard, Mike Zucker
NOAA Chemical Sciences Laboratory
Mobile Lab MetNav Station
USOS
1, 1
2024, 07, 16, 2024, 12, 21
60
Time_Start, seconds_past_midnight, Seconds from midnight UTC
11
1, 1, 1, 1, 1, 1, 1, 1, 1, 1, 1
-9999, -9999, -9999, -9999, -9999, -9999, -9999, -9999, -9999, -9999, -9999
GPS_Alt_m, meters, Altitude from Differential GPS
GPS_Course_deg, degrees, Course from Differential GPS
GPS_GndSpd_m_s, m/s, Ground Speed from Differential GPS
GPS_Heading_deg, degrees, Heading from Differential GPS
GPS_Lat_deg, degrees, Latitude from Differential GPS
GPS_Lon_deg, degrees, Longitude from Differential GPS
AirTemp_C, Celsius, Air Temperature from Airmar
RelHumidity_pct, percent, Relative Humidity from Airmar
Pressure_mb, millibars, Pressure from Honeywell
WindDir_calc_deg, degrees, Wind Direction from Airmar corrected for van movement
WindSpd_calc_m_s, m/s, Wind Speed from Airmar corrected for van movement
1
SPECIAL COMMENTS:
18
PI_CONTACT_INFO: Address: 325 Broadway R/CSL7, Boulder, CO, 80305
PLATFORM: CSL Mobile Lab
LOCATION: Salt Lake City, UT
ASSOCIATED_DATA: N/A
INSTRUMENT_INFO: N/A
DATA_INFO: Units:
UNCERTAINTY: N/A
ULOD_FLAG: -7777
ULOD_VALUE: N/A
LLOD_FLAG: -8888
LLOD_VALUE: N/A
DM_CONTACT_INFO: Data Manager: Nate Howard
PROJECT_INFO: 
STIPULATIONS_ON_USE: Use of these data require prior ok from PI.
OTHER_COMMENTS: 
REVISION: R0
R0: Final data. Fixed bug in wind averaging code. RA: Preliminary Data. For in-field use only. 
Time_Start, GPS_Alt_m, GPS_Course_deg, GPS_GndSpd_m_s, GPS_Heading_deg, GPS_Lat_deg, GPS_Lon_deg, AirTemp_C, RelHumidity_pct, Pressure_mb, WindDir_calc_deg, WindSpd_calc_m_s
[from data line 1388]
83280.0,1309.2,359.14,0.05,359.14,40.73434,-111.87211,37.7,15.3,876.8,94.28,1.1
83340.0,1309.4,358.80,0.05,358.80,40.73434,-111.87211,37.7,15.1,876.8,93.31,1.0
83400.0,1309.5,359.34,0.05,359.34,40.73434,-111.87211,37.7,14.5,876.8,55.04,0.1
83460.0,1309.6,359.70,0.06,359.70,40.73434,-111.87211,37.6,14.3,876.8,91.20,0.7
83520.0,1309.6,359.30,0.05,359.30,40.73434,-111.87211,37.9,13.8,876.7,124.12,0.6
83580.0,1309.3,359.67,0.05,359.67,40.73434,-111.87211,38.0,14.1,876.7,92.10,0.4
83640.0,1309.5,359.80,0.05,359.80,40.73434,-111.87211,38.1,14.5,876.7,91.90,0.6
83700.0,1309.5,359.89,0.05,359.89,40.73434,-111.87211,38.2,14.8,876.7,99.86,0.6
83760.0,1309.4,359.84,0.05,359.84,40.73434,-111.87211,38.1,15.0,876.7,99.18,0.8
83820.0,1309.1,359.89,0.05,359.89,40.73435,-111.87210,38.0,15.6,876.7,95.21,0.9
83880.0,1309.7,359.37,0.05,359.37,40.73434,-111.87211,38.1,15.2,876.7,91.42,0.7
83940.0,1309.9,359.23,0.05,359.23,40.73435,-111.87211,37.9,15.4,876.7,92.47,0.9
84000.0,1309.1,359.18,0.05,359.18,40.73435,-111.87211,38.0,15.5,876.7,83.39,0.6
84060.0,1309.5,359.17,0.05,359.17,40.73435,-111.87211,37.9,15.1,876.7,14.06,0.3
84120.0,1308.7,359.27,0.04,359.27,40.73435,-111.87211,37.8,14.8,876.7,75.72,0.7
84180.0,1308.7,359.16,0.05,359.16,40.73435,-111.87210,37.7,15.4,876.7,105.93,1.0
84240.0,1308.5,358.73,0.05,358.73,40.73435,-111.87210,37.7,15.3,876.7,96.00,0.9
84300.0,1308.4,358.40,0.05,358.40,40.73435,-111.87210,37.7,15.5,876.6,98.81,1.0
84360.0,1308.6,358.78,0.05,358.78,40.73435,-111.87210,37.9,14.6,876.6,115.73,0.3
84420.0,1308.7,359.04,0.05,359.04,40.73435,-111.87210,37.9,14.2,876.6,101.75,0.6
84480.0,1308.7,359.23,0.07,359.23,40.73435,-111.87210,37.6,14.8,876.6,118.97,3.5
84540.0,1308.8,358.71,0.05,358.71,40.73435,-111.87210,37.5,15.7,876.6,111.38,1.4
84600.0,1308.9,358.27,0.05,358.27,40.73435,-111.87210,37.6,15.8,876.5,109.48,1.1
84660.0,1309.1,358.42,0.05,358.42,40.73435,-111.87210,37.7,15.1,876.5,95.16,0.6
84720.0,1309.4,358.80,0.05,358.80,40.73435,-111.87210,37.8,15.1,876.5,94.79,0.9
84780.0,1309.6,358.81,0.04,358.81,40.73435,-111.87210,37.8,16.1,876.5,114.78,1.3
84840.0,1309.6,358.65,0.05,358.65,40.73435,-111.87210,37.8,16.6,876.5,108.72,1.3
84900.0,1309.9,359.01,0.05,359.01,40.73435,-111.87210,37.8,16.4,876.5,98.72,1.0
84960.0,1309.9,358.93,0.05,358.93,40.73435,-111.87210,37.9,16.4,876.5,91.57,0.8
85020.0,1310.0,358.30,0.05,358.30,40.73435,-111.87210,37.8,15.3,876.4,75.64,0.8
85080.0,1309.8,358.36,0.05,358.36,40.73435,-111.87210,37.7,15.0,875.1,69.01,0.7
85140.0,1309.8,358.25,0.04,358.25,40.73435,-111.87210,37.5,14.8,875.1,80.20,0.7
85200.0,1309.9,358.59,0.04,358.59,40.73435,-111.87210,37.5,15.3,875.0,94.74,1.2
85260.0,1310.0,358.05,0.05,358.05,40.73435,-111.87211,37.5,15.2,874.9,86.57,0.8
85320.0,1310.1,357.82,0.05,357.82,40.73435,-111.87210,37.5,15.9,875.1,91.05,0.8
85380.0,1310.2,357.90,0.05,357.90,40.73435,-111.87210,37.5,16.0,875.2,75.80,0.8
85440.0,1310.3,358.12,0.05,358.12,40.73435,-111.87211,37.5,15.4,875.2,83.18,0.7
85500.0,1310.0,358.08,0.05,358.08,40.73435,-111.87210,37.6,15.4,875.2,92.69,0.8
85560.0,1309.8,357.99,0.06,357.99,40.73435,-111.87210,37.6,15.2,875.2,55.08,0.4
85620.0,1310.0,357.98,0.05,357.98,40.73435,-111.87211,37.4,14.8,875.2,86.30,0.4
85680.0,1310.2,358.22,0.05,358.22,40.73435,-111.87211,37.7,14.1,875.1,137.59,0.9
85740.0,1310.3,358.06,0.05,358.06,40.73435,-111.87210,37.8,13.7,875.1,138.54,1.4
85800.0,1310.2,358.03,0.06,358.03,40.73435,-111.87210,37.9,14.1,875.0,122.92,0.9
85860.0,1310.4,358.67,0.05,358.67,40.73435,-111.87211,38.0,14.1,875.0,141.28,1.0
85920.0,1310.7,358.73,0.05,358.73,40.73435,-111.87210,38.0,14.1,875.0,128.70,1.6
85980.0,1310.6,358.34,0.06,358.34,40.73435,-111.87210,37.9,14.4,875.0,122.83,1.9
86040.0,1310.6,358.61,0.05,358.61,40.73435,-111.87210,37.7,14.9,875.1,123.91,2.3
86100.0,1310.6,358.21,0.05,358.21,40.73435,-111.87210,37.6,15.0,875.1,128.00,1.8
86160.0,1310.7,358.78,0.05,358.78,40.73435,-111.87210,37.6,16.0,875.1,110.60,1.1
86220.0,1310.9,358.82,0.06,358.82,40.73435,-111.87211,37.5,16.9,875.1,103.99,1.0
86280.0,1311.0,359.25,0.05,359.25,40.73435,-111.87211,37.5,15.9,875.0,111.48,1.1
86340.0,1311.2,359.15,0.05,359.15,40.73435,-111.87211,37.5,16.0,874.9,117.26,1.1
