CampaignData_and_Merges/R0/CSL_MobileLab_Parked/raw/20240716/USOS-Picarro-CO2-CH4-CO-H2O_MobileLabGround_20240716_R0.ict
38, 1001
Ilana Pollack, Nell Schafer, and Jeff Peischl
NOAA Chemical Sciences Laboratory
Picarro 2401-m CO2/CH4/CO/H2O Analyzer
USOS
1, 1
2024, 07, 16, 2024, 11, 20
0
StartTime_UTC, seconds_past_midnight, seconds past midnight
5
1, 1, 1, 1, 1
-9999, -9999, -9999, -9999, -9999
StopTime_UTC, seconds_past_midnight, seconds past midnight
CO2_ppm_1min, ppm, Gas_CO2_InSitu_S_DMF, carbon dioxide mixing ratio
CH4_ppb_1min, ppb, Gas_CH4_InSitu_S_DMF, methane mixing ratio
CO_ppb_1min, ppb, Gas_CO_InSitu_S_DMF, carbon monoxide mixing ratio
H2O_ppmv_1min, ppmv, Met_H2OMRV_InSitu_S_AVMR, water vapor mixing ratio
1
SPECIAL COMMENTS: N/A
18
PI_CONTACT_INFO: Address: NOAA Chemical Sciences Laboratory, Mail Stop CSL7, 325 Broadway, Boulder, CO 80305; Email: Ilana.Pollack@noaa.gov
PLATFORM: NOAA CSL Mobile Laboratory
LOCATION: The mobile lab was stationed in Salt Lake City, Utah.
ASSOCIATED_DATA: N/A
INSTRUMENT_INFO: CO2, CH4, and CO are reported as dry air mole fractions using a commercial wavelength-scanned cavity ring-down analyzer (Picarro 2401-m). An in-field calibration gas standard of 432±0.07 ppm CO2, 2095±1 ppb CH4, and 183±1 ppb CO, calibrated in the Boulder laboratories before and after the field project using primary CO2, CH4, and CO standard tanks tied to the WMO standard (X2019, X2004A, and X2014A, respectively) from the Global Monitoring Laboratory (GML), was delivered to the inlet every 2-3 days to evaluate instrument sensitivity. A H2O measurement was calibrated before the project with a Dew Point Mirror 373 hygrometer. The water correction calculated from these calibrations was applied to the H2O measurement for the entire campaign. Species are measured at 0.5 Hz and reported as 1-minute averages for stationary measurements.
DATA_INFO: Units: CO2, ppm, dry air mole fraction; CH4, ppb, dry air mole fraction; CO, ppb, dry air mole fraction; H2O, ppmv
UNCERTAINTY: Total uncertainties are estimated as ±0.1 ppm for CO2, ±1 ppb for CH4, ±5 ppb for CO, and ±(50 ppm + 4%) for H2O.
ULOD_FLAG: -7777
ULOD_VALUE: N/A
LLOD_FLAG: -8888
LLOD_VALUE: N/A
DM_CONTACT_INFO: Data Manager: Nathan Howard; nathan.h.howard@noaa.gov
PROJECT_INFO: USOS Dates of Study: July – August 2024
STIPULATIONS_ON_USE: Use of these data require prior ok from PI.
OTHER_COMMENTS: Data are averaged to 1 minute intervals. Stationary data collected from a 10 ft tower on top of the mobile van.
REVISION: R0
R0: Final Data
StartTime_UTC, StopTime_UTC, CO2_ppm_1min, CH4_ppb_1min, CO_ppb_1min, H2O_ppmv_1min
0,60,429.03,1972.5,157.0,12447.2969
60,120,429.57,1973.3,161.5,12384.4258
120,180,429.34,1973.6,170.3,12646.7881
180,240,429.07,1972.6,164.5,12459.7656
240,300,429.67,1971.6,161.6,12678.2773
300,360,428.29,1969.2,158.3,11997.6533
360,420,428.35,1971.8,159.1,12208.5850
420,480,428.65,1973.3,163.8,13098.7061
480,540,428.96,1974.1,165.8,13429.9648
540,600,429.44,1973.9,163.7,13033.1729
600,660,428.35,1970.4,157.9,12633.5293
660,720,428.80,1969.2,157.9,12772.5703
720,780,428.59,1970.6,161.4,13203.0781
780,840,428.12,1972.2,162.3,13261.6162
840,900,428.33,1972.9,165.8,13262.6709
900,960,427.97,1971.1,163.0,13061.9082
960,1020,428.01,1969.8,160.6,12390.4033
1020,1080,428.11,1970.4,171.1,12350.5566
1080,1140,428.14,1971.9,169.6,13368.6563
1140,1200,428.08,1971.4,163.4,12783.9668
1200,1260,428.10,1971.9,159.6,12805.9268
1260,1320,428.34,1972.8,156.5,12742.0449
1320,1380,428.55,1972.4,156.7,12452.1084
1380,1440,429.96,1973.5,165.8,12674.5059
1440,1500,429.44,1975.1,164.0,13049.8467
1500,1560,428.66,1973.1,160.7,12523.8936
1560,1620,428.98,1973.5,159.6,12907.0498
1620,1680,428.54,1971.0,154.6,12446.1162
1680,1740,428.86,1971.7,155.6,12644.5273
1740,1800,428.52,1971.6,156.5,12534.6826
1800,1860,429.15,1971.3,157.8,12430.4834
1860,1920,428.53,1971.4,157.1,12603.5117
1920,1980,429.43,1972.0,157.8,12803.9863
1980,2040,428.72,1974.7,164.1,13931.7559
2040,2100,430.39,1974.6,165.8,12791.8203
2100,2160,430.23,1975.0,163.1,12849.9414
2160,2220,429.45,1976.3,161.3,13340.3574
2220,2280,429.33,1974.3,168.6,12782.8770
2280,2340,429.06,1973.4,169.7,12678.5889
2340,2400,428.55,1970.2,163.5,12291.0293
2400,2460,429.27,1971.8,169.4,12819.7227
2460,2520,428.49,1973.1,167.5,12845.9014
2520,2580,427.86,1973.5,164.8,12515.4414
2580,2640,429.14,1974.1,163.9,12975.6260
2640,2700,428.32,1971.6,154.0,12370.2441
2700,2760,428.02,1971.2,157.0,12314.8154
2760,2820,428.19,1970.8,155.8,12025.6387
2820,2880,428.23,1969.9,156.9,11834.0576
2880,2940,429.09,1970.8,167.8,12645.4980
2940,3000,429.44,1971.4,171.7,13126.9785
3000,3060,431.37,1971.1,170.9,13096.2480
3060,3120,428.53,1973.9,166.1,12797.7256
3120,3180,428.64,1975.2,164.9,13168.3174
3180,3240,430.39,1975.7,167.7,12895.0137
3240,3300,431.82,1976.7,175.3,13229.6934
3300,3360,429.38,1973.2,163.3,12520.2666
3360,3420,427.64,1968.3,151.0,11939.5908
3420,3480,427.19,1966.0,146.9,11637.6455
3480,3540,427.10,1967.2,148.1,11781.8398
3540,3600,427.17,1967.6,150.2,12332.4668
3600,3660,427.15,1968.5,156.0,12390.8174
3660,3720,427.65,1970.5,157.9,12977.8564
3720,3780,427.27,1975.4,157.3,12688.2539
3780,3840,427.53,1976.0,158.1,12463.1348
3840,3900,427.29,1977.3,157.7,12769.9121
3900,3960,427.76,1978.4,158.6,13131.9541
3960,4020,427.93,1979.2,163.1,13655.2627
4020,4080,428.59,1978.8,162.5,13735.6758
4080,4140,428.15,1977.4,160.9,13416.4941
4140,4200,428.37,1977.0,160.3,13420.2588
4200,4260,429.75,1974.9,157.4,13406.3652
4260,4320,429.06,1970.2,153.4,12882.4844
4320,4380,428.38,1966.3,150.1,12390.7783
4380,4440,427.76,1964.3,147.6,12074.7197
4440,4500,427.51,1965.2,149.4,12158.7080
4500,4560,427.74,1964.7,149.8,12237.7334
4560,4620,427.72,1962.5,150.5,12095.7549
4620,4680,427.94,1962.0,151.1,12183.3135
4680,4740,427.92,1961.1,151.0,11988.3154
4740,4800,427.61,1961.5,151.0,11866.8955
4800,4860,427.98,1962.9,151.6,12041.2529
4860,4920,428.37,1963.2,151.0,11691.8594
4920,4980,428.71,1963.7,152.6,11999.1963
4980,5040,428.97,1964.8,154.4,12446.3721
5040,5100,429.14,1965.9,162.7,12647.2139
5100,5160,429.56,1966.8,179.8,12911.7949
5160,5220,429.03,1965.2,165.3,12320.1201
5220,5280,428.93,1964.4,156.9,12315.1260
5280,5340,429.22,1964.9,164.5,12359.7666
5340,5400,429.12,1965.0,153.9,12296.9756
5400,5460,429.34,1964.6,155.5,12558.3379
5460,5520,428.92,1963.2,154.9,11843.0889
5520,5580,429.03,1962.8,153.4,11897.6572
5580,5640,428.98,1964.8,156.9,12548.0195
5640,5700,429.07,1966.4,155.2,11920.5430
5700,5760,429.69,1967.2,158.8,12346.2080
5760,5820,429.67,1967.3,160.1,12328.6875
5820,5880,428.96,1965.8,159.8,11959.1348
5880,5940,430.76,1966.6,163.4,12582.9551
5940,6000,429.33,1963.3,154.4,11979.2500
6000,6060,428.50,1962.1,149.1,11681.2490
6060,6120,428.54,1961.9,151.9,11693.4121
6120,6180,428.48,1963.1,153.6,12120.2842
6180,6240,428.66,1963.2,150.4,11635.9531
6240,6300,428.76,1965.0,148.3,11946.5391
6300,6360,428.73,1965.4,150.9,11686.6455
6360,6420,428.84,1965.7,151.9,11951.6582
6420,6480,429.49,1966.2,151.2,11845.3750
6480,6540,429.10,1966.2,151.1,11978.3135
6540,6600,429.18,1966.7,151.3,12150.0391
6600,6660,429.80,1968.3,153.9,12287.5518
6660,6720,429.82,1967.2,155.2,12017.4219
6720,6780,429.70,1965.4,155.8,11713.2949
6780,6840,429.54,1963.2,153.5,11428.7676
6840,6900,430.36,1963.1,155.4,11757.3311
6900,6960,429.81,1962.5,157.2,11662.1035
6960,7020,429.21,1962.7,153.9,11448.7676
7020,7080,429.51,1963.3,155.3,11738.7217
7080,7140,429.23,1962.6,151.7,11706.6689
7140,7200,428.51,1959.7,146.3,11373.9502
7200,7260,428.22,1959.7,147.9,11263.3652
7260,7320,428.22,1959.2,146.9,11260.0439
7320,7380,428.17,1958.1,145.0,11099.0127
7380,7440,428.99,1958.9,146.0,11433.4658
7440,7500,429.26,1960.2,146.7,11543.4385
7500,7560,429.04,1960.2,148.3,11398.3828
7560,7620,429.65,1959.8,148.3,11427.4150
7620,7680,428.72,1960.8,149.6,11632.5420
7680,7740,428.44,1959.6,147.4,11457.9521
7740,7800,428.60,1959.9,147.4,11146.0195
7800,7860,429.40,1960.3,146.0,11182.6045
7860,7920,430.39,1961.2,148.2,11557.6592
7920,7980,428.52,1959.6,145.4,10873.7930
7980,8040,430.50,1961.5,145.8,11485.6611
8040,8100,432.14,1964.5,149.5,11859.6396
8100,8160,432.68,1965.7,152.9,11968.0156
8160,8220,432.07,1966.1,154.0,11896.5117
8220,8280,430.89,1964.7,155.9,11491.0010
8280,8340,431.18,1965.7,155.9,11493.8184
8340,8400,430.67,1965.2,152.6,11365.3896
8400,8460,431.21,1966.8,153.7,11410.1748
8460,8520,430.68,1964.6,149.5,11216.4570
8520,8580,431.64,1964.9,151.9,11334.7832
8580,8640,430.64,1964.4,148.6,11051.0781
8640,8700,430.21,1962.9,148.1,10915.3652
8700,8760,433.03,1965.1,148.7,11301.4727
8760,8820,432.92,1967.4,148.9,11447.8145
8820,8880,430.70,1966.9,147.4,11116.5674
8880,8940,431.99,1971.1,150.0,11201.6211
8940,9000,433.37,1969.8,150.7,11311.0137
9000,9060,432.79,1970.8,149.8,11343.2891
9060,9120,432.07,1970.2,153.8,11253.6484
9120,9180,433.85,1971.7,161.2,11394.7646
9180,9240,434.03,1972.5,163.4,11405.8877
9240,9300,434.88,1973.6,162.3,11537.8281
9300,9360,435.63,1971.9,164.5,11522.5684
9360,9420,438.59,1974.3,165.5,11665.3633
9420,9480,436.53,1972.2,166.2,11575.0635
9480,9540,434.60,1971.4,167.0,11434.4258
9540,9600,435.69,1975.3,171.2,11509.5059
9600,9660,436.50,1976.7,186.1,11482.3467
9660,9720,435.62,1973.9,186.9,11433.3613
9720,9780,435.75,1973.2,184.7,11359.5566
9780,9840,434.38,1969.9,181.2,11170.9053
9840,9900,436.04,1970.9,188.1,11223.5850
9900,9960,439.89,1973.5,199.1,11440.5391
9960,10020,436.60,1972.2,186.0,11385.3428
10020,10080,439.78,1976.6,204.2,11770.9590
10080,10140,440.05,1977.4,214.4,11757.9629
10140,10200,439.47,1975.6,217.1,11615.6953
10200,10260,435.36,1972.6,190.6,11283.8311
10260,10320,437.30,1976.1,229.4,11455.1846
10320,10380,437.66,1974.8,240.0,11469.3486
10380,10440,439.28,1978.1,344.6,11636.6895
10440,10500,439.84,1977.7,426.0,11689.8369
10500,10560,442.19,1978.1,367.7,11727.4971
10560,10620,448.43,1983.0,323.5,12086.6885
10620,10680,448.33,1987.4,302.8,12431.4043
10680,10740,444.46,1989.5,236.2,12626.1553
10740,10800,444.75,1991.4,208.7,12873.8018
10800,10860,443.83,1991.6,192.4,12977.8398
10860,10920,444.18,1992.5,189.0,13040.0000
10920,10980,444.09,1992.9,188.0,13096.4932
10980,11040,443.63,1992.1,200.7,13116.7695
11040,11100,449.52,1993.0,210.6,13352.7578
11100,11160,443.38,1990.7,198.5,13196.2012
11160,11220,442.89,1991.0,192.1,13254.0469
11220,11280,444.82,1991.4,197.6,13317.0107
11280,11340,442.48,1990.3,187.0,13273.8223
11340,11400,442.41,1990.4,195.0,13207.1211
11400,11460,444.57,1990.7,198.6,13329.1826
11460,11520,444.04,1991.1,195.0,13317.2363
11520,11580,441.97,1990.0,189.4,13255.1152
11580,11640,443.75,1991.4,191.6,13351.2520
11640,11700,442.86,1990.4,183.8,13309.5381
11700,11760,441.93,1988.7,182.6,13284.4570
11760,11820,442.90,1988.5,180.9,13310.8643
11820,11880,442.56,1987.7,180.5,13276.7451
11880,11940,442.72,1986.3,179.9,13298.3359
11940,12000,443.88,1986.5,198.6,13329.7305
12000,12060,443.18,1986.4,192.0,13280.9668
12060,12120,442.61,1986.6,185.5,13270.6250
12120,12180,443.47,1987.3,184.8,13292.6123
12180,12240,442.88,1987.6,184.8,13261.1748
12240,12300,443.68,1988.2,185.8,13317.9219
12300,12360,444.63,1989.7,192.0,13338.3096
12360,12420,445.08,1989.8,190.2,13368.7119
12420,12480,443.11,1990.5,195.1,13301.3662
12480,12540,443.95,1990.7,192.9,13347.4346
12540,12600,444.65,1990.0,189.6,13367.2158
12600,12660,443.10,1989.2,181.6,13277.3115
12660,12720,445.80,1989.5,185.8,13383.5693
12720,12780,444.00,1987.8,181.0,13258.9912
12780,12840,443.38,1987.3,180.3,13148.6738
12840,12900,444.43,1987.4,180.0,13377.5322
12900,12960,444.74,1986.8,185.5,13698.0332
12960,13020,446.93,1986.1,197.8,13770.5840
13020,13080,443.11,1985.0,181.5,13218.0996
13080,13140,441.87,1984.3,178.7,13070.6426
13140,13200,442.68,1985.2,183.7,13087.9824
13200,13260,443.43,1984.3,189.1,13111.6055
13260,13320,442.20,1983.2,175.3,12965.1670
13320,13380,442.48,1983.0,175.5,13112.0273
13380,13440,443.69,1983.0,182.2,13281.5498
13440,13500,446.59,1983.7,377.2,13856.5273
13500,13560,443.80,1982.3,372.7,13056.6357
13560,13620,444.63,1982.4,325.7,13320.4736
13620,13680,445.02,1982.8,277.8,13552.8516
13680,13740,444.38,1982.5,213.0,13131.6387
13740,13800,442.76,1981.9,197.4,13175.1396
13800,13860,442.68,1981.9,182.6,13401.7119
13860,13920,442.27,1982.6,183.7,13373.9551
13920,13980,445.08,1983.0,192.2,13845.8213
13980,14040,442.34,1981.9,185.8,13144.8467
14040,14100,445.43,1982.8,193.7,13025.7188
14100,14160,444.63,1984.9,191.3,13062.4453
14160,14220,445.81,1987.2,271.0,13145.8213
14220,14280,445.45,1985.0,222.3,13172.4160
14280,14340,445.41,1984.7,214.5,13139.4375
14340,14400,445.19,1987.5,213.8,12973.3037
14400,14460,436.47,1972.3,161.3,12308.7949
14460,14520,438.17,1974.6,165.2,12624.0234
14520,14580,439.25,1975.9,175.1,12899.6943
14580,14640,439.04,1974.7,175.1,12749.8027
14640,14700,437.52,1973.1,166.9,12159.0234
14700,14760,437.86,1973.6,174.2,12228.3818
14760,14820,437.45,1973.1,171.7,12030.9580
14820,14880,438.00,1973.3,174.6,12010.0176
14880,14940,439.56,1973.8,232.5,12203.7793
14940,15000,440.38,1974.6,209.1,12267.9658
15000,15060,439.69,1974.9,192.4,12118.2324
15060,15120,441.34,1976.2,228.2,12189.5498
15120,15180,441.63,1975.9,206.6,12292.0654
15180,15240,450.12,1981.4,219.4,12525.4473
15240,15300,450.14,1989.6,215.6,12522.2197
15300,15360,446.67,1990.5,213.8,12723.4395
15360,15420,448.43,1988.5,213.4,12754.2344
15420,15480,452.83,1992.1,238.5,12889.4805
15480,15540,455.42,1993.7,295.0,13074.5850
15540,15600,457.69,1995.0,303.7,13076.2832
15600,15660,456.73,1992.8,284.3,13182.3184
15660,15720,453.71,1989.4,252.6,12782.4854
15720,15780,450.28,1992.4,297.0,12774.1543
15780,15840,448.61,1991.8,390.1,12662.3086
15840,15900,453.11,1994.3,335.9,12888.0615
15900,15960,449.28,1985.0,254.6,12691.5215
15960,16020,444.62,1978.8,198.0,12429.1963
16020,16080,446.90,1979.5,186.8,12639.4912
16080,16140,443.00,1974.5,167.5,12486.9307
16140,16200,443.88,1975.1,167.9,12653.5459
16200,16260,443.40,1973.9,167.6,12525.8027
16260,16320,442.27,1973.2,158.3,12333.5010
16320,16380,441.98,1973.4,159.0,12375.1592
16380,16440,442.74,1975.1,174.3,12329.0830
16440,16500,444.40,1973.9,172.3,12518.8281
16500,16560,444.45,1974.2,171.9,12670.7002
16560,16620,443.42,1974.4,169.6,12449.4922
16620,16680,443.65,1974.0,162.7,12398.7168
16680,16740,442.87,1974.3,161.4,12332.9736
16740,16800,444.22,1976.0,165.7,12491.5723
16800,16860,446.77,1976.5,173.8,12746.2314
16860,16920,445.24,1976.8,163.2,12593.0879
16920,16980,445.40,1977.4,166.1,12547.4463
16980,17040,447.64,1977.4,175.8,12775.7100
17040,17100,445.55,1976.7,163.4,12538.7227
17100,17160,445.85,1976.7,161.1,12658.5957
17160,17220,444.70,1976.2,158.4,12497.3389
17220,17280,446.05,1976.5,168.3,12732.7988
17280,17340,445.01,1976.5,199.0,12463.6572
17340,17400,445.45,1976.6,175.5,12524.8320
17400,17460,446.83,1976.5,191.8,12591.7939
17460,17520,444.69,1975.2,166.1,12409.8496
17520,17580,444.60,1975.2,160.6,12481.3311
17580,17640,445.10,1974.8,156.4,12508.2783
17640,17700,443.92,1974.8,158.8,12400.1875
17700,17760,445.51,1975.2,158.1,12650.5313
17760,17820,444.82,1973.3,157.1,12591.7939
17820,17880,445.15,1974.0,155.5,12523.9590
17880,17940,444.53,1972.3,158.0,12435.7158
17940,18000,446.96,1974.1,173.8,12449.9238
18000,18060,443.48,1971.6,171.8,12278.6328
18060,18120,444.53,1972.2,168.7,12413.5342
18120,18180,445.67,1972.7,165.4,12479.9590
18180,18240,445.75,1972.5,165.6,12521.8965
18240,18300,449.77,1973.4,200.6,12786.2529
18300,18360,446.53,1973.2,188.4,12316.6699
18360,18420,447.28,1975.3,171.3,12389.8848
18420,18480,448.02,1977.6,166.3,12510.9385
18480,18540,448.65,1979.7,168.6,12629.9395
18540,18600,449.72,1983.3,173.0,12653.1563
18600,18660,453.40,1982.3,200.8,12625.7129
18660,18720,450.97,1982.2,189.6,12697.1064
18720,18780,451.90,1982.5,174.9,12957.1846
18780,18840,449.71,1980.5,175.2,12564.8379
18840,18900,448.86,1978.8,161.0,12778.2402
18900,18960,448.83,1980.5,166.2,12640.5244
18960,19020,451.43,1983.3,191.1,12710.6807
19020,19080,451.77,1982.8,186.6,12867.0605
19080,19140,451.22,1982.0,179.5,12788.4385
19140,19200,448.71,1980.4,173.6,12749.5137
19200,19260,446.17,1976.9,162.7,12383.8486
19260,19320,445.45,1977.0,158.4,12278.9482
19320,19380,447.44,1977.2,169.4,12316.8906
19380,19440,446.83,1976.4,160.6,12415.6748
19440,19500,445.17,1973.6,157.5,12217.5186
19500,19560,445.69,1973.7,156.9,12354.1055
19560,19620,445.22,1973.0,175.6,12244.3408
19620,19680,444.37,1972.0,181.8,12103.5723
19680,19740,445.54,1971.9,209.8,12252.1631
19740,19800,443.83,1969.5,163.8,12047.8438
19800,19860,444.69,1969.0,149.8,12037.4268
19860,19920,445.12,1968.5,151.0,11960.0674
19920,19980,449.43,1972.2,169.4,11990.8711
19980,20040,446.09,1969.9,155.1,11937.4551
20040,20100,445.52,1970.6,149.9,11898.9707
20100,20160,446.69,1971.3,151.6,12013.5898
20160,20220,447.21,1971.4,154.7,11984.2070
20220,20280,446.19,1973.6,157.4,11873.7461
20280,20340,447.90,1976.4,163.5,12018.1133
20340,20400,448.08,1980.3,169.6,12056.7783
20400,20460,448.07,1987.8,172.9,12202.3350
20460,20520,446.76,1995.4,176.8,12296.1484
20520,20580,446.76,1999.6,178.5,12392.2266
20580,20640,446.71,2000.7,179.2,12429.6104
20640,20700,446.78,2000.4,181.3,12434.4111
20700,20760,451.90,2000.3,227.2,12427.6143
20760,20820,450.41,2000.4,211.8,12413.5947
20820,20880,450.49,2002.1,218.6,12419.3291
20880,20940,453.42,1998.9,188.0,13349.9189
20940,21000,453.95,2001.3,200.8,13083.9980
21000,21060,457.48,2009.6,236.0,13071.6641
21060,21120,451.47,2020.0,190.0,12687.2979
21120,21180,451.30,2006.5,200.0,12693.0703
21180,21240,452.73,2009.4,207.3,12913.0684
21240,21300,451.75,2011.5,186.5,12793.4307
21300,21360,448.80,2010.5,182.6,12465.0527
21360,21420,450.08,2010.8,183.6,12658.8809
21420,21480,452.36,2008.9,181.0,12855.1592
21480,21540,448.86,2008.0,178.3,12588.8428
21540,21600,449.49,2008.2,176.1,12489.9473
21600,21660,448.00,2008.6,176.1,12389.8564
21660,21720,448.95,2010.8,186.7,12394.3369
21720,21780,452.18,2014.8,188.5,12647.5049
21780,21840,452.29,2014.6,183.2,12457.7148
21840,21900,452.97,2013.0,188.2,12467.9219
21900,21960,453.25,2013.6,184.0,12474.6553
21960,22020,450.29,2009.6,198.0,12323.0098
22020,22080,452.13,2010.6,178.3,12468.2754
22080,22140,453.16,2012.4,179.4,12535.0625
22140,22200,453.61,2016.0,213.6,12453.7051
22200,22260,453.63,2016.2,226.3,12465.9619
22260,22320,455.88,2017.0,204.9,12597.8008
22320,22380,453.97,2017.8,188.3,12461.6592
22380,22440,456.88,2016.9,181.9,12634.1006
22440,22500,453.04,2017.9,179.6,12413.3066
22500,22560,453.15,2016.2,179.3,12454.7461
22560,22620,454.97,2015.0,183.8,12557.4346
22620,22680,452.96,2011.0,173.9,12415.0342
22680,22740,452.62,2007.5,171.9,12468.1367
22740,22800,448.76,2001.2,165.0,12141.9424
