CampaignData_and_Merges/R0/CSL_MobileLab_Parked/raw/20240716/USOS-jNO2_MobileLabGround_20240716_R0.ict
52,1001
Waxman, E.; Rollins, A.; Zuraski, K.; Chace, W.
NOAA Chemical Sciences Laboratory
jNO2 filter radiometer on CSL Mobile Lab
AMMBEC / USOS
1, 1
2024,07,16, 2025,04,01
60
Time_Start, seconds, number_of_seconds_since_0000_UTC
20
1, 1, 1, 1, 1, 1, 1, 1, 1, 1, 1, 1, 1, 1, 1, 1, 1, 1, 1, 1
-9999, -9999, -9999, -9999, -9999, -9999, -9999, -9999, -9999, -9999, -9999, -9999, -9999, -9999, -9999, -9999, -9999, -9999, -9999, -9999
Time_Stop, seconds, number_of_seconds_since_0000_UTC
jNO2_meas, per second, photolysis rate of NO2 measured using a filter radiometer.
jBrCl, per second, photolysis rate of BrCl -> Br + Cl calculated in TUV for cloud-free sky with local AOD
jBr2, per second, photolysis rate of Br2 -> Br + Br calculated in TUV for cloud-free sky with local AOD
jCCl4, per second, photolysis rate of CCl4 -> Products calcualted in TUV for cloud-free sky with local AOD
jCH2Oa, per second, photolysis rate of CH2O -> H + HCO calculated in TUV for cloud-free sky with local AOD
jCH2Ob, per second, photolysis rate of CH2O -> H2 + CO calculated in TUV for cloud-free sky with local AOD
jClNO2, per second, photolysis rate of ClNO2 -> Cl + NO2 calculated in TUV for cloud-free sky with local AOD
jClOa, per second, photolysis rate of ClO -> Cl + O(1D) calculated in TUV for cloud-free sky with local AOD
jClOb, per second, photolysis rate of ClO -> Cl + O(3P) calculated in TUV for cloud-free sky with local AOD
jCl2, per second, photolysis rate of Cl2 -> Cl + Cl calculated in TUV for cloud-free sky with local AOD
jHNO2, per second, photolysis rate of HNO2 -> OH + NO calculated in TUV for cloud-free sky with local AOD
jHNO3, per second, photolysis rate of HNO3 -> OH + NO2 calculated in TUV for cloud-free sky with local AOD
jI2, per second, photolysis rate of I2 -> I + I calculated in TUV for cloud-free sky with local AOD
jNO2, per second, photolysis rate of NO2 -> NO + O(3P) calculated in TUV for cloud-free sky with local AOD
jNO3a, per second, photolysis rate of NO3 -> NO + O2 calculated in TUV for cloud-free sky with local AOD
jNO3b, per second, photolysis rate of NO3 -> NO2 + O(3P) calculated in TUV for cloud-free sky with local AOD
jN2O5, per second, photolysis rate of N2O5 -> NO3 + NO + O(3P) calculated in TUV for cloud-free sky with local AOD
jO3, per second, photolysis rate of O3 -> O2 + O(1D) calculated in TUV for cloud-free sky with local AOD
AOD_500nm, unitless, UTC daily mean AOD at 500 nm from an AERONET station located at 40.178 N, -112.452 E
0
18
PI_CONTACT_INFO: eleanor.waxman@noaa.gov
PLATFORM: CSL Mobile Lab, at ground site
LOCATION: Salt Lake City, UT
ASSOCIATED_DATA:
INSTRUMENT_INFO: jNO2 filter radiometer.  TUV calculations are for mobile van lat/lon/altitude assuming clear sky (cloud AOD = 0) and daily mean AOD.
DATA_INFO:
UNCERTAINTY: Data uncertainties are +/- 20%.  These come from uncertainties in radiometer angular response, radiometer thermal response, local interferences from clouds/aerosols/shadows etc.
ULOD_FLAG: -7777
ULOD_VALUE: N/A
LLOD_FLAG: -8888
LLOD_VALUE: N/A
DM_CONTACT_INFO: eleanor.waxman@noaa.gov
PROJECT_INFO: USOS Project, July - August 2024
STIPULATIONS_ON_USE: Users are strongly encouraged to contact the PI for proper data usage.
OTHER_COMMENTS: 
REVISION: R0
R0: final data
Time_Start, Time_Stop, jNO2_meas, jBrCl, jBr2, jCCl4, jCH2Oa, jCH2Ob, jClNO2, jClOa, jClOb, jCl2, jHNO2, jHNO3, jI2, jNO2, jNO3a, jNO3b, jN2O5, jO3, AOD_500nm
[from data line 1377]
   82620,   82680,0.0073794,0.009076,0.02824,9.677e-25,2.217e-05,3.588e-05,0.0003552,3.506e-25,2.494e-05,0.001815,0.001208,3.578e-07,0.1029,0.007521,0.02013,0.16,3.083e-05,1.598e-05,0.2
   82680,   82740,0.0073926,0.009057,0.02819,9.365e-25,2.206e-05,3.574e-05,0.0003539,3.386e-25,2.472e-05,0.001809,0.001204,3.555e-07,0.1028,0.007501,0.02011,0.1598,3.07e-05,1.583e-05,0.2
   82740,   82800,0.007375,0.009038,0.02814,9.082e-25,2.195e-05,3.561e-05,0.0003526,3.278e-25,2.451e-05,0.001803,0.001201,3.533e-07,0.1026,0.007482,0.02008,0.1597,3.057e-05,1.569e-05,0.2
   82800,   82860,0.0073519,0.009019,0.02809,8.794e-25,2.184e-05,3.547e-05,0.0003512,3.168e-25,2.429e-05,0.001798,0.001197,3.509e-07,0.1025,0.007461,0.02006,0.1595,3.044e-05,1.555e-05,0.2
   82860,   82920,0.0073201,0.008999,0.02805,8.517e-25,2.173e-05,3.533e-05,0.0003498,3.062e-25,2.407e-05,0.001792,0.001194,3.485e-07,0.1023,0.00744,0.02004,0.1592,3.031e-05,1.54e-05,0.2
   82920,   82980,0.0072959,0.00898,0.028,8.267e-25,2.162e-05,3.519e-05,0.0003485,2.968e-25,2.386e-05,0.001786,0.00119,3.463e-07,0.1022,0.007421,0.02002,0.159,3.018e-05,1.526e-05,0.2
   82980,   83040,0.0072973,0.00896,0.02795,8.011e-25,2.15e-05,3.505e-05,0.0003471,2.871e-25,2.365e-05,0.00178,0.001187,3.439e-07,0.1021,0.0074,0.01999,0.1588,3.005e-05,1.512e-05,0.2
   83040,   83100,0.0073127,0.008939,0.0279,7.766e-25,2.139e-05,3.49e-05,0.0003457,2.779e-25,2.343e-05,0.001774,0.001183,3.416e-07,0.1019,0.007379,0.01997,0.1586,2.991e-05,1.497e-05,0.2
   83100,   83160,0.0073125,0.00892,0.02785,7.544e-25,2.128e-05,3.477e-05,0.0003444,2.696e-25,2.322e-05,0.001768,0.00118,3.393e-07,0.1018,0.007359,0.01995,0.1584,2.978e-05,1.484e-05,0.2
   83160,   83220,0.0072843,0.008899,0.0278,7.317e-25,2.116e-05,3.462e-05,0.000343,2.611e-25,2.3e-05,0.001762,0.001176,3.369e-07,0.1016,0.007337,0.01992,0.1582,2.965e-05,1.469e-05,0.2
   83220,   83280,0.0072766,0.008878,0.02774,7.098e-25,2.105e-05,3.447e-05,0.0003416,2.529e-25,2.278e-05,0.001756,0.001172,3.345e-07,0.1015,0.007316,0.0199,0.158,2.951e-05,1.454e-05,0.2
   83280,   83340,0.0072602,0.008859,0.02769,6.901e-25,2.093e-05,3.433e-05,0.0003402,2.456e-25,2.258e-05,0.00175,0.001168,3.323e-07,0.1013,0.007295,0.01987,0.1578,2.938e-05,1.441e-05,0.2
   83340,   83400,0.0072459,0.008837,0.02764,6.698e-25,2.082e-05,3.418e-05,0.0003388,2.381e-25,2.236e-05,0.001744,0.001165,3.299e-07,0.1012,0.007273,0.01985,0.1575,2.924e-05,1.426e-05,0.2
   83400,   83460,0.0072728,0.008816,0.02759,6.504e-25,2.07e-05,3.403e-05,0.0003373,2.309e-25,2.214e-05,0.001738,0.001161,3.275e-07,0.101,0.007251,0.01982,0.1573,2.911e-05,1.412e-05,0.2
   83460,   83520,0.0072382,0.008795,0.02754,6.328e-25,2.059e-05,3.389e-05,0.000336,2.244e-25,2.194e-05,0.001732,0.001157,3.252e-07,0.1009,0.00723,0.0198,0.1571,2.898e-05,1.398e-05,0.2
   83520,   83580,0.0072036,0.008774,0.02748,6.147e-25,2.047e-05,3.374e-05,0.0003345,2.178e-25,2.172e-05,0.001725,0.001153,3.228e-07,0.1007,0.007208,0.01977,0.1569,2.884e-05,1.384e-05,0.2
   83580,   83640,0.007136,0.008751,0.02742,5.976e-25,2.035e-05,3.359e-05,0.000333,2.114e-25,2.15e-05,0.001719,0.001149,3.204e-07,0.1005,0.007185,0.01974,0.1566,2.869e-05,1.37e-05,0.2
   83640,   83700,0.0071128,0.008731,0.02737,5.818e-25,2.024e-05,3.344e-05,0.0003316,2.057e-25,2.13e-05,0.001713,0.001146,3.181e-07,0.1004,0.007163,0.01972,0.1564,2.856e-05,1.356e-05,0.2
   83700,   83760,0.007105,0.008708,0.02732,5.656e-25,2.012e-05,3.329e-05,0.0003301,1.998e-25,2.108e-05,0.001706,0.001142,3.157e-07,0.1002,0.00714,0.01969,0.1561,2.842e-05,1.342e-05,0.2
   83760,   83820,0.0071122,0.008685,0.02726,5.501e-25,1.999e-05,3.313e-05,0.0003286,1.941e-25,2.087e-05,0.0017,0.001138,3.133e-07,0.1,0.007117,0.01966,0.1559,2.828e-05,1.328e-05,0.2
   83820,   83880,0.0071179,0.008664,0.0272,5.359e-25,1.988e-05,3.299e-05,0.0003272,1.89e-25,2.067e-05,0.001694,0.001134,3.11e-07,0.09989,0.007095,0.01964,0.1557,2.814e-05,1.314e-05,0.2
   83880,   83940,0.0070946,0.008641,0.02714,5.214e-25,1.976e-05,3.283e-05,0.0003257,1.837e-25,2.045e-05,0.001687,0.00113,3.086e-07,0.09971,0.007072,0.01961,0.1554,2.8e-05,1.3e-05,0.2
   83940,   84000,0.0070523,0.008618,0.02709,5.074e-25,1.964e-05,3.267e-05,0.0003242,1.787e-25,2.024e-05,0.00168,0.001126,3.062e-07,0.09954,0.007048,0.01958,0.1552,2.786e-05,1.286e-05,0.2
   84000,   84060,0.0070344,0.008596,0.02703,4.947e-25,1.952e-05,3.252e-05,0.0003228,1.741e-25,2.004e-05,0.001674,0.001122,3.039e-07,0.09938,0.007025,0.01955,0.1549,2.772e-05,1.273e-05,0.2
   84060,   84120,0.0069922,0.008572,0.02697,4.817e-25,1.94e-05,3.237e-05,0.0003212,1.694e-25,1.982e-05,0.001667,0.001118,3.015e-07,0.0992,0.007001,0.01952,0.1547,2.757e-05,1.258e-05,0.2
   84120,   84180,0.006959,0.008548,0.02691,4.691e-25,1.928e-05,3.221e-05,0.0003197,1.649e-25,1.961e-05,0.00166,0.001113,2.99e-07,0.09902,0.006977,0.0195,0.1544,2.743e-05,1.244e-05,0.2
   84180,   84240,0.006952,0.008526,0.02685,4.577e-25,1.916e-05,3.205e-05,0.0003182,1.608e-25,1.941e-05,0.001654,0.001109,2.968e-07,0.09885,0.006954,0.01947,0.1542,2.729e-05,1.231e-05,0.2
   84240,   84300,0.006941,0.008501,0.02679,4.459e-25,1.903e-05,3.189e-05,0.0003167,1.566e-25,1.92e-05,0.001647,0.001105,2.943e-07,0.09867,0.00693,0.01944,0.1539,2.714e-05,1.217e-05,0.2
   84300,   84360,0.006923,0.008477,0.02673,4.346e-25,1.891e-05,3.173e-05,0.0003151,1.526e-25,1.899e-05,0.00164,0.001101,2.919e-07,0.09848,0.006905,0.01941,0.1536,2.699e-05,1.203e-05,0.2
   84360,   84420,0.006919,0.008454,0.02667,4.243e-25,1.879e-05,3.158e-05,0.0003136,1.489e-25,1.879e-05,0.001634,0.001097,2.896e-07,0.09831,0.006881,0.01938,0.1534,2.685e-05,1.19e-05,0.2
   84420,   84480,0.0069204,0.008429,0.0266,4.137e-25,1.867e-05,3.141e-05,0.000312,1.451e-25,1.858e-05,0.001627,0.001093,2.872e-07,0.09812,0.006856,0.01935,0.1531,2.671e-05,1.176e-05,0.2
   84480,   84540,0.0069439,0.008404,0.02654,4.034e-25,1.854e-05,3.125e-05,0.0003104,1.415e-25,1.837e-05,0.00162,0.001088,2.847e-07,0.09793,0.006831,0.01931,0.1528,2.656e-05,1.163e-05,0.2
   84540,   84600,0.006944,0.00838,0.02648,3.941e-25,1.842e-05,3.109e-05,0.0003089,1.382e-25,1.817e-05,0.001613,0.001084,2.824e-07,0.09775,0.006807,0.01928,0.1525,2.641e-05,1.15e-05,0.2
   84600,   84660,0.006928,0.008354,0.02641,3.845e-25,1.83e-05,3.093e-05,0.0003073,1.348e-25,1.796e-05,0.001606,0.00108,2.8e-07,0.09755,0.006781,0.01925,0.1522,2.626e-05,1.136e-05,0.2
   84660,   84720,0.0068692,0.008329,0.02635,3.752e-25,1.817e-05,3.076e-05,0.0003057,1.315e-25,1.775e-05,0.001598,0.001075,2.776e-07,0.09736,0.006755,0.01922,0.152,2.611e-05,1.122e-05,0.2
   84720,   84780,0.0068399,0.008304,0.02628,3.668e-25,1.805e-05,3.06e-05,0.0003042,1.285e-25,1.756e-05,0.001592,0.001071,2.753e-07,0.09717,0.006731,0.01919,0.1517,2.597e-05,1.109e-05,0.2
   84780,   84840,0.0067776,0.008278,0.02622,3.581e-25,1.792e-05,3.043e-05,0.0003026,1.255e-25,1.735e-05,0.001584,0.001066,2.728e-07,0.09697,0.006704,0.01916,0.1514,2.582e-05,1.096e-05,0.2
   84840,   84900,0.0067382,0.008252,0.02615,3.496e-25,1.78e-05,3.026e-05,0.0003009,1.225e-25,1.715e-05,0.001577,0.001062,2.704e-07,0.09676,0.006678,0.01912,0.1511,2.566e-05,1.082e-05,0.2
   84900,   84960,0.0067132,0.008227,0.02608,3.419e-25,1.768e-05,3.01e-05,0.0002994,1.198e-25,1.695e-05,0.00157,0.001058,2.681e-07,0.09657,0.006653,0.01909,0.1508,2.552e-05,1.07e-05,0.2
   84960,   85020,0.0066872,0.0082,0.02601,3.34e-25,1.755e-05,2.993e-05,0.0002977,1.171e-25,1.675e-05,0.001563,0.001053,2.657e-07,0.09636,0.006626,0.01905,0.1505,2.537e-05,1.056e-05,0.2
   85020,   85080,0.0066636,0.008173,0.02594,3.264e-25,1.742e-05,2.976e-05,0.0002961,1.144e-25,1.654e-05,0.001555,0.001048,2.633e-07,0.09615,0.006599,0.01902,0.1502,2.521e-05,1.043e-05,0.2
   85080,   85140,0.0066483,0.008147,0.02588,3.194e-25,1.73e-05,2.96e-05,0.0002945,1.119e-25,1.635e-05,0.001548,0.001044,2.61e-07,0.09596,0.006573,0.01899,0.1499,2.506e-05,1.031e-05,0.2
   85140,   85200,0.0066492,0.00812,0.02581,3.122e-25,1.717e-05,2.942e-05,0.0002928,1.094e-25,1.615e-05,0.001541,0.001039,2.585e-07,0.09574,0.006546,0.01895,0.1496,2.491e-05,1.017e-05,0.2
   85200,   85260,0.0066473,0.008092,0.02573,3.052e-25,1.704e-05,2.925e-05,0.0002911,1.07e-25,1.595e-05,0.001533,0.001034,2.561e-07,0.09553,0.006518,0.01892,0.1493,2.475e-05,1.004e-05,0.2
   85260,   85320,0.0066127,0.008066,0.02567,2.988e-25,1.692e-05,2.908e-05,0.0002896,1.048e-25,1.576e-05,0.001526,0.00103,2.538e-07,0.09532,0.006492,0.01888,0.149,2.46e-05,9.918e-06,0.2
   85320,   85380,0.006499,0.008037,0.02559,2.922e-25,1.679e-05,2.891e-05,0.0002879,1.025e-25,1.556e-05,0.001518,0.001025,2.514e-07,0.0951,0.006464,0.01884,0.1486,2.445e-05,9.788e-06,0.2
   85380,   85440,0.0064834,0.008009,0.02552,2.858e-25,1.666e-05,2.873e-05,0.0002862,1.003e-25,1.536e-05,0.001511,0.00102,2.49e-07,0.09488,0.006436,0.01881,0.1483,2.429e-05,9.658e-06,0.2
   85440,   85500,0.0064186,0.007982,0.02545,2.8e-25,1.654e-05,2.856e-05,0.0002845,9.823e-26,1.517e-05,0.001503,0.001016,2.467e-07,0.09466,0.006409,0.01877,0.148,2.414e-05,9.536e-06,0.2
   85500,   85560,0.0063604,0.007953,0.02537,2.74e-25,1.64e-05,2.839e-05,0.0002828,9.614e-26,1.498e-05,0.001496,0.001011,2.443e-07,0.09444,0.00638,0.01873,0.1477,2.398e-05,9.408e-06,0.2
   85560,   85620,0.0063305,0.007924,0.0253,2.683e-25,1.627e-05,2.821e-05,0.0002811,9.412e-26,1.478e-05,0.001488,0.001006,2.418e-07,0.09421,0.006352,0.01869,0.1473,2.382e-05,9.28e-06,0.2
   85620,   85680,0.0063236,0.007896,0.02522,2.629e-25,1.615e-05,2.804e-05,0.0002795,9.227e-26,1.46e-05,0.00148,0.001001,2.396e-07,0.09399,0.006324,0.01866,0.147,2.367e-05,9.16e-06,0.2
   85680,   85740,0.0063038,0.007867,0.02515,2.574e-25,1.602e-05,2.786e-05,0.0002777,9.036e-26,1.44e-05,0.001472,0.0009963,2.372e-07,0.09375,0.006295,0.01862,0.1467,2.351e-05,9.034e-06,0.2
   85740,   85800,0.0063109,0.007837,0.02507,2.521e-25,1.589e-05,2.768e-05,0.000276,8.851e-26,1.421e-05,0.001464,0.0009913,2.347e-07,0.09352,0.006266,0.01858,0.1463,2.335e-05,8.908e-06,0.2
   85800,   85860,0.0062655,0.007809,0.02499,2.472e-25,1.576e-05,2.751e-05,0.0002743,8.681e-26,1.403e-05,0.001457,0.0009865,2.325e-07,0.09329,0.006238,0.01854,0.146,2.32e-05,8.79e-06,0.2
   85860,   85920,0.0062582,0.007778,0.02491,2.421e-25,1.563e-05,2.732e-05,0.0002726,8.506e-26,1.383e-05,0.001449,0.0009814,2.301e-07,0.09305,0.006208,0.0185,0.1456,2.304e-05,8.666e-06,0.2
   85920,   85980,0.006246,0.007748,0.02483,2.372e-25,1.55e-05,2.714e-05,0.0002708,8.336e-26,1.364e-05,0.001441,0.0009763,2.277e-07,0.0928,0.006178,0.01846,0.1452,2.287e-05,8.542e-06,0.2
   85980,   86040,0.0062354,0.007719,0.02475,2.327e-25,1.537e-05,2.697e-05,0.0002691,8.18e-26,1.346e-05,0.001433,0.0009715,2.254e-07,0.09257,0.00615,0.01842,0.1449,2.272e-05,8.426e-06,0.2
   86040,   86100,0.0062575,0.007688,0.02467,2.28e-25,1.524e-05,2.678e-05,0.0002674,8.019e-26,1.328e-05,0.001425,0.0009663,2.23e-07,0.09232,0.006119,0.01838,0.1445,2.256e-05,8.304e-06,0.2
   86100,   86160,0.0061592,0.007656,0.02459,2.235e-25,1.511e-05,2.66e-05,0.0002656,7.863e-26,1.309e-05,0.001417,0.0009611,2.206e-07,0.09207,0.006089,0.01833,0.1442,2.239e-05,8.182e-06,0.2
   86160,   86220,0.0060819,0.007627,0.02451,2.193e-25,1.498e-05,2.642e-05,0.0002639,7.72e-26,1.291e-05,0.001409,0.0009562,2.184e-07,0.09183,0.00606,0.01829,0.1438,2.224e-05,8.068e-06,0.2
   86220,   86280,0.0060595,0.007595,0.02443,2.15e-25,1.485e-05,2.623e-05,0.0002621,7.571e-26,1.273e-05,0.001401,0.0009509,2.16e-07,0.09157,0.006029,0.01825,0.1434,2.207e-05,7.948e-06,0.2
   86280,   86340,0.0060694,0.007563,0.02434,2.108e-25,1.472e-05,2.605e-05,0.0002603,7.427e-26,1.254e-05,0.001392,0.0009456,2.136e-07,0.09131,0.005997,0.01821,0.143,2.191e-05,7.829e-06,0.2
   86340,   86400,0.0060675,0.007532,0.02426,2.07e-25,1.459e-05,2.587e-05,0.0002586,7.295e-26,1.237e-05,0.001384,0.0009406,2.114e-07,0.09106,0.005968,0.01816,0.1427,2.175e-05,7.717e-06,0.2
