CampaignData_and_Merges/R0/CSL_MobileLab_Parked/raw/20240716/USOS-NOAAIodideCIMS-HCOOH_MobileLabGround_20240716_RA.ict
34, 1001
Michael A Robinson, Chris Jernigan, Subi Thakali
NOAA ESRL Chemical Sciences Laboratory and CIRES, U. of Colorado
NOAA Iodide CIMS Instrument
USOS
1, 1
2024, 07, 16, 2024, 07, 17
0
starttime_UTC, seconds_past_midnight, seconds_of_day_since_00:00:00_UTC
1
1
-9999
HCOOH_NOAACIMS, pptv, Gas_HCOOH_InSitu_S_AVMR
1
N/A
18
PI_CONTACT_INFO: 325 Broadway, R/CSD 7, Boulder, Colorado 80305; michael.a.robinson@noaa.gov; chris.jernigan@noaa.gov;
PLATFORM: NOAA CSL Mobile Lab
LOCATION: SLC, Utah
ASSOCIATED_DATA: 1Hz data also available on request.
INSTRUMENT_INFO: NOAA I- ToF CIMS
DATA_INFO: Units: pptv
UNCERTAINTY: tbd
ULOD_FLAG: -7777
ULOD_VALUE: N/A
LLOD_FLAG: -8888
LLOD_VALUE: N/A
DM_CONTACT_INFO: Nathan Howard; nathan.h.howard@noaa.gov
PROJECT_INFO: USOS, summer 2024. https://csl.noaa.gov/groups/csl7/measurements/2024usos/
STIPULATIONS_ON_USE: only the USOS science team is allowed to use this data
OTHER_COMMENTS: Field data; Data are averaged to 1 minute intervals. Stationary data collected from a 10 ft tower on top of the mobile lab
REVISION: RA
RA: Preliminary Data; For in-field use only
starttime_UTC, HCOOH_NOAACIMS
[from data line 1080]
64800,1649.506
64860,1677.821
64920,1665.494
64980,1703.529
65040,2085.381
65100,1897.101
65160,1844.324
65220,1690.340
65280,1681.133
65340,1913.233
65400,1817.315
65460,1705.538
65520,1736.547
65580,1802.272
65640,1874.209
65700,1879.841
65760,1734.064
65820,1689.173
65880,1652.594
65940,1663.391
66000,1676.458
66060,1636.045
66120,1501.219
66180,1713.237
66240,1728.682
66300,1872.606
66360,1815.833
66420,1739.799
66480,1701.128
66540,1796.685
66600,1728.882
66660,1741.877
66720,1668.329
66780,1719.208
66840,1606.588
66900,1594.549
66960,1706.191
67020,1553.227
67080,1568.645
67140,1557.417
67200,1539.955
67260,1595.046
67320,1683.979
67380,1640.799
67440,1612.375
67500,1622.979
67560,1675.305
67620,1609.290
67680,1631.532
67740,1687.160
67800,1716.940
67860,1687.277
67920,-9999.000
67980,-9999.000
68040,-9999.000
68100,-9999.000
68160,-9999.000
68220,-9999.000
68280,1645.239
68340,1693.052
68400,1625.136
68460,1621.688
68520,1590.091
68580,1788.157
68640,1719.626
68700,1685.595
68760,1898.335
68820,1919.754
68880,2145.437
68940,1915.909
69000,1866.769
69060,1867.927
69120,1881.120
69180,1798.810
69240,1838.923
69300,1881.893
69360,1893.042
69420,1720.686
69480,1748.937
69540,1659.156
69600,1679.508
69660,1734.386
69720,-9999.000
69780,-9999.000
69840,-9999.000
69900,1812.802
69960,1718.385
70020,1800.062
70080,1772.237
70140,1887.210
70200,1815.927
70260,1830.284
70320,1787.183
70380,1690.046
70440,1568.031
70500,1713.484
70560,1747.664
70620,1748.987
70680,1721.565
70740,1810.494
70800,1786.829
70860,1725.078
70920,1654.426
70980,1903.140
71040,1673.978
71100,1773.768
71160,1823.899
71220,1720.162
71280,1883.574
71340,1840.812
71400,1758.571
71460,1834.302
71520,1851.969
71580,-9999.000
71640,-9999.000
71700,-9999.000
71760,1759.017
71820,1623.389
71880,1673.385
71940,1722.645
72000,1661.123
72060,1635.721
72120,1552.447
72180,1509.122
72240,1511.883
72300,1594.769
72360,1677.759
72420,1576.673
72480,1571.905
72540,1678.388
72600,1528.261
72660,1526.953
72720,1526.172
72780,1629.998
72840,1765.579
72900,1716.794
72960,1626.626
73020,1650.045
73080,1559.198
73140,1549.185
73200,1536.808
73260,1616.927
73320,1705.592
73380,1706.222
73440,1606.283
73500,1331.533
73560,1499.247
73620,1506.483
73680,1595.815
73740,1670.840
73800,1580.141
73860,1504.104
73920,1560.016
73980,1495.842
74040,1558.683
74100,1554.480
74160,1681.755
74220,1688.452
74280,1664.024
74340,1583.573
74400,1532.568
74460,1523.341
74520,1589.058
74580,1632.811
74640,1608.332
74700,1585.535
74760,1561.735
74820,1487.504
74880,1537.893
74940,1564.152
75000,1626.341
75060,1612.261
75120,1568.286
75180,1576.357
75240,-9999.000
75300,-9999.000
75360,-9999.000
75420,-9999.000
75480,-9999.000
75540,1470.240
75600,1494.571
75660,1510.948
75720,1489.699
75780,1434.711
75840,1487.546
75900,1506.486
75960,1411.623
76020,1402.796
76080,1422.116
76140,1454.361
76200,1380.489
76260,1392.684
76320,1405.767
76380,1437.000
76440,1418.657
76500,1423.178
76560,1387.992
76620,1324.232
76680,1325.859
76740,1378.598
76800,1275.314
76860,1299.351
76920,1310.565
76980,1363.938
77040,1416.888
77100,1334.956
77160,1175.433
77220,1167.619
77280,1258.974
77340,1316.929
77400,1379.613
77460,1448.736
77520,1305.648
77580,1292.432
77640,-9999.000
77700,-9999.000
77760,-9999.000
77820,-9999.000
77880,-9999.000
77940,-9999.000
78000,-9999.000
78060,-9999.000
78120,-9999.000
78180,-9999.000
78240,-9999.000
78300,-9999.000
78360,-9999.000
78420,-9999.000
78480,452.426
78540,470.408
78600,460.637
78660,451.847
78720,481.035
78780,480.378
78840,500.921
78900,492.590
78960,491.369
79020,401.960
79080,397.370
79140,435.663
79200,460.189
79260,482.962
79320,510.496
79380,489.929
79440,474.973
79500,485.156
79560,495.650
79620,485.186
79680,483.817
79740,522.746
79800,502.871
79860,470.450
79920,484.021
79980,473.701
80040,487.526
80100,489.380
80160,468.332
80220,452.614
80280,433.128
80340,427.244
80400,434.540
80460,450.413
80520,439.502
80580,456.979
80640,444.171
80700,447.780
80760,460.792
80820,454.529
80880,370.401
80940,394.700
81000,422.109
81060,459.629
81120,471.157
81180,467.066
81240,441.921
81300,472.731
81360,454.570
81420,495.316
81480,493.152
81540,488.430
81600,442.135
81660,438.632
81720,457.929
81780,477.628
81840,464.013
81900,464.799
81960,456.627
82020,469.559
82080,459.374
82140,457.910
82200,449.074
82260,446.334
82320,416.358
82380,420.456
82440,426.467
82500,407.294
82560,392.658
82620,395.713
82680,395.563
82740,425.560
82800,400.933
82860,384.101
82920,405.314
82980,409.695
83040,387.666
83100,382.615
83160,365.973
83220,377.197
83280,402.823
83340,402.605
83400,368.274
83460,385.943
83520,363.177
83580,371.459
83640,378.674
83700,376.577
83760,380.283
83820,392.565
83880,407.411
83940,410.056
84000,418.293
84060,392.267
84120,398.018
84180,431.383
84240,429.727
84300,457.128
84360,408.367
84420,393.169
84480,375.614
84540,366.653
84600,372.818
84660,405.039
84720,406.423
84780,436.057
84840,430.825
84900,456.777
84960,457.256
85020,411.364
85080,396.800
85140,400.350
85200,414.142
85260,345.138
85320,387.463
85380,404.836
85440,410.768
85500,387.069
85560,399.541
85620,399.538
85680,377.393
85740,370.144
85800,398.709
85860,380.876
85920,379.698
85980,374.263
86040,398.154
86100,404.685
86160,424.351
86220,442.828
86280,440.964
86340,470.634
