CampaignData_and_Merges/R0/CSL_MobileLab_Parked/raw/20240716/USOS-NOAAIodideCIMS-OrgNitrs_MobileLabGround_20240716_RA.ict
38, 1001
Michael A Robinson, Chris Jernigan, Subi Thakali
NOAA ESRL Chemical Sciences Laboratory and CIRES, U. of Colorado
NOAA Iodide CIMS Instrument
USOS
1, 1
2024, 07, 16, 2024, 07, 17
0
starttime_UTC, seconds_past_midnight, seconds_of_day_since_00:00:00_UTC
5
1, 1, 1, 1, 1
-9999, -9999, -9999, -9999, -9999
C4H7NO5_NOAACIMS, pptv, Gas_C4H7NO5_InSitu_M_AVMR
ISOPN_NOAACIMS, pptv, Gas_ISOPN_InSitu_M_AVMR
C5H10O3_NOAACIMS, pptv, Gas_C5H10O3_InSitu_M_AVMR
C5H9NO5_NOAACIMS, pptv, Gas_C5H9NO5_InSitu_M_AVMR
C10H17NO4_NOAACIMS, pptv, Gas_C10H17NO4_InSitu_M_AVMR
1
N/A
18
PI_CONTACT_INFO: 325 Broadway, R/CSD 7, Boulder, Colorado 80305; michael.a.robinson@noaa.gov; chris.jernigan@noaa.gov;
PLATFORM: NOAA CSL Mobile Lab
LOCATION: SLC, Utah
ASSOCIATED_DATA: 1Hz data also available on request.
INSTRUMENT_INFO: NOAA I- ToF CIMS
DATA_INFO: Units: pptv
UNCERTAINTY: tbd
ULOD_FLAG: -7777
ULOD_VALUE: N/A
LLOD_FLAG: -8888
LLOD_VALUE: N/A
DM_CONTACT_INFO: Nathan Howard; nathan.h.howard@noaa.gov
PROJECT_INFO: USOS, summer 2024. https://csl.noaa.gov/groups/csl7/measurements/2024usos/
STIPULATIONS_ON_USE: only the USOS science team is allowed to use this data
OTHER_COMMENTS: Field data; Data are averaged to 1 minute intervals. Stationary data collected from a 10 ft tower on top of the mobile lab
REVISION: RA
RA: Preliminary Data; For in-field use only
starttime_UTC, C4H7NO5_NOAACIMS, ISOPN_NOAACIMS, C5H10O3_NOAACIMS, C5H9NO5_NOAACIMS, C10H17NO4_NOAACIMS
[from data line 428]
25680,1.501,2.133,18.749,5.268,0.742
25740,1.490,2.227,19.672,5.302,0.721
25800,1.485,2.144,19.178,5.384,0.706
25860,1.562,2.424,18.907,5.555,0.840
25920,1.576,2.523,20.493,5.770,0.906
25980,1.700,2.745,19.888,6.235,1.014
26040,1.769,3.177,18.634,7.373,1.045
26100,1.909,3.681,21.479,8.259,1.619
26160,1.997,3.868,23.265,8.750,1.633
26220,1.955,3.898,21.740,8.603,1.707
26280,2.107,4.048,23.341,9.385,1.845
26340,2.141,4.262,23.710,9.489,1.965
26400,2.157,4.204,23.138,9.438,2.043
26460,2.111,4.232,23.823,9.435,2.046
26520,2.080,4.030,23.023,8.971,2.077
26580,2.077,3.891,23.806,8.959,2.048
26640,2.072,4.119,23.411,8.665,2.161
26700,2.126,3.902,22.905,8.889,2.172
26760,2.139,3.715,22.913,8.675,2.190
26820,2.142,3.784,23.989,8.983,2.397
26880,2.120,4.083,23.987,8.952,2.317
26940,2.122,4.025,23.729,8.860,2.348
27000,2.107,4.026,23.430,8.574,2.349
27060,2.050,3.973,22.871,8.518,2.281
27120,2.094,3.778,22.858,8.821,2.361
27180,2.055,3.872,23.477,8.497,2.250
27240,2.019,3.672,22.992,8.550,2.258
27300,2.065,3.703,22.979,8.614,2.026
27360,2.045,3.506,22.572,8.214,2.076
27420,2.004,3.728,23.085,7.868,2.134
27480,2.018,3.650,21.115,7.985,2.107
27540,1.973,3.545,22.824,7.928,2.394
27600,1.917,3.642,22.549,7.753,2.141
27660,2.031,3.626,22.862,8.077,2.125
27720,1.986,3.754,23.035,8.033,2.209
27780,1.972,3.693,-9999.000,7.697,2.101
27840,1.976,3.486,-9999.000,-9999.000,-9999.000
27900,1.670,3.191,-9999.000,-9999.000,-9999.000
27960,1.854,3.173,-9999.000,-9999.000,-9999.000
28020,1.862,3.298,-9999.000,7.355,-9999.000
28080,1.935,3.578,20.733,7.502,-9999.000
28140,1.870,3.245,21.064,7.493,1.935
28200,1.832,3.167,20.227,7.095,1.764
28260,1.833,3.277,22.080,7.631,1.907
28320,1.860,3.414,21.660,7.426,2.031
28380,1.880,2.974,21.084,7.386,1.947
28440,1.808,3.218,20.992,7.166,1.897
28500,1.729,3.072,20.790,7.166,1.694
28560,1.736,3.296,21.201,7.111,1.764
28620,1.736,2.883,21.001,6.810,1.711
28680,1.680,2.824,21.219,6.693,1.607
28740,1.662,2.842,20.689,6.623,1.413
28800,1.712,2.942,20.022,6.364,1.382
28860,1.657,2.659,21.327,6.264,1.473
28920,1.608,2.484,20.970,6.197,1.278
28980,1.600,2.441,20.640,6.091,1.242
29040,1.591,2.781,20.979,6.073,1.289
29100,1.599,2.629,20.890,6.024,1.284
29160,1.584,2.206,20.323,6.076,1.143
29220,1.555,2.493,21.975,6.096,1.175
29280,1.509,2.406,21.020,5.808,1.034
29340,1.542,2.349,21.060,5.919,1.117
29400,1.532,2.346,21.878,5.855,1.142
29460,1.527,2.329,20.372,5.675,1.118
29520,1.536,2.526,21.428,5.903,1.068
29580,1.529,2.594,21.754,5.658,1.089
29640,1.508,2.303,20.812,5.661,1.030
29700,1.503,2.397,21.310,5.446,0.993
29760,1.405,2.109,20.039,5.263,0.981
29820,1.540,2.211,19.438,5.769,1.035
29880,1.570,2.447,21.251,5.850,1.082
29940,1.518,2.425,21.994,5.733,1.067
30000,1.554,2.508,21.783,5.489,1.095
30060,1.546,2.384,21.794,5.637,1.058
30120,1.524,2.628,22.375,5.865,1.070
30180,1.572,2.495,22.095,5.799,1.000
30240,1.561,2.513,22.671,5.957,0.974
30300,1.565,2.408,22.227,5.795,0.948
30360,1.592,2.470,22.590,5.858,0.960
30420,1.560,2.783,23.025,5.683,1.068
30480,1.557,2.574,22.432,5.642,1.006
30540,1.567,2.636,22.984,5.739,0.939
30600,1.588,2.534,22.503,5.812,0.892
30660,1.616,2.464,23.504,5.999,1.038
30720,1.633,2.621,22.527,5.939,1.044
30780,1.621,2.605,23.912,6.145,0.992
30840,1.627,2.515,23.256,5.950,0.999
30900,1.670,2.620,23.500,6.030,0.930
30960,1.661,2.507,23.463,6.207,1.058
31020,1.662,2.756,24.531,6.383,1.102
31080,1.651,2.711,23.561,6.346,1.073
31140,1.614,2.953,23.970,6.315,1.039
31200,1.657,2.903,24.897,6.371,1.096
31260,1.660,2.871,24.018,6.537,1.038
31320,1.679,2.519,23.897,6.511,1.048
31380,1.760,3.105,25.378,7.001,1.037
31440,1.699,2.902,23.814,6.555,0.960
31500,1.745,3.151,25.581,6.537,1.116
31560,-9999.000,-9999.000,-9999.000,-9999.000,-9999.000
31620,1.477,2.563,-9999.000,-9999.000,-9999.000
31680,1.693,3.169,-9999.000,-9999.000,-9999.000
31740,1.678,3.158,-9999.000,6.832,-9999.000
31800,1.727,3.149,-9999.000,6.869,1.027
31860,1.759,3.211,24.364,6.841,0.981
31920,1.740,3.330,25.085,6.747,1.047
31980,1.709,2.997,23.935,6.712,0.984
32040,1.725,3.020,23.997,6.816,1.070
32100,1.744,3.126,25.177,6.848,1.020
32160,1.810,3.005,25.119,7.192,0.942
32220,1.841,3.108,25.752,7.044,0.989
32280,1.750,3.240,24.979,7.074,0.927
32340,1.766,3.163,24.391,7.065,1.008
32400,1.754,3.417,24.542,7.047,0.938
32460,1.798,3.353,25.188,7.313,0.999
32520,1.842,3.401,24.913,7.299,0.992
32580,1.767,3.281,25.829,6.979,0.996
32640,1.781,3.249,26.041,6.952,1.002
32700,1.809,3.130,25.161,7.191,1.083
32760,1.761,3.251,25.739,6.906,1.175
32820,1.769,3.190,24.681,6.749,1.113
32880,1.802,3.295,24.579,7.045,1.125
32940,1.808,3.403,26.188,7.023,1.069
33000,1.835,3.056,25.786,7.021,1.078
33060,1.809,3.226,24.057,6.906,1.095
33120,1.804,3.321,26.009,7.047,1.102
33180,1.793,3.267,24.663,7.037,1.125
33240,1.808,3.114,24.735,6.960,1.097
33300,1.819,3.417,-9999.000,6.904,1.055
33360,1.837,3.089,-9999.000,-9999.000,1.159
33420,1.600,2.631,-9999.000,-9999.000,0.672
33480,1.770,3.243,-9999.000,-9999.000,0.934
33540,1.769,3.174,-9999.000,6.797,0.950
33600,1.751,3.047,24.091,6.893,0.882
33660,1.803,3.083,26.106,6.973,1.089
33720,1.819,3.194,25.402,7.092,1.055
33780,1.812,3.173,24.742,7.071,0.916
33840,1.850,3.230,25.518,6.872,0.951
33900,1.840,3.194,25.163,7.183,1.003
33960,1.826,3.168,24.923,6.763,0.982
34020,1.763,2.921,24.264,6.974,0.926
34080,1.839,3.234,25.469,7.016,0.956
34140,1.828,3.293,23.438,6.996,0.914
34200,1.789,2.981,22.290,6.812,1.064
34260,1.745,2.900,23.990,6.734,1.088
34320,1.848,3.056,23.849,6.811,1.309
34380,1.836,2.736,23.538,6.875,1.396
34440,1.831,2.811,24.552,6.685,1.561
34500,1.791,2.632,23.253,6.657,1.469
34560,1.833,2.649,21.712,6.690,1.487
34620,1.857,2.805,24.295,7.044,1.270
34680,1.871,2.884,24.992,7.079,1.441
34740,1.907,2.944,24.447,7.393,1.133
34800,1.931,2.976,24.949,7.248,1.224
34860,1.901,2.902,23.674,7.205,1.199
34920,1.897,2.555,23.623,6.975,1.224
34980,1.869,2.748,25.092,7.374,1.066
35040,1.896,2.853,25.561,7.314,1.003
35100,1.877,2.921,24.330,7.044,1.088
35160,1.794,2.678,-9999.000,6.510,1.377
35220,-9999.000,2.285,-9999.000,-9999.000,1.324
35280,-9999.000,2.018,-9999.000,-9999.000,1.008
35340,-9999.000,2.316,-9999.000,-9999.000,1.637
35400,1.764,2.529,-9999.000,-9999.000,1.813
35460,1.805,2.339,-9999.000,-9999.000,1.870
35520,1.803,2.895,-9999.000,7.037,1.525
35580,1.862,2.911,-9999.000,7.106,1.391
35640,1.888,2.855,-9999.000,6.941,1.126
35700,1.864,2.610,23.415,6.902,1.108
35760,1.893,2.803,24.196,7.296,1.017
35820,1.891,2.728,24.271,7.084,1.084
35880,1.847,2.605,22.855,6.492,1.602
35940,1.844,2.730,23.082,6.845,1.594
36000,1.841,2.641,22.693,6.789,1.668
36060,1.845,2.717,22.931,6.772,1.980
36120,1.840,2.575,22.539,6.556,1.623
36180,1.888,2.707,23.917,6.907,1.395
36240,1.923,2.931,24.210,7.095,1.296
36300,1.826,2.566,22.828,6.926,1.165
36360,1.870,2.977,23.412,7.092,1.481
36420,1.899,2.985,22.674,6.970,1.502
36480,1.904,2.728,23.452,7.071,1.196
36540,1.930,2.661,24.362,7.052,1.082
36600,1.881,2.746,23.750,7.144,0.939
36660,1.856,2.927,23.454,6.956,0.959
36720,1.932,2.819,24.009,7.076,1.012
36780,1.952,2.753,23.915,7.544,0.978
36840,1.956,2.980,23.969,7.274,1.041
36900,1.911,2.938,24.921,7.215,1.178
36960,1.961,2.867,23.978,7.193,1.063
37020,1.984,3.084,24.130,7.326,1.174
37080,2.008,3.094,23.963,7.312,1.069
37140,1.824,2.832,21.493,6.555,1.036
37200,1.956,3.061,23.361,7.189,1.136
37260,2.049,2.902,23.249,7.499,1.101
37320,1.980,2.940,23.586,7.302,1.131
37380,1.977,3.037,23.511,7.500,1.088
37440,2.043,2.879,24.332,7.458,1.132
37500,2.061,2.994,24.134,7.629,1.154
37560,2.029,2.827,24.597,7.074,1.160
37620,2.011,3.054,23.142,7.136,1.202
37680,2.079,2.810,24.165,7.333,1.229
37740,2.059,3.100,24.096,7.058,1.260
37800,2.010,2.878,23.248,6.947,1.180
37860,2.000,3.014,23.767,6.906,1.253
37920,1.944,2.866,23.808,6.753,1.293
37980,2.073,2.992,23.689,6.884,1.397
38040,2.074,2.849,24.094,7.062,1.293
38100,2.080,3.065,23.997,7.064,1.382
38160,1.979,2.947,23.766,6.665,1.445
38220,2.022,2.998,23.916,7.189,1.561
38280,1.978,2.669,22.881,6.600,1.325
38340,2.051,2.640,24.535,7.010,1.493
38400,2.141,2.672,24.593,7.162,1.355
38460,2.277,3.312,25.039,7.322,1.435
38520,2.132,2.566,24.487,7.063,1.358
38580,2.303,3.056,24.492,7.481,1.250
38640,2.353,3.097,25.284,7.397,1.286
38700,2.431,2.883,24.885,7.565,1.371
38760,2.069,2.882,24.329,6.683,1.202
38820,2.365,3.433,25.591,6.994,1.275
38880,2.129,2.904,24.354,6.680,1.279
38940,-9999.000,-9999.000,-9999.000,-9999.000,-9999.000
39000,1.984,2.849,-9999.000,-9999.000,-9999.000
39060,2.079,2.892,-9999.000,-9999.000,-9999.000
39120,2.119,2.861,-9999.000,-9999.000,-9999.000
39180,2.118,2.970,-9999.000,6.320,-9999.000
39240,2.130,2.762,-9999.000,6.360,-9999.000
39300,2.197,2.908,-9999.000,6.357,-9999.000
39360,2.115,2.981,24.026,6.560,1.206
39420,2.105,3.058,24.896,6.889,1.209
39480,2.153,3.120,23.743,6.953,1.093
39540,2.086,3.010,24.062,6.615,1.067
39600,2.100,2.935,23.899,6.853,1.263
39660,2.055,2.827,23.095,7.035,1.122
39720,2.098,2.856,23.828,7.050,1.192
39780,2.094,2.837,23.253,6.932,1.260
39840,2.044,2.847,22.809,6.891,1.225
39900,2.090,2.926,23.503,7.029,1.328
39960,2.084,2.542,23.856,6.931,1.283
40020,2.087,2.825,21.984,6.722,1.180
40080,2.143,2.732,22.362,6.903,1.230
40140,2.070,2.655,22.616,6.611,1.309
40200,2.054,2.539,22.062,6.609,1.200
40260,2.060,2.756,22.357,6.832,1.273
40320,2.075,2.753,22.686,6.850,1.301
40380,2.123,2.850,22.337,6.894,1.270
40440,2.115,2.683,21.692,6.736,1.172
40500,2.032,2.674,-9999.000,6.484,1.187
40560,2.002,2.732,-9999.000,6.531,1.159
40620,2.064,2.434,-9999.000,6.639,1.250
40680,-9999.000,2.597,-9999.000,-9999.000,1.171
40740,-9999.000,2.587,-9999.000,-9999.000,-9999.000
40800,-9999.000,2.345,-9999.000,-9999.000,-9999.000
40860,-9999.000,2.508,-9999.000,-9999.000,-9999.000
40920,-9999.000,2.436,-9999.000,6.687,-9999.000
40980,-9999.000,2.568,-9999.000,6.769,-9999.000
41040,2.085,2.691,22.126,6.802,-9999.000
41100,2.094,2.702,21.644,6.796,1.160
41160,2.119,2.820,21.484,6.824,1.205
41220,2.145,2.712,22.168,6.892,1.285
41280,2.136,2.576,22.376,6.790,1.149
41340,2.124,2.471,22.758,7.111,1.309
41400,2.103,2.683,22.946,6.841,1.293
41460,2.168,2.937,22.254,7.068,1.386
41520,2.122,2.656,22.152,6.932,1.228
41580,2.124,2.700,22.847,6.722,1.305
41640,2.101,2.529,23.552,6.902,1.282
41700,2.106,2.665,21.918,6.836,1.288
41760,2.143,2.720,22.028,6.768,1.317
41820,2.112,2.689,22.509,6.890,1.339
41880,2.172,2.577,23.146,7.214,1.256
41940,2.133,2.781,23.310,6.937,1.216
42000,2.144,2.651,21.841,6.798,1.288
42060,2.161,2.793,22.701,6.655,1.384
42120,2.132,2.558,22.629,6.693,1.343
42180,2.116,2.594,22.422,6.543,1.428
42240,2.131,2.631,23.066,6.841,1.391
42300,2.148,2.727,22.865,6.664,1.430
42360,2.136,2.814,22.405,6.790,1.410
42420,2.174,2.721,23.146,6.555,1.386
42480,2.175,2.842,-9999.000,6.596,1.460
42540,-9999.000,2.623,-9999.000,-9999.000,1.511
42600,-9999.000,2.782,-9999.000,-9999.000,-9999.000
42660,-9999.000,2.092,-9999.000,-9999.000,-9999.000
42720,-9999.000,2.681,-9999.000,-9999.000,-9999.000
42780,-9999.000,2.754,-9999.000,-9999.000,-9999.000
42840,-9999.000,2.819,-9999.000,-9999.000,1.268
42900,2.223,2.622,-9999.000,6.660,1.301
42960,2.206,2.598,21.991,6.417,1.265
43020,2.217,2.578,23.119,6.333,1.143
43080,2.218,2.858,22.293,6.603,1.170
43140,2.311,2.604,23.536,6.626,1.276
43200,2.245,2.780,23.217,6.615,1.079
43260,2.233,2.835,24.614,6.717,1.169
43320,2.289,2.698,24.090,6.590,1.255
43380,2.289,2.873,23.735,6.850,1.233
43440,2.285,2.543,23.270,6.784,1.071
43500,2.281,2.793,24.051,6.737,1.180
43560,2.318,2.890,25.243,6.783,1.175
43620,2.346,2.814,23.968,6.905,1.007
43680,2.391,2.589,24.329,7.058,1.044
43740,2.339,2.550,24.823,6.943,1.037
43800,2.339,2.932,25.539,6.880,1.081
43860,2.378,2.642,25.240,6.893,1.109
43920,2.414,2.667,24.167,6.982,1.076
43980,2.451,2.959,25.196,7.073,1.075
44040,2.456,2.729,24.976,7.013,1.123
44100,2.434,2.743,25.461,7.256,1.081
44160,2.390,2.663,25.200,6.939,1.113
44220,2.317,2.744,25.497,6.975,0.980
44280,2.272,2.841,24.980,6.662,1.098
44340,2.237,2.684,25.293,6.820,1.059
44400,2.268,2.891,-9999.000,6.995,1.081
44460,2.258,2.646,-9999.000,6.890,1.110
44520,2.106,2.643,-9999.000,6.235,0.801
44580,2.229,2.827,-9999.000,6.878,1.042
44640,2.195,2.765,23.852,6.941,1.211
44700,2.213,2.947,23.898,7.036,1.005
44760,2.219,3.118,22.941,6.922,1.025
44820,2.159,2.729,23.829,6.884,0.959
44880,2.158,2.759,23.456,6.822,0.911
44940,2.162,2.818,23.160,6.882,1.055
45000,2.128,2.726,23.634,6.736,0.987
45060,2.197,3.055,22.361,6.876,0.973
45120,2.110,2.875,22.760,6.709,0.895
45180,2.181,2.971,22.424,6.789,0.861
45240,2.261,3.159,22.912,6.656,1.009
45300,2.272,3.082,22.664,6.737,0.963
45360,2.153,3.181,21.749,6.744,0.974
45420,2.256,3.064,21.996,6.742,0.950
45480,2.164,2.967,22.619,6.640,0.918
45540,2.213,2.994,21.425,6.872,1.047
45600,2.261,2.878,21.023,6.780,1.039
45660,2.277,2.852,21.322,6.878,1.015
45720,2.204,3.123,21.272,6.750,1.003
45780,2.255,2.789,21.214,6.515,0.991
45840,2.344,3.313,21.650,6.754,1.138
45900,2.306,3.124,20.238,6.643,1.118
45960,2.322,2.904,20.751,6.492,1.160
46020,2.287,3.055,20.732,6.338,1.193
46080,2.303,3.050,20.096,6.425,1.304
46140,2.368,2.737,20.290,6.356,1.321
46200,2.206,2.962,19.240,6.075,1.299
46260,2.341,3.041,19.897,6.357,1.462
46320,2.221,3.397,-9999.000,-9999.000,1.421
46380,2.029,2.608,-9999.000,-9999.000,1.024
46440,2.270,3.065,-9999.000,-9999.000,1.409
46500,2.271,3.294,-9999.000,-9999.000,1.372
46560,2.387,3.147,-9999.000,6.142,1.567
46620,2.417,2.937,19.933,6.328,1.619
46680,2.442,3.146,20.261,6.412,1.596
46740,2.416,2.968,19.886,6.436,1.714
46800,2.627,3.754,22.816,7.222,2.297
46860,2.838,4.623,25.684,8.300,2.917
46920,3.019,4.027,27.366,8.319,2.894
46980,2.933,4.080,27.127,8.109,2.496
47040,2.833,3.744,26.027,7.900,2.162
47100,2.786,3.800,26.103,7.609,2.050
47160,2.836,3.928,26.102,7.389,1.937
47220,2.890,4.147,25.781,7.566,1.818
47280,2.831,3.582,26.560,7.168,1.621
47340,2.789,3.923,25.186,7.153,1.493
47400,2.894,3.615,26.251,7.208,1.266
47460,2.869,3.732,25.462,6.940,1.259
47520,2.854,3.962,26.082,7.094,1.370
47580,2.902,4.031,24.398,7.079,1.293
47640,2.885,4.016,24.078,6.851,1.131
47700,2.867,4.088,25.615,6.863,1.154
47760,2.850,4.061,25.183,6.690,1.138
47820,2.854,4.018,24.694,7.029,1.087
47880,2.914,4.579,25.386,6.871,1.008
47940,2.934,4.164,24.669,6.982,1.138
48000,2.879,4.315,24.301,6.883,1.080
48060,2.865,4.478,24.866,6.855,1.078
48120,2.817,4.416,25.741,6.896,1.050
48180,2.721,3.805,22.534,6.402,0.928
48240,2.721,4.038,22.722,6.353,0.842
48300,2.852,4.202,24.404,6.666,0.976
48360,2.893,4.414,23.418,6.707,0.859
48420,2.866,4.359,24.021,6.756,0.964
48480,2.831,4.283,25.363,6.995,0.995
48540,2.873,4.588,24.191,6.944,0.924
48600,2.939,4.685,22.673,6.848,0.903
48660,2.976,4.785,24.899,7.004,1.019
48720,2.889,4.754,24.694,6.819,0.859
48780,2.966,5.066,24.256,6.949,1.000
48840,3.036,5.177,24.736,6.971,1.058
48900,2.945,5.017,23.688,6.784,0.934
48960,2.935,4.832,23.699,6.965,0.968
49020,2.934,5.267,25.143,6.854,0.868
49080,3.001,5.501,24.330,6.961,0.857
49140,2.977,5.490,25.154,6.803,0.930
49200,2.974,5.628,25.397,7.032,0.842
49260,2.948,6.040,23.875,6.907,0.907
49320,3.065,6.186,23.916,6.898,0.870
49380,3.061,6.924,25.136,6.868,0.898
49440,3.126,7.367,24.522,7.033,0.872
49500,3.122,7.385,24.062,6.852,0.969
49560,3.177,8.037,25.602,7.025,1.050
49620,3.293,8.696,24.750,7.077,1.008
49680,3.299,9.084,23.697,6.996,1.100
49740,3.319,9.251,25.263,7.062,1.164
49800,3.390,9.970,24.592,7.055,1.259
49860,3.330,9.643,24.217,6.921,1.371
49920,3.342,9.547,23.919,6.966,1.290
49980,-9999.000,9.443,-9999.000,-9999.000,-9999.000
50040,-9999.000,7.323,-9999.000,-9999.000,-9999.000
50100,-9999.000,8.689,-9999.000,-9999.000,-9999.000
50160,-9999.000,10.315,-9999.000,-9999.000,-9999.000
50220,-9999.000,10.604,-9999.000,7.086,1.353
50280,3.442,10.199,23.319,7.210,1.494
50340,3.458,8.875,23.194,7.251,1.440
50400,3.488,8.984,23.300,7.449,1.484
50460,3.515,9.283,23.963,7.187,1.584
50520,3.506,8.685,22.968,7.345,1.334
50580,3.447,8.602,23.726,7.294,1.393
50640,3.527,8.262,23.395,7.164,1.489
