CampaignData_and_Merges/R0/CSL_MobileLab_Parked/raw/20240811/USOS-PTR_MobileLabGround_20240811_RA.ict
58, 1001
Matthew Coggon, Kelvin Bates, Chelsea Stockwell, Carsten Warneke
NOAA ESRL Chemical Sciences Division
NOAA PTR-ToF-MS
USOS
1,1 
2024, 08, 11, 2023, 08, 12
0
Time_Start, seconds, number of seconds from 00:00 UTC 
22
1, 1, 1, 1, 1, 1, 1, 1, 1, 1, 1, 1, 1, 1, 1, 1, 1, 1, 1, 1, 1, 1
-9999, -9999, -9999, -9999, -9999, -9999, -9999, -9999, -9999, -9999, -9999, -9999, -9999, -9999, -9999, -9999, -9999, -9999, -9999, -9999, -9999, -9999
CH3OH_NOAAPTR_ppbv,  ppbv, Gas_CH3OH_InSitu_S_AVMR, (CH3OH) methanol
CH3CN_NOAAPTR_ppbv,  ppbv, Gas_CH3CN_InSitu_S_AVMR, (CH3CN) acetonitrile
CH3CHO_NOAAPTR_ppbv,  ppbv, Gas_CH3CHO_InSitu_S_AVMR, (CH3CHO) acetaldehyde plus contributions from ethylene glycol and ethylene oxide. Interference from ethanol has been subtracted out.
C2H5OH_NOAAPTR_ppbv,  ppbv, Gas_C2H5OH_InSitu_S_AVMR, (C2H5OH) ethanol
CH3SH_NOAAPTR_ppbv,  ppbv, Gas_CH3SH_InSitu_S_AVMR, (CH3SH) methanethiol, using calibration factor for DMS
Acrolein_NOAAPTR_ppbv,  ppbv, Gas_Acrolein_InSitu_S_AVMR, (C3H4O) acrolein
AcetonePropanal_NOAAPTR_ppbv,  ppbv, Gas_AcetoneAndPropanal_InSitu_S_AVMR, (C3H6O) sum of acetone (dominant isomer) and propanal, using calibration factor for acetone
DMS_NOAAPTR_ppbv,  ppbv, Gas_DMS_InSitu_S_AVMR, (C2H6S) dimethyl sulfide with possible small contributions from ethanethiol
C5H8_NOAAPTR_ppbv,  ppbv, Gas_Isoprene_InSitu_S_AVMR, (C5H8) isoprene and possible fragments from cycloalkanes and aldehydes. Interferences have been subtracted following methods described by Coggon et al (2023)
MVKMAC_NOAAPTR_ppbv,  ppbv, Gas_MVKAndMAC_InSitu_S_AVMR, (C4H6O) sum of methyl vinyl ketone, methacrolein, and small amounts of crotonaldehyde, using weighted calibration factor for MVK (0.637) and MACR (0.363)
Benzene_NOAAPTR_ppbv,  ppbv, Gas_Benzene_InSitu_S_AVMR, (C6H6) benzene
Toluene_NOAAPTR_ppbv,  ppbv, Gas_Toluene_InSitu_S_AVMR, (C7H8) toluene with possible small contributions of fragments from ethyltoluene
Styrene_NOAAPTR_ppbv,  ppbv, Gas_Styrene_InSitu_S_AVMR, (C8H8) styrene
Benzaldehyde_NOAAPTR_ppbv,  ppbv, Gas_Benzaldehyde_InSitu_S_AVMR, (C7H6O) benzaldehyde
C8Aromatics_NOAAPTR_ppbv,  ppbv, Gas_C8Aromatics_InSitu_M_AVMR, (C8H10) sum of m-xylene, p-xylene, o-xylene, and ethyl benzene
C9Aromatics_NOAAPTR_ppbv,  ppbv, Gas_C9Aromatics_InSitu_M_AVMR, (C9H12) sum of C9 aromatics
Naphthalene_NOAAPTR_ppbv,  ppbv, Gas_Naphthalene_InSitu_S_AVMR, (C10H8) naphthalene
Octanal_NOAAPTR_ppbv,  ppbv, Gas_Octanal_InSitu_S_AVMR, (C8H16O) octanal and small amounts of octanone
Monoterpenes_NOAAPTR_ppbv,  ppbv, Gas_Monoterpenes_InSitu_M_AVMR, (C10H16) sum of monoterpenes and possible contributions from fragments of oxygenated monoterpenoids such as eucalyptol.
Nonanal_NOAAPTR_ppbv,  ppbv, Gas_Nonanal_InSitu_M_AVMR, (C9H18O) nonanal and small amounts of nonanone
C7H4ClF3_NOAAPTR_ppbv,  ppbv, Gas_C7H4ClF3_InSitu_S_AVMR, (C7H4ClF3) parachlorobenzotrifluoride
C10H30O5Si5_NOAAPTR_ppbv,  ppbv, Gas_C10H30O5Si5_InSitu_S_AVMR, (C10H30O5Si5) decamethylcyclopentasiloxane
1
SPECIAL COMMENTS:N/A
21
PI_CONTACT_INFO: NOAA ESRL Chemical Sciences Division, Tropospheric Chemistry Group. 325 Broadway, R/CSD7, Boulder, CO 80305
PLATFORM: Mobile Laboratory.
LOCATION: Salt Lake City, UT
ASSOCIATED_DATA: N/A
INSTRUMENT_INFO: NOAA PTR-ToF-MS measurements on NOAA CSL Mobile Lab
DATA_INFO: Units: ppbv
UNCERTAINTY: See OTHER_COMMENTS
ULOD_FLAG: -7777
ULOD_VALUE: N/A
LLOD_FLAG: -8888
LLOD_VALUE: N/A.
DM_CONTACT_INFO: Data Managers: Matt Coggon, Kelvin Bates, Chelsea Stockwell; email: matthew.m.coggon@noaa.gov and kelvin.bates@colorado.edu
PROJECT_INFO: USOS Deployment July-August, 2024
STIPULATIONS_ON_USE: Use of these data require prior OK from PI.
OTHER_COMMENTS: Uncertainties:
CH3OH_NOAAPTR_ppbv:30%; CH3CN_NOAAPTR_ppbv:30%; CH3CHO_NOAAPTR_ppbv:30%; C2H5OH_NOAAPTR_ppbv:30%; CH3SH_NOAAPTR_ppbv:50%; Acrolein_NOAAPTR_ppbv:30%; AcetonePropanal_NOAAPTR_ppbv:30%; DMS_NOAAPTR_ppbv:30%; C5H8_NOAAPTR_ppbv:30%; MVKMAC_NOAAPTR_ppbv:30%; 
Benzene_NOAAPTR_ppbv:30%; Toluene_NOAAPTR_ppbv:30%; Styrene_NOAAPTR_ppbv:30%; Benzaldehyde_NOAAPTR_ppbv:30%; C8Aromatics_NOAAPTR_ppbv:30%; C9Aromatics_NOAAPTR_ppbv:30%; Naphthalene_NOAAPTR_ppbv:30%; Octanal_NOAAPTR_ppbv:30%; Monoterpenes_NOAAPTR_ppbv:30%; Nonanal_NOAAPTR_ppbv:30%; 
C7H4ClF3_NOAAPTR_ppbv:30%; C10H30O5Si5_NOAAPTR_ppbv:30%; 
REVISION: RA
RA: Field Data
Time_Start, CH3OH_NOAAPTR_ppbv, CH3CN_NOAAPTR_ppbv, CH3CHO_NOAAPTR_ppbv, C2H5OH_NOAAPTR_ppbv, CH3SH_NOAAPTR_ppbv, Acrolein_NOAAPTR_ppbv, AcetonePropanal_NOAAPTR_ppbv, DMS_NOAAPTR_ppbv, C5H8_NOAAPTR_ppbv, MVKMAC_NOAAPTR_ppbv, Benzene_NOAAPTR_ppbv, Toluene_NOAAPTR_ppbv, Styrene_NOAAPTR_ppbv, Benzaldehyde_NOAAPTR_ppbv, C8Aromatics_NOAAPTR_ppbv, C9Aromatics_NOAAPTR_ppbv, Naphthalene_NOAAPTR_ppbv, Octanal_NOAAPTR_ppbv, Monoterpenes_NOAAPTR_ppbv, Nonanal_NOAAPTR_ppbv, C7H4ClF3_NOAAPTR_ppbv, C10H30O5Si5_NOAAPTR_ppbv
[from data line 1307]
78420.0, 5.94524, 0.17613, 0.58964, 1.05558, -0.00093, 0.11161, 2.74503, 0.00550, 0.16922, 0.23791, -0.00652, 0.06300, 0.00775, -9999.00000, 0.03011, 0.01493, -0.00468, 0.01087, 0.02770, 0.01328, 0.00048, 0.00129 
78480.0, 5.54245, 0.19447, 0.58674, 1.29869, 0.00102, 0.12735, 2.68540, 0.00013, 0.10493, 0.23178, 0.00416, 0.06036, 0.00618, -9999.00000, 0.02778, 0.01226, -0.00488, 0.01204, 0.03332, 0.01215, 0.00425, 0.00126 
78540.0, 5.23982, 0.20036, 0.58656, 0.87918, 0.00150, 0.09972, 2.78129, 0.00462, 0.30884, 0.26038, 0.04064, 0.06440, 0.00775, -9999.00000, 0.03416, 0.01515, 0.00496, 0.01681, 0.03820, 0.01932, 0.00443, -0.00060 
78600.0, 7.18104, 0.18627, 0.81482, 1.53804, 0.00505, 0.12258, 2.81876, 0.01138, 0.33327, 0.30438, 0.08205, 0.07288, 0.00625, -9999.00000, 0.03132, 0.01321, 0.00637, 0.02026, 0.08395, 0.02661, 0.00245, 0.00172 
78660.0, 5.10933, 0.19469, 0.59663, 0.87766, 0.00027, 0.08407, 2.67349, 0.01019, 0.16995, 0.21395, 0.04444, 0.05499, 0.01055, -9999.00000, 0.02834, 0.01183, -0.00334, 0.00370, 0.05773, 0.01329, 0.00429, -0.00035 
78720.0, 5.34384, 0.18250, 0.55441, 0.76343, 0.00171, 0.09927, 2.63200, 0.01064, 0.08307, 0.19958, 0.02321, 0.03219, 0.00900, -9999.00000, 0.02285, 0.00530, 0.00170, 0.00860, 0.01973, 0.01200, 0.00392, 0.00046 
78780.0, 5.67630, 0.18491, 0.68357, 1.39812, 0.00120, 0.11523, 2.71772, 0.00287, 0.47519, 0.24156, 0.03362, 0.07907, 0.00473, -9999.00000, 0.03193, 0.01371, 0.00218, 0.02663, 0.05217, 0.03355, 0.00047, 0.00048 
78840.0, 5.61016, 0.19644, 0.60165, 0.92414, 0.00152, 0.10564, 2.67954, 0.00148, 0.14116, 0.22399, 0.04318, 0.04730, 0.00280, -9999.00000, 0.02806, 0.01162, 0.01771, 0.02007, 0.03914, 0.01995, 0.00306, 0.00170 
78900.0, 4.61162, 0.18735, 0.61091, 1.32569, -0.00007, 0.08555, 2.73881, 0.00422, 0.15817, 0.22341, 0.03113, 0.05559, 0.00193, -9999.00000, 0.02447, 0.01126, 0.00662, 0.01864, 0.02658, 0.01403, 0.00334, 0.00105 
78960.0, 5.73997, 0.19646, 0.63978, 1.13634, 0.00126, 0.12125, 2.75693, 0.01097, 0.34626, 0.23658, 0.00345, 0.02235, 0.00291, -9999.00000, 0.02185, 0.01306, -0.00419, 0.01352, 0.08625, 0.01257, 0.00310, 0.00132 
79020.0, 4.97177, 0.18088, 0.40530, 0.79791, 0.00050, 0.10060, 2.63414, 0.00404, 0.10023, 0.21219, 0.00950, 0.03264, 0.00369, -9999.00000, 0.01332, 0.01069, 0.00115, 0.01198, 0.02994, 0.00644, 0.00311, 0.00079 
79080.0, 4.57258, 0.17644, 0.51671, 1.13509, -0.00092, 0.09187, 2.63825, -0.00073, 0.12892, 0.23566, 0.01589, 0.05283, 0.00714, -9999.00000, 0.02087, 0.00095, -0.00673, 0.01081, 0.02600, 0.00447, 0.00033, 0.00248 
79140.0, 13.11499, 0.18793, 0.69625, 1.53643, -0.00034, 0.09813, 2.77838, -0.00073, 0.22395, 0.20055, 0.01095, 0.04265, 0.01056, -9999.00000, 0.03709, 0.00680, -0.00187, 0.02938, 0.04596, 0.01526, 0.00644, 0.00055 
79200.0, 4.59277, 0.19418, 0.45838, 0.65746, 0.00121, 0.08809, 2.55767, -0.00073, 0.03143, 0.19090, 0.07193, 0.03933, 0.01042, -9999.00000, 0.02042, 0.00573, 0.00263, 0.00292, 0.01366, 0.00418, 0.00352, 0.00008 
79260.0, 5.08514, 0.20697, 0.55374, 1.06574, 0.00156, 0.08301, 2.67766, -0.00073, 0.09568, 0.23077, 0.01993, 0.06121, 0.00337, -9999.00000, 0.03260, 0.01522, 0.00514, 0.00383, 0.03685, 0.01945, 0.00244, 0.00158 
79320.0, 5.24560, 0.19006, 0.67992, 1.24481, -0.00023, 0.10815, 2.74028, 0.00624, 0.15286, 0.23093, 0.06891, 0.07063, 0.00505, -9999.00000, 0.04172, 0.01784, -0.00621, 0.01026, 0.05125, 0.02338, -0.00034, 0.00252 
79380.0, 5.03016, 0.18473, 0.65897, 1.47585, 0.00194, 0.12115, 2.77222, 0.01526, 0.19491, 0.22532, 0.04167, 0.06754, 0.00550, -9999.00000, 0.03736, 0.01195, 0.00232, 0.01457, 0.05321, 0.02971, 0.00107, 0.00193 
79440.0, 5.37304, 0.18715, 0.68229, 1.10429, 0.00033, 0.08342, 2.64408, -0.00072, 0.11085, 0.21692, 0.03277, 0.07453, 0.00783, -9999.00000, 0.03781, 0.01618, 0.00763, 0.01861, 0.04227, 0.01076, 0.00590, 0.00048 
79500.0, 4.97110, 0.18893, 0.59048, 1.14456, -0.00092, 0.06767, 2.65436, 0.00842, 0.03796, 0.21314, 0.03610, 0.06339, -0.00027, -9999.00000, 0.02070, 0.01007, 0.00009, 0.01494, 0.03346, 0.01125, 0.00710, 0.00051 
79560.0, 4.45177, 0.18192, 0.62661, 1.34350, -0.00004, 0.08899, 2.72716, -0.00072, 0.08893, 0.21223, -0.00759, 0.06747, -0.00406, -9999.00000, 0.03508, 0.01376, 0.00272, 0.02222, 0.03147, 0.00429, 0.00335, -0.00097 
79620.0, 6.01816, 0.20086, 0.67566, 1.43727, -0.00092, 0.07680, 2.71457, -0.00071, 0.09634, 0.19721, 0.05903, 0.07503, 0.00400, -9999.00000, 0.03773, 0.01053, -0.00444, 0.02259, 0.02742, 0.01334, 0.00598, 0.00051 
79680.0, 5.32644, 0.17016, 0.71237, 1.34408, 0.00009, 0.07535, 2.74102, -0.00036, 0.12450, 0.21784, 0.03431, 0.06437, 0.00938, -9999.00000, 0.03229, 0.01153, -0.00765, 0.02108, 0.02383, 0.00475, 0.00603, 0.00117 
79740.0, 4.71757, 0.20361, 0.68399, 1.09769, -0.00002, 0.08217, 2.67406, 0.00558, 0.03912, 0.20792, 0.07823, 0.05929, 0.01624, -9999.00000, 0.02814, 0.01423, 0.01267, 0.02062, 0.01001, 0.01228, 0.00449, 0.00248 
79800.0, 5.37903, 0.19292, 0.63529, 1.18356, 0.00009, 0.12024, 2.65828, -0.00071, 0.14919, 0.22149, 0.00709, 0.04996, -0.00110, -9999.00000, 0.02677, 0.01211, 0.00344, 0.00572, 0.05482, 0.01289, 0.00810, 0.00196 
79860.0, 5.62472, 0.19255, 0.65393, 1.30232, 0.00249, 0.12321, 2.67364, -0.00071, 0.27727, 0.22557, 0.02533, 0.06332, 0.00589, -9999.00000, 0.03016, 0.01022, 0.00154, 0.03127, 0.05842, 0.01358, 0.00562, -0.00041 
79920.0, 5.72164, 0.19537, 0.74619, 1.47760, -0.00049, 0.13129, 2.79019, 0.00599, 0.34580, 0.23986, 0.03366, 0.09496, 0.00193, -9999.00000, 0.06072, 0.02389, 0.00809, 0.02438, 0.08960, 0.01756, 0.00386, 0.00301 
79980.0, 5.81412, 0.20076, 0.67292, 1.44818, 0.00135, 0.09505, 2.67716, -0.00070, 0.30836, 0.22699, 0.04957, 0.07005, 0.00640, -9999.00000, 0.04499, 0.01263, 0.01351, 0.01979, 0.07973, 0.02351, 0.00270, 0.00035 
80040.0, 4.99832, 0.18934, 0.58259, 0.98710, 0.00103, 0.09019, 2.70327, 0.00996, 0.23671, 0.18758, -0.00343, 0.04781, -0.00663, -9999.00000, 0.01870, 0.00626, -0.00801, 0.00888, 0.05831, 0.00584, 0.00180, 0.00084 
80100.0, 5.71794, 0.21774, 0.63397, 0.90930, 0.00225, 0.10097, 2.68512, 0.00759, 0.21264, 0.21002, 0.01847, 0.07144, -0.00452, -9999.00000, 0.02511, 0.00989, 0.00246, 0.00582, 0.05176, 0.00416, 0.00270, 0.00363 
80160.0, 4.80904, 0.19718, 0.74372, 1.86139, -0.00092, 0.13290, 2.71786, 0.00998, 0.29640, 0.21639, 0.00982, 0.09100, 0.01228, -9999.00000, 0.07493, 0.03679, -0.00154, 0.01624, 0.05164, 0.01332, 0.00497, 0.00082 
80220.0, 4.99690, 0.19903, 0.60766, 1.07629, 0.00140, 0.10388, 2.66009, -0.00069, 0.18510, 0.19448, -0.01251, 0.06846, 0.00304, -9999.00000, 0.04527, 0.01423, -0.01064, 0.00905, 0.04381, 0.01533, 0.00082, 0.00262 
80280.0, 6.13027, 0.19861, 0.80626, 1.72358, -0.00092, 0.10770, 2.76260, -0.00022, 0.43589, 0.20509, 0.02849, 0.06508, 0.00186, -9999.00000, 0.04392, 0.01673, 0.00372, 0.01438, 0.11835, 0.02389, 0.00837, 0.00236 
80340.0, 5.95542, 0.20470, 0.66289, 1.95843, -0.00031, 0.10557, 2.68853, 0.01749, 0.35854, 0.20717, -0.00702, 0.08781, 0.00711, -9999.00000, 0.04499, 0.01953, -0.00066, 0.02599, 0.06450, 0.02274, 0.00847, 0.00057 
80400.0, 6.08240, 0.19570, 0.66470, 0.78195, 0.00276, 0.11554, 2.62745, 0.00506, 0.23457, 0.23012, 0.01924, 0.05812, -0.00042, -9999.00000, 0.02611, 0.00966, -0.00125, 0.01271, 0.06362, 0.02562, 0.00045, 0.00176 
80460.0, 5.47639, 0.17188, 0.73008, 1.43862, 0.00004, 0.08292, 2.69085, 0.00491, 0.40743, 0.22188, 0.01174, 0.06680, 0.01079, -9999.00000, 0.04290, 0.01097, -0.01174, 0.03772, 0.06705, 0.01179, 0.00613, 0.00439 
80520.0, 6.04017, 0.19553, 0.75366, 1.97270, 0.00077, 0.12510, 2.78224, 0.01338, 0.56034, 0.24632, 0.02650, 0.09633, 0.00747, -9999.00000, 0.04921, 0.01803, -0.00005, 0.02706, 0.11011, 0.03000, 0.00827, 0.00232 
80580.0, 5.43443, 0.18869, 0.68606, 1.52338, -0.00044, 0.09932, 2.67975, 0.00317, 0.55033, 0.21274, 0.02268, 0.09151, 0.01039, -9999.00000, 0.04335, 0.02352, -0.01085, 0.02524, 0.08524, 0.02905, 0.00299, 0.00165 
80640.0, 5.90427, 0.17966, 0.52058, 0.91939, 0.00128, 0.06857, 2.64992, 0.01453, 0.15403, 0.19901, 0.00577, 0.06626, 0.01056, -9999.00000, 0.02954, 0.01749, -0.01151, 0.00886, 0.04091, 0.01596, 0.00292, 0.00099 
80700.0, 5.05293, 0.17595, 0.52466, 1.07547, 0.00099, 0.07969, 2.55581, -0.00052, 0.17992, 0.18705, 0.02278, 0.05485, -0.00659, -9999.00000, 0.02512, 0.01424, -0.00253, 0.01489, 0.04338, 0.00876, 0.00467, 0.00080 
80760.0, 5.36594, 0.17421, 0.60508, 1.26774, -0.00042, 0.10062, 2.60430, -0.00035, 0.16450, 0.17976, 0.00977, 0.04527, -0.00202, -9999.00000, 0.03659, 0.01083, -0.00448, 0.01787, 0.02776, 0.01843, 0.00337, 0.00108 
80820.0, 5.66756, 0.16553, 0.62167, 0.94297, 0.00309, 0.10447, 2.58143, 0.01083, 0.19089, 0.18465, 0.03252, 0.05637, -0.00536, -9999.00000, 0.03322, 0.01537, 0.00471, 0.01861, 0.07471, 0.02089, 0.00423, -0.00081 
80880.0, 4.87948, 0.19040, 0.65463, 1.78592, 0.00136, 0.11197, 2.70473, -0.00067, 0.30120, 0.16784, 0.02653, 0.07411, 0.00317, -9999.00000, 0.03969, 0.01067, -0.00596, 0.01884, 0.06296, 0.01209, 0.00112, 0.00185 
80940.0, 5.39223, 0.18579, 0.68387, 1.19108, -0.00092, 0.12417, 2.73722, -0.00067, 0.27731, 0.17402, 0.04194, 0.07283, 0.00581, -9999.00000, 0.03004, 0.01167, -0.00189, 0.01990, 0.08520, 0.01931, 0.00380, -0.00030 
81000.0, 4.89202, 0.19195, 0.64744, 1.04272, -0.00092, 0.10633, 2.61089, 0.00510, 0.06593, 0.17608, 0.02358, 0.04662, 0.00422, -9999.00000, 0.03418, 0.00761, -0.00441, 0.01581, 0.01507, 0.01260, 0.00547, -0.00018 
81060.0, 4.85192, 0.17177, 0.65945, 1.27465, -0.00092, 0.10875, 2.66398, 0.00032, 0.15676, 0.18762, 0.01014, 0.07410, 0.00140, -9999.00000, 0.04209, 0.02049, -0.00200, 0.00224, 0.05195, 0.01338, 0.00007, 0.00134 
81120.0, 5.58468, 0.19287, 0.64179, 1.19339, -0.00068, 0.09758, 2.63549, 0.00402, 0.24916, 0.17573, 0.00965, 0.07174, 0.01382, -9999.00000, 0.03431, 0.01137, 0.00639, 0.02087, 0.06256, 0.02910, 0.00681, 0.00135 
81180.0, 4.14730, 0.21233, 0.58320, 0.99576, -0.00092, 0.09879, 2.60468, -0.00066, 0.20496, 0.17326, 0.04349, 0.06631, 0.01144, -9999.00000, 0.04472, 0.02425, -0.00172, 0.01340, 0.12446, 0.01792, 0.00190, 0.00348 
81240.0, 4.66923, 0.19283, 0.74534, 0.95317, -0.00051, 0.09554, 2.57437, 0.00417, 0.22629, 0.17093, 0.01971, 0.06017, 0.00515, -9999.00000, 0.03312, 0.01053, -0.00371, 0.02114, 0.05098, 0.01141, 0.00580, 0.00087 
81300.0, 4.42103, 0.19799, 0.43633, 0.71232, 0.00258, 0.07237, 2.46403, 0.00400, 0.07184, 0.15043, 0.04501, 0.02305, 0.00515, -9999.00000, 0.01807, 0.00654, 0.00708, 0.01269, 0.03121, 0.01547, 0.00323, 0.00135 
81360.0, 4.97643, 0.17368, 0.49734, 0.70289, -0.00091, 0.08428, 2.47490, 0.01262, 0.02522, 0.16521, 0.00046, 0.03490, -0.00186, -9999.00000, 0.01459, 0.00217, -0.01157, 0.00761, 0.01464, 0.00898, 0.00357, 0.00031 
81420.0, 4.76177, 0.19273, 0.57599, 1.09426, 0.00167, 0.07837, 2.50760, -0.00009, 0.04494, 0.15304, 0.03612, 0.10366, 0.00831, -9999.00000, 0.07103, 0.02544, 0.00077, 0.01623, 0.12004, 0.00876, 0.00515, 0.00056 
81480.0, 4.95113, 0.21139, 0.60725, 0.97094, 0.00164, 0.08773, 2.58188, 0.00242, 0.06940, 0.14794, 0.04385, 0.10196, 0.00686, -9999.00000, 0.06729, 0.02713, 0.00370, 0.00965, 0.06729, 0.01337, 0.00162, 0.00010 
81540.0, 4.64286, 0.18402, 0.58069, 0.88379, -0.00091, 0.07570, 2.62981, -0.00065, 0.13391, 0.15953, 0.03957, 0.07050, 0.00090, -9999.00000, 0.04198, 0.01685, -0.00784, 0.01810, 0.03185, 0.00701, 0.00502, 0.00138 
81600.0, 4.65498, 0.18022, 0.55228, 0.64595, 0.00175, 0.07763, 2.60341, 0.00261, 0.04434, 0.15533, 0.02268, 0.06062, 0.00366, -9999.00000, 0.02507, 0.00574, 0.00839, 0.00990, 0.01435, 0.01229, 0.00685, 0.00070 
81660.0, 6.05868, 0.18934, 0.59103, 0.92195, -0.00091, 0.08531, 2.71076, 0.00453, 0.15715, 0.17613, 0.02689, 0.08459, 0.00643, -9999.00000, 0.04481, 0.03121, 0.00256, 0.01791, 0.16494, 0.02221, 0.00595, 0.00278 
81720.0, 5.17431, 0.19555, 0.96041, 0.83286, -0.00035, 0.10599, 2.70222, -0.00007, 0.07549, 0.18768, 0.05314, 0.08268, 0.00185, -9999.00000, 0.03703, 0.01977, -0.00334, 0.01512, 0.06567, 0.01672, 0.00633, 0.00042 
81780.0, 5.61545, 0.18696, 0.89666, 1.22509, 0.00307, 0.09896, 2.58592, -0.00064, 0.18097, 0.19608, 0.00550, 0.03780, 0.00774, -9999.00000, 0.02128, 0.00719, 0.00037, 0.02466, 0.04982, 0.01657, 0.00591, -0.00022 
81840.0, 5.01750, 0.18873, 0.60970, 0.95020, 0.00094, 0.06901, 2.53276, 0.00071, 0.04746, 0.16757, 0.00835, 0.06491, -0.00652, -9999.00000, 0.02962, 0.01043, -0.00635, 0.00795, 0.02192, 0.02092, 0.00360, 0.00164 
81900.0, 4.94572, 0.19280, 0.62698, 1.05846, 0.00220, 0.10662, 2.59876, 0.00982, 0.07892, 0.17605, 0.01048, 0.04898, -0.00072, -9999.00000, 0.03028, 0.01128, -0.00439, 0.00968, 0.05950, 0.01684, 0.00826, 0.00271 
81960.0, 5.03139, 0.19469, 0.66485, 1.37078, -0.00003, 0.11285, 2.65930, 0.00688, 0.21200, 0.17773, 0.02244, 0.05041, 0.00713, -9999.00000, 0.03288, 0.01167, -0.00240, 0.01804, 0.09234, 0.00924, 0.00260, 0.00260 
82020.0, 5.47476, 0.17055, 0.80401, 1.22568, 0.00067, 0.09307, 2.69622, -0.00063, 0.53452, 0.22722, 0.07074, 0.07369, 0.00755, -9999.00000, 0.02861, 0.00912, 0.01133, 0.00567, 0.06415, 0.03920, 0.00317, 0.00305 
82080.0, 6.12754, 0.18905, 0.94592, 1.47581, -0.00091, 0.10081, 2.78569, 0.01069, 0.41605, 0.22391, 0.07344, 0.08381, 0.00484, -9999.00000, 0.06697, 0.02589, 0.00406, 0.02776, 0.14762, 0.01976, 0.00229, 0.00253 
82140.0, 4.39843, 0.16600, 0.54052, 0.91263, 0.00195, 0.07879, 2.63105, 0.00232, 0.05591, 0.17211, 0.01425, 0.04393, 0.01086, -9999.00000, 0.02628, 0.01188, 0.00695, 0.00887, 0.02560, 0.00264, 0.00180, 0.00085 
82200.0, 4.95134, 0.17257, 0.57115, 1.09961, -0.00084, 0.09145, 2.63104, -0.00062, 0.07074, 0.16376, -0.00655, 0.04659, -0.00650, -9999.00000, 0.02739, 0.00322, -0.01004, 0.00968, 0.03162, 0.02374, 0.00328, 0.00133 
82260.0, 4.93714, 0.18948, 0.59928, 1.21614, 0.00225, 0.10195, 2.70804, 0.00383, 0.09513, 0.21411, 0.01488, 0.07438, 0.01514, -9999.00000, 0.03593, 0.01415, -0.00811, 0.02268, 0.10983, 0.01797, 0.00289, -0.00012 
82320.0, 4.76349, 0.19143, 0.54751, 0.89667, 0.00265, 0.07601, 2.55345, -0.00062, 0.05210, 0.17169, 0.01474, 0.04525, 0.00527, -9999.00000, 0.02572, 0.00563, 0.00334, 0.00989, 0.02093, 0.01162, 0.00275, -0.00090 
82380.0, 6.48858, 0.19274, 0.76288, 1.22206, 0.00346, 0.12289, 2.74213, 0.00449, 0.23798, 0.22717, 0.04161, 0.12279, 0.00693, -9999.00000, 0.05400, 0.01830, -0.00511, 0.00790, 0.08833, 0.01987, 0.00207, 0.00108 
82440.0, 5.78582, 0.19639, 0.60537, 0.84486, -0.00082, 0.11152, 2.63729, 0.00739, 0.18736, 0.20889, 0.00159, 0.04464, 0.00326, -9999.00000, 0.03387, 0.01234, -0.00779, 0.01993, 0.03125, 0.02031, 0.00522, 0.00054 
82500.0, 4.89083, 0.18582, 0.51775, 1.01445, 0.00032, 0.08461, 2.60333, 0.00124, 0.05872, 0.17098, 0.02533, 0.02801, 0.00014, -9999.00000, 0.01975, 0.00926, -0.00789, 0.01866, 0.01386, 0.01498, 0.00794, 0.00085 
82560.0, 4.95511, 0.19879, 0.59723, 0.78793, 0.00107, 0.08204, 2.55934, -0.00061, 0.03836, 0.17065, -0.01469, 0.04203, -0.00447, -9999.00000, 0.03058, 0.00332, -0.00284, 0.01239, 0.00988, 0.00178, 0.00448, -0.00023 
82620.0, 5.31165, 0.17996, 0.64792, 0.90236, 0.00046, 0.08207, 2.63641, 0.00578, 0.06704, 0.19933, 0.03860, 0.05237, 0.01044, -9999.00000, 0.02293, 0.01060, 0.00381, 0.01533, 0.02846, 0.01146, 0.00444, -0.00040 
82680.0, 4.85291, 0.18940, 0.57050, 0.90373, 0.00019, 0.09739, 2.60917, -0.00061, 0.06428, 0.17866, 0.00061, 0.04928, 0.00745, -9999.00000, 0.02105, 0.00665, -0.00043, 0.01163, 0.00866, 0.00612, 0.00496, 0.00192 
82740.0, 6.28688, 0.18643, 0.74022, 1.37835, 0.00019, 0.11539, 2.80964, 0.00484, 0.10339, 0.22635, 0.02613, 0.06588, -0.00180, -9999.00000, 0.03380, 0.01133, 0.00159, 0.01912, 0.05576, 0.03172, 0.00301, 0.01109 
82800.0, 5.67926, 0.19013, 0.58669, 1.06131, -0.00091, 0.12246, 2.71845, 0.00338, 0.20236, 0.20231, 0.00874, 0.06747, 0.00628, -9999.00000, 0.03083, 0.00702, -0.01129, 0.01341, 0.04787, 0.01968, 0.00522, 0.00255 
