CampaignData_and_Merges/R0/CSL_MobileLab_Parked/raw/20240811/USOS-MetNav_MobileLabGround_20240811_R0.ict
44, 1001
Carrie Womack, Nate Howard, Mike Zucker
NOAA Chemical Sciences Laboratory
Mobile Lab MetNav Station
USOS
1, 1
2024, 08, 11, 2024, 12, 21
60
Time_Start, seconds_past_midnight, Seconds from midnight UTC
11
1, 1, 1, 1, 1, 1, 1, 1, 1, 1, 1
-9999, -9999, -9999, -9999, -9999, -9999, -9999, -9999, -9999, -9999, -9999
GPS_Alt_m, meters, Altitude from Differential GPS
GPS_Course_deg, degrees, Course from Differential GPS
GPS_GndSpd_m_s, m/s, Ground Speed from Differential GPS
GPS_Heading_deg, degrees, Heading from Differential GPS
GPS_Lat_deg, degrees, Latitude from Differential GPS
GPS_Lon_deg, degrees, Longitude from Differential GPS
AirTemp_C, Celsius, Air Temperature from Airmar
RelHumidity_pct, percent, Relative Humidity from Airmar
Pressure_mb, millibars, Pressure from Honeywell
WindDir_calc_deg, degrees, Wind Direction from Airmar corrected for van movement
WindSpd_calc_m_s, m/s, Wind Speed from Airmar corrected for van movement
1
SPECIAL COMMENTS:
18
PI_CONTACT_INFO: Address: 325 Broadway R/CSL7, Boulder, CO, 80305
PLATFORM: CSL Mobile Lab
LOCATION: Salt Lake City, UT
ASSOCIATED_DATA: N/A
INSTRUMENT_INFO: N/A
DATA_INFO: Units:
UNCERTAINTY: N/A
ULOD_FLAG: -7777
ULOD_VALUE: N/A
LLOD_FLAG: -8888
LLOD_VALUE: N/A
DM_CONTACT_INFO: Data Manager: Nate Howard
PROJECT_INFO: 
STIPULATIONS_ON_USE: Use of these data require prior ok from PI.
OTHER_COMMENTS: 
REVISION: R0
R0: Final data. Fixed bug in wind averaging code. RA: Preliminary Data. For in-field use only. 
Time_Start, GPS_Alt_m, GPS_Course_deg, GPS_GndSpd_m_s, GPS_Heading_deg, GPS_Lat_deg, GPS_Lon_deg, AirTemp_C, RelHumidity_pct, Pressure_mb, WindDir_calc_deg, WindSpd_calc_m_s
[from data line 211]
12660.0,1308.3,1.82,0.05,1.82,40.73433,-111.87210,26.6,26.3,874.6,143.59,1.9
12720.0,1308.6,2.12,0.05,2.12,40.73433,-111.87210,26.6,26.7,874.6,122.14,1.0
12780.0,1308.2,2.61,0.05,2.61,40.73433,-111.87210,26.5,26.6,874.6,115.36,1.3
12840.0,1308.2,2.52,0.05,2.52,40.73433,-111.87210,26.4,26.9,874.6,125.55,1.5
12900.0,1308.1,2.27,0.05,2.27,40.73433,-111.87210,26.4,26.8,874.6,110.43,1.0
12960.0,1308.4,2.27,0.06,2.27,40.73433,-111.87211,26.4,26.6,874.6,120.03,1.2
13020.0,1308.5,2.00,0.05,2.00,40.73433,-111.87210,26.4,26.7,874.6,131.00,1.2
13080.0,1308.3,1.73,0.05,1.73,40.73433,-111.87211,26.3,27.0,874.6,123.78,0.9
13140.0,1308.2,1.86,0.05,1.86,40.73433,-111.87211,26.3,26.8,874.6,113.83,0.7
13200.0,1308.1,2.08,0.05,2.08,40.73433,-111.87211,26.3,26.7,874.6,123.26,0.4
13260.0,1308.1,1.77,0.05,1.77,40.73434,-111.87211,26.3,26.7,874.6,126.49,0.6
13320.0,1308.1,1.75,0.05,1.75,40.73434,-111.87210,26.3,27.0,874.6,160.18,1.0
13380.0,1308.1,2.06,0.05,2.06,40.73434,-111.87210,26.3,27.0,874.6,106.59,0.8
13440.0,1308.1,2.14,0.05,2.14,40.73434,-111.87211,26.4,27.0,874.6,122.24,0.7
13500.0,1308.0,2.50,0.05,2.50,40.73434,-111.87211,26.5,26.7,874.6,167.92,0.9
13560.0,1308.1,2.87,0.06,2.87,40.73434,-111.87211,26.6,26.6,874.6,131.69,0.8
13620.0,1308.1,2.31,0.05,2.31,40.73434,-111.87211,26.7,26.5,874.6,153.17,1.1
13680.0,1308.1,2.42,0.05,2.42,40.73434,-111.87211,26.8,26.6,874.7,154.44,1.5
13740.0,1308.3,2.62,0.05,2.62,40.73434,-111.87211,26.8,26.6,874.7,146.21,1.5
13800.0,1308.2,2.70,0.05,2.70,40.73434,-111.87211,26.8,26.7,874.7,167.15,1.4
13860.0,1308.2,2.53,0.06,2.53,40.73434,-111.87211,26.8,26.6,874.6,163.85,1.0
13920.0,1308.2,2.67,0.05,2.67,40.73434,-111.87211,26.8,26.5,874.7,137.17,1.2
13980.0,1308.1,2.36,0.06,2.36,40.73434,-111.87210,26.7,26.8,874.7,127.73,1.4
14040.0,1308.1,2.46,0.05,2.46,40.73434,-111.87210,26.7,26.7,874.7,129.74,1.4
14100.0,1308.1,2.37,0.06,2.37,40.73434,-111.87210,26.7,26.9,874.7,129.36,1.1
14160.0,1308.2,2.29,0.04,2.29,40.73434,-111.87210,26.6,27.0,874.7,120.87,1.1
14220.0,1308.3,2.38,0.05,2.38,40.73434,-111.87210,26.5,26.6,874.7,122.84,1.5
14280.0,1308.0,2.24,0.05,2.24,40.73434,-111.87210,26.5,26.6,874.7,137.76,1.5
14340.0,1307.9,1.78,0.05,1.78,40.73434,-111.87210,26.4,26.8,874.7,124.15,1.3
14400.0,1307.9,1.81,0.04,1.81,40.73434,-111.87210,26.4,26.8,874.7,124.34,1.3
14460.0,1307.7,1.82,0.04,1.82,40.73434,-111.87210,26.3,27.0,874.7,125.39,1.2
14520.0,1307.7,2.00,0.05,2.00,40.73434,-111.87210,26.3,26.8,874.7,132.07,1.6
14580.0,1307.7,1.86,0.04,1.86,40.73434,-111.87210,26.3,26.8,874.6,121.96,1.1
14640.0,1307.6,1.44,0.04,1.44,40.73434,-111.87210,26.3,26.6,874.7,133.05,0.9
14700.0,1307.5,1.49,0.04,1.49,40.73434,-111.87210,26.2,26.9,874.7,127.08,1.5
14760.0,1307.4,1.60,0.04,1.60,40.73434,-111.87210,26.2,27.1,874.7,137.12,1.4
14820.0,1307.3,1.40,0.04,1.40,40.73434,-111.87210,26.2,27.1,874.7,133.81,1.4
14880.0,1307.2,1.29,0.05,1.29,40.73434,-111.87210,26.2,27.3,874.7,145.39,1.6
14940.0,1307.2,1.05,0.05,1.05,40.73434,-111.87210,26.1,27.1,874.7,133.76,1.3
15000.0,1307.3,0.80,0.04,0.80,40.73434,-111.87210,26.2,27.4,874.7,133.94,1.3
15060.0,1307.4,0.79,0.04,0.79,40.73434,-111.87211,26.1,27.4,874.7,130.26,1.3
15120.0,1307.4,0.40,0.04,0.40,40.73434,-111.87211,26.1,27.4,874.7,107.83,0.7
15180.0,1307.4,0.46,0.05,0.46,40.73434,-111.87211,26.1,27.2,874.7,105.56,0.6
15240.0,1307.3,0.13,0.04,0.13,40.73434,-111.87211,26.0,27.4,874.7,138.66,1.6
15300.0,1307.3,0.00,0.04,0.00,40.73434,-111.87211,26.0,27.4,874.7,147.57,1.8
15360.0,1307.4,0.09,0.04,0.09,40.73434,-111.87211,26.1,27.3,874.7,148.66,1.8
15420.0,1307.4,0.62,0.05,0.62,40.73434,-111.87211,26.0,27.4,874.7,149.61,1.6
15480.0,1307.4,0.67,0.05,0.67,40.73434,-111.87211,26.0,27.3,874.7,136.23,2.1
15540.0,1307.3,0.49,0.06,0.49,40.73434,-111.87211,25.9,27.8,874.7,120.93,1.8
15600.0,1307.3,0.62,0.05,0.62,40.73434,-111.87211,25.9,27.9,874.7,125.89,1.3
15660.0,1307.5,0.71,0.05,0.71,40.73434,-111.87211,25.9,27.4,874.7,138.56,1.5
15720.0,1307.7,0.53,0.05,0.53,40.73434,-111.87211,25.9,27.5,874.7,129.67,1.4
15780.0,1307.6,360.00,0.05,360.00,40.73434,-111.87211,25.9,27.7,874.8,130.61,1.3
15840.0,1307.7,359.41,0.05,359.41,40.73434,-111.87211,25.9,28.0,874.8,127.79,1.2
15900.0,1307.8,359.29,0.05,359.29,40.73434,-111.87211,25.8,28.0,874.7,137.22,1.5
15960.0,1307.8,0.27,0.05,0.27,40.73434,-111.87211,25.8,27.9,874.8,129.75,1.5
16020.0,1307.9,0.81,0.05,0.81,40.73434,-111.87211,25.8,27.8,874.8,128.67,1.8
16080.0,1307.9,0.83,0.05,0.83,40.73434,-111.87211,25.7,27.9,874.8,128.48,1.9
16140.0,1308.1,0.94,0.05,0.94,40.73434,-111.87211,25.6,28.0,874.8,116.79,2.1
16200.0,1308.3,0.90,0.06,0.90,40.73434,-111.87211,25.6,28.1,874.8,118.79,2.3
16260.0,1308.2,1.00,0.05,1.00,40.73434,-111.87211,25.6,27.9,874.8,111.04,1.3
16320.0,1308.2,1.20,0.06,1.20,40.73434,-111.87211,25.6,28.2,874.8,119.28,1.6
16380.0,1308.0,2.03,0.05,2.03,40.73434,-111.87211,25.5,27.9,874.7,119.11,1.8
16440.0,1308.2,2.31,0.05,2.31,40.73434,-111.87211,25.6,28.1,874.8,121.61,1.6
16500.0,1308.4,1.89,0.04,1.89,40.73434,-111.87211,25.5,28.1,874.8,110.79,0.9
16560.0,1308.8,1.37,0.05,1.37,40.73434,-111.87211,25.5,28.0,874.8,117.07,1.9
16620.0,1309.0,1.82,0.05,1.82,40.73434,-111.87211,25.4,27.9,874.8,109.48,2.4
16680.0,1308.9,2.30,0.05,2.30,40.73434,-111.87211,25.4,27.8,874.8,110.42,1.9
16740.0,1308.9,2.14,0.05,2.14,40.73434,-111.87211,25.3,27.8,874.8,101.89,2.1
16800.0,1309.3,2.22,0.05,2.22,40.73434,-111.87211,25.4,27.8,874.7,110.39,1.5
16860.0,1309.0,2.46,0.05,2.46,40.73434,-111.87211,25.4,28.0,874.7,112.90,1.3
16920.0,1309.2,2.16,0.05,2.16,40.73434,-111.87211,25.4,27.9,874.7,103.76,1.2
16980.0,1309.2,1.96,0.05,1.96,40.73434,-111.87211,25.3,27.6,874.7,110.25,1.7
17040.0,1309.3,1.86,0.04,1.86,40.73434,-111.87211,25.4,27.7,874.7,117.46,1.7
17100.0,1309.2,2.02,0.05,2.02,40.73434,-111.87211,25.3,27.8,874.7,117.56,2.0
17160.0,1309.0,2.05,0.04,2.05,40.73434,-111.87210,25.3,27.8,874.7,109.12,1.9
17220.0,1309.0,2.14,0.04,2.14,40.73434,-111.87210,25.3,27.7,874.7,109.95,2.5
17280.0,1309.0,2.06,0.05,2.06,40.73434,-111.87210,25.3,27.7,874.8,116.98,3.8
17340.0,1309.0,2.21,0.04,2.21,40.73434,-111.87210,25.2,27.6,874.7,119.68,3.6
17400.0,1309.0,2.41,0.04,2.41,40.73434,-111.87210,25.3,27.4,874.7,109.02,2.0
17460.0,1309.0,2.03,0.04,2.03,40.73434,-111.87210,25.3,27.5,874.7,113.13,2.9
17520.0,1308.9,2.04,0.05,2.04,40.73434,-111.87210,25.3,27.7,874.7,113.30,2.3
17580.0,1308.8,2.32,0.04,2.32,40.73434,-111.87210,25.2,27.8,874.7,115.24,2.1
17640.0,1308.8,2.38,0.04,2.38,40.73434,-111.87210,25.2,27.7,874.7,119.25,2.9
17700.0,1308.7,2.24,0.05,2.24,40.73434,-111.87210,25.1,27.8,874.7,119.34,3.3
17760.0,1308.6,2.18,0.04,2.18,40.73434,-111.87210,25.1,27.9,874.8,115.36,2.2
17820.0,1308.6,2.00,0.04,2.00,40.73434,-111.87210,25.1,27.9,874.7,123.39,2.6
17880.0,1308.6,1.93,0.04,1.93,40.73434,-111.87210,25.0,27.8,874.7,116.54,3.3
17940.0,1308.6,2.88,0.04,2.88,40.73434,-111.87210,25.0,27.8,874.8,122.03,3.6
18000.0,1308.5,2.66,0.04,2.66,40.73434,-111.87210,24.9,27.8,874.8,126.96,3.6
18060.0,1308.5,2.70,0.04,2.70,40.73434,-111.87210,25.0,27.9,874.8,129.66,3.4
18120.0,1308.5,2.95,0.04,2.95,40.73434,-111.87210,24.9,27.9,874.8,125.88,2.7
18180.0,1308.4,2.92,0.04,2.92,40.73434,-111.87210,25.0,27.9,874.8,125.58,2.5
18240.0,1308.3,2.90,0.04,2.90,40.73434,-111.87210,25.0,27.9,874.8,126.40,2.4
18300.0,1308.3,2.75,0.04,2.75,40.73434,-111.87210,25.0,28.0,874.8,130.63,2.3
18360.0,1308.3,2.44,0.05,2.44,40.73434,-111.87210,25.0,28.3,874.8,138.14,2.4
18420.0,1308.3,2.03,0.04,2.03,40.73434,-111.87210,25.0,28.3,874.9,138.65,2.4
18480.0,1308.2,2.00,0.04,2.00,40.73434,-111.87210,24.9,28.2,874.9,132.29,2.6
18540.0,1308.1,1.39,0.04,1.39,40.73434,-111.87210,24.9,28.3,874.9,132.64,3.0
18600.0,1308.2,1.65,0.04,1.65,40.73434,-111.87210,24.9,28.1,874.9,129.56,2.4
18660.0,1308.3,2.63,0.04,2.63,40.73434,-111.87210,24.9,28.2,874.9,120.93,2.2
18720.0,1308.2,3.00,0.05,3.00,40.73434,-111.87210,25.0,28.2,874.9,132.79,1.9
18780.0,1308.2,2.60,0.05,2.60,40.73434,-111.87210,25.0,28.1,875.0,140.29,2.1
18840.0,1308.2,2.71,0.05,2.71,40.73434,-111.87210,25.0,28.3,875.0,126.85,1.5
18900.0,1308.2,2.54,0.04,2.54,40.73434,-111.87210,24.9,28.3,875.0,120.56,1.6
18960.0,1308.2,2.32,0.04,2.32,40.73434,-111.87210,24.9,28.3,875.0,120.91,2.0
19020.0,1308.1,2.58,0.04,2.58,40.73434,-111.87210,25.0,28.2,875.0,132.88,1.8
19080.0,1308.0,2.28,0.04,2.28,40.73434,-111.87210,25.0,28.4,875.0,88.14,0.5
19140.0,1308.1,1.86,0.05,1.86,40.73434,-111.87210,25.0,28.4,875.0,106.21,0.8
19200.0,1308.1,2.02,0.04,2.02,40.73434,-111.87210,24.9,28.0,875.0,114.53,2.0
19260.0,1308.1,1.94,0.04,1.94,40.73434,-111.87210,24.9,28.1,875.0,113.19,1.7
19320.0,1308.2,2.04,0.05,2.04,40.73434,-111.87210,25.0,28.0,875.1,107.12,0.8
19380.0,1308.2,2.07,0.04,2.07,40.73434,-111.87211,25.0,27.7,875.1,113.99,0.8
19440.0,1308.2,2.38,0.05,2.38,40.73434,-111.87210,25.0,27.8,875.1,127.58,1.1
19500.0,1308.2,2.57,0.04,2.57,40.73434,-111.87210,25.0,27.7,875.1,123.07,1.3
19560.0,1308.3,2.88,0.05,2.88,40.73434,-111.87210,25.0,28.1,875.2,120.42,1.4
19620.0,1308.4,2.35,0.05,2.35,40.73434,-111.87210,25.0,28.3,875.2,113.21,1.6
19680.0,1308.3,2.55,0.05,2.55,40.73434,-111.87210,24.9,28.3,875.2,117.74,1.8
19740.0,1308.4,2.24,0.04,2.24,40.73434,-111.87210,24.9,28.5,875.2,132.52,2.2
19800.0,1308.5,2.19,0.06,2.19,40.73434,-111.87210,24.9,28.8,875.2,156.78,2.4
19860.0,1308.4,1.84,0.05,1.84,40.73434,-111.87210,24.9,29.0,875.2,153.97,2.7
19920.0,1308.5,1.78,0.05,1.78,40.73434,-111.87210,24.8,28.8,875.2,150.31,2.5
19980.0,1308.5,1.94,0.05,1.94,40.73434,-111.87210,24.9,28.4,875.2,154.72,2.1
20040.0,1308.3,2.34,0.05,2.34,40.73434,-111.87210,25.0,28.5,875.2,179.47,1.9
20100.0,1308.3,2.89,0.05,2.89,40.73434,-111.87210,25.1,28.1,875.2,171.98,1.5
20160.0,1308.4,2.89,0.04,2.89,40.73434,-111.87210,25.2,27.8,875.2,178.83,0.8
20220.0,1308.5,3.05,0.04,3.05,40.73434,-111.87210,25.2,27.8,875.2,162.39,1.0
20280.0,1308.7,2.62,0.04,2.62,40.73434,-111.87210,25.3,27.5,875.2,146.60,1.0
20340.0,1308.9,2.30,0.04,2.30,40.73434,-111.87210,25.4,27.7,875.2,164.42,1.0
20400.0,1309.0,1.56,0.05,1.56,40.73434,-111.87210,25.4,27.6,875.3,165.22,1.0
20460.0,1309.0,1.52,0.04,1.52,40.73434,-111.87210,25.5,27.5,875.3,153.55,1.1
20520.0,1309.0,1.72,0.05,1.72,40.73434,-111.87210,25.5,27.4,875.3,160.54,0.9
20580.0,1308.9,2.72,0.04,2.72,40.73434,-111.87210,25.5,27.4,875.3,161.20,1.7
20640.0,1308.8,2.72,0.04,2.72,40.73434,-111.87211,25.5,27.5,875.3,147.58,1.7
20700.0,1308.6,2.84,0.04,2.84,40.73434,-111.87211,25.4,27.4,875.3,151.87,1.9
20760.0,1308.7,2.18,0.05,2.18,40.73434,-111.87211,25.3,27.6,875.3,145.55,2.4
20820.0,1308.8,2.21,0.05,2.21,40.73434,-111.87211,25.2,27.7,875.4,147.04,2.5
20880.0,1308.8,1.70,0.04,1.70,40.73434,-111.87211,25.2,27.8,875.4,146.11,2.6
20940.0,1308.9,1.67,0.05,1.67,40.73434,-111.87211,25.0,28.0,875.4,126.64,2.0
21000.0,1309.1,1.31,0.05,1.31,40.73434,-111.87211,24.9,28.0,875.4,117.76,2.9
21060.0,1309.1,1.51,0.05,1.51,40.73434,-111.87211,24.8,28.0,875.4,122.50,3.2
21120.0,1309.2,1.74,0.04,1.74,40.73434,-111.87211,24.7,28.3,875.4,124.52,3.1
21180.0,1309.4,2.87,0.05,2.87,40.73434,-111.87211,24.6,28.2,875.4,128.66,3.4
21240.0,1309.7,2.90,0.04,2.90,40.73434,-111.87211,24.6,28.4,875.4,124.73,2.9
21300.0,1309.7,2.14,0.04,2.14,40.73434,-111.87211,24.5,28.6,875.4,119.44,3.0
21360.0,1309.7,1.84,0.04,1.84,40.73434,-111.87211,24.5,29.0,875.5,126.80,2.5
21420.0,1309.8,2.02,0.04,2.02,40.73434,-111.87211,24.4,28.8,875.5,123.38,2.9
21480.0,1309.8,2.26,0.04,2.26,40.73434,-111.87211,24.4,28.9,875.5,123.76,2.5
21540.0,1309.7,2.25,0.05,2.25,40.73434,-111.87211,24.4,28.8,875.5,118.06,2.8
21600.0,1309.8,2.19,0.05,2.19,40.73434,-111.87211,24.3,29.1,875.4,114.18,2.2
21660.0,1309.8,1.87,0.04,1.87,40.73434,-111.87211,24.3,28.9,875.3,111.18,1.9
21720.0,1310.0,2.08,0.04,2.08,40.73434,-111.87211,24.3,28.7,875.4,107.15,1.9
21780.0,1310.0,1.87,0.04,1.87,40.73434,-111.87211,24.3,28.9,875.3,111.32,2.7
21840.0,1310.1,2.12,0.04,2.12,40.73434,-111.87211,24.3,28.8,875.1,111.72,2.9
21900.0,1310.0,2.10,0.04,2.10,40.73434,-111.87211,24.3,28.7,875.1,106.75,2.3
21960.0,1310.0,2.20,0.05,2.20,40.73434,-111.87211,24.3,28.6,875.1,103.75,1.5
22020.0,1310.1,2.60,0.05,2.60,40.73434,-111.87211,24.4,28.5,875.2,109.25,0.7
22080.0,1310.1,2.23,0.05,2.23,40.73434,-111.87211,24.4,28.6,875.3,108.36,0.8
22140.0,1310.2,1.60,0.05,1.60,40.73434,-111.87211,24.4,28.9,875.5,140.91,2.4
22200.0,1310.1,1.52,0.04,1.52,40.73434,-111.87211,24.4,28.9,875.5,153.16,2.9
22260.0,1310.1,1.80,0.05,1.80,40.73434,-111.87211,24.4,29.3,875.5,164.10,2.5
22320.0,1310.1,1.98,0.05,1.98,40.73434,-111.87211,24.5,29.7,875.5,177.15,2.0
22380.0,1310.1,1.97,0.06,1.97,40.73434,-111.87211,24.6,30.2,875.5,175.82,1.3
22440.0,1309.8,1.93,0.05,1.93,40.73434,-111.87211,24.7,29.8,875.5,175.55,1.5
22500.0,1309.9,1.16,0.05,1.16,40.73434,-111.87211,24.7,28.6,875.5,133.11,2.3
22560.0,1310.0,1.21,0.05,1.21,40.73434,-111.87211,24.7,28.4,875.5,130.85,2.0
22620.0,1310.0,1.25,0.05,1.25,40.73434,-111.87211,24.7,28.4,875.6,123.32,1.9
22680.0,1309.7,1.34,0.05,1.34,40.73434,-111.87211,24.7,28.7,875.6,132.90,1.6
22740.0,1309.7,1.56,0.06,1.56,40.73434,-111.87211,24.6,28.5,875.6,118.89,1.7
22800.0,1309.6,1.32,0.05,1.32,40.73434,-111.87211,24.6,28.5,875.5,128.84,2.5
22860.0,1309.3,1.55,0.05,1.55,40.73434,-111.87211,24.6,28.6,875.5,112.83,1.4
22920.0,1309.3,1.92,0.05,1.92,40.73434,-111.87211,24.5,28.7,875.5,116.83,1.8
22980.0,1309.4,2.02,0.04,2.02,40.73434,-111.87211,24.5,28.6,875.5,119.93,1.2
23040.0,1309.3,2.31,0.05,2.31,40.73434,-111.87211,24.5,28.5,875.5,146.15,2.0
23100.0,1309.0,2.29,0.05,2.29,40.73434,-111.87211,24.5,28.7,875.6,133.85,2.4
23160.0,1309.0,2.54,0.04,2.54,40.73434,-111.87211,24.5,28.8,875.5,118.88,1.6
23220.0,1309.3,2.66,0.05,2.66,40.73434,-111.87211,24.4,28.8,875.5,127.17,1.9
23280.0,1309.2,2.31,0.05,2.31,40.73434,-111.87211,24.4,29.4,875.5,134.58,1.5
23340.0,1308.9,2.33,0.05,2.33,40.73434,-111.87211,24.5,29.5,875.5,114.80,1.1
23400.0,1308.8,2.30,0.05,2.30,40.73434,-111.87211,24.4,29.8,875.5,114.67,1.2
23460.0,1308.8,2.83,0.05,2.83,40.73434,-111.87211,24.3,29.2,875.5,107.59,1.4
23520.0,1308.7,2.80,0.05,2.80,40.73434,-111.87211,24.3,28.8,875.5,114.94,1.3
23580.0,1308.5,2.15,0.06,2.15,40.73434,-111.87211,24.3,28.6,875.5,122.73,1.4
23640.0,1308.5,2.12,0.06,2.12,40.73434,-111.87211,24.4,28.9,875.6,121.84,1.3
23700.0,1308.3,1.93,0.05,1.93,40.73434,-111.87211,24.3,28.9,875.5,120.43,1.7
23760.0,1308.2,2.32,0.05,2.32,40.73434,-111.87211,24.3,29.0,875.5,114.78,1.4
23820.0,1308.2,2.52,0.06,2.52,40.73434,-111.87211,24.3,29.0,875.5,119.37,1.2
23880.0,1308.1,2.41,0.05,2.41,40.73434,-111.87211,24.3,28.9,875.6,115.92,1.0
23940.0,1308.1,2.46,0.05,2.46,40.73434,-111.87211,24.3,28.8,875.6,102.80,0.5
24000.0,1308.2,3.06,0.05,3.06,40.73434,-111.87211,24.4,28.8,875.6,137.63,0.6
24060.0,1308.5,2.72,0.05,2.72,40.73434,-111.87211,24.5,28.4,875.6,140.89,0.9
24120.0,1308.5,2.81,0.04,2.81,40.73434,-111.87211,24.5,28.7,875.6,129.38,1.1
24180.0,1308.5,2.61,0.05,2.61,40.73434,-111.87211,24.4,29.0,875.6,129.69,1.5
24240.0,1308.4,2.88,0.04,2.88,40.73434,-111.87211,24.4,30.2,875.6,130.48,0.9
24300.0,1308.4,2.80,0.04,2.80,40.73434,-111.87211,24.4,29.2,875.6,62.68,0.3
24360.0,1308.4,2.62,0.04,2.62,40.73434,-111.87211,24.4,28.8,875.6,94.01,0.4
24420.0,1308.4,2.34,0.05,2.34,40.73434,-111.87211,24.5,28.6,875.6,114.16,0.2
24480.0,1308.4,2.04,0.05,2.04,40.73434,-111.87211,24.5,28.6,875.6,140.75,0.3
24540.0,1308.6,2.20,0.05,2.20,40.73434,-111.87211,24.6,28.5,875.6,123.58,0.5
24600.0,1308.6,2.60,0.05,2.60,40.73434,-111.87211,24.5,28.6,875.6,66.58,0.4
24660.0,1308.5,2.32,0.04,2.32,40.73434,-111.87211,24.5,28.4,875.7,83.48,0.5
24720.0,1308.4,1.82,0.05,1.82,40.73434,-111.87211,24.4,28.9,875.7,103.69,0.5
24780.0,1308.3,1.96,0.05,1.96,40.73434,-111.87211,24.4,28.9,875.7,114.03,0.6
24840.0,1308.3,2.04,0.04,2.04,40.73434,-111.87211,24.3,29.5,875.7,124.16,0.9
24900.0,1308.4,1.22,0.04,1.22,40.73434,-111.87211,24.3,29.5,875.7,119.11,0.7
24960.0,1308.5,1.62,0.04,1.62,40.73434,-111.87211,24.2,29.6,875.7,112.55,0.7
