CampaignData_and_Merges/R0/CSL_MobileLab_Parked/raw/20240811/USOS-NOAAIodideCIMS-OrgNitrs_MobileLabGround_20240811_RA.ict
37, 1001
Michael A Robinson, Chris Jernigan, Subi Thakali
NOAA ESRL Chemical Sciences Laboratory and CIRES, U. of Colorado
NOAA Iodide CIMS Instrument
USOS
1, 1
2024, 08, 11, 2024, 08, 13
1
starttime_UTC, seconds_past_midnight, seconds_of_day_since_00:00:00_UTC
5
1, 1, 1, 1, 1
-9999, -9999, -9999, -9999, -9999
C4H7NO5_NOAACIMS, pptv, Gas_C4H7NO5_InSitu_S_AVMR, 
ISOPN_NOAACIMS, pptv, Gas_ISOPN_InSitu_S_AVMR, 
C5H10O3_NOAACIMS, pptv, Gas_C5H10O3_InSitu_S_AVMR, 
C5H9NO5_NOAACIMS, pptv, Gas_C5H9NO5_InSitu_S_AVMR, 
C10H17NO4_NOAACIMS, pptv, Gas_C10H17NO4_InSitu_S_AVMR, 
0
18
PI_CONTACT_INFO: 325 Broadway, R/CSD 7, Boulder, Colorado 80305; michael.a.robinson@noaa.gov; chris.jernigan@noaa.gov;
PLATFORM: NOAA CSL Mobile Lab
LOCATION: SLC, Utah
ASSOCIATED_DATA: 1Hz data also available on request.
INSTRUMENT_INFO: NOAA I- ToF CIMS
DATA_INFO: All data in parts per trillion by volume (pptv). 1 Hz data is available upon request.
UNCERTAINTY: TBD
ULOD_FLAG: -7777
ULOD_VALUE: N/A
LLOD_FLAG: -8888
LLOD_VALUE: N/A
DM_CONTACT_INFO: Nathan Howard; nathan.h.howard@noaa.gov
PROJECT_INFO: USOS, summer 2024. https://csl.noaa.gov/groups/csl7/measurements/2024usos/
STIPULATIONS_ON_USE: Users are strongly encouraged to contact the PI for proper data usage.
OTHER_COMMENTS: 
REVISION: RA
RA: Preliminary Data; For in-field use only
starttime_UTC, C4H7NO5_NOAACIMS, ISOPN_NOAACIMS, C5H10O3_NOAACIMS, C5H9NO5_NOAACIMS, C10H17NO4_NOAACIMS
[from data line 657]
 39420,  2.002,  4.283, 27.644,  7.392,  1.204
 39480,  1.996,  4.411, 28.453,  7.532,  1.336
 39540,  1.985,  4.425, 27.777,  7.483,  1.421
 39600,  2.007,  4.428, 27.418,  7.275,  1.296
 39660,  2.020,  4.448, 27.853,  7.317,  1.257
 39720,  1.989,  4.359, 28.562,  7.408,  1.304
 39780,  1.982,  4.310, 28.265,  7.242,  1.251
 39840,  1.912,  4.479, 27.382,  6.980,  1.271
 39900,  1.977,  4.329, 27.485,  7.097,  1.184
 39960,  1.959,  4.105, 25.626,  6.973,  1.133
 40020,  1.937,  4.287, 26.430,  7.180,  1.187
 40080,  1.970,  4.157, 25.977,  7.007,  1.097
 40140,  1.979,  4.238, 25.930,  7.006,  1.166
 40200,  1.949,  4.328, 25.743,  7.188,  1.078
 40260,  1.965,  3.993, 24.445,  7.113,  1.153
 40320,  1.973,  4.151, 24.726,  7.017,  1.116
 40380,  1.934,  3.992, 25.864,  6.764,  1.068
 40440,  1.916,  4.323, 25.931,  6.702,  1.101
 40500,  1.971,  4.063, 26.155,  6.925,  1.050
 40560,  2.007,  3.975, 25.035,  7.072,  1.235
 40620,  1.939,  4.005, 24.075,  6.839,  1.027
 40680,  1.950,  3.686, 23.644,  6.828,  1.026
 40740,  2.024,  4.222, 24.872,  6.857,  1.034
 40800,  2.040,  4.416, 22.161,  6.262,  0.965
 40860,  1.929,  3.820, 23.171,  6.622,  1.020
 40920,  1.923,  3.701, 23.537,  6.796,  1.014
 40980,  1.991,  3.868, 23.458,  6.899,  1.088
 41040,  2.020,  3.896, 23.762,  6.827,  0.977
 41100,  1.991,  3.952, 25.085,  6.585,  1.066
 41160,  2.016,  3.956, 25.095,  6.807,  1.182
 41220,  2.009,  4.055, 24.486,  6.723,  1.112
 41280,  1.999,  4.192, 25.219,  6.598,  1.140
 41340,  1.987,  3.677, 24.362,  6.810,  1.096
 41400,  1.995,  3.938, 24.930,  6.840,  1.093
 41460,  2.064,  4.015, 26.526,  6.936,  1.126
 41520,  1.986,  4.101, 26.160,  6.850,  1.058
 41580,  2.011,  4.071, 25.668,  7.054,  1.091
 41640,  2.019,  4.164, 24.855,  7.012,  0.999
 41700,  2.011,  3.866, 25.681,  7.071,  1.082
 41760,  2.015,  4.033, 25.218,  7.235,  1.008
 41820,  2.047,  4.333, 25.507,  7.124,  1.080
 41880,  2.007,  4.134, 25.275,  7.123,  1.057
 41940,  1.998,  4.057, 24.987,  7.202,  1.120
 42000,  2.028,  4.128, 24.888,  7.096,  1.112
 42060,  2.020,  4.426, 25.698,  7.477,  1.153
 42120,  2.005,  4.100, 25.855,  7.364,  1.116
 42180,  2.005,  4.221, 25.519,  7.349,  1.080
 42240,  2.013,  4.103, 24.552,  7.258,  1.159
 42300,  2.011,  4.309, 24.573,  7.111,  1.074
 42360,  2.044,  3.979, 24.585,  7.238,  1.118
 42420,  2.040,  4.165, 25.183,  7.402,  1.086
 42480,  1.996,  4.275, 26.278,  7.323,  1.055
 42540,  1.930,  4.284, 25.494,  7.068,  1.147
 42600,  1.868,  4.626, 23.814,  6.604,  0.994
 42660,  2.285,  3.471, 20.151,  6.363,  0.210
 42720,  1.951,  3.941, 21.915,  6.581,  0.975
 42780,  1.943,  4.137, 24.371,  6.761,  1.086
 42840,  1.976,  4.349, 24.800,  6.725,  1.041
 42900,  1.993,  4.007, 24.324,  6.816,  1.022
 42960,  1.996,  3.902, 23.884,  6.976,  1.084
 43020,  2.009,  4.035, 24.547,  7.256,  1.147
 43080,  2.012,  3.893, 24.841,  7.135,  0.983
 43140,  2.008,  4.116, 25.322,  7.046,  1.126
 43200,  2.074,  3.879, 24.669,  7.222,  1.184
 43260,  2.038,  3.966, 24.502,  6.939,  1.079
 43320,  2.077,  3.873, 24.448,  7.202,  1.220
 43380,  2.077,  3.992, 25.272,  7.053,  1.073
 43440,  2.062,  3.930, 24.760,  6.962,  1.076
 43500,  2.008,  3.999, 25.047,  6.818,  1.127
 43560,  2.039,  3.763, 25.799,  7.045,  1.092
 43620,  2.011,  3.758, 25.392,  6.555,  1.165
 43680,  1.949,  3.830, 25.305,  6.794,  1.049
 43740,  2.089,  3.627, 26.311,  6.995,  1.249
 43800,  2.123,  3.729, 26.460,  7.205,  1.241
 43860,  2.100,  3.477, 25.253,  7.061,  1.184
 43920,  2.075,  3.679, 25.698,  6.980,  1.252
 43980,  2.054,  3.772, 25.335,  6.921,  1.193
 44040,  2.062,  3.729, 25.911,  7.065,  1.136
 44100,  2.088,  3.963, 25.409,  7.187,  1.192
 44160,  2.116,  3.591, 25.969,  7.297,  1.214
 44220,  2.139,  3.734, 24.541,  7.343,  1.228
 44280,  2.040,  3.613, 24.918,  7.172,  1.127
 44340,  2.083,  3.527, 25.487,  6.933,  1.173
 44400,  2.074,  3.799, 24.308,  6.830,  1.132
 44460,  1.956,  3.775, 26.105,  6.576,  1.353
 44520,  2.004,  3.700, 22.882,  6.470,  1.159
 44580,  2.036,  3.548, 24.746,  6.646,  1.086
 44640,  2.034,  3.562, 24.517,  6.926,  1.165
 44700,  2.074,  3.585, 24.295,  6.809,  1.204
 44760,  2.061,  3.692, 24.836,  6.899,  1.168
 44820,  2.067,  3.925, 25.388,  7.159,  1.218
 44880,  2.117,  3.742, 26.093,  7.236,  1.215
 44940,  2.140,  3.670, 24.651,  7.193,  1.269
 45000,  2.130,  3.436, 24.023,  6.986,  1.251
 45060,  2.126,  3.820, 25.397,  7.075,  1.174
 45120,  2.069,  3.395, 25.166,  7.127,  1.147
 45180,  2.102,  3.662, 26.301,  7.047,  1.226
 45240,  2.149,  3.715, 25.627,  6.861,  1.257
 45300,  2.128,  3.715, 25.262,  7.138,  1.229
 45360,  2.102,  3.396, 24.323,  7.023,  1.305
 45420,  2.126,  3.716, 25.309,  6.911,  1.229
 45480,  2.161,  3.715, 25.893,  7.046,  1.292
 45540,  2.175,  3.839, 25.711,  7.181,  1.183
 45600,  2.198,  3.734, 25.945,  7.100,  1.146
 45660,  2.202,  3.470, 25.955,  7.178,  1.159
 45720,  2.112,  3.822, 25.684,  6.937,  1.155
 45780,  2.115,  3.698, 25.856,  6.931,  1.179
 45840,  2.152,  3.454, 25.860,  7.055,  1.202
 45900,  2.120,  3.594, 25.298,  6.950,  1.205
 45960,  2.166,  3.633, 26.371,  7.040,  1.148
 46020,  2.185,  3.653, 24.916,  6.954,  1.164
 46080,  2.172,  3.756, 25.691,  6.917,  1.088
 46140,  2.180,  3.625, 26.237,  6.989,  1.104
 46200,  2.202,  3.789, 26.362,  7.187,  1.293
 46260,  2.224,  3.638, 26.378,  7.022,  1.089
 46320, -9999.000, -9999.000, -9999.000, -9999.000, -9999.000
 46380,  2.090,  3.813, 22.110,  6.570,  1.061
 46440,  2.195,  3.477, 23.668,  6.850,  1.108
 46500,  2.218,  3.742, 24.183,  7.054,  1.179
 46560,  2.224,  3.957, 25.350,  7.053,  1.216
 46620,  2.253,  3.575, 25.050,  6.758,  1.135
 46680,  2.251,  3.523, 24.835,  7.073,  1.136
 46740,  2.246,  3.874, 26.056,  7.071,  1.218
 46800,  2.263,  3.953, 26.802,  7.236,  1.314
 46860,  2.326,  4.561, 26.947,  7.532,  1.664
 46920,  2.554,  5.109, 29.408,  8.252,  1.990
 46980,  2.522,  4.791, 28.904,  8.236,  1.791
 47040,  2.454,  4.668, 28.609,  7.793,  1.601
 47100,  2.430,  4.528, 28.990,  7.577,  1.605
 47160,  2.394,  4.292, 29.528,  7.553,  1.551
 47220,  2.387,  4.205, 27.454,  7.560,  1.337
 47280,  2.346,  4.184, 27.371,  7.232,  1.465
 47340,  2.318,  4.000, 27.950,  7.010,  1.398
 47400,  2.353,  3.909, 28.655,  7.015,  1.306
 47460,  2.272,  4.201, 29.360,  6.826,  1.274
 47520,  2.288,  4.062, 27.221,  6.709,  1.311
 47580,  2.325,  4.093, 27.374,  6.809,  1.373
 47640,  2.289,  3.976, 26.135,  6.478,  1.220
 47700,  2.309,  4.088, 27.198,  6.977,  1.442
 47760,  2.350,  3.919, 26.567,  6.798,  1.396
 47820,  2.357,  3.951, 26.218,  6.882,  1.268
 47880,  2.380,  3.964, 26.959,  6.683,  1.383
 47940,  2.295,  3.768, 25.880,  6.653,  1.344
 48000,  2.369,  3.713, 26.516,  6.775,  1.333
 48060,  2.415,  3.998, 26.844,  6.584,  1.272
 48120,  2.374,  3.901, 27.187,  6.673,  1.353
 48180, -9999.000, -9999.000, -9999.000, -9999.000, -9999.000
 48240,  2.351,  3.756, 24.089,  6.371,  1.130
 48300,  2.417,  3.812, 25.046,  6.719,  1.304
 48360,  2.375,  3.590, 25.437,  6.561,  1.224
 48420,  2.379,  3.758, 25.606,  6.723,  1.337
 48480,  2.412,  4.083, 27.401,  6.502,  1.376
 48540,  2.401,  3.525, 25.314,  6.497,  1.340
 48600,  2.516,  3.681, 25.913,  6.622,  1.290
 48660,  2.504,  3.650, 26.631,  6.615,  1.193
 48720,  2.537,  3.907, 27.376,  6.470,  1.407
 48780,  2.529,  3.778, 28.651,  6.783,  1.274
 48840,  2.542,  3.928, 28.393,  6.406,  1.275
 48900,  2.514,  3.898, 28.170,  6.661,  1.306
 48960,  2.509,  3.813, 26.297,  6.438,  1.252
 49020,  2.535,  3.928, 27.546,  6.476,  1.280
 49080,  2.582,  4.026, 27.373,  6.283,  1.332
 49140,  2.567,  3.878, 26.657,  6.487,  1.299
 49200,  2.616,  3.878, 26.501,  6.602,  1.359
 49260,  2.547,  4.141, 25.892,  6.531,  1.347
 49320,  2.629,  4.162, 25.799,  6.775,  1.292
 49380,  2.691,  4.196, 26.085,  6.745,  1.403
 49440,  2.689,  4.409, 26.937,  6.682,  1.372
 49500,  2.678,  4.253, 26.777,  6.602,  1.357
 49560,  2.738,  4.312, 27.230,  6.781,  1.471
 49620,  2.701,  3.910, 26.995,  6.664,  1.369
 49680,  2.741,  4.177, 28.069,  6.768,  1.350
 49740,  2.788,  4.218, 28.050,  6.636,  1.393
 49800,  2.850,  4.214, 29.272,  6.713,  1.440
 49860,  2.841,  4.261, 29.339,  6.935,  1.389
 49920,  2.819,  4.411, 29.765,  6.888,  1.387
 49980,  2.826,  4.344, 28.001,  6.978,  1.479
 50040, -9999.000, -9999.000, -9999.000, -9999.000, -9999.000
 50100,  2.811,  4.340, 26.280,  6.437,  1.386
 50160,  2.855,  4.433, 26.793,  6.736,  1.311
 50220,  2.875,  4.546, 26.910,  6.906,  1.435
 50280,  2.896,  4.754, 26.677,  6.742,  1.508
 50340,  2.958,  4.883, 25.857,  6.691,  1.531
 50400,  2.965,  4.854, 25.901,  6.856,  1.566
 50460,  3.043,  4.892, 27.740,  6.994,  1.537
 50520,  3.034,  5.066, 27.161,  6.868,  1.532
 50580,  3.090,  4.916, 27.310,  7.055,  1.467
 50640,  3.176,  5.462, 28.367,  7.262,  1.667
 50700,  3.222,  5.494, 28.340,  7.039,  1.743
 50760,  3.225,  5.677, 28.055,  7.454,  1.570
 50820,  3.256,  5.806, 28.760,  7.270,  1.843
 50880,  3.252,  6.028, 29.223,  7.332,  1.694
 50940,  3.248,  6.039, 28.433,  7.206,  1.746
 51000,  3.232,  6.279, 29.599,  7.290,  1.767
 51060,  3.285,  6.023, 28.492,  7.244,  1.691
 51120,  3.323,  6.369, 29.445,  7.381,  1.744
 51180,  3.340,  6.615, 30.117,  7.366,  1.779
 51240,  3.427,  7.029, 30.779,  7.286,  1.768
 51300,  3.400,  7.089, 31.140,  7.418,  1.808
 51360,  3.498,  7.214, 32.098,  7.398,  1.830
 51420,  3.507,  7.887, 31.225,  7.556,  1.880
 51480,  3.535,  7.610, 32.049,  7.414,  1.821
 51540,  3.647,  7.615, 31.887,  7.676,  1.863
 51600,  3.704,  7.489, 32.549,  7.751,  1.833
 51660,  3.693,  7.625, 34.157,  7.656,  1.806
 51720,  3.692,  8.491, 33.196,  7.608,  2.023
 51780,  3.642,  8.522, 33.666,  7.781,  1.952
 51840,  3.669,  8.823, 32.619,  7.702,  1.869
 51900,  3.656,  7.773, 26.896,  7.180,  1.725
 51960,  3.720,  8.704, 27.816,  7.330,  1.827
 52020,  3.853,  9.298, 29.483,  7.646,  1.936
 52080,  3.884,  9.449, 31.447,  7.854,  1.985
 52140,  3.925,  9.885, 30.239,  7.672,  2.080
 52200,  3.899,  9.644, 30.460,  7.840,  2.013
 52260,  4.023, 10.452, 31.106,  7.989,  2.216
 52320,  4.142, 10.340, 31.335,  7.892,  2.153
 52380,  4.147, 10.233, 31.417,  8.000,  2.165
 52440,  4.128, 10.107, 32.485,  7.881,  2.246
 52500,  4.093, 10.183, 33.227,  7.736,  2.154
 52560,  4.039,  9.821, 31.682,  7.817,  1.994
 52620,  4.054,  9.641, 30.797,  7.749,  2.007
 52680,  4.047,  9.245, 31.911,  7.677,  2.066
 52740,  4.150,  9.463, 31.692,  7.498,  1.882
 52800,  4.118,  9.707, 32.920,  7.564,  1.871
 52860,  4.101,  9.759, 32.126,  7.351,  1.968
 52920,  4.182, 10.278, 33.229,  7.734,  2.061
 52980,  4.213, 10.917, 32.507,  7.855,  2.024
 53040,  4.200, 10.841, 33.145,  7.592,  2.050
 53100,  4.149, 11.535, 33.887,  7.603,  2.008
 53160,  4.213, 11.214, 33.575,  7.353,  2.020
 53220,  4.133, 10.236, 30.143,  7.232,  1.975
 53280,  4.145,  9.432, 29.375,  7.294,  1.797
 53340,  4.181,  9.145, 28.590,  7.215,  1.744
 53400,  4.224,  9.705, 30.189,  7.511,  1.862
 53460,  4.207, 10.399, 32.314,  7.371,  1.931
 53520,  4.125,  9.584, 29.472,  7.036,  1.783
 53580,  4.068,  8.877, 28.705,  7.110,  1.740
 53640,  4.108,  8.800, 29.972,  7.097,  1.836
 53700, -9999.000, -9999.000, -9999.000, -9999.000, -9999.000
 53760,  3.984,  7.986, 25.360,  6.549,  1.772
 53820,  4.026,  8.019, 25.828,  6.992,  1.580
 53880,  4.059,  8.045, 27.945,  6.813,  1.681
 53940,  4.049,  8.569, 27.995,  6.812,  1.657
 54000,  4.201,  8.996, 28.502,  6.862,  1.819
 54060,  4.308,  9.313, 30.516,  7.225,  1.782
 54120,  4.212,  9.354, 29.289,  7.019,  1.799
 54180,  4.183,  8.811, 27.599,  6.897,  1.689
 54240,  4.222,  9.123, 27.434,  6.900,  1.632
 54300,  4.302,  9.393, 27.267,  7.104,  1.640
 54360,  4.343, 10.263, 27.824,  7.307,  1.713
 54420,  4.391, 10.007, 28.025,  7.101,  1.758
 54480,  4.360,  8.524, 26.149,  6.898,  1.584
 54540,  4.277,  9.361, 26.718,  6.977,  1.580
 54600,  4.265,  9.205, 28.971,  6.961,  1.672
 54660,  4.410,  9.920, 27.003,  7.024,  1.649
 54720,  4.370, 10.170, 28.057,  7.003,  1.693
 54780,  4.424, 10.758, 26.717,  7.066,  1.720
 54840,  4.499, 10.333, 27.498,  7.275,  1.697
 54900,  4.586, 10.491, 27.259,  7.159,  1.706
 54960,  4.561, 10.350, 29.018,  7.441,  1.840
 55020,  4.547, 10.216, 29.187,  7.371,  1.813
 55080,  4.693, 10.417, 27.710,  7.468,  1.819
 55140,  4.752, 11.310, 29.068,  7.568,  1.839
 55200,  4.614, 10.553, 28.923,  7.569,  1.780
 55260,  4.528, 10.522, 29.129,  7.364,  1.909
 55320,  4.405,  9.163, 25.846,  7.160,  1.633
 55380,  4.449,  9.538, 26.607,  7.150,  1.612
 55440,  4.401,  9.875, 26.776,  7.095,  1.553
 55500,  4.426, 10.177, 26.414,  7.065,  1.568
 55560, -9999.000, -9999.000, -9999.000, -9999.000, -9999.000
 55620,  4.409, 11.162, 22.798,  6.919,  1.425
 55680,  4.395, 10.048, 23.832,  7.101,  1.471
 55740,  4.478, 10.818, 24.679,  7.243,  1.466
 55800,  4.589, 10.989, 24.322,  7.236,  1.501
 55860,  4.486, 10.906, 24.699,  7.126,  1.491
 55920,  4.555, 10.662, 24.270,  7.128,  1.555
 55980,  4.657, 11.427, 23.302,  7.242,  1.573
 56040,  4.624, 11.672, 23.104,  6.975,  1.466
 56100,  4.751, 12.615, 22.551,  7.040,  1.433
 56160,  4.973, 13.704, 23.649,  7.155,  1.472
 56220,  5.156, 15.072, 22.389,  7.223,  1.526
 56280,  5.295, 15.464, 24.164,  7.155,  1.522
 56340,  5.229, 15.802, 25.822,  7.431,  1.410
 56400,  5.379, 16.673, 23.800,  7.078,  1.404
 56460,  5.545, 17.507, 25.029,  7.337,  1.395
 56520,  5.561, 17.608, 24.808,  7.223,  1.424
 56580,  5.567, 17.135, 25.038,  7.361,  1.544
 56640,  5.744, 17.440, 24.833,  7.224,  1.449
 56700,  5.735, 17.392, 24.847,  7.283,  1.443
 56760,  5.736, 17.011, 24.757,  7.255,  1.373
 56820,  5.773, 16.834, 25.085,  7.285,  1.429
 56880,  5.890, 17.464, 24.809,  7.271,  1.488
 56940,  5.890, 17.062, 24.804,  7.306,  1.387
 57000,  5.914, 17.331, 23.943,  7.295,  1.202
 57060,  6.040, 16.887, 25.214,  7.499,  1.341
 57120,  5.985, 17.972, 28.454,  7.350,  1.524
 57180,  6.316, 18.307, 27.056,  6.891,  1.361
 57240,  6.249, 18.605, 25.862,  6.375,  1.347
 57300,  6.408, 19.035, 27.693,  6.455,  1.356
 57360,  6.625, 19.654, 27.240,  7.026,  1.487
 57420, -9999.000, -9999.000, -9999.000, -9999.000, -9999.000
 57480,  6.684, 20.102, 24.631,  6.605,  1.347
 57540,  6.856, 20.686, 24.923,  7.013,  1.457
 57600,  6.956, 19.907, 26.323,  6.970,  1.339
 57660,  7.002, 20.449, 27.280,  7.015,  1.271
 57720,  6.894, 20.529, 27.606,  6.828,  1.385
 57780,  6.893, 20.529, 28.270,  7.175,  1.344
 57840,  7.155, 20.766, 26.853,  6.899,  1.447
 57900,  7.226, 20.811, 29.288,  7.133,  1.481
 57960,  7.381, 21.528, 28.571,  6.982,  1.407
 58020,  7.447, 22.020, 28.110,  6.977,  1.482
 58080,  7.295, 22.172, 31.250,  6.892,  1.547
 58140,  7.651, 22.789, 27.229,  7.250,  1.282
 58200,  7.939, 24.696, 26.043,  7.513,  1.300
 58260,  8.021, 25.249, 26.968,  7.309,  1.384
 58320,  8.289, 25.589, 27.905,  7.575,  1.231
 58380,  8.301, 25.259, 28.536,  7.389,  1.230
 58440,  8.365, 25.732, 30.125,  7.486,  1.332
 58500,  8.168, 25.745, 30.420,  7.500,  1.436
 58560,  8.418, 26.719, 27.735,  7.394,  1.234
 58620,  8.843, 27.460, 29.453,  7.599,  1.306
 58680,  8.851, 27.678, 30.184,  7.762,  1.317
 58740,  9.043, 27.823, 29.166,  7.541,  1.267
 58800,  9.043, 27.986, 29.121,  7.509,  1.226
 58860,  9.252, 27.548, 30.012,  7.402,  1.193
 58920,  9.230, 28.138, 29.060,  7.297,  1.261
 58980,  9.299, 27.413, 29.370,  7.380,  1.158
 59040,  9.481, 28.395, 29.569,  7.722,  1.192
 59100,  9.501, 28.164, 29.963,  7.407,  1.172
 59160,  9.501, 27.472, 30.875,  7.511,  1.173
 59220,  9.427, 28.270, 30.843,  7.646,  1.304
 59280,  9.307, 30.388, 27.809,  7.739,  1.349
 59340,  9.652, 28.458, 29.816,  7.356,  1.282
 59400, 10.133, 27.793, 28.309,  7.568,  1.201
 59460, 10.235, 28.924, 29.515,  7.901,  1.208
 59520,  9.903, 28.023, 31.195,  7.506,  1.317
 59580, 10.206, 28.723, 30.428,  7.538,  1.161
 59640, 10.422, 29.190, 31.259,  7.822,  1.385
