CampaignData_and_Merges/R0/CSL_MobileLab_Parked/raw/20240811/USOS-NOAAIodideCIMS-N2O5_MobileLabGround_20240811_RA.ict
33, 1001
Michael A Robinson, Chris Jernigan, Subi Thakali
NOAA ESRL Chemical Sciences Laboratory and CIRES, U. of Colorado
NOAA Iodide CIMS Instrument
USOS
1, 1
2024, 08, 11, 2024, 08, 13
1
starttime_UTC, seconds_past_midnight, seconds_of_day_since_00:00:00_UTC
1
1
-9999
N2O5_NOAACIMS, pptv, Gas_N2O5_InSitu_S_AVMR, 
0
18
PI_CONTACT_INFO: 325 Broadway, R/CSD 7, Boulder, Colorado 80305; michael.a.robinson@noaa.gov; chris.jernigan@noaa.gov;
PLATFORM: NOAA CSL Mobile Lab
LOCATION: SLC, Utah
ASSOCIATED_DATA: 1Hz data also available on request.
INSTRUMENT_INFO: NOAA I- ToF CIMS
DATA_INFO: All data in parts per trillion by volume (pptv). 1 Hz data is available upon request.
UNCERTAINTY: TBD
ULOD_FLAG: -7777
ULOD_VALUE: N/A
LLOD_FLAG: -8888
LLOD_VALUE: N/A
DM_CONTACT_INFO: Nathan Howard; nathan.h.howard@noaa.gov
PROJECT_INFO: USOS, summer 2024. https://csl.noaa.gov/groups/csl7/measurements/2024usos/
STIPULATIONS_ON_USE: Users are strongly encouraged to contact the PI for proper data usage.
OTHER_COMMENTS: 
REVISION: RA
RA: Preliminary Data; For in-field use only
starttime_UTC, N2O5_NOAACIMS
     0, -9999.000
    60, -9999.000
   120, -9999.000
   180, -9999.000
   240, -9999.000
   300, -9999.000
   360, -9999.000
   420, -9999.000
   480, -9999.000
   540, -9999.000
   600, -9999.000
   660, -9999.000
   720, -9999.000
   780, -9999.000
   840, -9999.000
   900, -9999.000
   960, -9999.000
  1020, -9999.000
  1080, -9999.000
  1140, -9999.000
  1200, -9999.000
  1260, -9999.000
  1320, -9999.000
  1380, -9999.000
  1440, -9999.000
  1500, -9999.000
  1560, -9999.000
  1620, -9999.000
  1680, -9999.000
  1740, -9999.000
  1800, -9999.000
  1860, -9999.000
  1920, -9999.000
  1980, -9999.000
  2040, -9999.000
  2100, -9999.000
  2160, -9999.000
  2220, -9999.000
  2280, -9999.000
  2340, -9999.000
  2400, -9999.000
  2460, -9999.000
  2520, -9999.000
  2580, -9999.000
  2640, -9999.000
  2700, -9999.000
  2760, -9999.000
  2820, -9999.000
  2880, -9999.000
  2940, -9999.000
  3000, -9999.000
  3060, -9999.000
  3120, -9999.000
  3180, -9999.000
  3240, -9999.000
  3300, -9999.000
  3360, -9999.000
  3420, -9999.000
  3480, -9999.000
  3540, -9999.000
  3600, -9999.000
  3660, -9999.000
  3720, -9999.000
  3780, -9999.000
  3840, -9999.000
  3900, -9999.000
  3960, -9999.000
  4020, -9999.000
  4080, -9999.000
  4140, -9999.000
  4200, -9999.000
  4260, -9999.000
  4320, -9999.000
  4380, -9999.000
  4440, -9999.000
  4500, -9999.000
  4560, -9999.000
  4620, -9999.000
  4680, -9999.000
  4740, -9999.000
  4800, -9999.000
  4860, -9999.000
  4920, -9999.000
  4980, -9999.000
  5040, -9999.000
  5100, -9999.000
  5160, -9999.000
  5220, -9999.000
  5280, -9999.000
  5340,  0.324
  5400,  0.490
  5460,  0.413
  5520,  0.474
  5580,  0.326
  5640,  0.321
  5700, -9999.000
  5760,  0.480
  5820,  0.507
  5880,  0.465
  5940,  0.402
  6000,  0.562
  6060,  0.509
  6120,  0.556
  6180,  0.452
  6240,  0.442
  6300,  0.591
  6360,  0.503
  6420,  0.522
  6480,  0.454
  6540,  0.554
  6600,  0.739
  6660,  0.777
  6720,  0.965
  6780,  0.940
  6840,  1.037
  6900,  0.959
  6960,  1.001
  7020,  1.026
  7080,  1.265
  7140,  1.288
  7200,  1.241
  7260,  1.365
  7320,  1.450
  7380,  2.054
  7440,  1.578
  7500,  2.265
  7560,  1.669
  7620,  1.508
  7680,  1.990
  7740,  2.571
  7800,  2.571
  7860,  2.668
  7920,  2.882
  7980,  2.876
  8040,  3.161
  8100,  4.645
  8160,  4.367
  8220,  4.780
  8280,  5.856
  8340,  5.781
  8400,  5.804
  8460,  6.928
  8520,  7.031
  8580,  8.192
  8640,  7.172
  8700,  7.719
  8760,  6.996
  8820,  6.094
  8880,  6.271
  8940,  7.434
  9000,  7.857
  9060,  7.200
  9120,  7.100
  9180,  8.448
  9240,  4.046
  9300,  6.512
  9360, -9999.000
  9420, 10.033
  9480, 10.121
  9540,  9.235
  9600,  5.505
  9660,  7.063
  9720,  8.080
  9780, 10.575
  9840,  8.327
  9900,  8.808
  9960,  9.415
 10020, 10.168
 10080, 14.083
 10140, 14.333
 10200, 13.013
 10260,  6.694
 10320, 12.777
 10380, 10.078
 10440,  7.192
 10500, 10.541
 10560, 15.059
 10620,  9.848
 10680, 14.126
 10740,  9.869
 10800, 11.769
 10860, 16.353
 10920, 10.540
 10980,  8.529
 11040,  8.224
 11100, 12.340
 11160,  9.729
 11220, -9999.000
 11280,  9.460
 11340, 16.517
 11400, 11.026
 11460,  7.114
 11520,  6.644
 11580,  6.663
 11640,  4.296
 11700,  4.245
 11760,  4.100
 11820,  3.613
 11880,  3.307
 11940,  2.861
 12000,  2.352
 12060,  1.919
 12120,  2.152
 12180,  2.091
 12240,  1.747
 12300,  1.826
 12360,  1.927
 12420,  1.865
 12480,  1.682
 12540,  1.676
 12600,  1.960
 12660,  2.126
 12720,  2.066
 12780,  2.411
 12840,  2.101
 12900,  2.318
 12960,  2.252
 13020,  1.900
 13080, -9999.000
 13140,  2.380
 13200,  2.500
 13260,  1.772
 13320,  2.504
 13380,  2.103
 13440,  2.219
 13500,  2.380
 13560,  2.456
 13620,  2.378
 13680,  2.309
 13740,  2.145
 13800,  1.542
 13860,  1.534
 13920,  1.865
 13980,  2.246
 14040,  2.524
 14100,  2.735
 14160,  3.087
 14220,  2.267
 14280,  1.868
 14340,  1.691
 14400,  1.272
 14460,  1.373
 14520,  1.542
 14580,  1.446
 14640,  1.774
 14700,  1.639
 14760,  1.686
 14820,  1.598
 14880,  1.856
 14940,  1.784
 15000,  1.689
 15060,  2.251
 15120,  1.597
 15180,  1.735
 15240,  1.640
 15300,  1.601
 15360,  1.133
 15420,  1.236
 15480,  1.327
 15540,  1.257
 15600,  1.466
 15660,  1.398
 15720,  1.996
 15780,  1.500
 15840,  1.333
 15900,  1.150
 15960,  1.287
 16020,  1.173
 16080,  1.167
 16140,  0.987
 16200,  0.933
 16260,  1.026
 16320,  0.962
 16380,  1.024
 16440,  0.806
 16500,  0.772
 16560,  0.620
 16620,  0.953
 16680,  1.020
 16740, -9999.000
 16800,  0.919
 16860,  0.811
 16920,  0.837
 16980,  0.904
 17040,  1.044
 17100,  1.672
 17160,  1.672
 17220,  1.212
 17280,  1.074
 17340,  1.018
 17400,  0.910
 17460,  0.774
 17520,  0.911
 17580,  0.785
 17640,  0.853
 17700,  0.695
 17760,  1.074
 17820,  0.665
 17880,  0.768
 17940,  0.894
 18000,  0.827
 18060,  0.707
 18120,  0.822
 18180,  0.947
 18240,  1.179
 18300,  1.211
 18360,  1.302
 18420,  0.843
 18480,  1.122
 18540,  1.195
 18600,  1.468
 18660,  1.177
 18720,  1.204
 18780,  1.188
 18840,  1.453
 18900,  1.327
 18960,  1.432
 19020,  1.277
 19080,  1.213
 19140,  1.036
 19200,  1.357
 19260,  1.185
 19320,  1.318
 19380,  1.533
 19440,  1.518
 19500,  1.979
 19560,  2.140
 19620,  2.060
 19680,  1.688
 19740,  1.640
 19800,  3.550
 19860,  5.298
 19920,  2.521
 19980,  8.549
 20040,  5.876
 20100,  5.419
 20160,  5.509
 20220,  1.873
 20280,  2.199
 20340,  3.076
 20400,  3.014
 20460, -9999.000
 20520,  2.407
 20580,  2.582
 20640,  2.994
 20700,  2.314
 20760,  1.526
 20820,  1.637
 20880,  1.601
 20940,  1.236
 21000,  1.017
 21060,  0.867
 21120,  0.897
 21180,  1.326
 21240,  1.650
 21300,  1.525
 21360,  1.655
 21420,  2.786
 21480,  2.580
 21540,  2.601
 21600,  2.829
 21660,  2.089
 21720,  1.805
 21780,  1.630
 21840,  1.612
 21900,  1.559
 21960,  1.465
 22020,  1.279
 22080,  1.805
 22140,  1.830
 22200,  4.164
 22260,  6.552
 22320, 15.765
 22380, 13.424
 22440,  8.549
 22500,  3.110
 22560,  2.718
 22620,  2.950
 22680,  3.723
 22740,  2.491
 22800,  1.688
 22860,  1.920
 22920,  1.917
 22980,  2.233
 23040,  2.099
 23100,  2.088
 23160,  1.746
 23220,  6.248
 23280, 15.109
 23340, 10.794
 23400,  4.407
 23460,  2.625
 23520,  2.280
 23580,  2.135
 23640,  2.133
 23700,  1.788
 23760,  1.531
 23820,  1.652
 23880,  1.901
 23940,  1.488
 24000,  1.861
 24060,  1.831
 24120,  1.671
 24180, -9999.000
 24240,  2.629
 24300,  1.738
 24360,  2.027
 24420,  2.290
 24480,  2.618
 24540,  2.343
 24600,  2.727
 24660,  2.483
 24720,  2.413
 24780,  2.652
 24840,  3.784
 24900,  2.509
 24960,  3.132
 25020,  4.691
 25080,  4.524
 25140,  5.808
 25200,  8.285
 25260,  9.538
 25320, 12.652
 25380, 22.053
 25440, 29.482
 25500, 35.154
 25560, 36.239
 25620, 34.887
 25680, 23.023
 25740, 18.084
 25800, 21.386
 25860, 22.676
 25920, 18.930
 25980, 17.237
 26040, 15.154
 26100, 18.453
 26160, 16.445
 26220, 23.486
 26280, 18.534
 26340, 19.393
 26400, 23.080
 26460, 18.782
 26520, 23.938
 26580, 22.726
 26640, 19.636
 26700, 17.913
 26760, 19.024
 26820, 16.171
 26880, 14.502
 26940, 15.773
 27000, 18.461
 27060, 20.101
 27120, 23.455
 27180, 23.389
 27240, 15.964
 27300, 11.188
 27360, 13.509
 27420, 18.759
 27480, 19.187
 27540, 15.619
 27600, 11.144
 27660, 11.062
 27720, 13.916
 27780, 17.222
 27840, -9999.000
 27900,  9.087
 27960,  6.100
 28020,  4.953
 28080,  3.609
 28140,  3.414
 28200,  4.147
 28260,  5.003
 28320,  5.356
 28380,  8.309
 28440, 10.018
 28500, 12.057
 28560, 13.006
 28620,  9.508
 28680, 11.026
 28740,  9.660
 28800,  6.589
 28860,  5.252
 28920,  5.832
 28980,  7.007
 29040,  6.165
 29100,  7.399
 29160,  7.145
 29220,  4.617
 29280,  3.875
 29340,  2.566
 29400,  1.931
 29460,  2.490
 29520,  3.039
 29580,  3.206
 29640,  3.419
 29700, -9999.000
 29760,  5.389
 29820,  6.242
 29880,  5.326
 29940,  3.547
 30000,  3.499
 30060,  3.418
 30120,  2.694
 30180,  2.137
 30240,  2.224
 30300,  2.309
 30360,  2.194
 30420,  3.082
 30480,  3.829
 30540,  2.906
 30600,  8.798
 30660,  7.384
 30720,  3.207
 30780,  2.444
 30840,  2.969
 30900,  3.004
 30960,  2.879
 31020,  2.985
 31080,  3.979
 31140,  3.034
 31200,  3.534
 31260,  5.584
 31320,  4.826
 31380,  3.609
 31440,  3.766
 31500,  4.622
 31560, -9999.000
 31620,  6.294
 31680,  5.562
 31740,  6.072
 31800,  5.556
 31860,  6.428
 31920,  6.800
 31980,  7.204
 32040,  7.638
 32100,  6.915
 32160,  7.032
 32220,  6.901
 32280,  7.588
 32340,  7.115
 32400,  7.407
 32460,  6.418
 32520,  6.145
 32580,  7.363
 32640,  6.765
 32700,  5.951
 32760,  6.838
 32820,  6.539
 32880,  7.589
 32940,  7.171
 33000,  5.984
 33060,  6.085
 33120,  6.043
 33180,  7.112
 33240,  7.734
 33300,  7.603
 33360,  6.629
 33420,  5.636
 33480,  6.127
 33540,  6.333
 33600,  5.857
 33660,  6.522
 33720,  5.850
 33780,  5.242
 33840,  5.410
 33900,  5.324
 33960,  5.629
 34020,  5.648
 34080,  4.922
 34140,  4.388
 34200,  5.002
 34260,  6.490
 34320,  7.127
 34380,  6.559
 34440,  5.397
 34500,  5.430
 34560,  4.538
 34620,  4.781
 34680,  5.366
 34740,  5.523
 34800,  5.363
 34860,  5.617
 34920,  5.186
 34980,  4.798
 35040,  5.017
 35100,  4.128
 35160,  4.251
 35220, -9999.000
 35280,  4.941
 35340,  5.113
 35400,  5.633
 35460,  4.514
 35520,  5.233
 35580,  4.902
 35640,  4.864
 35700,  4.900
 35760,  5.194
 35820,  5.032
 35880,  5.393
 35940,  5.150
 36000,  5.340
 36060,  5.405
 36120,  5.647
 36180,  5.310
 36240,  4.374
 36300,  3.911
 36360,  5.584
 36420,  5.545
 36480,  5.556
 36540,  5.494
 36600,  4.762
 36660,  4.277
 36720,  4.218
 36780,  4.679
 36840,  4.397
 36900,  3.992
 36960,  5.335
 37020,  5.401
 37080,  8.263
 37140,  6.625
 37200,  7.168
 37260,  6.509
 37320,  7.361
 37380,  7.129
 37440,  6.988
 37500,  5.990
 37560,  5.952
 37620,  6.412
 37680,  4.999
 37740,  5.091
 37800,  5.440
 37860,  5.596
 37920,  5.308
 37980,  5.167
 38040,  4.082
 38100,  5.073
 38160,  4.774
 38220,  5.897
 38280,  6.177
 38340,  4.691
 38400,  5.034
 38460,  6.156
 38520,  4.733
 38580,  4.728
 38640,  4.164
 38700,  3.756
 38760,  3.959
 38820,  5.015
 38880,  5.301
 38940, -9999.000
 39000,  4.825
 39060,  5.089
 39120,  4.913
 39180,  4.210
 39240,  3.813
 39300,  4.137
 39360,  4.478
 39420,  4.268
 39480,  4.172
 39540,  4.212
 39600,  4.467
 39660,  3.967
 39720,  3.590
 39780,  4.027
 39840,  4.164
 39900,  3.797
 39960,  3.862
 40020,  3.326
 40080,  3.387
 40140,  3.917
 40200,  4.007
 40260,  4.476
 40320,  4.067
 40380,  3.492
 40440,  3.846
 40500,  4.217
 40560,  4.560
 40620,  4.742
 40680,  4.798
 40740,  4.386
 40800,  4.678
 40860,  4.754
 40920,  5.438
 40980,  5.171
 41040,  5.614
 41100,  4.240
 41160,  5.282
 41220,  5.509
 41280,  4.934
 41340,  5.771
 41400,  5.598
 41460,  4.829
 41520,  3.928
 41580,  4.807
 41640,  4.177
 41700,  3.484
 41760,  3.779
 41820,  3.912
 41880,  3.866
 41940,  4.166
 42000,  3.584
 42060,  3.844
 42120,  3.967
 42180,  3.161
 42240,  3.612
 42300,  3.511
 42360,  4.114
 42420,  3.731
 42480,  3.522
 42540,  3.084
 42600,  4.482
 42660,  3.136
 42720,  3.763
 42780,  2.670
 42840,  2.197
 42900,  3.099
 42960,  3.432
 43020,  4.165
 43080,  3.802
 43140,  3.467
 43200,  3.962
 43260,  4.288
 43320,  4.473
 43380,  3.871
 43440,  4.163
 43500,  4.135
 43560,  3.249
 43620,  3.618
 43680,  4.611
 43740,  5.757
 43800,  6.346
 43860,  5.343
 43920,  5.807
 43980,  5.581
 44040,  5.063
 44100,  6.168
 44160,  6.758
 44220,  7.428
 44280,  4.902
 44340,  5.237
 44400,  5.075
 44460,  3.635
 44520,  5.443
 44580,  4.352
 44640,  3.863
 44700,  4.621
 44760,  4.947
 44820,  5.147
 44880,  5.212
 44940,  5.537
 45000,  5.829
 45060,  4.643
 45120,  5.404
 45180,  4.639
 45240,  5.277
 45300,  5.441
 45360,  4.868
 45420,  4.943
 45480,  5.270
 45540,  5.522
 45600,  5.276
 45660,  5.199
 45720,  4.787
 45780,  4.820
 45840,  5.015
 45900,  4.628
 45960,  4.777
 46020,  4.648
 46080,  4.431
 46140,  5.031
 46200,  4.214
 46260,  5.073
 46320, -9999.000
 46380,  5.029
 46440,  4.905
 46500,  5.008
 46560,  5.012
 46620,  4.469
 46680,  5.445
 46740,  4.487
 46800,  4.139
 46860, -9999.000
 46920, -9999.000
 46980, -9999.000
 47040, -9999.000
 47100, -9999.000
 47160, -9999.000
 47220, -9999.000
 47280, -9999.000
 47340, -9999.000
 47400, -9999.000
 47460, -9999.000
 47520, -9999.000
 47580, -9999.000
 47640, -9999.000
 47700, -9999.000
 47760, -9999.000
 47820, -9999.000
 47880, -9999.000
 47940, -9999.000
 48000, -9999.000
 48060, -9999.000
 48120, -9999.000
 48180, -9999.000
 48240, -9999.000
 48300, -9999.000
 48360, -9999.000
 48420, -9999.000
 48480, -9999.000
 48540, -9999.000
 48600, -9999.000
 48660, -9999.000
 48720, -9999.000
 48780, -9999.000
 48840, -9999.000
 48900, -9999.000
 48960, -9999.000
 49020, -9999.000
 49080, -9999.000
 49140, -9999.000
 49200, -9999.000
 49260, -9999.000
 49320, -9999.000
 49380, -9999.000
 49440, -9999.000
 49500, -9999.000
 49560, -9999.000
 49620, -9999.000
 49680, -9999.000
 49740, -9999.000
 49800, -9999.000
 49860, -9999.000
 49920, -9999.000
 49980, -9999.000
 50040, -9999.000
 50100, -9999.000
 50160, -9999.000
 50220, -9999.000
 50280, -9999.000
 50340, -9999.000
 50400, -9999.000
 50460, -9999.000
 50520, -9999.000
 50580, -9999.000
 50640, -9999.000
 50700, -9999.000
 50760, -9999.000
 50820, -9999.000
 50880, -9999.000
 50940, -9999.000
 51000, -9999.000
 51060, -9999.000
 51120, -9999.000
 51180, -9999.000
 51240, -9999.000
 51300, -9999.000
 51360, -9999.000
 51420, -9999.000
 51480, -9999.000
 51540, -9999.000
 51600, -9999.000
 51660, -9999.000
 51720, -9999.000
 51780, -9999.000
 51840, -9999.000
 51900, -9999.000
 51960, -9999.000
 52020, -9999.000
 52080, -9999.000
 52140, -9999.000
 52200, -9999.000
 52260, -9999.000
 52320, -9999.000
 52380, -9999.000
 52440, -9999.000
 52500, -9999.000
 52560, -9999.000
 52620, -9999.000
 52680, -9999.000
 52740, -9999.000
 52800, -9999.000
 52860, -9999.000
 52920, -9999.000
 52980, -9999.000
 53040, -9999.000
 53100, -9999.000
 53160, -9999.000
 53220, -9999.000
 53280, -9999.000
 53340, -9999.000
 53400, -9999.000
 53460, -9999.000
 53520, -9999.000
 53580, -9999.000
 53640, -9999.000
 53700, -9999.000
 53760, -9999.000
 53820, -9999.000
 53880, -9999.000
 53940, -9999.000
 54000, -9999.000
 54060, -9999.000
 54120, -9999.000
 54180, -9999.000
 54240, -9999.000
 54300, -9999.000
 54360, -9999.000
 54420, -9999.000
 54480, -9999.000
 54540, -9999.000
 54600, -9999.000
 54660, -9999.000
 54720, -9999.000
 54780, -9999.000
 54840, -9999.000
 54900, -9999.000
 54960, -9999.000
 55020, -9999.000
 55080, -9999.000
 55140, -9999.000
 55200, -9999.000
 55260, -9999.000
 55320, -9999.000
 55380, -9999.000
 55440, -9999.000
 55500, -9999.000
 55560, -9999.000
 55620, -9999.000
 55680, -9999.000
 55740, -9999.000
 55800, -9999.000
 55860, -9999.000
 55920, -9999.000
 55980, -9999.000
 56040, -9999.000
 56100, -9999.000
 56160, -9999.000
 56220, -9999.000
 56280, -9999.000
 56340, -9999.000
 56400, -9999.000
 56460, -9999.000
 56520, -9999.000
 56580, -9999.000
 56640, -9999.000
 56700, -9999.000
 56760, -9999.000
 56820, -9999.000
 56880, -9999.000
 56940, -9999.000
 57000, -9999.000
 57060, -9999.000
 57120, -9999.000
 57180, -9999.000
 57240, -9999.000
 57300, -9999.000
 57360, -9999.000
 57420, -9999.000
 57480, -9999.000
 57540, -9999.000
 57600, -9999.000
 57660, -9999.000
 57720, -9999.000
 57780, -9999.000
 57840, -9999.000
 57900, -9999.000
 57960, -9999.000
 58020, -9999.000
 58080, -9999.000
 58140, -9999.000
 58200, -9999.000
 58260, -9999.000
 58320, -9999.000
 58380, -9999.000
 58440, -9999.000
 58500, -9999.000
 58560, -9999.000
 58620, -9999.000
 58680, -9999.000
 58740, -9999.000
 58800, -9999.000
 58860, -9999.000
 58920, -9999.000
 58980, -9999.000
 59040, -9999.000
 59100, -9999.000
 59160, -9999.000
 59220, -9999.000
 59280, -9999.000
 59340, -9999.000
 59400, -9999.000
 59460, -9999.000
 59520, -9999.000
 59580, -9999.000
 59640, -9999.000
 59700, -9999.000
 59760, -9999.000
 59820, -9999.000
 59880, -9999.000
 59940, -9999.000
 60000, -9999.000
 60060, -9999.000
