CampaignData_and_Merges/R0/CSL_MobileLab_Parked/raw/20240811/USOS-O3_MobileLabGround_20240811_R0.ict
34, 1001
Carrie Womack
NOAA Chemical Sciences Laboratory
2B Tech O3 UV Analyzer
USOS
1, 1
2024, 08, 11, 2024, 12, 21
60
Time_Start, seconds_past_midnight, Seconds from midnight UTC
1
1
-9999
O3_ppb, ppb, Ozone from 2B Tech UV Analyzer
1
SPECIAL COMMENTS:
18
PI_CONTACT_INFO: Address: 325 Broadway R/CSL7, Boulder, CO, 80305
PLATFORM: CSL Mobile Lab
LOCATION: Salt Lake City, UT
ASSOCIATED_DATA: N/A
INSTRUMENT_INFO: N/A
DATA_INFO: Units:
UNCERTAINTY: N/A
ULOD_FLAG: -7777
ULOD_VALUE: N/A
LLOD_FLAG: -8888
LLOD_VALUE: N/A
DM_CONTACT_INFO: Data Manager: Nate Howard
PROJECT_INFO: 
STIPULATIONS_ON_USE: Use of these data require prior ok from PI.
OTHER_COMMENTS: N/A
REVISION: R0
R0: Final data. RA: Preliminary Data.  For in-field use only.
Time_Start, O3_ppb
0.0,49.2
60.0,49.8
120.0,49.6
180.0,49.0
240.0,49.3
300.0,48.5
360.0,49.6
420.0,49.0
480.0,49.7
540.0,50.4
600.0,50.8
660.0,49.6
720.0,50.1
780.0,48.2
840.0,50.9
900.0,50.4
960.0,50.6
1020.0,50.5
1080.0,50.0
1140.0,48.9
1200.0,49.8
1260.0,49.3
1320.0,50.0
1380.0,50.2
1440.0,51.4
1500.0,50.7
1560.0,49.9
1620.0,49.8
1680.0,48.2
1740.0,48.8
1800.0,48.9
1860.0,47.0
1920.0,50.6
1980.0,51.2
2040.0,51.0
2100.0,50.9
2160.0,50.7
2220.0,51.2
2280.0,49.2
2340.0,50.9
2400.0,51.5
2460.0,50.6
2520.0,50.5
2580.0,48.5
2640.0,50.9
2700.0,48.1
2760.0,50.4
2820.0,51.1
2880.0,49.3
2940.0,49.8
3000.0,49.0
3060.0,49.2
3120.0,50.1
3180.0,48.9
3240.0,50.0
3300.0,49.6
3360.0,50.2
3420.0,48.9
3480.0,49.2
3540.0,48.9
3600.0,48.9
3660.0,48.5
3720.0,49.4
3780.0,49.0
3840.0,48.8
3900.0,49.8
3960.0,49.6
4020.0,48.6
4080.0,48.8
4140.0,49.4
4200.0,49.1
4260.0,49.6
4320.0,48.7
4380.0,47.9
4440.0,47.7
4500.0,48.4
4560.0,49.3
4620.0,48.6
4680.0,49.7
4740.0,49.4
4800.0,48.8
4860.0,48.1
4920.0,49.4
4980.0,49.9
5040.0,48.9
5100.0,49.4
5160.0,49.3
5220.0,48.6
5280.0,47.4
5340.0,49.4
5400.0,49.3
5460.0,48.8
5520.0,49.0
5580.0,48.1
5640.0,47.8
5700.0,49.4
5760.0,48.4
5820.0,48.1
5880.0,47.0
5940.0,47.6
6000.0,44.9
6060.0,46.2
6120.0,47.5
6180.0,46.2
6240.0,45.8
6300.0,45.8
6360.0,46.2
6420.0,46.2
6480.0,47.2
6540.0,45.8
6600.0,45.5
6660.0,45.2
6720.0,45.0
6780.0,45.8
6840.0,44.9
6900.0,45.1
6960.0,44.4
7020.0,45.2
7080.0,45.6
7140.0,45.1
7200.0,45.0
7260.0,45.7
7320.0,44.8
7380.0,45.4
7440.0,45.7
7500.0,45.3
7560.0,44.1
7620.0,44.6
7680.0,43.7
7740.0,43.4
7800.0,44.8
7860.0,43.8
7920.0,42.5
7980.0,42.6
8040.0,42.6
8100.0,42.1
8160.0,42.5
8220.0,41.3
8280.0,41.6
8340.0,41.7
8400.0,40.1
8460.0,40.9
8520.0,41.3
8580.0,41.5
8640.0,41.7
8700.0,41.3
8760.0,42.2
8820.0,41.8
8880.0,41.2
8940.0,41.3
9000.0,41.4
9060.0,40.9
9120.0,41.9
9180.0,41.0
9240.0,42.1
9300.0,39.7
9360.0,38.1
9420.0,39.8
9480.0,40.9
9540.0,40.0
9600.0,39.1
9660.0,36.8
9720.0,36.7
9780.0,37.0
9840.0,37.7
9900.0,35.5
9960.0,37.3
10020.0,36.5
10080.0,36.9
10140.0,38.1
10200.0,38.8
10260.0,36.4
10320.0,35.4
10380.0,39.4
10440.0,37.5
10500.0,37.0
10560.0,38.7
10620.0,41.0
10680.0,39.4
10740.0,40.7
10800.0,41.4
10860.0,41.0
10920.0,41.1
10980.0,40.0
11040.0,37.8
11100.0,38.5
11160.0,39.7
11220.0,36.6
11280.0,34.5
11340.0,38.5
11400.0,39.7
11460.0,37.3
11520.0,37.2
11580.0,36.6
11640.0,37.4
11700.0,37.7
11760.0,36.8
11820.0,38.1
11880.0,38.2
11940.0,38.5
12000.0,38.1
12060.0,39.1
12120.0,37.9
12180.0,39.5
12240.0,37.2
12300.0,37.9
12360.0,37.2
12420.0,38.2
12480.0,38.2
12540.0,38.2
12600.0,38.4
12660.0,38.1
12720.0,38.0
12780.0,37.2
12840.0,36.9
12900.0,37.3
12960.0,37.3
13020.0,37.7
13080.0,37.1
13140.0,37.4
13200.0,36.7
13260.0,37.5
13320.0,37.3
13380.0,36.8
13440.0,35.6
13500.0,38.3
13560.0,36.4
13620.0,35.4
13680.0,36.1
13740.0,36.6
13800.0,33.9
13860.0,32.0
13920.0,38.2
13980.0,37.5
14040.0,35.1
14100.0,36.4
14160.0,33.6
14220.0,36.7
14280.0,39.3
14340.0,39.3
14400.0,39.5
14460.0,36.4
14520.0,39.3
14580.0,39.5
14640.0,41.4
14700.0,40.0
14760.0,40.0
14820.0,39.5
14880.0,37.2
14940.0,39.8
15000.0,39.9
15060.0,40.4
15120.0,38.4
15180.0,40.0
15240.0,39.3
15300.0,39.9
15360.0,39.9
15420.0,38.6
15480.0,40.4
15540.0,40.3
15600.0,39.5
15660.0,39.9
15720.0,40.0
15780.0,37.7
15840.0,40.2
15900.0,35.2
15960.0,33.8
16020.0,38.7
16080.0,39.1
16140.0,38.0
16200.0,39.0
16260.0,40.5
16320.0,40.0
16380.0,40.9
16440.0,40.7
16500.0,40.7
16560.0,40.1
16620.0,40.4
16680.0,40.8
16740.0,41.8
16800.0,40.9
16860.0,40.0
16920.0,40.8
16980.0,41.5
17040.0,39.4
17100.0,38.6
17160.0,40.1
17220.0,40.3
17280.0,41.2
17340.0,42.2
17400.0,42.0
17460.0,41.8
17520.0,41.7
17580.0,41.0
17640.0,41.0
17700.0,41.3
17760.0,41.0
17820.0,40.8
17880.0,40.4
17940.0,40.4
18000.0,41.5
18060.0,41.3
18120.0,40.5
18180.0,40.0
18240.0,39.4
18300.0,41.0
18360.0,39.8
18420.0,39.0
18480.0,40.9
18540.0,40.4
18600.0,41.0
18660.0,40.7
18720.0,41.1
18780.0,41.1
18840.0,40.7
18900.0,40.9
18960.0,39.3
19020.0,41.1
19080.0,40.8
19140.0,39.5
19200.0,39.5
19260.0,41.0
19320.0,39.6
19380.0,39.8
19440.0,41.0
19500.0,41.9
19560.0,38.9
19620.0,38.2
19680.0,37.9
19740.0,26.9
19800.0,32.0
19860.0,35.8
19920.0,34.6
19980.0,39.5
20040.0,37.2
20100.0,37.9
20160.0,38.2
20220.0,37.8
20280.0,37.2
20340.0,38.2
20400.0,38.0
20460.0,38.3
20520.0,37.9
20580.0,38.1
20640.0,38.8
20700.0,40.5
20760.0,38.8
20820.0,35.3
20880.0,38.6
20940.0,37.6
21000.0,40.3
21060.0,38.7
21120.0,38.5
21180.0,39.2
21240.0,38.0
21300.0,39.6
21360.0,38.1
21420.0,38.8
21480.0,39.3
21540.0,39.7
21600.0,39.0
21660.0,39.8
21720.0,39.1
21780.0,39.4
21840.0,39.8
21900.0,40.6
21960.0,39.6
22020.0,40.3
22080.0,39.7
22140.0,39.8
22200.0,38.9
22260.0,36.9
22320.0,33.8
22380.0,30.2
22440.0,33.4
22500.0,36.9
22560.0,38.4
22620.0,38.5
22680.0,37.1
22740.0,38.0
22800.0,35.8
22860.0,30.0
22920.0,36.8
22980.0,37.4
23040.0,38.7
23100.0,38.8
23160.0,39.2
23220.0,38.9
23280.0,33.2
23340.0,32.4
23400.0,29.8
23460.0,35.4
23520.0,38.8
23580.0,39.0
23640.0,38.1
23700.0,39.1
23760.0,39.1
23820.0,39.1
23880.0,38.9
23940.0,38.5
24000.0,38.4
24060.0,40.6
24120.0,39.7
24180.0,39.0
24240.0,35.8
24300.0,37.4
24360.0,38.6
24420.0,38.9
24480.0,39.9
24540.0,37.9
24600.0,39.9
24660.0,38.8
24720.0,36.2
24780.0,36.9
24840.0,35.7
24900.0,33.4
24960.0,33.5
25020.0,34.5
25080.0,32.5
25140.0,32.3
25200.0,30.4
25260.0,28.9
25320.0,27.9
25380.0,26.1
25440.0,22.6
25500.0,20.1
25560.0,18.7
25620.0,18.6
25680.0,17.6
25740.0,18.5
25800.0,17.6
25860.0,17.8
25920.0,17.5
25980.0,17.9
26040.0,20.4
26100.0,20.7
26160.0,19.9
26220.0,21.2
26280.0,20.3
26340.0,20.7
26400.0,21.5
26460.0,23.0
26520.0,24.2
26580.0,25.1
26640.0,26.1
26700.0,24.4
26760.0,22.7
26820.0,23.9
26880.0,23.4
26940.0,23.0
27000.0,24.5
27060.0,23.8
27120.0,23.3
27180.0,23.7
27240.0,24.0
27300.0,23.4
27360.0,21.5
27420.0,22.2
27480.0,22.7
27540.0,23.4
27600.0,23.4
27660.0,20.8
27720.0,20.9
27780.0,24.8
27840.0,23.3
27900.0,22.9
27960.0,21.2
28020.0,21.0
28080.0,18.7
28140.0,19.5
28200.0,19.3
28260.0,19.7
28320.0,18.9
28380.0,18.5
28440.0,19.2
28500.0,21.5
28560.0,27.3
28620.0,27.2
28680.0,25.5
28740.0,25.9
28800.0,25.2
28860.0,22.6
28920.0,23.2
28980.0,22.3
29040.0,25.9
29100.0,28.0
29160.0,28.9
29220.0,27.9
29280.0,30.1
29340.0,31.2
29400.0,22.0
29460.0,29.3
29520.0,27.6
29580.0,28.3
29640.0,29.0
29700.0,28.7
29760.0,26.5
29820.0,28.3
29880.0,29.4
29940.0,29.2
30000.0,31.5
30060.0,33.3
30120.0,33.2
30180.0,31.3
30240.0,30.9
30300.0,28.1
30360.0,32.1
30420.0,32.4
30480.0,34.2
30540.0,33.0
30600.0,33.0
30660.0,33.4
30720.0,32.4
30780.0,32.0
30840.0,33.8
30900.0,32.8
30960.0,32.8
31020.0,32.3
31080.0,32.2
31140.0,32.8
31200.0,32.8
31260.0,32.9
31320.0,34.7
31380.0,33.8
31440.0,31.6
31500.0,33.0
31560.0,32.2
31620.0,32.4
31680.0,33.0
31740.0,32.7
31800.0,33.1
31860.0,31.3
31920.0,31.3
31980.0,32.6
32040.0,33.1
32100.0,33.0
32160.0,33.6
32220.0,34.6
32280.0,33.7
32340.0,33.5
32400.0,32.7
32460.0,32.2
32520.0,31.9
32580.0,32.3
32640.0,33.7
32700.0,32.6
32760.0,31.5
32820.0,31.5
32880.0,32.3
32940.0,32.1
33000.0,32.0
33060.0,31.8
33120.0,32.0
33180.0,33.1
33240.0,33.5
33300.0,33.0
33360.0,33.6
33420.0,32.9
33480.0,33.3
33540.0,32.6
33600.0,32.1
33660.0,33.4
33720.0,32.6
33780.0,32.6
33840.0,31.0
33900.0,32.7
33960.0,32.5
34020.0,33.3
34080.0,32.8
34140.0,30.3
34200.0,27.9
34260.0,30.3
34320.0,31.1
34380.0,31.5
34440.0,32.1
34500.0,31.9
34560.0,31.4
34620.0,31.9
34680.0,31.4
34740.0,31.7
34800.0,31.5
34860.0,32.0
34920.0,32.3
34980.0,32.9
35040.0,32.2
35100.0,31.2
35160.0,31.6
35220.0,31.9
35280.0,32.1
35340.0,31.9
35400.0,31.2
35460.0,30.4
35520.0,30.3
35580.0,30.8
35640.0,30.2
35700.0,31.3
35760.0,31.7
35820.0,31.2
35880.0,31.8
35940.0,32.0
36000.0,32.9
36060.0,32.6
36120.0,32.9
36180.0,32.3
36240.0,32.1
36300.0,30.7
36360.0,31.0
36420.0,31.5
36480.0,31.9
36540.0,31.6
36600.0,31.4
36660.0,31.5
36720.0,31.8
36780.0,29.8
36840.0,31.2
36900.0,31.2
36960.0,30.8
37020.0,28.9
37080.0,30.2
37140.0,29.4
37200.0,30.6
37260.0,31.3
37320.0,30.0
37380.0,31.1
37440.0,31.6
37500.0,32.2
37560.0,30.0
37620.0,31.8
37680.0,31.7
37740.0,30.8
37800.0,31.5
37860.0,30.8
37920.0,32.6
37980.0,31.3
38040.0,30.5
38100.0,29.3
38160.0,30.1
38220.0,30.6
38280.0,31.5
38340.0,32.6
38400.0,31.3
38460.0,33.4
38520.0,31.8
38580.0,31.8
38640.0,32.4
38700.0,29.9
38760.0,30.3
38820.0,30.3
38880.0,31.7
38940.0,30.6
39000.0,29.9
39060.0,32.4
39120.0,32.6
39180.0,31.3
39240.0,32.1
39300.0,30.6
39360.0,33.2
39420.0,31.3
39480.0,30.7
39540.0,30.3
39600.0,30.1
39660.0,28.5
39720.0,29.9
39780.0,30.5
39840.0,30.4
39900.0,32.5
39960.0,31.0
40020.0,31.4
40080.0,30.7
40140.0,31.3
40200.0,31.5
40260.0,32.3
40320.0,31.6
40380.0,30.1
40440.0,30.1
40500.0,31.5
40560.0,32.3
40620.0,31.6
40680.0,31.3
40740.0,32.1
40800.0,32.4
40860.0,31.4
40920.0,31.8
40980.0,31.3
41040.0,31.2
41100.0,30.2
41160.0,31.9
41220.0,32.0
41280.0,30.6
41340.0,31.3
41400.0,31.4
41460.0,31.6
41520.0,32.3
41580.0,31.7
41640.0,30.9
41700.0,30.7
41760.0,31.9
41820.0,31.0
41880.0,31.6
41940.0,33.3
42000.0,31.8
42060.0,32.5
42120.0,33.0
42180.0,32.6
42240.0,32.6
42300.0,31.6
42360.0,32.2
42420.0,33.5
42480.0,32.7
42540.0,31.9
42600.0,32.1
42660.0,31.8
42720.0,31.5
42780.0,32.0
42840.0,28.0
42900.0,26.8
42960.0,30.9
43020.0,31.4
43080.0,32.9
43140.0,32.8
43200.0,32.4
43260.0,32.5
43320.0,33.0
43380.0,31.9
43440.0,31.8
43500.0,32.9
43560.0,31.3
43620.0,32.0
43680.0,30.4
43740.0,32.5
43800.0,34.2
43860.0,33.3
43920.0,32.2
43980.0,32.4
44040.0,32.7
44100.0,33.0
44160.0,33.5
44220.0,33.5
44280.0,32.3
44340.0,32.1
44400.0,31.1
44460.0,29.6
44520.0,31.4
44580.0,31.1
44640.0,26.9
44700.0,27.6
44760.0,29.9
44820.0,31.6
44880.0,32.7
44940.0,32.8
45000.0,32.9
45060.0,31.2
45120.0,32.1
45180.0,32.2
45240.0,30.4
45300.0,31.5
45360.0,31.5
45420.0,31.4
45480.0,32.4
45540.0,31.2
45600.0,31.4
45660.0,31.5
45720.0,31.2
45780.0,30.8
45840.0,31.7
45900.0,30.9
45960.0,29.8
46020.0,30.8
46080.0,29.7
46140.0,29.1
46200.0,30.8
46260.0,30.4
46320.0,30.0
46380.0,29.8
46440.0,30.6
46500.0,30.3
46560.0,31.1
46620.0,28.8
46680.0,29.3
46740.0,30.4
46800.0,28.7
46860.0,28.6
46920.0,28.0
46980.0,29.8
47040.0,29.2
47100.0,31.1
47160.0,29.4
47220.0,28.9
47280.0,26.8
47340.0,27.9
47400.0,28.3
47460.0,26.6
47520.0,26.8
47580.0,26.6
47640.0,25.3
47700.0,24.8
47760.0,26.4
47820.0,26.8
47880.0,26.9
47940.0,25.2
48000.0,26.0
48060.0,25.8
48120.0,24.9
48180.0,25.7
48240.0,27.5
48300.0,27.8
48360.0,26.8
48420.0,25.9
48480.0,25.8
48540.0,24.9
48600.0,27.2
48660.0,25.5
48720.0,24.4
48780.0,23.4
48840.0,22.7
48900.0,24.1
48960.0,23.6
49020.0,24.1
49080.0,25.5
49140.0,24.9
49200.0,25.5
49260.0,25.1
49320.0,25.0
49380.0,25.4
49440.0,24.8
49500.0,23.9
49560.0,24.4
49620.0,24.4
49680.0,24.0
49740.0,24.0
49800.0,23.3
49860.0,23.0
49920.0,24.2
49980.0,24.1
50040.0,23.9
50100.0,22.6
50160.0,21.8
50220.0,22.5
50280.0,23.5
50340.0,23.6
50400.0,22.7
50460.0,23.6
50520.0,23.0
50580.0,22.1
50640.0,23.1
50700.0,24.1
50760.0,23.8
50820.0,25.0
50880.0,22.0
50940.0,22.5
51000.0,22.1
51060.0,22.3
51120.0,21.4
51180.0,19.9
51240.0,21.3
51300.0,21.5
51360.0,21.1
51420.0,22.2
51480.0,21.3
51540.0,20.4
51600.0,21.1
51660.0,21.6
51720.0,21.9
51780.0,22.7
51840.0,22.4
51900.0,22.6
51960.0,23.3
52020.0,23.7
52080.0,22.9
52140.0,24.2
52200.0,25.0
52260.0,23.6
52320.0,25.3
52380.0,26.1
52440.0,25.8
52500.0,23.7
52560.0,24.4
52620.0,25.7
52680.0,27.0
52740.0,26.8
52800.0,26.7
52860.0,26.4
52920.0,26.4
52980.0,26.0
53040.0,26.6
53100.0,26.8
53160.0,25.6
53220.0,29.1
53280.0,30.5
53340.0,30.6
53400.0,30.3
53460.0,27.8
53520.0,30.0
53580.0,30.7
53640.0,32.5
53700.0,32.4
53760.0,30.9
53820.0,31.8
53880.0,32.1
53940.0,31.9
54000.0,32.4
54060.0,30.5
54120.0,30.6
54180.0,32.4
54240.0,34.1
54300.0,33.2
54360.0,31.6
54420.0,31.7
54480.0,33.0
54540.0,34.5
54600.0,33.1
54660.0,32.6
54720.0,33.9
54780.0,32.9
54840.0,34.1
54900.0,33.5
54960.0,33.0
55020.0,32.7
55080.0,33.7
55140.0,32.4
55200.0,32.8
55260.0,32.1
55320.0,33.3
55380.0,36.0
55440.0,34.7
55500.0,35.1
55560.0,34.1
55620.0,36.3
55680.0,35.3
55740.0,35.0
55800.0,36.5
55860.0,36.9
55920.0,35.8
55980.0,35.9
56040.0,-9999.0
56100.0,-9999.0
56160.0,-9999.0
56220.0,-9999.0
56280.0,-9999.0
56340.0,-9999.0
56400.0,-9999.0
56460.0,-9999.0
56520.0,-9999.0
56580.0,-9999.0
56640.0,-9999.0
56700.0,39.1
56760.0,39.3
56820.0,39.4
56880.0,40.2
56940.0,39.6
57000.0,40.0
57060.0,39.6
57120.0,39.3
57180.0,41.0
57240.0,40.8
57300.0,40.6
57360.0,40.3
57420.0,39.4
57480.0,41.2
57540.0,41.5
57600.0,41.4
57660.0,40.8
57720.0,39.4
57780.0,40.0
57840.0,40.3
57900.0,41.0
57960.0,39.9
58020.0,41.5
58080.0,40.2
58140.0,40.5
58200.0,39.7
58260.0,41.5
58320.0,42.3
58380.0,41.6
58440.0,42.0
58500.0,41.2
58560.0,41.1
58620.0,41.2
58680.0,43.1
58740.0,41.8
58800.0,42.8
58860.0,43.7
58920.0,43.0
58980.0,43.4
59040.0,44.0
59100.0,43.7
59160.0,43.5
59220.0,43.3
59280.0,44.5
59340.0,43.2
59400.0,45.1
59460.0,45.7
59520.0,44.7
59580.0,43.6
59640.0,45.2
59700.0,45.6
59760.0,45.5
59820.0,46.1
59880.0,45.8
59940.0,46.3
60000.0,46.8
60060.0,46.2
60120.0,45.4
60180.0,46.8
60240.0,46.4
60300.0,47.9
60360.0,47.4
60420.0,47.7
60480.0,47.5
60540.0,46.9
60600.0,47.9
60660.0,46.7
60720.0,46.2
60780.0,46.8
60840.0,48.5
60900.0,48.1
60960.0,47.2
61020.0,47.6
61080.0,49.1
61140.0,48.2
61200.0,49.0
61260.0,48.6
61320.0,47.4
61380.0,47.4
61440.0,47.5
61500.0,45.0
61560.0,46.4
61620.0,46.5
61680.0,48.2
61740.0,47.6
61800.0,48.8
61860.0,47.8
61920.0,48.9
61980.0,47.8
62040.0,47.7
62100.0,46.8
62160.0,47.2
62220.0,47.1
62280.0,46.1
62340.0,47.7
62400.0,47.6
62460.0,48.5
62520.0,49.8
62580.0,48.2
62640.0,50.3
62700.0,49.2
62760.0,48.7
62820.0,48.3
62880.0,48.6
62940.0,50.0
63000.0,48.9
63060.0,50.0
63120.0,50.1
63180.0,50.5
63240.0,50.6
63300.0,50.5
63360.0,50.2
63420.0,50.6
63480.0,49.8
63540.0,50.5
63600.0,50.5
63660.0,49.0
63720.0,48.8
63780.0,50.1
63840.0,49.2
63900.0,50.4
63960.0,49.5
64020.0,49.6
64080.0,49.5
64140.0,49.4
64200.0,49.8
64260.0,49.9
64320.0,50.8
64380.0,51.7
64440.0,50.7
64500.0,50.4
64560.0,51.5
64620.0,51.3
64680.0,51.9
64740.0,51.2
64800.0,50.8
64860.0,51.7
64920.0,51.7
64980.0,50.8
65040.0,50.5
65100.0,50.0
65160.0,52.3
65220.0,51.8
65280.0,52.5
65340.0,52.5
65400.0,52.2
65460.0,52.5
65520.0,52.4
65580.0,51.5
65640.0,52.7
65700.0,51.5
65760.0,51.1
65820.0,52.4
65880.0,51.9
65940.0,51.8
66000.0,51.8
66060.0,51.4
66120.0,52.0
66180.0,53.0
66240.0,53.6
66300.0,53.1
66360.0,52.7
66420.0,52.8
66480.0,53.3
66540.0,53.3
66600.0,53.2
66660.0,53.1
66720.0,53.7
66780.0,53.1
66840.0,53.5
66900.0,53.2
66960.0,53.0
67020.0,52.1
67080.0,53.1
67140.0,52.0
67200.0,52.6
67260.0,54.2
67320.0,53.0
67380.0,53.7
67440.0,53.2
67500.0,52.8
67560.0,53.8
67620.0,53.6
67680.0,54.4
67740.0,55.6
67800.0,54.7
67860.0,53.9
67920.0,53.7
67980.0,53.8
68040.0,53.8
68100.0,53.8
68160.0,54.7
68220.0,55.7
68280.0,53.8
68340.0,56.4
68400.0,56.1
68460.0,55.4
68520.0,54.2
68580.0,54.1
68640.0,54.8
68700.0,55.0
68760.0,54.9
68820.0,54.1
68880.0,53.2
68940.0,53.8
69000.0,53.2
69060.0,53.2
69120.0,54.9
69180.0,55.0
69240.0,54.8
69300.0,56.6
69360.0,56.6
69420.0,55.2
69480.0,55.7
69540.0,54.2
69600.0,54.7
69660.0,54.2
69720.0,53.5
69780.0,54.1
69840.0,52.9
69900.0,55.1
69960.0,56.1
70020.0,55.2
70080.0,54.3
70140.0,54.4
70200.0,54.0
70260.0,53.7
70320.0,52.7
70380.0,54.2
70440.0,54.5
70500.0,53.6
70560.0,55.8
70620.0,56.4
70680.0,56.6
70740.0,55.0
70800.0,57.6
70860.0,57.5
70920.0,57.7
70980.0,57.2
71040.0,57.8
71100.0,57.1
71160.0,58.1
71220.0,60.1
71280.0,60.9
71340.0,61.8
71400.0,61.5
71460.0,64.7
71520.0,64.9
71580.0,64.8
71640.0,62.3
71700.0,62.0
71760.0,59.2
71820.0,60.1
71880.0,60.5
71940.0,62.1
72000.0,61.5
72060.0,61.2
72120.0,62.5
72180.0,63.7
72240.0,62.0
72300.0,61.5
72360.0,60.8
72420.0,59.2
72480.0,57.5
72540.0,57.1
72600.0,56.7
72660.0,55.5
72720.0,57.3
72780.0,59.1
72840.0,58.7
72900.0,57.8
72960.0,59.1
73020.0,59.1
73080.0,58.2
73140.0,58.7
73200.0,57.9
73260.0,57.5
73320.0,57.8
73380.0,57.9
73440.0,57.0
73500.0,57.6
73560.0,57.6
73620.0,57.2
73680.0,56.0
73740.0,56.6
73800.0,57.5
73860.0,57.3
73920.0,56.4
73980.0,56.8
74040.0,56.0
74100.0,55.7
74160.0,57.9
74220.0,53.4
74280.0,56.1
74340.0,55.7
74400.0,55.5
74460.0,54.3
74520.0,54.8
74580.0,55.8
74640.0,55.9
74700.0,56.3
74760.0,55.1
74820.0,55.4
74880.0,55.1
74940.0,56.3
75000.0,55.2
75060.0,55.6
75120.0,56.3
75180.0,54.7
75240.0,53.8
75300.0,53.6
75360.0,54.3
75420.0,53.5
75480.0,52.9
75540.0,53.7
75600.0,54.1
75660.0,53.0
75720.0,55.3
75780.0,54.2
75840.0,54.3
75900.0,54.3
75960.0,55.1
76020.0,55.9
76080.0,55.2
76140.0,54.3
76200.0,53.1
76260.0,52.8
76320.0,53.3
76380.0,54.2
76440.0,55.5
76500.0,55.8
76560.0,55.6
76620.0,55.0
76680.0,54.4
76740.0,55.5
76800.0,52.8
76860.0,53.5
76920.0,53.0
76980.0,54.1
77040.0,53.8
77100.0,53.0
77160.0,53.3
77220.0,52.3
77280.0,51.4
77340.0,51.7
77400.0,52.7
77460.0,54.3
77520.0,52.1
77580.0,51.7
77640.0,52.2
77700.0,53.4
77760.0,53.1
77820.0,53.8
77880.0,55.5
77940.0,54.6
78000.0,53.5
78060.0,53.2
78120.0,53.9
78180.0,54.6
78240.0,54.1
78300.0,54.2
78360.0,54.3
78420.0,54.7
78480.0,55.0
78540.0,55.0
78600.0,55.2
78660.0,53.9
78720.0,55.2
78780.0,55.3
78840.0,54.3
78900.0,54.9
78960.0,55.1
79020.0,55.1
79080.0,54.7
79140.0,54.7
79200.0,54.1
79260.0,55.2
79320.0,54.8
79380.0,55.2
79440.0,55.0
79500.0,54.6
79560.0,54.6
79620.0,55.5
79680.0,56.3
79740.0,55.2
79800.0,54.5
79860.0,54.3
79920.0,53.5
79980.0,53.7
80040.0,53.5
80100.0,52.5
80160.0,52.9
80220.0,52.1
80280.0,52.7
80340.0,52.3
80400.0,53.9
80460.0,52.8
80520.0,52.4
80580.0,52.0
80640.0,52.4
80700.0,53.5
80760.0,53.1
80820.0,51.7
80880.0,52.6
80940.0,52.8
81000.0,52.4
81060.0,51.9
81120.0,52.7
81180.0,53.2
81240.0,53.8
81300.0,54.2
81360.0,53.5
81420.0,54.4
81480.0,53.8
81540.0,52.8
81600.0,53.0
81660.0,53.8
81720.0,52.7
81780.0,52.6
81840.0,53.3
81900.0,53.4
81960.0,53.9
82020.0,54.7
82080.0,53.8
82140.0,52.8
82200.0,55.6
82260.0,55.0
82320.0,54.6
82380.0,55.8
82440.0,54.1
82500.0,54.4
82560.0,55.5
82620.0,56.1
82680.0,55.2
82740.0,55.6
82800.0,53.7
82860.0,55.6
82920.0,55.2
82980.0,53.2
83040.0,53.8
83100.0,54.9
83160.0,55.5
83220.0,54.0
83280.0,54.0
83340.0,53.5
83400.0,54.1
83460.0,54.0
83520.0,56.6
83580.0,56.3
83640.0,55.8
83700.0,56.8
83760.0,56.5
83820.0,56.1
83880.0,55.2
83940.0,54.8
84000.0,55.4
84060.0,56.0
84120.0,56.6
84180.0,56.6
84240.0,58.1
84300.0,57.7
84360.0,59.0
84420.0,58.3
84480.0,58.1
84540.0,58.2
84600.0,58.7
84660.0,57.8
84720.0,57.5
84780.0,58.2
84840.0,60.1
84900.0,60.3
84960.0,59.5
85020.0,58.4
85080.0,57.8
85140.0,59.2
85200.0,57.0
85260.0,56.9
85320.0,58.2
85380.0,57.7
85440.0,57.4
85500.0,58.6
85560.0,57.9
85620.0,57.1
85680.0,58.1
85740.0,59.5
85800.0,58.8
85860.0,58.5
85920.0,58.8
85980.0,59.6
86040.0,59.3
86100.0,58.1
86160.0,59.4
86220.0,58.9
86280.0,58.4
86340.0,59.1
