CampaignData_and_Merges/R0/CSL_MobileLab_Parked/raw/20240811/USOS-NOAAIodideCIMS-HNO2_MobileLabGround_20240811_RA.ict
33, 1001
Michael A Robinson, Chris Jernigan, Subi Thakali
NOAA ESRL Chemical Sciences Laboratory and CIRES, U. of Colorado
NOAA Iodide CIMS Instrument
USOS
1, 1
2024, 08, 11, 2024, 08, 13
1
starttime_UTC, seconds_past_midnight, seconds_of_day_since_00:00:00_UTC
1
1
-9999
HNO2_NOAACIMS, pptv, Gas_HNO2_InSitu_S_AVMR, 
0
18
PI_CONTACT_INFO: 325 Broadway, R/CSD 7, Boulder, Colorado 80305; michael.a.robinson@noaa.gov; chris.jernigan@noaa.gov;
PLATFORM: NOAA CSL Mobile Lab
LOCATION: SLC, Utah
ASSOCIATED_DATA: 1Hz data also available on request.
INSTRUMENT_INFO: NOAA I- ToF CIMS
DATA_INFO: All data in parts per trillion by volume (pptv). 1 Hz data is available upon request.
UNCERTAINTY: TBD
ULOD_FLAG: -7777
ULOD_VALUE: N/A
LLOD_FLAG: -8888
LLOD_VALUE: N/A
DM_CONTACT_INFO: Nathan Howard; nathan.h.howard@noaa.gov
PROJECT_INFO: USOS, summer 2024. https://csl.noaa.gov/groups/csl7/measurements/2024usos/
STIPULATIONS_ON_USE: Users are strongly encouraged to contact the PI for proper data usage.
OTHER_COMMENTS: 
REVISION: RA
RA: Preliminary Data; For in-field use only
starttime_UTC, HNO2_NOAACIMS
     0, -9999.000
    60, -9999.000
   120, -9999.000
   180, -9999.000
   240, -9999.000
   300, -9999.000
   360, -9999.000
   420, -9999.000
   480, -9999.000
   540, -9999.000
   600, -9999.000
   660, -9999.000
   720, -9999.000
   780, -9999.000
   840, -9999.000
   900, -9999.000
   960, -9999.000
  1020, -9999.000
  1080, -9999.000
  1140, -9999.000
  1200, -9999.000
  1260, -9999.000
  1320, -9999.000
  1380, -9999.000
  1440, -9999.000
  1500, -9999.000
  1560, -9999.000
  1620, -9999.000
  1680, -9999.000
  1740, -9999.000
  1800, -9999.000
  1860, -9999.000
  1920, -9999.000
  1980, -9999.000
  2040, -9999.000
  2100, -9999.000
  2160, -9999.000
  2220, -9999.000
  2280, -9999.000
  2340, -9999.000
  2400, -9999.000
  2460, -9999.000
  2520, -9999.000
  2580, -9999.000
  2640, -9999.000
  2700, -9999.000
  2760, -9999.000
  2820, -9999.000
  2880, -9999.000
  2940, -9999.000
  3000, -9999.000
  3060, -9999.000
  3120, -9999.000
  3180, -9999.000
  3240, -9999.000
  3300, -9999.000
  3360, -9999.000
  3420, -9999.000
  3480, -9999.000
  3540, -9999.000
  3600, -9999.000
  3660, -9999.000
  3720, -9999.000
  3780, 114.863
  3840, 64.051
  3900, 36.572
  3960, 51.930
  4020, 44.557
  4080, 52.967
  4140, 45.377
  4200, 48.701
  4260, 46.283
  4320, 63.637
  4380, 55.372
  4440, 61.499
  4500, 50.478
  4560, 72.858
  4620, 53.287
  4680, 53.545
  4740, 67.249
  4800, 60.482
  4860, 60.005
  4920, 57.448
  4980, 55.045
  5040, 57.131
  5100, 62.785
  5160, 60.980
  5220, 78.950
  5280, 58.215
  5340, 58.870
  5400, 62.680
  5460, 63.662
  5520, 59.661
  5580, 56.389
  5640, 67.549
  5700, -9999.000
  5760, 52.372
  5820, 63.696
  5880, 56.260
  5940, 68.059
  6000, 66.731
  6060, 65.082
  6120, 56.494
  6180, 64.380
  6240, 74.319
  6300, 65.029
  6360, 64.600
  6420, 52.718
  6480, 61.403
  6540, 68.911
  6600, 74.477
  6660, 76.743
  6720, 75.896
  6780, 70.117
  6840, 70.625
  6900, 70.564
  6960, 80.313
  7020, 69.671
  7080, 71.965
  7140, 82.417
  7200, 73.114
  7260, 74.075
  7320, 71.584
  7380, 70.396
  7440, 74.519
  7500, 69.804
  7560, 79.076
  7620, 89.036
  7680, 87.415
  7740, 91.268
  7800, 90.280
  7860, 96.868
  7920, 101.396
  7980, 108.295
  8040, 114.440
  8100, 108.541
  8160, 118.352
  8220, 125.380
  8280, 120.548
  8340, 135.980
  8400, 133.530
  8460, 147.663
  8520, 123.832
  8580, 132.212
  8640, 132.129
  8700, 130.226
  8760, 130.464
  8820, 122.368
  8880, 114.844
  8940, 116.675
  9000, 125.846
  9060, 109.946
  9120, 110.827
  9180, 111.303
  9240, 121.217
  9300, 138.345
  9360, -9999.000
  9420, 131.725
  9480, 134.612
  9540, 146.792
  9600, 148.456
  9660, 166.078
  9720, 168.668
  9780, 167.643
  9840, 169.165
  9900, 181.679
  9960, 197.205
 10020, 172.660
 10080, 164.274
 10140, 152.329
 10200, 154.850
 10260, 209.732
 10320, 150.472
 10380, 141.072
 10440, 156.624
 10500, 154.185
 10560, 121.021
 10620, 95.474
 10680, 105.257
 10740, 94.891
 10800, 91.472
 10860, 94.649
 10920, 101.877
 10980, 115.794
 11040, 132.475
 11100, 128.332
 11160, 131.635
 11220, -9999.000
 11280, 124.563
 11340, 120.009
 11400, 140.582
 11460, 150.254
 11520, 163.518
 11580, 137.808
 11640, 144.908
 11700, 132.700
 11760, 126.361
 11820, 126.273
 11880, 125.580
 11940, 138.596
 12000, 119.227
 12060, 101.567
 12120, 106.089
 12180, 104.200
 12240, 113.145
 12300, 105.841
 12360, 95.060
 12420, 94.708
 12480, 90.481
 12540, 102.536
 12600, 99.310
 12660, 94.843
 12720, 99.874
 12780, 91.383
 12840, 94.094
 12900, 115.161
 12960, 94.848
 13020, 91.590
 13080, -9999.000
 13140, 112.834
 13200, 119.737
 13260, 86.520
 13320, 114.752
 13380, 114.903
 13440, 113.428
 13500, 127.609
 13560, 119.764
 13620, 127.827
 13680, 131.008
 13740, 148.385
 13800, 188.604
 13860, 98.561
 13920, 101.370
 13980, 121.858
 14040, 105.576
 14100, 141.234
 14160, 117.052
 14220, 97.999
 14280, 94.676
 14340, 88.778
 14400, 102.770
 14460, 69.658
 14520, 67.252
 14580, 65.966
 14640, 67.347
 14700, 78.227
 14760, 74.135
 14820, 85.405
 14880, 97.505
 14940, 73.606
 15000, 83.255
 15060, 77.311
 15120, 65.732
 15180, 79.968
 15240, 76.159
 15300, 85.720
 15360, 82.262
 15420, 74.766
 15480, 61.226
 15540, 73.252
 15600, 74.889
 15660, 71.380
 15720, 86.347
 15780, 83.263
 15840, 90.911
 15900, 96.807
 15960, 94.097
 16020, 65.792
 16080, 80.578
 16140, 98.029
 16200, 68.422
 16260, 68.783
 16320, 76.222
 16380, 67.908
 16440, 60.672
 16500, 75.739
 16560, 65.562
 16620, 61.624
 16680, 50.174
 16740, -9999.000
 16800, 58.676
 16860, 46.799
 16920, 51.132
 16980, 56.480
 17040, 59.810
 17100, 60.855
 17160, 47.686
 17220, 70.642
 17280, 51.142
 17340, 30.882
 17400, 45.563
 17460, 45.698
 17520, 53.454
 17580, 49.331
 17640, 44.167
 17700, 60.693
 17760, 55.255
 17820, 58.914
 17880, 56.927
 17940, 46.311
 18000, 48.982
 18060, 56.052
 18120, 48.134
 18180, 67.917
 18240, 61.362
 18300, 49.000
 18360, 62.063
 18420, 54.413
 18480, 48.388
 18540, 49.188
 18600, 15.820
 18660, 56.655
 18720, 52.301
 18780, 42.123
 18840, 62.100
 18900, 49.583
 18960, 53.941
 19020, 49.830
 19080, 67.008
 19140, 76.758
 19200, 55.393
 19260, 61.332
 19320, 53.502
 19380, 59.788
 19440, 40.733
 19500, 58.304
 19560, 61.153
 19620, 75.743
 19680, 97.421
 19740, 106.738
 19800, 120.703
 19860, 140.181
 19920, 90.469
 19980, 126.471
 20040, 84.632
 20100, 88.078
 20160, 106.534
 20220, 60.692
 20280, 77.947
 20340, 87.073
 20400, 87.533
 20460, -9999.000
 20520, 80.555
 20580, 79.528
 20640, 68.253
 20700, 67.039
 20760, 86.932
 20820, 97.087
 20880, 74.893
 20940, 77.294
 21000, 53.428
 21060, 46.570
 21120, 70.593
 21180, 62.439
 21240, 67.438
 21300, 72.964
 21360, 66.275
 21420, 77.095
 21480, 86.455
 21540, 47.155
 21600, 69.622
 21660, 50.668
 21720, 54.917
 21780, 55.907
 21840, 51.506
 21900, 43.745
 21960, 55.127
 22020, 59.148
 22080, 50.583
 22140, 67.019
 22200, 86.232
 22260, 114.985
 22320, 199.798
 22380, 174.224
 22440, 144.348
 22500, 70.048
 22560, 74.824
 22620, 78.092
 22680, 84.165
 22740, 62.327
 22800, 193.581
 22860, 154.433
 22920, 70.025
 22980, 70.180
 23040, 52.763
 23100, 56.150
 23160, 65.299
 23220, 82.343
 23280, 187.467
 23340, 159.106
 23400, 147.106
 23460, 76.422
 23520, 60.500
 23580, 64.396
 23640, 79.765
 23700, 47.573
 23760, 59.081
 23820, 64.373
 23880, 58.332
 23940, 72.779
 24000, 58.912
 24060, 47.820
 24120, 52.599
 24180, -9999.000
 24240, 93.532
 24300, 76.056
 24360, 53.006
 24420, 68.367
 24480, 72.239
 24540, 59.794
 24600, 49.945
 24660, 69.442
 24720, 82.996
 24780, 74.098
 24840, 120.764
 24900, 116.496
 24960, 112.504
 25020, 139.313
 25080, 138.241
 25140, 183.716
 25200, 224.857
 25260, 227.421
 25320, 223.993
 25380, 332.386
 25440, 388.522
 25500, 453.917
 25560, 454.129
 25620, 452.156
 25680, 495.092
 25740, 468.497
 25800, 462.659
 25860, 488.443
 25920, 492.793
 25980, 485.617
 26040, 412.595
 26100, 415.276
 26160, 405.339
 26220, 411.977
 26280, 411.354
 26340, 423.945
 26400, 394.124
 26460, 336.755
 26520, 310.702
 26580, 315.587
 26640, 295.870
 26700, 341.345
 26760, 339.799
 26820, 327.599
 26880, 338.205
 26940, 335.072
 27000, 309.856
 27060, 354.887
 27120, 367.171
 27180, 296.193
 27240, 324.691
 27300, 354.741
 27360, 352.675
 27420, 345.427
 27480, 354.416
 27540, 333.715
 27600, 350.409
 27660, 390.130
 27720, 324.469
 27780, 309.067
 27840, -9999.000
 27900, 309.862
 27960, 347.901
 28020, 361.985
 28080, 334.094
 28140, 377.725
 28200, 365.918
 28260, 337.623
 28320, 377.451
 28380, 377.928
 28440, 349.596
 28500, 237.072
 28560, 294.548
 28620, 232.355
 28680, 252.270
 28740, 281.246
 28800, 339.661
 28860, 304.885
 28920, 332.867
 28980, 308.603
 29040, 216.626
 29100, 237.379
 29160, 220.967
 29220, 200.556
 29280, 166.995
 29340, 217.438
 29400, 195.765
 29460, 220.540
 29520, 238.669
 29580, 197.544
 29640, 189.161
 29700, -9999.000
 29760, 200.457
 29820, 197.502
 29880, 204.059
 29940, 180.310
 30000, 100.518
 30060, 133.357
 30120, 132.127
 30180, 148.862
 30240, 145.453
 30300, 132.016
 30360, 120.926
 30420, 110.407
 30480, 124.712
 30540, 128.089
 30600, 113.360
 30660, 135.817
 30720, 142.259
 30780, 131.159
 30840, 130.824
 30900, 118.717
 30960, 114.138
 31020, 130.000
 31080, 121.807
 31140, 122.406
 31200, 134.991
 31260, 113.255
 31320, 113.818
 31380, 130.543
 31440, 135.193
 31500, 128.421
 31560, -9999.000
 31620, 126.424
 31680, 124.075
 31740, 135.351
 31800, 148.904
 31860, 135.787
 31920, 143.182
 31980, 128.736
 32040, 128.118
 32100, 123.573
 32160, 112.876
 32220, 111.969
 32280, 121.359
 32340, 127.026
 32400, 116.902
 32460, 124.721
 32520, 134.881
 32580, 124.827
 32640, 137.856
 32700, 135.787
 32760, 149.860
 32820, 125.004
 32880, 130.804
 32940, 130.374
 33000, 176.646
 33060, 131.110
 33120, 133.851
 33180, 133.330
 33240, 118.917
 33300, 124.220
 33360, 141.093
 33420, 144.654
 33480, 123.919
 33540, 129.989
 33600, 136.522
 33660, 122.018
 33720, 137.457
 33780, 134.227
 33840, 134.328
 33900, 128.782
 33960, 130.939
 34020, 142.414
 34080, 154.713
 34140, 138.281
 34200, 135.395
 34260, 142.543
 34320, 153.985
 34380, 142.809
 34440, 132.873
 34500, 147.704
 34560, 151.335
 34620, 146.662
 34680, 160.870
 34740, 146.461
 34800, 135.022
 34860, 127.607
 34920, 118.288
 34980, 144.286
 35040, 144.411
 35100, 143.901
 35160, 127.425
 35220, -9999.000
 35280, 126.880
 35340, 145.440
 35400, 148.133
 35460, 158.585
 35520, 158.098
 35580, 142.436
 35640, 134.402
 35700, 144.737
 35760, 148.375
 35820, 153.786
 35880, 130.481
 35940, 137.435
 36000, 125.053
 36060, 141.629
 36120, 150.527
 36180, 141.257
 36240, 162.646
 36300, 149.400
 36360, 134.851
 36420, 148.403
 36480, 136.342
 36540, 150.302
 36600, 157.849
 36660, 147.673
 36720, 143.432
 36780, 151.723
 36840, 171.123
 36900, 165.412
 36960, 179.701
 37020, 159.293
 37080, 194.246
 37140, 182.419
 37200, 175.268
 37260, 164.043
 37320, 148.853
 37380, 142.580
 37440, 136.602
 37500, 172.705
 37560, 159.407
 37620, 136.091
 37680, 141.533
 37740, 135.689
 37800, 158.483
 37860, 141.328
 37920, 143.193
 37980, 151.950
 38040, 146.821
 38100, 164.748
 38160, 163.117
 38220, 146.546
 38280, 129.835
 38340, 139.284
 38400, 124.102
 38460, 111.365
 38520, 151.025
 38580, 129.840
 38640, 139.209
 38700, 137.255
 38760, 148.552
 38820, 136.157
 38880, 133.764
 38940, -9999.000
 39000, 119.198
 39060, 104.243
 39120, 115.652
 39180, 128.976
 39240, 137.801
 39300, 125.944
 39360, 104.720
 39420, 137.630
 39480, 144.287
 39540, 157.595
 39600, 176.070
 39660, 176.816
 39720, 142.641
 39780, 155.297
 39840, 135.216
 39900, 129.638
 39960, 147.926
 40020, 123.357
 40080, 132.080
 40140, 117.552
 40200, 111.287
 40260, 130.659
 40320, 138.790
 40380, 140.014
 40440, 136.409
 40500, 116.226
 40560, 108.218
 40620, 132.634
 40680, 135.183
 40740, 132.857
 40800, 109.701
 40860, 131.328
 40920, 134.024
 40980, 151.767
 41040, 143.041
 41100, 136.465
 41160, 126.649
 41220, 139.542
 41280, 133.586
 41340, 148.482
 41400, 147.624
 41460, 120.229
 41520, 127.347
 41580, 135.779
 41640, 154.034
 41700, 142.307
 41760, 115.852
 41820, 124.510
 41880, 112.043
 41940, 107.747
 42000, 127.690
 42060, 89.610
 42120, 90.552
 42180, 101.454
 42240, 101.683
 42300, 122.166
 42360, 110.934
 42420, 114.521
 42480, 108.510
 42540, 125.267
 42600, 129.600
 42660, 105.254
 42720, 124.576
 42780, 121.405
 42840, 140.023
 42900, 125.689
 42960, 119.110
 43020, 111.664
 43080, 125.296
 43140, 113.637
 43200, 109.040
 43260, 106.366
 43320, 109.428
 43380, 116.783
 43440, 118.545
 43500, 113.484
 43560, 126.259
 43620, 149.199
 43680, 138.273
 43740, 98.107
 43800, 95.370
 43860, 122.249
 43920, 116.151
 43980, 129.394
 44040, 133.227
 44100, 113.156
 44160, 95.289
 44220, 113.386
 44280, 115.939
 44340, 128.745
 44400, 146.103
 44460, 149.601
 44520, 139.057
 44580, 140.718
 44640, 152.939
 44700, 137.657
 44760, 139.048
 44820, 114.480
 44880, 96.915
 44940, 118.188
 45000, 133.881
 45060, 120.696
 45120, 126.369
 45180, 132.977
 45240, 112.091
 45300, 131.342
 45360, 141.346
 45420, 130.389
 45480, 123.274
 45540, 125.401
 45600, 121.070
 45660, 132.728
 45720, 133.840
 45780, 133.275
 45840, 119.282
 45900, 142.287
 45960, 120.392
 46020, 137.362
 46080, 151.333
 46140, 141.231
 46200, 132.029
 46260, 132.301
 46320, -9999.000
 46380, 130.490
 46440, 146.317
 46500, 147.341
 46560, 136.270
 46620, 160.368
 46680, 160.123
 46740, 149.289
 46800, 178.161
 46860, 237.571
 46920, 201.856
 46980, 188.946
 47040, 181.031
 47100, 168.136
 47160, 161.609
 47220, 185.854
 47280, 180.038
 47340, 172.074
 47400, 169.643
 47460, 177.107
 47520, 172.631
 47580, 178.055
 47640, 222.328
 47700, 191.805
 47760, 184.001
 47820, 181.675
 47880, 181.000
 47940, 181.679
 48000, 188.538
 48060, 177.846
 48120, 191.545
 48180, -9999.000
 48240, 162.071
 48300, 162.614
 48360, 177.940
 48420, 180.997
 48480, 170.802
 48540, 174.580
 48600, 170.309
 48660, 204.586
 48720, 198.430
 48780, 229.847
 48840, 217.774
 48900, 223.428
 48960, 226.162
 49020, 200.083
 49080, 202.568
 49140, 185.169
 49200, 163.693
 49260, 191.534
 49320, 192.852
 49380, 179.199
 49440, 182.223
 49500, 199.606
 49560, 174.660
 49620, 212.867
 49680, 203.776
 49740, 224.359
 49800, 231.732
 49860, 204.733
 49920, 211.622
 49980, 187.892
 50040, -9999.000
 50100, 241.087
 50160, 201.092
 50220, 222.678
 50280, 206.173
 50340, 216.472
 50400, 215.322
 50460, 190.640
 50520, 208.789
 50580, 225.145
 50640, 204.057
 50700, 220.133
 50760, 212.553
 50820, 195.771
 50880, 203.708
 50940, 217.856
 51000, 208.358
 51060, 243.954
 51120, 230.836
 51180, 216.981
 51240, 239.495
 51300, 223.903
 51360, 231.817
 51420, 243.451
 51480, 234.565
 51540, 253.476
 51600, 241.750
 51660, 235.115
 51720, 253.399
 51780, 218.577
 51840, 245.324
 51900, 234.941
 51960, 244.595
 52020, 228.727
 52080, 234.458
 52140, 204.938
 52200, 201.676
 52260, 217.985
 52320, 220.499
 52380, 206.163
 52440, 211.996
 52500, 222.280
 52560, 211.235
 52620, 195.981
 52680, 183.396
 52740, 206.970
 52800, 202.264
 52860, 215.635
 52920, 201.043
 52980, 200.111
 53040, 219.966
 53100, 213.363
 53160, 188.359
 53220, 143.544
 53280, 128.861
 53340, 124.728
 53400, 198.456
 53460, 179.135
 53520, 156.722
 53580, 149.351
 53640, 111.036
 53700, -9999.000
 53760, 145.142
 53820, 134.438
 53880, 153.454
 53940, 128.447
 54000, 157.604
 54060, 150.363
 54120, 152.457
 54180, 131.942
 54240, 99.988
 54300, 121.617
 54360, 126.633
 54420, 126.647
 54480, 99.718
 54540, 121.701
 54600, 126.013
 54660, 137.734
 54720, 122.501
 54780, 110.911
 54840, 105.323
 54900, 108.210
 54960, 134.038
 55020, 142.371
 55080, 155.733
 55140, 169.617
 55200, 175.128
 55260, 169.713
 55320, 128.723
 55380, 111.346
 55440, 107.252
 55500, 114.287
 55560, -9999.000
 55620, 97.127
 55680, 101.177
 55740, 116.602
 55800, 103.872
 55860, 119.126
 55920, 131.784
 55980, 121.529
 56040, 118.845
 56100, 97.925
 56160, 83.858
 56220, 77.085
 56280, 68.027
 56340, 89.171
 56400, 92.607
 56460, 75.437
 56520, 98.080
 56580, 105.688
 56640, 83.252
 56700, 68.579
 56760, 83.231
 56820, 82.790
 56880, 74.354
 56940, 74.297
 57000, 112.795
 57060, 118.315
 57120, 66.990
 57180, 96.812
 57240, 78.471
 57300, 69.972
 57360, 80.986
 57420, -9999.000
 57480, 59.243
 57540, 67.353
 57600, 69.322
 57660, 83.134
 57720, 101.002
 57780, 92.566
 57840, 92.918
 57900, 91.120
 57960, 92.457
 58020, 96.067
 58080, 92.345
 58140, 91.043
 58200, 96.961
 58260, 72.940
 58320, 61.929
 58380, 75.682
 58440, 87.527
 58500, 89.401
 58560, 98.780
 58620, 85.312
 58680, 80.784
 58740, 90.669
 58800, 81.206
 58860, 78.977
 58920, 88.032
 58980, 76.349
 59040, 79.271
 59100, 91.213
 59160, 101.012
 59220, 77.997
 59280, 89.745
 59340, 76.554
 59400, 96.498
 59460, 95.464
 59520, 91.554
 59580, 89.700
 59640, 84.266
 59700, 82.402
 59760, 89.528
 59820, 86.332
 59880, 87.159
 59940, 76.256
 60000, 67.848
 60060, 84.890
 60120, 80.319
 60180, 91.719
 60240, 85.435
 60300, 75.781
 60360, 101.941
 60420, 95.088
 60480, 109.881
