CampaignData_and_Merges/R0/CSL_MobileLab_Parked/raw/20240811/USOS-NOAAIodideCIMS-HCOOH_MobileLabGround_20240811_RA.ict
33, 1001
Michael A Robinson, Chris Jernigan, Subi Thakali
NOAA ESRL Chemical Sciences Laboratory and CIRES, U. of Colorado
NOAA Iodide CIMS Instrument
USOS
1, 1
2024, 08, 11, 2024, 08, 13
1
starttime_UTC, seconds_past_midnight, seconds_of_day_since_00:00:00_UTC
1
1
-9999
HCOOH_NOAACIMS, pptv, Gas_HCOOH_InSitu_S_AVMR, 
0
18
PI_CONTACT_INFO: 325 Broadway, R/CSD 7, Boulder, Colorado 80305; michael.a.robinson@noaa.gov; chris.jernigan@noaa.gov;
PLATFORM: NOAA CSL Mobile Lab
LOCATION: SLC, Utah
ASSOCIATED_DATA: 1Hz data also available on request.
INSTRUMENT_INFO: NOAA I- ToF CIMS
DATA_INFO: All data in parts per trillion by volume (pptv). 1 Hz data is available upon request.
UNCERTAINTY: TBD
ULOD_FLAG: -7777
ULOD_VALUE: N/A
LLOD_FLAG: -8888
LLOD_VALUE: N/A
DM_CONTACT_INFO: Nathan Howard; nathan.h.howard@noaa.gov
PROJECT_INFO: USOS, summer 2024. https://csl.noaa.gov/groups/csl7/measurements/2024usos/
STIPULATIONS_ON_USE: Users are strongly encouraged to contact the PI for proper data usage.
OTHER_COMMENTS: 
REVISION: RA
RA: Preliminary Data; For in-field use only
starttime_UTC, HCOOH_NOAACIMS
     0, -9999.000
    60, -9999.000
   120, -9999.000
   180, -9999.000
   240, -9999.000
   300, -9999.000
   360, -9999.000
   420, -9999.000
   480, -9999.000
   540, -9999.000
   600, -9999.000
   660, -9999.000
   720, -9999.000
   780, -9999.000
   840, -9999.000
   900, -9999.000
   960, -9999.000
  1020, -9999.000
  1080, -9999.000
  1140, -9999.000
  1200, -9999.000
  1260, -9999.000
  1320, -9999.000
  1380, -9999.000
  1440, -9999.000
  1500, -9999.000
  1560, -9999.000
  1620, -9999.000
  1680, -9999.000
  1740, -9999.000
  1800, -9999.000
  1860, -9999.000
  1920, -9999.000
  1980, -9999.000
  2040, -9999.000
  2100, -9999.000
  2160, -9999.000
  2220, -9999.000
  2280, -9999.000
  2340, -9999.000
  2400, -9999.000
  2460, -9999.000
  2520, -9999.000
  2580, -9999.000
  2640, -9999.000
  2700, -9999.000
  2760, -9999.000
  2820, -9999.000
  2880, -9999.000
  2940, -9999.000
  3000, -9999.000
  3060, -9999.000
  3120, -9999.000
  3180, -9999.000
  3240, -9999.000
  3300, -9999.000
  3360, -9999.000
  3420, -9999.000
  3480, -9999.000
  3540, -9999.000
  3600, -9999.000
  3660, -9999.000
  3720, -9999.000
  3780, 2590.201
  3840, 1856.557
  3900, 1449.281
  3960, 1447.980
  4020, 1497.652
  4080, 1558.630
  4140, 1536.346
  4200, 1561.142
  4260, 1591.301
  4320, 1591.458
  4380, 1581.768
  4440, 1635.462
  4500, 1642.149
  4560, 1693.350
  4620, 1683.450
  4680, 1670.115
  4740, 1720.550
  4800, 1748.959
  4860, 1732.247
  4920, 1748.778
  4980, 1730.290
  5040, 1737.059
  5100, 1796.914
  5160, 1804.522
  5220, 1861.453
  5280, 1840.625
  5340, 1787.639
  5400, 1783.317
  5460, 1780.469
  5520, 1747.575
  5580, 1745.892
  5640, 1740.093
  5700, -9999.000
  5760, 1642.801
  5820, 1678.461
  5880, 1640.260
  5940, 1628.123
  6000, 1655.721
  6060, 1623.227
  6120, 1596.377
  6180, 1615.049
  6240, 1671.261
  6300, 1611.981
  6360, 1578.550
  6420, 1524.084
  6480, 1544.364
  6540, 1556.321
  6600, 1616.213
  6660, 1633.558
  6720, 1607.377
  6780, 1618.295
  6840, 1620.297
  6900, 1634.191
  6960, 1663.627
  7020, 1648.285
  7080, 1685.184
  7140, 1701.226
  7200, 1686.566
  7260, 1670.797
  7320, 1687.517
  7380, 1663.358
  7440, 1696.066
  7500, 1683.849
  7560, 1686.899
  7620, 1746.147
  7680, 1699.885
  7740, 1681.889
  7800, 1733.425
  7860, 1768.147
  7920, 1757.993
  7980, 1771.094
  8040, 1838.924
  8100, 1797.798
  8160, 1834.704
  8220, 1854.936
  8280, 1826.090
  8340, 1879.314
  8400, 1876.877
  8460, 1834.622
  8520, 1799.439
  8580, 1806.258
  8640, 1865.184
  8700, 1821.025
  8760, 1813.444
  8820, 1774.420
  8880, 1744.022
  8940, 1727.278
  9000, 1716.128
  9060, 1726.185
  9120, 1710.891
  9180, 1706.962
  9240, 1753.068
  9300, 1750.799
  9360, -9999.000
  9420, 1714.970
  9480, 1758.493
  9540, 1773.761
  9600, 1822.246
  9660, 1810.213
  9720, 1910.672
  9780, 1976.332
  9840, 2035.456
  9900, 2108.440
  9960, 2128.795
 10020, 2060.893
 10080, 1968.386
 10140, 1967.379
 10200, 1974.894
 10260, 2129.169
 10320, 1895.805
 10380, 1867.237
 10440, 1937.654
 10500, 1909.192
 10560, 1707.161
 10620, 1671.218
 10680, 1606.967
 10740, 1597.357
 10800, 1590.701
 10860, 1544.118
 10920, 1615.650
 10980, 1671.665
 11040, 1722.458
 11100, 1800.118
 11160, 1817.697
 11220, -9999.000
 11280, 1766.222
 11340, 1786.039
 11400, 1787.798
 11460, 1904.318
 11520, 1908.024
 11580, 2006.818
 11640, 2018.477
 11700, 2068.857
 11760, 2059.438
 11820, 2100.678
 11880, 2120.752
 11940, 2089.051
 12000, 2082.951
 12060, 2021.618
 12120, 2053.199
 12180, 2047.060
 12240, 2069.558
 12300, 2054.851
 12360, 2155.932
 12420, 2131.581
 12480, 2203.824
 12540, 2173.116
 12600, 2182.338
 12660, 2186.106
 12720, 2209.367
 12780, 2238.544
 12840, 2218.928
 12900, 2218.055
 12960, 2211.942
 13020, 2230.717
 13080, -9999.000
 13140, 2237.453
 13200, 2241.291
 13260, 2233.757
 13320, 2246.141
 13380, 2359.411
 13440, 2281.923
 13500, 2335.213
 13560, 2288.869
 13620, 2312.310
 13680, 2334.071
 13740, 2316.604
 13800, 2277.597
 13860, 2235.382
 13920, 2171.703
 13980, 2193.375
 14040, 2149.193
 14100, 2197.510
 14160, 2222.684
 14220, 2163.438
 14280, 2173.232
 14340, 2113.198
 14400, 2064.705
 14460, 2053.522
 14520, 2095.971
 14580, 2119.153
 14640, 2140.725
 14700, 2140.472
 14760, 2141.827
 14820, 2145.392
 14880, 2168.134
 14940, 2089.204
 15000, 2131.665
 15060, 2142.796
 15120, 2171.777
 15180, 2157.014
 15240, 2138.014
 15300, 2184.524
 15360, 2116.835
 15420, 2154.180
 15480, 2070.973
 15540, 2057.079
 15600, 2088.747
 15660, 2072.358
 15720, 2109.423
 15780, 2108.217
 15840, 2121.577
 15900, 2105.248
 15960, 2051.121
 16020, 2044.303
 16080, 2104.447
 16140, 2101.149
 16200, 2095.595
 16260, 2078.391
 16320, 2039.905
 16380, 2078.143
 16440, 2037.237
 16500, 2079.289
 16560, 2046.474
 16620, 2065.738
 16680, 2043.311
 16740, -9999.000
 16800, 1938.418
 16860, 1966.215
 16920, 1964.567
 16980, 1967.955
 17040, 1965.952
 17100, 1979.807
 17160, 1979.314
 17220, 1956.996
 17280, 1941.394
 17340, 1896.050
 17400, 1879.731
 17460, 1933.707
 17520, 1935.342
 17580, 1939.698
 17640, 1938.990
 17700, 1959.657
 17760, 1971.612
 17820, 1963.856
 17880, 1922.138
 17940, 1888.050
 18000, 1912.169
 18060, 1881.746
 18120, 1917.476
 18180, 1926.837
 18240, 1938.854
 18300, 1923.550
 18360, 1914.477
 18420, 1916.195
 18480, 1881.305
 18540, 1936.371
 18600, 1956.871
 18660, 1940.896
 18720, 1949.438
 18780, 1944.964
 18840, 1933.038
 18900, 1933.784
 18960, 1937.998
 19020, 1954.838
 19080, 2010.081
 19140, 2015.980
 19200, 1944.266
 19260, 1941.003
 19320, 1929.550
 19380, 1917.974
 19440, 1900.200
 19500, 1908.039
 19560, 1973.420
 19620, 1972.418
 19680, 2035.197
 19740, 2051.875
 19800, 2153.248
 19860, 2182.999
 19920, 2029.714
 19980, 2087.790
 20040, 2024.205
 20100, 1985.136
 20160, 2020.050
 20220, 1972.017
 20280, 1976.851
 20340, 2030.741
 20400, 2061.312
 20460, -9999.000
 20520, 2012.163
 20580, 1980.996
 20640, 1922.310
 20700, 1903.650
 20760, 1917.400
 20820, 1972.540
 20880, 1943.883
 20940, 1918.777
 21000, 1857.637
 21060, 1890.074
 21120, 1898.222
 21180, 1920.723
 21240, 1913.277
 21300, 1943.537
 21360, 1946.583
 21420, 1967.809
 21480, 1930.513
 21540, 1872.143
 21600, 1927.237
 21660, 1921.585
 21720, 1882.402
 21780, 1893.638
 21840, 1914.618
 21900, 1890.952
 21960, 1851.163
 22020, 1875.485
 22080, 1881.098
 22140, 1877.165
 22200, 1958.134
 22260, 1969.812
 22320, 2143.688
 22380, 2134.437
 22440, 2061.964
 22500, 1885.859
 22560, 1853.327
 22620, 1895.501
 22680, 1969.255
 22740, 1927.713
 22800, 1877.748
 22860, 1938.419
 22920, 1867.856
 22980, 1851.062
 23040, 1830.901
 23100, 1870.201
 23160, 1874.409
 23220, 1951.637
 23280, 2060.571
 23340, 2046.390
 23400, 2050.484
 23460, 1891.648
 23520, 1852.721
 23580, 1870.723
 23640, 1858.635
 23700, 1849.951
 23760, 1878.779
 23820, 1872.508
 23880, 1876.866
 23940, 1922.163
 24000, 1868.462
 24060, 1849.540
 24120, 1871.450
 24180, -9999.000
 24240, 1948.572
 24300, 1928.094
 24360, 1887.587
 24420, 1906.171
 24480, 1904.006
 24540, 1861.970
 24600, 1895.456
 24660, 1938.593
 24720, 1999.782
 24780, 1989.288
 24840, 2006.247
 24900, 2054.379
 24960, 2100.547
 25020, 2135.096
 25080, 2213.770
 25140, 2254.168
 25200, 2333.707
 25260, 2437.862
 25320, 2401.613
 25380, 2535.093
 25440, 2660.737
 25500, 2660.294
 25560, 2701.892
 25620, 2728.201
 25680, 2830.413
 25740, 2833.719
 25800, 2850.381
 25860, 2861.842
 25920, 2875.576
 25980, 2797.477
 26040, 2632.769
 26100, 2632.156
 26160, 2640.421
 26220, 2615.537
 26280, 2666.275
 26340, 2694.880
 26400, 2560.063
 26460, 2483.077
 26520, 2449.420
 26580, 2432.944
 26640, 2435.813
 26700, 2475.045
 26760, 2477.861
 26820, 2437.314
 26880, 2417.796
 26940, 2470.187
 27000, 2560.197
 27060, 2549.646
 27120, 2517.674
 27180, 2467.258
 27240, 2501.379
 27300, 2499.373
 27360, 2540.466
 27420, 2538.365
 27480, 2548.708
 27540, 2532.022
 27600, 2601.562
 27660, 2688.929
 27720, 2621.912
 27780, 2506.918
 27840, -9999.000
 27900, 2538.438
 27960, 2568.590
 28020, 2618.876
 28080, 2595.469
 28140, 2607.885
 28200, 2551.559
 28260, 2553.754
 28320, 2647.786
 28380, 2678.676
 28440, 2621.957
 28500, 2380.762
 28560, 2544.245
 28620, 2465.067
 28680, 2503.565
 28740, 2517.053
 28800, 2498.378
 28860, 2410.039
 28920, 2605.928
 28980, 2547.484
 29040, 2419.182
 29100, 2409.805
 29160, 2334.039
 29220, 2343.127
 29280, 2220.103
 29340, 2299.499
 29400, 2422.350
 29460, 2372.112
 29520, 2295.725
 29580, 2287.164
 29640, 2299.182
 29700, -9999.000
 29760, 2330.939
 29820, 2305.320
 29880, 2347.085
 29940, 2293.899
 30000, 2182.006
 30060, 2191.615
 30120, 2139.514
 30180, 2158.034
 30240, 2112.387
 30300, 2123.295
 30360, 2110.608
 30420, 2107.342
 30480, 2119.014
 30540, 2182.665
 30600, 2061.907
 30660, 2081.817
 30720, 2214.132
 30780, 2188.337
 30840, 2168.002
 30900, 2113.711
 30960, 2079.115
 31020, 2115.491
 31080, 2104.524
 31140, 2125.050
 31200, 2119.654
 31260, 2071.112
 31320, 2044.057
 31380, 2066.066
 31440, 2102.718
 31500, 2069.957
 31560, -9999.000
 31620, 2007.913
 31680, 2037.673
 31740, 2029.283
 31800, 2034.553
 31860, 2036.930
 31920, 2038.302
 31980, 1981.784
 32040, 1967.543
 32100, 1975.196
 32160, 1959.511
 32220, 1961.851
 32280, 1924.377
 32340, 1930.141
 32400, 1904.978
 32460, 1943.467
 32520, 1963.591
 32580, 1943.535
 32640, 1982.804
 32700, 2009.835
 32760, 1963.163
 32820, 1972.303
 32880, 1978.202
 32940, 1993.690
 33000, 1996.830
 33060, 2023.795
 33120, 2032.706
 33180, 2022.205
 33240, 2011.640
 33300, 1995.196
 33360, 2027.334
 33420, 2007.079
 33480, 1996.405
 33540, 2006.438
 33600, 2014.127
 33660, 2041.053
 33720, 2036.185
 33780, 2064.678
 33840, 2070.461
 33900, 2125.182
 33960, 2138.329
 34020, 2146.685
 34080, 2116.078
 34140, 2113.941
 34200, 2130.490
 34260, 2108.729
 34320, 2167.521
 34380, 2118.681
 34440, 2113.354
 34500, 2108.879
 34560, 2161.391
 34620, 2156.862
 34680, 2160.522
 34740, 2117.643
 34800, 2100.285
 34860, 2099.261
 34920, 2088.337
 34980, 2161.401
 35040, 2150.900
 35100, 2109.698
 35160, 2098.898
 35220, -9999.000
 35280, 2169.978
 35340, 2226.971
 35400, 2217.976
 35460, 2211.167
 35520, 2204.508
 35580, 2222.240
 35640, 2205.296
 35700, 2229.265
 35760, 2240.099
 35820, 2240.034
 35880, 2153.327
 35940, 2168.862
 36000, 2151.379
 36060, 2184.765
 36120, 2200.168
 36180, 2164.918
 36240, 2169.311
 36300, 2192.748
 36360, 2151.856
 36420, 2173.231
 36480, 2170.499
 36540, 2233.964
 36600, 2241.136
 36660, 2242.734
 36720, 2237.266
 36780, 2247.013
 36840, 2262.580
 36900, 2230.153
 36960, 2269.200
 37020, 2253.091
 37080, 2322.976
 37140, 2339.710
 37200, 2292.074
 37260, 2234.642
 37320, 2204.225
 37380, 2185.918
 37440, 2172.556
 37500, 2231.013
 37560, 2169.343
 37620, 2165.112
 37680, 2216.489
 37740, 2191.131
 37800, 2214.780
 37860, 2168.580
 37920, 2167.386
 37980, 2240.606
 38040, 2248.951
 38100, 2229.475
 38160, 2288.598
 38220, 2223.499
 38280, 2143.652
 38340, 2140.062
 38400, 2155.916
 38460, 2080.526
 38520, 2242.460
 38580, 2196.536
 38640, 2208.173
 38700, 2238.962
 38760, 2264.585
 38820, 2183.845
 38880, 2181.570
 38940, -9999.000
 39000, 2120.058
 39060, 2092.288
 39120, 2128.194
 39180, 2178.665
 39240, 2209.480
 39300, 2161.136
 39360, 2137.358
 39420, 2303.520
 39480, 2371.458
 39540, 2399.569
 39600, 2395.193
 39660, 2392.229
 39720, 2395.438
 39780, 2375.963
 39840, 2331.093
 39900, 2287.120
 39960, 2287.056
 40020, 2195.676
 40080, 2205.224
 40140, 2188.808
 40200, 2215.963
 40260, 2251.044
 40320, 2248.807
 40380, 2264.927
 40440, 2189.072
 40500, 2201.826
 40560, 2179.498
 40620, 2159.478
 40680, 2204.384
 40740, 2243.592
 40800, 2208.502
 40860, 2274.397
 40920, 2243.211
 40980, 2257.391
 41040, 2246.582
 41100, 2218.927
 41160, 2250.571
 41220, 2304.003
 41280, 2301.802
 41340, 2326.130
 41400, 2365.589
 41460, 2343.374
 41520, 2317.838
 41580, 2316.987
 41640, 2277.847
 41700, 2231.104
 41760, 2204.045
 41820, 2224.835
 41880, 2204.582
 41940, 2216.613
 42000, 2229.066
 42060, 2165.875
 42120, 2110.229
 42180, 2130.140
 42240, 2200.799
 42300, 2202.086
 42360, 2209.171
 42420, 2238.412
 42480, 2227.223
 42540, 2227.682
 42600, 2202.794
 42660, 2239.620
 42720, 2212.650
 42780, 2204.178
 42840, 2191.555
 42900, 2252.954
 42960, 2239.236
 43020, 2236.103
 43080, 2265.900
 43140, 2273.945
 43200, 2221.274
 43260, 2216.482
 43320, 2246.517
 43380, 2268.623
 43440, 2219.018
 43500, 2232.932
 43560, 2296.910
 43620, 2324.286
 43680, 2278.607
 43740, 2204.624
 43800, 2204.064
 43860, 2260.276
 43920, 2259.277
 43980, 2256.267
 44040, 2252.323
 44100, 2173.076
 44160, 2112.198
 44220, 2109.585
 44280, 2124.681
 44340, 2189.929
 44400, 2219.285
 44460, 2249.192
 44520, 2275.872
 44580, 2264.245
 44640, 2169.093
 44700, 2172.763
 44760, 2196.767
 44820, 2217.917
 44880, 2207.484
 44940, 2208.778
 45000, 2240.937
 45060, 2206.404
 45120, 2232.843
 45180, 2251.842
 45240, 2197.902
 45300, 2211.545
 45360, 2259.669
 45420, 2247.928
 45480, 2212.879
 45540, 2225.893
 45600, 2236.292
 45660, 2220.828
 45720, 2230.851
 45780, 2197.900
 45840, 2195.740
 45900, 2213.685
 45960, 2275.972
 46020, 2296.989
 46080, 2309.895
 46140, 2293.365
 46200, 2258.877
 46260, 2263.524
 46320, -9999.000
 46380, 2247.425
 46440, 2281.099
 46500, 2301.990
 46560, 2309.999
 46620, 2315.058
 46680, 2311.962
 46740, 2280.882
 46800, 2508.957
 46860, 2893.115
 46920, 2749.551
 46980, 2573.902
 47040, 2459.277
 47100, 2413.206
 47160, 2391.524
 47220, 2346.268
 47280, 2340.716
 47340, 2310.593
 47400, 2323.676
 47460, 2322.777
 47520, 2244.152
 47580, 2260.693
 47640, 2210.835
 47700, 2276.659
 47760, 2221.488
 47820, 2191.895
 47880, 2213.079
 47940, 2240.152
 48000, 2215.978
 48060, 2218.453
 48120, 2301.278
 48180, -9999.000
 48240, 2188.094
 48300, 2230.758
 48360, 2202.304
 48420, 2241.510
 48480, 2250.044
 48540, 2220.648
 48600, 2292.235
 48660, 2306.737
 48720, 2311.669
 48780, 2357.825
 48840, 2382.890
 48900, 2352.701
 48960, 2344.580
 49020, 2411.555
 49080, 2480.068
 49140, 2447.188
 49200, 2374.688
 49260, 2353.209
 49320, 2364.284
 49380, 2358.577
 49440, 2323.322
 49500, 2452.508
 49560, 2442.671
 49620, 2450.318
 49680, 2455.935
 49740, 2479.580
 49800, 2502.578
 49860, 2509.140
 49920, 2519.118
 49980, 2452.820
 50040, -9999.000
 50100, 2671.886
 50160, 2461.054
 50220, 2522.377
 50280, 2564.670
 50340, 2562.153
 50400, 2512.271
 50460, 2533.225
 50520, 2499.899
 50580, 2488.787
 50640, 2596.746
 50700, 2602.039
 50760, 2549.595
 50820, 2565.136
 50880, 2610.242
 50940, 2619.302
 51000, 2648.843
 51060, 2712.125
 51120, 2678.482
 51180, 2630.118
 51240, 2686.300
 51300, 2697.960
 51360, 2762.592
 51420, 2821.260
 51480, 2795.902
 51540, 2793.665
 51600, 2742.557
 51660, 2744.884
 51720, 2759.944
 51780, 2714.707
 51840, 2637.148
 51900, 2832.723
 51960, 3008.646
 52020, 2952.456
 52080, 2948.253
 52140, 2753.448
 52200, 2744.332
 52260, 2812.741
 52320, 2878.742
 52380, 2822.515
 52440, 2825.297
 52500, 2850.675
 52560, 2670.714
 52620, 2620.199
 52680, 2568.604
 52740, 2542.858
 52800, 2600.060
 52860, 2595.145
 52920, 2645.928
 52980, 2658.736
 53040, 2681.464
 53100, 2734.165
 53160, 2583.800
 53220, 2392.029
 53280, 2249.780
 53340, 2203.104
 53400, 2486.206
 53460, 2474.153
 53520, 2297.824
 53580, 2165.656
 53640, 2100.285
 53700, -9999.000
 53760, 2300.806
 53820, 2222.390
 53880, 2221.816
 53940, 2178.247
 54000, 2243.163
 54060, 2246.822
 54120, 2248.422
 54180, 2212.707
 54240, 2102.525
 54300, 2169.121
 54360, 2184.915
 54420, 2213.616
 54480, 2036.382
 54540, 2138.650
 54600, 2188.525
 54660, 2173.710
 54720, 2170.528
 54780, 2102.616
 54840, 2094.013
 54900, 2068.236
 54960, 2155.712
 55020, 2187.172
 55080, 2222.130
 55140, 2320.580
 55200, 2398.227
 55260, 2384.427
 55320, 2141.518
 55380, 2136.775
 55440, 2088.486
 55500, 2013.442
 55560, -9999.000
 55620, 1922.977
 55680, 1887.085
 55740, 2039.670
 55800, 2027.212
 55860, 2152.900
 55920, 2280.305
 55980, 2146.165
 56040, 2174.248
 56100, 2016.750
