CampaignData_and_Merges/R0/CSL_MobileLab_Parked/raw/20240811/USOS-NOAAIodideCIMS-PANs_MobileLabGround_20240811_RA.ict
35, 1001
Michael A Robinson, Chris Jernigan, Subi Thakali
NOAA ESRL Chemical Sciences Laboratory and CIRES, U. of Colorado
NOAA Iodide CIMS Instrument
USOS
1, 1
2024, 08, 11, 2024, 08, 13
1
starttime_UTC, seconds_past_midnight, seconds_of_day_since_00:00:00_UTC
3
1, 1, 1
-9999, -9999, -9999
PAN_NOAACIMS, pptv, Gas_PAN_InSitu_S_AVMR, 
APAN_NOAACIMS, pptv, Gas_APAN_InSitu_S_AVMR, 
PPN_NOAACIMS, pptv, Gas_PPN_InSitu_S_AVMR, 
0
18
PI_CONTACT_INFO: 325 Broadway, R/CSD 7, Boulder, Colorado 80305; michael.a.robinson@noaa.gov; chris.jernigan@noaa.gov;
PLATFORM: NOAA CSL Mobile Lab
LOCATION: SLC, Utah
ASSOCIATED_DATA: 1Hz data also available on request.
INSTRUMENT_INFO: NOAA I- ToF CIMS
DATA_INFO: All data in parts per trillion by volume (pptv). 1 Hz data is available upon request.
UNCERTAINTY: TBD
ULOD_FLAG: -7777
ULOD_VALUE: N/A
LLOD_FLAG: -8888
LLOD_VALUE: N/A
DM_CONTACT_INFO: Nathan Howard; nathan.h.howard@noaa.gov
PROJECT_INFO: USOS, summer 2024. https://csl.noaa.gov/groups/csl7/measurements/2024usos/
STIPULATIONS_ON_USE: Users are strongly encouraged to contact the PI for proper data usage.
OTHER_COMMENTS: 
REVISION: RA
RA: Preliminary Data; For in-field use only
starttime_UTC, PAN_NOAACIMS, APAN_NOAACIMS, PPN_NOAACIMS
[from data line 1299]
 77940, 463.392,  2.920, 38.653
 78000, 466.261,  3.183, 37.581
 78060, 455.305,  3.159, 39.210
 78120, 460.408,  3.831, 35.011
 78180, 472.327,  2.803, 38.504
 78240, 456.921,  2.814, 35.953
 78300, 462.917,  4.690, 37.519
 78360, 471.502,  3.790, 38.179
 78420, 472.176,  3.291, 37.861
 78480, 462.033,  3.450, 40.048
 78540, 455.087,  3.593, 40.660
 78600, 439.587,  3.751, 38.603
 78660, 449.890,  3.716, 39.871
 78720, 454.415,  3.913, 38.843
 78780, 461.655,  5.212, 40.363
 78840, 465.360,  2.763, 41.870
 78900, 448.564,  3.071, 37.490
 78960, 452.519,  3.304, 40.991
 79020, 461.898,  3.315, 40.923
 79080, 440.462,  2.248, 38.237
 79140, 433.501,  4.407, 37.970
 79200, 473.890,  2.929, 42.504
 79260, 442.282,  4.113, 40.374
 79320, 419.928,  3.186, 42.586
 79380, 443.183,  3.229, 42.424
 79440, 456.740,  2.260, 43.035
 79500, 441.529,  2.699, 40.444
 79560, 436.296, 11.442, 43.039
 79620, 442.309,  5.792, 46.280
 79680, 454.938,  2.772, 43.598
 79740, 428.841,  2.489, 42.907
 79800, 431.803,  1.779, 39.510
 79860, 418.344,  3.293, 38.653
 79920, 397.965,  3.238, 36.153
 79980, 401.983,  2.968, 37.578
 80040, 403.163,  3.036, 34.312
 80100, 383.039,  3.297, 35.021
 80160, 389.227,  3.005, 32.002
 80220, 380.251,  3.053, 37.473
 80280, 360.669,  2.543, 34.524
 80340, 342.417,  3.398, 32.034
 80400, 327.432,  3.060, 34.035
 80460, 309.577,  3.257, 31.841
 80520, 306.351,  3.432, 28.767
 80580, 311.255,  3.694, 29.586
 80640, 304.963,  3.202, 31.080
 80700, 315.903,  3.983, 31.447
 80760, 316.005,  5.105, 32.106
 80820, 324.960,  2.937, 32.436
 80880, 327.314,  3.198, 31.560
 80940, 326.144,  3.601, 32.894
 81000, 339.842,  4.089, 34.232
 81060, 334.885,  2.578, 35.814
 81120, 326.561,  2.941, 32.055
 81180, 328.991,  4.378, 31.375
 81240, 322.438,  3.380, 30.502
 81300, 317.965,  3.887, 31.054
 81360, 307.669,  4.733, 28.865
 81420, 334.511,  2.507, 31.017
 81480, 353.279,  4.970, 34.266
 81540, 341.492,  3.681, 34.683
 81600, 332.797,  2.615, 33.534
 81660, 340.867,  2.645, 33.616
 81720, 359.606,  4.830, 34.260
 81780, 345.486,  4.052, 34.767
 81840, 343.168,  2.255, 30.935
 81900, 338.743,  3.247, 32.761
 81960, 335.955,  3.442, 31.562
 82020, 327.756,  4.068, 33.430
 82080, 332.534,  4.440, 32.109
 82140, 338.031,  4.204, 35.355
 82200, 337.740,  2.505, 33.325
 82260, 350.864,  2.537, 36.867
 82320, 357.988,  3.477, 36.402
 82380, 342.907,  2.130, 37.320
 82440, 339.407,  2.943, 34.638
 82500, 353.394,  3.275, 36.307
 82560, 350.205,  3.623, 35.468
 82620, 337.474,  3.152, 35.503
 82680, 349.764,  2.991, 33.629
 82740, 339.495,  3.800, 32.655
 82800, 331.182,  3.619, 36.768
 82860, 349.134,  3.463, 37.104
 82920, 346.599,  2.838, 37.796
 82980, 336.680,  2.459, 34.482
 83040, 327.379,  2.918, 33.526
 83100, 347.176,  3.165, 40.052
 83160, 330.219,  2.468, 31.147
 83220, 327.400,  2.508, 29.925
 83280, -9999.000, -9999.000, -9999.000
 83340, 325.602,  2.835, 33.442
 83400, 318.862,  2.498, 32.539
 83460, 348.168,  3.654, 34.992
 83520, 373.135,  2.526, 36.488
 83580, 369.396,  3.464, 38.339
 83640, 371.382,  3.203, 37.708
 83700, 404.356,  2.593, 41.338
 83760, 404.578,  3.094, 40.305
 83820, 380.670,  3.748, 34.919
 83880, 362.964,  3.655, 39.901
 83940, 341.072,  3.803, 34.931
 84000, 330.691,  2.974, 30.710
 84060, 355.449,  3.594, 37.116
 84120, 386.135,  3.348, 36.677
 84180, 391.847,  2.965, 41.571
 84240, 431.177,  3.107, 42.881
 84300, 446.259,  3.398, 46.040
 84360, 434.819,  3.532, 41.770
 84420, 427.247,  2.974, 40.174
 84480, 409.201,  2.655, 41.541
 84540, 437.574,  3.597, 45.650
 84600, 437.536,  2.576, 42.232
 84660, 423.435,  1.901, 44.606
 84720, 421.534,  3.295, 42.281
 84780, 443.591,  3.654, 46.586
 84840, 440.408,  3.135, 48.092
 84900, 430.505,  2.237, 44.285
 84960, 419.915,  3.372, 46.611
 85020, 420.372,  3.304, 47.791
 85080, 445.704,  3.540, 48.381
 85140, 422.676,  9.875, 46.014
 85200, 436.633,  3.629, 47.215
 85260, 439.619,  2.734, 47.403
 85320, 419.177,  2.961, 44.971
 85380, 424.665,  2.551, 43.415
 85440, 426.742,  3.060, 46.026
 85500, 416.674,  2.530, 46.027
 85560, 427.231,  3.455, 48.134
 85620, 430.243,  2.772, 45.119
 85680, 470.636,  2.293, 50.458
 85740, 475.600,  2.728, 47.852
 85800, 486.290,  2.145, 49.039
 85860, 477.452,  3.474, 50.152
 85920, 456.712,  3.819, 46.783
 85980, 462.275,  3.113, 50.541
 86040, 452.751,  2.180, 48.048
 86100, 450.948,  3.680, 50.176
 86160, 451.842,  2.239, 47.920
 86220, 441.004,  3.079, 47.123
 86280, 443.907,  3.177, 46.762
 86340, 437.349,  3.212, 47.277
