CampaignData_and_Merges/R0/CSL_MobileLab_Parked/raw/20240811/USOS-NOAAIodideCIMS-Halogens_MobileLabGround_20240811_RA.ict
38, 1001
Michael A Robinson, Chris Jernigan, Subi Thakali
NOAA ESRL Chemical Sciences Laboratory and CIRES, U. of Colorado
NOAA Iodide CIMS Instrument
USOS
1, 1
2024, 08, 11, 2024, 08, 13
1
starttime_UTC, seconds_past_midnight, seconds_of_day_since_00:00:00_UTC
6
1, 1, 1, 1, 1, 1
-9999, -9999, -9999, -9999, -9999, -9999
Br2_NOAACIMS, pptv, Gas_Br2_InSitu_S_AVMR, 
BrO_NOAACIMS, pptv, Gas_BrO_InSitu_S_AVMR, 
Cl2_NOAACIMS, pptv, Gas_Cl2_InSitu_S_AVMR, 
ClNO2_NOAACIMS, pptv, Gas_ClNO2_InSitu_S_AVMR, 
BrCl_NOAACIMS, pptv, Gas_BrCl_InSitu_S_AVMR, 
NCl3_NOAACIMS, pptv, Gas_NCl3_InSitu_S_AVMR, 
0
18
PI_CONTACT_INFO: 325 Broadway, R/CSD 7, Boulder, Colorado 80305; michael.a.robinson@noaa.gov; chris.jernigan@noaa.gov;
PLATFORM: NOAA CSL Mobile Lab
LOCATION: SLC, Utah
ASSOCIATED_DATA: 1Hz data also available on request.
INSTRUMENT_INFO: NOAA I- ToF CIMS
DATA_INFO: All data in parts per trillion by volume (pptv). 1 Hz data is available upon request.
UNCERTAINTY: TBD
ULOD_FLAG: -7777
ULOD_VALUE: N/A
LLOD_FLAG: -8888
LLOD_VALUE: N/A
DM_CONTACT_INFO: Nathan Howard; nathan.h.howard@noaa.gov
PROJECT_INFO: USOS, summer 2024. https://csl.noaa.gov/groups/csl7/measurements/2024usos/
STIPULATIONS_ON_USE: Users are strongly encouraged to contact the PI for proper data usage.
OTHER_COMMENTS: 
REVISION: RA
RA: Preliminary Data; For in-field use only
starttime_UTC, Br2_NOAACIMS, BrO_NOAACIMS, Cl2_NOAACIMS, ClNO2_NOAACIMS, BrCl_NOAACIMS, NCl3_NOAACIMS
[from data line 1125]
 67500,  0.969, -9999.000,  0.812,  0.063,  0.083,  0.096
 67560,  1.040, -9999.000,  0.831,  0.084,  0.084,  0.115
 67620,  1.019, -9999.000,  0.897,  0.050,  0.082,  0.134
 67680,  1.027, -9999.000,  0.816,  0.074,  0.076,  0.049
 67740,  1.010, -9999.000,  0.726,  0.068,  0.092,  0.046
 67800,  0.860, -9999.000,  0.791,  0.086,  0.103,  0.123
 67860,  0.971, -9999.000,  0.852,  0.102,  0.081,  0.068
 67920,  0.997, -9999.000,  0.953,  0.085,  0.109,  0.067
 67980,  1.018, -9999.000,  1.041,  0.095,  0.062,  0.137
 68040,  1.076, -9999.000,  0.877,  0.053,  0.083,  0.039
 68100,  0.985, -9999.000,  1.123,  0.090,  0.085,  0.054
 68160,  0.969, -9999.000,  0.774,  0.082,  0.075,  0.100
 68220,  1.054, -9999.000,  0.909,  0.095,  0.096,  0.137
 68280,  1.005, -9999.000,  1.014,  0.070,  0.125,  0.099
 68340,  1.050, -9999.000,  1.059,  0.089,  0.092,  0.112
 68400,  1.062, -9999.000,  0.901,  0.074,  0.128,  0.064
 68460,  0.952, -9999.000,  0.896,  0.061,  0.195,  0.085
 68520, -9999.000, -9999.000, -9999.000, -9999.000, -9999.000, -9999.000
 68580,  1.025, -9999.000,  0.779,  0.045,  0.060,  0.013
 68640,  1.114, -9999.000,  0.786,  0.080,  0.071,  0.018
 68700,  0.991, -9999.000,  0.910,  0.079,  0.104,  0.082
 68760,  0.963, -9999.000,  0.826,  0.053,  0.091,  0.045
 68820,  1.029, -9999.000,  0.829,  0.073,  0.082,  0.059
 68880,  1.008, -9999.000,  0.795,  0.055,  0.094,  0.063
 68940,  0.926, -9999.000,  0.869,  0.077,  0.090,  0.055
 69000,  1.091, -9999.000,  0.900,  0.080,  0.137,  0.060
 69060,  1.049, -9999.000,  0.927,  0.062,  0.106,  0.068
 69120,  1.026, -9999.000,  0.856,  0.082,  0.129,  0.057
 69180,  1.030, -9999.000,  0.778,  0.039,  0.142,  0.136
 69240,  0.929, -9999.000,  0.767,  0.059,  0.144,  0.018
 69300,  0.940, -9999.000,  0.750,  0.081,  0.150,  0.049
 69360,  1.016, -9999.000,  0.916,  0.064,  0.124,  0.012
 69420,  0.857, -9999.000,  0.834,  0.048,  0.098,  0.048
 69480,  0.945, -9999.000,  0.850,  0.066,  0.101,  0.069
 69540,  0.975, -9999.000,  0.903,  0.073,  0.125,  0.030
 69600,  0.990, -9999.000,  0.862,  0.060,  0.142,  0.070
 69660,  0.916, -9999.000,  0.797,  0.068,  0.096,  0.024
 69720,  1.180, -9999.000,  0.846,  0.057,  0.137,  0.065
 69780,  0.976, -9999.000,  1.157,  0.097,  0.189,  0.050
 69840,  0.995, -9999.000,  1.177,  0.076,  0.144,  0.156
 69900,  0.980, -9999.000,  0.776,  0.072,  0.141,  0.014
 69960,  0.861, -9999.000,  0.837,  0.047,  0.113,  0.028
 70020,  1.059, -9999.000,  1.098,  0.086,  0.166,  0.100
 70080,  1.078, -9999.000,  0.977,  0.110,  0.192,  0.042
 70140,  0.958, -9999.000,  1.021,  0.070,  0.209,  0.045
 70200,  0.949, -9999.000,  0.879,  0.098,  0.165,  0.036
 70260,  0.986, -9999.000,  0.956,  0.078,  0.188,  0.037
 70320,  0.954, -9999.000,  1.154,  0.037,  0.132,  0.059
 70380,  0.991, -9999.000,  1.032,  0.083,  0.233,  0.005
 70440,  0.987, -9999.000,  1.116,  0.069,  0.176,  0.065
 70500,  0.929, -9999.000,  1.010,  0.099,  0.167,  0.090
 70560,  1.053, -9999.000,  1.087,  0.070,  0.184,  0.039
 70620,  1.005, -9999.000,  0.998,  0.051,  0.206,  0.022
 70680,  0.967, -9999.000,  0.916,  0.053,  0.161,  0.007
 70740,  0.942, -9999.000,  0.837,  0.046,  0.160,  0.054
 70800,  1.003, -9999.000,  0.859,  0.104,  0.188,  0.027
 70860,  1.015, -9999.000,  0.819,  0.044,  0.179, -0.001
 70920,  0.971, -9999.000,  0.945,  0.085,  0.188,  0.061
 70980,  0.900, -9999.000,  0.936,  0.059,  0.161,  0.051
 71040,  0.930, -9999.000,  0.931,  0.069,  0.184, -0.006
 71100,  0.971, -9999.000,  0.838,  0.058,  0.147, -0.030
 71160,  0.939, -9999.000,  0.953,  0.064,  0.135, -0.006
 71220,  0.928, -9999.000,  0.976,  0.082,  0.144, -0.003
 71280,  0.955, -9999.000,  0.969,  0.070,  0.188, -0.012
 71340,  0.833, -9999.000,  0.836,  0.048,  0.143,  0.036
 71400,  0.830, -9999.000,  0.814,  0.058,  0.115, -0.030
 71460,  0.762, -9999.000,  0.819,  0.049,  0.170,  0.008
 71520,  0.944, -9999.000,  0.917,  0.067,  0.129,  0.003
 71580,  0.884, -9999.000,  0.864,  0.055,  0.230,  0.058
 71640,  0.944, -9999.000,  0.873,  0.028,  0.141, -0.038
 71700,  0.946, -9999.000,  0.974,  0.066,  0.148, -0.007
 71760,  0.849, -9999.000,  0.964,  0.103,  0.167, -0.040
 71820,  0.807, -9999.000,  0.930,  0.059,  0.197, -0.053
 71880,  0.825, -9999.000,  0.950,  0.084,  0.132, -0.050
 71940,  0.924, -9999.000,  1.055,  0.085,  0.135, -0.031
 72000,  0.984, -9999.000,  0.896,  0.055,  0.188, -0.056
 72060,  0.838,  0.067,  0.842,  0.067,  0.102, -0.045
 72120,  0.842, -0.023,  0.771,  0.065,  0.162, -0.079
 72180, -9999.000, -9999.000, -9999.000, -9999.000, -9999.000, -9999.000
 72240,  0.707,  0.037,  0.687,  0.112,  0.089,  0.058
 72300,  0.782,  0.038,  0.749,  0.068,  0.130, -0.008
 72360,  0.915,  0.014,  0.819,  0.060,  0.154, -0.012
 72420,  0.886,  0.015,  0.955,  0.070,  0.114, -0.087
 72480,  0.919, -0.000,  1.065,  0.064,  0.185, -0.068
 72540,  0.889,  0.030,  0.932,  0.088,  0.147, -0.013
 72600,  0.840,  0.064,  1.104,  0.127,  0.216, -0.031
 72660,  0.896,  0.016,  1.006,  0.131,  0.156,  0.005
 72720,  0.816,  0.079,  0.880,  0.090,  0.124, -0.021
 72780,  0.919,  0.069,  0.932,  0.095,  0.120, -0.063
 72840,  0.757,  0.001,  0.862,  0.079,  0.117, -0.041
 72900,  0.823,  0.050,  1.007,  0.062,  0.103,  0.066
 72960,  0.919,  0.133,  0.836,  0.077,  0.091, -0.011
 73020,  0.782,  0.070,  0.894,  0.077,  0.121, -0.021
 73080,  0.921,  0.013,  0.901,  0.081,  0.091, -0.043
 73140,  0.914,  0.041,  0.918,  0.078,  0.110, -0.046
 73200,  0.824,  0.036,  1.134,  0.089,  0.110,  0.009
 73260,  0.832,  0.037,  1.045,  0.085,  0.121,  0.004
 73320,  0.810,  0.042,  0.965,  0.059,  0.097, -0.040
 73380,  0.911,  0.013,  1.165,  0.054,  0.144,  0.042
 73440,  0.936,  0.020,  0.849,  0.081,  0.094,  0.004
 73500,  0.877,  0.048,  0.899,  0.096,  0.079,  0.006
 73560,  0.936,  0.012,  0.787,  0.077,  0.143,  0.134
 73620,  0.977, -0.043,  0.930,  0.118,  0.086,  0.044
 73680,  1.013,  0.058,  0.912,  0.053,  0.071,  0.005
 73740,  0.911,  0.023,  0.884,  0.045,  0.070,  0.023
 73800,  0.768, -0.008,  0.827,  0.078,  0.080,  0.029
 73860,  0.835,  0.041,  0.814,  0.076,  0.049, -0.038
 73920,  0.865,  0.020,  0.744,  0.059,  0.076,  0.033
 73980,  0.870,  0.020,  0.671,  0.032,  0.077,  0.041
 74040, -9999.000, -9999.000, -9999.000, -9999.000, -9999.000, -9999.000
 74100,  0.933,  0.058,  0.692,  0.064, -0.000,  0.045
 74160,  0.797,  0.018,  0.735,  0.059,  0.088, -0.025
 74220,  0.836,  0.005,  0.702,  0.077,  0.053,  0.018
 74280,  0.796, -0.029,  0.752,  0.088,  0.092, -0.034
 74340,  0.945,  0.007,  0.751,  0.068,  0.044, -0.008
 74400,  0.901,  0.010,  0.686,  0.081,  0.050, -0.004
 74460,  0.819,  0.113,  0.772,  0.049,  0.041,  0.024
 74520,  0.821,  0.082,  0.806,  0.078,  0.069, -0.034
 74580,  0.748,  0.061,  0.818,  0.090,  0.068,  0.037
 74640,  0.778,  0.029,  0.913,  0.087,  0.082, -0.040
 74700,  0.657,  0.043,  0.850,  0.063,  0.075, -0.025
 74760,  0.712,  0.066,  0.910,  0.079,  0.105, -0.001
 74820,  0.837,  0.042,  1.208,  0.093,  0.060,  0.025
 74880,  0.730,  0.047,  1.063,  0.067,  0.044, -0.037
 74940,  0.838,  0.037,  0.839,  0.079,  0.099,  0.033
 75000,  0.819,  0.064,  0.811,  0.057,  0.081, -0.037
 75060,  0.834,  0.110,  0.847,  0.057,  0.075, -0.069
 75120,  0.711,  0.055,  1.011,  0.067,  0.082, -0.030
 75180,  0.682,  0.086,  1.098,  0.089,  0.085, -0.076
 75240,  0.806,  0.098,  1.044,  0.054,  0.094, -0.023
 75300,  0.798,  0.041,  0.935,  0.071,  0.120, -0.021
 75360,  0.785,  0.041,  0.826,  0.060,  0.138, -0.043
 75420,  0.825,  0.089,  1.014,  0.072,  0.120, -0.045
 75480,  0.853,  0.043,  1.023,  0.063,  0.114, -0.069
 75540,  0.698,  0.067,  1.017,  0.076,  0.114,  0.068
 75600,  0.704,  0.092,  0.927,  0.086,  0.129, -0.054
 75660,  0.674,  0.126,  0.884,  0.113,  0.062, -0.039
 75720,  0.775,  0.045,  1.079,  0.055,  0.111, -0.095
 75780,  0.713,  0.075,  1.223,  0.074,  0.047, -0.139
 75840,  0.711,  0.095,  1.295,  0.106,  0.049, -0.142
 75900, -9999.000, -9999.000, -9999.000, -9999.000, -9999.000, -9999.000
 75960,  0.537,  0.105,  0.746,  0.055,  0.026, -0.060
 76020,  0.573,  0.091,  1.473,  0.079,  0.060, -0.113
 76080,  0.651,  0.077,  0.969,  0.041,  0.121, -0.079
 76140,  0.722,  0.031,  0.999,  0.041,  0.123, -0.062
 76200,  0.705,  0.063,  0.810,  0.051,  0.080, -0.101
 76260,  0.872,  0.070,  0.848,  0.090,  0.146, -0.064
 76320,  0.820,  0.055,  1.014,  0.067,  0.104, -0.090
 76380,  0.849,  0.026,  0.895,  0.070,  0.089, -0.125
 76440,  0.706,  0.127,  0.898,  0.043,  0.100, -0.085
 76500,  0.749, -9999.000,  0.751,  0.019,  0.098, -0.087
 76560,  0.787, -9999.000,  0.830,  0.059,  0.163, -0.108
 76620,  0.653, -9999.000,  0.877,  0.039,  0.158, -0.033
 76680,  0.689, -9999.000,  0.785,  0.014,  0.103, -0.087
 76740,  0.718, -9999.000,  0.976,  0.038,  0.162, -0.015
 76800,  0.780, -9999.000,  0.939,  0.059,  0.090, -0.113
 76860,  0.781, -9999.000,  0.818,  0.045,  0.067, -0.085
 76920,  0.656, -9999.000,  0.929,  0.026,  0.094, -0.057
 76980,  0.887, -9999.000,  0.792,  0.043,  0.095, -0.047
 77040,  0.741, -9999.000,  0.795,  0.062,  0.119, -0.069
 77100,  0.674, -9999.000,  0.741,  0.038,  0.135, -0.046
 77160,  0.799, -9999.000,  0.758,  0.033,  0.095, -0.097
 77220,  0.811, -9999.000,  0.744,  0.007,  0.083, -0.044
 77280,  0.640, -9999.000,  0.756,  0.051,  0.121, -0.024
 77340,  0.744, -9999.000,  0.767,  0.038,  0.118, -0.029
 77400,  0.697, -9999.000,  0.790,  0.037,  0.067, -0.048
 77460,  0.829, -9999.000,  0.698,  0.059,  0.098,  0.013
 77520,  0.782, -9999.000,  0.736,  0.031,  0.156, -0.014
 77580,  0.834, -9999.000,  0.716,  0.051,  0.153, -0.066
 77640,  0.776, -9999.000,  0.753,  0.021,  0.127, -0.042
 77700,  0.717, -9999.000,  0.791, -0.001,  0.156,  0.033
 77760,  0.791, -9999.000,  0.827,  0.036,  0.082, -0.008
 77820,  0.616, -9999.000,  0.875,  0.012,  0.148, -0.091
 77880,  0.829, -9999.000,  1.285,  0.033,  0.139, -0.009
 77940,  0.789, -9999.000,  0.838,  0.033,  0.119, -0.028
 78000,  0.813, -9999.000,  0.886,  0.007,  0.167, -0.064
 78060,  0.758, -9999.000,  0.846,  0.037,  0.140, -0.021
 78120,  0.780, -9999.000,  0.877,  0.031,  0.141,  0.025
 78180,  0.715, -9999.000,  0.862,  0.037,  0.147, -0.019
 78240,  0.679, -9999.000,  0.879,  0.047,  0.130, -0.054
 78300,  0.830, -9999.000,  0.843,  0.049,  0.162, -0.011
 78360,  0.724, -9999.000,  0.885,  0.047,  0.140,  0.026
 78420,  0.721, -9999.000,  0.714,  0.014,  0.135,  0.020
 78480,  0.774, -9999.000,  0.794,  0.020,  0.119, -0.059
 78540,  0.881, -9999.000,  0.809,  0.014,  0.146,  0.048
 78600,  0.851, -9999.000,  0.851,  0.047,  0.127,  0.040
 78660,  0.859, -9999.000,  0.906,  0.017,  0.155, -0.028
 78720,  0.725, -9999.000,  0.809,  0.018,  0.107, -0.025
 78780,  0.849, -9999.000,  0.901,  0.024,  0.168,  0.099
 78840,  0.863, -9999.000,  0.896,  0.031,  0.171,  0.068
 78900,  0.666, -9999.000,  0.815,  0.009,  0.149,  0.032
 78960,  0.786, -9999.000,  0.780,  0.026,  0.147,  0.093
 79020,  0.874, -9999.000,  0.685,  0.030,  0.128,  0.026
 79080,  0.855, -9999.000,  0.786,  0.016,  0.125,  0.078
 79140,  0.880, -9999.000,  0.800,  0.001,  0.151,  0.092
 79200,  0.817, -9999.000,  0.708,  0.027,  0.108,  0.054
 79260,  0.708, -9999.000,  0.790,  0.033,  0.146,  0.058
 79320,  0.740, -9999.000,  0.912,  0.011,  0.156,  0.024
 79380,  0.853, -9999.000,  1.032,  0.024,  0.156,  0.058
 79440,  0.770, -9999.000,  1.037,  0.045,  0.189,  0.039
 79500,  0.786, -9999.000,  0.933,  0.013,  0.174,  0.042
 79560,  1.004, -9999.000,  1.117,  0.033,  0.255,  0.285
 79620,  0.852, -9999.000,  0.574,  0.051,  0.144,  0.000
 79680,  0.722, -9999.000,  0.856,  0.032,  0.164,  0.002
 79740,  0.805, -9999.000,  0.820,  0.051,  0.138,  0.068
 79800,  0.861, -9999.000,  0.806,  0.035,  0.118,  0.018
 79860,  0.888, -9999.000,  0.725,  0.025,  0.171,  0.045
 79920,  0.712, -9999.000,  0.801,  0.032,  0.128,  0.080
 79980,  0.825, -9999.000,  0.894,  0.026,  0.122,  0.060
 80040,  0.796, -9999.000,  0.776,  0.040,  0.163,  0.074
 80100,  0.759, -9999.000,  0.775,  0.009,  0.112,  0.120
 80160,  0.892, -9999.000,  0.711,  0.064,  0.110,  0.243
 80220,  0.809, -9999.000,  0.703,  0.010,  0.113,  0.065
 80280,  0.779, -9999.000,  0.879,  0.054,  0.124,  0.035
 80340,  0.823, -9999.000,  0.860,  0.081,  0.135,  0.154
 80400,  0.814, -9999.000,  0.812,  0.036,  0.143,  0.106
 80460,  0.820, -9999.000,  0.864,  0.033,  0.143,  0.127
 80520,  0.757, -9999.000,  0.818,  0.038,  0.136,  0.086
 80580,  0.670, -9999.000,  0.793,  0.051,  0.099,  0.063
 80640,  0.907, -9999.000,  0.679,  0.056,  0.132,  0.140
 80700,  0.794, -9999.000,  0.703,  0.041,  0.094,  0.063
 80760,  0.801, -9999.000,  0.823,  0.074,  0.113,  0.088
 80820,  0.716, -9999.000,  0.755,  0.064,  0.090,  0.098
 80880,  0.804, -9999.000,  0.797,  0.047,  0.128,  0.145
 80940,  0.782, -9999.000,  0.797,  0.070,  0.084,  0.090
 81000,  0.787, -9999.000,  0.617,  0.070,  0.087,  0.079
 81060,  0.834, -9999.000,  0.708,  0.068,  0.147,  0.094
 81120,  0.807, -9999.000,  0.764,  0.075,  0.062,  0.067
 81180,  0.804, -9999.000,  0.552,  0.043,  0.035,  0.088
 81240,  0.795, -9999.000,  0.585,  0.038,  0.077,  0.093
 81300,  0.618, -9999.000,  0.548,  0.097,  0.046,  0.077
 81360,  0.756, -9999.000,  0.529,  0.048,  0.056,  0.092
 81420,  0.798, -9999.000,  0.310,  0.134,  0.090, -0.015
 81480,  0.646, -9999.000,  0.471,  0.030,  0.055,  0.057
 81540,  0.724, -9999.000,  0.494,  0.056,  0.072,  0.066
 81600,  0.673, -9999.000,  0.435,  0.070,  0.095,  0.077
 81660,  0.772, -9999.000,  0.563,  0.076,  0.067,  0.084
 81720,  0.738, -9999.000,  0.542,  0.076,  0.060,  0.112
 81780,  0.888, -9999.000,  0.549,  0.067,  0.087,  0.063
 81840,  0.777, -9999.000,  0.587,  0.077,  0.114,  0.070
 81900,  0.761, -9999.000,  0.567,  0.049,  0.097,  0.049
 81960,  0.722, -9999.000,  0.570,  0.053,  0.115,  0.063
 82020,  1.004,  0.022,  0.593,  0.071,  0.096,  0.097
 82080,  0.818,  0.042,  0.749,  0.046,  0.097,  0.149
 82140,  0.859,  0.007,  0.488,  0.022,  0.071,  0.053
 82200,  0.860,  0.049,  0.513,  0.045,  0.066,  0.096
 82260,  0.896,  0.076,  0.546,  0.039,  0.089,  0.057
 82320,  0.950,  0.074,  0.555,  0.063,  0.088,  0.085
 82380,  0.703,  0.031,  0.547,  0.025,  0.051,  0.106
 82440,  0.848,  0.112,  0.548,  0.054,  0.089,  0.093
 82500,  0.917,  0.038,  0.531,  0.044,  0.065,  0.132
 82560,  0.910, -0.001,  0.549,  0.071,  0.078,  0.056
 82620,  0.941,  0.081,  0.627,  0.052,  0.139,  0.087
 82680,  0.959,  0.050,  0.581,  0.063,  0.105,  0.021
 82740,  0.857,  0.024,  0.606,  0.075,  0.141,  0.100
 82800,  0.892,  0.131,  0.667,  0.045,  0.147,  0.006
 82860,  0.863,  0.065,  0.559,  0.040,  0.100,  0.100
 82920,  1.073,  0.169,  0.707,  0.044,  0.177,  0.079
 82980,  0.901,  0.072,  0.688,  0.065,  0.192,  0.074
 83040,  0.999,  0.124,  0.725,  0.080,  0.112,  0.055
 83100,  0.973,  0.116,  0.563,  0.034,  0.119,  0.024
 83160,  1.029,  0.052,  0.752,  0.044,  0.110,  0.165
 83220,  1.086,  0.056,  0.790,  0.061,  0.169,  0.048
 83280, -9999.000, -9999.000, -9999.000, -9999.000, -9999.000, -9999.000
 83340,  1.065,  0.088,  0.801,  0.021,  0.096,  0.179
 83400,  1.002,  0.135,  0.985,  0.075,  0.134,  0.014
 83460,  1.002,  0.074,  0.997,  0.058,  0.170,  0.122
 83520,  1.050,  0.098,  0.661,  0.050,  0.122,  0.032
 83580,  0.885,  0.001,  0.761,  0.036,  0.102,  0.046
 83640,  1.046,  0.026,  0.642,  0.046,  0.128,  0.072
 83700,  1.091,  0.071,  0.665,  0.043,  0.119,  0.047
 83760,  1.133,  0.034,  0.600,  0.049,  0.167,  0.038
 83820,  0.979,  0.080,  0.667,  0.047,  0.176,  0.003
 83880,  1.026,  0.087,  0.890,  0.028,  0.168,  0.045
 83940,  1.075,  0.070,  0.859,  0.059,  0.168,  0.054
 84000,  0.974,  0.104,  0.691,  0.071,  0.118,  0.011
 84060,  1.073,  0.106,  0.596,  0.064,  0.119,  0.039
 84120,  0.918,  0.018,  0.655,  0.060,  0.172,  0.079
 84180,  0.990,  0.031,  0.529,  0.050,  0.158,  0.001
