CampaignData_and_Merges/R0/CSL_MobileLab_Parked/raw/20240811/USOS-NOAAIodideCIMS-HNO3_MobileLabGround_20240811_RA.ict
33, 1001
Michael A Robinson, Chris Jernigan, Subi Thakali
NOAA ESRL Chemical Sciences Laboratory and CIRES, U. of Colorado
NOAA Iodide CIMS Instrument
USOS
1, 1
2024, 08, 11, 2024, 08, 13
1
starttime_UTC, seconds_past_midnight, seconds_of_day_since_00:00:00_UTC
1
1
-9999
HNO3_NOAACIMS, pptv, Gas_HNO3_InSitu_S_AVMR, 
0
18
PI_CONTACT_INFO: 325 Broadway, R/CSD 7, Boulder, Colorado 80305; michael.a.robinson@noaa.gov; chris.jernigan@noaa.gov;
PLATFORM: NOAA CSL Mobile Lab
LOCATION: SLC, Utah
ASSOCIATED_DATA: 1Hz data also available on request.
INSTRUMENT_INFO: NOAA I- ToF CIMS
DATA_INFO: All data in parts per trillion by volume (pptv). 1 Hz data is available upon request.
UNCERTAINTY: TBD
ULOD_FLAG: -7777
ULOD_VALUE: N/A
LLOD_FLAG: -8888
LLOD_VALUE: N/A
DM_CONTACT_INFO: Nathan Howard; nathan.h.howard@noaa.gov
PROJECT_INFO: USOS, summer 2024. https://csl.noaa.gov/groups/csl7/measurements/2024usos/
STIPULATIONS_ON_USE: Users are strongly encouraged to contact the PI for proper data usage.
OTHER_COMMENTS: 
REVISION: RA
RA: Preliminary Data; For in-field use only
starttime_UTC, HNO3_NOAACIMS
[from data line 1015]
 60900, 329.472
 60960, 323.994
 61020, 311.694
 61080, 304.974
 61140, 270.387
 61200, 282.401
 61260, 285.960
 61320, 275.384
 61380, 261.118
 61440, 258.541
 61500, 253.414
 61560, 237.585
 61620, 230.044
 61680, 233.225
 61740, 237.775
 61800, 244.033
 61860, 254.152
 61920, 264.556
 61980, 270.512
 62040, 276.675
 62100, 283.289
 62160, 281.587
 62220, 276.445
 62280, 275.943
 62340, 271.333
 62400, 268.924
 62460, 275.045
 62520, 285.227
 62580, 290.976
 62640, 295.243
 62700, 308.466
 62760, 314.469
 62820, 313.500
 62880, 308.251
 62940, 309.789
 63000, 296.483
 63060, 296.149
 63120, 305.980
 63180, 317.624
 63240, 319.827
 63300, 321.512
 63360, 323.714
 63420, 328.304
 63480, 331.270
 63540, 330.059
 63600, 327.206
 63660, 330.863
 63720, 321.243
 63780, 314.039
 63840, 314.943
 63900, 315.527
 63960, 312.315
 64020, 312.777
 64080, 318.944
 64140, 321.958
 64200, 323.056
 64260, 327.963
 64320, 328.474
 64380, 332.514
 64440, 337.210
 64500, 328.532
 64560, 332.843
 64620, 335.359
 64680, 350.269
 64740, 359.367
 64800, -9999.000
 64860, 335.786
 64920, 342.914
 64980, 351.468
 65040, 352.757
 65100, 346.192
 65160, 351.742
 65220, 363.765
 65280, 370.052
 65340, 379.962
 65400, 380.596
 65460, 379.358
 65520, 378.165
 65580, 380.939
 65640, 378.039
 65700, 380.167
 65760, 371.746
 65820, 368.474
 65880, 375.858
 65940, 378.215
 66000, 370.243
 66060, 364.364
 66120, 367.342
 66180, 363.574
 66240, 358.759
 66300, 360.411
 66360, 365.674
 66420, 374.524
 66480, 381.274
 66540, 387.759
 66600, 388.728
 66660, -9999.000
 66720, 359.542
 66780, 349.903
 66840, 349.257
 66900, 343.347
 66960, 346.139
 67020, 345.940
 67080, 348.487
 67140, 357.755
 67200, 352.526
 67260, 360.822
 67320, 370.420
 67380, 371.589
 67440, 369.485
 67500, 366.792
 67560, 373.053
 67620, 384.021
 67680, 379.897
 67740, 382.728
 67800, 390.847
 67860, 396.273
 67920, 399.567
 67980, 402.960
 68040, 401.897
 68100, 405.660
 68160, 403.314
 68220, 406.310
 68280, 414.390
 68340, 416.572
 68400, 420.288
 68460, 417.766
 68520, -9999.000
 68580, 386.294
 68640, 402.423
 68700, 413.096
 68760, 420.926
 68820, 421.340
 68880, 425.138
 68940, 434.210
 69000, 429.630
 69060, 418.899
 69120, 407.657
 69180, 422.057
 69240, 427.108
 69300, 427.002
 69360, 437.916
 69420, 417.464
 69480, 411.986
 69540, 402.708
 69600, 404.110
 69660, 405.683
 69720, 406.874
 69780, 414.941
 69840, 403.595
 69900, 396.005
 69960, 413.460
 70020, 422.677
 70080, 424.105
 70140, 433.940
 70200, 431.153
 70260, 431.542
 70320, 426.314
 70380, 399.529
 70440, 398.553
 70500, 392.862
 70560, 405.100
 70620, 414.183
 70680, 425.903
 70740, 440.066
 70800, 446.072
 70860, 453.643
 70920, 461.012
 70980, 471.027
 71040, 485.593
 71100, 487.362
 71160, 490.648
 71220, 495.004
 71280, 507.759
 71340, 515.373
 71400, 520.549
 71460, 552.077
 71520, 571.789
 71580, 611.475
 71640, 625.364
 71700, 630.732
 71760, 615.250
 71820, 598.914
 71880, 597.594
 71940, 613.751
 72000, 623.363
 72060, 625.413
 72120, 643.718
 72180, -9999.000
 72240, 544.964
 72300, 563.856
 72360, 590.154
 72420, 606.757
 72480, 604.474
 72540, 607.416
 72600, 611.313
 72660, 602.110
 72720, 595.096
 72780, 596.068
 72840, 589.961
 72900, 582.163
 72960, 591.542
 73020, 599.666
 73080, 593.625
 73140, 603.137
 73200, 613.328
 73260, 598.525
 73320, 602.256
 73380, 619.262
 73440, 616.332
 73500, 625.135
 73560, 636.632
 73620, 636.251
 73680, 620.891
 73740, 607.004
 73800, 594.763
 73860, 580.893
 73920, 561.482
 73980, 536.239
 74040, -9999.000
 74100, 498.287
 74160, 508.868
 74220, 508.648
 74280, 499.346
 74340, 499.235
 74400, 514.988
 74460, 509.778
 74520, 504.480
 74580, 492.427
 74640, 499.956
 74700, 511.821
 74760, 551.180
 74820, 535.927
 74880, 527.947
 74940, 531.056
 75000, 540.066
 75060, 543.790
 75120, 557.230
 75180, 563.260
 75240, 547.152
 75300, 510.457
 75360, 489.590
 75420, 503.317
 75480, 502.102
 75540, 505.361
 75600, 542.023
 75660, 539.414
 75720, 564.277
 75780, 557.768
 75840, 558.618
 75900, -9999.000
 75960, 509.620
 76020, 541.325
 76080, 547.877
 76140, 567.953
 76200, 574.557
 76260, 569.460
 76320, 576.383
 76380, 580.932
 76440, 596.037
 76500, 602.595
 76560, 628.287
 76620, 612.394
 76680, 596.220
 76740, 608.749
 76800, 604.584
 76860, 587.158
 76920, 577.011
 76980, 558.953
 77040, 554.509
 77100, 551.880
 77160, 541.651
 77220, 513.797
 77280, 492.352
 77340, 460.348
 77400, 435.446
 77460, 435.718
 77520, 449.477
 77580, 432.294
 77640, 421.792
 77700, 424.227
 77760, 404.318
 77820, 407.116
 77880, 430.265
 77940, 441.873
 78000, 451.415
 78060, 450.512
 78120, 450.296
 78180, 449.217
 78240, 447.978
 78300, 445.303
 78360, 446.253
 78420, 442.243
 78480, 455.382
 78540, 469.918
 78600, 483.959
 78660, 480.025
 78720, 495.122
 78780, 515.610
 78840, 511.732
 78900, 517.481
 78960, 525.292
 79020, 525.962
 79080, 532.776
 79140, 526.942
 79200, 505.233
 79260, 509.122
 79320, 505.315
 79380, 499.146
 79440, 483.830
 79500, 481.675
 79560, 474.802
 79620, 422.031
 79680, 436.668
 79740, 447.230
 79800, 450.335
 79860, 458.849
 79920, 461.879
 79980, 457.679
 80040, 453.417
 80100, 459.220
 80160, 456.568
 80220, 451.170
 80280, 451.701
 80340, 445.942
 80400, 440.862
 80460, 442.536
 80520, 440.022
 80580, 436.668
 80640, 436.505
 80700, 440.144
 80760, 439.944
 80820, 435.438
 80880, 429.160
 80940, 425.241
 81000, 417.776
 81060, 419.512
 81120, 409.096
 81180, 409.112
 81240, 414.613
 81300, 415.547
 81360, 431.485
 81420, 422.772
 81480, 401.874
 81540, 386.049
 81600, 384.553
 81660, 391.550
 81720, 392.711
 81780, 384.199
 81840, 377.877
 81900, 387.162
 81960, 396.926
 82020, 410.231
 82080, 423.199
 82140, 414.627
 82200, 427.500
 82260, 444.781
 82320, 446.469
 82380, 462.252
 82440, 454.020
 82500, 455.193
 82560, 468.983
 82620, 481.514
 82680, 486.546
 82740, 501.818
 82800, 493.473
 82860, 490.739
 82920, 503.138
 82980, 508.443
 83040, 503.316
 83100, 492.640
 83160, 488.125
 83220, 474.034
 83280, -9999.000
 83340, 422.476
 83400, 438.332
 83460, 437.044
 83520, 450.393
 83580, 475.279
 83640, 497.256
 83700, 517.413
 83760, 501.372
 83820, 496.050
 83880, 503.137
 83940, 490.769
 84000, 509.125
 84060, 528.833
 84120, 542.047
 84180, 557.421
 84240, 570.259
 84300, 578.796
 84360, 592.007
 84420, 594.960
 84480, 596.214
 84540, 595.417
 84600, 593.083
 84660, 594.704
 84720, 591.502
 84780, 579.219
 84840, 572.350
 84900, 577.889
 84960, 590.634
 85020, 579.983
 85080, 575.379
 85140, 516.109
 85200, 529.966
 85260, 515.783
 85320, 532.297
 85380, 523.597
 85440, 509.796
 85500, 501.291
 85560, 505.039
 85620, 501.686
 85680, 481.052
 85740, 493.773
 85800, 499.529
 85860, 518.048
 85920, 529.373
 85980, 524.557
 86040, 525.296
 86100, 515.084
 86160, 508.018
 86220, 519.411
 86280, 517.256
 86340, 521.483
