CampaignData_and_Merges/R0/CSL_MobileLab_Parked/raw/20240811/USOS-Picarro-CO2-CH4-CO-H2O_MobileLabGround_20240811_R0.ict
38, 1001
Ilana Pollack, Nell Schafer, and Jeff Peischl
NOAA Chemical Sciences Laboratory
Picarro 2401-m CO2/CH4/CO/H2O Analyzer
USOS
1, 1
2024, 08, 11, 2024, 11, 20
0
StartTime_UTC, seconds_past_midnight, seconds past midnight
5
1, 1, 1, 1, 1
-9999, -9999, -9999, -9999, -9999
StopTime_UTC, seconds_past_midnight, seconds past midnight
CO2_ppm_1min, ppm, Gas_CO2_InSitu_S_DMF, carbon dioxide mixing ratio
CH4_ppb_1min, ppb, Gas_CH4_InSitu_S_DMF, methane mixing ratio
CO_ppb_1min, ppb, Gas_CO_InSitu_S_DMF, carbon monoxide mixing ratio
H2O_ppmv_1min, ppmv, Met_H2OMRV_InSitu_S_AVMR, water vapor mixing ratio
1
SPECIAL COMMENTS: N/A
18
PI_CONTACT_INFO: Address: NOAA Chemical Sciences Laboratory, Mail Stop CSL7, 325 Broadway, Boulder, CO 80305; Email: Ilana.Pollack@noaa.gov
PLATFORM: NOAA CSL Mobile Laboratory
LOCATION: The mobile lab was stationed in Salt Lake City, Utah.
ASSOCIATED_DATA: N/A
INSTRUMENT_INFO: CO2, CH4, and CO are reported as dry air mole fractions using a commercial wavelength-scanned cavity ring-down analyzer (Picarro 2401-m). An in-field calibration gas standard of 432±0.07 ppm CO2, 2095±1 ppb CH4, and 183±1 ppb CO, calibrated in the Boulder laboratories before and after the field project using primary CO2, CH4, and CO standard tanks tied to the WMO standard (X2019, X2004A, and X2014A, respectively) from the Global Monitoring Laboratory (GML), was delivered to the inlet every 2-3 days to evaluate instrument sensitivity. A H2O measurement was calibrated before the project with a Dew Point Mirror 373 hygrometer. The water correction calculated from these calibrations was applied to the H2O measurement for the entire campaign. Species are measured at 0.5 Hz and reported as 1-minute averages for stationary measurements.
DATA_INFO: Units: CO2, ppm, dry air mole fraction; CH4, ppb, dry air mole fraction; CO, ppb, dry air mole fraction; H2O, ppmv
UNCERTAINTY: Total uncertainties are estimated as ±0.1 ppm for CO2, ±1 ppb for CH4, ±5 ppb for CO, and ±(50 ppm + 4%) for H2O.
ULOD_FLAG: -7777
ULOD_VALUE: N/A
LLOD_FLAG: -8888
LLOD_VALUE: N/A
DM_CONTACT_INFO: Data Manager: Nathan Howard; nathan.h.howard@noaa.gov
PROJECT_INFO: USOS Dates of Study: July – August 2024
STIPULATIONS_ON_USE: Use of these data require prior ok from PI.
OTHER_COMMENTS: Data are averaged to 1 minute intervals. Stationary data collected from a 10 ft tower on top of the mobile van.
REVISION: R0
R0: Final Data
StartTime_UTC, StopTime_UTC, CO2_ppm_1min, CH4_ppb_1min, CO_ppb_1min, H2O_ppmv_1min
[from data line 384]
23040,23100,439.24,1955.8,143.7,12504.7158
23100,23160,438.64,1955.1,145.8,12476.3252
23160,23220,439.42,1956.6,144.9,12517.2412
23220,23280,443.32,1969.9,175.7,12738.4990
23280,23340,449.38,1982.1,223.5,13061.8652
23340,23400,452.94,1982.8,299.1,13150.0078
23400,23460,448.34,1976.5,235.8,12942.8291
23460,23520,438.61,1960.1,156.8,12515.6729
23520,23580,437.98,1957.7,159.3,12507.4717
23580,23640,438.62,1956.1,158.7,12477.8281
23640,23700,440.81,1955.3,155.6,12611.8125
23700,23760,437.86,1954.7,145.1,12541.6787
23760,23820,438.54,1955.5,146.8,12586.4385
23820,23880,438.97,1956.2,147.6,12602.4414
23880,23940,437.78,1955.9,142.5,12555.7793
23940,24000,438.54,1956.4,143.8,12629.5303
24000,24060,436.75,1955.2,143.9,12502.3945
24060,24120,436.49,1954.9,146.6,12470.6621
24120,24180,437.16,1955.5,150.9,12558.2666
24180,24240,443.31,1960.2,154.3,12901.2959
24240,24300,446.85,1961.3,160.4,13014.2451
24300,24360,440.31,1958.8,173.4,12653.2393
24360,24420,437.41,1955.7,154.9,12537.6348
24420,24480,437.21,1957.3,145.6,12548.6982
24480,24540,437.47,1957.7,143.8,12567.1309
24540,24600,437.43,1957.1,144.0,12559.4785
24600,24660,437.47,1957.3,142.9,12570.0645
24660,24720,438.99,1960.5,145.3,12647.6992
24720,24780,441.65,1964.6,147.4,12789.8838
24780,24840,440.36,1961.3,145.7,12719.7764
24840,24900,449.44,1966.9,162.8,13121.3730
24900,24960,452.86,1967.9,155.0,13117.3008
24960,25020,446.68,1973.7,160.2,13069.7432
25020,25080,448.20,1980.6,168.9,13203.0176
25080,25140,447.80,1984.7,173.4,13246.0762
25140,25200,453.92,1992.4,181.3,13538.7256
25200,25260,456.66,1998.4,199.6,13695.6143
25260,25320,459.68,1996.6,210.5,13794.2246
25320,25380,461.05,1999.1,234.7,13800.2217
25380,25440,469.04,2007.7,282.7,14146.1768
25440,25500,475.15,2013.0,325.7,14400.4443
25500,25560,477.41,2013.6,346.5,14528.5381
25560,25620,478.77,2015.1,357.4,14617.4238
25620,25680,478.68,2014.1,359.9,14607.9961
25680,25740,480.18,2016.6,357.8,14662.2002
25740,25800,480.91,2018.5,364.2,14659.3203
25800,25860,481.06,2019.0,360.6,14677.3379
25860,25920,480.86,2017.8,357.4,14698.7744
25920,25980,481.80,2017.6,361.3,14698.1299
25980,26040,473.88,2005.1,329.8,14383.5273
26040,26100,473.91,2004.4,332.3,14397.3174
26100,26160,472.93,2002.6,325.1,14373.9209
26160,26220,473.61,2002.7,346.9,14396.5195
26220,26280,471.52,2001.9,318.9,14355.4639
26280,26340,473.35,2004.5,340.0,14427.0410
26340,26400,471.11,2001.6,340.6,14384.6709
26400,26460,468.02,1995.5,306.6,14274.3516
26460,26520,469.04,1993.5,281.2,14287.1504
26520,26580,464.44,1988.9,265.1,14180.0479
26580,26640,462.29,1996.6,261.6,14101.2031
26640,26700,462.72,2006.7,260.7,14108.2021
26700,26760,465.38,2014.0,269.0,14217.4063
26760,26820,463.54,2013.1,270.7,14097.7676
26820,26880,464.96,2017.8,276.3,14150.5811
26880,26940,467.03,2019.2,271.4,14265.1064
26940,27000,464.77,2013.8,265.7,14186.0674
27000,27060,464.01,2009.3,261.1,14171.0469
27060,27120,463.72,2008.2,260.3,14186.8926
27120,27180,463.72,2009.4,264.1,14182.1602
27180,27240,463.27,2009.5,271.6,14138.7080
27240,27300,466.28,2012.8,273.6,14146.0967
27300,27360,468.64,2013.0,295.9,14217.1211
27360,27420,469.49,2013.7,321.9,14269.7236
27420,27480,468.79,2014.7,320.8,14242.4180
27480,27540,467.22,2016.8,306.0,14214.2686
27540,27600,469.58,2016.6,300.6,14269.0098
27600,27660,471.80,2022.2,307.0,14361.1914
27660,27720,472.26,2020.8,309.6,14409.8701
27720,27780,467.00,2013.4,286.9,14158.6992
27780,27840,463.34,2007.7,262.6,14019.7012
27840,27900,471.08,2016.6,285.7,14369.9092
27900,27960,470.36,2021.4,286.6,14346.6377
27960,28020,473.08,2026.0,282.1,14424.8154
28020,28080,472.28,2026.5,272.3,14307.8320
28080,28140,471.08,2025.9,276.2,14323.2725
28140,28200,471.33,2024.8,288.7,14382.9512
28200,28260,471.13,2025.3,285.4,14379.9678
28260,28320,471.53,2030.0,287.2,14367.0020
28320,28380,475.33,2052.6,287.1,14452.5908
28380,28440,474.63,2034.0,280.9,14456.1748
28440,28500,473.94,2028.8,278.4,14396.2275
28500,28560,458.11,2001.8,220.0,13691.7969
28560,28620,464.79,2010.6,237.5,14027.9844
28620,28680,461.04,2002.7,220.3,13886.2363
28680,28740,461.72,2006.6,227.0,13938.6074
28740,28800,461.43,2002.8,220.1,13927.5254
28800,28860,470.11,2014.0,239.1,14239.1045
28860,28920,472.02,2011.6,236.0,14210.4502
28920,28980,469.72,2015.0,235.8,14284.9893
28980,29040,465.04,2006.4,224.8,14023.4736
29040,29100,457.68,1995.0,208.4,13643.3154
29100,29160,456.76,1994.1,205.9,13599.3008
29160,29220,457.45,1990.3,212.2,13598.3213
29220,29280,459.78,1987.9,193.7,13639.6670
29280,29340,451.27,1979.4,190.4,13318.6611
29340,29400,458.70,1988.2,851.4,13571.4824
29400,29460,461.20,2028.4,245.8,13598.6064
29460,29520,460.41,1990.6,198.2,13523.3525
29520,29580,454.61,1984.9,197.5,13376.4502
29580,29640,457.20,1987.7,201.5,13451.2852
29640,29700,457.88,1989.0,201.9,13456.2363
29700,29760,457.33,1989.6,205.7,13469.1406
29760,29820,456.63,1992.5,211.7,13451.1230
29820,29880,452.77,1986.8,198.8,13295.7393
29880,29940,454.49,1987.9,209.8,13376.9805
29940,30000,454.27,1985.2,194.8,13387.3516
30000,30060,446.92,1975.7,151.2,13005.3164
30060,30120,449.31,1979.7,154.7,13141.8887
30120,30180,449.95,1978.1,154.7,13149.9502
30180,30240,453.24,1982.8,159.8,13346.7754
30240,30300,452.14,1983.9,166.9,13262.3799
30300,30360,450.45,1980.5,163.3,13164.0254
30360,30420,449.45,1980.1,153.1,13116.8711
30420,30480,447.98,1976.6,149.3,13028.1602
30480,30540,447.65,1975.4,147.9,13016.6523
30540,30600,450.90,1983.4,151.9,13217.1035
30600,30660,446.57,1979.5,146.8,13408.0918
30660,30720,448.49,1984.3,165.3,13481.4658
30720,30780,451.60,1986.5,155.7,13185.5391
30780,30840,450.47,1979.4,153.3,13112.5635
30840,30900,449.00,1979.5,157.2,13116.9199
30900,30960,448.14,1980.9,151.8,13087.3047
30960,31020,448.24,1979.5,152.1,13076.2627
31020,31080,449.88,1980.2,154.5,13143.1699
31080,31140,447.20,1978.9,149.7,13041.8643
31140,31200,449.02,1980.9,150.7,13135.4941
31200,31260,448.17,1983.9,152.7,13186.7666
31260,31320,446.43,1980.3,150.9,13194.0586
31320,31380,446.44,1979.3,152.2,13272.5664
31380,31440,449.28,1983.3,170.3,13338.3564
31440,31500,449.36,1989.4,218.0,13425.8408
31500,31560,448.58,1990.1,217.2,13554.6826
31560,31620,447.23,1984.9,192.7,13764.5039
31620,31680,446.63,1984.7,178.2,13932.6289
31680,31740,447.42,1986.4,172.2,13949.6357
31740,31800,447.46,1987.9,168.1,13963.7686
31800,31860,448.01,1991.2,166.1,14069.1357
31860,31920,447.91,1994.7,162.1,14161.8184
31920,31980,447.20,1997.2,159.2,14202.0391
31980,32040,447.10,1998.5,155.6,14258.3330
32040,32100,446.64,1991.6,150.3,14272.2285
32100,32160,446.14,1989.2,152.9,14266.1240
32160,32220,445.88,1987.4,148.1,14271.1162
32220,32280,445.27,1985.8,147.5,14268.3379
32280,32340,445.94,1986.8,147.5,14378.6260
32340,32400,446.69,1987.8,200.6,14411.7783
32400,32460,447.40,1986.8,183.1,14467.5967
32460,32520,447.54,1986.2,157.9,14465.3096
32520,32580,448.43,1987.2,155.5,14489.5918
32580,32640,446.03,1986.5,152.7,14427.4199
32640,32700,446.79,1988.4,156.1,14459.3623
32700,32760,449.01,1993.9,160.4,14523.7598
32760,32820,450.25,1998.6,159.8,14608.3643
32820,32880,447.45,1993.8,150.7,14582.1914
32880,32940,446.90,1990.7,147.7,14573.3242
32940,33000,447.09,1990.5,146.5,14587.9824
33000,33060,449.09,1991.8,150.2,14658.9844
33060,33120,447.16,1989.2,148.0,14574.4600
33120,33180,447.84,1989.5,147.6,14583.5918
33180,33240,447.14,1992.4,146.2,14574.0059
33240,33300,446.23,1989.9,145.0,14526.2744
33300,33360,446.88,1991.5,143.3,14561.1367
33360,33420,448.90,1992.2,149.2,14630.5869
33420,33480,448.54,1991.2,150.5,14598.9297
33480,33540,447.96,1989.2,147.9,14496.7334
33540,33600,448.11,1987.2,147.7,14475.7871
33600,33660,449.99,1989.2,149.1,14536.5977
33660,33720,446.87,1987.0,147.7,14380.2148
33720,33780,447.34,1988.4,150.4,14423.5508
33780,33840,448.96,1989.8,151.7,14540.7490
33840,33900,449.97,1992.2,148.0,14540.5732
33900,33960,449.42,1996.5,146.2,14491.6230
33960,34020,449.21,1994.1,146.9,14476.3203
34020,34080,450.23,1990.0,156.5,14484.0498
34080,34140,450.94,1989.2,168.8,14515.8936
34140,34200,451.37,1987.9,189.2,14533.1836
34200,34260,450.21,1990.9,163.4,14524.6885
34260,34320,449.87,1989.8,149.7,14506.6045
34320,34380,450.89,1991.0,154.7,14553.7344
34380,34440,448.78,1989.5,145.9,14519.1807
34440,34500,448.87,1991.1,146.2,14538.1807
34500,34560,449.16,1993.2,151.9,14582.9707
34560,34620,449.73,1994.6,149.8,14621.0449
34620,34680,449.33,1994.4,149.4,14617.7041
34680,34740,451.75,1999.0,153.5,14646.0625
34740,34800,451.17,1999.2,152.3,14636.9492
34800,34860,449.51,1998.9,148.3,14572.5420
34860,34920,449.15,1997.0,142.5,14576.3057
34920,34980,449.69,1996.8,141.1,14599.1738
34980,35040,450.43,1997.9,142.6,14657.9746
35040,35100,450.85,1997.5,141.1,14679.1211
35100,35160,456.52,1998.8,141.6,14853.3340
35160,35220,452.51,1998.6,141.3,14726.5078
35220,35280,450.59,1997.8,147.4,14692.6055
35280,35340,449.36,2000.5,147.1,14688.6943
35340,35400,450.24,2003.1,143.5,14718.9219
35400,35460,449.14,1999.0,147.7,14715.4971
35460,35520,452.87,1998.0,151.9,14874.1094
35520,35580,451.16,2000.7,144.0,14835.0459
35580,35640,450.13,2005.7,142.9,14781.8652
35640,35700,450.41,2005.8,142.1,14790.2314
35700,35760,450.38,2005.9,143.3,14790.5986
35760,35820,449.20,2006.4,142.4,14753.8213
35820,35880,449.24,2004.2,143.3,14780.6367
35880,35940,448.17,1999.0,143.0,14739.1494
35940,36000,447.86,1997.8,143.4,14732.5957
36000,36060,446.77,1995.4,143.4,14680.1992
36060,36120,447.86,1998.3,143.9,14742.8896
36120,36180,449.15,1997.9,141.9,14800.8154
36180,36240,449.90,1997.9,142.3,14829.2383
36240,36300,450.13,2000.8,143.7,14849.8740
36300,36360,452.66,2003.2,145.4,14904.9863
36360,36420,448.89,2001.7,142.8,14848.5391
36420,36480,451.59,2002.4,145.9,14930.7109
36480,36540,448.56,1997.3,140.7,14815.3506
36540,36600,449.84,2002.6,141.1,14915.9014
36600,36660,450.82,2001.0,140.6,14926.6748
36660,36720,452.87,2002.8,140.5,14982.7295
36720,36780,452.46,2001.6,142.0,15007.0469
36780,36840,450.91,2001.7,139.6,14949.2256
36840,36900,450.93,2004.4,140.5,14985.8877
36900,36960,454.17,2007.7,141.2,15117.4551
36960,37020,453.12,2019.9,148.0,15172.8770
37020,37080,454.42,2019.5,146.8,15209.2402
37080,37140,452.17,2019.0,147.0,15204.5430
37140,37200,452.24,2016.5,146.9,15230.3584
37200,37260,450.77,2011.8,143.8,15220.1396
37260,37320,454.07,2012.5,145.4,15301.7246
37320,37380,449.11,2008.8,144.2,15230.5791
37380,37440,449.04,2009.5,141.7,15224.1953
37440,37500,448.76,2010.0,141.8,15245.9922
37500,37560,450.91,2012.5,142.6,15281.8271
37560,37620,448.77,2008.8,153.7,15291.3818
37620,37680,447.74,2006.3,160.6,15252.8086
37680,37740,448.68,2006.1,154.9,15242.1758
37740,37800,448.17,2002.2,148.4,15232.1846
37800,37860,451.33,2007.3,160.2,15293.4980
37860,37920,448.85,2000.1,148.5,15218.2383
37920,37980,448.29,1998.8,144.1,15194.4688
37980,38040,449.69,2003.0,144.0,15245.2607
38040,38100,452.60,2007.2,144.0,15375.3135
38100,38160,451.56,2005.6,144.1,15317.1387
38160,38220,450.68,2005.4,145.2,15318.8389
38220,38280,449.10,2002.1,142.7,15362.5879
38280,38340,447.25,1998.8,145.0,15192.0947
38340,38400,448.84,1999.5,145.0,15269.6973
38400,38460,448.15,1997.0,147.1,15198.5898
38460,38520,446.24,1995.4,146.5,15060.6846
38520,38580,449.49,1999.8,145.4,15190.7051
38580,38640,448.27,1997.4,147.4,15075.4912
38640,38700,450.33,1999.7,147.9,15206.6592
38700,38760,450.27,1999.6,148.3,15197.5625
38760,38820,451.35,2000.6,147.0,15215.5186
38820,38880,448.63,2000.7,149.1,15076.8398
38880,38940,448.67,2001.0,149.1,15093.5537
38940,39000,455.10,2000.0,155.1,15220.3545
39000,39060,448.80,1996.2,156.0,14956.1611
39060,39120,446.85,1994.0,151.4,14768.0068
39120,39180,448.75,1996.2,149.5,14878.5625
39180,39240,449.81,1998.7,152.0,14975.1602
39240,39300,451.21,2000.9,214.7,15032.7705
39300,39360,450.35,1997.0,185.4,14851.3291
39360,39420,448.31,1996.9,168.4,14745.2998
39420,39480,452.48,2005.1,184.0,14987.0234
39480,39540,452.98,2007.1,174.3,15211.1064
39540,39600,453.50,2007.5,166.5,15294.8457
39600,39660,457.17,2009.3,163.8,15411.0645
39660,39720,455.10,2007.9,162.1,15341.2227
39720,39780,452.57,2006.3,154.8,15060.1768
39780,39840,453.05,2008.9,151.4,15029.9902
39840,39900,452.46,2003.3,150.1,14823.7578
39900,39960,451.68,2002.9,153.3,14753.3145
39960,40020,453.34,2004.4,168.3,14771.2949
40020,40080,459.21,2007.8,187.8,14825.1270
40080,40140,457.45,2006.3,175.5,14762.6289
40140,40200,454.09,2001.4,166.4,14586.3428
40200,40260,452.44,2003.3,187.6,14590.3242
40260,40320,452.28,2000.4,183.0,14571.5928
40320,40380,455.33,2005.2,197.5,14716.3281
40380,40440,456.76,2007.0,193.9,14800.7441
40440,40500,457.62,2002.1,178.9,14776.2305
40500,40560,449.92,1996.2,160.6,14501.8711
40560,40620,451.17,1994.6,152.9,14484.5479
40620,40680,455.54,1995.2,162.3,14599.8613
40680,40740,452.29,1996.5,172.1,14541.0127
40740,40800,451.81,2000.8,174.6,14547.4863
40800,40860,452.05,2000.4,169.9,14560.9287
40860,40920,453.68,1999.5,168.3,14571.8936
40920,40980,452.68,1997.9,195.7,14539.7920
40980,41040,452.61,1998.7,212.0,14576.2471
41040,41100,452.11,2001.1,171.9,14675.8584
41100,41160,454.98,2004.2,194.3,14700.2607
41160,41220,449.61,2000.6,163.7,14533.1475
41220,41280,452.53,2002.4,170.2,14640.6279
41280,41340,453.97,2004.6,165.4,14711.4902
41340,41400,451.01,2012.7,154.4,14613.9229
41400,41460,449.20,2004.6,154.5,14434.8574
41460,41520,450.82,2011.7,153.4,14439.8359
41520,41580,457.40,2018.8,153.8,14620.7324
41580,41640,450.14,2010.2,156.3,14336.9287
41640,41700,451.25,2002.7,156.2,14352.7197
41700,41760,454.67,2000.8,162.7,14444.4375
41760,41820,450.98,1997.0,157.4,14269.0615
41820,41880,452.59,1997.7,155.6,14322.3809
41880,41940,450.02,1996.1,156.4,14193.0830
41940,42000,448.13,1995.4,154.3,14104.1689
42000,42060,449.98,1996.6,158.6,14161.9268
42060,42120,448.13,1994.4,156.6,14015.7734
42120,42180,447.57,1994.0,153.7,13985.5654
42180,42240,450.17,1995.0,154.4,14138.4434
42240,42300,448.74,1994.6,154.8,14056.3477
42300,42360,451.57,1998.2,156.1,14149.5898
42360,42420,448.58,1997.8,156.3,14015.2568
42420,42480,447.75,2001.1,161.6,14020.7803
42480,42540,450.41,2003.1,162.5,14162.4951
42540,42600,451.86,2005.0,159.5,14270.4346
42600,42660,449.25,2001.6,158.2,14155.8428
42660,42720,449.69,2000.6,158.0,14197.2793
42720,42780,450.35,1998.6,156.2,14213.9316
42780,42840,453.82,2002.3,162.2,14371.4287
42840,42900,455.74,2005.0,170.9,14374.5596
42900,42960,451.74,2003.4,175.8,14242.2402
42960,43020,450.68,2002.0,170.6,14223.4160
43020,43080,448.99,2002.3,165.9,14122.5889
43080,43140,452.34,2010.4,177.2,14172.6309
43140,43200,450.45,2004.8,173.5,14154.6641
43200,43260,448.39,1997.9,166.7,14098.2891
43260,43320,446.68,1996.4,159.3,14050.1895
43320,43380,446.97,1997.9,158.4,14103.8877
43380,43440,449.75,2007.0,163.9,14276.9033
43440,43500,450.02,2013.0,162.9,14333.7754
43500,43560,449.99,2008.1,163.8,14325.2246
43560,43620,450.48,2012.1,163.5,14358.4658
43620,43680,453.95,2013.0,166.5,14510.8682
43680,43740,450.03,2000.9,163.8,14395.8105
43740,43800,445.65,1994.9,155.4,14149.4404
43800,43860,446.05,1995.6,156.8,14176.7197
43860,43920,448.36,1997.8,158.6,14320.7051
43920,43980,447.71,1998.5,156.2,14331.2236
43980,44040,449.41,1999.4,157.6,14402.8232
44040,44100,450.63,1999.6,165.0,14376.1074
44100,44160,446.94,1992.3,159.3,14233.8613
44160,44220,445.92,1990.3,159.5,14179.4287
44220,44280,445.79,1991.4,158.9,14199.7227
44280,44340,448.43,1993.2,164.4,14347.5156
44340,44400,450.55,1998.4,163.8,14456.6367
44400,44460,451.76,2005.1,165.0,14560.6064
44460,44520,453.56,2004.2,161.2,14638.9424
44520,44580,451.45,2002.2,162.4,14615.9658
44580,44640,451.74,2000.0,168.5,14570.3428
44640,44700,453.99,1996.6,276.2,14448.7656
44700,44760,451.75,1995.0,207.1,14453.4648
44760,44820,450.67,1998.3,187.0,14433.7744
44820,44880,448.32,1996.1,167.1,14314.1953
44880,44940,448.18,1994.1,161.6,14272.6318
44940,45000,448.33,1993.9,162.1,14254.6738
45000,45060,450.88,1995.7,163.8,14375.3740
45060,45120,451.37,1995.4,168.5,14381.0674
45120,45180,450.96,1997.0,162.9,14373.3838
45180,45240,452.69,2006.9,173.5,14403.4141
45240,45300,451.23,2005.3,165.3,14387.9580
