CampaignData_and_Merges/R0/CSL_MobileLab_Parked/raw/20240811/USOS-NOy-LIF_MobileLabGround_20240811_R0.ict
39,1001
Rollins, A.; Waxman, E.; Zuraski, K.; Chace, W.
NOAA Chemical Sciences Laboratory
LIF NO/NOx/NOy on CSL Mobile Lab
AMMBEC / USOS
1, 1
2024,08,11, 2025,01,04
1
Time_Start, seconds, number_of_seconds_since_0000_UTC
7
1, 1, 1, 1, 1, 1, 1
-9999, -9999, -9999, -9999, -9999, -9999, -9999
Time_Stop, seconds, number_of_seconds_since_0000_UTC
NO_LIF, pptv, Gas_NO_InSitu_S_AVMR, volume mixing ratio of nitric oxide in air
NO2_LIF, pptv, Gas_NO2_InSitu_S_AVMR, volume mixing ratio of nitrogen dioxide in air
NOy_LIF, pptv, Gas_NOy_InSitu_S_AVMR, volume mixing ratio of total oxidized nitrogen in air
NO_LIF_1SigmaAccuracy, pptv, Gas_NO_InSitu_S_AVMR, volume mixing ratio of nitric oxide in air
NO2_LIF_1SigmaAccuracy, pptv, Gas_NO2_InSitu_S_AVMR, volume mixing ratio of nitrogen dioxide in air
NOy_LIF_1SigmaAccuracy, pptv, Gas_NOy_InSitu_S_AVMR, volume mixing ratio of total oxidized nitrogen in air
0
18
PI_CONTACT_INFO: andrew.rollins@noaa.gov
PLATFORM: CSL Mobile Lab
LOCATION: Salt Lake City, UT
ASSOCIATED_DATA:
INSTRUMENT_INFO: NO detection by laser induced fluorescence. NO2 detection by photolytic conversion to NO. NOy detection by catalytic conversion to NO on gold surface
DATA_INFO:
UNCERTAINTY: Included 1 Sigma Accuracy waves represent the combined calibration uncertainties (±6%, ±9%, ±10%) and zero uncertainties (3 ppt, 20 ppt, 100 ppt) for NO, NO2, and NOy, respectively.
ULOD_FLAG: -7777
ULOD_VALUE: N/A
LLOD_FLAG: -8888
LLOD_VALUE: N/A
DM_CONTACT_INFO: andrew.rollins@noaa.gov
PROJECT_INFO: USOS Project, July - August 2024
STIPULATIONS_ON_USE: Users are strongly encouraged to contact the PI for proper data usage.
OTHER_COMMENTS:
REVISION: R0
R0: final data
Time_Start, Time_Stop, NO_LIF, NO2_LIF, NOy_LIF, NO_LIF_1SigmaAccuracy, NO2_LIF_1SigmaAccuracy, NOy_LIF_1SigmaAccuracy
[from data line 528]
   31680,   31740,40.539,2738.1,4490.6,5.4323, 266.43, 549.06
   31740,   31800,17.861,2646.3,3679.7,4.0716, 258.16, 467.97
   31800,   31860,52.986,2958.6,3706.9,6.1792, 286.28, 470.69
   31860,   31920,88.186,3613.9,4426.1,8.2911, 345.25, 542.61
   31920,   31980,253.59,4389.7,5347,18.216, 415.07, 634.7
   31980,   32040,96.769,3298,5238.5,8.8062, 316.82, 623.85
   32040,   32100,26.282,2809,4167.3,4.5769, 272.81, 516.73
   32100,   32160,20.218,2687.6,3662.1,4.2131, 261.88, 466.21
   32160,   32220,34.721,2620.6,3632.6,5.0833, 255.86, 463.26
   32220,   32280,17.574,2452.9,3473.1,4.0545, 240.76, 447.31
   32280,   32340,18.077,2435,3268.6,4.0846, 239.15, 426.86
   32340,   32400,34.185,2540.4,3333.3,5.0511, 248.63, 433.33
   32400,   32460,86.515,2774.1,3602.9,8.1909, 269.67, 460.29
   32460,   32520,100.18,2924.3,3712.8,9.0111, 283.19, 471.28
   32520,   32580,196.95,3424.3,4445.3,14.817, 328.19, 544.53
   32580,   32640,92.37,3303,4456,8.5422, 317.27, 545.6
   32640,   32700,44.686,2980.5,3912.1,5.6812, 288.24, 491.21
   32700,   32760,90.108,3565.8,4021.3,8.4065, 340.92, 502.13
   32760,   32820,165.31,4544.2,5004,12.918, 428.98, 600.4
   32820,   32880,93.846,3401.9,4705,8.6308, 326.18, 570.5
   32880,   32940,81.072,3050.3,4270.2,7.8643, 294.52, 527.02
   32940,   33000,28.972,2717.8,3807.9,4.7383, 264.6, 480.79
   33000,   33060,579.74,3606.7,4117.1,37.784, 344.6, 511.71
   33060,   33120,644.48,4542.2,6833.5,41.669, 428.8, 783.35
   33120,   33180,382.23,3590,5989,25.934, 343.1, 698.9
   33180,   33240,114.71,3165.3,5199.4,9.8826, 304.88, 619.94
   33240,   33300,16.306,2689.2,3905.5,3.9784, 262.03, 490.55
   33300,   33360,12.964,2548.2,3501.3,3.7778, 249.34, 450.13
   33360,   33420,19.428,2615,3522.9,4.1657, 255.35, 452.29
   33420,   33480,143.11,3296.5,3896.8,11.587, 316.68, 489.68
   33480,   33540,55.719,3151.1,3971.6,6.3431, 303.6, 497.16
   33540,   33600,30.842,3073.5,3928.3,4.8505, 296.61, 492.83
   33600,   33660,30.62,2949.6,3876.3,4.8372, 285.47, 487.63
   33660,   33720,21.662,2936.6,3939.8,4.2997, 284.3, 493.98
   33720,   33780,14.236,2708.8,3757.4,3.8541, 263.79, 475.74
   33780,   33840,17.2,2767.2,3721,4.032, 269.05, 472.1
   33840,   33900,16.431,2802.4,3809,3.9859, 272.21, 480.9
   33900,   33960,18.573,2665.7,3838.1,4.1144, 259.91, 483.81
   33960,   34020,40.437,2666.1,3941.1,5.4262, 259.95, 494.11
   34020,   34080,21.642,2680.9,3887,4.2985, 261.28, 488.7
   34080,   34140,95.257,3083.2,3817,8.7154, 297.49, 481.7
   34140,   34200,392.39,4655,5019.8,26.543, 438.95, 601.98
   34200,   34260,692.25,7305.4,6932.2,44.535, 677.48, 793.22
   34260,   34320,219.36,5394.6,6209.1,16.161, 505.52, 720.91
   34320,   34380,41.997,4065.5,6031.8,5.5198, 385.89, 703.18
   34380,   34440,26.952,4068.4,5398.2,4.6171, 386.16, 639.82
   34440,   34500,32.324,3101.9,4199.4,4.9394, 299.17, 519.94
   34500,   34560,35.198,3107.1,4042.7,5.1119, 299.64, 504.27
   34560,   34620,169.17,3709,4119.3,13.15, 353.81, 511.93
   34620,   34680,131.05,3523.2,4516.6,10.863, 337.09, 551.66
   34680,   34740,167.11,3598.3,4802,13.027, 343.85, 580.2
   34740,   34800,96.401,3573.4,4911.6,8.7841, 341.61, 591.16
   34800,   34860,61.367,3508.8,4880.2,6.682, 335.79, 588.02
   34860,   34920,31.985,2928.6,4502.6,4.9191, 283.58, 550.26
   34920,   34980,21.379,2627.3,3788.2,4.2828, 256.45, 478.82
   34980,   35040,17.551,2460.3,3537.8,4.0531, 241.43, 453.78
   35040,   35100,28.874,2531.6,3491.3,4.7324, 247.84, 449.13
   35100,   35160,32.874,2458.5,3550,4.9725, 241.27, 455
   35160,   35220,45.114,2455,3428.3,5.7068, 240.95, 442.83
   35220,   35280,46.359,2388.1,3337.7,5.7815, 234.93, 433.77
   35280,   35340,21.094,2422.2,3487.4,4.2657, 238, 448.74
   35340,   35400,29.488,2562.9,3648.8,4.7693, 250.66, 464.88
   35400,   35460,25.615,2810.6,3970,4.5369, 272.96, 497
   35460,   35520,154.56,3609.9,3970,12.274, 344.89, 497
   35520,   35580,94.157,3582.7,4456.4,8.6494, 342.45, 545.64
   35580,   35640,39.25,3355.7,4357.8,5.355, 322.01, 535.78
   35640,   35700,19.377,3030.8,3944.6,4.1626, 292.77, 494.46
   35700,   35760,17.522,2965.3,3957.8,4.0513, 286.88, 495.78
   35760,   35820,18.225,2744.3,3676.9,4.0935, 266.99, 467.69
   35820,   35880,21.317,2747.1,3660.8,4.279, 267.24, 466.08
   35880,   35940,15.688,2664.6,3647.1,3.9413, 259.81, 464.71
   35940,   36000,16.596,2715.8,3729.7,3.9958, 264.42, 472.97
   36000,   36060,12.145,2609.4,3645.3,3.7287, 254.85, 464.53
   36060,   36120,9.3678,2476.4,3412.5,3.5621, 242.88, 441.25
   36120,   36180,11.067,2474.4,3352.8,3.664, 242.69, 435.28
   36180,   36240,24.036,2500.1,3443.4,4.4422, 245.01, 444.34
   36240,   36300,21.176,2415.1,3348.4,4.2706, 237.35, 434.84
   36300,   36360,18.834,2454.8,3447.3,4.1301, 240.93, 444.73
   36360,   36420,23.568,2523.5,3507.4,4.4141, 247.12, 450.74
   36420,   36480,12.275,2580.9,3261.8,3.7365, 252.28, 426.18
   36480,   36540,12.962,2547.9,3391.4,3.7777, 249.31, 439.14
   36540,   36600,9.2814,2365.9,3388.5,3.5569, 232.93, 438.85
   36600,   36660,11.884,2550.2,3451.6,3.713, 249.51, 445.16
   36660,   36720,17.851,2489.3,3540.3,4.0711, 244.04, 454.03
   36720,   36780,19.034,2541,3473.3,4.1421, 248.69, 447.33
   36780,   36840,33.288,2609.2,3469.2,4.9973, 254.83, 446.92
   36840,   36900,16.379,2417.7,3310.1,3.9827, 237.59, 431.01
   36900,   36960,23.561,2526,3487.4,4.4136, 247.34, 448.74
   36960,   37020,23.733,2849,3944.2,4.424, 276.41, 494.42
   37020,   37080,17.503,3719.6,4580.4,4.0502, 354.76, 558.04
   37080,   37140,16.975,3352.4,4484.3,4.0185, 321.71, 548.43
   37140,   37200,9.0742,3511.8,4419.8,3.5445, 336.06, 541.98
   37200,   37260,12.405,3419.2,4352.6,3.7443, 327.73, 535.26
   37260,   37320,7.1017,3064.9,4137.9,3.4261, 295.84, 513.79
   37320,   37380,20.079,3299.4,4432.9,4.2047, 316.95, 543.29
   37380,   37440,6.1545,2750.1,4055,3.3693, 267.51, 505.5
   37440,   37500,5.9282,2641.7,3751.2,3.3557, 257.75, 475.12
   37500,   37560,7.6511,2635.5,3779.4,3.4591, 257.19, 477.94
   37560,   37620,10.404,2718.5,3652.7,3.6243, 264.66, 465.27
   37620,   37680,8.2182,2448.1,3643.2,3.4931, 240.33, 464.32
   37680,   37740,17.739,2534.6,3810.9,4.0643, 248.11, 481.09
   37740,   37800,28.346,2390.4,3969.5,4.7007, 235.14, 496.95
   37800,   37860,18.077,2364.4,3866.3,4.0846, 232.8, 486.63
   37860,   37920,16.863,2592,3588.1,4.0118, 253.28, 458.81
   37920,   37980,8.7326,2356.2,3222.4,3.524, 232.06, 422.24
   37980,   38040,8.7793,2359.6,3159.7,3.5268, 232.37, 415.97
   38040,   38100,13.06,2650.3,3323.3,3.7836, 258.52, 432.33
   38100,   38160,19.676,2730.5,3467.5,4.1806, 265.74, 446.75
   38160,   38220,12.497,3183.9,3498.1,3.7498, 306.55, 449.81
   38220,   38280,-9999,-9999,-9999,-9999, -9999, -9999
   38280,   38340,-9999,-9999,-9999,-9999, -9999, -9999
   38340,   38400,-9999,-9999,-9999,-9999, -9999, -9999
   38400,   38460,-9999,-9999,-9999,-9999, -9999, -9999
   38460,   38520,-9999,-9999,-9999,-9999, -9999, -9999
   38520,   38580,-9999,-9999,-9999,-9999, -9999, -9999
   38580,   38640,-9999,-9999,-9999,-9999, -9999, -9999
   38640,   38700,18.656,2098.9,2830.3,4.1194, 208.9, 383.03
   38700,   38760,17.062,2239,2934.3,4.0237, 221.51, 393.43
   38760,   38820,19.166,2289,3331.2,4.15, 226.01, 433.12
   38820,   38880,17.702,2190.1,3079.3,4.0621, 217.11, 407.93
   38880,   38940,8.6397,2181.6,3084.9,3.5184, 216.34, 408.49
   38940,   39000,139.24,2799.5,3138.9,11.354, 271.96, 413.89
   39000,   39060,125.08,3055.4,3333.5,10.505, 294.99, 433.35
   39060,   39120,51.417,2501.9,3924.2,6.085, 245.17, 492.42
   39120,   39180,10.257,1903.4,2903.8,3.6154, 191.3, 390.38
   39180,   39240,10.894,2018.5,2988.1,3.6536, 201.66, 398.81
   39240,   39300,24.099,2121.9,2935.3,4.4459, 210.97, 393.53
   39300,   39360,62.267,2740.9,3080.5,6.736, 266.68, 408.05
   39360,   39420,18.338,1924.9,3416.1,4.1003, 193.24, 441.61
   39420,   39480,37.831,2339.7,3103.5,5.2699, 230.57, 410.35
   39480,   39540,28.825,2636.5,3531.4,4.7295, 257.29, 453.14
   39540,   39600,8.3548,2473.8,3482.8,3.5013, 242.65, 448.28
   39600,   39660,13.297,2684.6,3626.6,3.7978, 261.61, 462.66
   39660,   39720,34.742,2950.6,3912,5.0845, 285.55, 491.2
   39720,   39780,11.776,2359.9,3626.7,3.7066, 232.39, 462.67
   39780,   39840,11.526,2224.6,3579.7,3.6916, 220.22, 457.97
   39840,   39900,11.85,2262.4,3346.5,3.711, 223.61, 434.65
   39900,   39960,10.143,1961,2940.9,3.6086, 196.49, 394.09
   39960,   40020,18.472,2064.4,2924.8,4.1083, 205.8, 392.48
   40020,   40080,66.422,2059.8,3280.9,6.9853, 205.38, 428.09
   40080,   40140,103.77,2262.2,3349.9,9.2263, 223.6, 434.99
   40140,   40200,33.748,1977.1,3138.1,5.0249, 197.94, 413.81
   40200,   40260,28.707,1892.3,2843,4.7224, 190.31, 384.3
   40260,   40320,24.678,2003.3,2848.5,4.4807, 200.3, 384.85
   40320,   40380,31.143,2027.3,2776.8,4.8686, 202.45, 377.68
   40380,   40440,38.735,2329.1,2929.6,5.3241, 229.62, 392.96
   40440,   40500,66.107,2244.1,3152.9,6.9664, 221.97, 415.29
   40500,   40560,34.435,2147.8,3004.5,5.0661, 213.31, 400.45
   40560,   40620,19.427,2004.9,2937.9,4.1656, 200.44, 393.79
   40620,   40680,36.923,1994.6,2881.8,5.2154, 199.51, 388.18
   40680,   40740,39.303,2102.6,2999.7,5.3582, 209.23, 399.97
   40740,   40800,19.163,2087.8,3000.4,4.1498, 207.9, 400.04
   40800,   40860,14.689,2067.6,2883.9,3.8813, 206.08, 388.39
   40860,   40920,15.478,2125.7,2920.2,3.9287, 211.31, 392.02
   40920,   40980,22.825,2264.4,2895.7,4.3695, 223.8, 389.57
   40980,   41040,14.187,2269.9,3019.3,3.8512, 224.29, 401.93
   41040,   41100,17.211,2286.1,3195.9,4.0327, 225.75, 419.59
   41100,   41160,27.272,2345.9,3119.9,4.6363, 231.13, 411.99
   41160,   41220,29.257,2562.8,3409,4.7554, 250.65, 440.9
   41220,   41280,7.5654,2204.6,3113.1,3.4539, 218.41, 411.31
   41280,   41340,9.0249,2315.3,3136.2,3.5415, 228.38, 413.62
   41340,   41400,12.705,2283.5,3219.4,3.7623, 225.52, 421.94
   41400,   41460,12.063,2201.4,3405.7,3.7238, 218.12, 440.57
   41460,   41520,12.225,2150.4,3223.5,3.7335, 213.54, 422.35
   41520,   41580,21.65,2155.3,3058.9,4.299, 213.98, 405.89
   41580,   41640,17.264,2093.8,3122.5,4.0358, 208.44, 412.25
   41640,   41700,77.831,2236.3,3007.7,7.6699, 221.27, 400.77
   41700,   41760,196.06,3083.4,3650.3,14.764, 297.51, 465.03
   41760,   41820,216.55,2731.9,3649.9,15.993, 265.87, 464.99
   41820,   41880,44.709,2201.8,3410.3,5.6826, 218.16, 441.03
   41880,   41940,36.054,2141.1,3387,5.1633, 212.7, 438.7
   41940,   42000,19.461,1786.6,2931.2,4.1677, 180.79, 393.12
   42000,   42060,30.908,1741.8,2627.4,4.8545, 176.77, 362.74
   42060,   42120,105.03,2146.5,2976.3,9.3018, 213.19, 397.63
   42120,   42180,21.535,1609.4,2706.7,4.2921, 164.84, 370.67
   42180,   42240,18.001,1570.2,2292.5,4.08, 161.32, 329.25
   42240,   42300,22.395,1677.5,2396.3,4.3437, 170.97, 339.63
   42300,   42360,15.653,1679.7,2406.4,3.9392, 171.17, 340.64
   42360,   42420,21.169,1695.7,2524.6,4.2702, 172.61, 352.46
   42420,   42480,13.595,1651.3,2516.7,3.8157, 168.62, 351.67
   42480,   42540,11.632,1686.2,2573.9,3.6979, 171.76, 357.39
   42540,   42600,29.486,1818.3,2553.5,4.7691, 183.65, 355.35
   42600,   42660,24.86,1812.9,2590.9,4.4916, 183.16, 359.09
   42660,   42720,20.539,1760.4,2490.8,4.2323, 178.44, 349.08
   42720,   42780,32.149,1752.5,2609.3,4.9289, 177.72, 360.93
   42780,   42840,22.996,1738.2,2526.2,4.3798, 176.44, 352.62
   42840,   42900,1962.9,4637.2,4648.6,120.78, 437.35, 564.86
   42900,   42960,1991.3,6463.2,8464.4,122.48, 601.69, 946.44
   42960,   43020,308.76,3253,5676.2,21.526, 312.77, 667.62
   43020,   43080,105.74,2393.8,4442.1,9.3443, 235.44, 544.21
   43080,   43140,50.114,1930.1,3012.1,6.0068, 193.71, 401.21
   43140,   43200,67.218,2164,3091.3,7.0331, 214.76, 409.13
   43200,   43260,135.78,2086.9,3158,11.147, 207.82, 415.8
   43260,   43320,87.307,1955.2,3173.3,8.2384, 195.97, 417.33
   43320,   43380,60.237,1785.9,2850.2,6.6142, 180.73, 385.02
   43380,   43440,134.04,2239,2895.2,11.042, 221.51, 389.52
   43440,   43500,56.646,2025.5,3097.2,6.3988, 202.3, 409.72
   43500,   43560,23.407,1920.8,3004.7,4.4044, 192.87, 400.47
   43560,   43620,36.886,2128.5,3118.1,5.2132, 211.56, 411.81
   43620,   43680,46.135,2113.2,3254.9,5.7681, 210.19, 425.49
   43680,   43740,52.811,2580.9,3376.4,6.1687, 252.28, 437.64
   43740,   43800,15.749,2066.1,2851.8,3.945, 205.95, 385.18
   43800,   43860,5.8374,1734.7,2395.5,3.3502, 176.12, 339.55
   43860,   43920,13.365,1908.4,2541.9,3.8019, 191.76, 354.19
   43920,   43980,36.263,1966.7,3161.2,5.1758, 197, 416.12
   43980,   44040,21.019,2032.9,2807.9,4.2611, 202.96, 380.79
   44040,   44100,58.677,2170.7,3370.8,6.5206, 215.37, 437.08
   44100,   44160,40.725,2062.6,3052,5.4435, 205.64, 405.2
   44160,   44220,37.874,2040.3,3021.5,5.2724, 203.62, 402.15
   44220,   44280,26.737,2039.1,2909.3,4.6042, 203.52, 390.93
   44280,   44340,45.721,2405.2,3053.3,5.7432, 236.47, 405.33
   44340,   44400,33.836,2687.6,3237.1,5.0302, 261.89, 423.71
   44400,   44460,41.894,2406.8,3434.5,5.5136, 236.61, 443.45
   44460,   44520,461.79,3163.2,3828.3,30.707, 304.69, 482.83
   44520,   44580,59.67,2365.8,4100.8,6.5802, 232.92, 510.08
   44580,   44640,64.022,2557.4,3540.6,6.8413, 250.16, 454.06
   44640,   44700,2220.8,5516.2,6152.1,136.25, 516.46, 715.21
   44700,   44760,2372,7440.3,8584.7,145.32, 689.63, 958.47
   44760,   44820,384.13,4000.9,8766.4,26.048, 380.08, 976.64
   44820,   44880,77.702,2839.3,4221.1,7.6621, 275.54, 522.11
   44880,   44940,21.367,2398.7,3285.4,4.282, 235.88, 428.54
   44940,   45000,14.02,2171.8,3366.2,3.8412, 215.46, 436.62
   45000,   45060,15.162,2221.7,3037.3,3.9097, 219.95, 403.73
   45060,   45120,32.38,2357,3208.5,4.9428, 232.13, 420.85
   45120,   45180,83.228,2554.2,3362.9,7.9937, 249.88, 436.29
   45180,   45240,95.646,2653.4,3630.4,8.7387, 258.8, 463.04
   45240,   45300,165.1,2918,3979.1,12.906, 282.62, 497.91
   45300,   45360,44.371,2361.1,3630.5,5.6622, 232.5, 463.05
   45360,   45420,32.518,2396.7,3256.7,4.9511, 235.7, 425.67
   45420,   45480,44.963,2595.5,3467.7,5.6978, 253.59, 446.77
   45480,   45540,51.435,2261.7,3458.8,6.0861, 223.55, 445.88
   45540,   45600,84.234,2429.4,3401,8.054, 238.64, 440.1
   45600,   45660,37.85,2377.9,3477.6,5.271, 234.01, 447.76
   45660,   45720,33.319,2399.7,3313.2,4.9992, 235.97, 431.32
   45720,   45780,-9999,-9999,-9999,-9999, -9999, -9999
   45780,   45840,-9999,-9999,-9999,-9999, -9999, -9999
   45840,   45900,-9999,-9999,-9999,-9999, -9999, -9999
   45900,   45960,-9999,-9999,-9999,-9999, -9999, -9999
   45960,   46020,-9999,-9999,-9999,-9999, -9999, -9999
   46020,   46080,-9999,-9999,-9999,-9999, -9999, -9999
   46080,   46140,-9999,-9999,-9999,-9999, -9999, -9999
   46140,   46200,-9999,-9999,-9999,-9999, -9999, -9999
   46200,   46260,-9999,-9999,-9999,-9999, -9999, -9999
   46260,   46320,-9999,-9999,-9999,-9999, -9999, -9999
   46320,   46380,-9999,-9999,-9999,-9999, -9999, -9999
   46380,   46440,-9999,-9999,-9999,-9999, -9999, -9999
   46440,   46500,-9999,-9999,-9999,-9999, -9999, -9999
   46500,   46560,-9999,-9999,-9999,-9999, -9999, -9999
   46560,   46620,-9999,-9999,-9999,-9999, -9999, -9999
   46620,   46680,-9999,-9999,-9999,-9999, -9999, -9999
   46680,   46740,-9999,-9999,-9999,-9999, -9999, -9999
   46740,   46800,-9999,-9999,-9999,-9999, -9999, -9999
   46800,   46860,-9999,-9999,-9999,-9999, -9999, -9999
   46860,   46920,-9999,-9999,-9999,-9999, -9999, -9999
   46920,   46980,-9999,-9999,-9999,-9999, -9999, -9999
   46980,   47040,-9999,-9999,-9999,-9999, -9999, -9999
   47040,   47100,-9999,-9999,-9999,-9999, -9999, -9999
   47100,   47160,-9999,-9999,-9999,-9999, -9999, -9999
   47160,   47220,-9999,-9999,-9999,-9999, -9999, -9999
   47220,   47280,-9999,-9999,-9999,-9999, -9999, -9999
   47280,   47340,-9999,-9999,-9999,-9999, -9999, -9999
   47340,   47400,-9999,-9999,-9999,-9999, -9999, -9999
   47400,   47460,-9999,-9999,-9999,-9999, -9999, -9999
