CampaignData_and_Merges/R0/CSL_MobileLab_Parked/raw/20240811/USOS-NOAAIodideCIMS-HNO3_MobileLabGround_20240811_RA.ict
33, 1001
Michael A Robinson, Chris Jernigan, Subi Thakali
NOAA ESRL Chemical Sciences Laboratory and CIRES, U. of Colorado
NOAA Iodide CIMS Instrument
USOS
1, 1
2024, 08, 11, 2024, 08, 13
1
starttime_UTC, seconds_past_midnight, seconds_of_day_since_00:00:00_UTC
1
1
-9999
HNO3_NOAACIMS, pptv, Gas_HNO3_InSitu_S_AVMR, 
0
18
PI_CONTACT_INFO: 325 Broadway, R/CSD 7, Boulder, Colorado 80305; michael.a.robinson@noaa.gov; chris.jernigan@noaa.gov;
PLATFORM: NOAA CSL Mobile Lab
LOCATION: SLC, Utah
ASSOCIATED_DATA: 1Hz data also available on request.
INSTRUMENT_INFO: NOAA I- ToF CIMS
DATA_INFO: All data in parts per trillion by volume (pptv). 1 Hz data is available upon request.
UNCERTAINTY: TBD
ULOD_FLAG: -7777
ULOD_VALUE: N/A
LLOD_FLAG: -8888
LLOD_VALUE: N/A
DM_CONTACT_INFO: Nathan Howard; nathan.h.howard@noaa.gov
PROJECT_INFO: USOS, summer 2024. https://csl.noaa.gov/groups/csl7/measurements/2024usos/
STIPULATIONS_ON_USE: Users are strongly encouraged to contact the PI for proper data usage.
OTHER_COMMENTS: 
REVISION: RA
RA: Preliminary Data; For in-field use only
starttime_UTC, HNO3_NOAACIMS
     0, -9999.000
    60, -9999.000
   120, -9999.000
   180, -9999.000
   240, -9999.000
   300, -9999.000
   360, -9999.000
   420, -9999.000
   480, -9999.000
   540, -9999.000
   600, -9999.000
   660, -9999.000
   720, -9999.000
   780, -9999.000
   840, -9999.000
   900, -9999.000
   960, -9999.000
  1020, -9999.000
  1080, -9999.000
  1140, -9999.000
  1200, -9999.000
  1260, -9999.000
  1320, -9999.000
  1380, -9999.000
  1440, -9999.000
  1500, -9999.000
  1560, -9999.000
  1620, -9999.000
  1680, -9999.000
  1740, -9999.000
  1800, -9999.000
  1860, -9999.000
  1920, -9999.000
  1980, -9999.000
  2040, -9999.000
  2100, -9999.000
  2160, -9999.000
  2220, -9999.000
  2280, -9999.000
  2340, -9999.000
  2400, -9999.000
  2460, -9999.000
  2520, -9999.000
  2580, -9999.000
  2640, -9999.000
  2700, -9999.000
  2760, -9999.000
  2820, -9999.000
  2880, -9999.000
  2940, -9999.000
  3000, -9999.000
  3060, -9999.000
  3120, -9999.000
  3180, -9999.000
  3240, -9999.000
  3300, -9999.000
  3360, -9999.000
  3420, -9999.000
  3480, -9999.000
  3540, -9999.000
  3600, -9999.000
  3660, -9999.000
  3720, -9999.000
  3780, 140.745
  3840, 277.052
  3900, 293.705
  3960, 278.473
  4020, 262.054
  4080, 247.872
  4140, 243.961
  4200, 240.157
  4260, 233.919
  4320, 224.342
  4380, 209.649
  4440, 203.527
  4500, 203.470
  4560, 199.742
  4620, 199.837
  4680, 203.347
  4740, 211.628
  4800, 210.574
  4860, 204.049
  4920, 204.991
  4980, 201.402
  5040, 205.686
  5100, 204.842
  5160, 208.060
  5220, 209.222
  5280, 207.259
  5340, 211.321
  5400, 211.696
  5460, 208.773
  5520, 209.869
  5580, 207.206
  5640, 206.952
  5700, -9999.000
  5760, 184.722
  5820, 186.959
  5880, 191.241
  5940, 193.478
  6000, 195.399
  6060, 197.268
  6120, 196.841
  6180, 197.343
  6240, 202.736
  6300, 195.368
  6360, 195.136
  6420, 194.084
  6480, 192.678
  6540, 195.625
  6600, 193.833
  6660, 194.090
  6720, 190.578
  6780, 181.385
  6840, 178.539
  6900, 178.931
  6960, 176.532
  7020, 177.244
  7080, 176.946
  7140, 174.690
  7200, 172.537
  7260, 172.313
  7320, 169.673
  7380, 166.765
  7440, 169.415
  7500, 170.497
  7560, 165.384
  7620, 166.173
  7680, 164.769
  7740, 160.238
  7800, 161.273
  7860, 163.874
  7920, 158.049
  7980, 155.877
  8040, 150.235
  8100, 149.286
  8160, 152.371
  8220, 151.733
  8280, 148.070
  8340, 146.014
  8400, 144.131
  8460, 142.430
  8520, 137.125
  8580, 132.344
  8640, 133.723
  8700, 129.578
  8760, 127.047
  8820, 125.229
  8880, 123.928
  8940, 122.627
  9000, 121.210
  9060, 123.296
  9120, 120.726
  9180, 125.226
  9240, 129.631
  9300, 130.307
  9360, -9999.000
  9420, 113.574
  9480, 113.769
  9540, 114.481
  9600, 110.710
  9660, 108.006
  9720, 107.118
  9780, 104.893
  9840, 107.761
  9900, 106.067
  9960, 105.551
 10020, 103.935
 10080, 100.997
 10140, 99.763
 10200, 97.566
 10260, 99.017
 10320, 96.574
 10380, 94.536
 10440, 91.343
 10500, 87.106
 10560, 84.318
 10620, 95.124
 10680, 103.294
 10740, 112.470
 10800, 121.278
 10860, 124.405
 10920, 129.121
 10980, 123.945
 11040, 122.379
 11100, 111.743
 11160, 116.658
 11220, -9999.000
 11280, 113.637
 11340, 108.673
 11400, 117.868
 11460, 125.991
 11520, 126.759
 11580, 121.890
 11640, 126.920
 11700, 121.883
 11760, 117.831
 11820, 117.259
 11880, 122.086
 11940, 123.999
 12000, 126.147
 12060, 135.152
 12120, 142.611
 12180, 152.889
 12240, 149.670
 12300, 152.430
 12360, 147.361
 12420, 146.669
 12480, 142.196
 12540, 143.382
 12600, 142.401
 12660, 146.012
 12720, 151.714
 12780, 152.893
 12840, 151.066
 12900, 150.178
 12960, 144.542
 13020, 141.522
 13080, -9999.000
 13140, 134.377
 13200, 134.196
 13260, 138.214
 13320, 143.324
 13380, 141.954
 13440, 137.531
 13500, 133.609
 13560, 132.385
 13620, 126.923
 13680, 117.842
 13740, 117.034
 13800, 122.146
 13860, 117.097
 13920, 116.578
 13980, 121.091
 14040, 114.584
 14100, 116.018
 14160, 106.982
 14220, 97.698
 14280, 96.422
 14340, 100.247
 14400, 111.608
 14460, 114.797
 14520, 109.753
 14580, 109.252
 14640, 111.267
 14700, 116.460
 14760, 116.203
 14820, 122.029
 14880, 127.897
 14940, 129.099
 15000, 124.413
 15060, 124.647
 15120, 116.185
 15180, 114.839
 15240, 113.647
 15300, 107.496
 15360, 107.525
 15420, 116.236
 15480, 121.567
 15540, 125.624
 15600, 121.599
 15660, 116.835
 15720, 119.112
 15780, 112.958
 15840, 111.951
 15900, 120.429
 15960, 120.774
 16020, 120.266
 16080, 119.429
 16140, 118.438
 16200, 112.402
 16260, 114.850
 16320, 116.873
 16380, 125.038
 16440, 127.634
 16500, 129.272
 16560, 127.902
 16620, 125.693
 16680, 126.487
 16740, -9999.000
 16800, 136.790
 16860, 136.701
 16920, 138.597
 16980, 140.099
 17040, 143.097
 17100, 140.144
 17160, 134.685
 17220, 127.960
 17280, 124.218
 17340, 130.014
 17400, 138.512
 17460, 140.528
 17520, 143.475
 17580, 143.872
 17640, 142.102
 17700, 138.620
 17760, 132.272
 17820, 129.323
 17880, 134.995
 17940, 138.032
 18000, 139.606
 18060, 142.731
 18120, 138.240
 18180, 133.990
 18240, 129.471
 18300, 129.647
 18360, 134.569
 18420, 129.914
 18480, 127.848
 18540, 127.170
 18600, 126.674
 18660, 119.817
 18720, 119.352
 18780, 118.613
 18840, 125.224
 18900, 124.351
 18960, 122.147
 19020, 119.220
 19080, 116.348
 19140, 108.011
 19200, 105.169
 19260, 112.113
 19320, 117.154
 19380, 122.740
 19440, 123.138
 19500, 122.223
 19560, 123.878
 19620, 119.294
 19680, 122.892
 19740, 130.726
 19800, 124.436
 19860, 122.302
 19920, 109.204
 19980, 107.719
 20040, 103.858
 20100, 104.549
 20160, 112.136
 20220, 119.165
 20280, 122.722
 20340, 120.513
 20400, 123.426
 20460, -9999.000
 20520, 115.961
 20580, 122.774
 20640, 126.978
 20700, 127.028
 20760, 129.660
 20820, 125.972
 20880, 117.057
 20940, 115.192
 21000, 106.559
 21060, 105.183
 21120, 109.557
 21180, 108.687
 21240, 109.156
 21300, 107.867
 21360, 106.876
 21420, 104.778
 21480, 108.678
 21540, 111.214
 21600, 115.434
 21660, 115.781
 21720, 117.069
 21780, 116.816
 21840, 118.027
 21900, 122.289
 21960, 130.523
 22020, 134.015
 22080, 133.791
 22140, 135.363
 22200, 132.515
 22260, 128.046
 22320, 138.065
 22380, 133.836
 22440, 129.651
 22500, 118.232
 22560, 115.780
 22620, 115.837
 22680, 111.948
 22740, 110.104
 22800, 121.822
 22860, 125.641
 22920, 124.279
 22980, 122.951
 23040, 123.660
 23100, 117.350
 23160, 116.796
 23220, 116.837
 23280, 128.145
 23340, 130.044
 23400, 122.533
 23460, 110.284
 23520, 103.102
 23580, 100.384
 23640, 99.072
 23700, 101.376
 23760, 107.630
 23820, 108.385
 23880, 107.713
 23940, 106.299
 24000, 102.578
 24060, 107.752
 24120, 113.099
 24180, -9999.000
 24240, 120.159
 24300, 114.750
 24360, 110.370
 24420, 108.557
 24480, 111.001
 24540, 114.083
 24600, 113.192
 24660, 112.805
 24720, 113.406
 24780, 109.392
 24840, 114.997
 24900, 115.760
 24960, 117.700
 25020, 117.601
 25080, 110.111
 25140, 110.819
 25200, 106.332
 25260, 107.624
 25320, 107.660
 25380, 113.901
 25440, 111.100
 25500, 107.515
 25560, 102.367
 25620, 100.142
 25680, 98.981
 25740, 95.836
 25800, 94.107
 25860, 90.657
 25920, 87.457
 25980, 86.609
 26040, 94.253
 26100, 92.634
 26160, 90.336
 26220, 90.560
 26280, 87.910
 26340, 83.839
 26400, 84.253
 26460, 88.544
 26520, 85.647
 26580, 82.224
 26640, 81.846
 26700, 82.191
 26760, 81.700
 26820, 87.520
 26880, 91.524
 26940, 89.172
 27000, 87.978
 27060, 85.589
 27120, 86.956
 27180, 91.079
 27240, 91.919
 27300, 92.602
 27360, 90.159
 27420, 87.968
 27480, 85.039
 27540, 85.567
 27600, 88.029
 27660, 87.109
 27720, 85.285
 27780, 83.930
 27840, -9999.000
 27900, 98.186
 27960, 96.460
 28020, 97.246
 28080, 94.719
 28140, 89.032
 28200, 90.697
 28260, 93.083
 28320, 90.979
 28380, 89.202
 28440, 86.121
 28500, 76.673
 28560, 80.981
 28620, 81.207
 28680, 80.806
 28740, 79.638
 28800, 81.266
 28860, 84.346
 28920, 89.302
 28980, 87.614
 29040, 80.484
 29100, 77.674
 29160, 76.412
 29220, 79.006
 29280, 79.272
 29340, 84.338
 29400, 81.312
 29460, 78.489
 29520, 78.566
 29580, 79.795
 29640, 79.958
 29700, -9999.000
 29760, 83.331
 29820, 76.862
 29880, 76.758
 29940, 79.062
 30000, 75.366
 30060, 77.440
 30120, 78.263
 30180, 81.713
 30240, 83.618
 30300, 86.373
 30360, 84.099
 30420, 83.209
 30480, 80.184
 30540, 84.938
 30600, 85.260
 30660, 89.091
 30720, 88.468
 30780, 85.810
 30840, 80.928
 30900, 83.461
 30960, 86.830
 31020, 89.632
 31080, 86.127
 31140, 86.508
 31200, 84.817
 31260, 84.981
 31320, 90.077
 31380, 93.650
 31440, 93.573
 31500, 91.634
 31560, -9999.000
 31620, 94.356
 31680, 96.121
 31740, 97.349
 31800, 93.860
 31860, 94.184
 31920, 92.363
 31980, 92.790
 32040, 93.305
 32100, 94.108
 32160, 92.594
 32220, 88.591
 32280, 91.423
 32340, 93.143
 32400, 95.679
 32460, 95.258
 32520, 94.074
 32580, 89.224
 32640, 85.816
 32700, 88.291
 32760, 93.909
 32820, 93.644
 32880, 88.101
 32940, 86.314
 33000, 87.020
 33060, 89.191
 33120, 92.107
 33180, 90.692
 33240, 89.898
 33300, 90.453
 33360, 86.066
 33420, 95.952
 33480, 96.303
 33540, 95.686
 33600, 94.516
 33660, 91.694
 33720, 93.478
 33780, 94.963
 33840, 96.905
 33900, 94.860
 33960, 91.644
 34020, 88.273
 34080, 90.438
 34140, 93.354
 34200, 91.773
 34260, 85.749
 34320, 84.703
 34380, 82.818
 34440, 83.746
 34500, 87.860
 34560, 84.663
 34620, 84.282
 34680, 83.094
 34740, 83.068
 34800, 83.427
 34860, 82.796
 34920, 83.715
 34980, 80.755
 35040, 79.281
 35100, 82.620
 35160, 84.040
 35220, -9999.000
 35280, 89.024
 35340, 85.329
 35400, 83.777
 35460, 83.896
 35520, 85.496
 35580, 84.749
 35640, 83.141
 35700, 79.757
 35760, 78.553
 35820, 78.694
 35880, 80.941
 35940, 81.537
 36000, 81.167
 36060, 78.890
 36120, 78.618
 36180, 81.066
 36240, 85.394
 36300, 87.226
 36360, 84.979
 36420, 82.720
 36480, 79.158
 36540, 81.104
 36600, 82.697
 36660, 85.750
 36720, 83.723
 36780, 81.244
 36840, 79.310
 36900, 81.089
 36960, 86.576
 37020, 87.625
 37080, 91.258
 37140, 85.347
 37200, 82.176
 37260, 84.504
 37320, 84.939
 37380, 85.143
 37440, 82.405
 37500, 82.958
 37560, 83.339
 37620, 84.838
 37680, 90.196
 37740, 91.585
 37800, 91.733
 37860, 89.622
 37920, 89.306
 37980, 89.367
 38040, 91.654
 38100, 91.030
 38160, 88.563
 38220, 84.278
 38280, 87.886
 38340, 91.963
 38400, 92.316
 38460, 90.549
 38520, 89.893
 38580, 85.301
 38640, 88.008
 38700, 89.679
 38760, 91.196
 38820, 91.813
 38880, 89.246
 38940, -9999.000
 39000, 95.247
 39060, 92.287
 39120, 93.921
 39180, 93.197
 39240, 91.335
 39300, 91.093
 39360, 88.952
 39420, 91.667
 39480, 91.982
 39540, 89.420
 39600, 86.934
 39660, 88.649
 39720, 88.784
 39780, 89.350
 39840, 87.345
 39900, 85.335
 39960, 80.821
 40020, 83.541
 40080, 85.286
 40140, 84.359
 40200, 82.649
 40260, 79.080
 40320, 78.694
 40380, 81.298
 40440, 84.517
 40500, 83.908
 40560, 83.776
 40620, 81.934
 40680, 79.293
 40740, 82.596
 40800, 88.916
 40860, 84.823
 40920, 83.241
 40980, 81.449
 41040, 83.357
 41100, 85.999
 41160, 83.409
 41220, 80.166
 41280, 80.067
 41340, 75.965
 41400, 76.435
 41460, 77.443
 41520, 79.639
 41580, 74.389
 41640, 73.899
 41700, 76.686
 41760, 77.384
 41820, 77.924
 41880, 76.183
 41940, 74.741
 42000, 75.364
 42060, 78.360
 42120, 79.267
 42180, 81.790
 42240, 79.098
 42300, 78.949
 42360, 77.153
 42420, 80.544
 42480, 83.994
 42540, 85.232
 42600, 84.403
 42660, 84.906
 42720, 85.129
 42780, 86.490
 42840, 91.483
 42900, 85.124
 42960, 80.936
 43020, 79.043
 43080, 81.933
 43140, 81.857
 43200, 80.785
 43260, 80.076
 43320, 74.570
 43380, 76.276
 43440, 79.953
 43500, 77.056
 43560, 80.101
 43620, 77.953
 43680, 77.304
 43740, 77.545
 43800, 77.455
 43860, 76.429
 43920, 74.124
 43980, 72.846
 44040, 75.390
 44100, 73.902
 44160, 74.578
 44220, 75.211
 44280, 73.939
 44340, 73.760
 44400, 74.921
 44460, 78.606
 44520, 81.590
 44580, 79.286
 44640, 78.382
 44700, 75.348
 44760, 74.856
 44820, 72.873
 44880, 72.940
 44940, 70.097
 45000, 66.294
 45060, 70.606
 45120, 73.035
 45180, 75.977
 45240, 74.629
 45300, 72.568
 45360, 69.745
 45420, 70.938
 45480, 72.559
 45540, 73.723
 45600, 74.159
 45660, 75.573
 45720, 75.586
 45780, 78.331
 45840, 80.276
 45900, 81.088
 45960, 76.836
 46020, 75.377
 46080, 74.747
 46140, 75.903
 46200, 77.504
 46260, 79.616
 46320, -9999.000
 46380, 76.505
 46440, 75.884
 46500, 72.972
 46560, 69.632
 46620, 68.596
 46680, 63.170
 46740, 62.471
 46800, 52.428
 46860, 62.693
 46920, 179.968
 46980, 223.673
 47040, 204.782
 47100, 186.422
 47160, 178.963
 47220, 169.682
 47280, 162.229
 47340, 153.752
 47400, 150.518
 47460, 150.109
 47520, 144.640
 47580, 136.441
 47640, 134.449
 47700, 130.922
 47760, 129.535
 47820, 122.439
 47880, 117.331
 47940, 112.889
 48000, 109.108
 48060, 108.904
 48120, 103.814
 48180, -9999.000
 48240, 117.149
 48300, 108.163
 48360, 109.247
 48420, 105.825
 48480, 108.941
 48540, 102.335
 48600, 97.971
 48660, 98.848
 48720, 100.296
 48780, 103.656
 48840, 100.736
 48900, 97.906
 48960, 93.178
 49020, 94.844
 49080, 95.622
 49140, 93.317
 49200, 92.533
 49260, 92.419
 49320, 90.300
 49380, 94.012
 49440, 97.731
 49500, 95.533
 49560, 94.743
 49620, 94.151
 49680, 95.188
 49740, 99.424
 49800, 95.460
 49860, 90.808
 49920, 91.953
 49980, 90.706
 50040, -9999.000
 50100, 117.578
 50160, 110.765
 50220, 106.468
 50280, 99.455
 50340, 96.529
 50400, 97.384
 50460, 98.508
 50520, 100.778
 50580, 97.343
 50640, 92.918
 50700, 91.043
 50760, 92.447
 50820, 93.833
 50880, 99.397
 50940, 100.110
 51000, 97.844
 51060, 96.052
 51120, 96.727
 51180, 98.184
 51240, 101.997
 51300, 105.792
 51360, 106.877
 51420, 103.938
 51480, 100.059
 51540, 94.881
 51600, 96.433
 51660, 98.824
 51720, 105.487
 51780, 105.727
 51840, 109.286
 51900, 111.818
 51960, 109.006
 52020, 105.763
 52080, 109.132
 52140, 108.160
 52200, 110.679
 52260, 110.297
 52320, 112.338
 52380, 112.204
 52440, 113.540
 52500, 110.783
 52560, 107.335
 52620, 107.348
 52680, 114.843
 52740, 124.839
 52800, 138.778
 52860, 144.788
 52920, 149.791
 52980, 151.397
 53040, 150.716
 53100, 146.988
 53160, 144.805
 53220, 140.558
 53280, 142.963
 53340, 147.576
 53400, 155.290
 53460, 152.804
 53520, 144.344
 53580, 149.410
 53640, 161.425
 53700, -9999.000
 53760, 175.514
 53820, 175.852
 53880, 176.721
 53940, 177.695
 54000, 178.805
 54060, 178.254
 54120, 170.931
 54180, 164.281
 54240, 163.635
 54300, 165.777
 54360, 165.362
 54420, 166.268
 54480, 159.517
 54540, 162.246
 54600, 162.511
 54660, 155.429
 54720, 153.069
 54780, 147.581
 54840, 151.281
 54900, 159.119
 54960, 161.509
 55020, 161.742
 55080, 158.616
 55140, 154.990
 55200, 152.851
 55260, 146.885
 55320, 138.441
 55380, 136.780
 55440, 138.932
 55500, 147.926
 55560, -9999.000
 55620, 153.247
 55680, 156.088
 55740, 153.337
 55800, 149.414
 55860, 144.876
 55920, 139.088
 55980, 138.952
 56040, 145.731
 56100, 149.355
 56160, 156.440
 56220, 166.991
 56280, 179.939
 56340, 189.170
 56400, 190.523
 56460, 199.850
 56520, 204.626
 56580, 209.808
 56640, 212.833
 56700, 214.908
 56760, 222.984
 56820, 228.041
 56880, 231.078
 56940, 233.712
 57000, 241.281
 57060, 251.573
 57120, 255.816
 57180, 270.009
 57240, 276.473
 57300, 281.241
 57360, 284.180
 57420, -9999.000
 57480, 253.141
 57540, 256.491
 57600, 263.717
 57660, 270.769
 57720, 269.501
 57780, 266.582
 57840, 266.021
 57900, 269.293
 57960, 266.500
 58020, 266.130
 58080, 269.798
 58140, 267.532
 58200, 272.285
 58260, 278.628
 58320, 289.825
 58380, 300.127
 58440, 300.666
 58500, 301.964
 58560, 293.912
 58620, 298.537
 58680, 292.962
 58740, 290.539
 58800, 283.643
 58860, 279.896
 58920, 274.048
 58980, 275.076
 59040, 275.290
 59100, 278.817
 59160, 278.907
 59220, 272.940
 59280, 257.375
 59340, 263.878
 59400, 266.592
 59460, 263.323
 59520, 262.942
 59580, 262.936
 59640, 266.892
 59700, 270.244
 59760, 268.255
 59820, 275.030
 59880, 276.488
 59940, 283.217
 60000, 284.599
 60060, 287.889
 60120, 289.458
 60180, 288.736
 60240, 293.734
 60300, 295.811
 60360, 303.380
 60420, 308.418
 60480, 313.988
 60540, 314.003
 60600, 313.096
 60660, 319.810
 60720, 323.836
 60780, 323.617
