CampaignData_and_Merges/R0/CSL_MobileLab_Parked/raw/20240811/USOS-NOy-LIF_MobileLabGround_20240811_R0.ict
39,1001
Rollins, A.; Waxman, E.; Zuraski, K.; Chace, W.
NOAA Chemical Sciences Laboratory
LIF NO/NOx/NOy on CSL Mobile Lab
AMMBEC / USOS
1, 1
2024,08,11, 2025,01,04
1
Time_Start, seconds, number_of_seconds_since_0000_UTC
7
1, 1, 1, 1, 1, 1, 1
-9999, -9999, -9999, -9999, -9999, -9999, -9999
Time_Stop, seconds, number_of_seconds_since_0000_UTC
NO_LIF, pptv, Gas_NO_InSitu_S_AVMR, volume mixing ratio of nitric oxide in air
NO2_LIF, pptv, Gas_NO2_InSitu_S_AVMR, volume mixing ratio of nitrogen dioxide in air
NOy_LIF, pptv, Gas_NOy_InSitu_S_AVMR, volume mixing ratio of total oxidized nitrogen in air
NO_LIF_1SigmaAccuracy, pptv, Gas_NO_InSitu_S_AVMR, volume mixing ratio of nitric oxide in air
NO2_LIF_1SigmaAccuracy, pptv, Gas_NO2_InSitu_S_AVMR, volume mixing ratio of nitrogen dioxide in air
NOy_LIF_1SigmaAccuracy, pptv, Gas_NOy_InSitu_S_AVMR, volume mixing ratio of total oxidized nitrogen in air
0
18
PI_CONTACT_INFO: andrew.rollins@noaa.gov
PLATFORM: CSL Mobile Lab
LOCATION: Salt Lake City, UT
ASSOCIATED_DATA:
INSTRUMENT_INFO: NO detection by laser induced fluorescence. NO2 detection by photolytic conversion to NO. NOy detection by catalytic conversion to NO on gold surface
DATA_INFO:
UNCERTAINTY: Included 1 Sigma Accuracy waves represent the combined calibration uncertainties (±6%, ±9%, ±10%) and zero uncertainties (3 ppt, 20 ppt, 100 ppt) for NO, NO2, and NOy, respectively.
ULOD_FLAG: -7777
ULOD_VALUE: N/A
LLOD_FLAG: -8888
LLOD_VALUE: N/A
DM_CONTACT_INFO: andrew.rollins@noaa.gov
PROJECT_INFO: USOS Project, July - August 2024
STIPULATIONS_ON_USE: Users are strongly encouraged to contact the PI for proper data usage.
OTHER_COMMENTS:
REVISION: R0
R0: final data
Time_Start, Time_Stop, NO_LIF, NO2_LIF, NOy_LIF, NO_LIF_1SigmaAccuracy, NO2_LIF_1SigmaAccuracy, NOy_LIF_1SigmaAccuracy
[from data line 264]
   15840,   15900,54.367,2788.1,4910.2,6.262, 270.92, 591.02
   15900,   15960,2080.4,6854.7,4938.3,127.83, 636.92, 593.83
   15960,   16020,2079.6,9672.7,11633,127.77, 890.55, 1263.3
   16020,   16080,328.65,3800.1,9573.6,22.719, 362.01, 1057.4
   16080,   16140,455.77,3970.8,6468.3,30.346, 377.37, 746.83
   16140,   16200,1022.2,4775.8,7103.3,64.332, 449.82, 810.33
   16200,   16260,692.61,3964.9,7001.7,44.557, 376.84, 800.17
   16260,   16320,99.328,2354.8,3947.6,8.9597, 231.94, 494.76
   16320,   16380,101.26,2522.1,3272,9.0757, 246.99, 427.2
   16380,   16440,55.486,2137.6,2917.4,6.3291, 212.38, 391.74
   16440,   16500,36.033,2094.4,2721.6,5.162, 208.5, 372.16
   16500,   16560,120.93,2136.8,2797.2,10.256, 212.31, 379.72
   16560,   16620,95.27,2334.7,2972.1,8.7162, 230.13, 397.21
   16620,   16680,151.64,2008.6,2966.7,12.098, 200.78, 396.67
   16680,   16740,172.32,2430.2,3017,13.339, 238.72, 401.7
   16740,   16800,101.32,1883.1,2729.5,9.079, 189.48, 372.95
   16800,   16860,369.21,2561.8,3296.9,25.153, 250.57, 429.69
   16860,   16920,196.77,2468.5,3579.5,14.806, 242.16, 457.95
   16920,   16980,178.37,2042.5,2955.8,13.702, 203.82, 395.58
   16980,   17040,210.95,2245.3,3152.3,15.657, 222.07, 415.23
   17040,   17100,260.32,2968.3,3427.3,18.619, 287.15, 442.73
   17100,   17160,515.11,4263.8,4609.8,33.906, 403.75, 560.98
   17160,   17220,99.011,2951.5,5137.4,8.9406, 285.63, 613.74
   17220,   17280,215.57,2812,3840,15.934, 273.08, 484
   17280,   17340,335.4,2706.6,4868.8,23.124, 263.6, 586.88
   17340,   17400,128.53,1748.4,2623.2,10.712, 177.35, 362.32
   17400,   17460,44.44,1531.4,2141.5,5.6664, 157.82, 314.15
   17460,   17520,332.79,2025,2797.2,22.968, 202.25, 379.72
   17520,   17580,168.24,1825.1,2863.1,13.094, 184.26, 386.31
   17580,   17640,150.67,2118,3039.2,12.04, 210.62, 403.92
   17640,   17700,101.55,1777.5,2628,9.0928, 179.98, 362.8
   17700,   17760,268.81,2168.8,2813.7,19.129, 215.19, 381.37
   17760,   17820,345.02,2454.4,3642,23.701, 240.89, 464.2
   17820,   17880,112.12,1944.4,3060.1,9.7275, 195, 406.01
   17880,   17940,240.74,1942.2,2772.8,17.444, 194.8, 377.28
   17940,   18000,207.3,2033.4,2889.6,15.438, 203.01, 388.96
   18000,   18060,51.366,1448.8,2112.5,6.082, 150.39, 311.25
   18060,   18120,230.16,1637.5,2176.5,16.81, 167.38, 317.65
   18120,   18180,481.9,2648.9,3685.5,31.914, 258.4, 468.55
   18180,   18240,532.33,2851.3,4446.6,34.94, 276.62, 544.66
   18240,   18300,181.04,2524.6,4556.9,13.862, 247.21, 555.69
   18300,   18360,72.314,2056.5,3601.2,7.3389, 205.09, 460.12
   18360,   18420,249.91,2962.3,4790.1,17.994, 286.61, 579.01
   18420,   18480,424.59,3636.8,5258.5,28.475, 347.31, 625.85
   18480,   18540,328.43,2881.6,4669,22.706, 279.34, 566.9
   18540,   18600,84.066,2116.9,2941.8,8.0439, 210.52, 394.18
   18600,   18660,86.352,2145.7,2763.8,8.1811, 213.11, 376.38
   18660,   18720,222.94,2683.3,3247.6,16.377, 261.5, 424.76
   18720,   18780,64.137,1988.9,2974.1,6.8482, 199, 397.41
   18780,   18840,38.475,1833.1,2592.1,5.3085, 184.98, 359.21
   18840,   18900,48.18,2021.7,2648.9,5.8908, 201.96, 364.89
   18900,   18960,21.942,1886.2,2817.1,4.3165, 189.76, 381.71
   18960,   19020,122.7,2745.1,3112.4,10.362, 267.06, 411.24
   19020,   19080,26.813,1598.6,3042.6,4.6088, 163.87, 404.26
   19080,   19140,25.382,1732.4,2670.6,4.5229, 175.91, 367.06
   19140,   19200,131.63,2819.4,3907.5,10.898, 273.74, 490.75
   19200,   19260,844.8,3246.4,4528,53.688, 312.18, 552.8
   19260,   19320,272.62,2347.7,3904.6,19.357, 231.3, 490.46
   19320,   19380,226.5,3521.2,4842.3,16.59, 336.91, 584.23
   19380,   19440,55.111,2255.9,3312.9,6.3067, 223.03, 431.29
   19440,   19500,26.359,2089,3088.1,4.5815, 208.01, 408.81
   19500,   19560,15.322,1832.4,2848.5,3.9193, 184.92, 384.85
   19560,   19620,116.01,3129.7,3386.9,9.9603, 301.67, 438.69
   19620,   19680,242.85,3981,4392.7,17.571, 378.29, 539.27
   19680,   19740,507.53,3921.7,4749.3,33.452, 372.96, 574.93
   19740,   19800,16390,13169,15354,986.39, 1205.2, 1635.4
   19800,   19860,4482.6,8118,26870,271.95, 750.62, 2787
   19860,   19920,147.99,5213.8,6528.6,11.879, 489.24, 752.86
   19920,   19980,143.95,5476.1,6292.4,11.637, 512.85, 729.24
   19980,   20040,95.443,3096.3,3543.7,8.7266, 298.66, 454.37
   20040,   20100,13.56,4681.3,6501.6,3.8136, 441.32, 750.16
   20100,   20160,19.226,3392.7,5032.7,4.1535, 325.34, 603.27
   20160,   20220,18.317,3206.1,3891.4,4.099, 308.55, 489.14
   20220,   20280,84.181,3372.6,4208.5,8.0509, 323.53, 520.85
   20280,   20340,258.41,3451.7,3907.1,18.505, 330.65, 490.71
   20340,   20400,255.22,4453.8,5270.6,18.313, 420.84, 627.06
   20400,   20460,46.355,3517.1,4411.8,5.7813, 336.54, 541.18
   20460,   20520,19.168,3329.8,3924.6,4.1501, 319.68, 492.46
   20520,   20580,16.112,2975.4,3804.3,3.9667, 287.79, 480.43
   20580,   20640,26.369,2665.3,3328.5,4.5821, 259.88, 432.85
   20640,   20700,19.062,3095.8,3788.3,4.1437, 298.63, 478.83
   20700,   20760,8.6382,2173,3313.7,3.5183, 215.57, 431.37
   20760,   20820,64.888,2574.8,3259.5,6.8933, 251.73, 425.95
   20820,   20880,1763.3,6466.8,7530.9,108.8, 602.01, 853.09
   20880,   20940,275.75,3239.1,4511.4,19.545, 311.52, 551.14
   20940,   21000,139.53,3343.4,4525.4,11.372, 320.91, 552.54
   21000,   21060,101.69,1749.3,3346.8,9.1013, 177.43, 434.68
   21060,   21120,1533.1,3367.7,4172.4,94.986, 323.09, 517.24
   21120,   21180,597.6,2596.5,4409,38.856, 253.68, 540.9
   21180,   21240,250.19,2268.9,4497.3,18.011, 224.2, 549.73
   21240,   21300,937.16,3431.8,4361.3,59.229, 328.86, 536.13
   21300,   21360,262.31,2327.3,4109.5,18.739, 229.46, 510.95
   21360,   21420,142.07,2194.8,3339,11.524, 217.53, 433.9
   21420,   21480,38.354,2067.9,2770.2,5.3012, 206.11, 377.02
   21480,   21540,22.3,2049.9,2671.1,4.338, 204.49, 367.11
   21540,   21600,29.408,2064.5,2801.5,4.7645, 205.81, 380.15
   21600,   21660,28.812,2004.6,2605.6,4.7287, 200.41, 360.56
   21660,   21720,14.951,1970.7,2775.8,3.8971, 197.36, 377.58
   21720,   21780,21.448,1777.4,2507.6,4.2869, 179.97, 350.76
   21780,   21840,30.696,1611.4,2352.7,4.8418, 165.02, 335.27
   21840,   21900,45.916,1733.6,2380.3,5.7549, 176.03, 338.03
   21900,   21960,37.456,1590.7,2263.6,5.2474, 163.16, 326.36
   21960,   22020,22.457,1513,2117.9,4.3474, 156.17, 311.79
   22020,   22080,33.902,1641.3,2224.9,5.0341, 167.72, 322.49
   22080,   22140,25.438,1646.7,2321.7,4.5263, 168.21, 332.17
   22140,   22200,54.112,1785.6,2427.7,6.2467, 180.7, 342.77
   22200,   22260,189.22,2426.9,3088.6,14.353, 238.42, 408.86
   22260,   22320,-9999,-9999,-9999,-9999, -9999, -9999
   22320,   22380,-9999,-9999,-9999,-9999, -9999, -9999
   22380,   22440,-9999,-9999,-9999,-9999, -9999, -9999
   22440,   22500,-9999,-9999,-9999,-9999, -9999, -9999
   22500,   22560,-9999,-9999,-9999,-9999, -9999, -9999
   22560,   22620,-9999,-9999,-9999,-9999, -9999, -9999
   22620,   22680,-9999,-9999,-9999,-9999, -9999, -9999
   22680,   22740,95.076,3667.6,4092.5,8.7046, 350.08, 509.25
   22740,   22800,159.85,3240.2,4235.2,12.591, 311.62, 523.52
   22800,   22860,2310.4,4949.2,5393.7,141.62, 465.42, 639.37
   22860,   22920,8099.2,11583,16346,488.95, 1062.5, 1734.6
   22920,   22980,947.14,4767.3,16005,59.829, 449.06, 1700.5
   22980,   23040,205.99,3029.7,5093.8,15.36, 292.67, 609.38
   23040,   23100,49.446,2253.1,3435.2,5.9668, 222.78, 443.52
   23100,   23160,30.625,1758.9,2495,4.8375, 178.3, 349.5
   23160,   23220,59.232,1737.1,2439.8,6.5539, 176.34, 343.98
   23220,   23280,59.635,1925.2,2767.6,6.5781, 193.27, 376.76
   23280,   23340,101.88,5713.5,3930.8,9.1126, 534.22, 493.08
   23340,   23400,79.266,6592.3,6806.2,7.7559, 613.3, 780.62
   23400,   23460,1079.1,8695.9,8389.3,67.747, 802.63, 938.93
   23460,   23520,575.59,5992.2,8410.7,37.536, 559.3, 941.07
   23520,   23580,97.663,2399.2,4466,8.8598, 235.93, 546.6
   23580,   23640,60.88,2294.3,3746.2,6.6528, 226.49, 474.62
   23640,   23700,71.625,2420,3564.9,7.2975, 237.8, 456.49
   23700,   23760,37.837,1908.8,2933.5,5.2702, 191.79, 393.35
   23760,   23820,21.336,1797.3,2584.2,4.2802, 181.76, 358.42
   23820,   23880,111.36,2280,2670,9.6814, 225.2, 367
   23880,   23940,33.834,2025.1,2828,5.03, 202.26, 382.8
   23940,   24000,13.537,1862.7,2559.9,3.8122, 187.64, 355.99
   24000,   24060,21.954,1839.5,2717.2,4.3172, 185.55, 371.72
   24060,   24120,5.8123,1447.2,2242.2,3.3487, 150.25, 324.22
   24120,   24180,7.6783,1518.8,2215,3.4607, 156.69, 321.5
   24180,   24240,5.3007,1533.9,2235.5,3.318, 158.05, 323.55
   24240,   24300,29.426,2808.5,3334.2,4.7656, 272.76, 433.42
   24300,   24360,28.714,2628.2,3251.6,4.7228, 256.54, 425.16
   24360,   24420,39.11,1962.1,2742,5.3466, 196.59, 374.2
   24420,   24480,27.473,1948,2535.5,4.6484, 195.32, 353.55
   24480,   24540,18.335,2020.2,2886.3,4.1001, 201.82, 388.63
   24540,   24600,12.257,1946.3,2752.3,3.7354, 195.16, 375.23
   24600,   24660,8.2134,1946.7,2716.5,3.4928, 195.21, 371.65
   24660,   24720,6.1062,1871.7,2625.6,3.3664, 188.46, 362.56
   24720,   24780,15.786,2306.3,3220.7,3.9471, 227.57, 422.07
   24780,   24840,9.1338,2243,3109.6,3.548, 221.87, 410.96
   24840,   24900,9.9658,2455.4,3102.4,3.598, 240.98, 410.24
   24900,   24960,35.386,3615.5,3238.3,5.1231, 345.39, 423.83
   24960,   25020,19.022,2890.6,3413.5,4.1413, 280.16, 441.35
   25020,   25080,7.6818,3071.5,3423.3,3.4609, 296.44, 442.33
   25080,   25140,11.111,3698.8,4520.3,3.6667, 352.89, 552.03
   25140,   25200,11.117,4098.5,4862.3,3.667, 388.86, 586.23
   25200,   25260,9.3041,4804.2,5555.9,3.5582, 452.37, 655.59
   25260,   25320,13.447,6034.1,5902.9,3.8068, 563.07, 690.29
   25320,   25380,41.321,6841.6,7370.6,5.4792, 635.74, 837.06
   25380,   25440,22.071,8273.9,8955.6,4.3242, 764.65, 995.56
   25440,   25500,118.07,11816,12274,10.084, 1083.4, 1327.4
   25500,   25560,41.125,13558,15248,5.4675, 1240.2, 1624.8
   25560,   25620,17.792,14905,17173,4.0675, 1361.4, 1817.3
   25620,   25680,16.733,15266,17602,4.004, 1393.9, 1860.2
   25680,   25740,65.873,15226,17262,6.9524, 1390.3, 1826.2
   25740,   25800,114.67,15466,17631,9.8803, 1411.9, 1863.1
   25800,   25860,39.653,15150,17223,5.3792, 1383.5, 1822.3
   25860,   25920,54.404,14937,16928,6.2643, 1364.3, 1792.8
   25920,   25980,56.808,15005,17162,6.4085, 1370.5, 1816.2
   25980,   26040,73.886,14993,17479,7.4332, 1369.4, 1847.9
   26040,   26100,136.59,13612,16745,11.195, 1245.1, 1774.5
   26100,   26160,91.831,13694,16216,8.5099, 1252.4, 1721.6
   26160,   26220,86.971,13159,15510,8.2183, 1204.3, 1651
   26220,   26280,194.5,13031,15216,14.67, 1192.8, 1621.6
   26280,   26340,48.68,12811,14897,5.9208, 1173, 1589.7
   26340,   26400,46.539,12480,14597,5.7923, 1143.2, 1559.7
   26400,   26460,34.758,11848,14029,5.0855, 1086.3, 1502.9
   26460,   26520,50.781,10966,13222,6.0468, 1006.9, 1422.2
   26520,   26580,41.565,10033,12285,5.4939, 923.01, 1328.5
   26580,   26640,32.339,9500.4,11183,4.9404, 875.03, 1218.3
   26640,   26700,17.737,8878.5,10782,4.0642, 819.06, 1178.2
   26700,   26760,37.759,9507.4,10881,5.2655, 875.66, 1188.1
   26760,   26820,52.181,10078,11388,6.1309, 927.05, 1238.8
   26820,   26880,43.566,10002,11726,5.614, 920.21, 1272.6
   26880,   26940,25.268,10185,11795,4.5161, 936.67, 1279.5
   26940,   27000,56.062,10044,11652,6.3637, 923.98, 1265.2
   27000,   27060,19.898,9490.8,11129,4.1939, 874.17, 1212.9
   27060,   27120,18.283,9324.2,11023,4.097, 859.18, 1202.3
   27120,   27180,21.27,9207.7,10802,4.2762, 848.69, 1180.2
   27180,   27240,11.962,9224,10622,3.7177, 850.16, 1162.2
   27240,   27300,10.902,9277,10645,3.6541, 854.93, 1164.5
   27300,   27360,118.02,10158,10784,10.081, 934.19, 1178.4
   27360,   27420,105.37,10866,10927,9.3222, 997.91, 1192.7
   27420,   27480,36.887,10456,11245,5.2132, 961.02, 1224.5
   27480,   27540,36.387,10600,12108,5.1832, 973.97, 1310.8
   27540,   27600,38.938,10170,12246,5.3363, 935.33, 1324.6
   27600,   27660,183.62,10623,12180,14.017, 976.05, 1318
   27660,   27720,132.75,10961,12563,10.965, 1006.5, 1356.3
   27720,   27780,80.252,10919,12617,7.8151, 1002.8, 1361.7
   27780,   27840,36.296,8996.8,12374,5.1777, 829.72, 1337.4
   27840,   27900,34.511,8975.8,12112,5.0707, 827.82, 1311.2
   27900,   27960,53.79,10089,12198,6.2274, 928.03, 1319.8
   27960,   28020,273.2,9918.6,11805,19.392, 912.67, 1280.5
   28020,   28080,1387.7,10433,11957,86.263, 958.96, 1295.7
   28080,   28140,5306.4,13870,20473,321.39, 1268.3, 2147.3
   28140,   28200,1840.4,12362,18507,113.43, 1132.6, 1950.7
   28200,   28260,1043.2,12693,16967,65.589, 1162.4, 1796.7
   28260,   28320,574.57,12167,14690,37.474, 1115, 1569
   28320,   28380,424.41,12397,14419,28.464, 1135.8, 1541.9
   28380,   28440,345.65,12668,14293,23.739, 1160.1, 1529.3
   28440,   28500,156.4,12536,14147,12.384, 1148.2, 1514.7
   28500,   28560,99.83,12114,14158,8.9898, 1110.2, 1515.8
   28560,   28620,29.791,7123.8,12616,4.7874, 661.14, 1361.6
   28620,   28680,46.555,7626.3,10688,5.7933, 706.36, 1168.8
   28680,   28740,71.196,7544.7,10283,7.2717, 699.02, 1128.3
   28740,   28800,35.331,7369.4,9282.4,5.1199, 683.24, 1028.2
   28800,   28860,96.23,7810.2,9375.2,8.7738, 722.92, 1037.5
   28860,   28920,194.65,8941.9,10090,14.679, 824.77, 1109
   28920,   28980,129.3,8295.1,10189,10.758, 766.56, 1118.9
   28980,   29040,91.261,8639.5,10299,8.4757, 797.55, 1129.9
   29040,   29100,42.126,7129,9606.8,5.5276, 661.61, 1060.7
   29100,   29160,22.89,5907.2,7922.8,4.3734, 551.65, 892.28
   29160,   29220,14.084,5705.5,7810.7,3.845, 533.5, 881.07
   29220,   29280,27.546,5211.4,7562.9,4.6527, 489.02, 856.29
   29280,   29340,69.079,4430,6510.4,7.1448, 418.7, 751.04
   29340,   29400,89.74,3853.9,5462.8,8.3844, 366.85, 646.28
   29400,   29460,6965.9,12220,12311,420.96, 1119.8, 1331.1
   29460,   29520,815.19,5329.4,11309,51.911, 499.64, 1230.9
   29520,   29580,1537.3,6875.9,7338.8,95.238, 638.83, 833.88
   29580,   29640,555.28,6435.3,7988.8,36.317, 599.17, 898.88
   29640,   29700,223.18,5793.6,8314.9,16.391, 541.42, 931.49
   29700,   29760,220.28,6961.9,9666.6,16.217, 646.57, 1066.7
   29760,   29820,182.49,7959.8,11005,13.95, 736.38, 1200.5
   29820,   29880,85.31,6877.9,9631.5,8.1186, 639.01, 1063.2
   29880,   29940,53.283,5568.6,7795.3,6.197, 521.17, 879.53
   29940,   30000,48.583,4932.8,8114.4,5.915, 463.95, 911.44
   30000,   30060,73.733,3535.9,6645.4,7.424, 338.23, 764.54
   30060,   30120,33.029,2700.7,4255.1,4.9818, 263.06, 525.51
   30120,   30180,83.661,2775.3,3846.4,8.0197, 269.77, 484.64
   30180,   30240,363.53,2985.2,4032.6,24.812, 288.67, 503.26
   30240,   30300,-9999,-9999,-9999,-9999, -9999, -9999
   30300,   30360,-9999,-9999,-9999,-9999, -9999, -9999
   30360,   30420,-9999,-9999,-9999,-9999, -9999, -9999
   30420,   30480,-9999,-9999,-9999,-9999, -9999, -9999
   30480,   30540,-9999,-9999,-9999,-9999, -9999, -9999
   30540,   30600,-9999,-9999,-9999,-9999, -9999, -9999
   30600,   30660,-9999,-9999,-9999,-9999, -9999, -9999
   30660,   30720,81.874,2834.7,4109.5,7.9124, 275.12, 510.95
   30720,   30780,173.54,3079.7,4486.8,13.412, 297.17, 548.68
   30780,   30840,136.27,2703.9,3976.6,11.176, 263.35, 497.66
   30840,   30900,58.339,2323.6,3579.1,6.5003, 229.13, 457.91
   30900,   30960,36.332,2558.5,3241.8,5.1799, 250.26, 424.18
   30960,   31020,37.831,2401.4,3330.8,5.2698, 236.13, 433.08
   31020,   31080,113.01,3192.7,3845.4,9.7805, 307.34, 484.54
   31080,   31140,120.28,3542.2,5033.8,10.217, 338.79, 603.38
   31140,   31200,29.786,2556.3,3776.2,4.7872, 250.07, 477.62
   31200,   31260,250.99,2927.7,3747.3,18.06, 283.49, 474.73
   31260,   31320,169.83,2900.6,4146,13.19, 281.05, 514.6
   31320,   31380,37.892,2585.5,3776.2,5.2735, 252.7, 477.62
   31380,   31440,18.196,2494.7,3369.8,4.0918, 244.52, 436.98
   31440,   31500,243.28,3112,3743.5,17.597, 300.08, 474.35
   31500,   31560,176.17,3085.6,4316.1,13.57, 297.7, 531.61
   31560,   31620,1016.6,3888.4,6102.9,63.994, 369.95, 710.29
