CampaignData_and_Merges/R0/CSL_MobileLab_Parked/raw/20240811/USOS-jNO2_MobileLabGround_20240811_R0.ict
52,1001
Waxman, E.; Rollins, A.; Zuraski, K.; Chace, W.
NOAA Chemical Sciences Laboratory
jNO2 filter radiometer on CSL Mobile Lab
AMMBEC / USOS
1, 1
2024,08,11, 2025,04,01
60
Time_Start, seconds, number_of_seconds_since_0000_UTC
20
1, 1, 1, 1, 1, 1, 1, 1, 1, 1, 1, 1, 1, 1, 1, 1, 1, 1, 1, 1
-9999, -9999, -9999, -9999, -9999, -9999, -9999, -9999, -9999, -9999, -9999, -9999, -9999, -9999, -9999, -9999, -9999, -9999, -9999, -9999
Time_Stop, seconds, number_of_seconds_since_0000_UTC
jNO2_meas, per second, photolysis rate of NO2 measured using a filter radiometer.
jBrCl, per second, photolysis rate of BrCl -> Br + Cl calculated in TUV for cloud-free sky with local AOD
jBr2, per second, photolysis rate of Br2 -> Br + Br calculated in TUV for cloud-free sky with local AOD
jCCl4, per second, photolysis rate of CCl4 -> Products calcualted in TUV for cloud-free sky with local AOD
jCH2Oa, per second, photolysis rate of CH2O -> H + HCO calculated in TUV for cloud-free sky with local AOD
jCH2Ob, per second, photolysis rate of CH2O -> H2 + CO calculated in TUV for cloud-free sky with local AOD
jClNO2, per second, photolysis rate of ClNO2 -> Cl + NO2 calculated in TUV for cloud-free sky with local AOD
jClOa, per second, photolysis rate of ClO -> Cl + O(1D) calculated in TUV for cloud-free sky with local AOD
jClOb, per second, photolysis rate of ClO -> Cl + O(3P) calculated in TUV for cloud-free sky with local AOD
jCl2, per second, photolysis rate of Cl2 -> Cl + Cl calculated in TUV for cloud-free sky with local AOD
jHNO2, per second, photolysis rate of HNO2 -> OH + NO calculated in TUV for cloud-free sky with local AOD
jHNO3, per second, photolysis rate of HNO3 -> OH + NO2 calculated in TUV for cloud-free sky with local AOD
jI2, per second, photolysis rate of I2 -> I + I calculated in TUV for cloud-free sky with local AOD
jNO2, per second, photolysis rate of NO2 -> NO + O(3P) calculated in TUV for cloud-free sky with local AOD
jNO3a, per second, photolysis rate of NO3 -> NO + O2 calculated in TUV for cloud-free sky with local AOD
jNO3b, per second, photolysis rate of NO3 -> NO2 + O(3P) calculated in TUV for cloud-free sky with local AOD
jN2O5, per second, photolysis rate of N2O5 -> NO3 + NO + O(3P) calculated in TUV for cloud-free sky with local AOD
jO3, per second, photolysis rate of O3 -> O2 + O(1D) calculated in TUV for cloud-free sky with local AOD
AOD_500nm, unitless, UTC daily mean AOD at 500 nm from an AERONET station located at 40.178 N, -112.452 E
0
18
PI_CONTACT_INFO: eleanor.waxman@noaa.gov
PLATFORM: CSL Mobile Lab, at ground site
LOCATION: Salt Lake City, UT
ASSOCIATED_DATA:
INSTRUMENT_INFO: jNO2 filter radiometer.  TUV calculations are for mobile van lat/lon/altitude assuming clear sky (cloud AOD = 0) and daily mean AOD.
DATA_INFO:
UNCERTAINTY: Data uncertainties are +/- 20%.  These come from uncertainties in radiometer angular response, radiometer thermal response, local interferences from clouds/aerosols/shadows etc.
ULOD_FLAG: -7777
ULOD_VALUE: N/A
LLOD_FLAG: -8888
LLOD_VALUE: N/A
DM_CONTACT_INFO: eleanor.waxman@noaa.gov
PROJECT_INFO: USOS Project, July - August 2024
STIPULATIONS_ON_USE: Users are strongly encouraged to contact the PI for proper data usage.
OTHER_COMMENTS: 
REVISION: R0
R0: final data
Time_Start, Time_Stop, jNO2_meas, jBrCl, jBr2, jCCl4, jCH2Oa, jCH2Ob, jClNO2, jClOa, jClOb, jCl2, jHNO2, jHNO3, jI2, jNO2, jNO3a, jNO3b, jN2O5, jO3, AOD_500nm
[from data line 894]
   53640,   53700,0.0038204,0.006688,0.022,1.325e-25,1.13e-05,2.111e-05,0.0002127,4.729e-26,8.183e-06,0.001169,0.0008028,1.549e-07,0.08411,0.005154,0.01699,0.1324,1.761e-05,5.046e-06,0.193
   53700,   53760,0.0030025,0.006727,0.02211,1.348e-25,1.143e-05,2.131e-05,0.0002146,4.807e-26,8.337e-06,0.001179,0.000809,1.571e-07,0.08446,0.005191,0.01705,0.1329,1.779e-05,5.143e-06,0.193
   53760,   53820,0.0025597,0.006764,0.02221,1.369e-25,1.156e-05,2.151e-05,0.0002165,4.881e-26,8.483e-06,0.001188,0.0008148,1.592e-07,0.08478,0.005225,0.0171,0.1334,1.795e-05,5.235e-06,0.193
   53820,   53880,0.0026155,0.006803,0.02231,1.393e-25,1.169e-05,2.171e-05,0.0002185,4.963e-26,8.639e-06,0.001197,0.0008209,1.614e-07,0.08511,0.005262,0.01716,0.1339,1.813e-05,5.334e-06,0.193
   53880,   53940,0.002777,0.006842,0.02242,1.417e-25,1.183e-05,2.191e-05,0.0002204,5.045e-26,8.796e-06,0.001206,0.000827,1.636e-07,0.08544,0.005298,0.01722,0.1344,1.83e-05,5.434e-06,0.193
   53940,   54000,0.0039728,0.006878,0.02252,1.44e-25,1.196e-05,2.21e-05,0.0002223,5.125e-26,8.946e-06,0.001215,0.0008328,1.658e-07,0.08575,0.005332,0.01727,0.1348,1.847e-05,5.528e-06,0.193
   54000,   54060,0.0035115,0.006916,0.02262,1.465e-25,1.209e-05,2.231e-05,0.0002242,5.211e-26,9.106e-06,0.001225,0.0008388,1.68e-07,0.08608,0.005368,0.01733,0.1353,1.864e-05,5.63e-06,0.193
   54060,   54120,0.0032444,0.006954,0.02273,1.49e-25,1.223e-05,2.251e-05,0.0002262,5.299e-26,9.268e-06,0.001234,0.0008448,1.703e-07,0.0864,0.005404,0.01738,0.1358,1.882e-05,5.732e-06,0.193
   54120,   54180,0.0027947,0.006989,0.02282,1.515e-25,1.236e-05,2.27e-05,0.000228,5.384e-26,9.421e-06,0.001243,0.0008504,1.724e-07,0.0867,0.005438,0.01743,0.1362,1.898e-05,5.83e-06,0.193
   54180,   54240,0.0026463,0.007026,0.02292,1.542e-25,1.249e-05,2.29e-05,0.0002299,5.476e-26,9.585e-06,0.001252,0.0008563,1.747e-07,0.08701,0.005473,0.01749,0.1367,1.915e-05,5.934e-06,0.193
   54240,   54300,0.0026197,0.007063,0.02302,1.569e-25,1.263e-05,2.31e-05,0.0002319,5.57e-26,9.75e-06,0.001261,0.0008622,1.77e-07,0.08732,0.005508,0.01754,0.1372,1.932e-05,6.039e-06,0.193
   54300,   54360,0.0026472,0.007097,0.02312,1.595e-25,1.276e-05,2.328e-05,0.0002337,5.661e-26,9.907e-06,0.001269,0.0008678,1.791e-07,0.08761,0.005541,0.01759,0.1376,1.949e-05,6.139e-06,0.193
   54360,   54420,0.0027161,0.007134,0.02321,1.624e-25,1.289e-05,2.348e-05,0.0002356,5.759e-26,1.007e-05,0.001279,0.0008736,1.814e-07,0.08792,0.005575,0.01764,0.138,1.966e-05,6.246e-06,0.193
   54420,   54480,0.002773,0.00717,0.02331,1.653e-25,1.303e-05,2.368e-05,0.0002375,5.86e-26,1.024e-05,0.001288,0.0008794,1.837e-07,0.08822,0.00561,0.01769,0.1385,1.983e-05,6.353e-06,0.193
   54480,   54540,0.0029591,0.007203,0.0234,1.681e-25,1.315e-05,2.387e-05,0.0002393,5.957e-26,1.04e-05,0.001296,0.0008848,1.859e-07,0.0885,0.005642,0.01774,0.1389,1.999e-05,6.456e-06,0.193
   54540,   54600,0.00258,0.007239,0.0235,1.712e-25,1.329e-05,2.406e-05,0.0002412,6.062e-26,1.057e-05,0.001305,0.0008905,1.882e-07,0.08879,0.005676,0.01779,0.1393,2.016e-05,6.565e-06,0.193
   54600,   54660,0.0024916,0.007274,0.02359,1.743e-25,1.342e-05,2.426e-05,0.0002431,6.17e-26,1.075e-05,0.001314,0.0008962,1.906e-07,0.08908,0.005709,0.01784,0.1398,2.033e-05,6.675e-06,0.193
   54660,   54720,0.0024474,0.007306,0.02368,1.773e-25,1.355e-05,2.444e-05,0.0002449,6.274e-26,1.091e-05,0.001322,0.0009015,1.928e-07,0.08936,0.005741,0.01788,0.1402,2.049e-05,6.78e-06,0.193
   54720,   54780,0.0024282,0.007341,0.02377,1.806e-25,1.369e-05,2.464e-05,0.0002467,6.387e-26,1.109e-05,0.001331,0.0009072,1.951e-07,0.08964,0.005774,0.01793,0.1406,2.066e-05,6.892e-06,0.193
   54780,   54840,0.0024986,0.007375,0.02387,1.84e-25,1.382e-05,2.483e-05,0.0002486,6.502e-26,1.126e-05,0.00134,0.0009128,1.974e-07,0.08992,0.005807,0.01798,0.141,2.083e-05,7.004e-06,0.193
   54840,   54900,0.0029636,0.007407,0.02395,1.872e-25,1.395e-05,2.501e-05,0.0002504,6.614e-26,1.143e-05,0.001348,0.000918,1.996e-07,0.09019,0.005838,0.01803,0.1414,2.099e-05,7.111e-06,0.193
   54900,   54960,0.0042349,0.007441,0.02404,1.907e-25,1.408e-05,2.52e-05,0.0002522,6.735e-26,1.161e-05,0.001356,0.0009235,2.02e-07,0.09046,0.00587,0.01807,0.1418,2.116e-05,7.225e-06,0.193
   54960,   55020,0.0050416,0.007474,0.02413,1.943e-25,1.422e-05,2.54e-05,0.0002541,6.86e-26,1.179e-05,0.001365,0.000929,2.043e-07,0.09074,0.005903,0.01812,0.1422,2.133e-05,7.34e-06,0.193
   55020,   55080,0.0051374,0.007505,0.02421,1.978e-25,1.434e-05,2.558e-05,0.0002558,6.98e-26,1.196e-05,0.001373,0.0009341,2.066e-07,0.09099,0.005933,0.01816,0.1426,2.148e-05,7.449e-06,0.193
   55080,   55140,0.0053338,0.007538,0.0243,2.016e-25,1.448e-05,2.577e-05,0.0002576,7.111e-26,1.214e-05,0.001382,0.0009395,2.089e-07,0.09126,0.005965,0.01821,0.143,2.165e-05,7.566e-06,0.193
   55140,   55200,0.0050312,0.007571,0.02439,2.055e-25,1.461e-05,2.595e-05,0.0002594,7.245e-26,1.232e-05,0.00139,0.0009449,2.113e-07,0.09152,0.005997,0.01825,0.1434,2.182e-05,7.683e-06,0.193
   55200,   55260,0.0035583,0.007601,0.02447,2.092e-25,1.474e-05,2.613e-05,0.0002612,7.374e-26,1.249e-05,0.001398,0.0009499,2.135e-07,0.09177,0.006026,0.01829,0.1437,2.197e-05,7.794e-06,0.193
   55260,   55320,0.0032614,0.007633,0.02455,2.133e-25,1.487e-05,2.632e-05,0.000263,7.515e-26,1.267e-05,0.001406,0.0009552,2.159e-07,0.09203,0.006057,0.01834,0.1441,2.214e-05,7.913e-06,0.193
   55320,   55380,0.0030031,0.007665,0.02464,2.175e-25,1.501e-05,2.651e-05,0.0002648,7.66e-26,1.286e-05,0.001415,0.0009605,2.183e-07,0.09228,0.006088,0.01838,0.1445,2.23e-05,8.033e-06,0.193
   55380,   55440,0.0027603,0.007695,0.02472,2.216e-25,1.513e-05,2.668e-05,0.0002665,7.8e-26,1.304e-05,0.001422,0.0009655,2.205e-07,0.09252,0.006117,0.01842,0.1449,2.246e-05,8.146e-06,0.193
   55440,   55500,0.0027251,0.007726,0.0248,2.26e-25,1.526e-05,2.687e-05,0.0002683,7.952e-26,1.322e-05,0.001431,0.0009707,2.229e-07,0.09277,0.006148,0.01846,0.1452,2.262e-05,8.267e-06,0.193
   55500,   55560,0.0028978,0.007757,0.02488,2.306e-25,1.54e-05,2.705e-05,0.00027,8.109e-26,1.341e-05,0.001439,0.0009758,2.253e-07,0.09302,0.006178,0.0185,0.1456,2.278e-05,8.388e-06,0.193
   55560,   55620,0.0034987,0.007786,0.02496,2.349e-25,1.552e-05,2.723e-05,0.0002717,8.26e-26,1.359e-05,0.001447,0.0009807,2.275e-07,0.09325,0.006207,0.01854,0.1459,2.294e-05,8.503e-06,0.193
   55620,   55680,0.0055116,0.007816,0.02504,2.397e-25,1.565e-05,2.741e-05,0.0002735,8.426e-26,1.378e-05,0.001455,0.0009858,2.299e-07,0.0935,0.006237,0.01858,0.1463,2.31e-05,8.626e-06,0.193
   55680,   55740,0.0055565,0.007846,0.02512,2.446e-25,1.578e-05,2.759e-05,0.0002752,8.596e-26,1.397e-05,0.001463,0.0009908,2.323e-07,0.09374,0.006266,0.01862,0.1466,2.326e-05,8.75e-06,0.193
   55740,   55800,0.0056179,0.007875,0.02519,2.494e-25,1.591e-05,2.776e-05,0.0002769,8.76e-26,1.415e-05,0.00147,0.0009956,2.346e-07,0.09396,0.006294,0.01866,0.147,2.341e-05,8.867e-06,0.193
   55800,   55860,0.0047151,0.007904,0.02527,2.546e-25,1.604e-05,2.794e-05,0.0002786,8.94e-26,1.434e-05,0.001478,0.001001,2.37e-07,0.09419,0.006323,0.0187,0.1473,2.357e-05,8.991e-06,0.193
   55860,   55920,0.0052234,0.007934,0.02534,2.599e-25,1.617e-05,2.812e-05,0.0002803,9.124e-26,1.453e-05,0.001486,0.001006,2.394e-07,0.09443,0.006352,0.01874,0.1477,2.373e-05,9.117e-06,0.193
   55920,   55980,0.0060262,0.007961,0.02542,2.651e-25,1.629e-05,2.829e-05,0.000282,9.303e-26,1.472e-05,0.001493,0.00101,2.416e-07,0.09464,0.00638,0.01878,0.148,2.388e-05,9.235e-06,0.193
   55980,   56040,0.0058316,0.00799,0.02549,2.707e-25,1.642e-05,2.847e-05,0.0002837,9.499e-26,1.491e-05,0.001501,0.001015,2.441e-07,0.09487,0.006408,0.01881,0.1483,2.404e-05,9.362e-06,0.193
   56040,   56100,0.0061527,0.008019,0.02557,2.764e-25,1.655e-05,2.865e-05,0.0002854,9.699e-26,1.511e-05,0.001509,0.00102,2.465e-07,0.0951,0.006437,0.01885,0.1487,2.42e-05,9.489e-06,0.193
   56100,   56160,0.006251,0.008046,0.02564,2.82e-25,1.668e-05,2.881e-05,0.000287,9.894e-26,1.529e-05,0.001516,0.001025,2.487e-07,0.09531,0.006463,0.01889,0.149,2.435e-05,9.61e-06,0.193
   56160,   56220,0.0062847,0.008074,0.02571,2.882e-25,1.681e-05,2.899e-05,0.0002887,1.011e-25,1.549e-05,0.001524,0.001029,2.511e-07,0.09553,0.006491,0.01892,0.1493,2.45e-05,9.738e-06,0.193
   56220,   56280,0.0062793,0.008102,0.02578,2.945e-25,1.693e-05,2.916e-05,0.0002904,1.033e-25,1.569e-05,0.001531,0.001034,2.535e-07,0.09574,0.006519,0.01896,0.1496,2.466e-05,9.866e-06,0.193
   56280,   56340,0.0062413,0.008128,0.02585,3.006e-25,1.706e-05,2.933e-05,0.000292,1.054e-25,1.587e-05,0.001539,0.001039,2.558e-07,0.09595,0.006545,0.01899,0.1499,2.481e-05,9.988e-06,0.193
   56340,   56400,0.0059701,0.008155,0.02592,3.073e-25,1.718e-05,2.95e-05,0.0002936,1.077e-25,1.607e-05,0.001546,0.001043,2.582e-07,0.09616,0.006573,0.01903,0.1502,2.496e-05,1.012e-05,0.193
   56400,   56460,0.0050172,0.008183,0.02599,3.142e-25,1.731e-05,2.967e-05,0.0002953,1.101e-25,1.627e-05,0.001554,0.001048,2.606e-07,0.09637,0.0066,0.01906,0.1505,2.512e-05,1.025e-05,0.193
   56460,   56520,0.0063237,0.008208,0.02606,3.209e-25,1.743e-05,2.983e-05,0.0002968,1.125e-25,1.646e-05,0.001561,0.001052,2.629e-07,0.09657,0.006625,0.0191,0.1508,2.526e-05,1.037e-05,0.193
   56520,   56580,0.0062295,0.008235,0.02613,3.283e-25,1.756e-05,3.001e-05,0.0002985,1.15e-25,1.666e-05,0.001568,0.001057,2.653e-07,0.09677,0.006652,0.01913,0.1511,2.542e-05,1.05e-05,0.193
   56580,   56640,0.0063402,0.008261,0.0262,3.358e-25,1.769e-05,3.017e-05,0.0003001,1.177e-25,1.686e-05,0.001575,0.001061,2.677e-07,0.09698,0.006679,0.01917,0.1514,2.557e-05,1.064e-05,0.193
   56640,   56700,0.0058785,0.008286,0.02626,3.431e-25,1.781e-05,3.033e-05,0.0003017,1.202e-25,1.705e-05,0.001582,0.001066,2.699e-07,0.09717,0.006703,0.0192,0.1517,2.571e-05,1.076e-05,0.193
   56700,   56760,0.0059151,0.008312,0.02633,3.511e-25,1.793e-05,3.05e-05,0.0003033,1.23e-25,1.726e-05,0.001589,0.00107,2.724e-07,0.09737,0.00673,0.01923,0.152,2.586e-05,1.089e-05,0.193
   56760,   56820,0.0052984,0.008338,0.02639,3.594e-25,1.806e-05,3.067e-05,0.0003049,1.259e-25,1.746e-05,0.001597,0.001075,2.748e-07,0.09756,0.006756,0.01926,0.1523,2.601e-05,1.103e-05,0.193
   56820,   56880,0.0045331,0.008362,0.02646,3.674e-25,1.818e-05,3.083e-05,0.0003064,1.288e-25,1.765e-05,0.001603,0.001079,2.77e-07,0.09775,0.00678,0.01929,0.1526,2.616e-05,1.115e-05,0.193
   56880,   56940,0.0035363,0.008387,0.02652,3.762e-25,1.83e-05,3.099e-05,0.000308,1.318e-25,1.786e-05,0.00161,0.001083,2.794e-07,0.09794,0.006805,0.01933,0.1528,2.63e-05,1.129e-05,0.193
   56940,   57000,0.0059337,0.008412,0.02659,3.853e-25,1.843e-05,3.115e-05,0.0003096,1.35e-25,1.806e-05,0.001618,0.001088,2.818e-07,0.09813,0.006831,0.01936,0.1531,2.645e-05,1.142e-05,0.193
   57000,   57060,0.0063484,0.008436,0.02665,3.941e-25,1.854e-05,3.131e-05,0.0003111,1.382e-25,1.825e-05,0.001624,0.001092,2.841e-07,0.09831,0.006855,0.01939,0.1534,2.659e-05,1.155e-05,0.193
   57060,   57120,0.0064064,0.008461,0.02671,4.037e-25,1.867e-05,3.147e-05,0.0003126,1.416e-25,1.846e-05,0.001631,0.001096,2.865e-07,0.0985,0.00688,0.01942,0.1537,2.674e-05,1.168e-05,0.193
   57120,   57180,0.0064437,0.008485,0.02677,4.137e-25,1.879e-05,3.163e-05,0.0003142,1.451e-25,1.867e-05,0.001638,0.0011,2.889e-07,0.09868,0.006904,0.01945,0.1539,2.689e-05,1.182e-05,0.193
   57180,   57240,0.0064589,0.008508,0.02683,4.234e-25,1.891e-05,3.179e-05,0.0003157,1.486e-25,1.886e-05,0.001644,0.001104,2.911e-07,0.09886,0.006928,0.01948,0.1542,2.703e-05,1.195e-05,0.193
   57240,   57300,0.006476,0.008532,0.02689,4.34e-25,1.903e-05,3.195e-05,0.0003172,1.523e-25,1.907e-05,0.001651,0.001109,2.935e-07,0.09904,0.006952,0.01951,0.1544,2.717e-05,1.208e-05,0.193
   57300,   57360,0.0064701,0.008556,0.02695,4.45e-25,1.915e-05,3.21e-05,0.0003187,1.562e-25,1.928e-05,0.001658,0.001113,2.959e-07,0.09922,0.006976,0.01954,0.1547,2.732e-05,1.222e-05,0.193
   57360,   57420,0.0064799,0.008578,0.02701,4.557e-25,1.927e-05,3.225e-05,0.0003202,1.601e-25,1.947e-05,0.001664,0.001117,2.981e-07,0.09938,0.006999,0.01956,0.155,2.745e-05,1.235e-05,0.193
   57420,   57480,0.0064928,0.008602,0.02707,4.674e-25,1.939e-05,3.241e-05,0.0003217,1.642e-25,1.968e-05,0.001671,0.001121,3.005e-07,0.09956,0.007023,0.01959,0.1552,2.76e-05,1.249e-05,0.193
   57480,   57540,0.0065244,0.008625,0.02713,4.795e-25,1.951e-05,3.257e-05,0.0003232,1.686e-25,1.989e-05,0.001678,0.001125,3.029e-07,0.09973,0.007047,0.01962,0.1555,2.774e-05,1.262e-05,0.193
   57540,   57600,0.0065413,0.008647,0.02718,4.913e-25,1.962e-05,3.271e-05,0.0003246,1.728e-25,2.009e-05,0.001684,0.001129,3.051e-07,0.09989,0.007069,0.01965,0.1557,2.787e-05,1.275e-05,0.193
   57600,   57660,0.0065548,0.008669,0.02724,5.043e-25,1.974e-05,3.287e-05,0.0003261,1.775e-25,2.029e-05,0.001691,0.001133,3.075e-07,0.1001,0.007092,0.01967,0.1559,2.801e-05,1.289e-05,0.193
   57660,   57720,0.0065632,0.008692,0.0273,5.177e-25,1.986e-05,3.302e-05,0.0003276,1.823e-25,2.05e-05,0.001697,0.001137,3.099e-07,0.1002,0.007115,0.0197,0.1562,2.816e-05,1.303e-05,0.193
   57720,   57780,0.0065773,0.008713,0.02735,5.307e-25,1.997e-05,3.317e-05,0.000329,1.87e-25,2.07e-05,0.001703,0.00114,3.121e-07,0.1004,0.007137,0.01973,0.1564,2.829e-05,1.316e-05,0.193
   57780,   57840,0.0065925,0.008735,0.02741,5.451e-25,2.009e-05,3.332e-05,0.0003305,1.922e-25,2.091e-05,0.00171,0.001144,3.145e-07,0.1005,0.007159,0.01976,0.1567,2.843e-05,1.33e-05,0.193
   57840,   57900,0.0066274,0.008757,0.02746,5.599e-25,2.021e-05,3.347e-05,0.0003319,1.976e-25,2.112e-05,0.001716,0.001148,3.168e-07,0.1007,0.007182,0.01978,0.1569,2.857e-05,1.344e-05,0.193
   57900,   57960,0.0066695,0.008778,0.02751,5.744e-25,2.032e-05,3.361e-05,0.0003333,2.029e-25,2.132e-05,0.001722,0.001152,3.19e-07,0.1009,0.007203,0.01981,0.1571,2.87e-05,1.357e-05,0.193
   57960,   58020,0.0066878,0.008799,0.02757,5.903e-25,2.044e-05,3.376e-05,0.0003347,2.087e-25,2.153e-05,0.001728,0.001156,3.214e-07,0.101,0.007225,0.01983,0.1573,2.883e-05,1.371e-05,0.193
   58020,   58080,0.0066863,0.008821,0.02762,6.068e-25,2.055e-05,3.391e-05,0.0003362,2.147e-25,2.174e-05,0.001734,0.00116,3.237e-07,0.1012,0.007247,0.01986,0.1576,2.897e-05,1.385e-05,0.193
   58080,   58140,0.0066797,0.008841,0.02767,6.225e-25,2.066e-05,3.405e-05,0.0003375,2.206e-25,2.194e-05,0.00174,0.001163,3.259e-07,0.1013,0.007268,0.01988,0.1578,2.91e-05,1.398e-05,0.193
   58140,   58200,0.0066673,0.008862,0.02773,6.402e-25,2.078e-05,3.42e-05,0.0003389,2.271e-25,2.215e-05,0.001746,0.001167,3.283e-07,0.1015,0.00729,0.01991,0.158,2.923e-05,1.412e-05,0.193
   58200,   58260,0.0066379,0.008882,0.02778,6.586e-25,2.089e-05,3.434e-05,0.0003403,2.338e-25,2.236e-05,0.001753,0.001171,3.306e-07,0.1016,0.007311,0.01993,0.1582,2.937e-05,1.426e-05,0.193
   58260,   58320,0.0066847,0.008902,0.02783,6.764e-25,2.1e-05,3.448e-05,0.0003417,2.404e-25,2.256e-05,0.001758,0.001174,3.328e-07,0.1018,0.007331,0.01995,0.1584,2.95e-05,1.439e-05,0.193
   58320,   58380,0.0067885,0.008922,0.02788,6.961e-25,2.111e-05,3.462e-05,0.0003431,2.477e-25,2.277e-05,0.001764,0.001178,3.351e-07,0.1019,0.007352,0.01998,0.1587,2.963e-05,1.453e-05,0.193
   58380,   58440,0.0068313,0.008942,0.02793,7.165e-25,2.123e-05,3.476e-05,0.0003444,2.553e-25,2.298e-05,0.00177,0.001182,3.375e-07,0.1021,0.007373,0.02,0.1589,2.976e-05,1.467e-05,0.193
   58440,   58500,0.0068639,0.008961,0.02797,7.364e-25,2.133e-05,3.49e-05,0.0003457,2.627e-25,2.318e-05,0.001776,0.001185,3.396e-07,0.1022,0.007393,0.02002,0.1591,2.989e-05,1.481e-05,0.193
   58500,   58560,0.0068737,0.008981,0.02802,7.583e-25,2.145e-05,3.504e-05,0.0003471,2.709e-25,2.34e-05,0.001782,0.001189,3.419e-07,0.1023,0.007413,0.02005,0.1593,3.002e-05,1.495e-05,0.193
   58560,   58620,0.0068933,0.009001,0.02807,7.811e-25,2.156e-05,3.518e-05,0.0003485,2.794e-25,2.361e-05,0.001788,0.001192,3.442e-07,0.1025,0.007434,0.02007,0.1595,3.015e-05,1.509e-05,0.193
   58620,   58680,0.0068891,0.009019,0.02812,8.033e-25,2.166e-05,3.531e-05,0.0003497,2.878e-25,2.381e-05,0.001793,0.001195,3.464e-07,0.1026,0.007453,0.02009,0.1597,3.027e-05,1.522e-05,0.193
