CampaignData_and_Merges/R0/CSL_MobileLab_Parked/raw/20240811/USOS-NOAAIodideCIMS-OrgNitrs_MobileLabGround_20240811_RA.ict
37, 1001
Michael A Robinson, Chris Jernigan, Subi Thakali
NOAA ESRL Chemical Sciences Laboratory and CIRES, U. of Colorado
NOAA Iodide CIMS Instrument
USOS
1, 1
2024, 08, 11, 2024, 08, 13
1
starttime_UTC, seconds_past_midnight, seconds_of_day_since_00:00:00_UTC
5
1, 1, 1, 1, 1
-9999, -9999, -9999, -9999, -9999
C4H7NO5_NOAACIMS, pptv, Gas_C4H7NO5_InSitu_S_AVMR, 
ISOPN_NOAACIMS, pptv, Gas_ISOPN_InSitu_S_AVMR, 
C5H10O3_NOAACIMS, pptv, Gas_C5H10O3_InSitu_S_AVMR, 
C5H9NO5_NOAACIMS, pptv, Gas_C5H9NO5_InSitu_S_AVMR, 
C10H17NO4_NOAACIMS, pptv, Gas_C10H17NO4_InSitu_S_AVMR, 
0
18
PI_CONTACT_INFO: 325 Broadway, R/CSD 7, Boulder, Colorado 80305; michael.a.robinson@noaa.gov; chris.jernigan@noaa.gov;
PLATFORM: NOAA CSL Mobile Lab
LOCATION: SLC, Utah
ASSOCIATED_DATA: 1Hz data also available on request.
INSTRUMENT_INFO: NOAA I- ToF CIMS
DATA_INFO: All data in parts per trillion by volume (pptv). 1 Hz data is available upon request.
UNCERTAINTY: TBD
ULOD_FLAG: -7777
ULOD_VALUE: N/A
LLOD_FLAG: -8888
LLOD_VALUE: N/A
DM_CONTACT_INFO: Nathan Howard; nathan.h.howard@noaa.gov
PROJECT_INFO: USOS, summer 2024. https://csl.noaa.gov/groups/csl7/measurements/2024usos/
STIPULATIONS_ON_USE: Users are strongly encouraged to contact the PI for proper data usage.
OTHER_COMMENTS: 
REVISION: RA
RA: Preliminary Data; For in-field use only
starttime_UTC, C4H7NO5_NOAACIMS, ISOPN_NOAACIMS, C5H10O3_NOAACIMS, C5H9NO5_NOAACIMS, C10H17NO4_NOAACIMS
     0, -9999.000, -9999.000, -9999.000, -9999.000, -9999.000
    60, -9999.000, -9999.000, -9999.000, -9999.000, -9999.000
   120, -9999.000, -9999.000, -9999.000, -9999.000, -9999.000
   180, -9999.000, -9999.000, -9999.000, -9999.000, -9999.000
   240, -9999.000, -9999.000, -9999.000, -9999.000, -9999.000
   300, -9999.000, -9999.000, -9999.000, -9999.000, -9999.000
   360, -9999.000, -9999.000, -9999.000, -9999.000, -9999.000
   420, -9999.000, -9999.000, -9999.000, -9999.000, -9999.000
   480, -9999.000, -9999.000, -9999.000, -9999.000, -9999.000
   540, -9999.000, -9999.000, -9999.000, -9999.000, -9999.000
   600, -9999.000, -9999.000, -9999.000, -9999.000, -9999.000
   660, -9999.000, -9999.000, -9999.000, -9999.000, -9999.000
   720, -9999.000, -9999.000, -9999.000, -9999.000, -9999.000
   780, -9999.000, -9999.000, -9999.000, -9999.000, -9999.000
   840, -9999.000, -9999.000, -9999.000, -9999.000, -9999.000
   900, -9999.000, -9999.000, -9999.000, -9999.000, -9999.000
   960, -9999.000, -9999.000, -9999.000, -9999.000, -9999.000
  1020, -9999.000, -9999.000, -9999.000, -9999.000, -9999.000
  1080, -9999.000, -9999.000, -9999.000, -9999.000, -9999.000
  1140, -9999.000, -9999.000, -9999.000, -9999.000, -9999.000
  1200, -9999.000, -9999.000, -9999.000, -9999.000, -9999.000
  1260, -9999.000, -9999.000, -9999.000, -9999.000, -9999.000
  1320, -9999.000, -9999.000, -9999.000, -9999.000, -9999.000
  1380, -9999.000, -9999.000, -9999.000, -9999.000, -9999.000
  1440, -9999.000, -9999.000, -9999.000, -9999.000, -9999.000
  1500, -9999.000, -9999.000, -9999.000, -9999.000, -9999.000
  1560, -9999.000, -9999.000, -9999.000, -9999.000, -9999.000
  1620, -9999.000, -9999.000, -9999.000, -9999.000, -9999.000
  1680, -9999.000, -9999.000, -9999.000, -9999.000, -9999.000
  1740, -9999.000, -9999.000, -9999.000, -9999.000, -9999.000
  1800, -9999.000, -9999.000, -9999.000, -9999.000, -9999.000
  1860, -9999.000, -9999.000, -9999.000, -9999.000, -9999.000
  1920, -9999.000, -9999.000, -9999.000, -9999.000, -9999.000
  1980, -9999.000, -9999.000, -9999.000, -9999.000, -9999.000
  2040, -9999.000, -9999.000, -9999.000, -9999.000, -9999.000
  2100, -9999.000, -9999.000, -9999.000, -9999.000, -9999.000
  2160, -9999.000, -9999.000, -9999.000, -9999.000, -9999.000
  2220, -9999.000, -9999.000, -9999.000, -9999.000, -9999.000
  2280, -9999.000, -9999.000, -9999.000, -9999.000, -9999.000
  2340, -9999.000, -9999.000, -9999.000, -9999.000, -9999.000
  2400, -9999.000, -9999.000, -9999.000, -9999.000, -9999.000
  2460, -9999.000, -9999.000, -9999.000, -9999.000, -9999.000
  2520, -9999.000, -9999.000, -9999.000, -9999.000, -9999.000
  2580, -9999.000, -9999.000, -9999.000, -9999.000, -9999.000
  2640, -9999.000, -9999.000, -9999.000, -9999.000, -9999.000
  2700, -9999.000, -9999.000, -9999.000, -9999.000, -9999.000
  2760, -9999.000, -9999.000, -9999.000, -9999.000, -9999.000
  2820, -9999.000, -9999.000, -9999.000, -9999.000, -9999.000
  2880, -9999.000, -9999.000, -9999.000, -9999.000, -9999.000
  2940, -9999.000, -9999.000, -9999.000, -9999.000, -9999.000
  3000, -9999.000, -9999.000, -9999.000, -9999.000, -9999.000
  3060, -9999.000, -9999.000, -9999.000, -9999.000, -9999.000
  3120, -9999.000, -9999.000, -9999.000, -9999.000, -9999.000
  3180, -9999.000, -9999.000, -9999.000, -9999.000, -9999.000
  3240, -9999.000, -9999.000, -9999.000, -9999.000, -9999.000
  3300, -9999.000, -9999.000, -9999.000, -9999.000, -9999.000
  3360, -9999.000, -9999.000, -9999.000, -9999.000, -9999.000
  3420, -9999.000, -9999.000, -9999.000, -9999.000, -9999.000
  3480, -9999.000, -9999.000, -9999.000, -9999.000, -9999.000
  3540, -9999.000, -9999.000, -9999.000, -9999.000, -9999.000
  3600, -9999.000, -9999.000, -9999.000, -9999.000, -9999.000
  3660, -9999.000, -9999.000, -9999.000, -9999.000, -9999.000
  3720, -9999.000, -9999.000, -9999.000, -9999.000, -9999.000
  3780,  2.760, 26.458, 61.163,  3.243,  0.770
  3840,  2.871, 21.168, 60.588,  4.062,  0.525
  3900,  2.665, 18.565, 54.562,  3.736,  0.490
  3960,  2.660, 18.771, 50.247,  3.646,  0.463
  4020,  2.675, 19.627, 49.978,  3.601,  0.451
  4080,  2.724, 20.177, 48.492,  3.510,  0.456
  4140,  2.688, 19.408, 48.329,  3.521,  0.511
  4200,  2.683, 19.461, 47.439,  3.442,  0.464
  4260,  2.722, 20.378, 47.865,  3.528,  0.495
  4320,  2.687, 20.089, 46.333,  3.366,  0.395
  4380,  2.576, 18.480, 45.824,  3.290,  0.449
  4440,  2.624, 19.190, 44.939,  3.159,  0.396
  4500,  2.653, 20.286, 45.636,  3.320,  0.410
  4560,  2.684, 19.684, 44.593,  3.345,  0.418
  4620,  2.685, 19.433, 46.092,  3.399,  0.401
  4680,  2.601, 18.976, 45.485,  3.320,  0.416
  4740,  2.727, 20.045, 45.986,  3.299,  0.406
  4800,  2.718, 20.262, 46.926,  3.275,  0.382
  4860,  2.729, 21.400, 47.914,  3.449,  0.417
  4920,  2.811, 21.381, 48.324,  3.339,  0.401
  4980,  2.730, 20.790, 47.818,  3.225,  0.449
  5040,  2.696, 20.626, 47.090,  3.356,  0.442
  5100,  2.790, 21.804, 48.241,  3.260,  0.420
  5160,  2.865, 22.005, 50.071,  3.331,  0.520
  5220,  2.847, 22.828, 51.234,  3.404,  0.475
  5280,  2.764, 21.486, 48.809,  3.324,  0.487
  5340,  2.664, 20.587, 45.974,  3.317,  0.498
  5400,  2.664, 19.947, 45.885,  3.281,  0.495
  5460,  2.586, 20.091, 44.315,  3.333,  0.483
  5520,  2.602, 19.510, 43.464,  3.349,  0.471
  5580,  2.400, 18.158, 40.809,  3.211,  0.449
  5640,  2.454, 18.918, 39.146,  3.210,  0.495
  5700, -9999.000, -9999.000, -9999.000, -9999.000, -9999.000
  5760,  2.094, 15.068, 31.609,  3.072,  0.402
  5820,  2.156, 15.564, 31.779,  2.907,  0.409
  5880,  2.092, 14.414, 30.933,  2.759,  0.389
  5940,  2.025, 13.941, 30.699,  2.841,  0.492
  6000,  2.007, 14.623, 30.788,  2.976,  0.402
  6060,  1.992, 13.584, 29.284,  2.982,  0.366
  6120,  1.921, 13.549, 28.843,  2.800,  0.391
  6180,  1.908, 13.536, 27.753,  2.731,  0.450
  6240,  1.901, 13.821, 28.688,  2.719,  0.450
  6300,  1.854, 11.922, 28.057,  2.673,  0.464
  6360,  1.767, 11.013, 27.041,  2.496,  0.393
  6420,  1.638, 10.169, 25.016,  2.565,  0.412
  6480,  1.653, 10.091, 24.246,  2.543,  0.369
  6540,  1.684, 10.207, 24.113,  2.484,  0.321
  6600,  1.805, 12.463, 25.278,  2.665,  0.369
  6660,  1.925, 13.388, 26.834,  2.784,  0.291
  6720,  1.939, 14.171, 27.307,  2.751,  0.317
  6780,  1.938, 13.690, 27.290,  2.700,  0.276
  6840,  1.946, 13.564, 26.988,  2.747,  0.263
  6900,  1.965, 13.767, 27.602,  2.893,  0.282
  6960,  1.925, 13.740, 27.763,  2.769,  0.281
  7020,  2.032, 14.412, 27.987,  2.815,  0.296
  7080,  2.088, 14.673, 28.643,  2.961,  0.284
  7140,  2.092, 14.316, 28.944,  2.951,  0.264
  7200,  2.064, 15.018, 29.539,  2.955,  0.286
  7260,  2.113, 14.866, 29.815,  2.887,  0.249
  7320,  2.080, 15.325, 29.920,  2.998,  0.241
  7380,  2.155, 15.331, 28.791,  3.043,  0.296
  7440,  2.183, 15.607, 30.212,  3.237,  0.246
  7500,  2.153, 14.610, 29.153,  3.031,  0.236
  7560,  2.090, 14.672, 26.818,  3.158,  0.255
  7620,  2.117, 15.664, 28.014,  3.243,  0.248
  7680,  2.176, 15.630, 28.895,  3.119,  0.265
  7740,  2.167, 15.485, 27.653,  3.131,  0.265
  7800,  2.152, 15.108, 29.455,  3.044,  0.283
  7860,  2.172, 14.989, 29.353,  3.124,  0.231
  7920,  2.118, 15.330, 29.391,  3.091,  0.270
  7980,  2.196, 15.368, 29.167,  3.199,  0.264
  8040,  2.234, 16.051, 29.494,  3.165,  0.318
  8100,  2.244, 15.543, 29.549,  3.276,  0.250
  8160,  2.266, 15.889, 31.065,  3.313,  0.297
  8220,  2.246, 15.290, 29.920,  3.194,  0.330
  8280,  2.302, 15.743, 30.706,  3.156,  0.249
  8340,  2.253, 15.646, 29.999,  3.299,  0.301
  8400,  2.252, 15.912, 31.090,  3.149,  0.357
  8460,  2.347, 15.899, 28.929,  3.228,  0.311
  8520,  2.318, 15.421, 28.930,  3.408,  0.396
  8580,  2.301, 14.854, 28.620,  3.332,  0.349
  8640,  2.284, 14.860, 29.230,  3.396,  0.377
  8700,  2.244, 13.965, 28.348,  3.348,  0.322
  8760,  2.183, 13.451, 27.267,  3.460,  0.374
  8820,  2.183, 12.943, 26.550,  3.288,  0.326
  8880,  2.121, 12.635, 25.753,  3.192,  0.289
  8940,  2.154, 12.324, 24.886,  3.221,  0.369
  9000,  2.134, 12.315, 23.897,  3.231,  0.341
  9060,  2.062, 11.731, 23.579,  3.350,  0.338
  9120,  2.034, 11.230, 23.136,  3.211,  0.333
  9180,  1.995, 10.979, 22.076,  3.099,  0.331
  9240,  1.971, 10.949, 21.167,  3.151,  0.326
  9300,  2.007, 11.139, 22.432,  2.979,  0.358
  9360, -9999.000, -9999.000, -9999.000, -9999.000, -9999.000
  9420,  1.808, 10.801, 17.026,  3.233,  0.366
  9480,  1.888, 10.810, 19.007,  3.301,  0.330
  9540,  1.959, 10.779, 19.512,  3.288,  0.310
  9600,  1.969, 11.213, 21.077,  3.338,  0.325
  9660,  2.027, 11.306, 20.150,  3.371,  0.310
  9720,  2.050, 12.105, 21.721,  3.408,  0.412
  9780,  2.122, 12.920, 24.190,  3.789,  0.441
  9840,  2.119, 13.182, 25.448,  3.881,  0.472
  9900,  2.138, 13.370, 25.325,  4.022,  0.514
  9960,  2.174, 13.244, 26.213,  4.047,  0.515
 10020,  2.136, 12.698, 27.832,  4.099,  0.533
 10080,  2.072, 12.504, 24.312,  4.263,  0.559
 10140,  2.025, 12.185, 24.869,  4.438,  0.528
 10200,  1.961, 12.359, 24.527,  4.476,  0.532
 10260,  1.999, 12.028, 24.704,  4.248,  0.555
 10320,  1.960, 11.577, 23.720,  4.372,  0.506
 10380,  1.895, 11.282, 22.378,  4.270,  0.527
 10440,  1.871, 11.551, 22.973,  4.225,  0.455
 10500,  1.849, 10.866, 22.015,  4.490,  0.556
 10560,  1.770, 10.431, 20.261,  4.912,  0.487
 10620,  1.732, 10.155, 20.638,  4.719,  0.423
 10680,  1.689,  9.363, 19.177,  4.720,  0.446
 10740,  1.657,  9.313, 19.232,  4.864,  0.381
 10800,  1.643,  9.536, 19.185,  5.025,  0.404
 10860,  1.659,  9.460, 18.191,  5.332,  0.363
 10920,  1.682,  9.364, 18.548,  4.943,  0.435
 10980,  1.701,  9.402, 17.896,  5.060,  0.556
 11040,  1.693,  9.551, 18.174,  4.932,  0.522
 11100,  1.711,  9.950, 19.122,  5.219,  0.596
 11160,  1.794, 10.355, 20.580,  5.391,  0.628
 11220, -9999.000, -9999.000, -9999.000, -9999.000, -9999.000
 11280,  1.725, 10.343, 19.586,  5.622,  0.565
 11340,  1.781, 10.854, 19.825,  6.294,  0.671
 11400,  1.749, 10.538, 20.429,  6.126,  0.658
 11460,  1.816, 10.684, 21.832,  5.868,  0.706
 11520,  1.868, 11.265, 21.631,  6.016,  0.715
 11580,  1.913, 11.917, 25.212,  6.528,  0.867
 11640,  1.924, 11.146, 27.287,  5.950,  0.863
 11700,  1.918, 11.116, 30.177,  5.939,  0.762
 11760,  1.897, 10.870, 30.452,  5.732,  0.782
 11820,  1.880, 11.199, 32.141,  5.800,  0.832
 11880,  1.861, 10.661, 32.454,  5.579,  0.859
 11940,  1.833, 11.091, 32.095,  5.455,  0.729
 12000,  1.862, 10.758, 33.135,  5.481,  0.820
 12060,  1.834, 10.748, 34.755,  5.609,  0.732
 12120,  1.868, 11.205, 34.326,  5.645,  0.849
 12180,  1.868, 11.546, 36.670,  5.753,  0.768
 12240,  1.833, 12.358, 36.318,  5.900,  0.840
 12300,  1.894, 12.502, 38.027,  6.135,  0.793
 12360,  1.896, 12.872, 39.961,  6.321,  0.748
 12420,  1.901, 12.915, 39.895,  6.564,  0.785
 12480,  1.947, 13.792, 42.405,  6.739,  0.899
 12540,  1.960, 13.684, 42.258,  6.752,  0.838
 12600,  1.972, 14.077, 43.520,  6.862,  0.963
 12660,  2.000, 14.253, 44.601,  6.811,  0.929
 12720,  2.006, 14.130, 45.532,  7.169,  0.936
 12780,  1.992, 15.350, 47.695,  7.133,  0.987
 12840,  2.048, 14.943, 47.278,  7.430,  0.873
 12900,  2.045, 14.304, 45.679,  7.249,  0.895
 12960,  2.105, 14.964, 46.584,  7.364,  0.950
 13020,  2.094, 15.719, 48.163,  7.545,  1.016
 13080, -9999.000, -9999.000, -9999.000, -9999.000, -9999.000
 13140,  1.965, 14.868, 42.312,  6.965,  0.848
 13200,  2.080, 14.932, 43.387,  7.157,  0.899
 13260,  2.153, 15.373, 48.488,  7.778,  0.990
 13320,  2.066, 15.328, 46.143,  7.478,  1.011
 13380,  2.052, 15.079, 45.720,  7.557,  0.934
 13440,  2.137, 15.368, 47.120,  7.579,  1.033
 13500,  2.161, 15.552, 47.449,  7.678,  1.097
 13560,  2.130, 16.682, 48.310,  7.502,  1.114
 13620,  2.123, 15.886, 48.056,  7.351,  1.083
 13680,  2.178, 16.397, 48.186,  7.460,  0.988
 13740,  2.101, 16.236, 46.779,  7.120,  1.031
 13800,  2.230, 17.461, 45.455,  7.336,  0.963
 13860,  2.193, 17.550, 51.015,  7.368,  0.980
 13920,  2.203, 16.415, 47.631,  7.304,  1.083
 13980,  2.193, 17.227, 46.854,  6.957,  0.970
 14040,  2.166, 16.225, 46.140,  7.140,  0.935
 14100,  2.119, 16.483, 43.933,  7.046,  0.993
 14160,  2.106, 16.419, 44.611,  7.015,  0.982
 14220,  2.077, 14.951, 42.974,  7.308,  0.967
 14280,  2.003, 14.408, 43.155,  7.317,  0.981
 14340,  2.049, 14.777, 41.800,  7.206,  0.981
 14400,  2.068, 14.886, 41.343,  6.840,  0.927
 14460,  2.065, 14.512, 42.828,  6.815,  1.011
 14520,  2.099, 14.674, 43.684,  7.022,  0.951
 14580,  2.106, 14.790, 43.688,  7.279,  0.890
 14640,  2.110, 15.074, 45.107,  7.400,  0.946
 14700,  2.113, 15.058, 43.576,  7.122,  0.837
 14760,  2.132, 15.347, 44.375,  7.048,  0.966
 14820,  2.176, 15.853, 45.004,  6.875,  0.901
 14880,  2.160, 16.262, 45.011,  6.653,  0.788
 14940,  2.132, 14.362, 41.159,  6.822,  0.693
 15000,  2.134, 15.684, 43.117,  6.730,  0.872
 15060,  2.155, 15.965, 45.212,  6.988,  0.912
 15120,  2.156, 15.897, 45.408,  6.939,  0.882
 15180,  2.184, 15.829, 44.279,  7.040,  0.835
 15240,  2.202, 15.970, 46.109,  6.936,  0.923
 15300,  2.232, 16.253, 45.984,  7.223,  0.850
 15360,  2.190, 15.834, 44.702,  7.441,  0.898
 15420,  2.200, 16.356, 47.517,  7.242,  0.903
 15480,  2.202, 15.337, 46.779,  7.348,  0.896
 15540,  2.212, 16.237, 46.827,  7.128,  0.924
 15600,  2.223, 15.819, 46.969,  7.389,  0.943
 15660,  2.184, 15.591, 45.805,  7.461,  1.006
 15720,  2.236, 15.975, 46.228,  7.227,  0.920
 15780,  2.182, 15.588, 45.802,  7.247,  0.974
 15840,  2.155, 15.490, 45.580,  7.296,  0.915
 15900,  2.151, 15.700, 46.377,  7.139,  0.926
 15960,  2.179, 14.987, 45.379,  7.269,  0.964
 16020,  2.154, 14.625, 45.905,  7.350,  0.936
 16080,  2.182, 15.158, 46.189,  7.356,  0.926
 16140,  2.171, 15.137, 44.569,  7.140,  0.976
 16200,  2.163, 14.454, 45.331,  7.282,  0.986
 16260,  2.102, 14.279, 45.011,  7.264,  0.858
 16320,  2.074, 14.332, 43.870,  7.208,  0.875
 16380,  2.081, 14.077, 44.524,  7.195,  0.837
 16440,  2.092, 14.025, 44.698,  7.411,  0.861
 16500,  2.082, 13.861, 43.865,  7.151,  0.886
 16560,  2.076, 14.059, 44.137,  7.171,  0.916
 16620,  2.073, 13.985, 43.323,  7.223,  0.966
 16680,  2.073, 14.095, 44.312,  7.562,  0.853
 16740, -9999.000, -9999.000, -9999.000, -9999.000, -9999.000
 16800,  2.045, 12.687, 40.771,  6.326,  0.639
 16860,  2.049, 13.138, 40.621,  7.064,  0.791
 16920,  2.059, 13.367, 41.689,  7.286,  0.824
 16980,  2.075, 13.209, 41.430,  7.404,  0.887
 17040,  2.069, 13.463, 41.966,  7.326,  0.906
 17100,  2.067, 13.139, 41.586,  7.240,  0.842
 17160,  2.098, 13.715, 42.572,  7.428,  0.881
 17220,  2.035, 12.541, 40.308,  7.416,  0.809
 17280,  1.995, 12.444, 41.553,  7.428,  0.914
 17340,  1.987, 12.534, 42.016,  7.490,  0.949
 17400,  2.002, 12.090, 41.583,  7.120,  0.870
 17460,  1.967, 11.847, 40.105,  7.138,  0.859
 17520,  2.012, 12.167, 40.138,  7.055,  0.948
 17580,  1.981, 11.835, 40.318,  6.847,  0.889
 17640,  2.003, 11.713, 40.273,  6.892,  0.933
 17700,  1.996, 11.664, 38.939,  6.970,  0.907
 17760,  1.901, 11.826, 39.757,  6.769,  0.833
 17820,  1.908, 11.269, 38.515,  6.673,  0.871
 17880,  1.865, 11.772, 38.542,  6.896,  0.968
 17940,  1.897, 10.930, 38.778,  6.844,  0.900
 18000,  1.949, 10.761, 37.519,  6.821,  0.900
 18060,  1.883, 11.012, 38.514,  6.634,  0.847
 18120,  1.882, 11.063, 38.920,  6.895,  0.901
 18180,  1.864, 11.108, 37.673,  6.826,  0.944
 18240,  1.875, 11.091, 36.917,  6.945,  0.851
 18300,  1.884, 11.280, 38.715,  7.035,  0.909
 18360,  1.926, 11.679, 39.353,  6.932,  0.862
 18420,  1.935, 11.573, 38.551,  7.247,  0.952
 18480,  1.934, 11.442, 38.794,  7.113,  0.995
 18540,  1.924, 11.853, 39.082,  7.245,  0.920
 18600,  1.898, 12.016, 38.957,  7.763,  1.452
 18660,  1.844, 11.069, 35.970,  6.940,  0.851
 18720,  1.953, 11.625, 36.813,  7.057,  0.909
 18780,  1.959, 12.037, 39.555,  7.465,  0.957
 18840,  1.957, 11.690, 38.800,  7.320,  1.022
 18900,  1.933, 11.478, 39.957,  7.513,  1.087
 18960,  1.964, 11.680, 39.344,  7.847,  1.070
 19020,  1.999, 11.822, 40.153,  7.859,  1.046
