CampaignData_and_Merges/R0/CSL_MobileLab_Parked/raw/20240811/USOS-Picarro-CO2-CH4-CO-H2O_MobileLabGround_20240811_R0.ict
38, 1001
Ilana Pollack, Nell Schafer, and Jeff Peischl
NOAA Chemical Sciences Laboratory
Picarro 2401-m CO2/CH4/CO/H2O Analyzer
USOS
1, 1
2024, 08, 11, 2024, 11, 20
0
StartTime_UTC, seconds_past_midnight, seconds past midnight
5
1, 1, 1, 1, 1
-9999, -9999, -9999, -9999, -9999
StopTime_UTC, seconds_past_midnight, seconds past midnight
CO2_ppm_1min, ppm, Gas_CO2_InSitu_S_DMF, carbon dioxide mixing ratio
CH4_ppb_1min, ppb, Gas_CH4_InSitu_S_DMF, methane mixing ratio
CO_ppb_1min, ppb, Gas_CO_InSitu_S_DMF, carbon monoxide mixing ratio
H2O_ppmv_1min, ppmv, Met_H2OMRV_InSitu_S_AVMR, water vapor mixing ratio
1
SPECIAL COMMENTS: N/A
18
PI_CONTACT_INFO: Address: NOAA Chemical Sciences Laboratory, Mail Stop CSL7, 325 Broadway, Boulder, CO 80305; Email: Ilana.Pollack@noaa.gov
PLATFORM: NOAA CSL Mobile Laboratory
LOCATION: The mobile lab was stationed in Salt Lake City, Utah.
ASSOCIATED_DATA: N/A
INSTRUMENT_INFO: CO2, CH4, and CO are reported as dry air mole fractions using a commercial wavelength-scanned cavity ring-down analyzer (Picarro 2401-m). An in-field calibration gas standard of 432±0.07 ppm CO2, 2095±1 ppb CH4, and 183±1 ppb CO, calibrated in the Boulder laboratories before and after the field project using primary CO2, CH4, and CO standard tanks tied to the WMO standard (X2019, X2004A, and X2014A, respectively) from the Global Monitoring Laboratory (GML), was delivered to the inlet every 2-3 days to evaluate instrument sensitivity. A H2O measurement was calibrated before the project with a Dew Point Mirror 373 hygrometer. The water correction calculated from these calibrations was applied to the H2O measurement for the entire campaign. Species are measured at 0.5 Hz and reported as 1-minute averages for stationary measurements.
DATA_INFO: Units: CO2, ppm, dry air mole fraction; CH4, ppb, dry air mole fraction; CO, ppb, dry air mole fraction; H2O, ppmv
UNCERTAINTY: Total uncertainties are estimated as ±0.1 ppm for CO2, ±1 ppb for CH4, ±5 ppb for CO, and ±(50 ppm + 4%) for H2O.
ULOD_FLAG: -7777
ULOD_VALUE: N/A
LLOD_FLAG: -8888
LLOD_VALUE: N/A
DM_CONTACT_INFO: Data Manager: Nathan Howard; nathan.h.howard@noaa.gov
PROJECT_INFO: USOS Dates of Study: July – August 2024
STIPULATIONS_ON_USE: Use of these data require prior ok from PI.
OTHER_COMMENTS: Data are averaged to 1 minute intervals. Stationary data collected from a 10 ft tower on top of the mobile van.
REVISION: R0
R0: Final Data
StartTime_UTC, StopTime_UTC, CO2_ppm_1min, CH4_ppb_1min, CO_ppb_1min, H2O_ppmv_1min
[from data line 756]
45360,45420,454.01,2009.6,169.7,14562.0693
45420,45480,452.15,2002.7,162.9,14489.0615
45480,45540,451.18,2001.7,163.4,14439.1035
45540,45600,450.73,2003.6,162.2,14446.4746
45600,45660,451.23,2003.1,165.5,14464.2852
45660,45720,452.66,2003.5,171.5,14527.1250
45720,45780,453.11,2001.7,165.9,14616.0762
45780,45840,453.18,2000.4,166.4,14569.4424
45840,45900,452.44,2000.0,165.4,14521.3467
45900,45960,454.09,2004.4,170.9,14706.1699
45960,46020,451.04,2003.2,172.0,14572.4043
46020,46080,452.64,2004.3,178.2,14613.0459
46080,46140,456.28,2005.8,173.7,14751.9092
46140,46200,455.41,2006.7,170.8,14685.7402
46200,46260,453.73,2009.3,167.1,14711.3027
46260,46320,452.30,2006.4,166.3,14716.1621
46320,46380,452.47,2005.0,166.8,14750.3564
46380,46440,457.10,2006.6,166.9,14954.9902
46440,46500,453.87,2006.6,173.3,14772.0225
46500,46560,452.93,2005.6,164.6,14728.4697
46560,46620,453.43,2007.3,167.8,14802.0488
46620,46680,456.28,2011.3,190.8,14798.5547
46680,46740,453.07,2009.0,177.2,14825.3916
46740,46800,456.50,2011.2,177.8,15017.7900
46800,46860,455.91,2020.5,178.9,15040.4980
46860,46920,458.48,2017.7,181.2,15133.9482
46920,46980,458.10,2011.5,244.3,15041.2803
46980,47040,456.06,2008.3,201.4,14916.4980
47040,47100,456.67,2009.2,189.0,15039.7051
47100,47160,453.14,2008.3,172.3,14917.1279
47160,47220,454.64,2011.0,179.0,14946.2275
47220,47280,456.98,2012.9,181.0,15040.1270
47280,47340,458.48,2014.8,174.5,15105.1553
47340,47400,458.21,2015.8,176.6,15213.2559
47400,47460,458.11,2013.7,178.7,15383.9238
47460,47520,459.91,2013.5,178.8,15336.8740
47520,47580,460.35,2014.8,179.7,15281.5264
47580,47640,462.63,2018.5,192.6,15301.2363
47640,47700,468.81,2017.7,191.9,15558.1289
47700,47760,462.39,2021.6,201.1,15303.7480
47760,47820,461.99,2018.3,203.6,15291.3408
47820,47880,462.27,2016.9,197.2,15351.4912
47880,47940,462.03,2018.1,197.2,15409.0098
47940,48000,462.49,2020.4,195.7,15523.7354
48000,48060,460.67,2020.9,200.0,15486.3047
48060,48120,460.33,2021.2,200.5,15485.4883
48120,48180,461.40,2018.8,213.1,15472.2920
48180,48240,457.81,2017.6,200.1,15303.9551
48240,48300,457.21,2017.8,199.3,15291.6865
48300,48360,459.96,2021.2,192.9,15418.1152
48360,48420,462.07,2022.7,194.7,15594.0977
48420,48480,462.03,2022.4,204.3,15588.5518
48480,48540,466.44,2026.4,214.6,15865.7197
48540,48600,459.32,2021.0,189.1,15507.6738
48600,48660,460.83,2023.1,193.0,15645.4990
48660,48720,462.25,2026.1,197.7,15745.2813
48720,48780,463.49,2035.2,203.9,15918.6543
48780,48840,463.47,2061.9,200.5,16241.3906
48840,48900,462.42,2047.2,199.4,16123.7607
48900,48960,463.84,2044.0,198.2,16190.9805
48960,49020,462.82,2033.4,198.3,15918.3916
49020,49080,461.82,2030.6,193.0,15967.0361
49080,49140,461.40,2028.5,191.0,15971.2617
49140,49200,459.65,2025.3,186.4,15823.8721
49200,49260,459.23,2024.0,189.5,15785.3701
49260,49320,462.40,2025.7,188.6,16190.0957
49320,49380,459.70,2023.8,189.9,15877.2529
49380,49440,461.16,2024.4,195.7,15929.4766
49440,49500,463.07,2025.8,202.1,16078.8594
49500,49560,463.99,2040.1,204.9,16244.3623
49560,49620,462.48,2037.2,206.2,16134.1973
49620,49680,463.72,2038.0,225.0,16335.7959
49680,49740,463.15,2037.3,212.5,16395.4004
49740,49800,463.80,2034.3,204.4,16599.0898
49800,49860,463.59,2041.6,201.1,16628.3613
49860,49920,461.72,2039.0,203.8,16414.5254
49920,49980,462.42,2039.6,204.7,16689.4492
49980,50040,460.59,2036.3,195.2,16443.1895
50040,50100,462.63,2039.0,200.4,16574.6895
50100,50160,464.35,2041.3,206.1,16881.3574
50160,50220,463.55,2037.8,205.0,16644.3574
50220,50280,463.50,2037.6,206.0,16629.3652
50280,50340,463.64,2036.5,203.1,16670.1895
50340,50400,463.94,2037.3,205.7,16713.6328
50400,50460,463.77,2037.0,204.9,16892.1328
50460,50520,463.79,2037.6,207.0,16678.0371
50520,50580,466.16,2040.2,223.1,17133.6914
50580,50640,461.90,2048.1,196.6,17236.1016
50640,50700,460.81,2058.3,200.2,17124.3711
50700,50760,461.17,2057.6,211.8,17297.6855
50760,50820,459.85,2054.5,233.8,17469.2871
50820,50880,461.39,2050.9,212.6,17285.2969
50880,50940,464.39,2052.6,211.3,17358.5527
50940,51000,467.07,2052.5,218.1,17600.8984
51000,51060,463.75,2052.9,215.4,17707.3105
51060,51120,461.49,2058.4,211.7,17743.1992
51120,51180,459.91,2055.0,224.3,17817.3086
51180,51240,460.32,2053.5,228.2,18032.8320
51240,51300,459.23,2054.1,222.7,18033.2227
51300,51360,461.41,2057.4,252.2,18097.3887
51360,51420,461.30,2054.3,232.4,18208.8008
51420,51480,460.38,2052.4,228.4,18339.4492
51480,51540,458.21,2051.6,233.5,18430.5605
51540,51600,457.60,2052.1,232.3,18422.0840
51600,51660,459.39,2051.4,219.9,18533.8887
51660,51720,458.21,2053.1,214.4,18595.3965
51720,51780,462.30,2055.2,221.7,18809.1660
51780,51840,457.35,2051.4,204.8,18801.1641
51840,51900,454.84,2051.2,204.7,19218.3438
51900,51960,456.01,2047.5,203.1,18317.0781
51960,52020,456.83,2048.3,208.5,18184.5039
52020,52080,456.46,2049.4,214.9,17987.5684
52080,52140,455.52,2052.0,213.5,18426.4219
52140,52200,455.48,2049.6,210.1,17967.8730
52200,52260,454.45,2046.2,205.0,18102.8613
52260,52320,454.34,2049.2,206.1,18319.2129
52320,52380,453.80,2049.3,205.3,18265.7676
52380,52440,452.78,2048.0,202.8,18197.2109
52440,52500,453.72,2049.0,205.2,18497.1133
52500,52560,452.63,2050.1,202.8,18752.7539
52560,52620,450.94,2043.4,199.0,18510.8359
52620,52680,450.86,2039.1,195.8,18163.6758
52680,52740,450.58,2038.3,193.7,18273.4980
52740,52800,450.68,2036.3,193.3,18005.7109
52800,52860,450.29,2037.6,195.6,18354.9648
52860,52920,450.09,2037.5,196.7,18447.8301
52920,52980,450.81,2038.2,202.0,18476.7793
52980,53040,450.89,2039.9,205.0,18523.8984
53040,53100,450.75,2040.4,204.4,18654.6270
53100,53160,450.88,2040.7,203.3,18717.1973
53160,53220,450.06,2036.9,198.4,18391.2363
53220,53280,447.83,2024.7,186.4,17569.4238
53280,53340,446.76,2019.0,188.0,17257.1836
53340,53400,446.54,2018.2,188.4,17153.5781
53400,53460,446.26,2024.9,189.5,18197.2598
53460,53520,446.45,2025.7,193.0,17985.2227
53520,53580,446.91,2018.4,182.4,17542.5703
53580,53640,446.33,2013.6,178.5,17155.7871
53640,53700,445.90,2012.8,174.8,17227.5430
53700,53760,444.97,2013.6,177.1,17476.5137
53760,53820,444.51,2011.8,176.5,17505.5391
53820,53880,443.36,2012.2,173.6,17361.8984
53880,53940,443.45,2013.9,175.3,17652.7617
53940,54000,443.70,2011.5,175.8,17501.5313
54000,54060,444.22,2012.9,179.4,17714.2598
54060,54120,443.61,2013.9,180.7,18101.3086
54120,54180,444.62,2013.3,178.7,17731.8262
54180,54240,443.11,2004.9,171.0,16997.4492
54240,54300,444.15,2003.7,171.6,16927.4219
54300,54360,452.99,2009.4,181.8,17304.1992
54360,54420,453.48,2011.2,193.8,17356.9082
54420,54480,443.36,2007.1,202.8,17339.1152
54480,54540,442.67,2000.2,167.5,16569.5078
54540,54600,441.89,2003.6,171.4,17147.4355
54600,54660,442.17,2004.6,169.0,17443.6543
54660,54720,443.73,2007.2,170.1,17135.1445
54720,54780,444.53,2009.1,171.7,17360.8828
54780,54840,443.38,2006.4,213.8,16911.9590
54840,54900,445.43,2009.6,184.7,17148.2832
54900,54960,443.82,2006.7,184.8,17213.2949
54960,55020,448.26,2011.2,182.3,17735.2695
55020,55080,441.89,2007.3,173.6,17520.0625
55080,55140,441.83,2007.0,201.6,17589.9648
55140,55200,442.34,2005.5,289.1,17466.4336
55200,55260,441.49,2005.4,232.3,17826.0762
55260,55320,442.18,2010.7,187.5,18141.2891
55320,55380,440.53,1996.8,160.4,16906.3809
55380,55440,440.51,1997.7,159.9,17191.7871
55440,55500,440.80,1998.1,159.8,17386.7578
55500,55560,440.28,1997.0,160.6,17340.1035
55560,55620,440.05,1996.0,160.9,17409.4707
55620,55680,442.68,1996.1,199.1,16797.3262
55680,55740,441.12,1991.5,174.1,17147.4063
55740,55800,440.39,1994.0,170.4,17111.6719
55800,55860,440.82,1990.7,170.1,16909.0645
55860,55920,441.71,1989.8,162.2,16827.5117
55920,55980,441.41,1988.3,162.1,16546.6426
55980,56040,440.71,1986.1,157.8,16232.2900
56040,56100,440.03,1981.9,155.5,16376.0098
56100,56160,439.23,1981.0,154.1,16089.9111
56160,56220,438.68,1981.8,237.3,16033.3506
56220,56280,438.36,1981.5,156.2,16040.0127
56280,56340,438.32,1981.8,162.1,16243.8516
56340,56400,438.09,1982.2,168.6,17244.9727
56400,56460,438.14,1980.8,172.6,16253.5654
56460,56520,437.86,1981.5,163.9,16349.5918
56520,56580,437.76,1981.4,163.8,16705.9590
56580,56640,438.37,1980.0,158.6,16368.8799
56640,56700,437.88,1978.7,158.9,16285.7461
56700,56760,437.98,1976.9,154.5,16057.5000
56760,56820,437.97,1977.6,155.3,16120.4492
56820,56880,438.17,1976.9,152.0,16045.6895
56880,56940,438.00,1977.1,152.8,16037.7090
56940,57000,438.83,1977.9,154.0,16029.5547
57000,57060,437.99,1978.1,154.6,16181.3574
57060,57120,-9999,-9999,-9999,-9999
57120,57180,-9999,-9999,-9999,-9999
57180,57240,-9999,-9999,-9999,-9999
57240,57300,-9999,-9999,-9999,-9999
57300,57360,-9999,-9999,-9999,-9999
57360,57420,439.64,1980.2,171.0,16599.1758
57420,57480,440.48,1978.3,179.7,17030.6719
57480,57540,437.76,1974.7,155.9,16139.7734
57540,57600,437.87,1974.8,153.2,16112.8691
57600,57660,436.98,1975.2,156.4,16359.4932
57660,57720,436.77,1975.4,163.4,17030.8945
57720,57780,437.67,1975.6,161.7,17185.3965
57780,57840,437.11,1975.6,159.6,17131.1875
57840,57900,436.57,1975.2,156.9,16740.6191
57900,57960,436.18,1975.2,160.4,16995.2207
57960,58020,436.15,1974.7,156.1,16838.3633
58020,58080,435.82,1974.9,157.7,16948.2910
58080,58140,436.33,1975.3,162.6,17432.9941
58140,58200,436.50,1974.9,165.8,16880.9180
58200,58260,437.95,1973.3,163.1,16607.7227
58260,58320,436.52,1972.6,153.4,16438.3633
58320,58380,436.14,1971.6,156.5,16414.6523
58380,58440,435.32,1971.7,155.5,16843.5137
58440,58500,434.91,1972.2,160.8,17201.2715
58500,58560,436.57,1972.7,165.8,17402.9277
58560,58620,436.35,1972.6,158.9,16932.0703
58620,58680,437.63,1973.4,163.3,16736.8750
58680,58740,439.20,1974.2,172.1,16644.8145
58740,58800,440.88,1973.3,177.2,16684.6191
58800,58860,438.59,1970.9,164.6,16617.1699
58860,58920,437.04,1970.9,160.7,16674.4648
58920,58980,437.05,1970.5,162.3,16728.7832
58980,59040,435.50,1969.7,158.6,16641.3789
59040,59100,435.84,1970.0,159.1,16543.9609
59100,59160,435.08,1970.2,161.4,16823.3535
59160,59220,434.23,1970.6,164.3,17433.8301
59220,59280,434.95,1971.0,160.8,16821.1387
59280,59340,434.77,1972.3,163.5,17366.0039
59340,59400,434.47,1969.6,158.2,17204.7676
59400,59460,436.06,1969.9,159.4,16740.6758
59460,59520,436.01,1970.5,160.4,16897.4434
59520,59580,434.38,1968.9,164.4,17494.7578
59580,59640,435.16,1969.8,162.1,16776.1855
59640,59700,434.74,1970.7,160.2,16842.7500
59700,59760,435.34,1969.7,172.6,16827.1992
59760,59820,433.92,1964.6,151.1,16415.6816
59820,59880,434.70,1966.9,160.8,16701.2539
59880,59940,434.83,1968.7,157.5,16597.0918
59940,60000,434.07,1964.8,154.1,16511.1309
60000,60060,433.77,1964.7,156.2,16619.0547
60060,60120,433.62,1965.2,153.6,17074.2090
60120,60180,434.42,1966.0,156.9,16676.8516
60180,60240,434.28,1967.0,155.5,16467.7051
60240,60300,433.50,1964.6,153.3,16514.9492
60300,60360,432.46,1962.9,150.2,16463.0625
60360,60420,432.57,1963.0,153.5,16519.7207
60420,60480,432.93,1963.1,154.2,16482.4297
60480,60540,432.78,1962.8,154.5,16590.0020
60540,60600,433.28,1963.6,157.1,16567.6328
60600,60660,432.50,1962.4,152.2,16506.9766
60660,60720,432.34,1963.0,152.5,16722.1602
60720,60780,432.13,1962.8,152.6,16759.8730
60780,60840,432.18,1962.6,147.8,16519.7598
60840,60900,431.28,1960.4,144.2,16530.8555
60900,60960,430.73,1958.4,144.4,16755.7383
60960,61020,430.22,1956.3,140.8,16431.9375
61020,61080,428.75,1953.3,132.5,16140.1807
61080,61140,428.57,1953.5,131.0,16165.0537
61140,61200,428.62,1953.2,130.1,16082.9941
61200,61260,428.84,1955.1,133.8,16368.0195
61260,61320,429.03,1956.7,137.5,16551.9297
61320,61380,429.81,1956.6,143.5,16633.4961
61380,61440,429.32,1954.2,140.6,16358.5684
61440,61500,430.05,1957.9,154.5,16816.1523
61500,61560,433.80,1960.9,209.7,17157.9551
61560,61620,431.13,1960.6,160.9,17172.3027
61620,61680,428.93,1955.9,138.9,16584.6836
61680,61740,429.46,1955.6,143.0,16551.9941
61740,61800,427.81,1952.1,132.3,16134.5449
61800,61860,427.46,1952.1,132.3,16138.6309
61860,61920,427.60,1951.7,131.0,16230.5918
61920,61980,427.55,1951.7,128.8,16196.0645
61980,62040,427.84,1952.4,130.5,16136.6357
62040,62100,429.06,1952.8,141.9,16375.8281
62100,62160,430.98,1953.6,149.0,16656.0566
62160,62220,429.81,1952.6,151.5,16923.5508
62220,62280,430.98,1952.2,158.4,16627.3574
62280,62340,431.43,1953.2,222.3,16472.7402
62340,62400,429.28,1953.6,160.0,16616.6719
62400,62460,428.54,1953.2,139.2,16184.0361
62460,62520,428.29,1952.4,132.7,15943.7988
62520,62580,428.14,1951.9,131.5,16072.3818
62580,62640,431.86,1952.8,153.3,16682.3008
62640,62700,428.51,1951.1,132.3,15732.7783
62700,62760,432.21,1950.6,141.7,16346.3301
62760,62820,430.77,1949.9,146.1,16446.4629
62820,62880,430.89,1950.5,147.5,16397.8555
62880,62940,428.36,1950.6,134.6,16532.5898
62940,63000,428.48,1951.4,135.8,16445.6484
63000,63060,427.96,1950.8,135.3,16170.4180
63060,63120,428.58,1950.1,129.9,15717.1016
63120,63180,428.15,1950.2,138.2,15728.0215
63180,63240,428.46,1950.3,132.4,15886.5537
63240,63300,428.24,1950.7,132.9,15861.3623
63300,63360,428.38,1950.8,137.7,15839.2871
63360,63420,428.34,1950.1,135.0,15933.1338
63420,63480,428.97,1950.4,139.7,16134.8857
63480,63540,428.65,1950.6,137.4,16152.4287
63540,63600,429.58,1950.5,148.6,16270.7471
63600,63660,429.67,1949.9,136.6,16013.3701
63660,63720,430.13,1950.3,145.7,16343.8379
63720,63780,428.96,1950.3,140.2,16217.2432
63780,63840,428.61,1951.3,135.0,16306.9580
63840,63900,428.40,1951.6,136.7,16410.1543
63900,63960,429.08,1951.3,140.3,16240.6299
63960,64020,427.90,1950.6,137.5,16343.0547
64020,64080,429.38,1950.3,140.8,16362.4688
64080,64140,430.53,1949.4,138.4,16786.2676
64140,64200,430.37,1949.6,135.9,16566.5469
64200,64260,428.27,1951.0,135.8,16335.4697
64260,64320,428.24,1951.9,137.8,16252.2666
64320,64380,428.11,1951.4,137.4,16294.6719
64380,64440,428.18,1951.1,131.8,16141.2266
64440,64500,428.51,1951.7,139.6,16414.9824
64500,64560,428.01,1952.5,132.4,16012.8809
64560,64620,428.00,1952.8,133.7,15636.3164
64620,64680,427.94,1952.8,136.6,15575.9434
64680,64740,428.96,1951.7,138.8,15852.0693
64740,64800,431.48,1952.2,149.9,16174.7012
64800,64860,429.25,1950.3,137.6,16360.4414
64860,64920,429.10,1951.1,142.3,16345.8037
64920,64980,428.82,1952.2,139.3,16295.6729
64980,65040,428.26,1953.0,140.1,16581.6191
65040,65100,428.49,1954.1,140.3,16527.0156
65100,65160,427.96,1953.9,137.4,15721.4453
65160,65220,427.78,1953.5,135.3,15423.4287
65220,65280,427.76,1954.3,137.5,15432.8848
65280,65340,427.88,1954.7,137.0,15386.5586
65340,65400,427.71,1955.5,138.4,15354.7412
65400,65460,428.03,1955.5,139.5,15525.7627
65460,65520,428.56,1955.0,142.6,15398.3584
65520,65580,428.90,1955.7,138.8,15420.2969
65580,65640,427.75,1955.5,138.6,15340.0508
65640,65700,427.50,1956.1,141.4,15256.2617
65700,65760,427.71,1957.0,167.8,15474.6318
65760,65820,427.35,1956.9,145.8,15392.4111
65820,65880,427.50,1956.7,140.2,15182.3965
65880,65940,427.76,1956.5,145.6,15474.9033
65940,66000,428.67,1957.1,145.7,15520.1348
66000,66060,428.29,1957.4,142.8,15332.1357
66060,66120,427.71,1957.5,140.9,15244.3555
66120,66180,427.55,1958.1,142.3,15295.2764
66180,66240,427.42,1959.4,143.7,15285.6592
66240,66300,427.43,1959.6,143.1,15036.3027
66300,66360,427.38,1959.1,144.1,15168.0557
66360,66420,427.89,1957.0,141.0,15457.6836
66420,66480,427.82,1955.7,135.7,15545.3086
66480,66540,427.78,1957.1,200.3,15453.7852
66540,66600,427.96,1958.8,293.4,15496.8350
66600,66660,428.45,1957.8,260.0,15480.9043
66660,66720,432.51,1957.5,180.7,15223.9902
66720,66780,429.32,1957.9,160.2,15693.2539
66780,66840,428.49,1957.8,143.6,15346.5928
66840,66900,429.81,1957.8,149.8,15928.0166
66900,66960,428.56,1958.7,146.3,16063.6631
66960,67020,428.50,1957.5,143.5,16045.2500
67020,67080,428.42,1957.7,140.1,16155.3848
67080,67140,428.51,1956.4,138.3,16023.7510
67140,67200,428.67,1956.5,140.5,15942.2207
67200,67260,428.34,1956.2,139.0,15699.6943
67260,67320,428.50,1956.4,142.4,15865.0449
67320,67380,428.62,1956.2,139.6,16029.0430
67380,67440,427.82,1956.8,134.7,15779.4395
67440,67500,427.51,1956.6,139.3,15754.1348
67500,67560,427.63,1956.1,136.8,15314.2178
67560,67620,427.71,1956.4,137.2,15386.8320
67620,67680,427.56,1957.5,141.5,15229.2539
