CampaignData_and_Merges/R0/CSL_MobileLab_Parked/raw/20240811/USOS-POPS_MobileLabGround_20240811_R0.ict
78, 1001
Thornberry, T. D.
NOAA Chemical Sciences Laboratory
Portable Optical Particle Spectrometer (POPS)
USOS
1, 1
2024, 08, 11, 2025, 05, 08
60
Time_Start, seconds_past_midnight, Start time of measurement
45
1, 1, 1, 1, 1, 1, 1, 1, 1, 1, 1, 1, 1, 1, 1, 1, 1, 1, 1, 1, 1, 1, 1, 1, 1, 1, 1, 1, 1, 1, 1, 1, 1, 1, 1, 1, 1, 1, 1, 1, 1, 1, 1, 1, 1
-9999, -9999, -9999, -9999, -9999, -9999, -9999, -9999, -9999, -9999, -9999, -9999, -9999, -9999, -9999, -9999, -9999, -9999, -9999, -9999, -9999, -9999, -9999, -9999, -9999, -9999, -9999, -9999, -9999, -9999, -9999, -9999, -9999, -9999, -9999, -9999, -9999, -9999, -9999, -9999, -9999, -9999, -9999, -9999, -9999
Time_Stop, seconds_past_midnight, Stop time of measurement
Time_Mid, seconds_past_midnight, Mid time of measurement
Press_mb, mb, Pressure reported (mb)
Temp_C, degrees C, POPS temperature measurement
Aerosol_concentration, cm^-3, Aerosol concentration
Surface_Area_Conc, um^2 cm^-3, Surface area concentration
Volume_density, um^3 cm^-3, Volume density
Effective_radius, um, Effective radius
Extinction, km^-1, Extinction
Bin01, cm^-3, particle concentration in size range [1401 - 146.3 nm]
Bin02, cm^-3, particle concentration in size range [146.3 - 152.8 nm]
Bin03, cm^-3, particle concentration in size range [152.8 - 159.6 nm]
Bin04, cm^-3, particle concentration in size range [159.6 - 166.8 nm]
Bin05, cm^-3, particle concentration in size range [166.8 - 174.2 nm]
Bin06, cm^-3, particle concentration in size range [174.2 - 181.9 nm]
Bin07, cm^-3, particle concentration in size range [181.9 - 190.0 nm]
Bin08, cm^-3, particle concentration in size range [190.0 - 198.5 nm]
Bin09, cm^-3, particle concentration in size range [198.5 - 207.4 nm]
Bin10, cm^-3, particle concentration in size range [207.4 - 216.6 nm]
Bin11, cm^-3, particle concentration in size range [216.6 - 226.2 nm]
Bin12, cm^-3, particle concentration in size range [226.2 - 236.3 nm]
Bin13, cm^-3, particle concentration in size range [236.3 - 246.8 nm]
Bin14, cm^-3, particle concentration in size range [246.8 - 257.8 nm]
Bin15, cm^-3, particle concentration in size range [257.8 - 269.3 nm]
Bin16, cm^-3, particle concentration in size range [269.3 - 343.4 nm]
Bin17, cm^-3, particle concentration in size range [343.4 - 450.7 nm]
Bin18, cm^-3, particle concentration in size range [450.7 - 525.9 nm]
Bin19, cm^-3, particle concentration in size range [525.9 - 618.5 nm]
Bin20, cm^-3, particle concentration in size range [618.5 - 710.0 nm]
Bin21, cm^-3, particle concentration in size range [710.0 - 822.7 nm]
Bin22, cm^-3, particle concentration in size range [822.7 - 885.9 nm]
Bin23, cm^-3, particle concentration in size range [885.9 - 953.9 nm]
Bin24, cm^-3, particle concentration in size range [953.9 - 1027.2 nm]
Bin25, cm^-3, particle concentration in size range [1027.2 - 1106.1 nm]
Bin26, cm^-3, particle concentration in size range [1106.1 - 1191.0 nm]
Bin27, cm^-3, particle concentration in size range [1191.0 - 1282.5 nm]
Bin28, cm^-3, particle concentration in size range [1282.5 - 1381.0 nm]
Bin29, cm^-3, particle concentration in size range [1381.0 - 1487.1 nm]
Bin30, cm^-3, particle concentration in size range [1487.1 - 1601.3 nm]
Bin31, cm^-3, particle concentration in size range [1601.3 - 1724.3 nm]
[...]
PLATFORM: NOAA CSL Mobile Lab
LOCATION: USOS
ASSOCIATED_DATA: N/A
INSTRUMENT_INFO: Printed Optical Particle Spectrometer counts particles from 140 - 2500 nm in diameter 
DATA_INFO: Particle concentrations reported in number per cubic centimeter,1 Hz data
UNCERTAINTY: Counting uncertainty dominated by air flow, less than 5 percent. Measurement range is ~0 - 3000 per cm3 (varies depending on flow rate- manufacturer quotes 1250 per cm3 at 1.667 cc/s)
ULOD_FLAG: -7777
ULOD_VALUE: N/A
LLOD_FLAG: -8888
LLOD_VALUE: N/A
DM_CONTACT_INFO: Troy Thornberry, 325 Broadway R/CSL6, Boulder, CO 80305; troy.thornberry@noaa.gov; 303-497-3373
PROJECT_INFO: USOS, Utah POPS data from NOAA CSL Mobile Lab
STIPULATIONS_ON_USE: Please contact the PIs for questions regarding applications and uncertainties
OTHER_COMMENTS: POPS bin Edges (nm):  140.1, 146.3, 152.8, 159.6, 166.8, 174.2, 181.9, 190.0, 198.5, 207.4, 216.6, 226.2, 236.3, 246.8, 257.8, 269.3, 343.4, 450.7, 525.9, 618.5, 710.0, 822.7, 885.9, 953.9, 1027.2, 1106.1, 1191.0, 1282.5, 1381.0, 1487.1, 1601.3, 1724.3, 1856.7, 1999.3, 2152.8, 2318.2, 2496.2
Calculations assume organic aerosol refractive index of 1.52+0.00j and extinction wavelength = 532 nm
REVISION: R0
R0: Final data
Time_Start, Time_Stop, Time_Mid, Press_mb, Temp_C, Aerosol_concentration, Surface_Area_Conc, Volume_density, Effective_radius, Extinction, Bin01, Bin02, Bin03, Bin04, Bin05, Bin06, Bin07, Bin08, Bin09, Bin10, Bin11, Bin12, Bin13, Bin14, Bin15, Bin16, Bin17, Bin18, Bin19, Bin20, Bin21, Bin22, Bin23, Bin24, Bin25, Bin26, Bin27, Bin28, Bin29, Bin30, Bin31, Bin32, Bin33, Bin34, Bin35, Bin36
[from data line 40]
2400,2459,2430,868.828,33.428,464.780,70.819,3.277,0.138,0.017,35.182297,33.947567,32.944366,32.082512,30.860048,28.957489,27.840734,25.981524,25.580040,23.874704,22.690327,23.151392,22.431103,22.029654,17.190830,46.544750,10.280113,1.972774,0.691905,0.157422,0.107286,0.039360,0.028299,0.044735,0.044485,0.011207,0.022381,0.022511,0.011433,0.011358,0.022549,0.011510,0.000000,0.005539,0.000000,0.005707
2460,2519,2490,868.805,33.475,458.783,71.486,3.607,0.150,0.018,32.650875,32.175297,31.292240,30.924913,29.656635,29.642035,27.988049,26.758617,25.052502,23.979918,22.649574,23.938457,22.230015,21.438950,16.707426,48.265221,9.966240,2.041613,0.861618,0.150190,0.094277,0.033981,0.044135,0.016877,0.038993,0.005376,0.039012,0.010947,0.016511,0.005519,0.016650,0.022455,0.016781,0.028081,0.005556,0.016914
2520,2579,2550,868.812,33.476,461.807,71.425,3.503,0.146,0.018,33.038731,33.293396,31.581141,30.893063,30.924160,29.285440,27.970434,26.768660,26.016663,23.925766,23.456736,22.835489,22.208433,21.270180,17.065147,48.020451,9.776671,2.056317,0.790223,0.178531,0.094497,0.060973,0.033153,0.039058,0.044362,0.039491,0.017012,0.005593,0.027950,0.005669,0.033250,0.022154,0.005464,0.000000,0.005631,0.016783
2580,2639,2610,868.806,33.396,462.876,71.091,3.455,0.145,0.017,34.238998,32.918278,32.242458,32.381828,30.785818,30.343262,27.980642,26.262312,25.745663,23.988195,22.677256,22.894447,22.221361,21.129745,17.035667,46.758381,9.866473,1.956635,0.822649,0.144552,0.139269,0.049114,0.050102,0.032770,0.027585,0.011281,0.044532,0.027476,0.011205,0.016410,0.022355,0.022358,0.005291,0.005612,0.010807,0.005631
2640,2699,2670,868.783,33.340,464.695,70.620,3.381,0.143,0.017,35.953430,33.046810,32.801907,32.417084,31.984507,29.849955,27.601767,26.403942,25.678610,23.763123,22.746893,23.341654,22.235249,20.769070,16.904388,46.311142,9.528316,2.041533,0.821837,0.127818,0.094531,0.044413,0.044093,0.016649,0.033678,0.005501,0.005574,0.011435,0.011041,0.016667,0.038384,0.022162,0.005411,0.000000,0.005429,0.011056
2700,2759,2730,868.759,33.432,460.687,70.266,3.314,0.141,0.017,34.782631,33.432510,32.673954,32.228588,30.741236,29.675699,28.733252,26.107435,23.866875,23.400518,23.069984,23.007021,22.661810,20.788786,16.416239,45.957859,9.781077,1.920517,0.847515,0.172504,0.116042,0.061077,0.033221,0.033522,0.038603,0.016496,0.032881,0.005447,0.000000,0.011186,0.033426,0.005537,0.016760,0.000000,0.011112,0.005574
2760,2819,2790,868.739,33.444,454.507,69.674,3.318,0.142,0.017,32.813747,32.147800,31.332325,30.761700,31.520927,29.624146,27.668327,25.956518,24.832666,23.049059,22.297859,23.250221,22.408953,20.154535,16.777414,47.194473,9.503126,1.958167,0.702555,0.160335,0.093795,0.060808,0.032945,0.038721,0.022132,0.000000,0.011300,0.038283,0.016704,0.016765,0.016472,0.021958,0.010983,0.000000,0.011224,0.000000
2820,2879,2850,868.709,33.405,459.370,70.945,3.490,0.147,0.018,33.170933,33.125912,31.538235,32.308102,31.325279,28.766165,27.252186,26.486866,25.272276,23.463600,22.875858,23.597494,22.965441,20.930824,16.708509,46.564060,9.491664,2.059417,0.827821,0.145190,0.105572,0.066922,0.044402,0.033714,0.044386,0.032946,0.016932,0.016543,0.016688,0.022249,0.038736,0.010772,0.016759,0.011130,0.005650,0.010842
2880,2939,2910,868.719,33.418,453.264,69.858,3.383,0.144,0.017,32.302521,31.762506,31.085011,31.505266,30.829062,28.947495,27.401894,26.083269,24.491453,23.663357,22.762215,22.856188,22.676403,20.788416,16.666233,46.409492,9.691864,2.032113,0.718894,0.194688,0.121864,0.033255,0.038856,0.039331,0.016669,0.011038,0.011282,0.028358,0.011003,0.016952,0.016723,0.011330,0.005669,0.005482,0.005593,0.022142
2940,2999,2970,868.672,33.363,451.450,69.539,3.447,0.147,0.017,32.537937,31.920885,31.657873,31.214443,30.279131,28.715990,27.616835,26.332872,24.738071,23.281256,21.676325,22.368458,22.854897,20.940834,16.355782,46.305336,9.383977,1.953897,0.763111,0.139818,0.055860,0.083884,0.022354,0.033396,0.022261,0.028126,0.027878,0.022506,0.028007,0.022264,0.005394,0.027440,0.000000,0.005556,0.011001,0.016668
3000,3059,3030,868.664,33.415,452.418,70.111,3.415,0.145,0.017,32.220070,31.101423,31.401424,31.059204,30.588335,29.353086,27.194956,26.196297,24.837837,23.639748,22.693087,22.218431,21.840143,21.501738,17.167362,46.015175,9.872323,2.127173,0.814987,0.110520,0.110789,0.050199,0.049602,0.044074,0.044051,0.005429,0.027346,0.005556,0.016471,0.033916,0.021955,0.011075,0.011079,0.021921,0.011074,0.000000
3060,3119,3090,868.648,33.317,448.885,69.367,3.329,0.143,0.017,31.918587,31.219496,30.800022,30.771042,30.028355,28.418346,26.803734,26.195465,24.704491,23.599602,22.503803,22.914799,22.238062,21.332638,16.034235,46.278862,9.702026,2.036631,0.815362,0.163245,0.084272,0.061901,0.067572,0.045505,0.011375,0.039745,0.000000,0.005688,0.005765,0.016883,0.011153,0.011322,0.022694,0.000000,0.016658,0.005726
3120,3179,3150,868.627,33.244,451.475,69.456,3.325,0.143,0.017,32.511440,31.653543,31.448086,30.150757,30.648890,28.936996,27.855627,26.142397,24.936684,24.005962,22.482430,22.422232,21.943439,20.446302,16.522001,46.294903,9.712850,2.080700,0.744453,0.128798,0.100242,0.049957,0.039176,0.039141,0.055823,0.011093,0.016600,0.011187,0.000000,0.016603,0.016556,0.011245,0.000000,0.027652,0.000000,0.010985
3180,3239,3210,868.632,33.165,447.429,68.581,3.252,0.142,0.017,32.760818,31.494860,30.468435,30.314438,30.402815,29.030235,27.207617,25.892979,23.860510,23.219233,22.597158,22.758228,21.967230,20.869787,16.800545,45.128159,9.336661,2.114828,0.655332,0.193637,0.122458,0.022449,0.027910,0.033360,0.011056,0.044671,0.016104,0.000000,0.005537,0.000000,0.027917,0.005464,0.005501,0.005556,0.016630,0.011263
3240,3299,3270,868.625,33.086,449.121,69.119,3.271,0.141,0.017,33.066589,31.465954,31.117558,30.361790,30.817923,28.526083,27.415382,25.673664,24.475132,23.749214,22.297680,21.982370,21.801313,20.588623,15.992576,46.813915,9.548567,2.133842,0.729621,0.122378,0.128194,0.089329,0.022412,0.022599,0.016706,0.016430,0.017020,0.011204,0.016688,0.022564,0.055622,0.011148,0.005556,0.000000,0.005650,0.000000
3300,3359,3330,868.610,33.039,442.942,67.839,3.186,0.140,0.017,32.139973,31.821779,30.627563,30.238176,29.509930,28.399200,26.684547,25.580790,24.148623,23.211273,21.413067,22.973032,21.580536,20.278919,16.444378,45.143658,9.536487,1.908751,0.752497,0.172140,0.094009,0.055259,0.071839,0.033480,0.010827,0.010858,0.010882,0.022154,0.005482,0.011148,0.011424,0.016797,0.011038,0.000000,0.005631,0.005612
3360,3419,3390,868.609,32.991,440.614,67.441,3.206,0.142,0.016,31.768219,31.616751,30.885614,30.444248,29.598873,28.143784,25.977793,25.279461,24.245749,22.664167,22.591364,22.254644,21.441303,20.276264,16.273718,45.094414,8.921797,1.831001,0.738393,0.144097,0.128068,0.083070,0.033510,0.016779,0.016950,0.011261,0.027775,0.011242,0.016877,0.022392,0.016184,0.016362,0.000000,0.011131,0.005556,0.005501
3420,3479,3450,868.620,32.953,434.765,66.780,3.195,0.143,0.016,31.689545,31.032089,30.365067,29.537260,29.181950,28.042906,26.645958,24.452328,23.965292,22.168217,22.419668,22.003080,21.247444,19.719765,15.939130,44.192085,8.790508,2.028015,0.744965,0.167271,0.110794,0.066852,0.038485,0.038899,0.027572,0.016439,0.027876,0.011042,0.005708,0.011224,0.038871,0.010965,0.005464,0.016723,0.000000,0.005688
3480,3539,3510,868.610,33.086,438.002,67.602,3.340,0.147,0.017,31.638357,31.604668,29.555628,30.255089,29.431229,27.959217,26.607779,25.336386,24.207834,22.188314,22.091818,22.025400,21.407829,20.008022,16.499537,44.474842,9.530998,1.865488,0.808291,0.138644,0.088773,0.038952,0.039097,0.016447,0.016542,0.033123,0.005612,0.016556,0.005464,0.027670,0.016595,0.011131,0.016817,0.000000,0.000000,0.033412
3540,3599,3570,868.609,33.261,436.752,67.409,3.316,0.147,0.017,32.120255,30.802322,29.784412,30.416058,30.056429,28.033411,25.970669,25.522556,24.298117,22.108994,21.808855,21.943445,21.743715,19.794920,16.033258,44.009285,8.987953,1.914813,0.719788,0.161114,0.138053,0.050007,0.038715,0.033770,0.067195,0.033253,0.016760,0.016817,0.022070,0.027717,0.027518,0.011079,0.005650,0.021796,0.005669,0.005482
3600,3659,3630,868.576,33.352,439.359,67.456,3.328,0.147,0.017,32.361031,31.590321,30.379940,30.730036,29.394855,27.989182,26.672127,25.966036,23.336042,22.524511,21.639175,21.733473,21.717966,20.708729,16.171888,44.212231,9.185613,1.736422,0.718149,0.162149,0.072378,0.094799,0.038709,0.022548,0.038911,0.027892,0.005669,0.011154,0.016764,0.011224,0.027643,0.022327,0.016911,0.000000,0.005394,0.016892
3660,3719,3690,868.597,33.285,435.627,67.359,3.281,0.145,0.017,31.646288,30.842918,29.550215,29.718243,29.139883,28.143454,26.416136,25.508923,24.046202,22.583851,22.102398,21.108158,20.982067,20.010464,16.259964,44.964909,9.403284,1.852235,0.737747,0.138939,0.094132,0.061258,0.022196,0.088850,0.000000,0.044224,0.027565,0.033034,0.022032,0.010965,0.016560,0.016839,0.011095,0.011076,0.011130,0.000000
3720,3779,3750,868.591,33.361,435.520,66.924,3.290,0.146,0.017,32.082882,31.455687,29.986244,29.983803,29.807800,27.285152,26.059937,25.550991,23.057697,22.624649,21.849325,21.921865,21.202623,19.913059,15.900985,44.277824,9.381319,1.923689,0.747475,0.138458,0.084394,0.039047,0.044807,0.016726,0.016578,0.033358,0.016725,0.000000,0.005482,0.016744,0.033399,0.033562,0.011188,0.011131,0.000000,0.005688
3780,3839,3810,868.578,33.487,440.636,68.369,3.519,0.153,0.017,32.121872,31.618269,30.281321,30.054054,30.034637,28.728315,26.334852,25.289019,23.820244,22.921341,22.633211,21.739874,21.647060,19.907789,16.106285,44.441597,9.642628,2.050156,0.721270,0.132318,0.077239,0.055295,0.005308,0.049481,0.033577,0.022118,0.005593,0.000000,0.022086,0.016541,0.022253,0.016398,0.028138,0.027899,0.000000,0.027884
3840,3899,3870,868.574,33.484,440.998,67.742,3.173,0.140,0.017,32.236103,30.844404,30.639509,30.370522,29.371716,28.934984,27.055189,25.273167,24.005911,22.586426,21.935427,22.121796,21.609303,20.109015,16.001308,45.030621,9.610815,2.033012,0.659893,0.138001,0.110892,0.016577,0.055318,0.055028,0.032282,0.022150,0.027735,0.011339,0.033082,0.016360,0.033491,0.005376,0.005767,0.000000,0.000000,0.005394
3900,3959,3930,868.534,33.550,448.300,69.190,3.432,0.148,0.017,32.479839,31.100998,31.353848,30.371513,29.734852,28.690157,27.368462,26.361574,24.846634,23.252439,22.486311,22.862528,21.897999,20.573816,16.971796,45.241074,9.535524,1.779750,0.798593,0.154565,0.116075,0.016656,0.060862,0.033541,0.044553,0.027152,0.011280,0.005464,0.016723,0.016798,0.027634,0.016704,0.000000,0.016528,0.005631,0.021915
3960,4019,3990,868.547,33.561,446.079,68.286,3.308,0.145,0.017,32.916512,32.217930,30.899008,31.341452,29.945322,28.331642,27.022762,25.372419,24.349827,23.010597,22.355164,22.781467,21.490660,20.006863,16.088850,45.298569,9.472403,1.896313,0.695124,0.167516,0.106058,0.050415,0.055107,0.033867,0.045127,0.027691,0.000000,0.000000,0.016497,0.011204,0.016799,0.027561,0.005464,0.011123,0.000000,0.011167
4020,4079,4050,868.529,33.509,447.315,68.836,3.311,0.143,0.017,32.113533,32.210747,31.321259,30.888594,30.597651,28.709984,27.055836,26.186159,24.151911,22.782887,22.281872,22.096815,21.742411,20.014059,16.741655,45.719105,9.241558,2.071373,0.836983,0.127567,0.083371,0.072743,0.039218,0.033538,0.016650,0.016217,0.039250,0.016932,0.038609,0.010929,0.016675,0.000000,0.000000,0.011114,0.011149,0.016632
4080,4139,4110,868.510,33.654,447.794,69.017,3.487,0.150,0.017,32.271179,31.999540,30.395178,30.698271,30.510151,28.946844,27.054689,26.899183,24.274443,23.535961,22.491470,22.680258,21.633329,21.026964,16.064304,44.657764,9.389992,2.036322,0.643545,0.122245,0.128086,0.061751,0.050407,0.016472,0.021770,0.028044,0.016588,0.011003,0.000000,0.017033,0.033342,0.022419,0.016707,0.005411,0.005631,0.027639
4140,4199,4170,868.493,33.856,444.969,68.510,3.337,0.145,0.017,32.509094,32.103142,31.304178,30.910666,29.998180,28.074915,27.223183,25.636621,24.160089,22.321686,22.207815,22.993244,21.901125,19.636518,16.092419,45.034916,9.606447,1.816081,0.795581,0.183012,0.089164,0.077589,0.065668,0.027816,0.027562,0.016644,0.010965,0.033429,0.005537,0.022105,0.044527,0.011047,0.005537,0.005519,0.000000,0.016803
4200,4259,4230,868.484,33.733,451.333,68.854,3.234,0.140,0.017,33.729866,32.693165,31.868298,31.594206,30.036963,28.935345,26.953129,26.018576,23.842951,23.202042,22.506212,22.677519,21.768375,20.293896,16.690817,46.029675,9.184237,2.022157,0.712049,0.156015,0.095279,0.078215,0.049551,0.028067,0.044306,0.022223,0.011282,0.005708,0.005574,0.016560,0.027579,0.010911,0.005394,0.005482,0.005501,0.005537
4260,4319,4290,868.454,33.646,448.694,68.126,3.205,0.140,0.017,34.087688,33.457806,30.807896,31.487415,30.807470,29.045753,26.643030,26.152590,23.550812,23.047777,22.303965,21.715631,21.647577,20.230581,16.287710,44.971443,9.240617,2.022039,0.669555,0.095364,0.122606,0.056032,0.056672,0.027865,0.022469,0.017162,0.011173,0.011188,0.011263,0.011246,0.039770,0.016994,0.011318,0.000000,0.005612,0.000000
4320,4379,4350,868.431,33.647,448.513,68.027,3.161,0.139,0.016,33.941124,33.372780,32.007175,31.444923,30.049002,28.616673,27.273348,25.931585,23.911316,22.507490,22.413492,21.800695,21.008177,21.026529,15.953738,44.599945,9.457397,1.999368,0.704299,0.122367,0.111272,0.027488,0.055115,0.022076,0.022103,0.016726,0.021936,0.000000,0.016596,0.021948,0.027934,0.005537,0.005612,0.005727,0.011186,0.000000
4380,4439,4410,868.421,33.541,448.653,68.578,3.324,0.145,0.017,33.880222,32.768295,31.645565,31.596466,30.387457,28.453409,27.627625,25.933577,24.164936,22.915157,21.612650,22.114502,22.106403,20.263500,15.849013,44.922398,9.255147,1.830863,0.719206,0.099179,0.121162,0.060906,0.066262,0.055139,0.033382,0.021918,0.021899,0.016505,0.011002,0.011151,0.043870,0.005482,0.010983,0.011020,0.000000,0.016580
4440,4499,4470,868.412,33.619,449.883,68.757,3.368,0.146,0.017,33.009575,33.085140,30.925196,30.942303,31.166647,29.585999,27.036787,26.858618,24.545748,23.695295,21.621481,21.814663,21.565014,20.087425,16.097157,45.277592,9.489156,1.727298,0.796973,0.105600,0.138549,0.066294,0.039460,0.038933,0.021889,0.022082,0.000000,0.000000,0.022031,0.027763,0.005669,0.016646,0.021999,0.000000,0.005574,0.022223
4500,4559,4530,868.420,33.602,435.543,66.633,3.241,0.145,0.016,31.758600,31.699837,30.859179,30.801331,29.451204,27.513844,26.292065,25.446573,23.557737,22.403397,21.325432,21.972847,20.665112,19.649849,15.810120,44.110268,9.358096,1.666779,0.653057,0.148962,0.078417,0.050078,0.032978,0.055545,0.005308,0.016760,0.010841,0.022058,0.016779,0.027695,0.027510,0.021773,0.016800,0.010947,0.005519,0.000000
4560,4619,4590,868.409,33.613,433.204,65.672,2.989,0.136,0.016,33.311813,30.900095,30.130777,30.228453,29.201006,27.993668,26.254648,25.184288,23.471790,22.115303,21.261900,21.283566,20.550323,19.714130,15.599795,44.109943,8.708863,2.007345,0.670708,0.148888,0.123514,0.060670,0.050227,0.005727,0.022209,0.011178,0.005556,0.011056,0.005537,0.027591,0.016893,0.000000,0.005593,0.000000,0.005556,0.005612
4620,4679,4650,868.392,33.693,437.671,66.585,3.153,0.142,0.016,33.193401,31.252968,30.898939,30.544479,29.896034,28.773907,26.461966,24.741806,23.531588,22.896646,21.942335,21.278177,21.177868,19.439152,15.691212,43.899662,8.817993,1.979067,0.734110,0.132443,0.127089,0.038689,0.022095,0.016760,0.022374,0.016685,0.022283,0.022224,0.016723,0.022281,0.027219,0.010932,0.005501,0.005574,0.005411,0.005556
4680,4739,4710,868.416,33.657,441.174,67.415,3.275,0.145,0.017,33.985703,32.036865,30.651628,30.647999,30.439804,28.761051,27.595551,25.404108,23.287767,21.795856,21.953732,21.858549,21.439764,19.653769,15.168189,43.704872,9.452229,1.961976,0.798864,0.165337,0.071615,0.088616,0.032965,0.039230,0.022447,0.022343,0.022262,0.000000,0.016727,0.011261,0.033328,0.011093,0.010848,0.000000,0.016313,0.010929
