CampaignData_and_Merges/R0/CSL_MobileLab_Parked/raw/20240811/USOS-PTR_MobileLabGround_20240811_RA.ict
58, 1001
Matthew Coggon, Kelvin Bates, Chelsea Stockwell, Carsten Warneke
NOAA ESRL Chemical Sciences Division
NOAA PTR-ToF-MS
USOS
1,1 
2024, 08, 11, 2023, 08, 12
0
Time_Start, seconds, number of seconds from 00:00 UTC 
22
1, 1, 1, 1, 1, 1, 1, 1, 1, 1, 1, 1, 1, 1, 1, 1, 1, 1, 1, 1, 1, 1
-9999, -9999, -9999, -9999, -9999, -9999, -9999, -9999, -9999, -9999, -9999, -9999, -9999, -9999, -9999, -9999, -9999, -9999, -9999, -9999, -9999, -9999
CH3OH_NOAAPTR_ppbv,  ppbv, Gas_CH3OH_InSitu_S_AVMR, (CH3OH) methanol
CH3CN_NOAAPTR_ppbv,  ppbv, Gas_CH3CN_InSitu_S_AVMR, (CH3CN) acetonitrile
CH3CHO_NOAAPTR_ppbv,  ppbv, Gas_CH3CHO_InSitu_S_AVMR, (CH3CHO) acetaldehyde plus contributions from ethylene glycol and ethylene oxide. Interference from ethanol has been subtracted out.
C2H5OH_NOAAPTR_ppbv,  ppbv, Gas_C2H5OH_InSitu_S_AVMR, (C2H5OH) ethanol
CH3SH_NOAAPTR_ppbv,  ppbv, Gas_CH3SH_InSitu_S_AVMR, (CH3SH) methanethiol, using calibration factor for DMS
Acrolein_NOAAPTR_ppbv,  ppbv, Gas_Acrolein_InSitu_S_AVMR, (C3H4O) acrolein
AcetonePropanal_NOAAPTR_ppbv,  ppbv, Gas_AcetoneAndPropanal_InSitu_S_AVMR, (C3H6O) sum of acetone (dominant isomer) and propanal, using calibration factor for acetone
DMS_NOAAPTR_ppbv,  ppbv, Gas_DMS_InSitu_S_AVMR, (C2H6S) dimethyl sulfide with possible small contributions from ethanethiol
C5H8_NOAAPTR_ppbv,  ppbv, Gas_Isoprene_InSitu_S_AVMR, (C5H8) isoprene and possible fragments from cycloalkanes and aldehydes. Interferences have been subtracted following methods described by Coggon et al (2023)
MVKMAC_NOAAPTR_ppbv,  ppbv, Gas_MVKAndMAC_InSitu_S_AVMR, (C4H6O) sum of methyl vinyl ketone, methacrolein, and small amounts of crotonaldehyde, using weighted calibration factor for MVK (0.637) and MACR (0.363)
Benzene_NOAAPTR_ppbv,  ppbv, Gas_Benzene_InSitu_S_AVMR, (C6H6) benzene
Toluene_NOAAPTR_ppbv,  ppbv, Gas_Toluene_InSitu_S_AVMR, (C7H8) toluene with possible small contributions of fragments from ethyltoluene
Styrene_NOAAPTR_ppbv,  ppbv, Gas_Styrene_InSitu_S_AVMR, (C8H8) styrene
Benzaldehyde_NOAAPTR_ppbv,  ppbv, Gas_Benzaldehyde_InSitu_S_AVMR, (C7H6O) benzaldehyde
C8Aromatics_NOAAPTR_ppbv,  ppbv, Gas_C8Aromatics_InSitu_M_AVMR, (C8H10) sum of m-xylene, p-xylene, o-xylene, and ethyl benzene
C9Aromatics_NOAAPTR_ppbv,  ppbv, Gas_C9Aromatics_InSitu_M_AVMR, (C9H12) sum of C9 aromatics
Naphthalene_NOAAPTR_ppbv,  ppbv, Gas_Naphthalene_InSitu_S_AVMR, (C10H8) naphthalene
Octanal_NOAAPTR_ppbv,  ppbv, Gas_Octanal_InSitu_S_AVMR, (C8H16O) octanal and small amounts of octanone
Monoterpenes_NOAAPTR_ppbv,  ppbv, Gas_Monoterpenes_InSitu_M_AVMR, (C10H16) sum of monoterpenes and possible contributions from fragments of oxygenated monoterpenoids such as eucalyptol.
Nonanal_NOAAPTR_ppbv,  ppbv, Gas_Nonanal_InSitu_M_AVMR, (C9H18O) nonanal and small amounts of nonanone
C7H4ClF3_NOAAPTR_ppbv,  ppbv, Gas_C7H4ClF3_InSitu_S_AVMR, (C7H4ClF3) parachlorobenzotrifluoride
C10H30O5Si5_NOAAPTR_ppbv,  ppbv, Gas_C10H30O5Si5_InSitu_S_AVMR, (C10H30O5Si5) decamethylcyclopentasiloxane
1
SPECIAL COMMENTS:N/A
21
PI_CONTACT_INFO: NOAA ESRL Chemical Sciences Division, Tropospheric Chemistry Group. 325 Broadway, R/CSD7, Boulder, CO 80305
PLATFORM: Mobile Laboratory.
LOCATION: Salt Lake City, UT
ASSOCIATED_DATA: N/A
INSTRUMENT_INFO: NOAA PTR-ToF-MS measurements on NOAA CSL Mobile Lab
DATA_INFO: Units: ppbv
UNCERTAINTY: See OTHER_COMMENTS
ULOD_FLAG: -7777
ULOD_VALUE: N/A
LLOD_FLAG: -8888
LLOD_VALUE: N/A.
DM_CONTACT_INFO: Data Managers: Matt Coggon, Kelvin Bates, Chelsea Stockwell; email: matthew.m.coggon@noaa.gov and kelvin.bates@colorado.edu
PROJECT_INFO: USOS Deployment July-August, 2024
STIPULATIONS_ON_USE: Use of these data require prior OK from PI.
OTHER_COMMENTS: Uncertainties:
CH3OH_NOAAPTR_ppbv:30%; CH3CN_NOAAPTR_ppbv:30%; CH3CHO_NOAAPTR_ppbv:30%; C2H5OH_NOAAPTR_ppbv:30%; CH3SH_NOAAPTR_ppbv:50%; Acrolein_NOAAPTR_ppbv:30%; AcetonePropanal_NOAAPTR_ppbv:30%; DMS_NOAAPTR_ppbv:30%; C5H8_NOAAPTR_ppbv:30%; MVKMAC_NOAAPTR_ppbv:30%; 
Benzene_NOAAPTR_ppbv:30%; Toluene_NOAAPTR_ppbv:30%; Styrene_NOAAPTR_ppbv:30%; Benzaldehyde_NOAAPTR_ppbv:30%; C8Aromatics_NOAAPTR_ppbv:30%; C9Aromatics_NOAAPTR_ppbv:30%; Naphthalene_NOAAPTR_ppbv:30%; Octanal_NOAAPTR_ppbv:30%; Monoterpenes_NOAAPTR_ppbv:30%; Nonanal_NOAAPTR_ppbv:30%; 
C7H4ClF3_NOAAPTR_ppbv:30%; C10H30O5Si5_NOAAPTR_ppbv:30%; 
REVISION: RA
RA: Field Data
Time_Start, CH3OH_NOAAPTR_ppbv, CH3CN_NOAAPTR_ppbv, CH3CHO_NOAAPTR_ppbv, C2H5OH_NOAAPTR_ppbv, CH3SH_NOAAPTR_ppbv, Acrolein_NOAAPTR_ppbv, AcetonePropanal_NOAAPTR_ppbv, DMS_NOAAPTR_ppbv, C5H8_NOAAPTR_ppbv, MVKMAC_NOAAPTR_ppbv, Benzene_NOAAPTR_ppbv, Toluene_NOAAPTR_ppbv, Styrene_NOAAPTR_ppbv, Benzaldehyde_NOAAPTR_ppbv, C8Aromatics_NOAAPTR_ppbv, C9Aromatics_NOAAPTR_ppbv, Naphthalene_NOAAPTR_ppbv, Octanal_NOAAPTR_ppbv, Monoterpenes_NOAAPTR_ppbv, Nonanal_NOAAPTR_ppbv, C7H4ClF3_NOAAPTR_ppbv, C10H30O5Si5_NOAAPTR_ppbv
[from data line 1163]
69780.0, -9999.00000, -9999.00000, -9999.00000, -9999.00000, -9999.00000, -9999.00000, -9999.00000, -9999.00000, -9999.00000, -9999.00000, -9999.00000, -9999.00000, -9999.00000, -9999.00000, -9999.00000, -9999.00000, -9999.00000, -9999.00000, -9999.00000, -9999.00000, -9999.00000, -9999.00000 
69840.0, -9999.00000, -9999.00000, -9999.00000, -9999.00000, -9999.00000, -9999.00000, -9999.00000, -9999.00000, -9999.00000, -9999.00000, -9999.00000, -9999.00000, -9999.00000, -9999.00000, -9999.00000, -9999.00000, -9999.00000, -9999.00000, -9999.00000, -9999.00000, -9999.00000, -9999.00000 
69900.0, -9999.00000, -9999.00000, -9999.00000, -9999.00000, -9999.00000, -9999.00000, -9999.00000, -9999.00000, -9999.00000, -9999.00000, -9999.00000, -9999.00000, -9999.00000, -9999.00000, -9999.00000, -9999.00000, -9999.00000, -9999.00000, -9999.00000, -9999.00000, -9999.00000, -9999.00000 
69960.0, -9999.00000, -9999.00000, -9999.00000, -9999.00000, -9999.00000, -9999.00000, -9999.00000, -9999.00000, -9999.00000, -9999.00000, -9999.00000, -9999.00000, -9999.00000, -9999.00000, -9999.00000, -9999.00000, -9999.00000, -9999.00000, -9999.00000, -9999.00000, -9999.00000, -9999.00000 
70020.0, 5.22216, 0.24652, 0.92824, 1.47922, 0.00201, 0.14482, 3.07680, 0.00110, 0.24058, 0.25532, 0.05663, 0.07566, 0.01104, -9999.00000, 0.03929, 0.02104, 0.00969, 0.03506, 0.05006, 0.05021, 0.00237, 0.00229 
70080.0, 5.53024, 0.22224, 0.67484, 1.07642, 0.00051, 0.12451, 3.04658, 0.00318, 0.09788, 0.23196, 0.05132, 0.04168, 0.01429, -9999.00000, 0.03255, 0.01758, 0.00944, 0.02990, 0.02636, 0.03135, 0.00132, 0.00190 
70140.0, 5.80517, 0.21142, 0.83483, 1.16000, 0.00141, 0.14979, 3.16378, -0.00059, 0.12151, 0.23730, 0.01822, 0.06408, 0.01476, -9999.00000, 0.03810, 0.01665, -0.00105, 0.02738, 0.06622, 0.03496, 0.00348, 0.00309 
70200.0, 6.22944, 0.20571, 0.80556, 1.42639, 0.00033, 0.13714, 3.08311, 0.01263, 0.17482, 0.27877, 0.06181, 0.09597, 0.00948, -9999.00000, 0.03500, 0.02169, 0.00575, 0.02641, 0.17051, 0.03250, 0.00145, 0.00140 
70260.0, 7.63096, 0.19625, 1.21161, 1.35653, 0.00503, 0.18110, 3.32278, 0.00722, 0.34170, 0.32349, 0.06922, 0.08174, 0.01121, -9999.00000, 0.05523, 0.02759, 0.01585, 0.04016, 0.19325, 0.04076, 0.01021, 0.00243 
70320.0, 6.27458, 0.20887, 0.90738, 1.35361, 0.00412, 0.11659, 3.02931, 0.00701, 0.35092, 0.34494, 0.02595, 0.09647, 0.01136, -9999.00000, 0.04694, 0.02081, -0.00538, 0.02994, 0.09024, 0.03254, 0.01056, 0.00278 
70380.0, 6.52048, 0.19755, 1.66770, 2.17308, 0.00050, 0.20524, 3.12400, -0.00060, 0.65977, 0.35433, 0.39052, 0.54346, 0.02792, -9999.00000, 0.37078, 0.18146, 0.00278, 0.04712, 0.11974, 0.02682, 0.00244, 0.00694 
70440.0, 6.89717, 0.21453, 1.11211, 1.59693, 0.00050, 0.17937, 3.09290, 0.00892, 0.38154, 0.29598, 0.04308, 0.08360, 0.00674, -9999.00000, 0.04799, 0.01951, -0.01180, 0.02287, 0.07337, 0.03518, 0.00921, 0.00223 
70500.0, 7.42788, 0.19819, 0.85795, 1.52718, -0.00060, 0.12404, 3.05200, 0.01487, 0.15686, 0.25190, 0.02384, 0.05788, -0.00280, -9999.00000, 0.04412, 0.01845, 0.01120, 0.02511, 0.04807, 0.02695, 0.00802, 0.00077 
70560.0, 8.06752, 0.20498, 0.89533, 1.20819, 0.00137, 0.11881, 3.04401, -0.00061, 0.14637, 0.23717, 0.05662, 0.06307, 0.01071, -9999.00000, 0.03596, 0.00879, -0.00645, 0.02654, 0.04023, 0.01448, 0.00610, 0.00010 
70620.0, 5.29445, 0.20775, 0.63528, 0.67196, -0.00095, 0.11118, 2.97333, -0.00061, 0.03150, 0.19511, -0.01120, 0.03978, -0.00244, -9999.00000, 0.02532, 0.01144, 0.00416, 0.01597, 0.01458, 0.01315, 0.00357, -0.00087 
70680.0, 5.28151, 0.20790, 0.66395, 0.90985, -0.00095, 0.11752, 3.01371, -0.00061, 0.07522, 0.22484, 0.04207, 0.03555, 0.00543, -9999.00000, 0.02563, 0.00794, 0.00127, 0.01591, 0.02457, 0.00694, 0.00190, -0.00139 
70740.0, 5.49596, 0.22060, 0.66896, 0.63768, 0.00226, 0.12597, 3.00656, -0.00061, 0.06706, 0.19373, 0.02067, 0.04739, 0.00680, -9999.00000, 0.03112, 0.01012, 0.00719, 0.02068, 0.03116, 0.02051, 0.00091, 0.00004 
70800.0, 5.73546, 0.22619, 0.77879, 1.01722, 0.00394, 0.12693, 3.14601, -0.00061, 0.10070, 0.20938, 0.05912, 0.06027, 0.01282, -9999.00000, 0.02881, 0.00709, 0.01412, 0.02215, 0.04314, 0.01928, 0.00585, 0.00031 
70860.0, 5.28422, 0.21718, 0.69934, 1.38795, 0.00029, 0.11516, 3.10862, 0.01551, 0.10394, 0.23931, 0.02106, 0.05283, -0.00028, -9999.00000, 0.02439, 0.01262, -0.00842, 0.02611, 0.02808, 0.02051, 0.00565, 0.00200 
70920.0, 5.85645, 0.21728, 0.75265, 1.25589, -0.00015, 0.11769, 3.16010, 0.00125, 0.22955, 0.22316, 0.08553, 0.06780, 0.01183, -9999.00000, 0.03674, 0.01427, -0.00548, 0.01840, 0.06821, 0.01552, 0.01054, 0.00036 
70980.0, 5.95872, 0.20372, 0.68497, 1.18995, 0.00173, 0.09246, 3.06957, -0.00062, 0.16356, 0.21599, 0.06278, 0.06375, 0.00829, -9999.00000, 0.02323, 0.01225, 0.00139, 0.02966, 0.03072, 0.02060, 0.00495, 0.00337 
71040.0, 5.70415, 0.21496, 0.77653, 1.28812, 0.00085, 0.11599, 3.13763, 0.00445, 0.27067, 0.22987, 0.09313, 0.09169, 0.01672, -9999.00000, 0.05579, 0.02376, 0.00424, 0.03183, 0.10433, 0.01756, 0.00218, 0.00016 
71100.0, 6.09512, 0.24145, 0.71586, 0.76781, 0.00171, 0.11251, 3.08449, 0.00561, 0.09672, 0.20613, 0.03102, 0.07125, 0.00482, -9999.00000, 0.02593, 0.00905, -0.00434, 0.01339, 0.12267, 0.01755, 0.00525, 0.00041 
71160.0, 5.54918, 0.23392, 0.64152, 0.97776, -0.00029, 0.08457, 3.16754, 0.00139, 0.17803, 0.19808, 0.06948, 0.04647, 0.01204, -9999.00000, 0.02775, 0.00648, -0.00743, 0.01761, 0.03915, 0.00973, 0.00454, 0.00134 
71220.0, 5.31716, 0.24180, 0.69171, 1.02153, -0.00081, 0.12054, 3.15472, 0.00341, 0.10797, 0.18368, 0.05425, 0.04194, 0.00476, -9999.00000, 0.03300, 0.00843, 0.00328, 0.01921, 0.03259, 0.01315, 0.00694, -0.00042 
71280.0, 4.73239, 0.24557, 0.54639, 0.79416, 0.00075, 0.11167, 3.06089, 0.00527, 0.04316, 0.14141, 0.04650, 0.05628, 0.00525, -9999.00000, 0.02143, 0.00741, -0.01071, 0.01461, 0.01982, 0.01889, 0.00450, -0.00099 
71340.0, 5.66470, 0.22884, 0.77968, 1.26204, -0.00095, 0.11584, 3.19942, -0.00059, 0.15207, 0.18132, 0.03282, 0.02991, 0.00376, -9999.00000, 0.02675, 0.01002, -0.00688, 0.01849, 0.05314, 0.01226, 0.00427, 0.00077 
71400.0, 5.44649, 0.28194, 0.51341, 0.50404, -0.00078, 0.10190, 3.28314, 0.00276, 0.04491, 0.11201, 0.06387, 0.01964, -0.00272, -9999.00000, 0.01647, 0.00100, -0.00582, 0.01326, 0.00964, 0.01221, 0.00329, 0.00052 
71460.0, 5.42176, 0.27056, 0.49610, 0.63700, -0.00085, 0.10094, 3.18025, 0.00876, 0.04679, 0.15705, 0.05770, 0.04935, 0.00459, -9999.00000, 0.01697, 0.00248, 0.00379, 0.00869, 0.02105, 0.00477, 0.00272, 0.00004 
71520.0, 5.47208, 0.27697, 0.59537, 0.44774, 0.00391, 0.12718, 3.27752, 0.00346, 0.03982, 0.10056, 0.10592, 0.03240, 0.00183, -9999.00000, 0.01703, 0.00541, 0.00232, 0.02330, 0.01622, 0.01581, 0.00238, 0.00017 
71580.0, 5.79670, 0.26936, 0.56272, 0.43549, -0.00040, 0.09234, 3.28479, 0.00518, 0.03027, 0.14887, 0.06508, 0.03120, 0.01845, -9999.00000, 0.02119, 0.00612, -0.00038, 0.01522, 0.03759, 0.01274, 0.00353, 0.00142 
71640.0, 5.34930, 0.23954, 0.62679, 0.74281, -0.00033, 0.10596, 3.19766, -0.00046, 0.04956, 0.17084, 0.08270, 0.03566, 0.00542, -9999.00000, 0.01427, 0.00650, 0.00620, 0.01136, 0.01790, 0.01146, 0.00159, 0.00282 
71700.0, 6.92281, 0.24474, 0.88524, 0.72542, 0.00172, 0.13844, 3.24385, 0.00327, 0.06697, 0.20323, 0.04320, 0.04972, 0.00659, -9999.00000, 0.02569, 0.00610, 0.02315, 0.01310, 0.09148, 0.02854, 0.00110, 0.00117 
71760.0, 5.50137, 0.24414, 0.76802, 1.14613, 0.00106, 0.11939, 3.30311, -0.00065, 0.05794, 0.20597, 0.05633, 0.05777, 0.00705, -9999.00000, 0.03136, 0.00537, 0.00108, 0.03158, 0.05177, 0.03534, 0.00063, 0.00151 
71820.0, 5.30805, 0.23567, 0.71777, 1.23316, 0.00084, 0.10083, 3.13338, 0.01394, 0.15554, 0.19783, 0.04616, 0.05172, -0.00141, -9999.00000, 0.02754, 0.01057, -0.00327, 0.02540, 0.04234, 0.01044, 0.00572, -0.00028 
71880.0, 5.86292, 0.24859, 0.61241, 1.01618, 0.00086, 0.10659, 3.20603, -0.00065, 0.16648, 0.19650, 0.03862, 0.04863, 0.01451, -9999.00000, 0.02405, 0.00424, 0.00374, 0.03270, 0.05191, 0.02125, -0.00022, 0.00106 
71940.0, 5.87757, 0.21803, 0.69921, 0.79280, -0.00095, 0.11057, 3.18688, 0.00094, 0.08613, 0.18330, 0.05837, 0.06174, -0.00526, -9999.00000, 0.04153, 0.01015, 0.00829, 0.03042, 0.03411, 0.03999, 0.00688, -0.00024 
72000.0, 5.44564, 0.22144, 0.69091, 1.12920, -0.00095, 0.11122, 3.20228, -0.00066, 0.21917, 0.19742, 0.05486, 0.06476, 0.01099, -9999.00000, 0.02526, 0.00732, 0.00490, 0.01704, 0.10089, 0.02258, 0.00639, -0.00037 
72060.0, 5.11689, 0.24545, 0.54344, 0.52523, 0.00266, 0.06296, 3.13768, -0.00066, 0.03227, 0.15956, 0.02400, 0.07348, -0.00663, -9999.00000, 0.01275, -0.00096, 0.00380, 0.01104, 0.02631, 0.01788, 0.00538, 0.00103 
72120.0, 5.90679, 0.25655, 0.67633, 0.57894, -0.00080, 0.11628, 3.19103, -0.00066, 0.12202, 0.18782, 0.05840, 0.05213, 0.01335, -9999.00000, 0.02483, 0.00393, -0.00679, 0.02556, 0.04999, 0.00701, 0.00432, 0.00074 
72180.0, 7.76479, 0.21550, 0.61741, 0.78656, 0.00127, 0.10144, 3.17697, -0.00066, 0.03475, 0.16868, 0.05875, 0.05908, 0.00738, -9999.00000, 0.04338, 0.01696, 0.00436, 0.01392, 0.02294, 0.01342, 0.00240, -0.00107 
72240.0, 5.95234, 0.22241, 0.81572, 1.06822, -0.00062, 0.13111, 3.12165, -0.00066, 0.30177, 0.19342, 0.03879, 0.07913, -0.00041, -9999.00000, 0.03176, 0.01144, 0.00200, 0.01847, 0.05538, 0.02383, 0.00662, 0.00233 
72300.0, 6.16577, 0.22485, 0.60818, 0.68415, -0.00018, 0.09936, 3.04506, -0.00067, 0.16527, 0.18240, 0.00810, 0.03188, -0.00587, -9999.00000, 0.02302, 0.00832, 0.01029, 0.02284, 0.03576, 0.02705, 0.00208, -0.00002 
72360.0, 6.19324, 0.22983, 0.84893, 1.62486, 0.00127, 0.13668, 3.22057, 0.01400, 0.19730, 0.20175, 0.08353, 0.26818, 0.01247, -9999.00000, 0.11383, 0.04440, -0.00924, 0.02484, 0.07325, 0.03164, 0.00355, 0.00134 
72420.0, 5.64410, 0.21866, 0.69356, 0.78865, 0.00035, 0.08056, 2.94654, 0.00850, 0.07543, 0.22468, 0.07279, 0.06637, 0.00400, -9999.00000, 0.03121, 0.00528, -0.01097, 0.01744, 0.02563, 0.03037, 0.00882, 0.00232 
72480.0, 5.24782, 0.20512, 0.79976, 1.13615, 0.00056, 0.11320, 3.02483, 0.00328, 0.10612, 0.25085, 0.03263, 0.15476, 0.00350, -9999.00000, 0.06791, 0.03217, -0.01085, 0.01576, 0.02353, 0.02107, 0.00432, 0.00070 
72540.0, 5.79954, 0.21426, 0.72050, 1.01765, -0.00095, 0.13260, 2.90939, 0.00525, 0.04863, 0.21856, 0.03223, 0.04303, 0.00422, -9999.00000, 0.03091, 0.00841, 0.00457, 0.02334, 0.02120, 0.03205, 0.00995, 0.00183 
72600.0, 4.89607, 0.19580, 0.73831, 0.97122, 0.00049, 0.11682, 2.90056, 0.00462, 0.09308, 0.23677, 0.03214, 0.06199, 0.00102, -9999.00000, 0.03224, 0.00855, -0.01203, 0.02064, 0.04198, 0.02566, 0.00149, 0.00316 
72660.0, 6.48249, 0.20790, 1.01275, 1.64920, -0.00037, 0.13358, 3.13503, 0.00675, 0.16105, 0.25967, 0.04847, 0.11451, 0.01656, -9999.00000, 0.05506, 0.02023, -0.00740, 0.02947, 0.06665, 0.03382, 0.00013, -0.00078 
72720.0, 5.18604, 0.22810, 0.71951, 1.28836, 0.00111, 0.10733, 3.09964, 0.00930, 0.19699, 0.24316, 0.04686, 0.06127, -0.00311, -9999.00000, 0.03740, 0.01460, 0.00183, 0.02644, 0.05570, 0.01729, 0.00277, 0.00209 
72780.0, 6.23943, 0.22604, 0.81798, 1.86366, 0.00241, 0.12179, 3.14469, -0.00068, 0.20594, 0.21537, 0.03344, 0.08453, 0.01192, -9999.00000, 0.03513, 0.02410, 0.00406, 0.02237, 0.10477, 0.01615, 0.00665, 0.00310 
72840.0, 6.26539, 0.23473, 0.94378, 1.73919, 0.00098, 0.14682, 3.22559, 0.00156, 0.43818, 0.26630, 0.03807, 0.08721, 0.01827, -9999.00000, 0.03959, 0.02852, -0.00901, 0.01044, 0.13676, 0.02171, 0.00697, 0.00168 
72900.0, 5.26343, 0.22739, 0.58303, 1.15606, -0.00095, 0.11154, 3.06059, -0.00069, 0.12646, 0.23099, 0.05969, 0.05443, -0.00354, -9999.00000, 0.02021, 0.00632, -0.00008, 0.02633, 0.02189, 0.00985, 0.00461, 0.00021 
72960.0, 5.24371, 0.23849, 0.60270, 1.76760, 0.00144, 0.13606, 3.11792, -0.00069, 0.11657, 0.24114, 0.03796, 0.04946, 0.01046, -9999.00000, 0.03656, 0.00972, 0.00921, 0.01185, 0.02357, 0.01722, 0.00249, -0.00043 
73020.0, 6.23392, 0.24523, 0.73622, 1.50593, 0.00012, 0.13868, 3.34056, 0.00073, 0.28490, 0.23708, 0.03006, 0.07466, 0.00937, -9999.00000, 0.04293, 0.02557, -0.00399, 0.00514, 0.06198, 0.04024, 0.00158, 0.00026 
73080.0, 5.67627, 0.22880, 0.62715, 1.09701, 0.00239, 0.10949, 3.01436, 0.00718, 0.07281, 0.21196, 0.06689, 0.03841, 0.01266, -9999.00000, 0.02615, 0.01096, -0.00282, 0.01996, 0.03205, 0.02746, 0.00215, 0.00106 
73140.0, 5.65934, 0.22811, 0.75750, 1.15753, 0.00306, 0.11273, 3.06369, -0.00069, 0.22762, 0.20934, 0.04168, 0.05518, 0.01124, -9999.00000, 0.03347, 0.01487, 0.01241, 0.02967, 0.05395, 0.01946, 0.00372, -0.00018 
73200.0, 5.89997, 0.21077, 0.82796, 1.24670, 0.00316, 0.16176, 3.03006, 0.00968, 0.23422, 0.20666, 0.04419, 0.06632, 0.00371, -9999.00000, 0.03744, 0.01424, -0.01205, 0.01710, 0.06267, 0.03271, 0.00410, 0.00069 
73260.0, 6.02914, 0.23285, 0.56934, 0.69278, 0.00375, 0.14344, 2.98562, -0.00070, 0.09895, 0.17652, 0.03012, 0.04838, 0.00224, -9999.00000, 0.01830, 0.00426, 0.00124, 0.00879, 0.03146, 0.01563, -0.00055, 0.00082 
73320.0, 5.91250, 0.23144, 0.70457, 0.70835, 0.00100, 0.10731, 3.01965, 0.00597, 0.11095, 0.17645, 0.07801, 0.04131, 0.00499, -9999.00000, 0.02375, 0.00708, -0.00369, 0.03697, 0.04136, 0.02596, 0.00110, 0.00309 
73380.0, 5.38438, 0.21078, 0.75767, 1.60000, -0.00094, 0.12289, 3.00873, -0.00070, 0.20578, 0.20446, 0.04737, 0.06968, 0.00598, -9999.00000, 0.02669, 0.01362, -0.00104, 0.02477, 0.04046, 0.01959, 0.00134, 0.00250 
73440.0, 4.99372, 0.21213, 0.54921, 0.56795, -0.00094, 0.08237, 2.82490, 0.00442, 0.02507, 0.17277, 0.00888, 0.02480, 0.00491, -9999.00000, 0.01339, 0.00549, -0.00613, 0.00987, 0.02169, 0.01521, 0.00051, -0.00003 
73500.0, 4.90434, 0.20815, 0.57384, 0.77330, -0.00091, 0.13102, 2.92106, -0.00071, 0.04554, 0.17685, 0.02332, 0.03898, 0.00963, -9999.00000, 0.01663, 0.00261, -0.00911, 0.00770, 0.01584, 0.01882, 0.00354, 0.00319 
73560.0, 5.33364, 0.21567, 0.49143, 0.79454, 0.00015, 0.08832, 2.90536, -0.00071, 0.09316, 0.17116, 0.03387, 0.03276, 0.00008, -9999.00000, 0.01548, 0.00887, 0.00245, 0.02134, 0.02910, 0.01129, 0.00512, 0.00277 
73620.0, 6.83348, 0.19214, 0.79478, 1.07996, 0.00255, 0.12218, 2.96544, -0.00071, 0.07987, 0.19847, 0.06125, 0.09664, 0.00291, -9999.00000, 0.04866, 0.01580, 0.00868, 0.01284, 0.02231, 0.02815, 0.00145, 0.00250 
73680.0, 6.22150, 0.22375, 0.58187, 0.81130, 0.00064, 0.08395, 2.88249, -0.00071, 0.09049, 0.18634, 0.02743, 0.02944, 0.00104, -9999.00000, 0.02620, 0.00481, -0.00609, 0.00157, 0.03425, 0.02014, -0.00002, -0.00016 
73740.0, 5.43591, 0.21196, 0.55359, 0.80384, -0.00094, 0.10130, 2.93287, 0.00921, 0.03535, 0.18357, 0.04288, 0.04625, 0.00142, -9999.00000, 0.01764, 0.00261, 0.01279, 0.01710, 0.02308, 0.01230, 0.00361, 0.00023 
73800.0, 4.57778, 0.22004, 0.55311, 0.55278, 0.00014, 0.09550, 2.82379, 0.00571, 0.02379, 0.16347, 0.01311, 0.03038, -0.00035, -9999.00000, 0.01398, 0.00540, 0.00705, 0.01690, 0.02191, 0.00537, 0.00343, 0.00188 
73860.0, 5.20552, 0.20277, 0.62513, 0.62020, -0.00055, 0.11341, 2.93783, 0.01331, 0.24161, 0.18532, 0.05809, 0.06936, 0.00615, -9999.00000, 0.03030, 0.01105, 0.00133, 0.02679, 0.06063, 0.01570, 0.00590, 0.00035 
73920.0, 5.11353, 0.19687, 0.72285, 1.46625, 0.00008, 0.13328, 2.99112, -0.00072, 0.33727, 0.19979, 0.07587, 0.06929, 0.00869, -9999.00000, 0.03216, 0.01679, -0.00032, 0.02579, 0.07110, 0.01766, -0.00008, 0.00045 
73980.0, 5.43585, 0.21452, 0.54054, 0.76202, -0.00094, 0.07616, 2.88959, 0.00058, 0.02834, 0.18297, 0.06957, 0.05239, 0.00604, -9999.00000, 0.01955, 0.00875, -0.00118, 0.00800, 0.02249, 0.01568, 0.00281, -0.00036 
74040.0, 7.80282, 0.20644, 0.67815, 0.63789, 0.00326, 0.11949, 2.94659, 0.00780, 0.13857, 0.21606, 0.02462, 0.05716, 0.01336, -9999.00000, 0.01951, 0.01420, -0.00890, 0.02998, 0.06121, 0.01731, -0.00098, 0.00097 
