CampaignData_and_Merges/R0/CSL_MobileLab_Parked/raw/20240811/USOS-jNO2_MobileLabGround_20240811_R0.ict
52,1001
Waxman, E.; Rollins, A.; Zuraski, K.; Chace, W.
NOAA Chemical Sciences Laboratory
jNO2 filter radiometer on CSL Mobile Lab
AMMBEC / USOS
1, 1
2024,08,11, 2025,04,01
60
Time_Start, seconds, number_of_seconds_since_0000_UTC
20
1, 1, 1, 1, 1, 1, 1, 1, 1, 1, 1, 1, 1, 1, 1, 1, 1, 1, 1, 1
-9999, -9999, -9999, -9999, -9999, -9999, -9999, -9999, -9999, -9999, -9999, -9999, -9999, -9999, -9999, -9999, -9999, -9999, -9999, -9999
Time_Stop, seconds, number_of_seconds_since_0000_UTC
jNO2_meas, per second, photolysis rate of NO2 measured using a filter radiometer.
jBrCl, per second, photolysis rate of BrCl -> Br + Cl calculated in TUV for cloud-free sky with local AOD
jBr2, per second, photolysis rate of Br2 -> Br + Br calculated in TUV for cloud-free sky with local AOD
jCCl4, per second, photolysis rate of CCl4 -> Products calcualted in TUV for cloud-free sky with local AOD
jCH2Oa, per second, photolysis rate of CH2O -> H + HCO calculated in TUV for cloud-free sky with local AOD
jCH2Ob, per second, photolysis rate of CH2O -> H2 + CO calculated in TUV for cloud-free sky with local AOD
jClNO2, per second, photolysis rate of ClNO2 -> Cl + NO2 calculated in TUV for cloud-free sky with local AOD
jClOa, per second, photolysis rate of ClO -> Cl + O(1D) calculated in TUV for cloud-free sky with local AOD
jClOb, per second, photolysis rate of ClO -> Cl + O(3P) calculated in TUV for cloud-free sky with local AOD
jCl2, per second, photolysis rate of Cl2 -> Cl + Cl calculated in TUV for cloud-free sky with local AOD
jHNO2, per second, photolysis rate of HNO2 -> OH + NO calculated in TUV for cloud-free sky with local AOD
jHNO3, per second, photolysis rate of HNO3 -> OH + NO2 calculated in TUV for cloud-free sky with local AOD
jI2, per second, photolysis rate of I2 -> I + I calculated in TUV for cloud-free sky with local AOD
jNO2, per second, photolysis rate of NO2 -> NO + O(3P) calculated in TUV for cloud-free sky with local AOD
jNO3a, per second, photolysis rate of NO3 -> NO + O2 calculated in TUV for cloud-free sky with local AOD
jNO3b, per second, photolysis rate of NO3 -> NO2 + O(3P) calculated in TUV for cloud-free sky with local AOD
jN2O5, per second, photolysis rate of N2O5 -> NO3 + NO + O(3P) calculated in TUV for cloud-free sky with local AOD
jO3, per second, photolysis rate of O3 -> O2 + O(1D) calculated in TUV for cloud-free sky with local AOD
AOD_500nm, unitless, UTC daily mean AOD at 500 nm from an AERONET station located at 40.178 N, -112.452 E
0
18
PI_CONTACT_INFO: eleanor.waxman@noaa.gov
PLATFORM: CSL Mobile Lab, at ground site
LOCATION: Salt Lake City, UT
ASSOCIATED_DATA:
INSTRUMENT_INFO: jNO2 filter radiometer.  TUV calculations are for mobile van lat/lon/altitude assuming clear sky (cloud AOD = 0) and daily mean AOD.
DATA_INFO:
UNCERTAINTY: Data uncertainties are +/- 20%.  These come from uncertainties in radiometer angular response, radiometer thermal response, local interferences from clouds/aerosols/shadows etc.
ULOD_FLAG: -7777
ULOD_VALUE: N/A
LLOD_FLAG: -8888
LLOD_VALUE: N/A
DM_CONTACT_INFO: eleanor.waxman@noaa.gov
PROJECT_INFO: USOS Project, July - August 2024
STIPULATIONS_ON_USE: Users are strongly encouraged to contact the PI for proper data usage.
OTHER_COMMENTS: 
REVISION: R0
R0: final data
Time_Start, Time_Stop, jNO2_meas, jBrCl, jBr2, jCCl4, jCH2Oa, jCH2Ob, jClNO2, jClOa, jClOb, jCl2, jHNO2, jHNO3, jI2, jNO2, jNO3a, jNO3b, jN2O5, jO3, AOD_500nm
[from data line 1320]
   79200,   79260,0.0034684,0.009663,0.02969,3.348e-24,2.568e-05,4.018e-05,0.0003969,1.339e-24,3.211e-05,0.001992,0.001315,4.327e-07,0.1071,0.008135,0.02081,0.1661,3.488e-05,2.079e-05,0.193
   79260,   79320,0.0036925,0.00965,0.02966,3.21e-24,2.559e-05,4.008e-05,0.0003959,1.279e-24,3.192e-05,0.001988,0.001312,4.307e-07,0.107,0.008121,0.02079,0.166,3.478e-05,2.065e-05,0.193
   79320,   79380,0.0066003,0.009638,0.02963,3.087e-24,2.551e-05,3.998e-05,0.000395,1.226e-24,3.173e-05,0.001984,0.00131,4.288e-07,0.1069,0.008108,0.02078,0.1659,3.469e-05,2.053e-05,0.193
   79380,   79440,0.0063249,0.009624,0.0296,2.962e-24,2.542e-05,3.987e-05,0.0003939,1.172e-24,3.153e-05,0.00198,0.001308,4.268e-07,0.1068,0.008093,0.02077,0.1658,3.459e-05,2.039e-05,0.193
   79440,   79500,0.0040576,0.009611,0.02957,2.843e-24,2.533e-05,3.977e-05,0.0003929,1.121e-24,3.133e-05,0.001976,0.001305,4.248e-07,0.1067,0.008079,0.02075,0.1656,3.448e-05,2.026e-05,0.193
   79500,   79560,0.0036481,0.009598,0.02954,2.736e-24,2.524e-05,3.966e-05,0.0003919,1.075e-24,3.114e-05,0.001972,0.001303,4.229e-07,0.1066,0.008065,0.02074,0.1655,3.439e-05,2.013e-05,0.193
   79560,   79620,0.0038534,0.009584,0.0295,2.628e-24,2.515e-05,3.956e-05,0.0003908,1.029e-24,3.094e-05,0.001967,0.0013,4.209e-07,0.1065,0.00805,0.02072,0.1654,3.428e-05,2e-05,0.193
   79620,   79680,0.0038081,0.00957,0.02947,2.526e-24,2.506e-05,3.945e-05,0.0003898,9.852e-25,3.074e-05,0.001963,0.001297,4.189e-07,0.1065,0.008035,0.02071,0.1652,3.418e-05,1.986e-05,0.193
   79680,   79740,0.0034323,0.009557,0.02944,2.434e-24,2.497e-05,3.934e-05,0.0003888,9.462e-25,3.055e-05,0.001959,0.001295,4.169e-07,0.1064,0.008021,0.0207,0.1651,3.408e-05,1.973e-05,0.193
   79740,   79800,0.0036397,0.009543,0.0294,2.34e-24,2.488e-05,3.923e-05,0.0003877,9.067e-25,3.034e-05,0.001954,0.001292,4.149e-07,0.1063,0.008006,0.02068,0.165,3.397e-05,1.959e-05,0.193
   79800,   79860,0.0035787,0.009529,0.02937,2.251e-24,2.478e-05,3.912e-05,0.0003866,8.693e-25,3.014e-05,0.00195,0.001289,4.128e-07,0.1062,0.007991,0.02066,0.1648,3.386e-05,1.946e-05,0.193
   79860,   79920,0.0038033,0.009515,0.02934,2.171e-24,2.469e-05,3.901e-05,0.0003856,8.356e-25,2.995e-05,0.001945,0.001287,4.108e-07,0.1061,0.007976,0.02065,0.1647,3.376e-05,1.933e-05,0.193
   79920,   79980,0.0047725,0.009501,0.0293,2.089e-24,2.46e-05,3.89e-05,0.0003845,8.017e-25,2.974e-05,0.001941,0.001284,4.088e-07,0.106,0.007961,0.02063,0.1646,3.365e-05,1.919e-05,0.193
   79980,   80040,0.0033729,0.009486,0.02927,2.012e-24,2.45e-05,3.879e-05,0.0003834,7.694e-25,2.954e-05,0.001936,0.001281,4.067e-07,0.1059,0.007945,0.02062,0.1644,3.354e-05,1.905e-05,0.193
   80040,   80100,0.0037767,0.009472,0.02923,1.942e-24,2.441e-05,3.868e-05,0.0003823,7.405e-25,2.934e-05,0.001932,0.001279,4.047e-07,0.1058,0.00793,0.0206,0.1643,3.344e-05,1.892e-05,0.193
   80100,   80160,0.0039014,0.009457,0.0292,1.871e-24,2.431e-05,3.856e-05,0.0003812,7.113e-25,2.914e-05,0.001927,0.001276,4.026e-07,0.1057,0.007914,0.02059,0.1641,3.333e-05,1.878e-05,0.193
   80160,   80220,0.0064088,0.009442,0.02916,1.803e-24,2.422e-05,3.844e-05,0.0003801,6.833e-25,2.893e-05,0.001922,0.001273,4.005e-07,0.1056,0.007898,0.02057,0.164,3.322e-05,1.865e-05,0.193
   80220,   80280,0.0073774,0.009427,0.02912,1.743e-24,2.412e-05,3.833e-05,0.000379,6.584e-25,2.874e-05,0.001918,0.00127,3.985e-07,0.1055,0.007882,0.02055,0.1638,3.311e-05,1.851e-05,0.193
   80280,   80340,0.0075842,0.009412,0.02909,1.681e-24,2.403e-05,3.821e-05,0.0003778,6.331e-25,2.853e-05,0.001913,0.001267,3.963e-07,0.1054,0.007866,0.02054,0.1637,3.3e-05,1.838e-05,0.193
   80340,   80400,0.0049984,0.009396,0.02905,1.621e-24,2.393e-05,3.81e-05,0.0003767,6.09e-25,2.832e-05,0.001908,0.001265,3.942e-07,0.1053,0.007849,0.02052,0.1635,3.289e-05,1.824e-05,0.193
   80400,   80460,0.0052449,0.009381,0.02901,1.568e-24,2.383e-05,3.798e-05,0.0003756,5.874e-25,2.813e-05,0.001903,0.001262,3.922e-07,0.1052,0.007833,0.0205,0.1634,3.278e-05,1.811e-05,0.193
   80460,   80520,0.0030295,0.009365,0.02897,1.514e-24,2.373e-05,3.786e-05,0.0003744,5.654e-25,2.792e-05,0.001898,0.001259,3.9e-07,0.1051,0.007816,0.02049,0.1632,3.266e-05,1.797e-05,0.193
   80520,   80580,0.0029199,0.009349,0.02893,1.461e-24,2.363e-05,3.774e-05,0.0003732,5.444e-25,2.771e-05,0.001893,0.001256,3.878e-07,0.1049,0.007799,0.02047,0.1631,3.255e-05,1.783e-05,0.193
   80580,   80640,0.0031376,0.009334,0.0289,1.414e-24,2.354e-05,3.762e-05,0.0003721,5.256e-25,2.751e-05,0.001889,0.001253,3.858e-07,0.1048,0.007783,0.02045,0.1629,3.244e-05,1.769e-05,0.193
   80640,   80700,0.0044276,0.009317,0.02886,1.366e-24,2.344e-05,3.75e-05,0.0003709,5.065e-25,2.73e-05,0.001883,0.00125,3.836e-07,0.1047,0.007766,0.02043,0.1627,3.232e-05,1.755e-05,0.193
   80700,   80760,0.0031565,0.009301,0.02882,1.321e-24,2.333e-05,3.737e-05,0.0003697,4.882e-25,2.709e-05,0.001878,0.001247,3.814e-07,0.1046,0.007748,0.02041,0.1626,3.22e-05,1.741e-05,0.193
   80760,   80820,0.003326,0.009285,0.02878,1.279e-24,2.324e-05,3.726e-05,0.0003685,4.718e-25,2.69e-05,0.001873,0.001244,3.794e-07,0.1045,0.007731,0.0204,0.1624,3.209e-05,1.728e-05,0.193
   80820,   80880,0.0032467,0.009268,0.02873,1.237e-24,2.313e-05,3.713e-05,0.0003673,4.551e-25,2.669e-05,0.001868,0.001241,3.772e-07,0.1044,0.007713,0.02038,0.1622,3.197e-05,1.714e-05,0.193
   80880,   80940,0.0052891,0.009251,0.02869,1.196e-24,2.303e-05,3.7e-05,0.0003661,4.391e-25,2.648e-05,0.001863,0.001238,3.749e-07,0.1043,0.007695,0.02036,0.1621,3.185e-05,1.7e-05,0.193
   80940,   81000,0.0075727,0.009235,0.02865,1.16e-24,2.293e-05,3.688e-05,0.0003649,4.247e-25,2.628e-05,0.001858,0.001235,3.728e-07,0.1041,0.007678,0.02034,0.1619,3.174e-05,1.687e-05,0.193
   81000,   81060,0.0076642,0.009217,0.02861,1.122e-24,2.282e-05,3.675e-05,0.0003637,4.101e-25,2.607e-05,0.001853,0.001231,3.706e-07,0.104,0.00766,0.02032,0.1617,3.162e-05,1.673e-05,0.193
   81060,   81120,0.0036394,0.0092,0.02857,1.086e-24,2.272e-05,3.662e-05,0.0003624,3.961e-25,2.586e-05,0.001847,0.001228,3.684e-07,0.1039,0.007641,0.0203,0.1616,3.149e-05,1.659e-05,0.193
   81120,   81180,0.0032603,0.009183,0.02853,1.054e-24,2.262e-05,3.65e-05,0.0003612,3.835e-25,2.566e-05,0.001842,0.001225,3.663e-07,0.1038,0.007624,0.02028,0.1614,3.138e-05,1.645e-05,0.193
   81180,   81240,0.0031345,0.009165,0.02848,1.021e-24,2.251e-05,3.637e-05,0.0003599,3.706e-25,2.545e-05,0.001837,0.001222,3.64e-07,0.1037,0.007605,0.02026,0.1612,3.125e-05,1.631e-05,0.193
   81240,   81300,0.0030931,0.009147,0.02844,9.886e-25,2.24e-05,3.623e-05,0.0003586,3.583e-25,2.523e-05,0.001831,0.001219,3.618e-07,0.1035,0.007586,0.02024,0.161,3.113e-05,1.617e-05,0.193
   81300,   81360,0.0030994,0.00913,0.02839,9.598e-25,2.23e-05,3.611e-05,0.0003574,3.472e-25,2.504e-05,0.001826,0.001215,3.597e-07,0.1034,0.007568,0.02022,0.1608,3.101e-05,1.604e-05,0.193
   81360,   81420,0.0031864,0.009111,0.02835,9.302e-25,2.219e-05,3.597e-05,0.0003561,3.359e-25,2.482e-05,0.001821,0.001212,3.574e-07,0.1033,0.007549,0.0202,0.1606,3.089e-05,1.59e-05,0.193
   81420,   81480,0.0045337,0.009093,0.0283,9.018e-25,2.209e-05,3.584e-05,0.0003548,3.251e-25,2.461e-05,0.001815,0.001209,3.551e-07,0.1031,0.007529,0.02018,0.1604,3.076e-05,1.576e-05,0.193
   81480,   81540,0.0047845,0.009075,0.02826,8.761e-25,2.198e-05,3.571e-05,0.0003536,3.153e-25,2.441e-05,0.00181,0.001205,3.53e-07,0.103,0.007511,0.02016,0.1603,3.064e-05,1.562e-05,0.193
   81540,   81600,0.006408,0.009056,0.02821,8.497e-25,2.187e-05,3.557e-05,0.0003522,3.053e-25,2.42e-05,0.001804,0.001202,3.507e-07,0.1029,0.007491,0.02014,0.1601,3.051e-05,1.548e-05,0.193
   81600,   81660,0.0066556,0.009037,0.02816,8.243e-25,2.176e-05,3.543e-05,0.0003509,2.957e-25,2.399e-05,0.001798,0.001199,3.484e-07,0.1027,0.007471,0.02011,0.1599,3.038e-05,1.534e-05,0.193
   81660,   81720,0.0075721,0.009018,0.02812,8.014e-25,2.166e-05,3.53e-05,0.0003496,2.87e-25,2.379e-05,0.001793,0.001195,3.462e-07,0.1026,0.007452,0.02009,0.1597,3.026e-05,1.521e-05,0.193
   81720,   81780,0.0073089,0.008999,0.02807,7.778e-25,2.154e-05,3.516e-05,0.0003483,2.782e-25,2.358e-05,0.001787,0.001192,3.439e-07,0.1025,0.007432,0.02007,0.1595,3.013e-05,1.507e-05,0.193
   81780,   81840,0.0073468,0.008979,0.02802,7.552e-25,2.143e-05,3.502e-05,0.0003469,2.697e-25,2.337e-05,0.001781,0.001188,3.416e-07,0.1023,0.007411,0.02005,0.1593,3e-05,1.493e-05,0.193
   81840,   81900,0.0053242,0.00896,0.02797,7.346e-25,2.133e-05,3.489e-05,0.0003456,2.62e-25,2.317e-05,0.001776,0.001185,3.395e-07,0.1022,0.007392,0.02002,0.1591,2.988e-05,1.479e-05,0.193
   81900,   81960,0.0040285,0.00894,0.02792,7.135e-25,2.121e-05,3.475e-05,0.0003443,2.541e-25,2.295e-05,0.00177,0.001181,3.371e-07,0.1021,0.007371,0.02,0.1589,2.974e-05,1.465e-05,0.193
   81960,   82020,0.0048908,0.00892,0.02787,6.932e-25,2.11e-05,3.46e-05,0.0003429,2.466e-25,2.274e-05,0.001764,0.001177,3.348e-07,0.1019,0.00735,0.01998,0.1586,2.961e-05,1.451e-05,0.193
   82020,   82080,0.0053746,0.008901,0.02782,6.747e-25,2.099e-05,3.447e-05,0.0003416,2.398e-25,2.254e-05,0.001758,0.001174,3.326e-07,0.1018,0.00733,0.01995,0.1584,2.949e-05,1.438e-05,0.193
   82080,   82140,0.006839,0.00888,0.02777,6.558e-25,2.088e-05,3.432e-05,0.0003402,2.328e-25,2.233e-05,0.001752,0.00117,3.303e-07,0.1016,0.007309,0.01993,0.1582,2.935e-05,1.424e-05,0.193
   82140,   82200,0.0064462,0.008859,0.02772,6.376e-25,2.076e-05,3.418e-05,0.0003388,2.261e-25,2.212e-05,0.001746,0.001167,3.28e-07,0.1015,0.007287,0.0199,0.158,2.922e-05,1.41e-05,0.193
   82200,   82260,0.0070245,0.008839,0.02767,6.21e-25,2.065e-05,3.404e-05,0.0003374,2.2e-25,2.192e-05,0.00174,0.001163,3.258e-07,0.1013,0.007267,0.01988,0.1578,2.909e-05,1.397e-05,0.193
   82260,   82320,0.0069845,0.008818,0.02762,6.043e-25,2.054e-05,3.389e-05,0.000336,2.138e-25,2.171e-05,0.001734,0.001159,3.234e-07,0.1012,0.007245,0.01986,0.1576,2.895e-05,1.383e-05,0.193
   82320,   82380,0.0069636,0.008797,0.02756,5.879e-25,2.042e-05,3.374e-05,0.0003346,2.078e-25,2.15e-05,0.001727,0.001155,3.211e-07,0.101,0.007223,0.01983,0.1573,2.882e-05,1.369e-05,0.193
   82380,   82440,0.006985,0.008776,0.02751,5.73e-25,2.031e-05,3.36e-05,0.0003332,2.024e-25,2.13e-05,0.001722,0.001152,3.189e-07,0.1009,0.007202,0.01981,0.1571,2.869e-05,1.356e-05,0.193
   82440,   82500,0.0070317,0.008755,0.02746,5.577e-25,2.019e-05,3.345e-05,0.0003317,1.968e-25,2.109e-05,0.001715,0.001148,3.165e-07,0.1007,0.007179,0.01978,0.1569,2.855e-05,1.342e-05,0.193
   82500,   82560,0.0069987,0.008733,0.0274,5.429e-25,2.007e-05,3.33e-05,0.0003303,1.914e-25,2.088e-05,0.001709,0.001144,3.141e-07,0.1005,0.007157,0.01975,0.1566,2.841e-05,1.328e-05,0.193
   82560,   82620,0.0069785,0.008712,0.02735,5.294e-25,1.996e-05,3.316e-05,0.0003289,1.865e-25,2.068e-05,0.001703,0.00114,3.119e-07,0.1004,0.007135,0.01973,0.1564,2.828e-05,1.315e-05,0.193
   82620,   82680,0.0069298,0.008689,0.02729,5.156e-25,1.984e-05,3.3e-05,0.0003274,1.816e-25,2.047e-05,0.001696,0.001136,3.095e-07,0.1002,0.007112,0.0197,0.1562,2.814e-05,1.301e-05,0.193
   82680,   82740,0.0069029,0.008667,0.02723,5.023e-25,1.972e-05,3.285e-05,0.0003259,1.768e-25,2.026e-05,0.00169,0.001132,3.072e-07,0.1,0.007089,0.01967,0.1559,2.799e-05,1.287e-05,0.193
   82740,   82800,0.0068547,0.008645,0.02718,4.901e-25,1.961e-05,3.27e-05,0.0003245,1.724e-25,2.007e-05,0.001684,0.001128,3.049e-07,0.09989,0.007067,0.01965,0.1557,2.786e-05,1.274e-05,0.193
   82800,   82860,0.0068295,0.008622,0.02712,4.777e-25,1.949e-05,3.255e-05,0.000323,1.679e-25,1.986e-05,0.001677,0.001124,3.026e-07,0.09971,0.007044,0.01962,0.1554,2.772e-05,1.26e-05,0.193
   82860,   82920,0.0068047,0.008599,0.02706,4.655e-25,1.937e-05,3.239e-05,0.0003215,1.636e-25,1.965e-05,0.00167,0.00112,3.002e-07,0.09954,0.00702,0.01959,0.1552,2.758e-05,1.246e-05,0.193
   82920,   82980,0.0067749,0.008577,0.02701,4.545e-25,1.925e-05,3.224e-05,0.0003201,1.596e-25,1.945e-05,0.001664,0.001116,2.979e-07,0.09937,0.006997,0.01956,0.1549,2.744e-05,1.234e-05,0.193
   82980,   83040,0.0067761,0.008553,0.02694,4.433e-25,1.913e-05,3.208e-05,0.0003185,1.556e-25,1.924e-05,0.001657,0.001112,2.955e-07,0.0992,0.006973,0.01953,0.1547,2.73e-05,1.22e-05,0.193
   83040,   83100,0.006741,0.008529,0.02688,4.323e-25,1.901e-05,3.192e-05,0.000317,1.517e-25,1.904e-05,0.00165,0.001108,2.931e-07,0.09902,0.006949,0.0195,0.1544,2.715e-05,1.206e-05,0.193
   83100,   83160,0.0067061,0.008506,0.02683,4.224e-25,1.89e-05,3.177e-05,0.0003155,1.482e-25,1.884e-05,0.001644,0.001104,2.909e-07,0.09885,0.006926,0.01948,0.1542,2.701e-05,1.193e-05,0.193
   83160,   83220,0.0066689,0.008482,0.02676,4.121e-25,1.877e-05,3.161e-05,0.000314,1.445e-25,1.864e-05,0.001637,0.0011,2.885e-07,0.09866,0.006901,0.01944,0.1539,2.687e-05,1.18e-05,0.193
   83220,   83280,0.006651,0.008457,0.0267,4.021e-25,1.865e-05,3.145e-05,0.0003124,1.41e-25,1.843e-05,0.00163,0.001095,2.861e-07,0.09848,0.006876,0.01941,0.1536,2.672e-05,1.166e-05,0.193
   83280,   83340,0.0066477,0.008434,0.02664,3.931e-25,1.853e-05,3.129e-05,0.0003109,1.378e-25,1.823e-05,0.001624,0.001091,2.838e-07,0.0983,0.006853,0.01939,0.1534,2.658e-05,1.153e-05,0.193
   83340,   83400,0.0066165,0.008409,0.02658,3.838e-25,1.841e-05,3.113e-05,0.0003094,1.345e-25,1.803e-05,0.001617,0.001087,2.814e-07,0.09811,0.006827,0.01935,0.1531,2.643e-05,1.14e-05,0.193
   83400,   83460,0.006602,0.008384,0.02651,3.747e-25,1.828e-05,3.097e-05,0.0003078,1.313e-25,1.782e-05,0.001609,0.001083,2.79e-07,0.09792,0.006802,0.01932,0.1528,2.628e-05,1.126e-05,0.193
   83460,   83520,0.006595,0.00836,0.02645,3.665e-25,1.817e-05,3.081e-05,0.0003063,1.284e-25,1.763e-05,0.001603,0.001079,2.768e-07,0.09774,0.006778,0.01929,0.1525,2.614e-05,1.114e-05,0.193
   83520,   83580,0.006573,0.008334,0.02639,3.58e-25,1.804e-05,3.064e-05,0.0003047,1.255e-25,1.743e-05,0.001596,0.001074,2.744e-07,0.09754,0.006752,0.01926,0.1523,2.599e-05,1.1e-05,0.193
   83580,   83640,0.006536,0.008308,0.02632,3.498e-25,1.791e-05,3.048e-05,0.000303,1.226e-25,1.722e-05,0.001588,0.00107,2.72e-07,0.09734,0.006726,0.01923,0.152,2.584e-05,1.087e-05,0.193
   83640,   83700,0.0065369,0.008284,0.02625,3.423e-25,1.779e-05,3.032e-05,0.0003015,1.199e-25,1.703e-05,0.001582,0.001065,2.697e-07,0.09715,0.006701,0.0192,0.1517,2.57e-05,1.075e-05,0.193
   83700,   83760,0.0065113,0.008258,0.02619,3.345e-25,1.767e-05,3.015e-05,0.0002999,1.172e-25,1.683e-05,0.001574,0.001061,2.673e-07,0.09695,0.006675,0.01916,0.1514,2.554e-05,1.061e-05,0.193
   83760,   83820,0.0064962,0.008231,0.02612,3.27e-25,1.754e-05,2.998e-05,0.0002982,1.146e-25,1.663e-05,0.001567,0.001056,2.649e-07,0.09675,0.006648,0.01913,0.1511,2.539e-05,1.048e-05,0.193
   83820,   83880,0.0065037,0.008206,0.02605,3.201e-25,1.742e-05,2.982e-05,0.0002967,1.122e-25,1.644e-05,0.00156,0.001052,2.626e-07,0.09655,0.006623,0.0191,0.1508,2.525e-05,1.036e-05,0.193
   83880,   83940,0.0065105,0.008179,0.02598,3.13e-25,1.729e-05,2.965e-05,0.000295,1.097e-25,1.624e-05,0.001552,0.001047,2.602e-07,0.09634,0.006596,0.01906,0.1505,2.509e-05,1.023e-05,0.193
   83940,   84000,0.0064898,0.008151,0.02591,3.062e-25,1.716e-05,2.947e-05,0.0002934,1.073e-25,1.604e-05,0.001545,0.001043,2.578e-07,0.09613,0.006568,0.01903,0.1502,2.494e-05,1.01e-05,0.193
   84000,   84060,0.0064892,0.008125,0.02584,2.999e-25,1.704e-05,2.931e-05,0.0002918,1.051e-25,1.585e-05,0.001538,0.001038,2.555e-07,0.09593,0.006543,0.01899,0.1499,2.479e-05,9.974e-06,0.193
   84060,   84120,0.0065009,0.008098,0.02577,2.934e-25,1.691e-05,2.914e-05,0.0002901,1.029e-25,1.565e-05,0.00153,0.001033,2.531e-07,0.09572,0.006515,0.01896,0.1496,2.464e-05,9.845e-06,0.193
   84120,   84180,0.0064645,0.00807,0.0257,2.871e-25,1.678e-05,2.896e-05,0.0002884,1.007e-25,1.546e-05,0.001523,0.001029,2.507e-07,0.0955,0.006487,0.01892,0.1492,2.448e-05,9.716e-06,0.193
   84180,   84240,0.006415,0.008043,0.02563,2.814e-25,1.666e-05,2.88e-05,0.0002868,9.87e-26,1.527e-05,0.001515,0.001024,2.485e-07,0.09529,0.006461,0.01888,0.1489,2.433e-05,9.595e-06,0.193
