CampaignData_and_Merges/R0/CSL_MobileLab_Parked/raw/20240811/USOS-Picarro-CO2-CH4-CO-H2O_MobileLabGround_20240811_R0.ict
38, 1001
Ilana Pollack, Nell Schafer, and Jeff Peischl
NOAA Chemical Sciences Laboratory
Picarro 2401-m CO2/CH4/CO/H2O Analyzer
USOS
1, 1
2024, 08, 11, 2024, 11, 20
0
StartTime_UTC, seconds_past_midnight, seconds past midnight
5
1, 1, 1, 1, 1
-9999, -9999, -9999, -9999, -9999
StopTime_UTC, seconds_past_midnight, seconds past midnight
CO2_ppm_1min, ppm, Gas_CO2_InSitu_S_DMF, carbon dioxide mixing ratio
CH4_ppb_1min, ppb, Gas_CH4_InSitu_S_DMF, methane mixing ratio
CO_ppb_1min, ppb, Gas_CO_InSitu_S_DMF, carbon monoxide mixing ratio
H2O_ppmv_1min, ppmv, Met_H2OMRV_InSitu_S_AVMR, water vapor mixing ratio
1
SPECIAL COMMENTS: N/A
18
PI_CONTACT_INFO: Address: NOAA Chemical Sciences Laboratory, Mail Stop CSL7, 325 Broadway, Boulder, CO 80305; Email: Ilana.Pollack@noaa.gov
PLATFORM: NOAA CSL Mobile Laboratory
LOCATION: The mobile lab was stationed in Salt Lake City, Utah.
ASSOCIATED_DATA: N/A
INSTRUMENT_INFO: CO2, CH4, and CO are reported as dry air mole fractions using a commercial wavelength-scanned cavity ring-down analyzer (Picarro 2401-m). An in-field calibration gas standard of 432±0.07 ppm CO2, 2095±1 ppb CH4, and 183±1 ppb CO, calibrated in the Boulder laboratories before and after the field project using primary CO2, CH4, and CO standard tanks tied to the WMO standard (X2019, X2004A, and X2014A, respectively) from the Global Monitoring Laboratory (GML), was delivered to the inlet every 2-3 days to evaluate instrument sensitivity. A H2O measurement was calibrated before the project with a Dew Point Mirror 373 hygrometer. The water correction calculated from these calibrations was applied to the H2O measurement for the entire campaign. Species are measured at 0.5 Hz and reported as 1-minute averages for stationary measurements.
DATA_INFO: Units: CO2, ppm, dry air mole fraction; CH4, ppb, dry air mole fraction; CO, ppb, dry air mole fraction; H2O, ppmv
UNCERTAINTY: Total uncertainties are estimated as ±0.1 ppm for CO2, ±1 ppb for CH4, ±5 ppb for CO, and ±(50 ppm + 4%) for H2O.
ULOD_FLAG: -7777
ULOD_VALUE: N/A
LLOD_FLAG: -8888
LLOD_VALUE: N/A
DM_CONTACT_INFO: Data Manager: Nathan Howard; nathan.h.howard@noaa.gov
PROJECT_INFO: USOS Dates of Study: July – August 2024
STIPULATIONS_ON_USE: Use of these data require prior ok from PI.
OTHER_COMMENTS: Data are averaged to 1 minute intervals. Stationary data collected from a 10 ft tower on top of the mobile van.
REVISION: R0
R0: Final Data
StartTime_UTC, StopTime_UTC, CO2_ppm_1min, CH4_ppb_1min, CO_ppb_1min, H2O_ppmv_1min
0,60,-9999,-9999,-9999,-9999
60,120,-9999,-9999,-9999,-9999
120,180,-9999,-9999,-9999,-9999
180,240,-9999,-9999,-9999,-9999
240,300,-9999,-9999,-9999,-9999
300,360,-9999,-9999,-9999,-9999
360,420,-9999,-9999,-9999,-9999
420,480,-9999,-9999,-9999,-9999
480,540,-9999,-9999,-9999,-9999
540,600,-9999,-9999,-9999,-9999
600,660,-9999,-9999,-9999,-9999
660,720,-9999,-9999,-9999,-9999
720,780,-9999,-9999,-9999,-9999
780,840,-9999,-9999,-9999,-9999
840,900,-9999,-9999,-9999,-9999
900,960,-9999,-9999,-9999,-9999
960,1020,427.96,1947.3,179.9,13474.5898
1020,1080,427.03,1947.5,157.2,13124.8584
1080,1140,429.10,1948.3,175.0,13314.4082
1140,1200,427.48,1947.9,161.0,13216.3047
1200,1260,429.00,1948.3,175.2,13099.2236
1260,1320,428.53,1950.8,223.6,13277.8223
1320,1380,427.92,1949.1,185.0,13093.3662
1380,1440,428.87,1947.6,168.6,12913.0635
1440,1500,427.87,1947.3,155.7,13005.0117
1500,1560,429.34,1948.4,163.2,13211.8906
1560,1620,426.47,1947.6,148.9,12979.3252
1620,1680,430.54,1949.7,169.5,13365.8682
1680,1740,428.94,1949.3,165.4,13212.9141
1740,1800,429.43,1948.1,161.6,12980.8711
1800,1860,431.05,1948.8,177.4,13192.0156
1860,1920,428.84,1947.4,162.1,12887.9287
1920,1980,428.95,1948.1,152.2,13037.8311
1980,2040,426.66,1947.2,143.3,12537.3975
2040,2100,427.98,1948.5,151.3,12793.0371
2100,2160,426.84,1948.1,150.2,12568.7158
2160,2220,426.58,1947.3,146.5,12289.2783
2220,2280,430.54,1947.7,177.3,12629.1104
2280,2340,426.60,1946.7,152.4,12296.8916
2340,2400,427.36,1947.6,148.8,12479.1709
2400,2460,426.85,1948.0,150.0,12522.7168
2460,2520,428.26,1948.7,176.7,12666.9775
2520,2580,430.23,1949.2,177.8,12976.8770
2580,2640,428.95,1948.5,169.2,12566.8535
2640,2700,433.91,1948.9,173.5,13144.2783
2700,2760,428.71,1948.7,169.8,12768.1455
2760,2820,425.83,1946.9,146.9,12662.8857
2820,2880,428.12,1948.4,156.1,13104.5098
2880,2940,429.02,1949.2,164.0,13073.5303
2940,3000,428.13,1949.6,163.9,13048.9199
3000,3060,428.56,1949.8,163.9,13009.7676
3060,3120,428.00,1948.2,156.5,12849.7217
3120,3180,430.24,1949.4,165.8,13019.2627
3180,3240,429.18,1949.2,162.0,12830.8535
3240,3300,-9999,-9999,-9999,-9999
3300,3360,-9999,-9999,-9999,-9999
3360,3420,-9999,-9999,-9999,-9999
3420,3480,428.53,1949.8,150.2,12659.8535
3480,3540,428.91,1950.6,167.5,12731.5049
3540,3600,429.07,1949.5,162.8,12660.2783
3600,3660,428.34,1949.6,165.0,12737.5313
3660,3720,428.36,1950.8,169.1,12776.6357
3720,3780,429.30,1951.6,171.2,12872.7881
3780,3840,429.08,1951.1,165.7,12740.9893
3840,3900,429.11,1950.4,167.7,12793.5459
3900,3960,429.94,1949.5,167.5,12751.8203
3960,4020,430.89,1950.2,179.2,13010.3369
4020,4080,430.54,1950.3,205.1,12922.6084
4080,4140,429.18,1950.4,177.4,12867.8711
4140,4200,428.67,1949.5,164.8,12788.0645
4200,4260,429.15,1949.6,167.8,12765.9551
4260,4320,429.39,1949.8,167.5,12766.6787
4320,4380,432.34,1949.8,174.2,12800.8721
4380,4440,434.84,1949.7,182.0,12832.5713
4440,4500,430.32,1950.3,170.6,12743.1201
4500,4560,430.59,1950.6,176.2,12775.4570
4560,4620,430.31,1951.4,170.1,12808.4287
4620,4680,428.51,1950.5,163.1,12617.1348
4680,4740,428.92,1950.0,163.9,12576.3896
4740,4800,429.47,1950.9,166.7,12719.5791
4800,4860,429.39,1951.5,173.2,12695.4014
4860,4920,428.94,1950.8,166.8,12706.9258
4920,4980,428.99,1950.7,172.4,12704.7070
4980,5040,429.70,1950.0,172.4,12561.2471
5040,5100,429.07,1949.8,170.5,12564.2031
5100,5160,428.91,1951.6,165.8,12724.4854
5160,5220,428.61,1952.2,161.3,12775.9971
5220,5280,429.48,1953.1,164.0,13188.3711
5280,5340,427.73,1951.2,156.6,12709.0371
5340,5400,428.11,1951.7,158.0,12721.9277
5400,5460,428.31,1952.6,162.4,12694.1563
5460,5520,428.08,1952.5,161.3,12677.2012
5520,5580,428.04,1952.6,163.2,12661.4580
5580,5640,428.09,1951.8,158.7,12523.2295
5640,5700,427.27,1951.0,152.9,12311.1133
5700,5760,428.06,1951.6,156.2,12409.5625
5760,5820,427.84,1951.3,165.7,12274.1221
5820,5880,428.03,1951.7,172.6,12332.5488
5880,5940,427.90,1951.5,164.5,12298.4434
5940,6000,427.92,1951.2,162.3,12226.6240
6000,6060,428.15,1951.7,162.3,12263.1709
6060,6120,428.32,1951.8,160.1,12225.5107
6120,6180,428.04,1952.0,167.2,12181.7432
6180,6240,428.82,1952.9,186.8,12239.9346
6240,6300,429.32,1953.8,182.9,12384.4307
6300,6360,428.28,1952.3,167.0,12136.8154
6360,6420,428.54,1952.6,162.2,12109.8027
6420,6480,428.05,1951.9,157.6,11874.9033
6480,6540,428.72,1952.9,161.1,11868.0303
6540,6600,429.29,1952.9,162.5,12051.9766
6600,6660,429.81,1954.2,170.9,12318.8662
6660,6720,430.09,1955.0,175.7,12442.9844
6720,6780,430.08,1954.5,175.0,12412.4336
6780,6840,430.09,1954.1,175.5,12397.9678
6840,6900,430.42,1954.3,181.0,12417.1572
6900,6960,430.63,1954.8,175.2,12556.0039
6960,7020,430.45,1954.5,174.3,12510.3369
7020,7080,430.19,1954.3,176.1,12458.9434
7080,7140,430.31,1955.0,175.2,12520.1816
7140,7200,430.73,1956.2,176.0,12606.0674
7200,7260,430.76,1956.0,175.2,12588.0488
7260,7320,430.90,1955.0,177.1,12631.5820
7320,7380,431.03,1955.3,175.4,12639.1377
7380,7440,430.81,1955.1,177.2,12578.8262
7440,7500,431.73,1956.1,176.9,12722.0801
7500,7560,431.59,1956.0,182.2,12700.7070
7560,7620,431.34,1956.0,183.3,12612.8936
7620,7680,432.89,1957.0,195.9,12702.7236
7680,7740,432.34,1956.1,197.6,12571.5693
7740,7800,433.56,1956.5,189.7,12728.7539
7800,7860,433.14,1957.2,188.8,12775.9814
7860,7920,434.44,1958.2,189.1,12861.1514
7920,7980,434.61,1958.6,196.5,12859.1377
7980,8040,434.22,1958.7,200.8,12802.6260
8040,8100,436.07,1960.0,202.7,12945.7012
8100,8160,434.11,1959.1,202.3,12875.7227
8160,8220,437.98,1959.0,202.7,13257.0781
8220,8280,435.18,1959.5,206.8,12990.2637
8280,8340,434.25,1960.4,208.3,12945.0068
8340,8400,434.75,1961.2,208.5,13003.0947
8400,8460,435.14,1961.0,209.7,13071.6514
8460,8520,434.98,1961.1,211.0,13068.0088
8520,8580,434.46,1961.5,208.3,13002.7109
8580,8640,435.10,1962.2,206.8,13059.0273
8640,8700,435.45,1962.6,207.5,13096.6426
8700,8760,434.65,1961.7,201.4,13044.3301
8760,8820,435.01,1961.1,200.4,13005.5195
8820,8880,436.26,1961.0,200.9,12966.2881
8880,8940,437.24,1961.0,207.2,12940.1641
8940,9000,436.75,1961.6,201.6,12970.9141
9000,9060,434.11,1961.3,196.9,12829.0049
9060,9120,434.49,1961.6,195.9,12812.6670
9120,9180,434.57,1961.0,195.3,12796.6943
9180,9240,434.91,1960.8,194.6,12844.6074
9240,9300,436.26,1962.3,210.6,12880.9326
9300,9360,443.00,1963.7,251.8,12942.4414
9360,9420,439.69,1962.6,243.3,12916.1045
9420,9480,437.57,1961.7,216.2,12901.3184
9480,9540,437.99,1962.8,219.2,12897.4268
9540,9600,440.60,1963.5,225.9,12962.9482
9600,9660,442.40,1963.6,235.4,13017.2236
9660,9720,440.90,1964.4,225.2,13090.9014
9720,9780,444.16,1966.6,232.1,13180.8066
9780,9840,442.86,1968.2,234.7,13297.7559
9840,9900,443.92,1969.4,269.8,13508.5742
9900,9960,442.26,1970.1,268.0,13486.6016
9960,10020,444.15,1971.4,277.6,13489.8223
10020,10080,443.81,1971.0,252.5,13366.9219
10080,10140,443.09,1971.8,232.9,13263.6445
10140,10200,444.06,1973.5,233.3,13262.8711
10200,10260,443.67,1970.4,226.1,13291.7607
10260,10320,447.74,1973.1,245.6,13504.2393
10320,10380,440.81,1967.9,217.0,13103.8564
10380,10440,445.48,1967.4,233.3,13169.8389
10440,10500,445.42,1967.0,243.6,13211.8115
10500,10560,441.36,1964.6,219.2,13102.7715
10560,10620,436.56,1959.8,201.3,12883.7676
10620,10680,437.20,1960.9,225.8,12889.1143
10680,10740,435.12,1959.4,203.7,12856.3838
10740,10800,437.22,1959.7,186.6,12873.5742
10800,10860,436.98,1959.8,186.6,12812.9473
10860,10920,436.54,1959.9,189.3,12771.7578
10920,10980,440.50,1960.9,191.7,12919.6729
10980,11040,441.17,1960.6,202.9,12906.6211
11040,11100,444.16,1962.4,213.8,13039.3662
11100,11160,441.89,1964.3,208.6,12988.2412
11160,11220,443.01,1965.8,225.5,13005.5693
11220,11280,451.78,1968.7,246.2,13188.3809
11280,11340,442.37,1964.8,209.4,12954.3076
11340,11400,438.44,1964.2,197.3,12847.5566
11400,11460,445.18,1965.7,213.3,13168.6787
11460,11520,445.70,1967.9,245.4,13076.8604
11520,11580,447.38,1967.6,242.7,13138.4902
11580,11640,440.85,1966.7,221.0,13059.3486
11640,11700,445.97,1967.3,335.5,13207.1943
11700,11760,444.54,1965.9,386.0,13193.6572
11760,11820,442.46,1963.8,243.6,13085.0781
11820,11880,442.76,1962.4,209.9,13057.6719
11880,11940,443.19,1962.4,203.2,13116.4473
11940,12000,444.00,1961.5,197.7,13029.0146
12000,12060,441.03,1959.1,187.6,12885.1494
12060,12120,442.37,1959.9,187.4,12951.2188
12120,12180,439.65,1960.3,179.4,12838.6523
12180,12240,443.26,1960.3,180.3,12924.4053
12240,12300,444.78,1960.3,183.9,12920.7539
12300,12360,443.23,1960.0,172.9,12950.9541
12360,12420,439.73,1960.2,169.0,12867.1621
12420,12480,437.53,1957.8,165.7,12824.1416
12480,12540,437.13,1957.2,167.2,12789.8818
12540,12600,439.11,1958.0,171.3,12851.0479
12600,12660,438.92,1957.9,170.8,12845.3711
12660,12720,440.19,1960.4,169.6,12934.8926
12720,12780,441.56,1962.5,177.2,12993.8730
12780,12840,442.12,1960.9,186.8,12954.7432
12840,12900,443.52,1960.2,183.3,13014.1914
12900,12960,440.97,1960.5,176.0,12958.1680
12960,13020,439.85,1960.2,174.4,12928.7539
13020,13080,442.83,1960.4,176.1,13025.4053
13080,13140,445.13,1960.6,178.0,13151.0303
13140,13200,441.52,1961.0,177.3,13015.4531
13200,13260,439.50,1959.8,171.2,12986.3730
13260,13320,438.45,1959.6,172.9,12991.8115
13320,13380,441.07,1959.8,182.4,13023.4990
13380,13440,441.55,1961.0,176.3,13048.8291
13440,13500,439.52,1959.5,188.3,12998.2129
13500,13560,440.92,1963.9,195.7,13039.6074
13560,13620,441.62,1959.8,238.2,13008.5352
13620,13680,441.41,1960.4,196.6,13112.8213
13680,13740,440.92,1962.2,197.9,13110.1953
13740,13800,443.26,1963.1,201.4,13159.3682
13800,13860,444.79,1962.3,246.4,13128.6133
13860,13920,440.52,1959.5,226.7,12979.7451
13920,13980,440.62,1959.0,200.9,12983.7441
13980,14040,444.96,1962.5,215.8,13047.1973
14040,14100,442.41,1959.7,198.5,12939.8799
14100,14160,448.16,1962.6,276.0,13161.1299
14160,14220,444.32,1961.1,296.7,13008.5225
14220,14280,440.07,1957.7,212.1,12802.1523
14280,14340,440.94,1957.4,181.6,12822.4512
14340,14400,440.53,1955.9,169.8,12741.6748
14400,14460,450.71,1957.7,190.5,12915.2549
14460,14520,444.58,1956.5,170.8,12897.6387
14520,14580,438.24,1956.7,161.7,12805.1445
14580,14640,435.09,1955.2,153.3,12763.2998
14640,14700,436.86,1955.8,155.1,12808.9404
14700,14760,437.86,1955.9,162.3,12865.9971
14760,14820,439.29,1955.6,161.1,12898.9688
14820,14880,440.00,1956.3,190.1,12956.2500
14880,14940,438.92,1955.1,204.5,12969.7822
14940,15000,437.07,1954.5,197.2,12951.2373
15000,15060,439.17,1955.5,192.4,12990.7988
15060,15120,442.69,1955.8,198.9,13056.9063
15120,15180,436.56,1954.8,165.1,12937.7197
15180,15240,437.87,1954.8,169.9,12966.5723
15240,15300,441.70,1955.5,186.9,12998.6055
15300,15360,438.57,1955.5,176.3,12962.9346
15360,15420,435.81,1954.5,177.9,12882.1816
15420,15480,437.32,1956.4,167.2,12983.3838
15480,15540,435.67,1954.4,170.1,12907.1533
15540,15600,440.23,1955.0,197.1,12969.3115
15600,15660,442.32,1955.4,205.7,12991.8945
15660,15720,436.86,1954.5,184.7,12883.6992
15720,15780,442.68,1956.9,214.1,12994.6357
15780,15840,440.22,1955.5,174.1,12979.6152
15840,15900,442.59,1956.2,176.2,13035.0439
15900,15960,442.44,1955.5,202.2,12998.3770
15960,16020,440.62,1955.1,237.2,12944.8711
16020,16080,438.96,1955.3,208.1,12917.9521
16080,16140,439.84,1957.0,181.2,12967.8467
16140,16200,441.00,1959.9,207.5,12996.7979
16200,16260,438.28,1957.1,152.8,12966.9268
16260,16320,438.82,1956.0,162.0,13042.9414
16320,16380,439.17,1955.8,162.3,13064.6943
16380,16440,438.37,1957.2,161.7,13045.8174
16440,16500,437.50,1955.6,156.8,12976.3945
16500,16560,439.16,1957.4,161.8,13035.1143
16560,16620,438.30,1956.5,160.7,12987.8145
16620,16680,436.50,1956.3,164.3,12881.9717
16680,16740,434.96,1956.0,153.9,12809.6055
16740,16800,434.98,1956.0,156.6,12798.4902
16800,16860,435.65,1954.1,154.2,12853.5732
16860,16920,435.36,1953.5,153.7,12840.4668
16920,16980,434.68,1954.1,185.9,12774.4492
16980,17040,435.24,1954.2,175.7,12755.2305
17040,17100,436.60,1955.2,232.9,12804.5596
17100,17160,435.65,1955.7,210.2,12712.2002
17160,17220,435.00,1954.8,172.5,12681.5234
17220,17280,437.88,1954.0,210.8,12644.0596
17280,17340,434.57,1951.5,182.5,12586.5000
17340,17400,434.20,1950.3,148.2,12510.0703
17400,17460,435.13,1950.8,153.0,12555.9570
17460,17520,435.63,1952.0,179.9,12548.4473
17520,17580,437.17,1952.8,180.2,12610.9326
17580,17640,436.84,1953.2,150.8,12595.2441
17640,17700,435.98,1953.2,157.8,12571.3340
17700,17760,438.40,1953.9,172.1,12620.7490
17760,17820,438.89,1955.3,164.9,12677.4082
17820,17880,437.86,1953.1,151.3,12579.3516
17880,17940,437.16,1951.7,151.6,12475.8193
17940,18000,436.23,1952.2,144.4,12526.0635
18000,18060,435.81,1951.9,144.5,12432.3379
18060,18120,439.94,1952.7,198.4,12570.8994
18120,18180,437.37,1952.1,202.6,12448.2021
18180,18240,439.95,1952.4,156.0,12512.5596
18240,18300,438.28,1952.7,148.3,12517.6709
18300,18360,438.22,1953.1,155.4,12520.5957
18360,18420,439.76,1952.8,148.3,12607.3691
18420,18480,436.98,1951.4,145.2,12533.1348
18480,18540,436.59,1950.9,141.7,12584.6621
18540,18600,436.46,1952.8,148.8,12483.1611
18600,18660,438.62,1953.2,162.3,12566.1201
18660,18720,437.97,1954.2,165.9,12567.8213
18720,18780,437.61,1953.0,176.2,12588.1719
18780,18840,438.29,1952.6,183.8,12603.2520
18840,18900,440.74,1953.7,195.2,12670.8174
18900,18960,439.04,1953.4,178.3,12614.6338
18960,19020,438.31,1953.2,168.7,12615.3926
19020,19080,439.49,1953.9,180.2,12665.9561
19080,19140,442.76,1971.7,1316.3,12775.7900
19140,19200,439.59,1966.3,1136.1,12639.7744
19200,19260,435.01,1954.3,217.6,12457.7363
19260,19320,439.34,1956.9,345.1,12707.2061
19320,19380,435.48,1954.7,193.0,12511.5410
19380,19440,436.21,1954.8,181.6,12522.3818
19440,19500,435.73,1954.4,155.9,12463.8799
19500,19560,437.83,1955.4,156.8,12494.5654
19560,19620,440.81,1958.4,167.9,12578.0283
19620,19680,438.51,1958.5,176.2,12579.8320
19680,19740,441.83,1961.0,175.8,12712.4014
19740,19800,445.30,1968.1,184.2,12846.5732
19800,19860,444.83,1967.4,194.6,12946.9570
19860,19920,449.47,1974.2,242.0,13120.0283
19920,19980,440.45,1960.8,208.1,12535.1836
19980,20040,443.68,1969.7,206.4,12794.1777
20040,20100,439.47,1962.2,179.3,12564.1201
20100,20160,439.07,1960.4,171.8,12544.1680
20160,20220,440.44,1963.3,181.6,12618.8545
20220,20280,438.63,1958.9,170.3,12471.4688
20280,20340,441.43,1961.0,211.6,12543.8955
20340,20400,440.05,1961.6,193.9,12574.9209
20400,20460,440.00,1962.1,215.0,12588.0225
20460,20520,439.97,1961.5,199.1,12579.7383
20520,20580,439.82,1959.7,169.1,12503.2461
20580,20640,442.22,1960.0,185.4,12555.7949
20640,20700,438.55,1955.8,167.9,12340.1064
20700,20760,438.84,1957.0,156.9,12375.4795
20760,20820,444.48,1955.1,170.9,12314.4180
20820,20880,442.86,1957.2,169.8,12388.4814
20880,20940,441.13,1957.2,159.0,12359.5859
20940,21000,441.92,1955.7,159.0,12368.9053
21000,21060,441.40,1952.5,166.8,12305.6494
21060,21120,439.59,1955.3,162.2,12378.8428
21120,21180,440.90,1958.2,212.6,12416.2900
21180,21240,438.35,1959.8,186.0,12457.2256
21240,21300,440.42,1958.1,166.5,12514.1279
21300,21360,439.44,1959.4,159.1,12527.7637
21360,21420,441.74,1960.0,153.1,12658.9609
21420,21480,439.50,1959.6,151.9,12520.4590
21480,21540,440.78,1960.0,152.8,12573.1172
21540,21600,438.50,1956.7,150.7,12501.8477
21600,21660,439.44,1958.2,153.5,12571.9854
21660,21720,437.58,1955.0,146.1,12473.2236
21720,21780,437.92,1953.8,147.1,12507.8428
21780,21840,437.97,1954.1,145.7,12513.6016
21840,21900,436.46,1953.9,143.4,12476.9346
21900,21960,436.31,1953.7,141.8,12477.1074
21960,22020,436.89,1954.5,143.9,12528.4971
22020,22080,437.41,1954.3,141.7,12580.3848
22080,22140,437.09,1954.3,147.0,12547.0127
22140,22200,440.25,1956.0,176.7,12574.7324
22200,22260,441.59,1961.2,178.6,12711.1885
22260,22320,445.18,1968.8,200.0,12853.1035
22320,22380,453.43,1984.4,250.3,13275.5820
22380,22440,451.08,1981.3,234.8,13211.4307
22440,22500,446.74,1973.1,213.3,13042.7539
22500,22560,438.76,1956.9,158.4,12459.0439
22560,22620,440.98,1958.3,165.1,12588.6260
22620,22680,440.94,1959.9,162.6,12639.7617
22680,22740,439.92,1960.5,169.9,12605.4404
22740,22800,437.50,1957.4,158.8,12446.8369
22800,22860,442.06,1958.8,180.0,12623.5576
22860,22920,440.43,1959.0,163.2,12581.6621
22920,22980,439.98,1956.4,147.5,12584.7598
