CampaignData_and_Merges/R0/CSL_MobileLab_Parked/raw/20240811/USOS-NOAAIodideCIMS-OrgNitrs_MobileLabGround_20240811_RA.ict
37, 1001
Michael A Robinson, Chris Jernigan, Subi Thakali
NOAA ESRL Chemical Sciences Laboratory and CIRES, U. of Colorado
NOAA Iodide CIMS Instrument
USOS
1, 1
2024, 08, 11, 2024, 08, 13
1
starttime_UTC, seconds_past_midnight, seconds_of_day_since_00:00:00_UTC
5
1, 1, 1, 1, 1
-9999, -9999, -9999, -9999, -9999
C4H7NO5_NOAACIMS, pptv, Gas_C4H7NO5_InSitu_S_AVMR, 
ISOPN_NOAACIMS, pptv, Gas_ISOPN_InSitu_S_AVMR, 
C5H10O3_NOAACIMS, pptv, Gas_C5H10O3_InSitu_S_AVMR, 
C5H9NO5_NOAACIMS, pptv, Gas_C5H9NO5_InSitu_S_AVMR, 
C10H17NO4_NOAACIMS, pptv, Gas_C10H17NO4_InSitu_S_AVMR, 
0
18
PI_CONTACT_INFO: 325 Broadway, R/CSD 7, Boulder, Colorado 80305; michael.a.robinson@noaa.gov; chris.jernigan@noaa.gov;
PLATFORM: NOAA CSL Mobile Lab
LOCATION: SLC, Utah
ASSOCIATED_DATA: 1Hz data also available on request.
INSTRUMENT_INFO: NOAA I- ToF CIMS
DATA_INFO: All data in parts per trillion by volume (pptv). 1 Hz data is available upon request.
UNCERTAINTY: TBD
ULOD_FLAG: -7777
ULOD_VALUE: N/A
LLOD_FLAG: -8888
LLOD_VALUE: N/A
DM_CONTACT_INFO: Nathan Howard; nathan.h.howard@noaa.gov
PROJECT_INFO: USOS, summer 2024. https://csl.noaa.gov/groups/csl7/measurements/2024usos/
STIPULATIONS_ON_USE: Users are strongly encouraged to contact the PI for proper data usage.
OTHER_COMMENTS: 
REVISION: RA
RA: Preliminary Data; For in-field use only
starttime_UTC, C4H7NO5_NOAACIMS, ISOPN_NOAACIMS, C5H10O3_NOAACIMS, C5H9NO5_NOAACIMS, C10H17NO4_NOAACIMS
[from data line 319]
 19140,  2.000, 12.115, 38.370,  7.441,  1.076
 19200,  1.989, 11.655, 38.801,  7.682,  1.014
 19260,  1.941, 11.219, 38.998,  7.497,  1.122
 19320,  1.920, 10.740, 38.005,  7.400,  1.014
 19380,  1.903, 11.050, 38.014,  7.161,  0.972
 19440,  1.912, 10.885, 38.992,  7.578,  0.994
 19500,  1.913, 10.628, 37.286,  7.295,  0.943
 19560,  1.940, 11.370, 39.292,  7.410,  1.101
 19620,  1.972, 11.095, 37.586,  7.633,  1.032
 19680,  1.977, 11.139, 37.467,  7.512,  1.125
 19740,  1.987, 11.746, 39.651,  7.876,  1.168
 19800,  2.026, 11.957, 38.886,  7.992,  1.220
 19860,  2.091, 12.049, 39.123,  8.495,  1.302
 19920,  1.944, 10.831, 37.681,  8.287,  1.310
 19980,  2.092, 11.680, 37.638,  8.895,  1.482
 20040,  1.973, 11.045, 38.001,  9.257,  1.419
 20100,  1.997, 10.616, 36.773,  8.939,  1.434
 20160,  2.042, 10.806, 35.774,  8.807,  1.377
 20220,  1.985, 10.167, 37.179,  7.957,  1.338
 20280,  1.917, 10.173, 36.377,  7.817,  1.159
 20340,  1.955, 10.418, 35.374,  7.893,  1.237
 20400,  1.950, 10.427, 36.487,  8.077,  1.244
 20460, -9999.000, -9999.000, -9999.000, -9999.000, -9999.000
 20520,  1.693,  9.366, 30.433,  6.963,  1.039
 20580,  1.778,  9.264, 31.755,  6.964,  1.075
 20640,  1.794,  8.852, 32.138,  6.927,  1.059
 20700,  1.778,  8.457, 31.301,  6.869,  1.077
 20760,  1.750,  8.879, 31.236,  6.566,  1.069
 20820,  1.758,  8.848, 30.681,  6.467,  0.985
 20880,  1.730,  8.699, 30.578,  6.408,  1.003
 20940,  1.718,  8.803, 31.248,  6.442,  1.002
 21000,  1.716,  8.225, 30.261,  6.553,  1.014
 21060,  1.726,  8.845, 32.098,  6.676,  1.010
 21120,  1.790,  8.744, 31.213,  6.770,  0.940
 21180,  1.831,  9.146, 32.870,  7.046,  1.002
 21240,  1.854,  8.875, 32.437,  6.999,  1.061
 21300,  1.827,  9.130, 32.684,  6.985,  1.073
 21360,  1.810,  9.004, 33.400,  7.038,  1.114
 21420,  1.879,  9.074, 32.111,  7.832,  1.197
 21480,  1.858,  9.168, 32.340,  7.672,  1.122
 21540,  1.895,  9.188, 34.196,  7.937,  1.269
 21600,  1.933,  9.280, 33.327,  8.041,  1.247
 21660,  1.892,  9.278, 34.263,  7.815,  1.095
 21720,  1.868,  9.163, 34.243,  7.686,  1.103
 21780,  1.888,  9.383, 33.209,  7.603,  1.158
 21840,  1.910,  9.652, 32.903,  7.487,  1.099
 21900,  1.938,  9.158, 34.969,  7.404,  1.148
 21960,  1.880,  8.929, 33.782,  7.435,  1.063
 22020,  1.916,  9.022, 33.824,  7.505,  1.155
 22080,  1.935,  9.500, 34.312,  8.195,  1.020
 22140,  1.989,  9.585, 33.794,  8.684,  1.061
 22200,  2.081, 10.117, 34.777,  9.183,  1.084
 22260,  2.087, 10.584, 35.207,  9.712,  1.189
 22320,  2.228, 12.749, 35.372,  9.533,  1.734
 22380,  2.223, 11.631, 36.454, 10.228,  1.592
 22440,  2.293, 11.645, 36.001, 11.371,  1.508
 22500,  2.068, 10.061, 34.104,  9.944,  1.350
 22560,  2.057,  9.729, 33.414,  9.291,  1.186
 22620,  2.054,  9.772, 33.542,  9.376,  1.156
 22680,  2.199, 10.911, 34.644, 10.508,  1.321
 22740,  2.137,  9.943, 33.982,  9.875,  1.205
 22800,  2.067,  9.842, 32.068,  9.108,  1.095
 22860,  2.030,  9.845, 34.411,  9.081,  1.204
 22920,  1.929,  9.310, 33.119,  8.539,  1.133
 22980,  1.901,  8.717, 31.158,  7.977,  1.061
 23040,  1.894,  8.980, 32.308,  8.072,  1.006
 23100,  1.930,  8.801, 31.672,  8.411,  1.041
 23160,  1.910,  8.709, 31.054,  8.055,  1.062
 23220,  1.954,  9.496, 32.488,  8.974,  1.124
 23280,  2.333, 11.273, 33.983, 11.421,  1.560
 23340,  2.340, 11.369, 36.610, 11.305,  1.657
 23400,  2.188, 10.875, 34.216, 10.752,  1.536
 23460,  2.011,  9.291, 32.951,  9.423,  1.256
 23520,  1.930,  9.374, 32.426,  9.078,  1.163
 23580,  1.934,  9.067, 32.201,  8.915,  0.993
 23640,  1.872,  8.762, 30.960,  8.789,  0.976
 23700,  1.940,  9.277, 33.205,  9.256,  1.069
 23760,  1.978,  8.998, 32.530,  9.339,  1.075
 23820,  2.008,  9.437, 32.093,  9.262,  1.085
 23880,  1.987,  8.926, 32.442,  9.309,  1.094
 23940,  1.932,  8.795, 31.910,  8.908,  1.003
 24000,  1.993,  8.988, 31.542,  9.113,  0.989
 24060,  1.980,  9.110, 32.713,  9.351,  1.066
 24120,  1.956,  8.592, 31.881,  8.999,  0.896
 24180, -9999.000, -9999.000, -9999.000, -9999.000, -9999.000
 24240,  2.009,  8.799, 28.278,  8.818,  0.996
 24300,  1.930,  8.635, 29.122,  8.562,  0.979
 24360,  1.956,  8.929, 30.295,  8.960,  0.948
 24420,  1.915,  8.663, 28.931,  9.002,  0.927
 24480,  1.918,  8.722, 29.798,  8.696,  0.952
 24540,  1.946,  8.920, 30.819,  8.836,  1.001
 24600,  1.905,  8.996, 31.083,  8.902,  0.991
 24660,  1.961,  8.883, 29.777,  8.885,  1.063
 24720,  1.900,  8.789, 29.158,  8.721,  1.009
 24780,  1.932,  8.598, 29.917,  8.413,  1.037
 24840,  1.918,  8.322, 28.247,  7.960,  0.915
 24900,  1.863,  8.305, 28.163,  7.840,  0.926
 24960,  1.891,  8.338, 28.282,  7.816,  0.947
 25020,  1.944,  8.552, 28.249,  7.898,  1.088
 25080,  1.923,  8.673, 28.860,  8.180,  1.199
 25140,  1.989,  8.458, 27.488,  8.317,  1.098
 25200,  2.093,  8.910, 28.643,  8.219,  1.238
 25260,  2.179,  9.382, 30.453,  8.903,  1.427
 25320,  2.282,  9.749, 32.786,  9.388,  1.542
 25380,  2.419, 10.622, 32.596,  9.935,  1.845
 25440,  2.542, 11.753, 35.036, 11.224,  2.063
 25500,  2.640, 11.982, 35.650, 11.982,  2.189
 25560,  2.757, 12.187, 36.603, 12.146,  2.337
 25620,  2.797, 12.544, 38.050, 12.610,  2.245
 25680,  2.683, 12.533, 38.227, 12.294,  2.214
 25740,  2.805, 12.463, 39.508, 12.436,  2.203
 25800,  2.723, 11.794, 39.469, 12.227,  2.259
 25860,  2.709, 12.080, 38.493, 11.959,  2.159
 25920,  2.721, 12.133, 38.767, 11.992,  2.084
 25980,  2.740, 11.923, 38.503, 11.723,  2.062
 26040,  2.637, 11.687, 36.430, 11.609,  2.131
 26100,  2.652, 11.976, 36.523, 11.848,  2.239
 26160,  2.619, 12.169, 38.351, 11.752,  2.296
 26220,  2.603, 11.548, 37.710, 12.060,  2.296
 26280,  2.525, 11.845, 38.568, 11.738,  2.153
 26340,  2.609, 11.781, 37.884, 11.739,  2.353
 26400,  2.562, 11.376, 37.674, 11.741,  2.384
 26460,  2.546, 11.442, 39.537, 11.726,  2.514
 26520,  2.497, 11.374, 38.450, 12.349,  2.489
 26580,  2.480, 10.819, 37.309, 12.277,  2.526
 26640,  2.492, 11.148, 37.311, 11.957,  2.449
 26700,  2.472, 10.617, 36.141, 11.670,  2.354
 26760,  2.479, 10.622, 35.578, 11.664,  2.312
 26820,  2.488, 10.819, 37.779, 11.500,  2.216
 26880,  2.436, 10.131, 36.424, 11.181,  2.271
 26940,  2.427, 10.876, 36.095, 11.303,  2.214
 27000,  2.446, 10.877, 37.536, 11.217,  2.446
 27060,  2.455, 10.398, 36.017, 10.976,  2.355
 27120,  2.406, 10.353, 35.515, 11.158,  2.373
 27180,  2.407, 10.842, 38.246, 11.721,  2.520
 27240,  2.467, 11.276, 37.277, 11.559,  2.533
 27300,  2.432, 10.569, 35.959, 10.996,  2.421
 27360,  2.438, 10.516, 36.314, 10.826,  2.387
 27420,  2.442, 10.193, 36.119, 10.814,  2.398
 27480,  2.438, 10.321, 35.564, 11.015,  2.264
 27540,  2.506, 10.494, 36.923, 11.088,  2.418
 27600,  2.551, 10.100, 37.181, 10.784,  2.359
 27660,  2.642, 10.099, 37.342, 10.582,  2.161
 27720,  2.601, 10.427, 39.588, 10.634,  2.243
 27780,  2.563, 10.151, 38.089, 10.913,  2.235
 27840, -9999.000, -9999.000, -9999.000, -9999.000, -9999.000
 27900,  2.381,  9.553, 34.043,  9.952,  2.027
 27960,  2.447,  9.867, 34.021,  9.987,  1.926
 28020,  2.410,  9.872, 35.939, 10.158,  2.036
 28080,  2.465,  9.894, 36.769, 10.369,  2.110
 28140,  2.482,  9.862, 35.444, 10.202,  2.045
 28200,  2.465, 10.031, 35.765, 10.143,  2.100
 28260,  2.511,  9.445, 37.212, 10.069,  2.042
 28320,  2.446,  9.971, 36.800,  9.899,  2.149
 28380,  2.430,  9.556, 35.825,  9.632,  2.135
 28440,  2.449,  9.667, 36.972,  9.844,  2.074
 28500,  2.340,  9.095, 34.824, 10.099,  1.859
 28560,  2.404,  9.227, 35.327, 10.164,  1.926
 28620,  2.413,  8.985, 36.143, 10.026,  1.942
 28680,  2.415,  9.367, 37.708, 10.200,  1.957
 28740,  2.426,  9.006, 35.262,  9.977,  1.940
 28800,  2.373,  9.007, 35.135,  9.562,  1.884
 28860,  2.353,  8.817, 36.885,  9.377,  1.889
 28920,  2.339,  8.904, 36.381,  9.094,  1.827
 28980,  2.314,  8.703, 35.101,  8.898,  1.742
 29040,  2.242,  8.609, 35.459,  9.067,  1.627
 29100,  2.214,  8.313, 33.687,  9.172,  1.662
 29160,  2.143,  8.304, 32.426,  9.030,  1.575
 29220,  2.149,  8.450, 34.061,  8.748,  1.672
 29280,  2.051,  8.273, 32.793,  8.884,  1.429
 29340,  2.102,  7.986, 32.518,  8.634,  1.410
 29400,  2.077,  8.481, 33.324,  8.563,  1.378
 29460,  2.086,  7.611, 30.785,  8.470,  1.363
 29520,  2.076,  7.941, 31.049,  8.468,  1.392
 29580,  2.045,  7.897, 33.085,  8.436,  1.384
 29640,  2.040,  7.828, 32.305,  8.522,  1.372
 29700, -9999.000, -9999.000, -9999.000, -9999.000, -9999.000
 29760,  2.048,  7.866, 30.423,  8.031,  1.180
 29820,  2.051,  7.738, 28.947,  8.319,  1.332
 29880,  2.084,  7.752, 30.177,  8.221,  1.368
 29940,  1.978,  7.403, 31.662,  8.095,  1.339
 30000,  1.931,  7.516, 31.724,  8.597,  1.323
 30060,  1.948,  7.544, 30.599,  8.496,  1.328
 30120,  1.958,  7.111, 29.622,  8.186,  1.379
 30180,  2.008,  7.406, 29.815,  8.104,  1.173
 30240,  1.932,  7.043, 29.751,  7.989,  1.194
 30300,  1.948,  7.068, 29.632,  8.226,  1.244
 30360,  1.963,  6.752, 29.589,  7.937,  1.171
 30420,  1.937,  6.929, 28.998,  8.210,  1.202
 30480,  1.930,  6.786, 27.702,  8.117,  1.297
 30540,  1.939,  6.820, 29.691,  7.821,  1.385
 30600,  1.905,  6.403, 29.511,  8.637,  1.282
 30660,  1.931,  6.435, 28.463,  8.778,  1.341
 30720,  1.929,  6.669, 27.712,  8.371,  1.221
 30780,  1.868,  6.555, 28.532,  8.025,  1.285
 30840,  1.944,  6.597, 28.009,  7.976,  1.202
 30900,  1.872,  6.570, 29.009,  8.009,  1.282
 30960,  1.890,  6.744, 28.868,  8.284,  1.310
 31020,  1.938,  6.610, 27.617,  7.926,  1.234
 31080,  1.879,  6.571, 27.426,  8.163,  1.283
 31140,  1.886,  6.344, 28.114,  8.222,  1.204
 31200,  1.945,  6.235, 27.203,  8.063,  1.342
 31260,  1.963,  6.682, 28.587,  8.744,  1.328
 31320,  1.949,  6.499, 28.862,  8.849,  1.425
 31380,  1.940,  6.058, 27.832,  8.577,  1.332
 31440,  1.977,  6.290, 28.532,  8.452,  1.371
 31500,  1.927,  6.286, 28.653,  8.664,  1.391
 31560, -9999.000, -9999.000, -9999.000, -9999.000, -9999.000
 31620,  1.793,  5.570, 26.012,  8.134,  1.368
 31680,  1.896,  5.876, 27.588,  8.271,  1.403
 31740,  1.902,  5.616, 27.355,  8.309,  1.355
 31800,  1.912,  5.757, 27.119,  8.385,  1.345
 31860,  1.976,  5.756, 28.356,  8.243,  1.451
 31920,  1.946,  5.733, 27.540,  8.442,  1.421
 31980,  1.962,  5.560, 27.709,  8.408,  1.436
 32040,  1.974,  5.493, 28.383,  8.478,  1.357
 32100,  1.902,  5.728, 28.615,  8.536,  1.443
 32160,  1.958,  5.592, 28.689,  8.671,  1.443
 32220,  1.941,  5.647, 27.472,  8.863,  1.389
 32280,  1.926,  5.460, 27.406,  8.520,  1.355
 32340,  1.969,  5.339, 27.389,  8.781,  1.351
 32400,  1.966,  5.272, 27.872,  8.805,  1.409
 32460,  1.963,  5.590, 27.967,  8.704,  1.435
 32520,  1.975,  5.289, 27.207,  8.524,  1.385
 32580,  1.948,  5.501, 27.000,  8.641,  1.385
 32640,  1.967,  5.419, 27.068,  8.692,  1.383
 32700,  2.041,  5.623, 28.079,  8.622,  1.390
 32760,  1.968,  5.299, 27.824,  8.368,  1.353
 32820,  1.973,  5.473, 28.073,  8.584,  1.389
 32880,  1.957,  5.272, 27.693,  8.750,  1.468
 32940,  2.004,  5.441, 27.655,  8.558,  1.367
 33000,  1.984,  5.327, 26.319,  8.705,  1.326
 33060,  1.957,  5.403, 28.732,  8.625,  1.446
 33120,  2.004,  5.361, 28.257,  8.543,  1.434
 33180,  1.967,  5.247, 27.017,  8.561,  1.501
 33240,  1.949,  5.292, 27.924,  8.526,  1.454
 33300,  2.019,  5.171, 26.501,  8.609,  1.346
 33360,  1.976,  5.646, 26.735,  8.372,  1.477
 33420,  1.921,  5.421, 24.241,  8.161,  1.308
 33480,  1.969,  5.205, 25.708,  8.249,  1.293
 33540,  2.008,  5.220, 25.755,  8.455,  1.282
 33600,  1.938,  5.299, 25.863,  8.122,  1.263
 33660,  2.012,  5.431, 26.465,  8.419,  1.347
 33720,  1.994,  5.274, 26.349,  8.196,  1.267
 33780,  1.976,  5.347, 27.367,  8.392,  1.379
 33840,  2.015,  5.326, 27.922,  8.327,  1.295
 33900,  1.994,  5.265, 27.485,  8.316,  1.392
 33960,  2.010,  5.253, 26.954,  8.437,  1.294
 34020,  2.025,  5.308, 26.930,  8.547,  1.371
 34080,  2.004,  5.407, 26.602,  8.347,  1.288
 34140,  2.056,  5.284, 27.672,  8.455,  1.343
 34200,  2.068,  5.463, 28.461,  8.421,  1.360
 34260,  2.018,  5.363, 26.763,  8.177,  1.345
 34320,  2.002,  5.271, 26.693,  8.095,  1.319
 34380,  2.069,  5.313, 27.817,  8.471,  1.308
 34440,  2.054,  5.316, 28.235,  8.309,  1.362
 34500,  2.055,  5.412, 28.201,  8.192,  1.340
 34560,  2.053,  5.388, 28.148,  8.310,  1.348
 34620,  2.081,  5.235, 28.032,  8.241,  1.319
 34680,  2.034,  4.986, 27.543,  8.083,  1.314
 34740,  2.095,  5.411, 28.217,  8.106,  1.371
 34800,  2.092,  5.252, 28.442,  8.410,  1.299
 34860,  2.113,  5.276, 28.030,  8.332,  1.363
 34920,  2.039,  5.281, 28.766,  8.467,  1.472
 34980,  1.996,  5.046, 27.675,  8.215,  1.296
 35040,  2.040,  5.213, 27.124,  8.073,  1.359
 35100,  2.005,  5.114, 27.672,  8.009,  1.337
 35160,  2.032,  5.192, 28.408,  8.191,  1.409
 35220, -9999.000, -9999.000, -9999.000, -9999.000, -9999.000
 35280,  1.984,  4.865, 24.868,  7.832,  1.398
 35340,  2.039,  4.996, 24.927,  7.922,  1.330
 35400,  2.070,  4.930, 26.048,  7.781,  1.396
 35460,  2.118,  5.332, 26.540,  8.129,  1.313
 35520,  2.041,  5.149, 26.951,  8.002,  1.330
 35580,  2.063,  5.141, 27.628,  8.104,  1.439
 35640,  2.051,  5.097, 27.947,  8.058,  1.475
 35700,  2.062,  5.105, 27.064,  8.130,  1.438
 35760,  2.073,  5.062, 27.221,  8.039,  1.441
 35820,  2.088,  4.963, 27.440,  7.997,  1.393
 35880,  2.124,  5.071, 28.937,  8.092,  1.400
 35940,  2.080,  4.991, 28.155,  8.341,  1.290
 36000,  2.095,  5.033, 28.917,  8.341,  1.406
 36060,  2.085,  4.987, 28.316,  8.205,  1.480
 36120,  2.081,  5.227, 26.976,  8.382,  1.430
 36180,  2.086,  5.078, 27.942,  8.118,  1.376
 36240,  2.032,  4.963, 27.928,  7.993,  1.388
 36300,  2.046,  5.174, 29.583,  7.866,  1.495
 36360,  2.044,  5.086, 28.282,  8.061,  1.459
 36420,  2.109,  5.000, 28.172,  8.225,  1.388
 36480,  2.027,  5.041, 28.200,  8.231,  1.339
 36540,  2.058,  5.009, 27.559,  8.124,  1.402
 36600,  2.040,  4.978, 28.164,  7.998,  1.407
 36660,  2.058,  4.873, 28.938,  8.137,  1.447
 36720,  2.011,  4.791, 28.780,  7.888,  1.359
 36780,  2.043,  4.804, 28.142,  7.794,  1.401
 36840,  2.031,  4.848, 27.866,  7.765,  1.301
 36900,  2.053,  4.856, 28.769,  7.689,  1.391
 36960,  2.046,  4.977, 29.209,  8.005,  1.412
 37020,  2.073,  4.932, 28.836,  7.783,  1.427
 37080,  2.065,  6.252, 26.496,  7.344,  0.779
 37140,  2.061,  4.618, 26.498,  7.754,  1.387
 37200,  2.043,  4.617, 27.357,  7.967,  1.460
 37260,  2.047,  4.815, 27.459,  7.805,  1.497
 37320,  2.118,  4.686, 28.375,  8.207,  1.523
 37380,  2.067,  5.076, 28.633,  8.125,  1.530
 37440,  2.045,  4.700, 28.463,  8.054,  1.444
 37500,  2.066,  4.733, 27.359,  7.948,  1.384
 37560,  2.089,  4.520, 27.706,  7.884,  1.470
 37620,  2.152,  4.682, 29.288,  8.134,  1.506
 37680,  2.146,  4.582, 30.650,  8.026,  1.400
 37740,  2.139,  4.641, 30.487,  8.025,  1.486
 37800,  2.042,  4.562, 29.425,  7.795,  1.410
 37860,  2.072,  4.530, 29.628,  7.807,  1.371
 37920,  2.094,  4.369, 29.525,  7.736,  1.333
 37980,  2.081,  4.454, 29.142,  7.672,  1.422
 38040,  2.049,  4.911, 31.617,  7.665,  1.436
 38100,  2.059,  4.368, 29.332,  7.585,  1.455
 38160,  2.055,  4.757, 29.628,  7.632,  1.397
 38220,  2.059,  4.344, 29.351,  7.701,  1.505
 38280,  1.985,  4.625, 29.185,  7.597,  1.367
 38340,  1.999,  4.621, 29.644,  7.674,  1.408
 38400,  2.038,  4.531, 29.645,  7.621,  1.456
 38460,  2.030,  4.637, 28.652,  7.846,  1.357
 38520,  2.040,  4.418, 28.780,  7.554,  1.320
 38580,  2.078,  4.317, 28.726,  7.567,  1.327
 38640,  2.036,  4.260, 28.675,  7.441,  1.258
 38700,  2.071,  4.837, 29.547,  7.367,  1.345
 38760,  1.992,  4.645, 29.816,  7.389,  1.336
 38820,  1.987,  4.503, 28.526,  7.304,  1.278
 38880,  1.972,  4.420, 27.546,  7.151,  1.217
 38940, -9999.000, -9999.000, -9999.000, -9999.000, -9999.000
 39000,  1.934,  4.267, 24.539,  6.960,  1.167
 39060,  1.987,  4.536, 26.475,  7.375,  1.260
 39120,  1.981,  4.353, 26.301,  7.434,  1.203
 39180,  2.012,  4.403, 26.402,  7.359,  1.235
 39240,  1.960,  4.507, 26.941,  7.373,  1.317
 39300,  1.981,  4.406, 26.677,  7.299,  1.121
