CampaignData_and_Merges/R0/CSL_MobileLab_Parked/raw/20240811/USOS-POPS_MobileLabGround_20240811_R0.ict
78, 1001
Thornberry, T. D.
NOAA Chemical Sciences Laboratory
Portable Optical Particle Spectrometer (POPS)
USOS
1, 1
2024, 08, 11, 2025, 05, 08
60
Time_Start, seconds_past_midnight, Start time of measurement
45
1, 1, 1, 1, 1, 1, 1, 1, 1, 1, 1, 1, 1, 1, 1, 1, 1, 1, 1, 1, 1, 1, 1, 1, 1, 1, 1, 1, 1, 1, 1, 1, 1, 1, 1, 1, 1, 1, 1, 1, 1, 1, 1, 1, 1
-9999, -9999, -9999, -9999, -9999, -9999, -9999, -9999, -9999, -9999, -9999, -9999, -9999, -9999, -9999, -9999, -9999, -9999, -9999, -9999, -9999, -9999, -9999, -9999, -9999, -9999, -9999, -9999, -9999, -9999, -9999, -9999, -9999, -9999, -9999, -9999, -9999, -9999, -9999, -9999, -9999, -9999, -9999, -9999, -9999
Time_Stop, seconds_past_midnight, Stop time of measurement
Time_Mid, seconds_past_midnight, Mid time of measurement
Press_mb, mb, Pressure reported (mb)
Temp_C, degrees C, POPS temperature measurement
Aerosol_concentration, cm^-3, Aerosol concentration
Surface_Area_Conc, um^2 cm^-3, Surface area concentration
Volume_density, um^3 cm^-3, Volume density
Effective_radius, um, Effective radius
Extinction, km^-1, Extinction
Bin01, cm^-3, particle concentration in size range [1401 - 146.3 nm]
Bin02, cm^-3, particle concentration in size range [146.3 - 152.8 nm]
Bin03, cm^-3, particle concentration in size range [152.8 - 159.6 nm]
Bin04, cm^-3, particle concentration in size range [159.6 - 166.8 nm]
Bin05, cm^-3, particle concentration in size range [166.8 - 174.2 nm]
Bin06, cm^-3, particle concentration in size range [174.2 - 181.9 nm]
Bin07, cm^-3, particle concentration in size range [181.9 - 190.0 nm]
Bin08, cm^-3, particle concentration in size range [190.0 - 198.5 nm]
Bin09, cm^-3, particle concentration in size range [198.5 - 207.4 nm]
Bin10, cm^-3, particle concentration in size range [207.4 - 216.6 nm]
Bin11, cm^-3, particle concentration in size range [216.6 - 226.2 nm]
Bin12, cm^-3, particle concentration in size range [226.2 - 236.3 nm]
Bin13, cm^-3, particle concentration in size range [236.3 - 246.8 nm]
Bin14, cm^-3, particle concentration in size range [246.8 - 257.8 nm]
Bin15, cm^-3, particle concentration in size range [257.8 - 269.3 nm]
Bin16, cm^-3, particle concentration in size range [269.3 - 343.4 nm]
Bin17, cm^-3, particle concentration in size range [343.4 - 450.7 nm]
Bin18, cm^-3, particle concentration in size range [450.7 - 525.9 nm]
Bin19, cm^-3, particle concentration in size range [525.9 - 618.5 nm]
Bin20, cm^-3, particle concentration in size range [618.5 - 710.0 nm]
Bin21, cm^-3, particle concentration in size range [710.0 - 822.7 nm]
Bin22, cm^-3, particle concentration in size range [822.7 - 885.9 nm]
Bin23, cm^-3, particle concentration in size range [885.9 - 953.9 nm]
Bin24, cm^-3, particle concentration in size range [953.9 - 1027.2 nm]
Bin25, cm^-3, particle concentration in size range [1027.2 - 1106.1 nm]
Bin26, cm^-3, particle concentration in size range [1106.1 - 1191.0 nm]
Bin27, cm^-3, particle concentration in size range [1191.0 - 1282.5 nm]
Bin28, cm^-3, particle concentration in size range [1282.5 - 1381.0 nm]
Bin29, cm^-3, particle concentration in size range [1381.0 - 1487.1 nm]
Bin30, cm^-3, particle concentration in size range [1487.1 - 1601.3 nm]
Bin31, cm^-3, particle concentration in size range [1601.3 - 1724.3 nm]
[...]
PLATFORM: NOAA CSL Mobile Lab
LOCATION: USOS
ASSOCIATED_DATA: N/A
INSTRUMENT_INFO: Printed Optical Particle Spectrometer counts particles from 140 - 2500 nm in diameter 
DATA_INFO: Particle concentrations reported in number per cubic centimeter,1 Hz data
UNCERTAINTY: Counting uncertainty dominated by air flow, less than 5 percent. Measurement range is ~0 - 3000 per cm3 (varies depending on flow rate- manufacturer quotes 1250 per cm3 at 1.667 cc/s)
ULOD_FLAG: -7777
ULOD_VALUE: N/A
LLOD_FLAG: -8888
LLOD_VALUE: N/A
DM_CONTACT_INFO: Troy Thornberry, 325 Broadway R/CSL6, Boulder, CO 80305; troy.thornberry@noaa.gov; 303-497-3373
PROJECT_INFO: USOS, Utah POPS data from NOAA CSL Mobile Lab
STIPULATIONS_ON_USE: Please contact the PIs for questions regarding applications and uncertainties
OTHER_COMMENTS: POPS bin Edges (nm):  140.1, 146.3, 152.8, 159.6, 166.8, 174.2, 181.9, 190.0, 198.5, 207.4, 216.6, 226.2, 236.3, 246.8, 257.8, 269.3, 343.4, 450.7, 525.9, 618.5, 710.0, 822.7, 885.9, 953.9, 1027.2, 1106.1, 1191.0, 1282.5, 1381.0, 1487.1, 1601.3, 1724.3, 1856.7, 1999.3, 2152.8, 2318.2, 2496.2
Calculations assume organic aerosol refractive index of 1.52+0.00j and extinction wavelength = 532 nm
REVISION: R0
R0: Final data
Time_Start, Time_Stop, Time_Mid, Press_mb, Temp_C, Aerosol_concentration, Surface_Area_Conc, Volume_density, Effective_radius, Extinction, Bin01, Bin02, Bin03, Bin04, Bin05, Bin06, Bin07, Bin08, Bin09, Bin10, Bin11, Bin12, Bin13, Bin14, Bin15, Bin16, Bin17, Bin18, Bin19, Bin20, Bin21, Bin22, Bin23, Bin24, Bin25, Bin26, Bin27, Bin28, Bin29, Bin30, Bin31, Bin32, Bin33, Bin34, Bin35, Bin36
[from data line 829]
49740,49799,49770,873.200,32.526,369.458,58.081,3.390,0.173,0.016,31.202255,29.857025,27.517387,26.914930,25.635246,24.042896,21.636049,21.098116,19.309841,18.540043,17.042137,16.661663,15.603084,15.192746,11.993124,35.021729,8.445042,2.022102,0.835502,0.169190,0.124444,0.089669,0.028596,0.084837,0.062745,0.040051,0.028371,0.033693,0.033800,0.050527,0.022400,0.033781,0.034005,0.016931,0.005824,0.028070
49800,49859,49830,873.213,32.529,370.344,58.349,3.479,0.176,0.016,31.137341,29.915052,27.783659,27.302170,26.147366,24.147036,22.806713,20.362251,18.913689,17.648615,16.642534,16.964209,15.747428,14.946308,12.355175,35.355358,8.315362,2.159965,0.869662,0.172705,0.115804,0.039214,0.055355,0.039332,0.028236,0.055448,0.055743,0.033635,0.022207,0.011224,0.072472,0.033660,0.016685,0.022223,0.016558,0.033540
49860,49919,49890,873.211,32.556,369.650,58.162,3.413,0.173,0.016,31.163347,29.997353,27.987513,28.079563,25.966091,24.052608,21.747900,20.572500,17.980694,17.713596,16.582047,16.684669,16.330370,15.175550,11.863131,35.536301,8.229548,2.179498,0.920533,0.160054,0.155257,0.083328,0.100259,0.049935,0.044438,0.016854,0.033299,0.033227,0.016326,0.049837,0.022546,0.033451,0.027841,0.011038,0.016687,0.033162
49920,49979,49950,873.232,32.673,366.511,57.630,3.414,0.175,0.015,31.328131,29.174917,28.015980,27.064041,24.997808,24.186905,22.124067,20.739624,18.832005,17.666021,16.664177,15.991426,16.485222,14.813384,11.634735,34.769917,8.349024,1.988260,0.785536,0.170411,0.170639,0.044682,0.055037,0.049500,0.027568,0.049789,0.033415,0.044020,0.027777,0.066478,0.038607,0.043997,0.022207,0.027620,0.021990,0.005650
49980,50039,50010,873.247,32.552,367.222,58.080,3.439,0.175,0.016,31.101675,28.347900,27.810339,26.957617,26.091619,24.146748,22.465700,20.081646,18.820259,18.331770,17.218437,16.194088,15.304635,15.194183,12.029153,35.131718,7.914092,2.237214,0.826760,0.205117,0.155632,0.139116,0.083178,0.061295,0.044505,0.011167,0.033507,0.022188,0.055564,0.033229,0.061079,0.033240,0.011022,0.027324,0.022187,0.016723
50040,50099,50070,873.244,32.396,367.874,57.920,3.445,0.175,0.016,31.058334,29.820448,27.134047,27.645456,26.319126,23.317835,21.799957,20.595011,19.172924,17.604803,16.891016,16.882402,15.754276,15.067522,12.211273,34.770466,8.141614,1.934409,0.884533,0.111599,0.139554,0.116777,0.060939,0.055374,0.050394,0.016826,0.021977,0.016619,0.033227,0.061367,0.067160,0.033412,0.033318,0.005556,0.022543,0.022253
50100,50159,50130,873.259,32.229,369.416,57.776,3.365,0.172,0.015,31.097761,29.561886,28.318132,27.463890,25.826553,24.556219,22.660048,20.912560,18.918077,17.470936,16.729164,16.746239,15.869135,15.052798,12.105072,34.188328,8.249335,1.929259,0.891733,0.156309,0.154042,0.093815,0.066453,0.027668,0.044639,0.044049,0.016624,0.027798,0.033228,0.055045,0.033358,0.021860,0.038582,0.005688,0.016672,0.033134
50160,50219,50190,873.245,32.192,368.946,58.401,3.446,0.174,0.016,30.424011,29.558683,27.593096,26.921301,25.304625,24.023174,22.465279,21.116173,19.080500,17.841425,17.150873,16.790470,16.561279,14.807953,11.976943,35.157593,8.302708,2.059965,0.851601,0.167391,0.144401,0.100608,0.061070,0.055184,0.084106,0.016668,0.027969,0.016343,0.061421,0.055813,0.055712,0.032978,0.033790,0.016820,0.010971,0.016755
50220,50279,50250,873.266,32.401,367.344,57.810,3.441,0.175,0.016,30.462242,28.894741,27.797365,26.679153,26.490948,24.038588,21.674910,21.066326,19.170792,17.964848,16.911755,16.242231,16.286526,14.553694,12.277335,34.834042,8.176384,2.022580,0.950076,0.205318,0.094489,0.082569,0.061184,0.049905,0.039311,0.027763,0.016760,0.027788,0.005537,0.065980,0.055431,0.045093,0.005727,0.027854,0.011187,0.027779
50280,50339,50310,873.261,32.514,367.070,57.914,3.377,0.172,0.016,30.711554,29.851475,27.423573,27.160246,25.494135,24.134090,22.489786,20.569782,18.429283,17.607508,16.985312,16.646893,16.000324,14.652933,11.956489,35.061012,8.152213,1.906588,0.884933,0.173360,0.155054,0.110748,0.066937,0.067118,0.044429,0.038860,0.033190,0.021882,0.021969,0.050380,0.056473,0.005612,0.039046,0.022415,0.011149,0.033504
50340,50399,50370,873.286,32.446,372.892,58.577,3.397,0.171,0.016,30.925541,30.518950,28.380337,26.964424,25.727171,24.911888,23.088863,21.197517,19.028791,17.930708,16.561907,17.009760,16.199278,14.531740,12.186662,35.544170,8.331567,2.022711,0.861401,0.211846,0.155954,0.099710,0.083782,0.055449,0.027548,0.061460,0.022467,0.044419,0.016763,0.033678,0.050163,0.022103,0.016956,0.022431,0.011022,0.033083
50400,50459,50430,873.286,32.396,374.430,59.017,3.545,0.177,0.016,31.804825,30.192970,28.983717,27.606068,25.992779,25.409395,22.345867,21.251820,18.854252,18.107222,16.381535,16.540977,16.187336,14.696975,12.171887,35.750641,8.267337,2.070976,0.917100,0.130715,0.164443,0.090841,0.068503,0.056855,0.045642,0.045269,0.022569,0.017402,0.028198,0.033888,0.050882,0.022458,0.039731,0.022605,0.016921,0.039740
50460,50519,50490,873.291,32.213,373.407,59.643,3.887,0.193,0.016,31.979792,30.180031,28.380524,28.206966,25.218361,24.217171,22.672598,21.005331,19.281115,19.020468,17.137905,16.836451,16.121761,14.878477,11.898372,34.287994,8.227780,1.876678,0.881047,0.227499,0.111591,0.104933,0.066699,0.060737,0.049665,0.028083,0.055620,0.044031,0.038939,0.066819,0.077496,0.055572,0.016614,0.032955,0.033227,0.027618
50520,50579,50550,873.299,32.333,371.500,58.707,3.592,0.180,0.016,31.012245,29.877968,28.427130,27.733475,26.278284,24.865561,22.259991,20.906269,19.271725,17.494579,16.586964,16.640980,15.940231,14.607730,11.919657,35.591702,8.214602,2.012133,1.014977,0.134218,0.127529,0.066480,0.055158,0.066324,0.038408,0.055364,0.022142,0.011397,0.033526,0.022193,0.061251,0.033017,0.022246,0.038761,0.016540,0.038886
50580,50639,50610,873.285,32.440,374.755,59.749,3.683,0.180,0.016,31.849001,29.312731,28.861628,27.755671,26.454712,24.554501,22.691208,20.671513,19.044241,18.232006,17.667747,16.592121,15.978790,15.293502,12.032492,34.689873,8.972888,2.104869,1.006786,0.206062,0.116346,0.077623,0.111141,0.049701,0.033272,0.033416,0.033554,0.039399,0.060591,0.022071,0.066825,0.027560,0.027562,0.016741,0.027731,0.039184
50640,50699,50670,873.284,32.643,372.005,58.563,3.383,0.171,0.016,31.319630,30.093922,28.225336,28.249346,26.091364,23.764151,22.123533,21.358513,19.162807,17.438023,16.903038,16.610001,15.714777,15.198676,12.215906,35.249657,8.287658,2.129392,0.881680,0.250230,0.115974,0.077670,0.050158,0.060989,0.077536,0.044615,0.044216,0.038802,0.044329,0.044451,0.043924,0.016595,0.022395,0.011148,0.016514,0.027632
50700,50759,50730,873.294,32.610,367.343,57.991,3.500,0.177,0.016,31.341436,29.627314,27.678490,26.925179,25.603708,24.229307,22.447372,20.921940,18.517723,17.493809,16.700855,16.506147,16.366528,14.718885,12.349587,33.841824,8.085176,2.111683,0.910321,0.153391,0.226421,0.083177,0.055456,0.060615,0.016402,0.066641,0.027299,0.044237,0.021778,0.022335,0.049410,0.033231,0.032836,0.011060,0.038858,0.022429
50760,50819,50790,873.283,32.502,369.308,58.861,3.792,0.189,0.016,31.349226,29.891014,28.301359,27.105083,25.808867,23.540993,22.506651,21.457237,18.989698,17.628191,16.350752,16.487909,16.599430,14.756134,11.872840,34.508175,8.320102,2.017514,0.902183,0.194301,0.094204,0.072107,0.077825,0.044126,0.033346,0.033577,0.027971,0.027549,0.033128,0.049895,0.050178,0.038771,0.022410,0.032887,0.027764,0.055044
50820,50879,50850,873.289,32.417,367.302,58.103,3.660,0.186,0.016,31.731226,29.597570,27.773252,27.162994,25.498951,24.331688,22.140997,20.750660,18.910374,16.801476,17.078634,16.803213,15.868307,15.280452,11.900507,33.832882,7.943937,1.990052,0.916733,0.194435,0.138398,0.060623,0.077766,0.055346,0.050188,0.044677,0.066628,0.044654,0.000000,0.066388,0.033661,0.066362,0.028005,0.011189,0.016895,0.033115
50880,50939,50910,873.290,32.327,370.474,58.820,3.629,0.183,0.016,31.118917,29.663799,28.003653,27.972389,25.611105,23.919760,22.570679,20.189528,19.278627,17.982668,17.011515,16.767422,16.175146,14.955407,12.322441,35.130230,8.094137,1.907209,0.851812,0.139259,0.111290,0.105892,0.061055,0.044249,0.072668,0.044905,0.022422,0.049992,0.067026,0.055781,0.033630,0.027761,0.033192,0.016855,0.016781,0.044634
50940,50999,50970,873.308,32.445,370.136,57.833,3.392,0.173,0.015,30.971439,30.091335,28.293556,27.064531,26.683914,24.408283,22.681206,21.256989,19.138153,17.858072,16.520355,16.615547,15.343427,14.667187,12.228844,34.788132,7.763382,1.983081,0.877595,0.155511,0.166398,0.050236,0.116767,0.044747,0.033282,0.050059,0.033362,0.022282,0.027913,0.016680,0.050624,0.027583,0.044221,0.016912,0.027346,0.016580
51000,51059,51030,873.320,32.640,374.598,57.403,3.081,0.159,0.015,32.454868,31.185419,28.930252,27.873903,26.168425,23.918497,23.025797,20.696260,18.876871,17.964773,17.034014,16.605478,15.646855,15.041535,12.284063,35.106606,8.163113,1.978007,0.873869,0.167189,0.162062,0.061553,0.077537,0.022466,0.027880,0.044546,0.038989,0.027913,0.005574,0.033226,0.022505,0.022151,0.011299,0.011242,0.022297,0.011263
51060,51119,51090,873.306,32.640,375.343,58.485,3.416,0.172,0.016,32.636669,31.294397,29.580162,28.019543,26.621742,24.527304,22.344812,20.547260,19.378597,17.649508,16.852512,16.302742,15.911658,14.813905,12.290447,34.725979,7.968171,2.135721,0.860228,0.172333,0.127702,0.094116,0.066103,0.021900,0.027544,0.054910,0.016969,0.044273,0.044234,0.022119,0.078048,0.016951,0.027798,0.027537,0.011300,0.027651
51120,51179,51150,873.302,32.546,371.971,57.671,3.253,0.167,0.015,32.244999,30.112417,28.726166,28.188257,25.960554,25.111387,21.629137,20.033148,18.828453,18.174986,17.361309,16.700846,16.077549,14.759460,12.102241,34.100811,8.205417,2.045980,0.716893,0.121655,0.143588,0.077279,0.088301,0.088897,0.028012,0.077300,0.038730,0.016784,0.027742,0.038659,0.060809,0.027641,0.016612,0.011075,0.016705,0.011300
51180,51239,51210,873.314,32.468,373.632,57.847,3.403,0.175,0.015,32.740505,30.840609,28.804373,28.215816,26.158611,24.702208,22.193899,20.181089,19.153488,17.767897,17.153656,17.038034,16.139660,15.479325,12.087981,33.319172,8.094469,1.983067,0.734794,0.188787,0.110369,0.055227,0.033102,0.055620,0.049951,0.038947,0.044826,0.022092,0.033433,0.038875,0.054884,0.039082,0.017328,0.021913,0.011130,0.027836
51240,51299,51270,873.328,32.322,369.121,58.007,3.529,0.179,0.016,31.209431,30.419147,28.083464,27.826166,25.400034,24.319952,22.516827,20.703098,19.061487,17.419024,17.132961,16.725620,16.625484,14.503902,11.957012,33.418507,7.951559,1.891172,0.967186,0.178128,0.200278,0.078043,0.094982,0.044072,0.055224,0.027672,0.011280,0.038607,0.033485,0.033412,0.044569,0.038695,0.032830,0.039212,0.011262,0.027335
51300,51359,51330,873.336,32.346,369.358,57.823,3.556,0.182,0.015,32.286663,29.438261,29.006134,28.074390,25.227840,24.525631,22.623426,20.013088,19.336239,17.511593,16.489550,16.184155,15.786563,14.960151,11.974303,34.638042,7.673474,1.984244,0.793698,0.161611,0.111013,0.066653,0.050357,0.055334,0.039440,0.044882,0.038788,0.022336,0.016783,0.028064,0.028011,0.027928,0.044585,0.022490,0.016692,0.056017
51360,51419,51390,873.339,32.493,373.800,59.106,3.812,0.190,0.016,32.403786,30.189825,29.174397,27.863138,26.023920,24.737045,22.641556,21.118502,19.450724,18.243973,16.555979,17.051979,15.870802,14.604244,11.848103,34.314388,8.067389,1.853331,0.860610,0.172039,0.150247,0.067160,0.039116,0.044619,0.027315,0.022299,0.044160,0.038785,0.044112,0.033191,0.055149,0.033376,0.038733,0.038534,0.022299,0.055550
51420,51479,51450,873.355,32.700,372.914,58.520,3.458,0.174,0.016,32.100319,29.676250,28.611538,28.063557,26.574677,24.494108,22.357801,20.469662,19.482359,17.419043,16.483788,17.212904,16.189262,15.192187,12.146742,34.012676,8.408120,2.175127,0.877555,0.188673,0.160688,0.061067,0.089181,0.066942,0.033235,0.061147,0.039137,0.038948,0.044176,0.027672,0.033316,0.038931,0.032740,0.011077,0.011303,0.027765
51480,51539,51510,873.336,32.648,378.037,58.973,3.512,0.176,0.016,32.164692,31.447918,28.930420,28.397884,26.541513,24.990374,22.639032,21.443766,19.470675,17.722101,17.118259,16.380327,16.524456,15.351225,12.228420,34.592949,8.382352,1.879134,0.906405,0.245410,0.078012,0.067671,0.078351,0.071887,0.060852,0.032801,0.005650,0.038731,0.011167,0.044545,0.038846,0.044918,0.044453,0.039289,0.005708,0.016988
51540,51599,51570,873.350,32.539,373.735,57.865,3.399,0.173,0.015,32.108421,30.575808,28.764273,28.033541,27.260511,24.989546,22.641825,20.583071,19.265553,17.495117,17.280375,16.514526,16.024654,14.726725,12.361523,34.007076,7.492267,1.786169,0.901146,0.167086,0.121618,0.094627,0.060720,0.072436,0.066680,0.039059,0.044695,0.027816,0.022242,0.055392,0.033564,0.039023,0.016630,0.022169,0.016779,0.022303
51600,51659,51630,873.364,32.469,370.150,57.366,3.308,0.170,0.015,31.520288,30.819761,28.646759,28.274403,26.426910,24.955423,22.269066,20.651325,17.952749,17.874378,16.274323,16.252430,16.281969,15.187391,11.544992,33.872189,7.757518,1.915659,0.814516,0.166696,0.105704,0.061433,0.038823,0.071744,0.054934,0.061181,0.005464,0.033267,0.033006,0.038603,0.088095,0.021936,0.038352,0.011024,0.010983,0.016527
51660,51719,51690,873.355,32.300,371.266,56.958,3.277,0.170,0.015,32.401741,30.955482,29.033419,28.019133,26.073252,24.470356,22.745838,20.943743,18.721853,17.677015,16.613037,16.662222,16.256847,15.187603,11.925491,32.418354,7.770081,1.747168,0.749382,0.150247,0.166771,0.060875,0.055696,0.083314,0.049875,0.022353,0.033271,0.038459,0.038764,0.049825,0.038891,0.044590,0.028041,0.011112,0.010983,0.011039
51720,51779,51750,873.342,32.235,373.371,57.192,3.316,0.172,0.015,32.442810,30.927944,28.801924,28.463329,26.603968,24.511459,22.047413,21.137430,19.551952,17.361488,17.381729,16.882500,16.469419,14.716277,12.213065,33.089966,7.404139,1.784354,0.746480,0.188429,0.094963,0.044195,0.066318,0.083872,0.028022,0.027891,0.044189,0.016596,0.050396,0.021871,0.050040,0.043946,0.027455,0.005593,0.022322,0.016892
51780,51839,51810,873.338,32.389,370.250,56.892,3.337,0.172,0.015,32.099594,30.855379,28.781096,27.745014,26.884251,24.205179,23.208887,20.785160,18.547312,17.706579,16.497942,16.175646,15.940227,14.550776,11.650005,33.257008,8.011191,1.750203,0.748300,0.160879,0.127535,0.071696,0.083361,0.050628,0.055705,0.021970,0.033770,0.027595,0.039216,0.027669,0.022130,0.055769,0.027692,0.005612,0.017013,0.021953
51840,51899,51870,873.362,32.592,372.994,58.481,3.628,0.184,0.016,32.260345,31.258608,29.015606,27.673828,27.305971,24.624384,22.106739,20.826958,19.599991,17.373898,16.466063,16.713354,15.560542,14.477250,11.880321,34.150703,8.144853,1.917070,0.656718,0.155922,0.100127,0.094831,0.083436,0.072925,0.044394,0.022115,0.049738,0.050592,0.050180,0.044202,0.066397,0.044981,0.050470,0.005708,0.016914,0.027762
51900,51959,51930,873.380,32.540,375.872,57.841,3.509,0.179,0.015,33.839470,31.590359,29.436266,28.158535,27.090034,24.823156,22.687044,21.337881,19.389700,17.638571,16.465151,16.597246,15.413577,15.046700,11.891670,32.929676,7.865309,2.060186,0.722335,0.194654,0.122610,0.066350,0.077145,0.049471,0.044397,0.038861,0.033064,0.027844,0.022468,0.022506,0.050230,0.061721,0.016468,0.016612,0.000000,0.044624
51960,52019,51990,873.379,32.415,373.037,56.846,3.188,0.166,0.014,32.846298,31.266186,29.404858,28.520967,27.035788,23.911501,22.532297,21.528364,18.920921,17.498302,16.423859,16.729786,16.082190,14.942636,11.686514,33.013603,7.429218,1.627127,0.796628,0.148901,0.115671,0.127017,0.049919,0.049366,0.050359,0.033320,0.043948,0.016668,0.038923,0.016576,0.049865,0.011084,0.022218,0.016433,0.033032,0.016620
52020,52079,52050,873.392,32.378,371.333,56.922,3.454,0.178,0.015,32.507492,31.761641,29.068777,28.235544,26.800642,24.525166,22.200838,21.004307,18.692028,18.076618,16.665541,16.501709,15.964584,14.865294,11.544890,32.269535,7.295734,1.775927,0.753517,0.139025,0.144974,0.055759,0.083050,0.066971,0.016622,0.027694,0.016836,0.005593,0.033194,0.033805,0.049927,0.044189,0.033124,0.022262,0.000000,0.050091
