CampaignData_and_Merges/R0/CSL_MobileLab_Parked/raw/20240811/USOS-MetNav_MobileLabGround_20240811_R0.ict
44, 1001
Carrie Womack, Nate Howard, Mike Zucker
NOAA Chemical Sciences Laboratory
Mobile Lab MetNav Station
USOS
1, 1
2024, 08, 11, 2024, 12, 21
60
Time_Start, seconds_past_midnight, Seconds from midnight UTC
11
1, 1, 1, 1, 1, 1, 1, 1, 1, 1, 1
-9999, -9999, -9999, -9999, -9999, -9999, -9999, -9999, -9999, -9999, -9999
GPS_Alt_m, meters, Altitude from Differential GPS
GPS_Course_deg, degrees, Course from Differential GPS
GPS_GndSpd_m_s, m/s, Ground Speed from Differential GPS
GPS_Heading_deg, degrees, Heading from Differential GPS
GPS_Lat_deg, degrees, Latitude from Differential GPS
GPS_Lon_deg, degrees, Longitude from Differential GPS
AirTemp_C, Celsius, Air Temperature from Airmar
RelHumidity_pct, percent, Relative Humidity from Airmar
Pressure_mb, millibars, Pressure from Honeywell
WindDir_calc_deg, degrees, Wind Direction from Airmar corrected for van movement
WindSpd_calc_m_s, m/s, Wind Speed from Airmar corrected for van movement
1
SPECIAL COMMENTS:
18
PI_CONTACT_INFO: Address: 325 Broadway R/CSL7, Boulder, CO, 80305
PLATFORM: CSL Mobile Lab
LOCATION: Salt Lake City, UT
ASSOCIATED_DATA: N/A
INSTRUMENT_INFO: N/A
DATA_INFO: Units:
UNCERTAINTY: N/A
ULOD_FLAG: -7777
ULOD_VALUE: N/A
LLOD_FLAG: -8888
LLOD_VALUE: N/A
DM_CONTACT_INFO: Data Manager: Nate Howard
PROJECT_INFO: 
STIPULATIONS_ON_USE: Use of these data require prior ok from PI.
OTHER_COMMENTS: 
REVISION: R0
R0: Final data. Fixed bug in wind averaging code. RA: Preliminary Data. For in-field use only. 
Time_Start, GPS_Alt_m, GPS_Course_deg, GPS_GndSpd_m_s, GPS_Heading_deg, GPS_Lat_deg, GPS_Lon_deg, AirTemp_C, RelHumidity_pct, Pressure_mb, WindDir_calc_deg, WindSpd_calc_m_s
[from data line 835]
50100.0,1310.0,2.42,0.05,2.42,40.73434,-111.87210,22.8,38.7,879.0,81.38,0.5
50160.0,1309.6,2.27,0.06,2.27,40.73434,-111.87211,22.8,39.1,879.1,119.45,0.9
50220.0,1309.5,2.75,0.05,2.75,40.73434,-111.87211,22.9,39.1,879.1,133.46,1.2
50280.0,1309.1,2.86,0.05,2.86,40.73434,-111.87211,23.0,39.3,879.1,126.26,1.1
50340.0,1309.2,2.28,0.05,2.28,40.73434,-111.87210,23.2,40.9,879.1,115.93,1.0
50400.0,1309.3,2.54,0.04,2.54,40.73434,-111.87210,23.3,41.2,879.1,117.42,0.9
50460.0,1309.5,3.02,0.05,3.02,40.73434,-111.87211,23.5,40.6,879.1,122.06,1.1
50520.0,1309.4,2.72,0.05,2.72,40.73434,-111.87211,23.5,40.6,879.1,116.40,1.1
50580.0,1309.3,2.73,0.06,2.73,40.73434,-111.87211,23.6,41.0,879.1,115.25,1.5
50640.0,1309.4,2.48,0.06,2.48,40.73434,-111.87211,23.7,39.9,879.1,115.94,1.5
50700.0,1309.3,2.90,0.06,2.90,40.73434,-111.87211,23.8,39.7,879.1,115.63,1.1
50760.0,1309.2,2.57,0.06,2.57,40.73434,-111.87211,23.9,39.8,879.1,124.15,1.2
50820.0,1309.1,2.31,0.06,2.31,40.73434,-111.87211,24.2,40.1,879.1,131.52,1.2
50880.0,1309.1,2.68,0.05,2.68,40.73434,-111.87211,24.2,39.5,879.1,121.64,1.3
50940.0,1309.2,1.98,0.06,1.98,40.73434,-111.87211,24.2,40.0,879.1,117.29,1.1
51000.0,1309.4,2.31,0.05,2.31,40.73434,-111.87211,24.3,40.2,879.1,108.33,0.9
51060.0,1309.5,2.58,0.06,2.58,40.73434,-111.87211,24.2,39.9,879.1,111.86,0.9
51120.0,1309.5,2.51,0.06,2.51,40.73434,-111.87211,24.2,39.9,879.2,115.52,0.9
51180.0,1309.6,2.61,0.05,2.61,40.73434,-111.87211,24.2,40.3,879.2,124.26,1.3
51240.0,1309.5,2.44,0.06,2.44,40.73434,-111.87211,24.2,40.4,879.2,119.82,1.1
51300.0,1309.0,2.03,0.05,2.03,40.73434,-111.87211,24.1,40.4,879.2,113.23,1.2
51360.0,1309.0,1.99,0.06,1.99,40.73434,-111.87211,24.1,40.3,879.2,104.61,0.9
51420.0,1309.1,2.27,0.06,2.27,40.73434,-111.87211,24.2,40.2,879.2,111.72,1.2
51480.0,1309.2,2.65,0.05,2.65,40.73434,-111.87211,24.4,40.2,879.2,106.18,1.0
51540.0,1309.4,2.75,0.06,2.75,40.73434,-111.87211,24.4,40.3,879.2,88.61,0.7
51600.0,1309.4,2.23,0.06,2.23,40.73434,-111.87211,24.5,40.2,879.2,110.42,0.7
51660.0,1309.4,2.40,0.05,2.40,40.73434,-111.87211,24.6,40.0,879.2,116.83,1.0
51720.0,1309.6,2.83,0.05,2.83,40.73434,-111.87211,24.6,40.3,879.2,118.71,1.3
51780.0,1309.7,3.18,0.06,3.18,40.73434,-111.87211,24.7,40.9,879.2,117.59,1.4
51840.0,1309.7,3.55,0.06,3.55,40.73434,-111.87211,24.9,41.1,879.2,122.34,1.0
51900.0,1309.8,3.06,0.05,3.06,40.73434,-111.87211,25.0,39.9,879.2,131.87,1.1
51960.0,1309.8,2.54,0.05,2.54,40.73434,-111.87211,25.3,38.9,879.2,131.91,0.9
52020.0,1309.7,2.84,0.05,2.84,40.73434,-111.87211,25.4,38.4,879.2,118.68,0.7
52080.0,1309.6,2.96,0.06,2.96,40.73434,-111.87211,25.6,37.9,879.2,126.69,0.4
52140.0,1309.6,2.90,0.05,2.90,40.73434,-111.87211,25.8,37.8,879.2,95.26,0.6
52200.0,1309.5,2.70,0.05,2.70,40.73434,-111.87211,26.0,37.2,879.2,91.77,0.6
52260.0,1309.7,2.59,0.05,2.59,40.73434,-111.87211,26.1,37.2,879.2,104.54,0.6
52320.0,1309.5,2.36,0.05,2.36,40.73434,-111.87211,26.4,36.8,879.3,103.89,0.6
52380.0,1309.3,2.52,0.05,2.52,40.73434,-111.87211,26.7,36.4,879.3,101.62,0.6
52440.0,1309.4,2.37,0.05,2.37,40.73434,-111.87211,26.9,35.9,879.3,91.00,0.6
52500.0,1309.4,2.53,0.06,2.53,40.73434,-111.87211,27.0,36.5,879.3,93.03,0.6
52560.0,1309.0,2.62,0.04,2.62,40.73434,-111.87211,27.1,36.1,879.3,108.84,0.8
52620.0,1309.0,2.52,0.04,2.52,40.73434,-111.87210,27.0,36.2,879.3,95.84,0.7
52680.0,1309.1,2.03,0.05,2.03,40.73434,-111.87211,27.0,35.5,879.3,112.16,0.7
52740.0,1309.2,2.20,0.05,2.20,40.73434,-111.87211,27.1,34.8,879.3,123.38,0.9
52800.0,1309.3,2.07,0.04,2.07,40.73434,-111.87211,27.2,34.9,879.3,99.43,0.6
52860.0,1309.4,2.50,0.05,2.50,40.73434,-111.87211,27.3,34.6,879.3,96.84,0.6
52920.0,1309.4,2.66,0.04,2.66,40.73434,-111.87211,27.4,34.7,879.3,82.20,0.6
52980.0,1309.4,2.04,0.05,2.04,40.73434,-111.87211,27.6,34.4,879.3,85.07,0.6
53040.0,1309.4,1.61,0.05,1.61,40.73434,-111.87211,27.8,34.0,879.3,103.90,0.7
53100.0,1309.4,1.36,0.05,1.36,40.73434,-111.87210,27.8,34.4,879.3,97.30,0.8
53160.0,1309.2,1.88,0.04,1.88,40.73434,-111.87210,27.8,33.8,879.3,86.41,0.6
53220.0,1309.1,2.17,0.04,2.17,40.73434,-111.87210,27.6,32.9,879.4,76.03,0.5
53280.0,1309.1,1.67,0.04,1.67,40.73434,-111.87210,27.4,32.2,879.4,64.34,0.5
53340.0,1309.0,1.66,0.04,1.66,40.73434,-111.87210,27.4,31.9,879.4,86.57,0.5
53400.0,1308.9,1.34,0.05,1.34,40.73434,-111.87210,27.6,32.2,879.4,93.31,0.5
53460.0,1308.9,1.64,0.04,1.64,40.73434,-111.87210,27.8,32.2,879.4,94.32,0.4
53520.0,1308.8,2.26,0.04,2.26,40.73434,-111.87210,27.9,32.1,879.4,95.22,0.6
53580.0,1308.8,2.35,0.04,2.35,40.73434,-111.87210,27.9,31.3,879.4,81.62,0.4
53640.0,1308.8,2.23,0.05,2.23,40.73434,-111.87211,27.9,30.9,879.4,86.93,0.5
53700.0,1308.7,2.05,0.04,2.05,40.73434,-111.87211,28.0,31.0,879.4,91.04,0.5
53760.0,1308.6,2.20,0.05,2.20,40.73434,-111.87211,28.2,31.1,879.4,81.94,0.3
53820.0,1308.8,2.22,0.04,2.22,40.73434,-111.87211,28.2,30.7,879.4,72.72,0.2
53880.0,1308.8,2.62,0.04,2.62,40.73434,-111.87211,28.2,30.9,879.4,71.17,0.4
53940.0,1308.8,2.99,0.05,2.99,40.73434,-111.87211,28.1,31.0,879.4,74.60,0.4
54000.0,1308.8,3.04,0.05,3.04,40.73434,-111.87211,28.1,31.0,879.4,81.46,0.5
54060.0,1308.8,2.52,0.05,2.52,40.73434,-111.87211,28.0,31.2,879.4,78.28,0.5
54120.0,1308.9,2.04,0.05,2.04,40.73434,-111.87211,28.0,31.3,879.4,83.29,0.5
54180.0,1308.9,2.20,0.04,2.20,40.73434,-111.87211,28.1,31.3,879.4,77.30,0.5
54240.0,1308.9,2.61,0.05,2.61,40.73433,-111.87211,28.1,29.9,879.4,99.88,0.4
54300.0,1308.9,3.08,0.04,3.08,40.73434,-111.87211,28.1,30.2,879.4,107.38,0.6
54360.0,1308.8,2.53,0.04,2.53,40.73434,-111.87211,28.0,30.6,879.4,76.77,0.4
54420.0,1309.0,2.15,0.04,2.15,40.73433,-111.87211,28.1,30.0,879.4,97.24,0.2
54480.0,1309.1,2.57,0.04,2.57,40.73433,-111.87211,28.1,30.0,879.4,83.50,0.3
54540.0,1309.0,2.06,0.05,2.06,40.73433,-111.87211,28.1,29.7,879.4,76.49,0.5
54600.0,1309.3,1.93,0.04,1.93,40.73433,-111.87211,28.0,30.1,879.4,92.63,0.4
54660.0,1309.5,2.01,0.05,2.01,40.73433,-111.87211,28.0,29.9,879.4,95.62,0.3
54720.0,1309.3,1.97,0.05,1.97,40.73433,-111.87211,28.0,30.1,879.4,73.90,0.4
54780.0,1308.9,2.08,0.05,2.08,40.73433,-111.87210,28.0,30.0,879.4,98.73,0.3
54840.0,1308.8,2.14,0.04,2.14,40.73433,-111.87210,27.9,30.0,879.4,106.67,0.4
54900.0,1308.9,2.13,0.05,2.13,40.73433,-111.87210,27.9,30.4,879.4,90.64,0.4
54960.0,1309.2,2.03,0.04,2.03,40.73433,-111.87210,27.8,30.7,879.4,60.66,0.4
55020.0,1309.0,1.61,0.04,1.61,40.73433,-111.87210,27.8,31.0,879.4,71.06,0.4
55080.0,1308.9,1.61,0.05,1.61,40.73433,-111.87210,28.0,30.6,879.3,76.55,0.5
55140.0,1308.8,1.65,0.05,1.65,40.73433,-111.87210,28.3,30.6,879.3,77.30,0.3
55200.0,1308.8,1.84,0.05,1.84,40.73433,-111.87210,28.6,30.0,879.3,75.11,0.4
55260.0,1308.7,1.71,0.05,1.71,40.73433,-111.87210,28.8,30.2,879.2,74.56,0.5
55320.0,1308.7,1.33,0.05,1.33,40.73433,-111.87210,28.9,29.6,879.2,101.07,0.5
55380.0,1308.7,1.45,0.04,1.45,40.73433,-111.87210,28.8,29.1,879.2,91.80,0.4
55440.0,1308.8,1.46,0.04,1.46,40.73433,-111.87210,28.8,29.2,878.8,89.86,0.5
55500.0,1308.7,1.36,0.04,1.36,40.73433,-111.87210,28.7,29.2,878.9,92.22,0.5
55560.0,1308.8,1.64,0.04,1.64,40.73433,-111.87210,28.5,29.8,879.0,118.67,0.9
55620.0,1308.8,1.73,0.04,1.73,40.73434,-111.87210,28.4,29.1,879.1,117.50,1.1
55680.0,1308.8,1.96,0.05,1.96,40.73434,-111.87210,28.5,29.9,879.0,116.01,0.8
55740.0,1308.6,1.44,0.04,1.44,40.73434,-111.87210,28.5,30.3,878.8,102.07,0.9
55800.0,1308.6,1.72,0.04,1.72,40.73434,-111.87210,28.7,28.7,878.9,100.81,0.7
55860.0,1308.4,1.92,0.04,1.92,40.73434,-111.87210,28.8,28.6,878.9,93.69,0.7
55920.0,1308.3,2.15,0.04,2.15,40.73434,-111.87210,29.0,28.0,879.0,124.25,0.9
55980.0,1308.3,2.44,0.05,2.44,40.73434,-111.87210,29.4,27.5,879.0,130.11,0.6
56040.0,1308.3,2.33,0.04,2.33,40.73434,-111.87210,29.6,27.4,879.0,100.67,0.8
56100.0,1308.3,1.83,0.04,1.83,40.73434,-111.87210,29.9,27.2,879.1,169.70,0.7
56160.0,1308.2,2.10,0.04,2.10,40.73434,-111.87210,30.1,27.0,879.1,174.26,1.6
56220.0,1308.2,2.29,0.04,2.29,40.73434,-111.87210,30.4,27.2,879.1,182.23,1.3
56280.0,1308.1,3.01,0.04,3.01,40.73434,-111.87210,30.7,27.3,879.1,134.65,1.1
56340.0,1308.2,3.00,0.04,3.00,40.73434,-111.87210,30.8,28.9,879.1,134.59,1.4
56400.0,1308.4,3.30,0.04,3.30,40.73434,-111.87210,31.0,27.7,879.1,172.22,1.6
56460.0,1308.5,3.33,0.04,3.33,40.73434,-111.87210,31.1,27.7,879.1,158.75,1.6
56520.0,1308.6,3.41,0.04,3.41,40.73434,-111.87210,31.2,28.4,879.1,140.12,1.4
56580.0,1308.5,3.65,0.04,3.65,40.73434,-111.87210,31.3,28.0,879.1,134.07,0.5
56640.0,1308.5,3.35,0.04,3.35,40.73434,-111.87210,31.5,27.5,879.1,177.83,1.0
56700.0,1308.4,3.40,0.05,3.40,40.73434,-111.87210,31.6,27.3,879.1,192.16,1.8
56760.0,1308.3,3.50,0.05,3.50,40.73434,-111.87210,31.7,27.2,879.2,173.29,1.5
56820.0,1308.4,3.48,0.05,3.48,40.73434,-111.87210,31.8,27.2,879.1,155.24,0.6
56880.0,1308.5,3.26,0.04,3.26,40.73434,-111.87210,31.8,27.0,879.0,173.00,1.2
56940.0,1308.5,3.51,0.04,3.51,40.73434,-111.87210,31.8,26.8,879.1,162.54,0.8
57000.0,1308.6,3.31,0.04,3.31,40.73434,-111.87210,31.8,26.7,879.1,142.21,0.6
57060.0,1308.6,3.14,0.05,3.14,40.73434,-111.87210,31.9,26.9,879.0,179.30,0.6
57120.0,1308.6,3.11,0.04,3.11,40.73434,-111.87210,32.0,26.7,879.0,152.51,1.3
57180.0,1308.6,2.97,0.04,2.97,40.73434,-111.87210,32.0,26.6,879.0,136.06,0.8
57240.0,1308.5,3.06,0.04,3.06,40.73434,-111.87210,31.9,26.9,879.0,126.71,1.5
57300.0,1308.4,3.09,0.05,3.09,40.73434,-111.87210,31.9,26.9,879.1,121.55,1.2
57360.0,1308.5,3.11,0.05,3.11,40.73434,-111.87210,31.9,26.5,879.0,133.49,1.1
57420.0,1308.6,2.88,0.04,2.88,40.73434,-111.87210,32.0,26.8,879.1,148.52,2.0
57480.0,1308.5,2.86,0.05,2.86,40.73434,-111.87210,31.7,28.0,879.1,123.60,2.1
57540.0,1308.2,2.64,0.05,2.64,40.73433,-111.87210,31.3,27.0,879.2,115.55,2.0
57600.0,1308.1,2.30,0.05,2.30,40.73433,-111.87210,31.1,27.4,879.1,112.68,1.7
57660.0,1308.0,2.36,0.04,2.36,40.73433,-111.87210,31.1,27.0,879.1,119.39,1.2
57720.0,1308.2,2.40,0.05,2.40,40.73434,-111.87210,31.2,27.8,879.1,106.80,1.0
57780.0,1308.2,2.52,0.05,2.52,40.73434,-111.87210,31.1,27.2,879.2,114.13,1.4
57840.0,1307.7,2.17,0.05,2.17,40.73434,-111.87210,31.1,27.0,878.6,100.46,0.7
57900.0,1307.7,2.08,0.05,2.08,40.73434,-111.87210,31.3,26.8,878.6,98.89,0.7
57960.0,1308.1,2.42,0.05,2.42,40.73434,-111.87210,31.2,26.6,878.5,61.96,0.5
58020.0,1308.3,1.94,0.05,1.94,40.73434,-111.87210,31.2,26.3,878.6,89.61,0.8
58080.0,1308.3,1.56,0.05,1.56,40.73434,-111.87210,31.3,26.3,878.6,113.40,1.1
58140.0,1308.5,1.86,0.05,1.86,40.73433,-111.87210,31.3,26.8,878.6,104.21,1.2
58200.0,1308.1,2.11,0.04,2.11,40.73433,-111.87210,31.2,25.9,878.6,124.70,2.5
58260.0,1308.3,2.25,0.05,2.25,40.73433,-111.87210,31.1,26.3,878.6,116.09,1.8
58320.0,1308.6,1.88,0.04,1.88,40.73433,-111.87210,31.0,25.8,878.6,128.26,1.9
58380.0,1308.6,1.76,0.04,1.76,40.73433,-111.87210,31.3,26.2,878.6,137.67,1.3
58440.0,1308.5,1.41,0.05,1.41,40.73433,-111.87210,31.5,26.6,878.6,120.76,1.2
58500.0,1307.7,1.54,0.05,1.54,40.73433,-111.87210,31.5,27.0,878.6,111.84,1.5
58560.0,1307.6,1.64,0.05,1.64,40.73433,-111.87210,31.4,26.9,878.6,120.52,2.4
58620.0,1307.4,1.64,0.06,1.64,40.73433,-111.87210,31.3,26.6,878.6,122.74,2.6
58680.0,1307.7,1.78,0.05,1.78,40.73433,-111.87210,31.0,26.5,878.6,128.56,3.0
58740.0,1307.6,1.60,0.05,1.60,40.73433,-111.87211,31.0,26.7,878.6,131.20,2.1
58800.0,1307.5,1.82,0.06,1.82,40.73433,-111.87211,31.0,26.8,878.6,133.14,2.1
58860.0,1307.4,1.53,0.06,1.53,40.73433,-111.87211,31.1,26.7,878.6,125.34,1.4
58920.0,1307.4,1.82,0.05,1.82,40.73433,-111.87211,31.0,27.4,878.6,122.32,2.8
58980.0,1307.4,1.97,0.05,1.97,40.73433,-111.87211,30.9,27.6,878.6,125.10,3.0
59040.0,1307.4,2.46,0.05,2.46,40.73433,-111.87211,30.7,27.5,878.6,118.20,2.3
59100.0,1307.4,2.61,0.06,2.61,40.73433,-111.87211,30.8,27.4,878.6,116.31,1.5
59160.0,1307.6,2.25,0.04,2.25,40.73433,-111.87211,31.0,27.6,878.6,131.65,1.5
59220.0,1307.6,1.62,0.04,1.62,40.73433,-111.87211,31.0,27.5,878.6,113.33,1.4
59280.0,1307.5,1.10,0.05,1.10,40.73433,-111.87211,31.2,27.1,878.6,111.91,1.4
59340.0,1307.5,0.99,0.04,0.99,40.73433,-111.87211,31.2,27.4,878.6,133.34,2.1
59400.0,1307.5,0.72,0.04,0.72,40.73433,-111.87211,31.3,27.0,878.6,153.28,2.7
59460.0,1307.5,1.39,0.04,1.39,40.73433,-111.87211,31.5,26.8,878.6,151.27,1.4
59520.0,1307.5,1.72,0.05,1.72,40.73433,-111.87211,31.6,27.7,878.6,119.11,1.3
59580.0,1307.8,1.80,0.04,1.80,40.73433,-111.87211,31.4,27.9,878.6,111.10,2.6
59640.0,1307.8,1.91,0.04,1.91,40.73434,-111.87211,31.2,27.4,878.6,111.63,2.3
59700.0,1307.8,2.15,0.05,2.15,40.73434,-111.87211,31.2,27.6,878.6,116.10,2.2
59760.0,1307.9,1.97,0.05,1.97,40.73434,-111.87211,31.4,26.4,878.6,135.62,1.1
59820.0,1307.9,1.99,0.05,1.99,40.73434,-111.87211,31.6,26.1,878.6,146.05,1.3
59880.0,1308.1,2.35,0.04,2.35,40.73434,-111.87211,31.5,26.9,878.6,125.38,2.3
59940.0,1308.3,2.55,0.05,2.55,40.73434,-111.87211,31.8,26.1,878.6,136.93,1.4
60000.0,1308.3,2.76,0.05,2.76,40.73434,-111.87211,31.7,26.0,878.6,112.39,1.1
60060.0,1308.3,2.53,0.05,2.53,40.73434,-111.87211,31.7,26.6,878.6,115.18,1.5
60120.0,1308.5,2.10,0.05,2.10,40.73434,-111.87211,31.8,26.3,878.6,143.26,1.8
60180.0,1308.5,2.43,0.05,2.43,40.73434,-111.87211,32.1,25.7,878.6,130.29,0.6
60240.0,1308.4,2.27,0.05,2.27,40.73434,-111.87211,32.2,25.8,878.6,141.98,2.0
60300.0,1308.3,2.13,0.05,2.13,40.73434,-111.87211,32.2,25.8,878.6,139.76,2.2
60360.0,1308.3,2.14,0.05,2.14,40.73434,-111.87211,32.3,25.5,878.6,126.00,0.8
60420.0,1308.4,2.16,0.05,2.16,40.73434,-111.87211,32.6,25.4,878.6,165.24,0.2
60480.0,1308.5,2.59,0.05,2.59,40.73434,-111.87211,32.9,25.0,878.6,148.21,0.1
60540.0,1308.6,2.74,0.05,2.74,40.73434,-111.87211,33.1,24.8,878.6,145.33,0.6
60600.0,1308.8,2.68,0.05,2.68,40.73434,-111.87211,33.1,24.4,878.6,153.68,1.0
60660.0,1308.7,2.66,0.05,2.66,40.73434,-111.87211,33.1,24.6,878.6,148.17,1.4
60720.0,1308.7,2.07,0.06,2.07,40.73434,-111.87211,33.2,25.0,878.6,169.22,1.1
60780.0,1308.7,1.73,0.05,1.73,40.73434,-111.87211,33.1,24.7,878.6,154.49,1.2
60840.0,1308.7,2.03,0.05,2.03,40.73434,-111.87211,33.0,24.8,878.6,117.29,1.2
60900.0,1308.7,2.31,0.05,2.31,40.73434,-111.87211,32.7,24.9,878.6,120.61,1.7
60960.0,1308.7,2.34,0.05,2.34,40.73434,-111.87211,32.5,25.2,878.6,159.80,2.1
61020.0,1308.8,2.15,0.05,2.15,40.73434,-111.87211,32.2,25.1,878.6,163.19,3.6
61080.0,1308.8,1.99,0.05,1.99,40.73434,-111.87211,32.2,25.1,878.6,173.95,1.4
61140.0,1308.9,1.55,0.05,1.55,40.73434,-111.87211,32.2,25.3,878.5,156.80,1.7
61200.0,1309.0,1.55,0.05,1.55,40.73434,-111.87211,32.1,25.5,878.5,140.17,1.1
61260.0,1308.9,1.88,0.05,1.88,40.73434,-111.87211,32.1,25.8,878.4,252.55,0.8
61320.0,1308.9,2.34,0.06,2.34,40.73434,-111.87211,32.2,25.9,878.4,204.84,0.6
61380.0,1308.8,1.95,0.05,1.95,40.73434,-111.87211,32.4,25.5,878.5,174.09,1.8
61440.0,1308.7,2.20,0.05,2.20,40.73434,-111.87211,32.5,25.5,878.4,162.44,1.3
61500.0,1308.7,2.65,0.05,2.65,40.73434,-111.87211,32.4,26.4,878.4,130.90,2.4
61560.0,1308.7,3.03,0.05,3.03,40.73434,-111.87211,32.1,27.0,878.5,120.55,3.5
61620.0,1308.9,2.29,0.05,2.29,40.73434,-111.87211,32.0,26.4,878.4,143.21,3.0
61680.0,1308.8,1.99,0.05,1.99,40.73434,-111.87211,32.1,26.1,878.5,143.81,2.0
61740.0,1308.7,2.30,0.04,2.30,40.73434,-111.87211,32.3,25.5,878.5,182.35,2.0
61800.0,1308.6,2.54,0.04,2.54,40.73434,-111.87211,32.1,25.3,878.5,174.55,3.3
61860.0,1308.8,2.56,0.05,2.56,40.73434,-111.87211,32.2,25.5,878.5,163.36,2.1
61920.0,1308.7,2.59,0.04,2.59,40.73434,-111.87211,32.1,25.5,878.5,206.59,3.0
61980.0,1308.8,2.62,0.04,2.62,40.73434,-111.87211,32.1,25.6,878.6,173.75,3.1
62040.0,1308.8,2.45,0.05,2.45,40.73434,-111.87211,32.1,25.7,878.5,160.41,3.1
62100.0,1308.8,2.16,0.04,2.16,40.73434,-111.87211,32.1,26.3,878.5,150.91,2.4
62160.0,1308.6,2.42,0.06,2.42,40.73434,-111.87211,32.4,25.9,878.5,144.55,1.8
62220.0,1308.6,2.54,0.05,2.54,40.73434,-111.87211,32.2,27.1,878.5,120.03,2.9
62280.0,1308.5,2.52,0.05,2.52,40.73434,-111.87211,32.1,26.7,878.5,145.92,3.8
62340.0,1308.4,2.26,0.04,2.26,40.73434,-111.87211,32.1,26.6,878.5,141.92,2.7
62400.0,1308.5,2.13,0.05,2.13,40.73434,-111.87211,32.3,25.6,878.5,157.29,1.2
62460.0,1308.3,2.03,0.05,2.03,40.73434,-111.87211,32.5,25.1,878.5,175.52,1.3
