CampaignData_and_Merges/R0/CSL_MobileLab_Parked/raw/20240811/USOS-NOAAIodideCIMS-HNO2_MobileLabGround_20240811_RA.ict
33, 1001
Michael A Robinson, Chris Jernigan, Subi Thakali
NOAA ESRL Chemical Sciences Laboratory and CIRES, U. of Colorado
NOAA Iodide CIMS Instrument
USOS
1, 1
2024, 08, 11, 2024, 08, 13
1
starttime_UTC, seconds_past_midnight, seconds_of_day_since_00:00:00_UTC
1
1
-9999
HNO2_NOAACIMS, pptv, Gas_HNO2_InSitu_S_AVMR, 
0
18
PI_CONTACT_INFO: 325 Broadway, R/CSD 7, Boulder, Colorado 80305; michael.a.robinson@noaa.gov; chris.jernigan@noaa.gov;
PLATFORM: NOAA CSL Mobile Lab
LOCATION: SLC, Utah
ASSOCIATED_DATA: 1Hz data also available on request.
INSTRUMENT_INFO: NOAA I- ToF CIMS
DATA_INFO: All data in parts per trillion by volume (pptv). 1 Hz data is available upon request.
UNCERTAINTY: TBD
ULOD_FLAG: -7777
ULOD_VALUE: N/A
LLOD_FLAG: -8888
LLOD_VALUE: N/A
DM_CONTACT_INFO: Nathan Howard; nathan.h.howard@noaa.gov
PROJECT_INFO: USOS, summer 2024. https://csl.noaa.gov/groups/csl7/measurements/2024usos/
STIPULATIONS_ON_USE: Users are strongly encouraged to contact the PI for proper data usage.
OTHER_COMMENTS: 
REVISION: RA
RA: Preliminary Data; For in-field use only
starttime_UTC, HNO2_NOAACIMS
[from data line 1010]
 60600, 81.190
 60660, 83.286
 60720, 82.342
 60780, 58.643
 60840, 70.283
 60900, 74.740
 60960, 67.699
 61020, 68.589
 61080, 61.219
 61140, 67.304
 61200, 84.386
 61260, 94.770
 61320, 107.687
 61380, 83.681
 61440, 106.371
 61500, 119.783
 61560, 97.744
 61620, 83.679
 61680, 91.235
 61740, 79.483
 61800, 77.183
 61860, 78.626
 61920, 83.502
 61980, 74.555
 62040, 83.486
 62100, 96.300
 62160, 93.526
 62220, 83.396
 62280, 94.077
 62340, 97.611
 62400, 89.232
 62460, 87.559
 62520, 68.881
 62580, 104.071
 62640, 83.872
 62700, 97.999
 62760, 78.630
 62820, 82.842
 62880, 93.695
 62940, 99.067
 63000, 84.094
 63060, 73.794
 63120, 79.408
 63180, 77.386
 63240, 78.133
 63300, 79.069
 63360, 83.821
 63420, 82.670
 63480, 92.938
 63540, 93.208
 63600, 77.567
 63660, 86.166
 63720, 69.577
 63780, 82.362
 63840, 80.159
 63900, 91.790
 63960, 81.737
 64020, 76.517
 64080, 77.911
 64140, 78.676
 64200, 85.629
 64260, 87.239
 64320, 81.256
 64380, 80.392
 64440, 79.179
 64500, 86.839
 64560, 77.997
 64620, 74.746
 64680, 69.405
 64740, 85.633
 64800, -9999.000
 64860, 93.005
 64920, 67.581
 64980, 98.890
 65040, 106.749
 65100, 76.633
 65160, 62.287
 65220, 70.470
 65280, 70.409
 65340, 70.517
 65400, 76.936
 65460, 62.368
 65520, 74.420
 65580, 63.895
 65640, 64.541
 65700, 78.348
 65760, 65.613
 65820, 69.552
 65880, 73.783
 65940, 63.592
 66000, 75.357
 66060, 66.519
 66120, 74.709
 66180, 85.432
 66240, 73.214
 66300, 69.434
 66360, 72.832
 66420, 62.559
 66480, 66.246
 66540, 73.472
 66600, 82.410
 66660, -9999.000
 66720, 70.594
 66780, 58.485
 66840, 75.824
 66900, 75.098
 66960, 66.549
 67020, 75.024
 67080, 72.070
 67140, 89.392
 67200, 62.556
 67260, 70.389
 67320, 75.924
 67380, 70.760
 67440, 80.539
 67500, 57.518
 67560, 61.414
 67620, 65.330
 67680, 60.407
 67740, 56.667
 67800, 53.368
 67860, 70.433
 67920, 72.018
 67980, 73.494
 68040, 69.334
 68100, 69.284
 68160, 68.300
 68220, 74.553
 68280, 72.336
 68340, 63.332
 68400, 69.539
 68460, 79.381
 68520, -9999.000
 68580, 63.601
 68640, 59.387
 68700, 60.693
 68760, 63.219
 68820, 62.571
 68880, 54.076
 68940, 69.744
 69000, 68.009
 69060, 64.171
 69120, 46.467
 69180, 55.678
 69240, 53.537
 69300, 50.873
 69360, 64.606
 69420, 55.183
 69480, 65.572
 69540, 59.276
 69600, 63.732
 69660, 52.445
 69720, 59.992
 69780, 74.124
 69840, 67.569
 69900, 43.966
 69960, 54.734
 70020, 77.360
 70080, 73.269
 70140, 68.211
 70200, 74.092
 70260, 68.743
 70320, 60.772
 70380, 77.976
 70440, 82.916
 70500, 68.095
 70560, 67.942
 70620, 65.041
 70680, 54.657
 70740, 58.557
 70800, 54.263
 70860, 57.490
 70920, 52.994
 70980, 60.085
 71040, 63.807
 71100, 48.028
 71160, 61.128
 71220, 54.977
 71280, 46.870
 71340, 48.502
 71400, 36.976
 71460, 46.600
 71520, 46.317
 71580, 38.641
 71640, 35.117
 71700, 66.939
 71760, 62.768
 71820, 65.579
 71880, 50.668
 71940, 59.566
 72000, 54.830
 72060, 47.001
 72120, 52.389
 72180, -9999.000
 72240, 49.643
 72300, 48.540
 72360, 55.341
 72420, 57.380
 72480, 64.493
 72540, 65.862
 72600, 66.309
 72660, 61.326
 72720, 53.786
 72780, 59.743
 72840, 61.758
 72900, 46.055
 72960, 51.378
 73020, 55.238
 73080, 53.564
 73140, 59.600
 73200, 67.389
 73260, 51.034
 73320, 51.176
 73380, 60.156
 73440, 51.428
 73500, 42.766
 73560, 28.366
 73620, 46.657
 73680, 39.002
 73740, 38.737
 73800, 30.593
 73860, 41.812
 73920, 44.379
 73980, 41.916
 74040, -9999.000
 74100, 36.719
 74160, 43.443
 74220, 63.131
 74280, 51.863
 74340, 45.820
 74400, 43.891
 74460, 46.780
 74520, 61.207
 74580, 57.009
 74640, 41.439
 74700, 46.621
 74760, 40.217
 74820, 50.987
 74880, 43.521
 74940, 49.493
 75000, 47.177
 75060, 39.264
 75120, 52.776
 75180, 57.613
 75240, 58.417
 75300, 59.880
 75360, 54.070
 75420, 60.589
 75480, 74.540
 75540, 52.976
 75600, 62.763
 75660, 53.567
 75720, 51.781
 75780, 51.727
 75840, 48.606
 75900, -9999.000
 75960, 42.425
 76020, 42.359
 76080, 46.761
 76140, 52.620
 76200, 46.630
 76260, 54.731
 76320, 54.762
 76380, 41.771
 76440, 34.678
 76500, 29.589
 76560, 31.265
 76620, 35.586
 76680, 29.406
 76740, 47.425
 76800, 44.240
 76860, 49.824
 76920, 46.238
 76980, 34.252
 77040, 36.877
 77100, 29.265
 77160, 30.469
 77220, 34.103
 77280, 40.439
 77340, 34.921
 77400, 29.227
 77460, 37.526
 77520, 47.576
 77580, 39.116
 77640, 34.294
 77700, 32.966
 77760, 34.040
 77820, 30.753
 77880, 35.950
 77940, 26.646
 78000, 32.534
 78060, 30.121
 78120, 34.277
 78180, 36.981
 78240, 30.864
 78300, 44.908
 78360, 43.903
 78420, 31.371
 78480, 27.391
 78540, 35.102
 78600, 42.617
 78660, 31.709
 78720, 24.342
 78780, 37.259
 78840, 34.942
 78900, 30.197
 78960, 22.559
 79020, 22.601
 79080, 19.802
 79140, 27.677
 79200, 15.341
 79260, 23.838
 79320, 26.371
 79380, 34.186
 79440, 30.929
 79500, 22.620
 79560, 11.701
 79620, 30.283
 79680, 34.166
 79740, 28.472
 79800, 19.428
 79860, 22.656
 79920, 22.489
 79980, 21.728
 80040, 22.915
 80100, 20.722
 80160, 27.004
 80220, 22.023
 80280, 33.310
 80340, 33.803
 80400, 19.975
 80460, 31.392
 80520, 33.197
 80580, 19.000
 80640, 20.638
 80700, 27.109
 80760, 32.988
 80820, 27.503
 80880, 25.714
 80940, 29.414
 81000, 26.331
 81060, 35.126
 81120, 35.905
 81180, 20.163
 81240, 25.150
 81300, 20.889
 81360, 21.944
 81420, 19.240
 81480, 37.468
 81540, 24.709
 81600, 33.067
 81660, 35.062
 81720, 41.387
 81780, 37.675
 81840, 31.262
 81900, 35.056
 81960, 30.185
 82020, 29.669
 82080, 42.389
 82140, 20.732
 82200, 22.383
 82260, 24.833
 82320, 26.516
 82380, 33.617
 82440, 30.559
 82500, 27.744
 82560, 25.075
 82620, 27.238
 82680, 24.707
 82740, 38.595
 82800, 28.369
 82860, 26.158
 82920, 28.041
 82980, 33.104
 83040, 34.018
 83100, 33.379
 83160, 37.084
 83220, 36.149
 83280, -9999.000
 83340, 39.521
 83400, 44.602
 83460, 30.187
 83520, 27.987
 83580, 33.506
 83640, 29.593
 83700, 31.967
 83760, 43.990
 83820, 43.676
 83880, 46.432
 83940, 33.781
 84000, 24.882
 84060, 22.184
 84120, 30.050
 84180, 21.452
 84240, 20.097
 84300, 16.900
 84360, 19.623
 84420, 29.190
 84480, 20.608
 84540, 16.865
 84600, 25.620
 84660, 28.483
 84720, 36.322
 84780, 23.869
 84840, 25.892
 84900, 25.089
 84960, 39.393
 85020, 44.824
 85080, 31.076
 85140, 45.874
 85200, 49.679
 85260, 25.341
 85320, 52.207
 85380, 42.243
 85440, 42.193
 85500, 41.772
 85560, 41.815
 85620, 53.982
 85680, 26.531
 85740, 30.075
 85800, 29.692
 85860, 28.202
 85920, 29.105
 85980, 32.376
 86040, 39.691
 86100, 36.890
 86160, 23.701
 86220, 36.481
 86280, 32.778
 86340, 28.429
