CampaignData_and_Merges/R0/CSL_MobileLab_Parked/raw/20240811/USOS-MetNav_MobileLabGround_20240811_R0.ict
44, 1001
Carrie Womack, Nate Howard, Mike Zucker
NOAA Chemical Sciences Laboratory
Mobile Lab MetNav Station
USOS
1, 1
2024, 08, 11, 2024, 12, 21
60
Time_Start, seconds_past_midnight, Seconds from midnight UTC
11
1, 1, 1, 1, 1, 1, 1, 1, 1, 1, 1
-9999, -9999, -9999, -9999, -9999, -9999, -9999, -9999, -9999, -9999, -9999
GPS_Alt_m, meters, Altitude from Differential GPS
GPS_Course_deg, degrees, Course from Differential GPS
GPS_GndSpd_m_s, m/s, Ground Speed from Differential GPS
GPS_Heading_deg, degrees, Heading from Differential GPS
GPS_Lat_deg, degrees, Latitude from Differential GPS
GPS_Lon_deg, degrees, Longitude from Differential GPS
AirTemp_C, Celsius, Air Temperature from Airmar
RelHumidity_pct, percent, Relative Humidity from Airmar
Pressure_mb, millibars, Pressure from Honeywell
WindDir_calc_deg, degrees, Wind Direction from Airmar corrected for van movement
WindSpd_calc_m_s, m/s, Wind Speed from Airmar corrected for van movement
1
SPECIAL COMMENTS:
18
PI_CONTACT_INFO: Address: 325 Broadway R/CSL7, Boulder, CO, 80305
PLATFORM: CSL Mobile Lab
LOCATION: Salt Lake City, UT
ASSOCIATED_DATA: N/A
INSTRUMENT_INFO: N/A
DATA_INFO: Units:
UNCERTAINTY: N/A
ULOD_FLAG: -7777
ULOD_VALUE: N/A
LLOD_FLAG: -8888
LLOD_VALUE: N/A
DM_CONTACT_INFO: Data Manager: Nate Howard
PROJECT_INFO: 
STIPULATIONS_ON_USE: Use of these data require prior ok from PI.
OTHER_COMMENTS: 
REVISION: R0
R0: Final data. Fixed bug in wind averaging code. RA: Preliminary Data. For in-field use only. 
Time_Start, GPS_Alt_m, GPS_Course_deg, GPS_GndSpd_m_s, GPS_Heading_deg, GPS_Lat_deg, GPS_Lon_deg, AirTemp_C, RelHumidity_pct, Pressure_mb, WindDir_calc_deg, WindSpd_calc_m_s
[from data line 1043]
62580.0,1308.1,1.35,0.04,1.35,40.73433,-111.87211,32.7,25.7,878.4,148.52,2.4
62640.0,1308.0,1.51,0.05,1.51,40.73433,-111.87211,32.6,24.4,878.5,159.76,4.0
62700.0,1308.1,1.73,0.05,1.73,40.73433,-111.87211,32.5,25.4,878.4,148.39,3.6
62760.0,1308.2,1.87,0.04,1.87,40.73434,-111.87211,32.3,25.6,878.4,139.61,3.1
62820.0,1308.3,2.10,0.04,2.10,40.73434,-111.87211,32.2,26.1,878.4,134.33,3.2
62880.0,1308.4,2.89,0.04,2.89,40.73434,-111.87211,32.2,26.1,878.4,150.47,3.3
62940.0,1308.4,3.06,0.04,3.06,40.73434,-111.87211,32.3,25.7,878.4,170.28,2.6
63000.0,1308.5,2.38,0.04,2.38,40.73434,-111.87211,32.4,25.6,878.4,175.63,2.3
63060.0,1308.6,2.08,0.05,2.08,40.73434,-111.87211,32.3,25.5,878.4,165.24,3.7
63120.0,1308.5,2.30,0.04,2.30,40.73434,-111.87211,32.4,24.7,878.4,159.55,2.4
63180.0,1308.5,2.47,0.03,2.47,40.73434,-111.87211,32.4,25.1,878.4,168.55,3.0
63240.0,1308.4,1.94,0.04,1.94,40.73433,-111.87211,32.5,25.1,878.4,184.15,2.1
63300.0,1308.5,1.39,0.04,1.39,40.73433,-111.87211,32.6,24.9,878.4,200.18,2.0
63360.0,1308.5,1.30,0.04,1.30,40.73434,-111.87211,32.8,24.7,878.4,168.25,1.9
63420.0,1308.6,1.87,0.05,1.87,40.73434,-111.87211,32.9,24.8,878.4,184.87,2.2
63480.0,1308.7,1.84,0.05,1.84,40.73434,-111.87211,32.9,24.9,878.4,171.22,2.6
63540.0,1308.7,1.75,0.05,1.75,40.73434,-111.87211,32.9,25.3,878.4,138.88,2.9
63600.0,1308.8,2.08,0.05,2.08,40.73434,-111.87211,32.8,24.7,878.3,161.77,2.9
63660.0,1308.9,2.27,0.04,2.27,40.73434,-111.87211,32.8,25.2,878.3,151.28,2.6
63720.0,1309.1,2.13,0.05,2.13,40.73434,-111.87211,32.6,25.6,878.3,136.27,3.4
63780.0,1309.2,1.90,0.05,1.90,40.73434,-111.87211,32.7,25.3,878.3,176.23,2.4
63840.0,1308.9,2.16,0.05,2.16,40.73434,-111.87211,32.6,25.7,878.3,147.16,3.3
63900.0,1308.6,2.25,0.05,2.25,40.73433,-111.87211,32.9,25.0,878.3,183.69,1.6
63960.0,1308.8,2.12,0.05,2.12,40.73433,-111.87211,32.9,24.7,878.3,191.72,1.7
64020.0,1308.8,2.17,0.05,2.17,40.73433,-111.87211,33.0,25.0,878.3,143.04,2.3
64080.0,1308.8,1.87,0.05,1.87,40.73433,-111.87211,32.9,25.5,878.3,134.76,2.8
64140.0,1308.8,2.40,0.04,2.40,40.73433,-111.87211,32.7,25.9,878.3,120.30,3.0
64200.0,1308.9,2.27,0.04,2.27,40.73433,-111.87211,32.8,24.7,878.3,168.61,3.3
64260.0,1308.9,1.85,0.04,1.85,40.73433,-111.87211,32.8,24.8,878.3,179.73,1.8
64320.0,1308.9,1.67,0.04,1.67,40.73433,-111.87211,33.0,24.6,878.3,185.37,1.7
64380.0,1308.8,1.51,0.06,1.51,40.73433,-111.87211,33.2,24.4,878.3,183.66,1.4
64440.0,1308.9,1.64,0.05,1.64,40.73433,-111.87211,33.4,24.3,878.3,180.90,1.5
64500.0,1308.8,2.00,0.05,2.00,40.73433,-111.87211,33.5,24.1,878.3,179.07,1.3
64560.0,1308.9,2.26,0.05,2.26,40.73433,-111.87211,33.7,23.4,878.3,176.23,1.1
64620.0,1309.0,2.83,0.05,2.83,40.73433,-111.87211,33.8,23.0,878.1,152.30,1.4
64680.0,1309.0,3.10,0.05,3.10,40.73433,-111.87211,33.8,23.1,878.1,147.30,2.0
64740.0,1309.1,2.90,0.05,2.90,40.73433,-111.87211,33.9,23.5,878.1,162.61,1.7
64800.0,1309.0,2.82,0.04,2.82,40.73433,-111.87211,33.6,24.4,878.2,127.45,3.2
64860.0,1309.0,3.34,0.05,3.34,40.73434,-111.87211,33.5,24.4,878.2,144.96,2.8
64920.0,1309.3,2.89,0.05,2.89,40.73433,-111.87211,33.6,23.9,878.2,164.93,1.9
64980.0,1309.2,2.58,0.04,2.58,40.73434,-111.87211,33.7,24.0,878.2,143.03,1.7
65040.0,1309.1,2.53,0.05,2.53,40.73434,-111.87211,33.9,23.9,878.2,139.30,1.3
65100.0,1309.0,2.47,0.05,2.47,40.73434,-111.87211,33.9,23.2,878.2,170.47,2.9
65160.0,1309.1,2.23,0.05,2.23,40.73434,-111.87211,33.9,22.9,878.2,167.88,2.7
65220.0,1309.1,2.40,0.04,2.40,40.73434,-111.87211,33.8,22.7,878.2,164.38,2.7
65280.0,1309.5,2.09,0.05,2.09,40.73434,-111.87211,34.0,22.9,878.2,171.34,1.6
65340.0,1309.3,1.35,0.04,1.35,40.73434,-111.87211,34.1,22.8,878.2,159.86,1.6
65400.0,1309.5,0.67,0.04,0.67,40.73434,-111.87211,34.2,22.8,878.1,166.66,0.8
65460.0,1309.5,1.09,0.05,1.09,40.73434,-111.87211,34.3,22.5,878.2,173.52,2.1
65520.0,1309.8,0.81,0.05,0.81,40.73434,-111.87211,34.3,22.3,878.2,160.35,2.4
65580.0,1309.9,0.94,0.05,0.94,40.73434,-111.87211,34.4,22.4,878.2,196.03,1.6
65640.0,1309.9,1.42,0.05,1.42,40.73434,-111.87211,34.3,22.3,878.2,191.60,2.3
65700.0,1310.1,1.71,0.04,1.71,40.73434,-111.87211,34.4,22.3,878.2,171.58,1.5
65760.0,1310.6,1.41,0.05,1.41,40.73434,-111.87211,34.4,22.6,878.2,146.87,1.0
65820.0,1310.5,1.33,0.05,1.33,40.73434,-111.87211,34.4,21.9,878.2,170.53,2.2
65880.0,1310.6,1.74,0.05,1.74,40.73434,-111.87211,34.6,22.2,878.1,163.53,1.3
65940.0,1310.5,1.87,0.05,1.87,40.73434,-111.87211,34.5,22.2,878.1,174.98,2.8
66000.0,1310.0,2.10,0.05,2.10,40.73434,-111.87211,34.5,22.3,878.1,178.46,2.6
66060.0,1310.2,1.78,0.05,1.78,40.73434,-111.87211,34.4,22.0,878.1,194.80,2.8
66120.0,1310.2,1.73,0.05,1.73,40.73434,-111.87211,34.4,22.2,878.1,179.48,1.4
66180.0,1310.3,1.75,0.05,1.75,40.73434,-111.87211,34.5,22.2,878.1,221.93,0.6
66240.0,1310.2,1.76,0.05,1.76,40.73434,-111.87211,34.7,21.8,878.1,186.01,0.6
66300.0,1310.0,1.95,0.05,1.95,40.73434,-111.87211,34.9,21.4,878.1,175.47,1.0
66360.0,1309.6,1.87,0.05,1.87,40.73434,-111.87211,35.0,21.5,878.1,187.56,1.5
66420.0,1309.5,1.94,0.04,1.94,40.73434,-111.87211,34.7,21.7,878.1,171.88,3.2
66480.0,1309.5,1.93,0.05,1.93,40.73434,-111.87211,34.7,21.9,878.1,192.38,2.4
66540.0,1309.3,1.69,0.05,1.69,40.73434,-111.87211,34.7,22.0,878.1,172.60,0.8
66600.0,1309.0,1.71,0.04,1.71,40.73434,-111.87211,34.7,22.0,878.1,184.19,2.0
66660.0,1309.1,2.02,0.05,2.02,40.73434,-111.87211,34.3,22.8,878.1,123.78,3.7
66720.0,1309.2,2.79,0.04,2.79,40.73434,-111.87211,33.9,22.4,878.0,128.85,4.1
66780.0,1309.1,3.08,0.05,3.08,40.73434,-111.87211,33.9,23.0,878.0,144.59,2.6
66840.0,1309.2,2.39,0.05,2.39,40.73434,-111.87211,33.9,23.0,878.0,164.73,3.0
66900.0,1309.2,2.34,0.04,2.34,40.73434,-111.87211,34.0,23.0,878.0,177.99,1.9
66960.0,1309.1,2.01,0.05,2.01,40.73434,-111.87211,34.0,23.1,878.0,166.50,3.0
67020.0,1308.9,1.98,0.05,1.98,40.73434,-111.87211,34.0,23.3,878.0,188.33,2.2
67080.0,1308.7,2.00,0.04,2.00,40.73434,-111.87211,34.0,23.1,878.0,166.90,3.4
67140.0,1308.5,1.75,0.04,1.75,40.73434,-111.87211,34.1,23.3,878.0,165.91,2.1
67200.0,1308.4,1.72,0.05,1.72,40.73434,-111.87211,34.3,22.7,878.0,172.35,1.3
67260.0,1308.4,2.04,0.05,2.04,40.73434,-111.87211,34.5,22.8,878.0,191.34,1.5
67320.0,1308.2,2.26,0.05,2.26,40.73434,-111.87211,34.6,23.1,877.9,156.15,1.6
67380.0,1308.2,2.17,0.05,2.17,40.73434,-111.87211,34.6,22.7,877.9,245.16,0.3
67440.0,1308.2,1.99,0.04,1.99,40.73434,-111.87211,34.8,22.3,877.9,213.50,0.4
67500.0,1308.2,2.25,0.05,2.25,40.73434,-111.87211,34.8,21.8,877.9,190.17,2.2
67560.0,1308.2,2.33,0.06,2.33,40.73434,-111.87211,34.9,21.6,877.9,179.16,1.8
67620.0,1308.1,2.43,0.04,2.43,40.73434,-111.87210,34.9,21.8,877.9,186.12,1.5
67680.0,1308.0,2.43,0.05,2.43,40.73434,-111.87210,34.9,21.0,877.9,179.14,2.0
67740.0,1308.0,2.28,0.04,2.28,40.73434,-111.87210,34.9,20.9,877.9,185.05,1.8
67800.0,1308.1,2.14,0.05,2.14,40.73434,-111.87210,35.0,20.9,877.9,188.94,1.2
67860.0,1308.1,2.58,0.05,2.58,40.73434,-111.87210,35.1,21.3,877.9,350.22,0.2
67920.0,1308.1,2.31,0.04,2.31,40.73434,-111.87210,35.2,21.3,877.9,146.79,1.3
67980.0,1308.1,2.48,0.05,2.48,40.73434,-111.87210,35.5,21.4,877.8,112.07,0.7
68040.0,1308.1,2.00,0.04,2.00,40.73434,-111.87210,35.6,20.9,877.8,158.98,1.6
68100.0,1308.0,1.35,0.05,1.35,40.73434,-111.87210,35.8,21.3,877.8,140.22,0.2
68160.0,1307.9,1.66,0.04,1.66,40.73434,-111.87210,35.8,20.8,877.8,220.67,0.5
68220.0,1308.0,1.67,0.05,1.67,40.73434,-111.87210,35.9,20.0,877.8,164.49,1.7
68280.0,1308.1,1.22,0.05,1.22,40.73434,-111.87211,36.1,20.3,877.8,218.32,0.7
68340.0,1308.1,1.13,0.05,1.13,40.73434,-111.87211,36.0,19.8,877.8,262.95,1.0
68400.0,1308.2,1.59,0.05,1.59,40.73434,-111.87211,35.9,20.1,877.8,0.89,0.2
68460.0,1308.2,2.03,0.05,2.03,40.73434,-111.87211,36.0,20.0,877.8,169.00,0.6
68520.0,1308.3,1.81,0.05,1.81,40.73434,-111.87211,36.2,20.0,877.8,134.46,0.3
68580.0,1308.3,1.42,0.05,1.42,40.73434,-111.87211,36.1,19.9,877.8,183.54,1.7
68640.0,1308.3,1.22,0.05,1.22,40.73434,-111.87211,36.1,19.9,877.8,195.15,2.1
68700.0,1308.3,1.88,0.05,1.88,40.73434,-111.87211,36.0,20.0,877.8,194.93,2.1
68760.0,1308.2,2.06,0.05,2.06,40.73433,-111.87211,36.0,20.4,877.8,166.49,3.0
68820.0,1308.3,1.79,0.05,1.79,40.73433,-111.87211,36.0,20.5,877.8,189.41,1.8
68880.0,1308.6,1.89,0.05,1.89,40.73433,-111.87211,35.9,20.9,877.7,162.78,2.2
68940.0,1308.8,1.86,0.05,1.86,40.73433,-111.87211,35.9,21.0,877.7,160.43,2.5
69000.0,1309.0,2.05,0.05,2.05,40.73433,-111.87211,35.7,21.5,877.7,160.96,2.6
69060.0,1309.1,2.46,0.05,2.46,40.73433,-111.87211,35.7,21.2,877.7,178.77,2.4
69120.0,1309.0,1.98,0.05,1.98,40.73433,-111.87211,35.5,20.9,877.7,148.02,2.9
69180.0,1308.9,1.72,0.04,1.72,40.73433,-111.87211,35.5,21.1,877.7,134.20,2.0
69240.0,1308.9,1.96,0.05,1.96,40.73434,-111.87211,35.3,20.9,877.7,169.20,3.0
69300.0,1308.9,2.15,0.05,2.15,40.73434,-111.87211,35.1,20.8,877.7,144.92,2.9
69360.0,1309.0,1.79,0.06,1.79,40.73434,-111.87211,34.9,22.6,877.6,133.45,3.1
69420.0,1309.0,2.09,0.05,2.09,40.73434,-111.87211,34.7,21.7,877.6,137.07,3.0
69480.0,1308.7,2.23,0.06,2.23,40.73434,-111.87211,34.7,21.7,877.6,143.09,2.3
69540.0,1308.7,2.44,0.04,2.44,40.73434,-111.87211,35.0,21.2,877.6,164.36,1.0
69600.0,1308.8,2.03,0.05,2.03,40.73434,-111.87211,35.2,21.1,877.6,163.36,1.3
69660.0,1309.1,1.32,0.06,1.32,40.73434,-111.87211,35.4,20.8,877.6,157.69,1.4
69720.0,1309.2,1.26,0.05,1.26,40.73434,-111.87211,35.4,20.8,877.6,177.78,2.6
69780.0,1308.9,1.71,0.05,1.71,40.73434,-111.87211,35.5,20.8,877.6,167.49,1.2
69840.0,1308.7,1.47,0.05,1.47,40.73434,-111.87211,35.5,21.0,877.6,159.19,0.6
69900.0,1308.7,2.09,0.05,2.09,40.73434,-111.87211,35.4,20.1,877.6,167.39,3.2
69960.0,1308.8,2.14,0.04,2.14,40.73434,-111.87211,35.5,20.1,877.5,161.13,2.0
70020.0,1308.7,2.10,0.05,2.10,40.73434,-111.87211,35.6,20.6,877.5,173.75,1.4
70080.0,1308.8,2.29,0.06,2.29,40.73434,-111.87211,35.7,20.8,877.5,166.78,0.3
70140.0,1308.9,2.17,0.06,2.17,40.73434,-111.87211,36.0,20.5,877.5,116.11,0.5
70200.0,1308.9,1.63,0.06,1.63,40.73434,-111.87211,35.7,21.6,877.5,121.61,2.6
70260.0,1309.2,1.97,0.05,1.97,40.73434,-111.87211,35.5,22.0,877.5,128.46,3.1
70320.0,1309.3,1.90,0.05,1.90,40.73434,-111.87211,35.5,21.4,877.4,148.65,3.1
70380.0,1309.3,2.32,0.06,2.32,40.73434,-111.87211,35.4,21.5,877.4,160.09,3.5
70440.0,1309.2,2.32,0.05,2.32,40.73434,-111.87211,35.7,21.2,877.4,152.42,0.8
70500.0,1309.1,2.29,0.05,2.29,40.73434,-111.87211,35.9,20.8,877.4,191.62,1.5
70560.0,1309.0,2.25,0.06,2.25,40.73434,-111.87211,36.0,20.4,877.4,203.21,0.5
70620.0,1309.0,1.93,0.05,1.93,40.73434,-111.87211,36.2,20.1,877.4,146.52,1.0
70680.0,1309.0,1.41,0.05,1.41,40.73434,-111.87211,36.3,19.8,877.4,123.41,1.4
70740.0,1308.9,1.27,0.05,1.27,40.73434,-111.87211,36.4,19.9,877.4,146.17,1.3
70800.0,1308.9,1.16,0.05,1.16,40.73434,-111.87211,36.4,19.4,877.3,98.90,0.6
70860.0,1308.9,1.49,0.05,1.49,40.73434,-111.87211,36.5,19.2,877.3,165.11,1.7
70920.0,1308.9,1.42,0.05,1.42,40.73434,-111.87211,36.6,19.3,877.3,143.09,1.2
70980.0,1308.9,1.54,0.04,1.54,40.73434,-111.87211,36.5,19.3,877.3,160.42,2.5
71040.0,1308.8,2.11,0.05,2.11,40.73434,-111.87211,36.5,19.7,877.3,147.39,2.3
71100.0,1308.7,2.72,0.05,2.72,40.73434,-111.87211,36.4,20.2,877.3,136.36,2.1
71160.0,1308.7,2.66,0.05,2.66,40.73434,-111.87211,36.4,20.4,877.3,148.23,1.5
71220.0,1308.7,2.57,0.04,2.57,40.73434,-111.87211,36.3,19.0,877.3,193.58,1.9
71280.0,1308.9,2.38,0.05,2.38,40.73434,-111.87211,36.3,18.9,877.3,193.68,2.0
71340.0,1309.2,2.08,0.04,2.08,40.73434,-111.87211,36.3,18.8,877.2,159.12,2.4
71400.0,1309.3,1.82,0.05,1.82,40.73434,-111.87211,36.1,18.1,877.2,163.79,3.1
71460.0,1309.2,2.07,0.04,2.07,40.73434,-111.87211,36.1,17.7,877.2,157.08,2.9
71520.0,1309.3,2.22,0.04,2.22,40.73434,-111.87211,36.2,17.5,877.2,156.27,1.9
71580.0,1309.4,2.61,0.05,2.61,40.73434,-111.87211,36.1,18.3,877.2,138.31,2.2
71640.0,1309.5,2.51,0.04,2.51,40.73434,-111.87211,36.0,18.8,877.1,121.06,1.6
71700.0,1309.5,2.20,0.04,2.20,40.73434,-111.87211,36.0,19.5,877.1,100.90,0.8
71760.0,1309.5,2.26,0.05,2.26,40.73434,-111.87211,36.1,19.3,877.1,124.04,1.5
71820.0,1309.4,2.77,0.04,2.77,40.73434,-111.87211,36.3,19.0,877.1,161.23,1.5
71880.0,1309.6,2.69,0.04,2.69,40.73434,-111.87211,36.4,18.4,877.2,187.98,1.4
71940.0,1309.6,2.55,0.04,2.55,40.73434,-111.87211,36.6,18.5,877.1,115.82,1.1
72000.0,1309.5,2.06,0.04,2.06,40.73434,-111.87211,36.6,18.1,877.1,148.86,2.2
72060.0,1309.4,1.38,0.05,1.38,40.73434,-111.87211,36.2,18.4,877.1,141.37,3.5
72120.0,1309.6,1.35,0.04,1.35,40.73434,-111.87211,36.2,19.1,877.0,125.20,2.1
72180.0,1309.6,1.57,0.04,1.57,40.73434,-111.87211,36.0,18.8,877.0,109.32,1.7
72240.0,1309.5,1.37,0.04,1.37,40.73434,-111.87211,36.0,19.1,877.0,136.50,1.6
72300.0,1309.4,1.54,0.04,1.54,40.73434,-111.87211,36.2,18.7,877.0,135.49,1.5
72360.0,1309.3,1.61,0.04,1.61,40.73434,-111.87211,36.0,19.1,877.0,120.69,1.6
72420.0,1309.3,1.97,0.04,1.97,40.73434,-111.87211,36.1,18.9,877.0,211.59,1.1
72480.0,1309.2,2.46,0.04,2.46,40.73434,-111.87211,36.2,19.0,877.0,183.11,1.0
72540.0,1309.3,2.38,0.04,2.38,40.73434,-111.87211,36.4,19.3,876.9,119.52,0.2
72600.0,1309.2,2.39,0.05,2.39,40.73434,-111.87211,36.5,19.4,876.8,174.06,0.2
72660.0,1309.1,2.53,0.04,2.53,40.73434,-111.87211,36.6,19.2,876.8,131.18,0.3
72720.0,1309.0,2.37,0.04,2.37,40.73434,-111.87211,36.6,18.5,876.8,202.21,2.0
72780.0,1309.0,2.17,0.05,2.17,40.73434,-111.87211,36.5,18.7,876.8,153.46,3.0
72840.0,1309.1,2.45,0.05,2.45,40.73434,-111.87211,36.4,18.8,876.9,150.90,2.9
72900.0,1309.0,2.10,0.05,2.10,40.73434,-111.87211,36.4,18.4,876.9,180.58,2.7
72960.0,1308.8,1.99,0.05,1.99,40.73434,-111.87211,36.5,18.6,876.9,173.76,1.9
73020.0,1308.9,2.09,0.04,2.09,40.73434,-111.87211,36.6,18.8,876.9,168.49,1.2
73080.0,1308.9,1.74,0.04,1.74,40.73434,-111.87211,36.7,18.8,876.8,170.82,1.6
73140.0,1308.9,1.32,0.04,1.32,40.73434,-111.87211,36.8,18.7,876.8,167.38,0.9
73200.0,1308.8,1.90,0.04,1.90,40.73434,-111.87211,36.9,19.2,876.8,147.98,0.9
73260.0,1308.8,2.25,0.04,2.25,40.73434,-111.87211,37.0,18.7,876.8,225.35,0.4
73320.0,1308.8,2.60,0.04,2.60,40.73434,-111.87211,37.0,18.2,876.8,200.22,1.2
73380.0,1308.7,2.60,0.04,2.60,40.73434,-111.87211,37.1,18.3,876.8,187.76,0.7
73440.0,1308.7,2.20,0.04,2.20,40.73434,-111.87211,37.3,18.4,876.8,157.72,0.5
73500.0,1308.7,1.89,0.04,1.89,40.73434,-111.87211,37.3,18.4,876.8,139.50,0.3
73560.0,1308.7,1.93,0.04,1.93,40.73434,-111.87211,36.8,18.5,876.7,63.44,0.4
73620.0,1308.8,2.01,0.05,2.01,40.73434,-111.87211,36.5,18.8,876.7,123.54,0.6
73680.0,1308.7,2.38,0.04,2.38,40.73434,-111.87211,36.4,18.7,876.7,145.65,1.0
73740.0,1308.8,2.31,0.04,2.31,40.73434,-111.87211,36.3,18.7,876.7,182.23,0.9
73800.0,1308.8,2.55,0.04,2.55,40.73434,-111.87211,36.2,18.8,876.7,152.70,1.7
73860.0,1308.8,2.50,0.04,2.50,40.73434,-111.87211,36.2,18.9,876.7,174.13,1.5
73920.0,1308.9,2.50,0.04,2.50,40.73434,-111.87211,36.3,19.4,876.6,141.46,1.8
73980.0,1308.9,2.84,0.05,2.84,40.73434,-111.87211,36.2,19.3,876.6,140.13,2.6
74040.0,1309.1,3.05,0.04,3.05,40.73434,-111.87211,36.1,20.2,876.6,120.16,2.3
74100.0,1309.2,2.56,0.04,2.56,40.73434,-111.87211,35.9,19.6,876.6,115.42,2.0
74160.0,1309.2,2.40,0.05,2.40,40.73434,-111.87211,35.8,19.0,876.6,118.81,1.8
74220.0,1309.3,2.79,0.05,2.79,40.73434,-111.87211,35.8,21.0,876.6,125.77,2.3
74280.0,1309.4,3.04,0.04,3.04,40.73434,-111.87211,35.7,19.8,876.6,127.58,2.4
74340.0,1309.4,2.36,0.05,2.36,40.73434,-111.87211,35.6,20.2,876.6,137.10,3.1
74400.0,1309.4,1.96,0.04,1.96,40.73434,-111.87211,35.5,20.6,876.6,122.75,2.7
74460.0,1309.4,1.98,0.05,1.98,40.73434,-111.87211,35.3,20.7,876.5,116.02,3.0
74520.0,1309.3,2.00,0.05,2.00,40.73434,-111.87211,35.4,20.8,876.5,137.78,2.6
74580.0,1309.2,2.36,0.05,2.36,40.73434,-111.87210,35.6,19.7,876.5,160.39,1.8
74640.0,1309.1,2.66,0.05,2.66,40.73434,-111.87210,35.8,19.3,876.5,173.13,1.2
74700.0,1308.9,2.57,0.05,2.57,40.73434,-111.87210,36.1,19.2,876.5,186.06,1.0
74760.0,1308.9,2.59,0.05,2.59,40.73434,-111.87210,36.2,19.2,876.5,134.50,1.3
74820.0,1308.9,2.76,0.05,2.76,40.73434,-111.87210,36.4,19.3,876.5,176.68,0.9
74880.0,1308.8,3.13,0.05,3.13,40.73434,-111.87210,36.6,19.2,876.5,195.68,1.5
74940.0,1308.6,2.81,0.04,2.81,40.73433,-111.87210,36.7,18.9,876.5,157.12,1.3
