CampaignData_and_Merges/R0/CSL_MobileLab_Parked/raw/20240811/USOS-jNO2_MobileLabGround_20240811_R0.ict
52,1001
Waxman, E.; Rollins, A.; Zuraski, K.; Chace, W.
NOAA Chemical Sciences Laboratory
jNO2 filter radiometer on CSL Mobile Lab
AMMBEC / USOS
1, 1
2024,08,11, 2025,04,01
60
Time_Start, seconds, number_of_seconds_since_0000_UTC
20
1, 1, 1, 1, 1, 1, 1, 1, 1, 1, 1, 1, 1, 1, 1, 1, 1, 1, 1, 1
-9999, -9999, -9999, -9999, -9999, -9999, -9999, -9999, -9999, -9999, -9999, -9999, -9999, -9999, -9999, -9999, -9999, -9999, -9999, -9999
Time_Stop, seconds, number_of_seconds_since_0000_UTC
jNO2_meas, per second, photolysis rate of NO2 measured using a filter radiometer.
jBrCl, per second, photolysis rate of BrCl -> Br + Cl calculated in TUV for cloud-free sky with local AOD
jBr2, per second, photolysis rate of Br2 -> Br + Br calculated in TUV for cloud-free sky with local AOD
jCCl4, per second, photolysis rate of CCl4 -> Products calcualted in TUV for cloud-free sky with local AOD
jCH2Oa, per second, photolysis rate of CH2O -> H + HCO calculated in TUV for cloud-free sky with local AOD
jCH2Ob, per second, photolysis rate of CH2O -> H2 + CO calculated in TUV for cloud-free sky with local AOD
jClNO2, per second, photolysis rate of ClNO2 -> Cl + NO2 calculated in TUV for cloud-free sky with local AOD
jClOa, per second, photolysis rate of ClO -> Cl + O(1D) calculated in TUV for cloud-free sky with local AOD
jClOb, per second, photolysis rate of ClO -> Cl + O(3P) calculated in TUV for cloud-free sky with local AOD
jCl2, per second, photolysis rate of Cl2 -> Cl + Cl calculated in TUV for cloud-free sky with local AOD
jHNO2, per second, photolysis rate of HNO2 -> OH + NO calculated in TUV for cloud-free sky with local AOD
jHNO3, per second, photolysis rate of HNO3 -> OH + NO2 calculated in TUV for cloud-free sky with local AOD
jI2, per second, photolysis rate of I2 -> I + I calculated in TUV for cloud-free sky with local AOD
jNO2, per second, photolysis rate of NO2 -> NO + O(3P) calculated in TUV for cloud-free sky with local AOD
jNO3a, per second, photolysis rate of NO3 -> NO + O2 calculated in TUV for cloud-free sky with local AOD
jNO3b, per second, photolysis rate of NO3 -> NO2 + O(3P) calculated in TUV for cloud-free sky with local AOD
jN2O5, per second, photolysis rate of N2O5 -> NO3 + NO + O(3P) calculated in TUV for cloud-free sky with local AOD
jO3, per second, photolysis rate of O3 -> O2 + O(1D) calculated in TUV for cloud-free sky with local AOD
AOD_500nm, unitless, UTC daily mean AOD at 500 nm from an AERONET station located at 40.178 N, -112.452 E
0
18
PI_CONTACT_INFO: eleanor.waxman@noaa.gov
PLATFORM: CSL Mobile Lab, at ground site
LOCATION: Salt Lake City, UT
ASSOCIATED_DATA:
INSTRUMENT_INFO: jNO2 filter radiometer.  TUV calculations are for mobile van lat/lon/altitude assuming clear sky (cloud AOD = 0) and daily mean AOD.
DATA_INFO:
UNCERTAINTY: Data uncertainties are +/- 20%.  These come from uncertainties in radiometer angular response, radiometer thermal response, local interferences from clouds/aerosols/shadows etc.
ULOD_FLAG: -7777
ULOD_VALUE: N/A
LLOD_FLAG: -8888
LLOD_VALUE: N/A
DM_CONTACT_INFO: eleanor.waxman@noaa.gov
PROJECT_INFO: USOS Project, July - August 2024
STIPULATIONS_ON_USE: Users are strongly encouraged to contact the PI for proper data usage.
OTHER_COMMENTS: 
REVISION: R0
R0: final data
Time_Start, Time_Stop, jNO2_meas, jBrCl, jBr2, jCCl4, jCH2Oa, jCH2Ob, jClNO2, jClOa, jClOb, jCl2, jHNO2, jHNO3, jI2, jNO2, jNO3a, jNO3b, jN2O5, jO3, AOD_500nm
[from data line 811]
   48660,   48720,0.00056784,0.00241,0.008888,3.582e-26,2.165e-06,5.186e-06,5.456e-05,1.34e-26,8.126e-07,0.0003355,0.0002361,2.449e-08,0.03844,0.001596,0.008569,0.06254,4.283e-06,5.26e-07,0.193
   48720,   48780,0.00059973,0.002467,0.009085,3.642e-26,2.231e-06,5.325e-06,5.601e-05,1.362e-26,8.44e-07,0.0003441,0.0002421,2.528e-08,0.03922,0.001636,0.008725,0.06376,4.399e-06,5.451e-07,0.193
   48780,   48840,0.00062028,0.002528,0.009295,3.708e-26,2.302e-06,5.474e-06,5.757e-05,1.385e-26,8.783e-07,0.0003533,0.0002486,2.614e-08,0.04004,0.001679,0.008888,0.06505,4.524e-06,5.658e-07,0.193
   48840,   48900,0.0006367,0.002588,0.009504,3.773e-26,2.375e-06,5.626e-06,5.915e-05,1.409e-26,9.138e-07,0.0003625,0.0002551,2.702e-08,0.04085,0.001723,0.00905,0.06633,4.651e-06,5.872e-07,0.193
   48900,   48960,0.00065455,0.002646,0.0097,3.836e-26,2.445e-06,5.771e-06,6.066e-05,1.431e-26,9.482e-07,0.0003714,0.0002613,2.787e-08,0.04161,0.001764,0.0092,0.06753,4.772e-06,6.08e-07,0.193
   48960,   49020,0.00066546,0.002706,0.009908,3.903e-26,2.52e-06,5.928e-06,6.228e-05,1.455e-26,9.857e-07,0.0003808,0.0002679,2.879e-08,0.04241,0.001808,0.009357,0.06878,4.902e-06,6.306e-07,0.193
   49020,   49080,0.00067899,0.002767,0.01011,3.97e-26,2.596e-06,6.085e-06,6.391e-05,1.479e-26,1.024e-06,0.0003903,0.0002746,2.972e-08,0.0432,0.001852,0.00951,0.07,5.033e-06,6.536e-07,0.193
   49080,   49140,0.00069779,0.002822,0.0103,4.03e-26,2.666e-06,6.228e-06,6.538e-05,1.501e-26,1.06e-06,0.0003989,0.0002806,3.059e-08,0.04391,0.001892,0.009652,0.07113,5.152e-06,6.755e-07,0.193
   49140,   49200,0.00072055,0.002882,0.0105,4.099e-26,2.745e-06,6.389e-06,6.705e-05,1.525e-26,1.101e-06,0.0004085,0.0002873,3.156e-08,0.04468,0.001937,0.009802,0.07233,5.286e-06,7e-07,0.193
   49200,   49260,0.00075227,0.002943,0.01071,4.168e-26,2.826e-06,6.553e-06,6.874e-05,1.551e-26,1.143e-06,0.0004182,0.0002941,3.256e-08,0.04546,0.001982,0.009952,0.07353,5.423e-06,7.252e-07,0.193
   49260,   49320,0.00078593,0.003,0.0109,4.235e-26,2.903e-06,6.709e-06,7.034e-05,1.575e-26,1.184e-06,0.0004274,0.0003006,3.351e-08,0.04618,0.002024,0.01009,0.07465,5.553e-06,7.496e-07,0.193
   49320,   49380,0.00082657,0.00306,0.0111,4.355e-26,2.986e-06,6.877e-06,7.207e-05,1.599e-26,1.228e-06,0.0004373,0.0003075,3.455e-08,0.04693,0.00207,0.01024,0.07583,5.692e-06,7.765e-07,0.193
   49380,   49440,0.00085734,0.003121,0.0113,4.382e-26,3.071e-06,7.046e-06,7.381e-05,1.627e-26,1.274e-06,0.0004473,0.0003144,3.561e-08,0.04768,0.002115,0.01038,0.077,5.833e-06,8.041e-07,0.193
   49440,   49500,0.0008825,0.003179,0.01149,4.432e-26,3.154e-06,7.21e-06,7.548e-05,1.643e-26,1.321e-06,0.0004567,0.000321,3.667e-08,0.0484,0.002159,0.01052,0.07812,5.969e-06,8.32e-07,0.193
   49500,   49560,0.00091319,0.003243,0.0117,4.505e-26,3.245e-06,7.393e-06,7.736e-05,1.673e-26,1.37e-06,0.0004674,0.0003285,3.781e-08,0.04917,0.002208,0.01067,0.07931,6.121e-06,8.616e-07,0.193
   49560,   49620,0.00093993,0.003303,0.0119,4.602e-26,3.334e-06,7.568e-06,7.915e-05,1.705e-26,1.42e-06,0.0004776,0.0003356,3.893e-08,0.04991,0.002254,0.01081,0.08044,6.267e-06,8.913e-07,0.193
   49620,   49680,0.00097214,0.00336,0.01208,4.673e-26,3.418e-06,7.735e-06,8.085e-05,1.731e-26,1.468e-06,0.0004872,0.0003423,3.999e-08,0.05059,0.002298,0.01094,0.0815,6.405e-06,9.2e-07,0.193
   49680,   49740,0.0010127,0.00342,0.01228,4.75e-26,3.51e-06,7.914e-06,8.267e-05,1.758e-26,1.52e-06,0.0004974,0.0003495,4.116e-08,0.0513,0.002344,0.01107,0.0826,6.554e-06,9.514e-07,0.193
   49740,   49800,0.0010513,0.00348,0.01247,4.827e-26,3.603e-06,8.094e-06,8.451e-05,1.786e-26,1.574e-06,0.0005077,0.0003566,4.234e-08,0.05201,0.00239,0.01121,0.0837,6.703e-06,9.837e-07,0.193
   49800,   49860,0.0010928,0.003536,0.01265,4.901e-26,3.691e-06,8.265e-06,8.624e-05,1.812e-26,1.626e-06,0.0005174,0.0003634,4.347e-08,0.05267,0.002434,0.01133,0.08471,6.845e-06,1.015e-06,0.193
   49860,   49920,0.0011369,0.003596,0.01285,4.98e-26,3.785e-06,8.448e-06,8.81e-05,1.84e-26,1.682e-06,0.0005278,0.0003706,4.469e-08,0.05336,0.002481,0.01146,0.08578,6.997e-06,1.048e-06,0.193
   49920,   49980,0.0011899,0.003655,0.01304,5.061e-26,3.882e-06,8.633e-06,8.998e-05,1.869e-26,1.74e-06,0.0005382,0.0003778,4.594e-08,0.05405,0.002528,0.01159,0.08684,7.151e-06,1.083e-06,0.193
   49980,   50040,0.0012541,0.003711,0.01321,5.137e-26,3.974e-06,8.809e-06,9.175e-05,1.896e-26,1.796e-06,0.000548,0.0003847,4.713e-08,0.05469,0.002572,0.01171,0.08783,7.296e-06,1.117e-06,0.193
   50040,   50100,0.0013096,0.00377,0.0134,5.22e-26,4.072e-06,8.996e-06,9.365e-05,1.926e-26,1.857e-06,0.0005585,0.0003919,4.841e-08,0.05536,0.002618,0.01184,0.08886,7.452e-06,1.153e-06,0.193
   50100,   50160,0.0014595,0.003829,0.01359,5.304e-26,4.172e-06,9.186e-06,9.556e-05,1.955e-26,1.919e-06,0.000569,0.0003992,4.972e-08,0.05603,0.002665,0.01196,0.08988,7.609e-06,1.19e-06,0.193
   50160,   50220,0.0016585,0.003883,0.01376,5.384e-26,4.267e-06,9.365e-06,9.736e-05,1.983e-26,1.979e-06,0.0005789,0.0004061,5.097e-08,0.05664,0.002709,0.01208,0.09083,7.757e-06,1.226e-06,0.193
   50220,   50280,0.0016508,0.003942,0.01394,5.47e-26,4.368e-06,9.556e-06,9.929e-05,2.014e-26,2.043e-06,0.0005895,0.0004134,5.23e-08,0.05729,0.002756,0.0122,0.09183,7.916e-06,1.265e-06,0.193
   50280,   50340,0.0017363,0.004,0.01413,5.557e-26,4.472e-06,9.749e-06,0.0001012,2.045e-26,2.11e-06,0.0006001,0.0004207,5.367e-08,0.05794,0.002803,0.01232,0.09282,8.076e-06,1.305e-06,0.193
   50340,   50400,0.0019267,0.004054,0.0143,5.64e-26,4.57e-06,9.932e-06,0.0001031,2.074e-26,2.174e-06,0.0006101,0.0004276,5.497e-08,0.05854,0.002847,0.01243,0.09373,8.227e-06,1.343e-06,0.193
   50400,   50460,0.0015999,0.004112,0.01447,5.73e-26,4.675e-06,1.013e-05,0.000105,2.106e-26,2.244e-06,0.0006207,0.000435,5.638e-08,0.05917,0.002893,0.01254,0.0947,8.389e-06,1.385e-06,0.193
   50460,   50520,0.001998,0.004169,0.01465,5.82e-26,4.781e-06,1.032e-05,0.000107,2.138e-26,2.314e-06,0.0006313,0.0004423,5.779e-08,0.05979,0.00294,0.01266,0.09565,8.552e-06,1.428e-06,0.193
   50520,   50580,0.0021813,0.004222,0.01482,5.906e-26,4.882e-06,1.051e-05,0.0001088,2.168e-26,2.382e-06,0.0006414,0.0004492,5.915e-08,0.06037,0.002984,0.01277,0.09654,8.706e-06,1.468e-06,0.193
   50580,   50640,0.0019829,0.004279,0.01499,5.999e-26,4.991e-06,1.071e-05,0.0001108,2.201e-26,2.457e-06,0.0006521,0.0004566,6.061e-08,0.06098,0.00303,0.01288,0.09747,8.871e-06,1.513e-06,0.193
   50640,   50700,0.0018975,0.004335,0.01517,6.094e-26,5.1e-06,1.091e-05,0.0001128,2.235e-26,2.532e-06,0.0006628,0.0004639,6.209e-08,0.06158,0.003077,0.01299,0.09839,9.036e-06,1.558e-06,0.193
   50700,   50760,0.0019734,0.004388,0.01533,6.184e-26,5.204e-06,1.109e-05,0.0001147,2.266e-26,2.604e-06,0.0006728,0.0004709,6.35e-08,0.06214,0.00312,0.01309,0.09924,9.192e-06,1.602e-06,0.193
   50760,   50820,0.0015632,0.004444,0.0155,6.281e-26,5.315e-06,1.13e-05,0.0001167,2.301e-26,2.683e-06,0.0006835,0.0004782,6.502e-08,0.06273,0.003167,0.0132,0.1001,9.359e-06,1.649e-06,0.193
   50820,   50880,0.001765,0.004499,0.01567,6.379e-26,5.427e-06,1.15e-05,0.0001187,2.335e-26,2.763e-06,0.0006942,0.0004855,6.655e-08,0.06331,0.003213,0.01331,0.101,9.526e-06,1.697e-06,0.193
   50880,   50940,0.0018461,0.004551,0.01583,6.474e-26,5.533e-06,1.169e-05,0.0001206,2.368e-26,2.84e-06,0.0007043,0.0004925,6.801e-08,0.06386,0.003256,0.0134,0.1019,9.685e-06,1.744e-06,0.193
   50940,   51000,0.0016086,0.004606,0.01599,6.575e-26,5.649e-06,1.189e-05,0.0001226,2.404e-26,2.923e-06,0.0007151,0.0004998,6.96e-08,0.06443,0.003302,0.01351,0.1027,9.855e-06,1.795e-06,0.193
   51000,   51060,0.0016453,0.004661,0.01616,6.678e-26,5.763e-06,1.21e-05,0.0001246,2.44e-26,3.009e-06,0.0007258,0.0005071,7.12e-08,0.06499,0.003348,0.01361,0.1036,1.002e-05,1.846e-06,0.193
   51060,   51120,0.0017136,0.004712,0.01631,6.777e-26,5.871e-06,1.229e-05,0.0001266,2.475e-26,3.088e-06,0.0007359,0.000514,7.268e-08,0.06552,0.003391,0.01371,0.1044,1.018e-05,1.894e-06,0.193
   51120,   51180,0.0017234,0.004763,0.01647,6.883e-26,5.991e-06,1.248e-05,0.0001284,2.512e-26,3.176e-06,0.0007454,0.0005203,7.432e-08,0.06607,0.003433,0.01381,0.1052,1.034e-05,1.947e-06,0.193
   51180,   51240,0.0018417,0.004816,0.01663,6.99e-26,6.108e-06,1.27e-05,0.0001306,2.55e-26,3.268e-06,0.0007569,0.0005282,7.601e-08,0.06661,0.003479,0.0139,0.106,1.052e-05,2.003e-06,0.193
   51240,   51300,0.0020057,0.004868,0.01678,7.093e-26,6.216e-06,1.289e-05,0.0001325,2.586e-26,3.353e-06,0.0007673,0.0005354,7.755e-08,0.06712,0.003524,0.01399,0.1068,1.069e-05,2.054e-06,0.193
   51300,   51360,0.0027335,0.004921,0.01694,7.204e-26,6.336e-06,1.31e-05,0.0001346,2.625e-26,3.444e-06,0.0007779,0.0005425,7.922e-08,0.06765,0.003569,0.01409,0.1076,1.086e-05,2.11e-06,0.193
   51360,   51420,0.0028338,0.004974,0.0171,7.316e-26,6.459e-06,1.332e-05,0.0001367,2.664e-26,3.539e-06,0.0007889,0.00055,8.094e-08,0.06818,0.003615,0.01419,0.1084,1.104e-05,2.168e-06,0.193
   51420,   51480,0.0024054,0.005024,0.01724,7.424e-26,6.571e-06,1.351e-05,0.0001386,2.702e-26,3.63e-06,0.0007988,0.0005567,8.254e-08,0.06867,0.003658,0.01427,0.1092,1.12e-05,2.222e-06,0.193
   51480,   51540,0.002213,0.005075,0.0174,7.54e-26,6.692e-06,1.372e-05,0.0001406,2.743e-26,3.727e-06,0.0008095,0.000564,8.427e-08,0.06918,0.003701,0.01437,0.1099,1.137e-05,2.282e-06,0.193
   51540,   51600,0.0022716,0.005127,0.01755,7.657e-26,6.814e-06,1.392e-05,0.0001427,2.784e-26,3.826e-06,0.0008201,0.0005712,8.602e-08,0.0697,0.003747,0.01446,0.1107,1.155e-05,2.342e-06,0.193
   51600,   51660,0.0025778,0.005175,0.01769,7.77e-26,6.929e-06,1.412e-05,0.0001446,2.824e-26,3.921e-06,0.0008301,0.000578,8.769e-08,0.07016,0.003789,0.01455,0.1114,1.171e-05,2.4e-06,0.193
   51660,   51720,0.002744,0.005226,0.01784,7.892e-26,7.053e-06,1.433e-05,0.0001467,2.866e-26,4.023e-06,0.0008408,0.0005851,8.947e-08,0.07067,0.003833,0.01463,0.1122,1.189e-05,2.462e-06,0.193
   51720,   51780,0.0029374,0.005277,0.01799,8.015e-26,7.177e-06,1.454e-05,0.0001487,2.91e-26,4.127e-06,0.0008514,0.0005923,9.127e-08,0.07116,0.003877,0.01472,0.1129,1.206e-05,2.525e-06,0.193
   51780,   51840,0.0024152,0.005324,0.01813,8.133e-26,7.295e-06,1.474e-05,0.0001507,2.951e-26,4.226e-06,0.0008613,0.000599,9.298e-08,0.07162,0.003918,0.0148,0.1136,1.223e-05,2.586e-06,0.193
   51840,   51900,0.0024138,0.005374,0.01827,8.261e-26,7.42e-06,1.495e-05,0.0001527,2.995e-26,4.333e-06,0.0008719,0.0006061,9.481e-08,0.07211,0.003962,0.01489,0.1144,1.24e-05,2.651e-06,0.193
   51900,   51960,0.0023321,0.005423,0.01842,8.391e-26,7.546e-06,1.516e-05,0.0001548,3.041e-26,4.441e-06,0.0008824,0.0006132,9.666e-08,0.07258,0.004005,0.01497,0.1151,1.258e-05,2.718e-06,0.193
   51960,   52020,0.0029249,0.00547,0.01855,8.516e-26,7.665e-06,1.536e-05,0.0001568,3.084e-26,4.545e-06,0.0008923,0.0006198,9.841e-08,0.07303,0.004046,0.01505,0.1158,1.274e-05,2.782e-06,0.193
   52020,   52080,0.0031898,0.005519,0.0187,8.65e-26,7.792e-06,1.557e-05,0.0001588,3.131e-26,4.657e-06,0.0009028,0.0006269,1.003e-07,0.07349,0.004089,0.01513,0.1165,1.292e-05,2.85e-06,0.193
   52080,   52140,0.0033699,0.005567,0.01884,8.786e-26,7.919e-06,1.578e-05,0.0001609,3.179e-26,4.77e-06,0.0009133,0.0006339,1.022e-07,0.07396,0.004132,0.01521,0.1171,1.31e-05,2.92e-06,0.193
   52140,   52200,0.0029094,0.005612,0.01897,8.917e-26,8.04e-06,1.598e-05,0.0001628,3.224e-26,4.879e-06,0.0009231,0.0006405,1.04e-07,0.07438,0.004173,0.01529,0.1178,1.327e-05,2.986e-06,0.193
   52200,   52260,0.0032275,0.00566,0.0191,9.058e-26,8.168e-06,1.619e-05,0.0001649,3.273e-26,4.995e-06,0.0009335,0.0006474,1.059e-07,0.07483,0.004215,0.01537,0.1185,1.344e-05,3.058e-06,0.193
   52260,   52320,0.0035636,0.005708,0.01924,9.201e-26,8.298e-06,1.64e-05,0.0001669,3.323e-26,5.113e-06,0.0009439,0.0006544,1.078e-07,0.07528,0.004257,0.01545,0.1191,1.362e-05,3.131e-06,0.193
   52320,   52380,0.0033512,0.005752,0.01937,9.339e-26,8.42e-06,1.66e-05,0.0001689,3.371e-26,5.226e-06,0.0009537,0.0006609,1.097e-07,0.0757,0.004297,0.01552,0.1198,1.379e-05,3.2e-06,0.193
   52380,   52440,0.0032348,0.005799,0.0195,9.487e-26,8.55e-06,1.681e-05,0.0001709,3.423e-26,5.347e-06,0.0009641,0.0006678,1.116e-07,0.07613,0.004339,0.0156,0.1204,1.396e-05,3.275e-06,0.193
   52440,   52500,0.0027038,0.005845,0.01964,9.638e-26,8.68e-06,1.702e-05,0.000173,3.476e-26,5.47e-06,0.0009744,0.0006746,1.136e-07,0.07657,0.004381,0.01568,0.1211,1.414e-05,3.351e-06,0.193
   52500,   52560,0.0030128,0.005889,0.01976,9.782e-26,8.803e-06,1.722e-05,0.0001749,3.526e-26,5.586e-06,0.000984,0.000681,1.155e-07,0.07697,0.00442,0.01575,0.1217,1.431e-05,3.423e-06,0.193
   52560,   52620,0.0023822,0.005935,0.01989,9.939e-26,8.934e-06,1.743e-05,0.000177,3.58e-26,5.712e-06,0.0009943,0.0006879,1.175e-07,0.07739,0.004461,0.01582,0.1223,1.449e-05,3.501e-06,0.193
   52620,   52680,0.0024458,0.00598,0.02002,1.01e-25,9.066e-06,1.764e-05,0.000179,3.636e-26,5.84e-06,0.001004,0.0006946,1.195e-07,0.07781,0.004502,0.01589,0.1229,1.467e-05,3.58e-06,0.193
   52680,   52740,0.0027609,0.006023,0.02014,1.025e-25,9.19e-06,1.784e-05,0.000181,3.689e-26,5.961e-06,0.001014,0.000701,1.214e-07,0.0782,0.004541,0.01596,0.1235,1.483e-05,3.656e-06,0.193
   52740,   52800,0.0036892,0.006067,0.02027,1.042e-25,9.322e-06,1.805e-05,0.000183,3.746e-26,6.092e-06,0.001024,0.0007077,1.235e-07,0.0786,0.004582,0.01603,0.1241,1.501e-05,3.737e-06,0.193
   52800,   52860,0.003812,0.006112,0.02039,1.058e-25,9.455e-06,1.826e-05,0.0001851,3.805e-26,6.224e-06,0.001034,0.0007144,1.255e-07,0.07901,0.004622,0.0161,0.1247,1.519e-05,3.819e-06,0.193
   52860,   52920,0.0039827,0.006153,0.02051,1.074e-25,9.58e-06,1.846e-05,0.000187,3.861e-26,6.349e-06,0.001044,0.0007206,1.275e-07,0.07938,0.00466,0.01617,0.1253,1.536e-05,3.897e-06,0.193
   52920,   52980,0.0040261,0.006197,0.02063,1.092e-25,9.713e-06,1.867e-05,0.000189,3.921e-26,6.484e-06,0.001054,0.0007273,1.295e-07,0.07978,0.0047,0.01624,0.1259,1.553e-05,3.981e-06,0.193
   52980,   53040,0.0035707,0.006241,0.02075,1.11e-25,9.846e-06,1.888e-05,0.000191,3.983e-26,6.62e-06,0.001064,0.0007339,1.316e-07,0.08017,0.00474,0.01631,0.1265,1.571e-05,4.066e-06,0.193
   53040,   53100,0.0026922,0.006281,0.02087,1.127e-25,9.972e-06,1.908e-05,0.000193,4.042e-26,6.75e-06,0.001073,0.00074,1.336e-07,0.08053,0.004777,0.01637,0.127,1.588e-05,4.147e-06,0.193
   53100,   53160,0.0027475,0.006324,0.02099,1.145e-25,1.011e-05,1.928e-05,0.000195,4.106e-26,6.89e-06,0.001083,0.0007466,1.357e-07,0.08092,0.004816,0.01643,0.1276,1.606e-05,4.234e-06,0.193
   53160,   53220,0.0028991,0.006367,0.02111,1.164e-25,1.024e-05,1.949e-05,0.000197,4.171e-26,7.03e-06,0.001093,0.0007531,1.379e-07,0.08129,0.004855,0.0165,0.1282,1.623e-05,4.322e-06,0.193
   53220,   53280,0.0029427,0.006406,0.02122,1.182e-25,1.037e-05,1.969e-05,0.0001989,4.234e-26,7.164e-06,0.001102,0.0007592,1.399e-07,0.08165,0.004892,0.01656,0.1287,1.64e-05,4.406e-06,0.193
   53280,   53340,0.003918,0.006448,0.02133,1.202e-25,1.05e-05,1.99e-05,0.0002009,4.302e-26,7.308e-06,0.001112,0.0007656,1.42e-07,0.08202,0.004931,0.01663,0.1292,1.658e-05,4.496e-06,0.193
   53340,   53400,0.0041436,0.00649,0.02145,1.222e-25,1.064e-05,2.01e-05,0.0002029,4.371e-26,7.454e-06,0.001122,0.000772,1.442e-07,0.08238,0.004969,0.01669,0.1298,1.675e-05,4.587e-06,0.193
   53400,   53460,0.0031794,0.006528,0.02156,1.241e-25,1.076e-05,2.03e-05,0.0002048,4.437e-26,7.592e-06,0.001131,0.000778,1.462e-07,0.08272,0.005005,0.01675,0.1303,1.692e-05,4.674e-06,0.193
   53460,   53520,0.00288,0.006569,0.02167,1.262e-25,1.09e-05,2.051e-05,0.0002068,4.509e-26,7.74e-06,0.001141,0.0007843,1.484e-07,0.08308,0.005043,0.01681,0.1308,1.71e-05,4.767e-06,0.193
   53520,   53580,0.0027149,0.00661,0.02178,1.283e-25,1.103e-05,2.071e-05,0.0002088,4.582e-26,7.889e-06,0.00115,0.0007906,1.506e-07,0.08344,0.005081,0.01687,0.1314,1.727e-05,4.861e-06,0.193
