CampaignData_and_Merges/R0/CSL_MobileLab_Parked/raw/20240811/USOS-HCHO_MobileLabGround_20240811_R0.ict
35,1001
Huang, Yaoxian
Wayne State University
Picarro G2307 on CSL Mobile Lab
USOS
1,1
2024,08,11,2024,08,13
1.0
Time_Start,seconds_since_midnight,number_of_seconds_since_0000_UTC
3
1.0,1.0,1.0
-9999.0,-9999.0,-9999.0
HCHO,ppbv,Gas_HCHO_InSitu_S_AVMR,volume mixing ratio of formaldehyde in air
H2O,ppmv,Gas_H2O_InSitu_S_AVMR,volume mixing ratio of water vapor in air
CH4,ppmv,Gas_CH4_InSitu_S_AVMR,volume mixing ratio of methane in air
0
18
PI_CONTACT_INFO: yaoxian.huang@wayne.edu
PLATFORM: CSL Mobile Lab, at Ground Site
LOCATION: Salt Lake City, UT
ASSOCIATED_DATA: N/A
INSTRUMENT_INFO: Cavity Ring-Down Spectrometer
DATA_INFO: Data is averaged to 1 minute intervals for stationary and 1 second interval for driving. Stationary data collected from a 20 ft tower on top of the mobile lab.
UNCERTAINTY: N/A
ULOD_FLAG: -7777
ULOD_VALUE: N/A
LLOD_FLAG: -8888
LLOD_VALUE: N/A
DM_CONTACT_INFO: Yaoxian Huang; yaoxian.huang@wayne.edu
PROJECT_INFO: USOS, Summer 2024. https://csl.noaa.gov/groups/csl7/measurements/2024usos/
STIPULATIONS_ON_USE: Users are strongly encouraged to contact the PI for proper data usage.
OTHER_COMMENTS: Data have been shifted backwards by 1 minute to align with USOS MetNav and Picarro GHG data.
REVISION: R0
R0: Final Data
Time_Start,HCHO,H2O,CH4
[from data line 544]
32640,1.46872,14234.3,1.9332
32700,1.69196,14288.8,1.93489
32760,1.73155,14355.8,1.94031
32820,1.7583,14360.1,1.94258
32880,1.47205,14366.2,1.93869
32940,1.50661,14380.6,1.93718
33000,1.55301,14380.0,1.93557
33060,1.45959,14452.7,1.93606
33120,1.41569,14367.4,1.93383
33180,1.53775,14370.8,1.93335
33240,1.68417,14360.6,1.93703
33300,1.47047,14314.5,1.93569
33360,1.68638,14390.3,1.93975
33420,1.50748,14419.8,1.93593
33480,1.47657,14299.6,1.93337
33540,1.40807,14334.4,1.93453
33600,1.44069,14282.9,1.93527
33660,1.47296,14272.0,1.93338
33720,1.54098,14171.2,1.93134
33780,1.95017,14249.2,1.93303
33840,1.66251,14344.5,1.93566
33900,1.69889,14333.1,1.93783
33960,1.38209,14271.8,1.94267
34020,1.7371,14289.0,1.94246
34080,1.6596,14281.7,1.93279
34140,1.67973,14330.6,1.93169
34200,1.83161,14323.4,1.93366
34260,1.6814,14314.7,1.93654
34320,1.59436,14315.3,1.93671
34380,1.61403,14347.7,1.93507
34440,1.65101,14313.7,1.93413
34500,1.96021,14345.4,1.93739
34560,1.93549,14384.9,1.93814
34620,1.68828,14427.7,1.94067
34680,1.83906,14434.1,1.9417
34740,1.69243,14427.5,1.94493
34800,1.7056,14407.7,1.9466
34860,1.74234,14358.1,1.94404
34920,1.52501,14383.5,1.94254
34980,1.94408,14388.0,1.94295
35040,1.8707,14452.2,1.94452
35100,1.58314,14512.0,1.9428
35160,1.67031,14608.6,1.94432
35220,1.68751,14507.8,1.93933
35280,1.75384,14446.2,1.94421
35340,1.71005,14462.2,1.94559
35400,1.79215,14518.9,1.94844
35460,1.96769,14548.3,1.94273
35520,1.61558,14643.3,1.94353
35580,1.72927,14617.2,1.94497
35640,1.70004,14594.1,1.95171
35700,1.6908,14564.9,1.94985
35760,1.58779,14560.1,1.94889
35820,1.52732,14555.1,1.95325
35880,1.64956,14559.2,1.94498
35940,1.7033,14532.2,1.94293
36000,1.71913,14504.4,1.9434
36060,1.62637,14488.3,1.93888
36120,1.60665,14539.1,1.94347
36180,1.46281,14604.6,1.93892
36240,1.55343,14630.5,1.94141
36300,1.6123,14630.7,1.94462
36360,1.58369,14686.8,1.94557
36420,1.63727,14681.5,1.9453
36480,1.76936,14708.0,1.94397
36540,1.52224,14561.0,1.94248
36600,1.73118,14726.4,1.94565
36660,1.59888,14728.4,1.94513
36720,1.75029,14733.8,1.94461
36780,1.84759,14835.6,1.94603
36840,1.69704,14718.6,1.94578
36900,1.61318,14790.6,1.94825
36960,1.76953,14866.3,1.95226
37020,1.75121,14991.9,1.96341
37080,1.76342,14972.9,1.96028
37140,1.73177,14997.1,1.963
37200,1.52641,15018.7,1.96108
37260,1.67084,14980.6,1.95288
37320,1.61615,15069.5,1.95506
37380,1.6826,15005.2,1.95139
37440,1.6561,14996.7,1.95276
37500,1.77953,15032.8,1.95397
37560,1.80328,15084.4,1.9539
37620,1.73066,15051.5,1.95045
37680,1.62853,15014.2,1.95306
37740,1.56873,15011.8,1.94753
37800,1.59066,15007.4,1.9449
37860,1.56101,15072.2,1.95217
37920,1.51608,14983.9,1.94315
37980,1.4478,14968.2,1.94374
38040,1.68636,15051.2,1.94623
38100,1.70802,15158.4,1.94938
38160,1.91308,15071.9,1.94892
38220,1.85026,15110.4,1.9456
38280,1.63937,15122.4,1.94204
38340,1.59601,14924.5,1.93996
38400,1.62162,15054.4,1.94226
38460,1.58074,14885.4,1.93859
38520,1.35403,14905.3,1.94137
38580,1.76765,14959.9,1.9445
38640,1.64362,14845.6,1.94284
38700,1.91595,14986.4,1.94289
38760,1.88309,14957.7,1.94349
38820,1.77272,14947.9,1.94328
38880,1.56669,14865.2,1.9437
38940,1.75327,14869.8,1.9444
39000,1.63796,14965.9,1.94241
39060,1.5873,14691.8,1.93829
39120,1.44157,14560.5,1.93917
39180,1.62521,14702.7,1.94151
39240,1.62944,14760.5,1.9421
39300,1.64477,14849.4,1.94513
39360,1.80116,14485.4,1.93992
39420,1.66559,14611.7,1.94395
39480,1.59028,14835.9,1.94677
39540,1.95198,14997.6,1.95058
39600,1.90124,15097.6,1.95188
39660,1.67729,15291.0,1.95285
39720,1.85578,14936.4,1.94966
39780,1.8852,14801.4,1.95013
39840,1.72931,14809.8,1.95258
39900,1.67065,14522.8,1.94712
39960,1.72395,14592.6,1.94929
40020,1.86625,14520.0,1.95119
40080,1.86608,14590.6,1.95325
40140,1.74353,14497.3,1.95011
40200,1.58865,14353.7,1.94482
40260,1.95029,14397.2,1.94932
40320,1.61566,14387.0,1.94472
40380,1.70463,14532.2,1.95109
40440,1.73019,14662.8,1.95068
40500,1.7621,14400.1,1.94431
40560,1.60434,14266.0,1.94041
40620,1.63475,14321.2,1.93821
40680,1.44849,14362.2,1.94277
40740,1.7494,14342.9,1.94006
40800,1.55472,14315.5,1.94484
40860,1.58298,14358.5,1.94497
40920,1.68339,14390.9,1.94278
40980,1.64767,14324.3,1.9423
41040,1.60693,14417.9,1.94493
41100,1.51357,14482.9,1.94478
41160,1.80312,14403.4,1.94719
41220,1.62405,14337.2,1.946
41280,1.92359,14464.4,1.94919
41340,1.67793,14473.5,1.94955
41400,1.6384,14378.5,1.95812
41460,1.86319,14209.8,1.95237
41520,1.75694,14291.7,1.95883
41580,1.69959,14295.0,1.9577
41640,1.59589,14129.2,1.95156
41700,1.64074,14233.7,1.94812
41760,1.56228,14131.7,1.94748
41820,1.43522,14088.8,1.94387
41880,1.63664,14107.5,1.9428
41940,1.74236,13970.9,1.94371
42000,1.52734,13917.8,1.94237
42060,1.36926,13919.8,1.94289
42120,1.40908,13807.0,1.94004
42180,1.65034,13823.4,1.94132
42240,1.56475,13924.7,1.94208
42300,1.53627,13892.2,1.94306
42360,1.5373,13924.3,1.94344
42420,1.63111,13814.6,1.94422
42480,1.76159,13831.4,1.94865
42540,1.77891,14041.2,1.95072
42600,1.85624,14024.7,1.94924
42660,1.74828,13982.6,1.94795
42720,1.49502,14036.5,1.9445
42780,1.94582,14013.0,1.94594
42840,1.66947,14124.3,1.94749
42900,1.76367,14171.3,1.95012
42960,1.56641,14035.4,1.94871
43020,1.71694,13972.5,1.94766
43080,1.74182,13927.8,1.95203
43140,1.62811,13980.8,1.95749
43200,1.64521,13966.7,1.95059
43260,1.49114,13869.2,1.94439
43320,1.73603,13872.3,1.9432
43380,1.59662,13948.0,1.94827
43440,1.75461,14110.2,1.95481
43500,1.53311,14068.7,1.95594
43560,1.62031,14163.2,1.95793
43620,1.67443,14160.7,1.95573
43680,1.66098,14375.5,1.95491
43740,1.36217,14046.8,1.94247
43800,1.76842,13960.6,1.94332
43860,1.36697,14006.1,1.93977
43920,1.51521,14145.9,1.94477
43980,1.38722,14102.1,1.94427
44040,1.78423,14195.3,1.94641
44100,1.75695,14145.5,1.94316
44160,1.61569,14033.0,1.93875
44220,1.38047,13968.8,1.93764
44280,1.56734,14059.6,1.93878
44340,1.6282,14152.4,1.94036
44400,1.48145,14284.1,1.94772
44460,1.7243,14434.1,1.94994
44520,1.69003,14385.7,1.94909
44580,1.59554,14366.5,1.94616
44640,1.77736,14318.0,1.94286
44700,1.75258,14281.0,1.94276
44760,1.62387,14201.4,1.93939
44820,1.59747,14221.1,1.94373
44880,1.59856,14107.7,1.94272
44940,1.73842,14069.4,1.94012
45000,1.74689,14089.3,1.94071
45060,1.61288,14170.1,1.94131
45120,1.57313,14180.1,1.94207
45180,1.73818,14180.8,1.94342
45240,1.71126,14212.5,1.9559
45300,1.60911,14179.0,1.94751
45360,1.39435,14259.8,1.95283
45420,1.34021,14425.8,1.95243
45480,1.50676,14166.0,1.94637
45540,1.53312,14258.7,1.94903
45600,1.73771,14250.6,1.94921
45660,1.70305,14255.3,1.94992
45720,1.51335,14318.9,1.94914
45780,1.59437,14461.4,1.94671
45840,1.49672,14321.0,1.94407
45900,1.81807,14341.5,1.94736
45960,1.91451,14493.6,1.94772
46020,1.46488,14345.7,1.94901
46080,1.74519,14461.3,1.94825
46140,1.6628,14548.5,1.9498
46200,1.73591,14425.8,1.95149
46260,1.74276,14513.9,1.9529
46320,1.7953,14541.9,1.95233
46380,1.59043,14623.5,1.95026
46440,1.75286,14641.5,1.95101
46500,1.80648,14514.1,1.9498
46560,1.83705,14539.3,1.94864
46620,1.69717,14615.1,1.95307
46680,2.00238,14578.0,1.95669
46740,1.98646,14626.4,1.95164
46800,1.75341,14863.0,1.96018
46860,1.54603,14810.1,1.96347
46920,1.69692,14902.2,1.95712
46980,1.85913,14807.1,1.95398
47040,1.59113,14694.0,1.95074
47100,1.87183,14768.4,1.95485
47160,1.6313,14718.3,1.95263
47220,2.03418,14775.7,1.95531
47280,1.79842,14820.8,1.95752
47340,1.9948,14895.3,1.95837
47400,1.95232,15010.1,1.96072
47460,1.96663,15222.1,1.95717
47520,1.96249,15094.8,1.95918
47580,1.77731,15017.9,1.95855
47640,2.00703,15167.5,1.95838
47700,1.76559,15250.1,1.96134
47760,1.88486,15060.1,1.9622
47820,1.82448,15112.1,1.96113
47880,1.92986,15074.9,1.96336
47940,1.8672,15246.2,1.96178
48000,2.04741,15265.5,1.96361
48060,1.76863,15253.9,1.96507
48120,2.06716,15261.1,1.96326
48180,2.12373,15194.6,1.96184
48240,2.08682,15078.1,1.96095
48300,2.06958,15069.6,1.96314
48360,1.91669,15229.3,1.96623
48420,1.9367,15345.0,1.96431
48480,1.89237,15373.3,1.96533
48540,2.04634,15603.3,1.96633
48600,1.79998,15237.4,1.96357
48660,1.89116,15438.7,1.96577
48720,2.17256,15585.8,1.96784
48780,2.03139,15754.2,1.98745
48840,2.02355,15962.8,1.99566
48900,2.23873,15867.4,1.98668
48960,2.24048,15945.4,1.98245
49020,2.19572,15667.2,1.97239
49080,2.30049,15704.7,1.97036
49140,2.25238,15696.8,1.96919
49200,2.07248,15552.0,1.96669
49260,1.99919,15618.6,1.96559
49320,1.98823,15895.7,1.96493
49380,2.36902,15615.2,1.96652
49440,2.31296,15701.2,1.96638
49500,2.14096,15900.4,1.96928
49560,2.32969,15976.5,1.98221
49620,2.14912,15930.4,1.97671
49680,2.19181,16122.2,1.97641
49740,2.21327,16155.0,1.97622
49800,2.49641,16353.6,1.97363
49860,2.07531,16417.4,1.98393
49920,2.26367,16139.1,1.97424
49980,2.1675,16387.2,1.97896
50040,2.38246,16175.1,1.97463
50100,2.47495,16352.8,1.97731
50160,2.50884,16616.4,1.97908
50220,2.22913,16336.5,1.97459
50280,2.50288,16329.9,1.97902
50340,2.13213,16393.2,1.97584
50400,2.42371,16600.5,1.97569
50460,2.59572,16431.0,1.97921
50520,2.32816,16422.0,1.97832
50580,2.39941,17025.6,1.98157
50640,2.45452,16828.0,1.98636
50700,2.33664,16767.6,1.99757
50760,2.28995,17099.6,1.99398
50820,2.31066,17206.3,1.98744
50880,2.51641,16979.7,1.98859
50940,2.45302,17186.6,1.98993
51000,2.66938,17312.2,1.98773
51060,2.48126,17377.6,1.98906
51120,2.41766,17370.2,1.995
51180,2.68363,17672.3,1.98927
51240,2.70316,17752.9,1.98911
51300,2.68543,17724.6,1.99125
51360,2.66574,17859.5,1.9906
51420,2.94696,17791.6,1.99063
51480,2.82553,17927.0,1.98576
51540,2.77361,18040.2,1.9862
51600,2.76398,18148.1,1.98546
51660,2.58561,18489.7,1.9881
51720,2.79169,18294.8,1.9892
51780,2.58674,18373.0,1.98813
51840,2.73726,18640.3,1.98712
51900,2.69797,18588.7,1.98485
51960,2.93992,17812.8,1.98423
52020,2.86412,17663.3,1.98506
52080,3.00561,18034.4,1.9862
52140,2.86128,18049.3,1.98791
52200,2.88865,17745.4,1.98009
52260,2.46073,17853.4,1.98126
52320,2.72216,17973.4,1.98486
52380,2.67718,17837.6,1.98423
52440,2.85254,17810.6,1.98218
52500,2.7009,18253.9,1.9834
52560,2.75469,18320.3,1.97978
52620,2.69444,17994.2,1.97809
52680,2.48429,17888.2,1.97147
52740,2.50479,18234.5,1.97062
52800,2.70631,18008.7,1.97255
52860,2.65689,18053.7,1.97273
52920,2.54696,18124.1,1.97294
52980,2.66783,18145.6,1.97245
53040,2.82606,18132.1,1.97575
53100,2.91254,18291.0,1.97498
53160,2.80038,18328.5,1.97569
53220,2.41044,17689.4,1.96864
53280,2.4342,17062.4,1.96088
53340,2.17888,16930.4,1.95651
53400,2.34047,17007.4,1.9569
53460,2.6649,17810.1,1.9617
53520,2.39347,17463.2,1.96267
53580,2.39269,17464.9,1.95624
53640,2.12445,17114.6,1.94783
53700,2.3826,17186.0,1.95224
53760,2.34896,17187.2,1.94934
53820,2.5207,17149.7,1.94847
53880,2.06205,17260.4,1.94954
53940,2.25189,17344.7,1.95127
54000,2.35931,17086.9,1.94912
54060,2.31208,17463.3,1.95045
54120,2.24444,17670.8,1.95166
54180,2.28452,17124.3,1.94796
54240,2.34666,16625.3,1.94262
54300,2.2837,16723.6,1.94319
54360,2.29041,16983.4,1.94867
54420,2.69139,16969.5,1.9485
54480,2.41509,16899.9,1.94328
54540,2.16004,16378.8,1.94259
54600,2.2152,16966.2,1.94259
54660,2.28116,16997.1,1.94401
54720,2.27335,16810.9,1.94892
54780,2.31516,16922.2,1.94945
54840,2.26627,16930.2,1.94577
54900,2.33938,17140.8,1.94466
54960,2.53198,17172.9,1.94562
55020,2.67014,17328.1,1.94772
55080,2.43821,16988.4,1.9434
55140,2.65001,17484.1,1.94617
55200,2.72604,17202.8,1.94428
55260,2.86603,17554.4,1.94596
55320,2.70502,17475.7,1.94481
55380,2.50974,16684.2,1.93761
55440,2.30081,16999.8,1.93555
55500,2.40417,16841.6,1.9386
55560,2.18621,17263.7,1.93557
55620,1.90102,16750.7,1.9364
55680,2.34427,16436.5,1.93342
55740,2.24224,17044.8,1.93074
55800,2.48254,16623.1,1.93237
55860,2.29029,16638.4,1.93055
55920,2.3905,16485.3,1.9296
55980,2.20664,16175.1,1.92995
56040,2.3779,16034.2,1.92635
56100,2.1869,16143.8,1.92395
56160,2.3629,15943.6,1.92103
56220,2.08345,15850.8,1.92422
56280,2.24506,15783.2,1.92296
56340,2.26257,16468.6,1.92115
56400,2.29388,16617.6,1.92364
56460,2.43171,15998.0,1.92303
56520,2.25899,16213.2,1.92045
56580,2.36652,16383.4,1.92126
56640,2.49423,16029.4,1.92226
56700,2.59915,15994.1,1.92118
56760,2.3898,15835.9,1.91858
56820,2.53038,15851.0,1.92166
56880,2.26774,15811.6,1.9236
56940,2.38209,15832.2,1.92196
57000,2.338,15792.1,1.92128
57060,2.32939,15984.8,1.92317
57120,2.44561,16006.6,1.91784
57180,2.47696,15868.0,1.91859
57240,2.65961,16112.0,1.92211
57300,2.17821,15903.9,1.91821
57360,2.46107,16287.9,1.91964
57420,2.46634,16352.8,1.91975
57480,2.54769,16628.7,1.91819
57540,2.47584,15852.1,1.91621
57600,2.4505,15891.7,1.92044
57660,2.5305,16174.8,1.91801
57720,2.42246,17031.1,1.91397
57780,2.43081,16755.2,1.91564
57840,2.37837,16782.8,1.91435
57900,2.3953,16508.7,1.91776
57960,2.66585,16723.5,1.9157
58020,2.60261,16549.7,1.91666
58080,2.55663,16809.8,1.91452
58140,2.85414,16984.1,1.91611
58200,2.67886,16505.2,1.91758
58260,2.69885,16378.7,1.9159
58320,2.56616,16088.4,1.91419
58380,2.38661,16354.4,1.91368
58440,2.59448,16586.0,1.91235
58500,2.22128,16896.7,1.91151
58560,2.60148,17122.6,1.91472
58620,2.58831,16632.1,1.91169
58680,2.66844,16418.9,1.91407
58740,2.84047,16451.8,1.91572
58800,2.97818,16359.8,1.91491
58860,2.86481,16417.2,1.91141
58920,2.70179,16364.9,1.91253
58980,2.76786,16382.1,1.91582
59040,2.71167,16376.8,1.91266
59100,2.59176,16363.0,1.9119
59160,2.85529,16627.2,1.91063
59220,2.82775,17144.1,1.91071
59280,2.63457,16675.5,1.91119
59340,2.91457,17260.9,1.91047
59400,2.8657,16565.3,1.91124
59460,2.79335,16455.3,1.90954
59520,2.88111,16767.6,1.91208
59580,2.62819,17048.2,1.90671
59640,3.22159,16448.2,1.91199
59700,2.92304,16597.1,1.91036
59760,2.88041,16384.1,1.91022
59820,2.39809,16153.4,1.9057
59880,3.0008,16470.6,1.90789
59940,2.95807,16365.4,1.90836
60000,2.77673,16136.9,1.90739
60060,2.84857,16505.4,1.9067
60120,2.8829,16670.3,1.9058
60180,2.92341,16340.7,1.90653
60240,3.02666,16295.9,1.90805
60300,2.81171,16188.0,1.90826
60360,2.71458,16167.9,1.90685
60420,2.71645,16287.9,1.90403
60480,2.94004,16211.1,1.9064
60540,2.81916,16357.7,1.90366
60600,2.68295,16269.0,1.90346
60660,2.74789,16294.9,1.90218
60720,3.01231,16577.8,1.9028
60780,2.79351,16384.0,1.90508
60840,2.65731,16257.4,1.90349
60900,2.49833,16276.5,1.90182
60960,2.59409,16474.0,1.89835
61020,2.22791,16130.6,1.89918
61080,2.09903,15831.4,1.89521
61140,2.26558,15975.1,1.89719
61200,2.13442,15841.6,1.8956
61260,2.09685,16153.3,1.8965
61320,2.55164,16336.5,1.89793
61380,2.16899,16302.3,1.89948
61440,2.27799,16114.3,1.89643
61500,2.69534,16740.4,1.89964
61560,3.00131,16979.8,1.90346
61620,2.50402,16714.2,1.90194
61680,2.30215,16221.3,1.89616
61740,2.3278,16213.5,1.89772
61800,1.81665,15844.6,1.89605
61860,1.85876,15929.5,1.89422
61920,1.70857,15919.7,1.89382
61980,2.30306,15958.2,1.89521
62040,2.07328,15926.2,1.8961
62100,1.99432,16245.1,1.89614
62160,2.02812,16216.9,1.89817
62220,1.89871,16641.1,1.894
62280,1.97365,16405.3,1.89621
62340,1.74709,16267.3,1.89522
62400,2.09166,16235.1,1.89503
62460,1.9979,15877.5,1.89744
62520,1.99686,15637.6,1.89472
62580,2.04589,16043.3,1.89406
62640,1.74813,16053.8,1.89344
62700,2.27322,15739.9,1.89257
62760,2.15227,16047.1,1.89324
62820,2.26848,16287.2,1.89389
62880,2.19945,16251.9,1.89521
62940,2.12588,16119.4,1.89351
63000,2.30239,16180.6,1.8942
63060,1.98169,15826.0,1.89346
63120,1.81975,15391.6,1.89675
63180,1.8578,15524.1,1.89414
63240,2.21311,15657.1,1.89469
63300,2.27351,15628.2,1.89682
63360,2.10603,15630.5,1.89418
63420,2.12136,15693.0,1.89475
63480,1.96407,15959.9,1.89404
63540,2.10922,15982.2,1.89236
63600,2.24007,15862.2,1.89261
63660,1.93382,15912.8,1.89371
63720,2.01494,15926.9,1.89164
63780,2.1634,15982.5,1.89173
63840,2.20647,16261.2,1.89379
63900,2.04772,16015.1,1.89491
63960,2.22575,15955.0,1.89261
64020,2.08744,16118.7,1.89436
64080,2.29991,16305.2,1.89228
64140,1.86758,16486.0,1.89074
64200,1.93204,16057.4,1.89065
64260,2.10133,16115.0,1.89204
64320,2.25877,16052.1,1.89512
64380,1.93317,15973.8,1.89229
64440,2.36184,15948.9,1.89511
64500,2.23754,16112.4,1.89557
64560,2.24322,15564.9,1.89569
64620,2.05926,15394.1,1.89736
64680,1.9661,15373.2,1.89567
64740,1.99253,15849.7,1.89307
