CampaignData_and_Merges/R0/CSL_MobileLab_Parked/raw/20240811/USOS-NOAAIodideCIMS-Halogens_MobileLabGround_20240811_RA.ict
38, 1001
Michael A Robinson, Chris Jernigan, Subi Thakali
NOAA ESRL Chemical Sciences Laboratory and CIRES, U. of Colorado
NOAA Iodide CIMS Instrument
USOS
1, 1
2024, 08, 11, 2024, 08, 13
1
starttime_UTC, seconds_past_midnight, seconds_of_day_since_00:00:00_UTC
6
1, 1, 1, 1, 1, 1
-9999, -9999, -9999, -9999, -9999, -9999
Br2_NOAACIMS, pptv, Gas_Br2_InSitu_S_AVMR, 
BrO_NOAACIMS, pptv, Gas_BrO_InSitu_S_AVMR, 
Cl2_NOAACIMS, pptv, Gas_Cl2_InSitu_S_AVMR, 
ClNO2_NOAACIMS, pptv, Gas_ClNO2_InSitu_S_AVMR, 
BrCl_NOAACIMS, pptv, Gas_BrCl_InSitu_S_AVMR, 
NCl3_NOAACIMS, pptv, Gas_NCl3_InSitu_S_AVMR, 
0
18
PI_CONTACT_INFO: 325 Broadway, R/CSD 7, Boulder, Colorado 80305; michael.a.robinson@noaa.gov; chris.jernigan@noaa.gov;
PLATFORM: NOAA CSL Mobile Lab
LOCATION: SLC, Utah
ASSOCIATED_DATA: 1Hz data also available on request.
INSTRUMENT_INFO: NOAA I- ToF CIMS
DATA_INFO: All data in parts per trillion by volume (pptv). 1 Hz data is available upon request.
UNCERTAINTY: TBD
ULOD_FLAG: -7777
ULOD_VALUE: N/A
LLOD_FLAG: -8888
LLOD_VALUE: N/A
DM_CONTACT_INFO: Nathan Howard; nathan.h.howard@noaa.gov
PROJECT_INFO: USOS, summer 2024. https://csl.noaa.gov/groups/csl7/measurements/2024usos/
STIPULATIONS_ON_USE: Users are strongly encouraged to contact the PI for proper data usage.
OTHER_COMMENTS: 
REVISION: RA
RA: Preliminary Data; For in-field use only
starttime_UTC, Br2_NOAACIMS, BrO_NOAACIMS, Cl2_NOAACIMS, ClNO2_NOAACIMS, BrCl_NOAACIMS, NCl3_NOAACIMS
[from data line 549]
 32940,  0.703,  0.015,  0.936,  0.426,  0.171,  6.982
 33000,  0.797,  0.024,  0.957,  0.371,  0.131,  6.920
 33060,  0.560,  0.007,  1.008,  0.380,  0.178,  7.185
 33120,  0.754,  0.001,  0.994,  0.440,  0.144,  7.457
 33180,  0.775,  0.039,  0.996,  0.388,  0.180,  7.911
 33240,  0.723,  0.024,  1.052,  0.409,  0.181,  8.012
 33300,  0.794,  0.064,  1.108,  0.457,  0.106,  7.918
 33360,  0.716, -0.008,  1.048,  0.425,  0.117,  7.454
 33420,  0.893,  0.031,  1.112,  0.469,  0.111,  7.951
 33480,  0.707,  0.031,  1.226,  0.380,  0.206,  7.665
 33540,  0.684,  0.094,  1.133,  0.412,  0.153,  7.723
 33600,  0.661,  0.019,  1.189,  0.437,  0.174,  7.673
 33660,  0.727,  0.058,  1.189,  0.392,  0.149,  7.640
 33720,  0.739,  0.022,  1.143,  0.431,  0.147,  7.532
 33780,  0.838,  0.061,  1.104,  0.378,  0.134,  7.367
 33840,  0.676,  0.005,  1.213,  0.430,  0.132,  7.669
 33900,  0.741,  0.009,  1.182,  0.444,  0.139,  8.262
 33960,  0.820,  0.124,  1.245,  0.434,  0.175,  7.817
 34020,  0.845,  0.100,  1.261,  0.430,  0.151,  8.517
 34080,  0.765,  0.072,  1.313,  0.410,  0.144,  8.866
 34140,  0.747,  0.031,  1.283,  0.413,  0.102,  8.751
 34200,  0.689,  0.039,  1.304,  0.432,  0.136,  9.110
 34260,  0.796,  0.105,  1.270,  0.426,  0.175,  8.667
 34320,  0.715,  0.016,  1.303,  0.462,  0.188,  8.323
 34380,  0.742,  0.026,  1.181,  0.413,  0.157,  8.791
 34440,  0.782,  0.060,  1.206,  0.484,  0.164,  8.278
 34500,  0.778,  0.058,  1.149,  0.440,  0.182,  8.509
 34560,  0.778,  0.068,  1.130,  0.439,  0.164,  8.585
 34620,  0.795,  0.112,  1.205,  0.404,  0.129,  8.830
 34680,  0.749,  0.029,  1.263,  0.422,  0.178,  8.710
 34740,  0.790,  0.084,  1.246,  0.434,  0.168,  9.125
 34800,  0.807,  0.076,  1.276,  0.381,  0.162,  8.871
 34860,  0.766,  0.027,  1.157,  0.420,  0.202,  8.717
 34920,  0.839,  0.075,  1.212,  0.431,  0.166,  9.036
 34980,  0.896,  0.128,  1.190,  0.410,  0.142,  8.426
 35040,  0.764,  0.076,  1.188,  0.421,  0.140,  8.918
 35100,  0.921,  0.069,  1.105,  0.409,  0.154,  8.760
 35160,  0.850,  0.089,  1.114,  0.397,  0.167,  8.766
 35220, -9999.000, -9999.000, -9999.000, -9999.000, -9999.000, -9999.000
 35280,  0.673,  0.097,  1.070,  0.473,  0.173,  9.589
 35340,  0.762,  0.046,  1.193,  0.401,  0.168,  9.162
 35400,  0.904,  0.048,  1.115,  0.467,  0.206,  9.709
 35460,  0.728,  0.078,  1.121,  0.437,  0.169,  9.221
 35520,  0.751,  0.057,  1.129,  0.459,  0.129,  9.079
 35580,  0.756,  0.086,  1.084,  0.456,  0.139,  8.931
 35640,  0.862,  0.107,  1.014,  0.463,  0.161,  8.838
 35700,  0.727,  0.112,  1.056,  0.462,  0.190,  8.842
 35760,  0.819,  0.116,  1.094,  0.444,  0.160,  8.789
 35820,  0.654,  0.082,  1.043,  0.422,  0.151,  8.616
 35880,  0.684,  0.065,  0.956,  0.464,  0.171,  8.801
 35940,  0.840,  0.115,  0.988,  0.470,  0.133,  8.525
 36000,  0.799,  0.058,  1.141,  0.429,  0.143,  8.742
 36060,  0.763,  0.060,  1.013,  0.407,  0.161,  8.924
 36120,  0.881,  0.072,  1.078,  0.440,  0.178,  9.045
 36180,  0.827,  0.132,  1.010,  0.424,  0.171,  8.783
 36240,  0.752,  0.056,  0.945,  0.408,  0.129,  8.867
 36300,  0.761,  0.127,  1.003,  0.411,  0.095,  8.513
 36360,  0.801,  0.073,  1.014,  0.435,  0.204,  8.661
 36420,  0.763,  0.066,  1.139,  0.499,  0.174,  8.962
 36480,  0.650,  0.158,  0.954,  0.435,  0.114,  9.182
 36540,  0.778,  0.067,  0.998,  0.441,  0.170,  8.734
 36600,  0.731,  0.085,  0.960,  0.445,  0.133,  8.757
 36660,  0.736,  0.119,  0.888,  0.438,  0.188,  8.912
 36720,  0.522,  0.066,  0.959,  0.431,  0.141,  8.975
 36780,  0.654,  0.035,  0.942,  0.422,  0.170,  9.032
 36840,  0.684,  0.067,  0.914,  0.415,  0.159,  8.637
 36900,  0.617,  0.062,  0.915,  0.395,  0.136,  8.722
 36960,  0.732,  0.089,  0.972,  0.455,  0.149,  9.253
 37020,  0.720,  0.029,  0.937,  0.458,  0.171,  8.979
 37080,  0.726, -0.025,  0.833,  0.454,  0.235,  6.902
 37140,  0.665,  0.025,  0.983,  0.495,  0.148,  9.894
 37200,  0.629,  0.104,  1.039,  0.537,  0.141,  9.838
 37260,  0.678,  0.096,  0.919,  0.459,  0.155,  9.874
 37320,  0.565,  0.115,  0.990,  0.463,  0.142,  9.915
 37380,  0.730,  0.079,  1.009,  0.448,  0.180,  8.962
 37440,  0.700,  0.044,  0.963,  0.360,  0.161,  8.785
 37500,  0.728,  0.106,  1.015,  0.434,  0.153,  8.746
 37560,  0.688,  0.077,  0.938,  0.461,  0.146,  8.315
 37620,  0.646,  0.119,  0.928,  0.398,  0.137,  8.193
 37680,  0.675,  0.000,  0.863,  0.409,  0.188,  7.999
 37740,  0.665,  0.084,  0.855,  0.427,  0.155,  8.282
 37800,  0.702,  0.066,  0.851,  0.405,  0.168,  7.874
 37860,  0.693,  0.034,  0.921,  0.420,  0.160,  8.258
 37920,  0.708,  0.084,  0.819,  0.411,  0.139,  8.565
 37980,  0.755,  0.032,  0.856,  0.411,  0.131,  7.907
 38040,  0.638,  0.085,  0.779,  0.369,  0.123,  7.935
 38100,  0.646,  0.080,  0.821,  0.441,  0.130,  8.090
 38160,  0.644,  0.042,  0.792,  0.432,  0.126,  8.183
 38220,  0.609,  0.093,  0.829,  0.429,  0.146,  7.999
 38280,  0.599,  0.083,  0.878,  0.378,  0.161,  7.952
 38340,  0.636,  0.045,  0.749,  0.416,  0.150,  7.658
 38400,  0.761,  0.099,  0.850,  0.395,  0.155,  8.065
 38460,  0.730,  0.044,  0.863,  0.412,  0.171,  8.762
 38520,  0.816,  0.016,  0.796,  0.389,  0.151,  8.279
 38580,  0.694,  0.035,  0.807,  0.401,  0.149,  8.500
 38640,  0.661,  0.050,  0.885,  0.432,  0.170,  8.553
 38700,  0.629,  0.035,  0.829,  0.371,  0.126,  8.387
 38760,  0.675,  0.120,  0.832,  0.409,  0.135,  8.476
 38820,  0.698,  0.056,  0.843,  0.362,  0.098,  8.621
 38880,  0.749,  0.166,  0.766,  0.324,  0.189,  8.512
 38940, -9999.000, -9999.000, -9999.000, -9999.000, -9999.000, -9999.000
 39000,  0.684,  0.011,  0.766,  0.342,  0.185,  8.667
 39060,  0.718,  0.032,  0.839,  0.304,  0.132,  8.847
 39120,  0.591,  0.060,  0.824,  0.351,  0.150,  8.634
 39180,  0.626,  0.084,  0.842,  0.449,  0.161,  8.466
 39240,  0.660,  0.079,  0.865,  0.395,  0.140,  8.477
 39300,  0.680,  0.030,  0.813,  0.395,  0.153,  7.918
 39360,  0.668,  0.069,  0.906,  0.390,  0.129,  8.447
 39420,  0.660,  0.022,  0.822,  0.425,  0.155,  8.829
 39480,  0.609,  0.047,  0.761,  0.436,  0.212,  9.317
 39540,  0.724,  0.045,  0.793,  0.451,  0.241, 10.016
 39600,  0.603,  0.009,  0.860,  0.470,  0.171,  9.403
 39660,  0.704,  0.039,  0.797,  0.478,  0.197,  9.939
 39720,  0.766,  0.032,  0.764,  0.414,  0.162,  9.058
 39780,  0.704,  0.045,  0.793,  0.396,  0.123,  8.280
 39840,  0.654, -0.002,  0.756,  0.452,  0.137,  8.124
 39900,  0.719,  0.019,  0.799,  0.445,  0.102,  7.959
 39960,  0.705,  0.035,  0.757,  0.402,  0.141,  7.935
 40020,  0.633,  0.037,  0.766,  0.434,  0.143,  7.725
 40080,  0.670,  0.010,  0.737,  0.379,  0.135,  7.921
 40140,  0.610,  0.017,  0.744,  0.424,  0.124,  7.750
 40200,  0.645, -0.005,  0.727,  0.431,  0.100,  7.471
 40260,  0.685,  0.061,  0.806,  0.473,  0.138,  7.409
 40320,  0.585,  0.026,  0.805,  0.475,  0.135,  7.280
 40380,  0.544,  0.004,  0.775,  0.451,  0.134,  7.351
 40440,  0.650,  0.017,  0.739,  0.519,  0.110,  7.213
 40500,  0.644, -0.008,  0.847,  0.501,  0.142,  7.480
 40560,  0.687, -0.026,  0.813,  0.594,  0.132,  7.744
 40620,  0.647, -0.052,  0.744,  0.637,  0.150,  7.385
 40680,  0.687,  0.038,  0.770,  0.623,  0.163,  7.526
 40740,  0.663,  0.048,  0.870,  0.583,  0.109,  7.756
 40800,  0.667, -0.089,  0.476,  0.602,  0.187,  8.749
 40860,  0.689,  0.072,  0.795,  0.632,  0.142,  7.735
 40920,  0.685,  0.013,  0.782,  0.642,  0.181,  7.615
 40980,  0.622, -0.013,  0.797,  0.684,  0.202,  8.247
 41040,  0.785, -0.047,  1.031,  0.782,  0.319, 11.138
 41100,  0.711, -0.013,  0.872,  0.701,  0.284,  9.489
 41160,  0.720,  0.019,  0.817,  0.689,  0.180,  8.676
 41220,  0.645,  0.061,  0.945,  0.751,  0.239,  8.877
 41280,  0.691, -0.029,  0.845,  0.712,  0.270,  9.736
 41340,  0.655,  0.044,  0.863,  0.840,  0.215,  9.053
 41400,  0.789, -0.026,  0.758,  0.656,  0.174,  6.819
 41460,  0.685,  0.039,  0.763,  0.627,  0.131,  6.920
 41520,  0.678,  0.004,  0.738,  0.624,  0.143,  6.869
 41580,  0.628, -0.014,  0.647,  0.578,  0.168,  6.987
 41640,  0.728, -0.043,  0.781,  0.571,  0.159,  7.282
 41700,  0.682,  0.071,  0.786,  0.514,  0.133,  7.238
 41760,  0.813, -0.027,  0.762,  0.519,  0.206,  7.961
 41820,  0.709,  0.032,  0.722,  0.536,  0.141,  7.602
 41880,  0.680,  0.015,  0.793,  0.513,  0.150,  8.261
 41940,  0.653,  0.004,  0.812,  0.531,  0.193,  8.398
 42000,  0.720,  0.025,  0.765,  0.535,  0.169,  8.852
 42060,  0.690,  0.070,  0.828,  0.491,  0.155,  8.459
 42120,  0.690,  0.052,  0.779,  0.438,  0.154,  8.252
 42180,  0.686, -0.004,  0.843,  0.463,  0.169,  8.793
 42240,  0.628, -0.002,  0.741,  0.459,  0.211,  8.119
 42300,  0.634,  0.005,  0.764,  0.461,  0.199,  8.316
 42360,  0.700,  0.009,  0.864,  0.453,  0.194,  8.603
 42420,  0.683,  0.050,  0.849,  0.511,  0.226,  9.217
 42480,  0.759,  0.040,  0.774,  0.464,  0.167,  8.586
 42540,  0.671,  0.014,  0.711,  0.489,  0.180,  8.083
 42600,  0.734,  0.189,  0.601,  0.557,  0.221,  9.779
 42660,  0.559,  0.068,  0.622,  0.267,  0.083,  9.537
 42720,  0.757,  0.086,  0.731,  0.544,  0.204,  8.023
 42780,  0.622, -0.036,  0.683,  0.547,  0.186,  7.750
 42840,  0.652,  0.001,  0.680,  0.465,  0.157,  8.203
 42900,  0.690,  0.009,  0.775,  0.529,  0.153,  7.827
 42960,  0.646,  0.028,  0.775,  0.502,  0.170,  8.088
 43020,  0.678, -0.018,  0.857,  0.532,  0.218,  8.260
 43080,  0.690,  0.058,  0.715,  0.546,  0.240,  8.170
 43140,  0.771,  0.004,  0.793,  0.531,  0.167,  7.957
 43200,  0.726,  0.070,  0.837,  0.568,  0.230,  8.652
 43260,  0.729,  0.055,  0.794,  0.566,  0.155,  7.889
 43320,  0.716,  0.039,  0.818,  0.568,  0.144,  7.750
 43380,  0.812,  0.027,  0.887,  0.524,  0.298,  9.217
 43440,  0.861,  0.003,  0.788,  0.615,  0.277, 10.714
 43500,  0.786,  0.010,  0.749,  0.598,  0.175,  8.013
 43560,  0.825, -0.025,  0.813,  0.547,  0.185,  8.456
 43620,  0.891, -0.022,  0.746,  0.654,  0.223, 10.238
 43680,  0.951,  0.047,  1.088,  0.818,  0.354, 16.529
 43740,  0.779, -0.007,  0.842,  0.668,  0.240,  7.918
 43800,  0.773, -0.036,  0.821,  0.657,  0.198,  7.752
 43860,  0.816,  0.005,  0.841,  0.706,  0.195,  7.419
 43920,  0.794, -0.044,  0.784,  0.678,  0.203,  7.442
 43980,  0.919, -0.068,  0.913,  0.733,  0.262, 11.624
 44040,  0.796, -0.030,  0.808,  0.607,  0.211,  7.327
 44100,  0.885, -0.023,  0.865,  0.638,  0.192,  6.750
 44160,  0.826, -0.064,  0.758,  0.634,  0.178,  6.509
 44220,  0.794, -0.075,  0.814,  0.667,  0.146,  6.416
 44280,  0.835, -0.045,  0.783,  0.682,  0.199,  6.628
 44340,  0.842, -0.069,  0.800,  0.629,  0.237,  7.833
 44400,  0.866,  0.032,  0.840,  0.718,  0.275, 10.176
 44460,  0.795, -0.091,  0.733,  0.600,  0.239,  8.558
 44520,  0.856, -0.073,  0.715,  0.720,  0.213,  7.960
 44580,  0.839, -0.081,  0.770,  0.680,  0.197,  8.149
 44640,  0.819, -0.051,  0.732,  0.676,  0.142,  6.501
 44700,  0.799, -0.041,  0.760,  0.646,  0.129,  6.380
 44760,  0.911, -0.008,  0.931,  0.883,  0.223, 12.508
 44820,  0.788, -0.000,  0.862,  0.842,  0.248, 11.088
 44880,  0.845,  0.014,  0.885,  0.774,  0.208,  8.108
 44940,  0.749, -0.041,  0.800,  0.690,  0.214,  7.692
 45000,  0.853,  0.001,  0.834,  0.767,  0.218,  8.633
 45060,  0.882,  0.032,  0.834,  0.780,  0.177,  8.607
 45120,  0.770,  0.055,  0.793,  0.670,  0.157,  7.374
 45180,  0.863,  0.038,  0.759,  0.675,  0.150,  7.059
 45240,  0.807, -0.003,  0.789,  0.769,  0.176,  7.121
 45300,  0.858,  0.018,  0.817,  0.737,  0.172,  6.915
 45360,  0.799,  0.018,  0.901,  0.822,  0.184, 10.305
 45420,  0.839,  0.014,  0.911,  0.893,  0.239, 10.913
 45480,  0.732,  0.135,  0.759,  0.720,  0.149,  6.930
 45540,  0.704,  0.018,  0.750,  0.763,  0.159,  6.684
 45600,  0.834,  0.097,  0.749,  0.713,  0.187,  7.069
 45660,  0.751,  0.024,  0.742,  0.770,  0.168,  6.908
 45720,  0.763,  0.120,  0.850,  0.759,  0.131,  6.851
 45780,  0.766,  0.064,  0.712,  0.693,  0.100,  7.280
 45840,  0.714,  0.080,  0.775,  0.769,  0.135,  7.265
 45900,  0.742,  0.069,  0.971,  0.978,  0.291, 13.517
 45960,  0.823,  0.097,  0.883,  0.869,  0.199, 10.699
 46020,  0.692,  0.094,  0.821,  0.783,  0.185,  8.788
 46080,  0.822,  0.081,  0.841,  0.861,  0.187,  9.613
 46140,  0.763,  0.073,  0.808,  0.754,  0.135,  7.379
 46200,  0.802,  0.080,  0.834,  0.788,  0.153,  7.648
 46260,  0.784,  0.172,  0.851,  0.833,  0.135,  8.454
 46320, -9999.000, -9999.000, -9999.000, -9999.000, -9999.000, -9999.000
 46380,  0.765,  0.177,  0.754,  0.841,  0.133,  8.927
 46440,  0.715,  0.116,  0.996,  0.875,  0.189, 10.766
 46500,  0.765,  0.066,  0.850,  0.822,  0.126,  8.267
 46560,  0.734,  0.115,  0.901,  0.827,  0.167,  8.418
 46620,  0.647,  0.100,  0.840,  0.779,  0.139,  7.904
 46680,  0.677,  0.102,  0.919,  0.829,  0.122,  8.283
 46740,  0.541,  0.082,  0.772,  0.808,  0.186,  9.073
 46800,  0.611,  0.058,  0.862,  0.998,  0.255, 11.897
 46860,  0.626,  0.070,  0.857,  0.840,  0.186,  9.491
 46920,  0.615,  0.096,  0.976,  0.798,  0.167,  7.866
 46980,  0.627,  0.062,  1.064,  0.820,  0.192,  7.937
 47040,  0.549,  0.098,  0.860,  0.800,  0.172,  7.541
 47100,  0.615,  0.039,  0.962,  0.809,  0.149,  7.686
 47160,  0.620,  0.080,  0.816,  0.689,  0.180,  7.423
 47220,  0.563,  0.066,  0.850,  0.736,  0.182,  7.474
 47280,  0.508,  0.159,  0.824,  0.774,  0.167,  7.290
 47340,  0.523,  0.094,  0.771,  0.763,  0.120,  6.783
 47400,  0.648,  0.121,  0.842,  0.787,  0.243,  9.198
 47460,  0.499,  0.076,  0.762,  0.756,  0.194,  7.762
 47520,  0.480,  0.087,  0.732,  0.768,  0.160,  6.968
 47580,  0.531,  0.060,  0.767,  0.789,  0.130,  7.016
 47640,  0.566,  0.040,  0.702,  0.767,  0.103,  6.780
 47700,  0.468,  0.044,  0.781,  0.785,  0.184,  7.286
 47760,  0.452,  0.050,  0.754,  0.842,  0.166,  6.845
 47820,  0.344,  0.079,  0.797,  0.871,  0.159,  6.642
 47880,  0.515,  0.069,  0.708,  0.802,  0.164,  6.980
 47940,  0.506,  0.009,  0.772,  0.801,  0.193,  7.650
 48000,  0.603,  0.059,  0.724,  0.865,  0.224,  8.382
 48060,  0.360,  0.124,  0.804,  0.781,  0.232,  7.170
 48120,  0.448,  0.052,  0.746,  0.783,  0.223,  7.039
 48180, -9999.000, -9999.000, -9999.000, -9999.000, -9999.000, -9999.000
 48240,  0.485,  0.141,  0.759,  0.793,  0.183,  6.669
 48300,  0.479,  0.057,  0.788,  0.819,  0.197,  6.835
 48360,  0.427,  0.074,  0.774,  0.775,  0.188,  6.188
 48420,  0.427,  0.075,  0.705,  0.705,  0.191,  6.272
 48480,  0.383,  0.080,  0.667,  0.701,  0.096,  5.779
 48540,  0.543,  0.084,  0.772,  0.803,  0.153,  6.275
 48600,  0.372,  0.024,  0.743,  0.747,  0.181,  5.746
 48660,  0.427,  0.124,  0.663,  0.803,  0.116,  5.785
 48720,  0.434,  0.063,  0.660,  0.771,  0.171,  5.721
 48780,  0.408,  0.122,  0.729,  0.753,  0.122,  5.919
 48840,  0.361,  0.087,  0.696,  0.759,  0.130,  5.845
 48900,  0.511,  0.065,  0.725,  0.757,  0.163,  5.529
 48960,  0.427,  0.052,  0.703,  0.799,  0.119,  5.129
 49020,  0.426,  0.107,  0.710,  0.804,  0.120,  5.147
 49080,  0.364,  0.090,  0.830,  0.781,  0.122,  5.870
 49140,  0.509,  0.093,  0.914,  0.753,  0.178,  5.611
 49200,  0.412,  0.129,  0.878,  0.801,  0.137,  5.189
 49260,  0.451,  0.126,  0.828,  0.738,  0.133,  5.205
 49320,  0.445,  0.101,  0.986,  0.735,  0.135,  5.276
 49380,  0.433,  0.124,  0.901,  0.809,  0.159,  5.090
 49440,  0.487,  0.098,  0.882,  0.713,  0.126,  4.681
 49500,  0.297,  0.134,  0.790,  0.797,  0.135,  4.508
 49560,  0.528,  0.114,  0.821,  0.733,  0.106,  4.575
 49620,  0.518,  0.076,  0.748,  0.803,  0.156,  4.211
 49680,  0.441,  0.126,  0.680,  0.712,  0.121,  4.216
 49740,  0.389,  0.124,  0.667,  0.719,  0.109,  3.849
 49800,  0.358,  0.115,  0.726,  0.719,  0.122,  3.842
 49860,  0.419,  0.102,  0.789,  0.723,  0.170,  4.024
 49920,  0.449,  0.079,  0.757,  0.759,  0.128,  3.733
 49980,  0.387,  0.068,  0.868,  0.854,  0.068,  3.804
 50040, -9999.000, -9999.000, -9999.000, -9999.000, -9999.000, -9999.000
 50100,  0.483,  0.101,  0.839,  0.666,  0.064,  2.888
 50160,  0.412,  0.119,  0.680,  0.798,  0.127,  3.246
 50220,  0.432,  0.081,  0.792,  0.764,  0.123,  3.612
