CampaignData_and_Merges/R0/CSL_MobileLab_Parked/raw/20240811/USOS-NOAAIodideCIMS-Halogens_MobileLabGround_20240811_RA.ict
38, 1001
Michael A Robinson, Chris Jernigan, Subi Thakali
NOAA ESRL Chemical Sciences Laboratory and CIRES, U. of Colorado
NOAA Iodide CIMS Instrument
USOS
1, 1
2024, 08, 11, 2024, 08, 13
1
starttime_UTC, seconds_past_midnight, seconds_of_day_since_00:00:00_UTC
6
1, 1, 1, 1, 1, 1
-9999, -9999, -9999, -9999, -9999, -9999
Br2_NOAACIMS, pptv, Gas_Br2_InSitu_S_AVMR, 
BrO_NOAACIMS, pptv, Gas_BrO_InSitu_S_AVMR, 
Cl2_NOAACIMS, pptv, Gas_Cl2_InSitu_S_AVMR, 
ClNO2_NOAACIMS, pptv, Gas_ClNO2_InSitu_S_AVMR, 
BrCl_NOAACIMS, pptv, Gas_BrCl_InSitu_S_AVMR, 
NCl3_NOAACIMS, pptv, Gas_NCl3_InSitu_S_AVMR, 
0
18
PI_CONTACT_INFO: 325 Broadway, R/CSD 7, Boulder, Colorado 80305; michael.a.robinson@noaa.gov; chris.jernigan@noaa.gov;
PLATFORM: NOAA CSL Mobile Lab
LOCATION: SLC, Utah
ASSOCIATED_DATA: 1Hz data also available on request.
INSTRUMENT_INFO: NOAA I- ToF CIMS
DATA_INFO: All data in parts per trillion by volume (pptv). 1 Hz data is available upon request.
UNCERTAINTY: TBD
ULOD_FLAG: -7777
ULOD_VALUE: N/A
LLOD_FLAG: -8888
LLOD_VALUE: N/A
DM_CONTACT_INFO: Nathan Howard; nathan.h.howard@noaa.gov
PROJECT_INFO: USOS, summer 2024. https://csl.noaa.gov/groups/csl7/measurements/2024usos/
STIPULATIONS_ON_USE: Users are strongly encouraged to contact the PI for proper data usage.
OTHER_COMMENTS: 
REVISION: RA
RA: Preliminary Data; For in-field use only
starttime_UTC, Br2_NOAACIMS, BrO_NOAACIMS, Cl2_NOAACIMS, ClNO2_NOAACIMS, BrCl_NOAACIMS, NCl3_NOAACIMS
[from data line 839]
 50340,  0.388,  0.076,  0.667,  0.670,  0.133,  3.138
 50400,  0.461,  0.065,  0.744,  0.698,  0.123,  2.791
 50460,  0.450,  0.036,  0.769,  0.712,  0.104,  2.427
 50520,  0.462,  0.061,  0.593,  0.695,  0.097,  2.237
 50580,  0.551,  0.042,  0.734,  0.710,  0.131,  2.291
 50640,  0.499,  0.047,  0.711,  0.703,  0.119,  2.286
 50700,  0.522,  0.069,  0.654,  0.665,  0.148,  2.326
 50760,  0.638,  0.030,  0.688,  0.664,  0.124,  2.109
 50820,  0.468,  0.059,  0.606,  0.683,  0.141,  1.930
 50880,  0.562, -0.009,  0.618,  0.610,  0.115,  1.728
 50940,  0.547, -0.023,  0.567,  0.643,  0.098,  1.590
 51000,  0.562,  0.015,  0.506,  0.644,  0.136,  1.614
 51060,  0.597,  0.028,  0.501,  0.596,  0.143,  1.486
 51120,  0.541,  0.073,  0.463,  0.608,  0.120,  1.343
 51180,  0.588,  0.030,  0.457,  0.634,  0.113,  1.274
 51240,  0.668, -0.033,  0.515,  0.637,  0.121,  1.313
 51300,  0.590,  0.035,  0.530,  0.609,  0.158,  1.134
 51360,  0.590,  0.042,  0.491,  0.601,  0.125,  1.032
 51420,  0.496, -0.037,  0.451,  0.602,  0.127,  1.084
 51480,  0.560, -0.017,  0.494,  0.603,  0.128,  1.081
 51540,  0.586, -0.066,  0.481,  0.572,  0.128,  1.182
 51600,  0.717, -0.039,  0.430,  0.618,  0.081,  1.106
 51660,  0.671,  0.001,  0.494,  0.564,  0.125,  0.968
 51720,  0.720, -0.037,  0.404,  0.570,  0.085,  0.938
 51780,  0.709, -0.046,  0.415,  0.543,  0.118,  0.789
 51840,  0.649, -0.033,  0.450,  0.653,  0.026,  0.634
 51900,  0.787, -0.057,  0.483,  0.632,  0.175,  0.615
 51960,  0.776, -0.085,  0.470,  0.611,  0.109,  0.424
 52020,  0.697, -0.038,  0.530,  0.628,  0.122,  0.553
 52080,  0.793, -0.060,  0.420,  0.557,  0.152,  0.501
 52140,  0.678,  0.028,  0.517,  0.598,  0.107,  0.391
 52200,  0.772,  0.003,  0.394,  0.601,  0.152,  0.351
 52260,  0.731, -0.031,  0.456,  0.541,  0.140,  0.377
 52320,  0.643, -0.012,  0.478,  0.511,  0.143,  0.447
 52380,  0.701, -0.003,  0.474,  0.534,  0.120,  0.446
 52440,  0.622,  0.041,  0.429,  0.558,  0.160,  0.421
 52500,  0.721, -0.025,  0.405,  0.544,  0.151,  0.332
 52560,  0.795,  0.030,  0.415,  0.539,  0.163,  0.315
 52620,  0.839,  0.006,  0.451,  0.599,  0.161,  0.301
 52680,  0.802,  0.012,  0.402,  0.559,  0.201,  0.388
 52740,  0.749,  0.011,  0.477,  0.520,  0.161,  0.267
 52800,  0.764,  0.007,  0.493,  0.601,  0.137,  0.249
 52860,  0.780,  0.127,  0.519,  0.531,  0.154,  0.153
 52920,  0.782,  0.030,  0.474,  0.515,  0.188,  0.247
 52980,  0.777,  0.016,  0.363,  0.519,  0.171,  0.210
 53040,  0.767,  0.070,  0.522,  0.634,  0.234,  0.191
 53100,  0.733,  0.048,  0.439,  0.514,  0.224,  0.200
 53160,  0.771,  0.007,  0.498,  0.482,  0.138,  0.160
 53220,  0.791,  0.090,  0.379,  0.433,  0.150,  0.188
 53280,  0.853,  0.046,  0.441,  0.462,  0.185,  0.176
 53340,  0.830,  0.041,  0.371,  0.513,  0.200,  0.246
 53400,  0.803,  0.085,  0.530,  0.468,  0.163,  0.243
 53460,  0.859,  0.076,  0.404,  0.447,  0.194,  0.424
 53520,  0.843,  0.039,  0.499,  0.397,  0.180,  0.292
 53580,  0.947,  0.051,  0.422,  0.408,  0.207,  0.252
 53640,  0.890,  0.074,  0.434,  0.415,  0.186,  0.345
 53700, -9999.000, -9999.000, -9999.000, -9999.000, -9999.000, -9999.000
 53760,  1.162,  0.267,  0.317,  0.327,  0.154,  0.225
 53820,  0.919,  0.093,  0.430,  0.391,  0.223,  0.325
 53880,  0.918,  0.107,  0.384,  0.404,  0.212,  0.298
 53940,  0.852,  0.078,  0.326,  0.397,  0.171,  0.210
 54000,  0.860,  0.077,  0.368,  0.377,  0.188,  0.300
 54060,  0.806,  0.079,  0.417,  0.423,  0.221,  0.280
 54120,  0.911,  0.076,  0.479,  0.400,  0.236,  0.228
 54180,  0.870,  0.166,  0.453,  0.376,  0.202,  0.220
 54240,  0.864,  0.063,  0.434,  0.349,  0.193,  0.154
 54300,  0.736,  0.091,  0.497,  0.318,  0.243,  0.211
 54360,  0.793,  0.062,  0.470,  0.376,  0.173,  0.139
 54420,  0.781,  0.088,  0.392,  0.304,  0.224,  0.137
 54480,  0.829,  0.086,  0.380,  0.310,  0.170,  0.083
 54540,  0.870,  0.094,  0.344,  0.355,  0.193,  0.096
 54600,  0.791,  0.111,  0.371,  0.293,  0.177,  0.116
 54660,  0.878,  0.030,  0.426,  0.327,  0.213,  0.088
 54720,  0.789,  0.062,  0.418,  0.339,  0.146,  0.130
 54780,  0.764,  0.124,  0.411,  0.321,  0.149,  0.102
 54840,  0.855,  0.024,  0.390,  0.247,  0.138,  0.184
 54900,  0.821,  0.043,  0.346,  0.345,  0.177,  0.164
 54960,  0.770,  0.088,  0.438,  0.290,  0.211,  0.148
 55020,  0.699,  0.090,  0.441,  0.344,  0.188,  0.166
 55080,  0.745,  0.143,  0.447,  0.333,  0.160,  0.199
 55140,  0.711,  0.128,  0.445,  0.372,  0.209,  0.198
 55200,  0.716,  0.075,  0.530,  0.347,  0.160,  0.202
 55260,  0.796,  0.111,  0.494,  0.316,  0.190,  0.197
 55320,  0.777,  0.034,  0.477,  0.314,  0.157,  0.210
 55380,  0.771,  0.070,  0.445,  0.308,  0.201,  0.282
 55440,  0.700,  0.059,  0.420,  0.259,  0.172,  0.240
 55500,  0.788,  0.077,  0.459,  0.290,  0.178,  0.147
 55560, -9999.000, -9999.000, -9999.000, -9999.000, -9999.000, -9999.000
 55620,  0.679,  0.100,  0.450,  0.224,  0.191,  0.097
 55680,  0.744,  0.086,  0.398,  0.275,  0.167,  0.038
 55740,  0.714,  0.065,  0.431,  0.303,  0.167,  0.071
 55800,  0.696,  0.077,  0.407,  0.278,  0.137,  0.094
 55860,  0.819,  0.089,  0.503,  0.252,  0.160,  0.048
 55920,  0.647,  0.041,  0.605,  0.261,  0.230,  0.094
 55980,  0.740,  0.048,  0.532,  0.272,  0.167,  0.083
 56040,  0.777,  0.132,  0.510,  0.255,  0.201,  0.109
 56100,  0.711,  0.021,  0.540,  0.207,  0.154,  0.054
 56160,  0.659,  0.082,  0.496,  0.237,  0.183,  0.049
 56220,  0.602,  0.055,  0.410,  0.222,  0.162, -0.016
 56280,  0.736,  0.068,  0.365,  0.180,  0.151,  0.020
 56340,  0.633,  0.059,  0.455,  0.255,  0.199, -0.003
 56400,  0.813,  0.104,  0.454,  0.199,  0.135,  0.048
 56460,  0.646,  0.049,  0.484,  0.196,  0.139, -0.000
 56520,  0.707,  0.044,  0.521,  0.196,  0.177,  0.049
 56580,  0.767,  0.034,  0.588,  0.247,  0.163,  0.010
 56640,  0.770,  0.076,  0.518,  0.200,  0.096, -0.019
 56700,  0.548, -0.014,  0.451,  0.208,  0.127,  0.006
 56760,  0.603,  0.037,  0.501,  0.216,  0.131,  0.096
 56820,  0.597,  0.065,  0.501,  0.214,  0.171, -0.023
 56880,  0.735,  0.050,  0.404,  0.220,  0.140, -0.023
 56940,  0.600,  0.083,  0.501,  0.203,  0.160,  0.001
 57000,  0.655,  0.039,  0.637,  0.227,  0.171,  0.018
 57060,  0.617,  0.045,  0.637,  0.280,  0.149,  0.069
 57120,  0.766,  0.022,  0.531,  0.220,  0.154,  0.019
 57180,  1.588, -0.003,  0.620,  0.187,  0.147,  0.058
 57240,  0.722,  0.096,  0.415,  0.203,  0.137,  0.004
 57300,  0.702,  0.035,  0.467,  0.197,  0.170, -0.037
 57360,  0.725,  0.026,  0.471,  0.177,  0.187, -0.035
 57420, -9999.000, -9999.000, -9999.000, -9999.000, -9999.000, -9999.000
 57480,  0.642,  0.150,  0.406,  0.186,  0.115,  0.031
 57540,  0.865,  0.076,  0.374,  0.162,  0.185, -0.008
 57600,  0.781,  0.119,  0.468,  0.185,  0.180,  0.005
 57660,  0.745,  0.035,  0.519,  0.183,  0.179,  0.000
 57720,  0.681,  0.001,  0.542,  0.190,  0.183,  0.010
 57780,  0.801,  0.061,  0.490,  0.191,  0.164,  0.016
 57840,  0.720, -0.022,  0.477,  0.177,  0.209,  0.038
 57900,  0.749,  0.010,  0.488,  0.195,  0.145,  0.034
 57960,  0.827,  0.040,  0.456,  0.244,  0.155,  0.060
 58020,  0.847,  0.066,  0.457,  0.171,  0.166,  0.041
 58080,  0.737,  0.051,  0.516,  0.195,  0.193,  0.009
 58140,  0.691,  0.037,  0.484,  0.153,  0.178,  0.012
 58200,  0.724,  0.035,  0.445,  0.179,  0.176,  0.013
 58260,  0.854,  0.055,  0.423,  0.161,  0.160, -0.000
 58320,  0.715,  0.088,  0.439,  0.145,  0.164,  0.043
 58380,  0.736,  0.032,  0.430,  0.154,  0.182,  0.005
 58440,  0.785,  0.038,  0.439,  0.192,  0.137, -0.003
 58500,  0.698,  0.007,  0.469,  0.160,  0.147,  0.043
 58560,  0.715,  0.023,  0.411,  0.134,  0.139,  0.022
 58620,  0.761,  0.026,  0.434,  0.150,  0.147, -0.032
 58680,  0.771,  0.040,  0.424,  0.146,  0.172, -0.003
 58740,  0.753, -0.003,  0.425,  0.127,  0.146,  0.102
 58800,  0.831, -0.016,  0.468,  0.170,  0.180, -0.000
 58860,  0.807,  0.033,  0.405,  0.191,  0.193,  0.040
 58920,  0.687,  0.014,  0.453,  0.155,  0.181,  0.035
 58980,  0.658,  0.033,  0.408,  0.156,  0.203, -0.012
 59040,  0.687,  0.030,  0.482,  0.134,  0.185, -0.019
 59100,  0.734, -0.004,  0.529,  0.145,  0.163,  0.034
 59160,  0.814,  0.010,  0.437,  0.159,  0.200,  0.007
 59220,  0.778,  0.048,  0.401,  0.098,  0.264,  0.061
 59280,  0.913, -0.050,  0.464,  0.208,  0.212, -0.026
 59340,  0.778,  0.032,  0.406,  0.138,  0.257,  0.028
 59400,  0.801,  0.035,  0.442,  0.185,  0.205,  0.025
 59460,  0.824,  0.015,  0.513,  0.154,  0.187,  0.037
 59520,  0.744,  0.051,  0.442,  0.138,  0.242,  0.070
 59580,  0.770, -9999.000,  0.438,  0.147,  0.193,  0.081
 59640,  0.784, -9999.000,  0.558,  0.141,  0.165, -0.003
 59700,  0.741, -9999.000,  0.481,  0.183,  0.153,  0.035
 59760,  0.864, -9999.000,  0.512,  0.127,  0.195, -0.001
 59820,  0.802, -9999.000,  0.487,  0.148,  0.220,  0.043
 59880,  0.777, -9999.000,  0.529,  0.123,  0.221,  0.008
 59940,  0.786, -9999.000,  0.440,  0.134,  0.235,  0.060
 60000,  0.751, -9999.000,  0.448,  0.113,  0.232,  0.022
 60060,  0.776, -9999.000,  0.463,  0.143,  0.182,  0.034
 60120,  0.742, -9999.000,  0.518,  0.146,  0.188,  0.108
 60180,  0.795, -9999.000,  0.455,  0.129,  0.170,  0.093
 60240,  0.858, -9999.000,  0.486,  0.130,  0.147,  0.073
 60300,  0.744, -9999.000,  0.492,  0.073,  0.181,  0.089
 60360,  0.780, -9999.000,  0.574,  0.110,  0.229,  0.067
 60420,  0.763, -9999.000,  0.636,  0.128,  0.214,  0.017
 60480,  0.830, -9999.000,  0.645,  0.157,  0.234,  0.072
 60540,  0.959, -9999.000,  0.542,  0.153,  0.190,  0.057
 60600,  0.824, -9999.000,  0.543,  0.121,  0.210,  0.045
 60660,  0.847, -9999.000,  0.627,  0.122,  0.150,  0.047
 60720,  0.829, -9999.000,  0.669,  0.096,  0.188,  0.041
 60780,  0.812, -9999.000,  0.493,  0.076,  0.196,  0.083
 60840,  0.781, -9999.000,  0.592,  0.114,  0.161,  0.089
 60900,  0.783, -9999.000,  0.611,  0.120,  0.199,  0.075
 60960,  0.901, -9999.000,  0.561,  0.067,  0.166,  0.122
 61020,  0.885, -9999.000,  0.561,  0.078,  0.147,  0.018
 61080,  0.758, -9999.000,  0.693,  0.096,  0.008,  0.036
 61140,  0.913, -9999.000,  0.249,  0.033,  0.088,  0.028
 61200,  0.814, -9999.000,  0.716,  0.073,  0.091,  0.097
 61260,  0.835, -9999.000,  0.724,  0.080,  0.148,  0.163
 61320,  1.021, -9999.000,  0.785,  0.108,  0.118,  0.128
 61380,  0.716, -9999.000,  0.604,  0.064,  0.150,  0.070
 61440,  0.884, -9999.000,  0.790,  0.122,  0.122,  0.139
 61500,  0.769, -9999.000,  0.798,  0.118,  0.159,  0.153
 61560,  0.763, -9999.000,  0.554,  0.092,  0.161,  0.071
 61620,  0.779, -9999.000,  0.573,  0.095,  0.149,  0.064
 61680,  0.841, -9999.000,  0.686,  0.073,  0.187,  0.099
 61740,  0.907, -9999.000,  0.640,  0.101,  0.168,  0.065
 61800,  0.710, -9999.000,  0.630,  0.065,  0.126,  0.100
 61860,  0.818, -9999.000,  0.763,  0.081,  0.118,  0.067
 61920,  0.778, -9999.000,  0.679,  0.069,  0.142,  0.120
 61980,  0.825, -9999.000,  0.724,  0.102,  0.118,  0.069
 62040,  0.822, -9999.000,  0.656,  0.076,  0.136,  0.125
 62100,  0.897, -9999.000,  0.716,  0.086,  0.100,  0.087
 62160,  0.776, -9999.000,  0.602,  0.062,  0.161,  0.042
 62220,  0.940, -9999.000,  0.633,  0.100,  0.140,  0.108
 62280,  0.699, -9999.000,  0.579,  0.087,  0.170,  0.085
 62340,  0.837, -9999.000,  0.648,  0.075,  0.178,  0.091
 62400,  0.828, -9999.000,  0.756,  0.096,  0.167,  0.123
 62460,  0.910,  0.029,  0.691,  0.081,  0.168,  0.103
 62520,  0.740, -0.002,  0.745,  0.066,  0.153,  0.116
 62580,  0.844,  0.026,  0.625,  0.104,  0.185,  0.058
 62640,  0.807, -0.004,  0.558,  0.094,  0.134,  0.079
 62700,  0.815,  0.015,  0.614,  0.057,  0.182,  0.075
 62760,  0.863,  0.038,  0.542,  0.113,  0.138,  0.098
 62820,  0.896,  0.012,  0.606,  0.079,  0.187,  0.080
 62880,  0.909,  0.033,  0.682,  0.104,  0.159,  0.113
 62940,  0.848, -0.036,  0.658,  0.092,  0.149,  0.165
 63000,  0.831, -0.022,  0.704,  0.097,  0.209,  0.540
 63060,  0.853,  0.039,  0.640,  0.125,  0.147,  0.404
 63120,  0.884,  0.062,  0.777,  0.123,  0.174,  0.307
 63180,  0.880,  0.070,  0.702,  0.113,  0.185,  0.568
 63240,  0.778,  0.004,  0.729,  0.112,  0.141,  0.587
 63300,  0.886,  0.114,  0.706,  0.120,  0.126,  0.674
 63360,  0.860,  0.023,  0.711,  0.116,  0.151,  0.436
 63420,  0.852, -0.013,  0.690,  0.103,  0.139,  0.187
 63480,  0.986,  0.025,  0.758,  0.147,  0.122,  0.185
 63540,  0.988, -0.008,  0.727,  0.113,  0.183,  0.050
 63600,  0.938,  0.010,  0.686,  0.107,  0.150,  0.046
 63660,  0.972,  0.012,  0.715,  0.091,  0.135,  0.137
 63720,  0.910, -0.004,  0.603,  0.110,  0.138,  0.133
 63780,  0.884,  0.056,  0.710,  0.082,  0.134,  0.109
 63840,  0.973, -0.018,  0.710,  0.103,  0.124,  0.155
 63900,  1.084,  0.071,  0.706,  0.144,  0.138,  0.104
 63960,  0.965, -0.016,  0.791,  0.091,  0.137,  0.085
 64020,  0.995,  0.028,  0.712,  0.126,  0.091,  0.034
 64080,  0.966,  0.067,  0.653,  0.102,  0.166,  0.048
 64140,  1.076, -0.056,  0.685,  0.088,  0.153,  0.019
 64200,  0.965, -0.034,  0.726,  0.165,  0.137,  0.109
 64260,  1.099,  0.020,  0.820,  0.146,  0.084,  0.058
 64320,  1.074, -0.015,  0.853,  0.095,  0.170,  0.055
 64380,  1.046, -0.029,  0.836,  0.104,  0.158,  0.043
 64440,  0.887, -0.006,  0.825,  0.122,  0.159,  0.038
 64500,  1.070, -0.026,  0.864,  0.102,  0.117,  0.029
 64560,  1.015,  0.008,  0.743,  0.101,  0.124,  0.092
 64620,  1.111,  0.031,  0.702,  0.098,  0.152,  0.030
 64680,  1.174,  0.032,  0.733,  0.100,  0.123,  0.024
 64740,  1.125, -0.071,  0.797,  0.072,  0.132,  0.053
 64800, -9999.000, -9999.000, -9999.000, -9999.000, -9999.000, -9999.000
 64860,  1.027, -0.099,  0.737,  0.145,  0.129,  0.027
 64920,  1.062, -0.053,  0.761,  0.108,  0.112,  0.040
 64980,  1.082, -0.000,  0.838,  0.140,  0.111,  0.075
 65040,  1.082, -0.001,  0.888,  0.131,  0.089,  0.071
 65100,  1.085, -0.031,  0.713,  0.102,  0.094,  0.099
 65160,  0.974, -0.019,  0.713,  0.118,  0.090,  0.050
 65220,  1.087,  0.026,  0.772,  0.078,  0.080,  0.020
 65280,  1.062,  0.053,  0.688,  0.079,  0.126,  0.036
 65340,  1.054, -0.053,  0.809,  0.122,  0.093,  0.029
 65400,  0.934, -0.068,  0.802,  0.090,  0.131,  0.142
 65460,  1.161,  0.061,  0.749,  0.078,  0.072,  0.034
 65520,  1.114,  0.054,  0.738,  0.081,  0.117,  0.054
 65580,  1.087, -0.004,  0.772,  0.087,  0.156,  0.070
 65640,  0.971,  0.049,  0.918,  0.062,  0.137,  0.121
 65700,  1.075,  0.020,  0.879,  0.085,  0.105,  0.065
 65760,  0.973,  0.066,  0.825,  0.083,  0.054,  0.101
 65820,  1.073,  0.029,  0.804,  0.091,  0.092,  0.104
 65880,  0.993,  0.032,  0.851,  0.070,  0.083,  0.088
 65940,  0.969,  0.079,  0.803,  0.076,  0.098,  0.079
 66000,  0.977,  0.016,  0.747,  0.080,  0.109,  0.129
 66060,  0.974, -0.003,  0.783,  0.048,  0.026,  0.096
 66120,  1.033,  0.036,  0.961,  0.072,  0.075,  0.091
 66180,  1.003,  0.017,  1.008,  0.089,  0.079,  0.102
 66240,  0.906,  0.065,  0.891,  0.094,  0.085,  0.082
 66300,  0.974,  0.048,  0.834,  0.089,  0.073,  0.139
 66360,  1.022,  0.034,  0.768,  0.095,  0.059,  0.095
 66420,  1.096,  0.008,  0.791,  0.056,  0.044,  0.131
 66480,  0.883,  0.114,  0.751,  0.062,  0.068,  0.089
 66540,  1.055,  0.083,  0.837,  0.049,  0.064,  0.174
 66600,  1.003,  0.044,  0.821,  0.062,  0.076,  0.136
 66660, -9999.000, -9999.000, -9999.000, -9999.000, -9999.000, -9999.000
 66720,  0.932,  0.038,  0.681,  0.055,  0.033,  0.146
 66780,  0.911,  0.059,  0.763,  0.045, -0.007,  0.169
 66840,  0.920, -0.002,  0.783,  0.043,  0.078,  0.103
 66900,  0.885,  0.109,  0.786,  0.071,  0.050,  0.150
 66960,  0.939,  0.058,  0.852,  0.068,  0.095,  0.129
 67020,  0.918, -9999.000,  0.901,  0.073,  0.082,  0.157
 67080,  0.905, -9999.000,  0.834,  0.038,  0.093,  0.121
 67140,  0.913, -9999.000,  0.728,  0.073,  0.085,  0.096
 67200,  1.025, -9999.000,  0.678,  0.042,  0.078,  0.147
 67260,  1.005, -9999.000,  0.785,  0.062,  0.073,  0.133
 67320,  0.935, -9999.000,  0.867,  0.105,  0.117,  0.168
 67380,  1.005, -9999.000,  0.834,  0.065, -0.010,  0.102
