CampaignData_and_Merges/R0/CSL_MobileLab_Parked/raw/20240811/USOS-MetNav_MobileLabGround_20240811_R0.ict
44, 1001
Carrie Womack, Nate Howard, Mike Zucker
NOAA Chemical Sciences Laboratory
Mobile Lab MetNav Station
USOS
1, 1
2024, 08, 11, 2024, 12, 21
60
Time_Start, seconds_past_midnight, Seconds from midnight UTC
11
1, 1, 1, 1, 1, 1, 1, 1, 1, 1, 1
-9999, -9999, -9999, -9999, -9999, -9999, -9999, -9999, -9999, -9999, -9999
GPS_Alt_m, meters, Altitude from Differential GPS
GPS_Course_deg, degrees, Course from Differential GPS
GPS_GndSpd_m_s, m/s, Ground Speed from Differential GPS
GPS_Heading_deg, degrees, Heading from Differential GPS
GPS_Lat_deg, degrees, Latitude from Differential GPS
GPS_Lon_deg, degrees, Longitude from Differential GPS
AirTemp_C, Celsius, Air Temperature from Airmar
RelHumidity_pct, percent, Relative Humidity from Airmar
Pressure_mb, millibars, Pressure from Honeywell
WindDir_calc_deg, degrees, Wind Direction from Airmar corrected for van movement
WindSpd_calc_m_s, m/s, Wind Speed from Airmar corrected for van movement
1
SPECIAL COMMENTS:
18
PI_CONTACT_INFO: Address: 325 Broadway R/CSL7, Boulder, CO, 80305
PLATFORM: CSL Mobile Lab
LOCATION: Salt Lake City, UT
ASSOCIATED_DATA: N/A
INSTRUMENT_INFO: N/A
DATA_INFO: Units:
UNCERTAINTY: N/A
ULOD_FLAG: -7777
ULOD_VALUE: N/A
LLOD_FLAG: -8888
LLOD_VALUE: N/A
DM_CONTACT_INFO: Data Manager: Nate Howard
PROJECT_INFO: 
STIPULATIONS_ON_USE: Use of these data require prior ok from PI.
OTHER_COMMENTS: 
REVISION: R0
R0: Final data. Fixed bug in wind averaging code. RA: Preliminary Data. For in-field use only. 
Time_Start, GPS_Alt_m, GPS_Course_deg, GPS_GndSpd_m_s, GPS_Heading_deg, GPS_Lat_deg, GPS_Lon_deg, AirTemp_C, RelHumidity_pct, Pressure_mb, WindDir_calc_deg, WindSpd_calc_m_s
[from data line 1251]
75060.0,1308.9,3.52,0.04,3.52,40.73434,-111.87211,37.1,18.6,876.4,187.51,0.8
75120.0,1308.8,3.36,0.04,3.36,40.73434,-111.87211,37.3,18.6,876.4,123.45,0.7
75180.0,1308.6,3.02,0.04,3.02,40.73434,-111.87211,37.4,18.5,876.4,118.46,1.3
75240.0,1308.8,2.84,0.04,2.84,40.73434,-111.87211,37.5,19.6,876.3,84.13,0.8
75300.0,1308.7,2.64,0.05,2.64,40.73434,-111.87211,37.6,19.7,876.3,82.76,0.9
75360.0,1308.5,3.34,0.05,3.34,40.73434,-111.87211,37.5,19.1,876.3,72.02,0.9
75420.0,1308.4,3.03,0.04,3.03,40.73434,-111.87211,37.6,18.8,876.2,99.97,1.1
75480.0,1308.3,3.30,0.05,3.30,40.73433,-111.87211,37.7,19.3,876.2,92.79,1.2
75540.0,1308.4,2.94,0.05,2.94,40.73433,-111.87211,37.6,18.2,876.2,97.69,1.1
75600.0,1308.5,3.08,0.05,3.08,40.73434,-111.87211,37.6,18.0,876.2,118.11,1.8
75660.0,1308.4,2.73,0.05,2.73,40.73433,-111.87211,37.6,18.8,876.2,113.71,1.7
75720.0,1308.2,2.69,0.05,2.69,40.73433,-111.87211,37.7,18.2,876.2,116.31,1.3
75780.0,1308.1,3.28,0.05,3.28,40.73433,-111.87211,37.6,18.3,876.1,44.37,0.4
75840.0,1308.1,3.13,0.05,3.13,40.73433,-111.87211,37.9,17.6,876.1,132.40,0.6
75900.0,1308.1,2.61,0.04,2.61,40.73434,-111.87211,38.0,17.3,876.1,214.77,0.4
75960.0,1308.0,1.89,0.05,1.89,40.73433,-111.87211,38.0,17.2,876.1,275.24,0.2
76020.0,1307.9,2.15,0.06,2.15,40.73433,-111.87211,38.0,17.4,876.0,64.44,0.3
76080.0,1307.9,2.78,0.04,2.78,40.73433,-111.87211,38.1,17.3,876.0,100.46,0.8
76140.0,1307.8,2.67,0.05,2.67,40.73433,-111.87211,38.1,17.1,876.0,114.03,1.1
76200.0,1307.9,2.62,0.04,2.62,40.73433,-111.87211,38.2,18.1,876.0,103.89,1.3
76260.0,1307.8,2.58,0.05,2.58,40.73433,-111.87211,38.1,18.1,875.9,113.11,1.5
76320.0,1307.9,2.45,0.05,2.45,40.73433,-111.87211,38.2,17.1,875.9,108.49,1.2
76380.0,1308.0,2.47,0.04,2.47,40.73433,-111.87211,38.4,16.8,875.9,133.42,0.5
76440.0,1308.0,2.95,0.05,2.95,40.73433,-111.87211,38.6,16.7,875.9,137.66,1.9
76500.0,1308.1,2.46,0.05,2.46,40.73433,-111.87211,38.3,16.9,875.9,152.63,2.8
76560.0,1308.2,2.30,0.05,2.30,40.73433,-111.87211,38.2,17.5,875.9,130.44,1.8
76620.0,1308.4,2.13,0.05,2.13,40.73433,-111.87211,38.1,17.4,875.9,175.19,1.3
76680.0,1308.6,2.78,0.05,2.78,40.73433,-111.87211,38.1,17.4,875.9,150.99,1.6
76740.0,1308.8,2.94,0.05,2.94,40.73433,-111.87211,38.0,18.4,875.9,130.87,1.9
76800.0,1308.9,2.42,0.06,2.42,40.73433,-111.87211,37.8,19.1,875.9,111.48,2.1
76860.0,1308.9,1.98,0.06,1.98,40.73433,-111.87211,37.4,18.7,875.9,128.23,3.2
76920.0,1308.8,2.46,0.06,2.46,40.73433,-111.87211,37.5,18.7,875.8,121.83,1.4
76980.0,1308.9,2.62,0.05,2.62,40.73433,-111.87211,37.2,18.4,875.8,146.50,3.1
77040.0,1308.9,2.75,0.05,2.75,40.73433,-111.87211,37.1,18.2,875.8,145.95,1.7
77100.0,1308.9,2.68,0.05,2.68,40.73433,-111.87211,37.0,18.3,875.8,153.86,1.7
77160.0,1308.9,2.38,0.04,2.38,40.73433,-111.87211,36.7,19.1,875.8,131.15,2.6
77220.0,1308.9,2.02,0.04,2.02,40.73433,-111.87211,36.2,19.1,875.8,124.04,3.2
77280.0,1308.9,1.69,0.05,1.69,40.73433,-111.87211,35.8,20.1,875.7,122.22,2.8
77340.0,1308.9,1.68,0.05,1.68,40.73433,-111.87211,35.7,19.8,875.7,141.23,3.3
77400.0,1308.9,2.08,0.04,2.08,40.73433,-111.87211,35.7,19.6,875.7,139.81,3.1
77460.0,1308.9,2.22,0.05,2.22,40.73433,-111.87211,35.7,19.5,875.7,148.31,2.5
77520.0,1308.8,2.20,0.04,2.20,40.73433,-111.87211,35.8,20.4,875.7,123.51,2.3
77580.0,1308.3,2.57,0.05,2.57,40.73434,-111.87211,35.6,20.9,875.6,116.58,3.2
77640.0,1308.0,2.66,0.05,2.66,40.73434,-111.87211,35.5,20.7,875.6,125.65,3.0
77700.0,1308.1,2.47,0.04,2.47,40.73434,-111.87211,35.4,20.5,875.6,135.44,2.9
77760.0,1308.3,2.24,0.05,2.24,40.73434,-111.87211,35.7,19.9,875.6,134.71,1.4
77820.0,1308.3,2.18,0.05,2.18,40.73434,-111.87211,35.8,19.4,875.6,235.67,1.0
77880.0,1308.5,1.91,0.05,1.91,40.73434,-111.87211,36.0,19.7,875.6,249.59,0.5
77940.0,1308.6,2.09,0.05,2.09,40.73434,-111.87211,35.8,19.8,875.6,149.38,3.1
78000.0,1308.6,1.85,0.05,1.85,40.73434,-111.87211,35.7,20.0,875.7,152.98,2.6
78060.0,1308.6,1.66,0.05,1.66,40.73434,-111.87211,35.3,19.9,875.7,163.78,3.4
78120.0,1308.6,1.38,0.06,1.38,40.73434,-111.87211,35.5,20.2,875.7,173.45,1.6
78180.0,1308.2,1.00,0.05,1.00,40.73434,-111.87211,35.6,20.1,875.7,167.69,1.9
78240.0,1308.6,1.13,0.05,1.13,40.73434,-111.87211,35.8,20.1,875.7,173.61,2.6
78300.0,1308.7,1.09,0.05,1.09,40.73434,-111.87211,35.8,20.5,875.6,145.61,3.0
78360.0,1309.0,0.82,0.05,0.82,40.73434,-111.87211,36.0,20.4,875.6,126.47,1.1
78420.0,1309.1,0.77,0.05,0.77,40.73434,-111.87211,35.9,19.9,875.6,160.56,2.8
78480.0,1308.9,1.05,0.05,1.05,40.73434,-111.87211,36.3,19.3,875.6,155.73,1.1
78540.0,1309.0,1.48,0.05,1.48,40.73434,-111.87211,36.3,19.3,875.6,168.66,2.3
78600.0,1308.8,2.06,0.04,2.06,40.73434,-111.87211,36.4,19.4,875.6,145.01,2.2
78660.0,1308.9,2.18,0.05,2.18,40.73434,-111.87211,36.6,19.5,875.6,176.22,1.6
78720.0,1308.8,1.80,0.04,1.80,40.73434,-111.87211,36.5,18.9,875.6,176.22,2.6
78780.0,1309.0,1.25,0.05,1.25,40.73434,-111.87211,36.5,19.1,875.6,154.80,2.9
78840.0,1309.1,1.40,0.05,1.40,40.73434,-111.87211,36.6,19.6,875.5,147.33,1.7
78900.0,1309.1,1.42,0.05,1.42,40.73434,-111.87211,36.7,19.1,875.5,157.44,1.9
78960.0,1309.2,1.35,0.05,1.35,40.73434,-111.87211,36.4,20.2,875.5,131.26,2.9
79020.0,1309.4,1.31,0.05,1.31,40.73434,-111.87211,36.2,19.0,875.5,176.83,3.3
79080.0,1309.6,1.55,0.05,1.55,40.73434,-111.87211,36.1,19.1,875.4,157.39,2.3
79140.0,1309.6,1.67,0.05,1.67,40.73434,-111.87211,35.9,19.7,875.4,151.24,2.5
79200.0,1309.6,1.56,0.04,1.56,40.73434,-111.87211,35.7,19.6,875.4,130.20,2.7
79260.0,1309.8,1.42,0.05,1.42,40.73434,-111.87211,35.4,20.0,875.3,140.46,1.7
79320.0,1309.8,1.31,0.05,1.31,40.73434,-111.87211,35.5,19.8,875.3,160.28,1.4
79380.0,1309.8,1.61,0.05,1.61,40.73434,-111.87211,35.7,20.1,875.3,157.96,0.8
79440.0,1310.1,1.39,0.06,1.39,40.73434,-111.87211,35.7,19.8,875.3,207.16,1.0
79500.0,1310.0,1.56,0.05,1.56,40.73434,-111.87211,35.9,19.7,875.3,146.27,1.1
79560.0,1309.7,1.32,0.06,1.32,40.73434,-111.87211,35.8,19.4,875.3,164.04,1.2
79620.0,1309.7,1.48,0.05,1.48,40.73434,-111.87211,35.8,19.4,875.3,165.38,1.1
79680.0,1309.8,1.42,0.05,1.42,40.73434,-111.87211,35.9,19.4,875.3,140.97,0.5
79740.0,1309.9,1.11,0.06,1.11,40.73434,-111.87211,35.9,19.6,875.3,117.51,0.5
79800.0,1309.9,0.81,0.05,0.81,40.73434,-111.87211,36.0,19.4,875.3,156.80,1.0
79860.0,1309.9,0.77,0.05,0.77,40.73434,-111.87211,35.9,19.3,875.3,171.02,1.5
79920.0,1309.7,1.13,0.05,1.13,40.73434,-111.87211,35.9,19.8,875.3,190.33,1.7
79980.0,1309.7,1.46,0.05,1.46,40.73434,-111.87211,36.0,19.7,875.3,184.77,1.8
80040.0,1309.7,1.62,0.05,1.62,40.73434,-111.87211,35.9,19.7,875.3,164.96,1.3
80100.0,1309.6,1.78,0.04,1.78,40.73434,-111.87211,35.8,19.8,875.2,154.97,2.3
80160.0,1309.5,1.92,0.04,1.92,40.73434,-111.87211,35.7,20.0,875.2,158.31,2.8
80220.0,1309.5,2.10,0.05,2.10,40.73434,-111.87211,35.8,20.0,875.2,172.47,1.2
80280.0,1309.6,2.12,0.05,2.12,40.73434,-111.87211,35.9,20.2,875.2,144.34,1.6
80340.0,1309.6,2.05,0.04,2.05,40.73434,-111.87211,36.0,20.3,875.2,155.22,2.2
80400.0,1309.5,1.67,0.05,1.67,40.73434,-111.87211,36.0,20.1,875.2,169.14,2.3
80460.0,1309.5,1.95,0.05,1.95,40.73434,-111.87211,35.9,20.0,875.2,175.28,1.7
80520.0,1309.5,1.96,0.05,1.96,40.73434,-111.87211,35.8,20.4,875.1,154.22,2.7
80580.0,1309.3,1.83,0.05,1.83,40.73434,-111.87211,35.6,20.2,875.1,145.82,3.2
80640.0,1309.2,1.85,0.06,1.85,40.73434,-111.87211,35.3,20.2,875.1,164.06,2.1
80700.0,1309.2,1.69,0.05,1.69,40.73434,-111.87211,35.3,20.2,875.1,153.09,2.7
80760.0,1309.3,1.97,0.05,1.97,40.73434,-111.87211,35.0,20.6,875.1,162.13,2.6
80820.0,1308.9,1.90,0.05,1.90,40.73434,-111.87211,34.9,20.4,875.1,153.00,2.3
80880.0,1308.9,1.85,0.05,1.85,40.73434,-111.87211,34.6,20.5,875.1,168.11,3.0
80940.0,1309.1,2.18,0.05,2.18,40.73434,-111.87211,34.5,20.8,875.1,154.77,3.4
81000.0,1308.8,2.43,0.05,2.43,40.73434,-111.87211,34.4,21.1,875.2,143.68,3.5
81060.0,1308.9,2.57,0.05,2.57,40.73434,-111.87211,34.6,21.1,875.1,153.45,2.5
81120.0,1309.2,2.46,0.05,2.46,40.73434,-111.87211,34.7,20.7,875.1,169.32,1.5
81180.0,1309.6,2.12,0.05,2.12,40.73434,-111.87211,34.6,20.5,875.1,166.97,3.0
81240.0,1309.7,1.81,0.05,1.81,40.73434,-111.87211,34.5,20.9,875.1,139.77,2.2
81300.0,1310.0,2.07,0.05,2.07,40.73434,-111.87210,34.3,20.9,875.0,118.95,1.8
81360.0,1310.2,2.64,0.06,2.64,40.73434,-111.87210,34.0,21.4,875.0,121.52,2.5
81420.0,1310.4,2.86,0.05,2.86,40.73434,-111.87210,33.7,21.0,875.0,135.15,3.6
81480.0,1310.3,2.41,0.05,2.41,40.73434,-111.87210,33.6,21.2,875.0,143.38,3.0
81540.0,1310.5,2.72,0.04,2.72,40.73434,-111.87210,33.7,21.3,875.0,165.82,2.3
81600.0,1310.4,2.54,0.05,2.54,40.73434,-111.87210,33.8,21.1,875.0,159.40,2.4
81660.0,1310.2,2.09,0.05,2.09,40.73434,-111.87211,33.9,21.6,875.0,136.80,2.0
81720.0,1310.4,2.36,0.04,2.36,40.73434,-111.87210,34.0,21.8,875.0,133.90,2.3
81780.0,1310.4,2.24,0.05,2.24,40.73434,-111.87211,34.1,21.8,874.9,146.11,2.6
81840.0,1310.4,1.97,0.05,1.97,40.73434,-111.87211,34.3,21.0,874.9,170.52,2.1
81900.0,1310.3,1.78,0.05,1.78,40.73434,-111.87210,34.5,20.9,874.9,144.14,1.3
81960.0,1310.3,1.86,0.05,1.86,40.73434,-111.87210,34.5,20.9,874.9,152.06,2.2
82020.0,1310.2,2.17,0.06,2.17,40.73434,-111.87210,34.5,21.0,874.9,161.65,1.9
82080.0,1310.1,2.23,0.06,2.23,40.73434,-111.87211,34.5,21.4,874.9,145.89,2.3
82140.0,1310.1,1.51,0.05,1.51,40.73434,-111.87210,34.3,21.6,874.9,135.99,3.2
82200.0,1310.0,1.86,0.05,1.86,40.73434,-111.87211,34.4,21.8,874.9,138.44,2.6
82260.0,1310.1,1.89,0.06,1.89,40.73434,-111.87211,34.4,21.6,874.9,141.69,2.1
82320.0,1310.1,1.95,0.05,1.95,40.73434,-111.87211,34.5,21.2,874.9,129.49,1.9
82380.0,1310.1,2.25,0.05,2.25,40.73434,-111.87211,34.6,21.3,874.8,123.91,1.6
82440.0,1309.9,2.42,0.05,2.42,40.73434,-111.87211,34.5,22.4,874.8,112.37,2.2
82500.0,1309.6,1.99,0.04,1.99,40.73434,-111.87211,34.4,21.3,874.8,149.83,3.1
82560.0,1309.5,2.24,0.05,2.24,40.73434,-111.87211,34.5,20.8,874.8,139.50,2.2
82620.0,1309.5,2.18,0.05,2.18,40.73433,-111.87211,34.6,21.0,874.8,117.58,1.8
82680.0,1309.5,2.53,0.05,2.53,40.73433,-111.87211,34.5,21.6,874.8,112.41,1.8
82740.0,1309.5,2.40,0.04,2.40,40.73433,-111.87211,34.6,21.3,874.7,105.01,1.3
82800.0,1309.4,2.40,0.04,2.40,40.73433,-111.87211,34.5,21.0,874.7,119.17,2.6
82860.0,1309.2,2.81,0.04,2.81,40.73433,-111.87211,34.4,21.0,874.7,114.46,2.8
82920.0,1309.1,2.90,0.04,2.90,40.73433,-111.87211,34.4,20.3,874.7,122.64,2.0
82980.0,1308.9,2.90,0.04,2.90,40.73433,-111.87211,34.6,21.3,874.7,122.81,1.6
83040.0,1308.8,2.86,0.04,2.86,40.73433,-111.87211,34.9,20.5,874.7,164.46,1.9
83100.0,1308.8,3.07,0.04,3.07,40.73433,-111.87211,34.9,20.3,874.7,139.18,2.8
83160.0,1308.8,2.94,0.05,2.94,40.73433,-111.87211,35.0,20.8,874.7,130.46,2.0
83220.0,1308.7,3.00,0.04,3.00,40.73433,-111.87211,35.3,20.1,874.7,148.20,1.2
83280.0,1308.8,2.74,0.04,2.74,40.73433,-111.87211,35.5,20.0,874.7,119.74,1.1
83340.0,1308.9,2.52,0.04,2.52,40.73433,-111.87211,35.8,20.2,874.7,97.44,0.5
83400.0,1309.0,2.85,0.05,2.85,40.73433,-111.87211,35.9,19.7,874.6,106.70,0.6
83460.0,1308.9,2.77,0.04,2.77,40.73433,-111.87211,36.1,19.5,874.6,198.25,0.5
83520.0,1308.8,2.84,0.05,2.84,40.73433,-111.87211,36.3,18.8,874.6,200.80,0.3
83580.0,1308.8,2.53,0.05,2.53,40.73433,-111.87211,36.6,18.8,874.6,109.21,0.6
83640.0,1308.7,2.29,0.05,2.29,40.73433,-111.87210,36.8,18.7,874.6,91.38,0.4
83700.0,1308.7,2.17,0.04,2.17,40.73433,-111.87210,36.7,18.7,874.6,43.92,0.3
83760.0,1308.6,2.32,0.05,2.32,40.73433,-111.87210,36.7,19.3,874.6,85.07,0.9
83820.0,1308.6,2.18,0.05,2.18,40.73433,-111.87210,36.6,19.2,874.6,87.75,1.0
83880.0,1308.6,1.93,0.05,1.93,40.73433,-111.87210,36.6,19.1,874.6,94.93,1.0
83940.0,1308.5,2.01,0.05,2.01,40.73433,-111.87210,36.8,18.5,874.6,106.23,0.7
84000.0,1308.5,2.21,0.05,2.21,40.73433,-111.87211,36.9,17.7,874.6,115.26,0.7
84060.0,1308.5,2.51,0.05,2.51,40.73433,-111.87211,37.2,17.5,874.5,137.29,1.0
84120.0,1308.5,2.77,0.05,2.77,40.73433,-111.87211,37.4,17.5,874.5,166.03,1.4
84180.0,1308.5,2.51,0.05,2.51,40.73433,-111.87210,37.4,17.7,874.5,168.58,1.9
84240.0,1308.4,2.38,0.04,2.38,40.73433,-111.87210,37.2,17.7,874.5,167.14,2.9
84300.0,1308.3,2.07,0.04,2.07,40.73433,-111.87210,36.9,18.4,874.5,130.44,2.9
84360.0,1308.3,2.26,0.05,2.26,40.73433,-111.87210,36.6,18.4,874.5,125.15,2.7
84420.0,1308.2,2.14,0.05,2.14,40.73433,-111.87210,36.6,18.8,874.4,143.41,1.8
84480.0,1307.7,1.87,0.04,1.87,40.73433,-111.87210,36.8,18.6,874.4,142.13,1.0
84540.0,1307.7,2.10,0.05,2.10,40.73433,-111.87210,36.7,18.6,874.4,136.14,2.1
84600.0,1307.7,2.09,0.04,2.09,40.73433,-111.87210,36.7,19.1,874.4,121.38,1.5
84660.0,1307.9,2.48,0.04,2.48,40.73433,-111.87210,36.8,19.3,874.4,121.75,1.5
84720.0,1307.8,2.72,0.05,2.72,40.73433,-111.87210,36.7,19.5,874.4,115.68,1.4
84780.0,1307.7,2.51,0.04,2.51,40.73433,-111.87210,36.4,19.5,874.4,111.17,2.0
84840.0,1307.6,2.38,0.05,2.38,40.73433,-111.87210,36.3,19.0,874.4,137.64,2.4
84900.0,1307.6,2.00,0.05,2.00,40.73433,-111.87210,36.4,18.9,874.4,133.24,1.9
84960.0,1307.7,1.93,0.05,1.93,40.73434,-111.87210,36.3,19.9,874.4,116.99,1.4
85020.0,1307.7,1.61,0.05,1.61,40.73434,-111.87211,36.4,19.6,874.4,115.95,1.4
85080.0,1308.1,2.01,0.04,2.01,40.73434,-111.87211,36.2,20.3,874.4,79.93,0.9
85140.0,1308.2,2.52,0.05,2.52,40.73434,-111.87211,36.2,20.1,874.4,95.37,0.9
85200.0,1308.4,2.63,0.05,2.63,40.73434,-111.87211,36.2,20.2,874.4,105.03,1.1
85260.0,1308.4,2.65,0.04,2.65,40.73434,-111.87211,36.0,19.7,874.4,76.11,1.0
85320.0,1308.4,2.91,0.05,2.91,40.73434,-111.87211,36.0,19.7,874.4,100.00,0.9
85380.0,1308.4,3.23,0.05,3.23,40.73434,-111.87211,36.0,20.0,874.4,98.78,0.9
85440.0,1308.5,2.85,0.05,2.85,40.73434,-111.87211,36.1,19.7,874.4,79.64,0.7
85500.0,1308.8,2.81,0.05,2.81,40.73434,-111.87211,36.1,19.3,874.4,100.68,1.2
85560.0,1308.9,3.00,0.05,3.00,40.73434,-111.87211,36.2,19.1,874.4,94.35,1.1
85620.0,1308.7,2.82,0.04,2.82,40.73434,-111.87211,36.1,19.5,874.3,95.35,1.1
85680.0,1308.8,2.76,0.05,2.76,40.73434,-111.87211,36.0,19.2,874.3,67.55,1.0
85740.0,1309.0,2.86,0.04,2.86,40.73434,-111.87211,35.8,18.5,874.3,65.45,0.9
85800.0,1309.0,2.87,0.05,2.87,40.73434,-111.87211,35.7,18.8,874.4,65.97,0.9
85860.0,1309.1,2.59,0.05,2.59,40.73434,-111.87211,35.7,18.7,874.4,68.70,0.8
85920.0,1308.9,2.59,0.05,2.59,40.73434,-111.87211,35.5,18.7,874.4,58.53,0.8
85980.0,1308.9,2.63,0.05,2.63,40.73434,-111.87211,35.6,18.7,874.4,88.09,0.7
86040.0,1308.9,2.31,0.05,2.31,40.73434,-111.87211,35.7,18.7,874.3,100.91,1.4
86100.0,1309.0,2.00,0.05,2.00,40.73434,-111.87211,35.8,18.7,874.3,79.54,0.7
86160.0,1309.0,1.95,0.05,1.95,40.73434,-111.87211,36.0,18.5,874.3,79.58,0.5
86220.0,1309.0,2.02,0.05,2.02,40.73434,-111.87211,36.0,18.7,874.3,76.83,0.7
86280.0,1308.9,2.71,0.06,2.71,40.73434,-111.87211,36.0,19.1,874.3,70.40,0.8
86340.0,1308.8,2.42,0.06,2.42,40.73434,-111.87211,36.0,18.7,874.3,88.54,0.9
