CampaignData_and_Merges/R0/CSL_MobileLab_Parked/raw/20240811/USOS-NOy-LIF_MobileLabGround_20240811_R0.ict
39,1001
Rollins, A.; Waxman, E.; Zuraski, K.; Chace, W.
NOAA Chemical Sciences Laboratory
LIF NO/NOx/NOy on CSL Mobile Lab
AMMBEC / USOS
1, 1
2024,08,11, 2025,01,04
1
Time_Start, seconds, number_of_seconds_since_0000_UTC
7
1, 1, 1, 1, 1, 1, 1
-9999, -9999, -9999, -9999, -9999, -9999, -9999
Time_Stop, seconds, number_of_seconds_since_0000_UTC
NO_LIF, pptv, Gas_NO_InSitu_S_AVMR, volume mixing ratio of nitric oxide in air
NO2_LIF, pptv, Gas_NO2_InSitu_S_AVMR, volume mixing ratio of nitrogen dioxide in air
NOy_LIF, pptv, Gas_NOy_InSitu_S_AVMR, volume mixing ratio of total oxidized nitrogen in air
NO_LIF_1SigmaAccuracy, pptv, Gas_NO_InSitu_S_AVMR, volume mixing ratio of nitric oxide in air
NO2_LIF_1SigmaAccuracy, pptv, Gas_NO2_InSitu_S_AVMR, volume mixing ratio of nitrogen dioxide in air
NOy_LIF_1SigmaAccuracy, pptv, Gas_NOy_InSitu_S_AVMR, volume mixing ratio of total oxidized nitrogen in air
0
18
PI_CONTACT_INFO: andrew.rollins@noaa.gov
PLATFORM: CSL Mobile Lab
LOCATION: Salt Lake City, UT
ASSOCIATED_DATA:
INSTRUMENT_INFO: NO detection by laser induced fluorescence. NO2 detection by photolytic conversion to NO. NOy detection by catalytic conversion to NO on gold surface
DATA_INFO:
UNCERTAINTY: Included 1 Sigma Accuracy waves represent the combined calibration uncertainties (±6%, ±9%, ±10%) and zero uncertainties (3 ppt, 20 ppt, 100 ppt) for NO, NO2, and NOy, respectively.
ULOD_FLAG: -7777
ULOD_VALUE: N/A
LLOD_FLAG: -8888
LLOD_VALUE: N/A
DM_CONTACT_INFO: andrew.rollins@noaa.gov
PROJECT_INFO: USOS Project, July - August 2024
STIPULATIONS_ON_USE: Users are strongly encouraged to contact the PI for proper data usage.
OTHER_COMMENTS:
REVISION: R0
R0: final data
Time_Start, Time_Stop, NO_LIF, NO2_LIF, NOy_LIF, NO_LIF_1SigmaAccuracy, NO2_LIF_1SigmaAccuracy, NOy_LIF_1SigmaAccuracy
[from data line 792]
   47520,   47580,-9999,-9999,-9999,-9999, -9999, -9999
   47580,   47640,-9999,-9999,-9999,-9999, -9999, -9999
   47640,   47700,-9999,-9999,-9999,-9999, -9999, -9999
   47700,   47760,-9999,-9999,-9999,-9999, -9999, -9999
   47760,   47820,-9999,-9999,-9999,-9999, -9999, -9999
   47820,   47880,-9999,-9999,-9999,-9999, -9999, -9999
   47880,   47940,-9999,-9999,-9999,-9999, -9999, -9999
   47940,   48000,-9999,-9999,-9999,-9999, -9999, -9999
   48000,   48060,-9999,-9999,-9999,-9999, -9999, -9999
   48060,   48120,-9999,-9999,-9999,-9999, -9999, -9999
   48120,   48180,-9999,-9999,-9999,-9999, -9999, -9999
   48180,   48240,-9999,-9999,-9999,-9999, -9999, -9999
   48240,   48300,-9999,-9999,-9999,-9999, -9999, -9999
   48300,   48360,-9999,-9999,-9999,-9999, -9999, -9999
   48360,   48420,-9999,-9999,-9999,-9999, -9999, -9999
   48420,   48480,-9999,-9999,-9999,-9999, -9999, -9999
   48480,   48540,-9999,-9999,-9999,-9999, -9999, -9999
   48540,   48600,-9999,-9999,-9999,-9999, -9999, -9999
   48600,   48660,-9999,-9999,-9999,-9999, -9999, -9999
   48660,   48720,-9999,-9999,-9999,-9999, -9999, -9999
   48720,   48780,-9999,-9999,-9999,-9999, -9999, -9999
   48780,   48840,-9999,-9999,-9999,-9999, -9999, -9999
   48840,   48900,-9999,-9999,-9999,-9999, -9999, -9999
   48900,   48960,-9999,-9999,-9999,-9999, -9999, -9999
   48960,   49020,-9999,-9999,-9999,-9999, -9999, -9999
   49020,   49080,-9999,-9999,-9999,-9999, -9999, -9999
   49080,   49140,-9999,-9999,-9999,-9999, -9999, -9999
   49140,   49200,-9999,-9999,-9999,-9999, -9999, -9999
   49200,   49260,-9999,-9999,-9999,-9999, -9999, -9999
   49260,   49320,-9999,-9999,-9999,-9999, -9999, -9999
   49320,   49380,-9999,-9999,-9999,-9999, -9999, -9999
   49380,   49440,-9999,-9999,-9999,-9999, -9999, -9999
   49440,   49500,-9999,-9999,-9999,-9999, -9999, -9999
   49500,   49560,-9999,-9999,-9999,-9999, -9999, -9999
   49560,   49620,-9999,-9999,-9999,-9999, -9999, -9999
   49620,   49680,-9999,-9999,-9999,-9999, -9999, -9999
   49680,   49740,-9999,-9999,-9999,-9999, -9999, -9999
   49740,   49800,-9999,-9999,-9999,-9999, -9999, -9999
   49800,   49860,-9999,-9999,-9999,-9999, -9999, -9999
   49860,   49920,-9999,-9999,-9999,-9999, -9999, -9999
   49920,   49980,-9999,-9999,-9999,-9999, -9999, -9999
   49980,   50040,-9999,-9999,-9999,-9999, -9999, -9999
   50040,   50100,-9999,-9999,-9999,-9999, -9999, -9999
   50100,   50160,-9999,-9999,-9999,-9999, -9999, -9999
   50160,   50220,-9999,-9999,-9999,-9999, -9999, -9999
   50220,   50280,-9999,-9999,-9999,-9999, -9999, -9999
   50280,   50340,-9999,-9999,-9999,-9999, -9999, -9999
   50340,   50400,-9999,-9999,-9999,-9999, -9999, -9999
   50400,   50460,-9999,-9999,-9999,-9999, -9999, -9999
   50460,   50520,-9999,-9999,-9999,-9999, -9999, -9999
   50520,   50580,-9999,-9999,-9999,-9999, -9999, -9999
   50580,   50640,-9999,-9999,-9999,-9999, -9999, -9999
   50640,   50700,-9999,-9999,-9999,-9999, -9999, -9999
   50700,   50760,-9999,-9999,-9999,-9999, -9999, -9999
   50760,   50820,-9999,-9999,-9999,-9999, -9999, -9999
   50820,   50880,-9999,-9999,-9999,-9999, -9999, -9999
   50880,   50940,-9999,-9999,-9999,-9999, -9999, -9999
   50940,   51000,-9999,-9999,-9999,-9999, -9999, -9999
   51000,   51060,-9999,-9999,-9999,-9999, -9999, -9999
   51060,   51120,-9999,-9999,-9999,-9999, -9999, -9999
   51120,   51180,-9999,-9999,-9999,-9999, -9999, -9999
   51180,   51240,-9999,-9999,-9999,-9999, -9999, -9999
   51240,   51300,-9999,-9999,-9999,-9999, -9999, -9999
   51300,   51360,-9999,-9999,-9999,-9999, -9999, -9999
   51360,   51420,-9999,-9999,-9999,-9999, -9999, -9999
   51420,   51480,1445.5,5378.1,8353,89.732, 504.03, 935.3
   51480,   51540,2259.5,6441.7,8966.6,138.57, 599.75, 996.66
   51540,   51600,2200.3,7125.3,9882,135.02, 661.28, 1088.2
   51600,   51660,1851.8,7199.4,10492,114.11, 667.95, 1149.2
   51660,   51720,1442.6,6596,9867.2,89.556, 613.64, 1086.7
   51720,   51780,1731.4,6002.4,9261.6,106.89, 560.21, 1026.2
   51780,   51840,-9999,-9999,-9999,-9999, -9999, -9999
   51840,   51900,-9999,-9999,-9999,-9999, -9999, -9999
   51900,   51960,-9999,-9999,-9999,-9999, -9999, -9999
   51960,   52020,-9999,-9999,-9999,-9999, -9999, -9999
   52020,   52080,-9999,-9999,-9999,-9999, -9999, -9999
   52080,   52140,-9999,-9999,-9999,-9999, -9999, -9999
   52140,   52200,-9999,-9999,-9999,-9999, -9999, -9999
   52200,   52260,1149.3,4869.6,7503.4,71.959, 458.26, 850.34
   52260,   52320,1209,4831,7413.6,75.538, 454.79, 841.36
   52320,   52380,1265.5,4842.7,7474.6,78.927, 455.84, 847.46
   52380,   52440,1290.3,4759.7,7390.1,80.417, 448.37, 839.01
   52440,   52500,1268.8,4944.7,7427.4,79.126, 465.02, 842.74
   52500,   52560,1278.2,5122.6,7629.4,79.69, 481.04, 862.94
   52560,   52620,1128.8,4960.5,7469.9,70.729, 466.44, 846.99
   52620,   52680,1051.9,4753.9,7234.6,66.114, 447.85, 823.46
   52680,   52740,867.28,4679.5,7026.5,55.037, 441.16, 802.65
   52740,   52800,823.89,4743.4,6917.2,52.433, 446.91, 791.72
   52800,   52860,982.2,4640.2,6973.7,61.932, 437.62, 797.37
   52860,   52920,1177.4,4596.7,6921.2,73.645, 433.7, 792.12
   52920,   52980,1131.6,4667.3,6951.4,70.893, 440.05, 795.14
   52980,   53040,1230.2,4767.8,7199.7,76.814, 449.1, 819.97
   53040,   53100,1308.1,4953.4,7509.6,81.488, 465.81, 850.96
   53100,   53160,1173.6,5053.7,7487.9,73.418, 474.83, 848.79
   53160,   53220,1074.9,5370.9,7724.3,67.496, 503.38, 872.43
   53220,   53280,923.16,4701.6,7095.8,58.389, 443.15, 809.58
   53280,   53340,785.57,4256.9,6617,50.134, 403.12, 761.7
   53340,   53400,786.75,4047.6,6144.7,50.205, 384.29, 714.47
   53400,   53460,881.92,4153.1,6398.1,55.915, 393.78, 739.81
   53460,   53520,1109.8,4572.5,6898.9,69.586, 431.52, 789.89
   53520,   53580,989.27,4522.8,6761.8,62.356, 427.05, 776.18
   53580,   53640,818.07,4409.8,6689.5,52.084, 416.88, 768.95
   53640,   53700,800.66,3963.2,6279.9,51.04, 376.68, 727.99
   53700,   53760,809.1,3863.2,6066.6,51.546, 367.69, 706.66
   53760,   53820,798.94,3791.7,5823.9,50.937, 361.25, 682.39
   53820,   53880,671.93,3463,5408.8,43.316, 331.67, 640.88
   53880,   53940,615.27,3535.9,5361.7,39.916, 338.23, 636.17
   53940,   54000,601.95,3567.1,5614.5,39.117, 341.04, 661.45
   54000,   54060,635.84,3517.2,5573.9,41.15, 336.55, 657.39
   54060,   54120,742.38,3677.9,5677.9,47.543, 351.01, 667.79
   54120,   54180,738.28,3713.8,5806.3,47.297, 354.24, 680.63
   54180,   54240,650.38,3469.1,5452.7,42.023, 332.22, 645.27
   54240,   54300,565.21,3187.8,4741.8,36.913, 306.91, 574.18
   54300,   54360,551.21,3178.6,5029.6,36.073, 306.08, 602.96
   54360,   54420,1039.6,4480.7,6600.3,65.373, 423.26, 760.03
   54420,   54480,874.78,4440.9,6326.7,55.487, 419.68, 732.67
   54480,   54540,691.33,3914.6,6302.6,44.48, 372.32, 730.26
   54540,   54600,529.25,3098.3,5846,34.755, 298.85, 684.6
   54600,   54660,557.46,3241.1,5181.5,36.447, 311.7, 618.15
   54660,   54720,665.35,3606.7,5536.6,42.921, 344.6, 653.66
   54720,   54780,544.51,3376.4,5039.9,35.67, 323.88, 603.99
   54780,   54840,567.72,3523.2,5222,37.063, 337.09, 622.2
   54840,   54900,515.74,3377.3,5351.5,33.945, 323.96, 635.15
   54900,   54960,522.89,3426.4,5113.2,34.374, 328.37, 611.32
   54960,   55020,607.96,3518.8,5343.4,39.477, 336.69, 634.34
   55020,   55080,682.27,3273.9,5553.6,43.936, 314.65, 655.36
   55080,   55140,754.8,3003.3,5361.7,48.288, 290.3, 636.17
   55140,   55200,1403.2,3996.6,7309.8,87.192, 379.7, 830.98
   55200,   55260,1189.8,4013.6,7017.9,74.388, 381.22, 801.79
   55260,   55320,868.37,3484.5,5702.4,55.102, 333.61, 670.24
   55320,   55380,609.71,3012.3,4927.4,39.582, 291.11, 592.74
   55380,   55440,488.1,2561.5,4219.9,32.286, 250.54, 521.99
   55440,   55500,460.55,2657.2,4304.8,30.633, 259.15, 530.48
   55500,   55560,434.46,2632.6,4092.1,29.068, 256.94, 509.21
   55560,   55620,470.28,2554.1,4182.5,31.217, 249.87, 518.25
   55620,   55680,490.44,2616.9,4060.9,32.426, 255.52, 506.09
   55680,   55740,671.47,2765.5,4325.7,43.288, 268.9, 532.57
   55740,   55800,646.62,2446.7,4213.7,41.797, 240.2, 521.37
   55800,   55860,797.79,2578.1,4496.1,50.867, 252.03, 549.61
   55860,   55920,663.96,2476.4,4282.6,42.838, 242.87, 528.26
   55920,   55980,616.8,2373.6,4006.3,40.008, 233.63, 500.63
   55980,   56040,648.26,2159.5,3723.2,41.895, 214.35, 472.32
   56040,   56100,616.05,1996.1,3611.1,39.963, 199.65, 461.11
   56100,   56160,583.26,1990.1,3549.6,37.996, 199.11, 454.96
   56160,   56220,604,1874.9,3417.1,39.24, 188.74, 441.71
   56220,   56280,657.95,1950.1,3476.4,42.477, 195.51, 447.64
   56280,   56340,645.79,1905.3,3583.9,41.747, 191.48, 458.39
   56340,   56400,810.26,2235.7,3835.5,51.616, 221.21, 483.55
   56400,   56460,771.12,2234,3984.2,49.267, 221.06, 498.42
   56460,   56520,605.88,2004.9,3594.7,39.353, 200.44, 459.47
   56520,   56580,606.72,2020.9,3633,39.403, 201.89, 463.3
   56580,   56640,627.3,2060,3698.8,40.638, 205.4, 469.88
   56640,   56700,682.34,2025.4,3739,43.94, 202.29, 473.9
   56700,   56760,647.41,1961.7,3604.1,41.844, 196.56, 460.41
   56760,   56820,618.36,1892.6,3449.5,40.102, 190.34, 444.95
   56820,   56880,552.16,1868.5,3449.9,36.129, 188.16, 444.99
   56880,   56940,512.37,1835.2,3352.1,33.742, 185.17, 435.21
   56940,   57000,489.11,2074.8,3547.4,32.347, 206.73, 454.74
   57000,   57060,453.78,2027.4,3589.6,30.227, 202.46, 458.96
   57060,   57120,555.85,1952.2,3511.1,36.351, 195.7, 451.11
   57120,   57180,573.4,1945,3574.2,37.404, 195.05, 457.42
   57180,   57240,618.15,1884.9,3524.4,40.089, 189.64, 452.44
   57240,   57300,634.24,1948.6,3579.7,41.054, 195.38, 457.97
   57300,   57360,617.84,1856.8,3586.2,40.07, 187.11, 458.62
   57360,   57420,698.89,1997.1,3618.4,44.933, 199.74, 461.84
   57420,   57480,1015.3,2526.2,4583.9,63.918, 247.36, 558.39
   57480,   57540,969.95,2495.5,4470.5,61.197, 244.59, 547.05
   57540,   57600,561.4,1716.7,3641.3,36.684, 174.5, 464.13
   57600,   57660,557.22,1725.2,3423.1,36.433, 175.27, 442.31
   57660,   57720,553.88,1786.9,3390.9,36.233, 180.82, 439.09
   57720,   57780,553.65,1864.1,3411.4,36.219, 187.77, 441.14
   57780,   57840,582.35,1912.8,3548.1,37.941, 192.16, 454.81
   57840,   57900,542.19,1857.3,3457.4,35.531, 187.16, 445.74
   57900,   57960,509.73,1866,3568.3,33.584, 187.94, 456.83
   57960,   58020,497.02,1920.8,3569.2,32.821, 192.87, 456.92
   58020,   58080,546.56,1856.6,3481.7,35.794, 187.09, 448.17
   58080,   58140,582.73,1997.5,3603.3,37.964, 199.77, 460.33
   58140,   58200,572.6,1981.8,3752.5,37.356, 198.36, 475.25
   58200,   58260,2906.5,3332.1,9727.3,177.39, 319.89, 1072.7
   58260,   58320,896.07,2169.4,6054.5,56.764, 215.25, 705.45
   58320,   58380,719.03,1941.8,3553.3,46.142, 194.76, 455.33
   58380,   58440,658.71,1876.8,3759.5,42.522, 188.91, 475.95
   58440,   58500,558.62,1711.5,3358.5,36.517, 174.03, 435.85
   58500,   58560,859.64,2375.6,4017.7,54.578, 233.81, 501.77
   58560,   58620,721.59,2116.8,4070.1,46.295, 210.51, 507.01
   58620,   58680,1593.3,2930.4,5424.1,98.601, 283.73, 642.41
   58680,   58740,743.02,2079.1,4561,47.581, 207.11, 556.1
   58740,   58800,719.59,2051.1,3697.6,46.175, 204.6, 469.76
   58800,   58860,771.02,2115.7,3918.9,49.261, 210.42, 491.89
   58860,   58920,612.28,1821.7,3601.8,39.737, 183.95, 460.18
   58920,   58980,719.52,2027.8,3901.1,46.171, 202.51, 490.11
   58980,   59040,603.27,1836.3,3678.3,39.196, 185.27, 467.83
   59040,   59100,547.49,1728.7,3361.1,35.849, 175.59, 436.11
   59100,   59160,586.74,1796.1,3525.1,38.205, 181.65, 452.51
   59160,   59220,577.4,1821.4,3553.8,37.644, 183.93, 455.38
   59220,   59280,546.65,1807.8,3459.4,35.799, 182.7, 445.94
   59280,   59340,496.99,1746.5,3301.1,32.819, 177.18, 430.11
   59340,   59400,671.68,1933.1,3593,43.301, 193.98, 459.3
   59400,   59460,648.69,1869,3576.6,41.921, 188.21, 457.66
   59460,   59520,620.17,1867.5,3573.1,40.21, 188.08, 457.31
   59520,   59580,580.34,1867.4,3612.1,37.82, 188.07, 461.21
   59580,   59640,811.06,2096.5,4057.1,51.664, 208.68, 505.71
   59640,   59700,554.75,1740.5,3890,36.285, 176.65, 489
   59700,   59760,520.65,1673,3294.5,34.239, 170.57, 429.45
   59760,   59820,-9999,-9999,-9999,-9999, -9999, -9999
   59820,   59880,-9999,-9999,-9999,-9999, -9999, -9999
   59880,   59940,-9999,-9999,-9999,-9999, -9999, -9999
   59940,   60000,-9999,-9999,-9999,-9999, -9999, -9999
   60000,   60060,-9999,-9999,-9999,-9999, -9999, -9999
   60060,   60120,-9999,-9999,-9999,-9999, -9999, -9999
   60120,   60180,-9999,-9999,-9999,-9999, -9999, -9999
   60180,   60240,480.02,1538,3140.6,31.801, 158.42, 414.06
   60240,   60300,520.96,1667.9,3363.5,34.258, 170.12, 436.35
   60300,   60360,435.87,1395,3334.5,29.152, 145.55, 433.45
   60360,   60420,400.96,1355.1,2812.3,27.058, 141.96, 381.23
   60420,   60480,421.51,1432.8,2968.4,28.291, 148.95, 396.84
   60480,   60540,438.39,1505.3,3062.6,29.304, 155.47, 406.26
   60540,   60600,432.96,1481.6,3049.2,28.978, 153.35, 404.92
   60600,   60660,372.95,1419.9,2925.3,25.377, 147.79, 392.53
   60660,   60720,312.87,1420,2876.9,21.772, 147.8, 387.69
   60720,   60780,306.8,1510.4,2912.9,21.408, 155.93, 391.29
   60780,   60840,378.44,1617.7,3387.6,25.706, 165.59, 438.76
   60840,   60900,303.27,1431.6,2849.1,21.196, 148.84, 384.91
   60900,   60960,291.2,1402.1,2800,20.472, 146.19, 380
   60960,   61020,427.18,1583.7,2813.5,28.631, 162.53, 381.35
   61020,   61080,262.39,1251.7,2396.7,18.743, 132.65, 339.67
   61080,   61140,240.57,1030.7,1995.1,17.434, 112.76, 299.51
   61140,   61200,220.02,1078.1,2099.8,16.201, 117.03, 309.98
   61200,   61260,227.07,1065.4,2052.9,16.624, 115.88, 305.29
   61260,   61320,316.75,1391,2518.5,22.005, 145.19, 351.85
   61320,   61380,350.53,1501.3,2708.7,24.032, 155.12, 370.87
   61380,   61440,437.63,1515.5,2846.2,29.258, 156.4, 384.62
   61440,   61500,441.56,1407.6,2606,29.494, 146.68, 360.6
   61500,   61560,770.56,2158.9,3849.2,49.234, 214.3, 484.92
   61560,   61620,1034.1,2528.2,5231.7,65.049, 247.53, 623.17
   61620,   61680,876.94,1801.8,3410.6,55.617, 182.16, 441.06
   61680,   61740,352.29,1209.3,2481.3,24.138, 128.84, 348.13
   61740,   61800,381.42,1296.5,2385.8,25.885, 136.69, 338.58
   61800,   61860,295.74,1015.5,1985.5,20.744, 111.4, 298.55
   61860,   61920,314.06,1095.5,2171.9,21.844, 118.6, 317.19
   61920,   61980,249.32,890.61,1844.9,17.959, 100.15, 284.49
   61980,   62040,267.05,928.95,1853,19.023, 103.61, 285.3
   62040,   62100,319.02,1092.1,2139.8,22.141, 118.29, 313.98
   62100,   62160,745.85,1614,2815.7,47.751, 165.26, 381.57
   62160,   62220,712.25,1770.3,3263.2,45.735, 179.33, 426.32
   62220,   62280,681.18,1633.8,3197.5,43.871, 167.05, 419.75
   62280,   62340,1058.2,2012.6,3476.6,66.491, 201.14, 447.66
   62340,   62400,959.26,2063.3,3742.2,60.555, 205.7, 474.22
   62400,   62460,512.32,1547.7,2914.8,33.739, 159.29, 391.48
   62460,   62520,488.22,1372.6,2499,32.293, 143.53, 349.9
   62520,   62580,257.82,922.64,1942.1,18.469, 103.04, 294.21
   62580,   62640,437.41,1715.9,2407.3,29.245, 174.43, 340.73
   62640,   62700,452.43,1565.8,2903.7,30.146, 160.93, 390.37
   62700,   62760,519.02,1478.6,2815.1,34.141, 153.08, 381.51
   62760,   62820,784.49,1938.2,3728.9,50.069, 194.44, 472.89
   62820,   62880,1445.4,2896.4,4531.4,89.722, 280.67, 553.14
   62880,   62940,674.35,1906.7,3628.2,43.461, 191.6, 462.82
   62940,   63000,411.83,1365.6,2698.1,27.71, 142.91, 369.81
   63000,   63060,568.06,1559.3,2984.7,37.084, 160.34, 398.47
   63060,   63120,279.64,988.22,1975.7,19.779, 108.94, 297.57
   63120,   63180,222.58,831.11,1774.8,16.355, 94.8, 277.48
   63180,   63240,275.19,1006.4,2053.7,19.511, 110.58, 305.37
   63240,   63300,294.13,1056.1,2126.3,20.648, 115.05, 312.63
   63300,   63360,316.09,1108.5,2191,21.965, 119.77, 319.1
   63360,   63420,380.46,1285.1,2344.2,25.827, 135.66, 334.42
   63420,   63480,316.57,1097.9,2188.8,21.994, 118.81, 318.88
   63480,   63540,570.51,1510.1,2550.2,37.231, 155.91, 355.02
