CampaignData_and_Merges/R0/CSL_MobileLab_Parked/raw/20240811/USOS-PTR_MobileLabGround_20240811_RA.ict
58, 1001
Matthew Coggon, Kelvin Bates, Chelsea Stockwell, Carsten Warneke
NOAA ESRL Chemical Sciences Division
NOAA PTR-ToF-MS
USOS
1,1 
2024, 08, 11, 2023, 08, 12
0
Time_Start, seconds, number of seconds from 00:00 UTC 
22
1, 1, 1, 1, 1, 1, 1, 1, 1, 1, 1, 1, 1, 1, 1, 1, 1, 1, 1, 1, 1, 1
-9999, -9999, -9999, -9999, -9999, -9999, -9999, -9999, -9999, -9999, -9999, -9999, -9999, -9999, -9999, -9999, -9999, -9999, -9999, -9999, -9999, -9999
CH3OH_NOAAPTR_ppbv,  ppbv, Gas_CH3OH_InSitu_S_AVMR, (CH3OH) methanol
CH3CN_NOAAPTR_ppbv,  ppbv, Gas_CH3CN_InSitu_S_AVMR, (CH3CN) acetonitrile
CH3CHO_NOAAPTR_ppbv,  ppbv, Gas_CH3CHO_InSitu_S_AVMR, (CH3CHO) acetaldehyde plus contributions from ethylene glycol and ethylene oxide. Interference from ethanol has been subtracted out.
C2H5OH_NOAAPTR_ppbv,  ppbv, Gas_C2H5OH_InSitu_S_AVMR, (C2H5OH) ethanol
CH3SH_NOAAPTR_ppbv,  ppbv, Gas_CH3SH_InSitu_S_AVMR, (CH3SH) methanethiol, using calibration factor for DMS
Acrolein_NOAAPTR_ppbv,  ppbv, Gas_Acrolein_InSitu_S_AVMR, (C3H4O) acrolein
AcetonePropanal_NOAAPTR_ppbv,  ppbv, Gas_AcetoneAndPropanal_InSitu_S_AVMR, (C3H6O) sum of acetone (dominant isomer) and propanal, using calibration factor for acetone
DMS_NOAAPTR_ppbv,  ppbv, Gas_DMS_InSitu_S_AVMR, (C2H6S) dimethyl sulfide with possible small contributions from ethanethiol
C5H8_NOAAPTR_ppbv,  ppbv, Gas_Isoprene_InSitu_S_AVMR, (C5H8) isoprene and possible fragments from cycloalkanes and aldehydes. Interferences have been subtracted following methods described by Coggon et al (2023)
MVKMAC_NOAAPTR_ppbv,  ppbv, Gas_MVKAndMAC_InSitu_S_AVMR, (C4H6O) sum of methyl vinyl ketone, methacrolein, and small amounts of crotonaldehyde, using weighted calibration factor for MVK (0.637) and MACR (0.363)
Benzene_NOAAPTR_ppbv,  ppbv, Gas_Benzene_InSitu_S_AVMR, (C6H6) benzene
Toluene_NOAAPTR_ppbv,  ppbv, Gas_Toluene_InSitu_S_AVMR, (C7H8) toluene with possible small contributions of fragments from ethyltoluene
Styrene_NOAAPTR_ppbv,  ppbv, Gas_Styrene_InSitu_S_AVMR, (C8H8) styrene
Benzaldehyde_NOAAPTR_ppbv,  ppbv, Gas_Benzaldehyde_InSitu_S_AVMR, (C7H6O) benzaldehyde
C8Aromatics_NOAAPTR_ppbv,  ppbv, Gas_C8Aromatics_InSitu_M_AVMR, (C8H10) sum of m-xylene, p-xylene, o-xylene, and ethyl benzene
C9Aromatics_NOAAPTR_ppbv,  ppbv, Gas_C9Aromatics_InSitu_M_AVMR, (C9H12) sum of C9 aromatics
Naphthalene_NOAAPTR_ppbv,  ppbv, Gas_Naphthalene_InSitu_S_AVMR, (C10H8) naphthalene
Octanal_NOAAPTR_ppbv,  ppbv, Gas_Octanal_InSitu_S_AVMR, (C8H16O) octanal and small amounts of octanone
Monoterpenes_NOAAPTR_ppbv,  ppbv, Gas_Monoterpenes_InSitu_M_AVMR, (C10H16) sum of monoterpenes and possible contributions from fragments of oxygenated monoterpenoids such as eucalyptol.
Nonanal_NOAAPTR_ppbv,  ppbv, Gas_Nonanal_InSitu_M_AVMR, (C9H18O) nonanal and small amounts of nonanone
C7H4ClF3_NOAAPTR_ppbv,  ppbv, Gas_C7H4ClF3_InSitu_S_AVMR, (C7H4ClF3) parachlorobenzotrifluoride
C10H30O5Si5_NOAAPTR_ppbv,  ppbv, Gas_C10H30O5Si5_InSitu_S_AVMR, (C10H30O5Si5) decamethylcyclopentasiloxane
1
SPECIAL COMMENTS:N/A
21
PI_CONTACT_INFO: NOAA ESRL Chemical Sciences Division, Tropospheric Chemistry Group. 325 Broadway, R/CSD7, Boulder, CO 80305
PLATFORM: Mobile Laboratory.
LOCATION: Salt Lake City, UT
ASSOCIATED_DATA: N/A
INSTRUMENT_INFO: NOAA PTR-ToF-MS measurements on NOAA CSL Mobile Lab
DATA_INFO: Units: ppbv
UNCERTAINTY: See OTHER_COMMENTS
ULOD_FLAG: -7777
ULOD_VALUE: N/A
LLOD_FLAG: -8888
LLOD_VALUE: N/A.
DM_CONTACT_INFO: Data Managers: Matt Coggon, Kelvin Bates, Chelsea Stockwell; email: matthew.m.coggon@noaa.gov and kelvin.bates@colorado.edu
PROJECT_INFO: USOS Deployment July-August, 2024
STIPULATIONS_ON_USE: Use of these data require prior OK from PI.
OTHER_COMMENTS: Uncertainties:
CH3OH_NOAAPTR_ppbv:30%; CH3CN_NOAAPTR_ppbv:30%; CH3CHO_NOAAPTR_ppbv:30%; C2H5OH_NOAAPTR_ppbv:30%; CH3SH_NOAAPTR_ppbv:50%; Acrolein_NOAAPTR_ppbv:30%; AcetonePropanal_NOAAPTR_ppbv:30%; DMS_NOAAPTR_ppbv:30%; C5H8_NOAAPTR_ppbv:30%; MVKMAC_NOAAPTR_ppbv:30%; 
Benzene_NOAAPTR_ppbv:30%; Toluene_NOAAPTR_ppbv:30%; Styrene_NOAAPTR_ppbv:30%; Benzaldehyde_NOAAPTR_ppbv:30%; C8Aromatics_NOAAPTR_ppbv:30%; C9Aromatics_NOAAPTR_ppbv:30%; Naphthalene_NOAAPTR_ppbv:30%; Octanal_NOAAPTR_ppbv:30%; Monoterpenes_NOAAPTR_ppbv:30%; Nonanal_NOAAPTR_ppbv:30%; 
C7H4ClF3_NOAAPTR_ppbv:30%; C10H30O5Si5_NOAAPTR_ppbv:30%; 
REVISION: RA
RA: Field Data
Time_Start, CH3OH_NOAAPTR_ppbv, CH3CN_NOAAPTR_ppbv, CH3CHO_NOAAPTR_ppbv, C2H5OH_NOAAPTR_ppbv, CH3SH_NOAAPTR_ppbv, Acrolein_NOAAPTR_ppbv, AcetonePropanal_NOAAPTR_ppbv, DMS_NOAAPTR_ppbv, C5H8_NOAAPTR_ppbv, MVKMAC_NOAAPTR_ppbv, Benzene_NOAAPTR_ppbv, Toluene_NOAAPTR_ppbv, Styrene_NOAAPTR_ppbv, Benzaldehyde_NOAAPTR_ppbv, C8Aromatics_NOAAPTR_ppbv, C9Aromatics_NOAAPTR_ppbv, Naphthalene_NOAAPTR_ppbv, Octanal_NOAAPTR_ppbv, Monoterpenes_NOAAPTR_ppbv, Nonanal_NOAAPTR_ppbv, C7H4ClF3_NOAAPTR_ppbv, C10H30O5Si5_NOAAPTR_ppbv
[from data line 658]
39480.0, 11.92447, 0.21447, 1.76726, 6.20736, 0.00730, 0.23238, 3.43451, -0.00076, 0.19703, 0.28412, 0.09188, 0.26182, 0.03047, -9999.00000, 0.15768, 0.06103, -0.00138, 0.02899, 0.26390, 0.07799, 0.00779, 0.00540 
39540.0, 10.54753, 0.24690, 1.79730, 6.11227, 0.00427, 0.23597, 3.42179, 0.02080, 0.23701, 0.26058, 0.04486, 0.25015, 0.02556, -9999.00000, 0.17084, 0.06955, 0.00367, 0.07396, 0.28042, 0.06461, 0.00696, 0.00943 
39600.0, 11.55748, 0.22786, 2.13734, 7.82708, 0.00867, 0.24210, 3.57374, 0.01726, 0.28843, 0.28721, 0.08895, 0.33410, 0.01413, -9999.00000, 0.17385, 0.08027, 0.00352, 0.07268, 0.20807, 0.09114, 0.01269, 0.01014 
39660.0, 11.81389, 0.21590, 1.82768, 7.17772, 0.00323, 0.24688, 3.49610, 0.01585, 0.22044, 0.24950, 0.05009, 0.28144, 0.00540, -9999.00000, 0.15044, 0.06577, -0.00425, 0.05190, 0.20817, 0.09450, 0.00858, 0.01096 
39720.0, 11.84664, 0.23040, 1.81241, 6.96251, 0.00792, 0.23315, 3.53387, 0.00158, 0.23601, 0.26273, 0.06701, 0.27402, 0.02036, -9999.00000, 0.17296, 0.07456, -0.00017, 0.05391, 0.22626, 0.09680, 0.01821, 0.00798 
39780.0, 12.26947, 0.22822, 1.84490, 6.35314, 0.00654, 0.26436, 3.39780, 0.01141, 0.22535, 0.26910, 0.06080, 0.21999, 0.01902, -9999.00000, 0.14314, 0.05954, -0.00164, 0.04886, 0.20847, 0.08869, 0.01685, 0.00934 
39840.0, 11.40634, 0.24432, 1.89964, 5.60835, 0.00627, 0.26360, 3.43032, 0.00421, 0.26420, 0.27462, 0.07587, 0.26469, 0.03381, -9999.00000, 0.15418, 0.06836, 0.00204, 0.04918, 0.22575, 0.07631, 0.00673, 0.00752 
39900.0, 11.20844, 0.24376, 1.72169, 5.17452, 0.00424, 0.24303, 3.40289, 0.01435, 0.16719, 0.25248, 0.10367, 0.25153, 0.03219, -9999.00000, 0.13134, 0.04968, 0.00003, 0.05442, 0.18154, 0.04594, 0.00815, 0.00582 
39960.0, 10.35092, 0.25205, 1.67312, 4.86922, 0.00685, 0.25589, 3.36043, 0.01848, 0.19252, 0.27080, 0.09036, 0.21443, -0.00500, -9999.00000, 0.13511, 0.05343, 0.00777, 0.03966, 0.16531, 0.06169, 0.00684, 0.00581 
40020.0, 11.59969, 0.22288, 1.69045, 5.52755, 0.00617, 0.23515, 3.41028, 0.00911, 0.23014, 0.26139, 0.03520, 0.22207, 0.04143, -9999.00000, 0.14166, 0.06667, 0.00246, 0.06384, 0.20539, 0.06954, 0.00662, 0.00692 
40080.0, 11.53357, 0.23243, 1.79945, 4.82508, 0.00490, 0.24561, 3.41010, 0.00681, 0.20821, 0.26270, 0.05413, 0.22127, 0.03597, -9999.00000, 0.15571, 0.05589, -0.00603, 0.04632, 0.20774, 0.06001, 0.01311, 0.00572 
40140.0, 10.59592, 0.30981, 1.64930, 4.16786, 0.00202, 0.22219, 3.31183, -0.00091, 0.17046, 0.26403, 0.08095, 0.18589, 0.01300, -9999.00000, 0.12816, 0.04776, 0.00658, 0.03715, 0.18161, 0.05636, 0.01534, 0.00739 
40200.0, 10.79159, 0.26819, 1.69583, 4.61107, -0.00072, 0.25522, 3.32830, 0.00593, 0.19116, 0.26148, 0.04529, 0.18001, -0.00499, -9999.00000, 0.12157, 0.04214, 0.00013, 0.04272, 0.19215, 0.08175, 0.00746, 0.00533 
40260.0, 10.54149, 0.28518, 1.60147, 5.27939, 0.00087, 0.27077, 3.38146, 0.02115, 0.20853, 0.25897, 0.03892, 0.21170, 0.01462, -9999.00000, 0.11492, 0.04272, -0.00486, 0.05705, 0.17521, 0.07096, 0.01316, 0.00625 
40320.0, 10.31743, 0.30787, 1.59064, 4.34105, 0.00380, 0.25824, 3.35954, 0.01806, 0.21512, 0.27300, 0.09205, 0.22767, 0.01777, -9999.00000, 0.14999, 0.04879, -0.00781, 0.06076, 0.15470, 0.09007, 0.01016, 0.00960 
40380.0, 12.18696, 0.28314, 1.74911, 5.72483, 0.00762, 0.25216, 3.47977, 0.01722, 0.21110, 0.26290, 0.02236, 0.20682, 0.01368, -9999.00000, 0.13008, 0.07023, 0.00055, 0.03966, 0.18147, 0.08955, 0.00861, 0.00869 
40440.0, 11.44188, 0.34337, 1.64533, 4.91760, 0.00598, 0.27190, 3.50958, 0.01551, 0.19981, 0.25884, 0.07604, 0.23373, 0.02593, -9999.00000, 0.11973, 0.04388, -0.00781, 0.04031, 0.16554, 0.05282, 0.01231, 0.00768 
40500.0, 11.39117, 0.45080, 1.47561, 4.49318, 0.00118, 0.19934, 3.35869, 0.01115, 0.20503, 0.24282, 0.05161, 0.18623, 0.01682, -9999.00000, 0.11590, 0.04711, 0.00744, 0.03971, 0.17593, 0.04669, 0.00446, 0.00531 
40560.0, 10.12571, 0.47300, 1.55133, 4.35548, 0.00741, 0.22719, 3.29216, 0.00730, 0.22622, 0.23844, 0.04908, 0.15123, 0.01303, -9999.00000, 0.12678, 0.04799, -0.00780, 0.03412, 0.14134, 0.06526, 0.00398, 0.00166 
40620.0, 9.32140, 0.51443, 1.52922, 4.14763, 0.00434, 0.25582, 3.29285, 0.02517, 0.20061, 0.22725, 0.04900, 0.17004, 0.01773, -9999.00000, 0.11620, 0.04426, 0.00136, 0.06232, 0.15168, 0.06818, 0.01017, 0.00223 
40680.0, 10.72872, 0.47891, 1.54686, 4.36989, 0.00408, 0.21550, 3.33312, 0.02284, 0.23873, 0.23830, 0.09945, 0.20880, 0.01436, -9999.00000, 0.13048, 0.04308, 0.00106, 0.03706, 0.17902, 0.07321, 0.00815, 0.00512 
40740.0, 10.68932, 0.52399, 1.60130, 4.59065, 0.00101, 0.22220, 3.38291, 0.01314, 0.22926, 0.24864, 0.02448, 0.21475, 0.02605, -9999.00000, 0.10676, 0.04900, 0.01694, 0.04967, 0.16883, 0.08039, 0.01104, 0.00873 
40800.0, 10.97478, 0.49156, 1.66368, 4.44068, 0.00607, 0.21836, 3.35713, -0.00019, 0.23136, 0.25393, 0.11696, 0.19390, -0.00496, -9999.00000, 0.12343, 0.05330, -0.00780, 0.03690, 0.19850, 0.05763, 0.00246, 0.00314 
40860.0, 11.69654, 0.52129, 1.60455, 4.71688, 0.00078, 0.20420, 3.36560, 0.02116, 0.19502, 0.24895, 0.08626, 0.21467, 0.03030, -9999.00000, 0.14131, 0.05096, 0.00692, 0.02738, 0.16306, 0.08156, 0.01118, 0.00842 
40920.0, 11.54036, 0.53496, 1.61653, 4.44539, 0.00446, 0.23011, 3.31082, 0.00429, 0.18170, 0.24632, 0.08434, 0.17540, -0.00495, -9999.00000, 0.13390, 0.04199, 0.00605, 0.04505, 0.14838, 0.05554, 0.01056, 0.00641 
40980.0, 12.03295, 0.52728, -9999.00000, 4.68454, 0.00288, 0.22053, 3.37925, -0.00011, -9999.00000, 0.24595, 0.09007, 0.18912, -0.00495, -9999.00000, 0.12450, 0.05331, -0.00779, 0.03862, 0.18684, 0.08066, 0.01191, 0.00634 
41040.0, -9999.00000, -9999.00000, -9999.00000, -9999.00000, -9999.00000, -9999.00000, -9999.00000, -9999.00000, -9999.00000, -9999.00000, -9999.00000, -9999.00000, -9999.00000, -9999.00000, -9999.00000, -9999.00000, -9999.00000, -9999.00000, -9999.00000, -9999.00000, -9999.00000, -9999.00000 
41100.0, -9999.00000, -9999.00000, -9999.00000, -9999.00000, -9999.00000, -9999.00000, -9999.00000, -9999.00000, -9999.00000, -9999.00000, -9999.00000, -9999.00000, -9999.00000, -9999.00000, -9999.00000, -9999.00000, -9999.00000, -9999.00000, -9999.00000, -9999.00000, -9999.00000, -9999.00000 
41160.0, -9999.00000, -9999.00000, -9999.00000, -9999.00000, -9999.00000, -9999.00000, -9999.00000, -9999.00000, -9999.00000, -9999.00000, -9999.00000, -9999.00000, -9999.00000, -9999.00000, -9999.00000, -9999.00000, -9999.00000, -9999.00000, -9999.00000, -9999.00000, -9999.00000, -9999.00000 
41220.0, -9999.00000, -9999.00000, -9999.00000, -9999.00000, -9999.00000, -9999.00000, -9999.00000, -9999.00000, -9999.00000, -9999.00000, -9999.00000, -9999.00000, -9999.00000, -9999.00000, -9999.00000, -9999.00000, -9999.00000, -9999.00000, -9999.00000, -9999.00000, -9999.00000, -9999.00000 
41280.0, -9999.00000, -9999.00000, -9999.00000, -9999.00000, -9999.00000, -9999.00000, -9999.00000, -9999.00000, -9999.00000, -9999.00000, -9999.00000, -9999.00000, -9999.00000, -9999.00000, -9999.00000, -9999.00000, -9999.00000, -9999.00000, -9999.00000, -9999.00000, -9999.00000, -9999.00000 
41340.0, -9999.00000, -9999.00000, -9999.00000, -9999.00000, -9999.00000, -9999.00000, -9999.00000, -9999.00000, -9999.00000, -9999.00000, -9999.00000, -9999.00000, -9999.00000, -9999.00000, -9999.00000, -9999.00000, -9999.00000, -9999.00000, -9999.00000, -9999.00000, -9999.00000, -9999.00000 
41400.0, -9999.00000, -9999.00000, -9999.00000, -9999.00000, -9999.00000, -9999.00000, -9999.00000, -9999.00000, -9999.00000, -9999.00000, -9999.00000, -9999.00000, -9999.00000, -9999.00000, -9999.00000, -9999.00000, -9999.00000, -9999.00000, -9999.00000, -9999.00000, -9999.00000, -9999.00000 
41460.0, -9999.00000, -9999.00000, -9999.00000, -9999.00000, -9999.00000, -9999.00000, -9999.00000, -9999.00000, -9999.00000, -9999.00000, -9999.00000, -9999.00000, -9999.00000, -9999.00000, -9999.00000, -9999.00000, -9999.00000, -9999.00000, -9999.00000, -9999.00000, -9999.00000, -9999.00000 
41520.0, -9999.00000, -9999.00000, -9999.00000, -9999.00000, -9999.00000, -9999.00000, -9999.00000, -9999.00000, -9999.00000, -9999.00000, -9999.00000, -9999.00000, -9999.00000, -9999.00000, -9999.00000, -9999.00000, -9999.00000, -9999.00000, -9999.00000, -9999.00000, -9999.00000, -9999.00000 
41580.0, -9999.00000, -9999.00000, -9999.00000, -9999.00000, -9999.00000, -9999.00000, -9999.00000, -9999.00000, -9999.00000, -9999.00000, -9999.00000, -9999.00000, -9999.00000, -9999.00000, -9999.00000, -9999.00000, -9999.00000, -9999.00000, -9999.00000, -9999.00000, -9999.00000, -9999.00000 
41640.0, 11.60468, -9999.00000, -9999.00000, 5.32974, 0.00374, 0.25246, 3.36452, 0.01065, -9999.00000, -9999.00000, 0.14638, 0.24927, 0.01977, -9999.00000, 0.18034, 0.07578, -0.00587, 0.04702, 0.13438, 0.06808, 0.00513, 0.00428 
41700.0, 10.90165, 0.43110, 1.78406, 7.70632, 0.00422, 0.29286, 3.40057, 0.01606, 0.17827, 0.27358, 0.11784, 0.32390, 0.03931, -9999.00000, 0.20511, 0.07952, -0.00595, 0.03642, 0.17608, 0.06425, 0.00698, 0.00517 
41760.0, 11.68286, 0.38991, 1.67080, 6.88530, 0.00181, 0.25628, 3.34020, 0.00937, 0.17492, 0.27834, 0.15442, 0.22542, -0.00491, -9999.00000, 0.13948, 0.06189, 0.00186, 0.05595, 0.18407, 0.08171, 0.00426, 0.00302 
41820.0, 10.13822, 0.33030, 1.55857, 5.01882, 0.00548, 0.21663, 3.30533, 0.00696, 0.17238, 0.25876, 0.09024, 0.21012, 0.01809, -9999.00000, 0.13195, 0.04702, -0.00578, 0.02448, 0.14970, 0.05496, 0.00394, 0.00750 
41880.0, 10.68768, 0.33459, 1.60103, 5.69757, 0.00686, 0.23614, 3.34643, 0.01216, 0.19978, 0.24827, 0.10138, 0.21370, 0.01056, -9999.00000, 0.15173, 0.05343, -0.00219, 0.03820, 0.13737, 0.06567, 0.00858, 0.00489 
41940.0, 11.42721, 0.33060, 1.51074, 4.70786, 0.00343, 0.20907, 3.26420, 0.00971, 0.21938, 0.23410, 0.05988, 0.19592, -0.00490, -9999.00000, 0.11156, 0.04216, -0.00408, 0.02960, 0.14183, 0.06035, 0.01088, 0.00470 
42000.0, 10.78647, 0.31068, 1.50530, 5.41593, 0.00323, 0.23503, 3.31190, 0.00170, 0.22657, 0.24191, 0.10350, 0.23380, 0.02359, -9999.00000, 0.12533, 0.04668, 0.00520, 0.04378, 0.14160, 0.06195, 0.00760, 0.00572 
42060.0, 10.03010, 0.27263, 1.38597, 5.15501, 0.00483, 0.22521, 3.25771, 0.00713, 0.21554, 0.27012, 0.04797, 0.17931, 0.02479, -9999.00000, 0.10713, 0.04647, -0.00776, 0.02925, 0.16674, 0.05154, 0.00042, 0.00444 
42120.0, 10.71948, 0.27313, 1.43062, 4.19097, 0.00207, 0.19744, 3.24771, -0.00093, 0.17346, 0.26441, 0.08179, 0.18684, -0.00489, -9999.00000, 0.09063, 0.04529, -0.00212, 0.02584, 0.13464, 0.04548, 0.00764, 0.00578 
42180.0, 12.51798, 0.25122, 1.53723, 5.20897, 0.00467, 0.20531, 3.32848, 0.00085, 0.23368, 0.25940, 0.03591, 0.19776, 0.00860, -9999.00000, 0.12927, 0.04307, -0.00776, 0.05031, 0.17598, 0.03918, 0.00745, 0.00439 
42240.0, 11.67223, 0.28212, 1.44036, 4.51716, 0.00275, 0.19978, 3.23401, 0.00658, 0.17399, 0.24568, 0.07325, 0.19522, 0.01109, -9999.00000, 0.10798, 0.03368, -0.00503, 0.02733, 0.14087, 0.06070, 0.01155, 0.00655 
42300.0, 12.77276, 0.26645, 1.49958, 5.09495, 0.00031, 0.22910, 3.34418, -0.00094, 0.18450, 0.24018, 0.01885, 0.18051, -0.00489, -9999.00000, 0.10257, 0.04482, -0.00775, 0.03517, 0.16914, 0.06947, 0.00895, 0.00480 
42360.0, 10.30731, 0.24688, 1.56195, 6.43173, 0.00361, 0.23059, 3.23979, 0.01201, 0.19352, 0.25176, 0.05898, 0.19092, -0.00488, -9999.00000, 0.12014, 0.03788, 0.00287, 0.03284, 0.15578, 0.04833, 0.01265, 0.00632 
42420.0, 11.13061, 0.23661, 1.56655, 6.10193, 0.00506, 0.26188, 3.26644, 0.01334, 0.18194, 0.23947, 0.06377, 0.18714, 0.01982, -9999.00000, 0.11923, 0.04819, -0.00396, 0.03203, 0.19539, 0.05995, 0.00590, 0.00521 
42480.0, 11.79164, 0.26210, 1.54957, 7.71699, 0.00597, 0.23466, 3.31965, -0.00094, 0.23350, 0.27149, 0.05858, 0.18831, 0.01936, -9999.00000, 0.12617, 0.04779, -0.00520, 0.04113, 0.14450, 0.05097, 0.01103, 0.01312 
42540.0, 11.48958, 0.27875, 1.78751, 8.20286, 0.00101, 0.24044, 3.39935, 0.01142, 0.17920, 0.26900, 0.06358, 0.19347, 0.02011, -9999.00000, 0.11373, 0.05300, -0.00508, 0.05525, 0.19005, 0.06803, 0.00357, 0.00427 
42600.0, 11.20853, 0.24522, 1.72036, 7.60901, 0.00788, 0.22877, 3.35775, 0.00407, 0.17918, 0.26821, 0.01145, 0.19543, -0.00487, -9999.00000, 0.09525, 0.03672, 0.00041, 0.03919, 0.15089, 0.06489, 0.01082, 0.00548 
42660.0, 11.17855, 0.24928, 1.69426, 6.51284, 0.00335, 0.23936, 3.41551, 0.01031, 0.17363, 0.25594, 0.05354, 0.20640, 0.02469, -9999.00000, 0.10861, 0.04741, -0.00622, 0.03178, 0.18409, 0.06485, 0.00582, 0.01016 
42720.0, 11.33610, 0.25268, 1.56916, 5.57829, 0.00089, 0.22903, 3.40321, 0.00811, 0.17324, 0.24545, 0.04223, 0.18721, 0.02639, -9999.00000, 0.09621, 0.04207, -0.00572, 0.02219, 0.14521, 0.06616, 0.00272, 0.00799 
42780.0, 12.50812, 0.25468, 1.69634, 6.98021, 0.00722, 0.25930, 3.39968, 0.00170, 0.18835, 0.25444, 0.06973, 0.21523, 0.02572, -9999.00000, 0.12189, 0.05743, 0.00770, 0.03888, 0.15519, 0.06800, 0.00771, 0.01147 
42840.0, 12.73801, 0.25267, 1.82904, 7.27525, 0.00444, 0.24978, 3.41605, 0.02255, 0.17832, 0.24313, 0.08472, 0.24284, 0.02143, -9999.00000, 0.13025, 0.05387, 0.00371, 0.04647, 0.16809, 0.05731, 0.00692, 0.00678 
42900.0, 12.03967, 0.24385, 1.63288, 6.43817, 0.00464, 0.21848, 3.41276, 0.00210, 0.21301, 0.27379, 0.09034, 0.23658, -0.00486, -9999.00000, 0.12788, 0.05743, 0.01382, 0.03588, 0.15689, 0.06579, 0.00918, 0.00652 
42960.0, 10.78112, 0.24942, 1.69195, 6.08391, 0.00279, 0.21664, 3.39021, 0.02569, 0.17926, 0.24138, 0.06534, 0.20327, 0.01079, -9999.00000, 0.12976, 0.05479, -0.00079, 0.05112, 0.16976, 0.05147, 0.00808, 0.00752 
43020.0, 10.85104, 0.24836, 1.61612, 5.07628, 0.00082, 0.23020, 3.33719, 0.00678, 0.16790, 0.24824, 0.05690, 0.20153, 0.00478, -9999.00000, 0.11602, 0.04483, -0.00002, 0.03706, 0.14547, 0.05188, 0.00165, 0.00599 
43080.0, 10.31434, 0.25924, 1.69326, 6.16011, 0.00106, 0.24512, 3.32296, 0.00814, 0.13193, 0.25144, 0.03501, 0.21449, 0.02771, -9999.00000, 0.10467, 0.05774, 0.00168, 0.04258, 0.15383, 0.06063, 0.00834, 0.00760 
43140.0, 11.44732, 0.22692, 1.72473, 5.61662, 0.00807, 0.22039, 3.37365, 0.00916, 0.17358, 0.25807, 0.08412, 0.22551, -0.00484, -9999.00000, 0.11500, 0.05126, -0.00773, 0.03231, 0.16969, 0.04363, 0.01031, 0.01051 
43200.0, 10.17234, 0.24454, 1.49880, 3.65985, 0.00437, 0.21277, 3.27451, 0.00974, 0.17437, 0.24392, 0.03254, 0.17584, 0.01241, -9999.00000, 0.11299, 0.04451, 0.00296, 0.04483, 0.15592, 0.05492, 0.01044, 0.00178 
43260.0, 9.68798, 0.26994, 1.42213, 3.02906, 0.00155, 0.22782, 3.25075, 0.01061, 0.14964, 0.23795, 0.06274, 0.17215, 0.02388, -9999.00000, 0.12169, 0.03436, 0.01561, 0.04828, 0.14770, 0.05412, 0.00901, 0.00171 
43320.0, 8.65245, 0.26081, 1.40641, 3.98225, 0.00434, 0.22938, 3.29271, 0.00024, 0.15363, 0.22890, 0.01611, 0.17127, 0.02460, -9999.00000, 0.11158, 0.04284, 0.00344, 0.04509, 0.13697, 0.05029, 0.00682, 0.00338 
43380.0, 10.20164, 0.26156, 1.41225, 4.54675, 0.00597, 0.21559, 3.30160, 0.01024, 0.20106, 0.25095, 0.02763, 0.16732, 0.01735, -9999.00000, 0.11354, 0.03865, 0.00201, 0.04468, 0.14362, 0.05604, 0.00757, 0.00383 
43440.0, 10.40043, 0.27261, 1.57030, 4.91499, 0.00390, 0.22788, 3.29300, 0.01299, 0.19306, 0.24791, 0.02909, 0.19317, 0.02488, -9999.00000, 0.10850, 0.04016, 0.00270, 0.04153, 0.12415, 0.06817, 0.00409, 0.00317 
43500.0, 10.09402, 0.26406, 1.60170, 5.43893, 0.00159, 0.24182, 3.28809, 0.01189, 0.17252, 0.22975, 0.10118, 0.20504, 0.01039, -9999.00000, 0.10505, 0.05195, -0.00772, 0.02429, 0.12633, 0.06136, 0.00939, 0.01065 
43560.0, 11.81634, 0.26230, 1.67589, 6.54301, 0.00197, 0.24185, 3.41094, 0.00935, 0.15131, 0.27132, 0.05132, 0.18249, 0.01285, -9999.00000, 0.12034, 0.04919, -0.00652, 0.03437, 0.14156, 0.05121, 0.00606, 0.00905 
43620.0, 12.04128, 0.25040, 1.71411, 7.21077, 0.00730, 0.22009, 3.46956, 0.02006, 0.19959, 0.27903, 0.03988, 0.22234, 0.01426, -9999.00000, 0.14301, 0.03927, -0.00527, 0.06190, 0.15557, 0.05735, 0.01308, 0.00474 
