CampaignData_and_Merges/R0/CSL_MobileLab_Parked/raw/20240811/USOS-NOAAIodideCIMS-HCOOH_MobileLabGround_20240811_RA.ict
33, 1001
Michael A Robinson, Chris Jernigan, Subi Thakali
NOAA ESRL Chemical Sciences Laboratory and CIRES, U. of Colorado
NOAA Iodide CIMS Instrument
USOS
1, 1
2024, 08, 11, 2024, 08, 13
1
starttime_UTC, seconds_past_midnight, seconds_of_day_since_00:00:00_UTC
1
1
-9999
HCOOH_NOAACIMS, pptv, Gas_HCOOH_InSitu_S_AVMR, 
0
18
PI_CONTACT_INFO: 325 Broadway, R/CSD 7, Boulder, Colorado 80305; michael.a.robinson@noaa.gov; chris.jernigan@noaa.gov;
PLATFORM: NOAA CSL Mobile Lab
LOCATION: SLC, Utah
ASSOCIATED_DATA: 1Hz data also available on request.
INSTRUMENT_INFO: NOAA I- ToF CIMS
DATA_INFO: All data in parts per trillion by volume (pptv). 1 Hz data is available upon request.
UNCERTAINTY: TBD
ULOD_FLAG: -7777
ULOD_VALUE: N/A
LLOD_FLAG: -8888
LLOD_VALUE: N/A
DM_CONTACT_INFO: Nathan Howard; nathan.h.howard@noaa.gov
PROJECT_INFO: USOS, summer 2024. https://csl.noaa.gov/groups/csl7/measurements/2024usos/
STIPULATIONS_ON_USE: Users are strongly encouraged to contact the PI for proper data usage.
OTHER_COMMENTS: 
REVISION: RA
RA: Preliminary Data; For in-field use only
starttime_UTC, HCOOH_NOAACIMS
[from data line 937]
 56220, 1842.817
 56280, 1813.639
 56340, 1825.364
 56400, 1878.563
 56460, 1846.870
 56520, 1923.815
 56580, 2039.058
 56640, 1930.025
 56700, 1853.313
 56760, 1879.240
 56820, 1921.881
 56880, 1909.487
 56940, 1965.493
 57000, 1919.226
 57060, 1966.486
 57120, 1912.803
 57180, 2158.279
 57240, 1858.008
 57300, 1801.043
 57360, 1873.883
 57420, -9999.000
 57480, 1780.861
 57540, 1768.693
 57600, 1794.892
 57660, 1810.549
 57720, 1938.907
 57780, 1914.769
 57840, 1905.944
 57900, 1918.476
 57960, 1926.663
 58020, 1898.463
 58080, 1971.900
 58140, 1863.021
 58200, 1825.300
 58260, 1828.802
 58320, 1786.408
 58380, 1788.395
 58440, 1865.125
 58500, 1867.269
 58560, 1853.846
 58620, 1890.787
 58680, 1923.223
 58740, 1886.368
 58800, 1815.652
 58860, 1816.623
 58920, 1821.743
 58980, 1783.803
 59040, 1793.439
 59100, 1837.991
 59160, 1867.444
 59220, 1859.166
 59280, 1908.898
 59340, 1836.587
 59400, 1823.212
 59460, 1884.801
 59520, 1872.979
 59580, 1873.473
 59640, 1866.129
 59700, 1853.430
 59760, 1851.360
 59820, 1843.785
 59880, 1868.353
 59940, 1818.948
 60000, 1803.751
 60060, 1837.038
 60120, 1875.362
 60180, 1918.402
 60240, 1829.970
 60300, 1775.031
 60360, 1881.201
 60420, 1926.543
 60480, 1973.088
 60540, 1965.113
 60600, 1883.830
 60660, 1951.923
 60720, 1927.744
 60780, 1797.179
 60840, 1745.337
 60900, 1696.357
 60960, 1679.798
 61020, 1625.060
 61080, 1642.142
 61140, 1505.728
 61200, 1644.975
 61260, 1703.242
 61320, 1834.697
 61380, 1704.121
 61440, 1856.883
 61500, 1945.717
 61560, 1822.416
 61620, 1723.565
 61680, 1762.102
 61740, 1643.409
 61800, 1639.068
 61860, 1643.900
 61920, 1671.770
 61980, 1630.412
 62040, 1642.724
 62100, 1697.573
 62160, 1620.155
 62220, 1611.072
 62280, 1632.413
 62340, 1694.258
 62400, 1768.293
 62460, 1645.288
 62520, 1590.693
 62580, 1652.569
 62640, 1524.545
 62700, 1514.077
 62760, 1480.113
 62820, 1499.406
 62880, 1533.085
 62940, 1509.794
 63000, 1539.696
 63060, 1503.865
 63120, 1478.208
 63180, 1525.895
 63240, 1505.519
 63300, 1530.702
 63360, 1530.696
 63420, 1517.807
 63480, 1501.120
 63540, 1518.699
 63600, 1488.814
 63660, 1513.003
 63720, 1479.963
 63780, 1526.798
 63840, 1529.478
 63900, 1576.920
 63960, 1549.303
 64020, 1462.422
 64080, 1459.473
 64140, 1454.200
 64200, 1529.055
 64260, 1590.159
 64320, 1538.877
 64380, 1492.307
 64440, 1573.689
 64500, 1630.745
 64560, 1554.059
 64620, 1539.160
 64680, 1484.630
 64740, 1511.919
 64800, -9999.000
 64860, 1459.072
 64920, 1481.528
 64980, 1580.272
 65040, 1700.098
 65100, 1554.188
 65160, 1495.901
 65220, 1486.580
 65280, 1544.960
 65340, 1569.752
 65400, 1580.293
 65460, 1536.663
 65520, 1512.059
 65580, 1556.270
 65640, 1561.178
 65700, 1625.978
 65760, 1634.889
 65820, 1586.303
 65880, 1616.508
 65940, 1568.236
 66000, 1591.967
 66060, 1597.747
 66120, 1653.713
 66180, 1703.648
 66240, 1726.057
 66300, 1703.775
 66360, 1576.115
 66420, 1509.830
 66480, 1512.226
 66540, 1562.597
 66600, 1541.585
 66660, -9999.000
 66720, 1497.137
 66780, 1505.073
 66840, 1553.692
 66900, 1595.949
 66960, 1565.698
 67020, 1579.230
 67080, 1529.214
 67140, 1566.132
 67200, 1464.788
 67260, 1495.738
 67320, 1514.921
 67380, 1547.243
 67440, 1609.937
 67500, 1485.202
 67560, 1498.680
 67620, 1586.578
 67680, 1539.078
 67740, 1478.134
 67800, 1523.850
 67860, 1546.115
 67920, 1595.665
 67980, 1680.635
 68040, 1522.602
 68100, 1607.383
 68160, 1566.052
 68220, 1608.149
 68280, 1645.092
 68340, 1598.856
 68400, 1641.537
 68460, 1670.575
 68520, -9999.000
 68580, 1455.425
 68640, 1452.784
 68700, 1469.714
 68760, 1486.463
 68820, 1426.865
 68880, 1389.031
 68940, 1484.612
 69000, 1505.257
 69060, 1533.919
 69120, 1383.071
 69180, 1411.299
 69240, 1450.290
 69300, 1435.428
 69360, 1501.128
 69420, 1482.218
 69480, 1499.901
 69540, 1444.988
 69600, 1427.313
 69660, 1412.772
 69720, 1463.656
 69780, 1640.481
 69840, 1619.465
 69900, 1462.252
 69960, 1477.474
 70020, 1575.700
 70080, 1515.121
 70140, 1493.581
 70200, 1446.449
 70260, 1425.861
 70320, 1498.250
 70380, 1563.810
 70440, 1587.504
 70500, 1475.443
 70560, 1472.528
 70620, 1439.813
 70680, 1399.455
 70740, 1446.948
 70800, 1490.092
 70860, 1537.741
 70920, 1480.529
 70980, 1437.663
 71040, 1460.630
 71100, 1409.475
 71160, 1500.821
 71220, 1515.916
 71280, 1488.639
 71340, 1494.733
 71400, 1572.522
 71460, 1550.650
 71520, 1581.589
 71580, 1545.581
 71640, 1479.457
 71700, 1619.154
 71760, 1611.417
 71820, 1554.871
 71880, 1563.027
 71940, 1626.355
 72000, 1493.179
 72060, 1450.734
 72120, 1482.293
 72180, -9999.000
 72240, 1419.747
 72300, 1398.820
 72360, 1494.125
 72420, 1485.049
 72480, 1485.043
 72540, 1446.308
 72600, 1437.135
 72660, 1540.388
 72720, 1562.256
 72780, 1506.731
 72840, 1555.375
 72900, 1465.775
 72960, 1474.269
 73020, 1506.007
 73080, 1457.398
 73140, 1538.384
 73200, 1644.426
 73260, 1514.663
 73320, 1513.714
 73380, 1591.822
 73440, 1447.696
 73500, 1408.025
 73560, 1351.889
 73620, 1470.165
 73680, 1428.671
 73740, 1391.912
 73800, 1357.509
 73860, 1369.870
 73920, 1399.474
 73980, 1315.592
 74040, -9999.000
 74100, 1282.951
 74160, 1355.629
 74220, 1411.163
 74280, 1365.277
 74340, 1301.527
 74400, 1296.848
 74460, 1276.752
 74520, 1333.187
 74580, 1389.314
 74640, 1393.377
 74700, 1335.206
 74760, 1220.385
 74820, 1450.761
 74880, 1418.070
 74940, 1396.336
 75000, 1373.456
 75060, 1377.187
 75120, 1434.469
 75180, 1467.343
 75240, 1558.631
 75300, 1558.129
 75360, 1535.992
 75420, 1589.613
 75480, 1688.389
 75540, 1501.296
 75600, 1530.924
 75660, 1369.171
 75720, 1509.686
 75780, 1516.700
 75840, 1549.777
 75900, -9999.000
 75960, 1263.048
 76020, 1346.762
 76080, 1378.508
 76140, 1454.272
 76200, 1484.946
 76260, 1446.249
 76320, 1568.087
 76380, 1349.963
 76440, 1286.321
 76500, 1252.276
 76560, 1311.193
 76620, 1346.079
 76680, 1252.838
 76740, 1347.047
 76800, 1366.989
 76860, 1385.828
 76920, 1404.844
 76980, 1300.909
 77040, 1307.723
 77100, 1286.424
 77160, 1230.324
 77220, 1228.491
 77280, 1274.480
 77340, 1222.672
 77400, 1186.662
 77460, 1202.971
 77520, 1276.899
 77580, 1279.633
 77640, 1254.108
 77700, 1235.528
 77760, 1262.882
 77820, 1285.070
 77880, 1396.103
 77940, 1273.958
 78000, 1326.991
 78060, 1287.223
 78120, 1301.748
 78180, 1313.058
 78240, 1309.491
 78300, 1314.719
 78360, 1392.474
 78420, 1222.716
 78480, 1216.312
 78540, 1232.594
 78600, 1293.245
 78660, 1239.768
 78720, 1185.672
 78780, 1231.224
 78840, 1248.180
 78900, 1216.375
 78960, 1182.734
 79020, 1157.878
 79080, 1169.601
 79140, 1224.837
 79200, 1140.002
 79260, 1180.974
 79320, 1256.674
 79380, 1300.907
 79440, 1257.294
 79500, 1295.727
 79560, 1153.875
 79620, 1145.595
 79680, 1220.553
 79740, 1230.600
 79800, 1233.214
 79860, 1213.826
 79920, 1227.941
 79980, 1218.312
 80040, 1222.410
 80100, 1247.910
 80160, 1242.480
 80220, 1215.834
 80280, 1261.521
 80340, 1278.927
 80400, 1240.123
 80460, 1283.524
 80520, 1348.323
 80580, 1224.837
 80640, 1179.575
 80700, 1201.066
 80760, 1246.671
 80820, 1202.319
 80880, 1224.451
 80940, 1224.674
 81000, 1141.877
 81060, 1252.613
 81120, 1255.831
 81180, 1170.682
 81240, 1151.865
 81300, 1126.269
 81360, 1120.590
 81420, 1111.406
 81480, 1155.051
 81540, 1151.649
 81600, 1175.667
 81660, 1197.268
 81720, 1210.957
 81780, 1231.563
 81840, 1216.365
 81900, 1245.993
 81960, 1237.274
 82020, 1268.795
 82080, 1276.221
 82140, 1176.407
 82200, 1179.465
 82260, 1196.790
 82320, 1184.400
 82380, 1210.390
 82440, 1214.961
 82500, 1218.807
 82560, 1167.691
 82620, 1184.854
 82680, 1196.705
 82740, 1309.876
 82800, 1254.511
 82860, 1214.025
 82920, 1252.511
 82980, 1288.065
 83040, 1310.931
 83100, 1247.038
 83160, 1342.559
 83220, 1373.004
 83280, -9999.000
 83340, 1296.968
 83400, 1403.199
 83460, 1328.240
 83520, 1235.036
 83580, 1277.110
 83640, 1254.171
 83700, 1285.707
 83760, 1314.595
 83820, 1362.749
 83880, 1459.183
 83940, 1299.525
 84000, 1238.924
 84060, 1233.773
 84120, 1215.843
 84180, 1225.876
 84240, 1179.202
 84300, 1173.009
 84360, 1166.226
 84420, 1196.132
 84480, 1184.512
 84540, 1171.145
 84600, 1201.710
 84660, 1239.774
 84720, 1327.136
 84780, 1281.178
 84840, 1246.270
 84900, 1262.432
 84960, 1418.507
 85020, 1404.981
 85080, 1419.091
 85140, 1431.210
 85200, 1462.635
 85260, 1359.218
 85320, 1456.980
 85380, 1435.212
 85440, 1445.869
 85500, 1517.044
 85560, 1500.221
 85620, 1620.830
 85680, 1409.737
 85740, 1411.445
 85800, 1385.123
 85860, 1389.159
 85920, 1379.392
 85980, 1383.986
 86040, 1496.120
 86100, 1431.407
 86160, 1324.195
 86220, 1434.303
 86280, 1380.420
 86340, 1346.884
