CampaignData_and_Merges/R0/CSL_MobileLab_Parked/raw/20240811/USOS-Picarro-CO2-CH4-CO-H2O_MobileLabGround_20240811_R0.ict
38, 1001
Ilana Pollack, Nell Schafer, and Jeff Peischl
NOAA Chemical Sciences Laboratory
Picarro 2401-m CO2/CH4/CO/H2O Analyzer
USOS
1, 1
2024, 08, 11, 2024, 11, 20
0
StartTime_UTC, seconds_past_midnight, seconds past midnight
5
1, 1, 1, 1, 1
-9999, -9999, -9999, -9999, -9999
StopTime_UTC, seconds_past_midnight, seconds past midnight
CO2_ppm_1min, ppm, Gas_CO2_InSitu_S_DMF, carbon dioxide mixing ratio
CH4_ppb_1min, ppb, Gas_CH4_InSitu_S_DMF, methane mixing ratio
CO_ppb_1min, ppb, Gas_CO_InSitu_S_DMF, carbon monoxide mixing ratio
H2O_ppmv_1min, ppmv, Met_H2OMRV_InSitu_S_AVMR, water vapor mixing ratio
1
SPECIAL COMMENTS: N/A
18
PI_CONTACT_INFO: Address: NOAA Chemical Sciences Laboratory, Mail Stop CSL7, 325 Broadway, Boulder, CO 80305; Email: Ilana.Pollack@noaa.gov
PLATFORM: NOAA CSL Mobile Laboratory
LOCATION: The mobile lab was stationed in Salt Lake City, Utah.
ASSOCIATED_DATA: N/A
INSTRUMENT_INFO: CO2, CH4, and CO are reported as dry air mole fractions using a commercial wavelength-scanned cavity ring-down analyzer (Picarro 2401-m). An in-field calibration gas standard of 432±0.07 ppm CO2, 2095±1 ppb CH4, and 183±1 ppb CO, calibrated in the Boulder laboratories before and after the field project using primary CO2, CH4, and CO standard tanks tied to the WMO standard (X2019, X2004A, and X2014A, respectively) from the Global Monitoring Laboratory (GML), was delivered to the inlet every 2-3 days to evaluate instrument sensitivity. A H2O measurement was calibrated before the project with a Dew Point Mirror 373 hygrometer. The water correction calculated from these calibrations was applied to the H2O measurement for the entire campaign. Species are measured at 0.5 Hz and reported as 1-minute averages for stationary measurements.
DATA_INFO: Units: CO2, ppm, dry air mole fraction; CH4, ppb, dry air mole fraction; CO, ppb, dry air mole fraction; H2O, ppmv
UNCERTAINTY: Total uncertainties are estimated as ±0.1 ppm for CO2, ±1 ppb for CH4, ±5 ppb for CO, and ±(50 ppm + 4%) for H2O.
ULOD_FLAG: -7777
ULOD_VALUE: N/A
LLOD_FLAG: -8888
LLOD_VALUE: N/A
DM_CONTACT_INFO: Data Manager: Nathan Howard; nathan.h.howard@noaa.gov
PROJECT_INFO: USOS Dates of Study: July – August 2024
STIPULATIONS_ON_USE: Use of these data require prior ok from PI.
OTHER_COMMENTS: Data are averaged to 1 minute intervals. Stationary data collected from a 10 ft tower on top of the mobile van.
REVISION: R0
R0: Final Data
StartTime_UTC, StopTime_UTC, CO2_ppm_1min, CH4_ppb_1min, CO_ppb_1min, H2O_ppmv_1min
[from data line 1129]
67740,67800,427.48,1957.7,141.3,14727.7109
67800,67860,427.31,1958.3,142.5,14758.1133
67860,67920,427.65,1957.7,140.3,15213.1953
67920,67980,428.08,1958.0,142.4,15406.9434
67980,68040,427.85,1957.4,142.4,15714.9932
68040,68100,428.25,1957.0,143.1,15603.8984
68100,68160,428.13,1958.8,144.3,15500.5439
68160,68220,428.09,1958.9,151.9,15205.7764
68220,68280,427.82,1959.4,147.3,14888.6299
68280,68340,427.45,1959.8,147.7,14889.3750
68340,68400,427.27,1959.7,147.8,14724.4219
68400,68460,427.08,1960.2,149.0,15045.5254
68460,68520,427.73,1960.2,151.7,15244.4766
68520,68580,427.50,1958.9,146.2,15348.6797
68580,68640,427.10,1956.8,138.6,15247.7363
68640,68700,427.34,1956.4,139.3,15241.1318
68700,68760,427.58,1957.0,148.4,15250.8145
68760,68820,427.36,1956.2,143.9,15400.6201
68820,68880,427.43,1955.2,147.4,15346.3359
68880,68940,427.47,1954.5,141.6,15428.4600
68940,69000,428.88,1955.8,146.8,15698.4102
69000,69060,427.30,1956.1,142.8,15660.8389
69060,69120,428.16,1957.0,150.3,15394.0244
69120,69180,426.36,1955.9,140.0,14951.1660
69180,69240,427.27,1955.9,151.0,15427.7617
69240,69300,427.02,1957.2,146.2,14740.5078
69300,69360,425.94,1958.8,147.5,14821.2686
69360,69420,428.18,1958.3,152.9,15801.7344
69420,69480,428.67,1957.7,150.5,14717.7305
69480,69540,428.05,1956.3,152.3,15257.3574
69540,69600,426.47,1955.0,139.6,15113.4385
69600,69660,426.76,1955.3,142.0,15173.5020
69660,69720,426.51,1956.0,144.1,14964.4873
69720,69780,426.44,1956.3,149.2,14937.8281
69780,69840,426.15,1957.1,148.2,15245.1133
69840,69900,426.27,1959.9,146.2,14862.6621
69900,69960,425.91,1957.7,143.5,14261.7637
69960,70020,426.21,1958.0,145.4,14469.3809
70020,70080,426.71,1957.9,145.0,14918.0273
70080,70140,426.31,1957.0,142.4,14936.1543
70140,70200,427.42,1956.4,147.9,15509.7568
70200,70260,429.72,1956.4,153.4,15334.9463
70260,70320,428.33,1955.4,146.8,16303.4131
70320,70380,427.95,1955.7,146.0,16022.6592
70380,70440,427.40,1960.5,265.3,15782.9980
70440,70500,426.94,1956.5,147.6,15603.4209
70500,70560,426.63,1955.4,142.1,15232.2588
70560,70620,426.76,1955.2,140.8,15192.6240
70620,70680,426.43,1955.2,142.2,14703.0107
70680,70740,426.99,1955.5,181.0,14861.0371
70740,70800,426.53,1956.5,172.0,14959.5117
70800,70860,425.90,1957.1,149.3,14550.3418
70860,70920,426.27,1956.3,147.1,14825.7236
70920,70980,425.88,1956.5,145.9,14848.3906
70980,71040,426.43,1956.0,145.3,14850.6553
71040,71100,426.41,1957.2,154.7,15107.3662
71100,71160,425.78,1957.2,148.5,15033.5459
71160,71220,426.30,1958.4,154.2,14486.4600
71220,71280,425.85,1959.0,152.7,13896.1807
71280,71340,425.62,1959.0,153.1,13849.7012
71340,71400,426.23,1959.9,161.2,13756.0273
71400,71460,424.90,1963.2,164.4,12301.9795
71460,71520,424.89,1962.9,162.9,12445.5557
71520,71580,424.60,1963.7,166.6,12190.0264
71580,71640,424.46,1962.6,164.0,13114.1895
71640,71700,425.20,1960.4,158.9,13455.6113
71700,71760,423.99,1960.7,164.6,14847.7998
71760,71820,425.05,1959.5,163.7,14480.4395
71820,71880,425.77,1958.8,156.3,13986.4541
71880,71940,425.64,1959.8,157.5,13554.4980
71940,72000,425.64,1959.4,157.0,13633.3496
72000,72060,426.66,1959.3,168.3,13626.2178
72060,72120,426.16,1959.0,173.2,13490.3760
72120,72180,426.88,1959.9,197.9,13539.8984
72180,72240,426.41,1959.8,168.3,13601.2842
72240,72300,426.90,1958.6,161.5,14460.9014
72300,72360,425.93,1957.2,152.7,14039.3994
72360,72420,426.58,1958.0,160.6,14351.1152
72420,72480,426.45,1956.8,146.0,14430.1650
72480,72540,426.56,1955.1,146.9,14555.6768
72540,72600,426.48,1954.0,144.7,14753.5020
72600,72660,426.32,1953.6,144.4,15046.1592
72660,72720,426.36,1955.3,149.1,14717.2676
72720,72780,426.66,1957.8,156.8,14373.2656
72780,72840,427.68,1958.8,166.3,14217.3740
72840,72900,426.87,1958.3,162.5,14082.1172
72900,72960,426.01,1956.8,150.5,13764.8643
72960,73020,425.79,1957.2,152.9,13796.2754
73020,73080,425.86,1957.5,152.2,13880.1250
73080,73140,425.83,1956.8,150.6,13851.0156
73140,73200,425.83,1957.0,149.3,14014.7871
73200,73260,425.79,1957.7,152.1,14214.6572
73260,73320,425.57,1957.7,146.1,13867.0635
73320,73380,425.50,1956.9,145.9,13771.2441
73380,73440,425.66,1957.3,147.1,14020.8174
73440,73500,425.68,1954.7,141.4,14069.0674
73500,73560,425.95,1953.5,140.2,14204.6426
73560,73620,425.86,1953.5,141.7,14242.0039
73620,73680,426.22,1953.6,143.1,14399.9629
73680,73740,426.27,1953.6,141.9,14248.3271
73740,73800,426.23,1953.7,141.6,14202.7949
73800,73860,426.38,1953.4,142.7,14189.6826
73860,73920,427.31,1953.7,145.1,14334.1768
73920,73980,426.93,1953.9,144.7,14179.7803
73980,74040,429.18,1953.9,162.1,13905.7754
74040,74100,426.34,1953.7,146.7,14747.5391
74100,74160,425.77,1953.6,141.3,13836.8750
74160,74220,426.09,1954.5,146.9,14872.7871
74220,74280,429.17,1954.7,166.9,15122.0615
74280,74340,427.08,1953.6,145.0,14699.3672
74340,74400,425.92,1952.4,140.7,14616.1768
74400,74460,426.61,1952.4,147.2,15341.0303
74460,74520,428.87,1952.6,150.9,14946.3701
74520,74580,427.84,1952.8,171.8,14987.8389
74580,74640,426.24,1953.0,148.2,14363.2139
74640,74700,425.84,1952.9,139.2,14047.7617
74700,74760,425.66,1952.2,136.2,14163.5557
74760,74820,425.82,1952.9,138.3,14452.8584
74820,74880,425.90,1953.7,138.9,14584.3525
74880,74940,425.79,1953.0,137.9,14398.6201
74940,75000,426.08,1952.9,139.6,14367.4727
75000,75060,425.76,1952.7,135.7,14361.8779
75060,75120,425.64,1952.8,136.2,14169.0234
75120,75180,425.61,1954.2,136.9,14347.2988
75180,75240,425.89,1955.5,150.4,14869.9072
75240,75300,424.58,1954.9,140.0,15544.8760
75300,75360,424.80,1954.0,137.5,15167.3027
75360,75420,424.64,1953.9,138.3,15305.0977
75420,75480,424.60,1954.3,137.6,15575.7715
75480,75540,424.58,1954.1,137.5,15574.2695
75540,75600,424.68,1955.8,148.0,15151.6211
75600,75660,424.35,1955.2,148.2,15881.1123
75660,75720,426.02,1954.1,161.8,15466.4795
75720,75780,425.27,1953.3,145.1,15232.4277
75780,75840,425.95,1953.8,141.1,14751.1846
75840,75900,425.75,1953.4,138.6,14497.2568
75900,75960,425.66,1951.9,135.3,14139.5273
75960,76020,425.66,1951.4,133.9,14092.6318
76020,76080,425.47,1951.5,135.1,14294.7529
76080,76140,425.67,1951.9,136.7,14186.8398
76140,76200,425.10,1952.5,140.6,14837.5811
76200,76260,424.78,1953.4,137.9,15378.2021
76260,76320,424.64,1952.2,139.4,15299.3057
76320,76380,425.78,1952.1,139.9,14559.1602
76380,76440,425.75,1951.8,136.1,14080.4551
76440,76500,425.75,1951.9,138.2,14192.1152
76500,76560,425.91,1952.0,139.3,14270.9922
76560,76620,425.89,1952.3,139.6,14313.9277
76620,76680,426.21,1953.2,138.2,14032.5146
76680,76740,425.91,1952.4,136.2,13981.7031
76740,76800,425.49,1952.9,144.1,15292.3311
76800,76860,426.56,1953.1,148.2,15283.0332
76860,76920,427.20,1953.5,143.6,14746.5703
76920,76980,425.88,1953.1,141.5,14978.5908
76980,77040,427.20,1952.8,141.2,14103.2305
77040,77100,427.21,1953.1,141.1,14194.4648
77100,77160,426.99,1953.3,139.8,14155.8555
77160,77220,429.87,1952.5,147.1,14005.0742
77220,77280,429.90,1952.7,145.7,14199.9473
77280,77340,431.62,1953.1,151.4,14636.9805
77340,77400,427.62,1952.3,154.4,14243.2148
77400,77460,426.57,1951.5,156.2,13965.6416
77460,77520,426.37,1952.0,148.3,14110.9375
77520,77580,431.01,1953.6,182.5,14951.8711
77580,77640,431.46,1953.1,151.8,14569.2676
77640,77700,427.24,1952.9,147.8,14589.0225
77700,77760,426.54,1953.2,143.2,14486.8936
77760,77820,426.67,1952.7,139.2,14144.6563
77820,77880,425.78,1954.7,135.2,14193.9824
77880,77940,426.07,1956.7,140.2,14510.7764
77940,78000,426.92,1954.0,135.1,14572.0273
78000,78060,427.69,1954.4,140.7,14515.5977
78060,78120,427.36,1954.1,137.4,14342.4424
78120,78180,426.49,1953.9,134.9,14369.7139
78180,78240,426.52,1954.2,135.1,14392.4189
78240,78300,426.24,1954.5,135.9,14376.1582
78300,78360,425.96,1954.9,136.2,14560.5654
78360,78420,426.62,1954.7,140.2,14422.7422
78420,78480,426.09,1952.7,139.8,14076.7734
78480,78540,426.31,1952.9,137.0,13894.0791
78540,78600,426.50,1955.8,139.4,14020.5049
78600,78660,426.28,1957.6,140.5,14524.5098
78660,78720,426.07,1952.3,133.8,13881.9160
78720,78780,426.01,1951.6,134.9,13824.0479
78780,78840,425.74,1952.0,137.4,14208.2119
78840,78900,426.06,1951.9,135.7,13984.7705
78900,78960,426.29,1952.0,136.0,14035.4775
78960,79020,426.20,1951.6,136.6,14284.0820
79020,79080,425.98,1951.3,132.0,13651.0234
79080,79140,426.41,1951.4,134.4,13677.4229
79140,79200,427.00,1952.1,146.7,13933.3564
79200,79260,426.04,1951.7,132.9,13638.3535
79260,79320,426.28,1952.1,135.0,13882.7158
79320,79380,426.93,1953.1,140.3,13985.2021
79380,79440,426.68,1954.1,140.5,14081.3037
79440,79500,426.54,1952.8,138.7,13852.1992
79500,79560,426.64,1952.6,139.8,13843.8994
79560,79620,426.42,1952.5,139.1,13789.0166
79620,79680,426.52,1952.7,139.4,13787.0479
79680,79740,426.44,1953.1,138.3,13853.9160
79740,79800,426.65,1954.9,141.2,13888.8486
79800,79860,426.66,1953.2,137.8,13873.2656
79860,79920,426.46,1953.7,138.7,14066.9980
79920,79980,426.25,1954.3,140.0,14267.6035
79980,80040,426.30,1953.1,135.2,14205.0244
80040,80100,426.14,1953.4,133.6,14174.4170
80100,80160,426.90,1953.3,136.8,14244.9424
80160,80220,426.78,1953.2,139.7,14184.8428
80220,80280,426.33,1952.6,135.8,14180.1777
80280,80340,426.56,1953.0,135.9,14590.6592
80340,80400,426.69,1953.0,136.0,14380.1797
80400,80460,426.27,1953.2,137.9,14390.9951
80460,80520,426.64,1953.5,139.4,14612.0791
80520,80580,427.18,1953.5,138.3,14670.0654
80580,80640,427.22,1951.9,140.5,14346.4824
80640,80700,426.50,1951.4,135.2,14117.8174
80700,80760,427.57,1952.1,142.8,14191.4697
80760,80820,427.32,1952.4,137.1,14148.0781
80820,80880,428.04,1951.7,140.5,14037.6084
80880,80940,427.37,1952.3,140.7,14110.9316
80940,81000,427.15,1952.4,139.3,14132.2451
81000,81060,427.69,1951.8,146.2,13834.9063
81060,81120,428.59,1952.6,149.4,14144.1094
81120,81180,427.02,1951.9,141.7,13979.3525
81180,81240,427.37,1950.8,140.9,13801.1563
81240,81300,427.28,1950.6,144.9,13938.2041
81300,81360,427.66,1950.1,142.1,13891.3027
81360,81420,429.72,1949.7,141.9,13898.5830
81420,81480,431.26,1950.8,169.3,13824.0186
81480,81540,429.32,1951.3,182.0,13953.5195
81540,81600,427.44,1951.0,145.3,13827.1484
81600,81660,426.93,1951.0,141.6,13827.2441
81660,81720,428.03,1951.7,152.8,14232.7607
81720,81780,429.68,1951.6,161.9,14268.8213
81780,81840,428.51,1951.3,148.3,14240.7227
81840,81900,427.71,1951.1,140.3,13998.5498
81900,81960,427.96,1951.3,140.2,14047.2432
81960,82020,427.88,1951.6,145.5,14206.4551
82020,82080,427.75,1952.0,142.4,14209.1064
82080,82140,429.03,1952.3,148.7,14507.9531
82140,82200,426.88,1950.9,141.4,14024.5479
82200,82260,426.71,1951.1,139.6,14071.4434
82260,82320,426.49,1951.2,142.1,14275.4385
82320,82380,426.25,1950.7,135.5,13918.9033
82380,82440,428.42,1951.1,147.7,14714.8203
82440,82500,427.54,1951.2,145.1,14510.6143
82500,82560,426.61,1950.3,137.8,13892.3896
82560,82620,426.37,1950.5,139.1,13881.7676
82620,82680,426.08,1950.6,140.4,14383.8604
82680,82740,426.39,1950.6,140.3,14108.3574
82740,82800,425.62,1951.2,156.1,15198.7822
82800,82860,427.58,1951.3,144.7,14451.6514
82860,82920,427.31,1951.1,140.4,14041.1387
82920,82980,427.68,1951.0,141.9,14725.7207
82980,83040,427.53,1951.3,153.5,14696.8623
83040,83100,427.72,1951.9,146.6,14301.0566
83100,83160,428.81,1951.4,150.5,14203.0234
83160,83220,427.70,1951.6,148.6,14664.2178
83220,83280,427.16,1951.2,153.7,14012.6621
83280,83340,426.32,1951.3,140.6,14459.0488
83340,83400,426.12,1951.0,136.9,14232.3633
83400,83460,426.38,1951.3,138.6,14444.9824
83460,83520,426.41,1951.7,138.4,14022.4287
83520,83580,426.29,1951.5,137.4,13802.6631
83580,83640,426.13,1951.5,137.3,13997.1270
83640,83700,426.19,1951.8,137.4,13910.2861
83700,83760,425.90,1951.3,136.7,14342.5693
83760,83820,425.65,1951.3,137.3,14566.6182
83820,83880,426.00,1951.6,137.7,14837.9082
83880,83940,425.80,1951.3,137.1,14675.4297
83940,84000,425.81,1949.5,133.2,13796.5254
84000,84060,425.84,1949.6,134.2,13660.0381
84060,84120,426.17,1950.2,135.6,13709.0928
84120,84180,426.49,1950.9,140.3,13864.5107
84180,84240,426.36,1951.0,135.3,13796.0059
84240,84300,426.20,1951.9,135.6,13811.2539
84300,84360,426.24,1952.5,138.5,13810.5801
84360,84420,426.20,1952.3,136.8,13805.9863
84420,84480,426.41,1952.1,138.7,13836.3896
84480,84540,426.21,1951.9,137.6,13718.0771
84540,84600,426.20,1952.5,139.2,13829.8955
84600,84660,426.04,1952.9,137.5,14161.6514
84660,84720,425.80,1953.6,137.4,14488.6162
84720,84780,425.57,1955.4,141.9,14792.3242
84780,84840,426.15,1956.4,148.2,14356.0615
84840,84900,426.38,1957.6,142.9,14083.4229
84900,84960,426.40,1957.6,141.1,14229.7275
84960,85020,426.17,1957.7,144.0,14970.3828
85020,85080,426.12,1958.5,149.2,14946.6230
85080,85140,425.99,1958.9,151.8,14726.9590
85140,85200,425.79,1958.2,152.8,15217.1328
85200,85260,425.69,1957.2,146.0,15253.9932
85260,85320,426.75,1957.3,142.6,14575.9629
85320,85380,426.14,1957.7,147.1,15235.7383
85380,85440,426.47,1958.4,159.9,15141.7588
85440,85500,426.80,1958.5,151.8,14970.6104
85500,85560,426.75,1958.0,146.5,14739.1357
85560,85620,426.41,1958.6,145.8,14993.3525
85620,85680,426.51,1959.8,146.2,15354.7324
85680,85740,426.47,1960.3,142.8,14442.4893
85740,85800,426.38,1960.5,142.6,14483.1113
85800,85860,426.18,1959.9,142.0,14362.4707
85860,85920,426.26,1960.6,141.3,14426.4160
85920,85980,426.34,1960.3,143.1,14559.0781
85980,86040,426.28,1958.8,141.8,14392.8105
86040,86100,426.37,1958.7,143.7,14858.0850
86100,86160,426.01,1958.0,141.2,14498.1328
86160,86220,426.24,1958.1,142.9,14169.2324
86220,86280,426.02,1958.8,144.8,14807.9277
86280,86340,426.03,1957.8,142.5,14563.7959
86340,86400,426.13,1958.6,143.9,14396.5859
