CampaignData_and_Merges/R0/CSL_MobileLab_Parked/raw/20240811/USOS-HCHO_MobileLabGround_20240811_R0.ict
35,1001
Huang, Yaoxian
Wayne State University
Picarro G2307 on CSL Mobile Lab
USOS
1,1
2024,08,11,2024,08,13
1.0
Time_Start,seconds_since_midnight,number_of_seconds_since_0000_UTC
3
1.0,1.0,1.0
-9999.0,-9999.0,-9999.0
HCHO,ppbv,Gas_HCHO_InSitu_S_AVMR,volume mixing ratio of formaldehyde in air
H2O,ppmv,Gas_H2O_InSitu_S_AVMR,volume mixing ratio of water vapor in air
CH4,ppmv,Gas_CH4_InSitu_S_AVMR,volume mixing ratio of methane in air
0
18
PI_CONTACT_INFO: yaoxian.huang@wayne.edu
PLATFORM: CSL Mobile Lab, at Ground Site
LOCATION: Salt Lake City, UT
ASSOCIATED_DATA: N/A
INSTRUMENT_INFO: Cavity Ring-Down Spectrometer
DATA_INFO: Data is averaged to 1 minute intervals for stationary and 1 second interval for driving. Stationary data collected from a 20 ft tower on top of the mobile lab.
UNCERTAINTY: N/A
ULOD_FLAG: -7777
ULOD_VALUE: N/A
LLOD_FLAG: -8888
LLOD_VALUE: N/A
DM_CONTACT_INFO: Yaoxian Huang; yaoxian.huang@wayne.edu
PROJECT_INFO: USOS, Summer 2024. https://csl.noaa.gov/groups/csl7/measurements/2024usos/
STIPULATIONS_ON_USE: Users are strongly encouraged to contact the PI for proper data usage.
OTHER_COMMENTS: Data have been shifted backwards by 1 minute to align with USOS MetNav and Picarro GHG data.
REVISION: R0
R0: Final Data
Time_Start,HCHO,H2O,CH4
0,1.72518,13341.7,1.89478
60,1.58484,13155.8,1.89934
120,1.69523,13295.8,1.8977
180,1.77066,13418.1,1.89873
240,1.73702,13352.2,1.90024
300,1.88036,13403.8,1.90056
360,1.57419,13399.5,1.89849
420,1.60161,13456.6,1.89901
480,1.71344,13408.2,1.89826
540,1.7592,13113.8,1.89769
600,1.60123,12888.1,1.89507
660,1.74737,13581.0,1.89542
720,1.72054,13047.3,1.8995
780,1.85201,13229.5,1.89882
840,1.69127,12896.9,1.89559
900,1.69658,13038.1,1.89929
960,1.59987,13001.2,1.89438
1020,1.86606,13236.8,1.89435
1080,1.79858,13036.1,1.89729
1140,1.95638,13125.3,1.89769
1200,1.73762,13031.9,1.8988
1260,1.71635,12972.1,1.89705
1320,1.94627,13115.0,1.90199
1380,1.78966,12854.9,1.90012
1440,1.7032,12676.9,1.8973
1500,2.00718,12943.5,1.89524
1560,2.05982,12972.3,1.89956
1620,1.87724,12958.9,1.89719
1680,1.88629,13160.3,1.90202
1740,1.68705,12916.5,1.89943
1800,1.67438,12824.9,1.89791
1860,1.86907,13038.9,1.89921
1920,1.92537,12657.6,1.89731
1980,1.56365,12731.2,1.89661
2040,1.65481,12488.2,1.89883
2100,1.59794,12544.2,1.89894
2160,1.43619,12335.8,1.89703
2220,1.44791,12263.3,1.90019
2280,1.66027,12358.8,1.89792
2340,1.57886,12193.2,1.89739
2400,1.44368,12388.0,1.89694
2460,1.59852,12361.8,1.89851
2520,1.98504,12566.7,1.90001
2580,1.66156,12769.9,1.89873
2640,1.70131,12522.1,1.90001
2700,1.71025,12963.3,1.89866
2760,1.7987,12565.6,1.89801
2820,1.51554,12579.8,1.89747
2880,1.83994,12968.3,1.89904
2940,2.03441,12925.4,1.89873
3000,1.84265,12964.7,1.89764
3060,1.82759,12698.3,1.89836
3120,1.60782,12764.3,1.898
3180,1.95594,12781.4,1.90034
3240,2.06896,12595.7,1.89952
3300,1.92747,12632.5,1.89929
3360,1.64251,12532.5,1.89888
3420,1.51921,12569.8,1.90067
3480,1.57371,12681.9,1.89729
3540,1.8474,12539.0,1.89871
3600,2.01658,12586.8,1.90214
3660,1.8725,12623.9,1.89937
3720,2.01205,12644.9,1.89985
3780,1.86725,12768.0,1.90202
3840,2.18391,12584.0,1.90111
3900,1.55253,12608.9,1.90018
3960,1.82977,12652.1,1.90138
4020,2.04814,12872.1,1.90071
4080,2.19153,12718.2,1.90103
4140,2.10745,12653.5,1.9028
4200,2.19638,12670.2,1.89934
4260,1.82455,12579.5,1.90016
4320,2.11173,12652.5,1.89963
4380,2.26603,12630.7,1.8994
4440,1.91358,12618.4,1.90116
4500,1.75451,12554.6,1.90064
4560,2.06498,12672.5,1.89911
4620,2.11901,12593.8,1.89914
4680,2.04205,12434.9,1.90037
4740,1.9228,12407.1,1.89963
4800,2.09246,12587.0,1.90044
4860,2.14484,12527.5,1.90101
4920,2.15255,12621.7,1.90243
4980,2.07739,12438.6,1.90357
5040,1.96852,12362.9,1.9012
5100,1.85314,12503.7,1.90075
5160,2.0327,12535.8,1.9033
5220,2.20228,12732.0,1.90033
5280,2.01462,12999.2,1.90364
5340,1.98757,12471.7,1.90239
5400,2.11955,12584.6,1.90248
5460,1.95827,12563.0,1.90431
5520,1.80564,12462.2,1.90412
5580,2.27987,12536.1,1.90412
5640,1.95875,12332.4,1.90216
5700,1.81557,12121.8,1.90408
5760,1.79259,12223.6,1.9033
5820,1.79001,12172.4,1.90183
5880,2.0154,12148.9,1.90529
5940,1.61538,12128.2,1.9038
6000,1.90128,12137.5,1.9027
6060,1.71717,12107.8,1.90329
6120,1.84181,12075.7,1.90317
6180,1.84202,12032.3,1.90605
6240,1.98243,12141.3,1.90296
6300,1.98945,12237.1,1.906
6360,1.40807,11930.8,1.9022
6420,1.77567,11953.2,1.90431
6480,1.57857,11696.9,1.90445
6540,1.52066,11768.2,1.90696
6600,1.86211,12003.3,1.90468
6660,1.78014,12239.1,1.90837
6720,1.97085,12288.2,1.90623
6780,1.99443,12288.8,1.90529
6840,2.01093,12242.3,1.90503
6900,1.98435,12280.5,1.90552
6960,1.922,12466.4,1.90743
7020,1.69412,12282.5,1.90472
7080,1.96463,12349.4,1.90646
7140,1.93081,12398.2,1.90494
7200,2.00912,12442.4,1.90597
7260,1.87911,12460.5,1.90558
7320,2.04329,12496.0,1.90366
7380,2.09527,12475.4,1.90823
7440,1.82234,12448.5,1.90491
7500,1.94106,12548.9,1.90668
7560,2.0188,12547.7,1.90457
7620,1.8312,12494.8,1.90641
7680,2.19671,12537.6,1.90809
7740,1.96839,12429.9,1.90807
7800,1.99684,12619.8,1.90637
7860,2.0492,12595.9,1.90644
7920,2.26004,12744.0,1.90737
7980,2.07825,12655.3,1.90694
8040,2.15844,12708.3,1.90797
8100,1.98659,12759.5,1.90815
8160,2.09609,12719.5,1.90629
8220,2.05831,13114.8,1.9087
8280,2.24606,12771.5,1.90871
8340,2.15866,12799.8,1.91111
8400,2.50913,12882.8,1.90958
8460,2.187,12890.7,1.9117
8520,2.31985,12869.6,1.90934
8580,2.19058,12850.6,1.91138
8640,2.01158,12935.4,1.91123
8700,2.24403,12901.2,1.91219
8760,2.10599,12883.5,1.9126
8820,1.98501,12854.4,1.91031
8880,1.94471,12788.0,1.9087
8940,2.14658,12770.0,1.90934
9000,1.84992,12775.3,1.91021
9060,1.83413,12695.3,1.91111
9120,1.94075,12613.2,1.91246
9180,1.81703,12684.6,1.91255
9240,1.96799,12669.7,1.90927
9300,2.02547,12750.6,1.91118
9360,1.89635,12783.5,1.91476
9420,1.87524,12763.9,1.91334
9480,1.8712,12723.0,1.91027
9540,1.78072,12760.7,1.91612
9600,1.84875,12816.2,1.91312
9660,2.18234,12864.9,1.91463
9720,1.92475,12955.2,1.91309
9780,1.88373,13021.8,1.91574
9840,2.41283,13151.6,1.91656
9900,2.35136,13408.9,1.91985
9960,2.17304,13270.6,1.92096
10020,2.34152,13354.5,1.91752
10080,1.9935,13097.4,1.91854
10140,2.27986,13085.1,1.92014
10200,2.09848,13086.1,1.92017
10260,1.9733,13194.0,1.91954
10320,2.13216,13257.7,1.91928
10380,1.66884,12893.5,1.91696
10440,1.92331,13069.5,1.91779
10500,2.09159,13027.7,1.91728
10560,1.82094,12897.5,1.91306
10620,1.67935,12638.3,1.90731
10680,1.75349,12741.6,1.91216
10740,1.34001,12660.5,1.90761
10800,1.6467,12761.9,1.91215
10860,1.59207,12600.4,1.90946
10920,1.55407,12682.9,1.91216
10980,1.66158,12722.1,1.90888
11040,1.75152,12797.4,1.91081
11100,1.7391,12874.7,1.91048
11160,1.78493,12823.8,1.9145
11220,2.0681,12869.6,1.91654
11280,2.07201,12956.1,1.91544
11340,2.01414,12829.7,1.91639
11400,1.73949,12694.6,1.91442
11460,1.85304,13016.5,1.91737
11520,1.95097,12911.7,1.91494
11580,2.06333,12957.5,1.91789
11640,2.28109,12924.1,1.91724
11700,1.82062,13010.8,1.91473
11760,2.12109,13094.5,1.91227
11820,1.94324,12837.6,1.91403
11880,2.13136,12940.8,1.91176
11940,1.95514,12908.5,1.90667
12000,2.07223,12813.1,1.90998
12060,1.92903,12720.6,1.90771
12120,1.92763,12806.3,1.9108
12180,2.06493,12658.9,1.91183
12240,2.00283,12818.1,1.90983
12300,1.72944,12711.2,1.91031
12360,2.09061,12799.7,1.90912
12420,1.96859,12711.6,1.91114
12480,1.9783,12649.8,1.91036
12540,1.96353,12658.5,1.90751
12600,2.33708,12669.7,1.90618
12660,1.74458,12708.4,1.90972
12720,1.93021,12788.2,1.91056
12780,2.06129,12827.7,1.90979
12840,2.07915,12777.9,1.91068
12900,2.11599,12841.4,1.91096
12960,2.22743,12806.5,1.90979
13020,2.02517,12760.1,1.908
13080,2.08857,12916.7,1.91189
13140,2.13467,12956.4,1.90997
13200,1.97497,12846.9,1.90928
13260,1.97897,12793.2,1.90963
13320,2.41227,12877.8,1.9107
13380,2.40413,12833.2,1.90783
13440,2.30625,12890.7,1.91342
13500,2.4128,12831.4,1.9076
13560,2.54699,12896.6,1.91379
13620,2.52711,12841.0,1.91002
13680,2.03603,12969.5,1.90858
13740,2.37522,12958.4,1.91304
13800,2.45117,12994.4,1.91376
13860,2.55978,12920.8,1.91082
13920,2.06193,12776.7,1.90865
13980,2.2957,12866.6,1.9086
14040,2.31079,12862.5,1.91293
14100,2.37904,12864.3,1.90944
14160,2.33453,12938.1,1.9113
14220,2.16812,12785.1,1.91306
14280,1.60554,12608.7,1.90688
14340,2.06632,12714.6,1.90561
14400,1.97014,12545.5,1.90665
14460,2.02574,12775.9,1.90588
14520,2.06554,12697.0,1.90788
14580,1.83515,12656.6,1.90696
14640,1.915,12601.2,1.90481
14700,1.82559,12672.7,1.90499
14760,1.88943,12714.5,1.90644
14820,2.01741,12735.8,1.90818
14880,2.10454,12854.7,1.9065
14940,2.07269,12766.0,1.90221
15000,2.03828,12814.2,1.90497
15060,2.09994,12822.4,1.90679
15120,1.86964,12851.2,1.90583
15180,2.07292,12803.8,1.90593
15240,1.77987,12825.2,1.90165
15300,2.01861,12821.5,1.90462
15360,2.09259,12768.2,1.90445
15420,1.96799,12764.8,1.90532
15480,1.91618,12782.4,1.9074
15540,1.9074,12788.4,1.9048
15600,2.01308,12801.7,1.90664
15660,1.88888,12774.4,1.90703
15720,1.88638,12743.6,1.906
15780,2.02482,12852.3,1.90511
15840,1.75556,12819.6,1.9072
15900,1.96289,12880.1,1.90523
15960,2.10251,12822.9,1.90667
16020,1.76401,12757.1,1.90518
16080,1.76653,12784.4,1.90495
16140,1.85376,12809.4,1.90592
16200,1.90523,12795.2,1.9109
16260,1.90008,12827.6,1.90555
16320,1.84221,12944.2,1.90709
16380,1.72286,12867.4,1.9047
16440,1.8695,12843.5,1.90698
16500,1.77132,12830.9,1.90539
16560,1.96455,12898.5,1.90823
16620,1.96367,12715.0,1.90634
16680,1.78274,12725.5,1.90703
16740,1.83939,12626.5,1.90643
16800,1.64267,12655.8,1.90674
16860,1.48261,12670.6,1.90442
16920,1.68936,12660.8,1.90172
16980,1.71274,12567.6,1.90432
17040,1.77115,12657.1,1.90375
17100,1.74901,12610.6,1.90578
17160,1.71894,12558.8,1.90519
17220,1.73233,12497.4,1.90581
17280,1.82623,12465.1,1.90523
17340,1.78101,12427.8,1.90364
17400,1.59666,12345.9,1.89935
17460,1.86816,12402.1,1.90039
17520,1.81723,12409.5,1.90227
17580,1.83199,12461.8,1.90531
17640,1.78218,12440.8,1.90359
17700,1.72316,12468.1,1.90656
17760,1.76819,12440.2,1.90448
17820,1.55804,12527.0,1.90392
17880,1.52834,12397.6,1.90312
17940,1.66499,12293.7,1.90251
18000,1.38289,12375.9,1.90295
18060,1.69625,12318.4,1.90221
18120,1.72087,12388.4,1.90137
18180,1.59074,12300.4,1.90422
18240,1.90093,12375.3,1.90191
18300,1.62264,12358.0,1.90203
18360,1.49699,12397.2,1.90516
18420,1.76487,12433.9,1.90398
18480,1.62623,12374.3,1.90182
18540,1.43663,12434.3,1.90013
18600,1.74982,12350.0,1.90336
18660,1.79156,12432.9,1.90511
18720,1.80326,12422.5,1.90623
18780,1.62324,12415.2,1.90432
18840,1.6103,12490.6,1.90405
18900,1.82456,12472.9,1.90167
18960,1.81273,12482.7,1.90386
19020,1.71793,12465.5,1.9047
19080,1.53039,12547.7,1.90627
19140,2.50013,12598.9,1.92841
19200,1.92878,12407.3,1.91068
19260,1.65344,12380.7,1.90529
19320,1.6884,12494.9,1.90513
19380,1.58927,12379.0,1.90651
19440,1.57278,12360.0,1.9033
19500,1.63798,12296.9,1.90832
19560,1.62961,12367.3,1.90704
19620,1.82005,12425.2,1.90805
19680,1.91537,12461.2,1.90759
19740,2.36033,12602.2,1.91302
19800,1.9583,12728.2,1.91726
19860,1.98139,12804.2,1.91519
19920,1.95633,12848.0,1.92201
19980,1.68527,12354.2,1.9105
20040,1.93903,12678.9,1.92265
20100,1.66731,12417.2,1.91508
20160,1.76003,12403.0,1.91347
20220,1.58261,12405.7,1.91167
20280,1.75896,12320.2,1.91111
20340,2.02102,12421.8,1.91342
20400,2.17419,12433.0,1.91302
20460,1.65557,12422.5,1.91089
20520,1.96265,12445.7,1.91185
20580,1.86624,12352.9,1.9097
20640,1.62493,12360.2,1.91119
20700,1.59069,12150.5,1.90545
20760,1.5668,12259.4,1.9107
20820,1.50613,12174.2,1.90611
20880,1.88689,12227.5,1.90694
20940,1.44977,12254.2,1.91092
21000,1.65362,12152.7,1.90593
21060,1.59596,12198.7,1.90334
21120,1.59506,12234.9,1.90834
21180,1.47819,12265.9,1.90933
21240,1.75145,12347.2,1.91188
21300,1.50738,12350.4,1.90618
21360,1.68488,12440.7,1.91237
21420,1.61597,12454.5,1.9105
21480,1.71906,12394.2,1.91057
21540,1.7117,12384.5,1.90884
21600,1.65566,12397.5,1.90937
21660,1.7561,12369.3,1.9085
21720,1.6402,12355.9,1.90646
21780,1.7461,12342.6,1.90564
21840,1.63419,12350.4,1.90478
21900,1.52828,12336.2,1.90318
21960,1.59394,12341.0,1.90403
22020,1.55788,12371.1,1.90609
22080,1.63748,12433.1,1.90547
22140,1.78184,12420.3,1.90688
22200,1.76534,12416.8,1.90606
22260,1.66597,12583.6,1.91156
22320,2.10273,12848.0,1.92674
22380,2.13035,13151.8,1.93351
22440,2.00056,13013.7,1.92556
22500,1.66031,12647.1,1.91418
22560,1.67783,12382.7,1.90816
22620,1.63736,12404.7,1.90912
22680,1.6575,12511.9,1.9114
22740,1.87579,12390.2,1.9105
22800,1.50897,12350.8,1.90863
22860,1.80458,12438.5,1.91026
22920,1.72622,12416.9,1.90955
22980,1.4782,12389.2,1.90585
23040,1.61555,12343.5,1.9076
23100,1.47252,12340.1,1.90832
23160,1.34384,12361.8,1.90532
23220,1.50209,12319.8,1.91022
23280,1.89408,12769.4,1.92739
23340,1.96149,12886.2,1.93024
23400,1.99394,12997.5,1.92982
23460,1.86958,12644.1,1.92242
23520,1.80148,12327.4,1.91117
23580,1.62446,12331.3,1.90985
23640,1.61287,12402.2,1.90837
23700,1.59337,12411.5,1.90356
23760,1.60667,12387.9,1.90817
23820,1.68218,12455.1,1.90819
23880,1.46536,12414.9,1.90857
23940,1.6538,12432.8,1.90592
24000,1.66016,12463.6,1.90549
24060,1.38658,12315.2,1.90416
24120,1.4999,12377.0,1.90386
24180,1.87443,12405.0,1.90694
24240,1.80341,12821.1,1.90951
24300,1.93895,12810.9,1.91198
24360,1.58169,12454.3,1.90911
24420,1.66065,12401.6,1.90706
24480,1.61524,12395.6,1.9105
24540,1.60805,12409.9,1.90732
24600,1.57564,12421.8,1.90655
24660,1.44792,12409.2,1.90658
24720,1.75054,12570.8,1.91313
24780,1.72813,12603.2,1.9159
24840,1.54255,12592.3,1.90968
24900,1.91581,13055.5,1.91738
24960,2.30579,12939.9,1.92001
25020,2.05025,12930.7,1.92311
25080,2.09995,13075.5,1.92974
25140,2.32633,13125.1,1.93551
25200,2.33156,13446.7,1.93999
25260,2.28261,13528.0,1.94663
25320,2.39717,13651.2,1.94615
25380,2.6282,13701.1,1.94863
25440,2.87894,14043.8,1.95487
25500,2.71739,14238.5,1.95694
25560,2.57155,14365.3,1.95664
25620,2.72948,14420.3,1.96066
25680,2.80059,14412.3,1.95629
25740,2.9386,14455.7,1.9613
25800,2.92401,14447.3,1.96139
25860,2.80951,14494.0,1.96321
25920,2.83821,14490.8,1.96137
25980,2.91027,14445.5,1.96003
26040,2.38133,14128.9,1.94589
26100,2.6171,14205.2,1.95071
26160,2.73211,14170.1,1.9484
26220,2.65378,14174.3,1.94887
26280,2.74641,14208.7,1.95157
26340,2.56728,14208.7,1.94983
26400,2.54693,14142.1,1.94456
26460,2.26441,14104.3,1.94075
26520,2.22251,14017.8,1.93482
26580,2.18264,14003.6,1.93871
26640,2.25105,13861.1,1.94432
26700,2.37027,13954.7,1.95524
26760,2.20791,13951.6,1.96088
26820,2.15842,13958.2,1.9617
26880,2.27032,13978.6,1.9657
26940,2.54602,14074.3,1.96313
27000,2.35402,13969.5,1.95708
27060,2.30841,13989.2,1.95633
27120,2.35876,13990.8,1.95296
27180,2.44897,13961.4,1.95433
27240,2.427,13947.8,1.95792
27300,2.34113,13971.8,1.95912
27360,2.48811,14040.6,1.96023
27420,2.32949,14055.9,1.96005
27480,2.64876,14071.9,1.96194
27540,2.40528,14002.7,1.96273
27600,2.44593,14071.9,1.96382
27660,2.64654,14194.4,1.96699
27720,2.63701,14200.2,1.96192
27780,2.39255,13863.7,1.95561
27840,2.20857,13884.2,1.95366
27900,2.58595,14214.7,1.96217
27960,2.53079,14132.5,1.96656
28020,2.69009,14225.0,1.97294
28080,2.42243,14083.7,1.9697
28140,2.68358,14163.5,1.97203
28200,2.44021,14184.1,1.96889
28260,2.67049,14179.7,1.97299
28320,2.51438,14196.8,1.98287
28380,2.6605,14257.8,1.99312
28440,2.7754,14261.8,1.97242
28500,2.48583,14056.8,1.97025
28560,2.04766,13491.0,1.94684
28620,2.11326,13668.7,1.95345
28680,2.30371,13826.2,1.95301
28740,2.11328,13683.5,1.9489
28800,2.29008,13824.8,1.95082
28860,2.58551,14067.5,1.95847
28920,2.40615,13987.7,1.95475
28980,2.46218,14036.9,1.95582
29040,2.29352,13692.4,1.94977
29100,2.079,13478.2,1.94064
29160,2.31428,13438.7,1.94088
29220,2.12328,13416.7,1.93561
29280,1.9489,13336.6,1.93305
29340,1.99369,13196.8,1.92787
29400,2.31594,13436.8,1.94461
29460,2.00504,13360.3,1.96608
29520,2.07739,13324.7,1.93698
29580,2.08739,13212.5,1.93387
29640,2.12289,13235.6,1.93351
29700,1.98877,13281.2,1.93642
29760,1.9907,13309.7,1.93769
29820,1.98509,13213.6,1.93824
29880,1.99937,13153.9,1.93468
29940,1.99046,13209.2,1.93403
30000,2.09786,13059.1,1.9277
30060,1.71919,12885.9,1.92671
30120,1.80819,12962.3,1.92688
30180,1.895,13055.4,1.92752
30240,1.93234,13184.6,1.93283
30300,1.60312,13045.0,1.93202
30360,1.85881,12969.9,1.92898
30420,1.92241,12939.5,1.92862
30480,1.58895,12800.8,1.92438
30540,1.72498,12903.9,1.92935
30600,1.79899,12993.9,1.93089
30660,1.69734,13413.4,1.92924
30720,1.73443,13190.1,1.93348
30780,1.7887,12996.1,1.93138
30840,1.72899,12943.1,1.92932
30900,1.7922,12946.6,1.931
30960,1.78779,12883.6,1.92744
31020,1.82947,12900.8,1.9317
31080,1.64961,12970.8,1.92894
31140,1.61806,12900.0,1.92708
31200,1.79577,12989.4,1.93002
31260,1.69193,13037.0,1.93093
31320,1.66952,13028.3,1.92708
31380,1.72702,13124.6,1.92564
31440,1.78056,13184.9,1.93278
31500,1.72616,13305.7,1.9368
31560,1.74136,13414.0,1.9374
31620,1.8508,13666.2,1.93073
31680,1.60293,13745.0,1.93418
31740,1.77476,13758.5,1.93534
31800,1.46888,13806.6,1.93434
31860,1.54531,13909.2,1.93749
31920,1.66916,13981.6,1.94348
31980,1.60994,14026.4,1.94355
32040,1.69896,14070.6,1.94341
32100,1.91647,14061.2,1.93791
32160,1.67693,14085.7,1.93431
32220,1.48356,14058.7,1.93071
32280,1.57146,14091.8,1.9324
32340,1.60909,14194.0,1.93313
32400,1.79098,14214.3,1.93418
32460,1.56699,14275.1,1.93275
32520,1.67663,14265.1,1.93383
