CampaignData_and_Merges/R0/CSL_MobileLab_Parked/raw/20240811/USOS-jNO2_MobileLabGround_20240811_R0.ict
52,1001
Waxman, E.; Rollins, A.; Zuraski, K.; Chace, W.
NOAA Chemical Sciences Laboratory
jNO2 filter radiometer on CSL Mobile Lab
AMMBEC / USOS
1, 1
2024,08,11, 2025,04,01
60
Time_Start, seconds, number_of_seconds_since_0000_UTC
20
1, 1, 1, 1, 1, 1, 1, 1, 1, 1, 1, 1, 1, 1, 1, 1, 1, 1, 1, 1
-9999, -9999, -9999, -9999, -9999, -9999, -9999, -9999, -9999, -9999, -9999, -9999, -9999, -9999, -9999, -9999, -9999, -9999, -9999, -9999
Time_Stop, seconds, number_of_seconds_since_0000_UTC
jNO2_meas, per second, photolysis rate of NO2 measured using a filter radiometer.
jBrCl, per second, photolysis rate of BrCl -> Br + Cl calculated in TUV for cloud-free sky with local AOD
jBr2, per second, photolysis rate of Br2 -> Br + Br calculated in TUV for cloud-free sky with local AOD
jCCl4, per second, photolysis rate of CCl4 -> Products calcualted in TUV for cloud-free sky with local AOD
jCH2Oa, per second, photolysis rate of CH2O -> H + HCO calculated in TUV for cloud-free sky with local AOD
jCH2Ob, per second, photolysis rate of CH2O -> H2 + CO calculated in TUV for cloud-free sky with local AOD
jClNO2, per second, photolysis rate of ClNO2 -> Cl + NO2 calculated in TUV for cloud-free sky with local AOD
jClOa, per second, photolysis rate of ClO -> Cl + O(1D) calculated in TUV for cloud-free sky with local AOD
jClOb, per second, photolysis rate of ClO -> Cl + O(3P) calculated in TUV for cloud-free sky with local AOD
jCl2, per second, photolysis rate of Cl2 -> Cl + Cl calculated in TUV for cloud-free sky with local AOD
jHNO2, per second, photolysis rate of HNO2 -> OH + NO calculated in TUV for cloud-free sky with local AOD
jHNO3, per second, photolysis rate of HNO3 -> OH + NO2 calculated in TUV for cloud-free sky with local AOD
jI2, per second, photolysis rate of I2 -> I + I calculated in TUV for cloud-free sky with local AOD
jNO2, per second, photolysis rate of NO2 -> NO + O(3P) calculated in TUV for cloud-free sky with local AOD
jNO3a, per second, photolysis rate of NO3 -> NO + O2 calculated in TUV for cloud-free sky with local AOD
jNO3b, per second, photolysis rate of NO3 -> NO2 + O(3P) calculated in TUV for cloud-free sky with local AOD
jN2O5, per second, photolysis rate of N2O5 -> NO3 + NO + O(3P) calculated in TUV for cloud-free sky with local AOD
jO3, per second, photolysis rate of O3 -> O2 + O(1D) calculated in TUV for cloud-free sky with local AOD
AOD_500nm, unitless, UTC daily mean AOD at 500 nm from an AERONET station located at 40.178 N, -112.452 E
0
18
PI_CONTACT_INFO: eleanor.waxman@noaa.gov
PLATFORM: CSL Mobile Lab, at ground site
LOCATION: Salt Lake City, UT
ASSOCIATED_DATA:
INSTRUMENT_INFO: jNO2 filter radiometer.  TUV calculations are for mobile van lat/lon/altitude assuming clear sky (cloud AOD = 0) and daily mean AOD.
DATA_INFO:
UNCERTAINTY: Data uncertainties are +/- 20%.  These come from uncertainties in radiometer angular response, radiometer thermal response, local interferences from clouds/aerosols/shadows etc.
ULOD_FLAG: -7777
ULOD_VALUE: N/A
LLOD_FLAG: -8888
LLOD_VALUE: N/A
DM_CONTACT_INFO: eleanor.waxman@noaa.gov
PROJECT_INFO: USOS Project, July - August 2024
STIPULATIONS_ON_USE: Users are strongly encouraged to contact the PI for proper data usage.
OTHER_COMMENTS: 
REVISION: R0
R0: final data
Time_Start, Time_Stop, jNO2_meas, jBrCl, jBr2, jCCl4, jCH2Oa, jCH2Ob, jClNO2, jClOa, jClOb, jCl2, jHNO2, jHNO3, jI2, jNO2, jNO3a, jNO3b, jN2O5, jO3, AOD_500nm
[from data line 1235]
   74100,   74160,0.0084732,0.01035,0.03128,1.599e-22,3.093e-05,4.612e-05,0.0004549,7.651e-23,4.519e-05,0.002226,0.001451,5.568e-07,0.1113,0.008899,0.02146,0.1722,4.077e-05,2.968e-05,0.193
   74160,   74220,0.0084632,0.01034,0.03127,1.544e-22,3.09e-05,4.608e-05,0.0004545,7.38e-23,4.509e-05,0.002224,0.00145,5.558e-07,0.1113,0.008894,0.02145,0.1721,4.073e-05,2.961e-05,0.193
   74220,   74280,0.008452,0.01034,0.03126,1.489e-22,3.086e-05,4.604e-05,0.0004541,7.115e-23,4.498e-05,0.002222,0.001449,5.549e-07,0.1113,0.008888,0.02145,0.1721,4.068e-05,2.954e-05,0.193
   74280,   74340,0.0084628,0.01034,0.03125,1.439e-22,3.082e-05,4.6e-05,0.0004537,6.871e-23,4.488e-05,0.002221,0.001448,5.54e-07,0.1112,0.008884,0.02144,0.1721,4.064e-05,2.947e-05,0.193
   74340,   74400,0.0084649,0.01033,0.03124,1.387e-22,3.078e-05,4.596e-05,0.0004533,6.617e-23,4.477e-05,0.002219,0.001447,5.53e-07,0.1112,0.008878,0.02144,0.172,4.06e-05,2.939e-05,0.193
   74400,   74460,0.0084117,0.01033,0.03123,1.336e-22,3.074e-05,4.591e-05,0.0004528,6.37e-23,4.466e-05,0.002218,0.001446,5.52e-07,0.1112,0.008873,0.02144,0.172,4.055e-05,2.932e-05,0.193
   74460,   74520,0.0083621,0.01032,0.03122,1.288e-22,3.07e-05,4.587e-05,0.0004524,6.139e-23,4.456e-05,0.002216,0.001445,5.51e-07,0.1112,0.008868,0.02143,0.172,4.051e-05,2.924e-05,0.193
   74520,   74580,0.0083623,0.01032,0.03121,1.24e-22,3.066e-05,4.583e-05,0.000452,5.905e-23,4.444e-05,0.002214,0.001444,5.5e-07,0.1111,0.008862,0.02143,0.1719,4.047e-05,2.917e-05,0.193
   74580,   74640,0.0083397,0.01031,0.0312,1.192e-22,3.062e-05,4.578e-05,0.0004515,5.675e-23,4.433e-05,0.002212,0.001443,5.489e-07,0.1111,0.008857,0.02142,0.1719,4.042e-05,2.909e-05,0.193
   74640,   74700,0.0083239,0.01031,0.03119,1.149e-22,3.058e-05,4.574e-05,0.0004511,5.462e-23,4.422e-05,0.002211,0.001442,5.479e-07,0.1111,0.008851,0.02142,0.1718,4.037e-05,2.901e-05,0.193
   74700,   74760,0.0083009,0.0103,0.03117,1.104e-22,3.053e-05,4.569e-05,0.0004506,5.253e-23,4.41e-05,0.002209,0.001441,5.469e-07,0.111,0.008845,0.02142,0.1718,4.033e-05,2.893e-05,0.193
   74760,   74820,0.0083009,0.0103,0.03116,1.06e-22,3.049e-05,4.564e-05,0.0004501,5.034e-23,4.398e-05,0.002207,0.00144,5.457e-07,0.111,0.008839,0.02141,0.1718,4.028e-05,2.885e-05,0.193
   74820,   74880,0.0082959,0.01029,0.03115,1.02e-22,3.045e-05,4.559e-05,0.0004497,4.841e-23,4.387e-05,0.002205,0.001439,5.447e-07,0.111,0.008834,0.02141,0.1717,4.023e-05,2.877e-05,0.193
   74880,   74940,0.0082895,0.01029,0.03114,9.782e-23,3.04e-05,4.554e-05,0.0004492,4.638e-23,4.375e-05,0.002203,0.001438,5.436e-07,0.111,0.008828,0.0214,0.1717,4.018e-05,2.869e-05,0.193
   74940,   75000,0.0082714,0.01028,0.03113,9.392e-23,3.036e-05,4.549e-05,0.0004487,4.452e-23,4.362e-05,0.002201,0.001437,5.425e-07,0.1109,0.008822,0.0214,0.1716,4.013e-05,2.861e-05,0.193
   75000,   75060,0.0082867,0.01028,0.03112,9.009e-23,3.031e-05,4.545e-05,0.0004483,4.266e-23,4.351e-05,0.0022,0.001436,5.414e-07,0.1109,0.008816,0.02139,0.1716,4.008e-05,2.853e-05,0.193
   75060,   75120,0.0082989,0.01027,0.0311,8.642e-23,3.026e-05,4.54e-05,0.0004477,4.09e-23,4.338e-05,0.002198,0.001435,5.403e-07,0.1109,0.008809,0.02139,0.1715,4.003e-05,2.844e-05,0.193
   75120,   75180,0.0082882,0.01026,0.03109,8.289e-23,3.022e-05,4.534e-05,0.0004472,3.915e-23,4.325e-05,0.002196,0.001433,5.391e-07,0.1108,0.008803,0.02139,0.1715,3.998e-05,2.835e-05,0.193
   75180,   75240,0.0082905,0.01026,0.03108,7.944e-23,3.017e-05,4.529e-05,0.0004467,3.752e-23,4.313e-05,0.002194,0.001432,5.38e-07,0.1108,0.008797,0.02138,0.1715,3.993e-05,2.827e-05,0.193
   75240,   75300,0.0082996,0.01025,0.03107,7.607e-23,3.012e-05,4.524e-05,0.0004462,3.588e-23,4.3e-05,0.002192,0.001431,5.368e-07,0.1108,0.00879,0.02138,0.1714,3.987e-05,2.818e-05,0.193
   75300,   75360,0.0083214,0.01025,0.03105,7.278e-23,3.007e-05,4.519e-05,0.0004457,3.43e-23,4.287e-05,0.00219,0.00143,5.356e-07,0.1107,0.008783,0.02137,0.1714,3.982e-05,2.809e-05,0.193
   75360,   75420,0.0083207,0.01024,0.03104,6.977e-23,3.003e-05,4.513e-05,0.0004452,3.285e-23,4.275e-05,0.002188,0.001429,5.344e-07,0.1107,0.008777,0.02137,0.1713,3.977e-05,2.801e-05,0.193
   75420,   75480,0.0083051,0.01024,0.03103,6.672e-23,2.998e-05,4.508e-05,0.0004446,3.139e-23,4.261e-05,0.002185,0.001428,5.332e-07,0.1107,0.00877,0.02136,0.1713,3.971e-05,2.792e-05,0.193
   75480,   75540,0.0083054,0.01023,0.03101,6.372e-23,2.993e-05,4.502e-05,0.0004441,2.993e-23,4.248e-05,0.002183,0.001426,5.319e-07,0.1106,0.008763,0.02135,0.1712,3.965e-05,2.782e-05,0.193
   75540,   75600,0.0082848,0.01022,0.031,6.101e-23,2.988e-05,4.497e-05,0.0004436,2.862e-23,4.235e-05,0.002181,0.001425,5.308e-07,0.1106,0.008756,0.02135,0.1712,3.96e-05,2.774e-05,0.193
   75600,   75660,0.0082819,0.01022,0.03098,5.825e-23,2.982e-05,4.491e-05,0.000443,2.731e-23,4.221e-05,0.002179,0.001424,5.295e-07,0.1106,0.008749,0.02134,0.1711,3.954e-05,2.764e-05,0.193
   75660,   75720,0.0083123,0.01021,0.03097,5.573e-23,2.977e-05,4.485e-05,0.0004424,2.606e-23,4.207e-05,0.002177,0.001422,5.282e-07,0.1105,0.008742,0.02134,0.1711,3.948e-05,2.755e-05,0.193
   75720,   75780,0.0082698,0.01021,0.03096,5.322e-23,2.972e-05,4.48e-05,0.0004419,2.489e-23,4.194e-05,0.002174,0.001421,5.27e-07,0.1105,0.008735,0.02133,0.171,3.943e-05,2.746e-05,0.193
   75780,   75840,0.0082305,0.0102,0.03094,5.076e-23,2.967e-05,4.474e-05,0.0004413,2.37e-23,4.18e-05,0.002172,0.00142,5.257e-07,0.1104,0.008727,0.02133,0.171,3.937e-05,2.736e-05,0.193
   75840,   75900,0.0062076,0.01019,0.03093,4.831e-23,2.961e-05,4.468e-05,0.0004407,2.252e-23,4.165e-05,0.00217,0.001419,5.243e-07,0.1104,0.00872,0.02132,0.1709,3.93e-05,2.726e-05,0.193
   75900,   75960,0.0081488,0.01019,0.03091,4.627e-23,2.956e-05,4.462e-05,0.0004401,2.156e-23,4.152e-05,0.002168,0.001417,5.231e-07,0.1104,0.008713,0.02132,0.1708,3.925e-05,2.717e-05,0.193
   75960,   76020,0.0078666,0.01018,0.0309,4.411e-23,2.95e-05,4.456e-05,0.0004395,2.052e-23,4.137e-05,0.002165,0.001416,5.217e-07,0.1103,0.008705,0.02131,0.1708,3.918e-05,2.707e-05,0.193
   76020,   76080,0.007198,0.01017,0.03088,4.211e-23,2.945e-05,4.449e-05,0.0004389,1.954e-23,4.123e-05,0.002163,0.001414,5.204e-07,0.1103,0.008697,0.0213,0.1707,3.912e-05,2.697e-05,0.193
   76080,   76140,0.0080742,0.01016,0.03087,4.014e-23,2.939e-05,4.443e-05,0.0004383,1.861e-23,4.109e-05,0.00216,0.001413,5.191e-07,0.1102,0.00869,0.0213,0.1707,3.906e-05,2.688e-05,0.193
   76140,   76200,0.0082982,0.01016,0.03085,3.82e-23,2.934e-05,4.437e-05,0.0004377,1.769e-23,4.094e-05,0.002158,0.001412,5.177e-07,0.1102,0.008681,0.02129,0.1706,3.9e-05,2.677e-05,0.193
   76200,   76260,0.0083358,0.01015,0.03083,3.637e-23,2.928e-05,4.43e-05,0.0004371,1.681e-23,4.079e-05,0.002155,0.00141,5.163e-07,0.1102,0.008673,0.02128,0.1705,3.893e-05,2.667e-05,0.193
   76260,   76320,0.0083024,0.01014,0.03082,3.47e-23,2.922e-05,4.424e-05,0.0004365,1.602e-23,4.064e-05,0.002153,0.001409,5.149e-07,0.1101,0.008666,0.02128,0.1705,3.887e-05,2.657e-05,0.193
   76320,   76380,0.0083009,0.01013,0.03079,3.204e-23,2.915e-05,4.415e-05,0.0004356,1.495e-23,4.049e-05,0.002149,0.001407,5.134e-07,0.11,0.008653,0.02127,0.1704,3.879e-05,2.648e-05,0.193
   76380,   76440,0.0083011,0.01012,0.03077,2.989e-23,2.907e-05,4.407e-05,0.0004348,1.378e-23,4.03e-05,0.002146,0.001405,5.114e-07,0.11,0.008643,0.02126,0.1703,3.87e-05,2.633e-05,0.193
   76440,   76500,0.0068458,0.01012,0.03075,2.852e-23,2.901e-05,4.4e-05,0.0004342,1.323e-23,4.013e-05,0.002144,0.001403,5.1e-07,0.1099,0.008635,0.02125,0.1702,3.864e-05,2.623e-05,0.193
   76500,   76560,0.0053891,0.01011,0.03074,2.737e-23,2.895e-05,4.393e-05,0.0004335,1.254e-23,3.996e-05,0.002141,0.001402,5.084e-07,0.1099,0.008626,0.02124,0.1702,3.856e-05,2.611e-05,0.193
   76560,   76620,0.0073788,0.0101,0.03072,2.597e-23,2.889e-05,4.387e-05,0.0004328,1.198e-23,3.983e-05,0.002138,0.0014,5.071e-07,0.1099,0.008618,0.02124,0.1701,3.85e-05,2.602e-05,0.193
   76620,   76680,0.0081056,0.01009,0.0307,2.489e-23,2.883e-05,4.38e-05,0.0004322,1.135e-23,3.968e-05,0.002136,0.001399,5.057e-07,0.1098,0.008609,0.02123,0.17,3.843e-05,2.592e-05,0.193
   76680,   76740,0.008181,0.01009,0.03068,2.385e-23,2.877e-05,4.373e-05,0.0004315,1.092e-23,3.951e-05,0.002133,0.001397,5.041e-07,0.1098,0.0086,0.02122,0.17,3.836e-05,2.58e-05,0.193
   76740,   76800,0.0081677,0.01008,0.03066,2.253e-23,2.87e-05,4.366e-05,0.0004308,1.024e-23,3.931e-05,0.00213,0.001396,5.025e-07,0.1097,0.008591,0.02122,0.1699,3.829e-05,2.568e-05,0.193
   76800,   76860,0.0080747,0.01007,0.03065,2.174e-23,2.864e-05,4.359e-05,0.0004301,9.86e-24,3.919e-05,0.002127,0.001394,5.011e-07,0.1097,0.008582,0.02121,0.1698,3.822e-05,2.558e-05,0.193
   76860,   76920,0.0080362,0.01006,0.03063,2.052e-23,2.858e-05,4.352e-05,0.0004294,9.344e-24,3.904e-05,0.002125,0.001392,4.997e-07,0.1096,0.008573,0.0212,0.1698,3.815e-05,2.549e-05,0.193
   76920,   76980,0.0049565,0.01005,0.03061,1.96e-23,2.851e-05,4.344e-05,0.0004287,8.841e-24,3.885e-05,0.002122,0.001391,4.98e-07,0.1096,0.008564,0.02119,0.1697,3.808e-05,2.536e-05,0.193
   76980,   77040,0.0038621,0.01004,0.03059,1.875e-23,2.845e-05,4.337e-05,0.000428,8.48e-24,3.869e-05,0.002119,0.001389,4.965e-07,0.1095,0.008555,0.02119,0.1696,3.801e-05,2.525e-05,0.193
   77040,   77100,0.0039168,0.01004,0.03057,1.776e-23,2.838e-05,4.33e-05,0.0004273,7.969e-24,3.854e-05,0.002116,0.001387,4.949e-07,0.1095,0.008545,0.02118,0.1696,3.793e-05,2.514e-05,0.193
   77100,   77160,0.0040633,0.01003,0.03055,1.697e-23,2.832e-05,4.322e-05,0.0004265,7.629e-24,3.837e-05,0.002113,0.001386,4.934e-07,0.1094,0.008536,0.02117,0.1695,3.786e-05,2.503e-05,0.193
   77160,   77220,0.0037137,0.01002,0.03053,1.607e-23,2.825e-05,4.315e-05,0.0004258,7.191e-24,3.819e-05,0.00211,0.001384,4.918e-07,0.1094,0.008526,0.02116,0.1694,3.778e-05,2.49e-05,0.193
   77220,   77280,0.0051297,0.01001,0.03051,1.531e-23,2.818e-05,4.307e-05,0.0004251,6.853e-24,3.803e-05,0.002107,0.001382,4.902e-07,0.1093,0.008516,0.02115,0.1693,3.771e-05,2.479e-05,0.193
   77280,   77340,0.007661,0.01,0.03049,1.453e-23,2.811e-05,4.3e-05,0.0004243,6.471e-24,3.784e-05,0.002104,0.001381,4.885e-07,0.1092,0.008506,0.02114,0.1692,3.763e-05,2.467e-05,0.193
   77340,   77400,0.0077893,0.009993,0.03047,1.383e-23,2.805e-05,4.292e-05,0.0004236,6.164e-24,3.768e-05,0.002101,0.001379,4.869e-07,0.1092,0.008497,0.02114,0.1692,3.756e-05,2.455e-05,0.193
   77400,   77460,0.0078514,0.009983,0.03045,1.314e-23,2.798e-05,4.284e-05,0.0004228,5.837e-24,3.751e-05,0.002098,0.001377,4.853e-07,0.1091,0.008487,0.02113,0.1691,3.748e-05,2.443e-05,0.193
   77460,   77520,0.0077632,0.009974,0.03043,1.242e-23,2.79e-05,4.276e-05,0.000422,5.508e-24,3.732e-05,0.002095,0.001375,4.836e-07,0.1091,0.008476,0.02112,0.169,3.74e-05,2.431e-05,0.193
   77520,   77580,0.0076431,0.009965,0.0304,1.182e-23,2.784e-05,4.268e-05,0.0004213,5.224e-24,3.715e-05,0.002092,0.001373,4.82e-07,0.109,0.008466,0.02111,0.1689,3.732e-05,2.42e-05,0.193
   77580,   77640,0.0075526,0.009955,0.03038,1.124e-23,2.777e-05,4.26e-05,0.0004205,4.929e-24,3.699e-05,0.002089,0.001372,4.804e-07,0.109,0.008456,0.0211,0.1688,3.724e-05,2.408e-05,0.193
   77640,   77700,0.0074382,0.009946,0.03036,1.07e-23,2.77e-05,4.252e-05,0.0004197,4.666e-24,3.681e-05,0.002085,0.00137,4.787e-07,0.1089,0.008445,0.02109,0.1688,3.716e-05,2.397e-05,0.193
   77700,   77760,0.0059832,0.009937,0.03034,1.024e-23,2.763e-05,4.244e-05,0.0004189,4.451e-24,3.665e-05,0.002082,0.001368,4.772e-07,0.1088,0.008435,0.02108,0.1687,3.709e-05,2.386e-05,0.193
   77760,   77820,0.0064439,0.009927,0.03032,9.764e-24,2.756e-05,4.236e-05,0.0004181,4.238e-24,3.648e-05,0.002079,0.001366,4.755e-07,0.1088,0.008424,0.02107,0.1686,3.7e-05,2.374e-05,0.193
   77820,   77880,0.0053226,0.009917,0.03029,9.302e-24,2.748e-05,4.227e-05,0.0004173,4.028e-24,3.631e-05,0.002076,0.001364,4.738e-07,0.1087,0.008413,0.02106,0.1685,3.692e-05,2.362e-05,0.193
   77880,   77940,0.0033078,0.009907,0.03027,8.888e-24,2.741e-05,4.219e-05,0.0004165,3.838e-24,3.614e-05,0.002073,0.001362,4.722e-07,0.1087,0.008402,0.02105,0.1684,3.684e-05,2.351e-05,0.193
   77940,   78000,0.0033864,0.009897,0.03025,8.469e-24,2.734e-05,4.211e-05,0.0004157,3.646e-24,3.596e-05,0.002069,0.00136,4.704e-07,0.1086,0.008391,0.02104,0.1683,3.676e-05,2.339e-05,0.193
   78000,   78060,0.003778,0.009887,0.03022,8.07e-24,2.726e-05,4.202e-05,0.0004148,3.463e-24,3.578e-05,0.002066,0.001358,4.687e-07,0.1085,0.00838,0.02103,0.1682,3.667e-05,2.327e-05,0.193
   78060,   78120,0.0065352,0.009877,0.0302,7.712e-24,2.719e-05,4.194e-05,0.000414,3.3e-24,3.561e-05,0.002062,0.001356,4.671e-07,0.1085,0.008369,0.02102,0.1681,3.659e-05,2.315e-05,0.193
   78120,   78180,0.0076047,0.009866,0.03017,7.351e-24,2.711e-05,4.185e-05,0.0004131,3.135e-24,3.543e-05,0.002059,0.001354,4.653e-07,0.1084,0.008357,0.02101,0.168,3.651e-05,2.303e-05,0.193
   78180,   78240,0.0084085,0.009855,0.03015,7.007e-24,2.703e-05,4.176e-05,0.0004123,2.977e-24,3.525e-05,0.002055,0.001352,4.635e-07,0.1083,0.008345,0.021,0.1679,3.642e-05,2.291e-05,0.193
   78240,   78300,0.0083029,0.009845,0.03012,6.7e-24,2.696e-05,4.167e-05,0.0004114,2.838e-24,3.507e-05,0.002052,0.00135,4.618e-07,0.1083,0.008334,0.02099,0.1678,3.633e-05,2.279e-05,0.193
   78300,   78360,0.0079764,0.009834,0.0301,6.391e-24,2.688e-05,4.158e-05,0.0004105,2.698e-24,3.489e-05,0.002048,0.001348,4.6e-07,0.1082,0.008322,0.02098,0.1677,3.625e-05,2.266e-05,0.193
   78360,   78420,0.0072282,0.009823,0.03007,6.098e-24,2.68e-05,4.149e-05,0.0004097,2.565e-24,3.47e-05,0.002045,0.001346,4.582e-07,0.1081,0.00831,0.02097,0.1676,3.616e-05,2.254e-05,0.193
   78420,   78480,0.0083405,0.009813,0.03005,5.836e-24,2.673e-05,4.14e-05,0.0004088,2.446e-24,3.453e-05,0.002041,0.001344,4.565e-07,0.108,0.008298,0.02096,0.1675,3.607e-05,2.242e-05,0.193
   78480,   78540,0.0083447,0.009801,0.03002,5.57e-24,2.665e-05,4.131e-05,0.0004079,2.326e-24,3.434e-05,0.002037,0.001341,4.546e-07,0.108,0.008286,0.02095,0.1674,3.598e-05,2.229e-05,0.193
   78540,   78600,0.008286,0.00979,0.02999,5.319e-24,2.656e-05,4.122e-05,0.000407,2.213e-24,3.415e-05,0.002034,0.001339,4.528e-07,0.1079,0.008273,0.02094,0.1673,3.589e-05,2.216e-05,0.193
   78600,   78660,0.0082185,0.009779,0.02997,5.095e-24,2.649e-05,4.113e-05,0.0004061,2.113e-24,3.397e-05,0.00203,0.001337,4.51e-07,0.1078,0.008261,0.02093,0.1672,3.58e-05,2.204e-05,0.193
   78660,   78720,0.0076688,0.009767,0.02994,4.869e-24,2.641e-05,4.103e-05,0.0004052,2.012e-24,3.378e-05,0.002026,0.001335,4.491e-07,0.1078,0.008249,0.02091,0.1671,3.571e-05,2.191e-05,0.193
   78720,   78780,0.0070675,0.009755,0.02991,4.655e-24,2.632e-05,4.093e-05,0.0004042,1.916e-24,3.359e-05,0.002022,0.001333,4.473e-07,0.1077,0.008236,0.0209,0.167,3.561e-05,2.178e-05,0.193
   78780,   78840,0.0080997,0.009744,0.02989,4.463e-24,2.624e-05,4.084e-05,0.0004033,1.831e-24,3.341e-05,0.002019,0.00133,4.455e-07,0.1076,0.008224,0.02089,0.1669,3.552e-05,2.166e-05,0.193
   78840,   78900,0.0072944,0.009732,0.02986,4.268e-24,2.616e-05,4.074e-05,0.0004024,1.744e-24,3.321e-05,0.002015,0.001328,4.436e-07,0.1075,0.00821,0.02088,0.1668,3.543e-05,2.153e-05,0.193
   78900,   78960,0.0049914,0.00972,0.02983,4.084e-24,2.607e-05,4.064e-05,0.0004014,1.663e-24,3.302e-05,0.002011,0.001326,4.417e-07,0.1074,0.008197,0.02087,0.1667,3.533e-05,2.14e-05,0.193
   78960,   79020,0.0037527,0.009708,0.0298,3.92e-24,2.599e-05,4.055e-05,0.0004005,1.59e-24,3.284e-05,0.002007,0.001324,4.398e-07,0.1074,0.008185,0.02085,0.1666,3.524e-05,2.128e-05,0.193
   79020,   79080,0.0036769,0.009696,0.02977,3.754e-24,2.591e-05,4.045e-05,0.0003995,1.517e-24,3.264e-05,0.002003,0.001321,4.379e-07,0.1073,0.008171,0.02084,0.1664,3.514e-05,2.115e-05,0.193
   79080,   79140,0.0035216,0.009683,0.02974,3.596e-24,2.582e-05,4.035e-05,0.0003985,1.448e-24,3.245e-05,0.001999,0.001319,4.36e-07,0.1072,0.008157,0.02083,0.1663,3.505e-05,2.101e-05,0.193
