CampaignData_and_Merges/R0/CSL_MobileLab_Parked/raw/20240811/USOS-NOAAIodideCIMS-PANs_MobileLabGround_20240811_RA.ict
35, 1001
Michael A Robinson, Chris Jernigan, Subi Thakali
NOAA ESRL Chemical Sciences Laboratory and CIRES, U. of Colorado
NOAA Iodide CIMS Instrument
USOS
1, 1
2024, 08, 11, 2024, 08, 13
1
starttime_UTC, seconds_past_midnight, seconds_of_day_since_00:00:00_UTC
3
1, 1, 1
-9999, -9999, -9999
PAN_NOAACIMS, pptv, Gas_PAN_InSitu_S_AVMR, 
APAN_NOAACIMS, pptv, Gas_APAN_InSitu_S_AVMR, 
PPN_NOAACIMS, pptv, Gas_PPN_InSitu_S_AVMR, 
0
18
PI_CONTACT_INFO: 325 Broadway, R/CSD 7, Boulder, Colorado 80305; michael.a.robinson@noaa.gov; chris.jernigan@noaa.gov;
PLATFORM: NOAA CSL Mobile Lab
LOCATION: SLC, Utah
ASSOCIATED_DATA: 1Hz data also available on request.
INSTRUMENT_INFO: NOAA I- ToF CIMS
DATA_INFO: All data in parts per trillion by volume (pptv). 1 Hz data is available upon request.
UNCERTAINTY: TBD
ULOD_FLAG: -7777
ULOD_VALUE: N/A
LLOD_FLAG: -8888
LLOD_VALUE: N/A
DM_CONTACT_INFO: Nathan Howard; nathan.h.howard@noaa.gov
PROJECT_INFO: USOS, summer 2024. https://csl.noaa.gov/groups/csl7/measurements/2024usos/
STIPULATIONS_ON_USE: Users are strongly encouraged to contact the PI for proper data usage.
OTHER_COMMENTS: 
REVISION: RA
RA: Preliminary Data; For in-field use only
starttime_UTC, PAN_NOAACIMS, APAN_NOAACIMS, PPN_NOAACIMS
[from data line 801]
 48060, 202.570,  2.235, 23.475
 48120, 205.343,  2.797, 26.021
 48180, -9999.000, -9999.000, -9999.000
 48240, 216.206,  2.807, 24.682
 48300, 217.621,  2.326, 25.692
 48360, 209.217,  4.140, 24.575
 48420, 217.217,  2.372, 26.666
 48480, 214.697,  2.394, 25.888
 48540, 227.389,  3.855, 28.018
 48600, 230.257,  2.698, 27.993
 48660, 223.357,  3.063, 25.831
 48720, 217.499,  2.327, 26.018
 48780, 226.275,  2.148, 23.653
 48840, 222.110,  3.127, 25.065
 48900, 230.801,  3.156, 27.765
 48960, 232.590,  2.846, 28.889
 49020, 239.138,  3.233, 27.878
 49080, 245.902,  2.176, 27.273
 49140, 247.413,  3.159, 30.296
 49200, 249.026,  2.684, 28.698
 49260, 260.215,  2.875, 28.467
 49320, 257.113,  4.769, 30.210
 49380, 255.953,  2.406, 31.760
 49440, 255.857,  3.754, 31.025
 49500, 264.298,  3.336, 30.147
 49560, 256.657,  3.382, 29.527
 49620, 257.835,  4.394, 29.021
 49680, 260.538,  3.154, 30.932
 49740, 259.408,  2.419, 28.859
 49800, 262.709,  3.659, 30.776
 49860, 272.470,  3.446, 31.707
 49920, 267.811,  2.611, 28.909
 49980, 261.585,  3.233, 30.042
 50040, -9999.000, -9999.000, -9999.000
 50100, 268.486,  2.587, 30.623
 50160, 273.730,  2.740, 30.468
 50220, 291.525,  3.799, 34.031
 50280, 284.334,  3.284, 33.728
 50340, 291.815,  3.273, 34.723
 50400, 297.158,  4.262, 33.384
 50460, 295.531,  3.619, 35.353
 50520, 294.355,  3.092, 35.195
 50580, 303.869,  3.841, 33.162
 50640, 314.867,  3.390, 35.788
 50700, 321.715,  3.400, 36.184
 50760, 317.068,  3.725, 36.264
 50820, 316.888,  3.623, 37.199
 50880, 318.431,  4.017, 40.876
 50940, 322.572,  4.913, 40.150
 51000, 325.876,  3.275, 36.947
 51060, 321.924,  4.024, 39.116
 51120, 332.631,  4.518, 40.277
 51180, 331.395,  3.940, 39.472
 51240, 330.630,  3.214, 40.998
 51300, 346.375,  3.576, 39.653
 51360, 350.933,  3.423, 41.276
 51420, 349.753,  3.161, 41.174
 51480, 346.079,  3.286, 40.103
 51540, 338.029,  3.938, 39.392
 51600, 340.757,  6.111, 42.267
 51660, 344.498,  3.723, 42.487
 51720, 351.415,  4.666, 45.984
 51780, 359.198,  3.604, 44.005
 51840, 357.202,  3.224, 44.951
 51900, 371.905,  7.145, 39.063
 51960, 371.249,  6.311, 45.904
 52020, 379.069,  4.642, 47.033
 52080, 370.107,  4.577, 45.264
 52140, 379.648,  5.508, 48.352
 52200, 378.001,  4.055, 45.414
 52260, 390.094,  3.788, 50.023
 52320, 388.611,  4.733, 50.615
 52380, 385.159,  3.581, 48.063
 52440, 379.957,  3.848, 47.289
 52500, 373.319,  4.293, 46.013
 52560, 370.806,  4.759, 44.561
 52620, 363.421,  4.016, 43.403
 52680, 352.441,  2.828, 43.063
 52740, 365.172,  4.648, 43.982
 52800, 362.304,  3.570, 43.835
 52860, 370.865,  6.133, 45.633
 52920, 377.384,  4.632, 48.505
 52980, 387.872,  4.014, 45.949
 53040, 391.932,  4.272, 51.295
 53100, 384.087,  4.981, 46.816
 53160, 389.795,  5.712, 48.454
 53220, 366.204,  4.232, 46.413
 53280, 356.756,  5.535, 43.771
 53340, 368.909,  3.970, 46.585
 53400, 362.165,  5.291, 44.471
 53460, 368.699,  4.487, 44.874
 53520, 361.201,  5.503, 43.426
 53580, 353.948,  4.886, 41.347
 53640, 352.983,  4.112, 42.400
 53700, -9999.000, -9999.000, -9999.000
 53760, 366.231,  5.665, 46.773
 53820, 355.684,  5.112, 44.767
 53880, 358.406,  3.790, 42.651
 53940, 356.553,  4.203, 44.522
 54000, 359.580,  5.189, 43.543
 54060, 371.774,  4.141, 47.683
 54120, 363.553,  4.308, 44.609
 54180, 370.316,  5.330, 46.335
 54240, 354.995,  3.608, 45.634
 54300, 375.843,  5.051, 45.631
 54360, 379.060,  5.539, 47.636
 54420, 374.965,  5.228, 48.256
 54480, 382.134,  4.567, 47.951
 54540, 372.631,  4.259, 46.783
 54600, 366.411,  4.376, 47.204
 54660, 387.243,  5.307, 50.952
 54720, 381.817,  6.211, 47.767
 54780, 398.280,  5.497, 50.187
 54840, 398.436,  5.112, 50.821
 54900, 402.319,  4.778, 53.228
 54960, 407.255,  5.048, 52.764
 55020, 407.939,  3.237, 52.127
 55080, 399.687,  3.978, 51.503
 55140, 409.542,  5.700, 53.419
 55200, 394.529,  5.721, 51.845
 55260, 393.358,  4.768, 51.074
 55320, 384.906,  4.744, 50.755
 55380, 371.790,  3.580, 47.660
 55440, 380.093,  4.315, 49.468
 55500, 380.297,  5.240, 49.238
 55560, -9999.000, -9999.000, -9999.000
 55620, 383.853,  3.751, 51.056
 55680, 370.315,  4.640, 49.976
 55740, 384.299,  4.537, 52.239
 55800, 385.313,  4.890, 48.959
 55860, 383.035,  3.888, 49.663
 55920, 396.574,  3.801, 52.963
 55980, 388.479,  3.311, 48.079
 56040, 376.218,  4.369, 48.132
 56100, 386.054,  3.416, 46.958
 56160, 386.396,  5.284, 49.220
 56220, 393.967,  5.119, 50.408
 56280, 389.769,  4.700, 51.314
 56340, 387.052,  4.389, 52.526
 56400, 404.905,  4.530, 51.105
 56460, 399.542,  4.471, 50.966
 56520, 397.314,  4.737, 49.191
 56580, 406.778,  4.556, 50.495
 56640, 413.715,  5.263, 53.148
 56700, 408.064,  4.307, 53.346
 56760, 408.513,  4.449, 49.603
 56820, 426.020,  4.272, 53.211
 56880, 420.474,  4.907, 50.992
 56940, 420.161,  4.340, 51.508
 57000, 408.404,  4.961, 49.404
 57060, 412.900,  4.897, 52.047
 57120, 408.895,  4.347, 52.467
 57180, 417.009,  3.690, 52.787
 57240, 426.766,  4.103, 52.228
 57300, 416.779,  5.596, 51.940
 57360, 437.172,  4.916, 55.525
 57420, -9999.000, -9999.000, -9999.000
 57480, 434.724,  5.251, 52.928
 57540, 453.157,  5.679, 53.002
 57600, 450.882,  5.755, 55.912
 57660, 446.777,  4.499, 53.248
 57720, 452.301,  5.811, 57.682
 57780, 455.472,  3.434, 55.804
 57840, 466.482,  4.881, 54.693
 57900, 454.493,  6.489, 54.594
 57960, 471.487,  5.677, 59.055
 58020, 458.991,  5.085, 56.057
 58080, 441.097,  4.270, 55.173
 58140, 476.689,  5.545, 58.263
 58200, 470.996,  5.816, 58.254
 58260, 486.756,  5.897, 60.423
 58320, 492.351,  5.941, 59.905
 58380, 498.524,  4.930, 64.126
 58440, 491.805,  4.518, 63.455
 58500, 487.019,  4.969, 62.070
 58560, 494.977,  4.545, 61.875
 58620, 508.064,  5.127, 61.816
 58680, 519.375,  4.228, 64.409
 58740, 512.065,  5.021, 64.681
 58800, 513.610,  4.556, 61.576
 58860, 516.976,  4.282, 62.633
 58920, 512.193,  5.340, 64.465
 58980, 522.257,  4.514, 62.499
 59040, 529.652,  4.493, 62.379
 59100, 534.189,  5.506, 64.582
 59160, 514.003,  4.912, 61.197
 59220, 538.200,  4.909, 65.515
 59280, 536.097,  4.966, 70.048
 59340, 541.096,  4.710, 65.461
 59400, 549.062,  5.474, 65.476
 59460, 552.465,  5.018, 65.912
 59520, 533.950,  5.532, 66.152
 59580, 554.324,  4.933, 67.561
 59640, 552.609,  5.443, 68.910
 59700, 554.535,  4.778, 66.355
 59760, 526.078,  4.182, 62.554
 59820, 548.465,  4.569, 64.749
 59880, 575.990,  6.576, 67.538
 59940, 544.356,  5.189, 66.461
 60000, 561.585,  4.420, 67.123
 60060, 556.159,  5.470, 67.618
 60120, 550.287,  5.009, 65.923
 60180, 565.366,  3.980, 65.689
 60240, 557.477,  4.659, 66.240
 60300, 530.516,  3.491, 63.125
 60360, 532.807,  3.507, 63.248
 60420, 540.333,  4.154, 65.052
 60480, 533.557,  4.345, 62.710
 60540, 539.636,  3.900, 66.848
 60600, 526.008,  4.670, 62.372
 60660, 528.722,  4.147, 62.201
 60720, 528.488,  4.581, 65.769
 60780, 549.369,  5.506, 67.295
 60840, 509.268,  5.768, 60.855
 60900, 468.060,  3.932, 55.696
 60960, 435.920,  2.817, 50.135
 61020, 377.831,  4.600, 41.203
 61080, 390.949,  2.839, 44.372
 61140, 369.356,  5.988, 38.155
 61200, 370.631,  4.187, 41.185
 61260, 372.750,  3.393, 42.988
 61320, 389.885,  3.327, 42.298
 61380, 397.360,  4.115, 45.485
 61440, 407.530,  3.710, 49.444
 61500, 436.365,  3.809, 49.408
 61560, 470.075,  4.488, 56.454
 61620, 410.795,  4.246, 47.009
 61680, 394.070,  3.502, 45.693
 61740, 344.006,  4.487, 39.690
 61800, 331.903,  2.996, 40.400
 61860, 335.385,  3.418, 40.462
 61920, 335.752,  4.069, 36.539
 61980, 334.474,  4.051, 39.851
 62040, 339.615,  3.396, 39.981
 62100, 336.625,  3.162, 37.747
 62160, 336.329,  2.598, 39.277
 62220, 334.485,  2.941, 37.973
 62280, 332.424,  3.232, 38.873
 62340, 343.411,  3.654, 38.769
 62400, 342.874,  4.315, 40.581
 62460, 351.723,  2.812, 39.628
 62520, 354.186,  3.066, 42.506
 62580, 375.291,  3.418, 47.227
 62640, 358.741,  3.417, 41.273
 62700, 363.110,  3.556, 42.713
 62760, 351.969,  3.066, 42.611
 62820, 350.874,  3.105, 41.759
 62880, 360.602,  3.515, 42.559
 62940, 358.595,  1.259, 41.059
 63000, 352.062,  3.591, 39.171
 63060, 362.581,  3.456, 41.400
 63120, 369.749,  3.104, 40.788
 63180, 371.558,  3.122, 43.712
 63240, 373.711,  3.217, 43.004
 63300, 376.752,  3.127, 42.719
 63360, 362.359,  4.507, 42.400
 63420, 363.323,  2.813, 41.806
 63480, 358.567,  4.173, 40.177
 63540, 338.247,  3.193, 38.993
 63600, 328.283,  2.818, 37.905
 63660, 333.553,  3.221, 36.129
 63720, 332.292,  3.337, 36.705
 63780, 344.970,  3.120, 37.587
 63840, 345.420,  3.840, 40.079
 63900, 341.992,  3.419, 39.202
 63960, 354.767,  3.702, 38.706
 64020, 358.432,  3.354, 40.246
 64080, 353.301,  3.096, 40.711
 64140, 355.024,  3.465, 39.540
 64200, 365.657,  3.334, 39.857
 64260, 378.894,  3.775, 41.846
 64320, 374.484,  3.324, 40.766
 64380, 383.350,  2.812, 40.613
 64440, 381.775,  2.603, 43.694
 64500, 401.895,  2.537, 42.587
 64560, 425.055,  3.567, 44.870
 64620, 430.293,  1.879, 47.967
 64680, 407.712,  3.290, 44.954
 64740, 406.538,  3.380, 42.684
 64800, -9999.000, -9999.000, -9999.000
 64860, 405.629,  3.215, 46.499
 64920, 397.183,  2.394, 43.746
 64980, 403.469,  2.662, 42.581
 65040, 423.821,  3.395, 47.084
 65100, 411.665,  2.977, 44.143
 65160, 420.426,  3.954, 47.857
 65220, 421.417,  2.405, 46.837
 65280, 417.818,  2.868, 46.824
 65340, 404.216,  3.407, 45.226
 65400, 419.289,  4.463, 46.880
 65460, 432.297,  3.933, 47.596
 65520, 415.054,  3.341, 44.375
 65580, 389.239,  3.515, 42.891
 65640, 394.844,  3.817, 42.171
 65700, 394.177,  3.465, 46.206
 65760, 392.865,  2.786, 44.871
 65820, 405.360,  2.299, 42.787
 65880, 406.887,  4.040, 44.633
 65940, 397.286,  4.301, 44.791
 66000, 414.106,  3.947, 45.991
 66060, 426.446,  3.127, 48.185
 66120, 413.293,  3.656, 43.810
 66180, 416.527,  3.662, 45.390
 66240, 437.614,  3.865, 44.607
 66300, 424.543,  4.381, 42.769
 66360, 426.337,  3.972, 44.039
 66420, 445.028,  4.100, 46.960
 66480, 453.195,  2.983, 47.184
 66540, 445.929,  3.893, 49.260
 66600, 459.561,  3.752, 47.469
 66660, -9999.000, -9999.000, -9999.000
 66720, 484.561,  3.914, 53.384
 66780, 483.701,  3.773, 50.816
 66840, 487.955,  5.082, 52.342
 66900, 466.880,  3.855, 49.652
 66960, 456.154,  2.505, 49.817
 67020, 461.495,  3.746, 48.080
 67080, 467.461,  3.674, 50.093
 67140, 465.014,  4.548, 48.537
 67200, 475.611,  3.985, 50.667
 67260, 477.381,  4.149, 48.853
 67320, 460.020,  4.000, 48.801
 67380, 462.554,  3.018, 49.189
 67440, 472.700,  3.563, 50.478
 67500, 470.825,  4.323, 50.923
 67560, 457.628,  4.953, 49.354
 67620, 468.450,  3.812, 49.700
 67680, 483.451,  2.702, 49.776
 67740, 465.737,  2.601, 47.299
 67800, 478.075,  3.294, 50.718
 67860, 464.272,  3.792, 50.929
 67920, 455.913,  3.029, 49.688
 67980, 455.974,  4.749, 46.203
 68040, 491.173,  4.187, 54.863
 68100, 482.102,  3.549, 53.819
 68160, 485.367,  3.767, 51.878
 68220, 506.574,  3.509, 55.794
 68280, 493.740,  4.201, 54.355
 68340, 488.670,  4.713, 52.793
 68400, 485.058,  4.122, 50.085
 68460, 476.621,  3.919, 55.000
 68520, -9999.000, -9999.000, -9999.000
 68580, 449.886,  3.673, 45.886
 68640, 445.983,  3.571, 47.167
 68700, 471.832,  3.117, 48.848
 68760, 452.896,  3.942, 48.231
 68820, 464.095,  3.674, 45.603
 68880, 448.642,  2.928, 46.239
 68940, 440.825,  3.905, 46.068
 69000, 443.376,  3.993, 45.332
 69060, 460.267,  3.185, 45.919
 69120, 486.479,  3.605, 47.490
 69180, 458.800,  3.429, 45.134
 69240, 495.334,  3.340, 48.393
 69300, 544.405,  3.220, 52.162
 69360, 484.878,  3.747, 46.981
 69420, 513.091,  3.446, 47.047
 69480, 468.311,  4.408, 47.200
 69540, 429.419,  3.893, 43.154
 69600, 435.679,  3.126, 43.411
 69660, 421.400,  2.850, 45.222
 69720, 411.522,  4.091, 43.146
 69780, 414.733,  3.212, 40.930
 69840, 439.542,  3.577, 42.385
 69900, 485.285,  4.030, 43.773
 69960, 464.373,  2.328, 46.053
 70020, 461.322,  4.089, 42.212
 70080, 448.542,  3.756, 42.741
 70140, 434.748,  3.314, 44.386
 70200, 440.982,  3.170, 40.986
 70260, 423.684,  2.939, 40.653
 70320, 405.171,  3.728, 38.137
 70380, 449.157,  3.498, 46.995
 70440, 450.822,  3.729, 43.479
 70500, 485.024,  2.765, 45.544
 70560, 478.396,  3.512, 47.756
 70620, 518.185,  4.409, 49.895
 70680, 510.345,  2.690, 46.550
 70740, 527.787,  3.728, 47.154
 70800, 573.208,  3.235, 53.345
 70860, 540.951,  3.662, 46.839
 70920, 548.628,  3.022, 51.588
 70980, 546.586,  3.498, 52.190
 71040, 558.909,  5.037, 52.573
 71100, 568.424,  4.112, 53.295
 71160, 606.818,  3.314, 57.000
 71220, 650.134,  3.112, 57.501
 71280, 656.030,  3.617, 59.825
 71340, 661.874,  3.509, 60.570
 71400, 770.796,  4.454, 67.525
 71460, 769.606,  3.730, 65.492
 71520, 756.220,  3.034, 65.750
 71580, 737.199,  4.951, 64.858
 71640, 653.094,  3.564, 63.562
 71700, 614.762,  4.423, 57.095
 71760, 605.879,  5.290, 55.625
 71820, 640.478,  3.470, 57.351
 71880, 695.177,  4.095, 63.246
 71940, 697.991,  4.747, 61.198
 72000, 722.367,  3.139, 63.447
 72060, 765.804,  3.777, 67.978
 72120, 779.379,  3.921, 66.359
 72180, -9999.000, -9999.000, -9999.000
 72240, 646.829,  3.662, 59.273
 72300, 638.907,  2.346, 56.266
 72360, 655.560,  3.828, 60.121
 72420, 572.296,  3.361, 53.898
 72480, 520.750,  2.894, 48.976
 72540, 494.260,  3.443, 47.038
 72600, 479.960,  3.761, 47.176
 72660, 489.413,  3.558, 50.157
 72720, 567.044,  4.752, 53.268
 72780, 586.394,  4.063, 52.782
 72840, 564.502,  3.436, 51.682
 72900, 555.954,  3.484, 48.273
 72960, 552.703,  3.641, 51.241
 73020, 553.130,  5.012, 52.374
 73080, 548.591,  3.747, 48.203
 73140, 561.094,  4.407, 50.385
 73200, 555.352,  3.128, 51.947
 73260, 590.518,  2.992, 47.155
 73320, 586.796,  2.528, 49.391
 73380, 569.481,  3.374, 49.597
 73440, 551.100,  2.851, 50.648
 73500, 541.811,  3.623, 47.406
 73560, 526.180,  4.299, 46.461
 73620, 506.384,  2.604, 44.229
 73680, 510.465,  3.479, 45.943
 73740, 528.132,  2.450, 49.974
 73800, 538.386,  3.452, 45.608
 73860, 530.739,  3.561, 49.158
 73920, 552.829,  3.837, 47.646
 73980, 550.025,  4.198, 47.680
 74040, -9999.000, -9999.000, -9999.000
 74100, 525.089,  2.905, 44.909
 74160, 518.733,  3.824, 47.105
 74220, 487.797,  3.834, 44.981
 74280, 490.228,  3.578, 45.138
 74340, 475.029,  4.162, 41.698
 74400, 467.107,  1.688, 44.482
 74460, 476.496,  3.165, 42.219
 74520, 472.296,  3.348, 41.047
 74580, 473.753,  2.705, 41.208
 74640, 480.315,  3.776, 42.811
 74700, 470.087,  3.213, 41.510
 74760, 457.062,  2.673, 43.729
 74820, 449.989,  2.969, 40.380
 74880, 476.825,  4.104, 45.551
 74940, 492.037,  2.549, 43.251
 75000, 478.380,  3.765, 43.713
 75060, 481.790,  2.326, 44.154
 75120, 483.411,  2.072, 43.106
 75180, 459.608,  2.725, 43.595
 75240, 446.547,  3.188, 41.812
 75300, 483.858,  3.835, 42.388
 75360, 479.365,  3.156, 46.943
 75420, 452.025,  2.359, 42.250
 75480, 452.085,  4.334, 44.594
 75540, 441.021,  3.927, 44.343
 75600, 429.626,  2.357, 41.450
 75660, 422.147,  1.941, 41.840
 75720, 421.968,  3.213, 42.297
 75780, 402.224,  4.317, 42.512
 75840, 397.849,  2.981, 44.812
 75900, -9999.000, -9999.000, -9999.000
 75960, 427.318,  4.416, 41.459
 76020, 430.438,  3.037, 41.227
 76080, 420.430,  3.180, 39.141
 76140, 420.866,  3.815, 40.541
 76200, 415.051,  2.944, 42.792
 76260, 410.736,  2.923, 36.629
 76320, 408.543,  2.932, 37.639
 76380, 418.016,  2.159, 40.308
 76440, 412.369,  2.748, 45.058
 76500, 413.789,  3.506, 39.412
 76560, 415.350,  2.133, 39.339
 76620, 417.398,  3.422, 36.912
 76680, 423.596,  3.253, 40.446
 76740, 399.987,  2.221, 37.699
 76800, 377.583,  2.845, 34.533
 76860, 386.332,  2.384, 36.710
 76920, 403.533,  3.522, 38.199
 76980, 389.565,  3.081, 35.006
 77040, 374.253,  4.620, 35.613
 77100, 362.515,  4.031, 34.304
 77160, 349.977,  2.936, 34.712
 77220, 334.858,  3.705, 28.293
 77280, 327.804,  2.372, 32.084
 77340, 354.953,  2.744, 33.333
 77400, 355.073,  3.248, 32.492
 77460, 350.743,  3.969, 32.702
 77520, 346.127,  3.773, 34.377
 77580, 352.210,  2.345, 30.151
 77640, 332.696,  3.518, 29.703
 77700, 328.638,  2.529, 32.184
 77760, 328.272,  3.300, 35.038
 77820, 444.290,  2.296, 41.455
