CampaignData_and_Merges/R0/CSL_MobileLab_Parked/raw/20240811/USOS-NOAAIodideCIMS-OrgNitrs_MobileLabGround_20240811_RA.ict
37, 1001
Michael A Robinson, Chris Jernigan, Subi Thakali
NOAA ESRL Chemical Sciences Laboratory and CIRES, U. of Colorado
NOAA Iodide CIMS Instrument
USOS
1, 1
2024, 08, 11, 2024, 08, 13
1
starttime_UTC, seconds_past_midnight, seconds_of_day_since_00:00:00_UTC
5
1, 1, 1, 1, 1
-9999, -9999, -9999, -9999, -9999
C4H7NO5_NOAACIMS, pptv, Gas_C4H7NO5_InSitu_S_AVMR, 
ISOPN_NOAACIMS, pptv, Gas_ISOPN_InSitu_S_AVMR, 
C5H10O3_NOAACIMS, pptv, Gas_C5H10O3_InSitu_S_AVMR, 
C5H9NO5_NOAACIMS, pptv, Gas_C5H9NO5_InSitu_S_AVMR, 
C10H17NO4_NOAACIMS, pptv, Gas_C10H17NO4_InSitu_S_AVMR, 
0
18
PI_CONTACT_INFO: 325 Broadway, R/CSD 7, Boulder, Colorado 80305; michael.a.robinson@noaa.gov; chris.jernigan@noaa.gov;
PLATFORM: NOAA CSL Mobile Lab
LOCATION: SLC, Utah
ASSOCIATED_DATA: 1Hz data also available on request.
INSTRUMENT_INFO: NOAA I- ToF CIMS
DATA_INFO: All data in parts per trillion by volume (pptv). 1 Hz data is available upon request.
UNCERTAINTY: TBD
ULOD_FLAG: -7777
ULOD_VALUE: N/A
LLOD_FLAG: -8888
LLOD_VALUE: N/A
DM_CONTACT_INFO: Nathan Howard; nathan.h.howard@noaa.gov
PROJECT_INFO: USOS, summer 2024. https://csl.noaa.gov/groups/csl7/measurements/2024usos/
STIPULATIONS_ON_USE: Users are strongly encouraged to contact the PI for proper data usage.
OTHER_COMMENTS: 
REVISION: RA
RA: Preliminary Data; For in-field use only
starttime_UTC, C4H7NO5_NOAACIMS, ISOPN_NOAACIMS, C5H10O3_NOAACIMS, C5H9NO5_NOAACIMS, C10H17NO4_NOAACIMS
[from data line 1334]
 80040,  5.847,  8.651, 66.077,  4.286,  0.123
 80100,  5.822,  8.989, 67.388,  4.314,  0.114
 80160,  5.770,  8.770, 66.012,  4.045,  0.129
 80220,  5.572,  8.722, 64.591,  4.226,  0.082
 80280,  5.299,  8.960, 64.208,  4.066,  0.134
 80340,  5.108,  9.597, 62.509,  4.046,  0.117
 80400,  4.898,  9.830, 63.133,  4.026,  0.130
 80460,  4.665,  9.943, 60.817,  4.042,  0.072
 80520,  4.524,  9.955, 59.413,  3.625,  0.138
 80580,  4.216,  8.860, 56.116,  3.786,  0.100
 80640,  4.257,  8.578, 55.507,  3.722,  0.093
 80700,  4.206,  8.554, 54.750,  3.931,  0.084
 80760,  4.298,  8.422, 52.608,  3.718,  0.166
 80820,  4.174,  7.702, 52.292,  3.791,  0.086
 80880,  4.124,  7.605, 50.692,  3.722,  0.098
 80940,  4.174,  8.095, 50.862,  3.687,  0.130
 81000,  4.331,  7.407, 49.456,  3.855,  0.024
 81060,  4.303,  8.263, 51.238,  4.034,  0.121
 81120,  4.247,  7.801, 49.455,  3.845,  0.052
 81180,  4.143,  7.368, 49.557,  3.738,  0.092
 81240,  4.139,  7.097, 47.405,  3.737,  0.043
 81300,  4.088,  7.185, 47.603,  3.730,  0.029
 81360,  4.005,  7.731, 46.277,  3.768, -0.029
 81420,  4.103,  7.711, 47.696,  2.827, -0.065
 81480,  4.177,  6.722, 40.906,  3.872,  0.077
 81540,  4.367,  7.015, 42.540,  3.930,  0.051
 81600,  4.377,  7.406, 42.303,  4.080,  0.118
 81660,  4.657,  7.514, 44.567,  4.106,  0.096
 81720,  4.947,  7.649, 44.104,  4.193,  0.119
 81780,  4.776,  7.815, 45.302,  4.131,  0.087
 81840,  4.620,  8.207, 43.260,  4.144,  0.175
 81900,  4.651,  7.920, 42.677,  4.017,  0.106
 81960,  4.644,  8.816, 43.100,  4.110,  0.132
 82020,  4.710,  9.936, 45.360,  4.368,  0.205
 82080,  4.774, 10.067, 44.708,  4.140,  0.190
 82140,  4.855,  9.073, 44.189,  4.197,  0.202
 82200,  4.905,  9.265, 45.986,  4.345,  0.137
 82260,  4.967,  9.151, 46.222,  4.220,  0.220
 82320,  5.001,  9.000, 44.484,  4.408,  0.196
 82380,  5.087,  9.355, 46.655,  4.411,  0.240
 82440,  5.028,  9.870, 45.748,  4.279,  0.186
 82500,  4.930,  9.658, 45.908,  4.543,  0.236
 82560,  4.977,  9.470, 47.350,  4.194,  0.219
 82620,  5.037,  9.321, 46.148,  4.395,  0.227
 82680,  5.036,  9.432, 46.920,  4.466,  0.239
 82740,  5.197,  9.358, 48.300,  4.536,  0.234
 82800,  5.166,  9.755, 46.988,  4.365,  0.317
 82860,  5.146,  9.454, 44.341,  4.377,  0.297
 82920,  5.137,  9.436, 47.405,  4.451,  0.219
 82980,  5.116,  9.664, 46.798,  4.406,  0.290
 83040,  4.936, 10.791, 47.557,  4.300,  0.257
 83100,  5.160,  9.597, 45.873,  4.295,  0.288
 83160,  4.969, 10.996, 48.610,  4.327,  0.367
 83220,  4.840, 10.406, 48.640,  4.620,  0.269
 83280, -9999.000, -9999.000, -9999.000, -9999.000, -9999.000
 83340,  4.651,  9.272, 41.215,  4.192,  0.252
 83400,  4.866, 10.009, 44.541,  4.400,  0.315
 83460,  4.975,  8.565, 44.072,  4.224,  0.325
 83520,  5.180,  8.346, 42.328,  4.095,  0.240
 83580,  5.204,  8.242, 44.851,  4.456,  0.262
 83640,  5.220,  7.885, 45.207,  4.136,  0.224
 83700,  5.366,  7.118, 43.668,  4.278,  0.256
 83760,  5.417,  6.930, 41.793,  4.278,  0.248
 83820,  5.338,  7.201, 42.377,  4.309,  0.190
 83880,  5.267,  7.367, 44.202,  4.172,  0.226
 83940,  5.012,  7.381, 43.766,  4.055,  0.208
 84000,  4.995,  7.928, 47.073,  3.897,  0.213
 84060,  5.197,  7.172, 45.859,  3.943,  0.178
 84120,  5.374,  7.342, 44.936,  3.848,  0.155
 84180,  5.495,  6.941, 46.201,  4.075,  0.151
 84240,  5.634,  6.846, 43.917,  4.432,  0.197
 84300,  5.866,  6.684, 43.471,  4.677,  0.206
 84360,  5.882,  6.655, 41.132,  4.545,  0.121
 84420,  5.714,  7.225, 42.191,  4.463,  0.176
 84480,  5.787,  6.726, 43.087,  4.484,  0.142
 84540,  5.905,  6.792, 42.678,  4.502,  0.136
 84600,  5.938,  6.443, 43.358,  4.518,  0.162
 84660,  5.856,  6.745, 43.359,  4.727,  0.122
 84720,  5.976,  7.021, 42.826,  4.571,  0.196
 84780,  6.233,  7.248, 41.805,  4.769,  0.158
 84840,  6.361,  7.187, 39.849,  4.766,  0.163
 84900,  6.444,  7.401, 40.312,  4.630,  0.166
 84960,  6.216,  7.199, 41.944,  4.878,  0.178
 85020,  6.332,  7.354, 40.669,  4.727,  0.134
 85080,  6.528,  7.338, 41.820,  4.795,  0.158
 85140,  6.430,  6.939, 38.352,  4.284, -0.161
 85200,  6.051,  6.572, 38.465,  4.780,  0.105
 85260,  6.145,  7.299, 38.987,  4.817,  0.166
 85320,  6.135,  7.010, 38.125,  4.620,  0.118
 85380,  6.204,  7.083, 39.378,  4.564,  0.163
 85440,  6.238,  7.763, 39.907,  4.704,  0.176
 85500,  6.217,  7.808, 39.914,  4.845,  0.155
 85560,  6.293,  8.492, 39.863,  4.719,  0.169
 85620,  6.401,  9.070, 41.087,  4.906,  0.182
 85680,  6.324,  7.609, 39.589,  4.717,  0.221
 85740,  6.342,  6.474, 37.710,  4.679,  0.172
 85800,  6.375,  6.650, 36.492,  4.682,  0.152
 85860,  6.509,  6.452, 37.229,  4.803,  0.170
 85920,  6.346,  6.920, 37.098,  4.831,  0.153
 85980,  6.377,  6.599, 36.533,  4.656,  0.118
 86040,  6.335,  6.839, 37.557,  4.646,  0.141
 86100,  6.342,  6.836, 36.955,  4.767,  0.183
 86160,  6.466,  7.411, 37.309,  4.553,  0.181
 86220,  6.391,  7.500, 38.617,  4.768,  0.160
 86280,  6.363,  7.358, 39.390,  4.675,  0.196
 86340,  6.484,  7.844, 38.879,  4.981,  0.204
