CampaignData_and_Merges/R0/CSL_MobileLab_Parked/raw/20240811/USOS-POPS_MobileLabGround_20240811_R0.ict
78, 1001
Thornberry, T. D.
NOAA Chemical Sciences Laboratory
Portable Optical Particle Spectrometer (POPS)
USOS
1, 1
2024, 08, 11, 2025, 05, 08
60
Time_Start, seconds_past_midnight, Start time of measurement
45
1, 1, 1, 1, 1, 1, 1, 1, 1, 1, 1, 1, 1, 1, 1, 1, 1, 1, 1, 1, 1, 1, 1, 1, 1, 1, 1, 1, 1, 1, 1, 1, 1, 1, 1, 1, 1, 1, 1, 1, 1, 1, 1, 1, 1
-9999, -9999, -9999, -9999, -9999, -9999, -9999, -9999, -9999, -9999, -9999, -9999, -9999, -9999, -9999, -9999, -9999, -9999, -9999, -9999, -9999, -9999, -9999, -9999, -9999, -9999, -9999, -9999, -9999, -9999, -9999, -9999, -9999, -9999, -9999, -9999, -9999, -9999, -9999, -9999, -9999, -9999, -9999, -9999, -9999
Time_Stop, seconds_past_midnight, Stop time of measurement
Time_Mid, seconds_past_midnight, Mid time of measurement
Press_mb, mb, Pressure reported (mb)
Temp_C, degrees C, POPS temperature measurement
Aerosol_concentration, cm^-3, Aerosol concentration
Surface_Area_Conc, um^2 cm^-3, Surface area concentration
Volume_density, um^3 cm^-3, Volume density
Effective_radius, um, Effective radius
Extinction, km^-1, Extinction
Bin01, cm^-3, particle concentration in size range [1401 - 146.3 nm]
Bin02, cm^-3, particle concentration in size range [146.3 - 152.8 nm]
Bin03, cm^-3, particle concentration in size range [152.8 - 159.6 nm]
Bin04, cm^-3, particle concentration in size range [159.6 - 166.8 nm]
Bin05, cm^-3, particle concentration in size range [166.8 - 174.2 nm]
Bin06, cm^-3, particle concentration in size range [174.2 - 181.9 nm]
Bin07, cm^-3, particle concentration in size range [181.9 - 190.0 nm]
Bin08, cm^-3, particle concentration in size range [190.0 - 198.5 nm]
Bin09, cm^-3, particle concentration in size range [198.5 - 207.4 nm]
Bin10, cm^-3, particle concentration in size range [207.4 - 216.6 nm]
Bin11, cm^-3, particle concentration in size range [216.6 - 226.2 nm]
Bin12, cm^-3, particle concentration in size range [226.2 - 236.3 nm]
Bin13, cm^-3, particle concentration in size range [236.3 - 246.8 nm]
Bin14, cm^-3, particle concentration in size range [246.8 - 257.8 nm]
Bin15, cm^-3, particle concentration in size range [257.8 - 269.3 nm]
Bin16, cm^-3, particle concentration in size range [269.3 - 343.4 nm]
Bin17, cm^-3, particle concentration in size range [343.4 - 450.7 nm]
Bin18, cm^-3, particle concentration in size range [450.7 - 525.9 nm]
Bin19, cm^-3, particle concentration in size range [525.9 - 618.5 nm]
Bin20, cm^-3, particle concentration in size range [618.5 - 710.0 nm]
Bin21, cm^-3, particle concentration in size range [710.0 - 822.7 nm]
Bin22, cm^-3, particle concentration in size range [822.7 - 885.9 nm]
Bin23, cm^-3, particle concentration in size range [885.9 - 953.9 nm]
Bin24, cm^-3, particle concentration in size range [953.9 - 1027.2 nm]
Bin25, cm^-3, particle concentration in size range [1027.2 - 1106.1 nm]
Bin26, cm^-3, particle concentration in size range [1106.1 - 1191.0 nm]
Bin27, cm^-3, particle concentration in size range [1191.0 - 1282.5 nm]
Bin28, cm^-3, particle concentration in size range [1282.5 - 1381.0 nm]
Bin29, cm^-3, particle concentration in size range [1381.0 - 1487.1 nm]
Bin30, cm^-3, particle concentration in size range [1487.1 - 1601.3 nm]
Bin31, cm^-3, particle concentration in size range [1601.3 - 1724.3 nm]
[...]
PLATFORM: NOAA CSL Mobile Lab
LOCATION: USOS
ASSOCIATED_DATA: N/A
INSTRUMENT_INFO: Printed Optical Particle Spectrometer counts particles from 140 - 2500 nm in diameter 
DATA_INFO: Particle concentrations reported in number per cubic centimeter,1 Hz data
UNCERTAINTY: Counting uncertainty dominated by air flow, less than 5 percent. Measurement range is ~0 - 3000 per cm3 (varies depending on flow rate- manufacturer quotes 1250 per cm3 at 1.667 cc/s)
ULOD_FLAG: -7777
ULOD_VALUE: N/A
LLOD_FLAG: -8888
LLOD_VALUE: N/A
DM_CONTACT_INFO: Troy Thornberry, 325 Broadway R/CSL6, Boulder, CO 80305; troy.thornberry@noaa.gov; 303-497-3373
PROJECT_INFO: USOS, Utah POPS data from NOAA CSL Mobile Lab
STIPULATIONS_ON_USE: Please contact the PIs for questions regarding applications and uncertainties
OTHER_COMMENTS: POPS bin Edges (nm):  140.1, 146.3, 152.8, 159.6, 166.8, 174.2, 181.9, 190.0, 198.5, 207.4, 216.6, 226.2, 236.3, 246.8, 257.8, 269.3, 343.4, 450.7, 525.9, 618.5, 710.0, 822.7, 885.9, 953.9, 1027.2, 1106.1, 1191.0, 1282.5, 1381.0, 1487.1, 1601.3, 1724.3, 1856.7, 1999.3, 2152.8, 2318.2, 2496.2
Calculations assume organic aerosol refractive index of 1.52+0.00j and extinction wavelength = 532 nm
REVISION: R0
R0: Final data
Time_Start, Time_Stop, Time_Mid, Press_mb, Temp_C, Aerosol_concentration, Surface_Area_Conc, Volume_density, Effective_radius, Extinction, Bin01, Bin02, Bin03, Bin04, Bin05, Bin06, Bin07, Bin08, Bin09, Bin10, Bin11, Bin12, Bin13, Bin14, Bin15, Bin16, Bin17, Bin18, Bin19, Bin20, Bin21, Bin22, Bin23, Bin24, Bin25, Bin26, Bin27, Bin28, Bin29, Bin30, Bin31, Bin32, Bin33, Bin34, Bin35, Bin36
[from data line 396]
23760,23819,23790,869.775,32.292,360.827,56.287,3.072,0.162,0.014,27.579556,26.848520,26.318333,25.276340,24.622078,23.305698,22.096130,20.856913,18.842716,18.082788,17.466322,17.311947,17.197332,15.503836,12.585595,36.269146,7.652274,1.788015,0.566516,0.133158,0.089049,0.099988,0.027893,0.044771,0.033234,0.022450,0.011360,0.033359,0.016972,0.022270,0.039607,0.022224,0.016706,0.005519,0.005519,0.033343
23820,23879,23850,869.768,32.338,365.421,55.374,2.634,0.142,0.013,28.438828,27.211702,27.054951,25.532797,25.459452,23.160229,22.233648,21.276011,19.797235,18.331274,17.652849,17.850929,16.857613,15.258063,12.312722,36.768307,7.634527,1.562652,0.577775,0.132682,0.055296,0.038804,0.044096,0.027817,0.005631,0.011076,0.022189,0.027910,0.016779,0.011378,0.027565,0.000000,0.000000,0.010929,0.011111,0.005612
23880,23939,23910,869.759,32.448,370.899,56.603,2.874,0.151,0.014,28.958279,27.535501,26.763136,26.530378,25.717937,24.302670,22.556219,21.947224,19.773426,18.788506,17.817495,17.450987,16.773573,15.256347,12.697756,37.506828,7.801775,1.652731,0.579061,0.110881,0.089560,0.038744,0.033120,0.022482,0.011038,0.016799,0.016785,0.016649,0.016485,0.016485,0.044254,0.028405,0.005482,0.011243,0.000000,0.011057
23940,23999,23970,869.776,32.512,367.121,56.374,3.032,0.160,0.014,27.972692,27.414082,26.576294,27.071804,24.425810,23.759924,22.356274,21.001043,19.824800,18.451784,17.416176,17.868832,16.678211,16.239016,12.886568,36.863899,7.686886,1.628458,0.524231,0.095110,0.100074,0.044264,0.005556,0.005593,0.022322,0.016703,0.022372,0.011065,0.005612,0.016575,0.033711,0.050096,0.011111,0.011243,0.000000,0.022492
24000,24059,24030,869.800,32.472,365.946,56.414,2.950,0.155,0.014,28.234222,27.613993,27.277105,25.719431,25.000441,24.192518,21.914125,21.842558,19.532570,18.210602,17.321854,17.222218,16.401978,15.697343,12.773394,36.087620,7.949585,1.787764,0.624934,0.082808,0.088532,0.072092,0.027617,0.033418,0.010859,0.016648,0.038674,0.022353,0.028040,0.010966,0.037757,0.016802,0.022099,0.010862,0.005631,0.016548
24060,24119,24090,869.808,32.401,365.544,56.322,2.943,0.155,0.014,28.693476,27.777987,26.747957,26.111620,24.994701,23.840727,22.269686,20.621317,19.206188,18.579163,17.509186,17.130606,16.460812,15.622802,12.218101,37.283722,7.703702,1.551769,0.627071,0.116311,0.105705,0.061492,0.038917,0.033187,0.033041,0.028003,0.005593,0.016779,0.033391,0.016360,0.033245,0.016484,0.022134,0.005574,0.010965,0.016395
24120,24179,24150,869.815,32.285,362.928,56.086,2.861,0.151,0.014,28.096447,27.209194,26.421045,26.147791,24.898615,23.737030,22.139587,20.801788,18.846024,17.963320,17.655954,17.532103,16.562824,15.488519,12.112321,36.625645,7.635009,1.784544,0.648269,0.111269,0.099997,0.055449,0.054968,0.050080,0.033243,0.027946,0.027761,0.039057,0.027893,0.016542,0.033334,0.000000,0.005556,0.011058,0.010935,0.016797
24180,24239,24210,869.826,32.369,361.510,54.890,2.713,0.147,0.013,27.749481,27.934805,26.505999,25.863096,25.265335,22.745754,21.884329,20.378757,19.137907,18.424051,17.948507,17.110399,17.071636,15.362510,12.465464,35.471107,7.554787,1.647704,0.599214,0.056241,0.055969,0.045259,0.017355,0.022604,0.022433,0.016992,0.005650,0.022433,0.022619,0.016952,0.039307,0.016933,0.005688,0.011133,0.011377,0.000000
24240,24299,24270,869.831,32.539,368.368,56.272,2.846,0.150,0.014,27.540804,28.147522,26.545570,26.987650,25.325628,24.094164,22.761524,20.826948,19.386877,18.708376,18.021206,17.182962,16.635660,16.079063,12.825901,36.689640,7.917341,1.644471,0.534987,0.111306,0.116446,0.039106,0.044616,0.021718,0.011186,0.027992,0.016293,0.000000,0.016687,0.022297,0.016614,0.022302,0.011074,0.011130,0.016875,0.005727
24300,24359,24330,869.840,32.617,365.952,56.433,2.971,0.156,0.014,29.000862,27.692499,26.227869,25.971838,25.566072,23.538046,22.124731,20.796139,19.531561,18.169107,17.283478,17.435614,17.073627,15.366016,12.660716,36.902393,7.687098,1.886078,0.465424,0.133190,0.094252,0.061332,0.050248,0.033770,0.011300,0.016542,0.011111,0.011261,0.022139,0.038952,0.011023,0.010684,0.016913,0.005537,0.011112,0.033420
24360,24419,24390,869.829,32.610,373.334,60.631,3.846,0.187,0.016,28.767313,27.703917,27.095482,26.712269,25.831696,24.829506,22.858576,21.210289,19.248684,18.000603,18.102816,17.181444,17.140156,15.527583,13.111695,38.466469,7.891835,1.812022,0.737503,0.172064,0.160340,0.093587,0.088765,0.044771,0.055599,0.060796,0.038584,0.067031,0.071937,0.027686,0.060970,0.038930,0.038896,0.027435,0.028255,0.027946
24420,24479,24450,869.825,32.550,370.617,58.427,3.407,0.172,0.015,29.377665,28.354881,26.421984,26.366774,25.687027,23.459867,22.063208,21.388491,19.698973,18.794559,17.898283,17.638474,16.843382,15.602374,12.605124,37.435467,7.753153,1.694371,0.636689,0.185662,0.147003,0.084200,0.056748,0.056268,0.045240,0.017101,0.056583,0.022572,0.033716,0.039185,0.016949,0.050890,0.022526,0.039333,0.016856,0.005612
24480,24539,24510,869.834,32.509,368.055,56.659,2.943,0.154,0.014,28.375006,27.441320,26.454515,26.421690,25.766697,24.222258,22.288624,21.189013,19.575212,18.379002,17.651758,17.451881,16.630533,15.636635,13.014548,36.891846,7.681767,1.750860,0.613140,0.150644,0.106038,0.055462,0.050254,0.028002,0.049994,0.011111,0.005556,0.022372,0.016856,0.039267,0.011111,0.027873,0.016837,0.010949,0.005556,0.011205
24540,24599,24570,869.841,32.492,363.349,55.606,2.746,0.147,0.014,28.461533,27.362907,26.039486,25.817713,24.002020,23.863493,22.272966,21.332161,19.807070,17.918283,17.077452,17.406713,16.896753,15.632729,12.551921,36.171036,7.795153,1.756888,0.621472,0.144229,0.072418,0.088597,0.050162,0.028125,0.022319,0.022168,0.005688,0.022319,0.033121,0.011365,0.027608,0.016539,0.000000,0.000000,0.005574,0.011458
24600,24659,24630,869.843,32.418,364.441,56.024,2.845,0.151,0.014,27.866795,27.731314,25.900669,25.884983,25.038542,23.305565,22.754702,20.846392,19.248421,18.437986,17.734150,17.406065,16.526421,15.107515,12.984161,37.280537,7.642966,1.616872,0.604711,0.110778,0.077834,0.044563,0.034195,0.045014,0.016576,0.027558,0.027572,0.016412,0.016685,0.016932,0.033065,0.010950,0.016379,0.000000,0.011205,0.016705
24660,24719,24690,869.870,32.582,362.148,56.444,3.175,0.166,0.014,28.376369,27.538059,25.945366,24.791414,25.074591,23.943754,21.756290,21.085371,19.926908,18.221323,17.336964,17.212118,16.469362,15.621063,12.311060,36.101917,7.434635,1.757483,0.560153,0.138485,0.116108,0.061127,0.027583,0.033459,0.022280,0.038960,0.016862,0.022169,0.028079,0.028119,0.038673,0.039426,0.022422,0.011111,0.038753,0.000000
24720,24779,24750,869.888,32.772,363.527,56.348,2.953,0.156,0.014,28.012917,27.077801,26.045818,25.959326,24.892878,23.380194,22.106552,20.888308,19.316191,18.519434,17.969116,17.545824,16.814133,15.774217,12.337096,36.051903,7.944541,1.726213,0.590520,0.105600,0.106112,0.022187,0.016503,0.061285,0.017105,0.039137,0.005631,0.033577,0.033320,0.016520,0.061072,0.005593,0.011024,0.005631,0.016448,0.017211
24780,24839,24810,869.900,32.701,364.262,55.985,2.864,0.152,0.014,28.331030,27.555635,26.525312,26.054922,24.803112,23.328835,22.254986,20.414814,19.412420,18.268997,17.211443,17.697033,17.142778,15.462075,13.067591,36.168896,7.829541,1.539671,0.647385,0.111226,0.133579,0.049880,0.022113,0.027746,0.016616,0.027726,0.022526,0.016542,0.005556,0.011284,0.039137,0.005464,0.000000,0.022243,0.016713,0.016704
24840,24899,24870,869.905,32.614,364.788,56.497,2.987,0.156,0.014,27.971556,27.536697,26.031696,26.456247,24.840057,24.450142,22.194937,20.419758,19.587242,18.330809,17.181664,17.281946,16.526749,16.275099,12.851003,36.328880,7.626542,1.531462,0.704841,0.126047,0.111078,0.067401,0.038734,0.067036,0.016617,0.027508,0.033558,0.010718,0.022438,0.039384,0.033327,0.016524,0.011020,0.005612,0.022274,0.011056
24900,24959,24930,869.901,32.422,365.779,56.654,3.134,0.164,0.014,28.084806,27.588064,27.006563,25.871553,25.401075,24.128071,22.552151,20.403585,20.192404,17.970818,17.321060,17.053234,16.848698,15.762090,12.489656,36.620762,7.752180,1.552871,0.614408,0.115566,0.038793,0.038587,0.027674,0.033158,0.044433,0.033067,0.028027,0.022391,0.022317,0.021989,0.044368,0.038734,0.011149,0.005612,0.022302,0.016654
24960,25019,24990,869.896,32.352,364.664,56.199,2.981,0.157,0.014,29.039618,27.196928,26.575729,24.969070,25.010210,23.571539,22.628616,20.908497,19.607466,18.332363,17.409744,17.822344,16.880983,15.758825,12.645736,36.122166,7.430109,1.612034,0.543207,0.083024,0.071750,0.061069,0.055415,0.049734,0.033106,0.038437,0.044264,0.011168,0.028033,0.028136,0.027874,0.022228,0.005501,0.005429,0.010984,0.022362
25020,25079,25050,869.882,32.546,371.161,60.117,3.739,0.182,0.016,29.032436,28.067486,26.478546,26.970821,25.044825,23.985107,22.145149,21.324780,19.980368,18.742319,17.504232,17.527082,17.125654,15.498205,12.694622,37.418339,7.936616,1.842324,0.735418,0.193818,0.126667,0.105179,0.066454,0.038628,0.116454,0.043721,0.038455,0.066199,0.049833,0.039228,0.083628,0.028097,0.038731,0.027455,0.022279,0.022224
25080,25139,25110,869.919,32.699,365.202,56.898,3.169,0.164,0.015,29.084066,27.138687,26.227158,26.310032,24.929865,23.602655,21.768190,20.930357,19.556992,18.542231,17.662500,17.614256,16.637924,15.419189,12.909254,36.367332,7.522805,1.641800,0.642905,0.116154,0.111473,0.049905,0.061484,0.049694,0.027583,0.033223,0.022000,0.033137,0.027797,0.039219,0.021931,0.033551,0.027951,0.005593,0.011319,0.022193
25140,25199,25170,869.920,32.759,366.296,57.878,3.218,0.165,0.015,28.672014,27.552990,26.257074,25.802317,24.815145,23.563013,21.968122,21.387079,19.046089,18.558359,16.864639,17.075754,16.585093,16.157509,13.088660,37.990307,7.761905,1.678345,0.636922,0.176808,0.105541,0.050416,0.088440,0.027315,0.038969,0.033194,0.039040,0.060880,0.032893,0.066137,0.043428,0.016798,0.021870,0.005556,0.005519,0.021864
25200,25259,25230,869.917,32.695,369.701,59.439,3.702,0.184,0.016,29.044344,27.823517,26.252840,26.220175,25.384974,23.807329,22.919706,21.198025,20.093056,17.898397,17.420591,17.404882,16.963316,15.607106,12.749029,37.524170,7.813647,1.922720,0.741948,0.149597,0.150692,0.066956,0.077608,0.049629,0.038966,0.027785,0.027655,0.038731,0.027817,0.038877,0.044655,0.033372,0.039213,0.027483,0.044182,0.027807
25260,25319,25290,869.917,32.548,373.062,59.326,3.516,0.174,0.016,28.345329,28.229784,27.361441,26.564764,25.910906,24.304655,22.770752,21.278454,20.285618,18.605417,17.044960,17.789209,16.982243,15.872368,12.788778,37.474281,8.162657,1.654246,0.739177,0.161521,0.143910,0.066754,0.044319,0.056007,0.028185,0.039365,0.061844,0.038860,0.033452,0.039075,0.071908,0.033804,0.011001,0.027930,0.011038,0.028046
25320,25379,25350,869.943,32.422,380.457,59.733,3.411,0.169,0.015,30.497433,29.184826,28.049114,27.477331,25.359467,24.475681,22.158049,21.777712,20.595530,18.429325,17.884361,18.411158,17.244413,16.613396,13.258063,37.989460,7.910614,1.575023,0.747100,0.182560,0.082607,0.061050,0.061218,0.050009,0.044145,0.033010,0.038715,0.049832,0.028027,0.038991,0.043970,0.022040,0.022249,0.011057,0.016307,0.032987
25380,25439,25410,869.948,32.379,386.037,60.686,3.447,0.167,0.016,30.339907,29.056194,27.750128,27.867445,26.853334,25.358255,23.237156,22.022121,20.442657,18.688000,17.575371,18.769762,17.571871,16.763617,13.717221,38.398315,8.396035,1.774478,0.666603,0.122385,0.127570,0.071628,0.055702,0.033287,0.044664,0.027793,0.061037,0.022233,0.016611,0.055199,0.038542,0.022413,0.027818,0.022224,0.011245,0.028194
25440,25499,25470,869.975,32.550,391.555,60.857,3.274,0.160,0.016,31.390991,30.092651,28.692106,28.020468,26.636127,25.010000,23.357172,23.098042,21.035324,19.429516,18.730066,17.949677,17.735394,16.598162,13.025153,39.005928,8.398528,1.692078,0.912606,0.178612,0.077471,0.066462,0.061083,0.050147,0.033181,0.016505,0.038318,0.033767,0.044781,0.033178,0.027729,0.016728,0.022409,0.011186,0.022122,0.011076
25500,25559,25530,869.989,32.563,401.191,61.972,3.293,0.158,0.016,32.658344,30.752981,29.054510,29.525742,27.690836,26.115107,24.113825,22.509542,21.496510,19.741013,18.976965,18.717791,17.736053,16.588234,14.021691,39.656731,8.521728,1.882961,0.732191,0.135465,0.089897,0.051139,0.072915,0.022794,0.039533,0.028157,0.011066,0.028086,0.051060,0.055803,0.050651,0.016620,0.005612,0.016989,0.005467,0.016894
25560,25619,25590,870.029,32.500,418.382,65.025,3.529,0.161,0.017,34.281845,31.914524,30.967493,29.927759,28.856703,27.239542,25.299633,23.612328,21.861807,20.443607,19.914957,19.124693,18.904861,17.307983,14.023766,42.238415,8.749749,1.973034,0.886169,0.161284,0.151785,0.072129,0.066789,0.067075,0.067121,0.027859,0.033654,0.027930,0.005593,0.032950,0.049718,0.028062,0.022466,0.005464,0.011186,0.022026
25620,25679,25650,870.023,32.358,427.883,66.581,3.611,0.161,0.017,35.467186,32.662739,31.775415,30.656073,28.867010,27.353794,25.476696,24.148653,22.926315,20.731844,20.173359,19.858950,19.696957,17.869135,14.779662,42.476700,9.065505,2.147165,0.926994,0.199159,0.105691,0.022429,0.038820,0.094639,0.055785,0.061488,0.044683,0.011188,0.028192,0.021869,0.033374,0.022188,0.033694,0.016255,0.016838,0.016313
25680,25739,25710,870.044,32.318,433.415,67.931,3.812,0.166,0.018,34.559830,34.181866,32.701382,31.417086,29.187731,28.112858,26.038582,23.961155,22.791105,20.973034,20.591022,20.248901,19.237949,17.957960,14.809170,43.148426,9.249627,2.304290,1.015899,0.199409,0.154999,0.117153,0.072458,0.033533,0.027747,0.016744,0.066803,0.027767,0.027763,0.027514,0.049746,0.027817,0.005612,0.016816,0.016379,0.038564
25740,25799,25770,870.018,32.206,439.356,68.434,3.659,0.158,0.018,36.121010,33.913830,32.263870,31.045883,30.868624,28.531044,25.990398,24.405750,22.888168,20.977247,20.482101,20.798393,19.413891,18.326599,15.300725,44.328201,9.694194,2.106222,1.027713,0.182430,0.089240,0.133197,0.089086,0.050392,0.061136,0.039105,0.027966,0.028127,0.027762,0.022245,0.038356,0.021954,0.016913,0.010984,0.005688,0.027910
25800,25859,25830,870.026,32.300,445.597,69.698,3.872,0.165,0.018,36.791447,35.334347,33.098873,31.215939,30.474955,28.482536,27.008406,24.824402,23.395149,21.600466,21.844116,20.770662,19.654236,18.590210,15.244081,43.469120,9.438704,2.376401,0.961614,0.242651,0.131743,0.127633,0.054896,0.060800,0.049692,0.032883,0.049839,0.049371,0.049271,0.039117,0.044431,0.022260,0.000000,0.011205,0.021903,0.033264
25860,25919,25890,870.053,32.495,441.368,69.803,4.127,0.176,0.019,36.525761,34.671051,32.379700,31.231405,30.391182,27.940489,26.409876,25.335442,23.024843,21.048407,20.266588,20.239502,20.051102,18.700108,15.385312,44.114635,9.519065,2.081397,1.005231,0.222033,0.150130,0.110208,0.077851,0.032929,0.032958,0.061310,0.054742,0.033605,0.027650,0.033495,0.049826,0.049368,0.049871,0.005429,0.027608,0.027806
25920,25979,25950,870.068,32.510,446.120,69.732,3.804,0.162,0.018,37.272362,35.354378,33.014793,31.429247,30.638950,29.061081,25.970814,25.012857,23.417589,21.584457,20.342609,20.326262,20.269487,18.584019,15.118673,44.680943,9.788722,2.283571,0.934262,0.243393,0.182913,0.098541,0.077557,0.071767,0.071906,0.027687,0.027871,0.027704,0.022167,0.044067,0.039103,0.022240,0.027656,0.016916,0.010858,0.022210
25980,26039,26010,870.072,32.609,440.261,68.342,3.728,0.162,0.018,36.745537,34.887192,32.157059,31.716433,30.369749,28.651268,25.698053,25.047037,23.008438,21.653641,20.134207,20.047134,19.680992,17.996916,14.896990,44.410862,9.127198,2.111056,1.004930,0.179845,0.193550,0.056004,0.072582,0.061325,0.055946,0.044289,0.033849,0.028200,0.022780,0.022272,0.039479,0.039027,0.033329,0.005464,0.010965,0.017341
