CampaignData_and_Merges/R0/CSL_MobileLab_Parked/raw/20240811/USOS-POPS_MobileLabGround_20240811_R0.ict
78, 1001
Thornberry, T. D.
NOAA Chemical Sciences Laboratory
Portable Optical Particle Spectrometer (POPS)
USOS
1, 1
2024, 08, 11, 2025, 05, 08
60
Time_Start, seconds_past_midnight, Start time of measurement
45
1, 1, 1, 1, 1, 1, 1, 1, 1, 1, 1, 1, 1, 1, 1, 1, 1, 1, 1, 1, 1, 1, 1, 1, 1, 1, 1, 1, 1, 1, 1, 1, 1, 1, 1, 1, 1, 1, 1, 1, 1, 1, 1, 1, 1
-9999, -9999, -9999, -9999, -9999, -9999, -9999, -9999, -9999, -9999, -9999, -9999, -9999, -9999, -9999, -9999, -9999, -9999, -9999, -9999, -9999, -9999, -9999, -9999, -9999, -9999, -9999, -9999, -9999, -9999, -9999, -9999, -9999, -9999, -9999, -9999, -9999, -9999, -9999, -9999, -9999, -9999, -9999, -9999, -9999
Time_Stop, seconds_past_midnight, Stop time of measurement
Time_Mid, seconds_past_midnight, Mid time of measurement
Press_mb, mb, Pressure reported (mb)
Temp_C, degrees C, POPS temperature measurement
Aerosol_concentration, cm^-3, Aerosol concentration
Surface_Area_Conc, um^2 cm^-3, Surface area concentration
Volume_density, um^3 cm^-3, Volume density
Effective_radius, um, Effective radius
Extinction, km^-1, Extinction
Bin01, cm^-3, particle concentration in size range [1401 - 146.3 nm]
Bin02, cm^-3, particle concentration in size range [146.3 - 152.8 nm]
Bin03, cm^-3, particle concentration in size range [152.8 - 159.6 nm]
Bin04, cm^-3, particle concentration in size range [159.6 - 166.8 nm]
Bin05, cm^-3, particle concentration in size range [166.8 - 174.2 nm]
Bin06, cm^-3, particle concentration in size range [174.2 - 181.9 nm]
Bin07, cm^-3, particle concentration in size range [181.9 - 190.0 nm]
Bin08, cm^-3, particle concentration in size range [190.0 - 198.5 nm]
Bin09, cm^-3, particle concentration in size range [198.5 - 207.4 nm]
Bin10, cm^-3, particle concentration in size range [207.4 - 216.6 nm]
Bin11, cm^-3, particle concentration in size range [216.6 - 226.2 nm]
Bin12, cm^-3, particle concentration in size range [226.2 - 236.3 nm]
Bin13, cm^-3, particle concentration in size range [236.3 - 246.8 nm]
Bin14, cm^-3, particle concentration in size range [246.8 - 257.8 nm]
Bin15, cm^-3, particle concentration in size range [257.8 - 269.3 nm]
Bin16, cm^-3, particle concentration in size range [269.3 - 343.4 nm]
Bin17, cm^-3, particle concentration in size range [343.4 - 450.7 nm]
Bin18, cm^-3, particle concentration in size range [450.7 - 525.9 nm]
Bin19, cm^-3, particle concentration in size range [525.9 - 618.5 nm]
Bin20, cm^-3, particle concentration in size range [618.5 - 710.0 nm]
Bin21, cm^-3, particle concentration in size range [710.0 - 822.7 nm]
Bin22, cm^-3, particle concentration in size range [822.7 - 885.9 nm]
Bin23, cm^-3, particle concentration in size range [885.9 - 953.9 nm]
Bin24, cm^-3, particle concentration in size range [953.9 - 1027.2 nm]
Bin25, cm^-3, particle concentration in size range [1027.2 - 1106.1 nm]
Bin26, cm^-3, particle concentration in size range [1106.1 - 1191.0 nm]
Bin27, cm^-3, particle concentration in size range [1191.0 - 1282.5 nm]
Bin28, cm^-3, particle concentration in size range [1282.5 - 1381.0 nm]
Bin29, cm^-3, particle concentration in size range [1381.0 - 1487.1 nm]
Bin30, cm^-3, particle concentration in size range [1487.1 - 1601.3 nm]
Bin31, cm^-3, particle concentration in size range [1601.3 - 1724.3 nm]
[...]
PLATFORM: NOAA CSL Mobile Lab
LOCATION: USOS
ASSOCIATED_DATA: N/A
INSTRUMENT_INFO: Printed Optical Particle Spectrometer counts particles from 140 - 2500 nm in diameter 
DATA_INFO: Particle concentrations reported in number per cubic centimeter,1 Hz data
UNCERTAINTY: Counting uncertainty dominated by air flow, less than 5 percent. Measurement range is ~0 - 3000 per cm3 (varies depending on flow rate- manufacturer quotes 1250 per cm3 at 1.667 cc/s)
ULOD_FLAG: -7777
ULOD_VALUE: N/A
LLOD_FLAG: -8888
LLOD_VALUE: N/A
DM_CONTACT_INFO: Troy Thornberry, 325 Broadway R/CSL6, Boulder, CO 80305; troy.thornberry@noaa.gov; 303-497-3373
PROJECT_INFO: USOS, Utah POPS data from NOAA CSL Mobile Lab
STIPULATIONS_ON_USE: Please contact the PIs for questions regarding applications and uncertainties
OTHER_COMMENTS: POPS bin Edges (nm):  140.1, 146.3, 152.8, 159.6, 166.8, 174.2, 181.9, 190.0, 198.5, 207.4, 216.6, 226.2, 236.3, 246.8, 257.8, 269.3, 343.4, 450.7, 525.9, 618.5, 710.0, 822.7, 885.9, 953.9, 1027.2, 1106.1, 1191.0, 1282.5, 1381.0, 1487.1, 1601.3, 1724.3, 1856.7, 1999.3, 2152.8, 2318.2, 2496.2
Calculations assume organic aerosol refractive index of 1.52+0.00j and extinction wavelength = 532 nm
REVISION: R0
R0: Final data
Time_Start, Time_Stop, Time_Mid, Press_mb, Temp_C, Aerosol_concentration, Surface_Area_Conc, Volume_density, Effective_radius, Extinction, Bin01, Bin02, Bin03, Bin04, Bin05, Bin06, Bin07, Bin08, Bin09, Bin10, Bin11, Bin12, Bin13, Bin14, Bin15, Bin16, Bin17, Bin18, Bin19, Bin20, Bin21, Bin22, Bin23, Bin24, Bin25, Bin26, Bin27, Bin28, Bin29, Bin30, Bin31, Bin32, Bin33, Bin34, Bin35, Bin36
[from data line 1342]
80520,80579,80550,870.284,35.068,293.383,45.283,2.696,0.175,0.013,29.736698,27.296961,24.755007,23.234289,20.604124,19.294964,17.118349,15.331676,13.827491,12.291459,11.713452,11.526204,11.069493,10.569956,8.773875,24.567945,8.155599,1.988676,0.832472,0.181119,0.071844,0.088734,0.027863,0.033000,0.022097,0.032826,0.027354,0.032791,0.032802,0.016330,0.038543,0.033189,0.016668,0.000000,0.010907,0.028121
80580,80639,80610,870.278,35.084,291.893,44.291,2.413,0.160,0.012,29.325483,26.974960,25.088184,22.575768,20.848537,18.927139,17.289022,15.443202,14.038657,12.933942,11.759048,11.269347,11.482957,10.372870,8.493760,24.122583,7.337202,2.075011,0.929552,0.183609,0.088466,0.039212,0.027708,0.033447,0.022117,0.033656,0.022354,0.005631,0.033364,0.022019,0.039341,0.005593,0.011149,0.005650,0.027519,0.005376
80640,80699,80670,870.236,35.078,290.001,43.605,2.290,0.156,0.012,29.892612,27.246586,24.371792,23.061384,20.886259,18.958994,16.668528,15.256105,13.378347,12.373051,12.026179,11.360848,10.806755,10.571486,8.125931,23.962870,7.655082,1.949958,0.822007,0.161012,0.116504,0.061249,0.066008,0.038420,0.027642,0.016539,0.016545,0.022335,0.005631,0.011186,0.044754,0.010983,0.005631,0.005612,0.011133,0.005464
80700,80759,80730,870.218,34.987,290.046,44.397,2.551,0.170,0.012,29.382305,26.559097,24.656425,22.439238,20.704689,18.876268,16.696968,15.746881,13.469793,12.923506,11.995777,11.751325,11.234385,10.392377,7.809849,24.366655,7.624393,1.937797,0.899033,0.083257,0.100850,0.055903,0.017048,0.050056,0.027809,0.028152,0.027481,0.016543,0.022524,0.022046,0.038796,0.022193,0.039062,0.000000,0.022098,0.005727
80760,80819,80790,870.210,35.004,295.065,44.902,2.645,0.173,0.012,30.644859,27.071913,25.316956,23.654320,21.811077,19.394405,17.266609,15.343093,13.785186,12.379530,11.785710,11.273810,11.039499,10.142035,8.653475,24.496660,7.483345,1.910212,0.957278,0.155619,0.121680,0.049947,0.055150,0.038629,0.011002,0.027645,0.005556,0.005631,0.016990,0.050144,0.022429,0.038600,0.011455,0.011302,0.016802,0.016904
80820,80879,80850,870.204,34.973,294.248,44.759,2.547,0.168,0.012,30.270290,27.746210,24.963989,22.827703,21.031097,19.385666,17.339249,14.899164,13.966534,12.735888,11.754684,11.749157,11.558394,9.876437,8.537333,24.753668,7.360794,1.901827,0.920088,0.150772,0.106261,0.066622,0.022689,0.044632,0.049676,0.027896,0.033712,0.016949,0.016648,0.011167,0.050180,0.027671,0.011167,0.011167,0.011038,0.011192
80880,80939,80910,870.193,35.136,292.652,45.018,2.644,0.172,0.012,29.999096,27.223358,24.633842,23.583717,21.216318,18.752054,16.680973,14.510411,13.932845,12.308300,12.043359,11.636333,11.266222,10.356915,8.574754,24.429146,7.864148,2.069644,0.964849,0.162033,0.050053,0.038599,0.055254,0.027783,0.011093,0.027671,0.016503,0.016760,0.049900,0.027742,0.027801,0.027541,0.027817,0.011001,0.011207,0.016931
80940,80999,80970,870.200,35.249,294.281,45.418,2.718,0.176,0.013,30.075279,27.347109,24.458769,23.370733,21.305161,18.825981,16.570011,15.823790,13.940586,12.797105,12.007055,11.583623,11.253975,10.174896,8.494508,24.825140,7.847849,1.978349,0.930711,0.132319,0.104811,0.033199,0.050241,0.044023,0.016818,0.038518,0.027853,0.027968,0.033402,0.027661,0.044714,0.033823,0.022150,0.000000,0.005411,0.027426
81000,81059,81030,870.242,35.234,288.973,44.231,2.473,0.166,0.012,29.364788,26.842726,24.233042,22.332979,20.780899,18.319912,16.728514,15.024981,13.353990,12.183505,11.788046,11.611699,11.426403,10.326150,8.544822,24.840166,7.774720,1.943118,0.914020,0.195488,0.099626,0.022469,0.050437,0.027415,0.049826,0.016649,0.032987,0.033056,0.005537,0.016667,0.022103,0.022519,0.005537,0.011002,0.005556,0.021952
81060,81119,81090,870.240,35.103,289.748,44.290,2.442,0.162,0.012,29.378626,26.735607,24.022038,22.619940,21.256800,18.627235,16.625416,14.942648,13.924358,13.123003,11.480268,11.623554,10.537131,10.271408,8.300632,24.787739,7.898838,1.931767,1.048121,0.182018,0.127238,0.038587,0.044228,0.028009,0.010860,0.022059,0.005727,0.016596,0.038441,0.021871,0.021825,0.011093,0.005593,0.000000,0.011067,0.027878
81120,81179,81150,870.259,35.060,292.661,44.512,2.468,0.164,0.012,29.591497,27.155497,24.697630,22.779362,20.969536,17.987890,17.582144,15.368420,13.823241,12.629446,11.791586,11.801231,11.390584,10.387433,8.627140,24.959057,7.780673,1.814428,0.951527,0.111690,0.116491,0.044471,0.033321,0.033524,0.016552,0.033596,0.022082,0.022134,0.022299,0.022080,0.027671,0.027470,0.011357,0.011192,0.005308,0.011148
81180,81239,81210,870.251,35.005,290.840,44.699,2.631,0.174,0.012,29.529909,27.164011,24.412743,23.279709,21.006302,18.863585,17.056286,15.059288,13.228407,12.675610,11.725193,11.347317,11.211637,10.378674,8.655653,24.399799,7.597497,1.810140,0.803923,0.088725,0.072269,0.038487,0.077838,0.039003,0.039313,0.039118,0.011007,0.055655,0.022448,0.022391,0.033140,0.011223,0.027837,0.016816,0.022322,0.016672
81240,81299,81270,870.240,34.996,290.861,44.343,2.449,0.163,0.012,29.924034,26.934301,24.151800,22.995041,20.581474,18.971535,16.372929,15.195481,13.475736,12.601600,11.574831,11.644244,11.005305,10.561297,8.590884,25.166365,7.656182,1.904526,0.913098,0.171115,0.088784,0.060133,0.038463,0.016542,0.060916,0.016649,0.038758,0.010788,0.033176,0.027901,0.022264,0.027157,0.005429,0.000000,0.010823,0.011154
81300,81359,81330,870.232,34.909,293.810,44.669,2.540,0.168,0.012,29.798798,27.149309,24.518436,23.521912,21.618113,18.765366,17.008347,15.604727,13.637068,12.164916,11.608478,11.710290,11.360322,10.455153,8.485945,25.251940,7.744318,1.974791,0.769785,0.178626,0.138518,0.050269,0.033539,0.011204,0.011114,0.039244,0.033260,0.022000,0.016318,0.016705,0.039291,0.049971,0.011224,0.000000,0.000000,0.011148
81360,81419,81390,870.200,34.954,287.508,43.496,2.319,0.157,0.012,28.694033,26.691336,24.024729,22.223919,20.273815,18.832642,16.482779,14.971615,14.145441,12.178850,11.838085,11.685822,11.097800,10.453896,8.420587,24.267530,7.572202,2.217193,0.959713,0.161112,0.077491,0.061313,0.027579,0.016764,0.005556,0.016507,0.016316,0.000000,0.005519,0.005612,0.027363,0.016749,0.005447,0.005612,0.000000,0.027567
81420,81479,81450,870.130,34.994,289.509,44.459,2.630,0.174,0.012,29.329147,26.955582,24.099720,22.735325,20.458046,18.977499,16.446924,14.985157,13.197270,13.023993,12.074196,11.471251,10.877789,10.473370,8.400650,24.908186,7.723454,1.844403,0.838170,0.144895,0.139024,0.071982,0.055841,0.022410,0.033275,0.033210,0.022058,0.016435,0.010858,0.016743,0.016724,0.049470,0.022101,0.011243,0.005574,0.016632
81480,81539,81510,870.097,34.956,289.705,44.493,2.579,0.171,0.012,29.199976,26.786987,24.176649,22.555248,21.213766,18.538034,16.833799,15.246183,13.035102,12.707706,11.665668,11.636435,11.459290,10.178634,8.530242,24.800817,7.706156,1.921552,0.896151,0.122346,0.060839,0.082881,0.061250,0.044196,0.011112,0.049653,0.016894,0.022206,0.016743,0.022375,0.016820,0.027909,0.016372,0.011039,0.011186,0.022321
81540,81599,81570,870.115,35.038,289.637,44.664,2.549,0.168,0.012,28.720196,26.448967,24.668831,22.564386,21.170294,18.836842,16.281927,14.786210,13.804584,12.585983,11.921211,11.513109,10.905058,10.989326,8.109245,25.281803,7.560089,1.936049,0.929732,0.116271,0.116759,0.055770,0.055589,0.016724,0.016742,0.022429,0.027974,0.033446,0.016576,0.028063,0.050322,0.005688,0.011131,0.011056,0.016705,0.022335
81600,81659,81630,870.112,35.011,294.283,45.828,2.775,0.176,0.013,29.553883,27.061520,24.732098,22.645700,20.890827,19.085573,17.107222,14.831707,14.098678,12.786079,12.214266,11.649457,11.397061,10.785465,8.678348,25.013823,8.103986,1.894246,1.041217,0.167700,0.127822,0.033408,0.033317,0.044204,0.039435,0.033214,0.022158,0.022149,0.027714,0.044256,0.016779,0.033307,0.016509,0.005501,0.011094,0.033299
81660,81719,81690,870.103,34.890,292.103,45.788,2.805,0.181,0.013,28.864365,26.856245,24.079706,23.543249,20.619434,19.231733,17.175741,15.015451,13.410422,12.515491,12.220134,11.895362,11.133024,10.463302,8.307242,25.350611,7.563118,2.056566,0.997868,0.210364,0.089055,0.072077,0.033263,0.027589,0.072300,0.038803,0.033022,0.038946,0.033484,0.016741,0.060258,0.022639,0.000000,0.005537,0.000000,0.049718
81720,81779,81750,870.093,34.767,288.437,43.827,2.359,0.159,0.012,29.562418,27.181061,23.877222,23.044975,20.556644,17.957165,16.893955,14.500036,13.215408,12.669552,11.892000,11.223083,10.770354,10.454474,8.421309,24.719748,8.079746,1.869110,0.965678,0.144468,0.105052,0.049821,0.050324,0.055686,0.039030,0.010968,0.011207,0.016614,0.011263,0.016506,0.005537,0.022087,0.016688,0.016618,0.000000,0.010827
81780,81839,81810,870.093,34.730,292.532,45.271,2.608,0.169,0.013,30.138866,26.755333,24.712948,22.897697,20.841520,18.680990,16.551888,15.152192,13.541442,12.687808,11.659448,11.835404,11.125037,10.565457,8.302201,25.345980,7.830143,2.243578,0.975469,0.210819,0.088157,0.044679,0.028002,0.039096,0.050145,0.039040,0.022429,0.016655,0.022222,0.027504,0.027182,0.016742,0.011007,0.005574,0.005593,0.033597
81840,81899,81870,870.073,34.699,292.119,44.748,2.525,0.167,0.012,30.104736,26.992163,24.075378,22.560419,21.106436,19.015505,16.457674,15.169982,13.361903,12.825888,11.713549,11.863035,11.303584,10.628041,8.843626,25.110270,7.566626,1.913654,0.896659,0.133117,0.083275,0.066312,0.022487,0.033525,0.021800,0.022268,0.038856,0.010966,0.044728,0.027220,0.044417,0.016361,0.011119,0.011281,0.000000,0.021992
81900,81959,81930,870.032,34.647,292.430,44.296,2.346,0.157,0.012,30.206997,26.332371,24.876684,22.600138,21.000214,18.934973,17.080795,15.061816,13.801639,12.511026,11.581719,11.740986,11.512404,10.284901,8.736708,24.818350,7.966579,1.841140,0.939532,0.167094,0.127929,0.050164,0.038919,0.016705,0.016601,0.039010,0.022150,0.016577,0.016693,0.028023,0.016506,0.011319,0.000000,0.011167,0.011281,0.011148
81960,82019,81990,870.029,34.711,286.609,43.647,2.356,0.159,0.012,28.838972,26.918962,24.330647,22.485270,20.679935,18.326927,16.801769,14.915244,13.199091,12.199402,11.034276,11.535658,10.683015,10.486525,7.974773,24.868019,7.762300,2.056914,0.904209,0.155306,0.095067,0.072523,0.044602,0.038622,0.033218,0.010949,0.005574,0.016816,0.022280,0.016620,0.050224,0.022473,0.005631,0.011303,0.000000,0.005556
82020,82079,82050,869.985,34.785,287.660,44.525,2.574,0.171,0.012,29.048149,27.218153,24.013472,22.197693,20.545502,18.588816,16.372608,14.754515,13.068283,12.039080,12.144040,11.501974,10.909544,9.696963,8.649678,25.595818,7.537456,2.056122,1.082728,0.166788,0.117210,0.056147,0.038933,0.022223,0.022040,0.005593,0.033470,0.022317,0.016520,0.022024,0.022133,0.022366,0.033195,0.010806,0.010984,0.016506
82080,82139,82110,869.979,34.724,290.342,44.231,2.416,0.162,0.012,29.780935,26.376431,24.406797,22.689703,20.731367,18.531145,17.189665,15.193812,13.852818,12.367948,11.422000,11.386782,11.329199,10.542193,8.219422,25.180435,7.704976,1.939625,0.914634,0.155306,0.078124,0.066281,0.039118,0.027606,0.027452,0.027710,0.027715,0.011038,0.016877,0.022021,0.010858,0.011154,0.027684,0.011074,0.005574,0.016854
82140,82199,82170,869.961,34.776,290.362,44.369,2.548,0.169,0.012,29.299694,27.215340,24.650858,22.913010,20.940432,18.665739,16.499004,15.398991,13.568043,12.707682,11.764071,11.595956,11.256786,10.212406,7.821975,24.685106,7.862519,1.767925,0.850535,0.149195,0.104741,0.071836,0.055424,0.033157,0.033230,0.033421,0.016650,0.016489,0.022242,0.033394,0.049642,0.039143,0.005556,0.005342,0.011224,0.005519
82200,82259,82230,869.946,34.778,293.988,45.014,2.556,0.167,0.012,29.402496,27.259363,24.918360,23.297640,21.374186,19.162352,17.548523,15.434505,13.865553,12.662024,11.697794,11.385648,11.287320,10.344110,8.549852,24.399670,7.738048,1.989178,0.965211,0.166990,0.133114,0.061382,0.033270,0.066736,0.027818,0.011148,0.033523,0.027764,0.033379,0.021933,0.005574,0.016453,0.028002,0.010788,0.005556,0.022450
82260,82319,82290,869.964,34.784,293.102,45.241,2.822,0.182,0.012,30.343349,26.781157,25.384842,23.300396,21.178339,18.620695,17.292747,15.153388,14.213732,12.160886,11.451821,11.398321,11.270204,10.403714,8.286931,24.799007,7.540041,1.928332,0.989172,0.133788,0.066641,0.044093,0.038790,0.027742,0.016723,0.044063,0.022143,0.016797,0.022186,0.010858,0.038643,0.033504,0.022153,0.011186,0.005556,0.049919
82320,82379,82350,869.962,34.808,294.183,45.663,2.814,0.183,0.013,29.847811,27.273191,24.699272,23.316179,21.357000,18.621660,16.873682,15.659327,13.654155,12.700019,12.078851,11.493738,11.219782,10.472549,8.299643,25.201084,7.853752,1.928359,0.952492,0.139591,0.127653,0.072503,0.033536,0.016419,0.033384,0.044706,0.005574,0.005447,0.011225,0.028368,0.038935,0.028202,0.033729,0.005376,0.022353,0.033158
82380,82439,82410,869.960,34.799,291.726,44.706,2.488,0.164,0.012,29.838968,27.483122,24.814804,23.155640,20.390081,18.481653,17.330404,15.313280,13.450221,12.634561,11.796652,11.571869,10.573094,10.258116,8.269238,24.836147,7.614922,2.178769,1.053043,0.183036,0.083914,0.076929,0.044002,0.049964,0.033505,0.021831,0.033629,0.022260,0.021845,0.022021,0.033049,0.016760,0.005612,0.011096,0.005574,0.016668
82440,82499,82470,869.951,34.741,291.861,44.838,2.597,0.171,0.012,29.832434,27.432199,24.428869,22.585211,21.013968,18.746075,16.925241,15.533950,13.510407,12.453799,11.765081,11.545837,11.063779,10.466666,8.321215,24.665819,7.940798,2.050386,0.902936,0.154886,0.122371,0.083082,0.038543,0.027725,0.050003,0.005464,0.027576,0.016473,0.039018,0.011224,0.016430,0.027730,0.005612,0.005612,0.022410,0.021770
82500,82559,82530,869.935,34.672,290.898,45.184,2.708,0.177,0.013,30.433117,26.821093,24.299149,23.012892,20.856874,18.031662,16.690319,15.702117,13.272106,12.612936,12.254527,11.440643,11.006751,10.002782,8.400523,24.624918,7.617642,2.004661,1.029018,0.200338,0.121977,0.055660,0.060731,0.028081,0.022395,0.050460,0.027532,0.022226,0.038877,0.022299,0.033490,0.028194,0.027608,0.027596,0.000000,0.016913
82560,82619,82590,869.916,34.673,293.532,44.725,2.490,0.163,0.012,30.258064,27.094301,24.252426,23.043839,21.062246,19.022533,16.755264,15.909290,13.586026,12.878020,11.923478,11.856966,11.247176,9.924891,8.234209,24.943346,8.056258,2.000363,0.905420,0.105921,0.116742,0.083181,0.022187,0.027621,0.027985,0.022145,0.049879,0.005464,0.011106,0.011262,0.033678,0.016648,0.005464,0.000000,0.005574,0.033468
82620,82679,82650,869.927,34.792,295.517,45.200,2.600,0.169,0.012,30.255602,28.005127,24.726151,23.136467,21.514679,19.069788,16.864576,15.467359,14.249458,12.183280,12.238380,11.482692,11.389401,10.175903,8.612202,24.758081,7.777116,1.922329,0.987662,0.166114,0.145457,0.055034,0.077876,0.027785,0.011223,0.016387,0.011262,0.022353,0.027598,0.021937,0.039029,0.028152,0.011264,0.011254,0.011007,0.016816
82680,82739,82710,869.929,34.832,294.022,45.718,2.694,0.173,0.013,29.977869,26.904213,25.224215,23.057022,20.798216,18.267097,17.395624,15.217259,14.185805,12.726721,11.519899,11.494985,11.333811,10.918813,8.381935,24.941689,8.078075,1.945947,0.884874,0.172294,0.121885,0.056118,0.044582,0.049664,0.022287,0.050235,0.038847,0.033661,0.005556,0.016875,0.061665,0.011188,0.044436,0.016341,0.005429,0.016799
82740,82799,82770,869.903,34.810,289.719,44.523,2.590,0.171,0.012,29.356241,27.113279,24.421511,23.193014,20.600721,18.834438,16.755793,15.067530,13.478399,12.094558,11.526660,11.872110,10.976224,10.179128,8.301725,24.837339,7.778609,1.873519,0.803932,0.128080,0.110974,0.061285,0.039081,0.016817,0.010969,0.038877,0.049055,0.010931,0.033451,0.027622,0.044416,0.022338,0.032789,0.000000,0.010884,0.016389
82800,82859,82830,869.882,34.912,293.455,44.964,2.524,0.166,0.012,30.053623,27.686226,24.989414,22.862658,21.323757,18.973757,16.389282,15.469590,13.154200,12.632755,11.647613,11.691344,11.302755,10.540474,8.389833,24.748121,8.016703,2.046826,0.998714,0.094157,0.076739,0.028159,0.027891,0.038587,0.033104,0.010985,0.044434,0.033302,0.016578,0.022173,0.033733,0.005612,0.038869,0.005464,0.010985,0.016595
