CampaignData_and_Merges/R0/CSL_MobileLab_Parked/raw/20240811/USOS-PTR_MobileLabGround_20240811_RA.ict
58, 1001
Matthew Coggon, Kelvin Bates, Chelsea Stockwell, Carsten Warneke
NOAA ESRL Chemical Sciences Division
NOAA PTR-ToF-MS
USOS
1,1 
2024, 08, 11, 2023, 08, 12
0
Time_Start, seconds, number of seconds from 00:00 UTC 
22
1, 1, 1, 1, 1, 1, 1, 1, 1, 1, 1, 1, 1, 1, 1, 1, 1, 1, 1, 1, 1, 1
-9999, -9999, -9999, -9999, -9999, -9999, -9999, -9999, -9999, -9999, -9999, -9999, -9999, -9999, -9999, -9999, -9999, -9999, -9999, -9999, -9999, -9999
CH3OH_NOAAPTR_ppbv,  ppbv, Gas_CH3OH_InSitu_S_AVMR, (CH3OH) methanol
CH3CN_NOAAPTR_ppbv,  ppbv, Gas_CH3CN_InSitu_S_AVMR, (CH3CN) acetonitrile
CH3CHO_NOAAPTR_ppbv,  ppbv, Gas_CH3CHO_InSitu_S_AVMR, (CH3CHO) acetaldehyde plus contributions from ethylene glycol and ethylene oxide. Interference from ethanol has been subtracted out.
C2H5OH_NOAAPTR_ppbv,  ppbv, Gas_C2H5OH_InSitu_S_AVMR, (C2H5OH) ethanol
CH3SH_NOAAPTR_ppbv,  ppbv, Gas_CH3SH_InSitu_S_AVMR, (CH3SH) methanethiol, using calibration factor for DMS
Acrolein_NOAAPTR_ppbv,  ppbv, Gas_Acrolein_InSitu_S_AVMR, (C3H4O) acrolein
AcetonePropanal_NOAAPTR_ppbv,  ppbv, Gas_AcetoneAndPropanal_InSitu_S_AVMR, (C3H6O) sum of acetone (dominant isomer) and propanal, using calibration factor for acetone
DMS_NOAAPTR_ppbv,  ppbv, Gas_DMS_InSitu_S_AVMR, (C2H6S) dimethyl sulfide with possible small contributions from ethanethiol
C5H8_NOAAPTR_ppbv,  ppbv, Gas_Isoprene_InSitu_S_AVMR, (C5H8) isoprene and possible fragments from cycloalkanes and aldehydes. Interferences have been subtracted following methods described by Coggon et al (2023)
MVKMAC_NOAAPTR_ppbv,  ppbv, Gas_MVKAndMAC_InSitu_S_AVMR, (C4H6O) sum of methyl vinyl ketone, methacrolein, and small amounts of crotonaldehyde, using weighted calibration factor for MVK (0.637) and MACR (0.363)
Benzene_NOAAPTR_ppbv,  ppbv, Gas_Benzene_InSitu_S_AVMR, (C6H6) benzene
Toluene_NOAAPTR_ppbv,  ppbv, Gas_Toluene_InSitu_S_AVMR, (C7H8) toluene with possible small contributions of fragments from ethyltoluene
Styrene_NOAAPTR_ppbv,  ppbv, Gas_Styrene_InSitu_S_AVMR, (C8H8) styrene
Benzaldehyde_NOAAPTR_ppbv,  ppbv, Gas_Benzaldehyde_InSitu_S_AVMR, (C7H6O) benzaldehyde
C8Aromatics_NOAAPTR_ppbv,  ppbv, Gas_C8Aromatics_InSitu_M_AVMR, (C8H10) sum of m-xylene, p-xylene, o-xylene, and ethyl benzene
C9Aromatics_NOAAPTR_ppbv,  ppbv, Gas_C9Aromatics_InSitu_M_AVMR, (C9H12) sum of C9 aromatics
Naphthalene_NOAAPTR_ppbv,  ppbv, Gas_Naphthalene_InSitu_S_AVMR, (C10H8) naphthalene
Octanal_NOAAPTR_ppbv,  ppbv, Gas_Octanal_InSitu_S_AVMR, (C8H16O) octanal and small amounts of octanone
Monoterpenes_NOAAPTR_ppbv,  ppbv, Gas_Monoterpenes_InSitu_M_AVMR, (C10H16) sum of monoterpenes and possible contributions from fragments of oxygenated monoterpenoids such as eucalyptol.
Nonanal_NOAAPTR_ppbv,  ppbv, Gas_Nonanal_InSitu_M_AVMR, (C9H18O) nonanal and small amounts of nonanone
C7H4ClF3_NOAAPTR_ppbv,  ppbv, Gas_C7H4ClF3_InSitu_S_AVMR, (C7H4ClF3) parachlorobenzotrifluoride
C10H30O5Si5_NOAAPTR_ppbv,  ppbv, Gas_C10H30O5Si5_InSitu_S_AVMR, (C10H30O5Si5) decamethylcyclopentasiloxane
1
SPECIAL COMMENTS:N/A
21
PI_CONTACT_INFO: NOAA ESRL Chemical Sciences Division, Tropospheric Chemistry Group. 325 Broadway, R/CSD7, Boulder, CO 80305
PLATFORM: Mobile Laboratory.
LOCATION: Salt Lake City, UT
ASSOCIATED_DATA: N/A
INSTRUMENT_INFO: NOAA PTR-ToF-MS measurements on NOAA CSL Mobile Lab
DATA_INFO: Units: ppbv
UNCERTAINTY: See OTHER_COMMENTS
ULOD_FLAG: -7777
ULOD_VALUE: N/A
LLOD_FLAG: -8888
LLOD_VALUE: N/A.
DM_CONTACT_INFO: Data Managers: Matt Coggon, Kelvin Bates, Chelsea Stockwell; email: matthew.m.coggon@noaa.gov and kelvin.bates@colorado.edu
PROJECT_INFO: USOS Deployment July-August, 2024
STIPULATIONS_ON_USE: Use of these data require prior OK from PI.
OTHER_COMMENTS: Uncertainties:
CH3OH_NOAAPTR_ppbv:30%; CH3CN_NOAAPTR_ppbv:30%; CH3CHO_NOAAPTR_ppbv:30%; C2H5OH_NOAAPTR_ppbv:30%; CH3SH_NOAAPTR_ppbv:50%; Acrolein_NOAAPTR_ppbv:30%; AcetonePropanal_NOAAPTR_ppbv:30%; DMS_NOAAPTR_ppbv:30%; C5H8_NOAAPTR_ppbv:30%; MVKMAC_NOAAPTR_ppbv:30%; 
Benzene_NOAAPTR_ppbv:30%; Toluene_NOAAPTR_ppbv:30%; Styrene_NOAAPTR_ppbv:30%; Benzaldehyde_NOAAPTR_ppbv:30%; C8Aromatics_NOAAPTR_ppbv:30%; C9Aromatics_NOAAPTR_ppbv:30%; Naphthalene_NOAAPTR_ppbv:30%; Octanal_NOAAPTR_ppbv:30%; Monoterpenes_NOAAPTR_ppbv:30%; Nonanal_NOAAPTR_ppbv:30%; 
C7H4ClF3_NOAAPTR_ppbv:30%; C10H30O5Si5_NOAAPTR_ppbv:30%; 
REVISION: RA
RA: Field Data
Time_Start, CH3OH_NOAAPTR_ppbv, CH3CN_NOAAPTR_ppbv, CH3CHO_NOAAPTR_ppbv, C2H5OH_NOAAPTR_ppbv, CH3SH_NOAAPTR_ppbv, Acrolein_NOAAPTR_ppbv, AcetonePropanal_NOAAPTR_ppbv, DMS_NOAAPTR_ppbv, C5H8_NOAAPTR_ppbv, MVKMAC_NOAAPTR_ppbv, Benzene_NOAAPTR_ppbv, Toluene_NOAAPTR_ppbv, Styrene_NOAAPTR_ppbv, Benzaldehyde_NOAAPTR_ppbv, C8Aromatics_NOAAPTR_ppbv, C9Aromatics_NOAAPTR_ppbv, Naphthalene_NOAAPTR_ppbv, Octanal_NOAAPTR_ppbv, Monoterpenes_NOAAPTR_ppbv, Nonanal_NOAAPTR_ppbv, C7H4ClF3_NOAAPTR_ppbv, C10H30O5Si5_NOAAPTR_ppbv
[from data line 440]
26400.0, 16.53195, 0.25025, 3.23508, 13.03611, 0.00705, 0.34017, 4.28228, 0.01700, 0.54659, 0.50590, 0.32922, 0.73528, 0.06436, -9999.00000, 0.47532, 0.20887, 0.01299, 0.05927, 0.25444, 0.11004, 0.02870, 0.02620 
26460.0, 14.29981, 0.25345, 2.98115, 11.73858, 0.00473, 0.33718, 4.18288, -0.00118, 0.56742, 0.49311, 0.31648, 0.71443, 0.07640, -9999.00000, 0.45437, 0.22878, 0.00433, 0.07048, 0.24019, 0.09783, 0.02114, 0.01417 
26520.0, 13.73865, 0.25198, 2.59884, 10.57191, 0.00733, 0.33399, 4.11549, 0.01947, 0.49605, 0.49544, 0.30568, 0.71809, 0.06914, -9999.00000, 0.47586, 0.20384, 0.01882, 0.07888, 0.19089, 0.08732, 0.01363, 0.01589 
26580.0, 11.78554, 0.22737, -9999.00000, 8.59428, 0.00774, 0.29329, 3.84283, 0.01156, -9999.00000, 0.47397, 0.23636, 0.53190, 0.05365, -9999.00000, 0.36157, 0.16728, 0.02740, 0.06939, 0.17375, 0.10006, 0.00865, 0.00980 
26640.0, -9999.00000, -9999.00000, -9999.00000, -9999.00000, -9999.00000, -9999.00000, -9999.00000, -9999.00000, -9999.00000, -9999.00000, -9999.00000, -9999.00000, -9999.00000, -9999.00000, -9999.00000, -9999.00000, -9999.00000, -9999.00000, -9999.00000, -9999.00000, -9999.00000, -9999.00000 
26700.0, -9999.00000, -9999.00000, -9999.00000, -9999.00000, -9999.00000, -9999.00000, -9999.00000, -9999.00000, -9999.00000, -9999.00000, -9999.00000, -9999.00000, -9999.00000, -9999.00000, -9999.00000, -9999.00000, -9999.00000, -9999.00000, -9999.00000, -9999.00000, -9999.00000, -9999.00000 
26760.0, -9999.00000, -9999.00000, -9999.00000, -9999.00000, -9999.00000, -9999.00000, -9999.00000, -9999.00000, -9999.00000, -9999.00000, -9999.00000, -9999.00000, -9999.00000, -9999.00000, -9999.00000, -9999.00000, -9999.00000, -9999.00000, -9999.00000, -9999.00000, -9999.00000, -9999.00000 
26820.0, -9999.00000, -9999.00000, -9999.00000, -9999.00000, -9999.00000, -9999.00000, -9999.00000, -9999.00000, -9999.00000, -9999.00000, -9999.00000, -9999.00000, -9999.00000, -9999.00000, -9999.00000, -9999.00000, -9999.00000, -9999.00000, -9999.00000, -9999.00000, -9999.00000, -9999.00000 
26880.0, -9999.00000, -9999.00000, -9999.00000, -9999.00000, -9999.00000, -9999.00000, -9999.00000, -9999.00000, -9999.00000, -9999.00000, -9999.00000, -9999.00000, -9999.00000, -9999.00000, -9999.00000, -9999.00000, -9999.00000, -9999.00000, -9999.00000, -9999.00000, -9999.00000, -9999.00000 
26940.0, -9999.00000, -9999.00000, -9999.00000, -9999.00000, -9999.00000, -9999.00000, -9999.00000, -9999.00000, -9999.00000, -9999.00000, -9999.00000, -9999.00000, -9999.00000, -9999.00000, -9999.00000, -9999.00000, -9999.00000, -9999.00000, -9999.00000, -9999.00000, -9999.00000, -9999.00000 
27000.0, -9999.00000, -9999.00000, -9999.00000, -9999.00000, -9999.00000, -9999.00000, -9999.00000, -9999.00000, -9999.00000, -9999.00000, -9999.00000, -9999.00000, -9999.00000, -9999.00000, -9999.00000, -9999.00000, -9999.00000, -9999.00000, -9999.00000, -9999.00000, -9999.00000, -9999.00000 
27060.0, -9999.00000, -9999.00000, -9999.00000, -9999.00000, -9999.00000, -9999.00000, -9999.00000, -9999.00000, -9999.00000, -9999.00000, -9999.00000, -9999.00000, -9999.00000, -9999.00000, -9999.00000, -9999.00000, -9999.00000, -9999.00000, -9999.00000, -9999.00000, -9999.00000, -9999.00000 
27120.0, -9999.00000, -9999.00000, -9999.00000, -9999.00000, -9999.00000, -9999.00000, -9999.00000, -9999.00000, -9999.00000, -9999.00000, -9999.00000, -9999.00000, -9999.00000, -9999.00000, -9999.00000, -9999.00000, -9999.00000, -9999.00000, -9999.00000, -9999.00000, -9999.00000, -9999.00000 
27180.0, -9999.00000, -9999.00000, -9999.00000, -9999.00000, -9999.00000, -9999.00000, -9999.00000, -9999.00000, -9999.00000, -9999.00000, -9999.00000, -9999.00000, -9999.00000, -9999.00000, -9999.00000, -9999.00000, -9999.00000, -9999.00000, -9999.00000, -9999.00000, -9999.00000, -9999.00000 
27240.0, 15.38413, -9999.00000, -9999.00000, 11.38211, 0.00783, 0.33917, 4.09886, 0.00682, -9999.00000, -9999.00000, 0.27089, 0.58597, 0.08947, -9999.00000, 0.40694, 0.21114, 0.02595, 0.07786, 0.21572, 0.08924, 0.00839, 0.01100 
27300.0, 14.22532, 0.22557, 2.84114, 10.59920, 0.00677, 0.34125, 4.11681, 0.02176, 0.50112, 0.48945, 0.34666, 0.74194, 0.04824, -9999.00000, 0.49829, 0.23548, 0.02273, 0.07262, 0.22100, 0.08936, 0.01378, 0.01651 
27360.0, 14.10623, 0.23946, 2.82193, 12.18643, 0.01246, 0.35250, 4.16773, -0.00116, 0.53757, 0.51580, 0.34576, 0.77089, 0.02554, -9999.00000, 0.51760, 0.25820, 0.01643, 0.06396, 0.24532, 0.09128, 0.01282, 0.01144 
27420.0, 14.66393, 0.25380, 2.81066, 12.26206, 0.00978, 0.35578, 4.26310, 0.01587, 0.51612, 0.49500, 0.22172, 0.68299, 0.00513, -9999.00000, 0.42339, 0.24445, 0.01301, 0.07526, 0.22989, 0.09394, 0.00772, 0.01742 
27480.0, 14.27098, 0.23049, 2.73266, 11.74065, 0.00831, 0.31370, 4.11027, 0.02254, 0.50552, 0.49168, 0.26436, 0.62607, 0.09125, -9999.00000, 0.40616, 0.23040, 0.02110, 0.05138, 0.23246, 0.06252, 0.01564, 0.01775 
27540.0, 14.57229, 0.24748, 2.76225, 11.95904, 0.01010, 0.31866, 4.13560, 0.02311, 0.47098, 0.50799, 0.20921, 0.66782, 0.06318, -9999.00000, 0.43172, 0.22306, 0.01219, 0.04384, 0.24187, 0.08336, 0.00840, 0.01663 
27600.0, 15.97315, 0.22779, 2.99365, 13.52780, 0.01186, 0.33453, 4.32458, 0.01609, 0.54212, 0.51019, 0.31100, 0.70265, 0.09177, -9999.00000, 0.51265, 0.24965, 0.00625, 0.09195, 0.20171, 0.09573, 0.01547, 0.01781 
27660.0, 15.90813, 0.23318, 2.97886, 12.56363, 0.00643, 0.36128, 4.37372, 0.00805, 0.54750, 0.49418, 0.34853, 0.76021, 0.05467, -9999.00000, 0.51912, 0.28137, 0.01093, 0.09616, 0.21251, 0.08973, 0.01348, 0.01818 
27720.0, 14.91482, 0.22485, 2.62897, 11.61035, 0.00856, 0.33738, 4.05443, 0.00569, 0.52513, 0.49663, 0.29689, 0.69859, 0.08805, -9999.00000, 0.47118, 0.23645, 0.00949, 0.07272, 0.18815, 0.10578, 0.01118, 0.01323 
27780.0, 14.76085, 0.23627, 2.78073, 12.65868, 0.00878, 0.34614, 4.18744, 0.02598, 0.51011, 0.48834, 0.19250, 0.68538, 0.07110, -9999.00000, 0.42675, 0.22826, 0.00303, 0.07765, 0.19221, 0.09136, 0.01305, 0.01729 
27840.0, 16.05327, 0.23384, 3.00352, 13.17224, 0.01225, 0.35401, 4.35675, 0.01819, 0.51571, 0.49480, 0.34401, 0.78188, 0.05557, -9999.00000, 0.47574, 0.26596, 0.05212, 0.08871, 0.22588, 0.11495, 0.00913, 0.02668 
27900.0, 15.72864, 0.24576, 2.86028, 13.20839, 0.01148, 0.35455, 4.24505, 0.01971, 0.50615, 0.50714, 0.22807, 0.68438, 0.06403, -9999.00000, 0.45221, 0.26519, 0.01056, 0.06276, 0.22213, 0.13848, 0.01440, 0.03300 
27960.0, 16.06834, 0.22614, 2.99116, 13.44793, 0.00718, 0.35069, 4.39641, 0.03086, 0.46222, 0.47349, 0.27822, 0.62857, 0.07237, -9999.00000, 0.42794, 0.24445, 0.01507, 0.07586, 0.20731, 0.11277, 0.01099, 0.02421 
28020.0, 15.89674, 0.26261, 2.94052, 12.35873, 0.00636, 0.33296, 4.27043, 0.00865, 0.47080, 0.48304, 0.23817, 0.58808, 0.08097, -9999.00000, 0.36498, 0.21567, 0.02810, 0.08867, 0.22695, 0.09224, 0.01144, 0.01056 
28080.0, 15.99677, 0.20879, 2.98020, 12.67691, 0.00644, 0.34641, 4.23819, 0.02509, 0.43656, 0.46623, 0.24878, 0.59143, 0.06396, -9999.00000, 0.42163, 0.22421, 0.01772, 0.08823, 0.20296, 0.11660, 0.01117, 0.01651 
28140.0, 16.59693, 0.22694, 2.88601, 14.38366, 0.00946, 0.35920, 4.36485, 0.01191, 0.48160, 0.48955, 0.26025, 0.60453, 0.04768, -9999.00000, 0.41308, 0.21678, 0.01888, 0.08357, 0.20942, 0.10131, 0.01685, 0.01665 
28200.0, 16.42620, 0.24495, 3.00641, 14.38875, 0.01057, 0.34265, 4.31042, 0.01411, 0.45038, 0.46883, 0.25620, 0.60960, 0.07058, -9999.00000, 0.43909, 0.21193, 0.02056, 0.07427, 0.22037, 0.09949, 0.01134, 0.02129 
28260.0, 15.54121, 0.21672, 3.02467, 13.25393, 0.00592, 0.34520, 4.31652, 0.02821, 0.46795, 0.50697, 0.21756, 0.61453, 0.07023, -9999.00000, 0.40774, 0.21205, 0.01561, 0.05980, 0.19534, 0.09842, 0.01445, 0.01709 
28320.0, 16.72454, 0.24925, 3.12906, 14.42309, 0.01203, 0.37173, 4.39773, 0.01564, 0.47058, 0.48220, 0.20430, 0.57321, 0.06817, -9999.00000, 0.38523, 0.25123, 0.01308, 0.08321, 0.25600, 0.11316, 0.01059, 0.01571 
28380.0, 15.36519, 0.23924, 3.09888, 14.34641, 0.01319, 0.37400, 4.32966, 0.02245, 0.45677, 0.48191, 0.31976, 0.85045, 0.06128, -9999.00000, 0.51433, 0.27840, 0.00909, 0.08404, 0.23296, 0.07417, 0.00747, 0.02707 
28440.0, 15.93194, 0.24635, 3.07213, 12.98110, 0.00880, 0.33606, 4.36127, -0.00115, 0.49387, 0.50899, 0.25284, 0.62291, 0.04807, -9999.00000, 0.42128, 0.24830, 0.01222, 0.07803, 0.24258, 0.10472, 0.01306, 0.02332 
28500.0, 11.39109, 0.24246, 2.03929, 7.00134, 0.00378, 0.24562, 3.53188, 0.02083, 0.38569, 0.40059, 0.11033, 0.29843, 0.03323, -9999.00000, 0.20520, 0.08896, 0.00196, 0.05438, 0.21184, 0.07774, 0.01135, 0.00900 
28560.0, 16.46412, 0.22917, 2.66208, 12.09324, 0.00209, 0.33560, 4.22106, 0.01893, 0.49877, 0.49589, 0.21405, 0.57165, -0.00531, -9999.00000, 0.37136, 0.18394, 0.02049, 0.08414, 0.21169, 0.09475, 0.01091, 0.02621 
28620.0, 15.16969, 0.22342, 2.46246, 10.88525, 0.00684, 0.31358, 4.02606, 0.00581, 0.46595, 0.46108, 0.23969, 0.54590, 0.01639, -9999.00000, 0.33561, 0.17043, 0.01053, 0.06358, 0.22315, 0.10687, 0.01245, 0.02025 
28680.0, 14.97388, 0.24000, 2.52147, 11.82629, 0.00746, 0.31995, 4.11196, 0.02411, 0.41613, 0.46218, 0.24148, 0.58833, 0.05486, -9999.00000, 0.38924, 0.17563, 0.01106, 0.05470, 0.18018, 0.09308, 0.00602, 0.01645 
28740.0, 14.02456, 0.23794, 2.40864, 9.80446, 0.00148, 0.34146, 4.04813, 0.01870, 0.48296, 0.43824, 0.16515, 0.43690, 0.04355, -9999.00000, 0.31605, 0.15143, 0.01725, 0.05772, 0.19402, 0.08393, 0.01403, 0.02160 
28800.0, 16.08219, 0.22830, 2.59223, 11.84742, 0.00972, 0.33519, 4.28576, -0.00114, 0.50501, 0.47824, 0.27512, 0.60760, 0.03465, -9999.00000, 0.39496, 0.17966, 0.01200, 0.06525, 0.22199, 0.13362, 0.01398, 0.02336 
28860.0, 15.76687, 0.23706, 2.65829, 13.31966, 0.00705, 0.31500, 4.18747, 0.02535, 0.46166, 0.46553, 0.28639, 0.88153, 0.05146, -9999.00000, 0.50812, 0.23842, 0.02142, 0.08609, 0.21189, 0.10214, 0.01064, 0.02323 
28920.0, 17.08914, 0.24857, 2.81650, 14.41728, 0.00649, 0.35743, 4.39204, 0.02394, 0.46041, 0.45618, 0.36326, 1.20494, 0.06706, -9999.00000, 0.64649, 0.26200, 0.02001, 0.09057, 0.25828, 0.11969, 0.01709, 0.02395 
28980.0, 15.02497, 0.23425, 2.57788, 11.52928, 0.01296, 0.32983, 4.26607, 0.01072, 0.43560, 0.43042, 0.31581, 0.72904, 0.06173, -9999.00000, 0.50730, 0.22374, -0.00250, 0.07157, 0.23607, 0.10007, 0.00446, 0.02351 
29040.0, 12.48186, 0.24868, 2.16943, 7.63306, 0.00287, 0.27931, 3.68344, -0.00053, 0.38934, 0.42438, 0.19541, 0.43882, 0.02897, -9999.00000, 0.27147, 0.12421, 0.01412, 0.05455, 0.20842, 0.06600, 0.01192, 0.01058 
29100.0, 13.61681, 0.22828, 2.23617, 7.89963, 0.00495, 0.26317, 3.78501, 0.00594, 0.40047, 0.41150, 0.17237, 0.50358, 0.02732, -9999.00000, 0.30529, 0.14139, 0.00184, 0.04839, 0.16329, 0.08170, 0.00598, 0.01156 
29160.0, 12.01317, 0.22581, 2.19782, 8.03504, 0.00451, 0.29283, 3.82447, 0.00662, 0.40248, 0.38507, 0.07855, 0.42729, 0.03398, -9999.00000, 0.25240, 0.10927, 0.01014, 0.06614, 0.20801, 0.10161, 0.00354, 0.00790 
29220.0, 12.94392, 0.24460, 2.38316, 8.37709, 0.00579, 0.26963, 3.75754, 0.01386, 0.45947, 0.40237, 0.14437, 0.36597, 0.03227, -9999.00000, 0.27764, 0.11613, -0.00314, 0.04427, 0.18591, 0.08044, 0.00591, 0.01776 
29280.0, 13.38799, 0.23217, 1.99843, 7.36901, 0.00849, 0.27365, 3.56890, 0.00482, 0.41661, 0.39188, 0.12960, 0.35283, 0.00514, -9999.00000, 0.20798, 0.07782, -0.00322, 0.06181, 0.16609, 0.07748, 0.00451, 0.01719 
29340.0, 14.36845, 0.22410, 2.39705, 10.37585, 0.00263, 0.29539, 3.76527, 0.01531, 0.46638, 0.42893, 0.49406, 0.90848, 0.07407, -9999.00000, 0.59488, 0.23483, -0.00141, 0.04947, 0.20625, 0.09454, 0.00955, 0.01563 
29400.0, 11.88685, 0.25587, 2.22894, 8.18700, 0.00720, 0.28473, 3.71587, 0.00899, 0.42489, 0.39652, 0.13725, 0.33098, 0.05689, -9999.00000, 0.23001, 0.10691, 0.00839, 0.06067, 0.26956, 0.07699, 0.00723, 0.01261 
29460.0, 11.98573, 0.23289, 2.22856, 9.65736, 0.01179, 0.26232, 3.62287, 0.01882, 0.40820, 0.41621, 0.10544, 0.37016, 0.01648, -9999.00000, 0.21562, 0.11105, -0.00278, 0.05225, 0.29084, 0.08899, 0.01450, 0.01093 
29520.0, 12.33177, 0.23229, 1.98177, 8.07084, 0.00395, 0.25600, 3.59206, 0.01776, 0.41874, 0.39957, 0.12018, 0.38332, 0.01993, -9999.00000, 0.23050, 0.10709, -0.00760, 0.06532, 0.22772, 0.06965, 0.01441, 0.01305 
29580.0, 11.36943, 0.25061, 1.82392, 5.84675, 0.00607, 0.25000, 3.42446, 0.00202, 0.39940, 0.36850, 0.07292, 0.27239, 0.04023, -9999.00000, 0.18352, 0.07796, -0.00748, 0.04463, 0.22377, 0.07581, 0.00639, 0.01169 
29640.0, 11.64926, 0.23557, 2.14078, 8.11444, 0.00740, 0.26600, 3.56270, -0.00113, 0.44264, 0.38560, 0.17558, 0.33866, 0.03271, -9999.00000, 0.22891, 0.11056, 0.00199, 0.05129, 0.29291, 0.07497, 0.00882, 0.01135 
29700.0, 11.66818, 0.21588, 2.16266, 8.94268, 0.00850, 0.29011, 3.66229, 0.01923, 0.40433, 0.41413, 0.10657, 0.31559, -0.00531, -9999.00000, 0.20623, 0.10410, -0.00741, 0.04223, 0.23165, 0.07116, 0.01044, 0.00976 
29760.0, 11.59466, 0.25456, 2.12580, 7.18219, 0.00625, 0.27891, 3.53337, 0.00006, 0.38859, 0.37798, 0.16101, 0.29577, 0.03142, -9999.00000, 0.22509, 0.08629, 0.01572, 0.04965, 0.23658, 0.09153, 0.00047, 0.00988 
29820.0, 10.79464, 0.25034, 1.89773, 6.10582, 0.00311, 0.24060, 3.49282, 0.01357, 0.40065, 0.34520, 0.07198, 0.27781, 0.02367, -9999.00000, 0.17167, 0.07885, -0.00478, 0.03660, 0.19559, 0.05216, 0.00937, 0.01360 
29880.0, 12.65908, 0.26812, 1.98682, 7.12812, 0.00533, 0.28071, 3.76276, 0.02054, 0.38560, 0.39074, 0.11681, 0.36876, 0.03401, -9999.00000, 0.25368, 0.12056, 0.02357, 0.04679, 0.19830, 0.07531, 0.00349, 0.01040 
29940.0, 12.45139, 0.27497, 1.98166, 6.79897, 0.00366, 0.25931, 3.67499, -0.00112, 0.38684, 0.38527, 0.14715, 0.36359, 0.01491, -9999.00000, 0.22939, 0.09939, 0.01652, 0.06169, 0.21910, 0.06042, 0.01312, 0.01489 
30000.0, 10.33576, 0.24269, 1.69314, 5.74158, 0.00768, 0.23579, 3.38730, 0.00172, 0.37922, 0.36084, 0.09375, 0.21628, 0.01488, -9999.00000, 0.14599, 0.06184, 0.01157, 0.04583, 0.17167, 0.05743, 0.01068, 0.00515 
30060.0, 11.02144, 0.27003, 1.65328, 5.86996, 0.00348, 0.21703, 3.42657, 0.00824, 0.39881, 0.35229, 0.10095, 0.24244, 0.02392, -9999.00000, 0.16040, 0.05979, -0.00765, 0.03640, 0.17209, 0.06146, 0.00909, 0.00677 
30120.0, 12.43031, 0.24957, 1.87348, 6.21379, 0.00431, 0.27034, 3.49055, 0.02017, 0.41204, 0.37253, 0.19466, 0.36901, 0.04263, -9999.00000, 0.22219, 0.09587, -0.00128, 0.03377, 0.17868, 0.05689, 0.01367, 0.01355 
30180.0, 11.26564, 0.26569, 1.91650, 6.78437, 0.00522, 0.27020, 3.61872, 0.01551, 0.47689, 0.38161, 0.13798, 0.30122, -0.00531, -9999.00000, 0.19452, 0.07971, -0.00202, 0.03880, 0.19939, 0.06707, 0.00268, 0.00951 
30240.0, 10.77318, 0.24541, 1.84940, 5.45817, 0.00022, 0.24079, 3.43933, 0.00661, 0.37347, 0.33990, 0.09786, 0.29342, 0.02742, -9999.00000, 0.19190, 0.07625, 0.00245, 0.04059, 0.18611, 0.08000, 0.00245, 0.00545 
30300.0, 9.96640, 0.25625, 1.59631, 5.60936, 0.00214, 0.21207, 3.36186, 0.01405, 0.35569, 0.33650, 0.05989, 0.21079, 0.02497, -9999.00000, 0.12901, 0.05632, -0.00400, 0.02580, 0.17278, 0.04770, 0.00483, 0.00548 
30360.0, 10.56367, 0.23321, 1.66035, 5.90838, 0.00440, 0.22360, 3.41184, 0.01612, 0.44081, 0.33154, 0.06875, 0.23413, 0.01616, -9999.00000, 0.13845, 0.07164, -0.00354, 0.03979, 0.16244, 0.05617, 0.00599, 0.00620 
30420.0, 10.94948, 0.27720, 1.62099, 4.75997, 0.00148, 0.24063, 3.28372, 0.01585, 0.35589, 0.30654, 0.07387, 0.21495, -0.00531, -9999.00000, 0.10632, 0.05810, 0.00686, 0.04654, 0.15163, 0.04320, 0.00542, 0.00728 
30480.0, 11.23908, 0.26743, 1.61182, 5.59544, 0.00037, 0.26794, 3.33742, 0.00734, 0.41501, 0.31444, 0.01181, 0.22865, 0.01496, -9999.00000, 0.13342, 0.05168, -0.00769, 0.04083, 0.17958, 0.06316, 0.00947, 0.00774 
30540.0, 10.95715, 0.24166, 1.81118, 7.65637, 0.00723, 0.22653, 3.57047, 0.01295, 0.41824, 0.35859, 0.09914, 0.29745, 0.02219, -9999.00000, 0.16394, 0.06397, -0.00218, 0.03192, 0.18941, 0.06550, 0.00339, 0.00696 
