CampaignData_and_Merges/R0/CSL_MobileLab_Parked/raw/20240811/USOS-HCHO_MobileLabGround_20240811_R0.ict
35,1001
Huang, Yaoxian
Wayne State University
Picarro G2307 on CSL Mobile Lab
USOS
1,1
2024,08,11,2024,08,13
1.0
Time_Start,seconds_since_midnight,number_of_seconds_since_0000_UTC
3
1.0,1.0,1.0
-9999.0,-9999.0,-9999.0
HCHO,ppbv,Gas_HCHO_InSitu_S_AVMR,volume mixing ratio of formaldehyde in air
H2O,ppmv,Gas_H2O_InSitu_S_AVMR,volume mixing ratio of water vapor in air
CH4,ppmv,Gas_CH4_InSitu_S_AVMR,volume mixing ratio of methane in air
0
18
PI_CONTACT_INFO: yaoxian.huang@wayne.edu
PLATFORM: CSL Mobile Lab, at Ground Site
LOCATION: Salt Lake City, UT
ASSOCIATED_DATA: N/A
INSTRUMENT_INFO: Cavity Ring-Down Spectrometer
DATA_INFO: Data is averaged to 1 minute intervals for stationary and 1 second interval for driving. Stationary data collected from a 20 ft tower on top of the mobile lab.
UNCERTAINTY: N/A
ULOD_FLAG: -7777
ULOD_VALUE: N/A
LLOD_FLAG: -8888
LLOD_VALUE: N/A
DM_CONTACT_INFO: Yaoxian Huang; yaoxian.huang@wayne.edu
PROJECT_INFO: USOS, Summer 2024. https://csl.noaa.gov/groups/csl7/measurements/2024usos/
STIPULATIONS_ON_USE: Users are strongly encouraged to contact the PI for proper data usage.
OTHER_COMMENTS: Data have been shifted backwards by 1 minute to align with USOS MetNav and Picarro GHG data.
REVISION: R0
R0: Final Data
Time_Start,HCHO,H2O,CH4
[from data line 1081]
64860,1.92537,15994.0,1.8921
64920,2.41775,16098.9,1.89577
64980,2.44383,16083.8,1.89581
65040,2.13983,16274.5,1.89296
65100,2.64073,16109.4,1.89523
65160,2.09691,15433.7,1.89859
65220,1.71086,15115.0,1.89921
65280,2.03759,15167.1,1.89894
65340,2.26968,15169.1,1.89951
65400,1.95464,15225.4,1.90202
65460,2.37371,15226.2,1.8997
65520,2.26089,15133.3,1.89726
65580,2.17489,15206.6,1.89934
65640,2.15053,15099.9,1.89958
65700,1.97827,15043.5,1.90166
65760,2.13914,15321.2,1.90317
65820,1.91908,15001.1,1.90197
65880,2.04235,15056.4,1.90254
65940,2.15773,15266.9,1.9012
66000,2.07223,15311.0,1.90152
66060,2.07827,14991.4,1.90375
66120,2.30277,15036.9,1.90353
66180,2.2595,15048.8,1.90419
66240,2.24613,15017.1,1.90549
66300,2.26238,14794.4,1.90534
66360,2.42736,15047.7,1.90244
66420,2.31843,15290.5,1.89934
66480,2.13897,15277.4,1.90153
66540,2.09151,15213.7,1.90327
66600,2.44606,15312.9,1.90409
66660,2.40785,15194.3,1.90441
66720,2.18431,14840.6,1.90258
66780,2.36662,15622.0,1.90189
66840,2.31633,15293.6,1.90157
66900,2.71846,15690.4,1.90377
66960,2.50453,15855.1,1.90294
67020,2.32447,15860.2,1.90128
67080,2.27707,15834.8,1.90143
67140,2.44841,15828.7,1.90061
67200,1.99295,15515.8,1.89852
67260,2.52771,15534.8,1.89875
67320,2.55115,15720.2,1.89907
67380,2.18689,15690.8,1.90088
67440,2.1253,15493.0,1.90023
67500,2.15528,15381.8,1.90209
67560,2.3083,15098.9,1.89927
67620,2.07956,15225.5,1.902
67680,2.15445,14842.2,1.90386
67740,2.10206,14320.5,1.90298
67800,1.97879,14486.1,1.90338
67860,2.15629,14659.9,1.90299
67920,2.42051,15050.7,1.90187
67980,2.51325,15293.7,1.90428
68040,2.36368,15346.2,1.90341
68100,2.30205,15465.1,1.90291
68160,2.48858,15197.0,1.90333
68220,2.1137,14747.7,1.9041
68280,2.50348,14892.6,1.90545
68340,2.19433,14391.9,1.90702
68400,2.21416,14644.0,1.90525
68460,2.1686,14865.2,1.90544
68520,2.52995,15089.2,1.90441
68580,2.37588,15084.2,1.90143
68640,2.19084,15069.2,1.89919
68700,1.97916,14974.5,1.90124
68760,2.3007,15089.1,1.9027
68820,1.96347,15136.3,1.90064
68880,2.10361,15145.8,1.90053
68940,2.02904,15238.8,1.89821
69000,2.15097,15481.6,1.90127
69060,2.2221,15412.8,1.90158
69120,1.8617,14902.3,1.90287
69180,1.88044,14929.6,1.90053
69240,1.85732,15026.2,1.8993
69300,2.30424,14434.3,1.9031
69360,2.0526,15151.0,1.90437
69420,2.05114,14904.2,1.90315
69480,2.11895,14679.9,1.90134
69540,2.37872,15004.3,1.90078
69600,2.27595,14933.5,1.90019
69660,2.07126,14869.1,1.90251
69720,2.31305,14854.9,1.90163
69780,2.25303,14681.8,1.90109
69840,2.28572,15021.0,1.90297
69900,2.41909,14467.3,1.90481
69960,2.14437,14045.4,1.90491
70020,2.31631,14409.1,1.90636
70080,2.19276,14769.3,1.90432
70140,2.14597,14595.5,1.90282
70200,2.55336,15510.4,1.90229
70260,2.54661,15155.4,1.90114
70320,2.44178,16139.6,1.89786
70380,2.65562,15707.9,1.90045
70440,2.6411,15445.8,1.9043
70500,2.27894,15335.6,1.90183
70560,2.16281,14921.9,1.89942
70620,2.48729,14843.8,1.89965
70680,2.54056,14517.2,1.90037
70740,2.15065,14798.1,1.90211
70800,2.1239,14484.1,1.90426
70860,2.56017,14490.8,1.90412
70920,2.40274,14614.2,1.90265
70980,2.28925,14634.6,1.90099
71040,2.34883,14701.4,1.90215
71100,2.19747,14698.4,1.90378
71160,2.15117,14947.5,1.90365
71220,2.23347,13983.9,1.90387
71280,2.40386,13691.5,1.90772
71340,2.62349,13568.3,1.90634
71400,2.25652,13305.5,1.90765
71460,2.05743,12124.5,1.91508
71520,2.21789,12203.7,1.91351
71580,1.98381,12186.7,1.91411
71640,2.33848,13077.6,1.91101
71700,2.33462,13694.0,1.90678
71760,2.43154,14652.4,1.9036
71820,2.45634,14097.1,1.90675
71880,2.53625,13638.7,1.90751
71940,2.34081,13374.4,1.90729
72000,2.49707,13342.7,1.90695
72060,2.27828,13448.7,1.90945
72120,2.25353,13421.1,1.90685
72180,2.32845,13285.3,1.90954
72240,2.38411,13754.2,1.90768
72300,2.33971,14061.3,1.90396
72360,2.23146,13878.4,1.90495
72420,2.37377,14217.4,1.90361
72480,2.40874,14273.3,1.90397
72540,2.64121,14446.7,1.90083
72600,2.40934,14543.7,1.89914
72660,2.43828,14807.5,1.89949
72720,2.55775,14410.4,1.90074
72780,2.55097,14104.1,1.90451
72840,2.63766,14030.1,1.90482
72900,2.35416,13734.3,1.90396
72960,2.37292,13606.8,1.90611
73020,2.40982,13646.8,1.90595
73080,2.23739,13698.8,1.90399
73140,2.1765,13649.7,1.90477
73200,2.39571,13961.8,1.90689
73260,2.60769,13898.2,1.90367
73320,2.20882,13658.7,1.90468
73380,2.4303,13597.5,1.9042
73440,2.42704,13892.4,1.90428
73500,1.88254,13885.8,1.90254
73560,2.13673,14018.4,1.90152
73620,2.04574,14126.0,1.90176
73680,2.17358,14159.7,1.89861
73740,1.81888,14005.3,1.90295
73800,2.03008,14028.2,1.90019
73860,2.1664,13953.2,1.89896
73920,2.24434,14226.0,1.89989
73980,2.10676,13859.4,1.89951
74040,2.05468,13974.6,1.90072
74100,2.01088,14273.5,1.90067
74160,1.92605,13660.0,1.90241
74220,2.41129,15320.3,1.8985
74280,2.25726,14321.2,1.90014
74340,2.2481,14560.6,1.89899
74400,2.10695,14623.7,1.90024
74460,2.03654,14905.8,1.89894
74520,2.11868,14905.9,1.89529
74580,2.129,14433.0,1.89971
74640,2.16465,14048.9,1.89888
74700,2.16677,13862.5,1.89954
74760,2.1047,14012.2,1.89695
74820,2.26123,14310.0,1.90151
74880,2.35918,14467.2,1.90374
74940,2.03583,14049.6,1.90022
75000,2.04676,14184.7,1.90021
75060,2.0414,14160.7,1.89868
75120,2.0346,13915.7,1.89988
75180,2.46247,14311.1,1.90379
75240,2.29245,14915.5,1.90136
75300,2.55596,15135.0,1.8991
75360,2.37188,14937.5,1.89918
75420,2.3402,15061.3,1.89673
75480,2.74243,15387.9,1.89775
75540,2.41564,15251.8,1.89936
75600,2.32555,14803.4,1.90254
75660,2.66999,15812.8,1.89613
75720,2.34165,15008.8,1.90017
75780,2.28401,14865.2,1.90007
75840,2.45168,14526.9,1.8994
75900,2.3032,14147.4,1.89904
75960,2.11981,13880.4,1.89796
76020,2.25991,13933.8,1.89842
76080,2.1495,14098.6,1.89881
76140,2.16808,13963.8,1.89953
76200,2.49003,15006.3,1.89836
76260,2.28018,15100.3,1.89662
76320,2.29797,14986.3,1.89855
76380,2.48432,14057.6,1.90167
76440,2.34337,13874.3,1.898
76500,2.26335,14023.6,1.90042
76560,2.03811,14151.8,1.89711
76620,2.41724,14028.7,1.89911
76680,2.29467,13755.4,1.89972
76740,2.29207,14033.1,1.9009
76800,2.5221,15436.6,1.89712
76860,2.26905,14649.8,1.8978
76920,2.26671,14602.1,1.90152
76980,2.11412,14482.2,1.90097
77040,2.24636,13961.6,1.90343
77100,2.14332,13945.3,1.90218
77160,2.11557,13973.8,1.89992
77220,1.95827,13716.3,1.90111
77280,2.03038,14172.5,1.89934
77340,2.12504,14229.8,1.90186
77400,1.82105,14098.5,1.8981
77460,2.01832,13689.4,1.8995
77520,2.29911,13993.8,1.89773
77580,2.17519,14651.6,1.90059
77640,2.30361,14578.1,1.89859
77700,2.11356,14276.2,1.8999
77760,2.24382,14194.2,1.89999
77820,2.2928,13864.8,1.89985
77880,2.15281,14166.9,1.90133
77940,2.2189,14278.3,1.90222
78000,2.15842,14402.1,1.89982
78060,2.13863,14180.9,1.89862
78120,2.26305,14213.8,1.90116
78180,2.16056,14143.4,1.90072
78240,2.0752,14185.4,1.89975
78300,2.26613,14363.0,1.90306
78360,1.99124,14209.1,1.90145
78420,2.34097,14296.4,1.9012
78480,2.12866,13620.9,1.90031
78540,2.22256,13768.7,1.90259
78600,2.3199,13877.5,1.90451
78660,2.50475,14315.6,1.90331
78720,2.11884,13597.6,1.90167
78780,2.06517,13665.2,1.89943
78840,2.13208,14082.2,1.89945
78900,2.04429,13765.0,1.90112
78960,2.19064,13941.9,1.9002
79020,2.05805,13918.0,1.90071
79080,1.95159,13445.4,1.89997
79140,2.29616,13579.8,1.90054
79200,1.94141,13626.0,1.90054
79260,1.90792,13585.7,1.89834
79320,2.05755,13669.3,1.90028
79380,2.35014,13864.5,1.90327
79440,2.25772,13825.1,1.90311
79500,2.00035,13670.0,1.90208
79560,2.19417,13620.6,1.90306
79620,2.2592,13645.0,1.90218
79680,2.22586,13581.9,1.90001
79740,2.33818,13674.8,1.90075
79800,2.29889,13689.8,1.90078
79860,2.00794,13682.5,1.90051
79920,2.1514,14004.0,1.90385
79980,2.28817,14042.5,1.90074
80040,1.90864,13991.2,1.89907
80100,2.03277,13977.1,1.90106
80160,2.00648,14053.0,1.90209
80220,1.97532,13963.0,1.90199
80280,2.08536,14057.1,1.8999
80340,2.03719,14355.8,1.90105
80400,2.09027,14231.4,1.89962
80460,2.0442,14168.4,1.90066
80520,2.02842,14483.7,1.9027
80580,2.09277,14420.9,1.8996
80640,1.93924,14040.2,1.89911
80700,1.72234,13967.2,1.89825
80760,1.88173,14074.8,1.90095
80820,1.96481,13847.1,1.90125
80880,1.90359,13865.3,1.90201
80940,2.01051,13937.4,1.8995
81000,1.77198,13858.6,1.89914
81060,1.74584,13703.6,1.89873
81120,2.05468,13878.3,1.89818
81180,2.07004,13762.3,1.89788
81240,1.75641,13686.1,1.901
81300,1.79379,13746.7,1.89802
81360,1.881,13682.4,1.89788
81420,1.8981,13661.2,1.9001
81480,1.65484,13624.1,1.89802
81540,1.66508,13748.2,1.898
81600,1.97543,13652.6,1.90058
81660,2.02346,13707.6,1.90211
81720,1.99981,14155.4,1.90084
81780,2.00605,14032.7,1.89857
81840,1.87022,13993.7,1.89911
81900,1.97838,13777.2,1.89746
81960,1.95183,13878.5,1.89835
82020,2.14762,14010.8,1.89882
82080,2.31817,14088.4,1.90075
82140,2.12888,14209.3,1.89845
82200,1.81264,13813.6,1.89851
82260,1.86811,13908.1,1.89959
82320,2.11149,13999.8,1.89761
82380,1.85325,13786.0,1.89626
82440,2.2867,14420.9,1.89582
82500,2.01741,14303.8,1.89875
82560,1.80488,13632.3,1.89874
82620,1.93847,13791.5,1.89803
82680,2.13272,14122.1,1.898
82740,2.23534,14024.6,1.89893
82800,2.22857,15062.6,1.89441
82860,2.15928,13927.0,1.89705
82920,2.1735,13960.0,1.89982
82980,2.27055,14777.1,1.8973
83040,2.16337,14207.9,1.89758
83100,1.94392,14087.9,1.8988
83160,1.98964,14155.5,1.89879
83220,2.12561,14222.2,1.89827
83280,2.0838,13837.2,1.89778
83340,2.23316,14254.7,1.89818
83400,1.89819,13991.7,1.9
83460,2.23794,14287.6,1.8972
83520,1.95931,13670.3,1.89865
83580,1.84901,13658.0,1.89874
83640,2.18988,13758.7,1.90162
83700,2.03609,13758.7,1.89845
83760,2.33088,14264.5,1.8958
83820,1.99836,14427.2,1.89726
83880,2.20778,14627.2,1.89536
83940,2.34665,14305.5,1.8962
84000,2.01015,13507.1,1.89718
84060,1.90111,13455.6,1.89873
84120,1.84322,13538.0,1.89789
84180,1.6713,13705.6,1.89937
84240,1.81379,13572.5,1.89776
84300,2.02316,13662.7,1.90182
84360,2.26276,13609.7,1.89973
84420,1.91549,13630.8,1.90019
84480,2.0996,13641.3,1.90016
84540,2.24631,13540.2,1.90044
84600,2.02203,13670.0,1.90091
84660,1.99267,13969.3,1.89859
84720,2.23989,14540.6,1.89996
84780,2.43682,14546.6,1.90143
84840,2.18173,13884.7,1.90146
84900,2.22786,13860.3,1.90509
84960,2.29727,14338.7,1.90334
85020,2.42503,14607.2,1.90141
85080,2.25497,14722.6,1.9054
85140,2.11014,14600.1,1.90534
85200,2.47764,15051.0,1.9051
85260,2.18132,14857.7,1.90202
85320,2.52433,14514.8,1.90552
85380,2.26764,15026.4,1.89955
85440,2.41721,14844.4,1.90346
85500,2.52096,14768.5,1.90583
85560,2.52153,14323.6,1.90282
85620,2.53383,14955.1,1.90259
85680,2.59211,15021.8,1.90614
85740,2.30035,14035.0,1.90838
85800,2.14703,14331.7,1.90855
85860,2.02168,14135.5,1.90492
85920,2.13771,14350.4,1.90657
85980,2.2972,14296.3,1.90524
86040,2.38828,14149.5,1.90506
86100,2.62495,14720.8,1.90574
86160,2.34621,13983.6,1.90791
86220,2.27417,14263.5,1.90145
86280,2.35508,14655.7,1.90621
86340,-9999.0,-9999.0,-9999.0
