CampaignData_and_Merges/R0/CSL_MobileLab_Parked/raw/20240811/USOS-NOAAIodideCIMS-Halogens_MobileLabGround_20240811_RA.ict
38, 1001
Michael A Robinson, Chris Jernigan, Subi Thakali
NOAA ESRL Chemical Sciences Laboratory and CIRES, U. of Colorado
NOAA Iodide CIMS Instrument
USOS
1, 1
2024, 08, 11, 2024, 08, 13
1
starttime_UTC, seconds_past_midnight, seconds_of_day_since_00:00:00_UTC
6
1, 1, 1, 1, 1, 1
-9999, -9999, -9999, -9999, -9999, -9999
Br2_NOAACIMS, pptv, Gas_Br2_InSitu_S_AVMR, 
BrO_NOAACIMS, pptv, Gas_BrO_InSitu_S_AVMR, 
Cl2_NOAACIMS, pptv, Gas_Cl2_InSitu_S_AVMR, 
ClNO2_NOAACIMS, pptv, Gas_ClNO2_InSitu_S_AVMR, 
BrCl_NOAACIMS, pptv, Gas_BrCl_InSitu_S_AVMR, 
NCl3_NOAACIMS, pptv, Gas_NCl3_InSitu_S_AVMR, 
0
18
PI_CONTACT_INFO: 325 Broadway, R/CSD 7, Boulder, Colorado 80305; michael.a.robinson@noaa.gov; chris.jernigan@noaa.gov;
PLATFORM: NOAA CSL Mobile Lab
LOCATION: SLC, Utah
ASSOCIATED_DATA: 1Hz data also available on request.
INSTRUMENT_INFO: NOAA I- ToF CIMS
DATA_INFO: All data in parts per trillion by volume (pptv). 1 Hz data is available upon request.
UNCERTAINTY: TBD
ULOD_FLAG: -7777
ULOD_VALUE: N/A
LLOD_FLAG: -8888
LLOD_VALUE: N/A
DM_CONTACT_INFO: Nathan Howard; nathan.h.howard@noaa.gov
PROJECT_INFO: USOS, summer 2024. https://csl.noaa.gov/groups/csl7/measurements/2024usos/
STIPULATIONS_ON_USE: Users are strongly encouraged to contact the PI for proper data usage.
OTHER_COMMENTS: 
REVISION: RA
RA: Preliminary Data; For in-field use only
starttime_UTC, Br2_NOAACIMS, BrO_NOAACIMS, Cl2_NOAACIMS, ClNO2_NOAACIMS, BrCl_NOAACIMS, NCl3_NOAACIMS
[from data line 260]
 15600,  0.845,  0.065,  0.639,  0.097,  0.233,  2.067
 15660,  0.868,  0.055,  0.740,  0.074,  0.177,  1.895
 15720,  1.011,  0.045,  0.797,  0.058,  0.197,  2.282
 15780,  1.107,  0.027,  0.766,  0.086,  0.187,  2.489
 15840,  1.058,  0.005,  0.801,  0.092,  0.199,  2.931
 15900,  1.154,  0.028,  0.754,  0.119,  0.211,  3.083
 15960,  1.179,  0.061,  0.781,  0.084,  0.221,  3.345
 16020,  0.869,  0.070,  0.853,  0.098,  0.166,  3.806
 16080,  0.833,  0.021,  0.903,  0.102,  0.196,  3.903
 16140,  0.843,  0.065,  0.918,  0.103,  0.179,  4.455
 16200,  0.819,  0.001,  0.888,  0.091,  0.185,  4.144
 16260,  0.715,  0.003,  0.876,  0.100,  0.255,  4.176
 16320,  0.929,  0.042,  0.851,  0.099,  0.187,  3.929
 16380,  0.633,  0.081,  0.843,  0.107,  0.216,  3.901
 16440,  0.754,  0.004,  0.889,  0.087,  0.224,  3.728
 16500,  0.739, -0.034,  0.922,  0.121,  0.196,  3.543
 16560,  0.760,  0.005,  0.889,  0.119,  0.166,  3.606
 16620,  0.692,  0.005,  0.888,  0.101,  0.190,  3.272
 16680,  0.713, -0.006,  0.812,  0.094,  0.229,  3.230
 16740, -9999.000, -9999.000, -9999.000, -9999.000, -9999.000, -9999.000
 16800,  0.623, -0.028,  0.857,  0.085,  0.198,  3.082
 16860,  0.708, -0.028,  0.868,  0.091,  0.235,  3.180
 16920,  0.760,  0.023,  0.857,  0.084,  0.212,  2.859
 16980,  0.781,  0.050,  0.811,  0.086,  0.243,  2.903
 17040,  0.786, -0.013,  0.834,  0.105,  0.217,  2.979
 17100,  0.754, -0.002,  0.906,  0.093,  0.179,  2.975
 17160,  0.850, -0.008,  0.923,  0.117,  0.196,  2.749
 17220,  0.759, -0.009,  0.794,  0.108,  0.163,  2.459
 17280,  0.795,  0.023,  0.782,  0.083,  0.191,  2.467
 17340,  0.755, -0.002,  0.745,  0.094,  0.191,  2.608
 17400,  0.883, -0.005,  0.727,  0.095,  0.163,  2.574
 17460,  0.792, -0.009,  0.873,  0.086,  0.170,  2.995
 17520,  0.742,  0.045,  0.769,  0.115,  0.146,  2.712
 17580,  0.819, -0.049,  0.878,  0.104,  0.148,  2.786
 17640,  0.825,  0.016,  0.879,  0.104,  0.162,  2.966
 17700,  0.783,  0.036,  0.872,  0.115,  0.143,  3.353
 17760,  0.822, -0.009,  0.834,  0.134,  0.174,  3.104
 17820,  0.771, -0.005,  0.793,  0.080,  0.170,  3.498
 17880,  0.814,  0.023,  0.868,  0.092,  0.171,  3.419
 17940,  0.807, -0.021,  0.798,  0.086,  0.133,  3.616
 18000,  0.867,  0.013,  0.840,  0.087,  0.218,  3.975
 18060,  0.782, -0.009,  0.898,  0.082,  0.127,  3.884
 18120,  0.839,  0.074,  0.891,  0.096,  0.142,  4.129
 18180,  0.889,  0.014,  0.863,  0.076,  0.120,  3.948
 18240,  0.963,  0.052,  0.799,  0.120,  0.165,  4.247
 18300,  0.880,  0.017,  0.981,  0.096,  0.163,  4.208
 18360,  0.972, -0.008,  0.969,  0.125,  0.150,  3.996
 18420,  0.886, -0.043,  0.800,  0.125,  0.130,  3.330
 18480,  0.988,  0.001,  0.806,  0.105,  0.146,  3.252
 18540,  1.016, -0.008,  0.886,  0.115,  0.146,  3.420
 18600,  0.811, -0.025,  1.005,  0.188,  0.195,  3.511
 18660,  0.808,  0.128,  0.842,  0.099,  0.165,  3.383
 18720,  1.003, -0.039,  0.889,  0.138,  0.170,  3.005
 18780,  1.047,  0.001,  0.893,  0.117,  0.139,  3.047
 18840,  1.017, -0.054,  0.840,  0.126,  0.156,  2.860
 18900,  0.996, -0.012,  0.892,  0.123,  0.130,  2.896
 18960,  0.943, -0.007,  0.867,  0.124,  0.155,  2.717
 19020,  1.007, -0.009,  0.883,  0.120,  0.134,  2.673
 19080,  0.876, -0.057,  0.920,  0.115,  0.118,  2.791
 19140,  0.979, -0.069,  0.780,  0.137,  0.121,  2.767
 19200,  0.958, -0.037,  0.775,  0.130,  0.127,  2.803
 19260,  0.866,  0.023,  0.819,  0.139,  0.130,  2.836
 19320,  0.861, -0.038,  0.818,  0.125,  0.137,  2.800
 19380,  0.888, -0.009,  0.744,  0.126,  0.179,  2.680
 19440,  0.820, -0.028,  0.752,  0.129,  0.156,  2.727
 19500,  0.915,  0.020,  0.845,  0.134,  0.120,  2.949
 19560,  0.765,  0.003,  0.845,  0.148,  0.110,  2.717
 19620,  0.941,  0.024,  0.834,  0.156,  0.208,  3.001
 19680,  0.947,  0.008,  0.848,  0.175,  0.209,  2.874
 19740,  0.772,  0.012,  0.774,  0.200,  0.172,  3.066
 19800,  0.863,  0.003,  0.879,  0.221,  0.189,  2.827
 19860,  0.868, -0.035,  0.864,  0.286,  0.151,  3.508
 19920,  0.843,  0.037,  0.744,  0.205,  0.130,  3.646
 19980,  0.983, -0.021,  0.879,  0.386,  0.085,  4.478
 20040,  0.807, -0.041,  0.757,  0.270,  0.149,  4.263
 20100,  0.839, -0.002,  0.781,  0.273,  0.164,  4.475
 20160,  0.908, -0.009,  0.760,  0.277,  0.147,  3.972
 20220,  0.809,  0.094,  0.689,  0.200,  0.167,  3.368
 20280,  0.769, -0.040,  0.723,  0.243,  0.153,  3.604
 20340,  0.928, -0.002,  0.756,  0.231,  0.130,  3.702
 20400,  0.757,  0.019,  0.807,  0.251,  0.182,  3.417
 20460, -9999.000, -9999.000, -9999.000, -9999.000, -9999.000, -9999.000
 20520,  0.754, -0.008,  0.717,  0.183,  0.151,  3.473
 20580,  0.807, -0.042,  0.667,  0.192,  0.145,  3.133
 20640,  0.717, -0.007,  0.667,  0.169,  0.163,  3.232
 20700,  0.860, -0.036,  0.663,  0.172,  0.189,  3.218
 20760,  0.766,  0.013,  0.655,  0.189,  0.176,  3.199
 20820,  0.763, -0.024,  0.694,  0.170,  0.133,  3.261
 20880,  0.634,  0.012,  0.708,  0.127,  0.171,  2.849
 20940,  0.808, -0.014,  0.696,  0.142,  0.124,  3.120
 21000,  0.812, -0.015,  0.735,  0.134,  0.162,  2.988
 21060,  0.848, -0.029,  0.690,  0.126,  0.128,  2.845
 21120,  0.770, -0.017,  0.772,  0.136,  0.151,  3.003
 21180,  0.588, -0.014,  0.779,  0.173,  0.151,  3.349
 21240,  0.828,  0.027,  0.780,  0.175,  0.123,  3.512
 21300,  0.850,  0.027,  0.870,  0.157,  0.185,  3.481
 21360,  0.783,  0.043,  0.845,  0.191,  0.146,  3.776
 21420,  0.782, -0.020,  0.854,  0.195,  0.194,  3.486
 21480,  0.834, -0.000,  0.832,  0.219,  0.181,  3.795
 21540,  0.806,  0.080,  0.748,  0.194,  0.162,  3.747
 21600,  0.766,  0.006,  0.754,  0.238,  0.191,  3.599
 21660,  0.727, -0.023,  0.751,  0.200,  0.182,  3.451
 21720,  0.778,  0.031,  0.767,  0.159,  0.144,  3.531
 21780,  0.764,  0.007,  0.874,  0.154,  0.131,  3.597
 21840,  0.870, -0.029,  0.777,  0.171,  0.187,  3.838
 21900,  0.893,  0.020,  0.768,  0.145,  0.168,  3.566
 21960,  0.771, -0.003,  0.773,  0.181,  0.178,  3.537
 22020,  0.884,  0.011,  0.856,  0.169,  0.199,  3.614
 22080,  0.642,  0.036,  0.924,  0.165,  0.231,  3.476
 22140,  0.824,  0.019,  0.846,  0.186,  0.183,  3.372
 22200,  0.798, -0.024,  0.983,  0.226,  0.193,  4.054
 22260,  0.766,  0.071,  1.041,  0.389,  0.224,  5.688
 22320,  0.630,  0.136,  1.206,  0.933,  0.122, 12.430
 22380,  0.772,  0.053,  1.303,  0.814,  0.230, 10.564
 22440,  0.868,  0.011,  1.056,  0.557,  0.220,  7.643
 22500,  0.823,  0.027,  0.850,  0.194,  0.210,  4.255
 22560,  0.850, -0.013,  0.795,  0.219,  0.156,  3.798
 22620,  0.862,  0.009,  0.858,  0.243,  0.216,  3.659
 22680,  0.807,  0.010,  0.887,  0.232,  0.216,  4.048
 22740,  0.707,  0.005,  0.954,  0.197,  0.185,  3.740
 22800,  0.709,  0.004,  0.783,  0.217,  0.139,  3.680
 22860,  0.750, -0.021,  0.824,  0.212,  0.218,  3.358
 22920,  0.646,  0.053,  0.758,  0.169,  0.205,  3.394
 22980,  0.675,  0.013,  0.808,  0.153,  0.191,  3.461
 23040,  0.685, -0.010,  0.825,  0.149,  0.225,  3.441
 23100,  0.742,  0.002,  0.855,  0.147,  0.203,  3.642
 23160,  0.799,  0.008,  0.811,  0.167,  0.172,  3.553
 23220,  0.646,  0.017,  0.966,  0.312,  0.193,  4.879
 23280,  0.736,  0.042,  1.165,  0.689,  0.206,  7.936
 23340,  0.740,  0.083,  1.189,  0.686,  0.221,  8.202
 23400,  0.650,  0.027,  1.031,  0.462,  0.199,  6.439
 23460,  0.739, -0.001,  0.824,  0.213,  0.196,  4.125
 23520,  0.655, -0.000,  0.826,  0.202,  0.168,  3.533
 23580,  0.700,  0.032,  0.782,  0.139,  0.190,  3.189
 23640,  0.588,  0.010,  0.845,  0.171,  0.189,  3.065
 23700,  0.566,  0.024,  0.814,  0.146,  0.182,  3.433
 23760,  0.675,  0.018,  0.848,  0.155,  0.249,  3.631
 23820,  0.593,  0.035,  0.843,  0.153,  0.202,  3.576
 23880,  0.684, -0.010,  0.937,  0.142,  0.220,  3.618
 23940,  0.620,  0.032,  0.896,  0.190,  0.206,  3.492
 24000,  0.619, -0.002,  0.856,  0.154,  0.249,  3.460
 24060,  0.703, -0.004,  0.818,  0.130,  0.196,  3.561
 24120,  0.719,  0.002,  0.798,  0.190,  0.208,  3.248
 24180, -9999.000, -9999.000, -9999.000, -9999.000, -9999.000, -9999.000
 24240,  0.684,  0.083,  0.886,  0.269,  0.335,  5.362
 24300,  0.563,  0.040,  0.871,  0.170,  0.185,  3.160
 24360,  0.659,  0.055,  0.738,  0.160,  0.207,  3.402
 24420,  0.626,  0.069,  0.836,  0.169,  0.192,  3.409
 24480,  0.718,  0.049,  0.823,  0.176,  0.196,  3.612
 24540,  0.671,  0.047,  0.861,  0.146,  0.185,  3.397
 24600,  0.618,  0.005,  0.833,  0.147,  0.194,  3.452
 24660,  0.718,  0.029,  0.773,  0.154,  0.229,  3.601
 24720,  0.573,  0.084,  0.851,  0.183,  0.216,  3.205
 24780,  0.740,  0.045,  0.873,  0.178,  0.198,  3.257
 24840,  0.638,  0.016,  0.949,  0.425,  0.333,  7.814
 24900,  0.630,  0.035,  0.831,  0.291,  0.228,  4.800
 24960,  0.747, -0.009,  0.897,  0.290,  0.256,  5.486
 25020,  0.715,  0.114,  0.996,  0.465,  0.302,  7.180
 25080,  0.611,  0.040,  0.954,  0.576,  0.327,  7.563
 25140,  0.689,  0.074,  1.002,  0.642,  0.272,  7.408
 25200,  0.699,  0.060,  0.955,  0.894,  0.328,  7.757
 25260,  0.744,  0.033,  0.903,  0.980,  0.218,  7.586
 25320,  0.616,  0.050,  0.844,  1.057,  0.229,  6.787
 25380,  0.689,  0.026,  0.968,  1.406,  0.252,  9.215
 25440,  0.482,  0.095,  1.023,  1.886,  0.225, 10.984
 25500,  0.512,  0.022,  0.926,  2.120,  0.164, 11.701
 25560,  0.551,  0.076,  0.827,  2.313,  0.158, 12.234
 25620,  0.500,  0.047,  0.886,  2.174,  0.179, 11.851
 25680,  0.644,  0.024,  0.897,  2.110,  0.153, 11.315
 25740,  0.433,  0.043,  0.897,  2.012,  0.181, 11.571
 25800,  0.432,  0.100,  0.942,  1.963,  0.205, 11.253
 25860,  0.674,  0.069,  0.871,  2.068,  0.226, 10.993
 25920,  0.584,  0.085,  0.852,  1.952,  0.151, 10.747
 25980,  0.661,  0.044,  0.834,  1.886,  0.168, 10.022
 26040,  0.543,  0.034,  0.842,  1.603,  0.215, 10.475
 26100,  0.586,  0.015,  0.786,  1.587,  0.168,  9.434
 26160,  0.656,  0.081,  0.799,  1.542,  0.202,  9.774
 26220,  0.671,  0.091,  0.870,  1.722,  0.173,  9.692
 26280,  0.719,  0.042,  0.839,  1.628,  0.171,  9.362
 26340,  0.631,  0.016,  0.795,  1.645,  0.170,  9.332
 26400,  0.756,  0.126,  0.852,  1.646,  0.182,  9.446
 26460,  0.643,  0.036,  0.890,  1.521,  0.224,  9.000
 26520,  0.651,  0.086,  0.907,  1.498,  0.184,  9.109
 26580,  0.625,  0.082,  0.910,  1.529,  0.239,  9.018
 26640,  0.586,  0.018,  0.954,  1.591,  0.166,  9.357
 26700,  0.648,  0.037,  1.085,  1.737,  0.175, 10.903
 26760,  0.703,  0.096,  1.184,  1.651,  0.155, 11.885
 26820,  0.748,  0.048,  1.174,  1.795,  0.188, 12.127
 26880,  0.773,  0.007,  1.147,  1.626,  0.184, 11.783
 26940,  0.663,  0.093,  1.150,  1.781,  0.195, 11.105
 27000,  0.705,  0.026,  1.042,  1.698,  0.156,  9.502
 27060,  0.741,  0.074,  0.994,  1.838,  0.180, 10.034
 27120,  0.705,  0.027,  1.143,  1.678,  0.154, 10.357
 27180,  0.776,  0.041,  1.022,  1.570,  0.199, 10.536
 27240,  0.648,  0.042,  1.182,  1.539,  0.182, 11.060
 27300,  0.743,  0.015,  1.066,  1.505,  0.128, 10.664
 27360,  0.689,  0.047,  1.006,  1.571,  0.184, 10.917
 27420,  0.820,  0.041,  1.004,  1.752,  0.138, 11.219
 27480,  0.755,  0.022,  1.100,  1.759,  0.139, 11.724
 27540,  0.722,  0.053,  1.201,  1.695,  0.132, 11.904
 27600,  0.735,  0.054,  0.993,  1.768,  0.129, 11.004
 27660,  0.832,  0.079,  0.883,  1.716,  0.149, 10.989
 27720,  0.682,  0.059,  0.951,  1.669,  0.128, 10.925
 27780,  0.907,  0.054,  0.984,  1.702,  0.167, 10.922
 27840, -9999.000, -9999.000, -9999.000, -9999.000, -9999.000, -9999.000
 27900,  0.709,  0.003,  1.016,  1.721,  0.121, 11.144
 27960,  0.763,  0.028,  0.915,  1.767,  0.134, 10.816
 28020,  0.733,  0.022,  0.929,  1.806,  0.150, 11.477
 28080,  0.742,  0.057,  1.009,  1.749,  0.132, 11.504
 28140,  0.725,  0.022,  0.854,  1.794,  0.109, 11.117
 28200,  0.699,  0.080,  0.855,  1.833,  0.135, 10.958
 28260,  0.731,  0.018,  0.867,  1.754,  0.118, 10.725
 28320,  0.655,  0.047,  0.781,  1.723,  0.135, 10.870
 28380,  0.700,  0.022,  0.711,  1.856,  0.106, 10.480
 28440,  0.637,  0.050,  0.852,  1.903,  0.141, 10.350
 28500,  0.775,  0.008,  0.772,  1.219,  0.130,  8.746
 28560,  0.832,  0.009,  0.789,  1.326,  0.124,  9.335
 28620,  0.717,  0.020,  0.859,  1.265,  0.150,  8.777
 28680,  0.677,  0.034,  0.908,  1.381,  0.122,  9.300
 28740,  0.659,  0.062,  0.845,  1.322,  0.131,  9.073
 28800,  0.666,  0.016,  0.791,  1.362,  0.146,  8.559
 28860,  0.693,  0.016,  0.699,  1.291,  0.148,  8.135
 28920,  0.644,  0.032,  0.864,  1.465,  0.116,  8.356
 28980,  0.718,  0.078,  0.912,  1.221,  0.129,  8.251
 29040,  0.627, -0.001,  0.849,  0.976,  0.122,  7.426
 29100,  0.692,  0.043,  0.829,  1.054,  0.185,  7.400
 29160,  0.846, -0.000,  0.712,  0.818,  0.160,  7.294
 29220,  0.704,  0.024,  0.707,  0.787,  0.155,  6.542
 29280,  0.699, -0.028,  0.767,  0.593,  0.155,  6.832
 29340,  0.684,  0.018,  0.686,  0.661,  0.134,  6.621
 29400,  0.534,  0.032,  0.702,  0.540,  0.123,  6.585
 29460,  0.665,  0.022,  0.763,  0.494,  0.144,  6.253
 29520,  0.688,  0.004,  0.706,  0.502,  0.179,  6.411
 29580,  0.593,  0.004,  0.664,  0.549,  0.144,  6.296
 29640,  0.641, -0.031,  0.728,  0.512,  0.114,  6.188
 29700, -9999.000, -9999.000, -9999.000, -9999.000, -9999.000, -9999.000
 29760,  0.664,  0.077,  0.703,  0.512,  0.166,  6.174
 29820,  0.630,  0.010,  0.755,  0.512,  0.127,  6.544
 29880,  0.586,  0.002,  0.792,  0.523,  0.120,  6.896
 29940,  0.640,  0.002,  0.837,  0.484,  0.156,  6.928
 30000,  0.664,  0.077,  0.818,  0.299,  0.143,  6.291
 30060,  0.570,  0.051,  0.858,  0.327,  0.201,  6.768
 30120,  0.630, -0.013,  0.813,  0.367,  0.162,  6.067
 30180,  0.671,  0.025,  0.754,  0.361,  0.169,  6.268
 30240,  0.643,  0.018,  0.815,  0.345,  0.159,  6.037
 30300,  0.532,  0.015,  0.751,  0.310,  0.187,  5.667
 30360,  0.671,  0.029,  0.816,  0.349,  0.145,  5.883
 30420,  0.738,  0.000,  0.839,  0.313,  0.159,  6.663
 30480,  0.692,  0.029,  0.776,  0.301,  0.156,  7.168
 30540,  0.716,  0.051,  0.884,  0.353,  0.167,  6.281
 30600,  0.644, -0.022,  0.850,  0.364,  0.222,  7.348
 30660,  0.717,  0.055,  0.824,  0.373,  0.148,  6.915
 30720,  0.667,  0.028,  0.851,  0.330,  0.160,  6.387
 30780,  0.651,  0.079,  0.837,  0.284,  0.147,  6.328
 30840,  0.768,  0.008,  0.857,  0.307,  0.173,  7.059
 30900,  0.702,  0.003,  0.830,  0.326,  0.125,  6.965
 30960,  0.686,  0.064,  0.888,  0.297,  0.170,  7.759
 31020,  0.682,  0.034,  0.892,  0.285,  0.185,  7.761
 31080,  0.677,  0.036,  0.971,  0.284,  0.199,  9.406
 31140,  0.640,  0.046,  0.974,  0.269,  0.186,  9.323
 31200,  0.625,  0.056,  1.082,  0.323,  0.187,  9.723
 31260,  0.714,  0.002,  1.076,  0.341,  0.185,  9.950
 31320,  0.770,  0.104,  1.041,  0.264,  0.165,  9.023
 31380,  0.618,  0.087,  0.957,  0.344,  0.202,  9.236
 31440,  0.653,  0.022,  0.988,  0.322,  0.202,  9.378
 31500,  0.716,  0.069,  1.007,  0.319,  0.248,  8.510
 31560, -9999.000, -9999.000, -9999.000, -9999.000, -9999.000, -9999.000
 31620,  0.718,  0.038,  0.869,  0.328,  0.160,  7.844
 31680,  0.616,  0.041,  0.834,  0.364,  0.194,  7.813
 31740,  0.704,  0.059,  0.910,  0.315,  0.156,  7.673
 31800,  0.700,  0.052,  0.873,  0.349,  0.202,  7.514
 31860,  0.646,  0.048,  0.947,  0.362,  0.211,  7.065
 31920,  0.699,  0.047,  0.924,  0.372,  0.159,  7.060
 31980,  0.603,  0.036,  0.938,  0.369,  0.181,  6.720
 32040,  0.763,  0.053,  0.897,  0.385,  0.157,  7.170
 32100,  0.673,  0.041,  0.853,  0.373,  0.175,  6.662
 32160,  0.673,  0.013,  0.846,  0.352,  0.217,  6.797
 32220,  0.656,  0.042,  0.909,  0.335,  0.165,  7.048
 32280,  0.726,  0.007,  0.897,  0.328,  0.152,  6.866
 32340,  0.680,  0.104,  0.903,  0.333,  0.198,  6.976
 32400,  0.689,  0.031,  0.902,  0.389,  0.208,  6.936
 32460,  0.728,  0.063,  0.903,  0.387,  0.134,  7.150
 32520,  0.712,  0.009,  0.906,  0.390,  0.169,  6.985
 32580,  0.763,  0.035,  0.949,  0.371,  0.206,  7.145
 32640,  0.800,  0.051,  0.935,  0.336,  0.162,  7.082
 32700,  0.623,  0.048,  1.021,  0.347,  0.135,  6.868
 32760,  0.678,  0.091,  0.975,  0.365,  0.161,  7.182
 32820,  0.751, -0.019,  1.026,  0.413,  0.167,  6.936
