CampaignData_and_Merges/R0/CSL_MobileLab_Parked/raw/20240818/USOS-Picarro-CO2-CH4-CO-H2O_MobileLabGround_20240818_R0.ict
38, 1001
Ilana Pollack, Nell Schafer, and Jeff Peischl
NOAA Chemical Sciences Laboratory
Picarro 2401-m CO2/CH4/CO/H2O Analyzer
USOS
1, 1
2024, 08, 18, 2024, 11, 20
0
StartTime_UTC, seconds_past_midnight, seconds past midnight
5
1, 1, 1, 1, 1
-9999, -9999, -9999, -9999, -9999
StopTime_UTC, seconds_past_midnight, seconds past midnight
CO2_ppm_1min, ppm, Gas_CO2_InSitu_S_DMF, carbon dioxide mixing ratio
CH4_ppb_1min, ppb, Gas_CH4_InSitu_S_DMF, methane mixing ratio
CO_ppb_1min, ppb, Gas_CO_InSitu_S_DMF, carbon monoxide mixing ratio
H2O_ppmv_1min, ppmv, Met_H2OMRV_InSitu_S_AVMR, water vapor mixing ratio
1
SPECIAL COMMENTS: N/A
18
PI_CONTACT_INFO: Address: NOAA Chemical Sciences Laboratory, Mail Stop CSL7, 325 Broadway, Boulder, CO 80305; Email: Ilana.Pollack@noaa.gov
PLATFORM: NOAA CSL Mobile Laboratory
LOCATION: The mobile lab was stationed in Salt Lake City, Utah.
ASSOCIATED_DATA: N/A
INSTRUMENT_INFO: CO2, CH4, and CO are reported as dry air mole fractions using a commercial wavelength-scanned cavity ring-down analyzer (Picarro 2401-m). An in-field calibration gas standard of 432±0.07 ppm CO2, 2095±1 ppb CH4, and 183±1 ppb CO, calibrated in the Boulder laboratories before and after the field project using primary CO2, CH4, and CO standard tanks tied to the WMO standard (X2019, X2004A, and X2014A, respectively) from the Global Monitoring Laboratory (GML), was delivered to the inlet every 2-3 days to evaluate instrument sensitivity. A H2O measurement was calibrated before the project with a Dew Point Mirror 373 hygrometer. The water correction calculated from these calibrations was applied to the H2O measurement for the entire campaign. Species are measured at 0.5 Hz and reported as 1-minute averages for stationary measurements.
DATA_INFO: Units: CO2, ppm, dry air mole fraction; CH4, ppb, dry air mole fraction; CO, ppb, dry air mole fraction; H2O, ppmv
UNCERTAINTY: Total uncertainties are estimated as ±0.1 ppm for CO2, ±1 ppb for CH4, ±5 ppb for CO, and ±(50 ppm + 4%) for H2O.
ULOD_FLAG: -7777
ULOD_VALUE: N/A
LLOD_FLAG: -8888
LLOD_VALUE: N/A
DM_CONTACT_INFO: Data Manager: Nathan Howard; nathan.h.howard@noaa.gov
PROJECT_INFO: USOS Dates of Study: July – August 2024
STIPULATIONS_ON_USE: Use of these data require prior ok from PI.
OTHER_COMMENTS: Data are averaged to 1 minute intervals. Stationary data collected from a 10 ft tower on top of the mobile van.
REVISION: R0
R0: Final Data
StartTime_UTC, StopTime_UTC, CO2_ppm_1min, CH4_ppb_1min, CO_ppb_1min, H2O_ppmv_1min
0,60,-9999,-9999,-9999,-9999
60,120,-9999,-9999,-9999,-9999
120,180,-9999,-9999,-9999,-9999
180,240,-9999,-9999,-9999,-9999
240,300,-9999,-9999,-9999,-9999
300,360,-9999,-9999,-9999,-9999
360,420,-9999,-9999,-9999,-9999
420,480,426.64,1941.4,129.7,17786.7656
480,540,427.16,1942.1,135.6,18283.5605
540,600,426.16,1939.4,123.8,17269.7402
600,660,426.02,1939.3,123.7,17282.9023
660,720,427.36,1940.5,132.3,17567.9023
720,780,427.15,1938.9,122.3,17012.3770
780,840,427.65,1939.0,126.1,16681.8281
840,900,426.28,1939.6,124.3,16861.8926
900,960,426.21,1939.2,122.6,16783.6152
960,1020,425.46,1938.5,117.7,16656.4297
1020,1080,427.61,1938.9,119.3,17109.4570
1080,1140,427.65,1940.3,124.6,17273.2910
1140,1200,427.46,1940.7,126.2,17416.9609
1200,1260,426.09,1940.5,125.3,17187.6465
1260,1320,425.45,1939.3,123.6,17005.8848
1320,1380,425.68,1940.7,124.3,17427.6309
1380,1440,427.82,1941.8,127.1,17866.6660
1440,1500,426.27,1941.7,129.1,17441.6934
1500,1560,428.00,1944.3,139.3,17580.4746
1560,1620,427.27,1943.4,140.3,17631.2969
1620,1680,427.19,1942.9,140.0,17673.5840
1680,1740,427.06,1943.0,137.3,17619.1465
1740,1800,427.99,1943.6,135.9,17896.5039
1800,1860,426.61,1942.6,134.3,17570.3457
1860,1920,426.64,1943.0,132.7,17565.2559
1920,1980,426.73,1943.4,135.4,17633.6621
1980,2040,426.55,1941.7,135.5,17595.0664
2040,2100,427.31,1942.4,146.5,17893.5723
2100,2160,427.43,1942.8,149.2,18102.7051
2160,2220,427.37,1941.9,147.2,18096.5801
2220,2280,427.31,1942.3,148.2,18144.5078
2280,2340,427.43,1942.6,144.5,18100.1016
2340,2400,427.28,1943.3,143.6,18007.3789
2400,2460,427.67,1943.5,142.4,18124.1172
2460,2520,426.71,1942.3,135.1,17815.1914
2520,2580,426.81,1942.8,134.1,17875.3984
2580,2640,426.86,1943.3,134.6,17885.0391
2640,2700,426.95,1943.0,132.3,17955.6152
2700,2760,427.17,1944.1,133.9,18073.7598
2760,2820,426.92,1944.4,133.0,17932.7031
2820,2880,426.92,1944.7,134.2,17967.3652
2880,2940,427.27,1944.4,135.1,18267.0254
2940,3000,428.01,1944.1,164.9,18401.7188
3000,3060,428.48,1945.4,182.2,18361.1719
3060,3120,427.50,1945.5,143.9,18423.9805
3120,3180,427.03,1944.5,142.3,18260.1113
3180,3240,427.23,1944.7,140.8,18336.4805
3240,3300,427.59,1945.6,141.1,18463.2266
3300,3360,427.34,1945.0,139.6,18243.9297
3360,3420,427.54,1945.3,142.7,18404.6367
3420,3480,-9999,-9999,-9999,-9999
3480,3540,-9999,-9999,-9999,-9999
3540,3600,-9999,-9999,-9999,-9999
3600,3660,-9999,-9999,-9999,-9999
3660,3720,-9999,-9999,-9999,-9999
3720,3780,-9999,-9999,-9999,-9999
3780,3840,-9999,-9999,-9999,-9999
3840,3900,-9999,-9999,-9999,-9999
3900,3960,-9999,-9999,-9999,-9999
3960,4020,-9999,-9999,-9999,-9999
4020,4080,-9999,-9999,-9999,-9999
4080,4140,429.25,1947.3,157.0,18833.3438
4140,4200,429.47,1947.8,158.4,18887.1230
4200,4260,429.81,1948.0,161.7,19031.0918
4260,4320,429.07,1946.7,159.6,18913.1406
4320,4380,429.71,1947.0,158.3,19013.3301
4380,4440,429.56,1947.6,160.1,19094.3535
4440,4500,430.51,1948.0,159.5,19162.7441
4500,4560,430.74,1948.3,163.6,19316.3086
4560,4620,430.68,1949.0,167.4,19304.9609
4620,4680,430.90,1950.2,165.9,19322.9668
4680,4740,430.88,1950.8,165.6,19305.8203
4740,4800,431.19,1950.7,166.9,19310.0781
4800,4860,431.00,1950.3,169.4,19309.6309
4860,4920,431.27,1951.6,213.9,19386.0781
4920,4980,432.36,1952.9,233.7,19551.4434
4980,5040,431.44,1951.9,207.3,19463.9316
5040,5100,430.97,1950.8,175.2,19386.0859
5100,5160,430.95,1950.7,170.0,19370.2715
5160,5220,431.66,1950.8,170.3,19402.9883
5220,5280,432.29,1951.6,174.1,19433.0313
5280,5340,432.85,1952.2,175.5,19496.4922
5340,5400,432.49,1952.5,177.4,19553.1230
5400,5460,431.99,1952.3,176.0,19619.8242
5460,5520,431.66,1951.0,175.3,19464.7910
5520,5580,432.03,1949.9,180.4,19363.0078
5580,5640,431.62,1949.9,174.2,19397.8770
5640,5700,431.51,1951.1,175.0,19398.7969
5700,5760,432.09,1952.1,191.3,19511.1699
5760,5820,432.20,1952.2,197.6,19589.3984
5820,5880,431.56,1951.3,177.1,19499.8828
5880,5940,431.86,1952.8,176.6,19620.7969
5940,6000,432.55,1953.4,174.8,19711.6543
6000,6060,432.32,1952.9,174.8,19683.0078
6060,6120,431.69,1951.8,175.9,19525.2598
6120,6180,432.22,1952.3,176.7,19664.6602
6180,6240,432.49,1952.4,175.1,19675.6426
6240,6300,432.57,1952.8,170.0,19595.7090
6300,6360,432.16,1952.4,168.7,19614.4414
6360,6420,432.67,1953.0,165.2,19615.9473
6420,6480,433.01,1952.5,168.2,19629.4668
6480,6540,432.23,1952.6,168.3,19547.8496
6540,6600,432.18,1952.7,169.5,19476.9043
6600,6660,433.03,1953.3,172.9,19634.6367
6660,6720,431.86,1952.7,172.2,19446.5039
6720,6780,433.74,1954.8,190.9,19559.7891
6780,6840,434.05,1953.4,183.3,19538.6855
6840,6900,434.28,1954.4,186.9,19492.8867
6900,6960,436.91,1956.4,401.7,19646.4434
6960,7020,436.56,1956.5,206.2,19694.7344
7020,7080,434.03,1956.5,185.3,19650.6348
7080,7140,433.84,1956.6,181.7,19571.4258
7140,7200,435.69,1957.2,185.8,19690.5059
7200,7260,439.47,1957.3,229.8,19669.1523
7260,7320,436.94,1957.8,192.3,19731.4902
7320,7380,437.95,1956.9,197.9,19653.7793
7380,7440,434.75,1956.5,190.8,19553.8789
7440,7500,436.30,1957.4,194.4,19524.2578
7500,7560,438.49,1957.1,207.7,19377.7500
7560,7620,436.75,1956.8,196.8,19338.2363
7620,7680,436.31,1956.1,196.6,19219.5000
7680,7740,436.24,1954.7,195.2,19031.7207
7740,7800,437.51,1956.0,206.9,19094.0527
7800,7860,437.69,1955.9,195.5,19059.3301
7860,7920,441.90,1957.4,218.0,19139.6934
7920,7980,435.81,1956.9,191.5,18963.7305
7980,8040,437.11,1958.9,198.1,19051.0996
8040,8100,439.16,1959.5,201.8,19132.2930
8100,8160,438.03,1957.8,189.9,18960.9492
8160,8220,441.42,1962.4,195.6,19307.1484
8220,8280,447.52,1963.2,243.7,19574.1348
8280,8340,446.56,1965.0,243.5,19850.4336
8340,8400,453.37,1967.8,273.3,20082.9434
8400,8460,454.31,1970.1,295.2,20055.7266
8460,8520,447.49,1966.9,262.4,19834.1953
8520,8580,450.05,1966.6,242.3,20049.0137
8580,8640,448.92,1966.8,238.9,19978.5508
8640,8700,447.75,1966.7,235.0,20004.8789
8700,8760,448.13,1967.2,225.8,20113.0605
8760,8820,446.55,1970.9,237.5,19930.6543
8820,8880,450.83,1971.0,291.6,19993.3613
8880,8940,447.68,1969.3,281.4,19818.9473
8940,9000,446.89,1968.0,264.3,19871.1348
9000,9060,453.43,1969.5,292.7,20005.8086
9060,9120,454.60,1974.1,442.8,19964.3555
9120,9180,459.32,1975.7,423.0,20016.6875
9180,9240,462.85,1974.7,337.3,20074.2813
9240,9300,461.96,1974.4,299.8,20234.1406
9300,9360,459.82,1974.3,275.4,20308.7539
9360,9420,456.98,1985.4,318.1,20205.4648
9420,9480,458.14,1984.1,292.7,20191.4258
9480,9540,459.61,1982.5,302.4,20258.6992
9540,9600,462.83,1985.1,334.8,20255.1289
9600,9660,468.41,1988.1,362.7,20357.5625
9660,9720,467.07,1987.8,353.9,20348.8398
9720,9780,468.61,1987.3,364.0,20349.8887
9780,9840,472.00,1987.0,376.8,20372.2578
9840,9900,475.23,1989.1,406.7,20429.4941
9900,9960,472.24,1986.2,386.3,20404.3008
9960,10020,471.52,1984.7,361.5,20504.8984
10020,10080,471.02,1983.2,340.6,20612.6211
10080,10140,469.47,1982.8,348.5,20582.3262
10140,10200,469.48,1983.8,352.1,20537.0020
10200,10260,470.20,1983.8,383.5,20517.4492
10260,10320,468.51,1983.8,383.7,20500.6289
10320,10380,483.94,1991.0,425.3,20921.1777
10380,10440,474.41,1986.1,340.6,20921.9063
10440,10500,474.76,1987.4,350.5,20980.0020
10500,10560,472.78,1984.2,340.2,20996.5137
10560,10620,471.91,1983.9,329.5,21032.1641
10620,10680,468.59,1982.8,313.7,20975.9648
10680,10740,464.60,1982.6,316.6,20944.1074
10740,10800,465.65,1985.0,396.8,21024.1855
10800,10860,468.35,1987.3,488.8,21062.3418
10860,10920,470.18,1986.0,452.9,21101.4746
10920,10980,474.49,1988.2,399.0,21107.5078
10980,11040,481.67,1998.8,385.7,21216.2988
11040,11100,474.34,1998.8,352.2,21098.5117
11100,11160,471.11,1998.2,371.5,21013.5098
11160,11220,471.62,1997.0,346.8,21023.5156
11220,11280,477.06,1998.0,364.3,21084.8086
11280,11340,472.54,2004.9,336.1,21152.9355
11340,11400,471.87,2011.1,331.4,21232.4844
11400,11460,474.47,2015.2,372.3,21323.4648
11460,11520,479.81,2016.5,549.5,21379.6523
11520,11580,471.25,2017.2,381.7,21292.2266
11580,11640,484.05,2021.7,351.7,21433.0039
11640,11700,478.56,2017.5,352.3,21395.7148
11700,11760,472.07,2006.8,335.4,20966.3750
11760,11820,466.12,1998.0,310.7,20622.1582
11820,11880,467.07,1991.0,319.6,20233.2383
11880,11940,473.93,2003.8,327.0,20872.0879
11940,12000,460.13,1993.2,267.0,20363.2070
12000,12060,449.67,1980.0,216.5,19520.8418
12060,12120,444.36,1965.9,189.3,18790.9453
12120,12180,444.94,1964.7,194.5,18590.8008
12180,12240,446.01,1963.4,193.1,18638.1699
12240,12300,446.82,1963.1,181.6,18824.1816
12300,12360,450.33,1966.2,191.3,19004.9121
12360,12420,446.29,1961.6,182.8,19018.9512
12420,12480,445.29,1961.1,173.6,19007.7617
12480,12540,444.92,1960.1,170.8,19023.0352
12540,12600,445.28,1959.7,173.3,18966.7227
12600,12660,445.88,1959.4,173.6,18891.9219
12660,12720,444.75,1959.2,172.4,18957.5820
12720,12780,443.49,1959.6,190.6,18973.1113
12780,12840,446.43,1960.8,186.7,19079.2285
12840,12900,450.32,1962.6,184.1,19284.6035
12900,12960,447.76,1963.2,182.8,19300.9355
12960,13020,446.84,1963.1,179.1,19325.1660
13020,13080,447.11,1962.6,173.9,19346.0723
13080,13140,445.35,1961.7,172.0,19298.4746
13140,13200,445.03,1961.5,173.0,19282.9375
13200,13260,446.53,1961.8,173.2,19406.2754
13260,13320,445.38,1962.4,175.9,19284.6270
13320,13380,448.11,1962.9,174.8,19447.0059
13380,13440,449.93,1966.3,176.2,19620.0879
13440,13500,452.47,1972.2,177.1,19805.3027
13500,13560,450.02,1972.5,178.7,19698.7129
13560,13620,446.09,1968.2,180.6,19427.1211
13620,13680,446.06,1970.0,178.8,19425.1953
13680,13740,445.80,1968.5,178.5,19390.3145
13740,13800,443.27,1962.5,172.2,19096.9180
13800,13860,455.73,1970.2,192.7,19494.6582
13860,13920,462.46,1968.5,246.0,19534.5078
13920,13980,458.87,1966.9,220.5,19264.9082
13980,14040,450.25,1962.7,190.3,18837.6621
14040,14100,455.33,1972.5,205.8,19146.0234
14100,14160,457.11,1973.0,203.6,19249.5293
14160,14220,456.36,1972.6,196.7,19216.5254
14220,14280,452.69,1967.3,185.7,18907.3477
14280,14340,453.11,1966.3,174.3,18873.3203
14340,14400,451.09,1972.7,224.9,18901.4316
14400,14460,446.21,1967.8,192.7,18655.9102
14460,14520,448.91,1966.6,180.1,18641.9102
14520,14580,457.74,1966.7,188.8,18801.5059
14580,14640,447.57,1960.6,168.0,18517.5840
14640,14700,447.88,1959.8,159.2,18531.8926
14700,14760,450.02,1963.3,173.3,18764.1035
14760,14820,449.92,1966.7,232.9,18825.8594
14820,14880,448.41,1970.9,186.2,18910.4297
14880,14940,450.23,1977.4,196.9,19115.2520
14940,15000,451.34,1976.2,207.1,19281.4590
15000,15060,455.06,1978.0,243.0,19671.1816
15060,15120,457.80,1978.4,262.3,19884.4141
15120,15180,460.74,1978.8,265.0,20039.3262
15180,15240,460.57,1978.0,272.1,20063.9648
15240,15300,462.58,1979.5,279.0,20108.9609
15300,15360,463.20,1977.9,295.8,20104.3477
15360,15420,462.71,1978.2,285.8,20120.8555
15420,15480,460.72,1978.8,272.0,20132.4043
15480,15540,461.53,1979.7,275.8,20170.0703
15540,15600,461.51,1980.1,280.8,20175.4570
15600,15660,462.16,1981.3,289.6,20218.5605
15660,15720,464.07,1982.0,299.7,20241.1543
15720,15780,463.91,1982.6,324.4,20196.8613
15780,15840,464.12,1983.3,328.1,20204.9258
15840,15900,462.79,1982.6,307.0,20152.8809
15900,15960,466.73,1983.5,304.1,20257.8906
15960,16020,467.09,1984.3,307.7,20247.4766
16020,16080,470.36,1984.2,312.0,20259.5645
16080,16140,471.95,1986.3,379.4,20368.6074
16140,16200,465.49,1986.7,395.6,20253.7246
16200,16260,466.23,1986.7,342.0,20268.9883
16260,16320,469.69,1990.8,326.4,20375.6641
16320,16380,473.30,1990.4,303.3,20418.6094
16380,16440,466.95,1988.1,320.6,20166.8691
16440,16500,460.51,1984.5,251.1,19928.3750
16500,16560,462.11,1985.1,249.1,19899.6582
16560,16620,461.05,1982.2,247.9,19751.1563
16620,16680,464.01,1988.7,257.6,19857.6445
16680,16740,459.97,1984.0,259.9,19711.0078
16740,16800,462.14,1984.7,268.7,19817.7930
16800,16860,461.32,1979.1,251.8,19752.6211
16860,16920,464.17,1983.8,263.4,19983.2500
16920,16980,466.91,1981.3,269.2,20080.3750
16980,17040,465.60,1980.8,265.9,20041.9199
17040,17100,463.44,1981.8,260.9,19962.8477
17100,17160,464.23,1984.4,263.7,20018.5742
17160,17220,465.39,1984.4,271.5,20097.0469
17220,17280,469.91,1983.8,279.7,20175.2051
17280,17340,475.12,1981.1,282.7,20233.7813
17340,17400,468.54,1978.4,263.8,20098.8887
17400,17460,467.68,1982.9,252.8,20192.8750
17460,17520,465.64,1980.5,244.9,20185.6523
17520,17580,466.40,1981.6,250.9,20255.2168
17580,17640,467.81,1981.8,245.5,20278.4883
17640,17700,468.19,1979.5,254.6,20273.5449
17700,17760,467.48,1978.5,252.3,20203.0508
17760,17820,469.40,1978.2,313.5,20189.4727
17820,17880,466.29,1975.1,284.7,20035.9805
17880,17940,458.37,1967.8,241.5,19533.7285
17940,18000,453.98,1962.5,208.1,18994.0430
18000,18060,457.18,1971.9,242.7,19572.1055
18060,18120,458.00,1976.7,240.4,19756.3164
18120,18180,452.95,1971.5,203.5,19410.7930
18180,18240,452.02,1974.9,200.9,19426.8691
18240,18300,447.89,1973.9,190.8,19103.5215
18300,18360,452.51,1974.5,200.3,19236.1094
18360,18420,461.21,1971.4,235.8,19325.6816
18420,18480,449.37,1959.7,208.9,18455.7305
18480,18540,461.61,1974.5,295.6,19174.1250
18540,18600,449.28,1961.6,194.4,18558.0664
18600,18660,454.55,1968.8,209.6,18914.9492
18660,18720,443.49,1959.3,156.4,18337.4063
18720,18780,447.89,1965.9,172.3,18685.9375
18780,18840,451.12,1975.7,192.3,18999.3965
18840,18900,453.25,1978.9,198.8,19151.1895
18900,18960,454.41,1980.2,198.1,19230.4219
18960,19020,456.20,1986.8,201.4,19376.6563
19020,19080,452.28,1979.3,194.5,19204.9707
19080,19140,442.99,1971.5,177.3,19244.2852
19140,19200,434.73,1966.9,141.4,19200.8828
19200,19260,430.93,1962.5,121.5,19241.6328
19260,19320,430.30,1963.1,114.7,19334.5938
19320,19380,431.06,1964.6,115.8,19294.4492
19380,19440,431.41,1965.5,118.0,19171.8184
19440,19500,430.43,1963.3,113.7,19020.6602
19500,19560,429.76,1961.6,110.9,18908.7246
19560,19620,429.62,1961.4,107.6,18833.4238
19620,19680,429.74,1960.8,109.5,18800.1035
19680,19740,429.70,1961.5,110.8,18496.1406
19740,19800,429.70,1961.7,110.2,18529.3672
19800,19860,430.46,1962.9,110.7,18576.5156
19860,19920,428.99,1973.4,109.6,19263.0234
19920,19980,428.66,1976.4,107.4,19513.6914
19980,20040,427.60,1975.8,104.3,19763.7559
20040,20100,427.56,1978.7,103.0,19972.7070
20100,20160,427.45,1974.8,104.8,19984.5488
20160,20220,427.91,1973.4,107.4,20113.7441
20220,20280,428.35,1971.9,108.7,20231.4219
20280,20340,428.12,1959.8,104.2,20398.6621
20340,20400,428.34,1959.4,105.2,20396.2012
20400,20460,428.63,1962.9,106.2,20291.4141
20460,20520,429.47,1971.5,105.7,20197.3594
20520,20580,429.77,1976.7,105.9,20165.7891
20580,20640,430.76,1985.5,107.2,20154.3848
20640,20700,431.36,1993.5,108.5,19954.6016
20700,20760,431.27,1983.3,110.1,19837.8125
20760,20820,430.60,1974.4,111.5,19763.0449
20820,20880,430.71,1967.2,109.3,19674.8867
20880,20940,431.70,1964.7,108.5,19716.8457
20940,21000,432.09,1962.5,107.7,19716.2715
21000,21060,431.96,1961.0,109.2,19674.6309
21060,21120,432.22,1962.1,109.4,19735.1523
21120,21180,432.94,1961.6,107.8,19770.1445
21180,21240,432.19,1960.2,107.8,19723.6895
21240,21300,432.71,1961.6,109.5,19788.5117
21300,21360,433.15,1963.1,106.1,19797.8750
21360,21420,433.63,1963.5,108.6,19821.8867
21420,21480,432.70,1962.7,107.5,19727.7441
21480,21540,432.05,1962.4,107.4,19682.2188
21540,21600,432.14,1963.1,106.5,19675.4180
21600,21660,432.77,1962.5,106.9,19695.5176
21660,21720,432.16,1961.4,107.1,19649.6836
21720,21780,432.76,1961.0,109.4,19617.2441
21780,21840,433.94,1961.0,113.1,19643.5703
21840,21900,434.76,1960.1,121.7,19594.1602
21900,21960,433.56,1961.4,119.0,19606.6484
21960,22020,431.84,1963.2,109.9,19637.0703
22020,22080,433.87,1962.3,111.2,19606.4043
22080,22140,434.58,1960.0,126.7,19609.5879
22140,22200,437.40,1959.8,143.6,19614.5254
22200,22260,436.63,1959.8,127.4,19643.2988
22260,22320,435.07,1961.3,116.8,19728.5098
22320,22380,434.70,1968.0,114.5,19872.3223
22380,22440,432.75,1978.6,111.9,20055.6309
22440,22500,435.12,1980.0,112.3,20190.3574
22500,22560,434.22,1977.6,122.6,20069.2188
22560,22620,433.20,1977.1,123.5,19969.9395
22620,22680,432.56,1978.9,114.2,19963.5391
22680,22740,432.49,1980.2,109.2,20000.4922
22740,22800,432.09,1979.6,108.0,19963.5117
22800,22860,432.74,1978.4,110.5,19900.8066
22860,22920,432.00,1977.5,109.0,19811.8262
22920,22980,434.64,1978.0,108.8,19884.4453
