CampaignData_and_Merges/R0/CSL_MobileLab_Parked/raw/20240818/USOS-HCHO_MobileLabGround_20240818_R0.ict
35,1001
Huang, Yaoxian
Wayne State University
Picarro G2307 on CSL Mobile Lab
USOS
1,1
2024,08,18,2024,08,25
1.0
Time_Start,seconds_since_midnight,number_of_seconds_since_0000_UTC
3
1.0,1.0,1.0
-9999.0,-9999.0,-9999.0
HCHO,ppbv,Gas_HCHO_InSitu_S_AVMR,volume mixing ratio of formaldehyde in air
H2O,ppmv,Gas_H2O_InSitu_S_AVMR,volume mixing ratio of water vapor in air
CH4,ppmv,Gas_CH4_InSitu_S_AVMR,volume mixing ratio of methane in air
0
18
PI_CONTACT_INFO: yaoxian.huang@wayne.edu
PLATFORM: CSL Mobile Lab, at Ground Site
LOCATION: Salt Lake City, UT
ASSOCIATED_DATA: N/A
INSTRUMENT_INFO: Cavity Ring-Down Spectrometer
DATA_INFO: Data is averaged to 1 minute intervals for stationary and 1 second interval for driving. Stationary data collected from a 20 ft tower on top of the mobile lab.
UNCERTAINTY: N/A
ULOD_FLAG: -7777
ULOD_VALUE: N/A
LLOD_FLAG: -8888
LLOD_VALUE: N/A
DM_CONTACT_INFO: Yaoxian Huang; yaoxian.huang@wayne.edu
PROJECT_INFO: USOS, Summer 2024. https://csl.noaa.gov/groups/csl7/measurements/2024usos/
STIPULATIONS_ON_USE: Users are strongly encouraged to contact the PI for proper data usage.
OTHER_COMMENTS: Data have been shifted backwards by 1 minute to align with USOS MetNav and Picarro GHG data.
REVISION: R0
R0: Final Data
Time_Start,HCHO,H2O,CH4
0,1.96139,19156.4,1.88074
60,2.26006,18751.5,1.88174
120,1.94278,18284.7,1.87797
180,2.12106,18055.5,1.88321
240,1.99174,18178.6,1.88206
300,1.89122,18551.5,1.87952
360,1.89761,18348.8,1.88007
420,1.74002,17686.2,1.87895
480,1.63563,17716.8,1.88154
540,1.84269,17850.6,1.8796
600,1.47002,16721.8,1.87842
660,1.69028,17088.4,1.88203
720,1.64557,17289.0,1.87967
780,1.608,16375.2,1.87956
840,1.46545,16461.9,1.87892
900,1.57339,17059.3,1.88057
960,1.55319,16880.1,1.87925
1020,1.51389,16816.3,1.88224
1080,1.42464,16919.1,1.87824
1140,1.72052,17104.2,1.879
1200,1.89035,17093.2,1.88191
1260,1.48323,16827.6,1.88075
1320,1.69474,16731.2,1.88346
1380,1.71361,17391.5,1.87881
1440,1.51855,17268.0,1.88176
1500,1.63743,17149.8,1.88343
1560,1.8372,17242.9,1.88185
1620,1.64442,17294.1,1.88215
1680,1.70756,17229.7,1.8833
1740,1.94277,17285.7,1.87965
1800,1.67766,17492.0,1.88377
1860,1.58436,17186.3,1.88037
1920,1.97552,17129.4,1.88391
1980,1.8276,17235.5,1.88293
2040,2.06559,17366.6,1.88143
2100,2.09926,17926.6,1.87957
2160,1.97021,18234.9,1.8797
2220,1.81093,17981.0,1.88034
2280,1.93914,17972.1,1.87806
2340,2.12961,17806.3,1.88381
2400,1.94988,17672.2,1.87907
2460,2.00753,17663.0,1.88022
2520,1.67212,17506.0,1.88286
2580,1.79554,17481.4,1.88217
2640,1.78728,17537.7,1.88076
2700,1.72485,17588.9,1.88393
2760,1.87361,17584.9,1.88257
2820,1.85704,17544.8,1.88504
2880,2.04845,17538.5,1.8821
2940,2.2937,17944.5,1.88382
3000,2.34431,18219.6,1.88212
3060,2.16036,18433.6,1.88121
3120,2.11291,18441.2,1.88214
3180,1.99505,18065.5,1.8803
3240,1.86276,18126.9,1.88468
3300,1.87628,18042.4,1.88189
3360,1.83182,18020.3,1.8834
3420,2.09101,18075.0,1.88308
3480,1.86567,18060.0,1.88203
3540,1.97469,18100.2,1.88216
3600,2.21654,18091.4,1.88401
3660,2.23273,18035.1,1.88182
3720,2.18278,18174.5,1.88289
3780,2.06773,18332.4,1.8831
3840,2.23734,18290.9,1.88476
3900,2.30487,18201.9,1.88316
3960,2.07212,18327.8,1.8838
4020,2.30464,18433.8,1.88395
4080,2.19528,19141.3,1.88362
4140,2.23647,18957.0,1.88357
4200,2.08942,18791.4,1.88438
4260,2.11218,18646.2,1.88315
4320,2.24732,18562.7,1.88221
4380,2.21135,18555.4,1.884
4440,2.25613,18573.9,1.88424
4500,2.24066,19093.3,1.88222
4560,2.39608,19323.1,1.88126
4620,2.36135,19170.9,1.88452
4680,2.52354,18986.2,1.88927
4740,2.32001,18895.0,1.88556
4800,2.25801,18860.9,1.88927
4860,2.48111,19064.9,1.88504
4920,2.42003,19378.5,1.88783
4980,2.3239,19432.7,1.88562
5040,2.53606,19163.6,1.88513
5100,2.42669,19013.1,1.88835
5160,2.53683,18962.5,1.88587
5220,2.41848,19091.1,1.88482
5280,2.51226,19378.6,1.8864
5340,2.57613,19400.1,1.88808
5400,2.32954,19268.0,1.88543
5460,2.41723,19239.7,1.88781
5520,2.40286,19010.4,1.88653
5580,2.5824,19315.7,1.88843
5640,2.52354,19327.8,1.88489
5700,2.41051,19148.6,1.88913
5760,2.30407,19229.3,1.88667
5820,2.49434,19148.5,1.88457
5880,2.58404,19316.1,1.88685
5940,2.35787,19515.5,1.88785
6000,2.38547,19578.8,1.88751
6060,2.48146,19349.0,1.88858
6120,2.29501,19180.0,1.88602
6180,2.35751,19270.5,1.88538
6240,2.53605,19459.6,1.88587
6300,2.62303,19447.9,1.88436
6360,2.37948,19411.0,1.88707
6420,2.30637,19382.3,1.88892
6480,2.28355,19121.8,1.88945
6540,2.02938,19232.1,1.8861
6600,2.28796,19319.6,1.8878
6660,2.31806,19327.2,1.88469
6720,2.22229,19234.3,1.88823
6780,2.54317,19128.1,1.88892
6840,2.34012,19280.5,1.88762
6900,2.4296,19333.4,1.88982
6960,2.32751,19410.0,1.88927
7020,2.37983,19392.8,1.89148
7080,2.3239,19259.0,1.8903
7140,2.41389,19288.9,1.89124
7200,2.29544,19451.5,1.89255
7260,2.43905,19401.5,1.89319
7320,2.38269,19423.9,1.89235
7380,2.38614,19248.7,1.89169
7440,2.27628,19256.4,1.88924
7500,2.26148,19230.2,1.89193
7560,2.30329,19037.4,1.89488
7620,2.19197,18991.4,1.89018
7680,2.15601,18803.7,1.89156
7740,2.21128,18819.3,1.89253
7800,2.32943,18733.0,1.89105
7860,2.3505,18822.2,1.89039
7920,2.25805,18684.6,1.89378
7980,2.18984,18733.8,1.89165
8040,2.10201,18764.6,1.89536
8100,2.07852,18795.9,1.89406
8160,2.12209,18720.2,1.89497
8220,2.47402,19078.8,1.8985
8280,2.60076,19353.7,1.89931
8340,2.61935,19585.1,1.89915
8400,2.6803,19727.1,1.90509
8460,2.76894,19681.5,1.90255
8520,2.60537,19475.5,1.89987
8580,2.80721,19737.3,1.90102
8640,2.6962,19607.4,1.89783
8700,2.81823,19667.1,1.9028
8760,2.50705,19700.3,1.9011
8820,2.70769,19616.4,1.90605
8880,2.68629,19603.3,1.90617
8940,2.27854,19374.7,1.89954
9000,2.59297,19560.0,1.90333
9060,2.73235,19624.7,1.90445
9120,3.37025,19665.1,1.9078
9180,2.76861,19693.7,1.90483
9240,3.11756,19773.0,1.90962
9300,2.59091,19870.6,1.90339
9360,3.02103,19949.6,1.91056
9420,4.81957,19856.3,1.9212
9480,3.46507,19812.5,1.91471
9540,3.31945,19944.3,1.91293
9600,3.75304,19901.1,1.92028
9660,3.82512,20042.9,1.91864
9720,3.86038,19961.9,1.91918
9780,3.89216,20019.5,1.92222
9840,3.98239,20027.3,1.91917
9900,4.10778,20082.6,1.91985
9960,3.68924,20052.2,1.91933
10020,3.45077,20176.3,1.91381
10080,3.52827,20292.2,1.91357
10140,3.35436,20182.0,1.91399
10200,3.48807,20169.5,1.91805
10260,3.72397,20134.4,1.91406
10320,3.84059,20286.3,1.91502
10380,3.43462,20533.8,1.91922
10440,2.98753,20579.9,1.91612
10500,3.23521,20551.8,1.91875
10560,3.0938,20673.5,1.91415
10620,3.00499,20650.0,1.91057
10680,2.61713,20599.4,1.91175
10740,2.73926,20578.5,1.91559
10800,3.14761,20674.7,1.91491
10860,2.84436,20697.8,1.91626
10920,3.16987,20716.4,1.91389
10980,2.94759,20753.1,1.92105
11040,3.48939,20898.5,1.9295
11100,3.44788,20596.8,1.92542
11160,3.31488,20672.0,1.92665
11220,2.75797,20614.5,1.9227
11280,3.28626,20780.3,1.92959
11340,3.31744,20733.2,1.93526
11400,3.13029,20871.6,1.93851
11460,3.32843,21025.0,1.94524
11520,3.23345,20930.3,1.94283
11580,3.08051,20964.1,1.94787
11640,3.32801,21065.5,1.94917
11700,3.18972,20843.6,1.93931
11760,2.9129,20598.2,1.93718
11820,2.61432,19853.8,1.92311
11880,2.80146,20099.9,1.92716
11940,2.66171,20457.1,1.93108
12000,2.53417,19631.8,1.91838
12060,2.362,18924.3,1.90689
12120,1.72643,18257.5,1.9001
12180,2.03977,18287.1,1.90217
12240,1.7921,18357.5,1.90068
12300,1.95779,18555.9,1.89979
12360,1.69527,18795.0,1.89964
12420,1.75115,18633.6,1.89435
12480,1.71734,18683.0,1.89444
12540,1.54553,18677.4,1.89586
12600,1.76751,18537.8,1.89467
12660,1.76377,18628.2,1.89389
12720,1.54122,18598.5,1.89358
12780,1.67635,18700.1,1.89326
12840,1.49387,18807.0,1.89647
12900,2.18551,18941.3,1.89884
12960,1.9026,19006.0,1.89532
13020,1.60354,18993.1,1.89827
13080,1.82821,18977.6,1.89644
13140,1.86122,18965.1,1.8943
13200,1.8939,19048.5,1.89553
13260,1.89294,19020.3,1.89779
13320,2.0363,18947.8,1.89844
13380,2.09951,19179.5,1.89874
13440,1.88433,19317.5,1.90132
13500,2.11428,19496.8,1.90813
13560,2.08491,19175.7,1.90215
13620,2.20037,19106.0,1.90322
13680,1.9836,19108.9,1.90461
13740,2.1456,18961.7,1.90057
13800,2.02488,18805.7,1.89903
13860,2.30362,19144.2,1.90454
13920,2.35643,19278.1,1.90412
13980,1.91319,18659.2,1.89817
14040,1.79107,18517.1,1.89896
14100,2.06397,18959.5,1.91062
14160,1.9442,18935.8,1.90603
14220,1.76898,18790.0,1.90646
14280,1.84175,18430.5,1.89784
14340,1.87793,18565.7,1.90491
14400,1.77568,18537.6,1.90937
14460,1.51756,18243.0,1.90176
14520,1.72064,18374.3,1.90375
14580,1.56756,18454.7,1.89932
14640,1.41927,18142.7,1.89618
14700,1.83312,18296.1,1.89773
14760,1.71894,18495.8,1.90069
14820,1.99213,18503.7,1.90449
14880,1.72486,18653.6,1.90898
14940,1.86109,18874.6,1.91396
15000,2.00218,19085.0,1.91057
15060,2.3791,19416.3,1.91093
15120,2.189,19588.1,1.91262
15180,2.21641,19727.1,1.91008
15240,2.55824,19730.5,1.91132
15300,2.69706,19737.7,1.91216
15360,2.19415,19788.4,1.90936
15420,2.13247,19768.0,1.91191
15480,2.23924,19809.2,1.9127
15540,2.31449,19808.5,1.91544
15600,2.37266,19833.5,1.91435
15660,2.40306,19876.0,1.91359
15720,2.64535,19910.3,1.91298
15780,2.5244,19842.2,1.91588
15840,2.44481,19818.2,1.9161
15900,2.714,19848.0,1.91379
15960,2.58317,19922.1,1.91787
16020,2.57026,19868.6,1.91627
16080,2.62,19973.9,1.91739
16140,2.32302,19964.9,1.91743
16200,2.41565,19892.9,1.91853
16260,2.39032,19943.2,1.91785
16320,2.4086,20058.0,1.92284
16380,2.30641,20042.5,1.92234
16440,1.90041,19625.7,1.91731
16500,2.12879,19581.0,1.91626
16560,1.89235,19526.0,1.918
16620,2.06371,19451.7,1.91526
16680,1.83425,19424.2,1.9225
16740,1.94136,19400.2,1.91659
16800,1.97061,19430.7,1.91543
16860,1.89071,19507.7,1.91239
16920,2.08111,19647.7,1.91331
16980,2.04464,19749.0,1.91159
17040,1.95645,19667.9,1.91299
17100,2.1187,19630.0,1.91643
17160,2.40594,19707.2,1.91559
17220,1.87802,19778.1,1.91749
17280,2.12484,19826.5,1.91494
17340,2.23605,19846.6,1.91219
17400,2.19644,19770.9,1.91071
17460,2.27657,19836.0,1.91615
17520,2.07222,19865.9,1.9131
17580,2.17393,19918.6,1.91263
17640,2.19821,19907.3,1.91351
17700,2.16853,19915.0,1.9115
17760,2.41915,19852.1,1.91109
17820,2.26131,19761.8,1.90797
17880,2.05564,19694.6,1.90881
17940,1.64739,18679.8,1.89935
18000,2.02224,18917.2,1.90068
18060,2.07909,19327.1,1.90724
18120,1.77023,19285.5,1.90863
18180,1.97733,19140.1,1.90422
18240,2.0831,18940.1,1.90744
18300,1.61373,18759.9,1.90885
18360,1.74863,18919.4,1.90944
18420,1.74874,18731.9,1.90463
18480,1.59504,18304.9,1.89929
18540,1.93587,18589.8,1.90492
18600,1.404,18331.4,1.90111
18660,1.42086,18381.5,1.90172
18720,1.56941,18169.0,1.89875
18780,1.70503,18435.1,1.90348
18840,1.8309,18734.0,1.9129
18900,1.93883,18820.5,1.91167
18960,1.97783,19004.5,1.91864
19020,1.89339,19031.3,1.91877
19080,1.63104,18815.2,1.90704
19140,1.61166,18916.8,1.90606
19200,1.26296,18892.7,1.89957
19260,1.41183,18928.0,1.90017
19320,1.26655,19004.6,1.90103
19380,1.12048,18926.6,1.90013
19440,1.25198,18799.5,1.9013
19500,1.22091,18652.1,1.89872
19560,1.47925,18564.1,1.89604
19620,1.26686,18501.6,1.89668
19680,1.31358,18391.4,1.89858
19740,1.13892,18161.5,1.90032
19800,1.07681,18226.9,1.8992
19860,1.09292,18392.5,1.90118
19920,1.29137,19102.2,1.91107
19980,1.05276,19245.1,1.91024
20040,1.03219,19529.6,1.91044
20100,1.13216,19639.0,1.91107
20160,1.31208,19667.7,1.90703
20220,0.906282,19817.3,1.90493
20280,1.07473,19953.4,1.89972
20340,0.987211,20055.1,1.88955
20400,0.934449,20006.9,1.89356
20460,0.940817,19876.7,1.89879
20520,0.972944,19850.1,1.903
20580,0.891135,19810.4,1.9107
20640,1.00284,19730.5,1.92102
20700,1.04465,19546.9,1.92518
20760,1.25473,19486.5,1.91419
20820,0.985831,19391.7,1.90552
20880,0.962007,19322.2,1.89945
20940,0.947666,19393.0,1.89683
21000,0.844536,19369.7,1.89425
21060,0.575718,19354.6,1.89405
21120,1.07869,19394.3,1.89558
21180,1.02274,19422.1,1.89648
21240,1.0444,19422.7,1.8953
21300,0.932532,19457.9,1.89615
21360,1.24596,19460.8,1.89475
21420,0.988214,19423.2,1.89596
21480,0.956094,19386.5,1.89701
21540,0.896373,19343.0,1.89612
21600,1.14255,19366.4,1.89763
21660,1.02864,19356.1,1.89521
21720,0.745943,19242.3,1.89427
21780,0.947573,19323.6,1.8948
21840,0.892251,19276.4,1.89279
21900,0.844076,19246.4,1.89399
21960,1.15515,19298.4,1.89982
22020,0.990039,19279.4,1.89589
22080,1.0004,19283.3,1.89607
22140,1.06812,19255.5,1.89277
22200,1.27622,19303.1,1.89574
22260,1.26873,19291.7,1.89287
22320,0.956107,19454.6,1.89759
22380,0.936738,19607.1,1.90424
22440,1.12884,19744.3,1.91237
22500,0.86425,19848.0,1.91409
22560,1.1122,19641.7,1.91072
22620,1.03549,19641.7,1.91178
22680,1.18048,19607.2,1.91502
22740,1.23199,19642.7,1.91437
22800,0.779931,19559.8,1.911
22860,0.854806,19579.7,1.91051
22920,1.05315,19438.8,1.9115
22980,1.14584,19562.8,1.91247
23040,1.04171,19645.8,1.91007
23100,1.27425,19584.7,1.90988
23160,0.990213,19444.9,1.90963
23220,0.942911,19520.6,1.91054
23280,1.15802,19451.5,1.90976
23340,1.20633,19316.7,1.90671
23400,1.20347,19297.9,1.90794
23460,1.27604,19301.6,1.90533
23520,1.07952,19258.1,1.90794
23580,0.988012,19219.1,1.90508
23640,1.11182,19448.2,1.90673
23700,1.33958,19525.5,1.91166
23760,1.20378,19459.1,1.91084
23820,1.28915,19383.5,1.91134
23880,1.17118,19221.0,1.91551
23940,1.51143,19413.4,1.92356
24000,1.29505,19444.9,1.91674
24060,0.959876,19201.9,1.91233
24120,1.04614,19035.2,1.91543
24180,1.25518,18900.7,1.90558
24240,1.20942,19176.2,1.90631
24300,1.34227,19455.0,1.91453
24360,1.33395,19503.6,1.91521
24420,1.24556,19608.0,1.91597
24480,1.24916,19544.7,1.91873
24540,1.44497,19568.7,1.91818
24600,1.19075,19304.8,1.91245
24660,1.07362,19196.7,1.91307
24720,1.35289,19390.2,1.91608
24780,1.15769,19530.8,1.9157
24840,1.49898,19301.7,1.91558
24900,1.32376,19410.4,1.91668
24960,1.43242,19050.1,1.91717
25020,1.29257,18871.0,1.92072
25080,1.40739,18709.1,1.91994
25140,1.40766,18743.1,1.92062
25200,1.40734,19003.8,1.9194
25260,1.5442,18811.9,1.91806
25320,1.4202,19036.7,1.92323
25380,1.13637,19036.9,1.92555
25440,1.33454,19013.5,1.92429
25500,1.03643,18947.4,1.91961
25560,1.24429,18988.7,1.91562
25620,1.22912,19036.6,1.91457
25680,1.18999,19072.5,1.91518
25740,1.23287,19123.7,1.92165
25800,1.51102,19162.1,1.919
25860,1.18135,19354.0,1.91762
25920,1.46733,19477.8,1.92199
25980,1.01868,19867.6,1.93082
26040,1.27867,19668.4,1.93277
26100,1.35479,19790.9,1.92503
26160,1.24671,19743.5,1.9175
26220,1.26296,19927.1,1.91804
26280,1.41691,19848.3,1.92039
26340,1.53174,20295.8,1.9201
26400,1.29874,20400.5,1.92256
26460,1.41682,20319.4,1.92787
26520,1.49389,20245.0,1.93185
26580,1.42243,20413.4,1.93333
26640,1.44611,20477.0,1.93612
26700,1.65812,20564.0,1.93909
26760,1.48834,20597.1,1.94382
26820,1.79067,20759.3,1.94195
26880,1.80067,20745.3,1.93605
26940,1.67447,20864.1,1.93359
27000,1.51009,20929.0,1.93129
27060,1.33961,20468.6,1.93046
27120,1.54326,20874.9,1.93433
27180,1.79839,21164.3,1.93746
27240,1.67724,21193.8,1.9381
27300,1.58143,20583.9,1.93281
27360,1.71385,20745.7,1.93978
27420,1.57702,20688.7,1.94188
27480,1.57243,20635.0,1.93975
27540,1.18436,20421.1,1.92924
27600,1.56256,20474.5,1.93103
27660,1.38138,20030.3,1.92278
27720,1.42484,19840.4,1.92266
27780,1.44944,20196.4,1.92805
27840,1.3291,20221.0,1.9292
27900,1.19943,20298.5,1.92953
27960,1.44949,20493.2,1.93065
28020,1.46114,20326.1,1.92686
28080,1.45048,20248.6,1.92971
28140,1.44688,20409.1,1.93032
28200,1.30656,20321.1,1.93335
28260,1.31121,20418.2,1.93884
28320,1.8062,20497.3,1.94093
28380,1.40182,20585.8,1.94162
28440,1.33988,20526.4,1.93989
28500,1.30191,20363.0,1.93903
28560,1.35553,20200.7,1.93237
28620,1.22719,20358.3,1.93252
28680,1.31478,20318.7,1.93548
28740,1.21672,20426.1,1.93878
28800,1.46697,20351.1,1.93599
28860,1.12661,20238.7,1.9298
28920,1.3555,20082.0,1.92925
28980,1.18109,20141.3,1.93247
29040,1.39098,20173.4,1.93504
29100,1.44754,20193.4,1.9332
29160,1.08477,19912.9,1.93055
29220,1.24996,19952.7,1.93429
29280,1.62098,20199.4,1.93595
29340,1.36446,20235.0,1.93357
29400,1.41224,20210.6,1.936
29460,1.31883,20302.8,1.93386
29520,1.18118,20191.1,1.93608
29580,1.27538,20248.7,1.93674
29640,1.18636,20318.5,1.93308
29700,1.29249,20386.6,1.93623
29760,1.46349,20388.3,1.93529
29820,1.47413,20307.1,1.93521
29880,1.24946,20152.0,1.93426
29940,1.24386,20197.0,1.93367
30000,1.44255,20238.5,1.93856
30060,1.53366,20275.1,1.94107
30120,1.51343,20202.9,1.93641
30180,1.23683,20266.9,1.93801
30240,1.29845,20087.7,1.93585
30300,1.09598,19804.2,1.929
30360,1.12782,19951.3,1.9328
30420,1.172,19901.2,1.9301
30480,1.23957,19874.1,1.93181
30540,1.17681,19718.5,1.93097
30600,1.19462,19883.5,1.93343
30660,1.21999,20036.9,1.93986
30720,1.38118,20051.5,1.93535
30780,1.47548,20037.4,1.93596
30840,1.33935,20069.0,1.93772
30900,1.20495,20109.8,1.93894
30960,1.51895,20074.6,1.93818
31020,1.26647,20066.5,1.93586
31080,1.43355,20128.4,1.93898
31140,1.33503,20132.7,1.93996
31200,1.32053,20169.6,1.93786
31260,1.39102,20166.0,1.94481
31320,1.09417,20096.8,1.9436
31380,1.19858,20128.3,1.94386
31440,1.22719,20197.4,1.9451
31500,1.39451,20217.1,1.94368
31560,1.62003,20169.3,1.94354
31620,1.50572,20149.9,1.94668
31680,1.44816,20222.3,1.94579
31740,1.30829,20207.0,1.94766
31800,1.26454,20106.6,1.95252
31860,1.47062,20066.6,1.94934
31920,1.46039,20055.4,1.95031
31980,1.33321,20052.9,1.94871
32040,1.2597,20073.8,1.9518
32100,1.25918,20044.0,1.95166
32160,1.40558,19981.2,1.95205
32220,1.27706,19934.8,1.95121
32280,1.37283,19937.6,1.94833
32340,1.30581,19616.9,1.94192
32400,1.188,19777.8,1.94191
32460,1.43695,19796.1,1.94516
