CampaignData_and_Merges/R0/CSL_MobileLab_Parked/raw/20240818/USOS-MetNav_MobileLabGround_20240818_R0.ict
44, 1001
Carrie Womack, Nate Howard, Mike Zucker
NOAA Chemical Sciences Laboratory
Mobile Lab MetNav Station
USOS
1, 1
2024, 08, 18, 2024, 12, 21
60
Time_Start, seconds_past_midnight, Seconds from midnight UTC
11
1, 1, 1, 1, 1, 1, 1, 1, 1, 1, 1
-9999, -9999, -9999, -9999, -9999, -9999, -9999, -9999, -9999, -9999, -9999
GPS_Alt_m, meters, Altitude from Differential GPS
GPS_Course_deg, degrees, Course from Differential GPS
GPS_GndSpd_m_s, m/s, Ground Speed from Differential GPS
GPS_Heading_deg, degrees, Heading from Differential GPS
GPS_Lat_deg, degrees, Latitude from Differential GPS
GPS_Lon_deg, degrees, Longitude from Differential GPS
AirTemp_C, Celsius, Air Temperature from Airmar
RelHumidity_pct, percent, Relative Humidity from Airmar
Pressure_mb, millibars, Pressure from Honeywell
WindDir_calc_deg, degrees, Wind Direction from Airmar corrected for van movement
WindSpd_calc_m_s, m/s, Wind Speed from Airmar corrected for van movement
1
SPECIAL COMMENTS: Missing data due to computer crash
18
PI_CONTACT_INFO: Address: 325 Broadway R/CSL7, Boulder, CO, 80305
PLATFORM: CSL Mobile Lab
LOCATION: Salt Lake City, UT
ASSOCIATED_DATA: N/A
INSTRUMENT_INFO: N/A
DATA_INFO: Units:
UNCERTAINTY: N/A
ULOD_FLAG: -7777
ULOD_VALUE: N/A
LLOD_FLAG: -8888
LLOD_VALUE: N/A
DM_CONTACT_INFO: Data Manager: Nate Howard
PROJECT_INFO: 
STIPULATIONS_ON_USE: Use of these data require prior ok from PI.
OTHER_COMMENTS: 
REVISION: R0
R0: Final data. Fixed bug in wind averaging code. RA: Preliminary Data. For in-field use only. 
Time_Start, GPS_Alt_m, GPS_Course_deg, GPS_GndSpd_m_s, GPS_Heading_deg, GPS_Lat_deg, GPS_Lon_deg, AirTemp_C, RelHumidity_pct, Pressure_mb, WindDir_calc_deg, WindSpd_calc_m_s
[from data line 1187]
71220.0,-9999.0,-9999.00,-9999.00,-9999.00,-9999.00000,-9999.00000,-9999.0,-9999.0,-9999.0,-9999.00,-9999.0
71280.0,-9999.0,-9999.00,-9999.00,-9999.00,-9999.00000,-9999.00000,-9999.0,-9999.0,-9999.0,-9999.00,-9999.0
71340.0,-9999.0,-9999.00,-9999.00,-9999.00,-9999.00000,-9999.00000,-9999.0,-9999.0,-9999.0,-9999.00,-9999.0
71400.0,-9999.0,-9999.00,-9999.00,-9999.00,-9999.00000,-9999.00000,-9999.0,-9999.0,-9999.0,-9999.00,-9999.0
71460.0,-9999.0,-9999.00,-9999.00,-9999.00,-9999.00000,-9999.00000,-9999.0,-9999.0,-9999.0,-9999.00,-9999.0
71520.0,-9999.0,-9999.00,-9999.00,-9999.00,-9999.00000,-9999.00000,-9999.0,-9999.0,-9999.0,-9999.00,-9999.0
71580.0,-9999.0,-9999.00,-9999.00,-9999.00,-9999.00000,-9999.00000,-9999.0,-9999.0,-9999.0,-9999.00,-9999.0
71640.0,-9999.0,-9999.00,-9999.00,-9999.00,-9999.00000,-9999.00000,-9999.0,-9999.0,-9999.0,-9999.00,-9999.0
71700.0,-9999.0,-9999.00,-9999.00,-9999.00,-9999.00000,-9999.00000,-9999.0,-9999.0,-9999.0,-9999.00,-9999.0
71760.0,-9999.0,-9999.00,-9999.00,-9999.00,-9999.00000,-9999.00000,-9999.0,-9999.0,-9999.0,-9999.00,-9999.0
71820.0,-9999.0,-9999.00,-9999.00,-9999.00,-9999.00000,-9999.00000,-9999.0,-9999.0,-9999.0,-9999.00,-9999.0
71880.0,-9999.0,-9999.00,-9999.00,-9999.00,-9999.00000,-9999.00000,-9999.0,-9999.0,-9999.0,-9999.00,-9999.0
71940.0,-9999.0,-9999.00,-9999.00,-9999.00,-9999.00000,-9999.00000,-9999.0,-9999.0,-9999.0,-9999.00,-9999.0
72000.0,-9999.0,-9999.00,-9999.00,-9999.00,-9999.00000,-9999.00000,-9999.0,-9999.0,-9999.0,-9999.00,-9999.0
72060.0,-9999.0,-9999.00,-9999.00,-9999.00,-9999.00000,-9999.00000,-9999.0,-9999.0,-9999.0,-9999.00,-9999.0
72120.0,-9999.0,-9999.00,-9999.00,-9999.00,-9999.00000,-9999.00000,-9999.0,-9999.0,-9999.0,-9999.00,-9999.0
72180.0,-9999.0,-9999.00,-9999.00,-9999.00,-9999.00000,-9999.00000,-9999.0,-9999.0,-9999.0,-9999.00,-9999.0
72240.0,-9999.0,-9999.00,-9999.00,-9999.00,-9999.00000,-9999.00000,-9999.0,-9999.0,-9999.0,-9999.00,-9999.0
72300.0,-9999.0,-9999.00,-9999.00,-9999.00,-9999.00000,-9999.00000,-9999.0,-9999.0,-9999.0,-9999.00,-9999.0
72360.0,-9999.0,-9999.00,-9999.00,-9999.00,-9999.00000,-9999.00000,-9999.0,-9999.0,-9999.0,-9999.00,-9999.0
72420.0,-9999.0,-9999.00,-9999.00,-9999.00,-9999.00000,-9999.00000,-9999.0,-9999.0,-9999.0,-9999.00,-9999.0
72480.0,-9999.0,-9999.00,-9999.00,-9999.00,-9999.00000,-9999.00000,-9999.0,-9999.0,-9999.0,-9999.00,-9999.0
72540.0,-9999.0,-9999.00,-9999.00,-9999.00,-9999.00000,-9999.00000,-9999.0,-9999.0,-9999.0,-9999.00,-9999.0
72600.0,-9999.0,-9999.00,-9999.00,-9999.00,-9999.00000,-9999.00000,-9999.0,-9999.0,-9999.0,-9999.00,-9999.0
72660.0,-9999.0,-9999.00,-9999.00,-9999.00,-9999.00000,-9999.00000,-9999.0,-9999.0,-9999.0,-9999.00,-9999.0
72720.0,-9999.0,-9999.00,-9999.00,-9999.00,-9999.00000,-9999.00000,-9999.0,-9999.0,-9999.0,-9999.00,-9999.0
72780.0,-9999.0,-9999.00,-9999.00,-9999.00,-9999.00000,-9999.00000,-9999.0,-9999.0,-9999.0,-9999.00,-9999.0
72840.0,-9999.0,-9999.00,-9999.00,-9999.00,-9999.00000,-9999.00000,-9999.0,-9999.0,-9999.0,-9999.00,-9999.0
72900.0,-9999.0,-9999.00,-9999.00,-9999.00,-9999.00000,-9999.00000,-9999.0,-9999.0,-9999.0,-9999.00,-9999.0
72960.0,-9999.0,-9999.00,-9999.00,-9999.00,-9999.00000,-9999.00000,-9999.0,-9999.0,-9999.0,-9999.00,-9999.0
73020.0,-9999.0,-9999.00,-9999.00,-9999.00,-9999.00000,-9999.00000,-9999.0,-9999.0,-9999.0,-9999.00,-9999.0
73080.0,-9999.0,-9999.00,-9999.00,-9999.00,-9999.00000,-9999.00000,-9999.0,-9999.0,-9999.0,-9999.00,-9999.0
73140.0,-9999.0,-9999.00,-9999.00,-9999.00,-9999.00000,-9999.00000,-9999.0,-9999.0,-9999.0,-9999.00,-9999.0
73200.0,-9999.0,-9999.00,-9999.00,-9999.00,-9999.00000,-9999.00000,-9999.0,-9999.0,-9999.0,-9999.00,-9999.0
73260.0,-9999.0,-9999.00,-9999.00,-9999.00,-9999.00000,-9999.00000,-9999.0,-9999.0,-9999.0,-9999.00,-9999.0
73320.0,-9999.0,-9999.00,-9999.00,-9999.00,-9999.00000,-9999.00000,-9999.0,-9999.0,-9999.0,-9999.00,-9999.0
73380.0,-9999.0,-9999.00,-9999.00,-9999.00,-9999.00000,-9999.00000,-9999.0,-9999.0,-9999.0,-9999.00,-9999.0
73440.0,-9999.0,-9999.00,-9999.00,-9999.00,-9999.00000,-9999.00000,-9999.0,-9999.0,-9999.0,-9999.00,-9999.0
73500.0,-9999.0,-9999.00,-9999.00,-9999.00,-9999.00000,-9999.00000,-9999.0,-9999.0,-9999.0,-9999.00,-9999.0
73560.0,-9999.0,-9999.00,-9999.00,-9999.00,-9999.00000,-9999.00000,-9999.0,-9999.0,-9999.0,-9999.00,-9999.0
73620.0,-9999.0,-9999.00,-9999.00,-9999.00,-9999.00000,-9999.00000,-9999.0,-9999.0,-9999.0,-9999.00,-9999.0
73680.0,-9999.0,-9999.00,-9999.00,-9999.00,-9999.00000,-9999.00000,-9999.0,-9999.0,-9999.0,-9999.00,-9999.0
73740.0,-9999.0,-9999.00,-9999.00,-9999.00,-9999.00000,-9999.00000,-9999.0,-9999.0,-9999.0,-9999.00,-9999.0
73800.0,-9999.0,-9999.00,-9999.00,-9999.00,-9999.00000,-9999.00000,-9999.0,-9999.0,-9999.0,-9999.00,-9999.0
73860.0,-9999.0,-9999.00,-9999.00,-9999.00,-9999.00000,-9999.00000,-9999.0,-9999.0,-9999.0,-9999.00,-9999.0
73920.0,-9999.0,-9999.00,-9999.00,-9999.00,-9999.00000,-9999.00000,-9999.0,-9999.0,-9999.0,-9999.00,-9999.0
73980.0,-9999.0,-9999.00,-9999.00,-9999.00,-9999.00000,-9999.00000,-9999.0,-9999.0,-9999.0,-9999.00,-9999.0
74040.0,1309.3,3.83,0.05,3.83,40.73433,-111.87210,32.3,28.5,878.2,173.57,1.3
74100.0,1309.2,3.81,0.05,3.81,40.73433,-111.87210,32.3,28.5,878.2,177.15,1.2
74160.0,1309.2,3.53,0.04,3.53,40.73433,-111.87211,32.3,28.1,878.1,180.99,2.1
74220.0,1309.0,3.33,0.05,3.33,40.73433,-111.87211,32.3,28.1,878.1,166.12,2.4
74280.0,1308.7,3.45,0.05,3.45,40.73433,-111.87211,32.3,28.1,878.1,133.05,1.2
74340.0,1308.7,3.71,0.04,3.71,40.73433,-111.87211,32.2,28.0,878.0,163.66,1.2
74400.0,1308.7,3.50,0.05,3.50,40.73433,-111.87211,32.3,28.0,878.0,179.91,2.2
74460.0,1308.7,4.14,0.06,4.14,40.73433,-111.87211,32.3,27.9,878.0,183.38,2.4
74520.0,1308.7,4.55,0.05,4.55,40.73433,-111.87211,32.2,28.3,878.0,169.97,1.8
74580.0,1308.8,3.87,0.05,3.87,40.73433,-111.87211,32.3,27.9,878.0,175.14,1.3
74640.0,1308.9,3.81,0.05,3.81,40.73433,-111.87211,32.3,28.0,878.0,170.89,2.1
74700.0,1308.9,4.26,0.05,4.26,40.73433,-111.87211,32.4,27.8,878.0,169.18,1.0
74760.0,1308.8,4.24,0.04,4.24,40.73433,-111.87211,32.5,27.8,878.0,157.30,1.2
74820.0,1308.9,4.33,0.05,4.33,40.73433,-111.87211,32.5,27.6,878.0,156.76,1.4
74880.0,1308.9,4.28,0.05,4.28,40.73433,-111.87211,32.4,27.6,878.1,169.60,1.8
74940.0,1309.0,4.44,0.05,4.44,40.73433,-111.87211,32.4,27.4,878.0,178.47,1.9
75000.0,1309.1,3.98,0.06,3.98,40.73433,-111.87211,32.4,27.6,878.0,165.40,1.7
75060.0,1309.3,4.17,0.05,4.17,40.73433,-111.87211,32.3,28.5,878.0,136.78,2.1
75120.0,1309.3,3.82,0.05,3.82,40.73433,-111.87210,32.2,28.1,877.9,157.25,1.7
75180.0,1309.3,3.41,0.05,3.41,40.73433,-111.87210,32.2,27.9,877.9,181.50,1.7
75240.0,1309.4,3.73,0.05,3.73,40.73433,-111.87211,32.2,28.2,877.9,155.25,2.1
75300.0,1309.5,4.18,0.04,4.18,40.73433,-111.87211,32.0,28.1,877.9,161.00,2.5
75360.0,1309.3,3.93,0.06,3.93,40.73433,-111.87210,32.0,28.5,877.9,159.40,1.7
75420.0,1309.2,3.55,0.05,3.55,40.73433,-111.87210,31.9,28.4,877.9,162.86,2.3
75480.0,1309.1,3.39,0.05,3.39,40.73433,-111.87210,31.9,28.4,877.8,151.54,1.1
75540.0,1309.0,3.47,0.05,3.47,40.73433,-111.87210,31.9,28.5,877.8,175.97,1.4
75600.0,1309.2,3.69,0.04,3.69,40.73433,-111.87210,32.0,28.5,877.8,161.07,1.2
75660.0,1309.1,4.06,0.05,4.06,40.73433,-111.87210,32.1,28.4,877.8,166.46,1.3
75720.0,1309.2,3.75,0.04,3.75,40.73433,-111.87210,32.0,28.4,877.7,159.10,1.8
75780.0,1309.4,3.61,0.04,3.61,40.73433,-111.87210,32.0,28.4,877.7,162.60,1.8
75840.0,1309.6,3.66,0.05,3.66,40.73433,-111.87211,31.8,28.4,877.7,166.27,2.7
75900.0,1309.5,3.80,0.05,3.80,40.73433,-111.87211,31.8,28.5,877.7,162.80,2.7
75960.0,1309.3,3.38,0.06,3.38,40.73433,-111.87211,31.7,28.7,877.7,170.97,1.9
76020.0,1309.3,3.08,0.05,3.08,40.73433,-111.87211,31.7,29.1,877.7,160.12,2.2
76080.0,1309.2,3.04,0.05,3.04,40.73433,-111.87211,31.6,29.3,877.7,154.78,2.2
76140.0,1309.2,3.44,0.05,3.44,40.73433,-111.87211,31.5,29.3,877.7,145.06,2.4
76200.0,1309.3,3.84,0.05,3.84,40.73434,-111.87211,31.4,29.4,877.8,155.40,2.4
76260.0,1309.4,3.77,0.06,3.77,40.73434,-111.87211,31.3,29.3,877.8,163.48,2.8
76320.0,1309.4,2.98,0.05,2.98,40.73434,-111.87211,31.2,29.1,877.8,157.12,3.3
76380.0,1309.5,2.70,0.05,2.70,40.73434,-111.87211,31.1,29.3,877.8,166.21,2.5
76440.0,1309.7,2.56,0.05,2.56,40.73434,-111.87211,31.1,29.7,877.8,144.59,2.3
76500.0,1309.7,2.81,0.05,2.81,40.73434,-111.87211,31.1,29.6,877.8,161.88,1.9
76560.0,1309.8,3.18,0.05,3.18,40.73433,-111.87211,31.1,29.5,877.8,169.19,2.1
76620.0,1309.9,2.87,0.05,2.87,40.73433,-111.87211,31.1,30.0,877.8,145.46,2.5
76680.0,1309.6,2.59,0.05,2.59,40.73433,-111.87211,31.2,29.8,877.8,172.91,1.8
76740.0,1310.3,3.25,0.05,3.25,40.73433,-111.87211,31.3,29.5,877.9,171.35,1.6
76800.0,1310.3,3.11,0.05,3.11,40.73433,-111.87211,31.4,29.3,877.9,165.75,1.3
76860.0,1310.3,2.59,0.05,2.59,40.73433,-111.87211,31.5,29.1,877.9,176.42,1.8
76920.0,1310.2,2.98,0.05,2.98,40.73433,-111.87211,31.6,29.0,877.9,157.48,1.8
76980.0,1310.3,3.40,0.05,3.40,40.73433,-111.87211,31.6,28.8,877.9,162.71,2.9
77040.0,1310.4,3.67,0.05,3.67,40.73433,-111.87211,31.6,28.9,877.9,162.08,3.4
77100.0,1311.2,3.43,0.05,3.43,40.73433,-111.87210,31.5,29.3,877.9,150.78,3.2
77160.0,1310.8,2.96,0.05,2.96,40.73433,-111.87211,31.4,29.3,877.8,149.51,2.9
77220.0,1310.8,2.61,0.05,2.61,40.73433,-111.87210,31.4,29.3,877.8,157.93,2.4
77280.0,1310.7,2.96,0.04,2.96,40.73433,-111.87211,31.4,29.4,877.8,155.87,2.2
77340.0,1310.6,2.91,0.04,2.91,40.73433,-111.87211,31.3,29.4,877.8,162.36,2.4
77400.0,1310.7,2.53,0.04,2.53,40.73433,-111.87211,31.3,29.8,877.8,151.63,2.4
77460.0,1310.8,2.64,0.05,2.64,40.73433,-111.87211,31.1,29.7,877.8,147.36,3.3
77520.0,1310.6,3.05,0.05,3.05,40.73433,-111.87211,31.1,29.8,877.8,148.53,3.0
77580.0,1310.4,2.92,0.06,2.92,40.73433,-111.87211,31.1,29.9,877.8,145.17,2.5
77640.0,1310.3,2.70,0.05,2.70,40.73433,-111.87211,31.1,29.9,877.7,154.15,1.5
77700.0,1310.2,2.80,0.06,2.80,40.73433,-111.87211,31.1,29.1,877.7,165.31,1.7
77760.0,1310.2,2.86,0.06,2.86,40.73433,-111.87211,31.2,30.0,877.8,157.06,2.0
77820.0,1310.4,2.42,0.05,2.42,40.73433,-111.87211,31.2,29.3,877.8,182.45,2.1
77880.0,1310.3,2.39,0.05,2.39,40.73434,-111.87211,31.3,29.3,877.8,183.68,1.8
77940.0,1310.3,2.18,0.05,2.18,40.73434,-111.87211,31.3,29.3,877.8,149.15,1.2
78000.0,1310.5,2.41,0.05,2.41,40.73433,-111.87211,31.4,29.2,877.7,159.84,1.1
78060.0,1310.3,2.38,0.05,2.38,40.73434,-111.87211,31.3,29.4,877.7,184.46,1.0
78120.0,1310.1,2.33,0.06,2.33,40.73434,-111.87211,31.4,29.6,877.7,165.07,0.8
78180.0,1310.0,2.29,0.05,2.29,40.73434,-111.87211,31.3,29.2,877.7,169.63,1.8
78240.0,1310.0,3.02,0.04,3.02,40.73434,-111.87211,31.3,29.2,877.7,180.75,1.9
78300.0,1310.0,3.04,0.05,3.04,40.73434,-111.87211,31.4,29.2,877.7,172.72,1.2
78360.0,1310.0,2.95,0.05,2.95,40.73434,-111.87211,31.4,29.1,877.8,174.94,2.2
78420.0,1310.0,2.94,0.05,2.94,40.73434,-111.87211,31.4,29.4,877.8,161.30,1.6
78480.0,1310.0,2.85,0.05,2.85,40.73434,-111.87211,31.4,29.6,877.8,168.84,2.4
78540.0,1310.1,2.77,0.04,2.77,40.73434,-111.87211,31.4,29.8,877.8,160.42,1.8
78600.0,1310.1,2.91,0.04,2.91,40.73434,-111.87211,31.2,29.9,877.8,160.10,1.8
78660.0,1310.2,3.42,0.04,3.42,40.73434,-111.87211,31.2,29.8,877.8,157.05,1.7
78720.0,1310.2,3.33,0.05,3.33,40.73434,-111.87211,31.1,29.9,877.8,190.60,3.0
78780.0,1310.2,3.34,0.05,3.34,40.73434,-111.87211,30.9,30.2,877.8,163.33,3.1
78840.0,1310.0,3.33,0.05,3.33,40.73434,-111.87211,30.8,30.5,877.7,195.51,2.5
78900.0,1309.9,2.98,0.06,2.98,40.73434,-111.87211,30.7,30.8,877.7,189.07,1.6
78960.0,1309.8,2.97,0.05,2.97,40.73434,-111.87211,30.7,31.0,877.7,161.70,2.5
79020.0,1309.8,3.04,0.05,3.04,40.73434,-111.87211,30.5,31.0,877.7,172.10,3.7
79080.0,1309.7,3.34,0.04,3.34,40.73434,-111.87211,30.4,31.6,877.7,163.84,2.7
79140.0,1309.8,3.28,0.04,3.28,40.73434,-111.87211,30.3,31.5,877.7,150.62,3.0
79200.0,1309.8,3.72,0.05,3.72,40.73434,-111.87211,30.3,31.5,877.7,186.43,1.2
79260.0,1309.8,4.26,0.05,4.26,40.73434,-111.87211,30.4,31.4,877.8,187.79,1.2
79320.0,1309.9,3.86,0.05,3.86,40.73434,-111.87211,30.5,31.3,877.8,164.70,2.0
79380.0,1310.0,3.57,0.05,3.57,40.73434,-111.87211,30.4,31.1,877.9,169.05,2.4
79440.0,1310.0,3.81,0.05,3.81,40.73434,-111.87211,30.3,31.6,877.9,152.20,2.1
79500.0,1310.0,3.91,0.05,3.91,40.73434,-111.87211,30.3,31.0,877.9,166.50,2.5
79560.0,1310.2,3.55,0.04,3.55,40.73434,-111.87210,30.2,31.1,877.9,159.99,2.3
79620.0,1310.4,3.96,0.05,3.96,40.73434,-111.87210,30.2,31.1,877.9,171.99,2.5
79680.0,1310.4,4.13,0.04,4.13,40.73434,-111.87210,30.1,31.5,877.9,161.17,2.8
79740.0,1310.1,4.16,0.05,4.16,40.73434,-111.87211,30.0,31.7,877.9,145.96,3.1
79800.0,1310.0,4.08,0.05,4.08,40.73434,-111.87211,29.8,32.5,877.9,133.28,3.4
79860.0,1310.0,4.05,0.05,4.05,40.73434,-111.87211,29.8,32.4,877.8,149.08,2.1
79920.0,1309.9,4.17,0.05,4.17,40.73434,-111.87211,29.7,32.2,877.8,159.79,3.6
79980.0,1309.8,3.95,0.05,3.95,40.73434,-111.87211,29.6,32.2,877.8,178.73,3.4
80040.0,1309.9,4.20,0.05,4.20,40.73433,-111.87211,29.3,32.7,877.8,133.52,4.1
80100.0,1310.0,4.21,0.05,4.21,40.73433,-111.87211,29.3,32.3,877.8,139.24,3.8
80160.0,1310.0,4.26,0.05,4.26,40.73433,-111.87211,29.1,32.5,877.8,140.45,3.8
80220.0,1309.9,4.19,0.05,4.19,40.73433,-111.87211,29.0,33.0,877.8,130.62,2.3
80280.0,1309.8,4.37,0.05,4.37,40.73433,-111.87211,29.0,33.0,877.9,148.03,2.6
80340.0,1309.7,3.93,0.05,3.93,40.73433,-111.87211,28.9,32.1,877.9,145.23,2.3
80400.0,1309.3,3.97,0.04,3.97,40.73433,-111.87211,29.0,31.9,877.9,142.70,1.8
80460.0,1309.2,4.47,0.05,4.47,40.73433,-111.87211,29.1,32.1,877.9,164.43,1.8
80520.0,1309.2,4.39,0.05,4.39,40.73433,-111.87211,29.1,31.7,877.9,164.77,2.2
80580.0,1309.3,4.39,0.05,4.39,40.73433,-111.87211,29.1,32.1,877.9,142.04,2.2
80640.0,1309.5,4.19,0.05,4.19,40.73433,-111.87211,29.0,32.7,877.9,128.81,1.9
80700.0,1309.5,3.90,0.05,3.90,40.73433,-111.87210,28.9,32.7,877.9,130.33,1.8
80760.0,1309.5,3.81,0.05,3.81,40.73433,-111.87210,29.0,31.6,877.9,151.71,1.7
80820.0,1309.3,3.41,0.05,3.41,40.73433,-111.87210,28.9,32.2,877.9,134.78,2.1
80880.0,1309.2,3.30,0.04,3.30,40.73433,-111.87210,28.8,32.5,877.9,129.76,2.1
80940.0,1309.2,3.19,0.05,3.19,40.73433,-111.87210,28.8,32.1,877.9,132.72,2.5
81000.0,1309.1,3.65,0.05,3.65,40.73433,-111.87210,28.7,32.0,877.9,137.10,3.2
81060.0,1309.0,4.07,0.05,4.07,40.73433,-111.87210,28.6,32.2,877.9,143.40,2.9
81120.0,1309.0,3.91,0.05,3.91,40.73433,-111.87210,28.7,32.0,878.0,150.69,2.4
81180.0,1308.9,3.44,0.05,3.44,40.73433,-111.87210,28.6,32.0,878.0,142.82,3.0
81240.0,1308.8,3.59,0.05,3.59,40.73433,-111.87210,28.6,32.1,878.0,147.10,2.6
81300.0,1308.7,4.24,0.04,4.24,40.73433,-111.87210,28.5,32.4,878.0,134.76,2.5
81360.0,1308.7,4.07,0.05,4.07,40.73433,-111.87210,28.5,32.1,877.9,131.42,2.3
81420.0,1308.6,4.04,0.05,4.04,40.73433,-111.87210,28.5,32.0,877.9,148.14,1.8
81480.0,1308.5,4.34,0.05,4.34,40.73433,-111.87210,28.6,31.9,877.9,148.82,1.9
81540.0,1308.5,4.65,0.04,4.65,40.73433,-111.87210,28.6,31.5,877.8,158.92,1.0
81600.0,1308.4,4.52,0.04,4.52,40.73433,-111.87210,28.6,30.7,877.8,170.87,3.0
81660.0,1308.5,4.95,0.05,4.95,40.73433,-111.87210,28.7,30.4,877.9,189.83,1.7
81720.0,1308.5,5.11,0.04,5.11,40.73433,-111.87210,28.8,29.8,877.9,188.35,1.3
81780.0,1308.5,4.78,0.04,4.78,40.73433,-111.87210,28.8,29.8,877.9,165.34,2.8
81840.0,1308.5,5.02,0.05,5.02,40.73433,-111.87210,28.8,29.5,877.8,186.14,2.7
81900.0,1308.5,5.23,0.04,5.23,40.73433,-111.87210,28.9,29.7,877.8,191.11,1.6
81960.0,1308.6,4.93,0.04,4.93,40.73433,-111.87210,28.8,29.9,877.8,187.99,2.4
82020.0,1308.6,4.34,0.05,4.34,40.73433,-111.87210,28.6,30.1,877.9,188.15,3.6
82080.0,1308.7,4.49,0.04,4.49,40.73433,-111.87210,28.6,30.3,877.9,163.04,2.2
82140.0,1308.6,4.80,0.05,4.80,40.73433,-111.87210,28.4,30.7,877.9,164.26,2.9
82200.0,1308.7,4.52,0.05,4.52,40.73433,-111.87210,28.4,30.9,878.0,163.16,3.4
82260.0,1308.7,4.17,0.05,4.17,40.73433,-111.87210,28.2,30.5,878.0,185.83,4.1
82320.0,1308.4,3.74,0.06,3.74,40.73433,-111.87210,28.2,30.4,878.0,169.00,3.0
82380.0,1308.3,3.63,0.07,3.63,40.73433,-111.87210,28.0,29.3,878.0,191.92,5.3
82440.0,1308.5,3.81,0.06,3.81,40.73433,-111.87210,27.9,29.5,877.9,179.57,3.6
