CampaignData_and_Merges/R0/CSL_MobileLab_Parked/raw/20240818/USOS-HCHO_MobileLabGround_20240818_R0.ict
35,1001
Huang, Yaoxian
Wayne State University
Picarro G2307 on CSL Mobile Lab
USOS
1,1
2024,08,18,2024,08,25
1.0
Time_Start,seconds_since_midnight,number_of_seconds_since_0000_UTC
3
1.0,1.0,1.0
-9999.0,-9999.0,-9999.0
HCHO,ppbv,Gas_HCHO_InSitu_S_AVMR,volume mixing ratio of formaldehyde in air
H2O,ppmv,Gas_H2O_InSitu_S_AVMR,volume mixing ratio of water vapor in air
CH4,ppmv,Gas_CH4_InSitu_S_AVMR,volume mixing ratio of methane in air
0
18
PI_CONTACT_INFO: yaoxian.huang@wayne.edu
PLATFORM: CSL Mobile Lab, at Ground Site
LOCATION: Salt Lake City, UT
ASSOCIATED_DATA: N/A
INSTRUMENT_INFO: Cavity Ring-Down Spectrometer
DATA_INFO: Data is averaged to 1 minute intervals for stationary and 1 second interval for driving. Stationary data collected from a 20 ft tower on top of the mobile lab.
UNCERTAINTY: N/A
ULOD_FLAG: -7777
ULOD_VALUE: N/A
LLOD_FLAG: -8888
LLOD_VALUE: N/A
DM_CONTACT_INFO: Yaoxian Huang; yaoxian.huang@wayne.edu
PROJECT_INFO: USOS, Summer 2024. https://csl.noaa.gov/groups/csl7/measurements/2024usos/
STIPULATIONS_ON_USE: Users are strongly encouraged to contact the PI for proper data usage.
OTHER_COMMENTS: Data have been shifted backwards by 1 minute to align with USOS MetNav and Picarro GHG data.
REVISION: R0
R0: Final Data
Time_Start,HCHO,H2O,CH4
[from data line 1076]
64560,2.71334,17445.2,1.89461
64620,2.44098,17844.0,1.8929
64680,2.63223,17895.4,1.89468
64740,2.88015,18135.3,1.89109
64800,2.74022,18096.5,1.89364
64860,2.75602,17757.3,1.89371
64920,2.78348,17644.1,1.89315
64980,2.99179,18084.2,1.89173
65040,2.58102,17891.3,1.8918
65100,2.66486,17533.0,1.89349
65160,2.59987,17348.4,1.88884
65220,2.58485,17553.4,1.8883
65280,2.49703,17337.5,1.88776
65340,2.45294,17129.1,1.88847
65400,2.41386,17112.0,1.88901
65460,2.3195,17188.0,1.8892
65520,2.28025,17068.7,1.88648
65580,2.42236,17159.3,1.88638
65640,2.22285,16977.9,1.88464
65700,2.27065,16837.5,1.88707
65760,2.17282,16916.0,1.88649
65820,2.49405,17319.3,1.88566
65880,2.02373,17016.8,1.88566
65940,2.06996,16692.6,1.8852
66000,2.08199,16836.1,1.88576
66060,2.25124,16822.0,1.88448
66120,2.20635,16834.3,1.88637
66180,1.95389,16496.9,1.88533
66240,2.22839,16635.3,1.88783
66300,2.33965,16840.7,1.88764
66360,2.30696,16945.4,1.88762
66420,2.35739,16958.1,1.89103
66480,2.32257,17004.2,1.88788
66540,2.54182,16910.1,1.88728
66600,2.13861,16567.0,1.88355
66660,2.06473,16647.1,1.88491
66720,2.36108,16518.4,1.88481
66780,2.43241,16756.7,1.88506
66840,2.5837,17145.7,1.88614
66900,2.29591,16638.6,1.8847
66960,2.36076,16715.6,1.88312
67020,2.55506,17037.7,1.88437
67080,2.43515,17025.2,1.883
67140,2.49332,17218.2,1.88484
67200,2.80959,17477.3,1.88837
67260,2.59443,17061.2,1.88625
67320,1.99401,16707.1,1.88506
67380,1.7135,16690.8,1.88253
67440,1.85015,16868.2,1.88381
67500,2.03373,16204.9,1.88041
67560,1.76722,16076.1,1.88311
67620,1.89217,16207.5,1.88537
67680,1.81909,16386.5,1.88193
67740,1.81284,16735.3,1.88355
67800,1.54103,15986.8,1.88066
67860,1.77786,15905.7,1.87989
67920,1.30941,15836.6,1.87899
67980,1.15913,15861.5,1.88016
68040,1.5981,16080.2,1.88304
68100,1.87178,16170.6,1.88131
68160,1.87175,16519.6,1.87943
68220,1.7271,16313.6,1.88022
68280,1.57498,15921.2,1.88119
68340,1.54958,16033.9,1.88045
68400,1.39689,15919.8,1.88204
68460,1.29993,15752.4,1.87675
68520,1.58392,15865.8,1.88203
68580,1.66405,15857.5,1.88076
68640,1.39081,16295.6,1.88047
68700,1.48818,16141.2,1.88031
68760,1.5535,15798.0,1.88192
68820,1.51675,15953.2,1.87911
68880,1.68876,15855.5,1.87639
68940,1.66715,16190.5,1.88045
69000,1.71738,16119.7,1.88108
69060,1.48974,16284.9,1.88536
69120,1.65794,16122.1,1.87968
69180,1.4892,16050.5,1.88013
69240,1.78241,16100.9,1.87943
69300,1.87854,16189.2,1.88166
69360,1.56473,16070.3,1.88031
69420,1.76829,15941.2,1.88268
69480,1.50861,16223.8,1.88159
69540,1.91928,16368.4,1.87998
69600,1.85829,16191.9,1.88097
69660,1.7792,16111.9,1.87902
69720,1.77489,16370.3,1.88112
69780,1.51765,16054.5,1.88314
69840,1.63044,16220.0,1.88165
69900,1.57872,16127.2,1.88018
69960,1.67653,16112.0,1.88217
70020,1.8096,16356.3,1.87949
70080,1.9119,16415.6,1.87903
70140,1.82138,16319.5,1.88108
70200,1.72795,16595.8,1.88016
70260,1.35259,16047.4,1.88057
70320,1.8158,16511.6,1.87991
70380,1.8386,16764.7,1.88059
70440,1.75238,16477.5,1.88256
70500,1.47669,15955.2,1.88099
70560,1.4478,15892.5,1.88035
70620,1.94853,16095.7,1.87909
70680,1.87359,16369.5,1.88141
70740,2.02284,16863.0,1.88237
70800,1.82272,16652.0,1.87996
70860,1.68969,16363.5,1.87853
70920,1.70175,16372.6,1.88126
70980,1.4791,16227.4,1.88022
71040,1.42705,16441.4,1.88145
71100,1.61016,16287.6,1.8801
71160,1.25774,16250.6,1.88218
71220,1.21462,16278.9,1.88175
71280,1.20936,16193.3,1.87995
71340,1.29659,16179.0,1.88282
71400,1.45356,16282.5,1.88238
71460,1.66632,16446.7,1.88142
71520,1.6544,16274.5,1.88265
71580,1.72368,16361.5,1.88327
71640,1.63209,16291.0,1.88019
71700,1.46641,16466.9,1.88412
71760,1.66907,16420.9,1.88137
71820,1.58508,16169.4,1.88145
71880,1.4873,16435.7,1.8812
71940,1.60023,16558.1,1.88273
72000,1.46248,16484.2,1.88028
72060,1.44709,16520.5,1.88336
72120,1.2456,16454.0,1.88261
72180,1.58504,16437.0,1.88509
72240,1.548,16512.2,1.88232
72300,1.63833,16591.3,1.88499
72360,1.6454,16473.2,1.88606
72420,1.56758,16549.2,1.88477
72480,1.4747,16485.1,1.88299
72540,1.68034,16585.2,1.88359
72600,1.28637,16095.1,1.88142
72660,1.48763,16183.3,1.87978
72720,1.61283,16431.9,1.88172
72780,1.66464,16608.9,1.88294
72840,1.71124,16580.9,1.88359
72900,1.75436,16651.5,1.88451
72960,1.92957,16717.6,1.88468
73020,1.80881,16753.6,1.8838
73080,1.96584,16892.6,1.88289
73140,2.06135,16930.6,1.88601
73200,2.11587,16994.0,1.88589
73260,2.02604,16922.2,1.88453
73320,1.80641,17026.6,1.88174
73380,1.66319,16663.7,1.88277
73440,2.13758,16963.3,1.88583
73500,1.87135,16859.7,1.88401
73560,1.86576,16689.8,1.88468
73620,1.93048,16616.4,1.88472
73680,1.82313,16814.1,1.88272
73740,1.85137,16876.2,1.88405
73800,1.83577,17011.9,1.88594
73860,2.14074,17134.3,1.88459
73920,2.01123,17065.0,1.88371
73980,2.11302,17070.1,1.88695
74040,2.13735,17320.1,1.88582
74100,2.08806,17329.3,1.88675
74160,1.98814,17095.6,1.88448
74220,1.96799,17132.1,1.88234
74280,2.09262,17134.5,1.88526
74340,1.8776,17068.6,1.88815
74400,1.93467,17016.8,1.88644
74460,1.92128,16993.6,1.88276
74520,2.12294,17188.1,1.88612
74580,1.7268,16883.9,1.88422
74640,1.95647,16985.4,1.88548
74700,1.84571,17038.7,1.88463
74760,1.9337,17010.6,1.88513
74820,1.66264,17022.9,1.88445
74880,1.65145,16913.9,1.88287
74940,1.76985,16868.6,1.88429
75000,1.64898,16881.8,1.88385
75060,1.62418,17173.2,1.88313
75120,1.76819,17110.4,1.88519
75180,1.81868,16982.6,1.88546
75240,1.81683,17146.8,1.88576
75300,1.82762,17105.2,1.88644
75360,1.71684,17071.0,1.88491
75420,1.86125,17237.0,1.88384
75480,1.69533,16972.0,1.8862
75540,2.02006,17151.4,1.88473
75600,1.66853,17065.6,1.88443
75660,1.92384,17217.4,1.8852
75720,2.07109,17211.9,1.8863
75780,1.66303,17132.2,1.88814
75840,1.94338,17131.5,1.88698
75900,1.65859,17010.0,1.88352
75960,1.8207,17093.3,1.88635
76020,2.06103,17361.1,1.88323
76080,1.96437,17377.9,1.88701
76140,1.80489,17243.0,1.88864
76200,1.93655,17293.5,1.88923
76260,2.10974,17244.8,1.88793
76320,1.71297,17017.6,1.88559
76380,1.83043,17061.1,1.88914
76440,1.70278,17202.2,1.88692
76500,1.95248,17175.9,1.88905
76560,1.68022,17104.3,1.88865
76620,1.93136,17180.1,1.88646
76680,2.19972,17314.8,1.88963
76740,1.72381,17211.5,1.88718
76800,1.7503,17136.9,1.88938
76860,1.65786,17067.2,1.88813
76920,1.90808,17194.6,1.88634
76980,1.87381,17056.8,1.88611
77040,1.78162,17098.4,1.88789
77100,1.79125,17134.0,1.88869
77160,1.82943,17168.2,1.88677
77220,1.56089,17108.7,1.88614
77280,1.98953,17040.3,1.88842
77340,1.86851,17145.4,1.88851
77400,2.20021,17405.4,1.88791
77460,1.73833,17203.0,1.88603
77520,1.93861,17181.2,1.88907
77580,1.59202,17230.2,1.88817
77640,1.87337,17299.9,1.88513
77700,1.70433,16798.8,1.88435
77760,2.07011,17361.3,1.886
77820,1.88264,16982.8,1.88442
77880,1.71101,17071.8,1.88404
77940,1.74673,17085.0,1.88606
78000,1.98349,17172.5,1.88419
78060,1.82623,17286.5,1.88254
78120,1.88557,17417.7,1.88434
78180,1.70263,17179.4,1.88443
78240,1.79915,17104.6,1.88526
78300,1.92848,17129.0,1.8867
78360,1.95588,17158.5,1.88346
78420,1.88649,17274.1,1.88431
78480,2.01371,17527.1,1.88624
78540,1.78878,17603.3,1.88924
78600,1.96943,17626.7,1.88968
78660,1.91823,17549.1,1.88892
78720,1.82576,17545.3,1.88307
78780,1.83118,17652.9,1.88417
78840,1.84544,17833.0,1.88441
78900,1.86804,17806.0,1.88559
78960,1.86993,17887.8,1.88218
79020,1.83507,17835.3,1.88346
79080,2.24884,17964.8,1.88642
79140,1.85436,17918.9,1.88403
79200,1.70392,17796.1,1.88387
79260,1.93258,17864.3,1.88467
79320,2.02013,17989.6,1.88316
79380,2.03872,17887.5,1.88574
79440,2.23097,18041.0,1.88949
79500,1.92707,17672.3,1.88477
79560,1.64853,17608.3,1.88536
79620,1.63284,17613.5,1.8849
79680,1.79157,17759.3,1.88653
79740,1.89148,17840.0,1.88818
79800,1.96292,17963.6,1.88222
79860,1.76828,18037.9,1.88425
79920,1.71739,17930.6,1.88552
79980,1.69617,17841.7,1.88245
80040,1.72811,17868.0,1.88485
80100,1.63818,17699.2,1.88195
80160,1.44727,17542.8,1.88349
80220,1.53139,17808.8,1.88048
80280,1.47067,17849.4,1.88633
80340,1.53941,17237.7,1.88399
80400,1.38316,17112.3,1.88347
80460,1.51085,17336.3,1.88727
80520,1.19637,17019.4,1.88619
80580,1.51421,17287.6,1.88464
80640,1.36005,17344.2,1.88392
80700,1.50586,17311.8,1.88479
80760,1.40199,16893.2,1.88338
80820,1.36257,16991.4,1.88422
80880,1.65949,17109.7,1.8847
80940,1.2293,17030.0,1.88555
81000,1.43971,16823.4,1.88691
81060,1.46067,16943.7,1.88651
81120,1.703,16909.2,1.8887
81180,1.4655,16832.7,1.88681
81240,1.36742,16829.9,1.88869
81300,1.48037,16824.9,1.8881
81360,1.21013,16619.5,1.88878
81420,1.60395,16777.3,1.88927
81480,1.44262,16676.1,1.88622
81540,1.53445,16439.6,1.88614
81600,1.35636,16036.1,1.88764
81660,1.26577,15722.2,1.89016
81720,1.19485,15516.2,1.88813
81780,1.16794,15543.2,1.88825
81840,1.01258,15403.4,1.88378
81900,0.90551,15486.0,1.88512
81960,0.957034,15620.6,1.88903
82020,1.07283,15639.3,1.88461
82080,0.979969,15704.0,1.8847
82140,1.10912,15792.2,1.88607
82200,1.01209,15883.6,1.88606
82260,1.17936,15757.8,1.88581
82320,0.723754,15527.4,1.88623
82380,0.708148,14926.7,1.8837
82440,0.674752,14717.4,1.88604
82500,0.676563,14777.2,1.88727
82560,0.653824,14565.6,1.88879
82620,0.730762,14431.7,1.8898
82680,0.936214,14236.1,1.88898
82740,0.759467,14270.9,1.88896
82800,0.723539,14321.4,1.88722
82860,0.692548,14342.8,1.88858
82920,0.794428,14383.9,1.88961
82980,0.689277,14343.8,1.88907
83040,0.586343,14311.6,1.89125
83100,0.916763,14287.7,1.89199
83160,0.985641,14174.3,1.89067
83220,0.756685,14238.4,1.89172
83280,0.683387,14292.3,1.89093
83340,0.728635,14215.3,1.88898
83400,0.737049,14269.1,1.89143
83460,0.596528,14234.3,1.89263
83520,0.92383,14284.8,1.89148
83580,0.873936,14208.5,1.89045
83640,0.657342,14257.4,1.89068
83700,0.613781,14455.9,1.88957
83760,0.665659,14602.1,1.89035
83820,0.764424,14730.2,1.88964
83880,0.716417,14809.9,1.88884
83940,0.709056,14904.4,1.88842
84000,0.940018,14897.3,1.89048
84060,0.663982,14910.3,1.89174
84120,0.657459,14966.4,1.88928
84180,0.80644,15339.1,1.89096
84240,0.987578,15495.3,1.88919
84300,0.637873,16084.6,1.89097
84360,0.749498,16296.4,1.88621
84420,1.01434,16841.2,1.88879
84480,0.978186,17180.4,1.88534
84540,1.1345,17889.0,1.88864
84600,1.09031,18247.3,1.88796
84660,1.12984,18493.9,1.88634
84720,0.80802,18970.9,1.88646
84780,1.38357,19279.0,1.8884
84840,1.11986,19378.6,1.88808
84900,1.13765,19420.5,1.88701
84960,1.29494,19611.5,1.89083
85020,1.37112,19552.0,1.89075
85080,1.28878,19494.4,1.89198
85140,0.934815,19361.2,1.89191
85200,1.17524,19222.7,1.8871
85260,1.17775,19107.0,1.89133
85320,1.18278,19045.3,1.88925
85380,1.15971,18636.1,1.89148
85440,1.2181,18556.8,1.88982
85500,1.12423,18477.7,1.89033
85560,1.0862,18394.8,1.89037
85620,0.837414,18327.5,1.88967
85680,1.37227,18219.7,1.89112
85740,1.07837,18133.5,1.89131
85800,1.07235,18175.6,1.88934
85860,0.903303,18271.5,1.89006
85920,1.0238,18517.8,1.8904
85980,0.852136,18593.7,1.88941
86040,1.10805,18814.3,1.89003
86100,1.01689,18822.8,1.88856
86160,1.08912,18727.2,1.89122
86220,1.02044,18717.6,1.88699
86280,0.966647,18778.1,1.88689
86340,-9999.0,-9999.0,-9999.0
