CampaignData_and_Merges/R0/CSL_MobileLab_Parked/raw/20240818/USOS-NOy-LIF_MobileLabGround_20240818_R0.ict
39,1001
Rollins, A.; Waxman, E.; Zuraski, K.; Chace, W.
NOAA Chemical Sciences Laboratory
LIF NO/NOx/NOy on CSL Mobile Lab
AMMBEC / USOS
1, 1
2024,08,18, 2025,01,06
1
Time_Start, seconds, number_of_seconds_since_0000_UTC
7
1, 1, 1, 1, 1, 1, 1
-9999, -9999, -9999, -9999, -9999, -9999, -9999
Time_Stop, seconds, number_of_seconds_since_0000_UTC
NO_LIF, pptv, Gas_NO_InSitu_S_AVMR, volume mixing ratio of nitric oxide in air
NO2_LIF, pptv, Gas_NO2_InSitu_S_AVMR, volume mixing ratio of nitrogen dioxide in air
NOy_LIF, pptv, Gas_NOy_InSitu_S_AVMR, volume mixing ratio of total oxidized nitrogen in air
NO_LIF_1SigmaAccuracy, pptv, Gas_NO_InSitu_S_AVMR, volume mixing ratio of nitric oxide in air
NO2_LIF_1SigmaAccuracy, pptv, Gas_NO2_InSitu_S_AVMR, volume mixing ratio of nitrogen dioxide in air
NOy_LIF_1SigmaAccuracy, pptv, Gas_NOy_InSitu_S_AVMR, volume mixing ratio of total oxidized nitrogen in air
0
18
PI_CONTACT_INFO: andrew.rollins@noaa.gov
PLATFORM: CSL Mobile Lab
LOCATION: Salt Lake City, UT
ASSOCIATED_DATA:
INSTRUMENT_INFO: NO detection by laser induced fluorescence. NO2 detection by photolytic conversion to NO. NOy detection by catalytic conversion to NO on gold surface
DATA_INFO:
UNCERTAINTY: Included 1 Sigma Accuracy waves represent the combined calibration uncertainties (±6%, ±9%, ±10%) and zero uncertainties (3 ppt, 20 ppt, 100 ppt) for NO, NO2, and NOy, respectively.
ULOD_FLAG: -7777
ULOD_VALUE: N/A
LLOD_FLAG: -8888
LLOD_VALUE: N/A
DM_CONTACT_INFO: andrew.rollins@noaa.gov
PROJECT_INFO: USOS Project, July - August 2024
STIPULATIONS_ON_USE: Users are strongly encouraged to contact the PI for proper data usage.
OTHER_COMMENTS: 5% additional uncertainty included in 1 Sigma Accuracy waves for 0000-0130 UTC due to data saving issue
REVISION: R0
R0: final data
Time_Start, Time_Stop, NO_LIF, NO2_LIF, NOy_LIF, NO_LIF_1SigmaAccuracy, NO2_LIF_1SigmaAccuracy, NOy_LIF_1SigmaAccuracy
[from data line 795]
   47700,   47760,336.51,4524.5,5846.4,23.191, 427.2, 684.64
   47760,   47820,340.55,4462.7,6047.1,23.433, 421.65, 704.71
   47820,   47880,326.5,4071.5,5552.7,22.59, 386.44, 655.27
   47880,   47940,457.5,4785.6,5989.9,30.45, 450.7, 698.99
   47940,   48000,537.15,5295.3,7087.5,35.229, 496.57, 808.75
   48000,   48060,533.43,5018.5,6876.2,35.006, 471.66, 787.62
   48060,   48120,350.16,3939.6,6057.6,24.01, 374.56, 705.76
   48120,   48180,318.5,3703.4,5158.5,22.11, 353.31, 615.85
   48180,   48240,353.08,3180.7,4681.4,24.185, 306.26, 568.14
   48240,   48300,463.79,3480.6,4739.1,30.827, 333.26, 573.91
   48300,   48360,821.83,3677.1,4948.2,52.31, 350.94, 594.82
   48360,   48420,773.18,3921,6633.9,49.391, 372.89, 763.39
   48420,   48480,753.94,3430.1,5689.7,48.236, 328.71, 668.97
   48480,   48540,825.53,3439.6,4983.3,52.532, 329.56, 598.33
   48540,   48600,855.13,3633.9,5806,54.308, 347.05, 680.6
   48600,   48660,349.6,2885,4362.2,23.976, 279.65, 536.22
   48660,   48720,317.4,2893.6,4037.5,22.044, 280.42, 503.75
   48720,   48780,1441.7,4541.9,5232.5,89.505, 428.77, 623.25
   48780,   48840,498.74,3831.6,5641.1,32.924, 364.84, 664.11
   48840,   48900,1017.4,5022,6262.6,64.047, 471.98, 726.26
   48900,   48960,734.87,4829.1,6710.3,47.092, 454.62, 771.03
   48960,   49020,853.55,5327.5,6821.4,54.213, 499.47, 782.14
   49020,   49080,912.95,5836,7643.6,57.777, 545.24, 864.36
   49080,   49140,823.71,5903.1,7832.9,52.423, 551.28, 883.29
   49140,   49200,790.4,5821.5,7832.1,50.424, 543.94, 883.21
   49200,   49260,917.15,6076.8,8141.6,58.029, 566.91, 914.16
   49260,   49320,1986.9,8329.4,9884.4,122.22, 769.65, 1088.4
   49320,   49380,1605.1,7020.4,10550,99.308, 651.83, 1155
   49380,   49440,2736.8,8609,11938,167.21, 794.81, 1293.8
   49440,   49500,2367.3,7041.2,13468,145.04, 653.7, 1446.8
   49500,   49560,1703.1,5996.6,11044,105.19, 559.69, 1204.4
   49560,   49620,1333.1,5357.8,8762.4,82.988, 502.2, 976.24
   49620,   49680,887.46,4357.7,7775,56.247, 412.19, 877.5
   49680,   49740,989.22,4385.4,6696.8,62.353, 414.68, 769.68
   49740,   49800,1259.3,4772.9,7256.9,78.557, 449.56, 825.69
   49800,   49860,959.59,4297.9,7044.2,60.575, 406.81, 804.42
   49860,   49920,999.67,4371.6,6705.1,62.98, 413.45, 770.51
   49920,   49980,1380.3,4998.2,6933.3,85.819, 469.84, 793.33
   49980,   50040,1411.2,5164.9,7569.2,87.671, 484.84, 856.92
   50040,   50100,1006.9,4239.8,6930,63.413, 401.59, 793
   50100,   50160,1309.9,4588.4,6472.1,81.594, 432.96, 747.21
   50160,   50220,1219.3,4333.9,7523.8,76.156, 410.05, 852.38
   50220,   50280,1161,4406,6756.8,72.661, 416.54, 775.68
   50280,   50340,1346.1,4735.6,6811.5,83.763, 446.2, 781.15
   50340,   50400,2178.5,5676.6,8641.9,133.71, 530.9, 964.19
   50400,   50460,1966.6,5669.9,9041.7,120.99, 530.3, 1004.2
   50460,   50520,1388.6,4689.1,8662.6,86.317, 442.02, 966.26
   50520,   50580,1047.5,4055.4,7291.6,65.85, 384.98, 829.16
   50580,   50640,1446.8,4888.4,7268,89.809, 459.95, 826.8
   50640,   50700,1687.7,5393.7,7894.3,104.26, 505.44, 889.43
   50700,   50760,809.3,3107.2,6964,51.558, 299.65, 796.4
   50760,   50820,323.6,1601,3879.5,22.416, 164.09, 487.95
   50820,   50880,480.21,2274.1,3327.5,31.813, 224.67, 432.75
   50880,   50940,684.74,2587.7,4038.2,44.084, 252.89, 503.82
   50940,   51000,377.21,1910.3,3865,25.633, 191.93, 486.5
   51000,   51060,349.47,1816,3181,23.968, 183.44, 418.1
   51060,   51120,290.32,1435.1,2923.2,20.419, 149.16, 392.32
   51120,   51180,527.11,1576.8,3267.5,34.627, 161.91, 426.75
   51180,   51240,879.44,2833.4,4054.5,55.767, 275.01, 505.45
   51240,   51300,534.47,2292.7,3370.1,35.068, 226.35, 437.01
   51300,   51360,600.69,2365.4,3651.4,39.041, 232.88, 465.14
   51360,   51420,579.05,1992.2,3417.8,37.743, 199.3, 441.78
   51420,   51480,489.05,1802.5,2782.3,32.343, 182.22, 378.23
   51480,   51540,541.34,2174.9,3298.3,35.48, 215.74, 429.83
   51540,   51600,1034.2,2959,4163,65.052, 286.31, 516.3
   51600,   51660,477.71,1965.2,3146.5,31.663, 196.87, 414.65
   51660,   51720,610.76,2128.2,3877.3,39.646, 211.53, 487.73
   51720,   51780,986.71,2001.3,3019.3,62.202, 200.11, 401.93
   51780,   51840,2111.9,3807.3,5519.2,129.71, 362.66, 651.92
   51840,   51900,799.74,1877.9,4104,50.985, 189.01, 510.4
   51900,   51960,271.66,1164.3,1913.5,19.299, 124.79, 291.35
   51960,   52020,276.54,1228.7,1897.3,19.592, 130.58, 289.73
   52020,   52080,292.3,1295.1,2039.6,20.538, 136.55, 303.96
   52080,   52140,341.32,1434.3,2223.4,23.479, 149.09, 322.34
   52140,   52200,401.57,1617.7,2545,27.094, 165.59, 354.5
   52200,   52260,295.55,1246.8,2077.3,20.733, 132.21, 307.73
   52260,   52320,389.26,1531.4,2393.2,26.356, 157.83, 339.32
   52320,   52380,450.61,1668.1,2781.1,30.037, 170.12, 378.11
   52380,   52440,417.43,1613.4,2681,28.046, 165.21, 368.1
   52440,   52500,379.62,1487.8,2409.1,25.777, 153.9, 340.91
   52500,   52560,732.62,2264.9,2773.7,46.957, 223.84, 377.37
   52560,   52620,2622.3,5889.6,8507.7,160.34, 550.07, 950.77
   52620,   52680,2610.7,6058.9,9583.9,159.64, 565.31, 1058.4
   52680,   52740,2688.3,6176,9611.4,164.3, 575.84, 1061.1
   52740,   52800,2444.4,5861.1,9393,149.67, 547.5, 1039.3
   52800,   52860,2902.8,6168.5,9872.5,177.17, 575.17, 1087.3
   52860,   52920,2228.6,5096.1,9687.2,136.72, 478.65, 1068.7
   52920,   52980,2852,5865.4,8090.7,174.12, 547.88, 909.07
   52980,   53040,2484.3,5959.2,9521.9,152.06, 556.33, 1052.2
   53040,   53100,1572.2,5187.3,8163.4,97.331, 486.85, 916.34
   53100,   53160,1256.8,4636.3,8114.5,78.407, 437.27, 911.45
   53160,   53220,1245,3480.2,6429.5,77.703, 333.22, 742.95
   53220,   53280,1532.6,4151.5,6525.4,94.958, 393.64, 752.54
   53280,   53340,1529.6,4151.6,6573.7,94.777, 393.64, 757.37
   53340,   53400,1296.5,3675.7,5565.3,80.787, 350.81, 656.53
   53400,   53460,1262.1,3559.4,5737.4,78.726, 340.35, 673.74
   53460,   53520,1225,3500.9,5740,76.502, 335.08, 674
   53520,   53580,1583,4134.6,6448.6,97.979, 392.11, 744.86
   53580,   53640,1419.5,3789,5985,88.169, 361.01, 698.5
   53640,   53700,1308.1,3392.3,5395.9,81.484, 325.31, 639.59
   53700,   53760,669.05,2165.9,4030.7,43.143, 214.93, 503.07
   53760,   53820,703.38,2165.4,3495,45.203, 214.88, 449.5
   53820,   53880,917.13,2598.9,3881.6,58.028, 253.9, 488.16
   53880,   53940,946.01,2764.6,4138.9,59.761, 268.82, 513.89
   53940,   54000,1026.7,2815,4138.7,64.601, 273.35, 513.87
   54000,   54060,-9999,-9999,-9999,-9999, -9999, -9999
   54060,   54120,-9999,-9999,-9999,-9999, -9999, -9999
   54120,   54180,-9999,-9999,-9999,-9999, -9999, -9999
   54180,   54240,-9999,-9999,-9999,-9999, -9999, -9999
   54240,   54300,-9999,-9999,-9999,-9999, -9999, -9999
   54300,   54360,-9999,-9999,-9999,-9999, -9999, -9999
   54360,   54420,-9999,-9999,-9999,-9999, -9999, -9999
   54420,   54480,670.04,2035,3309.9,43.203, 203.15, 430.99
   54480,   54540,636.91,1952.4,3117.5,41.215, 195.71, 411.75
   54540,   54600,729.39,2168.3,3529.7,46.763, 215.15, 452.97
   54600,   54660,1057.8,2590.4,4138.2,66.466, 253.14, 513.82
   54660,   54720,1283.1,2928.9,5212.8,79.985, 283.6, 621.28
   54720,   54780,1271.7,3035.5,4796.2,79.299, 293.2, 579.62
   54780,   54840,914.66,2456.6,4212,57.88, 241.09, 521.2
   54840,   54900,1358.1,3090.2,5222.5,84.485, 298.12, 622.25
   54900,   54960,1196.8,3067.5,5261,74.806, 296.08, 626.1
   54960,   55020,928.89,2598.7,4485.5,58.733, 253.88, 548.55
   55020,   55080,877.65,2446.2,3888.4,55.659, 240.16, 488.84
   55080,   55140,664.1,1947.5,3256.2,42.846, 195.28, 425.62
   55140,   55200,867.54,2365.8,3850.4,55.052, 232.92, 485.04
   55200,   55260,966.72,2565.8,4227.2,61.003, 250.93, 522.72
   55260,   55320,603.25,1832.2,3286.8,39.195, 184.9, 428.68
   55320,   55380,408.13,1324,2276.8,27.488, 139.16, 327.68
   55380,   55440,544.87,1616.1,2826.4,35.692, 165.44, 382.64
   55440,   55500,691.75,1966.6,3136.1,44.505, 197, 413.61
   55500,   55560,937.89,2367.2,3804.6,59.274, 233.04, 480.46
   55560,   55620,1350.4,3116.4,4639.3,84.021, 300.48, 563.93
   55620,   55680,1542.6,3598.6,5938,95.557, 343.87, 693.8
   55680,   55740,1900.6,3582.3,6632.2,117.03, 342.41, 763.22
   55740,   55800,1404.4,3122,4273.6,87.266, 300.98, 527.36
   55800,   55860,789,2256.2,3614.2,50.34, 223.06, 461.42
   55860,   55920,874.31,2458.6,3970.8,55.459, 241.28, 497.08
   55920,   55980,709.02,1923.3,3766.1,45.541, 193.1, 476.61
   55980,   56040,618.21,1780.9,2984.5,40.092, 180.28, 398.45
   56040,   56100,647.11,1876.1,3024.5,41.827, 188.85, 402.45
   56100,   56160,819.43,2075.1,3453.5,52.166, 206.76, 445.35
   56160,   56220,694.26,1942.8,3449.4,44.655, 194.85, 444.94
   56220,   56280,640.36,1848.6,3127.1,41.421, 186.38, 412.71
   56280,   56340,599.27,1730.4,2808.3,38.956, 175.74, 380.83
   56340,   56400,895.23,2074.4,3587.7,56.714, 206.7, 458.77
   56400,   56460,2164.4,3653,7100.9,132.86, 348.77, 810.09
   56460,   56520,916.55,2342.1,4533.7,57.993, 230.79, 553.37
   56520,   56580,670.46,1853.9,3155.8,43.228, 186.85, 415.58
   56580,   56640,590.12,1671,2844.9,38.407, 170.39, 384.49
   56640,   56700,601.21,1707.4,2951.9,39.073, 173.67, 395.19
   56700,   56760,409.29,1255.3,2296.7,27.557, 132.98, 329.67
   56760,   56820,539.79,1568.5,2662,35.387, 161.17, 366.2
   56820,   56880,415.2,1261.7,2216.6,27.912, 133.55, 321.66
   56880,   56940,544.38,1574.6,2671.8,35.663, 161.72, 367.18
   56940,   57000,775.75,1833.2,2892.3,49.545, 184.99, 389.23
   57000,   57060,1031.9,1913.7,4100.7,64.911, 192.24, 510.07
   57060,   57120,949.92,2122.2,3894.4,59.995, 211, 489.44
   57120,   57180,654.73,1771.9,2878.2,42.284, 179.47, 387.82
   57180,   57240,453.86,1395.1,2391,30.232, 145.56, 339.1
   57240,   57300,486.5,1373,2245.8,32.19, 143.57, 324.58
   57300,   57360,574.58,1614.4,2603.5,37.475, 165.3, 360.35
   57360,   57420,547.5,1608.7,2808.7,35.85, 164.78, 380.87
   57420,   57480,1304.3,2596.5,4399,81.257, 253.68, 539.9
   57480,   57540,1014.1,2117.1,4129.7,63.844, 210.54, 512.97
   57540,   57600,436.25,1284.9,2699.8,29.175, 135.64, 369.98
   57600,   57660,588.86,1540.3,2639.9,38.332, 158.63, 363.99
   57660,   57720,2225.3,3434.5,6204.5,136.52, 329.11, 720.45
   57720,   57780,567.32,1557.6,3316.7,37.039, 160.19, 431.67
   57780,   57840,1248.4,2431.1,4032.9,77.906, 238.8, 503.29
   57840,   57900,699.22,1815,3418.4,44.953, 183.35, 441.84
   57900,   57960,668.61,1699.6,3012.9,43.116, 172.96, 401.29
   57960,   58020,1084.5,2109.6,3665.6,68.067, 209.86, 466.56
   58020,   58080,754.09,1809.2,3567.1,48.246, 182.82, 456.71
   58080,   58140,2967.2,3581.2,6753.3,181.03, 342.31, 775.33
   58140,   58200,1023.9,2185.8,3990.4,64.433, 216.73, 499.04
   58200,   58260,1190.9,2494.8,4271.7,74.455, 244.53, 527.17
   58260,   58320,895.94,2010.9,3895.3,56.757, 200.98, 489.53
   58320,   58380,1580.9,2833.6,5567.9,97.853, 275.02, 656.79
   58380,   58440,1280.6,2907.1,4575.6,79.833, 281.64, 557.56
   58440,   58500,956.43,2199.9,5916.3,60.386, 218, 691.63
   58500,   58560,733.33,1917,3563.9,47, 192.53, 456.39
   58560,   58620,599.53,1691.6,3117.6,38.972, 172.25, 411.76
   58620,   58680,672.91,1835.4,3239.8,43.375, 185.19, 423.98
   58680,   58740,529.01,1513.5,2683.3,34.741, 156.22, 368.33
   58740,   58800,547.68,1547.9,2695,35.861, 159.31, 369.5
   58800,   58860,520.37,1546.3,2642.8,34.222, 159.16, 364.28
   58860,   58920,1295,2695.2,4258.7,80.703, 262.57, 525.87
   58920,   58980,1047.1,2524.2,4755.8,65.824, 247.17, 575.58
   58980,   59040,713.69,2008,3896.7,45.821, 200.72, 489.67
   59040,   59100,798.39,2095.7,3805.1,50.903, 208.61, 480.51
   59100,   59160,654.75,1831.8,3499.1,42.285, 184.86, 449.91
   59160,   59220,733.3,1950.9,3420.8,46.998, 195.58, 442.08
   59220,   59280,779.6,1876.2,3796.6,49.776, 188.85, 479.66
   59280,   59340,1063,2301.8,4307.9,66.778, 227.16, 530.79
   59340,   59400,1849,2938.3,5085.1,113.94, 284.45, 608.51
   59400,   59460,2011.2,3445.6,7793.5,123.67, 330.1, 879.35
   59460,   59520,583.89,1664.6,3171.1,38.033, 169.82, 417.11
   59520,   59580,557.72,1572,3249.5,36.463, 161.48, 424.95
   59580,   59640,743.04,1923.9,3067.4,47.582, 193.16, 406.74
   59640,   59700,1004.6,2552.5,3955.9,63.274, 249.72, 495.59
   59700,   59760,690.28,1920.9,3637.1,44.417, 192.89, 463.71
   59760,   59820,1270.9,2801.2,4840.6,79.256, 272.11, 584.06
   59820,   59880,893.68,2303.7,4094.4,56.621, 227.33, 509.44
   59880,   59940,723.26,2018.6,3514.6,46.396, 201.67, 451.46
   59940,   60000,1259.2,3099.5,4579.7,78.553, 298.96, 557.97
   60000,   60060,606.67,1709,3648.8,39.4, 173.81, 464.88
   60060,   60120,638.78,1759.7,3151,41.327, 178.37, 415.1
   60120,   60180,548.95,1604.6,3073,35.937, 164.41, 407.3
   60180,   60240,485.75,1494.6,2826.5,32.145, 154.51, 382.65
   60240,   60300,497.2,1529.4,2793.5,32.832, 157.65, 379.35
   60300,   60360,533.92,1635.3,2930.8,35.035, 167.18, 393.08
   60360,   60420,800.54,1938.1,3572.3,51.032, 194.43, 457.23
   60420,   60480,573.67,1699.6,3197.5,37.42, 172.97, 419.75
   60480,   60540,605.41,1785.8,3180.1,39.325, 180.72, 418.01
   60540,   60600,982.87,2618.7,4119.3,61.972, 255.69, 511.93
   60600,   60660,1481.3,3240.3,5504,91.876, 311.63, 650.4
   60660,   60720,1274.5,3143.8,5172.2,79.468, 302.94, 617.22
   60720,   60780,852.12,2241.5,4196.3,54.127, 221.74, 519.63
   60780,   60840,721.42,1940.9,3831.8,46.285, 194.68, 483.18
   60840,   60900,988.93,2415.2,4075.9,62.336, 237.37, 507.59
   60900,   60960,1428,2610.7,4298.8,88.681, 254.96, 529.88
   60960,   61020,1291.7,2508.1,4791.6,80.501, 245.73, 579.16
   61020,   61080,1067.1,2479.5,4629.8,67.027, 243.16, 562.98
   61080,   61140,606.44,1800.6,3148.9,39.386, 182.05, 414.89
   61140,   61200,992.61,2503.5,4223.8,62.556, 245.31, 522.38
   61200,   61260,609.9,1871.7,3337.3,39.594, 188.45, 433.73
   61260,   61320,625.3,1837.7,3340,40.518, 185.39, 434
   61320,   61380,894.33,2221.4,4421,56.66, 219.92, 542.1
   61380,   61440,1563.4,3099.2,4587.6,96.805, 298.93, 558.76
   61440,   61500,585.38,1765.8,3290.8,38.123, 178.92, 429.08
   61500,   61560,556.34,1690.6,3217.5,36.381, 172.16, 421.75
   61560,   61620,631.37,1874.2,3469,40.882, 188.67, 446.9
   61620,   61680,600.61,1787.3,3513.1,39.036, 180.86, 451.31
   61680,   61740,626.29,1822.1,3450.6,40.577, 183.99, 445.06
   61740,   61800,569.89,1752.5,3521,37.194, 177.72, 452.1
   61800,   61860,934.46,2407,3861.1,59.068, 236.63, 486.11
   61860,   61920,1235.5,2743.3,4443.1,77.13, 266.9, 544.31
   61920,   61980,1364.8,3197.6,5547.9,84.886, 307.78, 654.79
   61980,   62040,-9999,-9999,-9999,-9999, -9999, -9999
   62040,   62100,-9999,-9999,-9999,-9999, -9999, -9999
   62100,   62160,-9999,-9999,-9999,-9999, -9999, -9999
   62160,   62220,-9999,-9999,-9999,-9999, -9999, -9999
   62220,   62280,-9999,-9999,-9999,-9999, -9999, -9999
   62280,   62340,-9999,-9999,-9999,-9999, -9999, -9999
   62340,   62400,-9999,-9999,-9999,-9999, -9999, -9999
   62400,   62460,1977.2,3816.8,5556.3,121.63, 363.51, 655.63
   62460,   62520,631.64,1953.4,4542.8,40.898, 195.8, 554.28
   62520,   62580,582.89,1887.7,3565.2,37.973, 189.9, 456.52
   62580,   62640,602.51,1910.4,3733.8,39.15, 191.94, 473.38
   62640,   62700,756.68,2301.2,4128.7,48.401, 227.11, 512.87
   62700,   62760,1862.7,3689,6739.5,114.76, 352.01, 773.95
   62760,   62820,1389.3,3317.4,5508.2,86.357, 318.57, 650.82
   62820,   62880,725.38,2096.6,3754.5,46.523, 208.69, 475.45
   62880,   62940,644.66,1909.9,3584.3,41.679, 191.89, 458.43
   62940,   63000,598.99,1886.1,3405.2,38.94, 189.75, 440.52
   63000,   63060,734.57,2133.6,3775.6,47.074, 212.02, 477.56
   63060,   63120,664.54,2029.3,3742.7,42.872, 202.63, 474.27
   63120,   63180,719.38,2039.3,3589.3,46.163, 203.53, 458.93
   63180,   63240,751.88,2224.4,3866.9,48.113, 220.2, 486.69
   63240,   63300,929.73,2524.3,4407.5,58.784, 247.19, 540.75
   63300,   63360,1253.4,3030.7,4414.9,78.205, 292.76, 541.49
   63360,   63420,792.65,2390.1,3695.6,50.559, 235.11, 469.56
