CampaignData_and_Merges/R0/CSL_MobileLab_Parked/raw/20240818/USOS-jNO2_MobileLabGround_20240818_R0.ict
52,1001
Waxman, E.; Rollins, A.; Zuraski, K.; Chace, W.
NOAA Chemical Sciences Laboratory
jNO2 filter radiometer on CSL Mobile Lab
AMMBEC / USOS
1, 1
2024,08,18, 2025,04,01
60
Time_Start, seconds, number_of_seconds_since_0000_UTC
20
1, 1, 1, 1, 1, 1, 1, 1, 1, 1, 1, 1, 1, 1, 1, 1, 1, 1, 1, 1
-9999, -9999, -9999, -9999, -9999, -9999, -9999, -9999, -9999, -9999, -9999, -9999, -9999, -9999, -9999, -9999, -9999, -9999, -9999, -9999
Time_Stop, seconds, number_of_seconds_since_0000_UTC
jNO2_meas, per second, photolysis rate of NO2 measured using a filter radiometer.
jBrCl, per second, photolysis rate of BrCl -> Br + Cl calculated in TUV for cloud-free sky with local AOD
jBr2, per second, photolysis rate of Br2 -> Br + Br calculated in TUV for cloud-free sky with local AOD
jCCl4, per second, photolysis rate of CCl4 -> Products calcualted in TUV for cloud-free sky with local AOD
jCH2Oa, per second, photolysis rate of CH2O -> H + HCO calculated in TUV for cloud-free sky with local AOD
jCH2Ob, per second, photolysis rate of CH2O -> H2 + CO calculated in TUV for cloud-free sky with local AOD
jClNO2, per second, photolysis rate of ClNO2 -> Cl + NO2 calculated in TUV for cloud-free sky with local AOD
jClOa, per second, photolysis rate of ClO -> Cl + O(1D) calculated in TUV for cloud-free sky with local AOD
jClOb, per second, photolysis rate of ClO -> Cl + O(3P) calculated in TUV for cloud-free sky with local AOD
jCl2, per second, photolysis rate of Cl2 -> Cl + Cl calculated in TUV for cloud-free sky with local AOD
jHNO2, per second, photolysis rate of HNO2 -> OH + NO calculated in TUV for cloud-free sky with local AOD
jHNO3, per second, photolysis rate of HNO3 -> OH + NO2 calculated in TUV for cloud-free sky with local AOD
jI2, per second, photolysis rate of I2 -> I + I calculated in TUV for cloud-free sky with local AOD
jNO2, per second, photolysis rate of NO2 -> NO + O(3P) calculated in TUV for cloud-free sky with local AOD
jNO3a, per second, photolysis rate of NO3 -> NO + O2 calculated in TUV for cloud-free sky with local AOD
jNO3b, per second, photolysis rate of NO3 -> NO2 + O(3P) calculated in TUV for cloud-free sky with local AOD
jN2O5, per second, photolysis rate of N2O5 -> NO3 + NO + O(3P) calculated in TUV for cloud-free sky with local AOD
jO3, per second, photolysis rate of O3 -> O2 + O(1D) calculated in TUV for cloud-free sky with local AOD
AOD_500nm, unitless, UTC daily mean AOD at 500 nm from an AERONET station located at 40.178 N, -112.452 E
0
18
PI_CONTACT_INFO: eleanor.waxman@noaa.gov
PLATFORM: CSL Mobile Lab, at ground site
LOCATION: Salt Lake City, UT
ASSOCIATED_DATA:
INSTRUMENT_INFO: jNO2 filter radiometer.  TUV calculations are for mobile van lat/lon/altitude assuming clear sky (cloud AOD = 0) and daily mean AOD.
DATA_INFO:
UNCERTAINTY: Data uncertainties are +/- 20%.  These come from uncertainties in radiometer angular response, radiometer thermal response, local interferences from clouds/aerosols/shadows etc.
ULOD_FLAG: -7777
ULOD_VALUE: N/A
LLOD_FLAG: -8888
LLOD_VALUE: N/A
DM_CONTACT_INFO: eleanor.waxman@noaa.gov
PROJECT_INFO: USOS Project, July - August 2024
STIPULATIONS_ON_USE: Users are strongly encouraged to contact the PI for proper data usage.
OTHER_COMMENTS: 
REVISION: R0
R0: final data
Time_Start, Time_Stop, jNO2_meas, jBrCl, jBr2, jCCl4, jCH2Oa, jCH2Ob, jClNO2, jClOa, jClOb, jCl2, jHNO2, jHNO3, jI2, jNO2, jNO3a, jNO3b, jN2O5, jO3, AOD_500nm
[from data line 84]
    5040,    5100,0.002055,0.002951,0.0113,3.783e-26,2.106e-06,5.338e-06,5.803e-05,1.417e-26,7.177e-07,0.0003723,0.0002627,2.339e-08,0.05012,0.001832,0.01115,0.08156,4.508e-06,4.776e-07,0.053
    5100,    5160,0.0020097,0.002879,0.01106,3.712e-26,2.031e-06,5.169e-06,5.623e-05,1.392e-26,6.861e-07,0.0003615,0.000255,2.251e-08,0.04925,0.001779,0.01099,0.08024,4.367e-06,4.582e-07,0.053
    5160,    5220,0.0019112,0.002812,0.01084,3.647e-26,1.961e-06,5.013e-06,5.457e-05,1.368e-26,6.574e-07,0.0003514,0.0002478,2.171e-08,0.04842,0.001731,0.01084,0.07897,4.235e-06,4.404e-07,0.053
    5220,    5280,0.0018377,0.00274,0.01059,3.577e-26,1.889e-06,4.849e-06,5.282e-05,1.343e-26,6.28e-07,0.0003409,0.0002402,2.087e-08,0.04753,0.001679,0.01068,0.0776,4.098e-06,4.222e-07,0.053
    5280,    5340,0.0017932,0.002667,0.01035,3.509e-26,1.818e-06,4.688e-06,5.11e-05,1.318e-26,5.995e-07,0.0003303,0.0002327,2.006e-08,0.04661,0.001628,0.01051,0.0762,3.962e-06,4.045e-07,0.053
    5340,    5400,0.0017835,0.002599,0.01011,3.445e-26,1.753e-06,4.54e-06,4.95e-05,1.294e-26,5.738e-07,0.0003206,0.0002257,1.931e-08,0.04574,0.00158,0.01035,0.07487,3.836e-06,3.885e-07,0.053
    5400,    5460,0.0017455,0.002527,0.009861,3.377e-26,1.686e-06,4.385e-06,4.784e-05,1.27e-26,5.475e-07,0.0003103,0.0002184,1.854e-08,0.0448,0.001529,0.01017,0.07343,3.706e-06,3.72e-07,0.053
    5460,    5520,0.0016517,0.002454,0.009608,3.31e-26,1.621e-06,4.234e-06,4.62e-05,1.245e-26,5.221e-07,0.0003002,0.0002111,1.779e-08,0.04384,0.001479,0.009997,0.07196,3.577e-06,3.561e-07,0.053
    5520,    5580,0.0016327,0.002386,0.009368,3.248e-26,1.56e-06,4.094e-06,4.468e-05,1.223e-26,4.992e-07,0.0002908,0.0002044,1.711e-08,0.04293,0.001433,0.009827,0.07055,3.458e-06,3.417e-07,0.053
    5580,    5640,0.0016115,0.002313,0.00911,3.181e-26,1.498e-06,3.947e-06,4.31e-05,1.198e-26,4.756e-07,0.0002809,0.0001973,1.64e-08,0.04193,0.001383,0.009642,0.06903,3.334e-06,3.268e-07,0.053
    5640,    5700,0.0015616,0.002241,0.008852,3.116e-26,1.437e-06,3.805e-06,4.154e-05,1.174e-26,4.53e-07,0.0002711,0.0001904,1.571e-08,0.04093,0.001335,0.009454,0.06748,3.212e-06,3.125e-07,0.053
    5700,    5760,0.0015083,0.002173,0.008607,3.055e-26,1.382e-06,3.674e-06,4.011e-05,1.152e-26,4.326e-07,0.0002621,0.000184,1.509e-08,0.03998,0.00129,0.009273,0.066,3.1e-06,2.995e-07,0.053
    5760,    5820,0.0014281,0.002101,0.008346,2.99e-26,1.324e-06,3.537e-06,3.862e-05,1.128e-26,4.118e-07,0.0002527,0.0001773,1.444e-08,0.03894,0.001243,0.009077,0.0644,2.984e-06,2.861e-07,0.053
    5820,    5880,0.0013627,0.002029,0.008083,2.926e-26,1.268e-06,3.404e-06,3.716e-05,1.105e-26,3.918e-07,0.0002434,0.0001707,1.381e-08,0.0379,0.001196,0.008877,0.06278,2.87e-06,2.733e-07,0.053
    5880,    5940,0.00135,0.001962,0.007835,2.866e-26,1.217e-06,3.281e-06,3.582e-05,1.083e-26,3.737e-07,0.0002348,0.0001646,1.324e-08,0.0369,0.001153,0.008685,0.06122,2.765e-06,2.616e-07,0.053
    5940,    6000,0.0012826,0.00189,0.007569,2.803e-26,1.164e-06,3.153e-06,3.441e-05,1.059e-26,3.551e-07,0.0002258,0.0001583,1.265e-08,0.03582,0.001108,0.008476,0.05954,2.655e-06,2.496e-07,0.053
    6000,    6060,0.0012655,0.001819,0.007303,2.739e-26,1.113e-06,3.029e-06,3.305e-05,1.036e-26,3.374e-07,0.0002169,0.0001521,1.208e-08,0.03473,0.001064,0.008265,0.05784,2.549e-06,2.381e-07,0.053
    6060,    6120,0.0012247,0.001753,0.007053,2.68e-26,1.066e-06,2.915e-06,3.179e-05,1.015e-26,3.215e-07,0.0002088,0.0001463,1.156e-08,0.03369,0.001023,0.008062,0.05622,2.451e-06,2.277e-07,0.053
    6120,    6180,0.001176,0.001683,0.006787,2.618e-26,1.018e-06,2.797e-06,3.049e-05,9.915e-27,3.052e-07,0.0002003,0.0001404,1.103e-08,0.03258,0.0009802,0.007842,0.05447,2.35e-06,2.17e-07,0.053
    6180,    6240,0.0011295,0.001614,0.006521,2.557e-26,9.709e-07,2.682e-06,2.922e-05,9.687e-27,2.896e-07,0.0001921,0.0001346,1.051e-08,0.03145,0.0009386,0.007618,0.05269,2.251e-06,2.067e-07,0.053
    6240,    6300,0.0010817,0.00155,0.006271,2.499e-26,9.281e-07,2.576e-06,2.806e-05,9.473e-27,2.755e-07,0.0001844,0.0001293,1.004e-08,0.03038,0.0009003,0.007404,0.051,2.16e-06,1.974e-07,0.053
    6300,    6360,0.0010328,0.001482,0.006005,2.437e-26,8.838e-07,2.466e-06,2.684e-05,9.245e-27,2.611e-07,0.0001764,0.0001238,9.559e-09,0.02923,0.0008603,0.007171,0.04918,2.066e-06,1.878e-07,0.053
    6360,    6420,0.00096219,0.001415,0.005742,2.376e-26,8.411e-07,2.36e-06,2.567e-05,9.019e-27,2.474e-07,0.0001687,0.0001184,9.093e-09,0.02807,0.0008215,0.006935,0.04734,1.975e-06,1.786e-07,0.053
    6420,    6480,0.00093973,0.001353,0.005495,2.319e-26,8.022e-07,2.262e-06,2.46e-05,8.807e-27,2.35e-07,0.0001616,0.0001135,8.669e-09,0.02697,0.000786,0.00671,0.0456,1.891e-06,1.703e-07,0.053
    6480,    6540,0.00090382,0.001288,0.005235,2.259e-26,7.621e-07,2.161e-06,2.349e-05,8.583e-27,2.225e-07,0.0001542,0.0001084,8.233e-09,0.0258,0.0007493,0.006467,0.04372,1.805e-06,1.618e-07,0.053
    6540,    6600,0.00087277,0.001224,0.004977,2.2e-26,7.233e-07,2.063e-06,2.241e-05,8.359e-27,2.104e-07,0.000147,0.0001035,7.813e-09,0.02463,0.0007137,0.006221,0.04184,1.721e-06,1.536e-07,0.053
    6600,    6660,0.00082004,0.001165,0.004735,2.143e-26,6.878e-07,1.972e-06,2.142e-05,8.148e-27,1.996e-07,0.0001404,9.898e-05,7.43e-09,0.02351,0.000681,0.005984,0.04004,1.644e-06,1.461e-07,0.053
    6660,    6720,0.0007755,0.001104,0.004483,2.084e-26,6.515e-07,1.879e-06,2.04e-05,7.926e-27,1.886e-07,0.0001336,9.434e-05,7.038e-09,0.02233,0.0006475,0.005731,0.03813,1.565e-06,1.386e-07,0.053
    6720,    6780,0.00074316,0.001044,0.004235,2.025e-26,6.165e-07,1.789e-06,1.942e-05,7.705e-27,1.781e-07,0.000127,8.985e-05,6.661e-09,0.02116,0.0006151,0.005475,0.03622,1.489e-06,1.313e-07,0.053
    6780,    6840,0.00070822,0.0009892,0.004006,1.97e-26,5.846e-07,1.706e-06,1.852e-05,7.497e-27,1.686e-07,0.000121,8.575e-05,6.319e-09,0.02005,0.0005856,0.005231,0.03441,1.419e-06,1.247e-07,0.053
    6840,    6900,0.00066328,0.0009324,0.003766,1.912e-26,5.519e-07,1.621e-06,1.759e-05,7.277e-27,1.59e-07,0.0001148,8.153e-05,5.969e-09,0.01888,0.0005553,0.004971,0.0325,1.347e-06,1.18e-07,0.053
    6900,    6960,0.00062099,0.0008773,0.003533,1.853e-26,5.204e-07,1.538e-06,1.669e-05,7.057e-27,1.499e-07,0.0001088,7.745e-05,5.632e-09,0.01772,0.0005262,0.004708,0.03058,1.277e-06,1.115e-07,0.053
    6960,    7020,0.00056511,0.0008268,0.003317,1.799e-26,4.916e-07,1.461e-06,1.586e-05,6.85e-27,1.416e-07,0.0001032,7.371e-05,5.325e-09,0.01664,0.0004995,0.004457,0.02878,1.213e-06,1.056e-07,0.053
    7020,    7080,0.00049582,0.0007752,0.003096,1.741e-26,4.623e-07,1.383e-06,1.502e-05,6.631e-27,1.333e-07,9.761e-05,6.988e-05,5.013e-09,0.01551,0.0004724,0.004192,0.02689,1.148e-06,9.966e-08,0.053
    7080,    7140,0.0004597,0.0007256,0.002881,1.684e-26,4.341e-07,1.307e-06,1.42e-05,6.413e-27,1.254e-07,9.216e-05,6.617e-05,4.713e-09,0.0144,0.0004464,0.003926,0.02502,1.084e-06,9.394e-08,0.053
    7140,    7200,0.00043259,0.0006806,0.002686,1.63e-26,4.086e-07,1.238e-06,1.346e-05,6.208e-27,1.182e-07,8.72e-05,6.279e-05,4.442e-09,0.01337,0.0004227,0.003676,0.02328,1.027e-06,8.877e-08,0.053
    7200,    7260,0.0004169,0.0006348,0.002487,1.574e-26,3.825e-07,1.166e-06,1.269e-05,5.991e-27,1.11e-07,8.212e-05,5.932e-05,4.165e-09,0.01231,0.0003986,0.003411,0.02147,9.677e-07,8.351e-08,0.053
    7260,    7320,0.00038883,0.0005908,0.002295,1.518e-26,3.574e-07,1.097e-06,1.195e-05,5.774e-27,1.041e-07,7.719e-05,5.594e-05,3.899e-09,0.01128,0.0003752,0.003146,0.01968,9.103e-07,7.844e-08,0.053
    7320,    7380,0.00036634,0.0005515,0.002124,1.466e-26,3.349e-07,1.034e-06,1.127e-05,5.571e-27,9.797e-08,7.275e-05,5.287e-05,3.66e-09,0.01034,0.0003541,0.0029,0.01805,8.583e-07,7.39e-08,0.053
    7380,    7440,0.00034313,0.0005118,0.001951,1.411e-26,3.12e-07,9.691e-07,1.058e-05,5.356e-27,9.174e-08,6.82e-05,4.972e-05,3.417e-09,0.009382,0.0003326,0.002643,0.01637,8.051e-07,6.928e-08,0.053
    7440,    7500,0.00031958,0.0004742,0.001788,1.357e-26,2.901e-07,9.067e-07,9.913e-06,5.141e-27,8.583e-08,6.383e-05,4.668e-05,3.185e-09,0.00847,0.0003119,0.00239,0.01475,7.537e-07,6.486e-08,0.053
    7500,    7560,0.0002998,0.0004407,0.001644,1.306e-26,2.705e-07,8.501e-07,9.307e-06,4.941e-27,8.053e-08,5.988e-05,4.39e-05,2.977e-09,0.007656,0.0002931,0.002158,0.01329,7.072e-07,6.089e-08,0.053
    7560,    7620,0.00027689,0.0004071,0.0015,1.253e-26,2.506e-07,7.921e-07,8.686e-06,4.729e-27,7.518e-08,5.584e-05,4.105e-05,2.765e-09,0.006842,0.0002739,0.001918,0.01182,6.596e-07,5.685e-08,0.053
    7620,    7680,0.00025934,0.0003754,0.001366,1.201e-26,2.316e-07,7.362e-07,8.085e-06,4.517e-27,7.008e-08,5.196e-05,3.829e-05,2.563e-09,0.006081,0.0002553,0.001686,0.01042,6.136e-07,5.299e-08,0.053
    7680,    7740,0.00023525,0.0003475,0.001249,1.153e-26,2.147e-07,6.86e-07,7.545e-06,4.32e-27,6.554e-08,4.847e-05,3.58e-05,2.383e-09,0.005422,0.0002386,0.001479,0.009201,5.724e-07,4.954e-08,0.053
    7740,    7800,0.00022283,0.0003196,0.001135,1.104e-26,1.977e-07,6.35e-07,6.995e-06,4.113e-27,6.097e-08,4.493e-05,3.325e-05,2.202e-09,0.004783,0.0002215,0.001272,0.008005,5.304e-07,4.606e-08,0.053
    7800,    7860,0.00020556,0.0002937,0.00103,1.056e-26,1.816e-07,5.863e-07,6.469e-06,3.908e-27,5.665e-08,4.155e-05,3.08e-05,2.03e-09,0.004208,0.0002052,0.00108,0.006922,4.903e-07,4.275e-08,0.053
    7860,    7920,0.00018913,0.0002708,0.0009401,1.013e-26,1.674e-07,5.428e-07,5.997e-06,3.718e-27,5.28e-08,3.852e-05,2.86e-05,1.878e-09,0.003726,0.0001905,0.0009161,0.006011,4.543e-07,3.98e-08,0.053
    7920,    7980,0.00017687,0.0002482,0.0008531,9.689e-27,1.533e-07,4.99e-07,5.521e-06,3.52e-27,4.895e-08,3.547e-05,2.638e-05,1.726e-09,0.003277,0.0001756,0.0007617,0.005164,4.182e-07,3.684e-08,0.053
    7980,    8040,0.00016457,0.0002272,0.0007741,9.296e-27,1.4e-07,4.576e-07,5.071e-06,3.327e-27,4.532e-08,3.259e-05,2.426e-05,1.583e-09,0.002889,0.0001615,0.0006292,0.00444,3.84e-07,3.405e-08,0.053
    8040,    8100,0.00015161,0.000207,0.0007003,9.03e-27,1.275e-07,4.176e-07,4.633e-06,3.133e-27,4.181e-08,2.978e-05,2.219e-05,1.446e-09,0.002546,0.0001476,0.000515,0.003814,3.507e-07,3.135e-08,0.053
    8100,    8160,0.00013566,0.0001848,0.0006184,7.166e-27,1.14e-07,3.741e-07,4.154e-06,2.842e-27,3.798e-08,2.67e-05,1.991e-05,1.299e-09,0.002137,0.0001324,0.0003345,0.00299,3.144e-07,2.84e-08,0.053
    8160,    8220,0.00012647,0.0001662,0.0005556,6.634e-27,1.024e-07,3.365e-07,3.74e-06,2.633e-27,3.465e-08,2.404e-05,1.793e-05,1.172e-09,0.001916,0.0001192,0.0003006,0.002679,2.831e-07,2.584e-08,0.053
    8220,    8280,0.00011904,0.000151,0.0005037,6.188e-27,9.296e-08,3.059e-07,3.402e-06,2.457e-27,3.193e-08,2.186e-05,1.633e-05,1.068e-09,0.001732,0.0001085,0.0002721,0.002418,2.575e-07,2.375e-08,0.053
    8280,    8340,0.00010694,0.0001368,0.0004551,5.764e-27,8.422e-08,2.776e-07,3.09e-06,2.291e-27,2.941e-08,1.985e-05,1.484e-05,9.718e-10,0.001557,9.851e-05,0.0002448,0.00217,2.339e-07,2.182e-08,0.053
    8340,    8400,9.681e-05,0.0001245,0.0004129,5.388e-27,7.674e-08,2.534e-07,2.823e-06,2.143e-27,2.724e-08,1.813e-05,1.356e-05,8.894e-10,0.001404,8.996e-05,0.0002205,0.001951,2.136e-07,2.015e-08,0.053
    8400,    8460,8.4219e-05,0.0001086,0.0003594,4.85e-27,6.739e-08,2.22e-07,2.472e-06,1.929e-27,2.433e-08,1.586e-05,1.187e-05,7.84e-10,0.001217,7.864e-05,0.0001906,0.001688,1.871e-07,1.793e-08,0.053
    8460,    8520,7.7841e-05,9.741e-05,0.0003212,4.476e-27,6.074e-08,2.001e-07,2.229e-06,1.781e-27,2.231e-08,1.428e-05,1.07e-05,7.099e-10,0.00108,7.083e-05,0.000169,0.001494,1.688e-07,1.64e-08,0.053
    8520,    8580,6.9454e-05,8.454e-05,0.0002777,4.008e-27,5.322e-08,1.748e-07,1.946e-06,1.596e-27,1.991e-08,1.246e-05,9.336e-06,6.245e-10,0.0009282,6.17e-05,0.0001448,0.001281,1.474e-07,1.457e-08,0.053
    8580,    8640,5.9649e-05,7.574e-05,0.0002477,3.687e-27,4.804e-08,1.576e-07,1.755e-06,1.469e-27,1.827e-08,1.121e-05,8.414e-06,5.661e-10,0.0008209,5.554e-05,0.0001279,0.001129,1.329e-07,1.333e-08,0.053
    8640,    8700,5.6763e-05,6.495e-05,0.0002114,3.262e-27,4.176e-08,1.364e-07,1.517e-06,1.3e-27,1.617e-08,9.677e-06,7.263e-06,4.94e-10,0.0006951,4.786e-05,0.0001079,0.000953,1.15e-07,1.175e-08,0.053
    8700,    8760,4.79e-05,5.614e-05,0.0001817,2.898e-27,3.659e-08,1.19e-07,1.323e-06,1.155e-27,1.441e-08,8.419e-06,6.323e-06,4.345e-10,0.0005916,4.16e-05,9.138e-05,0.0008078,1.003e-07,1.043e-08,0.053
    8760,    8820,4.6203e-05,4.952e-05,0.0001594,2.624e-27,3.269e-08,1.06e-07,1.177e-06,1.046e-27,1.309e-08,7.478e-06,5.621e-06,3.896e-10,0.000513,3.692e-05,7.891e-05,0.0006978,8.931e-08,9.444e-09,0.053
    8820,    8880,3.8778e-05,4.2e-05,0.0001343,2.287e-27,2.824e-08,9.098e-08,1.009e-06,9.12e-28,1.15e-08,6.392e-06,4.807e-06,3.377e-10,0.0004272,3.152e-05,6.52e-05,0.0005782,7.661e-08,8.261e-09,0.053
    8880,    8940,3.1104e-05,3.554e-05,0.0001129,1.985e-27,2.437e-08,7.801e-08,8.636e-07,7.913e-28,1.008e-08,5.456e-06,4.104e-06,2.923e-10,0.0003543,2.686e-05,5.351e-05,0.0004768,6.562e-08,7.213e-09,0.053
    8940,    9000,2.8522e-05,3.023e-05,9.534e-05,1.724e-27,2.114e-08,6.723e-08,7.429e-07,6.875e-28,8.863e-09,4.68e-06,3.521e-06,2.543e-10,0.0002953,2.3e-05,4.403e-05,0.0003949,5.65e-08,6.321e-09,0.053
    9000,    9060,2.3898e-05,2.538e-05,7.944e-05,1.477e-27,1.814e-08,5.728e-08,6.316e-07,5.888e-28,7.708e-09,3.966e-06,2.984e-06,2.187e-10,0.0002423,1.945e-05,3.553e-05,0.0003216,4.807e-08,5.478e-09,0.053
    9060,    9120,2.3105e-05,2.125e-05,6.599e-05,1.257e-27,1.553e-08,4.868e-08,5.355e-07,5.011e-28,6.678e-09,3.352e-06,2.522e-06,1.877e-10,0.000198,1.641e-05,2.846e-05,0.0002607,4.08e-08,4.729e-09,0.053
    9120,    9180,2.2717e-05,1.789e-05,5.515e-05,1.071e-27,1.337e-08,4.16e-08,4.564e-07,4.269e-28,5.799e-09,2.848e-06,2.143e-06,1.617e-10,0.0001629,1.391e-05,2.289e-05,0.0002126,3.481e-08,4.095e-09,0.053
    9180,    9240,1.6323e-05,1.49e-05,4.559e-05,8.917e-28,1.139e-08,3.52e-08,3.853e-07,3.552e-28,4.976e-09,2.397e-06,1.803e-06,1.379e-10,0.0001324,1.167e-05,1.809e-05,0.0001711,2.941e-08,3.504e-09,0.053
    9240,    9300,1.2044e-05,1.203e-05,3.653e-05,7.255e-28,9.437e-09,2.893e-08,3.155e-07,2.888e-28,4.138e-09,1.955e-06,1.47e-06,1.142e-10,0.0001045,9.495e-06,1.373e-05,0.0001334,2.411e-08,2.907e-09,0.053
    9300,    9360,9.0921e-06,9.969e-06,3.004e-05,6.002e-28,7.992e-09,2.435e-08,2.649e-07,2.389e-28,3.513e-09,1.636e-06,1.23e-06,9.672e-11,8.459e-05,7.923e-06,1.073e-05,0.000107,2.025e-08,2.464e-09,0.053
    9360,    9420,8.0446e-06,8.221e-06,2.459e-05,4.908e-28,6.725e-09,2.039e-08,2.212e-07,1.952e-28,2.96e-09,1.362e-06,1.024e-06,8.135e-11,6.815e-05,6.582e-06,8.343e-06,8.531e-05,1.693e-08,2.073e-09,0.053
    9420,    9480,9.0514e-06,6.572e-06,1.952e-05,3.834e-28,5.485e-09,1.656e-08,1.791e-07,1.524e-28,2.399e-09,1.1e-06,8.266e-07,6.62e-11,5.338e-05,5.298e-06,6.279e-06,6.618e-05,1.371e-08,1.68e-09,0.053
    9480,    9540,8.3287e-06,5.431e-06,1.603e-05,3.104e-28,4.601e-09,1.386e-08,1.496e-07,1.233e-28,2.005e-09,9.165e-07,6.889e-07,5.545e-11,4.328e-05,4.406e-06,4.952e-06,5.327e-05,1.146e-08,1.404e-09,0.053
    9540,    9600,6.6481e-06,4.327e-06,1.269e-05,2.373e-28,3.712e-09,1.118e-08,1.204e-07,9.418e-29,1.6e-09,7.361e-07,5.533e-07,4.46e-11,3.391e-05,3.531e-06,3.766e-06,4.146e-05,9.222e-09,1.121e-09,0.053
    9600,    9660,6.1731e-06,3.497e-06,1.021e-05,1.816e-28,3.009e-09,9.094e-09,9.786e-08,7.199e-29,1.28e-09,5.978e-07,4.496e-07,3.605e-11,2.701e-05,2.866e-06,2.942e-06,3.287e-05,7.491e-09,8.99e-10,0.053
    9660,    9720,6.8185e-06,2.819e-06,8.184e-06,1.407e-28,2.443e-09,7.399e-09,7.95e-08,5.576e-29,1.029e-09,4.85e-07,3.648e-07,2.92e-11,2.144e-05,2.322e-06,2.275e-06,2.594e-05,6.085e-09,7.24e-10,0.053
    9720,    9780,4.9104e-06,2.233e-06,6.458e-06,1.041e-28,1.928e-09,5.872e-09,6.313e-08,4.119e-29,7.987e-10,3.853e-07,2.902e-07,2.296e-11,1.679e-05,1.846e-06,1.748e-06,2.024e-05,4.828e-09,5.637e-10,0.053
    9780,    9840,2.9495e-06,1.766e-06,5.096e-06,7.62e-29,1.51e-09,4.636e-09,4.991e-08,3.013e-29,6.153e-10,3.049e-07,2.3e-07,1.793e-11,1.317e-05,1.463e-06,1.352e-06,1.584e-05,3.813e-09,4.358e-10,0.053
