CampaignData_and_Merges/R0/CSL_MobileLab_Parked/raw/20240818/USOS-NOy-LIF_MobileLabGround_20240818_R0.ict
39,1001
Rollins, A.; Waxman, E.; Zuraski, K.; Chace, W.
NOAA Chemical Sciences Laboratory
LIF NO/NOx/NOy on CSL Mobile Lab
AMMBEC / USOS
1, 1
2024,08,18, 2025,01,06
1
Time_Start, seconds, number_of_seconds_since_0000_UTC
7
1, 1, 1, 1, 1, 1, 1
-9999, -9999, -9999, -9999, -9999, -9999, -9999
Time_Stop, seconds, number_of_seconds_since_0000_UTC
NO_LIF, pptv, Gas_NO_InSitu_S_AVMR, volume mixing ratio of nitric oxide in air
NO2_LIF, pptv, Gas_NO2_InSitu_S_AVMR, volume mixing ratio of nitrogen dioxide in air
NOy_LIF, pptv, Gas_NOy_InSitu_S_AVMR, volume mixing ratio of total oxidized nitrogen in air
NO_LIF_1SigmaAccuracy, pptv, Gas_NO_InSitu_S_AVMR, volume mixing ratio of nitric oxide in air
NO2_LIF_1SigmaAccuracy, pptv, Gas_NO2_InSitu_S_AVMR, volume mixing ratio of nitrogen dioxide in air
NOy_LIF_1SigmaAccuracy, pptv, Gas_NOy_InSitu_S_AVMR, volume mixing ratio of total oxidized nitrogen in air
0
18
PI_CONTACT_INFO: andrew.rollins@noaa.gov
PLATFORM: CSL Mobile Lab
LOCATION: Salt Lake City, UT
ASSOCIATED_DATA:
INSTRUMENT_INFO: NO detection by laser induced fluorescence. NO2 detection by photolytic conversion to NO. NOy detection by catalytic conversion to NO on gold surface
DATA_INFO:
UNCERTAINTY: Included 1 Sigma Accuracy waves represent the combined calibration uncertainties (±6%, ±9%, ±10%) and zero uncertainties (3 ppt, 20 ppt, 100 ppt) for NO, NO2, and NOy, respectively.
ULOD_FLAG: -7777
ULOD_VALUE: N/A
LLOD_FLAG: -8888
LLOD_VALUE: N/A
DM_CONTACT_INFO: andrew.rollins@noaa.gov
PROJECT_INFO: USOS Project, July - August 2024
STIPULATIONS_ON_USE: Users are strongly encouraged to contact the PI for proper data usage.
OTHER_COMMENTS: 5% additional uncertainty included in 1 Sigma Accuracy waves for 0000-0130 UTC due to data saving issue
REVISION: R0
R0: final data
Time_Start, Time_Stop, NO_LIF, NO2_LIF, NOy_LIF, NO_LIF_1SigmaAccuracy, NO2_LIF_1SigmaAccuracy, NOy_LIF_1SigmaAccuracy
[from data line 532]
   31920,   31980,25.49,3954.6,5083.6,4.5294, 375.91, 608.36
   31980,   32040,31.068,3966.8,5179.7,4.8641, 377.01, 617.97
   32040,   32100,30.998,3928.4,5055.7,4.8599, 373.56, 605.57
   32100,   32160,48.016,3864.5,4972.7,5.881, 367.8, 597.27
   32160,   32220,26.217,3718.5,4902.8,4.573, 354.67, 590.28
   32220,   32280,28.831,3744.3,4760.1,4.7299, 356.99, 576.01
   32280,   32340,43.281,3841.5,4909.2,5.5969, 365.74, 590.92
   32340,   32400,42.134,3573.1,4846,5.528, 341.58, 584.6
   32400,   32460,74.785,3789,4766.9,7.4871, 361.01, 576.69
   32460,   32520,147.94,4387.8,5608.6,11.876, 414.9, 660.86
   32520,   32580,96.13,4737.7,6020.7,8.7678, 446.39, 702.07
   32580,   32640,150.58,4311.7,5941.4,12.035, 408.05, 694.14
   32640,   32700,176.83,4288.5,6077.2,13.61, 405.97, 707.72
   32700,   32760,41.527,3787.1,5186,5.4916, 360.84, 618.6
   32760,   32820,15.76,3615.6,4787.1,3.9456, 345.41, 578.71
   32820,   32880,13.36,3544.5,4606.9,3.8016, 339, 560.69
   32880,   32940,22.03,3519.5,4539.8,4.3218, 336.75, 553.98
   32940,   33000,13.603,3367.2,4658.5,3.8162, 323.05, 565.85
   33000,   33060,16.922,3353.1,4595.3,4.0153, 321.78, 559.53
   33060,   33120,15.272,3301.7,4566.8,3.9163, 317.15, 556.68
   33120,   33180,14.909,3566.3,4668.7,3.8945, 340.97, 566.87
   33180,   33240,23.398,3562.3,4656.3,4.4039, 340.6, 565.63
   33240,   33300,88.518,3977.9,5023.3,8.3111, 378.01, 602.33
   33300,   33360,21.606,3354.3,5164,4.2964, 321.89, 616.4
   33360,   33420,33.099,3914.3,5521.8,4.9859, 372.29, 652.18
   33420,   33480,22.346,3672.3,4948.1,4.3408, 350.51, 594.81
   33480,   33540,7.5455,2793,3999.3,3.4527, 271.37, 499.93
   33540,   33600,13.589,2907.4,4434.5,3.8154, 281.66, 543.45
   33600,   33660,15.792,2575.3,3976.7,3.9475, 251.78, 497.67
   33660,   33720,14.931,2748.2,4416.9,3.8959, 267.33, 541.69
   33720,   33780,32.086,3278.1,5007.8,4.9252, 315.03, 600.78
   33780,   33840,276.68,3556.1,4698.4,19.601, 340.05, 569.84
   33840,   33900,47.556,3057.8,4676.7,5.8534, 295.2, 567.67
   33900,   33960,66.7,3373,5058.8,7.002, 323.57, 605.88
   33960,   34020,21.095,2969.5,4830.8,4.2657, 287.25, 583.08
   34020,   34080,13.582,3139.8,4629.7,3.8149, 302.58, 562.97
   34080,   34140,17.457,3244.1,4945.1,4.0474, 311.97, 594.51
   34140,   34200,25.722,3523.2,5153,4.5433, 337.09, 615.3
   34200,   34260,25.47,3573.6,5319.8,4.5282, 341.63, 631.98
   34260,   34320,19.904,3202.8,4648.8,4.1942, 308.26, 564.88
   34320,   34380,31.466,3099.6,4963.4,4.888, 298.97, 596.34
   34380,   34440,33.018,3037.4,4650.2,4.9811, 293.37, 565.02
   34440,   34500,47.094,3054.5,4614,5.8257, 294.91, 561.4
   34500,   34560,29.62,3032.2,4676.6,4.7772, 292.9, 567.66
   34560,   34620,48.648,3189.8,4339.9,5.9189, 307.09, 533.99
   34620,   34680,50.231,3301.5,4337.3,6.0138, 317.13, 533.73
   34680,   34740,35.686,2854.6,4218.6,5.1411, 276.91, 521.86
   34740,   34800,36.421,2641,4634.1,5.1852, 257.69, 563.41
   34800,   34860,24.906,2687.7,4338,4.4943, 261.89, 533.8
   34860,   34920,24.559,2899.8,4005.9,4.4735, 280.98, 500.59
   34920,   34980,20.859,3339.5,4834.3,4.2515, 320.55, 583.43
   34980,   35040,29.799,3015.6,4700.4,4.788, 291.4, 570.04
   35040,   35100,13.265,2397,4211.3,3.7959, 235.73, 521.13
   35100,   35160,21.116,2525.5,4520.5,4.267, 247.29, 552.05
   35160,   35220,68.555,2385.4,4541.6,7.1133, 234.68, 554.16
   35220,   35280,45.306,2073.3,3211.3,5.7184, 206.6, 421.13
   35280,   35340,23.928,1937.7,3367.7,4.4357, 194.39, 436.77
   35340,   35400,17.473,1694.8,3324.5,4.0484, 172.53, 432.45
   35400,   35460,31.788,1619.5,2614.9,4.9073, 165.75, 361.49
   35460,   35520,27.464,1350.1,2252.2,4.6478, 141.51, 325.22
   35520,   35580,42.769,1423.2,2449.8,5.5661, 148.09, 344.98
   35580,   35640,55.375,3010.9,3697.6,6.3225, 290.98, 469.76
   35640,   35700,21.275,3228.2,4271.5,4.2765, 310.54, 527.15
   35700,   35760,28.333,3522.5,4732.8,4.7, 337.03, 573.28
   35760,   35820,56.085,3942.7,5023,6.3651, 374.84, 602.3
   35820,   35880,33.119,3744.6,5165.1,4.9871, 357.01, 616.51
   35880,   35940,17.703,3345.7,4575.9,4.0622, 321.11, 557.59
   35940,   36000,13.121,3025.1,3932.3,3.7873, 292.26, 493.23
   36000,   36060,11.363,2345.6,3680.9,3.6818, 231.11, 468.09
   36060,   36120,15.572,2755.6,3419.9,3.9343, 268.01, 441.99
   36120,   36180,29.056,3077.7,3910.3,4.7434, 296.99, 491.03
   36180,   36240,32.309,3069.1,3988.2,4.9385, 296.22, 498.82
   36240,   36300,15.106,3245.1,4244.3,3.9063, 312.06, 524.43
   36300,   36360,11.882,3425.2,4409.5,3.7129, 328.27, 540.95
   36360,   36420,14.346,3448.9,4544.4,3.8607, 330.4, 554.44
   36420,   36480,12.047,3172.3,4487.6,3.7228, 305.5, 548.76
   36480,   36540,8.6271,3050.8,4240.3,3.5176, 294.58, 524.03
   36540,   36600,20.296,3134.1,4136.2,4.2178, 302.07, 513.62
   36600,   36660,33.117,2929.9,4328.7,4.987, 283.69, 532.87
   36660,   36720,190.72,3345.5,4243.1,14.443, 321.1, 524.31
   36720,   36780,116.69,3836.6,5573.2,10.001, 365.29, 657.32
   36780,   36840,38.185,3687.7,4950.3,5.2911, 351.89, 595.03
   36840,   36900,32.53,3536.7,4445,4.9518, 338.3, 544.5
   36900,   36960,20.033,3487.9,4372.1,4.202, 333.91, 537.21
   36960,   37020,7.9516,3277.8,4352,3.4771, 315.01, 535.2
   37020,   37080,22.059,3320.1,4467.3,4.3235, 318.81, 546.73
   37080,   37140,11.7,3434.3,4425.2,3.702, 329.09, 542.52
   37140,   37200,21.936,3641.6,4645.1,4.3161, 347.75, 564.51
   37200,   37260,20.522,3974.1,5060.9,4.2313, 377.67, 606.09
   37260,   37320,11.496,3948.8,5211.8,3.6898, 375.4, 621.18
   37320,   37380,7.6316,3905.4,5257.2,3.4579, 371.48, 625.72
   37380,   37440,11.253,4021.9,5389,3.6752, 381.97, 638.9
   37440,   37500,32.555,3916.5,5100.7,4.9533, 372.49, 610.07
   37500,   37560,172.42,4152.5,5131.6,13.345, 393.72, 613.16
   37560,   37620,8.4144,3441.2,4688.8,3.5049, 329.7, 568.88
   37620,   37680,18.48,3535.9,4546.3,4.1088, 338.23, 554.63
   37680,   37740,1090.9,5379.2,5807.9,68.455, 504.13, 680.79
   37740,   37800,298.26,4860.3,8428.1,20.896, 457.43, 942.81
   37800,   37860,410.12,5417.4,7525,27.607, 507.56, 852.5
   37860,   37920,967.81,7734.4,9893.9,61.069, 716.1, 1089.4
   37920,   37980,329.11,6733.2,7921.8,22.746, 625.99, 892.18
   37980,   38040,41.765,4908.4,6344.4,5.5059, 461.76, 734.44
   38040,   38100,-9999,-9999,-9999,-9999, -9999, -9999
   38100,   38160,-9999,-9999,-9999,-9999, -9999, -9999
   38160,   38220,-9999,-9999,-9999,-9999, -9999, -9999
   38220,   38280,-9999,-9999,-9999,-9999, -9999, -9999
   38280,   38340,-9999,-9999,-9999,-9999, -9999, -9999
   38340,   38400,-9999,-9999,-9999,-9999, -9999, -9999
   38400,   38460,-9999,-9999,-9999,-9999, -9999, -9999
   38460,   38520,15.563,4316.7,5594.4,3.9338, 408.5, 659.44
   38520,   38580,20.629,4230.9,5623.6,4.2377, 400.78, 662.36
   38580,   38640,100.64,4453.7,5604.8,9.0382, 420.83, 660.48
   38640,   38700,198.44,4933.4,5774.6,14.907, 464.01, 677.46
   38700,   38760,73.181,4764.6,5577.5,7.3909, 448.82, 657.75
   38760,   38820,38.79,4661.1,6254.5,5.3274, 439.5, 725.45
   38820,   38880,11.786,4267.7,5765.1,3.7072, 404.09, 676.51
   38880,   38940,21.956,4433.2,5710.3,4.3174, 418.99, 671.03
   38940,   39000,60.764,4571.3,6095.1,6.6459, 431.41, 709.51
   39000,   39060,45.232,4289.2,5781.6,5.7139, 406.03, 678.16
   39060,   39120,3695.4,7787.8,9111.3,224.72, 720.9, 1011.1
   39120,   39180,474.11,5273.3,10131,31.446, 494.6, 1113.1
   39180,   39240,123.4,4635.9,8122.1,10.404, 437.23, 912.21
   39240,   39300,25.848,4166.2,6754.3,4.5509, 394.96, 775.43
   39300,   39360,30.808,4181.8,6040.5,4.8485, 396.36, 704.05
   39360,   39420,363.63,4689.5,5831.5,24.818, 442.06, 683.15
   39420,   39480,149.55,4330.7,6361.3,11.973, 409.77, 736.13
   39480,   39540,20.116,3906.8,5536.8,4.207, 371.61, 653.68
   39540,   39600,15.993,3914.3,5127.4,3.9596, 372.28, 612.74
   39600,   39660,14.583,3942.9,5172.9,3.875, 374.86, 617.29
   39660,   39720,14.695,3973.7,5202.3,3.8817, 377.63, 620.23
   39720,   39780,21.388,4059,5281.9,4.2833, 385.31, 628.19
   39780,   39840,25.948,3995.4,5270.5,4.5569, 379.59, 627.05
   39840,   39900,29.602,3951.7,5249.9,4.7761, 375.66, 624.99
   39900,   39960,30.474,3808.4,5167.6,4.8285, 362.76, 616.76
   39960,   40020,23.148,3568.4,4798.4,4.3889, 341.15, 579.84
   40020,   40080,139.85,3749.6,4763.1,11.391, 357.46, 576.31
   40080,   40140,108.66,3904.2,5061,9.5196, 371.38, 606.1
   40140,   40200,92.902,3950.6,5225.5,8.5741, 375.56, 622.55
   40200,   40260,43.585,3938.2,5133.2,5.6151, 374.43, 613.32
   40260,   40320,16.133,3974,5026.2,3.968, 377.66, 602.62
   40320,   40380,10.502,3824.3,4809.2,3.6301, 364.19, 580.92
   40380,   40440,21.047,3997.2,5059.7,4.2628, 379.75, 605.97
   40440,   40500,15.706,3998.8,5195.1,3.9423, 379.89, 619.51
   40500,   40560,11.939,4167.1,5290.9,3.7164, 395.03, 629.09
   40560,   40620,9.4277,4200.8,5335.2,3.5657, 398.07, 633.52
   40620,   40680,17.936,4155.6,5250.6,4.0761, 394.01, 625.06
   40680,   40740,34.409,4251.8,5517,5.0645, 402.66, 651.7
   40740,   40800,19.576,3986.9,5248.5,4.1745, 378.82, 624.85
   40800,   40860,21.448,4063.7,5485.3,4.2869, 385.73, 648.53
   40860,   40920,22.487,4074.5,5478.8,4.3492, 386.71, 647.88
   40920,   40980,22.282,3946.4,5642.6,4.3369, 375.17, 664.26
   40980,   41040,18.77,3650.5,5094.5,4.1262, 348.54, 609.45
   41040,   41100,16.464,3652.1,4638.8,3.9879, 348.69, 563.88
   41100,   41160,50.72,3949,5271.9,6.0432, 375.41, 627.19
   41160,   41220,382.65,5832.8,7476.7,25.959, 544.95, 847.67
   41220,   41280,284.35,4363.5,6612.8,20.061, 412.71, 761.28
   41280,   41340,881.29,5720.5,7105.1,55.877, 534.84, 810.51
   41340,   41400,409.03,4859.7,6690.1,27.542, 457.37, 769.01
   41400,   41460,557.76,4984.3,5779.8,36.466, 468.58, 677.98
   41460,   41520,97.713,4197.6,5733.3,8.8628, 397.78, 673.33
   41520,   41580,33.634,4017.1,5286.5,5.0181, 381.54, 628.65
   41580,   41640,78.018,4169,5162.1,7.6811, 395.21, 616.21
   41640,   41700,271.07,6143,6677,19.264, 572.87, 767.7
   41700,   41760,1205.7,6543.5,7199.4,75.344, 608.91, 819.94
   41760,   41820,1734.5,6602.7,9174,107.07, 614.24, 1017.4
   41820,   41880,30.87,3569.2,5859.2,4.8522, 341.22, 685.92
   41880,   41940,47.005,3414.6,4680.6,5.8203, 327.31, 568.06
   41940,   42000,43.688,3535,4599.4,5.6213, 338.15, 559.94
   42000,   42060,23.482,3369.4,4519.3,4.4089, 323.25, 551.93
   42060,   42120,14.567,3241.3,4107.5,3.874, 311.72, 510.75
   42120,   42180,10.695,2663,3504.4,3.6417, 259.67, 450.44
   42180,   42240,32.861,3609.6,4667.4,4.9717, 344.87, 566.74
   42240,   42300,31.566,3061.4,4159,4.8939, 295.53, 515.9
   42300,   42360,24.761,3414,4304.8,4.4857, 327.26, 530.48
   42360,   42420,89.606,3556.9,4479.3,8.3763, 340.13, 547.93
   42420,   42480,652.87,4069.9,5337.8,42.172, 386.29, 633.78
   42480,   42540,292.97,3968.9,5563.4,20.578, 377.2, 656.34
   42540,   42600,54.515,2524.7,3379.6,6.2709, 247.22, 437.96
   42600,   42660,10.303,1481.1,2007.1,3.6182, 153.3, 300.71
   42660,   42720,15.825,1420.7,2053.4,3.9495, 147.86, 305.34
   42720,   42780,12.304,1930.4,2576.4,3.7382, 193.73, 357.64
   42780,   42840,10.774,2092.2,2776.9,3.6465, 208.3, 377.69
   42840,   42900,9.8704,2125.5,2804.7,3.5922, 211.3, 380.47
   42900,   42960,11.379,2117,2906.7,3.6828, 210.53, 390.67
   42960,   43020,71.585,2615.4,3804.6,7.2951, 255.39, 480.46
   43020,   43080,41.04,2880.3,3773.4,5.4624, 279.23, 477.34
   43080,   43140,35.704,2645.7,3485.8,5.1422, 258.11, 448.58
   43140,   43200,15.523,2485.4,3373.5,3.9314, 243.69, 437.35
   43200,   43260,238.06,4035.4,4809.9,17.284, 383.19, 580.99
   43260,   43320,73.059,3317.9,5037,7.3835, 318.61, 603.7
   43320,   43380,676.1,3318.8,5191.4,43.566, 318.69, 619.14
   43380,   43440,82.792,2423.8,4038.1,7.9675, 238.14, 503.81
   43440,   43500,14.568,1953.2,2845.7,3.8741, 195.79, 384.57
   43500,   43560,31.441,1805.9,2556.4,4.8865, 182.53, 355.64
   43560,   43620,33.727,1814.7,2702,5.0236, 183.32, 370.2
   43620,   43680,27.767,1337.1,2132.3,4.666, 140.34, 313.23
   43680,   43740,34.792,1186.8,1852.3,5.0875, 126.82, 285.23
   43740,   43800,34.022,1322.6,1968.8,5.0413, 139.03, 296.88
   43800,   43860,29.616,1435,2151.5,4.7769, 149.15, 315.15
   43860,   43920,28.6,1558.6,2315,4.716, 160.27, 331.5
   43920,   43980,39.245,1412.4,2212.3,5.3547, 147.12, 321.23
   43980,   44040,18.189,1206.8,2091.2,4.0913, 128.61, 309.12
   44040,   44100,44.591,1297.7,2014.6,5.6754, 136.79, 301.46
   44100,   44160,28.173,1602.5,2172.4,4.6904, 164.23, 317.24
   44160,   44220,138.64,2224.1,2882.6,11.319, 220.17, 388.26
   44220,   44280,200.35,2770.9,4714.6,15.021, 269.38, 571.46
   44280,   44340,86.758,2345.1,4728.2,8.2055, 231.06, 572.82
   44340,   44400,40.14,2417.2,3479.6,5.4084, 237.55, 447.96
   44400,   44460,19.576,2519.7,3765.9,4.1746, 246.77, 476.59
   44460,   44520,98.632,3611.3,4491,8.9179, 345.02, 549.1
   44520,   44580,31.987,3608.3,4781.6,4.9192, 344.75, 578.16
   44580,   44640,23.548,3129.8,4531.7,4.4129, 301.68, 553.17
   44640,   44700,1023.4,4492.2,4843.3,64.404, 424.3, 584.33
   44700,   44760,3877.6,10781,15939,235.65, 990.27, 1693.9
   44760,   44820,1038.1,5226.3,21736,65.288, 490.37, 2273.6
   44820,   44880,1081.7,4667,8766.8,67.899, 440.03, 976.68
   44880,   44940,243.29,3796.7,6685.3,17.597, 361.7, 768.53
   44940,   45000,119.66,3576.7,7034.8,10.18, 341.9, 803.48
   45000,   45060,119.76,4180.9,5753.8,10.185, 396.28, 675.38
   45060,   45120,33.351,2590.5,4714.7,5.0011, 253.14, 571.47
   45120,   45180,42.551,3508.1,4775.9,5.5531, 335.73, 577.59
   45180,   45240,102.27,4449.5,5723,9.1365, 420.45, 672.3
   45240,   45300,29.7,4113.6,5371.4,4.782, 390.23, 637.14
   45300,   45360,26.615,2979.2,4211,4.5969, 288.13, 521.1
   45360,   45420,82.976,3745.6,4792.9,7.9786, 357.1, 579.29
   45420,   45480,219.75,4449,5647.9,16.185, 420.41, 664.79
   45480,   45540,72.195,2904.3,4889.4,7.3317, 281.39, 588.94
   45540,   45600,190,4221,5869.1,14.4, 399.89, 686.91
   45600,   45660,132.58,3878,5549.2,10.955, 369.02, 654.92
   45660,   45720,75.01,2970.2,4062.4,7.5006, 287.32, 506.24
   45720,   45780,29.827,2599.7,3306.2,4.7896, 253.97, 430.62
   45780,   45840,36.224,2578.4,3300.3,5.1734, 252.05, 430.03
   45840,   45900,36.61,2783.9,3579.1,5.1966, 270.55, 457.91
   45900,   45960,68.01,3289,4183.7,7.0806, 316.01, 518.37
   45960,   46020,105.2,3174.4,4085.7,9.3119, 305.7, 508.57
   46020,   46080,-9999,-9999,-9999,-9999, -9999, -9999
   46080,   46140,-9999,-9999,-9999,-9999, -9999, -9999
   46140,   46200,-9999,-9999,-9999,-9999, -9999, -9999
   46200,   46260,-9999,-9999,-9999,-9999, -9999, -9999
   46260,   46320,-9999,-9999,-9999,-9999, -9999, -9999
   46320,   46380,-9999,-9999,-9999,-9999, -9999, -9999
   46380,   46440,-9999,-9999,-9999,-9999, -9999, -9999
   46440,   46500,97.899,3091,3939.6,8.8739, 298.19, 493.96
   46500,   46560,162.59,3844.1,4679.6,12.756, 365.97, 567.96
   46560,   46620,321.19,3968.1,5265.2,22.271, 377.13, 626.52
   46620,   46680,250.42,4041.5,5391.4,18.025, 383.73, 639.14
   46680,   46740,160.58,4188.5,5184.3,12.635, 396.96, 618.43
   46740,   46800,216.57,4723.3,5678.5,15.994, 445.1, 667.85
   46800,   46860,204.99,4829.9,5960.7,15.3, 454.69, 696.07
   46860,   46920,1174.2,6345.6,6983.2,73.454, 591.1, 798.32
   46920,   46980,202.7,5139.9,7026.7,15.162, 482.59, 802.67
   46980,   47040,323.54,5765.7,6777.2,22.412, 538.91, 777.72
   47040,   47100,230.61,5209.1,6353.3,16.836, 488.82, 735.33
   47100,   47160,325.66,5316.7,6620.1,22.54, 498.5, 762.01
   47160,   47220,511.9,5646.7,7068.9,33.714, 528.21, 806.89
   47220,   47280,468.28,5496.5,7072.7,31.097, 514.68, 807.27
   47280,   47340,301.12,5054.3,6371.3,21.067, 474.89, 737.13
   47340,   47400,332.07,5152.1,6441,22.924, 483.68, 744.1
   47400,   47460,303.14,4805.6,5975.5,21.188, 452.5, 697.55
   47460,   47520,264.97,4398.1,5422.7,18.898, 415.83, 642.27
   47520,   47580,287.43,4451.8,5535.9,20.246, 420.66, 653.59
   47580,   47640,327.21,4501.6,5654.5,22.632, 425.15, 665.45
