CampaignData_and_Merges/R0/CSL_MobileLab_Parked/raw/20240818/USOS-POPS_MobileLabGround_20240818_R0.ict
78, 1001
Thornberry, T. D.
NOAA Chemical Sciences Laboratory
Portable Optical Particle Spectrometer (POPS)
USOS
1, 1
2024, 08, 18, 2025, 05, 08
60
Time_Start, seconds_past_midnight, Start time of measurement
45
1, 1, 1, 1, 1, 1, 1, 1, 1, 1, 1, 1, 1, 1, 1, 1, 1, 1, 1, 1, 1, 1, 1, 1, 1, 1, 1, 1, 1, 1, 1, 1, 1, 1, 1, 1, 1, 1, 1, 1, 1, 1, 1, 1, 1
-9999, -9999, -9999, -9999, -9999, -9999, -9999, -9999, -9999, -9999, -9999, -9999, -9999, -9999, -9999, -9999, -9999, -9999, -9999, -9999, -9999, -9999, -9999, -9999, -9999, -9999, -9999, -9999, -9999, -9999, -9999, -9999, -9999, -9999, -9999, -9999, -9999, -9999, -9999, -9999, -9999, -9999, -9999, -9999, -9999
Time_Stop, seconds_past_midnight, Stop time of measurement
Time_Mid, seconds_past_midnight, Mid time of measurement
Press_mb, mb, Pressure reported (mb)
Temp_C, degrees C, POPS temperature measurement
Aerosol_concentration, cm^-3, Aerosol concentration
Surface_Area_Conc, um^2 cm^-3, Surface area concentration
Volume_density, um^3 cm^-3, Volume density
Effective_radius, um, Effective radius
Extinction, km^-1, Extinction
Bin01, cm^-3, particle concentration in size range [1401 - 146.3 nm]
Bin02, cm^-3, particle concentration in size range [146.3 - 152.8 nm]
Bin03, cm^-3, particle concentration in size range [152.8 - 159.6 nm]
Bin04, cm^-3, particle concentration in size range [159.6 - 166.8 nm]
Bin05, cm^-3, particle concentration in size range [166.8 - 174.2 nm]
Bin06, cm^-3, particle concentration in size range [174.2 - 181.9 nm]
Bin07, cm^-3, particle concentration in size range [181.9 - 190.0 nm]
Bin08, cm^-3, particle concentration in size range [190.0 - 198.5 nm]
Bin09, cm^-3, particle concentration in size range [198.5 - 207.4 nm]
Bin10, cm^-3, particle concentration in size range [207.4 - 216.6 nm]
Bin11, cm^-3, particle concentration in size range [216.6 - 226.2 nm]
Bin12, cm^-3, particle concentration in size range [226.2 - 236.3 nm]
Bin13, cm^-3, particle concentration in size range [236.3 - 246.8 nm]
Bin14, cm^-3, particle concentration in size range [246.8 - 257.8 nm]
Bin15, cm^-3, particle concentration in size range [257.8 - 269.3 nm]
Bin16, cm^-3, particle concentration in size range [269.3 - 343.4 nm]
Bin17, cm^-3, particle concentration in size range [343.4 - 450.7 nm]
Bin18, cm^-3, particle concentration in size range [450.7 - 525.9 nm]
Bin19, cm^-3, particle concentration in size range [525.9 - 618.5 nm]
Bin20, cm^-3, particle concentration in size range [618.5 - 710.0 nm]
Bin21, cm^-3, particle concentration in size range [710.0 - 822.7 nm]
Bin22, cm^-3, particle concentration in size range [822.7 - 885.9 nm]
Bin23, cm^-3, particle concentration in size range [885.9 - 953.9 nm]
Bin24, cm^-3, particle concentration in size range [953.9 - 1027.2 nm]
Bin25, cm^-3, particle concentration in size range [1027.2 - 1106.1 nm]
Bin26, cm^-3, particle concentration in size range [1106.1 - 1191.0 nm]
Bin27, cm^-3, particle concentration in size range [1191.0 - 1282.5 nm]
Bin28, cm^-3, particle concentration in size range [1282.5 - 1381.0 nm]
Bin29, cm^-3, particle concentration in size range [1381.0 - 1487.1 nm]
Bin30, cm^-3, particle concentration in size range [1487.1 - 1601.3 nm]
Bin31, cm^-3, particle concentration in size range [1601.3 - 1724.3 nm]
[...]
PLATFORM: NOAA CSL Mobile Lab
LOCATION: USOS
ASSOCIATED_DATA: N/A
INSTRUMENT_INFO: Printed Optical Particle Spectrometer counts particles from 140 - 2500 nm in diameter 
DATA_INFO: Particle concentrations reported in number per cubic centimeter,1 Hz data
UNCERTAINTY: Counting uncertainty dominated by air flow, less than 5 percent. Measurement range is ~0 - 3000 per cm3 (varies depending on flow rate- manufacturer quotes 1250 per cm3 at 1.667 cc/s)
ULOD_FLAG: -7777
ULOD_VALUE: N/A
LLOD_FLAG: -8888
LLOD_VALUE: N/A
DM_CONTACT_INFO: Troy Thornberry, 325 Broadway R/CSL6, Boulder, CO 80305; troy.thornberry@noaa.gov; 303-497-3373
PROJECT_INFO: USOS, Utah POPS data from NOAA CSL Mobile Lab
STIPULATIONS_ON_USE: Please contact the PIs for questions regarding applications and uncertainties
OTHER_COMMENTS: POPS bin Edges (nm):  140.1, 146.3, 152.8, 159.6, 166.8, 174.2, 181.9, 190.0, 198.5, 207.4, 216.6, 226.2, 236.3, 246.8, 257.8, 269.3, 343.4, 450.7, 525.9, 618.5, 710.0, 822.7, 885.9, 953.9, 1027.2, 1106.1, 1191.0, 1282.5, 1381.0, 1487.1, 1601.3, 1724.3, 1856.7, 1999.3, 2152.8, 2318.2, 2496.2
Calculations assume organic aerosol refractive index of 1.52+0.00j and extinction wavelength = 532 nm
REVISION: R0
R0: Final data
Time_Start, Time_Stop, Time_Mid, Press_mb, Temp_C, Aerosol_concentration, Surface_Area_Conc, Volume_density, Effective_radius, Extinction, Bin01, Bin02, Bin03, Bin04, Bin05, Bin06, Bin07, Bin08, Bin09, Bin10, Bin11, Bin12, Bin13, Bin14, Bin15, Bin16, Bin17, Bin18, Bin19, Bin20, Bin21, Bin22, Bin23, Bin24, Bin25, Bin26, Bin27, Bin28, Bin29, Bin30, Bin31, Bin32, Bin33, Bin34, Bin35, Bin36
0,59,30,872.224,31.794,112.744,14.080,0.743,0.151,0.003,18.227093,15.785104,12.685924,10.847022,9.225204,7.622231,6.073990,5.039519,4.185586,3.738163,3.096531,2.771511,2.839849,2.480852,1.705078,4.265376,1.086584,0.397728,0.271477,0.110467,0.088941,0.022410,0.027761,0.050256,0.016690,0.027594,0.005574,0.005342,0.011100,0.000000,0.016668,0.000000,0.005519,0.000000,0.011130,0.000000
60,119,90,872.226,31.889,120.133,15.147,0.890,0.168,0.004,19.530554,16.544847,13.874407,11.747108,9.971238,7.579002,6.918474,5.089168,4.671634,3.857749,3.222622,3.044489,2.778922,2.624801,1.806105,4.475438,1.140161,0.534118,0.289494,0.088578,0.094408,0.033216,0.038929,0.044347,0.022224,0.033298,0.000000,0.016509,0.016817,0.005688,0.011007,0.022081,0.000000,0.000000,0.000000,0.005447
120,179,150,872.234,32.072,120.641,14.628,0.662,0.134,0.003,19.185823,16.904598,13.728071,11.776294,10.159350,8.112888,6.572482,5.412341,4.282629,3.688618,3.418340,3.384749,2.748853,2.736694,1.703938,4.559659,1.085001,0.451744,0.403543,0.120475,0.061445,0.044069,0.027548,0.000000,0.005359,0.016522,0.016763,0.011130,0.011094,0.005574,0.005447,0.000000,0.000000,0.000000,0.000000,0.000000
180,239,210,872.258,32.130,116.587,14.754,0.787,0.155,0.003,18.565357,16.240913,12.743187,10.879062,9.387185,7.884582,6.257861,5.494651,4.500380,3.893576,3.287375,2.958922,2.950223,2.686497,2.073402,4.307740,1.221545,0.445422,0.424113,0.123488,0.061134,0.016741,0.033354,0.050326,0.016632,0.005612,0.016451,0.016744,0.011057,0.011038,0.005593,0.005376,0.005574,0.000000,0.000000,0.005537
240,299,270,872.251,32.036,114.550,14.364,0.735,0.148,0.003,18.025816,15.649036,13.053595,11.424359,9.749304,7.496967,6.001056,5.246381,4.265981,3.744339,3.060270,3.095206,2.838779,2.571391,1.699998,4.453907,1.057903,0.339617,0.312445,0.133946,0.089072,0.056344,0.038837,0.050359,0.011167,0.022413,0.005537,0.005631,0.022741,0.005519,0.011261,0.000000,0.011093,0.000000,0.000000,0.000000
300,359,330,872.258,32.001,113.805,14.074,0.712,0.145,0.003,18.384623,15.285483,12.839398,11.114724,9.041601,7.552098,6.501546,5.345446,4.246528,3.593586,3.306874,2.962187,2.864949,2.485863,1.638995,4.521744,1.045824,0.440635,0.288721,0.083382,0.066531,0.050323,0.016855,0.032935,0.022047,0.022357,0.011319,0.016561,0.005501,0.000000,0.005574,0.005574,0.000000,0.000000,0.000000,0.005631
360,419,390,872.262,32.034,109.119,13.935,0.853,0.168,0.003,17.736475,15.259255,12.507507,10.258105,8.871930,7.206559,5.945365,4.925297,3.848093,3.666789,2.983032,3.150969,2.555422,2.313904,1.619489,3.997412,1.121047,0.527136,0.320564,0.038574,0.061455,0.033460,0.033163,0.033263,0.010992,0.011057,0.005556,0.011132,0.000000,0.010933,0.016705,0.005574,0.005342,0.005359,0.010933,0.010932
420,479,450,872.237,31.972,109.621,13.736,0.785,0.165,0.003,17.760637,14.537995,12.441252,10.688210,9.058585,7.320637,5.894841,5.135109,4.159278,3.501551,3.052949,3.074991,2.546717,2.402416,1.613260,4.307150,1.098454,0.444574,0.261074,0.066585,0.050061,0.038820,0.022260,0.027798,0.016613,0.016742,0.005429,0.016742,0.016412,0.005429,0.016616,0.022225,0.000000,0.000000,0.000000,0.000000
480,539,510,872.209,32.136,105.552,13.271,0.729,0.158,0.003,16.967243,15.112599,11.610437,10.416739,8.716410,6.600574,5.653412,4.955241,3.955004,3.406006,2.885296,2.825183,2.665020,2.164802,1.476482,4.071253,0.996423,0.422935,0.329052,0.055549,0.050019,0.033531,0.055453,0.022070,0.005411,0.011319,0.011038,0.016569,0.027581,0.005631,0.016630,0.005537,0.000000,0.000000,0.000000,0.005519
540,599,570,872.222,32.281,92.566,11.984,0.684,0.161,0.003,14.857248,12.155548,10.578406,9.105887,7.139894,5.955349,4.950411,4.309935,3.633758,2.978920,2.711329,2.341036,2.302809,2.135967,1.531168,3.826699,1.108718,0.327198,0.215900,0.105890,0.044455,0.049917,0.055285,0.022504,0.027688,0.027728,0.000000,0.011020,0.022428,0.005556,0.016307,0.011223,0.000000,0.000000,0.000000,0.000000
600,659,630,872.202,32.301,94.453,12.156,0.694,0.161,0.003,15.065228,12.958990,10.974839,9.137090,7.378649,6.213270,4.952087,4.295742,3.725755,3.000537,2.471075,2.344615,2.103959,2.187869,1.530969,3.853621,1.090592,0.524059,0.311755,0.072019,0.093967,0.050207,0.016576,0.016781,0.011263,0.005574,0.005519,0.011114,0.011093,0.005325,0.016540,0.011074,0.000000,0.000000,0.000000,0.005447
660,719,690,872.166,32.220,98.124,12.938,0.837,0.179,0.003,15.105554,13.234379,11.076832,9.623413,8.030150,6.493307,5.489970,4.303867,3.568451,3.135804,2.761636,2.611667,2.588746,2.325115,1.638322,4.052889,0.887635,0.503025,0.342501,0.078138,0.044484,0.061055,0.021971,0.021974,0.027653,0.011280,0.005650,0.011514,0.005556,0.016612,0.000000,0.010949,0.011338,0.005593,0.005631,0.011154
720,779,750,872.141,32.172,93.852,12.118,0.708,0.162,0.003,15.023943,12.213114,10.345068,9.229878,7.468876,6.116827,5.086758,4.447951,3.608847,3.032990,2.826041,2.680141,2.435124,2.090350,1.522188,3.677695,1.051352,0.422276,0.249768,0.078068,0.066488,0.027898,0.028128,0.011319,0.022583,0.022582,0.005747,0.021897,0.005359,0.000000,0.000000,0.005612,0.016599,0.000000,0.005593,0.005359
780,839,810,872.121,32.101,88.438,11.047,0.564,0.147,0.002,13.628453,11.666615,9.781328,8.237099,7.251947,5.931419,4.940452,4.071545,3.328983,2.994689,2.759476,2.397503,2.397274,2.140799,1.392484,3.860864,0.946126,0.306310,0.199798,0.044427,0.039031,0.049975,0.005447,0.005556,0.000000,0.005574,0.010858,0.005574,0.000000,0.011113,0.016467,0.005359,0.000000,0.005612,0.000000,0.000000
840,899,870,872.114,32.069,95.327,11.957,0.621,0.146,0.003,15.014218,13.033236,10.864467,8.790470,7.564510,6.263484,4.941689,4.565893,3.289345,3.177058,2.837563,2.758785,2.473488,2.192007,1.631601,4.055881,1.004485,0.377724,0.273099,0.033654,0.027958,0.027823,0.016490,0.028080,0.005708,0.022169,0.016855,0.005631,0.005688,0.016485,0.000000,0.005612,0.000000,0.000000,0.000000,0.005429
900,959,930,872.099,31.981,92.135,11.915,0.737,0.173,0.003,14.358593,12.488269,10.264487,8.807003,7.383791,6.022293,4.989875,4.177757,3.577403,3.042695,2.772844,2.548861,2.364536,2.024763,1.616370,3.802651,1.036363,0.350782,0.227584,0.066945,0.044490,0.016308,0.022566,0.027745,0.011011,0.005612,0.011262,0.000000,0.011494,0.005464,0.027840,0.011286,0.005482,0.000000,0.000000,0.010845
960,1019,990,872.098,31.939,91.189,11.716,0.704,0.170,0.003,14.199525,12.204760,9.911054,8.852274,7.405158,6.183825,5.020053,4.120952,3.404059,3.010226,2.581300,2.495680,2.485967,1.924418,1.620522,3.949774,0.920813,0.386484,0.230718,0.055431,0.060647,0.033207,0.005464,0.016448,0.027174,0.021686,0.005631,0.005593,0.005394,0.005482,0.011113,0.016556,0.000000,0.005669,0.000000,0.005574
1020,1079,1050,872.094,31.943,98.075,12.370,0.643,0.149,0.003,15.127652,13.017987,11.707045,9.452503,8.290942,6.386628,5.299728,4.186836,3.676927,3.231264,2.603168,2.721496,2.439063,2.366021,1.487910,4.082137,1.060590,0.361429,0.282267,0.083312,0.027821,0.016522,0.060702,0.011111,0.027342,0.016340,0.005447,0.011204,0.000000,0.011154,0.011021,0.000000,0.005650,0.000000,0.000000,0.005593
1080,1139,1110,872.089,32.107,97.968,12.469,0.676,0.153,0.003,15.753177,12.948341,10.627573,9.688256,8.076284,6.532276,5.268961,4.415668,3.811736,3.117616,2.784539,2.715423,2.481394,1.937325,1.473606,4.157845,1.139136,0.519732,0.242571,0.061080,0.049315,0.033207,0.044422,0.022340,0.005556,0.011299,0.005612,0.000000,0.000000,0.011042,0.016520,0.000000,0.005447,0.000000,0.000000,0.011021
1140,1199,1170,872.104,32.283,91.609,12.314,0.788,0.176,0.003,14.268628,11.783733,10.132693,8.787318,7.176012,6.160355,5.239030,4.110456,3.425106,3.027524,2.696407,2.472500,2.373932,2.098636,1.362575,4.312529,1.258540,0.333443,0.244404,0.083367,0.044282,0.011338,0.016930,0.033226,0.016968,0.027621,0.016779,0.022372,0.011242,0.022284,0.016632,0.005394,0.000000,0.000000,0.005519,0.011169
1200,1259,1230,872.101,32.245,91.252,12.117,0.807,0.182,0.003,13.808712,12.548298,10.046219,8.757798,7.220123,5.958100,4.960971,4.162885,3.373435,3.005816,2.739816,2.637394,2.430932,2.213747,1.458089,3.826808,1.260403,0.365410,0.188822,0.044009,0.027416,0.022486,0.038983,0.038968,0.021953,0.005631,0.005556,0.005612,0.011074,0.016742,0.011223,0.010943,0.000000,0.005708,0.010984,0.011167
1260,1319,1290,872.100,32.204,95.672,12.496,0.773,0.173,0.003,14.705700,12.500030,10.453779,9.050742,8.011977,6.691876,5.231452,4.100500,3.589446,3.065705,2.839531,2.644716,2.471500,2.254597,1.586316,4.390953,1.143466,0.379124,0.260640,0.083207,0.039117,0.033195,0.011205,0.016365,0.016514,0.016786,0.011225,0.011242,0.016685,0.005612,0.005612,0.016435,0.005447,0.000000,0.000000,0.010936
1320,1379,1350,872.088,32.128,93.838,12.134,0.662,0.154,0.003,14.496787,12.194017,10.318097,8.693581,7.661671,6.281201,5.017583,4.380702,3.607400,3.057307,2.885913,2.444706,2.477296,2.331243,1.584520,4.330251,1.099887,0.420874,0.255136,0.049830,0.066540,0.055320,0.022024,0.022283,0.027890,0.016723,0.005593,0.005519,0.000000,0.000000,0.005308,0.005650,0.005519,0.000000,0.011167,0.000000
1380,1439,1410,872.086,32.064,97.609,12.788,0.775,0.168,0.003,14.945065,13.010431,10.766352,9.576995,7.886639,6.944414,5.372059,4.277564,3.759000,2.951588,2.801124,2.732048,2.517754,2.213973,1.567068,4.237064,1.054922,0.361784,0.284124,0.088854,0.055736,0.022157,0.033300,0.011207,0.032704,0.027781,0.005325,0.011095,0.016677,0.005464,0.011113,0.000000,0.005631,0.000000,0.011112,0.011076
1440,1499,1470,872.083,32.019,99.442,12.881,0.773,0.173,0.003,15.792846,13.140258,10.878936,9.644204,7.806515,6.843649,5.510432,4.343020,3.719911,3.181083,2.735220,2.777881,2.558542,2.403277,1.679530,4.322117,1.144553,0.403795,0.232612,0.068573,0.050929,0.027901,0.016931,0.017053,0.028736,0.017296,0.022586,0.005485,0.011262,0.016952,0.016970,0.017083,0.000000,0.000000,0.005726,0.000000
1500,1559,1530,872.071,31.971,100.726,13.218,0.805,0.167,0.003,15.914060,13.366795,11.067416,9.463444,8.257751,6.673526,5.657381,4.580617,3.764962,3.182923,3.299067,2.615277,2.624083,2.336626,1.580047,4.265959,1.062807,0.339407,0.261818,0.099991,0.094987,0.033227,0.038788,0.022261,0.016892,0.010929,0.011186,0.011186,0.016874,0.005519,0.022321,0.000000,0.005241,0.000000,0.016742,0.005447
1560,1619,1590,872.070,31.899,101.050,12.907,0.722,0.157,0.003,15.238537,13.414300,11.438561,9.597743,8.030239,7.050988,5.638827,4.629013,3.789119,3.483697,3.125155,2.712450,2.641599,2.440567,1.593459,4.277420,0.966653,0.405143,0.260964,0.072533,0.060849,0.038659,0.022151,0.011186,0.027491,0.011261,0.027509,0.000000,0.005394,0.016993,0.000000,0.005411,0.005556,0.000000,0.000000,0.011003
1620,1679,1650,872.052,31.858,101.291,13.081,0.746,0.159,0.003,15.709367,13.751799,11.711502,9.712185,8.000403,6.646679,5.289923,4.570185,3.820178,3.206684,2.905128,2.843992,2.418867,2.224122,1.767804,4.574676,1.118496,0.487351,0.183009,0.072319,0.061162,0.026995,0.054922,0.022412,0.010865,0.016779,0.011224,0.011093,0.022078,0.011111,0.010810,0.005574,0.000000,0.000000,0.005574,0.005631
1680,1739,1710,872.057,31.812,104.938,13.860,0.883,0.176,0.003,16.534430,13.950541,11.974157,9.831216,8.185897,7.069829,5.600883,4.748770,3.907356,3.463491,3.315886,3.001637,2.826469,2.279173,1.566844,4.390701,1.214887,0.418474,0.278592,0.077862,0.061372,0.033132,0.016538,0.022467,0.044436,0.027871,0.011418,0.011001,0.011399,0.005556,0.011038,0.005650,0.016817,0.000000,0.016719,0.005519
1740,1799,1770,872.031,31.807,105.253,13.222,0.712,0.153,0.003,16.338800,13.910590,11.841528,10.224566,8.556439,7.149182,5.710225,4.676390,3.800330,3.418465,3.241864,2.940544,2.829632,2.427649,1.700660,4.462977,1.212869,0.299113,0.222507,0.071561,0.061141,0.022039,0.033487,0.011056,0.022336,0.010895,0.016741,0.000000,0.000000,0.000000,0.016705,0.005593,0.000000,0.011300,0.000000,0.005612
1800,1859,1830,872.016,31.763,105.086,13.378,0.799,0.171,0.003,16.538429,13.819007,11.677913,10.165736,8.666728,7.200511,5.615983,5.109928,3.903965,3.523384,3.057082,2.991125,2.883992,2.443904,1.460959,4.075646,1.039788,0.322814,0.233188,0.082967,0.061473,0.033230,0.022356,0.027724,0.005537,0.022259,0.016847,0.027743,0.000000,0.005593,0.022262,0.016560,0.000000,0.005519,0.005519,0.000000
1860,1919,1890,872.010,31.711,103.643,13.205,0.760,0.159,0.003,15.989603,13.940369,11.745752,10.001172,8.657677,6.577316,5.604516,4.674886,4.077944,3.549230,2.924582,3.019419,2.539337,2.459369,1.674057,4.284713,0.976590,0.368418,0.249471,0.077931,0.056006,0.022335,0.033733,0.005556,0.010932,0.016762,0.027784,0.022429,0.016662,0.011060,0.005501,0.010932,0.000000,0.000000,0.011167,0.000000
1920,1979,1950,872.025,31.640,104.953,13.615,0.801,0.169,0.003,16.843758,13.660935,11.278446,10.612954,8.331615,7.204193,5.863483,4.576680,3.984379,3.397454,2.963408,2.884183,2.792451,2.289596,1.583885,4.357233,1.216474,0.516232,0.222308,0.111355,0.050290,0.039170,0.038757,0.000000,0.016723,0.016466,0.005688,0.033582,0.005376,0.022254,0.005593,0.005556,0.011020,0.000000,0.005612,0.005464
1980,2039,2010,872.023,31.627,103.229,13.225,0.770,0.164,0.003,16.444513,13.893256,11.405800,10.149669,8.255146,6.876149,5.292943,4.905309,3.900739,3.361223,3.069371,2.666018,2.670927,2.381391,1.701389,4.158047,1.089341,0.386517,0.244444,0.088360,0.072138,0.067138,0.027375,0.022021,0.016307,0.000000,0.011060,0.011168,0.005482,0.011283,0.022409,0.010965,0.000000,0.000000,0.011283,0.000000
2040,2099,2070,872.029,31.606,102.972,13.116,0.769,0.164,0.003,16.102125,13.624558,11.683490,9.870702,8.694027,7.112822,5.558871,4.877814,3.771661,3.264035,3.258216,2.502356,2.791023,2.155734,1.436986,4.257976,1.011108,0.427410,0.327850,0.049737,0.033072,0.027805,0.000000,0.016595,0.016669,0.000000,0.016452,0.005631,0.016323,0.016343,0.016653,0.005688,0.005519,0.005631,0.005464,0.005631
2100,2159,2130,872.034,31.540,103.679,13.225,0.781,0.169,0.003,16.662506,14.267290,11.438973,10.111837,8.343856,6.691761,5.701924,4.756590,3.840737,3.333143,3.172772,2.797419,2.647657,2.434834,1.500405,3.998703,1.026104,0.372973,0.239604,0.061586,0.061217,0.033279,0.011076,0.016950,0.033673,0.016688,0.005556,0.033339,0.005376,0.005556,0.033361,0.011186,0.005429,0.005447,0.000000,0.000000
2160,2219,2190,872.028,31.509,100.197,13.052,0.771,0.165,0.003,15.554530,13.454303,11.475943,9.746410,8.113680,6.749319,5.544724,4.407775,3.597229,3.355888,2.867996,2.641973,2.664329,2.252140,1.605736,4.104305,1.105685,0.338855,0.238735,0.094450,0.049720,0.027695,0.027646,0.027817,0.033268,0.005688,0.022391,0.000000,0.011205,0.016520,0.038852,0.000000,0.016744,0.005556,0.000000,0.000000
2220,2279,2250,872.007,31.505,102.997,13.565,0.920,0.189,0.003,16.233418,13.837636,11.781316,10.301782,8.464149,6.720107,5.832701,4.637271,3.646590,3.224382,2.862530,2.602221,2.594319,2.375566,1.751894,3.932628,1.158746,0.362011,0.305045,0.072856,0.060830,0.027492,0.027968,0.033300,0.022077,0.011245,0.010913,0.016874,0.028031,0.011020,0.005519,0.010969,0.000000,0.011003,0.000000,0.022150
2280,2339,2310,871.991,31.635,101.987,12.780,0.646,0.147,0.003,15.968224,13.523790,11.774886,9.898787,8.655441,6.825962,5.485098,4.715891,3.751715,3.214353,2.835882,2.835865,2.510518,2.150752,1.533710,4.267372,1.043708,0.388954,0.294679,0.071932,0.050415,0.061054,0.039013,0.005394,0.005447,0.016895,0.011126,0.022389,0.005447,0.005394,0.005556,0.000000,0.005464,0.000000,0.005631,0.000000
2340,2399,2370,871.985,31.831,101.338,12.851,0.684,0.151,0.003,15.868062,13.666970,11.580969,10.178837,8.023980,6.854872,5.462541,4.674046,3.602753,3.349273,2.752212,2.676694,2.410505,2.114416,1.489521,4.390597,1.227428,0.396425,0.295773,0.066909,0.116422,0.016836,0.033182,0.016578,0.011148,0.011169,0.005593,0.016577,0.000000,0.005593,0.000000,0.000000,0.005537,0.005501,0.005556,0.005482
2400,2459,2430,871.968,31.909,102.019,12.803,0.700,0.154,0.003,16.839846,13.606186,12.190688,9.697588,7.906779,6.920429,5.464969,4.545142,3.812507,3.113328,2.709729,2.536671,2.579329,2.161841,1.521058,4.330842,1.195518,0.338959,0.264856,0.066733,0.066550,0.011167,0.022065,0.010985,0.016630,0.005612,0.022139,0.016578,0.011186,0.011093,0.005593,0.005429,0.000000,0.000000,0.005556,0.005612
