CampaignData_and_Merges/R0/CSL_MobileLab_Parked/raw/20240818/USOS-NOy-LIF_MobileLabGround_20240818_R0.ict
39,1001
Rollins, A.; Waxman, E.; Zuraski, K.; Chace, W.
NOAA Chemical Sciences Laboratory
LIF NO/NOx/NOy on CSL Mobile Lab
AMMBEC / USOS
1, 1
2024,08,18, 2025,01,06
1
Time_Start, seconds, number_of_seconds_since_0000_UTC
7
1, 1, 1, 1, 1, 1, 1
-9999, -9999, -9999, -9999, -9999, -9999, -9999
Time_Stop, seconds, number_of_seconds_since_0000_UTC
NO_LIF, pptv, Gas_NO_InSitu_S_AVMR, volume mixing ratio of nitric oxide in air
NO2_LIF, pptv, Gas_NO2_InSitu_S_AVMR, volume mixing ratio of nitrogen dioxide in air
NOy_LIF, pptv, Gas_NOy_InSitu_S_AVMR, volume mixing ratio of total oxidized nitrogen in air
NO_LIF_1SigmaAccuracy, pptv, Gas_NO_InSitu_S_AVMR, volume mixing ratio of nitric oxide in air
NO2_LIF_1SigmaAccuracy, pptv, Gas_NO2_InSitu_S_AVMR, volume mixing ratio of nitrogen dioxide in air
NOy_LIF_1SigmaAccuracy, pptv, Gas_NOy_InSitu_S_AVMR, volume mixing ratio of total oxidized nitrogen in air
0
18
PI_CONTACT_INFO: andrew.rollins@noaa.gov
PLATFORM: CSL Mobile Lab
LOCATION: Salt Lake City, UT
ASSOCIATED_DATA:
INSTRUMENT_INFO: NO detection by laser induced fluorescence. NO2 detection by photolytic conversion to NO. NOy detection by catalytic conversion to NO on gold surface
DATA_INFO:
UNCERTAINTY: Included 1 Sigma Accuracy waves represent the combined calibration uncertainties (±6%, ±9%, ±10%) and zero uncertainties (3 ppt, 20 ppt, 100 ppt) for NO, NO2, and NOy, respectively.
ULOD_FLAG: -7777
ULOD_VALUE: N/A
LLOD_FLAG: -8888
LLOD_VALUE: N/A
DM_CONTACT_INFO: andrew.rollins@noaa.gov
PROJECT_INFO: USOS Project, July - August 2024
STIPULATIONS_ON_USE: Users are strongly encouraged to contact the PI for proper data usage.
OTHER_COMMENTS: 5% additional uncertainty included in 1 Sigma Accuracy waves for 0000-0130 UTC due to data saving issue
REVISION: R0
R0: final data
Time_Start, Time_Stop, NO_LIF, NO2_LIF, NOy_LIF, NO_LIF_1SigmaAccuracy, NO2_LIF_1SigmaAccuracy, NOy_LIF_1SigmaAccuracy
       0,      60,710.16,2682.4,4245.1,81.118, 395.53, 736.76
      60,     120,850.48,2876.7,4450.4,96.553, 422.73, 767.57
     120,     180,801.3,2648.1,4204,91.143, 390.74, 730.59
     180,     240,735.17,2418,3928,83.868, 358.53, 689.2
     240,     300,639.98,2153.5,3602.2,73.398, 321.48, 640.33
     300,     360,576.93,2014.5,3437.6,66.462, 302.03, 615.64
     360,     420,540.82,1890.2,3129.5,62.49, 284.62, 569.42
     420,     480,417.48,1533.7,2350.4,48.923, 234.72, 452.56
     480,     540,435.47,1603.1,2589.5,50.902, 244.44, 488.43
     540,     600,509.58,1838.9,2975.4,59.054, 277.45, 546.31
     600,     660,394.94,1450.3,2453.4,46.443, 223.04, 468.02
     660,     720,609.2,1896.1,2563,70.012, 285.45, 484.45
     720,     780,478.2,2035.4,2772.1,55.601, 304.96, 515.81
     780,     840,306.98,1332.6,2313.8,36.768, 206.57, 447.06
     840,     900,374.71,1648.5,2291.3,44.218, 250.78, 443.7
     900,     960,305.35,1514,2681.5,36.589, 231.96, 502.22
     960,    1020,371.93,1603.5,2293.3,43.912, 244.5, 443.99
    1020,    1080,210.78,1061.4,2017.7,26.186, 168.59, 402.65
    1080,    1140,238.59,1161.8,1993.2,29.245, 182.66, 398.98
    1140,    1200,337.03,1471.3,2315.1,40.073, 225.98, 447.26
    1200,    1260,340.64,1491.8,2380.2,40.47, 228.86, 457.03
    1260,    1320,-9999,-9999,-9999,-9999, -9999, -9999
    1320,    1380,-9999,-9999,-9999,-9999, -9999, -9999
    1380,    1440,-9999,-9999,-9999,-9999, -9999, -9999
    1440,    1500,-9999,-9999,-9999,-9999, -9999, -9999
    1500,    1560,-9999,-9999,-9999,-9999, -9999, -9999
    1560,    1620,-9999,-9999,-9999,-9999, -9999, -9999
    1620,    1680,641.11,-9999,-9999,73.522, -9999, -9999
    1680,    1740,523.61,2172,3440.8,60.597, 324.07, 616.12
    1740,    1800,478.84,2024.2,3192.1,55.673, 303.38, 578.82
    1800,    1860,445.52,2033.1,3146.3,52.007, 304.63, 571.94
    1860,    1920,429.94,1901.6,3056.3,50.293, 286.22, 558.45
    1920,    1980,404.72,1857,2902.8,47.52, 279.98, 535.41
    1980,    2040,421.44,1912.5,2995.3,49.358, 287.76, 549.3
    2040,    2100,412.89,1865.7,2880,48.418, 281.2, 532
    2100,    2160,497.65,2203.2,3466.3,57.741, 328.45, 619.94
    2160,    2220,480.68,2224.8,3457.5,55.875, 331.47, 618.62
    2220,    2280,483.41,2208.8,3354,56.175, 329.24, 603.11
    2280,    2340,531.51,2452.1,3629.4,61.466, 363.3, 644.41
    2340,    2400,491.97,2324.9,3539,57.117, 345.49, 630.85
    2400,    2460,478.95,2299.5,3540,55.684, 341.93, 631
    2460,    2520,450.61,2206.1,3362.2,52.567, 328.85, 604.34
    2520,    2580,371.57,1862.8,2988.1,43.873, 280.79, 548.22
    2580,    2640,353.59,1842.5,2882.4,41.895, 277.95, 532.35
    2640,    2700,330.58,1767.4,2768.3,39.364, 267.43, 515.25
    2700,    2760,313.42,1812.3,2865.9,37.477, 273.72, 529.89
    2760,    2820,356.32,1964.4,3020.4,42.195, 295.02, 553.06
    2820,    2880,347.18,1908.8,3013.1,41.19, 287.23, 551.97
    2880,    2940,347.67,1892.4,2944,41.244, 284.93, 541.6
    2940,    3000,380,2067.2,3053.8,44.8, 309.41, 558.07
    3000,    3060,658.77,2605.1,5801.7,75.465, 384.71, 970.26
    3060,    3120,1698.9,5218.4,7984.2,189.88, 750.58, 1297.6
    3120,    3180,614.56,3002.5,4578.5,70.601, 440.35, 786.77
    3180,    3240,732.09,2801.5,4640.6,83.53, 412.21, 796.08
    3240,    3300,397.33,2171.5,3470,46.706, 324.02, 620.5
    3300,    3360,365.38,2065.6,3197.3,43.192, 309.19, 579.6
    3360,    3420,336.58,2060.7,3173.9,40.023, 308.5, 576.08
    3420,    3480,384.18,2247.9,3383,45.259, 334.71, 607.45
    3480,    3540,394.09,2341,3511.3,46.35, 347.74, 626.7
    3540,    3600,383.3,2297.2,3535,45.163, 341.61, 630.25
    3600,    3660,436.8,2418.2,3573.9,51.048, 358.54, 636.09
    3660,    3720,436.42,2423.8,3597.8,51.006, 359.33, 639.67
    3720,    3780,410.48,2555.1,3777.6,48.152, 377.71, 666.63
    3780,    3840,448.71,2715.8,3948.8,52.358, 400.22, 692.32
    3840,    3900,356.16,2731.6,3875.3,42.178, 402.43, 681.29
    3900,    3960,453.22,2932.5,4256.4,52.855, 430.55, 738.46
    3960,    4020,287.36,2828.1,3849.7,34.61, 415.94, 677.45
    4020,    4080,539.61,3339.6,4708.3,62.357, 487.55, 806.25
    4080,    4140,320.68,3127.8,4252.4,38.274, 457.89, 737.86
    4140,    4200,322.9,3281.8,4441.5,38.519, 479.45, 766.23
    4200,    4260,-9999,-9999,-9999,-9999, -9999, -9999
    4260,    4320,-9999,-9999,-9999,-9999, -9999, -9999
    4320,    4380,-9999,-9999,-9999,-9999, -9999, -9999
    4380,    4440,-9999,-9999,-9999,-9999, -9999, -9999
    4440,    4500,-9999,-9999,-9999,-9999, -9999, -9999
    4500,    4560,-9999,-9999,-9999,-9999, -9999, -9999
    4560,    4620,-9999,-9999,-9999,-9999, -9999, -9999
    4620,    4680,-9999,-9999,-9999,-9999, -9999, -9999
    4680,    4740,-9999,-9999,-9999,-9999, -9999, -9999
    4740,    4800,-9999,-9999,-9999,-9999, -9999, -9999
    4800,    4860,-9999,-9999,-9999,-9999, -9999, -9999
    4860,    4920,-9999,-9999,-9999,-9999, -9999, -9999
    4920,    4980,-9999,-9999,-9999,-9999, -9999, -9999
    4980,    5040,-9999,-9999,-9999,-9999, -9999, -9999
    5040,    5100,-9999,-9999,-9999,-9999, -9999, -9999
    5100,    5160,-9999,-9999,-9999,-9999, -9999, -9999
    5160,    5220,-9999,-9999,-9999,-9999, -9999, -9999
    5220,    5280,-9999,-9999,-9999,-9999, -9999, -9999
    5280,    5340,-9999,-9999,-9999,-9999, -9999, -9999
    5340,    5400,-9999,-9999,-9999,-9999, -9999, -9999
    5400,    5460,-9999,-9999,-9999,-9999, -9999, -9999
    5460,    5520,-9999,-9999,-9999,-9999, -9999, -9999
    5520,    5580,-9999,-9999,-9999,-9999, -9999, -9999
    5580,    5640,-9999,-9999,-9999,-9999, -9999, -9999
    5640,    5700,-9999,-9999,-9999,-9999, -9999, -9999
    5700,    5760,-9999,-9999,-9999,-9999, -9999, -9999
    5760,    5820,-9999,-9999,-9999,-9999, -9999, -9999
    5820,    5880,-9999,-9999,-9999,-9999, -9999, -9999
    5880,    5940,-9999,-9999,-9999,-9999, -9999, -9999
    5940,    6000,-9999,-9999,-9999,-9999, -9999, -9999
    6000,    6060,-9999,-9999,-9999,-9999, -9999, -9999
    6060,    6120,360.48,4891,6019.2,24.629, 460.19, 701.92
    6120,    6180,327.31,4310.9,5611.3,22.639, 407.98, 661.13
    6180,    6240,-9999,-9999,-9999,-9999, -9999, -9999
    6240,    6300,-9999,-9999,-9999,-9999, -9999, -9999
    6300,    6360,-9999,-9999,-9999,-9999, -9999, -9999
    6360,    6420,-9999,-9999,-9999,-9999, -9999, -9999
    6420,    6480,-9999,-9999,-9999,-9999, -9999, -9999
    6480,    6540,-9999,-9999,-9999,-9999, -9999, -9999
    6540,    6600,-9999,-9999,-9999,-9999, -9999, -9999
    6600,    6660,410.69,4772,6644.3,27.642, 449.48, 764.43
    6660,    6720,231.73,4527.6,5865.7,16.904, 427.48, 686.57
    6720,    6780,473.19,5170,6059.5,31.391, 485.3, 705.95
    6780,    6840,281.93,4987.3,6414.2,19.916, 468.86, 741.42
    6840,    6900,251.17,5336.4,6421.9,18.07, 500.28, 742.19
    6900,    6960,320.47,6547.7,7714.7,22.228, 609.3, 871.47
    6960,    7020,551.15,7428.3,8226,36.069, 688.54, 922.6
    7020,    7080,535.59,6876.7,8391.8,35.136, 638.91, 939.18
    7080,    7140,191.28,5420.3,6692.2,14.477, 507.83, 769.22
    7140,    7200,199.69,5504.2,6980.1,14.982, 515.38, 798.01
    7200,    7260,194.4,5731.5,6893.7,14.664, 535.84, 789.37
    7260,    7320,381.95,7473.4,7802.3,25.917, 692.61, 880.23
    7320,    7380,167.02,5740.2,7444.9,13.021, 536.61, 844.49
    7380,    7440,212.13,6160,7521.4,15.728, 574.4, 852.14
    7440,    7500,136.29,5495.4,6953.8,11.177, 514.59, 795.38
    7500,    7560,237.8,6342.7,7211.9,17.268, 590.85, 821.19
    7560,    7620,289.56,7488,8537.5,20.374, 693.92, 953.75
    7620,    7680,190.26,6714.9,8401.5,14.415, 624.35, 940.15
    7680,    7740,180.67,6458.2,8644,13.84, 601.24, 964.4
    7740,    7800,170.15,6791.4,7288.9,13.209, 631.23, 828.89
    7800,    7860,152.62,6946.1,8708.7,12.157, 645.15, 970.87
    7860,    7920,317.39,7266.7,8794.4,22.043, 674.01, 979.44
    7920,    7980,208.11,7000.7,9376.7,15.486, 650.06, 1037.7
    7980,    8040,146.41,6060.9,7384.1,11.784, 565.48, 838.41
    8040,    8100,154.8,6257.7,7927.5,12.288, 583.2, 892.75
    8100,    8160,87.782,6346,7268.7,8.2669, 591.14, 826.87
    8160,    8220,59.459,5488.5,6616.9,6.5675, 513.96, 761.69
    8220,    8280,108.23,6676.9,7341.2,9.4939, 620.92, 834.12
    8280,    8340,291.57,8445.4,8961,20.494, 780.09, 996.1
    8340,    8400,462.62,9936,10013,30.757, 914.24, 1101.3
    8400,    8460,580.02,9451.1,9921.3,37.801, 870.6, 1092.1
    8460,    8520,663.44,10085,11173,42.806, 927.63, 1217.3
    8520,    8580,440.88,8477.1,11015,29.453, 782.94, 1201.5
    8580,    8640,197.26,7841.7,10867,14.836, 725.75, 1186.7
    8640,    8700,97.287,7126.5,9888.2,8.8372, 661.38, 1088.8
    8700,    8760,414.58,8424.2,9140.9,27.875, 778.18, 1014.1
    8760,    8820,309.56,8614.1,10049,21.574, 795.27, 1104.9
    8820,    8880,141.98,7410.2,9230,11.519, 686.92, 1023
    8880,    8940,1793.5,11020,11533,110.61, 1011.8, 1253.3
    8940,    9000,265.8,7870,11604,18.948, 728.3, 1260.4
    9000,    9060,608.88,8849.6,10483,39.533, 816.47, 1148.3
    9060,    9120,861.97,11058,12958,54.718, 1015.2, 1395.8
    9120,    9180,700.92,12167,14026,45.055, 1115.1, 1502.6
    9180,    9240,357.47,11821,14378,24.448, 1083.8, 1537.8
    9240,    9300,573.86,10752,12888,37.432, 987.69, 1388.8
    9300,    9360,329.29,10220,12510,22.758, 939.78, 1351
    9360,    9420,322.74,10123,11510,22.364, 931.04, 1251
    9420,    9480,177.24,9543.1,11882,13.634, 878.88, 1288.2
    9480,    9540,146.14,9746.1,12388,11.768, 897.15, 1338.8
    9540,    9600,627.25,11586,12045,40.635, 1062.7, 1304.5
    9600,    9660,2089.7,17026,14994,128.38, 1552.3, 1599.4
    9660,    9720,1223.7,18170,17558,76.424, 1655.3, 1855.8
    9720,    9780,713.7,16940,19426,45.822, 1544.6, 2042.6
    9780,    9840,584.83,18232,18153,38.09, 1660.9, 1915.3
    9840,    9900,441.03,19071,18477,29.462, 1736.4, 1947.7
    9900,    9960,329.37,19385,19406,22.762, 1764.7, 2040.6
    9960,   10020,179.89,16802,18752,13.793, 1532.2, 1975.2
   10020,   10080,92.389,16656,19301,8.5434, 1519, 2030.1
   10080,   10140,162.67,15541,17135,12.76, 1418.7, 1813.5
   10140,   10200,52.735,15234,16154,6.1641, 1391, 1715.4
   10200,   10260,33.401,15291,16589,5.0041, 1396.2, 1758.9
   10260,   10320,26.065,16153,17159,4.5639, 1473.8, 1815.9
   10320,   10380,115.26,15589,17475,9.9158, 1423.1, 1847.5
   10380,   10440,626.11,15620,17670,40.566, 1425.8, 1867
   10440,   10500,547.8,13265,16600,35.868, 1213.8, 1760
   10500,   10560,248.09,13025,17443,17.885, 1192.3, 1844.3
   10560,   10620,186.72,12744,16744,14.203, 1166.9, 1774.4
   10620,   10680,213.65,11920,14758,15.819, 1092.8, 1575.8
   10680,   10740,170.69,10950,12964,13.241, 1005.5, 1396.4
   10740,   10800,231.24,11840,12815,16.874, 1085.6, 1381.5
   10800,   10860,1484.4,14506,14761,92.061, 1325.5, 1576.1
   10860,   10920,2881.6,18503,14973,175.9, 1685.2, 1597.3
   10920,   10980,1370.8,17333,15533,85.248, 1580, 1653.3
   10980,   11040,1122.6,18089,18770,70.353, 1648, 1977
   11040,   11100,341.78,15344,17553,23.507, 1400.9, 1855.3
   11100,   11160,59.218,12540,15293,6.5531, 1148.6, 1629.3
   11160,   11220,49.028,12884,14971,5.9417, 1179.6, 1597.1
   11220,   11280,42.956,12459,14561,5.5774, 1141.3, 1556.1
   11280,   11340,1302.5,13105,17179,81.15, 1199.5, 1817.9
   11340,   11400,710.87,10786,14851,45.652, 990.78, 1585.1
   11400,   11460,890.63,11196,14105,56.438, 1027.7, 1510.5
   11460,   11520,897.98,11146,13620,56.879, 1023.2, 1462
   11520,   11580,1145.6,11962,14767,71.734, 1096.6, 1576.7
   11580,   11640,267.53,9701.4,13411,19.052, 893.13, 1441.1
   11640,   11700,364.77,9992.7,12125,24.886, 919.34, 1312.5
   11700,   11760,6479.7,15153,12209,391.78, 1383.8, 1320.9
   11760,   11820,917.36,11060,14421,58.042, 1015.4, 1542.1
   11820,   11880,567.49,9753.2,12909,37.049, 897.79, 1390.9
   11880,   11940,996.51,10738,13094,62.791, 986.45, 1409.4
   11940,   12000,1569.1,11800,15413,97.145, 1082, 1641.3
   12000,   12060,236.16,8590.9,12970,17.17, 793.19, 1397
   12060,   12120,450.33,7108.2,10501,30.02, 659.74, 1150.1
   12120,   12180,2637.7,7048.8,11739,161.26, 654.39, 1273.9
   12180,   12240,1324.7,6626.9,12000,82.485, 616.42, 1300
   12240,   12300,626.44,5296.5,9322.5,40.587, 496.68, 1032.3
   12300,   12360,554.02,5622.1,8412.8,36.241, 525.98, 941.28
   12360,   12420,209.45,5543.5,7199.1,15.567, 518.92, 819.91
   12420,   12480,153.42,4330.4,6278.6,12.205, 409.74, 727.86
   12480,   12540,73.017,4160.4,5319.7,7.381, 394.44, 631.97
   12540,   12600,128.8,4165.9,5229.4,10.728, 394.93, 622.94
   12600,   12660,294.72,4328,5547,20.683, 409.52, 654.7
   12660,   12720,412.93,4746.7,5824.8,27.776, 447.21, 682.48
   12720,   12780,255.44,4086.4,5875.5,18.326, 387.78, 687.55
   12780,   12840,1595.4,5806.7,7008,98.723, 542.6, 800.8
   12840,   12900,543.99,5236.2,7508.1,35.639, 491.26, 850.81
   12900,   12960,563.81,6152.7,8554,36.829, 573.74, 955.4
   12960,   13020,404.96,5880.8,7908,27.298, 549.27, 890.8
   13020,   13080,244.99,5285.4,6874.2,17.699, 495.69, 787.42
   13080,   13140,87.281,4801.9,6150.3,8.2369, 452.17, 715.03
   13140,   13200,61.513,4703,6325.7,6.6908, 443.27, 732.57
   13200,   13260,103.32,4931.6,6046.6,9.1994, 463.84, 704.66
   13260,   13320,71.548,5239.5,6007.1,7.2929, 491.55, 700.71
   13320,   13380,25.276,4891.1,6313.8,4.5166, 460.2, 731.38
   13380,   13440,39.3,4886.6,6181.7,5.358, 459.79, 718.17
   13440,   13500,77.143,4919.3,6224.7,7.6286, 462.74, 722.47
   13500,   13560,87.489,5061.2,6365.9,8.2493, 475.51, 736.59
   13560,   13620,27.282,4622.7,6224.7,4.6369, 436.04, 722.47
   13620,   13680,21.55,4496.2,5752.5,4.293, 424.66, 675.25
   13680,   13740,21.621,4410.6,5811.7,4.2973, 416.95, 681.17
   13740,   13800,14.637,4142.9,5496.3,3.8782, 392.86, 649.63
   13800,   13860,18.111,4053.7,5031.6,4.0867, 384.83, 603.16
   13860,   13920,61.215,5926.2,6736.2,6.6729, 553.36, 773.62
   13920,   13980,2462.5,11257,8553.7,150.75, 1033.2, 955.37
   13980,   14040,884.08,6797.7,10801,56.045, 631.79, 1180.1
   14040,   14100,593.17,4715.4,7837.6,38.59, 444.38, 883.76
   14100,   14160,-9999,-9999,-9999,-9999, -9999, -9999
   14160,   14220,-9999,-9999,-9999,-9999, -9999, -9999
   14220,   14280,-9999,-9999,-9999,-9999, -9999, -9999
   14280,   14340,-9999,-9999,-9999,-9999, -9999, -9999
   14340,   14400,-9999,-9999,-9999,-9999, -9999, -9999
   14400,   14460,-9999,-9999,-9999,-9999, -9999, -9999
   14460,   14520,-9999,-9999,-9999,-9999, -9999, -9999
   14520,   14580,-9999,-9999,-9999,-9999, -9999, -9999
   14580,   14640,962.14,6584.5,7973.8,60.729, 612.6, 897.38
   14640,   14700,157.52,3406.8,5883.4,12.451, 326.61, 688.34
   14700,   14760,244.56,3617.8,4666.6,17.673, 345.6, 566.66
   14760,   14820,177.49,4049.4,5635.8,13.649, 384.45, 663.58
   14820,   14880,337.54,4478.5,6296.8,23.252, 423.06, 729.68
   14880,   14940,134.41,4506.8,5925.9,11.065, 425.62, 692.59
   14940,   15000,65.164,4971.4,5967.1,6.9099, 467.43, 696.71
   15000,   15060,30.976,5335.5,6336.1,4.8586, 500.2, 733.61
   15060,   15120,1284,7975.8,11488,80.038, 737.82, 1248.8
   15120,   15180,451.26,8300.3,10246,30.075, 767.02, 1124.6
   15180,   15240,229.35,8583.8,10420,16.761, 792.54, 1142
   15240,   15300,104.76,8859.3,10651,9.2856, 817.34, 1165.1
   15300,   15360,260.65,9505.1,11694,18.639, 875.46, 1269.4
   15360,   15420,209.66,9263.3,11666,15.579, 853.7, 1266.6
   15420,   15480,75.465,8740.2,10770,7.5279, 806.61, 1177
   15480,   15540,66.82,8542.3,10397,7.0092, 788.8, 1139.7
   15540,   15600,64.29,8949.7,10724,6.8574, 825.47, 1172.4
   15600,   15660,145.24,9448.1,11432,11.715, 870.33, 1243.2
   15660,   15720,200,9921,12018,15, 912.89, 1301.8
   15720,   15780,280.59,10536,12231,19.835, 968.27, 1323.1
   15780,   15840,248.65,10979,12927,17.919, 1008.1, 1392.7
   15840,   15900,193.4,10945,12953,14.604, 1005.1, 1395.3
   15900,   15960,222.59,10227,12753,16.356, 940.39, 1375.3
   15960,   16020,543.4,11148,12978,35.604, 1023.4, 1397.8
   16020,   16080,433.98,11370,13743,29.039, 1043.3, 1474.3
