CampaignData_and_Merges/R0/CSL_MobileLab_Parked/raw/20240818/USOS-jNO2_MobileLabGround_20240818_R0.ict
52,1001
Waxman, E.; Rollins, A.; Zuraski, K.; Chace, W.
NOAA Chemical Sciences Laboratory
jNO2 filter radiometer on CSL Mobile Lab
AMMBEC / USOS
1, 1
2024,08,18, 2025,04,01
60
Time_Start, seconds, number_of_seconds_since_0000_UTC
20
1, 1, 1, 1, 1, 1, 1, 1, 1, 1, 1, 1, 1, 1, 1, 1, 1, 1, 1, 1
-9999, -9999, -9999, -9999, -9999, -9999, -9999, -9999, -9999, -9999, -9999, -9999, -9999, -9999, -9999, -9999, -9999, -9999, -9999, -9999
Time_Stop, seconds, number_of_seconds_since_0000_UTC
jNO2_meas, per second, photolysis rate of NO2 measured using a filter radiometer.
jBrCl, per second, photolysis rate of BrCl -> Br + Cl calculated in TUV for cloud-free sky with local AOD
jBr2, per second, photolysis rate of Br2 -> Br + Br calculated in TUV for cloud-free sky with local AOD
jCCl4, per second, photolysis rate of CCl4 -> Products calcualted in TUV for cloud-free sky with local AOD
jCH2Oa, per second, photolysis rate of CH2O -> H + HCO calculated in TUV for cloud-free sky with local AOD
jCH2Ob, per second, photolysis rate of CH2O -> H2 + CO calculated in TUV for cloud-free sky with local AOD
jClNO2, per second, photolysis rate of ClNO2 -> Cl + NO2 calculated in TUV for cloud-free sky with local AOD
jClOa, per second, photolysis rate of ClO -> Cl + O(1D) calculated in TUV for cloud-free sky with local AOD
jClOb, per second, photolysis rate of ClO -> Cl + O(3P) calculated in TUV for cloud-free sky with local AOD
jCl2, per second, photolysis rate of Cl2 -> Cl + Cl calculated in TUV for cloud-free sky with local AOD
jHNO2, per second, photolysis rate of HNO2 -> OH + NO calculated in TUV for cloud-free sky with local AOD
jHNO3, per second, photolysis rate of HNO3 -> OH + NO2 calculated in TUV for cloud-free sky with local AOD
jI2, per second, photolysis rate of I2 -> I + I calculated in TUV for cloud-free sky with local AOD
jNO2, per second, photolysis rate of NO2 -> NO + O(3P) calculated in TUV for cloud-free sky with local AOD
jNO3a, per second, photolysis rate of NO3 -> NO + O2 calculated in TUV for cloud-free sky with local AOD
jNO3b, per second, photolysis rate of NO3 -> NO2 + O(3P) calculated in TUV for cloud-free sky with local AOD
jN2O5, per second, photolysis rate of N2O5 -> NO3 + NO + O(3P) calculated in TUV for cloud-free sky with local AOD
jO3, per second, photolysis rate of O3 -> O2 + O(1D) calculated in TUV for cloud-free sky with local AOD
AOD_500nm, unitless, UTC daily mean AOD at 500 nm from an AERONET station located at 40.178 N, -112.452 E
0
18
PI_CONTACT_INFO: eleanor.waxman@noaa.gov
PLATFORM: CSL Mobile Lab, at ground site
LOCATION: Salt Lake City, UT
ASSOCIATED_DATA:
INSTRUMENT_INFO: jNO2 filter radiometer.  TUV calculations are for mobile van lat/lon/altitude assuming clear sky (cloud AOD = 0) and daily mean AOD.
DATA_INFO:
UNCERTAINTY: Data uncertainties are +/- 20%.  These come from uncertainties in radiometer angular response, radiometer thermal response, local interferences from clouds/aerosols/shadows etc.
ULOD_FLAG: -7777
ULOD_VALUE: N/A
LLOD_FLAG: -8888
LLOD_VALUE: N/A
DM_CONTACT_INFO: eleanor.waxman@noaa.gov
PROJECT_INFO: USOS Project, July - August 2024
STIPULATIONS_ON_USE: Users are strongly encouraged to contact the PI for proper data usage.
OTHER_COMMENTS: 
REVISION: R0
R0: final data
Time_Start, Time_Stop, jNO2_meas, jBrCl, jBr2, jCCl4, jCH2Oa, jCH2Ob, jClNO2, jClOa, jClOb, jCl2, jHNO2, jHNO3, jI2, jNO2, jNO3a, jNO3b, jN2O5, jO3, AOD_500nm
[from data line 1079]
   64740,   64800,0.0081956,0.01004,0.03011,4.124e-23,3.005e-05,4.523e-05,0.0004448,1.896e-23,4.21e-05,0.002179,0.001422,5.312e-07,0.1063,0.008698,0.02039,0.164,3.971e-05,2.753e-05,0.053
   64800,   64860,0.0082031,0.01004,0.03012,4.312e-23,3.01e-05,4.528e-05,0.0004453,1.985e-23,4.223e-05,0.002181,0.001423,5.324e-07,0.1063,0.008704,0.02039,0.164,3.976e-05,2.762e-05,0.053
   64860,   64920,0.0082078,0.01005,0.03013,4.512e-23,3.014e-05,4.533e-05,0.0004458,2.08e-23,4.236e-05,0.002183,0.001424,5.336e-07,0.1063,0.00871,0.02039,0.1641,3.981e-05,2.771e-05,0.053
   64920,   64980,0.0082153,0.01005,0.03014,4.7e-23,3.019e-05,4.538e-05,0.0004463,2.168e-23,4.248e-05,0.002185,0.001425,5.347e-07,0.1063,0.008715,0.0204,0.1641,3.986e-05,2.78e-05,0.053
   64980,   65040,0.0082232,0.01006,0.03015,4.901e-23,3.023e-05,4.543e-05,0.0004467,2.266e-23,4.261e-05,0.002187,0.001426,5.359e-07,0.1064,0.008721,0.0204,0.1641,3.991e-05,2.788e-05,0.053
   65040,   65100,0.0082376,0.01006,0.03016,5.125e-23,3.028e-05,4.548e-05,0.0004472,2.371e-23,4.274e-05,0.002188,0.001427,5.37e-07,0.1064,0.008727,0.0204,0.1642,3.996e-05,2.797e-05,0.053
   65100,   65160,0.0082448,0.01007,0.03017,5.329e-23,3.032e-05,4.552e-05,0.0004477,2.468e-23,4.285e-05,0.00219,0.001428,5.381e-07,0.1064,0.008732,0.02041,0.1642,4.001e-05,2.805e-05,0.053
   65160,   65220,0.0082559,0.01007,0.03018,5.567e-23,3.037e-05,4.557e-05,0.0004481,2.581e-23,4.298e-05,0.002192,0.001429,5.392e-07,0.1064,0.008737,0.02041,0.1642,4.006e-05,2.813e-05,0.053
   65220,   65280,0.0082702,0.01008,0.03019,5.821e-23,3.041e-05,4.562e-05,0.0004486,2.701e-23,4.31e-05,0.002194,0.00143,5.403e-07,0.1065,0.008743,0.02041,0.1643,4.011e-05,2.822e-05,0.053
   65280,   65340,0.0082656,0.01008,0.0302,6.025e-23,3.045e-05,4.566e-05,0.000449,2.801e-23,4.321e-05,0.002195,0.001431,5.414e-07,0.1065,0.008748,0.02042,0.1643,4.015e-05,2.83e-05,0.053
   65340,   65400,0.0082709,0.01009,0.03021,6.288e-23,3.05e-05,4.571e-05,0.0004494,2.925e-23,4.333e-05,0.002197,0.001432,5.424e-07,0.1065,0.008753,0.02042,0.1643,4.02e-05,2.838e-05,0.053
   65400,   65460,0.008279,0.01009,0.03022,6.556e-23,3.054e-05,4.575e-05,0.0004499,3.054e-23,4.345e-05,0.002199,0.001433,5.435e-07,0.1065,0.008758,0.02042,0.1644,4.024e-05,2.846e-05,0.053
   65460,   65520,0.0082791,0.01009,0.03022,6.814e-23,3.058e-05,4.579e-05,0.0004503,3.179e-23,4.356e-05,0.0022,0.001434,5.445e-07,0.1065,0.008763,0.02043,0.1644,4.029e-05,2.853e-05,0.053
   65520,   65580,0.0082922,0.0101,0.03023,7.09e-23,3.062e-05,4.584e-05,0.0004507,3.308e-23,4.368e-05,0.002202,0.001435,5.455e-07,0.1066,0.008768,0.02043,0.1644,4.033e-05,2.861e-05,0.053
   65580,   65640,0.0082962,0.0101,0.03024,7.379e-23,3.066e-05,4.588e-05,0.0004511,3.447e-23,4.379e-05,0.002203,0.001436,5.466e-07,0.1066,0.008772,0.02043,0.1644,4.038e-05,2.869e-05,0.053
   65640,   65700,0.0083002,0.01011,0.03025,7.656e-23,3.07e-05,4.592e-05,0.0004515,3.579e-23,4.39e-05,0.002205,0.001437,5.475e-07,0.1066,0.008777,0.02044,0.1645,4.042e-05,2.876e-05,0.053
   65700,   65760,0.0083086,0.01011,0.03026,7.956e-23,3.074e-05,4.596e-05,0.0004519,3.723e-23,4.401e-05,0.002206,0.001437,5.485e-07,0.1066,0.008782,0.02044,0.1645,4.046e-05,2.884e-05,0.053
   65760,   65820,0.0083164,0.01011,0.03027,8.267e-23,3.078e-05,4.6e-05,0.0004523,3.872e-23,4.412e-05,0.002208,0.001438,5.495e-07,0.1066,0.008786,0.02044,0.1645,4.05e-05,2.891e-05,0.053
   65820,   65880,0.0083276,0.01012,0.03027,8.568e-23,3.081e-05,4.604e-05,0.0004527,4.016e-23,4.422e-05,0.002209,0.001439,5.504e-07,0.1067,0.008791,0.02044,0.1646,4.054e-05,2.899e-05,0.053
   65880,   65940,0.0083312,0.01012,0.03028,8.895e-23,3.085e-05,4.608e-05,0.0004531,4.173e-23,4.433e-05,0.002211,0.00144,5.514e-07,0.1067,0.008795,0.02045,0.1646,4.058e-05,2.906e-05,0.053
   65940,   66000,0.0083247,0.01012,0.03029,9.231e-23,3.089e-05,4.612e-05,0.0004535,4.334e-23,4.443e-05,0.002212,0.001441,5.524e-07,0.1067,0.0088,0.02045,0.1646,4.062e-05,2.913e-05,0.053
   66000,   66060,0.0083277,0.01013,0.0303,9.551e-23,3.092e-05,4.616e-05,0.0004539,4.487e-23,4.453e-05,0.002214,0.001441,5.532e-07,0.1067,0.008804,0.02045,0.1646,4.066e-05,2.92e-05,0.053
   66060,   66120,0.0083471,0.01013,0.0303,9.902e-23,3.096e-05,4.619e-05,0.0004542,4.656e-23,4.464e-05,0.002215,0.001442,5.542e-07,0.1067,0.008808,0.02045,0.1647,4.07e-05,2.927e-05,0.053
   66120,   66180,0.0083436,0.01013,0.03031,1.026e-22,3.1e-05,4.623e-05,0.0004546,4.828e-23,4.474e-05,0.002216,0.001443,5.551e-07,0.1067,0.008812,0.02046,0.1647,4.074e-05,2.934e-05,0.053
   66180,   66240,0.0083391,0.01014,0.03032,1.061e-22,3.103e-05,4.627e-05,0.0004549,4.993e-23,4.483e-05,0.002218,0.001444,5.559e-07,0.1068,0.008816,0.02046,0.1647,4.078e-05,2.94e-05,0.053
   66240,   66300,0.0083381,0.01014,0.03032,1.098e-22,3.106e-05,4.63e-05,0.0004553,5.173e-23,4.493e-05,0.002219,0.001444,5.568e-07,0.1068,0.00882,0.02046,0.1647,4.081e-05,2.947e-05,0.053
   66300,   66360,0.0083408,0.01014,0.03033,1.136e-22,3.11e-05,4.634e-05,0.0004556,5.356e-23,4.503e-05,0.00222,0.001445,5.577e-07,0.1068,0.008824,0.02046,0.1648,4.085e-05,2.954e-05,0.053
   66360,   66420,0.0083262,0.01015,0.03034,1.172e-22,3.113e-05,4.637e-05,0.000456,5.53e-23,4.512e-05,0.002222,0.001446,5.585e-07,0.1068,0.008828,0.02047,0.1648,4.088e-05,2.96e-05,0.053
   66420,   66480,0.0083309,0.01015,0.03034,1.212e-22,3.116e-05,4.641e-05,0.0004563,5.719e-23,4.521e-05,0.002223,0.001447,5.593e-07,0.1068,0.008832,0.02047,0.1648,4.092e-05,2.966e-05,0.053
   66480,   66540,0.0083346,0.01015,0.03035,1.252e-22,3.12e-05,4.644e-05,0.0004566,5.913e-23,4.53e-05,0.002224,0.001447,5.601e-07,0.1068,0.008836,0.02047,0.1648,4.096e-05,2.973e-05,0.053
   66540,   66600,0.0083324,0.01016,0.03036,1.29e-22,3.123e-05,4.647e-05,0.0004569,6.098e-23,4.539e-05,0.002225,0.001448,5.609e-07,0.1069,0.008839,0.02047,0.1648,4.099e-05,2.979e-05,0.053
   66600,   66660,0.0083327,0.01016,0.03036,1.332e-22,3.126e-05,4.651e-05,0.0004573,6.297e-23,4.548e-05,0.002227,0.001449,5.617e-07,0.1069,0.008843,0.02047,0.1649,4.102e-05,2.985e-05,0.053
   66660,   66720,0.0083391,0.01016,0.03037,1.373e-22,3.129e-05,4.654e-05,0.0004576,6.497e-23,4.557e-05,0.002228,0.001449,5.625e-07,0.1069,0.008847,0.02048,0.1649,4.106e-05,2.991e-05,0.053
   66720,   66780,0.008334,0.01017,0.03037,1.414e-22,3.132e-05,4.657e-05,0.0004579,6.69e-23,4.565e-05,0.002229,0.00145,5.632e-07,0.1069,0.00885,0.02048,0.1649,4.109e-05,2.997e-05,0.053
   66780,   66840,0.0083381,0.01017,0.03038,1.457e-22,3.135e-05,4.66e-05,0.0004582,6.898e-23,4.574e-05,0.00223,0.00145,5.64e-07,0.1069,0.008854,0.02048,0.1649,4.112e-05,3.002e-05,0.053
   66840,   66900,0.0083336,0.01017,0.03039,1.5e-22,3.138e-05,4.663e-05,0.0004585,7.109e-23,4.582e-05,0.002231,0.001451,5.647e-07,0.1069,0.008857,0.02048,0.1649,4.115e-05,3.008e-05,0.053
   66900,   66960,0.0083245,0.01017,0.03039,1.542e-22,3.14e-05,4.666e-05,0.0004588,7.309e-23,4.59e-05,0.002232,0.001452,5.654e-07,0.1069,0.00886,0.02048,0.165,4.118e-05,3.014e-05,0.053
   66960,   67020,0.0083161,0.01018,0.0304,1.587e-22,3.143e-05,4.669e-05,0.000459,7.524e-23,4.598e-05,0.002233,0.001452,5.662e-07,0.107,0.008863,0.02049,0.165,4.121e-05,3.019e-05,0.053
   67020,   67080,0.0083395,0.01018,0.0304,1.631e-22,3.146e-05,4.672e-05,0.0004593,7.738e-23,4.606e-05,0.002234,0.001453,5.669e-07,0.107,0.008867,0.02049,0.165,4.124e-05,3.025e-05,0.053
   67080,   67140,0.0083299,0.01018,0.03041,1.674e-22,3.148e-05,4.674e-05,0.0004596,7.944e-23,4.613e-05,0.002235,0.001453,5.675e-07,0.107,0.00887,0.02049,0.165,4.127e-05,3.03e-05,0.053
   67140,   67200,0.0083632,0.01018,0.03041,1.719e-22,3.151e-05,4.677e-05,0.0004599,8.164e-23,4.621e-05,0.002236,0.001454,5.682e-07,0.107,0.008873,0.02049,0.165,4.13e-05,3.035e-05,0.053
   67200,   67260,0.0083872,0.01019,0.03042,1.765e-22,3.154e-05,4.68e-05,0.0004601,8.386e-23,4.629e-05,0.002237,0.001455,5.689e-07,0.107,0.008876,0.02049,0.165,4.133e-05,3.04e-05,0.053
   67260,   67320,0.0083899,0.01019,0.03042,1.809e-22,3.156e-05,4.682e-05,0.0004604,8.596e-23,4.635e-05,0.002238,0.001455,5.695e-07,0.107,0.008878,0.0205,0.1651,4.135e-05,3.045e-05,0.053
   67320,   67380,0.0083935,0.01019,0.03043,1.855e-22,3.159e-05,4.685e-05,0.0004606,8.82e-23,4.643e-05,0.002239,0.001456,5.701e-07,0.107,0.008881,0.0205,0.1651,4.138e-05,3.05e-05,0.053
   67380,   67440,0.008388,0.01019,0.03043,1.901e-22,3.161e-05,4.687e-05,0.0004609,9.041e-23,4.65e-05,0.00224,0.001456,5.707e-07,0.107,0.008884,0.0205,0.1651,4.14e-05,3.055e-05,0.053
   67440,   67500,0.0084054,0.0102,0.03044,1.945e-22,3.163e-05,4.69e-05,0.0004611,9.253e-23,4.656e-05,0.002241,0.001457,5.713e-07,0.1071,0.008887,0.0205,0.1651,4.143e-05,3.059e-05,0.053
   67500,   67560,0.0084152,0.0102,0.03044,1.992e-22,3.165e-05,4.692e-05,0.0004613,9.479e-23,4.663e-05,0.002242,0.001457,5.719e-07,0.1071,0.008889,0.0205,0.1651,4.145e-05,3.064e-05,0.053
   67560,   67620,0.008429,0.0102,0.03045,2.039e-22,3.168e-05,4.694e-05,0.0004616,9.705e-23,4.67e-05,0.002243,0.001458,5.725e-07,0.1071,0.008892,0.0205,0.1651,4.148e-05,3.068e-05,0.053
   67620,   67680,0.0084467,0.0102,0.03045,2.083e-22,3.17e-05,4.696e-05,0.0004618,9.917e-23,4.676e-05,0.002244,0.001458,5.73e-07,0.1071,0.008894,0.0205,0.1651,4.15e-05,3.072e-05,0.053
   67680,   67740,0.0084574,0.0102,0.03045,2.128e-22,3.172e-05,4.699e-05,0.000462,1.014e-22,4.682e-05,0.002244,0.001458,5.736e-07,0.1071,0.008897,0.02051,0.1652,4.152e-05,3.077e-05,0.053
   67740,   67800,0.0084676,0.01021,0.03046,2.175e-22,3.174e-05,4.701e-05,0.0004622,1.036e-22,4.688e-05,0.002245,0.001459,5.741e-07,0.1071,0.008899,0.02051,0.1652,4.155e-05,3.081e-05,0.053
   67800,   67860,0.0084707,0.01021,0.03046,2.218e-22,3.176e-05,4.703e-05,0.0004624,1.057e-22,4.694e-05,0.002246,0.001459,5.746e-07,0.1071,0.008901,0.02051,0.1652,4.157e-05,3.085e-05,0.053
   67860,   67920,0.0084733,0.01021,0.03047,2.264e-22,3.178e-05,4.705e-05,0.0004626,1.079e-22,4.7e-05,0.002247,0.00146,5.752e-07,0.1071,0.008904,0.02051,0.1652,4.159e-05,3.089e-05,0.053
   67920,   67980,0.0084652,0.01021,0.03047,2.31e-22,3.18e-05,4.707e-05,0.0004628,1.101e-22,4.705e-05,0.002247,0.00146,5.757e-07,0.1071,0.008906,0.02051,0.1652,4.161e-05,3.093e-05,0.053
   67980,   68040,0.008463,0.01021,0.03047,2.352e-22,3.182e-05,4.709e-05,0.000463,1.122e-22,4.711e-05,0.002248,0.00146,5.761e-07,0.1071,0.008908,0.02051,0.1652,4.163e-05,3.096e-05,0.053
   68040,   68100,0.008483,0.01021,0.03048,2.396e-22,3.184e-05,4.711e-05,0.0004632,1.143e-22,4.716e-05,0.002249,0.001461,5.766e-07,0.1071,0.00891,0.02051,0.1652,4.165e-05,3.1e-05,0.053
   68100,   68160,0.0084939,0.01022,0.03048,2.44e-22,3.185e-05,4.713e-05,0.0004633,1.165e-22,4.721e-05,0.002249,0.001461,5.771e-07,0.1072,0.008912,0.02052,0.1652,4.167e-05,3.104e-05,0.053
   68160,   68220,0.008505,0.01022,0.03048,2.481e-22,3.187e-05,4.714e-05,0.0004635,1.184e-22,4.726e-05,0.00225,0.001462,5.775e-07,0.1072,0.008914,0.02052,0.1653,4.169e-05,3.107e-05,0.053
   68220,   68280,0.0085194,0.01022,0.03049,2.524e-22,3.189e-05,4.716e-05,0.0004637,1.205e-22,4.731e-05,0.002251,0.001462,5.779e-07,0.1072,0.008916,0.02052,0.1653,4.17e-05,3.11e-05,0.053
   68280,   68340,0.0085352,0.01022,0.03049,2.567e-22,3.19e-05,4.718e-05,0.0004638,1.226e-22,4.736e-05,0.002251,0.001462,5.783e-07,0.1072,0.008918,0.02052,0.1653,4.172e-05,3.114e-05,0.053
   68340,   68400,0.0085519,0.01022,0.03049,2.606e-22,3.192e-05,4.719e-05,0.000464,1.245e-22,4.74e-05,0.002252,0.001463,5.787e-07,0.1072,0.00892,0.02052,0.1653,4.174e-05,3.117e-05,0.053
   68400,   68460,0.0085543,0.01022,0.03049,2.646e-22,3.193e-05,4.721e-05,0.0004641,1.264e-22,4.744e-05,0.002252,0.001463,5.791e-07,0.1072,0.008921,0.02052,0.1653,4.175e-05,3.12e-05,0.053
   68460,   68520,0.0085549,0.01022,0.0305,2.686e-22,3.195e-05,4.722e-05,0.0004643,1.283e-22,4.749e-05,0.002253,0.001463,5.795e-07,0.1072,0.008923,0.02052,0.1653,4.177e-05,3.123e-05,0.053
   68520,   68580,0.0085616,0.01023,0.0305,2.722e-22,3.196e-05,4.724e-05,0.0004644,1.301e-22,4.753e-05,0.002253,0.001463,5.798e-07,0.1072,0.008924,0.02052,0.1653,4.178e-05,3.125e-05,0.053
   68580,   68640,0.0085809,0.01023,0.0305,2.761e-22,3.197e-05,4.725e-05,0.0004646,1.32e-22,4.757e-05,0.002254,0.001464,5.802e-07,0.1072,0.008926,0.02052,0.1653,4.18e-05,3.128e-05,0.053
   68640,   68700,0.0085988,0.01023,0.03051,2.798e-22,3.199e-05,4.726e-05,0.0004647,1.337e-22,4.76e-05,0.002254,0.001464,5.805e-07,0.1072,0.008927,0.02052,0.1653,4.181e-05,3.131e-05,0.053
   68700,   68760,0.0086066,0.01023,0.03051,2.83e-22,3.2e-05,4.727e-05,0.0004648,1.353e-22,4.764e-05,0.002255,0.001464,5.808e-07,0.1072,0.008929,0.02052,0.1653,4.182e-05,3.133e-05,0.053
   68760,   68820,0.00861,0.01023,0.03051,2.865e-22,3.201e-05,4.729e-05,0.0004649,1.37e-22,4.767e-05,0.002255,0.001464,5.811e-07,0.1072,0.00893,0.02053,0.1653,4.184e-05,3.135e-05,0.053
   68820,   68880,0.0086141,0.01023,0.03051,2.899e-22,3.202e-05,4.73e-05,0.0004651,1.387e-22,4.771e-05,0.002256,0.001465,5.814e-07,0.1072,0.008931,0.02053,0.1653,4.185e-05,3.138e-05,0.053
   68880,   68940,0.0086077,0.01023,0.03051,2.93e-22,3.203e-05,4.731e-05,0.0004652,1.401e-22,4.774e-05,0.002256,0.001465,5.817e-07,0.1072,0.008933,0.02053,0.1654,4.186e-05,3.14e-05,0.053
   68940,   69000,0.0086028,0.01023,0.03052,2.961e-22,3.204e-05,4.732e-05,0.0004653,1.417e-22,4.777e-05,0.002257,0.001465,5.819e-07,0.1072,0.008934,0.02053,0.1654,4.187e-05,3.142e-05,0.053
   69000,   69060,0.0086042,0.01023,0.03052,2.991e-22,3.205e-05,4.733e-05,0.0004654,1.431e-22,4.78e-05,0.002257,0.001465,5.822e-07,0.1072,0.008935,0.02053,0.1654,4.188e-05,3.144e-05,0.053
   69060,   69120,0.008609,0.01024,0.03052,3.016e-22,3.206e-05,4.734e-05,0.0004654,1.443e-22,4.782e-05,0.002257,0.001466,5.824e-07,0.1072,0.008936,0.02053,0.1654,4.189e-05,3.146e-05,0.053
   69120,   69180,0.008612,0.01024,0.03052,3.043e-22,3.207e-05,4.735e-05,0.0004655,1.457e-22,4.785e-05,0.002258,0.001466,5.826e-07,0.1072,0.008937,0.02053,0.1654,4.19e-05,3.147e-05,0.053
   69180,   69240,0.0086124,0.01024,0.03052,3.069e-22,3.208e-05,4.736e-05,0.0004656,1.469e-22,4.787e-05,0.002258,0.001466,5.829e-07,0.1073,0.008938,0.02053,0.1654,4.191e-05,3.149e-05,0.053
   69240,   69300,0.0086196,0.01024,0.03052,3.092e-22,3.208e-05,4.736e-05,0.0004657,1.48e-22,4.789e-05,0.002258,0.001466,5.83e-07,0.1073,0.008938,0.02053,0.1654,4.192e-05,3.15e-05,0.053
   69300,   69360,0.0086317,0.01024,0.03052,3.114e-22,3.209e-05,4.737e-05,0.0004658,1.491e-22,4.791e-05,0.002258,0.001466,5.832e-07,0.1073,0.008939,0.02053,0.1654,4.192e-05,3.152e-05,0.053
   69360,   69420,0.0086376,0.01024,0.03053,3.134e-22,3.21e-05,4.738e-05,0.0004658,1.501e-22,4.793e-05,0.002259,0.001466,5.834e-07,0.1073,0.00894,0.02053,0.1654,4.193e-05,3.153e-05,0.053
   69420,   69480,0.0086379,0.01024,0.03053,3.152e-22,3.21e-05,4.738e-05,0.0004659,1.509e-22,4.795e-05,0.002259,0.001466,5.835e-07,0.1073,0.008941,0.02053,0.1654,4.194e-05,3.154e-05,0.053
   69480,   69540,0.0086395,0.01024,0.03053,3.17e-22,3.211e-05,4.739e-05,0.0004659,1.518e-22,4.796e-05,0.002259,0.001467,5.837e-07,0.1073,0.008941,0.02053,0.1654,4.194e-05,3.155e-05,0.053
   69540,   69600,0.0086508,0.01024,0.03053,3.186e-22,3.211e-05,4.739e-05,0.000466,1.526e-22,4.798e-05,0.002259,0.001467,5.838e-07,0.1073,0.008942,0.02053,0.1654,4.195e-05,3.156e-05,0.053
   69600,   69660,0.0086501,0.01024,0.03053,3.2e-22,3.212e-05,4.74e-05,0.000466,1.532e-22,4.799e-05,0.002259,0.001467,5.839e-07,0.1073,0.008942,0.02053,0.1654,4.195e-05,3.157e-05,0.053
   69660,   69720,0.0086445,0.01024,0.03053,3.213e-22,3.212e-05,4.74e-05,0.0004661,1.539e-22,4.8e-05,0.00226,0.001467,5.84e-07,0.1073,0.008943,0.02053,0.1654,4.196e-05,3.158e-05,0.053
   69720,   69780,0.0086481,0.01024,0.03053,3.222e-22,3.212e-05,4.741e-05,0.0004661,1.543e-22,4.801e-05,0.00226,0.001467,5.841e-07,0.1073,0.008943,0.02053,0.1654,4.196e-05,3.159e-05,0.053
