CampaignData_and_Merges/R0/CSL_MobileLab_Parked/raw/20240818/USOS-NOy-LIF_MobileLabGround_20240818_R0.ict
39,1001
Rollins, A.; Waxman, E.; Zuraski, K.; Chace, W.
NOAA Chemical Sciences Laboratory
LIF NO/NOx/NOy on CSL Mobile Lab
AMMBEC / USOS
1, 1
2024,08,18, 2025,01,06
1
Time_Start, seconds, number_of_seconds_since_0000_UTC
7
1, 1, 1, 1, 1, 1, 1
-9999, -9999, -9999, -9999, -9999, -9999, -9999
Time_Stop, seconds, number_of_seconds_since_0000_UTC
NO_LIF, pptv, Gas_NO_InSitu_S_AVMR, volume mixing ratio of nitric oxide in air
NO2_LIF, pptv, Gas_NO2_InSitu_S_AVMR, volume mixing ratio of nitrogen dioxide in air
NOy_LIF, pptv, Gas_NOy_InSitu_S_AVMR, volume mixing ratio of total oxidized nitrogen in air
NO_LIF_1SigmaAccuracy, pptv, Gas_NO_InSitu_S_AVMR, volume mixing ratio of nitric oxide in air
NO2_LIF_1SigmaAccuracy, pptv, Gas_NO2_InSitu_S_AVMR, volume mixing ratio of nitrogen dioxide in air
NOy_LIF_1SigmaAccuracy, pptv, Gas_NOy_InSitu_S_AVMR, volume mixing ratio of total oxidized nitrogen in air
0
18
PI_CONTACT_INFO: andrew.rollins@noaa.gov
PLATFORM: CSL Mobile Lab
LOCATION: Salt Lake City, UT
ASSOCIATED_DATA:
INSTRUMENT_INFO: NO detection by laser induced fluorescence. NO2 detection by photolytic conversion to NO. NOy detection by catalytic conversion to NO on gold surface
DATA_INFO:
UNCERTAINTY: Included 1 Sigma Accuracy waves represent the combined calibration uncertainties (±6%, ±9%, ±10%) and zero uncertainties (3 ppt, 20 ppt, 100 ppt) for NO, NO2, and NOy, respectively.
ULOD_FLAG: -7777
ULOD_VALUE: N/A
LLOD_FLAG: -8888
LLOD_VALUE: N/A
DM_CONTACT_INFO: andrew.rollins@noaa.gov
PROJECT_INFO: USOS Project, July - August 2024
STIPULATIONS_ON_USE: Users are strongly encouraged to contact the PI for proper data usage.
OTHER_COMMENTS: 5% additional uncertainty included in 1 Sigma Accuracy waves for 0000-0130 UTC due to data saving issue
REVISION: R0
R0: final data
Time_Start, Time_Stop, NO_LIF, NO2_LIF, NOy_LIF, NO_LIF_1SigmaAccuracy, NO2_LIF_1SigmaAccuracy, NOy_LIF_1SigmaAccuracy
[from data line 1058]
   63480,   63540,1123.9,2844,4627.7,70.432, 275.96, 562.77
   63540,   63600,1519.5,3722.7,5433.9,94.173, 355.05, 643.39
   63600,   63660,1063.2,2512.4,5126.1,66.793, 246.11, 612.61
   63660,   63720,2163.9,4134.8,5225.7,132.83, 392.13, 622.57
   63720,   63780,639.19,2064.4,4094.3,41.351, 205.8, 509.43
   63780,   63840,688.95,2111.6,4029,44.337, 210.05, 502.9
   63840,   63900,1576.1,3042.5,5732,97.565, 293.82, 673.2
   63900,   63960,1042.7,2563.4,4819.7,65.559, 250.71, 581.97
   63960,   64020,1320.6,3301.5,5137.1,82.238, 317.13, 613.71
   64020,   64080,606.91,1966,3674.6,39.415, 196.94, 467.46
   64080,   64140,588.46,1994.9,3673.8,38.308, 199.54, 467.38
   64140,   64200,631.66,2111.5,3912.5,40.9, 210.03, 491.25
   64200,   64260,592.08,1920.1,3626.1,38.525, 192.8, 462.61
   64260,   64320,650.42,1976.2,3545.7,42.025, 197.86, 454.57
   64320,   64380,525.18,1711.8,3191.8,34.511, 174.06, 419.18
   64380,   64440,954.84,2067,3425.6,60.29, 206.03, 442.56
   64440,   64500,811.31,2142.1,4121.6,51.679, 212.79, 512.16
   64500,   64560,493.97,1593,3050.6,32.638, 163.37, 405.06
   64560,   64620,436.33,1511.4,2911.3,29.18, 156.02, 391.13
   64620,   64680,552.87,1727.6,3121.7,36.172, 175.48, 412.17
   64680,   64740,1058.8,2618.5,4312.5,66.528, 255.66, 531.25
   64740,   64800,1051.4,2490.8,4529.2,66.086, 244.17, 552.92
   64800,   64860,2518.1,4184.8,6910.4,154.08, 396.63, 791.04
   64860,   64920,1144.4,3009.5,5482.7,71.666, 290.85, 648.27
   64920,   64980,911.02,2611.8,4244.2,57.661, 255.06, 524.42
   64980,   65040,2148.8,5041.6,7931.5,131.93, 473.74, 893.15
   65040,   65100,908.34,2743.6,4655,57.5, 266.93, 565.5
   65100,   65160,636.89,2063.2,3681.3,41.213, 205.69, 468.13
   65160,   65220,536.89,1758.2,3183.3,35.214, 178.24, 418.33
   65220,   65280,665.42,2052.4,3500.3,42.925, 204.72, 450.03
   65280,   65340,705.17,2115.6,3496,45.31, 210.4, 449.6
   65340,   65400,593.1,1824.3,3221,38.586, 184.19, 422.1
   65400,   65460,638.38,1988.5,3352.5,41.303, 198.97, 435.25
   65460,   65520,649.93,2029.7,3409.6,41.996, 202.67, 440.96
   65520,   65580,847.24,1913.4,3550.1,53.834, 192.21, 455.01
   65580,   65640,729.65,1859.7,3671.7,46.779, 187.37, 467.17
   65640,   65700,529.11,1656.1,2937.9,34.747, 169.05, 393.79
   65700,   65760,517.6,1634,2875.1,34.056, 167.06, 387.51
   65760,   65820,502.72,1600.8,2825.3,33.163, 164.07, 382.53
   65820,   65880,784.3,2081.9,3663.7,50.058, 207.37, 466.37
   65880,   65940,496.38,1614.8,2873.6,32.783, 165.34, 387.36
   65940,   66000,442.16,1403.7,2525.7,29.529, 146.34, 352.57
   66000,   66060,500.55,1557.3,2697.6,33.033, 160.16, 369.76
   66060,   66120,564.58,1592.2,2883.2,36.875, 163.29, 388.32
   66120,   66180,694.69,1647.7,3246.8,44.681, 168.29, 424.68
   66180,   66240,603.26,1630.1,2941.7,39.196, 166.71, 394.17
   66240,   66300,798.38,1999.9,3571.5,50.903, 199.99, 457.15
   66300,   66360,607.01,1877.8,3284.1,39.421, 189, 428.41
   66360,   66420,519.66,1671.5,2957.3,34.18, 170.43, 395.73
   66420,   66480,490.15,1636.5,2932.2,32.409, 167.29, 393.22
   66480,   66540,514.5,1650.6,2948.8,33.87, 168.55, 394.88
   66540,   66600,479.47,1605.2,2984,31.768, 164.47, 398.4
   66600,   66660,419.93,1280.2,2399.1,28.196, 135.22, 339.91
   66660,   66720,464.23,1507.4,2725.3,30.854, 155.67, 372.53
   66720,   66780,515.07,1582.2,2859.8,33.904, 162.4, 385.98
   66780,   66840,495.67,1641.1,2935.8,32.74, 167.7, 393.58
   66840,   66900,635.99,1904.8,3280.3,41.16, 191.44, 428.03
   66900,   66960,562.15,1700.2,2949.6,36.729, 173.02, 394.96
   66960,   67020,492.76,1624.3,2790.3,32.566, 166.19, 379.03
   67020,   67080,688.74,2096.4,3723.2,44.325, 208.68, 472.32
   67080,   67140,617.11,1969.5,3420.7,40.027, 197.25, 442.07
   67140,   67200,597.53,1980.3,3319.6,38.852, 198.22, 431.96
   67200,   67260,1141.8,3016.6,4819.9,71.51, 291.49, 581.99
   67260,   67320,900.83,2492.3,4377,57.05, 244.3, 537.7
   67320,   67380,1008.6,2180.8,4177.2,63.514, 216.27, 517.72
   67380,   67440,1115.7,1990,3323,69.942, 199.1, 432.3
   67440,   67500,677.83,1747.4,3094.6,43.67, 177.27, 409.46
   67500,   67560,396.46,1238.7,2234.6,26.788, 131.48, 323.46
   67560,   67620,321.73,1071.7,1935.9,22.304, 116.46, 293.59
   67620,   67680,393.67,1259.6,2179.4,26.62, 133.36, 317.94
   67680,   67740,436.37,1390.5,2433,29.182, 145.15, 343.3
   67740,   67800,535.77,1606.3,2728.4,35.146, 164.56, 372.84
   67800,   67860,360.12,1130,1984.6,24.607, 121.7, 298.46
   67860,   67920,325.33,977.36,1761.8,22.52, 107.96, 276.18
   67920,   67980,266.52,864.87,1560.3,18.991, 97.839, 256.03
   67980,   68040,329.55,851.15,1604.9,22.773, 96.603, 260.49
   68040,   68100,1394.1,1954.6,3680,86.647, 195.91, 468
   68100,   68160,497.65,1321.3,2346.1,32.859, 138.92, 334.61
   68160,   68220,579.77,1475.4,2606.5,37.786, 152.79, 360.65
   68220,   68280,336.42,1068.6,2013.3,23.185, 116.17, 301.33
   68280,   68340,408.45,1142.9,1940,27.507, 122.86, 294
   68340,   68400,411.65,1141.3,2045.1,27.699, 122.72, 304.51
   68400,   68460,575.09,1448.6,2511.3,37.505, 150.37, 351.13
   68460,   68520,405.35,1100,2035.4,27.321, 119, 303.54
   68520,   68580,415.82,1126.2,1931,27.949, 121.36, 293.1
   68580,   68640,660.87,1330.2,2306.7,42.652, 139.72, 330.67
   68640,   68700,1603.3,2690.7,4770.5,99.198, 262.16, 577.05
   68700,   68760,351.53,988.9,1988.7,24.092, 109, 298.87
   68760,   68820,248.05,780.39,1448.4,17.883, 90.235, 244.84
   68820,   68880,347.22,848.48,1744.4,23.833, 96.364, 274.44
   68880,   68940,404.06,943.72,1823.9,27.243, 104.93, 282.39
   68940,   69000,1360.2,1898.6,3804.6,84.613, 190.87, 480.46
   69000,   69060,1028.6,1766.7,2936.9,64.715, 179, 393.69
   69060,   69120,387,1157.6,2103.8,26.22, 124.18, 310.38
   69120,   69180,435.54,1057.8,1959.2,29.132, 115.2, 295.92
   69180,   69240,273.63,856.23,1572.4,19.418, 97.061, 257.24
   69240,   69300,297.91,912.55,1739.5,20.875, 102.13, 273.95
   69300,   69360,295.46,932.59,1773.4,20.728, 103.93, 277.34
   69360,   69420,1522.8,1810,3621,94.369, 182.9, 462.1
   69420,   69480,493.29,1118.2,2036.1,32.597, 120.64, 303.61
   69480,   69540,393.58,1134.7,1980.4,26.615, 122.12, 298.04
   69540,   69600,333.37,994.46,1903.9,23.002, 109.5, 290.39
   69600,   69660,294.09,834.32,1620.8,20.646, 95.088, 262.08
   69660,   69720,241.73,765.68,1584.7,17.504, 88.911, 258.47
   69720,   69780,324.4,879.38,1737.2,22.464, 99.144, 273.72
   69780,   69840,560.82,1140.5,2256.8,36.649, 122.65, 325.68
   69840,   69900,570.9,1196.6,2405.7,37.254, 127.69, 340.57
   69900,   69960,412.32,910.31,1685.8,27.739, 101.93, 268.58
   69960,   70020,-9999,-9999,-9999,-9999, -9999, -9999
   70020,   70080,-9999,-9999,-9999,-9999, -9999, -9999
   70080,   70140,-9999,-9999,-9999,-9999, -9999, -9999
   70140,   70200,-9999,-9999,-9999,-9999, -9999, -9999
   70200,   70260,-9999,-9999,-9999,-9999, -9999, -9999
   70260,   70320,-9999,-9999,-9999,-9999, -9999, -9999
   70320,   70380,-9999,-9999,-9999,-9999, -9999, -9999
   70380,   70440,817.9,1879.1,3053.8,52.074, 189.12, 405.38
   70440,   70500,531.33,1392.8,2611.5,34.88, 145.35, 361.15
   70500,   70560,253.92,752.68,1558.6,18.235, 87.741, 255.86
   70560,   70620,304.55,640.65,1362.7,21.273, 77.658, 236.27
   70620,   70680,237.72,776.1,1475.1,17.263, 89.849, 247.51
   70680,   70740,440.2,1184.9,2209,29.412, 126.64, 320.9
   70740,   70800,846.95,2010.8,3158.9,53.817, 200.97, 415.89
   70800,   70860,411.64,1583.1,2667,27.699, 162.48, 366.7
   70860,   70920,213.82,1001.1,1816.3,15.829, 110.1, 281.63
   70920,   70980,185.09,941.58,1568.2,14.105, 104.74, 256.82
   70980,   71040,154.02,807.7,1482.1,12.241, 92.693, 248.21
   71040,   71100,347.65,1062.9,2138.5,23.859, 115.66, 313.85
   71100,   71160,716.57,1674.9,3153,45.994, 170.74, 415.3
   71160,   71220,458.15,1652.8,2721.5,30.489, 168.75, 372.15
   71220,   71280,451.18,1688.5,2605.6,30.071, 171.97, 360.56
   71280,   71340,752.94,1832.8,3257.7,48.176, 184.95, 425.77
   71340,   71400,375.75,1627.2,2428.5,25.545, 166.45, 342.85
   71400,   71460,363.46,2078.3,2978.1,24.808, 207.05, 397.81
   71460,   71520,439.42,2435.9,3378.2,29.365, 239.23, 437.82
   71520,   71580,456.91,1887.7,2908.1,30.415, 189.89, 390.81
   71580,   71640,469.28,2513.8,3437.9,31.157, 246.24, 443.79
   71640,   71700,317.84,1708.2,3011.7,22.07, 173.74, 401.17
   71700,   71760,346.95,1943.9,2821.1,23.817, 194.95, 382.11
   71760,   71820,226.89,1596.1,2337.8,16.613, 163.65, 333.78
   71820,   71880,219.74,1305.6,2138.7,16.185, 137.51, 313.87
   71880,   71940,232.53,1512.9,2352.2,16.952, 156.16, 335.22
   71940,   72000,265.31,1649.9,2437.2,18.918, 168.5, 343.72
   72000,   72060,303.6,1761.6,2587.1,21.216, 178.55, 358.71
   72060,   72120,281.95,1721.7,2571.2,19.917, 174.95, 357.12
   72120,   72180,304.83,1692.9,2587.3,21.29, 172.36, 358.73
   72180,   72240,420.48,1703.2,2597.9,28.229, 173.29, 359.79
   72240,   72300,299.2,1810.6,2690.1,20.952, 182.95, 369.01
   72300,   72360,585.85,2226.4,3460.7,38.151, 220.38, 446.07
   72360,   72420,306.06,1812.7,2669.9,21.364, 183.14, 366.99
   72420,   72480,406.31,1926.1,3379.4,27.379, 193.35, 437.94
   72480,   72540,370.42,1792.5,2605.4,25.225, 181.33, 360.54
   72540,   72600,424.92,2075,3064.6,28.495, 206.75, 406.46
   72600,   72660,223.33,1153.7,1901.3,16.4, 123.83, 290.13
   72660,   72720,197.07,1154.3,1872.9,14.824, 123.89, 287.29
   72720,   72780,245.44,1413.3,2113.2,17.726, 147.2, 311.32
   72780,   72840,277.16,1650.7,2503.9,19.63, 168.56, 350.39
   72840,   72900,276.07,1781.7,2593.1,19.564, 180.35, 359.31
   72900,   72960,1494.1,3072.4,4915.5,92.645, 296.52, 591.55
   72960,   73020,506.25,2345.9,4019.4,33.375, 231.13, 501.94
   73020,   73080,368.74,2275.7,3311.7,25.124, 224.82, 431.17
   73080,   73140,445.45,2470.8,3535.9,29.727, 242.37, 453.59
   73140,   73200,409.39,2430.7,3483.8,27.564, 238.77, 448.38
   73200,   73260,541.87,2779.3,3945.6,35.512, 270.13, 494.56
   73260,   73320,557.16,2896.7,3987.7,36.429, 280.7, 498.77
   73320,   73380,385.71,2345.1,3354,26.142, 231.06, 435.4
   73380,   73440,393.93,2355.4,3510.8,26.636, 231.99, 451.08
   73440,   73500,496.02,2642.2,3731.8,32.761, 257.8, 473.18
   73500,   73560,594.67,2899.7,4356.6,38.68, 280.97, 535.66
   73560,   73620,471.64,2666.8,3790.9,31.299, 260.01, 479.09
   73620,   73680,446.94,2690.7,3814.7,29.816, 262.16, 481.47
   73680,   73740,444.79,2740.5,3855.2,29.687, 266.65, 485.52
   73740,   73800,473.19,2867.7,4059.5,31.391, 278.09, 505.95
   73800,   73860,511.27,3015.8,4247,33.676, 291.43, 524.7
   73860,   73920,550.34,3080,4408.3,36.02, 297.2, 540.83
   73920,   73980,510.85,3127.3,4355.7,33.651, 301.46, 535.57
   73980,   74040,517.9,3078.7,4355,34.074, 297.08, 535.5
   74040,   74100,663.06,3602.9,4975.4,42.784, 344.26, 597.54
   74100,   74160,642.82,3634.9,5084.5,41.569, 347.14, 608.45
   74160,   74220,475.43,2904.7,4072.3,31.526, 281.43, 507.23
   74220,   74280,467.31,2901.8,4126.1,31.039, 281.17, 512.61
   74280,   74340,461.45,2948.1,4156.2,30.687, 285.33, 515.62
   74340,   74400,453.96,2887.1,4035.3,30.238, 279.84, 503.53
   74400,   74460,444.46,2794.4,3895.9,29.668, 271.5, 489.59
   74460,   74520,527.5,2880.5,4051.8,34.65, 279.24, 505.18
   74520,   74580,542.41,3005.9,4249.1,35.545, 290.54, 524.91
   74580,   74640,536.07,2860.3,4142.4,35.164, 277.43, 514.24
   74640,   74700,391.71,2536.9,3589.4,26.502, 248.32, 458.94
   74700,   74760,395.85,2539.4,3618.6,26.751, 248.55, 461.86
   74760,   74820,353.27,2404.2,3376.4,24.196, 236.38, 437.64
   74820,   74880,322.11,2322.1,3277,22.327, 228.99, 427.7
   74880,   74940,324.62,2244,3224.5,22.477, 221.96, 422.45
   74940,   75000,315.76,2271.9,3201,21.945, 224.47, 420.1
   75000,   75060,282.79,2144,3062.3,19.968, 212.96, 406.23
   75060,   75120,325.68,2438.3,3358.6,22.541, 239.44, 435.86
   75120,   75180,349.2,2503.2,3474,23.952, 245.29, 447.4
   75180,   75240,313.58,2339.1,3352.6,21.815, 230.52, 435.26
   75240,   75300,1490,3967,6230.4,92.402, 377.03, 723.04
   75300,   75360,456.23,2818.2,3987.6,30.374, 273.64, 498.76
   75360,   75420,499.07,3003.6,4089.1,32.944, 290.32, 508.91
   75420,   75480,475.23,2995.3,4323.1,31.514, 289.58, 532.31
   75480,   75540,366.59,2703.1,3693.9,24.995, 263.28, 469.39
   75540,   75600,420.83,2959.9,4000,28.25, 286.39, 500
   75600,   75660,388.73,2881.5,3888.6,26.324, 279.34, 488.86
   75660,   75720,530.68,3208.5,4553.2,34.841, 308.76, 555.32
   75720,   75780,584.54,3608.1,5043.7,38.072, 344.73, 604.37
   75780,   75840,488.98,3447.1,4857.3,32.339, 330.24, 585.73
   75840,   75900,531.97,3488.3,4740.4,34.918, 333.95, 574.04
   75900,   75960,373.55,2974.2,4090.7,25.413, 287.68, 509.07
   75960,   76020,364.35,2996.4,3998.8,24.861, 289.67, 499.88
   76020,   76080,429.63,3389.8,4510.4,28.778, 325.09, 551.04
   76080,   76140,407.75,3336.6,4463.9,27.465, 320.29, 546.39
   76140,   76200,400.9,3237.7,4281.5,27.054, 311.39, 528.15
   76200,   76260,844.1,3973.5,5323,53.646, 377.62, 632.3
   76260,   76320,756.98,3772.5,5043.8,48.419, 359.52, 604.38
   76320,   76380,575.09,3564.3,4807.8,37.505, 340.79, 580.78
   76380,   76440,442.02,3355.2,4461.8,29.521, 321.97, 546.18
   76440,   76500,756.93,3771.7,4676.4,48.416, 359.46, 567.64
   76500,   76560,885.35,4308.2,6132.1,56.121, 407.73, 713.21
   76560,   76620,730.54,4028.3,5990.9,46.832, 382.55, 699.09
   76620,   76680,616.28,3476.5,4867,39.977, 332.89, 586.7
   76680,   76740,527.38,3229,4426.7,34.643, 310.61, 542.67
   76740,   76800,615.86,3392.9,4626.8,39.951, 325.36, 562.68
   76800,   76860,669.79,3511.7,4971.9,43.187, 336.05, 597.19
   76860,   76920,535.38,3109.3,4262.6,35.123, 299.84, 526.26
   76920,   76980,591.45,3027.2,4268.6,38.487, 292.45, 526.86
   76980,   77040,605.5,2919.3,4233.4,39.33, 282.74, 523.34
   77040,   77100,703.61,2985.7,4329.2,45.217, 288.72, 532.92
   77100,   77160,536.35,2884.9,4254.9,35.181, 279.64, 525.49
   77160,   77220,572.2,3047.4,4113.3,37.332, 294.27, 511.33
   77220,   77280,630.83,3290.9,4722.4,40.85, 316.18, 572.24
   77280,   77340,651.81,3379.1,4961.3,42.109, 324.12, 596.13
   77340,   77400,511.9,3195.4,4489.6,33.714, 307.58, 548.96
   77400,   77460,1062.5,4400.4,6130.8,66.751, 416.04, 713.08
   77460,   77520,436.78,2920.7,4172,29.207, 282.86, 517.2
   77520,   77580,897.55,3403.9,5014.5,56.853, 326.35, 601.45
   77580,   77640,440.51,2952.5,4180.2,29.43, 285.73, 518.02
   77640,   77700,433.64,3064.5,4037.6,29.019, 295.8, 503.76
   77700,   77760,480.13,2894.1,3957.2,31.808, 280.47, 495.72
   77760,   77820,673.69,3692.1,4800.4,43.421, 352.29, 580.04
   77820,   77880,422.03,3115.7,4329.2,28.322, 300.42, 532.92
   77880,   77940,415.64,3346.2,4425.6,27.938, 321.16, 542.56
   77940,   78000,-9999,-9999,-9999,-9999, -9999, -9999
   78000,   78060,-9999,-9999,-9999,-9999, -9999, -9999
   78060,   78120,-9999,-9999,-9999,-9999, -9999, -9999
   78120,   78180,-9999,-9999,-9999,-9999, -9999, -9999
   78180,   78240,-9999,-9999,-9999,-9999, -9999, -9999
   78240,   78300,-9999,-9999,-9999,-9999, -9999, -9999
   78300,   78360,-9999,-9999,-9999,-9999, -9999, -9999
   78360,   78420,351.09,3231.6,4216.6,24.066, 310.84, 521.66
   78420,   78480,294.63,3114.2,4149,20.678, 300.28, 514.9
   78480,   78540,396.16,3603.4,4903.9,26.77, 344.3, 590.39
   78540,   78600,438.86,4049.9,5234.5,29.332, 384.49, 623.45
   78600,   78660,594.21,4336.3,5521.3,38.652, 410.27, 652.13
   78660,   78720,351.75,3549,4563.4,24.105, 339.41, 556.34
   78720,   78780,273.23,3175.5,4257.7,19.394, 305.8, 525.77
   78780,   78840,325.89,3073,4217.7,22.554, 296.57, 521.77
   78840,   78900,324.48,3325.3,4406.3,22.469, 319.27, 540.63
   78900,   78960,288.55,3208.4,4150,20.313, 308.75, 515
   78960,   79020,278.49,3240.7,4227.8,19.709, 311.67, 522.78
   79020,   79080,298.8,3221.2,4271.6,20.928, 309.91, 527.16
   79080,   79140,940.63,4232.4,5505.4,59.438, 400.91, 650.54
   79140,   79200,538.51,3846,5818.7,35.311, 366.14, 681.87
