CampaignData_and_Merges/R0/CSL_MobileLab_Parked/raw/20240818/USOS-jNO2_MobileLabGround_20240818_R0.ict
52,1001
Waxman, E.; Rollins, A.; Zuraski, K.; Chace, W.
NOAA Chemical Sciences Laboratory
jNO2 filter radiometer on CSL Mobile Lab
AMMBEC / USOS
1, 1
2024,08,18, 2025,04,01
60
Time_Start, seconds, number_of_seconds_since_0000_UTC
20
1, 1, 1, 1, 1, 1, 1, 1, 1, 1, 1, 1, 1, 1, 1, 1, 1, 1, 1, 1
-9999, -9999, -9999, -9999, -9999, -9999, -9999, -9999, -9999, -9999, -9999, -9999, -9999, -9999, -9999, -9999, -9999, -9999, -9999, -9999
Time_Stop, seconds, number_of_seconds_since_0000_UTC
jNO2_meas, per second, photolysis rate of NO2 measured using a filter radiometer.
jBrCl, per second, photolysis rate of BrCl -> Br + Cl calculated in TUV for cloud-free sky with local AOD
jBr2, per second, photolysis rate of Br2 -> Br + Br calculated in TUV for cloud-free sky with local AOD
jCCl4, per second, photolysis rate of CCl4 -> Products calcualted in TUV for cloud-free sky with local AOD
jCH2Oa, per second, photolysis rate of CH2O -> H + HCO calculated in TUV for cloud-free sky with local AOD
jCH2Ob, per second, photolysis rate of CH2O -> H2 + CO calculated in TUV for cloud-free sky with local AOD
jClNO2, per second, photolysis rate of ClNO2 -> Cl + NO2 calculated in TUV for cloud-free sky with local AOD
jClOa, per second, photolysis rate of ClO -> Cl + O(1D) calculated in TUV for cloud-free sky with local AOD
jClOb, per second, photolysis rate of ClO -> Cl + O(3P) calculated in TUV for cloud-free sky with local AOD
jCl2, per second, photolysis rate of Cl2 -> Cl + Cl calculated in TUV for cloud-free sky with local AOD
jHNO2, per second, photolysis rate of HNO2 -> OH + NO calculated in TUV for cloud-free sky with local AOD
jHNO3, per second, photolysis rate of HNO3 -> OH + NO2 calculated in TUV for cloud-free sky with local AOD
jI2, per second, photolysis rate of I2 -> I + I calculated in TUV for cloud-free sky with local AOD
jNO2, per second, photolysis rate of NO2 -> NO + O(3P) calculated in TUV for cloud-free sky with local AOD
jNO3a, per second, photolysis rate of NO3 -> NO + O2 calculated in TUV for cloud-free sky with local AOD
jNO3b, per second, photolysis rate of NO3 -> NO2 + O(3P) calculated in TUV for cloud-free sky with local AOD
jN2O5, per second, photolysis rate of N2O5 -> NO3 + NO + O(3P) calculated in TUV for cloud-free sky with local AOD
jO3, per second, photolysis rate of O3 -> O2 + O(1D) calculated in TUV for cloud-free sky with local AOD
AOD_500nm, unitless, UTC daily mean AOD at 500 nm from an AERONET station located at 40.178 N, -112.452 E
0
18
PI_CONTACT_INFO: eleanor.waxman@noaa.gov
PLATFORM: CSL Mobile Lab, at ground site
LOCATION: Salt Lake City, UT
ASSOCIATED_DATA:
INSTRUMENT_INFO: jNO2 filter radiometer.  TUV calculations are for mobile van lat/lon/altitude assuming clear sky (cloud AOD = 0) and daily mean AOD.
DATA_INFO:
UNCERTAINTY: Data uncertainties are +/- 20%.  These come from uncertainties in radiometer angular response, radiometer thermal response, local interferences from clouds/aerosols/shadows etc.
ULOD_FLAG: -7777
ULOD_VALUE: N/A
LLOD_FLAG: -8888
LLOD_VALUE: N/A
DM_CONTACT_INFO: eleanor.waxman@noaa.gov
PROJECT_INFO: USOS Project, July - August 2024
STIPULATIONS_ON_USE: Users are strongly encouraged to contact the PI for proper data usage.
OTHER_COMMENTS: 
REVISION: R0
R0: final data
Time_Start, Time_Stop, jNO2_meas, jBrCl, jBr2, jCCl4, jCH2Oa, jCH2Ob, jClNO2, jClOa, jClOb, jCl2, jHNO2, jHNO3, jI2, jNO2, jNO3a, jNO3b, jN2O5, jO3, AOD_500nm
[from data line 1250]
   75000,   75060,0.0025912,0.01007,0.03017,5.357e-23,3.033e-05,4.553e-05,0.0004477,2.482e-23,4.287e-05,0.00219,0.001428,5.383e-07,0.1064,0.008733,0.02041,0.1642,4.002e-05,2.806e-05,0.053
   75060,   75120,0.0025989,0.01006,0.03016,5.14e-23,3.028e-05,4.548e-05,0.0004473,2.378e-23,4.275e-05,0.002189,0.001427,5.371e-07,0.1064,0.008727,0.02041,0.1642,3.997e-05,2.798e-05,0.053
   75120,   75180,0.0026133,0.01006,0.03015,4.917e-23,3.024e-05,4.543e-05,0.0004468,2.273e-23,4.262e-05,0.002187,0.001426,5.36e-07,0.1064,0.008722,0.0204,0.1642,3.992e-05,2.789e-05,0.053
   75180,   75240,0.0026176,0.01006,0.03014,4.725e-23,3.019e-05,4.539e-05,0.0004463,2.18e-23,4.25e-05,0.002185,0.001426,5.349e-07,0.1063,0.008716,0.0204,0.1641,3.987e-05,2.781e-05,0.053
   75240,   75300,0.0026196,0.01005,0.03013,4.523e-23,3.015e-05,4.534e-05,0.0004458,2.085e-23,4.237e-05,0.002183,0.001424,5.337e-07,0.1063,0.008711,0.0204,0.1641,3.982e-05,2.772e-05,0.053
   75300,   75360,0.0026109,0.01005,0.03012,4.323e-23,3.01e-05,4.529e-05,0.0004454,1.99e-23,4.224e-05,0.002181,0.001423,5.325e-07,0.1063,0.008705,0.02039,0.1641,3.977e-05,2.763e-05,0.053
   75360,   75420,0.0025923,0.01004,0.03012,4.145e-23,3.005e-05,4.524e-05,0.0004449,1.906e-23,4.212e-05,0.002179,0.001422,5.314e-07,0.1063,0.008699,0.02039,0.164,3.972e-05,2.755e-05,0.053
   75420,   75480,0.0025587,0.01003,0.0301,3.839e-23,2.999e-05,4.516e-05,0.0004441,1.775e-23,4.199e-05,0.002176,0.001421,5.301e-07,0.1062,0.008689,0.02038,0.164,3.964e-05,2.746e-05,0.053
   75480,   75540,0.0025043,0.01003,0.03008,3.58e-23,2.992e-05,4.509e-05,0.0004435,1.66e-23,4.18e-05,0.002174,0.001419,5.283e-07,0.1062,0.008683,0.02038,0.1639,3.957e-05,2.732e-05,0.053
   75540,   75600,0.0024493,0.01002,0.03007,3.41e-23,2.987e-05,4.504e-05,0.000443,1.573e-23,4.167e-05,0.002172,0.001418,5.271e-07,0.1062,0.008677,0.02037,0.1639,3.952e-05,2.724e-05,0.053
   75600,   75660,0.0024037,0.01002,0.03006,3.326e-23,2.982e-05,4.499e-05,0.0004425,1.53e-23,4.155e-05,0.00217,0.001417,5.26e-07,0.1061,0.008671,0.02037,0.1638,3.947e-05,2.716e-05,0.053
   75660,   75720,0.0023519,0.01001,0.03005,3.145e-23,2.977e-05,4.494e-05,0.0004419,1.441e-23,4.139e-05,0.002168,0.001416,5.246e-07,0.1061,0.008665,0.02037,0.1638,3.941e-05,2.706e-05,0.053
   75720,   75780,0.002306,0.01001,0.03004,3.066e-23,2.972e-05,4.488e-05,0.0004415,1.403e-23,4.125e-05,0.002166,0.001415,5.235e-07,0.1061,0.008659,0.02036,0.1638,3.936e-05,2.696e-05,0.053
   75780,   75840,0.0022572,0.01,0.03003,2.887e-23,2.967e-05,4.483e-05,0.0004409,1.316e-23,4.111e-05,0.002164,0.001414,5.221e-07,0.1061,0.008652,0.02036,0.1637,3.93e-05,2.687e-05,0.053
   75840,   75900,0.0022068,0.009996,0.03002,2.804e-23,2.962e-05,4.477e-05,0.0004404,1.277e-23,4.099e-05,0.002162,0.001413,5.209e-07,0.106,0.008646,0.02035,0.1637,3.925e-05,2.678e-05,0.053
   75900,   75960,0.0021732,0.009991,0.03001,2.647e-23,2.957e-05,4.472e-05,0.0004398,1.2e-23,4.086e-05,0.00216,0.001412,5.197e-07,0.106,0.00864,0.02035,0.1637,3.919e-05,2.669e-05,0.053
   75960,   76020,0.0021698,0.009985,0.03,2.558e-23,2.952e-05,4.466e-05,0.0004393,1.158e-23,4.072e-05,0.002158,0.00141,5.183e-07,0.106,0.008633,0.02034,0.1636,3.913e-05,2.659e-05,0.053
   76020,   76080,0.0021997,0.009979,0.02998,2.44e-23,2.946e-05,4.46e-05,0.0004387,1.104e-23,4.053e-05,0.002156,0.001409,5.168e-07,0.106,0.008626,0.02034,0.1636,3.907e-05,2.647e-05,0.053
   76080,   76140,0.0022391,0.009974,0.02997,2.332e-23,2.941e-05,4.455e-05,0.0004382,1.049e-23,4.041e-05,0.002154,0.001408,5.157e-07,0.1059,0.00862,0.02034,0.1635,3.902e-05,2.639e-05,0.053
   76140,   76200,0.0022942,0.009968,0.02996,2.232e-23,2.936e-05,4.449e-05,0.0004376,1.008e-23,4.028e-05,0.002151,0.001407,5.143e-07,0.1059,0.008613,0.02033,0.1635,3.896e-05,2.629e-05,0.053
   76200,   76260,0.0023568,0.009962,0.02995,2.122e-23,2.93e-05,4.443e-05,0.000437,9.508e-24,4.011e-05,0.002149,0.001405,5.128e-07,0.1059,0.008606,0.02033,0.1634,3.889e-05,2.618e-05,0.053
   76260,   76320,0.0024325,0.009957,0.02994,2.037e-23,2.925e-05,4.437e-05,0.0004364,9.14e-24,3.997e-05,0.002147,0.001404,5.116e-07,0.1058,0.008599,0.02032,0.1634,3.884e-05,2.608e-05,0.053
   76320,   76380,0.0025389,0.009951,0.02992,1.934e-23,2.919e-05,4.431e-05,0.0004358,8.672e-24,3.983e-05,0.002145,0.001403,5.101e-07,0.1058,0.008592,0.02032,0.1634,3.877e-05,2.598e-05,0.053
   76380,   76440,0.0026546,0.009945,0.02991,1.858e-23,2.913e-05,4.425e-05,0.0004352,8.288e-24,3.967e-05,0.002142,0.001402,5.088e-07,0.1058,0.008585,0.02031,0.1633,3.871e-05,2.588e-05,0.053
   76440,   76500,0.0027894,0.009939,0.0299,1.771e-23,2.907e-05,4.419e-05,0.0004346,7.895e-24,3.95e-05,0.00214,0.0014,5.073e-07,0.1057,0.008578,0.02031,0.1633,3.865e-05,2.576e-05,0.053
   76500,   76560,0.0029328,0.009933,0.02988,1.684e-23,2.901e-05,4.412e-05,0.000434,7.496e-24,3.935e-05,0.002138,0.001399,5.059e-07,0.1057,0.00857,0.0203,0.1632,3.858e-05,2.566e-05,0.053
   76560,   76620,0.0030885,0.009926,0.02987,1.603e-23,2.896e-05,4.406e-05,0.0004334,7.116e-24,3.919e-05,0.002135,0.001398,5.044e-07,0.1057,0.008563,0.0203,0.1632,3.852e-05,2.555e-05,0.053
   76620,   76680,0.0032361,0.00992,0.02986,1.527e-23,2.89e-05,4.4e-05,0.0004328,6.78e-24,3.903e-05,0.002133,0.001396,5.03e-07,0.1056,0.008556,0.0203,0.1631,3.846e-05,2.544e-05,0.053
   76680,   76740,0.0033496,0.009914,0.02984,1.452e-23,2.884e-05,4.393e-05,0.0004321,6.435e-24,3.887e-05,0.00213,0.001395,5.015e-07,0.1056,0.008548,0.02029,0.1631,3.839e-05,2.533e-05,0.053
   76740,   76800,0.0034995,0.009907,0.02983,1.381e-23,2.878e-05,4.387e-05,0.0004315,6.095e-24,3.871e-05,0.002128,0.001393,5e-07,0.1056,0.00854,0.02029,0.163,3.832e-05,2.522e-05,0.053
   76800,   76860,0.0040079,0.009901,0.02982,1.316e-23,2.872e-05,4.38e-05,0.0004309,5.771e-24,3.855e-05,0.002126,0.001392,4.986e-07,0.1055,0.008533,0.02028,0.163,3.826e-05,2.511e-05,0.053
   76860,   76920,0.0043558,0.009894,0.0298,1.257e-23,2.866e-05,4.373e-05,0.0004302,5.474e-24,3.839e-05,0.002123,0.001391,4.971e-07,0.1055,0.008525,0.02027,0.1629,3.819e-05,2.5e-05,0.053
   76920,   76980,0.0040316,0.009887,0.02979,1.201e-23,2.86e-05,4.367e-05,0.0004296,5.212e-24,3.824e-05,0.00212,0.001389,4.956e-07,0.1055,0.008517,0.02027,0.1629,3.813e-05,2.49e-05,0.053
   76980,   77040,0.0035044,0.009881,0.02977,1.151e-23,2.854e-05,4.36e-05,0.0004289,4.991e-24,3.81e-05,0.002118,0.001388,4.942e-07,0.1054,0.008509,0.02026,0.1628,3.806e-05,2.48e-05,0.053
   77040,   77100,0.0033298,0.009874,0.02976,1.1e-23,2.847e-05,4.353e-05,0.0004283,4.757e-24,3.794e-05,0.002115,0.001386,4.927e-07,0.1054,0.008501,0.02026,0.1628,3.799e-05,2.47e-05,0.053
   77100,   77160,0.0031344,0.009867,0.02974,1.05e-23,2.841e-05,4.346e-05,0.0004276,4.53e-24,3.778e-05,0.002113,0.001385,4.912e-07,0.1054,0.008492,0.02025,0.1627,3.792e-05,2.459e-05,0.053
   77160,   77220,0.0030412,0.00986,0.02973,1.004e-23,2.835e-05,4.339e-05,0.0004269,4.323e-24,3.762e-05,0.00211,0.001383,4.898e-07,0.1053,0.008484,0.02025,0.1627,3.785e-05,2.448e-05,0.053
   77220,   77280,0.0029827,0.009853,0.02971,9.585e-24,2.828e-05,4.332e-05,0.0004262,4.114e-24,3.746e-05,0.002107,0.001382,4.882e-07,0.1053,0.008476,0.02024,0.1626,3.778e-05,2.437e-05,0.053
   77280,   77340,0.0029424,0.009846,0.0297,9.148e-24,2.822e-05,4.325e-05,0.0004255,3.915e-24,3.729e-05,0.002105,0.00138,4.866e-07,0.1052,0.008467,0.02024,0.1626,3.771e-05,2.426e-05,0.053
   77340,   77400,0.0028922,0.009839,0.02968,8.756e-24,2.815e-05,4.318e-05,0.0004249,3.736e-24,3.714e-05,0.002102,0.001379,4.851e-07,0.1052,0.008459,0.02023,0.1625,3.764e-05,2.415e-05,0.053
   77400,   77460,0.0028252,0.009831,0.02967,8.359e-24,2.809e-05,4.311e-05,0.0004241,3.555e-24,3.697e-05,0.002099,0.001377,4.835e-07,0.1052,0.00845,0.02023,0.1625,3.757e-05,2.404e-05,0.053
   77460,   77520,0.0027514,0.009824,0.02965,7.978e-24,2.802e-05,4.303e-05,0.0004234,3.382e-24,3.68e-05,0.002096,0.001376,4.819e-07,0.1051,0.008441,0.02022,0.1624,3.749e-05,2.392e-05,0.053
   77520,   77580,0.0026712,0.009816,0.02964,7.639e-24,2.795e-05,4.296e-05,0.0004227,3.228e-24,3.664e-05,0.002094,0.001374,4.804e-07,0.1051,0.008433,0.02021,0.1624,3.742e-05,2.381e-05,0.053
   77580,   77640,0.0025835,0.009809,0.02962,7.296e-24,2.788e-05,4.289e-05,0.000422,3.073e-24,3.646e-05,0.002091,0.001372,4.788e-07,0.105,0.008424,0.02021,0.1623,3.735e-05,2.369e-05,0.053
   77640,   77700,0.0024944,0.009801,0.0296,6.969e-24,2.782e-05,4.281e-05,0.0004212,2.926e-24,3.629e-05,0.002088,0.001371,4.771e-07,0.105,0.008414,0.0202,0.1622,3.727e-05,2.358e-05,0.053
   77700,   77760,0.0024159,0.009793,0.02959,6.677e-24,2.775e-05,4.274e-05,0.0004205,2.794e-24,3.613e-05,0.002085,0.001369,4.756e-07,0.105,0.008406,0.0202,0.1622,3.72e-05,2.347e-05,0.053
   77760,   77820,0.0023522,0.009785,0.02957,6.381e-24,2.768e-05,4.266e-05,0.0004198,2.661e-24,3.595e-05,0.002082,0.001367,4.739e-07,0.1049,0.008396,0.02019,0.1621,3.712e-05,2.335e-05,0.053
   77820,   77880,0.0022926,0.009777,0.02955,6.098e-24,2.761e-05,4.258e-05,0.000419,2.534e-24,3.578e-05,0.002079,0.001366,4.722e-07,0.1049,0.008387,0.02018,0.1621,3.704e-05,2.323e-05,0.053
   77880,   77940,0.0022387,0.009769,0.02953,5.846e-24,2.754e-05,4.25e-05,0.0004183,2.422e-24,3.561e-05,0.002076,0.001364,4.706e-07,0.1048,0.008378,0.02018,0.162,3.697e-05,2.311e-05,0.053
   77940,   78000,0.0021755,0.009761,0.02952,5.591e-24,2.747e-05,4.242e-05,0.0004175,2.308e-24,3.543e-05,0.002073,0.001362,4.689e-07,0.1048,0.008368,0.02017,0.1619,3.689e-05,2.299e-05,0.053
   78000,   78060,0.0021134,0.009753,0.0295,5.349e-24,2.739e-05,4.234e-05,0.0004167,2.2e-24,3.525e-05,0.00207,0.001361,4.672e-07,0.1047,0.008358,0.02016,0.1619,3.681e-05,2.287e-05,0.053
   78060,   78120,0.002047,0.009745,0.02948,5.132e-24,2.732e-05,4.226e-05,0.000416,2.104e-24,3.508e-05,0.002067,0.001359,4.656e-07,0.1047,0.008349,0.02016,0.1618,3.673e-05,2.276e-05,0.053
   78120,   78180,0.0019749,0.009736,0.02946,4.913e-24,2.725e-05,4.218e-05,0.0004152,2.007e-24,3.49e-05,0.002064,0.001357,4.638e-07,0.1047,0.008339,0.02015,0.1617,3.665e-05,2.264e-05,0.053
   78180,   78240,0.0019047,0.009728,0.02944,4.703e-24,2.717e-05,4.21e-05,0.0004143,1.914e-24,3.472e-05,0.002061,0.001355,4.621e-07,0.1046,0.008329,0.02014,0.1617,3.656e-05,2.251e-05,0.053
   78240,   78300,0.0018192,0.009719,0.02942,4.516e-24,2.71e-05,4.202e-05,0.0004136,1.832e-24,3.455e-05,0.002058,0.001353,4.604e-07,0.1046,0.008319,0.02014,0.1616,3.649e-05,2.24e-05,0.053
   78300,   78360,0.0017508,0.00971,0.02941,4.327e-24,2.703e-05,4.193e-05,0.0004127,1.749e-24,3.437e-05,0.002054,0.001352,4.586e-07,0.1045,0.008309,0.02013,0.1615,3.64e-05,2.227e-05,0.053
   78360,   78420,0.0016853,0.009702,0.02939,4.147e-24,2.695e-05,4.185e-05,0.0004119,1.67e-24,3.418e-05,0.002051,0.00135,4.568e-07,0.1045,0.008298,0.02012,0.1615,3.632e-05,2.215e-05,0.053
   78420,   78480,0.001639,0.009693,0.02937,3.986e-24,2.688e-05,4.176e-05,0.0004111,1.6e-24,3.401e-05,0.002048,0.001348,4.552e-07,0.1044,0.008288,0.02011,0.1614,3.624e-05,2.203e-05,0.053
   78480,   78540,0.0016142,0.009686,0.02935,3.841e-24,2.681e-05,4.17e-05,0.0004104,1.535e-24,3.383e-05,0.002045,0.001347,4.535e-07,0.1044,0.008281,0.02011,0.1614,3.616e-05,2.191e-05,0.053
   78540,   78600,0.0016066,0.009678,0.02933,3.708e-24,2.675e-05,4.162e-05,0.0004097,1.478e-24,3.368e-05,0.002042,0.001345,4.52e-07,0.1043,0.008271,0.0201,0.1613,3.609e-05,2.18e-05,0.053
   78600,   78660,0.0016037,0.009669,0.02932,3.566e-24,2.667e-05,4.154e-05,0.0004089,1.417e-24,3.35e-05,0.002039,0.001343,4.503e-07,0.1043,0.008261,0.02009,0.1612,3.601e-05,2.169e-05,0.053
   78660,   78720,0.0016049,0.00966,0.02929,3.423e-24,2.659e-05,4.145e-05,0.000408,1.355e-24,3.331e-05,0.002036,0.001341,4.485e-07,0.1042,0.00825,0.02009,0.1612,3.592e-05,2.156e-05,0.053
   78720,   78780,0.0015991,0.00965,0.02927,3.287e-24,2.651e-05,4.136e-05,0.0004072,1.296e-24,3.312e-05,0.002032,0.001339,4.466e-07,0.1042,0.008239,0.02008,0.1611,3.583e-05,2.143e-05,0.053
   78780,   78840,0.0015907,0.009641,0.02925,3.164e-24,2.643e-05,4.127e-05,0.0004063,1.244e-24,3.294e-05,0.002029,0.001337,4.448e-07,0.1041,0.008228,0.02007,0.161,3.575e-05,2.131e-05,0.053
   78840,   78900,0.0015742,0.009631,0.02923,3.039e-24,2.635e-05,4.118e-05,0.0004054,1.191e-24,3.275e-05,0.002025,0.001335,4.43e-07,0.1041,0.008217,0.02006,0.1609,3.566e-05,2.118e-05,0.053
   78900,   78960,0.0015687,0.009621,0.02921,2.921e-24,2.627e-05,4.108e-05,0.0004045,1.141e-24,3.256e-05,0.002022,0.001333,4.411e-07,0.104,0.008205,0.02005,0.1609,3.557e-05,2.105e-05,0.053
   78960,   79020,0.0015799,0.009612,0.02919,2.816e-24,2.619e-05,4.1e-05,0.0004037,1.096e-24,3.238e-05,0.002018,0.001331,4.393e-07,0.104,0.008194,0.02005,0.1608,3.548e-05,2.093e-05,0.053
   79020,   79080,0.0015988,0.009602,0.02917,2.708e-24,2.611e-05,4.09e-05,0.0004028,1.05e-24,3.219e-05,0.002015,0.001329,4.374e-07,0.1039,0.008183,0.02004,0.1607,3.539e-05,2.08e-05,0.053
   79080,   79140,0.0016181,0.009592,0.02915,2.606e-24,2.602e-05,4.081e-05,0.0004018,1.007e-24,3.199e-05,0.002011,0.001327,4.355e-07,0.1039,0.008171,0.02003,0.1606,3.529e-05,2.067e-05,0.053
   79140,   79200,0.0016303,0.009582,0.02912,2.514e-24,2.594e-05,4.071e-05,0.000401,9.686e-25,3.181e-05,0.002008,0.001325,4.337e-07,0.1038,0.00816,0.02002,0.1605,3.521e-05,2.054e-05,0.053
   79200,   79260,0.0016273,0.009572,0.0291,2.419e-24,2.586e-05,4.062e-05,0.0004,9.292e-25,3.161e-05,0.002004,0.001323,4.317e-07,0.1037,0.008148,0.02001,0.1605,3.511e-05,2.041e-05,0.053
   79260,   79320,0.0016092,0.009561,0.02908,2.33e-24,2.577e-05,4.052e-05,0.0003991,8.92e-25,3.142e-05,0.002,0.00132,4.298e-07,0.1037,0.008136,0.02,0.1604,3.502e-05,2.028e-05,0.053
   79320,   79380,0.0015929,0.009551,0.02906,2.25e-24,2.569e-05,4.043e-05,0.0003982,8.587e-25,3.123e-05,0.001996,0.001318,4.279e-07,0.1036,0.008124,0.01999,0.1603,3.493e-05,2.015e-05,0.053
   79380,   79440,0.0015806,0.00954,0.02903,2.168e-24,2.561e-05,4.033e-05,0.0003972,8.249e-25,3.103e-05,0.001993,0.001316,4.26e-07,0.1036,0.008112,0.01999,0.1602,3.483e-05,2.002e-05,0.053
   79440,   79500,0.0015658,0.009529,0.02901,2.09e-24,2.552e-05,4.023e-05,0.0003963,7.928e-25,3.084e-05,0.001989,0.001314,4.24e-07,0.1035,0.008099,0.01998,0.1601,3.473e-05,1.989e-05,0.053
   79500,   79560,0.0015584,0.009519,0.02898,2.019e-24,2.543e-05,4.013e-05,0.0003953,7.638e-25,3.065e-05,0.001985,0.001312,4.221e-07,0.1034,0.008087,0.01997,0.16,3.464e-05,1.976e-05,0.053
   79560,   79620,0.0015442,0.009508,0.02896,1.948e-24,2.535e-05,4.003e-05,0.0003944,7.346e-25,3.045e-05,0.001981,0.001309,4.201e-07,0.1034,0.008075,0.01996,0.1599,3.454e-05,1.963e-05,0.053
   79620,   79680,0.0015279,0.009497,0.02894,1.879e-24,2.526e-05,3.993e-05,0.0003934,7.067e-25,3.025e-05,0.001977,0.001307,4.181e-07,0.1033,0.008062,0.01995,0.1599,3.444e-05,1.949e-05,0.053
   79680,   79740,0.0015043,0.009486,0.02891,1.818e-24,2.517e-05,3.983e-05,0.0003924,6.817e-25,3.006e-05,0.001973,0.001305,4.163e-07,0.1033,0.00805,0.01994,0.1598,3.435e-05,1.936e-05,0.053
   79740,   79800,0.0014833,0.009475,0.02889,1.755e-24,2.508e-05,3.973e-05,0.0003914,6.563e-25,2.986e-05,0.001969,0.001303,4.142e-07,0.1032,0.008036,0.01993,0.1597,3.425e-05,1.923e-05,0.053
   79800,   79860,0.0014646,0.009463,0.02886,1.695e-24,2.499e-05,3.962e-05,0.0003904,6.321e-25,2.966e-05,0.001965,0.0013,4.122e-07,0.1031,0.008023,0.01992,0.1596,3.414e-05,1.909e-05,0.053
   79860,   79920,0.0014513,0.009452,0.02884,1.64e-24,2.49e-05,3.952e-05,0.0003894,6.102e-25,2.947e-05,0.001961,0.001298,4.103e-07,0.1031,0.008011,0.01991,0.1595,3.405e-05,1.897e-05,0.053
   79920,   79980,0.0014183,0.00944,0.02881,1.585e-24,2.481e-05,3.941e-05,0.0003884,5.881e-25,2.927e-05,0.001957,0.001295,4.082e-07,0.103,0.007997,0.0199,0.1594,3.395e-05,1.883e-05,0.053
   79980,   80040,0.0013707,0.009428,0.02878,1.532e-24,2.472e-05,3.931e-05,0.0003874,5.671e-25,2.906e-05,0.001953,0.001293,4.062e-07,0.1029,0.007983,0.01989,0.1593,3.384e-05,1.869e-05,0.053
