CampaignData_and_Merges/R0/CSL_MobileLab_Parked/raw/20240818/USOS-MetNav_MobileLabGround_20240818_R0.ict
44, 1001
Carrie Womack, Nate Howard, Mike Zucker
NOAA Chemical Sciences Laboratory
Mobile Lab MetNav Station
USOS
1, 1
2024, 08, 18, 2024, 12, 21
60
Time_Start, seconds_past_midnight, Seconds from midnight UTC
11
1, 1, 1, 1, 1, 1, 1, 1, 1, 1, 1
-9999, -9999, -9999, -9999, -9999, -9999, -9999, -9999, -9999, -9999, -9999
GPS_Alt_m, meters, Altitude from Differential GPS
GPS_Course_deg, degrees, Course from Differential GPS
GPS_GndSpd_m_s, m/s, Ground Speed from Differential GPS
GPS_Heading_deg, degrees, Heading from Differential GPS
GPS_Lat_deg, degrees, Latitude from Differential GPS
GPS_Lon_deg, degrees, Longitude from Differential GPS
AirTemp_C, Celsius, Air Temperature from Airmar
RelHumidity_pct, percent, Relative Humidity from Airmar
Pressure_mb, millibars, Pressure from Honeywell
WindDir_calc_deg, degrees, Wind Direction from Airmar corrected for van movement
WindSpd_calc_m_s, m/s, Wind Speed from Airmar corrected for van movement
1
SPECIAL COMMENTS: Missing data due to computer crash
18
PI_CONTACT_INFO: Address: 325 Broadway R/CSL7, Boulder, CO, 80305
PLATFORM: CSL Mobile Lab
LOCATION: Salt Lake City, UT
ASSOCIATED_DATA: N/A
INSTRUMENT_INFO: N/A
DATA_INFO: Units:
UNCERTAINTY: N/A
ULOD_FLAG: -7777
ULOD_VALUE: N/A
LLOD_FLAG: -8888
LLOD_VALUE: N/A
DM_CONTACT_INFO: Data Manager: Nate Howard
PROJECT_INFO: 
STIPULATIONS_ON_USE: Use of these data require prior ok from PI.
OTHER_COMMENTS: 
REVISION: R0
R0: Final data. Fixed bug in wind averaging code. RA: Preliminary Data. For in-field use only. 
Time_Start, GPS_Alt_m, GPS_Course_deg, GPS_GndSpd_m_s, GPS_Heading_deg, GPS_Lat_deg, GPS_Lon_deg, AirTemp_C, RelHumidity_pct, Pressure_mb, WindDir_calc_deg, WindSpd_calc_m_s
[from data line 1376]
82560.0,1308.8,3.47,0.05,3.47,40.73433,-111.87210,27.6,29.6,877.9,166.53,4.0
82620.0,1309.0,3.39,0.05,3.39,40.73433,-111.87210,27.6,29.4,878.0,172.49,3.8
82680.0,1309.1,3.85,0.05,3.85,40.73433,-111.87210,27.4,29.2,878.0,162.38,5.0
82740.0,1308.9,4.24,0.06,4.24,40.73433,-111.87210,27.4,29.5,878.0,167.97,3.7
82800.0,1308.6,3.71,0.05,3.71,40.73433,-111.87210,27.4,29.5,878.1,191.28,3.5
82860.0,1308.6,3.81,0.05,3.81,40.73433,-111.87210,27.3,29.8,878.0,187.56,2.6
82920.0,1308.7,3.35,0.05,3.35,40.73433,-111.87210,27.3,29.8,878.1,168.13,2.9
82980.0,1308.6,3.71,0.05,3.71,40.73433,-111.87210,27.2,30.0,878.1,152.39,3.1
83040.0,1308.3,3.92,0.05,3.92,40.73433,-111.87210,27.1,30.0,878.1,158.50,3.8
83100.0,1308.4,4.09,0.04,4.09,40.73433,-111.87210,27.1,30.0,878.1,167.33,2.4
83160.0,1308.1,3.98,0.05,3.98,40.73434,-111.87210,27.2,29.7,878.1,188.68,2.5
83220.0,1308.2,4.18,0.05,4.18,40.73434,-111.87210,27.3,29.8,878.2,181.79,2.2
83280.0,1308.2,4.67,0.05,4.67,40.73434,-111.87210,27.2,29.8,878.2,185.88,2.8
83340.0,1308.3,4.94,0.04,4.94,40.73434,-111.87210,27.1,29.9,878.2,170.54,3.3
83400.0,1308.3,4.36,0.05,4.36,40.73434,-111.87210,27.0,30.1,878.3,168.00,3.6
83460.0,1308.4,4.35,0.04,4.35,40.73434,-111.87210,26.9,30.0,878.4,180.63,3.0
83520.0,1308.5,4.70,0.04,4.70,40.73434,-111.87210,27.0,30.3,878.5,160.83,3.0
83580.0,1308.6,4.32,0.04,4.32,40.73434,-111.87211,26.9,30.0,878.6,184.56,5.2
83640.0,1308.9,4.26,0.05,4.26,40.73434,-111.87211,26.8,30.2,878.6,175.66,3.1
83700.0,1309.0,4.42,0.05,4.42,40.73434,-111.87211,26.9,30.6,878.7,175.87,1.6
83760.0,1309.1,4.35,0.05,4.35,40.73434,-111.87211,26.9,30.8,878.8,186.63,2.5
83820.0,1309.3,3.96,0.04,3.96,40.73434,-111.87211,26.8,31.0,878.8,163.14,2.9
83880.0,1309.3,4.52,0.04,4.52,40.73434,-111.87211,26.8,31.2,879.0,167.76,2.7
83940.0,1309.1,4.74,0.04,4.74,40.73434,-111.87211,26.8,31.4,879.1,157.78,3.2
84000.0,1309.2,4.54,0.05,4.54,40.73434,-111.87211,26.8,31.4,879.2,198.19,2.4
84060.0,1309.4,5.18,0.05,5.18,40.73434,-111.87211,26.6,31.7,879.2,198.27,3.9
84120.0,1309.3,5.33,0.05,5.33,40.73434,-111.87211,26.4,32.0,879.3,163.38,4.6
84180.0,1309.2,4.95,0.05,4.95,40.73434,-111.87211,26.3,32.8,879.4,199.60,5.2
84240.0,1309.2,4.50,0.05,4.50,40.73434,-111.87211,26.3,33.0,879.4,186.74,2.9
84300.0,1309.3,4.34,0.05,4.34,40.73434,-111.87211,26.1,34.2,879.5,188.17,5.1
84360.0,1309.3,4.18,0.05,4.18,40.73434,-111.87211,26.0,34.9,879.6,195.93,4.3
84420.0,1309.3,4.04,0.05,4.04,40.73434,-111.87211,26.0,36.0,879.7,200.22,1.3
84480.0,1309.4,4.60,0.05,4.60,40.73434,-111.87211,25.9,36.7,879.8,170.44,2.8
84540.0,1309.3,4.50,0.05,4.50,40.73434,-111.87211,25.6,38.2,879.8,168.32,4.6
84600.0,1309.2,4.31,0.05,4.31,40.73434,-111.87211,25.6,38.9,879.8,186.20,2.4
84660.0,1309.1,3.91,0.05,3.91,40.73434,-111.87211,25.4,39.8,879.9,173.41,3.8
84720.0,1309.1,3.75,0.04,3.75,40.73434,-111.87211,25.0,41.3,880.0,180.03,5.9
84780.0,1309.0,3.88,0.04,3.88,40.73434,-111.87211,24.9,42.3,880.0,178.66,4.9
84840.0,1309.0,3.55,0.04,3.55,40.73434,-111.87211,24.7,42.9,880.0,185.65,4.5
84900.0,1308.9,3.33,0.04,3.33,40.73434,-111.87211,24.7,43.1,880.0,189.43,1.8
84960.0,1308.9,2.99,0.04,2.99,40.73434,-111.87211,24.6,43.6,880.0,177.00,3.3
85020.0,1309.0,3.32,0.04,3.32,40.73434,-111.87211,24.5,44.0,880.1,163.14,4.8
85080.0,1309.0,3.11,0.05,3.11,40.73434,-111.87211,24.4,44.2,880.1,168.02,3.7
85140.0,1309.0,3.10,0.05,3.10,40.73434,-111.87211,24.2,44.3,880.2,162.21,3.9
85200.0,1309.0,2.95,0.05,2.95,40.73434,-111.87211,23.9,44.4,880.3,165.41,6.1
85260.0,1309.0,3.05,0.05,3.05,40.73433,-111.87211,23.8,44.7,880.3,165.65,4.3
85320.0,1309.1,2.85,0.05,2.85,40.73433,-111.87211,23.8,44.7,880.3,164.57,4.0
85380.0,1309.2,3.11,0.05,3.11,40.73433,-111.87211,23.7,44.2,880.4,162.04,5.0
85440.0,1309.1,3.45,0.06,3.45,40.73433,-111.87211,23.7,44.1,880.4,166.41,2.8
85500.0,1309.1,3.10,0.06,3.10,40.73433,-111.87211,23.8,43.9,880.5,169.49,3.9
85560.0,1309.0,2.88,0.05,2.88,40.73433,-111.87211,23.7,43.8,880.6,172.78,4.6
85620.0,1309.0,2.47,0.05,2.47,40.73433,-111.87211,23.6,43.7,880.6,162.35,5.4
85680.0,1309.1,3.20,0.05,3.20,40.73433,-111.87211,23.5,43.6,880.7,157.94,6.4
85740.0,1309.3,3.65,0.06,3.65,40.73433,-111.87211,23.5,43.6,880.7,181.21,6.1
85800.0,1309.3,3.60,0.05,3.60,40.73433,-111.87211,23.4,43.8,880.7,155.81,6.4
85860.0,1308.9,3.67,0.05,3.67,40.73433,-111.87211,23.3,44.3,880.7,161.21,6.5
85920.0,1308.7,3.58,0.05,3.58,40.73434,-111.87211,23.1,44.9,880.7,161.81,5.4
85980.0,1308.6,3.68,0.06,3.68,40.73434,-111.87211,23.0,45.6,880.8,160.57,6.2
86040.0,1308.7,3.52,0.06,3.52,40.73434,-111.87211,23.0,46.3,880.9,179.63,4.1
86100.0,1308.7,3.49,0.05,3.49,40.73434,-111.87211,22.9,46.6,881.0,162.92,5.8
86160.0,1308.7,3.48,0.06,3.48,40.73434,-111.87211,22.8,46.5,881.0,160.27,5.4
86220.0,1308.7,3.68,0.05,3.68,40.73434,-111.87211,22.7,47.0,880.9,146.21,5.9
86280.0,1308.9,3.92,0.05,3.92,40.73433,-111.87211,22.6,47.4,881.0,134.52,5.0
86340.0,1309.1,4.19,0.06,4.19,40.73433,-111.87211,22.6,47.6,881.0,139.12,4.2
