CampaignData_and_Merges/R0/CSL_MobileLab_Parked/raw/20240818/USOS-Picarro-CO2-CH4-CO-H2O_MobileLabGround_20240818_R0.ict
38, 1001
Ilana Pollack, Nell Schafer, and Jeff Peischl
NOAA Chemical Sciences Laboratory
Picarro 2401-m CO2/CH4/CO/H2O Analyzer
USOS
1, 1
2024, 08, 18, 2024, 11, 20
0
StartTime_UTC, seconds_past_midnight, seconds past midnight
5
1, 1, 1, 1, 1
-9999, -9999, -9999, -9999, -9999
StopTime_UTC, seconds_past_midnight, seconds past midnight
CO2_ppm_1min, ppm, Gas_CO2_InSitu_S_DMF, carbon dioxide mixing ratio
CH4_ppb_1min, ppb, Gas_CH4_InSitu_S_DMF, methane mixing ratio
CO_ppb_1min, ppb, Gas_CO_InSitu_S_DMF, carbon monoxide mixing ratio
H2O_ppmv_1min, ppmv, Met_H2OMRV_InSitu_S_AVMR, water vapor mixing ratio
1
SPECIAL COMMENTS: N/A
18
PI_CONTACT_INFO: Address: NOAA Chemical Sciences Laboratory, Mail Stop CSL7, 325 Broadway, Boulder, CO 80305; Email: Ilana.Pollack@noaa.gov
PLATFORM: NOAA CSL Mobile Laboratory
LOCATION: The mobile lab was stationed in Salt Lake City, Utah.
ASSOCIATED_DATA: N/A
INSTRUMENT_INFO: CO2, CH4, and CO are reported as dry air mole fractions using a commercial wavelength-scanned cavity ring-down analyzer (Picarro 2401-m). An in-field calibration gas standard of 432±0.07 ppm CO2, 2095±1 ppb CH4, and 183±1 ppb CO, calibrated in the Boulder laboratories before and after the field project using primary CO2, CH4, and CO standard tanks tied to the WMO standard (X2019, X2004A, and X2014A, respectively) from the Global Monitoring Laboratory (GML), was delivered to the inlet every 2-3 days to evaluate instrument sensitivity. A H2O measurement was calibrated before the project with a Dew Point Mirror 373 hygrometer. The water correction calculated from these calibrations was applied to the H2O measurement for the entire campaign. Species are measured at 0.5 Hz and reported as 1-minute averages for stationary measurements.
DATA_INFO: Units: CO2, ppm, dry air mole fraction; CH4, ppb, dry air mole fraction; CO, ppb, dry air mole fraction; H2O, ppmv
UNCERTAINTY: Total uncertainties are estimated as ±0.1 ppm for CO2, ±1 ppb for CH4, ±5 ppb for CO, and ±(50 ppm + 4%) for H2O.
ULOD_FLAG: -7777
ULOD_VALUE: N/A
LLOD_FLAG: -8888
LLOD_VALUE: N/A
DM_CONTACT_INFO: Data Manager: Nathan Howard; nathan.h.howard@noaa.gov
PROJECT_INFO: USOS Dates of Study: July – August 2024
STIPULATIONS_ON_USE: Use of these data require prior ok from PI.
OTHER_COMMENTS: Data are averaged to 1 minute intervals. Stationary data collected from a 10 ft tower on top of the mobile van.
REVISION: R0
R0: Final Data
StartTime_UTC, StopTime_UTC, CO2_ppm_1min, CH4_ppb_1min, CO_ppb_1min, H2O_ppmv_1min
[from data line 756]
45360,45420,456.51,2005.3,141.8,17613.6328
45420,45480,453.66,1989.6,128.5,17298.8691
45480,45540,454.70,1998.7,129.7,17466.5859
45540,45600,456.90,2002.4,147.9,17628.6387
45600,45660,453.12,1989.2,136.0,17227.4141
45660,45720,449.46,1979.4,124.2,16842.6465
45720,45780,449.39,1976.9,119.8,16810.9766
45780,45840,450.63,1978.0,119.6,16959.6211
45840,45900,455.50,1985.8,126.7,17276.4141
45900,45960,454.81,1981.0,131.6,17108.3848
45960,46020,454.09,1980.2,132.2,17067.3398
46020,46080,460.18,1984.4,163.3,17188.3203
46080,46140,462.56,1989.3,172.8,17397.2832
46140,46200,459.21,1990.7,168.3,17358.4316
46200,46260,454.08,1982.0,122.5,17050.4277
46260,46320,450.44,1973.3,120.0,16776.0332
46320,46380,452.68,1978.2,123.4,16937.1465
46380,46440,452.58,1979.5,126.0,17005.4395
46440,46500,457.96,1985.6,155.4,17131.6582
46500,46560,456.22,1989.8,152.8,17122.2012
46560,46620,456.19,1990.6,146.4,17146.1738
46620,46680,457.85,1990.9,149.9,17230.9688
46680,46740,459.94,1993.0,152.0,17241.3398
46740,46800,461.16,1993.4,160.9,17318.1191
46800,46860,462.13,1995.7,276.8,17322.3418
46860,46920,460.49,1994.0,198.2,17235.4160
46920,46980,461.87,1995.3,196.4,17310.9434
46980,47040,460.98,1998.2,164.9,17334.7188
47040,47100,461.98,1999.5,163.4,17364.5098
47100,47160,462.42,2000.6,163.1,17345.8789
47160,47220,462.79,2004.9,161.9,17421.7168
47220,47280,462.48,2003.7,159.3,17395.5664
47280,47340,462.68,2004.1,159.5,17373.6426
47340,47400,462.20,2001.9,156.6,17308.3047
47400,47460,460.48,1995.3,151.6,17178.0020
47460,47520,459.95,1994.5,151.8,17136.0781
47520,47580,460.41,1996.3,151.7,17161.1973
47580,47640,461.02,1998.1,152.4,17214.4746
47640,47700,460.48,1997.1,150.7,17172.5352
47700,47760,460.66,1996.0,153.8,17148.5898
47760,47820,458.87,1990.0,153.9,16921.7461
47820,47880,460.22,1989.1,158.2,16858.4648
47880,47940,465.39,1996.0,176.4,17074.3281
47940,48000,463.18,1992.2,182.4,17084.7285
48000,48060,459.05,1984.7,158.4,16981.5020
48060,48120,456.88,1983.5,145.3,16940.7266
48120,48180,454.67,1978.2,142.6,16732.5742
48180,48240,455.26,1981.9,161.5,16719.3965
48240,48300,454.37,1981.3,145.8,16695.2051
48300,48360,457.40,1984.7,158.1,16853.1992
48360,48420,453.96,1977.1,153.8,16658.4492
48420,48480,450.66,1970.3,149.9,16452.6758
48480,48540,453.99,1974.6,151.9,16594.5293
48540,48600,450.24,1970.8,142.6,16416.2676
48600,48660,450.16,1974.8,147.2,16493.2461
48660,48720,454.29,1977.5,165.8,16622.7422
48720,48780,454.36,1986.6,175.7,16779.1465
48780,48840,457.07,1996.0,217.1,17002.8242
48840,48900,458.21,1997.7,213.6,17170.3652
48900,48960,459.05,2000.4,207.1,17197.3320
48960,49020,459.73,2000.7,202.9,17199.3066
49020,49080,461.70,2004.4,211.6,17325.8438
49080,49140,461.23,2002.2,211.3,17234.5645
49140,49200,460.33,2000.5,215.3,17162.2480
49200,49260,466.00,2008.5,289.1,17328.1582
49260,49320,467.95,2000.3,328.4,17298.4746
49320,49380,464.32,1991.1,235.3,17086.2188
49380,49440,463.96,1988.1,224.9,17106.6465
49440,49500,470.75,1992.3,234.7,17359.4160
49500,49560,461.78,1990.9,197.9,17206.0645
49560,49620,458.89,1990.0,183.8,17190.8418
49620,49680,459.42,1989.6,187.2,17230.4219
49680,49740,458.97,1992.0,185.1,17221.3457
49740,49800,458.14,1996.9,176.3,17228.7461
49800,49860,459.16,2001.2,182.1,17397.6172
49860,49920,457.58,1992.1,179.9,17297.4453
49920,49980,459.19,1995.7,183.1,17533.4453
49980,50040,456.61,1988.1,174.4,17314.1875
50040,50100,458.79,1983.1,184.0,17251.5449
50100,50160,460.09,1983.4,173.0,17411.7480
50160,50220,459.70,1983.2,170.7,17408.3809
50220,50280,456.76,1985.5,168.9,17306.2266
50280,50340,456.91,1988.0,190.0,17517.1152
50340,50400,454.22,1982.7,170.1,17306.7910
50400,50460,453.85,1981.5,206.3,17421.5332
50460,50520,448.84,1974.5,178.5,17216.7871
50520,50580,452.76,1980.6,181.7,17517.4512
50580,50640,454.23,1983.3,183.7,17758.9902
50640,50700,447.16,1974.1,166.1,17377.5566
50700,50760,438.49,1957.9,117.5,16334.4150
50760,50820,441.66,1962.6,124.6,16867.9609
50820,50880,445.59,1967.6,132.0,17023.3457
50880,50940,442.13,1966.1,130.8,16750.6211
50940,51000,438.09,1962.8,117.1,16633.5527
51000,51060,436.47,1953.5,109.6,16284.1006
51060,51120,436.46,1949.0,112.2,15865.4053
51120,51180,440.75,1958.1,127.7,16563.4766
51180,51240,439.46,1960.3,124.0,16674.3730
51240,51300,440.41,1963.1,128.2,16812.8750
51300,51360,438.47,1953.9,125.6,16400.4922
51360,51420,437.08,1951.7,121.3,16117.8252
51420,51480,440.29,1961.6,132.1,16831.4512
51480,51540,441.61,1962.8,157.3,16859.8672
51540,51600,437.87,1956.9,119.7,16310.3467
51600,51660,438.33,1956.7,156.5,16382.5322
51660,51720,435.11,1947.5,105.7,15578.9238
51720,51780,437.14,1951.3,121.0,16002.6240
51780,51840,437.12,1954.5,120.4,16037.4404
51840,51900,435.62,1952.8,106.9,15638.4043
51900,51960,435.98,1953.7,106.7,15713.8848
51960,52020,436.29,1954.2,108.3,15773.9180
52020,52080,436.87,1955.2,110.1,15852.7734
52080,52140,437.80,1956.6,111.1,16050.3340
52140,52200,436.50,1953.9,109.8,15926.2568
52200,52260,437.33,1956.5,113.0,16163.6963
52260,52320,437.84,1957.8,114.9,16216.5010
52320,52380,437.73,1957.8,114.3,16188.4375
52380,52440,437.10,1957.0,113.8,16137.4541
52440,52500,437.45,1958.0,115.3,16404.4258
52500,52560,453.13,1985.7,199.0,17779.2598
52560,52620,454.78,1989.9,209.0,17917.7793
52620,52680,455.31,1991.4,211.5,17907.8848
52680,52740,455.45,1991.9,202.3,17734.7832
52740,52800,454.63,1990.0,207.7,17943.5957
52800,52860,451.28,1981.9,193.8,17352.4668
52860,52920,449.50,1977.4,187.4,17225.5742
52920,52980,451.38,1979.2,218.5,17456.5332
52980,53040,448.64,1978.9,192.2,17384.5820
53040,53100,447.75,1974.6,193.1,17394.2910
53100,53160,441.44,1963.1,155.0,16837.8145
53160,53220,447.97,1977.3,189.2,17398.6074
53220,53280,447.39,1977.9,187.8,17452.7891
53280,53340,445.18,1974.0,189.3,17104.1953
53340,53400,444.55,1973.3,201.5,17179.3105
53400,53460,442.76,1969.8,182.5,17075.3184
53460,53520,446.72,1978.5,188.9,17496.1992
53520,53580,446.18,1978.8,175.4,17599.5879
53580,53640,443.82,1974.9,167.6,17932.5117
53640,53700,440.85,1964.7,147.9,16787.1035
53700,53760,439.40,1963.0,148.2,16636.4082
53760,53820,440.79,1962.3,151.9,16528.0000
53820,53880,442.04,1964.8,161.7,16594.6309
53880,53940,442.20,1964.6,176.9,16704.6309
53940,54000,441.35,1964.1,178.1,16813.1426
54000,54060,438.90,1961.5,151.4,16743.0684
54060,54120,440.47,1962.4,155.9,17174.8438
54120,54180,437.40,1957.1,133.7,16313.6006
54180,54240,434.80,1950.7,116.3,15633.5977
54240,54300,436.78,1956.5,127.1,16116.2109
54300,54360,438.86,1963.0,145.1,16750.0508
54360,54420,438.52,1963.2,146.0,16648.2246
54420,54480,438.39,1962.1,144.0,16521.2070
54480,54540,437.90,1959.8,142.4,16390.6191
54540,54600,440.45,1960.3,159.2,16975.0762
54600,54660,440.47,1960.5,154.9,16816.8145
54660,54720,440.40,1966.5,168.2,16906.2246
54720,54780,439.34,1963.5,159.5,16474.5547
54780,54840,440.18,1966.9,162.3,16910.3555
54840,54900,440.75,1972.2,261.9,17106.6484
54900,54960,439.41,1972.2,179.9,17103.7129
54960,55020,440.51,1967.1,157.5,16859.1895
55020,55080,437.26,1957.6,141.3,16294.4785
55080,55140,436.32,1958.1,137.2,16773.4512
55140,55200,438.74,1959.8,143.3,17180.5762
55200,55260,436.56,1955.4,129.8,16313.4121
55260,55320,434.91,1952.6,121.3,15980.3984
55320,55380,435.20,1953.1,123.2,16370.9434
55380,55440,436.68,1954.6,129.1,16344.3057
55440,55500,438.17,1956.2,176.9,16613.3887
55500,55560,440.20,1958.7,215.6,16999.2559
55560,55620,440.25,1957.9,166.1,16792.9844
55620,55680,437.42,1955.9,149.7,16987.8984
55680,55740,435.31,1954.5,141.0,16853.6270
55740,55800,434.30,1953.6,130.4,16917.5996
55800,55860,434.96,1953.5,130.5,16810.1016
55860,55920,436.35,1953.8,131.7,16802.7539
55920,55980,436.24,1953.1,122.6,16358.8584
55980,56040,435.77,1952.9,125.4,16589.9238
56040,56100,435.52,1952.9,125.4,16558.7285
56100,56160,435.34,1953.9,125.2,16702.0234
56160,56220,434.95,1954.9,145.4,16831.3301
56220,56280,435.24,1955.9,217.4,16616.7188
56280,56340,435.63,1955.1,222.1,16855.3320
56340,56400,435.52,1952.8,165.7,16667.1211
56400,56460,434.81,1952.6,139.1,16769.3359
56460,56520,434.70,1953.9,130.7,16664.9238
56520,56580,434.32,1953.8,122.7,16480.7227
56580,56640,434.58,1954.2,125.7,16774.6035
56640,56700,433.83,1953.4,114.1,16290.4707
56700,56760,434.33,1954.9,118.3,16458.9590
56760,56820,433.97,1954.4,112.6,16370.3760
56820,56880,434.70,1954.0,125.3,16451.9531
56880,56940,436.38,1954.2,131.2,16852.7656
56940,57000,437.22,1954.6,129.1,16458.6914
57000,57060,435.01,1955.2,125.8,16691.7793
57060,57120,434.50,1955.8,120.1,16931.8809
57120,57180,433.92,1955.6,116.0,16674.1133
57180,57240,433.97,1955.4,115.4,16566.9805
57240,57300,434.38,1956.1,122.8,16740.6152
57300,57360,434.65,1957.2,119.6,16985.5273
57360,57420,435.65,1957.1,120.1,16908.6602
57420,57480,-9999,-9999,-9999,-9999
57480,57540,-9999,-9999,-9999,-9999
57540,57600,-9999,-9999,-9999,-9999
57600,57660,-9999,-9999,-9999,-9999
57660,57720,434.29,1957.1,121.9,17102.7559
57720,57780,439.26,1956.9,143.2,17045.0117
57780,57840,435.37,1956.2,130.8,17026.2266
57840,57900,435.25,1956.8,137.9,17216.0313
57900,57960,436.62,1958.0,135.8,17379.3613
57960,58020,435.23,1957.0,136.3,17124.0547
58020,58080,437.40,1962.8,149.6,17105.5840
58080,58140,435.31,1960.6,138.2,17416.2070
58140,58200,438.86,1958.8,145.0,17346.1855
58200,58260,436.48,1958.9,131.1,17254.7871
58260,58320,437.95,1959.8,132.9,17584.2070
58320,58380,435.25,1960.0,143.1,18048.8887
58380,58440,438.07,1959.9,141.0,17870.3047
58440,58500,436.58,1959.5,138.3,17705.6582
58500,58560,434.90,1958.0,123.9,17359.1816
58560,58620,438.82,1959.6,137.5,17581.0742
58620,58680,435.58,1959.8,118.6,17435.5469
58680,58740,435.00,1959.9,120.0,17232.0859
58740,58800,434.44,1960.0,127.5,17190.1465
58800,58860,435.39,1960.8,126.7,17620.9824
58860,58920,435.30,1961.5,129.3,17826.2656
58920,58980,435.35,1961.8,135.3,17913.2910
58980,59040,434.02,1961.5,133.3,18186.7246
59040,59100,436.25,1961.9,134.1,17612.6992
59100,59160,435.27,1962.6,132.9,17727.3652
59160,59220,435.54,1963.7,134.2,17760.8828
59220,59280,436.33,1964.3,133.6,18028.5391
59280,59340,437.55,1965.4,145.0,18042.2598
59340,59400,438.45,1966.1,227.8,18157.0508
59400,59460,434.98,1965.5,122.1,17563.3301
59460,59520,435.54,1965.5,122.8,17547.7148
59520,59580,435.11,1965.8,122.2,17705.3828
59580,59640,436.82,1966.8,136.1,18265.2852
59640,59700,435.60,1965.2,129.4,17810.7031
59700,59760,436.33,1966.1,140.7,18700.0859
59760,59820,438.07,1967.4,148.7,18053.1035
59820,59880,435.73,1967.4,140.6,18082.4707
59880,59940,437.55,1969.9,201.0,18254.5801
59940,60000,435.24,1965.4,154.3,18311.7539
60000,60060,434.37,1964.6,131.9,18183.1563
60060,60120,434.96,1964.5,131.8,17857.5078
60120,60180,434.44,1963.9,125.9,17432.3555
60180,60240,434.04,1963.2,127.5,17636.5879
60240,60300,435.19,1963.4,131.5,17688.8340
60300,60360,436.16,1965.5,136.2,17939.1719
60360,60420,435.24,1966.5,131.1,17823.7070
60420,60480,434.56,1966.4,130.9,18125.2500
60480,60540,437.60,1965.9,144.7,18061.9863
60540,60600,438.46,1966.4,155.5,18602.2109
60600,60660,439.08,1966.7,155.1,18851.0059
60660,60720,438.54,1964.5,146.3,18276.4980
60720,60780,437.13,1964.3,152.7,18135.3594
60780,60840,441.03,1966.4,153.3,18112.2266
60840,60900,438.45,1966.1,152.4,18551.4922
60900,60960,438.25,1964.3,146.7,17755.7266
60960,61020,438.55,1964.1,139.0,18071.5234
61020,61080,437.06,1963.9,133.8,17819.2148
61080,61140,438.25,1964.0,159.5,18134.9063
61140,61200,434.76,1961.8,164.2,17958.6309
61200,61260,434.19,1961.3,138.7,18324.2988
61260,61320,436.12,1964.0,160.0,18678.7949
61320,61380,439.94,1967.9,166.2,18458.1094
61380,61440,438.20,1965.8,138.5,18071.0352
61440,61500,437.62,1964.7,130.4,17956.8613
61500,61560,437.78,1965.0,133.8,18191.2910
61560,61620,436.55,1965.7,135.1,18532.6660
61620,61680,437.36,1965.8,138.7,18693.6152
61680,61740,437.31,1966.9,136.1,18176.6035
61740,61800,439.24,1967.3,145.8,18191.7461
61800,61860,438.09,1966.1,147.1,18493.1797
61860,61920,441.03,1966.0,156.2,18722.6465
61920,61980,440.17,1965.4,142.5,19236.8848
61980,62040,436.93,1965.2,140.3,18848.9316
62040,62100,438.84,1964.4,139.1,18060.1855
62100,62160,439.85,1965.7,146.3,18219.0938
62160,62220,439.33,1966.7,143.6,18277.9902
62220,62280,440.88,1968.1,155.3,18596.9082
62280,62340,443.58,1969.9,178.0,18574.6445
62340,62400,442.94,1967.8,163.6,18962.9219
62400,62460,443.04,1966.7,147.5,18524.6230
62460,62520,438.01,1965.8,140.1,18291.4512
62520,62580,438.32,1966.7,141.5,18355.8672
62580,62640,438.70,1969.6,146.0,18721.1113
62640,62700,440.50,1970.4,176.1,19064.6543
62700,62760,440.48,1966.5,159.8,19626.3535
62760,62820,439.90,1962.5,145.3,18487.5977
62820,62880,438.80,1960.6,137.3,18275.8574
62880,62940,438.48,1959.6,134.7,17937.5781
62940,63000,440.76,1959.9,145.3,18155.3711
63000,63060,440.41,1962.2,147.5,18756.9141
63060,63120,439.33,1960.1,140.1,18082.3496
63120,63180,438.40,1961.0,140.0,18346.8496
63180,63240,440.35,1963.9,151.8,18960.5215
63240,63300,440.93,1960.0,151.8,18314.9648
63300,63360,438.57,1958.7,145.1,18258.6230
63360,63420,439.68,1961.5,157.7,18634.1875
63420,63480,439.37,1961.9,151.6,18803.2676
63480,63540,441.28,1962.6,163.2,18625.6855
63540,63600,440.60,1961.8,159.2,18881.7813
63600,63660,441.44,1961.8,159.2,18908.0938
63660,63720,438.62,1961.7,152.5,18580.8691
63720,63780,437.49,1962.6,151.8,18863.0625
63780,63840,441.90,1962.0,174.5,18852.2031
63840,63900,439.37,1962.1,150.2,18796.8398
63900,63960,440.52,1962.8,159.5,19236.4043
63960,64020,437.86,1961.0,147.7,18391.0703
64020,64080,437.55,1960.3,145.3,18290.3320
64080,64140,437.94,1961.1,146.9,18466.3672
64140,64200,435.78,1958.7,145.2,18480.2246
64200,64260,434.45,1956.0,138.9,17919.0898
64260,64320,433.80,1955.3,136.1,17816.9648
64320,64380,433.21,1954.1,136.6,17583.7324
64380,64440,433.98,1954.3,138.0,17686.7520
64440,64500,432.78,1953.9,132.8,17808.1934
64500,64560,432.52,1953.9,130.2,17739.3496
64560,64620,432.26,1954.5,133.0,18095.4102
64620,64680,435.17,1954.5,156.5,18235.9219
64680,64740,436.51,1954.8,169.0,18576.6172
64740,64800,435.15,1955.7,188.9,18390.1992
64800,64860,435.86,1955.5,171.4,18127.4258
64860,64920,434.30,1955.0,157.4,17882.3945
64920,64980,440.01,1955.9,242.0,18511.0488
64980,65040,435.28,1953.8,168.2,18019.8613
65040,65100,432.97,1953.0,148.5,18018.1582
65100,65160,430.56,1950.1,136.9,17743.6543
65160,65220,430.08,1949.2,135.2,17627.4375
65220,65280,430.28,1948.9,140.4,17734.9277
65280,65340,429.21,1947.0,137.7,17450.4824
65340,65400,429.49,1947.2,137.7,17381.4844
65400,65460,430.24,1947.1,136.5,17411.1230
65460,65520,429.55,1946.9,134.9,17359.4180
65520,65580,430.52,1946.6,135.2,17547.6309
65580,65640,428.90,1946.3,132.1,17256.2949
65640,65700,428.89,1945.1,126.7,17109.9121
65700,65760,428.83,1945.4,126.9,17080.4941
65760,65820,429.49,1946.9,132.6,17550.0254
65820,65880,428.89,1946.4,130.6,17381.0020
65880,65940,428.13,1944.2,128.2,17036.0137
65940,66000,427.89,1944.7,126.0,17033.2363
66000,66060,428.91,1945.0,141.2,17111.7051
66060,66120,429.35,1945.2,152.3,17268.3379
66120,66180,427.82,1943.9,220.8,16737.3691
66180,66240,428.44,1945.0,190.1,16842.9531
66240,66300,429.56,1947.2,139.9,17037.0957
66300,66360,428.86,1947.4,134.9,17204.1348
66360,66420,429.00,1947.5,132.4,17269.5020
66420,66480,429.00,1945.8,132.9,17257.5781
66480,66540,428.93,1946.2,134.9,17231.4785
66540,66600,427.48,1942.8,125.4,16735.7500
66600,66660,428.06,1943.9,127.2,17048.3242
66660,66720,428.35,1943.9,130.9,16871.3281
66720,66780,428.45,1944.0,129.1,16913.4922
66780,66840,428.50,1945.1,133.7,17108.6855
66840,66900,428.95,1944.4,138.1,17322.2402
66900,66960,427.99,1942.8,128.8,16805.2969
66960,67020,428.83,1944.2,136.5,17198.2012
67020,67080,428.84,1944.6,139.8,17308.1094
67080,67140,429.55,1945.4,137.5,17448.8320
67140,67200,430.86,1948.4,147.5,17777.0840
67200,67260,431.61,1946.9,148.6,17394.0605
67260,67320,430.54,1943.3,159.8,17059.4883
67320,67380,430.77,1941.5,143.4,16941.1152
67380,67440,428.53,1942.3,133.9,17161.7539
67440,67500,426.77,1940.7,130.4,16763.4277
67500,67560,426.09,1939.0,120.2,16291.8896
67560,67620,426.12,1939.4,120.5,16411.5059
67620,67680,426.45,1940.3,127.7,16593.1719
