CampaignData_and_Merges/R0/CSL_MobileLab_Parked/raw/20240818/USOS-jNO2_MobileLabGround_20240818_R0.ict
52,1001
Waxman, E.; Rollins, A.; Zuraski, K.; Chace, W.
NOAA Chemical Sciences Laboratory
jNO2 filter radiometer on CSL Mobile Lab
AMMBEC / USOS
1, 1
2024,08,18, 2025,04,01
60
Time_Start, seconds, number_of_seconds_since_0000_UTC
20
1, 1, 1, 1, 1, 1, 1, 1, 1, 1, 1, 1, 1, 1, 1, 1, 1, 1, 1, 1
-9999, -9999, -9999, -9999, -9999, -9999, -9999, -9999, -9999, -9999, -9999, -9999, -9999, -9999, -9999, -9999, -9999, -9999, -9999, -9999
Time_Stop, seconds, number_of_seconds_since_0000_UTC
jNO2_meas, per second, photolysis rate of NO2 measured using a filter radiometer.
jBrCl, per second, photolysis rate of BrCl -> Br + Cl calculated in TUV for cloud-free sky with local AOD
jBr2, per second, photolysis rate of Br2 -> Br + Br calculated in TUV for cloud-free sky with local AOD
jCCl4, per second, photolysis rate of CCl4 -> Products calcualted in TUV for cloud-free sky with local AOD
jCH2Oa, per second, photolysis rate of CH2O -> H + HCO calculated in TUV for cloud-free sky with local AOD
jCH2Ob, per second, photolysis rate of CH2O -> H2 + CO calculated in TUV for cloud-free sky with local AOD
jClNO2, per second, photolysis rate of ClNO2 -> Cl + NO2 calculated in TUV for cloud-free sky with local AOD
jClOa, per second, photolysis rate of ClO -> Cl + O(1D) calculated in TUV for cloud-free sky with local AOD
jClOb, per second, photolysis rate of ClO -> Cl + O(3P) calculated in TUV for cloud-free sky with local AOD
jCl2, per second, photolysis rate of Cl2 -> Cl + Cl calculated in TUV for cloud-free sky with local AOD
jHNO2, per second, photolysis rate of HNO2 -> OH + NO calculated in TUV for cloud-free sky with local AOD
jHNO3, per second, photolysis rate of HNO3 -> OH + NO2 calculated in TUV for cloud-free sky with local AOD
jI2, per second, photolysis rate of I2 -> I + I calculated in TUV for cloud-free sky with local AOD
jNO2, per second, photolysis rate of NO2 -> NO + O(3P) calculated in TUV for cloud-free sky with local AOD
jNO3a, per second, photolysis rate of NO3 -> NO + O2 calculated in TUV for cloud-free sky with local AOD
jNO3b, per second, photolysis rate of NO3 -> NO2 + O(3P) calculated in TUV for cloud-free sky with local AOD
jN2O5, per second, photolysis rate of N2O5 -> NO3 + NO + O(3P) calculated in TUV for cloud-free sky with local AOD
jO3, per second, photolysis rate of O3 -> O2 + O(1D) calculated in TUV for cloud-free sky with local AOD
AOD_500nm, unitless, UTC daily mean AOD at 500 nm from an AERONET station located at 40.178 N, -112.452 E
0
18
PI_CONTACT_INFO: eleanor.waxman@noaa.gov
PLATFORM: CSL Mobile Lab, at ground site
LOCATION: Salt Lake City, UT
ASSOCIATED_DATA:
INSTRUMENT_INFO: jNO2 filter radiometer.  TUV calculations are for mobile van lat/lon/altitude assuming clear sky (cloud AOD = 0) and daily mean AOD.
DATA_INFO:
UNCERTAINTY: Data uncertainties are +/- 20%.  These come from uncertainties in radiometer angular response, radiometer thermal response, local interferences from clouds/aerosols/shadows etc.
ULOD_FLAG: -7777
ULOD_VALUE: N/A
LLOD_FLAG: -8888
LLOD_VALUE: N/A
DM_CONTACT_INFO: eleanor.waxman@noaa.gov
PROJECT_INFO: USOS Project, July - August 2024
STIPULATIONS_ON_USE: Users are strongly encouraged to contact the PI for proper data usage.
OTHER_COMMENTS: 
REVISION: R0
R0: final data
Time_Start, Time_Stop, jNO2_meas, jBrCl, jBr2, jCCl4, jCH2Oa, jCH2Ob, jClNO2, jClOa, jClOb, jCl2, jHNO2, jHNO3, jI2, jNO2, jNO3a, jNO3b, jN2O5, jO3, AOD_500nm
       0,      60,0.0060238,0.007236,0.02357,1.415e-25,1.22e-05,2.301e-05,0.0002318,5.058e-26,8.581e-06,0.001275,0.0008787,1.656e-07,0.08883,0.005629,0.01769,0.139,1.915e-05,5.28e-06,0.053
      60,     120,0.006064,0.007202,0.02348,1.392e-25,1.206e-05,2.28e-05,0.0002298,4.98e-26,8.421e-06,0.001266,0.0008728,1.633e-07,0.08859,0.005595,0.01765,0.1387,1.897e-05,5.18e-06,0.053
     120,     180,0.00602,0.007169,0.0234,1.371e-25,1.192e-05,2.26e-05,0.0002279,4.907e-26,8.272e-06,0.001257,0.0008672,1.611e-07,0.08836,0.005562,0.01762,0.1384,1.88e-05,5.086e-06,0.053
     180,     240,0.0059859,0.007134,0.02331,1.349e-25,1.178e-05,2.239e-05,0.0002259,4.831e-26,8.114e-06,0.001248,0.0008611,1.588e-07,0.08811,0.005527,0.01758,0.138,1.862e-05,4.988e-06,0.053
     240,     300,0.0059486,0.007099,0.02323,1.328e-25,1.164e-05,2.218e-05,0.0002239,4.757e-26,7.959e-06,0.001239,0.000855,1.565e-07,0.08786,0.005491,0.01754,0.1376,1.845e-05,4.89e-06,0.053
     300,     360,0.005921,0.007066,0.02314,1.308e-25,1.151e-05,2.198e-05,0.000222,4.689e-26,7.814e-06,0.00123,0.0008493,1.544e-07,0.08762,0.005458,0.0175,0.1373,1.828e-05,4.799e-06,0.053
     360,     420,0.0058685,0.00703,0.02305,1.288e-25,1.137e-05,2.177e-05,0.00022,4.617e-26,7.661e-06,0.00122,0.0008431,1.521e-07,0.08736,0.005422,0.01746,0.1369,1.81e-05,4.704e-06,0.053
     420,     480,0.0057837,0.006994,0.02296,1.267e-25,1.123e-05,2.156e-05,0.000218,4.547e-26,7.51e-06,0.001211,0.0008369,1.499e-07,0.0871,0.005385,0.01741,0.1365,1.792e-05,4.609e-06,0.053
     480,     540,0.0057392,0.00696,0.02287,1.248e-25,1.109e-05,2.136e-05,0.0002161,4.482e-26,7.369e-06,0.001201,0.000831,1.477e-07,0.08685,0.005351,0.01737,0.1362,1.775e-05,4.521e-06,0.053
     540,     600,0.0053337,0.006923,0.02278,1.229e-25,1.095e-05,2.114e-05,0.000214,4.414e-26,7.219e-06,0.001192,0.0008247,1.455e-07,0.08659,0.005314,0.01733,0.1358,1.757e-05,4.428e-06,0.053
     600,     660,0.0043547,0.006885,0.02268,1.21e-25,1.081e-05,2.093e-05,0.0002119,4.347e-26,7.072e-06,0.001182,0.0008184,1.433e-07,0.08631,0.005277,0.01729,0.1354,1.739e-05,4.337e-06,0.053
     660,     720,0.0055165,0.00685,0.02259,1.192e-25,1.068e-05,2.072e-05,0.00021,4.285e-26,6.935e-06,0.001173,0.0008124,1.412e-07,0.08605,0.005242,0.01725,0.135,1.721e-05,4.252e-06,0.053
     720,     780,0.0035776,0.006812,0.02249,1.173e-25,1.054e-05,2.051e-05,0.0002079,4.221e-26,6.791e-06,0.001163,0.0008059,1.39e-07,0.08578,0.005204,0.0172,0.1346,1.703e-05,4.162e-06,0.053
     780,     840,0.0042371,0.006774,0.02239,1.155e-25,1.04e-05,2.029e-05,0.0002059,4.158e-26,6.648e-06,0.001153,0.0007995,1.368e-07,0.08549,0.005166,0.01716,0.1342,1.685e-05,4.073e-06,0.053
     840,     900,0.0053791,0.006737,0.0223,1.138e-25,1.026e-05,2.009e-05,0.0002039,4.099e-26,6.515e-06,0.001143,0.0007933,1.347e-07,0.08522,0.00513,0.01711,0.1338,1.668e-05,3.991e-06,0.053
     900,     960,0.0048893,0.006698,0.0222,1.121e-25,1.012e-05,1.987e-05,0.0002018,4.038e-26,6.375e-06,0.001133,0.0007867,1.325e-07,0.08493,0.005091,0.01707,0.1334,1.649e-05,3.904e-06,0.053
     960,    1020,0.005504,0.006658,0.0221,1.104e-25,9.981e-06,1.965e-05,0.0001997,3.978e-26,6.237e-06,0.001123,0.0007801,1.303e-07,0.08464,0.005052,0.01702,0.1329,1.631e-05,3.819e-06,0.053
    1020,    1080,0.0054215,0.006621,0.022,1.088e-25,9.849e-06,1.944e-05,0.0001977,3.922e-26,6.108e-06,0.001114,0.0007739,1.283e-07,0.08436,0.005015,0.01697,0.1325,1.614e-05,3.739e-06,0.053
    1080,    1140,0.0054151,0.00658,0.02189,1.071e-25,9.708e-06,1.922e-05,0.0001956,3.864e-26,5.973e-06,0.001104,0.0007672,1.262e-07,0.08405,0.004976,0.01692,0.1321,1.595e-05,3.656e-06,0.053
    1140,    1200,0.0054197,0.00654,0.02179,1.054e-25,9.568e-06,1.9e-05,0.0001935,3.807e-26,5.839e-06,0.001093,0.0007604,1.24e-07,0.08375,0.004936,0.01687,0.1316,1.577e-05,3.574e-06,0.053
    1200,    1260,0.0053714,0.006501,0.02169,1.039e-25,9.436e-06,1.879e-05,0.0001915,3.753e-26,5.714e-06,0.001083,0.000754,1.22e-07,0.08345,0.004898,0.01683,0.1312,1.559e-05,3.497e-06,0.053
    1260,    1320,0.0053426,0.006459,0.02158,1.023e-25,9.296e-06,1.857e-05,0.0001894,3.698e-26,5.584e-06,0.001073,0.0007471,1.199e-07,0.08314,0.004858,0.01678,0.1307,1.541e-05,3.416e-06,0.053
    1320,    1380,0.0052978,0.006417,0.02147,1.008e-25,9.157e-06,1.834e-05,0.0001872,3.643e-26,5.455e-06,0.001063,0.0007403,1.178e-07,0.08282,0.004817,0.01672,0.1303,1.522e-05,3.337e-06,0.053
    1380,    1440,0.0052421,0.006377,0.02136,9.932e-26,9.026e-06,1.813e-05,0.0001852,3.593e-26,5.335e-06,0.001053,0.0007338,1.158e-07,0.08251,0.004778,0.01667,0.1298,1.505e-05,3.264e-06,0.053
    1440,    1500,0.0051755,0.006335,0.02125,9.78e-26,8.887e-06,1.791e-05,0.0001831,3.54e-26,5.209e-06,0.001042,0.0007268,1.137e-07,0.08218,0.004737,0.01662,0.1294,1.486e-05,3.187e-06,0.053
    1500,    1560,0.0051036,0.006291,0.02114,9.631e-26,8.748e-06,1.769e-05,0.0001809,3.488e-26,5.085e-06,0.001032,0.0007198,1.117e-07,0.08185,0.004695,0.01657,0.1289,1.468e-05,3.111e-06,0.053
    1560,    1620,0.0050134,0.00625,0.02103,9.492e-26,8.618e-06,1.747e-05,0.0001789,3.439e-26,4.969e-06,0.001022,0.0007131,1.097e-07,0.08153,0.004656,0.01652,0.1284,1.45e-05,3.04e-06,0.053
    1620,    1680,0.004956,0.006206,0.02091,9.347e-26,8.48e-06,1.725e-05,0.0001767,3.389e-26,4.848e-06,0.001011,0.000706,1.077e-07,0.08119,0.004613,0.01646,0.1279,1.431e-05,2.966e-06,0.053
    1680,    1740,0.0048986,0.006162,0.02079,9.205e-26,8.342e-06,1.702e-05,0.0001745,3.339e-26,4.729e-06,0.001,0.0006988,1.057e-07,0.08084,0.004571,0.0164,0.1274,1.413e-05,2.893e-06,0.053
    1740,    1800,0.0048422,0.006119,0.02068,9.073e-26,8.213e-06,1.681e-05,0.0001725,3.293e-26,4.618e-06,0.0009901,0.0006921,1.038e-07,0.08051,0.00453,0.01635,0.1269,1.395e-05,2.826e-06,0.053
    1800,    1860,0.00479,0.006074,0.02056,8.936e-26,8.076e-06,1.659e-05,0.0001703,3.245e-26,4.502e-06,0.0009793,0.0006848,1.018e-07,0.08015,0.004487,0.01629,0.1264,1.376e-05,2.755e-06,0.053
    1860,    1920,0.0047444,0.006028,0.02044,8.8e-26,7.939e-06,1.636e-05,0.0001681,3.197e-26,4.387e-06,0.0009683,0.0006775,9.981e-08,0.07979,0.004443,0.01623,0.1258,1.358e-05,2.685e-06,0.053
    1920,    1980,0.0047025,0.005984,0.02032,8.674e-26,7.811e-06,1.615e-05,0.0001661,3.153e-26,4.281e-06,0.000958,0.0006706,9.796e-08,0.07944,0.004402,0.01617,0.1253,1.34e-05,2.621e-06,0.053
    1980,    2040,0.0040432,0.005937,0.02019,8.543e-26,7.676e-06,1.592e-05,0.0001639,3.107e-26,4.17e-06,0.0009471,0.0006633,9.601e-08,0.07907,0.004358,0.01611,0.1248,1.321e-05,2.553e-06,0.053
    2040,    2100,0.0040028,0.00589,0.02007,8.413e-26,7.541e-06,1.569e-05,0.0001617,3.061e-26,4.06e-06,0.000936,0.0006559,9.407e-08,0.07869,0.004314,0.01605,0.1242,1.302e-05,2.487e-06,0.053
    2100,    2160,0.0040028,0.005845,0.01995,8.293e-26,7.414e-06,1.548e-05,0.0001596,3.019e-26,3.959e-06,0.0009256,0.0006489,9.227e-08,0.07833,0.004271,0.01599,0.1237,1.285e-05,2.425e-06,0.053
    2160,    2220,0.0040028,0.005797,0.01981,8.167e-26,7.28e-06,1.525e-05,0.0001574,2.975e-26,3.853e-06,0.0009145,0.0006414,9.036e-08,0.07793,0.004225,0.01593,0.1231,1.266e-05,2.361e-06,0.053
    2220,    2280,0.0040028,0.005747,0.01968,8.042e-26,7.146e-06,1.502e-05,0.0001552,2.931e-26,3.748e-06,0.0009029,0.0006335,8.846e-08,0.07754,0.00418,0.01586,0.1225,1.247e-05,2.298e-06,0.053
    2280,    2340,0.0040028,0.0057,0.01955,7.927e-26,7.018e-06,1.481e-05,0.0001531,2.891e-26,3.651e-06,0.0008925,0.0006264,8.668e-08,0.07715,0.004135,0.0158,0.122,1.229e-05,2.239e-06,0.053
    2340,    2400,0.0040028,0.005644,0.0194,7.807e-26,6.884e-06,1.457e-05,0.0001508,2.848e-26,3.549e-06,0.0008803,0.0006179,8.482e-08,0.07674,0.004083,0.01573,0.1214,1.21e-05,2.178e-06,0.053
    2400,    2460,0.0040028,0.005603,0.01928,7.688e-26,6.756e-06,1.435e-05,0.0001487,2.807e-26,3.451e-06,0.0008704,0.0006115,8.302e-08,0.07634,0.004046,0.01566,0.1208,1.193e-05,2.119e-06,0.053
    2460,    2520,0.0040028,0.005555,0.01915,7.577e-26,6.636e-06,1.414e-05,0.0001467,2.768e-26,3.359e-06,0.0008597,0.0006042,8.132e-08,0.07594,0.004002,0.0156,0.1202,1.175e-05,2.063e-06,0.053
    2520,    2580,0.0040028,0.005504,0.01901,7.462e-26,6.505e-06,1.391e-05,0.0001444,2.727e-26,3.262e-06,0.0008482,0.0005965,7.949e-08,0.07551,0.003955,0.01553,0.1196,1.156e-05,2.005e-06,0.053
    2580,    2640,0.0040028,0.005452,0.01887,7.346e-26,6.373e-06,1.368e-05,0.0001422,2.687e-26,3.168e-06,0.0008367,0.0005886,7.77e-08,0.07507,0.003907,0.01546,0.1189,1.137e-05,1.948e-06,0.053
    2640,    2700,0.0040028,0.005403,0.01873,7.241e-26,6.252e-06,1.347e-05,0.0001401,2.65e-26,3.081e-06,0.000826,0.0005813,7.604e-08,0.07466,0.003862,0.01539,0.1183,1.12e-05,1.896e-06,0.053
    2700,    2760,0.0040028,0.00535,0.01859,7.13e-26,6.124e-06,1.324e-05,0.0001379,2.611e-26,2.99e-06,0.0008145,0.0005735,7.428e-08,0.07421,0.003815,0.01531,0.1176,1.101e-05,1.841e-06,0.053
    2760,    2820,0.0040028,0.005297,0.01844,7.021e-26,5.998e-06,1.302e-05,0.0001357,2.572e-26,2.9e-06,0.000803,0.0005656,7.256e-08,0.07376,0.003766,0.01524,0.117,1.083e-05,1.787e-06,0.053
    2820,    2880,0.0040028,0.005247,0.0183,6.92e-26,5.879e-06,1.28e-05,0.0001336,2.536e-26,2.818e-06,0.0007922,0.0005582,7.095e-08,0.07332,0.003721,0.01516,0.1163,1.065e-05,1.738e-06,0.053
    2880,    2940,0.0040028,0.005193,0.01814,6.813e-26,5.752e-06,1.258e-05,0.0001314,2.499e-26,2.731e-06,0.0007805,0.0005502,6.924e-08,0.07285,0.003672,0.01509,0.1156,1.047e-05,1.686e-06,0.053
    2940,    3000,0.0040028,0.005138,0.01799,6.708e-26,5.628e-06,1.235e-05,0.0001292,2.462e-26,2.647e-06,0.000769,0.0005422,6.757e-08,0.07238,0.003623,0.01501,0.1149,1.028e-05,1.636e-06,0.053
    3000,    3060,0.0040028,0.005086,0.01784,6.611e-26,5.512e-06,1.214e-05,0.0001271,2.427e-26,2.57e-06,0.0007581,0.0005347,6.602e-08,0.07192,0.003577,0.01493,0.1143,1.011e-05,1.59e-06,0.053
    3060,    3120,0.0040028,0.00503,0.01769,6.509e-26,5.389e-06,1.192e-05,0.0001249,2.391e-26,2.489e-06,0.0007464,0.0005267,6.439e-08,0.07143,0.003527,0.01485,0.1135,9.927e-06,1.541e-06,0.053
    3120,    3180,0.0040028,0.004974,0.01753,6.408e-26,5.267e-06,1.169e-05,0.0001227,2.355e-26,2.409e-06,0.0007348,0.0005186,6.277e-08,0.07093,0.003477,0.01476,0.1128,9.744e-06,1.494e-06,0.053
    3180,    3240,0.0040028,0.004921,0.01737,6.314e-26,5.154e-06,1.148e-05,0.0001206,2.322e-26,2.336e-06,0.0007238,0.000511,6.127e-08,0.07046,0.00343,0.01468,0.1121,9.572e-06,1.45e-06,0.053
    3240,    3300,0.0040028,0.004864,0.01721,6.215e-26,5.033e-06,1.126e-05,0.0001184,2.287e-26,2.26e-06,0.000712,0.0005029,5.969e-08,0.06994,0.00338,0.0146,0.1113,9.389e-06,1.404e-06,0.053
    3300,    3360,0.0040028,0.004806,0.01704,6.118e-26,4.915e-06,1.104e-05,0.0001162,2.253e-26,2.185e-06,0.0007003,0.0004947,5.813e-08,0.06942,0.003329,0.01451,0.1105,9.208e-06,1.36e-06,0.053
    3360,    3420,0.0040028,0.004751,0.01688,6.027e-26,4.804e-06,1.083e-05,0.0001141,2.221e-26,2.117e-06,0.0006892,0.0004871,5.669e-08,0.06892,0.003281,0.01442,0.1098,9.038e-06,1.319e-06,0.053
    3420,    3480,0.0040028,0.004692,0.01671,5.932e-26,4.688e-06,1.061e-05,0.000112,2.187e-26,2.046e-06,0.0006775,0.0004789,5.518e-08,0.06838,0.00323,0.01433,0.109,8.858e-06,1.276e-06,0.053
    3480,    3540,0.0040028,0.004633,0.01654,5.839e-26,4.572e-06,1.039e-05,0.0001098,2.154e-26,1.976e-06,0.0006657,0.0004707,5.369e-08,0.06783,0.003179,0.01424,0.1082,8.679e-06,1.235e-06,0.053
    3540,    3600,0.0036389,0.004577,0.01638,5.752e-26,4.465e-06,1.019e-05,0.0001077,2.123e-26,1.912e-06,0.0006546,0.000463,5.231e-08,0.0673,0.003131,0.01415,0.1074,8.511e-06,1.197e-06,0.053
    3600,    3660,0.0031532,0.004516,0.0162,5.66e-26,4.351e-06,9.968e-06,0.0001056,2.09e-26,1.846e-06,0.0006428,0.0004547,5.085e-08,0.06673,0.003079,0.01405,0.1065,8.333e-06,1.157e-06,0.053
    3660,    3720,0.0024788,0.004455,0.01602,5.57e-26,4.24e-06,9.752e-06,0.0001034,2.058e-26,1.781e-06,0.0006311,0.0004464,4.943e-08,0.06615,0.003027,0.01396,0.1057,8.156e-06,1.118e-06,0.053
    3720,    3780,0.0024078,0.004397,0.01585,5.487e-26,4.135e-06,9.55e-06,0.0001014,2.028e-26,1.721e-06,0.00062,0.0004387,4.81e-08,0.0656,0.002978,0.01386,0.1049,7.99e-06,1.083e-06,0.053
    3780,    3840,0.0018918,0.004335,0.01566,5.399e-26,4.026e-06,9.336e-06,9.922e-05,1.997e-26,1.66e-06,0.0006082,0.0004304,4.671e-08,0.065,0.002925,0.01376,0.104,7.815e-06,1.046e-06,0.053
    3840,    3900,0.0017041,0.004273,0.01548,5.311e-26,3.918e-06,9.124e-06,9.709e-05,1.966e-26,1.6e-06,0.0005964,0.0004221,4.536e-08,0.0644,0.002873,0.01366,0.1031,7.641e-06,1.01e-06,0.053
    3900,    3960,0.0017293,0.004213,0.0153,5.23e-26,3.817e-06,8.924e-06,9.508e-05,1.937e-26,1.545e-06,0.0005853,0.0004143,4.409e-08,0.06381,0.002823,0.01356,0.1022,7.478e-06,9.772e-07,0.053
    3960,    4020,0.0016271,0.004147,0.0151,5.079e-26,3.71e-06,8.707e-06,9.287e-05,1.889e-26,1.488e-06,0.000573,0.0004056,4.275e-08,0.06317,0.002768,0.01345,0.1012,7.299e-06,9.428e-07,0.053
    4020,    4080,0.0015744,0.004081,0.0149,5.054e-26,3.601e-06,8.492e-06,9.07e-05,1.874e-26,1.429e-06,0.000561,0.0003972,4.139e-08,0.0625,0.002714,0.01333,0.1002,7.123e-06,9.082e-07,0.053
    4080,    4140,0.0017872,0.004021,0.01471,4.914e-26,3.505e-06,8.299e-06,8.874e-05,1.822e-26,1.377e-06,0.00055,0.0003894,4.019e-08,0.06189,0.002664,0.01322,0.09932,6.964e-06,8.77e-07,0.053
    4140,    4200,0.0016226,0.003956,0.01452,4.894e-26,3.404e-06,8.095e-06,8.666e-05,1.817e-26,1.326e-06,0.0005384,0.0003811,3.896e-08,0.06123,0.002611,0.01311,0.09834,6.796e-06,8.459e-07,0.053
    4200,    4260,0.0016533,0.003891,0.01431,4.813e-26,3.305e-06,7.893e-06,8.46e-05,1.788e-26,1.275e-06,0.0005267,0.0003729,3.774e-08,0.06057,0.002558,0.013,0.09734,6.63e-06,8.156e-07,0.053
    4260,    4320,0.0020249,0.003828,0.01412,4.736e-26,3.213e-06,7.703e-06,8.266e-05,1.761e-26,1.229e-06,0.0005157,0.0003651,3.661e-08,0.05992,0.002508,0.01288,0.09637,6.473e-06,7.876e-07,0.053
    4320,    4380,0.0022023,0.003762,0.01392,4.657e-26,3.117e-06,7.504e-06,8.062e-05,1.732e-26,1.181e-06,0.0005042,0.0003569,3.544e-08,0.05923,0.002454,0.01276,0.09533,6.309e-06,7.588e-07,0.053
    4380,    4440,0.0021934,0.003699,0.01372,4.584e-26,3.025e-06,7.318e-06,7.87e-05,1.706e-26,1.135e-06,0.0004933,0.0003491,3.432e-08,0.05855,0.002404,0.01264,0.0943,6.155e-06,7.314e-07,0.053
    4440,    4500,0.0022143,0.003635,0.01352,4.51e-26,2.939e-06,7.135e-06,7.682e-05,1.679e-26,1.093e-06,0.0004824,0.0003414,3.328e-08,0.05789,0.002354,0.01253,0.0933,6.004e-06,7.062e-07,0.053
    4500,    4560,0.0022235,0.003568,0.01331,4.433e-26,2.847e-06,6.942e-06,7.482e-05,1.652e-26,1.05e-06,0.000471,0.0003332,3.217e-08,0.05716,0.0023,0.0124,0.09221,5.844e-06,6.798e-07,0.053
    4560,    4620,0.0022702,0.003499,0.01309,4.356e-26,2.756e-06,6.75e-06,7.284e-05,1.624e-26,1.007e-06,0.0004595,0.0003251,3.108e-08,0.05641,0.002247,0.01227,0.09108,5.685e-06,6.539e-07,0.053
    4620,    4680,0.0023313,0.003434,0.01288,4.285e-26,2.673e-06,6.572e-06,7.099e-05,1.598e-26,9.679e-07,0.0004488,0.0003174,3.008e-08,0.0557,0.002196,0.01214,0.09001,5.538e-06,6.304e-07,0.053
    4680,    4740,0.0022535,0.003365,0.01266,4.209e-26,2.586e-06,6.386e-06,6.905e-05,1.571e-26,9.279e-07,0.0004375,0.0003093,2.904e-08,0.05493,0.002143,0.01201,0.08885,5.383e-06,6.061e-07,0.053
    4740,    4800,0.002175,0.003296,0.01244,4.135e-26,2.5e-06,6.201e-06,6.712e-05,1.545e-26,8.891e-07,0.0004262,0.0003013,2.802e-08,0.05415,0.00209,0.01187,0.08767,5.23e-06,5.825e-07,0.053
    4800,    4860,0.0021606,0.00323,0.01222,4.066e-26,2.421e-06,6.03e-06,6.533e-05,1.52e-26,8.538e-07,0.0004157,0.0002938,2.709e-08,0.0534,0.00204,0.01173,0.08653,5.087e-06,5.61e-07,0.053
    4860,    4920,0.0021859,0.00316,0.01199,3.993e-26,2.339e-06,5.851e-06,6.345e-05,1.493e-26,8.176e-07,0.0004046,0.0002858,2.612e-08,0.05259,0.001987,0.01159,0.0853,4.938e-06,5.389e-07,0.053
    4920,    4980,0.0021533,0.003089,0.01176,3.921e-26,2.258e-06,5.673e-06,6.158e-05,1.467e-26,7.823e-07,0.0003935,0.0002779,2.517e-08,0.05176,0.001934,0.01144,0.08405,4.789e-06,5.173e-07,0.053
