CampaignData_and_Merges/R0/CSL_MobileLab_Parked/raw/20240818/USOS-O3_MobileLabGround_20240818_R0.ict
34, 1001
Carrie Womack
NOAA Chemical Sciences Laboratory
2B Tech O3 UV Analyzer
USOS
1, 1
2024, 08, 18, 2024, 12, 21
60
Time_Start, seconds_past_midnight, Seconds from midnight UTC
1
1
-9999
O3_ppb, ppb, Ozone from 2B Tech UV Analyzer
1
SPECIAL COMMENTS:
18
PI_CONTACT_INFO: Address: 325 Broadway R/CSL7, Boulder, CO, 80305
PLATFORM: CSL Mobile Lab
LOCATION: Salt Lake City, UT
ASSOCIATED_DATA: N/A
INSTRUMENT_INFO: N/A
DATA_INFO: Units:
UNCERTAINTY: N/A
ULOD_FLAG: -7777
ULOD_VALUE: N/A
LLOD_FLAG: -8888
LLOD_VALUE: N/A
DM_CONTACT_INFO: Data Manager: Nate Howard
PROJECT_INFO: 
STIPULATIONS_ON_USE: Use of these data require prior ok from PI.
OTHER_COMMENTS: N/A
REVISION: R0
R0: Final data. RA: Preliminary Data.  For in-field use only.
Time_Start, O3_ppb
0.0,40.5
60.0,40.3
120.0,42.5
180.0,42.2
240.0,42.6
300.0,42.0
360.0,43.7
420.0,43.9
480.0,43.8
540.0,43.2
600.0,44.9
660.0,45.1
720.0,44.5
780.0,47.2
840.0,46.9
900.0,46.0
960.0,47.9
1020.0,46.7
1080.0,45.9
1140.0,43.9
1200.0,44.0
1260.0,45.4
1320.0,47.1
1380.0,44.5
1440.0,45.0
1500.0,44.3
1560.0,44.9
1620.0,44.4
1680.0,45.1
1740.0,44.7
1800.0,44.5
1860.0,45.2
1920.0,45.2
1980.0,45.6
2040.0,44.0
2100.0,44.7
2160.0,44.2
2220.0,44.4
2280.0,44.0
2340.0,44.3
2400.0,44.6
2460.0,45.1
2520.0,46.0
2580.0,46.5
2640.0,46.5
2700.0,45.0
2760.0,45.5
2820.0,45.4
2880.0,46.6
2940.0,45.4
3000.0,42.2
3060.0,42.9
3120.0,44.1
3180.0,45.4
3240.0,44.5
3300.0,45.9
3360.0,45.4
3420.0,44.6
3480.0,45.8
3540.0,45.4
3600.0,45.5
3660.0,46.0
3720.0,45.0
3780.0,44.8
3840.0,44.2
3900.0,44.5
3960.0,44.3
4020.0,44.9
4080.0,43.3
4140.0,44.5
4200.0,43.7
4260.0,43.8
4320.0,44.8
4380.0,44.6
4440.0,44.3
4500.0,43.1
4560.0,43.2
4620.0,42.2
4680.0,43.4
4740.0,43.6
4800.0,43.4
4860.0,43.9
4920.0,42.9
4980.0,42.0
5040.0,43.5
5100.0,43.9
5160.0,43.3
5220.0,42.5
5280.0,43.5
5340.0,42.4
5400.0,42.5
5460.0,42.1
5520.0,43.9
5580.0,43.4
5640.0,43.1
5700.0,44.2
5760.0,42.6
5820.0,42.7
5880.0,42.8
5940.0,42.2
6000.0,41.6
6060.0,42.3
6120.0,43.1
6180.0,40.7
6240.0,41.8
6300.0,42.5
6360.0,41.4
6420.0,41.7
6480.0,41.8
6540.0,41.6
6600.0,42.3
6660.0,42.3
6720.0,41.0
6780.0,41.4
6840.0,41.8
6900.0,40.3
6960.0,39.9
7020.0,38.2
7080.0,40.5
7140.0,41.3
7200.0,39.8
7260.0,39.4
7320.0,39.3
7380.0,40.6
7440.0,40.6
7500.0,39.5
7560.0,39.5
7620.0,40.2
7680.0,41.2
7740.0,39.7
7800.0,40.2
7860.0,38.9
7920.0,40.8
7980.0,40.7
8040.0,41.0
8100.0,39.4
8160.0,40.0
8220.0,38.1
8280.0,36.6
8340.0,34.7
8400.0,33.0
8460.0,34.3
8520.0,36.0
8580.0,35.4
8640.0,35.7
8700.0,34.6
8760.0,34.7
8820.0,35.1
8880.0,32.2
8940.0,35.6
9000.0,33.6
9060.0,32.2
9120.0,30.6
9180.0,31.7
9240.0,32.2
9300.0,32.2
9360.0,31.6
9420.0,36.5
9480.0,33.4
9540.0,30.1
9600.0,25.7
9660.0,23.9
9720.0,25.8
9780.0,24.3
9840.0,23.4
9900.0,22.6
9960.0,25.5
10020.0,24.4
10080.0,23.1
10140.0,24.2
10200.0,24.8
10260.0,24.5
10320.0,25.3
10380.0,23.1
10440.0,24.6
10500.0,24.3
10560.0,24.5
10620.0,25.2
10680.0,26.2
10740.0,25.7
10800.0,22.9
10860.0,18.7
10920.0,19.6
10980.0,17.9
11040.0,21.9
11100.0,25.2
11160.0,24.6
11220.0,23.9
11280.0,22.6
11340.0,25.9
11400.0,25.0
11460.0,23.2
11520.0,23.5
11580.0,25.1
11640.0,22.9
11700.0,19.4
11760.0,25.9
11820.0,29.0
11880.0,26.8
11940.0,24.5
12000.0,30.9
12060.0,32.4
12120.0,33.4
12180.0,32.3
12240.0,32.2
12300.0,31.1
12360.0,31.1
12420.0,31.2
12480.0,30.4
12540.0,30.2
12600.0,30.1
12660.0,29.7
12720.0,29.9
12780.0,28.0
12840.0,28.7
12900.0,27.9
12960.0,28.1
13020.0,28.8
13080.0,29.2
13140.0,29.1
13200.0,29.3
13260.0,28.0
13320.0,30.2
13380.0,28.0
13440.0,27.5
13500.0,26.3
13560.0,29.9
13620.0,29.6
13680.0,30.9
13740.0,30.5
13800.0,30.3
13860.0,27.7
13920.0,20.6
13980.0,27.4
14040.0,28.8
14100.0,25.4
14160.0,25.3
14220.0,26.0
14280.0,29.6
14340.0,28.2
14400.0,28.0
14460.0,29.0
14520.0,26.0
14580.0,25.6
14640.0,30.8
14700.0,30.6
14760.0,29.3
14820.0,29.5
14880.0,29.9
14940.0,28.6
15000.0,28.0
15060.0,25.0
15120.0,25.6
15180.0,23.8
15240.0,23.6
15300.0,22.6
15360.0,23.5
15420.0,24.0
15480.0,23.1
15540.0,22.2
15600.0,22.9
15660.0,22.5
15720.0,21.8
15780.0,20.6
15840.0,21.4
15900.0,21.8
15960.0,20.8
16020.0,21.8
16080.0,18.2
16140.0,21.1
16200.0,22.6
16260.0,22.0
16320.0,21.5
16380.0,20.2
16440.0,22.3
16500.0,22.5
16560.0,22.1
16620.0,22.4
16680.0,22.0
16740.0,22.8
16800.0,21.4
16860.0,21.3
16920.0,20.8
16980.0,20.1
17040.0,19.6
17100.0,20.5
17160.0,18.7
17220.0,19.5
17280.0,18.7
17340.0,19.7
17400.0,22.0
17460.0,23.0
17520.0,22.6
17580.0,22.6
17640.0,23.1
17700.0,22.9
17760.0,22.0
17820.0,22.6
17880.0,24.2
17940.0,28.4
18000.0,29.0
18060.0,25.5
18120.0,26.7
18180.0,28.6
18240.0,29.6
18300.0,31.2
18360.0,26.0
18420.0,24.3
18480.0,26.9
18540.0,26.3
18600.0,29.7
18660.0,28.1
18720.0,30.5
18780.0,28.5
18840.0,27.1
18900.0,26.6
18960.0,25.2
19020.0,25.6
19080.0,26.3
19140.0,31.5
19200.0,36.9
19260.0,39.7
19320.0,39.7
19380.0,38.8
19440.0,39.4
19500.0,39.1
19560.0,40.7
19620.0,41.0
19680.0,40.9
19740.0,41.1
19800.0,41.0
19860.0,40.7
19920.0,42.2
19980.0,41.4
20040.0,42.3
20100.0,42.0
20160.0,42.0
20220.0,41.6
20280.0,40.2
20340.0,41.5
20400.0,42.2
20460.0,40.7
20520.0,40.9
20580.0,40.0
20640.0,39.6
20700.0,40.0
20760.0,39.9
20820.0,40.8
20880.0,42.5
20940.0,41.6
21000.0,41.5
21060.0,42.3
21120.0,41.6
21180.0,41.0
21240.0,41.3
21300.0,41.8
21360.0,40.4
21420.0,41.3
21480.0,42.3
21540.0,42.1
21600.0,40.5
21660.0,41.2
21720.0,41.0
21780.0,40.0
21840.0,39.7
21900.0,38.8
21960.0,39.3
22020.0,39.9
22080.0,39.2
22140.0,35.9
22200.0,33.1
22260.0,37.7
22320.0,36.4
22380.0,38.3
22440.0,39.0
22500.0,37.8
22560.0,38.8
22620.0,38.7
22680.0,40.0
22740.0,39.3
22800.0,39.6
22860.0,39.5
22920.0,38.8
22980.0,39.2
23040.0,37.2
23100.0,37.9
23160.0,39.3
23220.0,38.0
23280.0,37.7
23340.0,39.2
23400.0,40.4
23460.0,39.8
23520.0,39.8
23580.0,40.0
23640.0,36.9
23700.0,35.7
23760.0,35.1
23820.0,36.8
23880.0,39.5
23940.0,35.1
24000.0,34.0
24060.0,36.9
24120.0,36.5
24180.0,39.1
24240.0,38.9
24300.0,35.5
24360.0,34.5
24420.0,32.2
24480.0,33.9
24540.0,33.3
24600.0,34.4
24660.0,35.9
24720.0,34.2
24780.0,32.2
24840.0,34.4
24900.0,33.5
24960.0,35.4
25020.0,36.4
25080.0,37.2
25140.0,37.1
25200.0,34.9
25260.0,36.5
25320.0,35.1
25380.0,34.4
25440.0,35.7
25500.0,35.9
25560.0,34.6
25620.0,34.4
25680.0,35.1
25740.0,34.1
25800.0,33.7
25860.0,33.9
25920.0,34.2
25980.0,34.4
26040.0,34.8
26100.0,34.8
26160.0,35.2
26220.0,34.7
26280.0,34.0
26340.0,33.4
26400.0,32.1
26460.0,31.2
26520.0,32.0
26580.0,31.9
26640.0,30.8
26700.0,30.8
26760.0,30.7
26820.0,29.7
26880.0,30.5
26940.0,30.4
27000.0,31.0
27060.0,34.0
27120.0,31.7
27180.0,28.3
27240.0,28.8
27300.0,30.6
27360.0,30.0
27420.0,31.8
27480.0,30.2
27540.0,32.0
27600.0,32.7
27660.0,33.7
27720.0,35.0
27780.0,33.9
27840.0,32.4
27900.0,33.1
27960.0,30.2
28020.0,30.4
28080.0,31.8
28140.0,31.4
28200.0,32.1
28260.0,31.1
28320.0,31.4
28380.0,30.6
28440.0,29.6
28500.0,30.4
28560.0,31.2
28620.0,31.4
28680.0,31.0
28740.0,30.8
28800.0,31.1
28860.0,31.2
28920.0,32.4
28980.0,31.8
29040.0,32.8
29100.0,32.1
29160.0,33.8
29220.0,34.0
29280.0,32.7
29340.0,32.5
29400.0,32.0
29460.0,31.7
29520.0,32.4
29580.0,32.9
29640.0,31.8
29700.0,30.0
29760.0,29.3
29820.0,30.2
29880.0,31.3
29940.0,31.2
30000.0,30.3
30060.0,30.0
30120.0,31.3
30180.0,29.8
30240.0,31.7
30300.0,34.2
30360.0,31.6
30420.0,32.2
30480.0,33.0
30540.0,34.9
30600.0,34.0
30660.0,34.7
30720.0,36.2
30780.0,35.5
30840.0,35.7
30900.0,35.6
30960.0,35.2
31020.0,34.2
31080.0,33.3
31140.0,35.4
31200.0,34.2
31260.0,34.1
31320.0,35.2
31380.0,33.9
31440.0,33.6
31500.0,33.5
31560.0,33.5
31620.0,34.3
31680.0,33.3
31740.0,32.8
31800.0,34.1
31860.0,34.0
31920.0,33.5
31980.0,34.1
32040.0,33.4
32100.0,33.1
32160.0,34.4
32220.0,34.4
32280.0,33.9
32340.0,35.5
32400.0,34.4
32460.0,33.3
32520.0,32.5
32580.0,33.2
32640.0,32.8
32700.0,34.8
32760.0,34.7
32820.0,34.7
32880.0,33.5
32940.0,33.9
33000.0,34.1
33060.0,35.1
33120.0,33.4
33180.0,33.0
33240.0,33.8
33300.0,34.6
33360.0,33.8
33420.0,34.7
33480.0,37.0
33540.0,36.3
33600.0,38.4
33660.0,36.5
33720.0,33.8
33780.0,34.3
33840.0,36.3
33900.0,34.7
33960.0,35.5
34020.0,35.1
34080.0,32.8
34140.0,32.7
34200.0,30.8
34260.0,33.4
34320.0,32.2
34380.0,33.4
34440.0,31.8
34500.0,32.0
34560.0,30.3
34620.0,29.8
34680.0,34.0
34740.0,34.3
34800.0,34.6
34860.0,32.7
34920.0,30.3
34980.0,31.0
35040.0,34.8
35100.0,34.1
35160.0,34.0
35220.0,35.9
35280.0,35.6
35340.0,36.5
35400.0,36.4
35460.0,37.1
35520.0,36.1
35580.0,30.9
35640.0,31.1
35700.0,29.7
35760.0,28.2
35820.0,29.1
35880.0,30.8
35940.0,32.5
36000.0,37.5
36060.0,33.9
36120.0,33.0
36180.0,32.4
36240.0,32.8
36300.0,31.2
36360.0,30.7
36420.0,31.5
36480.0,33.4
36540.0,31.8
36600.0,31.9
36660.0,32.3
36720.0,33.5
36780.0,32.0
36840.0,31.5
36900.0,32.3
36960.0,34.5
37020.0,33.9
37080.0,33.9
37140.0,31.5
37200.0,29.7
37260.0,31.6
37320.0,32.1
37380.0,29.9
37440.0,31.6
37500.0,31.5
37560.0,35.9
37620.0,34.5
37680.0,32.4
37740.0,28.8
37800.0,27.0
37860.0,26.3
37920.0,25.9
37980.0,29.0
38040.0,28.3
38100.0,28.9
38160.0,27.7
38220.0,28.1
38280.0,27.6
38340.0,26.3
38400.0,26.6
38460.0,28.2
38520.0,28.1
38580.0,27.8
38640.0,26.7
38700.0,26.4
38760.0,27.2
38820.0,28.4
38880.0,27.0
38940.0,25.9
39000.0,27.6
39060.0,24.0
39120.0,27.1
39180.0,26.7
39240.0,26.5
39300.0,26.6
39360.0,26.2
39420.0,26.9
39480.0,26.7
39540.0,26.5
39600.0,27.1
39660.0,25.9
39720.0,26.8
39780.0,26.2
39840.0,26.7
39900.0,27.5
39960.0,28.8
40020.0,27.9
40080.0,27.9
40140.0,27.9
40200.0,26.6
40260.0,26.9
40320.0,27.5
40380.0,27.5
40440.0,28.3
40500.0,27.3
40560.0,27.8
40620.0,26.7
40680.0,26.3
40740.0,27.8
40800.0,27.1
40860.0,27.6
40920.0,27.3
40980.0,29.0
41040.0,29.6
41100.0,28.6
41160.0,26.8
41220.0,30.6
41280.0,27.5
41340.0,26.0
41400.0,27.6
41460.0,27.7
41520.0,29.1
41580.0,29.8
41640.0,25.1
41700.0,24.7
41760.0,26.3
41820.0,31.5
41880.0,31.8
41940.0,31.5
42000.0,34.7
42060.0,35.2
42120.0,36.5
42180.0,32.8
42240.0,35.9
42300.0,34.6
42360.0,32.8
42420.0,32.2
42480.0,33.4
42540.0,36.5
42600.0,39.6
42660.0,39.1
42720.0,39.0
42780.0,38.1
42840.0,37.8
42900.0,38.0
42960.0,35.5
43020.0,33.7
43080.0,35.9
43140.0,36.2
43200.0,32.1
43260.0,33.2
43320.0,32.7
43380.0,35.9
43440.0,36.5
43500.0,37.0
43560.0,36.5
43620.0,36.7
43680.0,37.6
43740.0,36.7
43800.0,35.7
43860.0,34.7
43920.0,35.8
43980.0,38.2
44040.0,36.5
44100.0,35.5
44160.0,33.5
44220.0,33.7
44280.0,33.5
44340.0,32.7
44400.0,31.6
44460.0,29.5
44520.0,28.7
44580.0,29.3
44640.0,29.0
44700.0,22.4
44760.0,27.5
44820.0,28.5
44880.0,29.3
44940.0,29.5
45000.0,28.7
45060.0,32.5
45120.0,29.1
45180.0,28.1
45240.0,28.7
45300.0,30.8
45360.0,28.0
45420.0,27.4
45480.0,30.9
45540.0,27.7
45600.0,26.8
45660.0,29.6
45720.0,30.7
45780.0,30.2
45840.0,29.8
45900.0,27.9
45960.0,28.6
46020.0,27.4
46080.0,26.2
46140.0,23.8
46200.0,27.1
46260.0,28.6
46320.0,30.8
46380.0,30.0
46440.0,29.2
46500.0,27.3
46560.0,27.4
46620.0,27.2
46680.0,26.6
46740.0,26.3
46800.0,26.0
46860.0,24.9
46920.0,27.0
46980.0,24.8
47040.0,25.4
47100.0,25.0
47160.0,24.7
47220.0,24.5
47280.0,24.9
47340.0,24.1
47400.0,25.4
47460.0,26.2
47520.0,27.0
47580.0,26.1
47640.0,25.6
47700.0,25.4
47760.0,26.3
47820.0,28.1
47880.0,27.2
47940.0,26.4
48000.0,25.6
48060.0,27.5
48120.0,27.5
48180.0,30.2
48240.0,30.4
48300.0,28.9
48360.0,27.2
48420.0,29.5
48480.0,29.6
48540.0,30.2
48600.0,31.9
48660.0,30.9
48720.0,28.6
48780.0,28.2
48840.0,26.5
48900.0,25.3
48960.0,25.4
49020.0,25.3
49080.0,24.5
49140.0,24.5
49200.0,25.2
49260.0,21.5
49320.0,24.5
49380.0,23.9
49440.0,25.3
49500.0,25.1
49560.0,26.1
49620.0,26.8
49680.0,26.4
49740.0,26.8
49800.0,27.0
49860.0,26.4
49920.0,26.3
49980.0,25.6
50040.0,27.6
50100.0,26.2
50160.0,27.5
50220.0,26.4
50280.0,26.8
50340.0,25.4
50400.0,26.3
50460.0,29.4
50520.0,28.7
50580.0,26.9
50640.0,27.1
50700.0,35.0
50760.0,37.9
50820.0,34.2
50880.0,34.8
50940.0,38.4
51000.0,38.2
51060.0,38.2
51120.0,38.8
51180.0,35.9
51240.0,36.9
51300.0,35.7
51360.0,37.8
51420.0,37.3
51480.0,35.5
51540.0,35.6
51600.0,38.2
51660.0,38.7
51720.0,38.9
51780.0,37.2
51840.0,40.9
51900.0,41.4
51960.0,41.3
52020.0,41.2
52080.0,40.5
52140.0,39.4
52200.0,40.0
52260.0,37.5
52320.0,37.8
52380.0,39.0
52440.0,39.5
52500.0,35.9
52560.0,28.7
52620.0,27.3
52680.0,27.5
52740.0,27.4
52800.0,27.6
52860.0,32.4
52920.0,30.1
52980.0,30.9
53040.0,31.2
53100.0,32.9
53160.0,35.5
53220.0,33.2
53280.0,32.5
53340.0,34.5
53400.0,35.0
53460.0,34.5
53520.0,32.9
53580.0,32.5
53640.0,34.2
53700.0,37.9
53760.0,38.7
53820.0,37.6
53880.0,37.7
53940.0,37.6
54000.0,37.5
54060.0,37.6
54120.0,37.3
54180.0,40.8
54240.0,42.6
54300.0,38.8
54360.0,38.2
54420.0,38.0
54480.0,39.1
54540.0,39.6
54600.0,37.5
54660.0,37.0
54720.0,37.2
54780.0,38.4
54840.0,36.5
54900.0,36.8
54960.0,37.2
55020.0,38.0
55080.0,40.3
55140.0,39.1
55200.0,37.8
55260.0,41.2
55320.0,42.2
55380.0,41.5
55440.0,40.7
55500.0,39.2
55560.0,37.8
55620.0,37.5
55680.0,39.3
55740.0,39.3
55800.0,40.2
55860.0,38.5
55920.0,41.7
55980.0,41.3
56040.0,40.7
56100.0,40.6
56160.0,40.0
56220.0,40.7
56280.0,41.1
56340.0,40.8
56400.0,39.0
56460.0,40.8
56520.0,40.9
56580.0,41.3
56640.0,41.7
56700.0,43.1
56760.0,42.8
56820.0,43.7
56880.0,42.0
56940.0,42.9
57000.0,42.3
57060.0,41.2
57120.0,41.9
57180.0,42.8
57240.0,42.7
57300.0,42.6
57360.0,41.9
57420.0,41.0
57480.0,41.6
57540.0,43.5
57600.0,42.2
57660.0,40.1
57720.0,42.9
57780.0,41.0
57840.0,41.8
57900.0,42.5
57960.0,41.6
58020.0,42.1
58080.0,41.0
58140.0,41.4
58200.0,42.0
58260.0,41.9
58320.0,40.6
58380.0,40.5
58440.0,41.9
58500.0,42.3
58560.0,42.6
58620.0,41.9
58680.0,42.5
58740.0,43.0
58800.0,43.2
58860.0,41.2
58920.0,41.8
58980.0,42.0
59040.0,41.9
59100.0,43.5
59160.0,42.9
59220.0,43.2
59280.0,42.5
59340.0,41.7
59400.0,41.6
59460.0,43.7
59520.0,43.9
59580.0,43.8
59640.0,41.9
59700.0,43.2
59760.0,40.6
59820.0,43.3
59880.0,42.6
59940.0,42.0
60000.0,43.4
60060.0,43.6
60120.0,45.3
60180.0,44.7
60240.0,44.0
60300.0,43.8
60360.0,43.8
60420.0,44.8
60480.0,44.3
60540.0,43.0
60600.0,41.3
60660.0,41.0
60720.0,44.3
60780.0,44.3
60840.0,44.0
60900.0,43.8
60960.0,44.7
61020.0,43.7
61080.0,45.0
61140.0,44.4
61200.0,45.4
61260.0,43.9
61320.0,44.3
61380.0,43.9
61440.0,45.4
61500.0,45.0
61560.0,45.2
61620.0,45.2
61680.0,45.2
61740.0,45.9
61800.0,45.7
61860.0,44.5
61920.0,43.3
61980.0,44.5
62040.0,45.4
62100.0,45.1
62160.0,46.1
62220.0,46.2
62280.0,44.8
62340.0,45.3
62400.0,44.6
62460.0,46.5
62520.0,47.1
62580.0,47.5
62640.0,46.3
62700.0,43.9
62760.0,43.7
62820.0,45.9
62880.0,46.3
62940.0,47.8
63000.0,46.5
63060.0,46.6
63120.0,46.9
63180.0,45.9
63240.0,45.2
63300.0,46.2
63360.0,46.3
63420.0,48.0
63480.0,46.6
63540.0,45.6
63600.0,47.6
63660.0,45.1
63720.0,49.4
63780.0,47.2
63840.0,47.1
63900.0,46.7
63960.0,45.9
64020.0,48.9
64080.0,48.3
64140.0,47.2
64200.0,47.0
64260.0,47.0
64320.0,47.5
64380.0,48.7
64440.0,47.3
64500.0,47.2
64560.0,48.5
64620.0,47.3
64680.0,46.1
64740.0,46.8
64800.0,45.5
64860.0,47.4
64920.0,48.3
64980.0,45.0
65040.0,46.6
65100.0,48.1
65160.0,46.8
65220.0,46.7
65280.0,45.7
65340.0,46.3
65400.0,46.0
65460.0,46.1
65520.0,46.2
65580.0,47.3
65640.0,46.1
65700.0,46.3
65760.0,46.7
65820.0,46.1
65880.0,45.6
65940.0,45.5
66000.0,45.8
66060.0,46.8
66120.0,45.2
66180.0,46.0
66240.0,47.2
66300.0,47.3
66360.0,47.9
66420.0,47.8
66480.0,47.4
66540.0,47.8
66600.0,46.9
66660.0,48.3
66720.0,47.7
66780.0,47.3
66840.0,47.4
66900.0,47.2
66960.0,46.0
67020.0,46.4
67080.0,46.8
67140.0,47.5
67200.0,45.9
67260.0,46.8
67320.0,45.2
67380.0,44.2
67440.0,44.8
67500.0,45.5
67560.0,46.1
67620.0,44.8
67680.0,45.8
67740.0,44.1
67800.0,44.1
67860.0,44.4
67920.0,44.0
67980.0,43.4
68040.0,44.6
68100.0,44.5
68160.0,44.0
68220.0,44.5
68280.0,45.2
68340.0,43.6
68400.0,44.0
68460.0,44.4
68520.0,44.5
68580.0,43.9
68640.0,42.2
68700.0,44.2
68760.0,45.1
68820.0,45.2
68880.0,44.6
68940.0,42.9
69000.0,44.0
69060.0,45.3
69120.0,44.8
69180.0,44.8
69240.0,45.3
69300.0,44.6
69360.0,44.0
69420.0,44.1
69480.0,44.4
69540.0,45.3
69600.0,44.4
69660.0,45.0
69720.0,44.7
69780.0,44.8
69840.0,44.2
69900.0,44.1
69960.0,44.7
70020.0,43.5
70080.0,43.4
70140.0,44.8
70200.0,44.5
70260.0,44.0
70320.0,42.9
70380.0,42.3
70440.0,43.0
70500.0,44.6
70560.0,43.1
70620.0,44.7
70680.0,45.4
70740.0,44.3
70800.0,44.9
70860.0,44.8
70920.0,45.0
70980.0,45.4
71040.0,43.8
71100.0,42.5
71160.0,42.1
71220.0,42.5
71280.0,42.5
71340.0,42.4
71400.0,42.4
71460.0,41.8
71520.0,42.2
71580.0,43.1
71640.0,43.6
71700.0,42.2
71760.0,42.8
71820.0,43.9
71880.0,43.1
71940.0,42.5
72000.0,43.0
72060.0,42.8
72120.0,42.9
72180.0,42.3
72240.0,41.9
72300.0,42.1
72360.0,42.4
72420.0,42.0
72480.0,42.7
72540.0,41.9
72600.0,42.7
72660.0,43.7
72720.0,42.6
72780.0,42.8
72840.0,43.3
72900.0,42.6
72960.0,42.5
73020.0,44.3
73080.0,42.8
73140.0,42.9
73200.0,42.2
73260.0,41.7
73320.0,42.3
73380.0,43.8
73440.0,41.6
73500.0,43.0
73560.0,43.8
73620.0,44.4
73680.0,43.7
73740.0,44.3
73800.0,43.6
73860.0,42.6
73920.0,43.7
73980.0,42.9
74040.0,43.1
74100.0,42.5
74160.0,-9999.0
74220.0,-9999.0
74280.0,-9999.0
74340.0,-9999.0
74400.0,-9999.0
74460.0,-9999.0
74520.0,-9999.0
74580.0,-9999.0
74640.0,-9999.0
74700.0,-9999.0
74760.0,-9999.0
74820.0,-9999.0
74880.0,-9999.0
74940.0,-9999.0
75000.0,43.5
75060.0,41.1
75120.0,41.6
75180.0,41.6
75240.0,41.4
75300.0,42.7
75360.0,41.5
75420.0,41.9
75480.0,43.0
75540.0,41.9
75600.0,41.9
75660.0,41.5
75720.0,41.1
75780.0,42.0
75840.0,41.2
75900.0,42.3
75960.0,41.9
76020.0,40.4
76080.0,41.0
76140.0,41.6
76200.0,41.4
76260.0,40.9
76320.0,41.7
76380.0,42.2
76440.0,40.4
76500.0,40.8
76560.0,40.8
76620.0,42.4
76680.0,41.4
76740.0,42.3
76800.0,41.8
76860.0,42.2
76920.0,42.4
76980.0,44.0
77040.0,42.7
77100.0,43.6
77160.0,43.7
77220.0,43.9
77280.0,43.7
77340.0,42.2
77400.0,42.4
77460.0,43.5
77520.0,42.8
77580.0,43.5
77640.0,42.6
77700.0,44.2
77760.0,41.5
77820.0,42.9
77880.0,43.6
77940.0,43.4
78000.0,43.0
78060.0,42.1
78120.0,42.2
78180.0,42.4
78240.0,43.1
78300.0,42.9
78360.0,43.0
78420.0,42.7
78480.0,41.6
78540.0,41.3
78600.0,40.9
78660.0,43.4
78720.0,44.5
78780.0,43.4
78840.0,43.1
78900.0,42.5
78960.0,41.7
79020.0,42.9
79080.0,41.1
79140.0,42.9
79200.0,42.3
79260.0,41.2
79320.0,41.4
79380.0,41.5
79440.0,40.6
79500.0,42.0
79560.0,42.4
79620.0,41.7
79680.0,41.7
79740.0,39.2
79800.0,37.7
79860.0,38.8
79920.0,39.7
79980.0,40.6
80040.0,40.8
80100.0,40.4
80160.0,39.8
80220.0,38.5
80280.0,37.8
80340.0,39.1
80400.0,39.3
80460.0,39.4
80520.0,40.9
80580.0,39.5
80640.0,37.7
80700.0,36.8
80760.0,37.1
80820.0,36.9
80880.0,37.2
80940.0,37.1
81000.0,37.1
81060.0,35.5
81120.0,33.9
81180.0,33.7
81240.0,35.9
81300.0,34.4
81360.0,36.9
81420.0,36.0
81480.0,35.7
81540.0,37.3
81600.0,37.6
81660.0,38.3
81720.0,39.4
81780.0,38.6
81840.0,40.1
81900.0,40.8
81960.0,40.2
82020.0,41.1
82080.0,40.2
82140.0,42.1
82200.0,41.4
82260.0,41.3
82320.0,41.3
82380.0,43.5
82440.0,43.6
82500.0,43.2
82560.0,44.2
82620.0,42.9
82680.0,44.2
82740.0,42.9
82800.0,43.9
82860.0,42.7
82920.0,42.6
82980.0,42.6
83040.0,42.6
83100.0,42.3
83160.0,42.9
83220.0,43.3
83280.0,43.4
83340.0,44.3
83400.0,42.1
83460.0,43.0
83520.0,41.9
83580.0,43.5
83640.0,43.4
83700.0,43.5
83760.0,42.6
83820.0,42.1
83880.0,42.9
83940.0,41.6
84000.0,42.8
84060.0,43.0
84120.0,42.7
84180.0,43.1
84240.0,42.7
84300.0,42.1
84360.0,43.2
84420.0,42.5
84480.0,41.0
84540.0,41.6
84600.0,41.6
84660.0,40.8
84720.0,41.3
84780.0,41.3
84840.0,41.0
84900.0,40.3
84960.0,40.9
85020.0,40.5
85080.0,39.2
85140.0,40.8
85200.0,41.0
85260.0,40.7
85320.0,40.9
85380.0,41.2
85440.0,41.5
85500.0,40.5
85560.0,41.5
85620.0,42.7
85680.0,42.6
85740.0,43.0
85800.0,42.1
85860.0,42.2
85920.0,41.5
85980.0,42.4
86040.0,42.1
86100.0,41.2
86160.0,41.8
86220.0,41.5
86280.0,40.9
86340.0,41.1
