CampaignData_and_Merges/R0/CSL_MobileLab_Parked/raw/20240818/USOS-Picarro-CO2-CH4-CO-H2O_MobileLabGround_20240818_R0.ict
38, 1001
Ilana Pollack, Nell Schafer, and Jeff Peischl
NOAA Chemical Sciences Laboratory
Picarro 2401-m CO2/CH4/CO/H2O Analyzer
USOS
1, 1
2024, 08, 18, 2024, 11, 20
0
StartTime_UTC, seconds_past_midnight, seconds past midnight
5
1, 1, 1, 1, 1
-9999, -9999, -9999, -9999, -9999
StopTime_UTC, seconds_past_midnight, seconds past midnight
CO2_ppm_1min, ppm, Gas_CO2_InSitu_S_DMF, carbon dioxide mixing ratio
CH4_ppb_1min, ppb, Gas_CH4_InSitu_S_DMF, methane mixing ratio
CO_ppb_1min, ppb, Gas_CO_InSitu_S_DMF, carbon monoxide mixing ratio
H2O_ppmv_1min, ppmv, Met_H2OMRV_InSitu_S_AVMR, water vapor mixing ratio
1
SPECIAL COMMENTS: N/A
18
PI_CONTACT_INFO: Address: NOAA Chemical Sciences Laboratory, Mail Stop CSL7, 325 Broadway, Boulder, CO 80305; Email: Ilana.Pollack@noaa.gov
PLATFORM: NOAA CSL Mobile Laboratory
LOCATION: The mobile lab was stationed in Salt Lake City, Utah.
ASSOCIATED_DATA: N/A
INSTRUMENT_INFO: CO2, CH4, and CO are reported as dry air mole fractions using a commercial wavelength-scanned cavity ring-down analyzer (Picarro 2401-m). An in-field calibration gas standard of 432±0.07 ppm CO2, 2095±1 ppb CH4, and 183±1 ppb CO, calibrated in the Boulder laboratories before and after the field project using primary CO2, CH4, and CO standard tanks tied to the WMO standard (X2019, X2004A, and X2014A, respectively) from the Global Monitoring Laboratory (GML), was delivered to the inlet every 2-3 days to evaluate instrument sensitivity. A H2O measurement was calibrated before the project with a Dew Point Mirror 373 hygrometer. The water correction calculated from these calibrations was applied to the H2O measurement for the entire campaign. Species are measured at 0.5 Hz and reported as 1-minute averages for stationary measurements.
DATA_INFO: Units: CO2, ppm, dry air mole fraction; CH4, ppb, dry air mole fraction; CO, ppb, dry air mole fraction; H2O, ppmv
UNCERTAINTY: Total uncertainties are estimated as ±0.1 ppm for CO2, ±1 ppb for CH4, ±5 ppb for CO, and ±(50 ppm + 4%) for H2O.
ULOD_FLAG: -7777
ULOD_VALUE: N/A
LLOD_FLAG: -8888
LLOD_VALUE: N/A
DM_CONTACT_INFO: Data Manager: Nathan Howard; nathan.h.howard@noaa.gov
PROJECT_INFO: USOS Dates of Study: July – August 2024
STIPULATIONS_ON_USE: Use of these data require prior ok from PI.
OTHER_COMMENTS: Data are averaged to 1 minute intervals. Stationary data collected from a 10 ft tower on top of the mobile van.
REVISION: R0
R0: Final Data
StartTime_UTC, StopTime_UTC, CO2_ppm_1min, CH4_ppb_1min, CO_ppb_1min, H2O_ppmv_1min
[from data line 384]
23040,23100,437.21,1978.5,114.7,19994.4063
23100,23160,432.98,1977.6,112.3,19796.8848
23160,23220,434.85,1977.5,114.2,19863.3398
23220,23280,435.51,1976.4,118.4,19842.2344
23280,23340,434.28,1974.9,113.1,19740.1289
23340,23400,432.11,1973.5,113.3,19612.9336
23400,23460,432.96,1973.7,115.7,19653.1816
23460,23520,433.02,1973.1,112.6,19616.1855
23520,23580,432.10,1970.7,110.4,19554.2910
23580,23640,433.92,1972.8,118.5,19671.0059
23640,23700,438.97,1978.8,137.7,19861.7715
23700,23760,438.80,1979.4,124.2,19853.5000
23760,23820,439.33,1976.2,143.4,19765.0176
23820,23880,434.16,1976.7,111.6,19607.4141
23880,23940,441.05,1993.0,126.8,19721.0605
23940,24000,442.37,1984.8,147.8,19853.5859
24000,24060,436.69,1978.5,125.2,19537.9219
24060,24120,438.93,1979.3,136.4,19534.0410
24120,24180,435.39,1974.2,147.5,19239.0879
24180,24240,436.67,1972.6,133.5,19394.3203
24240,24300,439.57,1978.7,146.8,19696.1914
24300,24360,444.11,1982.7,160.1,19860.5625
24360,24420,445.40,1983.3,154.0,19892.2695
24420,24480,446.54,1983.7,154.0,19934.0723
24480,24540,445.03,1984.7,154.2,19926.4316
24540,24600,444.29,1982.3,149.1,19798.1230
24600,24660,437.75,1977.4,126.6,19484.9727
24660,24720,441.86,1981.0,138.7,19677.3809
24720,24780,448.55,1983.2,181.3,19893.3086
24780,24840,444.60,1982.4,155.2,19733.6445
24840,24900,443.47,1981.0,148.6,19624.9082
24900,24960,444.19,1981.9,143.6,19600.1055
24960,25020,439.23,1986.5,133.5,19237.2109
25020,25080,437.20,1986.2,127.6,19101.0996
25080,25140,436.64,1984.2,125.8,19003.4824
25140,25200,437.74,1985.1,126.0,19218.9609
25200,25260,438.49,1985.6,128.1,19233.0469
25260,25320,439.46,1988.4,127.4,19296.7676
25320,25380,440.67,1990.5,128.1,19384.4141
25380,25440,440.55,1990.5,128.5,19389.9395
25440,25500,440.20,1986.0,133.4,19262.7578
25500,25560,441.41,1982.6,143.6,19315.6133
25560,25620,442.72,1981.4,147.7,19338.7520
25620,25680,442.13,1980.0,152.3,19410.6016
25680,25740,441.25,1987.4,151.6,19412.8965
25740,25800,442.23,1985.8,155.7,19479.3965
25800,25860,444.77,1983.7,150.5,19590.0918
25860,25920,439.69,1987.4,139.8,19795.0879
25920,25980,438.96,1996.7,137.7,20037.0371
25980,26040,438.90,2001.2,140.1,20066.6035
26040,26100,441.94,1998.1,232.7,20118.9023
26100,26160,441.21,1986.4,188.9,20092.6953
26160,26220,442.37,1985.2,146.8,20226.9844
26220,26280,441.79,1985.6,145.0,20204.7598
26280,26340,443.64,1988.0,147.6,20537.6289
26340,26400,445.51,1990.2,171.5,20686.4063
26400,26460,447.44,1996.8,207.9,20746.1465
26460,26520,444.51,2000.5,188.4,20566.7949
26520,26580,446.77,2002.1,202.7,20800.3047
26580,26640,445.85,2006.0,194.3,20840.5859
26640,26700,446.20,2010.0,179.7,20844.5352
26700,26760,448.77,2011.5,180.9,20972.5781
26760,26820,451.01,2012.0,192.1,21075.6504
26820,26880,448.45,2008.8,191.0,21186.2539
26880,26940,444.93,2004.9,179.7,21163.2969
26940,27000,446.08,2003.6,176.9,21402.8574
27000,27060,443.40,2001.2,173.6,20913.7402
27060,27120,442.99,2001.8,173.0,20983.9980
27120,27180,447.67,2008.5,179.5,21764.2793
27180,27240,449.54,2008.3,176.3,21645.2969
27240,27300,447.14,2004.9,192.7,21073.7891
27300,27360,449.01,2009.0,235.7,21159.3242
27360,27420,446.23,2014.8,213.7,21057.3379
27420,27480,444.95,2009.5,177.4,20986.8164
27480,27540,444.31,2006.2,164.7,20904.0293
27540,27600,444.51,2001.9,158.5,20872.4434
27600,27660,441.91,1998.2,146.6,20726.7363
27660,27720,439.04,1983.9,133.6,20005.4727
27720,27780,440.92,1994.4,137.7,20468.8555
27780,27840,441.99,1998.2,145.1,20638.5781
27840,27900,441.22,1995.4,142.0,20613.4648
27900,27960,443.06,1996.6,143.5,20818.1875
27960,28020,444.92,1996.9,157.6,20707.6094
28020,28080,444.17,1996.5,149.5,20639.5039
28080,28140,444.16,1999.4,148.8,20749.4824
28140,28200,443.97,2004.6,149.8,20766.6152
28200,28260,443.30,2006.3,152.7,20667.7109
28260,28320,444.75,2010.6,152.0,20846.4902
28320,28380,445.04,2010.9,146.9,20935.9258
28380,28440,445.03,2010.1,149.2,20896.3008
28440,28500,444.79,2008.9,145.5,20786.9004
28500,28560,444.44,2004.6,142.3,20681.2422
28560,28620,444.71,2004.8,141.9,20635.4297
28620,28680,444.70,2003.8,142.9,20670.5039
28680,28740,444.92,2008.0,147.5,20779.9316
28740,28800,445.14,2007.0,150.0,20771.4102
28800,28860,444.97,2003.6,149.5,20645.0254
28860,28920,443.85,1998.2,144.0,20487.6465
28920,28980,441.86,2000.7,143.4,20477.5098
28980,29040,441.89,2001.2,143.8,20490.8262
29040,29100,442.60,2003.1,146.4,20604.5176
29100,29160,440.25,2001.2,145.6,20373.3340
29160,29220,438.95,1998.5,143.1,20199.5469
29220,29280,441.86,2004.0,150.4,20518.8691
29280,29340,442.78,2003.3,147.8,20597.2109
29340,29400,443.16,2002.6,147.7,20585.0684
29400,29460,442.67,2002.8,147.9,20605.7754
29460,29520,443.47,2002.3,148.2,20598.3730
29520,29580,442.36,2003.6,153.5,20584.2148
29580,29640,443.65,2004.9,153.3,20662.3516
29640,29700,447.12,2005.6,157.0,20733.9316
29700,29760,446.17,2007.2,210.8,20735.3848
29760,29820,447.32,2007.3,176.4,20736.0449
29820,29880,443.28,2003.7,148.7,20519.7773
29880,29940,444.77,2004.6,152.5,20563.7109
29940,30000,443.67,2007.3,146.7,20534.6621
30000,30060,446.41,2010.3,148.2,20655.0039
30060,30120,445.78,2008.9,147.5,20598.2090
30120,30180,444.69,2007.8,151.0,20627.6465
30180,30240,442.95,2007.2,141.0,20580.4785
30240,30300,439.04,1999.6,133.9,20174.8594
30300,30360,440.17,2000.9,138.0,20248.3730
30360,30420,442.56,2000.8,143.1,20263.9648
30420,30480,443.73,2000.5,146.3,20341.2656
30480,30540,437.79,1997.6,129.5,20067.9727
30540,30600,439.12,2001.1,131.5,20141.6367
30600,30660,438.98,2007.7,132.7,20371.5762
30660,30720,436.60,2005.6,129.4,20409.7148
30720,30780,437.34,2005.8,134.9,20392.3691
30780,30840,436.95,2006.4,131.6,20405.9063
30840,30900,437.99,2006.9,127.8,20488.5469
30900,30960,437.54,2005.9,128.4,20414.7695
30960,31020,438.50,2006.2,131.9,20419.7793
31020,31080,439.79,2008.5,135.1,20459.7695
31080,31140,439.23,2010.1,134.1,20508.9453
31140,31200,438.74,2009.3,129.0,20507.6855
31200,31260,439.22,2010.0,128.4,20541.6758
31260,31320,437.93,2013.4,124.3,20469.3555
31320,31380,438.63,2013.1,127.1,20479.9863
31380,31440,439.97,2013.3,125.3,20561.0410
31440,31500,439.81,2012.7,127.5,20563.8066
31500,31560,439.70,2013.4,136.9,20511.6953
31560,31620,439.60,2014.5,136.1,20529.5000
31620,31680,440.35,2015.0,131.7,20557.8008
31680,31740,441.11,2016.8,128.3,20607.9668
31740,31800,440.11,2019.6,126.2,20519.5566
31800,31860,438.50,2019.1,125.9,20398.7715
31860,31920,439.15,2020.1,126.5,20433.2930
31920,31980,440.55,2020.4,124.8,20421.2090
31980,32040,440.08,2020.2,125.6,20380.9863
32040,32100,441.53,2021.1,125.7,20466.9746
32100,32160,439.29,2019.9,121.9,20345.3555
32160,32220,439.43,2019.3,123.2,20338.4883
32220,32280,438.84,2017.7,123.8,20275.7207
32280,32340,438.22,2013.3,122.2,20112.4492
32340,32400,438.03,2011.3,120.9,20035.2500
32400,32460,439.41,2014.7,123.9,20169.7559
32460,32520,439.34,2017.4,122.6,20196.8672
32520,32580,439.70,2017.8,126.6,20168.8105
32580,32640,441.53,2016.6,202.3,20198.7539
32640,32700,439.37,2011.9,131.1,20052.4551
32700,32760,438.96,2011.7,125.0,20018.3555
32760,32820,439.14,2012.0,122.2,20029.2676
32820,32880,440.39,2013.7,127.0,20131.5195
32880,32940,438.98,2011.7,121.8,20001.8750
32940,33000,439.02,2012.3,120.2,19991.6445
33000,33060,439.36,2009.0,120.6,19924.7441
33060,33120,440.90,2011.2,123.1,19984.3555
33120,33180,444.12,2013.0,130.3,20057.9063
33180,33240,442.95,2010.1,137.0,19902.8242
33240,33300,439.55,2003.3,124.5,19627.9141
33300,33360,440.73,2003.5,130.3,19681.5449
33360,33420,439.74,2002.6,132.5,19679.4766
33420,33480,436.17,1996.0,119.1,19315.2188
33480,33540,436.36,1996.4,118.2,19285.8164
33540,33600,435.29,1990.2,116.2,18994.8730
33600,33660,435.07,1989.9,115.5,18885.9414
33660,33720,443.19,2002.7,125.8,19695.7227
33720,33780,439.93,2004.7,120.0,19396.5977
33780,33840,438.87,2001.8,117.7,19176.0098
33840,33900,441.58,2003.8,122.1,19439.9141
33900,33960,438.11,1993.6,117.7,18930.9141
33960,34020,442.05,2001.9,121.1,19399.5410
34020,34080,441.26,2000.0,119.8,19292.7090
34080,34140,449.79,2007.4,123.1,19667.7383
34140,34200,448.32,2012.4,127.6,19755.9863
34200,34260,445.58,2018.5,124.0,19737.2051
34260,34320,444.23,2008.2,117.8,19474.3672
34320,34380,444.22,2003.0,117.2,19396.8926
34380,34440,446.64,2003.7,117.9,19495.8633
34440,34500,445.39,1999.6,116.3,19383.2988
34500,34560,445.79,1999.8,118.2,19424.1406
34560,34620,448.49,2002.4,118.7,19587.3906
34620,34680,444.13,1990.4,118.7,18962.2949
34680,34740,442.00,1988.7,118.0,18573.0313
34740,34800,441.88,1993.1,119.3,18751.2578
34800,34860,443.16,1989.3,122.0,18716.1621
34860,34920,447.80,1996.8,125.4,19158.5898
34920,34980,448.40,2000.1,125.2,19241.8574
34980,35040,442.09,1985.0,119.0,18589.4707
35040,35100,443.99,1988.0,119.9,18665.3105
35100,35160,443.84,1978.3,125.1,18127.1523
35160,35220,440.54,1972.2,119.7,17750.5000
35220,35280,439.10,1970.1,117.4,17651.1660
35280,35340,437.28,1966.7,111.3,17440.4023
35340,35400,437.36,1965.8,111.6,17449.1777
35400,35460,435.95,1961.8,106.4,17241.3906
35460,35520,435.74,1960.8,104.9,17216.4551
35520,35580,446.51,1988.0,119.6,18308.2227
35580,35640,449.27,1999.3,121.7,18847.6309
35640,35700,449.19,2002.1,123.4,19025.7363
35700,35760,457.95,2013.3,127.2,19468.2129
35760,35820,454.22,2010.6,126.1,19329.5684
35820,35880,447.60,2011.8,121.7,19060.1113
35880,35940,444.87,2007.1,121.8,18835.8379
35940,36000,440.06,1997.3,115.9,18489.9199
36000,36060,438.75,1995.2,114.8,18283.1367
36060,36120,444.99,2008.1,116.6,18736.9863
36120,36180,446.47,2005.8,118.7,18774.6133
36180,36240,445.07,2008.2,119.6,18826.6602
36240,36300,447.10,2013.7,122.8,18993.8125
36300,36360,447.75,2019.3,122.1,19115.3848
36360,36420,445.33,2013.2,121.8,18911.2578
36420,36480,443.27,2006.5,120.2,18699.3340
36480,36540,446.23,2011.3,122.7,18888.0254
36540,36600,445.20,2006.6,123.5,18762.5332
36600,36660,446.01,2010.5,125.8,18828.7832
36660,36720,444.39,2011.3,270.8,18755.8340
36720,36780,444.87,2013.7,144.5,18840.3340
36780,36840,446.17,2011.4,146.6,18854.1699
36840,36900,445.81,2010.5,137.8,18813.6230
36900,36960,441.60,2000.6,129.0,18558.9336
36960,37020,442.74,1999.9,128.4,18569.8848
37020,37080,441.88,1999.0,125.3,18526.0957
37080,37140,447.77,2003.9,131.5,18685.9395
37140,37200,451.20,2029.3,132.1,19095.8359
37200,37260,446.47,2018.4,129.5,18923.4492
37260,37320,445.66,2019.4,129.8,18860.5254
37320,37380,448.58,2029.8,135.6,19058.2676
37380,37440,445.80,2017.1,133.4,18863.6875
37440,37500,452.34,2027.2,152.2,19038.1289
37500,37560,441.62,1996.1,122.7,18498.3359
37560,37620,442.74,1996.1,125.3,18501.5859
37620,37680,445.44,2000.1,125.5,18618.3574
37680,37740,451.37,2037.6,133.5,18904.8203
37740,37800,454.71,2033.9,137.9,19076.8770
37800,37860,452.40,2018.8,171.7,19055.0117
37860,37920,453.58,2018.2,164.3,19106.2656
37920,37980,453.58,2017.8,138.4,19103.1973
37980,38040,451.87,2016.2,138.4,19015.2480
38040,38100,453.62,2022.9,140.3,19118.7051
38100,38160,453.41,2023.9,146.7,19094.3867
38160,38220,454.56,2024.7,145.6,19156.0742
38220,38280,453.48,2021.7,148.4,19158.6484
38280,38340,457.87,2028.1,150.5,19251.7188
38340,38400,457.58,2032.6,143.7,19278.7715
38400,38460,454.27,2030.5,135.2,19135.7461
38460,38520,453.15,2029.1,133.8,19098.8750
38520,38580,454.88,2030.7,136.5,19157.7266
38580,38640,454.30,2028.5,136.5,19130.1602
38640,38700,457.05,2037.1,139.9,19239.0273
38700,38760,455.48,2036.8,142.1,19210.0273
38760,38820,453.17,2031.4,134.7,19130.9453
38820,38880,453.64,2031.9,140.3,19139.0781
38880,38940,460.98,2039.5,158.7,19340.5586
38940,39000,455.17,2036.0,137.9,19252.0254
39000,39060,456.53,2041.2,154.3,19234.5234
39060,39120,453.62,2036.8,144.4,19190.7793
39120,39180,454.00,2041.1,136.8,19216.7324
39180,39240,453.51,2041.5,134.1,19181.2188
39240,39300,455.79,2042.9,133.7,19245.2813
39300,39360,458.21,2041.4,134.6,19288.5742
39360,39420,457.20,2036.5,134.7,19213.2852
39420,39480,454.52,2027.8,129.4,19162.4648
39480,39540,454.67,2023.9,127.6,19179.5918
39540,39600,455.21,2023.6,128.6,19187.3145
39600,39660,457.06,2028.7,130.8,19235.9180
39660,39720,456.21,2033.2,131.8,19242.0801
39720,39780,456.60,2035.8,131.4,19244.5820
39780,39840,457.05,2033.4,129.7,19249.8477
39840,39900,457.05,2029.8,128.6,19249.7266
39900,39960,453.39,2014.4,126.7,19129.1191
39960,40020,454.27,2016.4,126.9,19131.5020
40020,40080,454.65,2017.9,125.2,19134.9902
40080,40140,455.92,2021.0,134.7,19161.2051
40140,40200,458.12,2021.8,133.5,19204.3438
40200,40260,456.81,2030.2,130.7,19178.8594
40260,40320,453.58,2027.7,129.2,19084.1602
40320,40380,454.88,2032.0,131.1,19138.4141
40380,40440,454.52,2030.5,141.7,19080.8105
40440,40500,454.68,2032.6,155.5,19086.4531
40500,40560,454.15,2036.6,162.3,19074.6465
40560,40620,455.18,2037.4,157.2,19070.3594
40620,40680,457.94,2037.6,154.0,19143.7676
40680,40740,454.02,2032.6,146.7,19006.8633
40740,40800,454.42,2031.3,145.6,19003.3672
40800,40860,454.30,2026.1,144.6,18941.4453
40860,40920,455.26,2026.1,139.8,18971.7656
40920,40980,452.54,2013.5,133.8,18726.2188
40980,41040,451.42,2008.7,128.1,18641.4258
41040,41100,455.58,2013.5,130.1,18829.9590
41100,41160,458.12,2018.7,185.0,18940.0547
41160,41220,451.29,2005.2,165.1,18618.0664
41220,41280,453.31,2009.2,148.1,18650.6016
41280,41340,458.49,2026.4,147.8,18973.0254
41340,41400,457.14,2024.9,141.5,18903.9023
41400,41460,455.77,2026.5,136.4,18837.6992
41460,41520,456.34,2028.1,135.3,18890.8828
41520,41580,454.55,2015.1,133.5,18716.0254
41580,41640,458.01,2016.8,138.1,18902.1250
41640,41700,460.56,2023.8,149.6,18984.0605
41700,41760,460.16,2029.3,305.0,18884.2734
41760,41820,449.10,2009.2,127.7,18536.3262
41820,41880,452.25,2009.5,137.4,18609.2793
41880,41940,449.33,2005.2,130.3,18515.1270
41940,42000,447.43,1999.7,128.4,18469.2969
42000,42060,444.42,1996.0,127.0,18353.9805
42060,42120,440.81,1987.2,117.8,18109.0840
42120,42180,447.05,2001.7,128.1,18474.1406
42180,42240,441.70,1983.9,122.6,17716.5410
42240,42300,444.17,1994.3,128.5,18244.0469
42300,42360,447.67,2000.2,127.0,18428.1094
42360,42420,447.84,1995.5,128.3,18355.3789
42420,42480,446.54,1992.3,126.2,18273.3613
42480,42540,442.52,1980.3,118.5,17736.5488
42540,42600,437.42,1963.6,106.1,16523.7441
42600,42660,436.76,1957.4,103.4,15974.4434
42660,42720,438.63,1967.9,111.1,16683.2637
42720,42780,438.72,1975.7,112.9,17299.6543
42780,42840,440.24,1977.7,116.2,17440.2656
42840,42900,439.24,1974.2,112.5,17336.8145
42900,42960,442.05,1980.0,117.6,17590.9355
42960,43020,445.31,1988.9,123.9,17950.4141
43020,43080,442.96,1986.9,123.6,17874.7539
43080,43140,442.05,1983.3,192.7,17744.4980
43140,43200,447.52,1993.7,185.8,18125.3203
43200,43260,448.44,1997.0,147.9,18246.2344
43260,43320,446.13,1988.3,143.3,17792.5781
43320,43380,445.10,1980.0,153.1,17257.4863
43380,43440,441.99,1974.1,117.5,16757.4531
43440,43500,440.44,1968.8,110.8,16296.5977
43500,43560,443.89,1972.4,113.8,16674.6445
43560,43620,441.63,1961.5,106.8,16160.4531
43620,43680,439.96,1955.3,103.9,15849.3604
43680,43740,440.43,1956.2,101.2,16014.5967
43740,43800,441.50,1959.4,105.1,16266.4385
43800,43860,443.00,1962.3,107.8,16435.2617
43860,43920,443.07,1959.4,105.0,16230.2783
43920,43980,440.65,1955.5,102.0,15992.8340
43980,44040,442.25,1955.3,103.1,16024.8193
44040,44100,443.53,1959.7,105.2,16316.2168
44100,44160,443.51,1965.9,110.9,16558.4883
44160,44220,445.00,1969.9,114.5,16749.0820
44220,44280,445.50,1974.9,117.8,16940.3965
44280,44340,446.46,1978.2,117.6,17137.3301
44340,44400,446.55,1981.5,119.4,17203.0742
44400,44460,457.47,1988.1,139.4,17533.2285
44460,44520,457.18,1992.4,142.1,17691.7520
44520,44580,453.96,1991.2,136.3,17666.4238
44580,44640,452.94,1992.7,147.1,17664.5137
44640,44700,455.00,1994.0,155.6,17686.5273
44700,44760,455.68,2000.4,146.9,17708.5293
44760,44820,454.59,2004.1,132.0,17631.1133
44820,44880,452.01,1999.4,123.2,17539.1094
44880,44940,450.91,1996.3,125.6,17489.0723
44940,45000,452.35,1994.9,140.6,17516.1621
45000,45060,446.85,1978.5,121.0,16985.5508
45060,45120,450.02,1987.0,124.5,17184.0918
45120,45180,453.61,2003.1,136.4,17557.9961
45180,45240,454.38,2012.8,139.3,17704.5566
45240,45300,449.78,2007.6,129.1,17443.7402
