CampaignData_and_Merges/R0/CSL_MobileLab_Parked/raw/20240818/USOS-Picarro-CO2-CH4-CO-H2O_MobileLabGround_20240818_R0.ict
38, 1001
Ilana Pollack, Nell Schafer, and Jeff Peischl
NOAA Chemical Sciences Laboratory
Picarro 2401-m CO2/CH4/CO/H2O Analyzer
USOS
1, 1
2024, 08, 18, 2024, 11, 20
0
StartTime_UTC, seconds_past_midnight, seconds past midnight
5
1, 1, 1, 1, 1
-9999, -9999, -9999, -9999, -9999
StopTime_UTC, seconds_past_midnight, seconds past midnight
CO2_ppm_1min, ppm, Gas_CO2_InSitu_S_DMF, carbon dioxide mixing ratio
CH4_ppb_1min, ppb, Gas_CH4_InSitu_S_DMF, methane mixing ratio
CO_ppb_1min, ppb, Gas_CO_InSitu_S_DMF, carbon monoxide mixing ratio
H2O_ppmv_1min, ppmv, Met_H2OMRV_InSitu_S_AVMR, water vapor mixing ratio
1
SPECIAL COMMENTS: N/A
18
PI_CONTACT_INFO: Address: NOAA Chemical Sciences Laboratory, Mail Stop CSL7, 325 Broadway, Boulder, CO 80305; Email: Ilana.Pollack@noaa.gov
PLATFORM: NOAA CSL Mobile Laboratory
LOCATION: The mobile lab was stationed in Salt Lake City, Utah.
ASSOCIATED_DATA: N/A
INSTRUMENT_INFO: CO2, CH4, and CO are reported as dry air mole fractions using a commercial wavelength-scanned cavity ring-down analyzer (Picarro 2401-m). An in-field calibration gas standard of 432±0.07 ppm CO2, 2095±1 ppb CH4, and 183±1 ppb CO, calibrated in the Boulder laboratories before and after the field project using primary CO2, CH4, and CO standard tanks tied to the WMO standard (X2019, X2004A, and X2014A, respectively) from the Global Monitoring Laboratory (GML), was delivered to the inlet every 2-3 days to evaluate instrument sensitivity. A H2O measurement was calibrated before the project with a Dew Point Mirror 373 hygrometer. The water correction calculated from these calibrations was applied to the H2O measurement for the entire campaign. Species are measured at 0.5 Hz and reported as 1-minute averages for stationary measurements.
DATA_INFO: Units: CO2, ppm, dry air mole fraction; CH4, ppb, dry air mole fraction; CO, ppb, dry air mole fraction; H2O, ppmv
UNCERTAINTY: Total uncertainties are estimated as ±0.1 ppm for CO2, ±1 ppb for CH4, ±5 ppb for CO, and ±(50 ppm + 4%) for H2O.
ULOD_FLAG: -7777
ULOD_VALUE: N/A
LLOD_FLAG: -8888
LLOD_VALUE: N/A
DM_CONTACT_INFO: Data Manager: Nathan Howard; nathan.h.howard@noaa.gov
PROJECT_INFO: USOS Dates of Study: July – August 2024
STIPULATIONS_ON_USE: Use of these data require prior ok from PI.
OTHER_COMMENTS: Data are averaged to 1 minute intervals. Stationary data collected from a 10 ft tower on top of the mobile van.
REVISION: R0
R0: Final Data
StartTime_UTC, StopTime_UTC, CO2_ppm_1min, CH4_ppb_1min, CO_ppb_1min, H2O_ppmv_1min
[from data line 1129]
67740,67800,425.70,1939.1,123.0,16582.1035
67800,67860,424.83,1936.6,116.2,16044.9648
67860,67920,424.65,1936.7,126.7,16158.3457
67920,67980,424.20,1935.7,113.5,16020.8730
67980,68040,425.38,1937.0,123.1,16302.3184
68040,68100,425.70,1937.9,119.5,16355.5527
68100,68160,425.70,1939.0,127.3,16740.5723
68160,68220,425.50,1939.3,124.8,16727.6055
68220,68280,425.66,1936.9,117.7,16125.6064
68280,68340,425.89,1936.4,117.6,16497.3789
68340,68400,426.87,1936.1,120.2,16075.4170
68400,68460,425.57,1935.6,115.3,15953.2822
68460,68520,427.24,1936.1,128.5,16306.1855
68520,68580,424.63,1936.5,109.6,15956.6377
68580,68640,428.87,1936.9,141.6,16389.8906
68640,68700,426.18,1937.0,121.1,16451.7227
68700,68760,424.85,1936.7,114.5,16262.9951
68760,68820,424.55,1936.6,110.7,16209.6523
68820,68880,424.78,1936.3,112.2,16046.8213
68880,68940,425.32,1937.0,121.9,16300.6172
68940,69000,425.88,1937.4,129.4,16461.8164
69000,69060,425.20,1937.5,116.8,16368.2051
69060,69120,425.24,1938.5,124.4,16674.7129
69120,69180,424.74,1936.8,114.2,16144.6816
69180,69240,425.35,1937.7,113.2,16375.8555
69240,69300,424.99,1937.8,115.9,16471.4043
69300,69360,425.51,1937.2,125.1,16310.8838
69360,69420,425.14,1937.2,115.6,16231.8438
69420,69480,425.14,1937.7,127.0,16342.1094
69480,69540,424.85,1938.9,116.5,16674.1602
69540,69600,424.87,1938.3,122.1,16489.4629
69600,69660,424.54,1938.1,138.5,16398.6758
69660,69720,424.73,1938.1,120.7,16449.9766
69720,69780,425.48,1938.6,137.3,16537.2383
69780,69840,425.55,1939.2,122.1,16468.5762
69840,69900,424.72,1937.3,116.7,16327.2949
69900,69960,424.80,1937.4,118.7,16351.9678
69960,70020,425.02,1937.6,119.5,16571.4570
70020,70080,425.19,1937.7,119.3,16672.2949
70080,70140,425.10,1937.6,118.9,16586.5039
70140,70200,425.63,1937.8,119.9,16799.0234
70200,70260,425.73,1937.6,117.6,16508.8262
70260,70320,426.89,1937.9,129.5,16627.2324
70320,70380,429.13,1938.5,142.2,17087.9688
70380,70440,426.80,1937.6,127.1,16638.7734
70440,70500,425.07,1937.3,115.8,16480.5254
70500,70560,424.14,1936.2,108.7,16120.8350
70560,70620,424.67,1936.7,112.2,16232.7051
70620,70680,425.73,1938.2,118.6,16557.1992
70680,70740,427.51,1938.7,131.1,17026.3809
70740,70800,427.31,1939.5,130.4,16972.1367
70800,70860,425.56,1938.6,116.1,16665.2617
70860,70920,425.18,1938.5,115.8,16685.8613
70920,70980,425.04,1937.9,110.4,16537.2090
70980,71040,425.16,1937.8,126.8,16425.4531
71040,71100,427.59,1938.8,126.2,16831.9414
71100,71160,426.58,1939.0,125.8,16459.4043
71160,71220,426.06,1939.1,119.9,16562.0430
71220,71280,425.77,1938.7,126.7,16494.1016
71280,71340,425.33,1938.4,117.1,16378.2227
71340,71400,425.88,1939.3,121.8,16514.4160
71400,71460,427.05,1939.9,131.9,16722.8633
71460,71520,426.92,1939.2,125.0,16522.0703
71520,71580,428.20,1939.4,134.3,16598.5313
71580,71640,426.49,1940.0,129.6,16661.1367
71640,71700,426.20,1939.5,144.0,16584.9434
71700,71760,425.96,1938.8,126.1,16657.0117
71760,71820,425.91,1938.6,122.9,16570.0391
71820,71880,425.76,1939.1,120.5,16534.6074
71880,71940,426.11,1940.0,121.1,16825.5684
71940,72000,426.22,1939.4,123.2,16736.5684
72000,72060,426.26,1940.9,127.4,16802.0273
72060,72120,427.15,1941.2,130.5,16816.4941
72120,72180,427.78,1940.7,125.0,16677.6250
72180,72240,426.56,1941.3,133.0,16690.3867
72240,72300,427.32,1941.1,168.1,16872.9043
72300,72360,426.93,1942.5,136.2,16790.7734
72360,72420,427.39,1943.8,135.6,16880.1230
72420,72480,426.76,1940.9,128.3,16607.8750
72480,72540,428.59,1942.1,135.1,16920.8301
72540,72600,426.42,1938.4,121.8,16502.1641
72600,72660,425.96,1937.6,120.3,16337.7588
72660,72720,426.49,1940.2,127.4,16602.1660
72720,72780,427.91,1941.6,140.3,16927.6387
72780,72840,426.66,1942.0,131.7,16816.6367
72840,72900,427.41,1942.7,138.4,16851.7188
72900,72960,428.57,1944.5,150.1,16970.9102
72960,73020,427.72,1944.6,140.1,17004.1621
73020,73080,428.28,1945.3,143.9,17206.6563
73080,73140,428.09,1944.5,143.6,17141.5078
73140,73200,428.47,1945.1,147.4,17288.9355
73200,73260,428.21,1943.7,144.7,17203.0859
73260,73320,427.55,1942.9,139.3,17231.4902
73320,73380,427.85,1943.2,140.0,17114.8809
73380,73440,428.01,1943.2,144.4,17079.2305
73440,73500,428.31,1943.2,143.5,17289.3574
73500,73560,427.69,1942.3,140.2,16996.1230
73560,73620,427.76,1942.2,138.2,16880.7871
73620,73680,428.26,1942.5,141.6,17021.1230
73680,73740,428.17,1943.0,141.1,17177.0098
73740,73800,428.10,1943.7,147.1,17182.7598
73800,73860,428.77,1944.5,150.2,17435.6621
73860,73920,428.55,1944.6,148.9,17342.8086
73920,73980,428.85,1945.0,155.1,17308.5410
73980,74040,428.98,1945.8,154.9,17555.1973
74040,74100,429.47,1946.1,158.6,17613.3672
74100,74160,428.62,1945.1,152.5,17434.3613
74160,74220,428.65,1945.2,151.4,17400.4453
74220,74280,428.57,1945.1,150.6,17446.7070
74280,74340,429.17,1944.9,149.7,17423.1113
74340,74400,428.59,1944.1,146.7,17241.7383
74400,74460,428.75,1944.7,148.0,17392.6367
74460,74520,429.05,1944.1,148.7,17321.0527
74520,74580,429.04,1944.1,157.6,17340.0117
74580,74640,427.70,1943.1,147.2,17105.8105
74640,74700,428.10,1944.0,146.6,17342.6543
74700,74760,427.61,1943.6,139.9,17317.8242
74760,74820,427.84,1943.6,139.3,17300.2227
74820,74880,427.15,1943.3,135.6,17179.7813
74880,74940,427.87,1944.1,141.1,17251.3691
74940,75000,427.19,1943.4,132.6,17024.3223
75000,75060,428.99,1944.2,139.4,17340.7910
75060,75120,428.71,1944.2,140.9,17639.0352
75120,75180,427.76,1943.3,134.6,17184.2539
75180,75240,428.82,1944.5,161.0,17381.5547
75240,75300,427.98,1945.0,144.6,17436.0332
75300,75360,428.14,1944.4,146.7,17285.3906
75360,75420,428.42,1944.7,162.1,17591.2168
75420,75480,428.06,1944.0,142.8,17210.4961
75480,75540,428.20,1945.0,144.0,17350.0508
75540,75600,428.49,1944.3,145.7,17347.8438
75600,75660,429.05,1945.0,149.4,17533.6309
75660,75720,428.96,1944.9,177.4,17436.0195
75720,75780,428.98,1945.9,231.8,17400.3164
75780,75840,429.64,1945.6,175.9,17483.1875
75840,75900,429.15,1945.0,162.6,17331.0801
75900,75960,429.37,1944.5,155.5,17313.5293
75960,76020,429.54,1946.2,159.6,17522.3477
76020,76080,430.18,1947.4,164.1,17702.9707
76080,76140,429.92,1947.2,160.0,17576.4551
76140,76200,429.60,1947.6,166.6,17587.4199
76200,76260,430.83,1948.2,166.6,17621.9668
76260,76320,429.32,1946.4,162.5,17283.4844
76320,76380,429.63,1947.1,162.3,17345.2832
76380,76440,429.55,1947.3,157.0,17398.7090
76440,76500,430.28,1947.7,164.0,17483.8984
76500,76560,430.85,1947.9,166.0,17424.3945
76560,76620,429.74,1948.2,170.1,17442.0176
76620,76680,429.20,1948.7,160.1,17651.2734
76680,76740,429.56,1947.0,154.4,17458.5293
76740,76800,429.55,1947.7,156.1,17476.1445
76800,76860,428.75,1946.9,151.9,17354.2344
76860,76920,429.07,1946.8,152.4,17398.6133
76920,76980,428.86,1946.8,149.5,17419.1289
76980,77040,428.14,1945.6,144.5,17284.9590
77040,77100,428.46,1946.3,146.5,17404.9434
77100,77160,428.80,1946.6,149.7,17506.8711
77160,77220,428.73,1946.8,148.8,17384.0313
77220,77280,428.57,1946.5,146.8,17334.1504
77280,77340,428.89,1947.1,156.4,17438.1348
77340,77400,430.07,1948.2,167.6,17602.6895
77400,77460,429.06,1947.8,149.7,17569.2891
77460,77520,428.72,1946.3,148.5,17501.3398
77520,77580,428.19,1945.9,144.1,17457.7441
77580,77640,428.99,1946.5,142.9,17622.4238
77640,77700,428.98,1944.2,139.2,17181.1563
77700,77760,428.94,1945.6,153.7,17414.6738
77760,77820,429.12,1944.6,163.5,17451.8770
77820,77880,428.26,1945.0,148.0,17396.7461
77880,77940,428.27,1943.6,144.3,17265.0000
77940,78000,429.31,1944.5,150.7,17421.3066
78000,78060,429.32,1945.1,153.1,17515.2656
78060,78120,429.60,1945.7,155.2,17663.4355
78120,78180,429.41,1945.4,155.4,17588.1230
78180,78240,428.98,1944.3,153.5,17368.1250
78240,78300,429.21,1944.3,153.1,17381.3340
78300,78360,429.43,1945.2,155.8,17493.1758
78360,78420,428.98,1944.7,148.6,17455.6328
78420,78480,429.83,1946.7,151.7,17776.4453
78480,78540,430.42,1947.9,159.2,17844.8398
78540,78600,430.60,1948.3,166.7,17936.9707
78600,78660,429.84,1947.4,155.7,17858.7617
78660,78720,429.61,1946.5,154.2,17878.8164
78720,78780,428.83,1945.0,146.0,17880.5059
78780,78840,429.82,1946.4,151.1,18083.3965
78840,78900,429.62,1945.2,147.8,18053.6328
78900,78960,430.30,1945.7,147.1,18175.2598
78960,79020,430.59,1945.7,152.7,18199.5000
79020,79080,430.49,1945.7,153.9,18115.2324
79080,79140,432.96,1947.2,161.7,18364.3047
79140,79200,429.87,1944.6,146.2,18071.4707
79200,79260,430.51,1945.2,152.0,18195.9141
79260,79320,430.60,1945.2,149.9,18203.4199
79320,79380,430.56,1946.2,151.8,18205.0781
79380,79440,431.31,1946.8,157.0,18251.8125
79440,79500,430.98,1946.8,154.1,18120.9766
79500,79560,430.67,1946.3,149.2,17980.0742
79560,79620,429.89,1944.6,145.1,17849.3359
79620,79680,431.54,1946.6,154.3,18022.8223
79680,79740,431.93,1948.0,166.2,18117.5352
79740,79800,438.47,1947.2,211.6,18243.1680
79800,79860,440.24,1946.2,233.2,18280.5820
79860,79920,435.70,1948.1,188.3,18367.5957
79920,79980,432.77,1945.3,166.5,18123.9297
79980,80040,433.83,1944.9,170.1,18159.8770
80040,80100,434.46,1944.7,165.3,18258.3301
80100,80160,433.30,1943.0,154.4,17700.8184
80160,80220,434.39,1944.4,159.8,18012.7988
80220,80280,435.29,1945.7,163.3,18331.4629
80280,80340,433.41,1943.8,159.2,17655.4512
80340,80400,432.00,1943.5,151.3,17406.5703
80400,80460,432.98,1945.3,158.0,17552.1465
80460,80520,431.40,1945.1,147.8,17415.7871
80520,80580,431.40,1945.4,147.1,17436.9473
80580,80640,436.65,1946.3,163.4,17613.4414
80640,80700,442.10,1946.0,187.2,17675.8340
80700,80760,441.01,1945.3,228.2,17395.6953
80760,80820,434.28,1944.1,175.7,17197.4883
80820,80880,437.51,1944.7,182.0,17307.7285
80880,80940,440.21,1945.8,196.6,17381.3027
80940,81000,440.01,1944.9,187.2,17143.4922
81000,81060,438.86,1945.9,183.0,17162.8320
81060,81120,441.71,1946.6,198.3,17236.8594
81120,81180,439.24,1946.5,200.6,17124.8926
81180,81240,439.71,1946.5,212.5,17133.8027
81240,81300,437.45,1946.9,192.8,17175.0488
81300,81360,437.04,1946.4,177.7,16928.4707
81360,81420,440.25,1947.2,185.1,17017.2090
81420,81480,436.64,1947.8,176.9,16951.4297
81480,81540,435.59,1946.7,169.0,16841.0039
81540,81600,434.64,1945.4,167.0,16543.9980
81600,81660,432.08,1946.3,155.2,15968.5400
81660,81720,431.33,1945.5,150.0,15864.8564
81720,81780,430.01,1944.3,142.1,15729.0020
81780,81840,428.58,1942.6,129.4,15645.6074
81840,81900,428.60,1943.0,127.3,15703.3086
81900,81960,428.62,1942.4,128.7,15811.0723
81960,82020,428.17,1942.2,124.9,15890.7910
82020,82080,427.33,1941.7,122.3,15954.2422
82080,82140,427.36,1941.3,119.0,15979.9473
82140,82200,427.56,1942.1,119.3,16094.3926
82200,82260,428.01,1942.8,120.8,16141.8008
82260,82320,427.66,1941.8,126.0,15794.3271
82320,82380,426.81,1941.1,117.6,15419.1426
82380,82440,426.34,1940.1,113.6,14881.2109
82440,82500,426.94,1941.0,114.0,15063.5547
82500,82560,427.55,1941.9,118.9,14803.8076
82560,82620,428.19,1942.4,118.6,14716.1875
82620,82680,427.22,1942.0,119.4,14443.6768
82680,82740,428.54,1942.6,125.5,14485.7715
82740,82800,427.87,1942.7,121.9,14525.0693
82800,82860,426.96,1942.0,118.4,14503.7705
82860,82920,426.97,1942.1,119.4,14592.2617
82920,82980,427.81,1942.7,120.5,14588.6396
82980,83040,427.55,1943.4,123.0,14500.1650
83040,83100,428.19,1944.0,132.9,14512.6992
83100,83160,427.43,1943.8,126.1,14414.2227
83160,83220,427.49,1943.4,120.4,14390.9873
83220,83280,427.51,1943.9,120.4,14487.2012
83280,83340,427.37,1943.6,117.0,14474.6514
83340,83400,427.56,1943.9,118.0,14394.3340
83400,83460,428.24,1945.1,123.1,14474.2666
83460,83520,428.23,1945.1,126.8,14431.4512
83520,83580,428.37,1945.2,125.3,14452.2178
83580,83640,427.18,1943.5,118.5,14416.9463
83640,83700,427.97,1943.8,120.8,14590.6182
83700,83760,427.74,1942.9,126.4,14772.2285
83760,83820,427.94,1943.1,122.3,14878.2109
83820,83880,428.37,1943.3,118.8,15012.7305
83880,83940,429.19,1943.5,117.9,15098.1006
83940,84000,428.66,1944.2,135.7,15108.4922
84000,84060,428.39,1943.6,125.0,15123.6250
84060,84120,427.83,1943.3,109.6,15163.2217
84120,84180,427.65,1944.0,110.6,15389.7979
84180,84240,426.95,1945.0,108.9,15704.8525
84240,84300,427.96,1946.0,131.5,16075.2354
84300,84360,427.45,1946.4,118.0,16518.8535
84360,84420,427.92,1947.1,119.3,16937.3711
84420,84480,428.54,1947.9,121.0,17285.2188
84480,84540,428.69,1948.7,122.7,17951.8281
84540,84600,429.10,1949.8,126.6,18432.1055
84600,84660,429.10,1950.5,126.8,18707.1699
84660,84720,429.32,1951.8,130.6,19125.5605
84720,84780,429.21,1953.4,129.1,19520.9141
84780,84840,429.32,1954.2,127.5,19687.5352
84840,84900,429.30,1955.0,127.6,19773.5020
84900,84960,429.75,1956.1,125.9,19862.9941
84960,85020,430.03,1957.2,134.0,19911.0449
85020,85080,429.86,1957.2,125.9,19866.1289
85080,85140,429.77,1955.9,124.3,19723.9707
85140,85200,429.65,1955.3,125.2,19666.9395
85200,85260,429.91,1954.5,128.5,19406.9063
85260,85320,431.20,1955.3,131.6,19507.8379
85320,85380,429.61,1953.4,121.7,18960.6348
85380,85440,430.01,1954.5,127.0,18941.4707
85440,85500,430.02,1954.0,127.2,18845.9219
85500,85560,429.69,1953.5,126.8,18730.2266
85560,85620,428.70,1953.4,123.1,18645.6426
85620,85680,429.05,1954.0,124.8,18610.7637
85680,85740,428.41,1953.3,121.8,18453.7930
85740,85800,428.30,1953.0,120.6,18435.6602
85800,85860,429.64,1952.8,123.4,18571.6035
85860,85920,430.16,1952.6,129.5,18751.5703
85920,85980,430.45,1952.7,138.4,18915.1543
85980,86040,429.16,1952.2,122.4,18994.4883
86040,86100,430.96,1952.9,130.8,19241.7617
86100,86160,430.77,1951.7,131.6,19113.4922
86160,86220,429.39,1951.0,121.8,19032.6074
86220,86280,430.20,1951.7,132.1,19072.3438
86280,86340,431.72,1955.4,140.9,19111.1660
86340,86400,433.11,1954.8,148.5,19172.2891
