CampaignData_and_Merges/R0/CSL_MobileLab_Parked/raw/20240818/USOS-HCHO_MobileLabGround_20240818_R0.ict
35,1001
Huang, Yaoxian
Wayne State University
Picarro G2307 on CSL Mobile Lab
USOS
1,1
2024,08,18,2024,08,25
1.0
Time_Start,seconds_since_midnight,number_of_seconds_since_0000_UTC
3
1.0,1.0,1.0
-9999.0,-9999.0,-9999.0
HCHO,ppbv,Gas_HCHO_InSitu_S_AVMR,volume mixing ratio of formaldehyde in air
H2O,ppmv,Gas_H2O_InSitu_S_AVMR,volume mixing ratio of water vapor in air
CH4,ppmv,Gas_CH4_InSitu_S_AVMR,volume mixing ratio of methane in air
0
18
PI_CONTACT_INFO: yaoxian.huang@wayne.edu
PLATFORM: CSL Mobile Lab, at Ground Site
LOCATION: Salt Lake City, UT
ASSOCIATED_DATA: N/A
INSTRUMENT_INFO: Cavity Ring-Down Spectrometer
DATA_INFO: Data is averaged to 1 minute intervals for stationary and 1 second interval for driving. Stationary data collected from a 20 ft tower on top of the mobile lab.
UNCERTAINTY: N/A
ULOD_FLAG: -7777
ULOD_VALUE: N/A
LLOD_FLAG: -8888
LLOD_VALUE: N/A
DM_CONTACT_INFO: Yaoxian Huang; yaoxian.huang@wayne.edu
PROJECT_INFO: USOS, Summer 2024. https://csl.noaa.gov/groups/csl7/measurements/2024usos/
STIPULATIONS_ON_USE: Users are strongly encouraged to contact the PI for proper data usage.
OTHER_COMMENTS: Data have been shifted backwards by 1 minute to align with USOS MetNav and Picarro GHG data.
REVISION: R0
R0: Final Data
Time_Start,HCHO,H2O,CH4
[from data line 543]
32580,1.34872,19797.4,1.94928
32640,1.36394,19771.6,1.94508
32700,1.4402,19699.8,1.94513
32760,1.43472,19663.4,1.94284
32820,1.04327,19733.7,1.94321
32880,1.22291,19721.0,1.93952
32940,1.37279,19653.5,1.9401
33000,1.10331,19623.8,1.94069
33060,1.2015,19545.9,1.93836
33120,1.29933,19695.1,1.94366
33180,1.05223,19663.4,1.94439
33240,1.10866,19491.1,1.94026
33300,1.27219,19238.6,1.93363
33360,1.14778,19340.6,1.9357
33420,1.04033,19234.7,1.93266
33480,1.18047,18840.3,1.92822
33540,1.22162,18839.0,1.92761
33600,1.01372,18540.9,1.92094
33660,1.02292,18847.3,1.92735
33720,1.34664,19289.3,1.93431
33780,1.36174,18945.2,1.93838
33840,1.11994,18772.4,1.93276
33900,2.42504,18942.5,1.93169
33960,1.25405,18757.8,1.92976
34020,1.33018,18802.7,1.93345
34080,1.10671,19136.7,1.93569
34140,1.32043,19262.9,1.93895
34200,1.39257,19523.7,1.94855
34260,1.50204,19186.9,1.94591
34320,1.12262,19100.5,1.93926
34380,1.13437,18886.6,1.93583
34440,1.0796,18942.9,1.93108
34500,1.27071,18954.6,1.93111
34560,1.24767,19103.9,1.9344
34620,1.58175,19192.8,1.9346
34680,1.11504,18252.0,1.92115
34740,1.2835,18206.3,1.92417
34800,1.2147,18316.8,1.92505
34860,1.06065,18542.3,1.92362
34920,1.37285,18926.2,1.93287
34980,1.04327,18742.4,1.92885
35040,1.16013,18043.6,1.91774
35100,1.13639,18047.2,1.91875
35160,1.03759,17634.1,1.91458
35220,0.931489,17424.7,1.90818
35280,0.934642,17313.7,1.90685
35340,0.793266,17169.1,1.90842
35400,0.8421,17116.6,1.90438
35460,0.776778,16773.3,1.89836
35520,0.940626,17103.7,1.90348
35580,1.1686,18441.2,1.93232
35640,1.35164,18573.1,1.93441
35700,1.34874,18818.8,1.93643
35760,1.23791,19117.0,1.9439
35820,1.23824,18913.1,1.94642
35880,1.35596,18641.4,1.94364
35940,1.2607,18461.1,1.94133
36000,1.16434,17825.3,1.92322
36060,1.239,18285.8,1.93863
36120,1.23489,18429.2,1.94126
36180,1.21916,18465.5,1.94279
36240,1.20909,18599.6,1.94607
36300,1.17126,18726.1,1.95007
36360,1.4269,18723.6,1.95039
36420,0.861342,18532.7,1.94343
36480,1.22552,18369.5,1.94016
36540,1.30177,18626.5,1.9478
36600,1.22071,18394.1,1.94382
36660,1.38956,18475.2,1.94455
36720,1.48949,18427.0,1.94565
36780,1.23573,18547.6,1.94742
36840,1.30932,18515.9,1.9438
36900,1.21726,18400.3,1.94293
36960,1.16718,18192.2,1.93464
37020,1.2094,18284.1,1.93477
37080,1.20934,18225.8,1.93356
37140,1.1787,18495.0,1.94433
37200,1.24141,18761.1,1.96392
37260,1.16091,18581.7,1.95262
37320,1.42779,18516.9,1.95036
37380,1.38303,18711.4,1.9566
37440,1.37638,18576.4,1.952
37500,1.26402,18490.0,1.95128
37560,1.15411,18165.5,1.93165
37620,0.951295,18236.9,1.93355
37680,1.16694,18331.3,1.93855
37740,1.3939,18716.4,1.97626
37800,1.32829,18762.8,1.96288
37860,1.44357,18707.1,1.9519
37920,1.35974,18808.3,1.95149
37980,1.33435,18680.9,1.94676
38040,1.40896,18767.3,1.95237
38100,1.20618,18687.6,1.95171
38160,1.45313,18796.6,1.95933
38220,1.22984,18855.1,1.956
38280,1.41299,18862.8,1.9547
38340,1.55453,18979.5,1.96426
38400,1.36348,18896.1,1.96415
38460,1.45414,18782.6,1.96236
38520,1.34809,18787.7,1.96306
38580,1.40323,18815.6,1.96343
38640,1.35926,18828.7,1.96263
38700,1.35069,18938.6,1.97069
38760,1.1868,18852.1,1.96859
38820,1.28256,18782.8,1.96485
38880,1.49737,18896.5,1.96704
38940,1.6146,18988.8,1.96773
39000,1.14115,18890.8,1.97405
39060,1.46946,18883.2,1.97262
39120,1.17265,18867.8,1.97097
39180,1.21457,18883.3,1.97171
39240,1.34457,18860.9,1.97448
39300,1.65772,18954.1,1.97665
39360,1.42111,18925.0,1.97015
39420,1.38827,18857.2,1.96519
39480,1.41975,18830.2,1.95865
39540,1.13917,18850.2,1.95571
39600,1.21938,18880.0,1.95526
39660,1.48134,18917.0,1.96272
39720,1.52962,18915.7,1.96627
39780,1.48376,18920.1,1.96841
39840,1.3886,18907.7,1.9649
39900,1.11809,18887.1,1.95734
39960,1.17107,18802.3,1.94846
40020,1.19367,18817.7,1.94918
40080,1.13359,18808.0,1.95264
40140,1.43623,18823.8,1.95264
40200,1.43766,18888.5,1.95517
40260,1.32653,18839.8,1.96396
40320,1.12611,18763.5,1.95824
40380,1.39279,18825.0,1.9656
40440,1.2476,18728.3,1.96073
40500,1.40099,18759.9,1.96796
40560,1.27349,18764.3,1.97079
40620,1.47454,18734.8,1.97394
40680,1.04556,18832.4,1.97161
40740,1.39332,18641.4,1.96585
40800,1.52977,18642.1,1.96205
40860,1.39007,18671.0,1.96195
40920,1.50022,18559.0,1.95292
40980,1.14854,18337.2,1.94614
41040,0.920396,18405.8,1.94574
41100,1.1782,18527.3,1.94937
41160,1.36588,18538.5,1.95021
41220,1.2296,18219.4,1.9376
41280,1.20255,18419.0,1.95106
41340,1.39683,18643.1,1.95957
41400,1.18929,18505.6,1.9544
41460,1.26819,18589.2,1.96475
41520,1.29604,18465.3,1.95419
41580,1.23593,18359.1,1.94753
41640,1.28751,18687.2,1.9538
41700,1.68207,18604.4,1.95641
41760,1.29322,18454.2,1.95966
41820,1.1177,18222.3,1.9429
41880,1.16915,18272.3,1.94346
41940,0.89993,18218.6,1.93792
42000,0.98528,18070.3,1.93153
42060,1.01887,18011.6,1.93045
42120,0.693292,17840.5,1.92596
42180,1.09223,18074.8,1.93336
42240,1.15397,17453.4,1.9229
42300,1.01457,17962.0,1.93055
42360,1.12428,18106.2,1.93124
42420,0.988908,18013.9,1.93124
42480,0.945759,17929.6,1.92814
42540,0.898715,17062.3,1.91291
42600,0.509551,15830.6,1.90171
42660,0.668308,15950.3,1.90155
42720,0.732152,16730.4,1.91244
42780,0.609393,17052.6,1.91848
42840,0.822625,17075.1,1.91615
42900,0.885199,17158.4,1.91631
42960,0.855955,17445.8,1.922
43020,0.851527,17635.2,1.92369
43080,0.800893,17564.7,1.92531
43140,1.12713,17501.4,1.91995
43200,1.22855,17961.0,1.93503
43260,1.12801,17867.5,1.93206
43320,1.05317,17338.0,1.92244
43380,0.870454,16715.5,1.9142
43440,0.762116,16404.1,1.91465
43500,0.551984,16156.3,1.91189
43560,0.73101,16210.6,1.9109
43620,0.607784,15701.2,1.90041
43680,0.526115,15605.9,1.89773
43740,0.361755,15901.6,1.9003
43800,0.587403,16013.2,1.90031
43860,0.833837,16167.8,1.90296
43920,0.693632,15957.1,1.90303
43980,0.498441,15644.9,1.89688
44040,0.594937,15815.6,1.89792
44100,0.794156,16234.6,1.90634
44160,0.741092,16310.4,1.90672
44220,0.678939,16601.6,1.91351
44280,0.94852,16721.6,1.91704
44340,0.946742,16877.3,1.91721
44400,0.761536,16981.6,1.92264
44460,1.08941,17343.4,1.928
44520,1.20744,17411.5,1.92851
44580,1.18426,17386.3,1.93112
44640,1.15308,17367.3,1.9311
44700,1.18872,17430.4,1.93123
44760,1.02504,17405.4,1.9405
44820,0.969574,17309.0,1.93793
44880,0.919711,17239.1,1.93283
44940,0.961137,17159.0,1.93385
45000,0.764823,17119.2,1.92947
45060,0.58643,16472.8,1.9134
45120,1.12835,17152.4,1.93466
45180,1.11832,17371.2,1.94511
45240,1.18569,17383.0,1.95221
45300,0.9098,17058.2,1.94283
45360,0.968269,17320.9,1.94675
45420,1.14334,17325.3,1.93961
45480,0.937824,16882.8,1.92468
45540,0.975512,17372.8,1.94259
45600,0.975652,17231.5,1.93727
45660,0.929247,16718.4,1.91991
45720,0.99917,16561.1,1.91809
45780,0.956484,16609.1,1.91815
45840,0.740957,16756.8,1.91676
45900,1.0108,17019.6,1.92517
45960,0.869281,16870.0,1.92123
46020,0.820455,16774.8,1.91781
46080,1.15929,16931.4,1.92565
46140,0.88676,17163.1,1.93107
46200,1.01967,16911.5,1.9234
46260,0.851572,16696.1,1.92034
46320,0.930986,16514.1,1.91702
46380,0.749067,16707.3,1.91778
46440,0.678791,16761.3,1.91868
46500,0.838009,16893.6,1.92998
46560,0.960889,16852.5,1.92891
46620,1.10149,16862.4,1.93062
46680,1.07459,16955.4,1.93243
46740,0.856838,17022.8,1.93319
46800,1.1596,17027.7,1.93182
46860,1.43681,17064.4,1.93461
46920,0.998356,16917.7,1.93099
46980,0.980264,17096.3,1.93625
47040,1.01898,17051.1,1.9342
47100,0.996538,17080.7,1.9366
47160,1.15908,17105.6,1.94026
47220,1.16791,17146.1,1.94348
47280,1.19861,17088.7,1.94132
47340,1.11929,17114.7,1.9441
47400,0.855314,16953.3,1.93406
47460,0.786336,16909.1,1.93109
47520,0.853872,16847.1,1.93303
47580,1.08789,16909.5,1.93436
47640,0.858445,16938.2,1.93806
47700,1.09069,16897.7,1.93499
47760,0.925756,16783.0,1.9317
47820,1.14074,16601.1,1.92735
47880,0.798738,16674.0,1.93163
47940,0.851161,16749.7,1.93228
48000,1.02171,16826.1,1.92958
48060,0.781712,16663.5,1.91942
48120,1.04917,16676.5,1.92465
48180,0.766142,16359.4,1.91849
48240,0.919892,16453.9,1.92287
48300,0.885547,16499.7,1.92331
48360,0.876714,16530.0,1.92163
48420,0.673582,16279.4,1.91487
48480,0.855713,16222.8,1.91373
48540,0.869081,16257.9,1.91353
48600,0.851741,16169.4,1.91334
48660,0.977565,16255.5,1.91731
48720,0.790932,16449.9,1.91756
48780,0.954488,16586.8,1.92905
48840,1.01063,16808.5,1.93574
48900,1.04714,16916.3,1.93897
48960,0.934184,16896.7,1.93856
49020,0.997722,16979.8,1.93945
49080,1.01437,17029.4,1.94178
49140,1.08517,16992.3,1.94348
49200,1.11227,16819.7,1.93812
49260,1.33185,17154.4,1.94777
49320,1.00306,16889.1,1.93381
49380,1.11777,16791.5,1.93047
49440,1.1393,16903.0,1.9276
49500,0.921391,16984.6,1.93066
49560,1.11655,16919.8,1.9296
49620,0.969154,16927.0,1.92842
49680,1.27866,16918.5,1.92615
49740,1.00887,16956.0,1.93674
49800,1.08572,16926.3,1.93834
49860,1.10732,17078.1,1.93623
49920,1.09622,17061.5,1.93114
49980,1.02722,17183.1,1.93225
50040,0.890371,16997.2,1.92667
50100,0.978021,17061.6,1.92156
50160,0.855903,17046.1,1.92128
50220,1.05651,17065.7,1.92337
50280,1.08452,17063.8,1.92563
50340,1.13364,17164.7,1.92464
50400,1.04911,17108.6,1.92369
50460,0.878964,16939.4,1.91692
50520,0.999795,16998.0,1.91613
50580,1.08528,17370.4,1.92201
50640,1.06954,17468.8,1.92197
50700,0.918881,16495.1,1.90561
50760,0.661573,16129.4,1.89935
50820,0.976053,16822.2,1.90819
50880,1.01783,16729.5,1.90826
50940,0.737842,16158.3,1.90128
51000,0.639087,16456.3,1.90303
51060,0.701979,15837.6,1.89453
51120,0.742463,15838.6,1.89365
51180,0.772375,16296.4,1.9013
51240,0.89607,16474.6,1.90087
51300,0.661884,16341.7,1.90113
51360,0.873917,15959.3,1.8921
51420,0.781416,16040.5,1.89632
51480,1.11259,16699.8,1.90377
51540,0.777437,16376.0,1.90247
51600,0.900747,16087.1,1.89922
51660,0.767264,15840.2,1.895
51720,0.454137,15414.3,1.89257
51780,0.515503,15875.7,1.89678
51840,0.56483,15563.2,1.89824
51900,0.677086,15446.9,1.89556
51960,0.575432,15482.5,1.89681
52020,0.733958,15568.2,1.89711
52080,0.821643,15685.2,1.89821
52140,0.830888,15860.3,1.89908
52200,1.05433,15570.6,1.89412
52260,0.942544,15998.1,1.89949
52320,0.94053,15980.9,1.90284
52380,1.01849,15878.8,1.89901
52440,0.879395,15852.1,1.89764
52500,0.784573,16642.3,1.90857
52560,1.25116,17637.7,1.92602
52620,1.36846,17712.8,1.92732
52680,1.65498,17546.5,1.92754
52740,1.48267,17507.3,1.9297
52800,1.4761,17526.8,1.92634
52860,1.26226,16937.7,1.91762
52920,1.36052,17159.1,1.91837
52980,1.10177,17117.8,1.92012
53040,1.35266,17151.8,1.91642
53100,1.07047,16923.7,1.91119
53160,1.16913,16637.1,1.90828
53220,1.40026,17040.3,1.91722
53280,1.33516,17106.9,1.91689
53340,1.53176,16823.7,1.91417
53400,1.21235,16806.8,1.91311
53460,1.33818,16956.2,1.91056
53520,1.2994,17311.2,1.91897
53580,1.29254,17192.2,1.91623
53640,1.24411,17523.5,1.90958
53700,1.10101,16386.9,1.90362
53760,1.19678,16354.4,1.90053
53820,1.27182,16235.4,1.90673
53880,1.10861,16427.1,1.90428
53940,1.07178,16363.9,1.90608
54000,1.22483,16550.3,1.9023
54060,1.28375,16636.1,1.90027
54120,1.03192,16674.7,1.9013
54180,0.909882,15701.2,1.89716
54240,0.992179,15472.4,1.89587
54300,1.20187,16250.7,1.90036
54360,1.3044,16448.6,1.90398
54420,1.19608,16347.0,1.90555
54480,1.24226,16186.1,1.90541
54540,1.11079,16201.0,1.90177
54600,1.10574,16746.8,1.90332
54660,1.19474,16619.8,1.90473
54720,1.67713,16543.4,1.90805
54780,1.40911,16268.4,1.9069
54840,1.19713,16739.4,1.90989
54900,1.33819,16903.7,1.91039
54960,1.32707,16819.3,1.91301
55020,1.51698,16348.9,1.90373
55080,1.33046,16032.9,1.89701
55140,1.54296,16697.2,1.89993
55200,1.11558,16647.6,1.89853
55260,1.25107,15948.3,1.8955
55320,1.15471,15680.1,1.8941
55380,1.16947,16173.6,1.89905
55440,1.05503,16185.1,1.89516
55500,1.34911,16438.7,1.89775
55560,1.46991,16690.6,1.89899
55620,1.4061,16590.0,1.89668
55680,1.1408,16616.9,1.89745
55740,1.27342,16851.1,1.89531
55800,1.30701,16520.2,1.89451
55860,1.34887,16493.2,1.89706
55920,1.19421,16373.6,1.89469
55980,1.51966,16226.0,1.89627
56040,1.13977,16300.2,1.895
56100,1.56611,16435.6,1.89529
56160,1.49776,16455.1,1.89453
56220,1.44813,16475.3,1.89761
56280,1.43447,16408.0,1.90094
56340,1.50161,16573.8,1.89577
56400,1.45908,16410.9,1.89301
56460,1.34215,16487.6,1.89413
56520,1.26695,16314.7,1.89441
56580,1.11463,16327.9,1.89669
56640,1.30029,16419.9,1.8949
56700,1.24188,15982.7,1.89568
56760,1.43803,16307.6,1.89793
56820,1.54029,15994.6,1.89469
56880,1.37823,16455.5,1.89642
56940,1.27681,16421.1,1.89552
57000,1.28452,16278.3,1.89619
57060,1.37964,16507.0,1.89641
57120,1.29048,16623.2,1.89641
57180,1.21643,16366.7,1.89905
57240,1.32829,16287.2,1.89688
57300,1.54374,16613.5,1.89817
57360,1.74826,16679.6,1.89745
57420,1.58415,16846.1,1.89696
57480,1.33626,16653.1,1.8964
57540,1.49289,16553.1,1.8987
57600,1.71333,16984.0,1.90024
57660,1.72593,17032.8,1.89689
57720,1.6142,16714.2,1.89802
57780,1.46817,16780.1,1.89831
57840,1.68179,16851.0,1.89487
57900,1.656,16950.1,1.89543
57960,1.47688,17086.3,1.89515
58020,1.15882,16744.7,1.89808
58080,1.7613,16996.8,1.90259
58140,1.71286,17004.7,1.8975
58200,1.52481,17059.3,1.8975
58260,1.61843,17074.6,1.90102
58320,1.8062,17515.1,1.90086
58380,1.99443,17670.5,1.89943
58440,1.68914,17421.5,1.90184
58500,1.68065,17210.4,1.8977
58560,1.7075,17050.7,1.89811
58620,1.52599,17321.8,1.89699
58680,1.4426,17065.3,1.90006
58740,1.67306,16972.6,1.90104
58800,1.60633,17027.2,1.90002
58860,1.53721,17458.3,1.90081
58920,1.85806,17604.2,1.90125
58980,2.05098,17492.2,1.90152
59040,1.63829,17807.2,1.90011
59100,1.85233,17373.6,1.90076
59160,1.88979,17508.0,1.9032
59220,1.7946,17509.4,1.90221
59280,1.75002,17685.3,1.90462
59340,2.01336,17719.9,1.90435
59400,1.78722,17610.6,1.90516
59460,1.84471,17323.8,1.90438
59520,1.77963,17221.0,1.90472
59580,1.84303,17513.4,1.90348
59640,2.25493,17968.2,1.90464
59700,1.75003,17464.7,1.90452
59760,2.2292,18428.1,1.90529
59820,2.01315,17702.3,1.90787
59880,2.11853,17959.1,1.90625
59940,2.15266,18171.7,1.90706
60000,2.06274,17640.0,1.90373
60060,1.98778,17772.4,1.90245
60120,1.97476,17281.4,1.90237
60180,1.89664,17189.4,1.90322
60240,2.12881,17368.2,1.90449
60300,2.15863,17506.0,1.90246
60360,2.08029,17481.1,1.90499
60420,1.83824,17686.8,1.90409
60480,2.24534,17933.0,1.90475
60540,2.1466,17791.9,1.90443
60600,2.40218,18304.1,1.907
60660,2.42564,18732.0,1.90163
60720,2.22505,17486.2,1.90386
60780,2.30863,17864.1,1.90297
60840,2.41561,17951.8,1.90557
60900,2.05955,18004.2,1.90193
60960,1.91427,17547.6,1.90083
61020,2.15061,17919.6,1.90219
61080,2.28557,17347.3,1.90536
61140,2.69169,17847.1,1.90211
61200,2.28424,17731.0,1.90023
61260,2.48776,18280.3,1.89895
61320,2.44512,18023.9,1.90367
61380,2.3648,18213.3,1.90681
61440,2.21753,17585.1,1.90391
61500,2.33329,17776.4,1.90134
61560,2.41275,18094.3,1.90217
61620,2.40596,18079.1,1.902
61680,2.23214,18139.6,1.90563
61740,2.5496,17877.0,1.90454
61800,2.71535,18062.7,1.90323
61860,2.55765,18177.0,1.90307
61920,2.65746,18754.4,1.90047
61980,2.63243,18598.5,1.89966
62040,2.4957,18270.9,1.90407
62100,2.47662,17849.8,1.90186
62160,2.56866,17790.6,1.90654
62220,2.47707,18027.9,1.90689
62280,2.75677,18261.9,1.90521
62340,2.77081,18366.5,1.90522
62400,2.82811,18652.3,1.90473
62460,2.73562,17932.2,1.90158
62520,2.54556,18033.2,1.9035
62580,2.75658,18116.0,1.90527
62640,2.96416,18506.9,1.90649
62700,2.88928,18768.9,1.90542
62760,2.87171,19160.5,1.90206
62820,2.6209,17872.5,1.89843
62880,2.34197,17890.8,1.90215
62940,2.19722,17762.1,1.89873
63000,2.41627,17941.3,1.89818
63060,2.63345,18298.2,1.90088
63120,2.65148,17701.5,1.89804
63180,2.60872,18560.0,1.89886
63240,2.4375,18308.3,1.89849
63300,2.48188,17895.1,1.89862
63360,2.71144,18271.6,1.89724
63420,2.58525,18031.1,1.89856
63480,2.69907,18483.5,1.89761
63540,3.13536,18611.7,1.90209
63600,2.72408,18147.8,1.89976
63660,3.08888,18809.7,1.89627
63720,2.99981,18074.8,1.90006
63780,2.93092,18735.0,1.89747
63840,2.9592,18383.7,1.89741
63900,2.92372,18465.3,1.90006
63960,3.06475,18763.0,1.89609
64020,2.79882,18001.5,1.89949
64080,2.68424,18005.9,1.89867
64140,3.03146,18258.1,1.89979
64200,2.71655,17930.1,1.89573
64260,2.51424,17615.9,1.89478
64320,2.65255,17497.2,1.89288
64380,2.3233,17292.6,1.89086
64440,2.46892,17436.6,1.89227
