CampaignData_and_Merges/R0/CSL_MobileLab_Parked/raw/20240818/USOS-POPS_MobileLabGround_20240818_R0.ict
78, 1001
Thornberry, T. D.
NOAA Chemical Sciences Laboratory
Portable Optical Particle Spectrometer (POPS)
USOS
1, 1
2024, 08, 18, 2025, 05, 08
60
Time_Start, seconds_past_midnight, Start time of measurement
45
1, 1, 1, 1, 1, 1, 1, 1, 1, 1, 1, 1, 1, 1, 1, 1, 1, 1, 1, 1, 1, 1, 1, 1, 1, 1, 1, 1, 1, 1, 1, 1, 1, 1, 1, 1, 1, 1, 1, 1, 1, 1, 1, 1, 1
-9999, -9999, -9999, -9999, -9999, -9999, -9999, -9999, -9999, -9999, -9999, -9999, -9999, -9999, -9999, -9999, -9999, -9999, -9999, -9999, -9999, -9999, -9999, -9999, -9999, -9999, -9999, -9999, -9999, -9999, -9999, -9999, -9999, -9999, -9999, -9999, -9999, -9999, -9999, -9999, -9999, -9999, -9999, -9999, -9999
Time_Stop, seconds_past_midnight, Stop time of measurement
Time_Mid, seconds_past_midnight, Mid time of measurement
Press_mb, mb, Pressure reported (mb)
Temp_C, degrees C, POPS temperature measurement
Aerosol_concentration, cm^-3, Aerosol concentration
Surface_Area_Conc, um^2 cm^-3, Surface area concentration
Volume_density, um^3 cm^-3, Volume density
Effective_radius, um, Effective radius
Extinction, km^-1, Extinction
Bin01, cm^-3, particle concentration in size range [1401 - 146.3 nm]
Bin02, cm^-3, particle concentration in size range [146.3 - 152.8 nm]
Bin03, cm^-3, particle concentration in size range [152.8 - 159.6 nm]
Bin04, cm^-3, particle concentration in size range [159.6 - 166.8 nm]
Bin05, cm^-3, particle concentration in size range [166.8 - 174.2 nm]
Bin06, cm^-3, particle concentration in size range [174.2 - 181.9 nm]
Bin07, cm^-3, particle concentration in size range [181.9 - 190.0 nm]
Bin08, cm^-3, particle concentration in size range [190.0 - 198.5 nm]
Bin09, cm^-3, particle concentration in size range [198.5 - 207.4 nm]
Bin10, cm^-3, particle concentration in size range [207.4 - 216.6 nm]
Bin11, cm^-3, particle concentration in size range [216.6 - 226.2 nm]
Bin12, cm^-3, particle concentration in size range [226.2 - 236.3 nm]
Bin13, cm^-3, particle concentration in size range [236.3 - 246.8 nm]
Bin14, cm^-3, particle concentration in size range [246.8 - 257.8 nm]
Bin15, cm^-3, particle concentration in size range [257.8 - 269.3 nm]
Bin16, cm^-3, particle concentration in size range [269.3 - 343.4 nm]
Bin17, cm^-3, particle concentration in size range [343.4 - 450.7 nm]
Bin18, cm^-3, particle concentration in size range [450.7 - 525.9 nm]
Bin19, cm^-3, particle concentration in size range [525.9 - 618.5 nm]
Bin20, cm^-3, particle concentration in size range [618.5 - 710.0 nm]
Bin21, cm^-3, particle concentration in size range [710.0 - 822.7 nm]
Bin22, cm^-3, particle concentration in size range [822.7 - 885.9 nm]
Bin23, cm^-3, particle concentration in size range [885.9 - 953.9 nm]
Bin24, cm^-3, particle concentration in size range [953.9 - 1027.2 nm]
Bin25, cm^-3, particle concentration in size range [1027.2 - 1106.1 nm]
Bin26, cm^-3, particle concentration in size range [1106.1 - 1191.0 nm]
Bin27, cm^-3, particle concentration in size range [1191.0 - 1282.5 nm]
Bin28, cm^-3, particle concentration in size range [1282.5 - 1381.0 nm]
Bin29, cm^-3, particle concentration in size range [1381.0 - 1487.1 nm]
Bin30, cm^-3, particle concentration in size range [1487.1 - 1601.3 nm]
Bin31, cm^-3, particle concentration in size range [1601.3 - 1724.3 nm]
[...]
PLATFORM: NOAA CSL Mobile Lab
LOCATION: USOS
ASSOCIATED_DATA: N/A
INSTRUMENT_INFO: Printed Optical Particle Spectrometer counts particles from 140 - 2500 nm in diameter 
DATA_INFO: Particle concentrations reported in number per cubic centimeter,1 Hz data
UNCERTAINTY: Counting uncertainty dominated by air flow, less than 5 percent. Measurement range is ~0 - 3000 per cm3 (varies depending on flow rate- manufacturer quotes 1250 per cm3 at 1.667 cc/s)
ULOD_FLAG: -7777
ULOD_VALUE: N/A
LLOD_FLAG: -8888
LLOD_VALUE: N/A
DM_CONTACT_INFO: Troy Thornberry, 325 Broadway R/CSL6, Boulder, CO 80305; troy.thornberry@noaa.gov; 303-497-3373
PROJECT_INFO: USOS, Utah POPS data from NOAA CSL Mobile Lab
STIPULATIONS_ON_USE: Please contact the PIs for questions regarding applications and uncertainties
OTHER_COMMENTS: POPS bin Edges (nm):  140.1, 146.3, 152.8, 159.6, 166.8, 174.2, 181.9, 190.0, 198.5, 207.4, 216.6, 226.2, 236.3, 246.8, 257.8, 269.3, 343.4, 450.7, 525.9, 618.5, 710.0, 822.7, 885.9, 953.9, 1027.2, 1106.1, 1191.0, 1282.5, 1381.0, 1487.1, 1601.3, 1724.3, 1856.7, 1999.3, 2152.8, 2318.2, 2496.2
Calculations assume organic aerosol refractive index of 1.52+0.00j and extinction wavelength = 532 nm
REVISION: R0
R0: Final data
Time_Start, Time_Stop, Time_Mid, Press_mb, Temp_C, Aerosol_concentration, Surface_Area_Conc, Volume_density, Effective_radius, Extinction, Bin01, Bin02, Bin03, Bin04, Bin05, Bin06, Bin07, Bin08, Bin09, Bin10, Bin11, Bin12, Bin13, Bin14, Bin15, Bin16, Bin17, Bin18, Bin19, Bin20, Bin21, Bin22, Bin23, Bin24, Bin25, Bin26, Bin27, Bin28, Bin29, Bin30, Bin31, Bin32, Bin33, Bin34, Bin35, Bin36
[from data line 366]
21960,22019,21990,874.179,34.713,84.969,15.586,1.692,0.302,0.006,12.609468,10.594744,9.397027,8.300487,6.899687,5.524120,4.436090,4.000559,3.184407,2.531239,2.348571,2.460433,2.174427,2.038927,1.384779,3.512483,1.063231,0.534920,0.629596,0.160896,0.293493,0.122306,0.100828,0.171904,0.100042,0.072376,0.044568,0.060570,0.050496,0.028252,0.033186,0.032875,0.027763,0.022428,0.011020,0.011168
22020,22079,22050,874.192,34.646,86.597,15.292,1.535,0.288,0.006,13.291658,11.212837,9.970592,8.110586,6.941126,5.610444,4.367029,3.767603,3.212070,2.869862,2.209356,2.191029,2.318721,1.799386,1.345841,3.658742,1.230360,0.672422,0.577183,0.227467,0.243878,0.116370,0.106428,0.072841,0.099893,0.060869,0.072745,0.033496,0.033741,0.038574,0.055838,0.016723,0.021953,0.022562,0.005574,0.011130
22080,22139,22110,874.198,34.595,88.319,15.692,1.607,0.291,0.006,13.502831,11.648348,10.114660,8.229262,6.982907,5.633770,4.847417,3.890464,3.162593,2.771373,2.598979,2.491248,2.263453,1.889607,1.272731,3.564729,1.016976,0.539733,0.577508,0.189102,0.227458,0.110755,0.143814,0.094786,0.072100,0.094907,0.066361,0.083167,0.033218,0.077727,0.072281,0.027527,0.010932,0.010876,0.005650,0.000000
22140,22199,22170,874.208,34.617,92.669,15.776,1.548,0.274,0.006,14.755463,12.688849,10.135365,8.581645,7.549130,5.866890,4.974740,4.045893,3.218289,3.167947,2.533901,2.520940,2.285646,1.913827,1.396583,3.571754,1.078965,0.555244,0.595568,0.221903,0.205659,0.133194,0.088806,0.106408,0.083403,0.060331,0.055578,0.050028,0.044237,0.060848,0.061134,0.016526,0.016630,0.000000,0.016525,0.011057
22200,22259,22230,874.266,34.695,87.941,15.973,1.784,0.310,0.006,13.483109,11.584535,9.597928,8.530463,6.983366,5.568020,4.649619,3.775144,3.365055,2.958930,2.440959,2.420491,2.409077,1.904967,1.397817,3.453844,1.010559,0.549027,0.463328,0.202596,0.220637,0.141201,0.136017,0.118407,0.084940,0.084303,0.084623,0.073573,0.056599,0.050762,0.050599,0.045685,0.016933,0.005765,0.005669,0.016856
22260,22319,22290,874.251,34.546,86.819,15.444,1.592,0.288,0.006,13.336879,11.379217,9.953689,8.618027,6.675820,5.718126,4.548736,3.760477,3.215309,2.696559,2.455611,2.211418,2.201962,1.964942,1.414605,3.338356,0.949227,0.515925,0.578329,0.178026,0.190074,0.155872,0.127096,0.127877,0.061630,0.056157,0.083681,0.056275,0.055203,0.066502,0.055649,0.016931,0.027707,0.010824,0.016547,0.000000
22320,22379,22350,874.251,34.492,87.370,16.066,1.767,0.298,0.006,13.518626,11.087087,9.506605,8.065284,7.020193,5.497109,4.638471,4.129657,3.181310,2.839320,2.610104,2.273308,2.333677,2.090141,1.343319,3.596003,1.139774,0.610195,0.520133,0.232777,0.238722,0.116207,0.099793,0.105142,0.100112,0.104832,0.078586,0.055364,0.038752,0.055509,0.044579,0.027635,0.027676,0.005537,0.022060,0.016704
22380,22439,22410,874.263,34.608,87.293,15.648,1.584,0.282,0.006,13.180976,11.049072,9.810898,8.161792,7.084496,5.620477,4.663288,3.975215,3.352631,2.854281,2.352756,2.368846,2.101811,2.034001,1.279234,3.624860,1.079826,0.744860,0.608125,0.278174,0.199983,0.133492,0.110706,0.094373,0.088250,0.111446,0.050757,0.055756,0.077990,0.027873,0.044417,0.027911,0.028023,0.005394,0.005669,0.005537
22440,22499,22470,874.254,34.674,89.898,16.481,1.738,0.293,0.006,13.516083,11.900972,9.820576,8.625139,6.996757,5.909909,5.020636,4.064934,3.135892,3.179840,2.454753,2.301462,2.217064,2.226932,1.243493,3.586243,1.011458,0.572008,0.634057,0.200005,0.249797,0.133407,0.188950,0.133650,0.094314,0.105020,0.072618,0.072748,0.027813,0.050174,0.067193,0.022449,0.039294,0.005556,0.011205,0.005631
22500,22559,22530,874.306,34.633,93.521,16.382,1.658,0.286,0.006,15.304209,12.208381,10.675284,8.650194,7.090725,5.987492,4.999307,4.066537,3.541397,3.020181,2.402616,2.631680,2.460323,2.024680,1.514787,3.300298,1.107549,0.591607,0.579241,0.250789,0.234441,0.128381,0.111331,0.155276,0.078136,0.050023,0.061288,0.050072,0.049560,0.056488,0.050287,0.005447,0.044159,0.010895,0.011130,0.016521
22560,22619,22590,874.308,34.687,111.974,17.152,1.510,0.245,0.006,18.766468,15.503714,12.725574,11.071276,9.046786,7.399381,5.965009,5.022778,4.219017,3.102983,2.999840,2.722881,2.521343,2.202683,1.486690,3.914585,1.049346,0.503683,0.582688,0.178251,0.227189,0.122476,0.122825,0.100092,0.038856,0.066484,0.083377,0.038478,0.033462,0.060853,0.033216,0.022262,0.016855,0.005464,0.005593,0.011435
22620,22679,22650,874.274,34.783,121.800,18.059,1.550,0.243,0.006,20.494320,16.825953,14.373738,11.737167,10.035582,7.976697,6.444706,5.450954,4.626679,3.731777,3.068645,3.026573,2.833799,2.529924,1.558580,3.792605,0.969264,0.574530,0.561492,0.234362,0.205402,0.122343,0.139008,0.067063,0.078265,0.022314,0.067197,0.044810,0.038773,0.050382,0.049985,0.033215,0.016710,0.011168,0.005612,0.000000
22680,22739,22710,874.236,34.692,118.043,18.129,1.618,0.249,0.006,20.430138,16.142296,13.525017,11.461260,9.587497,7.838337,6.403516,5.027944,4.337103,3.583460,3.095263,2.760643,2.672124,2.367637,1.490172,3.908905,1.094819,0.549367,0.483967,0.245215,0.254420,0.122228,0.088873,0.111262,0.105416,0.038933,0.077996,0.027985,0.038799,0.066421,0.039215,0.005631,0.016364,0.010947,0.000000,0.033600
22740,22799,22770,874.177,34.696,118.621,18.118,1.756,0.272,0.006,20.201038,16.306189,13.645469,11.831314,9.587418,7.945601,6.482037,5.182382,4.307553,3.438577,3.020097,2.840021,2.865659,2.148863,1.511394,3.971066,1.177694,0.546877,0.472546,0.110035,0.205252,0.122866,0.122307,0.078525,0.122644,0.049982,0.061162,0.033438,0.055623,0.039263,0.028084,0.054924,0.022204,0.016524,0.005688,0.010990
22800,22859,22830,874.177,34.737,121.897,18.687,1.832,0.272,0.006,21.078630,18.092674,14.596572,11.478919,9.544037,8.180390,6.299252,5.348979,4.210657,3.409340,2.998686,2.829895,2.729431,2.194253,1.469066,3.997628,1.133264,0.595067,0.511463,0.194069,0.178295,0.099559,0.133314,0.100242,0.105219,0.071863,0.055384,0.039233,0.044219,0.038672,0.022109,0.033422,0.016557,0.016707,0.016692,0.033178
22860,22919,22890,874.168,34.694,126.810,17.844,1.409,0.227,0.005,22.402182,18.398874,14.822980,12.652561,10.679260,8.313465,6.556073,5.282493,4.563243,3.631992,3.093720,3.015637,2.763398,2.262980,1.545541,3.729149,0.986168,0.563507,0.500668,0.177883,0.172718,0.155525,0.117160,0.061156,0.044160,0.067331,0.027718,0.038415,0.061236,0.022077,0.038824,0.016762,0.022260,0.011130,0.011378,0.000000
22920,22979,22950,874.188,34.687,127.840,18.008,1.567,0.246,0.005,22.463158,18.899719,14.891518,12.668698,10.513044,8.500636,6.584461,5.566113,4.500597,3.569453,3.409779,2.975222,2.657130,2.143001,1.521910,3.994333,1.050500,0.493822,0.415842,0.200213,0.155293,0.105171,0.099694,0.071765,0.060710,0.016860,0.077568,0.033250,0.044545,0.038621,0.038949,0.050238,0.000000,0.005650,0.016692,0.005342
22980,23039,23010,874.226,34.697,126.633,17.922,1.567,0.247,0.005,22.552151,18.296608,15.058640,12.630413,10.453851,8.301987,6.393542,5.000382,4.439047,3.433605,3.094830,3.198649,2.734581,2.406674,1.488478,4.085294,1.128364,0.617723,0.400406,0.172294,0.144670,0.099252,0.071885,0.066953,0.061157,0.055552,0.039270,0.022463,0.011303,0.039100,0.028078,0.033382,0.027892,0.011167,0.016540,0.016932
23040,23099,23070,874.259,34.733,127.032,17.992,1.471,0.233,0.005,22.885374,18.347589,14.986373,12.624602,10.431121,8.208305,6.598447,5.329778,4.558473,3.499819,3.055134,2.720630,2.737180,2.402294,1.593394,4.076062,0.900104,0.644846,0.405173,0.177984,0.161431,0.093720,0.072613,0.099675,0.061110,0.083063,0.099527,0.011205,0.044900,0.011056,0.038645,0.016753,0.022429,0.016667,0.005556,0.010975
23100,23159,23130,874.242,34.601,127.271,17.770,1.507,0.235,0.005,22.437599,18.970169,15.128355,12.734692,10.490026,8.043703,6.670972,5.249351,4.368699,3.642289,2.939399,3.082314,2.588411,2.244228,1.447319,4.246303,1.120823,0.517315,0.429178,0.127542,0.198881,0.055156,0.093991,0.083605,0.072076,0.044372,0.049934,0.021953,0.033324,0.033377,0.011171,0.039015,0.011135,0.027782,0.005708,0.011074
23160,23219,23190,874.254,34.554,125.603,18.016,1.519,0.234,0.005,21.480801,18.211540,14.366711,12.753594,10.621272,8.494277,6.521246,5.580060,4.358804,4.076292,3.073042,2.915201,2.500441,2.188568,1.490787,3.914569,0.916568,0.654128,0.472369,0.188905,0.128405,0.149694,0.055776,0.073004,0.099228,0.033294,0.049591,0.033647,0.055781,0.027543,0.039610,0.016816,0.022172,0.010965,0.016932,0.011100
23220,23279,23250,874.266,34.655,123.548,17.898,1.443,0.229,0.005,21.141848,17.171618,14.506248,12.768381,10.372354,8.095670,6.489111,5.412326,4.153737,3.575933,3.370905,2.922216,2.749721,2.148672,1.504080,3.929919,1.081176,0.564057,0.532508,0.166722,0.188380,0.099802,0.099296,0.072075,0.099359,0.072057,0.044639,0.038580,0.044167,0.032901,0.038876,0.005359,0.016818,0.021985,0.011093,0.005519
23280,23339,23310,874.277,34.674,127.677,18.103,1.493,0.236,0.005,22.974258,18.346493,14.969275,12.571582,10.357009,8.586153,6.371127,5.766953,4.178708,3.789730,3.126766,2.805058,2.828305,2.286404,1.474750,4.173078,1.041051,0.514671,0.482980,0.193374,0.146656,0.096067,0.079431,0.079595,0.079519,0.062725,0.062365,0.039701,0.039902,0.073342,0.022513,0.028501,0.011318,0.000000,0.005745,0.011531
23340,23399,23370,874.256,34.626,127.516,17.543,1.285,0.210,0.005,22.692011,18.479935,15.177079,12.418726,10.500010,8.313660,6.743220,5.157141,4.403628,3.637328,3.414477,2.891587,2.702477,2.283524,1.616902,3.973025,1.071377,0.516039,0.589465,0.167535,0.179360,0.072076,0.060191,0.089015,0.105546,0.044773,0.039308,0.027542,0.039225,0.038221,0.033124,0.016630,0.011167,0.005394,0.005556,0.000000
23400,23459,23430,874.282,34.647,124.622,17.497,1.329,0.214,0.005,21.847582,17.853714,14.726742,12.372074,10.408035,8.127454,6.378120,5.145198,3.999700,3.582121,3.189970,2.875041,2.864117,2.255374,1.684965,4.105541,1.195360,0.465452,0.623021,0.133158,0.194084,0.071413,0.083797,0.049927,0.089365,0.088211,0.016687,0.027938,0.022115,0.038817,0.072647,0.016730,0.011286,0.000000,0.000000,0.005787
23460,23519,23490,874.307,34.731,121.883,17.754,1.562,0.243,0.005,21.125423,17.782890,14.576817,12.116025,9.843320,8.081754,6.204255,5.336822,4.011400,3.564810,3.049836,3.037423,2.813027,2.270103,1.416125,3.663184,0.938813,0.472029,0.539536,0.166419,0.133308,0.122151,0.094003,0.105251,0.055781,0.066567,0.061386,0.044511,0.033768,0.033377,0.038875,0.022533,0.016880,0.016957,0.016307,0.011056
23520,23579,23550,874.338,34.618,122.651,17.799,1.471,0.234,0.005,21.064877,18.101120,14.164908,12.112133,9.899154,8.064950,6.265512,5.462541,4.231589,3.442494,3.200432,2.849654,2.651683,2.447277,1.562093,3.956749,1.056396,0.543961,0.550756,0.161295,0.149751,0.111629,0.100122,0.078394,0.044615,0.077698,0.077404,0.038888,0.039184,0.022318,0.061097,0.016661,0.027761,0.000000,0.010879,0.005556
23580,23639,23610,874.337,34.572,122.107,18.025,1.658,0.262,0.005,20.754328,17.874210,14.336938,11.860067,10.165031,7.964759,6.402632,5.635260,4.202926,3.493712,2.982738,2.674805,2.671854,2.435356,1.557233,4.034843,1.029337,0.509435,0.486294,0.171460,0.182628,0.083050,0.077212,0.094438,0.038763,0.061014,0.061114,0.066580,0.038919,0.043851,0.022096,0.027469,0.011020,0.011123,0.016741,0.027617
23640,23699,23670,874.322,34.707,121.343,17.289,1.486,0.242,0.005,20.302380,17.436644,14.462755,12.671445,9.857499,7.935494,6.233554,5.104931,4.370517,3.669872,2.989637,3.244703,2.759726,2.104933,1.420907,3.937162,0.923516,0.535580,0.503264,0.132767,0.153556,0.066168,0.083433,0.066439,0.065983,0.027559,0.016472,0.039185,0.055159,0.061160,0.038879,0.033135,0.000000,0.021970,0.011060,0.005464
23700,23759,23730,874.330,34.781,119.385,16.807,1.324,0.221,0.005,21.198284,16.972931,14.086382,11.832707,9.715877,8.057603,5.992582,4.761169,4.361755,3.442730,3.036618,2.964192,2.530495,2.127814,1.640768,3.673851,1.049264,0.525587,0.464092,0.194519,0.194161,0.067523,0.093943,0.088726,0.038942,0.054946,0.016742,0.055698,0.016676,0.022197,0.050042,0.011137,0.016584,0.005727,0.011381,0.011020
23760,23819,23790,874.326,34.754,119.965,17.717,1.675,0.262,0.005,20.908672,17.188749,14.413589,12.375651,9.273851,7.771263,6.297034,5.244402,4.274073,3.576693,3.097966,2.590475,2.529627,2.155725,1.428220,3.899448,1.018100,0.433403,0.479754,0.177463,0.111712,0.133975,0.100570,0.094557,0.050431,0.039124,0.049666,0.022263,0.039082,0.027989,0.033358,0.027731,0.050326,0.011150,0.022377,0.016542
23820,23879,23850,874.324,34.794,119.393,17.405,1.438,0.235,0.005,20.562956,16.850491,14.154596,11.860131,9.589293,7.372739,6.004209,5.203271,4.185501,3.639488,3.222421,2.893240,2.732740,2.360852,1.790642,3.780622,1.152368,0.526098,0.510022,0.161874,0.139374,0.105535,0.094843,0.111023,0.061003,0.033758,0.077525,0.055236,0.027836,0.022278,0.044309,0.016517,0.028140,0.011002,0.000000,0.011057
23880,23939,23910,874.328,34.778,132.225,19.611,1.690,0.240,0.006,22.236959,18.296114,14.869409,13.146712,10.825356,8.592715,6.724423,5.675175,4.617826,4.104455,3.413510,3.207282,3.191967,2.730247,2.021363,4.890123,1.425096,0.538442,0.703402,0.177569,0.127491,0.100454,0.066361,0.094792,0.089020,0.099271,0.011022,0.027716,0.055255,0.010850,0.072108,0.022344,0.027232,0.000000,0.005574,0.027668
23940,23999,23970,874.286,34.647,122.618,17.761,1.520,0.240,0.005,21.070225,18.049463,14.496404,12.241885,10.290769,7.603755,6.323615,5.347758,4.144838,3.589305,3.262763,2.837174,2.580599,2.205690,1.557603,3.886067,0.986593,0.536467,0.553140,0.127232,0.249566,0.088669,0.066636,0.088293,0.072566,0.093838,0.022340,0.044272,0.061316,0.033297,0.033412,0.033416,0.011151,0.022436,0.000000,0.005556
24000,24059,24030,874.275,34.642,119.464,16.999,1.360,0.224,0.005,20.411623,17.143353,14.755273,11.988887,9.409899,7.577798,6.279034,4.987295,4.478646,3.551070,2.924930,2.980813,2.674238,2.178529,1.485741,3.810945,0.934769,0.501987,0.434642,0.111786,0.199400,0.077261,0.078084,0.105608,0.072339,0.060766,0.044212,0.061429,0.038906,0.022004,0.022373,0.005574,0.016638,0.005501,0.027374,0.005574
24060,24119,24090,874.311,34.755,118.160,16.895,1.376,0.229,0.005,20.128332,16.676174,13.745732,12.280847,9.766598,7.360034,6.491922,4.978986,4.141263,3.263631,3.031840,2.815649,2.752179,2.261477,1.466113,3.978492,1.044546,0.548975,0.516301,0.137996,0.172382,0.066529,0.089355,0.066876,0.077775,0.033677,0.055505,0.061238,0.050023,0.016364,0.022335,0.022116,0.011262,0.005411,0.011205,0.011168
24120,24179,24150,874.311,34.731,119.069,16.549,1.306,0.219,0.005,20.903322,17.354391,14.149174,11.343618,9.590659,7.992973,6.405006,4.940925,3.863116,3.370454,3.200447,2.910812,2.713814,2.283412,1.420469,3.892327,0.986308,0.459383,0.513517,0.132601,0.121847,0.121482,0.044152,0.027743,0.038739,0.033129,0.044119,0.033598,0.060606,0.022485,0.027773,0.010901,0.022283,0.005650,0.022281,0.005631
24180,24239,24210,874.295,34.663,120.195,16.980,1.336,0.220,0.005,20.631620,17.643997,14.333452,11.542415,9.554800,7.726061,6.356997,5.068677,4.302040,3.491008,3.235307,2.919521,2.594010,2.233890,1.735351,3.818622,1.064797,0.534579,0.478758,0.200787,0.150005,0.072301,0.100040,0.033290,0.088629,0.038820,0.072871,0.033326,0.022599,0.032810,0.022417,0.011189,0.016540,0.016766,0.000000,0.016741
24240,24299,24270,874.321,34.685,119.743,17.246,1.380,0.226,0.005,20.398384,16.701651,14.215712,12.123015,9.581745,8.231967,5.931849,5.015978,4.261459,3.765158,3.215605,2.940902,2.738155,2.224941,1.422252,3.887509,1.144500,0.494452,0.444058,0.199572,0.139295,0.110880,0.089202,0.055605,0.054992,0.088290,0.044295,0.044092,0.011205,0.044683,0.083434,0.010969,0.011130,0.005447,0.005376,0.005593
