CampaignData_and_Merges/R0/CSL_MobileLab_Parked/raw/20240818/USOS-POPS_MobileLabGround_20240818_R0.ict
78, 1001
Thornberry, T. D.
NOAA Chemical Sciences Laboratory
Portable Optical Particle Spectrometer (POPS)
USOS
1, 1
2024, 08, 18, 2025, 05, 08
60
Time_Start, seconds_past_midnight, Start time of measurement
45
1, 1, 1, 1, 1, 1, 1, 1, 1, 1, 1, 1, 1, 1, 1, 1, 1, 1, 1, 1, 1, 1, 1, 1, 1, 1, 1, 1, 1, 1, 1, 1, 1, 1, 1, 1, 1, 1, 1, 1, 1, 1, 1, 1, 1
-9999, -9999, -9999, -9999, -9999, -9999, -9999, -9999, -9999, -9999, -9999, -9999, -9999, -9999, -9999, -9999, -9999, -9999, -9999, -9999, -9999, -9999, -9999, -9999, -9999, -9999, -9999, -9999, -9999, -9999, -9999, -9999, -9999, -9999, -9999, -9999, -9999, -9999, -9999, -9999, -9999, -9999, -9999, -9999, -9999
Time_Stop, seconds_past_midnight, Stop time of measurement
Time_Mid, seconds_past_midnight, Mid time of measurement
Press_mb, mb, Pressure reported (mb)
Temp_C, degrees C, POPS temperature measurement
Aerosol_concentration, cm^-3, Aerosol concentration
Surface_Area_Conc, um^2 cm^-3, Surface area concentration
Volume_density, um^3 cm^-3, Volume density
Effective_radius, um, Effective radius
Extinction, km^-1, Extinction
Bin01, cm^-3, particle concentration in size range [1401 - 146.3 nm]
Bin02, cm^-3, particle concentration in size range [146.3 - 152.8 nm]
Bin03, cm^-3, particle concentration in size range [152.8 - 159.6 nm]
Bin04, cm^-3, particle concentration in size range [159.6 - 166.8 nm]
Bin05, cm^-3, particle concentration in size range [166.8 - 174.2 nm]
Bin06, cm^-3, particle concentration in size range [174.2 - 181.9 nm]
Bin07, cm^-3, particle concentration in size range [181.9 - 190.0 nm]
Bin08, cm^-3, particle concentration in size range [190.0 - 198.5 nm]
Bin09, cm^-3, particle concentration in size range [198.5 - 207.4 nm]
Bin10, cm^-3, particle concentration in size range [207.4 - 216.6 nm]
Bin11, cm^-3, particle concentration in size range [216.6 - 226.2 nm]
Bin12, cm^-3, particle concentration in size range [226.2 - 236.3 nm]
Bin13, cm^-3, particle concentration in size range [236.3 - 246.8 nm]
Bin14, cm^-3, particle concentration in size range [246.8 - 257.8 nm]
Bin15, cm^-3, particle concentration in size range [257.8 - 269.3 nm]
Bin16, cm^-3, particle concentration in size range [269.3 - 343.4 nm]
Bin17, cm^-3, particle concentration in size range [343.4 - 450.7 nm]
Bin18, cm^-3, particle concentration in size range [450.7 - 525.9 nm]
Bin19, cm^-3, particle concentration in size range [525.9 - 618.5 nm]
Bin20, cm^-3, particle concentration in size range [618.5 - 710.0 nm]
Bin21, cm^-3, particle concentration in size range [710.0 - 822.7 nm]
Bin22, cm^-3, particle concentration in size range [822.7 - 885.9 nm]
Bin23, cm^-3, particle concentration in size range [885.9 - 953.9 nm]
Bin24, cm^-3, particle concentration in size range [953.9 - 1027.2 nm]
Bin25, cm^-3, particle concentration in size range [1027.2 - 1106.1 nm]
Bin26, cm^-3, particle concentration in size range [1106.1 - 1191.0 nm]
Bin27, cm^-3, particle concentration in size range [1191.0 - 1282.5 nm]
Bin28, cm^-3, particle concentration in size range [1282.5 - 1381.0 nm]
Bin29, cm^-3, particle concentration in size range [1381.0 - 1487.1 nm]
Bin30, cm^-3, particle concentration in size range [1487.1 - 1601.3 nm]
Bin31, cm^-3, particle concentration in size range [1601.3 - 1724.3 nm]
[...]
PLATFORM: NOAA CSL Mobile Lab
LOCATION: USOS
ASSOCIATED_DATA: N/A
INSTRUMENT_INFO: Printed Optical Particle Spectrometer counts particles from 140 - 2500 nm in diameter 
DATA_INFO: Particle concentrations reported in number per cubic centimeter,1 Hz data
UNCERTAINTY: Counting uncertainty dominated by air flow, less than 5 percent. Measurement range is ~0 - 3000 per cm3 (varies depending on flow rate- manufacturer quotes 1250 per cm3 at 1.667 cc/s)
ULOD_FLAG: -7777
ULOD_VALUE: N/A
LLOD_FLAG: -8888
LLOD_VALUE: N/A
DM_CONTACT_INFO: Troy Thornberry, 325 Broadway R/CSL6, Boulder, CO 80305; troy.thornberry@noaa.gov; 303-497-3373
PROJECT_INFO: USOS, Utah POPS data from NOAA CSL Mobile Lab
STIPULATIONS_ON_USE: Please contact the PIs for questions regarding applications and uncertainties
OTHER_COMMENTS: POPS bin Edges (nm):  140.1, 146.3, 152.8, 159.6, 166.8, 174.2, 181.9, 190.0, 198.5, 207.4, 216.6, 226.2, 236.3, 246.8, 257.8, 269.3, 343.4, 450.7, 525.9, 618.5, 710.0, 822.7, 885.9, 953.9, 1027.2, 1106.1, 1191.0, 1282.5, 1381.0, 1487.1, 1601.3, 1724.3, 1856.7, 1999.3, 2152.8, 2318.2, 2496.2
Calculations assume organic aerosol refractive index of 1.52+0.00j and extinction wavelength = 532 nm
REVISION: R0
R0: Final data
Time_Start, Time_Stop, Time_Mid, Press_mb, Temp_C, Aerosol_concentration, Surface_Area_Conc, Volume_density, Effective_radius, Extinction, Bin01, Bin02, Bin03, Bin04, Bin05, Bin06, Bin07, Bin08, Bin09, Bin10, Bin11, Bin12, Bin13, Bin14, Bin15, Bin16, Bin17, Bin18, Bin19, Bin20, Bin21, Bin22, Bin23, Bin24, Bin25, Bin26, Bin27, Bin28, Bin29, Bin30, Bin31, Bin32, Bin33, Bin34, Bin35, Bin36
[from data line 284]
17040,17099,17070,871.525,34.537,224.983,27.836,1.428,0.150,0.006,35.002892,29.788553,25.339218,21.752623,17.993179,15.057709,12.196047,10.487780,9.217117,7.618436,6.671453,6.127254,5.775069,5.233476,3.280808,9.181292,2.325783,0.957957,0.515335,0.071898,0.083313,0.060806,0.033407,0.055968,0.044665,0.016578,0.016709,0.011210,0.005519,0.011005,0.005708,0.016667,0.005429,0.011074,0.005447,0.005482
17100,17159,17130,871.526,34.681,232.848,29.125,1.609,0.161,0.006,35.693169,30.752443,25.537537,22.674271,19.175213,16.229570,13.866380,11.055317,8.784883,7.678159,7.051497,6.247017,6.099968,5.111836,3.462778,8.931944,2.317450,0.989084,0.584101,0.121478,0.117272,0.033455,0.100085,0.027770,0.055110,0.022210,0.011186,0.027609,0.000000,0.016258,0.011266,0.033198,0.016895,0.000000,0.005574,0.005501
17160,17219,17190,871.552,34.815,230.143,29.113,1.697,0.169,0.006,36.220680,29.917484,25.812244,22.177069,19.108637,15.831605,12.841389,10.916434,9.160517,7.618053,6.964200,6.201954,5.849898,4.654494,3.575448,8.977991,2.319264,0.876217,0.504896,0.127281,0.100178,0.055668,0.055301,0.027796,0.038389,0.027549,0.011038,0.033064,0.033303,0.016741,0.027692,0.011130,0.010947,0.005501,0.005482,0.027949
17220,17279,17250,871.565,34.703,218.535,26.841,1.338,0.146,0.006,33.864548,29.095181,24.133961,20.732412,17.908495,15.100478,12.562499,10.162042,8.741906,7.332158,6.697700,5.871065,5.853250,4.638575,3.047855,8.649496,2.380707,0.816251,0.500739,0.095041,0.066261,0.039160,0.055604,0.044640,0.039234,0.011093,0.005464,0.011244,0.016470,0.022448,0.005708,0.016742,0.005708,0.011111,0.000000,0.000000
17280,17339,17310,871.550,34.595,218.294,26.776,1.310,0.144,0.006,34.476166,29.075565,24.043766,21.051216,17.578449,14.938623,11.964537,10.438515,8.738812,7.146999,6.350564,6.089172,5.720716,4.580198,3.428670,8.599332,2.269271,0.933119,0.435098,0.111837,0.072824,0.022419,0.033395,0.033492,0.027782,0.039112,0.016709,0.033230,0.000000,0.010913,0.011042,0.000000,0.000000,0.000000,0.011148,0.011186
17340,17399,17370,871.549,34.711,210.842,26.390,1.464,0.159,0.006,32.751724,27.665302,23.547852,20.282215,17.067755,14.699757,12.084957,9.895726,8.261286,7.134693,6.182180,5.566438,5.418264,5.001503,3.319547,8.279657,1.768537,0.833765,0.585336,0.109990,0.071747,0.038688,0.033067,0.038713,0.049611,0.021920,0.027586,0.016600,0.022298,0.005537,0.010965,0.011016,0.005447,0.000000,0.010984,0.021792
17400,17459,17430,871.529,34.749,212.297,26.256,1.321,0.148,0.006,32.913639,28.246429,23.725096,20.591511,17.127316,13.922510,11.791001,9.946083,8.620043,7.014688,6.357586,6.205350,5.241010,4.501208,3.113062,8.735486,2.272997,0.981402,0.531687,0.147452,0.090778,0.056267,0.045094,0.005707,0.016876,0.022849,0.005726,0.005612,0.022754,0.000000,0.000000,0.011191,0.005650,0.005631,0.005669,0.011154
17460,17519,17490,871.523,34.707,211.465,26.579,1.479,0.161,0.006,33.016331,28.500757,23.535307,19.990248,17.347755,14.542704,11.541834,9.894170,8.435686,6.991382,6.153138,6.110122,5.529886,4.443148,3.192381,8.062166,2.259686,0.863886,0.501176,0.128866,0.083196,0.033827,0.077948,0.016875,0.038968,0.027950,0.016488,0.022250,0.028008,0.016724,0.011205,0.016769,0.011338,0.005688,0.005650,0.011167
17520,17579,17550,871.495,34.678,206.460,25.546,1.258,0.145,0.006,32.979542,27.146713,22.637917,20.082226,16.634905,14.404179,10.927168,9.707267,7.837573,6.673004,6.289549,5.791603,5.200259,4.575841,3.157917,8.262892,2.204641,0.929314,0.580543,0.105410,0.116244,0.027656,0.021753,0.021987,0.011338,0.011075,0.038175,0.027675,0.016668,0.005574,0.011280,0.005612,0.005464,0.000000,0.005464,0.005556
17580,17639,17610,871.518,34.757,203.502,25.680,1.482,0.168,0.006,31.809492,26.710312,22.695826,19.714130,16.818508,14.246929,11.170197,9.373206,8.065079,6.496490,5.940738,5.697384,5.165096,4.284243,3.017163,8.161495,2.215366,0.941276,0.506299,0.100089,0.094285,0.027820,0.022319,0.022186,0.016839,0.010983,0.028099,0.033313,0.016596,0.016915,0.028233,0.032966,0.005501,0.005669,0.011283,0.000000
17640,17699,17670,871.510,34.724,201.019,24.935,1.252,0.147,0.005,31.127872,27.246977,22.962458,19.768776,16.223755,13.405791,10.413749,9.445317,7.818535,6.247678,5.920349,5.569878,5.280591,4.238743,3.202541,7.974852,2.357101,0.835445,0.517447,0.138211,0.061527,0.028136,0.044376,0.044560,0.027628,0.011377,0.016505,0.022342,0.005556,0.010842,0.028021,0.010882,0.005593,0.000000,0.005650,0.000000
17700,17759,17730,871.554,34.670,203.197,25.867,1.458,0.164,0.006,30.832872,27.306747,22.827919,19.081295,16.957674,13.778901,11.374173,9.460515,7.683447,6.690662,5.885017,5.462695,5.346357,4.813175,3.180334,8.394312,2.133370,0.860958,0.617355,0.121065,0.089288,0.044309,0.038566,0.027839,0.011300,0.016632,0.028270,0.038953,0.021736,0.011093,0.011038,0.010897,0.005537,0.005612,0.011148,0.016237
17760,17819,17790,871.634,34.675,199.213,25.336,1.552,0.175,0.006,31.607214,26.297832,22.071215,18.660944,16.502729,13.801635,10.931151,9.274550,7.908677,6.773236,5.757410,5.573164,5.053044,4.158486,2.968214,7.724288,2.255305,0.882173,0.477673,0.100152,0.100149,0.072594,0.039323,0.033033,0.022338,0.021830,0.027677,0.000000,0.022332,0.011168,0.005376,0.039380,0.000000,0.022168,0.000000,0.016654
17820,17879,17850,871.731,34.741,200.763,25.617,1.385,0.157,0.006,32.091728,27.085106,22.162336,18.997068,16.000483,13.279592,11.079527,9.079047,7.552886,6.783168,5.796423,5.586518,5.462393,4.236700,3.028672,8.273908,2.191113,0.779568,0.742695,0.116424,0.088304,0.033503,0.060943,0.038741,0.055082,0.022364,0.022429,0.022428,0.016779,0.011130,0.044245,0.000000,0.000000,0.005359,0.005574,0.011187
17880,17939,17910,871.805,34.751,230.463,28.004,1.481,0.154,0.006,35.958187,31.452972,25.956949,22.195921,19.745623,15.554206,13.581684,10.653330,9.233730,7.829057,6.679588,6.240485,5.341706,4.606034,3.267322,8.124395,2.049212,0.934873,0.637267,0.083248,0.082952,0.027725,0.033293,0.033106,0.032934,0.005688,0.016436,0.021864,0.011093,0.011281,0.016729,0.022175,0.000000,0.000000,0.005556,0.016741
17940,17999,17970,871.833,34.635,197.342,25.325,1.362,0.158,0.006,30.266891,25.617525,21.657724,19.428741,16.396999,13.194553,10.668483,9.368076,7.646746,6.531588,5.923635,5.656943,5.399384,4.173104,3.043502,7.838143,2.236806,1.134980,0.601899,0.144361,0.100102,0.027689,0.044535,0.033416,0.033546,0.022468,0.027724,0.016509,0.027676,0.022242,0.027669,0.005556,0.011224,0.000000,0.011186,0.000000
18000,18059,18030,871.797,34.696,190.099,24.574,1.499,0.173,0.006,29.885416,25.243284,21.504078,18.224522,15.682411,12.886066,10.691325,8.398877,7.358795,5.822433,5.369783,5.188481,4.737842,4.258173,2.889423,7.774182,2.195795,0.958427,0.528338,0.100217,0.078037,0.061238,0.033133,0.011111,0.027370,0.033529,0.016873,0.010987,0.022319,0.011416,0.027900,0.011319,0.011167,0.010903,0.016950,0.016912
18060,18119,18090,871.789,34.818,182.882,23.566,1.389,0.169,0.006,29.165188,24.446047,20.653326,17.545914,14.678833,12.102044,9.712805,8.376029,6.815029,5.867421,5.213263,5.217102,4.840868,4.075550,2.718788,7.392008,2.141663,0.909569,0.491642,0.082162,0.083274,0.061167,0.049758,0.055406,0.044408,0.027327,0.000000,0.005519,0.016287,0.011009,0.033319,0.010929,0.000000,0.005650,0.027478,0.005574
18120,18179,18150,871.836,34.764,154.679,19.460,1.091,0.159,0.004,24.316605,21.021971,17.144526,15.208157,12.375426,10.300113,8.557754,6.984107,5.697816,4.927305,4.449436,4.172562,4.144614,3.508381,2.558397,6.302839,1.708172,0.656489,0.322548,0.066589,0.044530,0.011102,0.044606,0.010805,0.016582,0.016786,0.016414,0.005376,0.000000,0.028060,0.022376,0.005650,0.016560,0.000000,0.000000,0.016689
18180,18239,18210,871.886,34.663,170.250,21.330,1.158,0.157,0.005,26.513813,22.600132,19.461727,16.416487,13.611968,11.674758,9.410070,7.696880,6.064048,5.715100,5.121676,4.834004,4.651221,3.674924,2.442224,6.786894,2.028395,0.767230,0.439607,0.105915,0.050099,0.010878,0.027495,0.011001,0.022300,0.010876,0.028123,0.005767,0.005464,0.011338,0.011019,0.005394,0.005464,0.000000,0.005359,0.021953
18240,18299,18270,871.987,34.667,180.042,23.352,1.403,0.170,0.006,28.074287,23.847511,19.403067,17.186720,15.019102,11.994841,9.578815,8.395950,6.744897,6.054561,5.038373,5.210157,4.670032,4.238171,2.811884,7.791749,2.169168,0.837229,0.476654,0.099688,0.116294,0.066348,0.027442,0.022170,0.027596,0.005631,0.027804,0.005359,0.011130,0.011186,0.016761,0.011223,0.000000,0.016632,0.011111,0.022414
18300,18359,18330,872.075,34.727,169.431,21.520,1.195,0.160,0.005,26.134489,22.723629,18.885733,16.229921,13.508247,11.143282,9.343957,7.816819,6.434676,5.403055,5.389473,4.362643,4.581501,3.967786,2.614227,7.143456,2.039245,0.832099,0.449463,0.105203,0.088768,0.061280,0.033533,0.033425,0.021959,0.016453,0.000000,0.005612,0.005537,0.005727,0.000000,0.016651,0.005429,0.010947,0.000000,0.016760
18360,18419,18390,872.104,34.641,168.714,21.299,1.218,0.165,0.005,26.808834,22.479427,18.839382,16.422642,13.649281,11.552782,9.389678,7.287647,6.162053,5.584995,4.981311,4.716913,4.321433,3.690722,2.542532,6.930177,1.835855,0.695254,0.372410,0.084134,0.094448,0.038974,0.038679,0.016522,0.027472,0.016577,0.039381,0.016690,0.011498,0.005556,0.016562,0.022066,0.000000,0.011148,0.005574,0.005537
18420,18479,18450,872.106,34.507,162.444,20.421,1.166,0.165,0.005,25.932262,21.909296,18.049631,15.411908,13.470961,10.886414,8.990413,7.329768,6.212334,5.349871,4.716143,4.456463,4.155532,3.520287,2.601973,6.273318,1.718178,0.701960,0.361961,0.083022,0.061897,0.044584,0.033504,0.038789,0.016648,0.022196,0.000000,0.005650,0.011178,0.010985,0.022542,0.010824,0.005593,0.000000,0.016573,0.011111
18480,18539,18510,872.148,34.557,161.726,20.893,1.286,0.176,0.005,25.280296,22.070393,18.210932,15.519637,13.355071,10.777131,8.589201,7.043304,5.912751,5.304631,4.632026,4.742717,4.141982,3.660807,2.642325,6.516980,1.749644,0.645111,0.412254,0.105824,0.099947,0.044403,0.027858,0.044848,0.011186,0.033503,0.028084,0.039081,0.000000,0.022067,0.005688,0.016690,0.005727,0.010984,0.005574,0.016837
18540,18599,18570,872.156,34.643,166.216,21.061,1.153,0.158,0.005,26.313103,22.048103,18.284281,16.018469,14.061161,11.237707,9.394913,7.126290,5.995626,5.175162,4.956374,4.256740,4.337725,3.704138,2.568058,7.122807,2.094053,0.624642,0.439647,0.133671,0.049866,0.056163,0.055736,0.027361,0.038894,0.011261,0.005669,0.011095,0.005650,0.005376,0.016817,0.011095,0.005556,0.005631,0.011357,0.005447
18600,18659,18630,872.183,34.644,148.675,18.124,0.833,0.136,0.004,23.797497,19.754881,16.841385,14.415915,12.260590,9.896020,8.224953,6.807585,5.749063,4.684371,4.219227,3.948310,3.615882,3.296804,2.448837,5.774225,1.662157,0.607704,0.371456,0.060941,0.066331,0.021706,0.038571,0.016603,0.027817,0.000000,0.016593,0.022530,0.005593,0.005359,0.010915,0.000000,0.000000,0.005537,0.000000,0.000000
18660,18719,18690,872.213,34.523,160.004,19.972,1.025,0.149,0.004,25.693596,21.411255,17.912861,15.560631,13.024478,10.733141,8.209350,7.602052,5.794209,5.132872,4.644163,4.346175,4.042081,3.662914,2.635571,6.389076,1.758112,0.652444,0.425205,0.089508,0.066901,0.044371,0.005612,0.027774,0.005519,0.028081,0.022452,0.011168,0.016816,0.016798,0.021978,0.000000,0.005447,0.000000,0.005650,0.005612
18720,18779,18750,872.289,34.533,156.328,19.524,0.926,0.141,0.004,24.178680,20.911345,17.066801,15.659305,12.714668,10.468765,8.763413,7.009031,5.645692,5.189142,4.654642,4.284857,3.911490,3.508441,2.403898,6.806563,1.594761,0.642871,0.443316,0.132239,0.105382,0.049854,0.055404,0.027835,0.022076,0.011111,0.011281,0.016576,0.011130,0.011075,0.011024,0.000000,0.005612,0.000000,0.000000,0.000000
18780,18839,18810,872.420,34.638,154.281,19.304,1.017,0.154,0.004,23.566589,20.869560,16.842684,14.998814,12.487734,10.489675,8.520144,6.813912,5.796611,5.198908,4.699911,4.202024,4.056580,3.534136,2.450054,6.609866,1.654090,0.769308,0.414438,0.055124,0.078039,0.022227,0.022448,0.033032,0.016969,0.005688,0.000000,0.022187,0.011187,0.000000,0.005669,0.016769,0.005429,0.000000,0.005464,0.005688
18840,18899,18870,872.543,34.647,142.188,17.960,0.980,0.157,0.004,22.473829,18.570515,15.566240,13.947402,11.819803,9.326914,8.093644,6.178678,5.493384,4.589296,4.348115,3.752340,3.648027,3.465375,2.176836,5.849230,1.653799,0.517580,0.412121,0.027444,0.039242,0.055388,0.027748,0.021990,0.016779,0.021992,0.016472,0.010897,0.016954,0.005593,0.011263,0.005429,0.005325,0.011224,0.005574,0.005482
18900,18959,18930,872.713,34.605,149.432,18.877,1.041,0.155,0.004,23.613031,19.462845,16.956558,14.419035,12.003756,9.651533,8.315298,6.983534,5.524354,4.937073,4.472095,3.901190,3.857411,3.693158,2.424454,6.308897,1.603970,0.566511,0.359058,0.083259,0.066399,0.033473,0.033441,0.027879,0.011093,0.022117,0.011274,0.005537,0.011131,0.016953,0.033319,0.011093,0.000000,0.000000,0.000000,0.011365
18960,19019,18990,872.825,34.611,156.843,19.198,0.942,0.142,0.004,25.024534,21.404776,17.646503,15.080538,12.615116,10.010081,8.602618,7.461316,6.179300,4.974023,4.445639,4.013262,3.876450,3.529178,2.492518,6.675656,1.459951,0.676347,0.364651,0.083174,0.060680,0.016825,0.033432,0.022170,0.022151,0.021961,0.005464,0.000000,0.000000,0.005669,0.016635,0.005482,0.005631,0.005429,0.000000,0.005631
19020,19079,19050,872.965,34.726,163.320,20.544,1.178,0.162,0.005,25.958599,21.906044,18.176146,15.835032,13.892839,10.871061,8.705343,7.403340,6.435960,5.276456,4.615207,4.417171,3.958663,3.469118,2.559495,6.684273,1.756383,0.657896,0.354700,0.054848,0.071672,0.071428,0.032792,0.016969,0.022086,0.005631,0.016630,0.005612,0.011020,0.011205,0.011038,0.010894,0.011148,0.011093,0.016744,0.005612
19080,19139,19110,873.182,34.689,157.990,20.053,1.176,0.167,0.005,24.730667,21.293234,17.788399,15.311045,12.938965,10.551096,8.841996,7.346028,5.673412,4.723073,4.595699,4.369643,3.967794,3.445317,2.659053,6.682008,1.689296,0.580864,0.453795,0.072748,0.032955,0.021935,0.044215,0.016362,0.010617,0.005688,0.011282,0.027524,0.022249,0.000000,0.033065,0.016932,0.016547,0.005574,0.005574,0.005464
19140,19199,19170,873.475,34.602,163.032,20.314,1.082,0.154,0.004,25.667410,21.847919,18.662457,15.908325,13.391754,11.015321,8.974990,7.628973,5.976305,5.231212,4.513720,4.257233,4.233865,3.600703,2.611254,6.347261,1.696632,0.603044,0.487019,0.099427,0.038394,0.033504,0.027546,0.022319,0.038711,0.027918,0.016632,0.000000,0.011224,0.005359,0.027639,0.005394,0.005537,0.005411,0.000000,0.011223
19200,19259,19230,873.820,34.608,166.343,20.618,1.037,0.146,0.005,26.092003,22.368719,18.416965,16.278088,13.302812,11.055347,9.416599,7.658324,6.165893,5.843249,5.004704,4.380054,4.417720,3.709128,2.506315,6.544405,1.592381,0.777867,0.417414,0.077413,0.089851,0.045000,0.022099,0.044251,0.027910,0.010913,0.005464,0.011188,0.011020,0.011186,0.016456,0.005669,0.005429,0.005650,0.005429,0.000000
19260,19319,19290,873.981,34.669,171.226,21.319,1.171,0.157,0.005,26.723396,22.511204,18.993031,16.996599,14.339683,11.524067,9.694814,7.717553,6.416090,5.580256,5.382955,4.641374,4.425581,3.837639,2.659834,6.591955,1.824622,0.628367,0.344463,0.089056,0.083566,0.016498,0.033039,0.033112,0.010703,0.005631,0.016404,0.022285,0.016546,0.005359,0.022040,0.010983,0.000000,0.011148,0.005274,0.010983
19320,19379,19350,874.112,34.650,149.423,19.147,1.226,0.184,0.004,23.564482,20.754860,17.069120,14.724426,12.292159,10.632142,8.312115,6.932405,5.469937,4.717836,4.173157,3.982266,3.505273,3.131904,2.102202,5.372067,1.317364,0.453879,0.383693,0.099132,0.111081,0.016666,0.049164,0.027495,0.027682,0.033731,0.027730,0.016580,0.005669,0.027880,0.039175,0.010860,0.011130,0.005767,0.011026,0.011063
19380,19439,19410,874.099,34.564,133.823,17.316,1.119,0.181,0.004,21.415112,18.675474,15.573867,13.843656,10.842637,8.708468,7.499938,5.972657,5.039169,4.017646,3.781043,3.531387,3.219502,2.800010,1.773709,4.673725,1.095239,0.504685,0.320907,0.116258,0.061378,0.016970,0.056033,0.045008,0.044385,0.022179,0.033381,0.027869,0.022042,0.027749,0.016847,0.000000,0.005429,0.016667,0.011148,0.011093
