CampaignData_and_Merges/R0/CSL_MobileLab_Parked/raw/20240818/USOS-POPS_MobileLabGround_20240818_R0.ict
78, 1001
Thornberry, T. D.
NOAA Chemical Sciences Laboratory
Portable Optical Particle Spectrometer (POPS)
USOS
1, 1
2024, 08, 18, 2025, 05, 08
60
Time_Start, seconds_past_midnight, Start time of measurement
45
1, 1, 1, 1, 1, 1, 1, 1, 1, 1, 1, 1, 1, 1, 1, 1, 1, 1, 1, 1, 1, 1, 1, 1, 1, 1, 1, 1, 1, 1, 1, 1, 1, 1, 1, 1, 1, 1, 1, 1, 1, 1, 1, 1, 1
-9999, -9999, -9999, -9999, -9999, -9999, -9999, -9999, -9999, -9999, -9999, -9999, -9999, -9999, -9999, -9999, -9999, -9999, -9999, -9999, -9999, -9999, -9999, -9999, -9999, -9999, -9999, -9999, -9999, -9999, -9999, -9999, -9999, -9999, -9999, -9999, -9999, -9999, -9999, -9999, -9999, -9999, -9999, -9999, -9999
Time_Stop, seconds_past_midnight, Stop time of measurement
Time_Mid, seconds_past_midnight, Mid time of measurement
Press_mb, mb, Pressure reported (mb)
Temp_C, degrees C, POPS temperature measurement
Aerosol_concentration, cm^-3, Aerosol concentration
Surface_Area_Conc, um^2 cm^-3, Surface area concentration
Volume_density, um^3 cm^-3, Volume density
Effective_radius, um, Effective radius
Extinction, km^-1, Extinction
Bin01, cm^-3, particle concentration in size range [1401 - 146.3 nm]
Bin02, cm^-3, particle concentration in size range [146.3 - 152.8 nm]
Bin03, cm^-3, particle concentration in size range [152.8 - 159.6 nm]
Bin04, cm^-3, particle concentration in size range [159.6 - 166.8 nm]
Bin05, cm^-3, particle concentration in size range [166.8 - 174.2 nm]
Bin06, cm^-3, particle concentration in size range [174.2 - 181.9 nm]
Bin07, cm^-3, particle concentration in size range [181.9 - 190.0 nm]
Bin08, cm^-3, particle concentration in size range [190.0 - 198.5 nm]
Bin09, cm^-3, particle concentration in size range [198.5 - 207.4 nm]
Bin10, cm^-3, particle concentration in size range [207.4 - 216.6 nm]
Bin11, cm^-3, particle concentration in size range [216.6 - 226.2 nm]
Bin12, cm^-3, particle concentration in size range [226.2 - 236.3 nm]
Bin13, cm^-3, particle concentration in size range [236.3 - 246.8 nm]
Bin14, cm^-3, particle concentration in size range [246.8 - 257.8 nm]
Bin15, cm^-3, particle concentration in size range [257.8 - 269.3 nm]
Bin16, cm^-3, particle concentration in size range [269.3 - 343.4 nm]
Bin17, cm^-3, particle concentration in size range [343.4 - 450.7 nm]
Bin18, cm^-3, particle concentration in size range [450.7 - 525.9 nm]
Bin19, cm^-3, particle concentration in size range [525.9 - 618.5 nm]
Bin20, cm^-3, particle concentration in size range [618.5 - 710.0 nm]
Bin21, cm^-3, particle concentration in size range [710.0 - 822.7 nm]
Bin22, cm^-3, particle concentration in size range [822.7 - 885.9 nm]
Bin23, cm^-3, particle concentration in size range [885.9 - 953.9 nm]
Bin24, cm^-3, particle concentration in size range [953.9 - 1027.2 nm]
Bin25, cm^-3, particle concentration in size range [1027.2 - 1106.1 nm]
Bin26, cm^-3, particle concentration in size range [1106.1 - 1191.0 nm]
Bin27, cm^-3, particle concentration in size range [1191.0 - 1282.5 nm]
Bin28, cm^-3, particle concentration in size range [1282.5 - 1381.0 nm]
Bin29, cm^-3, particle concentration in size range [1381.0 - 1487.1 nm]
Bin30, cm^-3, particle concentration in size range [1487.1 - 1601.3 nm]
Bin31, cm^-3, particle concentration in size range [1601.3 - 1724.3 nm]
[...]
PLATFORM: NOAA CSL Mobile Lab
LOCATION: USOS
ASSOCIATED_DATA: N/A
INSTRUMENT_INFO: Printed Optical Particle Spectrometer counts particles from 140 - 2500 nm in diameter 
DATA_INFO: Particle concentrations reported in number per cubic centimeter,1 Hz data
UNCERTAINTY: Counting uncertainty dominated by air flow, less than 5 percent. Measurement range is ~0 - 3000 per cm3 (varies depending on flow rate- manufacturer quotes 1250 per cm3 at 1.667 cc/s)
ULOD_FLAG: -7777
ULOD_VALUE: N/A
LLOD_FLAG: -8888
LLOD_VALUE: N/A
DM_CONTACT_INFO: Troy Thornberry, 325 Broadway R/CSL6, Boulder, CO 80305; troy.thornberry@noaa.gov; 303-497-3373
PROJECT_INFO: USOS, Utah POPS data from NOAA CSL Mobile Lab
STIPULATIONS_ON_USE: Please contact the PIs for questions regarding applications and uncertainties
OTHER_COMMENTS: POPS bin Edges (nm):  140.1, 146.3, 152.8, 159.6, 166.8, 174.2, 181.9, 190.0, 198.5, 207.4, 216.6, 226.2, 236.3, 246.8, 257.8, 269.3, 343.4, 450.7, 525.9, 618.5, 710.0, 822.7, 885.9, 953.9, 1027.2, 1106.1, 1191.0, 1282.5, 1381.0, 1487.1, 1601.3, 1724.3, 1856.7, 1999.3, 2152.8, 2318.2, 2496.2
Calculations assume organic aerosol refractive index of 1.52+0.00j and extinction wavelength = 532 nm
REVISION: R0
R0: Final data
Time_Start, Time_Stop, Time_Mid, Press_mb, Temp_C, Aerosol_concentration, Surface_Area_Conc, Volume_density, Effective_radius, Extinction, Bin01, Bin02, Bin03, Bin04, Bin05, Bin06, Bin07, Bin08, Bin09, Bin10, Bin11, Bin12, Bin13, Bin14, Bin15, Bin16, Bin17, Bin18, Bin19, Bin20, Bin21, Bin22, Bin23, Bin24, Bin25, Bin26, Bin27, Bin28, Bin29, Bin30, Bin31, Bin32, Bin33, Bin34, Bin35, Bin36
[from data line 83]
4980,5039,5010,871.893,32.233,138.378,17.701,1.067,0.172,0.004,21.747101,18.555456,15.342874,13.962094,11.610292,9.235847,7.801890,6.407835,5.088959,4.342403,3.909420,3.678422,3.286843,3.215298,2.158041,5.353645,1.282684,0.504441,0.455963,0.066194,0.089070,0.038825,0.044507,0.016726,0.021702,0.011112,0.016671,0.027509,0.011074,0.039020,0.022409,0.022225,0.005593,0.005556,0.000000,0.000000
5040,5099,5070,871.878,32.284,141.371,17.787,1.053,0.167,0.004,22.332842,19.716120,15.972625,14.092090,11.420043,9.442800,7.666029,6.287568,5.270122,4.663076,4.119158,3.791751,3.562654,2.912002,2.166944,5.372407,1.305263,0.487721,0.298832,0.110611,0.087916,0.094222,0.032989,0.021960,0.016563,0.011028,0.011167,0.027362,0.016723,0.005556,0.016324,0.021957,0.000000,0.005631,0.005556,0.005482
5100,5159,5130,871.871,32.390,151.131,18.653,0.959,0.149,0.004,24.193548,20.755823,17.220131,14.904720,12.340723,9.602872,8.157913,6.990902,5.656530,4.547695,4.389193,4.218050,3.886002,3.311845,2.220019,5.887064,1.502503,0.561367,0.400425,0.072314,0.088506,0.033141,0.061334,0.016704,0.039123,0.011056,0.011167,0.000000,0.010990,0.005501,0.000000,0.005669,0.005593,0.016524,0.005612,0.000000
5160,5219,5190,871.883,32.485,137.545,17.502,1.110,0.177,0.004,22.111292,18.890610,15.536682,13.439104,10.815043,9.355339,7.605309,6.187702,5.213037,4.525278,3.538532,3.694073,3.625944,2.963128,2.020085,5.408353,1.299051,0.573436,0.325531,0.103985,0.061155,0.049309,0.021879,0.016307,0.027422,0.011024,0.032675,0.005394,0.011262,0.005447,0.016779,0.027337,0.005394,0.000000,0.010858,0.010840
5220,5279,5250,871.869,32.455,139.882,17.685,1.022,0.164,0.004,22.663380,18.935314,15.691882,13.742053,11.286840,9.465614,8.051348,6.540610,5.149359,4.521734,3.807930,3.765979,3.302745,2.838122,2.289893,5.114904,1.349971,0.590625,0.322373,0.100393,0.061365,0.061253,0.055495,0.033541,0.010876,0.005612,0.011112,0.027875,0.005574,0.022337,0.027743,0.005359,0.000000,0.011280,0.000000,0.011205
5280,5339,5310,871.832,32.464,141.971,17.662,0.957,0.152,0.004,22.682062,18.496124,16.349991,13.986443,11.973682,9.764738,7.971582,6.411061,5.572528,4.570803,3.922848,3.678617,3.430115,3.086004,2.038250,5.304853,1.438383,0.504101,0.355650,0.133507,0.049962,0.061191,0.027820,0.022231,0.033008,0.011111,0.027912,0.011186,0.000000,0.022116,0.011011,0.011301,0.000000,0.000000,0.005593,0.005612
5340,5399,5370,871.809,32.457,144.883,17.925,0.876,0.144,0.004,22.649616,19.512602,16.552883,14.186880,11.671959,10.004921,7.849797,6.784673,5.566267,4.773804,4.107279,3.808266,3.615479,2.957662,2.226404,5.863223,1.315031,0.615413,0.427214,0.083377,0.088604,0.033211,0.016507,0.045018,0.022094,0.027726,0.027724,0.016723,0.000000,0.016540,0.010805,0.005537,0.000000,0.000000,0.000000,0.000000
5400,5459,5430,871.781,32.439,148.763,19.005,1.132,0.169,0.004,23.370504,19.445404,16.449188,15.248627,12.489347,10.011785,8.428973,6.557562,5.600019,5.062045,4.318172,4.186224,3.704139,3.192614,2.204015,5.736340,1.448858,0.499063,0.277659,0.132640,0.083253,0.061332,0.044656,0.038439,0.022448,0.016876,0.016576,0.011112,0.011076,0.033029,0.011190,0.005501,0.016835,0.016761,0.005650,0.005464
5460,5519,5490,871.764,32.542,272.004,35.565,1.815,0.154,0.009,40.617596,34.879757,29.140776,24.698917,21.892204,18.249512,14.924011,12.260271,9.824681,9.117063,8.381525,7.854638,7.360436,6.909765,5.052169,13.615969,3.944439,1.492122,1.095513,0.260305,0.149283,0.055624,0.050027,0.022265,0.033371,0.027767,0.005612,0.010987,0.005631,0.005482,0.033391,0.016576,0.005537,0.000000,0.000000,0.011056
5520,5579,5550,871.765,32.631,171.942,21.461,1.094,0.148,0.005,26.349337,22.624949,19.606983,16.473793,13.730188,11.919366,9.479573,8.116040,6.831965,6.051826,4.676077,4.736004,4.552875,3.790967,2.783994,6.892995,1.727053,0.642718,0.532900,0.066485,0.099824,0.072372,0.033374,0.022301,0.038896,0.005708,0.016523,0.005631,0.011167,0.011261,0.016522,0.005556,0.005537,0.000000,0.005708,0.005631
5580,5639,5610,871.773,32.590,155.183,19.975,1.221,0.175,0.005,24.276850,20.807947,17.144318,15.017867,12.687330,10.506716,8.514830,7.209686,5.979322,5.171025,4.604078,4.185847,3.744175,3.560766,2.458002,6.297246,1.511929,0.572676,0.383627,0.127195,0.105248,0.049824,0.049857,0.011281,0.055644,0.016397,0.016724,0.016709,0.005593,0.016671,0.027647,0.022564,0.010861,0.005669,0.005537,0.005574
5640,5699,5670,871.776,32.491,154.307,18.997,0.940,0.145,0.004,24.348881,20.653799,17.356991,15.278221,12.340359,10.266960,8.628712,7.118575,6.137455,5.021016,4.403146,4.122597,4.111296,3.511977,2.335305,5.824801,1.490304,0.633980,0.333527,0.060979,0.100161,0.005631,0.039096,0.038787,0.049882,0.016723,0.022224,0.016936,0.005464,0.005631,0.011039,0.005519,0.005519,0.005612,0.000000,0.000000
5700,5759,5730,871.771,32.532,149.792,19.022,1.110,0.166,0.004,23.221958,20.300890,17.083576,15.002381,12.129147,9.539134,8.673950,6.633026,6.022987,4.910594,4.319783,4.207942,3.852461,3.058886,2.355347,5.670399,1.431921,0.489474,0.378038,0.128356,0.104681,0.055691,0.027305,0.038898,0.032966,0.016741,0.011439,0.011149,0.005376,0.022100,0.005650,0.005556,0.016546,0.005556,0.016741,0.005612
5760,5819,5790,871.748,32.670,148.820,18.673,1.030,0.158,0.004,23.631855,19.838869,16.778320,14.518178,12.269738,9.782435,8.327908,6.797392,5.933558,4.794862,4.339479,3.886571,3.907182,3.241836,2.060276,5.963871,1.368216,0.610412,0.300360,0.124071,0.085123,0.034250,0.033782,0.033771,0.044855,0.011321,0.028290,0.005313,0.000000,0.022829,0.011320,0.011247,0.005631,0.011530,0.005612,0.000000
5820,5879,5850,871.761,32.799,148.495,18.673,0.984,0.152,0.004,23.234264,19.656754,17.017040,14.420877,11.542441,10.195148,8.230410,6.764760,5.729741,4.979468,4.291004,4.108140,3.971229,3.450130,2.274814,5.838939,1.380502,0.596089,0.324059,0.139152,0.089311,0.033193,0.016689,0.066349,0.016663,0.027638,0.027810,0.016970,0.005394,0.000000,0.027570,0.005464,0.011302,0.005631,0.000000,0.000000
5880,5939,5910,871.774,32.811,149.909,19.408,1.248,0.183,0.005,23.401844,20.401562,16.940752,14.572972,12.544123,9.916982,8.208984,6.808706,5.708977,4.793486,4.433764,3.994190,3.755536,3.392772,2.463192,5.702111,1.426729,0.511600,0.374083,0.105862,0.122652,0.044674,0.027597,0.043977,0.027807,0.039192,0.005612,0.022448,0.011264,0.022261,0.032992,0.022474,0.005593,0.005537,0.005519,0.011416
5940,5999,5970,871.782,32.782,150.241,19.205,1.130,0.167,0.004,23.365906,20.069740,17.041994,14.847319,12.264262,10.005905,8.389199,6.885299,5.453009,4.964910,4.458688,4.227098,4.042477,3.249131,2.227000,5.866701,1.402935,0.611102,0.379256,0.089075,0.077639,0.016686,0.055502,0.022337,0.049610,0.044231,0.022194,0.021936,0.028211,0.011114,0.016727,0.016729,0.005519,0.000000,0.005376,0.005688
6000,6059,6030,871.785,32.701,148.192,18.785,1.157,0.173,0.004,23.400192,19.573437,16.917812,13.848193,12.350597,9.738823,8.570514,6.679621,5.522093,5.028180,4.299118,4.261521,3.926671,3.112110,2.226550,5.864116,1.423873,0.609185,0.444171,0.089116,0.078402,0.038965,0.044726,0.022225,0.022336,0.005501,0.000000,0.005519,0.016743,0.000000,0.011113,0.033359,0.005429,0.005574,0.005537,0.011075
6060,6119,6090,871.772,32.796,147.441,18.619,0.986,0.154,0.004,22.896364,19.649240,16.632910,14.809844,12.078101,9.822267,8.126025,6.783057,5.533005,4.841562,4.468884,3.899646,3.710353,3.054870,2.349229,5.872120,1.421176,0.602055,0.389548,0.132754,0.072840,0.055521,0.055727,0.027658,0.022346,0.027872,0.016711,0.033126,0.016837,0.005556,0.016874,0.005556,0.005612,0.000000,0.005650,0.000000
6120,6179,6150,871.771,32.928,149.765,19.010,1.093,0.164,0.004,23.146629,20.266762,17.020939,15.020432,12.141442,9.899864,8.067631,7.105119,5.592753,5.033098,4.297748,3.937198,4.006206,3.480324,2.190658,5.676133,1.516335,0.549942,0.362855,0.061724,0.090579,0.022967,0.067932,0.034099,0.022828,0.022773,0.017106,0.022751,0.011491,0.016607,0.028366,0.011357,0.011324,0.000000,0.011189,0.000000
6180,6239,6210,871.785,32.972,145.431,18.536,1.037,0.161,0.004,22.777237,19.365276,16.375185,14.000732,12.018089,9.539898,8.239985,6.760921,5.265212,4.774590,4.224484,4.108012,3.474668,3.405026,2.263719,5.950494,1.475448,0.572985,0.349252,0.133970,0.088999,0.021935,0.083525,0.022544,0.016876,0.016895,0.016694,0.016760,0.005574,0.011186,0.016529,0.005291,0.016578,0.005556,0.011042,0.000000
6240,6299,6270,871.795,32.986,144.029,18.288,1.116,0.176,0.004,22.054575,19.341934,16.571966,13.849051,11.834293,9.667274,7.837604,6.380464,5.709412,4.742660,4.117517,4.085879,3.757692,3.443970,2.177662,5.752504,1.396338,0.461085,0.468879,0.083420,0.022153,0.039027,0.033575,0.050345,0.011131,0.039214,0.010947,0.011338,0.000000,0.016506,0.005593,0.033208,0.005325,0.011095,0.000000,0.005593
6300,6359,6330,871.796,32.926,138.245,17.175,0.882,0.147,0.004,21.308842,18.841499,15.745693,13.687604,11.197567,9.258211,7.598191,6.182121,5.068655,4.645038,4.115736,3.599762,3.644218,3.094770,2.119699,5.438354,1.380835,0.544195,0.411922,0.128520,0.066496,0.016617,0.033196,0.011076,0.027854,0.011186,0.010969,0.011283,0.011204,0.000000,0.005631,0.005593,0.011130,0.000000,0.011039,0.000000
6360,6419,6390,871.796,32.900,138.128,17.528,0.962,0.155,0.004,21.882298,18.515936,15.245245,13.323357,11.090905,9.257311,7.651167,6.283566,5.196560,4.270547,3.862966,3.895665,3.456145,3.252349,2.254592,5.816278,1.481621,0.588375,0.426139,0.077845,0.071692,0.038993,0.017007,0.049651,0.039284,0.011148,0.005501,0.011357,0.000000,0.016364,0.010737,0.011167,0.000000,0.005593,0.005411,0.005501
6420,6479,6450,871.804,32.973,142.640,18.407,1.003,0.158,0.004,21.956812,19.027767,15.673557,13.514091,11.231009,9.139473,7.894115,6.385075,5.305267,4.730023,4.342302,4.161564,3.682179,3.547003,2.290352,6.496505,1.656691,0.755362,0.484486,0.060899,0.083581,0.055445,0.033509,0.022297,0.016508,0.005556,0.011151,0.022321,0.000000,0.016472,0.011186,0.011130,0.005411,0.000000,0.005447,0.005537
6480,6539,6510,871.814,33.133,143.056,18.272,0.972,0.152,0.004,22.653681,18.837074,15.972919,13.782886,10.756104,9.349656,7.651113,6.691363,5.494169,4.538293,4.024001,4.056231,3.878662,3.288876,2.372268,6.537935,1.636003,0.763644,0.443768,0.077648,0.066787,0.033529,0.016417,0.022359,0.021789,0.005650,0.016742,0.011301,0.005342,0.010771,0.011338,0.005650,0.005574,0.005631,0.005574,0.005631
6540,6599,6570,871.816,33.159,140.539,18.137,1.032,0.162,0.004,22.030056,18.269487,15.226328,13.364965,11.279804,9.340072,7.980047,6.261234,5.565062,4.742629,4.135033,4.032709,3.757216,2.977118,2.270689,6.265072,1.644094,0.638564,0.366280,0.083739,0.055097,0.044010,0.022208,0.033155,0.010825,0.027792,0.021716,0.010948,0.027751,0.016148,0.011060,0.011631,0.005376,0.000000,0.000000,0.011117
6600,6659,6630,871.808,33.065,140.185,18.324,1.087,0.169,0.004,21.368546,18.694445,15.803978,13.642864,10.972353,9.027090,7.652150,6.130211,4.986698,4.540085,4.340137,3.836144,4.006229,3.245788,2.351774,6.439202,1.632082,0.809445,0.294033,0.133668,0.039070,0.044354,0.038929,0.022113,0.000000,0.005727,0.033619,0.021949,0.011076,0.000000,0.022180,0.005767,0.005556,0.005612,0.000000,0.022412
6660,6719,6690,871.832,33.021,135.360,17.602,1.016,0.166,0.004,21.359659,18.025024,14.951529,13.255713,10.808842,9.011078,7.426185,6.061307,5.164370,4.220661,3.797115,3.873661,3.680626,2.874171,2.167666,5.727729,1.472131,0.663832,0.367551,0.055952,0.099993,0.033615,0.055991,0.016854,0.039284,0.016343,0.022278,0.028005,0.022428,0.016741,0.022206,0.005669,0.005394,0.000000,0.005308,0.005519
6720,6779,6750,871.813,33.072,131.854,16.675,0.888,0.155,0.004,21.224808,17.206051,14.886728,12.752604,10.556293,8.511979,7.005411,6.176014,4.800013,4.372592,3.735987,3.721027,3.299505,3.191679,2.167782,5.651107,1.334279,0.560784,0.344691,0.071868,0.082560,0.027666,0.027761,0.022495,0.016743,0.005574,0.000000,0.033449,0.016893,0.016821,0.011130,0.005537,0.010861,0.000000,0.005464,0.000000
6780,6839,6810,871.808,33.164,132.003,17.106,1.027,0.173,0.004,21.527836,17.329060,14.407140,12.744132,10.901873,8.597316,7.101870,5.707464,4.846147,4.419682,3.653760,3.584680,3.503867,3.282071,2.200437,5.440452,1.522894,0.488011,0.288204,0.111287,0.066558,0.027965,0.055803,0.028144,0.022130,0.011168,0.022434,0.022113,0.010876,0.016725,0.016539,0.010897,0.022011,0.005411,0.000000,0.005631
6840,6899,6870,871.798,33.197,131.080,16.870,1.012,0.170,0.004,20.996540,17.629948,14.708187,12.326611,10.888742,8.834607,7.159577,5.895630,4.897823,4.275401,3.829155,3.223444,3.140674,3.138124,2.022259,5.372351,1.465095,0.545373,0.335550,0.088195,0.044894,0.028045,0.033312,0.027966,0.022243,0.022315,0.022078,0.027728,0.022335,0.005650,0.005574,0.011130,0.011130,0.010947,0.005556,0.005574
6900,6959,6930,871.793,33.180,130.711,16.301,0.869,0.154,0.004,21.620907,17.503193,14.891979,12.260685,10.416204,8.561079,7.035632,6.028835,5.039851,4.253972,3.367217,3.700612,3.217708,2.897952,2.230961,5.232193,1.307843,0.511628,0.289106,0.066589,0.049725,0.021990,0.027873,0.022114,0.044254,0.011262,0.016836,0.022245,0.011224,0.010823,0.021915,0.011151,0.005501,0.000000,0.000000,0.000000
6960,7019,6990,871.790,33.066,132.251,16.514,0.859,0.150,0.004,20.898424,18.192408,15.006192,12.556992,11.037324,8.691474,6.925729,6.039644,4.981396,4.149125,3.825697,3.448239,3.338417,3.037869,2.030286,5.530549,1.360180,0.488943,0.333129,0.094925,0.094255,0.050301,0.033490,0.011130,0.000000,0.022211,0.005593,0.005556,0.000000,0.016710,0.027839,0.005631,0.005574,0.000000,0.005631,0.000000
7020,7079,7050,871.784,33.102,131.187,16.409,0.913,0.160,0.004,21.118761,17.692881,15.623549,12.608538,10.592693,8.625840,7.177239,5.934986,4.703605,4.026675,3.813026,3.283533,3.328789,2.865435,2.101479,5.051088,1.374258,0.566147,0.321254,0.083255,0.078038,0.038484,0.038213,0.005394,0.027986,0.016598,0.022375,0.011020,0.005593,0.005612,0.016507,0.016545,0.005556,0.000000,0.000000,0.005688
7080,7139,7110,871.803,33.268,133.720,17.486,1.072,0.175,0.004,21.729836,18.158358,14.640470,13.059808,10.610685,8.801702,7.321443,5.857777,5.098947,4.290661,3.766111,3.684888,3.293621,3.184974,2.008100,5.229178,1.538193,0.557711,0.410413,0.089059,0.077473,0.044580,0.044289,0.022468,0.022114,0.044160,0.027571,0.022187,0.010984,0.016503,0.011282,0.005669,0.005359,0.016751,0.016485,0.000000
7140,7199,7170,871.812,33.399,134.327,16.599,0.843,0.148,0.004,21.744856,18.174713,15.623029,13.003728,11.008587,8.897087,6.892609,6.104479,4.712157,4.416709,3.450929,3.803786,3.212500,3.017000,2.076517,5.586706,1.398494,0.454780,0.355428,0.127876,0.054916,0.060740,0.032935,0.010984,0.011338,0.016578,0.043979,0.011205,0.000000,0.005688,0.000000,0.011149,0.000000,0.000000,0.000000,0.005394
7200,7259,7230,871.816,33.356,137.112,18.003,1.149,0.179,0.004,21.555080,18.836040,15.417113,13.449592,11.191325,9.059884,7.572953,6.239291,5.198815,4.330140,3.692571,3.416744,3.558039,2.935309,2.074866,5.767416,1.471942,0.520845,0.385910,0.083101,0.021892,0.055216,0.022299,0.038928,0.022157,0.022117,0.027781,0.022060,0.016723,0.022135,0.033229,0.000000,0.016956,0.010788,0.016725,0.005631
7260,7319,7290,871.819,33.299,133.897,17.177,0.973,0.160,0.004,21.218107,17.853380,15.379772,13.229623,11.144759,8.384913,7.127844,5.799219,4.661843,4.383424,4.043476,3.893023,3.407030,2.859722,1.967414,5.598843,1.460061,0.669894,0.401469,0.084300,0.095040,0.028042,0.044788,0.033256,0.005429,0.016275,0.005574,0.005537,0.033504,0.022191,0.016736,0.011074,0.000000,0.005556,0.000000,0.005669
