CampaignData_and_Merges/R0/CSL_MobileLab_Parked/raw/20240727/USOS-Picarro-CO2-CH4-CO-H2O_MobileLabGround_20240727_R0.ict
38, 1001
Ilana Pollack, Nell Schafer, and Jeff Peischl
NOAA Chemical Sciences Laboratory
Picarro 2401-m CO2/CH4/CO/H2O Analyzer
USOS
1, 1
2024, 07, 27, 2024, 11, 20
0
StartTime_UTC, seconds_past_midnight, seconds past midnight
5
1, 1, 1, 1, 1
-9999, -9999, -9999, -9999, -9999
StopTime_UTC, seconds_past_midnight, seconds past midnight
CO2_ppm_1min, ppm, Gas_CO2_InSitu_S_DMF, carbon dioxide mixing ratio
CH4_ppb_1min, ppb, Gas_CH4_InSitu_S_DMF, methane mixing ratio
CO_ppb_1min, ppb, Gas_CO_InSitu_S_DMF, carbon monoxide mixing ratio
H2O_ppmv_1min, ppmv, Met_H2OMRV_InSitu_S_AVMR, water vapor mixing ratio
1
SPECIAL COMMENTS: N/A
18
PI_CONTACT_INFO: Address: NOAA Chemical Sciences Laboratory, Mail Stop CSL7, 325 Broadway, Boulder, CO 80305; Email: Ilana.Pollack@noaa.gov
PLATFORM: NOAA CSL Mobile Laboratory
LOCATION: The mobile lab was stationed in Salt Lake City, Utah.
ASSOCIATED_DATA: N/A
INSTRUMENT_INFO: CO2, CH4, and CO are reported as dry air mole fractions using a commercial wavelength-scanned cavity ring-down analyzer (Picarro 2401-m). An in-field calibration gas standard of 432±0.07 ppm CO2, 2095±1 ppb CH4, and 183±1 ppb CO, calibrated in the Boulder laboratories before and after the field project using primary CO2, CH4, and CO standard tanks tied to the WMO standard (X2019, X2004A, and X2014A, respectively) from the Global Monitoring Laboratory (GML), was delivered to the inlet every 2-3 days to evaluate instrument sensitivity. A H2O measurement was calibrated before the project with a Dew Point Mirror 373 hygrometer. The water correction calculated from these calibrations was applied to the H2O measurement for the entire campaign. Species are measured at 0.5 Hz and reported as 1-minute averages for stationary measurements.
DATA_INFO: Units: CO2, ppm, dry air mole fraction; CH4, ppb, dry air mole fraction; CO, ppb, dry air mole fraction; H2O, ppmv
UNCERTAINTY: Total uncertainties are estimated as ±0.1 ppm for CO2, ±1 ppb for CH4, ±5 ppb for CO, and ±(50 ppm + 4%) for H2O.
ULOD_FLAG: -7777
ULOD_VALUE: N/A
LLOD_FLAG: -8888
LLOD_VALUE: N/A
DM_CONTACT_INFO: Data Manager: Nathan Howard; nathan.h.howard@noaa.gov
PROJECT_INFO: USOS Dates of Study: July – August 2024
STIPULATIONS_ON_USE: Use of these data require prior ok from PI.
OTHER_COMMENTS: Data are averaged to 1 minute intervals. Stationary data collected from a 10 ft tower on top of the mobile van.
REVISION: R0
R0: Final Data
StartTime_UTC, StopTime_UTC, CO2_ppm_1min, CH4_ppb_1min, CO_ppb_1min, H2O_ppmv_1min
[from data line 753]
45180,45240,439.92,1957.3,136.6,13690.5615
45240,45300,440.89,1959.0,141.5,13686.3086
45300,45360,440.76,1960.2,143.4,13705.6025
45360,45420,442.22,1962.0,173.0,13861.5127
45420,45480,441.70,1959.4,160.8,13776.5381
45480,45540,441.56,1960.5,153.6,13818.1006
45540,45600,442.43,1962.4,168.9,13865.5830
45600,45660,443.16,1964.1,154.3,13970.4531
45660,45720,441.43,1963.3,156.6,13854.3213
45720,45780,442.05,1964.2,147.1,14039.0410
45780,45840,444.23,1967.0,158.3,14122.6455
45840,45900,444.55,1973.3,157.9,14281.0078
45900,45960,446.83,1973.5,160.5,14370.6797
45960,46020,448.95,1974.9,167.8,14441.5703
46020,46080,445.09,1976.6,158.9,14455.4668
46080,46140,446.19,1976.3,164.9,14423.8896
46140,46200,446.92,1977.1,160.9,14499.5801
46200,46260,450.87,1978.3,175.2,14529.1738
46260,46320,445.14,1980.5,157.5,14494.3594
46320,46380,446.23,1980.8,163.0,14500.5459
46380,46440,446.23,1973.8,158.5,14249.9814
46440,46500,445.76,1971.4,152.7,14119.6523
46500,46560,445.10,1974.7,166.7,14201.9375
46560,46620,444.89,1978.4,207.5,14258.3379
46620,46680,442.41,1977.5,174.4,14096.8584
46680,46740,442.05,1973.4,168.3,14010.6914
46740,46800,440.52,1967.8,143.7,13803.5977
46800,46860,441.28,1966.5,145.5,13824.0400
46860,46920,440.93,1965.9,141.2,13710.3379
46920,46980,442.28,1969.7,148.5,13881.1328
46980,47040,440.33,1968.5,146.0,13801.8779
47040,47100,440.47,1975.6,146.7,13959.9141
47100,47160,441.96,1979.3,149.5,14122.4717
47160,47220,440.06,1967.6,141.4,13888.6992
47220,47280,439.16,1964.7,141.6,13722.5166
47280,47340,440.90,1969.2,148.6,13942.9150
47340,47400,438.86,1962.2,139.9,13772.8281
47400,47460,438.10,1959.7,138.8,13673.1172
47460,47520,438.09,1963.3,138.2,13711.0195
47520,47580,439.33,1958.5,155.9,13731.2793
47580,47640,439.35,1961.1,145.4,13839.7451
47640,47700,438.61,1961.9,141.0,13817.8125
47700,47760,438.90,1963.2,140.7,13837.9258
47760,47820,438.88,1962.0,141.5,13864.7998
47820,47880,441.00,1964.2,145.9,14241.3662
47880,47940,438.98,1961.0,148.4,13904.0488
47940,48000,438.56,1960.4,163.6,13813.2588
48000,48060,438.86,1959.5,143.7,13876.4580
48060,48120,438.12,1956.4,140.0,13879.8369
48120,48180,437.80,1957.1,143.1,13808.9570
48180,48240,439.71,1960.5,158.1,13977.6377
48240,48300,438.15,1958.1,140.8,13872.9795
48300,48360,438.77,1957.9,143.9,13973.0762
48360,48420,438.36,1958.8,145.9,13920.2754
48420,48480,437.83,1956.7,142.8,13872.4404
48480,48540,440.36,1957.3,200.8,13897.8643
48540,48600,438.17,1956.8,147.3,13886.8613
48600,48660,437.22,1956.6,143.7,13896.7363
48660,48720,438.26,1956.8,145.3,13975.8115
48720,48780,440.31,1961.1,152.8,14005.4307
48780,48840,438.71,1963.4,147.3,14007.4600
48840,48900,437.89,1963.7,146.1,13941.7773
48900,48960,437.48,1963.1,144.1,13894.5537
48960,49020,438.10,1968.5,146.2,14057.1328
49020,49080,438.07,1971.2,149.4,14097.0693
49080,49140,438.09,1971.7,147.9,14123.5361
49140,49200,438.22,1969.3,148.5,14095.3672
49200,49260,439.81,1968.2,155.8,14149.2334
49260,49320,437.14,1970.3,144.9,14088.4102
49320,49380,440.63,1968.6,154.3,14200.1191
49380,49440,437.10,1963.9,147.4,13892.1953
49440,49500,436.10,1963.4,144.8,13977.1104
49500,49560,437.07,1966.7,144.4,14143.6328
49560,49620,437.16,1966.4,143.9,14125.8096
49620,49680,438.66,1963.8,152.4,14289.9600
49680,49740,436.93,1961.7,144.3,14253.1895
49740,49800,436.43,1963.1,151.4,14016.0313
49800,49860,435.31,1961.5,142.7,14024.1807
49860,49920,436.18,1964.0,146.7,14129.1436
49920,49980,437.17,1967.3,162.0,14253.8643
49980,50040,440.67,1976.1,177.9,14808.0771
50040,50100,443.74,1995.1,171.2,15312.8613
50100,50160,442.52,1995.4,169.2,15252.3203
50160,50220,443.88,1997.2,174.5,15394.7002
50220,50280,439.76,1995.4,166.4,15361.0029
50280,50340,440.61,2095.9,186.8,16212.9463
50340,50400,441.60,2137.7,194.8,16652.2051
50400,50460,442.05,2145.6,196.1,16857.2832
50460,50520,442.40,2169.3,198.2,17104.2324
50520,50580,442.90,2189.1,208.0,17318.7461
50580,50640,442.92,2198.3,206.2,17419.4199
50640,50700,443.20,2206.0,207.7,17632.6152
50700,50760,443.50,2264.1,208.2,17817.4531
50760,50820,443.94,2261.3,213.0,18019.8301
50820,50880,443.97,2376.2,210.1,18161.6328
50880,50940,443.34,2382.8,212.0,18250.5215
50940,51000,442.43,2454.7,205.0,18240.4316
51000,51060,441.36,2497.0,197.9,18151.7695
51060,51120,441.47,2496.9,194.7,18205.6504
51120,51180,441.23,2453.8,195.3,18295.8945
51180,51240,441.02,2434.8,195.1,18362.2969
51240,51300,441.16,2328.6,192.5,18366.2012
51300,51360,441.10,2280.7,193.3,18399.2520
51360,51420,441.20,2265.3,195.6,18545.3613
51420,51480,441.49,2234.2,196.4,18616.0625
51480,51540,441.55,2220.5,199.0,18657.3945
51540,51600,442.02,2200.9,201.6,18737.1680
51600,51660,442.19,2150.2,204.9,18703.0996
51660,51720,442.21,2126.6,204.4,18741.7109
51720,51780,441.51,2110.5,202.1,18703.7754
51780,51840,441.36,2109.4,198.8,18767.4531
51840,51900,441.12,2108.2,194.3,18751.1543
51900,51960,440.23,2106.1,183.3,18616.0195
51960,52020,440.58,2107.2,183.6,18667.5332
52020,52080,440.30,2108.4,181.7,18693.1309
52080,52140,440.09,2108.5,180.6,18629.0527
52140,52200,440.39,2111.5,179.3,18747.4512
52200,52260,439.78,2116.3,176.0,18672.6973
52260,52320,439.50,2119.1,175.4,18736.0957
52320,52380,439.72,2118.1,178.0,18956.5996
52380,52440,440.12,2118.7,178.1,19219.8203
52440,52500,439.18,2125.4,171.9,18800.9063
52500,52560,438.69,2128.3,172.1,18816.2363
52560,52620,438.64,2129.3,170.1,18789.2168
52620,52680,438.79,2130.9,170.0,18768.3457
52680,52740,439.54,2133.2,168.0,18547.2383
52740,52800,440.36,2134.0,164.3,18414.5488
52800,52860,440.24,2134.8,162.5,18401.1699
52860,52920,439.36,2134.8,164.4,18555.0664
52920,52980,439.86,2132.8,171.3,18607.5898
52980,53040,441.21,2130.3,176.0,18435.4551
53040,53100,444.05,2126.4,180.4,17990.4395
53100,53160,443.62,2126.4,182.2,18103.9082
53160,53220,443.49,2127.8,190.7,18363.4063
53220,53280,443.19,2129.3,199.5,18717.6387
53280,53340,442.29,2126.5,189.5,18753.5703
53340,53400,442.93,2124.4,188.8,18622.3359
53400,53460,444.99,2120.5,197.2,18063.7461
53460,53520,447.70,2120.2,213.3,18264.6504
53520,53580,444.88,2117.1,212.6,18340.9805
53580,53640,444.77,2116.2,202.5,18111.4570
53640,53700,444.74,2116.1,201.7,17988.5879
53700,53760,443.86,2116.7,236.5,18415.3691
53760,53820,442.97,2116.0,206.6,18474.6875
53820,53880,444.06,2116.2,200.0,18528.7344
53880,53940,442.82,2117.3,199.4,18686.0977
53940,54000,443.31,2117.9,207.7,18706.1211
54000,54060,445.25,2116.0,221.3,18677.4043
54060,54120,444.14,2114.6,204.0,18473.8008
54120,54180,443.76,2114.6,207.7,18087.7539
54180,54240,443.76,2115.2,204.2,18383.1230
54240,54300,443.98,2114.8,209.8,18042.5410
54300,54360,442.66,2109.7,200.0,17441.2012
54360,54420,444.15,2110.4,196.6,17302.7793
54420,54480,443.41,2113.2,196.7,17780.8398
54480,54540,441.57,2112.8,187.3,17186.1465
54540,54600,440.34,2111.3,180.6,16909.1211
54600,54660,441.82,2118.7,189.8,17329.8828
54660,54720,442.56,2120.2,199.4,17568.7598
54720,54780,442.35,2116.5,186.9,16966.0078
54780,54840,-9999,-9999,-9999,-9999
54840,54900,440.56,2118.9,185.9,17018.6309
54900,54960,440.87,2120.4,193.5,17397.8574
54960,55020,441.37,2126.5,195.7,17624.6504
55020,55080,442.35,2127.5,201.9,17252.2285
55080,55140,443.25,2126.0,193.6,17050.8477
55140,55200,442.66,2121.5,195.9,16965.3359
55200,55260,-9999,-9999,-9999,-9999
55260,55320,-9999,-9999,-9999,-9999
55320,55380,-9999,-9999,-9999,-9999
55380,55440,-9999,-9999,-9999,-9999
55440,55500,-9999,-9999,-9999,-9999
55500,55560,442.15,2102.1,193.1,16410.2012
55560,55620,442.29,2097.3,207.6,16371.2236
55620,55680,441.40,2091.8,188.3,16167.6191
55680,55740,451.79,2100.9,234.0,16834.3867
55740,55800,446.94,2110.0,243.0,17200.2988
55800,55860,442.67,2108.3,214.2,16748.1855
55860,55920,442.60,2110.0,213.1,16871.3398
55920,55980,443.18,2109.4,214.1,16956.0137
55980,56040,442.48,2106.2,217.6,16780.1895
56040,56100,441.64,2102.5,215.7,16802.4727
56100,56160,441.87,2100.9,211.7,16660.5059
56160,56220,441.88,2098.6,211.6,16798.3887
56220,56280,438.92,2066.3,197.8,16137.6611
56280,56340,438.42,2053.4,187.5,15806.5967
56340,56400,439.75,2057.1,195.2,15946.9307
56400,56460,439.48,2062.8,203.3,16298.2109
56460,56520,439.45,2075.2,201.7,16687.0332
56520,56580,439.24,2079.6,203.5,16868.5645
56580,56640,439.54,2078.4,202.1,16862.9043
56640,56700,439.13,2083.0,207.7,17005.5723
56700,56760,439.31,2086.3,208.0,17158.4004
56760,56820,439.49,2086.1,208.6,17147.6074
56820,56880,439.14,2090.5,208.2,17087.3555
56880,56940,439.51,2089.6,206.3,16543.5508
56940,57000,437.96,2062.1,195.8,16284.1729
57000,57060,437.42,2052.0,192.0,16115.4512
57060,57120,437.32,2054.4,201.5,16398.3984
57120,57180,437.45,2055.4,197.4,16362.3467
57180,57240,437.40,2063.4,198.5,16488.2305
57240,57300,437.24,2059.4,196.5,16503.3535
57300,57360,437.93,2062.3,193.8,16414.8887
57360,57420,437.11,2057.8,190.9,16414.7871
57420,57480,436.97,2056.9,187.6,16296.0742
57480,57540,437.00,2058.2,189.3,16495.7559
57540,57600,436.12,2063.6,197.5,17471.2383
57600,57660,437.86,2066.4,204.0,17465.9668
57660,57720,435.92,2066.9,196.2,17314.2617
57720,57780,434.32,2065.2,196.2,17808.2246
57780,57840,437.31,2063.2,201.8,16942.6895
57840,57900,434.85,2029.1,181.9,15819.5840
57900,57960,430.30,1968.5,160.4,14784.5957
57960,58020,430.16,1965.5,160.4,14947.3398
58020,58080,428.82,1960.8,158.6,15336.9834
58080,58140,429.15,1954.4,157.3,14947.5146
58140,58200,429.20,1952.2,154.1,14825.5381
58200,58260,428.75,1952.1,167.5,14900.9424
58260,58320,428.60,1952.7,159.3,15036.5078
58320,58380,428.92,1951.9,159.4,14863.8633
58380,58440,431.36,1952.0,172.1,14849.7109
58440,58500,430.12,1952.5,158.1,14866.4336
58500,58560,428.59,1951.5,153.5,14525.5039
58560,58620,430.13,1952.8,163.3,14953.3555
58620,58680,428.62,1953.1,150.7,14926.7021
58680,58740,429.59,1952.7,152.7,14786.9766
58740,58800,428.58,1952.7,155.6,14932.1563
58800,58860,429.21,1952.9,162.8,15114.1426
58860,58920,428.59,1952.6,154.4,14847.3076
58920,58980,427.91,1952.5,146.2,14760.4580
58980,59040,428.04,1953.2,148.2,15160.1621
59040,59100,427.67,1953.1,147.5,15078.4473
59100,59160,428.11,1953.5,149.5,15058.7588
59160,59220,428.45,1953.0,148.7,14976.4629
59220,59280,428.77,1953.4,148.5,15248.6484
59280,59340,427.55,1953.6,157.8,15420.1602
59340,59400,427.36,1953.3,152.2,15215.6387
59400,59460,427.79,1952.9,145.7,15092.4395
59460,59520,429.88,1952.4,154.2,14782.1035
59520,59580,428.85,1951.9,152.9,14963.0498
59580,59640,427.67,1952.2,144.4,14897.6943
59640,59700,427.81,1952.9,149.5,15080.2852
59700,59760,427.65,1952.5,143.3,15195.8799
59760,59820,428.03,1953.1,151.2,15434.7607
59820,59880,427.55,1952.6,160.1,15197.1211
59880,59940,427.79,1953.2,162.0,15244.3320
59940,60000,427.80,1953.5,159.1,15246.9307
60000,60060,427.84,1953.0,151.3,15299.4766
60060,60120,427.92,1953.1,158.1,15312.1367
60120,60180,427.96,1952.8,149.4,15257.1104
60180,60240,432.36,1952.3,159.9,15149.9951
60240,60300,428.40,1952.4,148.4,15124.9307
60300,60360,427.63,1952.4,146.6,15415.8477
60360,60420,428.22,1952.5,150.4,15139.7793
60420,60480,428.85,1953.4,162.8,15475.7031
60480,60540,427.93,1952.5,151.9,15306.3027
60540,60600,428.07,1952.2,149.2,15281.0225
60600,60660,428.99,1952.3,166.9,15343.0010
60660,60720,428.27,1952.3,151.1,15215.9561
60720,60780,429.01,1951.9,150.0,15149.6533
60780,60840,428.56,1952.2,155.3,15320.5098
60840,60900,429.25,1952.3,158.7,15287.6455
60900,60960,429.44,1951.9,152.0,15152.4541
60960,61020,429.18,1951.9,155.5,15165.4063
61020,61080,429.06,1951.8,158.0,14966.2334
61080,61140,430.21,1951.9,160.2,15019.5146
61140,61200,430.68,1952.2,174.6,15265.9131
61200,61260,429.52,1952.3,155.9,15228.5781
61260,61320,429.60,1951.7,151.2,15178.1367
61320,61380,430.21,1951.7,163.0,15036.9004
61380,61440,433.70,1953.1,176.3,15260.2764
61440,61500,430.54,1952.6,167.8,15232.7490
61500,61560,431.36,1952.9,161.4,15465.3213
61560,61620,429.41,1952.3,156.7,15508.9463
61620,61680,429.11,1952.1,151.1,15559.9766
61680,61740,428.99,1952.0,150.9,15722.0840
61740,61800,428.72,1952.1,154.5,15621.5928
61800,61860,427.98,1951.2,148.5,15550.5566
61860,61920,428.11,1951.2,147.1,15368.6094
61920,61980,430.24,1951.7,154.7,15784.7979
61980,62040,427.97,1951.8,158.7,15677.3125
62040,62100,428.86,1952.2,174.6,15696.1699
62100,62160,428.55,1952.0,173.8,15714.5732
62160,62220,428.48,1951.8,156.2,15551.1777
62220,62280,430.49,1952.5,172.7,15658.2773
62280,62340,427.91,1952.6,166.5,15890.2471
62340,62400,427.73,1952.2,166.0,15751.3330
62400,62460,427.07,1952.7,161.3,15773.5244
62460,62520,430.39,1953.0,205.4,16021.8955
62520,62580,427.21,1952.9,162.6,16188.4609
62580,62640,427.38,1953.0,152.8,16041.6768
62640,62700,428.59,1952.4,198.5,15714.4883
62700,62760,428.66,1952.5,176.8,15944.5537
62760,62820,429.74,1952.1,167.5,15599.1279
62820,62880,428.84,1952.3,157.9,15513.8633
62880,62940,427.94,1953.3,160.5,16020.7236
62940,63000,427.22,1952.7,152.7,15808.9473
63000,63060,427.46,1952.0,151.5,15729.8086
63060,63120,427.06,1952.2,150.2,15837.8955
63120,63180,428.92,1952.2,174.6,15686.7168
63180,63240,427.06,1951.7,148.4,15574.3066
63240,63300,427.35,1952.2,158.1,15909.8252
63300,63360,427.42,1952.2,160.9,15633.4385
63360,63420,428.62,1952.7,156.9,15859.7383
63420,63480,429.60,1952.8,164.8,16167.9951
63480,63540,428.43,1952.6,159.1,16661.0586
63540,63600,429.37,1953.0,161.5,17173.5879
63600,63660,427.80,1952.4,155.8,16612.9531
63660,63720,429.93,1952.8,162.3,16358.3994
63720,63780,430.14,1954.0,158.2,16416.2402
63780,63840,434.84,1955.4,180.0,16402.5391
63840,63900,434.49,1954.6,187.2,16186.0400
63900,63960,432.46,1954.1,171.6,16074.2041
63960,64020,431.21,1954.7,162.3,15868.3994
64020,64080,431.22,1956.4,177.1,15700.9160
64080,64140,435.31,1960.6,248.2,15662.8496
64140,64200,436.93,1965.7,214.7,16304.1006
64200,64260,435.33,1969.2,221.3,16436.7891
64260,64320,436.87,1971.9,226.6,17013.5234
64320,64380,438.04,1974.4,209.8,17333.0410
64380,64440,439.12,1978.1,204.9,17886.2734
64440,64500,444.26,1986.9,239.3,18703.4590
64500,64560,444.78,1992.3,222.3,18913.1211
64560,64620,438.34,1994.5,203.7,19290.4121
64620,64680,440.14,1995.3,215.7,20220.8340
64680,64740,437.68,1995.9,207.2,19768.1563
64740,64800,443.62,1996.1,226.6,19620.4199
64800,64860,438.65,1979.5,199.8,18636.5078
64860,64920,435.60,1964.3,198.8,17180.9590
64920,64980,430.78,1961.8,176.8,17829.8574
64980,65040,431.11,1963.2,178.3,19153.2969
65040,65100,429.12,1957.3,178.9,17603.8691
65100,65160,428.45,1956.9,168.9,18539.3535
65160,65220,428.07,1958.1,160.1,18769.2852
65220,65280,427.53,1956.6,155.7,18524.2441
65280,65340,427.25,1956.4,157.6,18901.2617
65340,65400,427.03,1955.8,157.2,18439.7383
65400,65460,427.60,1956.4,163.5,18804.8516
65460,65520,429.93,1959.8,371.9,19255.4336
65520,65580,430.35,1960.0,327.9,19711.1367
65580,65640,428.18,1957.3,188.6,19354.5938
65640,65700,427.54,1958.1,165.9,20194.8691
65700,65760,426.82,1957.7,165.0,19722.7109
65760,65820,426.41,1957.3,164.6,20418.4863
65820,65880,426.54,1956.5,160.8,18403.9336
65880,65940,426.96,1956.6,166.5,19206.4414
65940,66000,427.27,1957.0,171.1,18540.6250
66000,66060,426.23,1957.1,168.4,18046.9902
66060,66120,425.63,1956.7,188.8,17929.3906
66120,66180,425.76,1956.5,180.6,17077.5391
66180,66240,425.08,1956.2,172.3,17223.9746
66240,66300,426.44,1956.2,171.2,17102.1191
66300,66360,425.37,1956.2,173.6,17412.5996
66360,66420,426.10,1955.8,171.9,17509.1270
66420,66480,424.73,1956.2,169.4,17629.1680
66480,66540,424.37,1956.1,167.5,18439.6016
66540,66600,424.85,1958.0,167.1,18380.1113
66600,66660,424.40,1955.8,160.5,17953.9688
66660,66720,424.04,1955.5,159.5,18718.3906
66720,66780,424.33,1955.2,157.2,17528.0332
66780,66840,423.60,1955.4,154.2,18023.2734
66840,66900,423.14,1955.4,174.1,18494.7129
66900,66960,424.27,1955.2,166.8,17672.3184
66960,67020,424.05,1955.2,172.1,18200.1406
67020,67080,424.40,1954.9,166.9,17326.9063
67080,67140,425.50,1954.7,164.8,16999.9004
67140,67200,424.94,1955.0,169.6,17924.2324
67200,67260,424.19,1955.6,161.6,17912.5313
67260,67320,424.38,1955.2,161.4,17320.4590
67320,67380,424.47,1955.1,162.0,17165.2168
67380,67440,424.60,1954.7,158.3,16779.1914
67440,67500,424.89,1954.7,166.1,16771.7324
