CampaignData_and_Merges/R0/CSL_MobileLab_Parked/raw/20240727/USOS-NOAAIodideCIMS-OrgNitrs_MobileLabGround_20240727_RA.ict
37, 1001
Michael A Robinson, Chris Jernigan, Subi Thakali
NOAA ESRL Chemical Sciences Laboratory and CIRES, U. of Colorado
NOAA Iodide CIMS Instrument
USOS
1, 1
2024, 07, 27, 2024, 07, 28
1
starttime_UTC, seconds_past_midnight, seconds_of_day_since_00:00:00_UTC
5
1, 1, 1, 1, 1
-9999, -9999, -9999, -9999, -9999
C4H7NO5_NOAACIMS, pptv, Gas_C4H7NO5_InSitu_S_AVMR, 
ISOPN_NOAACIMS, pptv, Gas_ISOPN_InSitu_S_AVMR, 
C5H10O3_NOAACIMS, pptv, Gas_C5H10O3_InSitu_S_AVMR, 
C5H9NO5_NOAACIMS, pptv, Gas_C5H9NO5_InSitu_S_AVMR, 
C10H17NO4_NOAACIMS, pptv, Gas_C10H17NO4_InSitu_S_AVMR, 
0
18
PI_CONTACT_INFO: 325 Broadway, R/CSD 7, Boulder, Colorado 80305; michael.a.robinson@noaa.gov; chris.jernigan@noaa.gov;
PLATFORM: NOAA CSL Mobile Lab
LOCATION: SLC, Utah
ASSOCIATED_DATA: 1Hz data also available on request.
INSTRUMENT_INFO: NOAA I- ToF CIMS
DATA_INFO: All data in parts per trillion by volume (pptv). 1 Hz data is available upon request.
UNCERTAINTY: TBD
ULOD_FLAG: -7777
ULOD_VALUE: N/A
LLOD_FLAG: -8888
LLOD_VALUE: N/A
DM_CONTACT_INFO: Nathan Howard; nathan.h.howard@noaa.gov
PROJECT_INFO: USOS, summer 2024. https://csl.noaa.gov/groups/csl7/measurements/2024usos/
STIPULATIONS_ON_USE: Users are strongly encouraged to contact the PI for proper data usage.
OTHER_COMMENTS: 
REVISION: RA
RA: Preliminary Data; For in-field use only
starttime_UTC, C4H7NO5_NOAACIMS, ISOPN_NOAACIMS, C5H10O3_NOAACIMS, C5H9NO5_NOAACIMS, C10H17NO4_NOAACIMS
[from data line 1016]
 60960,  6.080, 16.385, 30.083,  6.127,  0.861
 61020,  6.070, 15.889, 29.169,  5.870,  0.768
 61080,  6.075, 15.979, 28.822,  5.580,  0.747
 61140,  6.026, 15.943, 28.249,  5.945,  0.787
 61200,  6.000, 15.802, 29.187,  5.823,  0.788
 61260,  6.088, 15.771, 27.727,  5.662,  0.729
 61320,  6.202, 17.065, 28.730,  5.906,  0.702
 61380,  6.353, 17.040, 29.123,  5.882,  0.802
 61440,  6.348, 18.346, 29.859,  5.846,  0.784
 61500,  6.364, 18.512, 30.436,  6.104,  0.808
 61560,  6.372, 18.973, 30.267,  5.890,  0.754
 61620,  6.297, 18.223, 30.711,  5.745,  0.799
 61680, -9999.000, -9999.000, -9999.000, -9999.000, -9999.000
 61740,  6.389, 18.461, 25.604,  5.541,  0.710
 61800,  6.620, 19.272, 28.110,  5.912,  0.823
 61860,  6.690, 20.116, 29.079,  6.155,  0.836
 61920,  6.865, 20.269, 30.166,  6.327,  0.782
 61980,  6.751, 20.151, 29.994,  6.058,  0.819
 62040,  6.675, 19.776, 30.968,  6.071,  0.857
 62100,  6.744, 20.826, 30.871,  6.322,  0.843
 62160,  6.798, 21.366, 31.567,  6.343,  0.861
 62220,  6.789, 20.859, 31.482,  6.205,  0.812
 62280,  6.722, 21.884, 31.916,  6.174,  0.746
 62340,  6.849, 21.512, 32.715,  6.316,  0.955
 62400,  6.826, 22.339, 33.735,  6.215,  0.947
 62460,  6.701, 21.537, 33.045,  6.002,  0.855
 62520,  6.705, 21.695, 34.585,  6.225,  0.852
 62580,  6.775, 21.927, 34.426,  6.075,  0.796
 62640,  6.850, 22.655, 35.327,  6.203,  0.730
 62700,  6.796, 22.716, 35.421,  6.360,  0.662
 62760,  6.778, 22.495, 37.126,  5.960,  0.642
 62820,  6.717, 22.319, 36.407,  5.951,  0.525
 62880,  6.603, 22.096, 37.446,  6.108,  0.568
 62940,  6.421, 21.617, 37.926,  5.747,  0.650
 63000,  6.201, 21.734, 39.124,  5.655,  0.788
 63060,  6.165, 21.552, 39.757,  5.463,  0.686
 63120,  6.023, 21.274, 41.666,  5.549,  0.794
 63180,  6.014, 21.562, 40.893,  5.615,  0.724
 63240,  5.972, 20.747, 41.991,  5.483,  0.586
 63300,  5.876, 21.091, 41.720,  5.519,  0.611
 63360,  5.855, 21.033, 43.036,  5.361,  0.698
 63420,  5.865, 21.287, 41.986,  5.382,  0.527
 63480,  6.026, 21.429, 43.276,  5.435,  0.721
 63540,  5.790, 18.877, 39.896,  5.431,  0.527
 63600,  5.689, 19.808, 41.921,  5.509,  0.606
 63660,  5.778, 20.098, 44.619,  5.537,  0.696
 63720,  5.733, 19.811, 43.142,  5.600,  0.586
 63780,  5.875, 20.844, 49.461,  5.905,  0.779
 63840,  5.570, 19.250, 48.127,  5.520,  0.705
 63900,  5.409, 18.676, 46.910,  5.300,  0.552
 63960,  5.502, 19.394, 48.160,  5.331,  0.664
 64020,  5.729, 20.375, 47.301,  5.265,  0.573
 64080,  5.737, 20.586, 46.447,  5.377,  0.508
 64140,  6.256, 21.504, 45.767,  5.258,  0.621
 64200,  6.579, 22.498, 42.713,  6.059,  0.721
 64260,  6.860, 22.119, 45.099,  6.168,  0.843
 64320,  7.065, 22.433, 43.930,  6.499,  0.807
 64380,  7.440, 22.143, 41.305,  6.831,  0.885
 64440,  7.420, 20.930, 40.922,  6.786,  0.958
 64500,  7.559, 19.678, 36.798,  6.713,  1.025
 64560,  7.404, 18.683, 32.242,  7.034,  0.928
 64620,  7.141, 18.396, 34.808,  6.981,  1.209
 64680,  6.967, 17.857, 33.144,  6.916,  1.199
 64740,  7.072, 18.176, 30.483,  6.671,  1.101
 64800,  6.939, 17.435, 28.830,  6.762,  1.106
 64860,  5.919, 14.252, 27.297,  6.009,  1.029
 64920,  4.858, 10.830, 25.282,  4.990,  0.758
 64980,  5.218, 10.707, 26.909,  5.525,  0.831
 65040,  5.745, 11.348, 28.679,  6.154,  0.866
 65100,  5.465, 10.078, 27.305,  5.668,  0.657
 65160,  6.615,  9.900, 29.759,  6.995,  0.680
 65220,  6.782,  9.907, 33.165,  7.283,  0.812
 65280,  6.155,  9.821, 32.415,  6.627,  0.809
 65340, -9999.000, -9999.000, -9999.000, -9999.000, -9999.000
 65400,  6.592,  8.675, 33.507,  7.453,  0.528
 65460,  6.592,  8.580, 32.175,  7.336,  0.652
 65520,  6.718,  9.160, 32.083,  7.551,  0.529
 65580,  7.049,  9.179, 38.854,  8.250,  0.700
 65640,  7.121,  9.345, 41.129,  8.122,  0.759
 65700,  7.333,  9.469, 42.114,  8.476,  0.821
 65760,  7.463,  9.884, 46.179,  8.829,  0.926
 65820,  6.841,  9.367, 44.426,  8.219,  0.795
 65880,  5.783,  8.845, 39.702,  7.061,  0.652
 65940,  5.459,  8.527, 38.492,  6.708,  0.665
 66000,  5.230,  8.624, 36.693,  6.561,  0.698
 66060,  4.655,  7.310, 34.040,  5.728,  0.588
 66120,  4.315,  7.651, 29.943,  5.249,  0.557
 66180,  4.146,  7.797, 32.135,  4.920,  0.653
 66240,  4.144,  8.434, 31.848,  4.937,  0.510
 66300,  4.125,  8.563, 29.354,  4.777,  0.528
 66360,  4.200,  8.930, 31.671,  4.946,  0.583
 66420,  4.116,  9.517, 30.791,  4.763,  0.533
 66480,  4.372, 10.205, 34.036,  5.167,  0.568
 66540,  4.567, 10.631, 35.616,  5.386,  0.574
 66600,  4.635, 11.656, 36.601,  5.422,  0.609
 66660,  4.444, 11.476, 36.312,  4.939,  0.598
 66720,  4.617, 11.923, 40.324,  5.243,  0.636
 66780,  4.314, 12.231, 37.923,  4.671,  0.586
 66840,  4.537, 13.291, 40.148,  4.709,  0.648
 66900,  4.609, 13.773, 41.796,  5.002,  0.599
 66960,  4.634, 13.728, 41.438,  4.947,  0.517
 67020,  4.702, 14.426, 42.366,  4.898,  0.575
 67080,  4.647, 13.784, 41.456,  4.697,  0.617
 67140,  4.641, 14.858, 39.711,  4.393,  0.578
 67200,  4.796, 13.684, 41.961,  5.121,  0.186
 67260,  4.609, 14.870, 37.369,  4.416,  0.493
 67320,  4.616, 14.608, 38.050,  4.436,  0.532
 67380,  4.553, 14.558, 37.455,  4.345,  0.574
 67440,  4.446, 14.765, 36.977,  4.087,  0.510
 67500,  4.430, 14.413, 36.834,  4.304,  0.448
 67560,  4.567, 13.802, 36.811,  4.044,  0.499
 67620,  4.551, 14.031, 37.927,  4.084,  0.436
 67680,  4.574, 14.200, 37.016,  4.133,  0.521
 67740,  4.510, 13.794, 38.402,  4.087,  0.550
 67800,  4.599, 14.246, 38.812,  4.094,  0.501
 67860,  4.652, 15.216, 40.027,  4.166,  0.533
 67920,  4.583, 15.172, 40.461,  4.194,  0.471
 67980,  4.436, 15.634, 39.786,  4.031,  0.516
 68040,  4.415, 15.752, 39.526,  3.886,  0.488
 68100,  4.602, 16.314, 41.505,  4.036,  0.554
 68160,  4.706, 17.152, 43.409,  4.046,  0.499
 68220,  4.838, 18.299, 45.889,  4.251,  0.524
 68280,  4.975, 18.354, 47.045,  4.227,  0.585
 68340,  4.949, 19.015, 48.736,  4.128,  0.541
 68400,  5.085, 19.863, 48.990,  4.131,  0.561
 68460,  5.164, 20.995, 50.995,  4.250,  0.555
 68520,  5.142, 21.714, 52.863,  4.284,  0.570
 68580,  5.424, 22.708, 54.657,  4.468,  0.627
 68640,  5.313, 23.500, 56.375,  4.532,  0.557
 68700,  5.338, 24.470, 61.314,  4.433,  0.591
 68760,  5.297, 24.653, 61.799,  4.576,  0.610
 68820,  5.313, 25.676, 62.795,  4.528,  0.521
 68880,  5.290, 25.542, 62.724,  4.127,  0.592
 68940,  5.257, 24.967, 63.137,  4.307,  0.581
 69000,  5.067, 24.743, 60.117,  4.178,  0.560
 69060, -9999.000, -9999.000, -9999.000, -9999.000, -9999.000
 69120,  4.772, 25.220, 52.698,  3.968,  0.489
 69180,  4.912, 24.515, 55.993,  3.771,  0.558
 69240,  4.942, 24.154, 54.859,  3.769,  0.512
 69300,  5.186, 22.640, 56.015,  4.143,  0.486
 69360,  5.362, 22.309, 55.949,  4.015,  0.555
 69420,  5.391, 22.833, 57.276,  4.188,  0.538
 69480,  5.532, 22.189, 58.140,  4.170,  0.522
 69540,  5.438, 22.560, 59.624,  4.062,  0.489
 69600,  5.409, 22.271, 58.619,  4.207,  0.534
 69660,  5.124, 21.031, 58.430,  4.165,  0.556
 69720,  5.074, 20.953, 57.315,  4.160,  0.516
 69780,  5.035, 21.490, 59.015,  4.288,  0.410
 69840,  5.078, 21.734, 59.897,  4.034,  0.528
 69900,  5.141, 22.002, 60.526,  3.991,  0.507
 69960,  5.028, 22.022, 59.839,  3.971,  0.521
 70020,  5.022, 19.836, 56.082,  4.094,  0.441
 70080,  4.987, 20.958, 56.786,  4.114,  0.427
 70140,  5.130, 24.507, 62.466,  3.988,  0.424
 70200,  5.139, 26.029, 70.315,  4.021,  0.530
 70260,  5.162, 26.319, 70.521,  4.109,  0.468
 70320,  5.354, 27.993, 71.974,  4.124,  0.530
 70380,  5.337, 28.767, 78.029,  4.221,  0.542
 70440,  5.502, 29.019, 80.340,  4.341,  0.579
 70500,  5.602, 28.011, 75.712,  4.582,  0.589
 70560,  5.524, 27.145, 74.123,  4.475,  0.504
 70620,  5.696, 26.553, 74.236,  4.585,  0.541
 70680,  5.747, 27.154, 77.602,  4.529,  0.520
 70740,  5.861, 27.896, 79.650,  4.431,  0.674
 70800,  6.069, 28.066, 81.674,  4.575,  0.591
 70860,  6.131, 28.316, 82.607,  4.565,  0.613
 70920,  6.154, 26.065, 72.487,  4.659,  0.428
 70980,  6.192, 27.569, 77.370,  4.596,  0.478
 71040,  6.379, 28.250, 83.856,  4.763,  0.568
 71100,  6.401, 29.935, 90.613,  4.824,  0.603
 71160,  6.584, 31.590, 96.320,  4.675,  0.591
 71220,  6.586, 30.766, 96.221,  4.849,  0.624
 71280,  6.551, 30.371, 97.583,  4.804,  0.637
 71340,  6.640, 31.513, 99.337,  4.862,  0.578
 71400,  6.774, 31.632, 99.098,  4.770,  0.681
 71460,  6.768, 31.599, 100.104,  4.706,  0.646
 71520,  6.919, 30.549, 95.523,  4.638,  0.551
 71580,  7.306, 27.272, 86.763,  4.695,  0.448
 71640,  7.079, 28.897, 94.073,  4.554,  0.625
 71700,  7.153, 28.967, 95.027,  4.474,  0.525
 71760,  7.179, 30.457, 96.677,  4.663,  0.584
 71820,  7.337, 30.949, 99.655,  4.597,  0.650
 71880,  7.332, 30.010, 93.804,  4.567,  0.587
 71940,  7.525, 30.370, 93.438,  4.519,  0.549
 72000,  7.741, 29.505, 93.061,  4.508,  0.531
 72060,  7.498, 29.081, 91.567,  4.692,  0.604
 72120,  7.221, 31.193, 95.596,  4.557,  0.518
 72180,  7.202, 30.744, 98.088,  4.455,  0.622
 72240,  7.310, 30.850, 99.195,  4.365,  0.552
 72300,  7.444, 32.701, 108.266,  4.536,  0.645
 72360,  7.471, 33.729, 110.639,  4.584,  0.505
 72420,  7.440, 32.191, 110.117,  4.592,  0.618
 72480,  8.081, 32.999, 104.939,  4.588,  0.579
 72540,  8.162, 34.851, 107.290,  4.712,  0.651
 72600,  8.085, 34.724, 109.869,  4.687,  0.727
 72660,  8.165, 33.392, 107.361,  4.525,  0.622
 72720,  8.120, 33.199, 107.532,  4.763,  0.505
 72780,  8.095, 32.750, 90.967,  4.322,  0.010
 72840,  8.103, 31.926, 95.936,  4.533,  0.568
 72900,  8.260, 33.733, 104.750,  4.521,  0.585
 72960,  8.315, 32.648, 105.098,  4.651,  0.654
 73020,  9.139, 30.117, 97.830,  4.765,  0.558
 73080,  9.285, 28.881, 93.145,  4.835,  0.474
 73140,  9.763, 27.970, 89.402,  5.027,  0.610
 73200,  9.251, 31.452, 99.405,  4.953,  0.652
 73260,  8.856, 34.875, 114.812,  4.871,  0.640
 73320,  9.158, 35.228, 113.600,  5.017,  0.595
 73380,  9.538, 31.380, 104.241,  4.791,  0.593
 73440,  9.727, 30.508, 100.196,  4.879,  0.551
 73500,  9.622, 34.824, 112.822,  4.955,  0.638
 73560,  9.573, 36.614, 122.961,  4.740,  0.701
 73620,  9.442, 35.862, 124.125,  5.099,  0.685
 73680,  9.585, 34.608, 124.594,  5.098,  0.612
 73740, 10.032, 32.344, 115.838,  5.036,  0.625
 73800, 11.264, 24.176, 87.720,  5.385,  0.478
 73860, 11.794, 23.395, 81.061,  5.423,  0.468
 73920, 11.784, 23.081, 78.855,  5.408,  0.404
 73980, 11.800, 23.916, 80.752,  5.707,  0.474
 74040, 11.587, 23.308, 83.489,  5.510,  0.557
 74100, 10.336, 28.604, 100.197,  5.216,  0.522
 74160, 10.071, 30.850, 105.400,  5.001,  0.622
 74220, 10.645, 30.653, 105.787,  5.533,  0.580
 74280, 10.220, 32.440, 117.766,  5.364,  0.562
 74340, 10.091, 32.039, 119.770,  5.141,  0.586
 74400, 10.405, 28.092, 105.164,  5.245,  0.457
 74460, 10.799, 24.458, 90.824,  5.248,  0.462
 74520, 11.151, 23.457, 82.542,  5.213,  0.522
 74580, 10.734, 24.542, 86.634,  5.347,  0.420
 74640, 11.114, 21.841, 68.510,  5.040,  0.353
 74700, 11.426, 21.092, 70.669,  5.527,  0.407
 74760, 11.253, 20.928, 72.402,  5.551,  0.451
 74820, 10.874, 22.956, 79.680,  5.513,  0.524
 74880, 10.725, 24.086, 83.406,  5.476,  0.494
 74940, 10.815, 23.783, 85.546,  5.213,  0.546
 75000, 10.508, 24.027, 86.402,  5.180,  0.433
 75060, 10.395, 23.909, 88.684,  5.178,  0.479
 75120, 10.188, 21.932, 81.959,  5.016,  0.373
 75180, 10.370, 18.818, 70.503,  5.102,  0.372
 75240, 10.148, 18.613, 68.314,  5.021,  0.400
 75300, 10.170, 19.112, 65.642,  5.117,  0.385
 75360, 10.593, 18.755, 63.028,  5.072,  0.325
 75420, 10.734, 18.021, 59.797,  5.185,  0.282
 75480, 10.612, 17.996, 61.625,  5.206,  0.363
 75540, 10.729, 17.347, 58.254,  5.144,  0.380
 75600, 10.492, 17.185, 57.722,  5.101,  0.327
 75660, 10.546, 16.568, 56.733,  5.207,  0.322
 75720, 10.474, 16.813, 56.496,  5.257,  0.244
 75780, 10.071, 16.315, 53.259,  5.074,  0.292
 75840, 10.015, 16.232, 55.315,  4.973,  0.287
 75900, 10.509, 17.493, 58.494,  5.353,  0.339
 75960, 10.397, 16.471, 59.055,  4.944,  0.231
 76020, 10.323, 16.792, 59.771,  5.406,  0.282
 76080, 10.213, 16.769, 58.545,  5.193,  0.304
 76140, 10.312, 16.933, 57.821,  5.172,  0.329
 76200, 10.209, 16.246, 58.897,  5.192,  0.376
 76260,  9.998, 16.622, 58.584,  5.145,  0.347
 76320,  9.798, 16.116, 59.485,  5.070,  0.371
 76380,  9.601, 14.972, 59.080,  5.135,  0.320
 76440, -9999.000, -9999.000, -9999.000, -9999.000, -9999.000
 76500,  9.536, 15.241, 48.011,  4.770,  0.271
 76560,  9.765, 15.682, 49.159,  5.025,  0.318
 76620,  9.833, 15.846, 50.696,  4.932,  0.361
 76680,  9.713, 15.623, 52.933,  5.237,  0.365
 76740, 10.193, 17.102, 51.539,  5.321,  0.282
 76800, 10.281, 17.055, 54.433,  5.252,  0.401
 76860, 10.435, 16.448, 55.730,  5.482,  0.341
 76920, 10.264, 16.385, 55.822,  5.309,  0.401
 76980, 10.210, 15.331, 54.171,  5.265,  0.330
 77040,  9.932, 15.611, 53.198,  5.146,  0.284
 77100,  9.638, 15.142, 52.971,  4.934,  0.374
 77160,  9.884, 15.338, 53.697,  5.115,  0.364
 77220,  9.913, 16.044, 52.255,  5.219,  0.339
 77280,  9.774, 15.753, 51.839,  5.035,  0.371
 77340,  9.497, 16.019, 51.703,  5.143,  0.402
 77400,  9.567, 15.328, 52.250,  4.917,  0.420
 77460,  9.568, 16.008, 52.695,  4.914,  0.417
 77520,  9.638, 16.631, 52.664,  4.995,  0.416
 77580,  9.636, 16.482, 53.424,  4.986,  0.493
 77640,  9.496, 16.904, 53.233,  4.806,  0.499
 77700,  9.880, 16.083, 53.833,  5.014,  0.457
 77760, 10.042, 16.322, 53.811,  4.911,  0.409
 77820, 10.278, 17.409, 53.007,  4.830,  0.355
 77880, 10.049, 16.618, 56.539,  5.070,  0.363
 77940, 10.024, 16.730, 59.209,  4.918,  0.389
 78000,  9.819, 17.142, 59.988,  5.038,  0.322
 78060,  9.877, 16.586, 60.345,  4.939,  0.357
 78120,  9.617, 15.788, 59.034,  4.840,  0.385
 78180,  9.883, 16.524, 60.193,  4.983,  0.168
 78240,  9.695, 15.847, 60.876,  4.700,  0.308
 78300, -9999.000, -9999.000, -9999.000, -9999.000, -9999.000
 78360,  9.552, 16.696, 52.818,  4.956,  0.316
 78420,  9.638, 16.659, 60.001,  5.067,  0.269
 78480,  6.894, 13.309, 51.254,  4.463,  0.271
 78540,  4.888,  9.989, 37.630,  3.993,  0.181
 78600,  4.490,  9.100, 34.251,  3.839,  0.171
 78660,  3.593,  7.012, 23.471,  3.332,  0.124
 78720,  3.925,  7.353, 22.233,  3.621,  0.145
 78780,  3.859,  7.047, 21.947,  3.381,  0.111
 78840,  3.913,  7.091, 20.865,  3.456,  0.039
 78900,  4.045,  7.177, 20.982,  3.712,  0.110
 78960,  4.636,  6.879, 25.810,  4.355,  0.110
 79020,  4.559,  7.180, 28.316,  4.357,  0.170
 79080,  4.611,  6.820, 25.818,  4.406,  0.159
 79140,  4.586,  6.748, 26.068,  4.306,  0.155
 79200,  4.880,  7.519, 26.904,  4.622,  0.199
 79260,  5.238,  7.872, 32.163,  5.107,  0.196
 79320,  4.837,  7.792, 29.601,  4.548,  0.182
 79380,  5.634,  8.045, 34.573,  5.730,  0.209
 79440,  6.027,  8.453, 39.552,  5.851,  0.325
 79500,  6.277,  9.088, 42.867,  6.479,  0.236
 79560,  6.403,  8.918, 44.604,  6.337,  0.405
 79620,  6.179,  8.651, 45.265,  6.119,  0.373
 79680,  6.424,  9.342, 46.137,  6.124,  0.340
 79740,  6.649,  9.424, 47.879,  6.271,  0.379
 79800,  6.894, 10.190, 50.195,  6.502,  0.491
 79860,  7.104, 11.017, 52.074,  6.251,  0.381
 79920,  7.145, 11.381, 49.084,  6.022,  0.420
 79980,  7.252, 11.712, 53.435,  6.314,  0.464
 80040,  6.685, 11.511, 49.067,  5.558,  0.388
 80100,  6.631, 11.944, 47.568,  5.647,  0.270
 80160, -9999.000, -9999.000, -9999.000, -9999.000, -9999.000
 80220,  6.571, 11.343, 41.614,  5.349,  0.357
 80280,  5.384,  9.954, 40.038,  4.765,  0.390
 80340,  4.834,  8.728, 34.992,  4.142,  0.305
 80400,  4.691,  8.047, 31.656,  3.863,  0.227
 80460,  4.760,  8.194, 32.157,  3.845,  0.297
 80520,  4.748,  7.829, 31.356,  3.769,  0.258
 80580,  4.811,  7.730, 30.793,  3.622,  0.187
 80640,  4.895,  8.470, 31.920,  3.915,  0.362
 80700,  5.126,  8.806, 32.111,  3.965,  0.389
 80760,  5.028,  9.091, 32.155,  4.215,  0.347
 80820,  5.249,  9.325, 33.087,  4.349,  0.326
 80880,  5.136,  9.041, 31.098,  4.055,  0.410
 80940,  5.101,  9.824, 29.727,  4.086,  0.424
 81000,  5.136, 10.039, 29.505,  4.234,  0.359
 81060,  5.277,  9.955, 30.868,  4.401,  0.419
 81120,  5.219, 10.773, 32.868,  4.215,  0.460
