CampaignData_and_Merges/R0/CSL_MobileLab_Parked/raw/20240727/USOS-MetNav_MobileLabGround_20240727_R0.ict
44, 1001
Carrie Womack, Nate Howard, Mike Zucker
NOAA Chemical Sciences Laboratory
Mobile Lab MetNav Station
USOS
1, 1
2024, 07, 27, 2024, 12, 21
60
Time_Start, seconds_past_midnight, Seconds from midnight UTC
11
1, 1, 1, 1, 1, 1, 1, 1, 1, 1, 1
-9999, -9999, -9999, -9999, -9999, -9999, -9999, -9999, -9999, -9999, -9999
GPS_Alt_m, meters, Altitude from Differential GPS
GPS_Course_deg, degrees, Course from Differential GPS
GPS_GndSpd_m_s, m/s, Ground Speed from Differential GPS
GPS_Heading_deg, degrees, Heading from Differential GPS
GPS_Lat_deg, degrees, Latitude from Differential GPS
GPS_Lon_deg, degrees, Longitude from Differential GPS
AirTemp_C, Celsius, Air Temperature from Airmar
RelHumidity_pct, percent, Relative Humidity from Airmar
Pressure_mb, millibars, Pressure from Honeywell
WindDir_calc_deg, degrees, Wind Direction from Airmar corrected for van movement
WindSpd_calc_m_s, m/s, Wind Speed from Airmar corrected for van movement
1
SPECIAL COMMENTS:
18
PI_CONTACT_INFO: Address: 325 Broadway R/CSL7, Boulder, CO, 80305
PLATFORM: CSL Mobile Lab
LOCATION: Salt Lake City, UT
ASSOCIATED_DATA: N/A
INSTRUMENT_INFO: N/A
DATA_INFO: Units:
UNCERTAINTY: N/A
ULOD_FLAG: -7777
ULOD_VALUE: N/A
LLOD_FLAG: -8888
LLOD_VALUE: N/A
DM_CONTACT_INFO: Data Manager: Nate Howard
PROJECT_INFO: 
STIPULATIONS_ON_USE: Use of these data require prior ok from PI.
OTHER_COMMENTS: 
REVISION: R0
R0: Final data. Fixed bug in wind averaging code. RA: Preliminary Data. For in-field use only. 
Time_Start, GPS_Alt_m, GPS_Course_deg, GPS_GndSpd_m_s, GPS_Heading_deg, GPS_Lat_deg, GPS_Lon_deg, AirTemp_C, RelHumidity_pct, Pressure_mb, WindDir_calc_deg, WindSpd_calc_m_s
[from data line 835]
50100.0,1308.5,4.50,0.05,4.50,40.73434,-111.87211,24.7,34.6,872.7,100.65,0.6
50160.0,1308.4,4.55,0.05,4.55,40.73434,-111.87211,24.8,34.3,872.8,98.31,0.4
50220.0,1308.4,4.81,0.04,4.81,40.73434,-111.87211,24.9,34.3,872.8,30.01,0.2
50280.0,1308.4,4.48,0.05,4.48,40.73434,-111.87211,25.2,34.4,872.8,159.16,0.2
50340.0,1308.4,4.01,0.05,4.01,40.73434,-111.87211,25.3,35.5,872.9,319.74,0.5
50400.0,1308.3,3.72,0.05,3.72,40.73434,-111.87211,25.4,35.9,872.9,122.05,0.4
50460.0,1308.5,3.19,0.05,3.19,40.73434,-111.87211,25.5,36.1,872.9,0.31,0.0
50520.0,1308.5,2.69,0.05,2.69,40.73434,-111.87211,25.4,36.3,872.9,302.81,0.2
50580.0,1308.3,2.19,0.05,2.19,40.73434,-111.87211,25.3,36.6,873.0,329.03,0.2
50640.0,1308.1,2.01,0.05,2.01,40.73434,-111.87211,25.1,36.9,873.0,109.56,0.4
50700.0,1308.1,2.09,0.05,2.09,40.73434,-111.87211,25.1,37.2,873.0,63.27,0.2
50760.0,1308.2,1.72,0.05,1.72,40.73434,-111.87211,24.9,37.4,873.1,76.89,0.5
50820.0,1308.3,1.59,0.05,1.59,40.73434,-111.87211,24.9,37.7,873.1,38.89,0.2
50880.0,1308.3,1.96,0.05,1.96,40.73434,-111.87211,25.0,37.9,873.1,40.58,0.3
50940.0,1308.2,1.90,0.06,1.90,40.73434,-111.87211,25.1,38.0,873.1,106.70,0.2
51000.0,1308.2,1.93,0.06,1.93,40.73434,-111.87211,25.2,37.9,873.1,36.77,0.1
51060.0,1308.3,1.90,0.05,1.90,40.73434,-111.87211,25.4,37.7,873.1,167.86,0.1
51120.0,1308.4,1.62,0.05,1.62,40.73434,-111.87211,25.5,37.7,873.1,76.07,0.5
51180.0,1308.5,1.48,0.05,1.48,40.73434,-111.87211,25.6,37.8,873.1,24.11,0.1
51240.0,1308.5,1.68,0.05,1.68,40.73434,-111.87211,25.6,37.8,873.2,287.09,0.1
51300.0,1308.5,2.03,0.05,2.03,40.73434,-111.87211,25.6,37.8,873.2,61.07,0.2
51360.0,1308.5,2.20,0.05,2.20,40.73434,-111.87211,25.5,37.9,873.3,87.50,0.3
51420.0,1308.5,2.06,0.05,2.06,40.73434,-111.87211,25.4,38.1,873.3,61.25,0.4
51480.0,1308.5,2.41,0.06,2.41,40.73434,-111.87211,25.2,38.2,873.3,87.04,0.4
51540.0,1308.5,2.32,0.06,2.32,40.73434,-111.87211,24.9,38.3,873.3,76.36,0.3
51600.0,1308.5,1.96,0.06,1.96,40.73434,-111.87211,24.8,38.7,873.3,62.20,0.3
51660.0,1308.6,1.54,0.05,1.54,40.73434,-111.87211,24.7,38.6,873.3,75.07,0.5
51720.0,1308.7,2.00,0.06,2.00,40.73434,-111.87211,24.9,38.5,873.3,85.18,0.4
51780.0,1308.7,2.41,0.06,2.41,40.73434,-111.87211,25.1,38.3,873.3,99.99,0.3
51840.0,1308.4,2.42,0.06,2.42,40.73434,-111.87211,25.2,38.3,873.3,84.05,0.4
51900.0,1308.7,2.96,0.05,2.96,40.73434,-111.87211,25.3,38.2,873.3,9.59,0.1
51960.0,1308.6,3.14,0.05,3.14,40.73434,-111.87211,25.2,38.1,873.3,76.25,0.3
52020.0,1308.8,3.16,0.06,3.16,40.73434,-111.87211,25.1,38.3,873.3,77.87,0.4
52080.0,1309.0,3.18,0.06,3.18,40.73434,-111.87211,25.0,38.3,873.3,49.93,0.1
52140.0,1309.4,3.24,0.06,3.24,40.73434,-111.87211,25.1,38.3,873.4,97.58,0.2
52200.0,1309.6,3.40,0.05,3.40,40.73434,-111.87211,25.2,38.2,873.4,111.99,0.2
52260.0,1309.8,3.63,0.05,3.63,40.73434,-111.87211,25.4,38.0,873.4,89.98,0.5
52320.0,1309.8,3.70,0.05,3.70,40.73434,-111.87211,25.5,38.2,873.3,77.12,0.5
52380.0,1309.9,3.90,0.05,3.90,40.73434,-111.87211,25.6,38.3,873.3,113.85,0.7
52440.0,1310.0,4.11,0.05,4.11,40.73434,-111.87211,25.7,38.4,873.3,100.63,0.5
52500.0,1310.1,3.84,0.04,3.84,40.73434,-111.87211,25.7,37.6,873.3,89.42,0.5
52560.0,1310.0,4.22,0.05,4.22,40.73434,-111.87211,25.8,37.5,873.3,86.56,0.5
52620.0,1310.0,4.26,0.06,4.26,40.73434,-111.87211,25.8,37.4,873.3,72.50,0.5
52680.0,1310.1,4.24,0.05,4.24,40.73434,-111.87211,26.1,37.1,873.3,104.73,0.5
52740.0,1310.2,4.13,0.05,4.13,40.73434,-111.87211,26.1,36.6,873.3,115.34,0.8
52800.0,1310.1,4.37,0.05,4.37,40.73434,-111.87211,26.2,36.3,873.3,118.70,0.8
52860.0,1310.6,4.36,0.05,4.36,40.73434,-111.87212,26.4,36.4,873.3,136.44,0.9
52920.0,1310.9,4.18,0.05,4.18,40.73434,-111.87212,26.5,36.6,873.3,126.81,1.2
52980.0,1310.7,4.01,0.06,4.01,40.73434,-111.87212,26.5,36.9,873.2,120.83,1.3
53040.0,1310.8,3.94,0.05,3.94,40.73434,-111.87212,26.5,36.3,873.2,119.82,1.3
53100.0,1311.1,3.80,0.06,3.80,40.73434,-111.87211,26.7,36.0,873.2,153.25,0.8
53160.0,1310.9,4.18,0.06,4.18,40.73434,-111.87211,26.8,36.2,873.1,145.09,1.0
53220.0,1310.7,4.19,0.05,4.19,40.73434,-111.87211,26.7,37.1,873.1,119.28,1.5
53280.0,1310.5,4.19,0.05,4.19,40.73434,-111.87211,26.6,37.6,873.1,115.32,1.0
53340.0,1310.2,3.81,0.06,3.81,40.73434,-111.87211,26.7,37.5,873.1,116.34,0.9
53400.0,1310.0,4.43,0.05,4.43,40.73434,-111.87211,26.4,36.8,873.1,118.17,1.6
53460.0,1309.8,4.41,0.06,4.41,40.73434,-111.87211,26.4,36.4,873.1,125.19,1.4
53520.0,1309.7,4.00,0.05,4.00,40.73434,-111.87211,26.3,37.4,873.1,129.65,1.6
53580.0,1309.6,3.55,0.06,3.55,40.73434,-111.87211,26.1,36.9,873.1,130.32,1.7
53640.0,1309.3,3.50,0.06,3.50,40.73434,-111.87211,26.1,36.7,873.1,116.02,1.4
53700.0,1309.3,3.67,0.06,3.67,40.73434,-111.87211,26.1,36.8,873.1,120.32,1.2
53760.0,1309.3,4.05,0.06,4.05,40.73434,-111.87211,26.1,37.1,873.1,112.64,1.3
53820.0,1309.7,3.79,0.05,3.79,40.73434,-111.87211,26.3,37.4,873.1,119.00,1.2
53880.0,1310.3,3.75,0.06,3.75,40.73434,-111.87211,26.4,37.1,873.1,121.99,1.1
53940.0,1310.1,3.91,0.05,3.91,40.73434,-111.87211,26.7,36.9,873.1,133.66,1.2
54000.0,1309.9,3.44,0.05,3.44,40.73434,-111.87211,26.8,37.6,873.1,130.94,1.5
54060.0,1309.7,3.05,0.06,3.05,40.73434,-111.87211,26.8,37.1,873.0,136.49,2.0
54120.0,1309.7,3.14,0.06,3.14,40.73434,-111.87211,26.9,36.7,873.0,130.19,1.9
54180.0,1309.5,3.19,0.06,3.19,40.73434,-111.87211,26.7,37.0,873.0,124.88,2.4
54240.0,1309.5,3.76,0.05,3.76,40.73434,-111.87211,26.9,37.1,873.0,128.75,1.6
54300.0,1309.5,3.62,0.06,3.62,40.73434,-111.87211,26.8,36.3,873.0,143.53,2.7
54360.0,1309.5,3.44,0.06,3.44,40.73434,-111.87211,26.8,36.3,873.0,145.21,2.9
54420.0,1309.6,3.52,0.06,3.52,40.73434,-111.87211,26.8,36.3,873.1,138.22,2.4
54480.0,1309.6,3.89,0.06,3.89,40.73434,-111.87211,26.8,36.6,873.2,136.99,1.9
54540.0,1309.7,3.66,0.05,3.66,40.73434,-111.87211,26.7,35.6,873.2,131.20,2.5
54600.0,1309.5,4.20,0.06,4.20,40.73434,-111.87211,26.6,35.6,873.2,122.24,2.0
54660.0,1309.4,4.26,0.05,4.26,40.73434,-111.87211,26.6,36.6,873.2,120.58,1.7
54720.0,1309.4,3.25,0.06,3.25,40.73434,-111.87211,26.5,35.9,873.2,117.36,1.9
54780.0,1309.5,3.53,0.06,3.53,40.73434,-111.87211,26.6,35.2,873.1,132.24,1.4
54840.0,1309.5,3.76,0.05,3.76,40.73434,-111.87211,26.8,34.4,873.1,111.53,0.8
54900.0,1309.5,3.42,0.05,3.42,40.73434,-111.87211,27.0,35.0,873.1,130.53,1.3
54960.0,1309.4,3.02,0.05,3.02,40.73434,-111.87211,27.0,35.6,873.1,120.55,1.3
55020.0,1309.4,2.73,0.05,2.73,40.73434,-111.87211,27.1,35.0,873.1,136.00,1.6
55080.0,1309.3,3.21,0.06,3.21,40.73434,-111.87211,27.1,34.4,873.0,144.93,2.1
55140.0,1309.2,3.60,0.06,3.60,40.73434,-111.87211,27.0,34.7,873.0,144.65,1.9
55200.0,1309.2,4.07,0.06,4.07,40.73434,-111.87211,26.9,35.3,873.0,133.64,1.9
55260.0,1309.1,3.52,0.05,3.52,40.73434,-111.87211,26.9,34.5,873.0,153.02,2.3
55320.0,1309.1,3.45,0.05,3.45,40.73434,-111.87211,26.8,34.9,873.0,132.58,2.2
55380.0,1309.3,3.31,0.05,3.31,40.73434,-111.87211,26.9,34.3,873.0,145.23,1.8
55440.0,1309.5,3.41,0.06,3.41,40.73434,-111.87211,27.1,34.4,873.0,160.71,1.5
55500.0,1309.9,3.29,0.05,3.29,40.73434,-111.87211,27.4,33.7,873.0,179.61,1.7
55560.0,1310.0,3.83,0.06,3.83,40.73434,-111.87211,27.5,33.5,873.0,140.95,2.2
55620.0,1310.0,3.43,0.05,3.43,40.73434,-111.87211,27.2,33.7,873.0,133.71,3.1
55680.0,1310.0,3.46,0.05,3.46,40.73434,-111.87211,27.2,34.0,873.0,138.64,2.1
55740.0,1309.9,3.83,0.05,3.83,40.73434,-111.87211,27.2,35.3,873.0,130.14,2.1
55800.0,1309.9,3.88,0.05,3.88,40.73434,-111.87211,27.4,34.4,873.0,170.35,1.6
55860.0,1309.7,4.06,0.05,4.06,40.73434,-111.87211,27.6,33.6,873.0,165.72,1.8
55920.0,1309.7,3.15,0.05,3.15,40.73434,-111.87211,27.6,34.2,873.0,150.88,2.6
55980.0,1309.7,3.27,0.05,3.27,40.73434,-111.87211,27.7,33.9,872.9,161.29,2.4
56040.0,1310.0,3.41,0.05,3.41,40.73434,-111.87211,27.6,34.2,872.5,163.00,1.4
56100.0,1310.0,4.00,0.05,4.00,40.73434,-111.87211,27.7,33.6,872.4,172.69,1.4
56160.0,1310.1,3.78,0.05,3.78,40.73434,-111.87211,27.7,33.5,872.4,98.02,0.5
56220.0,1310.1,3.81,0.05,3.81,40.73434,-111.87211,27.7,33.0,872.6,178.69,0.3
56280.0,1310.1,4.10,0.05,4.10,40.73434,-111.87211,28.0,31.7,872.7,135.33,0.6
56340.0,1310.0,4.05,0.05,4.05,40.73434,-111.87211,28.1,31.0,872.7,144.13,1.3
56400.0,1310.0,3.64,0.05,3.64,40.73434,-111.87211,28.2,31.1,872.8,128.10,1.5
56460.0,1309.9,2.62,0.05,2.62,40.73434,-111.87211,28.3,31.6,872.8,171.88,1.6
56520.0,1309.8,2.81,0.04,2.81,40.73434,-111.87211,28.4,31.8,872.8,180.32,1.2
56580.0,1309.7,3.19,0.04,3.19,40.73434,-111.87211,28.4,31.8,872.8,176.02,1.3
56640.0,1309.6,3.32,0.04,3.32,40.73434,-111.87211,28.5,31.9,872.8,152.83,0.7
56700.0,1309.6,3.22,0.04,3.22,40.73434,-111.87211,28.5,32.1,872.8,149.76,0.5
56760.0,1309.6,3.32,0.05,3.32,40.73434,-111.87211,28.4,32.2,872.8,136.99,0.7
56820.0,1309.5,3.28,0.04,3.28,40.73434,-111.87211,28.5,32.3,872.8,136.21,0.3
56880.0,1309.4,3.20,0.05,3.20,40.73434,-111.87211,28.5,31.7,872.8,197.98,0.4
56940.0,1309.3,3.07,0.04,3.07,40.73434,-111.87211,28.6,30.8,872.8,165.24,0.4
57000.0,1309.4,3.30,0.04,3.30,40.73434,-111.87211,28.7,30.4,872.8,147.85,0.3
57060.0,1309.4,3.19,0.04,3.19,40.73434,-111.87211,28.7,30.3,872.8,118.59,0.4
57120.0,1309.3,2.81,0.05,2.81,40.73434,-111.87211,28.8,30.5,872.8,104.41,0.2
57180.0,1309.3,3.06,0.05,3.06,40.73434,-111.87211,28.6,30.2,872.8,298.65,0.4
57240.0,1309.3,3.64,0.04,3.64,40.73434,-111.87211,28.7,30.2,872.9,130.80,0.4
57300.0,1309.3,3.44,0.05,3.44,40.73434,-111.87211,28.7,30.2,872.9,149.01,0.7
57360.0,-9999.0,-9999.00,-9999.00,-9999.00,-9999.00000,-9999.00000,-9999.0,-9999.0,-9999.0,-9999.00,-9999.0
57420.0,-9999.0,-9999.00,-9999.00,-9999.00,-9999.00000,-9999.00000,-9999.0,-9999.0,-9999.0,-9999.00,-9999.0
57480.0,-9999.0,-9999.00,-9999.00,-9999.00,-9999.00000,-9999.00000,-9999.0,-9999.0,-9999.0,-9999.00,-9999.0
57540.0,-9999.0,-9999.00,-9999.00,-9999.00,-9999.00000,-9999.00000,-9999.0,-9999.0,-9999.0,-9999.00,-9999.0
57600.0,-9999.0,-9999.00,-9999.00,-9999.00,-9999.00000,-9999.00000,-9999.0,-9999.0,-9999.0,-9999.00,-9999.0
57660.0,-9999.0,-9999.00,-9999.00,-9999.00,-9999.00000,-9999.00000,-9999.0,-9999.0,-9999.0,-9999.00,-9999.0
57720.0,-9999.0,-9999.00,-9999.00,-9999.00,-9999.00000,-9999.00000,-9999.0,-9999.0,-9999.0,-9999.00,-9999.0
57780.0,1308.9,4.74,0.05,4.74,40.73434,-111.87211,28.6,30.6,872.7,118.80,1.5
57840.0,1308.8,4.30,0.05,4.30,40.73434,-111.87211,28.7,28.9,872.6,145.22,1.8
57900.0,1308.7,4.11,0.05,4.11,40.73434,-111.87211,28.6,27.8,872.8,147.69,2.4
57960.0,1308.7,3.61,0.05,3.61,40.73434,-111.87211,28.3,27.3,873.0,105.93,1.2
58020.0,1308.7,3.82,0.05,3.82,40.73434,-111.87211,28.2,27.8,872.8,117.15,1.8
58080.0,1308.7,3.56,0.05,3.56,40.73433,-111.87211,28.0,28.4,872.7,126.71,2.3
58140.0,1308.6,3.31,0.05,3.31,40.73433,-111.87211,27.6,28.1,872.8,113.46,2.4
58200.0,1308.5,2.79,0.05,2.79,40.73434,-111.87211,27.5,28.3,872.3,113.67,1.7
58260.0,1308.5,2.11,0.04,2.11,40.73434,-111.87211,27.4,28.5,872.3,125.46,1.9
58320.0,1308.4,2.39,0.05,2.39,40.73433,-111.87211,27.3,29.0,872.6,123.47,1.6
58380.0,1308.3,2.88,0.05,2.88,40.73433,-111.87211,27.1,28.7,872.4,136.17,2.7
58440.0,1308.3,2.94,0.04,2.94,40.73433,-111.87211,26.7,29.5,872.2,120.37,3.9
58500.0,1308.2,2.66,0.05,2.66,40.73433,-111.87211,26.4,29.2,872.6,111.98,4.3
58560.0,1308.2,2.65,0.05,2.65,40.73433,-111.87210,26.1,29.5,872.7,118.04,3.7
58620.0,1308.5,2.36,0.04,2.36,40.73433,-111.87210,26.3,30.2,872.7,115.02,2.0
58680.0,1308.5,2.59,0.04,2.59,40.73433,-111.87210,26.1,30.1,872.8,111.41,2.8
58740.0,1308.5,2.86,0.05,2.86,40.73433,-111.87210,26.1,30.3,872.7,108.94,2.0
58800.0,-9999.0,-9999.00,-9999.00,-9999.00,-9999.00000,-9999.00000,-9999.0,-9999.0,-9999.0,-9999.00,-9999.0
58860.0,-9999.0,-9999.00,-9999.00,-9999.00,-9999.00000,-9999.00000,-9999.0,-9999.0,-9999.0,-9999.00,-9999.0
58920.0,-9999.0,-9999.00,-9999.00,-9999.00,-9999.00000,-9999.00000,-9999.0,-9999.0,-9999.0,-9999.00,-9999.0
58980.0,-9999.0,-9999.00,-9999.00,-9999.00,-9999.00000,-9999.00000,-9999.0,-9999.0,-9999.0,-9999.00,-9999.0
59040.0,1308.6,3.65,0.05,3.65,40.73434,-111.87210,26.3,30.6,872.8,93.91,1.3
59100.0,1308.5,3.35,0.05,3.35,40.73433,-111.87210,26.4,30.6,872.7,116.52,2.3
59160.0,1308.3,3.86,0.05,3.86,40.73434,-111.87210,26.4,30.5,872.8,110.62,3.2
59220.0,1308.2,3.94,0.04,3.94,40.73434,-111.87210,26.5,30.1,872.7,116.72,2.8
59280.0,1308.4,3.56,0.04,3.56,40.73434,-111.87210,26.8,30.6,872.7,99.98,1.3
59340.0,1308.4,3.64,0.04,3.64,40.73434,-111.87210,26.9,30.0,872.7,111.19,2.6
59400.0,1308.3,3.24,0.04,3.24,40.73434,-111.87210,27.1,29.9,872.8,109.75,2.3
59460.0,1308.3,3.29,0.04,3.29,40.73434,-111.87210,27.0,29.4,872.8,118.22,4.3
59520.0,1308.4,3.10,0.04,3.10,40.73434,-111.87210,26.8,29.2,872.8,106.98,4.3
59580.0,1308.4,3.21,0.04,3.21,40.73434,-111.87210,26.9,29.2,872.7,105.59,3.4
59640.0,1308.3,3.36,0.04,3.36,40.73434,-111.87210,26.9,29.6,872.6,107.13,3.4
59700.0,1308.3,3.51,0.04,3.51,40.73434,-111.87210,26.9,29.5,872.6,110.99,3.1
59760.0,1308.3,3.73,0.04,3.73,40.73434,-111.87210,26.9,29.6,872.5,109.56,3.3
59820.0,1308.2,3.68,0.05,3.68,40.73434,-111.87210,26.9,29.6,872.5,110.27,3.8
59880.0,1308.1,3.73,0.04,3.73,40.73434,-111.87210,27.0,29.7,872.5,101.00,1.5
59940.0,1308.1,4.12,0.05,4.12,40.73434,-111.87210,27.0,29.5,872.4,92.75,1.9
60000.0,1308.0,3.90,0.04,3.90,40.73434,-111.87210,27.0,29.7,872.4,99.59,2.5
60060.0,1308.0,4.09,0.04,4.09,40.73434,-111.87210,26.7,29.6,872.4,111.64,4.0
60120.0,1308.0,4.00,0.04,4.00,40.73434,-111.87210,26.9,30.0,872.4,103.70,2.0
60180.0,1308.0,3.67,0.05,3.67,40.73434,-111.87210,26.7,29.5,872.4,110.25,4.0
60240.0,1308.2,4.29,0.05,4.29,40.73434,-111.87210,26.5,29.8,872.3,96.39,2.7
60300.0,1310.4,4.47,0.04,4.47,40.73435,-111.87210,26.6,29.9,872.4,114.49,2.3
60360.0,1307.8,3.82,0.04,3.82,40.73434,-111.87210,26.6,30.0,872.3,109.87,2.6
60420.0,1307.9,3.87,0.05,3.87,40.73434,-111.87210,26.3,29.9,872.3,94.22,2.8
60480.0,1308.2,3.65,0.05,3.65,40.73434,-111.87210,26.5,30.4,872.4,106.57,2.3
60540.0,1308.3,3.42,0.05,3.42,40.73434,-111.87210,26.6,30.1,872.4,94.41,1.6
60600.0,1308.4,3.73,0.05,3.73,40.73434,-111.87210,26.5,29.9,872.3,118.03,3.0
60660.0,1308.4,3.98,0.05,3.98,40.73434,-111.87210,26.3,30.7,872.3,110.65,3.1
60720.0,1308.4,3.77,0.04,3.77,40.73434,-111.87210,26.1,30.3,872.3,109.35,3.2
60780.0,1308.4,3.85,0.04,3.85,40.73434,-111.87210,25.9,30.6,872.3,103.65,3.0
60840.0,1308.4,3.97,0.04,3.97,40.73434,-111.87210,25.9,30.8,872.4,110.26,3.1
60900.0,1308.1,3.60,0.05,3.60,40.73434,-111.87210,25.9,31.0,872.4,113.90,1.7
60960.0,1307.7,4.29,0.05,4.29,40.73434,-111.87210,25.8,31.0,872.4,114.39,3.5
61020.0,1308.1,4.16,0.05,4.16,40.73434,-111.87210,25.6,31.0,872.5,112.88,3.3
61080.0,1308.2,3.74,0.04,3.74,40.73434,-111.87210,25.4,31.0,872.5,110.85,4.3
61140.0,1308.2,3.53,0.05,3.53,40.73434,-111.87210,25.4,31.5,872.6,112.02,3.4
61200.0,1307.8,3.71,0.05,3.71,40.73434,-111.87210,25.3,31.9,872.7,102.98,2.3
61260.0,1307.6,3.73,0.05,3.73,40.73433,-111.87210,25.4,32.0,872.7,110.65,2.1
61320.0,1308.2,3.64,0.06,3.64,40.73434,-111.87210,25.3,31.4,872.8,90.99,1.4
61380.0,1308.7,3.34,0.04,3.34,40.73434,-111.87210,25.4,31.8,872.9,117.66,2.6
61440.0,1308.4,3.43,0.04,3.43,40.73434,-111.87210,25.2,32.2,873.0,121.84,3.4
61500.0,1308.4,3.59,0.04,3.59,40.73434,-111.87210,25.3,32.2,872.9,112.69,2.1
61560.0,1308.5,3.60,0.05,3.60,40.73434,-111.87210,25.4,32.5,872.7,124.86,1.7
61620.0,1308.7,3.13,0.04,3.13,40.73434,-111.87210,25.5,32.2,872.9,124.63,2.4
61680.0,1308.8,2.81,0.04,2.81,40.73434,-111.87210,25.6,32.8,872.9,112.25,1.7
61740.0,1308.8,2.78,0.04,2.78,40.73434,-111.87210,25.7,32.3,873.0,114.25,2.5
61800.0,1308.3,3.09,0.05,3.09,40.73434,-111.87210,25.7,32.0,873.0,112.65,3.0
61860.0,1308.3,3.00,0.05,3.00,40.73434,-111.87210,25.7,32.0,873.0,99.35,2.5
61920.0,1308.6,2.92,0.04,2.92,40.73434,-111.87210,25.6,32.0,873.0,108.80,4.1
61980.0,1308.6,2.63,0.05,2.63,40.73434,-111.87210,25.6,32.2,872.7,112.73,3.5
62040.0,1308.7,2.77,0.04,2.77,40.73434,-111.87210,25.6,32.3,872.5,109.71,3.0
62100.0,1308.3,2.92,0.05,2.92,40.73433,-111.87210,25.6,32.3,872.4,110.34,3.2
62160.0,1307.9,3.21,0.05,3.21,40.73433,-111.87210,25.6,32.4,872.2,113.87,4.4
62220.0,1307.9,3.27,0.05,3.27,40.73433,-111.87210,25.8,32.1,872.3,115.38,4.0
