CampaignData_and_Merges/R0/CSL_MobileLab_Parked/raw/20240727/USOS-Picarro-CO2-CH4-CO-H2O_MobileLabGround_20240727_R0.ict
38, 1001
Ilana Pollack, Nell Schafer, and Jeff Peischl
NOAA Chemical Sciences Laboratory
Picarro 2401-m CO2/CH4/CO/H2O Analyzer
USOS
1, 1
2024, 07, 27, 2024, 11, 20
0
StartTime_UTC, seconds_past_midnight, seconds past midnight
5
1, 1, 1, 1, 1
-9999, -9999, -9999, -9999, -9999
StopTime_UTC, seconds_past_midnight, seconds past midnight
CO2_ppm_1min, ppm, Gas_CO2_InSitu_S_DMF, carbon dioxide mixing ratio
CH4_ppb_1min, ppb, Gas_CH4_InSitu_S_DMF, methane mixing ratio
CO_ppb_1min, ppb, Gas_CO_InSitu_S_DMF, carbon monoxide mixing ratio
H2O_ppmv_1min, ppmv, Met_H2OMRV_InSitu_S_AVMR, water vapor mixing ratio
1
SPECIAL COMMENTS: N/A
18
PI_CONTACT_INFO: Address: NOAA Chemical Sciences Laboratory, Mail Stop CSL7, 325 Broadway, Boulder, CO 80305; Email: Ilana.Pollack@noaa.gov
PLATFORM: NOAA CSL Mobile Laboratory
LOCATION: The mobile lab was stationed in Salt Lake City, Utah.
ASSOCIATED_DATA: N/A
INSTRUMENT_INFO: CO2, CH4, and CO are reported as dry air mole fractions using a commercial wavelength-scanned cavity ring-down analyzer (Picarro 2401-m). An in-field calibration gas standard of 432±0.07 ppm CO2, 2095±1 ppb CH4, and 183±1 ppb CO, calibrated in the Boulder laboratories before and after the field project using primary CO2, CH4, and CO standard tanks tied to the WMO standard (X2019, X2004A, and X2014A, respectively) from the Global Monitoring Laboratory (GML), was delivered to the inlet every 2-3 days to evaluate instrument sensitivity. A H2O measurement was calibrated before the project with a Dew Point Mirror 373 hygrometer. The water correction calculated from these calibrations was applied to the H2O measurement for the entire campaign. Species are measured at 0.5 Hz and reported as 1-minute averages for stationary measurements.
DATA_INFO: Units: CO2, ppm, dry air mole fraction; CH4, ppb, dry air mole fraction; CO, ppb, dry air mole fraction; H2O, ppmv
UNCERTAINTY: Total uncertainties are estimated as ±0.1 ppm for CO2, ±1 ppb for CH4, ±5 ppb for CO, and ±(50 ppm + 4%) for H2O.
ULOD_FLAG: -7777
ULOD_VALUE: N/A
LLOD_FLAG: -8888
LLOD_VALUE: N/A
DM_CONTACT_INFO: Data Manager: Nathan Howard; nathan.h.howard@noaa.gov
PROJECT_INFO: USOS Dates of Study: July – August 2024
STIPULATIONS_ON_USE: Use of these data require prior ok from PI.
OTHER_COMMENTS: Data are averaged to 1 minute intervals. Stationary data collected from a 10 ft tower on top of the mobile van.
REVISION: R0
R0: Final Data
StartTime_UTC, StopTime_UTC, CO2_ppm_1min, CH4_ppb_1min, CO_ppb_1min, H2O_ppmv_1min
[from data line 381]
22860,22920,439.42,1955.8,172.7,13129.2207
22920,22980,439.24,1955.0,172.7,13115.4482
22980,23040,439.99,1963.9,171.5,13147.3721
23040,23100,440.06,1961.1,178.9,13073.7939
23100,23160,443.49,1963.9,205.9,13243.7178
23160,23220,451.81,1967.3,249.2,13710.9199
23220,23280,451.74,1968.5,248.6,13757.8193
23280,23340,451.42,1967.1,236.8,13741.8730
23340,23400,452.33,1967.3,235.7,13833.6846
23400,23460,452.16,1967.3,233.5,13817.7266
23460,23520,453.18,1969.4,236.8,13897.2969
23520,23580,452.84,1969.3,233.2,13801.1172
23580,23640,452.21,1968.3,226.3,13770.8252
23640,23700,450.55,1965.7,219.8,13644.8477
23700,23760,450.20,1965.0,215.5,13585.2188
23760,23820,449.59,1964.0,200.1,13519.6797
23820,23880,451.75,1965.1,203.8,13838.3350
23880,23940,451.64,1967.7,206.6,13759.9717
23940,24000,454.11,1970.4,217.6,13825.4824
24000,24060,454.32,1973.4,238.2,13887.3594
24060,24120,454.22,1976.1,258.4,13846.0527
24120,24180,451.72,1977.4,201.7,13732.7959
24180,24240,453.55,1980.3,227.3,13813.2158
24240,24300,453.26,1986.8,228.3,13840.9072
24300,24360,453.87,1985.1,218.6,13908.4561
24360,24420,453.77,1982.9,215.0,13908.1191
24420,24480,451.99,1983.9,214.0,13955.9404
24480,24540,452.36,1983.3,205.4,14016.2842
24540,24600,453.05,1983.3,203.8,14087.4258
24600,24660,453.79,1983.9,200.5,14206.4502
24660,24720,451.92,1985.1,200.7,14125.0625
24720,24780,453.78,1985.3,202.7,14211.5615
24780,24840,452.87,1984.9,198.6,14249.0869
24840,24900,454.03,1985.6,199.6,14352.8330
24900,24960,454.71,1986.6,200.3,14403.4600
24960,25020,455.70,1987.6,205.3,14401.7510
25020,25080,454.41,1988.1,217.8,14264.5146
25080,25140,452.31,1985.3,204.3,14159.6348
25140,25200,453.40,1985.7,201.0,14243.1123
25200,25260,453.00,1984.4,197.9,14225.3018
25260,25320,453.47,1984.4,194.7,14208.8398
25320,25380,453.53,1982.1,193.3,14188.7881
25380,25440,453.70,1980.9,194.4,14178.3359
25440,25500,453.81,1980.5,191.1,14253.1348
25500,25560,454.79,1979.9,192.7,14347.6484
25560,25620,454.01,1977.6,190.8,14430.8916
25620,25680,453.25,1977.5,190.4,14233.7939
25680,25740,453.17,1977.1,190.7,14156.3018
25740,25800,453.59,1976.8,191.1,14152.3545
25800,25860,451.53,1976.2,186.2,14087.0264
25860,25920,455.38,1979.3,190.4,14256.3604
25920,25980,452.58,1977.4,186.8,14129.6641
25980,26040,451.83,1977.1,187.4,14077.6416
26040,26100,452.14,1978.0,188.6,14102.5342
26100,26160,453.36,1981.8,190.0,14178.5791
26160,26220,452.25,1979.4,192.6,14136.3711
26220,26280,453.44,1979.3,193.9,14191.4629
26280,26340,454.34,1980.9,197.9,14249.5791
26340,26400,456.27,1980.3,195.1,14267.3018
26400,26460,457.31,1980.7,216.8,14332.1475
26460,26520,456.69,1981.4,239.8,14302.1338
26520,26580,454.50,1980.1,193.9,14236.4785
26580,26640,453.26,1978.7,193.8,14180.7041
26640,26700,452.85,1977.7,189.6,14125.0732
26700,26760,455.82,1979.3,192.6,14190.9189
26760,26820,457.14,1978.9,202.9,14250.0156
26820,26880,455.18,1981.6,195.9,14173.7979
26880,26940,453.15,1980.9,178.8,14124.2930
26940,27000,455.84,1985.4,184.1,14248.0811
27000,27060,451.15,1979.8,184.6,14090.3740
27060,27120,452.22,1977.0,176.4,14140.0547
27120,27180,452.50,1975.4,177.1,14191.5410
27180,27240,451.98,1973.4,173.3,14113.8555
27240,27300,447.51,1970.8,168.1,13871.1953
27300,27360,446.80,1969.3,166.5,13809.8066
27360,27420,448.38,1970.0,170.1,13886.3330
27420,27480,447.12,1969.2,166.8,13818.1504
27480,27540,446.15,1967.1,166.9,13688.6924
27540,27600,445.55,1966.1,170.5,13602.5381
27600,27660,447.43,1966.2,170.4,13745.3145
27660,27720,445.86,1964.3,169.9,13609.1895
27720,27780,445.27,1962.9,166.9,13573.7803
27780,27840,443.53,1962.4,166.1,13397.7666
27840,27900,443.52,1963.1,166.5,13427.2070
27900,27960,441.67,1960.7,170.0,13156.6016
27960,28020,442.07,1960.1,172.2,13153.1602
28020,28080,441.04,1959.8,176.4,13078.5293
28080,28140,440.59,1960.1,182.4,13030.3369
28140,28200,441.26,1959.8,184.2,13079.8848
28200,28260,440.73,1959.1,181.3,12969.8320
28260,28320,441.93,1958.5,183.2,13006.4551
28320,28380,440.50,1958.3,179.3,12910.8408
28380,28440,439.49,1957.9,182.1,12789.3555
28440,28500,441.62,1958.2,184.5,12977.9355
28500,28560,440.55,1957.8,186.9,12845.9502
28560,28620,439.70,1957.4,188.5,12758.2441
28620,28680,437.16,1956.7,188.3,12479.8213
28680,28740,436.47,1955.6,189.9,12424.5166
28740,28800,436.64,1955.2,193.7,12407.2314
28800,28860,436.90,1955.6,189.5,12457.8154
28860,28920,437.48,1955.5,194.8,12475.8916
28920,28980,437.20,1954.7,195.7,12372.3486
28980,29040,436.78,1954.3,195.0,12273.0488
29040,29100,436.60,1954.3,197.1,12239.8418
29100,29160,436.63,1954.3,198.4,12187.7227
29160,29220,436.66,1954.6,200.1,12133.5039
29220,29280,436.66,1954.6,203.3,12143.0215
29280,29340,436.44,1954.6,204.1,12120.3682
29340,29400,436.11,1954.2,205.4,12066.0596
29400,29460,435.99,1953.8,205.5,12019.2920
29460,29520,437.64,1953.8,208.4,12191.5586
29520,29580,436.05,1954.1,216.3,11948.3076
29580,29640,435.70,1953.7,208.8,11906.6572
29640,29700,436.57,1954.0,204.0,12012.3506
29700,29760,436.41,1954.3,204.4,11914.4805
29760,29820,435.68,1954.0,201.1,11787.7363
29820,29880,435.10,1952.3,198.6,11676.8574
29880,29940,435.13,1953.0,198.6,11746.3174
29940,30000,436.36,1953.6,200.4,11854.1602
30000,30060,435.95,1953.3,198.5,11770.6758
30060,30120,436.24,1953.3,198.6,11743.6094
30120,30180,436.34,1953.6,197.3,11736.0117
30180,30240,436.89,1953.6,197.0,11800.9199
30240,30300,436.68,1953.6,191.3,11658.3604
30300,30360,436.81,1954.1,190.8,11729.7412
30360,30420,436.39,1953.7,191.1,11623.9502
30420,30480,437.01,1953.7,191.5,11616.2803
30480,30540,436.44,1955.6,190.8,11601.6963
30540,30600,436.40,1953.6,187.9,11537.1855
30600,30660,439.77,1953.1,183.3,11826.8848
30660,30720,437.20,1953.0,183.1,11508.3389
30720,30780,436.52,1953.4,184.1,11438.2930
30780,30840,436.54,1954.7,190.8,11536.0791
30840,30900,436.11,1954.9,191.9,11527.2988
30900,30960,436.97,1956.8,192.8,11639.7568
30960,31020,438.33,1959.6,199.0,11837.4619
31020,31080,438.34,1959.8,205.3,11894.6279
31080,31140,439.84,1962.1,206.0,12034.4492
31140,31200,441.49,1965.6,206.7,12224.0713
31200,31260,443.35,1968.3,208.8,12473.8320
31260,31320,440.83,1966.5,215.7,12127.4619
31320,31380,439.73,1963.6,193.9,11910.8047
31380,31440,438.22,1960.4,189.8,11768.6836
31440,31500,438.38,1963.3,194.7,11926.9453
31500,31560,439.45,1970.8,192.1,12503.0498
31560,31620,440.51,1978.9,189.1,12853.9355
31620,31680,441.07,1981.6,190.4,12909.1123
31680,31740,442.03,1989.9,194.6,12949.4473
31740,31800,441.93,1989.7,194.9,12918.9902
31800,31860,441.87,1987.0,197.5,12914.6123
31860,31920,441.89,1986.2,193.2,12939.0586
31920,31980,442.20,1986.7,190.9,12989.8018
31980,32040,442.33,1988.0,188.2,13067.3848
32040,32100,442.85,1991.1,183.6,13174.2334
32100,32160,443.26,1999.7,177.9,13287.2402
32160,32220,444.23,2004.6,181.8,13358.2549
32220,32280,445.10,2010.6,174.0,13502.8545
32280,32340,446.14,2015.8,179.5,13565.7422
32340,32400,448.11,2018.9,183.9,13699.3701
32400,32460,447.80,2019.4,188.7,13805.7529
32460,32520,448.86,2022.2,191.8,13844.6055
32520,32580,449.84,2021.4,207.7,13905.3408
32580,32640,453.23,2021.6,196.4,14122.0225
32640,32700,451.43,2023.1,193.3,14095.3281
32700,32760,448.95,2032.7,189.5,13866.8232
32760,32820,447.45,2036.0,180.4,13744.5869
32820,32880,446.00,2033.3,175.2,13653.2646
32880,32940,447.30,2028.8,176.4,13716.4180
32940,33000,445.79,2030.5,167.0,13609.4746
33000,33060,443.49,2028.5,160.0,13439.0254
33060,33120,445.02,2030.1,159.4,13561.2207
33120,33180,443.97,2026.1,159.1,13487.7275
33180,33240,441.74,2031.4,155.3,13289.4395
33240,33300,444.19,2022.7,155.3,13450.4219
33300,33360,441.74,2022.9,148.5,13242.4492
33360,33420,439.23,2036.4,152.2,13225.9121
33420,33480,438.66,2033.0,144.2,13294.8467
33480,33540,438.87,2028.9,144.9,13987.5586
33540,33600,438.78,2029.0,146.7,14425.9834
33600,33660,438.78,2029.8,146.7,14205.6445
33660,33720,437.92,2031.3,143.9,13639.9814
33720,33780,440.73,2032.5,146.0,14365.1885
33780,33840,438.98,2021.1,145.6,13830.9346
33840,33900,440.48,1991.5,144.7,13905.5576
33900,33960,440.13,1983.8,145.0,13902.5801
33960,34020,440.88,1980.5,148.6,13857.2441
34020,34080,443.32,1983.1,148.2,14563.2451
34080,34140,443.39,1991.0,149.2,15365.7666
34140,34200,443.63,1993.5,152.5,15357.1738
34200,34260,444.99,1981.0,157.8,15040.5283
34260,34320,445.91,1997.5,152.4,16635.9160
34320,34380,445.76,2003.3,151.9,16943.9063
34380,34440,446.45,1989.4,156.1,16035.7881
34440,34500,447.08,1983.8,159.8,15817.7373
34500,34560,446.32,1980.6,159.2,15365.7529
34560,34620,447.65,1981.3,160.6,15740.9209
34620,34680,448.78,1981.4,160.2,16010.9883
34680,34740,449.15,1980.6,161.7,15856.0469
34740,34800,448.46,1980.0,164.8,15556.5938
34800,34860,448.22,1980.0,164.4,15457.3701
34860,34920,448.98,1980.2,162.2,15676.8232
34920,34980,447.27,1978.9,161.2,15395.3779
34980,35040,447.93,1978.5,159.7,15542.9814
35040,35100,447.49,1978.5,156.5,15440.2461
35100,35160,445.23,1975.6,156.6,15148.8789
35160,35220,444.51,1974.9,153.6,14959.3135
35220,35280,444.30,1973.9,153.3,14805.7559
35280,35340,445.76,1975.3,153.6,15064.9736
35340,35400,445.28,1975.5,152.9,15088.2168
35400,35460,444.32,1975.2,153.3,15006.6973
35460,35520,444.49,1973.3,150.2,15098.4736
35520,35580,442.60,1969.8,146.5,14852.2373
35580,35640,438.76,1965.1,138.0,14438.4160
35640,35700,437.32,1963.5,133.1,14266.0273
35700,35760,437.43,1962.9,134.9,14196.2168
35760,35820,436.60,1961.8,130.9,14068.9971
35820,35880,435.52,1961.0,131.3,13931.6211
35880,35940,436.87,1961.9,137.6,13933.6602
35940,36000,436.93,1963.7,134.4,14009.9863
36000,36060,440.48,1970.0,138.3,14425.0469
36060,36120,439.97,1972.4,136.0,14345.8184
36120,36180,440.78,1972.7,141.6,14399.9209
36180,36240,440.76,1972.8,140.6,14429.9395
36240,36300,441.73,1971.5,146.3,14547.0703
36300,36360,441.72,1971.2,143.4,14689.9258
36360,36420,443.00,1972.5,151.0,14979.6260
36420,36480,441.33,1972.0,145.4,14869.6113
36480,36540,442.74,1972.2,143.9,15005.1152
36540,36600,443.11,1971.4,144.0,15030.3838
36600,36660,444.30,1971.8,144.2,15080.0791
36660,36720,441.59,1970.2,140.2,15034.0449
36720,36780,440.22,1969.8,140.6,15067.7939
36780,36840,439.74,1971.0,140.3,15092.4619
36840,36900,440.98,1972.3,141.0,15210.9053
36900,36960,440.87,1971.4,142.3,15218.5088
36960,37020,444.44,1974.7,142.1,15403.8223
37020,37080,442.66,1975.8,140.9,15330.3076
37080,37140,444.09,1976.9,141.6,15448.6064
37140,37200,446.74,1979.8,142.4,15587.3418
37200,37260,445.60,1980.1,147.3,15522.4551
37260,37320,444.69,1981.2,145.5,15498.9932
37320,37380,444.94,1981.4,147.2,15517.2529
37380,37440,447.19,1983.1,146.9,15612.1748
37440,37500,445.38,1981.8,146.8,15553.3779
37500,37560,446.41,1983.7,199.1,15618.6113
37560,37620,446.86,1982.4,193.0,15653.1904
37620,37680,447.39,1982.1,167.7,15702.1494
37680,37740,447.21,1981.3,158.3,15721.9160
37740,37800,446.26,1981.6,158.2,15639.7881
37800,37860,447.88,1981.7,155.8,15751.2939
37860,37920,445.58,1981.7,151.2,15578.7256
37920,37980,445.56,1980.6,148.4,15417.6309
37980,38040,450.57,1981.3,149.1,15657.8320
38040,38100,446.78,1978.2,147.0,15330.4795
38100,38160,445.95,1977.2,146.4,15260.1387
38160,38220,442.21,1972.3,142.2,14902.0381
38220,38280,440.76,1971.5,141.4,14772.2852
38280,38340,440.58,1970.5,140.5,14740.9531
38340,38400,441.77,1969.9,140.1,14855.0254
38400,38460,440.82,1968.1,142.5,14723.7725
38460,38520,440.97,1967.6,146.9,14733.4424
38520,38580,439.72,1966.6,138.7,14662.6973
38580,38640,439.96,1966.6,138.0,14687.6006
38640,38700,440.30,1965.9,137.5,14714.9961
38700,38760,441.37,1965.9,137.5,14781.9756
38760,38820,440.28,1965.4,139.2,14683.4648
38820,38880,441.32,1966.4,138.4,14771.7588
38880,38940,441.35,1965.2,136.9,14708.0723
38940,39000,441.20,1964.5,138.1,14670.3818
39000,39060,440.45,1965.6,139.2,14609.9932
39060,39120,440.04,1965.6,138.3,14554.1885
39120,39180,440.14,1965.0,137.8,14498.7695
39180,39240,439.88,1964.8,139.0,14445.5127
39240,39300,439.95,1964.2,135.1,14400.1992
39300,39360,442.95,1964.3,136.6,14542.6709
39360,39420,445.99,1964.5,136.3,14632.8818
39420,39480,444.74,1964.9,135.3,14591.8281
39480,39540,439.71,1965.2,134.1,14227.8408
39540,39600,438.70,1966.7,131.5,14117.7666
39600,39660,438.27,1966.7,133.1,14031.2441
39660,39720,438.78,1965.5,131.6,14015.3291
39720,39780,441.17,1966.2,153.3,14128.9766
39780,39840,439.06,1965.8,148.6,13994.8994
39840,39900,439.62,1967.1,194.5,14004.6934
39900,39960,439.67,1967.1,179.4,14013.5430
39960,40020,439.59,1966.1,148.3,13994.2559
40020,40080,439.10,1965.5,138.5,13964.2598
40080,40140,438.06,1965.9,133.5,13909.3232
40140,40200,438.53,1965.8,133.1,13921.5742
40200,40260,439.66,1967.4,134.8,13956.1602
40260,40320,440.06,1970.3,137.9,13963.6074
40320,40380,438.86,1973.4,136.3,13833.9951
40380,40440,440.41,1974.0,137.2,13945.3828
40440,40500,440.04,1970.1,134.4,13900.2793
40500,40560,438.54,1967.8,133.1,13810.6846
40560,40620,438.13,1967.2,132.7,13782.3740
40620,40680,440.94,1967.3,135.3,13912.6182
40680,40740,443.26,1968.8,137.7,14058.1855
40740,40800,440.21,1968.5,138.2,13970.4766
40800,40860,439.27,1968.6,140.9,13883.2178
40860,40920,439.58,1968.5,137.0,13899.8369
40920,40980,439.17,1967.4,132.9,13872.1787
40980,41040,440.91,1972.0,132.5,14023.4834
41040,41100,440.57,1974.4,132.5,13966.7266
41100,41160,441.13,1975.1,132.6,13991.6699
41160,41220,441.91,1973.9,133.6,14121.0107
41220,41280,441.78,1971.6,133.9,14015.4043
41280,41340,440.36,1968.0,131.3,13900.9990
41340,41400,442.11,1972.0,134.3,14043.2051
41400,41460,441.66,1972.2,132.2,13959.7422
41460,41520,441.29,1976.0,132.8,13887.0352
41520,41580,442.49,1979.1,133.7,13995.7090
41580,41640,443.44,1985.0,134.8,14042.0596
41640,41700,443.28,1982.9,134.7,14010.4414
41700,41760,442.94,1980.8,133.1,13938.1465
41760,41820,443.48,1980.0,131.6,13943.5996
41820,41880,442.21,1978.4,129.3,13876.2520
41880,41940,443.29,1980.0,132.1,13951.4307
41940,42000,443.78,1983.1,132.8,13951.2236
42000,42060,442.59,1981.2,132.0,14018.7734
42060,42120,445.17,1986.2,134.3,14125.9502
42120,42180,446.22,1986.6,133.2,14267.9121
42180,42240,446.14,1986.7,136.7,14336.9902
42240,42300,443.57,2001.5,143.9,14654.4932
42300,42360,445.18,2002.2,142.3,14682.8398
42360,42420,445.42,2012.6,146.2,14862.5449
42420,42480,445.88,2018.3,146.9,14918.9629
42480,42540,445.88,2019.8,149.4,14993.1201
42540,42600,445.83,2021.0,149.5,14995.1719
42600,42660,445.63,2017.2,149.3,14919.4014
42660,42720,445.28,2017.4,148.6,14924.3535
42720,42780,447.03,2025.3,150.3,14960.9219
42780,42840,447.76,2026.7,150.9,14972.9795
42840,42900,446.57,2020.9,151.2,15015.4570
42900,42960,445.51,2018.7,153.1,15023.4893
42960,43020,447.19,2021.9,153.0,15067.2266
43020,43080,448.36,2024.0,155.9,15099.9766
43080,43140,446.99,2027.0,152.7,15095.6309
43140,43200,445.72,2030.0,150.5,15072.3018
43200,43260,446.22,2030.8,152.3,15105.9043
43260,43320,451.57,2028.7,151.2,15220.8232
43320,43380,447.94,2031.2,151.7,15153.5996
43380,43440,445.77,2037.5,148.1,15138.3525
43440,43500,445.36,2041.3,148.5,15164.5488
43500,43560,445.38,2042.1,148.1,15164.3945
43560,43620,445.75,2045.7,153.6,15197.5273
43620,43680,447.75,2043.7,156.2,15214.4941
43680,43740,452.51,2046.1,164.8,15250.6797
43740,43800,450.78,2046.0,160.8,15282.1787
43800,43860,449.47,2040.6,158.6,15301.3145
43860,43920,449.82,2047.2,158.9,15334.7354
43920,43980,449.77,2045.7,154.6,15242.6025
43980,44040,449.66,2035.0,156.2,15128.9365
44040,44100,451.63,2036.3,165.0,15214.2148
44100,44160,449.83,2027.1,152.6,15142.2490
44160,44220,445.84,2014.4,146.7,14808.6162
44220,44280,449.19,2021.1,148.0,14972.5166
44280,44340,449.76,2024.4,149.2,14956.6357
44340,44400,452.75,2022.9,153.3,14997.9355
44400,44460,453.79,2020.1,153.5,15000.0664
44460,44520,448.29,2019.4,146.7,14823.6523
44520,44580,448.58,2026.0,150.1,14857.0361
44580,44640,451.56,2044.8,159.0,14916.8516
44640,44700,447.20,2020.4,160.0,14638.6973
44700,44760,449.35,2021.2,152.6,14750.8818
44760,44820,450.60,2016.6,151.7,14719.0811
44820,44880,447.11,1984.1,144.6,14302.5068
44880,44940,440.28,1964.0,135.3,13846.7529
44940,45000,443.26,1970.1,137.6,14050.2852
45000,45060,440.96,1963.9,132.9,13829.3779
45060,45120,439.63,1958.5,132.1,13637.7705
