CampaignData_and_Merges/R0/CSL_MobileLab_Parked/raw/20240727/USOS-NOy-LIF_MobileLabGround_20240727_R0.ict
39,1001
Rollins, A.; Waxman, E.; Zuraski, K.; Chace, W.
NOAA Chemical Sciences Laboratory
LIF NO/NOx/NOy on CSL Mobile Lab
AMMBEC / USOS
1, 1
2024,07,27, 2025,01,04
1
Time_Start, seconds, number_of_seconds_since_0000_UTC
7
1, 1, 1, 1, 1, 1, 1
-9999, -9999, -9999, -9999, -9999, -9999, -9999
Time_Stop, seconds, number_of_seconds_since_0000_UTC
NO_LIF, pptv, Gas_NO_InSitu_S_AVMR, volume mixing ratio of nitric oxide in air
NO2_LIF, pptv, Gas_NO2_InSitu_S_AVMR, volume mixing ratio of nitrogen dioxide in air
NOy_LIF, pptv, Gas_NOy_InSitu_S_AVMR, volume mixing ratio of total oxidized nitrogen in air
NO_LIF_1SigmaAccuracy, pptv, Gas_NO_InSitu_S_AVMR, volume mixing ratio of nitric oxide in air
NO2_LIF_1SigmaAccuracy, pptv, Gas_NO2_InSitu_S_AVMR, volume mixing ratio of nitrogen dioxide in air
NOy_LIF_1SigmaAccuracy, pptv, Gas_NOy_InSitu_S_AVMR, volume mixing ratio of total oxidized nitrogen in air
0
18
PI_CONTACT_INFO: andrew.rollins@noaa.gov
PLATFORM: CSL Mobile Lab
LOCATION: Salt Lake City, UT
ASSOCIATED_DATA:
INSTRUMENT_INFO: NO detection by laser induced fluorescence. NO2 detection by photolytic conversion to NO. NOy detection by catalytic conversion to NO on gold surface
DATA_INFO:
UNCERTAINTY: Included 1 Sigma Accuracy waves represent the combined calibration uncertainties (±6%, ±9%, ±10%) and zero uncertainties (3 ppt, 20 ppt, 100 ppt) for NO, NO2, and NOy, respectively.
ULOD_FLAG: -7777
ULOD_VALUE: N/A
LLOD_FLAG: -8888
LLOD_VALUE: N/A
DM_CONTACT_INFO: andrew.rollins@noaa.gov
PROJECT_INFO: USOS Project, July - August 2024
STIPULATIONS_ON_USE: Users are strongly encouraged to contact the PI for proper data usage.
OTHER_COMMENTS:
REVISION: R0
R0: final data
Time_Start, Time_Stop, NO_LIF, NO2_LIF, NOy_LIF, NO_LIF_1SigmaAccuracy, NO2_LIF_1SigmaAccuracy, NOy_LIF_1SigmaAccuracy
[from data line 1054]
   63240,   63300,78.185,1029.6,2393.9,7.6911, 112.66, 339.39
   63300,   63360,68.916,1082.8,2462.3,7.135, 117.46, 346.23
   63360,   63420,-9999,-9999,-9999,-9999, -9999, -9999
   63420,   63480,-9999,-9999,-9999,-9999, -9999, -9999
   63480,   63540,-9999,-9999,-9999,-9999, -9999, -9999
   63540,   63600,-9999,-9999,-9999,-9999, -9999, -9999
   63600,   63660,-9999,-9999,-9999,-9999, -9999, -9999
   63660,   63720,-9999,-9999,-9999,-9999, -9999, -9999
   63720,   63780,-9999,-9999,-9999,-9999, -9999, -9999
   63780,   63840,1729.4,3898.7,5078.3,106.76, 370.88, 607.83
   63840,   63900,2958.8,5312.3,10744,180.53, 498.11, 1174.4
   63900,   63960,968.37,2407,4459.3,61.102, 236.63, 545.93
   63960,   64020,1418.4,2472.1,4692.4,88.103, 242.49, 569.24
   64020,   64080,2827.4,3808.9,11420,172.64, 362.8, 1242
   64080,   64140,2586.6,4264.7,9051.1,158.2, 403.83, 1005.1
   64140,   64200,1630.4,4157.5,10095,100.82, 394.18, 1109.5
   64200,   64260,1002.5,4591.2,7083.5,63.151, 433.21, 808.35
   64260,   64320,424.1,4171.3,6298.6,28.446, 395.42, 729.86
   64320,   64380,938.79,4897.4,7490.4,59.327, 460.77, 849.04
   64380,   64440,670.5,4659,6772,43.23, 439.31, 777.2
   64440,   64500,783.73,4556.7,7296.2,50.024, 430.1, 829.62
   64500,   64560,3600.9,6700.7,8802,219.05, 623.06, 980.2
   64560,   64620,3198.6,6542.1,14987,194.92, 608.79, 1598.7
   64620,   64680,502.98,4387.5,7493.3,33.179, 414.87, 849.33
   64680,   64740,2905.6,7146.6,10180,177.33, 663.19, 1118
   64740,   64800,759.36,4764.2,9109.5,48.562, 448.78, 1011
   64800,   64860,1336.1,5571.8,7819.6,83.167, 521.46, 881.96
   64860,   64920,1044.4,4198,7409.7,65.664, 397.82, 840.97
   64920,   64980,477.05,2441.5,4606.8,31.623, 239.74, 560.68
   64980,   65040,228.73,1849.2,3538.6,16.724, 186.42, 453.86
   65040,   65100,249.8,2056.3,3892.4,17.988, 205.06, 489.24
   65100,   65160,253.55,1489.1,3393.8,18.213, 154.02, 439.38
   65160,   65220,193.54,1445.8,3105,14.612, 150.12, 410.5
   65220,   65280,176.27,1348.3,3109.3,13.576, 141.35, 410.93
   65280,   65340,168.16,1272.3,3037.9,13.09, 134.51, 403.79
   65340,   65400,200.33,1404.8,3085.1,15.02, 146.43, 408.51
   65400,   65460,207.12,1426.8,3032.1,15.427, 148.41, 403.21
   65460,   65520,265.88,1507.1,3209.8,18.953, 155.64, 420.98
   65520,   65580,537.89,2120.3,4137.7,35.274, 210.83, 513.77
   65580,   65640,477.15,1990.7,4359.1,31.629, 199.17, 535.91
   65640,   65700,369.96,1468.4,3606.5,25.198, 152.16, 460.65
   65700,   65760,423.6,1614.2,3964.3,28.416, 165.28, 496.43
   65760,   65820,401.38,1573.4,3704.1,27.083, 161.6, 470.41
   65820,   65880,374.98,1501,3523.7,25.499, 155.09, 452.37
   65880,   65940,321.05,1255.3,3214.1,22.263, 132.98, 421.41
   65940,   66000,425.04,1551.5,3637.4,28.503, 159.64, 463.74
   66000,   66060,485.99,1797.9,4217.9,32.16, 181.81, 521.79
   66060,   66120,366.67,1446.2,3817,25, 150.16, 481.7
   66120,   66180,421.62,1402.7,3793.7,28.297, 146.24, 479.37
   66180,   66240,412.7,1441.2,3468.1,27.762, 149.71, 446.81
   66240,   66300,447.72,1485.7,3436.6,29.863, 153.71, 443.66
   66300,   66360,328.39,1267.2,3227.6,22.703, 134.05, 422.76
   66360,   66420,348.48,1287.8,3356.2,23.909, 135.9, 435.62
   66420,   66480,473.49,1469.5,3492.8,31.409, 152.25, 449.28
   66480,   66540,346.34,1401.7,4033.7,23.78, 146.15, 503.37
   66540,   66600,411.49,1541.4,3658.4,27.689, 158.73, 465.84
   66600,   66660,436.39,1717,4076.4,29.184, 174.53, 507.64
   66660,   66720,292.8,1210.9,3435.8,20.568, 128.98, 443.58
   66720,   66780,384.23,1310,3412.8,26.054, 137.9, 441.28
   66780,   66840,295.12,1104,3225.6,20.707, 119.36, 422.56
   66840,   66900,316.47,1193.2,3211.2,21.988, 127.39, 421.12
   66900,   66960,542.17,1484.5,4034.7,35.53, 153.6, 503.47
   66960,   67020,361.58,1284.9,3622,24.695, 135.64, 462.2
   67020,   67080,948.24,1964.3,4274.6,59.894, 196.78, 527.46
   67080,   67140,370.01,1297.8,3870.6,25.2, 136.8, 487.06
   67140,   67200,539.53,1358.8,3568.6,35.372, 142.29, 456.86
   67200,   67260,491.71,1629.6,4117.2,32.503, 166.67, 511.72
   67260,   67320,621.81,1699.8,4053,40.309, 172.98, 505.3
   67320,   67380,399.73,1364.4,3423.9,26.984, 142.79, 442.39
   67380,   67440,332.6,1258.6,3372.9,22.956, 133.28, 437.29
   67440,   67500,556.57,1291.4,3285.4,36.394, 136.22, 428.54
   67500,   67560,285.76,1074.5,2916,20.145, 116.7, 391.6
   67560,   67620,240.03,972.02,2770,17.402, 107.48, 377
   67620,   67680,275.42,950.45,2822.8,19.525, 105.54, 382.28
   67680,   67740,512.63,1238.3,3173.1,33.758, 131.45, 417.31
   67740,   67800,315.34,1085.9,2911.5,21.921, 117.73, 391.15
   67800,   67860,278.53,1033.9,2844.6,19.712, 113.05, 384.46
   67860,   67920,398.73,1200.3,3116.8,26.924, 128.02, 411.68
   67920,   67980,359.31,1300.6,3161.5,24.559, 137.05, 416.15
   67980,   68040,567.26,1399.6,3435.3,37.035, 145.96, 443.53
   68040,   68100,409,1299.4,3234.9,27.54, 136.94, 423.49
   68100,   68160,538.79,1141.9,2665.1,35.327, 122.77, 366.51
   68160,   68220,703.68,1496.9,3850.3,45.221, 154.72, 485.03
   68220,   68280,542,1196.6,3104.6,35.52, 127.69, 410.46
   68280,   68340,277.2,969.87,2747.7,19.632, 107.29, 374.77
   68340,   68400,1313.4,1861.3,4020.9,81.806, 187.51, 502.09
   68400,   68460,676.76,1697.7,4015.3,43.606, 172.79, 501.53
   68460,   68520,350.6,1129.3,2950.3,24.036, 121.64, 395.03
   68520,   68580,331.94,1053,2811.1,22.916, 114.77, 381.11
   68580,   68640,3614.3,3869.8,9653.7,219.86, 368.28, 1065.4
   68640,   68700,378.03,1256.2,3769.1,25.682, 133.06, 476.91
   68700,   68760,532.57,1208.1,3381,34.954, 128.73, 438.1
   68760,   68820,265.78,942.96,2587.3,18.947, 104.87, 358.73
   68820,   68880,287.85,1025.6,2762.2,20.271, 112.3, 376.22
   68880,   68940,204.36,873.38,2571.3,15.262, 98.604, 357.13
   68940,   69000,208.54,871.27,2631.4,15.512, 98.415, 363.14
   69000,   69060,493.18,1091.1,3011.8,32.591, 118.2, 401.18
   69060,   69120,350.43,954.9,2723.2,24.026, 105.94, 372.32
   69120,   69180,451.67,1225.4,2942,30.1, 130.28, 394.2
   69180,   69240,493.83,1148.7,2876.8,32.63, 123.38, 387.68
   69240,   69300,678.9,1533.6,4304.5,43.734, 158.03, 530.45
   69300,   69360,277.74,970.23,2690.6,19.664, 107.32, 369.06
   69360,   69420,236.66,943.72,2516.5,17.199, 104.93, 351.65
   69420,   69480,273.47,1038.9,2837.3,19.408, 113.5, 383.73
   69480,   69540,380.64,1195.1,2965.4,25.838, 127.56, 396.54
   69540,   69600,258.16,934.96,2614.9,18.489, 104.15, 361.49
   69600,   69660,431.82,1381.2,3320.1,28.909, 144.31, 432.01
   69660,   69720,265.68,983.45,2795.3,18.941, 108.51, 379.53
   69720,   69780,252.94,941.22,2431.5,18.177, 104.71, 343.15
   69780,   69840,579.82,1462.6,3400.6,37.789, 151.63, 440.06
   69840,   69900,209.54,801.55,2294.4,15.572, 92.139, 329.44
   69900,   69960,300.55,1077.5,2653.7,21.033, 116.98, 365.37
   69960,   70020,260,957.98,2654.2,18.6, 106.22, 365.42
   70020,   70080,190.6,830.39,2572.4,14.436, 94.735, 357.24
   70080,   70140,180.05,815.22,2344,13.803, 93.37, 334.4
   70140,   70200,651.76,1618,3064.7,42.106, 165.62, 406.47
   70200,   70260,261.82,1013.8,2573.1,18.709, 111.25, 357.31
   70260,   70320,206.21,895.91,2418.7,15.372, 100.63, 341.87
   70320,   70380,793.75,1992.3,3373.3,50.625, 199.31, 437.33
   70380,   70440,406.38,1331.9,3815.1,27.383, 139.87, 481.51
   70440,   70500,378.99,1294.3,3079.8,25.739, 136.48, 407.98
   70500,   70560,1002.1,2055.5,3812.6,63.125, 204.99, 481.26
   70560,   70620,664.35,1785,5117.3,42.861, 180.65, 611.73
   70620,   70680,285.4,1106.1,2719.8,20.124, 119.55, 371.98
   70680,   70740,384.01,1296.7,2839.6,26.04, 136.7, 383.96
   70740,   70800,319.69,1233.9,3078.5,22.181, 131.06, 407.85
   70800,   70860,211.03,906.72,2449.3,15.662, 101.6, 344.93
   70860,   70920,1235.1,2082.3,4698.3,77.106, 207.4, 569.83
   70920,   70980,290.07,1151.6,2948.9,20.404, 123.65, 394.89
   70980,   71040,313.71,1307.4,2868.4,21.823, 137.67, 386.84
   71040,   71100,308.02,1084.2,2857.3,21.481, 117.58, 385.73
   71100,   71160,315.76,1137.3,2787.6,21.946, 122.36, 378.76
   71160,   71220,420.66,1354.9,3073.2,28.24, 141.94, 407.32
   71220,   71280,307.28,1144.4,2907.9,21.437, 123, 390.79
   71280,   71340,224.7,1020.1,2537.4,16.482, 111.81, 353.74
   71340,   71400,-9999,-9999,-9999,-9999, -9999, -9999
   71400,   71460,-9999,-9999,-9999,-9999, -9999, -9999
   71460,   71520,-9999,-9999,-9999,-9999, -9999, -9999
   71520,   71580,-9999,-9999,-9999,-9999, -9999, -9999
   71580,   71640,-9999,-9999,-9999,-9999, -9999, -9999
   71640,   71700,-9999,-9999,-9999,-9999, -9999, -9999
   71700,   71760,-9999,-9999,-9999,-9999, -9999, -9999
   71760,   71820,220.54,1068.5,2869.2,16.232, 116.16, 386.92
   71820,   71880,391.6,1541.1,3237.4,26.496, 158.7, 423.74
   71880,   71940,178.11,866.09,2509.1,13.687, 97.948, 350.91
   71940,   72000,261.39,1159,2767.2,18.683, 124.31, 376.72
   72000,   72060,403.74,1527.7,3050.4,27.225, 157.49, 405.04
   72060,   72120,775.75,2514,5429.6,49.545, 246.26, 642.96
   72120,   72180,563.64,1827.7,3414.3,36.819, 184.49, 441.43
   72180,   72240,339.27,1366.8,3478.9,23.356, 143.01, 447.89
   72240,   72300,220.28,1019.5,2538,16.217, 111.75, 353.8
   72300,   72360,219.48,991.15,2538.4,16.169, 109.2, 353.84
   72360,   72420,213.37,945.98,2540,15.802, 105.14, 354
   72420,   72480,218.23,1027.7,2874.7,16.094, 112.5, 387.47
   72480,   72540,415.56,1471.2,3176.3,27.934, 152.4, 417.63
   72540,   72600,598.48,1781.8,3394.7,38.909, 180.36, 439.47
   72600,   72660,546.06,1768.8,3842,35.764, 179.2, 484.2
   72660,   72720,449.55,1305.2,3053.9,29.973, 137.46, 405.39
   72720,   72780,237.68,1093.4,2640.2,17.261, 118.41, 364.02
   72780,   72840,692.47,1439.8,3397.2,44.548, 149.59, 439.72
   72840,   72900,190.96,928.39,2470.7,14.458, 103.56, 347.07
   72900,   72960,194.86,976.99,2437.5,14.691, 107.93, 343.75
   72960,   73020,216.84,1104.3,2691.9,16.01, 119.39, 369.19
   73020,   73080,425.01,1468,3187.4,28.5, 152.12, 418.74
   73080,   73140,385.75,1867.3,3535.1,26.145, 188.05, 453.51
   73140,   73200,403.93,1825,3445.2,27.236, 184.25, 444.52
   73200,   73260,295.47,1474.5,3510,20.728, 152.71, 451
   73260,   73320,212.06,1037.3,2526.6,15.723, 113.35, 352.66
   73320,   73380,361.48,1351,2971.9,24.689, 141.59, 397.19
   73380,   73440,217.91,1083.6,2759.7,16.074, 117.53, 375.97
   73440,   73500,443.88,1365.5,3246.8,29.633, 142.9, 424.68
   73500,   73560,464.57,1575.5,3673.1,30.874, 161.8, 467.31
   73560,   73620,327.6,1452.6,3250.4,22.656, 150.74, 425.04
   73620,   73680,289.54,1294.6,3012.2,20.373, 136.51, 401.22
   73680,   73740,262.54,1135,2741.2,18.752, 122.15, 374.12
   73740,   73800,289.33,1385.2,2797.8,20.36, 144.66, 379.78
   73800,   73860,261.89,1333.7,3082.1,18.713, 140.03, 408.21
   73860,   73920,294.33,1400.8,3108.7,20.66, 146.07, 410.87
   73920,   73980,495.29,2323.2,4054.4,32.717, 229.09, 505.44
   73980,   74040,533.31,2565.9,4600.4,34.998, 250.93, 560.04
   74040,   74100,784.6,3737.9,6984.2,50.076, 356.41, 798.42
   74100,   74160,528.08,2612.9,5074.7,34.685, 255.16, 607.47
   74160,   74220,292.2,1589.6,3799.6,20.532, 163.06, 479.96
   74220,   74280,569.34,2590.7,4377.8,37.161, 253.16, 537.78
   74280,   74340,728.76,2663.3,5045.5,46.726, 259.7, 604.55
   74340,   74400,270.79,1154.1,3078.4,19.247, 123.87, 407.84
   74400,   74460,590.92,1858.6,2987,38.455, 187.28, 398.7
   74460,   74520,490.9,1952.9,4709,32.454, 195.76, 570.9
   74520,   74580,651.98,2485.7,5687.2,42.119, 243.72, 668.72
   74580,   74640,766.83,2501.5,4680.6,49.01, 245.14, 568.06
   74640,   74700,557.55,2103.5,4086.1,36.453, 209.32, 508.61
   74700,   74760,282.23,1420.7,3267.9,19.934, 147.87, 426.79
   74760,   74820,240.8,1412.1,3318.1,17.448, 147.09, 431.81
   74820,   74880,185,1236.2,3106.3,14.1, 131.25, 410.63
   74880,   74940,182.11,1083.3,2731.5,13.926, 117.5, 373.15
   74940,   75000,258.2,1490.8,3061.8,18.492, 154.17, 406.18
   75000,   75060,338.45,1900.4,3486.5,23.307, 191.04, 448.65
   75060,   75120,250.13,2005.5,3694,18.008, 200.5, 469.4
   75120,   75180,182.46,1583.6,3274.1,13.947, 162.53, 427.41
   75180,   75240,284.53,1665.4,3596.4,20.072, 169.89, 459.64
   75240,   75300,181.3,1373.9,3093.9,13.878, 143.65, 409.39
   75300,   75360,343.78,2096,3510.8,23.627, 208.64, 451.08
   75360,   75420,498.99,2203.3,4233.6,32.939, 218.3, 523.36
   75420,   75480,574.99,2919.6,5687.4,37.5, 282.77, 668.74
   75480,   75540,4182.5,7286,6653.1,253.95, 675.74, 765.31
   75540,   75600,3612.2,9971.2,15145,219.73, 917.41, 1614.5
   75600,   75660,244.58,2198.8,4477.9,17.675, 217.89, 547.79
   75660,   75720,139.92,1366.1,3008.3,11.395, 142.95, 400.83
   75720,   75780,134.65,1371.4,2801.1,11.079, 143.43, 380.11
   75780,   75840,137.85,1389.9,3105.9,11.271, 145.09, 410.59
   75840,   75900,233.13,1805.7,3474.2,16.988, 182.51, 447.42
   75900,   75960,125.91,1314.9,3006.7,10.554, 138.34, 400.67
   75960,   76020,119.39,1321.1,3047.9,10.163, 138.9, 404.79
   76020,   76080,111.08,1321.6,3011.3,9.6648, 138.95, 401.13
   76080,   76140,115.14,1420.8,3105.7,9.9083, 147.87, 410.57
   76140,   76200,113.45,1319,2955.6,9.8069, 138.71, 395.56
   76200,   76260,113.01,1346,3000.9,9.7805, 141.14, 400.09
   76260,   76320,102.62,1340,3028.6,9.1569, 140.6, 402.86
   76320,   76380,106.57,1452.6,3204.9,9.3943, 150.73, 420.49
   76380,   76440,114.24,1518.4,3156.2,9.8547, 156.66, 415.62
   76440,   76500,154.93,1887.5,3265.9,12.296, 189.88, 426.59
   76500,   76560,173.9,2042.9,3586.1,13.434, 203.86, 458.61
   76560,   76620,170.83,1752.6,3320.9,13.25, 177.73, 432.09
   76620,   76680,270.04,2002.7,3616.7,19.202, 200.24, 461.67
   76680,   76740,317.47,1911,3605.8,22.048, 191.99, 460.58
   76740,   76800,876.6,3706.4,5719.1,55.596, 353.58, 671.91
   76800,   76860,344,1942.7,4056.2,23.64, 194.85, 505.62
   76860,   76920,408.56,2159.5,3879.1,27.514, 214.35, 487.91
   76920,   76980,416.48,2363.6,4218.1,27.989, 232.73, 521.81
   76980,   77040,261.13,1583.4,3686.2,18.668, 162.5, 468.62
   77040,   77100,293.88,1965,3786.7,20.633, 196.85, 478.67
   77100,   77160,233.31,1533.2,3655.6,16.998, 157.99, 465.56
   77160,   77220,306.2,1739.5,3466.8,21.372, 176.56, 446.68
   77220,   77280,592.98,3438.1,5223.5,38.579, 329.43, 622.35
   77280,   77340,488.69,2945.6,4608.2,32.321, 285.11, 560.82
   77340,   77400,378.83,2904.1,4885.4,25.73, 281.37, 588.54
   77400,   77460,212.79,2132.9,4205.4,15.767, 211.96, 520.54
   77460,   77520,223.82,2259.8,3852.7,16.429, 223.38, 485.27
   77520,   77580,178.81,2165.4,3798.5,13.728, 214.88, 479.85
   77580,   77640,355.74,2932,4674,24.344, 283.88, 567.4
   77640,   77700,442.61,3250.7,5361,29.556, 312.56, 636.1
   77700,   77760,144.09,2028.2,4260.6,11.645, 202.54, 526.06
   77760,   77820,102.68,1682.1,3263.2,9.1606, 171.39, 426.32
   77820,   77880,99.447,1658.6,3146.3,8.9668, 169.27, 414.63
   77880,   77940,113.1,1809.3,3273.4,9.7859, 182.84, 427.34
   77940,   78000,105.81,1863.8,3326.6,9.3488, 187.74, 432.66
   78000,   78060,90.754,1677.6,3234.4,8.4453, 170.99, 423.44
   78060,   78120,75.728,1530.8,3087.7,7.5437, 157.77, 408.77
   78120,   78180,117.24,1979.5,3483.1,10.034, 198.16, 448.31
   78180,   78240,67.23,1508,3088.3,7.0338, 155.72, 408.83
   78240,   78300,72.92,1803.9,3626,7.3752, 182.35, 462.6
   78300,   78360,132,2672.7,4437.4,10.92, 260.54, 543.74
   78360,   78420,325.69,5240.4,6635.6,22.541, 491.63, 763.56
   78420,   78480,422.74,4694.6,5564.2,28.364, 442.51, 656.42
   78480,   78540,225.38,3581.7,5345.1,16.523, 342.36, 634.51
   78540,   78600,99.855,2122.8,4072,8.9913, 211.05, 507.2
   78600,   78660,1263.7,4931.8,5816.4,78.824, 463.86, 681.64
   78660,   78720,262.78,1860.2,5525,18.767, 187.41, 652.5
   78720,   78780,166.88,1761.8,3200.1,13.013, 178.56, 420.01
   78780,   78840,126.38,1841.9,3902.1,10.583, 185.77, 490.21
   78840,   78900,80.33,1662.1,3186.4,7.8198, 169.59, 418.64
   78900,   78960,89.723,2076.1,3525.1,8.3834, 206.85, 452.51
