CampaignData_and_Merges/R0/CSL_MobileLab_Parked/raw/20240727/USOS-MetNav_MobileLabGround_20240727_R0.ict
44, 1001
Carrie Womack, Nate Howard, Mike Zucker
NOAA Chemical Sciences Laboratory
Mobile Lab MetNav Station
USOS
1, 1
2024, 07, 27, 2024, 12, 21
60
Time_Start, seconds_past_midnight, Seconds from midnight UTC
11
1, 1, 1, 1, 1, 1, 1, 1, 1, 1, 1
-9999, -9999, -9999, -9999, -9999, -9999, -9999, -9999, -9999, -9999, -9999
GPS_Alt_m, meters, Altitude from Differential GPS
GPS_Course_deg, degrees, Course from Differential GPS
GPS_GndSpd_m_s, m/s, Ground Speed from Differential GPS
GPS_Heading_deg, degrees, Heading from Differential GPS
GPS_Lat_deg, degrees, Latitude from Differential GPS
GPS_Lon_deg, degrees, Longitude from Differential GPS
AirTemp_C, Celsius, Air Temperature from Airmar
RelHumidity_pct, percent, Relative Humidity from Airmar
Pressure_mb, millibars, Pressure from Honeywell
WindDir_calc_deg, degrees, Wind Direction from Airmar corrected for van movement
WindSpd_calc_m_s, m/s, Wind Speed from Airmar corrected for van movement
1
SPECIAL COMMENTS:
18
PI_CONTACT_INFO: Address: 325 Broadway R/CSL7, Boulder, CO, 80305
PLATFORM: CSL Mobile Lab
LOCATION: Salt Lake City, UT
ASSOCIATED_DATA: N/A
INSTRUMENT_INFO: N/A
DATA_INFO: Units:
UNCERTAINTY: N/A
ULOD_FLAG: -7777
ULOD_VALUE: N/A
LLOD_FLAG: -8888
LLOD_VALUE: N/A
DM_CONTACT_INFO: Data Manager: Nate Howard
PROJECT_INFO: 
STIPULATIONS_ON_USE: Use of these data require prior ok from PI.
OTHER_COMMENTS: 
REVISION: R0
R0: Final data. Fixed bug in wind averaging code. RA: Preliminary Data. For in-field use only. 
Time_Start, GPS_Alt_m, GPS_Course_deg, GPS_GndSpd_m_s, GPS_Heading_deg, GPS_Lat_deg, GPS_Lon_deg, AirTemp_C, RelHumidity_pct, Pressure_mb, WindDir_calc_deg, WindSpd_calc_m_s
[from data line 211]
12660.0,1309.3,4.29,0.05,4.29,40.73434,-111.87211,26.8,28.9,871.6,115.24,2.3
12720.0,1309.1,4.00,0.05,4.00,40.73434,-111.87211,26.8,28.9,871.6,115.75,1.4
12780.0,1309.0,3.33,0.05,3.33,40.73434,-111.87211,26.7,28.8,871.6,118.13,1.4
12840.0,1308.7,3.91,0.05,3.91,40.73434,-111.87211,26.7,29.5,871.6,120.68,2.1
12900.0,1308.7,3.54,0.05,3.54,40.73434,-111.87211,26.6,30.2,871.6,121.47,1.6
12960.0,1308.8,3.85,0.05,3.85,40.73434,-111.87211,26.5,31.6,871.6,114.55,1.5
13020.0,1309.1,4.16,0.05,4.16,40.73434,-111.87211,26.4,30.3,871.6,114.18,2.0
13080.0,1309.0,4.44,0.05,4.44,40.73434,-111.87211,26.3,30.7,871.7,99.67,1.3
13140.0,1309.0,4.46,0.05,4.46,40.73434,-111.87211,26.3,30.2,871.7,113.60,1.3
13200.0,1309.0,4.53,0.05,4.53,40.73434,-111.87211,26.3,29.9,871.7,116.78,1.6
13260.0,1308.7,4.20,0.05,4.20,40.73434,-111.87211,26.2,30.7,871.7,120.63,1.7
13320.0,1308.6,4.01,0.04,4.01,40.73434,-111.87211,26.1,31.1,871.7,99.36,1.1
13380.0,1308.7,4.16,0.05,4.16,40.73434,-111.87211,26.1,30.0,871.7,109.87,2.1
13440.0,1308.9,3.75,0.05,3.75,40.73434,-111.87211,26.0,30.4,871.7,118.74,1.7
13500.0,1308.9,3.94,0.05,3.94,40.73434,-111.87211,26.0,30.4,871.7,116.95,1.5
13560.0,1308.8,3.86,0.04,3.86,40.73434,-111.87211,25.9,30.2,871.7,113.99,1.9
13620.0,1308.8,3.81,0.05,3.81,40.73434,-111.87211,26.0,30.3,871.7,113.16,1.5
13680.0,1308.9,3.41,0.04,3.41,40.73434,-111.87211,26.0,30.2,871.7,118.57,1.8
13740.0,1308.9,3.75,0.04,3.75,40.73434,-111.87211,25.9,30.4,871.6,108.73,1.7
13800.0,1308.8,3.81,0.05,3.81,40.73434,-111.87211,25.9,30.7,871.6,115.05,1.3
13860.0,1308.9,3.52,0.05,3.52,40.73434,-111.87211,25.8,30.2,871.6,112.61,1.9
13920.0,1309.0,3.72,0.04,3.72,40.73434,-111.87211,25.8,30.0,871.6,101.76,1.4
13980.0,1309.0,3.80,0.04,3.80,40.73434,-111.87211,25.8,30.5,871.6,119.79,1.3
14040.0,1309.1,3.40,0.05,3.40,40.73434,-111.87211,25.8,30.4,871.6,115.01,1.5
14100.0,1309.1,3.38,0.05,3.38,40.73434,-111.87211,25.8,30.0,871.6,111.65,1.2
14160.0,1309.2,3.31,0.05,3.31,40.73434,-111.87211,25.8,29.9,871.6,110.70,1.7
14220.0,1309.3,2.61,0.05,2.61,40.73434,-111.87211,25.8,29.9,871.6,117.98,1.4
14280.0,1309.3,2.94,0.05,2.94,40.73434,-111.87211,25.8,29.7,871.6,113.52,2.1
14340.0,1309.2,2.92,0.05,2.92,40.73434,-111.87211,25.8,29.9,871.6,113.95,1.6
14400.0,1309.1,3.52,0.05,3.52,40.73434,-111.87211,25.7,29.8,871.6,110.85,2.2
14460.0,1308.9,4.01,0.04,4.01,40.73434,-111.87211,25.7,30.3,871.6,118.29,1.9
14520.0,1308.8,4.48,0.04,4.48,40.73434,-111.87211,25.8,30.1,871.6,112.36,1.2
14580.0,1308.7,4.70,0.05,4.70,40.73434,-111.87211,25.7,30.0,871.6,123.28,2.5
14640.0,1308.7,4.76,0.05,4.76,40.73434,-111.87211,25.7,30.3,871.6,117.05,1.7
14700.0,1308.7,5.22,0.05,5.22,40.73434,-111.87211,25.7,30.3,871.5,124.07,1.9
14760.0,1308.7,4.76,0.05,4.76,40.73434,-111.87211,25.6,30.4,871.5,116.62,1.5
14820.0,1308.6,4.21,0.05,4.21,40.73434,-111.87211,25.6,30.6,871.5,110.61,1.6
14880.0,1308.7,3.94,0.05,3.94,40.73434,-111.87211,25.6,30.1,871.5,115.12,2.2
14940.0,1308.6,3.39,0.05,3.39,40.73434,-111.87211,25.6,30.9,871.6,112.82,1.6
15000.0,1308.8,3.42,0.05,3.42,40.73434,-111.87211,25.6,30.5,871.6,117.94,1.6
15060.0,1308.8,3.28,0.06,3.28,40.73434,-111.87211,25.6,30.5,871.6,118.22,1.6
15120.0,1308.8,3.36,0.07,3.36,40.73434,-111.87211,25.6,30.4,871.6,117.88,1.9
15180.0,1308.3,3.32,0.06,3.32,40.73434,-111.87211,25.5,30.0,871.6,102.56,1.5
15240.0,1307.8,3.68,0.05,3.68,40.73434,-111.87211,25.5,30.5,871.5,122.53,2.0
15300.0,1308.1,3.84,0.05,3.84,40.73434,-111.87211,25.5,31.0,871.5,120.91,1.4
15360.0,1308.1,3.82,0.05,3.82,40.73434,-111.87211,25.5,31.0,871.7,120.45,1.3
15420.0,1308.5,3.56,0.05,3.56,40.73434,-111.87211,25.5,31.0,871.7,117.08,1.4
15480.0,1308.5,3.31,0.05,3.31,40.73434,-111.87211,25.4,30.2,871.7,109.03,1.5
15540.0,1308.3,3.60,0.05,3.60,40.73434,-111.87211,25.4,30.4,871.7,113.89,1.8
15600.0,1308.1,4.43,0.05,4.43,40.73434,-111.87211,25.4,30.6,871.7,119.71,2.1
15660.0,1308.4,5.06,0.06,5.06,40.73434,-111.87211,25.4,30.6,871.7,120.44,1.7
15720.0,1308.6,5.04,0.06,5.04,40.73434,-111.87211,25.4,30.1,871.7,124.70,1.8
15780.0,1308.7,4.56,0.05,4.56,40.73434,-111.87211,25.3,30.1,871.6,113.32,2.2
15840.0,1308.7,3.83,0.05,3.83,40.73434,-111.87211,25.3,30.1,871.6,109.50,1.6
15900.0,1308.6,3.79,0.06,3.79,40.73434,-111.87211,25.4,30.1,871.6,111.82,1.6
15960.0,1308.6,3.96,0.05,3.96,40.73434,-111.87211,25.3,29.9,871.6,114.81,1.6
16020.0,1308.6,3.85,0.05,3.85,40.73434,-111.87211,25.3,30.2,871.6,113.63,1.8
16080.0,1308.7,3.62,0.05,3.62,40.73434,-111.87211,25.3,30.3,871.6,117.89,1.9
16140.0,1308.6,3.52,0.05,3.52,40.73434,-111.87211,25.3,30.1,871.6,106.72,1.6
16200.0,1308.5,3.58,0.05,3.58,40.73434,-111.87211,25.3,30.2,871.6,122.55,1.9
16260.0,1308.8,3.58,0.05,3.58,40.73434,-111.87211,25.3,30.1,871.6,113.48,2.2
16320.0,1308.9,3.28,0.05,3.28,40.73434,-111.87211,25.3,30.0,871.6,93.36,1.3
16380.0,1309.1,2.92,0.05,2.92,40.73434,-111.87211,25.3,29.7,871.7,113.45,2.3
16440.0,1308.9,3.26,0.05,3.26,40.73434,-111.87211,25.4,29.8,871.7,120.40,1.9
16500.0,1309.4,3.30,0.04,3.30,40.73434,-111.87211,25.4,30.0,871.7,117.10,1.6
16560.0,1309.3,2.67,0.05,2.67,40.73434,-111.87211,25.4,30.2,871.6,121.87,1.9
16620.0,1309.2,3.29,0.05,3.29,40.73434,-111.87211,25.4,30.0,871.6,117.26,2.1
16680.0,1308.9,3.15,0.05,3.15,40.73434,-111.87211,25.4,30.2,871.6,120.66,2.0
16740.0,1308.9,3.14,0.05,3.14,40.73434,-111.87211,25.3,30.0,871.6,118.69,2.6
16800.0,1308.8,3.86,0.06,3.86,40.73433,-111.87211,25.3,30.1,871.6,120.93,2.3
16860.0,1308.9,3.36,0.05,3.36,40.73433,-111.87211,25.3,30.2,871.6,105.18,1.4
16920.0,1308.8,3.45,0.05,3.45,40.73434,-111.87211,25.3,30.0,871.6,108.26,1.8
16980.0,1308.8,3.51,0.06,3.51,40.73434,-111.87211,25.4,29.6,871.6,97.04,1.4
17040.0,1308.8,3.34,0.05,3.34,40.73434,-111.87211,25.3,29.8,871.6,113.71,2.0
17100.0,1308.8,3.32,0.06,3.32,40.73434,-111.87211,25.3,29.7,871.6,105.98,2.1
17160.0,1308.8,3.29,0.05,3.29,40.73434,-111.87211,25.3,29.9,871.6,114.51,2.3
17220.0,1308.8,3.25,0.05,3.25,40.73434,-111.87211,25.3,30.1,871.6,122.47,2.6
17280.0,1308.9,3.17,0.05,3.17,40.73434,-111.87211,25.3,30.0,871.6,121.29,2.1
17340.0,1308.8,3.29,0.05,3.29,40.73434,-111.87211,25.3,30.4,871.6,129.98,1.9
17400.0,1308.9,3.59,0.06,3.59,40.73434,-111.87211,25.3,30.4,871.6,122.70,1.9
17460.0,1308.8,3.53,0.06,3.53,40.73434,-111.87211,25.3,30.1,871.6,115.37,1.6
17520.0,1308.9,3.50,0.05,3.50,40.73434,-111.87211,25.3,29.9,871.6,130.83,1.7
17580.0,1308.8,3.15,0.04,3.15,40.73434,-111.87211,25.3,30.4,871.6,117.86,1.9
17640.0,1308.7,3.29,0.05,3.29,40.73434,-111.87211,25.3,30.3,871.6,124.20,2.4
17700.0,1308.8,3.47,0.05,3.47,40.73434,-111.87211,25.2,30.4,871.6,123.99,2.0
17760.0,1308.9,3.40,0.05,3.40,40.73434,-111.87211,25.3,30.2,871.6,129.65,2.1
17820.0,1308.8,3.16,0.05,3.16,40.73434,-111.87211,25.3,30.3,871.6,125.50,2.2
17880.0,1308.8,2.87,0.05,2.87,40.73435,-111.87211,25.3,30.2,871.7,123.24,1.9
17940.0,1309.0,3.28,0.05,3.28,40.73435,-111.87211,25.3,30.1,871.7,123.82,1.8
18000.0,1308.8,3.78,0.05,3.78,40.73434,-111.87211,25.3,31.3,871.7,135.47,1.7
18060.0,1308.3,3.59,0.05,3.59,40.73434,-111.87211,25.3,30.0,871.7,125.93,2.4
18120.0,1307.3,3.27,0.05,3.27,40.73434,-111.87211,25.3,30.0,871.7,129.99,1.6
18180.0,1307.2,3.12,0.05,3.12,40.73434,-111.87211,25.3,30.4,871.7,129.99,1.5
18240.0,1307.2,3.08,0.04,3.08,40.73434,-111.87211,25.3,29.7,871.7,119.72,1.4
18300.0,1307.0,2.98,0.05,2.98,40.73433,-111.87211,25.4,30.2,871.7,135.38,1.6
18360.0,1306.9,3.16,0.04,3.16,40.73433,-111.87211,25.4,29.7,871.7,125.15,2.2
18420.0,1306.9,3.03,0.04,3.03,40.73434,-111.87211,25.4,29.9,871.6,115.91,1.8
18480.0,1306.9,2.80,0.05,2.80,40.73434,-111.87211,25.4,30.5,871.6,143.29,1.6
18540.0,1306.9,2.83,0.04,2.83,40.73434,-111.87211,25.4,29.8,871.7,123.42,2.8
18600.0,1307.0,2.78,0.04,2.78,40.73434,-111.87211,25.4,29.5,871.7,125.10,2.0
18660.0,1307.2,2.80,0.05,2.80,40.73434,-111.87211,25.4,30.2,871.7,124.05,1.3
18720.0,1307.2,2.53,0.04,2.53,40.73434,-111.87211,25.4,30.7,871.7,140.51,2.0
18780.0,1307.2,2.46,0.05,2.46,40.73434,-111.87211,25.4,29.7,871.7,125.31,2.2
18840.0,1307.3,2.68,0.04,2.68,40.73434,-111.87211,25.4,30.7,871.7,127.94,1.9
18900.0,1307.3,2.39,0.04,2.39,40.73434,-111.87211,25.4,31.0,871.7,128.19,1.5
18960.0,1307.3,2.01,0.05,2.01,40.73434,-111.87211,25.3,30.5,871.7,122.02,1.6
19020.0,1307.4,2.11,0.05,2.11,40.73434,-111.87211,25.4,29.9,871.7,131.21,1.5
19080.0,1307.5,2.34,0.04,2.34,40.73434,-111.87211,25.4,30.7,871.7,135.63,1.6
19140.0,1307.5,2.13,0.04,2.13,40.73434,-111.87211,25.4,30.2,871.7,114.94,1.2
19200.0,1307.6,2.07,0.04,2.07,40.73434,-111.87211,25.3,30.9,871.8,134.36,1.9
19260.0,1307.6,1.91,0.05,1.91,40.73434,-111.87211,25.4,29.6,871.7,141.05,1.9
19320.0,1307.8,1.41,0.05,1.41,40.73434,-111.87211,25.4,30.0,871.7,137.13,1.8
19380.0,1308.0,1.58,0.04,1.58,40.73434,-111.87211,25.4,31.5,871.7,117.58,1.4
19440.0,1308.0,1.80,0.04,1.80,40.73434,-111.87211,25.4,30.3,871.7,121.55,2.3
19500.0,1308.0,2.20,0.05,2.20,40.73434,-111.87211,25.4,30.4,871.7,89.73,0.8
19560.0,1308.2,2.07,0.05,2.07,40.73434,-111.87211,25.4,29.7,871.7,114.78,1.6
19620.0,1308.3,1.65,0.05,1.65,40.73434,-111.87211,25.5,29.3,871.7,130.93,1.5
19680.0,1308.3,1.60,0.05,1.60,40.73434,-111.87211,25.5,29.6,871.7,114.17,1.1
19740.0,1308.4,2.14,0.05,2.14,40.73434,-111.87211,25.5,29.4,871.7,126.12,1.7
19800.0,1308.4,2.27,0.05,2.27,40.73434,-111.87211,25.5,29.2,871.7,113.42,1.4
19860.0,1308.5,1.61,0.05,1.61,40.73434,-111.87211,25.5,29.8,871.6,120.21,1.4
19920.0,1308.6,1.43,0.04,1.43,40.73434,-111.87212,25.5,29.1,871.6,112.68,2.1
19980.0,1309.1,1.91,0.05,1.91,40.73434,-111.87212,25.5,29.1,871.6,109.79,1.8
20040.0,1309.2,2.20,0.05,2.20,40.73434,-111.87212,25.6,29.2,871.6,128.15,1.6
20100.0,1309.1,2.32,0.05,2.32,40.73434,-111.87212,25.6,29.4,871.6,121.73,1.5
20160.0,1308.8,2.36,0.04,2.36,40.73434,-111.87212,25.5,30.1,871.5,119.18,1.6
20220.0,1308.8,2.74,0.05,2.74,40.73434,-111.87212,25.5,29.0,871.5,118.71,2.7
20280.0,1309.2,2.92,0.04,2.92,40.73434,-111.87211,25.5,29.7,871.5,122.39,1.5
20340.0,1309.7,3.03,0.04,3.03,40.73434,-111.87211,25.6,28.8,871.5,117.71,2.1
20400.0,1309.8,2.98,0.05,2.98,40.73434,-111.87211,25.5,29.6,871.5,127.89,2.0
20460.0,1309.8,3.45,0.05,3.45,40.73434,-111.87211,25.5,30.0,871.5,124.82,1.8
20520.0,1309.9,3.83,0.04,3.83,40.73434,-111.87211,25.6,28.6,871.5,122.91,1.7
20580.0,1309.8,3.50,0.04,3.50,40.73434,-111.87211,25.6,28.8,871.5,124.38,1.8
20640.0,1309.8,3.12,0.05,3.12,40.73434,-111.87211,25.6,28.7,871.5,131.77,1.5
20700.0,1310.0,3.19,0.05,3.19,40.73434,-111.87211,25.6,28.9,871.5,136.32,1.4
20760.0,1310.3,3.44,0.05,3.44,40.73434,-111.87211,25.7,29.0,871.5,143.16,1.9
20820.0,1310.2,3.60,0.04,3.60,40.73434,-111.87211,25.7,28.7,871.6,136.75,1.1
20880.0,1310.1,3.02,0.04,3.02,40.73434,-111.87211,25.7,28.5,871.6,118.59,1.6
20940.0,1310.0,3.07,0.04,3.07,40.73434,-111.87211,25.8,28.7,871.5,133.88,1.8
21000.0,1309.9,3.08,0.04,3.08,40.73434,-111.87211,25.8,28.6,871.5,138.46,1.3
21060.0,1309.9,3.53,0.05,3.53,40.73434,-111.87211,25.9,29.2,871.6,144.55,2.0
21120.0,1310.0,3.36,0.04,3.36,40.73434,-111.87211,25.9,28.8,871.6,139.13,2.0
21180.0,1310.0,3.43,0.05,3.43,40.73434,-111.87211,25.8,28.9,871.6,123.17,1.9
21240.0,1309.8,3.60,0.04,3.60,40.73434,-111.87211,25.8,29.4,871.6,146.64,1.9
21300.0,1309.7,3.51,0.04,3.51,40.73434,-111.87211,25.8,29.3,871.6,145.55,1.9
21360.0,1309.7,3.07,0.04,3.07,40.73434,-111.87211,25.8,29.6,871.6,134.37,1.8
21420.0,1309.7,2.95,0.04,2.95,40.73434,-111.87211,25.8,29.0,871.5,135.75,2.1
21480.0,1309.8,3.33,0.05,3.33,40.73434,-111.87211,25.8,29.5,871.5,149.39,2.8
21540.0,1309.9,4.06,0.04,4.06,40.73434,-111.87211,25.7,29.2,871.5,137.24,2.6
21600.0,1309.7,3.74,0.04,3.74,40.73434,-111.87211,25.7,29.8,871.5,136.96,2.5
21660.0,1309.8,3.82,0.04,3.82,40.73434,-111.87211,25.6,29.5,871.5,125.31,2.0
21720.0,1309.8,3.94,0.04,3.94,40.73434,-111.87211,25.6,29.9,871.5,139.75,2.4
21780.0,1309.8,3.12,0.04,3.12,40.73434,-111.87211,25.6,30.0,871.4,125.64,1.3
21840.0,1309.7,3.25,0.04,3.25,40.73434,-111.87211,25.6,30.0,871.4,129.22,2.0
21900.0,1309.6,3.29,0.04,3.29,40.73434,-111.87211,25.5,29.6,871.4,125.30,1.9
21960.0,1309.6,3.46,0.04,3.46,40.73434,-111.87211,25.5,29.4,871.4,127.62,1.6
22020.0,1309.6,3.46,0.04,3.46,40.73434,-111.87211,25.5,29.5,871.4,132.69,2.5
22080.0,1309.6,3.07,0.04,3.07,40.73434,-111.87211,25.5,29.5,871.4,131.33,2.3
22140.0,1309.4,3.40,0.04,3.40,40.73434,-111.87211,25.5,29.8,871.5,129.46,2.2
22200.0,1309.3,3.81,0.04,3.81,40.73434,-111.87211,25.5,29.9,871.5,134.59,1.9
22260.0,1309.3,3.72,0.04,3.72,40.73434,-111.87211,25.5,29.4,871.5,140.68,2.2
22320.0,1309.2,3.78,0.05,3.78,40.73434,-111.87211,25.5,29.8,871.5,139.25,2.1
22380.0,1309.0,4.04,0.05,4.04,40.73434,-111.87211,25.6,29.2,871.6,143.12,2.0
22440.0,1308.8,3.87,0.05,3.87,40.73434,-111.87211,25.6,30.2,871.6,138.15,1.8
22500.0,1308.8,3.12,0.04,3.12,40.73434,-111.87211,25.6,30.3,871.6,140.64,1.5
22560.0,1308.8,2.95,0.04,2.95,40.73434,-111.87211,25.6,29.6,871.6,141.67,1.9
22620.0,1308.7,3.50,0.04,3.50,40.73434,-111.87211,25.6,30.0,871.6,136.61,1.7
22680.0,1308.5,3.84,0.04,3.84,40.73434,-111.87211,25.6,29.1,871.6,137.36,2.1
22740.0,1308.4,3.08,0.04,3.08,40.73434,-111.87211,25.7,29.4,871.6,141.79,2.0
22800.0,1308.2,3.23,0.04,3.23,40.73434,-111.87211,25.6,29.8,871.6,134.54,2.4
22860.0,1308.3,3.28,0.05,3.28,40.73434,-111.87211,25.6,28.7,871.6,127.35,2.8
22920.0,1308.3,3.38,0.05,3.38,40.73434,-111.87211,25.7,29.4,871.7,140.93,2.1
22980.0,1308.3,3.01,0.05,3.01,40.73434,-111.87211,25.8,29.2,871.7,151.42,1.7
23040.0,1308.3,3.17,0.05,3.17,40.73434,-111.87211,25.8,29.1,871.7,165.03,1.7
23100.0,1308.3,3.31,0.05,3.31,40.73434,-111.87211,26.0,28.4,871.8,181.55,1.7
23160.0,1308.3,3.65,0.05,3.65,40.73434,-111.87211,26.2,28.8,871.9,179.60,1.4
23220.0,1308.3,3.80,0.05,3.80,40.73434,-111.87211,26.4,28.9,871.9,175.17,1.1
23280.0,1308.3,4.01,0.05,4.01,40.73434,-111.87211,26.6,28.6,872.0,170.58,1.0
23340.0,1308.5,4.01,0.05,4.01,40.73434,-111.87211,26.7,28.5,872.0,168.81,2.6
23400.0,1308.6,3.67,0.05,3.67,40.73434,-111.87211,26.6,29.2,872.0,150.19,2.4
23460.0,1308.7,3.60,0.05,3.60,40.73434,-111.87211,26.6,29.1,872.1,154.51,2.2
23520.0,1308.6,3.59,0.06,3.59,40.73434,-111.87211,26.5,29.3,872.1,170.64,1.6
23580.0,1308.6,4.02,0.05,4.02,40.73434,-111.87211,26.5,29.0,872.2,180.96,2.3
23640.0,1308.8,3.89,0.05,3.89,40.73434,-111.87211,26.5,29.0,872.3,172.27,2.5
23700.0,1308.8,3.60,0.05,3.60,40.73434,-111.87211,26.4,28.8,872.4,179.06,2.8
23760.0,1308.8,3.45,0.05,3.45,40.73434,-111.87211,26.4,28.7,872.4,181.85,3.1
23820.0,1308.9,3.77,0.05,3.77,40.73434,-111.87211,26.4,28.8,872.4,162.30,3.5
23880.0,1308.8,3.92,0.06,3.92,40.73434,-111.87211,26.3,30.0,872.4,139.51,2.5
23940.0,1309.0,4.00,0.05,4.00,40.73434,-111.87211,26.2,29.4,872.4,138.26,3.1
24000.0,1309.1,3.81,0.05,3.81,40.73434,-111.87211,26.1,29.8,872.3,132.78,2.5
24060.0,1309.2,3.57,0.05,3.57,40.73434,-111.87211,26.0,29.9,872.3,125.74,2.6
24120.0,1308.9,3.11,0.04,3.11,40.73434,-111.87211,26.0,29.6,872.2,116.10,1.7
24180.0,1308.6,3.48,0.04,3.48,40.73434,-111.87211,26.0,29.5,872.2,120.26,1.7
24240.0,1308.7,3.72,0.05,3.72,40.73434,-111.87211,25.9,29.8,872.2,121.20,2.4
24300.0,1308.9,3.64,0.04,3.64,40.73434,-111.87211,25.9,29.7,872.2,125.44,2.4
24360.0,1309.1,3.31,0.04,3.31,40.73434,-111.87211,25.9,29.9,872.1,116.95,1.8
24420.0,1309.2,3.35,0.05,3.35,40.73434,-111.87211,25.8,29.8,872.1,113.52,1.9
24480.0,1309.0,3.40,0.04,3.40,40.73434,-111.87211,25.8,29.8,872.0,110.80,1.4
24540.0,1309.0,3.25,0.04,3.25,40.73434,-111.87211,25.8,29.9,872.0,112.95,1.5
24600.0,1309.1,2.73,0.04,2.73,40.73434,-111.87211,25.8,30.1,871.9,122.02,1.6
24660.0,1309.2,3.45,0.05,3.45,40.73434,-111.87211,25.8,30.2,871.9,107.32,1.6
24720.0,1309.2,3.04,0.05,3.04,40.73434,-111.87211,25.9,30.0,871.9,115.52,1.3
24780.0,1309.2,2.52,0.04,2.52,40.73434,-111.87211,25.8,30.0,871.9,111.94,2.0
24840.0,1309.4,2.58,0.04,2.58,40.73434,-111.87211,25.9,30.4,871.8,118.69,1.6
24900.0,1309.5,2.56,0.04,2.56,40.73434,-111.87211,25.9,30.4,871.8,120.77,1.4
24960.0,1309.6,2.68,0.04,2.68,40.73434,-111.87211,25.9,30.7,871.8,118.05,1.1
25020.0,1309.7,2.71,0.04,2.71,40.73434,-111.87211,25.8,30.1,871.8,98.85,1.2
