CampaignData_and_Merges/R0/CSL_MobileLab_Parked/raw/20240727/USOS-NOAAIodideCIMS-OrgNitrs_MobileLabGround_20240727_RA.ict
37, 1001
Michael A Robinson, Chris Jernigan, Subi Thakali
NOAA ESRL Chemical Sciences Laboratory and CIRES, U. of Colorado
NOAA Iodide CIMS Instrument
USOS
1, 1
2024, 07, 27, 2024, 07, 28
1
starttime_UTC, seconds_past_midnight, seconds_of_day_since_00:00:00_UTC
5
1, 1, 1, 1, 1
-9999, -9999, -9999, -9999, -9999
C4H7NO5_NOAACIMS, pptv, Gas_C4H7NO5_InSitu_S_AVMR, 
ISOPN_NOAACIMS, pptv, Gas_ISOPN_InSitu_S_AVMR, 
C5H10O3_NOAACIMS, pptv, Gas_C5H10O3_InSitu_S_AVMR, 
C5H9NO5_NOAACIMS, pptv, Gas_C5H9NO5_InSitu_S_AVMR, 
C10H17NO4_NOAACIMS, pptv, Gas_C10H17NO4_InSitu_S_AVMR, 
0
18
PI_CONTACT_INFO: 325 Broadway, R/CSD 7, Boulder, Colorado 80305; michael.a.robinson@noaa.gov; chris.jernigan@noaa.gov;
PLATFORM: NOAA CSL Mobile Lab
LOCATION: SLC, Utah
ASSOCIATED_DATA: 1Hz data also available on request.
INSTRUMENT_INFO: NOAA I- ToF CIMS
DATA_INFO: All data in parts per trillion by volume (pptv). 1 Hz data is available upon request.
UNCERTAINTY: TBD
ULOD_FLAG: -7777
ULOD_VALUE: N/A
LLOD_FLAG: -8888
LLOD_VALUE: N/A
DM_CONTACT_INFO: Nathan Howard; nathan.h.howard@noaa.gov
PROJECT_INFO: USOS, summer 2024. https://csl.noaa.gov/groups/csl7/measurements/2024usos/
STIPULATIONS_ON_USE: Users are strongly encouraged to contact the PI for proper data usage.
OTHER_COMMENTS: 
REVISION: RA
RA: Preliminary Data; For in-field use only
starttime_UTC, C4H7NO5_NOAACIMS, ISOPN_NOAACIMS, C5H10O3_NOAACIMS, C5H9NO5_NOAACIMS, C10H17NO4_NOAACIMS
[from data line 678]
 40680,  2.466,  2.293, 19.977,  4.339,  0.639
 40740,  2.495,  2.443, 19.067,  4.463,  0.672
 40800,  2.525,  2.185, 18.726,  4.528,  0.584
 40860,  2.554,  2.501, 21.453,  4.511,  0.698
 40920,  2.519,  2.665, 21.435,  4.496,  0.669
 40980,  2.531,  1.922, 19.827,  4.501,  0.627
 41040,  2.474,  2.253, 22.624,  4.495,  0.648
 41100,  2.448,  2.204, 19.710,  4.215,  0.646
 41160,  2.377,  2.165, 19.906,  4.153,  0.534
 41220,  2.365,  2.369, 22.503,  4.198,  0.694
 41280,  2.398,  2.315, 21.287,  4.415,  0.690
 41340, -9999.000, -9999.000, -9999.000, -9999.000, -9999.000
 41400,  2.334,  2.295, 19.755,  4.071,  0.714
 41460,  2.290,  1.999, 18.812,  3.917,  0.551
 41520,  2.265,  1.886, 18.451,  4.059,  0.533
 41580,  2.307,  1.972, 21.430,  3.980,  0.613
 41640,  2.305,  1.874, 21.407,  4.021,  0.606
 41700,  2.251,  1.999, 19.414,  4.103,  0.600
 41760,  2.262,  2.157, 19.845,  4.208,  0.533
 41820,  2.292,  2.127, 19.953,  4.210,  0.577
 41880,  2.271,  1.979, 18.560,  4.146,  0.681
 41940,  2.323,  1.932, 21.080,  4.141,  0.657
 42000,  2.264,  2.066, 21.184,  4.055,  0.667
 42060,  2.357,  1.917, 19.876,  4.106,  0.699
 42120,  2.318,  1.958, 19.472,  4.076,  0.667
 42180,  2.253,  2.116, 20.422,  3.991,  0.662
 42240,  2.284,  1.802, 21.016,  4.133,  0.684
 42300,  2.479,  1.930, 22.326,  4.490,  0.887
 42360,  2.404,  1.931, 22.260,  4.374,  0.989
 42420,  2.367,  1.782, 21.142,  4.338,  0.958
 42480,  2.408,  2.097, 20.683,  4.300,  1.021
 42540,  2.487,  1.980, 22.509,  4.366,  0.880
 42600,  2.431,  2.050, 22.279,  4.324,  0.963
 42660,  2.396,  1.934, 20.507,  4.398,  0.947
 42720,  2.405,  2.081, 21.825,  4.316,  0.973
 42780,  2.390,  1.998, 20.799,  4.373,  0.994
 42840,  2.428,  1.895, 19.260,  4.165,  0.923
 42900,  2.445,  1.634, 22.046,  4.427,  1.043
 42960,  2.423,  1.981, 22.773,  4.355,  1.095
 43020,  2.453,  1.851, 20.752,  4.375,  0.967
 43080,  2.385,  2.112, 22.069,  4.364,  1.096
 43140,  2.427,  1.847, 21.380,  4.371,  0.982
 43200, -9999.000, -9999.000, -9999.000, -9999.000, -9999.000
 43260,  2.345,  1.598, 18.781,  4.005,  1.055
 43320,  2.339,  1.844, 20.376,  4.210,  0.980
 43380,  2.416,  1.932, 19.970,  4.293,  1.037
 43440,  2.433,  1.990, 19.692,  4.248,  0.931
 43500,  2.400,  1.735, 19.036,  4.177,  0.826
 43560,  2.404,  1.743, 18.540,  4.219,  0.922
 43620,  2.384,  1.871, 21.552,  4.239,  1.037
 43680,  2.378,  1.658, 20.220,  4.183,  0.970
 43740,  2.401,  1.875, 19.280,  4.380,  1.057
 43800,  2.436,  1.966, 19.876,  4.275,  0.945
 43860,  2.406,  1.686, 20.288,  4.372,  0.962
 43920,  2.491,  1.877, 19.585,  4.334,  1.002
 43980,  2.458,  1.925, 21.304,  4.454,  1.035
 44040,  2.454,  1.788, 21.394,  4.413,  0.973
 44100,  2.467,  1.804, 19.416,  4.404,  0.943
 44160,  2.422,  2.047, 20.007,  4.389,  0.853
 44220,  2.436,  1.917, 20.333,  4.605,  0.967
 44280,  2.468,  1.833, 20.095,  4.353,  0.894
 44340,  2.422,  1.779, 19.364,  4.438,  0.900
 44400,  2.422,  2.202, 20.783,  4.461,  1.011
 44460,  2.425,  2.034, 18.028,  4.265,  0.899
 44520,  2.418,  2.022, 17.246,  4.459,  0.877
 44580,  2.448,  2.136, 20.918,  4.358,  0.953
 44640,  2.462,  1.851, 20.233,  4.489,  0.932
 44700,  2.485,  1.917, 17.686,  4.482,  0.772
 44760,  2.434,  1.967, 19.108,  4.412,  0.758
 44820,  2.429,  1.908, 19.063,  4.656,  0.883
 44880,  2.477,  2.171, 17.709,  4.583,  0.788
 44940,  2.471,  2.430, 18.285,  4.636,  0.782
 45000,  2.510,  2.312, 20.114,  4.518,  0.856
 45060,  2.333,  2.179, 14.381,  4.060,  0.475
 45120,  2.402,  2.098, 14.788,  4.513,  0.535
 45180,  2.496,  2.329, 18.188,  4.560,  0.619
 45240,  2.470,  2.287, 17.835,  4.697,  0.646
 45300,  2.414,  2.343, 16.899,  4.593,  0.606
 45360,  2.451,  2.561, 18.358,  4.730,  0.726
 45420,  2.478,  2.320, 15.524,  4.629,  0.557
 45480,  2.460,  2.462, 15.899,  4.675,  0.665
 45540,  2.490,  2.509, 18.311,  4.673,  0.690
 45600,  2.496,  2.556, 19.150,  4.909,  0.659
 45660,  2.492,  2.329, 17.827,  4.709,  0.554
 45720,  2.503,  2.399, 17.032,  4.649,  0.575
 45780,  2.512,  2.555, 18.177,  4.650,  0.593
 45840,  2.549,  2.167, 18.667,  4.641,  0.621
 45900,  2.543,  2.583, 19.395,  4.546,  0.710
 45960,  2.503,  2.682, 19.727,  4.411,  0.683
 46020,  2.521,  2.556, 18.411,  4.614,  0.593
 46080,  2.554,  2.302, 17.881,  4.400,  0.568
 46140,  2.516,  2.492, 20.142,  4.469,  0.522
 46200,  2.574,  2.543, 20.197,  4.591,  0.661
 46260,  2.508,  2.613, 18.927,  4.566,  0.732
 46320,  2.590,  2.558, 20.518,  4.539,  0.847
 46380,  2.556,  2.431, 18.999,  4.422,  0.636
 46440,  2.508,  2.300, 17.961,  4.565,  0.559
 46500,  2.584,  2.643, 20.054,  4.592,  0.661
 46560,  2.568,  2.753, 20.827,  4.569,  0.748
 46620,  2.580,  2.397, 19.127,  4.733,  0.573
 46680,  2.634,  2.514, 18.979,  4.737,  0.596
 46740,  2.599,  2.635, 18.573,  4.626,  0.578
 46800,  2.571,  2.667, 18.254,  4.845,  0.603
 46860,  2.762,  3.288, 20.469,  5.746,  0.957
 46920,  2.758,  4.065, 19.990,  5.588,  1.218
 46980,  2.885,  3.634, 20.163,  5.362,  0.977
 47040,  2.834,  3.277, 18.880,  5.441,  0.807
 47100,  2.858,  3.181, 21.351,  5.089,  0.993
 47160,  2.801,  3.093, 20.536,  5.217,  0.801
 47220,  2.734,  3.267, 19.274,  5.058,  0.706
 47280,  2.757,  2.949, 20.526,  4.995,  0.735
 47340,  2.683,  3.139, 18.258,  4.979,  0.790
 47400,  2.770,  3.072, 17.491,  5.100,  0.729
 47460,  2.782,  3.604, 20.606,  5.021,  0.796
 47520,  2.793,  3.217, 19.122,  4.922,  0.612
 47580,  2.806,  3.157, 17.080,  5.195,  0.647
 47640,  2.810,  3.402, 18.499,  5.251,  0.711
 47700,  2.792,  3.139, 17.467,  5.040,  0.615
 47760,  2.760,  3.065, 16.594,  4.707,  0.578
 47820,  2.769,  3.213, 19.101,  5.119,  0.621
 47880,  2.786,  3.406, 18.116,  4.894,  0.739
 47940,  2.812,  3.066, 16.252,  5.046,  0.453
 48000,  2.921,  3.460, 17.240,  5.008,  0.649
 48060,  2.828,  3.147, 16.091,  4.941,  0.494
 48120,  2.818,  3.112, 16.064,  4.934,  0.432
 48180,  2.952,  3.320, 17.341,  5.234,  0.631
 48240,  2.838,  3.205, 16.330,  4.959,  0.550
 48300,  2.858,  3.278, 15.939,  5.010,  0.579
 48360,  2.811,  3.480, 16.522,  4.987,  0.555
 48420,  2.953,  3.715, 15.408,  5.109,  0.640
 48480,  2.854,  3.285, 14.107,  5.365,  0.637
 48540,  3.027,  3.466, 16.569,  5.171,  0.639
 48600,  2.909,  3.469, 15.590,  5.301,  0.633
 48660,  2.814,  2.888, 14.487,  5.019,  0.361
 48720,  2.956,  3.184, 12.449,  4.782,  0.565
 48780,  2.852,  3.311, 12.692,  4.687,  0.582
 48840,  2.910,  2.987, 13.452,  5.040,  0.593
 48900,  2.928,  3.091, 15.244,  5.100,  0.736
 48960,  3.009,  3.187, 16.362,  5.038,  0.625
 49020,  2.948,  3.214, 14.723,  5.023,  0.589
 49080,  2.949,  3.004, 15.933,  5.027,  0.560
 49140,  2.972,  3.002, 14.311,  4.946,  0.591
 49200,  2.934,  2.721, 13.895,  4.904,  0.343
 49260,  2.948,  2.923, 14.690,  4.979,  0.615
 49320,  2.970,  3.101, 14.880,  4.946,  0.593
 49380,  2.917,  3.026, 14.782,  4.710,  0.665
 49440,  2.855,  3.021, 14.907,  4.693,  0.666
 49500,  2.811,  3.025, 14.185,  4.643,  0.567
 49560,  2.892,  3.308, 14.572,  4.589,  0.748
 49620,  2.894,  3.211, 13.237,  4.714,  0.703
 49680,  2.704,  2.909, 11.839,  4.618,  0.610
 49740,  2.666,  2.927, 14.526,  4.342,  0.575
 49800,  2.715,  2.854, 15.288,  4.127,  0.571
 49860,  2.598,  2.735, 11.980,  4.117,  0.459
 49920,  2.638,  2.885, 13.078,  4.075,  0.598
 49980,  2.634,  3.171, 13.015,  4.173,  0.636
 50040,  2.601,  2.864, 12.651,  3.959,  0.660
 50100,  2.739,  2.927, 15.101,  4.241,  0.680
 50160,  2.751,  3.471, 15.829,  4.250,  0.834
 50220,  2.772,  3.289, 15.767,  4.256,  0.716
 50280,  2.765,  3.261, 16.967,  4.372,  0.833
 50340,  2.943,  2.606, 16.682,  4.774,  0.720
 50400,  2.985,  2.418, 17.182,  4.863,  0.682
 50460,  2.957,  2.780, 18.371,  4.793,  0.776
 50520,  2.951,  2.372, 17.492,  4.937,  0.786
 50580, -9999.000, -9999.000, -9999.000, -9999.000, -9999.000
 50640,  2.998,  2.165, 17.837,  4.881,  0.768
 50700,  2.969,  2.262, 19.046,  5.201,  0.957
 50760,  3.078,  2.650, 20.833,  5.162,  1.009
 50820,  3.152,  2.381, 20.549,  5.179,  0.901
 50880,  3.104,  2.616, 22.258,  5.243,  1.293
 50940,  3.098,  2.327, 20.877,  5.380,  1.232
 51000,  3.063,  2.093, 20.768,  5.308,  1.199
 51060,  2.998,  2.366, 23.453,  5.241,  1.219
 51120,  2.994,  2.066, 21.480,  5.344,  1.147
 51180,  3.028,  2.326, 22.612,  5.337,  1.090
 51240,  3.003,  1.858, 21.678,  5.157,  0.898
 51300,  2.829,  1.667, 20.897,  5.410,  0.706
 51360,  3.022,  1.939, 23.196,  5.189,  0.892
 51420,  3.004,  2.468, 20.750,  5.252,  0.862
 51480,  2.989,  2.104, 20.592,  5.479,  0.853
 51540,  3.033,  2.364, 23.278,  5.125,  0.880
 51600,  3.028,  2.397, 22.505,  5.374,  1.014
 51660,  2.965,  2.178, 22.067,  5.110,  0.685
 51720,  2.998,  2.558, 23.382,  5.251,  0.979
 51780,  2.957,  2.151, 21.246,  5.210,  0.750
 51840,  2.982,  2.635, 23.491,  5.190,  0.901
 51900,  2.904,  2.531, 21.629,  5.125,  0.889
 51960,  2.812,  2.375, 21.106,  5.148,  0.895
 52020,  2.865,  2.554, 24.013,  5.161,  0.925
 52080,  2.840,  2.358, 22.657,  4.990,  0.758
 52140,  2.815,  2.689, 20.560,  4.974,  0.705
 52200,  2.879,  2.882, 22.347,  4.977,  0.864
 52260,  2.884,  2.260, 20.691,  5.032,  0.648
 52320,  2.835,  3.214, 21.956,  4.901,  1.013
 52380,  2.829,  2.758, 20.841,  5.000,  0.813
 52440,  2.574,  3.282, 23.754,  5.299,  1.010
 52500,  2.797,  2.502, 21.451,  4.901,  0.713
 52560,  2.850,  2.343, 20.797,  5.028,  0.574
 52620,  2.852,  2.279, 20.740,  4.918,  0.639
 52680,  2.839,  2.669, 21.317,  5.087,  0.750
 52740,  2.964,  2.990, 21.113,  4.967,  0.818
 52800,  2.876,  2.743, 21.997,  5.032,  0.735
 52860,  2.833,  2.333, 18.844,  4.861,  0.622
 52920,  2.846,  2.309, 17.343,  4.881,  0.449
 52980,  2.920,  2.901, 22.431,  5.071,  0.767
 53040,  3.040,  2.816, 19.574,  5.037,  0.839
 53100,  3.051,  3.025, 20.166,  5.266,  0.713
 53160,  3.057,  2.785, 20.110,  5.068,  0.757
 53220,  3.051,  3.105, 19.256,  5.023,  0.904
 53280,  3.034,  3.041, 20.742,  5.317,  0.841
 53340,  3.111,  2.877, 19.760,  5.112,  0.807
 53400,  3.150,  2.987, 21.407,  4.936,  0.891
 53460,  3.222,  2.978, 18.228,  5.161,  0.826
 53520,  3.148,  3.000, 17.767,  5.122,  0.772
 53580,  3.187,  3.184, 22.540,  5.078,  0.854
 53640,  3.247,  3.443, 19.511,  5.084,  0.816
 53700,  3.301,  3.503, 18.339,  5.268,  0.831
 53760,  3.235,  3.534, 20.689,  5.141,  0.921
 53820,  3.244,  3.437, 17.829,  5.291,  0.801
 53880,  3.265,  3.684, 20.899,  5.161,  0.847
 53940,  3.280,  3.484, 19.226,  5.191,  0.776
 54000,  3.216,  3.750, 19.777,  5.300,  0.789
 54060,  3.254,  4.472, 19.733,  5.321,  0.781
 54120,  3.402,  4.535, 17.437,  5.395,  0.748
 54180,  3.472,  4.864, 21.666,  5.373,  0.948
 54240,  3.467,  4.566, 21.004,  5.502,  0.815
 54300, -9999.000, -9999.000, -9999.000, -9999.000, -9999.000
 54360,  3.542,  4.036, 18.284,  5.194,  0.784
 54420,  3.544,  3.989, 15.570,  5.528,  0.668
 54480,  3.572,  4.233, 18.671,  5.300,  0.711
 54540,  3.602,  3.979, 17.840,  5.565,  0.764
 54600,  3.713,  4.264, 18.735,  5.656,  0.752
 54660,  3.693,  5.246, 18.183,  5.993,  0.827
 54720,  3.707,  4.755, 17.807,  5.637,  0.759
 54780,  3.800,  4.479, 18.770,  5.748,  0.822
 54840,  3.805,  4.465, 18.578,  5.797,  0.890
 54900,  3.860,  4.674, 18.418,  5.821,  0.862
 54960,  3.792,  4.676, 19.706,  5.690,  0.965
 55020,  3.817,  5.153, 18.643,  5.949,  0.924
 55080,  3.740,  4.612, 18.939,  5.623,  0.801
 55140,  3.777,  4.132, 17.793,  5.659,  0.499
 55200,  3.813,  5.394, 19.291,  5.710,  0.749
 55260,  3.862,  5.515, 18.420,  5.733,  0.837
 55320,  3.932,  5.794, 19.328,  5.702,  0.868
 55380,  3.978,  5.417, 18.177,  5.984,  0.772
 55440,  3.986,  6.083, 18.072,  5.914,  0.943
 55500,  4.001,  6.792, 19.285,  6.060,  0.932
 55560,  4.201,  7.442, 18.879,  5.940,  0.981
 55620,  4.259,  7.920, 18.945,  6.069,  1.056
 55680,  4.354,  8.064, 18.823,  6.240,  1.008
 55740,  4.238,  8.015, 19.775,  6.189,  0.924
 55800,  4.204,  8.022, 19.683,  6.257,  1.010
 55860,  4.303,  8.555, 19.314,  6.349,  0.885
 55920,  4.414,  8.521, 20.084,  6.351,  0.909
 55980,  4.393,  8.955, 19.966,  6.238,  1.102
 56040,  4.473,  9.186, 20.459,  6.289,  1.065
 56100,  4.455,  8.865, 19.293,  6.109,  1.041
 56160,  4.424,  8.880, 17.654,  5.922,  0.788
 56220,  4.547, 10.158, 18.719,  6.224,  1.009
 56280,  4.571, 11.088, 19.283,  6.130,  1.028
 56340,  4.586, 10.941, 19.460,  6.121,  0.945
 56400,  4.811, 11.806, 19.115,  6.159,  0.877
 56460,  4.681, 11.899, 20.291,  6.390,  0.879
 56520,  4.637, 10.185, 19.308,  6.186,  0.821
 56580,  4.606, 11.241, 20.922,  6.003,  0.905
 56640,  4.552, 10.595, 19.964,  6.074,  0.946
 56700,  4.512,  9.875, 19.885,  6.255,  0.791
 56760,  4.510, 10.219, 19.863,  5.980,  0.828
 56820,  4.658, 10.441, 19.538,  6.214,  0.739
 56880,  4.731, 10.179, 18.884,  6.382,  0.798
 56940,  4.937, 11.245, 19.812,  6.107,  0.883
 57000,  5.048, 11.730, 19.784,  6.202,  0.857
 57060,  5.131, 12.235, 18.875,  6.404,  0.711
 57120,  5.098, 11.493, 19.953,  6.185,  0.697
 57180,  5.093, 11.382, 18.686,  6.345,  0.703
 57240,  4.974, 11.539, 20.078,  6.148,  0.906
 57300,  5.055, 10.792, 19.407,  6.195,  0.779
 57360,  5.013, 10.362, 18.008,  6.383,  0.684
 57420,  5.057, 10.753, 18.428,  6.511,  0.533
 57480,  5.239, 11.713, 19.245,  6.576,  0.589
 57540,  5.180, 11.136, 19.528,  6.554,  0.784
 57600,  5.022, 10.415, 19.928,  6.349,  0.706
 57660,  4.966,  9.739, 19.778,  6.156,  0.757
 57720,  4.892,  9.188, 19.017,  6.106,  0.823
 57780,  4.931,  9.130, 19.278,  6.041,  0.703
 57840,  5.015,  9.566, 16.983,  6.331,  0.561
 57900,  4.645,  9.532, 19.215,  5.956,  0.274
 57960, -9999.000, -9999.000, -9999.000, -9999.000, -9999.000
 58020,  3.863, 10.447, 17.326,  4.676,  0.313
 58080,  3.928, 10.243, 19.987,  4.840,  0.699
 58140,  3.865, 10.056, 20.111,  4.621,  0.522
 58200,  3.963, 10.708, 21.992,  4.852,  0.557
 58260,  3.951, 11.171, 21.205,  4.744,  0.511
 58320,  3.882, 10.529, 21.792,  4.583,  0.399
 58380,  4.110, 10.789, 21.656,  4.868,  0.519
 58440,  4.014, 10.238, 22.707,  4.552,  0.555
 58500,  3.960,  9.424, 21.105,  4.810,  0.355
 58560,  4.107,  9.824, 21.896,  4.845,  0.604
 58620,  3.964,  9.453, 22.287,  5.013,  0.524
 58680,  4.091,  9.823, 21.523,  4.495,  0.569
 58740,  4.180, 10.388, 23.019,  5.180,  0.672
 58800,  4.248,  9.813, 22.576,  5.277,  0.572
 58860,  4.164, 10.373, 23.082,  5.129,  0.571
 58920,  4.183,  9.658, 24.198,  5.307,  0.672
 58980,  4.341,  9.997, 23.259,  5.159,  0.659
 59040,  4.207, 10.303, 22.131,  5.372,  0.635
 59100,  4.399, 11.053, 25.981,  5.256,  0.742
 59160,  4.427, 10.468, 23.755,  5.417,  0.657
 59220,  4.510, 10.591, 25.820,  5.612,  0.836
 59280,  4.536, 10.977, 24.747,  5.316,  0.811
 59340,  4.615, 11.250, 26.549,  5.658,  0.785
 59400,  4.532, 10.951, 25.019,  5.546,  0.776
 59460,  4.639, 10.881, 26.131,  5.633,  0.788
 59520,  4.745, 10.558, 25.961,  5.462,  0.704
 59580,  4.789, 11.444, 27.025,  5.629,  0.795
 59640,  4.813, 11.717, 27.022,  5.884,  0.696
 59700,  4.831, 11.382, 28.344,  5.961,  0.854
 59760,  4.864, 11.037, 28.227,  6.101,  0.829
 59820, -9999.000, -9999.000, -9999.000, -9999.000, -9999.000
 59880,  5.044, 12.381, 28.030,  5.807,  0.776
 59940,  5.008, 12.030, 27.091,  5.933,  0.799
 60000,  5.096, 12.278, 28.425,  5.954,  0.802
 60060,  5.130, 12.486, 29.300,  6.101,  0.892
 60120,  5.246, 12.680, 28.717,  6.035,  0.760
 60180,  5.342, 13.762, 31.003,  6.001,  0.769
 60240,  5.354, 13.630, 31.085,  6.169,  0.818
 60300,  5.315, 12.928, 28.745,  6.091,  0.795
 60360,  5.229, 12.577, 29.732,  5.791,  0.801
 60420,  5.345, 13.115, 28.935,  5.752,  0.643
 60480,  5.256, 13.423, 29.530,  5.782,  0.783
 60540,  5.301, 13.735, 28.989,  5.646,  0.718
 60600,  5.414, 15.178, 29.053,  5.783,  0.816
 60660,  5.494, 14.537, 30.919,  5.823,  0.855
 60720,  5.577, 14.924, 29.337,  5.751,  0.883
 60780,  5.820, 15.797, 29.825,  5.916,  0.677
 60840,  5.835, 15.928, 30.429,  5.862,  0.870
