CampaignData_and_Merges/R0/CSL_MobileLab_Parked/raw/20240727/USOS-POPS_MobileLabGround_20240727_R0.ict
78, 1001
Thornberry, T. D.
NOAA Chemical Sciences Laboratory
Portable Optical Particle Spectrometer (POPS)
USOS
1, 1
2024, 07, 27, 2025, 05, 08
60
Time_Start, seconds_past_midnight, Start time of measurement
45
1, 1, 1, 1, 1, 1, 1, 1, 1, 1, 1, 1, 1, 1, 1, 1, 1, 1, 1, 1, 1, 1, 1, 1, 1, 1, 1, 1, 1, 1, 1, 1, 1, 1, 1, 1, 1, 1, 1, 1, 1, 1, 1, 1, 1
-9999, -9999, -9999, -9999, -9999, -9999, -9999, -9999, -9999, -9999, -9999, -9999, -9999, -9999, -9999, -9999, -9999, -9999, -9999, -9999, -9999, -9999, -9999, -9999, -9999, -9999, -9999, -9999, -9999, -9999, -9999, -9999, -9999, -9999, -9999, -9999, -9999, -9999, -9999, -9999, -9999, -9999, -9999, -9999, -9999
Time_Stop, seconds_past_midnight, Stop time of measurement
Time_Mid, seconds_past_midnight, Mid time of measurement
Press_mb, mb, Pressure reported (mb)
Temp_C, degrees C, POPS temperature measurement
Aerosol_concentration, cm^-3, Aerosol concentration
Surface_Area_Conc, um^2 cm^-3, Surface area concentration
Volume_density, um^3 cm^-3, Volume density
Effective_radius, um, Effective radius
Extinction, km^-1, Extinction
Bin01, cm^-3, particle concentration in size range [1401 - 146.3 nm]
Bin02, cm^-3, particle concentration in size range [146.3 - 152.8 nm]
Bin03, cm^-3, particle concentration in size range [152.8 - 159.6 nm]
Bin04, cm^-3, particle concentration in size range [159.6 - 166.8 nm]
Bin05, cm^-3, particle concentration in size range [166.8 - 174.2 nm]
Bin06, cm^-3, particle concentration in size range [174.2 - 181.9 nm]
Bin07, cm^-3, particle concentration in size range [181.9 - 190.0 nm]
Bin08, cm^-3, particle concentration in size range [190.0 - 198.5 nm]
Bin09, cm^-3, particle concentration in size range [198.5 - 207.4 nm]
Bin10, cm^-3, particle concentration in size range [207.4 - 216.6 nm]
Bin11, cm^-3, particle concentration in size range [216.6 - 226.2 nm]
Bin12, cm^-3, particle concentration in size range [226.2 - 236.3 nm]
Bin13, cm^-3, particle concentration in size range [236.3 - 246.8 nm]
Bin14, cm^-3, particle concentration in size range [246.8 - 257.8 nm]
Bin15, cm^-3, particle concentration in size range [257.8 - 269.3 nm]
Bin16, cm^-3, particle concentration in size range [269.3 - 343.4 nm]
Bin17, cm^-3, particle concentration in size range [343.4 - 450.7 nm]
Bin18, cm^-3, particle concentration in size range [450.7 - 525.9 nm]
Bin19, cm^-3, particle concentration in size range [525.9 - 618.5 nm]
Bin20, cm^-3, particle concentration in size range [618.5 - 710.0 nm]
Bin21, cm^-3, particle concentration in size range [710.0 - 822.7 nm]
Bin22, cm^-3, particle concentration in size range [822.7 - 885.9 nm]
Bin23, cm^-3, particle concentration in size range [885.9 - 953.9 nm]
Bin24, cm^-3, particle concentration in size range [953.9 - 1027.2 nm]
Bin25, cm^-3, particle concentration in size range [1027.2 - 1106.1 nm]
Bin26, cm^-3, particle concentration in size range [1106.1 - 1191.0 nm]
Bin27, cm^-3, particle concentration in size range [1191.0 - 1282.5 nm]
Bin28, cm^-3, particle concentration in size range [1282.5 - 1381.0 nm]
Bin29, cm^-3, particle concentration in size range [1381.0 - 1487.1 nm]
Bin30, cm^-3, particle concentration in size range [1487.1 - 1601.3 nm]
Bin31, cm^-3, particle concentration in size range [1601.3 - 1724.3 nm]
[...]
PLATFORM: NOAA CSL Mobile Lab
LOCATION: USOS
ASSOCIATED_DATA: N/A
INSTRUMENT_INFO: Printed Optical Particle Spectrometer counts particles from 140 - 2500 nm in diameter 
DATA_INFO: Particle concentrations reported in number per cubic centimeter,1 Hz data
UNCERTAINTY: Counting uncertainty dominated by air flow, less than 5 percent. Measurement range is ~0 - 3000 per cm3 (varies depending on flow rate- manufacturer quotes 1250 per cm3 at 1.667 cc/s)
ULOD_FLAG: -7777
ULOD_VALUE: N/A
LLOD_FLAG: -8888
LLOD_VALUE: N/A
DM_CONTACT_INFO: Troy Thornberry, 325 Broadway R/CSL6, Boulder, CO 80305; troy.thornberry@noaa.gov; 303-497-3373
PROJECT_INFO: USOS, Utah POPS data from NOAA CSL Mobile Lab
STIPULATIONS_ON_USE: Please contact the PIs for questions regarding applications and uncertainties
OTHER_COMMENTS: POPS bin Edges (nm):  140.1, 146.3, 152.8, 159.6, 166.8, 174.2, 181.9, 190.0, 198.5, 207.4, 216.6, 226.2, 236.3, 246.8, 257.8, 269.3, 343.4, 450.7, 525.9, 618.5, 710.0, 822.7, 885.9, 953.9, 1027.2, 1106.1, 1191.0, 1282.5, 1381.0, 1487.1, 1601.3, 1724.3, 1856.7, 1999.3, 2152.8, 2318.2, 2496.2
Calculations assume organic aerosol refractive index of 1.52+0.00j and extinction wavelength = 532 nm
REVISION: R0
R0: Final data
Time_Start, Time_Stop, Time_Mid, Press_mb, Temp_C, Aerosol_concentration, Surface_Area_Conc, Volume_density, Effective_radius, Extinction, Bin01, Bin02, Bin03, Bin04, Bin05, Bin06, Bin07, Bin08, Bin09, Bin10, Bin11, Bin12, Bin13, Bin14, Bin15, Bin16, Bin17, Bin18, Bin19, Bin20, Bin21, Bin22, Bin23, Bin24, Bin25, Bin26, Bin27, Bin28, Bin29, Bin30, Bin31, Bin32, Bin33, Bin34, Bin35, Bin36
[from data line 1219]
73140,73199,73170,865.573,32.967,474.867,83.372,4.339,0.156,0.026,36.588497,33.811077,31.539104,30.726549,28.729795,26.259562,24.264452,23.402029,21.921926,20.967316,20.524601,20.724304,20.762518,20.272512,17.416597,67.322403,22.635616,4.826046,1.404779,0.210529,0.150122,0.055110,0.044617,0.050183,0.055062,0.016798,0.033575,0.022571,0.027840,0.016611,0.033786,0.005727,0.022414,0.011167,0.005650,0.005258
73200,73259,73230,865.531,33.058,470.013,82.687,4.495,0.162,0.026,36.149395,33.587254,30.843536,30.156050,28.745344,26.005991,24.557100,22.837631,21.857355,20.938114,20.116726,21.367369,20.778217,19.981525,17.089180,66.073097,21.947174,4.809484,1.403369,0.224497,0.166797,0.039770,0.028329,0.027820,0.017361,0.028126,0.034438,0.050892,0.034102,0.016797,0.011299,0.027882,0.027472,0.000000,0.016596,0.016814
73260,73319,73290,865.503,33.084,485.304,85.578,4.543,0.159,0.027,36.061115,33.856060,31.767931,31.190689,29.440159,26.407804,25.518793,23.227728,22.690742,20.912626,21.112782,22.132145,20.709213,20.736521,18.475737,71.009346,23.281921,4.599855,1.506440,0.159940,0.130499,0.069209,0.051194,0.023091,0.027952,0.016661,0.022491,0.017000,0.034305,0.023012,0.016767,0.028637,0.016726,0.005926,0.011324,0.011169
73320,73379,73350,865.484,33.106,480.832,85.040,4.389,0.154,0.026,35.642220,33.008499,31.048628,30.116735,28.473885,26.428377,24.636898,23.851110,21.902851,21.315128,20.848707,21.338938,21.323557,21.086618,18.883224,70.405518,23.729956,4.868362,1.274893,0.201211,0.094873,0.084550,0.016655,0.033560,0.027817,0.055516,0.005650,0.011455,0.011103,0.039109,0.010904,0.005631,0.022028,0.005650,0.016733,0.005398
73380,73439,73410,865.494,33.144,484.754,85.589,4.402,0.154,0.027,35.939671,34.485714,31.062595,30.533594,28.551344,27.040882,25.430454,24.055733,22.032438,21.614851,20.816669,21.083809,21.135876,20.653612,18.678190,71.282860,23.297560,4.949091,1.372701,0.179419,0.145732,0.077780,0.061540,0.067156,0.022494,0.022845,0.017333,0.033790,0.011363,0.022659,0.022830,0.005947,0.028330,0.011669,0.005364,0.000000
73440,73499,73470,865.498,33.274,482.250,85.265,4.885,0.171,0.027,36.730938,33.949825,31.756437,31.207748,29.146704,27.047853,24.833982,24.311338,22.355619,21.140985,21.256506,21.002596,21.544546,20.994009,18.255253,67.505531,22.160702,4.801592,1.434114,0.193775,0.170412,0.068577,0.051314,0.068224,0.011491,0.022815,0.011114,0.011690,0.028757,0.011445,0.022033,0.045462,0.011131,0.028630,0.016702,0.039691
73500,73559,73530,865.484,33.361,485.243,84.906,4.676,0.164,0.026,37.133015,34.423977,32.556511,30.874201,30.139004,28.224413,25.615526,24.152958,22.851671,21.279633,20.731424,21.202763,21.092621,20.737692,18.043201,66.792236,22.212532,4.899686,1.482391,0.200689,0.166643,0.038973,0.072402,0.043985,0.039015,0.023171,0.027935,0.016320,0.016817,0.028652,0.022326,0.049633,0.017425,0.011141,0.000000,0.022498
73560,73619,73590,865.448,33.237,490.486,85.992,4.482,0.156,0.027,36.793499,34.146740,32.269791,30.336145,29.774876,27.890141,25.215715,25.089981,22.283401,22.096462,21.048054,22.020370,21.655907,21.300650,18.481493,69.716873,23.561823,4.828555,1.339786,0.165058,0.115692,0.044298,0.044766,0.038819,0.032539,0.005342,0.022514,0.011457,0.027713,0.017085,0.060622,0.016020,0.005593,0.016323,0.005593,0.005807
73620,73679,73650,865.437,33.249,490.172,86.164,4.491,0.156,0.027,37.364567,34.322472,31.848257,30.998205,29.371519,27.317726,25.280241,24.045019,22.200726,20.759892,21.594599,22.068453,21.384472,21.590445,19.183920,70.569626,23.383121,4.891874,1.307547,0.155600,0.119163,0.072691,0.050980,0.062092,0.027739,0.022277,0.039445,0.022507,0.005325,0.028076,0.022163,0.017104,0.016669,0.016545,0.005308,0.005482
73680,73739,73710,865.436,33.140,488.822,86.141,4.475,0.155,0.027,37.396427,33.890903,31.027515,30.639360,29.555990,27.104813,24.547533,24.085623,23.087008,21.690445,21.743834,22.167624,21.216276,21.048382,18.129416,70.956490,23.542711,4.682935,1.554105,0.192333,0.157134,0.051122,0.094232,0.050317,0.033308,0.034089,0.034263,0.022367,0.000000,0.011375,0.011433,0.017064,0.016922,0.011690,0.011153,0.005557
73740,73799,73770,865.443,33.159,489.298,86.443,4.619,0.160,0.027,36.418713,34.067005,31.843756,31.498371,29.750046,26.920555,24.977751,23.963511,22.153206,21.683834,20.972729,21.802574,21.881968,21.545076,18.226583,71.013916,23.759045,4.640226,1.486297,0.198623,0.094766,0.077623,0.022123,0.022193,0.044041,0.033666,0.033184,0.017070,0.027698,0.028242,0.021833,0.027970,0.011281,0.005308,0.010684,0.016489
73800,73859,73830,865.424,33.212,480.503,83.552,4.527,0.162,0.026,36.376904,34.394070,32.666363,30.790730,29.253290,27.991446,25.862604,24.293688,21.782360,21.132187,20.356859,21.335991,21.291374,20.459518,18.072229,66.133408,21.573357,4.833734,1.201111,0.197503,0.090279,0.066874,0.056110,0.011414,0.028828,0.027731,0.022466,0.032921,0.000000,0.033517,0.050873,0.033271,0.011306,0.011324,0.016315,0.011006
73860,73919,73890,865.425,33.211,477.330,82.199,4.506,0.164,0.025,38.211777,35.255699,32.879406,32.288700,29.598989,27.994528,25.974745,23.724081,22.225277,20.634666,20.178036,20.579998,20.114918,19.857597,16.668619,63.412041,20.688959,4.769828,1.504156,0.227419,0.154544,0.033414,0.050094,0.038402,0.038401,0.027954,0.021266,0.021691,0.016933,0.011048,0.027660,0.033318,0.016419,0.005787,0.016673,0.026878
73920,73979,73950,865.367,33.239,479.242,81.970,4.385,0.160,0.025,39.071163,35.805264,33.308289,32.710716,30.427385,28.519197,25.628597,23.307619,22.732468,20.731085,19.663540,20.680193,20.279041,19.561291,16.840174,62.569805,20.084927,4.995645,1.578601,0.223458,0.109705,0.077282,0.033212,0.021935,0.044750,0.038100,0.022653,0.027317,0.022597,0.016576,0.038103,0.016118,0.011148,0.011139,0.010948,0.021875
73980,74039,74010,865.348,33.270,482.068,82.770,4.477,0.161,0.026,39.126007,36.957325,33.484142,32.077888,30.742424,28.190416,26.088835,23.747360,22.755489,20.719517,19.770784,20.540277,20.425819,19.599945,17.073298,62.754494,20.909172,4.555198,1.677532,0.199234,0.141220,0.085096,0.084679,0.068159,0.062715,0.028402,0.016913,0.027943,0.017031,0.017337,0.039715,0.027808,0.033386,0.000000,0.011281,0.011155
74040,74099,74070,865.314,33.235,485.003,83.164,4.584,0.164,0.025,39.997696,36.515217,34.468136,32.933861,30.722450,27.019848,25.389368,24.365328,22.806307,21.555933,20.275585,20.952011,20.602833,19.991312,16.365250,63.490772,20.686804,4.520999,1.490246,0.202516,0.150271,0.080132,0.061463,0.038971,0.039623,0.028327,0.032689,0.028079,0.022776,0.022055,0.039858,0.033758,0.022443,0.027791,0.016894,0.005906
74100,74159,74130,865.273,33.346,487.666,83.773,4.517,0.161,0.026,38.907047,37.426765,34.539001,32.705688,30.946222,27.776400,25.909668,24.190649,22.123178,21.422699,20.540222,20.713945,20.555590,20.166264,16.982065,64.440819,21.163403,4.782218,1.534808,0.225942,0.138433,0.066774,0.050011,0.067170,0.055935,0.021854,0.010958,0.039287,0.005889,0.050256,0.034035,0.027413,0.011166,0.011301,0.005708,0.016968
74160,74219,74190,865.222,33.367,496.907,86.509,4.714,0.163,0.027,38.409149,35.805431,34.012787,32.120502,30.880278,27.966696,26.111031,24.941931,23.060047,21.943369,21.257587,22.103888,21.596107,20.878443,18.083076,68.157173,22.543077,4.788892,1.495162,0.144893,0.143504,0.104673,0.044622,0.038768,0.027555,0.032931,0.026840,0.016492,0.033932,0.005612,0.037872,0.028528,0.010722,0.011300,0.027402,0.016421
74220,74279,74250,865.200,33.398,491.586,85.788,4.683,0.163,0.026,38.053928,34.645748,32.366367,31.758074,30.131203,28.267879,25.850552,24.838470,23.407181,21.782383,21.145531,21.742266,22.224140,20.377356,17.925028,68.384064,21.772371,4.731818,1.431044,0.155122,0.139266,0.100264,0.038696,0.045342,0.022202,0.010797,0.011121,0.027153,0.027878,0.039354,0.044930,0.016914,0.010975,0.021846,0.011020,0.027245
74280,74339,74310,865.176,33.494,497.762,86.389,4.525,0.156,0.026,37.768303,35.678841,33.048725,32.390560,30.069296,28.026007,25.568037,24.580425,22.643616,22.521900,21.475319,21.977045,21.838593,21.441231,18.934916,70.272087,22.682529,4.760405,1.487425,0.149856,0.120787,0.065804,0.067188,0.016366,0.016729,0.011003,0.016539,0.021992,0.005482,0.000000,0.016665,0.033919,0.021848,0.016578,0.011050,0.005291
74340,74399,74370,865.157,33.557,505.647,87.995,4.611,0.156,0.027,37.905079,36.032185,33.701580,32.466370,31.034573,28.445820,26.450083,24.695076,23.405998,22.936077,22.064194,21.979561,22.417074,21.188890,19.623390,71.108177,23.178129,4.932961,1.416682,0.183716,0.107535,0.089448,0.067135,0.034107,0.016383,0.005501,0.005537,0.027836,0.005727,0.027075,0.017067,0.016611,0.016487,0.016681,0.011249,0.016914
74400,74459,74430,865.103,33.559,503.316,87.663,4.618,0.157,0.027,38.756599,35.964657,32.733639,32.651642,29.857067,28.465099,26.516884,25.259695,23.092615,22.311331,22.124582,22.334236,22.757669,21.531403,18.586752,70.511200,23.191860,4.558659,1.346938,0.163093,0.145677,0.044831,0.083176,0.039661,0.039788,0.056774,0.011281,0.017315,0.027687,0.022811,0.060913,0.017192,0.000000,0.016850,0.000000,0.016400
74460,74519,74490,865.077,33.611,493.120,85.243,4.535,0.159,0.026,38.644741,35.600792,32.980728,32.520821,30.679567,28.433918,26.257845,25.087799,23.762079,21.522442,20.775610,21.480030,21.139299,21.301287,17.962999,66.289085,21.439882,4.893559,1.506645,0.218260,0.137672,0.083349,0.055614,0.039044,0.050361,0.033536,0.055647,0.028065,0.005464,0.010985,0.044645,0.027633,0.022166,0.028113,0.000000,0.000000
74520,74579,74550,865.040,33.729,488.067,82.861,4.330,0.156,0.025,39.061050,36.215355,33.462906,33.329929,30.243309,27.916954,26.342695,25.109215,23.131023,21.961018,20.645397,21.320198,21.076363,20.173061,16.849571,63.950779,20.540934,4.495641,1.621509,0.171423,0.087843,0.065664,0.032825,0.038508,0.027952,0.039308,0.021580,0.028013,0.011377,0.016542,0.005747,0.016711,0.005727,0.022454,0.005767,0.022550
74580,74639,74610,865.015,33.623,491.588,84.332,4.607,0.163,0.026,38.725864,36.481670,34.286613,32.695690,30.557709,28.869051,26.724970,24.807783,23.087299,21.862898,20.829285,21.007893,21.117496,20.638439,17.829166,64.224762,20.904921,4.718168,1.383599,0.240079,0.150508,0.078654,0.022362,0.050096,0.027937,0.038862,0.038231,0.022290,0.016687,0.016690,0.038983,0.027763,0.021725,0.000000,0.011060,0.032693
74640,74699,74670,864.991,33.530,492.028,84.292,4.519,0.160,0.026,38.777985,37.752827,33.597424,32.350452,30.646631,28.801147,25.883530,24.840816,23.580177,21.621628,21.382900,21.149435,21.187757,21.251711,17.725319,64.107918,20.278131,4.644005,1.629507,0.172380,0.111200,0.111727,0.077434,0.061807,0.037857,0.028032,0.011061,0.044524,0.039333,0.022132,0.033771,0.011098,0.011126,0.005787,0.011198,0.028496
74700,74759,74730,864.959,33.625,493.287,83.605,4.410,0.157,0.025,39.528564,37.518879,33.941158,33.852219,31.006981,28.719545,26.610941,24.956678,23.494350,21.792883,21.516226,21.969704,20.720821,20.562784,17.378805,62.759151,19.830067,4.635047,1.708474,0.199701,0.133660,0.067001,0.045037,0.077136,0.027341,0.039147,0.017055,0.010600,0.044212,0.038971,0.022512,0.017133,0.011174,0.005537,0.011338,0.016334
74760,74819,74790,864.936,33.679,488.896,82.468,4.261,0.154,0.025,39.344646,36.475204,34.762661,33.009796,30.874172,29.039841,26.555582,25.154200,22.421648,21.657230,21.184616,21.406387,20.824697,20.555134,17.507032,61.365376,19.685291,4.838448,1.507496,0.210095,0.124512,0.044860,0.038600,0.072535,0.023165,0.033298,0.022160,0.033998,0.011242,0.033297,0.021951,0.005432,0.017107,0.011675,0.011530,0.011125
74820,74879,74850,864.936,33.706,491.654,83.564,4.499,0.161,0.025,40.190289,36.584400,34.509567,32.969860,31.007811,28.683155,26.832428,24.868019,23.059778,21.832451,21.089008,21.627617,20.951965,19.914253,17.731554,62.453648,20.157862,4.843684,1.577813,0.202668,0.146942,0.106215,0.044803,0.044709,0.011248,0.016719,0.022800,0.027559,0.005347,0.000000,0.033623,0.022240,0.050088,0.000000,0.005398,0.027971
74880,74939,74910,864.922,33.584,495.405,83.782,4.299,0.153,0.025,38.979099,36.868931,34.725140,33.059254,30.651752,28.774220,27.006664,25.210291,23.572443,21.841919,20.873337,21.413603,21.831327,20.973928,17.835127,64.794846,20.568979,4.461976,1.290876,0.165328,0.111670,0.073408,0.055643,0.033002,0.039339,0.016975,0.016287,0.016560,0.043788,0.016514,0.022461,0.005727,0.021860,0.016347,0.005342,0.011455
74940,74999,74970,864.930,33.591,484.082,82.388,4.348,0.157,0.025,38.054775,36.270802,33.358006,32.496990,30.314505,28.296442,25.622459,25.111242,22.746349,20.977968,20.358679,21.417049,21.483479,20.607389,17.872709,62.015995,20.269632,4.669882,1.393017,0.216439,0.122366,0.072331,0.066540,0.027612,0.039171,0.032837,0.016643,0.011009,0.021557,0.011188,0.033913,0.016799,0.005612,0.022585,0.011215,0.016554
75000,75059,75030,864.922,33.633,498.884,85.674,4.680,0.163,0.026,39.025349,36.619026,34.790657,33.382065,31.544443,29.175354,26.489414,25.011221,23.535290,22.282448,21.645666,21.974983,21.934633,20.871477,17.574429,64.648270,21.349987,4.580137,1.549022,0.250398,0.174421,0.055899,0.072079,0.067117,0.028131,0.022717,0.028118,0.033521,0.027404,0.011461,0.028466,0.028605,0.016150,0.011075,0.027643,0.016678
75060,75119,75090,864.906,33.698,499.741,84.666,4.263,0.151,0.025,38.938572,37.565472,34.238270,32.802475,30.800009,29.496769,27.375078,25.214069,24.051825,22.542696,21.570007,21.899691,21.525087,20.405336,17.928450,65.593475,20.671421,4.775823,1.638001,0.191294,0.133461,0.060393,0.061391,0.044227,0.038794,0.022640,0.022896,0.033164,0.033461,0.017085,0.022575,0.016324,0.000000,0.005537,0.000000,0.005394
75120,75179,75150,864.897,33.667,503.530,85.897,4.578,0.159,0.026,40.028179,36.676723,34.376648,33.059124,31.681999,28.964361,27.077394,25.604176,23.910198,23.265936,22.132227,22.872736,22.397024,21.236946,18.066425,64.696854,20.532282,4.722562,1.470100,0.192196,0.121591,0.037744,0.045335,0.032857,0.044399,0.028209,0.038459,0.033084,0.032918,0.044979,0.021995,0.005325,0.022803,0.021866,0.022317,0.011515
75180,75239,75210,864.900,33.652,510.352,86.849,4.773,0.164,0.026,40.730221,37.101852,36.283688,34.151680,31.014015,30.663446,27.886204,26.478899,24.492756,23.168972,22.084660,22.250269,22.169235,21.355103,18.015085,64.693466,20.513092,4.883039,1.580517,0.239072,0.144538,0.116775,0.033823,0.033293,0.033117,0.028501,0.028592,0.016290,0.005325,0.016895,0.022623,0.028313,0.028323,0.000000,0.016369,0.044112
75240,75299,75270,864.889,33.568,502.867,84.785,4.445,0.156,0.025,40.036190,36.826973,34.724808,34.164360,31.956972,30.165146,27.384933,25.633919,23.782312,23.601389,22.262779,22.412872,22.039438,20.796980,18.091021,62.211163,19.468042,4.908571,1.610026,0.183940,0.161602,0.061134,0.066474,0.054986,0.038442,0.028485,0.032761,0.016866,0.027337,0.017146,0.032658,0.011455,0.017110,0.005537,0.017097,0.016167
75300,75359,75330,864.891,33.626,507.739,85.331,4.545,0.159,0.025,40.559715,37.618984,35.564026,34.045277,32.445332,30.678362,27.878622,26.176126,24.869213,23.219410,22.378849,22.178049,21.925133,21.395809,17.527250,62.630547,19.528431,4.699815,1.605352,0.238812,0.165375,0.060214,0.045074,0.022091,0.023004,0.038852,0.032742,0.010635,0.033394,0.005556,0.055240,0.027925,0.016792,0.011242,0.022220,0.005807
75360,75419,75390,864.890,33.684,507.999,85.643,4.503,0.157,0.026,40.296413,37.469898,35.996029,33.808338,32.056347,30.039537,28.576702,26.570063,24.202478,22.563787,22.430988,22.685812,21.899672,21.175135,17.895273,63.499485,19.726152,4.601901,1.581449,0.261304,0.172076,0.082624,0.065651,0.060505,0.048965,0.021901,0.044874,0.016341,0.028036,0.027463,0.022647,0.016526,0.022107,0.005482,0.016939,0.010601
