CampaignData_and_Merges/R0/CSL_MobileLab_Parked/raw/20240727/USOS-POPS_MobileLabGround_20240727_R0.ict
78, 1001
Thornberry, T. D.
NOAA Chemical Sciences Laboratory
Portable Optical Particle Spectrometer (POPS)
USOS
1, 1
2024, 07, 27, 2025, 05, 08
60
Time_Start, seconds_past_midnight, Start time of measurement
45
1, 1, 1, 1, 1, 1, 1, 1, 1, 1, 1, 1, 1, 1, 1, 1, 1, 1, 1, 1, 1, 1, 1, 1, 1, 1, 1, 1, 1, 1, 1, 1, 1, 1, 1, 1, 1, 1, 1, 1, 1, 1, 1, 1, 1
-9999, -9999, -9999, -9999, -9999, -9999, -9999, -9999, -9999, -9999, -9999, -9999, -9999, -9999, -9999, -9999, -9999, -9999, -9999, -9999, -9999, -9999, -9999, -9999, -9999, -9999, -9999, -9999, -9999, -9999, -9999, -9999, -9999, -9999, -9999, -9999, -9999, -9999, -9999, -9999, -9999, -9999, -9999, -9999, -9999
Time_Stop, seconds_past_midnight, Stop time of measurement
Time_Mid, seconds_past_midnight, Mid time of measurement
Press_mb, mb, Pressure reported (mb)
Temp_C, degrees C, POPS temperature measurement
Aerosol_concentration, cm^-3, Aerosol concentration
Surface_Area_Conc, um^2 cm^-3, Surface area concentration
Volume_density, um^3 cm^-3, Volume density
Effective_radius, um, Effective radius
Extinction, km^-1, Extinction
Bin01, cm^-3, particle concentration in size range [1401 - 146.3 nm]
Bin02, cm^-3, particle concentration in size range [146.3 - 152.8 nm]
Bin03, cm^-3, particle concentration in size range [152.8 - 159.6 nm]
Bin04, cm^-3, particle concentration in size range [159.6 - 166.8 nm]
Bin05, cm^-3, particle concentration in size range [166.8 - 174.2 nm]
Bin06, cm^-3, particle concentration in size range [174.2 - 181.9 nm]
Bin07, cm^-3, particle concentration in size range [181.9 - 190.0 nm]
Bin08, cm^-3, particle concentration in size range [190.0 - 198.5 nm]
Bin09, cm^-3, particle concentration in size range [198.5 - 207.4 nm]
Bin10, cm^-3, particle concentration in size range [207.4 - 216.6 nm]
Bin11, cm^-3, particle concentration in size range [216.6 - 226.2 nm]
Bin12, cm^-3, particle concentration in size range [226.2 - 236.3 nm]
Bin13, cm^-3, particle concentration in size range [236.3 - 246.8 nm]
Bin14, cm^-3, particle concentration in size range [246.8 - 257.8 nm]
Bin15, cm^-3, particle concentration in size range [257.8 - 269.3 nm]
Bin16, cm^-3, particle concentration in size range [269.3 - 343.4 nm]
Bin17, cm^-3, particle concentration in size range [343.4 - 450.7 nm]
Bin18, cm^-3, particle concentration in size range [450.7 - 525.9 nm]
Bin19, cm^-3, particle concentration in size range [525.9 - 618.5 nm]
Bin20, cm^-3, particle concentration in size range [618.5 - 710.0 nm]
Bin21, cm^-3, particle concentration in size range [710.0 - 822.7 nm]
Bin22, cm^-3, particle concentration in size range [822.7 - 885.9 nm]
Bin23, cm^-3, particle concentration in size range [885.9 - 953.9 nm]
Bin24, cm^-3, particle concentration in size range [953.9 - 1027.2 nm]
Bin25, cm^-3, particle concentration in size range [1027.2 - 1106.1 nm]
Bin26, cm^-3, particle concentration in size range [1106.1 - 1191.0 nm]
Bin27, cm^-3, particle concentration in size range [1191.0 - 1282.5 nm]
Bin28, cm^-3, particle concentration in size range [1282.5 - 1381.0 nm]
Bin29, cm^-3, particle concentration in size range [1381.0 - 1487.1 nm]
Bin30, cm^-3, particle concentration in size range [1487.1 - 1601.3 nm]
Bin31, cm^-3, particle concentration in size range [1601.3 - 1724.3 nm]
[...]
PLATFORM: NOAA CSL Mobile Lab
LOCATION: USOS
ASSOCIATED_DATA: N/A
INSTRUMENT_INFO: Printed Optical Particle Spectrometer counts particles from 140 - 2500 nm in diameter 
DATA_INFO: Particle concentrations reported in number per cubic centimeter,1 Hz data
UNCERTAINTY: Counting uncertainty dominated by air flow, less than 5 percent. Measurement range is ~0 - 3000 per cm3 (varies depending on flow rate- manufacturer quotes 1250 per cm3 at 1.667 cc/s)
ULOD_FLAG: -7777
ULOD_VALUE: N/A
LLOD_FLAG: -8888
LLOD_VALUE: N/A
DM_CONTACT_INFO: Troy Thornberry, 325 Broadway R/CSL6, Boulder, CO 80305; troy.thornberry@noaa.gov; 303-497-3373
PROJECT_INFO: USOS, Utah POPS data from NOAA CSL Mobile Lab
STIPULATIONS_ON_USE: Please contact the PIs for questions regarding applications and uncertainties
OTHER_COMMENTS: POPS bin Edges (nm):  140.1, 146.3, 152.8, 159.6, 166.8, 174.2, 181.9, 190.0, 198.5, 207.4, 216.6, 226.2, 236.3, 246.8, 257.8, 269.3, 343.4, 450.7, 525.9, 618.5, 710.0, 822.7, 885.9, 953.9, 1027.2, 1106.1, 1191.0, 1282.5, 1381.0, 1487.1, 1601.3, 1724.3, 1856.7, 1999.3, 2152.8, 2318.2, 2496.2
Calculations assume organic aerosol refractive index of 1.52+0.00j and extinction wavelength = 532 nm
REVISION: R0
R0: Final data
Time_Start, Time_Stop, Time_Mid, Press_mb, Temp_C, Aerosol_concentration, Surface_Area_Conc, Volume_density, Effective_radius, Extinction, Bin01, Bin02, Bin03, Bin04, Bin05, Bin06, Bin07, Bin08, Bin09, Bin10, Bin11, Bin12, Bin13, Bin14, Bin15, Bin16, Bin17, Bin18, Bin19, Bin20, Bin21, Bin22, Bin23, Bin24, Bin25, Bin26, Bin27, Bin28, Bin29, Bin30, Bin31, Bin32, Bin33, Bin34, Bin35, Bin36
[from data line 551]
33060,33119,33090,867.993,32.704,334.400,58.163,3.344,0.171,0.018,28.430922,25.423723,23.372866,21.733244,20.632830,19.115240,17.013384,15.669161,15.007933,14.850679,13.933044,14.492409,14.332213,13.781402,11.553693,46.643993,13.669348,3.038260,0.988090,0.160061,0.119134,0.056745,0.045352,0.051293,0.033737,0.045645,0.016837,0.046109,0.011398,0.011730,0.028085,0.028280,0.017136,0.022724,0.005824,0.017083
33120,33179,33150,867.994,32.555,326.192,58.128,3.662,0.187,0.018,26.894011,25.075916,22.414148,21.257998,19.702513,18.122190,16.678602,15.947492,15.082442,14.298983,13.676390,13.984286,13.608399,13.441279,11.742367,45.901711,13.434472,3.291216,0.879361,0.143701,0.092954,0.040043,0.063972,0.040668,0.040208,0.034119,0.017618,0.039491,0.016799,0.034601,0.062316,0.028995,0.028764,0.023130,0.010845,0.040039
33180,33239,33210,868.011,32.538,330.288,57.861,3.436,0.176,0.018,28.264997,24.524830,23.454855,22.281248,20.110626,18.235214,17.319006,16.198681,14.746306,13.997696,13.765200,14.120420,13.783883,13.586743,11.950100,45.858440,13.437908,3.075260,0.921315,0.110759,0.077332,0.060993,0.049863,0.027843,0.044782,0.039096,0.021882,0.016914,0.027953,0.022716,0.050640,0.000000,0.027894,0.022215,0.015900,0.038337
33240,33299,33270,867.997,32.387,314.181,54.507,3.149,0.171,0.017,26.593903,24.453802,22.696543,20.745953,18.951164,17.961302,16.149815,15.443938,13.739689,13.692770,13.200022,13.695936,13.110830,12.801764,10.960794,42.595497,12.880161,2.963937,0.928117,0.110171,0.060966,0.055531,0.066734,0.033122,0.049723,0.016655,0.021837,0.039191,0.022426,0.016511,0.043916,0.017016,0.022252,0.005411,0.011030,0.022428
33300,33359,33330,868.004,32.419,310.422,54.030,3.122,0.171,0.017,26.314499,23.807961,21.663843,20.055124,19.199671,17.615952,16.260668,15.109768,14.522160,13.006943,13.446227,13.093224,13.433105,12.555087,10.940536,41.999023,12.900158,2.912237,0.906096,0.174183,0.109336,0.082946,0.037721,0.021399,0.038622,0.011058,0.005482,0.027562,0.021628,0.038920,0.022132,0.011534,0.027248,0.016542,0.011067,0.022123
33360,33419,33390,868.048,32.615,299.160,52.517,3.359,0.187,0.016,25.445265,23.205107,20.431087,20.104044,18.158333,16.863899,15.061051,14.299378,14.098235,13.496650,12.775126,13.180660,12.572989,12.146905,10.819765,40.504005,11.745312,2.810143,0.865731,0.073212,0.088468,0.072786,0.039121,0.016674,0.022612,0.000000,0.027064,0.016671,0.011082,0.016388,0.044243,0.033412,0.032527,0.010742,0.027604,0.043958
33420,33479,33450,868.104,32.791,279.876,48.620,2.904,0.176,0.015,24.458426,22.295786,19.791218,18.662111,16.893053,16.010714,14.119833,13.394335,12.320569,12.090721,11.807615,11.927381,11.821516,11.247674,10.360125,37.488213,11.085877,2.690809,0.821155,0.126460,0.100049,0.027632,0.027868,0.039370,0.005342,0.028370,0.027207,0.033073,0.017086,0.022544,0.050540,0.022516,0.016381,0.011186,0.011205,0.021885
33480,33539,33510,868.142,32.615,278.969,47.877,2.735,0.169,0.015,25.000687,22.114273,19.783138,18.560154,17.526114,15.221865,14.814239,13.486535,12.648846,12.107803,11.701540,11.392464,11.638509,11.392075,9.756312,36.868462,11.107147,2.504168,0.735309,0.139738,0.111431,0.038888,0.067446,0.028426,0.028230,0.016106,0.016036,0.005747,0.010869,0.022544,0.056549,0.005767,0.016710,0.022144,0.005593,0.016780
33540,33599,33570,868.172,32.533,273.807,46.936,2.717,0.170,0.014,23.530615,21.015211,19.066336,18.668123,16.916626,15.730730,14.449685,13.737112,12.186343,12.264282,11.223091,12.067548,11.601109,11.167388,9.401003,36.042854,10.969148,2.452757,0.801525,0.110596,0.082816,0.043684,0.016738,0.044366,0.039405,0.016790,0.016651,0.016505,0.011130,0.005394,0.044497,0.028063,0.005688,0.000000,0.005688,0.027616
33600,33659,33630,868.180,32.490,281.927,48.246,2.705,0.167,0.015,23.809814,22.166817,20.498489,18.854265,18.508101,15.733468,15.172486,13.413815,12.589059,11.858510,12.156336,12.107703,11.966864,11.141431,9.657307,37.048325,10.928753,2.843560,0.853644,0.151274,0.111068,0.055883,0.054638,0.039295,0.022331,0.028646,0.005464,0.022355,0.038802,0.011264,0.016837,0.022260,0.011052,0.005342,0.016096,0.005807
33660,33719,33690,868.213,32.489,279.581,49.082,3.181,0.191,0.015,24.308481,21.837139,19.991989,18.745293,16.919531,15.360390,14.355440,13.825218,12.957986,12.460818,11.981981,12.164317,11.460075,11.497989,9.967061,36.659836,11.123058,2.595283,0.739844,0.104850,0.100043,0.071761,0.016298,0.022784,0.039088,0.016759,0.005593,0.028451,0.000000,0.033725,0.038935,0.027968,0.027942,0.034238,0.038583,0.022525
33720,33779,33750,868.228,32.487,272.943,47.248,2.846,0.178,0.015,23.418865,21.223549,19.173615,18.982159,17.505070,15.826325,14.585433,13.699283,12.126637,12.088085,11.329882,11.187103,11.294737,10.659691,9.544025,35.330608,10.975072,2.534638,0.850841,0.097382,0.102095,0.050187,0.039376,0.039614,0.028122,0.029006,0.029143,0.016943,0.033314,0.028984,0.028194,0.022231,0.011303,0.005650,0.028336,0.017420
33780,33839,33810,868.240,32.367,273.609,47.159,2.859,0.180,0.014,23.783787,21.946650,19.690294,18.550007,17.289568,15.736482,14.036631,13.527695,12.422195,11.706338,11.704648,11.441130,11.704915,11.117644,9.474747,34.815563,10.845482,2.474522,0.718674,0.129031,0.121964,0.033401,0.039541,0.016502,0.027533,0.017086,0.011535,0.027359,0.033775,0.032484,0.027292,0.021883,0.033078,0.027325,0.000000,0.022268
33840,33899,33870,868.239,32.340,274.500,47.729,2.932,0.181,0.015,23.190809,21.708696,20.316978,18.191122,17.827642,15.896448,14.346785,13.373461,12.175479,12.132730,11.842450,11.273463,11.421529,10.494296,9.642637,36.130795,10.512028,2.534260,0.848510,0.127472,0.099929,0.044705,0.016142,0.022121,0.033403,0.038853,0.016065,0.021643,0.060162,0.032736,0.038627,0.011264,0.016682,0.011534,0.016294,0.032741
33900,33959,33930,868.239,32.402,291.571,51.540,3.190,0.182,0.016,24.513777,22.274481,20.680876,18.672119,17.766424,16.770580,15.299637,14.673276,13.384278,13.115709,12.313332,12.035767,11.941820,11.843739,10.114202,39.556183,12.304166,2.820054,0.752392,0.123566,0.120366,0.070671,0.048872,0.049953,0.027711,0.054403,0.032952,0.022176,0.027152,0.022186,0.021782,0.016461,0.021970,0.027640,0.016438,0.033478
33960,34019,33990,868.237,32.569,313.560,54.539,3.162,0.172,0.017,25.618446,23.626287,21.200737,20.327009,19.613457,17.560482,15.970333,15.461661,14.361272,14.351871,13.119293,13.719802,13.526522,13.440115,11.184960,43.388115,12.865875,2.781814,0.766426,0.150883,0.089165,0.066950,0.067100,0.039008,0.017051,0.044184,0.016877,0.016457,0.033897,0.022679,0.022205,0.038839,0.016258,0.011418,0.011077,0.011096
34020,34079,34050,868.196,32.661,319.106,56.864,3.424,0.178,0.018,25.740137,23.553057,21.079704,20.557869,19.341404,17.452055,16.462826,15.481070,14.533646,14.055864,13.591225,14.190678,13.815939,12.911496,11.823005,45.816700,13.957202,3.108471,0.978123,0.127482,0.083807,0.055090,0.061620,0.043957,0.011455,0.022357,0.015872,0.022640,0.038760,0.011075,0.033673,0.039132,0.044477,0.028138,0.005342,0.010586
34080,34139,34110,868.075,32.617,367.118,67.620,3.899,0.171,0.022,27.645578,24.854954,22.916862,21.494974,20.618008,19.154879,18.113373,17.374123,16.680378,15.867267,16.284502,16.732870,17.137810,16.788706,13.963604,57.524166,17.766829,4.319190,1.211760,0.144810,0.072198,0.060696,0.055646,0.027744,0.027690,0.028328,0.027558,0.028544,0.033291,0.044457,0.027525,0.022478,0.022567,0.015890,0.005828,0.022572
34140,34199,34170,867.992,32.506,341.130,62.186,3.689,0.176,0.020,26.588905,23.922400,22.399120,21.065594,19.178106,18.104774,16.891880,16.337095,15.351030,14.866793,14.850886,15.269200,15.475808,15.155037,12.992962,51.099686,15.786400,4.047089,1.061647,0.138228,0.133605,0.055144,0.038477,0.027712,0.011171,0.022543,0.032802,0.027479,0.021976,0.027007,0.044193,0.027758,0.027613,0.011416,0.016203,0.021800
34200,34259,34230,867.940,32.385,335.224,60.520,3.526,0.173,0.019,25.881796,23.560627,22.312202,20.885202,19.110382,17.830065,16.977701,16.167774,15.718747,14.310896,14.876442,14.435344,15.571517,14.878212,13.151219,49.000866,15.140815,3.733723,0.975975,0.165824,0.121762,0.044090,0.033231,0.044639,0.038385,0.027864,0.027904,0.028433,0.022417,0.022120,0.033211,0.016524,0.033013,0.005727,0.011343,0.027600
34260,34319,34290,867.905,32.287,412.969,77.308,4.509,0.174,0.026,29.997448,27.134987,24.894844,23.935192,22.525463,21.206799,19.944864,18.679190,18.825727,18.157391,18.272335,19.007090,19.628586,18.777830,16.320633,67.533630,20.811733,5.378040,1.135014,0.169971,0.141364,0.064142,0.059077,0.053280,0.030191,0.041022,0.011735,0.012120,0.041452,0.035759,0.041400,0.035430,0.006134,0.018048,0.005659,0.035240
34320,34379,34350,867.951,32.340,389.846,72.145,4.095,0.169,0.024,27.980112,26.582081,24.160835,22.427019,21.134027,20.850513,19.083973,18.433466,17.587883,17.243662,17.204662,17.845984,17.867624,17.891886,15.403570,62.220306,19.341396,4.563950,1.275443,0.161685,0.156388,0.050402,0.027662,0.049976,0.033974,0.050158,0.022321,0.034014,0.000000,0.028486,0.044660,0.021869,0.027325,0.011039,0.010792,0.016836
34380,34439,34410,868.008,32.527,352.338,65.016,4.143,0.189,0.021,27.072536,25.150503,22.467836,21.818800,20.269106,18.704254,17.134586,17.344713,15.541738,15.085487,14.587748,16.127811,15.927336,15.540922,14.321028,53.638783,15.939109,3.682497,1.132066,0.148549,0.119034,0.080363,0.057530,0.045728,0.046586,0.028218,0.039855,0.034809,0.022770,0.033862,0.045824,0.045800,0.011115,0.022429,0.028230,0.040049
34440,34499,34470,868.021,32.709,359.445,66.097,3.926,0.176,0.022,27.089563,24.351425,22.682735,20.896288,20.617468,19.547518,18.111465,17.094837,16.132011,16.848553,15.731968,16.022587,16.274439,15.839775,13.746750,55.249767,17.008835,4.383708,1.142757,0.138989,0.115998,0.016310,0.050787,0.032896,0.033181,0.028062,0.022197,0.027991,0.016560,0.027658,0.038717,0.033261,0.028332,0.022199,0.033304,0.005631
34500,34559,34530,867.989,32.700,399.469,74.088,4.160,0.167,0.024,29.218611,26.378958,24.887192,23.654352,23.129271,20.142071,18.883804,18.577278,17.593056,17.519156,16.948587,18.100637,18.636580,17.797106,16.224461,64.718109,20.309515,4.807316,1.234394,0.178307,0.072937,0.084188,0.071971,0.062152,0.022273,0.027821,0.033179,0.010727,0.011460,0.022509,0.032968,0.000000,0.005612,0.016816,0.016620,0.038700
34560,34619,34590,867.928,32.635,415.334,77.638,4.367,0.168,0.026,29.492363,27.009554,25.023743,24.320023,22.305700,21.264736,19.749378,19.137270,18.854567,17.604576,18.112801,19.068048,19.961393,19.447536,17.049458,68.400627,21.551090,4.882469,1.377610,0.164504,0.088043,0.082560,0.049776,0.044266,0.026780,0.021774,0.038872,0.027963,0.021879,0.033348,0.038543,0.022271,0.022024,0.010955,0.010823,0.016860
34620,34679,34650,867.799,32.572,421.503,79.176,4.662,0.175,0.026,30.685461,27.016981,24.991915,24.137663,23.399837,21.680546,19.493601,20.087179,18.916231,18.228485,19.030497,19.129114,19.554159,19.141993,18.223471,68.764862,21.747755,5.329572,1.119062,0.176060,0.169993,0.071063,0.032676,0.059723,0.021982,0.022324,0.016722,0.049228,0.005556,0.027976,0.043485,0.044345,0.027797,0.011283,0.022720,0.021903
34680,34739,34710,867.642,32.381,429.108,81.451,4.864,0.178,0.027,29.941135,27.594908,25.555578,24.544638,24.313093,21.117783,20.409712,20.228876,18.759701,19.261061,19.073318,19.477077,20.095940,20.075630,18.160795,70.909355,21.821451,5.399481,1.513459,0.132659,0.170880,0.065990,0.039345,0.043663,0.038232,0.027556,0.038426,0.044262,0.072189,0.021761,0.027290,0.028298,0.027338,0.022153,0.022087,0.033103
34740,34799,34770,867.530,32.474,447.592,84.394,4.929,0.174,0.028,31.545401,29.049633,26.532091,25.547436,24.543570,22.339863,20.974651,20.728397,20.018801,20.015652,19.690308,20.275303,21.369062,20.578657,18.038692,75.726929,23.056831,5.439744,1.282740,0.161159,0.097383,0.092019,0.080597,0.068368,0.023012,0.034017,0.028683,0.022818,0.028693,0.051920,0.040531,0.039735,0.005669,0.017595,0.011669,0.034816
34800,34859,34830,867.475,32.779,449.874,84.728,4.786,0.168,0.028,31.820803,28.923664,26.280062,25.380184,24.598894,22.463917,21.764135,20.797661,19.965391,19.771996,20.127872,20.871452,20.667301,20.941853,18.709864,75.755470,23.082890,5.664029,1.509592,0.115852,0.172037,0.088921,0.033734,0.033979,0.061421,0.027663,0.050131,0.016417,0.005208,0.027042,0.045128,0.011338,0.027781,0.016153,0.022454,0.022101
34860,34919,34890,867.519,32.672,451.729,85.300,4.889,0.171,0.028,30.599266,29.123312,26.270044,25.692465,24.917028,22.525082,21.621494,21.020226,20.381054,20.341995,19.786198,20.799128,21.522732,20.924824,19.071333,75.713799,23.547913,5.638875,1.385083,0.193305,0.194137,0.077301,0.022109,0.021880,0.022198,0.049933,0.038458,0.044967,0.033523,0.011043,0.028250,0.022229,0.010386,0.021843,0.027543,0.027813
34920,34979,34950,867.589,32.456,446.316,83.538,4.673,0.167,0.027,30.639416,28.894188,27.035961,25.575048,23.930574,22.573200,21.585316,19.919704,19.896576,19.951521,19.338203,20.361059,20.724838,20.838720,18.032381,76.169685,23.212667,5.562424,1.427285,0.150707,0.110799,0.050404,0.061497,0.028104,0.050322,0.021879,0.010996,0.017301,0.005308,0.011269,0.027650,0.039104,0.017052,0.005787,0.016539,0.022243
34980,35039,35010,867.668,32.578,444.039,83.959,4.832,0.171,0.028,30.955626,28.196337,25.894136,25.008938,24.208921,22.658602,20.999893,20.755604,19.420412,19.498030,19.440044,20.112219,21.548744,20.388235,18.178646,75.558937,23.527548,5.546284,1.398865,0.155229,0.116554,0.076600,0.038510,0.033146,0.061176,0.016430,0.022401,0.033203,0.016949,0.028027,0.032788,0.033909,0.021832,0.010719,0.011243,0.034132
35040,35099,35070,867.721,32.537,440.837,83.732,4.851,0.172,0.028,30.090702,28.350264,25.719795,25.125111,23.355568,22.047125,21.551750,20.893917,18.545990,19.501583,18.933908,20.446056,21.646532,20.427744,17.928417,74.870590,23.493996,5.676028,1.481151,0.132115,0.150085,0.057967,0.057416,0.039993,0.045562,0.029646,0.028247,0.029758,0.011716,0.023346,0.028544,0.029332,0.017091,0.011570,0.023157,0.035644
35100,35159,35130,867.776,32.693,439.892,83.091,4.826,0.173,0.028,30.521505,28.376127,25.808821,25.272591,23.468027,22.304581,21.165483,20.421249,19.824905,19.291286,18.790274,20.019304,20.808517,20.959476,18.303970,74.242851,22.680101,5.447673,1.444016,0.116511,0.127648,0.098799,0.055152,0.038883,0.027939,0.016560,0.027453,0.016424,0.010844,0.038591,0.055947,0.027398,0.011186,0.016171,0.023029,0.032838
35160,35219,35190,867.769,32.867,423.116,79.653,4.555,0.171,0.026,30.360504,26.724806,25.634418,24.283316,23.289551,21.795513,20.272552,19.438932,18.832430,18.624277,18.073214,19.499689,19.891159,20.164782,17.085695,69.659576,21.866560,5.532747,1.280875,0.160555,0.143267,0.066161,0.076933,0.021641,0.038321,0.038174,0.049550,0.033702,0.027507,0.033317,0.022135,0.011224,0.005537,0.021651,0.033174,0.022358
35220,35279,35250,867.767,32.899,420.679,78.032,4.266,0.163,0.025,29.883020,27.185112,25.912415,24.646852,23.442657,21.454065,20.400702,19.929066,18.801178,18.444765,17.816483,18.540022,19.455788,19.367949,17.415098,69.140594,22.052124,4.840228,1.326622,0.117126,0.155576,0.037951,0.033870,0.016586,0.011439,0.022682,0.028107,0.016816,0.039653,0.033789,0.050173,0.005394,0.010922,0.011300,0.027642,0.005359
35280,35339,35310,867.744,32.940,396.912,73.759,4.258,0.172,0.024,28.031809,27.036831,24.330202,23.657726,22.172552,20.598520,19.781176,18.246099,17.638535,17.166107,17.148428,18.648392,18.451115,17.570494,16.069124,63.797089,19.906301,4.780450,1.157204,0.117076,0.110474,0.055410,0.039649,0.049784,0.044491,0.044421,0.033458,0.016837,0.033641,0.055255,0.022623,0.027881,0.027394,0.017046,0.011534,0.016614
