CampaignData_and_Merges/R0/CSL_MobileLab_Parked/raw/20240727/USOS-NOAAIodideCIMS-HCOOH_MobileLabGround_20240727_RA.ict
33, 1001
Michael A Robinson, Chris Jernigan, Subi Thakali
NOAA ESRL Chemical Sciences Laboratory and CIRES, U. of Colorado
NOAA Iodide CIMS Instrument
USOS
1, 1
2024, 07, 27, 2024, 07, 28
1
starttime_UTC, seconds_past_midnight, seconds_of_day_since_00:00:00_UTC
1
1
-9999
HCOOH_NOAACIMS, pptv, Gas_HCOOH_InSitu_S_AVMR, 
0
18
PI_CONTACT_INFO: 325 Broadway, R/CSD 7, Boulder, Colorado 80305; michael.a.robinson@noaa.gov; chris.jernigan@noaa.gov;
PLATFORM: NOAA CSL Mobile Lab
LOCATION: SLC, Utah
ASSOCIATED_DATA: 1Hz data also available on request.
INSTRUMENT_INFO: NOAA I- ToF CIMS
DATA_INFO: All data in parts per trillion by volume (pptv). 1 Hz data is available upon request.
UNCERTAINTY: TBD
ULOD_FLAG: -7777
ULOD_VALUE: N/A
LLOD_FLAG: -8888
LLOD_VALUE: N/A
DM_CONTACT_INFO: Nathan Howard; nathan.h.howard@noaa.gov
PROJECT_INFO: USOS, summer 2024. https://csl.noaa.gov/groups/csl7/measurements/2024usos/
STIPULATIONS_ON_USE: Users are strongly encouraged to contact the PI for proper data usage.
OTHER_COMMENTS: 
REVISION: RA
RA: Preliminary Data; For in-field use only
starttime_UTC, HCOOH_NOAACIMS
     0, 612.598
    60, 653.918
   120, 552.814
   180, 590.572
   240, 522.749
   300, 519.314
   360, 536.061
   420, 546.373
   480, 554.037
   540, 539.886
   600, 588.505
   660, 569.169
   720, 549.711
   780, 579.682
   840, 587.056
   900, 720.334
   960, 649.161
  1020, 658.376
  1080, 679.885
  1140, 687.759
  1200, 760.864
  1260, 719.694
  1320, 766.018
  1380, 700.405
  1440, 681.226
  1500, 675.741
  1560, 661.071
  1620, 620.836
  1680, 656.941
  1740, 648.565
  1800, 687.164
  1860, 673.680
  1920, 647.108
  1980, 638.244
  2040, 635.445
  2100, 640.675
  2160, 630.889
  2220, 623.740
  2280, 618.462
  2340, 671.895
  2400, 713.080
  2460, 711.949
  2520, 706.132
  2580, 640.890
  2640, 640.837
  2700, 657.031
  2760, 683.971
  2820, 675.111
  2880, 699.582
  2940, 730.953
  3000, 746.556
  3060, 726.500
  3120, 684.086
  3180, 678.405
  3240, 680.760
  3300, 647.862
  3360, 610.404
  3420, 610.770
  3480, 592.606
  3540, 611.770
  3600, 582.767
  3660, 607.265
  3720, 603.587
  3780, 633.550
  3840, 689.000
  3900, 675.204
  3960, 698.430
  4020, 747.480
  4080, 804.140
  4140, 869.969
  4200, 798.935
  4260, 797.151
  4320, 835.521
  4380, 784.313
  4440, 843.870
  4500, 915.572
  4560, 898.829
  4620, 905.159
  4680, 962.545
  4740, 955.707
  4800, 965.624
  4860, 930.494
  4920, 1059.178
  4980, 1081.528
  5040, 1087.109
  5100, 1150.709
  5160, 1123.321
  5220, 1066.041
  5280, 1013.172
  5340, 1169.701
  5400, 1120.592
  5460, 1056.063
  5520, 1033.349
  5580, 1063.844
  5640, 1144.920
  5700, 1255.786
  5760, 1187.141
  5820, 1235.304
  5880, 1176.976
  5940, 1241.144
  6000, 1248.394
  6060, 1194.058
  6120, 1311.032
  6180, 1120.272
  6240, -9999.000
  6300, 981.354
  6360, 1129.240
  6420, 1092.447
  6480, 1301.184
  6540, 1278.400
  6600, 1312.700
  6660, 1386.397
  6720, 1164.122
  6780, 1176.913
  6840, 1202.535
  6900, 1164.477
  6960, 1284.099
  7020, 1346.719
  7080, 1306.126
  7140, 1421.687
  7200, 1413.871
  7260, 1340.399
  7320, 1494.881
  7380, 1433.965
  7440, 1522.366
  7500, 1461.653
  7560, 1470.903
  7620, 1465.633
  7680, 1541.952
  7740, 1434.498
  7800, 858.384
  7860, 852.317
  7920, 961.268
  7980, 1012.210
  8040, 1001.676
  8100, -9999.000
  8160, 943.771
  8220, 949.743
  8280, 911.222
  8340, 1017.154
  8400, 1025.721
  8460, 1028.093
  8520, 992.926
  8580, 970.397
  8640, 915.404
  8700, 931.990
  8760, 914.263
  8820, 916.351
  8880, 932.944
  8940, 931.225
  9000, 1010.775
  9060, 1023.696
  9120, 960.424
  9180, 1061.974
  9240, 1190.608
  9300, 1186.677
  9360, 1362.366
  9420, 1449.062
  9480, 1487.854
  9540, 1475.346
  9600, 1558.467
  9660, 1512.054
  9720, 1537.314
  9780, 1505.939
  9840, 1508.900
  9900, 1459.438
  9960, -9999.000
 10020, 1426.693
 10080, 1516.625
 10140, 1461.269
 10200, 1530.865
 10260, 1565.438
 10320, 1552.647
 10380, 1594.628
 10440, 1549.291
 10500, 1542.611
 10560, 1541.372
 10620, 1536.465
 10680, 1570.880
 10740, 1543.116
 10800, 1525.974
 10860, 1530.723
 10920, 1556.129
 10980, 1528.968
 11040, 1527.440
 11100, 1543.944
 11160, 1511.234
 11220, 1532.950
 11280, 1606.721
 11340, 1594.701
 11400, 1536.922
 11460, 1553.039
 11520, 1538.179
 11580, 1552.670
 11640, 1631.626
 11700, 1623.320
 11760, 1554.551
 11820, 1585.885
 11880, 1605.363
 11940, 1610.988
 12000, 1608.463
 12060, 1524.619
 12120, 1530.783
 12180, 1568.808
 12240, 1596.922
 12300, 1584.632
 12360, 1585.421
 12420, 1635.871
 12480, 1558.215
 12540, 1545.589
 12600, 1592.024
 12660, 1600.054
 12720, 1580.685
 12780, 1537.724
 12840, 1505.632
 12900, 1558.624
 12960, 1552.578
 13020, 1527.723
 13080, 1496.740
 13140, 1482.405
 13200, 1575.693
 13260, 1520.251
 13320, 1519.056
 13380, 1518.053
 13440, 1452.584
 13500, 1517.006
 13560, 1509.604
 13620, -9999.000
 13680, 1439.658
 13740, 1431.154
 13800, 1452.935
 13860, 1426.979
 13920, 1456.187
 13980, 1405.436
 14040, 1383.487
 14100, 1477.040
 14160, 1446.798
 14220, 1444.114
 14280, 1391.886
 14340, 1411.559
 14400, 1407.314
 14460, 1380.021
 14520, 1470.382
 14580, 1387.888
 14640, 1385.549
 14700, 1420.678
 14760, 1403.356
 14820, 1410.745
 14880, 1417.927
 14940, 1353.728
 15000, 1422.676
 15060, 1387.300
 15120, 1407.177
 15180, 1396.274
 15240, 1376.410
 15300, 1402.805
 15360, 1389.396
 15420, 1388.529
 15480, -9999.000
 15540, 1379.781
 15600, 1378.300
 15660, 1347.417
 15720, 1340.449
 15780, 1382.758
 15840, 1388.326
 15900, 1375.124
 15960, 1378.855
 16020, 1367.859
 16080, 1352.298
 16140, 1306.853
 16200, 1319.279
 16260, 1333.682
 16320, 1363.903
 16380, 1328.938
 16440, 1342.374
 16500, 1335.202
 16560, 1336.243
 16620, 1303.013
 16680, 1326.184
 16740, 1272.829
 16800, 1279.281
 16860, 1332.828
 16920, 1323.120
 16980, 1333.844
 17040, 1328.849
 17100, 1284.258
 17160, 1340.597
 17220, 1308.921
 17280, 1251.247
 17340, -9999.000
 17400, 1341.469
 17460, 1338.195
 17520, 1316.092
 17580, 1251.688
 17640, 1289.669
 17700, 1287.439
 17760, 1337.971
 17820, 1285.353
 17880, 1268.798
 17940, 1291.770
 18000, 1266.326
 18060, 1286.428
 18120, 1308.881
 18180, 1269.072
 18240, 1316.647
 18300, 1247.877
 18360, 1286.321
 18420, 1294.632
 18480, 1322.303
 18540, 1259.732
 18600, 1292.034
 18660, 1252.013
 18720, 1333.877
 18780, 1247.084
 18840, 1286.954
 18900, 1223.370
 18960, 1274.402
 19020, 1327.191
 19080, 1285.390
 19140, 1233.719
 19200, 1228.770
 19260, 1211.612
 19320, 1306.175
 19380, 1167.447
 19440, 1212.925
 19500, 1259.601
 19560, 1291.977
 19620, 1264.836
 19680, 1273.611
 19740, 1232.541
 19800, 1243.306
 19860, 1192.516
 19920, 1225.319
 19980, 1241.669
 20040, 1233.477
 20100, 1241.852
 20160, 1245.010
 20220, 1240.227
 20280, 1273.865
 20340, 1242.571
 20400, 1197.516
 20460, 1205.217
 20520, 1235.479
 20580, 1264.764
 20640, 1248.441
 20700, 1218.343
 20760, 1263.089
 20820, 1300.594
 20880, 1284.824
 20940, 1173.023
 21000, 1123.142
 21060, 1243.495
 21120, 1245.808
 21180, 1239.233
 21240, 1276.646
 21300, 1243.842
 21360, 1295.257
 21420, 1224.449
 21480, 1277.144
 21540, 1270.166
 21600, 1247.019
 21660, 1269.914
 21720, 1237.097
 21780, 1222.493
 21840, 1212.391
 21900, 1170.618
 21960, 1224.933
 22020, 1265.881
 22080, 1261.819
 22140, 1265.487
 22200, 1260.951
 22260, 1239.009
 22320, 1263.486
 22380, 1190.667
 22440, 1234.448
 22500, 1307.617
 22560, 1298.893
 22620, 1257.686
 22680, 1273.284
 22740, 1266.137
 22800, 1288.308
 22860, 1190.443
 22920, 1262.527
 22980, 1242.151
 23040, 1312.387
 23100, 1303.500
 23160, 1422.316
 23220, 1489.805
 23280, 1546.763
 23340, 1486.043
 23400, 1504.353
 23460, 1443.881
 23520, 1509.839
 23580, 1493.258
 23640, 1505.889
 23700, 1432.421
 23760, 1403.648
 23820, 1300.572
 23880, 1265.835
 23940, 1269.581
 24000, 1263.311
 24060, 1233.337
 24120, 1280.263
 24180, 1300.222
 24240, 1274.427
 24300, 1291.023
 24360, 1319.579
 24420, 1270.314
 24480, 1291.632
 24540, 1251.738
 24600, 1258.618
 24660, 1317.354
 24720, -9999.000
 24780, 1297.396
 24840, 1294.617
 24900, 1275.374
 24960, 1331.797
 25020, 1345.484
 25080, 1340.526
 25140, 1325.695
 25200, 1367.851
 25260, 1410.512
 25320, 1434.243
 25380, 1402.078
 25440, 1536.367
 25500, 1372.771
 25560, 1311.012
 25620, 1287.358
 25680, 1307.498
 25740, 1327.378
 25800, 1290.968
 25860, 1350.702
 25920, 1409.419
 25980, 1295.098
 26040, 1317.879
 26100, 1408.109
 26160, 1403.491
 26220, 1420.036
 26280, 1405.288
 26340, 1411.491
 26400, 1465.809
 26460, 1404.487
 26520, 1375.082
 26580, 1471.301
 26640, 1437.109
 26700, 1354.266
 26760, 1424.245
 26820, 1408.303
 26880, 1479.073
 26940, 1362.396
 27000, 1350.260
 27060, 1352.347
 27120, 1346.123
 27180, 1312.020
 27240, 1325.834
 27300, 1300.641
 27360, 1271.798
 27420, 1291.752
 27480, 1248.496
 27540, 1278.321
 27600, 1280.819
 27660, 1245.002
 27720, 1245.165
 27780, 1217.113
 27840, 1266.532
 27900, 1277.786
 27960, 1216.339
 28020, 1260.225
 28080, 1283.171
 28140, 1256.598
 28200, 1262.985
 28260, 1251.078
 28320, 1222.442
 28380, 1275.038
 28440, 1386.186
 28500, 1269.498
 28560, 1298.558
 28620, 1257.711
 28680, 1270.272
 28740, 1251.341
 28800, 1198.006
 28860, 1293.366
 28920, 1244.718
 28980, 1334.708
 29040, 1304.420
 29100, 1292.980
 29160, 1298.254
 29220, 1294.034
 29280, 1312.292
 29340, 1299.440
 29400, 1282.839
 29460, 1330.076
 29520, 1314.613
 29580, 1301.153
 29640, 1320.257
 29700, 1289.486
 29760, 1355.835
 29820, 1271.486
 29880, 1252.823
 29940, 1307.845
 30000, 1282.147
 30060, 1291.935
 30120, 1317.927
 30180, 1294.024
 30240, 1385.447
 30300, 1200.539
 30360, 1255.174
 30420, 1281.969
 30480, 1340.804
 30540, 1298.385
 30600, 1175.558
 30660, 1145.795
 30720, 1172.926
 30780, 1136.277
 30840, 1183.189
 30900, 1263.454
 30960, 1260.557
 31020, 1337.702
 31080, 1322.360
 31140, 1329.043
 31200, 1325.082
 31260, 1343.181
 31320, 1310.094
 31380, 1230.862
 31440, 1206.603
 31500, 1259.976
 31560, 1229.838
 31620, 1223.618
 31680, 1305.075
 31740, 1307.518
 31800, 1329.626
 31860, 1333.680
 31920, 1334.362
 31980, 1337.748
 32040, 1247.732
 32100, -9999.000
 32160, 1261.381
 32220, 1247.077
 32280, 1217.948
 32340, 1219.799
 32400, 1275.137
 32460, 1244.027
 32520, 1290.696
 32580, 1286.401
 32640, 1283.669
 32700, 1290.727
 32760, 1241.368
 32820, 1234.683
 32880, 1230.719
 32940, 1194.060
 33000, 1178.590
 33060, 1135.763
 33120, 1189.819
 33180, 1156.546
 33240, 1136.738
 33300, 1171.522
 33360, 1203.867
 33420, 1301.174
 33480, 1426.114
 33540, 1791.261
 33600, 2202.703
 33660, 1930.678
 33720, 2144.562
 33780, 2113.340
 33840, 1615.775
 33900, 1605.415
 33960, -9999.000
 34020, 1540.868
 34080, 2204.332
 34140, 2476.395
 34200, 2038.395
 34260, 2278.928
 34320, 3076.739
 34380, 2990.612
 34440, 2547.331
 34500, 2477.846
 34560, 2622.187
 34620, 3003.448
 34680, 2966.610
 34740, 2608.746
 34800, 2540.833
 34860, 2423.970
 34920, 2537.895
 34980, 2282.090
 35040, 2333.180
 35100, 2085.568
 35160, 2261.819
 35220, 1949.595
 35280, 2089.669
 35340, 1980.087
 35400, 2173.019
 35460, 2249.021
 35520, 2221.414
 35580, 1966.517
 35640, 1836.622
 35700, 1618.482
 35760, 1533.282
 35820, -9999.000
 35880, 1560.199
 35940, 1546.863
 36000, 1683.653
 36060, 1824.384
 36120, 1867.975
 36180, 1903.264
 36240, 1907.533
 36300, 1990.997
 36360, 2100.355
 36420, 2056.526
 36480, 2079.115
 36540, 2092.350
 36600, 2103.328
 36660, 2132.125
 36720, 2139.680
 36780, 2094.410
 36840, 2157.031
 36900, 2114.505
 36960, 2194.919
 37020, 2184.536
 37080, 2166.464
 37140, 2288.070
 37200, 2308.043
 37260, 2360.154
 37320, 2395.440
 37380, 2359.153
 37440, 2432.185
 37500, 2477.019
 37560, 2484.304
 37620, 2438.617
 37680, 2501.752
 37740, 2423.216
 37800, 2500.079
 37860, 2479.635
 37920, 2376.996
 37980, 2410.828
 38040, 2314.634
 38100, 2133.535
 38160, 2216.157
 38220, 2076.116
 38280, 1886.321
 38340, 2046.323
 38400, 1971.141
 38460, 1951.947
 38520, 1921.990
 38580, 1861.792
 38640, 1773.049
 38700, 1901.417
 38760, 1823.871
 38820, 1769.749
 38880, 1813.683
 38940, 1775.924
 39000, 1710.969
 39060, 1828.325
 39120, 1848.248
 39180, 1761.668
 39240, 1781.666
 39300, 1731.681
 39360, 1667.808
 39420, 1789.796
 39480, -9999.000
 39540, 1779.402
 39600, 1741.523
 39660, 1694.311
 39720, 1627.684
 39780, 1695.560
 39840, 1628.760
 39900, 1662.612
 39960, 1661.947
 40020, 1606.390
 40080, 1552.211
 40140, 1630.231
 40200, 1667.836
 40260, 1733.459
 40320, 1713.443
 40380, 1651.769
 40440, 1697.381
 40500, 1695.790
 40560, 1600.366
 40620, 1595.033
 40680, 1661.875
 40740, 1705.938
 40800, 1604.342
 40860, 1632.891
 40920, 1703.178
 40980, 1681.623
 41040, 1736.739
 41100, 1660.399
 41160, 1616.839
 41220, 1739.444
 41280, 1619.659
 41340, -9999.000
 41400, 1707.144
 41460, 1608.940
 41520, 1624.077
 41580, 1677.746
 41640, 1720.744
 41700, 1625.961
 41760, 1687.227
 41820, 1715.685
 41880, 1614.537
 41940, 1687.527
 42000, 1730.919
 42060, 1737.802
 42120, 1833.976
 42180, 1926.543
 42240, 1848.311
 42300, 1893.640
 42360, 1904.915
 42420, 1911.617
 42480, 1894.689
 42540, 1931.695
 42600, 1956.329
 42660, 1905.075
 42720, 1947.709
 42780, 1990.016
 42840, 1940.855
 42900, 1985.856
 42960, 2010.966
 43020, 1993.812
 43080, 1978.426
 43140, 1890.263
 43200, -9999.000
 43260, 1906.125
 43320, 1919.693
 43380, 1945.847
 43440, 1778.038
 43500, 1768.742
 43560, 1699.864
 43620, 1819.143
 43680, 1869.695
 43740, 1951.930
 43800, 1966.442
 43860, 1951.862
 43920, 1975.024
 43980, 1977.237
 44040, 1999.328
 44100, 1938.744
 44160, 1863.510
 44220, 1816.771
 44280, 1866.828
 44340, 1845.554
 44400, 1897.975
 44460, 1801.303
 44520, 1811.088
 44580, 1891.682
 44640, 1877.010
 44700, 1734.800
 44760, 1791.892
 44820, 1713.216
 44880, 1350.016
 44940, 1374.744
 45000, 1490.735
 45060, 1159.701
 45120, 1157.971
 45180, 1261.416
 45240, 1258.081
 45300, 1265.548
 45360, 1267.292
 45420, 1257.539
 45480, 1209.096
 45540, 1260.711
 45600, 1337.780
 45660, 1305.088
 45720, 1288.965
 45780, 1365.358
 45840, 1402.476
 45900, 1438.276
 45960, 1451.918
 46020, 1458.269
 46080, 1385.101
 46140, 1449.300
 46200, 1467.047
 46260, 1494.851
 46320, 1493.645
 46380, 1453.515
 46440, 1300.710
 46500, 1351.815
 46560, 1446.637
 46620, 1418.016
 46680, 1312.683
 46740, 1300.956
 46800, 1469.517
 46860, 1676.509
 46920, 1540.733
 46980, 1595.929
 47040, 1267.065
 47100, 1508.217
 47160, 1387.910
 47220, 1209.991
 47280, 1268.081
 47340, 1183.765
 47400, 1055.740
 47460, 1087.472
 47520, 1048.512
 47580, 1035.831
 47640, 1054.532
 47700, 1037.145
 47760, 1043.934
 47820, 1038.529
 47880, 1043.680
 47940, 990.797
 48000, 1026.508
 48060, 1004.899
 48120, 930.731
 48180, 983.308
 48240, 992.951
 48300, 955.538
 48360, 969.786
 48420, 950.051
 48480, 900.968
 48540, 993.085
 48600, 984.109
 48660, 931.888
 48720, 874.540
 48780, 942.384
 48840, 935.083
 48900, 1015.749
 48960, 1016.473
 49020, 1036.186
 49080, 1047.259
 49140, 1016.412
 49200, 959.232
 49260, 1016.083
 49320, 997.107
 49380, 968.389
 49440, 925.756
 49500, 896.548
 49560, 993.605
 49620, 928.970
 49680, 847.619
 49740, 878.210
 49800, 890.268
 49860, 869.343
 49920, 944.039
 49980, 1010.568
 50040, 1159.988
 50100, 1267.334
 50160, 1282.939
 50220, 1300.267
 50280, 1316.267
 50340, 1445.119
 50400, 1526.717
 50460, 1583.857
 50520, 1502.494
 50580, -9999.000
 50640, 1689.466
 50700, 1727.073
 50760, 1749.305
 50820, 1707.305
 50880, 1840.874
 50940, 1877.950
 51000, 1775.728
 51060, 1827.848
 51120, 1981.269
 51180, 1857.005
 51240, 1807.823
 51300, 1753.921
 51360, 1790.287
 51420, 1743.887
 51480, 1768.430
 51540, 1836.779
 51600, 1847.028
 51660, 1783.561
 51720, 1806.606
 51780, 1726.346
 51840, 1802.079
 51900, 1676.407
 51960, 1583.017
 52020, 1686.862
 52080, 1677.127
 52140, 1694.998
 52200, 1719.154
 52260, 1688.518
 52320, 1803.244
 52380, 1751.718
 52440, 1595.649
 52500, 1675.266
 52560, 1702.236
 52620, 1695.149
 52680, 1652.022
 52740, 1747.393
 52800, 1750.319
 52860, 1581.581
 52920, 1473.983
 52980, 1583.309
 53040, 1574.204
 53100, 1556.323
 53160, 1582.905
 53220, 1594.795
 53280, 1651.048
 53340, 1593.605
 53400, 1609.682
 53460, 1575.055
 53520, 1519.711
 53580, 1616.428
 53640, 1594.933
 53700, 1589.136
 53760, 1635.370
 53820, 1590.460
 53880, 1687.377
 53940, 1662.055
 54000, 1680.049
 54060, 1656.005
 54120, 1551.116
 54180, 1652.489
 54240, 1682.647
 54300, -9999.000
 54360, 1531.913
 54420, 1464.643
 54480, 1558.046
 54540, 1497.416
 54600, 1523.633
 54660, 1577.278
 54720, 1539.748
 54780, 1551.587
 54840, 1568.781
 54900, 1582.255
 54960, 1561.839
 55020, 1566.514
 55080, 1587.042
 55140, 1541.886
 55200, 1550.641
 55260, 1556.934
 55320, 1568.601
 55380, 1511.682
 55440, 1511.172
 55500, 1589.560
 55560, 1543.355
 55620, 1517.225
 55680, 1486.851
 55740, 1601.896
 55800, 1613.833
 55860, 1591.351
 55920, 1605.481
 55980, 1626.277
 56040, 1582.622
 56100, 1590.647
 56160, 1638.105
 56220, 1622.771
 56280, 1490.481
 56340, 1460.350
 56400, 1441.622
 56460, 1474.817
 56520, 1492.290
 56580, 1565.408
 56640, 1598.084
 56700, 1567.018
 56760, 1586.382
