CampaignData_and_Merges/R0/CSL_MobileLab_Parked/raw/20240727/USOS-NOy-LIF_MobileLabGround_20240727_R0.ict
39,1001
Rollins, A.; Waxman, E.; Zuraski, K.; Chace, W.
NOAA Chemical Sciences Laboratory
LIF NO/NOx/NOy on CSL Mobile Lab
AMMBEC / USOS
1, 1
2024,07,27, 2025,01,04
1
Time_Start, seconds, number_of_seconds_since_0000_UTC
7
1, 1, 1, 1, 1, 1, 1
-9999, -9999, -9999, -9999, -9999, -9999, -9999
Time_Stop, seconds, number_of_seconds_since_0000_UTC
NO_LIF, pptv, Gas_NO_InSitu_S_AVMR, volume mixing ratio of nitric oxide in air
NO2_LIF, pptv, Gas_NO2_InSitu_S_AVMR, volume mixing ratio of nitrogen dioxide in air
NOy_LIF, pptv, Gas_NOy_InSitu_S_AVMR, volume mixing ratio of total oxidized nitrogen in air
NO_LIF_1SigmaAccuracy, pptv, Gas_NO_InSitu_S_AVMR, volume mixing ratio of nitric oxide in air
NO2_LIF_1SigmaAccuracy, pptv, Gas_NO2_InSitu_S_AVMR, volume mixing ratio of nitrogen dioxide in air
NOy_LIF_1SigmaAccuracy, pptv, Gas_NOy_InSitu_S_AVMR, volume mixing ratio of total oxidized nitrogen in air
0
18
PI_CONTACT_INFO: andrew.rollins@noaa.gov
PLATFORM: CSL Mobile Lab
LOCATION: Salt Lake City, UT
ASSOCIATED_DATA:
INSTRUMENT_INFO: NO detection by laser induced fluorescence. NO2 detection by photolytic conversion to NO. NOy detection by catalytic conversion to NO on gold surface
DATA_INFO:
UNCERTAINTY: Included 1 Sigma Accuracy waves represent the combined calibration uncertainties (±6%, ±9%, ±10%) and zero uncertainties (3 ppt, 20 ppt, 100 ppt) for NO, NO2, and NOy, respectively.
ULOD_FLAG: -7777
ULOD_VALUE: N/A
LLOD_FLAG: -8888
LLOD_VALUE: N/A
DM_CONTACT_INFO: andrew.rollins@noaa.gov
PROJECT_INFO: USOS Project, July - August 2024
STIPULATIONS_ON_USE: Users are strongly encouraged to contact the PI for proper data usage.
OTHER_COMMENTS:
REVISION: R0
R0: final data
Time_Start, Time_Stop, NO_LIF, NO2_LIF, NOy_LIF, NO_LIF_1SigmaAccuracy, NO2_LIF_1SigmaAccuracy, NOy_LIF_1SigmaAccuracy
[from data line 264]
   15840,   15900,-9999,-9999,-9999,-9999, -9999, -9999
   15900,   15960,107.78,2481,4869,9.4667, 243.29, 586.9
   15960,   16020,47.226,1808.8,3519.6,5.8336, 182.79, 451.96
   16020,   16080,25.386,1694.6,3080.6,4.5232, 172.51, 408.06
   16080,   16140,90.231,1847.8,3086.4,8.4139, 186.3, 408.64
   16140,   16200,74.368,1861.9,3197.8,7.4621, 187.57, 419.78
   16200,   16260,50.608,1948.6,3408.7,6.0365, 195.37, 440.87
   16260,   16320,21.343,1771.6,3099.7,4.2806, 179.44, 409.97
   16320,   16380,29.786,1666.3,2973.1,4.7872, 169.97, 397.31
   16380,   16440,13.806,1424.3,2796.6,3.8284, 148.19, 379.66
   16440,   16500,32.233,1540.4,2785.5,4.934, 158.63, 378.55
   16500,   16560,23.939,1644.2,2940.1,4.4363, 167.98, 394.01
   16560,   16620,18.948,1539.4,2874.8,4.1369, 158.55, 387.48
   16620,   16680,26.525,1555.7,2915.9,4.5915, 160.01, 391.59
   16680,   16740,24.216,1493.9,2747.9,4.453, 154.45, 374.79
   16740,   16800,21.587,1447.2,2767.8,4.2952, 150.25, 376.78
   16800,   16860,166.59,2400.6,3290.5,12.995, 236.06, 429.05
   16860,   16920,90.809,1913.8,3402.1,8.4485, 192.24, 440.21
   16920,   16980,115.69,2377.5,4050.6,9.9417, 233.98, 505.06
   16980,   17040,38.163,2018,3437.4,5.2898, 201.62, 443.74
   17040,   17100,28.527,1809.9,3207.8,4.7116, 182.89, 420.78
   17100,   17160,21.964,1691.1,3085,4.3178, 172.2, 408.5
   17160,   17220,66.365,1684.5,2889.8,6.9819, 171.6, 388.98
   17220,   17280,989.49,4302.4,6598.8,62.37, 407.22, 759.88
   17280,   17340,221.18,2885.3,5366.3,16.271, 279.68, 636.63
   17340,   17400,114.75,3017.4,3984.9,9.8852, 291.56, 498.49
   17400,   17460,131.97,2261.6,3979.3,10.918, 223.55, 497.93
   17460,   17520,55.372,2478.5,4288.1,6.3223, 243.06, 528.81
   17520,   17580,26.341,1904.3,3379.1,4.5805, 191.39, 437.91
   17580,   17640,151.21,3359,4681.7,12.072, 322.31, 568.17
   17640,   17700,66.865,2563.1,4959,7.0119, 250.68, 595.9
   17700,   17760,787.31,4536.3,5434.5,50.239, 428.27, 643.45
   17760,   17820,296.55,3720.6,6178.6,20.793, 354.85, 717.86
   17820,   17880,85.764,3075.9,4707.6,8.1458, 296.83, 570.76
   17880,   17940,70.403,3024.5,4362.4,7.2242, 292.2, 536.24
   17940,   18000,99.499,2953.8,4530.6,8.97, 285.84, 553.06
   18000,   18060,295.21,4692.9,6147.3,20.713, 442.36, 714.73
   18060,   18120,76.588,3436.3,5740.3,7.5953, 329.26, 674.03
   18120,   18180,15.644,2244.6,3659.6,3.9387, 222.01, 465.96
   18180,   18240,48.782,2880.7,4067.9,5.9269, 279.26, 506.79
   18240,   18300,91.813,3529.6,4704.1,8.5088, 337.66, 570.41
   18300,   18360,34.421,3248,5356,5.0653, 312.32, 635.6
   18360,   18420,370.31,4733.5,4792.7,25.219, 446.02, 579.27
   18420,   18480,590.45,6768.2,9560.7,38.427, 629.14, 1056.1
   18480,   18540,280.04,3842.4,5606,19.803, 365.82, 660.6
   18540,   18600,107.57,3776.9,6417.3,9.4541, 359.92, 741.73
   18600,   18660,22.423,1717.9,3289.7,4.3454, 174.61, 428.97
   18660,   18720,83.539,2373.7,3374.6,8.0124, 233.63, 437.46
   18720,   18780,73.977,3374.9,4339.9,7.4386, 323.74, 533.99
   18780,   18840,60.881,3467.4,6420.3,6.6529, 332.07, 742.03
   18840,   18900,1067.2,5070.1,6632.5,67.032, 476.31, 763.25
   18900,   18960,564.12,6591.5,9174,36.847, 613.23, 1017.4
   18960,   19020,28.432,2115.1,5061.3,4.7059, 210.36, 606.13
   19020,   19080,59.509,4200.1,4821.6,6.5706, 398.01, 582.16
   19080,   19140,48.78,4103.2,5635.6,5.9268, 389.29, 663.56
   19140,   19200,134.74,3900.1,6348.9,11.085, 371.01, 734.89
   19200,   19260,71.446,3644.9,5090.9,7.2867, 348.04, 609.09
   19260,   19320,77.956,3347,4942.7,7.6773, 321.23, 594.27
   19320,   19380,12.486,3396.6,4769.7,3.7492, 325.69, 576.97
   19380,   19440,51.222,3089.2,4799.8,6.0733, 298.03, 579.98
   19440,   19500,39.055,3384.7,4999.8,5.3433, 324.62, 599.98
   19500,   19560,35.988,2005.8,3498.8,5.1593, 200.52, 449.88
   19560,   19620,54.32,2261.4,3895.9,6.2592, 223.53, 489.59
   19620,   19680,21.701,2087.9,3585.2,4.302, 207.91, 458.52
   19680,   19740,19.176,2309.3,4179,4.1506, 227.84, 517.9
   19740,   19800,14.625,2087.1,3550.6,3.8775, 207.84, 455.06
   19800,   19860,26.654,1894.8,3338.2,4.5992, 190.53, 433.82
   19860,   19920,14.792,1988.4,3261.8,3.8875, 198.96, 426.18
   19920,   19980,14.765,1797.9,3162.2,3.8859, 181.81, 416.22
   19980,   20040,19.364,1683.1,2969.8,4.1619, 171.48, 396.98
   20040,   20100,11.351,1638,2939.5,3.6811, 167.42, 393.95
   20100,   20160,23.019,1836.7,2944.3,4.3812, 185.31, 394.43
   20160,   20220,109.08,2369.2,3435,9.5447, 233.22, 443.5
   20220,   20280,114.34,2874.9,4504.3,9.8601, 278.74, 550.43
   20280,   20340,44.344,2185.5,3385.7,5.6606, 216.69, 438.57
   20340,   20400,529.54,4177.8,5971,34.772, 396, 697.1
   20400,   20460,72.917,2294.9,4055.4,7.375, 226.54, 505.54
   20460,   20520,52.538,1817.3,3495.5,6.1523, 183.55, 449.55
   20520,   20580,51.662,1975.8,3148.3,6.0997, 197.82, 414.83
   20580,   20640,54.052,2511.6,3543.1,6.2431, 246.04, 454.31
   20640,   20700,25.463,2417.8,4196.5,4.5278, 237.6, 519.65
   20700,   20760,10.799,2110.3,3987.3,3.6479, 209.92, 498.73
   20760,   20820,45.897,2449.7,4191.8,5.7538, 240.47, 519.18
   20820,   20880,41.979,4021.4,4761.1,5.5187, 381.92, 576.11
   20880,   20940,11.767,2855.6,4845.6,3.706, 277, 584.56
   20940,   21000,11.762,1726.9,3381.3,3.7057, 175.42, 438.13
   21000,   21060,21.527,1979.2,3631.3,4.2916, 198.13, 463.13
   21060,   21120,17.44,2614.4,3879.7,4.0464, 255.29, 487.97
   21120,   21180,14.001,2099,3757.8,3.8401, 208.91, 475.78
   21180,   21240,80.022,2406.6,4472.1,7.8013, 236.6, 547.21
   21240,   21300,546.88,4046.2,4683.1,35.813, 384.15, 568.31
   21300,   21360,30.066,2058.6,4464,4.804, 205.27, 546.4
   21360,   21420,36.863,2539.1,3660.2,5.2118, 248.52, 466.02
   21420,   21480,47.546,3582.3,4112.7,5.8527, 342.41, 511.27
   21480,   21540,53.231,2464.6,4374.4,6.1939, 241.81, 537.44
   21540,   21600,56.15,2075.1,4053.2,6.369, 206.76, 505.32
   21600,   21660,622.86,3582.3,4617.4,40.372, 342.41, 561.74
   21660,   21720,602.23,3499,7897.2,39.134, 334.91, 889.72
   21720,   21780,55.001,2191.2,4127.9,6.3001, 217.21, 512.79
   21780,   21840,40.924,1844.5,3280.2,5.4554, 186, 428.02
   21840,   21900,105.46,3002,4164.2,9.3273, 290.18, 516.42
   21900,   21960,43.71,2228.7,4149.3,5.6226, 220.59, 514.93
   21960,   22020,46.961,2046.5,3400.9,5.8177, 204.18, 440.09
   22020,   22080,28.188,2091.5,3490.5,4.6913, 208.23, 449.05
   22080,   22140,43.415,1631.8,3022,5.6049, 166.86, 402.2
   22140,   22200,96.886,2159.7,3363.7,8.8131, 214.37, 436.37
   22200,   22260,189.07,3456.4,5076.3,14.344, 331.08, 607.63
   22260,   22320,19.267,1932.8,4236.8,4.156, 193.95, 523.68
   22320,   22380,1723.5,7248.4,9569,106.41, 672.35, 1056.9
   22380,   22440,558.52,5260.8,14373,36.511, 493.47, 1537.3
   22440,   22500,45.09,3964.8,6909.1,5.7054, 376.83, 790.91
   22500,   22560,33.084,4568.3,6952.1,4.9851, 431.15, 795.21
   22560,   22620,48.002,3687,5107.6,5.8801, 351.83, 610.76
   22620,   22680,55.945,3500.6,4797.5,6.3567, 335.05, 579.75
   22680,   22740,18.195,2901,4881.5,4.0917, 281.09, 588.15
   22740,   22800,44.67,2934.6,4578.9,5.6802, 284.12, 557.89
   22800,   22860,60.925,3575.9,5133.4,6.6555, 341.83, 613.34
   22860,   22920,22.98,2167.2,4547.1,4.3788, 215.05, 554.71
   22920,   22980,50.245,1950.6,3370.2,6.0147, 195.55, 437.02
   22980,   23040,26.627,1820.3,4438.4,4.5976, 183.82, 543.84
   23040,   23100,6.1346,2045.9,3514.2,3.3681, 204.13, 451.42
   23100,   23160,7.4819,2081.4,3380.9,3.4489, 207.33, 438.09
   23160,   23220,7.0133,3260.2,4669.4,3.4208, 313.42, 566.94
   23220,   23280,7.0115,5777,7307,3.4207, 539.93, 830.7
   23280,   23340,7.236,5675.1,7443.8,3.4342, 530.76, 844.38
   23340,   23400,7.2425,5161.8,6962.9,3.4346, 484.56, 796.29
   23400,   23460,7.839,5227.5,7004.7,3.4703, 490.48, 800.47
   23460,   23520,-9999,-9999,-9999,-9999, -9999, -9999
   23520,   23580,-9999,-9999,-9999,-9999, -9999, -9999
   23580,   23640,-9999,-9999,-9999,-9999, -9999, -9999
   23640,   23700,-9999,-9999,-9999,-9999, -9999, -9999
   23700,   23760,-9999,-9999,-9999,-9999, -9999, -9999
   23760,   23820,-9999,-9999,-9999,-9999, -9999, -9999
   23820,   23880,-9999,-9999,-9999,-9999, -9999, -9999
   23880,   23940,47.994,5072.8,6866.6,5.8796, 476.55, 786.66
   23940,   24000,37.797,5013.6,6731.9,5.2678, 471.22, 773.19
   24000,   24060,48.712,5083.8,6735.9,5.9227, 477.54, 773.59
   24060,   24120,86.48,5327.2,6775.5,8.1888, 499.44, 777.55
   24120,   24180,238.56,6001.7,7685.7,17.313, 560.15, 868.57
   24180,   24240,15.092,4928.3,6809.6,3.9055, 463.55, 780.96
   24240,   24300,34.393,5148.3,6679,5.0636, 483.35, 767.9
   24300,   24360,31.857,5756.9,7319.7,4.9114, 538.12, 831.97
   24360,   24420,40.534,5618.9,7296.4,5.4321, 525.71, 829.64
   24420,   24480,67.006,5640.5,7238.1,7.0204, 527.64, 823.81
   24480,   24540,509.33,6838.3,8338.2,33.56, 635.45, 933.82
   24540,   24600,102.05,6334,9002.5,9.1232, 590.06, 1000.3
   24600,   24660,35.979,6291.3,8378.1,5.1587, 586.22, 937.81
   24660,   24720,17.065,6096.1,7840.8,4.0239, 568.65, 884.08
   24720,   24780,12.076,6034.4,7723,3.7246, 563.1, 872.3
   24780,   24840,26.508,6116.5,7756.8,4.5905, 570.49, 875.68
   24840,   24900,17.186,5928.1,7704.8,4.0311, 553.53, 870.48
   24900,   24960,15.259,5948.5,7746.3,3.9156, 555.36, 874.63
   24960,   25020,40.626,6227.4,7900.2,5.4376, 580.46, 890.02
   25020,   25080,26.306,6182.1,7892.2,4.5783, 576.39, 889.22
   25080,   25140,124.46,6630.6,8011.4,10.468, 616.76, 901.14
   25140,   25200,18.981,5699.7,7566,4.1389, 532.97, 856.6
   25200,   25260,15.886,5498.6,7256.3,3.9532, 514.87, 825.63
   25260,   25320,14.298,5219.2,6996.9,3.8579, 489.72, 799.69
   25320,   25380,20.385,5116.7,6891.5,4.2231, 480.5, 789.15
   25380,   25440,25.364,4988.8,6761.3,4.5219, 469, 776.13
   25440,   25500,19.198,4979.7,6643.1,4.1519, 468.17, 764.31
   25500,   25560,42.319,5044,6550.5,5.5391, 473.96, 755.05
   25560,   25620,144.33,6065,7228.8,11.66, 565.85, 822.88
   25620,   25680,47.882,5734.5,7801.4,5.8729, 536.11, 880.14
   25680,   25740,21.1,5549.6,6998.8,4.266, 519.47, 799.88
   25740,   25800,16.625,5409.5,7298.2,3.9975, 506.86, 829.82
   25800,   25860,11.618,5061.1,7327.5,3.6971, 475.5, 832.75
   25860,   25920,11.58,4619.3,6772.4,3.6948, 435.74, 777.24
   25920,   25980,18.787,5091.3,6621,4.1272, 478.22, 762.1
   25980,   26040,7.5296,4735.2,6517.6,3.4518, 446.17, 751.76
   26040,   26100,8.8139,4500.3,6270.3,3.5288, 425.03, 727.03
   26100,   26160,13.355,4502.7,6109.9,3.8013, 425.25, 710.99
   26160,   26220,13.091,4605.2,6281.5,3.7854, 434.47, 728.15
   26220,   26280,11.897,4521.6,6485.8,3.7138, 426.95, 748.58
   26280,   26340,16.072,4645.8,6164.8,3.9643, 438.12, 716.48
   26340,   26400,18.927,4937.6,6301,4.1356, 464.39, 730.1
   26400,   26460,38.368,4861,6519.4,5.3021, 457.49, 751.94
   26460,   26520,190.18,5490.4,6654.1,14.411, 514.14, 765.41
   26520,   26580,231.63,5803.7,7627.6,16.898, 542.33, 862.76
   26580,   26640,14.962,4410.7,6981.2,3.8977, 416.96, 798.12
   26640,   26700,11.706,4447.3,6383.6,3.7023, 420.26, 738.36
   26700,   26760,8.4724,4295.3,6320.6,3.5083, 406.57, 732.06
   26760,   26820,12.551,4296.9,6084.4,3.7531, 406.72, 708.44
   26820,   26880,31.044,4619.1,6349.4,4.8627, 435.72, 734.94
   26880,   26940,19.839,4258.2,6329.2,4.1903, 403.24, 732.92
   26940,   27000,27.498,3922.6,5721.4,4.6499, 373.04, 672.14
   27000,   27060,40.559,4054.8,5633,5.4335, 384.94, 663.3
   27060,   27120,28.062,3548.9,5201.8,4.6837, 339.4, 620.18
   27120,   27180,38.077,3411.9,4980.1,5.2846, 327.07, 598.01
   27180,   27240,26.204,3673.6,5017.9,4.5722, 350.63, 601.79
   27240,   27300,20.405,3271.8,4787.9,4.2243, 314.46, 578.79
   27300,   27360,15.908,2780.7,4485.4,3.9545, 270.26, 548.54
   27360,   27420,119.3,3192.5,4382.1,10.158, 307.33, 538.21
   27420,   27480,244.62,4965.3,5607.2,17.677, 466.88, 660.72
   27480,   27540,26.902,3328.2,4910.8,4.6141, 319.54, 591.08
   27540,   27600,36.985,2816.9,4292.6,5.2191, 273.52, 529.26
   27600,   27660,49.625,3223.3,4368.4,5.9775, 310.1, 536.84
   27660,   27720,26.167,3125.8,4544.1,4.57, 301.33, 554.41
   27720,   27780,13.687,2460.3,3945.1,3.8212, 241.43, 494.51
   27780,   27840,13.267,2150.1,3558.6,3.796, 213.51, 455.86
   27840,   27900,74.388,2530.5,3612.1,7.4633, 247.75, 461.21
   27900,   27960,53.863,2735.2,3963.1,6.2318, 266.17, 496.31
   27960,   28020,24.665,2339.7,3744.7,4.4799, 230.57, 474.47
   28020,   28080,13.979,1982.5,3409.7,3.8388, 198.42, 440.97
   28080,   28140,10.025,1789.5,3182.1,3.6015, 181.05, 418.21
   28140,   28200,7.8305,1702.1,3081,3.4698, 173.19, 408.1
   28200,   28260,10.622,1689,2965.9,3.6373, 172.01, 396.59
   28260,   28320,9.65,1653.8,2973.9,3.579, 168.84, 397.39
   28320,   28380,17.729,1654.9,3047.7,4.0638, 168.94, 404.77
   28380,   28440,13.916,1606.6,3033,3.835, 164.6, 403.3
   28440,   28500,13.021,1528.2,2855,3.7813, 157.54, 385.5
   28500,   28560,28.361,1639.3,2924.2,4.7017, 167.53, 392.42
   28560,   28620,17.054,1632.3,2964.3,4.0232, 166.9, 396.43
   28620,   28680,12.291,1559.8,2947.4,3.7374, 160.38, 394.74
   28680,   28740,13.444,1423.9,2795.4,3.8066, 148.15, 379.54
   28740,   28800,32.239,1478.9,2825.8,4.9344, 153.1, 382.58
   28800,   28860,25.752,1549.7,2933.6,4.5451, 159.48, 393.36
   28860,   28920,10.693,1499.3,2901.6,3.6416, 154.94, 390.16
   28920,   28980,14.438,1442.5,2826.8,3.8663, 149.82, 382.68
   28980,   29040,21.707,1426.2,2789.5,4.3024, 148.36, 378.95
   29040,   29100,11.854,1288.7,2679.2,3.7113, 135.98, 367.92
   29100,   29160,12.329,1262.1,2647.3,3.7397, 133.59, 364.73
   29160,   29220,14.294,1269.1,2636.3,3.8576, 134.22, 363.63
   29220,   29280,17.248,1368.6,2789.5,4.0349, 143.17, 378.95
   29280,   29340,13.246,1350.9,2786.8,3.7948, 141.58, 378.68
   29340,   29400,14.113,1329.6,2736.8,3.8468, 139.66, 373.68
   29400,   29460,24.989,1429.2,2798.2,4.4994, 148.63, 379.82
   29460,   29520,84.943,1599.2,3281.5,8.0966, 163.93, 428.15
   29520,   29580,301.58,3347.7,4417,21.095, 321.29, 541.7
   29580,   29640,73.96,2596.2,4224.3,7.4376, 253.66, 522.43
   29640,   29700,14.153,1502.4,3130.8,3.8492, 155.21, 413.08
   29700,   29760,13.565,1340.9,2828.3,3.8139, 140.68, 382.83
   29760,   29820,26.289,1403.9,2994.3,4.5774, 146.35, 399.43
   29820,   29880,21.098,1231.8,2717.1,4.2659, 130.86, 371.71
   29880,   29940,10.596,1143.3,2578.2,3.6357, 122.9, 357.82
   29940,   30000,7.6593,1175.8,2635.7,3.4596, 125.82, 363.57
   30000,   30060,13.804,1277.6,2725.2,3.8282, 134.98, 372.52
   30060,   30120,8.949,1224.8,2713.8,3.5369, 130.23, 371.38
   30120,   30180,17.268,1212.7,2638.8,4.0361, 129.14, 363.88
   30180,   30240,16.12,1259.8,2793.4,3.9672, 133.38, 379.34
   30240,   30300,15.353,1265.4,2695.2,3.9212, 133.89, 369.52
   30300,   30360,19.254,1325.8,2727.5,4.1552, 139.33, 372.75
   30360,   30420,16.475,1384.7,2787.7,3.9885, 144.63, 378.77
   30420,   30480,7.0124,1325.3,2759,3.4207, 139.27, 375.9
   30480,   30540,10.097,1320.6,2723.8,3.6058, 138.85, 372.38
   30540,   30600,7.9336,1355,2761.3,3.476, 141.95, 376.13
   30600,   30660,11.363,1319.9,2788.7,3.6818, 138.79, 378.87
   30660,   30720,41.285,1395.6,2899.7,5.4771, 145.61, 389.97
   30720,   30780,22.484,1305.7,2745.5,4.349, 137.52, 374.55
   30780,   30840,12.29,1295.5,2804.7,3.7374, 136.6, 380.47
   30840,   30900,13.832,1356.3,2854.7,3.8299, 142.07, 385.47
   30900,   30960,6.7348,1331.6,2817.2,3.4041, 139.84, 381.72
   30960,   31020,8.451,1561.9,3023.2,3.5071, 160.57, 402.32
   31020,   31080,10.133,1748.5,3328.4,3.608, 177.36, 432.84
   31080,   31140,8.9653,1761.4,3246.1,3.5379, 178.53, 424.61
   31140,   31200,11.529,2120.2,3613.5,3.6918, 210.82, 461.35
   31200,   31260,19.579,2518.8,3918.7,4.1747, 246.69, 491.87
   31260,   31320,42.636,3055.8,4515.3,5.5582, 295.02, 551.53
   31320,   31380,12.855,2275.2,3964.4,3.7713, 224.77, 496.44
   31380,   31440,12.221,2041.8,3637.5,3.7332, 203.77, 463.75
   31440,   31500,-9999,-9999,-9999,-9999, -9999, -9999
