CampaignData_and_Merges/R0/CSL_MobileLab_Parked/raw/20240727/USOS-NOAAIodideCIMS-OrgNitrs_MobileLabGround_20240727_RA.ict
37, 1001
Michael A Robinson, Chris Jernigan, Subi Thakali
NOAA ESRL Chemical Sciences Laboratory and CIRES, U. of Colorado
NOAA Iodide CIMS Instrument
USOS
1, 1
2024, 07, 27, 2024, 07, 28
1
starttime_UTC, seconds_past_midnight, seconds_of_day_since_00:00:00_UTC
5
1, 1, 1, 1, 1
-9999, -9999, -9999, -9999, -9999
C4H7NO5_NOAACIMS, pptv, Gas_C4H7NO5_InSitu_S_AVMR, 
ISOPN_NOAACIMS, pptv, Gas_ISOPN_InSitu_S_AVMR, 
C5H10O3_NOAACIMS, pptv, Gas_C5H10O3_InSitu_S_AVMR, 
C5H9NO5_NOAACIMS, pptv, Gas_C5H9NO5_InSitu_S_AVMR, 
C10H17NO4_NOAACIMS, pptv, Gas_C10H17NO4_InSitu_S_AVMR, 
0
18
PI_CONTACT_INFO: 325 Broadway, R/CSD 7, Boulder, Colorado 80305; michael.a.robinson@noaa.gov; chris.jernigan@noaa.gov;
PLATFORM: NOAA CSL Mobile Lab
LOCATION: SLC, Utah
ASSOCIATED_DATA: 1Hz data also available on request.
INSTRUMENT_INFO: NOAA I- ToF CIMS
DATA_INFO: All data in parts per trillion by volume (pptv). 1 Hz data is available upon request.
UNCERTAINTY: TBD
ULOD_FLAG: -7777
ULOD_VALUE: N/A
LLOD_FLAG: -8888
LLOD_VALUE: N/A
DM_CONTACT_INFO: Nathan Howard; nathan.h.howard@noaa.gov
PROJECT_INFO: USOS, summer 2024. https://csl.noaa.gov/groups/csl7/measurements/2024usos/
STIPULATIONS_ON_USE: Users are strongly encouraged to contact the PI for proper data usage.
OTHER_COMMENTS: 
REVISION: RA
RA: Preliminary Data; For in-field use only
starttime_UTC, C4H7NO5_NOAACIMS, ISOPN_NOAACIMS, C5H10O3_NOAACIMS, C5H9NO5_NOAACIMS, C10H17NO4_NOAACIMS
[from data line 1354]
 81240,  4.960,  9.067, 29.299,  3.953,  0.444
 81300,  4.964,  8.844, 27.130,  4.155,  0.362
 81360,  5.097,  9.168, 29.307,  4.107,  0.368
 81420,  5.266,  9.208, 29.464,  4.311,  0.430
 81480,  5.204, 10.225, 31.580,  3.975,  0.415
 81540,  5.026,  9.662, 32.688,  4.279,  0.502
 81600,  4.955,  9.711, 30.240,  4.037,  0.363
 81660,  4.825,  9.245, 31.352,  4.298,  0.467
 81720,  4.849, 10.306, 28.957,  4.224,  0.491
 81780,  4.834, 10.084, 30.309,  4.281,  0.484
 81840,  4.525,  9.306, 30.035,  4.139,  0.444
 81900,  4.475,  9.303, 28.089,  4.084,  0.510
 81960,  4.656, 10.017, 30.526,  4.193,  0.452
 82020,  4.298,  9.510, 23.956,  3.939,  0.451
 82080,  4.467, 10.895, 25.762,  4.110,  0.395
 82140,  4.546, 11.009, 26.965,  4.205,  0.495
 82200,  4.526, 10.456, 26.098,  4.002,  0.460
 82260,  4.256,  9.905, 25.746,  4.076,  0.395
 82320,  4.329,  9.566, 26.869,  3.841,  0.417
 82380,  4.150,  9.521, 25.697,  3.744,  0.374
 82440,  4.007,  8.575, 26.021,  3.799,  0.271
 82500,  4.196,  8.703, 25.876,  3.885,  0.268
 82560,  4.094,  7.835, 24.587,  3.641,  0.284
 82620,  4.094,  7.938, 25.546,  3.554,  0.195
 82680,  3.980,  7.103, 23.942,  3.501,  0.168
 82740,  4.094,  6.160, 23.429,  3.708,  0.175
 82800,  4.050,  6.175, 22.716,  3.538,  0.165
 82860,  4.083,  6.550, 22.298,  3.580,  0.146
 82920,  4.295,  7.414, 24.709,  3.574,  0.218
 82980,  4.302,  8.091, 25.193,  3.800,  0.170
 83040,  4.183,  7.609, 26.745,  3.639,  0.119
 83100,  4.313,  6.923, 24.442,  3.666,  0.162
 83160,  4.416,  6.808, 24.816,  3.501,  0.130
 83220,  4.363,  6.343, 24.886,  3.451,  0.087
 83280,  4.385,  7.031, 26.070,  3.607,  0.089
 83340,  4.327,  6.939, 25.914,  3.516,  0.066
 83400,  4.370,  8.107, 25.535,  3.422,  0.096
 83460,  4.270,  7.764, 27.343,  3.588,  0.038
 83520,  4.646,  9.736, 29.446,  3.746,  0.087
 83580,  4.856, 12.868, 33.920,  3.964,  0.154
 83640,  5.213, 14.715, 35.462,  4.071,  0.198
 83700,  5.530, 16.551, 38.561,  4.342,  0.224
 83760,  5.499, 15.215, 37.782,  4.331,  0.167
 83820, -9999.000, -9999.000, -9999.000, -9999.000, -9999.000
 83880,  4.954, 13.328, 30.173,  4.158,  0.276
 83940,  5.080, 12.745, 32.056,  4.054,  0.098
 84000,  4.991, 12.372, 33.821,  4.145,  0.211
 84060,  4.846, 11.515, 33.565,  3.997,  0.288
 84120,  4.739, 10.628, 33.143,  4.025,  0.314
 84180,  4.577,  9.408, 30.133,  3.764,  0.104
 84240,  4.639,  8.756, 28.949,  3.629,  0.107
 84300,  4.585,  8.364, 29.137,  3.749,  0.155
 84360,  4.713,  9.362, 30.350,  3.815,  0.063
 84420,  4.708,  9.698, 31.698,  3.826,  0.107
 84480,  4.747, 10.061, 30.347,  3.835,  0.158
 84540,  4.644,  9.035, 29.673,  3.695,  0.173
 84600,  4.553,  7.960, 27.889,  3.687,  0.162
 84660,  4.511,  7.453, 26.164,  3.555,  0.098
 84720,  4.475,  7.403, 26.442,  3.524,  0.107
 84780,  4.637,  7.408, 27.990,  3.697,  0.151
 84840,  4.512,  7.107, 26.569,  3.492,  0.098
 84900,  4.495,  7.590, 26.277,  3.729,  0.068
 84960,  4.549,  7.518, 26.629,  3.909,  0.090
 85020,  4.673,  8.013, 26.822,  3.590,  0.134
 85080,  4.545,  7.807, 26.152,  3.656,  0.166
 85140,  4.663,  9.545, 29.037,  3.698,  0.244
 85200,  4.947, 10.081, 32.260,  4.017,  0.284
 85260,  4.970, 10.597, 31.596,  4.048,  0.202
 85320,  5.116, 12.989, 33.729,  3.874,  0.218
 85380,  5.269, 14.502, 37.568,  4.153,  0.246
 85440,  5.388, 14.753, 39.345,  4.153,  0.261
 85500,  5.234, 12.407, 35.856,  4.127,  0.276
 85560,  5.060, 11.016, 32.308,  3.996,  0.188
 85620,  5.143, 10.401, 32.334,  4.132,  0.235
 85680, -9999.000, -9999.000, -9999.000, -9999.000, -9999.000
 85740,  5.083,  9.527, 29.886,  4.202,  0.159
 85800,  5.262, 10.322, 30.922,  4.145,  0.205
 85860,  5.032, 10.149, 30.936,  3.913,  0.189
 85920,  5.132,  9.948, 31.532,  4.163,  0.247
 85980,  5.221,  9.546, 33.779,  4.040,  0.233
 86040,  5.069, 10.212, 32.544,  4.066,  0.287
 86100,  5.193, 10.351, 33.947,  3.976,  0.212
 86160,  5.068, 10.615, 33.778,  4.053,  0.166
 86220,  4.990, 10.580, 32.551,  4.129,  0.232
 86280,  5.059,  9.602, 32.682,  4.081,  0.184
 86340,  5.005,  9.418, 29.478,  3.958,  0.274
