CampaignData_and_Merges/R0/CSL_MobileLab_Parked/raw/20240727/USOS-PTR_MobileLabGround_20240727_R0.ict
58, 1001
Matthew Coggon, Kelvin Bates, Chelsea Stockwell, Carsten Warneke
NOAA ESRL Chemical Sciences Division
NOAA PTR-ToF-MS
USOS
1,1 
2024, 07, 27, 2025, 09, 19
0
Time_Start, seconds, number of seconds from 00:00 UTC 
22
1, 1, 1, 1, 1, 1, 1, 1, 1, 1, 1, 1, 1, 1, 1, 1, 1, 1, 1, 1, 1, 1
-9999, -9999, -9999, -9999, -9999, -9999, -9999, -9999, -9999, -9999, -9999, -9999, -9999, -9999, -9999, -9999, -9999, -9999, -9999, -9999, -9999, -9999
CH3OH_NOAAPTR_ppbv,  ppbv, Gas_CH3OH_InSitu_S_AVMR, (CH3OH) methanol
CH3CN_NOAAPTR_ppbv,  ppbv, Gas_CH3CN_InSitu_S_AVMR, (CH3CN) acetonitrile
CH3CHO_NOAAPTR_ppbv,  ppbv, Gas_CH3CHO_InSitu_S_AVMR, (CH3CHO) acetaldehyde plus contributions from ethylene glycol and ethylene oxide. Interference from ethanol has been subtracted out.
C2H5OH_NOAAPTR_ppbv,  ppbv, Gas_C2H5OH_InSitu_S_AVMR, (C2H5OH) ethanol
CH3SH_NOAAPTR_ppbv,  ppbv, Gas_CH3SH_InSitu_S_AVMR, (CH3SH) methanethiol, using calibration factor for DMS
Acrolein_NOAAPTR_ppbv,  ppbv, Gas_Acrolein_InSitu_S_AVMR, (C3H4O) acrolein
AcetonePropanal_NOAAPTR_ppbv,  ppbv, Gas_AcetoneAndPropanal_InSitu_S_AVMR, (C3H6O) sum of acetone (dominant isomer) and propanal, using calibration factor for acetone
DMS_NOAAPTR_ppbv,  ppbv, Gas_DMS_InSitu_S_AVMR, (C2H6S) dimethyl sulfide with possible small contributions from ethanethiol
C5H8_NOAAPTR_ppbv,  ppbv, Gas_Isoprene_InSitu_S_AVMR, (C5H8) isoprene and possible fragments from cycloalkanes and aldehydes. Interferences have been subtracted following methods described by Coggon et al (2023)
MVKMAC_NOAAPTR_ppbv,  ppbv, Gas_MVKAndMAC_InSitu_S_AVMR, (C4H6O) sum of methyl vinyl ketone, methacrolein, and small amounts of crotonaldehyde, using weighted calibration factor for MVK (0.637) and MACR (0.363)
Benzene_NOAAPTR_ppbv,  ppbv, Gas_Benzene_InSitu_S_AVMR, (C6H6) benzene
Toluene_NOAAPTR_ppbv,  ppbv, Gas_Toluene_InSitu_S_AVMR, (C7H8) toluene with possible small contributions of fragments from ethyltoluene
Styrene_NOAAPTR_ppbv,  ppbv, Gas_Styrene_InSitu_S_AVMR, (C8H8) styrene
Benzaldehyde_NOAAPTR_ppbv,  ppbv, Gas_Benzaldehyde_InSitu_S_AVMR, (C7H6O) benzaldehyde
C8Aromatics_NOAAPTR_ppbv,  ppbv, Gas_C8Aromatics_InSitu_M_AVMR, (C8H10) sum of m-xylene, p-xylene, o-xylene, and ethyl benzene
C9Aromatics_NOAAPTR_ppbv,  ppbv, Gas_C9Aromatics_InSitu_M_AVMR, (C9H12) sum of C9 aromatics
Naphthalene_NOAAPTR_ppbv,  ppbv, Gas_Naphthalene_InSitu_S_AVMR, (C10H8) naphthalene
Octanal_NOAAPTR_ppbv,  ppbv, Gas_Octanal_InSitu_S_AVMR, (C8H16O) octanal and small amounts of octanone
Monoterpenes_NOAAPTR_ppbv,  ppbv, Gas_Monoterpenes_InSitu_M_AVMR, (C10H16) sum of monoterpenes and possible contributions from fragments of oxygenated monoterpenoids such as eucalyptol.
Nonanal_NOAAPTR_ppbv,  ppbv, Gas_Nonanal_InSitu_M_AVMR, (C9H18O) nonanal and small amounts of nonanone
C7H4ClF3_NOAAPTR_ppbv,  ppbv, Gas_C7H4ClF3_InSitu_S_AVMR, (C7H4ClF3) parachlorobenzotrifluoride
C10H30O5Si5_NOAAPTR_ppbv,  ppbv, Gas_C10H30O5Si5_InSitu_S_AVMR, (C10H30O5Si5) decamethylcyclopentasiloxane
1
SPECIAL COMMENTS:N/A
21
PI_CONTACT_INFO: NOAA ESRL Chemical Sciences Division, Tropospheric Chemistry Group. 325 Broadway, R/CSD7, Boulder, CO 80305
PLATFORM: Mobile Laboratory.
LOCATION: Salt Lake City, UT
ASSOCIATED_DATA: N/A
INSTRUMENT_INFO: NOAA PTR-ToF-MS measurements on NOAA CSL Mobile Lab
DATA_INFO: Units: ppbv
UNCERTAINTY: See OTHER_COMMENTS
ULOD_FLAG: -7777
ULOD_VALUE: N/A
LLOD_FLAG: -8888
LLOD_VALUE: N/A.
DM_CONTACT_INFO: Data Managers: Matt Coggon, Kelvin Bates, Chelsea Stockwell; email: matthew.m.coggon@noaa.gov and kelvin.bates@colorado.edu
PROJECT_INFO: USOS Deployment July-August, 2024
STIPULATIONS_ON_USE: Use of these data require prior OK from PI.
OTHER_COMMENTS: Uncertainties:
CH3OH_NOAAPTR_ppbv:30%; CH3CN_NOAAPTR_ppbv:30%; CH3CHO_NOAAPTR_ppbv:30%; C2H5OH_NOAAPTR_ppbv:30%; CH3SH_NOAAPTR_ppbv:50%; Acrolein_NOAAPTR_ppbv:30%; AcetonePropanal_NOAAPTR_ppbv:30%; DMS_NOAAPTR_ppbv:30%; C5H8_NOAAPTR_ppbv:30%; MVKMAC_NOAAPTR_ppbv:30%; 
Benzene_NOAAPTR_ppbv:30%; Toluene_NOAAPTR_ppbv:30%; Styrene_NOAAPTR_ppbv:30%; Benzaldehyde_NOAAPTR_ppbv:30%; C8Aromatics_NOAAPTR_ppbv:30%; C9Aromatics_NOAAPTR_ppbv:30%; Naphthalene_NOAAPTR_ppbv:30%; Octanal_NOAAPTR_ppbv:30%; Monoterpenes_NOAAPTR_ppbv:30%; Nonanal_NOAAPTR_ppbv:30%; 
C7H4ClF3_NOAAPTR_ppbv:30%; C10H30O5Si5_NOAAPTR_ppbv:30%; 
REVISION: R0
R0: Calibrated PTR Data. See individual species comments for details about measurement uncertainties
Time_Start, CH3OH_NOAAPTR_ppbv, CH3CN_NOAAPTR_ppbv, CH3CHO_NOAAPTR_ppbv, C2H5OH_NOAAPTR_ppbv, CH3SH_NOAAPTR_ppbv, Acrolein_NOAAPTR_ppbv, AcetonePropanal_NOAAPTR_ppbv, DMS_NOAAPTR_ppbv, C5H8_NOAAPTR_ppbv, MVKMAC_NOAAPTR_ppbv, Benzene_NOAAPTR_ppbv, Toluene_NOAAPTR_ppbv, Styrene_NOAAPTR_ppbv, Benzaldehyde_NOAAPTR_ppbv, C8Aromatics_NOAAPTR_ppbv, C9Aromatics_NOAAPTR_ppbv, Naphthalene_NOAAPTR_ppbv, Octanal_NOAAPTR_ppbv, Monoterpenes_NOAAPTR_ppbv, Nonanal_NOAAPTR_ppbv, C7H4ClF3_NOAAPTR_ppbv, C10H30O5Si5_NOAAPTR_ppbv
[from data line 516]
30960.0, 9.04990, 0.40818, 1.36967, 2.66659, 0.00261, 0.21641, 3.80111, -0.00023, 0.24011, 0.70703, 0.12380, 0.16257, 0.00541, -0.02513, 0.07660, 0.03795, -0.02057, 0.01351, 0.10846, 0.04664, 0.01702, 0.00373 
31020.0, 9.31399, 0.41503, 1.44772, 3.47629, 0.00189, 0.23673, 3.80367, -0.00023, 0.22293, 0.67306, 0.12940, 0.19246, 0.01957, -0.06305, 0.11245, 0.04182, -0.02064, 0.02723, 0.09203, 0.04760, 0.00238, 0.00153 
31080.0, 9.20614, 0.40461, 1.49369, 3.30915, 0.00045, 0.21962, 3.88836, 0.00485, 0.20023, 0.63506, 0.12851, 0.21292, -0.01036, -0.03544, 0.12267, 0.05067, -0.01656, 0.02369, 0.10706, 0.05010, 0.01216, 0.00130 
31140.0, 9.96607, 0.40678, 1.62274, 4.21839, 0.00020, 0.24070, 3.93290, -0.00024, 0.22074, 0.69056, 0.09809, 0.21300, -0.01036, -0.05579, 0.12511, 0.04651, -0.01723, 0.03024, 0.10619, 0.04682, 0.01261, 0.00223 
31200.0, 9.54817, 0.40211, 1.67149, 3.85384, 0.00473, 0.22967, 4.03910, -0.00024, 0.18482, 0.67032, 0.14028, 0.26704, -0.00227, -0.05247, 0.16102, 0.05546, -0.01500, 0.02586, 0.12816, 0.04552, 0.01265, 0.00372 
31260.0, 10.67589, 0.43304, 1.59398, 3.85472, 0.00266, 0.26432, 4.06207, 0.00958, 0.20544, 0.66801, 0.13846, 0.28425, -0.01035, -0.06161, 0.15346, 0.06041, -0.01725, 0.02072, 0.11271, 0.05414, 0.00905, 0.00585 
31320.0, 9.51126, 0.38314, 1.50231, 3.35444, 0.00415, 0.21574, 3.91213, -0.00024, 0.20386, 0.71412, 0.14602, 0.24510, 0.01431, -0.06588, 0.14948, 0.05996, -0.01490, 0.02153, 0.09557, 0.03873, 0.01182, 0.00481 
31380.0, 8.83732, 0.37977, 1.42166, 2.80871, 0.00019, 0.22421, 3.72402, -0.00024, 0.24030, 0.66331, 0.10782, 0.18603, 0.01902, -0.05137, 0.12350, 0.04280, -0.00827, 0.04989, 0.07673, 0.03647, 0.01347, 0.00177 
31440.0, 8.70255, 0.37781, 1.42424, 2.93571, 0.00310, 0.20786, 3.78150, -0.00024, 0.19838, 0.66435, 0.10143, 0.18071, 0.00278, -0.06370, 0.10900, 0.04368, -0.01644, 0.01379, 0.09328, 0.03476, 0.01767, 0.00510 
31500.0, 8.97775, 0.37327, 1.47501, 2.94164, 0.00425, 0.20739, 3.81307, -0.00024, 0.14194, 0.62656, 0.09303, 0.19860, 0.02271, -0.04065, 0.12240, 0.04956, -0.01789, 0.01490, 0.06408, 0.02993, 0.01095, 0.00146 
31560.0, 9.29833, 0.33019, 1.54107, 3.58675, 0.00057, 0.18867, 4.00378, -0.00001, 0.11772, 0.48538, 0.10299, 0.22706, 0.02320, -0.04160, 0.14633, 0.04994, -0.00490, 0.01914, 0.06890, 0.03639, 0.00452, 0.00435 
31620.0, 9.26808, 0.33693, 1.63003, 4.05063, 0.00095, 0.20215, 4.06013, 0.00322, 0.07007, 0.45955, 0.09858, 0.25638, 0.01508, -0.04593, 0.15404, 0.06111, -0.01970, 0.03153, 0.05796, 0.04561, 0.01524, 0.00219 
31680.0, 7.94927, 0.34003, 1.66421, 4.55917, 0.00237, 0.20552, 4.28517, -0.00024, 0.09113, 0.50272, 0.10105, 0.31074, 0.01925, -0.07549, 0.18353, 0.05986, 0.00630, 0.03432, 0.08004, 0.04488, 0.01271, 0.00643 
31740.0, 9.46471, 0.34741, 1.85467, 6.90220, 0.00693, 0.24175, 4.31151, 0.00051, 0.13341, 0.44448, 0.21355, 0.56276, 0.02617, -0.07119, 0.33404, 0.10481, -0.02080, 0.02307, 0.05054, 0.06385, 0.01478, 0.00863 
31800.0, 9.48897, 0.36600, 1.74743, 4.61681, 0.00298, 0.24741, 4.21463, -0.00025, 0.09989, 0.47784, 0.13313, 0.32974, 0.02016, -0.06250, 0.18065, 0.06894, -0.01355, 0.01991, 0.06997, 0.05705, 0.01317, 0.00917 
31860.0, 8.61071, 0.33014, 1.71797, 4.87948, 0.00526, 0.23180, 4.35509, 0.00468, 0.11091, 0.48025, 0.06671, 0.31545, 0.02274, -0.06084, 0.18111, 0.05309, -0.00111, 0.03386, 0.06244, 0.06093, 0.01861, 0.00646 
31920.0, 9.46071, 0.31580, 1.82909, 5.24579, 0.00108, 0.20415, 4.28611, -0.00025, 0.10129, 0.45929, 0.11314, 0.32252, 0.02791, -0.05215, 0.20046, 0.08003, -0.00517, 0.02841, 0.06407, 0.05088, 0.01532, 0.00417 
31980.0, 10.13936, 0.31768, 1.75252, 4.80730, 0.00534, 0.23430, 4.22523, -0.00025, 0.10311, 0.43954, 0.15712, 0.30376, 0.00271, -0.05040, 0.20601, 0.07442, -0.01638, 0.03326, 0.06422, 0.07051, 0.01660, 0.00606 
32040.0, 8.40532, 0.32187, 1.77532, 5.16760, 0.00190, 0.22516, 4.13878, -0.00025, 0.05741, 0.42055, 0.13357, 0.38466, 0.02359, -0.06879, 0.20775, 0.07869, -0.00918, 0.03211, 0.05353, 0.05995, 0.01238, 0.00745 
32100.0, 8.68917, 0.30002, 1.75032, 4.94039, 0.00661, 0.23114, 4.12561, 0.00734, 0.10916, 0.41279, 0.11500, 0.36037, 0.01186, -0.04673, 0.19841, 0.09598, -0.00849, 0.04539, 0.07063, 0.05046, 0.01319, 0.00465 
32160.0, 9.19777, 0.29196, 1.70181, 4.77627, 0.01170, 0.19054, 4.02419, 0.00570, 0.04481, 0.35255, 0.14481, 0.33355, 0.00873, -0.05666, 0.22385, 0.08510, -0.00797, 0.06212, 0.05425, 0.06123, 0.01716, 0.01212 
32220.0, 8.93133, 0.30394, 1.86253, 4.65574, 0.00824, 0.23158, 4.05185, -0.00025, 0.05331, 0.34577, 0.09017, 0.36809, -0.00652, -0.06060, 0.22437, 0.08450, 0.00533, 0.04906, 0.06579, 0.05514, 0.01683, 0.00331 
32280.0, 9.61368, 0.28621, 1.92485, 5.09484, 0.01138, 0.23614, 4.15695, -0.00025, 0.09917, 0.33486, 0.07303, 0.35491, 0.02334, -0.07165, 0.21200, 0.09237, 0.01538, 0.04556, 0.06430, 0.05238, 0.01846, 0.01237 
32340.0, 9.46322, 0.32615, 1.97853, 5.30442, 0.02302, 0.25082, 4.29892, -0.00025, 0.10749, 0.31903, 0.10003, 0.48486, -0.01033, -0.07131, 0.27679, 0.11959, 0.00731, 0.03178, 0.06610, 0.05077, 0.00858, 0.00716 
32400.0, 9.84294, 0.26641, 2.14454, 8.39921, 0.03017, 0.23787, 4.04084, 0.01425, 0.04353, 0.28538, 0.10925, 0.44034, 0.02901, -0.05227, 0.28420, 0.11571, -0.00423, 0.02967, 0.17445, 0.05856, 0.01654, 0.00693 
32460.0, 9.09013, 0.29064, 2.02986, 6.67547, 0.02791, 0.18761, 4.14946, 0.02762, 0.03167, 0.32047, 0.08112, 0.45308, -0.01033, -0.05566, 0.25867, 0.10823, -0.01402, 0.03900, 0.10923, 0.06455, 0.01831, 0.01230 
32520.0, 10.68821, 0.27457, 2.16730, 7.58080, 0.02106, 0.23697, 4.19717, 0.01178, 0.10064, 0.30447, 0.15057, 0.51484, 0.03757, -0.05503, 0.30973, 0.13348, 0.00788, 0.03381, 0.12349, 0.07660, 0.01819, 0.01240 
32580.0, 10.78236, 0.29051, 2.41933, 8.21063, 0.03246, 0.22923, 4.31835, 0.03392, 0.13464, 0.32168, 0.16779, 0.52793, 0.03688, -0.05699, 0.31745, 0.12846, -0.00668, 0.03738, 0.12610, 0.07500, 0.02344, 0.01450 
32640.0, 10.17028, 0.28945, 2.34131, 7.72956, 0.02658, 0.22950, 4.41733, 0.02241, 0.06439, 0.32591, 0.10861, 0.52784, 0.04000, -0.05335, 0.33816, 0.13066, 0.01963, 0.05235, 0.14039, 0.06779, 0.01180, 0.01317 
32700.0, 11.50643, 0.29454, 2.38779, 8.85137, 0.02700, 0.25745, 4.43902, 0.00361, 0.05391, 0.31598, 0.10045, 0.50857, 0.05206, -0.06043, 0.31608, 0.11601, -0.02119, 0.04388, 0.13174, 0.06332, 0.01311, 0.00975 
32760.0, 9.29130, 0.26068, 2.10252, 10.50499, 0.00722, 0.22361, 4.06516, -0.00026, 0.05961, 0.24361, 0.12657, 0.41933, 0.05177, -0.03994, 0.27803, 0.10281, 0.00167, 0.04560, 0.10144, 0.05664, 0.01725, 0.01437 
32820.0, 8.55624, 0.23278, 2.08565, 9.60257, 0.01261, 0.20448, 3.93029, -0.00026, 0.02959, 0.26695, 0.06928, 0.40423, 0.02790, -0.05907, 0.28766, 0.11322, 0.01348, 0.05015, 0.11518, 0.06224, 0.02498, 0.01109 
32880.0, 8.91937, 0.26303, 2.04279, 9.28782, 0.00914, 0.26217, 4.04588, 0.01731, 0.09003, 0.24396, 0.07410, 0.48136, 0.04104, -0.06461, 0.29726, 0.11324, -0.01350, 0.04427, 0.08290, 0.06759, 0.02065, 0.01148 
32940.0, 10.30466, 0.24333, 2.13900, 7.79543, 0.01750, 0.21021, 3.99736, -0.00026, 0.03800, 0.24430, 0.12859, 0.41459, -0.00071, -0.05054, 0.29331, 0.10964, -0.02126, 0.04068, 0.07144, 0.05282, 0.01540, 0.00651 
33000.0, 8.60820, 0.25299, 1.99638, 7.88054, 0.00741, 0.21541, 3.81957, 0.00166, 0.03320, 0.21776, 0.08768, 0.37279, 0.01591, -0.04547, 0.25127, 0.08654, -0.02128, 0.03051, 0.03852, 0.05218, 0.02047, 0.00356 
33060.0, 8.29189, 0.23409, 1.96058, 7.94182, 0.00646, 0.23584, 3.80909, 0.00090, 0.03992, 0.21331, 0.08395, 0.34300, 0.01971, -0.04917, 0.24659, 0.10536, -0.00777, 0.01339, 0.05819, 0.06392, 0.02206, 0.00655 
33120.0, 9.14826, 0.25084, 1.92002, 8.55029, 0.00505, 0.18377, 3.76502, 0.00207, 0.03116, 0.20526, 0.07354, 0.37188, 0.00263, -0.06290, 0.26298, 0.09872, -0.00862, 0.04212, 0.08386, 0.05539, 0.01644, 0.00997 
33180.0, 8.67819, 0.26606, 2.02951, 11.45754, 0.00620, 0.20935, 3.70197, 0.00016, 0.02318, 0.19160, 0.06032, 0.32312, 0.02568, -0.07020, 0.22792, 0.08631, 0.00337, 0.04833, 0.09700, 0.04223, 0.02337, 0.00727 
33240.0, 7.15438, 0.25616, 1.99402, 11.06364, 0.00612, 0.23362, 3.75448, -0.00027, 0.01877, 0.19274, 0.05150, 0.34305, 0.01297, -0.04296, 0.23345, 0.09069, -0.00645, 0.03714, 0.09932, 0.05465, 0.01738, 0.00726 
33300.0, 7.78467, 0.25251, 1.91172, 9.77758, 0.00054, 0.18195, 3.57670, -0.00027, 0.05523, 0.19840, 0.12839, 0.32452, 0.02562, -0.03981, 0.22316, 0.09070, 0.00183, 0.04875, 0.10356, 0.05340, 0.01791, 0.00709 
33360.0, 6.86351, 0.24596, 1.94532, 11.10296, 0.00240, 0.23687, 3.62199, -0.00027, 0.04455, 0.20325, -0.00500, 0.34335, 0.00429, -0.05936, 0.22349, 0.08744, -0.01053, 0.05803, 0.09180, 0.04752, 0.01587, 0.01212 
33420.0, 7.36808, 0.26456, 1.91396, 10.75968, 0.00386, 0.18585, 3.60267, 0.01044, 0.06901, 0.20249, 0.05589, 0.30766, 0.01381, -0.01753, 0.21148, 0.07907, -0.01874, 0.02629, 0.10570, 0.06005, 0.02142, 0.00420 
33480.0, 7.43365, 0.22667, 1.90623, 10.02960, 0.00053, 0.23103, 3.67755, -0.00027, 0.00000, 0.20825, 0.03261, 0.27475, 0.02527, -0.05484, 0.20469, 0.06625, -0.02142, 0.06185, 0.09268, 0.06080, 0.02031, 0.00451 
33540.0, 8.00969, 0.25726, 2.46795, 11.76669, 0.00623, 0.33683, 4.12393, 0.01233, 0.11562, 0.29893, 0.10884, 0.29478, 0.02301, -0.00757, 0.21825, 0.08396, -0.02144, 0.12190, 0.15761, 0.11440, 0.01733, 0.00559 
33600.0, 8.05953, 0.26231, 2.37871, 11.55868, 0.00814, 0.33147, 4.11086, -0.00027, 0.15733, 0.32990, 0.04486, 0.31537, 0.02940, 0.00500, 0.21635, 0.05589, -0.02145, 0.16405, 0.12523, 0.10234, 0.01867, 0.00579 
33660.0, 7.36134, 0.25087, 2.32724, 10.85448, 0.00292, 0.30933, 3.92159, -0.00027, 0.11097, 0.27544, 0.06807, 0.41471, 0.01787, -0.03883, 0.31504, 0.09418, -0.01202, 0.07681, 0.13573, 0.08896, 0.01544, 0.00612 
33720.0, 8.44024, 0.24013, 2.30477, 10.94963, 0.00594, 0.29260, 4.00351, 0.00083, 0.06286, 0.27420, 0.05363, 0.31504, -0.01030, 0.01327, 0.23017, 0.08339, -0.00053, 0.12353, 0.13318, 0.11567, 0.01025, 0.00523 
33780.0, 9.04929, 0.25909, 2.35266, 11.40942, 0.00434, 0.32753, 4.09542, -0.00027, 0.15353, 0.30329, 0.26880, 0.40964, 0.01027, 0.03212, 0.28181, 0.11117, -0.01233, 0.11324, 0.11310, 0.09970, 0.01001, 0.00715 
33840.0, 8.64500, 0.26411, 2.20132, 9.08352, 0.00160, 0.27320, 3.95599, 0.00584, 0.13099, 0.24772, 0.11929, 0.46319, 0.02038, -0.06042, 0.22761, 0.06586, -0.02152, 0.08897, 0.08421, 0.06139, 0.01695, 0.00589 
33900.0, 7.45803, 0.24319, 1.94125, 5.91350, 0.00076, 0.23978, 3.82025, 0.00643, 0.09205, 0.25515, 0.08569, 0.40221, 0.02190, -0.06267, 0.22233, 0.06156, -0.02154, 0.04831, 0.06190, 0.08501, 0.01343, 0.00910 
33960.0, 8.34258, 0.26084, 2.22043, 6.80950, 0.00076, 0.28257, 3.89816, -0.00028, 0.13898, 0.25688, 0.17001, 0.42749, 0.00896, -0.01052, 0.21915, 0.08857, -0.02156, 0.07396, 0.08932, 0.05696, 0.01072, 0.00582 
34020.0, 7.47677, 0.27888, 1.78050, 4.99776, 0.00128, 0.22821, 3.84841, 0.00846, 0.06831, 0.26526, 0.09218, 0.31387, -0.00736, -0.05304, 0.20237, 0.06065, -0.01368, 0.05654, 0.05698, 0.05245, 0.01519, 0.00654 
34080.0, 8.05109, 0.25668, 2.03639, 5.75569, 0.00395, 0.26705, 3.95451, -0.00028, 0.17333, 0.30969, 0.18761, 0.32121, 0.01972, -0.01742, 0.21488, 0.07441, -0.01277, 0.08131, 0.06486, 0.08413, 0.01564, 0.01101 
34140.0, 7.77058, 0.27124, 2.31623, 6.64293, 0.00612, 0.35551, 4.29275, 0.00242, 0.14133, 0.36732, 0.09937, 0.34597, 0.02564, -0.04606, 0.20709, 0.08948, -0.02161, 0.09429, 0.08738, 0.09394, 0.01540, 0.01191 
34200.0, 9.91208, 0.27920, 2.11719, 5.82195, 0.00203, 0.31011, 4.19998, 0.01198, 0.14955, 0.35011, 0.08982, 0.33846, 0.02236, -0.02995, 0.21148, 0.07934, -0.02163, 0.07373, 0.09151, 0.09015, 0.01272, 0.00742 
34260.0, 9.59630, 0.29577, 2.17342, 5.34907, 0.00379, 0.31111, 4.34223, 0.00599, 0.11183, 0.40046, 0.12637, 0.32655, 0.00539, -0.02033, 0.23383, 0.07816, -0.00885, 0.09942, 0.08824, 0.11834, 0.01050, 0.00781 
34320.0, 12.09296, 0.26892, 3.18511, 7.58537, 0.01655, 0.47446, 5.00270, 0.00726, 0.25227, 0.46318, 0.11763, 0.39945, 0.02731, -0.01125, 0.23999, 0.09160, -0.02166, 0.13604, 0.13656, 0.12340, 0.01482, 0.01569 
34380.0, 11.54030, 0.27680, 2.87510, 8.28573, 0.00374, 0.43104, 4.74018, 0.02010, 0.20209, 0.43014, 0.16642, 0.41233, 0.03663, -0.00919, 0.23585, 0.09127, -0.02168, 0.08897, 0.15596, 0.13630, 0.01331, 0.01154 
34440.0, 9.43206, 0.29909, 2.38039, 5.56139, 0.00370, 0.36275, 4.33738, 0.00662, 0.17404, 0.36261, 0.05256, 0.31221, -0.01028, -0.03473, 0.22994, 0.08776, -0.02170, 0.10622, 0.09341, 0.09954, 0.01777, 0.01143 
34500.0, 11.20123, 0.27851, 2.55604, 5.30074, 0.00530, 0.35115, 4.48623, -0.00028, 0.19750, 0.43301, 0.10056, 0.32698, 0.00801, -0.00758, 0.21769, 0.07237, -0.02089, 0.07602, 0.09781, 0.10299, 0.01509, 0.01027 
34560.0, 10.43734, 0.29185, 2.62263, 6.04650, 0.00539, 0.36566, 4.58120, 0.01166, 0.19742, 0.41475, 0.02873, 0.35023, -0.01028, -0.03395, 0.22498, 0.08635, -0.01636, 0.07007, 0.11206, 0.12207, 0.00885, 0.00871 
34620.0, 11.22291, 0.26663, 2.65191, 6.15503, 0.00395, 0.37964, 4.55234, -0.00028, 0.17045, 0.45076, 0.10786, 0.34163, 0.02275, -0.02153, 0.24450, 0.08979, -0.01229, 0.13084, 0.13379, 0.10070, 0.00921, 0.00464 
34680.0, 11.37739, 0.24678, 2.86157, 6.47906, 0.00562, 0.44445, 4.78658, 0.00819, 0.23134, 0.51137, 0.03623, 0.36603, 0.04802, -0.00396, 0.24651, 0.09467, -0.02177, 0.08808, 0.13215, 0.13449, 0.01348, 0.01241 
34740.0, 11.14524, 0.25636, 2.40839, 5.37410, 0.00136, 0.33914, 4.50946, 0.00977, 0.12965, 0.43186, 0.07758, 0.31118, 0.01392, -0.01561, 0.23394, 0.09355, -0.01520, 0.10860, 0.13823, 0.08280, 0.01193, 0.01193 
34800.0, 10.21235, 0.29782, 2.38652, 5.31479, 0.00396, 0.36125, 4.45627, 0.00911, 0.23040, 0.43703, 0.08578, 0.34169, 0.01904, -0.03028, 0.22681, 0.08862, -0.02181, 0.11042, 0.16024, 0.09860, 0.01723, 0.01053 
34860.0, 10.07150, 0.28110, 2.31391, 5.45361, 0.00930, 0.31131, 4.44770, 0.00066, 0.19381, 0.44136, 0.05902, 0.30687, -0.01027, -0.02244, 0.19772, 0.08897, -0.00291, 0.10421, 0.09193, 0.12310, 0.01204, 0.01246 
34920.0, 10.39284, 0.29682, 2.33087, 5.34622, 0.00329, 0.32766, 4.45999, 0.00265, 0.18691, 0.45188, 0.13419, 0.29625, 0.02109, -0.01338, 0.22533, 0.09101, -0.01997, 0.09588, 0.10263, 0.10701, 0.01785, 0.01491 
34980.0, 9.42315, 0.28170, 2.22589, 5.21484, 0.00342, 0.32009, 4.41859, -0.00029, 0.17853, 0.42764, -0.01624, 0.28591, 0.03575, -0.02895, 0.20199, 0.08023, -0.01688, 0.09745, 0.06753, 0.08925, 0.01869, 0.00889 
35040.0, 11.58589, 0.28038, 2.33798, 5.19626, 0.00377, 0.35392, 4.45455, 0.01177, 0.16622, 0.44789, 0.09528, 0.32001, 0.00046, -0.01829, 0.20754, 0.08366, -0.01319, 0.07696, 0.10895, 0.12041, 0.01060, 0.01017 
35100.0, 8.49011, 0.27862, 1.81549, 3.74569, -0.00105, 0.27749, 3.94870, 0.00722, 0.04511, 0.37252, 0.01373, 0.25731, 0.00886, -0.02390, 0.15718, 0.06828, -0.02189, 0.10952, 0.07894, 0.11099, 0.01614, 0.00790 
35160.0, 10.39872, 0.25259, -9999.00000, 3.91797, 0.00073, 0.30175, 4.17474, -0.00029, -9999.00000, 0.39674, 0.07587, 0.29411, 0.02059, -0.02136, 0.19065, 0.06965, -0.02191, 0.06402, 0.09918, 0.10305, 0.00786, 0.00568 
35220.0, -9999.00000, -9999.00000, -9999.00000, -9999.00000, -9999.00000, -9999.00000, -9999.00000, -9999.00000, -9999.00000, -9999.00000, -9999.00000, -9999.00000, -9999.00000, -9999.00000, -9999.00000, -9999.00000, -9999.00000, -9999.00000, -9999.00000, -9999.00000, -9999.00000, -9999.00000 
35280.0, -9999.00000, -9999.00000, -9999.00000, -9999.00000, -9999.00000, -9999.00000, -9999.00000, -9999.00000, -9999.00000, -9999.00000, -9999.00000, -9999.00000, -9999.00000, -9999.00000, -9999.00000, -9999.00000, -9999.00000, -9999.00000, -9999.00000, -9999.00000, -9999.00000, -9999.00000 
35340.0, -9999.00000, -9999.00000, -9999.00000, -9999.00000, -9999.00000, -9999.00000, -9999.00000, -9999.00000, -9999.00000, -9999.00000, -9999.00000, -9999.00000, -9999.00000, -9999.00000, -9999.00000, -9999.00000, -9999.00000, -9999.00000, -9999.00000, -9999.00000, -9999.00000, -9999.00000 
