CampaignData_and_Merges/R0/CSL_MobileLab_Parked/raw/20240727/USOS-PTR_MobileLabGround_20240727_R0.ict
58, 1001
Matthew Coggon, Kelvin Bates, Chelsea Stockwell, Carsten Warneke
NOAA ESRL Chemical Sciences Division
NOAA PTR-ToF-MS
USOS
1,1 
2024, 07, 27, 2025, 09, 19
0
Time_Start, seconds, number of seconds from 00:00 UTC 
22
1, 1, 1, 1, 1, 1, 1, 1, 1, 1, 1, 1, 1, 1, 1, 1, 1, 1, 1, 1, 1, 1
-9999, -9999, -9999, -9999, -9999, -9999, -9999, -9999, -9999, -9999, -9999, -9999, -9999, -9999, -9999, -9999, -9999, -9999, -9999, -9999, -9999, -9999
CH3OH_NOAAPTR_ppbv,  ppbv, Gas_CH3OH_InSitu_S_AVMR, (CH3OH) methanol
CH3CN_NOAAPTR_ppbv,  ppbv, Gas_CH3CN_InSitu_S_AVMR, (CH3CN) acetonitrile
CH3CHO_NOAAPTR_ppbv,  ppbv, Gas_CH3CHO_InSitu_S_AVMR, (CH3CHO) acetaldehyde plus contributions from ethylene glycol and ethylene oxide. Interference from ethanol has been subtracted out.
C2H5OH_NOAAPTR_ppbv,  ppbv, Gas_C2H5OH_InSitu_S_AVMR, (C2H5OH) ethanol
CH3SH_NOAAPTR_ppbv,  ppbv, Gas_CH3SH_InSitu_S_AVMR, (CH3SH) methanethiol, using calibration factor for DMS
Acrolein_NOAAPTR_ppbv,  ppbv, Gas_Acrolein_InSitu_S_AVMR, (C3H4O) acrolein
AcetonePropanal_NOAAPTR_ppbv,  ppbv, Gas_AcetoneAndPropanal_InSitu_S_AVMR, (C3H6O) sum of acetone (dominant isomer) and propanal, using calibration factor for acetone
DMS_NOAAPTR_ppbv,  ppbv, Gas_DMS_InSitu_S_AVMR, (C2H6S) dimethyl sulfide with possible small contributions from ethanethiol
C5H8_NOAAPTR_ppbv,  ppbv, Gas_Isoprene_InSitu_S_AVMR, (C5H8) isoprene and possible fragments from cycloalkanes and aldehydes. Interferences have been subtracted following methods described by Coggon et al (2023)
MVKMAC_NOAAPTR_ppbv,  ppbv, Gas_MVKAndMAC_InSitu_S_AVMR, (C4H6O) sum of methyl vinyl ketone, methacrolein, and small amounts of crotonaldehyde, using weighted calibration factor for MVK (0.637) and MACR (0.363)
Benzene_NOAAPTR_ppbv,  ppbv, Gas_Benzene_InSitu_S_AVMR, (C6H6) benzene
Toluene_NOAAPTR_ppbv,  ppbv, Gas_Toluene_InSitu_S_AVMR, (C7H8) toluene with possible small contributions of fragments from ethyltoluene
Styrene_NOAAPTR_ppbv,  ppbv, Gas_Styrene_InSitu_S_AVMR, (C8H8) styrene
Benzaldehyde_NOAAPTR_ppbv,  ppbv, Gas_Benzaldehyde_InSitu_S_AVMR, (C7H6O) benzaldehyde
C8Aromatics_NOAAPTR_ppbv,  ppbv, Gas_C8Aromatics_InSitu_M_AVMR, (C8H10) sum of m-xylene, p-xylene, o-xylene, and ethyl benzene
C9Aromatics_NOAAPTR_ppbv,  ppbv, Gas_C9Aromatics_InSitu_M_AVMR, (C9H12) sum of C9 aromatics
Naphthalene_NOAAPTR_ppbv,  ppbv, Gas_Naphthalene_InSitu_S_AVMR, (C10H8) naphthalene
Octanal_NOAAPTR_ppbv,  ppbv, Gas_Octanal_InSitu_S_AVMR, (C8H16O) octanal and small amounts of octanone
Monoterpenes_NOAAPTR_ppbv,  ppbv, Gas_Monoterpenes_InSitu_M_AVMR, (C10H16) sum of monoterpenes and possible contributions from fragments of oxygenated monoterpenoids such as eucalyptol.
Nonanal_NOAAPTR_ppbv,  ppbv, Gas_Nonanal_InSitu_M_AVMR, (C9H18O) nonanal and small amounts of nonanone
C7H4ClF3_NOAAPTR_ppbv,  ppbv, Gas_C7H4ClF3_InSitu_S_AVMR, (C7H4ClF3) parachlorobenzotrifluoride
C10H30O5Si5_NOAAPTR_ppbv,  ppbv, Gas_C10H30O5Si5_InSitu_S_AVMR, (C10H30O5Si5) decamethylcyclopentasiloxane
1
SPECIAL COMMENTS:N/A
21
PI_CONTACT_INFO: NOAA ESRL Chemical Sciences Division, Tropospheric Chemistry Group. 325 Broadway, R/CSD7, Boulder, CO 80305
PLATFORM: Mobile Laboratory.
LOCATION: Salt Lake City, UT
ASSOCIATED_DATA: N/A
INSTRUMENT_INFO: NOAA PTR-ToF-MS measurements on NOAA CSL Mobile Lab
DATA_INFO: Units: ppbv
UNCERTAINTY: See OTHER_COMMENTS
ULOD_FLAG: -7777
ULOD_VALUE: N/A
LLOD_FLAG: -8888
LLOD_VALUE: N/A.
DM_CONTACT_INFO: Data Managers: Matt Coggon, Kelvin Bates, Chelsea Stockwell; email: matthew.m.coggon@noaa.gov and kelvin.bates@colorado.edu
PROJECT_INFO: USOS Deployment July-August, 2024
STIPULATIONS_ON_USE: Use of these data require prior OK from PI.
OTHER_COMMENTS: Uncertainties:
CH3OH_NOAAPTR_ppbv:30%; CH3CN_NOAAPTR_ppbv:30%; CH3CHO_NOAAPTR_ppbv:30%; C2H5OH_NOAAPTR_ppbv:30%; CH3SH_NOAAPTR_ppbv:50%; Acrolein_NOAAPTR_ppbv:30%; AcetonePropanal_NOAAPTR_ppbv:30%; DMS_NOAAPTR_ppbv:30%; C5H8_NOAAPTR_ppbv:30%; MVKMAC_NOAAPTR_ppbv:30%; 
Benzene_NOAAPTR_ppbv:30%; Toluene_NOAAPTR_ppbv:30%; Styrene_NOAAPTR_ppbv:30%; Benzaldehyde_NOAAPTR_ppbv:30%; C8Aromatics_NOAAPTR_ppbv:30%; C9Aromatics_NOAAPTR_ppbv:30%; Naphthalene_NOAAPTR_ppbv:30%; Octanal_NOAAPTR_ppbv:30%; Monoterpenes_NOAAPTR_ppbv:30%; Nonanal_NOAAPTR_ppbv:30%; 
C7H4ClF3_NOAAPTR_ppbv:30%; C10H30O5Si5_NOAAPTR_ppbv:30%; 
REVISION: R0
R0: Calibrated PTR Data. See individual species comments for details about measurement uncertainties
Time_Start, CH3OH_NOAAPTR_ppbv, CH3CN_NOAAPTR_ppbv, CH3CHO_NOAAPTR_ppbv, C2H5OH_NOAAPTR_ppbv, CH3SH_NOAAPTR_ppbv, Acrolein_NOAAPTR_ppbv, AcetonePropanal_NOAAPTR_ppbv, DMS_NOAAPTR_ppbv, C5H8_NOAAPTR_ppbv, MVKMAC_NOAAPTR_ppbv, Benzene_NOAAPTR_ppbv, Toluene_NOAAPTR_ppbv, Styrene_NOAAPTR_ppbv, Benzaldehyde_NOAAPTR_ppbv, C8Aromatics_NOAAPTR_ppbv, C9Aromatics_NOAAPTR_ppbv, Naphthalene_NOAAPTR_ppbv, Octanal_NOAAPTR_ppbv, Monoterpenes_NOAAPTR_ppbv, Nonanal_NOAAPTR_ppbv, C7H4ClF3_NOAAPTR_ppbv, C10H30O5Si5_NOAAPTR_ppbv
[from data line 1245]
74700.0, 7.74010, 0.25314, 1.29952, 2.03260, 0.00165, 0.20278, 3.85007, 0.00918, 0.19181, 0.70355, 0.01722, 0.21530, -0.00990, -0.07098, 0.11565, 0.04641, -0.00771, 0.03694, 0.05869, 0.02347, 0.00439, 0.00042 
74760.0, 8.03994, 0.26635, 1.12365, 1.58883, 0.00096, 0.14823, 3.84437, -0.00048, 0.21098, 0.69353, 0.05890, 0.11732, 0.00578, -0.05336, 0.06542, 0.02399, -0.00779, 0.04152, 0.10782, 0.04134, 0.00802, 0.00313 
74820.0, 9.85292, 0.25726, 1.55415, 2.34659, 0.00485, 0.21699, 4.06235, 0.02087, 0.40823, 0.82166, 0.08273, 0.19968, 0.00863, -0.03145, 0.12966, 0.04812, -0.00465, 0.03822, 0.11436, 0.07225, 0.01378, 0.00463 
74880.0, 7.36354, 0.26574, 1.15284, 1.43294, 0.00724, 0.16935, 3.90243, 0.00805, 0.37179, 0.79236, 0.00263, 0.11047, -0.00038, -0.05438, 0.06848, 0.02483, -0.01030, 0.01501, 0.12162, 0.02343, 0.00428, 0.00132 
74940.0, 7.90700, 0.24148, 1.30142, 2.10241, 0.00136, 0.20887, 3.95189, 0.00746, 0.55407, 0.82485, 0.10654, 0.22338, 0.00522, -0.06092, 0.11583, 0.04957, -0.00124, 0.03156, 0.10787, 0.03320, -0.00036, 0.00006 
75000.0, 8.68331, 0.25540, 1.32594, 1.64533, 0.00536, 0.17348, 3.97839, 0.01031, 0.57932, 0.83970, 0.02451, 0.19112, 0.00048, -0.03698, 0.10205, 0.04108, -0.01855, 0.02684, 0.12683, 0.04622, 0.00997, 0.00151 
75060.0, 8.95414, 0.25693, 1.43656, 1.62251, 0.00215, 0.22255, 3.94978, 0.00736, 0.58371, 0.83106, 0.03353, 0.14147, 0.01871, -0.05328, 0.06421, 0.02686, -0.00485, 0.02544, 0.11051, 0.04040, 0.00719, 0.00182 
75120.0, 13.11169, 0.25822, 1.19028, 1.97429, 0.00291, 0.20830, 3.88176, 0.00270, 0.75801, 0.73169, -0.01312, 0.14496, 0.01431, -0.07076, 0.07238, 0.03053, -0.01853, 0.01707, 0.11057, 0.02613, 0.00673, 0.00088 
75180.0, 10.01299, 0.27725, 1.30761, 1.61407, 0.00160, 0.17328, 3.76605, 0.01061, 0.38449, 0.60439, 0.03205, 0.12901, 0.01261, -0.03837, 0.05758, 0.02517, -0.01300, 0.02280, 0.12305, 0.03105, 0.01287, 0.00289 
75240.0, 8.88312, 0.26211, 1.22426, 1.61185, 0.00292, 0.16241, 3.83521, 0.00696, 0.43750, 0.65860, 0.02621, 0.12320, 0.00234, -0.04378, 0.05032, 0.02223, -0.00886, 0.01077, 0.10471, 0.02843, 0.00971, 0.00445 
75300.0, 11.64172, 0.22823, 1.28513, 1.89141, 0.00472, 0.19085, 3.92090, 0.00554, 0.48818, 0.61653, 0.03053, 0.14649, 0.00803, -0.04875, 0.07305, 0.02388, -0.01851, 0.03664, 0.12195, 0.02305, 0.00779, 0.00311 
75360.0, 7.92246, 0.25667, 1.27068, 1.77386, 0.00131, 0.18599, 3.80302, -0.00049, 0.28431, 0.61608, 0.04380, 0.13731, 0.00088, -0.07061, 0.04870, 0.01952, -0.01850, 0.01773, 0.05565, 0.01269, 0.00940, 0.00470 
75420.0, 7.05755, 0.26074, 1.14201, 1.69172, -0.00103, 0.14859, 3.73253, 0.00278, 0.17376, 0.55351, 0.02565, 0.10712, -0.00828, -0.04980, 0.05340, 0.01260, -0.01849, 0.00858, 0.04812, 0.02341, 0.00897, 0.00103 
75480.0, 10.65452, 0.24566, 1.53606, 2.17744, 0.00601, 0.21842, 3.96257, -0.00049, 0.36599, 0.57222, 0.08767, 0.28399, 0.01437, -0.03979, 0.18605, 0.07111, -0.01848, 0.00500, 0.08790, 0.02215, 0.00514, 0.00535 
75540.0, 7.90583, 0.25607, 1.21880, 1.60709, 0.00019, 0.14390, 3.80443, 0.01383, 0.14737, 0.57572, -0.03007, 0.11825, 0.00118, -0.07050, 0.05241, 0.01607, -0.01441, 0.02076, 0.04164, 0.03234, 0.01037, 0.00444 
75600.0, 10.08062, 0.21353, 1.44638, 1.33776, 0.00061, 0.18863, 3.91107, -0.00049, 0.23663, 0.58090, -0.01189, 0.10582, 0.00345, -0.06092, 0.04559, 0.02485, -0.01846, 0.02723, 0.06467, 0.01862, 0.00236, 0.00353 
75660.0, 7.42637, 0.27402, 1.12384, 1.65653, 0.00189, 0.13576, 3.73059, 0.00144, 0.13863, 0.54554, -0.03298, 0.11723, 0.01068, -0.06123, 0.04789, 0.01320, -0.01845, 0.01913, 0.03420, 0.01467, 0.01219, 0.00393 
75720.0, 7.03629, 0.26128, 1.15091, 1.56820, -0.00017, 0.15243, 3.75689, 0.00397, 0.13055, 0.51183, 0.00536, 0.08632, -0.00979, -0.04990, 0.05035, 0.02035, -0.01471, 0.02440, 0.03950, 0.01765, 0.00770, 0.00530 
75780.0, 8.03821, 0.24755, 1.12872, 1.72279, 0.00249, 0.20424, 3.82693, -0.00050, 0.13899, 0.54946, 0.06162, 0.15879, 0.01366, -0.06301, 0.07682, 0.03259, -0.00639, 0.04185, 0.05235, 0.01073, 0.00724, 0.00118 
75840.0, 7.30287, 0.24528, 1.20293, 1.59601, 0.00140, 0.17325, 3.77005, -0.00050, 0.17528, 0.53917, 0.04827, 0.15508, 0.00458, -0.04293, 0.06839, 0.02007, -0.01688, 0.01600, 0.04799, 0.01622, 0.01080, 0.00277 
75900.0, 7.71385, 0.25143, 1.19393, 1.65456, 0.00200, 0.17676, 3.84281, -0.00050, 0.22108, 0.55779, 0.01870, 0.10083, 0.00079, -0.06247, 0.05693, 0.01813, -0.01782, 0.01373, 0.04771, 0.01296, 0.00890, 0.00062 
75960.0, 7.21562, 0.25506, 1.14401, 1.54374, 0.00392, 0.14845, 3.82969, -0.00050, 0.17187, 0.57397, -0.02758, 0.09007, 0.00263, -0.05521, 0.05220, 0.01569, -0.01453, 0.01266, 0.05131, 0.02206, 0.00808, 0.00113 
76020.0, 8.20328, 0.25315, 1.22394, 1.67620, 0.00270, 0.18364, 3.87876, 0.00123, 0.15962, 0.57447, 0.03450, 0.12356, -0.00744, -0.03472, 0.05706, 0.01296, -0.01839, 0.02444, 0.08774, 0.02695, 0.00669, 0.00123 
76080.0, 7.25970, 0.26180, 1.21142, 1.97502, 0.00331, 0.16420, 3.71887, 0.00001, 0.10043, 0.55511, 0.04961, 0.10131, -0.00095, -0.06775, 0.06045, 0.02080, -0.01526, 0.02027, 0.07928, 0.03692, 0.00980, -0.00040 
76140.0, 7.69522, 0.24965, 1.17346, 1.56817, 0.00052, 0.16419, 3.73467, -0.00050, 0.14635, 0.56396, 0.04241, 0.12948, -0.00840, -0.06334, 0.06157, 0.02075, -0.01837, 0.02166, 0.04917, 0.02603, 0.01401, 0.00324 
76200.0, 7.54687, 0.25225, 1.15771, 1.61952, -0.00096, 0.14981, 3.80631, 0.00703, 0.13611, 0.56021, 0.03776, 0.09815, -0.00974, -0.06141, 0.06284, 0.01881, -0.01836, 0.01381, 0.05322, 0.02568, 0.00870, 0.00643 
76260.0, 7.21391, 0.25304, 1.19629, 1.56658, -0.00102, 0.19760, 3.80181, 0.00884, 0.13139, 0.54303, 0.04187, 0.11898, -0.00139, -0.06370, 0.05613, 0.02325, -0.01397, 0.03930, 0.06523, 0.03299, 0.01335, 0.00179 
76320.0, 13.45105, 0.26919, 1.52553, 2.21621, 0.00620, 0.22456, 4.05516, 0.01028, 0.25249, 0.57249, 0.07241, 0.11829, 0.00271, -0.03103, 0.06282, 0.03283, -0.01834, 0.05985, 0.13774, 0.11824, 0.00850, 0.00325 
76380.0, 8.71240, 0.26689, 1.29352, 1.76289, 0.00170, 0.15450, 3.90118, 0.01873, 0.16046, 0.54987, 0.06248, 0.11907, -0.00619, -0.04540, 0.06291, 0.02079, -0.01444, 0.06196, 0.07390, 0.09934, 0.01059, 0.00601 
76440.0, 10.79714, 0.26331, 1.24665, 1.93129, 0.00220, 0.17645, 3.87582, -0.00051, 0.18062, 0.58200, 0.03212, 0.13646, -0.00330, -0.04950, 0.05069, 0.02763, -0.00252, 0.01643, 0.16487, 0.02909, 0.01388, 0.00594 
76500.0, 11.94760, 0.24488, 1.35646, 2.42977, 0.00344, 0.21207, 3.90208, -0.00051, 0.27443, 0.53961, 0.02574, 0.13826, -0.00177, -0.06993, 0.07040, 0.02330, -0.01832, 0.01333, 0.09490, 0.03249, 0.00302, 0.00335 
76560.0, 9.15725, 0.26278, 1.40296, 2.05857, 0.00202, 0.20000, 3.82342, 0.01129, 0.45316, 0.54014, -0.01583, 0.12632, -0.00970, -0.06989, 0.06342, 0.02523, -0.01831, 0.03037, 0.09102, 0.04070, 0.00917, 0.00275 
76620.0, 7.89206, 0.26276, 1.39476, 2.14359, 0.00255, 0.15659, 3.90031, 0.00927, 0.40991, 0.51834, 0.04359, 0.13593, -0.00004, -0.05940, 0.06839, 0.02288, -0.01026, 0.01709, 0.09072, 0.01346, 0.01440, 0.00557 
76680.0, 9.78835, 0.28606, 1.52255, 2.14179, 0.00672, 0.22267, 3.92548, -0.00051, 0.54409, 0.55875, 0.04683, 0.15968, -0.00769, -0.04265, 0.09169, 0.03050, -0.01829, 0.02749, 0.11966, 0.04150, 0.00877, 0.00711 
76740.0, 8.61036, 0.27264, 1.28996, 1.35921, -0.00039, 0.17677, 3.82436, -0.00052, 0.14284, 0.53644, -0.04092, 0.10199, -0.00968, -0.06978, 0.04300, 0.03108, -0.01828, 0.02501, 0.05433, 0.01501, 0.00664, 0.00211 
76800.0, 9.43068, 0.27900, 1.32983, 2.01216, 0.00305, 0.22305, 3.92212, 0.01873, 0.31790, 0.55725, 0.03093, 0.13609, -0.00724, -0.05736, 0.06455, 0.02531, -0.00804, 0.02281, 0.07477, 0.02111, 0.00825, 0.00312 
76860.0, 7.26046, 0.26331, 1.27502, 1.87386, 0.00271, 0.17536, 3.80684, 0.00856, 0.16053, 0.52810, 0.03519, 0.08830, -0.00966, -0.05040, 0.05640, 0.02181, -0.01826, 0.02117, 0.05886, 0.01984, 0.00994, 0.00435 
76920.0, 8.24850, 0.24458, 1.22037, 2.24816, 0.00106, 0.17912, 3.89764, 0.00266, 0.20132, 0.54081, 0.03196, 0.10679, 0.01264, -0.06588, 0.05937, 0.02043, -0.00522, 0.02311, 0.09409, 0.03466, 0.01281, -0.00029 
76980.0, 102.48963, 0.25136, 1.53715, 1.86301, 0.00282, 0.19515, 3.97977, 0.01403, 0.14828, 0.55407, 0.02396, 0.11723, 0.00676, -0.06010, 0.05853, 0.02575, -0.01824, 0.02896, 0.09483, 0.05338, 0.00604, 0.00685 
77040.0, 26.53235, 0.25612, 1.93691, 2.28908, 0.00554, 0.25536, 4.17115, -0.00052, 0.31307, 0.58867, 0.01961, 0.16482, 0.00664, -0.04677, 0.07191, 0.03264, -0.00840, 0.08002, 0.13716, 0.15794, 0.01264, 0.00404 
77100.0, 11.94721, 0.26933, 1.30079, 1.71175, 0.00132, 0.17837, 3.94054, 0.00481, 0.17322, 0.57774, 0.02433, 0.14454, 0.00298, -0.03843, 0.06484, 0.02137, -0.00951, -0.00178, 0.11689, 0.04624, 0.00543, 0.00372 
77160.0, 9.69394, 0.27224, 1.46307, 2.21070, 0.00413, 0.21368, 3.96833, -0.00052, 0.16193, 0.53654, 0.12098, 0.15690, 0.00865, -0.02808, 0.07269, 0.03295, -0.01125, 0.06216, 0.12581, 0.18764, 0.00702, 0.00526 
77220.0, 12.56237, 0.26244, 1.65808, 3.58825, 0.00258, 0.22405, 4.21983, -0.00052, 0.31388, 0.53567, 0.24009, 0.52742, 0.03390, -0.05724, 0.33785, 0.14526, -0.00809, 0.02309, 0.14801, 0.11626, 0.00459, 0.00196 
77280.0, 9.32067, 0.27231, 1.50727, 2.96102, 0.00629, 0.19693, 3.88206, -0.00053, 0.30370, 0.53119, 0.09505, 0.30311, 0.01782, -0.03157, 0.15591, 0.03706, -0.00771, 0.02665, 0.10328, 0.02719, 0.00860, 0.00593 
77340.0, 8.96991, 0.25441, 1.51824, 2.42337, 0.00544, 0.20579, 3.98553, 0.00627, 0.34733, 0.57389, 0.04031, 0.20871, 0.00859, -0.05506, 0.08771, 0.04254, -0.01326, 0.03743, 0.12647, 0.09308, 0.00988, 0.00433 
77400.0, 9.95695, 0.25389, 1.76808, 5.94780, 0.00239, 0.24556, 4.12707, -0.00053, 0.39101, 0.57255, 0.14983, 0.50932, -0.00187, -0.05655, 0.24209, 0.06894, -0.01817, 0.03102, 0.13342, 0.05462, 0.00921, 0.00423 
77460.0, 10.12586, 0.25482, 1.53247, 3.90759, 0.00096, 0.20070, 4.15282, 0.01132, 0.45959, 0.54659, 0.05998, 0.29905, 0.01140, -0.04271, 0.16236, 0.05250, -0.00052, 0.02071, 0.13411, 0.02311, 0.01033, 0.00647 
77520.0, 10.49107, 0.26444, 1.59329, 3.24174, 0.00021, 0.20153, 3.98108, 0.00349, 0.51530, 0.62116, 0.07644, 0.25907, 0.01707, -0.04778, 0.13942, 0.05652, -0.01816, 0.03980, 0.13659, 0.04435, 0.01385, 0.00554 
77580.0, 10.99352, 0.25354, 1.90688, 4.70785, 0.00467, 0.24568, 4.20203, 0.01311, 0.38225, 0.65441, 0.02268, 0.29807, 0.00258, -0.06928, 0.15852, 0.05379, -0.01360, 0.02654, 0.43823, 0.10219, 0.01508, 0.00536 
77640.0, 10.46636, 0.25746, 1.72530, 5.19186, 0.00431, 0.23621, 4.30251, 0.00926, 0.33604, 0.58715, 0.13482, 0.33155, 0.01875, -0.04306, 0.24227, 0.08714, -0.01250, 0.04935, 0.24432, 0.08817, 0.01244, 0.02079 
77700.0, 9.01766, 0.25330, 1.55961, 3.22376, 0.00081, 0.22846, 4.09814, 0.00324, 0.23792, 0.57829, 0.11144, 0.20452, -0.00957, -0.06845, 0.15959, 0.06900, -0.00234, 0.04724, 0.15325, 0.06664, 0.00724, 0.01198 
77760.0, 8.30771, 0.25099, 1.27801, 2.24317, 0.00249, 0.18936, 3.86218, 0.00101, 0.25993, 0.52747, 0.09349, 0.13936, -0.00827, -0.04479, 0.10610, 0.04588, -0.00716, 0.00929, 0.09221, 0.02842, 0.01323, 0.00628 
77820.0, 7.67930, 0.25664, 1.21899, 2.04739, -0.00101, 0.17106, 3.84707, 0.00412, 0.25107, 0.51356, 0.02608, 0.12247, -0.00308, -0.04756, 0.07727, 0.02561, -0.01811, 0.01572, 0.06511, 0.02902, 0.01037, 0.00156 
77880.0, 7.90327, 0.25018, 1.41731, 2.36269, 0.00126, 0.19163, 3.96519, 0.01031, 0.32702, 0.58097, 0.07987, 0.25647, 0.01263, -0.05691, 0.14456, 0.05754, -0.01810, 0.02823, 0.08619, 0.04183, 0.00549, 0.00256 
77940.0, 9.29187, 0.25759, 1.32558, 2.38040, 0.00022, 0.18801, 3.90477, -0.00054, 0.26765, 0.59250, 0.05323, 0.16780, 0.00549, -0.06410, 0.10029, 0.03220, -0.01809, 0.03686, 0.06938, 0.02653, 0.00671, 0.00445 
78000.0, 7.80428, 0.26123, 1.26307, 2.42290, 0.00162, 0.15043, 3.84408, -0.00054, 0.20843, 0.55513, 0.03006, 0.12085, 0.00144, -0.03599, 0.06157, 0.02413, -0.00781, 0.01881, 0.06630, 0.04626, 0.01133, 0.00430 
78060.0, 8.29751, 0.25746, 1.32002, 2.23635, 0.00198, 0.17030, 3.87020, -0.00054, 0.18064, 0.56407, -0.01381, 0.14220, -0.00953, -0.05507, 0.06314, 0.01934, -0.01063, 0.02176, 0.06378, 0.04718, 0.01048, 0.00375 
78120.0, 9.13366, 0.25372, 1.51485, 2.61389, -0.00101, 0.19273, 4.04069, -0.00054, 0.28078, 0.55118, 0.08554, 0.14283, 0.00193, -0.02482, 0.08544, 0.03397, -0.01806, 0.03408, 0.11815, 0.04023, 0.01127, 0.00625 
78180.0, 8.12723, 0.26325, 1.23459, 2.31018, 0.00022, 0.20076, 3.77685, -0.00054, 0.23043, 0.55081, 0.02610, 0.11692, -0.00263, -0.04027, 0.07005, 0.02393, -0.01805, 0.03784, 0.06175, 0.01765, 0.01463, 0.00503 
78240.0, 9.19891, 0.24624, 1.38545, 2.90410, 0.00015, 0.22846, 4.13928, 0.01252, 0.29937, 0.56135, 0.11127, 0.15302, 0.00377, -0.02817, 0.06894, 0.03596, -0.01297, 0.02770, 0.10122, 0.04254, 0.00682, 0.00588 
78300.0, 8.80036, 0.26387, 1.45813, 3.84496, -0.00029, 0.23130, 3.94641, 0.01068, 0.36030, 0.54095, 0.05072, 0.16996, -0.00951, -0.05269, 0.07787, 0.04290, -0.01428, 0.03579, 0.11496, 0.03352, 0.01447, 0.00080 
78360.0, 13.01723, 0.27327, 2.16087, 4.42695, 0.00181, 0.29728, 4.45681, 0.00960, 0.31011, 0.62697, 0.27750, 0.55839, 0.05006, -0.04624, 0.39198, 0.20535, 0.01358, 0.07315, 0.12795, 0.06179, 0.00446, 0.00435 
78420.0, 11.54779, 0.26741, 2.28011, 3.15475, -0.00024, 0.42944, 4.70970, 0.01465, 0.43653, 0.79370, 0.05018, 0.17510, 0.02231, -0.00380, 0.14642, 0.07205, -0.01801, 0.15383, 0.10644, 0.11028, 0.00527, 0.00724 
78480.0, 20.18923, 0.29537, 2.67679, 3.04145, 0.00216, 0.49612, 5.04455, 0.01450, 0.66467, 0.76878, 0.09380, 0.28047, 0.01551, 0.01003, 0.17173, 0.08374, -0.01800, 0.16024, 0.17259, 0.10144, 0.00813, 0.00290 
78540.0, 8.43408, 0.26715, 1.44617, 2.06490, 0.00302, 0.32006, 3.65163, 0.00032, 0.34667, 0.43064, 0.02919, 0.13717, -0.00013, -0.03407, 0.06314, 0.03934, -0.01491, 0.04460, 0.10273, 0.03466, 0.00963, 0.00443 
78600.0, 14.30372, 0.28226, 2.14277, 2.13382, 0.01045, 0.28295, 3.74604, -0.00023, 0.29127, 0.42932, 0.04876, 0.19558, -0.00948, -0.01482, 0.14581, 0.05362, -0.01798, 0.05346, 0.09263, 0.07312, 0.00464, 0.00386 
78660.0, 9.32154, 0.27730, 1.25423, 0.72459, 0.00101, 0.17362, 3.19949, 0.01637, 0.12750, 0.29724, -0.03328, 0.08140, 0.00102, -0.06806, 0.03505, 0.02405, -0.01701, 0.02569, 0.04494, 0.03255, 0.00367, -0.00009 
78720.0, 15.15895, 0.28654, 1.64677, 2.03260, 0.00305, 0.28134, 3.56583, -0.00055, 0.22191, 0.37273, 0.11437, 0.22468, 0.01547, -0.01616, 0.15237, 0.06966, -0.01670, 0.03240, 0.06958, 0.03440, 0.00666, 0.00227 
78780.0, 8.73725, 0.27174, 1.28195, 1.16657, -0.00064, 0.22144, 3.29430, 0.01308, 0.20603, 0.33269, 0.03314, 0.10284, 0.00368, -0.06671, 0.06777, 0.03304, -0.01796, 0.05222, 0.04255, 0.06075, 0.01190, 0.00245 
78840.0, 10.75906, 0.28630, 1.46078, 1.28435, 0.00168, 0.21612, 3.41497, 0.00090, 0.16766, 0.33302, 0.05605, 0.10227, -0.00945, -0.02644, 0.05927, 0.02123, -0.01795, 0.06140, 0.07433, 0.05081, 0.00102, 0.00182 
78900.0, 8.47475, 0.28492, 1.16670, 1.10053, 0.00123, 0.19880, 3.20843, 0.01523, 0.09663, 0.30563, 0.02138, 0.07958, 0.01506, -0.03721, 0.05338, 0.02107, -0.01794, 0.02786, 0.04851, 0.02365, 0.00895, 0.00133 
78960.0, 9.59007, 0.31268, 1.58144, 1.73903, 0.00295, 0.26567, 3.53028, 0.01131, 0.17273, 0.35012, 0.12960, 0.08987, 0.00150, 0.01889, 0.03744, 0.01681, -0.01793, 0.03914, 0.08874, 0.07412, 0.00578, 0.00786 
79020.0, 8.73378, 0.30234, 1.47968, 1.70784, 0.00099, 0.28626, 3.53119, 0.00271, 0.16804, 0.37594, 0.02203, 0.10764, -0.00943, -0.01326, 0.07416, 0.02819, 0.00713, 0.02958, 0.09025, 0.06804, 0.00996, 0.00176 
79080.0, 7.92453, 0.27745, 1.29637, 1.84210, -0.00035, 0.22231, 3.42491, -0.00056, 0.12082, 0.34361, 0.02808, 0.07834, -0.00446, -0.02266, 0.05643, 0.02362, -0.01499, 0.01512, 0.06244, 0.03835, 0.00307, 0.00234 
79140.0, 8.75076, 0.27756, 1.56848, 2.56748, 0.00783, 0.27876, 3.57209, 0.00250, 0.15338, 0.39362, -0.02366, 0.09689, -0.00942, -0.03679, 0.05408, 0.03458, -0.01790, 0.05039, 0.10439, 0.04952, 0.00756, 0.00207 
