CampaignData_and_Merges/R0/CSL_MobileLab_Parked/raw/20240727/USOS-PTR_MobileLabGround_20240727_R0.ict
58, 1001
Matthew Coggon, Kelvin Bates, Chelsea Stockwell, Carsten Warneke
NOAA ESRL Chemical Sciences Division
NOAA PTR-ToF-MS
USOS
1,1 
2024, 07, 27, 2025, 09, 19
0
Time_Start, seconds, number of seconds from 00:00 UTC 
22
1, 1, 1, 1, 1, 1, 1, 1, 1, 1, 1, 1, 1, 1, 1, 1, 1, 1, 1, 1, 1, 1
-9999, -9999, -9999, -9999, -9999, -9999, -9999, -9999, -9999, -9999, -9999, -9999, -9999, -9999, -9999, -9999, -9999, -9999, -9999, -9999, -9999, -9999
CH3OH_NOAAPTR_ppbv,  ppbv, Gas_CH3OH_InSitu_S_AVMR, (CH3OH) methanol
CH3CN_NOAAPTR_ppbv,  ppbv, Gas_CH3CN_InSitu_S_AVMR, (CH3CN) acetonitrile
CH3CHO_NOAAPTR_ppbv,  ppbv, Gas_CH3CHO_InSitu_S_AVMR, (CH3CHO) acetaldehyde plus contributions from ethylene glycol and ethylene oxide. Interference from ethanol has been subtracted out.
C2H5OH_NOAAPTR_ppbv,  ppbv, Gas_C2H5OH_InSitu_S_AVMR, (C2H5OH) ethanol
CH3SH_NOAAPTR_ppbv,  ppbv, Gas_CH3SH_InSitu_S_AVMR, (CH3SH) methanethiol, using calibration factor for DMS
Acrolein_NOAAPTR_ppbv,  ppbv, Gas_Acrolein_InSitu_S_AVMR, (C3H4O) acrolein
AcetonePropanal_NOAAPTR_ppbv,  ppbv, Gas_AcetoneAndPropanal_InSitu_S_AVMR, (C3H6O) sum of acetone (dominant isomer) and propanal, using calibration factor for acetone
DMS_NOAAPTR_ppbv,  ppbv, Gas_DMS_InSitu_S_AVMR, (C2H6S) dimethyl sulfide with possible small contributions from ethanethiol
C5H8_NOAAPTR_ppbv,  ppbv, Gas_Isoprene_InSitu_S_AVMR, (C5H8) isoprene and possible fragments from cycloalkanes and aldehydes. Interferences have been subtracted following methods described by Coggon et al (2023)
MVKMAC_NOAAPTR_ppbv,  ppbv, Gas_MVKAndMAC_InSitu_S_AVMR, (C4H6O) sum of methyl vinyl ketone, methacrolein, and small amounts of crotonaldehyde, using weighted calibration factor for MVK (0.637) and MACR (0.363)
Benzene_NOAAPTR_ppbv,  ppbv, Gas_Benzene_InSitu_S_AVMR, (C6H6) benzene
Toluene_NOAAPTR_ppbv,  ppbv, Gas_Toluene_InSitu_S_AVMR, (C7H8) toluene with possible small contributions of fragments from ethyltoluene
Styrene_NOAAPTR_ppbv,  ppbv, Gas_Styrene_InSitu_S_AVMR, (C8H8) styrene
Benzaldehyde_NOAAPTR_ppbv,  ppbv, Gas_Benzaldehyde_InSitu_S_AVMR, (C7H6O) benzaldehyde
C8Aromatics_NOAAPTR_ppbv,  ppbv, Gas_C8Aromatics_InSitu_M_AVMR, (C8H10) sum of m-xylene, p-xylene, o-xylene, and ethyl benzene
C9Aromatics_NOAAPTR_ppbv,  ppbv, Gas_C9Aromatics_InSitu_M_AVMR, (C9H12) sum of C9 aromatics
Naphthalene_NOAAPTR_ppbv,  ppbv, Gas_Naphthalene_InSitu_S_AVMR, (C10H8) naphthalene
Octanal_NOAAPTR_ppbv,  ppbv, Gas_Octanal_InSitu_S_AVMR, (C8H16O) octanal and small amounts of octanone
Monoterpenes_NOAAPTR_ppbv,  ppbv, Gas_Monoterpenes_InSitu_M_AVMR, (C10H16) sum of monoterpenes and possible contributions from fragments of oxygenated monoterpenoids such as eucalyptol.
Nonanal_NOAAPTR_ppbv,  ppbv, Gas_Nonanal_InSitu_M_AVMR, (C9H18O) nonanal and small amounts of nonanone
C7H4ClF3_NOAAPTR_ppbv,  ppbv, Gas_C7H4ClF3_InSitu_S_AVMR, (C7H4ClF3) parachlorobenzotrifluoride
C10H30O5Si5_NOAAPTR_ppbv,  ppbv, Gas_C10H30O5Si5_InSitu_S_AVMR, (C10H30O5Si5) decamethylcyclopentasiloxane
1
SPECIAL COMMENTS:N/A
21
PI_CONTACT_INFO: NOAA ESRL Chemical Sciences Division, Tropospheric Chemistry Group. 325 Broadway, R/CSD7, Boulder, CO 80305
PLATFORM: Mobile Laboratory.
LOCATION: Salt Lake City, UT
ASSOCIATED_DATA: N/A
INSTRUMENT_INFO: NOAA PTR-ToF-MS measurements on NOAA CSL Mobile Lab
DATA_INFO: Units: ppbv
UNCERTAINTY: See OTHER_COMMENTS
ULOD_FLAG: -7777
ULOD_VALUE: N/A
LLOD_FLAG: -8888
LLOD_VALUE: N/A.
DM_CONTACT_INFO: Data Managers: Matt Coggon, Kelvin Bates, Chelsea Stockwell; email: matthew.m.coggon@noaa.gov and kelvin.bates@colorado.edu
PROJECT_INFO: USOS Deployment July-August, 2024
STIPULATIONS_ON_USE: Use of these data require prior OK from PI.
OTHER_COMMENTS: Uncertainties:
CH3OH_NOAAPTR_ppbv:30%; CH3CN_NOAAPTR_ppbv:30%; CH3CHO_NOAAPTR_ppbv:30%; C2H5OH_NOAAPTR_ppbv:30%; CH3SH_NOAAPTR_ppbv:50%; Acrolein_NOAAPTR_ppbv:30%; AcetonePropanal_NOAAPTR_ppbv:30%; DMS_NOAAPTR_ppbv:30%; C5H8_NOAAPTR_ppbv:30%; MVKMAC_NOAAPTR_ppbv:30%; 
Benzene_NOAAPTR_ppbv:30%; Toluene_NOAAPTR_ppbv:30%; Styrene_NOAAPTR_ppbv:30%; Benzaldehyde_NOAAPTR_ppbv:30%; C8Aromatics_NOAAPTR_ppbv:30%; C9Aromatics_NOAAPTR_ppbv:30%; Naphthalene_NOAAPTR_ppbv:30%; Octanal_NOAAPTR_ppbv:30%; Monoterpenes_NOAAPTR_ppbv:30%; Nonanal_NOAAPTR_ppbv:30%; 
C7H4ClF3_NOAAPTR_ppbv:30%; C10H30O5Si5_NOAAPTR_ppbv:30%; 
REVISION: R0
R0: Calibrated PTR Data. See individual species comments for details about measurement uncertainties
Time_Start, CH3OH_NOAAPTR_ppbv, CH3CN_NOAAPTR_ppbv, CH3CHO_NOAAPTR_ppbv, C2H5OH_NOAAPTR_ppbv, CH3SH_NOAAPTR_ppbv, Acrolein_NOAAPTR_ppbv, AcetonePropanal_NOAAPTR_ppbv, DMS_NOAAPTR_ppbv, C5H8_NOAAPTR_ppbv, MVKMAC_NOAAPTR_ppbv, Benzene_NOAAPTR_ppbv, Toluene_NOAAPTR_ppbv, Styrene_NOAAPTR_ppbv, Benzaldehyde_NOAAPTR_ppbv, C8Aromatics_NOAAPTR_ppbv, C9Aromatics_NOAAPTR_ppbv, Naphthalene_NOAAPTR_ppbv, Octanal_NOAAPTR_ppbv, Monoterpenes_NOAAPTR_ppbv, Nonanal_NOAAPTR_ppbv, C7H4ClF3_NOAAPTR_ppbv, C10H30O5Si5_NOAAPTR_ppbv
[from data line 225]
13500.0, 10.23369, 0.41370, 1.54078, 3.11599, 0.00114, 0.26964, 4.51983, 0.00687, 1.23429, 0.55605, 0.03134, 0.22893, -0.01003, -0.05022, 0.13263, 0.05035, -0.01223, 0.03456, 0.20587, 0.06016, 0.01114, 0.00188 
13560.0, 11.22265, 0.39460, -9999.00000, 4.14818, 0.00122, 0.28869, 4.46566, 0.00776, -9999.00000, 0.54562, 0.09805, 0.25077, -0.01004, -0.05172, 0.14445, 0.05504, -0.01220, 0.03294, 0.22779, 0.05238, 0.01502, 0.00380 
13620.0, -9999.00000, -9999.00000, -9999.00000, -9999.00000, -9999.00000, -9999.00000, -9999.00000, -9999.00000, -9999.00000, -9999.00000, -9999.00000, -9999.00000, -9999.00000, -9999.00000, -9999.00000, -9999.00000, -9999.00000, -9999.00000, -9999.00000, -9999.00000, -9999.00000, -9999.00000 
13680.0, -9999.00000, -9999.00000, -9999.00000, -9999.00000, -9999.00000, -9999.00000, -9999.00000, -9999.00000, -9999.00000, -9999.00000, -9999.00000, -9999.00000, -9999.00000, -9999.00000, -9999.00000, -9999.00000, -9999.00000, -9999.00000, -9999.00000, -9999.00000, -9999.00000, -9999.00000 
13740.0, -9999.00000, -9999.00000, -9999.00000, -9999.00000, -9999.00000, -9999.00000, -9999.00000, -9999.00000, -9999.00000, -9999.00000, -9999.00000, -9999.00000, -9999.00000, -9999.00000, -9999.00000, -9999.00000, -9999.00000, -9999.00000, -9999.00000, -9999.00000, -9999.00000, -9999.00000 
13800.0, -9999.00000, -9999.00000, -9999.00000, -9999.00000, -9999.00000, -9999.00000, -9999.00000, -9999.00000, -9999.00000, -9999.00000, -9999.00000, -9999.00000, -9999.00000, -9999.00000, -9999.00000, -9999.00000, -9999.00000, -9999.00000, -9999.00000, -9999.00000, -9999.00000, -9999.00000 
13860.0, -9999.00000, -9999.00000, -9999.00000, -9999.00000, -9999.00000, -9999.00000, -9999.00000, -9999.00000, -9999.00000, -9999.00000, -9999.00000, -9999.00000, -9999.00000, -9999.00000, -9999.00000, -9999.00000, -9999.00000, -9999.00000, -9999.00000, -9999.00000, -9999.00000, -9999.00000 
13920.0, -9999.00000, -9999.00000, -9999.00000, -9999.00000, -9999.00000, -9999.00000, -9999.00000, -9999.00000, -9999.00000, -9999.00000, -9999.00000, -9999.00000, -9999.00000, -9999.00000, -9999.00000, -9999.00000, -9999.00000, -9999.00000, -9999.00000, -9999.00000, -9999.00000, -9999.00000 
13980.0, -9999.00000, -9999.00000, -9999.00000, -9999.00000, -9999.00000, -9999.00000, -9999.00000, -9999.00000, -9999.00000, -9999.00000, -9999.00000, -9999.00000, -9999.00000, -9999.00000, -9999.00000, -9999.00000, -9999.00000, -9999.00000, -9999.00000, -9999.00000, -9999.00000, -9999.00000 
14040.0, -9999.00000, -9999.00000, -9999.00000, -9999.00000, -9999.00000, -9999.00000, -9999.00000, -9999.00000, -9999.00000, -9999.00000, -9999.00000, -9999.00000, -9999.00000, -9999.00000, -9999.00000, -9999.00000, -9999.00000, -9999.00000, -9999.00000, -9999.00000, -9999.00000, -9999.00000 
14100.0, -9999.00000, -9999.00000, -9999.00000, -9999.00000, -9999.00000, -9999.00000, -9999.00000, -9999.00000, -9999.00000, -9999.00000, -9999.00000, -9999.00000, -9999.00000, -9999.00000, -9999.00000, -9999.00000, -9999.00000, -9999.00000, -9999.00000, -9999.00000, -9999.00000, -9999.00000 
14160.0, -9999.00000, -9999.00000, -9999.00000, -9999.00000, -9999.00000, -9999.00000, -9999.00000, -9999.00000, -9999.00000, -9999.00000, -9999.00000, -9999.00000, -9999.00000, -9999.00000, -9999.00000, -9999.00000, -9999.00000, -9999.00000, -9999.00000, -9999.00000, -9999.00000, -9999.00000 
14220.0, 9.85161, -9999.00000, -9999.00000, 2.49806, 0.00018, 0.26961, 4.34386, -0.00018, -9999.00000, 0.56053, 0.04902, 0.19460, 0.02019, -0.07032, 0.12716, 0.07762, -0.01124, 0.01746, 0.15752, 0.06633, 0.00722, 0.00682 
14280.0, 9.81979, 0.34248, 1.39105, 2.46272, 0.00113, 0.23871, 4.12266, 0.00716, 0.99543, 0.51621, 0.01630, 0.15023, 0.00326, -0.05203, 0.10297, 0.03935, -0.01213, 0.02713, 0.14655, 0.03540, 0.01035, 0.00081 
14340.0, 10.22332, 0.36280, 1.47133, 3.20600, -0.00110, 0.23066, 4.24326, 0.00959, 1.04507, 0.52557, 0.05175, 0.16930, 0.00997, -0.05082, 0.10431, 0.04580, -0.01028, 0.02030, 0.16162, 0.05095, 0.01221, 0.00563 
14400.0, 10.05351, 0.31283, 1.51924, 3.04873, 0.00304, 0.23025, 4.23727, 0.02077, 1.05009, 0.49821, 0.02446, 0.19164, 0.00745, -0.05507, 0.12703, 0.05750, -0.01215, 0.02158, 0.17155, 0.04815, 0.00690, 0.00816 
14460.0, 10.80373, 0.33110, 1.50517, 3.08004, 0.00336, 0.24857, 4.23274, 0.00291, 1.00546, 0.52545, 0.07432, 0.19341, 0.00643, -0.05440, 0.11703, 0.04568, -0.01217, 0.01882, 0.16146, 0.03714, 0.00774, 0.00205 
14520.0, 14.12952, 0.34211, 1.48937, 2.63463, 0.00392, 0.25684, 4.26366, 0.00659, 1.02545, 0.53478, 0.08046, 0.19353, 0.00895, -0.05720, 0.11181, 0.05426, -0.00679, 0.03704, 0.15039, 0.04165, 0.01747, 0.00342 
14580.0, 10.36005, 0.31795, 1.38818, 2.64827, 0.00587, 0.21626, 4.28484, 0.01611, 0.99649, 0.48587, 0.01033, 0.17258, 0.00502, -0.07308, 0.10619, 0.04148, -0.01219, 0.02954, 0.17519, 0.05896, 0.01466, 0.00611 
14640.0, 11.32937, 0.34588, 1.52972, 3.15061, 0.00184, 0.25739, 4.22935, 0.01086, 1.00580, 0.52865, 0.09276, 0.20845, -0.01010, -0.07236, 0.11792, 0.04728, -0.00893, 0.01392, 0.18295, 0.07728, 0.01594, 0.00654 
14700.0, 10.83965, 0.32719, 1.48007, 3.21242, 0.00111, 0.24298, 4.17588, -0.00017, 0.96405, 0.51345, 0.02648, 0.20497, -0.01011, -0.07313, 0.11884, 0.05138, -0.00710, 0.00353, 0.14792, 0.05454, 0.00974, 0.00501 
14760.0, 10.81287, 0.29231, 1.49087, 3.33271, -0.00040, 0.24624, 4.31266, 0.00004, 0.99431, 0.54639, 0.09711, 0.19956, 0.01268, -0.06691, 0.12405, 0.05527, 0.00329, 0.04556, 0.15974, 0.04031, 0.00721, 0.00375 
14820.0, 11.60735, 0.31394, 1.53520, 2.87012, 0.00213, 0.23986, 4.33019, 0.01326, 0.93755, 0.55773, 0.05680, 0.20452, 0.01393, -0.05889, 0.13430, 0.05227, -0.01223, 0.02270, 0.15959, 0.06273, 0.01652, 0.00583 
14880.0, 10.36394, 0.31200, 1.74478, 2.96214, 0.00082, 0.22678, 4.38889, 0.01157, 0.88980, 0.53065, 0.12236, 0.27439, 0.02231, -0.05798, 0.15804, 0.05617, -0.00327, 0.01869, 0.17786, 0.06171, 0.01531, 0.00359 
14940.0, 10.40301, 0.31542, 1.69886, 2.80088, 0.00646, 0.21368, 4.61508, -0.00017, 1.00594, 0.51435, 0.10056, 0.23017, 0.01658, -0.05372, 0.16998, 0.05235, -0.00976, 0.03079, 0.18067, 0.04564, 0.01438, 0.00265 
15000.0, 10.81555, 0.32738, 1.53002, 2.69715, 0.00119, 0.22742, 4.58996, 0.01097, 0.94835, 0.51932, 0.08157, 0.16770, 0.00666, -0.06931, 0.14103, 0.03621, -0.00739, 0.02769, 0.16276, 0.04897, 0.01643, 0.00808 
15060.0, 11.02637, 0.31411, 1.54546, 3.65648, 0.00287, 0.22746, 5.00542, 0.00696, 0.97316, 0.53273, 0.04930, 0.21361, -0.00401, -0.06898, 0.19343, 0.06010, -0.01227, 0.02933, 0.17263, 0.07102, 0.01894, 0.00079 
15120.0, 9.70719, 0.32193, 1.46743, 2.85483, 0.00092, 0.22699, 4.65242, 0.01551, 0.88393, 0.53732, 0.04479, 0.16362, -0.00149, -0.06369, 0.13104, 0.03962, -0.00499, 0.03628, 0.17018, 0.06901, 0.02252, 0.00388 
15180.0, 10.01673, 0.31315, 1.50201, 3.09742, 0.00107, 0.20919, 4.65074, 0.00440, 0.86076, 0.54065, 0.07431, 0.19693, -0.01013, -0.07335, 0.16757, 0.03565, -0.01230, 0.01686, 0.18196, 0.05143, 0.00758, 0.00583 
15240.0, 10.52513, 0.29827, 1.52278, 3.40288, 0.00085, 0.24923, 4.85255, 0.00873, 0.88819, 0.51705, 0.14074, 0.27887, 0.01428, -0.04943, 0.24065, 0.06676, -0.01231, 0.02780, 0.18229, 0.02326, 0.01143, 0.00528 
15300.0, 10.00289, 0.29889, 1.64982, 3.53658, 0.00358, 0.26575, 5.09289, 0.00913, 0.85591, 0.52730, 0.10744, 0.41317, 0.02755, -0.06486, 0.28141, 0.08121, -0.01232, 0.02765, 0.13470, 0.04716, 0.01512, 0.00627 
15360.0, 10.74263, 0.29963, 1.59806, 3.71637, 0.00221, 0.23988, 5.15553, 0.01620, 0.90188, 0.53220, 0.11057, 0.32887, 0.02485, -0.05749, 0.27089, 0.07036, -0.00008, 0.03680, 0.14383, 0.04292, 0.01129, 0.00443 
15420.0, 10.40930, 0.30231, 1.54057, 4.18724, 0.00505, 0.21280, 4.65786, 0.00753, 0.84991, 0.52216, 0.17166, 0.45755, 0.02512, -0.07135, 0.31998, 0.10546, -0.01234, 0.01869, 0.17523, 0.05192, 0.01063, 0.00181 
15480.0, 10.24841, 0.32391, 1.67403, 4.56499, 0.00471, 0.27125, 4.40408, 0.01132, 0.89235, 0.52888, 0.23121, 0.68919, -0.01015, -0.07349, 0.46000, 0.20225, -0.01102, 0.02372, 0.17127, 0.06247, 0.01144, 0.00078 
15540.0, 12.20834, 0.32396, 1.59771, 4.27115, 0.00636, 0.24178, 4.66748, 0.01208, 0.89027, 0.53901, 0.21656, 0.49842, 0.03092, -0.07287, 0.35940, 0.12981, -0.00563, 0.02812, 0.17053, 0.04430, 0.01036, 0.00400 
15600.0, 10.62203, 0.32602, 1.50600, 4.13607, 0.00220, 0.23859, 4.32216, 0.01353, 0.84293, 0.53222, 0.12845, 0.47776, 0.02782, -0.06812, 0.29107, 0.11503, -0.01237, 0.03238, 0.15997, 0.03934, 0.01239, 0.00425 
15660.0, 11.13517, 0.34240, 1.55702, 4.78596, 0.00566, 0.26424, 4.44530, 0.01753, 0.77345, 0.54187, 0.14742, 0.47982, 0.02281, -0.07357, 0.34922, 0.13772, 0.00312, 0.02699, 0.13138, 0.06185, 0.01253, 0.00350 
15720.0, 10.93083, 0.30694, 1.55416, 4.68848, 0.00508, 0.22962, 4.49790, 0.00198, 0.81858, 0.49500, 0.15548, 0.46728, 0.01537, -0.07360, 0.32791, 0.13056, -0.01239, 0.03115, 0.15576, 0.03331, 0.00957, 0.00609 
15780.0, 9.65193, 0.31899, 1.48858, 3.56388, 0.00038, 0.22997, 4.27979, 0.00780, 0.76748, 0.49456, 0.08825, 0.30490, 0.00933, -0.06406, 0.19429, 0.07209, -0.00499, 0.03999, 0.14819, 0.03841, 0.02085, 0.00193 
15840.0, 11.20584, 0.30609, 1.45606, 3.57625, 0.00319, 0.20132, 4.32454, 0.01021, 0.72491, 0.48692, 0.07831, 0.31223, 0.01154, -0.04736, 0.20446, 0.07574, -0.01241, 0.03381, 0.13536, 0.04474, 0.01763, 0.00164 
15900.0, 10.41911, 0.31118, 1.52541, 3.44595, 0.00209, 0.25136, 4.27527, 0.00509, 0.72681, 0.46016, 0.07011, 0.27896, 0.02521, -0.03633, 0.16382, 0.07156, -0.00995, 0.03518, 0.14836, 0.03812, 0.01217, 0.00320 
15960.0, 9.94337, 0.32942, 1.49514, 3.21647, 0.00182, 0.26144, 4.23862, 0.00233, 0.68422, 0.50183, 0.06454, 0.19704, 0.02388, -0.04788, 0.13576, 0.04909, -0.01008, 0.01036, 0.16916, 0.04284, 0.01296, 0.00190 
16020.0, 9.56047, 0.31114, 1.43883, 2.59616, 0.00158, 0.21091, 4.23352, -0.00017, 0.68227, 0.49831, 0.02427, 0.15057, -0.00351, -0.06464, 0.11114, 0.03696, 0.00554, 0.04305, 0.14584, 0.03117, 0.01328, 0.00497 
16080.0, 10.28260, 0.31527, 1.49631, 3.02188, 0.00038, 0.20954, 4.12339, -0.00017, 0.73514, 0.49314, 0.04183, 0.19325, -0.00370, -0.03438, 0.11797, 0.05677, -0.00701, 0.02692, 0.16768, 0.06116, 0.01465, 0.00506 
16140.0, 9.70238, 0.29232, 1.51447, 2.81255, 0.00426, 0.20765, 4.19433, 0.00720, 0.69676, 0.48128, 0.05892, 0.21664, 0.01025, -0.07379, 0.12360, 0.05886, -0.01247, 0.04342, 0.13478, 0.05126, 0.01087, 0.00670 
16200.0, 8.87776, 0.29379, 1.36134, 2.62750, 0.00019, 0.22726, 4.26251, 0.00906, 0.70492, 0.48247, 0.04883, 0.18595, -0.00698, -0.04307, 0.10195, 0.04338, -0.01248, 0.01811, 0.13799, 0.04406, 0.00462, 0.00164 
16260.0, 10.09630, 0.30597, 1.31516, 3.21944, -0.00104, 0.22997, 4.16035, 0.02407, 0.65034, 0.50595, 0.01107, 0.16243, -0.00318, -0.04675, 0.09609, 0.03681, -0.01249, 0.00991, 0.12666, 0.03807, 0.01484, 0.00256 
16320.0, 10.20505, 0.30926, 1.40908, 2.90912, -0.00048, 0.23357, 4.12572, -0.00016, 0.64531, 0.49877, 0.01911, 0.14162, -0.00091, -0.07387, 0.08459, 0.04187, -0.00949, 0.00998, 0.13339, 0.04382, 0.01321, 0.00354 
16380.0, 9.84652, 0.29788, 1.35465, 2.36235, 0.00260, 0.22321, 4.12191, 0.00356, 0.57389, 0.47063, 0.02486, 0.14443, 0.01836, -0.07390, 0.08439, 0.03649, -0.01024, 0.01977, 0.12772, 0.04491, 0.01696, 0.00321 
16440.0, 10.63035, 0.32436, 1.55047, 2.98041, -0.00028, 0.22375, 4.04852, 0.00477, 0.63438, 0.48198, 0.06964, 0.13994, -0.00198, -0.06253, 0.09333, 0.04012, 0.00449, 0.01384, 0.11803, 0.04663, 0.00711, -0.00007 
16500.0, 8.50665, 0.30156, 1.47891, 3.02950, 0.00397, 0.24279, 4.14868, -0.00016, 0.61331, 0.47616, 0.07806, 0.15129, 0.01471, -0.04459, 0.08870, 0.02894, -0.01253, 0.02059, 0.11664, 0.05997, 0.01406, 0.00295 
16560.0, 10.63648, 0.29223, 1.43150, 2.94962, 0.00378, 0.20447, 4.24465, -0.00016, 0.63510, 0.45347, 0.02003, 0.14251, -0.00355, -0.07398, 0.08891, 0.04039, -0.00839, 0.03084, 0.12969, 0.05694, 0.00843, 0.00500 
16620.0, 8.95329, 0.28544, 1.32700, 2.66231, 0.00059, 0.21264, 4.15784, 0.00377, 0.66842, 0.47687, 0.05826, 0.18310, 0.01128, -0.06496, 0.09380, 0.03930, -0.01256, 0.01636, 0.12482, 0.03925, 0.01257, 0.00907 
16680.0, 10.10914, 0.28784, 1.39500, 2.86465, 0.00203, 0.19197, 4.14871, -0.00016, 0.56987, 0.49812, 0.06897, 0.16846, 0.00029, -0.05292, 0.10640, 0.04402, -0.00983, 0.02286, 0.11276, 0.06712, 0.00939, 0.00650 
16740.0, 9.93419, 0.30823, 1.37279, 2.50254, 0.00002, 0.23211, 4.20398, 0.01180, 0.51936, 0.49141, 0.08359, 0.11807, 0.00619, -0.07406, 0.07787, 0.03579, -0.01258, 0.02030, 0.11761, 0.04707, 0.00661, 0.00678 
16800.0, 9.52378, 0.28760, 1.35715, 2.90833, -0.00037, 0.21815, 4.24888, 0.00321, 0.58143, 0.49625, 0.03397, 0.19845, 0.01670, -0.04893, 0.09485, 0.04731, -0.01259, 0.05031, 0.15415, 0.04924, 0.02098, 0.00273 
16860.0, 9.49414, 0.32069, 1.47394, 2.76870, 0.00443, 0.20534, 4.15133, 0.00901, 0.59797, 0.52392, 0.01961, 0.16951, 0.01468, -0.06922, 0.09081, 0.03400, -0.00436, 0.03000, 0.11822, 0.04361, 0.01020, 0.00481 
16920.0, 9.99556, 0.30536, 1.42485, 2.99084, 0.00184, 0.21339, 4.21884, 0.00810, 0.57841, 0.48565, 0.03349, 0.18910, 0.00168, -0.05854, 0.10056, 0.03625, -0.01230, 0.03442, 0.11986, 0.05350, 0.00807, 0.00452 
16980.0, 10.78788, 0.28494, 1.45476, 2.92165, 0.00195, 0.20230, 4.21111, 0.00075, 0.58740, 0.48347, 0.06082, 0.17893, 0.01343, -0.05856, 0.11192, 0.04510, -0.01262, 0.02818, 0.14876, 0.04152, 0.00692, 0.00553 
17040.0, 9.15597, 0.32501, 1.32267, 2.70418, -0.00109, 0.18446, 4.06521, 0.01575, 0.62072, 0.52305, 0.03287, 0.16936, 0.00377, -0.05775, 0.10121, 0.03855, 0.00517, 0.02442, 0.12265, 0.05239, 0.01676, 0.00284 
17100.0, 9.44232, 0.30104, 1.27867, 2.57549, -0.00109, 0.17942, 4.08335, -0.00016, 0.57215, 0.46347, 0.02964, 0.12977, 0.00825, -0.05615, 0.07841, 0.03965, -0.00764, 0.03324, 0.11967, 0.03563, 0.01382, 0.00467 
17160.0, 10.41640, 0.29883, 1.35891, 2.46809, 0.00159, 0.17216, 4.21769, -0.00016, 0.54315, 0.48437, 0.06993, 0.16461, 0.00536, -0.07172, 0.10009, 0.03190, -0.00964, 0.03240, 0.10479, 0.03868, 0.00796, 0.00288 
17220.0, 9.38860, 0.30864, 1.33843, 3.27153, 0.00480, 0.20399, 4.16430, 0.01715, 0.49119, 0.47271, 0.05146, 0.15750, 0.00660, -0.06574, 0.08481, 0.03641, -0.00140, 0.03799, 0.10200, 0.03578, 0.01605, 0.00267 
17280.0, 9.89841, 0.27644, 1.35011, 2.94173, 0.00614, 0.18844, 4.14504, -0.00016, 0.54747, 0.46750, 0.03198, 0.15428, 0.01439, -0.06013, 0.09616, 0.03764, -0.00602, 0.04250, 0.12760, 0.04972, 0.00682, 0.00743 
17340.0, 11.85563, 0.30135, 1.58101, 2.93869, 0.00188, 0.22514, 4.16910, 0.01030, 0.59504, 0.49028, 0.01728, 0.17873, 0.02026, -0.06984, 0.10701, 0.04006, -0.00123, 0.03945, 0.11826, 0.05366, 0.00950, 0.00311 
17400.0, 10.09513, 0.29778, 1.52011, 2.87635, 0.00268, 0.19124, 4.18982, 0.00571, 0.56380, 0.50080, 0.04792, 0.14046, 0.00864, -0.05552, 0.09465, 0.03036, -0.01267, 0.02070, 0.11254, 0.06054, 0.01066, 0.00465 
17460.0, 9.95669, 0.28375, 1.35155, 2.42067, 0.00168, 0.21187, 4.11450, 0.01905, 0.53731, 0.49589, 0.06868, 0.16216, 0.00585, -0.06123, 0.10856, 0.04881, -0.01271, 0.02151, 0.09588, 0.05013, 0.01057, 0.00196 
17520.0, 9.54155, 0.29171, 1.30064, 2.20874, -0.00045, 0.21076, 4.08624, 0.00475, 0.53251, 0.47738, 0.03611, 0.16398, 0.01516, -0.03505, 0.08760, 0.03757, -0.00457, 0.01183, 0.10067, 0.04867, 0.00817, 0.00721 
17580.0, 9.89964, 0.31516, 1.41096, 3.36116, 0.00368, 0.19047, 4.10486, 0.02508, 0.56937, 0.50226, 0.09896, 0.31653, 0.01929, -0.05419, 0.18375, 0.07405, 0.01470, 0.04110, 0.10473, 0.04640, 0.00894, 0.00459 
17640.0, 9.91278, 0.31657, 1.36326, 2.75608, 0.00491, 0.19128, 4.14115, -0.00016, 0.48197, 0.48390, 0.05637, 0.14359, 0.00846, -0.06591, 0.09530, 0.04186, -0.01274, 0.03100, 0.10722, 0.03822, 0.01673, 0.00240 
17700.0, 9.22913, 0.28625, 1.44740, 2.55212, 0.00230, 0.20288, 4.27584, 0.01075, 0.49099, 0.49151, 0.09906, 0.26447, 0.02363, -0.05550, 0.15548, 0.05986, -0.00774, 0.03105, 0.11633, 0.05478, 0.01354, 0.00350 
