CampaignData_and_Merges/R0/CSL_MobileLab_Parked/raw/20240727/USOS-POPS_MobileLabGround_20240727_R0.ict
78, 1001
Thornberry, T. D.
NOAA Chemical Sciences Laboratory
Portable Optical Particle Spectrometer (POPS)
USOS
1, 1
2024, 07, 27, 2025, 05, 08
60
Time_Start, seconds_past_midnight, Start time of measurement
45
1, 1, 1, 1, 1, 1, 1, 1, 1, 1, 1, 1, 1, 1, 1, 1, 1, 1, 1, 1, 1, 1, 1, 1, 1, 1, 1, 1, 1, 1, 1, 1, 1, 1, 1, 1, 1, 1, 1, 1, 1, 1, 1, 1, 1
-9999, -9999, -9999, -9999, -9999, -9999, -9999, -9999, -9999, -9999, -9999, -9999, -9999, -9999, -9999, -9999, -9999, -9999, -9999, -9999, -9999, -9999, -9999, -9999, -9999, -9999, -9999, -9999, -9999, -9999, -9999, -9999, -9999, -9999, -9999, -9999, -9999, -9999, -9999, -9999, -9999, -9999, -9999, -9999, -9999
Time_Stop, seconds_past_midnight, Stop time of measurement
Time_Mid, seconds_past_midnight, Mid time of measurement
Press_mb, mb, Pressure reported (mb)
Temp_C, degrees C, POPS temperature measurement
Aerosol_concentration, cm^-3, Aerosol concentration
Surface_Area_Conc, um^2 cm^-3, Surface area concentration
Volume_density, um^3 cm^-3, Volume density
Effective_radius, um, Effective radius
Extinction, km^-1, Extinction
Bin01, cm^-3, particle concentration in size range [1401 - 146.3 nm]
Bin02, cm^-3, particle concentration in size range [146.3 - 152.8 nm]
Bin03, cm^-3, particle concentration in size range [152.8 - 159.6 nm]
Bin04, cm^-3, particle concentration in size range [159.6 - 166.8 nm]
Bin05, cm^-3, particle concentration in size range [166.8 - 174.2 nm]
Bin06, cm^-3, particle concentration in size range [174.2 - 181.9 nm]
Bin07, cm^-3, particle concentration in size range [181.9 - 190.0 nm]
Bin08, cm^-3, particle concentration in size range [190.0 - 198.5 nm]
Bin09, cm^-3, particle concentration in size range [198.5 - 207.4 nm]
Bin10, cm^-3, particle concentration in size range [207.4 - 216.6 nm]
Bin11, cm^-3, particle concentration in size range [216.6 - 226.2 nm]
Bin12, cm^-3, particle concentration in size range [226.2 - 236.3 nm]
Bin13, cm^-3, particle concentration in size range [236.3 - 246.8 nm]
Bin14, cm^-3, particle concentration in size range [246.8 - 257.8 nm]
Bin15, cm^-3, particle concentration in size range [257.8 - 269.3 nm]
Bin16, cm^-3, particle concentration in size range [269.3 - 343.4 nm]
Bin17, cm^-3, particle concentration in size range [343.4 - 450.7 nm]
Bin18, cm^-3, particle concentration in size range [450.7 - 525.9 nm]
Bin19, cm^-3, particle concentration in size range [525.9 - 618.5 nm]
Bin20, cm^-3, particle concentration in size range [618.5 - 710.0 nm]
Bin21, cm^-3, particle concentration in size range [710.0 - 822.7 nm]
Bin22, cm^-3, particle concentration in size range [822.7 - 885.9 nm]
Bin23, cm^-3, particle concentration in size range [885.9 - 953.9 nm]
Bin24, cm^-3, particle concentration in size range [953.9 - 1027.2 nm]
Bin25, cm^-3, particle concentration in size range [1027.2 - 1106.1 nm]
Bin26, cm^-3, particle concentration in size range [1106.1 - 1191.0 nm]
Bin27, cm^-3, particle concentration in size range [1191.0 - 1282.5 nm]
Bin28, cm^-3, particle concentration in size range [1282.5 - 1381.0 nm]
Bin29, cm^-3, particle concentration in size range [1381.0 - 1487.1 nm]
Bin30, cm^-3, particle concentration in size range [1487.1 - 1601.3 nm]
Bin31, cm^-3, particle concentration in size range [1601.3 - 1724.3 nm]
[...]
PLATFORM: NOAA CSL Mobile Lab
LOCATION: USOS
ASSOCIATED_DATA: N/A
INSTRUMENT_INFO: Printed Optical Particle Spectrometer counts particles from 140 - 2500 nm in diameter 
DATA_INFO: Particle concentrations reported in number per cubic centimeter,1 Hz data
UNCERTAINTY: Counting uncertainty dominated by air flow, less than 5 percent. Measurement range is ~0 - 3000 per cm3 (varies depending on flow rate- manufacturer quotes 1250 per cm3 at 1.667 cc/s)
ULOD_FLAG: -7777
ULOD_VALUE: N/A
LLOD_FLAG: -8888
LLOD_VALUE: N/A
DM_CONTACT_INFO: Troy Thornberry, 325 Broadway R/CSL6, Boulder, CO 80305; troy.thornberry@noaa.gov; 303-497-3373
PROJECT_INFO: USOS, Utah POPS data from NOAA CSL Mobile Lab
STIPULATIONS_ON_USE: Please contact the PIs for questions regarding applications and uncertainties
OTHER_COMMENTS: POPS bin Edges (nm):  140.1, 146.3, 152.8, 159.6, 166.8, 174.2, 181.9, 190.0, 198.5, 207.4, 216.6, 226.2, 236.3, 246.8, 257.8, 269.3, 343.4, 450.7, 525.9, 618.5, 710.0, 822.7, 885.9, 953.9, 1027.2, 1106.1, 1191.0, 1282.5, 1381.0, 1487.1, 1601.3, 1724.3, 1856.7, 1999.3, 2152.8, 2318.2, 2496.2
Calculations assume organic aerosol refractive index of 1.52+0.00j and extinction wavelength = 532 nm
REVISION: R0
R0: Final data
Time_Start, Time_Stop, Time_Mid, Press_mb, Temp_C, Aerosol_concentration, Surface_Area_Conc, Volume_density, Effective_radius, Extinction, Bin01, Bin02, Bin03, Bin04, Bin05, Bin06, Bin07, Bin08, Bin09, Bin10, Bin11, Bin12, Bin13, Bin14, Bin15, Bin16, Bin17, Bin18, Bin19, Bin20, Bin21, Bin22, Bin23, Bin24, Bin25, Bin26, Bin27, Bin28, Bin29, Bin30, Bin31, Bin32, Bin33, Bin34, Bin35, Bin36
0,59,30,868.298,33.887,476.354,80.460,4.069,0.151,0.023,39.079659,34.032761,31.483530,29.607002,27.265234,25.310581,23.991610,22.188463,21.104692,20.829227,21.167337,22.061825,22.591257,23.166124,20.891781,69.681953,17.925215,2.785461,0.661401,0.121416,0.109446,0.039357,0.037440,0.022411,0.022290,0.027574,0.037897,0.005574,0.005650,0.016538,0.016485,0.016970,0.016614,0.010941,0.005727,0.016621
60,119,90,868.285,33.868,471.448,79.645,4.051,0.152,0.022,37.744663,34.048054,31.302204,29.399961,27.210743,25.486084,23.655464,22.346695,21.526276,20.690783,20.640686,21.682928,22.449102,22.717752,20.329342,68.817047,17.503202,2.593368,0.753575,0.097894,0.105201,0.060930,0.044786,0.017070,0.032292,0.027641,0.027183,0.027350,0.011149,0.022291,0.016184,0.011056,0.005258,0.016349,0.005258,0.022104
120,179,150,868.284,33.807,468.512,78.445,4.024,0.152,0.022,38.609829,34.808193,30.803555,29.702436,27.850163,25.186552,24.119440,23.030689,21.341461,20.349771,20.668831,21.819174,21.944077,21.751993,18.503448,66.921745,17.297251,2.667209,0.646752,0.095427,0.061384,0.033101,0.038986,0.038357,0.021843,0.033412,0.021276,0.011214,0.022294,0.016724,0.016709,0.016990,0.022609,0.017009,0.005519,0.017071
180,239,210,868.272,33.965,475.571,79.902,3.982,0.149,0.023,38.738407,35.185318,31.795460,30.397381,27.098415,25.644791,23.429041,22.723225,21.574072,20.684177,21.018351,22.300062,22.488121,22.721365,19.562780,68.133026,18.097946,2.757763,0.696725,0.111690,0.088501,0.084183,0.017130,0.033161,0.016696,0.005708,0.016574,0.017037,0.021896,0.034182,0.034046,0.005556,0.010775,0.016798,0.000000,0.010742
240,299,270,868.261,33.943,478.058,80.413,4.106,0.152,0.023,39.590225,35.326134,31.828234,29.451790,27.380924,25.785807,23.821608,22.688326,21.374651,20.773893,21.192144,22.721790,23.248089,22.966221,19.935301,68.187508,17.654964,2.910756,0.676527,0.126693,0.044738,0.049816,0.022537,0.049065,0.027897,0.038577,0.022690,0.027292,0.022202,0.016506,0.033340,0.028274,0.022323,0.000000,0.000000,0.011416
300,359,330,868.251,34.028,505.303,86.636,4.394,0.152,0.025,38.540779,34.933929,31.499619,31.073137,28.264734,26.371265,24.925945,24.206623,23.278748,22.330341,22.203856,23.708357,25.053623,25.426182,21.328983,78.283791,19.779621,2.985553,0.670642,0.105988,0.077212,0.027878,0.033721,0.005429,0.016309,0.016704,0.000000,0.027114,0.011192,0.005411,0.028111,0.015941,0.017035,0.021475,0.021795,0.005519
360,419,390,868.227,34.024,517.423,90.212,4.552,0.151,0.026,37.844364,34.236744,31.475449,29.381495,28.667526,26.759171,25.512800,24.209587,23.517956,23.637218,23.099979,25.539534,26.373209,26.695583,23.395412,81.387901,21.093037,3.175148,0.857467,0.167397,0.089049,0.045045,0.022433,0.021901,0.022551,0.022670,0.039002,0.005688,0.016653,0.016864,0.044771,0.010823,0.005447,0.010704,0.005708,0.016674
420,479,450,868.204,33.861,511.144,88.209,4.536,0.154,0.025,39.235458,34.366943,32.620762,30.381058,28.052711,26.293745,24.873495,25.219889,23.070469,22.968472,23.098698,23.670244,25.010710,25.401102,22.365179,80.007912,20.117739,3.106879,0.749655,0.139604,0.066350,0.050173,0.032272,0.022346,0.017202,0.043328,0.028067,0.011056,0.016897,0.005308,0.022359,0.033185,0.011035,0.011167,0.000000,0.022238
480,539,510,868.190,33.755,508.242,87.467,4.400,0.150,0.025,38.319931,35.054111,30.694872,30.684891,28.385746,26.838055,24.426704,23.933369,23.270269,23.160383,22.863478,23.999327,25.424177,25.514236,21.796000,79.841591,19.925083,2.971858,0.650045,0.146618,0.055797,0.039141,0.039973,0.017397,0.034851,0.005364,0.016456,0.011572,0.005707,0.034173,0.016906,0.011027,0.011570,0.011730,0.011491,0.017717
540,599,570,868.155,33.695,509.437,89.082,4.756,0.159,0.026,38.482048,34.631313,31.049240,30.537546,28.225502,26.153027,25.193010,23.904922,23.440016,22.999571,23.211115,23.811398,25.201967,25.488472,22.236309,79.094688,21.412369,3.051780,0.700064,0.132374,0.082318,0.050331,0.022176,0.016629,0.038689,0.038359,0.027567,0.011377,0.010848,0.049306,0.027520,0.028071,0.038873,0.005767,0.010941,0.021878
600,659,630,868.141,33.545,509.874,87.677,4.355,0.148,0.025,38.098480,35.353161,31.779837,30.570902,28.983414,26.044130,24.745962,23.865675,23.017075,23.339167,22.820299,24.858377,25.033403,25.345798,22.164320,79.266617,20.276850,3.076005,0.770861,0.106052,0.094821,0.050357,0.022225,0.022039,0.011004,0.022396,0.022698,0.017087,0.005308,0.022369,0.016608,0.005593,0.011167,0.005631,0.005688,0.022514
660,719,690,868.125,33.558,499.388,86.316,4.302,0.149,0.025,38.185970,34.320103,31.065432,28.909208,27.649302,26.541101,24.422108,23.722948,22.909800,22.028294,22.233297,23.171217,24.751316,25.202366,22.211527,77.412766,20.429653,2.797414,0.865194,0.112056,0.130183,0.039675,0.051276,0.016821,0.039217,0.022828,0.005280,0.027800,0.040171,0.011290,0.011145,0.000000,0.028049,0.000000,0.005650,0.017160
720,779,750,868.112,33.452,505.890,87.301,4.493,0.154,0.025,38.129280,34.974079,31.381121,30.196482,28.126165,26.154022,24.656982,24.258936,23.495266,22.831770,22.628134,24.523794,24.433914,25.254166,22.420837,77.899117,20.209517,2.977329,0.866226,0.077992,0.094808,0.038247,0.027769,0.034022,0.017144,0.033348,0.005447,0.011075,0.011192,0.010872,0.027591,0.027393,0.022398,0.005429,0.011456,0.016997
780,839,810,868.099,33.414,492.496,84.312,4.380,0.155,0.024,38.606853,34.872234,32.430313,29.473043,27.749031,25.892632,24.067200,22.584396,22.692745,22.313337,21.388123,23.168015,24.409414,23.796537,20.847136,74.697929,19.521057,2.773048,0.704282,0.076389,0.111763,0.038685,0.022325,0.039514,0.038605,0.021629,0.010973,0.005291,0.010292,0.016441,0.033335,0.033657,0.017123,0.010876,0.000000,0.022204
840,899,870,868.099,33.374,485.790,82.059,4.100,0.150,0.023,38.883961,34.693642,31.979816,29.775831,27.718990,26.196970,23.998049,22.959696,21.821302,22.252192,21.508667,22.459618,23.622541,23.045298,19.730387,72.732750,18.576492,2.653088,0.759645,0.093144,0.071132,0.026696,0.022145,0.026901,0.022205,0.011186,0.016818,0.027278,0.021838,0.015907,0.011001,0.011378,0.000000,0.005394,0.027401,0.010584
900,959,930,868.087,33.468,488.770,83.062,4.288,0.154,0.024,39.957573,35.071323,32.264141,30.455414,27.980644,26.064821,24.412504,23.575815,21.632627,21.766403,21.701685,22.411432,23.541880,22.738964,20.578407,71.178619,19.136894,2.998070,0.752120,0.127707,0.067139,0.077895,0.022501,0.027972,0.044284,0.022203,0.015875,0.022323,0.005537,0.011594,0.022404,0.011456,0.016543,0.005537,0.038369,0.011009
960,1019,990,868.067,33.527,486.352,82.822,4.290,0.155,0.023,38.286278,35.748306,30.978491,29.919270,27.650995,26.122663,23.995840,22.793959,21.956247,21.840755,21.626133,22.459621,23.636522,23.498655,20.966846,72.913071,17.914637,2.813402,0.701261,0.111999,0.082979,0.044622,0.043822,0.016489,0.022455,0.021849,0.011494,0.005807,0.040113,0.010675,0.028233,0.005359,0.016612,0.033531,0.017012,0.016377
1020,1079,1050,868.060,33.457,471.955,79.673,4.117,0.154,0.023,38.779957,34.464687,30.883757,29.642363,27.869032,25.172262,23.963531,23.024906,21.392385,21.330311,20.846121,21.431759,22.363495,22.015900,19.060518,67.928802,17.662413,2.678287,0.845915,0.123375,0.073766,0.045345,0.061741,0.027708,0.045801,0.033959,0.017180,0.022295,0.028741,0.022458,0.034095,0.028118,0.005688,0.016745,0.000000,0.011574
1080,1139,1110,868.029,33.456,473.350,79.689,4.070,0.152,0.022,38.653633,34.526855,31.340023,29.930758,27.422033,25.829731,23.874151,22.766397,21.395340,20.735556,21.261152,21.535383,21.661907,22.560791,19.262915,68.398087,18.299086,2.595335,0.830993,0.118251,0.082877,0.028674,0.023151,0.038998,0.022624,0.027931,0.005429,0.022166,0.005429,0.011228,0.011535,0.016528,0.005225,0.016581,0.000000,0.033274
1140,1199,1170,868.035,33.447,472.087,80.103,4.130,0.154,0.023,37.837997,34.952148,31.434221,29.823326,27.639862,25.316679,23.815857,22.280722,21.201914,20.873339,20.802063,21.385098,22.207743,21.985344,19.484411,68.556740,18.150503,2.900145,0.825356,0.143258,0.117019,0.043782,0.038870,0.033060,0.028350,0.033556,0.032561,0.005429,0.022044,0.033000,0.021563,0.016617,0.011129,0.005574,0.005650,0.022379
1200,1259,1230,867.993,33.471,478.328,80.999,4.219,0.155,0.023,38.990608,34.685818,31.572123,29.319677,28.094185,25.680649,23.992422,22.403290,21.927664,20.852160,21.602947,22.402456,22.632704,22.475946,19.297512,70.373856,17.820938,2.834371,0.831042,0.101274,0.084866,0.023999,0.023917,0.072469,0.024076,0.023873,0.029675,0.030027,0.017612,0.017925,0.005779,0.036029,0.006053,0.017638,0.005669,0.017043
1260,1319,1290,868.004,33.426,480.329,81.550,4.145,0.152,0.023,38.804379,34.843987,32.222042,29.142996,27.294077,25.147009,23.280901,22.930859,21.685400,21.280159,20.932184,22.056078,22.469238,23.402674,20.403122,71.924789,18.410669,2.786582,0.809155,0.106307,0.106802,0.051287,0.033163,0.016783,0.021942,0.027783,0.011300,0.005225,0.005394,0.022585,0.022087,0.022171,0.011043,0.027863,0.000000,0.011129
1320,1379,1350,868.005,33.601,482.610,81.740,4.211,0.154,0.023,38.765968,34.943504,32.338177,29.282949,27.885416,24.998363,24.056368,23.174692,21.181570,22.046690,21.705278,22.592152,22.794695,23.264814,19.542734,71.978477,18.153849,2.673848,0.689137,0.097245,0.118313,0.023146,0.051922,0.056848,0.028169,0.011554,0.011669,0.011438,0.000000,0.029191,0.022544,0.028276,0.017207,0.011396,0.005297,0.017400
1380,1439,1410,868.008,33.629,478.508,80.609,3.895,0.145,0.023,38.159626,35.616829,30.916031,30.528456,27.696522,25.349634,23.823223,22.425442,21.121021,20.501299,21.517509,22.016687,22.595186,22.575930,19.668694,70.960724,19.188059,2.651101,0.715228,0.117223,0.078415,0.050684,0.068008,0.017005,0.039050,0.011239,0.022219,0.000000,0.017090,0.005537,0.020849,0.011516,0.010948,0.011361,0.000000,0.000000
1440,1499,1470,868.001,33.506,477.715,81.335,4.317,0.158,0.023,38.814819,34.707294,31.350565,29.742289,28.600714,25.133286,24.047258,22.808578,21.707163,20.647858,20.844618,22.074596,22.396381,22.465931,20.116003,69.665527,18.434881,2.839709,0.736229,0.147719,0.079534,0.044967,0.022600,0.016471,0.011134,0.027827,0.011454,0.045685,0.027708,0.022732,0.022660,0.028266,0.021945,0.027974,0.011691,0.011037
1500,1559,1530,868.010,33.367,475.667,80.322,4.098,0.152,0.023,39.139786,35.216698,31.824783,29.369183,28.185570,25.205328,23.705046,22.910337,21.434996,20.683725,20.600018,21.564499,22.545387,22.331842,19.665459,68.846130,18.388882,2.760976,0.774020,0.089744,0.083200,0.054642,0.017289,0.039333,0.039330,0.005727,0.016637,0.016879,0.022516,0.028012,0.045527,0.016680,0.011576,0.011115,0.005807,0.010599
1560,1619,1590,868.010,33.387,471.252,79.642,4.093,0.153,0.023,38.998535,34.891758,31.003752,30.077490,27.913651,25.393076,23.540638,22.619726,21.047256,19.823217,20.189219,21.811172,22.192312,21.940653,19.041544,68.433434,18.129137,2.894307,0.754917,0.116712,0.100750,0.050458,0.060130,0.011514,0.044587,0.000000,0.022191,0.010686,0.022260,0.027241,0.028055,0.016352,0.005411,0.011214,0.005727,0.022457
1620,1679,1650,868.006,33.431,468.535,78.602,3.904,0.149,0.022,38.699070,34.007389,31.967834,28.702139,27.935389,25.043310,22.941486,22.106146,21.621250,20.716148,20.394575,21.062351,21.955515,21.746580,19.245775,68.367340,18.248404,2.540588,0.800213,0.088696,0.054841,0.054704,0.039618,0.039321,0.027765,0.022156,0.005828,0.016792,0.017345,0.000000,0.011514,0.022022,0.010585,0.005325,0.005708,0.010842
1680,1739,1710,867.996,33.401,468.385,79.005,4.074,0.154,0.022,38.359097,34.712093,31.567076,29.821466,26.950867,25.218729,23.041721,22.445774,21.134769,20.907637,20.677731,21.408184,21.794794,21.815588,19.086927,67.129013,18.274254,2.834145,0.698027,0.134270,0.072984,0.033252,0.022469,0.038371,0.022268,0.011367,0.016443,0.022298,0.017191,0.016614,0.027879,0.022800,0.000000,0.022548,0.016209,0.010384
1740,1799,1770,868.003,33.350,465.704,78.182,3.788,0.145,0.022,38.397232,33.897369,30.862270,29.623177,27.663395,25.107420,22.850901,22.287622,20.838629,20.118616,20.399145,21.157301,21.622137,21.833406,19.510897,67.576202,17.851025,2.675015,0.909067,0.119006,0.122879,0.074167,0.011433,0.044170,0.016717,0.016869,0.011356,0.016435,0.027984,0.017285,0.022134,0.005726,0.011151,0.000000,0.000000,0.005765
1800,1859,1830,867.986,33.338,466.179,78.330,3.866,0.148,0.022,37.919323,35.508801,30.982073,29.108259,27.337145,25.016729,23.186623,22.677197,20.950731,20.459372,20.226320,21.143465,21.268116,21.565235,18.930065,67.755165,18.005157,2.790234,0.794163,0.155052,0.111249,0.067509,0.044896,0.021907,0.011321,0.021851,0.015945,0.005308,0.033411,0.016798,0.016742,0.010886,0.000000,0.000000,0.010971,0.011093
1860,1919,1890,867.992,33.284,466.690,78.635,4.041,0.154,0.022,38.895832,35.037151,31.497684,29.392923,26.729546,25.386639,23.170673,22.190092,20.718271,20.984787,19.923624,21.610655,21.783844,21.510822,19.020885,66.455597,18.061953,2.998125,0.767130,0.150007,0.085977,0.040722,0.035282,0.022612,0.006007,0.040154,0.029244,0.017420,0.022879,0.012015,0.028988,0.033695,0.011181,0.000000,0.005526,0.011637
1920,1979,1950,867.989,33.248,471.949,79.941,4.128,0.154,0.023,38.801907,34.843979,31.815487,29.129644,27.870932,25.302483,23.315544,22.120008,20.898058,20.803930,20.148806,21.935509,22.192081,22.344099,19.397882,68.624352,18.460182,2.635837,0.798603,0.091015,0.056114,0.045132,0.039886,0.017242,0.039522,0.005612,0.039965,0.033512,0.016969,0.033487,0.022647,0.016747,0.016912,0.011496,0.005557,0.017396
1980,2039,2010,867.987,33.180,474.180,80.052,4.196,0.156,0.023,39.764278,35.771858,31.688086,29.657545,27.267267,25.825661,24.057846,22.740259,21.258722,20.453060,20.201471,21.516348,22.412003,21.982731,19.421144,68.219513,17.862722,2.589527,0.864631,0.148394,0.082849,0.038400,0.067137,0.061391,0.027335,0.027940,0.011169,0.022459,0.016562,0.011072,0.027664,0.022306,0.016495,0.005574,0.016448,0.022133
2040,2099,2070,867.977,33.257,474.750,80.560,4.186,0.155,0.023,38.446217,35.250725,31.711153,30.079384,27.043610,25.838194,23.647190,22.730896,21.353962,20.820023,20.374043,22.211157,22.164066,22.111429,19.793081,68.707954,18.275944,2.757338,0.866737,0.150661,0.044223,0.033069,0.028005,0.038759,0.039168,0.016436,0.021956,0.032694,0.016758,0.027701,0.038890,0.016969,0.033408,0.016803,0.000000,0.011262
2100,2159,2130,867.956,33.360,474.132,80.051,4.096,0.153,0.023,39.132515,35.228317,31.849867,29.469883,27.853865,25.549166,23.740198,22.336319,21.382977,21.051891,20.932961,21.056610,21.923126,21.644543,19.749899,68.938881,18.111654,2.807903,0.782831,0.160974,0.102841,0.028046,0.051606,0.022961,0.033955,0.028582,0.022813,0.005544,0.023044,0.022204,0.011423,0.017233,0.017394,0.022536,0.005580,0.011761
2160,2219,2190,867.949,33.196,474.136,80.357,4.185,0.155,0.023,39.852119,35.001743,31.730907,29.228613,27.363136,25.844933,24.279705,22.462791,21.193087,20.915745,20.746765,21.362284,21.861885,21.769939,18.641798,69.140060,18.568371,2.889860,0.677427,0.111433,0.105738,0.061491,0.049863,0.044436,0.027774,0.005208,0.016543,0.033091,0.005869,0.038517,0.021969,0.022064,0.033136,0.005537,0.011079,0.011035
2220,2279,2250,867.918,33.152,471.229,79.829,4.151,0.155,0.023,38.460598,34.164200,31.916277,29.117397,27.124311,25.275524,23.151924,22.690462,21.225222,20.589684,21.035667,21.525185,21.838215,22.773495,19.310499,69.038094,18.021748,2.714172,0.761477,0.128532,0.055288,0.038643,0.016592,0.038936,0.027895,0.027084,0.000000,0.021704,0.016768,0.017242,0.027715,0.016817,0.005669,0.016555,0.016842,0.022838
2280,2339,2310,867.911,33.337,470.120,79.776,4.024,0.151,0.023,37.360313,33.985046,31.850172,28.976421,27.764486,25.237087,23.446486,21.964924,20.752741,20.971684,20.320972,22.266020,21.998587,21.641327,19.175817,69.871758,18.534229,2.819989,0.649804,0.145633,0.079704,0.045843,0.044954,0.005745,0.034180,0.011669,0.016765,0.016909,0.022800,0.022762,0.028351,0.005575,0.022542,0.005805,0.011479,0.011365
