CampaignData_and_Merges/R0/CSL_MobileLab_Parked/raw/20240727/USOS-NOAAIodideCIMS-OrgNitrs_MobileLabGround_20240727_RA.ict
37, 1001
Michael A Robinson, Chris Jernigan, Subi Thakali
NOAA ESRL Chemical Sciences Laboratory and CIRES, U. of Colorado
NOAA Iodide CIMS Instrument
USOS
1, 1
2024, 07, 27, 2024, 07, 28
1
starttime_UTC, seconds_past_midnight, seconds_of_day_since_00:00:00_UTC
5
1, 1, 1, 1, 1
-9999, -9999, -9999, -9999, -9999
C4H7NO5_NOAACIMS, pptv, Gas_C4H7NO5_InSitu_S_AVMR, 
ISOPN_NOAACIMS, pptv, Gas_ISOPN_InSitu_S_AVMR, 
C5H10O3_NOAACIMS, pptv, Gas_C5H10O3_InSitu_S_AVMR, 
C5H9NO5_NOAACIMS, pptv, Gas_C5H9NO5_InSitu_S_AVMR, 
C10H17NO4_NOAACIMS, pptv, Gas_C10H17NO4_InSitu_S_AVMR, 
0
18
PI_CONTACT_INFO: 325 Broadway, R/CSD 7, Boulder, Colorado 80305; michael.a.robinson@noaa.gov; chris.jernigan@noaa.gov;
PLATFORM: NOAA CSL Mobile Lab
LOCATION: SLC, Utah
ASSOCIATED_DATA: 1Hz data also available on request.
INSTRUMENT_INFO: NOAA I- ToF CIMS
DATA_INFO: All data in parts per trillion by volume (pptv). 1 Hz data is available upon request.
UNCERTAINTY: TBD
ULOD_FLAG: -7777
ULOD_VALUE: N/A
LLOD_FLAG: -8888
LLOD_VALUE: N/A
DM_CONTACT_INFO: Nathan Howard; nathan.h.howard@noaa.gov
PROJECT_INFO: USOS, summer 2024. https://csl.noaa.gov/groups/csl7/measurements/2024usos/
STIPULATIONS_ON_USE: Users are strongly encouraged to contact the PI for proper data usage.
OTHER_COMMENTS: 
REVISION: RA
RA: Preliminary Data; For in-field use only
starttime_UTC, C4H7NO5_NOAACIMS, ISOPN_NOAACIMS, C5H10O3_NOAACIMS, C5H9NO5_NOAACIMS, C10H17NO4_NOAACIMS
[from data line 339]
 20340,  6.606, 13.259, 36.961, 10.164,  0.834
 20400,  6.526, 13.211, 38.357,  9.897,  0.752
 20460,  6.508, 13.339, 38.676, 10.135,  0.808
 20520,  6.591, 13.485, 39.774, 10.316,  0.833
 20580,  6.637, 13.645, 40.605, 10.408,  0.824
 20640,  6.674, 13.390, 41.972, 10.727,  0.829
 20700,  6.621, 13.644, 40.118, 10.476,  0.821
 20760,  6.616, 13.650, 41.482, 10.377,  0.863
 20820,  6.729, 13.561, 41.668, 10.286,  0.803
 20880,  6.695, 13.685, 40.674, 10.337,  0.701
 20940,  6.558, 13.062, 38.560, 10.191,  0.652
 21000,  6.652, 11.689, 31.312,  9.735,  0.679
 21060,  6.369, 12.539, 38.031,  9.791,  0.525
 21120,  6.662, 12.887, 37.338, 10.027,  0.781
 21180,  6.632, 13.416, 38.728, 10.183,  0.741
 21240,  6.624, 13.360, 39.681, 10.042,  0.754
 21300,  6.604, 13.275, 39.694, 10.220,  0.852
 21360,  6.417, 13.328, 39.136,  9.829,  0.779
 21420,  6.440, 12.737, 36.266,  9.619,  0.719
 21480,  6.510, 12.563, 38.950,  9.894,  0.646
 21540,  6.567, 13.062, 42.768,  9.931,  0.745
 21600,  6.437, 12.886, 40.967,  9.719,  0.694
 21660,  6.364, 12.489, 41.343,  9.803,  0.657
 21720,  6.297, 12.599, 40.363,  9.454,  0.666
 21780,  6.256, 12.594, 41.237,  9.262,  0.640
 21840,  6.100, 12.409, 40.267,  8.902,  0.636
 21900,  6.031, 11.892, 37.001,  9.266,  0.559
 21960,  6.198, 12.902, 40.209,  9.187,  0.561
 22020,  6.143, 12.848, 43.794,  9.645,  0.700
 22080,  6.258, 12.585, 41.418,  9.350,  0.553
 22140,  6.178, 12.730, 41.509,  9.633,  0.558
 22200,  6.302, 12.921, 41.088,  9.530,  0.613
 22260,  6.334, 13.097, 40.646,  9.840,  0.547
 22320,  6.344, 13.042, 42.670,  9.756,  0.476
 22380,  6.422, 13.207, 42.378, 10.222,  0.563
 22440,  6.309, 13.045, 42.460,  9.876,  0.498
 22500,  6.253, 13.097, 46.284, 10.057,  0.671
 22560,  6.210, 13.015, 44.596, 10.111,  0.661
 22620,  6.286, 13.432, 43.942, 10.008,  0.553
 22680,  6.333, 13.296, 44.900, 10.367,  0.559
 22740,  6.365, 13.539, 45.263, 10.533,  0.589
 22800,  6.230, 14.151, 45.112, 10.353,  0.644
 22860,  6.352, 15.907, 43.510,  9.628,  0.906
 22920,  6.060, 13.825, 43.361, 10.144,  0.537
 22980,  6.313, 13.884, 45.306, 10.485,  0.561
 23040,  6.316, 14.376, 46.503, 11.012,  0.650
 23100,  6.306, 14.350, 48.706, 11.058,  0.761
 23160,  6.426, 14.347, 45.198, 12.053,  1.115
 23220,  6.388, 14.275, 42.062, 12.777,  1.655
 23280,  6.266, 13.924, 41.577, 12.570,  1.766
 23340,  6.035, 13.269, 41.135, 12.270,  1.818
 23400,  5.991, 13.663, 40.572, 12.086,  2.156
 23460,  5.872, 13.020, 38.201, 12.339,  2.067
 23520,  5.928, 13.893, 38.244, 12.052,  2.049
 23580,  5.747, 12.948, 39.628, 11.718,  2.216
 23640,  5.686, 13.284, 39.838, 11.512,  2.193
 23700,  5.717, 13.294, 39.215, 11.445,  2.123
 23760,  5.421, 12.300, 38.111, 10.579,  2.293
 23820,  4.993, 11.480, 36.226,  9.548,  2.314
 23880,  4.711, 10.835, 35.079,  9.023,  2.352
 23940,  4.566,  9.838, 33.038,  8.866,  2.199
 24000,  4.420,  9.724, 30.660,  8.366,  2.264
 24060,  4.199,  9.432, 29.541,  8.485,  1.964
 24120,  4.069,  9.082, 29.266,  8.489,  2.211
 24180,  4.152,  9.580, 30.434,  8.433,  2.291
 24240,  4.083,  8.875, 28.103,  8.498,  2.186
 24300,  3.921,  8.370, 26.059,  8.491,  2.245
 24360,  3.891,  8.270, 25.446,  8.370,  2.145
 24420,  3.711,  7.619, 24.881,  8.252,  2.051
 24480,  3.814,  7.260, 24.105,  8.567,  2.125
 24540,  3.739,  7.113, 22.042,  8.178,  1.771
 24600,  3.784,  6.707, 22.735,  8.847,  1.792
 24660,  3.763,  7.865, 25.594,  8.930,  2.002
 24720, -9999.000, -9999.000, -9999.000, -9999.000, -9999.000
 24780,  3.622,  6.374, 18.939,  8.908,  1.660
 24840,  3.770,  6.700, 20.452,  9.633,  1.824
 24900,  3.763,  6.721, 19.134,  9.391,  1.485
 24960,  3.673,  6.642, 20.289,  9.325,  1.669
 25020,  3.754,  6.671, 18.764,  8.949,  1.664
 25080,  3.846,  6.999, 19.792,  9.272,  1.794
 25140,  3.898,  7.059, 22.196,  9.197,  1.793
 25200,  3.905,  7.423, 21.585,  9.248,  1.842
 25260,  3.964,  7.411, 22.553,  9.290,  1.828
 25320,  3.900,  7.107, 22.089,  9.252,  1.767
 25380,  3.988,  7.568, 21.904,  9.266,  1.799
 25440,  3.910,  7.225, 22.541,  9.008,  1.771
 25500,  3.912,  7.619, 21.281,  8.956,  1.644
 25560,  3.917,  7.711, 21.467,  8.939,  1.667
 25620,  3.917,  7.567, 22.448,  9.363,  1.643
 25680,  3.988,  7.750, 22.261,  9.455,  1.757
 25740,  4.035,  7.901, 23.645,  9.552,  1.892
 25800,  4.035,  7.795, 22.657,  9.410,  1.606
 25860,  3.946,  7.218, 21.570,  9.698,  1.704
 25920,  3.979,  7.869, 22.899,  9.294,  1.717
 25980,  4.048,  7.431, 20.939,  9.166,  1.504
 26040,  4.035,  7.621, 21.391,  9.590,  1.618
 26100,  4.054,  7.811, 24.298,  9.690,  1.848
 26160,  4.045,  7.684, 23.409,  9.661,  1.711
 26220,  4.062,  7.891, 23.733,  9.671,  1.696
 26280,  4.025,  7.478, 23.779,  9.155,  1.598
 26340,  3.985,  7.540, 22.059,  9.070,  1.683
 26400,  4.044,  7.949, 24.184,  9.505,  1.610
 26460,  3.916,  7.499, 21.660,  9.291,  1.338
 26520,  4.008,  7.024, 21.065,  9.412,  1.352
 26580,  3.931,  7.735, 24.504,  9.067,  1.637
 26640,  3.999,  7.935, 22.731,  9.495,  1.630
 26700,  4.105,  7.572, 21.919,  9.656,  1.379
 26760,  4.022,  7.719, 22.970,  9.343,  1.668
 26820,  4.083,  7.508, 21.704,  9.198,  1.674
 26880,  4.074,  7.799, 22.406,  9.516,  1.550
 26940,  4.078,  7.480, 21.350,  9.361,  1.553
 27000,  4.032,  7.463, 20.754,  9.235,  1.493
 27060,  4.133,  7.828, 23.995,  9.756,  1.634
 27120,  4.053,  7.609, 22.212,  9.362,  1.298
 27180,  3.991,  7.369, 20.305,  9.079,  1.247
 27240,  4.082,  7.570, 22.016,  9.288,  1.328
 27300,  4.161,  7.489, 20.684,  9.468,  1.127
 27360,  4.214,  7.810, 21.362,  9.328,  1.071
 27420,  4.144,  7.757, 22.330,  9.062,  1.010
 27480,  4.203,  7.931, 21.314,  9.365,  1.005
 27540,  4.357,  8.816, 23.865,  9.525,  1.086
 27600,  4.460,  8.972, 23.728,  9.456,  1.009
 27660,  4.313,  8.749, 22.637,  9.369,  0.857
 27720,  4.640,  9.484, 25.337, 10.032,  0.948
 27780,  4.611,  9.242, 23.854,  9.734,  0.765
 27840,  4.817,  9.781, 25.839, 10.172,  0.948
 27900,  4.890, 10.543, 26.847, 10.633,  0.749
 27960,  5.133, 10.938, 28.810, 11.587,  0.729
 28020,  5.332, 11.971, 32.437, 11.574,  0.898
 28080,  5.329, 11.805, 32.631, 11.894,  0.924
 28140,  5.381, 11.988, 32.587, 12.035,  0.770
 28200,  5.334, 11.859, 34.966, 11.917,  0.860
 28260,  5.431, 12.232, 34.152, 12.594,  0.834
 28320,  5.522, 12.166, 33.797, 12.414,  0.643
 28380,  5.625, 12.066, 36.513, 11.752,  0.655
 28440,  5.403, 15.533, 34.234, 12.857,  0.727
 28500,  5.592, 12.291, 34.109, 12.629,  0.706
 28560,  5.803, 13.220, 38.558, 13.544,  0.754
 28620,  5.763, 12.667, 36.494, 13.523,  0.706
 28680,  5.967, 14.252, 41.214, 14.315,  0.650
 28740,  5.906, 13.982, 41.864, 14.403,  0.651
 28800,  5.915, 13.457, 40.607, 14.129,  0.572
 28860,  6.014, 14.111, 44.699, 14.172,  0.780
 28920,  6.050, 14.090, 43.636, 14.491,  0.680
 28980,  5.977, 14.491, 44.670, 14.163,  0.649
 29040,  6.059, 14.836, 45.882, 14.334,  0.630
 29100,  6.173, 14.997, 46.668, 15.046,  0.689
 29160,  6.162, 15.480, 47.185, 14.777,  0.698
 29220,  6.371, 15.716, 46.323, 15.146,  0.660
 29280,  6.412, 15.696, 48.929, 15.339,  0.679
 29340,  6.312, 15.450, 47.720, 15.284,  0.622
 29400,  6.369, 16.019, 49.036, 15.212,  0.658
 29460,  6.711, 17.645, 55.570, 16.506,  0.799
 29520,  6.643, 16.730, 52.922, 16.149,  0.776
 29580,  6.749, 17.768, 54.169, 16.610,  0.798
 29640,  6.710, 17.906, 56.851, 17.298,  0.845
 29700,  6.793, 18.225, 55.314, 16.896,  0.868
 29760,  6.764, 17.889, 56.609, 16.847,  0.898
 29820,  6.720, 17.691, 54.081, 17.219,  0.728
 29880,  6.969, 18.577, 57.871, 17.626,  0.757
 29940,  6.905, 18.547, 63.263, 17.474,  0.902
 30000,  6.768, 17.771, 57.199, 16.651,  0.945
 30060,  6.819, 18.047, 59.118, 16.857,  0.993
 30120,  6.691, 17.185, 57.203, 16.440,  0.924
 30180,  6.565, 17.341, 54.565, 16.302,  0.963
 30240,  6.524, 18.154, 54.896, 16.139,  1.014
 30300,  6.507, 16.523, 48.408, 16.184,  0.835
 30360,  6.667, 18.135, 51.894, 16.608,  0.977
 30420,  6.985, 18.451, 58.239, 17.773,  0.990
 30480,  6.636, 17.560, 55.205, 16.581,  0.990
 30540,  6.829, 18.296, 56.829, 17.130,  0.960
 30600,  6.911, 18.686, 58.482, 17.732,  1.071
 30660,  7.023, 18.638, 58.763, 18.162,  0.985
 30720,  7.107, 19.142, 61.349, 18.764,  1.191
 30780,  7.128, 18.832, 58.460, 18.788,  0.877
 30840,  7.187, 18.852, 61.588, 17.936,  0.971
 30900,  7.059, 18.369, 65.874, 18.020,  1.045
 30960,  7.118, 18.426, 62.672, 17.988,  1.075
 31020,  7.034, 17.698, 62.409, 17.355,  1.073
 31080,  6.876, 17.081, 61.205, 16.588,  1.055
 31140,  6.783, 16.723, 58.947, 16.409,  1.024
 31200,  6.645, 15.549, 56.867, 15.960,  0.940
 31260,  6.482, 16.349, 54.815, 15.674,  1.024
 31320,  6.844, 17.341, 57.131, 17.191,  0.984
 31380,  6.786, 16.785, 55.596, 17.195,  0.927
 31440,  7.108, 17.873, 58.640, 17.828,  0.972
 31500,  6.801, 16.416, 61.874, 17.133,  1.214
 31560,  6.149, 12.457, 50.230, 14.760,  0.975
 31620,  5.813, 11.246, 46.055, 13.896,  0.920
 31680,  5.778, 10.873, 42.073, 13.698,  0.991
 31740,  5.604, 10.354, 40.942, 13.458,  1.091
 31800,  5.722, 11.368, 40.969, 13.640,  1.083
 31860,  5.742, 11.264, 40.524, 13.863,  1.151
 31920,  5.557, 10.524, 38.290, 13.219,  1.096
 31980,  5.236,  9.452, 35.128, 12.565,  1.108
 32040,  4.876,  8.474, 31.590, 11.503,  0.956
 32100, -9999.000, -9999.000, -9999.000, -9999.000, -9999.000
 32160,  3.811,  5.822, 21.469,  8.270,  0.854
 32220,  3.673,  5.778, 23.577,  8.665,  0.923
 32280,  3.467,  4.854, 20.114,  7.815,  0.924
 32340,  3.622,  5.053, 19.042,  8.019,  1.028
 32400,  3.454,  4.556, 18.961,  7.969,  1.233
 32460,  3.337,  4.335, 16.225,  7.409,  1.372
 32520,  3.326,  4.395, 16.752,  7.502,  1.254
 32580,  3.323,  4.460, 15.001,  7.080,  1.360
 32640,  3.341,  4.226, 15.659,  7.364,  1.413
 32700,  3.295,  4.228, 17.997,  7.384,  1.491
 32760,  2.833,  3.345, 15.395,  6.189,  1.230
 32820,  2.695,  3.024, 13.390,  5.786,  1.265
 32880,  2.672,  2.993, 13.454,  5.969,  1.396
 32940,  2.657,  2.905, 11.400,  5.473,  1.319
 33000,  2.331,  2.384, 11.972,  5.071,  1.048
 33060,  2.345,  2.179,  9.362,  4.916,  1.061
 33120,  2.306,  2.542, 10.923,  4.758,  1.023
 33180,  2.257,  2.018,  9.033,  4.605,  1.023
 33240,  2.130,  2.092,  8.628,  4.161,  0.849
 33300,  2.064,  1.739, 12.625,  4.096,  1.037
 33360,  1.953,  1.595,  9.705,  3.760,  0.879
 33420,  1.946,  1.460, 10.581,  3.628,  0.846
 33480,  1.861,  1.594, 10.228,  3.517,  0.785
 33540,  1.984,  1.707, 11.937,  3.832,  0.750
 33600,  2.372,  1.725, 14.891,  4.467,  0.768
 33660,  2.385,  1.792, 15.522,  4.524,  0.708
 33720,  2.596,  1.907, 16.491,  4.886,  0.774
 33780,  2.712,  2.153, 19.050,  5.044,  0.793
 33840,  2.464,  1.962, 15.649,  4.629,  0.670
 33900,  2.593,  2.401, 19.033,  4.826,  0.803
 33960, -9999.000, -9999.000, -9999.000, -9999.000, -9999.000
 34020,  3.160,  3.577, 17.368,  6.332,  0.631
 34080,  3.448,  3.069, 22.418,  6.779,  0.823
 34140,  3.593,  3.094, 25.584,  7.115,  0.655
 34200,  3.887,  4.132, 25.232,  8.000,  0.885
 34260,  4.036,  4.531, 27.177,  8.426,  0.948
 34320,  4.365,  4.168, 31.932,  8.510,  1.010
 34380,  4.363,  3.888, 35.620,  8.565,  1.010
 34440,  4.144,  4.669, 32.576,  8.440,  1.177
 34500,  4.218,  4.814, 30.433,  8.892,  1.096
 34560,  4.307,  5.010, 31.167,  8.986,  1.172
 34620,  4.417,  5.298, 32.670,  9.187,  1.187
 34680,  4.545,  5.520, 33.127,  9.212,  1.377
 34740,  4.390,  5.528, 34.257,  9.417,  1.346
 34800,  4.454,  5.447, 34.069,  9.422,  1.510
 34860,  4.419,  5.365, 32.242,  9.686,  1.326
 34920,  4.472,  5.856, 32.417,  9.394,  1.431
 34980,  4.335,  5.306, 31.484,  9.303,  1.383
 35040,  4.363,  5.346, 32.507,  9.363,  1.378
 35100,  4.194,  4.927, 32.869,  8.862,  1.309
 35160,  4.186,  5.082, 31.375,  8.724,  1.158
 35220,  3.880,  4.517, 29.857,  8.221,  1.141
 35280,  3.846,  4.602, 29.732,  8.309,  1.145
 35340,  3.855,  4.502, 26.696,  7.974,  1.018
 35400,  3.961,  4.521, 27.684,  8.135,  1.036
 35460,  4.026,  4.710, 32.730,  8.265,  1.223
 35520,  4.043,  4.377, 30.666,  8.074,  1.048
 35580,  3.528,  3.467, 28.632,  6.795,  1.043
 35640,  3.271,  2.866, 26.343,  6.106,  0.843
 35700,  3.011,  2.766, 23.249,  5.645,  0.651
 35760,  2.960,  2.673, 20.332,  5.518,  0.486
 35820, -9999.000, -9999.000, -9999.000, -9999.000, -9999.000
 35880,  2.724,  2.092, 18.542,  4.600,  0.495
 35940,  2.787,  2.388, 18.985,  5.049,  0.625
 36000,  2.882,  2.622, 20.063,  4.936,  0.688
 36060,  3.022,  2.640, 20.197,  5.528,  0.721
 36120,  3.036,  2.936, 20.836,  5.504,  0.683
 36180,  3.074,  3.053, 20.846,  5.696,  0.699
 36240,  3.228,  3.068, 21.472,  6.090,  0.789
 36300,  3.281,  3.023, 24.689,  6.267,  0.840
 36360,  3.377,  3.177, 24.556,  6.231,  0.829
 36420,  3.224,  2.927, 23.712,  6.034,  0.813
 36480,  3.265,  3.032, 24.403,  5.981,  0.996
 36540,  3.191,  2.776, 22.896,  6.014,  0.842
 36600,  3.199,  2.540, 23.138,  5.712,  0.844
 36660,  3.125,  2.662, 26.925,  5.555,  0.982
 36720,  3.165,  2.760, 25.403,  5.627,  1.015
 36780,  3.111,  2.679, 24.381,  5.478,  0.903
 36840,  3.090,  2.401, 25.773,  5.513,  0.996
 36900,  3.117,  2.474, 24.727,  5.704,  0.876
 36960,  3.168,  2.419, 26.451,  5.698,  1.054
 37020,  3.207,  2.791, 25.955,  6.026,  1.075
 37080,  3.502,  2.904, 25.340,  6.489,  1.019
 37140,  3.522,  3.287, 30.092,  6.495,  1.142
 37200,  3.444,  2.786, 28.677,  6.508,  1.161
 37260,  3.532,  2.644, 27.445,  6.572,  1.013
 37320,  3.661,  3.182, 29.976,  6.892,  1.108
 37380,  3.605,  3.155, 26.431,  6.566,  1.050
 37440,  3.611,  3.066, 27.524,  6.544,  1.058
 37500,  3.680,  2.969, 31.236,  6.836,  1.272
 37560,  3.658,  3.117, 29.506,  6.798,  1.133
 37620,  3.738,  3.419, 30.731,  7.238,  1.033
 37680,  3.584,  2.923, 27.423,  6.619,  0.945
 37740,  3.630,  3.078, 27.850,  6.670,  1.064
 37800,  3.634,  2.895, 28.602,  6.836,  1.115
 37860,  3.581,  3.119, 29.381,  6.845,  1.127
 37920,  3.553,  3.125, 28.280,  6.715,  1.108
 37980,  3.538,  3.198, 30.978,  6.992,  1.038
 38040,  3.462,  3.115, 29.524,  6.552,  1.019
 38100,  3.316,  3.162, 26.668,  6.316,  0.910
 38160,  3.364,  3.300, 28.691,  6.580,  0.901
 38220,  3.326,  3.373, 25.649,  6.431,  0.769
 38280,  3.424,  3.363, 24.690,  6.647,  0.702
 38340,  3.345,  3.659, 27.981,  6.467,  0.860
 38400,  3.353,  3.785, 27.538,  6.479,  0.812
 38460,  3.352,  3.701, 25.600,  6.356,  0.760
 38520,  3.419,  3.966, 26.859,  6.536,  0.747
 38580,  3.435,  3.822, 24.940,  6.517,  0.718
 38640,  3.427,  3.479, 22.524,  6.342,  0.728
 38700,  3.417,  3.665, 26.760,  6.568,  0.859
 38760,  3.441,  3.766, 26.541,  6.440,  0.782
 38820,  3.313,  3.854, 24.148,  6.396,  0.736
 38880,  3.387,  3.642, 24.239,  6.372,  0.725
 38940,  3.322,  3.647, 23.823,  6.417,  0.716
 39000,  3.168,  3.176, 21.954,  6.321,  0.590
 39060,  3.330,  3.587, 24.760,  6.260,  0.797
 39120,  3.231,  3.455, 24.491,  6.228,  0.736
 39180,  3.173,  3.267, 22.490,  5.899,  0.697
 39240,  3.180,  3.279, 23.882,  5.949,  0.718
 39300,  3.146,  3.259, 22.826,  5.874,  0.673
 39360,  3.019,  3.133, 20.612,  5.821,  0.667
 39420,  3.060,  3.204, 23.434,  5.711,  0.637
 39480, -9999.000, -9999.000, -9999.000, -9999.000, -9999.000
 39540,  2.559,  2.659, 17.704,  4.872,  0.710
 39600,  2.665,  2.664, 20.752,  4.770,  0.590
 39660,  2.687,  2.534, 18.347,  4.948,  0.601
 39720,  2.642,  2.539, 17.099,  4.845,  0.591
 39780,  2.667,  2.652, 20.463,  4.859,  0.661
 39840,  2.649,  2.394, 20.808,  4.779,  0.649
 39900,  2.647,  2.547, 19.865,  4.826,  0.681
 39960,  2.681,  2.395, 20.065,  4.632,  0.660
 40020,  2.546,  2.479, 18.133,  4.702,  0.572
 40080,  2.549,  2.327, 17.585,  4.540,  0.591
 40140,  2.590,  2.586, 21.035,  4.660,  0.663
 40200,  2.570,  2.243, 21.040,  4.614,  0.646
 40260,  2.555,  2.515, 20.034,  4.451,  0.616
 40320,  2.502,  2.050, 21.263,  4.306,  0.645
 40380,  2.397,  2.081, 18.910,  4.323,  0.587
 40440,  2.303,  2.086, 18.933,  4.133,  0.586
 40500,  2.386,  2.147, 21.280,  4.307,  0.766
 40560,  2.425,  2.041, 19.616,  4.275,  0.664
