CampaignData_and_Merges/R0/CSL_MobileLab_Parked/raw/20240727/USOS-NOAAIodideCIMS-HCOOH_MobileLabGround_20240727_RA.ict
33, 1001
Michael A Robinson, Chris Jernigan, Subi Thakali
NOAA ESRL Chemical Sciences Laboratory and CIRES, U. of Colorado
NOAA Iodide CIMS Instrument
USOS
1, 1
2024, 07, 27, 2024, 07, 28
1
starttime_UTC, seconds_past_midnight, seconds_of_day_since_00:00:00_UTC
1
1
-9999
HCOOH_NOAACIMS, pptv, Gas_HCOOH_InSitu_S_AVMR, 
0
18
PI_CONTACT_INFO: 325 Broadway, R/CSD 7, Boulder, Colorado 80305; michael.a.robinson@noaa.gov; chris.jernigan@noaa.gov;
PLATFORM: NOAA CSL Mobile Lab
LOCATION: SLC, Utah
ASSOCIATED_DATA: 1Hz data also available on request.
INSTRUMENT_INFO: NOAA I- ToF CIMS
DATA_INFO: All data in parts per trillion by volume (pptv). 1 Hz data is available upon request.
UNCERTAINTY: TBD
ULOD_FLAG: -7777
ULOD_VALUE: N/A
LLOD_FLAG: -8888
LLOD_VALUE: N/A
DM_CONTACT_INFO: Nathan Howard; nathan.h.howard@noaa.gov
PROJECT_INFO: USOS, summer 2024. https://csl.noaa.gov/groups/csl7/measurements/2024usos/
STIPULATIONS_ON_USE: Users are strongly encouraged to contact the PI for proper data usage.
OTHER_COMMENTS: 
REVISION: RA
RA: Preliminary Data; For in-field use only
starttime_UTC, HCOOH_NOAACIMS
[from data line 948]
 56880, 1547.318
 56940, 1453.587
 57000, 1433.220
 57060, 1431.790
 57120, 1528.506
 57180, 1415.052
 57240, 1473.004
 57300, 1427.527
 57360, 1448.177
 57420, 1426.802
 57480, 1481.848
 57540, 1544.051
 57600, 1615.674
 57660, 1529.552
 57720, 1509.386
 57780, 1484.458
 57840, 1406.207
 57900, 1144.336
 57960, -9999.000
 58020, 932.010
 58080, 976.791
 58140, 892.378
 58200, 928.298
 58260, 902.839
 58320, 965.605
 58380, 887.774
 58440, 909.358
 58500, 886.931
 58560, 878.183
 58620, 936.053
 58680, 908.904
 58740, 923.594
 58800, 910.856
 58860, 930.639
 58920, 931.689
 58980, 913.010
 59040, 929.535
 59100, 955.802
 59160, 951.095
 59220, 960.977
 59280, 985.123
 59340, 985.944
 59400, 963.108
 59460, 961.752
 59520, 926.164
 59580, 940.408
 59640, 968.497
 59700, 1000.215
 59760, 988.179
 59820, -9999.000
 59880, 1003.003
 59940, 1006.990
 60000, 1016.453
 60060, 1007.633
 60120, 1015.761
 60180, 1011.339
 60240, 984.786
 60300, 993.790
 60360, 994.880
 60420, 975.596
 60480, 1014.869
 60540, 993.150
 60600, 968.861
 60660, 955.923
 60720, 951.871
 60780, 963.475
 60840, 992.441
 60900, 958.836
 60960, 961.087
 61020, 949.910
 61080, 949.446
 61140, 955.376
 61200, 987.725
 61260, 968.975
 61320, 976.079
 61380, 966.029
 61440, 989.736
 61500, 979.752
 61560, 999.726
 61620, 1014.769
 61680, -9999.000
 61740, 1022.734
 61800, 1032.985
 61860, 1021.657
 61920, 1015.387
 61980, 1034.672
 62040, 1040.770
 62100, 1033.106
 62160, 1073.131
 62220, 1030.500
 62280, 1066.290
 62340, 1083.637
 62400, 1083.604
 62460, 1034.308
 62520, 1052.166
 62580, 1073.944
 62640, 1032.851
 62700, 1039.211
 62760, 1019.383
 62820, 998.823
 62880, 985.682
 62940, 1041.313
 63000, 1010.439
 63060, 977.990
 63120, 972.303
 63180, 974.686
 63240, 1012.526
 63300, 994.935
 63360, 986.841
 63420, 972.216
 63480, 1079.810
 63540, 1209.776
 63600, 1219.512
 63660, 1143.941
 63720, 1250.314
 63780, 1524.217
 63840, 1353.056
 63900, 1281.006
 63960, 1288.350
 64020, 1113.977
 64080, 1086.741
 64140, 1177.420
 64200, 1343.468
 64260, 1427.556
 64320, 1503.809
 64380, 1669.851
 64440, 1522.201
 64500, 1521.956
 64560, 1392.361
 64620, 1460.673
 64680, 1497.380
 64740, 1479.445
 64800, 1439.990
 64860, 1386.956
 64920, 1345.967
 64980, 1677.630
 65040, 1925.000
 65100, 1858.097
 65160, 2600.621
 65220, 2559.255
 65280, 2231.837
 65340, -9999.000
 65400, 2948.477
 65460, 2657.440
 65520, 2622.417
 65580, 2880.055
 65640, 2806.585
 65700, 2974.146
 65760, 3236.203
 65820, 2897.362
 65880, 2360.074
 65940, 2269.192
 66000, 2221.014
 66060, 2022.522
 66120, 1800.434
 66180, 1852.355
 66240, 1783.093
 66300, 1795.254
 66360, 1755.565
 66420, 1742.767
 66480, 1856.749
 66540, 1928.949
 66600, 1917.790
 66660, 1640.128
 66720, 1824.673
 66780, 1471.598
 66840, 1579.340
 66900, 1596.522
 66960, 1485.945
 67020, 1478.563
 67080, 1398.825
 67140, 1304.421
 67200, 1463.748
 67260, 1332.704
 67320, 1336.234
 67380, 1283.778
 67440, 1203.060
 67500, 1202.381
 67560, 1158.723
 67620, 1163.029
 67680, 1145.407
 67740, 1119.280
 67800, 1155.243
 67860, 1162.090
 67920, 1196.811
 67980, 1138.747
 68040, 1131.422
 68100, 1140.681
 68160, 1171.691
 68220, 1199.234
 68280, 1167.876
 68340, 1209.288
 68400, 1197.969
 68460, 1204.794
 68520, 1221.916
 68580, 1249.535
 68640, 1236.509
 68700, 1194.367
 68760, 1239.021
 68820, 1260.947
 68880, 1282.838
 68940, 1259.361
 69000, 1143.546
 69060, -9999.000
 69120, 1209.944
 69180, 1221.534
 69240, 1160.013
 69300, 1174.695
 69360, 1190.328
 69420, 1175.939
 69480, 1123.051
 69540, 1180.309
 69600, 1220.447
 69660, 1116.649
 69720, 1129.761
 69780, 1141.245
 69840, 1123.584
 69900, 1190.636
 69960, 1170.814
 70020, 1160.097
 70080, 1142.800
 70140, 1129.152
 70200, 1154.982
 70260, 1149.827
 70320, 1177.954
 70380, 1208.251
 70440, 1201.823
 70500, 1232.738
 70560, 1166.612
 70620, 1166.626
 70680, 1223.268
 70740, 1189.524
 70800, 1141.882
 70860, 1169.474
 70920, 1243.624
 70980, 1211.163
 71040, 1136.438
 71100, 1203.661
 71160, 1190.951
 71220, 1166.845
 71280, 1224.626
 71340, 1215.787
 71400, 1210.059
 71460, 1217.010
 71520, 1235.740
 71580, 1128.261
 71640, 1177.406
 71700, 1237.239
 71760, 1264.427
 71820, 1240.937
 71880, 1206.935
 71940, 1260.531
 72000, 1251.319
 72060, 1369.350
 72120, 1278.793
 72180, 1242.291
 72240, 1203.555
 72300, 1181.665
 72360, 1183.337
 72420, 1272.396
 72480, 1165.571
 72540, 1216.712
 72600, 1179.238
 72660, 1191.628
 72720, 1287.751
 72780, 1133.998
 72840, 1165.933
 72900, 1151.517
 72960, 1175.286
 73020, 1164.368
 73080, 1196.566
 73140, 1187.485
 73200, 1221.088
 73260, 1208.718
 73320, 1184.361
 73380, 1118.322
 73440, 1079.773
 73500, 1103.683
 73560, 1130.209
 73620, 1148.158
 73680, 1145.748
 73740, 1134.843
 73800, 1053.414
 73860, 1030.175
 73920, 1059.042
 73980, 1099.175
 74040, 1165.845
 74100, 1166.121
 74160, 1102.507
 74220, 1069.276
 74280, 1113.736
 74340, 1083.078
 74400, 1080.133
 74460, 1027.438
 74520, 1047.663
 74580, 1055.139
 74640, 985.881
 74700, 1019.193
 74760, 1036.391
 74820, 1076.191
 74880, 1036.585
 74940, 1036.074
 75000, 1018.282
 75060, 1043.435
 75120, 991.708
 75180, 992.167
 75240, 989.673
 75300, 998.945
 75360, 967.061
 75420, 960.167
 75480, 959.050
 75540, 950.486
 75600, 967.690
 75660, 931.819
 75720, 943.563
 75780, 982.030
 75840, 938.877
 75900, 947.704
 75960, 927.115
 76020, 975.230
 76080, 1006.371
 76140, 927.982
 76200, 977.994
 76260, 974.707
 76320, 1071.599
 76380, 1073.441
 76440, -9999.000
 76500, 957.768
 76560, 940.648
 76620, 970.187
 76680, 1018.220
 76740, 973.791
 76800, 931.816
 76860, 953.923
 76920, 998.154
 76980, 1013.493
 77040, 1067.038
 77100, 1001.587
 77160, 1039.766
 77220, 1141.320
 77280, 1059.942
 77340, 1109.115
 77400, 1108.402
 77460, 1117.059
 77520, 1169.031
 77580, 1151.817
 77640, 1172.394
 77700, 1050.013
 77760, 973.247
 77820, 955.121
 77880, 974.242
 77940, 993.179
 78000, 986.059
 78060, 971.053
 78120, 1015.963
 78180, 964.966
 78240, 1141.556
 78300, -9999.000
 78360, 979.652
 78420, 1407.790
 78480, 1341.709
 78540, 1207.945
 78600, 1355.541
 78660, 1018.898
 78720, 1300.150
 78780, 1175.857
 78840, 1244.531
 78900, 1307.712
 78960, 1695.170
 79020, 1695.236
 79080, 1623.619
 79140, 1657.248
 79200, 1903.310
 79260, 2179.986
 79320, 2024.919
 79380, 2438.718
 79440, 2688.470
 79500, 2731.305
 79560, 2825.831
 79620, 2635.274
 79680, 2749.092
 79740, 2729.204
 79800, 2823.292
 79860, 2585.275
 79920, 2184.539
 79980, 2488.612
 80040, 1871.066
 80100, 1976.102
 80160, -9999.000
 80220, 1956.688
 80280, 1563.271
 80340, 1367.087
 80400, 1128.989
 80460, 1189.949
 80520, 1228.760
 80580, 1199.647
 80640, 1231.258
 80700, 1244.036
 80760, 1259.578
 80820, 1342.346
 80880, 1289.180
 80940, 1166.424
 81000, 1179.260
 81060, 1222.700
 81120, 1265.374
 81180, 1230.311
 81240, 1093.385
 81300, 1104.203
 81360, 1093.798
 81420, 1182.352
 81480, 1206.405
 81540, 1195.012
 81600, 1177.360
 81660, 1224.404
 81720, 1169.105
 81780, 1239.286
 81840, 1155.246
 81900, 1180.238
 81960, 1229.714
 82020, 1080.956
 82080, 1183.894
 82140, 1186.876
 82200, 1141.269
 82260, 1118.554
 82320, 1147.869
 82380, 1148.301
 82440, 1030.616
 82500, 1008.404
 82560, 1002.903
 82620, 1056.792
 82680, 995.716
 82740, 904.354
 82800, 932.963
 82860, 946.855
 82920, 965.999
 82980, 951.904
 83040, 999.518
 83100, 981.279
 83160, 944.065
 83220, 965.155
 83280, 1011.486
 83340, 1011.540
 83400, 928.085
 83460, 960.551
 83520, 964.413
 83580, 1078.638
 83640, 1122.941
 83700, 1137.732
 83760, 1147.762
 83820, -9999.000
 83880, 1079.807
 83940, 1068.148
 84000, 1024.303
 84060, 1047.159
 84120, 1119.628
 84180, 954.226
 84240, 878.132
 84300, 930.746
 84360, 952.380
 84420, 1018.449
 84480, 948.213
 84540, 927.356
 84600, 911.375
 84660, 865.911
 84720, 904.636
 84780, 879.517
 84840, 881.015
 84900, 880.714
 84960, 922.797
 85020, 872.473
 85080, 918.446
 85140, 968.607
 85200, 962.877
 85260, 966.515
 85320, 938.258
 85380, 959.959
 85440, 981.053
 85500, 926.356
 85560, 897.511
 85620, 848.789
 85680, -9999.000
 85740, 858.311
 85800, 863.638
 85860, 885.824
 85920, 935.956
 85980, 1006.331
 86040, 984.868
 86100, 952.658
 86160, 943.380
 86220, 926.184
 86280, 910.729
 86340, 876.781
