CampaignData_and_Merges/R0/CSL_MobileLab_Parked/raw/20240727/USOS-MetNav_MobileLabGround_20240727_R0.ict
44, 1001
Carrie Womack, Nate Howard, Mike Zucker
NOAA Chemical Sciences Laboratory
Mobile Lab MetNav Station
USOS
1, 1
2024, 07, 27, 2024, 12, 21
60
Time_Start, seconds_past_midnight, Seconds from midnight UTC
11
1, 1, 1, 1, 1, 1, 1, 1, 1, 1, 1
-9999, -9999, -9999, -9999, -9999, -9999, -9999, -9999, -9999, -9999, -9999
GPS_Alt_m, meters, Altitude from Differential GPS
GPS_Course_deg, degrees, Course from Differential GPS
GPS_GndSpd_m_s, m/s, Ground Speed from Differential GPS
GPS_Heading_deg, degrees, Heading from Differential GPS
GPS_Lat_deg, degrees, Latitude from Differential GPS
GPS_Lon_deg, degrees, Longitude from Differential GPS
AirTemp_C, Celsius, Air Temperature from Airmar
RelHumidity_pct, percent, Relative Humidity from Airmar
Pressure_mb, millibars, Pressure from Honeywell
WindDir_calc_deg, degrees, Wind Direction from Airmar corrected for van movement
WindSpd_calc_m_s, m/s, Wind Speed from Airmar corrected for van movement
1
SPECIAL COMMENTS:
18
PI_CONTACT_INFO: Address: 325 Broadway R/CSL7, Boulder, CO, 80305
PLATFORM: CSL Mobile Lab
LOCATION: Salt Lake City, UT
ASSOCIATED_DATA: N/A
INSTRUMENT_INFO: N/A
DATA_INFO: Units:
UNCERTAINTY: N/A
ULOD_FLAG: -7777
ULOD_VALUE: N/A
LLOD_FLAG: -8888
LLOD_VALUE: N/A
DM_CONTACT_INFO: Data Manager: Nate Howard
PROJECT_INFO: 
STIPULATIONS_ON_USE: Use of these data require prior ok from PI.
OTHER_COMMENTS: 
REVISION: R0
R0: Final data. Fixed bug in wind averaging code. RA: Preliminary Data. For in-field use only. 
Time_Start, GPS_Alt_m, GPS_Course_deg, GPS_GndSpd_m_s, GPS_Heading_deg, GPS_Lat_deg, GPS_Lon_deg, AirTemp_C, RelHumidity_pct, Pressure_mb, WindDir_calc_deg, WindSpd_calc_m_s
[from data line 1247]
74820.0,1309.0,3.47,0.05,3.47,40.73434,-111.87211,34.3,22.1,869.8,101.04,0.9
74880.0,1308.9,3.15,0.04,3.15,40.73434,-111.87211,34.5,21.4,869.8,122.31,1.5
74940.0,1308.9,3.58,0.04,3.58,40.73434,-111.87211,34.8,21.1,869.8,134.39,1.5
75000.0,1309.3,3.96,0.04,3.96,40.73434,-111.87211,34.7,21.4,869.7,122.41,1.4
75060.0,1309.4,3.99,0.04,3.99,40.73434,-111.87211,34.5,21.4,869.6,118.11,1.6
75120.0,1309.3,3.73,0.04,3.73,40.73434,-111.87211,34.1,21.1,869.6,130.63,2.7
75180.0,1309.3,3.50,0.04,3.50,40.73434,-111.87211,33.8,21.5,869.2,127.98,3.0
75240.0,1309.6,3.34,0.05,3.34,40.73434,-111.87211,33.7,22.1,869.2,122.31,1.6
75300.0,1309.7,3.36,0.05,3.36,40.73434,-111.87211,33.2,21.8,869.2,126.03,3.6
75360.0,1309.7,3.12,0.05,3.12,40.73434,-111.87211,33.0,21.6,869.2,125.02,2.8
75420.0,1309.4,2.96,0.05,2.96,40.73434,-111.87211,32.7,21.7,869.1,118.71,2.5
75480.0,1309.2,2.69,0.04,2.69,40.73434,-111.87211,32.6,22.3,869.3,127.91,2.3
75540.0,1309.1,3.04,0.04,3.04,40.73434,-111.87211,32.6,22.2,869.3,113.45,1.5
75600.0,1309.1,3.28,0.04,3.28,40.73434,-111.87211,32.7,22.0,869.1,147.94,1.1
75660.0,1309.1,3.19,0.04,3.19,40.73434,-111.87211,32.9,21.5,869.1,159.43,1.0
75720.0,1309.2,3.00,0.04,3.00,40.73434,-111.87211,33.1,21.5,869.1,119.28,0.9
75780.0,1309.2,3.11,0.04,3.11,40.73434,-111.87211,33.2,21.4,869.0,117.78,1.0
75840.0,1309.3,3.34,0.04,3.34,40.73434,-111.87211,33.2,21.3,868.9,147.39,1.8
75900.0,1309.3,3.33,0.04,3.33,40.73434,-111.87211,33.2,21.4,868.9,146.66,1.6
75960.0,1309.4,3.12,0.04,3.12,40.73434,-111.87211,33.1,21.8,868.9,122.72,1.3
76020.0,1309.4,3.19,0.04,3.19,40.73434,-111.87211,33.2,22.9,868.9,114.91,1.0
76080.0,1309.2,3.10,0.05,3.10,40.73434,-111.87211,33.1,22.7,868.9,68.65,0.4
76140.0,1309.2,2.73,0.04,2.73,40.73434,-111.87211,33.1,21.6,868.9,107.53,0.4
76200.0,1309.2,2.72,0.05,2.72,40.73434,-111.87211,33.2,21.9,868.9,101.06,0.3
76260.0,1309.2,3.07,0.05,3.07,40.73434,-111.87211,33.1,22.4,868.9,75.92,0.6
76320.0,1309.2,3.19,0.04,3.19,40.73434,-111.87211,32.9,23.6,868.9,105.63,0.9
76380.0,1309.2,3.68,0.04,3.68,40.73434,-111.87211,32.7,23.8,868.8,106.27,1.1
76440.0,1309.0,3.58,0.04,3.58,40.73434,-111.87211,32.6,23.7,868.8,115.45,1.1
76500.0,1308.9,3.15,0.05,3.15,40.73434,-111.87211,32.4,22.9,868.8,100.27,0.9
76560.0,1308.8,2.64,0.05,2.64,40.73434,-111.87211,32.3,22.5,868.8,109.79,1.4
76620.0,1308.9,3.18,0.04,3.18,40.73434,-111.87211,32.3,22.5,868.8,110.36,1.9
76680.0,1308.9,3.56,0.04,3.56,40.73434,-111.87211,32.3,23.0,868.7,128.50,2.1
76740.0,1308.9,3.02,0.04,3.02,40.73434,-111.87211,32.5,22.0,868.7,127.12,2.0
76800.0,1309.0,2.66,0.05,2.66,40.73434,-111.87211,32.7,22.3,868.7,125.00,1.6
76860.0,1308.9,2.61,0.03,2.61,40.73434,-111.87211,32.9,22.3,868.6,115.10,1.6
76920.0,1308.9,2.63,0.04,2.63,40.73434,-111.87211,33.1,22.9,868.6,99.74,1.4
76980.0,1309.0,3.34,0.04,3.34,40.73434,-111.87211,33.4,22.5,868.5,107.50,1.1
77040.0,1308.9,3.54,0.04,3.54,40.73434,-111.87211,33.6,22.7,868.5,73.47,0.8
77100.0,1308.9,3.65,0.04,3.65,40.73434,-111.87211,33.9,21.9,868.5,101.12,1.1
77160.0,1308.9,3.73,0.04,3.73,40.73434,-111.87211,34.2,20.7,868.5,105.99,1.0
77220.0,1308.9,3.72,0.04,3.72,40.73434,-111.87211,34.2,21.0,868.4,109.74,1.1
77280.0,1309.0,3.44,0.05,3.44,40.73434,-111.87211,34.4,20.8,868.4,112.98,1.3
77340.0,1309.0,3.57,0.04,3.57,40.73434,-111.87211,34.2,21.6,868.4,66.73,0.7
77400.0,1309.1,3.54,0.04,3.54,40.73434,-111.87211,34.2,21.6,868.4,91.69,0.9
77460.0,-9999.0,-9999.00,-9999.00,-9999.00,-9999.00000,-9999.00000,-9999.0,-9999.0,-9999.0,-9999.00,-9999.0
77520.0,-9999.0,-9999.00,-9999.00,-9999.00,-9999.00000,-9999.00000,-9999.0,-9999.0,-9999.0,-9999.00,-9999.0
77580.0,-9999.0,-9999.00,-9999.00,-9999.00,-9999.00000,-9999.00000,-9999.0,-9999.0,-9999.0,-9999.00,-9999.0
77640.0,-9999.0,-9999.00,-9999.00,-9999.00,-9999.00000,-9999.00000,-9999.0,-9999.0,-9999.0,-9999.00,-9999.0
77700.0,-9999.0,-9999.00,-9999.00,-9999.00,-9999.00000,-9999.00000,-9999.0,-9999.0,-9999.0,-9999.00,-9999.0
77760.0,-9999.0,-9999.00,-9999.00,-9999.00,-9999.00000,-9999.00000,-9999.0,-9999.0,-9999.0,-9999.00,-9999.0
77820.0,-9999.0,-9999.00,-9999.00,-9999.00,-9999.00000,-9999.00000,-9999.0,-9999.0,-9999.0,-9999.00,-9999.0
77880.0,-9999.0,-9999.00,-9999.00,-9999.00,-9999.00000,-9999.00000,-9999.0,-9999.0,-9999.0,-9999.00,-9999.0
77940.0,-9999.0,-9999.00,-9999.00,-9999.00,-9999.00000,-9999.00000,-9999.0,-9999.0,-9999.0,-9999.00,-9999.0
78000.0,-9999.0,-9999.00,-9999.00,-9999.00,-9999.00000,-9999.00000,-9999.0,-9999.0,-9999.0,-9999.00,-9999.0
78060.0,-9999.0,-9999.00,-9999.00,-9999.00,-9999.00000,-9999.00000,-9999.0,-9999.0,-9999.0,-9999.00,-9999.0
78120.0,-9999.0,-9999.00,-9999.00,-9999.00,-9999.00000,-9999.00000,-9999.0,-9999.0,-9999.0,-9999.00,-9999.0
78180.0,-9999.0,-9999.00,-9999.00,-9999.00,-9999.00000,-9999.00000,-9999.0,-9999.0,-9999.0,-9999.00,-9999.0
78240.0,-9999.0,-9999.00,-9999.00,-9999.00,-9999.00000,-9999.00000,-9999.0,-9999.0,-9999.0,-9999.00,-9999.0
78300.0,-9999.0,-9999.00,-9999.00,-9999.00,-9999.00000,-9999.00000,-9999.0,-9999.0,-9999.0,-9999.00,-9999.0
78360.0,-9999.0,-9999.00,-9999.00,-9999.00,-9999.00000,-9999.00000,-9999.0,-9999.0,-9999.0,-9999.00,-9999.0
78420.0,-9999.0,-9999.00,-9999.00,-9999.00,-9999.00000,-9999.00000,-9999.0,-9999.0,-9999.0,-9999.00,-9999.0
78480.0,-9999.0,-9999.00,-9999.00,-9999.00,-9999.00000,-9999.00000,-9999.0,-9999.0,-9999.0,-9999.00,-9999.0
78540.0,-9999.0,-9999.00,-9999.00,-9999.00,-9999.00000,-9999.00000,-9999.0,-9999.0,-9999.0,-9999.00,-9999.0
78600.0,-9999.0,-9999.00,-9999.00,-9999.00,-9999.00000,-9999.00000,-9999.0,-9999.0,-9999.0,-9999.00,-9999.0
78660.0,-9999.0,-9999.00,-9999.00,-9999.00,-9999.00000,-9999.00000,-9999.0,-9999.0,-9999.0,-9999.00,-9999.0
78720.0,-9999.0,-9999.00,-9999.00,-9999.00,-9999.00000,-9999.00000,-9999.0,-9999.0,-9999.0,-9999.00,-9999.0
78780.0,-9999.0,-9999.00,-9999.00,-9999.00,-9999.00000,-9999.00000,-9999.0,-9999.0,-9999.0,-9999.00,-9999.0
78840.0,-9999.0,-9999.00,-9999.00,-9999.00,-9999.00000,-9999.00000,-9999.0,-9999.0,-9999.0,-9999.00,-9999.0
78900.0,-9999.0,-9999.00,-9999.00,-9999.00,-9999.00000,-9999.00000,-9999.0,-9999.0,-9999.0,-9999.00,-9999.0
78960.0,-9999.0,-9999.00,-9999.00,-9999.00,-9999.00000,-9999.00000,-9999.0,-9999.0,-9999.0,-9999.00,-9999.0
79020.0,-9999.0,-9999.00,-9999.00,-9999.00,-9999.00000,-9999.00000,-9999.0,-9999.0,-9999.0,-9999.00,-9999.0
79080.0,-9999.0,-9999.00,-9999.00,-9999.00,-9999.00000,-9999.00000,-9999.0,-9999.0,-9999.0,-9999.00,-9999.0
79140.0,-9999.0,-9999.00,-9999.00,-9999.00,-9999.00000,-9999.00000,-9999.0,-9999.0,-9999.0,-9999.00,-9999.0
79200.0,-9999.0,-9999.00,-9999.00,-9999.00,-9999.00000,-9999.00000,-9999.0,-9999.0,-9999.0,-9999.00,-9999.0
79260.0,-9999.0,-9999.00,-9999.00,-9999.00,-9999.00000,-9999.00000,-9999.0,-9999.0,-9999.0,-9999.00,-9999.0
79320.0,-9999.0,-9999.00,-9999.00,-9999.00,-9999.00000,-9999.00000,-9999.0,-9999.0,-9999.0,-9999.00,-9999.0
79380.0,-9999.0,-9999.00,-9999.00,-9999.00,-9999.00000,-9999.00000,-9999.0,-9999.0,-9999.0,-9999.00,-9999.0
79440.0,-9999.0,-9999.00,-9999.00,-9999.00,-9999.00000,-9999.00000,-9999.0,-9999.0,-9999.0,-9999.00,-9999.0
79500.0,-9999.0,-9999.00,-9999.00,-9999.00,-9999.00000,-9999.00000,-9999.0,-9999.0,-9999.0,-9999.00,-9999.0
79560.0,1308.2,4.09,0.05,4.09,40.73434,-111.87211,29.5,30.8,869.3,97.91,0.8
79620.0,1308.2,4.43,0.05,4.43,40.73434,-111.87211,29.5,30.8,869.3,93.03,0.8
79680.0,1308.1,3.93,0.06,3.93,40.73434,-111.87211,29.5,30.1,869.3,79.53,0.6
79740.0,1308.1,3.40,0.04,3.40,40.73434,-111.87211,29.5,29.8,869.3,82.70,0.6
79800.0,1308.0,3.48,0.05,3.48,40.73434,-111.87211,29.6,30.1,869.3,95.98,0.7
79860.0,1307.9,3.87,0.04,3.87,40.73434,-111.87211,29.6,29.4,869.3,73.29,0.7
79920.0,1307.9,4.03,0.04,4.03,40.73434,-111.87211,29.7,28.3,869.3,75.73,0.7
79980.0,1308.0,3.74,0.05,3.74,40.73434,-111.87211,29.8,29.3,869.2,87.83,0.8
80040.0,1308.1,3.82,0.05,3.82,40.73434,-111.87211,29.9,27.6,869.2,68.43,0.8
80100.0,1308.1,3.68,0.04,3.68,40.73434,-111.87211,30.0,27.4,869.2,67.88,0.7
80160.0,1308.1,3.84,0.06,3.84,40.73434,-111.87211,30.1,27.5,869.3,67.99,0.6
80220.0,1308.0,3.77,0.05,3.77,40.73434,-111.87211,30.2,27.5,869.3,74.81,0.6
80280.0,1307.9,3.76,0.05,3.76,40.73434,-111.87211,30.1,26.2,869.2,71.58,1.0
80340.0,1307.7,3.58,0.05,3.58,40.73434,-111.87211,30.2,25.7,868.8,56.01,0.5
80400.0,1307.8,3.98,0.04,3.98,40.73434,-111.87211,30.2,24.7,868.3,53.92,0.9
80460.0,1307.9,4.53,0.06,4.53,40.73434,-111.87211,30.4,25.0,868.3,76.46,0.5
80520.0,1308.0,3.82,0.06,3.82,40.73434,-111.87211,30.5,25.2,868.3,75.20,0.5
80580.0,1307.6,3.50,0.05,3.50,40.73434,-111.87211,30.7,25.1,868.3,95.38,0.9
80640.0,1307.5,3.65,0.05,3.65,40.73434,-111.87211,30.9,24.8,868.3,68.19,0.5
80700.0,1307.6,3.05,0.05,3.05,40.73434,-111.87211,31.2,24.5,868.3,63.41,0.3
80760.0,1307.7,3.18,0.05,3.18,40.73434,-111.87211,31.4,24.4,868.3,85.70,0.5
80820.0,1307.7,3.08,0.05,3.08,40.73434,-111.87211,31.7,24.1,868.3,86.32,0.8
80880.0,1307.7,3.18,0.05,3.18,40.73434,-111.87211,32.0,23.9,868.3,62.20,0.4
80940.0,1307.7,2.87,0.05,2.87,40.73434,-111.87211,32.3,23.1,868.3,96.75,0.5
81000.0,1307.8,2.87,0.05,2.87,40.73434,-111.87211,32.6,22.2,868.3,123.65,1.1
81060.0,1307.9,3.13,0.05,3.13,40.73434,-111.87211,32.7,22.9,868.3,111.64,1.2
81120.0,1307.9,3.49,0.05,3.49,40.73434,-111.87211,33.0,23.0,868.3,110.66,0.6
81180.0,1307.8,3.41,0.04,3.41,40.73434,-111.87211,33.1,22.8,868.2,108.46,1.1
81240.0,1307.8,3.24,0.05,3.24,40.73434,-111.87211,33.4,21.3,868.2,112.54,0.5
81300.0,1307.9,3.56,0.05,3.56,40.73434,-111.87211,33.6,20.2,868.2,134.71,1.1
81360.0,1308.0,3.66,0.05,3.66,40.73434,-111.87211,33.8,20.7,868.1,99.70,0.8
81420.0,1308.0,3.54,0.05,3.54,40.73434,-111.87211,33.9,22.2,868.1,99.06,0.8
81480.0,1308.1,3.61,0.05,3.61,40.73434,-111.87211,33.8,22.4,868.1,75.50,0.7
81540.0,1308.1,3.79,0.05,3.79,40.73435,-111.87211,33.9,22.1,868.0,92.70,0.7
81600.0,1308.0,3.10,0.05,3.10,40.73435,-111.87211,34.0,21.1,868.0,116.88,1.0
81660.0,1308.0,3.01,0.06,3.01,40.73435,-111.87211,34.0,22.4,868.0,90.91,1.0
81720.0,1308.1,2.85,0.06,2.85,40.73434,-111.87211,33.8,20.6,868.0,68.70,0.7
81780.0,1308.9,2.87,0.05,2.87,40.73434,-111.87211,33.9,21.5,868.0,94.48,0.8
81840.0,1309.3,3.36,0.05,3.36,40.73434,-111.87211,33.8,20.3,868.0,77.08,0.6
81900.0,1309.9,2.90,0.05,2.90,40.73434,-111.87211,34.0,20.7,868.0,92.36,0.8
81960.0,1310.1,2.67,0.06,2.67,40.73434,-111.87211,34.2,20.6,868.0,97.98,0.5
82020.0,1310.5,2.17,0.05,2.17,40.73434,-111.87211,34.4,19.8,868.0,82.12,0.5
82080.0,1310.2,2.19,0.06,2.19,40.73434,-111.87211,34.6,19.7,867.9,86.94,0.5
82140.0,1310.1,2.16,0.05,2.16,40.73434,-111.87211,34.7,20.0,868.0,102.15,0.8
82200.0,1310.1,2.40,0.05,2.40,40.73434,-111.87211,34.8,19.4,867.9,82.38,0.6
82260.0,1310.4,1.66,0.05,1.66,40.73434,-111.87211,34.8,19.4,867.9,85.04,0.7
82320.0,1310.5,1.51,0.05,1.51,40.73434,-111.87211,34.9,20.2,867.9,96.27,0.9
82380.0,1310.5,2.16,0.06,2.16,40.73434,-111.87211,34.9,20.2,867.9,90.02,0.9
82440.0,1310.5,2.41,0.04,2.41,40.73434,-111.87211,34.9,18.9,867.9,86.27,0.8
82500.0,1310.4,2.95,0.05,2.95,40.73434,-111.87211,34.9,19.0,867.9,95.55,0.7
82560.0,1310.4,2.67,0.05,2.67,40.73434,-111.87211,35.0,18.6,867.9,104.32,0.8
82620.0,1310.5,2.14,0.04,2.14,40.73434,-111.87211,35.1,19.1,867.9,100.14,1.0
82680.0,1310.6,1.91,0.05,1.91,40.73434,-111.87211,34.9,19.1,867.9,78.44,0.9
82740.0,1310.3,2.13,0.05,2.13,40.73434,-111.87211,34.9,18.0,867.9,84.14,0.7
82800.0,1310.2,2.51,0.05,2.51,40.73434,-111.87211,35.0,18.1,867.9,87.15,0.8
82860.0,1310.1,2.64,0.05,2.64,40.73434,-111.87211,34.9,18.6,867.9,93.58,1.0
82920.0,1310.0,2.99,0.05,2.99,40.73434,-111.87211,34.8,17.9,867.9,70.57,0.8
82980.0,1310.1,3.10,0.07,3.10,40.73434,-111.87211,34.8,17.7,867.8,93.15,0.7
83040.0,1310.2,3.06,0.05,3.06,40.73434,-111.87211,34.8,18.4,867.8,89.80,0.6
83100.0,1310.3,2.63,0.06,2.63,40.73434,-111.87211,35.0,17.7,867.8,89.10,0.6
83160.0,1310.2,2.84,0.05,2.84,40.73434,-111.87211,34.9,18.4,867.8,72.07,0.7
83220.0,1310.0,2.57,0.06,2.57,40.73434,-111.87211,35.0,18.7,867.7,91.29,0.7
83280.0,1309.9,2.74,0.06,2.74,40.73434,-111.87211,35.1,18.7,867.7,101.79,0.8
83340.0,1309.7,2.72,0.05,2.72,40.73434,-111.87211,35.1,19.3,867.7,103.48,1.1
83400.0,1309.6,2.83,0.04,2.83,40.73434,-111.87211,35.2,18.4,867.7,93.44,0.8
83460.0,1309.4,2.54,0.05,2.54,40.73434,-111.87211,35.3,18.1,867.7,100.58,0.9
83520.0,1309.4,2.46,0.05,2.46,40.73434,-111.87211,35.2,18.3,867.7,81.56,0.9
83580.0,1309.3,2.35,0.05,2.35,40.73434,-111.87211,35.2,18.8,867.7,105.88,1.1
83640.0,1309.3,2.37,0.05,2.37,40.73434,-111.87211,34.9,18.9,867.7,62.53,0.9
83700.0,1309.3,1.95,0.05,1.95,40.73434,-111.87211,34.9,19.0,867.7,74.28,0.6
83760.0,1309.3,1.83,0.04,1.83,40.73434,-111.87211,35.0,19.0,867.7,80.66,0.5
83820.0,1309.3,1.70,0.05,1.70,40.73434,-111.87211,34.9,19.2,867.7,86.13,0.6
83880.0,1309.5,1.94,0.05,1.94,40.73434,-111.87211,35.2,18.7,867.7,95.48,0.3
83940.0,1309.7,2.27,0.05,2.27,40.73434,-111.87211,35.3,19.1,867.7,92.69,0.8
84000.0,1309.9,2.49,0.05,2.49,40.73434,-111.87211,35.5,18.0,867.7,115.15,0.8
84060.0,1310.3,2.80,0.05,2.80,40.73434,-111.87211,35.6,18.7,867.7,96.14,0.8
84120.0,1310.2,2.61,0.05,2.61,40.73434,-111.87211,35.6,19.0,867.7,106.63,1.1
84180.0,1310.0,2.56,0.05,2.56,40.73434,-111.87211,35.5,19.0,867.7,88.72,0.9
84240.0,1309.9,2.77,0.05,2.77,40.73434,-111.87211,35.4,18.0,867.7,105.56,1.0
84300.0,1309.6,2.97,0.05,2.97,40.73434,-111.87211,35.3,18.2,867.7,108.70,1.1
84360.0,1309.5,3.14,0.05,3.14,40.73434,-111.87211,35.2,18.3,867.7,98.51,0.8
84420.0,1309.6,3.17,0.05,3.17,40.73434,-111.87211,35.3,18.5,867.7,88.64,0.5
84480.0,1310.0,2.95,0.04,2.95,40.73434,-111.87211,35.4,18.0,867.7,107.75,0.5
84540.0,1310.0,3.25,0.04,3.25,40.73434,-111.87211,35.4,17.9,867.7,92.80,0.5
84600.0,1309.7,2.55,0.05,2.55,40.73434,-111.87211,35.5,18.0,867.7,98.01,0.8
84660.0,1309.6,2.51,0.05,2.51,40.73434,-111.87211,35.5,17.4,867.7,102.33,0.6
84720.0,1309.6,3.12,0.04,3.12,40.73434,-111.87211,35.4,18.2,867.6,101.20,0.8
84780.0,1309.7,3.02,0.05,3.02,40.73434,-111.87211,35.4,18.6,867.6,107.55,0.9
84840.0,1309.9,3.25,0.05,3.25,40.73434,-111.87211,35.4,18.8,867.6,107.44,0.9
84900.0,1309.9,3.35,0.04,3.35,40.73434,-111.87211,35.3,18.0,867.6,105.47,0.8
84960.0,1309.8,3.22,0.06,3.22,40.73434,-111.87211,35.3,17.5,867.6,113.79,1.2
85020.0,1309.6,3.29,0.05,3.29,40.73434,-111.87211,35.4,17.9,867.6,117.76,1.3
85080.0,1309.2,3.39,0.05,3.39,40.73434,-111.87211,35.5,18.6,867.6,120.33,1.3
85140.0,1309.2,3.06,0.05,3.06,40.73434,-111.87211,35.6,17.6,867.6,121.81,0.8
85200.0,1309.2,3.25,0.05,3.25,40.73434,-111.87211,35.4,18.7,867.6,101.78,1.0
85260.0,1309.0,3.08,0.04,3.08,40.73434,-111.87211,35.2,19.5,867.6,101.29,0.7
85320.0,1308.9,3.12,0.05,3.12,40.73434,-111.87211,35.1,19.3,867.6,100.00,0.8
85380.0,1309.2,2.99,0.05,2.99,40.73434,-111.87211,34.9,18.9,867.6,100.53,0.9
85440.0,1309.4,2.90,0.06,2.90,40.73434,-111.87211,35.0,19.4,867.6,105.60,0.9
85500.0,1309.6,3.39,0.05,3.39,40.73434,-111.87211,35.1,18.3,867.6,114.70,1.0
85560.0,1309.7,3.56,0.05,3.56,40.73434,-111.87211,35.2,17.4,867.6,131.58,1.0
85620.0,1309.9,3.51,0.05,3.51,40.73434,-111.87211,35.3,16.4,867.6,156.35,1.0
85680.0,1310.0,3.77,0.05,3.77,40.73434,-111.87211,35.6,16.4,867.5,141.75,1.0
85740.0,1310.0,3.74,0.05,3.74,40.73434,-111.87211,35.7,16.8,867.5,119.29,1.0
85800.0,1310.0,3.44,0.05,3.44,40.73434,-111.87211,35.8,17.1,867.5,115.48,1.2
85860.0,1309.8,3.14,0.05,3.14,40.73434,-111.87211,35.8,17.4,867.5,127.47,1.2
85920.0,1309.7,2.98,0.06,2.98,40.73434,-111.87211,35.9,18.0,867.5,116.16,1.1
85980.0,1309.5,2.87,0.05,2.87,40.73434,-111.87211,35.8,19.6,867.5,96.32,0.9
86040.0,1309.4,3.65,0.06,3.65,40.73434,-111.87211,35.7,18.7,867.5,106.07,1.0
86100.0,1309.3,3.35,0.05,3.35,40.73434,-111.87211,35.6,18.4,867.5,118.45,1.6
86160.0,1309.1,3.91,0.04,3.91,40.73433,-111.87211,35.5,18.8,867.4,107.82,1.0
86220.0,1308.9,4.17,0.04,4.17,40.73433,-111.87211,35.6,18.3,867.4,98.71,0.8
86280.0,1308.8,3.93,0.05,3.93,40.73433,-111.87211,35.5,18.8,867.4,107.41,1.1
86340.0,1308.9,4.08,0.05,4.08,40.73433,-111.87211,35.2,18.6,867.4,91.07,0.9
