CampaignData_and_Merges/R0/CSL_MobileLab_Parked/raw/20240727/USOS-jNO2_MobileLabGround_20240727_R0.ict
52,1001
Waxman, E.; Rollins, A.; Zuraski, K.; Chace, W.
NOAA Chemical Sciences Laboratory
jNO2 filter radiometer on CSL Mobile Lab
AMMBEC / USOS
1, 1
2024,07,27, 2025,04,01
60
Time_Start, seconds, number_of_seconds_since_0000_UTC
20
1, 1, 1, 1, 1, 1, 1, 1, 1, 1, 1, 1, 1, 1, 1, 1, 1, 1, 1, 1
-9999, -9999, -9999, -9999, -9999, -9999, -9999, -9999, -9999, -9999, -9999, -9999, -9999, -9999, -9999, -9999, -9999, -9999, -9999, -9999
Time_Stop, seconds, number_of_seconds_since_0000_UTC
jNO2_meas, per second, photolysis rate of NO2 measured using a filter radiometer.
jBrCl, per second, photolysis rate of BrCl -> Br + Cl calculated in TUV for cloud-free sky with local AOD
jBr2, per second, photolysis rate of Br2 -> Br + Br calculated in TUV for cloud-free sky with local AOD
jCCl4, per second, photolysis rate of CCl4 -> Products calcualted in TUV for cloud-free sky with local AOD
jCH2Oa, per second, photolysis rate of CH2O -> H + HCO calculated in TUV for cloud-free sky with local AOD
jCH2Ob, per second, photolysis rate of CH2O -> H2 + CO calculated in TUV for cloud-free sky with local AOD
jClNO2, per second, photolysis rate of ClNO2 -> Cl + NO2 calculated in TUV for cloud-free sky with local AOD
jClOa, per second, photolysis rate of ClO -> Cl + O(1D) calculated in TUV for cloud-free sky with local AOD
jClOb, per second, photolysis rate of ClO -> Cl + O(3P) calculated in TUV for cloud-free sky with local AOD
jCl2, per second, photolysis rate of Cl2 -> Cl + Cl calculated in TUV for cloud-free sky with local AOD
jHNO2, per second, photolysis rate of HNO2 -> OH + NO calculated in TUV for cloud-free sky with local AOD
jHNO3, per second, photolysis rate of HNO3 -> OH + NO2 calculated in TUV for cloud-free sky with local AOD
jI2, per second, photolysis rate of I2 -> I + I calculated in TUV for cloud-free sky with local AOD
jNO2, per second, photolysis rate of NO2 -> NO + O(3P) calculated in TUV for cloud-free sky with local AOD
jNO3a, per second, photolysis rate of NO3 -> NO + O2 calculated in TUV for cloud-free sky with local AOD
jNO3b, per second, photolysis rate of NO3 -> NO2 + O(3P) calculated in TUV for cloud-free sky with local AOD
jN2O5, per second, photolysis rate of N2O5 -> NO3 + NO + O(3P) calculated in TUV for cloud-free sky with local AOD
jO3, per second, photolysis rate of O3 -> O2 + O(1D) calculated in TUV for cloud-free sky with local AOD
AOD_500nm, unitless, UTC daily mean AOD at 500 nm from an AERONET station located at 40.178 N, -112.452 E
0
18
PI_CONTACT_INFO: eleanor.waxman@noaa.gov
PLATFORM: CSL Mobile Lab, at ground site
LOCATION: Salt Lake City, UT
ASSOCIATED_DATA:
INSTRUMENT_INFO: jNO2 filter radiometer.  TUV calculations are for mobile van lat/lon/altitude assuming clear sky (cloud AOD = 0) and daily mean AOD.
DATA_INFO:
UNCERTAINTY: Data uncertainties are +/- 20%.  These come from uncertainties in radiometer angular response, radiometer thermal response, local interferences from clouds/aerosols/shadows etc.
ULOD_FLAG: -7777
ULOD_VALUE: N/A
LLOD_FLAG: -8888
LLOD_VALUE: N/A
DM_CONTACT_INFO: eleanor.waxman@noaa.gov
PROJECT_INFO: USOS Project, July - August 2024
STIPULATIONS_ON_USE: Users are strongly encouraged to contact the PI for proper data usage.
OTHER_COMMENTS: 
REVISION: R0
R0: final data
Time_Start, Time_Stop, jNO2_meas, jBrCl, jBr2, jCCl4, jCH2Oa, jCH2Ob, jClNO2, jClOa, jClOb, jCl2, jHNO2, jHNO3, jI2, jNO2, jNO3a, jNO3b, jN2O5, jO3, AOD_500nm
[from data line 1121]
   67260,   67320,0.0082062,0.01034,0.03198,3.302e-22,2.945e-05,4.399e-05,0.0004361,1.647e-22,4.378e-05,0.002151,0.001404,5.337e-07,0.1169,0.008689,0.02304,0.1824,3.906e-05,2.882e-05,0.745
   67320,   67380,0.0081832,0.01035,0.032,3.39e-22,2.948e-05,4.403e-05,0.0004365,1.69e-22,4.386e-05,0.002152,0.001405,5.345e-07,0.1169,0.008695,0.02305,0.1825,3.91e-05,2.887e-05,0.745
   67380,   67440,0.0081047,0.01036,0.03201,3.474e-22,2.951e-05,4.407e-05,0.0004369,1.732e-22,4.394e-05,0.002154,0.001406,5.352e-07,0.117,0.008701,0.02306,0.1826,3.914e-05,2.893e-05,0.745
   67440,   67500,0.0080605,0.01036,0.03202,3.555e-22,2.954e-05,4.41e-05,0.0004372,1.773e-22,4.401e-05,0.002155,0.001407,5.359e-07,0.117,0.008706,0.02306,0.1826,3.917e-05,2.898e-05,0.745
   67500,   67560,0.0080919,0.01037,0.03204,3.644e-22,2.957e-05,4.414e-05,0.0004376,1.818e-22,4.409e-05,0.002157,0.001408,5.366e-07,0.1171,0.008712,0.02307,0.1827,3.921e-05,2.903e-05,0.745
   67560,   67620,0.0081279,0.01037,0.03205,3.731e-22,2.96e-05,4.417e-05,0.000438,1.861e-22,4.416e-05,0.002158,0.001409,5.374e-07,0.1171,0.008717,0.02308,0.1828,3.924e-05,2.908e-05,0.745
   67620,   67680,0.0081533,0.01038,0.03207,3.801e-22,2.963e-05,4.421e-05,0.0004383,1.898e-22,4.423e-05,0.00216,0.00141,5.38e-07,0.1171,0.008722,0.02308,0.1828,3.927e-05,2.913e-05,0.745
   67680,   67740,0.0082126,0.01038,0.03208,3.887e-22,2.966e-05,4.424e-05,0.0004386,1.941e-22,4.43e-05,0.002161,0.001411,5.387e-07,0.1172,0.008727,0.02309,0.1829,3.931e-05,2.918e-05,0.745
   67740,   67800,0.0082195,0.01039,0.03209,3.973e-22,2.969e-05,4.427e-05,0.000439,1.984e-22,4.437e-05,0.002163,0.001412,5.393e-07,0.1172,0.008732,0.0231,0.1829,3.934e-05,2.922e-05,0.745
   67800,   67860,0.0082001,0.01039,0.0321,4.053e-22,2.971e-05,4.431e-05,0.0004393,2.025e-22,4.443e-05,0.002164,0.001412,5.399e-07,0.1173,0.008737,0.0231,0.183,3.937e-05,2.927e-05,0.745
   67860,   67920,0.0082331,0.0104,0.03212,4.137e-22,2.974e-05,4.434e-05,0.0004396,2.067e-22,4.45e-05,0.002165,0.001413,5.406e-07,0.1173,0.008742,0.02311,0.183,3.94e-05,2.931e-05,0.745
   67920,   67980,0.0082119,0.0104,0.03213,4.221e-22,2.976e-05,4.437e-05,0.0004399,2.109e-22,4.457e-05,0.002167,0.001414,5.412e-07,0.1173,0.008746,0.02311,0.1831,3.943e-05,2.936e-05,0.745
   67980,   68040,0.0081802,0.01041,0.03214,4.299e-22,2.979e-05,4.44e-05,0.0004402,2.149e-22,4.463e-05,0.002168,0.001415,5.417e-07,0.1174,0.008751,0.02312,0.1831,3.946e-05,2.94e-05,0.745
   68040,   68100,0.0081951,0.01041,0.03215,4.382e-22,2.981e-05,4.443e-05,0.0004405,2.191e-22,4.469e-05,0.002169,0.001416,5.423e-07,0.1174,0.008755,0.02313,0.1832,3.949e-05,2.944e-05,0.745
   68100,   68160,0.0082502,0.01041,0.03216,4.465e-22,2.984e-05,4.446e-05,0.0004407,2.233e-22,4.475e-05,0.00217,0.001416,5.429e-07,0.1174,0.008759,0.02313,0.1832,3.952e-05,2.948e-05,0.745
   68160,   68220,0.0082735,0.01042,0.03217,4.544e-22,2.986e-05,4.448e-05,0.000441,2.273e-22,4.48e-05,0.002171,0.001417,5.434e-07,0.1175,0.008763,0.02314,0.1833,3.954e-05,2.952e-05,0.745
   68220,   68280,0.0083279,0.01042,0.03218,4.616e-22,2.988e-05,4.451e-05,0.0004413,2.308e-22,4.486e-05,0.002172,0.001418,5.439e-07,0.1175,0.008767,0.02314,0.1833,3.957e-05,2.956e-05,0.745
   68280,   68340,0.0084077,0.01043,0.03219,4.696e-22,2.99e-05,4.453e-05,0.0004415,2.349e-22,4.491e-05,0.002174,0.001418,5.444e-07,0.1175,0.008771,0.02315,0.1834,3.959e-05,2.959e-05,0.745
   68340,   68400,0.0084413,0.01043,0.0322,4.771e-22,2.992e-05,4.456e-05,0.0004418,2.386e-22,4.496e-05,0.002175,0.001419,5.449e-07,0.1176,0.008775,0.02315,0.1834,3.962e-05,2.963e-05,0.745
   68400,   68460,0.0084995,0.01043,0.03221,4.848e-22,2.994e-05,4.458e-05,0.000442,2.425e-22,4.502e-05,0.002176,0.00142,5.454e-07,0.1176,0.008778,0.02315,0.1834,3.964e-05,2.966e-05,0.745
   68460,   68520,0.0085586,0.01044,0.03222,4.923e-22,2.996e-05,4.461e-05,0.0004422,2.464e-22,4.507e-05,0.002177,0.00142,5.459e-07,0.1176,0.008782,0.02316,0.1835,3.967e-05,2.97e-05,0.745
   68520,   68580,0.0085969,0.01044,0.03223,4.993e-22,2.998e-05,4.463e-05,0.0004425,2.499e-22,4.511e-05,0.002178,0.001421,5.463e-07,0.1176,0.008785,0.02316,0.1835,3.969e-05,2.973e-05,0.745
   68580,   68640,0.0085869,0.01044,0.03224,5.065e-22,3e-05,4.465e-05,0.0004427,2.535e-22,4.516e-05,0.002178,0.001421,5.467e-07,0.1177,0.008789,0.02317,0.1836,3.971e-05,2.976e-05,0.745
   68640,   68700,0.0086025,0.01045,0.03225,5.136e-22,3.002e-05,4.467e-05,0.0004429,2.571e-22,4.52e-05,0.002179,0.001422,5.472e-07,0.1177,0.008792,0.02317,0.1836,3.973e-05,2.979e-05,0.745
   68700,   68760,0.0085907,0.01045,0.03226,5.2e-22,3.004e-05,4.469e-05,0.0004431,2.603e-22,4.524e-05,0.00218,0.001422,5.475e-07,0.1177,0.008795,0.02317,0.1836,3.975e-05,2.982e-05,0.745
   68760,   68820,0.0085488,0.01045,0.03226,5.267e-22,3.005e-05,4.471e-05,0.0004433,2.637e-22,4.529e-05,0.002181,0.001423,5.479e-07,0.1177,0.008798,0.02318,0.1837,3.977e-05,2.985e-05,0.745
   68820,   68880,0.0085344,0.01046,0.03227,5.333e-22,3.007e-05,4.473e-05,0.0004435,2.67e-22,4.533e-05,0.002182,0.001423,5.483e-07,0.1178,0.008801,0.02318,0.1837,3.979e-05,2.988e-05,0.745
   68880,   68940,0.0085413,0.01046,0.03228,5.392e-22,3.008e-05,4.475e-05,0.0004436,2.701e-22,4.536e-05,0.002183,0.001424,5.487e-07,0.1178,0.008803,0.02318,0.1837,3.98e-05,2.99e-05,0.745
   68940,   69000,0.0085452,0.01046,0.03228,5.454e-22,3.01e-05,4.477e-05,0.0004438,2.732e-22,4.54e-05,0.002183,0.001424,5.49e-07,0.1178,0.008806,0.02319,0.1838,3.982e-05,2.993e-05,0.745
   69000,   69060,0.0085379,0.01046,0.03229,5.513e-22,3.011e-05,4.478e-05,0.000444,2.762e-22,4.544e-05,0.002184,0.001425,5.493e-07,0.1178,0.008808,0.02319,0.1838,3.984e-05,2.995e-05,0.745
   69060,   69120,0.0085551,0.01046,0.0323,5.565e-22,3.012e-05,4.48e-05,0.0004441,2.788e-22,4.547e-05,0.002185,0.001425,5.496e-07,0.1178,0.00881,0.02319,0.1838,3.985e-05,2.997e-05,0.745
   69120,   69180,0.0085328,0.01047,0.0323,5.62e-22,3.014e-05,4.481e-05,0.0004443,2.816e-22,4.55e-05,0.002185,0.001425,5.499e-07,0.1178,0.008813,0.0232,0.1838,3.987e-05,2.999e-05,0.745
   69180,   69240,0.0084952,0.01047,0.03231,5.672e-22,3.015e-05,4.483e-05,0.0004444,2.842e-22,4.553e-05,0.002186,0.001426,5.502e-07,0.1179,0.008815,0.0232,0.1839,3.988e-05,3.001e-05,0.745
   69240,   69300,0.0085378,0.01047,0.03231,5.719e-22,3.016e-05,4.484e-05,0.0004445,2.866e-22,4.556e-05,0.002186,0.001426,5.505e-07,0.1179,0.008817,0.0232,0.1839,3.989e-05,3.003e-05,0.745
   69300,   69360,0.0084908,0.01047,0.03232,5.767e-22,3.017e-05,4.485e-05,0.0004447,2.89e-22,4.558e-05,0.002187,0.001426,5.507e-07,0.1179,0.008819,0.0232,0.1839,3.991e-05,3.005e-05,0.745
   69360,   69420,0.0085175,0.01047,0.03232,5.81e-22,3.018e-05,4.486e-05,0.0004448,2.912e-22,4.561e-05,0.002187,0.001427,5.51e-07,0.1179,0.00882,0.02321,0.1839,3.992e-05,3.007e-05,0.745
   69420,   69480,0.0085016,0.01048,0.03233,5.849e-22,3.019e-05,4.487e-05,0.0004449,2.932e-22,4.563e-05,0.002188,0.001427,5.512e-07,0.1179,0.008822,0.02321,0.1839,3.993e-05,3.008e-05,0.745
   69480,   69540,0.00844,0.01048,0.03233,5.889e-22,3.02e-05,4.488e-05,0.000445,2.951e-22,4.565e-05,0.002188,0.001427,5.514e-07,0.1179,0.008823,0.02321,0.1839,3.994e-05,3.01e-05,0.745
   69540,   69600,0.008382,0.01048,0.03233,5.925e-22,3.021e-05,4.489e-05,0.0004451,2.97e-22,4.567e-05,0.002189,0.001428,5.516e-07,0.1179,0.008825,0.02321,0.184,3.995e-05,3.011e-05,0.745
   69600,   69660,0.00835,0.01048,0.03234,5.957e-22,3.021e-05,4.49e-05,0.0004452,2.986e-22,4.569e-05,0.002189,0.001428,5.517e-07,0.118,0.008826,0.02321,0.184,3.996e-05,3.012e-05,0.745
   69660,   69720,0.008338,0.01048,0.03234,5.988e-22,3.022e-05,4.491e-05,0.0004452,3.001e-22,4.571e-05,0.002189,0.001428,5.519e-07,0.118,0.008827,0.02321,0.184,3.996e-05,3.014e-05,0.745
   69720,   69780,0.008334,0.01048,0.03234,6.014e-22,3.022e-05,4.492e-05,0.0004453,3.015e-22,4.572e-05,0.00219,0.001428,5.52e-07,0.118,0.008828,0.02322,0.184,3.997e-05,3.015e-05,0.745
   69780,   69840,0.0083903,0.01048,0.03235,6.038e-22,3.023e-05,4.492e-05,0.0004454,3.027e-22,4.573e-05,0.00219,0.001428,5.521e-07,0.118,0.008829,0.02322,0.184,3.998e-05,3.015e-05,0.745
   69840,   69900,0.0084032,0.01048,0.03235,6.059e-22,3.023e-05,4.493e-05,0.0004454,3.038e-22,4.575e-05,0.00219,0.001428,5.523e-07,0.118,0.00883,0.02322,0.184,3.998e-05,3.016e-05,0.745
   69900,   69960,0.0083958,0.01049,0.03235,6.078e-22,3.024e-05,4.493e-05,0.0004455,3.047e-22,4.576e-05,0.00219,0.001429,5.523e-07,0.118,0.008831,0.02322,0.184,3.999e-05,3.017e-05,0.745
   69960,   70020,0.0084072,0.01049,0.03235,6.094e-22,3.024e-05,4.494e-05,0.0004455,3.056e-22,4.577e-05,0.00219,0.001429,5.524e-07,0.118,0.008831,0.02322,0.184,3.999e-05,3.018e-05,0.745
   70020,   70080,0.0083107,0.01049,0.03235,6.107e-22,3.024e-05,4.494e-05,0.0004455,3.062e-22,4.577e-05,0.002191,0.001429,5.525e-07,0.118,0.008832,0.02322,0.184,3.999e-05,3.018e-05,0.745
   70080,   70140,0.0083333,0.01049,0.03235,6.115e-22,3.025e-05,4.494e-05,0.0004456,3.066e-22,4.578e-05,0.002191,0.001429,5.525e-07,0.118,0.008832,0.02322,0.184,4e-05,3.018e-05,0.745
   70140,   70200,0.0082515,0.01049,0.03235,6.121e-22,3.025e-05,4.494e-05,0.0004456,3.069e-22,4.578e-05,0.002191,0.001429,5.526e-07,0.118,0.008832,0.02322,0.184,4e-05,3.019e-05,0.745
   70200,   70260,0.0082273,0.01049,0.03235,6.124e-22,3.025e-05,4.494e-05,0.0004456,3.071e-22,4.578e-05,0.002191,0.001429,5.526e-07,0.118,0.008832,0.02322,0.184,4e-05,3.019e-05,0.745
   70260,   70320,0.0082154,0.01049,0.03235,6.124e-22,3.025e-05,4.494e-05,0.0004456,3.071e-22,4.578e-05,0.002191,0.001429,5.526e-07,0.118,0.008832,0.02322,0.184,4e-05,3.019e-05,0.745
   70320,   70380,0.0082584,0.01049,0.03235,6.121e-22,3.025e-05,4.494e-05,0.0004456,3.07e-22,4.578e-05,0.002191,0.001429,5.526e-07,0.118,0.008832,0.02322,0.184,4e-05,3.019e-05,0.745
   70380,   70440,0.0082327,0.01049,0.03235,6.114e-22,3.025e-05,4.494e-05,0.0004456,3.066e-22,4.578e-05,0.002191,0.001429,5.525e-07,0.118,0.008832,0.02322,0.184,4e-05,3.018e-05,0.745
   70440,   70500,0.008219,0.01049,0.03235,6.104e-22,3.024e-05,4.494e-05,0.0004455,3.061e-22,4.577e-05,0.002191,0.001429,5.525e-07,0.118,0.008832,0.02322,0.184,3.999e-05,3.018e-05,0.745
   70500,   70560,0.0082021,0.01049,0.03235,6.092e-22,3.024e-05,4.494e-05,0.0004455,3.054e-22,4.576e-05,0.00219,0.001429,5.524e-07,0.118,0.008831,0.02322,0.184,3.999e-05,3.018e-05,0.745
   70560,   70620,0.0081829,0.01049,0.03235,6.076e-22,3.024e-05,4.493e-05,0.0004455,3.046e-22,4.576e-05,0.00219,0.001429,5.523e-07,0.118,0.008831,0.02322,0.184,3.999e-05,3.017e-05,0.745
   70620,   70680,0.008181,0.01048,0.03235,6.058e-22,3.023e-05,4.493e-05,0.0004454,3.037e-22,4.575e-05,0.00219,0.001428,5.522e-07,0.118,0.00883,0.02322,0.184,3.998e-05,3.016e-05,0.745
   70680,   70740,0.0081916,0.01048,0.03235,6.037e-22,3.023e-05,4.492e-05,0.0004454,3.027e-22,4.573e-05,0.00219,0.001428,5.521e-07,0.118,0.008829,0.02322,0.184,3.998e-05,3.015e-05,0.745
   70740,   70800,0.0081946,0.01048,0.03234,6.012e-22,3.022e-05,4.492e-05,0.0004453,3.014e-22,4.572e-05,0.00219,0.001428,5.52e-07,0.118,0.008828,0.02321,0.184,3.997e-05,3.015e-05,0.745
   70800,   70860,0.0081913,0.01048,0.03234,5.984e-22,3.022e-05,4.491e-05,0.0004452,3e-22,4.571e-05,0.002189,0.001428,5.519e-07,0.118,0.008827,0.02321,0.184,3.996e-05,3.013e-05,0.745
   70860,   70920,0.0081866,0.01048,0.03234,5.955e-22,3.021e-05,4.49e-05,0.0004452,2.985e-22,4.569e-05,0.002189,0.001428,5.517e-07,0.118,0.008826,0.02321,0.184,3.996e-05,3.012e-05,0.745
   70920,   70980,0.0081266,0.01048,0.03233,5.922e-22,3.02e-05,4.489e-05,0.0004451,2.968e-22,4.567e-05,0.002189,0.001428,5.515e-07,0.1179,0.008825,0.02321,0.184,3.995e-05,3.011e-05,0.745
   70980,   71040,0.0081324,0.01048,0.03233,5.885e-22,3.02e-05,4.488e-05,0.000445,2.95e-22,4.565e-05,0.002188,0.001427,5.514e-07,0.1179,0.008823,0.02321,0.1839,3.994e-05,3.01e-05,0.745
   71040,   71100,0.0081126,0.01048,0.03233,5.849e-22,3.019e-05,4.487e-05,0.0004449,2.931e-22,4.563e-05,0.002188,0.001427,5.512e-07,0.1179,0.008822,0.02321,0.1839,3.993e-05,3.008e-05,0.745
   71100,   71160,0.0081004,0.01047,0.03232,5.806e-22,3.018e-05,4.486e-05,0.0004448,2.909e-22,4.561e-05,0.002187,0.001427,5.509e-07,0.1179,0.00882,0.02321,0.1839,3.992e-05,3.007e-05,0.745
   71160,   71220,0.0081211,0.01047,0.03232,5.761e-22,3.017e-05,4.485e-05,0.0004446,2.887e-22,4.558e-05,0.002187,0.001426,5.507e-07,0.1179,0.008818,0.0232,0.1839,3.991e-05,3.005e-05,0.745
   71220,   71280,0.008161,0.01047,0.03231,5.717e-22,3.016e-05,4.484e-05,0.0004445,2.865e-22,4.556e-05,0.002186,0.001426,5.505e-07,0.1179,0.008817,0.0232,0.1839,3.989e-05,3.003e-05,0.745
   71280,   71340,0.00819,0.01047,0.03231,5.667e-22,3.015e-05,4.483e-05,0.0004444,2.84e-22,4.553e-05,0.002186,0.001426,5.502e-07,0.1179,0.008815,0.0232,0.1839,3.988e-05,3.001e-05,0.745
   71340,   71400,0.0081945,0.01047,0.0323,5.615e-22,3.014e-05,4.481e-05,0.0004443,2.813e-22,4.55e-05,0.002185,0.001425,5.499e-07,0.1178,0.008813,0.0232,0.1838,3.987e-05,2.999e-05,0.745
   71400,   71460,0.0081953,0.01046,0.0323,5.563e-22,3.012e-05,4.48e-05,0.0004441,2.787e-22,4.547e-05,0.002185,0.001425,5.496e-07,0.1178,0.00881,0.02319,0.1838,3.985e-05,2.997e-05,0.745
   71460,   71520,0.0082116,0.01046,0.03229,5.506e-22,3.011e-05,4.478e-05,0.000444,2.758e-22,4.543e-05,0.002184,0.001425,5.493e-07,0.1178,0.008808,0.02319,0.1838,3.984e-05,2.995e-05,0.745
   71520,   71580,0.008115,0.01046,0.03228,5.447e-22,3.01e-05,4.476e-05,0.0004438,2.728e-22,4.54e-05,0.002183,0.001424,5.49e-07,0.1178,0.008805,0.02319,0.1837,3.982e-05,2.992e-05,0.745
   71580,   71640,0.0081643,0.01046,0.03228,5.39e-22,3.008e-05,4.475e-05,0.0004436,2.699e-22,4.536e-05,0.002183,0.001424,5.487e-07,0.1178,0.008803,0.02318,0.1837,3.98e-05,2.99e-05,0.745
   71640,   71700,0.0081097,0.01045,0.03227,5.326e-22,3.007e-05,4.473e-05,0.0004434,2.667e-22,4.532e-05,0.002182,0.001423,5.483e-07,0.1178,0.0088,0.02318,0.1837,3.979e-05,2.987e-05,0.745
   71700,   71760,0.0081539,0.01045,0.03226,5.261e-22,3.005e-05,4.471e-05,0.0004433,2.634e-22,4.528e-05,0.002181,0.001423,5.479e-07,0.1177,0.008797,0.02318,0.1837,3.977e-05,2.985e-05,0.745
   71760,   71820,0.0081045,0.01045,0.03226,5.197e-22,3.004e-05,4.469e-05,0.0004431,2.602e-22,4.524e-05,0.00218,0.001422,5.475e-07,0.1177,0.008795,0.02317,0.1836,3.975e-05,2.982e-05,0.745
   71820,   71880,0.0081458,0.01045,0.03225,5.128e-22,3.002e-05,4.467e-05,0.0004429,2.567e-22,4.52e-05,0.002179,0.001422,5.471e-07,0.1177,0.008792,0.02317,0.1836,3.973e-05,2.979e-05,0.745
   71880,   71940,0.0081945,0.01044,0.03224,5.058e-22,3e-05,4.465e-05,0.0004427,2.531e-22,4.515e-05,0.002178,0.001421,5.467e-07,0.1177,0.008788,0.02317,0.1836,3.971e-05,2.976e-05,0.745
   71940,   72000,0.0082925,0.01044,0.03223,4.99e-22,2.998e-05,4.463e-05,0.0004424,2.497e-22,4.511e-05,0.002177,0.001421,5.463e-07,0.1176,0.008785,0.02316,0.1835,3.969e-05,2.973e-05,0.745
   72000,   72060,0.0083206,0.01044,0.03222,4.916e-22,2.996e-05,4.46e-05,0.0004422,2.46e-22,4.506e-05,0.002177,0.00142,5.458e-07,0.1176,0.008782,0.02316,0.1835,3.966e-05,2.97e-05,0.745
   72060,   72120,0.008392,0.01043,0.03221,4.84e-22,2.994e-05,4.458e-05,0.000442,2.421e-22,4.501e-05,0.002176,0.00142,5.453e-07,0.1176,0.008778,0.02315,0.1834,3.964e-05,2.966e-05,0.745
   72120,   72180,0.0084552,0.01043,0.0322,4.766e-22,2.992e-05,4.456e-05,0.0004418,2.384e-22,4.496e-05,0.002175,0.001419,5.449e-07,0.1176,0.008775,0.02315,0.1834,3.962e-05,2.963e-05,0.745
   72180,   72240,0.0085069,0.01043,0.03219,4.688e-22,2.99e-05,4.453e-05,0.0004415,2.344e-22,4.491e-05,0.002173,0.001418,5.444e-07,0.1175,0.008771,0.02315,0.1834,3.959e-05,2.959e-05,0.745
   72240,   72300,0.0085524,0.01042,0.03218,4.608e-22,2.988e-05,4.451e-05,0.0004412,2.304e-22,4.485e-05,0.002172,0.001418,5.439e-07,0.1175,0.008767,0.02314,0.1833,3.957e-05,2.955e-05,0.745
   72300,   72360,0.0085569,0.01042,0.03217,4.541e-22,2.986e-05,4.448e-05,0.000441,2.272e-22,4.48e-05,0.002171,0.001417,5.434e-07,0.1175,0.008763,0.02314,0.1833,3.954e-05,2.952e-05,0.745
