CampaignData_and_Merges/R0/CSL_MobileLab_Parked/raw/20240727/USOS-NOAAIodideCIMS-HNO3_MobileLabGround_20240727_RA.ict
33, 1001
Michael A Robinson, Chris Jernigan, Subi Thakali
NOAA ESRL Chemical Sciences Laboratory and CIRES, U. of Colorado
NOAA Iodide CIMS Instrument
USOS
1, 1
2024, 07, 27, 2024, 07, 28
1
starttime_UTC, seconds_past_midnight, seconds_of_day_since_00:00:00_UTC
1
1
-9999
HNO3_NOAACIMS, pptv, Gas_HNO3_InSitu_S_AVMR, 
0
18
PI_CONTACT_INFO: 325 Broadway, R/CSD 7, Boulder, Colorado 80305; michael.a.robinson@noaa.gov; chris.jernigan@noaa.gov;
PLATFORM: NOAA CSL Mobile Lab
LOCATION: SLC, Utah
ASSOCIATED_DATA: 1Hz data also available on request.
INSTRUMENT_INFO: NOAA I- ToF CIMS
DATA_INFO: All data in parts per trillion by volume (pptv). 1 Hz data is available upon request.
UNCERTAINTY: TBD
ULOD_FLAG: -7777
ULOD_VALUE: N/A
LLOD_FLAG: -8888
LLOD_VALUE: N/A
DM_CONTACT_INFO: Nathan Howard; nathan.h.howard@noaa.gov
PROJECT_INFO: USOS, summer 2024. https://csl.noaa.gov/groups/csl7/measurements/2024usos/
STIPULATIONS_ON_USE: Users are strongly encouraged to contact the PI for proper data usage.
OTHER_COMMENTS: 
REVISION: RA
RA: Preliminary Data; For in-field use only
starttime_UTC, HNO3_NOAACIMS
[from data line 995]
 59700, 374.942
 59760, 384.051
 59820, -9999.000
 59880, 385.501
 59940, 391.318
 60000, 398.584
 60060, 406.851
 60120, 407.245
 60180, 404.197
 60240, 402.824
 60300, 400.199
 60360, 398.136
 60420, 392.574
 60480, 386.845
 60540, 377.507
 60600, 369.473
 60660, 370.906
 60720, 359.809
 60780, 361.089
 60840, 354.172
 60900, 352.975
 60960, 346.690
 61020, 343.164
 61080, 334.693
 61140, 330.457
 61200, 323.446
 61260, 316.953
 61320, 303.699
 61380, 301.332
 61440, 300.002
 61500, 290.491
 61560, 283.251
 61620, 277.950
 61680, -9999.000
 61740, 266.034
 61800, 267.691
 61860, 264.244
 61920, 266.973
 61980, 272.059
 62040, 278.347
 62100, 284.878
 62160, 289.312
 62220, 291.288
 62280, 300.874
 62340, 299.473
 62400, 303.213
 62460, 309.669
 62520, 311.803
 62580, 316.943
 62640, 321.009
 62700, 326.788
 62760, 329.647
 62820, 333.542
 62880, 333.726
 62940, 325.580
 63000, 321.336
 63060, 313.041
 63120, 305.957
 63180, 299.449
 63240, 294.646
 63300, 289.303
 63360, 286.135
 63420, 282.174
 63480, 278.349
 63540, 274.641
 63600, 268.802
 63660, 264.977
 63720, 268.191
 63780, 279.959
 63840, 270.058
 63900, 252.877
 63960, 239.518
 64020, 212.989
 64080, 193.061
 64140, 172.637
 64200, 174.113
 64260, 171.219
 64320, 167.869
 64380, 165.566
 64440, 157.600
 64500, 160.034
 64560, 165.351
 64620, 172.201
 64680, 188.396
 64740, 184.194
 64800, 177.985
 64860, 157.193
 64920, 135.851
 64980, 132.841
 65040, 124.453
 65100, 109.644
 65160, 102.059
 65220, 104.776
 65280, 99.239
 65340, -9999.000
 65400, 121.573
 65460, 110.242
 65520, 100.589
 65580, 96.791
 65640, 89.303
 65700, 85.106
 65760, 73.819
 65820, 64.030
 65880, 48.262
 65940, 47.003
 66000, 45.193
 66060, 40.679
 66120, 44.181
 66180, 53.075
 66240, 68.639
 66300, 90.821
 66360, 105.243
 66420, 116.369
 66480, 125.400
 66540, 128.118
 66600, 127.465
 66660, 123.732
 66720, 123.256
 66780, 119.135
 66840, 129.074
 66900, 134.795
 66960, 142.280
 67020, 150.244
 67080, 161.456
 67140, 171.689
 67200, 187.872
 67260, 184.827
 67320, 187.339
 67380, 187.664
 67440, 191.381
 67500, 201.921
 67560, 206.158
 67620, 215.919
 67680, 230.532
 67740, 236.317
 67800, 242.461
 67860, 248.629
 67920, 249.349
 67980, 250.823
 68040, 249.299
 68100, 251.836
 68160, 249.458
 68220, 255.456
 68280, 252.644
 68340, 260.341
 68400, 262.080
 68460, 256.669
 68520, 260.072
 68580, 264.101
 68640, 263.020
 68700, 258.469
 68760, 263.935
 68820, 266.656
 68880, 273.336
 68940, 275.472
 69000, 279.773
 69060, -9999.000
 69120, 270.495
 69180, 272.070
 69240, 271.100
 69300, 270.442
 69360, 278.049
 69420, 281.029
 69480, 281.365
 69540, 288.153
 69600, 288.939
 69660, 291.335
 69720, 293.432
 69780, 300.021
 69840, 304.322
 69900, 312.115
 69960, 313.328
 70020, 310.188
 70080, 308.804
 70140, 313.698
 70200, 322.178
 70260, 321.053
 70320, 322.633
 70380, 323.397
 70440, 325.363
 70500, 329.389
 70560, 324.223
 70620, 324.160
 70680, 329.028
 70740, 325.776
 70800, 325.768
 70860, 327.416
 70920, 320.563
 70980, 319.907
 71040, 317.573
 71100, 327.965
 71160, 338.910
 71220, 343.478
 71280, 353.249
 71340, 351.724
 71400, 356.794
 71460, 362.771
 71520, 351.838
 71580, 343.776
 71640, 346.876
 71700, 351.808
 71760, 348.557
 71820, 341.274
 71880, 337.361
 71940, 337.315
 72000, 337.719
 72060, 334.330
 72120, 325.756
 72180, 329.744
 72240, 341.991
 72300, 363.008
 72360, 384.277
 72420, 395.012
 72480, 389.312
 72540, 398.137
 72600, 396.816
 72660, 394.294
 72720, 395.399
 72780, 357.430
 72840, 370.629
 72900, 372.027
 72960, 370.858
 73020, 370.938
 73080, 358.861
 73140, 347.709
 73200, 333.541
 73260, 322.101
 73320, 323.955
 73380, 332.263
 73440, 358.117
 73500, 383.518
 73560, 399.929
 73620, 401.004
 73680, 399.305
 73740, 401.276
 73800, 396.152
 73860, 401.436
 73920, 410.715
 73980, 416.668
 74040, 415.440
 74100, 412.262
 74160, 412.538
 74220, 426.076
 74280, 424.865
 74340, 432.316
 74400, 443.244
 74460, 441.432
 74520, 437.250
 74580, 431.916
 74640, 392.782
 74700, 400.447
 74760, 420.987
 74820, 425.396
 74880, 431.134
 74940, 452.917
 75000, 477.037
 75060, 493.807
 75120, 503.915
 75180, 506.190
 75240, 501.160
 75300, 492.476
 75360, 468.402
 75420, 466.349
 75480, 467.060
 75540, 393.375
 75600, 387.878
 75660, 409.331
 75720, 441.363
 75780, 457.391
 75840, 465.370
 75900, 477.968
 75960, 489.433
 76020, 503.361
 76080, 499.027
 76140, 489.302
 76200, 489.600
 76260, 489.141
 76320, 477.280
 76380, 451.281
 76440, -9999.000
 76500, 365.137
 76560, 364.452
 76620, 351.996
 76680, 353.214
 76740, 329.348
 76800, 326.925
 76860, 341.706
 76920, 352.933
 76980, 375.406
 77040, 380.594
 77100, 379.880
 77160, 423.083
 77220, 464.373
 77280, 486.915
 77340, 510.866
 77400, 521.564
 77460, 531.744
 77520, 547.997
 77580, 549.300
 77640, 533.928
 77700, 535.140
 77760, 547.526
 77820, 570.685
 77880, 589.407
 77940, 585.291
 78000, 569.666
 78060, 569.561
 78120, 562.151
 78180, 546.780
 78240, 555.394
 78300, -9999.000
 78360, 459.599
 78420, 413.255
 78480, 367.565
 78540, 328.878
 78600, 309.283
 78660, 266.845
 78720, 278.236
 78780, 258.292
 78840, 257.494
 78900, 254.613
 78960, 255.440
 79020, 235.113
 79080, 218.290
 79140, 205.803
 79200, 195.048
 79260, 181.658
 79320, 152.607
 79380, 151.095
 79440, 146.278
 79500, 135.990
 79560, 128.239
 79620, 122.895
 79680, 125.093
 79740, 124.017
 79800, 120.304
 79860, 117.825
 79920, 123.386
 79980, 136.981
 80040, 136.306
 80100, 150.595
 80160, -9999.000
 80220, 165.126
 80280, 151.793
 80340, 152.169
 80400, 159.897
 80460, 183.195
 80520, 196.061
 80580, 200.987
 80640, 209.473
 80700, 212.673
 80760, 214.382
 80820, 222.315
 80880, 231.587
 80940, 239.343
 81000, 254.220
 81060, 279.617
 81120, 294.428
 81180, 305.253
 81240, 323.402
 81300, 369.133
 81360, 411.150
 81420, 435.068
 81480, 415.769
 81540, 412.807
 81600, 404.610
 81660, 410.881
 81720, 412.357
 81780, 430.546
 81840, 401.160
 81900, 417.110
 81960, 407.182
 82020, 377.745
 82080, 403.056
 82140, 423.028
 82200, 411.817
 82260, 423.800
 82320, 428.065
 82380, 393.219
 82440, 394.813
 82500, 432.614
 82560, 469.388
 82620, 481.029
 82680, 474.733
 82740, 516.479
 82800, 552.134
 82860, 560.598
 82920, 558.753
 82980, 582.049
 83040, 587.746
 83100, 516.525
 83160, 521.033
 83220, 550.458
 83280, 484.253
 83340, 457.018
 83400, 482.934
 83460, 497.484
 83520, 495.217
 83580, 504.351
 83640, 509.387
 83700, 518.978
 83760, 518.897
 83820, -9999.000
 83880, 444.128
 83940, 440.004
 84000, 424.953
 84060, 449.041
 84120, 441.163
 84180, 446.998
 84240, 503.191
 84300, 544.570
 84360, 549.475
 84420, 494.441
 84480, 449.598
 84540, 455.345
 84600, 484.420
 84660, 457.396
 84720, 490.110
 84780, 517.919
 84840, 538.987
 84900, 551.052
 84960, 553.146
 85020, 553.899
 85080, 557.298
 85140, 529.260
 85200, 539.402
 85260, 551.232
 85320, 551.331
 85380, 566.392
 85440, 575.136
 85500, 552.516
 85560, 554.792
 85620, 575.970
 85680, -9999.000
 85740, 578.792
 85800, 597.740
 85860, 614.718
 85920, 630.271
 85980, 592.201
 86040, 551.103
 86100, 537.291
 86160, 570.946
 86220, 560.233
 86280, 548.659
 86340, 574.025
