CampaignData_and_Merges/R0/CSL_MobileLab_Parked/raw/20240727/USOS-POPS_MobileLabGround_20240727_R0.ict
78, 1001
Thornberry, T. D.
NOAA Chemical Sciences Laboratory
Portable Optical Particle Spectrometer (POPS)
USOS
1, 1
2024, 07, 27, 2025, 05, 08
60
Time_Start, seconds_past_midnight, Start time of measurement
45
1, 1, 1, 1, 1, 1, 1, 1, 1, 1, 1, 1, 1, 1, 1, 1, 1, 1, 1, 1, 1, 1, 1, 1, 1, 1, 1, 1, 1, 1, 1, 1, 1, 1, 1, 1, 1, 1, 1, 1, 1, 1, 1, 1, 1
-9999, -9999, -9999, -9999, -9999, -9999, -9999, -9999, -9999, -9999, -9999, -9999, -9999, -9999, -9999, -9999, -9999, -9999, -9999, -9999, -9999, -9999, -9999, -9999, -9999, -9999, -9999, -9999, -9999, -9999, -9999, -9999, -9999, -9999, -9999, -9999, -9999, -9999, -9999, -9999, -9999, -9999, -9999, -9999, -9999
Time_Stop, seconds_past_midnight, Stop time of measurement
Time_Mid, seconds_past_midnight, Mid time of measurement
Press_mb, mb, Pressure reported (mb)
Temp_C, degrees C, POPS temperature measurement
Aerosol_concentration, cm^-3, Aerosol concentration
Surface_Area_Conc, um^2 cm^-3, Surface area concentration
Volume_density, um^3 cm^-3, Volume density
Effective_radius, um, Effective radius
Extinction, km^-1, Extinction
Bin01, cm^-3, particle concentration in size range [1401 - 146.3 nm]
Bin02, cm^-3, particle concentration in size range [146.3 - 152.8 nm]
Bin03, cm^-3, particle concentration in size range [152.8 - 159.6 nm]
Bin04, cm^-3, particle concentration in size range [159.6 - 166.8 nm]
Bin05, cm^-3, particle concentration in size range [166.8 - 174.2 nm]
Bin06, cm^-3, particle concentration in size range [174.2 - 181.9 nm]
Bin07, cm^-3, particle concentration in size range [181.9 - 190.0 nm]
Bin08, cm^-3, particle concentration in size range [190.0 - 198.5 nm]
Bin09, cm^-3, particle concentration in size range [198.5 - 207.4 nm]
Bin10, cm^-3, particle concentration in size range [207.4 - 216.6 nm]
Bin11, cm^-3, particle concentration in size range [216.6 - 226.2 nm]
Bin12, cm^-3, particle concentration in size range [226.2 - 236.3 nm]
Bin13, cm^-3, particle concentration in size range [236.3 - 246.8 nm]
Bin14, cm^-3, particle concentration in size range [246.8 - 257.8 nm]
Bin15, cm^-3, particle concentration in size range [257.8 - 269.3 nm]
Bin16, cm^-3, particle concentration in size range [269.3 - 343.4 nm]
Bin17, cm^-3, particle concentration in size range [343.4 - 450.7 nm]
Bin18, cm^-3, particle concentration in size range [450.7 - 525.9 nm]
Bin19, cm^-3, particle concentration in size range [525.9 - 618.5 nm]
Bin20, cm^-3, particle concentration in size range [618.5 - 710.0 nm]
Bin21, cm^-3, particle concentration in size range [710.0 - 822.7 nm]
Bin22, cm^-3, particle concentration in size range [822.7 - 885.9 nm]
Bin23, cm^-3, particle concentration in size range [885.9 - 953.9 nm]
Bin24, cm^-3, particle concentration in size range [953.9 - 1027.2 nm]
Bin25, cm^-3, particle concentration in size range [1027.2 - 1106.1 nm]
Bin26, cm^-3, particle concentration in size range [1106.1 - 1191.0 nm]
Bin27, cm^-3, particle concentration in size range [1191.0 - 1282.5 nm]
Bin28, cm^-3, particle concentration in size range [1282.5 - 1381.0 nm]
Bin29, cm^-3, particle concentration in size range [1381.0 - 1487.1 nm]
Bin30, cm^-3, particle concentration in size range [1487.1 - 1601.3 nm]
Bin31, cm^-3, particle concentration in size range [1601.3 - 1724.3 nm]
[...]
PLATFORM: NOAA CSL Mobile Lab
LOCATION: USOS
ASSOCIATED_DATA: N/A
INSTRUMENT_INFO: Printed Optical Particle Spectrometer counts particles from 140 - 2500 nm in diameter 
DATA_INFO: Particle concentrations reported in number per cubic centimeter,1 Hz data
UNCERTAINTY: Counting uncertainty dominated by air flow, less than 5 percent. Measurement range is ~0 - 3000 per cm3 (varies depending on flow rate- manufacturer quotes 1250 per cm3 at 1.667 cc/s)
ULOD_FLAG: -7777
ULOD_VALUE: N/A
LLOD_FLAG: -8888
LLOD_VALUE: N/A
DM_CONTACT_INFO: Troy Thornberry, 325 Broadway R/CSL6, Boulder, CO 80305; troy.thornberry@noaa.gov; 303-497-3373
PROJECT_INFO: USOS, Utah POPS data from NOAA CSL Mobile Lab
STIPULATIONS_ON_USE: Please contact the PIs for questions regarding applications and uncertainties
OTHER_COMMENTS: POPS bin Edges (nm):  140.1, 146.3, 152.8, 159.6, 166.8, 174.2, 181.9, 190.0, 198.5, 207.4, 216.6, 226.2, 236.3, 246.8, 257.8, 269.3, 343.4, 450.7, 525.9, 618.5, 710.0, 822.7, 885.9, 953.9, 1027.2, 1106.1, 1191.0, 1282.5, 1381.0, 1487.1, 1601.3, 1724.3, 1856.7, 1999.3, 2152.8, 2318.2, 2496.2
Calculations assume organic aerosol refractive index of 1.52+0.00j and extinction wavelength = 532 nm
REVISION: R0
R0: Final data
Time_Start, Time_Stop, Time_Mid, Press_mb, Temp_C, Aerosol_concentration, Surface_Area_Conc, Volume_density, Effective_radius, Extinction, Bin01, Bin02, Bin03, Bin04, Bin05, Bin06, Bin07, Bin08, Bin09, Bin10, Bin11, Bin12, Bin13, Bin14, Bin15, Bin16, Bin17, Bin18, Bin19, Bin20, Bin21, Bin22, Bin23, Bin24, Bin25, Bin26, Bin27, Bin28, Bin29, Bin30, Bin31, Bin32, Bin33, Bin34, Bin35, Bin36
[from data line 708]
42480,42539,42510,867.114,33.166,304.119,54.769,3.551,0.193,0.018,24.942934,23.180454,21.083893,19.629229,18.439213,16.672049,15.994210,14.222760,13.767917,12.549297,12.639412,13.084407,12.889657,13.343637,11.034247,42.584095,13.209695,3.211036,0.939875,0.085112,0.147277,0.039845,0.045198,0.028362,0.005594,0.039982,0.027719,0.022163,0.045815,0.027981,0.049960,0.050615,0.022685,0.005968,0.022755,0.033655
42540,42599,42570,867.068,32.898,308.914,55.370,3.540,0.187,0.018,25.514376,23.742130,21.625059,20.953329,19.282810,17.091949,15.669540,15.014070,13.411944,13.098031,13.158484,13.365010,12.972923,12.423568,10.948824,41.994022,13.756216,3.137326,0.936948,0.155738,0.116433,0.082356,0.051177,0.022475,0.055549,0.022378,0.050877,0.033769,0.021937,0.038637,0.027454,0.038294,0.033447,0.021621,0.011204,0.033963
42600,42659,42630,867.039,32.851,309.147,55.191,3.433,0.183,0.018,25.643131,23.734322,22.166288,20.084469,18.952690,17.455566,15.906345,14.733080,13.735424,13.118134,12.801732,12.935981,13.190590,12.822943,10.928528,42.783859,13.381738,3.102485,0.816664,0.167030,0.110773,0.066026,0.095485,0.060976,0.065481,0.033130,0.027515,0.027515,0.016604,0.016748,0.038708,0.022019,0.038831,0.016873,0.021786,0.027248
42660,42719,42690,867.028,32.940,309.818,55.952,3.550,0.187,0.018,25.376450,23.361753,22.031673,20.689295,19.100594,16.722944,15.511273,14.954988,13.421597,13.049837,12.827997,13.568702,13.290969,12.671493,11.285681,42.930229,14.037766,3.270294,0.909569,0.155991,0.089361,0.061299,0.056398,0.050221,0.022213,0.050571,0.061148,0.016893,0.022364,0.033063,0.061245,0.027802,0.039833,0.005537,0.022853,0.028271
42720,42779,42750,867.011,33.084,304.739,54.181,3.154,0.173,0.017,25.224197,23.562832,21.349062,19.638746,18.574499,17.066488,14.949022,14.428814,13.538993,13.407968,12.658227,13.119911,12.974282,12.371985,11.148563,42.116726,13.419105,3.546406,0.938242,0.149683,0.120384,0.056851,0.051622,0.034733,0.034098,0.034407,0.022327,0.045627,0.005709,0.034500,0.023521,0.011770,0.045478,0.006007,0.022472,0.005690
42780,42839,42810,867.024,33.074,307.675,55.767,3.708,0.197,0.018,25.533344,23.167116,22.099094,20.041744,19.123056,17.200172,15.186717,14.604285,13.766567,13.402079,12.775723,13.285085,12.869664,12.923674,10.962218,42.151752,13.483200,3.329979,0.915332,0.131928,0.095416,0.100493,0.067298,0.049643,0.067646,0.044119,0.027699,0.027968,0.022329,0.033122,0.027525,0.038587,0.033838,0.011246,0.021047,0.054679
42840,42899,42870,867.056,33.276,309.315,55.636,3.488,0.185,0.018,25.619116,23.542767,21.935423,20.679754,18.531685,17.775875,15.599605,14.921520,13.910401,13.168069,12.674784,12.634952,13.704146,12.759678,10.919438,42.287575,13.609982,3.102622,1.036855,0.168505,0.150181,0.083348,0.050182,0.050930,0.039485,0.044494,0.044830,0.039153,0.038598,0.061794,0.028164,0.016802,0.016241,0.011146,0.017466,0.039399
42900,42959,42930,867.074,33.155,310.972,55.612,3.522,0.187,0.018,26.585928,24.171404,21.327009,20.590759,19.092628,17.283089,16.139666,14.753487,13.786884,13.314384,12.713839,13.046390,12.970279,12.730586,10.765348,43.316181,13.442898,3.231950,0.848061,0.159759,0.132797,0.078238,0.076995,0.044924,0.038166,0.048656,0.033851,0.016809,0.054754,0.033359,0.021889,0.039097,0.011231,0.016133,0.022605,0.032295
42960,43019,42990,867.098,33.067,313.783,56.820,3.941,0.203,0.018,26.767143,24.426010,23.103329,20.613226,19.319328,17.522839,15.917270,14.844757,14.094051,13.311713,13.260639,13.079109,13.429292,12.499215,11.095034,41.888882,13.613574,3.075419,1.003898,0.106173,0.155330,0.100415,0.055275,0.044466,0.027414,0.038773,0.050570,0.033130,0.022804,0.038565,0.049530,0.055894,0.044714,0.028052,0.022330,0.044552
43020,43079,43050,867.137,33.229,314.809,55.947,3.341,0.177,0.018,26.574167,24.450756,21.821640,21.028706,19.287464,17.956760,16.150034,14.971259,13.867609,13.380458,12.744435,13.172027,13.398727,12.939284,10.654967,43.634087,13.584635,3.312901,1.062760,0.159874,0.156601,0.099851,0.044496,0.066797,0.027910,0.027368,0.005394,0.016584,0.038911,0.033603,0.044904,0.011214,0.016626,0.033471,0.016319,0.016550
43080,43139,43110,867.155,33.288,315.394,56.545,3.636,0.191,0.018,26.904819,24.671972,22.597729,21.129971,19.308201,17.108702,16.055546,15.175691,13.916142,13.508215,13.019077,13.573808,13.600553,12.620666,11.663771,41.887833,13.689964,3.094417,0.910695,0.168533,0.157218,0.056758,0.061607,0.078726,0.033556,0.033690,0.027867,0.055222,0.034215,0.039916,0.084217,0.033810,0.045659,0.005575,0.022517,0.016889
43140,43199,43170,867.160,33.196,312.140,56.382,3.712,0.193,0.018,26.167845,24.246674,22.425579,20.539053,19.383816,17.186838,15.972740,14.510942,13.989327,13.241405,12.485621,13.366827,13.136877,12.810462,11.475858,42.536804,13.492935,3.187360,1.109664,0.138277,0.165851,0.067521,0.070935,0.061861,0.016937,0.022837,0.027651,0.038474,0.022585,0.044947,0.039205,0.033598,0.022224,0.044376,0.017046,0.039236
43200,43259,43230,867.174,32.997,309.553,55.912,3.565,0.189,0.018,26.500641,23.882227,21.516403,20.363512,18.837982,16.904488,15.842747,14.790261,13.606717,12.995221,12.579942,13.131227,13.362351,13.163277,10.874689,42.402111,13.372481,3.532357,1.133299,0.067224,0.144357,0.094591,0.065890,0.028127,0.005593,0.055265,0.045086,0.033620,0.016371,0.011290,0.056092,0.011089,0.033263,0.027562,0.032752,0.033187
43260,43319,43290,867.156,32.778,307.792,54.927,3.429,0.185,0.018,25.675333,23.822540,22.408613,20.463058,18.646208,17.342533,15.404037,14.840178,13.464210,12.961938,12.640256,13.816145,13.197616,12.982259,10.672428,41.317841,12.933483,3.428940,0.898366,0.168990,0.106946,0.083694,0.056241,0.066811,0.038295,0.074355,0.033050,0.011274,0.051243,0.021984,0.050590,0.033975,0.022908,0.027581,0.017225,0.011205
43320,43379,43350,867.162,32.854,308.388,55.438,3.567,0.190,0.018,25.752386,24.046476,22.228285,20.263493,18.371691,17.357330,15.611230,14.900681,13.570000,13.128578,12.641741,13.676738,13.230441,12.539712,11.233196,41.610641,13.012328,3.394090,0.931419,0.166573,0.126276,0.082704,0.099740,0.067366,0.033468,0.000000,0.049042,0.027479,0.016473,0.027170,0.060013,0.021949,0.016475,0.016200,0.049058,0.027242
43380,43439,43410,867.169,32.961,306.046,54.895,3.561,0.190,0.018,25.645765,23.994421,22.008938,19.626148,18.578775,17.279678,15.674227,14.976930,13.533692,12.964505,12.322548,13.282054,13.220105,12.334330,10.712439,41.712669,13.249485,3.277833,0.893869,0.157153,0.096943,0.073349,0.062130,0.057017,0.027494,0.022897,0.028227,0.005557,0.027830,0.028398,0.028208,0.011338,0.017239,0.017554,0.023234,0.073224
43440,43499,43470,867.182,32.892,309.279,56.368,3.767,0.196,0.019,25.876385,24.079865,21.473507,20.452988,18.231819,17.643373,15.395691,14.847476,13.480412,12.834399,12.762339,13.311849,13.537999,12.911833,11.046768,42.304298,13.553954,3.571038,1.122639,0.174153,0.101465,0.067838,0.039819,0.061384,0.050372,0.016721,0.028406,0.028105,0.027951,0.028514,0.045607,0.039525,0.033922,0.028268,0.034572,0.033699
43500,43559,43530,867.206,32.810,304.240,54.860,3.402,0.182,0.018,26.174515,23.391378,21.478352,19.543539,18.098614,16.536119,15.390772,14.356869,13.299691,13.062361,12.223312,13.103955,13.198046,12.476136,11.158370,42.330654,13.263778,3.355977,0.865165,0.155147,0.150236,0.133211,0.072551,0.033060,0.040133,0.050950,0.038505,0.045256,0.027395,0.034332,0.045004,0.022031,0.039607,0.017105,0.005747,0.022148
43560,43619,43590,867.209,32.807,305.481,55.020,3.527,0.189,0.018,25.469839,23.252739,21.291901,20.347191,18.916546,16.936138,15.433989,14.658513,13.420796,13.018260,12.856783,12.956188,12.781343,12.671935,11.134381,41.386333,13.711859,3.380354,1.072834,0.127255,0.116521,0.093329,0.055758,0.059824,0.021534,0.011131,0.038150,0.016449,0.027469,0.049792,0.027092,0.049311,0.033899,0.016747,0.016896,0.022243
43620,43679,43650,867.225,32.842,304.759,54.874,3.505,0.187,0.018,25.414574,23.520729,21.056522,19.926277,18.467396,17.172701,15.672458,14.815603,13.073333,12.691762,12.888495,13.077925,13.508543,13.135337,11.368243,40.850361,13.084571,3.185042,0.968964,0.107071,0.151696,0.100236,0.090980,0.061175,0.062316,0.040003,0.016195,0.028187,0.039779,0.034010,0.033907,0.017185,0.011412,0.011591,0.022675,0.052155
43680,43739,43710,867.229,33.052,304.098,55.372,3.618,0.192,0.018,25.730923,24.206287,21.451269,19.383209,18.166519,17.065392,14.793576,14.380189,14.024776,12.930231,12.400444,13.244848,12.974481,12.593924,11.305428,40.671173,13.457026,3.435101,0.972394,0.099217,0.148535,0.055571,0.055158,0.055265,0.070941,0.055051,0.060637,0.038835,0.049933,0.050151,0.039286,0.022118,0.044185,0.011093,0.027238,0.027613
43740,43799,43770,867.235,33.092,304.285,53.822,3.158,0.173,0.017,25.518732,23.932545,20.623276,20.232401,18.992691,16.835476,15.126633,14.148504,13.699671,12.923959,12.645520,12.599546,13.440324,12.733005,10.850287,42.093636,12.887606,3.239949,1.022120,0.121145,0.144032,0.067350,0.060845,0.050186,0.022469,0.022216,0.022672,0.044716,0.039114,0.033119,0.044012,0.028418,0.011254,0.005394,0.016615,0.005828
43800,43859,43830,867.245,33.048,310.519,55.335,3.439,0.184,0.018,26.433662,23.915518,21.968285,20.698288,19.461889,17.490095,15.366961,14.759347,14.086985,13.345586,12.960034,13.159012,13.443369,12.435959,10.665200,42.082829,13.175509,3.227606,0.935004,0.143741,0.122345,0.106330,0.078541,0.050209,0.049855,0.077238,0.011198,0.044273,0.044998,0.034234,0.044608,0.033222,0.033028,0.000000,0.005727,0.028173
43860,43919,43890,867.258,33.042,307.690,56.011,3.738,0.197,0.018,26.075180,23.721888,21.204475,20.161337,19.146475,17.110241,15.306469,14.390694,13.591944,12.952822,12.310649,13.079146,13.034634,12.756173,10.943144,43.046017,13.662148,3.202610,1.082191,0.198566,0.138762,0.060435,0.066572,0.049625,0.037798,0.038675,0.050106,0.027445,0.022564,0.016343,0.038674,0.049082,0.027663,0.022855,0.032798,0.033623
43920,43979,43950,867.264,32.844,311.108,56.514,3.688,0.191,0.018,26.795048,23.750780,21.565138,20.734905,18.460714,17.497517,15.293944,14.916126,13.316335,13.422541,13.145331,13.234922,13.018075,12.968777,11.272997,42.474918,13.800056,3.564439,0.936684,0.200951,0.154433,0.064162,0.051314,0.063081,0.068908,0.052401,0.011973,0.040055,0.017509,0.028873,0.040134,0.023208,0.040550,0.011513,0.011952,0.058047
43980,44039,44010,867.299,32.885,305.939,55.118,3.489,0.187,0.018,25.600254,23.133644,21.867815,20.413610,18.742594,16.971510,15.528513,14.303992,13.492111,13.253764,12.481835,12.993517,12.744962,12.636757,10.726794,42.282505,13.619972,3.380492,0.959439,0.126179,0.131136,0.106220,0.072909,0.033849,0.026935,0.037179,0.032682,0.010828,0.016394,0.022238,0.067244,0.021583,0.033140,0.005556,0.021760,0.038956
44040,44099,44070,867.328,33.109,311.380,56.460,3.724,0.194,0.018,26.269501,24.061172,21.644604,20.324047,18.770117,17.722862,15.590600,14.703788,13.804859,13.161242,12.976805,13.375655,12.972377,12.740216,11.410929,42.942612,13.535396,3.415307,1.103840,0.166714,0.150751,0.055537,0.066728,0.028110,0.044667,0.044248,0.027437,0.027216,0.033152,0.027257,0.034022,0.032874,0.016858,0.010832,0.033036,0.054863
44100,44159,44130,867.331,32.947,312.862,56.163,3.735,0.195,0.018,26.886568,24.516443,22.232038,21.054132,18.812859,17.565151,16.004271,15.066445,13.378405,12.757072,13.143795,13.329775,12.940043,12.878847,11.398715,42.469791,13.251249,3.286855,1.056857,0.111800,0.138146,0.061169,0.071349,0.044841,0.022287,0.067501,0.032961,0.044534,0.022073,0.038656,0.027918,0.060126,0.000000,0.022737,0.021948,0.044231
44160,44219,44190,867.344,32.923,313.620,56.699,3.734,0.194,0.018,26.209932,25.124575,22.467556,20.447838,19.247852,16.815981,16.202133,15.143745,14.042669,12.731097,12.821396,13.874478,13.308302,13.041739,11.263910,41.763542,13.997183,3.335903,0.834056,0.149487,0.145101,0.049738,0.066070,0.088702,0.061094,0.032576,0.039221,0.033685,0.034002,0.067884,0.039352,0.033153,0.016677,0.033562,0.016749,0.038901
44220,44279,44250,867.342,32.846,316.485,57.401,3.750,0.194,0.019,26.212061,24.516750,21.678404,21.077526,18.908598,17.504107,16.068169,15.123632,13.833319,13.528951,13.193169,13.847371,13.193688,12.760293,11.762914,44.291649,13.603988,3.441599,1.113442,0.113958,0.113649,0.074238,0.062906,0.068519,0.051243,0.045638,0.017636,0.017050,0.028351,0.017033,0.068320,0.034331,0.022534,0.028310,0.022069,0.039844
44280,44339,44310,867.338,32.797,311.979,56.790,3.714,0.193,0.019,26.108036,23.894726,21.699926,20.538280,18.895292,16.998634,16.237064,15.164563,13.224970,13.314829,13.242649,13.250119,12.913719,12.886889,11.025220,43.314095,13.945616,3.399598,0.985765,0.176839,0.153572,0.082874,0.067191,0.055252,0.011169,0.044236,0.049996,0.016260,0.050431,0.043888,0.048680,0.033194,0.027246,0.027681,0.011063,0.039444
44340,44399,44370,867.358,32.927,310.268,55.882,3.547,0.187,0.018,25.392643,23.475773,21.902306,20.244762,18.364994,17.385786,16.067848,15.272600,14.395329,13.388301,12.293805,12.790314,13.148679,13.121497,11.449761,42.931110,13.733533,3.141851,0.960761,0.129097,0.135376,0.062656,0.045631,0.049766,0.022406,0.045024,0.028574,0.022567,0.044954,0.045742,0.067799,0.028021,0.022435,0.005650,0.005650,0.044890
44400,44459,44430,867.367,33.018,313.551,56.648,3.631,0.189,0.018,25.759609,23.530121,22.419729,20.863691,18.478655,16.693668,15.454387,15.482368,13.982395,13.553006,12.790457,13.748678,13.329690,13.435539,11.661539,43.267170,13.921812,3.331766,0.976092,0.192828,0.089220,0.093103,0.038011,0.051201,0.066438,0.055354,0.033953,0.016787,0.022807,0.022100,0.043268,0.050311,0.028204,0.022542,0.039032,0.005650
44460,44519,44490,867.353,33.040,309.260,56.028,3.623,0.191,0.018,26.449883,23.443142,21.321829,19.453606,18.649563,17.174540,15.977121,15.234860,13.713316,13.096918,12.544201,13.072111,13.174048,12.906331,11.190503,43.261143,13.296704,3.443063,0.988377,0.138760,0.132693,0.089194,0.054910,0.044905,0.055177,0.033145,0.033378,0.021832,0.021884,0.016452,0.088754,0.043588,0.033294,0.027281,0.022453,0.011057
44520,44579,44550,867.369,33.022,312.988,57.152,3.687,0.191,0.019,25.462879,24.050766,21.413267,20.585634,18.890814,16.813332,16.121616,15.149571,13.721046,13.464735,13.219846,13.337854,13.253126,13.278831,11.055406,43.751724,13.845233,3.508693,1.067996,0.178333,0.179733,0.116116,0.061594,0.038437,0.039367,0.032627,0.073014,0.022490,0.022208,0.049184,0.038885,0.038245,0.038445,0.033990,0.021568,0.011554
44580,44639,44610,867.355,32.947,313.155,56.498,3.484,0.183,0.018,25.378757,23.180555,21.769075,20.487541,19.024261,17.336792,16.264156,14.594991,14.241775,13.206960,13.218992,13.456517,13.929625,12.988235,11.233941,43.427898,13.997938,3.387738,1.172395,0.174846,0.157775,0.084964,0.049923,0.057066,0.039818,0.011185,0.034271,0.039163,0.022283,0.033964,0.056064,0.033652,0.017164,0.011535,0.000000,0.033520
44640,44699,44670,867.366,33.029,312.135,56.114,3.404,0.179,0.018,25.899958,23.388258,21.341908,20.597694,18.693796,16.896919,15.858017,14.481478,13.550158,13.420366,13.259241,13.534236,13.262310,13.275761,11.341623,44.537777,13.862724,3.262838,0.954104,0.168438,0.073867,0.033304,0.072906,0.044084,0.049804,0.016504,0.022228,0.028041,0.022610,0.016369,0.072548,0.000000,0.010996,0.016792,0.038423,0.028486
44700,44759,44730,867.391,33.229,315.364,56.907,3.584,0.186,0.018,26.229280,24.340149,21.943348,20.403780,18.542067,17.432646,15.773383,14.453972,13.665583,13.468556,12.933936,13.403028,13.831012,13.558235,12.102241,44.239765,13.821133,3.545930,0.924481,0.116846,0.100023,0.060904,0.072407,0.044516,0.033674,0.033890,0.027293,0.033733,0.022090,0.044492,0.033893,0.026878,0.016353,0.033644,0.016525,0.033877
