CampaignData_and_Merges/R0/CSL_MobileLab_Parked/raw/20240727/USOS-NOAAIodideCIMS-PANs_MobileLabGround_20240727_RA.ict
35, 1001
Michael A Robinson, Chris Jernigan, Subi Thakali
NOAA ESRL Chemical Sciences Laboratory and CIRES, U. of Colorado
NOAA Iodide CIMS Instrument
USOS
1, 1
2024, 07, 27, 2024, 07, 28
1
starttime_UTC, seconds_past_midnight, seconds_of_day_since_00:00:00_UTC
3
1, 1, 1
-9999, -9999, -9999
PAN_NOAACIMS, pptv, Gas_PAN_InSitu_S_AVMR, 
APAN_NOAACIMS, pptv, Gas_APAN_InSitu_S_AVMR, 
PPN_NOAACIMS, pptv, Gas_PPN_InSitu_S_AVMR, 
0
18
PI_CONTACT_INFO: 325 Broadway, R/CSD 7, Boulder, Colorado 80305; michael.a.robinson@noaa.gov; chris.jernigan@noaa.gov;
PLATFORM: NOAA CSL Mobile Lab
LOCATION: SLC, Utah
ASSOCIATED_DATA: 1Hz data also available on request.
INSTRUMENT_INFO: NOAA I- ToF CIMS
DATA_INFO: All data in parts per trillion by volume (pptv). 1 Hz data is available upon request.
UNCERTAINTY: TBD
ULOD_FLAG: -7777
ULOD_VALUE: N/A
LLOD_FLAG: -8888
LLOD_VALUE: N/A
DM_CONTACT_INFO: Nathan Howard; nathan.h.howard@noaa.gov
PROJECT_INFO: USOS, summer 2024. https://csl.noaa.gov/groups/csl7/measurements/2024usos/
STIPULATIONS_ON_USE: Users are strongly encouraged to contact the PI for proper data usage.
OTHER_COMMENTS: 
REVISION: RA
RA: Preliminary Data; For in-field use only
starttime_UTC, PAN_NOAACIMS, APAN_NOAACIMS, PPN_NOAACIMS
[from data line 816]
 48960, 379.008,  6.576, 31.757
 49020, 386.153,  5.031, 34.016
 49080, 395.561,  5.909, 34.930
 49140, 388.502,  4.880, 33.006
 49200, 379.438,  6.854, 31.780
 49260, 378.957,  6.509, 27.732
 49320, 379.784,  5.535, 31.562
 49380, 381.755,  5.179, 33.632
 49440, 385.833,  4.964, 32.071
 49500, 377.182,  5.096, 29.555
 49560, 381.342,  5.334, 31.345
 49620, 387.005,  4.957, 28.798
 49680, 355.140,  4.446, 28.740
 49740, 365.733,  5.159, 28.823
 49800, 384.260,  5.933, 35.667
 49860, 391.704,  5.721, 32.135
 49920, 379.702,  6.667, 32.708
 49980, 381.992,  5.296, 31.442
 50040, 381.127,  7.416, 31.599
 50100, 415.409,  6.181, 39.334
 50160, 413.448,  5.644, 38.169
 50220, 410.630,  4.599, 36.388
 50280, 400.750,  5.937, 35.971
 50340, 408.444,  6.738, 35.812
 50400, 406.885,  7.763, 39.296
 50460, 398.031,  5.067, 39.863
 50520, 396.314,  5.335, 35.813
 50580, -9999.000, -9999.000, -9999.000
 50640, 420.909,  5.809, 36.327
 50700, 424.191,  7.545, 42.306
 50760, 421.739,  5.085, 39.744
 50820, 412.569,  5.541, 36.070
 50880, 420.292,  4.465, 38.261
 50940, 425.645,  6.216, 42.650
 51000, 391.601,  7.728, 36.527
 51060, 392.634,  3.736, 42.622
 51120, 411.883,  5.824, 36.595
 51180, 406.193,  5.476, 42.254
 51240, 417.891,  5.237, 42.372
 51300, 423.927,  6.344, 43.145
 51360, 429.670,  6.821, 43.978
 51420, 417.060,  7.026, 41.105
 51480, 408.252,  6.710, 41.717
 51540, 406.690,  6.136, 42.334
 51600, 405.788,  8.064, 40.629
 51660, 422.625,  6.348, 42.947
 51720, 401.969,  6.370, 36.944
 51780, 398.039,  5.979, 44.382
 51840, 395.699,  7.359, 37.700
 51900, 373.777,  5.362, 37.443
 51960, 370.848,  7.072, 36.801
 52020, 375.253,  4.364, 40.111
 52080, 381.136,  5.148, 44.750
 52140, 386.372,  6.382, 38.650
 52200, 386.545,  5.306, 40.000
 52260, 395.392,  6.191, 42.370
 52320, 380.540,  5.625, 44.019
 52380, 390.801,  5.841, 40.462
 52440, 395.764, 12.630, 62.408
 52500, 392.151,  5.292, 47.098
 52560, 395.586,  6.222, 44.555
 52620, 398.613,  5.497, 44.348
 52680, 397.965,  4.419, 45.311
 52740, 400.049,  5.398, 46.379
 52800, 403.852,  6.480, 46.536
 52860, 403.785,  6.405, 44.689
 52920, 385.469,  7.645, 46.989
 52980, 397.868,  5.702, 47.646
 53040, 436.572,  6.399, 47.765
 53100, 449.552, 10.701, 51.173
 53160, 443.651,  8.149, 47.794
 53220, 427.725,  7.530, 49.064
 53280, 433.612,  6.923, 47.636
 53340, 429.940,  5.113, 45.811
 53400, 448.813,  4.777, 50.662
 53460, 456.805,  6.712, 51.840
 53520, 442.447,  5.694, 51.431
 53580, 448.550,  5.643, 48.917
 53640, 476.367,  7.220, 56.551
 53700, 459.173,  8.599, 53.482
 53760, 468.851,  6.751, 55.726
 53820, 474.858,  8.991, 54.563
 53880, 462.659,  7.409, 55.723
 53940, 456.089,  9.772, 52.267
 54000, 471.045,  6.830, 50.614
 54060, 465.664,  8.613, 53.028
 54120, 458.302,  7.245, 51.978
 54180, 488.399,  5.797, 58.756
 54240, 498.562,  9.482, 54.085
 54300, -9999.000, -9999.000, -9999.000
 54360, 526.623,  7.331, 61.981
 54420, 509.829,  9.702, 56.761
 54480, 510.546,  6.984, 57.068
 54540, 523.541,  7.964, 59.746
 54600, 528.206,  8.081, 57.739
 54660, 526.883,  7.734, 62.325
 54720, 547.872,  7.604, 59.311
 54780, 554.087,  8.591, 63.625
 54840, 545.839,  8.404, 62.691
 54900, 530.836,  8.058, 59.874
 54960, 522.839,  8.868, 62.115
 55020, 542.707,  6.730, 58.495
 55080, 576.780, 10.819, 60.104
 55140, 573.906,  9.186, 62.168
 55200, 571.200,  9.674, 65.990
 55260, 592.078,  9.507, 67.628
 55320, 567.721,  9.067, 63.932
 55380, 569.726,  8.201, 61.503
 55440, 561.709,  7.642, 63.723
 55500, 571.600,  7.868, 64.100
 55560, 608.165,  7.193, 62.550
 55620, 609.138,  9.254, 67.007
 55680, 591.317,  6.973, 62.555
 55740, 594.200,  7.377, 66.741
 55800, 592.072,  6.922, 68.905
 55860, 606.828,  7.384, 65.384
 55920, 600.287,  7.806, 68.606
 55980, 603.175,  8.976, 65.030
 56040, 608.531,  6.630, 70.208
 56100, 628.401,  9.690, 75.222
 56160, 616.452,  7.546, 66.860
 56220, 615.122,  6.648, 64.513
 56280, 578.199,  6.974, 64.231
 56340, 598.098,  7.494, 62.034
 56400, 585.942,  6.696, 63.314
 56460, 591.567,  6.701, 64.819
 56520, 585.241,  9.214, 67.639
 56580, 589.368,  8.368, 67.112
 56640, 608.719,  9.206, 71.056
 56700, 590.333,  7.776, 67.764
 56760, 591.015,  9.073, 68.440
 56820, 592.787,  8.822, 68.597
 56880, 608.081,  7.821, 67.199
 56940, 612.567,  7.949, 68.668
 57000, 592.535,  5.570, 68.568
 57060, 598.337,  7.000, 66.826
 57120, 629.611,  9.046, 69.290
 57180, 606.387,  8.512, 69.255
 57240, 602.068,  9.405, 66.899
 57300, 615.981,  8.566, 71.743
 57360, 631.799,  6.917, 71.019
 57420, 630.435,  8.087, 72.921
 57480, 619.766,  8.188, 73.002
 57540, 614.184,  8.149, 72.086
 57600, 613.181,  7.920, 71.105
 57660, 622.822,  8.958, 70.489
 57720, 619.853,  6.884, 71.336
 57780, 614.505,  6.142, 73.307
 57840, 623.562,  6.915, 73.908
 57900, 606.389,  9.497, 65.064
 57960, -9999.000, -9999.000, -9999.000
 58020, 582.811,  6.924, 55.765
 58080, 542.517,  7.004, 53.839
 58140, 553.886,  9.998, 48.725
 58200, 544.461,  7.465, 50.610
 58260, 563.134,  8.139, 49.151
 58320, 582.286,  9.606, 46.825
 58380, 581.427,  9.756, 48.208
 58440, 591.850,  7.608, 52.360
 58500, 579.936,  8.473, 50.472
 58560, 566.578,  7.760, 50.515
 58620, 578.288,  7.879, 51.677
 58680, 590.069,  8.654, 49.731
 58740, 586.612,  8.474, 49.221
 58800, 588.475,  7.476, 53.929
 58860, 597.831,  6.715, 50.923
 58920, 608.391,  7.088, 53.588
 58980, 605.220,  9.190, 55.092
 59040, 594.559,  5.866, 52.542
 59100, 601.275,  8.003, 55.820
 59160, 606.805,  6.478, 53.712
 59220, 617.215,  7.301, 56.077
 59280, 595.802,  7.860, 55.871
 59340, 606.839,  7.214, 57.809
 59400, 607.754,  8.686, 56.167
 59460, 620.021,  7.771, 55.248
 59520, 624.795,  8.010, 55.583
 59580, 634.087,  8.015, 59.916
 59640, 607.686,  7.138, 57.565
 59700, 638.820,  5.731, 60.800
 59760, 651.200,  7.574, 60.600
 59820, -9999.000, -9999.000, -9999.000
 59880, 673.169,  6.372, 58.986
 59940, 670.528,  8.200, 62.391
 60000, 675.997,  9.044, 59.858
 60060, 670.764,  8.144, 65.211
 60120, 673.701,  8.816, 62.801
 60180, 696.102,  9.284, 65.416
 60240, 702.332,  5.877, 67.536
 60300, 688.774,  9.978, 62.886
 60360, 698.352,  5.493, 62.938
 60420, 704.821,  7.316, 64.717
 60480, 688.360,  8.835, 61.895
 60540, 685.915,  6.774, 61.340
 60600, 710.313,  6.863, 62.377
 60660, 713.692,  8.220, 64.804
 60720, 732.151,  8.800, 67.996
 60780, 771.563,  9.477, 69.287
 60840, 753.781,  9.402, 70.839
 60900, 759.531,  8.754, 66.047
 60960, 767.195,  7.731, 67.132
 61020, 766.375,  9.518, 70.347
 61080, 737.917,  8.610, 63.179
 61140, 746.986,  9.550, 66.558
 61200, 764.795,  7.096, 69.321
 61260, 763.181,  8.735, 71.843
 61320, 789.351,  9.376, 72.727
 61380, 763.431,  7.369, 70.340
 61440, 795.881,  8.162, 71.608
 61500, 782.642,  5.846, 67.640
 61560, 779.271, 11.312, 68.111
 61620, 773.646,  8.729, 73.139
 61680, -9999.000, -9999.000, -9999.000
 61740, 800.486, 11.194, 69.633
 61800, 801.749, 10.183, 77.056
 61860, 808.665,  9.302, 74.330
 61920, 812.733,  8.604, 73.690
 61980, 794.687, 10.431, 70.848
 62040, 814.909, 10.425, 69.465
 62100, 798.547,  8.599, 71.542
 62160, 807.652,  7.963, 76.656
 62220, 807.647, 10.222, 73.475
 62280, 792.872,  8.449, 68.632
 62340, 791.446, 10.126, 71.653
 62400, 786.496,  9.982, 72.867
 62460, 781.751,  9.045, 71.808
 62520, 785.257,  9.431, 69.977
 62580, 797.421,  8.682, 70.172
 62640, 800.022,  8.327, 70.745
 62700, 792.377, 11.430, 69.107
 62760, 788.022, 12.892, 68.410
 62820, 781.382,  8.912, 64.868
 62880, 768.969, 10.361, 67.550
 62940, 768.833,  8.125, 69.926
 63000, 752.757,  8.530, 66.365
 63060, 749.844,  6.165, 67.550
 63120, 738.145,  7.590, 64.017
 63180, 735.122,  6.845, 62.861
 63240, 730.562,  6.909, 60.251
 63300, 735.419,  8.317, 63.741
 63360, 733.234,  6.633, 64.673
 63420, 708.049,  8.707, 58.571
 63480, 708.759,  8.251, 63.888
 63540, 682.340,  8.888, 59.600
 63600, 673.089,  6.231, 58.705
 63660, 684.931,  8.046, 55.495
 63720, 658.546,  7.121, 55.497
 63780, 678.514,  7.332, 57.092
 63840, 668.233,  8.478, 61.466
 63900, 664.880,  7.685, 54.054
 63960, 659.176,  7.758, 59.818
 64020, 678.979,  8.682, 61.547
 64080, 680.368,  6.571, 58.895
 64140, 712.905,  6.820, 63.511
 64200, 721.182,  6.595, 66.910
 64260, 769.417,  5.917, 72.856
 64320, 801.211,  8.517, 78.965
 64380, 824.781,  7.551, 79.787
 64440, 810.540,  9.464, 84.340
 64500, 846.600,  9.802, 88.597
 64560, 834.972,  9.191, 90.033
 64620, 860.579,  9.526, 91.288
 64680, 863.988,  8.370, 93.449
 64740, 866.421,  8.987, 97.010
 64800, 827.743,  8.832, 88.909
 64860, 700.645,  9.284, 70.895
 64920, 609.834,  8.888, 57.351
 64980, 613.817,  9.453, 58.494
 65040, 616.555,  6.957, 55.643
 65100, 606.771, 12.462, 56.992
 65160, 593.256, 13.133, 53.589
 65220, 583.815,  9.311, 53.891
 65280, 591.545,  8.447, 56.880
 65340, -9999.000, -9999.000, -9999.000
 65400, 610.467,  4.750, 52.337
 65460, 583.604, 10.794, 56.234
 65520, 573.971, 11.485, 54.834
 65580, 592.090, 12.628, 55.955
 65640, 587.750,  8.130, 56.767
 65700, 594.237, 12.525, 53.071
 65760, 599.708,  8.513, 59.081
 65820, 604.064, 10.187, 58.322
 65880, 599.626, 13.811, 58.187
 65940, 619.795, 11.867, 60.751
 66000, 622.565, 14.201, 59.887
 66060, 641.598, 16.038, 60.838
 66120, 629.362, 16.312, 60.490
 66180, 637.014, 18.298, 62.329
 66240, 660.795, 16.176, 62.461
 66300, 666.720, 16.977, 64.216
 66360, 660.917, 17.945, 64.369
 66420, 648.866, 15.615, 62.584
 66480, 657.993, 14.735, 63.794
 66540, 648.710, 17.264, 60.241
 66600, 646.128, 13.974, 59.755
 66660, 641.833, 10.360, 62.178
 66720, 629.720, 10.366, 60.556
 66780, 631.118, 11.454, 54.066
 66840, 632.584, 10.712, 56.116
 66900, 626.057,  7.667, 57.887
 66960, 637.250,  8.493, 54.261
 67020, 652.168, 10.475, 55.991
 67080, 644.917, 11.107, 56.534
 67140, 670.774, 12.230, 60.433
 67200, 672.622, 13.466, 48.065
 67260, 666.216, 12.399, 60.650
 67320, 655.228, 11.505, 59.967
 67380, 651.298, 13.024, 57.160
 67440, 646.194, 11.341, 60.129
 67500, 665.717,  9.114, 59.126
 67560, 653.441, 10.130, 53.920
 67620, 653.435, 11.287, 59.979
 67680, 650.926,  9.971, 56.836
 67740, 657.137, 11.319, 58.916
 67800, 659.267,  7.624, 57.554
 67860, 663.544,  9.535, 54.055
 67920, 646.103,  9.099, 56.107
 67980, 648.404, 11.056, 59.156
 68040, 643.056, 11.611, 58.658
 68100, 638.842,  9.645, 57.707
 68160, 646.063,  9.167, 58.822
 68220, 644.679,  8.682, 57.493
 68280, 640.450,  7.998, 54.919
 68340, 643.220,  8.769, 56.034
 68400, 639.594,  8.860, 56.366
 68460, 646.324, 10.034, 56.429
 68520, 641.964,  8.446, 54.152
 68580, 638.311,  9.123, 55.641
 68640, 658.861,  8.426, 57.115
 68700, 631.811, 10.015, 55.338
 68760, 649.002,  7.556, 56.602
 68820, 653.624,  9.291, 57.481
 68880, 647.991,  8.208, 58.528
 68940, 646.377,  9.763, 54.727
 69000, 665.931, 13.302, 57.547
 69060, -9999.000, -9999.000, -9999.000
 69120, 633.520,  9.434, 54.999
 69180, 637.041,  8.695, 54.332
 69240, 633.964, 10.260, 54.005
 69300, 657.097,  9.320, 56.730
 69360, 641.351,  8.557, 55.112
 69420, 636.464, 10.361, 52.951
 69480, 649.869,  9.033, 55.157
 69540, 641.808, 10.524, 53.420
 69600, 635.503, 11.063, 54.068
 69660, 629.213,  8.393, 54.924
 69720, 604.182,  9.860, 52.613
 69780, 613.450,  8.455, 52.406
 69840, 608.354, 10.602, 52.241
 69900, 623.717, 10.274, 53.888
 69960, 601.959, 10.150, 53.479
 70020, 557.587,  8.482, 44.313
 70080, 575.815, 10.619, 44.410
 70140, 594.640,  7.246, 50.189
 70200, 596.952,  8.095, 50.626
 70260, 591.394,  9.464, 48.335
 70320, 595.321,  8.566, 49.758
 70380, 614.111,  9.271, 51.271
 70440, 614.380,  9.740, 48.509
 70500, 603.879,  7.585, 48.224
 70560, 584.785,  8.620, 47.142
 70620, 579.042,  5.817, 43.826
 70680, 585.990,  9.137, 49.440
 70740, 599.472,  9.112, 51.247
 70800, 642.356,  8.413, 52.436
 70860, 605.892,  7.603, 50.437
 70920, 591.153, 15.460, 48.096
 70980, 591.517,  8.493, 47.907
 71040, 605.299,  8.759, 47.597
 71100, 604.690,  8.819, 49.660
 71160, 598.886,  8.164, 47.203
 71220, 606.381,  8.089, 46.724
 71280, 607.434,  7.824, 49.230
 71340, 610.542,  7.125, 47.947
 71400, 602.191,  7.614, 47.801
 71460, 584.483,  8.021, 43.393
 71520, 593.078,  9.158, 47.466
 71580, 612.640,  8.104, 44.036
 71640, 593.711,  7.319, 48.261
 71700, 601.161,  7.534, 49.355
 71760, 591.585,  7.144, 49.423
 71820, 589.663,  6.011, 45.382
 71880, 599.026,  6.797, 46.386
 71940, 608.255,  6.064, 46.404
 72000, 597.535,  5.666, 50.800
 72060, 580.725,  5.634, 46.049
 72120, 579.638,  7.454, 47.773
 72180, 585.323,  5.793, 47.497
 72240, 585.958,  8.932, 47.625
 72300, 590.420,  6.738, 46.308
 72360, 605.202,  8.026, 47.767
 72420, 608.539,  6.886, 47.039
 72480, 620.278,  6.715, 50.270
 72540, 629.762,  8.059, 51.762
 72600, 634.061,  7.185, 46.116
 72660, 628.739,  6.880, 49.356
 72720, 634.670,  4.148, 46.187
 72780, 643.673, 10.699, 42.937
 72840, 648.040,  6.113, 49.206
 72900, 629.083,  7.903, 53.110
 72960, 660.947,  6.228, 55.112
 73020, 691.008,  8.069, 55.411
 73080, 715.762,  6.649, 55.792
 73140, 724.309,  7.994, 61.998
 73200, 700.676,  6.906, 53.080
 73260, 647.432,  8.273, 53.985
 73320, 680.041,  8.862, 50.579
 73380, 712.360,  7.489, 57.670
 73440, 717.944,  4.569, 58.376
 73500, 685.207, 10.071, 52.464
 73560, 705.419,  8.870, 57.396
 73620, 678.747,  7.371, 51.313
 73680, 696.190,  7.600, 55.492
 73740, 737.214,  8.083, 62.888
 73800, 846.723,  7.686, 72.700
 73860, 821.665,  9.707, 74.359
 73920, 837.132,  8.621, 71.129
 73980, 820.970,  8.823, 68.791
 74040, 781.864,  8.098, 67.355
 74100, 711.792,  7.496, 57.106
 74160, 715.973,  9.688, 61.021
 74220, 734.441,  7.911, 60.145
 74280, 693.129,  7.431, 55.997
 74340, 697.746,  8.117, 60.628
 74400, 760.398,  7.428, 65.578
 74460, 803.099, 10.010, 72.269
 74520, 772.529,  6.434, 69.212
 74580, 777.505, 12.529, 77.633
 74640, 805.755, 10.610, 74.087
 74700, 802.052,  7.335, 73.977
 74760, 762.771,  7.282, 66.547
 74820, 744.310,  7.581, 67.781
 74880, 748.518,  7.249, 60.725
 74940, 747.346,  7.040, 64.138
 75000, 720.599,  8.527, 58.674
 75060, 719.071,  7.625, 66.937
 75120, 735.708,  8.436, 66.570
 75180, 761.909,  9.723, 66.250
 75240, 735.557,  6.176, 67.378
 75300, 734.681,  5.974, 64.465
 75360, 807.001,  8.469, 72.615
 75420, 806.778,  8.017, 71.229
 75480, 764.102,  9.421, 65.832
 75540, 769.100,  7.440, 64.940
 75600, 805.114,  8.761, 72.403
 75660, 804.755,  8.059, 67.451
 75720, 770.987,  6.976, 66.933
 75780, 753.434,  8.581, 70.401
 75840, 752.927,  6.240, 66.911
 75900, 778.704,  7.961, 70.993
 75960, 771.415,  6.710, 65.607
 76020, 740.787,  7.349, 65.053
 76080, 749.298,  5.982, 58.970
 76140, 765.820,  9.852, 66.935
 76200, 730.434,  6.901, 61.731
 76260, 742.706,  7.949, 62.727
 76320, 714.840,  6.983, 63.520
 76380, 726.662,  7.808, 58.841
 76440, -9999.000, -9999.000, -9999.000
 76500, 706.185,  9.797, 64.185
 76560, 724.377,  7.867, 56.539
 76620, 736.308,  6.248, 57.677
 76680, 734.260,  9.884, 64.154
 76740, 744.468,  6.950, 60.112
 76800, 728.769,  7.732, 60.797
 76860, 725.510,  7.411, 61.181
 76920, 726.352,  6.179, 69.141
 76980, 730.298,  4.951, 60.997
 77040, 711.752,  6.495, 56.524
 77100, 692.466,  7.630, 66.744
 77160, 710.797,  6.618, 68.332
 77220, 735.689,  8.341, 61.720
 77280, 699.238,  5.334, 55.680
 77340, 687.255,  6.234, 58.983
 77400, 697.768,  6.707, 63.609
 77460, 711.523,  7.128, 67.582
 77520, 714.015,  7.292, 57.358
 77580, 703.949,  7.283, 62.936
 77640, 670.434,  7.449, 59.203
 77700, 699.059,  6.825, 61.765
 77760, 710.833,  5.956, 61.374
 77820, 710.301,  6.432, 63.589
 77880, 691.972,  7.750, 64.969
 77940, 688.100,  6.482, 62.883
 78000, 710.434,  7.491, 59.193
 78060, 713.341,  6.429, 59.870
 78120, 708.700,  6.368, 60.576
 78180, 696.035,  8.188, 59.249
 78240, 677.563,  5.287, 59.425
 78300, -9999.000, -9999.000, -9999.000
 78360, 695.244,  8.366, 59.635
 78420, 665.345,  8.416, 56.193
 78480, 567.837,  5.533, 46.578
 78540, 546.947,  6.972, 44.472
 78600, 558.492,  8.106, 48.653
 78660, 567.079,  6.253, 47.030
 78720, 564.802,  9.611, 50.209
