CampaignData_and_Merges/R0/CSL_MobileLab_Parked/raw/20240727/USOS-NOAAIodideCIMS-Halogens_MobileLabGround_20240727_RA.ict
38, 1001
Michael A Robinson, Chris Jernigan, Subi Thakali
NOAA ESRL Chemical Sciences Laboratory and CIRES, U. of Colorado
NOAA Iodide CIMS Instrument
USOS
1, 1
2024, 07, 27, 2024, 07, 28
1
starttime_UTC, seconds_past_midnight, seconds_of_day_since_00:00:00_UTC
6
1, 1, 1, 1, 1, 1
-9999, -9999, -9999, -9999, -9999, -9999
Br2_NOAACIMS, pptv, Gas_Br2_InSitu_S_AVMR, 
BrO_NOAACIMS, pptv, Gas_BrO_InSitu_S_AVMR, 
Cl2_NOAACIMS, pptv, Gas_Cl2_InSitu_S_AVMR, 
ClNO2_NOAACIMS, pptv, Gas_ClNO2_InSitu_S_AVMR, 
BrCl_NOAACIMS, pptv, Gas_BrCl_InSitu_S_AVMR, 
NCl3_NOAACIMS, pptv, Gas_NCl3_InSitu_S_AVMR, 
0
18
PI_CONTACT_INFO: 325 Broadway, R/CSD 7, Boulder, Colorado 80305; michael.a.robinson@noaa.gov; chris.jernigan@noaa.gov;
PLATFORM: NOAA CSL Mobile Lab
LOCATION: SLC, Utah
ASSOCIATED_DATA: 1Hz data also available on request.
INSTRUMENT_INFO: NOAA I- ToF CIMS
DATA_INFO: All data in parts per trillion by volume (pptv). 1 Hz data is available upon request.
UNCERTAINTY: TBD
ULOD_FLAG: -7777
ULOD_VALUE: N/A
LLOD_FLAG: -8888
LLOD_VALUE: N/A
DM_CONTACT_INFO: Nathan Howard; nathan.h.howard@noaa.gov
PROJECT_INFO: USOS, summer 2024. https://csl.noaa.gov/groups/csl7/measurements/2024usos/
STIPULATIONS_ON_USE: Users are strongly encouraged to contact the PI for proper data usage.
OTHER_COMMENTS: 
REVISION: RA
RA: Preliminary Data; For in-field use only
starttime_UTC, Br2_NOAACIMS, BrO_NOAACIMS, Cl2_NOAACIMS, ClNO2_NOAACIMS, BrCl_NOAACIMS, NCl3_NOAACIMS
[from data line 288]
 17280,  0.920,  0.273,  1.244,  0.207,  0.117,  7.650
 17340, -9999.000, -9999.000, -9999.000, -9999.000, -9999.000, -9999.000
 17400,  0.757,  0.195,  1.046,  0.273,  0.282,  7.227
 17460,  0.865,  0.155,  0.882,  0.195,  0.255,  3.913
 17520,  0.865,  0.200,  1.023,  0.179,  0.322,  7.959
 17580,  0.908,  0.074,  1.045,  0.263,  0.430,  7.353
 17640,  0.890,  0.169,  1.063,  0.162,  0.458,  9.454
 17700,  0.879,  0.161,  1.052,  0.241,  0.337,  8.086
 17760,  0.952,  0.150,  1.133,  0.258,  0.489,  9.850
 17820,  1.014,  0.143,  1.114,  0.250,  0.589, 11.754
 17880,  0.988,  0.150,  0.934,  0.219,  0.275,  4.863
 17940,  0.939,  0.113,  1.085,  0.214,  0.368,  7.328
 18000,  0.978,  0.271,  1.461,  0.273,  0.612, 15.260
 18060,  0.851,  0.211,  1.028,  0.267,  0.326,  6.550
 18120,  0.985,  0.083,  1.219,  0.306,  0.586, 10.547
 18180,  1.025,  0.146,  1.411,  0.338,  0.558, 14.328
 18240,  0.997,  0.064,  0.956,  0.234,  0.291,  4.711
 18300,  0.866,  0.041,  1.211,  0.333,  0.325, 11.324
 18360,  0.857,  0.055,  0.928,  0.228,  0.219,  3.302
 18420,  0.859,  0.049,  0.846,  0.253,  0.289,  4.302
 18480,  0.807,  0.043,  1.029,  0.261,  0.246,  4.219
 18540,  0.998,  0.134,  1.203,  0.243,  0.363,  9.800
 18600,  0.927, -0.007,  0.937,  0.247,  0.243,  4.832
 18660,  0.997,  0.037,  1.398,  0.281,  0.482, 14.983
 18720,  0.941,  0.029,  1.358,  0.304,  0.451, 14.690
 18780,  1.001,  0.034,  0.919,  0.278,  0.259,  6.477
 18840,  0.831, -0.054,  0.943,  0.218,  0.209,  6.921
 18900,  1.066,  0.015,  1.200,  0.344,  0.410, 14.979
 18960,  0.978,  0.012,  1.100,  0.229,  0.391, 10.291
 19020,  0.960,  0.025,  0.983,  0.315,  0.286,  5.551
 19080,  0.996,  0.004,  1.292,  0.417,  0.529, 15.998
 19140,  1.176,  0.003,  1.325,  0.251,  0.454, 11.228
 19200,  1.128, -0.201,  1.157,  0.365,  0.548, 12.237
 19260,  1.021, -0.063,  0.901,  0.240,  0.281,  5.333
 19320,  0.987, -0.004,  1.058,  0.321,  0.297,  4.806
 19380,  1.182, -0.013,  1.663,  0.407,  0.672, 18.378
 19440,  1.005, -0.103,  1.042,  0.330,  0.294,  5.412
 19500,  0.944, -0.020,  1.330,  0.325,  0.585,  9.581
 19560,  0.999, -0.015,  0.924,  0.315,  0.236,  3.500
 19620,  1.040,  0.021,  0.958,  0.310,  0.311,  7.462
 19680,  0.971,  0.060,  1.423,  0.366,  0.572, 14.300
 19740,  1.002,  0.061,  1.111,  0.270,  0.357, 11.082
 19800,  0.996,  0.003,  0.842,  0.297,  0.329,  6.850
 19860,  0.773, -0.070,  1.159,  0.235,  0.308, 11.774
 19920,  0.758, -0.077,  0.930,  0.176,  0.195,  4.723
 19980,  0.946, -0.078,  0.972,  0.247,  0.248,  6.295
 20040,  0.897,  0.077,  1.138,  0.293,  0.377, 12.326
 20100,  0.982,  0.029,  0.960,  0.237,  0.265,  5.615
 20160,  0.989, -0.001,  1.150,  0.317,  0.302,  8.578
 20220,  0.921, -0.008,  0.917,  0.180,  0.207,  3.596
 20280,  0.985,  0.056,  0.989,  0.260,  0.287,  6.158
 20340,  1.041, -0.030,  0.875,  0.207,  0.228,  4.359
 20400,  0.900, -0.030,  0.880,  0.242,  0.258,  7.171
 20460,  0.828, -0.024,  1.092,  0.246,  0.252,  7.654
 20520,  0.958,  0.017,  0.857,  0.196,  0.218,  2.542
 20580,  0.731,  0.075,  0.883,  0.204,  0.166,  2.982
 20640,  0.686, -0.051,  0.909,  0.175,  0.206,  4.928
 20700,  0.958,  0.162,  0.936,  0.227,  0.237,  5.521
 20760,  1.026,  0.079,  0.953,  0.224,  0.335,  8.904
 20820,  0.996,  0.098,  0.849,  0.268,  0.253,  6.128
 20880,  0.855,  0.076,  1.061,  0.207,  0.217,  4.782
 20940,  1.005,  0.117,  1.022,  0.238,  0.199,  7.716
 21000,  1.187,  0.721,  1.038,  0.453,  0.473,  5.512
 21060,  0.526, -0.027,  0.734,  0.160,  0.217,  5.082
 21120,  0.701, -0.056,  0.892,  0.175,  0.229,  6.772
 21180,  0.912,  0.166,  1.014,  0.175,  0.318,  8.311
 21240,  0.845,  0.066,  1.002,  0.217,  0.286,  6.321
 21300,  0.946,  0.060,  1.027,  0.253,  0.283,  5.310
 21360,  0.873,  0.154,  1.137,  0.287,  0.423,  9.337
 21420,  0.823,  0.137,  1.149,  0.228,  0.242,  5.762
 21480,  0.898,  0.109,  1.190,  0.215,  0.314,  7.545
 21540,  0.868,  0.206,  1.000,  0.164,  0.294,  4.527
 21600,  0.849,  0.074,  1.182,  0.245,  0.321, 10.100
 21660,  0.931,  0.063,  1.019,  0.212,  0.250,  4.523
 21720,  0.788,  0.153,  1.124,  0.238,  0.357,  8.665
 21780,  0.840,  0.207,  1.188,  0.213,  0.362,  9.454
 21840,  0.997,  0.125,  1.066,  0.239,  0.393,  8.755
 21900,  0.854,  0.162,  0.986,  0.249,  0.260,  5.847
 21960,  0.839,  0.164,  1.013,  0.178,  0.318,  8.082
 22020,  0.961,  0.270,  0.895,  0.238,  0.338,  7.108
 22080,  0.805,  0.121,  1.022,  0.246,  0.347,  6.046
 22140,  0.864,  0.070,  0.996,  0.207,  0.350,  8.207
 22200,  1.051,  0.230,  1.231,  0.302,  0.597, 16.301
 22260,  0.863,  0.071,  0.844,  0.214,  0.359,  7.226
 22320,  0.766,  0.142,  1.067,  0.285,  0.499, 10.383
 22380,  0.752,  0.195,  0.792,  0.255,  0.261,  4.769
 22440,  0.846,  0.150,  0.818,  0.263,  0.376,  6.031
 22500,  0.796,  0.200,  1.062,  0.320,  0.506,  9.506
 22560,  0.904,  0.142,  1.032,  0.237,  0.290,  5.570
 22620,  0.871,  0.172,  1.081,  0.253,  0.369,  7.768
 22680,  0.901,  0.171,  0.931,  0.296,  0.376,  6.777
 22740,  0.930,  0.215,  0.878,  0.205,  0.301,  6.484
 22800,  0.807,  0.111,  0.958,  0.247,  0.361,  6.529
 22860,  0.589,  0.278,  0.871,  0.183,  0.089,  4.137
 22920,  0.839,  0.273,  0.860,  0.243,  0.302,  5.714
 22980,  0.648,  0.108,  0.763,  0.228,  0.307,  4.704
 23040,  0.764,  0.198,  0.950,  0.237,  0.311,  4.286
 23100,  0.672,  0.109,  0.843,  0.277,  0.232,  3.741
 23160,  0.776,  0.204,  1.037,  0.917,  0.274,  5.050
 23220,  0.871,  0.257,  1.072,  1.213,  0.256,  6.034
 23280,  0.635,  0.071,  1.156,  1.262,  0.260,  5.759
 23340,  0.824,  0.079,  1.029,  1.127,  0.207,  5.493
 23400,  0.802,  0.167,  1.119,  1.173,  0.388,  7.239
 23460,  0.745,  0.101,  1.127,  1.097,  0.246,  5.298
 23520,  0.784,  0.017,  1.119,  1.174,  0.243,  5.213
 23580,  0.698,  0.099,  1.065,  1.068,  0.264,  5.034
 23640,  0.900,  0.025,  1.108,  0.990,  0.287,  4.484
 23700,  0.742,  0.056,  1.070,  0.800,  0.329,  3.933
 23760,  0.924,  0.098,  1.073,  0.793,  0.321,  4.613
 23820,  0.776,  0.034,  1.145,  0.654,  0.347,  5.920
 23880,  0.895,  0.151,  1.247,  0.699,  0.320,  8.541
 23940,  0.808,  0.089,  1.351,  0.720,  0.332,  7.726
 24000,  0.724, -0.028,  1.256,  0.751,  0.259,  8.855
 24060,  0.960,  0.026,  1.388,  0.927,  0.236,  8.908
 24120,  0.746,  0.007,  1.279,  0.919,  0.281,  6.206
 24180,  0.993,  0.007,  1.272,  0.897,  0.300,  5.589
 24240,  0.706,  0.019,  1.356,  1.020,  0.255,  5.635
 24300,  0.920,  0.055,  1.481,  0.999,  0.301,  5.791
 24360,  0.880,  0.009,  1.540,  0.937,  0.333,  6.383
 24420,  0.813, -0.051,  1.359,  1.038,  0.268,  6.374
 24480,  0.860, -0.017,  1.391,  1.164,  0.240,  6.610
 24540,  0.891, -0.001,  1.377,  1.197,  0.237,  7.080
 24600,  0.961, -0.027,  1.526,  1.503,  0.205,  7.629
 24660,  0.974, -0.017,  1.507,  1.346,  0.225,  8.807
 24720, -9999.000, -9999.000, -9999.000, -9999.000, -9999.000, -9999.000
 24780,  0.914, -0.071,  1.704,  1.725,  0.340, 10.974
 24840,  0.983,  0.014,  1.755,  2.035,  0.306, 11.405
 24900,  0.897,  0.120,  1.622,  2.015,  0.322, 10.089
 24960,  0.808, -0.001,  1.714,  1.769,  0.292, 10.743
 25020,  0.857,  0.053,  1.664,  1.708,  0.265, 11.879
 25080,  1.006,  0.104,  1.655,  1.603,  0.181, 11.054
 25140,  0.809,  0.112,  1.565,  1.527,  0.280,  9.509
 25200,  0.948,  0.102,  1.526,  1.494,  0.316,  8.473
 25260,  0.857,  0.023,  1.529,  1.425,  0.268,  8.187
 25320,  0.984,  0.002,  1.439,  1.490,  0.256,  7.616
 25380,  0.881,  0.091,  1.484,  1.409,  0.207,  6.808
 25440,  0.896,  0.018,  1.411,  1.335,  0.300,  7.188
 25500,  0.840,  0.037,  1.392,  1.299,  0.304,  7.206
 25560,  0.825,  0.105,  1.573,  1.306,  0.387, 14.742
 25620,  1.027,  0.116,  1.633,  1.275,  0.397, 12.284
 25680,  0.842,  0.042,  1.462,  1.246,  0.359,  9.384
 25740,  0.797,  0.137,  1.498,  1.156,  0.318,  9.978
 25800,  0.855,  0.013,  1.337,  1.253,  0.314,  7.777
 25860,  0.749,  0.036,  1.363,  1.318,  0.283,  7.333
 25920,  0.792,  0.134,  1.399,  1.351,  0.295,  7.718
 25980,  0.731,  0.025,  1.481,  1.437,  0.219,  6.961
 26040,  0.801,  0.100,  1.307,  1.204,  0.288,  8.291
 26100,  0.917,  0.081,  1.364,  1.253,  0.288,  8.184
 26160,  0.693,  0.090,  1.418,  1.329,  0.298,  7.946
 26220,  0.839,  0.092,  1.478,  1.202,  0.321,  8.422
 26280,  0.801,  0.006,  1.504,  1.111,  0.301,  9.317
 26340,  0.737,  0.050,  1.437,  1.206,  0.249, 10.609
 26400,  0.721,  0.035,  1.442,  1.196,  0.236, 13.156
 26460,  0.848,  0.019,  1.369,  1.228,  0.236, 15.087
 26520,  0.664,  0.045,  1.570,  1.264,  0.200, 14.337
 26580,  0.826, -0.088,  1.471,  1.430,  0.400, 16.545
 26640,  0.743,  0.062,  1.409,  1.195,  0.240, 15.030
 26700,  0.801,  0.001,  1.549,  1.236,  0.262, 12.919
 26760,  0.740,  0.160,  1.354,  1.169,  0.290, 10.980
 26820,  0.739,  0.129,  1.432,  1.277,  0.226,  9.401
 26880,  0.701,  0.042,  1.432,  1.214,  0.274,  7.881
 26940,  0.755,  0.151,  1.344,  1.106,  0.267,  8.080
 27000,  0.940,  0.061,  1.398,  1.174,  0.225,  7.918
 27060,  0.733,  0.078,  1.280,  1.014,  0.232,  7.784
 27120,  0.666,  0.056,  1.327,  1.031,  0.268,  7.466
 27180,  0.853,  0.116,  1.129,  0.996,  0.225,  7.157
 27240,  0.815,  0.083,  1.193,  0.820,  0.274,  7.088
 27300,  0.703,  0.049,  1.113,  0.839,  0.251,  7.505
 27360,  0.955,  0.113,  1.035,  0.709,  0.256,  7.336
 27420,  0.852,  0.115,  1.155,  0.812,  0.215,  8.129
 27480,  0.779,  0.058,  1.062,  0.768,  0.176,  8.005
 27540,  0.715,  0.112,  1.009,  0.600,  0.253,  7.206
 27600,  0.808,  0.077,  1.143,  0.657,  0.245,  6.835
 27660,  0.686,  0.126,  1.002,  0.660,  0.244,  7.380
 27720,  0.704,  0.079,  1.003,  0.546,  0.267,  5.673
 27780,  0.761,  0.117,  1.197,  0.618,  0.221,  6.621
 27840,  0.735,  0.176,  0.993,  0.485,  0.218,  6.021
 27900,  0.804,  0.197,  0.980,  0.443,  0.194,  4.801
 27960,  0.850,  0.075,  0.886,  0.367,  0.148,  4.721
 28020,  0.810,  0.120,  0.941,  0.336,  0.228,  3.791
 28080,  0.897,  0.070,  0.927,  0.364,  0.192,  3.605
 28140,  0.839,  0.071,  0.855,  0.354,  0.223,  3.156
 28200,  0.794,  0.191,  0.932,  0.312,  0.216,  3.299
 28260,  0.782,  0.146,  0.868,  0.358,  0.230,  4.194
 28320,  0.999,  0.181,  0.873,  0.370,  0.175,  4.012
 28380,  1.076,  0.270,  0.990,  0.306,  0.224,  3.526
 28440,  1.302, -0.042,  1.047,  0.419,  0.793,  3.523
 28500,  0.932,  0.267,  0.848,  0.304,  0.195,  3.609
 28560,  1.051,  0.190,  0.871,  0.377,  0.239,  4.252
 28620,  0.708,  0.131,  0.796,  0.327,  0.213,  3.778
 28680,  0.896,  0.149,  0.714,  0.365,  0.245,  2.496
 28740,  1.003,  0.245,  0.870,  0.367,  0.206,  3.322
 28800,  0.771,  0.155,  0.778,  0.390,  0.159,  3.995
 28860,  0.829,  0.155,  0.863,  0.375,  0.272,  4.026
 28920,  0.942,  0.248,  0.789,  0.313,  0.198,  3.098
 28980,  0.968,  0.207,  0.826,  0.312,  0.269,  2.711
 29040,  0.933,  0.178,  0.816,  0.254,  0.235,  2.305
 29100,  0.898,  0.177,  0.698,  0.302,  0.250,  1.827
 29160,  0.834,  0.162,  0.745,  0.254,  0.249,  2.646
 29220,  0.936,  0.276,  0.724,  0.221,  0.271,  2.643
 29280,  0.977,  0.139,  0.815,  0.213,  0.234,  2.540
 29340,  0.990,  0.077,  0.810,  0.231,  0.247,  2.424
 29400,  0.962,  0.152,  0.740,  0.222,  0.238,  2.135
 29460,  0.920,  0.167,  0.802,  0.242,  0.259,  2.232
 29520,  0.939,  0.259,  0.804,  0.273,  0.234,  1.982
 29580,  0.858,  0.230,  0.842,  0.210,  0.265,  2.537
 29640,  0.933,  0.172,  0.816,  0.226,  0.276,  3.069
 29700,  0.811,  0.185,  0.837,  0.215,  0.243,  2.489
 29760,  0.974,  0.182,  0.797,  0.237,  0.204,  2.187
 29820,  0.810,  0.076,  0.692,  0.220,  0.205,  1.585
 29880,  0.914,  0.134,  0.713,  0.200,  0.197,  1.587
 29940,  0.918,  0.161,  0.699,  0.197,  0.207,  1.930
 30000,  0.869,  0.175,  0.771,  0.200,  0.289,  1.968
 30060,  1.034,  0.162,  0.723,  0.178,  0.260,  2.048
 30120,  0.952,  0.079,  0.843,  0.183,  0.286,  2.497
 30180,  0.992,  0.105,  0.788,  0.210,  0.286,  2.843
 30240,  0.787,  0.083,  0.763,  0.293,  0.292,  2.978
 30300,  1.135,  0.051,  0.991,  0.286,  0.213,  4.199
 30360,  1.023,  0.154,  0.830,  0.238,  0.263,  3.983
 30420,  1.010,  0.043,  0.816,  0.224,  0.272,  2.776
 30480,  0.936,  0.141,  0.853,  0.241,  0.290,  2.990
 30540,  1.010,  0.062,  0.771,  0.257,  0.269,  1.896
 30600,  0.900,  0.087,  0.734,  0.193,  0.208,  2.163
 30660,  0.956,  0.053,  0.674,  0.228,  0.274,  2.109
 30720,  0.941,  0.056,  0.704,  0.271,  0.257,  1.948
 30780,  0.918, -0.023,  0.807,  0.256,  0.172,  1.995
 30840,  1.023,  0.052,  0.779,  0.214,  0.270,  1.939
 30900,  0.766,  0.060,  0.748,  0.237,  0.233,  2.376
 30960,  0.965,  0.102,  0.829,  0.278,  0.292,  2.455
 31020,  0.975,  0.013,  0.871,  0.233,  0.250,  2.158
 31080,  0.862,  0.076,  1.007,  0.281,  0.312,  2.814
 31140,  0.968,  0.112,  1.042,  0.270,  0.240,  2.794
 31200,  0.934,  0.048,  0.953,  0.421,  0.282,  3.646
 31260,  0.918,  0.073,  1.067,  0.400,  0.226,  3.674
 31320,  0.929, -0.035,  0.976,  0.342,  0.238,  3.402
 31380,  0.948,  0.007,  0.938,  0.339,  0.179,  3.725
 31440,  0.957,  0.028,  0.902,  0.378,  0.245,  3.582
 31500,  0.852, -0.063,  1.105,  0.520,  0.265,  3.926
 31560,  0.884, -0.007,  1.166,  0.977,  0.264,  4.138
 31620,  0.961, -0.045,  1.272,  1.140,  0.312,  4.404
 31680,  0.839, -0.074,  1.247,  1.135,  0.344,  4.497
 31740,  1.006, -0.006,  1.364,  1.272,  0.256,  4.527
 31800,  0.923, -0.061,  1.293,  1.177,  0.293,  4.041
 31860,  0.981, -0.076,  1.413,  1.291,  0.315,  4.476
 31920,  1.031, -0.122,  1.337,  1.309,  0.328,  4.259
 31980,  1.116, -0.096,  1.356,  1.440,  0.344,  4.782
 32040,  0.970, -0.084,  1.305,  1.569,  0.308,  4.684
 32100, -9999.000, -9999.000, -9999.000, -9999.000, -9999.000, -9999.000
 32160,  0.797, -0.016,  1.329,  1.821,  0.240,  5.245
 32220,  1.037, -0.059,  1.429,  1.845,  0.326,  5.541
 32280,  0.893,  0.081,  1.512,  1.978,  0.369,  5.615
 32340,  1.021, -0.070,  1.633,  2.145,  0.361,  5.758
 32400,  0.960, -0.033,  1.899,  2.104,  0.395,  5.262
 32460,  0.819, -0.054,  2.013,  2.290,  0.318,  5.818
 32520,  1.113, -0.007,  2.015,  2.167,  0.348,  5.685
 32580,  0.997, -0.158,  2.085,  2.222,  0.348,  5.841
 32640,  1.074,  0.007,  2.056,  2.119,  0.291,  5.834
 32700,  0.947, -0.168,  1.987,  2.254,  0.312,  5.797
 32760,  0.883, -0.034,  1.716,  1.931,  0.349,  5.009
 32820,  0.832, -0.081,  1.646,  1.725,  0.336,  4.888
 32880,  0.776,  0.020,  1.651,  1.992,  0.355,  5.301
 32940,  0.851, -0.094,  1.671,  1.799,  0.315,  5.169
 33000,  0.638, -0.003,  1.482,  1.711,  0.346,  4.394
 33060,  0.832,  0.060,  1.385,  1.831,  0.285,  4.109
 33120,  0.779, -0.016,  1.567,  1.745,  0.292,  4.351
 33180,  0.706, -0.040,  1.253,  1.678,  0.315,  4.208
 33240,  0.751, -0.015,  1.342,  1.584,  0.247,  4.088
 33300,  0.540,  0.054,  1.272,  1.247,  0.279,  3.398
 33360,  0.662, -0.031,  1.108,  1.212,  0.288,  3.030
 33420,  0.574, -0.125,  1.164,  1.150,  0.301,  2.909
 33480,  0.617, -0.072,  1.192,  1.110,  0.266,  2.562
 33540,  0.576, -0.018,  1.133,  1.057,  0.334,  2.513
 33600,  0.593, -0.046,  1.204,  1.084,  0.315,  2.524
 33660,  0.614, -0.067,  1.289,  1.030,  0.247,  2.636
 33720,  0.690, -0.087,  1.231,  1.019,  0.271,  2.627
 33780,  0.585,  0.030,  1.192,  0.993,  0.239,  2.649
 33840,  0.672, -0.043,  1.420,  1.118,  0.319,  2.988
 33900,  0.560, -0.007,  1.297,  1.123,  0.263,  3.711
 33960, -9999.000, -9999.000, -9999.000, -9999.000, -9999.000, -9999.000
 34020,  0.660, -0.022,  1.345,  1.274,  0.288,  5.219
 34080,  0.731,  0.006,  1.336,  1.207,  0.281,  3.906
 34140,  0.553, -0.031,  1.441,  1.220,  0.258,  4.867
 34200,  0.757, -0.020,  1.414,  1.320,  0.281,  6.225
 34260,  0.331, -0.017,  1.466,  1.326,  0.291,  5.131
 34320,  0.623, -0.019,  1.399,  1.190,  0.272,  6.420
 34380,  0.528, -0.040,  1.339,  1.080,  0.346,  5.556
 34440,  0.662, -0.032,  1.392,  1.267,  0.357,  5.137
 34500,  0.559,  0.049,  1.353,  1.459,  0.249,  6.164
 34560,  0.615, -0.065,  1.552,  1.363,  0.263,  7.522
