CampaignData_and_Merges/R0/CSL_MobileLab_Parked/raw/20240727/USOS-NOAAIodideCIMS-PANs_MobileLabGround_20240727_RA.ict
35, 1001
Michael A Robinson, Chris Jernigan, Subi Thakali
NOAA ESRL Chemical Sciences Laboratory and CIRES, U. of Colorado
NOAA Iodide CIMS Instrument
USOS
1, 1
2024, 07, 27, 2024, 07, 28
1
starttime_UTC, seconds_past_midnight, seconds_of_day_since_00:00:00_UTC
3
1, 1, 1
-9999, -9999, -9999
PAN_NOAACIMS, pptv, Gas_PAN_InSitu_S_AVMR, 
APAN_NOAACIMS, pptv, Gas_APAN_InSitu_S_AVMR, 
PPN_NOAACIMS, pptv, Gas_PPN_InSitu_S_AVMR, 
0
18
PI_CONTACT_INFO: 325 Broadway, R/CSD 7, Boulder, Colorado 80305; michael.a.robinson@noaa.gov; chris.jernigan@noaa.gov;
PLATFORM: NOAA CSL Mobile Lab
LOCATION: SLC, Utah
ASSOCIATED_DATA: 1Hz data also available on request.
INSTRUMENT_INFO: NOAA I- ToF CIMS
DATA_INFO: All data in parts per trillion by volume (pptv). 1 Hz data is available upon request.
UNCERTAINTY: TBD
ULOD_FLAG: -7777
ULOD_VALUE: N/A
LLOD_FLAG: -8888
LLOD_VALUE: N/A
DM_CONTACT_INFO: Nathan Howard; nathan.h.howard@noaa.gov
PROJECT_INFO: USOS, summer 2024. https://csl.noaa.gov/groups/csl7/measurements/2024usos/
STIPULATIONS_ON_USE: Users are strongly encouraged to contact the PI for proper data usage.
OTHER_COMMENTS: 
REVISION: RA
RA: Preliminary Data; For in-field use only
starttime_UTC, PAN_NOAACIMS, APAN_NOAACIMS, PPN_NOAACIMS
[from data line 1314]
 78840, 568.638,  7.784, 49.677
 78900, 567.547, 10.110, 49.343
 78960, 539.593,  8.042, 49.414
 79020, 538.002,  7.023, 43.586
 79080, 524.044,  8.003, 48.224
 79140, 513.540,  9.986, 43.313
 79200, 510.093,  5.722, 39.652
 79260, 512.585,  7.072, 46.378
 79320, 518.167,  7.660, 40.039
 79380, 522.456, 10.126, 37.473
 79440, 541.148,  7.948, 42.523
 79500, 525.972,  9.211, 44.091
 79560, 508.973,  6.163, 43.585
 79620, 536.748, 10.100, 44.307
 79680, 560.569,  7.979, 49.896
 79740, 562.177,  7.667, 49.281
 79800, 540.449,  6.818, 48.595
 79860, 574.901,  5.425, 49.789
 79920, 615.227,  6.941, 50.815
 79980, 620.384,  4.468, 53.611
 80040, 628.810,  8.261, 54.731
 80100, 614.158,  1.348, 57.548
 80160, -9999.000, -9999.000, -9999.000
 80220, 594.894,  7.661, 52.267
 80280, 664.724, 10.094, 56.830
 80340, 687.717,  7.111, 57.335
 80400, 682.579, 12.217, 58.307
 80460, 694.903, 10.759, 59.412
 80520, 694.872, 10.656, 62.061
 80580, 703.369, 12.712, 59.556
 80640, 700.180, 10.074, 65.627
 80700, 686.898, 15.252, 57.203
 80760, 688.813, 12.555, 63.326
 80820, 718.376, 10.229, 66.655
 80880, 745.938, 11.652, 70.754
 80940, 725.517, 11.298, 63.963
 81000, 728.302, 12.751, 66.589
 81060, 739.106, 12.743, 69.334
 81120, 736.108, 12.241, 67.923
 81180, 745.970, 12.460, 68.786
 81240, 730.968, 13.507, 64.791
 81300, 714.719, 12.884, 68.771
 81360, 719.347, 12.161, 65.887
 81420, 735.434, 11.753, 67.252
 81480, 720.038, 11.073, 66.900
 81540, 702.532,  9.392, 67.636
 81600, 693.783,  9.053, 66.051
 81660, 693.853, 11.000, 64.581
 81720, 728.267, 10.853, 61.295
 81780, 707.524, 10.228, 65.795
 81840, 683.305,  7.726, 68.240
 81900, 666.098, 10.995, 60.832
 81960, 676.155,  7.893, 70.606
 82020, 666.619, 15.649, 66.603
 82080, 676.357, 11.769, 61.165
 82140, 652.170, 11.101, 64.040
 82200, 637.328, 12.449, 58.552
 82260, 614.145,  8.516, 61.798
 82320, 611.288,  8.035, 60.532
 82380, 588.792,  8.966, 58.462
 82440, 552.054, 11.926, 52.950
 82500, 565.168, 10.108, 50.979
 82560, 570.551,  9.500, 51.609
 82620, 548.645,  8.008, 48.458
 82680, 552.233,  8.361, 47.409
 82740, 516.049,  9.029, 48.324
 82800, 513.511,  8.859, 47.859
 82860, 539.374, 10.636, 48.167
 82920, 540.275,  9.107, 55.973
 82980, 538.732,  9.189, 50.642
 83040, 515.405, 10.630, 54.009
 83100, 537.538, 10.332, 48.531
 83160, 542.104,  9.820, 52.424
 83220, 529.611,  7.876, 51.329
 83280, 513.136,  6.973, 46.625
 83340, 511.812,  8.259, 48.858
 83400, 515.395, 10.564, 46.499
 83460, 506.325,  7.613, 44.320
 83520, 523.581,  9.332, 47.835
 83580, 566.661,  9.507, 56.455
 83640, 580.173,  9.028, 55.479
 83700, 601.700, 11.718, 61.075
 83760, 597.042, 10.356, 62.604
 83820, -9999.000, -9999.000, -9999.000
 83880, 574.466,  5.798, 60.162
 83940, 559.163, 10.130, 60.032
 84000, 568.419,  9.645, 58.756
 84060, 551.901,  8.879, 54.066
 84120, 556.670,  8.705, 56.939
 84180, 548.561, 11.874, 57.729
 84240, 562.354, 12.643, 60.462
 84300, 530.621,  8.811, 52.627
 84360, 535.714,  9.556, 51.764
 84420, 543.718,  8.948, 48.598
 84480, 546.714,  9.529, 50.435
 84540, 553.284, 12.382, 52.061
 84600, 540.873, 10.199, 59.715
 84660, 548.542,  8.571, 55.589
 84720, 525.799, 11.427, 49.345
 84780, 538.878, 10.766, 50.974
 84840, 539.024,  7.641, 52.873
 84900, 533.593, 10.969, 47.503
 84960, 536.627,  8.210, 53.354
 85020, 535.446,  7.861, 51.726
 85080, 500.680,  8.950, 50.299
 85140, 515.988,  9.135, 53.905
 85200, 514.426, 11.075, 55.335
 85260, 520.942,  8.240, 53.101
 85320, 514.456, 10.670, 50.328
 85380, 510.053, 10.981, 56.238
 85440, 532.119,  7.105, 51.687
 85500, 529.680, 10.088, 53.407
 85560, 518.498,  7.952, 53.281
 85620, 540.445,  8.540, 53.268
 85680, -9999.000, -9999.000, -9999.000
 85740, 519.118,  8.355, 54.662
 85800, 531.241,  7.132, 53.148
 85860, 513.017,  6.379, 53.267
 85920, 508.135,  7.447, 49.406
 85980, 506.445,  8.788, 55.478
 86040, 534.182,  7.737, 53.553
 86100, 512.365,  9.466, 51.613
 86160, 509.645, 10.796, 51.798
 86220, 515.120,  8.856, 48.395
 86280, 533.888,  7.963, 58.719
 86340, 535.770, 11.757, 55.320
