CampaignData_and_Merges/R0/CSL_MobileLab_Parked/raw/20240727/USOS-NOAAIodideCIMS-Halogens_MobileLabGround_20240727_RA.ict
38, 1001
Michael A Robinson, Chris Jernigan, Subi Thakali
NOAA ESRL Chemical Sciences Laboratory and CIRES, U. of Colorado
NOAA Iodide CIMS Instrument
USOS
1, 1
2024, 07, 27, 2024, 07, 28
1
starttime_UTC, seconds_past_midnight, seconds_of_day_since_00:00:00_UTC
6
1, 1, 1, 1, 1, 1
-9999, -9999, -9999, -9999, -9999, -9999
Br2_NOAACIMS, pptv, Gas_Br2_InSitu_S_AVMR, 
BrO_NOAACIMS, pptv, Gas_BrO_InSitu_S_AVMR, 
Cl2_NOAACIMS, pptv, Gas_Cl2_InSitu_S_AVMR, 
ClNO2_NOAACIMS, pptv, Gas_ClNO2_InSitu_S_AVMR, 
BrCl_NOAACIMS, pptv, Gas_BrCl_InSitu_S_AVMR, 
NCl3_NOAACIMS, pptv, Gas_NCl3_InSitu_S_AVMR, 
0
18
PI_CONTACT_INFO: 325 Broadway, R/CSD 7, Boulder, Colorado 80305; michael.a.robinson@noaa.gov; chris.jernigan@noaa.gov;
PLATFORM: NOAA CSL Mobile Lab
LOCATION: SLC, Utah
ASSOCIATED_DATA: 1Hz data also available on request.
INSTRUMENT_INFO: NOAA I- ToF CIMS
DATA_INFO: All data in parts per trillion by volume (pptv). 1 Hz data is available upon request.
UNCERTAINTY: TBD
ULOD_FLAG: -7777
ULOD_VALUE: N/A
LLOD_FLAG: -8888
LLOD_VALUE: N/A
DM_CONTACT_INFO: Nathan Howard; nathan.h.howard@noaa.gov
PROJECT_INFO: USOS, summer 2024. https://csl.noaa.gov/groups/csl7/measurements/2024usos/
STIPULATIONS_ON_USE: Users are strongly encouraged to contact the PI for proper data usage.
OTHER_COMMENTS: 
REVISION: RA
RA: Preliminary Data; For in-field use only
starttime_UTC, Br2_NOAACIMS, BrO_NOAACIMS, Cl2_NOAACIMS, ClNO2_NOAACIMS, BrCl_NOAACIMS, NCl3_NOAACIMS
[from data line 1152]
 69120,  0.625,  0.079,  0.514,  0.131,  0.222,  0.067
 69180,  0.337,  0.004,  0.693,  0.127,  0.186,  0.144
 69240,  0.546,  0.103,  0.734,  0.131,  0.203,  0.214
 69300,  0.657,  0.036,  0.728,  0.107,  0.135,  0.196
 69360,  0.575,  0.014,  0.743,  0.118,  0.172,  0.103
 69420,  0.567,  0.033,  0.710,  0.124,  0.200,  0.168
 69480,  0.590,  0.013,  0.827,  0.094,  0.150,  0.265
 69540,  0.633,  0.000,  0.820,  0.142,  0.166,  0.260
 69600,  0.599,  0.060,  0.821,  0.137,  0.153,  0.279
 69660,  0.614,  0.018,  0.681,  0.127,  0.139,  0.518
 69720,  0.466,  0.012,  0.705,  0.098,  0.132,  0.204
 69780,  0.522,  0.003,  0.738,  0.115,  0.135,  0.347
 69840,  0.699,  0.049,  0.740,  0.129,  0.146,  0.343
 69900,  0.365, -0.031,  0.798,  0.098,  0.146,  0.424
 69960,  0.681,  0.021,  0.708,  0.147,  0.166,  0.306
 70020,  0.587, -0.055,  0.741,  0.124,  0.091,  0.162
 70080,  0.654,  0.032,  0.669,  0.118,  0.148,  0.138
 70140,  0.679,  0.024,  0.720,  0.134,  0.159,  0.246
 70200,  0.490, -0.066,  0.802,  0.094,  0.146,  0.194
 70260,  0.636, -0.131,  0.768,  0.107,  0.147,  0.513
 70320,  0.533, -0.000,  0.750,  0.125,  0.182,  0.218
 70380,  0.647, -0.088,  0.813,  0.111,  0.200,  0.289
 70440,  0.649, -0.003,  0.813,  0.133,  0.173,  0.255
 70500,  0.579, -0.055,  0.834,  0.131,  0.153,  0.328
 70560,  0.589, -0.085,  0.882,  0.127,  0.138,  0.214
 70620,  0.618, -0.108,  0.879,  0.138,  0.139,  0.185
 70680,  0.728, -0.138,  0.806,  0.116,  0.136,  0.167
 70740,  0.744, -0.159,  0.800,  0.115,  0.173,  0.234
 70800,  0.582, -0.060,  0.854,  0.120,  0.151,  0.298
 70860,  0.677, -0.112,  0.934,  0.134,  0.087,  0.160
 70920,  0.871,  0.218,  0.951,  0.265,  0.189,  0.117
 70980,  0.743, -0.078,  0.843,  0.124,  0.125,  0.126
 71040,  0.746, -0.074,  0.736,  0.148,  0.124,  0.177
 71100,  0.765, -0.152,  0.825,  0.106,  0.185,  0.048
 71160,  0.646, -0.040,  0.825,  0.135,  0.161,  0.192
 71220,  0.770, -0.192,  0.807,  0.126,  0.158,  0.188
 71280,  0.747, -0.113,  0.863,  0.119,  0.112,  0.188
 71340,  0.600, -0.064,  0.814,  0.136,  0.120,  0.246
 71400,  0.767, -0.090,  0.901,  0.095,  0.159,  0.152
 71460,  0.765, -0.043,  0.962,  0.131,  0.185,  0.125
 71520,  0.824, -0.022,  0.923,  0.149,  0.181,  0.156
 71580,  0.808, -0.061,  0.844,  0.165,  0.166,  0.009
 71640,  0.727, -0.031,  0.804,  0.102,  0.122,  0.112
 71700,  0.655,  0.011,  0.869,  0.156,  0.178,  0.148
 71760,  0.891, -0.074,  1.004,  0.142,  0.208,  0.146
 71820,  0.917, -0.092,  0.899,  0.095,  0.181,  0.048
 71880,  0.846, -0.059,  0.878,  0.097,  0.228,  0.209
 71940,  0.941,  0.081,  0.965,  0.125,  0.256,  0.074
 72000,  0.866, -0.006,  0.767,  0.149,  0.198,  0.061
 72060,  0.783,  0.044,  1.006,  0.142,  0.205,  0.077
 72120,  0.696, -0.066,  0.881,  0.120,  0.196,  0.060
 72180,  0.824, -0.040,  0.942,  0.119,  0.129,  0.116
 72240,  0.769, -0.051,  0.836,  0.090,  0.206,  0.098
 72300,  0.745,  0.008,  0.917,  0.071,  0.142,  0.110
 72360,  0.883,  0.014,  0.918,  0.104,  0.158, -0.017
 72420,  0.912,  0.026,  1.024,  0.089,  0.232,  0.084
 72480,  0.917,  0.053,  0.881,  0.084,  0.196,  0.024
 72540,  0.853, -0.015,  0.882,  0.092,  0.241,  0.011
 72600,  0.722, -0.024,  0.898,  0.104,  0.175, -0.069
 72660,  0.894,  0.093,  1.000,  0.109,  0.242,  0.011
 72720,  0.629,  0.344,  1.210,  0.168,  0.424, -0.050
 72780,  0.186, -0.234,  0.769,  0.102,  0.558, -0.285
 72840,  0.821,  0.013,  0.823,  0.082,  0.225,  0.101
 72900,  0.848, -0.005,  0.940,  0.087,  0.191,  0.179
 72960,  0.830,  0.096,  0.945,  0.075,  0.169,  0.024
 73020,  0.896, -0.001,  0.899,  0.093,  0.220, -0.073
 73080,  0.868,  0.088,  0.967,  0.127,  0.205, -0.018
 73140,  0.993,  0.096,  1.027,  0.146,  0.208, -0.026
 73200,  0.982,  0.067,  1.030,  0.152,  0.218, -0.020
 73260,  0.846,  0.115,  1.050,  0.117,  0.211,  0.029
 73320,  0.935,  0.036,  0.863,  0.078,  0.213, -0.055
 73380,  0.812,  0.034,  0.974,  0.086,  0.180,  0.044
 73440,  1.040,  0.024,  0.849,  0.068,  0.223,  0.018
 73500,  1.034,  0.119,  0.889,  0.087,  0.207,  0.051
 73560,  0.828,  0.096,  0.869,  0.109,  0.249,  0.032
 73620,  1.005,  0.202,  0.920,  0.124,  0.217,  0.073
 73680,  1.096,  0.147,  0.909,  0.094,  0.202,  0.024
 73740,  1.072,  0.167,  0.880,  0.093,  0.256,  0.052
 73800,  1.085,  0.111,  0.999,  0.101,  0.283,  0.171
 73860,  0.934,  0.081,  0.883,  0.129,  0.231,  0.133
 73920,  1.013,  0.216,  0.883,  0.114,  0.236, -0.010
 73980,  1.063,  0.245,  1.139,  0.083,  0.231,  0.093
 74040,  1.075,  0.198,  0.956,  0.118,  0.220, -0.007
 74100,  1.082,  0.231,  0.987,  0.127,  0.208,  0.143
 74160,  1.125,  0.091,  1.056,  0.076,  0.236,  0.065
 74220,  1.100,  0.246,  0.852,  0.081,  0.301,  0.086
 74280,  0.892,  0.163,  0.876,  0.087,  0.230,  0.096
 74340,  1.016,  0.161,  0.955,  0.092,  0.230,  0.060
 74400,  1.076,  0.241,  0.883,  0.077,  0.236,  0.111
 74460,  0.928,  0.278,  0.899,  0.058,  0.210,  0.139
 74520,  1.147,  0.265,  0.840,  0.091,  0.277,  0.160
 74580,  0.971,  0.144,  0.936,  0.141,  0.299,  0.036
 74640,  1.017,  0.174,  0.818,  0.034,  0.155,  0.138
 74700,  1.121,  0.263,  0.967,  0.073,  0.266,  0.098
 74760,  1.016,  0.236,  0.968,  0.083,  0.253,  0.073
 74820,  0.923,  0.197,  1.021,  0.074,  0.221,  0.190
 74880,  1.148,  0.224,  0.851,  0.072,  0.225,  0.096
 74940,  1.012,  0.314,  0.952,  0.115,  0.236,  0.213
 75000,  1.106,  0.214,  1.023,  0.080,  0.160,  0.194
 75060,  0.981,  0.356,  1.073,  0.051,  0.214,  0.088
 75120,  0.958,  0.163,  0.862,  0.080,  0.090,  0.085
 75180,  0.927,  0.276,  0.884,  0.073,  0.215,  0.116
 75240,  1.000,  0.251,  0.994,  0.099,  0.207,  0.017
 75300,  0.866,  0.248,  1.061,  0.044,  0.169,  0.053
 75360,  0.721,  0.215,  0.827,  0.051,  0.206,  0.021
 75420,  0.948,  0.249,  0.961,  0.100,  0.136, -0.001
 75480,  0.912,  0.169,  0.954,  0.098,  0.212,  0.033
 75540,  0.835,  0.253,  0.869,  0.104,  0.182, -0.027
 75600,  0.895,  0.162,  0.989,  0.069,  0.118,  0.008
 75660,  0.822,  0.253,  0.941,  0.082,  0.173,  0.025
 75720,  0.882,  0.202,  1.032,  0.115,  0.174, -0.030
 75780,  0.829,  0.166,  1.177,  0.059,  0.156, -0.050
 75840,  0.870,  0.167,  0.963,  0.095,  0.162, -0.078
 75900,  0.714,  0.118,  1.017,  0.045,  0.215, -0.030
 75960,  0.418,  0.065,  0.987,  0.066,  0.035, -0.131
 76020,  0.707,  0.208,  1.055,  0.098,  0.173,  0.006
 76080,  0.639,  0.179,  1.034,  0.117,  0.177,  0.001
 76140,  0.631,  0.169,  0.933,  0.080,  0.117, -0.074
 76200,  0.638,  0.116,  1.016,  0.057,  0.154, -0.103
 76260,  0.590,  0.086,  1.002,  0.075,  0.130, -0.075
 76320,  0.726,  0.171,  1.096,  0.060,  0.127, -0.100
 76380,  0.736,  0.107,  1.056,  0.079,  0.088, -0.068
 76440, -9999.000, -9999.000, -9999.000, -9999.000, -9999.000, -9999.000
 76500,  0.511,  0.294,  1.099,  0.075,  0.074, -0.126
 76560,  0.702,  0.107,  1.114,  0.068,  0.087, -0.078
 76620,  0.592,  0.120,  1.027,  0.066,  0.096, -0.106
 76680,  0.665,  0.251,  1.032,  0.064,  0.073, -0.041
 76740,  0.624,  0.198,  0.890,  0.081,  0.122, -0.078
 76800,  0.560,  0.114,  1.086,  0.054,  0.116, -0.068
 76860,  0.694,  0.066,  1.019,  0.065,  0.170, -0.017
 76920,  0.638,  0.158,  1.179,  0.116,  0.152, -0.069
 76980,  0.739,  0.160,  1.127,  0.130,  0.068, -0.058
 77040,  0.773,  0.195,  1.053,  0.070,  0.052, -0.031
 77100,  0.562,  0.107,  1.009,  0.087,  0.120,  0.050
 77160,  0.640,  0.129,  1.125,  0.069,  0.113, -0.012
 77220,  0.600,  0.112,  1.213,  0.096,  0.084, -0.078
 77280,  0.742,  0.165,  1.124,  0.094,  0.133,  0.000
 77340,  0.641,  0.199,  1.589,  0.071,  0.101,  0.204
 77400,  0.778,  0.256,  1.971,  0.126,  0.113,  0.649
 77460,  0.836,  0.221,  1.547,  0.154,  0.135,  0.498
 77520,  0.875,  0.232,  1.496,  0.083,  0.102,  0.354
 77580,  0.653,  0.138,  1.358,  0.126,  0.092,  0.252
 77640,  0.924,  0.199,  1.283,  0.115,  0.083,  0.237
 77700,  0.843,  0.230,  1.123,  0.032,  0.038,  0.078
 77760,  0.755,  0.201,  0.966,  0.079,  0.094,  0.041
 77820,  0.897,  0.193,  0.958,  0.079,  0.077,  0.066
 77880,  0.915,  0.254,  1.056,  0.052,  0.042,  0.060
 77940,  0.838,  0.162,  1.095,  0.072,  0.079, -0.007
 78000,  0.776,  0.243,  1.096,  0.080,  0.091,  0.043
 78060,  0.879,  0.100,  0.990,  0.088,  0.059,  0.063
 78120,  0.704,  0.176,  0.984,  0.034,  0.073,  0.008
 78180,  0.407,  0.117,  0.946,  0.032, -0.006,  0.075
 78240,  0.746,  0.207,  1.035,  0.102,  0.126,  0.062
 78300, -9999.000, -9999.000, -9999.000, -9999.000, -9999.000, -9999.000
 78360,  0.779,  0.196,  0.910,  0.078,  0.067,  0.186
 78420,  0.793,  0.189,  1.036,  0.094,  0.100,  0.106
 78480,  0.849,  0.090,  1.175,  0.079,  0.055,  0.138
 78540,  0.683,  0.225,  1.083,  0.062,  0.046,  0.118
 78600,  0.631,  0.086,  0.773,  0.085, -0.009,  0.075
 78660,  0.657,  0.061,  0.831,  0.061, -0.049,  0.014
 78720,  0.687,  0.062,  0.821,  0.054, -0.026,  0.102
 78780,  0.612,  0.151,  0.803,  0.078, -0.007,  0.006
 78840,  0.721,  0.086,  0.840,  0.092, -0.065,  0.047
 78900,  0.660,  0.161,  0.977,  0.050, -0.052,  0.042
 78960,  0.666,  0.119,  0.768,  0.095, -0.052, -0.003
 79020,  0.475,  0.069,  0.908,  0.077,  0.022, -0.020
 79080,  0.666,  0.039,  0.772,  0.118,  0.006,  0.031
 79140,  0.700,  0.059,  0.784,  0.081, -0.013,  0.024
 79200,  0.573,  0.143,  0.838,  0.081, -0.008,  0.091
 79260,  0.661,  0.058,  0.852,  0.114,  0.017,  0.009
 79320,  0.558,  0.073,  0.835,  0.069, -0.047,  0.022
 79380,  0.580,  0.111,  0.950,  0.123,  0.036, -0.021
 79440,  0.626,  0.162,  1.048,  0.126,  0.094,  0.076
 79500,  0.560, -0.031,  1.098,  0.116,  0.041,  0.054
 79560,  0.454,  0.019,  1.108,  0.128,  0.073,  0.126
 79620,  0.681,  0.040,  1.087,  0.149,  0.089,  0.103
 79680,  0.526,  0.109,  1.113,  0.111,  0.105,  0.275
 79740,  0.384,  0.027,  1.017,  0.151,  0.114,  0.387
 79800,  0.539,  0.040,  1.070,  0.200,  0.058,  0.295
 79860,  0.542, -0.004,  1.161,  0.167,  0.129,  0.328
 79920,  0.435, -0.004,  1.090,  0.124,  0.129,  0.512
 79980,  0.691, -0.014,  1.153,  0.149,  0.148,  0.236
 80040,  0.577, -0.001,  1.111,  0.132,  0.101,  0.792
 80100,  0.527, -0.095,  1.009,  0.166,  0.235,  0.709
 80160, -9999.000, -9999.000, -9999.000, -9999.000, -9999.000, -9999.000
 80220,  0.649, -0.011,  1.083,  0.179,  0.098,  0.960
 80280,  0.724, -0.028,  1.061,  0.130,  0.154,  1.087
 80340,  0.675,  0.072,  1.087,  0.120,  0.152,  0.915
 80400,  0.535, -0.026,  1.108,  0.155,  0.059,  0.703
 80460,  0.677,  0.004,  1.207,  0.132,  0.153,  0.594
 80520,  0.687, -0.059,  1.160,  0.121,  0.179,  0.496
 80580,  0.173, -0.040,  1.082,  0.139,  0.040,  0.249
 80640,  0.629, -0.022,  1.217,  0.165,  0.179,  0.356
 80700,  0.664, -0.089,  1.231,  0.146,  0.186,  0.329
 80760,  0.725, -0.094,  1.092,  0.098,  0.110,  0.327
 80820,  0.588, -0.087,  1.328,  0.215,  0.190,  0.195
 80880,  0.607, -0.081,  1.210,  0.167,  0.225,  0.159
 80940,  0.708, -0.080,  0.970,  0.145,  0.185,  0.105
 81000,  0.707, -0.102,  0.924,  0.092,  0.147,  0.087
 81060,  0.640, -0.080,  1.047,  0.165,  0.205,  0.117
 81120,  0.656, -0.132,  1.190,  0.180,  0.200,  0.078
 81180,  0.619, -0.001,  1.032,  0.124,  0.188,  0.050
 81240,  0.668, -0.038,  1.015,  0.117,  0.142, -0.008
 81300,  0.814, -0.065,  1.173,  0.108,  0.216,  0.031
 81360,  0.756, -0.119,  0.951,  0.109,  0.179,  0.078
 81420,  0.952, -0.131,  0.928,  0.138,  0.277,  0.038
 81480,  0.743, -0.134,  1.014,  0.137,  0.142,  0.084
 81540,  0.854, -0.110,  1.055,  0.099,  0.203,  0.060
 81600,  0.749, -0.074,  1.086,  0.112,  0.249,  0.024
 81660,  0.882,  0.002,  0.930,  0.131,  0.260,  0.033
 81720,  0.989, -0.052,  0.919,  0.120,  0.145,  0.079
 81780,  0.755, -0.015,  1.099,  0.168,  0.167,  0.042
 81840,  0.835, -0.033,  0.883,  0.132,  0.182,  0.019
 81900,  0.833, -0.136,  1.028,  0.089,  0.201,  0.064
 81960,  0.804, -0.088,  0.867,  0.101,  0.295,  0.123
 82020,  0.870, -0.091,  0.781,  0.181,  0.166,  0.135
 82080,  0.854, -0.054,  1.155,  0.126,  0.225,  0.066
 82140,  0.944, -0.067,  1.019,  0.143,  0.271,  0.040
 82200,  0.833, -0.069,  0.970,  0.123,  0.202, -0.049
 82260,  0.799, -0.112,  0.920,  0.092,  0.096,  0.055
 82320,  1.031, -0.121,  0.931,  0.127,  0.206,  0.080
 82380,  0.907, -0.054,  0.918,  0.121,  0.137,  0.016
 82440,  0.794, -0.067,  1.026,  0.097,  0.132,  0.021
 82500,  0.824, -0.059,  1.074,  0.107,  0.138, -0.035
 82560,  0.883, -0.029,  1.048,  0.073,  0.143, -0.079
 82620,  0.875,  0.010,  1.008,  0.085,  0.155,  0.093
 82680,  0.580, -0.025,  0.993,  0.094,  0.106, -0.005
 82740,  0.828,  0.008,  0.867,  0.092,  0.129,  0.041
 82800,  0.954,  0.060,  1.033,  0.072,  0.086,  0.004
 82860,  0.737,  0.118,  1.039,  0.059,  0.059,  0.005
 82920,  0.797,  0.012,  0.965,  0.104,  0.056,  0.096
 82980,  0.825,  0.024,  0.902,  0.076,  0.056,  0.087
 83040,  0.955,  0.024,  1.028,  0.093,  0.107, -0.050
 83100,  0.910,  0.072,  0.888,  0.091,  0.079,  0.008
 83160,  0.960,  0.092,  0.977,  0.094,  0.093,  0.027
 83220,  0.537,  0.082,  1.008,  0.068,  0.010, -0.032
 83280,  0.877,  0.082,  1.048,  0.104,  0.092, -0.060
 83340,  0.818,  0.076,  1.202,  0.092,  0.087,  0.007
 83400,  0.640,  0.127,  1.024,  0.084,  0.040, -0.048
 83460,  0.782,  0.076,  1.235,  0.088,  0.066, -0.038
 83520,  0.572,  0.258,  1.011,  0.079,  0.004, -0.063
 83580,  0.781,  0.119,  0.999,  0.114,  0.079, -0.011
 83640,  0.681,  0.125,  0.963,  0.115,  0.037, -0.086
 83700,  0.817,  0.162,  1.056,  0.100,  0.058,  0.034
 83760,  0.904,  0.094,  0.990,  0.083,  0.076, -0.062
 83820, -9999.000, -9999.000, -9999.000, -9999.000, -9999.000, -9999.000
 83880,  0.895,  0.345,  0.971,  0.210,  0.033, -0.180
 83940,  0.786,  0.207,  1.124,  0.091,  0.045, -0.082
 84000,  0.755,  0.193,  1.136,  0.100,  0.074, -0.066
 84060,  0.887,  0.076,  1.204,  0.089,  0.082, -0.037
 84120,  0.733,  0.195,  1.143,  0.075,  0.107, -0.066
 84180,  0.564,  0.164,  0.838,  0.087,  0.017, -0.063
 84240,  0.730,  0.182,  1.078,  0.092,  0.018,  0.014
 84300,  0.861,  0.294,  1.087,  0.074,  0.103, -0.040
 84360,  0.916,  0.190,  0.915,  0.062,  0.077,  0.023
 84420,  0.801,  0.195,  1.327,  0.081,  0.063, -0.063
 84480,  0.653,  0.172,  0.875,  0.101,  0.103, -0.069
 84540,  0.945,  0.284,  0.965,  0.096,  0.075,  0.008
 84600,  0.959,  0.180,  1.119,  0.131,  0.082, -0.008
 84660,  0.798,  0.138,  0.943,  0.042,  0.118, -0.005
 84720,  0.802,  0.240,  1.130,  0.081,  0.068,  0.118
 84780,  0.836,  0.140,  0.938,  0.095,  0.096,  0.181
 84840,  0.707,  0.158,  0.948,  0.077,  0.056,  0.077
 84900,  0.670,  0.160,  0.977,  0.086,  0.095,  0.029
 84960,  0.832,  0.236,  1.097,  0.100,  0.082,  0.012
 85020,  0.753,  0.123,  0.900,  0.107,  0.063,  0.073
 85080,  0.771,  0.081,  0.976,  0.043,  0.120,  0.071
 85140,  0.662,  0.144,  1.080,  0.066,  0.088,  0.020
 85200,  0.667,  0.163,  1.004,  0.087,  0.078,  0.090
 85260,  0.757,  0.134,  0.962,  0.090,  0.118,  0.021
 85320,  0.794,  0.141,  1.016,  0.084,  0.076,  0.195
 85380,  0.690,  0.124,  0.994,  0.108,  0.111,  0.114
 85440,  0.638,  0.168,  0.930,  0.083,  0.182,  0.094
 85500,  0.810,  0.088,  1.071,  0.092,  0.081,  0.067
 85560,  0.760,  0.192,  0.972,  0.089,  0.085,  0.071
 85620,  0.784,  0.125,  0.694,  0.113,  0.138,  0.095
 85680, -9999.000, -9999.000, -9999.000, -9999.000, -9999.000, -9999.000
 85740,  0.630,  0.064,  1.014,  0.075,  0.116,  0.174
 85800,  0.612,  0.057,  1.013,  0.125,  0.083,  0.090
 85860,  0.631,  0.086,  0.893,  0.075,  0.049,  0.070
 85920,  0.823,  0.134,  1.061,  0.099,  0.127,  0.052
 85980,  0.644,  0.140,  1.127,  0.087,  0.224,  0.019
 86040,  0.579,  0.097,  0.878,  0.111,  0.160,  0.136
 86100,  0.074, -0.017,  0.840,  0.069,  0.025, -0.051
 86160,  0.430,  0.057,  0.837,  0.070,  0.089,  0.018
 86220,  0.721,  0.093,  0.860,  0.117,  0.115,  0.011
 86280,  0.385,  0.132,  0.915,  0.084,  0.105,  0.096
 86340,  0.449,  0.070,  1.010,  0.112,  0.036,  0.098
