CampaignData_and_Merges/R0/CSL_MobileLab_Parked/raw/20240727/USOS-NOy-LIF_MobileLabGround_20240727_R0.ict
39,1001
Rollins, A.; Waxman, E.; Zuraski, K.; Chace, W.
NOAA Chemical Sciences Laboratory
LIF NO/NOx/NOy on CSL Mobile Lab
AMMBEC / USOS
1, 1
2024,07,27, 2025,01,04
1
Time_Start, seconds, number_of_seconds_since_0000_UTC
7
1, 1, 1, 1, 1, 1, 1
-9999, -9999, -9999, -9999, -9999, -9999, -9999
Time_Stop, seconds, number_of_seconds_since_0000_UTC
NO_LIF, pptv, Gas_NO_InSitu_S_AVMR, volume mixing ratio of nitric oxide in air
NO2_LIF, pptv, Gas_NO2_InSitu_S_AVMR, volume mixing ratio of nitrogen dioxide in air
NOy_LIF, pptv, Gas_NOy_InSitu_S_AVMR, volume mixing ratio of total oxidized nitrogen in air
NO_LIF_1SigmaAccuracy, pptv, Gas_NO_InSitu_S_AVMR, volume mixing ratio of nitric oxide in air
NO2_LIF_1SigmaAccuracy, pptv, Gas_NO2_InSitu_S_AVMR, volume mixing ratio of nitrogen dioxide in air
NOy_LIF_1SigmaAccuracy, pptv, Gas_NOy_InSitu_S_AVMR, volume mixing ratio of total oxidized nitrogen in air
0
18
PI_CONTACT_INFO: andrew.rollins@noaa.gov
PLATFORM: CSL Mobile Lab
LOCATION: Salt Lake City, UT
ASSOCIATED_DATA:
INSTRUMENT_INFO: NO detection by laser induced fluorescence. NO2 detection by photolytic conversion to NO. NOy detection by catalytic conversion to NO on gold surface
DATA_INFO:
UNCERTAINTY: Included 1 Sigma Accuracy waves represent the combined calibration uncertainties (±6%, ±9%, ±10%) and zero uncertainties (3 ppt, 20 ppt, 100 ppt) for NO, NO2, and NOy, respectively.
ULOD_FLAG: -7777
ULOD_VALUE: N/A
LLOD_FLAG: -8888
LLOD_VALUE: N/A
DM_CONTACT_INFO: andrew.rollins@noaa.gov
PROJECT_INFO: USOS Project, July - August 2024
STIPULATIONS_ON_USE: Users are strongly encouraged to contact the PI for proper data usage.
OTHER_COMMENTS:
REVISION: R0
R0: final data
Time_Start, Time_Stop, NO_LIF, NO2_LIF, NOy_LIF, NO_LIF_1SigmaAccuracy, NO2_LIF_1SigmaAccuracy, NOy_LIF_1SigmaAccuracy
[from data line 526]
   31560,   31620,-9999,-9999,-9999,-9999, -9999, -9999
   31620,   31680,-9999,-9999,-9999,-9999, -9999, -9999
   31680,   31740,-9999,-9999,-9999,-9999, -9999, -9999
   31740,   31800,-9999,-9999,-9999,-9999, -9999, -9999
   31800,   31860,-9999,-9999,-9999,-9999, -9999, -9999
   31860,   31920,10.923,3901.2,5615.2,3.6554, 371.11, 661.52
   31920,   31980,8.2502,3805.8,5524.5,3.495, 362.52, 652.45
   31980,   32040,6.8509,3922.8,5573.2,3.4111, 373.05, 657.32
   32040,   32100,8.6817,4100,5659.2,3.5209, 389, 665.92
   32100,   32160,7.5676,4243.9,5796.3,3.4541, 401.95, 679.63
   32160,   32220,7.4694,4701.9,6180.7,3.4482, 443.17, 718.07
   32220,   32280,8.504,5018.2,6519.9,3.5102, 471.64, 751.99
   32280,   32340,7.1485,5396.9,6870.7,3.4289, 505.72, 787.07
   32340,   32400,9.0932,5796.7,7374.3,3.5456, 541.7, 837.43
   32400,   32460,16.182,6105.2,7705.4,3.9709, 569.46, 870.54
   32460,   32520,9.3631,6063.8,7649.8,3.5618, 565.74, 864.98
   32520,   32580,11.288,6252.7,7827,3.6773, 582.75, 882.7
   32580,   32640,24.485,6449.4,7973.2,4.4691, 600.45, 897.32
   32640,   32700,30.099,6289.6,7825.8,4.8059, 586.06, 882.58
   32700,   32760,25.909,6116.7,7739,4.5545, 570.51, 873.9
   32760,   32820,15.157,5537.6,7356.3,3.9094, 518.38, 835.63
   32820,   32880,12.931,5009.2,6544.8,3.7759, 470.83, 754.48
   32880,   32940,9.4762,4702,6102.7,3.5686, 443.18, 710.27
   32940,   33000,21.503,4885.1,6362.4,4.2902, 459.66, 736.24
   33000,   33060,21.138,4431,6052.4,4.2683, 418.79, 705.24
   33060,   33120,17.813,4005.3,5312.3,4.0688, 380.48, 631.23
   33120,   33180,36.154,4097.2,5301.7,5.1693, 388.75, 630.17
   33180,   33240,18.408,3968.2,5302.9,4.1045, 377.14, 630.29
   33240,   33300,9.6639,3693.6,4842.4,3.5798, 352.42, 584.24
   33300,   33360,33.173,3642.4,5181.8,4.9904, 347.81, 618.18
   33360,   33420,30.996,3263.9,4427.5,4.8598, 313.76, 542.75
   33420,   33480,53.399,3159.1,4407.7,6.204, 304.32, 540.77
   33480,   33540,47.701,2960.5,4149.2,5.862, 286.44, 514.92
   33540,   33600,30.532,2971.3,4072.3,4.8319, 287.42, 507.23
   33600,   33660,20.899,2993.5,4251.9,4.254, 289.42, 525.19
   33660,   33720,21.874,3077.1,4317.2,4.3125, 296.94, 531.72
   33720,   33780,10.161,2972.9,4001.2,3.6096, 287.56, 500.12
   33780,   33840,17.647,3084.4,4194.3,4.0588, 297.6, 519.43
   33840,   33900,7.2547,2994.8,4249,3.4353, 289.53, 524.9
   33900,   33960,14.233,3107.4,4333.3,3.854, 299.66, 533.33
   33960,   34020,7.3319,3088.6,4721.8,3.4399, 297.98, 572.18
   34020,   34080,6.5672,3165.9,4882.4,3.394, 304.93, 588.24
   34080,   34140,22.578,3298.4,4707.8,4.3547, 316.86, 570.78
   34140,   34200,59.549,3459.9,4795.9,6.573, 331.39, 579.59
   34200,   34260,24.042,3389.8,4793.4,4.4425, 325.08, 579.34
   34260,   34320,14.341,3242.9,4636.6,3.8605, 311.86, 563.66
   34320,   34380,41.512,3587.1,5109.9,5.4907, 342.84, 610.99
   34380,   34440,37.778,3607.7,5099.2,5.2667, 344.7, 609.92
   34440,   34500,23.525,3379.4,4982.9,4.4115, 324.15, 598.29
   34500,   34560,42.338,3415.6,4961.7,5.5403, 327.4, 596.17
   34560,   34620,21.591,3276.6,4892.3,4.2954, 314.89, 589.23
   34620,   34680,20.499,3317.6,4867.7,4.2299, 318.59, 586.77
   34680,   34740,92.862,3467.7,4933.3,8.5717, 332.09, 593.33
   34740,   34800,60.287,3429.9,5824.3,6.6172, 328.69, 682.43
   34800,   34860,22.026,3363.4,4880.7,4.3215, 322.7, 588.07
   34860,   34920,20.115,3332.5,4820.6,4.2069, 319.93, 582.06
   34920,   34980,25.123,3350.4,4858.5,4.5074, 321.54, 585.85
   34980,   35040,24.016,3320.4,4856.1,4.441, 318.84, 585.61
   35040,   35100,23.267,3180.4,4756.3,4.396, 306.24, 575.63
   35100,   35160,18.002,3104.2,4633.2,4.0801, 299.37, 563.32
   35160,   35220,18.378,2921.4,4401.9,4.1027, 282.92, 540.19
   35220,   35280,14.372,2881.6,4302.6,3.8623, 279.34, 530.26
   35280,   35340,11.837,2850.1,4284.2,3.7102, 276.51, 528.42
   35340,   35400,15.419,2944.1,4540,3.9251, 284.97, 554
   35400,   35460,10.336,2916.3,4386.9,3.6202, 282.47, 538.69
   35460,   35520,9.3654,2852.4,4273.6,3.5619, 276.71, 527.36
   35520,   35580,14.895,2963.5,4315.4,3.8937, 286.72, 531.54
   35580,   35640,20.894,2827.6,4306,4.2536, 274.48, 530.6
   35640,   35700,9.5507,2393.3,3710.4,3.573, 235.4, 471.04
   35700,   35760,10.878,2214.5,3517.3,3.6527, 219.3, 451.73
   35760,   35820,15.522,2172.9,3296.2,3.9313, 215.56, 429.62
   35820,   35880,9.5471,2126.2,3302.6,3.5728, 211.36, 430.26
   35880,   35940,8.575,2079.5,3195.3,3.5145, 207.15, 419.53
   35940,   36000,160.66,2899.1,3782.8,12.64, 280.92, 478.28
   36000,   36060,28.913,2408.4,3788.9,4.7348, 236.76, 478.89
   36060,   36120,29.965,2516.7,3754.1,4.7979, 246.5, 475.41
   36120,   36180,143.05,3217.8,4706,11.583, 309.61, 570.6
   36180,   36240,38.705,2834.3,4616.1,5.3223, 275.09, 561.61
   36240,   36300,31.827,2744.2,4079.2,4.9096, 266.97, 507.92
   36300,   36360,27.622,2820.1,4340,4.6573, 273.81, 534
   36360,   36420,18.665,2609.6,4044.1,4.1199, 254.86, 504.41
   36420,   36480,76.686,3054.8,4486.5,7.6011, 294.93, 548.65
   36480,   36540,42.706,3004.9,4343.5,5.5624, 290.44, 534.35
   36540,   36600,23.358,2836.2,4082.5,4.4015, 275.26, 508.25
   36600,   36660,17.943,2823.2,4244.2,4.0766, 274.09, 524.42
   36660,   36720,23.763,2910.1,4328.9,4.4258, 281.91, 532.89
   36720,   36780,14.389,2834.7,4239.5,3.8634, 275.12, 523.95
   36780,   36840,9.5869,2735.2,3931.2,3.5752, 266.16, 493.12
   36840,   36900,8.151,2847.4,4020.7,3.4891, 276.27, 502.07
   36900,   36960,15.721,2910.2,4088.9,3.9433, 281.92, 508.89
   36960,   37020,10.95,2936.2,4116.8,3.657, 284.26, 511.68
   37020,   37080,31.394,3154.6,4386.3,4.8836, 303.92, 538.63
   37080,   37140,14.902,2656,4297.3,3.8941, 259.04, 529.73
   37140,   37200,33.887,2726.7,3934.4,5.0332, 265.4, 493.44
   37200,   37260,59.699,2799.4,4082,6.5819, 271.95, 508.2
   37260,   37320,74.686,3089.5,4587,7.4811, 298.06, 558.7
   37320,   37380,44.265,3138.9,4646.7,5.6559, 302.5, 564.67
   37380,   37440,42.962,3180.1,4419.8,5.5777, 306.21, 541.98
   37440,   37500,125.95,3762.7,4978.3,10.557, 358.65, 597.83
   37500,   37560,22.035,2872.3,4730.7,4.3221, 278.51, 573.07
   37560,   37620,44.741,3033,4344.2,5.6845, 292.97, 534.42
   37620,   37680,48.217,3334.1,4602.1,5.893, 320.07, 560.21
   37680,   37740,20.202,3081.1,4640.7,4.2121, 297.3, 564.07
   37740,   37800,15.855,2986.3,4460.1,3.9513, 288.76, 546.01
   37800,   37860,9.3803,2787.3,4280.6,3.5628, 270.86, 528.06
   37860,   37920,13.663,2880.9,4447.6,3.8198, 279.28, 544.76
   37920,   37980,7.5971,2710.8,4124.7,3.4558, 263.97, 512.47
   37980,   38040,19.886,2461.1,3758.4,4.1932, 241.5, 475.84
   38040,   38100,60.045,2609.6,4036,6.6027, 254.87, 503.6
   38100,   38160,55.754,2251.7,3701.7,6.3453, 222.66, 470.17
   38160,   38220,40.744,2208.1,3362.1,5.4446, 218.73, 436.21
   38220,   38280,28.493,1926.5,3032.8,4.7096, 193.38, 403.28
   38280,   38340,14.523,1841.1,2899,3.8714, 185.7, 389.9
   38340,   38400,14.283,1786,2898.4,3.857, 180.74, 389.84
   38400,   38460,29.496,1781.1,2850.6,4.7698, 180.3, 385.06
   38460,   38520,112.54,1944.8,2993.7,9.7523, 195.03, 399.37
   38520,   38580,125.76,2242.9,3301.9,10.546, 221.86, 430.19
   38580,   38640,16.652,1764.2,2955.5,3.9991, 178.78, 395.55
   38640,   38700,11.461,1666.6,2666.4,3.6877, 170, 366.64
   38700,   38760,13.643,1619.9,2631.5,3.8186, 165.79, 363.15
   38760,   38820,27.52,1635.8,2700.5,4.6512, 167.22, 370.05
   38820,   38880,19.794,1610.3,2662.3,4.1877, 164.92, 366.23
   38880,   38940,24.712,1630.1,2730.3,4.4827, 166.71, 373.03
   38940,   39000,119.44,1983.2,2944.4,10.166, 198.49, 394.44
   39000,   39060,161.14,2371,3595.1,12.668, 233.39, 459.51
   39060,   39120,31.719,1933.7,2968.5,4.9031, 194.04, 396.85
   39120,   39180,17.9,1762.7,2766.3,4.074, 178.64, 376.63
   39180,   39240,14.255,1742.9,2778.8,3.8553, 176.86, 377.88
   39240,   39300,9.5097,1658.2,2679.1,3.5706, 169.23, 367.91
   39300,   39360,10.404,1637.2,2869.5,3.6242, 167.35, 386.95
   39360,   39420,37.124,1818.8,2889.6,5.2274, 183.69, 388.96
   39420,   39480,-9999,-9999,-9999,-9999, -9999, -9999
   39480,   39540,-9999,-9999,-9999,-9999, -9999, -9999
   39540,   39600,-9999,-9999,-9999,-9999, -9999, -9999
   39600,   39660,-9999,-9999,-9999,-9999, -9999, -9999
   39660,   39720,-9999,-9999,-9999,-9999, -9999, -9999
   39720,   39780,-9999,-9999,-9999,-9999, -9999, -9999
   39780,   39840,-9999,-9999,-9999,-9999, -9999, -9999
   39840,   39900,20.122,1529.3,2617.8,4.2073, 157.64, 361.78
   39900,   39960,35.436,1705.2,2702.7,5.1262, 173.47, 370.27
   39960,   40020,15.339,1667,2662.3,3.9204, 170.03, 366.23
   40020,   40080,19.373,1571.6,2553.9,4.1624, 161.45, 355.39
   40080,   40140,14.168,1515.1,2491.3,3.8501, 156.36, 349.13
   40140,   40200,9.072,1483.6,2432.2,3.5443, 153.52, 343.22
   40200,   40260,13.676,1543.2,2451.5,3.8205, 158.89, 345.15
   40260,   40320,22.768,1665.1,2672.8,4.3661, 169.86, 367.28
   40320,   40380,38.908,1814,2858,5.3345, 183.26, 385.8
   40380,   40440,8.4335,1639.1,2562.1,3.506, 167.52, 356.21
   40440,   40500,12.289,1764.9,2710,3.7373, 178.85, 371
   40500,   40560,8.2598,1684.4,2660.4,3.4956, 171.6, 366.04
   40560,   40620,5.7874,1604.4,2710.7,3.3472, 164.4, 371.07
   40620,   40680,5.3954,1748.7,2885,3.3237, 177.38, 388.5
   40680,   40740,16.475,2022.2,3071.5,3.9885, 202, 407.15
   40740,   40800,16.402,2261.8,3134.4,3.9841, 223.56, 413.44
   40800,   40860,7.223,2057.5,3196.5,3.4334, 205.18, 419.65
   40860,   40920,9.9106,1770.1,3053,3.5946, 179.31, 405.3
   40920,   40980,20.251,1772.7,2837,4.2151, 179.55, 383.7
   40980,   41040,21.28,1675.4,2741.5,4.2768, 170.78, 374.15
   41040,   41100,30.572,1926.1,2908.4,4.8343, 193.34, 390.84
   41100,   41160,12.778,1858,2853.6,3.7667, 187.22, 385.36
   41160,   41220,26.471,1915.5,2822.9,4.5883, 192.4, 382.29
   41220,   41280,48.058,1886.6,2996.9,5.8835, 189.79, 399.69
   41280,   41340,21.267,1805.6,2940.4,4.276, 182.5, 394.04
   41340,   41400,16.722,1609.7,2879.6,4.0033, 164.87, 387.96
   41400,   41460,40.95,1932.4,3088.9,5.457, 193.92, 408.89
   41460,   41520,37.347,1865.1,3089.2,5.2408, 187.86, 408.92
   41520,   41580,31.142,1957.3,3116.5,4.8685, 196.16, 411.65
   41580,   41640,40.55,2044.6,3360.7,5.433, 204.02, 436.07
   41640,   41700,53.053,2394.9,3503.9,6.1832, 235.54, 450.39
   41700,   41760,18.53,2133.7,3312.3,4.1118, 212.03, 431.23
   41760,   41820,16.749,2070.9,3069.4,4.0049, 206.38, 406.94
   41820,   41880,25.452,2154,3198.4,4.5271, 213.86, 419.84
   41880,   41940,16.561,2032.5,3192.6,3.9936, 202.92, 419.26
   41940,   42000,15.133,2081.7,3031.1,3.908, 207.35, 403.11
   42000,   42060,22.442,2200.1,3230.1,4.3465, 218.01, 423.01
   42060,   42120,24.803,2269.8,3265,4.4882, 224.28, 426.5
   42120,   42180,37.643,2409,3553.1,5.2586, 236.81, 455.31
   42180,   42240,80.812,2548.4,3721.8,7.8487, 249.35, 472.18
   42240,   42300,69.134,2568.5,3724.6,7.148, 251.16, 472.46
   42300,   42360,24.621,4967.2,5871.9,4.4773, 467.05, 687.19
   42360,   42420,27.374,4331,5844.8,4.6424, 409.79, 684.48
   42420,   42480,39.252,4684.9,6196.9,5.3551, 441.64, 719.69
   42480,   42540,12.001,4831.2,6265.1,3.7201, 454.81, 726.51
   42540,   42600,15.34,5120.1,6503.4,3.9204, 480.81, 750.34
   42600,   42660,14.248,5209.6,6794.6,3.8549, 488.87, 779.46
   42660,   42720,10.425,5072.1,6627.4,3.6255, 476.49, 762.74
   42720,   42780,21.465,5253.1,6871.7,4.2879, 492.78, 787.17
   42780,   42840,24.211,5372,7063.7,4.4527, 503.48, 806.37
   42840,   42900,24.015,5671.1,7254.8,4.4409, 530.4, 825.48
   42900,   42960,12.362,5653.4,7350.1,3.7417, 528.8, 835.01
   42960,   43020,12.216,5835.9,7451.1,3.733, 545.23, 845.11
   43020,   43080,15.369,5906.7,7652.1,3.9222, 551.6, 865.21
   43080,   43140,15.062,5920.9,7582.7,3.9037, 552.88, 858.27
   43140,   43200,15.403,6127.4,7795.7,3.9242, 571.46, 879.57
   43200,   43260,15.123,6157.6,7958.7,3.9074, 574.18, 895.87
   43260,   43320,13.122,6173.6,7923.1,3.7873, 575.63, 892.31
   43320,   43380,17.271,6111.3,7846.7,4.0363, 570.02, 884.67
   43380,   43440,12.004,6150.7,7888.2,3.7202, 573.56, 888.82
   43440,   43500,12.78,5958.7,7798.5,3.7668, 556.28, 879.85
   43500,   43560,15.363,5878.1,7696.1,3.9218, 549.03, 869.61
   43560,   43620,12.885,5858,7904.8,3.7731, 547.22, 890.48
   43620,   43680,15.602,5937.1,7800.7,3.9361, 554.34, 880.07
   43680,   43740,15.652,6209.5,8520.2,3.9391, 578.85, 952.02
   43740,   43800,22.819,6788.1,8921.6,4.3691, 630.93, 992.16
   43800,   43860,30.515,6755.8,8986.9,4.8309, 628.02, 998.69
   43860,   43920,29.137,6436.9,8931.6,4.7482, 599.32, 993.16
   43920,   43980,24.386,6178.3,8480.4,4.4631, 576.05, 948.04
   43980,   44040,39.309,5789.2,7965.4,5.3586, 541.03, 896.54
   44040,   44100,170.97,6011.9,7903.5,13.258, 561.07, 890.35
   44100,   44160,204.03,6608.1,9041.5,15.242, 614.73, 1004.2
   44160,   44220,60.064,5757.1,8295.6,6.6038, 538.14, 929.56
   44220,   44280,24.074,4776.9,7221.9,4.4444, 449.92, 822.19
   44280,   44340,32.976,5207.8,6610.8,4.9786, 488.7, 761.08
   44340,   44400,52.513,5426.3,7185.4,6.1508, 508.37, 818.54
   44400,   44460,70.833,5625.8,7263.3,7.25, 526.32, 826.33
   44460,   44520,74.912,5061.4,7266.6,7.4947, 475.52, 826.66
   44520,   44580,47.01,4767.4,6849.8,5.8206, 449.06, 784.98
   44580,   44640,133.1,5047.3,6518.1,10.986, 474.26, 751.81
   44640,   44700,116.33,5310.9,7867.5,9.98, 497.98, 886.75
   44700,   44760,66.581,4365,7287.9,6.9948, 412.85, 828.79
   44760,   44820,64.62,4541.8,7128,6.8772, 428.77, 812.8
   44820,   44880,2341.2,6522.5,16727,143.47, 607.03, 1772.7
   44880,   44940,274.63,3143.6,12401,19.478, 302.92, 1340.1
   44940,   45000,21.744,1704.6,2763.8,4.3046, 173.41, 376.38
   45000,   45060,30.428,2073.9,3501.7,4.8257, 206.65, 450.17
   45060,   45120,28.04,1596.3,2824.4,4.6824, 163.66, 382.44
   45120,   45180,30.288,1291.6,2210.5,4.8173, 136.24, 321.05
   45180,   45240,27.826,1276.7,2105.4,4.6696, 134.9, 310.54
   45240,   45300,54.055,1511.2,2399,6.2433, 156.01, 339.9
   45300,   45360,120.79,1794,2862.3,10.247, 181.46, 386.23
   45360,   45420,75.512,1776,2773.5,7.5307, 179.84, 377.35
   45420,   45480,552.82,2825.4,3629.6,36.169, 274.28, 462.96
   45480,   45540,644.51,3065.2,5683.4,41.671, 295.87, 668.34
   45540,   45600,209.71,2244,3434.8,15.582, 221.96, 443.48
   45600,   45660,394.41,2652,4349.7,26.664, 258.68, 534.97
   45660,   45720,391.34,2777.6,3797.2,26.48, 269.98, 479.72
   45720,   45780,219.43,2664.5,4323.5,16.166, 259.8, 532.35
   45780,   45840,70.732,2467.1,3603.8,7.2439, 242.04, 460.38
   45840,   45900,120.42,2903.5,3963.6,10.225, 281.32, 496.36
   45900,   45960,121.9,3334.9,4427.5,10.314, 320.14, 542.75
   45960,   46020,255.81,3715.6,4968.5,18.348, 354.4, 596.85
   46020,   46080,261.85,3921.4,5691.4,18.711, 372.92, 669.14
   46080,   46140,225.91,3734.3,5142.1,16.554, 356.08, 614.21
   46140,   46200,2149.4,5857.8,10952,131.96, 547.21, 1195.2
   46200,   46260,475.37,4623.2,7447.6,31.522, 436.09, 844.76
   46260,   46320,1412,5964.4,7257,87.722, 556.79, 825.7
   46320,   46380,178.6,4030.3,5988.7,13.716, 382.73, 698.87
   46380,   46440,194.17,4105.3,5502.5,14.65, 389.48, 650.25
   46440,   46500,468.51,4448.1,5124,31.111, 420.33, 612.4
   46500,   46560,1886,6256.6,8895.3,116.16, 583.09, 989.53
   46560,   46620,1052.7,5764.3,10171,66.163, 538.79, 1117.1
   46620,   46680,306.1,4690.3,6911.4,21.366, 442.13, 791.14
   46680,   46740,196.02,4447,6337.3,14.761, 420.23, 733.73
   46740,   46800,137.74,3469,4659.6,11.264, 332.21, 565.96
   46800,   46860,93.381,2575,4071.7,8.6028, 251.75, 507.17
   46860,   46920,409.28,2816,4208,27.557, 273.44, 520.8
   46920,   46980,145.59,2427.4,4217.9,11.736, 238.47, 521.79
   46980,   47040,730.79,3914,4864.6,46.847, 372.26, 586.46
   47040,   47100,190.11,2646.2,4563.6,14.407, 258.16, 556.36
   47100,   47160,166.26,3200.6,4422.3,12.976, 308.05, 542.23
   47160,   47220,179.07,3437.7,5011.1,13.744, 329.4, 601.11
