CampaignData_and_Merges/R0/CSL_MobileLab_Parked/raw/20240727/USOS-jNO2_MobileLabGround_20240727_R0.ict
52,1001
Waxman, E.; Rollins, A.; Zuraski, K.; Chace, W.
NOAA Chemical Sciences Laboratory
jNO2 filter radiometer on CSL Mobile Lab
AMMBEC / USOS
1, 1
2024,07,27, 2025,04,01
60
Time_Start, seconds, number_of_seconds_since_0000_UTC
20
1, 1, 1, 1, 1, 1, 1, 1, 1, 1, 1, 1, 1, 1, 1, 1, 1, 1, 1, 1
-9999, -9999, -9999, -9999, -9999, -9999, -9999, -9999, -9999, -9999, -9999, -9999, -9999, -9999, -9999, -9999, -9999, -9999, -9999, -9999
Time_Stop, seconds, number_of_seconds_since_0000_UTC
jNO2_meas, per second, photolysis rate of NO2 measured using a filter radiometer.
jBrCl, per second, photolysis rate of BrCl -> Br + Cl calculated in TUV for cloud-free sky with local AOD
jBr2, per second, photolysis rate of Br2 -> Br + Br calculated in TUV for cloud-free sky with local AOD
jCCl4, per second, photolysis rate of CCl4 -> Products calcualted in TUV for cloud-free sky with local AOD
jCH2Oa, per second, photolysis rate of CH2O -> H + HCO calculated in TUV for cloud-free sky with local AOD
jCH2Ob, per second, photolysis rate of CH2O -> H2 + CO calculated in TUV for cloud-free sky with local AOD
jClNO2, per second, photolysis rate of ClNO2 -> Cl + NO2 calculated in TUV for cloud-free sky with local AOD
jClOa, per second, photolysis rate of ClO -> Cl + O(1D) calculated in TUV for cloud-free sky with local AOD
jClOb, per second, photolysis rate of ClO -> Cl + O(3P) calculated in TUV for cloud-free sky with local AOD
jCl2, per second, photolysis rate of Cl2 -> Cl + Cl calculated in TUV for cloud-free sky with local AOD
jHNO2, per second, photolysis rate of HNO2 -> OH + NO calculated in TUV for cloud-free sky with local AOD
jHNO3, per second, photolysis rate of HNO3 -> OH + NO2 calculated in TUV for cloud-free sky with local AOD
jI2, per second, photolysis rate of I2 -> I + I calculated in TUV for cloud-free sky with local AOD
jNO2, per second, photolysis rate of NO2 -> NO + O(3P) calculated in TUV for cloud-free sky with local AOD
jNO3a, per second, photolysis rate of NO3 -> NO + O2 calculated in TUV for cloud-free sky with local AOD
jNO3b, per second, photolysis rate of NO3 -> NO2 + O(3P) calculated in TUV for cloud-free sky with local AOD
jN2O5, per second, photolysis rate of N2O5 -> NO3 + NO + O(3P) calculated in TUV for cloud-free sky with local AOD
jO3, per second, photolysis rate of O3 -> O2 + O(1D) calculated in TUV for cloud-free sky with local AOD
AOD_500nm, unitless, UTC daily mean AOD at 500 nm from an AERONET station located at 40.178 N, -112.452 E
0
18
PI_CONTACT_INFO: eleanor.waxman@noaa.gov
PLATFORM: CSL Mobile Lab, at ground site
LOCATION: Salt Lake City, UT
ASSOCIATED_DATA:
INSTRUMENT_INFO: jNO2 filter radiometer.  TUV calculations are for mobile van lat/lon/altitude assuming clear sky (cloud AOD = 0) and daily mean AOD.
DATA_INFO:
UNCERTAINTY: Data uncertainties are +/- 20%.  These come from uncertainties in radiometer angular response, radiometer thermal response, local interferences from clouds/aerosols/shadows etc.
ULOD_FLAG: -7777
ULOD_VALUE: N/A
LLOD_FLAG: -8888
LLOD_VALUE: N/A
DM_CONTACT_INFO: eleanor.waxman@noaa.gov
PROJECT_INFO: USOS Project, July - August 2024
STIPULATIONS_ON_USE: Users are strongly encouraged to contact the PI for proper data usage.
OTHER_COMMENTS: 
REVISION: R0
R0: final data
Time_Start, Time_Stop, jNO2_meas, jBrCl, jBr2, jCCl4, jCH2Oa, jCH2Ob, jClNO2, jClOa, jClOb, jCl2, jHNO2, jHNO3, jI2, jNO2, jNO3a, jNO3b, jN2O5, jO3, AOD_500nm
[from data line 1207]
   72420,   72480,0.0085976,0.01041,0.03215,4.374e-22,2.981e-05,4.442e-05,0.0004404,2.187e-22,4.468e-05,0.002169,0.001416,5.423e-07,0.1174,0.008755,0.02313,0.1832,3.949e-05,2.944e-05,0.745
   72480,   72540,0.0085423,0.01041,0.03214,4.295e-22,2.979e-05,4.44e-05,0.0004402,2.147e-22,4.462e-05,0.002168,0.001415,5.417e-07,0.1174,0.00875,0.02312,0.1831,3.946e-05,2.94e-05,0.745
   72540,   72600,0.0084807,0.0104,0.03213,4.212e-22,2.976e-05,4.437e-05,0.0004399,2.105e-22,4.456e-05,0.002166,0.001414,5.411e-07,0.1173,0.008746,0.02311,0.1831,3.943e-05,2.935e-05,0.745
   72600,   72660,0.0083605,0.0104,0.03212,4.129e-22,2.974e-05,4.433e-05,0.0004395,2.063e-22,4.449e-05,0.002165,0.001413,5.405e-07,0.1173,0.008741,0.02311,0.183,3.94e-05,2.931e-05,0.745
   72660,   72720,0.0082353,0.01039,0.0321,4.05e-22,2.971e-05,4.43e-05,0.0004392,2.023e-22,4.443e-05,0.002164,0.001412,5.399e-07,0.1173,0.008737,0.0231,0.183,3.937e-05,2.927e-05,0.745
   72720,   72780,0.0082344,0.01039,0.03209,3.965e-22,2.968e-05,4.427e-05,0.0004389,1.98e-22,4.436e-05,0.002162,0.001412,5.393e-07,0.1172,0.008732,0.0231,0.1829,3.934e-05,2.922e-05,0.745
   72780,   72840,0.0082573,0.01038,0.03208,3.878e-22,2.966e-05,4.424e-05,0.0004386,1.936e-22,4.429e-05,0.002161,0.001411,5.386e-07,0.1172,0.008727,0.02309,0.1829,3.93e-05,2.917e-05,0.745
   72840,   72900,0.008293,0.01038,0.03207,3.796e-22,2.963e-05,4.421e-05,0.0004383,1.895e-22,4.423e-05,0.00216,0.00141,5.38e-07,0.1171,0.008722,0.02308,0.1828,3.927e-05,2.913e-05,0.745
   72900,   72960,0.0082189,0.01037,0.03205,3.722e-22,2.96e-05,4.417e-05,0.0004379,1.857e-22,4.415e-05,0.002158,0.001409,5.373e-07,0.1171,0.008717,0.02308,0.1828,3.924e-05,2.908e-05,0.745
   72960,   73020,0.008245,0.01037,0.03204,3.633e-22,2.957e-05,4.414e-05,0.0004376,1.813e-22,4.408e-05,0.002157,0.001408,5.366e-07,0.1171,0.008711,0.02307,0.1827,3.92e-05,2.902e-05,0.745
   73020,   73080,0.0083268,0.01036,0.03202,3.552e-22,2.954e-05,4.41e-05,0.0004372,1.772e-22,4.401e-05,0.002155,0.001407,5.359e-07,0.117,0.008706,0.02306,0.1826,3.917e-05,2.898e-05,0.745
   73080,   73140,0.0084176,0.01035,0.03201,3.465e-22,2.951e-05,4.406e-05,0.0004369,1.728e-22,4.393e-05,0.002154,0.001406,5.352e-07,0.117,0.0087,0.02306,0.1826,3.913e-05,2.892e-05,0.745
   73140,   73200,0.0084101,0.01035,0.03199,3.38e-22,2.948e-05,4.402e-05,0.0004365,1.685e-22,4.385e-05,0.002152,0.001405,5.344e-07,0.1169,0.008695,0.02305,0.1825,3.909e-05,2.887e-05,0.745
   73200,   73260,0.0084255,0.01034,0.03198,3.298e-22,2.945e-05,4.399e-05,0.0004361,1.645e-22,4.377e-05,0.00215,0.001404,5.337e-07,0.1169,0.008689,0.02304,0.1824,3.906e-05,2.882e-05,0.745
   73260,   73320,0.0084075,0.01034,0.03196,3.224e-22,2.941e-05,4.395e-05,0.0004357,1.605e-22,4.369e-05,0.002149,0.001403,5.329e-07,0.1168,0.008683,0.02304,0.1824,3.902e-05,2.876e-05,0.745
   73320,   73380,0.0083274,0.01033,0.03195,3.137e-22,2.938e-05,4.391e-05,0.0004353,1.562e-22,4.361e-05,0.002147,0.001402,5.321e-07,0.1168,0.008677,0.02303,0.1823,3.898e-05,2.87e-05,0.745
   73380,   73440,0.0078851,0.01033,0.03193,3.056e-22,2.935e-05,4.387e-05,0.0004349,1.522e-22,4.353e-05,0.002145,0.001401,5.314e-07,0.1167,0.008671,0.02302,0.1822,3.894e-05,2.865e-05,0.745
   73440,   73500,0.0078671,0.01032,0.03192,2.974e-22,2.931e-05,4.383e-05,0.0004345,1.481e-22,4.344e-05,0.002144,0.0014,5.305e-07,0.1167,0.008665,0.02301,0.1822,3.89e-05,2.859e-05,0.745
   73500,   73560,0.0077138,0.01031,0.0319,2.892e-22,2.928e-05,4.378e-05,0.0004341,1.44e-22,4.335e-05,0.002142,0.001399,5.297e-07,0.1166,0.008658,0.023,0.1821,3.886e-05,2.853e-05,0.745
   73560,   73620,0.0077398,0.01031,0.03188,2.817e-22,2.924e-05,4.374e-05,0.0004337,1.402e-22,4.327e-05,0.00214,0.001398,5.289e-07,0.1166,0.008652,0.023,0.182,3.882e-05,2.847e-05,0.745
   73620,   73680,0.0076948,0.0103,0.03186,2.736e-22,2.92e-05,4.37e-05,0.0004332,1.362e-22,4.318e-05,0.002138,0.001397,5.28e-07,0.1165,0.008645,0.02299,0.1819,3.877e-05,2.841e-05,0.745
   73680,   73740,0.0077153,0.01029,0.03185,2.659e-22,2.917e-05,4.365e-05,0.0004328,1.322e-22,4.308e-05,0.002136,0.001396,5.272e-07,0.1165,0.008638,0.02298,0.1819,3.873e-05,2.835e-05,0.745
   73740,   73800,0.0076873,0.01029,0.03183,2.585e-22,2.913e-05,4.361e-05,0.0004324,1.285e-22,4.299e-05,0.002134,0.001395,5.263e-07,0.1164,0.008632,0.02297,0.1818,3.869e-05,2.828e-05,0.745
   73800,   73860,0.0073393,0.01028,0.03181,2.507e-22,2.909e-05,4.356e-05,0.0004319,1.246e-22,4.29e-05,0.002132,0.001393,5.254e-07,0.1164,0.008624,0.02296,0.1817,3.864e-05,2.822e-05,0.745
   73860,   73920,0.0072561,0.01027,0.03179,2.431e-22,2.905e-05,4.351e-05,0.0004314,1.208e-22,4.28e-05,0.00213,0.001392,5.245e-07,0.1163,0.008617,0.02295,0.1816,3.859e-05,2.815e-05,0.745
   73920,   73980,0.0073956,0.01026,0.03177,2.361e-22,2.901e-05,4.347e-05,0.000431,1.173e-22,4.271e-05,0.002128,0.001391,5.236e-07,0.1163,0.00861,0.02294,0.1815,3.855e-05,2.809e-05,0.745
   73980,   74040,0.0071064,0.01026,0.03175,2.287e-22,2.897e-05,4.342e-05,0.0004305,1.136e-22,4.261e-05,0.002126,0.00139,5.226e-07,0.1162,0.008603,0.02293,0.1814,3.85e-05,2.802e-05,0.745
   74040,   74100,0.0070898,0.01025,0.03173,2.214e-22,2.893e-05,4.337e-05,0.00043,1.099e-22,4.251e-05,0.002124,0.001388,5.217e-07,0.1161,0.008595,0.02292,0.1814,3.845e-05,2.795e-05,0.745
   74100,   74160,0.0070979,0.01024,0.03171,2.146e-22,2.889e-05,4.332e-05,0.0004295,1.065e-22,4.241e-05,0.002122,0.001387,5.207e-07,0.1161,0.008588,0.02291,0.1813,3.84e-05,2.788e-05,0.745
   74160,   74220,0.0071366,0.01023,0.03169,2.076e-22,2.885e-05,4.327e-05,0.000429,1.03e-22,4.23e-05,0.00212,0.001386,5.197e-07,0.116,0.00858,0.0229,0.1812,3.835e-05,2.781e-05,0.745
   74220,   74280,0.0073406,0.01023,0.03167,2.007e-22,2.88e-05,4.321e-05,0.0004285,9.952e-23,4.22e-05,0.002118,0.001384,5.187e-07,0.116,0.008572,0.02289,0.1811,3.83e-05,2.774e-05,0.745
   74280,   74340,0.0073331,0.01022,0.03165,1.944e-22,2.876e-05,4.316e-05,0.000428,9.633e-23,4.209e-05,0.002116,0.001383,5.177e-07,0.1159,0.008564,0.02288,0.181,3.825e-05,2.767e-05,0.745
   74340,   74400,0.0064803,0.01021,0.03163,1.877e-22,2.871e-05,4.311e-05,0.0004274,9.3e-23,4.198e-05,0.002113,0.001382,5.167e-07,0.1158,0.008556,0.02287,0.1809,3.82e-05,2.76e-05,0.745
   74400,   74460,0.0063514,0.0102,0.0316,1.812e-22,2.867e-05,4.305e-05,0.0004269,8.974e-23,4.187e-05,0.002111,0.00138,5.156e-07,0.1158,0.008547,0.02286,0.1808,3.815e-05,2.752e-05,0.745
   74460,   74520,0.0070444,0.01019,0.03158,1.752e-22,2.863e-05,4.3e-05,0.0004264,8.672e-23,4.177e-05,0.002109,0.001379,5.146e-07,0.1157,0.008539,0.02285,0.1807,3.809e-05,2.745e-05,0.745
   74520,   74580,0.0078096,0.01018,0.03156,1.69e-22,2.858e-05,4.294e-05,0.0004258,8.36e-23,4.165e-05,0.002106,0.001377,5.135e-07,0.1156,0.008531,0.02284,0.1806,3.804e-05,2.737e-05,0.745
   74580,   74640,0.0076789,0.01018,0.03154,1.629e-22,2.853e-05,4.289e-05,0.0004252,8.055e-23,4.154e-05,0.002104,0.001376,5.125e-07,0.1156,0.008522,0.02283,0.1805,3.798e-05,2.729e-05,0.745
   74640,   74700,0.0076491,0.01017,0.03151,1.573e-22,2.849e-05,4.283e-05,0.0004247,7.774e-23,4.143e-05,0.002101,0.001374,5.114e-07,0.1155,0.008514,0.02282,0.1804,3.793e-05,2.722e-05,0.745
   74700,   74760,0.0074524,0.01016,0.03149,1.515e-22,2.844e-05,4.277e-05,0.0004241,7.483e-23,4.131e-05,0.002099,0.001373,5.103e-07,0.1154,0.008505,0.02281,0.1803,3.787e-05,2.714e-05,0.745
   74760,   74820,0.0073957,0.01015,0.03147,1.458e-22,2.839e-05,4.271e-05,0.0004235,7.198e-23,4.119e-05,0.002096,0.001371,5.091e-07,0.1153,0.008495,0.02279,0.1802,3.781e-05,2.706e-05,0.745
   74820,   74880,0.0071809,0.01014,0.03144,1.406e-22,2.834e-05,4.266e-05,0.0004229,6.938e-23,4.108e-05,0.002094,0.00137,5.08e-07,0.1153,0.008487,0.02278,0.1801,3.776e-05,2.698e-05,0.745
   74880,   74940,0.0067769,0.01013,0.03142,1.352e-22,2.829e-05,4.259e-05,0.0004223,6.669e-23,4.096e-05,0.002091,0.001368,5.069e-07,0.1152,0.008477,0.02277,0.18,3.77e-05,2.69e-05,0.745
   74940,   75000,0.004395,0.01012,0.03139,1.3e-22,2.824e-05,4.253e-05,0.0004217,6.406e-23,4.084e-05,0.002089,0.001367,5.057e-07,0.1151,0.008468,0.02276,0.1799,3.764e-05,2.682e-05,0.745
   75000,   75060,0.0042095,0.01011,0.03137,1.252e-22,2.819e-05,4.247e-05,0.0004211,6.168e-23,4.072e-05,0.002086,0.001365,5.046e-07,0.115,0.008458,0.02275,0.1797,3.758e-05,2.674e-05,0.745
   75060,   75120,0.0042984,0.0101,0.03134,1.202e-22,2.814e-05,4.241e-05,0.0004205,5.919e-23,4.059e-05,0.002083,0.001363,5.034e-07,0.115,0.008449,0.02273,0.1796,3.752e-05,2.665e-05,0.745
   75120,   75180,0.0043746,0.01009,0.03131,1.154e-22,2.808e-05,4.234e-05,0.0004198,5.677e-23,4.046e-05,0.002081,0.001362,5.021e-07,0.1149,0.008439,0.02272,0.1795,3.745e-05,2.656e-05,0.745
   75180,   75240,0.0042865,0.01008,0.03129,1.11e-22,2.803e-05,4.228e-05,0.0004192,5.457e-23,4.034e-05,0.002078,0.00136,5.01e-07,0.1148,0.008429,0.02271,0.1794,3.739e-05,2.648e-05,0.745
   75240,   75300,0.0041781,0.01007,0.03126,1.064e-22,2.798e-05,4.221e-05,0.0004186,5.227e-23,4.021e-05,0.002075,0.001358,4.997e-07,0.1147,0.008419,0.02269,0.1793,3.733e-05,2.639e-05,0.745
   75300,   75360,0.0040951,0.01006,0.03123,1.02e-22,2.792e-05,4.215e-05,0.0004179,5.012e-23,4.008e-05,0.002072,0.001357,4.984e-07,0.1146,0.008408,0.02268,0.1792,3.726e-05,2.63e-05,0.745
   75360,   75420,0.0040336,0.01005,0.0312,9.803e-23,2.787e-05,4.208e-05,0.0004173,4.81e-23,3.996e-05,0.002069,0.001355,4.972e-07,0.1145,0.008399,0.02267,0.179,3.72e-05,2.622e-05,0.745
   75420,   75480,0.0039352,0.01004,0.03118,9.39e-23,2.781e-05,4.201e-05,0.0004166,4.604e-23,3.982e-05,0.002067,0.001353,4.959e-07,0.1145,0.008388,0.02265,0.1789,3.713e-05,2.613e-05,0.745
   75480,   75540,0.0038262,0.01003,0.03115,8.987e-23,2.775e-05,4.194e-05,0.0004159,4.403e-23,3.969e-05,0.002064,0.001351,4.946e-07,0.1144,0.008377,0.02264,0.1788,3.707e-05,2.604e-05,0.745
   75540,   75600,0.0037213,0.01002,0.03112,8.63e-23,2.77e-05,4.188e-05,0.0004152,4.227e-23,3.956e-05,0.002061,0.00135,4.934e-07,0.1143,0.008367,0.02262,0.1786,3.7e-05,2.595e-05,0.745
   75600,   75660,0.0036611,0.01001,0.03109,8.251e-23,2.764e-05,4.181e-05,0.0004145,4.037e-23,3.942e-05,0.002058,0.001348,4.921e-07,0.1142,0.008356,0.02261,0.1785,3.693e-05,2.586e-05,0.745
   75660,   75720,0.0038745,0.009995,0.03106,7.886e-23,2.758e-05,4.173e-05,0.0004138,3.855e-23,3.928e-05,0.002055,0.001346,4.907e-07,0.1141,0.008345,0.02259,0.1784,3.686e-05,2.576e-05,0.745
   75720,   75780,0.0037774,0.009984,0.03103,7.568e-23,2.753e-05,4.167e-05,0.0004131,3.696e-23,3.915e-05,0.002052,0.001344,4.894e-07,0.114,0.008334,0.02258,0.1783,3.68e-05,2.567e-05,0.745
   75780,   75840,0.003629,0.009973,0.031,7.218e-23,2.746e-05,4.159e-05,0.0004124,3.524e-23,3.901e-05,0.002048,0.001342,4.881e-07,0.1139,0.008323,0.02256,0.1781,3.672e-05,2.558e-05,0.745
   75840,   75900,0.0035224,0.009961,0.03097,6.904e-23,2.74e-05,4.152e-05,0.0004117,3.365e-23,3.887e-05,0.002045,0.00134,4.867e-07,0.1138,0.008311,0.02255,0.178,3.665e-05,2.548e-05,0.745
   75900,   75960,0.0034247,0.009949,0.03094,6.606e-23,2.735e-05,4.145e-05,0.000411,3.218e-23,3.873e-05,0.002042,0.001338,4.854e-07,0.1137,0.0083,0.02253,0.1778,3.658e-05,2.539e-05,0.745
   75960,   76020,0.0033501,0.009937,0.03091,6.307e-23,2.728e-05,4.137e-05,0.0004102,3.069e-23,3.859e-05,0.002039,0.001336,4.84e-07,0.1136,0.008288,0.02252,0.1777,3.651e-05,2.529e-05,0.745
   76020,   76080,0.0032744,0.009925,0.03087,6.016e-23,2.722e-05,4.129e-05,0.0004095,2.925e-23,3.844e-05,0.002036,0.001334,4.825e-07,0.1135,0.008276,0.0225,0.1775,3.644e-05,2.519e-05,0.745
   76080,   76140,0.0031678,0.009913,0.03084,5.754e-23,2.716e-05,4.122e-05,0.0004087,2.795e-23,3.83e-05,0.002032,0.001332,4.812e-07,0.1134,0.008265,0.02248,0.1774,3.637e-05,2.51e-05,0.745
   76140,   76200,0.0030979,0.009901,0.03081,5.485e-23,2.71e-05,4.114e-05,0.0004079,2.662e-23,3.816e-05,0.002029,0.00133,4.797e-07,0.1133,0.008253,0.02247,0.1773,3.629e-05,2.5e-05,0.745
   76200,   76260,0.0030983,0.009888,0.03077,5.228e-23,2.703e-05,4.106e-05,0.0004072,2.534e-23,3.801e-05,0.002026,0.001328,4.783e-07,0.1132,0.00824,0.02245,0.1771,3.621e-05,2.489e-05,0.745
   76260,   76320,0.0031333,0.009876,0.03074,4.995e-23,2.697e-05,4.098e-05,0.0004064,2.417e-23,3.786e-05,0.002022,0.001326,4.769e-07,0.1131,0.008228,0.02243,0.177,3.614e-05,2.48e-05,0.745
   76320,   76380,0.003221,0.009863,0.03071,4.759e-23,2.69e-05,4.09e-05,0.0004056,2.302e-23,3.771e-05,0.002019,0.001324,4.754e-07,0.113,0.008216,0.02242,0.1768,3.606e-05,2.469e-05,0.745
   76380,   76440,0.0033632,0.00985,0.03067,4.531e-23,2.684e-05,4.082e-05,0.0004048,2.188e-23,3.756e-05,0.002015,0.001322,4.739e-07,0.1129,0.008203,0.0224,0.1766,3.598e-05,2.459e-05,0.745
   76440,   76500,0.0035393,0.009838,0.03064,4.325e-23,2.677e-05,4.074e-05,0.000404,2.086e-23,3.742e-05,0.002012,0.00132,4.725e-07,0.1128,0.008191,0.02238,0.1765,3.591e-05,2.449e-05,0.745
   76500,   76560,0.0040909,0.009824,0.0306,4.117e-23,2.671e-05,4.066e-05,0.0004032,1.984e-23,3.726e-05,0.002008,0.001317,4.709e-07,0.1127,0.008178,0.02236,0.1763,3.583e-05,2.439e-05,0.745
   76560,   76620,0.0060676,0.009811,0.03057,3.919e-23,2.664e-05,4.058e-05,0.0004024,1.885e-23,3.71e-05,0.002005,0.001315,4.694e-07,0.1126,0.008165,0.02234,0.1762,3.575e-05,2.428e-05,0.745
   76620,   76680,0.0054122,0.009798,0.03053,3.74e-23,2.657e-05,4.05e-05,0.0004016,1.797e-23,3.696e-05,0.002001,0.001313,4.68e-07,0.1125,0.008152,0.02233,0.176,3.567e-05,2.418e-05,0.745
   76680,   76740,0.0068245,0.009784,0.03049,3.552e-23,2.65e-05,4.041e-05,0.0004007,1.705e-23,3.68e-05,0.001998,0.001311,4.664e-07,0.1124,0.008139,0.02231,0.1758,3.559e-05,2.407e-05,0.745
   76740,   76800,0.0068807,0.00977,0.03046,3.377e-23,2.643e-05,4.032e-05,0.0003999,1.618e-23,3.664e-05,0.001994,0.001308,4.648e-07,0.1122,0.008125,0.02229,0.1757,3.55e-05,2.397e-05,0.745
   76800,   76860,0.0076108,0.009756,0.03042,3.219e-23,2.637e-05,4.024e-05,0.0003991,1.54e-23,3.649e-05,0.00199,0.001306,4.633e-07,0.1121,0.008112,0.02227,0.1755,3.542e-05,2.386e-05,0.745
   76860,   76920,0.0077902,0.009742,0.03038,3.058e-23,2.629e-05,4.015e-05,0.0003982,1.462e-23,3.633e-05,0.001986,0.001304,4.617e-07,0.112,0.008098,0.02225,0.1753,3.534e-05,2.375e-05,0.745
   76920,   76980,0.0074699,0.009728,0.03034,2.902e-23,2.622e-05,4.006e-05,0.0003973,1.385e-23,3.616e-05,0.001983,0.001302,4.601e-07,0.1119,0.008084,0.02223,0.1751,3.525e-05,2.364e-05,0.745
   76980,   77040,0.0074175,0.009714,0.03031,2.775e-23,2.615e-05,3.998e-05,0.0003965,1.321e-23,3.601e-05,0.001979,0.001299,4.586e-07,0.1118,0.008071,0.02221,0.175,3.517e-05,2.354e-05,0.745
   77040,   77100,0.0076982,0.009699,0.03027,2.633e-23,2.608e-05,3.989e-05,0.0003956,1.251e-23,3.585e-05,0.001975,0.001297,4.57e-07,0.1117,0.008056,0.02219,0.1748,3.508e-05,2.343e-05,0.745
   77100,   77160,0.0070957,0.009684,0.03022,2.501e-23,2.601e-05,3.98e-05,0.0003947,1.186e-23,3.568e-05,0.001971,0.001294,4.554e-07,0.1115,0.008042,0.02217,0.1746,3.5e-05,2.332e-05,0.745
   77160,   77220,0.00616,0.00967,0.03019,2.382e-23,2.594e-05,3.971e-05,0.0003938,1.128e-23,3.552e-05,0.001967,0.001292,4.538e-07,0.1114,0.008028,0.02215,0.1744,3.491e-05,2.321e-05,0.745
   77220,   77280,0.0046299,0.009655,0.03015,2.261e-23,2.586e-05,3.962e-05,0.0003929,1.069e-23,3.536e-05,0.001963,0.00129,4.521e-07,0.1113,0.008013,0.02213,0.1742,3.482e-05,2.31e-05,0.745
   77280,   77340,0.0036842,0.009639,0.0301,2.146e-23,2.579e-05,3.952e-05,0.000392,1.013e-23,3.519e-05,0.001959,0.001287,4.505e-07,0.1112,0.007999,0.02211,0.1741,3.473e-05,2.298e-05,0.745
   77340,   77400,0.0031901,0.009625,0.03006,2.044e-23,2.572e-05,3.943e-05,0.0003911,9.626e-24,3.503e-05,0.001955,0.001285,4.489e-07,0.111,0.007984,0.02209,0.1739,3.465e-05,2.288e-05,0.745
   77400,   77460,0.0028906,0.009609,0.03002,1.94e-23,2.564e-05,3.934e-05,0.0003901,9.12e-24,3.486e-05,0.001951,0.001282,4.472e-07,0.1109,0.007969,0.02206,0.1737,3.456e-05,2.276e-05,0.745
   77460,   77520,0.002677,0.009593,0.02998,1.842e-23,2.556e-05,3.924e-05,0.0003892,8.636e-24,3.469e-05,0.001947,0.00128,4.455e-07,0.1108,0.007954,0.02204,0.1735,3.446e-05,2.265e-05,0.745
