CampaignData_and_Merges/R0/CSL_MobileLab_Parked/raw/20240727/USOS-Picarro-CO2-CH4-CO-H2O_MobileLabGround_20240727_R0.ict
38, 1001
Ilana Pollack, Nell Schafer, and Jeff Peischl
NOAA Chemical Sciences Laboratory
Picarro 2401-m CO2/CH4/CO/H2O Analyzer
USOS
1, 1
2024, 07, 27, 2024, 11, 20
0
StartTime_UTC, seconds_past_midnight, seconds past midnight
5
1, 1, 1, 1, 1
-9999, -9999, -9999, -9999, -9999
StopTime_UTC, seconds_past_midnight, seconds past midnight
CO2_ppm_1min, ppm, Gas_CO2_InSitu_S_DMF, carbon dioxide mixing ratio
CH4_ppb_1min, ppb, Gas_CH4_InSitu_S_DMF, methane mixing ratio
CO_ppb_1min, ppb, Gas_CO_InSitu_S_DMF, carbon monoxide mixing ratio
H2O_ppmv_1min, ppmv, Met_H2OMRV_InSitu_S_AVMR, water vapor mixing ratio
1
SPECIAL COMMENTS: N/A
18
PI_CONTACT_INFO: Address: NOAA Chemical Sciences Laboratory, Mail Stop CSL7, 325 Broadway, Boulder, CO 80305; Email: Ilana.Pollack@noaa.gov
PLATFORM: NOAA CSL Mobile Laboratory
LOCATION: The mobile lab was stationed in Salt Lake City, Utah.
ASSOCIATED_DATA: N/A
INSTRUMENT_INFO: CO2, CH4, and CO are reported as dry air mole fractions using a commercial wavelength-scanned cavity ring-down analyzer (Picarro 2401-m). An in-field calibration gas standard of 432±0.07 ppm CO2, 2095±1 ppb CH4, and 183±1 ppb CO, calibrated in the Boulder laboratories before and after the field project using primary CO2, CH4, and CO standard tanks tied to the WMO standard (X2019, X2004A, and X2014A, respectively) from the Global Monitoring Laboratory (GML), was delivered to the inlet every 2-3 days to evaluate instrument sensitivity. A H2O measurement was calibrated before the project with a Dew Point Mirror 373 hygrometer. The water correction calculated from these calibrations was applied to the H2O measurement for the entire campaign. Species are measured at 0.5 Hz and reported as 1-minute averages for stationary measurements.
DATA_INFO: Units: CO2, ppm, dry air mole fraction; CH4, ppb, dry air mole fraction; CO, ppb, dry air mole fraction; H2O, ppmv
UNCERTAINTY: Total uncertainties are estimated as ±0.1 ppm for CO2, ±1 ppb for CH4, ±5 ppb for CO, and ±(50 ppm + 4%) for H2O.
ULOD_FLAG: -7777
ULOD_VALUE: N/A
LLOD_FLAG: -8888
LLOD_VALUE: N/A
DM_CONTACT_INFO: Data Manager: Nathan Howard; nathan.h.howard@noaa.gov
PROJECT_INFO: USOS Dates of Study: July – August 2024
STIPULATIONS_ON_USE: Use of these data require prior ok from PI.
OTHER_COMMENTS: Data are averaged to 1 minute intervals. Stationary data collected from a 10 ft tower on top of the mobile van.
REVISION: R0
R0: Final Data
StartTime_UTC, StopTime_UTC, CO2_ppm_1min, CH4_ppb_1min, CO_ppb_1min, H2O_ppmv_1min
[from data line 1126]
67560,67620,424.38,1954.3,156.8,16737.1211
67620,67680,425.81,1954.5,158.9,16610.3223
67680,67740,425.05,1954.3,156.1,16493.6660
67740,67800,425.20,1954.6,159.5,16647.8477
67800,67860,424.66,1954.4,167.9,16858.8301
67860,67920,424.50,1954.5,166.1,16777.4863
67920,67980,424.72,1954.1,163.5,16757.4629
67980,68040,425.24,1954.4,160.9,16727.5000
68040,68100,424.54,1954.1,158.0,16774.4043
68100,68160,425.13,1954.4,169.0,16947.4297
68160,68220,425.52,1954.6,172.7,17171.3184
68220,68280,424.47,1954.5,159.2,16796.9492
68280,68340,425.84,1954.1,154.7,16774.8496
68340,68400,423.80,1954.5,160.7,17448.5859
68400,68460,424.29,1954.3,157.7,17259.5137
68460,68520,423.48,1954.6,157.1,17527.7695
68520,68580,425.31,1954.8,228.0,17582.6035
68580,68640,423.45,1954.6,163.0,17516.7168
68640,68700,423.57,1954.0,154.1,17553.5781
68700,68760,423.28,1953.7,154.9,17743.7188
68760,68820,424.06,1954.3,159.0,17809.6113
68820,68880,422.70,1954.2,157.2,17902.6406
68880,68940,422.93,1954.4,156.2,17861.7734
68940,69000,423.81,1954.0,159.3,17558.0254
69000,69060,423.56,1953.9,160.2,17478.1348
69060,69120,424.52,1953.8,159.5,17446.4512
69120,69180,423.22,1954.2,158.3,17501.8398
69180,69240,423.94,1953.9,159.6,17289.3867
69240,69300,423.50,1954.2,155.7,17028.4336
69300,69360,423.25,1954.7,153.1,16989.7813
69360,69420,423.29,1954.5,157.7,16833.9531
69420,69480,423.68,1954.2,157.4,16689.7168
69480,69540,423.62,1954.3,157.8,16829.4023
69540,69600,422.27,1954.6,158.0,17660.3438
69600,69660,423.70,1954.4,157.6,16605.3672
69660,69720,423.31,1954.6,154.7,16279.8066
69720,69780,424.44,1954.5,163.6,16680.8828
69780,69840,423.27,1954.7,155.5,16302.7490
69840,69900,423.14,1955.0,154.8,16401.5469
69900,69960,423.21,1955.0,156.2,16475.2188
69960,70020,423.35,1955.1,151.8,16036.0879
70020,70080,423.05,1955.1,152.8,15988.3252
70080,70140,423.01,1955.1,158.5,16242.5771
70140,70200,423.40,1955.0,161.5,16738.7539
70200,70260,422.48,1955.1,157.9,16912.4668
70260,70320,424.30,1955.2,161.1,16933.6484
70320,70380,422.63,1955.6,158.6,17122.1504
70380,70440,422.48,1955.4,161.2,17419.6250
70440,70500,423.01,1956.3,182.7,16897.1680
70500,70560,423.04,1956.2,175.2,16853.3496
70560,70620,422.52,1955.8,157.6,16646.0313
70620,70680,423.97,1956.0,176.1,16722.9707
70680,70740,422.32,1956.4,169.6,17762.2754
70740,70800,422.69,1955.7,156.8,16451.3301
70800,70860,423.72,1956.1,163.8,16613.4512
70860,70920,422.68,1956.7,159.6,16690.7539
70920,70980,422.68,1956.8,157.6,16970.1016
70980,71040,422.88,1956.0,152.0,16408.7188
71040,71100,422.34,1956.6,158.1,17159.9355
71100,71160,423.12,1956.6,168.1,16842.6953
71160,71220,422.86,1956.5,168.9,16642.4922
71220,71280,422.03,1956.4,156.5,17065.5703
71280,71340,422.96,1956.8,157.4,16708.7910
71340,71400,425.49,1957.2,163.1,16595.7070
71400,71460,423.24,1958.2,175.5,16983.3672
71460,71520,423.81,1958.7,218.0,17002.9336
71520,71580,425.47,1958.8,163.1,16146.7471
71580,71640,423.94,1958.0,157.1,16218.8662
71640,71700,422.31,1957.9,160.1,16923.9922
71700,71760,423.09,1958.1,157.8,16601.0137
71760,71820,424.10,1959.0,184.6,17414.8320
71820,71880,423.63,1958.1,161.2,15979.9395
71880,71940,424.31,1958.9,160.7,16543.5410
71940,72000,424.53,1959.2,236.6,16354.6504
72000,72060,423.93,1959.3,185.9,16664.8652
72060,72120,423.50,1959.4,161.3,16603.6074
72120,72180,423.03,1959.3,158.4,16974.4160
72180,72240,423.41,1959.3,156.2,16747.8203
72240,72300,423.94,1959.3,153.9,16437.1348
72300,72360,422.78,1958.7,156.7,16696.0098
72360,72420,422.26,1959.0,157.2,17155.7012
72420,72480,423.92,1959.8,167.0,16642.3027
72480,72540,424.15,1960.1,165.4,16570.6582
72540,72600,424.61,1960.2,164.6,16830.3691
72600,72660,425.65,1960.4,161.4,16636.2129
72660,72720,423.38,1961.2,163.6,17003.9063
72720,72780,424.38,1959.5,165.0,16160.0449
72780,72840,423.20,1960.8,157.3,16555.6465
72840,72900,423.00,1960.4,165.1,16492.8145
72900,72960,422.85,1960.6,162.9,16855.6934
72960,73020,425.14,1962.3,164.6,16031.8643
73020,73080,425.26,1963.7,180.6,16407.7871
73080,73140,425.43,1963.8,167.3,16234.9170
73140,73200,425.29,1964.0,167.7,16365.8623
73200,73260,423.25,1961.2,164.2,16662.7578
73260,73320,424.48,1962.2,168.0,16752.4258
73320,73380,424.06,1963.4,162.6,16349.6758
73380,73440,427.21,1964.1,164.6,15366.2461
73440,73500,425.05,1963.5,167.5,15851.1865
73500,73560,425.66,1962.6,163.3,16302.5869
73560,73620,424.91,1962.7,164.2,16897.6484
73620,73680,424.66,1962.6,165.3,16303.9961
73680,73740,425.46,1963.3,165.8,16284.2520
73740,73800,428.08,1967.1,171.1,15167.3262
73800,73860,428.00,1967.8,171.7,14929.6182
73860,73920,430.43,1967.9,176.9,14722.6299
73920,73980,429.69,1968.1,174.3,14763.5439
73980,74040,428.68,1968.4,177.1,15874.2988
74040,74100,426.08,1966.5,171.8,16843.3066
74100,74160,425.37,1964.6,166.3,15979.7207
74160,74220,427.51,1965.5,176.3,15992.2900
74220,74280,428.34,1965.0,190.7,16901.3262
74280,74340,425.01,1963.7,168.4,15704.4424
74340,74400,425.60,1965.8,170.1,15907.2373
74400,74460,429.03,1967.7,182.0,15024.1035
74460,74520,432.32,1969.8,234.5,14918.2285
74520,74580,433.27,1969.5,197.2,15652.8701
74580,74640,432.08,1969.2,182.3,14836.8369
74640,74700,429.71,1969.9,173.1,14296.5723
74700,74760,428.07,1970.0,173.4,15060.8535
74760,74820,426.34,1969.2,169.7,15416.6338
74820,74880,426.16,1968.3,166.6,15328.6279
74880,74940,426.53,1968.1,171.5,15377.1123
74940,75000,427.89,1968.1,177.7,15318.6455
75000,75060,427.65,1968.3,177.8,15499.1074
75060,75120,427.58,1968.5,177.5,15153.8672
75120,75180,430.53,1970.7,187.4,14665.6709
75180,75240,429.21,1970.5,175.0,15064.0381
75240,75300,433.44,1970.8,180.9,15152.1143
75300,75360,432.03,1970.4,177.7,14401.1201
75360,75420,431.05,1970.4,184.3,14149.7549
75420,75480,435.70,1971.3,216.8,14365.0908
75480,75540,438.64,1971.5,226.5,14346.1992
75540,75600,430.52,1970.5,176.7,14061.5625
75600,75660,429.92,1970.4,172.8,13857.2139
75660,75720,429.81,1970.0,172.4,13720.6133
75720,75780,430.08,1970.2,171.7,13787.1973
75780,75840,430.34,1970.3,174.7,13758.1768
75840,75900,429.50,1970.5,172.1,13838.3486
75900,75960,429.46,1970.6,173.2,13915.1973
75960,76020,429.09,1970.6,173.2,14060.6836
76020,76080,428.86,1970.9,173.9,14755.8262
76080,76140,429.74,1970.7,172.7,13936.8975
76140,76200,429.72,1970.6,170.9,13947.7920
76200,76260,430.43,1970.4,172.5,14012.8652
76260,76320,431.45,1971.2,173.0,14868.1699
76320,76380,429.07,1972.9,174.3,15128.5098
76380,76440,428.99,1974.2,175.4,15875.1221
76440,76500,431.29,1972.9,184.8,15208.4805
76500,76560,430.10,1972.3,181.4,14452.4492
76560,76620,431.32,1973.1,183.2,14385.0967
76620,76680,431.17,1973.0,182.6,14680.8467
76680,76740,437.72,1973.3,199.4,14730.9951
76740,76800,432.83,1972.4,181.8,14045.9277
76800,76860,431.44,1972.2,183.4,14220.6523
76860,76920,429.59,1972.4,185.6,15446.3379
76920,76980,429.15,1971.5,183.8,14470.7432
76980,77040,429.14,1972.2,189.4,15454.7119
77040,77100,428.18,1971.7,177.3,15085.2246
77100,77160,428.72,1971.1,174.6,14207.3242
77160,77220,428.93,1972.0,182.3,15061.6729
77220,77280,428.69,1972.1,182.5,14954.6660
77280,77340,429.23,1972.6,183.0,15104.8203
77340,77400,429.34,1972.7,183.5,14710.1719
77400,77460,429.51,1973.7,184.9,15204.0254
77460,77520,429.69,1973.9,185.1,15147.4492
77520,77580,431.44,1976.0,188.3,15548.1064
77580,77640,432.65,1977.3,189.2,15765.8369
77640,77700,432.08,1977.7,182.9,15227.1387
77700,77760,430.18,1974.2,179.4,14808.4199
77760,77820,429.90,1973.0,179.3,14092.5449
77820,77880,430.96,1972.7,187.9,14163.4727
77880,77940,431.22,1972.7,190.8,14183.2881
77940,78000,430.67,1972.6,188.2,14129.3271
78000,78060,429.63,1971.4,175.5,13889.1807
78060,78120,431.18,1972.2,176.7,14677.3467
78120,78180,429.61,1971.1,177.3,13861.2490
78180,78240,431.68,1972.8,178.5,15475.1104
78240,78300,432.94,1972.2,188.4,14578.2275
78300,78360,437.95,1973.5,230.5,14672.8760
78360,78420,436.78,1972.9,240.5,15024.8086
78420,78480,434.50,1973.2,219.3,15781.1396
78480,78540,431.57,1970.3,234.3,13779.2881
78540,78600,438.24,1970.4,222.9,14749.5264
78600,78660,433.04,1966.6,185.5,12975.9629
78660,78720,433.05,1967.6,197.0,13078.8408
78720,78780,433.29,1968.4,196.9,13390.8486
78780,78840,431.45,1967.4,178.5,13112.7373
78840,78900,431.65,1967.5,181.2,13292.5693
78900,78960,431.91,1968.6,175.5,14468.0234
78960,79020,431.86,1972.6,174.0,15003.4785
79020,79080,430.38,1971.8,171.7,14246.0645
79080,79140,432.60,1971.2,172.5,14751.4102
79140,79200,431.71,1970.0,174.7,14389.0322
79200,79260,433.40,1971.4,175.4,15741.5879
79260,79320,432.51,1971.8,189.8,15551.5420
79320,79380,432.58,1975.2,184.1,16517.2813
79380,79440,433.35,1975.2,193.6,16935.8105
79440,79500,433.85,1981.3,194.1,17790.3945
79500,79560,434.12,1979.7,194.1,17925.4805
79560,79620,435.11,1983.5,197.9,18244.6816
79620,79680,433.23,1981.7,204.2,17726.5781
79680,79740,434.01,1982.9,208.8,18457.3516
79740,79800,435.58,1984.9,209.5,18043.6660
79800,79860,436.39,1987.4,212.2,18342.7969
79860,79920,433.74,1983.8,220.6,16493.7246
79920,79980,434.74,1989.2,230.8,17819.9395
79980,80040,434.63,1986.6,219.1,16496.9824
80040,80100,434.01,1985.9,217.3,16421.3555
80100,80160,434.12,1987.1,217.2,16216.4873
80160,80220,433.69,1989.8,218.2,17091.3574
80220,80280,432.96,1997.1,210.5,16403.7559
80280,80340,432.02,1996.7,200.0,15639.0566
80340,80400,430.80,1990.0,194.1,14930.7881
80400,80460,430.70,1987.9,190.4,14816.5908
80460,80520,430.24,1987.7,192.9,15362.1191
80520,80580,430.22,1988.7,195.5,15302.1279
80580,80640,430.57,1992.1,196.6,15405.0303
80640,80700,431.06,1996.6,194.9,15431.5508
80700,80760,430.99,1997.6,198.9,15474.4121
80760,80820,431.66,1997.8,202.1,15408.3115
80820,80880,430.60,1995.4,199.5,15208.3145
80880,80940,430.30,1992.5,199.5,14876.6738
80940,81000,430.30,1990.7,199.3,14622.2021
81000,81060,430.55,1990.6,200.6,14562.6807
81060,81120,428.48,1990.5,198.2,15588.1035
81120,81180,429.02,1986.2,196.7,14972.4941
81180,81240,429.51,1983.1,197.7,14540.1143
81240,81300,430.33,1980.6,193.1,13555.3389
81300,81360,430.63,1980.7,192.2,13571.1709
81360,81420,430.17,1981.5,191.0,14207.5342
81420,81480,428.08,1982.5,197.7,15710.2744
81480,81540,428.42,1981.6,199.8,15033.0801
81540,81600,429.64,1980.1,202.8,14703.4854
81600,81660,429.73,1979.1,202.0,15194.1982
81660,81720,429.87,1978.0,206.0,14782.5771
81720,81780,430.57,1978.3,206.7,14626.1074
81780,81840,431.60,1977.2,201.5,14808.2842
81840,81900,431.64,1975.9,200.0,14103.5537
81900,81960,429.58,1977.1,202.2,14739.2744
81960,82020,429.29,1975.3,196.8,13921.0869
82020,82080,429.39,1975.3,197.7,13642.5859
82080,82140,429.03,1975.8,200.5,14393.7393
82140,82200,428.76,1975.5,198.2,14328.9111
82200,82260,428.34,1974.2,191.2,13969.8379
82260,82320,428.49,1974.8,191.9,14238.2764
82320,82380,427.46,1975.5,192.8,14587.4004
82380,82440,427.87,1971.9,185.6,13646.3291
82440,82500,428.64,1973.6,186.5,13358.6982
82500,82560,428.44,1971.9,183.5,13154.8701
82560,82620,428.31,1971.2,182.7,13310.2100
82620,82680,427.58,1970.8,181.5,13389.2285
82680,82740,427.64,1970.1,178.7,12950.4043
82740,82800,427.84,1969.5,177.1,12602.3223
82800,82860,427.54,1969.8,174.6,13001.4346
82860,82920,428.00,1969.9,179.3,12770.9141
82920,82980,428.50,1970.5,180.5,12499.9297
82980,83040,427.62,1970.6,182.1,13205.5098
83040,83100,427.56,1969.8,180.7,13278.5977
83100,83160,427.48,1970.5,181.4,13284.3252
83160,83220,427.83,1971.3,177.4,13118.3262
83220,83280,427.00,1972.2,180.6,13873.8984
83280,83340,427.11,1972.1,192.1,13982.8975
83340,83400,427.54,1971.1,195.3,13674.3701
83400,83460,428.82,1970.5,192.0,13312.9160
83460,83520,428.16,1970.2,183.1,13096.5527
83520,83580,427.58,1973.5,188.7,14310.9297
83580,83640,427.74,1974.4,191.1,14441.7979
83640,83700,428.92,1974.4,193.1,13958.5400
83700,83760,428.71,1975.1,192.3,14190.7988
83760,83820,428.70,1975.2,191.7,14188.1416
83820,83880,428.94,1974.9,278.0,14061.1611
83880,83940,428.86,1973.7,274.3,13969.9297
83940,84000,428.63,1972.3,195.6,13571.5938
84000,84060,428.64,1972.0,188.0,13335.5322
84060,84120,427.97,1972.0,187.4,13987.6816
84120,84180,426.62,1971.6,187.3,14265.7471
84180,84240,428.12,1967.7,184.3,12013.7920
84240,84300,426.95,1969.1,184.2,12947.6533
84300,84360,426.25,1969.4,187.6,13372.9609
84360,84420,427.08,1970.9,186.2,13454.7998
84420,84480,427.71,1971.3,188.6,13491.6631
84480,84540,428.00,1970.1,186.0,13058.1504
84540,84600,428.47,1970.2,185.5,12305.8477
84600,84660,428.10,1968.6,185.1,12519.4678
84660,84720,428.13,1968.4,185.0,12433.1563
84720,84780,427.08,1969.0,184.6,13237.0938
84780,84840,425.54,1968.3,185.5,13415.6172
84840,84900,426.34,1967.3,186.0,12704.5518
84900,84960,426.62,1967.6,187.6,12779.4082
84960,85020,427.79,1967.3,187.9,12090.8896
85020,85080,427.03,1967.9,189.0,12949.4834
85080,85140,427.71,1969.4,188.3,13154.3115
85140,85200,428.66,1972.2,193.0,12875.3018
85200,85260,431.29,1972.8,190.7,14019.9590
85260,85320,431.56,1971.8,189.7,13411.2100
85320,85380,428.78,1972.4,190.2,12868.8613
85380,85440,431.40,1972.4,193.2,13478.6689
85440,85500,429.16,1971.8,194.1,13014.7969
85500,85560,429.34,1970.1,196.2,12173.8906
85560,85620,429.44,1969.9,194.7,11698.2256
85620,85680,429.81,1969.1,192.1,11449.8984
85680,85740,429.59,1969.1,192.7,11532.5381
85740,85800,429.48,1969.4,192.3,11683.7842
85800,85860,429.41,1970.9,193.1,11885.4502
85860,85920,429.34,1970.9,192.6,12186.3438
85920,85980,430.14,1970.9,193.7,13169.1797
85980,86040,429.39,1972.5,197.8,13829.4219
86040,86100,428.91,1970.9,197.8,13308.5723
86100,86160,428.81,1971.3,197.9,13686.4814
86160,86220,427.95,1972.0,202.1,13684.7666
86220,86280,430.28,1972.8,211.2,12522.6484
86280,86340,430.07,1974.0,214.6,13230.3301
86340,86400,430.45,1973.2,209.7,12329.6328
