CampaignData_and_Merges/R0/CSL_MobileLab_Parked/raw/20240727/USOS-NOAAIodideCIMS-HNO2_MobileLabGround_20240727_RA.ict
33, 1001
Michael A Robinson, Chris Jernigan, Subi Thakali
NOAA ESRL Chemical Sciences Laboratory and CIRES, U. of Colorado
NOAA Iodide CIMS Instrument
USOS
1, 1
2024, 07, 27, 2024, 07, 28
1
starttime_UTC, seconds_past_midnight, seconds_of_day_since_00:00:00_UTC
1
1
-9999
HNO2_NOAACIMS, pptv, Gas_HNO2_InSitu_S_AVMR, 
0
18
PI_CONTACT_INFO: 325 Broadway, R/CSD 7, Boulder, Colorado 80305; michael.a.robinson@noaa.gov; chris.jernigan@noaa.gov;
PLATFORM: NOAA CSL Mobile Lab
LOCATION: SLC, Utah
ASSOCIATED_DATA: 1Hz data also available on request.
INSTRUMENT_INFO: NOAA I- ToF CIMS
DATA_INFO: All data in parts per trillion by volume (pptv). 1 Hz data is available upon request.
UNCERTAINTY: TBD
ULOD_FLAG: -7777
ULOD_VALUE: N/A
LLOD_FLAG: -8888
LLOD_VALUE: N/A
DM_CONTACT_INFO: Nathan Howard; nathan.h.howard@noaa.gov
PROJECT_INFO: USOS, summer 2024. https://csl.noaa.gov/groups/csl7/measurements/2024usos/
STIPULATIONS_ON_USE: Users are strongly encouraged to contact the PI for proper data usage.
OTHER_COMMENTS: 
REVISION: RA
RA: Preliminary Data; For in-field use only
starttime_UTC, HNO2_NOAACIMS
[from data line 1048]
 62880, 21.899
 62940, 28.655
 63000, 20.892
 63060, 16.630
 63120, 19.733
 63180, 21.359
 63240, 16.159
 63300, 21.301
 63360, 18.160
 63420, 19.185
 63480, 28.745
 63540, 43.043
 63600, 39.280
 63660, 29.414
 63720, 42.370
 63780, 42.876
 63840, 35.505
 63900, 48.623
 63960, 55.511
 64020, 41.548
 64080, 56.820
 64140, 35.880
 64200, 66.017
 64260, 43.178
 64320, 47.038
 64380, 76.505
 64440, 58.739
 64500, 82.829
 64560, 99.123
 64620, 80.719
 64680, 108.370
 64740, 98.560
 64800, 111.294
 64860, 110.127
 64920, 96.451
 64980, 118.203
 65040, 123.864
 65100, 113.994
 65160, 159.820
 65220, 147.685
 65280, 118.612
 65340, -9999.000
 65400, 155.757
 65460, 160.437
 65520, 178.058
 65580, 148.364
 65640, 151.903
 65700, 187.312
 65760, 176.657
 65820, 164.515
 65880, 158.755
 65940, 200.908
 66000, 212.129
 66060, 187.532
 66120, 208.027
 66180, 156.817
 66240, 142.864
 66300, 173.621
 66360, 157.584
 66420, 179.298
 66480, 193.037
 66540, 226.090
 66600, 263.501
 66660, 180.761
 66720, 227.772
 66780, 161.970
 66840, 185.398
 66900, 175.968
 66960, 164.982
 67020, 172.981
 67080, 154.590
 67140, 148.813
 67200, 238.733
 67260, 167.253
 67320, 166.012
 67380, 145.990
 67440, 116.130
 67500, 123.144
 67560, 119.961
 67620, 117.639
 67680, 113.412
 67740, 105.470
 67800, 120.378
 67860, 117.142
 67920, 121.914
 67980, 104.549
 68040, 105.315
 68100, 98.196
 68160, 94.810
 68220, 108.900
 68280, 90.590
 68340, 128.767
 68400, 119.363
 68460, 99.525
 68520, 103.182
 68580, 117.381
 68640, 111.528
 68700, 73.585
 68760, 95.895
 68820, 96.222
 68880, 98.469
 68940, 94.820
 69000, 83.867
 69060, -9999.000
 69120, 97.682
 69180, 110.731
 69240, 90.738
 69300, 86.775
 69360, 84.930
 69420, 89.032
 69480, 70.687
 69540, 84.001
 69600, 109.246
 69660, 71.813
 69720, 69.499
 69780, 76.192
 69840, 63.259
 69900, 84.604
 69960, 75.422
 70020, 72.566
 70080, 66.080
 70140, 62.898
 70200, 59.527
 70260, 59.701
 70320, 72.152
 70380, 68.387
 70440, 69.592
 70500, 82.982
 70560, 56.792
 70620, 54.048
 70680, 76.733
 70740, 64.738
 70800, 51.208
 70860, 60.874
 70920, 97.026
 70980, 70.017
 71040, 49.737
 71100, 60.253
 71160, 53.321
 71220, 45.483
 71280, 67.370
 71340, 52.305
 71400, 48.895
 71460, 59.972
 71520, 62.670
 71580, 46.928
 71640, 43.803
 71700, 58.752
 71760, 61.990
 71820, 53.496
 71880, 55.072
 71940, 66.196
 72000, 67.377
 72060, 92.005
 72120, 78.640
 72180, 62.404
 72240, 50.378
 72300, 50.318
 72360, 52.599
 72420, 59.995
 72480, 36.586
 72540, 50.939
 72600, 38.918
 72660, 45.363
 72720, 57.951
 72780, 39.650
 72840, 49.064
 72900, 44.676
 72960, 52.176
 73020, 49.475
 73080, 56.200
 73140, 50.532
 73200, 54.239
 73260, 51.150
 73320, 41.805
 73380, 32.975
 73440, 27.417
 73500, 28.476
 73560, 30.166
 73620, 36.854
 73680, 33.083
 73740, 29.883
 73800, 20.887
 73860, 17.296
 73920, 26.825
 73980, 36.776
 74040, 52.254
 74100, 50.726
 74160, 35.002
 74220, 30.590
 74280, 32.944
 74340, 24.315
 74400, 31.921
 74460, 20.808
 74520, 28.279
 74580, 35.254
 74640, 24.109
 74700, 20.522
 74760, 32.615
 74820, 29.975
 74880, 22.243
 74940, 21.561
 75000, 29.726
 75060, 23.922
 75120, 22.287
 75180, 19.182
 75240, 22.523
 75300, 25.421
 75360, 18.309
 75420, 17.294
 75480, 39.435
 75540, 31.042
 75600, 21.836
 75660, 14.913
 75720, 17.119
 75780, 20.699
 75840, 18.197
 75900, 11.073
 75960,  9.163
 76020, 22.332
 76080, 21.668
 76140, 11.240
 76200, 16.030
 76260, 22.234
 76320, 33.922
 76380, 32.540
 76440, -9999.000
 76500, 29.086
 76560, 24.614
 76620, 21.657
 76680, 39.520
 76740, 31.010
 76800, 22.222
 76860, 28.407
 76920, 27.240
 76980, 36.160
 77040, 42.194
 77100, 29.718
 77160, 26.871
 77220, 42.573
 77280, 37.913
 77340, 42.887
 77400, 39.424
 77460, 37.510
 77520, 42.239
 77580, 49.683
 77640, 57.436
 77700, 24.855
 77760, 19.515
 77820, 11.961
 77880, 20.024
 77940, 18.897
 78000, 14.001
 78060, 13.350
 78120, 20.996
 78180, 14.343
 78240, 28.407
 78300, -9999.000
 78360, 44.335
 78420, 67.893
 78480, 54.567
 78540, 42.836
 78600, 66.768
 78660, 43.038
 78720, 73.535
 78780, 45.552
 78840, 69.023
 78900, 76.857
 78960, 112.643
 79020, 107.522
 79080, 86.011
 79140, 99.735
 79200, 112.920
 79260, 137.665
 79320, 109.528
 79380, 155.949
 79440, 184.488
 79500, 191.516
 79560, 213.192
 79620, 177.601
 79680, 182.942
 79740, 189.243
 79800, 200.024
 79860, 147.943
 79920, 114.953
 79980, 157.740
 80040, 93.471
 80100, 108.897
 80160, -9999.000
 80220, 120.822
 80280, 92.958
 80340, 73.831
 80400, 58.413
 80460, 62.303
 80520, 73.486
 80580, 67.647
 80640, 71.867
 80700, 77.354
 80760, 80.672
 80820, 76.079
 80880, 67.542
 80940, 59.071
 81000, 58.508
 81060, 62.649
 81120, 65.854
 81180, 60.897
 81240, 40.084
 81300, 42.556
 81360, 35.945
 81420, 55.247
 81480, 56.131
 81540, 49.627
 81600, 50.718
 81660, 64.078
 81720, 46.670
 81780, 63.206
 81840, 40.080
 81900, 45.392
 81960, 49.702
 82020, 30.107
 82080, 46.174
 82140, 47.186
 82200, 41.971
 82260, 37.823
 82320, 48.135
 82380, 54.297
 82440, 29.160
 82500, 28.702
 82560, 33.330
 82620, 37.923
 82680, 30.419
 82740, 20.082
 82800, 22.006
 82860, 26.258
 82920, 20.934
 82980, 16.786
 83040, 27.483
 83100, 20.215
 83160, 24.712
 83220, 30.828
 83280, 34.564
 83340, 31.150
 83400, 29.887
 83460, 34.017
 83520, 26.076
 83580, 33.087
 83640, 32.076
 83700, 24.989
 83760, 30.077
 83820, -9999.000
 83880, 32.374
 83940, 31.101
 84000, 27.288
 84060, 26.142
 84120, 35.443
 84180, 27.331
 84240, 16.706
 84300, 21.499
 84360, 25.010
 84420, 30.969
 84480, 19.843
 84540, 19.840
 84600, 22.296
 84660, 20.322
 84720, 23.606
 84780, 16.244
 84840, 24.092
 84900, 20.551
 84960, 18.562
 85020, 17.043
 85080, 24.782
 85140, 21.702
 85200, 29.871
 85260, 53.116
 85320, 34.711
 85380, 25.702
 85440, 31.409
 85500, 21.004
 85560, 16.909
 85620,  6.979
 85680, -9999.000
 85740, 11.073
 85800, 12.954
 85860, 16.932
 85920, 29.009
 85980, 34.442
 86040, 41.108
 86100, 37.447
 86160, 28.039
 86220, 24.832
 86280, 26.346
 86340, 32.552
