CampaignData_and_Merges/R0/CSL_MobileLab_Parked/raw/20240727/USOS-NOAAIodideCIMS-HNO3_MobileLabGround_20240727_RA.ict
33, 1001
Michael A Robinson, Chris Jernigan, Subi Thakali
NOAA ESRL Chemical Sciences Laboratory and CIRES, U. of Colorado
NOAA Iodide CIMS Instrument
USOS
1, 1
2024, 07, 27, 2024, 07, 28
1
starttime_UTC, seconds_past_midnight, seconds_of_day_since_00:00:00_UTC
1
1
-9999
HNO3_NOAACIMS, pptv, Gas_HNO3_InSitu_S_AVMR, 
0
18
PI_CONTACT_INFO: 325 Broadway, R/CSD 7, Boulder, Colorado 80305; michael.a.robinson@noaa.gov; chris.jernigan@noaa.gov;
PLATFORM: NOAA CSL Mobile Lab
LOCATION: SLC, Utah
ASSOCIATED_DATA: 1Hz data also available on request.
INSTRUMENT_INFO: NOAA I- ToF CIMS
DATA_INFO: All data in parts per trillion by volume (pptv). 1 Hz data is available upon request.
UNCERTAINTY: TBD
ULOD_FLAG: -7777
ULOD_VALUE: N/A
LLOD_FLAG: -8888
LLOD_VALUE: N/A
DM_CONTACT_INFO: Nathan Howard; nathan.h.howard@noaa.gov
PROJECT_INFO: USOS, summer 2024. https://csl.noaa.gov/groups/csl7/measurements/2024usos/
STIPULATIONS_ON_USE: Users are strongly encouraged to contact the PI for proper data usage.
OTHER_COMMENTS: 
REVISION: RA
RA: Preliminary Data; For in-field use only
starttime_UTC, HNO3_NOAACIMS
     0, 900.948
    60, 884.291
   120, 862.518
   180, 883.425
   240, 896.943
   300, 933.388
   360, 975.307
   420, 978.557
   480, 963.697
   540, 953.302
   600, 962.159
   660, 937.795
   720, 802.466
   780, 833.987
   840, 846.330
   900, 869.132
   960, 842.460
  1020, 835.259
  1080, 814.475
  1140, 770.525
  1200, 738.884
  1260, 734.571
  1320, 746.617
  1380, 745.753
  1440, 787.921
  1500, 850.855
  1560, 905.909
  1620, 952.077
  1680, 996.240
  1740, 1012.885
  1800, 996.550
  1860, 963.170
  1920, 948.673
  1980, 965.236
  2040, 1051.111
  2100, 1105.956
  2160, 1089.619
  2220, 1093.477
  2280, 1140.248
  2340, 1179.780
  2400, 1178.241
  2460, 1139.211
  2520, 1115.558
  2580, 871.062
  2640, 900.132
  2700, 977.280
  2760, 1001.153
  2820, 960.023
  2880, 947.975
  2940, 957.550
  3000, 951.549
  3060, 974.830
  3120, 1044.491
  3180, 1108.901
  3240, 1153.123
  3300, 1173.461
  3360, 1214.100
  3420, 1253.456
  3480, 1286.982
  3540, 1316.919
  3600, 1321.083
  3660, 1347.061
  3720, 1380.646
  3780, 1378.155
  3840, 1370.745
  3900, 1323.789
  3960, 1320.042
  4020, 1296.429
  4080, 1287.059
  4140, 1260.921
  4200, 1231.540
  4260, 1258.118
  4320, 1287.810
  4380, 1288.919
  4440, 1187.859
  4500, 1230.070
  4560, 1268.047
  4620, 1306.611
  4680, 1331.449
  4740, 1339.802
  4800, 1330.445
  4860, 1347.727
  4920, 1367.890
  4980, 1301.341
  5040, 1255.247
  5100, 1222.790
  5160, 1223.787
  5220, 1211.077
  5280, 1263.214
  5340, 1293.027
  5400, 1320.395
  5460, 1285.504
  5520, 1286.531
  5580, 1289.744
  5640, 1260.818
  5700, 1192.648
  5760, 1137.126
  5820, 1071.510
  5880, 1089.747
  5940, 1061.707
  6000, 1063.314
  6060, 1031.695
  6120, 1001.976
  6180, 1020.395
  6240, -9999.000
  6300, 894.486
  6360, 890.849
  6420, 931.207
  6480, 935.539
  6540, 935.296
  6600, 896.162
  6660, 857.495
  6720, 841.500
  6780, 887.028
  6840, 900.676
  6900, 979.671
  6960, 984.267
  7020, 968.579
  7080, 974.657
  7140, 939.058
  7200, 922.399
  7260, 914.174
  7320, 893.003
  7380, 909.398
  7440, 866.670
  7500, 893.600
  7560, 871.862
  7620, 838.909
  7680, 827.431
  7740, 814.991
  7800, 833.500
  7860, 776.481
  7920, 759.766
  7980, 716.353
  8040, 669.391
  8100, -9999.000
  8160, 620.269
  8220, 635.032
  8280, 631.982
  8340, 666.396
  8400, 667.286
  8460, 663.181
  8520, 641.187
  8580, 643.156
  8640, 662.086
  8700, 697.368
  8760, 737.407
  8820, 756.113
  8880, 760.826
  8940, 733.916
  9000, 691.078
  9060, 643.833
  9120, 632.582
  9180, 660.174
  9240, 605.895
  9300, 530.225
  9360, 460.587
  9420, 441.695
  9480, 445.567
  9540, 452.271
  9600, 468.669
  9660, 479.751
  9720, 493.437
  9780, 499.305
  9840, 509.141
  9900, 515.143
  9960, -9999.000
 10020, 486.835
 10080, 505.541
 10140, 528.870
 10200, 529.497
 10260, 528.510
 10320, 528.167
 10380, 516.931
 10440, 505.295
 10500, 505.392
 10560, 490.325
 10620, 485.777
 10680, 471.762
 10740, 464.742
 10800, 460.468
 10860, 462.372
 10920, 458.541
 10980, 464.472
 11040, 455.023
 11100, 457.886
 11160, 455.125
 11220, 451.410
 11280, 454.707
 11340, 452.986
 11400, 443.911
 11460, 442.440
 11520, 445.985
 11580, 442.418
 11640, 443.758
 11700, 438.215
 11760, 436.411
 11820, 413.289
 11880, 414.078
 11940, 406.850
 12000, 389.719
 12060, 385.219
 12120, 394.540
 12180, 409.961
 12240, 428.976
 12300, 440.730
 12360, 445.988
 12420, 455.786
 12480, 444.870
 12540, 432.325
 12600, 425.727
 12660, 424.953
 12720, 405.153
 12780, 397.794
 12840, 402.654
 12900, 416.550
 12960, 434.676
 13020, 428.479
 13080, 433.855
 13140, 428.753
 13200, 418.147
 13260, 408.885
 13320, 392.605
 13380, 357.933
 13440, 343.540
 13500, 352.258
 13560, 367.741
 13620, -9999.000
 13680, 362.016
 13740, 356.289
 13800, 359.677
 13860, 354.432
 13920, 346.255
 13980, 344.118
 14040, 329.632
 14100, 328.394
 14160, 351.813
 14220, 364.086
 14280, 369.183
 14340, 371.017
 14400, 367.824
 14460, 357.113
 14520, 336.198
 14580, 334.542
 14640, 329.429
 14700, 342.685
 14760, 363.035
 14820, 378.144
 14880, 374.117
 14940, 375.226
 15000, 357.556
 15060, 346.005
 15120, 329.512
 15180, 324.107
 15240, 337.275
 15300, 358.930
 15360, 362.225
 15420, 364.607
 15480, -9999.000
 15540, 330.612
 15600, 328.378
 15660, 321.135
 15720, 318.222
 15780, 332.851
 15840, 339.012
 15900, 342.177
 15960, 331.379
 16020, 327.860
 16080, 322.457
 16140, 313.325
 16200, 306.394
 16260, 314.584
 16320, 330.425
 16380, 339.822
 16440, 346.110
 16500, 342.195
 16560, 333.169
 16620, 314.191
 16680, 303.696
 16740, 297.327
 16800, 298.302
 16860, 313.103
 16920, 327.472
 16980, 331.915
 17040, 329.263
 17100, 325.385
 17160, 316.760
 17220, 312.465
 17280, 301.345
 17340, -9999.000
 17400, 316.714
 17460, 321.459
 17520, 323.651
 17580, 324.964
 17640, 318.586
 17700, 311.699
 17760, 295.043
 17820, 287.704
 17880, 288.816
 17940, 301.072
 18000, 308.482
 18060, 289.234
 18120, 289.933
 18180, 280.195
 18240, 266.014
 18300, 252.185
 18360, 254.284
 18420, 250.679
 18480, 268.014
 18540, 271.856
 18600, 273.100
 18660, 275.944
 18720, 279.079
 18780, 269.178
 18840, 271.032
 18900, 270.749
 18960, 279.516
 19020, 295.712
 19080, 303.473
 19140, 296.379
 19200, 280.715
 19260, 270.568
 19320, 266.836
 19380, 265.511
 19440, 269.440
 19500, 279.632
 19560, 284.404
 19620, 291.264
 19680, 290.490
 19740, 286.292
 19800, 284.395
 19860, 285.557
 19920, 290.190
 19980, 309.127
 20040, 325.569
 20100, 333.935
 20160, 336.120
 20220, 324.562
 20280, 319.710
 20340, 306.758
 20400, 300.498
 20460, 306.824
 20520, 311.940
 20580, 312.640
 20640, 313.113
 20700, 303.206
 20760, 295.588
 20820, 288.677
 20880, 273.638
 20940, 267.084
 21000, 276.742
 21060, 273.093
 21120, 278.156
 21180, 282.871
 21240, 288.687
 21300, 280.574
 21360, 277.022
 21420, 276.076
 21480, 275.521
 21540, 282.778
 21600, 297.292
 21660, 293.957
 21720, 289.751
 21780, 286.032
 21840, 285.421
 21900, 274.061
 21960, 275.593
 22020, 271.060
 22080, 268.185
 22140, 268.398
 22200, 260.919
 22260, 250.925
 22320, 256.187
 22380, 247.526
 22440, 252.612
 22500, 263.591
 22560, 276.109
 22620, 285.366
 22680, 287.888
 22740, 287.625
 22800, 285.455
 22860, 292.330
 22920, 267.908
 22980, 270.534
 23040, 285.539
 23100, 302.032
 23160, 321.462
 23220, 320.894
 23280, 303.570
 23340, 283.453
 23400, 266.311
 23460, 253.250
 23520, 241.293
 23580, 242.471
 23640, 249.493
 23700, 253.694
 23760, 255.403
 23820, 253.568
 23880, 255.520
 23940, 249.896
 24000, 241.238
 24060, 238.595
 24120, 236.609
 24180, 239.617
 24240, 247.500
 24300, 239.471
 24360, 231.640
 24420, 227.351
 24480, 219.850
 24540, 216.454
 24600, 221.112
 24660, 224.396
 24720, -9999.000
 24780, 227.741
 24840, 230.193
 24900, 228.726
 24960, 221.476
 25020, 212.485
 25080, 203.914
 25140, 207.599
 25200, 222.444
 25260, 233.971
 25320, 237.342
 25380, 235.712
 25440, 234.046
 25500, 231.581
 25560, 222.368
 25620, 221.085
 25680, 228.515
 25740, 236.584
 25800, 241.435
 25860, 238.970
 25920, 237.734
 25980, 230.793
 26040, 223.249
 26100, 226.155
 26160, 230.110
 26220, 236.887
 26280, 237.984
 26340, 230.009
 26400, 223.453
 26460, 216.111
 26520, 210.840
 26580, 212.255
 26640, 219.081
 26700, 221.353
 26760, 222.119
 26820, 214.102
 26880, 204.173
 26940, 200.431
 27000, 193.843
 27060, 201.505
 27120, 207.253
 27180, 211.496
 27240, 208.493
 27300, 213.142
 27360, 213.132
 27420, 218.494
 27480, 228.891
 27540, 235.958
 27600, 249.654
 27660, 255.957
 27720, 249.463
 27780, 248.560
 27840, 240.955
 27900, 236.073
 27960, 246.241
 28020, 259.693
 28080, 262.231
 28140, 267.191
 28200, 265.974
 28260, 259.780
 28320, 249.655
 28380, 251.259
 28440, 238.040
 28500, 255.290
 28560, 259.373
 28620, 262.260
 28680, 254.237
 28740, 249.373
 28800, 249.043
 28860, 253.698
 28920, 275.968
 28980, 288.747
 29040, 292.319
 29100, 295.605
 29160, 295.962
 29220, 294.880
 29280, 288.996
 29340, 285.924
 29400, 294.293
 29460, 304.126
 29520, 315.196
 29580, 311.298
 29640, 308.695
 29700, 301.802
 29760, 287.504
 29820, 275.091
 29880, 282.335
 29940, 298.287
 30000, 312.510
 30060, 310.033
 30120, 305.012
 30180, 290.646
 30240, 279.515
 30300, 263.681
 30360, 269.359
 30420, 275.853
 30480, 292.879
 30540, 294.899
 30600, 298.182
 30660, 296.921
 30720, 291.561
 30780, 292.441
 30840, 298.757
 30900, 312.411
 30960, 323.277
 31020, 320.547
 31080, 319.236
 31140, 306.410
 31200, 294.879
 31260, 275.334
 31320, 247.011
 31380, 240.660
 31440, 245.069
 31500, 262.582
 31560, 281.352
 31620, 287.575
 31680, 278.885
 31740, 270.452
 31800, 256.393
 31860, 246.921
 31920, 234.931
 31980, 232.979
 32040, 230.943
 32100, -9999.000
 32160, 245.218
 32220, 249.449
 32280, 250.230
 32340, 241.987
 32400, 230.630
 32460, 219.852
 32520, 206.331
 32580, 194.861
 32640, 180.653
 32700, 181.267
 32760, 185.798
 32820, 191.494
 32880, 203.704
 32940, 209.442
 33000, 206.090
 33060, 204.518
 33120, 207.136
 33180, 199.820
 33240, 204.237
 33300, 213.589
 33360, 229.182
 33420, 244.443
 33480, 249.074
 33540, 255.866
 33600, 248.637
 33660, 233.365
 33720, 214.372
 33780, 202.763
 33840, 197.257
 33900, 201.277
 33960, -9999.000
 34020, 203.868
 34080, 210.535
 34140, 204.961
 34200, 183.020
 34260, 182.378
 34320, 194.660
 34380, 190.644
 34440, 175.134
 34500, 160.042
 34560, 148.855
 34620, 145.437
 34680, 151.246
 34740, 147.375
 34800, 146.615
 34860, 144.405
 34920, 140.393
 34980, 137.513
 35040, 143.449
 35100, 143.645
 35160, 148.637
 35220, 146.504
 35280, 146.421
 35340, 147.330
 35400, 149.923
 35460, 156.249
 35520, 166.769
 35580, 161.715
 35640, 163.452
 35700, 163.904
 35760, 166.462
 35820, -9999.000
 35880, 188.056
 35940, 196.270
 36000, 211.406
 36060, 212.051
 36120, 208.955
 36180, 205.822
 36240, 211.581
 36300, 217.454
 36360, 220.118
 36420, 216.350
 36480, 206.362
 36540, 194.725
 36600, 190.547
 36660, 193.900
 36720, 198.841
 36780, 201.560
 36840, 203.302
 36900, 199.976
 36960, 192.514
 37020, 185.793
 37080, 188.215
 37140, 196.796
 37200, 201.137
 37260, 200.652
 37320, 193.737
 37380, 188.426
 37440, 179.287
 37500, 177.462
 37560, 178.273
 37620, 181.521
 37680, 190.304
 37740, 186.682
 37800, 181.042
 37860, 174.975
 37920, 173.306
 37980, 181.289
 38040, 184.159
 38100, 178.959
 38160, 174.930
 38220, 172.972
 38280, 170.942
 38340, 178.548
 38400, 185.439
 38460, 188.960
 38520, 193.882
 38580, 189.449
 38640, 184.574
 38700, 187.678
 38760, 192.119
 38820, 198.741
 38880, 195.578
 38940, 194.154
 39000, 191.318
 39060, 194.369
 39120, 204.172
 39180, 204.642
 39240, 200.651
 39300, 196.362
 39360, 191.881
 39420, 191.083
 39480, -9999.000
 39540, 196.114
 39600, 190.552
 39660, 185.461
 39720, 181.275
 39780, 183.271
 39840, 187.865
 39900, 193.477
 39960, 194.854
 40020, 189.853
 40080, 184.666
 40140, 187.668
 40200, 194.401
 40260, 198.554
 40320, 195.096
 40380, 185.958
 40440, 178.591
 40500, 178.347
 40560, 177.630
 40620, 177.857
 40680, 179.737
 40740, 174.443
 40800, 169.549
 40860, 171.331
 40920, 173.401
 40980, 170.848
 41040, 169.394
 41100, 162.656
 41160, 160.088
 41220, 162.350
 41280, 159.123
 41340, -9999.000
 41400, 156.800
 41460, 154.469
 41520, 150.974
 41580, 158.381
 41640, 157.552
 41700, 154.545
 41760, 147.641
 41820, 144.442
 41880, 144.590
 41940, 149.048
 42000, 151.455
 42060, 154.600
 42120, 147.617
 42180, 145.902
 42240, 148.798
 42300, 153.360
 42360, 149.820
 42420, 144.306
 42480, 134.765
 42540, 129.531
 42600, 126.527
 42660, 123.872
 42720, 123.885
 42780, 120.196
 42840, 114.284
 42900, 115.512
 42960, 118.031
 43020, 119.106
 43080, 117.692
 43140, 113.402
 43200, -9999.000
 43260, 121.402
 43320, 122.867
 43380, 119.301
 43440, 117.431
 43500, 115.256
 43560, 112.029
 43620, 114.548
 43680, 115.469
 43740, 112.472
 43800, 106.417
 43860, 106.452
 43920, 106.218
 43980, 108.413
 44040, 108.090
 44100, 105.152
 44160, 101.258
 44220, 99.498
 44280, 103.862
 44340, 106.615
 44400, 109.184
 44460, 108.287
 44520, 108.562
 44580, 115.064
 44640, 114.610
 44700, 113.278
 44760, 114.582
 44820, 114.068
 44880, 107.993
 44940, 110.642
 45000, 117.694
 45060, 132.930
 45120, 131.836
 45180, 138.226
 45240, 150.877
 45300, 160.665
 45360, 168.367
 45420, 173.984
 45480, 174.682
 45540, 182.576
 45600, 183.823
 45660, 185.995
 45720, 181.211
 45780, 180.456
 45840, 185.898
 45900, 190.235
 45960, 189.630
 46020, 184.529
 46080, 176.679
 46140, 173.130
 46200, 176.055
 46260, 173.354
 46320, 170.952
 46380, 164.571
 46440, 158.436
 46500, 160.108
 46560, 161.057
 46620, 157.089
 46680, 152.285
 46740, 151.840
 46800, 132.486
 46860, 127.776
 46920, 477.949
 46980, 466.008
 47040, 410.994
 47100, 393.810
 47160, 371.812
 47220, 356.636
 47280, 343.868
 47340, 330.602
 47400, 320.474
 47460, 320.216
 47520, 322.560
 47580, 323.672
 47640, 324.068
 47700, 307.381
 47760, 306.678
 47820, 313.316
 47880, 313.252
 47940, 305.810
 48000, 298.148
 48060, 283.363
 48120, 273.575
 48180, 276.954
 48240, 278.578
 48300, 267.952
 48360, 255.611
 48420, 241.749
 48480, 234.532
 48540, 239.262
 48600, 228.928
 48660, 221.863
 48720, 225.233
 48780, 230.039
 48840, 219.120
 48900, 213.196
 48960, 214.342
 49020, 218.986
 49080, 220.150
 49140, 213.838
 49200, 208.573
 49260, 209.715
 49320, 218.354
 49380, 238.544
 49440, 240.952
 49500, 248.438
 49560, 258.786
 49620, 261.482
 49680, 262.764
 49740, 271.614
 49800, 277.980
 49860, 278.771
 49920, 272.729
 49980, 270.448
 50040, 259.724
 50100, 250.257
 50160, 243.590
 50220, 240.210
 50280, 235.358
 50340, 229.691
 50400, 215.011
 50460, 200.377
 50520, 188.986
 50580, -9999.000
 50640, 221.043
 50700, 212.979
 50760, 206.957
 50820, 199.201
 50880, 185.511
 50940, 176.213
 51000, 165.076
 51060, 160.519
 51120, 158.789
 51180, 161.499
 51240, 159.611
 51300, 157.524
 51360, 159.761
 51420, 156.949
 51480, 156.419
 51540, 158.938
 51600, 167.142
 51660, 173.143
 51720, 174.254
 51780, 170.542
 51840, 165.161
 51900, 157.811
 51960, 156.440
 52020, 159.866
 52080, 167.430
 52140, 172.089
 52200, 175.450
 52260, 168.390
 52320, 164.612
 52380, 158.528
 52440, 188.243
 52500, 177.738
 52560, 173.780
 52620, 175.839
 52680, 176.352
 52740, 173.591
 52800, 171.142
 52860, 165.141
 52920, 167.058
 52980, 183.556
 53040, 202.588
 53100, 222.742
 53160, 234.904
 53220, 244.414
 53280, 242.602
 53340, 239.396
 53400, 234.180
 53460, 236.876
 53520, 243.854
 53580, 256.520
 53640, 271.575
 53700, 284.431
 53760, 284.732
 53820, 276.599
 53880, 262.790
 53940, 252.119
 54000, 240.544
 54060, 233.878
 54120, 230.508
 54180, 243.340
 54240, 248.986
 54300, -9999.000
 54360, 262.542
 54420, 276.540
 54480, 274.577
 54540, 274.430
 54600, 281.495
 54660, 295.472
 54720, 289.965
 54780, 282.376
 54840, 275.079
 54900, 273.881
 54960, 274.608
 55020, 271.018
 55080, 270.460
 55140, 271.202
 55200, 280.183
 55260, 278.057
 55320, 278.840
 55380, 283.014
 55440, 279.792
 55500, 272.946
 55560, 272.051
 55620, 266.803
 55680, 277.590
 55740, 282.580
 55800, 277.299
 55860, 258.795
 55920, 257.195
 55980, 261.833
 56040, 269.673
 56100, 276.114
 56160, 283.902
 56220, 282.675
 56280, 283.708
 56340, 293.409
 56400, 306.209
 56460, 318.599
 56520, 328.579
 56580, 330.522
 56640, 332.453
 56700, 332.694
 56760, 333.012
 56820, 330.153
 56880, 326.165
 56940, 320.112
 57000, 318.386
 57060, 318.688
 57120, 320.229
 57180, 325.225
 57240, 317.266
 57300, 312.786
 57360, 306.146
 57420, 297.538
 57480, 293.345
 57540, 296.106
 57600, 295.151
 57660, 284.468
 57720, 279.068
 57780, 268.350
 57840, 260.292
 57900, 255.209
 57960, -9999.000
 58020, 277.584
 58080, 301.386
 58140, 326.503
 58200, 363.074
 58260, 392.510
 58320, 410.794
 58380, 418.007
 58440, 414.614
 58500, 407.944
 58560, 397.010
 58620, 392.219
 58680, 382.827
 58740, 373.176
 58800, 366.652
 58860, 357.130
 58920, 345.687
 58980, 340.548
 59040, 344.444
 59100, 350.454
 59160, 353.243
 59220, 358.174
 59280, 357.050
 59340, 350.995
 59400, 348.914
 59460, 349.187
 59520, 349.908
 59580, 357.952
