CampaignData_and_Merges/R0/CSL_MobileLab_Parked/raw/20240727/USOS-NOAAIodideCIMS-Halogens_MobileLabGround_20240727_RA.ict
38, 1001
Michael A Robinson, Chris Jernigan, Subi Thakali
NOAA ESRL Chemical Sciences Laboratory and CIRES, U. of Colorado
NOAA Iodide CIMS Instrument
USOS
1, 1
2024, 07, 27, 2024, 07, 28
1
starttime_UTC, seconds_past_midnight, seconds_of_day_since_00:00:00_UTC
6
1, 1, 1, 1, 1, 1
-9999, -9999, -9999, -9999, -9999, -9999
Br2_NOAACIMS, pptv, Gas_Br2_InSitu_S_AVMR, 
BrO_NOAACIMS, pptv, Gas_BrO_InSitu_S_AVMR, 
Cl2_NOAACIMS, pptv, Gas_Cl2_InSitu_S_AVMR, 
ClNO2_NOAACIMS, pptv, Gas_ClNO2_InSitu_S_AVMR, 
BrCl_NOAACIMS, pptv, Gas_BrCl_InSitu_S_AVMR, 
NCl3_NOAACIMS, pptv, Gas_NCl3_InSitu_S_AVMR, 
0
18
PI_CONTACT_INFO: 325 Broadway, R/CSD 7, Boulder, Colorado 80305; michael.a.robinson@noaa.gov; chris.jernigan@noaa.gov;
PLATFORM: NOAA CSL Mobile Lab
LOCATION: SLC, Utah
ASSOCIATED_DATA: 1Hz data also available on request.
INSTRUMENT_INFO: NOAA I- ToF CIMS
DATA_INFO: All data in parts per trillion by volume (pptv). 1 Hz data is available upon request.
UNCERTAINTY: TBD
ULOD_FLAG: -7777
ULOD_VALUE: N/A
LLOD_FLAG: -8888
LLOD_VALUE: N/A
DM_CONTACT_INFO: Nathan Howard; nathan.h.howard@noaa.gov
PROJECT_INFO: USOS, summer 2024. https://csl.noaa.gov/groups/csl7/measurements/2024usos/
STIPULATIONS_ON_USE: Users are strongly encouraged to contact the PI for proper data usage.
OTHER_COMMENTS: 
REVISION: RA
RA: Preliminary Data; For in-field use only
starttime_UTC, Br2_NOAACIMS, BrO_NOAACIMS, Cl2_NOAACIMS, ClNO2_NOAACIMS, BrCl_NOAACIMS, NCl3_NOAACIMS
[from data line 867]
 52020,  1.358,  0.171,  0.541,  1.042,  0.149,  0.408
 52080,  0.937,  0.100,  0.512,  0.901,  0.084,  0.184
 52140,  1.026,  0.109,  0.504,  0.885,  0.127,  0.245
 52200,  1.416,  0.194,  0.652,  0.958,  0.219,  0.341
 52260,  0.529,  0.018,  0.528,  0.903,  0.019,  0.056
 52320,  1.679,  0.185,  0.712,  0.983,  0.252,  0.353
 52380,  1.218,  0.118,  0.511,  0.979,  0.154,  0.256
 52440,  1.532,  0.077,  0.062,  1.208,  0.274,  0.359
 52500,  0.521,  0.029,  0.508,  0.847,  0.061,  0.120
 52560,  0.320, -0.001,  0.437,  0.840,  0.015,  0.025
 52620,  0.254,  0.005,  0.526,  0.841,  0.027,  0.048
 52680,  1.051,  0.146,  0.585,  0.889,  0.118,  0.265
 52740,  1.554,  0.256,  0.751,  0.876,  0.158,  0.265
 52800,  1.129,  0.052,  0.643,  0.878,  0.148,  0.206
 52860,  0.758,  0.063,  0.540,  0.875,  0.068,  0.138
 52920,  0.405, -0.026,  0.445,  0.949,  0.003,  0.046
 52980,  0.741,  0.062,  0.459,  0.820,  0.142,  0.184
 53040,  1.351,  0.122,  0.514,  1.050,  0.191,  0.359
 53100,  0.976,  0.039,  0.469,  1.040,  0.077,  0.162
 53160,  0.881,  0.062,  0.563,  1.106,  0.150,  0.299
 53220,  1.424,  0.170,  0.509,  0.945,  0.201,  0.258
 53280,  0.821,  0.051,  0.499,  0.925,  0.125,  0.187
 53340,  1.087,  0.121,  0.709,  1.017,  0.129,  0.197
 53400,  1.186,  0.092,  0.560,  1.108,  0.137,  0.343
 53460,  1.146,  0.184,  0.516,  1.030,  0.172,  0.397
 53520,  1.272,  0.135,  0.636,  1.101,  0.168,  0.369
 53580,  1.082,  0.098,  0.505,  1.020,  0.245,  0.366
 53640,  1.120,  0.018,  0.572,  1.064,  0.175,  0.284
 53700,  0.941,  0.133,  0.552,  1.082,  0.175,  0.198
 53760,  1.120,  0.184,  0.510,  0.982,  0.203,  0.212
 53820,  1.059,  0.134,  0.668,  1.010,  0.140,  0.335
 53880,  0.943,  0.176,  0.641,  1.041,  0.147,  0.316
 53940,  0.755,  0.062,  0.522,  1.002,  0.126,  0.232
 54000,  1.081,  0.101,  0.587,  0.987,  0.118,  0.140
 54060,  0.872,  0.103,  0.663,  1.080,  0.137,  0.207
 54120,  0.905,  0.109,  0.647,  1.067,  0.100,  0.179
 54180,  0.712,  0.114,  0.645,  1.024,  0.135,  0.235
 54240,  0.732,  0.067,  0.707,  0.978,  0.131,  0.358
 54300, -9999.000, -9999.000, -9999.000, -9999.000, -9999.000, -9999.000
 54360,  0.638,  0.074,  0.520,  0.969,  0.168,  0.145
 54420,  0.807,  0.084,  0.504,  1.227,  0.112,  0.078
 54480,  0.916,  0.049,  0.584,  1.039,  0.173,  0.143
 54540,  0.897,  0.094,  0.451,  0.912,  0.095,  0.105
 54600,  0.789,  0.142,  0.470,  0.934,  0.184,  0.082
 54660,  0.714,  0.147,  0.642,  0.989,  0.217,  0.134
 54720,  0.873,  0.053,  0.506,  0.997,  0.201,  0.184
 54780,  0.769,  0.027,  0.444,  0.962,  0.184,  0.085
 54840, -9999.000,  0.087,  0.585,  0.914,  0.171,  0.150
 54900, -9999.000,  0.078,  0.476,  0.955,  0.209,  0.094
 54960, -9999.000,  0.087,  0.508,  0.998,  0.217,  0.071
 55020, -9999.000,  0.121,  0.609,  0.962,  0.225,  0.100
 55080, -9999.000,  0.000,  0.444,  0.910,  0.071, -0.005
 55140, -9999.000, -0.120,  0.278,  0.833, -0.059, -0.138
 55200, -9999.000,  0.002,  0.444,  0.851,  0.150, -0.018
 55260, -9999.000,  0.064,  0.495,  0.984,  0.159,  0.033
 55320, -9999.000,  0.125,  0.542,  0.855,  0.151,  0.065
 55380, -9999.000,  0.068,  0.501,  0.956,  0.184,  0.138
 55440, -9999.000,  0.006,  0.538,  0.834,  0.177,  0.157
 55500, -9999.000,  0.090,  0.592,  0.908,  0.215,  0.095
 55560,  0.864,  0.096,  0.502,  0.959,  0.221,  0.106
 55620,  0.761,  0.035,  0.427,  0.887,  0.228,  0.097
 55680,  0.855,  0.004,  0.554,  0.820,  0.267,  0.045
 55740,  0.660,  0.206,  0.444,  0.907,  0.192,  0.133
 55800,  0.805,  0.154,  0.474,  0.906,  0.257,  0.232
 55860,  0.760,  0.153,  0.534,  0.816,  0.171,  0.174
 55920,  0.839,  0.158,  0.592,  0.928,  0.226,  0.258
 55980,  0.830,  0.065,  0.577,  0.899,  0.254,  0.281
 56040,  0.905,  0.086,  0.481,  0.816,  0.234,  0.164
 56100,  0.883,  0.165,  0.425,  0.795,  0.275,  0.236
 56160,  0.617,  0.152,  0.379,  0.851,  0.210,  0.070
 56220,  0.743,  0.101,  0.580,  0.794,  0.265,  0.116
 56280,  0.971, -9999.000,  0.569,  0.762,  0.168,  0.169
 56340,  0.737, -9999.000,  0.645,  0.731,  0.238,  0.132
 56400,  0.716, -9999.000,  0.556,  0.710,  0.213,  0.087
 56460,  0.842, -9999.000,  0.562,  0.742,  0.255,  0.062
 56520,  0.818, -9999.000,  0.480,  0.818,  0.239,  0.134
 56580,  0.655, -9999.000,  0.528,  0.770,  0.232,  0.047
 56640,  0.703, -9999.000,  0.663,  0.662,  0.224,  0.032
 56700,  0.778, -9999.000,  0.703,  0.791,  0.291,  0.174
 56760,  0.647, -9999.000,  0.666,  0.767,  0.181,  0.039
 56820,  0.958, -9999.000,  0.668,  0.757,  0.265,  0.128
 56880,  0.846, -9999.000,  0.677,  0.727,  0.193,  0.093
 56940,  0.744, -9999.000,  0.568,  0.671,  0.240, -0.006
 57000,  0.900, -9999.000,  0.528,  0.694,  0.219,  0.069
 57060,  0.910, -9999.000,  0.602,  0.731,  0.236,  0.088
 57120,  0.405, -9999.000,  0.696,  0.722,  0.126, -0.017
 57180,  0.734, -9999.000,  0.632,  0.627,  0.184,  0.017
 57240,  0.726, -9999.000,  0.608,  0.644,  0.228,  0.060
 57300,  0.810, -9999.000,  0.593,  0.578,  0.300, -0.039
 57360,  0.885, -9999.000,  0.647,  0.740,  0.246,  0.033
 57420, -0.007, -9999.000,  0.571,  0.567,  0.083, -0.110
 57480,  0.631, -9999.000,  0.593,  0.585,  0.213,  0.049
 57540,  0.818, -9999.000,  0.623,  0.652,  0.242, -0.018
 57600,  0.731, -9999.000,  0.725,  0.620,  0.219, -0.008
 57660,  1.068, -9999.000,  0.637,  0.660,  0.344,  0.037
 57720,  0.810, -9999.000,  0.755,  0.634,  0.384,  0.158
 57780,  0.875, -9999.000,  0.595,  0.661,  0.476,  0.092
 57840,  0.390, -9999.000,  0.609,  0.495,  0.358,  0.034
 57900, -0.237, -9999.000,  0.460,  0.433,  0.069, -0.108
 57960, -9999.000, -9999.000, -9999.000, -9999.000, -9999.000, -9999.000
 58020,  0.420, -9999.000,  0.591,  0.353,  0.121, -0.013
 58080,  0.866, -9999.000,  0.708,  0.367,  0.231,  0.204
 58140,  0.325, -9999.000,  0.657,  0.390,  0.109,  0.053
 58200,  0.615, -9999.000,  0.699,  0.375,  0.119,  0.229
 58260,  0.408, -9999.000,  0.634,  0.300,  0.126,  0.206
 58320,  0.293, -9999.000,  0.668,  0.275,  0.066, -0.023
 58380,  0.193, -9999.000,  0.644,  0.243,  0.087,  0.022
 58440,  0.278, -9999.000,  0.602,  0.277,  0.077,  0.040
 58500,  0.116, -9999.000,  0.561,  0.310,  0.022,  0.042
 58560,  0.614, -9999.000,  0.653,  0.276,  0.121,  0.058
 58620,  0.390, -9999.000,  0.662,  0.265,  0.078,  0.030
 58680,  0.494, -9999.000,  0.798,  0.347,  0.073,  0.160
 58740,  0.571, -9999.000,  0.697,  0.295,  0.131,  0.047
 58800,  0.415, -9999.000,  0.701,  0.308,  0.111,  0.058
 58860,  0.438, -9999.000,  0.646,  0.316,  0.116,  0.108
 58920,  0.576, -9999.000,  0.689,  0.315,  0.176,  0.206
 58980,  0.555, -9999.000,  0.745,  0.312,  0.097,  0.157
 59040,  0.598, -9999.000,  0.632,  0.294,  0.052,  0.081
 59100,  0.572, -9999.000,  0.759,  0.332,  0.128,  0.067
 59160,  0.476, -9999.000,  0.697,  0.259,  0.126,  0.146
 59220,  0.523, -9999.000,  0.759,  0.311,  0.148,  0.178
 59280,  0.734, -9999.000,  0.773,  0.342,  0.127,  0.243
 59340,  0.581, -9999.000,  0.788,  0.315,  0.147,  0.155
 59400,  0.636, -9999.000,  0.856,  0.256,  0.161,  0.264
 59460,  0.615, -9999.000,  0.681,  0.248,  0.115,  0.110
 59520,  0.237, -9999.000,  0.629,  0.266,  0.084,  0.065
 59580,  0.813, -9999.000,  0.660,  0.306,  0.109,  0.085
 59640,  0.576, -9999.000,  0.740,  0.229,  0.128,  0.176
 59700,  0.668, -9999.000,  0.766,  0.316,  0.133,  0.092
 59760,  0.745, -9999.000,  0.735,  0.253,  0.107,  0.173
 59820, -9999.000, -9999.000, -9999.000, -9999.000, -9999.000, -9999.000
 59880,  0.671,  0.193,  0.667,  0.254,  0.171,  0.250
 59940,  0.619,  0.218,  0.700,  0.267,  0.184,  0.114
 60000,  0.588,  0.093,  0.769,  0.225,  0.133,  0.320
 60060,  0.696,  0.145,  0.754,  0.314,  0.145,  0.237
 60120,  0.738,  0.182,  0.765,  0.285,  0.133,  0.297
 60180,  0.722,  0.096,  0.690,  0.270,  0.123,  0.141
 60240,  0.549,  0.151,  0.794,  0.325,  0.193,  0.140
 60300,  0.681,  0.218,  0.708,  0.262,  0.121,  0.147
 60360,  0.745,  0.174,  0.768,  0.294,  0.137,  0.121
 60420,  0.690,  0.199,  0.647,  0.268,  0.118,  0.118
 60480,  0.773,  0.216,  0.742,  0.287,  0.151,  0.160
 60540,  0.801,  0.195,  0.795,  0.196,  0.144,  0.197
 60600,  0.867,  0.193,  0.711,  0.243,  0.140,  0.148
 60660,  0.812,  0.204,  0.738,  0.271,  0.138,  0.117
 60720,  0.665,  0.194,  0.636,  0.239,  0.138,  0.101
 60780,  0.735,  0.196,  0.596,  0.240,  0.147,  0.159
 60840,  0.831,  0.232,  0.790,  0.243,  0.142,  0.119
 60900,  0.861,  0.140,  0.733,  0.219,  0.122,  0.101
 60960,  0.930,  0.140,  0.663,  0.209,  0.161,  0.182
 61020,  0.808,  0.113,  0.660,  0.194,  0.123,  0.121
 61080,  0.838,  0.178,  0.558,  0.188,  0.177,  0.081
 61140,  0.813,  0.172,  0.658,  0.212,  0.134,  0.179
 61200,  0.872,  0.172,  0.768,  0.287,  0.185,  0.090
 61260,  0.977,  0.124,  0.711,  0.241,  0.140,  0.213
 61320,  1.011,  0.182,  0.671,  0.168,  0.133,  0.086
 61380,  0.785,  0.129,  0.709,  0.202,  0.158,  0.018
 61440,  0.867,  0.193,  0.654,  0.245,  0.152,  0.167
 61500,  0.922,  0.183,  0.639,  0.209,  0.133,  0.089
 61560,  0.796,  0.142,  0.579,  0.221,  0.148,  0.156
 61620,  1.005,  0.216,  0.616,  0.295,  0.171,  0.132
 61680, -9999.000, -9999.000, -9999.000, -9999.000, -9999.000, -9999.000
 61740,  0.935,  0.229,  0.740,  0.236,  0.114,  0.175
 61800,  0.917,  0.189,  0.792,  0.201,  0.158,  0.139
 61860,  0.981,  0.157,  0.783,  0.233,  0.211,  0.139
 61920,  0.925,  0.318,  0.699,  0.210,  0.188,  0.129
 61980,  0.924,  0.238,  0.770,  0.197,  0.166,  0.137
 62040,  0.955,  0.039,  0.729,  0.192,  0.208,  0.154
 62100,  0.949,  0.116,  0.792,  0.206,  0.164,  0.271
 62160,  0.696,  0.028,  0.664,  0.198,  0.145,  0.118
 62220,  0.901,  0.094,  0.709,  0.224,  0.159,  0.044
 62280,  0.813,  0.093,  0.651,  0.182,  0.203,  0.155
 62340,  0.640,  0.082,  0.715,  0.177,  0.129,  0.081
 62400,  0.968,  0.068,  0.820,  0.199,  0.160,  0.127
 62460,  0.914,  0.128,  0.827,  0.152,  0.168,  0.129
 62520,  0.447,  0.010,  0.816,  0.163,  0.149,  0.029
 62580,  0.416, -0.047,  0.676,  0.147,  0.084, -0.059
 62640,  0.393, -0.015,  0.508,  0.123,  0.083, -0.065
 62700,  0.271, -0.123,  0.496,  0.093,  0.038, -0.091
 62760, -0.089, -0.130,  0.463,  0.084,  0.019, -0.119
 62820, -0.210, -0.130,  0.431,  0.091, -0.013, -0.111
 62880,  0.102, -0.055,  0.569,  0.098,  0.069, -0.047
 62940,  0.402, -0.064,  0.589,  0.088,  0.112,  0.020
 63000,  0.952,  0.033,  0.709,  0.157,  0.180,  0.099
 63060,  0.875,  0.009,  0.617,  0.161,  0.170,  0.196
 63120,  0.783,  0.061,  0.659,  0.113,  0.156,  0.170
 63180,  0.752,  0.022,  0.715,  0.131,  0.146,  0.093
 63240,  0.669, -0.100,  0.646,  0.118,  0.128,  0.071
 63300,  0.691, -0.007,  0.664,  0.112,  0.197,  0.209
 63360,  0.957,  0.006,  0.653,  0.132,  0.200,  0.243
 63420,  0.861, -0.081,  0.672,  0.128,  0.166,  0.159
 63480,  0.610, -0.103,  0.702,  0.145,  0.195,  0.067
 63540,  0.912,  0.019,  0.724,  0.156,  0.102,  0.189
 63600,  0.756, -0.017,  0.604,  0.152,  0.155,  0.256
 63660,  0.888, -0.022,  0.548,  0.113,  0.179,  0.377
 63720,  0.670, -0.088,  0.485,  0.155,  0.103,  0.343
 63780,  0.659, -0.035,  0.498,  0.143,  0.114,  0.330
 63840,  0.751, -0.004,  0.603,  0.138,  0.212,  0.367
 63900,  0.722, -0.014,  0.442,  0.104,  0.151,  0.298
 63960,  0.741,  0.087,  0.497,  0.163,  0.242,  0.421
 64020,  0.830, -0.021,  0.559,  0.143,  0.105,  0.227
 64080,  0.715, -0.039,  0.529,  0.140,  0.129,  0.194
 64140,  0.913, -0.068,  0.669,  0.155,  0.167,  0.460
 64200,  1.025,  0.066,  0.716,  0.223,  0.138,  0.754
 64260,  0.854, -0.006,  0.660,  0.182,  0.194,  0.678
 64320,  0.885,  0.060,  0.602,  0.177,  0.218,  1.144
 64380,  0.901,  0.092,  0.588,  0.202,  0.165,  1.397
 64440,  1.041,  0.049,  0.588,  0.250,  0.174,  0.996
 64500,  0.886,  0.042,  0.488,  0.221,  0.120,  1.017
 64560,  0.788,  0.018,  0.573,  0.280,  0.091,  1.055
 64620,  1.078,  0.095,  0.566,  0.197,  0.230,  1.073
 64680,  0.832,  0.037,  0.533,  0.237,  0.139,  0.945
 64740,  1.175,  0.059,  0.515,  0.251,  0.178,  0.679
 64800,  1.124,  0.081,  0.536,  0.223,  0.151,  0.618
 64860,  1.026,  0.234,  0.463,  0.160,  0.181,  0.533
 64920,  1.109,  0.131,  0.432,  0.144,  0.128,  0.323
 64980,  1.068,  0.109,  0.513,  0.160,  0.165,  0.303
 65040,  1.209,  0.160,  0.601,  0.130,  0.141,  0.329
 65100,  1.375,  0.213,  0.588,  0.150,  0.172,  0.437
 65160,  1.173,  0.155,  0.612,  0.130,  0.122,  0.345
 65220,  1.151,  0.210,  0.614,  0.140,  0.180,  0.347
 65280,  1.225,  0.155,  0.593,  0.107,  0.176,  0.405
 65340, -9999.000, -9999.000, -9999.000, -9999.000, -9999.000, -9999.000
 65400,  0.237, -0.007,  0.451,  0.049,  0.025,  0.017
 65460,  0.821,  0.073,  0.501,  0.100,  0.124,  0.132
 65520,  0.578,  0.033,  0.431,  0.070,  0.036,  0.049
 65580,  0.623, -0.012,  0.388,  0.077,  0.023,  0.048
 65640,  1.013,  0.099,  0.507,  0.110,  0.162,  0.175
 65700,  1.223,  0.229,  0.695,  0.160,  0.222,  0.258
 65760,  1.046,  0.126,  0.569,  0.138,  0.210,  0.167
 65820,  1.141,  0.227,  0.590,  0.128,  0.191,  0.217
 65880,  1.118,  0.075,  0.670,  0.115,  0.157,  0.115
 65940,  0.808, -0.015,  0.558,  0.109,  0.143,  0.063
 66000,  0.922,  0.117,  0.598,  0.103,  0.147,  0.056
 66060,  0.929,  0.110,  0.580,  0.105,  0.198,  0.100
 66120,  1.188,  0.073,  0.732,  0.135,  0.080,  0.175
 66180,  1.166,  0.179,  0.715,  0.125,  0.226,  0.310
 66240,  0.956,  0.058,  0.578,  0.130,  0.170,  0.155
 66300,  1.186,  0.130,  0.752,  0.115,  0.236,  0.189
 66360,  1.169,  0.147,  0.666,  0.120,  0.183,  0.178
 66420,  0.878,  0.095,  0.722,  0.127,  0.119,  0.190
 66480,  0.866,  0.026,  0.662,  0.138,  0.174,  0.125
 66540,  1.073,  0.032,  0.693,  0.146,  0.150,  0.164
 66600,  0.974,  0.049,  0.772,  0.120,  0.184,  0.194
 66660,  0.802,  0.039,  0.671,  0.103,  0.137,  0.146
 66720,  0.845,  0.010,  0.624,  0.075,  0.112,  0.131
 66780,  0.804,  0.057,  0.596,  0.053,  0.178,  0.127
 66840,  0.883,  0.027,  0.657,  0.115,  0.145,  0.241
 66900,  0.907,  0.067,  0.671,  0.091,  0.190,  0.245
 66960,  0.878,  0.034,  0.772,  0.149,  0.123,  0.246
 67020,  1.066,  0.026,  0.727,  0.123,  0.170,  0.169
 67080,  0.918,  0.042,  0.848,  0.093,  0.157,  0.175
 67140,  0.942,  0.020,  0.867,  0.135,  0.172,  0.140
 67200,  1.466,  0.166,  0.630,  0.445,  0.017, -0.091
 67260,  0.906,  0.110,  0.658,  0.097,  0.177,  0.179
 67320,  0.887,  0.046,  0.716,  0.093,  0.164,  0.166
 67380,  0.750,  0.158,  0.719,  0.084,  0.082,  0.183
 67440,  1.082,  0.122,  0.739,  0.141,  0.163,  0.223
 67500,  0.904,  0.173,  0.782,  0.128,  0.173,  0.314
 67560,  0.977,  0.039,  0.718,  0.069,  0.117,  0.274
 67620,  0.526, -0.025,  0.694,  0.070,  0.067,  0.067
 67680,  0.825,  0.051,  0.674,  0.079,  0.126,  0.144
 67740,  0.703,  0.103,  0.775,  0.100,  0.142,  0.142
 67800,  0.851,  0.096,  0.722,  0.117,  0.140,  0.178
 67860,  0.918,  0.088,  0.768,  0.111,  0.165,  0.255
 67920,  0.751,  0.065,  0.681,  0.104,  0.159,  0.192
 67980,  0.712,  0.114,  0.704,  0.087,  0.160,  0.221
 68040,  0.539,  0.072,  0.763,  0.102,  0.111,  0.238
 68100,  0.789,  0.052,  0.669,  0.123,  0.184,  0.225
 68160,  0.735,  0.063,  0.716,  0.117,  0.146,  0.200
 68220,  0.735,  0.018,  0.715,  0.102,  0.134,  0.296
 68280,  0.692,  0.069,  0.644,  0.089,  0.170,  0.249
 68340,  0.606,  0.024,  0.585,  0.137,  0.119,  0.107
 68400,  0.717,  0.043,  0.673,  0.113,  0.140,  0.172
 68460,  0.663,  0.066,  0.673,  0.114,  0.170,  0.133
 68520,  0.338, -0.024,  0.693,  0.097,  0.106,  0.093
 68580,  0.583,  0.026,  0.751,  0.169,  0.164,  0.107
 68640,  0.603,  0.084,  0.728,  0.150,  0.167,  0.214
 68700,  0.603,  0.053,  0.641,  0.062,  0.143,  0.109
 68760,  0.682,  0.109,  0.700,  0.130,  0.147,  0.195
 68820,  0.691,  0.153,  0.577,  0.124,  0.205,  0.182
 68880,  0.501,  0.154,  0.803,  0.107,  0.186,  0.134
 68940,  0.586,  0.101,  0.761,  0.076,  0.167,  0.135
 69000,  0.599,  0.093,  0.663,  0.182,  0.093,  0.095
