CampaignData_and_Merges/R0/CSL_MobileLab_Parked/raw/20240727/USOS-jNO2_MobileLabGround_20240727_R0.ict
52,1001
Waxman, E.; Rollins, A.; Zuraski, K.; Chace, W.
NOAA Chemical Sciences Laboratory
jNO2 filter radiometer on CSL Mobile Lab
AMMBEC / USOS
1, 1
2024,07,27, 2025,04,01
60
Time_Start, seconds, number_of_seconds_since_0000_UTC
20
1, 1, 1, 1, 1, 1, 1, 1, 1, 1, 1, 1, 1, 1, 1, 1, 1, 1, 1, 1
-9999, -9999, -9999, -9999, -9999, -9999, -9999, -9999, -9999, -9999, -9999, -9999, -9999, -9999, -9999, -9999, -9999, -9999, -9999, -9999
Time_Stop, seconds, number_of_seconds_since_0000_UTC
jNO2_meas, per second, photolysis rate of NO2 measured using a filter radiometer.
jBrCl, per second, photolysis rate of BrCl -> Br + Cl calculated in TUV for cloud-free sky with local AOD
jBr2, per second, photolysis rate of Br2 -> Br + Br calculated in TUV for cloud-free sky with local AOD
jCCl4, per second, photolysis rate of CCl4 -> Products calcualted in TUV for cloud-free sky with local AOD
jCH2Oa, per second, photolysis rate of CH2O -> H + HCO calculated in TUV for cloud-free sky with local AOD
jCH2Ob, per second, photolysis rate of CH2O -> H2 + CO calculated in TUV for cloud-free sky with local AOD
jClNO2, per second, photolysis rate of ClNO2 -> Cl + NO2 calculated in TUV for cloud-free sky with local AOD
jClOa, per second, photolysis rate of ClO -> Cl + O(1D) calculated in TUV for cloud-free sky with local AOD
jClOb, per second, photolysis rate of ClO -> Cl + O(3P) calculated in TUV for cloud-free sky with local AOD
jCl2, per second, photolysis rate of Cl2 -> Cl + Cl calculated in TUV for cloud-free sky with local AOD
jHNO2, per second, photolysis rate of HNO2 -> OH + NO calculated in TUV for cloud-free sky with local AOD
jHNO3, per second, photolysis rate of HNO3 -> OH + NO2 calculated in TUV for cloud-free sky with local AOD
jI2, per second, photolysis rate of I2 -> I + I calculated in TUV for cloud-free sky with local AOD
jNO2, per second, photolysis rate of NO2 -> NO + O(3P) calculated in TUV for cloud-free sky with local AOD
jNO3a, per second, photolysis rate of NO3 -> NO + O2 calculated in TUV for cloud-free sky with local AOD
jNO3b, per second, photolysis rate of NO3 -> NO2 + O(3P) calculated in TUV for cloud-free sky with local AOD
jN2O5, per second, photolysis rate of N2O5 -> NO3 + NO + O(3P) calculated in TUV for cloud-free sky with local AOD
jO3, per second, photolysis rate of O3 -> O2 + O(1D) calculated in TUV for cloud-free sky with local AOD
AOD_500nm, unitless, UTC daily mean AOD at 500 nm from an AERONET station located at 40.178 N, -112.452 E
0
18
PI_CONTACT_INFO: eleanor.waxman@noaa.gov
PLATFORM: CSL Mobile Lab, at ground site
LOCATION: Salt Lake City, UT
ASSOCIATED_DATA:
INSTRUMENT_INFO: jNO2 filter radiometer.  TUV calculations are for mobile van lat/lon/altitude assuming clear sky (cloud AOD = 0) and daily mean AOD.
DATA_INFO:
UNCERTAINTY: Data uncertainties are +/- 20%.  These come from uncertainties in radiometer angular response, radiometer thermal response, local interferences from clouds/aerosols/shadows etc.
ULOD_FLAG: -7777
ULOD_VALUE: N/A
LLOD_FLAG: -8888
LLOD_VALUE: N/A
DM_CONTACT_INFO: eleanor.waxman@noaa.gov
PROJECT_INFO: USOS Project, July - August 2024
STIPULATIONS_ON_USE: Users are strongly encouraged to contact the PI for proper data usage.
OTHER_COMMENTS: 
REVISION: R0
R0: final data
Time_Start, Time_Stop, jNO2_meas, jBrCl, jBr2, jCCl4, jCH2Oa, jCH2Ob, jClNO2, jClOa, jClOb, jCl2, jHNO2, jHNO3, jI2, jNO2, jNO3a, jNO3b, jN2O5, jO3, AOD_500nm
[from data line 705]
   42300,   42360,-9999,1.765e-07,4.424e-07,7.73e-30,2.786e-10,7.245e-10,7.129e-09,3.076e-30,1.282e-10,3.979e-08,2.901e-08,3.323e-12,1.065e-06,1.706e-07,1.207e-07,1.343e-06,5.603e-10,8.71e-11,0.745
   42360,   42420,-9999,2.277e-07,5.659e-07,1.085e-29,3.669e-10,9.494e-10,9.32e-09,4.317e-30,1.691e-10,5.187e-08,3.776e-08,4.378e-12,1.339e-06,2.215e-07,1.464e-07,1.671e-06,7.331e-10,1.148e-10,0.745
   42420,   42480,-9999,2.887e-07,7.127e-07,1.492e-29,4.742e-10,1.22e-09,1.195e-08,5.938e-30,2.201e-10,6.632e-08,4.822e-08,5.665e-12,1.665e-06,2.823e-07,1.768e-07,2.061e-06,9.409e-10,1.49e-10,0.745
   42480,   42540,-9999,3.682e-07,9.04e-07,2.069e-29,6.166e-10,1.575e-09,1.54e-08,8.239e-30,2.89e-10,8.524e-08,6.189e-08,7.381e-12,2.089e-06,3.617e-07,2.161e-07,2.568e-06,1.214e-09,1.953e-10,0.745
   42540,   42600,-9999,4.67e-07,1.142e-06,2.779e-29,7.92e-10,2.015e-09,1.967e-08,1.107e-29,3.733e-10,1.087e-07,7.881e-08,9.491e-12,2.621e-06,4.599e-07,2.656e-07,3.204e-06,1.552e-09,2.519e-10,0.745
   42600,   42660,-9999,5.664e-07,1.383e-06,3.668e-29,9.775e-10,2.465e-09,2.402e-08,1.462e-29,4.681e-10,1.324e-07,9.584e-08,1.176e-11,3.167e-06,5.588e-07,3.176e-07,3.863e-06,1.898e-09,3.151e-10,0.745
   42660,   42720,-9999,7.08e-07,1.73e-06,4.928e-29,1.235e-09,3.096e-09,3.013e-08,1.966e-29,5.999e-10,1.658e-07,1.198e-07,1.491e-11,3.963e-06,6.984e-07,3.945e-07,4.822e-06,2.384e-09,4.03e-10,0.745
   42720,   42780,-9999,8.874e-07,2.176e-06,6.455e-29,1.551e-09,3.875e-09,3.77e-08,2.577e-29,7.597e-10,2.074e-07,1.498e-07,1.876e-11,5.005e-06,8.727e-07,4.983e-07,6.085e-06,2.985e-09,5.097e-10,0.745
   42780,   42840,-9999,1.066e-06,2.623e-06,8.249e-29,1.867e-09,4.64e-09,4.516e-08,3.297e-29,9.275e-10,2.483e-07,1.792e-07,2.266e-11,6.075e-06,1.046e-06,6.088e-07,7.394e-06,3.578e-09,6.212e-10,0.745
   42840,   42900,-9999,1.334e-06,3.307e-06,1.077e-28,2.317e-09,5.75e-09,5.605e-08,4.307e-29,1.165e-09,3.086e-07,2.227e-07,2.822e-11,7.737e-06,1.301e-06,7.843e-07,9.437e-06,4.442e-09,7.794e-10,0.745
   42900,   42960,-9999,1.617e-06,4.037e-06,1.347e-28,2.778e-09,6.892e-09,6.728e-08,5.391e-29,1.405e-09,3.709e-07,2.679e-07,3.39e-11,9.557e-06,1.568e-06,9.838e-07,1.17e-05,5.332e-09,9.397e-10,0.745
   42960,   43020,-9999,1.979e-06,4.987e-06,1.672e-28,3.333e-09,8.291e-09,8.117e-08,6.696e-29,1.692e-09,4.487e-07,3.244e-07,4.074e-11,1.196e-05,1.905e-06,1.253e-06,1.47e-05,6.428e-09,1.132e-09,0.745
   43020,   43080,-9999,2.425e-06,6.17e-06,2.095e-28,4.007e-09,9.993e-09,9.806e-08,8.397e-29,2.044e-09,5.436e-07,3.931e-07,4.906e-11,1.502e-05,2.316e-06,1.604e-06,1.854e-05,7.762e-09,1.369e-09,0.745
   43080,   43140,-9999,2.945e-06,7.571e-06,2.554e-28,4.753e-09,1.191e-08,1.172e-07,1.024e-28,2.424e-09,6.517e-07,4.718e-07,5.821e-11,1.872e-05,2.789e-06,2.043e-06,2.324e-05,9.267e-09,1.625e-09,0.745
   43140,   43200,-9999,3.572e-06,9.284e-06,3.079e-28,5.606e-09,1.413e-08,1.395e-07,1.236e-28,2.851e-09,7.791e-07,5.647e-07,6.864e-11,2.332e-05,3.35e-06,2.599e-06,2.911e-05,1.102e-08,1.914e-09,0.745
   43200,   43260,-9999,4.419e-06,1.163e-05,3.779e-28,6.711e-09,1.705e-08,1.689e-07,1.518e-28,3.401e-09,9.48e-07,6.881e-07,8.215e-11,2.972e-05,4.099e-06,3.387e-06,3.732e-05,1.333e-08,2.288e-09,0.745
   43260,   43320,-9999,5.334e-06,1.42e-05,4.484e-28,7.857e-09,2.011e-08,2e-07,1.801e-28,3.951e-09,1.127e-06,8.194e-07,9.603e-11,3.688e-05,4.899e-06,4.297e-06,4.66e-05,1.575e-08,2.664e-09,0.745
   43320,   43380,-9999,6.385e-06,1.719e-05,5.25e-28,9.117e-09,2.353e-08,2.347e-07,2.109e-28,4.543e-09,1.329e-06,9.674e-07,1.112e-10,4.536e-05,5.807e-06,5.395e-06,5.764e-05,1.846e-08,3.07e-09,0.745
   43380,   43440,-9999,7.701e-06,2.097e-05,6.152e-28,1.063e-08,2.769e-08,2.772e-07,2.472e-28,5.238e-09,1.577e-06,1.15e-06,1.294e-10,5.627e-05,6.929e-06,6.837e-06,7.194e-05,2.177e-08,3.549e-09,0.745
   43440,   43500,2.6939e-06,9.28e-06,2.557e-05,7.166e-28,1.238e-08,3.254e-08,3.27e-07,2.88e-28,6.018e-09,1.87e-06,1.365e-06,1.502e-10,6.972e-05,8.261e-06,8.65e-06,8.971e-05,2.563e-08,4.089e-09,0.745
   43500,   43560,6.9676e-06,1.107e-05,3.083e-05,8.24e-28,1.429e-08,3.789e-08,3.822e-07,3.313e-28,6.846e-09,2.196e-06,1.605e-06,1.728e-10,8.537e-05,9.754e-06,1.079e-05,0.0001105,2.991e-08,4.666e-09,0.745
   43560,   43620,6.6551e-06,1.331e-05,3.747e-05,9.49e-28,1.659e-08,4.441e-08,4.496e-07,3.815e-28,7.818e-09,2.597e-06,1.901e-06,1.999e-10,0.0001054,1.16e-05,1.358e-05,0.0001372,3.513e-08,5.345e-09,0.745
   43620,   43680,5.9986e-06,1.599e-05,4.551e-05,1.088e-27,1.925e-08,5.205e-08,5.29e-07,4.375e-28,8.914e-09,3.071e-06,2.251e-06,2.311e-10,0.0001299,1.379e-05,1.706e-05,0.0001701,4.126e-08,6.116e-09,0.745
   43680,   43740,1.4792e-05,1.837e-05,5.27e-05,1.205e-27,2.162e-08,5.883e-08,5.993e-07,4.842e-28,9.85e-09,3.491e-06,2.56e-06,2.586e-10,0.0001523,1.573e-05,2.035e-05,0.0002006,4.668e-08,6.777e-09,0.745
   43740,   43800,1.2755e-05,2.157e-05,6.24e-05,1.354e-27,2.471e-08,6.774e-08,6.921e-07,5.44e-28,1.106e-08,4.048e-06,2.971e-06,2.943e-10,0.0001826,1.832e-05,2.482e-05,0.0002419,5.384e-08,7.631e-09,0.745
   43800,   43860,1.9007e-05,2.558e-05,7.464e-05,1.527e-27,2.847e-08,7.873e-08,8.069e-07,6.134e-28,1.249e-08,4.739e-06,3.482e-06,3.376e-10,0.0002211,2.154e-05,3.056e-05,0.0002946,6.267e-08,8.654e-09,0.745
   43860,   43920,2.3649e-05,2.921e-05,8.576e-05,1.675e-27,3.192e-08,8.873e-08,9.111e-07,6.727e-28,1.377e-08,5.366e-06,3.944e-06,3.77e-10,0.0002567,2.446e-05,3.605e-05,0.000344,7.069e-08,9.562e-09,0.745
   43920,   43980,2.6738e-05,3.38e-05,9.988e-05,1.855e-27,3.621e-08,1.013e-07,1.042e-06,7.447e-28,1.533e-08,6.153e-06,4.525e-06,4.259e-10,0.0003022,2.813e-05,4.313e-05,0.0004072,8.074e-08,1.068e-08,0.745
   43980,   44040,2.697e-05,3.932e-05,0.0001169,2.052e-27,4.13e-08,1.162e-07,1.197e-06,8.236e-28,1.714e-08,7.094e-06,5.219e-06,4.835e-10,0.0003577,3.252e-05,5.188e-05,0.0004848,9.271e-08,1.198e-08,0.745
   44040,   44100,3.7594e-05,4.409e-05,0.0001317,2.224e-27,4.582e-08,1.292e-07,1.333e-06,8.923e-28,1.873e-08,7.911e-06,5.82e-06,5.345e-10,0.0004067,3.632e-05,5.989e-05,0.0005543,1.032e-07,1.312e-08,0.745
   44100,   44160,3.9448e-05,4.96e-05,0.0001489,2.41e-27,5.107e-08,1.443e-07,1.49e-06,9.663e-28,2.053e-08,8.852e-06,6.511e-06,5.933e-10,0.0004644,4.068e-05,6.954e-05,0.0006368,1.152e-07,1.442e-08,0.745
   44160,   44220,4.9768e-05,5.756e-05,0.0001738,2.658e-27,5.832e-08,1.655e-07,1.711e-06,1.065e-27,2.3e-08,1.019e-05,7.498e-06,6.745e-10,0.0005476,4.695e-05,8.317e-05,0.0007549,1.322e-07,1.62e-08,0.745
   44220,   44280,5.3649e-05,6.288e-05,0.0001906,2.824e-27,6.354e-08,1.803e-07,1.863e-06,1.131e-27,2.475e-08,1.11e-05,8.161e-06,7.324e-10,0.0006059,5.114e-05,9.348e-05,0.0008402,1.439e-07,1.746e-08,0.745
   44280,   44340,5.891e-05,6.95e-05,0.0002116,3.02e-27,6.997e-08,1.984e-07,2.05e-06,1.209e-27,2.688e-08,1.222e-05,8.979e-06,8.036e-10,0.0006793,5.632e-05,0.0001065,0.0009476,1.584e-07,1.899e-08,0.745
   44340,   44400,6.179e-05,7.733e-05,0.0002366,3.24e-27,7.748e-08,2.196e-07,2.269e-06,1.296e-27,2.936e-08,1.354e-05,9.94e-06,8.867e-10,0.0007667,6.242e-05,0.000122,0.001076,1.753e-07,2.077e-08,0.745
   44400,   44460,7.6661e-05,8.602e-05,0.0002643,3.47e-27,8.567e-08,2.429e-07,2.51e-06,1.387e-27,3.205e-08,1.499e-05,1.1e-05,9.773e-10,0.0008641,6.916e-05,0.0001392,0.001218,1.938e-07,2.27e-08,0.745
   44460,   44520,8.4691e-05,9.704e-05,0.0002995,3.745e-27,9.589e-08,2.72e-07,2.812e-06,1.496e-27,3.536e-08,1.682e-05,1.234e-05,1.09e-09,0.000987,7.77e-05,0.0001607,0.001398,2.172e-07,2.509e-08,0.745
   44520,   44580,8.9751e-05,0.0001078,0.000334,4.479e-27,1.061e-07,3.007e-07,3.109e-06,1.619e-27,3.863e-08,1.861e-05,1.364e-05,1.202e-09,0.001109,8.6e-05,0.0001826,0.001577,2.4e-07,2.745e-08,0.745
   44580,   44640,9.5417e-05,0.000117,0.0003636,4.649e-27,1.151e-07,3.256e-07,3.364e-06,1.703e-27,4.154e-08,2.014e-05,1.475e-05,1.301e-09,0.001216,9.307e-05,0.0002026,0.001738,2.598e-07,2.952e-08,0.745
   44640,   44700,0.00011038,0.0001273,0.0003973,4.852e-27,1.254e-07,3.537e-07,3.653e-06,1.794e-27,4.484e-08,2.187e-05,1.601e-05,1.413e-09,0.001339,0.000101,0.0002256,0.001923,2.821e-07,3.187e-08,0.745
   44700,   44760,0.00011682,0.0001383,0.0004329,5.059e-27,1.363e-07,3.834e-07,3.958e-06,1.888e-27,4.835e-08,2.369e-05,1.733e-05,1.533e-09,0.00147,0.0001095,0.0002503,0.00212,3.058e-07,3.437e-08,0.745
   44760,   44820,0.00012929,0.0001491,0.0004681,5.267e-27,1.472e-07,4.128e-07,4.258e-06,1.977e-27,5.184e-08,2.549e-05,1.863e-05,1.652e-09,0.001599,0.0001177,0.0002749,0.002315,3.291e-07,3.684e-08,0.745
   44820,   44880,0.00013942,0.0001611,0.0005073,5.493e-27,1.594e-07,4.455e-07,4.593e-06,2.073e-27,5.576e-08,2.749e-05,2.007e-05,1.785e-09,0.001744,0.0001269,0.0003027,0.002535,3.551e-07,3.961e-08,0.745
   44880,   44940,0.00014909,0.0001736,0.0005481,5.723e-27,1.722e-07,4.797e-07,4.943e-06,2.17e-27,5.989e-08,2.958e-05,2.157e-05,1.926e-09,0.001896,0.0001365,0.0003319,0.002767,3.822e-07,4.252e-08,0.745
   44940,   45000,0.00015609,0.0001859,0.0005881,5.952e-27,1.849e-07,5.133e-07,5.285e-06,2.263e-27,6.399e-08,3.161e-05,2.304e-05,2.064e-09,0.002045,0.0001458,0.0003609,0.002994,4.088e-07,4.539e-08,0.745
   45000,   45060,0.00016945,0.0001993,0.0006321,6.195e-27,1.99e-07,5.503e-07,5.662e-06,2.361e-27,6.855e-08,3.385e-05,2.465e-05,2.218e-09,0.002209,0.0001561,0.000393,0.003246,4.382e-07,4.859e-08,0.745
   45060,   45120,0.00018233,0.0002131,0.0006774,6.439e-27,2.137e-07,5.886e-07,6.052e-06,2.461e-27,7.333e-08,3.616e-05,2.631e-05,2.379e-09,0.00238,0.0001667,0.0004264,0.003508,4.685e-07,5.192e-08,0.745
   45120,   45180,0.00019106,0.0002266,0.0007215,6.68e-27,2.282e-07,6.26e-07,6.432e-06,2.555e-27,7.806e-08,3.842e-05,2.792e-05,2.537e-09,0.002546,0.000177,0.0004593,0.003764,4.981e-07,5.52e-08,0.745
   45180,   45240,0.00020397,0.0002413,0.0007698,6.933e-27,2.443e-07,6.671e-07,6.848e-06,2.656e-27,8.332e-08,4.088e-05,2.968e-05,2.713e-09,0.002728,0.0001882,0.0004955,0.004046,5.307e-07,5.883e-08,0.745
   45240,   45300,0.00021723,0.0002564,0.0008194,7.189e-27,2.61e-07,7.096e-07,7.278e-06,2.757e-27,8.882e-08,4.342e-05,3.15e-05,2.895e-09,0.002917,0.0001998,0.0005331,0.004338,5.642e-07,6.263e-08,0.745
   45300,   45360,0.00022907,0.000271,0.0008673,7.437e-27,2.773e-07,7.508e-07,7.695e-06,2.852e-27,9.424e-08,4.587e-05,3.325e-05,3.074e-09,0.003099,0.0002109,0.0005697,0.004621,5.968e-07,6.634e-08,0.745
   45360,   45420,0.0002468,0.0002868,0.0009196,7.698e-27,2.953e-07,7.958e-07,8.149e-06,2.955e-27,1.003e-07,4.854e-05,3.515e-05,3.271e-09,0.003298,0.000223,0.0006099,0.004931,6.324e-07,7.045e-08,0.745
   45420,   45480,0.00025257,0.000303,0.0009729,7.961e-27,3.139e-07,8.42e-07,8.615e-06,3.057e-27,1.065e-07,5.127e-05,3.71e-05,3.475e-09,0.003502,0.0002354,0.0006513,0.005249,6.689e-07,7.471e-08,0.745
   45480,   45540,0.00026758,0.0003187,0.001024,8.214e-27,3.32e-07,8.868e-07,9.066e-06,3.153e-27,1.127e-07,5.391e-05,3.897e-05,3.675e-09,0.003699,0.0002474,0.0006915,0.005558,7.043e-07,7.888e-08,0.745
   45540,   45600,0.00027952,0.0003356,0.00108,8.482e-27,3.52e-07,9.356e-07,9.557e-06,3.257e-27,1.195e-07,5.678e-05,4.101e-05,3.895e-09,0.003914,0.0002603,0.0007355,0.005895,7.429e-07,8.348e-08,0.745
   45600,   45660,0.00029236,0.000353,0.001137,8.752e-27,3.726e-07,9.857e-07,1.006e-05,3.36e-27,1.266e-07,5.972e-05,4.309e-05,4.122e-09,0.004135,0.0002736,0.0007809,0.006241,7.824e-07,8.826e-08,0.745
   45660,   45720,0.00030775,0.0003696,0.001192,9.007e-27,3.927e-07,1.034e-06,1.054e-05,3.458e-27,1.336e-07,6.254e-05,4.509e-05,4.343e-09,0.004347,0.0002863,0.0008248,0.006575,8.206e-07,9.292e-08,0.745
   45720,   45780,0.00032279,0.0003876,0.001252,9.283e-27,4.146e-07,1.086e-06,1.107e-05,3.563e-27,1.414e-07,6.56e-05,4.725e-05,4.586e-09,0.004578,0.0003,0.0008728,0.006938,8.62e-07,9.805e-08,0.745
   45780,   45840,0.00033876,0.0004058,0.001312,9.558e-27,4.371e-07,1.14e-06,1.161e-05,3.667e-27,1.494e-07,6.871e-05,4.945e-05,4.836e-09,0.004813,0.000314,0.000922,0.00731,9.043e-07,1.034e-07,0.745
   45840,   45900,0.00035998,0.0004234,0.00137,9.818e-27,4.59e-07,1.192e-06,1.212e-05,3.766e-27,1.572e-07,7.171e-05,5.156e-05,5.08e-09,0.00504,0.0003274,0.0009698,0.007669,9.451e-07,1.085e-07,0.745
   45900,   45960,0.00037517,0.0004424,0.001433,1.01e-26,4.83e-07,1.248e-06,1.268e-05,3.872e-27,1.659e-07,7.495e-05,5.384e-05,5.346e-09,0.005286,0.0003419,0.001022,0.008061,9.894e-07,1.142e-07,0.745
   45960,   46020,0.00039807,0.0004617,0.001497,1.038e-26,5.076e-07,1.305e-06,1.325e-05,3.978e-27,1.749e-07,7.825e-05,5.616e-05,5.621e-09,0.005537,0.0003567,0.001076,0.008461,1.035e-06,1.201e-07,0.745
   46020,   46080,0.00041775,0.0004802,0.001559,1.065e-26,5.314e-07,1.36e-06,1.38e-05,4.078e-27,1.837e-07,8.141e-05,5.838e-05,5.887e-09,0.005779,0.0003708,0.001127,0.008847,1.078e-06,1.258e-07,0.745
   46080,   46140,0.0004433,0.0005001,0.001625,1.093e-26,5.572e-07,1.419e-06,1.439e-05,4.185e-27,1.934e-07,8.481e-05,6.077e-05,6.177e-09,0.006041,0.000386,0.001184,0.009266,1.125e-06,1.321e-07,0.745
   46140,   46200,0.00046227,0.0005204,0.001693,1.121e-26,5.838e-07,1.48e-06,1.5e-05,4.292e-27,2.035e-07,8.828e-05,6.32e-05,6.476e-09,0.006309,0.0004014,0.001242,0.009696,1.173e-06,1.386e-07,0.745
   46200,   46260,0.00048158,0.0005398,0.001757,1.148e-26,6.095e-07,1.538e-06,1.558e-05,4.394e-27,2.133e-07,9.16e-05,6.553e-05,6.766e-09,0.006567,0.0004162,0.001298,0.01011,1.219e-06,1.449e-07,0.745
   46260,   46320,0.00050712,0.0005608,0.001827,1.177e-26,6.374e-07,1.601e-06,1.62e-05,4.502e-27,2.241e-07,9.519e-05,6.803e-05,7.081e-09,0.006846,0.0004322,0.001359,0.01056,1.269e-06,1.518e-07,0.745
   46320,   46380,0.00052498,0.0005821,0.001898,1.207e-26,6.661e-07,1.665e-06,1.684e-05,4.611e-27,2.353e-07,9.883e-05,7.058e-05,7.406e-09,0.007131,0.0004483,0.001422,0.01102,1.319e-06,1.59e-07,0.745
   46380,   46440,0.0005451,0.0006024,0.001966,1.234e-26,6.936e-07,1.726e-06,1.745e-05,4.714e-27,2.462e-07,0.0001023,7.3e-05,7.719e-09,0.007405,0.0004638,0.001483,0.01146,1.368e-06,1.659e-07,0.745
   46440,   46500,0.00056335,0.0006242,0.00204,1.264e-26,7.235e-07,1.792e-06,1.81e-05,4.824e-27,2.582e-07,0.0001061,7.561e-05,8.06e-09,0.007702,0.0004804,0.001549,0.01194,1.42e-06,1.735e-07,0.745
   46500,   46560,0.00058853,0.0006465,0.002115,1.294e-26,7.541e-07,1.859e-06,1.877e-05,4.935e-27,2.706e-07,0.0001099,7.826e-05,8.41e-09,0.008005,0.0004972,0.001617,0.01244,1.474e-06,1.813e-07,0.745
   46560,   46620,0.00061275,0.0006678,0.002186,1.322e-26,7.836e-07,1.923e-06,1.941e-05,5.04e-27,2.827e-07,0.0001135,8.079e-05,8.748e-09,0.008296,0.0005133,0.001682,0.01291,1.525e-06,1.889e-07,0.745
   46620,   46680,0.00063889,0.0006907,0.002264,1.352e-26,8.155e-07,1.993e-06,2.01e-05,5.152e-27,2.959e-07,0.0001174,8.351e-05,9.116e-09,0.008612,0.0005306,0.001754,0.01343,1.58e-06,1.972e-07,0.745
   46680,   46740,0.00067001,0.000714,0.002342,1.383e-26,8.482e-07,2.063e-06,2.08e-05,5.265e-27,3.096e-07,0.0001214,8.627e-05,9.493e-09,0.008934,0.0005482,0.001827,0.01395,1.636e-06,2.058e-07,0.745
   46740,   46800,0.00073124,0.0007362,0.002418,1.412e-26,8.796e-07,2.131e-06,2.147e-05,5.372e-27,3.229e-07,0.0001252,8.89e-05,9.856e-09,0.009244,0.0005649,0.001897,0.01446,1.69e-06,2.14e-07,0.745
   46800,   46860,0.00075851,0.0007601,0.002499,1.442e-26,9.135e-07,2.203e-06,2.218e-05,5.485e-27,3.374e-07,0.0001293,9.172e-05,1.025e-08,0.009578,0.0005829,0.001973,0.01501,1.747e-06,2.231e-07,0.745
   46860,   46920,0.00075054,0.0007844,0.002581,1.473e-26,9.481e-07,2.277e-06,2.292e-05,5.6e-27,3.525e-07,0.0001334,9.458e-05,1.065e-08,0.00992,0.0006011,0.002051,0.01557,1.806e-06,2.324e-07,0.745
   46920,   46980,0.0007707,0.0008076,0.00266,1.503e-26,9.814e-07,2.347e-06,2.361e-05,5.709e-27,3.671e-07,0.0001374,9.731e-05,1.104e-08,0.01025,0.0006185,0.002127,0.0161,1.862e-06,2.414e-07,0.745
   46980,   47040,0.00079585,0.0008326,0.002746,1.534e-26,1.017e-06,2.423e-06,2.437e-05,5.826e-27,3.831e-07,0.0001416,0.0001002,1.147e-08,0.0106,0.0006372,0.002208,0.01669,1.923e-06,2.513e-07,0.745
