CampaignData_and_Merges/R0/CSL_MobileLab_Parked/raw/20240727/USOS-PTR_MobileLabGround_20240727_R0.ict
58, 1001
Matthew Coggon, Kelvin Bates, Chelsea Stockwell, Carsten Warneke
NOAA ESRL Chemical Sciences Division
NOAA PTR-ToF-MS
USOS
1,1 
2024, 07, 27, 2025, 09, 19
0
Time_Start, seconds, number of seconds from 00:00 UTC 
22
1, 1, 1, 1, 1, 1, 1, 1, 1, 1, 1, 1, 1, 1, 1, 1, 1, 1, 1, 1, 1, 1
-9999, -9999, -9999, -9999, -9999, -9999, -9999, -9999, -9999, -9999, -9999, -9999, -9999, -9999, -9999, -9999, -9999, -9999, -9999, -9999, -9999, -9999
CH3OH_NOAAPTR_ppbv,  ppbv, Gas_CH3OH_InSitu_S_AVMR, (CH3OH) methanol
CH3CN_NOAAPTR_ppbv,  ppbv, Gas_CH3CN_InSitu_S_AVMR, (CH3CN) acetonitrile
CH3CHO_NOAAPTR_ppbv,  ppbv, Gas_CH3CHO_InSitu_S_AVMR, (CH3CHO) acetaldehyde plus contributions from ethylene glycol and ethylene oxide. Interference from ethanol has been subtracted out.
C2H5OH_NOAAPTR_ppbv,  ppbv, Gas_C2H5OH_InSitu_S_AVMR, (C2H5OH) ethanol
CH3SH_NOAAPTR_ppbv,  ppbv, Gas_CH3SH_InSitu_S_AVMR, (CH3SH) methanethiol, using calibration factor for DMS
Acrolein_NOAAPTR_ppbv,  ppbv, Gas_Acrolein_InSitu_S_AVMR, (C3H4O) acrolein
AcetonePropanal_NOAAPTR_ppbv,  ppbv, Gas_AcetoneAndPropanal_InSitu_S_AVMR, (C3H6O) sum of acetone (dominant isomer) and propanal, using calibration factor for acetone
DMS_NOAAPTR_ppbv,  ppbv, Gas_DMS_InSitu_S_AVMR, (C2H6S) dimethyl sulfide with possible small contributions from ethanethiol
C5H8_NOAAPTR_ppbv,  ppbv, Gas_Isoprene_InSitu_S_AVMR, (C5H8) isoprene and possible fragments from cycloalkanes and aldehydes. Interferences have been subtracted following methods described by Coggon et al (2023)
MVKMAC_NOAAPTR_ppbv,  ppbv, Gas_MVKAndMAC_InSitu_S_AVMR, (C4H6O) sum of methyl vinyl ketone, methacrolein, and small amounts of crotonaldehyde, using weighted calibration factor for MVK (0.637) and MACR (0.363)
Benzene_NOAAPTR_ppbv,  ppbv, Gas_Benzene_InSitu_S_AVMR, (C6H6) benzene
Toluene_NOAAPTR_ppbv,  ppbv, Gas_Toluene_InSitu_S_AVMR, (C7H8) toluene with possible small contributions of fragments from ethyltoluene
Styrene_NOAAPTR_ppbv,  ppbv, Gas_Styrene_InSitu_S_AVMR, (C8H8) styrene
Benzaldehyde_NOAAPTR_ppbv,  ppbv, Gas_Benzaldehyde_InSitu_S_AVMR, (C7H6O) benzaldehyde
C8Aromatics_NOAAPTR_ppbv,  ppbv, Gas_C8Aromatics_InSitu_M_AVMR, (C8H10) sum of m-xylene, p-xylene, o-xylene, and ethyl benzene
C9Aromatics_NOAAPTR_ppbv,  ppbv, Gas_C9Aromatics_InSitu_M_AVMR, (C9H12) sum of C9 aromatics
Naphthalene_NOAAPTR_ppbv,  ppbv, Gas_Naphthalene_InSitu_S_AVMR, (C10H8) naphthalene
Octanal_NOAAPTR_ppbv,  ppbv, Gas_Octanal_InSitu_S_AVMR, (C8H16O) octanal and small amounts of octanone
Monoterpenes_NOAAPTR_ppbv,  ppbv, Gas_Monoterpenes_InSitu_M_AVMR, (C10H16) sum of monoterpenes and possible contributions from fragments of oxygenated monoterpenoids such as eucalyptol.
Nonanal_NOAAPTR_ppbv,  ppbv, Gas_Nonanal_InSitu_M_AVMR, (C9H18O) nonanal and small amounts of nonanone
C7H4ClF3_NOAAPTR_ppbv,  ppbv, Gas_C7H4ClF3_InSitu_S_AVMR, (C7H4ClF3) parachlorobenzotrifluoride
C10H30O5Si5_NOAAPTR_ppbv,  ppbv, Gas_C10H30O5Si5_InSitu_S_AVMR, (C10H30O5Si5) decamethylcyclopentasiloxane
1
SPECIAL COMMENTS:N/A
21
PI_CONTACT_INFO: NOAA ESRL Chemical Sciences Division, Tropospheric Chemistry Group. 325 Broadway, R/CSD7, Boulder, CO 80305
PLATFORM: Mobile Laboratory.
LOCATION: Salt Lake City, UT
ASSOCIATED_DATA: N/A
INSTRUMENT_INFO: NOAA PTR-ToF-MS measurements on NOAA CSL Mobile Lab
DATA_INFO: Units: ppbv
UNCERTAINTY: See OTHER_COMMENTS
ULOD_FLAG: -7777
ULOD_VALUE: N/A
LLOD_FLAG: -8888
LLOD_VALUE: N/A.
DM_CONTACT_INFO: Data Managers: Matt Coggon, Kelvin Bates, Chelsea Stockwell; email: matthew.m.coggon@noaa.gov and kelvin.bates@colorado.edu
PROJECT_INFO: USOS Deployment July-August, 2024
STIPULATIONS_ON_USE: Use of these data require prior OK from PI.
OTHER_COMMENTS: Uncertainties:
CH3OH_NOAAPTR_ppbv:30%; CH3CN_NOAAPTR_ppbv:30%; CH3CHO_NOAAPTR_ppbv:30%; C2H5OH_NOAAPTR_ppbv:30%; CH3SH_NOAAPTR_ppbv:50%; Acrolein_NOAAPTR_ppbv:30%; AcetonePropanal_NOAAPTR_ppbv:30%; DMS_NOAAPTR_ppbv:30%; C5H8_NOAAPTR_ppbv:30%; MVKMAC_NOAAPTR_ppbv:30%; 
Benzene_NOAAPTR_ppbv:30%; Toluene_NOAAPTR_ppbv:30%; Styrene_NOAAPTR_ppbv:30%; Benzaldehyde_NOAAPTR_ppbv:30%; C8Aromatics_NOAAPTR_ppbv:30%; C9Aromatics_NOAAPTR_ppbv:30%; Naphthalene_NOAAPTR_ppbv:30%; Octanal_NOAAPTR_ppbv:30%; Monoterpenes_NOAAPTR_ppbv:30%; Nonanal_NOAAPTR_ppbv:30%; 
C7H4ClF3_NOAAPTR_ppbv:30%; C10H30O5Si5_NOAAPTR_ppbv:30%; 
REVISION: R0
R0: Calibrated PTR Data. See individual species comments for details about measurement uncertainties
Time_Start, CH3OH_NOAAPTR_ppbv, CH3CN_NOAAPTR_ppbv, CH3CHO_NOAAPTR_ppbv, C2H5OH_NOAAPTR_ppbv, CH3SH_NOAAPTR_ppbv, Acrolein_NOAAPTR_ppbv, AcetonePropanal_NOAAPTR_ppbv, DMS_NOAAPTR_ppbv, C5H8_NOAAPTR_ppbv, MVKMAC_NOAAPTR_ppbv, Benzene_NOAAPTR_ppbv, Toluene_NOAAPTR_ppbv, Styrene_NOAAPTR_ppbv, Benzaldehyde_NOAAPTR_ppbv, C8Aromatics_NOAAPTR_ppbv, C9Aromatics_NOAAPTR_ppbv, Naphthalene_NOAAPTR_ppbv, Octanal_NOAAPTR_ppbv, Monoterpenes_NOAAPTR_ppbv, Nonanal_NOAAPTR_ppbv, C7H4ClF3_NOAAPTR_ppbv, C10H30O5Si5_NOAAPTR_ppbv
[from data line 149]
 8940.0, 8.63448, 0.25879, 1.50490, 2.23856, 0.00168, 0.14203, 4.19339, 0.01416, 0.17707, 0.31538, 0.13037, 0.20918, 0.03127, -0.05368, 0.12104, 0.04929, -0.01522, 0.02026, 0.03802, 0.03619, 0.01191, 0.00296 
 9000.0, 10.93211, 0.24873, 1.80993, 3.36265, 0.00247, 0.21626, 4.39369, 0.01852, 0.30299, 0.34564, 0.13619, 0.26388, 0.00649, -0.04984, 0.18739, 0.08089, -0.00487, 0.03411, 0.08014, 0.06284, 0.02361, 0.00991 
 9060.0, 11.34036, 0.23573, 1.87767, 3.41053, -0.00108, 0.22281, 4.28386, 0.00267, 0.22510, 0.35373, 0.17425, 0.30718, 0.02343, -0.04746, 0.17424, 0.06742, -0.01493, 0.03848, 0.07456, 0.06266, 0.02045, 0.00269 
 9120.0, 9.14851, 0.26611, 1.53608, 2.66178, 0.00137, 0.16698, 4.20830, 0.00913, 0.21724, 0.34106, 0.17901, 0.43252, 0.03777, -0.07348, 0.23159, 0.10509, -0.00168, 0.03247, 0.05422, 0.03792, 0.01945, 0.00553 
 9180.0, 9.76188, 0.27023, 1.71891, 3.66704, 0.00136, 0.21924, 4.30891, 0.01385, 0.28098, 0.34989, 0.28871, 0.51232, 0.05119, -0.06234, 0.29821, 0.11101, 0.00341, 0.04825, 0.06790, 0.06220, 0.01904, 0.00592 
 9240.0, 12.09677, 0.27631, 1.89128, 4.61244, 0.00202, 0.25647, 4.51570, 0.00183, 0.32142, 0.36280, 0.39311, 0.77625, 0.03300, 0.03227, 0.38434, 0.15801, 0.01168, 0.03901, 0.08266, 0.03615, 0.02788, 0.00644 
 9300.0, 12.99463, 0.26653, 1.99169, 6.94487, 0.00401, 0.22260, 4.72680, -0.00028, 0.48563, 0.39149, 0.25827, 0.59561, 0.07116, -0.02762, 0.42958, 0.16680, -0.01498, 0.05678, 0.09444, 0.07224, 0.02783, 0.00860 
 9360.0, 15.10843, 0.30542, 2.34093, 7.89895, 0.00372, 0.27000, 5.00458, 0.01084, 1.03546, 0.46627, 0.16538, 0.59697, 0.03505, -0.05728, 0.41255, 0.14683, -0.00317, 0.03854, 0.18219, 0.08429, 0.03327, 0.00904 
 9420.0, 15.56525, 0.29614, 2.34834, 7.87228, 0.00328, 0.29535, 7.18961, -0.00028, 1.10721, 0.48236, 0.22960, 0.51292, 0.03488, -0.03634, 0.31524, 0.11389, -0.00037, 0.03703, 0.22723, 0.09032, 0.02973, 0.01095 
 9480.0, 16.25190, 0.28778, 2.44925, 7.12717, 0.00504, 0.30104, 6.77986, 0.01778, 0.89887, 0.49070, 0.24635, 0.49916, 0.04121, -0.03225, 0.28935, 0.11598, -0.01207, 0.01476, 0.23724, 0.09117, 0.02640, 0.01169 
 9540.0, 17.07562, 0.30219, 2.42171, 7.91217, 0.00346, 0.32802, 7.81655, 0.01914, 1.42266, 0.51027, 0.21384, 0.45005, -0.00980, -0.03267, 0.32113, 0.12483, 0.01579, 0.05336, 0.26949, 0.09941, 0.02150, 0.01087 
 9600.0, 16.44580, 0.28843, 2.75903, 7.70233, 0.00371, 0.34726, 8.25958, 0.01566, 1.34349, 0.53323, 0.15321, 0.46238, 0.00504, -0.02893, 0.31002, 0.11731, 0.00374, 0.07735, 0.28059, 0.20920, 0.02189, 0.01794 
 9660.0, 16.78554, 0.33327, 2.54254, 7.32758, 0.00406, 0.32812, 7.32898, 0.00615, 1.71597, 0.57302, 0.28812, 0.67923, -0.00359, -0.05300, 0.51323, 0.25718, -0.00719, 0.04666, 0.31766, 0.07944, 0.03330, 0.01429 
 9720.0, 15.56079, 0.33266, 2.55316, 7.08973, 0.00477, 0.36207, 7.22407, 0.02479, 1.80611, 0.60129, 0.22285, 0.53957, 0.02653, -0.05310, 0.42531, 0.18616, -0.00260, 0.05948, 0.34197, 0.10862, 0.01589, 0.01496 
 9780.0, 15.78319, 0.36177, 2.35674, 6.06402, 0.00278, 0.32423, 6.76696, 0.02965, 1.99767, 0.59989, 0.17046, 0.39504, 0.03603, -0.06770, 0.28675, 0.12822, 0.00409, 0.05304, 0.37320, 0.08263, 0.02736, 0.00696 
 9840.0, 14.03384, 0.46670, 2.23239, 6.33165, 0.00358, 0.33952, 6.05828, 0.00747, 2.21508, 0.64279, 0.13863, 0.41770, 0.01514, -0.05166, 0.26586, 0.10890, -0.00093, 0.06341, 0.40572, 0.10435, 0.02298, 0.01174 
 9900.0, 15.44778, 0.47822, 2.33355, 7.32964, 0.00541, 0.30772, 5.82280, -0.00026, 2.24503, 0.65740, 0.12359, 0.45934, 0.02834, -0.03705, 0.26801, 0.10125, 0.00499, 0.06984, 0.37862, 0.07186, 0.02846, 0.00833 
 9960.0, 14.21626, 0.55995, 2.23915, 5.91835, 0.00261, 0.38282, 5.89223, 0.00920, 2.43164, 0.65674, 0.17550, 0.37311, -0.00125, -0.03681, 0.24189, 0.09033, 0.00047, 0.05479, 0.42207, 0.08114, 0.02628, 0.00971 
10020.0, 14.88022, 0.57998, 2.08298, 4.79664, 0.00372, 0.31904, 5.05687, 0.03020, 2.55811, 0.68575, 0.11783, 0.38120, 0.00329, -0.05267, 0.20299, 0.07064, -0.00401, 0.03303, 0.38574, 0.05960, 0.02994, 0.00588 
10080.0, 15.17180, 0.57666, 2.08814, 5.56005, 0.00149, 0.33668, 5.41242, 0.00224, 2.52879, 0.69622, 0.05379, 0.37406, 0.01527, -0.06206, 0.22653, 0.08580, -0.00263, 0.05421, 0.40579, 0.09491, 0.03829, 0.01336 
10140.0, 13.87694, 0.55868, 2.17732, 5.64899, 0.00114, 0.30899, 5.12240, 0.01178, 2.61293, 0.68793, 0.14771, 0.34054, 0.02212, -0.05213, 0.21684, 0.07771, 0.00036, 0.02691, 0.41180, 0.07607, 0.02642, 0.00673 
10200.0, 14.87142, 0.54485, 2.25707, 5.54364, 0.00352, 0.33050, 5.19269, 0.00794, 2.66493, 0.72644, 0.10779, 0.35630, 0.02566, -0.03900, 0.21352, 0.09070, -0.01027, 0.04362, 0.39182, 0.08252, 0.02047, 0.01203 
10260.0, 15.34563, 0.56298, 2.25684, 5.61310, 0.00503, 0.31437, 5.02910, 0.01662, 2.67554, 0.71061, 0.10343, 0.43738, 0.02336, -0.04023, 0.23278, 0.10277, -0.00148, 0.06670, 0.41718, 0.08789, 0.02048, 0.01334 
10320.0, 14.38544, 0.52541, 2.31736, 5.48041, 0.00378, 0.35110, 5.00338, 0.00893, 2.66776, 0.71039, 0.12842, 0.49783, -0.00984, -0.04699, 0.25992, 0.11853, 0.00992, 0.04225, 0.45578, 0.10984, 0.01288, 0.00908 
10380.0, 13.93971, 0.52163, 2.29472, 5.64548, 0.00555, 0.35867, 5.13680, 0.00686, 2.75050, 0.69383, 0.15840, 0.49172, 0.02272, -0.04881, 0.25521, 0.11427, -0.01018, 0.04559, 0.38993, 0.09567, 0.02295, 0.00559 
10440.0, 14.03034, 0.54119, 2.17923, 5.47944, 0.00142, 0.33311, 5.15311, 0.00809, 2.82725, 0.70014, 0.13699, 0.43989, -0.00985, -0.07326, 0.26115, 0.11980, -0.00509, 0.05354, 0.40313, 0.06278, 0.01604, 0.00707 
10500.0, 13.91067, 0.50764, 2.25637, 6.02654, -0.00056, 0.33252, 5.04855, -0.00025, 2.77071, 0.74127, 0.09661, 0.45085, 0.02493, -0.07325, 0.26788, 0.12365, -0.00112, 0.05888, 0.39370, 0.08170, 0.02416, 0.00348 
10560.0, 13.87728, 0.45473, 1.99147, 4.71587, 0.00370, 0.29547, 5.11660, 0.00154, 2.86120, 0.71228, 0.09415, 0.37268, 0.00773, -0.05927, 0.20810, 0.07378, -0.01416, 0.04240, 0.36890, 0.08422, 0.01217, 0.00736 
10620.0, 14.06329, 0.46234, 2.17860, 5.06678, 0.00359, 0.34691, 5.20859, -0.00025, 2.70173, 0.72859, 0.14627, 0.37643, 0.02798, -0.06083, 0.23772, 0.10884, -0.01412, 0.07101, 0.39986, 0.08423, 0.01929, 0.01074 
10680.0, 17.03785, 0.43918, 2.27357, 10.79814, 0.00387, 0.36703, 5.39641, 0.03284, 2.82498, 0.70660, 0.42771, 1.20506, 0.00980, -0.07322, 0.70116, 0.25379, -0.00175, 0.06518, 0.37819, 0.13792, 0.01787, 0.00877 
10740.0, 13.86426, 0.39588, 2.03714, 5.47243, 0.00162, 0.34850, 5.25997, -0.00025, 2.95250, 0.72020, 0.12718, 0.36321, -0.00987, -0.04255, 0.20219, 0.08453, -0.01287, 0.04971, 0.44195, 0.07526, 0.01845, 0.00572 
10800.0, 12.79629, 0.35506, 1.94516, 5.24942, 0.00109, 0.34324, 5.36293, 0.02052, 2.95940, 0.75331, 0.16471, 0.39972, 0.00890, -0.06281, 0.22011, 0.08784, 0.02120, 0.04118, 0.37835, 0.05972, 0.02292, 0.01173 
10860.0, 12.58651, 0.33519, 1.95025, 5.24847, 0.00812, 0.32943, 5.12725, 0.00672, 2.93493, 0.70862, 0.12700, 0.37464, 0.01536, -0.03605, 0.21551, 0.09146, -0.00450, 0.07358, 0.37833, 0.04453, 0.02214, 0.00493 
10920.0, 12.84240, 0.32577, 2.05767, 4.66460, 0.00066, 0.34553, 5.24056, 0.00755, 3.00315, 0.75556, 0.14541, 0.38113, 0.01944, -0.06024, 0.22706, 0.08702, -0.00313, 0.03772, 0.38064, 0.08528, 0.01680, 0.00902 
10980.0, 14.70149, 0.34787, 2.07466, 5.19772, 0.00275, 0.34681, 5.03853, 0.01317, 2.95157, 0.76716, 0.14912, 0.42486, 0.02101, -0.04954, 0.24062, 0.10197, 0.00952, 0.03641, 0.39121, 0.10535, 0.02431, 0.00818 
11040.0, 14.58773, 0.32687, 1.88894, 4.33352, 0.00316, 0.30340, 5.10209, 0.00972, 3.03225, 0.72746, 0.11313, 0.31753, 0.02749, -0.04084, 0.19108, 0.07081, -0.00579, 0.03100, 0.42878, 0.07231, 0.02397, 0.00250 
11100.0, 12.11321, 0.30567, 1.75180, 3.86566, 0.00106, 0.32186, 4.82461, -0.00024, 2.83814, 0.71515, 0.11147, 0.29561, 0.02257, -0.04138, 0.15963, 0.05820, -0.01381, 0.03848, 0.37133, 0.07817, 0.02284, 0.00439 
11160.0, 12.01569, 0.31353, 1.88999, 4.69248, 0.00632, 0.31616, 4.89277, 0.01806, 3.05592, 0.74730, 0.13543, 0.31691, -0.00989, -0.07314, 0.19249, 0.08769, -0.00789, 0.08121, 0.40932, 0.08549, 0.00998, 0.00980 
11220.0, 12.00591, 0.30552, 1.80932, 4.62679, -0.00006, 0.30017, 4.71611, 0.01788, 2.83204, 0.74568, 0.13759, 0.30519, 0.02135, -0.04770, 0.14730, 0.08071, 0.00138, 0.04505, 0.36385, 0.05645, 0.01281, 0.01105 
11280.0, 12.96339, 0.31179, 2.04690, 4.21707, 0.00521, 0.31911, 4.72425, 0.02512, 2.86913, 0.76164, 0.12351, 0.36044, 0.01432, -0.05279, 0.19235, 0.08058, -0.01369, 0.03570, 0.36438, 0.07884, 0.01808, 0.00448 
11340.0, 12.48799, 0.33163, 1.96896, 4.54207, 0.00293, 0.32907, 4.70962, 0.00891, 2.89176, 0.76537, 0.12922, 0.34019, -0.00865, -0.02835, 0.20143, 0.07230, -0.00576, 0.04402, 0.40588, 0.07457, 0.02496, 0.00327 
11400.0, 12.58215, 0.36155, 1.90121, 3.89026, 0.00651, 0.27585, 4.57673, 0.00311, 2.72207, 0.73615, 0.05784, 0.28586, 0.01068, -0.06924, 0.17600, 0.07376, -0.01361, 0.05121, 0.38928, 0.06922, 0.01962, 0.00595 
11460.0, 12.55481, 0.39290, 1.78598, 3.51609, 0.00047, 0.28154, 4.41749, -0.00023, 2.60189, 0.65201, 0.08831, 0.26486, 0.03896, -0.06591, 0.21359, 0.06078, -0.01357, 0.02655, 0.37862, 0.05656, 0.00959, 0.00835 
11520.0, 10.81145, 0.46052, 1.77943, 3.51781, 0.00547, 0.28335, 4.48936, -0.00023, 2.50271, 0.66279, 0.14822, 0.25108, -0.00991, -0.06251, 0.25258, 0.05364, -0.00089, 0.03447, 0.30729, 0.05099, 0.01420, 0.00607 
11580.0, 11.50683, 0.53223, 1.76385, 4.25352, 0.00515, 0.28954, 4.52849, 0.01172, 2.51341, 0.69136, 0.10883, 0.27581, 0.01679, -0.04523, 0.34156, 0.06678, -0.01349, 0.03398, 0.31627, 0.07351, 0.01146, 0.00505 
11640.0, 13.14219, 0.46662, 1.88755, 3.83578, 0.00281, 0.33035, 4.66304, 0.01503, 2.40560, 0.69566, 0.13366, 0.31063, 0.02197, -0.03460, 0.31250, 0.07363, -0.00726, 0.03394, 0.32388, 0.06056, 0.01897, 0.00574 
11700.0, 13.52249, 0.53616, 1.87384, 4.07761, 0.00572, 0.30428, 4.72622, 0.01280, 2.43987, 0.64884, 0.16941, 0.34528, 0.02840, -0.04790, 0.32167, 0.07114, 0.00014, 0.03373, 0.33599, 0.07677, 0.01928, 0.00277 
11760.0, 13.49877, 0.58563, 1.87378, 4.11011, 0.00411, 0.30550, 4.91891, 0.02339, 2.26331, 0.65995, 0.14270, 0.40044, 0.01604, -0.06945, 0.28937, 0.09074, 0.00171, 0.02535, 0.32591, 0.07594, 0.01616, 0.00246 
11820.0, 12.08930, 0.62956, 1.89659, 4.17650, 0.00108, 0.34456, 4.82439, 0.00205, 2.34875, 0.61466, 0.14167, 0.34439, 0.02601, -0.05844, 0.23239, 0.08048, -0.00440, 0.06352, 0.30752, 0.09785, 0.02681, 0.00451 
11880.0, 13.20717, 0.67915, 1.77665, 4.20145, -0.00110, 0.27925, 5.13423, 0.00845, 2.22310, 0.64241, 0.06523, 0.31414, -0.00994, -0.04610, 0.23574, 0.06980, -0.01240, 0.03326, 0.35252, 0.08143, 0.02321, 0.00384 
11940.0, 13.76192, 0.66709, 1.92339, 4.48765, 0.00656, 0.27959, 5.29530, 0.01013, 2.25301, 0.62552, 0.14240, 0.32106, 0.01863, -0.04172, 0.24572, 0.06548, -0.01326, 0.03087, 0.30783, 0.08209, 0.02701, 0.00621 
12000.0, 12.77159, 0.70283, 1.83405, 4.20291, 0.00166, 0.28503, 5.14059, 0.00799, 2.18150, 0.62161, 0.08500, 0.24743, -0.00055, -0.05529, 0.18715, 0.05913, -0.01126, 0.01897, 0.32374, 0.07957, 0.01848, 0.00824 
12060.0, 11.93305, 0.76343, 1.92044, 4.25640, 0.00698, 0.32386, 5.02183, 0.00594, 2.18238, 0.61835, 0.10820, 0.29483, -0.00662, -0.05690, 0.20823, 0.07617, -0.00958, 0.02043, 0.33242, 0.06934, 0.01182, 0.00629 
12120.0, 12.58286, 0.69276, 1.92313, 4.91183, 0.00624, 0.27913, 4.97546, 0.02065, 1.98860, 0.61317, 0.09850, 0.30671, 0.01899, -0.03256, 0.18817, 0.07374, -0.00290, 0.02428, 0.30445, 0.07289, 0.02373, 0.00698 
12180.0, 11.78713, 0.69092, 1.72424, 3.90723, 0.00099, 0.28612, 4.83525, 0.00848, 1.98396, 0.64001, 0.07096, 0.26679, 0.01013, -0.05511, 0.16374, 0.05737, 0.01485, 0.02197, 0.27542, 0.06015, 0.02270, 0.00058 
12240.0, 12.43670, 0.69671, 1.75173, 4.23302, 0.00266, 0.30416, 4.90774, 0.00467, 1.99636, 0.60128, 0.07998, 0.26601, -0.00010, -0.03262, 0.17709, 0.05160, 0.00072, 0.02580, 0.30292, 0.05690, 0.03290, 0.00623 
12300.0, 12.11712, 0.66517, 1.71259, 3.76094, 0.00274, 0.26562, 4.85351, 0.00530, 1.85635, 0.58245, 0.03389, 0.26890, 0.01566, -0.07296, 0.13844, 0.05623, -0.01302, 0.03062, 0.27429, 0.05872, 0.02103, 0.00927 
12360.0, 11.48352, 0.54616, 1.67017, 3.74251, 0.00254, 0.27223, 4.74273, 0.00441, 1.78834, 0.58023, 0.07436, 0.22019, 0.01865, -0.06659, 0.14159, 0.05087, -0.00084, 0.03100, 0.27359, 0.04599, 0.01526, 0.00499 
12420.0, 14.63694, 0.57990, 1.93259, 5.48490, 0.00981, 0.33036, 4.80033, 0.01031, 1.98298, 0.63244, 0.20356, 0.48413, 0.04472, -0.03321, 0.28384, 0.08832, -0.00733, 0.03909, 0.28452, 0.07782, 0.02290, 0.00666 
12480.0, 12.86347, 0.50884, 1.85658, 4.35557, 0.00471, 0.32189, 5.08320, 0.01871, 1.98525, 0.59292, 0.06331, 0.26568, -0.00997, -0.07293, 0.14692, 0.06928, -0.01290, 0.02579, 0.26182, 0.10672, 0.02230, 0.00739 
12540.0, 11.38806, 0.44730, 1.64315, 3.79885, 0.00037, 0.30649, 5.09900, 0.00625, 1.83191, 0.60021, 0.10212, 0.22973, 0.02061, -0.04061, 0.12930, 0.05111, -0.01279, 0.02329, 0.26357, 0.07883, 0.01483, 0.00344 
12600.0, 11.37396, 0.42587, 1.68576, 3.28017, 0.00023, 0.28294, 5.14180, 0.00602, 1.82389, 0.57523, 0.07057, 0.23540, -0.00998, -0.04763, 0.14755, 0.05886, -0.00804, 0.00357, 0.26799, 0.04471, 0.01669, 0.00360 
12660.0, 14.04406, 0.45282, 2.07607, 4.61423, 0.00630, 0.31889, 5.18449, 0.01905, 1.80327, 0.59536, 0.22596, 0.58255, 0.04319, -0.05590, 0.35826, 0.13214, 0.00010, 0.02551, 0.26954, 0.05491, 0.02177, 0.00678 
12720.0, 11.88269, 0.41956, 1.70804, 3.87649, -0.00001, 0.25953, 5.03237, 0.02315, 1.74640, 0.61085, 0.10144, 0.26179, 0.01532, -0.03737, 0.17812, 0.07092, -0.00680, 0.02130, 0.28688, 0.07241, 0.01628, 0.00408 
12780.0, 11.95926, 0.39121, 1.71189, 3.87073, 0.00080, 0.25362, 4.82140, 0.01002, 1.73736, 0.60713, 0.08436, 0.27328, 0.00373, -0.07288, 0.13651, 0.05108, -0.01228, 0.02300, 0.26087, 0.05624, 0.02006, 0.00215 
12840.0, -9999.00000, -9999.00000, -9999.00000, -9999.00000, -9999.00000, -9999.00000, -9999.00000, -9999.00000, -9999.00000, -9999.00000, -9999.00000, -9999.00000, -9999.00000, -9999.00000, -9999.00000, -9999.00000, -9999.00000, -9999.00000, -9999.00000, -9999.00000, -9999.00000, -9999.00000 
12900.0, 11.64033, 0.37760, 1.68226, 4.35009, -0.00006, 0.26822, 4.85961, 0.02022, 1.64023, 0.58208, 0.04535, 0.25660, -0.00237, -0.07286, 0.13763, 0.05832, -0.01263, 0.01830, 0.25476, 0.05071, 0.01919, 0.00389 
12960.0, 11.09978, 0.36840, 1.71700, 3.77304, -0.00004, 0.25916, 4.81466, 0.01320, 1.57127, 0.58095, 0.08388, 0.25589, 0.00477, -0.05032, 0.15184, 0.04982, -0.00291, 0.04785, 0.23008, 0.09308, 0.01868, 0.00454 
13020.0, 11.81533, 0.40075, 1.65605, 3.37396, 0.00266, 0.24322, 4.82136, -0.00019, 1.55996, 0.61868, 0.02023, 0.24144, 0.01387, -0.04078, 0.14025, 0.06169, -0.00880, 0.03877, 0.23007, 0.05011, 0.02016, 0.00280 
13080.0, 11.38625, 0.42305, 1.62983, 3.12525, 0.00095, 0.25611, 4.63417, 0.01292, 1.46831, 0.59677, 0.10135, 0.27562, -0.01001, -0.04429, 0.18020, 0.06418, -0.01251, 0.04547, 0.23193, 0.05482, 0.00418, 0.00549 
13140.0, 11.94420, 0.40535, 1.67876, 3.41385, 0.00361, 0.26043, 4.54179, -0.00019, 1.43320, 0.58570, 0.08744, 0.22969, 0.00845, -0.05007, 0.15822, 0.05608, -0.01247, 0.01732, 0.22790, 0.05365, 0.01148, 0.00312 
13200.0, 12.16833, 0.42180, 1.72566, 3.80288, 0.00473, 0.25998, 4.76398, 0.00023, 1.54172, 0.57437, 0.11151, 0.27032, 0.01262, -0.03019, 0.15713, 0.05576, -0.00523, 0.01975, 0.21908, 0.05774, 0.02378, 0.00950 
13260.0, 12.00813, 0.43295, 1.74015, 3.91886, 0.00983, 0.29110, 4.65790, 0.00673, 1.42710, 0.58320, 0.12497, 0.28302, 0.01342, -0.05318, 0.18227, 0.06759, -0.00744, 0.03342, 0.22102, 0.07005, 0.01515, 0.00628 
13320.0, 13.46343, 0.44449, 1.86642, 4.04053, 0.00611, 0.28401, 4.70274, 0.02393, 1.50665, 0.57104, 0.06946, 0.31826, 0.02530, -0.05324, 0.18566, 0.08504, 0.00689, 0.06816, 0.23913, 0.09659, 0.00764, 0.00665 
13380.0, 11.84733, 0.38330, 1.56916, 2.91404, -0.00110, 0.25303, 4.41608, 0.01575, 1.31889, 0.54745, 0.06173, 0.21603, 0.01700, -0.05605, 0.12158, 0.04983, -0.00700, 0.01443, 0.19393, 0.04050, 0.02113, 0.00358 
