CampaignData_and_Merges/R0/CSL_MobileLab_Parked/raw/20240727/USOS-Picarro-CO2-CH4-CO-H2O_MobileLabGround_20240727_R0.ict
38, 1001
Ilana Pollack, Nell Schafer, and Jeff Peischl
NOAA Chemical Sciences Laboratory
Picarro 2401-m CO2/CH4/CO/H2O Analyzer
USOS
1, 1
2024, 07, 27, 2024, 11, 20
0
StartTime_UTC, seconds_past_midnight, seconds past midnight
5
1, 1, 1, 1, 1
-9999, -9999, -9999, -9999, -9999
StopTime_UTC, seconds_past_midnight, seconds past midnight
CO2_ppm_1min, ppm, Gas_CO2_InSitu_S_DMF, carbon dioxide mixing ratio
CH4_ppb_1min, ppb, Gas_CH4_InSitu_S_DMF, methane mixing ratio
CO_ppb_1min, ppb, Gas_CO_InSitu_S_DMF, carbon monoxide mixing ratio
H2O_ppmv_1min, ppmv, Met_H2OMRV_InSitu_S_AVMR, water vapor mixing ratio
1
SPECIAL COMMENTS: N/A
18
PI_CONTACT_INFO: Address: NOAA Chemical Sciences Laboratory, Mail Stop CSL7, 325 Broadway, Boulder, CO 80305; Email: Ilana.Pollack@noaa.gov
PLATFORM: NOAA CSL Mobile Laboratory
LOCATION: The mobile lab was stationed in Salt Lake City, Utah.
ASSOCIATED_DATA: N/A
INSTRUMENT_INFO: CO2, CH4, and CO are reported as dry air mole fractions using a commercial wavelength-scanned cavity ring-down analyzer (Picarro 2401-m). An in-field calibration gas standard of 432±0.07 ppm CO2, 2095±1 ppb CH4, and 183±1 ppb CO, calibrated in the Boulder laboratories before and after the field project using primary CO2, CH4, and CO standard tanks tied to the WMO standard (X2019, X2004A, and X2014A, respectively) from the Global Monitoring Laboratory (GML), was delivered to the inlet every 2-3 days to evaluate instrument sensitivity. A H2O measurement was calibrated before the project with a Dew Point Mirror 373 hygrometer. The water correction calculated from these calibrations was applied to the H2O measurement for the entire campaign. Species are measured at 0.5 Hz and reported as 1-minute averages for stationary measurements.
DATA_INFO: Units: CO2, ppm, dry air mole fraction; CH4, ppb, dry air mole fraction; CO, ppb, dry air mole fraction; H2O, ppmv
UNCERTAINTY: Total uncertainties are estimated as ±0.1 ppm for CO2, ±1 ppb for CH4, ±5 ppb for CO, and ±(50 ppm + 4%) for H2O.
ULOD_FLAG: -7777
ULOD_VALUE: N/A
LLOD_FLAG: -8888
LLOD_VALUE: N/A
DM_CONTACT_INFO: Data Manager: Nathan Howard; nathan.h.howard@noaa.gov
PROJECT_INFO: USOS Dates of Study: July – August 2024
STIPULATIONS_ON_USE: Use of these data require prior ok from PI.
OTHER_COMMENTS: Data are averaged to 1 minute intervals. Stationary data collected from a 10 ft tower on top of the mobile van.
REVISION: R0
R0: Final Data
StartTime_UTC, StopTime_UTC, CO2_ppm_1min, CH4_ppb_1min, CO_ppb_1min, H2O_ppmv_1min
0,60,430.24,1954.0,165.6,14328.0547
60,120,429.52,1953.4,164.4,14054.0586
120,180,429.60,1953.2,164.8,14108.6025
180,240,429.23,1952.6,163.4,13725.6855
240,300,428.72,1950.7,159.8,13253.0781
300,360,428.78,1950.7,159.6,13224.1514
360,420,428.48,1951.0,161.4,13647.7256
420,480,428.29,1951.1,161.4,14173.4160
480,540,428.38,1951.3,161.8,13610.7236
540,600,428.33,1953.0,160.9,14037.4082
600,660,427.61,1952.9,160.2,14490.4209
660,720,428.55,1952.6,163.4,14848.1230
720,780,429.65,1952.5,166.4,13931.8086
780,840,429.67,1952.7,168.4,13963.7783
840,900,428.95,1952.9,168.6,14431.6934
900,960,429.54,1953.5,170.3,14674.3955
960,1020,429.83,1953.5,169.9,14317.2588
1020,1080,430.62,1953.9,171.1,14468.4131
1080,1140,429.54,1953.1,170.9,14402.1260
1140,1200,430.35,1952.8,168.7,14902.4404
1200,1260,430.02,1952.8,169.4,14362.3213
1260,1320,429.47,1953.1,169.5,14757.4092
1320,1380,430.47,1953.3,170.4,14576.3154
1380,1440,430.62,1953.1,170.3,14464.0244
1440,1500,429.19,1953.1,165.1,14424.7500
1500,1560,429.12,1953.2,166.5,14515.0986
1560,1620,430.26,1951.9,172.1,14133.7129
1620,1680,430.00,1952.5,171.1,14194.3711
1680,1740,429.96,1952.2,169.9,14237.4404
1740,1800,431.80,1952.9,177.1,14612.1953
1800,1860,431.05,1952.3,171.3,14312.5078
1860,1920,432.14,1952.6,194.3,14254.6572
1920,1980,431.03,1951.9,185.3,14449.3096
1980,2040,429.82,1951.3,169.9,13957.0801
2040,2100,431.06,1951.8,179.4,14139.4355
2100,2160,431.76,1951.7,181.9,14265.2158
2160,2220,430.95,1951.1,176.2,13909.3594
2220,2280,429.96,1951.2,170.1,13913.4482
2280,2340,430.22,1952.2,178.7,14083.7695
2340,2400,430.42,1955.0,208.8,14451.5889
2400,2460,430.31,1955.7,205.0,14719.1611
2460,2520,432.75,1955.1,204.8,14738.8311
2520,2580,439.38,1954.4,231.9,15158.4219
2580,2640,430.59,1952.8,177.5,14637.6338
2640,2700,430.02,1952.2,172.7,14301.7686
2700,2760,433.71,1953.4,203.4,14912.2158
2760,2820,436.53,1953.4,248.8,14652.5742
2820,2880,432.22,1953.3,229.3,14609.4023
2880,2940,434.56,1955.1,264.6,14909.3574
2940,3000,433.47,1955.2,236.7,14997.8906
3000,3060,430.61,1954.4,174.5,14633.2754
3060,3120,430.54,1953.7,177.1,14284.1328
3120,3180,430.07,1954.4,173.4,14494.9219
3180,3240,429.54,1955.1,200.5,14311.1094
3240,3300,429.85,1955.8,219.7,14360.8154
3300,3360,429.40,1953.2,167.9,14161.1191
3360,3420,429.66,1953.1,170.9,14105.1240
3420,3480,429.44,1953.0,164.1,14093.6992
3480,3540,429.50,1953.6,171.6,14111.0957
3540,3600,429.76,1953.6,173.5,14113.4414
3600,3660,429.73,1953.5,176.2,14100.3047
3660,3720,429.47,1953.2,172.0,14052.9453
3720,3780,429.42,1953.0,165.2,14048.4297
3780,3840,430.38,1953.8,195.8,14201.9932
3840,3900,431.55,1954.3,221.1,14190.5957
3900,3960,430.97,1954.3,191.4,14705.1377
3960,4020,430.68,1954.1,188.6,14467.8691
4020,4080,430.13,1954.3,180.2,14417.0527
4080,4140,431.18,1955.1,192.9,14723.7324
4140,4200,430.72,1953.9,180.5,14479.2080
4200,4260,429.79,1952.7,170.6,14128.8262
4260,4320,430.08,1953.2,171.8,14270.5977
4320,4380,429.60,1952.2,169.1,14045.4600
4380,4440,429.59,1952.5,170.2,14095.2031
4440,4500,429.87,1952.5,169.4,14171.0527
4500,4560,429.89,1952.9,171.2,14214.8623
4560,4620,430.28,1953.0,172.7,14249.9834
4620,4680,430.56,1953.4,173.6,14272.6201
4680,4740,430.09,1953.6,175.1,14292.7871
4740,4800,430.44,1952.8,175.0,14143.4082
4800,4860,429.61,1951.5,169.7,13883.1064
4860,4920,429.74,1951.6,171.1,13922.5371
4920,4980,430.51,1952.1,171.0,14392.3281
4980,5040,430.58,1952.9,182.2,14272.7266
5040,5100,430.15,1952.9,181.9,14223.1533
5100,5160,430.48,1953.2,181.2,14266.9180
5160,5220,430.37,1952.4,174.4,14008.5830
5220,5280,430.10,1951.6,175.6,13831.3086
5280,5340,430.04,1951.2,171.9,13791.6621
5340,5400,429.88,1951.1,171.2,14068.3076
5400,5460,430.02,1951.1,172.4,14019.4639
5460,5520,431.19,1951.8,176.7,14005.6465
5520,5580,432.87,1952.9,185.3,14172.0879
5580,5640,434.42,1954.3,202.8,14415.6475
5640,5700,433.91,1954.8,218.0,15443.4717
5700,5760,432.01,1954.8,250.8,15018.0469
5760,5820,430.83,1953.5,203.7,14972.3428
5820,5880,431.23,1954.2,190.5,14835.2412
5880,5940,431.81,1954.0,195.2,15028.5039
5940,6000,433.22,1955.7,205.3,15302.3174
6000,6060,433.23,1955.3,201.7,15088.1797
6060,6120,434.00,1955.5,213.9,15224.6885
6120,6180,431.96,1954.4,194.4,14715.8311
6180,6240,434.15,1956.6,209.3,15135.2910
6240,6300,435.07,1956.4,210.2,15087.0625
6300,6360,431.75,1953.8,189.1,14582.1846
6360,6420,434.06,1954.4,192.9,14454.0078
6420,6480,434.80,1954.9,198.1,14839.2334
6480,6540,437.01,1956.8,213.2,15100.3027
6540,6600,435.28,1957.7,219.1,15197.5693
6600,6660,436.86,1958.8,223.4,15449.3652
6660,6720,432.33,1953.8,194.0,14699.5596
6720,6780,432.60,1954.0,206.1,14413.3184
6780,6840,433.15,1953.8,197.9,14542.2920
6840,6900,433.18,1952.7,188.1,14349.7998
6900,6960,432.77,1953.6,183.2,14450.8184
6960,7020,435.76,1954.3,191.5,14785.4473
7020,7080,435.45,1955.2,201.7,14941.0313
7080,7140,433.94,1956.8,197.0,14945.7490
7140,7200,436.31,1957.8,205.0,15199.8418
7200,7260,433.78,1955.3,190.2,14687.1533
7260,7320,434.59,1956.3,198.4,14964.5664
7320,7380,435.04,1957.0,196.5,15293.8262
7380,7440,432.59,1954.9,184.8,14649.3340
7440,7500,434.07,1956.9,192.1,14996.5986
7500,7560,433.75,1954.1,196.1,14887.8672
7560,7620,434.49,1955.5,194.1,14867.5361
7620,7680,435.10,1956.4,200.7,14955.3398
7680,7740,435.15,1955.7,197.2,14902.8926
7740,7800,435.13,1955.8,212.8,14733.0244
7800,7860,434.72,1955.4,208.1,14728.4727
7860,7920,436.04,1956.5,230.5,14851.2178
7920,7980,437.85,1958.1,250.3,15097.8389
7980,8040,435.50,1957.9,216.4,15050.0508
8040,8100,434.97,1958.0,219.5,14904.2500
8100,8160,434.58,1957.4,392.2,14667.7764
8160,8220,435.39,1957.4,420.8,14596.7100
8220,8280,434.96,1956.4,354.6,14553.2715
8280,8340,436.10,1956.2,289.2,14544.3896
8340,8400,436.16,1957.0,290.5,14795.7441
8400,8460,436.69,1957.5,258.8,14790.3955
8460,8520,437.26,1958.2,243.4,14707.9336
8520,8580,434.34,1955.2,214.1,14343.2021
8580,8640,434.93,1955.1,221.2,14361.2871
8640,8700,435.12,1954.3,218.8,14244.9189
8700,8760,434.60,1953.9,208.4,14173.2002
8760,8820,435.52,1954.3,241.3,14167.5596
8820,8880,436.23,1953.9,222.0,14224.3965
8880,8940,437.34,1954.1,239.1,14155.2920
8940,9000,439.97,1955.6,273.4,14269.7139
9000,9060,441.38,1956.8,282.8,14451.8984
9060,9120,436.22,1955.3,254.6,14239.8867
9120,9180,438.42,1957.8,458.1,14386.4102
9180,9240,446.72,1964.9,821.4,14711.9355
9240,9300,447.26,1964.0,621.8,14929.0176
9300,9360,449.34,1967.6,415.3,15297.6104
9360,9420,443.77,1970.3,292.0,15552.1797
9420,9480,445.05,1971.4,260.7,15723.9189
9480,9540,445.92,1973.8,249.8,15896.5869
9540,9600,444.66,1975.7,228.1,15955.8281
9600,9660,444.93,1977.0,319.0,15952.9922
9660,9720,444.30,1977.2,324.7,15941.8496
9720,9780,444.47,1976.4,267.6,15907.3545
9780,9840,442.90,1975.3,242.9,15790.9199
9840,9900,445.15,1971.8,221.0,15750.2539
9900,9960,442.96,1971.8,211.9,15690.9258
9960,10020,439.81,1970.0,203.0,15520.2148
10020,10080,438.94,1969.9,201.3,15498.7861
10080,10140,439.46,1970.4,206.7,15477.5410
10140,10200,441.07,1971.2,215.6,15496.3438
10200,10260,442.98,1973.5,232.7,15507.5615
10260,10320,442.93,1974.4,237.8,15430.4395
10320,10380,442.92,1974.6,228.3,15426.0557
10380,10440,441.57,1974.6,224.6,15344.6465
10440,10500,442.59,1975.2,237.0,15331.1016
10500,10560,443.53,1975.2,242.8,15346.0391
10560,10620,441.09,1974.6,228.6,15140.3047
10620,10680,440.62,1974.5,222.4,15132.3789
10680,10740,440.87,1973.5,231.8,15104.5742
10740,10800,440.33,1973.4,235.0,15051.6328
10800,10860,439.43,1971.2,214.9,14995.0996
10860,10920,441.11,1971.1,212.3,15120.0869
10920,10980,438.84,1969.1,211.0,15006.8936
10980,11040,438.83,1967.9,223.5,14975.5869
11040,11100,439.30,1967.0,207.2,14955.0996
11100,11160,438.50,1964.4,198.3,14893.9180
11160,11220,438.71,1963.8,194.7,14914.3252
11220,11280,440.95,1964.6,255.0,15003.4727
11280,11340,440.43,1963.4,233.7,14980.1025
11340,11400,438.67,1960.3,205.4,14838.6348
11400,11460,439.55,1959.4,196.7,14836.9297
11460,11520,439.44,1959.3,191.1,14845.5664
11520,11580,437.13,1957.9,191.6,14661.5361
11580,11640,439.46,1958.7,204.0,14782.3633
11640,11700,440.29,1958.4,194.6,14820.2422
11700,11760,439.23,1957.9,202.1,14706.0498
11760,11820,442.99,1958.2,215.8,14813.3496
11820,11880,441.82,1958.7,205.5,14738.3340
11880,11940,440.52,1958.3,193.2,14685.4316
11940,12000,440.44,1958.2,189.0,14709.1064
12000,12060,439.17,1958.4,184.7,14640.4307
12060,12120,442.88,1958.5,191.3,14731.6621
12120,12180,440.99,1959.0,196.3,14642.8809
12180,12240,438.73,1958.8,179.4,14491.4248
12240,12300,439.14,1959.3,177.2,14487.8408
12300,12360,439.74,1959.6,176.7,14505.5215
12360,12420,440.13,1959.6,187.0,14487.6621
12420,12480,440.05,1959.2,187.3,14460.2949
12480,12540,439.00,1958.3,188.1,14398.2598
12540,12600,437.95,1957.8,182.5,14361.4775
12600,12660,439.47,1958.0,190.3,14373.4014
12660,12720,440.44,1957.8,190.4,14399.9268
12720,12780,438.56,1957.2,188.2,14318.9756
12780,12840,440.51,1957.6,188.2,14448.9990
12840,12900,440.78,1956.4,179.8,14783.0117
12900,12960,440.24,1957.1,176.7,14904.7754
12960,13020,439.49,1956.2,172.4,14999.1523
13020,13080,439.33,1955.5,173.5,14921.7783
13080,13140,438.45,1955.1,175.7,14563.4922
13140,13200,439.23,1956.1,180.0,14403.5400
13200,13260,440.14,1955.9,189.8,14737.5195
13260,13320,441.87,1956.1,252.6,14903.6611
13320,13380,439.76,1955.7,192.7,14511.9365
13380,13440,438.41,1954.6,171.6,14440.6455
13440,13500,438.74,1954.9,179.3,14497.2949
13500,13560,440.52,1955.2,182.9,14720.3330
13560,13620,439.91,1955.0,186.2,14331.6777
13620,13680,439.97,1955.1,189.2,14404.8652
13680,13740,438.97,1953.8,200.9,14439.1846
13740,13800,438.23,1953.6,170.8,14182.9629
13800,13860,438.45,1953.3,170.4,14452.7480
13860,13920,437.70,1953.4,171.2,14010.5410
13920,13980,438.60,1953.5,169.6,14244.1172
13980,14040,439.55,1953.5,173.3,14418.7822
14040,14100,437.62,1953.1,168.0,14042.3613
14100,14160,438.59,1953.3,176.6,14045.0977
14160,14220,438.55,1953.8,182.1,14067.1094
14220,14280,437.35,1953.1,170.1,13906.0645
14280,14340,438.29,1952.6,182.9,14073.1797
14340,14400,438.45,1953.4,187.2,13976.6357
14400,14460,437.94,1953.1,173.1,14061.4268
14460,14520,438.60,1953.9,175.2,14221.5869
14520,14580,437.77,1954.0,171.1,13905.2939
14580,14640,438.08,1952.9,169.6,14254.7949
14640,14700,439.06,1953.6,169.5,14060.9502
14700,14760,438.79,1953.1,168.3,14150.7773
14760,14820,439.21,1953.6,177.0,14020.3174
14820,14880,440.15,1953.3,210.2,13951.8975
14880,14940,440.76,1953.3,207.3,14278.7002
14940,15000,440.19,1953.1,182.6,14342.2549
15000,15060,440.03,1952.9,175.8,14049.0791
15060,15120,440.55,1953.3,173.7,14256.2383
15120,15180,439.83,1952.8,175.9,14129.0654
15180,15240,438.89,1952.6,182.9,13879.6328
15240,15300,439.78,1952.9,200.3,14200.7607
15300,15360,440.92,1952.9,203.9,14210.6113
15360,15420,442.69,1953.0,186.7,14160.8936
15420,15480,440.39,1953.3,181.3,13912.8613
15480,15540,440.50,1953.5,179.1,14028.1582
15540,15600,439.87,1953.1,173.6,13874.7607
15600,15660,440.46,1953.7,173.2,14039.0713
15660,15720,440.57,1953.3,186.9,14013.1377
15720,15780,440.54,1953.9,255.5,13860.4893
15780,15840,439.84,1952.9,204.7,13804.4482
15840,15900,440.75,1953.0,182.0,13865.4736
15900,15960,439.71,1952.3,166.3,13688.9248
15960,16020,440.19,1952.7,164.8,13825.3867
16020,16080,440.09,1952.4,174.6,13797.3574
16080,16140,439.61,1952.5,167.5,13835.1279
16140,16200,440.33,1952.8,169.8,13844.2363
16200,16260,440.49,1952.8,165.3,13988.9717
16260,16320,440.29,1953.0,165.0,13851.2471
16320,16380,438.22,1952.5,163.1,13563.0166
16380,16440,439.66,1952.5,167.6,13685.0518
16440,16500,441.36,1953.0,171.2,13834.6826
16500,16560,440.12,1953.3,170.1,13728.5176
16560,16620,441.55,1952.5,168.2,13877.2158
16620,16680,441.09,1952.3,169.2,13833.8770
16680,16740,440.09,1952.1,165.2,13841.9873
16740,16800,440.64,1952.7,172.3,13809.3457
16800,16860,438.93,1952.7,167.9,13610.7109
16860,16920,440.01,1952.7,169.6,13803.6807
16920,16980,438.95,1953.1,167.9,13553.3809
16980,17040,438.92,1953.2,172.1,13577.7168
17040,17100,438.72,1952.5,173.4,13596.9307
17100,17160,438.60,1952.3,168.4,13587.0557
17160,17220,441.40,1952.8,174.5,13771.5430
17220,17280,440.03,1952.7,167.7,13803.9287
17280,17340,442.48,1953.3,188.4,13698.4834
17340,17400,441.73,1952.6,174.0,13831.4990
17400,17460,441.70,1953.7,176.9,13665.5107
17460,17520,439.64,1952.6,169.5,13662.9111
17520,17580,440.61,1952.5,184.8,13652.0107
17580,17640,440.13,1952.5,179.8,13691.2158
17640,17700,442.19,1953.6,188.9,13861.4150
17700,17760,440.90,1953.0,182.8,13686.8584
17760,17820,441.19,1954.3,184.3,13763.8232
17820,17880,441.85,1955.3,186.8,13625.9688
17880,17940,441.27,1954.2,184.4,13615.5967
17940,18000,442.66,1954.0,187.7,14067.5645
18000,18060,443.18,1954.2,189.4,13893.2061
18060,18120,440.23,1954.6,187.6,13520.4023
18120,18180,443.73,1955.0,188.1,14056.7412
18180,18240,442.04,1954.7,195.6,13590.4316
18240,18300,441.68,1954.5,192.1,13673.5400
18300,18360,441.45,1954.0,200.1,13610.7461
18360,18420,443.23,1953.9,218.6,13586.7432
18420,18480,440.92,1952.9,198.1,13553.6943
18480,18540,441.53,1954.1,201.3,13621.5332
18540,18600,438.67,1952.1,174.9,13549.0400
18600,18660,440.67,1953.6,182.4,13454.7852
18660,18720,444.63,1954.6,202.0,14185.9463
18720,18780,442.97,1953.7,201.4,13549.8301
18780,18840,441.54,1953.4,218.6,13436.8818
18840,18900,445.20,1955.1,247.2,13973.3291
18900,18960,438.37,1951.2,176.8,13374.7061
18960,19020,441.99,1953.6,205.3,13613.7266
19020,19080,442.17,1954.9,205.3,13660.2549
19080,19140,444.14,1953.9,200.2,13737.6826
19140,19200,443.43,1953.8,197.4,13756.4805
19200,19260,441.31,1952.9,191.6,13559.5332
19260,19320,440.98,1955.9,193.6,13474.9307
19320,19380,442.15,1955.4,185.6,13876.4502
19380,19440,445.62,1955.2,217.8,13742.4609
19440,19500,440.73,1953.1,177.5,13703.7471
19500,19560,440.99,1952.5,194.1,13506.6523
19560,19620,439.71,1951.1,182.3,13512.3740
19620,19680,440.43,1951.3,183.0,13610.4873
19680,19740,439.63,1950.8,176.7,13474.6719
19740,19800,438.25,1950.5,171.5,13267.0869
19800,19860,439.34,1950.8,172.7,13479.8047
19860,19920,439.17,1950.3,170.4,13361.7041
19920,19980,438.84,1950.8,194.0,13199.0518
19980,20040,439.06,1950.8,184.6,13465.4023
20040,20100,440.91,1951.1,191.7,13371.5420
20100,20160,441.66,1951.4,206.6,13427.3281
20160,20220,441.40,1952.4,281.2,13584.2842
20220,20280,440.57,1951.5,242.4,13359.1172
20280,20340,440.13,1952.2,277.8,13356.6025
20340,20400,440.55,1950.7,182.9,13311.4834
20400,20460,440.53,1950.6,172.3,13464.8184
20460,20520,440.81,1950.7,172.7,13413.1553
20520,20580,440.27,1951.6,182.0,13192.6641
20580,20640,439.86,1951.4,192.5,13157.3613
20640,20700,440.20,1951.6,183.8,13242.4189
20700,20760,440.50,1952.1,183.8,13340.1074
20760,20820,441.79,1952.9,201.3,13187.7529
20820,20880,440.17,1953.9,196.5,13191.0586
20880,20940,439.00,1951.2,168.3,13109.4082
20940,21000,440.60,1952.7,173.3,13248.3848
21000,21060,441.19,1954.5,189.4,13258.5918
21060,21120,438.83,1953.3,220.4,13130.3115
21120,21180,439.56,1953.8,221.3,13251.5156
21180,21240,441.20,1954.8,180.7,13303.1855
21240,21300,439.93,1956.1,186.3,13271.9619
21300,21360,440.33,1956.6,180.0,13304.4111
21360,21420,443.81,1956.8,179.8,13517.1973
21420,21480,442.11,1956.7,174.3,13348.4814
21480,21540,441.20,1955.8,170.2,13198.6875
21540,21600,440.47,1955.4,177.3,13219.4492
21600,21660,442.76,1956.1,207.7,13324.3057
21660,21720,441.80,1955.0,168.9,13358.7109
21720,21780,439.71,1952.9,161.8,13332.4990
21780,21840,446.35,1954.4,175.4,13820.4102
21840,21900,444.71,1955.3,167.7,13559.5439
21900,21960,442.78,1956.2,186.5,13283.2070
21960,22020,444.57,1955.1,179.6,13387.2021
22020,22080,441.20,1953.8,169.9,13262.5254
22080,22140,443.00,1956.8,188.7,13338.0293
22140,22200,442.24,1957.0,187.5,13444.3262
22200,22260,439.88,1953.3,169.8,13225.8623
22260,22320,440.90,1953.4,194.3,13276.6680
22320,22380,439.83,1952.3,185.4,13139.1475
22380,22440,439.50,1953.7,181.9,13218.8613
22440,22500,441.92,1956.8,193.8,13453.3809
22500,22560,441.77,1959.0,217.7,13357.5508
22560,22620,440.29,1962.3,185.4,13334.8428
22620,22680,439.25,1961.5,180.5,13183.0225
22680,22740,439.32,1958.2,174.0,13191.4502
22740,22800,441.61,1958.7,173.0,13247.4121
