CampaignData_and_Merges/R0/CSL_MobileLab_Parked/raw/20240727/USOS-jNO2_MobileLabGround_20240727_R0.ict
52,1001
Waxman, E.; Rollins, A.; Zuraski, K.; Chace, W.
NOAA Chemical Sciences Laboratory
jNO2 filter radiometer on CSL Mobile Lab
AMMBEC / USOS
1, 1
2024,07,27, 2025,04,01
60
Time_Start, seconds, number_of_seconds_since_0000_UTC
20
1, 1, 1, 1, 1, 1, 1, 1, 1, 1, 1, 1, 1, 1, 1, 1, 1, 1, 1, 1
-9999, -9999, -9999, -9999, -9999, -9999, -9999, -9999, -9999, -9999, -9999, -9999, -9999, -9999, -9999, -9999, -9999, -9999, -9999, -9999
Time_Stop, seconds, number_of_seconds_since_0000_UTC
jNO2_meas, per second, photolysis rate of NO2 measured using a filter radiometer.
jBrCl, per second, photolysis rate of BrCl -> Br + Cl calculated in TUV for cloud-free sky with local AOD
jBr2, per second, photolysis rate of Br2 -> Br + Br calculated in TUV for cloud-free sky with local AOD
jCCl4, per second, photolysis rate of CCl4 -> Products calcualted in TUV for cloud-free sky with local AOD
jCH2Oa, per second, photolysis rate of CH2O -> H + HCO calculated in TUV for cloud-free sky with local AOD
jCH2Ob, per second, photolysis rate of CH2O -> H2 + CO calculated in TUV for cloud-free sky with local AOD
jClNO2, per second, photolysis rate of ClNO2 -> Cl + NO2 calculated in TUV for cloud-free sky with local AOD
jClOa, per second, photolysis rate of ClO -> Cl + O(1D) calculated in TUV for cloud-free sky with local AOD
jClOb, per second, photolysis rate of ClO -> Cl + O(3P) calculated in TUV for cloud-free sky with local AOD
jCl2, per second, photolysis rate of Cl2 -> Cl + Cl calculated in TUV for cloud-free sky with local AOD
jHNO2, per second, photolysis rate of HNO2 -> OH + NO calculated in TUV for cloud-free sky with local AOD
jHNO3, per second, photolysis rate of HNO3 -> OH + NO2 calculated in TUV for cloud-free sky with local AOD
jI2, per second, photolysis rate of I2 -> I + I calculated in TUV for cloud-free sky with local AOD
jNO2, per second, photolysis rate of NO2 -> NO + O(3P) calculated in TUV for cloud-free sky with local AOD
jNO3a, per second, photolysis rate of NO3 -> NO + O2 calculated in TUV for cloud-free sky with local AOD
jNO3b, per second, photolysis rate of NO3 -> NO2 + O(3P) calculated in TUV for cloud-free sky with local AOD
jN2O5, per second, photolysis rate of N2O5 -> NO3 + NO + O(3P) calculated in TUV for cloud-free sky with local AOD
jO3, per second, photolysis rate of O3 -> O2 + O(1D) calculated in TUV for cloud-free sky with local AOD
AOD_500nm, unitless, UTC daily mean AOD at 500 nm from an AERONET station located at 40.178 N, -112.452 E
0
18
PI_CONTACT_INFO: eleanor.waxman@noaa.gov
PLATFORM: CSL Mobile Lab, at ground site
LOCATION: Salt Lake City, UT
ASSOCIATED_DATA:
INSTRUMENT_INFO: jNO2 filter radiometer.  TUV calculations are for mobile van lat/lon/altitude assuming clear sky (cloud AOD = 0) and daily mean AOD.
DATA_INFO:
UNCERTAINTY: Data uncertainties are +/- 20%.  These come from uncertainties in radiometer angular response, radiometer thermal response, local interferences from clouds/aerosols/shadows etc.
ULOD_FLAG: -7777
ULOD_VALUE: N/A
LLOD_FLAG: -8888
LLOD_VALUE: N/A
DM_CONTACT_INFO: eleanor.waxman@noaa.gov
PROJECT_INFO: USOS Project, July - August 2024
STIPULATIONS_ON_USE: Users are strongly encouraged to contact the PI for proper data usage.
OTHER_COMMENTS: 
REVISION: R0
R0: final data
Time_Start, Time_Stop, jNO2_meas, jBrCl, jBr2, jCCl4, jCH2Oa, jCH2Ob, jClNO2, jClOa, jClOb, jCl2, jHNO2, jHNO3, jI2, jNO2, jNO3a, jNO3b, jN2O5, jO3, AOD_500nm
       0,      60,0.0029258,0.005389,0.01781,1.166e-25,1.01e-05,1.803e-05,0.0001798,4.125e-26,8.299e-06,0.0009678,0.000655,1.446e-07,0.06981,0.004169,0.01465,0.1114,1.51e-05,5.166e-06,0.745
      60,     120,0.0029894,0.005347,0.01768,1.143e-25,9.988e-06,1.785e-05,0.0001781,4.045e-26,8.163e-06,0.0009592,0.0006494,1.427e-07,0.06935,0.004134,0.01457,0.1107,1.495e-05,5.079e-06,0.745
     120,     180,0.0032119,0.005308,0.01756,1.122e-25,9.882e-06,1.769e-05,0.0001765,3.971e-26,8.036e-06,0.0009512,0.0006441,1.409e-07,0.06891,0.004102,0.01448,0.1101,1.481e-05,4.998e-06,0.745
     180,     240,0.0029919,0.005266,0.01743,1.1e-25,9.77e-06,1.752e-05,0.0001748,3.895e-26,7.902e-06,0.0009426,0.0006384,1.391e-07,0.06845,0.004066,0.01439,0.1093,1.466e-05,4.913e-06,0.745
     240,     300,0.0029473,0.005224,0.0173,1.078e-25,9.658e-06,1.735e-05,0.0001731,3.821e-26,7.77e-06,0.000934,0.0006328,1.372e-07,0.06798,0.004031,0.01431,0.1086,1.451e-05,4.828e-06,0.745
     300,     360,0.0029505,0.005185,0.01718,1.059e-25,9.553e-06,1.718e-05,0.0001715,3.753e-26,7.646e-06,0.0009259,0.0006275,1.355e-07,0.06754,0.003998,0.01422,0.1079,1.437e-05,4.749e-06,0.745
     360,     420,0.0029793,0.005143,0.01705,1.038e-25,9.442e-06,1.701e-05,0.0001698,3.683e-26,7.516e-06,0.0009174,0.0006218,1.336e-07,0.06707,0.003963,0.01413,0.1072,1.422e-05,4.667e-06,0.745
     420,     480,0.0030493,0.0051,0.01692,1.018e-25,9.331e-06,1.684e-05,0.0001681,3.614e-26,7.388e-06,0.0009088,0.0006162,1.318e-07,0.0666,0.003928,0.01404,0.1065,1.407e-05,4.585e-06,0.745
     480,     540,0.0031198,0.00506,0.01679,1e-25,9.227e-06,1.668e-05,0.0001665,3.551e-26,7.268e-06,0.0009007,0.0006109,1.301e-07,0.06615,0.003895,0.01395,0.1058,1.393e-05,4.509e-06,0.745
     540,     600,0.0031015,0.005018,0.01666,9.81e-26,9.116e-06,1.651e-05,0.0001648,3.485e-26,7.141e-06,0.0008921,0.0006052,1.283e-07,0.06567,0.003859,0.01386,0.105,1.378e-05,4.428e-06,0.745
     600,     660,0.0031085,0.004975,0.01653,9.626e-26,9.007e-06,1.633e-05,0.0001631,3.421e-26,7.016e-06,0.0008836,0.0005995,1.265e-07,0.06519,0.003824,0.01377,0.1043,1.363e-05,4.349e-06,0.745
     660,     720,0.0032387,0.004935,0.0164,9.456e-26,8.904e-06,1.617e-05,0.0001615,3.363e-26,6.9e-06,0.0008755,0.0005942,1.248e-07,0.06473,0.003791,0.01368,0.1036,1.349e-05,4.275e-06,0.745
     720,     780,0.0035776,0.004892,0.01627,9.28e-26,8.795e-06,1.6e-05,0.0001598,3.302e-26,6.778e-06,0.000867,0.0005885,1.231e-07,0.06425,0.003755,0.01359,0.1028,1.334e-05,4.197e-06,0.745
     780,     840,0.0043064,0.004849,0.01614,9.108e-26,8.687e-06,1.583e-05,0.0001581,3.242e-26,6.657e-06,0.0008584,0.0005829,1.213e-07,0.06376,0.00372,0.01349,0.1021,1.32e-05,4.121e-06,0.745
     840,     900,0.0031557,0.004809,0.01601,8.949e-26,8.585e-06,1.567e-05,0.0001565,3.187e-26,6.544e-06,0.0008503,0.0005775,1.197e-07,0.0633,0.003687,0.0134,0.1013,1.306e-05,4.049e-06,0.745
     900,     960,0.0033422,0.004766,0.01587,8.785e-26,8.477e-06,1.55e-05,0.0001548,3.13e-26,6.425e-06,0.0008418,0.0005719,1.179e-07,0.0628,0.003651,0.01331,0.1006,1.291e-05,3.974e-06,0.745
     960,    1020,0.0030509,0.004723,0.01574,8.624e-26,8.37e-06,1.533e-05,0.0001531,3.075e-26,6.308e-06,0.0008332,0.0005662,1.162e-07,0.06231,0.003616,0.01321,0.0998,1.276e-05,3.9e-06,0.745
    1020,    1080,0.0045026,0.004682,0.01561,8.477e-26,8.27e-06,1.517e-05,0.0001516,3.024e-26,6.198e-06,0.0008252,0.0005609,1.146e-07,0.06184,0.003582,0.01312,0.09907,1.263e-05,3.831e-06,0.745
    1080,    1140,0.0042432,0.004639,0.01547,8.324e-26,8.163e-06,1.501e-05,0.0001499,2.971e-26,6.084e-06,0.0008166,0.0005552,1.129e-07,0.06134,0.003547,0.01302,0.09829,1.248e-05,3.758e-06,0.745
    1140,    1200,0.004288,0.004595,0.01534,8.174e-26,8.058e-06,1.484e-05,0.0001482,2.919e-26,5.97e-06,0.0008081,0.0005496,1.112e-07,0.06084,0.003511,0.01292,0.09751,1.234e-05,3.687e-06,0.745
    1200,    1260,0.0043858,0.004554,0.01521,8.035e-26,7.958e-06,1.468e-05,0.0001466,2.871e-26,5.864e-06,0.0008001,0.0005442,1.096e-07,0.06036,0.003478,0.01283,0.09676,1.22e-05,3.62e-06,0.745
    1260,    1320,0.0044783,0.004511,0.01507,7.892e-26,7.854e-06,1.451e-05,0.000145,2.821e-26,5.753e-06,0.0007916,0.0005386,1.08e-07,0.05986,0.003442,0.01273,0.09597,1.206e-05,3.55e-06,0.745
    1320,    1380,0.003702,0.004467,0.01493,7.752e-26,7.75e-06,1.435e-05,0.0001433,2.773e-26,5.644e-06,0.0007831,0.0005329,1.063e-07,0.05935,0.003407,0.01263,0.09518,1.191e-05,3.481e-06,0.745
    1380,    1440,0.0040178,0.004426,0.0148,7.623e-26,7.652e-06,1.419e-05,0.0001418,2.728e-26,5.542e-06,0.0007751,0.0005276,1.048e-07,0.05887,0.003373,0.01254,0.09442,1.178e-05,3.417e-06,0.745
    1440,    1500,0.0051925,0.004383,0.01467,7.488e-26,7.549e-06,1.402e-05,0.0001401,2.682e-26,5.435e-06,0.0007666,0.000522,1.031e-07,0.05835,0.003338,0.01244,0.09362,1.163e-05,3.349e-06,0.745
    1500,    1560,0.0052007,0.004339,0.01453,7.357e-26,7.446e-06,1.386e-05,0.0001385,2.636e-26,5.329e-06,0.0007581,0.0005164,1.015e-07,0.05784,0.003303,0.01233,0.09282,1.149e-05,3.283e-06,0.745
    1560,    1620,0.0052023,0.004298,0.0144,7.236e-26,7.35e-06,1.37e-05,0.0001369,2.594e-26,5.23e-06,0.0007502,0.0005111,1e-07,0.05735,0.003269,0.01224,0.09205,1.136e-05,3.221e-06,0.745
    1620,    1680,0.0051998,0.004254,0.01426,7.11e-26,7.248e-06,1.354e-05,0.0001353,2.55e-26,5.127e-06,0.0007417,0.0005054,9.843e-08,0.05683,0.003234,0.01213,0.09124,1.122e-05,3.156e-06,0.745
    1680,    1740,0.0051659,0.00421,0.01412,6.987e-26,7.147e-06,1.337e-05,0.0001337,2.508e-26,5.025e-06,0.0007333,0.0004998,9.686e-08,0.05631,0.003198,0.01203,0.09042,1.108e-05,3.093e-06,0.745
    1740,    1800,0.0051401,0.004169,0.01398,6.873e-26,7.053e-06,1.322e-05,0.0001321,2.468e-26,4.93e-06,0.0007254,0.0004946,9.539e-08,0.05582,0.003165,0.01193,0.08965,1.094e-05,3.033e-06,0.745
    1800,    1860,0.0050779,0.004125,0.01384,6.755e-26,6.953e-06,1.306e-05,0.0001305,2.427e-26,4.831e-06,0.000717,0.000489,9.385e-08,0.05529,0.00313,0.01183,0.08882,1.08e-05,2.971e-06,0.745
    1860,    1920,0.0049909,0.004081,0.0137,6.638e-26,6.853e-06,1.289e-05,0.0001289,2.387e-26,4.733e-06,0.0007086,0.0004834,9.231e-08,0.05476,0.003094,0.01172,0.08799,1.066e-05,2.91e-06,0.745
    1920,    1980,0.0048619,0.004039,0.01357,6.531e-26,6.76e-06,1.274e-05,0.0001274,2.35e-26,4.641e-06,0.0007007,0.0004781,9.088e-08,0.05426,0.003061,0.01163,0.08721,1.053e-05,2.853e-06,0.745
    1980,    2040,0.0047254,0.003995,0.01343,6.42e-26,6.662e-06,1.258e-05,0.0001258,2.311e-26,4.546e-06,0.0006924,0.0004725,8.937e-08,0.05373,0.003026,0.01152,0.08638,1.04e-05,2.793e-06,0.745
    2040,    2100,0.0046572,0.003951,0.01329,6.312e-26,6.564e-06,1.242e-05,0.0001242,2.273e-26,4.451e-06,0.0006841,0.000467,8.788e-08,0.0532,0.002991,0.01141,0.08554,1.026e-05,2.734e-06,0.745
    2100,    2160,0.0046038,0.00391,0.01315,6.211e-26,6.473e-06,1.227e-05,0.0001227,2.238e-26,4.364e-06,0.0006763,0.0004618,8.649e-08,0.0527,0.002958,0.01131,0.08474,1.013e-05,2.68e-06,0.745
    2160,    2220,0.0045777,0.003866,0.01301,6.107e-26,6.377e-06,1.211e-05,0.0001211,2.202e-26,4.272e-06,0.000668,0.0004562,8.502e-08,0.05216,0.002923,0.01121,0.0839,9.995e-06,2.623e-06,0.745
    2220,    2280,0.004592,0.003822,0.01287,6.004e-26,6.281e-06,1.195e-05,0.0001195,2.166e-26,4.181e-06,0.0006597,0.0004507,8.356e-08,0.05162,0.002888,0.0111,0.08305,9.859e-06,2.566e-06,0.745
    2280,    2340,0.0045856,0.00378,0.01274,5.909e-26,6.192e-06,1.18e-05,0.000118,2.133e-26,4.097e-06,0.000652,0.0004455,8.221e-08,0.05111,0.002855,0.01099,0.08225,9.732e-06,2.514e-06,0.745
    2340,    2400,0.0045323,0.003736,0.01259,5.811e-26,6.097e-06,1.165e-05,0.0001165,2.099e-26,4.009e-06,0.0006438,0.00044,8.078e-08,0.05057,0.00282,0.01089,0.08139,9.598e-06,2.459e-06,0.745
    2400,    2460,0.0044709,0.003692,0.01245,5.714e-26,6.003e-06,1.149e-05,0.0001149,2.065e-26,3.923e-06,0.0006356,0.0004346,7.937e-08,0.05003,0.002785,0.01078,0.08054,9.465e-06,2.405e-06,0.745
    2460,    2520,0.0044204,0.003651,0.01232,5.625e-26,5.916e-06,1.134e-05,0.0001134,2.034e-26,3.842e-06,0.0006279,0.0004294,7.806e-08,0.04952,0.002753,0.01067,0.07973,9.34e-06,2.355e-06,0.745
    2520,    2580,0.0043949,0.003607,0.01217,5.531e-26,5.823e-06,1.119e-05,0.0001119,2.002e-26,3.758e-06,0.0006198,0.000424,7.667e-08,0.04897,0.002718,0.01056,0.07886,9.208e-06,2.303e-06,0.745
    2580,    2640,0.0043723,0.003563,0.01203,5.44e-26,5.731e-06,1.103e-05,0.0001104,1.97e-26,3.674e-06,0.0006117,0.0004185,7.53e-08,0.04842,0.002683,0.01045,0.078,9.077e-06,2.252e-06,0.745
    2640,    2700,0.0043443,0.003521,0.0119,5.355e-26,5.646e-06,1.089e-05,0.0001089,1.94e-26,3.597e-06,0.0006041,0.0004135,7.402e-08,0.0479,0.002651,0.01035,0.07718,8.954e-06,2.204e-06,0.745
    2700,    2760,0.0042984,0.003478,0.01175,5.267e-26,5.555e-06,1.074e-05,0.0001074,1.909e-26,3.517e-06,0.000596,0.0004081,7.268e-08,0.04735,0.002617,0.01023,0.07631,8.824e-06,2.154e-06,0.745
    2760,    2820,0.0042672,0.003434,0.01161,5.181e-26,5.465e-06,1.059e-05,0.0001059,1.879e-26,3.437e-06,0.000588,0.0004027,7.135e-08,0.0468,0.002582,0.01012,0.07543,8.696e-06,2.105e-06,0.745
    2820,    2880,0.0042264,0.003393,0.01147,5.101e-26,5.382e-06,1.044e-05,0.0001045,1.851e-26,3.364e-06,0.0005805,0.0003976,7.012e-08,0.04628,0.00255,0.01002,0.07461,8.575e-06,2.06e-06,0.745
    2880,    2940,0.004193,0.003349,0.01133,5.017e-26,5.293e-06,1.029e-05,0.000103,1.822e-26,3.287e-06,0.0005726,0.0003923,6.881e-08,0.04572,0.002516,0.009902,0.07373,8.447e-06,2.012e-06,0.745
    2940,    3000,0.0041644,0.003305,0.01119,4.935e-26,5.205e-06,1.014e-05,0.0001015,1.793e-26,3.211e-06,0.0005646,0.000387,6.753e-08,0.04517,0.002482,0.009788,0.07284,8.321e-06,1.966e-06,0.745
    3000,    3060,0.004154,0.003264,0.01105,4.859e-26,5.123e-06,1e-05,0.0001001,1.767e-26,3.141e-06,0.0005572,0.000382,6.633e-08,0.04465,0.00245,0.009681,0.07201,8.202e-06,1.922e-06,0.745
    3060,    3120,0.004124,0.003221,0.01091,4.78e-26,5.037e-06,9.857e-06,9.859e-05,1.739e-26,3.067e-06,0.0005494,0.0003767,6.507e-08,0.04409,0.002417,0.009566,0.07113,8.077e-06,1.877e-06,0.745
    3120,    3180,0.0040722,0.003176,0.01076,4.703e-26,4.952e-06,9.71e-06,9.713e-05,1.712e-26,2.995e-06,0.0005415,0.0003715,6.383e-08,0.04359,0.002383,0.009461,0.07034,7.953e-06,1.833e-06,0.745
    3180,    3240,0.0040175,0.003137,0.01063,4.631e-26,4.872e-06,9.571e-06,9.573e-05,1.687e-26,2.928e-06,0.0005341,0.0003666,6.267e-08,0.04302,0.002353,0.009343,0.06943,7.835e-06,1.792e-06,0.745
    3240,    3300,0.0039639,0.003093,0.01049,4.556e-26,4.787e-06,9.429e-06,9.428e-05,1.661e-26,2.855e-06,0.0005265,0.0003613,6.139e-08,0.04244,0.002317,0.009228,0.06852,7.712e-06,1.748e-06,0.745
    3300,    3360,0.003893,0.00305,0.01034,4.483e-26,4.704e-06,9.278e-06,9.285e-05,1.635e-26,2.79e-06,0.0005188,0.0003562,6.026e-08,0.04188,0.002285,0.009111,0.06762,7.592e-06,1.708e-06,0.745
    3360,    3420,0.0038443,0.00301,0.01021,4.415e-26,4.628e-06,9.15e-06,9.152e-05,1.611e-26,2.725e-06,0.0005116,0.0003513,5.912e-08,0.04137,0.002254,0.009004,0.0668,7.479e-06,1.667e-06,0.745
    3420,    3480,0.0038008,0.002967,0.01007,4.344e-26,4.545e-06,9.006e-06,9.012e-05,1.586e-26,2.66e-06,0.0005041,0.0003462,5.797e-08,0.0408,0.002221,0.008884,0.06588,7.361e-06,1.627e-06,0.745
    3480,    3540,0.003758,0.002924,0.009923,4.274e-26,4.464e-06,8.865e-06,8.866e-05,1.561e-26,2.593e-06,0.0004963,0.000341,5.679e-08,0.04023,0.002188,0.008767,0.06498,7.238e-06,1.587e-06,0.745
    3540,    3600,0.0037097,0.002884,0.009789,4.209e-26,4.388e-06,8.737e-06,8.737e-05,1.539e-26,2.533e-06,0.0004893,0.0003363,5.572e-08,0.0397,0.002158,0.008657,0.06414,7.129e-06,1.55e-06,0.745
    3600,    3660,0.0036645,0.002841,0.009646,4.141e-26,4.309e-06,8.596e-06,8.598e-05,1.515e-26,2.469e-06,0.0004818,0.0003312,5.459e-08,0.03914,0.002125,0.008539,0.06323,7.012e-06,1.512e-06,0.745
    3660,    3720,0.0036201,0.002799,0.009504,4.075e-26,4.227e-06,8.455e-06,8.457e-05,1.491e-26,2.407e-06,0.0004743,0.0003262,5.345e-08,0.03858,0.002093,0.008421,0.06234,6.894e-06,1.473e-06,0.745
    3720,    3780,0.0035743,0.002759,0.009371,4.013e-26,4.156e-06,8.327e-06,8.329e-05,1.47e-26,2.35e-06,0.0004674,0.0003215,5.244e-08,0.03805,0.002063,0.00831,0.06149,6.786e-06,1.439e-06,0.745
    3780,    3840,0.0035346,0.002717,0.00923,3.949e-26,4.078e-06,8.191e-06,8.193e-05,1.447e-26,2.291e-06,0.00046,0.0003165,5.134e-08,0.03749,0.002031,0.008192,0.06059,6.672e-06,1.402e-06,0.745
    3840,    3900,0.0034746,0.002675,0.009089,3.885e-26,4e-06,8.054e-06,8.057e-05,1.425e-26,2.231e-06,0.0004527,0.0003116,5.025e-08,0.03692,0.001999,0.008073,0.05968,6.557e-06,1.366e-06,0.745
    3900,    3960,0.0034246,0.002635,0.008955,3.826e-26,3.929e-06,7.928e-06,7.93e-05,1.404e-26,2.177e-06,0.0004458,0.0003069,4.926e-08,0.03639,0.001969,0.007961,0.05883,6.451e-06,1.333e-06,0.745
    3960,    4020,0.0033765,0.002594,0.008815,3.765e-26,3.854e-06,7.795e-06,7.797e-05,1.382e-26,2.12e-06,0.0004386,0.000302,4.821e-08,0.03583,0.001938,0.007841,0.05793,6.339e-06,1.299e-06,0.745
    4020,    4080,0.0033245,0.002552,0.008675,3.704e-26,3.78e-06,7.663e-06,7.665e-05,1.361e-26,2.065e-06,0.0004314,0.0002972,4.717e-08,0.03527,0.001906,0.007722,0.05702,6.229e-06,1.265e-06,0.745
    4080,    4140,0.0032826,0.002513,0.008543,3.648e-26,3.711e-06,7.54e-06,7.541e-05,1.341e-26,2.014e-06,0.0004247,0.0002927,4.622e-08,0.03474,0.001877,0.00761,0.05617,6.125e-06,1.234e-06,0.745
    4140,    4200,0.0032423,0.002472,0.008404,3.59e-26,3.638e-06,7.409e-06,7.411e-05,1.321e-26,1.96e-06,0.0004176,0.0002879,4.521e-08,0.03418,0.001846,0.007491,0.05527,6.016e-06,1.202e-06,0.745
    4200,    4260,0.0031841,0.002431,0.008265,3.533e-26,3.567e-06,7.281e-06,7.282e-05,1.3e-26,1.908e-06,0.0004106,0.0002831,4.423e-08,0.03362,0.001816,0.007371,0.05437,5.909e-06,1.17e-06,0.745
    4260,    4320,0.0031347,0.002393,0.008135,3.479e-26,3.498e-06,7.16e-06,7.161e-05,1.281e-26,1.859e-06,0.000404,0.0002787,4.329e-08,0.03309,0.001787,0.007258,0.05352,5.807e-06,1.14e-06,0.745
    4320,    4380,0.0031016,0.002353,0.007997,3.423e-26,3.428e-06,7.033e-06,7.034e-05,1.262e-26,1.808e-06,0.000397,0.000274,4.232e-08,0.03254,0.001757,0.007138,0.05262,5.701e-06,1.11e-06,0.745
    4380,    4440,0.0030355,0.002312,0.00786,3.368e-26,3.358e-06,6.907e-06,6.908e-05,1.242e-26,1.758e-06,0.0003902,0.0002693,4.137e-08,0.03198,0.001727,0.007019,0.05172,5.596e-06,1.08e-06,0.745
    4440,    4500,0.0029823,0.002275,0.007732,3.317e-26,3.293e-06,6.789e-06,6.79e-05,1.224e-26,1.713e-06,0.0003837,0.000265,4.049e-08,0.03146,0.001699,0.006906,0.05088,5.498e-06,1.052e-06,0.745
    4500,    4560,0.0029235,0.002235,0.007596,3.264e-26,3.225e-06,6.666e-06,6.666e-05,1.205e-26,1.665e-06,0.0003769,0.0002604,3.956e-08,0.0309,0.001669,0.006786,0.04998,5.395e-06,1.023e-06,0.745
    4560,    4620,0.0028728,0.002195,0.00746,3.211e-26,3.157e-06,6.543e-06,6.543e-05,1.186e-26,1.618e-06,0.0003702,0.0002558,3.864e-08,0.03035,0.00164,0.006666,0.04908,5.292e-06,9.95e-07,0.745
    4620,    4680,0.0028308,0.002158,0.007333,3.162e-26,3.094e-06,6.428e-06,6.428e-05,1.169e-26,1.575e-06,0.0003639,0.0002516,3.78e-08,0.02983,0.001612,0.006554,0.04824,5.197e-06,9.691e-07,0.745
    4680,    4740,0.0027949,0.002119,0.007199,3.111e-26,3.028e-06,6.308e-06,6.308e-05,1.151e-26,1.53e-06,0.0003573,0.0002471,3.691e-08,0.02928,0.001583,0.006434,0.04735,5.097e-06,9.42e-07,0.745
    4740,    4800,0.0027447,0.00208,0.007066,3.061e-26,2.963e-06,6.189e-06,6.189e-05,1.133e-26,1.486e-06,0.0003507,0.0002427,3.604e-08,0.02873,0.001554,0.006315,0.04646,4.998e-06,9.156e-07,0.745
    4800,    4860,0.0026508,0.002044,0.006941,3.014e-26,2.903e-06,6.078e-06,6.077e-05,1.116e-26,1.446e-06,0.0003446,0.0002385,3.523e-08,0.02822,0.001528,0.006203,0.04563,4.906e-06,8.913e-07,0.745
    4860,    4920,0.002556,0.002006,0.00681,2.965e-26,2.839e-06,5.96e-06,5.96e-05,1.099e-26,1.403e-06,0.0003382,0.0002341,3.438e-08,0.02768,0.001499,0.006084,0.04475,4.808e-06,8.658e-07,0.745
    4920,    4980,0.0025919,0.001968,0.006678,2.916e-26,2.776e-06,5.844e-06,5.843e-05,1.082e-26,1.362e-06,0.0003317,0.0002298,3.354e-08,0.02714,0.001471,0.005965,0.04387,4.712e-06,8.408e-07,0.745
