CampaignData_and_Merges/R0/CSL_MobileLab_Parked/raw/20240727/USOS-MetNav_MobileLabGround_20240727_R0.ict
44, 1001
Carrie Womack, Nate Howard, Mike Zucker
NOAA Chemical Sciences Laboratory
Mobile Lab MetNav Station
USOS
1, 1
2024, 07, 27, 2024, 12, 21
60
Time_Start, seconds_past_midnight, Seconds from midnight UTC
11
1, 1, 1, 1, 1, 1, 1, 1, 1, 1, 1
-9999, -9999, -9999, -9999, -9999, -9999, -9999, -9999, -9999, -9999, -9999
GPS_Alt_m, meters, Altitude from Differential GPS
GPS_Course_deg, degrees, Course from Differential GPS
GPS_GndSpd_m_s, m/s, Ground Speed from Differential GPS
GPS_Heading_deg, degrees, Heading from Differential GPS
GPS_Lat_deg, degrees, Latitude from Differential GPS
GPS_Lon_deg, degrees, Longitude from Differential GPS
AirTemp_C, Celsius, Air Temperature from Airmar
RelHumidity_pct, percent, Relative Humidity from Airmar
Pressure_mb, millibars, Pressure from Honeywell
WindDir_calc_deg, degrees, Wind Direction from Airmar corrected for van movement
WindSpd_calc_m_s, m/s, Wind Speed from Airmar corrected for van movement
1
SPECIAL COMMENTS:
18
PI_CONTACT_INFO: Address: 325 Broadway R/CSL7, Boulder, CO, 80305
PLATFORM: CSL Mobile Lab
LOCATION: Salt Lake City, UT
ASSOCIATED_DATA: N/A
INSTRUMENT_INFO: N/A
DATA_INFO: Units:
UNCERTAINTY: N/A
ULOD_FLAG: -7777
ULOD_VALUE: N/A
LLOD_FLAG: -8888
LLOD_VALUE: N/A
DM_CONTACT_INFO: Data Manager: Nate Howard
PROJECT_INFO: 
STIPULATIONS_ON_USE: Use of these data require prior ok from PI.
OTHER_COMMENTS: 
REVISION: R0
R0: Final data. Fixed bug in wind averaging code. RA: Preliminary Data. For in-field use only. 
Time_Start, GPS_Alt_m, GPS_Course_deg, GPS_GndSpd_m_s, GPS_Heading_deg, GPS_Lat_deg, GPS_Lon_deg, AirTemp_C, RelHumidity_pct, Pressure_mb, WindDir_calc_deg, WindSpd_calc_m_s
[from data line 1039]
62340.0,1307.8,2.77,0.05,2.77,40.73433,-111.87210,26.1,31.8,872.2,96.70,3.3
62400.0,1307.6,2.64,0.05,2.64,40.73433,-111.87211,26.1,31.9,872.2,115.72,3.6
62460.0,1307.4,3.20,0.04,3.20,40.73433,-111.87211,26.0,32.0,872.2,111.53,4.3
62520.0,1307.4,3.35,0.05,3.35,40.73433,-111.87210,26.1,32.0,872.2,109.24,2.4
62580.0,1307.4,3.71,0.05,3.71,40.73433,-111.87211,26.3,32.3,872.2,105.84,2.4
62640.0,1307.5,3.51,0.06,3.51,40.73433,-111.87211,26.0,31.6,872.3,107.22,4.0
62700.0,1307.5,3.04,0.04,3.04,40.73433,-111.87211,25.9,32.0,872.3,110.22,3.6
62760.0,1307.6,2.95,0.05,2.95,40.73433,-111.87211,25.8,32.1,872.4,115.99,4.2
62820.0,1307.6,3.15,0.06,3.15,40.73433,-111.87211,25.7,32.1,872.4,115.54,4.1
62880.0,1307.6,2.65,0.05,2.65,40.73433,-111.87211,25.7,32.3,872.5,119.53,3.1
62940.0,1307.6,2.39,0.05,2.39,40.73434,-111.87211,25.8,32.7,872.5,86.11,1.7
63000.0,1307.6,2.20,0.05,2.20,40.73434,-111.87211,25.7,32.5,872.6,107.13,1.7
63060.0,1307.6,2.28,0.05,2.28,40.73434,-111.87211,25.6,32.4,872.7,113.09,2.7
63120.0,1307.5,2.22,0.04,2.22,40.73434,-111.87211,25.6,32.8,872.7,103.96,2.2
63180.0,1307.6,2.60,0.04,2.60,40.73434,-111.87211,25.5,32.4,872.8,97.07,2.2
63240.0,1307.7,2.43,0.04,2.43,40.73434,-111.87211,25.6,32.8,872.9,121.34,1.4
63300.0,1307.7,2.81,0.05,2.81,40.73434,-111.87211,25.4,32.8,872.9,103.24,2.9
63360.0,1307.7,2.85,0.04,2.85,40.73434,-111.87211,25.3,33.1,872.9,117.18,3.0
63420.0,1307.8,3.00,0.04,3.00,40.73434,-111.87211,25.2,33.8,872.9,111.91,2.6
63480.0,1308.0,2.84,0.05,2.84,40.73434,-111.87211,25.2,35.0,872.8,113.98,2.7
63540.0,1308.0,2.58,0.05,2.58,40.73434,-111.87211,24.8,36.3,872.8,105.75,3.3
63600.0,1308.2,2.93,0.05,2.93,40.73434,-111.87211,24.6,36.9,872.8,96.99,2.5
63660.0,1308.4,2.79,0.04,2.79,40.73434,-111.87211,24.3,36.2,872.8,109.84,3.2
63720.0,1308.5,2.85,0.05,2.85,40.73434,-111.87211,24.2,36.4,872.8,120.43,3.2
63780.0,1308.7,2.69,0.05,2.69,40.73434,-111.87211,24.1,36.8,872.8,118.73,4.1
63840.0,1308.9,2.65,0.05,2.65,40.73434,-111.87211,24.0,36.2,872.8,129.36,4.5
63900.0,1309.0,2.71,0.06,2.71,40.73434,-111.87211,24.0,36.3,872.8,116.93,3.5
63960.0,1309.1,2.97,0.05,2.97,40.73434,-111.87211,24.0,36.7,872.9,127.19,4.4
64020.0,1309.1,3.53,0.05,3.53,40.73434,-111.87211,24.0,35.9,872.8,116.97,5.0
64080.0,1309.3,3.65,0.06,3.65,40.73434,-111.87211,24.1,35.9,872.8,132.55,4.6
64140.0,1309.4,3.62,0.04,3.62,40.73434,-111.87211,24.1,36.6,872.9,137.60,4.2
64200.0,1309.4,3.76,0.04,3.76,40.73434,-111.87211,24.1,38.7,872.9,150.10,3.4
64260.0,1309.5,3.84,0.04,3.84,40.73434,-111.87211,24.1,38.7,873.0,140.36,3.2
64320.0,1309.5,3.46,0.05,3.46,40.73434,-111.87211,24.0,40.0,873.1,137.25,3.6
64380.0,1309.5,2.70,0.05,2.70,40.73434,-111.87211,23.9,42.1,873.2,146.91,3.8
64440.0,1309.4,2.51,0.05,2.51,40.73434,-111.87211,23.6,44.6,873.1,132.99,4.5
64500.0,1309.4,2.72,0.04,2.72,40.73434,-111.87211,23.2,46.9,872.9,125.48,4.1
64560.0,1309.4,3.00,0.05,3.00,40.73434,-111.87211,22.7,49.3,872.5,123.06,3.5
64620.0,1309.5,3.31,0.05,3.31,40.73434,-111.87211,22.3,50.3,872.2,119.08,3.0
64680.0,1309.5,3.61,0.05,3.61,40.73434,-111.87211,22.0,53.6,871.8,113.99,1.7
64740.0,1309.5,3.32,0.05,3.32,40.73434,-111.87211,21.9,51.1,871.6,127.84,2.1
64800.0,1309.6,3.28,0.05,3.28,40.73434,-111.87211,21.6,51.6,871.7,116.29,3.0
64860.0,1309.6,3.00,0.05,3.00,40.73434,-111.87211,21.5,49.1,871.8,118.83,3.5
64920.0,1310.0,2.80,0.04,2.80,40.73434,-111.87211,21.5,46.8,871.9,115.86,3.6
64980.0,1310.0,3.35,0.05,3.35,40.73434,-111.87211,21.5,49.6,871.9,88.21,0.8
65040.0,1309.8,3.72,0.05,3.72,40.73434,-111.87211,21.5,50.4,872.0,106.19,1.0
65100.0,1309.8,3.85,0.05,3.85,40.73434,-111.87211,21.6,49.2,872.0,102.88,0.9
65160.0,1310.0,3.66,0.05,3.66,40.73434,-111.87211,21.8,50.3,872.1,106.04,0.3
65220.0,1310.0,3.67,0.05,3.67,40.73434,-111.87211,21.9,51.6,872.1,92.96,0.7
65280.0,1309.9,3.50,0.05,3.50,40.73434,-111.87211,21.9,48.3,872.2,109.90,1.3
65340.0,1309.8,3.48,0.05,3.48,40.73434,-111.87211,22.1,48.3,872.2,98.79,0.5
65400.0,1309.8,3.55,0.04,3.55,40.73434,-111.87211,22.3,48.8,872.3,96.76,0.6
65460.0,1309.8,2.80,0.05,2.80,40.73434,-111.87211,22.6,47.8,872.4,102.95,0.6
65520.0,1309.8,3.24,0.05,3.24,40.73434,-111.87211,22.9,47.4,872.4,107.65,0.8
65580.0,1309.7,3.25,0.05,3.25,40.73434,-111.87211,23.2,48.6,872.3,63.52,0.4
65640.0,1309.7,3.20,0.05,3.20,40.73434,-111.87211,23.6,47.3,872.3,66.34,0.5
65700.0,1309.6,3.18,0.04,3.18,40.73434,-111.87211,24.0,48.7,872.3,58.68,0.5
65760.0,1309.6,3.41,0.04,3.41,40.73434,-111.87211,24.6,46.7,872.3,74.52,0.3
65820.0,1309.5,3.85,0.05,3.85,40.73434,-111.87211,25.0,44.2,872.3,90.18,0.7
65880.0,1309.3,2.87,0.04,2.87,40.73434,-111.87211,25.4,39.8,872.2,130.55,0.6
65940.0,1309.2,3.13,0.04,3.13,40.73434,-111.87211,25.6,39.8,872.2,105.24,1.5
66000.0,1309.0,2.74,0.05,2.74,40.73434,-111.87211,25.8,38.4,872.2,119.34,1.5
66060.0,1309.0,3.08,0.04,3.08,40.73434,-111.87211,26.0,37.2,872.2,114.95,2.1
66120.0,1309.0,3.29,0.04,3.29,40.73434,-111.87211,25.9,36.1,872.2,106.22,2.7
66180.0,1308.9,3.69,0.05,3.69,40.73434,-111.87211,25.8,34.6,872.2,106.43,2.6
66240.0,1308.8,3.38,0.05,3.38,40.73434,-111.87211,25.9,35.3,872.2,101.19,2.5
66300.0,1308.9,3.85,0.05,3.85,40.73434,-111.87211,26.0,34.7,872.1,117.50,2.5
66360.0,1309.0,4.21,0.05,4.21,40.73434,-111.87211,25.8,35.4,872.1,112.22,3.5
66420.0,1309.0,3.85,0.05,3.85,40.73434,-111.87211,25.9,35.3,872.1,110.15,2.3
66480.0,1308.8,3.45,0.04,3.45,40.73434,-111.87211,26.2,35.8,872.1,116.08,2.0
66540.0,1308.8,3.28,0.05,3.28,40.73434,-111.87211,26.4,35.9,872.0,118.06,0.9
66600.0,1309.0,3.18,0.04,3.18,40.73434,-111.87211,26.7,35.9,872.0,79.23,1.0
66660.0,1309.1,3.47,0.04,3.47,40.73434,-111.87211,26.8,35.0,872.0,108.08,1.8
66720.0,1309.2,3.40,0.05,3.40,40.73434,-111.87211,26.8,35.2,871.9,107.86,2.2
66780.0,1309.2,3.18,0.03,3.18,40.73434,-111.87211,26.8,33.7,871.9,111.28,2.2
66840.0,1309.2,2.62,0.04,2.62,40.73434,-111.87211,27.0,34.5,871.9,112.84,1.9
66900.0,1309.1,2.80,0.05,2.80,40.73434,-111.87211,27.1,34.1,871.9,112.29,1.7
66960.0,1309.0,3.45,0.05,3.45,40.73434,-111.87211,27.2,33.8,871.8,119.38,2.7
67020.0,1309.1,3.54,0.04,3.54,40.73434,-111.87211,27.0,33.3,871.8,108.71,3.4
67080.0,1309.2,2.97,0.04,2.97,40.73434,-111.87211,26.9,32.7,871.8,109.00,3.2
67140.0,1309.2,2.84,0.05,2.84,40.73434,-111.87211,26.9,32.7,871.7,109.49,3.1
67200.0,1309.2,2.77,0.04,2.77,40.73434,-111.87211,27.3,33.3,871.7,119.50,1.7
67260.0,1309.2,2.70,0.05,2.70,40.73434,-111.87211,27.2,32.5,871.7,107.48,2.7
67320.0,1309.2,3.21,0.05,3.21,40.73434,-111.87211,27.3,32.2,871.6,113.98,2.7
67380.0,1309.1,3.28,0.05,3.28,40.73434,-111.87211,27.3,32.3,871.6,111.46,2.7
67440.0,1309.1,3.26,0.06,3.26,40.73434,-111.87211,27.0,31.1,871.6,104.45,3.8
67500.0,1309.3,3.12,0.05,3.12,40.73434,-111.87211,27.0,31.8,871.6,98.17,2.0
67560.0,1309.5,3.91,0.05,3.91,40.73434,-111.87211,27.0,31.2,871.6,108.88,3.4
67620.0,1309.7,3.40,0.05,3.40,40.73434,-111.87211,26.9,31.8,871.6,105.52,3.6
67680.0,1309.5,2.55,0.05,2.55,40.73434,-111.87211,27.0,31.2,871.5,107.23,2.7
67740.0,1309.7,2.57,0.05,2.57,40.73434,-111.87211,26.9,31.3,871.5,104.01,3.1
67800.0,1309.7,2.83,0.05,2.83,40.73433,-111.87211,26.9,31.2,871.5,110.07,3.0
67860.0,1309.4,2.56,0.05,2.56,40.73434,-111.87211,27.1,31.6,871.5,107.25,2.5
67920.0,1309.5,2.56,0.04,2.56,40.73433,-111.87212,27.0,31.4,871.5,96.35,3.0
67980.0,1309.4,3.27,0.04,3.27,40.73433,-111.87212,27.2,31.3,871.5,96.99,2.1
68040.0,1309.2,3.41,0.05,3.41,40.73434,-111.87211,27.2,31.0,871.5,107.72,2.9
68100.0,1309.2,3.60,0.05,3.60,40.73434,-111.87211,27.1,31.3,871.5,104.64,2.7
68160.0,1309.2,3.43,0.05,3.43,40.73434,-111.87211,27.1,31.1,871.5,105.27,3.3
68220.0,1309.1,3.34,0.05,3.34,40.73434,-111.87211,27.3,31.5,871.5,103.11,2.4
68280.0,1309.1,3.43,0.05,3.43,40.73434,-111.87211,27.2,30.7,871.5,99.74,2.8
68340.0,1309.2,3.51,0.06,3.51,40.73434,-111.87211,27.4,31.5,871.5,97.05,1.9
68400.0,1309.1,3.54,0.05,3.54,40.73434,-111.87211,27.4,31.2,871.5,108.43,3.0
68460.0,1308.9,3.96,0.05,3.96,40.73434,-111.87211,27.5,31.7,871.5,106.13,2.5
68520.0,1308.9,4.14,0.05,4.14,40.73434,-111.87211,27.5,31.5,871.5,106.13,3.5
68580.0,1309.1,3.77,0.04,3.77,40.73434,-111.87211,27.7,31.5,871.5,110.27,2.3
68640.0,1309.1,4.15,0.05,4.15,40.73434,-111.87211,27.8,31.9,871.6,113.29,2.8
68700.0,1309.3,4.14,0.05,4.14,40.73434,-111.87211,27.6,31.3,871.5,110.10,3.6
68760.0,1309.4,4.10,0.05,4.10,40.73434,-111.87211,27.7,31.8,871.5,113.12,3.6
68820.0,1309.5,4.45,0.05,4.45,40.73434,-111.87211,27.8,31.9,871.5,111.32,2.7
68880.0,1309.5,4.19,0.05,4.19,40.73434,-111.87211,28.0,31.8,871.5,95.51,1.7
68940.0,1309.6,3.16,0.04,3.16,40.73434,-111.87211,27.9,31.4,871.5,104.89,3.5
69000.0,1309.8,2.94,0.04,2.94,40.73434,-111.87211,28.0,31.4,871.5,95.61,2.3
69060.0,1309.7,2.76,0.05,2.76,40.73434,-111.87211,27.7,30.7,871.4,107.77,5.0
69120.0,1309.4,2.91,0.06,2.91,40.73434,-111.87211,27.9,31.1,871.4,90.86,1.8
69180.0,1309.4,3.22,0.04,3.22,40.73434,-111.87211,28.1,30.8,871.3,122.10,2.5
69240.0,1309.2,4.01,0.05,4.01,40.73434,-111.87211,28.2,30.5,871.3,94.06,2.1
69300.0,1309.0,3.41,0.05,3.41,40.73434,-111.87211,28.2,30.0,871.3,102.01,2.1
69360.0,1308.9,3.84,0.05,3.84,40.73434,-111.87211,28.3,29.6,871.3,94.67,2.1
69420.0,1309.0,3.46,0.04,3.46,40.73434,-111.87211,28.6,29.4,871.3,108.96,1.9
69480.0,1309.0,3.00,0.05,3.00,40.73434,-111.87211,28.5,28.7,871.3,107.15,2.6
69540.0,1308.8,3.11,0.05,3.11,40.73434,-111.87211,28.8,29.2,871.3,115.62,2.1
69600.0,1308.5,3.12,0.05,3.12,40.73434,-111.87211,28.9,29.3,871.3,108.74,2.5
69660.0,1308.5,3.03,0.06,3.03,40.73434,-111.87211,28.8,28.4,871.3,103.89,2.9
69720.0,1308.7,3.04,0.05,3.04,40.73434,-111.87211,29.1,28.1,871.3,113.86,1.8
69780.0,1308.7,3.52,0.05,3.52,40.73434,-111.87211,28.9,28.1,871.3,104.35,3.1
69840.0,1308.8,3.28,0.05,3.28,40.73434,-111.87211,28.8,27.8,871.3,102.79,3.2
69900.0,1309.2,2.43,0.05,2.43,40.73434,-111.87211,29.2,28.2,871.3,106.71,1.9
69960.0,1309.1,2.23,0.05,2.23,40.73434,-111.87211,29.3,27.4,871.3,111.57,1.7
70020.0,1309.0,1.66,0.05,1.66,40.73434,-111.87211,29.6,26.7,871.3,100.92,1.4
70080.0,1309.0,2.54,0.06,2.54,40.73434,-111.87211,29.9,27.2,871.3,94.86,0.9
70140.0,1308.7,2.46,0.05,2.46,40.73434,-111.87211,29.6,27.2,871.3,114.31,4.1
70200.0,1308.6,2.21,0.05,2.21,40.73434,-111.87211,29.6,28.1,871.3,113.02,3.5
70260.0,1308.9,2.11,0.05,2.11,40.73434,-111.87211,29.8,27.5,871.3,113.03,2.1
70320.0,1309.1,2.55,0.05,2.55,40.73434,-111.87211,29.9,27.9,871.3,104.07,1.8
70380.0,1309.2,2.67,0.05,2.67,40.73434,-111.87211,29.9,28.4,871.2,105.15,1.9
70440.0,1308.8,3.00,0.05,3.00,40.73434,-111.87211,29.9,27.9,871.2,105.94,2.6
70500.0,1308.7,2.85,0.04,2.85,40.73434,-111.87211,30.1,27.8,871.2,104.17,1.8
70560.0,1308.6,2.79,0.05,2.79,40.73434,-111.87211,30.1,26.9,871.2,116.91,2.5
70620.0,1308.6,3.29,0.04,3.29,40.73434,-111.87211,30.1,26.4,871.2,113.78,2.9
70680.0,1308.6,3.10,0.05,3.10,40.73434,-111.87211,30.2,28.0,871.2,111.46,2.2
70740.0,1308.6,2.99,0.05,2.99,40.73434,-111.87211,30.2,26.9,871.2,96.92,1.8
70800.0,1308.5,3.11,0.04,3.11,40.73434,-111.87211,30.3,26.7,871.1,92.18,1.5
70860.0,1308.4,3.04,0.04,3.04,40.73434,-111.87211,30.4,26.0,871.1,98.38,1.5
70920.0,1308.5,3.18,0.04,3.18,40.73434,-111.87211,30.7,26.5,871.1,101.49,0.9
70980.0,1308.4,3.32,0.04,3.32,40.73434,-111.87211,30.9,26.1,871.0,108.39,1.4
71040.0,1308.3,3.04,0.05,3.04,40.73434,-111.87211,30.8,25.7,871.0,109.72,1.9
71100.0,1308.1,2.78,0.05,2.78,40.73434,-111.87211,30.9,26.6,871.0,111.39,2.1
71160.0,1308.1,3.10,0.05,3.10,40.73434,-111.87211,30.9,25.9,871.0,106.16,2.3
71220.0,1308.1,3.24,0.05,3.24,40.73434,-111.87211,30.8,25.8,871.0,89.20,1.4
71280.0,1308.0,2.79,0.05,2.79,40.73434,-111.87211,31.1,26.1,870.9,100.53,1.3
71340.0,1308.0,3.01,0.05,3.01,40.73434,-111.87211,31.1,25.5,870.9,104.85,1.9
71400.0,1308.0,3.37,0.05,3.37,40.73434,-111.87211,31.2,25.4,870.9,110.77,1.8
71460.0,1308.1,3.20,0.05,3.20,40.73434,-111.87211,31.4,25.7,870.9,106.76,1.6
71520.0,1308.0,3.19,0.05,3.19,40.73434,-111.87211,31.5,25.4,870.9,106.14,1.9
71580.0,1307.9,3.39,0.05,3.39,40.73434,-111.87211,31.4,24.2,870.8,115.71,2.4
71640.0,1307.9,3.85,0.04,3.85,40.73434,-111.87211,31.5,25.3,870.8,104.21,1.5
71700.0,1308.0,3.80,0.05,3.80,40.73434,-111.87211,31.7,25.0,870.8,115.36,0.9
71760.0,1308.0,3.87,0.05,3.87,40.73434,-111.87211,32.0,24.7,870.8,120.51,1.5
71820.0,1307.9,3.62,0.05,3.62,40.73434,-111.87211,32.0,25.1,870.8,93.08,1.6
71880.0,1307.9,3.40,0.05,3.40,40.73434,-111.87211,32.1,24.2,870.8,105.68,1.2
71940.0,1308.0,3.31,0.05,3.31,40.73434,-111.87211,32.4,24.2,870.7,110.42,1.2
72000.0,1308.0,3.12,0.05,3.12,40.73434,-111.87211,32.5,23.8,870.7,105.48,1.2
72060.0,1308.0,3.00,0.05,3.00,40.73434,-111.87211,32.8,24.2,870.7,101.91,0.9
72120.0,1308.0,3.15,0.05,3.15,40.73434,-111.87211,32.9,23.9,870.7,109.57,1.6
72180.0,1308.0,2.88,0.05,2.88,40.73434,-111.87211,32.7,23.6,870.7,115.02,2.8
72240.0,1308.0,2.80,0.05,2.80,40.73434,-111.87211,32.6,23.4,870.7,92.42,1.5
72300.0,1308.0,3.00,0.05,3.00,40.73434,-111.87211,32.5,23.6,870.7,99.64,2.0
72360.0,1308.2,3.14,0.05,3.14,40.73434,-111.87211,32.8,23.5,870.6,119.51,1.3
72420.0,1308.2,3.21,0.05,3.21,40.73434,-111.87211,32.9,24.0,870.6,105.81,1.3
72480.0,1308.0,3.50,0.05,3.50,40.73434,-111.87211,32.7,23.4,870.6,113.19,3.0
72540.0,1308.1,4.17,0.05,4.17,40.73434,-111.87211,32.8,23.9,870.6,111.39,1.8
72600.0,1308.3,3.17,0.04,3.17,40.73434,-111.87211,32.3,23.8,870.6,118.62,4.1
72660.0,1308.3,3.24,0.05,3.24,40.73434,-111.87211,32.3,24.1,870.6,113.32,2.8
72720.0,1308.2,3.25,0.05,3.25,40.73434,-111.87211,32.2,24.2,870.6,112.14,3.1
72780.0,1308.0,3.27,0.05,3.27,40.73434,-111.87211,32.1,24.1,870.6,105.29,2.3
72840.0,1307.9,3.27,0.04,3.27,40.73434,-111.87211,32.3,24.1,870.5,108.49,1.8
72900.0,1307.8,3.64,0.04,3.64,40.73434,-111.87211,32.3,23.8,870.5,102.36,1.7
72960.0,1307.6,3.52,0.05,3.52,40.73434,-111.87211,32.4,24.0,870.5,107.62,1.6
73020.0,1307.5,2.96,0.05,2.96,40.73434,-111.87211,32.6,23.7,870.5,94.45,0.9
73080.0,1307.4,2.96,0.05,2.96,40.73434,-111.87211,32.9,23.5,870.5,89.11,0.8
73140.0,1307.6,3.31,0.06,3.31,40.73434,-111.87211,33.0,23.3,870.5,79.90,0.9
73200.0,1307.7,3.37,0.05,3.37,40.73434,-111.87211,33.3,23.1,870.4,106.64,1.0
73260.0,1307.7,3.22,0.05,3.22,40.73434,-111.87211,33.5,23.2,870.4,100.39,0.8
73320.0,1307.7,3.38,0.05,3.38,40.73434,-111.87211,33.2,23.0,870.4,117.40,2.8
73380.0,1307.7,3.18,0.05,3.18,40.73434,-111.87211,33.1,22.4,870.4,111.01,2.8
73440.0,1307.7,3.31,0.05,3.31,40.73434,-111.87211,32.9,22.4,870.4,114.56,2.6
73500.0,1307.8,3.14,0.05,3.14,40.73435,-111.87211,32.9,22.9,870.4,121.96,2.5
73560.0,1307.9,2.98,0.05,2.98,40.73435,-111.87211,33.0,24.2,870.4,119.90,2.0
73620.0,1308.1,2.84,0.05,2.84,40.73434,-111.87211,33.1,23.7,870.4,123.99,1.7
73680.0,1308.2,3.17,0.05,3.17,40.73434,-111.87211,33.4,23.0,870.4,115.94,1.0
73740.0,1308.4,2.96,0.05,2.96,40.73434,-111.87211,33.6,22.7,870.3,133.15,1.4
73800.0,1308.4,3.62,0.05,3.62,40.73435,-111.87211,33.6,21.9,870.4,145.49,2.7
73860.0,1308.4,3.35,0.05,3.35,40.73434,-111.87211,33.6,21.9,870.3,123.73,2.2
73920.0,1308.4,2.89,0.05,2.89,40.73434,-111.87211,33.8,21.6,870.3,144.38,1.5
73980.0,1308.6,2.54,0.05,2.54,40.73434,-111.87211,34.1,21.7,870.2,129.17,1.0
74040.0,1308.7,2.40,0.05,2.40,40.73434,-111.87211,34.1,23.0,870.2,112.26,1.2
74100.0,1308.7,2.27,0.05,2.27,40.73434,-111.87211,34.2,22.9,870.2,118.69,1.0
74160.0,1308.8,2.55,0.04,2.55,40.73434,-111.87211,34.4,22.2,870.1,131.91,1.2
74220.0,1308.8,3.09,0.05,3.09,40.73434,-111.87211,34.4,22.9,870.1,133.18,2.1
74280.0,1308.9,2.89,0.04,2.89,40.73434,-111.87211,34.0,23.2,870.1,111.18,2.8
74340.0,1309.0,2.17,0.04,2.17,40.73434,-111.87211,33.8,22.5,870.0,82.73,1.6
74400.0,1309.5,2.20,0.04,2.20,40.73434,-111.87211,33.7,22.3,870.0,123.33,2.8
74460.0,1309.3,2.67,0.05,2.67,40.73434,-111.87211,33.3,21.7,869.9,131.73,3.2
74520.0,1309.2,2.66,0.05,2.66,40.73434,-111.87211,33.3,22.6,869.9,131.92,3.1
74580.0,1309.1,2.86,0.05,2.86,40.73434,-111.87211,33.2,23.0,869.9,125.89,2.9
74640.0,1309.1,3.16,0.04,3.16,40.73434,-111.87211,33.5,21.7,869.9,144.78,1.8
74700.0,1309.0,3.11,0.04,3.11,40.73434,-111.87211,33.9,21.4,869.8,129.74,1.1
