CampaignData_and_Merges/R0/CSL_MobileLab_Parked/raw/20240727/USOS-NOAAIodideCIMS-Halogens_MobileLabGround_20240727_RA.ict
38, 1001
Michael A Robinson, Chris Jernigan, Subi Thakali
NOAA ESRL Chemical Sciences Laboratory and CIRES, U. of Colorado
NOAA Iodide CIMS Instrument
USOS
1, 1
2024, 07, 27, 2024, 07, 28
1
starttime_UTC, seconds_past_midnight, seconds_of_day_since_00:00:00_UTC
6
1, 1, 1, 1, 1, 1
-9999, -9999, -9999, -9999, -9999, -9999
Br2_NOAACIMS, pptv, Gas_Br2_InSitu_S_AVMR, 
BrO_NOAACIMS, pptv, Gas_BrO_InSitu_S_AVMR, 
Cl2_NOAACIMS, pptv, Gas_Cl2_InSitu_S_AVMR, 
ClNO2_NOAACIMS, pptv, Gas_ClNO2_InSitu_S_AVMR, 
BrCl_NOAACIMS, pptv, Gas_BrCl_InSitu_S_AVMR, 
NCl3_NOAACIMS, pptv, Gas_NCl3_InSitu_S_AVMR, 
0
18
PI_CONTACT_INFO: 325 Broadway, R/CSD 7, Boulder, Colorado 80305; michael.a.robinson@noaa.gov; chris.jernigan@noaa.gov;
PLATFORM: NOAA CSL Mobile Lab
LOCATION: SLC, Utah
ASSOCIATED_DATA: 1Hz data also available on request.
INSTRUMENT_INFO: NOAA I- ToF CIMS
DATA_INFO: All data in parts per trillion by volume (pptv). 1 Hz data is available upon request.
UNCERTAINTY: TBD
ULOD_FLAG: -7777
ULOD_VALUE: N/A
LLOD_FLAG: -8888
LLOD_VALUE: N/A
DM_CONTACT_INFO: Nathan Howard; nathan.h.howard@noaa.gov
PROJECT_INFO: USOS, summer 2024. https://csl.noaa.gov/groups/csl7/measurements/2024usos/
STIPULATIONS_ON_USE: Users are strongly encouraged to contact the PI for proper data usage.
OTHER_COMMENTS: 
REVISION: RA
RA: Preliminary Data; For in-field use only
starttime_UTC, Br2_NOAACIMS, BrO_NOAACIMS, Cl2_NOAACIMS, ClNO2_NOAACIMS, BrCl_NOAACIMS, NCl3_NOAACIMS
     0,  1.009,  0.303,  0.834,  0.111,  0.169,  0.079
    60,  0.871,  0.228,  0.923,  0.111,  0.201,  0.174
   120,  0.746,  0.274,  0.902,  0.102,  0.201,  0.114
   180, -9999.000,  0.253,  0.673,  0.083,  0.165,  0.082
   240, -9999.000,  0.232,  0.643,  0.091,  0.139,  0.126
   300, -9999.000,  0.214,  0.632,  0.070,  0.170,  0.075
   360, -9999.000,  0.305,  0.556,  0.056,  0.091,  0.031
   420, -9999.000,  0.214,  0.795,  0.080,  0.073,  0.007
   480, -9999.000,  0.329,  0.635,  0.124,  0.113,  0.079
   540, -9999.000,  0.274,  0.653,  0.048,  0.105, -0.056
   600, -9999.000,  0.205,  0.691,  0.074,  0.123,  0.063
   660, -9999.000,  0.225,  0.713,  0.070,  0.147, -0.003
   720, -9999.000, -0.085,  0.493,  0.051, -0.099, -0.194
   780, -9999.000,  0.205,  0.819,  0.082,  0.209,  0.061
   840, -9999.000,  0.254,  0.708,  0.080,  0.165,  0.071
   900, -9999.000,  0.228,  0.744,  0.033,  0.205, -0.003
   960, -9999.000,  0.265,  0.853,  0.045,  0.165,  0.080
  1020, -9999.000,  0.201,  0.934,  0.056,  0.172, -0.029
  1080, -9999.000,  0.204,  0.880,  0.118,  0.190,  0.038
  1140, -9999.000,  0.251,  0.928,  0.065,  0.159,  0.108
  1200, -9999.000,  0.177,  0.905,  0.058,  0.184,  0.063
  1260, -9999.000,  0.201,  0.932,  0.057,  0.101,  0.028
  1320, -9999.000,  0.180,  0.896,  0.056,  0.277,  0.089
  1380, -9999.000,  0.222,  0.896,  0.029,  0.218,  0.085
  1440, -9999.000,  0.196,  0.672,  0.062,  0.157,  0.015
  1500, -9999.000,  0.206,  0.833,  0.048,  0.168,  0.027
  1560, -9999.000,  0.128,  0.793,  0.067,  0.121,  0.096
  1620,  0.662,  0.309,  0.586,  0.080,  0.108,  0.059
  1680,  0.656,  0.213,  0.707,  0.065,  0.180,  0.064
  1740,  0.680,  0.130,  0.888,  0.032,  0.140,  0.087
  1800,  0.694,  0.278,  0.809,  0.036,  0.161,  0.079
  1860,  0.605,  0.155,  0.822,  0.056,  0.175, -0.032
  1920,  0.686,  0.154,  0.733,  0.075,  0.135,  0.009
  1980,  0.731,  0.159,  0.587,  0.036,  0.120,  0.089
  2040,  0.674,  0.267,  0.532,  0.028,  0.168,  0.050
  2100,  0.653,  0.148,  0.612,  0.072,  0.139,  0.061
  2160,  0.616,  0.180,  0.682,  0.048,  0.179, -0.019
  2220,  0.644,  0.171,  0.564,  0.018,  0.126, -0.008
  2280,  0.449,  0.255,  0.631,  0.083,  0.110,  0.054
  2340,  0.540,  0.263,  0.649,  0.067,  0.172,  0.034
  2400,  0.580,  0.153,  0.879,  0.028,  0.145,  0.096
  2460,  0.456,  0.100,  0.845,  0.055,  0.113, -0.050
  2520,  0.921,  0.237,  0.884, -0.058,  0.108, -0.126
  2580,  0.215, -0.062,  0.344, -0.025,  0.094, -0.234
  2640,  0.681,  0.071,  0.610,  0.041,  0.129,  0.074
  2700,  0.594,  0.224,  0.587,  0.063,  0.161,  0.035
  2760,  0.639,  0.118,  0.594,  0.037,  0.071,  0.024
  2820,  0.668,  0.257,  0.599,  0.067,  0.117,  0.038
  2880,  0.661,  0.231,  0.686,  0.051,  0.200,  0.061
  2940,  0.344,  0.103,  0.681,  0.075,  0.114, -0.053
  3000,  0.654,  0.154,  0.982,  0.073,  0.126,  0.019
  3060,  0.639,  0.270,  0.958,  0.052,  0.131,  0.045
  3120,  0.485,  0.150,  0.739,  0.054,  0.141,  0.025
  3180,  0.488,  0.320,  0.850,  0.025,  0.112, -0.038
  3240,  0.705,  0.173,  0.821,  0.111,  0.083,  0.020
  3300,  0.405,  0.076,  0.670,  0.053,  0.070, -0.044
  3360,  0.450,  0.125,  0.610,  0.014,  0.133, -0.015
  3420,  0.352,  0.081,  0.445,  0.011,  0.066, -0.098
  3480,  0.685,  0.130,  0.636,  0.064,  0.101, -0.070
  3540,  0.198,  0.115,  0.616,  0.026,  0.064, -0.085
  3600,  0.533,  0.202,  0.571,  0.055,  0.092, -0.013
  3660,  0.860,  0.110,  0.622,  0.031,  0.114,  0.043
  3720,  0.801,  0.437,  0.593,  0.116,  0.131,  0.028
  3780,  0.801,  0.234,  0.706,  0.092,  0.154, -0.000
  3840,  0.687,  0.207,  0.727,  0.074,  0.123, -0.039
  3900,  0.825,  0.261,  0.759,  0.095,  0.184, -0.028
  3960,  0.682,  0.219,  0.768,  0.130,  0.102,  0.087
  4020,  0.742,  0.284,  0.709,  0.091,  0.114,  0.025
  4080,  0.697,  0.354,  0.963,  0.106,  0.184, -0.006
  4140,  0.705,  0.261,  0.843,  0.106,  0.129,  0.040
  4200,  0.819,  0.240,  0.819,  0.063,  0.151, -0.004
  4260,  0.737,  0.274,  0.698,  0.105,  0.163,  0.033
  4320,  0.902,  0.348,  0.698,  0.096,  0.125,  0.018
  4380,  0.895,  0.217,  0.752,  0.031,  0.177,  0.158
  4440,  0.653,  0.316,  0.798,  0.046,  0.082,  0.006
  4500,  0.820,  0.343,  0.933,  0.128,  0.118, -0.028
  4560,  0.753,  0.333,  0.776,  0.140,  0.162,  0.059
  4620,  0.783,  0.389,  0.716,  0.086,  0.145, -0.038
  4680,  0.884,  0.240,  0.871,  0.088,  0.162, -0.008
  4740,  0.950,  0.321,  0.828,  0.092,  0.138,  0.006
  4800,  0.719,  0.323,  0.724,  0.093,  0.144,  0.028
  4860,  0.780,  0.359,  0.671,  0.051,  0.121, -0.006
  4920,  0.949,  0.275,  1.110,  0.070,  0.170, -0.017
  4980,  0.861,  0.285,  0.905,  0.113,  0.134, -0.004
  5040,  0.827,  0.303,  1.098,  0.099,  0.131,  0.025
  5100,  0.968,  0.232,  1.152,  0.103,  0.159,  0.018
  5160,  0.929,  0.389,  1.061,  0.123,  0.173, -0.003
  5220,  0.932,  0.319,  0.839,  0.110,  0.136,  0.038
  5280,  0.889,  0.240,  0.704,  0.096,  0.128,  0.027
  5340,  0.945,  0.310,  0.933,  0.136,  0.141,  0.048
  5400,  0.996,  0.272,  0.986,  0.095,  0.159,  0.001
  5460,  0.985,  0.215,  0.829,  0.135,  0.104,  0.070
  5520,  0.845,  0.191,  0.745,  0.070,  0.116, -0.002
  5580,  0.906,  0.273,  0.730,  0.091,  0.088,  0.012
  5640,  1.086,  0.292,  0.775,  0.111,  0.123,  0.095
  5700,  1.001,  0.271,  1.035,  0.085,  0.108, -0.060
  5760,  1.027,  0.260,  1.023,  0.130,  0.150,  0.050
  5820,  0.807,  0.375,  0.729,  0.093,  0.140,  0.035
  5880,  0.860,  0.325,  0.862,  0.075,  0.188,  0.027
  5940,  0.951,  0.246,  1.032,  0.097,  0.185,  0.032
  6000,  1.034,  0.137,  0.991,  0.134,  0.167,  0.052
  6060,  1.123,  0.240,  1.080,  0.107,  0.223,  0.071
  6120,  0.609,  0.268,  0.929,  0.095,  0.091, -0.032
  6180,  0.839,  0.235,  0.990,  0.141,  0.150,  0.105
  6240, -9999.000, -9999.000, -9999.000, -9999.000, -9999.000, -9999.000
  6300,  1.068,  0.308,  0.695,  0.104,  0.120,  0.127
  6360,  1.014,  0.287,  0.703,  0.098,  0.171,  0.020
  6420,  0.999,  0.191,  0.831,  0.106,  0.144,  0.073
  6480,  0.963,  0.340,  0.987,  0.133,  0.175,  0.189
  6540,  0.974,  0.334,  1.049,  0.108,  0.162,  0.186
  6600,  0.933,  0.278,  1.166,  0.126,  0.188,  0.321
  6660,  1.095,  0.216,  1.141,  0.171,  0.160,  0.137
  6720,  0.994,  0.261,  0.718,  0.108,  0.165,  0.125
  6780,  0.900,  0.222,  0.751,  0.133,  0.122,  0.046
  6840,  0.805,  0.217,  0.685,  0.111,  0.116,  0.088
  6900,  0.976,  0.231,  0.712,  0.119,  0.134,  0.165
  6960,  1.011,  0.198,  0.808,  0.085,  0.112,  0.218
  7020,  0.948,  0.199,  0.909,  0.167,  0.158,  0.083
  7080,  0.968,  0.217,  1.053,  0.121,  0.131,  0.124
  7140,  0.731,  0.257,  1.085,  0.145,  0.133,  0.147
  7200,  1.032,  0.125,  1.066,  0.136,  0.141,  0.297
  7260,  1.011,  0.160,  0.892,  0.109,  0.098,  0.202
  7320,  0.874,  0.248,  0.903,  0.141,  0.139, -0.003
  7380,  0.898,  0.115,  0.996,  0.107,  0.126,  0.066
  7440,  0.916,  0.123,  0.864,  0.155,  0.122,  0.124
  7500,  1.032,  0.186,  1.086,  0.125,  0.109,  0.137
  7560,  0.874,  0.121,  0.971,  0.123,  0.130,  0.145
  7620,  0.888,  0.091,  0.794,  0.161,  0.054,  0.149
  7680,  0.790,  0.121,  0.761,  0.166,  0.146,  0.216
  7740,  0.859,  0.235,  0.978,  0.154,  0.038,  0.166
  7800,  0.883,  0.094,  0.844,  0.140,  0.043,  0.180
  7860,  0.430,  0.127,  0.697,  0.111,  0.057,  0.030
  7920,  0.954,  0.060,  0.805,  0.197,  0.130,  0.172
  7980,  0.952,  0.023,  0.923,  0.203,  0.100,  0.152
  8040,  0.879,  0.133,  1.047,  0.167,  0.129,  0.242
  8100, -9999.000, -9999.000, -9999.000, -9999.000, -9999.000, -9999.000
  8160,  0.769,  0.181,  0.797,  0.182,  0.111,  1.339
  8220,  0.952,  0.066,  0.819,  0.177,  0.074,  0.885
  8280,  0.992,  0.040,  0.731,  0.209,  0.084,  1.063
  8340,  0.890,  0.126,  0.873,  0.177,  0.126,  1.079
  8400,  0.844,  0.110,  0.968,  0.169,  0.151,  0.941
  8460,  0.937,  0.162,  1.006,  0.201,  0.120,  1.196
  8520,  0.921,  0.093,  0.954,  0.186,  0.112,  1.545
  8580,  0.921,  0.099,  0.742,  0.128,  0.128,  1.671
  8640,  0.855,  0.228,  0.642,  0.157,  0.161,  0.839
  8700,  0.842,  0.079,  0.702,  0.095,  0.144,  0.877
  8760,  0.827,  0.098,  0.712,  0.143,  0.110,  0.767
  8820,  1.012,  0.202,  0.697,  0.154,  0.121,  0.648
  8880,  0.965,  0.116,  0.718,  0.157,  0.117,  0.710
  8940,  0.752,  0.064,  0.678,  0.215,  0.033,  0.718
  9000,  0.833,  0.139,  0.701,  0.126,  0.171,  1.384
  9060,  0.955,  0.172,  0.675,  0.189,  0.152,  1.066
  9120,  0.913,  0.150,  0.718,  0.159,  0.091,  0.665
  9180,  0.946,  0.207,  0.687,  0.217,  0.166,  1.218
  9240,  0.832,  0.043,  0.869,  0.290,  0.251,  1.539
  9300,  0.888,  0.118,  0.974,  0.379,  0.140,  1.580
  9360,  0.719,  0.121,  1.195,  0.288,  0.284,  1.933
  9420,  0.739,  0.084,  1.398,  0.335,  0.227,  1.497
  9480,  0.652,  0.183,  1.674,  0.364,  0.242,  1.475
  9540,  0.709,  0.146,  1.485,  0.245,  0.288,  1.858
  9600,  0.602,  0.082,  1.743,  0.308,  0.289,  1.697
  9660,  0.712,  0.095,  1.559,  0.206,  0.273,  1.842
  9720,  0.725,  0.177,  1.662,  0.277,  0.322,  1.907
  9780,  0.792,  0.148,  1.661,  0.236,  0.310,  1.877
  9840,  0.933,  0.215,  1.581,  0.167,  0.374,  1.969
  9900,  0.825,  0.242,  1.435,  0.243,  0.482,  1.896
  9960, -9999.000, -9999.000, -9999.000, -9999.000, -9999.000, -9999.000
 10020,  0.649,  0.174,  1.392,  0.160,  0.321,  2.580
 10080,  0.681,  0.155,  1.570,  0.158,  0.281,  2.288
 10140,  0.785,  0.140,  1.564,  0.160,  0.308,  2.518
 10200,  0.767,  0.064,  1.615,  0.198,  0.355,  2.426
 10260,  0.691,  0.177,  1.655,  0.171,  0.394,  2.416
 10320,  0.640,  0.131,  1.468,  0.163,  0.314,  2.390
 10380,  0.630,  0.121,  1.523,  0.261,  0.309,  2.567
 10440,  0.838,  0.114,  1.423,  0.181,  0.300,  2.390
 10500,  0.731,  0.019,  1.403,  0.220,  0.321,  2.512
 10560,  0.751,  0.108,  1.318,  0.222,  0.368,  2.171
 10620,  0.779,  0.076,  1.383,  0.187,  0.364,  2.082
 10680,  0.747,  0.084,  1.309,  0.164,  0.325,  1.970
 10740,  0.840,  0.097,  1.204,  0.132,  0.265,  1.855
 10800,  0.680,  0.138,  1.242,  0.218,  0.369,  1.730
 10860,  0.835, -0.014,  1.313,  0.165,  0.308,  1.456
 10920,  0.878,  0.041,  1.215,  0.132,  0.355,  2.081
 10980,  0.728,  0.014,  1.170,  0.134,  0.322,  1.466
 11040,  0.851,  0.030,  1.178,  0.141,  0.394,  1.687
 11100,  0.977,  0.049,  1.197,  0.152,  0.336,  1.597
 11160,  0.723,  0.031,  1.177,  0.102,  0.389,  1.323
 11220,  0.779,  0.020,  1.115,  0.116,  0.303,  1.400
 11280,  0.785, -0.028,  1.136,  0.167,  0.308,  1.534
 11340,  0.829, -0.113,  1.134,  0.155,  0.269,  1.585
 11400,  0.760,  0.096,  1.074,  0.133,  0.331,  1.716
 11460,  0.860, -0.011,  0.991,  0.177,  0.327,  1.538
 11520,  0.849,  0.039,  1.039,  0.136,  0.264,  1.689
 11580,  0.872, -0.016,  0.885,  0.166,  0.322,  1.518
 11640,  0.773,  0.086,  1.023,  0.161,  0.304,  1.579
 11700,  0.906,  0.024,  1.058,  0.218,  0.261,  1.739
 11760,  0.875,  0.080,  0.939,  0.190,  0.328,  1.654
 11820,  0.897,  0.047,  0.824,  0.127,  0.320,  1.874
 11880,  0.962, -0.026,  0.967,  0.133,  0.326,  1.851
 11940,  0.686,  0.040,  1.003,  0.137,  0.290,  1.849
 12000,  0.603, -0.076,  0.865,  0.127,  0.255,  1.871
 12060,  0.791, -0.065,  0.828,  0.163,  0.173,  2.255
 12120,  0.652,  0.001,  0.981,  0.169,  0.192,  1.935
 12180,  0.798, -0.093,  0.860,  0.147,  0.254,  2.049
 12240,  0.903, -0.018,  0.871,  0.163,  0.253,  2.089
 12300,  0.798, -0.006,  0.876,  0.133,  0.268,  1.998
 12360,  0.668, -0.068,  0.890,  0.129,  0.261,  1.949
 12420,  0.931, -0.046,  0.937,  0.167,  0.252,  2.008
 12480,  0.869, -0.031,  1.057,  0.122,  0.208,  2.019
 12540,  0.723,  0.016,  0.891,  0.106,  0.242,  2.040
 12600,  0.871, -0.098,  1.037,  0.113,  0.175,  2.123
 12660,  0.808,  0.013,  0.908,  0.148,  0.214,  1.853
 12720,  1.007, -0.010,  0.976,  0.113,  0.215,  1.850
 12780,  0.639, -0.054,  0.976,  0.133,  0.124,  1.418
 12840,  0.763,  0.045,  0.876,  0.122,  0.157,  1.690
 12900,  1.010,  0.076,  0.967,  0.128,  0.242,  2.073
 12960,  1.029,  0.055,  0.952,  0.170,  0.308,  1.833
 13020,  0.838,  0.039,  1.016,  0.169,  0.220,  2.863
 13080,  0.730, -0.048,  0.894,  0.144,  0.149,  2.885
 13140,  0.931,  0.022,  1.042,  0.127,  0.167,  3.903
 13200,  0.856,  0.049,  0.980,  0.170,  0.225,  5.270
 13260,  0.841,  0.082,  1.296,  0.175,  0.320, 14.683
 13320,  0.950,  0.075,  1.326,  0.204,  0.248, 12.104
 13380,  0.974,  0.083,  0.957,  0.176,  0.161,  5.473
 13440,  0.812,  0.017,  1.054,  0.146,  0.076,  9.467
 13500,  0.815,  0.020,  1.288,  0.142,  0.168, 13.019
 13560,  0.949, -0.014,  1.186,  0.214,  0.192, 10.015
 13620, -9999.000, -9999.000, -9999.000, -9999.000, -9999.000, -9999.000
 13680,  1.094,  0.171,  1.311,  0.244,  0.251, 15.074
 13740,  1.176,  0.033,  1.090,  0.176,  0.178,  9.210
 13800,  0.591, -0.073,  1.118,  0.164,  0.150,  9.548
 13860,  0.995,  0.098,  1.279,  0.203,  0.241, 13.158
 13920,  0.863,  0.024,  1.083,  0.202,  0.249,  5.628
 13980,  1.085,  0.036,  1.272,  0.173,  0.274, 13.899
 14040,  0.937,  0.058,  1.145,  0.180,  0.190,  9.820
 14100,  0.700, -0.037,  1.014,  0.163,  0.159,  5.030
 14160,  0.793,  0.005,  0.848,  0.145,  0.182,  3.856
 14220,  0.997,  0.119,  1.045,  0.204,  0.254, 11.227
 14280,  1.025,  0.171,  1.005,  0.160,  0.251,  8.095
 14340,  1.080,  0.088,  1.132,  0.192,  0.311,  9.599
 14400,  1.031,  0.112,  1.144,  0.165,  0.252,  9.325
 14460,  1.075,  0.132,  1.406,  0.244,  0.248, 16.588
 14520,  0.944,  0.100,  1.262,  0.223,  0.273, 14.143
 14580,  0.937,  0.193,  1.235,  0.225,  0.281, 14.786
 14640,  0.938,  0.162,  1.248,  0.195,  0.218, 14.079
 14700,  1.183,  0.281,  1.155,  0.207,  0.261, 14.544
 14760,  0.940,  0.169,  1.194,  0.280,  0.361, 16.626
 14820,  0.961,  0.056,  1.238,  0.263,  0.300, 13.399
 14880,  0.579,  0.062,  1.126,  0.143,  0.158, 12.058
 14940,  0.892,  0.115,  1.423,  0.219,  0.232, 24.003
 15000,  1.048,  0.163,  1.393,  0.158,  0.290, 14.917
 15060,  0.740,  0.196,  1.286,  0.316,  0.229, 18.716
 15120,  0.962,  0.151,  1.198,  0.207,  0.231,  9.989
 15180,  0.978,  0.151,  1.078,  0.191,  0.245,  8.411
 15240,  0.909,  0.093,  1.282,  0.159,  0.224, 16.890
 15300,  0.778,  0.164,  1.222,  0.228,  0.294, 18.933
 15360,  0.799,  0.068,  1.111,  0.248,  0.251, 15.790
 15420,  0.696,  0.065,  0.975,  0.174,  0.227,  7.628
 15480, -9999.000, -9999.000, -9999.000, -9999.000, -9999.000, -9999.000
 15540,  0.771,  0.125,  0.862,  0.191,  0.250,  5.774
 15600,  0.701,  0.034,  0.968,  0.195,  0.228,  8.211
 15660,  0.846,  0.073,  0.934,  0.196,  0.225,  4.930
 15720,  0.734,  0.135,  0.870,  0.131,  0.198,  4.279
 15780,  0.838,  0.085,  0.929,  0.151,  0.247,  4.270
 15840,  0.817,  0.099,  0.922,  0.191,  0.254,  4.214
 15900,  0.719,  0.140,  0.928,  0.218,  0.266,  3.755
 15960,  0.648,  0.141,  0.879,  0.186,  0.243,  3.604
 16020,  0.764,  0.208,  0.896,  0.179,  0.249,  3.495
 16080,  0.794,  0.187,  1.014,  0.198,  0.221,  7.339
 16140,  0.801,  0.168,  0.914,  0.195,  0.233,  4.501
 16200,  0.848,  0.127,  1.060,  0.196,  0.278,  8.136
 16260,  0.857,  0.255,  0.981,  0.177,  0.352,  6.567
 16320,  0.833,  0.207,  0.920,  0.190,  0.308,  3.398
 16380,  0.709,  0.098,  0.809,  0.152,  0.195,  3.608
 16440,  0.832,  0.181,  1.053,  0.204,  0.336,  5.141
 16500,  0.789,  0.226,  0.957,  0.206,  0.243,  4.573
 16560,  0.739,  0.182,  1.037,  0.162,  0.305,  9.665
 16620,  0.717,  0.223,  0.885,  0.169,  0.231,  6.218
 16680,  0.789,  0.152,  0.942,  0.171,  0.215,  6.641
 16740,  0.730,  0.278,  0.981,  0.160,  0.190,  5.744
 16800,  0.845,  0.223,  0.943,  0.211,  0.189,  8.077
 16860,  0.686,  0.132,  0.872,  0.141,  0.181,  4.741
 16920,  0.791,  0.160,  0.878,  0.225,  0.237,  3.529
 16980,  0.645,  0.113,  0.833,  0.160,  0.254,  3.506
 17040,  0.534,  0.058,  0.904,  0.157,  0.133,  4.009
 17100,  0.937,  0.140,  0.868,  0.146,  0.206,  5.184
 17160,  0.848,  0.212,  0.798,  0.186,  0.248,  4.372
