CampaignData_and_Merges/R0/CSL_MobileLab_Parked/raw/20240726/USOS-jNO2_MobileLabGround_20240726_R0.ict
52,1001
Waxman, E.; Rollins, A.; Zuraski, K.; Chace, W.
NOAA Chemical Sciences Laboratory
jNO2 filter radiometer on CSL Mobile Lab
AMMBEC / USOS
1, 1
2024,07,26, 2025,04,01
60
Time_Start, seconds, number_of_seconds_since_0000_UTC
20
1, 1, 1, 1, 1, 1, 1, 1, 1, 1, 1, 1, 1, 1, 1, 1, 1, 1, 1, 1
-9999, -9999, -9999, -9999, -9999, -9999, -9999, -9999, -9999, -9999, -9999, -9999, -9999, -9999, -9999, -9999, -9999, -9999, -9999, -9999
Time_Stop, seconds, number_of_seconds_since_0000_UTC
jNO2_meas, per second, photolysis rate of NO2 measured using a filter radiometer.
jBrCl, per second, photolysis rate of BrCl -> Br + Cl calculated in TUV for cloud-free sky with local AOD
jBr2, per second, photolysis rate of Br2 -> Br + Br calculated in TUV for cloud-free sky with local AOD
jCCl4, per second, photolysis rate of CCl4 -> Products calcualted in TUV for cloud-free sky with local AOD
jCH2Oa, per second, photolysis rate of CH2O -> H + HCO calculated in TUV for cloud-free sky with local AOD
jCH2Ob, per second, photolysis rate of CH2O -> H2 + CO calculated in TUV for cloud-free sky with local AOD
jClNO2, per second, photolysis rate of ClNO2 -> Cl + NO2 calculated in TUV for cloud-free sky with local AOD
jClOa, per second, photolysis rate of ClO -> Cl + O(1D) calculated in TUV for cloud-free sky with local AOD
jClOb, per second, photolysis rate of ClO -> Cl + O(3P) calculated in TUV for cloud-free sky with local AOD
jCl2, per second, photolysis rate of Cl2 -> Cl + Cl calculated in TUV for cloud-free sky with local AOD
jHNO2, per second, photolysis rate of HNO2 -> OH + NO calculated in TUV for cloud-free sky with local AOD
jHNO3, per second, photolysis rate of HNO3 -> OH + NO2 calculated in TUV for cloud-free sky with local AOD
jI2, per second, photolysis rate of I2 -> I + I calculated in TUV for cloud-free sky with local AOD
jNO2, per second, photolysis rate of NO2 -> NO + O(3P) calculated in TUV for cloud-free sky with local AOD
jNO3a, per second, photolysis rate of NO3 -> NO + O2 calculated in TUV for cloud-free sky with local AOD
jNO3b, per second, photolysis rate of NO3 -> NO2 + O(3P) calculated in TUV for cloud-free sky with local AOD
jN2O5, per second, photolysis rate of N2O5 -> NO3 + NO + O(3P) calculated in TUV for cloud-free sky with local AOD
jO3, per second, photolysis rate of O3 -> O2 + O(1D) calculated in TUV for cloud-free sky with local AOD
AOD_500nm, unitless, UTC daily mean AOD at 500 nm from an AERONET station located at 40.178 N, -112.452 E
0
18
PI_CONTACT_INFO: eleanor.waxman@noaa.gov
PLATFORM: CSL Mobile Lab, at ground site
LOCATION: Salt Lake City, UT
ASSOCIATED_DATA:
INSTRUMENT_INFO: jNO2 filter radiometer.  TUV calculations are for mobile van lat/lon/altitude assuming clear sky (cloud AOD = 0) and daily mean AOD.
DATA_INFO:
UNCERTAINTY: Data uncertainties are +/- 20%.  These come from uncertainties in radiometer angular response, radiometer thermal response, local interferences from clouds/aerosols/shadows etc.
ULOD_FLAG: -7777
ULOD_VALUE: N/A
LLOD_FLAG: -8888
LLOD_VALUE: N/A
DM_CONTACT_INFO: eleanor.waxman@noaa.gov
PROJECT_INFO: USOS Project, July - August 2024
STIPULATIONS_ON_USE: Users are strongly encouraged to contact the PI for proper data usage.
OTHER_COMMENTS: 
REVISION: R0
R0: final data
Time_Start, Time_Stop, jNO2_meas, jBrCl, jBr2, jCCl4, jCH2Oa, jCH2Ob, jClNO2, jClOa, jClOb, jCl2, jHNO2, jHNO3, jI2, jNO2, jNO3a, jNO3b, jN2O5, jO3, AOD_500nm
[from data line 785]
   47100,   47160,0.00080627,0.001899,0.007212,2.988e-26,1.467e-06,3.74e-06,3.982e-05,1.125e-26,4.903e-07,0.0002509,0.0001769,1.619e-08,0.03232,0.001207,0.007424,0.0531,3.098e-06,3.31e-07,0.141
   47160,   47220,0.000845,0.001959,0.007431,3.047e-26,1.522e-06,3.864e-06,4.115e-05,1.147e-26,5.125e-07,0.0002591,0.0001826,1.682e-08,0.03323,0.001247,0.007608,0.05453,3.203e-06,3.448e-07,0.141
   47220,   47280,0.00087645,0.002019,0.00765,3.106e-26,1.579e-06,3.991e-06,4.25e-05,1.168e-26,5.355e-07,0.0002674,0.0001885,1.748e-08,0.03412,0.001287,0.00779,0.05595,3.31e-06,3.591e-07,0.141
   47280,   47340,0.0009042,0.002076,0.007856,3.162e-26,1.634e-06,4.113e-06,4.379e-05,1.189e-26,5.58e-07,0.0002753,0.000194,1.811e-08,0.03496,0.001325,0.007959,0.05728,3.412e-06,3.73e-07,0.141
   47340,   47400,0.00092648,0.002137,0.008075,3.222e-26,1.693e-06,4.245e-06,4.519e-05,1.211e-26,5.827e-07,0.0002839,0.0002,1.88e-08,0.03584,0.001366,0.008137,0.05867,3.523e-06,3.883e-07,0.141
   47400,   47460,0.00095069,0.002199,0.008294,3.282e-26,1.754e-06,4.379e-06,4.662e-05,1.233e-26,6.082e-07,0.0002925,0.0002061,1.95e-08,0.03672,0.001408,0.008312,0.06006,3.636e-06,4.04e-07,0.141
   47460,   47520,0.00098392,0.002256,0.008499,3.34e-26,1.812e-06,4.507e-06,4.797e-05,1.254e-26,6.33e-07,0.0003008,0.0002119,2.018e-08,0.03754,0.001448,0.008475,0.06134,3.743e-06,4.193e-07,0.141
   47520,   47580,0.0010227,0.002318,0.008717,3.402e-26,1.875e-06,4.646e-06,4.944e-05,1.276e-26,6.603e-07,0.0003096,0.0002182,2.092e-08,0.0384,0.00149,0.008646,0.0627,3.86e-06,4.36e-07,0.141
   47580,   47640,0.0010591,0.00238,0.008935,3.464e-26,1.94e-06,4.788e-06,5.094e-05,1.298e-26,6.886e-07,0.0003186,0.0002245,2.169e-08,0.03926,0.001533,0.008815,0.06404,3.978e-06,4.534e-07,0.141
   47640,   47700,0.0011273,0.002439,0.009139,3.523e-26,2.002e-06,4.923e-06,5.236e-05,1.32e-26,7.161e-07,0.0003272,0.0002306,2.242e-08,0.04006,0.001574,0.008972,0.06529,4.092e-06,4.702e-07,0.141
   47700,   47760,0.001324,0.002501,0.009355,3.586e-26,2.07e-06,5.069e-06,5.39e-05,1.343e-26,7.462e-07,0.0003364,0.000237,2.322e-08,0.0409,0.001618,0.009136,0.0666,4.214e-06,4.885e-07,0.141
   47760,   47820,0.0017715,0.002563,0.009569,3.65e-26,2.138e-06,5.217e-06,5.545e-05,1.366e-26,7.773e-07,0.0003456,0.0002436,2.403e-08,0.04173,0.001662,0.009298,0.0679,4.338e-06,5.075e-07,0.141
   47820,   47880,0.0018745,0.002622,0.009771,3.711e-26,2.204e-06,5.359e-06,5.694e-05,1.388e-26,8.075e-07,0.0003545,0.0002498,2.482e-08,0.0425,0.001704,0.009449,0.06911,4.456e-06,5.259e-07,0.141
   47880,   47940,0.0019304,0.002684,0.009985,3.776e-26,2.276e-06,5.511e-06,5.854e-05,1.411e-26,8.407e-07,0.0003639,0.0002565,2.568e-08,0.04332,0.001749,0.009607,0.07038,4.584e-06,5.46e-07,0.141
   47940,   48000,0.0019811,0.002746,0.0102,3.841e-26,2.349e-06,5.666e-06,6.016e-05,1.435e-26,8.75e-07,0.0003735,0.0002632,2.655e-08,0.04413,0.001794,0.009763,0.07164,4.714e-06,5.668e-07,0.141
   48000,   48060,0.0020247,0.002805,0.0104,3.904e-26,2.419e-06,5.814e-06,6.17e-05,1.458e-26,9.082e-07,0.0003826,0.0002696,2.74e-08,0.04488,0.001837,0.009907,0.07281,4.837e-06,5.869e-07,0.141
   48060,   48120,0.0020731,0.002867,0.01061,3.972e-26,2.495e-06,5.974e-06,6.336e-05,1.482e-26,9.446e-07,0.0003923,0.0002765,2.831e-08,0.04567,0.001883,0.01006,0.07403,4.97e-06,6.089e-07,0.141
   48120,   48180,0.0021173,0.002929,0.01081,4.039e-26,2.572e-06,6.135e-06,6.504e-05,1.506e-26,9.819e-07,0.000402,0.0002834,2.924e-08,0.04645,0.001929,0.01021,0.07524,5.104e-06,6.314e-07,0.141
   48180,   48240,0.0021697,0.002988,0.01101,4.104e-26,2.646e-06,6.289e-06,6.663e-05,1.529e-26,1.018e-06,0.0004113,0.0002899,3.014e-08,0.04718,0.001972,0.01034,0.07636,5.232e-06,6.532e-07,0.141
   48240,   48300,0.0022136,0.00305,0.01121,4.173e-26,2.724e-06,6.453e-06,6.834e-05,1.554e-26,1.057e-06,0.0004212,0.0002969,3.109e-08,0.04793,0.002018,0.01049,0.07752,5.369e-06,6.767e-07,0.141
   48300,   48360,0.0022639,0.003109,0.01141,4.238e-26,2.802e-06,6.612e-06,6.998e-05,1.577e-26,1.097e-06,0.0004307,0.0003036,3.205e-08,0.04867,0.002062,0.01063,0.07867,5.501e-06,7.007e-07,0.141
   48360,   48420,0.0023063,0.003167,0.0116,4.305e-26,2.88e-06,6.771e-06,7.162e-05,1.601e-26,1.136e-06,0.0004402,0.0003102,3.301e-08,0.04936,0.002106,0.01076,0.07974,5.633e-06,7.244e-07,0.141
   48420,   48480,0.0023497,0.003228,0.0118,4.376e-26,2.964e-06,6.942e-06,7.338e-05,1.627e-26,1.179e-06,0.0004503,0.0003174,3.404e-08,0.0501,0.002153,0.0109,0.08088,5.775e-06,7.503e-07,0.141
   48480,   48540,0.0023882,0.003289,0.012,4.451e-26,3.048e-06,7.114e-06,7.515e-05,1.656e-26,1.224e-06,0.0004604,0.0003245,3.508e-08,0.05083,0.0022,0.01103,0.082,5.919e-06,7.768e-07,0.141
   48540,   48600,0.0024278,0.003347,0.01219,4.502e-26,3.13e-06,7.279e-06,7.684e-05,1.655e-26,1.265e-06,0.00047,0.0003313,3.609e-08,0.05151,0.002244,0.01116,0.08305,6.055e-06,8.022e-07,0.141
   48600,   48660,0.0024773,0.003408,0.01239,4.593e-26,3.217e-06,7.455e-06,7.865e-05,1.706e-26,1.314e-06,0.0004803,0.0003385,3.718e-08,0.05222,0.002291,0.0113,0.08415,6.201e-06,8.311e-07,0.141
   48660,   48720,0.002532,0.00347,0.01259,4.617e-26,3.309e-06,7.637e-06,8.05e-05,1.716e-26,1.365e-06,0.0004907,0.0003458,3.835e-08,0.05295,0.002338,0.01143,0.08526,6.352e-06,8.614e-07,0.141
   48720,   48780,0.002576,0.003531,0.01278,4.743e-26,3.399e-06,7.817e-06,8.235e-05,1.758e-26,1.412e-06,0.0005012,0.0003532,3.946e-08,0.05364,0.002386,0.01156,0.08632,6.501e-06,8.9e-07,0.141
   48780,   48840,0.0025974,0.003591,0.01297,4.819e-26,3.49e-06,7.999e-06,8.42e-05,1.785e-26,1.463e-06,0.0005117,0.0003605,4.062e-08,0.05433,0.002434,0.01169,0.08738,6.652e-06,9.205e-07,0.141
   48840,   48900,0.0026415,0.003651,0.01317,4.897e-26,3.584e-06,8.183e-06,8.607e-05,1.813e-26,1.515e-06,0.0005222,0.0003678,4.18e-08,0.05501,0.002481,0.01181,0.08842,6.804e-06,9.519e-07,0.141
   48900,   48960,0.0027322,0.003708,0.01335,4.971e-26,3.672e-06,8.357e-06,8.784e-05,1.839e-26,1.566e-06,0.0005321,0.0003747,4.292e-08,0.05564,0.002526,0.01193,0.08939,6.948e-06,9.82e-07,0.141
   48960,   49020,0.0027826,0.003768,0.01354,5.05e-26,3.768e-06,8.545e-06,8.974e-05,1.867e-26,1.621e-06,0.0005426,0.0003821,4.414e-08,0.05631,0.002574,0.01205,0.09041,7.103e-06,1.015e-06,0.141
   49020,   49080,0.0028415,0.003827,0.01372,5.13e-26,3.865e-06,8.733e-06,9.165e-05,1.896e-26,1.678e-06,0.0005532,0.0003895,4.538e-08,0.05697,0.002621,0.01217,0.09142,7.259e-06,1.049e-06,0.141
   49080,   49140,0.0028874,0.003883,0.0139,5.207e-26,3.958e-06,8.912e-06,9.346e-05,1.923e-26,1.732e-06,0.0005632,0.0003965,4.657e-08,0.05758,0.002666,0.01228,0.09235,7.407e-06,1.082e-06,0.141
   49140,   49200,0.0029356,0.003942,0.01408,5.289e-26,4.057e-06,9.103e-06,9.538e-05,1.953e-26,1.791e-06,0.0005739,0.0004039,4.785e-08,0.05822,0.002713,0.0124,0.09333,7.564e-06,1.117e-06,0.141
   49200,   49260,0.0029773,0.004001,0.01426,5.372e-26,4.158e-06,9.295e-06,9.733e-05,1.982e-26,1.852e-06,0.0005846,0.0004114,4.916e-08,0.05886,0.002761,0.01252,0.0943,7.724e-06,1.153e-06,0.141
   49260,   49320,0.0030463,0.004056,0.01443,5.451e-26,4.254e-06,9.478e-06,9.916e-05,2.01e-26,1.91e-06,0.0005947,0.0004184,5.04e-08,0.05945,0.002806,0.01262,0.09519,7.874e-06,1.188e-06,0.141
   49320,   49380,0.003108,0.004114,0.01461,5.538e-26,4.356e-06,9.673e-06,0.0001011,2.041e-26,1.974e-06,0.0006054,0.0004258,5.174e-08,0.06007,0.002853,0.01274,0.09614,8.035e-06,1.226e-06,0.141
   49380,   49440,0.0031303,0.004171,0.01479,5.624e-26,4.461e-06,9.87e-06,0.0001031,2.071e-26,2.039e-06,0.0006161,0.0004333,5.31e-08,0.06068,0.002901,0.01285,0.09707,8.198e-06,1.265e-06,0.141
   49440,   49500,0.0031887,0.004226,0.01496,5.707e-26,4.559e-06,1.006e-05,0.000105,2.101e-26,2.102e-06,0.0006263,0.0004403,5.44e-08,0.06125,0.002945,0.01295,0.09793,8.351e-06,1.303e-06,0.141
   49500,   49560,0.0032567,0.004283,0.01513,5.796e-26,4.665e-06,1.025e-05,0.0001069,2.132e-26,2.17e-06,0.000637,0.0004478,5.58e-08,0.06185,0.002992,0.01306,0.09884,8.515e-06,1.343e-06,0.141
   49560,   49620,0.0033135,0.004339,0.01531,5.886e-26,4.773e-06,1.045e-05,0.0001089,2.164e-26,2.239e-06,0.0006478,0.0004552,5.722e-08,0.06244,0.003039,0.01316,0.09974,8.68e-06,1.385e-06,0.141
   49620,   49680,0.0033616,0.004393,0.01547,5.972e-26,4.875e-06,1.064e-05,0.0001108,2.194e-26,2.306e-06,0.000658,0.0004623,5.858e-08,0.06299,0.003084,0.01326,0.1006,8.836e-06,1.425e-06,0.141
   49680,   49740,0.0034146,0.004449,0.01564,6.065e-26,4.985e-06,1.084e-05,0.0001128,2.227e-26,2.379e-06,0.0006688,0.0004697,6.005e-08,0.06356,0.003131,0.01337,0.1014,9.003e-06,1.469e-06,0.141
   49740,   49800,0.003453,0.004504,0.01581,6.158e-26,5.095e-06,1.105e-05,0.0001148,2.26e-26,2.453e-06,0.0006796,0.0004772,6.152e-08,0.06413,0.003178,0.01347,0.1023,9.17e-06,1.513e-06,0.141
   49800,   49860,0.0035057,0.004557,0.01596,6.247e-26,5.199e-06,1.124e-05,0.0001167,2.292e-26,2.523e-06,0.0006898,0.0004842,6.292e-08,0.06466,0.003222,0.01356,0.1031,9.328e-06,1.556e-06,0.141
   49860,   49920,0.003566,0.004612,0.01613,6.344e-26,5.312e-06,1.144e-05,0.0001188,2.326e-26,2.601e-06,0.0007006,0.0004916,6.444e-08,0.06522,0.003268,0.01366,0.1039,9.497e-06,1.602e-06,0.141
   49920,   49980,0.0036165,0.004666,0.01629,6.441e-26,5.424e-06,1.165e-05,0.0001208,2.36e-26,2.679e-06,0.0007114,0.0004991,6.597e-08,0.06576,0.003315,0.01376,0.1048,9.666e-06,1.649e-06,0.141
   49980,   50040,0.0036612,0.004718,0.01644,6.535e-26,5.533e-06,1.184e-05,0.0001227,2.393e-26,2.755e-06,0.0007216,0.0005061,6.744e-08,0.06627,0.003358,0.01385,0.1055,9.827e-06,1.695e-06,0.141
   50040,   50100,0.0036981,0.004772,0.0166,6.635e-26,5.648e-06,1.205e-05,0.0001248,2.429e-26,2.837e-06,0.0007324,0.0005135,6.903e-08,0.06681,0.003405,0.01395,0.1064,9.998e-06,1.745e-06,0.141
   50100,   50160,0.0037388,0.004826,0.01676,6.737e-26,5.764e-06,1.226e-05,0.0001268,2.465e-26,2.921e-06,0.0007433,0.0005209,7.062e-08,0.06734,0.003451,0.01404,0.1072,1.017e-05,1.795e-06,0.141
   50160,   50220,0.0037889,0.004876,0.01691,6.835e-26,5.873e-06,1.245e-05,0.0001288,2.499e-26,3e-06,0.0007534,0.0005278,7.212e-08,0.06783,0.003494,0.01413,0.1079,1.033e-05,1.843e-06,0.141
   50220,   50280,0.0038405,0.004929,0.01707,6.94e-26,5.99e-06,1.266e-05,0.0001308,2.536e-26,3.087e-06,0.0007642,0.0005352,7.375e-08,0.06835,0.00354,0.01422,0.1087,1.05e-05,1.895e-06,0.141
   50280,   50340,0.0038871,0.004982,0.01722,7.047e-26,6.112e-06,1.287e-05,0.0001329,2.573e-26,3.175e-06,0.0007751,0.0005426,7.541e-08,0.06886,0.003586,0.01431,0.1094,1.068e-05,1.948e-06,0.141
   50340,   50400,0.0039321,0.005028,0.01737,7.148e-26,6.227e-06,1.304e-05,0.0001346,2.609e-26,3.261e-06,0.0007837,0.0005484,7.697e-08,0.06934,0.003624,0.01439,0.1102,1.082e-05,2e-06,0.141
   50400,   50460,0.0039846,0.005079,0.01751,7.258e-26,6.345e-06,1.327e-05,0.0001368,2.648e-26,3.351e-06,0.0007953,0.0005561,7.866e-08,0.06984,0.003669,0.01448,0.1109,1.101e-05,2.055e-06,0.141
   50460,   50520,0.0040278,0.005133,0.01767,7.369e-26,6.465e-06,1.348e-05,0.0001389,2.687e-26,3.443e-06,0.0008063,0.0005639,8.035e-08,0.07033,0.003717,0.01457,0.1116,1.118e-05,2.111e-06,0.141
   50520,   50580,0.0040793,0.005182,0.01781,7.476e-26,6.577e-06,1.368e-05,0.0001409,2.724e-26,3.531e-06,0.0008166,0.0005707,8.194e-08,0.07079,0.00376,0.01465,0.1123,1.135e-05,2.164e-06,0.141
   50580,   50640,0.004122,0.005233,0.01796,7.59e-26,6.701e-06,1.39e-05,0.000143,2.764e-26,3.629e-06,0.0008275,0.0005783,8.371e-08,0.07126,0.003805,0.01473,0.1131,1.153e-05,2.223e-06,0.141
   50640,   50700,0.0041631,0.005284,0.0181,7.707e-26,6.825e-06,1.411e-05,0.0001451,2.805e-26,3.726e-06,0.0008381,0.0005853,8.546e-08,0.07174,0.00385,0.01481,0.1138,1.17e-05,2.282e-06,0.141
   50700,   50760,0.0042103,0.005331,0.01824,7.818e-26,6.942e-06,1.431e-05,0.000147,2.844e-26,3.82e-06,0.0008482,0.0005923,8.713e-08,0.07218,0.003892,0.01489,0.1144,1.187e-05,2.339e-06,0.141
   50760,   50820,0.0042381,0.005381,0.01838,7.938e-26,7.066e-06,1.452e-05,0.0001491,2.886e-26,3.921e-06,0.0008589,0.0005995,8.892e-08,0.07265,0.003936,0.01497,0.1151,1.205e-05,2.4e-06,0.141
   50820,   50880,0.0043016,0.00543,0.01852,8.059e-26,7.191e-06,1.473e-05,0.0001512,2.929e-26,4.023e-06,0.0008695,0.0006066,9.071e-08,0.0731,0.00398,0.01505,0.1158,1.222e-05,2.463e-06,0.141
   50880,   50940,0.0043202,0.005476,0.01866,8.176e-26,7.31e-06,1.493e-05,0.0001531,2.97e-26,4.121e-06,0.0008795,0.0006134,9.243e-08,0.07353,0.004021,0.01513,0.1165,1.239e-05,2.522e-06,0.141
   50940,   51000,0.0043757,0.005525,0.0188,8.302e-26,7.436e-06,1.515e-05,0.0001552,3.014e-26,4.227e-06,0.0008901,0.0006205,9.426e-08,0.07398,0.004064,0.0152,0.1171,1.257e-05,2.587e-06,0.141
   51000,   51060,0.0044166,0.005573,0.01893,8.43e-26,7.564e-06,1.536e-05,0.0001573,3.059e-26,4.335e-06,0.0009007,0.0006276,9.611e-08,0.07442,0.004108,0.01528,0.1178,1.274e-05,2.653e-06,0.141
   51060,   51120,0.0044487,0.005618,0.01906,8.552e-26,7.684e-06,1.556e-05,0.0001592,3.102e-26,4.437e-06,0.0009106,0.0006342,9.787e-08,0.07483,0.004148,0.01535,0.1184,1.291e-05,2.715e-06,0.141
   51120,   51180,0.0045005,0.005666,0.0192,8.685e-26,7.812e-06,1.577e-05,0.0001613,3.148e-26,4.548e-06,0.0009211,0.0006413,9.975e-08,0.07526,0.004191,0.01543,0.1191,1.309e-05,2.783e-06,0.141
   51180,   51240,0.0045413,0.005713,0.01933,8.819e-26,7.941e-06,1.599e-05,0.0001634,3.194e-26,4.66e-06,0.0009316,0.0006483,1.016e-07,0.07569,0.004234,0.0155,0.1197,1.327e-05,2.851e-06,0.141
   51240,   51300,0.0045723,0.005757,0.01946,8.947e-26,8.062e-06,1.619e-05,0.0001653,3.239e-26,4.767e-06,0.0009414,0.0006549,1.034e-07,0.07609,0.004274,0.01557,0.1203,1.344e-05,2.917e-06,0.141
   51300,   51360,0.004622,0.005804,0.01959,9.086e-26,8.192e-06,1.64e-05,0.0001674,3.288e-26,4.882e-06,0.0009519,0.0006619,1.054e-07,0.0765,0.004316,0.01564,0.1209,1.361e-05,2.988e-06,0.141
   51360,   51420,0.0046511,0.00585,0.01972,9.228e-26,8.323e-06,1.661e-05,0.0001695,3.337e-26,4.999e-06,0.0009623,0.0006688,1.073e-07,0.07692,0.004358,0.01571,0.1215,1.379e-05,3.06e-06,0.141
   51420,   51480,0.0046794,0.005893,0.01984,9.363e-26,8.446e-06,1.681e-05,0.0001714,3.384e-26,5.111e-06,0.000972,0.0006753,1.092e-07,0.0773,0.004398,0.01578,0.1221,1.396e-05,3.128e-06,0.141
   51480,   51540,0.0047336,0.005938,0.01996,9.508e-26,8.576e-06,1.703e-05,0.0001735,3.435e-26,5.231e-06,0.0009823,0.0006822,1.111e-07,0.0777,0.004439,0.01585,0.1227,1.414e-05,3.202e-06,0.141
   51540,   51600,0.0047758,0.005983,0.02009,9.657e-26,8.708e-06,1.724e-05,0.0001756,3.487e-26,5.352e-06,0.0009926,0.000689,1.131e-07,0.0781,0.00448,0.01592,0.1233,1.432e-05,3.277e-06,0.141
   51600,   51660,0.0047992,0.006026,0.02021,9.799e-26,8.832e-06,1.744e-05,0.0001775,3.536e-26,5.469e-06,0.001002,0.0006954,1.15e-07,0.07847,0.004519,0.01598,0.1238,1.449e-05,3.349e-06,0.141
   51660,   51720,0.0048422,0.00607,0.02033,9.952e-26,8.965e-06,1.765e-05,0.0001796,3.59e-26,5.593e-06,0.001013,0.0007022,1.17e-07,0.07886,0.00456,0.01605,0.1244,1.466e-05,3.426e-06,0.141
   51720,   51780,0.0048863,0.006114,0.02045,1.011e-25,9.098e-06,1.787e-05,0.0001816,3.644e-26,5.72e-06,0.001023,0.000709,1.19e-07,0.07924,0.004601,0.01611,0.125,1.484e-05,3.504e-06,0.141
   51780,   51840,0.0049199,0.006155,0.02057,1.026e-25,9.223e-06,1.807e-05,0.0001836,3.696e-26,5.84e-06,0.001032,0.0007153,1.209e-07,0.0796,0.004639,0.01617,0.1255,1.501e-05,3.578e-06,0.141
   51840,   51900,0.0049598,0.006199,0.02069,1.042e-25,9.356e-06,1.828e-05,0.0001856,3.753e-26,5.97e-06,0.001042,0.000722,1.23e-07,0.07998,0.004679,0.01624,0.1261,1.519e-05,3.658e-06,0.141
   51900,   51960,0.0050074,0.006242,0.02081,1.058e-25,9.49e-06,1.849e-05,0.0001877,3.81e-26,6.101e-06,0.001053,0.0007286,1.25e-07,0.08035,0.004719,0.0163,0.1266,1.537e-05,3.74e-06,0.141
   51960,   52020,0.0050473,0.006282,0.02092,1.074e-25,9.616e-06,1.869e-05,0.0001896,3.865e-26,6.226e-06,0.001062,0.0007349,1.27e-07,0.08069,0.004757,0.01636,0.1272,1.554e-05,3.817e-06,0.141
