CampaignData_and_Merges/R0/CSL_MobileLab_Parked/raw/20240726/USOS-MetNav_MobileLabGround_20240726_R0.ict
44, 1001
Carrie Womack, Nate Howard, Mike Zucker
NOAA Chemical Sciences Laboratory
Mobile Lab MetNav Station
USOS
1, 1
2024, 07, 26, 2024, 12, 21
60
Time_Start, seconds_past_midnight, Seconds from midnight UTC
11
1, 1, 1, 1, 1, 1, 1, 1, 1, 1, 1
-9999, -9999, -9999, -9999, -9999, -9999, -9999, -9999, -9999, -9999, -9999
GPS_Alt_m, meters, Altitude from Differential GPS
GPS_Course_deg, degrees, Course from Differential GPS
GPS_GndSpd_m_s, m/s, Ground Speed from Differential GPS
GPS_Heading_deg, degrees, Heading from Differential GPS
GPS_Lat_deg, degrees, Latitude from Differential GPS
GPS_Lon_deg, degrees, Longitude from Differential GPS
AirTemp_C, Celsius, Air Temperature from Airmar
RelHumidity_pct, percent, Relative Humidity from Airmar
Pressure_mb, millibars, Pressure from Honeywell
WindDir_calc_deg, degrees, Wind Direction from Airmar corrected for van movement
WindSpd_calc_m_s, m/s, Wind Speed from Airmar corrected for van movement
1
SPECIAL COMMENTS:
18
PI_CONTACT_INFO: Address: 325 Broadway R/CSL7, Boulder, CO, 80305
PLATFORM: CSL Mobile Lab
LOCATION: Salt Lake City, UT
ASSOCIATED_DATA: N/A
INSTRUMENT_INFO: N/A
DATA_INFO: Units:
UNCERTAINTY: N/A
ULOD_FLAG: -7777
ULOD_VALUE: N/A
LLOD_FLAG: -8888
LLOD_VALUE: N/A
DM_CONTACT_INFO: Data Manager: Nate Howard
PROJECT_INFO: 
STIPULATIONS_ON_USE: Use of these data require prior ok from PI.
OTHER_COMMENTS: 
REVISION: R0
R0: Final data. Fixed bug in wind averaging code. RA: Preliminary Data. For in-field use only. 
Time_Start, GPS_Alt_m, GPS_Course_deg, GPS_GndSpd_m_s, GPS_Heading_deg, GPS_Lat_deg, GPS_Lon_deg, AirTemp_C, RelHumidity_pct, Pressure_mb, WindDir_calc_deg, WindSpd_calc_m_s
[from data line 409]
24540.0,1307.4,359.43,0.04,359.43,40.73434,-111.87211,23.7,47.9,879.9,56.34,0.5
24600.0,1307.2,359.70,0.05,359.70,40.73434,-111.87211,23.6,48.4,879.9,96.95,0.8
24660.0,1307.2,359.38,0.04,359.38,40.73434,-111.87211,23.6,48.3,879.9,93.61,0.6
24720.0,1307.3,359.23,0.05,359.23,40.73434,-111.87211,23.6,48.7,880.0,76.63,0.7
24780.0,1307.2,359.28,0.05,359.28,40.73434,-111.87211,23.5,47.7,880.0,85.23,0.9
24840.0,1307.3,359.27,0.04,359.27,40.73434,-111.87211,23.4,47.6,880.0,102.64,1.0
24900.0,1307.3,359.52,0.05,359.52,40.73434,-111.87211,23.4,47.9,880.0,96.85,0.8
24960.0,1307.5,359.53,0.04,359.53,40.73434,-111.87211,23.4,47.6,880.1,86.50,0.6
25020.0,1307.6,359.58,0.04,359.58,40.73434,-111.87211,23.4,47.6,880.1,111.85,0.7
25080.0,1307.8,359.52,0.04,359.52,40.73434,-111.87211,23.4,47.9,880.2,119.74,1.0
25140.0,1307.8,359.56,0.04,359.56,40.73434,-111.87211,23.3,48.3,880.2,128.03,1.5
25200.0,1307.9,359.97,0.04,359.97,40.73434,-111.87211,23.4,48.7,880.3,136.06,1.7
25260.0,1308.0,359.78,0.04,359.78,40.73434,-111.87211,23.2,49.0,880.3,114.94,1.8
25320.0,1308.1,359.99,0.03,359.99,40.73434,-111.87211,23.1,49.6,880.3,112.95,2.2
25380.0,1308.0,359.46,0.04,359.46,40.73434,-111.87211,23.0,50.0,880.3,109.68,2.2
25440.0,1308.2,359.41,0.04,359.41,40.73434,-111.87211,23.0,49.5,880.3,111.53,1.8
25500.0,1308.4,359.22,0.04,359.22,40.73434,-111.87211,23.0,49.5,880.4,108.27,1.7
25560.0,1308.5,359.72,0.04,359.72,40.73434,-111.87211,23.0,50.2,880.4,110.43,1.3
25620.0,1308.5,359.67,0.04,359.67,40.73434,-111.87211,22.9,50.2,880.4,108.87,1.7
25680.0,1308.6,359.07,0.05,359.07,40.73434,-111.87211,22.8,49.7,880.3,108.82,2.0
25740.0,1308.7,359.39,0.04,359.39,40.73434,-111.87211,22.8,50.1,880.3,110.02,1.8
25800.0,1308.8,359.57,0.04,359.57,40.73434,-111.87211,22.8,50.4,880.3,111.76,1.7
25860.0,1308.9,0.24,0.05,0.24,40.73434,-111.87211,22.8,50.1,880.2,118.75,1.6
25920.0,1308.9,0.02,0.04,0.02,40.73434,-111.87211,22.8,50.2,880.2,113.41,1.4
25980.0,1309.0,359.42,0.04,359.42,40.73434,-111.87211,22.8,50.0,880.3,115.83,1.2
26040.0,1309.2,358.71,0.05,358.71,40.73434,-111.87211,22.8,50.3,880.3,114.92,1.7
26100.0,1309.2,359.26,0.04,359.26,40.73434,-111.87211,22.8,50.3,880.3,121.08,1.8
26160.0,1309.1,359.45,0.05,359.45,40.73434,-111.87211,22.8,50.5,880.3,114.01,2.4
26220.0,1309.1,359.52,0.04,359.52,40.73434,-111.87211,22.7,51.0,880.4,110.61,2.4
26280.0,1309.1,359.56,0.04,359.56,40.73434,-111.87211,22.7,51.2,880.4,111.03,2.7
26340.0,1309.2,358.93,0.04,358.93,40.73434,-111.87211,22.6,51.3,880.4,111.86,2.9
26400.0,1309.4,358.43,0.05,358.43,40.73434,-111.87211,22.5,51.6,880.4,113.27,3.4
26460.0,1309.5,359.27,0.05,359.27,40.73434,-111.87211,22.5,52.1,880.4,118.96,3.3
26520.0,1309.6,359.55,0.05,359.55,40.73434,-111.87211,22.4,52.3,880.4,126.64,4.1
26580.0,1309.8,359.25,0.05,359.25,40.73434,-111.87210,22.4,52.8,880.3,123.69,3.2
26640.0,1309.8,359.10,0.04,359.10,40.73434,-111.87210,22.4,53.1,880.3,123.30,2.8
26700.0,1309.7,359.39,0.04,359.39,40.73434,-111.87210,22.2,53.0,880.4,123.41,3.9
26760.0,1309.7,358.98,0.05,358.98,40.73434,-111.87210,22.3,53.3,880.4,138.38,3.0
26820.0,1309.4,359.53,0.05,359.53,40.73434,-111.87210,22.3,53.4,880.4,137.25,3.5
26880.0,1309.7,359.64,0.05,359.64,40.73434,-111.87210,22.1,53.5,880.4,133.01,4.0
26940.0,1309.8,359.77,0.05,359.77,40.73434,-111.87210,22.1,54.1,880.5,129.58,2.6
27000.0,1309.8,359.74,0.05,359.74,40.73434,-111.87210,22.3,54.2,880.6,164.16,2.4
27060.0,1309.6,359.82,0.05,359.82,40.73434,-111.87210,22.3,54.5,880.6,162.62,2.3
27120.0,1309.3,0.03,0.05,0.03,40.73434,-111.87210,22.4,53.8,880.7,176.76,2.4
27180.0,1309.3,359.87,0.04,359.87,40.73434,-111.87210,22.4,54.1,880.7,153.86,2.7
27240.0,1309.5,359.60,0.05,359.60,40.73434,-111.87210,22.3,53.4,880.8,155.94,2.4
27300.0,1309.6,359.43,0.05,359.43,40.73434,-111.87210,22.3,52.9,880.8,158.74,2.6
27360.0,1309.5,359.82,0.05,359.82,40.73434,-111.87210,22.2,53.4,880.8,155.01,3.3
27420.0,1309.7,359.64,0.05,359.64,40.73434,-111.87210,22.2,53.8,880.9,174.00,2.6
27480.0,1309.7,359.08,0.05,359.08,40.73434,-111.87210,22.3,53.5,880.9,162.70,2.8
27540.0,1309.6,359.55,0.04,359.55,40.73434,-111.87211,22.2,53.4,880.9,158.32,2.7
27600.0,1309.4,359.83,0.05,359.83,40.73434,-111.87211,22.3,53.4,880.9,159.54,1.7
27660.0,1309.3,359.42,0.05,359.42,40.73434,-111.87211,22.3,53.2,880.9,162.32,1.6
27720.0,1308.9,359.33,0.05,359.33,40.73434,-111.87211,22.3,52.9,880.9,173.37,1.4
27780.0,1308.8,359.11,0.05,359.11,40.73434,-111.87211,22.3,53.5,880.9,149.58,1.6
27840.0,1308.7,358.92,0.05,358.92,40.73434,-111.87211,22.2,52.7,880.8,124.55,1.7
27900.0,1308.7,359.11,0.05,359.11,40.73434,-111.87211,22.1,52.0,880.8,123.57,2.5
27960.0,1308.8,359.65,0.05,359.65,40.73434,-111.87211,22.1,52.3,880.8,114.85,1.6
28020.0,1308.9,359.92,0.05,359.92,40.73434,-111.87211,22.1,52.2,880.7,155.49,1.3
28080.0,1309.1,359.80,0.06,359.80,40.73434,-111.87211,22.1,52.7,880.7,152.66,2.0
28140.0,1309.0,359.58,0.06,359.58,40.73434,-111.87211,22.0,52.9,880.7,117.91,2.1
28200.0,1309.1,359.65,0.05,359.65,40.73434,-111.87211,22.0,53.3,880.7,134.14,2.2
28260.0,1309.3,359.77,0.05,359.77,40.73434,-111.87211,21.9,53.6,880.8,126.42,3.4
28320.0,1309.3,0.16,0.06,0.16,40.73434,-111.87211,21.8,54.3,880.8,133.15,3.3
28380.0,1309.3,0.13,0.06,0.13,40.73434,-111.87211,21.7,54.6,880.8,139.19,2.9
28440.0,1309.3,359.98,0.05,359.98,40.73434,-111.87211,21.7,54.5,880.8,131.94,2.1
28500.0,1309.3,359.25,0.04,359.25,40.73434,-111.87211,21.7,54.5,880.8,137.12,2.1
28560.0,1309.2,359.58,0.05,359.58,40.73434,-111.87211,21.7,54.8,880.8,145.78,2.4
28620.0,1309.0,359.17,0.05,359.17,40.73434,-111.87211,21.7,55.0,880.7,145.91,2.6
28680.0,1308.8,358.81,0.05,358.81,40.73434,-111.87211,21.6,55.3,880.7,123.39,2.7
28740.0,1308.5,359.16,0.06,359.16,40.73434,-111.87211,21.5,55.6,880.7,133.17,2.4
28800.0,1308.4,359.45,0.05,359.45,40.73434,-111.87211,21.5,55.3,880.6,116.39,2.3
28860.0,1308.5,359.96,0.05,359.96,40.73434,-111.87211,21.5,55.6,880.6,138.45,1.9
28920.0,1308.6,0.62,0.05,0.62,40.73434,-111.87211,21.5,55.4,880.6,138.03,1.8
28980.0,1308.7,0.30,0.05,0.30,40.73434,-111.87211,21.5,55.1,880.6,132.12,1.5
29040.0,1308.8,0.44,0.05,0.44,40.73434,-111.87211,21.5,54.7,880.6,149.41,2.2
29100.0,1308.7,0.49,0.06,0.49,40.73434,-111.87211,21.4,54.9,880.6,123.18,2.6
29160.0,1308.7,0.26,0.05,0.26,40.73434,-111.87211,21.3,54.9,880.5,118.28,2.9
29220.0,1308.7,0.07,0.05,0.07,40.73434,-111.87211,21.3,55.0,880.5,127.47,3.2
29280.0,1308.8,360.00,0.06,360.00,40.73434,-111.87211,21.2,55.2,880.5,123.91,3.1
29340.0,1308.8,0.09,0.06,0.09,40.73434,-111.87211,21.2,54.8,880.5,116.48,2.4
29400.0,1309.0,0.04,0.05,0.04,40.73434,-111.87211,21.2,55.0,880.5,121.01,3.0
29460.0,1308.9,359.39,0.05,359.39,40.73434,-111.87211,21.2,54.8,880.5,138.30,2.8
29520.0,1308.7,359.67,0.05,359.67,40.73434,-111.87210,21.2,55.0,880.5,138.92,2.5
29580.0,1308.7,359.92,0.06,359.92,40.73434,-111.87210,21.2,54.8,880.5,125.96,2.0
29640.0,1308.8,0.12,0.06,0.12,40.73434,-111.87210,21.2,54.8,880.5,125.79,2.0
29700.0,1308.8,0.01,0.05,0.01,40.73434,-111.87211,21.3,55.1,880.5,138.75,2.0
29760.0,1308.9,359.69,0.06,359.69,40.73434,-111.87210,21.3,54.1,880.4,120.66,1.8
29820.0,1309.0,359.98,0.06,359.98,40.73434,-111.87210,21.3,54.3,880.4,129.46,1.6
29880.0,1309.1,0.04,0.06,0.04,40.73434,-111.87210,21.3,54.8,880.4,157.90,2.3
29940.0,1309.2,359.70,0.07,359.70,40.73434,-111.87210,21.3,53.9,880.4,145.67,2.4
30000.0,1309.0,359.61,0.06,359.61,40.73434,-111.87210,21.4,51.7,880.4,151.05,2.2
30060.0,1309.0,359.79,0.05,359.79,40.73434,-111.87211,21.5,51.4,880.4,150.76,2.6
30120.0,1309.0,359.75,0.05,359.75,40.73434,-111.87211,21.5,50.2,880.3,140.39,2.8
30180.0,1309.0,0.11,0.05,0.11,40.73434,-111.87211,21.4,50.0,880.3,119.76,2.3
30240.0,1308.9,0.05,0.04,0.05,40.73434,-111.87211,21.5,49.8,880.3,113.94,2.3
30300.0,1308.9,359.29,0.05,359.29,40.73434,-111.87211,21.5,49.3,880.3,107.23,2.4
30360.0,1309.0,358.79,0.05,358.79,40.73434,-111.87211,21.5,49.0,880.2,102.29,1.8
30420.0,1309.1,358.50,0.06,358.50,40.73434,-111.87211,21.5,48.7,880.2,111.79,2.9
30480.0,1309.1,359.65,0.06,359.65,40.73434,-111.87211,21.5,48.7,880.2,112.37,1.9
30540.0,1309.1,359.53,0.05,359.53,40.73434,-111.87211,21.5,48.5,880.2,105.66,1.4
30600.0,1309.1,359.08,0.05,359.08,40.73434,-111.87211,21.5,48.4,880.2,107.13,2.0
30660.0,1309.2,359.00,0.06,359.00,40.73434,-111.87211,21.5,48.3,880.2,115.70,1.9
30720.0,1309.3,359.13,0.04,359.13,40.73434,-111.87211,21.5,48.6,880.2,113.17,2.6
30780.0,1309.2,359.09,0.04,359.09,40.73434,-111.87211,21.5,48.4,880.1,113.94,1.9
30840.0,1309.3,359.07,0.05,359.07,40.73434,-111.87211,21.5,48.1,880.1,116.92,2.1
30900.0,1309.1,358.95,0.04,358.95,40.73434,-111.87211,21.6,48.1,880.2,109.28,2.1
30960.0,1309.1,358.42,0.04,358.42,40.73434,-111.87211,21.5,48.1,880.1,110.00,2.8
31020.0,1309.2,358.64,0.04,358.64,40.73434,-111.87211,21.5,47.9,880.1,109.95,2.8
31080.0,1309.3,358.71,0.05,358.71,40.73434,-111.87211,21.5,47.8,880.1,109.95,2.4
31140.0,1309.3,359.08,0.05,359.08,40.73434,-111.87211,21.6,47.9,880.1,117.67,2.5
31200.0,1309.3,359.55,0.05,359.55,40.73434,-111.87211,21.6,47.8,880.1,119.95,2.1
31260.0,1309.5,359.82,0.05,359.82,40.73434,-111.87211,21.7,47.5,880.1,123.79,2.0
31320.0,1309.6,359.96,0.05,359.96,40.73434,-111.87211,21.7,47.3,880.1,129.12,1.6
31380.0,1309.5,359.80,0.05,359.80,40.73434,-111.87211,21.8,47.1,880.1,130.31,1.6
31440.0,1309.6,359.40,0.06,359.40,40.73434,-111.87211,21.8,47.6,880.1,116.79,1.8
31500.0,1309.6,359.71,0.05,359.71,40.73434,-111.87211,21.8,47.4,880.1,121.70,1.7
31560.0,1309.7,0.04,0.06,0.04,40.73434,-111.87211,21.9,47.5,880.1,148.75,1.0
31620.0,1309.7,359.95,0.05,359.95,40.73434,-111.87211,21.9,47.3,880.1,149.68,1.8
31680.0,1309.5,0.29,0.05,0.29,40.73434,-111.87211,21.9,47.4,880.1,133.72,1.3
31740.0,1309.5,0.21,0.05,0.21,40.73434,-111.87211,21.9,47.4,880.1,114.76,1.6
31800.0,1309.5,0.43,0.05,0.43,40.73434,-111.87211,21.9,46.9,880.0,116.51,2.0
31860.0,1309.4,0.28,0.05,0.28,40.73434,-111.87211,21.9,46.4,880.0,116.29,1.7
31920.0,1309.3,359.94,0.04,359.94,40.73434,-111.87211,21.9,46.7,880.0,112.49,1.7
31980.0,1309.1,0.55,0.04,0.55,40.73434,-111.87211,22.0,46.3,879.9,105.80,0.9
32040.0,1309.0,0.62,0.05,0.62,40.73434,-111.87210,22.0,45.9,879.9,104.76,1.5
32100.0,1308.9,0.94,0.05,0.94,40.73434,-111.87211,22.0,45.9,879.9,111.67,1.5
32160.0,1308.8,0.37,0.05,0.37,40.73434,-111.87211,22.0,45.8,879.9,117.10,2.1
32220.0,1308.8,0.04,0.05,0.04,40.73434,-111.87211,22.0,45.8,879.9,128.00,2.4
32280.0,1308.8,359.67,0.06,359.67,40.73434,-111.87211,22.0,46.1,879.9,130.35,1.7
32340.0,1308.8,359.51,0.05,359.51,40.73434,-111.87211,22.0,46.2,879.9,122.08,1.4
32400.0,1308.7,359.77,0.06,359.77,40.73434,-111.87211,22.0,46.3,879.9,110.26,1.3
32460.0,1308.6,359.95,0.05,359.95,40.73434,-111.87211,22.0,46.2,879.9,106.96,2.0
32520.0,1308.6,359.79,0.05,359.79,40.73434,-111.87211,22.1,45.8,879.9,105.72,1.2
32580.0,1308.5,359.31,0.05,359.31,40.73434,-111.87211,22.1,45.8,879.9,117.93,0.9
32640.0,1308.5,359.06,0.05,359.06,40.73434,-111.87211,22.2,46.1,880.0,136.78,1.3
32700.0,1308.6,358.89,0.05,358.89,40.73434,-111.87211,22.3,46.5,880.0,144.26,1.3
32760.0,1308.6,358.64,0.05,358.64,40.73434,-111.87211,22.3,46.5,880.0,134.68,1.3
32820.0,1308.5,358.75,0.05,358.75,40.73434,-111.87211,22.4,46.6,880.0,133.68,1.4
32880.0,1308.6,359.09,0.05,359.09,40.73434,-111.87210,22.4,46.5,880.1,151.88,1.3
32940.0,1308.5,358.89,0.05,358.89,40.73434,-111.87210,22.5,46.3,880.1,150.52,1.4
33000.0,1308.5,358.60,0.05,358.60,40.73434,-111.87210,22.6,46.0,880.1,150.16,0.8
33060.0,1308.5,358.27,0.05,358.27,40.73434,-111.87211,22.7,46.1,880.1,121.34,1.3
33120.0,1308.5,358.86,0.05,358.86,40.73434,-111.87211,22.7,45.8,880.1,133.12,1.5
33180.0,1308.5,359.24,0.04,359.24,40.73434,-111.87211,22.6,46.2,880.1,125.08,1.6
33240.0,1308.6,359.43,0.05,359.43,40.73434,-111.87211,22.7,46.3,880.2,134.61,1.5
33300.0,1308.6,359.57,0.04,359.57,40.73434,-111.87211,22.7,46.6,880.2,133.10,1.3
33360.0,1308.6,359.75,0.04,359.75,40.73434,-111.87211,22.7,46.6,880.2,140.27,1.4
33420.0,1308.6,359.71,0.05,359.71,40.73434,-111.87211,22.7,47.1,880.2,130.87,1.2
33480.0,1308.6,359.39,0.04,359.39,40.73434,-111.87211,22.7,46.4,880.2,124.16,1.3
33540.0,1308.7,359.04,0.04,359.04,40.73434,-111.87211,22.7,45.9,880.2,122.02,1.5
33600.0,1308.8,358.96,0.05,358.96,40.73434,-111.87211,22.6,44.8,880.2,114.89,1.4
33660.0,1308.9,358.57,0.05,358.57,40.73434,-111.87211,22.6,45.0,880.2,96.62,0.9
33720.0,1309.0,358.81,0.05,358.81,40.73434,-111.87211,22.6,44.0,880.2,91.10,1.2
33780.0,1309.1,358.76,0.04,358.76,40.73434,-111.87211,22.6,43.6,880.2,105.38,1.4
33840.0,1309.2,359.04,0.05,359.04,40.73434,-111.87211,22.6,44.2,880.2,110.11,1.5
33900.0,1309.2,359.02,0.05,359.02,40.73434,-111.87210,22.5,43.9,880.1,114.28,1.6
33960.0,1309.4,358.75,0.05,358.75,40.73434,-111.87211,22.6,43.8,880.1,116.53,1.0
34020.0,1309.4,359.41,0.05,359.41,40.73434,-111.87210,22.6,43.6,880.1,82.13,0.5
34080.0,1309.5,359.32,0.05,359.32,40.73434,-111.87211,22.7,43.8,880.2,110.81,0.8
34140.0,1309.5,358.83,0.05,358.83,40.73434,-111.87211,22.7,43.5,880.2,121.18,1.0
34200.0,1309.7,358.54,0.05,358.54,40.73434,-111.87211,22.8,43.7,880.2,130.93,1.1
34260.0,1309.8,359.00,0.05,359.00,40.73434,-111.87211,22.8,43.5,880.2,160.54,0.8
34320.0,1310.0,358.85,0.04,358.85,40.73434,-111.87211,22.9,42.9,880.2,173.45,0.6
34380.0,1309.9,358.76,0.04,358.76,40.73434,-111.87211,23.0,43.9,880.2,180.37,0.8
34440.0,1309.8,358.78,0.05,358.78,40.73434,-111.87211,23.1,44.5,880.2,123.45,0.3
34500.0,1309.8,358.90,0.05,358.90,40.73434,-111.87211,23.1,45.5,880.2,117.25,0.7
34560.0,1309.7,358.94,0.05,358.94,40.73434,-111.87211,23.2,45.3,880.3,162.75,1.0
34620.0,1309.7,359.17,0.05,359.17,40.73434,-111.87211,23.2,45.2,880.3,192.26,1.3
34680.0,1309.6,358.76,0.05,358.76,40.73434,-111.87211,23.1,45.5,880.3,182.14,1.7
34740.0,1309.5,359.28,0.06,359.28,40.73434,-111.87211,23.1,46.1,880.3,177.92,0.6
34800.0,1309.4,359.69,0.05,359.69,40.73434,-111.87211,23.1,46.7,880.3,162.72,0.9
34860.0,1309.4,360.00,0.05,360.00,40.73434,-111.87211,22.9,46.8,880.3,192.50,1.2
34920.0,1309.4,359.88,0.05,359.88,40.73434,-111.87211,22.8,47.2,880.3,181.69,1.6
34980.0,1309.5,0.35,0.05,0.35,40.73434,-111.87211,22.8,47.9,880.3,179.76,1.8
35040.0,1309.2,0.05,0.05,0.05,40.73434,-111.87211,22.7,48.4,880.2,183.31,1.5
35100.0,1309.2,0.29,0.06,0.29,40.73434,-111.87211,22.7,48.4,880.2,161.22,1.5
35160.0,1309.3,0.63,0.05,0.63,40.73434,-111.87211,22.6,48.8,880.1,154.31,1.6
35220.0,1309.2,1.02,0.05,1.02,40.73434,-111.87211,22.5,49.2,880.1,188.28,1.3
35280.0,1309.2,1.63,0.05,1.63,40.73434,-111.87211,22.5,49.6,880.0,179.52,1.0
35340.0,1309.3,1.14,0.05,1.14,40.73434,-111.87211,22.5,49.6,880.0,166.16,1.2
35400.0,1309.3,1.33,0.04,1.33,40.73434,-111.87211,22.4,49.7,880.0,164.30,1.9
35460.0,1309.4,1.19,0.04,1.19,40.73434,-111.87211,22.3,49.8,879.9,181.18,2.5
35520.0,1309.3,0.64,0.04,0.64,40.73434,-111.87211,22.1,50.2,879.9,161.37,2.5
35580.0,1309.3,0.42,0.05,0.42,40.73434,-111.87211,22.0,51.1,879.8,142.53,2.4
35640.0,1309.3,0.59,0.05,0.59,40.73434,-111.87211,21.8,51.5,879.8,135.18,3.5
35700.0,1309.6,0.46,0.04,0.46,40.73434,-111.87211,21.4,51.9,879.7,122.20,4.2
35760.0,1309.5,0.36,0.05,0.36,40.73434,-111.87211,21.3,52.5,879.6,134.73,3.4
35820.0,1309.4,0.06,0.05,0.06,40.73434,-111.87210,21.2,53.0,879.5,131.73,3.3
35880.0,1309.5,359.70,0.05,359.70,40.73434,-111.87210,21.1,53.3,879.4,141.28,3.3
35940.0,1309.4,359.65,0.05,359.65,40.73434,-111.87210,21.0,53.8,879.4,135.13,3.5
36000.0,1309.3,358.91,0.05,358.91,40.73434,-111.87210,20.8,54.1,879.2,125.11,4.4
36060.0,1309.2,359.29,0.04,359.29,40.73434,-111.87210,20.7,54.3,879.1,136.70,5.1
36120.0,1309.3,358.79,0.05,358.79,40.73434,-111.87210,20.5,54.4,879.0,126.59,4.6
36180.0,1309.3,358.98,0.04,358.98,40.73434,-111.87210,20.4,54.9,878.9,121.73,4.9
36240.0,1309.1,359.71,0.04,359.71,40.73434,-111.87210,20.4,56.1,878.8,137.74,4.0
36300.0,1309.1,359.56,0.04,359.56,40.73434,-111.87210,20.3,56.7,878.7,135.50,3.9
36360.0,1309.1,0.56,0.05,0.56,40.73434,-111.87210,20.2,56.7,878.7,148.86,4.8
36420.0,1309.6,0.51,0.05,0.51,40.73433,-111.87210,20.2,57.5,878.7,160.08,3.9
