CampaignData_and_Merges/R0/CSL_MobileLab_Parked/raw/20240726/USOS-NOAAIodideCIMS-HCOOH_MobileLabGround_20240726_RA.ict
33, 1001
Michael A Robinson, Chris Jernigan, Subi Thakali
NOAA ESRL Chemical Sciences Laboratory and CIRES, U. of Colorado
NOAA Iodide CIMS Instrument
USOS
1, 1
2024, 07, 26, 2024, 07, 27
1
starttime_UTC, seconds_past_midnight, seconds_of_day_since_00:00:00_UTC
1
1
-9999
HCOOH_NOAACIMS, pptv, Gas_HCOOH_InSitu_S_AVMR, 
0
18
PI_CONTACT_INFO: 325 Broadway, R/CSD 7, Boulder, Colorado 80305; michael.a.robinson@noaa.gov; chris.jernigan@noaa.gov;
PLATFORM: NOAA CSL Mobile Lab
LOCATION: SLC, Utah
ASSOCIATED_DATA: 1Hz data also available on request.
INSTRUMENT_INFO: NOAA I- ToF CIMS
DATA_INFO: All data in parts per trillion by volume (pptv). 1 Hz data is available upon request.
UNCERTAINTY: TBD
ULOD_FLAG: -7777
ULOD_VALUE: N/A
LLOD_FLAG: -8888
LLOD_VALUE: N/A
DM_CONTACT_INFO: Nathan Howard; nathan.h.howard@noaa.gov
PROJECT_INFO: USOS, summer 2024. https://csl.noaa.gov/groups/csl7/measurements/2024usos/
STIPULATIONS_ON_USE: Users are strongly encouraged to contact the PI for proper data usage.
OTHER_COMMENTS: 
REVISION: RA
RA: Preliminary Data; For in-field use only
starttime_UTC, HCOOH_NOAACIMS
     0, 1391.694
    60, 1217.813
   120, 1145.141
   180, -9999.000
   240, 1255.516
   300, 1224.679
   360, 1286.784
   420, 1411.962
   480, 1311.192
   540, 1372.669
   600, 1390.409
   660, 1235.153
   720, 1163.618
   780, 1224.661
   840, 1267.828
   900, 1255.283
   960, 1170.342
  1020, 1244.203
  1080, 1247.684
  1140, 1313.301
  1200, 1215.527
  1260, 1204.365
  1320, 1223.339
  1380, 1191.517
  1440, 1177.780
  1500, 1231.165
  1560, 1401.213
  1620, 1271.073
  1680, 1175.155
  1740, 1179.371
  1800, 1145.566
  1860, 1176.042
  1920, 1259.857
  1980, 1114.560
  2040, 1357.192
  2100, 1235.680
  2160, 1228.026
  2220, 1257.905
  2280, 1254.359
  2340, 1289.774
  2400, 1465.478
  2460, 1356.568
  2520, 1308.509
  2580, 1295.227
  2640, 1320.552
  2700, 1302.990
  2760, 1422.865
  2820, 1375.082
  2880, 1342.675
  2940, 1364.134
  3000, 1319.186
  3060, 1362.918
  3120, 1192.815
  3180, 1221.973
  3240, 1165.733
  3300, 1264.855
  3360, 1382.118
  3420, 1388.190
  3480, 1361.461
  3540, 1344.249
  3600, 1423.847
  3660, 1560.366
  3720, 1458.507
  3780, 1393.380
  3840, -9999.000
  3900, 1306.785
  3960, 1414.296
  4020, 1395.033
  4080, 1404.023
  4140, 1478.009
  4200, 1607.556
  4260, 1759.495
  4320, 1707.647
  4380, 1835.055
  4440, 1819.043
  4500, 2034.375
  4560, 1864.853
  4620, 1875.250
  4680, 1876.094
  4740, 2004.545
  4800, 1892.428
  4860, 1968.905
  4920, 2089.312
  4980, 2078.206
  5040, 2153.538
  5100, 2130.008
  5160, 2232.426
  5220, 1921.496
  5280, 1948.340
  5340, 1960.713
  5400, 1935.568
  5460, 1942.818
  5520, 1868.447
  5580, 1951.668
  5640, 1918.427
  5700, 1841.333
  5760, 2331.719
  5820, 2334.646
  5880, 2002.696
  5940, 2043.454
  6000, 2100.905
  6060, 2051.363
  6120, 2093.513
  6180, 2075.761
  6240, 2049.945
  6300, 1997.120
  6360, 2059.621
  6420, 2207.342
  6480, 1995.626
  6540, 2089.592
  6600, 2146.603
  6660, 2039.649
  6720, 2036.219
  6780, 2039.432
  6840, 2080.951
  6900, 2355.370
  6960, 2589.119
  7020, 2427.209
  7080, 2397.606
  7140, 2623.975
  7200, 2267.444
  7260, 2493.847
  7320, 2577.249
  7380, 2690.222
  7440, 2829.805
  7500, 2689.515
  7560, -9999.000
  7620, 3640.746
  7680, 3114.722
  7740, 3122.291
  7800, 3478.274
  7860, 3663.007
  7920, 3604.120
  7980, 3621.454
  8040, 3526.369
  8100, 3163.711
  8160, 3245.139
  8220, 3296.287
  8280, 3223.458
  8340, 3230.835
  8400, 3540.080
  8460, 3445.653
  8520, 3928.548
  8580, 3799.821
  8640, 3638.929
  8700, 3683.841
  8760, 3815.358
  8820, 3834.124
  8880, 3917.401
  8940, 3774.185
  9000, 3766.840
  9060, 3523.362
  9120, 3302.319
  9180, 3294.623
  9240, 3338.797
  9300, 3100.308
  9360, 3123.208
  9420, -9999.000
  9480, 3245.588
  9540, 3087.925
  9600, 2903.470
  9660, 2895.577
  9720, 2963.233
  9780, 2855.814
  9840, 2791.952
  9900, 2864.011
  9960, 2802.324
 10020, 2781.011
 10080, 2857.431
 10140, 2729.502
 10200, 2810.298
 10260, 2864.644
 10320, 2896.032
 10380, 2930.140
 10440, 2919.463
 10500, 2844.934
 10560, 2918.942
 10620, 2933.827
 10680, 2962.093
 10740, 2823.252
 10800, 2875.359
 10860, 2849.928
 10920, 2911.118
 10980, 2734.603
 11040, 2735.929
 11100, 2718.687
 11160, 2761.890
 11220, 2712.491
 11280, -9999.000
 11340, 2718.848
 11400, 2743.766
 11460, 2778.013
 11520, 2787.850
 11580, 2797.942
 11640, 2828.026
 11700, 3027.267
 11760, 2801.092
 11820, 2821.460
 11880, 2679.069
 11940, 2712.768
 12000, 2664.159
 12060, 2573.329
 12120, 2536.543
 12180, 2526.903
 12240, 2751.006
 12300, 2538.774
 12360, 2700.912
 12420, 2638.632
 12480, 2312.704
 12540, 2086.252
 12600, 2057.907
 12660, 1896.851
 12720, 1748.890
 12780, 1972.960
 12840, 2132.024
 12900, 1928.487
 12960, 2107.988
 13020, 2127.501
 13080, 2084.509
 13140, -9999.000
 13200, 2008.656
 13260, 1929.372
 13320, 1922.994
 13380, 2022.699
 13440, 2106.235
 13500, 2141.564
 13560, 1884.470
 13620, 1881.842
 13680, 1950.134
 13740, 1882.402
 13800, 1906.051
 13860, 1940.129
 13920, 1933.343
 13980, 1998.518
 14040, 2034.842
 14100, 1683.776
 14160, 2003.481
 14220, 1991.245
 14280, 2157.460
 14340, 1906.962
 14400, 1751.885
 14460, 1773.085
 14520, 1860.183
 14580, 1778.675
 14640, 1867.633
 14700, 1633.794
 14760, 1558.995
 14820, 1777.674
 14880, 1644.043
 14940, 1543.663
 15000, -9999.000
 15060, 1580.782
 15120, 1634.770
 15180, 1549.510
 15240, 1539.008
 15300, 1621.054
 15360, 1682.006
 15420, 1791.943
 15480, 1651.818
 15540, 1672.032
 15600, 1729.299
 15660, 1735.511
 15720, 1789.209
 15780, 1813.045
 15840, 1811.549
 15900, 1863.665
 15960, 1951.003
 16020, 2042.373
 16080, 1933.811
 16140, 1932.543
 16200, 1972.923
 16260, 1893.272
 16320, 1777.157
 16380, 1969.459
 16440, 2089.695
 16500, 2047.379
 16560, 2086.486
 16620, 2085.350
 16680, 2309.187
 16740, 2121.527
 16800, 1906.731
 16860, 1817.803
 16920, 1810.568
 16980, 1749.648
 17040, 1912.036
 17100, 1950.347
 17160, 1763.326
 17220, 1711.516
 17280, 1804.383
 17340, 1864.130
 17400, 1944.459
 17460, 1992.712
 17520, 1728.818
 17580, 1784.950
 17640, 1801.205
 17700, 1813.000
 17760, 1918.417
 17820, 1988.831
 17880, 1907.660
 17940, 1850.224
 18000, 1689.408
 18060, 1760.504
 18120, 1887.938
 18180, 1795.394
 18240, 1995.194
 18300, 2216.744
 18360, 2059.685
 18420, 2204.541
 18480, 2193.624
 18540, 2337.846
 18600, 2243.545
 18660, 2541.702
 18720, -9999.000
 18780, 2877.174
 18840, 2651.546
 18900, 2469.512
 18960, 2557.137
 19020, 2366.397
 19080, 2534.877
 19140, 2380.687
 19200, 2530.077
 19260, 2311.997
 19320, 2102.980
 19380, 2027.394
 19440, 2124.487
 19500, 2094.572
 19560, 2265.585
 19620, 2278.412
 19680, 2452.801
 19740, 2455.464
 19800, 2404.914
 19860, 2507.094
 19920, 2686.423
 19980, 2859.448
 20040, 2750.826
 20100, 3012.113
 20160, 2848.121
 20220, 2806.771
 20280, 2591.201
 20340, 2659.528
 20400, 2780.168
 20460, 2831.852
 20520, 2654.087
 20580, 2580.180
 20640, 2496.989
 20700, 2495.509
 20760, 2630.346
 20820, 2491.451
 20880, 2839.024
 20940, 2569.944
 21000, 2580.507
 21060, 2490.160
 21120, 2834.042
 21180, 3008.039
 21240, 3096.297
 21300, 3070.039
 21360, 3316.095
 21420, 3105.764
 21480, 2953.909
 21540, 2829.120
 21600, 2843.524
 21660, 2783.018
 21720, 2662.772
 21780, 2252.843
 21840, 2370.815
 21900, 2179.967
 21960, 2119.336
 22020, 2153.513
 22080, 2080.255
 22140, 2013.040
 22200, 1988.341
 22260, 2188.322
 22320, 1885.143
 22380, -9999.000
 22440, 2445.841
 22500, 2157.934
 22560, 2540.116
 22620, 2626.541
 22680, 2548.546
 22740, 2450.248
 22800, 2734.320
 22860, 2335.860
 22920, 2320.983
 22980, 2127.007
 23040, 2284.833
 23100, 2151.636
 23160, 2171.329
 23220, 2332.144
 23280, 2416.993
 23340, 2400.870
 23400, 2504.151
 23460, 2676.245
 23520, 2831.058
 23580, 2994.798
 23640, 3152.120
 23700, 3190.437
 23760, 3266.044
 23820, 3471.119
 23880, 3582.685
 23940, 3696.421
 24000, 3822.718
 24060, 4009.216
 24120, 3978.417
 24180, 3900.562
 24240, 3761.586
 24300, 3897.417
 24360, 3849.598
 24420, 3672.838
 24480, 3616.933
 24540, 3673.164
 24600, 3689.322
 24660, 3717.173
 24720, 3733.099
 24780, 3695.160
 24840, 3592.433
 24900, 3571.400
 24960, 3463.315
 25020, 3516.645
 25080, 3380.498
 25140, 3346.266
 25200, 3469.633
 25260, 3551.075
 25320, 3552.148
 25380, 3492.929
 25440, 3404.665
 25500, 3529.479
 25560, 3643.294
 25620, 3531.543
 25680, 3434.382
 25740, 3451.200
 25800, 3599.598
 25860, 3556.366
 25920, 3558.546
 25980, 3540.756
 26040, 3671.849
 26100, -9999.000
 26160, 3702.782
 26220, 3719.347
 26280, 3724.455
 26340, 3719.773
 26400, 3814.451
 26460, 3795.365
 26520, 3791.525
 26580, 3806.000
 26640, 3703.646
 26700, 3697.885
 26760, 3617.690
 26820, 3594.838
 26880, 3467.855
 26940, 3439.609
 27000, 3441.899
 27060, 3476.796
 27120, 3376.680
 27180, 3360.994
 27240, 3049.930
 27300, 2912.620
 27360, 2952.184
 27420, 2979.756
 27480, 2977.775
 27540, 2951.727
 27600, 2909.194
 27660, 2871.014
 27720, 2824.499
 27780, 2954.432
 27840, 2878.733
 27900, 2771.690
 27960, -9999.000
 28020, 2855.925
 28080, 2714.090
 28140, 2915.584
 28200, 3061.266
 28260, 3086.719
 28320, 2956.455
 28380, 2967.866
 28440, 2953.855
 28500, 2989.759
 28560, 2921.718
 28620, 2866.538
 28680, 2891.912
 28740, 2896.840
 28800, 2896.453
 28860, 2922.921
 28920, 2948.600
 28980, 2952.172
 29040, 2790.298
 29100, 2716.425
 29160, 2703.665
 29220, 2657.564
 29280, 2750.831
 29340, 2722.383
 29400, 2739.799
 29460, 2613.544
 29520, 2678.491
 29580, 2699.939
 29640, 2741.582
 29700, 2864.665
 29760, 2811.424
 29820, -9999.000
 29880, 2884.789
 29940, 2657.806
 30000, 2399.734
 30060, 2434.802
 30120, 2230.160
 30180, 2347.331
 30240, 2442.358
 30300, 2348.426
 30360, 2323.988
 30420, 2187.629
 30480, 2192.256
 30540, 2197.006
 30600, 2226.617
 30660, 2156.651
 30720, 2156.345
 30780, 2134.208
 30840, 2082.514
 30900, 2052.114
 30960, 1941.268
 31020, 1994.569
 31080, 1968.917
 31140, 1899.764
 31200, 1940.592
 31260, 2004.394
 31320, 1903.958
 31380, 1837.245
 31440, 1928.162
 31500, 1950.143
 31560, 2055.455
 31620, 1952.735
 31680, -9999.000
 31740, 2001.926
 31800, 1918.205
 31860, 1854.088
 31920, 1880.724
 31980, 1936.665
 32040, 1897.251
 32100, 1979.679
 32160, 2001.348
 32220, 1991.810
 32280, 2124.453
 32340, 2153.673
 32400, 2155.069
 32460, 2109.151
 32520, 2088.557
 32580, 2222.083
 32640, 2151.924
 32700, 2324.356
 32760, 2353.968
 32820, 2310.471
 32880, 2355.223
 32940, 2376.790
 33000, 2347.751
 33060, 2363.497
 33120, 2437.268
 33180, 2415.134
 33240, 2360.949
 33300, 2456.448
 33360, 2539.607
 33420, 2496.218
 33480, 2469.756
 33540, -9999.000
 33600, 1897.156
 33660, 1963.994
 33720, 1754.111
 33780, 1586.600
 33840, 1724.116
 33900, 1698.953
 33960, 1734.005
 34020, 1705.252
 34080, 1832.042
 34140, 1720.595
 34200, 1681.509
 34260, 1723.373
 34320, 1701.546
 34380, 2048.007
 34440, 2292.053
 34500, 2329.969
 34560, 2163.024
 34620, 1999.709
 34680, 1603.106
 34740, 1734.306
 34800, 1792.337
 34860, 1567.400
 34920, 1473.279
 34980, 1571.756
 35040, 1377.188
 35100, 1368.462
 35160, 1301.932
 35220, 1266.954
 35280, 1282.819
 35340, 1355.624
 35400, 1397.468
 35460, 1307.419
 35520, 1173.693
 35580, 1400.086
 35640, 1461.411
 35700, 1391.034
 35760, 1487.036
 35820, 1496.421
 35880, 1481.468
 35940, 1551.573
 36000, 1623.593
 36060, 1612.823
 36120, 1598.730
 36180, 1608.578
 36240, 1667.026
 36300, 1559.100
 36360, 1442.651
 36420, 1428.713
 36480, 1412.054
 36540, 1449.242
 36600, 1468.506
 36660, 1376.846
 36720, 1461.259
 36780, 1463.532
 36840, 1613.219
 36900, 1483.791
 36960, 1579.011
 37020, 1613.981
 37080, 1726.292
 37140, 1745.816
 37200, 1802.154
 37260, -9999.000
 37320, 1848.357
 37380, 1908.712
 37440, 1877.364
 37500, 1877.547
 37560, 1893.035
 37620, 1800.105
 37680, 1711.455
 37740, 1683.810
 37800, 1768.793
 37860, 1789.547
 37920, 1860.306
 37980, 1963.276
 38040, 1848.481
 38100, 1869.977
 38160, 1735.576
 38220, 1863.507
 38280, 1764.133
 38340, 1583.025
 38400, 1662.328
 38460, 1675.867
 38520, 1631.277
 38580, 1665.048
 38640, 1630.610
 38700, 1549.605
 38760, 1532.266
 38820, 1472.737
 38880, 1525.356
 38940, 1452.234
 39000, 1510.671
 39060, 1520.721
 39120, 1551.657
 39180, 1523.511
 39240, 1550.450
 39300, 1516.265
 39360, 1445.919
 39420, 1432.217
 39480, 1376.413
 39540, 1357.578
 39600, 1403.754
 39660, 1449.136
 39720, 1428.299
 39780, 1354.059
 39840, 1354.516
 39900, 1331.089
 39960, 1286.933
 40020, 1267.786
 40080, 1296.428
 40140, 1314.314
 40200, 1377.186
 40260, 1382.165
 40320, 1379.095
 40380, 1292.788
 40440, 1274.401
 40500, 1306.299
 40560, 1357.568
 40620, 1368.507
 40680, 1334.889
 40740, 1315.316
 40800, 1229.294
 40860, 1305.174
 40920, -9999.000
 40980, 1291.810
 41040, 1308.908
 41100, 1307.847
 41160, 1282.421
 41220, 1295.231
 41280, 1334.933
 41340, 1291.543
 41400, 1321.536
 41460, 1381.063
 41520, 1371.851
 41580, 1424.548
 41640, 1384.718
 41700, 1465.668
 41760, 1450.506
 41820, 1429.485
 41880, 1421.718
 41940, 1388.301
 42000, 1444.458
 42060, 1450.240
 42120, 1424.289
 42180, 1466.075
 42240, 1501.466
 42300, 1460.758
 42360, 1470.339
 42420, 1527.048
 42480, 1507.569
 42540, 1512.067
 42600, 1540.992
 42660, 1388.472
 42720, 1445.537
 42780, 1489.672
 42840, 1484.069
 42900, 1504.371
 42960, 1473.375
 43020, 1549.485
 43080, 1545.409
 43140, 1570.406
 43200, 1553.386
 43260, 1512.959
 43320, 1578.137
 43380, 1528.831
 43440, 1485.219
 43500, 1493.095
 43560, 1516.053
 43620, 1535.847
 43680, 1498.032
 43740, 1497.825
 43800, 1487.767
 43860, 1547.764
 43920, 1544.750
 43980, 1493.311
 44040, 1563.991
 44100, 1567.175
 44160, 1525.707
 44220, 1509.829
 44280, 1571.564
 44340, 1517.398
 44400, 1531.707
 44460, 1519.916
 44520, 1524.315
 44580, 1567.751
 44640, -9999.000
 44700, 1592.414
 44760, 1600.809
 44820, 1581.614
 44880, 1628.981
 44940, 1629.932
 45000, 1682.557
 45060, 1692.359
 45120, 1674.453
 45180, 1745.178
 45240, 1728.709
 45300, 1720.322
 45360, 1770.122
 45420, 1749.690
 45480, 1719.010
 45540, 1693.805
 45600, 1748.725
 45660, 1730.910
 45720, 1761.978
 45780, 1714.645
 45840, 1709.553
 45900, 1733.945
 45960, 1687.784
 46020, 1601.208
 46080, 1494.550
 46140, 1601.476
 46200, 1638.589
 46260, 1626.394
 46320, 1574.871
 46380, 1608.488
 46440, 1613.566
 46500, -9999.000
 46560, 1658.383
 46620, 1662.930
 46680, 1522.994
 46740, 1560.182
 46800, 1562.893
 46860, 1443.647
 46920, 1311.542
 46980, 1204.226
 47040, 1203.130
 47100, 1141.426
 47160, 1032.279
 47220, 763.951
 47280, 690.965
 47340, 745.128
 47400, 801.907
 47460, 775.301
 47520, 658.071
 47580, 629.611
 47640, 672.096
 47700, 709.415
 47760, 711.847
 47820, 696.270
 47880, 708.874
 47940, 742.553
 48000, 744.432
 48060, 776.088
 48120, 769.533
 48180, 732.030
 48240, 675.928
 48300, 725.554
 48360, -9999.000
 48420, 693.566
 48480, 718.170
 48540, 838.820
 48600, 950.989
 48660, 1003.467
 48720, 1024.556
 48780, 1073.710
 48840, 1059.864
 48900, 1070.558
 48960, 1101.458
 49020, 1085.235
 49080, 999.349
 49140, 1006.687
 49200, 977.465
 49260, 922.133
 49320, 941.745
 49380, 925.772
 49440, 862.942
 49500, 793.171
 49560, 815.714
 49620, 804.568
 49680, 759.320
 49740, 781.498
 49800, 821.736
 49860, 832.636
 49920, 843.588
 49980, 798.823
 50040, 772.134
 50100, 813.939
 50160, 808.586
 50220, -9999.000
 50280, 745.387
 50340, 723.232
 50400, 747.470
 50460, 700.867
 50520, 737.677
 50580, 684.230
 50640, 715.978
 50700, 733.952
 50760, 798.676
 50820, 793.868
 50880, 860.691
 50940, 884.604
 51000, 867.676
 51060, 867.256
 51120, 870.307
 51180, 902.144
 51240, 917.150
 51300, 885.752
 51360, 950.505
 51420, 926.621
 51480, 932.435
 51540, 916.082
 51600, 985.175
 51660, 957.659
 51720, 879.291
 51780, 913.488
 51840, 937.247
 51900, 998.037
 51960, 988.435
 52020, 984.808
 52080, -9999.000
 52140, 881.386
 52200, 919.581
 52260, 949.761
 52320, 919.205
 52380, 956.812
 52440, 923.822
 52500, 965.142
 52560, 1140.348
 52620, 1398.796
 52680, 1368.559
 52740, 1280.445
 52800, -9999.000
 52860, -9999.000
 52920, -9999.000
 52980, -9999.000
 53040, -9999.000
 53100, -9999.000
 53160, -9999.000
 53220, -9999.000
 53280, -9999.000
 53340, -9999.000
 53400, -9999.000
 53460, -9999.000
 53520, -9999.000
 53580, -9999.000
 53640, -9999.000
 53700, -9999.000
 53760, -9999.000
 53820, -9999.000
 53880, -9999.000
 53940, -9999.000
 54000, -9999.000
 54060, -9999.000
 54120, -9999.000
 54180, -9999.000
 54240, -9999.000
 54300, -9999.000
 54360, -9999.000
 54420, -9999.000
 54480, -9999.000
 54540, -9999.000
 54600, -9999.000
 54660, -9999.000
 54720, -9999.000
 54780, -9999.000
 54840, -9999.000
 54900, -9999.000
 54960, -9999.000
 55020, -9999.000
 55080, -9999.000
 55140, -9999.000
 55200, -9999.000
 55260, -9999.000
 55320, -9999.000
 55380, -9999.000
 55440, -9999.000
 55500, -9999.000
 55560, -9999.000
 55620, -9999.000
 55680, -9999.000
 55740, -9999.000
 55800, -9999.000
 55860, -9999.000
 55920, -9999.000
 55980, -9999.000
 56040, -9999.000
 56100, -9999.000
 56160, -9999.000
 56220, -9999.000
 56280, -9999.000
 56340, -9999.000
