CampaignData_and_Merges/R0/CSL_MobileLab_Parked/raw/20240726/USOS-NOy-LIF_MobileLabGround_20240726_R0.ict
39,1001
Rollins, A.; Waxman, E.; Zuraski, K.; Chace, W.
NOAA Chemical Sciences Laboratory
LIF NO/NOx/NOy on CSL Mobile Lab
AMMBEC / USOS
1, 1
2024,07,26, 2025,01,04
1
Time_Start, seconds, number_of_seconds_since_0000_UTC
7
1, 1, 1, 1, 1, 1, 1
-9999, -9999, -9999, -9999, -9999, -9999, -9999
Time_Stop, seconds, number_of_seconds_since_0000_UTC
NO_LIF, pptv, Gas_NO_InSitu_S_AVMR, volume mixing ratio of nitric oxide in air
NO2_LIF, pptv, Gas_NO2_InSitu_S_AVMR, volume mixing ratio of nitrogen dioxide in air
NOy_LIF, pptv, Gas_NOy_InSitu_S_AVMR, volume mixing ratio of total oxidized nitrogen in air
NO_LIF_1SigmaAccuracy, pptv, Gas_NO_InSitu_S_AVMR, volume mixing ratio of nitric oxide in air
NO2_LIF_1SigmaAccuracy, pptv, Gas_NO2_InSitu_S_AVMR, volume mixing ratio of nitrogen dioxide in air
NOy_LIF_1SigmaAccuracy, pptv, Gas_NOy_InSitu_S_AVMR, volume mixing ratio of total oxidized nitrogen in air
0
18
PI_CONTACT_INFO: andrew.rollins@noaa.gov
PLATFORM: CSL Mobile Lab
LOCATION: Salt Lake City, UT
ASSOCIATED_DATA:
INSTRUMENT_INFO: NO detection by laser induced fluorescence. NO2 detection by photolytic conversion to NO. NOy detection by catalytic conversion to NO on gold surface
DATA_INFO:
UNCERTAINTY: Included 1 Sigma Accuracy waves represent the combined calibration uncertainties (±6%, ±9%, ±10%) and zero uncertainties (3 ppt, 20 ppt, 100 ppt) for NO, NO2, and NOy, respectively.
ULOD_FLAG: -7777
ULOD_VALUE: N/A
LLOD_FLAG: -8888
LLOD_VALUE: N/A
DM_CONTACT_INFO: andrew.rollins@noaa.gov
PROJECT_INFO: USOS Project, July - August 2024
STIPULATIONS_ON_USE: Users are strongly encouraged to contact the PI for proper data usage.
OTHER_COMMENTS:
REVISION: R0
R0: final data
Time_Start, Time_Stop, NO_LIF, NO2_LIF, NOy_LIF, NO_LIF_1SigmaAccuracy, NO2_LIF_1SigmaAccuracy, NOy_LIF_1SigmaAccuracy
[from data line 1348]
   80880,   80940,287.27,1668.6,3947.3,20.236, 170.18, 494.73
   80940,   81000,306.1,1635.7,4332.5,21.366, 167.21, 533.25
   81000,   81060,277.37,1612.7,3841.6,19.642, 165.14, 484.16
   81060,   81120,232.38,1414,3679.4,16.943, 147.26, 467.94
   81120,   81180,224.28,1390.8,3667.5,16.457, 145.17, 466.75
   81180,   81240,219.69,1380.4,3588.9,16.182, 144.24, 458.89
   81240,   81300,226.05,1366.2,3608.5,16.563, 142.96, 460.85
   81300,   81360,209.53,1389.3,3519.4,15.572, 145.04, 451.94
   81360,   81420,269.53,1593.8,3714.7,19.172, 163.44, 471.47
   81420,   81480,427.91,2292,4334.8,28.674, 226.28, 533.48
   81480,   81540,326.77,1938.1,4148.2,22.606, 194.43, 514.82
   81540,   81600,247.06,1573,3903.7,17.824, 161.57, 490.37
   81600,   81660,214.3,1518.1,3778.3,15.858, 156.63, 477.83
   81660,   81720,226.18,1447.3,3809.4,16.571, 150.25, 480.94
   81720,   81780,246.99,1545,3800.7,17.819, 159.05, 480.07
   81780,   81840,250.46,1584.6,3974.2,18.028, 162.62, 497.42
   81840,   81900,302.03,1897.2,4240.4,21.122, 190.75, 524.04
   81900,   81960,322.02,1887,4342.1,22.321, 189.83, 534.21
   81960,   82020,262.94,1650.9,3968.6,18.777, 168.58, 496.86
   82020,   82080,285.42,1784.1,4033.6,20.125, 180.57, 503.36
   82080,   82140,493.02,2240.1,4818.6,32.581, 221.61, 581.86
   82140,   82200,382,2136.4,5039.5,25.92, 212.27, 603.95
   82200,   82260,779.14,3177.4,5299.7,49.748, 305.97, 629.97
   82260,   82320,580.1,2844.3,5271.6,37.806, 275.99, 627.16
   82320,   82380,304.16,1902.2,4957.1,21.249, 191.2, 595.71
   82380,   82440,447.7,2881.1,4781.9,29.862, 279.3, 578.19
   82440,   82500,313.65,2182.4,4596.2,21.819, 216.42, 559.62
   82500,   82560,374.64,2452,4911.7,25.478, 240.68, 591.17
   82560,   82620,346.55,2383.9,4782.5,23.793, 234.55, 578.25
   82620,   82680,329.04,2081.2,4331.5,22.742, 207.31, 533.15
   82680,   82740,364.36,2238.7,4584.9,24.862, 221.49, 558.49
   82740,   82800,322.34,2028.8,4452.8,22.34, 202.59, 545.28
   82800,   82860,350.98,2294.6,4719.4,24.059, 226.51, 571.94
   82860,   82920,465.55,2859.8,5165.3,30.933, 277.38, 616.53
   82920,   82980,532.23,2960.6,5085.8,34.934, 286.45, 608.58
   82980,   83040,573.72,3307.7,5151.7,37.423, 317.69, 615.17
   83040,   83100,231.28,1672.4,4175.2,16.877, 170.52, 517.52
   83100,   83160,434.03,2532.1,4289.2,29.042, 247.89, 528.92
   83160,   83220,696.08,3953.5,6304.8,44.765, 375.81, 730.48
   83220,   83280,584.61,3014.1,5478.5,38.077, 291.27, 647.85
   83280,   83340,231.83,1621.8,3849.6,16.91, 165.96, 484.96
   83340,   83400,429.84,2602.5,4195.7,28.79, 254.23, 519.57
   83400,   83460,476.11,2848.3,4798.8,31.567, 276.35, 579.88
   83460,   83520,210.41,1514,3773.2,15.625, 156.26, 477.32
   83520,   83580,209.43,1575.8,3870.7,15.566, 161.83, 487.07
   83580,   83640,222.16,1632.9,3944.7,16.329, 166.96, 494.47
   83640,   83700,335.74,2259.5,4461.8,23.145, 223.36, 546.18
   83700,   83760,251.21,1804.6,4177.6,18.073, 182.42, 517.76
   83760,   83820,245.24,1964.9,4127.9,17.714, 196.84, 512.79
   83820,   83880,150.81,1562.5,3745.1,12.048, 160.62, 474.51
   83880,   83940,147.91,1489.1,3715.1,11.874, 154.02, 471.51
   83940,   84000,179.43,1850.1,4025.5,13.766, 186.51, 502.55
   84000,   84060,145.42,1888.7,4053.5,11.725, 189.98, 505.35
   84060,   84120,119.52,1680.5,3840.8,10.171, 171.25, 484.08
   84120,   84180,121.2,1840.3,3877.2,10.272, 185.63, 487.72
   84180,   84240,119.68,1744.1,3902.4,10.181, 176.96, 490.24
   84240,   84300,140.23,1700.7,3824.8,11.414, 173.06, 482.48
   84300,   84360,178.31,1656.2,3843.9,13.699, 169.06, 484.39
   84360,   84420,133.78,1894.5,3945.7,11.027, 190.51, 494.57
   84420,   84480,126.09,1986.7,4012.2,10.565, 198.81, 501.22
   84480,   84540,128.37,1936.3,3886.2,10.702, 194.27, 488.62
   84540,   84600,128.78,1806.8,3959.6,10.727, 182.61, 495.96
   84600,   84660,129.06,1964.8,3895.4,10.744, 196.84, 489.54
   84660,   84720,121.42,1749.3,3821.8,10.285, 177.44, 482.18
   84720,   84780,118.02,1746.2,3823.6,10.081, 177.15, 482.36
   84780,   84840,108.03,1742.2,3742.2,9.4817, 176.8, 474.22
   84840,   84900,115.92,1571.1,3613.7,9.9553, 161.4, 461.37
   84900,   84960,149.99,1484.5,3512.2,12, 153.6, 451.22
   84960,   85020,224.12,1676.2,3790,16.447, 170.86, 479
   85020,   85080,261.37,1911.3,4044,18.682, 192.02, 504.4
   85080,   85140,237.41,1793.5,4076.5,17.245, 181.41, 507.65
   85140,   85200,203.33,1562.7,3790.7,15.2, 160.64, 479.07
   85200,   85260,367.86,2564.6,4739.8,25.071, 250.81, 573.98
   85260,   85320,252.71,1928.7,4186,18.163, 193.58, 518.6
   85320,   85380,301.4,2196.8,4285.3,21.084, 217.71, 528.53
   85380,   85440,215.28,1758.9,3973.6,15.917, 178.3, 497.36
   85440,   85500,199.99,1667.6,3936.7,15, 170.08, 493.67
   85500,   85560,198.65,1639.6,3884.2,14.919, 167.56, 488.42
   85560,   85620,182.73,1917.5,4013.9,13.964, 192.57, 501.39
   85620,   85680,323.74,2762.8,4423.6,22.424, 268.66, 542.36
   85680,   85740,148.05,2067.9,4127.4,11.883, 206.11, 512.74
   85740,   85800,144.25,2221.4,4261.5,11.655, 219.93, 526.15
   85800,   85860,167.85,2528.6,4628,13.071, 247.57, 562.8
   85860,   85920,141.3,2394.8,4394.5,11.478, 235.53, 539.45
   85920,   85980,-9999,-9999,-9999,-9999, -9999, -9999
   85980,   86040,-9999,-9999,-9999,-9999, -9999, -9999
   86040,   86100,-9999,-9999,-9999,-9999, -9999, -9999
   86100,   86160,-9999,-9999,-9999,-9999, -9999, -9999
   86160,   86220,-9999,-9999,-9999,-9999, -9999, -9999
   86220,   86280,-9999,-9999,-9999,-9999, -9999, -9999
   86280,   86340,-9999,-9999,-9999,-9999, -9999, -9999
   86340,   86400,139.02,2139.9,4320.4,11.341, 212.59, 532.04
