CampaignData_and_Merges/R0/CSL_MobileLab_Parked/raw/20240726/USOS-NOAAIodideCIMS-Halogens_MobileLabGround_20240726_RA.ict
38, 1001
Michael A Robinson, Chris Jernigan, Subi Thakali
NOAA ESRL Chemical Sciences Laboratory and CIRES, U. of Colorado
NOAA Iodide CIMS Instrument
USOS
1, 1
2024, 07, 26, 2024, 07, 27
1
starttime_UTC, seconds_past_midnight, seconds_of_day_since_00:00:00_UTC
6
1, 1, 1, 1, 1, 1
-9999, -9999, -9999, -9999, -9999, -9999
Br2_NOAACIMS, pptv, Gas_Br2_InSitu_S_AVMR, 
BrO_NOAACIMS, pptv, Gas_BrO_InSitu_S_AVMR, 
Cl2_NOAACIMS, pptv, Gas_Cl2_InSitu_S_AVMR, 
ClNO2_NOAACIMS, pptv, Gas_ClNO2_InSitu_S_AVMR, 
BrCl_NOAACIMS, pptv, Gas_BrCl_InSitu_S_AVMR, 
NCl3_NOAACIMS, pptv, Gas_NCl3_InSitu_S_AVMR, 
0
18
PI_CONTACT_INFO: 325 Broadway, R/CSD 7, Boulder, Colorado 80305; michael.a.robinson@noaa.gov; chris.jernigan@noaa.gov;
PLATFORM: NOAA CSL Mobile Lab
LOCATION: SLC, Utah
ASSOCIATED_DATA: 1Hz data also available on request.
INSTRUMENT_INFO: NOAA I- ToF CIMS
DATA_INFO: All data in parts per trillion by volume (pptv). 1 Hz data is available upon request.
UNCERTAINTY: TBD
ULOD_FLAG: -7777
ULOD_VALUE: N/A
LLOD_FLAG: -8888
LLOD_VALUE: N/A
DM_CONTACT_INFO: Nathan Howard; nathan.h.howard@noaa.gov
PROJECT_INFO: USOS, summer 2024. https://csl.noaa.gov/groups/csl7/measurements/2024usos/
STIPULATIONS_ON_USE: Users are strongly encouraged to contact the PI for proper data usage.
OTHER_COMMENTS: 
REVISION: RA
RA: Preliminary Data; For in-field use only
starttime_UTC, Br2_NOAACIMS, BrO_NOAACIMS, Cl2_NOAACIMS, ClNO2_NOAACIMS, BrCl_NOAACIMS, NCl3_NOAACIMS
[from data line 578]
 34680,  0.611,  0.125,  0.851,  0.617,  0.204,  4.207
 34740,  0.621,  0.082,  0.893,  0.652,  0.171,  4.362
 34800,  0.448,  0.067,  1.128,  0.643,  0.115,  4.310
 34860,  0.623,  0.057,  1.128,  0.713,  0.169,  4.018
 34920,  0.574,  0.115,  1.312,  0.651,  0.211,  4.460
 34980,  0.605,  0.113,  1.098,  0.621,  0.184,  4.521
 35040,  0.625,  0.079,  0.813,  0.693,  0.149,  4.121
 35100,  0.605,  0.016,  0.783,  0.741,  0.088,  4.038
 35160,  0.652,  0.116,  0.651,  0.755,  0.101,  4.075
 35220,  0.566,  0.063,  0.703,  0.742,  0.132,  3.800
 35280,  0.649,  0.060,  0.639,  0.799,  0.109,  4.381
 35340,  0.639, -0.034,  0.787,  0.657,  0.097,  4.177
 35400,  0.783,  0.041,  1.013,  0.797,  0.090,  4.084
 35460,  0.693,  0.044,  0.812,  0.774,  0.127,  4.000
 35520,  0.823,  0.001,  0.858,  0.721,  0.102,  3.760
 35580,  0.755,  0.108,  0.794,  0.741,  0.124,  4.067
 35640,  0.742,  0.084,  0.805,  0.785,  0.094,  3.919
 35700,  0.661,  0.178,  0.917,  0.753,  0.143,  4.008
 35760,  0.631,  0.032,  0.906,  0.806,  0.112,  4.195
 35820,  0.717,  0.067,  0.861,  0.793,  0.094,  4.164
 35880,  0.676,  0.058,  0.598,  0.764,  0.123,  3.847
 35940,  0.676,  0.049,  0.569,  0.846,  0.110,  4.274
 36000,  0.753, -0.003,  0.511,  0.863,  0.116,  4.195
 36060,  0.627,  0.094,  0.581,  1.000,  0.126,  5.251
 36120,  0.820, -0.013,  0.554,  1.038,  0.109,  5.730
 36180,  0.718,  0.041,  0.613,  1.119,  0.117,  6.008
 36240,  0.721, -0.026,  0.636,  1.290,  0.118,  6.401
 36300,  0.670,  0.005,  0.626,  1.336,  0.101,  6.641
 36360,  0.842,  0.034,  0.646,  1.254,  0.116,  6.261
 36420,  0.848, -0.016,  0.577,  1.352,  0.056,  6.413
 36480,  0.764, -0.023,  0.667,  1.457,  0.108,  6.471
 36540,  0.759, -0.001,  0.662,  1.509,  0.060,  6.852
 36600,  0.686,  0.029,  0.543,  1.275,  0.054,  6.320
 36660,  0.655,  0.006,  0.679,  1.082,  0.075,  5.953
 36720,  0.749,  0.042,  0.620,  1.131,  0.098,  5.888
 36780,  0.816, -0.032,  0.549,  0.982,  0.069,  5.501
 36840,  0.821, -0.044,  0.508,  1.016,  0.077,  5.181
 36900,  0.868, -0.027,  0.603,  1.077,  0.048,  5.441
 36960,  0.707, -0.017,  0.517,  1.062,  0.033,  5.285
 37020,  0.831, -0.006,  0.511,  1.059,  0.035,  5.039
 37080,  0.784,  0.015,  0.553,  1.141,  0.087,  5.607
 37140,  0.815, -0.050,  0.491,  1.230,  0.055,  6.072
 37200,  0.614, -0.056,  0.498,  1.044,  0.113,  7.226
 37260, -9999.000, -9999.000, -9999.000, -9999.000, -9999.000, -9999.000
 37320,  0.636, -0.051,  0.522,  1.089,  0.074,  5.288
 37380,  0.711,  0.006,  0.474,  1.108,  0.070,  5.868
 37440,  0.849, -0.019,  0.491,  1.192,  0.123,  5.554
 37500,  0.815,  0.067,  0.494,  1.119,  0.058,  5.157
 37560,  0.653,  0.050,  0.529,  1.040,  0.078,  4.754
 37620,  0.765,  0.045,  0.448,  1.033,  0.062,  4.527
 37680,  0.652,  0.089,  0.462,  1.052,  0.061,  4.322
 37740,  0.779, -0.011,  0.513,  1.064,  0.117,  4.694
 37800,  0.767, -0.025,  0.579,  1.116,  0.138,  4.558
 37860,  0.810, -0.033,  0.567,  0.916,  0.159,  4.571
 37920,  0.810, -0.005,  0.563,  1.185,  0.111,  4.938
 37980,  0.709,  0.041,  0.637,  1.207,  0.089,  4.984
 38040,  0.828,  0.016,  0.699,  1.395,  0.078,  4.379
 38100,  0.831, -0.015,  0.717,  1.274,  0.195,  4.658
 38160,  0.885,  0.028,  0.875,  1.438,  0.137,  4.900
 38220,  0.832,  0.026,  0.790,  1.272,  0.173,  5.256
 38280,  0.693,  0.008,  0.770,  1.380,  0.144,  4.762
 38340,  0.819,  0.068,  0.701,  1.399,  0.098,  4.515
 38400,  0.707,  0.016,  0.697,  1.284,  0.134,  4.829
 38460,  0.818, -0.024,  0.730,  1.374,  0.127,  4.633
 38520,  0.879, -0.002,  0.651,  1.252,  0.133,  4.693
 38580,  0.807,  0.011,  0.783,  1.378,  0.147,  4.490
 38640,  0.770,  0.072,  0.766,  1.457,  0.143,  4.484
 38700,  0.830,  0.018,  0.708,  1.475,  0.101,  4.618
 38760,  0.758,  0.120,  0.898,  1.656,  0.149,  4.925
 38820,  0.907,  0.069,  0.892,  1.987,  0.151,  4.363
 38880,  0.949,  0.124,  0.825,  1.890,  0.123,  4.390
 38940,  0.819,  0.114,  1.010,  2.185,  0.144,  4.417
 39000,  0.856,  0.043,  0.911,  1.881,  0.155,  4.520
 39060,  0.692,  0.215,  1.066,  1.852,  0.076,  4.729
 39120,  0.965, -0.061,  1.007,  1.622,  0.128,  4.149
 39180,  0.846,  0.098,  1.124,  1.635,  0.111,  4.598
 39240,  0.798,  0.182,  1.158,  1.447,  0.133,  4.581
 39300,  0.722,  0.067,  1.147,  1.370,  0.167,  3.774
 39360,  0.864,  0.028,  1.213,  1.356,  0.102,  4.497
 39420,  0.771,  0.080,  1.235,  1.323,  0.112,  6.506
 39480,  0.766,  0.054,  1.161,  1.250,  0.115,  5.142
 39540,  0.670,  0.082,  1.216,  1.144,  0.136,  5.396
 39600,  0.832,  0.058,  1.037,  1.178,  0.118,  5.145
 39660,  0.903,  0.071,  1.143,  1.049,  0.116,  5.972
 39720,  0.915,  0.078,  1.037,  1.043,  0.175,  7.839
 39780,  0.764,  0.106,  0.746,  0.889,  0.101,  3.220
 39840,  0.752,  0.047,  0.658,  0.861,  0.148,  3.125
 39900,  0.951,  0.063,  0.536,  0.840,  0.131,  3.671
 39960,  0.784,  0.092,  0.607,  0.964,  0.153,  5.647
 40020,  0.679,  0.014,  0.575,  1.048,  0.152,  4.173
 40080,  0.821,  0.014,  0.605,  0.932,  0.174,  4.706
 40140,  0.809,  0.111,  0.672,  1.037,  0.155,  7.888
 40200,  0.819,  0.123,  0.544,  0.982,  0.096,  4.978
 40260,  0.769,  0.030,  0.545,  1.039,  0.125,  6.328
 40320,  0.673,  0.046,  0.507,  1.025,  0.140,  5.752
 40380,  0.735,  0.029,  0.706,  1.025,  0.055,  3.569
 40440,  0.774,  0.098,  0.741,  1.133,  0.154,  5.270
 40500,  0.843,  0.150,  0.718,  1.107,  0.129,  4.593
 40560,  0.777,  0.022,  0.622,  1.085,  0.099,  3.293
 40620,  0.839,  0.001,  0.601,  1.132,  0.076,  3.187
 40680,  0.757,  0.019,  0.647,  1.203,  0.105,  3.281
 40740,  0.678,  0.002,  0.616,  1.263,  0.058,  4.011
 40800,  0.790,  0.036,  0.642,  1.189,  0.081,  3.957
 40860,  0.712,  0.078,  0.554,  1.141,  0.125,  4.574
 40920, -9999.000, -9999.000, -9999.000, -9999.000, -9999.000, -9999.000
 40980,  0.595,  0.146,  0.472,  1.376,  0.049,  3.562
 41040,  0.670,  0.035,  0.584,  1.422,  0.126,  5.003
 41100,  0.651,  0.105,  0.600,  1.294,  0.086,  4.520
 41160,  0.779, -0.036,  0.632,  1.543,  0.118,  3.906
 41220,  0.589,  0.045,  0.570,  1.447,  0.116,  5.656
 41280,  0.926,  0.178,  0.791,  1.595,  0.141,  6.289
 41340,  0.722, -0.011,  0.652,  1.621,  0.034,  4.099
 41400,  0.739,  0.102,  0.721,  1.677,  0.128,  5.330
 41460,  0.730,  0.032,  0.809,  1.684,  0.113,  4.653
 41520,  0.701,  0.094,  0.852,  1.579,  0.129,  5.121
 41580,  0.676,  0.031,  1.016,  1.707,  0.140,  6.209
 41640,  0.663,  0.027,  1.086,  1.613,  0.108,  5.945
 41700,  0.737,  0.061,  0.985,  1.633,  0.171,  7.864
 41760,  0.873,  0.007,  1.134,  1.568,  0.147,  5.820
 41820,  0.847,  0.035,  1.152,  1.655,  0.167,  6.186
 41880,  0.828,  0.003,  1.115,  1.781,  0.080,  5.671
 41940,  0.709,  0.115,  1.240,  1.850,  0.115,  4.969
 42000,  0.801,  0.029,  1.261,  1.839,  0.115,  4.842
 42060,  0.894, -0.006,  1.237,  1.752,  0.098,  5.130
 42120,  0.641,  0.003,  1.250,  1.807,  0.087,  4.782
 42180,  0.784,  0.048,  1.276,  1.825,  0.165,  5.762
 42240,  0.862,  0.075,  1.396,  1.633,  0.103,  4.919
 42300,  0.858, -0.014,  1.372,  1.658,  0.128,  5.612
 42360,  0.734,  0.025,  1.377,  1.866,  0.096,  5.650
 42420,  0.844,  0.016,  1.380,  1.997,  0.159,  5.999
 42480,  0.914, -0.051,  1.522,  1.967,  0.151,  6.393
 42540,  0.921, -0.047,  1.472,  1.992,  0.175,  6.020
 42600,  0.771, -0.011,  1.466,  1.944,  0.198,  5.089
 42660,  0.802, -0.021,  1.689,  2.685,  0.124,  4.693
 42720,  0.698, -0.001,  1.356,  2.040,  0.134,  5.017
 42780,  0.682, -0.044,  1.528,  1.774,  0.105,  4.380
 42840,  0.722, -0.018,  1.373,  1.690,  0.051,  4.897
 42900,  0.696,  0.081,  1.343,  1.848,  0.131,  5.260
 42960,  0.835,  0.075,  1.386,  2.128,  0.100,  5.747
 43020,  0.818,  0.021,  1.381,  1.988,  0.129,  5.699
 43080,  0.708, -0.054,  1.406,  2.125,  0.081,  5.715
 43140,  0.773,  0.060,  1.240,  1.935,  0.125,  5.669
 43200,  0.833, -0.018,  1.298,  1.875,  0.100,  5.565
 43260,  0.793, -0.001,  1.240,  2.156,  0.127,  6.214
 43320,  0.826, -0.015,  1.228,  2.040,  0.130,  6.744
 43380,  0.856,  0.010,  1.366,  2.149,  0.054,  7.046
 43440,  0.808, -0.006,  1.332,  2.066,  0.119,  7.211
 43500,  0.757,  0.018,  1.460,  2.166,  0.135,  6.611
 43560,  0.730, -0.039,  1.391,  2.066,  0.063,  7.122
 43620,  0.781,  0.001,  1.402,  1.939,  0.133,  7.078
 43680,  0.758,  0.014,  1.293,  1.878,  0.089,  6.845
 43740,  0.724,  0.065,  1.243,  1.792,  0.096,  6.840
 43800,  0.584,  0.073,  1.409,  1.920,  0.076,  6.631
 43860,  0.674, -0.002,  1.160,  1.983,  0.097,  6.549
 43920,  0.712,  0.032,  1.059,  1.871,  0.117,  6.073
 43980,  0.626,  0.016,  0.984,  2.317,  0.085,  5.683
 44040,  0.693,  0.016,  0.979,  2.212,  0.069,  5.460
 44100,  0.564, -0.011,  0.945,  2.171,  0.116,  6.200
 44160,  0.606,  0.002,  0.815,  1.893,  0.119,  5.567
 44220,  0.643, -0.001,  0.847,  1.932,  0.135,  5.935
 44280,  0.616,  0.031,  0.806,  1.821,  0.129,  6.105
 44340,  0.672,  0.002,  0.726,  1.923,  0.085,  6.007
 44400,  0.666,  0.058,  0.725,  2.000,  0.092,  6.000
 44460,  0.760,  0.037,  0.651,  2.016,  0.109,  6.168
 44520,  0.762, -0.042,  0.711,  1.821,  0.091,  5.980
 44580,  0.609,  0.041,  0.629,  1.841,  0.107,  5.779
 44640, -9999.000, -9999.000, -9999.000, -9999.000, -9999.000, -9999.000
 44700,  0.654,  0.109,  0.501,  1.627,  0.070,  5.865
 44760,  0.582,  0.070,  0.502,  1.512,  0.103,  6.125
 44820,  0.645,  0.005,  0.572,  1.584,  0.099,  6.492
 44880,  0.570,  0.107,  0.588,  1.600,  0.083,  6.054
 44940,  0.622,  0.059,  0.638,  1.553,  0.088,  6.691
 45000,  0.547, -0.020,  0.613,  1.636,  0.111,  6.943
 45060,  0.511,  0.171,  0.580,  1.734,  0.054,  6.196
 45120,  0.488,  0.076,  0.604,  1.718,  0.063,  7.753
 45180,  0.440,  0.066,  0.616,  1.514,  0.082,  7.669
 45240,  0.787,  0.005,  0.704,  1.532,  0.102,  8.834
 45300,  0.450, -0.019,  0.667,  1.445,  0.047,  7.718
 45360,  0.523,  0.007,  0.631,  1.569,  0.097,  8.848
 45420,  0.564,  0.027,  0.677,  1.629,  0.141, 10.139
 45480,  0.609, -0.008,  0.581,  1.511,  0.139, 10.493
 45540,  0.549, -0.039,  0.597,  1.297,  0.111,  9.264
 45600,  0.493,  0.073,  0.536,  1.365,  0.124, 10.012
 45660,  0.592, -0.008,  0.522,  1.276,  0.114,  9.759
 45720,  0.463, -0.008,  0.580,  1.266,  0.146, 10.164
 45780,  0.474,  0.020,  0.513,  1.173,  0.078,  9.279
 45840,  0.568, -0.004,  0.505,  1.264,  0.108, 10.048
 45900,  0.662,  0.081,  0.763,  1.496,  0.261, 15.244
 45960,  0.522,  0.053,  0.698,  1.507,  0.251, 16.490
 46020,  0.431,  0.031,  0.523,  1.091,  0.112, 10.161
 46080,  0.520,  0.060,  0.509,  1.085,  0.148,  8.844
 46140,  0.508,  0.101,  0.455,  1.020,  0.176,  9.230
 46200,  0.574, -0.032,  0.714,  1.149,  0.143, 10.349
 46260,  0.463,  0.136,  0.477,  1.129,  0.167,  8.847
 46320,  0.471, -0.013,  0.470,  0.914,  0.094,  5.923
 46380,  0.485, -0.050,  0.527,  0.944,  0.090,  6.500
 46440,  0.462,  0.069,  0.456,  0.973,  0.161,  7.067
 46500, -9999.000, -9999.000, -9999.000, -9999.000, -9999.000, -9999.000
 46560,  0.501, -0.033,  0.503,  0.847,  0.122,  6.070
 46620,  0.413,  0.036,  0.485,  1.008,  0.147,  8.704
 46680,  0.531, -0.008,  0.502,  0.910,  0.160,  6.722
 46740,  0.344, -0.003,  0.547,  0.835,  0.181,  6.027
 46800,  0.374,  0.011,  0.532,  0.763,  0.153,  6.418
 46860,  0.615,  0.071,  0.714,  0.866,  0.168,  6.872
 46920,  0.439,  0.055,  0.748,  0.780,  0.166,  5.822
 46980,  0.629,  0.039,  0.893,  0.815,  0.131,  5.529
 47040,  0.569,  0.054,  0.822,  0.862,  0.151,  7.070
 47100,  0.618, -0.035,  0.685,  0.802,  0.147,  6.467
 47160,  0.563, -0.061,  0.654,  0.810,  0.198,  5.345
 47220,  0.626,  0.041,  0.545,  0.662,  0.111,  2.517
 47280,  0.607,  0.010,  0.517,  0.609,  0.179,  1.872
 47340,  0.510,  0.076,  0.677,  0.652,  0.202,  2.122
 47400,  0.621, -0.007,  0.654,  0.681,  0.174,  3.465
 47460,  0.638, -0.063,  0.455,  0.656,  0.147,  1.930
 47520,  0.746,  0.047,  0.335,  0.529,  0.126,  1.591
 47580,  0.852, -0.044,  0.478,  0.653,  0.151,  1.464
 47640,  0.650,  0.001,  0.465,  0.572,  0.109,  1.425
 47700,  0.606, -0.002,  0.463,  0.566,  0.154,  1.454
 47760,  0.715,  0.005,  0.494,  0.603,  0.130,  1.549
 47820,  0.616,  0.032,  0.546,  0.688,  0.101,  1.389
 47880,  0.708,  0.063,  0.458,  0.578,  0.137,  1.602
 47940,  0.678,  0.020,  0.535,  0.595,  0.188,  1.541
 48000,  0.632,  0.007,  0.475,  0.711,  0.122,  1.494
 48060,  0.588, -0.053,  0.550,  0.690,  0.149,  1.729
 48120,  0.749, -0.041,  0.579,  0.613,  0.119,  1.392
 48180,  0.752, -0.022,  0.469,  0.716,  0.092,  1.494
 48240,  0.855, -0.027,  0.530,  0.583,  0.124,  1.367
 48300,  0.757, -0.062,  0.459,  0.527,  0.149,  1.189
 48360, -9999.000, -9999.000, -9999.000, -9999.000, -9999.000, -9999.000
 48420,  0.806,  0.022,  0.448,  0.613,  0.157,  1.475
 48480,  0.706, -0.051,  0.507,  0.598,  0.171,  1.256
 48540,  0.638,  0.030,  0.557,  0.938,  0.152,  1.688
 48600,  0.709, -0.005,  0.630,  1.031,  0.194,  1.715
 48660,  0.733, -0.030,  0.613,  1.138,  0.153,  1.896
 48720,  0.623,  0.035,  0.658,  1.124,  0.129,  1.629
 48780,  0.615, -0.040,  0.630,  1.190,  0.121,  1.571
 48840,  0.402, -0.018,  0.558,  1.268,  0.095,  1.241
 48900,  0.456, -0.088,  0.557,  1.268,  0.134,  1.445
 48960,  0.716, -0.031,  0.535,  1.160,  0.125,  1.791
 49020,  0.697,  0.065,  0.615,  1.112,  0.128,  1.640
 49080,  0.601,  0.070,  0.530,  0.964,  0.176,  1.164
 49140,  0.389, -0.039,  0.470,  0.944,  0.102,  1.005
 49200,  0.705,  0.026,  0.462,  0.924,  0.172,  0.932
 49260,  0.675,  0.010,  0.425,  0.874,  0.189,  0.849
 49320,  0.684,  0.047,  0.437,  0.805,  0.214,  0.949
 49380,  0.689,  0.059,  0.434,  0.805,  0.150,  0.888
 49440,  0.572, -0.027,  0.376,  0.680,  0.188,  0.594
 49500,  0.612, -0.006,  0.398,  0.718,  0.151,  0.317
 49560,  0.689, -0.040,  0.398,  0.641,  0.202,  0.442
 49620,  0.627, -0.028,  0.407,  0.663,  0.239,  0.411
 49680,  0.725, -0.051,  0.367,  0.589,  0.193,  0.438
 49740,  0.557, -0.070,  0.427,  0.592,  0.131,  0.424
 49800,  0.617, -0.065,  0.316,  0.587,  0.219,  0.418
 49860,  0.599, -0.048,  0.425,  0.489,  0.201,  0.345
 49920,  0.586, -0.015,  0.426,  0.508,  0.196,  0.448
 49980,  0.759,  0.019,  0.457,  0.620,  0.199,  0.322
 50040,  0.494,  0.019,  0.354,  0.435,  0.248,  0.185
 50100,  0.565, -0.078,  0.273,  0.473,  0.223,  0.152
 50160,  0.650, -0.018,  0.369,  0.517,  0.259,  0.276
 50220, -9999.000, -9999.000, -9999.000, -9999.000, -9999.000, -9999.000
 50280,  0.627,  0.083,  0.389,  0.464,  0.178,  0.480
 50340,  0.589, -0.020,  0.382,  0.483,  0.233,  0.546
 50400,  0.687, -0.069,  0.355,  0.484,  0.217,  0.563
 50460,  0.109, -0.142,  0.295,  0.516,  0.061,  0.052
 50520, -9999.000, -0.087,  0.267,  0.500,  0.078,  0.152
 50580, -9999.000, -0.034,  0.260,  0.425,  0.137,  0.207
 50640, -9999.000, -0.095,  0.288,  0.510,  0.128,  0.183
 50700, -9999.000, -0.111,  0.273,  0.492,  0.043,  0.016
 50760, -9999.000, -0.062,  0.349,  0.580,  0.041,  0.139
 50820, -9999.000, -0.135,  0.262,  0.496, -0.002, -0.035
 50880, -9999.000, -0.124,  0.315,  0.456, -0.017, -0.099
 50940, -9999.000, -0.141,  0.234,  0.491,  0.001, -0.045
 51000, -9999.000, -0.151,  0.293,  0.439, -0.026, -0.121
 51060, -9999.000, -0.149,  0.167,  0.515, -0.033, -0.159
 51120, -9999.000, -0.145,  0.214,  0.448, -0.024, -0.161
 51180, -9999.000, -0.143,  0.244,  0.518, -0.019, -0.163
 51240, -9999.000, -0.134,  0.258,  0.439, -0.014, -0.142
 51300, -9999.000, -0.082,  0.350,  0.511,  0.011, -0.082
 51360, -9999.000,  0.027,  0.257,  0.495,  0.145,  0.107
 51420, -9999.000, -0.046,  0.381,  0.475,  0.188,  0.250
 51480, -9999.000, -0.045,  0.293,  0.431,  0.143,  0.129
 51540, -9999.000,  0.029,  0.245,  0.413,  0.181,  0.463
 51600, -9999.000, -0.073,  0.211,  0.381,  0.081,  0.197
 51660, -9999.000, -0.027,  0.328,  0.458,  0.130,  1.132
 51720, -9999.000, -0.115,  0.312,  0.398, -0.017, -0.164
 51780, -9999.000, -0.072,  0.201,  0.435,  0.051,  0.515
