CampaignData_and_Merges/R0/CSL_MobileLab_Parked/raw/20240726/USOS-NOAAIodideCIMS-Halogens_MobileLabGround_20240726_RA.ict
38, 1001
Michael A Robinson, Chris Jernigan, Subi Thakali
NOAA ESRL Chemical Sciences Laboratory and CIRES, U. of Colorado
NOAA Iodide CIMS Instrument
USOS
1, 1
2024, 07, 26, 2024, 07, 27
1
starttime_UTC, seconds_past_midnight, seconds_of_day_since_00:00:00_UTC
6
1, 1, 1, 1, 1, 1
-9999, -9999, -9999, -9999, -9999, -9999
Br2_NOAACIMS, pptv, Gas_Br2_InSitu_S_AVMR, 
BrO_NOAACIMS, pptv, Gas_BrO_InSitu_S_AVMR, 
Cl2_NOAACIMS, pptv, Gas_Cl2_InSitu_S_AVMR, 
ClNO2_NOAACIMS, pptv, Gas_ClNO2_InSitu_S_AVMR, 
BrCl_NOAACIMS, pptv, Gas_BrCl_InSitu_S_AVMR, 
NCl3_NOAACIMS, pptv, Gas_NCl3_InSitu_S_AVMR, 
0
18
PI_CONTACT_INFO: 325 Broadway, R/CSD 7, Boulder, Colorado 80305; michael.a.robinson@noaa.gov; chris.jernigan@noaa.gov;
PLATFORM: NOAA CSL Mobile Lab
LOCATION: SLC, Utah
ASSOCIATED_DATA: 1Hz data also available on request.
INSTRUMENT_INFO: NOAA I- ToF CIMS
DATA_INFO: All data in parts per trillion by volume (pptv). 1 Hz data is available upon request.
UNCERTAINTY: TBD
ULOD_FLAG: -7777
ULOD_VALUE: N/A
LLOD_FLAG: -8888
LLOD_VALUE: N/A
DM_CONTACT_INFO: Nathan Howard; nathan.h.howard@noaa.gov
PROJECT_INFO: USOS, summer 2024. https://csl.noaa.gov/groups/csl7/measurements/2024usos/
STIPULATIONS_ON_USE: Users are strongly encouraged to contact the PI for proper data usage.
OTHER_COMMENTS: 
REVISION: RA
RA: Preliminary Data; For in-field use only
starttime_UTC, Br2_NOAACIMS, BrO_NOAACIMS, Cl2_NOAACIMS, ClNO2_NOAACIMS, BrCl_NOAACIMS, NCl3_NOAACIMS
     0,  1.266,  0.095,  0.809,  0.080,  0.091, -0.052
    60,  1.327, -0.060,  0.873,  0.035,  0.117,  0.129
   120,  0.632,  0.007,  0.693,  0.068,  0.086, -0.113
   180, -9999.000, -9999.000, -9999.000, -9999.000, -9999.000, -9999.000
   240,  1.184,  0.119,  0.665,  0.056,  0.177,  0.050
   300,  1.123,  0.097,  0.722,  0.071,  0.089,  0.083
   360,  1.226,  0.022,  0.694,  0.097,  0.093,  0.042
   420,  1.104,  0.072,  0.900,  0.054,  0.106,  0.029
   480,  1.136,  0.049,  0.689,  0.083,  0.130,  0.001
   540,  1.222,  0.027,  0.770,  0.054,  0.132, -0.027
   600,  1.200,  0.084,  0.848,  0.086,  0.089,  0.052
   660,  1.112,  0.098,  0.682,  0.068,  0.100,  0.044
   720,  1.056,  0.001,  0.689,  0.063,  0.098,  0.092
   780,  1.078,  0.111,  0.645,  0.046,  0.050,  0.046
   840,  1.187,  0.053,  0.580,  0.077,  0.228,  0.038
   900,  1.084,  0.070,  0.712,  0.058,  0.212,  0.031
   960,  0.981,  0.143,  0.603,  0.074,  0.062, -0.045
  1020,  0.937,  0.092,  0.762,  0.040,  0.122,  0.081
  1080,  1.113,  0.066,  0.705,  0.047,  0.136,  0.046
  1140,  0.991,  0.005,  0.752,  0.048,  0.137,  0.034
  1200,  1.126, -0.040,  0.712,  0.068,  0.143,  0.050
  1260,  0.965,  0.030,  0.712,  0.107,  0.150,  0.037
  1320,  0.972,  0.020,  0.691,  0.045,  0.127,  0.028
  1380,  1.045,  0.021,  0.582,  0.037,  0.179,  0.078
  1440,  1.045,  0.086,  0.589,  0.055,  0.109,  0.034
  1500,  0.989, -0.026,  0.799,  0.071,  0.204,  0.137
  1560,  1.009,  0.061,  0.811,  0.095,  0.144,  0.134
  1620,  0.935,  0.010,  0.639,  0.072,  0.218,  0.110
  1680,  0.900,  0.071,  0.611,  0.052,  0.140,  0.017
  1740,  0.853, -0.009,  0.613,  0.071,  0.173,  0.082
  1800,  0.859, -0.002,  0.687,  0.066,  0.145,  0.095
  1860,  0.825, -0.034,  0.636,  0.047,  0.218, -0.005
  1920,  0.816,  0.053,  0.625,  0.077,  0.082,  0.161
  1980,  0.784,  0.017,  0.456,  0.061,  0.145,  0.100
  2040,  0.662,  0.230,  0.970,  0.012,  0.142,  0.058
  2100,  0.850, -0.026,  0.657,  0.071,  0.161,  0.032
  2160,  0.950, -0.006,  0.585,  0.084,  0.217,  0.050
  2220,  0.863,  0.021,  0.587,  0.056,  0.123,  0.019
  2280,  0.869, -0.089,  0.548,  0.088,  0.097,  0.071
  2340,  0.988, -0.038,  0.560,  0.091,  0.146,  0.099
  2400,  0.858, -0.040,  0.804,  0.068,  0.177,  0.017
  2460,  0.868,  0.080,  0.830,  0.035,  0.238,  0.119
  2520,  1.000,  0.069,  0.666,  0.064,  0.164,  0.055
  2580,  0.791,  0.011,  0.682,  0.053,  0.166,  0.109
  2640,  0.691,  0.028,  0.725,  0.032,  0.161,  0.073
  2700,  0.789,  0.218,  0.673,  0.032,  0.111,  0.100
  2760,  0.902,  0.001,  0.826,  0.067,  0.266,  0.053
  2820,  0.735,  0.101,  0.648,  0.033,  0.101,  0.053
  2880,  0.880,  0.049,  0.719,  0.059,  0.181,  0.054
  2940,  1.006,  0.079,  0.624,  0.040,  0.185,  0.066
  3000,  0.984,  0.088,  0.644,  0.033,  0.122,  0.076
  3060,  1.094,  0.116,  0.571,  0.048,  0.212,  0.112
  3120,  0.864,  0.113,  0.548,  0.043,  0.128,  0.174
  3180,  0.834,  0.147,  0.434,  0.060,  0.195,  0.025
  3240,  0.761,  0.030,  0.413,  0.078,  0.060,  0.108
  3300,  0.981,  0.158,  0.479,  0.047,  0.213,  0.030
  3360,  1.083,  0.224,  0.586,  0.042,  0.119,  0.118
  3420,  0.818,  0.184,  0.672,  0.064,  0.207,  0.058
  3480,  0.821,  0.141,  0.653,  0.028,  0.175,  0.061
  3540,  0.732,  0.122,  0.651,  0.096,  0.121,  0.103
  3600,  1.053,  0.126,  0.656,  0.035,  0.152,  0.118
  3660,  0.789,  0.140,  0.805,  0.110,  0.227,  0.030
  3720,  0.830,  0.173,  0.696,  0.047,  0.110,  0.069
  3780,  0.945,  0.096,  0.543,  0.033,  0.141,  0.015
  3840, -9999.000, -9999.000, -9999.000, -9999.000, -9999.000, -9999.000
  3900,  0.821,  0.137,  0.378,  0.030, -0.022, -0.066
  3960,  0.822,  0.167,  0.533,  0.068,  0.115,  0.052
  4020,  0.796,  0.176,  0.529,  0.048,  0.146,  0.078
  4080,  0.939,  0.078,  0.459,  0.046,  0.078,  0.028
  4140,  0.886,  0.125,  0.403,  0.045,  0.157,  0.032
  4200,  0.784,  0.137,  0.587,  0.046,  0.115,  0.066
  4260,  1.074,  0.118,  0.552,  0.071,  0.156,  0.015
  4320,  0.948,  0.081,  0.556,  0.027,  0.130,  0.059
  4380,  0.865,  0.201,  0.592,  0.076,  0.116,  0.064
  4440,  1.062,  0.069,  0.509,  0.050,  0.207,  0.056
  4500,  0.810,  0.146,  0.691,  0.061,  0.216,  0.050
  4560,  0.873,  0.052,  0.593,  0.072,  0.051,  0.043
  4620,  0.958,  0.127,  0.647,  0.054,  0.118,  0.008
  4680,  0.896,  0.076,  0.574,  0.016,  0.176,  0.134
  4740,  0.847,  0.075,  0.677,  0.031,  0.147,  0.083
  4800,  1.085,  0.067,  0.559,  0.040,  0.112,  0.097
  4860,  0.961,  0.102,  0.641,  0.054,  0.162, -0.006
  4920,  1.088,  0.033,  0.642,  0.046,  0.148,  0.064
  4980,  1.231,  0.054,  0.530,  0.061,  0.093,  0.066
  5040,  0.867,  0.021,  0.807,  0.053,  0.118,  0.099
  5100,  0.894,  0.100,  0.539,  0.057,  0.163,  0.036
  5160,  0.980,  0.074,  0.554,  0.059,  0.018,  0.139
  5220,  1.168,  0.123,  0.522,  0.022,  0.092,  0.112
  5280,  1.045, -0.013,  0.449,  0.025,  0.073,  0.029
  5340,  0.957,  0.053,  0.440,  0.042,  0.088,  0.053
  5400,  0.911,  0.100,  0.386,  0.051,  0.071,  0.064
  5460,  0.875,  0.198,  0.380,  0.054,  0.194,  0.101
  5520,  1.077,  0.028,  0.440,  0.035,  0.062,  0.051
  5580,  0.894, -0.054,  0.415,  0.053,  0.130,  0.099
  5640,  0.947,  0.000,  0.407,  0.037,  0.011,  0.078
  5700,  0.917, -0.030,  0.251, -0.003,  0.006,  0.297
  5760,  1.420, -0.122,  0.723,  0.081,  0.195,  0.068
  5820,  0.924,  0.003,  0.582,  0.072,  0.088,  0.013
  5880,  1.126,  0.084,  0.363,  0.064,  0.087, -0.038
  5940,  0.964, -0.009,  0.358,  0.029,  0.140,  0.064
  6000,  0.981,  0.067,  0.426,  0.039,  0.081,  0.105
  6060,  1.086,  0.003,  0.495,  0.057,  0.083,  0.013
  6120,  1.061,  0.049,  0.524,  0.091,  0.111,  0.054
  6180,  0.965,  0.065,  0.496,  0.050,  0.101,  0.006
  6240,  0.952,  0.201,  0.391,  0.052,  0.103,  0.018
  6300,  1.023,  0.058,  0.372,  0.047,  0.052,  0.059
  6360,  1.124, -0.015,  0.322,  0.047,  0.102, -0.006
  6420,  1.016,  0.080,  0.507,  0.065,  0.124,  0.125
  6480,  1.006,  0.018,  0.361,  0.022,  0.042,  0.093
  6540,  1.190,  0.123,  0.429,  0.068,  0.109,  0.088
  6600,  1.042,  0.170,  0.519,  0.094,  0.091,  0.096
  6660,  1.102,  0.066,  0.424,  0.078,  0.082,  0.043
  6720,  1.138,  0.058,  0.381,  0.076,  0.130,  0.082
  6780,  1.104,  0.173,  0.454,  0.076,  0.146,  0.067
  6840,  0.996,  0.122,  0.392,  0.073,  0.073,  0.044
  6900,  1.061,  0.152,  0.532,  0.100,  0.106,  0.164
  6960,  1.011,  0.064,  0.672,  0.053,  0.201,  0.069
  7020,  1.037,  0.054,  0.593,  0.072,  0.121,  0.135
  7080,  1.100,  0.069,  0.550,  0.083,  0.117,  0.133
  7140,  0.814,  0.121,  0.600,  0.107,  0.173,  0.120
  7200,  0.987,  0.018,  0.479,  0.085,  0.085,  0.048
  7260,  0.933,  0.128,  0.536,  0.101,  0.206,  0.122
  7320,  1.064,  0.058,  0.632,  0.098,  0.113,  0.087
  7380,  1.001,  0.164,  0.580,  0.114,  0.173,  0.101
  7440,  1.039,  0.139,  0.786,  0.106,  0.163,  0.109
  7500,  1.027,  0.171,  0.796,  0.134,  0.166,  0.072
  7560, -9999.000, -9999.000, -9999.000, -9999.000, -9999.000, -9999.000
  7620,  0.991,  0.178,  0.900,  0.094,  0.265,  0.298
  7680,  1.078,  0.198,  0.863,  0.134,  0.172,  0.247
  7740,  1.149,  0.120,  0.601,  0.116,  0.209,  0.165
  7800,  1.308,  0.148,  0.686,  0.137,  0.294,  0.325
  7860,  1.097,  0.077,  0.879,  0.112,  0.163,  1.629
  7920,  1.026,  0.136,  0.899,  0.170,  0.218,  1.962
  7980,  1.071,  0.097,  0.803,  0.140,  0.298,  1.626
  8040,  1.058,  0.203,  0.909,  0.142,  0.196,  1.095
  8100,  0.940,  0.090,  0.851,  0.113,  0.203,  0.573
  8160,  1.101,  0.117,  0.870,  0.083,  0.212,  0.663
  8220,  1.101,  0.089,  0.849,  0.119,  0.175,  0.575
  8280,  1.075,  0.157,  0.765,  0.092,  0.303,  0.402
  8340,  1.003,  0.111,  0.911,  0.092,  0.237,  0.776
  8400,  0.935,  0.149,  0.939,  0.100,  0.269,  0.861
  8460,  1.025,  0.089,  1.114,  0.138,  0.164,  0.801
  8520,  0.993,  0.084,  1.257,  0.134,  0.314,  0.820
  8580,  1.030,  0.120,  1.248,  0.197,  0.240,  1.251
  8640,  1.171,  0.176,  1.900,  0.118,  0.373,  2.809
  8700,  1.143,  0.055,  1.848,  0.167,  0.315,  2.115
  8760,  1.113,  0.144,  1.921,  0.164,  0.351,  2.008
  8820,  1.027,  0.155,  2.044,  0.145,  0.325,  2.231
  8880,  1.135,  0.160,  2.084,  0.161,  0.392,  2.438
  8940,  1.005,  0.063,  2.120,  0.197,  0.325,  2.856
  9000,  1.060,  0.208,  2.108,  0.157,  0.387,  3.080
  9060,  1.185,  0.106,  2.266,  0.153,  0.318,  3.351
  9120,  1.123,  0.137,  2.346,  0.108,  0.351,  4.267
  9180,  1.256,  0.150,  2.139,  0.142,  0.264,  4.449
  9240,  1.144,  0.197,  2.308,  0.105,  0.371,  4.576
  9300,  1.128,  0.121,  2.465,  0.120,  0.339,  5.548
  9360,  1.193,  0.094,  2.548,  0.177,  0.367,  5.734
  9420, -9999.000, -9999.000, -9999.000, -9999.000, -9999.000, -9999.000
  9480,  1.158,  0.051,  2.689,  0.145,  0.321,  5.482
  9540,  1.190,  0.164,  2.383,  0.095,  0.320,  5.506
  9600,  1.169,  0.067,  2.285,  0.129,  0.322,  5.101
  9660,  1.133,  0.050,  2.058,  0.086,  0.295,  5.516
  9720,  1.164,  0.121,  2.223,  0.134,  0.338,  5.292
  9780,  1.163,  0.227,  2.025,  0.101,  0.334,  4.904
  9840,  1.178,  0.074,  1.852,  0.108,  0.282,  4.522
  9900,  1.185,  0.089,  1.762,  0.094,  0.341,  4.246
  9960,  1.145,  0.142,  1.601,  0.082,  0.308,  3.785
 10020,  1.033,  0.061,  1.357,  0.068,  0.339,  3.548
 10080,  1.134,  0.064,  1.396,  0.129,  0.370,  3.253
 10140,  0.910,  0.154,  1.305,  0.085,  0.284,  2.838
 10200,  1.102,  0.086,  1.111,  0.087,  0.295,  2.994
 10260,  1.082,  0.097,  1.103,  0.130,  0.269,  2.856
 10320,  1.036,  0.140,  1.200,  0.068,  0.306,  2.712
 10380,  0.926,  0.074,  1.127,  0.133,  0.292,  3.059
 10440,  1.036,  0.131,  1.152,  0.084,  0.295,  2.730
 10500,  1.012,  0.146,  1.006,  0.111,  0.348,  2.817
 10560,  1.101,  0.121,  1.192,  0.095,  0.339,  2.929
 10620,  1.070,  0.094,  1.157,  0.101,  0.314,  2.933
 10680,  1.066,  0.069,  1.183,  0.110,  0.381,  2.797
 10740,  0.998,  0.190,  1.201,  0.101,  0.226,  2.842
 10800,  0.969,  0.074,  1.243,  0.142,  0.324,  2.646
 10860,  1.082,  0.076,  1.242,  0.098,  0.384,  2.615
 10920,  0.946,  0.150,  1.071,  0.118,  0.295,  2.560
 10980,  1.027,  0.062,  1.078,  0.100,  0.259,  2.549
 11040,  0.894,  0.080,  0.924,  0.081,  0.361,  2.318
 11100,  1.141,  0.117,  1.008,  0.089,  0.293,  2.439
 11160,  1.109,  0.142,  1.020,  0.065,  0.283,  2.327
 11220,  1.092,  0.193,  1.021,  0.084,  0.253,  2.400
 11280, -9999.000, -9999.000, -9999.000, -9999.000, -9999.000, -9999.000
 11340,  0.915,  0.132,  0.874,  0.079,  0.286,  2.138
 11400,  0.923,  0.122,  0.865,  0.069,  0.337,  1.861
 11460,  1.051,  0.141,  0.895,  0.107,  0.293,  2.115
 11520,  0.905,  0.160,  0.975,  0.087,  0.283,  1.850
 11580,  1.111,  0.100,  0.854,  0.110,  0.272,  1.783
 11640,  1.012,  0.129,  0.967,  0.090,  0.316,  2.135
 11700,  1.077,  0.124,  1.024,  0.064,  0.362,  2.074
 11760,  1.008,  0.092,  0.950,  0.061,  0.265,  2.156
 11820,  1.018,  0.033,  0.950,  0.086,  0.410,  2.523
 11880,  1.149,  0.116,  0.962,  0.069,  0.296,  2.453
 11940,  0.911,  0.004,  1.071,  0.066,  0.286,  2.554
 12000,  0.983,  0.118,  0.875,  0.103,  0.298,  2.636
 12060,  0.961,  0.047,  0.954,  0.068,  0.326,  2.648
 12120,  1.154,  0.159,  0.864,  0.089,  0.373,  3.631
 12180,  1.061,  0.189,  0.886,  0.080,  0.288,  4.090
 12240,  1.050,  0.107,  0.902,  0.114,  0.224,  3.692
 12300,  1.203,  0.051,  1.166,  0.105,  0.222,  3.912
 12360,  1.139,  0.118,  1.540,  0.126,  0.264,  5.434
 12420,  1.293,  0.137,  2.477,  0.178,  0.379,  7.609
 12480,  1.612,  0.124,  2.115,  0.299,  0.650,  4.355
 12540,  1.953,  0.043,  2.056,  0.365,  0.817,  2.764
 12600,  1.783,  0.085,  1.891,  0.362,  0.782,  1.789
 12660,  1.736,  0.090,  1.614,  0.387,  0.703,  1.049
 12720,  1.861,  0.094,  1.527,  0.483,  0.714,  0.724
 12780,  1.817,  0.040,  1.518,  0.418,  0.736,  0.605
 12840,  1.876,  0.060,  1.443,  0.431,  0.666,  0.796
 12900,  1.954,  0.076,  1.405,  0.466,  0.658,  0.950
 12960,  2.049,  0.021,  1.490,  0.436,  0.650,  1.610
 13020,  1.962,  0.149,  1.398,  0.500,  0.656,  1.739
 13080,  1.943,  0.154,  1.388,  0.478,  0.667,  1.039
 13140, -9999.000, -9999.000, -9999.000, -9999.000, -9999.000, -9999.000
 13200,  1.995,  0.125,  1.748,  0.522,  0.689,  0.896
 13260,  2.101,  0.022,  1.953,  0.462,  0.650,  0.818
 13320,  2.195,  0.084,  2.034,  0.551,  0.607,  0.960
 13380,  1.970,  0.084,  1.850,  0.612,  0.568,  0.815
 13440,  2.035,  0.101,  2.097,  0.627,  0.512,  0.812
 13500,  2.153,  0.057,  2.018,  0.576,  0.491,  0.496
 13560,  2.132,  0.033,  1.895,  0.615,  0.508,  0.525
 13620,  2.031,  0.036,  1.737,  0.623,  0.529,  0.560
 13680,  2.138, -0.002,  1.745,  0.567,  0.529,  0.749
 13740,  2.100, -0.015,  1.697,  0.531,  0.489,  0.789
 13800,  2.135,  0.035,  1.624,  0.438,  0.514,  0.776
 13860,  2.017,  0.103,  1.450,  0.536,  0.453,  0.784
 13920,  2.051,  0.036,  1.294,  0.660,  0.484,  1.254
 13980,  1.780,  0.013,  1.407,  0.899,  0.602,  1.941
 14040,  1.825,  0.125,  1.482,  0.888,  0.485,  2.412
 14100,  1.656,  0.085,  1.202,  0.923,  0.431,  1.706
 14160,  1.724,  0.039,  1.242,  0.752,  0.473,  2.170
 14220,  1.697,  0.080,  1.224,  0.989,  0.508,  2.206
 14280,  1.497,  0.038,  1.275,  1.021,  0.554,  2.159
 14340,  1.594,  0.043,  1.256,  1.130,  0.501,  2.239
 14400,  1.569,  0.094,  1.201,  1.456,  0.409,  1.753
 14460,  1.513,  0.077,  1.275,  1.507,  0.441,  1.377
 14520,  1.648,  0.208,  1.251,  1.472,  0.282,  0.868
 14580,  1.620,  0.086,  1.255,  1.484,  0.343,  0.610
 14640,  1.555,  0.056,  1.160,  1.384,  0.291,  0.523
 14700,  1.431,  0.093,  1.017,  0.980,  0.215,  0.267
 14760,  1.453,  0.058,  0.857,  0.788,  0.160,  0.304
 14820,  1.506,  0.114,  0.987,  0.828,  0.229,  0.441
 14880,  1.251, -0.016,  0.984,  0.826,  0.179,  0.315
 14940,  1.344,  0.222,  0.784,  0.613,  0.238,  0.314
 15000, -9999.000, -9999.000, -9999.000, -9999.000, -9999.000, -9999.000
 15060,  1.229,  0.081,  0.877,  0.450,  0.196,  0.204
 15120,  1.342,  0.118,  0.824,  0.454,  0.164,  0.421
 15180,  1.179,  0.021,  0.925,  0.410,  0.174,  0.234
 15240,  1.272,  0.108,  0.919,  0.488,  0.156,  0.473
 15300,  1.233,  0.083,  0.826,  0.377,  0.215,  0.454
 15360,  1.387,  0.064,  0.911,  0.428,  0.176,  0.490
 15420,  1.295,  0.072,  0.872,  0.417,  0.170,  0.716
 15480,  1.301,  0.162,  0.920,  0.361,  0.196,  0.812
 15540,  1.274,  0.024,  0.758,  0.525,  0.123,  1.257
 15600,  1.180,  0.113,  0.766,  0.445,  0.161,  1.416
 15660,  1.325,  0.144,  0.869,  0.594,  0.158,  1.691
 15720,  1.388,  0.065,  0.940,  0.741,  0.167,  2.030
 15780,  1.107,  0.067,  1.039,  0.732,  0.226,  2.024
 15840,  1.323,  0.104,  0.947,  0.867,  0.197,  2.428
 15900,  1.156,  0.104,  1.043,  1.029,  0.229,  2.916
 15960,  1.110,  0.119,  1.119,  1.186,  0.196,  3.503
 16020,  1.190,  0.083,  1.122,  1.492,  0.180,  3.773
 16080,  1.139,  0.134,  1.173,  1.713,  0.257,  4.103
 16140,  1.249,  0.160,  1.124,  1.534,  0.257,  4.232
 16200,  1.267,  0.182,  1.140,  1.403,  0.230,  4.271
 16260,  1.194,  0.065,  1.065,  1.278,  0.177,  4.139
 16320,  1.303,  0.183,  1.052,  1.274,  0.162,  4.187
 16380,  1.243,  0.131,  1.080,  1.274,  0.181,  4.063
 16440,  1.268,  0.160,  1.223,  1.143,  0.200,  3.844
 16500,  1.194,  0.154,  1.060,  1.074,  0.258,  3.394
 16560,  1.017,  0.153,  1.109,  1.168,  0.214,  3.226
 16620,  1.291,  0.091,  1.204,  1.108,  0.232,  3.257
 16680,  1.146,  0.201,  0.991,  1.161,  0.209,  3.318
 16740,  1.178,  0.181,  1.063,  1.079,  0.195,  3.460
 16800,  1.188,  0.152,  1.196,  0.985,  0.215,  3.634
 16860,  1.549, -0.016,  0.828,  0.758,  0.272,  4.243
 16920,  1.114,  0.200,  0.938,  0.882,  0.241,  4.402
 16980,  1.017,  0.223,  0.887,  0.934,  0.157,  3.547
 17040,  1.345,  0.157,  1.037,  0.858,  0.224,  3.415
 17100,  1.230,  0.145,  0.908,  0.896,  0.253,  2.554
 17160,  1.253,  0.150,  0.848,  0.746,  0.202,  1.940
 17220,  1.319,  0.127,  0.827,  0.741,  0.224,  1.965
