CampaignData_and_Merges/R0/CSL_MobileLab_Parked/raw/20240726/USOS-NOAAIodideCIMS-Halogens_MobileLabGround_20240726_RA.ict
38, 1001
Michael A Robinson, Chris Jernigan, Subi Thakali
NOAA ESRL Chemical Sciences Laboratory and CIRES, U. of Colorado
NOAA Iodide CIMS Instrument
USOS
1, 1
2024, 07, 26, 2024, 07, 27
1
starttime_UTC, seconds_past_midnight, seconds_of_day_since_00:00:00_UTC
6
1, 1, 1, 1, 1, 1
-9999, -9999, -9999, -9999, -9999, -9999
Br2_NOAACIMS, pptv, Gas_Br2_InSitu_S_AVMR, 
BrO_NOAACIMS, pptv, Gas_BrO_InSitu_S_AVMR, 
Cl2_NOAACIMS, pptv, Gas_Cl2_InSitu_S_AVMR, 
ClNO2_NOAACIMS, pptv, Gas_ClNO2_InSitu_S_AVMR, 
BrCl_NOAACIMS, pptv, Gas_BrCl_InSitu_S_AVMR, 
NCl3_NOAACIMS, pptv, Gas_NCl3_InSitu_S_AVMR, 
0
18
PI_CONTACT_INFO: 325 Broadway, R/CSD 7, Boulder, Colorado 80305; michael.a.robinson@noaa.gov; chris.jernigan@noaa.gov;
PLATFORM: NOAA CSL Mobile Lab
LOCATION: SLC, Utah
ASSOCIATED_DATA: 1Hz data also available on request.
INSTRUMENT_INFO: NOAA I- ToF CIMS
DATA_INFO: All data in parts per trillion by volume (pptv). 1 Hz data is available upon request.
UNCERTAINTY: TBD
ULOD_FLAG: -7777
ULOD_VALUE: N/A
LLOD_FLAG: -8888
LLOD_VALUE: N/A
DM_CONTACT_INFO: Nathan Howard; nathan.h.howard@noaa.gov
PROJECT_INFO: USOS, summer 2024. https://csl.noaa.gov/groups/csl7/measurements/2024usos/
STIPULATIONS_ON_USE: Users are strongly encouraged to contact the PI for proper data usage.
OTHER_COMMENTS: 
REVISION: RA
RA: Preliminary Data; For in-field use only
starttime_UTC, Br2_NOAACIMS, BrO_NOAACIMS, Cl2_NOAACIMS, ClNO2_NOAACIMS, BrCl_NOAACIMS, NCl3_NOAACIMS
[from data line 1307]
 78420, -9999.000, -9999.000, -9999.000, -9999.000, -9999.000, -9999.000
 78480, -9999.000, -9999.000, -9999.000, -9999.000, -9999.000, -9999.000
 78540, -9999.000, -9999.000, -9999.000, -9999.000, -9999.000, -9999.000
 78600, -9999.000, -9999.000, -9999.000, -9999.000, -9999.000, -9999.000
 78660, -9999.000, -9999.000, -9999.000, -9999.000, -9999.000, -9999.000
 78720, -9999.000, -9999.000, -9999.000, -9999.000, -9999.000, -9999.000
 78780, -9999.000, -9999.000, -9999.000,  0.138, -0.128,  1.175
 78840, -9999.000, -9999.000, -9999.000,  0.004,  0.344,  0.658
 78900, -9999.000, -9999.000, -9999.000,  0.084, -0.020,  0.179
 78960, -9999.000, -9999.000, -9999.000,  0.148,  0.138,  0.236
 79020, -9999.000, -9999.000, -9999.000,  0.236,  0.135,  0.278
 79080, -9999.000, -9999.000, -9999.000,  0.105,  0.317,  0.294
 79140, -9999.000, -9999.000, -9999.000, -9999.000, -9999.000, -9999.000
 79200, -9999.000, -9999.000, -9999.000, -9999.000, -9999.000, -9999.000
 79260, -9999.000, -9999.000, -9999.000, -9999.000, -9999.000, -9999.000
 79320, -9999.000, -9999.000, -9999.000, -9999.000, -9999.000, -9999.000
 79380, -9999.000, -9999.000, -9999.000, -9999.000, -9999.000, -9999.000
 79440, -9999.000, -9999.000, -9999.000, -9999.000, -9999.000, -9999.000
 79500,  0.933, -9999.000, -9999.000,  0.170, -0.024,  0.147
 79560,  0.991, -9999.000, -9999.000,  0.143,  0.161,  0.092
 79620, -9999.000, -9999.000, -9999.000, -9999.000, -9999.000, -9999.000
 79680,  1.064, -9999.000,  0.757,  0.033,  0.040,  0.360
 79740,  0.584, -9999.000,  0.749,  0.062,  0.043,  0.070
 79800,  1.220,  0.178,  0.691,  0.089,  0.076,  0.243
 79860,  0.676,  0.062,  0.641,  0.048,  0.118, -0.065
 79920,  1.122,  0.171,  0.765,  0.120,  0.070,  0.133
 79980,  1.289,  0.204,  0.835,  0.116,  0.080,  0.111
 80040,  1.273,  0.259,  0.705,  0.089,  0.094, -0.019
 80100,  1.146,  0.110,  0.630,  0.083,  0.099,  0.010
 80160,  1.234,  0.157,  0.761,  0.111,  0.050,  0.105
 80220,  1.091,  0.182,  0.582,  0.101,  0.141,  0.035
 80280,  1.034,  0.207,  0.616,  0.050,  0.099,  0.100
 80340,  1.188,  0.175,  0.599,  0.067,  0.093,  0.114
 80400,  1.062,  0.153,  0.677,  0.068,  0.123,  0.032
 80460,  1.124,  0.249,  0.639,  0.074,  0.098,  0.042
 80520,  1.173,  0.224,  0.583,  0.086,  0.086, -0.009
 80580,  1.200,  0.135,  0.767,  0.124,  0.072,  0.043
 80640,  1.141,  0.190,  0.850,  0.123,  0.039,  0.008
 80700,  1.219,  0.212,  0.588,  0.132,  0.204,  0.029
 80760,  1.201,  0.160,  0.711,  0.114,  0.113,  0.068
 80820,  1.075,  0.113,  0.646,  0.058,  0.068,  0.121
 80880,  1.171,  0.157,  0.605,  0.091,  0.033,  0.028
 80940,  1.113,  0.235,  0.713,  0.072,  0.078, -0.010
 81000,  1.151,  0.037,  0.548,  0.119,  0.100,  0.068
 81060,  1.166,  0.259,  0.670,  0.058,  0.105, -0.073
 81120,  1.111,  0.211,  0.473,  0.104,  0.060, -0.140
 81180,  1.160,  0.175,  0.610,  0.055,  0.043, -0.106
 81240,  1.108,  0.187,  0.443,  0.096,  0.044, -0.034
 81300,  1.315,  0.171,  0.636,  0.090,  0.148,  0.026
 81360,  1.021,  0.251,  0.549,  0.071,  0.061,  0.027
 81420,  1.150,  0.245,  0.471,  0.070,  0.077, -0.028
 81480,  1.048,  0.184,  0.545,  0.092,  0.119, -0.093
 81540, -9999.000, -9999.000, -9999.000, -9999.000, -9999.000, -9999.000
 81600,  0.958,  0.136,  0.810,  0.004,  0.118, -0.058
 81660,  1.005,  0.242,  0.546,  0.091,  0.085, -0.051
 81720,  0.936,  0.247,  0.458,  0.036,  0.096, -0.079
 81780,  1.046,  0.069,  0.520,  0.100,  0.069, -0.057
 81840,  0.954,  0.124,  0.545,  0.073,  0.122, -0.084
 81900,  0.969,  0.041,  0.586,  0.051,  0.067, -0.044
 81960,  0.956,  0.172,  0.587,  0.093,  0.101, -0.064
 82020,  1.026,  0.066,  0.482,  0.099,  0.132,  0.000
 82080,  1.074,  0.028,  0.369,  0.063,  0.111, -0.059
 82140,  1.102,  0.044,  0.589,  0.063,  0.123, -0.053
 82200,  1.105,  0.224,  0.513,  0.101,  0.037, -0.061
 82260,  0.816,  0.032,  0.463,  0.099,  0.122, -0.011
 82320,  0.949,  0.135,  0.495,  0.086,  0.059,  0.043
 82380,  1.118, -0.021,  0.647,  0.140,  0.086,  0.008
 82440,  1.087,  0.096,  0.574,  0.127,  0.101, -0.047
 82500,  1.073,  0.004,  0.852,  0.168,  0.137, -0.033
 82560,  1.048, -0.044,  0.868,  0.138,  0.201,  0.062
 82620,  1.016,  0.052,  0.634,  0.080,  0.047,  0.070
 82680,  1.089,  0.000,  0.552,  0.078,  0.121,  0.038
 82740,  0.970,  0.067,  0.699,  0.090,  0.143,  0.041
 82800,  1.078,  0.089,  0.779,  0.107,  0.191, -0.074
 82860,  1.058, -0.020,  0.737,  0.154,  0.039, -0.015
 82920,  0.968,  0.012,  0.512,  0.083,  0.068, -0.065
 82980,  0.885,  0.067,  0.606,  0.096,  0.167, -0.072
 83040,  0.945,  0.069,  0.641,  0.117,  0.104,  0.130
 83100,  1.014,  0.173,  0.701,  0.116, -0.012,  0.038
 83160,  1.059, -0.102,  0.593,  0.157,  0.163,  0.100
 83220,  0.947, -0.110,  0.606,  0.100,  0.091,  0.101
 83280,  0.857,  0.049,  0.632,  0.086,  0.047,  0.084
 83340,  1.064, -0.026,  0.724,  0.101,  0.001,  0.031
 83400, -9999.000, -9999.000, -9999.000, -9999.000, -9999.000, -9999.000
 83460,  1.112, -0.033,  0.647,  0.118,  0.078,  0.031
 83520,  0.835,  0.013,  0.922,  0.102,  0.023,  0.024
 83580,  0.854, -0.022,  0.807,  0.113,  0.027,  0.035
 83640,  0.984,  0.115,  0.850,  0.089,  0.006,  0.040
 83700,  0.778,  0.013,  0.680,  0.092,  0.082,  0.006
 83760,  1.008,  0.039,  0.978,  0.140,  0.116, -0.011
 83820,  0.524, -0.194,  0.679,  0.078, -0.052, -0.174
 83880,  0.851,  0.010,  0.656,  0.092,  0.168, -0.080
 83940,  0.904,  0.021,  0.725,  0.082,  0.006,  0.053
 84000,  0.847,  0.072,  0.832,  0.095,  0.146,  0.066
 84060, -0.386, -0.168,  0.611,  0.062, -0.058, -0.157
 84120, -0.909, -0.258,  0.557,  0.029, -0.142, -0.289
 84180, -0.840, -0.248,  0.465,  0.010, -0.139, -0.285
 84240,  0.732,  0.158,  0.617,  0.056,  0.102,  0.002
 84300,  0.777,  0.192,  0.811,  0.098,  0.056,  0.109
 84360,  0.453,  0.013,  0.733,  0.124,  0.047, -0.098
 84420,  0.788,  0.108,  0.648,  0.096,  0.114,  0.080
 84480,  0.860,  0.215,  0.587,  0.105,  0.142,  0.132
 84540,  0.878,  0.164,  0.775,  0.074,  0.091,  0.083
 84600,  0.967,  0.216,  0.924,  0.107,  0.044,  0.255
 84660,  0.872,  0.309,  0.680,  0.086,  0.081,  0.083
 84720,  0.878,  0.161,  0.825,  0.090,  0.044,  0.074
 84780,  1.005,  0.229,  0.832,  0.116,  0.078,  0.134
 84840,  0.853,  0.184,  0.833,  0.061, -0.027,  0.027
 84900,  0.756,  0.239,  0.871,  0.094,  0.023,  0.081
 84960,  0.799,  0.155,  0.840,  0.114,  0.031,  0.096
 85020,  0.645,  0.172,  0.884,  0.091,  0.049,  0.068
 85080,  0.775,  0.191,  0.785,  0.091, -0.014,  0.059
 85140,  0.848,  0.295,  0.737,  0.046,  0.048,  0.094
 85200,  0.799,  0.264,  0.624,  0.177,  0.023,  0.144
 85260, -9999.000, -9999.000, -9999.000, -9999.000, -9999.000, -9999.000
 85320,  0.697,  0.123,  0.550,  0.081,  0.028, -0.084
 85380,  0.823,  0.204,  0.745,  0.138,  0.070,  0.057
 85440,  0.962,  0.118,  0.725,  0.075,  0.036,  0.165
 85500,  0.752,  0.159,  0.580,  0.077,  0.081,  0.075
 85560,  0.730,  0.269,  0.656,  0.060,  0.068,  0.105
 85620,  0.881,  0.388,  0.613,  0.061,  0.120, -0.022
 85680,  0.945,  0.202,  0.697,  0.037,  0.049,  0.127
 85740,  0.769,  0.281,  0.567,  0.090,  0.167,  0.050
 85800,  0.276,  0.095,  0.492,  0.042,  0.036, -0.063
 85860, -0.365,  0.073,  0.525,  0.043,  0.003, -0.074
 85920, -1.178, -0.074,  0.492, -0.011, -0.150, -0.222
 85980, -1.173, -0.074,  0.626, -0.003, -0.150, -0.222
 86040, -0.734, -0.030,  0.504,  0.025, -0.097, -0.144
 86100,  0.874,  0.173,  0.730,  0.070,  0.147,  0.057
 86160,  0.746,  0.396,  0.800,  0.072,  0.106, -0.003
 86220,  0.732,  0.342,  0.967,  0.083,  0.088,  0.100
 86280,  0.732,  0.322,  1.085,  0.114,  0.140,  0.037
 86340,  0.676,  0.252,  0.897,  0.053,  0.181,  0.106
