CampaignData_and_Merges/R0/CSL_MobileLab_Parked/raw/20240726/USOS-NOAAIodideCIMS-OrgNitrs_MobileLabGround_20240726_RA.ict
37, 1001
Michael A Robinson, Chris Jernigan, Subi Thakali
NOAA ESRL Chemical Sciences Laboratory and CIRES, U. of Colorado
NOAA Iodide CIMS Instrument
USOS
1, 1
2024, 07, 26, 2024, 07, 27
1
starttime_UTC, seconds_past_midnight, seconds_of_day_since_00:00:00_UTC
5
1, 1, 1, 1, 1
-9999, -9999, -9999, -9999, -9999
C4H7NO5_NOAACIMS, pptv, Gas_C4H7NO5_InSitu_S_AVMR, 
ISOPN_NOAACIMS, pptv, Gas_ISOPN_InSitu_S_AVMR, 
C5H10O3_NOAACIMS, pptv, Gas_C5H10O3_InSitu_S_AVMR, 
C5H9NO5_NOAACIMS, pptv, Gas_C5H9NO5_InSitu_S_AVMR, 
C10H17NO4_NOAACIMS, pptv, Gas_C10H17NO4_InSitu_S_AVMR, 
0
18
PI_CONTACT_INFO: 325 Broadway, R/CSD 7, Boulder, Colorado 80305; michael.a.robinson@noaa.gov; chris.jernigan@noaa.gov;
PLATFORM: NOAA CSL Mobile Lab
LOCATION: SLC, Utah
ASSOCIATED_DATA: 1Hz data also available on request.
INSTRUMENT_INFO: NOAA I- ToF CIMS
DATA_INFO: All data in parts per trillion by volume (pptv). 1 Hz data is available upon request.
UNCERTAINTY: TBD
ULOD_FLAG: -7777
ULOD_VALUE: N/A
LLOD_FLAG: -8888
LLOD_VALUE: N/A
DM_CONTACT_INFO: Nathan Howard; nathan.h.howard@noaa.gov
PROJECT_INFO: USOS, summer 2024. https://csl.noaa.gov/groups/csl7/measurements/2024usos/
STIPULATIONS_ON_USE: Users are strongly encouraged to contact the PI for proper data usage.
OTHER_COMMENTS: 
REVISION: RA
RA: Preliminary Data; For in-field use only
starttime_UTC, C4H7NO5_NOAACIMS, ISOPN_NOAACIMS, C5H10O3_NOAACIMS, C5H9NO5_NOAACIMS, C10H17NO4_NOAACIMS
[from data line 1241]
 74460, -9999.000, -9999.000, -9999.000, -9999.000, -9999.000
 74520, -9999.000, -9999.000, -9999.000, -9999.000, -9999.000
 74580, -9999.000, -9999.000, -9999.000, -9999.000, -9999.000
 74640, -9999.000, -9999.000, -9999.000, -9999.000, -9999.000
 74700, -9999.000, -9999.000, -9999.000, -9999.000, -9999.000
 74760, -9999.000, -9999.000, -9999.000, -9999.000, -9999.000
 74820, -9999.000, -9999.000, -9999.000, -9999.000, -9999.000
 74880, -9999.000, -9999.000, -9999.000, -9999.000, -9999.000
 74940, -9999.000, -9999.000, -9999.000, -9999.000, -9999.000
 75000, -9999.000, -9999.000, -9999.000, -9999.000, -9999.000
 75060, -9999.000, -9999.000, -9999.000, -9999.000, -9999.000
 75120, -9999.000, -9999.000, -9999.000, -9999.000, -9999.000
 75180, -9999.000, -9999.000, -9999.000, -9999.000, -9999.000
 75240, -9999.000, -9999.000, -9999.000, -9999.000, -9999.000
 75300, -9999.000, -9999.000, -9999.000, -9999.000, -9999.000
 75360, -9999.000, -9999.000, -9999.000, -9999.000, -9999.000
 75420, -9999.000, -9999.000, -9999.000, -9999.000, -9999.000
 75480, -9999.000, -9999.000, -9999.000, -9999.000, -9999.000
 75540, -9999.000, -9999.000, -9999.000, -9999.000, -9999.000
 75600, -9999.000, -9999.000, -9999.000, -9999.000, -9999.000
 75660, -9999.000, -9999.000, -9999.000, -9999.000, -9999.000
 75720, -9999.000, -9999.000, -9999.000, -9999.000, -9999.000
 75780, -9999.000, -9999.000, -9999.000, -9999.000, -9999.000
 75840, -9999.000, -9999.000, -9999.000, -9999.000, -9999.000
 75900, -9999.000, -9999.000, -9999.000, -9999.000, -9999.000
 75960, -9999.000, -9999.000, -9999.000, -9999.000, -9999.000
 76020, -9999.000, -9999.000, -9999.000, -9999.000, -9999.000
 76080, -9999.000, -9999.000, -9999.000, -9999.000, -9999.000
 76140, -9999.000, -9999.000, -9999.000, -9999.000, -9999.000
 76200, -9999.000, -9999.000, -9999.000, -9999.000, -9999.000
 76260, -9999.000, -9999.000, -9999.000, -9999.000, -9999.000
 76320, -9999.000, -9999.000, -9999.000, -9999.000, -9999.000
 76380, -9999.000, -9999.000, -9999.000, -9999.000, -9999.000
 76440, -9999.000, -9999.000, -9999.000, -9999.000, -9999.000
 76500, -9999.000, -9999.000, -9999.000, -9999.000, -9999.000
 76560, -9999.000, -9999.000, -9999.000, -9999.000, -9999.000
 76620, -9999.000, -9999.000, -9999.000, -9999.000, -9999.000
 76680, -9999.000, -9999.000, -9999.000, -9999.000, -9999.000
 76740, -9999.000, -9999.000, -9999.000, -9999.000, -9999.000
 76800, -9999.000, -9999.000, -9999.000, -9999.000, -9999.000
 76860, -9999.000, -9999.000, -9999.000, -9999.000, -9999.000
 76920, -9999.000, -9999.000, -9999.000, -9999.000, -9999.000
 76980, -9999.000, -9999.000, -9999.000, -9999.000, -9999.000
 77040, -9999.000, -9999.000, -9999.000, -9999.000, -9999.000
 77100, -9999.000, -9999.000, -9999.000, -9999.000, -9999.000
 77160, -9999.000, -9999.000, -9999.000, -9999.000, -9999.000
 77220, -9999.000, -9999.000, -9999.000, -9999.000, -9999.000
 77280, -9999.000, -9999.000, -9999.000, -9999.000, -9999.000
 77340, -9999.000, -9999.000, -9999.000, -9999.000, -9999.000
 77400, -9999.000, -9999.000, -9999.000, -9999.000, -9999.000
 77460, -9999.000, -9999.000, -9999.000, -9999.000, -9999.000
 77520, -9999.000, -9999.000, -9999.000, -9999.000, -9999.000
 77580, -9999.000, -9999.000, -9999.000, -9999.000, -9999.000
 77640, -9999.000, -9999.000, -9999.000, -9999.000, -9999.000
 77700, -9999.000, -9999.000, -9999.000, -9999.000, -9999.000
 77760, -9999.000, -9999.000, -9999.000, -9999.000, -9999.000
 77820, -9999.000, -9999.000, -9999.000, -9999.000, -9999.000
 77880, -9999.000, -9999.000, -9999.000, -9999.000, -9999.000
 77940, -9999.000, -9999.000, -9999.000, -9999.000, -9999.000
 78000, -9999.000, -9999.000, -9999.000, -9999.000, -9999.000
 78060, -9999.000, -9999.000, -9999.000, -9999.000, -9999.000
 78120, -9999.000, -9999.000, -9999.000, -9999.000, -9999.000
 78180, -9999.000, -9999.000, -9999.000, -9999.000, -9999.000
 78240, -9999.000, -9999.000, -9999.000, -9999.000, -9999.000
 78300, -9999.000, -9999.000, -9999.000, -9999.000, -9999.000
 78360, -9999.000, -9999.000, -9999.000, -9999.000, -9999.000
 78420, -9999.000, -9999.000, -9999.000, -9999.000, -9999.000
 78480, -9999.000, -9999.000, -9999.000, -9999.000, -9999.000
 78540, -9999.000, -9999.000, -9999.000, -9999.000, -9999.000
 78600, -9999.000, -9999.000, -9999.000, -9999.000, -9999.000
 78660, -9999.000, -9999.000, -9999.000, -9999.000, -9999.000
 78720, -9999.000, -9999.000, -9999.000, -9999.000, -9999.000
 78780,  8.312,  4.964, 32.863,  1.842,  0.425
 78840,  7.520,  4.077, 29.590,  2.665,  0.386
 78900,  6.364,  3.182, 20.822,  2.351,  0.106
 78960,  5.677,  3.174, 18.583,  2.252,  0.044
 79020,  5.849,  4.241, 18.061,  2.291,  0.041
 79080,  6.148,  2.600, 17.567,  2.241,  0.147
 79140, -9999.000, -9999.000, -9999.000, -9999.000, -9999.000
 79200, -9999.000, -9999.000, -9999.000, -9999.000, -9999.000
 79260, -9999.000, -9999.000, -9999.000, -9999.000, -9999.000
 79320, -9999.000, -9999.000, -9999.000, -9999.000, -9999.000
 79380, -9999.000, -9999.000, -9999.000, -9999.000, -9999.000
 79440, -9999.000, -9999.000, -9999.000, -9999.000, -9999.000
 79500,  5.849,  3.685, 12.214,  2.078,  0.049
 79560,  6.476,  4.104, 17.364,  2.699,  0.075
 79620, -9999.000, -9999.000, -9999.000, -9999.000, -9999.000
 79680,  7.547,  5.217, 23.388,  2.824,  0.092
 79740,  7.478,  5.369, 25.201,  2.950,  0.157
 79800,  7.365,  5.595, 24.203,  2.962,  0.224
 79860,  7.542,  5.527, 26.421,  2.810,  0.110
 79920,  7.545,  6.023, 25.768,  3.010,  0.233
 79980,  7.416,  5.638, 25.485,  3.019,  0.283
 80040,  7.346,  5.303, 25.035,  2.899,  0.220
 80100,  7.823,  5.602, 25.412,  2.971,  0.248
 80160,  7.836,  5.393, 24.779,  2.866,  0.181
 80220,  7.993,  5.249, 25.571,  2.887,  0.269
 80280,  8.009,  5.865, 24.121,  3.063,  0.265
 80340,  8.148,  5.915, 24.194,  2.930,  0.293
 80400,  8.118,  5.955, 25.384,  3.084,  0.284
 80460,  8.180,  5.662, 24.519,  3.112,  0.225
 80520,  8.094,  5.485, 24.108,  3.269,  0.136
 80580,  8.010,  5.623, 23.392,  3.290,  0.272
 80640,  8.104,  5.698, 23.386,  3.319,  0.222
 80700,  8.261,  6.053, 24.130,  3.326,  0.340
 80760,  8.122,  5.406, 24.019,  3.273,  0.261
 80820,  8.376,  6.374, 24.576,  3.125,  0.306
 80880,  8.443,  7.044, 24.638,  3.543,  0.337
 80940,  8.400,  6.555, 24.196,  3.330,  0.287
 81000,  8.548,  6.369, 24.096,  3.470,  0.325
 81060,  8.274,  5.929, 23.482,  3.251,  0.344
 81120,  8.528,  6.652, 24.240,  3.443,  0.236
 81180,  8.484,  6.190, 23.912,  3.453,  0.259
 81240,  8.401,  6.164, 24.006,  3.335,  0.325
 81300,  8.401,  6.064, 24.013,  3.344,  0.224
 81360,  8.377,  5.978, 22.860,  3.389,  0.339
 81420,  8.384,  6.347, 21.851,  3.488,  0.215
 81480,  8.406,  6.144, 24.035,  3.449,  0.374
 81540, -9999.000, -9999.000, -9999.000, -9999.000, -9999.000
 81600,  8.121,  5.296, 18.708,  3.040,  0.089
 81660,  8.173,  5.491, 18.278,  3.362,  0.378
 81720,  8.463,  5.815, 20.251,  3.541,  0.236
 81780,  8.512,  6.106, 20.564,  3.599,  0.252
 81840,  8.412,  6.205, 21.679,  3.609,  0.294
 81900,  8.479,  6.508, 21.006,  3.443,  0.223
 81960,  8.551,  6.513, 21.527,  3.465,  0.268
 82020,  8.714,  6.032, 21.129,  3.727,  0.221
 82080,  8.787,  5.852, 20.761,  3.660,  0.313
 82140,  8.693,  5.837, 19.455,  3.764,  0.315
 82200,  8.612,  6.273, 19.161,  3.859,  0.245
 82260,  8.846,  5.584, 19.468,  3.723,  0.218
 82320,  8.760,  5.557, 19.404,  3.619,  0.292
 82380,  8.514,  5.396, 19.007,  3.803,  0.313
 82440,  8.618,  5.544, 20.088,  3.749,  0.220
 82500,  8.349,  5.692, 19.295,  3.710,  0.156
 82560,  8.192,  5.698, 19.274,  3.587,  0.357
 82620,  8.667,  5.976, 18.916,  3.842,  0.238
 82680,  8.864,  5.788, 19.177,  3.946,  0.394
 82740,  8.889,  6.207, 20.342,  4.000,  0.246
 82800,  8.844,  6.374, 20.816,  3.952,  0.273
 82860,  8.638,  5.905, 19.280,  3.788,  0.213
 82920,  8.879,  6.634, 19.919,  3.842,  0.328
 82980,  9.070,  6.938, 21.984,  4.033,  0.336
 83040,  9.082,  6.656, 22.025,  3.857,  0.312
 83100,  9.143,  6.697, 22.340,  3.841,  0.338
 83160,  9.119,  7.187, 24.464,  3.939,  0.341
 83220,  8.973,  6.794, 25.995,  4.004,  0.247
 83280,  9.220,  6.815, 25.193,  4.018,  0.256
 83340,  9.290,  7.239, 25.249,  4.058,  0.304
 83400, -9999.000, -9999.000, -9999.000, -9999.000, -9999.000
 83460,  9.168,  6.048, 19.292,  4.092,  0.374
 83520,  9.036,  6.116, 20.701,  3.988,  0.274
 83580,  9.005,  5.927, 20.604,  4.000,  0.300
 83640,  9.038,  6.029, 20.276,  4.111,  0.338
 83700,  9.114,  6.178, 21.398,  3.933,  0.317
 83760,  8.922,  6.393, 20.855,  3.947,  0.260
 83820,  8.879,  5.788, 19.222,  3.757,  0.191
 83880,  9.148,  5.853, 21.600,  4.017,  0.359
 83940,  8.971,  5.930, 21.230,  3.838,  0.299
 84000,  8.711,  6.051, 22.054,  3.897,  0.247
 84060,  8.687,  4.979, 21.522,  3.969,  0.049
 84120,  8.818,  5.346, 21.502,  3.910, -0.133
 84180,  8.688,  4.800, 21.469,  3.819, -0.140
 84240,  9.125,  5.815, 21.452,  4.081,  0.227
 84300,  8.844,  5.476, 20.149,  3.993,  0.206
 84360,  8.541,  5.251, 21.058,  3.943,  0.088
 84420,  8.634,  5.496, 21.122,  3.816,  0.257
 84480,  8.688,  5.523, 21.896,  3.922,  0.278
 84540,  8.585,  5.725, 21.153,  3.851,  0.264
 84600,  8.383,  5.218, 21.807,  3.698,  0.281
 84660,  8.636,  5.136, 21.666,  3.730,  0.250
 84720,  8.414,  5.374, 20.981,  3.841,  0.263
 84780,  8.221,  5.657, 23.146,  3.693,  0.192
 84840,  8.567,  5.483, 21.817,  3.696,  0.227
 84900,  8.510,  5.386, 23.160,  3.697,  0.285
 84960,  8.513,  5.552, 23.037,  3.760,  0.230
 85020,  8.177,  5.087, 22.258,  3.639,  0.231
 85080,  8.051,  5.594, 21.270,  3.516,  0.318
 85140,  8.161,  5.329, 20.476,  3.687,  0.275
 85200,  8.171,  5.327, 21.812,  3.738,  0.235
 85260, -9999.000, -9999.000, -9999.000, -9999.000, -9999.000
 85320,  7.964,  4.991, 17.025,  3.652,  0.154
 85380,  8.246,  5.469, 18.887,  3.586,  0.135
 85440,  8.249,  5.337, 20.969,  3.750,  0.309
 85500,  8.159,  5.408, 21.563,  3.696,  0.197
 85560,  8.129,  5.141, 21.794,  3.628,  0.194
 85620,  8.150,  5.214, 23.165,  3.637,  0.207
 85680,  8.201,  5.120, 22.309,  3.693,  0.226
 85740,  8.121,  5.029, 22.873,  3.510,  0.286
 85800,  8.074,  4.929, 22.398,  3.541,  0.059
 85860,  8.000,  4.053, 22.562,  3.437, -0.085
 85920,  7.842,  4.550, 21.984,  3.723, -0.281
 85980,  7.721,  3.580, 21.547,  3.565, -0.345
 86040,  7.686,  3.747, 22.318,  3.526, -0.184
 86100,  8.019,  5.029, 23.001,  3.758,  0.207
 86160,  8.025,  5.492, 23.795,  3.821,  0.206
 86220,  8.017,  5.554, 23.656,  3.745,  0.205
 86280,  7.896,  5.188, 23.770,  3.590,  0.198
 86340,  7.969,  5.204, 25.191,  3.637,  0.252
