CampaignData_and_Merges/R0/CSL_MobileLab_Parked/raw/20240726/USOS-jNO2_MobileLabGround_20240726_R0.ict
52,1001
Waxman, E.; Rollins, A.; Zuraski, K.; Chace, W.
NOAA Chemical Sciences Laboratory
jNO2 filter radiometer on CSL Mobile Lab
AMMBEC / USOS
1, 1
2024,07,26, 2025,04,01
60
Time_Start, seconds, number_of_seconds_since_0000_UTC
20
1, 1, 1, 1, 1, 1, 1, 1, 1, 1, 1, 1, 1, 1, 1, 1, 1, 1, 1, 1
-9999, -9999, -9999, -9999, -9999, -9999, -9999, -9999, -9999, -9999, -9999, -9999, -9999, -9999, -9999, -9999, -9999, -9999, -9999, -9999
Time_Stop, seconds, number_of_seconds_since_0000_UTC
jNO2_meas, per second, photolysis rate of NO2 measured using a filter radiometer.
jBrCl, per second, photolysis rate of BrCl -> Br + Cl calculated in TUV for cloud-free sky with local AOD
jBr2, per second, photolysis rate of Br2 -> Br + Br calculated in TUV for cloud-free sky with local AOD
jCCl4, per second, photolysis rate of CCl4 -> Products calcualted in TUV for cloud-free sky with local AOD
jCH2Oa, per second, photolysis rate of CH2O -> H + HCO calculated in TUV for cloud-free sky with local AOD
jCH2Ob, per second, photolysis rate of CH2O -> H2 + CO calculated in TUV for cloud-free sky with local AOD
jClNO2, per second, photolysis rate of ClNO2 -> Cl + NO2 calculated in TUV for cloud-free sky with local AOD
jClOa, per second, photolysis rate of ClO -> Cl + O(1D) calculated in TUV for cloud-free sky with local AOD
jClOb, per second, photolysis rate of ClO -> Cl + O(3P) calculated in TUV for cloud-free sky with local AOD
jCl2, per second, photolysis rate of Cl2 -> Cl + Cl calculated in TUV for cloud-free sky with local AOD
jHNO2, per second, photolysis rate of HNO2 -> OH + NO calculated in TUV for cloud-free sky with local AOD
jHNO3, per second, photolysis rate of HNO3 -> OH + NO2 calculated in TUV for cloud-free sky with local AOD
jI2, per second, photolysis rate of I2 -> I + I calculated in TUV for cloud-free sky with local AOD
jNO2, per second, photolysis rate of NO2 -> NO + O(3P) calculated in TUV for cloud-free sky with local AOD
jNO3a, per second, photolysis rate of NO3 -> NO + O2 calculated in TUV for cloud-free sky with local AOD
jNO3b, per second, photolysis rate of NO3 -> NO2 + O(3P) calculated in TUV for cloud-free sky with local AOD
jN2O5, per second, photolysis rate of N2O5 -> NO3 + NO + O(3P) calculated in TUV for cloud-free sky with local AOD
jO3, per second, photolysis rate of O3 -> O2 + O(1D) calculated in TUV for cloud-free sky with local AOD
AOD_500nm, unitless, UTC daily mean AOD at 500 nm from an AERONET station located at 40.178 N, -112.452 E
0
18
PI_CONTACT_INFO: eleanor.waxman@noaa.gov
PLATFORM: CSL Mobile Lab, at ground site
LOCATION: Salt Lake City, UT
ASSOCIATED_DATA:
INSTRUMENT_INFO: jNO2 filter radiometer.  TUV calculations are for mobile van lat/lon/altitude assuming clear sky (cloud AOD = 0) and daily mean AOD.
DATA_INFO:
UNCERTAINTY: Data uncertainties are +/- 20%.  These come from uncertainties in radiometer angular response, radiometer thermal response, local interferences from clouds/aerosols/shadows etc.
ULOD_FLAG: -7777
ULOD_VALUE: N/A
LLOD_FLAG: -8888
LLOD_VALUE: N/A
DM_CONTACT_INFO: eleanor.waxman@noaa.gov
PROJECT_INFO: USOS Project, July - August 2024
STIPULATIONS_ON_USE: Users are strongly encouraged to contact the PI for proper data usage.
OTHER_COMMENTS: 
REVISION: R0
R0: final data
Time_Start, Time_Stop, jNO2_meas, jBrCl, jBr2, jCCl4, jCH2Oa, jCH2Ob, jClNO2, jClOa, jClOb, jCl2, jHNO2, jHNO3, jI2, jNO2, jNO3a, jNO3b, jN2O5, jO3, AOD_500nm
[from data line 1388]
   83280,   83340,0.0070795,0.008855,0.02761,6.052e-25,2.081e-05,3.434e-05,0.0003401,2.138e-25,2.196e-05,0.001752,0.001171,3.275e-07,0.1006,0.007309,0.01967,0.1565,2.931e-05,1.398e-05,0.141
   83340,   83400,0.007037,0.008835,0.02756,5.885e-25,2.07e-05,3.419e-05,0.0003387,2.077e-25,2.174e-05,0.001746,0.001168,3.251e-07,0.1005,0.007288,0.01965,0.1563,2.917e-05,1.384e-05,0.141
   83400,   83460,0.0070039,0.008814,0.02751,5.725e-25,2.058e-05,3.404e-05,0.0003372,2.019e-25,2.152e-05,0.00174,0.001164,3.227e-07,0.1003,0.007266,0.01963,0.1561,2.903e-05,1.369e-05,0.141
   83460,   83520,0.0069381,0.008795,0.02746,5.58e-25,2.046e-05,3.39e-05,0.0003359,1.966e-25,2.132e-05,0.001734,0.00116,3.204e-07,0.1002,0.007246,0.0196,0.1559,2.89e-05,1.356e-05,0.141
   83520,   83580,0.0068233,0.008774,0.02741,5.43e-25,2.034e-05,3.375e-05,0.0003344,1.912e-25,2.11e-05,0.001728,0.001157,3.18e-07,0.1001,0.007224,0.01958,0.1556,2.876e-05,1.341e-05,0.141
   83580,   83640,0.0067187,0.008753,0.02736,5.286e-25,2.022e-05,3.359e-05,0.0003329,1.86e-25,2.089e-05,0.001721,0.001153,3.156e-07,0.09991,0.007202,0.01956,0.1554,2.862e-05,1.327e-05,0.141
   83640,   83700,0.0062341,0.008733,0.02731,5.155e-25,2.011e-05,3.345e-05,0.0003315,1.813e-25,2.069e-05,0.001715,0.001149,3.134e-07,0.09977,0.007181,0.01953,0.1552,2.849e-05,1.314e-05,0.141
   83700,   83760,0.0057016,0.008712,0.02726,5.021e-25,1.999e-05,3.33e-05,0.0003301,1.765e-25,2.047e-05,0.001709,0.001145,3.109e-07,0.09962,0.007159,0.01951,0.155,2.835e-05,1.3e-05,0.141
   83760,   83820,0.0044848,0.00869,0.0272,4.891e-25,1.987e-05,3.314e-05,0.0003286,1.718e-25,2.026e-05,0.001703,0.001141,3.085e-07,0.09947,0.007136,0.01949,0.1548,2.821e-05,1.285e-05,0.141
   83820,   83880,0.0049112,0.00867,0.02715,4.773e-25,1.975e-05,3.3e-05,0.0003272,1.676e-25,2.005e-05,0.001696,0.001138,3.062e-07,0.09933,0.007115,0.01946,0.1546,2.807e-05,1.272e-05,0.141
   83880,   83940,0.0035591,0.008648,0.0271,4.652e-25,1.963e-05,3.284e-05,0.0003257,1.633e-25,1.984e-05,0.00169,0.001133,3.038e-07,0.09917,0.007092,0.01944,0.1544,2.793e-05,1.258e-05,0.141
   83940,   84000,0.003063,0.008626,0.02704,4.535e-25,1.951e-05,3.268e-05,0.0003241,1.591e-25,1.963e-05,0.001683,0.001129,3.014e-07,0.09901,0.007068,0.01941,0.1541,2.779e-05,1.244e-05,0.141
   84000,   84060,0.0029997,0.008604,0.02699,4.428e-25,1.939e-05,3.253e-05,0.0003227,1.553e-25,1.943e-05,0.001677,0.001126,2.991e-07,0.09886,0.007046,0.01939,0.1539,2.765e-05,1.231e-05,0.141
   84060,   84120,0.0028142,0.008582,0.02694,4.319e-25,1.927e-05,3.237e-05,0.0003212,1.515e-25,1.922e-05,0.00167,0.001122,2.967e-07,0.0987,0.007023,0.01936,0.1537,2.751e-05,1.217e-05,0.141
   84120,   84180,0.0030082,0.008559,0.02688,4.213e-25,1.914e-05,3.221e-05,0.0003196,1.477e-25,1.9e-05,0.001664,0.001117,2.942e-07,0.09854,0.006999,0.01934,0.1534,2.736e-05,1.203e-05,0.141
   84180,   84240,0.0049651,0.008537,0.02683,4.116e-25,1.903e-05,3.206e-05,0.0003182,1.443e-25,1.88e-05,0.001657,0.001114,2.919e-07,0.09839,0.006977,0.01931,0.1532,2.722e-05,1.19e-05,0.141
   84240,   84300,0.004443,0.008514,0.02677,4.017e-25,1.89e-05,3.19e-05,0.0003166,1.408e-25,1.859e-05,0.00165,0.001109,2.895e-07,0.09822,0.006953,0.01928,0.153,2.707e-05,1.176e-05,0.141
   84300,   84360,0.0031059,0.008491,0.02671,3.921e-25,1.878e-05,3.174e-05,0.0003151,1.374e-25,1.838e-05,0.001644,0.001105,2.871e-07,0.09805,0.006928,0.01926,0.1527,2.693e-05,1.162e-05,0.141
   84360,   84420,0.0032048,0.008469,0.02665,3.834e-25,1.866e-05,3.158e-05,0.0003136,1.343e-25,1.819e-05,0.001637,0.001101,2.848e-07,0.0979,0.006905,0.01923,0.1525,2.679e-05,1.149e-05,0.141
   84420,   84480,0.0031405,0.008445,0.02659,3.744e-25,1.853e-05,3.142e-05,0.000312,1.312e-25,1.798e-05,0.00163,0.001097,2.823e-07,0.09772,0.006881,0.0192,0.1522,2.664e-05,1.135e-05,0.141
   84480,   84540,0.0030813,0.008421,0.02653,3.657e-25,1.841e-05,3.125e-05,0.0003104,1.281e-25,1.777e-05,0.001623,0.001093,2.799e-07,0.09755,0.006856,0.01917,0.152,2.649e-05,1.122e-05,0.141
   84540,   84600,0.0030207,0.008398,0.02648,3.577e-25,1.829e-05,3.11e-05,0.0003089,1.253e-25,1.757e-05,0.001616,0.001088,2.776e-07,0.09739,0.006832,0.01915,0.1518,2.635e-05,1.109e-05,0.141
   84600,   84660,0.0029916,0.008373,0.02642,3.495e-25,1.816e-05,3.093e-05,0.0003073,1.225e-25,1.736e-05,0.001609,0.001084,2.751e-07,0.09721,0.006807,0.01912,0.1515,2.619e-05,1.095e-05,0.141
   84660,   84720,0.0030082,0.008349,0.02635,3.416e-25,1.803e-05,3.076e-05,0.0003057,1.197e-25,1.716e-05,0.001602,0.00108,2.727e-07,0.09703,0.006782,0.01909,0.1512,2.604e-05,1.082e-05,0.141
   84720,   84780,0.0031404,0.008325,0.0263,3.343e-25,1.791e-05,3.06e-05,0.0003042,1.172e-25,1.696e-05,0.001595,0.001075,2.704e-07,0.09686,0.006758,0.01906,0.151,2.59e-05,1.069e-05,0.141
   84780,   84840,0.0034652,0.0083,0.02623,3.269e-25,1.778e-05,3.043e-05,0.0003025,1.146e-25,1.676e-05,0.001588,0.001071,2.68e-07,0.09668,0.006732,0.01903,0.1507,2.575e-05,1.056e-05,0.141
   84840,   84900,0.0063807,0.008275,0.02617,3.196e-25,1.765e-05,3.026e-05,0.0003009,1.12e-25,1.655e-05,0.001581,0.001067,2.655e-07,0.09649,0.006706,0.019,0.1504,2.559e-05,1.042e-05,0.141
   84900,   84960,0.0065776,0.008251,0.02611,3.13e-25,1.753e-05,3.01e-05,0.0002993,1.097e-25,1.636e-05,0.001574,0.001062,2.632e-07,0.09632,0.006681,0.01897,0.1502,2.545e-05,1.03e-05,0.141
   84960,   85020,0.006522,0.008225,0.02604,3.062e-25,1.74e-05,2.993e-05,0.0002977,1.074e-25,1.616e-05,0.001567,0.001058,2.608e-07,0.09613,0.006655,0.01894,0.1499,2.529e-05,1.016e-05,0.141
   85020,   85080,0.0064008,0.008199,0.02598,2.996e-25,1.727e-05,2.975e-05,0.000296,1.051e-25,1.596e-05,0.001559,0.001053,2.583e-07,0.09594,0.006628,0.01891,0.1496,2.514e-05,1.003e-05,0.141
   85080,   85140,0.0062608,0.008174,0.02591,2.935e-25,1.715e-05,2.959e-05,0.0002944,1.03e-25,1.577e-05,0.001552,0.001049,2.56e-07,0.09575,0.006603,0.01888,0.1494,2.499e-05,9.908e-06,0.141
   85140,   85200,0.0062231,0.008148,0.02585,2.873e-25,1.702e-05,2.942e-05,0.0002928,1.008e-25,1.556e-05,0.001545,0.001044,2.536e-07,0.09556,0.006576,0.01885,0.1491,2.484e-05,9.777e-06,0.141
   85200,   85260,0.0061259,0.008121,0.02578,2.812e-25,1.689e-05,2.924e-05,0.0002911,9.87e-26,1.536e-05,0.001537,0.001039,2.512e-07,0.09536,0.006549,0.01882,0.1488,2.468e-05,9.646e-06,0.141
   85260,   85320,0.0059035,0.008096,0.02571,2.758e-25,1.677e-05,2.907e-05,0.0002895,9.678e-26,1.518e-05,0.00153,0.001035,2.489e-07,0.09517,0.006523,0.01879,0.1485,2.453e-05,9.524e-06,0.141
   85320,   85380,0.0059763,0.008068,0.02565,2.701e-25,1.664e-05,2.89e-05,0.0002878,9.48e-26,1.498e-05,0.001522,0.00103,2.464e-07,0.09497,0.006495,0.01875,0.1482,2.437e-05,9.395e-06,0.141
   85380,   85440,0.0059059,0.008041,0.02558,2.645e-25,1.65e-05,2.872e-05,0.0002861,9.288e-26,1.478e-05,0.001515,0.001025,2.44e-07,0.09477,0.006468,0.01872,0.1479,2.421e-05,9.266e-06,0.141
   85440,   85500,0.0055422,0.008015,0.02551,2.594e-25,1.638e-05,2.855e-05,0.0002844,9.112e-26,1.459e-05,0.001507,0.001021,2.417e-07,0.09457,0.006441,0.01869,0.1476,2.406e-05,9.146e-06,0.141
   85500,   85560,0.0028675,0.007987,0.02544,2.542e-25,1.625e-05,2.837e-05,0.0002827,8.93e-26,1.44e-05,0.0015,0.001016,2.393e-07,0.09436,0.006413,0.01865,0.1473,2.39e-05,9.019e-06,0.141
   85560,   85620,0.0026687,0.007959,0.02537,2.49e-25,1.611e-05,2.819e-05,0.000281,8.753e-26,1.42e-05,0.001492,0.001011,2.368e-07,0.09415,0.006385,0.01862,0.147,2.374e-05,8.892e-06,0.141
   85620,   85680,0.0025667,0.007932,0.0253,2.443e-25,1.599e-05,2.802e-05,0.0002793,8.591e-26,1.402e-05,0.001484,0.001006,2.346e-07,0.09395,0.006358,0.01859,0.1467,2.359e-05,8.773e-06,0.141
   85680,   85740,0.0024921,0.007903,0.02522,2.395e-25,1.586e-05,2.784e-05,0.0002776,8.423e-26,1.383e-05,0.001476,0.001001,2.321e-07,0.09374,0.006329,0.01855,0.1464,2.343e-05,8.648e-06,0.141
   85740,   85800,0.0024376,0.007875,0.02515,2.348e-25,1.572e-05,2.765e-05,0.0002758,8.261e-26,1.363e-05,0.001468,0.0009964,2.297e-07,0.09352,0.0063,0.01851,0.1461,2.327e-05,8.524e-06,0.141
   85800,   85860,0.002402,0.007847,0.02508,2.305e-25,1.56e-05,2.748e-05,0.0002742,8.112e-26,1.345e-05,0.001461,0.0009916,2.274e-07,0.09331,0.006272,0.01848,0.1458,2.311e-05,8.407e-06,0.141
   85860,   85920,0.0024873,0.007818,0.025,2.26e-25,1.546e-05,2.729e-05,0.0002724,7.957e-26,1.326e-05,0.001453,0.0009866,2.25e-07,0.09309,0.006243,0.01844,0.1455,2.295e-05,8.284e-06,0.141
   85920,   85980,0.002977,0.007788,0.02493,2.216e-25,1.533e-05,2.711e-05,0.0002706,7.807e-26,1.307e-05,0.001445,0.0009815,2.226e-07,0.09286,0.006213,0.01841,0.1451,2.279e-05,8.162e-06,0.141
   85980,   86040,0.0025633,0.00776,0.02486,2.176e-25,1.52e-05,2.693e-05,0.0002689,7.669e-26,1.29e-05,0.001437,0.0009766,2.203e-07,0.09265,0.006185,0.01837,0.1448,2.263e-05,8.047e-06,0.141
   86040,   86100,0.0032687,0.00773,0.02478,2.135e-25,1.507e-05,2.675e-05,0.0002671,7.526e-26,1.271e-05,0.001429,0.0009714,2.179e-07,0.09242,0.006154,0.01833,0.1445,2.247e-05,7.926e-06,0.141
   86100,   86160,0.0039405,0.007699,0.0247,2.094e-25,1.493e-05,2.656e-05,0.0002653,7.387e-26,1.252e-05,0.001421,0.0009662,2.155e-07,0.09219,0.006124,0.01829,0.1441,2.23e-05,7.806e-06,0.141
   86160,   86220,0.0028183,0.00767,0.02462,2.057e-25,1.481e-05,2.638e-05,0.0002636,7.26e-26,1.235e-05,0.001413,0.0009613,2.133e-07,0.09196,0.006095,0.01826,0.1438,2.215e-05,7.694e-06,0.141
   86220,   86280,0.0028602,0.007639,0.02454,2.019e-25,1.467e-05,2.619e-05,0.0002618,7.128e-26,1.216e-05,0.001404,0.000956,2.109e-07,0.09173,0.006065,0.01822,0.1435,2.198e-05,7.575e-06,0.141
   86280,   86340,0.0028955,0.007608,0.02446,1.982e-25,1.454e-05,2.6e-05,0.00026,6.999e-26,1.198e-05,0.001396,0.0009507,2.085e-07,0.09149,0.006033,0.01818,0.1431,2.181e-05,7.457e-06,0.141
   86340,   86400,0.0028869,0.007578,0.02439,1.947e-25,1.441e-05,2.582e-05,0.0002582,6.88e-26,1.181e-05,0.001388,0.0009457,2.062e-07,0.09126,0.006004,0.01814,0.1428,2.166e-05,7.347e-06,0.141
