CampaignData_and_Merges/R0/CSL_MobileLab_Parked/raw/20240726/USOS-jNO2_MobileLabGround_20240726_R0.ict
52,1001
Waxman, E.; Rollins, A.; Zuraski, K.; Chace, W.
NOAA Chemical Sciences Laboratory
jNO2 filter radiometer on CSL Mobile Lab
AMMBEC / USOS
1, 1
2024,07,26, 2025,04,01
60
Time_Start, seconds, number_of_seconds_since_0000_UTC
20
1, 1, 1, 1, 1, 1, 1, 1, 1, 1, 1, 1, 1, 1, 1, 1, 1, 1, 1, 1
-9999, -9999, -9999, -9999, -9999, -9999, -9999, -9999, -9999, -9999, -9999, -9999, -9999, -9999, -9999, -9999, -9999, -9999, -9999, -9999
Time_Stop, seconds, number_of_seconds_since_0000_UTC
jNO2_meas, per second, photolysis rate of NO2 measured using a filter radiometer.
jBrCl, per second, photolysis rate of BrCl -> Br + Cl calculated in TUV for cloud-free sky with local AOD
jBr2, per second, photolysis rate of Br2 -> Br + Br calculated in TUV for cloud-free sky with local AOD
jCCl4, per second, photolysis rate of CCl4 -> Products calcualted in TUV for cloud-free sky with local AOD
jCH2Oa, per second, photolysis rate of CH2O -> H + HCO calculated in TUV for cloud-free sky with local AOD
jCH2Ob, per second, photolysis rate of CH2O -> H2 + CO calculated in TUV for cloud-free sky with local AOD
jClNO2, per second, photolysis rate of ClNO2 -> Cl + NO2 calculated in TUV for cloud-free sky with local AOD
jClOa, per second, photolysis rate of ClO -> Cl + O(1D) calculated in TUV for cloud-free sky with local AOD
jClOb, per second, photolysis rate of ClO -> Cl + O(3P) calculated in TUV for cloud-free sky with local AOD
jCl2, per second, photolysis rate of Cl2 -> Cl + Cl calculated in TUV for cloud-free sky with local AOD
jHNO2, per second, photolysis rate of HNO2 -> OH + NO calculated in TUV for cloud-free sky with local AOD
jHNO3, per second, photolysis rate of HNO3 -> OH + NO2 calculated in TUV for cloud-free sky with local AOD
jI2, per second, photolysis rate of I2 -> I + I calculated in TUV for cloud-free sky with local AOD
jNO2, per second, photolysis rate of NO2 -> NO + O(3P) calculated in TUV for cloud-free sky with local AOD
jNO3a, per second, photolysis rate of NO3 -> NO + O2 calculated in TUV for cloud-free sky with local AOD
jNO3b, per second, photolysis rate of NO3 -> NO2 + O(3P) calculated in TUV for cloud-free sky with local AOD
jN2O5, per second, photolysis rate of N2O5 -> NO3 + NO + O(3P) calculated in TUV for cloud-free sky with local AOD
jO3, per second, photolysis rate of O3 -> O2 + O(1D) calculated in TUV for cloud-free sky with local AOD
AOD_500nm, unitless, UTC daily mean AOD at 500 nm from an AERONET station located at 40.178 N, -112.452 E
0
18
PI_CONTACT_INFO: eleanor.waxman@noaa.gov
PLATFORM: CSL Mobile Lab, at ground site
LOCATION: Salt Lake City, UT
ASSOCIATED_DATA:
INSTRUMENT_INFO: jNO2 filter radiometer.  TUV calculations are for mobile van lat/lon/altitude assuming clear sky (cloud AOD = 0) and daily mean AOD.
DATA_INFO:
UNCERTAINTY: Data uncertainties are +/- 20%.  These come from uncertainties in radiometer angular response, radiometer thermal response, local interferences from clouds/aerosols/shadows etc.
ULOD_FLAG: -7777
ULOD_VALUE: N/A
LLOD_FLAG: -8888
LLOD_VALUE: N/A
DM_CONTACT_INFO: eleanor.waxman@noaa.gov
PROJECT_INFO: USOS Project, July - August 2024
STIPULATIONS_ON_USE: Users are strongly encouraged to contact the PI for proper data usage.
OTHER_COMMENTS: 
REVISION: R0
R0: final data
Time_Start, Time_Stop, jNO2_meas, jBrCl, jBr2, jCCl4, jCH2Oa, jCH2Ob, jClNO2, jClOa, jClOb, jCl2, jHNO2, jHNO3, jI2, jNO2, jNO3a, jNO3b, jN2O5, jO3, AOD_500nm
[from data line 705]
   42300,   42360,-9999,5.467e-07,1.51e-06,2.033e-29,5.249e-10,1.589e-09,1.681e-08,8.029e-30,2.122e-10,1.008e-07,7.604e-08,6.199e-12,3.729e-06,4.744e-07,3.714e-07,4.481e-06,1.287e-09,1.503e-10,0.141
   42360,   42420,-9999,6.961e-07,1.915e-06,2.831e-29,6.836e-10,2.052e-09,2.163e-08,1.119e-29,2.789e-10,1.294e-07,9.744e-08,8.081e-12,4.701e-06,6.066e-07,4.617e-07,5.626e-06,1.659e-09,1.97e-10,0.141
   42420,   42480,-9999,8.731e-07,2.395e-06,3.867e-29,8.744e-10,2.603e-09,2.737e-08,1.529e-29,3.613e-10,1.632e-07,1.228e-07,1.036e-11,5.859e-06,7.631e-07,5.709e-07,6.994e-06,2.102e-09,2.543e-10,0.141
   42480,   42540,-9999,1.102e-06,3.021e-06,5.177e-29,1.116e-09,3.305e-09,3.47e-08,2.047e-29,4.644e-10,2.066e-07,1.553e-07,1.323e-11,7.383e-06,9.642e-07,7.167e-07,8.801e-06,2.666e-09,3.262e-10,0.141
   42540,   42600,-9999,1.354e-06,3.715e-06,6.947e-29,1.396e-09,4.091e-09,4.285e-08,2.749e-29,5.914e-10,2.545e-07,1.909e-07,1.66e-11,9.115e-06,1.185e-06,8.888e-07,1.087e-05,3.298e-09,4.137e-10,0.141
   42600,   42660,-9999,1.668e-06,4.581e-06,9.19e-29,1.736e-09,5.052e-09,5.285e-08,3.641e-29,7.471e-10,3.136e-07,2.349e-07,2.071e-11,1.128e-05,1.457e-06,1.107e-06,1.346e-05,4.072e-09,5.209e-10,0.141
   42660,   42720,-9999,2.084e-06,5.744e-06,1.2e-28,2.166e-09,6.288e-09,6.58e-08,4.756e-29,9.405e-10,3.906e-07,2.924e-07,2.589e-11,1.421e-05,1.815e-06,1.41e-06,1.699e-05,5.072e-09,6.549e-10,0.141
   42720,   42780,6.9347e-07,2.526e-06,6.992e-06,1.555e-28,2.639e-09,7.61e-09,7.96e-08,6.172e-29,1.165e-09,4.722e-07,3.531e-07,3.165e-11,1.745e-05,2.194e-06,1.763e-06,2.094e-05,6.14e-09,8.086e-10,0.141
   42780,   42840,-9999,3.113e-06,8.654e-06,1.982e-28,3.232e-09,9.304e-09,9.744e-08,7.871e-29,1.441e-09,5.786e-07,4.327e-07,3.887e-11,2.175e-05,2.691e-06,2.238e-06,2.619e-05,7.518e-09,9.99e-10,0.141
   42840,   42900,-9999,3.757e-06,1.051e-05,2.506e-28,3.868e-09,1.113e-08,1.167e-07,9.959e-29,1.741e-09,6.937e-07,5.186e-07,4.664e-11,2.672e-05,3.23e-06,2.814e-06,3.235e-05,9.003e-09,1.206e-09,0.141
   42900,   42960,-9999,4.656e-06,1.312e-05,3.151e-28,4.692e-09,1.355e-08,1.426e-07,1.253e-28,2.122e-09,8.504e-07,6.361e-07,5.669e-11,3.373e-05,3.976e-06,3.642e-06,4.103e-05,1.099e-08,1.47e-09,0.141
   42960,   43020,-9999,5.563e-06,1.577e-05,3.897e-28,5.555e-09,1.604e-08,1.69e-07,1.551e-28,2.531e-09,1.009e-06,7.547e-07,6.725e-11,4.104e-05,4.725e-06,4.551e-06,5.025e-05,1.303e-08,1.753e-09,0.141
   43020,   43080,-9999,6.708e-06,1.917e-05,4.748e-28,6.57e-09,1.905e-08,2.012e-07,1.891e-28,2.997e-09,1.205e-06,9.011e-07,7.961e-11,5.062e-05,5.656e-06,5.795e-06,6.246e-05,1.55e-08,2.077e-09,0.141
   43080,   43140,-9999,8.159e-06,2.351e-05,5.782e-28,7.799e-09,2.275e-08,2.41e-07,2.304e-28,3.552e-09,1.449e-06,1.084e-06,9.454e-11,6.306e-05,6.823e-06,7.488e-06,7.85e-05,1.856e-08,2.466e-09,0.141
   43140,   43200,1.2606e-06,9.866e-06,2.866e-05,7.024e-28,9.216e-09,2.704e-08,2.873e-07,2.801e-28,4.197e-09,1.733e-06,1.297e-06,1.118e-10,7.796e-05,8.189e-06,9.585e-06,9.79e-05,2.211e-08,2.918e-09,0.141
   43200,   43260,1.4348e-06,1.179e-05,3.455e-05,8.34e-28,1.075e-08,3.175e-08,3.383e-07,3.327e-28,4.867e-09,2.048e-06,1.533e-06,1.303e-10,9.564e-05,9.704e-06,1.218e-05,0.0001213,2.6e-08,3.391e-09,0.141
   43260,   43320,-9999,1.408e-05,4.163e-05,9.835e-28,1.251e-08,3.723e-08,3.978e-07,3.924e-28,5.623e-09,2.417e-06,1.81e-06,1.515e-10,0.0001173,1.149e-05,1.543e-05,0.0001502,3.055e-08,3.927e-09,0.141
   43320,   43380,5.2486e-06,1.664e-05,4.963e-05,1.144e-27,1.443e-08,4.324e-08,4.633e-07,4.566e-28,6.427e-09,2.825e-06,2.117e-06,1.745e-10,0.0001422,1.347e-05,1.923e-05,0.0001837,3.554e-08,4.501e-09,0.141
   43380,   43440,1.6202e-07,1.977e-05,5.951e-05,1.332e-27,1.671e-08,5.046e-08,5.422e-07,5.316e-28,7.361e-09,3.319e-06,2.487e-06,2.017e-10,0.0001735,1.587e-05,2.411e-05,0.0002263,4.155e-08,5.171e-09,0.141
   43440,   43500,4.3449e-07,2.344e-05,7.121e-05,1.542e-27,1.931e-08,5.877e-08,6.332e-07,6.155e-28,8.402e-09,3.89e-06,2.915e-06,2.326e-10,0.0002113,1.865e-05,3.005e-05,0.000278,4.847e-08,5.922e-09,0.141
   43500,   43560,3.7123e-06,2.753e-05,8.433e-05,1.765e-27,2.215e-08,6.787e-08,7.332e-07,7.046e-28,9.509e-09,4.52e-06,3.387e-06,2.66e-10,0.0002542,2.172e-05,3.686e-05,0.0003369,5.607e-08,6.724e-09,0.141
   43560,   43620,9.8707e-06,3.254e-05,0.0001005,2.025e-27,2.554e-08,7.886e-08,8.54e-07,8.083e-28,1.08e-08,5.283e-06,3.959e-06,3.059e-10,0.000308,2.546e-05,4.543e-05,0.0004111,6.524e-08,7.667e-09,0.141
   43620,   43680,1.5096e-05,3.726e-05,0.0001161,2.251e-27,2.871e-08,8.907e-08,9.658e-07,8.983e-28,1.195e-08,5.991e-06,4.486e-06,3.426e-10,0.0003618,2.891e-05,5.427e-05,0.0004866,7.373e-08,8.509e-09,0.141
   43680,   43740,9.8573e-06,4.283e-05,0.0001345,2.516e-27,3.241e-08,1.01e-07,1.097e-06,1.004e-27,1.329e-08,6.826e-06,5.109e-06,3.855e-10,0.0004249,3.299e-05,6.457e-05,0.0005749,8.372e-08,9.493e-09,0.141
   43740,   43800,2.3648e-05,5.002e-05,0.0001583,2.84e-27,3.708e-08,1.163e-07,1.265e-06,1.133e-27,1.495e-08,7.895e-06,5.906e-06,4.396e-10,0.0005063,3.823e-05,7.776e-05,0.0006888,9.645e-08,1.072e-08,0.141
   43800,   43860,1.9209e-05,5.691e-05,0.0001814,3.127e-27,4.155e-08,1.307e-07,1.424e-06,1.247e-27,1.647e-08,8.905e-06,6.656e-06,4.905e-10,0.0005882,4.317e-05,9.13e-05,0.0008047,1.085e-07,1.185e-08,0.141
   43860,   43920,2.2152e-05,6.473e-05,0.0002076,3.449e-27,4.658e-08,1.471e-07,1.604e-06,1.375e-27,1.818e-08,1.005e-05,7.509e-06,5.48e-10,0.0006804,4.88e-05,0.0001065,0.0009352,1.221e-07,1.312e-08,0.141
   43920,   43980,2.6801e-05,7.381e-05,0.0002383,3.794e-27,5.236e-08,1.659e-07,1.81e-06,1.512e-27,2.008e-08,1.137e-05,8.487e-06,6.135e-10,0.0007889,5.527e-05,0.0001243,0.001089,1.378e-07,1.454e-08,0.141
   43980,   44040,3.3758e-05,8.347e-05,0.000271,4.155e-27,5.855e-08,1.858e-07,2.029e-06,1.655e-27,2.209e-08,1.277e-05,9.525e-06,6.833e-10,0.000906,6.215e-05,0.0001438,0.001256,1.544e-07,1.605e-08,0.141
   44040,   44100,3.6201e-05,9.274e-05,0.0003026,4.476e-27,6.448e-08,2.048e-07,2.237e-06,1.782e-27,2.395e-08,1.41e-05,1.051e-05,7.496e-10,0.001021,6.867e-05,0.0001631,0.001421,1.702e-07,1.745e-08,0.141
   44100,   44160,4.1279e-05,0.0001064,0.0003484,4.946e-27,7.314e-08,2.33e-07,2.547e-06,1.969e-27,2.67e-08,1.609e-05,1.198e-05,8.47e-10,0.001182,7.844e-05,0.0001896,0.00165,1.937e-07,1.952e-08,0.141
   44160,   44220,5.0336e-05,0.0001168,0.0003843,5.272e-27,7.989e-08,2.542e-07,2.779e-06,2.097e-27,2.874e-08,1.757e-05,1.307e-05,9.215e-10,0.001316,8.569e-05,0.0002125,0.001844,2.113e-07,2.105e-08,0.141
   44220,   44280,5.6629e-05,0.000128,0.0004229,5.614e-27,8.72e-08,2.772e-07,3.03e-06,2.232e-27,3.092e-08,1.917e-05,1.425e-05,1.002e-09,0.001458,9.355e-05,0.0002366,0.00205,2.304e-07,2.271e-08,0.141
   44280,   44340,6.2474e-05,0.0001416,0.0004696,6.019e-27,9.613e-08,3.054e-07,3.337e-06,2.391e-27,3.358e-08,2.113e-05,1.57e-05,1.1e-09,0.001628,0.0001032,0.0002652,0.002296,2.537e-07,2.472e-08,0.141
   44340,   44400,7.1718e-05,0.0001573,0.0005227,6.472e-27,1.065e-07,3.379e-07,3.692e-06,2.57e-27,3.664e-08,2.34e-05,1.737e-05,1.214e-09,0.00182,0.0001143,0.0002976,0.002574,2.807e-07,2.703e-08,0.141
   44400,   44460,8.0341e-05,0.000174,0.000579,6.948e-27,1.176e-07,3.731e-07,4.075e-06,2.757e-27,3.991e-08,2.583e-05,1.917e-05,1.336e-09,0.002024,0.0001262,0.0003325,0.00287,3.098e-07,2.951e-08,0.141
   44460,   44520,8.5026e-05,0.000192,0.0006405,8.366e-27,1.298e-07,4.112e-07,4.489e-06,2.991e-27,4.345e-08,2.846e-05,2.111e-05,1.469e-09,0.002254,0.0001391,0.0003789,0.00322,3.413e-07,3.22e-08,0.141
   44520,   44580,9.3618e-05,0.0002086,0.0006978,8.696e-27,1.413e-07,4.465e-07,4.87e-06,3.154e-27,4.673e-08,3.087e-05,2.288e-05,1.594e-09,0.002472,0.0001508,0.0004219,0.00355,3.703e-07,3.468e-08,0.141
   44580,   44640,0.00010314,0.0002252,0.0007549,9.048e-27,1.529e-07,4.818e-07,5.25e-06,3.313e-27,5.002e-08,3.328e-05,2.464e-05,1.72e-09,0.002692,0.0001625,0.0004682,0.003892,3.993e-07,3.717e-08,0.141
   44640,   44700,0.00012199,0.0002437,0.0008191,9.428e-27,1.661e-07,5.214e-07,5.676e-06,3.484e-27,5.372e-08,3.597e-05,2.66e-05,1.862e-09,0.002945,0.0001756,0.0005247,0.004292,4.318e-07,3.996e-08,0.141
   44700,   44760,0.00012707,0.0002631,0.0008868,9.836e-27,1.801e-07,5.631e-07,6.123e-06,3.659e-27,5.764e-08,3.878e-05,2.866e-05,2.012e-09,0.003219,0.0001892,0.0005899,0.004736,4.66e-07,4.292e-08,0.141
   44760,   44820,0.00013823,0.0002821,0.0009538,1.023e-26,1.939e-07,6.041e-07,6.561e-06,3.825e-27,6.151e-08,4.154e-05,3.067e-05,2.161e-09,0.003498,0.0002025,0.0006595,0.005197,4.995e-07,4.583e-08,0.141
   44820,   44880,0.00015325,0.0003033,0.001029,1.065e-26,2.095e-07,6.497e-07,7.048e-06,4.004e-27,6.585e-08,4.46e-05,3.289e-05,2.328e-09,0.003821,0.0002173,0.0007433,0.005739,5.367e-07,4.908e-08,0.141
   44880,   44940,0.00016311,0.0003254,0.001109,1.11e-26,2.259e-07,6.973e-07,7.554e-06,4.184e-27,7.043e-08,4.777e-05,3.52e-05,2.503e-09,0.004173,0.0002325,0.0008371,0.006339,5.755e-07,5.25e-08,0.141
   44940,   45000,0.00017379,0.0003471,0.001188,1.152e-26,2.421e-07,7.438e-07,8.048e-06,4.355e-27,7.495e-08,5.087e-05,3.744e-05,2.676e-09,0.004531,0.0002474,0.0009347,0.006956,6.134e-07,5.586e-08,0.141
   45000,   45060,0.00018381,0.0003711,0.001277,1.197e-26,2.601e-07,7.951e-07,8.592e-06,4.538e-27,7.999e-08,5.427e-05,3.99e-05,2.869e-09,0.004943,0.0002637,0.001048,0.007671,6.552e-07,5.959e-08,0.141
   45060,   45120,0.0002012,0.0003962,0.001371,1.244e-26,2.79e-07,8.482e-07,9.153e-06,4.721e-27,8.526e-08,5.778e-05,4.242e-05,3.069e-09,0.005387,0.0002804,0.00117,0.008443,6.983e-07,6.348e-08,0.141
   45120,   45180,0.0002103,0.0004208,0.001464,1.288e-26,2.975e-07,9e-07,9.699e-06,4.895e-27,9.048e-08,6.121e-05,4.488e-05,3.267e-09,0.005836,0.0002967,0.001294,0.009227,7.404e-07,6.732e-08,0.141
   45180,   45240,0.00022491,0.0004481,0.001569,1.335e-26,3.181e-07,9.569e-07,1.03e-05,5.08e-27,9.63e-08,6.496e-05,4.756e-05,3.487e-09,0.006346,0.0003145,0.001434,0.01012,7.866e-07,7.157e-08,0.141
   45240,   45300,0.00024118,0.0004766,0.001679,1.383e-26,3.395e-07,1.016e-06,1.092e-05,5.266e-27,1.024e-07,6.884e-05,5.032e-05,3.715e-09,0.006889,0.0003329,0.001582,0.01107,8.343e-07,7.6e-08,0.141
   45300,   45360,0.00025471,0.0005046,0.001788,1.429e-26,3.605e-07,1.073e-06,1.152e-05,5.442e-27,1.084e-07,7.26e-05,5.298e-05,3.939e-09,0.00743,0.0003507,0.001729,0.01201,8.806e-07,8.034e-08,0.141
   45360,   45420,0.00027573,0.0005355,0.00191,1.477e-26,3.837e-07,1.135e-06,1.217e-05,5.629e-27,1.151e-07,7.671e-05,5.589e-05,4.187e-09,0.008037,0.0003701,0.001891,0.01307,9.313e-07,8.514e-08,0.141
   45420,   45480,0.0002853,0.0005676,0.002037,1.526e-26,4.078e-07,1.199e-06,1.284e-05,5.816e-27,1.22e-07,8.094e-05,5.886e-05,4.444e-09,0.008673,0.00039,0.002059,0.01417,9.833e-07,9.013e-08,0.141
   45480,   45540,0.0002998,0.0005991,0.002162,1.572e-26,4.313e-07,1.261e-06,1.35e-05,5.994e-27,1.289e-07,8.505e-05,6.174e-05,4.695e-09,0.009301,0.0004094,0.002224,0.01525,1.034e-06,9.502e-08,0.141
   45540,   45600,0.00031334,0.0006338,0.002301,1.622e-26,4.572e-07,1.329e-06,1.421e-05,6.183e-27,1.366e-07,8.954e-05,6.488e-05,4.973e-09,0.009996,0.0004305,0.002403,0.01645,1.089e-06,1.004e-07,0.141
   45600,   45660,0.00033133,0.0006698,0.002446,1.671e-26,4.84e-07,1.399e-06,1.494e-05,6.372e-27,1.446e-07,9.416e-05,6.81e-05,5.26e-09,0.01072,0.0004523,0.002587,0.01769,1.146e-06,1.06e-07,0.141
   45660,   45720,0.00034729,0.000705,0.002587,1.719e-26,5.101e-07,1.466e-06,1.565e-05,6.551e-27,1.524e-07,9.863e-05,7.121e-05,5.541e-09,0.01142,0.0004734,0.002764,0.01889,1.201e-06,1.115e-07,0.141
   45720,   45780,0.0003621,0.0007436,0.002743,1.77e-26,5.388e-07,1.539e-06,1.642e-05,6.742e-27,1.611e-07,0.0001035,7.459e-05,5.849e-09,0.01219,0.0004964,0.002956,0.0202,1.261e-06,1.176e-07,0.141
   45780,   45840,0.00038037,0.0007834,0.002903,1.82e-26,5.683e-07,1.614e-06,1.72e-05,6.933e-27,1.702e-07,0.0001085,7.805e-05,6.168e-09,0.01298,0.0005201,0.00315,0.02154,1.322e-06,1.238e-07,0.141
   45840,   45900,0.00039506,0.0008221,0.003059,1.868e-26,5.971e-07,1.687e-06,1.797e-05,7.113e-27,1.792e-07,0.0001134,8.14e-05,6.479e-09,0.01374,0.000543,0.003336,0.02282,1.382e-06,1.3e-07,0.141
   45900,   45960,0.00040598,0.0008646,0.00323,1.919e-26,6.286e-07,1.766e-06,1.88e-05,7.306e-27,1.891e-07,0.0001186,8.505e-05,6.821e-09,0.01457,0.0005681,0.003535,0.02422,1.447e-06,1.367e-07,0.141
   45960,   46020,0.0004224,0.0009082,0.003405,1.971e-26,6.612e-07,1.847e-06,1.965e-05,7.499e-27,1.994e-07,0.0001241,8.879e-05,7.174e-09,0.01542,0.0005939,0.003736,0.02563,1.514e-06,1.437e-07,0.141
   46020,   46080,0.00043728,0.0009504,0.003575,2.02e-26,6.928e-07,1.925e-06,2.048e-05,7.682e-27,2.095e-07,0.0001293,9.24e-05,7.517e-09,0.01623,0.0006188,0.003927,0.02699,1.578e-06,1.506e-07,0.141
   46080,   46140,0.00045524,0.0009963,0.003758,2.072e-26,7.272e-07,2.009e-06,2.137e-05,7.876e-27,2.207e-07,0.000135,9.631e-05,7.893e-09,0.0171,0.000646,0.00413,0.02843,1.648e-06,1.581e-07,0.141
   46140,   46200,0.00047447,0.001043,0.003946,2.124e-26,7.627e-07,2.096e-06,2.229e-05,8.071e-27,2.324e-07,0.0001408,0.0001003,8.282e-09,0.01798,0.000674,0.004334,0.0299,1.72e-06,1.659e-07,0.141
   46200,   46260,0.0004882,0.001089,0.004126,2.173e-26,7.972e-07,2.179e-06,2.318e-05,8.256e-27,2.438e-07,0.0001465,0.0001042,8.659e-09,0.01882,0.000701,0.004526,0.03129,1.789e-06,1.735e-07,0.141
   46260,   46320,0.00050265,0.001138,0.004321,2.227e-26,8.348e-07,2.27e-06,2.414e-05,8.453e-27,2.565e-07,0.0001526,0.0001085,9.073e-09,0.01973,0.0007304,0.00473,0.03278,1.865e-06,1.818e-07,0.141
   46320,   46380,0.00051808,0.001189,0.004519,2.28e-26,8.735e-07,2.363e-06,2.513e-05,8.65e-27,2.697e-07,0.0001589,0.0001128,9.5e-09,0.02064,0.0007606,0.004934,0.03427,1.942e-06,1.905e-07,0.141
   46380,   46440,0.00053655,0.001237,0.004708,2.33e-26,9.11e-07,2.453e-06,2.608e-05,8.837e-27,2.826e-07,0.0001649,0.000117,9.914e-09,0.0215,0.0007898,0.005126,0.03568,2.017e-06,1.989e-07,0.141
   46440,   46500,0.00055807,0.001289,0.004911,2.384e-26,9.517e-07,2.549e-06,2.711e-05,9.036e-27,2.968e-07,0.0001714,0.0001215,1.037e-08,0.02242,0.0008213,0.005328,0.03717,2.098e-06,2.081e-07,0.141
   46500,   46560,0.00057227,0.001342,0.005117,2.438e-26,9.937e-07,2.649e-06,2.817e-05,9.237e-27,3.116e-07,0.0001781,0.0001261,1.083e-08,0.02334,0.0008538,0.00553,0.03868,2.181e-06,2.177e-07,0.141
   46560,   46620,0.00059196,0.001393,0.005313,2.489e-26,1.034e-06,2.744e-06,2.919e-05,9.426e-27,3.261e-07,0.0001846,0.0001306,1.129e-08,0.02421,0.000885,0.00572,0.04009,2.261e-06,2.271e-07,0.141
   46620,   46680,0.00061486,0.001448,0.005523,2.545e-26,1.079e-06,2.848e-06,3.03e-05,9.629e-27,3.421e-07,0.0001916,0.0001354,1.178e-08,0.02514,0.0009188,0.005919,0.04159,2.348e-06,2.374e-07,0.141
   46680,   46740,0.00064025,0.001503,0.005735,2.6e-26,1.124e-06,2.954e-06,3.143e-05,9.833e-27,3.587e-07,0.0001987,0.0001404,1.229e-08,0.02606,0.0009534,0.006118,0.04309,2.437e-06,2.48e-07,0.141
   46740,   46800,0.00065357,0.001556,0.005936,2.653e-26,1.168e-06,3.056e-06,3.252e-05,1.003e-26,3.749e-07,0.0002055,0.0001451,1.278e-08,0.02694,0.0009865,0.006303,0.04449,2.523e-06,2.583e-07,0.141
   46800,   46860,0.00067364,0.001613,0.006151,2.709e-26,1.216e-06,3.166e-06,3.37e-05,1.023e-26,3.927e-07,0.0002129,0.0001503,1.332e-08,0.02786,0.001022,0.006498,0.04597,2.615e-06,2.697e-07,0.141
   46860,   46920,0.00069391,0.00167,0.006367,2.765e-26,1.265e-06,3.279e-06,3.49e-05,1.044e-26,4.113e-07,0.0002204,0.0001555,1.388e-08,0.02878,0.001059,0.006691,0.04745,2.71e-06,2.814e-07,0.141
   46920,   46980,0.00071618,0.001725,0.006571,2.818e-26,1.312e-06,3.387e-06,3.606e-05,1.063e-26,4.295e-07,0.0002276,0.0001606,1.442e-08,0.02965,0.001094,0.006872,0.04883,2.801e-06,2.929e-07,0.141
   46980,   47040,0.00074502,0.001784,0.006788,2.876e-26,1.363e-06,3.505e-06,3.731e-05,1.084e-26,4.494e-07,0.0002354,0.000166,1.5e-08,0.03056,0.001132,0.007062,0.0503,2.9e-06,3.054e-07,0.141
