CampaignData_and_Merges/R0/CSL_MobileLab_Parked/raw/20240726/USOS-POPS_MobileLabGround_20240726_R0.ict
78, 1001
Thornberry, T. D.
NOAA Chemical Sciences Laboratory
Portable Optical Particle Spectrometer (POPS)
USOS
1, 1
2024, 07, 26, 2025, 05, 08
60
Time_Start, seconds_past_midnight, Start time of measurement
45
1, 1, 1, 1, 1, 1, 1, 1, 1, 1, 1, 1, 1, 1, 1, 1, 1, 1, 1, 1, 1, 1, 1, 1, 1, 1, 1, 1, 1, 1, 1, 1, 1, 1, 1, 1, 1, 1, 1, 1, 1, 1, 1, 1, 1
-9999, -9999, -9999, -9999, -9999, -9999, -9999, -9999, -9999, -9999, -9999, -9999, -9999, -9999, -9999, -9999, -9999, -9999, -9999, -9999, -9999, -9999, -9999, -9999, -9999, -9999, -9999, -9999, -9999, -9999, -9999, -9999, -9999, -9999, -9999, -9999, -9999, -9999, -9999, -9999, -9999, -9999, -9999, -9999, -9999
Time_Stop, seconds_past_midnight, Stop time of measurement
Time_Mid, seconds_past_midnight, Mid time of measurement
Press_mb, mb, Pressure reported (mb)
Temp_C, degrees C, POPS temperature measurement
Aerosol_concentration, cm^-3, Aerosol concentration
Surface_Area_Conc, um^2 cm^-3, Surface area concentration
Volume_density, um^3 cm^-3, Volume density
Effective_radius, um, Effective radius
Extinction, km^-1, Extinction
Bin01, cm^-3, particle concentration in size range [1401 - 146.3 nm]
Bin02, cm^-3, particle concentration in size range [146.3 - 152.8 nm]
Bin03, cm^-3, particle concentration in size range [152.8 - 159.6 nm]
Bin04, cm^-3, particle concentration in size range [159.6 - 166.8 nm]
Bin05, cm^-3, particle concentration in size range [166.8 - 174.2 nm]
Bin06, cm^-3, particle concentration in size range [174.2 - 181.9 nm]
Bin07, cm^-3, particle concentration in size range [181.9 - 190.0 nm]
Bin08, cm^-3, particle concentration in size range [190.0 - 198.5 nm]
Bin09, cm^-3, particle concentration in size range [198.5 - 207.4 nm]
Bin10, cm^-3, particle concentration in size range [207.4 - 216.6 nm]
Bin11, cm^-3, particle concentration in size range [216.6 - 226.2 nm]
Bin12, cm^-3, particle concentration in size range [226.2 - 236.3 nm]
Bin13, cm^-3, particle concentration in size range [236.3 - 246.8 nm]
Bin14, cm^-3, particle concentration in size range [246.8 - 257.8 nm]
Bin15, cm^-3, particle concentration in size range [257.8 - 269.3 nm]
Bin16, cm^-3, particle concentration in size range [269.3 - 343.4 nm]
Bin17, cm^-3, particle concentration in size range [343.4 - 450.7 nm]
Bin18, cm^-3, particle concentration in size range [450.7 - 525.9 nm]
Bin19, cm^-3, particle concentration in size range [525.9 - 618.5 nm]
Bin20, cm^-3, particle concentration in size range [618.5 - 710.0 nm]
Bin21, cm^-3, particle concentration in size range [710.0 - 822.7 nm]
Bin22, cm^-3, particle concentration in size range [822.7 - 885.9 nm]
Bin23, cm^-3, particle concentration in size range [885.9 - 953.9 nm]
Bin24, cm^-3, particle concentration in size range [953.9 - 1027.2 nm]
Bin25, cm^-3, particle concentration in size range [1027.2 - 1106.1 nm]
Bin26, cm^-3, particle concentration in size range [1106.1 - 1191.0 nm]
Bin27, cm^-3, particle concentration in size range [1191.0 - 1282.5 nm]
Bin28, cm^-3, particle concentration in size range [1282.5 - 1381.0 nm]
Bin29, cm^-3, particle concentration in size range [1381.0 - 1487.1 nm]
Bin30, cm^-3, particle concentration in size range [1487.1 - 1601.3 nm]
Bin31, cm^-3, particle concentration in size range [1601.3 - 1724.3 nm]
[...]
PLATFORM: NOAA CSL Mobile Lab
LOCATION: USOS
ASSOCIATED_DATA: N/A
INSTRUMENT_INFO: Printed Optical Particle Spectrometer counts particles from 140 - 2500 nm in diameter 
DATA_INFO: Particle concentrations reported in number per cubic centimeter,1 Hz data
UNCERTAINTY: Counting uncertainty dominated by air flow, less than 5 percent. Measurement range is ~0 - 3000 per cm3 (varies depending on flow rate- manufacturer quotes 1250 per cm3 at 1.667 cc/s)
ULOD_FLAG: -7777
ULOD_VALUE: N/A
LLOD_FLAG: -8888
LLOD_VALUE: N/A
DM_CONTACT_INFO: Troy Thornberry, 325 Broadway R/CSL6, Boulder, CO 80305; troy.thornberry@noaa.gov; 303-497-3373
PROJECT_INFO: USOS, Utah POPS data from NOAA CSL Mobile Lab
STIPULATIONS_ON_USE: Please contact the PIs for questions regarding applications and uncertainties
OTHER_COMMENTS: POPS bin Edges (nm):  140.1, 146.3, 152.8, 159.6, 166.8, 174.2, 181.9, 190.0, 198.5, 207.4, 216.6, 226.2, 236.3, 246.8, 257.8, 269.3, 343.4, 450.7, 525.9, 618.5, 710.0, 822.7, 885.9, 953.9, 1027.2, 1106.1, 1191.0, 1282.5, 1381.0, 1487.1, 1601.3, 1724.3, 1856.7, 1999.3, 2152.8, 2318.2, 2496.2
Calculations assume organic aerosol refractive index of 1.52+0.00j and extinction wavelength = 532 nm
REVISION: R0
R0: Final data
Time_Start, Time_Stop, Time_Mid, Press_mb, Temp_C, Aerosol_concentration, Surface_Area_Conc, Volume_density, Effective_radius, Extinction, Bin01, Bin02, Bin03, Bin04, Bin05, Bin06, Bin07, Bin08, Bin09, Bin10, Bin11, Bin12, Bin13, Bin14, Bin15, Bin16, Bin17, Bin18, Bin19, Bin20, Bin21, Bin22, Bin23, Bin24, Bin25, Bin26, Bin27, Bin28, Bin29, Bin30, Bin31, Bin32, Bin33, Bin34, Bin35, Bin36
[from data line 520]
31200,31259,31230,875.622,34.679,214.412,38.124,3.759,0.284,0.012,19.810604,18.693352,16.971609,16.128672,15.120390,14.407317,12.666315,11.727246,11.025598,9.794554,8.940267,9.668716,9.223642,8.073833,6.715254,18.092810,4.466292,1.001123,0.567151,0.194963,0.161528,0.074859,0.074388,0.069164,0.069733,0.080585,0.028559,0.046098,0.057609,0.080214,0.080454,0.097665,0.062675,0.034394,0.017420,0.086995
31260,31319,31290,875.624,34.800,211.414,38.567,3.952,0.298,0.012,19.129042,18.739393,17.011700,15.735537,15.394723,13.718389,12.254531,11.086102,10.141510,9.569934,9.122248,8.950425,8.886478,8.555065,6.884872,18.666029,4.642795,1.136890,0.466939,0.076940,0.193203,0.083670,0.072809,0.100280,0.050850,0.083028,0.049934,0.061823,0.067380,0.077000,0.083336,0.093737,0.066956,0.027335,0.039370,0.093915
31320,31379,31350,875.626,34.885,210.921,39.129,4.216,0.309,0.013,19.503160,18.440710,17.333723,16.170689,15.072650,13.493510,12.562998,11.242873,10.250863,9.520002,9.114890,8.966991,8.429807,8.151505,6.639532,18.223297,4.808268,1.122969,0.492609,0.144239,0.153721,0.065876,0.060284,0.076661,0.067250,0.094993,0.054115,0.055692,0.083024,0.071030,0.100167,0.093352,0.055823,0.028050,0.071093,0.104683
31380,31439,31410,875.610,34.836,214.214,39.373,4.152,0.302,0.013,19.768196,18.725430,17.286812,16.794399,15.143349,13.935059,12.757257,11.519259,10.239616,9.644044,8.888949,8.877661,8.784085,8.614392,6.750062,18.817375,4.735967,1.141286,0.567615,0.100687,0.095290,0.106468,0.065911,0.055498,0.060984,0.044787,0.050995,0.033526,0.067364,0.061706,0.127991,0.067664,0.049537,0.062387,0.060539,0.111975
31440,31499,31470,875.618,34.724,212.961,39.717,4.180,0.303,0.013,19.178917,17.972555,17.560787,16.595263,15.727305,13.797427,12.317809,11.200192,10.520133,9.485185,9.223892,8.802233,8.761654,8.398091,6.788478,18.638792,4.947177,1.004447,0.563773,0.161370,0.139433,0.123659,0.117724,0.084597,0.078731,0.044576,0.050883,0.044869,0.067363,0.101384,0.117355,0.072152,0.055574,0.067083,0.066557,0.083421
31500,31559,31530,875.637,34.654,207.502,38.624,4.105,0.297,0.012,18.970093,17.433332,16.670122,15.768844,14.741010,14.043633,11.915302,10.640737,10.253086,9.702390,9.175680,8.985987,8.675950,8.258795,6.501343,18.327801,4.494543,1.044523,0.561457,0.159669,0.116480,0.076640,0.116986,0.055729,0.048558,0.055864,0.059883,0.082824,0.059827,0.072251,0.077777,0.061317,0.071669,0.055643,0.033513,0.132949
31560,31619,31590,875.602,34.547,207.783,37.755,3.761,0.283,0.012,18.748253,17.749495,17.110794,15.685660,15.114520,13.546597,12.253779,11.142614,10.308459,9.558597,8.340689,8.812669,8.467196,8.297558,6.470152,18.715498,4.629719,1.037020,0.527635,0.097799,0.144041,0.095025,0.077713,0.082670,0.089256,0.038352,0.066140,0.072752,0.049855,0.045366,0.088676,0.066928,0.084102,0.050756,0.039405,0.077647
31620,31679,31650,875.609,34.693,208.768,38.058,3.766,0.286,0.012,19.189180,17.381195,16.521498,16.141378,14.923758,13.954462,12.506972,11.612783,10.332646,9.561567,9.062724,8.519840,8.526032,7.546042,6.455652,18.842655,4.654403,1.169990,0.616266,0.122323,0.128900,0.094353,0.083111,0.083831,0.033305,0.066272,0.065985,0.033474,0.078715,0.082189,0.083178,0.044387,0.043503,0.060547,0.050183,0.094344
31680,31739,31710,875.597,34.888,206.011,37.437,3.731,0.287,0.012,19.287994,17.292515,16.335815,15.955265,14.836104,13.117306,11.935709,10.905257,9.820780,9.459913,8.801568,9.149859,9.015184,7.909168,6.370191,18.388277,4.550526,1.038640,0.534126,0.116354,0.132673,0.105502,0.082907,0.089340,0.100324,0.039274,0.065969,0.027320,0.076918,0.072906,0.098753,0.088043,0.061127,0.038458,0.067131,0.044065
31740,31799,31770,875.599,34.969,208.318,37.112,3.385,0.260,0.012,18.976589,17.329517,16.455343,15.922328,15.521605,13.454004,12.146464,11.346235,10.296847,9.166103,9.078194,8.942090,8.906049,8.156995,6.283187,18.610043,4.759769,1.144424,0.602054,0.155223,0.109952,0.116534,0.087985,0.060906,0.071517,0.061630,0.044181,0.038227,0.070502,0.077528,0.087629,0.045094,0.038353,0.049862,0.066244,0.039208
31800,31859,31830,875.577,34.869,212.194,38.470,3.716,0.277,0.012,19.424879,18.235018,17.497786,15.596592,14.766876,13.615223,12.328382,11.983078,10.430678,9.562791,9.349813,8.951165,9.238782,7.987004,6.589212,18.886024,4.691230,1.094399,0.650225,0.157609,0.145673,0.090114,0.061834,0.061317,0.106571,0.073031,0.055783,0.039674,0.067161,0.106172,0.079321,0.045264,0.061931,0.022141,0.045427,0.095639
31860,31919,31890,875.535,34.723,207.924,37.099,3.488,0.267,0.012,18.759033,17.995506,16.241091,15.591085,14.509800,13.512648,12.123029,11.482469,10.105578,9.303674,8.884263,9.223943,8.566493,8.457581,6.877773,18.911991,4.711081,1.074668,0.489011,0.076437,0.094933,0.099113,0.089547,0.083519,0.050281,0.033734,0.043434,0.065819,0.055629,0.061096,0.099473,0.050322,0.039297,0.033900,0.044056,0.082927
31920,31979,31950,875.503,34.623,204.328,36.986,3.747,0.294,0.012,18.530382,17.580339,16.173159,15.798300,14.718016,12.915594,11.558705,11.200943,9.994539,9.566650,8.644151,8.723081,9.100079,7.833066,6.310062,18.407188,4.563321,1.012082,0.470626,0.157750,0.100989,0.105955,0.073009,0.062046,0.050703,0.044869,0.050442,0.046082,0.050606,0.056997,0.117418,0.101180,0.056162,0.057663,0.027456,0.067993
31980,32039,32010,875.475,34.653,202.223,36.160,3.432,0.269,0.011,18.667685,16.863617,15.968610,15.121302,14.599215,12.719064,11.798589,10.833631,9.891647,9.766228,8.693449,8.706362,8.216312,8.127297,6.548684,18.422771,4.471701,1.148254,0.519981,0.153277,0.116868,0.116317,0.060582,0.060717,0.049352,0.049298,0.044243,0.032360,0.022719,0.071358,0.083363,0.061042,0.061501,0.054815,0.033632,0.067452
32040,32099,32070,875.452,34.823,205.335,36.608,3.423,0.263,0.011,18.838734,17.890871,15.955779,15.554604,15.013319,13.522914,11.678985,10.823071,10.714669,9.361979,8.331652,8.752816,8.615398,7.622858,6.694845,18.498447,4.766506,1.076883,0.509361,0.133894,0.103566,0.063922,0.075220,0.046576,0.034284,0.076348,0.063864,0.046450,0.046131,0.063415,0.103581,0.040475,0.046537,0.039952,0.068933,0.057719
32100,32159,32130,875.446,34.908,197.482,35.645,3.467,0.278,0.011,18.552618,16.684641,15.911942,14.912470,13.830291,12.916742,11.227205,10.379538,9.542256,9.020867,8.123582,8.333723,8.390413,7.553487,6.478014,18.384676,4.406772,1.231815,0.481429,0.129697,0.107445,0.072786,0.039459,0.077897,0.078787,0.072580,0.050629,0.017277,0.050682,0.063149,0.089540,0.066644,0.044988,0.039581,0.045000,0.073384
32160,32219,32190,875.442,34.843,197.366,35.518,3.348,0.264,0.011,17.757158,17.132732,15.551529,14.773327,13.764258,12.620424,11.986075,10.354916,9.352664,8.812507,8.834019,8.371682,7.945197,7.791547,6.473026,18.377037,4.757728,1.023148,0.587771,0.121558,0.111567,0.055084,0.077490,0.071825,0.049627,0.050426,0.055617,0.050387,0.050591,0.066163,0.082952,0.060134,0.060766,0.039810,0.034155,0.060756
32220,32279,32250,875.434,34.751,198.686,35.408,3.289,0.268,0.011,18.232649,17.222754,16.040325,14.831045,14.012046,13.027147,11.449372,10.747530,9.569576,8.911299,8.615073,8.163357,8.250651,7.798573,6.568477,17.655003,4.874400,1.012397,0.570936,0.124306,0.077537,0.093466,0.129572,0.083102,0.051186,0.061783,0.050632,0.056222,0.033445,0.055954,0.056536,0.060110,0.055671,0.055651,0.033347,0.055248
32280,32339,32310,875.444,34.620,191.847,34.224,3.278,0.275,0.011,17.915743,16.064014,15.013893,14.529954,13.511740,12.647354,11.116143,10.181110,9.378707,8.444462,8.249064,8.104261,7.855365,7.727911,6.348653,17.462442,4.743141,1.072676,0.393962,0.117000,0.096540,0.124025,0.034082,0.073091,0.062903,0.055147,0.017554,0.084406,0.039808,0.077942,0.072643,0.096170,0.016985,0.022162,0.033899,0.062061
32340,32399,32370,875.422,34.590,196.800,35.402,3.337,0.268,0.011,17.917467,16.833023,15.456272,15.148030,14.121188,12.295078,11.392084,10.732437,9.135164,8.580830,8.413762,8.721463,8.101313,7.882109,6.058604,18.413687,4.838557,1.156191,0.474907,0.093300,0.182411,0.077054,0.071771,0.054972,0.066750,0.038779,0.044641,0.049709,0.033226,0.060705,0.093665,0.066828,0.071264,0.027653,0.044780,0.049939
32400,32459,32430,875.414,34.718,196.898,36.442,3.848,0.302,0.012,18.111364,16.720160,15.718528,15.156636,14.513650,12.539845,11.431880,10.305752,9.277722,8.682775,8.244838,8.243610,8.597281,7.506074,6.306037,17.927387,4.757588,1.075579,0.527217,0.156183,0.128761,0.060962,0.049975,0.072544,0.082078,0.055465,0.055535,0.055713,0.049536,0.076809,0.083173,0.110702,0.072237,0.016260,0.044119,0.083682
32460,32519,32490,875.391,34.869,201.148,37.265,3.953,0.304,0.012,18.261440,17.440878,16.062571,15.442694,14.266035,13.461175,11.686125,10.491593,9.126733,9.097595,8.359112,8.664863,8.659137,7.728436,6.185878,18.411095,4.935096,1.060358,0.593165,0.128929,0.156524,0.061472,0.050646,0.055443,0.067518,0.068264,0.022841,0.045291,0.045028,0.062315,0.084208,0.101299,0.089011,0.045155,0.045195,0.084750
32520,32579,32550,875.425,35.008,198.267,36.125,3.537,0.282,0.012,18.469555,16.962477,16.104321,14.775924,13.807388,13.233422,11.585165,10.511743,9.479643,8.761209,8.657030,8.142406,8.392870,7.894416,5.994512,18.154835,4.479265,1.156043,0.535046,0.094549,0.089543,0.093698,0.088765,0.044219,0.055765,0.067808,0.088263,0.033362,0.033313,0.117770,0.094702,0.056676,0.061617,0.038606,0.049724,0.061614
32580,32639,32610,875.438,34.939,200.367,37.453,3.866,0.295,0.012,18.479105,16.987692,16.731714,15.124568,13.728065,12.868388,11.605946,10.705190,9.660139,9.016200,8.717891,8.593713,8.037292,7.464928,5.948156,18.605679,5.079046,1.133766,0.587695,0.093982,0.133188,0.075910,0.056193,0.071701,0.078083,0.077559,0.061070,0.088174,0.077919,0.066054,0.115073,0.077011,0.066502,0.027459,0.038150,0.087831
32640,32699,32670,875.459,34.843,201.004,37.327,3.881,0.294,0.012,18.924812,17.397676,16.006329,15.235309,14.151268,12.985810,11.408832,10.889745,9.850707,9.234550,8.424079,8.121405,8.341215,7.723788,6.348653,17.982224,4.938804,1.245298,0.486644,0.149759,0.159782,0.128924,0.061889,0.055441,0.055245,0.038880,0.067314,0.066108,0.032930,0.067620,0.099074,0.067636,0.061344,0.055086,0.028275,0.111744
32700,32759,32730,875.498,34.732,201.369,36.201,3.421,0.269,0.012,18.126619,17.267344,16.158367,15.540502,14.349980,12.828796,11.782763,10.752803,9.558905,8.958768,8.604766,8.573404,8.165059,7.767272,6.688102,18.286959,4.989293,1.249363,0.572425,0.144715,0.094113,0.083527,0.082611,0.071804,0.061498,0.070848,0.034003,0.033210,0.088968,0.055450,0.093726,0.071576,0.016520,0.028227,0.049569,0.067283
32760,32819,32790,875.504,34.695,201.660,36.836,3.712,0.289,0.012,19.198050,17.126692,16.009796,15.682310,14.320373,12.862470,11.766821,10.389491,9.738473,8.815201,8.874637,8.527447,8.296962,7.872677,6.425844,18.193649,4.832716,0.960057,0.521927,0.116501,0.127396,0.092566,0.092426,0.074282,0.063510,0.052118,0.057715,0.063890,0.017796,0.091954,0.074976,0.075175,0.075885,0.045643,0.063593,0.058540
32820,32879,32850,875.531,34.907,199.550,36.602,3.782,0.295,0.012,18.179951,17.005404,15.895186,15.031959,14.116193,12.986272,11.740307,10.595117,9.789733,8.955374,8.448810,8.880507,8.493416,7.583483,6.181170,18.278563,4.536303,1.172508,0.563580,0.071929,0.083409,0.078504,0.089560,0.078732,0.055554,0.044768,0.049248,0.055422,0.055529,0.038771,0.089025,0.084000,0.072989,0.016825,0.061138,0.090694
32880,32939,32910,875.570,34.973,198.628,36.167,3.531,0.284,0.012,17.799675,17.101734,15.981288,14.781505,14.100261,12.859082,11.224286,10.444249,10.104237,8.756214,8.975653,8.304200,8.398960,7.741210,6.386730,17.946384,4.796402,1.186128,0.567127,0.126828,0.116134,0.083195,0.050495,0.049580,0.066347,0.044266,0.061066,0.056601,0.078764,0.072036,0.106028,0.078077,0.061461,0.027657,0.027452,0.066561
32940,32999,32970,875.588,34.836,198.188,35.798,3.504,0.282,0.012,18.239717,16.823492,15.938916,15.146833,14.100708,12.442157,11.587381,10.853615,9.648761,8.657723,8.297249,8.455320,8.170523,7.901451,6.109054,18.281725,4.673997,1.248393,0.551456,0.122593,0.073008,0.083655,0.072418,0.039152,0.028386,0.033550,0.060622,0.050183,0.044805,0.077858,0.100528,0.077268,0.061351,0.039592,0.011149,0.083306
33000,33059,33030,875.595,34.719,199.536,36.344,3.575,0.280,0.012,18.434280,16.710211,16.020752,15.007260,13.982645,13.128391,11.600749,10.689325,9.581447,9.276749,8.144264,8.467417,8.464528,7.941226,6.127049,18.284805,4.916967,1.068258,0.522308,0.132984,0.099139,0.071214,0.050492,0.088268,0.038679,0.043661,0.071086,0.076754,0.066467,0.071841,0.065610,0.071351,0.065505,0.049414,0.044077,0.061008
33060,33119,33090,875.604,34.568,197.782,35.446,3.370,0.273,0.011,18.660946,16.774843,16.294689,14.990306,14.515573,12.379976,11.246398,10.584913,9.138712,9.118846,8.358714,8.098310,8.427069,7.883746,6.153148,17.651503,4.567026,1.144035,0.610681,0.137575,0.137800,0.082563,0.083057,0.039276,0.071262,0.038869,0.072013,0.049461,0.060862,0.076650,0.078381,0.082945,0.050294,0.038138,0.050063,0.033228
33120,33179,33150,875.623,34.608,201.824,37.276,3.813,0.289,0.012,18.339273,17.179701,16.151548,15.422085,14.522992,13.028930,11.622259,10.842461,9.569755,8.909472,8.357326,8.607328,8.483616,8.135645,6.357279,18.455172,4.870053,1.216811,0.567111,0.086850,0.167717,0.077983,0.060811,0.066407,0.055854,0.049605,0.050599,0.050065,0.050024,0.083129,0.054593,0.061985,0.083074,0.027898,0.059854,0.099067
33180,33239,33210,875.637,34.786,202.384,36.430,3.500,0.273,0.012,18.840021,17.296879,16.360617,15.564408,14.221766,13.246760,11.654810,10.522088,9.600919,8.957621,8.558555,8.357905,8.136235,7.667240,6.731108,18.677641,5.047932,1.128354,0.604446,0.175571,0.129133,0.130044,0.102310,0.039559,0.051148,0.045482,0.039382,0.061578,0.033930,0.034520,0.095173,0.079952,0.045190,0.033574,0.039524,0.072751
33240,33299,33270,875.649,34.914,199.612,36.601,3.711,0.293,0.012,18.652533,16.695301,16.161413,15.170940,14.033200,13.071871,11.564503,10.293457,10.041541,9.248605,8.005366,8.451901,8.486405,7.693542,6.203094,17.934631,5.087331,1.068111,0.555397,0.151559,0.079006,0.073775,0.061748,0.068508,0.039007,0.062422,0.050277,0.055945,0.066327,0.107052,0.096407,0.088732,0.050910,0.027942,0.028323,0.084608
33300,33359,33330,875.656,34.907,198.902,35.904,3.467,0.277,0.011,18.014988,16.976753,15.897943,14.770135,14.038520,12.863118,11.585369,10.807255,9.466613,8.961834,8.744728,8.449364,8.359600,7.846920,6.337048,18.018461,4.839208,1.222693,0.563560,0.123620,0.104916,0.049585,0.094212,0.073140,0.066376,0.070788,0.050172,0.065874,0.056265,0.054063,0.061320,0.083751,0.056277,0.010824,0.049782,0.067117
33360,33419,33390,875.677,34.793,200.274,36.482,3.536,0.279,0.012,18.436983,17.262262,15.472203,14.835099,14.771947,12.588932,12.050459,10.542280,9.323293,9.186551,8.359679,8.340569,8.092183,7.915539,6.458851,18.555763,5.236528,1.130175,0.565798,0.115187,0.071782,0.078523,0.066283,0.066315,0.094158,0.088623,0.050528,0.038810,0.021904,0.061116,0.106029,0.078087,0.083390,0.039024,0.044627,0.044157
33420,33479,33450,875.691,34.619,196.976,36.033,3.533,0.280,0.012,18.029255,17.609385,15.552901,15.329501,13.410177,13.028628,11.025250,10.636561,9.441875,8.818369,8.210093,8.324634,8.034586,7.592167,6.068398,18.006340,4.899725,1.204083,0.617972,0.123508,0.095001,0.076660,0.049531,0.048836,0.049532,0.087554,0.039123,0.061146,0.049581,0.077990,0.088918,0.060717,0.066494,0.061777,0.049868,0.049493
33480,33539,33510,875.685,34.472,197.265,35.550,3.359,0.272,0.011,18.078325,17.395321,15.582026,14.771556,13.915084,12.535721,11.688087,10.634853,9.432496,9.099623,8.496204,8.618017,7.971920,7.455220,6.310280,17.470051,4.857286,1.205135,0.502507,0.205378,0.167540,0.071632,0.072813,0.095951,0.054628,0.044746,0.067190,0.038394,0.039005,0.072734,0.071290,0.049186,0.044736,0.032832,0.028522,0.089155
