CampaignData_and_Merges/R0/CSL_MobileLab_Parked/raw/20240726/USOS-NOy-LIF_MobileLabGround_20240726_R0.ict
39,1001
Rollins, A.; Waxman, E.; Zuraski, K.; Chace, W.
NOAA Chemical Sciences Laboratory
LIF NO/NOx/NOy on CSL Mobile Lab
AMMBEC / USOS
1, 1
2024,07,26, 2025,01,04
1
Time_Start, seconds, number_of_seconds_since_0000_UTC
7
1, 1, 1, 1, 1, 1, 1
-9999, -9999, -9999, -9999, -9999, -9999, -9999
Time_Stop, seconds, number_of_seconds_since_0000_UTC
NO_LIF, pptv, Gas_NO_InSitu_S_AVMR, volume mixing ratio of nitric oxide in air
NO2_LIF, pptv, Gas_NO2_InSitu_S_AVMR, volume mixing ratio of nitrogen dioxide in air
NOy_LIF, pptv, Gas_NOy_InSitu_S_AVMR, volume mixing ratio of total oxidized nitrogen in air
NO_LIF_1SigmaAccuracy, pptv, Gas_NO_InSitu_S_AVMR, volume mixing ratio of nitric oxide in air
NO2_LIF_1SigmaAccuracy, pptv, Gas_NO2_InSitu_S_AVMR, volume mixing ratio of nitrogen dioxide in air
NOy_LIF_1SigmaAccuracy, pptv, Gas_NOy_InSitu_S_AVMR, volume mixing ratio of total oxidized nitrogen in air
0
18
PI_CONTACT_INFO: andrew.rollins@noaa.gov
PLATFORM: CSL Mobile Lab
LOCATION: Salt Lake City, UT
ASSOCIATED_DATA:
INSTRUMENT_INFO: NO detection by laser induced fluorescence. NO2 detection by photolytic conversion to NO. NOy detection by catalytic conversion to NO on gold surface
DATA_INFO:
UNCERTAINTY: Included 1 Sigma Accuracy waves represent the combined calibration uncertainties (±6%, ±9%, ±10%) and zero uncertainties (3 ppt, 20 ppt, 100 ppt) for NO, NO2, and NOy, respectively.
ULOD_FLAG: -7777
ULOD_VALUE: N/A
LLOD_FLAG: -8888
LLOD_VALUE: N/A
DM_CONTACT_INFO: andrew.rollins@noaa.gov
PROJECT_INFO: USOS Project, July - August 2024
STIPULATIONS_ON_USE: Users are strongly encouraged to contact the PI for proper data usage.
OTHER_COMMENTS:
REVISION: R0
R0: final data
Time_Start, Time_Stop, NO_LIF, NO2_LIF, NOy_LIF, NO_LIF_1SigmaAccuracy, NO2_LIF_1SigmaAccuracy, NOy_LIF_1SigmaAccuracy
       0,      60,228.14,1519.3,2940.6,16.688, 156.74, 394.06
      60,     120,247.26,1467.2,2972.7,17.836, 152.05, 397.27
     120,     180,213.77,1321.8,2724.2,15.826, 138.96, 372.42
     180,     240,224.64,1456.2,2853.2,16.478, 151.05, 385.32
     240,     300,235.85,1459.6,2928.1,17.151, 151.37, 392.81
     300,     360,237.12,1406.5,2795.2,17.227, 146.59, 379.52
     360,     420,268.62,1678,3113.8,19.117, 171.02, 411.38
     420,     480,345.64,2120.4,3364.1,23.739, 210.83, 436.41
     480,     540,236.53,1498.7,2819.2,17.192, 154.88, 381.92
     540,     600,233.78,1548.1,2877.8,17.027, 159.33, 387.78
     600,     660,214.74,1437.8,2818.7,15.885, 149.4, 381.87
     660,     720,197.84,1329.1,2770.3,14.87, 139.62, 377.03
     720,     780,179.14,1175.7,2469.4,13.748, 125.81, 346.94
     780,     840,188.57,1230.9,2567.9,14.314, 130.78, 356.79
     840,     900,185.41,1239.6,2572.5,14.125, 131.57, 357.25
     900,     960,177.56,1226.9,2606.1,13.654, 130.42, 360.61
     960,    1020,174.45,1242.5,2521,13.467, 131.83, 352.1
    1020,    1080,196.14,1349.5,2718.3,14.769, 141.45, 371.83
    1080,    1140,229.4,1551.3,2924.8,16.764, 159.62, 392.48
    1140,    1200,292.23,2151.5,3410.3,20.534, 213.64, 441.03
    1200,    1260,282.25,2060.8,3461.5,19.935, 205.47, 446.15
    1260,    1320,288.91,2018.2,3606,20.335, 201.64, 460.6
    1320,    1380,262.73,1826.5,3446.8,18.764, 184.38, 444.68
    1380,    1440,246.99,1749.7,3236.5,17.819, 177.47, 423.65
    1440,    1500,202.9,1549.3,3021.7,15.174, 159.44, 402.17
    1500,    1560,193.57,1520.7,2991.7,14.614, 156.86, 399.17
    1560,    1620,181.42,1489.7,2893.6,13.885, 154.07, 389.36
    1620,    1680,187.19,1301.8,2713.8,14.231, 137.17, 371.38
    1680,    1740,185.38,1288.5,2705.9,14.123, 135.96, 370.59
    1740,    1800,190.68,1321,2778.8,14.441, 138.89, 377.88
    1800,    1860,189.76,1352.1,2864.2,14.385, 141.69, 386.42
    1860,    1920,1428.7,6761.6,5628,88.721, 628.54, 662.8
    1920,    1980,660.44,4083.4,5334,42.626, 387.51, 633.4
    1980,    2040,233.8,1768.1,3403.3,17.028, 179.13, 440.33
    2040,    2100,197.34,1667.3,3248.6,14.841, 170.05, 424.86
    2100,    2160,253.66,1857.1,3146.6,18.219, 187.14, 414.66
    2160,    2220,255.43,1901.6,3362.5,18.326, 191.15, 436.25
    2220,    2280,241.84,1907.9,3480.6,17.51, 191.71, 448.06
    2280,    2340,422.79,2593.2,3922.4,28.367, 253.39, 492.24
    2340,    2400,337.2,2514.3,4177.3,23.232, 246.29, 517.73
    2400,    2460,369.23,2787.2,4563.4,25.154, 270.84, 556.34
    2460,    2520,402.07,3093.2,5133.7,27.124, 298.39, 613.37
    2520,    2580,287.99,2263,3784.3,20.279, 223.67, 478.43
    2580,    2640,263.38,1997.4,3337.2,18.803, 199.77, 433.72
    2640,    2700,180.93,1652.4,3012.4,13.856, 168.72, 401.24
    2700,    2760,-9999,-9999,-9999,-9999, -9999, -9999
    2760,    2820,-9999,-9999,-9999,-9999, -9999, -9999
    2820,    2880,-9999,-9999,-9999,-9999, -9999, -9999
    2880,    2940,-9999,-9999,-9999,-9999, -9999, -9999
    2940,    3000,-9999,-9999,-9999,-9999, -9999, -9999
    3000,    3060,-9999,-9999,-9999,-9999, -9999, -9999
    3060,    3120,-9999,-9999,-9999,-9999, -9999, -9999
    3120,    3180,128.03,1036.9,2110.6,10.682, 113.32, 311.06
    3180,    3240,1748.7,4836.6,11905,107.92, 455.3, 1290.5
    3240,    3300,437.17,2598.8,4709.2,29.23, 253.89, 570.92
    3300,    3360,291.14,2103.4,3249.8,20.469, 209.3, 424.98
    3360,    3420,226.64,1751.7,3662,16.598, 177.65, 466.2
    3420,    3480,150.56,1348.5,2597.8,12.033, 141.36, 359.78
    3480,    3540,167.23,1416.3,2649.4,13.034, 147.47, 364.94
    3540,    3600,158.27,1351.6,2600.6,12.496, 141.64, 360.06
    3600,    3660,167.41,1509.2,2777.4,13.045, 155.83, 377.74
    3660,    3720,157.3,1485.8,2762.9,12.438, 153.72, 376.29
    3720,    3780,134.06,1299.8,2532.1,11.044, 136.98, 353.21
    3780,    3840,119.76,1078.6,2299.9,10.186, 117.07, 329.99
    3840,    3900,109.92,1061.7,2274.9,9.595, 115.55, 327.49
    3900,    3960,117.3,1045.9,2287.5,10.038, 114.13, 328.75
    3960,    4020,154.52,1370,2666.9,12.271, 143.3, 366.69
    4020,    4080,143.15,1276.8,2678.9,11.589, 134.91, 367.89
    4080,    4140,110.29,1024.1,2213.3,9.6175, 112.17, 321.33
    4140,    4200,105.33,1004.4,2153.4,9.3197, 110.4, 315.34
    4200,    4260,108.9,1082,2410.9,9.5338, 117.38, 341.09
    4260,    4320,138.78,1480.8,2632,11.327, 153.27, 363.2
    4320,    4380,111.14,1089.3,2351.2,9.6682, 118.04, 335.12
    4380,    4440,107.84,1148,2208.5,9.4706, 123.32, 320.85
    4440,    4500,170.1,1674.9,2847,13.206, 170.74, 384.7
    4500,    4560,158.81,1739,2846,12.529, 176.51, 384.6
    4560,    4620,134.71,1525.5,2755,11.082, 157.3, 375.5
    4620,    4680,116.93,1340.3,2552.6,10.016, 140.63, 355.26
    4680,    4740,107.71,1154.3,2326.7,9.4629, 123.88, 332.67
    4740,    4800,111.55,1240.8,2332.1,9.6929, 131.67, 333.21
    4800,    4860,120.58,1278.3,2506.6,10.235, 135.05, 350.66
    4860,    4920,120.11,1296,2542.8,10.206, 136.64, 354.28
    4920,    4980,110.51,1313.8,2484.1,9.6308, 138.24, 348.41
    4980,    5040,128.7,1458.6,2368.5,10.722, 151.28, 336.85
    5040,    5100,116.29,1390.1,2491.6,9.9772, 145.11, 349.16
    5100,    5160,158.23,1711.3,2739.6,12.494, 174.02, 373.96
    5160,    5220,126.8,1478,2547.3,10.608, 153.02, 354.73
    5220,    5280,135.35,1534.6,2550.5,11.121, 158.11, 355.05
    5280,    5340,238.21,2304.8,3028.9,17.293, 227.43, 402.89
    5340,    5400,198.59,2223.4,3027.4,14.915, 220.1, 402.74
    5400,    5460,177.95,2026.5,3201.1,13.677, 202.38, 420.11
    5460,    5520,140.36,1677.3,2853.8,11.422, 170.96, 385.38
    5520,    5580,167.47,1864.4,2645.7,13.048, 187.79, 364.57
    5580,    5640,234.36,2743.9,3553.5,17.061, 266.95, 455.35
    5640,    5700,122.5,1751.3,2927.4,10.35, 177.61, 392.74
    5700,    5760,115.33,1675.3,2588.4,9.9197, 170.78, 358.84
    5760,    5820,145.1,1865.1,2914.3,11.706, 187.86, 391.43
    5820,    5880,126.18,1900.2,3081.2,10.571, 191.02, 408.12
    5880,    5940,202.03,2623.1,3195.3,15.122, 256.08, 419.53
    5940,    6000,125.51,1827.1,2860.7,10.531, 184.44, 386.07
    6000,    6060,106.83,1647.3,2794.4,9.4097, 168.26, 379.44
    6060,    6120,84.627,1468.1,2505.5,8.0776, 152.13, 350.55
    6120,    6180,79.921,1424.1,2365.3,7.7952, 148.17, 336.53
    6180,    6240,80.897,1406.3,2351,7.8538, 146.57, 335.1
    6240,    6300,78.476,1406.7,2408.6,7.7086, 146.61, 340.86
    6300,    6360,72.315,1400.9,2382,7.3389, 146.08, 338.2
    6360,    6420,102.49,2027.7,2569.3,9.1494, 202.49, 356.93
    6420,    6480,97.472,1968.3,2846.4,8.8483, 197.14, 384.64
    6480,    6540,65.585,1653.7,2697.7,6.9351, 168.83, 369.77
    6540,    6600,89.661,2312.3,3445.3,8.3796, 228.11, 444.53
    6600,    6660,84.881,2333,3640.3,8.0929, 229.97, 464.03
    6660,    6720,76.716,2134.6,3546.8,7.603, 212.11, 454.68
    6720,    6780,62.111,1828.2,3260.2,6.7267, 184.54, 426.02
    6780,    6840,60.209,1843.7,3053.7,6.6125, 185.93, 405.37
    6840,    6900,55.876,1832.3,3139.4,6.3526, 184.91, 413.94
    6900,    6960,102.99,2999.6,4790,9.1791, 289.97, 579
    6960,    7020,261.48,4189.5,5761.7,18.689, 397.05, 676.17
    7020,    7080,254.59,4182.1,7506.3,18.275, 396.39, 850.63
    7080,    7140,105.16,3148.3,5924.1,9.3093, 303.35, 692.41
    7140,    7200,276.45,3920.5,7606.3,19.587, 372.84, 860.63
    7200,    7260,84.863,2889.2,5580.6,8.0918, 280.03, 658.06
    7260,    7320,103.25,3486.3,5611.1,9.1948, 333.77, 661.11
    7320,    7380,94.995,3454,7610.8,8.6997, 330.86, 861.08
    7380,    7440,168.68,4606.5,8648.3,13.121, 434.59, 964.83
    7440,    7500,148.89,5009.2,6188.5,11.934, 470.83, 718.85
    7500,    7560,114.09,4364.4,6332.7,9.8455, 412.8, 733.27
    7560,    7620,128.02,4757.4,6587.6,10.681, 448.17, 758.76
    7620,    7680,85.124,3533.2,6351.8,8.1075, 337.99, 735.18
    7680,    7740,88.324,3851.1,5715.3,8.2994, 366.6, 671.53
    7740,    7800,127.37,3797.8,6270.7,10.642, 361.81, 727.07
    7800,    7860,144.84,3990.7,6006.9,11.691, 379.16, 700.69
    7860,    7920,120.82,3922.6,5754.3,10.249, 373.03, 675.43
    7920,    7980,95.926,3980.1,5769.9,8.7556, 378.21, 676.99
    7980,    8040,263.24,5075.4,6854.8,18.794, 476.79, 785.48
    8040,    8100,113.75,4613.9,6030.1,9.8248, 435.25, 703.01
    8100,    8160,84.096,4352.3,6061.8,8.0458, 411.71, 706.18
    8160,    8220,75.048,4413.9,6119.7,7.5029, 417.25, 711.97
    8220,    8280,223.27,6143.1,5895.3,16.396, 572.88, 689.53
    8280,    8340,63.04,4144.2,5162.5,6.7824, 392.98, 616.25
    8340,    8400,85.927,4774.8,4914.4,8.1556, 449.73, 591.44
    8400,    8460,189.5,9127.9,6973,14.37, 841.51, 797.3
    8460,    8520,234.52,10815,9108.3,17.071, 993.35, 1010.8
    8520,    8580,182.03,9751.9,9295.9,13.922, 897.67, 1029.6
    8580,    8640,196.49,8076.7,10191,14.789, 746.9, 1119.1
    8640,    8700,139.18,6008.1,9205.5,11.351, 560.73, 1020.6
    8700,    8760,142.37,6267.4,7890,11.542, 584.07, 889
    8760,    8820,84.687,5781.7,7292.7,8.0812, 540.35, 829.27
    8820,    8880,79.12,5548.7,6917.2,7.7472, 519.39, 791.72
    8880,    8940,87.389,5475.9,6893.9,8.2433, 512.83, 789.39
    8940,    9000,78.376,5117.4,6542.6,7.7025, 480.57, 754.26
    9000,    9060,78.207,5078.5,6448.8,7.6924, 477.06, 744.88
    9060,    9120,54.936,4314.5,5860.4,6.2961, 408.31, 686.04
    9120,    9180,102.98,4323.1,5388.1,9.1786, 409.08, 638.81
    9180,    9240,84.477,4875.5,5897.7,8.0686, 458.79, 689.77
    9240,    9300,70.515,4712.1,5869.5,7.2309, 444.09, 686.95
    9300,    9360,41.345,3798.1,5588.1,5.4807, 361.83, 658.81
    9360,    9420,35.833,3525.8,4963.9,5.15, 337.32, 596.39
    9420,    9480,76.561,3499.1,4572.4,7.5937, 334.92, 557.24
    9480,    9540,77.964,4148.7,4793.2,7.6779, 393.38, 579.32
    9540,    9600,63.307,4311.8,5181.2,6.7984, 408.07, 618.12
    9600,    9660,46.496,3565.2,4765,5.7898, 340.87, 576.5
    9660,    9720,46.532,3476.6,4692.8,5.7919, 332.89, 569.28
    9720,    9780,33.643,3446.5,4607.2,5.0186, 330.18, 560.72
    9780,    9840,27.153,2729.3,4184.3,4.6292, 265.64, 518.43
    9840,    9900,56.637,2555.5,3316.4,6.3982, 249.99, 431.64
    9900,    9960,42.908,2750.2,3614.8,5.5745, 267.52, 461.48
    9960,   10020,60.666,2906.8,3613.8,6.64, 281.61, 461.38
   10020,   10080,42.236,3454.3,4113.4,5.5342, 330.89, 511.34
   10080,   10140,31.369,3208.4,4325.8,4.8821, 308.75, 532.58
   10140,   10200,36.911,3092.1,4294,5.2146, 298.29, 529.4
   10200,   10260,41.439,3148.5,3992.7,5.4863, 303.36, 499.27
   10260,   10320,73.418,3503.1,4309.9,7.4051, 335.28, 530.99
   10320,   10380,44.955,3383.8,4217.5,5.6973, 324.55, 521.75
   10380,   10440,47.349,3715.2,4450.8,5.841, 354.37, 545.08
   10440,   10500,51.787,3936.5,4668.6,6.1072, 374.29, 566.86
   10500,   10560,85.708,4120.2,4956.7,8.1425, 390.82, 595.67
   10560,   10620,57.073,4329.1,5372.9,6.4244, 409.62, 637.29
   10620,   10680,40.23,4543.2,5377.2,5.4138, 428.89, 637.72
   10680,   10740,-9999,-9999,-9999,-9999, -9999, -9999
   10740,   10800,-9999,-9999,-9999,-9999, -9999, -9999
   10800,   10860,-9999,-9999,-9999,-9999, -9999, -9999
   10860,   10920,-9999,-9999,-9999,-9999, -9999, -9999
   10920,   10980,-9999,-9999,-9999,-9999, -9999, -9999
   10980,   11040,-9999,-9999,-9999,-9999, -9999, -9999
   11040,   11100,-9999,-9999,-9999,-9999, -9999, -9999
   11100,   11160,41.848,2650.1,4029.8,5.5109, 258.51, 502.98
   11160,   11220,48.7,2727.6,3772.8,5.922, 265.48, 477.28
   11220,   11280,53.523,2953,3664.4,6.2114, 285.77, 466.44
   11280,   11340,91.542,3209.3,4222.6,8.4925, 308.83, 522.26
   11340,   11400,110.39,3401.5,4300.8,9.6232, 326.14, 530.08
   11400,   11460,56.915,2995.5,4112.2,6.4149, 289.59, 511.22
   11460,   11520,36.657,2868.1,3818.1,5.1994, 278.13, 481.81
   11520,   11580,24.279,2695.1,3755.8,4.4567, 262.56, 475.58
   11580,   11640,40.605,2612.9,3708.5,5.4363, 255.16, 470.85
   11640,   11700,34.771,2774.4,3726.7,5.0862, 269.69, 472.67
   11700,   11760,17.359,2701.5,3601.9,4.0415, 263.13, 460.19
   11760,   11820,17.53,2574.6,3557.1,4.0518, 251.72, 455.71
   11820,   11880,24.651,2561.2,3403.3,4.479, 250.51, 440.33
   11880,   11940,18.587,2428.3,3103.1,4.1152, 238.54, 410.31
   11940,   12000,17.751,2545.4,3264.9,4.065, 249.09, 426.49
   12000,   12060,16.916,2736.1,3352,4.0149, 266.25, 435.2
   12060,   12120,13.07,3095.8,3642.7,3.7842, 298.62, 464.27
   12120,   12180,9.1854,2889.7,3816.6,3.5511, 280.07, 481.66
   12180,   12240,11.954,2775.1,3691.4,3.7173, 269.76, 469.14
   12240,   12300,33.771,3296.2,4070.1,5.0263, 316.66, 507.01
   12300,   12360,362.79,3331.6,6708,24.767, 319.85, 770.8
   12360,   12420,44.129,3500.1,4487.4,5.6477, 335.01, 548.74
   12420,   12480,29.811,4106.7,5126,4.7886, 389.6, 612.6
   12480,   12540,191.24,3425,4756.6,14.474, 328.25, 575.66
   12540,   12600,30.018,2814.4,3758.4,4.8011, 273.3, 475.84
   12600,   12660,42.443,2654.6,3573,5.5466, 258.92, 457.3
   12660,   12720,29.874,2686.8,3485.8,4.7924, 261.81, 448.58
   12720,   12780,168.56,2874.7,3816.6,13.113, 278.73, 481.66
   12780,   12840,188.89,3272.3,4351.8,14.333, 314.5, 535.18
   12840,   12900,136.78,3501.5,4761.6,11.207, 335.14, 576.16
   12900,   12960,27.092,2702.6,3514.8,4.6255, 263.24, 451.48
   12960,   13020,59.735,2635.5,3467,6.5841, 257.2, 446.7
   13020,   13080,49.503,2754.7,3676.8,5.9702, 267.93, 467.68
   13080,   13140,217.48,3609.8,4736.9,16.049, 344.89, 573.69
   13140,   13200,302.04,3680.5,4651.6,21.123, 351.24, 565.16
   13200,   13260,1993.2,5333.3,6569.9,122.59, 500, 756.99
   13260,   13320,666.13,4098.6,5597.4,42.968, 388.87, 659.74
   13320,   13380,34.169,3071.3,4084.4,5.0501, 296.42, 508.44
   13380,   13440,153.01,3433.2,4323.8,12.18, 328.99, 532.38
   13440,   13500,894.32,4203.6,6959.3,56.659, 398.32, 795.93
   13500,   13560,1397.8,5221.9,8010,86.867, 489.97, 901
   13560,   13620,42.138,3184.4,3897.1,5.5283, 306.6, 489.71
   13620,   13680,31.014,3197.2,4040,4.8608, 307.75, 504
   13680,   13740,30.022,2915.1,3797.5,4.8013, 282.36, 479.75
   13740,   13800,26.851,3098.8,3857.5,4.6111, 298.89, 485.75
   13800,   13860,33.046,2810.4,3674.5,4.9828, 272.93, 467.45
   13860,   13920,29.527,2781.2,3528.8,4.7716, 270.31, 452.88
   13920,   13980,31.492,3242.1,3918.2,4.8895, 311.79, 491.82
   13980,   14040,32.324,3674.7,4486.6,4.9395, 350.72, 548.66
   14040,   14100,37.708,3874.8,4706.2,5.2625, 368.73, 570.62
   14100,   14160,19.385,3458.4,4422.7,4.1631, 331.26, 542.27
   14160,   14220,174,4240.7,4870.6,13.44, 401.66, 587.06
   14220,   14280,74.615,4321.1,5515.3,7.4769, 408.9, 651.53
   14280,   14340,194.79,5189.4,6353.1,14.687, 487.05, 735.31
   14340,   14400,69.341,4686.1,5913,7.1605, 441.75, 691.3
   14400,   14460,29.506,3845.6,4812.1,4.7703, 366.1, 581.21
   14460,   14520,83.295,4112.1,5020.9,7.9977, 390.09, 602.09
   14520,   14580,148.48,3611.4,4661.4,11.909, 345.03, 566.14
   14580,   14640,226.88,3677.4,4684.9,16.613, 350.96, 568.49
   14640,   14700,226.14,3724.9,5007.3,16.568, 355.24, 600.73
   14700,   14760,138.21,2917.7,3898,11.293, 282.59, 489.8
   14760,   14820,746.45,3031,4180.5,47.787, 292.79, 518.05
   14820,   14880,499.87,3508.2,4851.7,32.992, 335.74, 585.17
   14880,   14940,251.12,3149.7,4123.9,18.067, 303.48, 512.39
   14940,   15000,30.946,2442.6,3243.3,4.8568, 239.83, 424.33
   15000,   15060,47.746,1839.6,2644.5,5.8647, 185.57, 364.45
   15060,   15120,28.851,1582.2,2240.6,4.731, 162.4, 324.06
   15120,   15180,45.393,1624.6,2321.5,5.7236, 166.21, 332.15
   15180,   15240,31.961,1476.9,2139.9,4.9177, 152.92, 313.99
   15240,   15300,20.095,1457.7,2082.1,4.2057, 151.19, 308.21
   15300,   15360,39.98,1499,3741.6,5.3988, 154.91, 474.16
   15360,   15420,45.214,1650.7,3079.2,5.7129, 168.56, 407.92
   15420,   15480,33.835,1679.5,2365.5,5.0301, 171.15, 336.55
   15480,   15540,34.891,1574.9,2339.2,5.0934, 161.74, 333.92
   15540,   15600,35.278,1847.8,2432.3,5.1167, 186.3, 343.23
   15600,   15660,49.703,2137.9,2784.8,5.9822, 212.41, 378.48
   15660,   15720,34.921,2457.8,3030.5,5.0953, 241.2, 403.05
