CampaignData_and_Merges/R0/CSL_MobileLab_Parked/raw/20240726/USOS-PTR_MobileLabGround_20240726_R0.ict
58, 1001
Matthew Coggon, Kelvin Bates, Chelsea Stockwell, Carsten Warneke
NOAA ESRL Chemical Sciences Division
NOAA PTR-ToF-MS
USOS
1,1 
2024, 07, 26, 2025, 09, 19
0
Time_Start, seconds, number of seconds from 00:00 UTC 
22
1, 1, 1, 1, 1, 1, 1, 1, 1, 1, 1, 1, 1, 1, 1, 1, 1, 1, 1, 1, 1, 1
-9999, -9999, -9999, -9999, -9999, -9999, -9999, -9999, -9999, -9999, -9999, -9999, -9999, -9999, -9999, -9999, -9999, -9999, -9999, -9999, -9999, -9999
CH3OH_NOAAPTR_ppbv,  ppbv, Gas_CH3OH_InSitu_S_AVMR, (CH3OH) methanol
CH3CN_NOAAPTR_ppbv,  ppbv, Gas_CH3CN_InSitu_S_AVMR, (CH3CN) acetonitrile
CH3CHO_NOAAPTR_ppbv,  ppbv, Gas_CH3CHO_InSitu_S_AVMR, (CH3CHO) acetaldehyde plus contributions from ethylene glycol and ethylene oxide. Interference from ethanol has been subtracted out.
C2H5OH_NOAAPTR_ppbv,  ppbv, Gas_C2H5OH_InSitu_S_AVMR, (C2H5OH) ethanol
CH3SH_NOAAPTR_ppbv,  ppbv, Gas_CH3SH_InSitu_S_AVMR, (CH3SH) methanethiol, using calibration factor for DMS
Acrolein_NOAAPTR_ppbv,  ppbv, Gas_Acrolein_InSitu_S_AVMR, (C3H4O) acrolein
AcetonePropanal_NOAAPTR_ppbv,  ppbv, Gas_AcetoneAndPropanal_InSitu_S_AVMR, (C3H6O) sum of acetone (dominant isomer) and propanal, using calibration factor for acetone
DMS_NOAAPTR_ppbv,  ppbv, Gas_DMS_InSitu_S_AVMR, (C2H6S) dimethyl sulfide with possible small contributions from ethanethiol
C5H8_NOAAPTR_ppbv,  ppbv, Gas_Isoprene_InSitu_S_AVMR, (C5H8) isoprene and possible fragments from cycloalkanes and aldehydes. Interferences have been subtracted following methods described by Coggon et al (2023)
MVKMAC_NOAAPTR_ppbv,  ppbv, Gas_MVKAndMAC_InSitu_S_AVMR, (C4H6O) sum of methyl vinyl ketone, methacrolein, and small amounts of crotonaldehyde, using weighted calibration factor for MVK (0.637) and MACR (0.363)
Benzene_NOAAPTR_ppbv,  ppbv, Gas_Benzene_InSitu_S_AVMR, (C6H6) benzene
Toluene_NOAAPTR_ppbv,  ppbv, Gas_Toluene_InSitu_S_AVMR, (C7H8) toluene with possible small contributions of fragments from ethyltoluene
Styrene_NOAAPTR_ppbv,  ppbv, Gas_Styrene_InSitu_S_AVMR, (C8H8) styrene
Benzaldehyde_NOAAPTR_ppbv,  ppbv, Gas_Benzaldehyde_InSitu_S_AVMR, (C7H6O) benzaldehyde
C8Aromatics_NOAAPTR_ppbv,  ppbv, Gas_C8Aromatics_InSitu_M_AVMR, (C8H10) sum of m-xylene, p-xylene, o-xylene, and ethyl benzene
C9Aromatics_NOAAPTR_ppbv,  ppbv, Gas_C9Aromatics_InSitu_M_AVMR, (C9H12) sum of C9 aromatics
Naphthalene_NOAAPTR_ppbv,  ppbv, Gas_Naphthalene_InSitu_S_AVMR, (C10H8) naphthalene
Octanal_NOAAPTR_ppbv,  ppbv, Gas_Octanal_InSitu_S_AVMR, (C8H16O) octanal and small amounts of octanone
Monoterpenes_NOAAPTR_ppbv,  ppbv, Gas_Monoterpenes_InSitu_M_AVMR, (C10H16) sum of monoterpenes and possible contributions from fragments of oxygenated monoterpenoids such as eucalyptol.
Nonanal_NOAAPTR_ppbv,  ppbv, Gas_Nonanal_InSitu_M_AVMR, (C9H18O) nonanal and small amounts of nonanone
C7H4ClF3_NOAAPTR_ppbv,  ppbv, Gas_C7H4ClF3_InSitu_S_AVMR, (C7H4ClF3) parachlorobenzotrifluoride
C10H30O5Si5_NOAAPTR_ppbv,  ppbv, Gas_C10H30O5Si5_InSitu_S_AVMR, (C10H30O5Si5) decamethylcyclopentasiloxane
1
SPECIAL COMMENTS:N/A
21
PI_CONTACT_INFO: NOAA ESRL Chemical Sciences Division, Tropospheric Chemistry Group. 325 Broadway, R/CSD7, Boulder, CO 80305
PLATFORM: Mobile Laboratory.
LOCATION: Salt Lake City, UT
ASSOCIATED_DATA: N/A
INSTRUMENT_INFO: NOAA PTR-ToF-MS measurements on NOAA CSL Mobile Lab
DATA_INFO: Units: ppbv
UNCERTAINTY: See OTHER_COMMENTS
ULOD_FLAG: -7777
ULOD_VALUE: N/A
LLOD_FLAG: -8888
LLOD_VALUE: N/A.
DM_CONTACT_INFO: Data Managers: Matt Coggon, Kelvin Bates, Chelsea Stockwell; email: matthew.m.coggon@noaa.gov and kelvin.bates@colorado.edu
PROJECT_INFO: USOS Deployment July-August, 2024
STIPULATIONS_ON_USE: Use of these data require prior OK from PI.
OTHER_COMMENTS: Uncertainties:
CH3OH_NOAAPTR_ppbv:30%; CH3CN_NOAAPTR_ppbv:30%; CH3CHO_NOAAPTR_ppbv:30%; C2H5OH_NOAAPTR_ppbv:30%; CH3SH_NOAAPTR_ppbv:50%; Acrolein_NOAAPTR_ppbv:30%; AcetonePropanal_NOAAPTR_ppbv:30%; DMS_NOAAPTR_ppbv:30%; C5H8_NOAAPTR_ppbv:30%; MVKMAC_NOAAPTR_ppbv:30%; 
Benzene_NOAAPTR_ppbv:30%; Toluene_NOAAPTR_ppbv:30%; Styrene_NOAAPTR_ppbv:30%; Benzaldehyde_NOAAPTR_ppbv:30%; C8Aromatics_NOAAPTR_ppbv:30%; C9Aromatics_NOAAPTR_ppbv:30%; Naphthalene_NOAAPTR_ppbv:30%; Octanal_NOAAPTR_ppbv:30%; Monoterpenes_NOAAPTR_ppbv:30%; Nonanal_NOAAPTR_ppbv:30%; 
C7H4ClF3_NOAAPTR_ppbv:30%; C10H30O5Si5_NOAAPTR_ppbv:30%; 
REVISION: R0
R0: Calibrated PTR Data. See individual species comments for details about measurement uncertainties
Time_Start, CH3OH_NOAAPTR_ppbv, CH3CN_NOAAPTR_ppbv, CH3CHO_NOAAPTR_ppbv, C2H5OH_NOAAPTR_ppbv, CH3SH_NOAAPTR_ppbv, Acrolein_NOAAPTR_ppbv, AcetonePropanal_NOAAPTR_ppbv, DMS_NOAAPTR_ppbv, C5H8_NOAAPTR_ppbv, MVKMAC_NOAAPTR_ppbv, Benzene_NOAAPTR_ppbv, Toluene_NOAAPTR_ppbv, Styrene_NOAAPTR_ppbv, Benzaldehyde_NOAAPTR_ppbv, C8Aromatics_NOAAPTR_ppbv, C9Aromatics_NOAAPTR_ppbv, Naphthalene_NOAAPTR_ppbv, Octanal_NOAAPTR_ppbv, Monoterpenes_NOAAPTR_ppbv, Nonanal_NOAAPTR_ppbv, C7H4ClF3_NOAAPTR_ppbv, C10H30O5Si5_NOAAPTR_ppbv
[from data line 1318]
79080.0, 9.15880, -9999.00000, 2.23629, 2.59055, 0.00243, 0.30269, 4.57499, 0.01680, 0.02471, 0.33221, 0.13773, 0.31023, 0.04639, 0.03181, 0.14725, 0.07186, -9999.00000, 0.06510, 0.08825, 0.09406, 0.02991, 0.00407 
79140.0, 10.10520, 0.27705, 2.38043, 8.78073, 0.00579, 0.31970, 4.65823, 0.01425, 0.00000, 0.28659, 0.47572, 1.33383, 0.09052, -0.03092, 0.66647, 0.23964, 0.03367, 0.06997, 0.10787, 0.10391, 0.03004, 0.00230 
79200.0, 7.21792, 0.25969, 1.90336, 1.60791, 0.00340, 0.25065, 4.52190, -0.00023, 0.00000, 0.30055, 0.08392, 0.20304, -0.00666, -0.02120, 0.13759, 0.04913, 0.01063, 0.04303, 0.04756, 0.06685, 0.02249, 0.00089 
79260.0, 8.63492, 0.25834, 1.90335, 1.87412, 0.00419, 0.27659, 4.62142, -0.00023, 0.01197, 0.29899, 0.10781, 0.15719, 0.00708, 0.04760, 0.07710, 0.03674, 0.01244, 0.07146, 0.10923, 0.19895, 0.02412, 0.00441 
79320.0, 9.93598, 0.26924, 2.03352, 2.21910, 0.00294, 0.29830, 4.82045, -0.00024, 0.27963, 0.33368, 0.09924, 0.17052, 0.00590, 0.02741, 0.07524, 0.04334, 0.02479, 0.14824, 0.13226, 0.52432, 0.02008, 0.00225 
79380.0, 10.44953, 0.28076, 2.51901, 20.61860, 0.00261, 0.41149, 4.76571, 0.01076, 0.11770, 0.29855, 1.43382, 3.74246, 0.17060, -0.04373, 1.80423, 0.55352, 0.03831, 0.10241, 0.07353, 0.22369, 0.01992, 0.00471 
79440.0, 8.23828, 0.27510, 1.47719, 1.34155, -0.00096, 0.15547, 4.24893, -0.00024, 0.00000, 0.29258, 0.07998, 0.17077, 0.00246, 0.00995, 0.07960, 0.02979, 0.00151, 0.03770, 0.03776, 0.06367, 0.01305, 0.00102 
79500.0, 9.25438, 0.28506, 2.01052, 22.97342, -0.00097, 0.42845, 4.44334, 0.02873, 0.32890, 0.30858, 1.90771, 4.80891, 0.10730, -0.04399, 1.67994, 0.30426, 0.00774, 0.05061, 0.04178, 0.03941, 0.01700, 0.00041 
79560.0, 8.44753, 0.28369, 1.54678, 1.74422, -0.00097, 0.16807, 4.33165, 0.00545, 0.12053, 0.30816, 0.10971, 0.11681, 0.01026, 0.00613, 0.07267, 0.03023, 0.01405, 0.04709, 0.04675, 0.03790, 0.02476, 0.00096 
79620.0, 8.29468, 0.27224, 1.68025, 2.64767, 0.00094, 0.20157, 4.48152, 0.00492, 0.12849, 0.32854, 0.12359, 0.28558, 0.01317, -0.00871, 0.13841, 0.04266, 0.02469, 0.05648, 0.05262, 0.06273, 0.01202, 0.00173 
79680.0, 8.76794, 0.24446, 1.59130, 1.85856, -0.00062, 0.22515, 4.25294, 0.00855, 0.18386, 0.32383, 0.09072, 0.18830, -0.00684, 0.00985, 0.08030, 0.03568, 0.01983, 0.03795, 0.04904, 0.06897, 0.01835, 0.00112 
79740.0, 8.59583, 0.26862, 1.53827, 1.44201, 0.00014, 0.24462, 4.32777, 0.01619, 0.32772, 0.31377, 0.03072, 0.16561, 0.00087, -0.00566, 0.07913, 0.04266, -0.01483, 0.03988, 0.09856, 0.04059, 0.01270, 0.00150 
79800.0, 8.55491, 0.27708, 1.58066, 1.79758, 0.00004, 0.18769, 4.33403, 0.01239, 0.28993, 0.34103, 0.08878, 0.12854, 0.00495, 0.00449, 0.06829, 0.03258, -0.00411, 0.01760, 0.15642, 0.03184, 0.01510, 0.00356 
79860.0, 7.76260, 0.26259, 1.44205, 1.59132, -0.00008, 0.20113, 4.16042, 0.01214, 0.20853, 0.31594, 0.01047, 0.12172, -0.00268, -0.01087, 0.06628, 0.01827, -0.01341, 0.03364, 0.04227, 0.02608, 0.00454, 0.00388 
79920.0, 8.84776, 0.27181, 1.51287, 1.75628, -0.00097, 0.23064, 4.40784, -0.00026, 0.53503, 0.35210, 0.08904, 0.16399, 0.00341, -0.00431, 0.09307, 0.02547, 0.00921, 0.02679, 0.10930, 0.06485, 0.01488, 0.00064 
79980.0, 9.32984, 0.23274, 1.67679, 1.86549, -0.00010, 0.22200, 4.42167, 0.00875, 0.39086, 0.31085, 0.04281, 0.16876, 0.00363, -0.01902, 0.09022, 0.04134, 0.01127, 0.03227, 0.07406, 0.04942, 0.01896, 0.00153 
80040.0, 9.11664, 0.25909, 1.70953, 2.21877, 0.00105, 0.22696, 4.33668, -0.00026, 0.65691, 0.31832, 0.11144, 0.22338, 0.02369, -0.00109, 0.13380, 0.05515, 0.02699, 0.02839, 0.09916, 0.04931, 0.03386, 0.00083 
80100.0, 7.46096, 0.26808, 1.35724, 1.25140, -0.00062, 0.16627, 4.26309, -0.00026, 0.56657, 0.32587, 0.08097, 0.09467, 0.00896, 0.00048, 0.05344, 0.01917, 0.00383, 0.02276, 0.05931, 0.03916, 0.02368, 0.00242 
80160.0, 8.39959, 0.25576, 1.61680, 1.76620, 0.00174, 0.21208, 4.30539, 0.00917, 0.52047, 0.31730, 0.09013, 0.14949, 0.01186, -0.01443, 0.08476, 0.02369, 0.00021, 0.04331, 0.04661, 0.04451, 0.03120, 0.00084 
80220.0, 9.22141, 0.26035, 1.40312, 1.37752, 0.00560, 0.19694, 4.24648, -0.00027, 0.19640, 0.30076, 0.06519, 0.10887, -0.00289, -0.01356, 0.04527, 0.02170, 0.01112, 0.02668, 0.12075, 0.04017, 0.02901, 0.00138 
80280.0, 11.25615, 0.24583, 1.63755, 1.57505, 0.00030, 0.22187, 4.36853, 0.01185, 0.14220, 0.32362, 0.12730, 0.11617, 0.01417, 0.00280, 0.05250, 0.02292, -0.00315, 0.02525, 0.19917, 0.03241, 0.03314, 0.00154 
80340.0, 8.29259, 0.23934, 1.37459, 1.51991, 0.00364, 0.15381, 4.22994, -0.00027, 0.06522, 0.31340, 0.13189, 0.15893, 0.02644, 0.05146, 0.06436, 0.01866, 0.02588, 0.03996, 0.06263, 0.04334, 0.01910, 0.00004 
80400.0, 9.13850, 0.23392, 1.37172, 1.81195, 0.00068, 0.16263, 4.28713, -0.00027, 0.18934, 0.31193, 0.11971, 0.13059, 0.01203, 0.05956, 0.06495, 0.02099, 0.01366, 0.05860, 0.06186, 0.04872, 0.01455, 0.00169 
80460.0, 8.52229, 0.25965, 1.21904, 1.29575, -0.00088, 0.11977, 4.10364, -0.00027, 0.04232, 0.27844, 0.03760, 0.10869, 0.00146, -0.02487, 0.05621, 0.01791, -0.00689, 0.03215, 0.01960, 0.01185, 0.03589, 0.00211 
80520.0, 8.09524, 0.25541, 1.27200, 1.35242, -0.00081, 0.14189, 4.24399, -0.00028, 0.07570, 0.28406, 0.04975, 0.13829, 0.01187, -0.00909, 0.04829, 0.01478, 0.00328, 0.02287, 0.04113, 0.02498, 0.03504, 0.00061 
80580.0, 8.50813, 0.28579, 1.35025, 1.50221, 0.00690, 0.20579, 4.32243, 0.00335, 0.03298, 0.29139, 0.05911, 0.15985, 0.01017, -0.01165, 0.07277, 0.02504, 0.00201, 0.03597, 0.04562, 0.04183, 0.04001, 0.00343 
80640.0, 7.52227, 0.24685, 1.40868, 1.54021, 0.00331, 0.17751, 4.31124, -0.00028, 0.00000, 0.31270, 0.04615, 0.14260, 0.01327, 0.00997, 0.07500, 0.03491, -0.01128, 0.03038, 0.03118, 0.06247, 0.02499, 0.00216 
80700.0, 10.35325, 0.24315, 1.49033, 1.92922, 0.00064, 0.19865, 4.32134, -0.00028, 0.02112, 0.31606, 0.04514, 0.12531, -0.00152, -0.00032, 0.06922, 0.02423, -0.01508, 0.05506, 0.10595, 0.09652, 0.02940, 0.00699 
80760.0, 8.47507, 0.27488, 1.61839, 1.65337, 0.00452, 0.18724, 4.43031, 0.01051, 0.04914, 0.32546, 0.05570, 0.14136, 0.00685, -0.02099, 0.08378, 0.03662, -0.01386, 0.02098, 0.08951, 0.07380, 0.03218, 0.00225 
80820.0, 8.14344, 0.25664, 1.24127, 1.66340, 0.00060, 0.16213, 4.23462, 0.00815, 0.22594, 0.30331, 0.01302, 0.12660, 0.00454, -0.03441, 0.05479, 0.01468, -0.01511, 0.03311, 0.04020, 0.01136, 0.03356, 0.00224 
80880.0, 9.23934, 0.27188, 1.57150, 2.30002, 0.00104, 0.19745, 4.46973, 0.00737, 0.34495, 0.36993, 0.06064, 0.12878, 0.00509, -0.00736, 0.07615, 0.01450, 0.00325, 0.05670, 0.10054, 0.04452, 0.03213, 0.00230 
80940.0, 8.34146, 0.25282, 1.37031, 1.78105, -0.00010, 0.18412, 4.26358, 0.00350, 0.12893, 0.35266, 0.08546, 0.14894, 0.01901, -0.01560, 0.07345, 0.02424, -0.01169, 0.02303, 0.05559, 0.04348, 0.02954, 0.00013 
81000.0, 8.30052, 0.27232, 1.35268, 1.41186, 0.00110, 0.14356, 4.22535, -0.00029, 0.13343, 0.31873, 0.03416, 0.09520, -0.00193, 0.00621, 0.05417, 0.01357, -0.01516, 0.04267, 0.03912, 0.03577, 0.01840, 0.00185 
81060.0, 8.31704, 0.26466, 1.19389, 1.43941, -0.00099, 0.17989, 4.19411, 0.00559, 0.02609, 0.30875, 0.05300, 0.11229, 0.00795, -0.01787, 0.05832, 0.01612, -0.00713, 0.03818, 0.03293, 0.05728, 0.01669, 0.00152 
81120.0, 8.40262, 0.26604, 1.25099, 1.56367, -0.00013, 0.15510, 4.30456, 0.01742, 0.00000, 0.30728, 0.01458, 0.12615, 0.00899, -0.01920, 0.05346, 0.02022, 0.02571, 0.04682, 0.03925, 0.05041, 0.02632, 0.00171 
81180.0, 9.97681, 0.24419, 1.29794, 1.99924, 0.00013, 0.18510, 4.27101, 0.02757, 0.00000, 0.30661, 0.05523, 0.17821, 0.00158, -0.02024, 0.10702, 0.03395, 0.01300, 0.03039, 0.05380, 0.04867, 0.04062, 0.00443 
81240.0, 8.29807, 0.26170, 1.10180, 1.34346, -0.00100, 0.14329, 4.10131, 0.00230, 0.00000, 0.27337, 0.02684, 0.11812, -0.00743, -0.00661, 0.04309, 0.00861, -0.00055, 0.02901, 0.01354, 0.03246, 0.03831, 0.00151 
81300.0, 9.44519, 0.24668, 1.40117, 1.60782, -0.00100, 0.15654, 4.37051, 0.01520, 0.00425, 0.29168, 0.02606, 0.13618, 0.01254, -0.00722, 0.06544, 0.02180, 0.00924, 0.04812, 0.06907, 0.09204, 0.03839, 0.00145 
81360.0, 8.49746, 0.25218, 1.35591, 1.75504, 0.00140, 0.18401, 4.26760, 0.00151, 0.14450, 0.27753, 0.00831, 0.10699, 0.00702, -0.00647, 0.05921, 0.01302, 0.00699, 0.02119, 0.07584, 0.04895, 0.03439, 0.00249 
81420.0, 9.13681, 0.25635, 1.41915, 1.89767, 0.00225, 0.16624, 4.27007, 0.01109, 0.28341, 0.29672, 0.02999, 0.11528, 0.00193, -0.02626, 0.05676, 0.02046, -0.00636, 0.04920, 0.04420, 0.04788, 0.03350, 0.00058 
81480.0, 8.02215, 0.23880, 1.21954, 1.62671, 0.00250, 0.17569, 4.15402, -0.00031, 0.04766, 0.25811, 0.04175, 0.11256, 0.00564, -0.03365, 0.04922, 0.01773, -0.00237, 0.01804, 0.02518, 0.03880, 0.04119, 0.00283 
81540.0, 9.01778, 0.22999, 1.11379, 1.81091, -0.00100, 0.14900, 4.03034, -0.00031, 0.01051, 0.24944, 0.05715, 0.14488, 0.00736, -0.02263, 0.06103, 0.00799, -0.00910, 0.04066, 0.02019, 0.03980, 0.02291, 0.00040 
81600.0, 9.70284, 0.24131, 1.36568, 3.25557, -0.00061, 0.21801, 4.27933, -0.00031, 0.00000, 0.26309, 0.18358, 0.62600, 0.02584, -0.04801, 0.37708, 0.12979, 0.01266, 0.03745, 0.05200, 0.22185, 0.04114, 0.00233 
81660.0, 6.86292, 0.24179, 1.21926, 1.31210, 0.00262, 0.15865, 4.15443, 0.00621, 0.01328, 0.24067, 0.03498, 0.14572, -0.00594, -0.01953, 0.07385, 0.02249, -0.01532, 0.02268, 0.03559, 0.04185, 0.03093, 0.00367 
81720.0, 7.79616, 0.23922, 1.16627, 1.43349, -0.00005, 0.15071, 4.17010, 0.00400, 0.04683, 0.28168, 0.03200, 0.11708, 0.00352, -0.02250, 0.06429, 0.01993, -0.00190, 0.02263, 0.02936, 0.03870, 0.02984, 0.00033 
81780.0, 7.69887, 0.21767, 1.26643, 1.72342, 0.00150, 0.15598, 4.13199, 0.01271, 0.08869, 0.26158, -0.00234, 0.10571, -0.00170, -0.04739, 0.05912, 0.01573, -0.00026, 0.03335, 0.04152, 0.02538, 0.03207, 0.00218 
81840.0, 9.46109, 0.23888, 1.27497, 1.89736, -0.00093, 0.21554, 4.27475, -0.00032, 0.38366, 0.30965, 0.02123, 0.13301, -0.00053, -0.03255, 0.07494, 0.03851, -0.00012, 0.02242, 0.07248, 0.02859, 0.03754, -0.00028 
81900.0, 8.94676, 0.26245, 1.11063, 1.70761, 0.00011, 0.15270, 4.20002, -0.00032, 0.00000, 0.28511, 0.02882, 0.13027, -0.00085, -0.03796, 0.05408, 0.01562, -0.01538, 0.02181, 0.02392, 0.02676, 0.02859, 0.00260 
81960.0, 8.18741, 0.25938, 1.13312, 1.86000, -0.00101, 0.14935, 4.17638, 0.01046, 0.04541, 0.25316, 0.02553, 0.09724, 0.01368, -0.04004, 0.05669, 0.01344, -0.00656, 0.02913, 0.03719, 0.00837, 0.01360, -0.00093 
82020.0, 7.44299, 0.25117, 1.18172, 1.72606, -0.00101, 0.12392, 4.17178, 0.01571, 0.02111, 0.23618, 0.00684, 0.08941, 0.00205, -0.01757, 0.05048, 0.01330, -0.01542, 0.02905, 0.02885, 0.01959, 0.02530, 0.00031 
82080.0, 9.54462, 0.22642, 1.22932, 1.89347, 0.00247, 0.16240, 4.32879, 0.00474, 0.05062, 0.23348, -0.01730, 0.13558, -0.00496, 0.00641, 0.07137, 0.02525, -0.00774, 0.02442, 0.03052, 0.03007, 0.02137, 0.00016 
82140.0, 10.15113, 0.23212, 1.32785, 2.30994, -0.00101, 0.14244, 4.25723, 0.00099, 0.10063, 0.24222, 0.05110, 0.15272, -0.00777, -0.02032, 0.09090, 0.03149, 0.01786, 0.02306, 0.03222, 0.01972, 0.02120, 0.00045 
82200.0, 8.25822, 0.26495, 1.19878, 1.87175, 0.00032, 0.15672, 4.27791, 0.00493, 0.05019, 0.22096, 0.06125, 0.11605, 0.00786, -0.03980, 0.05695, 0.01879, -0.00836, 0.00292, 0.04061, 0.02282, 0.01894, 0.00105 
82260.0, 8.33811, 0.24731, 1.23534, 1.76856, -0.00102, 0.13864, 4.27956, -0.00033, 0.00341, 0.23953, 0.09195, 0.14900, 0.00617, -0.01839, 0.06318, 0.01693, -0.00261, 0.02084, 0.03462, 0.01976, 0.01932, 0.00189 
82320.0, 8.93193, 0.24705, 1.16270, 1.70049, 0.00144, 0.15741, 4.16445, 0.01321, 0.06263, 0.20994, 0.00023, 0.12701, -0.00783, -0.02867, 0.06635, 0.02033, -0.01186, 0.01134, 0.02580, 0.01936, 0.01592, 0.00065 
82380.0, 10.43649, 0.22550, 1.57360, 2.21772, 0.00158, 0.19665, 4.44224, 0.00805, 0.12676, 0.26067, 0.10514, 0.17737, -0.00786, -0.00731, 0.08979, 0.03774, 0.00412, 0.03974, 0.08643, 0.19846, 0.01738, 0.00175 
82440.0, 8.90602, 0.24060, 1.23438, 2.13095, -0.00102, 0.19831, 4.25158, 0.01614, 0.33185, 0.24964, 0.02075, 0.11944, -0.00788, -0.03125, 0.06471, 0.02314, -0.01552, 0.02523, 0.06840, 0.02657, 0.01963, 0.00366 
82500.0, 9.55194, 0.23525, 1.45057, 2.43052, -0.00010, 0.19593, 4.43599, 0.01015, 0.25688, 0.24443, 0.05904, 0.16133, -0.00790, -0.04093, 0.09080, 0.02833, 0.00773, 0.03493, 0.09321, 0.06130, 0.01684, 0.00156 
82560.0, 10.97528, 0.25711, 1.67867, 2.65867, 0.00560, 0.17691, 4.56731, 0.01286, 0.11818, 0.26419, 0.05128, 0.25196, 0.01942, -0.01805, 0.16201, 0.05454, -0.01555, 0.06407, 0.14456, 0.10548, 0.02662, 0.00452 
82620.0, 9.34097, 0.24532, 1.16810, 2.28308, -0.00047, 0.12181, 4.24896, -0.00016, 0.05421, 0.23890, 0.03821, 0.13632, -0.00795, -0.03712, 0.08312, 0.02397, -0.01557, 0.02945, 0.05584, 0.01474, 0.00782, 0.00401 
82680.0, 9.92477, 0.24819, 1.20089, 1.64500, 0.00111, 0.14892, 4.22786, 0.01436, 0.09126, 0.21337, 0.02022, 0.16899, 0.00881, -0.04430, 0.08590, 0.02658, -0.01558, 0.02433, 0.04834, 0.01579, 0.01239, 0.00300 
82740.0, 8.36789, 0.22648, 1.12190, 1.74178, 0.00034, 0.14001, 4.16278, -0.00035, 0.05798, 0.25810, 0.04663, 0.12341, 0.00655, -0.02055, 0.05804, 0.02601, -0.01409, 0.01737, 0.03371, 0.03923, 0.01620, 0.00431 
82800.0, 9.55220, 0.22965, 1.30474, 1.61972, 0.00231, 0.17035, 4.29378, 0.00474, 0.09521, 0.23046, 0.02666, 0.18008, 0.01657, -0.03775, 0.08500, 0.01953, -0.00454, 0.03710, 0.06039, 0.09895, 0.03348, 0.00013 
82860.0, 10.83163, 0.23815, 1.58679, 2.16779, 0.00142, 0.17370, 4.35686, 0.00460, 0.36807, 0.26678, 0.11157, 0.22358, 0.02175, -0.00605, 0.11358, 0.04525, -0.00082, 0.02269, 0.08947, 0.05167, 0.01244, -0.00071 
82920.0, 15.69784, 0.24608, 1.39057, 2.09859, 0.00044, 0.17910, 4.29465, 0.01114, 0.22131, 0.25342, 0.07843, 0.21279, 0.01561, -0.01778, 0.11530, 0.04562, -0.00479, 0.02257, 0.05602, 0.03109, 0.01826, 0.00097 
82980.0, 11.56931, 0.26127, 1.48890, 2.22736, 0.00014, 0.18403, 4.37796, 0.00601, 0.64155, 0.30630, 0.05079, 0.18773, 0.01744, -0.03649, 0.08786, 0.03708, -0.00404, 0.03555, 0.07500, 0.05025, 0.01768, 0.00442 
83040.0, 8.27348, 0.26078, 1.11737, 1.59729, 0.00172, 0.12680, 4.00898, 0.01301, 0.20687, 0.26483, 0.00805, 0.07558, -0.00208, -0.04452, 0.04568, 0.01555, -0.01567, 0.02097, 0.03636, 0.02421, 0.01708, 0.00134 
83100.0, 8.37091, 0.24350, 1.09520, 1.73599, 0.00073, 0.14091, 4.13285, -0.00036, 0.16047, 0.26842, 0.06667, 0.09951, 0.00461, -0.03505, 0.06140, 0.02284, -0.01320, 0.02638, 0.04397, 0.02322, 0.00519, 0.00039 
83160.0, 9.18987, 0.25052, 1.31676, 1.91578, -0.00041, 0.17369, 4.70463, -0.00036, 0.28666, 0.30670, 0.06288, 0.16307, 0.01077, -0.02157, 0.08252, 0.03808, -0.00339, 0.04336, 0.09738, 0.03920, 0.01740, 0.00065 
83220.0, 7.99492, 0.24536, 1.18526, 1.41432, -0.00001, 0.14480, 4.11002, 0.00020, 0.03981, 0.25212, 0.02957, 0.09363, -0.00817, -0.04940, 0.04662, 0.01278, -0.01572, 0.00691, 0.02911, 0.02622, 0.01324, 0.00242 
83280.0, 8.82237, 0.24618, 1.33748, 1.67392, -0.00039, 0.17233, 4.13036, -0.00037, 0.12609, 0.25980, 0.03736, 0.10295, -0.00291, -0.00188, 0.04802, 0.01510, -0.00981, 0.04892, 0.03664, 0.06264, 0.02339, 0.00237 
83340.0, 12.98318, 0.23563, 1.24415, 1.93433, 0.00139, 0.14094, 4.14086, 0.00862, 0.12470, 0.26294, 0.04321, 0.13539, -0.00563, -0.02182, 0.07602, 0.03339, -0.01575, 0.02986, 0.07249, 0.03399, 0.02346, 0.00300 
83400.0, 9.45156, 0.24084, 1.10967, 1.41100, 0.00086, 0.14003, 4.00620, 0.01861, 0.12204, 0.19679, 0.02925, 0.09169, 0.00722, -0.00577, 0.04906, 0.01985, -0.01482, 0.02589, 0.08819, 0.03512, 0.01446, 0.00055 
83460.0, 7.62961, 0.25103, 0.94129, 1.31077, 0.00070, 0.11452, 3.96805, 0.00373, 0.04463, 0.18631, 0.02708, 0.08551, 0.00433, -0.01759, 0.03561, 0.01086, -0.01578, 0.02644, 0.03167, 0.01583, 0.01126, 0.00065 
83520.0, 7.70699, 0.25958, 1.17607, 2.15908, -0.00104, 0.13849, 3.99894, -0.00038, 0.32880, 0.21980, 0.07454, 0.18174, 0.00412, -0.02862, 0.08411, 0.03139, -0.00464, 0.03356, 0.05469, 0.02797, 0.01304, 0.00294 
