CampaignData_and_Merges/R0/CSL_MobileLab_Parked/raw/20240726/USOS-NOAAIodideCIMS-OrgNitrs_MobileLabGround_20240726_RA.ict
37, 1001
Michael A Robinson, Chris Jernigan, Subi Thakali
NOAA ESRL Chemical Sciences Laboratory and CIRES, U. of Colorado
NOAA Iodide CIMS Instrument
USOS
1, 1
2024, 07, 26, 2024, 07, 27
1
starttime_UTC, seconds_past_midnight, seconds_of_day_since_00:00:00_UTC
5
1, 1, 1, 1, 1
-9999, -9999, -9999, -9999, -9999
C4H7NO5_NOAACIMS, pptv, Gas_C4H7NO5_InSitu_S_AVMR, 
ISOPN_NOAACIMS, pptv, Gas_ISOPN_InSitu_S_AVMR, 
C5H10O3_NOAACIMS, pptv, Gas_C5H10O3_InSitu_S_AVMR, 
C5H9NO5_NOAACIMS, pptv, Gas_C5H9NO5_InSitu_S_AVMR, 
C10H17NO4_NOAACIMS, pptv, Gas_C10H17NO4_InSitu_S_AVMR, 
0
18
PI_CONTACT_INFO: 325 Broadway, R/CSD 7, Boulder, Colorado 80305; michael.a.robinson@noaa.gov; chris.jernigan@noaa.gov;
PLATFORM: NOAA CSL Mobile Lab
LOCATION: SLC, Utah
ASSOCIATED_DATA: 1Hz data also available on request.
INSTRUMENT_INFO: NOAA I- ToF CIMS
DATA_INFO: All data in parts per trillion by volume (pptv). 1 Hz data is available upon request.
UNCERTAINTY: TBD
ULOD_FLAG: -7777
ULOD_VALUE: N/A
LLOD_FLAG: -8888
LLOD_VALUE: N/A
DM_CONTACT_INFO: Nathan Howard; nathan.h.howard@noaa.gov
PROJECT_INFO: USOS, summer 2024. https://csl.noaa.gov/groups/csl7/measurements/2024usos/
STIPULATIONS_ON_USE: Users are strongly encouraged to contact the PI for proper data usage.
OTHER_COMMENTS: 
REVISION: RA
RA: Preliminary Data; For in-field use only
starttime_UTC, C4H7NO5_NOAACIMS, ISOPN_NOAACIMS, C5H10O3_NOAACIMS, C5H9NO5_NOAACIMS, C10H17NO4_NOAACIMS
[from data line 338]
 20280,  1.565,  1.083, 17.725,  2.879,  0.313
 20340,  1.555,  1.245, 17.619,  2.798,  0.292
 20400,  1.620,  1.167, 19.011,  2.853,  0.290
 20460,  1.612,  1.228, 18.984,  2.852,  0.256
 20520,  1.552,  1.553, 17.480,  2.885,  0.398
 20580,  1.536,  0.794, 16.392,  2.565,  0.218
 20640,  1.498,  1.247, 17.423,  2.524,  0.202
 20700,  1.451,  1.054, 17.769,  2.512,  0.265
 20760,  1.514,  1.200, 18.361,  2.540,  0.247
 20820,  1.475,  1.172, 18.507,  2.676,  0.232
 20880,  1.661,  1.108, 19.372,  2.866,  0.275
 20940,  1.561,  1.109, 18.045,  2.698,  0.240
 21000,  1.565,  1.097, 18.262,  2.735,  0.257
 21060,  1.504,  1.173, 19.014,  2.678,  0.264
 21120,  1.672,  1.072, 19.815,  2.962,  0.296
 21180,  1.867,  1.288, 21.739,  3.464,  0.308
 21240,  1.828,  1.250, 21.751,  3.093,  0.268
 21300,  1.723,  1.230, 21.344,  2.864,  0.250
 21360,  1.810,  1.132, 21.713,  3.131,  0.305
 21420,  1.731,  1.163, 21.796,  3.114,  0.264
 21480,  1.612,  1.294, 22.393,  3.043,  0.290
 21540,  1.575,  1.108, 21.210,  2.715,  0.296
 21600,  1.603,  1.400, 21.925,  2.832,  0.294
 21660,  1.600,  1.482, 22.030,  2.883,  0.271
 21720,  1.536,  1.226, 21.437,  2.786,  0.339
 21780,  1.392,  1.016, 21.239,  2.551,  0.207
 21840,  1.424,  1.165, 21.298,  2.577,  0.232
 21900,  1.304,  1.053, 20.100,  2.343,  0.256
 21960,  1.294,  1.356, 19.403,  2.328,  0.255
 22020,  1.288,  1.260, 19.514,  2.336,  0.298
 22080,  1.230,  1.185, 19.051,  2.310,  0.236
 22140,  1.200,  1.093, 18.397,  2.143,  0.221
 22200,  1.154,  0.998, 18.943,  2.346,  0.205
 22260,  1.260,  1.029, 19.296,  2.183,  0.253
 22320,  1.177,  1.149, 18.234,  2.100,  0.180
 22380, -9999.000, -9999.000, -9999.000, -9999.000, -9999.000
 22440,  1.231,  1.272, 18.375,  1.953,  0.226
 22500,  1.209,  0.986, 18.630,  2.112,  0.229
 22560,  1.242,  1.026, 19.584,  2.445,  0.238
 22620,  1.413,  1.177, 21.943,  2.438,  0.265
 22680,  1.425,  1.347, 22.761,  2.492,  0.251
 22740,  1.395,  1.044, 21.428,  2.438,  0.284
 22800,  1.504,  1.206, 22.999,  2.720,  0.250
 22860,  1.321,  1.127, 21.957,  2.387,  0.208
 22920,  1.248,  0.931, 21.302,  2.422,  0.278
 22980,  1.207,  1.029, 21.142,  2.132,  0.289
 23040,  1.235,  0.668, 20.131,  2.147,  0.242
 23100,  1.229,  0.996, 19.972,  2.138,  0.252
 23160,  1.189,  1.115, 19.786,  2.170,  0.206
 23220,  1.254,  1.020, 19.368,  2.127,  0.219
 23280,  1.249,  0.984, 20.262,  2.204,  0.253
 23340,  1.243,  1.045, 19.941,  2.224,  0.231
 23400,  1.338,  1.138, 20.900,  2.491,  0.283
 23460,  1.462,  1.036, 22.029,  2.448,  0.225
 23520,  1.513,  1.200, 23.502,  2.647,  0.379
 23580,  1.581,  1.082, 23.230,  2.899,  0.650
 23640,  1.661,  1.176, 25.706,  2.943,  0.698
 23700,  1.691,  1.019, 25.242,  3.111,  0.747
 23760,  1.699,  1.045, 25.880,  3.026,  1.014
 23820,  1.793,  1.318, 26.787,  3.182,  1.218
 23880,  1.827,  1.263, 27.550,  3.231,  1.143
 23940,  1.878,  1.351, 27.948,  3.438,  1.232
 24000,  1.906,  1.204, 28.789,  3.342,  1.311
 24060,  1.882,  1.442, 30.043,  3.516,  1.320
 24120,  1.909,  1.415, 30.598,  3.505,  1.161
 24180,  1.897,  1.313, 29.414,  3.517,  1.164
 24240,  1.765,  1.342, 27.154,  3.356,  1.020
 24300,  1.799,  1.270, 26.931,  3.362,  0.979
 24360,  1.744,  1.440, 27.206,  3.371,  0.850
 24420,  1.758,  1.321, 27.172,  3.224,  0.952
 24480,  1.656,  1.463, 27.336,  3.250,  0.873
 24540,  1.743,  1.417, 28.771,  3.295,  0.858
 24600,  1.669,  1.218, 28.736,  3.288,  0.815
 24660,  1.673,  1.463, 29.054,  3.277,  0.859
 24720,  1.639,  1.601, 28.097,  3.190,  0.863
 24780,  1.598,  1.438, 27.694,  3.200,  0.892
 24840,  1.588,  1.490, 26.805,  3.057,  0.967
 24900,  1.595,  1.457, 27.916,  3.104,  0.938
 24960,  1.569,  1.585, 27.756,  3.125,  0.922
 25020,  1.582,  1.663, 27.394,  3.178,  1.008
 25080,  1.544,  1.461, 26.928,  3.028,  0.924
 25140,  1.529,  1.447, 25.579,  2.879,  0.901
 25200,  1.518,  1.483, 26.076,  2.925,  0.968
 25260,  1.449,  1.367, 25.197,  2.854,  0.988
 25320,  1.528,  1.359, 25.320,  2.926,  1.008
 25380,  1.485,  1.557, 25.785,  3.037,  1.091
 25440,  1.472,  1.457, 25.324,  3.003,  1.114
 25500,  1.522,  1.291, 26.590,  2.925,  1.187
 25560,  1.488,  1.468, 26.667,  3.029,  1.094
 25620,  1.523,  1.598, 26.920,  2.981,  1.106
 25680,  1.535,  1.604, 25.659,  3.022,  1.170
 25740,  1.535,  1.547, 26.306,  3.002,  1.138
 25800,  1.538,  1.362, 26.992,  3.036,  1.191
 25860,  1.630,  1.364, 26.813,  2.843,  1.173
 25920,  1.597,  1.692, 27.110,  3.019,  1.149
 25980,  1.584,  1.580, 26.470,  3.214,  1.226
 26040,  1.584,  1.160, 27.141,  3.137,  1.268
 26100, -9999.000, -9999.000, -9999.000, -9999.000, -9999.000
 26160,  1.500,  1.704, 24.388,  3.010,  1.103
 26220,  1.553,  1.394, 26.285,  2.946,  1.276
 26280,  1.586,  1.691, 27.081,  3.273,  1.239
 26340,  1.669,  1.617, 27.125,  3.005,  1.449
 26400,  1.618,  1.572, 27.808,  3.202,  1.510
 26460,  1.653,  1.357, 27.623,  3.354,  1.528
 26520,  1.678,  1.656, 27.856,  3.172,  1.691
 26580,  1.726,  1.668, 30.078,  3.234,  1.756
 26640,  1.664,  1.591, 29.651,  3.220,  1.740
 26700,  1.620,  1.786, 29.005,  3.160,  1.810
 26760,  1.599,  1.369, 28.226,  3.071,  1.562
 26820,  1.569,  1.676, 27.302,  3.108,  1.609
 26880,  1.617,  1.507, 27.589,  3.260,  1.487
 26940,  1.584,  1.629, 28.126,  3.304,  1.449
 27000,  1.658,  1.594, 28.000,  3.348,  1.321
 27060,  1.750,  1.464, 29.155,  3.469,  1.463
 27120,  1.710,  1.668, 27.683,  3.468,  1.283
 27180,  1.737,  1.674, 26.842,  3.518,  1.253
 27240,  1.764,  1.572, 26.363,  3.387,  1.095
 27300,  1.728,  1.733, 26.551,  3.241,  1.049
 27360,  1.744,  1.796, 26.047,  3.382,  1.022
 27420,  1.781,  1.669, 26.694,  3.299,  0.988
 27480,  1.785,  1.607, 26.166,  3.378,  0.966
 27540,  1.804,  1.765, 25.823,  3.428,  0.856
 27600,  1.746,  1.549, 25.034,  3.420,  0.992
 27660,  1.819,  1.741, 24.080,  3.356,  0.968
 27720,  1.821,  1.702, 25.105,  3.634,  0.979
 27780,  1.922,  1.754, 26.034,  3.562,  0.984
 27840,  1.881,  1.536, 25.600,  3.557,  0.911
 27900,  1.909,  1.930, 24.955,  3.483,  1.167
 27960, -9999.000, -9999.000, -9999.000, -9999.000, -9999.000
 28020,  1.972,  1.786, 22.874,  3.413,  1.074
 28080,  1.986,  1.661, 22.901,  3.531,  1.097
 28140,  1.986,  1.574, 24.688,  3.575,  1.179
 28200,  2.011,  1.741, 23.978,  3.684,  1.135
 28260,  2.087,  1.554, 25.109,  3.914,  1.177
 28320,  2.138,  1.900, 24.889,  3.777,  1.171
 28380,  2.166,  1.541, 25.435,  3.865,  1.253
 28440,  2.103,  1.708, 24.646,  3.887,  1.135
 28500,  2.157,  1.668, 25.394,  3.945,  1.286
 28560,  2.179,  1.874, 25.880,  4.095,  1.241
 28620,  2.124,  1.723, 26.255,  3.965,  1.283
 28680,  2.142,  1.852, 24.756,  3.899,  1.261
 28740,  2.165,  1.887, 24.933,  3.947,  1.126
 28800,  2.133,  1.862, 24.423,  3.993,  1.239
 28860,  2.060,  1.781, 25.343,  3.828,  1.183
 28920,  2.084,  1.759, 25.418,  4.020,  1.267
 28980,  2.038,  1.842, 25.257,  3.905,  1.183
 29040,  2.017,  1.769, 23.924,  3.663,  1.124
 29100,  1.973,  1.757, 24.101,  3.495,  1.105
 29160,  1.975,  1.434, 23.108,  3.605,  1.141
 29220,  1.947,  1.761, 23.533,  3.530,  0.996
 29280,  1.928,  1.461, 23.848,  3.602,  1.049
 29340,  1.916,  1.542, 24.995,  3.596,  1.081
 29400,  1.881,  1.470, 24.175,  3.606,  1.127
 29460,  1.919,  1.657, 23.846,  3.594,  1.157
 29520,  1.924,  1.498, 23.361,  3.659,  1.110
 29580,  1.926,  1.594, 23.633,  3.515,  1.031
 29640,  1.921,  1.483, 23.800,  3.738,  1.197
 29700,  1.969,  1.350, 25.164,  3.688,  1.157
 29760,  1.956,  1.557, 25.004,  3.563,  1.216
 29820, -9999.000, -9999.000, -9999.000, -9999.000, -9999.000
 29880,  1.794,  1.541, 22.022,  3.266,  0.929
 29940,  1.815,  1.394, 21.851,  3.331,  1.079
 30000,  1.669,  1.241, 21.741,  3.053,  1.039
 30060,  1.661,  1.362, 22.161,  3.056,  1.057
 30120,  1.555,  1.229, 21.591,  2.689,  1.016
 30180,  1.513,  1.274, 20.865,  2.719,  1.018
 30240,  1.496,  1.330, 22.223,  2.805,  0.929
 30300,  1.405,  1.167, 21.582,  2.611,  0.899
 30360,  1.386,  1.095, 21.116,  2.539,  0.873
 30420,  1.343,  1.299, 20.870,  2.508,  0.879
 30480,  1.352,  1.093, 21.560,  2.336,  0.792
 30540,  1.341,  1.197, 21.578,  2.348,  0.705
 30600,  1.321,  1.084, 21.733,  2.324,  0.756
 30660,  1.254,  1.118, 21.349,  2.424,  0.839
 30720,  1.269,  1.294, 21.661,  2.297,  0.780
 30780,  1.262,  1.209, 20.580,  2.353,  0.811
 30840,  1.219,  1.261, 21.973,  2.249,  0.770
 30900,  1.281,  1.053, 21.234,  2.219,  0.825
 30960,  1.213,  1.201, 20.344,  2.273,  0.775
 31020,  1.246,  1.043, 20.042,  2.280,  0.846
 31080,  1.257,  1.101, 20.168,  2.213,  0.728
 31140,  1.249,  1.016, 19.770,  2.205,  0.751
 31200,  1.242,  1.191, 19.732,  2.200,  0.785
 31260,  1.234,  1.098, 20.290,  2.277,  0.803
 31320,  1.275,  1.018, 20.260,  2.289,  0.850
 31380,  1.261,  1.039, 19.508,  2.182,  0.763
 31440,  1.238,  1.192, 19.438,  2.208,  0.837
 31500,  1.263,  0.947, 19.635,  2.365,  0.824
 31560,  1.262,  1.327, 20.474,  2.218,  0.857
 31620,  1.272,  1.103, 20.098,  2.208,  0.709
 31680, -9999.000, -9999.000, -9999.000, -9999.000, -9999.000
 31740,  1.255,  1.042, 19.660,  2.253,  0.799
 31800,  1.317,  0.922, 18.735,  2.261,  0.710
 31860,  1.293,  1.119, 18.467,  2.246,  0.802
 31920,  1.278,  0.918, 18.830,  2.351,  0.802
 31980,  1.323,  1.179, 19.096,  2.449,  0.825
 32040,  1.345,  1.149, 18.970,  2.360,  0.772
 32100,  1.329,  1.320, 19.485,  2.278,  0.878
 32160,  1.320,  1.144, 19.044,  2.415,  0.739
 32220,  1.332,  0.916, 19.383,  2.387,  0.888
 32280,  1.343,  1.222, 20.338,  2.413,  0.776
 32340,  1.392,  1.140, 20.123,  2.516,  0.888
 32400,  1.426,  1.141, 20.598,  2.435,  0.958
 32460,  1.383,  1.212, 21.963,  2.581,  1.007
 32520,  1.375,  1.202, 20.890,  2.454,  0.930
 32580,  1.381,  1.423, 21.523,  2.558,  1.032
 32640,  1.391,  1.184, 21.017,  2.435,  0.941
 32700,  1.414,  1.142, 21.306,  2.630,  0.968
 32760,  1.418,  1.054, 22.755,  2.679,  1.040
 32820,  1.445,  1.216, 22.654,  2.520,  1.002
 32880,  1.408,  1.151, 22.397,  2.577,  1.077
 32940,  1.433,  1.095, 22.768,  2.739,  1.098
 33000,  1.367,  1.180, 21.752,  2.588,  1.055
 33060,  1.433,  1.379, 22.128,  2.525,  1.013
 33120,  1.398,  1.234, 23.191,  2.536,  0.958
 33180,  1.417,  1.341, 22.821,  2.512,  1.016
 33240,  1.450,  1.364, 23.707,  2.670,  1.176
 33300,  1.483,  1.379, 24.041,  2.699,  1.128
 33360,  1.444,  1.298, 23.935,  2.699,  1.245
 33420,  1.447,  1.190, 22.988,  2.766,  1.052
 33480,  1.408,  1.542, 23.547,  2.630,  1.178
 33540, -9999.000, -9999.000, -9999.000, -9999.000, -9999.000
 33600,  1.214,  1.057, 17.856,  2.197,  0.850
 33660,  1.257,  1.056, 19.014,  2.265,  0.875
 33720,  1.217,  1.189, 18.986,  2.230,  0.847
 33780,  1.162,  1.065, 16.714,  2.133,  0.781
 33840,  1.187,  1.050, 17.765,  2.156,  0.812
 33900,  1.189,  1.141, 16.659,  2.204,  0.730
 33960,  1.192,  0.998, 18.245,  2.146,  0.845
 34020,  1.197,  1.106, 17.992,  2.079,  0.755
 34080,  1.204,  1.085, 19.034,  2.090,  0.874
 34140,  1.211,  0.930, 19.568,  2.167,  0.796
 34200,  1.212,  0.975, 18.597,  2.054,  0.828
 34260,  1.186,  0.991, 18.209,  2.102,  0.796
 34320,  1.173,  1.249, 17.689,  2.113,  0.789
 34380,  1.283,  1.147, 19.175,  2.152,  0.998
 34440,  1.332,  1.312, 21.302,  2.384,  0.908
 34500,  1.377,  1.247, 22.659,  2.484,  0.917
 34560,  1.321,  1.136, 23.102,  2.322,  0.826
 34620,  1.248,  1.397, 22.503,  2.239,  0.992
 34680,  1.088,  1.214, 19.457,  2.088,  1.009
 34740,  1.168,  0.947, 19.973,  2.019,  0.935
 34800,  1.202,  1.178, 20.077,  2.275,  0.998
 34860,  1.121,  1.052, 18.647,  2.041,  1.049
 34920,  1.054,  1.056, 17.848,  1.791,  1.062
 34980,  1.098,  1.133, 17.785,  1.906,  1.030
 35040,  1.048,  1.173, 17.066,  1.832,  1.123
 35100,  1.082,  0.967, 15.856,  1.848,  1.061
 35160,  1.006,  1.082, 15.255,  1.730,  1.096
 35220,  1.064,  1.117, 15.380,  1.676,  1.038
 35280,  1.025,  1.144, 14.110,  1.745,  1.057
 35340,  1.035,  1.205, 14.870,  1.738,  1.100
 35400,  0.994,  0.955, 12.635,  1.708,  0.849
 35460,  1.007,  1.112, 13.201,  1.727,  1.104
 35520,  0.932,  1.066, 12.449,  1.624,  1.128
 35580,  0.999,  1.121, 13.627,  1.789,  0.987
 35640,  1.016,  0.832, 13.863,  1.743,  1.078
 35700,  1.010,  1.041, 14.519,  1.777,  0.992
 35760,  1.027,  1.056, 13.644,  1.853,  1.236
 35820,  1.007,  1.044, 13.797,  1.804,  1.142
 35880,  1.048,  1.059, 13.735,  1.784,  1.288
 35940,  1.039,  1.003, 13.639,  1.847,  1.357
 36000,  1.055,  1.055, 14.864,  1.842,  1.219
 36060,  1.036,  1.080, 14.542,  1.877,  1.380
 36120,  1.025,  1.052, 14.298,  1.909,  1.389
 36180,  1.052,  0.859, 14.806,  1.984,  1.408
 36240,  1.078,  1.133, 14.956,  2.002,  1.416
 36300,  1.030,  1.089, 16.123,  2.056,  1.336
 36360,  0.977,  0.868, 15.449,  1.848,  1.430
 36420,  0.961,  0.892, 13.961,  1.941,  1.457
 36480,  0.947,  1.014, 13.797,  1.772,  1.438
 36540,  0.977,  0.979, 13.574,  1.890,  1.471
 36600,  0.939,  0.873, 13.599,  1.873,  1.478
 36660,  0.919,  0.968, 13.549,  1.833,  1.463
 36720,  0.975,  0.941, 13.528,  1.950,  1.389
 36780,  0.971,  0.939, 13.061,  1.888,  1.422
 36840,  0.958,  0.795, 13.696,  2.030,  1.435
 36900,  1.006,  0.726, 13.145,  1.976,  1.455
 36960,  1.063,  1.020, 13.931,  2.051,  1.403
 37020,  1.093,  0.826, 14.487,  2.139,  1.445
 37080,  1.122,  0.998, 15.458,  2.203,  1.476
 37140,  1.156,  0.757, 15.626,  2.187,  1.472
 37200,  1.267,  0.788, 17.168,  2.051,  1.589
 37260, -9999.000, -9999.000, -9999.000, -9999.000, -9999.000
 37320,  1.079,  0.945, 14.521,  2.159,  1.315
 37380,  1.167,  0.988, 15.635,  2.266,  1.332
 37440,  1.160,  0.827, 16.169,  2.242,  1.426
 37500,  1.222,  0.921, 16.193,  2.387,  1.467
 37560,  1.176,  0.884, 17.043,  2.311,  1.427
 37620,  1.191,  1.018, 16.729,  2.298,  1.486
 37680,  1.195,  0.785, 16.548,  2.144,  1.550
 37740,  1.167,  1.052, 17.141,  2.178,  1.591
 37800,  1.181,  0.916, 17.259,  2.156,  1.557
 37860,  1.144,  0.882, 17.508,  2.173,  1.603
 37920,  1.127,  1.008, 17.540,  2.257,  1.628
 37980,  1.131,  1.126, 17.674,  2.253,  1.643
 38040,  1.164,  1.173, 17.077,  2.292,  1.685
 38100,  1.164,  1.234, 17.979,  2.186,  1.795
 38160,  1.134,  0.981, 17.585,  2.183,  1.882
 38220,  1.154,  1.196, 17.832,  2.076,  1.914
 38280,  1.144,  1.220, 17.086,  2.116,  1.750
 38340,  1.121,  0.959, 15.926,  2.125,  1.775
 38400,  1.111,  1.177, 16.729,  2.108,  1.880
 38460,  1.096,  1.170, 16.531,  2.247,  1.839
 38520,  1.018,  1.109, 16.521,  2.119,  1.852
 38580,  1.067,  1.013, 16.612,  2.066,  1.824
 38640,  1.085,  1.177, 16.206,  2.102,  1.818
 38700,  1.036,  1.121, 15.251,  1.990,  1.782
 38760,  1.052,  1.023, 14.926,  1.993,  1.761
 38820,  1.091,  1.166, 15.118,  2.105,  1.825
 38880,  1.117,  1.109, 15.378,  1.904,  1.782
 38940,  1.033,  1.181, 15.378,  1.954,  1.730
 39000,  1.040,  1.102, 15.084,  1.995,  1.698
 39060,  1.042,  0.886, 13.747,  2.009,  1.372
 39120,  1.074,  1.312, 14.364,  1.991,  1.633
 39180,  1.016,  1.111, 14.397,  1.965,  1.654
 39240,  1.067,  1.189, 14.930,  2.003,  1.564
 39300,  1.063,  1.109, 15.234,  1.947,  1.592
 39360,  1.044,  1.113, 14.373,  1.991,  1.520
 39420,  1.031,  1.063, 14.108,  1.918,  1.595
 39480,  1.026,  0.899, 14.351,  1.987,  1.505
 39540,  1.026,  1.136, 14.254,  2.022,  1.598
 39600,  1.061,  1.103, 13.817,  1.943,  1.567
 39660,  1.040,  1.096, 13.986,  1.957,  1.543
 39720,  1.004,  1.099, 13.916,  1.924,  1.677
 39780,  1.021,  0.913, 12.926,  1.989,  1.526
 39840,  1.021,  0.878, 13.114,  1.762,  1.517
 39900,  1.065,  0.927, 13.570,  1.824,  1.554
 39960,  1.001,  1.006, 13.479,  1.928,  1.417
 40020,  1.034,  0.827, 12.983,  1.813,  1.374
 40080,  1.050,  1.042, 12.849,  1.863,  1.528
 40140,  1.057,  0.953, 12.837,  1.753,  1.345
 40200,  1.043,  1.133, 13.056,  1.850,  1.380
 40260,  1.029,  0.958, 13.957,  1.871,  1.470
 40320,  1.025,  0.848, 12.617,  1.864,  1.367
 40380,  1.072,  0.851, 12.613,  1.915,  1.345
 40440,  1.069,  0.860, 13.026,  1.877,  1.341
 40500,  1.082,  0.830, 13.214,  2.030,  1.421
