CampaignData_and_Merges/R0/CSL_MobileLab_Parked/raw/20240726/USOS-MetNav_MobileLabGround_20240726_R0.ict
44, 1001
Carrie Womack, Nate Howard, Mike Zucker
NOAA Chemical Sciences Laboratory
Mobile Lab MetNav Station
USOS
1, 1
2024, 07, 26, 2024, 12, 21
60
Time_Start, seconds_past_midnight, Seconds from midnight UTC
11
1, 1, 1, 1, 1, 1, 1, 1, 1, 1, 1
-9999, -9999, -9999, -9999, -9999, -9999, -9999, -9999, -9999, -9999, -9999
GPS_Alt_m, meters, Altitude from Differential GPS
GPS_Course_deg, degrees, Course from Differential GPS
GPS_GndSpd_m_s, m/s, Ground Speed from Differential GPS
GPS_Heading_deg, degrees, Heading from Differential GPS
GPS_Lat_deg, degrees, Latitude from Differential GPS
GPS_Lon_deg, degrees, Longitude from Differential GPS
AirTemp_C, Celsius, Air Temperature from Airmar
RelHumidity_pct, percent, Relative Humidity from Airmar
Pressure_mb, millibars, Pressure from Honeywell
WindDir_calc_deg, degrees, Wind Direction from Airmar corrected for van movement
WindSpd_calc_m_s, m/s, Wind Speed from Airmar corrected for van movement
1
SPECIAL COMMENTS:
18
PI_CONTACT_INFO: Address: 325 Broadway R/CSL7, Boulder, CO, 80305
PLATFORM: CSL Mobile Lab
LOCATION: Salt Lake City, UT
ASSOCIATED_DATA: N/A
INSTRUMENT_INFO: N/A
DATA_INFO: Units:
UNCERTAINTY: N/A
ULOD_FLAG: -7777
ULOD_VALUE: N/A
LLOD_FLAG: -8888
LLOD_VALUE: N/A
DM_CONTACT_INFO: Data Manager: Nate Howard
PROJECT_INFO: 
STIPULATIONS_ON_USE: Use of these data require prior ok from PI.
OTHER_COMMENTS: 
REVISION: R0
R0: Final data. Fixed bug in wind averaging code. RA: Preliminary Data. For in-field use only. 
Time_Start, GPS_Alt_m, GPS_Course_deg, GPS_GndSpd_m_s, GPS_Heading_deg, GPS_Lat_deg, GPS_Lon_deg, AirTemp_C, RelHumidity_pct, Pressure_mb, WindDir_calc_deg, WindSpd_calc_m_s
[from data line 1281]
76860.0,-9999.0,-9999.00,-9999.00,-9999.00,-9999.00000,-9999.00000,-9999.0,-9999.0,-9999.0,-9999.00,-9999.0
76920.0,-9999.0,-9999.00,-9999.00,-9999.00,-9999.00000,-9999.00000,-9999.0,-9999.0,-9999.0,-9999.00,-9999.0
76980.0,-9999.0,-9999.00,-9999.00,-9999.00,-9999.00000,-9999.00000,-9999.0,-9999.0,-9999.0,-9999.00,-9999.0
77040.0,-9999.0,-9999.00,-9999.00,-9999.00,-9999.00000,-9999.00000,-9999.0,-9999.0,-9999.0,-9999.00,-9999.0
77100.0,-9999.0,-9999.00,-9999.00,-9999.00,-9999.00000,-9999.00000,-9999.0,-9999.0,-9999.0,-9999.00,-9999.0
77160.0,-9999.0,-9999.00,-9999.00,-9999.00,-9999.00000,-9999.00000,-9999.0,-9999.0,-9999.0,-9999.00,-9999.0
77220.0,-9999.0,-9999.00,-9999.00,-9999.00,-9999.00000,-9999.00000,-9999.0,-9999.0,-9999.0,-9999.00,-9999.0
77280.0,-9999.0,-9999.00,-9999.00,-9999.00,-9999.00000,-9999.00000,-9999.0,-9999.0,-9999.0,-9999.00,-9999.0
77340.0,-9999.0,-9999.00,-9999.00,-9999.00,-9999.00000,-9999.00000,-9999.0,-9999.0,-9999.0,-9999.00,-9999.0
77400.0,-9999.0,-9999.00,-9999.00,-9999.00,-9999.00000,-9999.00000,-9999.0,-9999.0,-9999.0,-9999.00,-9999.0
77460.0,-9999.0,-9999.00,-9999.00,-9999.00,-9999.00000,-9999.00000,-9999.0,-9999.0,-9999.0,-9999.00,-9999.0
77520.0,-9999.0,-9999.00,-9999.00,-9999.00,-9999.00000,-9999.00000,-9999.0,-9999.0,-9999.0,-9999.00,-9999.0
77580.0,-9999.0,-9999.00,-9999.00,-9999.00,-9999.00000,-9999.00000,-9999.0,-9999.0,-9999.0,-9999.00,-9999.0
77640.0,-9999.0,-9999.00,-9999.00,-9999.00,-9999.00000,-9999.00000,-9999.0,-9999.0,-9999.0,-9999.00,-9999.0
77700.0,-9999.0,-9999.00,-9999.00,-9999.00,-9999.00000,-9999.00000,-9999.0,-9999.0,-9999.0,-9999.00,-9999.0
77760.0,-9999.0,-9999.00,-9999.00,-9999.00,-9999.00000,-9999.00000,-9999.0,-9999.0,-9999.0,-9999.00,-9999.0
77820.0,1309.7,3.65,0.04,3.65,40.73434,-111.87212,31.9,24.1,874.7,169.16,1.5
77880.0,1309.9,3.97,0.04,3.97,40.73434,-111.87211,32.2,23.6,874.7,160.07,1.2
77940.0,1309.9,4.06,0.04,4.06,40.73434,-111.87211,32.4,23.4,874.8,159.12,3.4
78000.0,1310.1,3.98,0.04,3.98,40.73434,-111.87211,32.7,23.2,874.6,178.04,1.3
78060.0,1310.2,4.28,0.05,4.28,40.73434,-111.87211,33.1,22.8,874.6,158.42,1.2
78120.0,1310.2,4.01,0.05,4.01,40.73434,-111.87211,33.4,22.6,874.6,193.20,1.7
78180.0,1310.0,3.63,0.05,3.63,40.73434,-111.87211,33.7,22.4,874.7,185.91,1.8
78240.0,1310.0,3.86,0.05,3.86,40.73434,-111.87211,34.0,21.9,874.7,151.99,1.5
78300.0,1310.4,4.03,0.05,4.03,40.73434,-111.87211,34.1,21.7,874.7,147.41,2.2
78360.0,1310.5,4.31,0.04,4.31,40.73434,-111.87211,34.5,21.5,874.8,155.18,1.1
78420.0,1310.4,3.80,0.05,3.80,40.73434,-111.87211,34.7,21.0,874.8,158.97,1.9
78480.0,1310.3,3.23,0.04,3.23,40.73434,-111.87211,34.8,20.8,874.8,157.09,2.6
78540.0,1310.1,3.26,0.04,3.26,40.73434,-111.87211,34.9,21.1,874.6,129.75,1.4
78600.0,1310.0,3.07,0.05,3.07,40.73434,-111.87211,35.1,21.2,874.5,140.05,1.2
78660.0,1309.9,2.92,0.04,2.92,40.73434,-111.87211,35.3,20.6,874.5,152.11,1.5
78720.0,1309.7,3.59,0.04,3.59,40.73434,-111.87211,35.2,20.9,874.5,168.51,0.8
78780.0,1309.7,3.65,0.04,3.65,40.73434,-111.87211,35.3,20.7,874.5,190.48,1.1
78840.0,1309.7,3.68,0.05,3.68,40.73434,-111.87211,35.2,20.6,874.5,255.27,0.1
78900.0,1309.6,4.13,0.05,4.13,40.73434,-111.87211,35.0,21.2,874.5,91.05,0.5
78960.0,1309.4,4.23,0.04,4.23,40.73434,-111.87211,35.0,21.2,874.5,135.72,0.7
79020.0,1309.4,4.37,0.04,4.37,40.73434,-111.87211,35.0,20.6,874.5,166.19,0.4
79080.0,1309.3,4.30,0.04,4.30,40.73434,-111.87211,35.0,20.9,874.5,124.39,1.0
79140.0,1309.4,4.31,0.05,4.31,40.73434,-111.87211,34.9,21.2,874.1,99.95,0.6
79200.0,1309.4,4.07,0.05,4.07,40.73434,-111.87211,34.9,21.4,874.1,118.58,1.0
79260.0,1309.4,4.36,0.05,4.36,40.73434,-111.87211,34.6,21.6,874.1,94.44,1.0
79320.0,1309.3,3.85,0.05,3.85,40.73434,-111.87211,34.5,21.5,874.1,96.24,0.6
79380.0,1309.3,2.87,0.04,2.87,40.73434,-111.87211,34.6,21.3,874.1,127.90,1.4
79440.0,1309.1,2.88,0.04,2.88,40.73434,-111.87211,34.7,20.4,874.1,151.55,1.2
79500.0,1309.2,2.88,0.05,2.88,40.73434,-111.87211,35.1,20.1,874.2,135.70,0.9
79560.0,1309.3,3.16,0.04,3.16,40.73434,-111.87211,35.3,20.2,874.1,103.51,1.0
79620.0,1309.2,3.29,0.05,3.29,40.73434,-111.87211,35.7,20.0,874.2,140.92,1.1
79680.0,1309.0,3.40,0.04,3.40,40.73434,-111.87211,35.9,19.9,874.2,145.73,0.9
79740.0,1309.0,3.35,0.04,3.35,40.73434,-111.87211,36.0,20.0,874.2,150.69,2.0
79800.0,1309.1,3.87,0.05,3.87,40.73434,-111.87211,35.9,20.2,874.2,150.04,2.6
79860.0,1309.1,3.83,0.05,3.83,40.73434,-111.87211,36.2,20.0,874.1,161.39,1.1
79920.0,1308.9,3.80,0.04,3.80,40.73434,-111.87211,36.3,20.5,874.1,139.76,2.2
79980.0,1308.8,3.46,0.05,3.46,40.73434,-111.87211,36.4,20.3,874.1,160.68,2.0
80040.0,1308.9,3.42,0.04,3.42,40.73434,-111.87211,36.4,19.8,874.1,165.70,3.5
80100.0,1309.0,3.52,0.05,3.52,40.73434,-111.87211,36.2,20.3,874.1,146.66,3.2
80160.0,1308.9,3.72,0.05,3.72,40.73434,-111.87211,36.2,21.1,874.0,150.43,2.1
80220.0,1309.0,3.52,0.05,3.52,40.73434,-111.87211,36.0,20.9,874.0,135.37,3.2
80280.0,1309.1,3.60,0.04,3.60,40.73434,-111.87211,36.0,21.1,874.0,150.72,1.8
80340.0,1309.3,3.75,0.05,3.75,40.73434,-111.87211,36.1,20.8,874.0,185.55,1.8
80400.0,1309.3,3.64,0.05,3.64,40.73434,-111.87211,36.3,20.8,873.9,179.35,1.3
80460.0,1309.3,3.46,0.05,3.46,40.73434,-111.87211,36.4,20.5,874.0,151.85,0.8
80520.0,-9999.0,-9999.00,-9999.00,-9999.00,-9999.00000,-9999.00000,-9999.0,-9999.0,-9999.0,-9999.00,-9999.0
80580.0,-9999.0,-9999.00,-9999.00,-9999.00,-9999.00000,-9999.00000,-9999.0,-9999.0,-9999.0,-9999.00,-9999.0
80640.0,-9999.0,-9999.00,-9999.00,-9999.00,-9999.00000,-9999.00000,-9999.0,-9999.0,-9999.0,-9999.00,-9999.0
80700.0,-9999.0,-9999.00,-9999.00,-9999.00,-9999.00000,-9999.00000,-9999.0,-9999.0,-9999.0,-9999.00,-9999.0
80760.0,-9999.0,-9999.00,-9999.00,-9999.00,-9999.00000,-9999.00000,-9999.0,-9999.0,-9999.0,-9999.00,-9999.0
80820.0,-9999.0,-9999.00,-9999.00,-9999.00,-9999.00000,-9999.00000,-9999.0,-9999.0,-9999.0,-9999.00,-9999.0
80880.0,-9999.0,-9999.00,-9999.00,-9999.00,-9999.00000,-9999.00000,-9999.0,-9999.0,-9999.0,-9999.00,-9999.0
80940.0,-9999.0,-9999.00,-9999.00,-9999.00,-9999.00000,-9999.00000,-9999.0,-9999.0,-9999.0,-9999.00,-9999.0
81000.0,-9999.0,-9999.00,-9999.00,-9999.00,-9999.00000,-9999.00000,-9999.0,-9999.0,-9999.0,-9999.00,-9999.0
81060.0,-9999.0,-9999.00,-9999.00,-9999.00,-9999.00000,-9999.00000,-9999.0,-9999.0,-9999.0,-9999.00,-9999.0
81120.0,-9999.0,-9999.00,-9999.00,-9999.00,-9999.00000,-9999.00000,-9999.0,-9999.0,-9999.0,-9999.00,-9999.0
81180.0,-9999.0,-9999.00,-9999.00,-9999.00,-9999.00000,-9999.00000,-9999.0,-9999.0,-9999.0,-9999.00,-9999.0
81240.0,-9999.0,-9999.00,-9999.00,-9999.00,-9999.00000,-9999.00000,-9999.0,-9999.0,-9999.0,-9999.00,-9999.0
81300.0,1309.1,3.34,0.06,3.34,40.73434,-111.87211,36.9,19.6,873.6,119.61,1.6
81360.0,1308.9,3.42,0.04,3.42,40.73434,-111.87211,36.7,19.9,873.6,118.48,1.9
81420.0,1308.8,3.50,0.05,3.50,40.73434,-111.87211,36.5,19.8,873.6,121.66,2.0
81480.0,1308.8,3.30,0.05,3.30,40.73434,-111.87211,36.4,20.1,873.6,120.12,1.7
81540.0,1308.8,3.48,0.05,3.48,40.73434,-111.87211,36.5,19.6,873.6,126.03,1.5
81600.0,1308.9,3.69,0.04,3.69,40.73434,-111.87211,36.7,19.3,873.5,120.43,1.3
81660.0,1309.0,3.53,0.05,3.53,40.73434,-111.87211,36.8,19.1,873.5,143.46,1.7
81720.0,1308.9,3.46,0.06,3.46,40.73434,-111.87211,37.0,19.3,873.5,136.25,1.5
81780.0,1308.9,3.73,0.05,3.73,40.73434,-111.87211,37.1,19.3,873.5,155.26,1.7
81840.0,1308.8,3.08,0.05,3.08,40.73434,-111.87211,37.3,19.8,873.5,160.62,1.3
81900.0,1308.9,2.95,0.05,2.95,40.73434,-111.87211,37.1,19.8,873.5,152.37,3.5
81960.0,1309.0,2.71,0.05,2.71,40.73434,-111.87211,36.9,20.1,873.5,135.94,2.5
82020.0,1309.4,2.88,0.06,2.88,40.73434,-111.87211,36.7,20.5,873.5,143.34,3.0
82080.0,1310.2,3.41,0.05,3.41,40.73434,-111.87211,36.4,21.2,873.4,137.46,3.3
82140.0,1310.4,3.21,0.05,3.21,40.73434,-111.87211,35.7,21.7,873.4,127.20,3.6
82200.0,1310.5,2.72,0.05,2.72,40.73434,-111.87211,35.5,21.5,873.4,132.99,3.8
82260.0,1310.9,2.37,0.05,2.37,40.73434,-111.87211,35.2,22.2,873.4,118.65,2.6
82320.0,1310.8,2.41,0.05,2.41,40.73434,-111.87211,35.2,21.8,873.3,109.64,1.8
82380.0,1310.8,2.50,0.05,2.50,40.73434,-111.87211,35.4,22.2,873.3,98.23,0.8
82440.0,1310.8,2.57,0.05,2.57,40.73434,-111.87211,35.4,21.9,873.3,92.13,0.9
82500.0,1310.9,1.60,0.05,1.60,40.73434,-111.87211,35.6,22.5,873.3,121.45,1.6
82560.0,1310.8,1.68,0.04,1.68,40.73434,-111.87211,35.7,22.3,873.3,121.16,1.9
82620.0,1310.7,2.35,0.04,2.35,40.73434,-111.87211,35.8,20.6,873.2,138.26,2.3
82680.0,1310.7,2.64,0.05,2.64,40.73434,-111.87211,35.9,20.3,873.2,147.41,1.9
82740.0,1310.7,3.05,0.05,3.05,40.73434,-111.87211,35.9,20.5,873.2,122.17,1.6
82800.0,1310.9,2.58,0.05,2.58,40.73434,-111.87211,35.9,21.2,873.2,117.80,1.8
82860.0,1310.9,2.01,0.05,2.01,40.73434,-111.87211,35.8,21.8,873.2,121.51,2.1
82920.0,1310.8,1.82,0.05,1.82,40.73434,-111.87211,35.9,20.7,873.2,138.62,2.2
82980.0,1310.5,2.03,0.05,2.03,40.73434,-111.87211,35.8,21.5,873.2,116.65,2.0
83040.0,1310.5,2.50,0.05,2.50,40.73434,-111.87211,35.6,21.0,873.1,102.50,1.7
83100.0,1310.7,2.31,0.04,2.31,40.73434,-111.87211,35.7,20.5,873.1,121.35,1.3
83160.0,1310.4,2.82,0.04,2.82,40.73434,-111.87211,35.8,20.5,873.1,135.22,2.0
83220.0,1310.5,2.97,0.06,2.97,40.73434,-111.87211,35.6,20.5,873.1,133.54,3.2
83280.0,1310.8,2.98,0.06,2.98,40.73434,-111.87211,35.5,20.8,873.1,116.82,1.8
83340.0,1311.0,2.56,0.06,2.56,40.73434,-111.87211,35.4,20.8,873.1,125.12,2.0
83400.0,1311.1,2.79,0.06,2.79,40.73434,-111.87211,35.7,20.7,873.1,158.29,1.9
83460.0,1310.8,2.71,0.06,2.71,40.73434,-111.87211,35.9,20.2,873.1,171.35,1.3
83520.0,1310.7,2.89,0.05,2.89,40.73434,-111.87211,36.1,20.4,873.1,115.95,1.0
83580.0,1310.6,2.84,0.06,2.84,40.73434,-111.87211,36.3,20.3,873.1,142.33,1.5
83640.0,1310.5,2.77,0.05,2.77,40.73434,-111.87211,36.4,20.9,873.0,129.97,2.1
83700.0,1310.3,2.52,0.06,2.52,40.73434,-111.87211,36.3,21.4,873.0,125.36,1.8
83760.0,1310.3,2.46,0.05,2.46,40.73434,-111.87211,36.4,21.3,872.9,124.07,0.8
83820.0,1310.1,2.36,0.04,2.36,40.73434,-111.87211,36.4,20.1,873.0,125.26,1.2
83880.0,1310.0,2.12,0.05,2.12,40.73434,-111.87211,36.5,19.7,873.0,132.61,0.6
83940.0,1310.0,1.90,0.05,1.90,40.73434,-111.87211,36.5,19.7,873.0,120.82,1.1
84000.0,1310.0,1.92,0.04,1.92,40.73434,-111.87211,36.4,19.5,873.0,135.14,0.7
84060.0,1310.0,1.71,0.05,1.71,40.73434,-111.87211,36.4,19.7,873.0,119.05,0.8
84120.0,1310.1,1.90,0.04,1.90,40.73434,-111.87211,36.3,19.9,873.0,116.67,0.9
84180.0,1310.2,2.19,0.05,2.19,40.73434,-111.87211,36.2,19.7,872.9,209.14,0.5
84240.0,1310.0,2.41,0.05,2.41,40.73434,-111.87211,36.2,20.1,873.0,121.50,0.5
84300.0,1310.2,2.74,0.05,2.74,40.73434,-111.87211,36.2,19.8,873.0,131.57,0.9
84360.0,1310.4,2.57,0.05,2.57,40.73434,-111.87211,36.1,20.0,873.0,104.06,0.8
84420.0,1310.3,2.58,0.04,2.58,40.73434,-111.87211,35.8,20.6,873.0,82.47,0.7
84480.0,1310.3,2.89,0.05,2.89,40.73434,-111.87211,35.3,20.4,872.9,85.61,0.6
84540.0,1310.2,2.90,0.05,2.90,40.73434,-111.87211,35.1,20.5,873.0,113.33,0.9
84600.0,1310.1,3.03,0.05,3.03,40.73434,-111.87211,34.9,20.5,873.0,99.84,0.7
84660.0,1310.1,3.13,0.05,3.13,40.73434,-111.87211,34.9,20.0,873.0,133.99,0.9
84720.0,1310.6,2.95,0.05,2.95,40.73434,-111.87211,34.9,20.0,873.0,111.44,0.8
84780.0,1310.8,3.32,0.05,3.32,40.73434,-111.87211,34.9,20.2,873.0,118.10,0.9
84840.0,1310.6,2.74,0.05,2.74,40.73434,-111.87211,34.8,19.8,873.0,144.25,1.2
84900.0,1310.8,2.61,0.05,2.61,40.73434,-111.87211,34.9,20.0,872.9,127.75,1.3
84960.0,1310.9,3.20,0.05,3.20,40.73434,-111.87211,35.0,19.8,872.9,156.37,1.9
85020.0,1311.0,3.23,0.05,3.23,40.73434,-111.87211,35.2,20.0,872.9,158.40,1.4
85080.0,1311.1,3.43,0.05,3.43,40.73434,-111.87211,35.4,19.9,872.9,143.18,2.0
85140.0,1311.1,3.67,0.04,3.67,40.73434,-111.87211,35.4,20.6,872.9,129.95,2.1
85200.0,1311.1,3.46,0.05,3.46,40.73434,-111.87211,35.5,20.0,872.9,140.87,1.8
85260.0,1310.9,3.25,0.05,3.25,40.73434,-111.87211,35.6,19.8,872.9,161.82,1.7
85320.0,1310.6,3.32,0.05,3.32,40.73434,-111.87211,35.7,19.8,872.9,157.52,2.2
85380.0,1310.8,3.03,0.05,3.03,40.73434,-111.87211,35.7,19.8,872.9,154.15,1.8
85440.0,1310.5,3.25,0.04,3.25,40.73434,-111.87211,35.9,19.9,872.8,151.02,1.5
85500.0,1310.3,3.19,0.05,3.19,40.73434,-111.87211,35.8,20.0,872.8,138.75,2.3
85560.0,1310.3,3.10,0.05,3.10,40.73434,-111.87211,35.7,20.5,872.8,151.89,2.3
85620.0,1310.3,3.02,0.05,3.02,40.73434,-111.87211,35.4,20.8,872.8,144.58,2.3
85680.0,1310.3,2.85,0.05,2.85,40.73434,-111.87211,35.2,20.2,872.8,160.82,2.2
85740.0,1310.5,3.43,0.05,3.43,40.73434,-111.87211,35.0,20.4,872.8,155.06,2.2
85800.0,1310.4,3.68,0.04,3.68,40.73434,-111.87211,34.9,20.7,872.7,146.70,1.6
85860.0,1310.2,3.74,0.05,3.74,40.73434,-111.87211,34.8,20.7,872.7,147.10,1.7
85920.0,1310.3,3.95,0.05,3.95,40.73434,-111.87211,34.6,21.1,872.7,147.53,1.9
85980.0,1310.3,3.90,0.05,3.90,40.73434,-111.87211,34.6,21.5,872.7,126.18,1.2
86040.0,1310.3,3.62,0.05,3.62,40.73434,-111.87211,34.6,20.9,872.7,165.71,1.1
86100.0,1310.2,3.29,0.05,3.29,40.73434,-111.87211,34.5,20.8,872.7,169.13,1.9
86160.0,1310.1,3.06,0.05,3.06,40.73434,-111.87211,34.6,21.0,872.7,136.66,0.8
86220.0,1309.9,2.80,0.05,2.80,40.73434,-111.87211,34.6,21.2,872.7,116.78,0.9
86280.0,1309.8,3.42,0.04,3.42,40.73434,-111.87211,34.6,21.6,872.7,113.82,1.1
86340.0,1309.7,3.20,0.04,3.20,40.73434,-111.87211,34.5,21.1,872.7,109.55,1.1
