CampaignData_and_Merges/R0/CSL_MobileLab_Parked/raw/20240726/USOS-NOy-LIF_MobileLabGround_20240726_R0.ict
39,1001
Rollins, A.; Waxman, E.; Zuraski, K.; Chace, W.
NOAA Chemical Sciences Laboratory
LIF NO/NOx/NOy on CSL Mobile Lab
AMMBEC / USOS
1, 1
2024,07,26, 2025,01,04
1
Time_Start, seconds, number_of_seconds_since_0000_UTC
7
1, 1, 1, 1, 1, 1, 1
-9999, -9999, -9999, -9999, -9999, -9999, -9999
Time_Stop, seconds, number_of_seconds_since_0000_UTC
NO_LIF, pptv, Gas_NO_InSitu_S_AVMR, volume mixing ratio of nitric oxide in air
NO2_LIF, pptv, Gas_NO2_InSitu_S_AVMR, volume mixing ratio of nitrogen dioxide in air
NOy_LIF, pptv, Gas_NOy_InSitu_S_AVMR, volume mixing ratio of total oxidized nitrogen in air
NO_LIF_1SigmaAccuracy, pptv, Gas_NO_InSitu_S_AVMR, volume mixing ratio of nitric oxide in air
NO2_LIF_1SigmaAccuracy, pptv, Gas_NO2_InSitu_S_AVMR, volume mixing ratio of nitrogen dioxide in air
NOy_LIF_1SigmaAccuracy, pptv, Gas_NOy_InSitu_S_AVMR, volume mixing ratio of total oxidized nitrogen in air
0
18
PI_CONTACT_INFO: andrew.rollins@noaa.gov
PLATFORM: CSL Mobile Lab
LOCATION: Salt Lake City, UT
ASSOCIATED_DATA:
INSTRUMENT_INFO: NO detection by laser induced fluorescence. NO2 detection by photolytic conversion to NO. NOy detection by catalytic conversion to NO on gold surface
DATA_INFO:
UNCERTAINTY: Included 1 Sigma Accuracy waves represent the combined calibration uncertainties (±6%, ±9%, ±10%) and zero uncertainties (3 ppt, 20 ppt, 100 ppt) for NO, NO2, and NOy, respectively.
ULOD_FLAG: -7777
ULOD_VALUE: N/A
LLOD_FLAG: -8888
LLOD_VALUE: N/A
DM_CONTACT_INFO: andrew.rollins@noaa.gov
PROJECT_INFO: USOS Project, July - August 2024
STIPULATIONS_ON_USE: Users are strongly encouraged to contact the PI for proper data usage.
OTHER_COMMENTS:
REVISION: R0
R0: final data
Time_Start, Time_Stop, NO_LIF, NO2_LIF, NOy_LIF, NO_LIF_1SigmaAccuracy, NO2_LIF_1SigmaAccuracy, NOy_LIF_1SigmaAccuracy
[from data line 263]
   15780,   15840,16.559,2758,3381.1,3.9935, 268.22, 438.11
   15840,   15900,11.785,2909,3698.2,3.7071, 281.81, 469.82
   15900,   15960,14.036,3700.8,4299.2,3.8422, 353.07, 529.92
   15960,   16020,20.453,4217.9,4900.3,4.2272, 399.61, 590.03
   16020,   16080,18.394,4497.5,5424.6,4.1036, 424.78, 642.46
   16080,   16140,13.757,4435.1,5367.6,3.8254, 419.16, 636.76
   16140,   16200,53.609,4310.4,5247.2,6.2165, 407.94, 624.72
   16200,   16260,65.778,3904,4865.7,6.9467, 371.36, 586.57
   16260,   16320,19.417,3198.3,4198.4,4.165, 307.84, 519.84
   16320,   16380,19.533,3126.6,4122.2,4.172, 301.39, 512.22
   16380,   16440,13.586,3278.1,4113.2,3.8152, 315.03, 511.32
   16440,   16500,71.788,3688.6,4448.6,7.3073, 351.98, 544.86
   16500,   16560,15.721,3456.3,4468.6,3.9433, 331.07, 546.86
   16560,   16620,41.918,3685.7,4705.3,5.5151, 351.71, 570.53
   16620,   16680,34.165,3418.6,4357.3,5.0499, 327.68, 535.73
   16680,   16740,18.128,3208.3,4160.7,4.0877, 308.74, 516.07
   16740,   16800,13.151,3477.7,4219.2,3.7891, 332.99, 521.92
   16800,   16860,10.993,3463.5,4230.5,3.6596, 331.72, 523.05
   16860,   16920,44.93,3625.9,4247.4,5.6958, 346.33, 524.74
   16920,   16980,36.178,3388.5,4599.6,5.1707, 324.96, 559.96
   16980,   17040,12.87,2909.3,4197.2,3.7722, 281.84, 519.72
   17040,   17100,13.569,2921.1,3895.1,3.8141, 282.9, 489.51
   17100,   17160,38.194,3066.2,4218.5,5.2916, 295.96, 521.85
   17160,   17220,19.888,2709.9,3747,4.1933, 263.89, 474.7
   17220,   17280,42.16,3316,3833,5.5296, 318.44, 483.3
   17280,   17340,97.362,3471.1,4194.6,8.8417, 332.4, 519.46
   17340,   17400,28.205,2497.4,3918.3,4.6923, 244.77, 491.83
   17400,   17460,25.454,2435.9,3367.5,4.5272, 239.23, 436.75
   17460,   17520,18.024,2397.2,3371.4,4.0814, 235.75, 437.14
   17520,   17580,122.03,2210,2981.6,10.322, 218.9, 398.16
   17580,   17640,33.872,2059.6,3292.7,5.0323, 205.36, 429.27
   17640,   17700,241.72,2811.1,3770.8,17.503, 273, 477.08
   17700,   17760,295.02,3775.3,4979.1,20.701, 359.78, 597.91
   17760,   17820,100.44,3899,5272.9,9.0267, 370.91, 627.29
   17820,   17880,27.072,2903.5,4167.7,4.6243, 281.31, 516.77
   17880,   17940,123.82,2782.1,3678.7,10.429, 270.39, 467.87
   17940,   18000,131.24,3080.1,3679.8,10.875, 297.21, 467.98
   18000,   18060,41.823,2295.2,3526.8,5.5094, 226.56, 452.68
   18060,   18120,26.54,2555.6,3322.6,4.5924, 250, 432.26
   18120,   18180,19.962,2850.7,3539.2,4.1977, 276.57, 453.92
   18180,   18240,24.038,2033.5,3358.9,4.4423, 203.02, 435.89
   18240,   18300,33.659,2501.9,3425.4,5.0195, 245.17, 442.54
   18300,   18360,29.209,2304.4,3259,4.7525, 227.39, 425.9
   18360,   18420,22.008,2225.2,3052,4.3205, 220.27, 405.2
   18420,   18480,32.177,2446.6,3317.5,4.9306, 240.19, 431.75
   18480,   18540,38.832,2404.5,3466.2,5.3299, 236.4, 446.62
   18540,   18600,59.766,2434.4,3420,6.586, 239.1, 442
   18600,   18660,-9999,-9999,-9999,-9999, -9999, -9999
   18660,   18720,-9999,-9999,-9999,-9999, -9999, -9999
   18720,   18780,-9999,-9999,-9999,-9999, -9999, -9999
   18780,   18840,-9999,-9999,-9999,-9999, -9999, -9999
   18840,   18900,-9999,-9999,-9999,-9999, -9999, -9999
   18900,   18960,-9999,-9999,-9999,-9999, -9999, -9999
   18960,   19020,-9999,-9999,-9999,-9999, -9999, -9999
   19020,   19080,-9999,-9999,-9999,-9999, -9999, -9999
   19080,   19140,77.607,1757.3,3146.7,7.6564, 178.15, 414.67
   19140,   19200,54.41,1823.1,3301.2,6.2646, 184.08, 430.12
   19200,   19260,258.07,2863.6,3755.8,18.484, 277.73, 475.58
   19260,   19320,265.04,3438.2,5349.4,18.902, 329.44, 634.94
   19320,   19380,198.22,3187.3,5893.8,14.893, 306.86, 689.38
   19380,   19440,612.59,3527.7,5171.6,39.756, 337.5, 617.16
   19440,   19500,130.68,2197.9,4058.4,10.841, 217.81, 505.84
   19500,   19560,134.62,1617.2,3239.7,11.077, 165.54, 423.97
   19560,   19620,344.73,2974,4433.5,23.684, 287.66, 543.35
   19620,   19680,141.45,1889,4265,11.487, 190.01, 526.5
   19680,   19740,134.29,1721.5,3478.8,11.057, 174.94, 447.88
   19740,   19800,100.33,1563.7,3290.3,9.0196, 160.73, 429.03
   19800,   19860,108.77,1267.6,2496.5,9.5263, 134.08, 349.65
   19860,   19920,231.9,1946.8,3394.3,16.914, 195.21, 439.43
   19920,   19980,87.723,1841.5,3674.4,8.2634, 185.74, 467.44
   19980,   20040,57.704,1644.6,3508.5,6.4622, 168.01, 450.85
   20040,   20100,150.28,1707.2,3216.3,12.017, 173.65, 421.63
   20100,   20160,142.2,2101.6,3738.7,11.532, 209.14, 473.87
   20160,   20220,47.335,1420.6,3298.8,5.8401, 147.85, 429.88
   20220,   20280,40.102,1294.8,2778.3,5.4061, 136.54, 377.83
   20280,   20340,77.769,1168.4,2505.5,7.6662, 125.16, 350.55
   20340,   20400,51.643,1064.2,2329.8,6.0986, 115.78, 332.98
   20400,   20460,54.396,1044.9,2273.1,6.2638, 114.04, 327.31
   20460,   20520,63.301,1044.6,2360.5,6.7981, 114.01, 336.05
   20520,   20580,35.222,1027.6,2155.9,5.1133, 112.49, 315.59
   20580,   20640,34.194,1035.3,2228,5.0516, 113.18, 322.8
   20640,   20700,64.725,999.76,2133.9,6.8835, 109.98, 313.39
   20700,   20760,36.909,1004.5,2199.4,5.2146, 110.4, 319.94
   20760,   20820,47.591,1019.6,2114.9,5.8555, 111.77, 311.49
   20820,   20880,36.718,1043.9,2126.5,5.2031, 113.95, 312.65
   20880,   20940,48.569,1245.5,2431.5,5.9141, 132.09, 343.15
   20940,   21000,48.27,1210.4,2309.5,5.8962, 128.93, 330.95
   21000,   21060,45.816,1186.5,2467.5,5.7489, 126.79, 346.75
   21060,   21120,71.632,1191,2463.3,7.2979, 127.19, 346.33
   21120,   21180,82.512,1658,2714.8,7.9507, 169.22, 371.48
   21180,   21240,32.166,1412.3,2785.5,4.9299, 147.1, 378.55
   21240,   21300,26.406,1200.1,2615.5,4.5844, 128.01, 361.55
   21300,   21360,21.673,1068.5,2289.8,4.3004, 116.16, 328.98
   21360,   21420,35.022,1122.2,2627,5.1013, 120.99, 362.7
   21420,   21480,37.91,1161.1,2400.3,5.2746, 124.5, 340.03
   21480,   21540,21.93,1126,2466.3,4.3158, 121.34, 346.63
   21540,   21600,33.119,1008.3,2554.3,4.9871, 110.75, 355.43
   21600,   21660,38.473,925.81,2376.2,5.3084, 103.32, 337.62
   21660,   21720,28.578,857.27,2075.4,4.7147, 97.154, 307.54
   21720,   21780,43.976,847.16,2214.4,5.6386, 96.245, 321.44
   21780,   21840,57.125,771.19,1938.2,6.4275, 89.407, 293.82
   21840,   21900,77.575,869.08,2463.7,7.6545, 98.217, 346.37
   21900,   21960,35.36,721.13,1961.7,5.1216, 84.902, 296.17
   21960,   22020,43.759,747.6,2004.6,5.6255, 87.284, 300.46
   22020,   22080,43.686,719.97,2133.8,5.6212, 84.798, 313.38
   22080,   22140,35.308,667.89,2007,5.1185, 80.11, 300.7
   22140,   22200,27.787,680.83,1831.5,4.6672, 81.274, 283.15
   22200,   22260,34.146,693.86,1882.5,5.0488, 82.447, 288.25
   22260,   22320,34.868,761.87,2123.2,5.0921, 88.568, 312.32
   22320,   22380,38.175,721.2,1896.9,5.2905, 84.908, 289.69
   22380,   22440,62.764,922.45,2466.9,6.7658, 103.02, 346.69
   22440,   22500,79.841,1082.5,2793.4,7.7905, 117.43, 379.34
   22500,   22560,46.207,1308.5,2875.3,5.7724, 137.76, 387.53
   22560,   22620,39.424,1307.5,2621.6,5.3655, 137.68, 362.16
   22620,   22680,22.38,1251.7,2943.4,4.3428, 132.65, 394.34
   22680,   22740,29.194,1252.8,2588.1,4.7516, 132.75, 358.81
   22740,   22800,20.959,1185,2977.8,4.2575, 126.65, 397.78
   22800,   22860,55.189,1238.3,3281.7,6.3114, 131.44, 428.17
   22860,   22920,38.742,1080.1,2894.1,5.3245, 117.21, 389.41
   22920,   22980,40.743,980.53,2925.2,5.4446, 108.25, 392.52
   22980,   23040,26.646,859.87,2155.7,4.5988, 97.388, 315.57
   23040,   23100,34.138,976.4,2396,5.0483, 107.88, 339.6
   23100,   23160,24.45,1030.5,2561,4.467, 112.75, 356.1
   23160,   23220,27.486,1107.7,2520.1,4.6492, 119.69, 352.01
   23220,   23280,18.926,1117.2,2645.9,4.1356, 120.55, 364.59
   23280,   23340,24.348,1233.1,2639,4.4609, 130.98, 363.9
   23340,   23400,33.687,1280.9,2928.8,5.0212, 135.28, 392.88
   23400,   23460,35.47,1427.4,3228.8,5.1282, 148.47, 422.88
   23460,   23520,44.954,1718.4,3698.4,5.6972, 174.65, 469.84
   23520,   23580,51.277,2450,4473.5,6.0766, 240.5, 547.35
   23580,   23640,41.519,3095.5,5138.6,5.4912, 298.6, 613.86
   23640,   23700,1396.9,4880.4,8328.3,86.815, 459.24, 932.83
   23700,   23760,3684.1,8157.2,10280,224.04, 754.15, 1128
   23760,   23820,2869.3,8080.6,16349,175.16, 747.26, 1734.9
   23820,   23880,257.7,5232.4,8981.8,18.462, 490.91, 998.18
   23880,   23940,176.53,5208.5,8363.5,13.592, 488.76, 936.35
   23940,   24000,67.675,5524.6,8606.5,7.0605, 517.22, 960.65
   24000,   24060,99.988,5898.9,8844.5,8.9993, 550.9, 984.45
   24060,   24120,1282.4,7556.4,12254,79.943, 700.08, 1325.4
   24120,   24180,112.02,5645.8,8789.2,9.721, 528.12, 978.92
   24180,   24240,1471,6552.2,15970,91.262, 609.7, 1697
   24240,   24300,583.22,5972.6,11890,37.993, 557.53, 1289
   24300,   24360,1320.3,7060.5,13164,82.218, 655.44, 1416.4
   24360,   24420,4469.1,11939,26628,271.14, 1094.6, 2762.8
   24420,   24480,788.83,7237.9,14447,50.33, 671.41, 1544.7
   24480,   24540,113.21,7087.7,10427,9.7927, 657.89, 1142.7
   24540,   24600,54.796,7299,10207,6.2877, 676.91, 1120.7
   24600,   24660,75.603,7680.5,10768,7.5362, 711.25, 1176.8
   24660,   24720,1125.3,9489.2,13121,70.518, 874.03, 1412.1
   24720,   24780,470.68,9174,13130,31.241, 845.66, 1413
   24780,   24840,59.63,8115.8,11031,6.5778, 750.42, 1203.1
   24840,   24900,51.322,7861.9,11102,6.0793, 727.57, 1210.2
   24900,   24960,55.17,7314.1,10437,6.3102, 678.26, 1143.7
   24960,   25020,34.744,6573.6,9361.4,5.0846, 611.63, 1036.1
   25020,   25080,156.07,6988.4,9387.1,12.364, 648.95, 1038.7
   25080,   25140,143.59,7459.7,10500,11.615, 691.37, 1150
   25140,   25200,47.799,7189.8,10084,5.8679, 667.08, 1108.4
   25200,   25260,30.334,6472.3,9634.4,4.82, 602.51, 1063.4
   25260,   25320,209.33,6900.5,9538.1,15.56, 641.05, 1053.8
   25320,   25380,56.396,6097.5,9713.6,6.3837, 568.77, 1071.4
   25380,   25440,40.407,5560.4,8599.3,5.4244, 520.44, 959.93
   25440,   25500,26.155,4728.3,7794.2,4.5693, 445.54, 879.42
   25500,   25560,25.73,5251.5,7600.4,4.5438, 492.63, 860.04
   25560,   25620,38.033,5576.8,8084,5.282, 521.91, 908.4
   25620,   25680,140.19,5540.7,8192.1,11.412, 518.66, 919.21
   25680,   25740,41.764,5301.7,8256.7,5.5059, 497.15, 925.67
   25740,   25800,69.038,5338.2,8107.6,7.1423, 500.44, 910.76
   25800,   25860,58.064,5491.4,8515,6.4838, 514.23, 951.5
   25860,   25920,51.202,5378,8332,6.0721, 504.02, 933.2
   25920,   25980,93.316,5630.1,8402.2,8.5989, 526.71, 940.22
   25980,   26040,34.039,5276.5,8145.5,5.0423, 494.88, 914.55
   26040,   26100,28.845,5316.1,8483.5,4.7307, 498.45, 948.35
   26100,   26160,28.4,5328.5,8371.1,4.704, 499.56, 937.11
   26160,   26220,77.427,5671.4,8412.3,7.6456, 530.43, 941.23
   26220,   26280,462.89,6116.7,9024.8,30.773, 570.5, 1002.5
   26280,   26340,1221.7,6802.6,10435,76.3, 632.23, 1143.5
   26340,   26400,100.43,5563.2,9560.3,9.0258, 520.69, 1056
   26400,   26460,30.685,5387.6,8300.4,4.8411, 504.88, 930.04
   26460,   26520,46.833,5522.8,8473.5,5.81, 517.05, 947.35
   26520,   26580,41.036,5296.5,8363.9,5.4622, 496.69, 936.39
   26580,   26640,-9999,-9999,-9999,-9999, -9999, -9999
   26640,   26700,-9999,-9999,-9999,-9999, -9999, -9999
   26700,   26760,-9999,-9999,-9999,-9999, -9999, -9999
   26760,   26820,-9999,-9999,-9999,-9999, -9999, -9999
   26820,   26880,-9999,-9999,-9999,-9999, -9999, -9999
   26880,   26940,-9999,-9999,-9999,-9999, -9999, -9999
   26940,   27000,-9999,-9999,-9999,-9999, -9999, -9999
   27000,   27060,26.087,4232.3,6904.4,4.5652, 400.91, 790.44
   27060,   27120,38.443,4255,6810.6,5.3066, 402.95, 781.06
   27120,   27180,33.729,3558.1,5821.6,5.0237, 340.23, 682.16
   27180,   27240,36.248,3282.1,5725.2,5.1749, 315.38, 672.52
   27240,   27300,30.423,2534.1,5007.9,4.8254, 248.07, 600.79
   27300,   27360,33.221,2344.3,4295.9,4.9933, 230.98, 529.59
   27360,   27420,32.494,2431.2,4598.5,4.9496, 238.81, 559.85
   27420,   27480,29.218,2730.2,4828.3,4.7531, 265.71, 582.83
   27480,   27540,30.069,2775.1,4946.7,4.8041, 269.76, 594.67
   27540,   27600,31.921,2810.1,4805.5,4.9153, 272.91, 580.55
   27600,   27660,38.094,2774,4759,5.2856, 269.66, 575.9
   27660,   27720,36.671,2598.4,4509,5.2002, 253.86, 550.9
   27720,   27780,22.644,2487.5,4508.6,4.3586, 243.87, 550.86
   27780,   27840,39.188,2619.4,4827.6,5.3513, 255.75, 582.76
   27840,   27900,42.899,2512.6,4689.6,5.5739, 246.14, 568.96
   27900,   27960,55.199,2306.5,4385.1,6.312, 227.58, 538.51
   27960,   28020,164.18,2648.3,4839.2,12.851, 258.35, 583.92
   28020,   28080,58.261,2494.3,4557.9,6.4956, 244.48, 555.79
   28080,   28140,33.808,2221.3,4189,5.0285, 219.91, 518.9
   28140,   28200,77.451,2310.9,4536.3,7.647, 227.98, 553.63
   28200,   28260,330.49,2978.9,5181.2,22.829, 288.1, 618.12
   28260,   28320,76.654,2482.1,4938.9,7.5992, 243.39, 593.89
   28320,   28380,58.617,2337.7,4399,6.517, 230.39, 539.9
   28380,   28440,67.905,2419.4,4563.3,7.0743, 237.74, 556.33
   28440,   28500,77.011,2469.4,4829.4,7.6207, 242.25, 582.94
   28500,   28560,58.722,2646,4595.4,6.5233, 258.14, 559.54
   28560,   28620,31.951,2401.1,4393.1,4.9171, 236.1, 539.31
   28620,   28680,14.906,2402.1,4275.2,3.8943, 236.19, 527.52
   28680,   28740,49.294,2548.2,4630.9,5.9577, 249.34, 563.09
   28740,   28800,48.07,2509.8,4626.9,5.8842, 245.88, 562.69
   28800,   28860,30.739,2380.4,4432.6,4.8444, 234.23, 543.26
   28860,   28920,60.86,2502.8,4504.1,6.6516, 245.25, 550.41
   28920,   28980,38.836,2479.1,4630.7,5.3301, 243.12, 563.07
   28980,   29040,43.697,2443.9,4537.5,5.6218, 239.95, 553.75
   29040,   29100,18.474,2218.7,4079.8,4.1085, 219.69, 507.98
   29100,   29160,23.878,2204.5,4165.6,4.4327, 218.4, 516.56
   29160,   29220,20.473,2132,4023.5,4.2284, 211.88, 502.35
   29220,   29280,41.177,2119,4067.3,5.4706, 210.71, 506.73
   29280,   29340,45.437,2184.1,4179.2,5.7262, 216.57, 517.92
   29340,   29400,63.353,2245.6,4062.1,6.8012, 222.11, 506.21
   29400,   29460,33.045,2070.4,4020.9,4.9827, 206.33, 502.09
   29460,   29520,81.898,2153.5,4053.8,7.9139, 213.82, 505.38
   29520,   29580,175.9,2783.3,4864.2,13.554, 270.5, 586.42
   29580,   29640,54.889,2562.3,4909.1,6.2934, 250.61, 590.91
   29640,   29700,17.195,2248,4714.5,4.0317, 222.32, 571.45
   29700,   29760,40.586,2330.7,4485.9,5.4352, 229.76, 548.59
   29760,   29820,18.74,2153,4231.9,4.1244, 213.77, 523.19
   29820,   29880,34.163,2307.2,4124.8,5.0498, 227.65, 512.48
   29880,   29940,34.43,2491.2,4317.5,5.0658, 244.21, 531.75
   29940,   30000,34.534,2059.8,4108.2,5.072, 205.38, 510.82
   30000,   30060,25.214,1566.6,3340.9,4.5128, 160.99, 434.09
   30060,   30120,27.632,1535.1,3083.7,4.6579, 158.16, 408.37
   30120,   30180,33.476,1232,2766.3,5.0086, 130.88, 376.63
   30180,   30240,44.622,1329.5,2840.9,5.6773, 139.65, 384.09
   30240,   30300,61.164,1429,2975.3,6.6699, 148.61, 397.53
   30300,   30360,24.212,1118.4,2453.2,4.4527, 120.66, 345.32
   30360,   30420,26.036,1021.9,2402.1,4.5622, 111.97, 340.21
   30420,   30480,46.224,899.54,2185.2,5.7734, 100.96, 318.52
   30480,   30540,239.29,1266.9,2601,17.357, 134.02, 360.1
   30540,   30600,383.36,2179.8,3963.3,26.001, 216.18, 496.33
   30600,   30660,52.566,1233.8,2825.5,6.154, 131.04, 382.55
   30660,   30720,547.76,1582.8,2514.7,35.866, 162.45, 351.47
   30720,   30780,238.77,1335.6,4011.2,17.326, 140.2, 501.12
   30780,   30840,40.577,1000.6,2257.1,5.4346, 110.05, 325.71
   30840,   30900,98.498,1182.2,2257.8,8.9099, 126.4, 325.78
   30900,   30960,102.9,1376.8,2928.8,9.1743, 143.91, 392.88
   30960,   31020,31.488,804.96,2153.5,4.8893, 92.446, 315.35
   31020,   31080,22.874,754.47,2001.2,4.3724, 87.902, 300.12
   31080,   31140,29.889,760.02,2119.5,4.7933, 88.402, 311.95
   31140,   31200,22.228,752.62,2044.8,4.3337, 87.736, 304.48
   31200,   31260,29.938,787.2,2023.1,4.7963, 90.848, 302.31
   31260,   31320,20.499,853.86,2227.7,4.2299, 96.848, 322.77
   31320,   31380,16.174,745.71,1999.2,3.9704, 87.114, 299.92
   31380,   31440,19.725,756.27,1839.1,4.1835, 88.064, 283.91
   31440,   31500,37.337,821.4,2240.8,5.2402, 93.926, 324.08
