CampaignData_and_Merges/R0/CSL_MobileLab_Parked/raw/20240726/USOS-NOAAIodideCIMS-PANs_MobileLabGround_20240726_RA.ict
35, 1001
Michael A Robinson, Chris Jernigan, Subi Thakali
NOAA ESRL Chemical Sciences Laboratory and CIRES, U. of Colorado
NOAA Iodide CIMS Instrument
USOS
1, 1
2024, 07, 26, 2024, 07, 27
1
starttime_UTC, seconds_past_midnight, seconds_of_day_since_00:00:00_UTC
3
1, 1, 1
-9999, -9999, -9999
PAN_NOAACIMS, pptv, Gas_PAN_InSitu_S_AVMR, 
APAN_NOAACIMS, pptv, Gas_APAN_InSitu_S_AVMR, 
PPN_NOAACIMS, pptv, Gas_PPN_InSitu_S_AVMR, 
0
18
PI_CONTACT_INFO: 325 Broadway, R/CSD 7, Boulder, Colorado 80305; michael.a.robinson@noaa.gov; chris.jernigan@noaa.gov;
PLATFORM: NOAA CSL Mobile Lab
LOCATION: SLC, Utah
ASSOCIATED_DATA: 1Hz data also available on request.
INSTRUMENT_INFO: NOAA I- ToF CIMS
DATA_INFO: All data in parts per trillion by volume (pptv). 1 Hz data is available upon request.
UNCERTAINTY: TBD
ULOD_FLAG: -7777
ULOD_VALUE: N/A
LLOD_FLAG: -8888
LLOD_VALUE: N/A
DM_CONTACT_INFO: Nathan Howard; nathan.h.howard@noaa.gov
PROJECT_INFO: USOS, summer 2024. https://csl.noaa.gov/groups/csl7/measurements/2024usos/
STIPULATIONS_ON_USE: Users are strongly encouraged to contact the PI for proper data usage.
OTHER_COMMENTS: 
REVISION: RA
RA: Preliminary Data; For in-field use only
starttime_UTC, PAN_NOAACIMS, APAN_NOAACIMS, PPN_NOAACIMS
[from data line 1228]
 73680, -9999.000, -9999.000, -9999.000
 73740, -9999.000, -9999.000, -9999.000
 73800, -9999.000, -9999.000, -9999.000
 73860, -9999.000, -9999.000, -9999.000
 73920, -9999.000, -9999.000, -9999.000
 73980, -9999.000, -9999.000, -9999.000
 74040, -9999.000, -9999.000, -9999.000
 74100, -9999.000, -9999.000, -9999.000
 74160, -9999.000, -9999.000, -9999.000
 74220, -9999.000, -9999.000, -9999.000
 74280, -9999.000, -9999.000, -9999.000
 74340, -9999.000, -9999.000, -9999.000
 74400, -9999.000, -9999.000, -9999.000
 74460, -9999.000, -9999.000, -9999.000
 74520, -9999.000, -9999.000, -9999.000
 74580, -9999.000, -9999.000, -9999.000
 74640, -9999.000, -9999.000, -9999.000
 74700, -9999.000, -9999.000, -9999.000
 74760, -9999.000, -9999.000, -9999.000
 74820, -9999.000, -9999.000, -9999.000
 74880, -9999.000, -9999.000, -9999.000
 74940, -9999.000, -9999.000, -9999.000
 75000, -9999.000, -9999.000, -9999.000
 75060, -9999.000, -9999.000, -9999.000
 75120, -9999.000, -9999.000, -9999.000
 75180, -9999.000, -9999.000, -9999.000
 75240, -9999.000, -9999.000, -9999.000
 75300, -9999.000, -9999.000, -9999.000
 75360, -9999.000, -9999.000, -9999.000
 75420, -9999.000, -9999.000, -9999.000
 75480, -9999.000, -9999.000, -9999.000
 75540, -9999.000, -9999.000, -9999.000
 75600, -9999.000, -9999.000, -9999.000
 75660, -9999.000, -9999.000, -9999.000
 75720, -9999.000, -9999.000, -9999.000
 75780, -9999.000, -9999.000, -9999.000
 75840, -9999.000, -9999.000, -9999.000
 75900, -9999.000, -9999.000, -9999.000
 75960, -9999.000, -9999.000, -9999.000
 76020, -9999.000, -9999.000, -9999.000
 76080, -9999.000, -9999.000, -9999.000
 76140, -9999.000, -9999.000, -9999.000
 76200, -9999.000, -9999.000, -9999.000
 76260, -9999.000, -9999.000, -9999.000
 76320, -9999.000, -9999.000, -9999.000
 76380, -9999.000, -9999.000, -9999.000
 76440, -9999.000, -9999.000, -9999.000
 76500, -9999.000, -9999.000, -9999.000
 76560, -9999.000, -9999.000, -9999.000
 76620, -9999.000, -9999.000, -9999.000
 76680, -9999.000, -9999.000, -9999.000
 76740, -9999.000, -9999.000, -9999.000
 76800, -9999.000, -9999.000, -9999.000
 76860, -9999.000, -9999.000, -9999.000
 76920, -9999.000, -9999.000, -9999.000
 76980, -9999.000, -9999.000, -9999.000
 77040, -9999.000, -9999.000, -9999.000
 77100, -9999.000, -9999.000, -9999.000
 77160, -9999.000, -9999.000, -9999.000
 77220, -9999.000, -9999.000, -9999.000
 77280, -9999.000, -9999.000, -9999.000
 77340, -9999.000, -9999.000, -9999.000
 77400, -9999.000, -9999.000, -9999.000
 77460, -9999.000, -9999.000, -9999.000
 77520, -9999.000, -9999.000, -9999.000
 77580, -9999.000, -9999.000, -9999.000
 77640, -9999.000, -9999.000, -9999.000
 77700, -9999.000, -9999.000, -9999.000
 77760, -9999.000, -9999.000, -9999.000
 77820, -9999.000, -9999.000, -9999.000
 77880, -9999.000, -9999.000, -9999.000
 77940, -9999.000, -9999.000, -9999.000
 78000, -9999.000, -9999.000, -9999.000
 78060, -9999.000, -9999.000, -9999.000
 78120, -9999.000, -9999.000, -9999.000
 78180, -9999.000, -9999.000, -9999.000
 78240, -9999.000, -9999.000, -9999.000
 78300, -9999.000, -9999.000, -9999.000
 78360, -9999.000, -9999.000, -9999.000
 78420, -9999.000, -9999.000, -9999.000
 78480, -9999.000, -9999.000, -9999.000
 78540, -9999.000, -9999.000, -9999.000
 78600, -9999.000, -9999.000, -9999.000
 78660, -9999.000, -9999.000, -9999.000
 78720, -9999.000, -9999.000, -9999.000
 78780, -9999.000, -9999.000, -9999.000
 78840, -9999.000, -9999.000, -9999.000
 78900, -9999.000, -9999.000, -9999.000
 78960, -9999.000, -9999.000, -9999.000
 79020, -9999.000, -9999.000, -9999.000
 79080, -9999.000, -9999.000, -9999.000
 79140, -9999.000, -9999.000, -9999.000
 79200, -9999.000, -9999.000, -9999.000
 79260, -9999.000, -9999.000, -9999.000
 79320, -9999.000, -9999.000, -9999.000
 79380, -9999.000, -9999.000, -9999.000
 79440, -9999.000, -9999.000, -9999.000
 79500, -9999.000, -9999.000, -9999.000
 79560, -9999.000, -9999.000, -9999.000
 79620, -9999.000, -9999.000, -9999.000
 79680, -9999.000, -9999.000, -9999.000
 79740, -9999.000, -9999.000, -9999.000
 79800, -9999.000, -9999.000, -9999.000
 79860, -9999.000, -9999.000, -9999.000
 79920, -9999.000, -9999.000, -9999.000
 79980, -9999.000, -9999.000, -9999.000
 80040, -9999.000, -9999.000, -9999.000
 80100, -9999.000, -9999.000, -9999.000
 80160, -9999.000, -9999.000, -9999.000
 80220, 719.862, 13.969, 45.689
 80280, 712.526, 10.617, 40.215
 80340, 760.819,  8.069, 56.510
 80400, 708.836, 10.675, 44.611
 80460, 793.576, 11.421, 45.272
 80520, 763.304, 16.989, 49.658
 80580, 753.000, 10.479, 45.273
 80640, 778.775, 10.211, 57.019
 80700, 735.095, 10.452, 47.127
 80760, 714.896, 15.619, 51.631
 80820, 725.298, 10.287, 55.034
 80880, 729.048,  6.845, 53.068
 80940, 748.639,  9.295, 51.644
 81000, 757.060,  9.670, 43.877
 81060, 795.435, 12.705, 51.819
 81120, 791.080, 10.339, 57.148
 81180, 764.932,  9.888, 52.166
 81240, 783.680, 12.740, 54.261
 81300, 789.402, 14.710, 61.222
 81360, 759.197, 10.020, 59.652
 81420, 814.902, 16.465, 58.559
 81480, 811.317,  9.993, 60.811
 81540, -9999.000, -9999.000, -9999.000
 81600, 800.530, 10.227, 64.320
 81660, 807.120, 13.367, 63.535
 81720, 752.374, 11.653, 47.532
 81780, 775.443, 11.727, 55.266
 81840, 773.548,  8.524, 57.821
 81900, 768.482, 16.375, 53.678
 81960, 783.998,  8.417, 57.794
 82020, 825.133, 10.710, 56.951
 82080, 855.707,  8.106, 61.525
 82140, 818.448, 13.949, 66.995
 82200, 805.031,  9.241, 61.716
 82260, 852.125, 10.777, 67.205
 82320, 878.239,  9.203, 63.361
 82380, 821.539, 12.708, 59.027
 82440, 814.400,  9.556, 58.307
 82500, 804.925,  9.210, 67.688
 82560, 796.962, 12.247, 67.973
 82620, 812.222,  7.501, 53.606
 82680, 840.926, 10.990, 62.388
 82740, 843.504, 12.643, 66.317
 82800, 834.716,  8.542, 65.495
 82860, 809.218,  6.858, 60.063
 82920, 821.497, 10.199, 61.397
 82980, 826.948, 10.998, 63.770
 83040, 836.911,  7.320, 66.280
 83100, 811.984,  7.116, 67.490
 83160, 797.605, 10.301, 66.452
 83220, 853.370, 10.552, 65.381
 83280, 831.931, 12.655, 60.648
 83340, 812.140,  6.927, 60.231
 83400, -9999.000, -9999.000, -9999.000
 83460, 919.834, 10.935, 64.726
 83520, 850.406,  8.359, 58.838
 83580, 819.845,  5.691, 61.860
 83640, 844.340,  5.884, 55.657
 83700, 865.226, 10.530, 68.207
 83760, 853.857,  7.357, 57.277
 83820, 862.511,  9.471, 60.900
 83880, 880.000,  9.569, 59.612
 83940, 893.132, 10.022, 58.498
 84000, 873.714,  8.164, 67.355
 84060, 922.692, 14.341, 58.363
 84120, 952.553, 10.608, 68.467
 84180, 932.149, 13.347, 71.625
 84240, 903.806, 10.219, 65.157
 84300, 848.603,  9.135, 61.603
 84360, 893.004, 10.170, 62.049
 84420, 858.504,  7.688, 59.456
 84480, 864.505,  7.475, 66.244
 84540, 860.722,  7.517, 53.660
 84600, 865.313,  8.565, 58.845
 84660, 891.301,  6.884, 64.828
 84720, 876.051,  9.501, 57.220
 84780, 869.230,  6.024, 63.852
 84840, 895.801,  8.103, 64.517
 84900, 928.192,  6.193, 57.802
 84960, 921.420,  9.581, 60.113
 85020, 962.437, 13.757, 56.269
 85080, 935.020,  8.153, 58.263
 85140, 957.676, 10.539, 61.168
 85200, 914.604,  8.136, 55.877
 85260, -9999.000, -9999.000, -9999.000
 85320, 888.077, 11.331, 62.296
 85380, 877.163,  8.226, 54.420
 85440, 872.224,  9.467, 54.410
 85500, 850.830, 11.181, 56.260
 85560, 817.592,  9.419, 52.796
 85620, 837.343,  7.791, 54.757
 85680, 871.703,  8.124, 61.364
 85740, 859.601,  6.912, 64.061
 85800, 839.756, 10.767, 55.806
 85860, 876.376, 11.854, 51.291
 85920, 913.956, 16.482, 68.007
 85980, -9999.000, -9999.000, -9999.000
 86040, -9999.000, -9999.000, -9999.000
 86100, -9999.000, -9999.000, -9999.000
 86160, -9999.000, -9999.000, -9999.000
 86220, -9999.000, -9999.000, -9999.000
 86280, -9999.000, -9999.000, -9999.000
 86340, -9999.000, -9999.000, -9999.000
