CampaignData_and_Merges/R0/CSL_MobileLab_Parked/raw/20240726/USOS-NOAAIodideCIMS-HNO2_MobileLabGround_20240726_RA.ict
33, 1001
Michael A Robinson, Chris Jernigan, Subi Thakali
NOAA ESRL Chemical Sciences Laboratory and CIRES, U. of Colorado
NOAA Iodide CIMS Instrument
USOS
1, 1
2024, 07, 26, 2024, 07, 27
1
starttime_UTC, seconds_past_midnight, seconds_of_day_since_00:00:00_UTC
1
1
-9999
HNO2_NOAACIMS, pptv, Gas_HNO2_InSitu_S_AVMR, 
0
18
PI_CONTACT_INFO: 325 Broadway, R/CSD 7, Boulder, Colorado 80305; michael.a.robinson@noaa.gov; chris.jernigan@noaa.gov;
PLATFORM: NOAA CSL Mobile Lab
LOCATION: SLC, Utah
ASSOCIATED_DATA: 1Hz data also available on request.
INSTRUMENT_INFO: NOAA I- ToF CIMS
DATA_INFO: All data in parts per trillion by volume (pptv). 1 Hz data is available upon request.
UNCERTAINTY: TBD
ULOD_FLAG: -7777
ULOD_VALUE: N/A
LLOD_FLAG: -8888
LLOD_VALUE: N/A
DM_CONTACT_INFO: Nathan Howard; nathan.h.howard@noaa.gov
PROJECT_INFO: USOS, summer 2024. https://csl.noaa.gov/groups/csl7/measurements/2024usos/
STIPULATIONS_ON_USE: Users are strongly encouraged to contact the PI for proper data usage.
OTHER_COMMENTS: 
REVISION: RA
RA: Preliminary Data; For in-field use only
starttime_UTC, HNO2_NOAACIMS
     0, 24.653
    60, 18.783
   120, 10.128
   180, -9999.000
   240, 21.210
   300, 18.417
   360, 22.232
   420, 32.036
   480, 22.666
   540, 30.177
   600, 23.846
   660, 15.552
   720,  9.124
   780, 19.634
   840, 13.002
   900, 12.236
   960, 14.169
  1020, 15.958
  1080, 18.546
  1140, 26.033
  1200, 16.586
  1260, 15.598
  1320, 18.452
  1380, 12.222
  1440, 11.160
  1500, 11.126
  1560, 20.034
  1620, 15.038
  1680,  9.774
  1740, 10.591
  1800,  9.820
  1860, 29.943
  1920, 27.022
  1980,  7.884
  2040, 24.188
  2100, 16.650
  2160, 14.558
  2220, 16.868
  2280, 18.308
  2340, 25.425
  2400, 28.305
  2460, 20.911
  2520, 17.994
  2580, 16.399
  2640, 16.540
  2700, 19.795
  2760, 26.589
  2820, 17.755
  2880, 20.299
  2940, 15.953
  3000, 17.696
  3060, 14.906
  3120,  5.889
  3180, 24.976
  3240, 11.776
  3300, 13.108
  3360, 23.000
  3420, 14.182
  3480, 14.064
  3540, 14.536
  3600, 20.950
  3660, 20.127
  3720, 16.985
  3780, 12.597
  3840, -9999.000
  3900, 12.124
  3960, 17.748
  4020,  7.618
  4080,  7.160
  4140,  5.408
  4200, 12.597
  4260, 23.708
  4320, 15.671
  4380, 20.879
  4440, 22.523
  4500, 27.677
  4560, 32.175
  4620, 26.884
  4680, 11.370
  4740, 26.046
  4800, 19.511
  4860, 23.291
  4920, 24.865
  4980, 33.959
  5040, 30.815
  5100, 20.568
  5160, 27.145
  5220, 13.011
  5280, 22.176
  5340, 20.761
  5400, 22.710
  5460, 13.530
  5520, 19.365
  5580, 16.010
  5640, 22.932
  5700, 19.002
  5760, 35.155
  5820, 31.406
  5880, 16.463
  5940, 19.553
  6000, 22.858
  6060, 23.638
  6120, 16.861
  6180, 15.321
  6240, 16.194
  6300, 10.908
  6360, 21.188
  6420, 24.589
  6480,  5.756
  6540, 24.025
  6600, 21.842
  6660, 18.440
  6720,  8.086
  6780, 11.787
  6840, 19.428
  6900, 41.900
  6960, 79.617
  7020, 74.376
  7080, 52.000
  7140, 75.852
  7200, 35.683
  7260, 50.596
  7320, 60.006
  7380, 78.413
  7440, 91.298
  7500, 67.514
  7560, -9999.000
  7620, 121.125
  7680, 90.376
  7740, 90.216
  7800, 116.589
  7860, 131.668
  7920, 111.829
  7980, 139.274
  8040, 119.190
  8100, 89.119
  8160, 97.170
  8220, 124.059
  8280, 82.219
  8340, 91.567
  8400, 134.886
  8460, 156.877
  8520, 141.455
  8580, 153.880
  8640, 132.867
  8700, 144.932
  8760, 129.304
  8820, 149.070
  8880, 146.251
  8940, 133.259
  9000, 132.345
  9060, 122.421
  9120, 106.272
  9180, 125.872
  9240, 111.112
  9300, 97.200
  9360, 97.365
  9420, -9999.000
  9480, 102.345
  9540, 107.268
  9600, 81.046
  9660, 79.522
  9720, 92.649
  9780, 84.058
  9840, 73.893
  9900, 79.685
  9960, 84.342
 10020, 92.108
 10080, 79.571
 10140, 73.373
 10200, 79.512
 10260, 94.031
 10320, 89.219
 10380, 88.196
 10440, 87.507
 10500, 96.908
 10560, 97.728
 10620, 107.226
 10680, 108.544
 10740, 97.256
 10800, 95.967
 10860, 88.753
 10920, 87.820
 10980, 78.082
 11040, 71.371
 11100, 67.781
 11160, 70.423
 11220, 74.814
 11280, -9999.000
 11340, 83.962
 11400, 69.863
 11460, 73.181
 11520, 65.437
 11580, 72.982
 11640, 78.570
 11700, 72.718
 11760, 71.282
 11820, 67.245
 11880, 61.095
 11940, 67.041
 12000, 72.956
 12060, 65.429
 12120, 72.658
 12180, 74.610
 12240, 89.676
 12300, 84.582
 12360, 88.749
 12420, 86.466
 12480, 79.126
 12540, 64.987
 12600, 67.538
 12660, 61.496
 12720, 57.302
 12780, 72.742
 12840, 75.481
 12900, 65.591
 12960, 70.623
 13020, 69.597
 13080, 76.548
 13140, -9999.000
 13200, 93.496
 13260, 69.527
 13320, 78.111
 13380, 81.193
 13440, 86.905
 13500, 101.208
 13560, 67.191
 13620, 77.284
 13680, 68.600
 13740, 64.792
 13800, 74.911
 13860, 74.542
 13920, 89.486
 13980, 91.894
 14040, 100.912
 14100, 81.053
 14160, 91.502
 14220, 100.405
 14280, 97.433
 14340, 104.040
 14400, 84.853
 14460, 83.079
 14520, 77.068
 14580, 71.780
 14640, 79.243
 14700, 62.162
 14760, 61.375
 14820, 69.242
 14880, 64.236
 14940, 45.779
 15000, -9999.000
 15060, 40.162
 15120, 53.508
 15180, 41.408
 15240, 42.577
 15300, 39.678
 15360, 47.286
 15420, 55.286
 15480, 46.508
 15540, 48.795
 15600, 52.213
 15660, 52.894
 15720, 52.220
 15780, 46.730
 15840, 60.782
 15900, 65.891
 15960, 75.212
 16020, 89.373
 16080, 83.910
 16140, 95.557
 16200, 94.432
 16260, 93.040
 16320, 78.296
 16380, 83.979
 16440, 100.033
 16500, 90.213
 16560, 98.137
 16620, 99.940
 16680, 90.911
 16740, 96.855
 16800, 81.386
 16860, 103.329
 16920, 77.743
 16980, 79.543
 17040, 65.711
 17100, 70.890
 17160, 61.694
 17220, 61.258
 17280, 70.931
 17340, 66.309
 17400, 73.899
 17460, 76.756
 17520, 59.584
 17580, 64.741
 17640, 60.557
 17700, 61.596
 17760, 76.595
 17820, 75.757
 17880, 79.154
 17940, 76.769
 18000, 61.440
 18060, 73.264
 18120, 73.875
 18180, 60.181
 18240, 67.802
 18300, 74.923
 18360, 77.171
 18420, 82.067
 18480, 83.878
 18540, 91.839
 18600, 81.520
 18660, 83.181
 18720, -9999.000
 18780, 91.062
 18840, 121.392
 18900, 200.072
 18960, 265.050
 19020, 304.434
 19080, 346.159
 19140, 386.209
 19200, 435.151
 19260, 332.273
 19320, 315.925
 19380, 261.110
 19440, 399.789
 19500, 327.807
 19560, 332.866
 19620, 352.436
 19680, 406.641
 19740, 357.058
 19800, 297.207
 19860, 332.972
 19920, 391.316
 19980, 433.774
 20040, 399.278
 20100, 469.376
 20160, 400.249
 20220, 394.468
 20280, 313.385
 20340, 351.617
 20400, 333.032
 20460, 339.563
 20520, 305.698
 20580, 306.062
 20640, 269.584
 20700, 268.103
 20760, 289.159
 20820, 247.751
 20880, 313.478
 20940, 252.841
 21000, 310.371
 21060, 287.513
 21120, 374.321
 21180, 363.700
 21240, 296.375
 21300, 289.515
 21360, 335.176
 21420, 326.941
 21480, 293.762
 21540, 310.274
 21600, 310.278
 21660, 314.305
 21720, 323.360
 21780, 252.629
 21840, 312.898
 21900, 265.159
 21960, 301.829
 22020, 337.762
 22080, 270.534
 22140, 254.881
 22200, 247.557
 22260, 328.068
 22320, 224.879
 22380, -9999.000
 22440, 522.706
 22500, 422.182
 22560, 521.497
 22620, 470.918
 22680, 435.598
 22740, 403.920
 22800, 455.185
 22860, 410.324
 22920, 418.333
 22980, 295.248
 23040, 378.258
 23100, 387.421
 23160, 396.497
 23220, 454.078
 23280, 456.289
 23340, 457.435
 23400, 495.763
 23460, 586.547
 23520, 559.855
 23580, 590.230
 23640, 628.813
 23700, 694.508
 23760, 706.828
 23820, 707.678
 23880, 801.656
 23940, 834.730
 24000, 800.143
 24060, 882.895
 24120, 759.583
 24180, 780.730
 24240, 696.345
 24300, 778.894
 24360, 847.250
 24420, 733.747
 24480, 657.893
 24540, 677.732
 24600, 745.897
 24660, 744.200
 24720, 799.679
 24780, 717.622
 24840, 685.774
 24900, 678.403
 24960, 626.544
 25020, 605.310
 25080, 631.961
 25140, 650.126
 25200, 663.384
 25260, 733.445
 25320, 724.723
 25380, 696.669
 25440, 573.742
 25500, 616.525
 25560, 745.712
 25620, 688.907
 25680, 619.986
 25740, 616.583
 25800, 715.042
 25860, 643.134
 25920, 710.219
 25980, 684.519
 26040, 728.826
 26100, -9999.000
 26160, 742.828
 26220, 737.897
 26280, 737.088
 26340, 703.459
 26400, 718.758
 26460, 782.532
 26520, 764.893
 26580, 745.765
 26640, 739.776
 26700, 718.899
 26760, 698.492
 26820, 716.793
 26880, 673.584
 26940, 688.121
 27000, 686.015
 27060, 649.529
 27120, 636.089
 27180, 671.446
 27240, 544.587
 27300, 487.987
 27360, 528.123
 27420, 527.489
 27480, 537.247
 27540, 539.434
 27600, 590.275
 27660, 546.611
 27720, 517.122
 27780, 579.869
 27840, 574.812
 27900, 446.721
 27960, -9999.000
 28020, 483.448
 28080, 432.797
 28140, 448.598
 28200, 464.431
 28260, 458.676
 28320, 427.673
 28380, 428.286
 28440, 434.523
 28500, 431.255
 28560, 430.477
 28620, 383.779
 28680, 412.909
 28740, 461.644
 28800, 417.664
 28860, 443.677
 28920, 453.193
 28980, 461.445
 29040, 405.268
 29100, 397.614
 29160, 388.873
 29220, 385.291
 29280, 390.112
 29340, 370.522
 29400, 391.061
 29460, 342.228
 29520, 388.674
 29580, 402.915
 29640, 388.331
 29700, 416.945
 29760, 372.087
 29820, -9999.000
 29880, 460.251
 29940, 404.352
 30000, 286.330
 30060, 298.499
 30120, 204.105
 30180, 247.728
 30240, 269.413
 30300, 215.539
 30360, 225.811
 30420, 212.868
 30480, 200.304
 30540, 227.153
 30600, 227.998
 30660, 212.878
 30720, 218.782
 30780, 221.309
 30840, 193.843
 30900, 199.372
 30960, 169.455
 31020, 181.083
 31080, 183.369
 31140, 176.749
 31200, 171.678
 31260, 177.137
 31320, 158.023
 31380, 165.995
 31440, 169.669
 31500, 200.493
 31560, 230.917
 31620, 208.080
 31680, -9999.000
 31740, 211.134
 31800, 164.215
 31860, 153.149
 31920, 161.151
 31980, 180.067
 32040, 179.191
 32100, 189.138
 32160, 205.667
 32220, 193.850
 32280, 215.005
 32340, 236.481
 32400, 232.777
 32460, 205.245
 32520, 210.065
 32580, 259.144
 32640, 256.565
 32700, 301.116
 32760, 340.857
 32820, 294.940
 32880, 308.494
 32940, 286.571
 33000, 300.506
 33060, 364.943
 33120, 296.388
 33180, 316.871
 33240, 268.348
 33300, 302.544
 33360, 330.703
 33420, 348.145
 33480, 286.063
 33540, -9999.000
 33600, 198.151
 33660, 209.687
 33720, 147.901
 33780, 134.785
 33840, 157.490
 33900, 155.507
 33960, 168.892
 34020, 171.080
 34080, 185.936
 34140, 145.098
 34200, 197.807
 34260, 179.419
 34320, 162.961
 34380, 278.442
 34440, 408.091
 34500, 442.017
 34560, 348.097
 34620, 307.883
 34680, 279.708
 34740, 339.357
 34800, 355.212
 34860, 252.798
 34920, 219.009
 34980, 252.235
 35040, 202.679
 35100, 203.352
 35160, 203.373
 35220, 180.071
 35280, 184.504
 35340, 198.131
 35400, 245.527
 35460, 216.322
 35520, 190.984
 35580, 227.354
 35640, 229.498
 35700, 196.091
 35760, 217.367
 35820, 231.151
 35880, 234.360
 35940, 267.870
 36000, 246.633
 36060, 241.995
 36120, 234.427
 36180, 247.451
 36240, 258.063
 36300, 241.237
 36360, 237.852
 36420, 248.284
 36480, 245.322
 36540, 259.865
 36600, 253.158
 36660, 227.111
 36720, 250.176
 36780, 274.623
 36840, 292.379
 36900, 252.323
 36960, 267.904
 37020, 278.503
 37080, 289.656
 37140, 286.798
 37200, 284.866
 37260, -9999.000
 37320, 333.853
 37380, 326.508
 37440, 312.243
 37500, 325.379
 37560, 364.462
 37620, 417.736
 37680, 421.173
 37740, 349.941
 37800, 367.182
 37860, 351.646
 37920, 329.848
 37980, 373.713
 38040, 412.439
 38100, 358.393
 38160, 306.049
 38220, 376.075
 38280, 387.238
 38340, 302.078
 38400, 324.156
 38460, 317.239
 38520, 281.317
 38580, 286.356
 38640, 265.705
 38700, 265.069
 38760, 264.408
 38820, 248.614
 38880, 256.348
 38940, 239.756
 39000, 258.714
 39060, 297.695
 39120, 246.317
 39180, 254.612
 39240, 252.658
 39300, 228.376
 39360, 227.815
 39420, 238.670
 39480, 221.419
 39540, 213.058
 39600, 236.671
 39660, 236.801
 39720, 234.869
 39780, 210.930
 39840, 200.041
 39900, 192.659
 39960, 205.365
 40020, 195.955
 40080, 177.564
 40140, 228.003
 40200, 223.445
 40260, 227.941
 40320, 209.923
 40380, 189.242
 40440, 195.133
 40500, 185.951
 40560, 191.909
 40620, 202.841
 40680, 188.271
 40740, 194.315
 40800, 180.778
 40860, 191.583
 40920, -9999.000
 40980, 186.125
 41040, 208.988
 41100, 195.332
 41160, 190.960
 41220, 191.774
 41280, 219.449
 41340, 197.986
 41400, 200.932
 41460, 208.508
 41520, 219.840
 41580, 223.258
 41640, 243.602
 41700, 239.134
 41760, 233.888
 41820, 222.897
 41880, 216.116
 41940, 224.659
 42000, 236.160
 42060, 241.981
 42120, 242.571
 42180, 242.223
 42240, 255.631
 42300, 276.514
 42360, 268.808
 42420, 277.516
 42480, 254.392
 42540, 255.800
 42600, 256.112
 42660, 236.787
 42720, 267.428
 42780, 265.193
 42840, 269.263
 42900, 261.976
 42960, 254.450
 43020, 278.064
 43080, 273.595
 43140, 290.693
 43200, 277.948
 43260, 251.977
 43320, 264.116
 43380, 263.399
 43440, 252.834
 43500, 252.602
 43560, 261.516
 43620, 270.546
 43680, 259.248
 43740, 276.231
 43800, 259.392
 43860, 269.166
 43920, 271.031
 43980, 269.419
 44040, 282.937
 44100, 277.379
 44160, 274.386
 44220, 270.229
 44280, 274.993
 44340, 290.145
 44400, 271.236
 44460, 284.778
 44520, 285.976
 44580, 287.870
 44640, -9999.000
 44700, 322.687
 44760, 307.395
 44820, 311.924
 44880, 329.734
 44940, 318.629
 45000, 328.523
 45060, 379.728
 45120, 379.494
 45180, 386.183
 45240, 365.879
 45300, 400.544
 45360, 394.598
 45420, 377.000
 45480, 355.214
 45540, 339.768
 45600, 359.942
 45660, 338.118
 45720, 359.463
 45780, 351.866
 45840, 337.188
 45900, 333.902
 45960, 324.735
 46020, 296.641
 46080, 258.967
 46140, 290.334
 46200, 308.313
 46260, 306.272
 46320, 295.872
 46380, 321.837
 46440, 303.007
 46500, -9999.000
 46560, 303.787
 46620, 313.677
 46680, 257.028
 46740, 259.951
 46800, 255.941
 46860, 217.084
 46920, 199.475
 46980, 177.206
 47040, 198.039
 47100, 178.711
 47160, 155.407
 47220, 90.274
 47280, 75.548
 47340, 84.972
 47400, 113.013
 47460, 101.727
 47520, 68.978
 47580, 57.601
 47640, 71.851
 47700, 72.452
 47760, 79.382
 47820, 79.330
 47880, 72.005
 47940, 80.541
 48000, 80.809
 48060, 84.794
 48120, 87.173
 48180, 92.909
 48240, 71.269
 48300, 88.672
 48360, -9999.000
 48420, 84.568
 48480, 97.964
 48540, 132.409
 48600, 164.328
 48660, 179.113
 48720, 197.390
 48780, 200.997
 48840, 180.615
 48900, 187.704
 48960, 190.668
 49020, 188.338
 49080, 154.348
 49140, 174.935
 49200, 154.419
 49260, 147.870
 49320, 155.710
 49380, 157.942
 49440, 133.431
 49500, 111.443
 49560, 119.893
 49620, 110.770
 49680, 106.075
 49740, 112.288
 49800, 124.540
 49860, 128.541
 49920, 122.036
 49980, 110.777
 50040, 98.637
 50100, 113.924
 50160, 114.917
 50220, -9999.000
 50280, 87.190
 50340, 78.536
 50400, 80.872
 50460, 68.824
 50520, 70.347
 50580, 64.425
 50640, 60.374
 50700, 79.811
 50760, 78.060
 50820, 85.505
 50880, 122.418
 50940, 114.342
 51000, 96.599
 51060, 91.474
 51120, 84.403
 51180, 103.000
 51240, 85.943
 51300, 90.369
 51360, 124.946
 51420, 98.846
 51480, 77.291
 51540, 104.052
 51600, 94.271
 51660, 99.810
 51720, 56.631
 51780, 81.633
 51840, 87.557
 51900, 112.865
 51960, 86.216
 52020, 103.682
 52080, -9999.000
 52140, 67.309
 52200, 69.588
 52260, 86.611
 52320, 77.413
 52380, 78.680
 52440, 76.706
 52500, 88.347
 52560, 129.587
 52620, 172.663
 52680, 135.399
 52740, 161.471
 52800, -9999.000
 52860, -9999.000
 52920, -9999.000
 52980, -9999.000
 53040, -9999.000
 53100, -9999.000
 53160, -9999.000
 53220, -9999.000
 53280, -9999.000
 53340, -9999.000
 53400, -9999.000
 53460, -9999.000
 53520, -9999.000
 53580, -9999.000
 53640, -9999.000
 53700, -9999.000
 53760, -9999.000
 53820, -9999.000
 53880, -9999.000
 53940, -9999.000
 54000, -9999.000
 54060, -9999.000
 54120, -9999.000
 54180, -9999.000
 54240, -9999.000
 54300, -9999.000
 54360, -9999.000
 54420, -9999.000
 54480, -9999.000
 54540, -9999.000
 54600, -9999.000
 54660, -9999.000
 54720, -9999.000
 54780, -9999.000
 54840, -9999.000
 54900, -9999.000
 54960, -9999.000
 55020, -9999.000
 55080, -9999.000
 55140, -9999.000
 55200, -9999.000
 55260, -9999.000
 55320, -9999.000
 55380, -9999.000
 55440, -9999.000
 55500, -9999.000
 55560, -9999.000
 55620, -9999.000
 55680, -9999.000
 55740, -9999.000
 55800, -9999.000
 55860, -9999.000
 55920, -9999.000
 55980, -9999.000
 56040, -9999.000
 56100, -9999.000
 56160, -9999.000
 56220, -9999.000
 56280, -9999.000
 56340, -9999.000
 56400, -9999.000
 56460, -9999.000
 56520, -9999.000
 56580, -9999.000
 56640, -9999.000
 56700, -9999.000
 56760, -9999.000
 56820, -9999.000
 56880, -9999.000
 56940, -9999.000
 57000, -9999.000
 57060, -9999.000
 57120, -9999.000
 57180, -9999.000
 57240, -9999.000
 57300, -9999.000
 57360, -9999.000
 57420, -9999.000
 57480, -9999.000
 57540, -9999.000
 57600, -9999.000
 57660, -9999.000
 57720, -9999.000
 57780, -9999.000
 57840, -9999.000
 57900, -9999.000
 57960, -9999.000
 58020, -9999.000
 58080, -9999.000
 58140, -9999.000
 58200, -9999.000
 58260, -9999.000
 58320, -9999.000
 58380, -9999.000
 58440, -9999.000
 58500, -9999.000
 58560, -9999.000
 58620, -9999.000
 58680, -9999.000
 58740, -9999.000
 58800, -9999.000
 58860, -9999.000
 58920, -9999.000
 58980, -9999.000
 59040, -9999.000
 59100, -9999.000
 59160, -9999.000
 59220, -9999.000
 59280, -9999.000
 59340, -9999.000
 59400, -9999.000
 59460, -9999.000
 59520, -9999.000
 59580, -9999.000
 59640, -9999.000
 59700, -9999.000
 59760, -9999.000
 59820, -9999.000
 59880, -9999.000
 59940, -9999.000
 60000, -9999.000
 60060, -9999.000
