CampaignData_and_Merges/R0/CSL_MobileLab_Parked/raw/20240726/USOS-jNO2_MobileLabGround_20240726_R0.ict
52,1001
Waxman, E.; Rollins, A.; Zuraski, K.; Chace, W.
NOAA Chemical Sciences Laboratory
jNO2 filter radiometer on CSL Mobile Lab
AMMBEC / USOS
1, 1
2024,07,26, 2025,04,01
60
Time_Start, seconds, number_of_seconds_since_0000_UTC
20
1, 1, 1, 1, 1, 1, 1, 1, 1, 1, 1, 1, 1, 1, 1, 1, 1, 1, 1, 1
-9999, -9999, -9999, -9999, -9999, -9999, -9999, -9999, -9999, -9999, -9999, -9999, -9999, -9999, -9999, -9999, -9999, -9999, -9999, -9999
Time_Stop, seconds, number_of_seconds_since_0000_UTC
jNO2_meas, per second, photolysis rate of NO2 measured using a filter radiometer.
jBrCl, per second, photolysis rate of BrCl -> Br + Cl calculated in TUV for cloud-free sky with local AOD
jBr2, per second, photolysis rate of Br2 -> Br + Br calculated in TUV for cloud-free sky with local AOD
jCCl4, per second, photolysis rate of CCl4 -> Products calcualted in TUV for cloud-free sky with local AOD
jCH2Oa, per second, photolysis rate of CH2O -> H + HCO calculated in TUV for cloud-free sky with local AOD
jCH2Ob, per second, photolysis rate of CH2O -> H2 + CO calculated in TUV for cloud-free sky with local AOD
jClNO2, per second, photolysis rate of ClNO2 -> Cl + NO2 calculated in TUV for cloud-free sky with local AOD
jClOa, per second, photolysis rate of ClO -> Cl + O(1D) calculated in TUV for cloud-free sky with local AOD
jClOb, per second, photolysis rate of ClO -> Cl + O(3P) calculated in TUV for cloud-free sky with local AOD
jCl2, per second, photolysis rate of Cl2 -> Cl + Cl calculated in TUV for cloud-free sky with local AOD
jHNO2, per second, photolysis rate of HNO2 -> OH + NO calculated in TUV for cloud-free sky with local AOD
jHNO3, per second, photolysis rate of HNO3 -> OH + NO2 calculated in TUV for cloud-free sky with local AOD
jI2, per second, photolysis rate of I2 -> I + I calculated in TUV for cloud-free sky with local AOD
jNO2, per second, photolysis rate of NO2 -> NO + O(3P) calculated in TUV for cloud-free sky with local AOD
jNO3a, per second, photolysis rate of NO3 -> NO + O2 calculated in TUV for cloud-free sky with local AOD
jNO3b, per second, photolysis rate of NO3 -> NO2 + O(3P) calculated in TUV for cloud-free sky with local AOD
jN2O5, per second, photolysis rate of N2O5 -> NO3 + NO + O(3P) calculated in TUV for cloud-free sky with local AOD
jO3, per second, photolysis rate of O3 -> O2 + O(1D) calculated in TUV for cloud-free sky with local AOD
AOD_500nm, unitless, UTC daily mean AOD at 500 nm from an AERONET station located at 40.178 N, -112.452 E
0
18
PI_CONTACT_INFO: eleanor.waxman@noaa.gov
PLATFORM: CSL Mobile Lab, at ground site
LOCATION: Salt Lake City, UT
ASSOCIATED_DATA:
INSTRUMENT_INFO: jNO2 filter radiometer.  TUV calculations are for mobile van lat/lon/altitude assuming clear sky (cloud AOD = 0) and daily mean AOD.
DATA_INFO:
UNCERTAINTY: Data uncertainties are +/- 20%.  These come from uncertainties in radiometer angular response, radiometer thermal response, local interferences from clouds/aerosols/shadows etc.
ULOD_FLAG: -7777
ULOD_VALUE: N/A
LLOD_FLAG: -8888
LLOD_VALUE: N/A
DM_CONTACT_INFO: eleanor.waxman@noaa.gov
PROJECT_INFO: USOS Project, July - August 2024
STIPULATIONS_ON_USE: Users are strongly encouraged to contact the PI for proper data usage.
OTHER_COMMENTS: 
REVISION: R0
R0: final data
Time_Start, Time_Stop, jNO2_meas, jBrCl, jBr2, jCCl4, jCH2Oa, jCH2Ob, jClNO2, jClOa, jClOb, jCl2, jHNO2, jHNO3, jI2, jNO2, jNO3a, jNO3b, jN2O5, jO3, AOD_500nm
[from data line 1128]
   67680,   67740,-9999,0.01045,0.03127,1.061e-21,3.291e-05,4.816e-05,0.0004744,5.165e-22,5.089e-05,0.002295,0.001488,6.073e-07,0.1104,0.009087,0.02117,0.1704,4.286e-05,3.359e-05,0.141
   67740,   67800,-9999,0.01045,0.03128,1.084e-21,3.293e-05,4.818e-05,0.0004746,5.28e-22,5.096e-05,0.002296,0.001488,6.079e-07,0.1104,0.009089,0.02118,0.1704,4.289e-05,3.364e-05,0.141
   67800,   67860,-9999,0.01045,0.03128,1.106e-21,3.295e-05,4.82e-05,0.0004749,5.388e-22,5.102e-05,0.002297,0.001489,6.084e-07,0.1104,0.009092,0.02118,0.1704,4.291e-05,3.368e-05,0.141
   67860,   67920,-9999,0.01045,0.03128,1.129e-21,3.297e-05,4.823e-05,0.0004751,5.502e-22,5.109e-05,0.002298,0.001489,6.09e-07,0.1104,0.009094,0.02118,0.1704,4.293e-05,3.372e-05,0.141
   67920,   67980,-9999,0.01045,0.03129,1.152e-21,3.299e-05,4.825e-05,0.0004753,5.615e-22,5.115e-05,0.002299,0.00149,6.095e-07,0.1104,0.009096,0.02118,0.1704,4.295e-05,3.377e-05,0.141
   67980,   68040,-9999,0.01046,0.03129,1.174e-21,3.301e-05,4.827e-05,0.0004755,5.721e-22,5.12e-05,0.002299,0.00149,6.1e-07,0.1104,0.009099,0.02118,0.1705,4.297e-05,3.381e-05,0.141
   68040,   68100,-9999,0.01046,0.0313,1.196e-21,3.303e-05,4.829e-05,0.0004757,5.832e-22,5.126e-05,0.0023,0.001491,6.105e-07,0.1104,0.009101,0.02118,0.1705,4.299e-05,3.385e-05,0.141
   68100,   68160,-9999,0.01046,0.0313,1.219e-21,3.305e-05,4.831e-05,0.0004759,5.942e-22,5.132e-05,0.002301,0.001491,6.11e-07,0.1104,0.009103,0.02118,0.1705,4.301e-05,3.389e-05,0.141
   68160,   68220,-9999,0.01046,0.0313,1.24e-21,3.306e-05,4.832e-05,0.000476,6.045e-22,5.137e-05,0.002301,0.001491,6.115e-07,0.1105,0.009105,0.02118,0.1705,4.303e-05,3.392e-05,0.141
   68220,   68280,-9999,0.01046,0.03131,1.262e-21,3.308e-05,4.834e-05,0.0004762,6.154e-22,5.143e-05,0.002302,0.001492,6.119e-07,0.1105,0.009107,0.02119,0.1705,4.305e-05,3.396e-05,0.141
   68280,   68340,-9999,0.01046,0.03131,1.283e-21,3.31e-05,4.836e-05,0.0004764,6.26e-22,5.148e-05,0.002303,0.001492,6.124e-07,0.1105,0.009109,0.02119,0.1705,4.307e-05,3.4e-05,0.141
   68340,   68400,-9999,0.01047,0.03131,1.304e-21,3.311e-05,4.838e-05,0.0004766,6.36e-22,5.153e-05,0.002303,0.001492,6.128e-07,0.1105,0.009111,0.02119,0.1705,4.309e-05,3.403e-05,0.141
   68400,   68460,-9999,0.01047,0.03132,1.324e-21,3.313e-05,4.839e-05,0.0004767,6.462e-22,5.158e-05,0.002304,0.001493,6.132e-07,0.1105,0.009113,0.02119,0.1705,4.311e-05,3.406e-05,0.141
   68460,   68520,-9999,0.01047,0.03132,1.345e-21,3.315e-05,4.841e-05,0.0004769,6.564e-22,5.163e-05,0.002305,0.001493,6.137e-07,0.1105,0.009115,0.02119,0.1705,4.312e-05,3.41e-05,0.141
   68520,   68580,-9999,0.01047,0.03132,1.364e-21,3.316e-05,4.842e-05,0.000477,6.658e-22,5.167e-05,0.002305,0.001493,6.14e-07,0.1105,0.009116,0.02119,0.1706,4.314e-05,3.413e-05,0.141
   68580,   68640,-9999,0.01047,0.03133,1.384e-21,3.318e-05,4.844e-05,0.0004772,6.756e-22,5.171e-05,0.002306,0.001494,6.144e-07,0.1105,0.009118,0.02119,0.1706,4.315e-05,3.416e-05,0.141
   68640,   68700,-9999,0.01047,0.03133,1.404e-21,3.319e-05,4.845e-05,0.0004773,6.852e-22,5.176e-05,0.002306,0.001494,6.148e-07,0.1105,0.00912,0.02119,0.1706,4.317e-05,3.419e-05,0.141
   68700,   68760,-9999,0.01047,0.03133,1.421e-21,3.32e-05,4.847e-05,0.0004774,6.938e-22,5.18e-05,0.002307,0.001494,6.151e-07,0.1105,0.009121,0.02119,0.1706,4.318e-05,3.421e-05,0.141
   68760,   68820,-9999,0.01048,0.03133,1.44e-21,3.322e-05,4.848e-05,0.0004776,7.029e-22,5.184e-05,0.002307,0.001495,6.155e-07,0.1105,0.009123,0.02119,0.1706,4.32e-05,3.424e-05,0.141
   68820,   68880,-9999,0.01048,0.03134,1.458e-21,3.323e-05,4.849e-05,0.0004777,7.117e-22,5.187e-05,0.002308,0.001495,6.158e-07,0.1105,0.009124,0.02119,0.1706,4.321e-05,3.427e-05,0.141
   68880,   68940,-9999,0.01048,0.03134,1.474e-21,3.324e-05,4.851e-05,0.0004778,7.198e-22,5.191e-05,0.002308,0.001495,6.161e-07,0.1105,0.009125,0.0212,0.1706,4.322e-05,3.429e-05,0.141
   68940,   69000,-9999,0.01048,0.03134,1.491e-21,3.325e-05,4.852e-05,0.0004779,7.281e-22,5.195e-05,0.002309,0.001495,6.164e-07,0.1105,0.009127,0.0212,0.1706,4.324e-05,3.432e-05,0.141
   69000,   69060,-9999,0.01048,0.03134,1.507e-21,3.326e-05,4.853e-05,0.000478,7.361e-22,5.198e-05,0.002309,0.001496,6.167e-07,0.1105,0.009128,0.0212,0.1706,4.325e-05,3.434e-05,0.141
   69060,   69120,-9999,0.01048,0.03134,1.522e-21,3.327e-05,4.854e-05,0.0004781,7.432e-22,5.201e-05,0.002309,0.001496,6.17e-07,0.1105,0.009129,0.0212,0.1706,4.326e-05,3.436e-05,0.141
   69120,   69180,-9999,0.01048,0.03135,1.537e-21,3.328e-05,4.855e-05,0.0004782,7.506e-22,5.204e-05,0.00231,0.001496,6.172e-07,0.1106,0.00913,0.0212,0.1706,4.327e-05,3.438e-05,0.141
   69180,   69240,-9999,0.01048,0.03135,1.551e-21,3.329e-05,4.856e-05,0.0004783,7.577e-22,5.207e-05,0.00231,0.001496,6.175e-07,0.1106,0.009131,0.0212,0.1706,4.328e-05,3.44e-05,0.141
   69240,   69300,-9999,0.01048,0.03135,1.564e-21,3.33e-05,4.857e-05,0.0004784,7.64e-22,5.209e-05,0.00231,0.001496,6.177e-07,0.1106,0.009132,0.0212,0.1706,4.329e-05,3.442e-05,0.141
   69300,   69360,-9999,0.01048,0.03135,1.577e-21,3.331e-05,4.858e-05,0.0004785,7.704e-22,5.212e-05,0.002311,0.001496,6.179e-07,0.1106,0.009133,0.0212,0.1706,4.33e-05,3.444e-05,0.141
   69360,   69420,-9999,0.01048,0.03135,1.589e-21,3.332e-05,4.858e-05,0.0004786,7.763e-22,5.214e-05,0.002311,0.001497,6.181e-07,0.1106,0.009134,0.0212,0.1706,4.331e-05,3.445e-05,0.141
   69420,   69480,-9999,0.01049,0.03135,1.6e-21,3.332e-05,4.859e-05,0.0004787,7.816e-22,5.216e-05,0.002311,0.001497,6.183e-07,0.1106,0.009135,0.0212,0.1707,4.331e-05,3.447e-05,0.141
   69480,   69540,-9999,0.01049,0.03135,1.61e-21,3.333e-05,4.86e-05,0.0004787,7.869e-22,5.219e-05,0.002312,0.001497,6.185e-07,0.1106,0.009136,0.0212,0.1707,4.332e-05,3.448e-05,0.141
   69540,   69600,-9999,0.01049,0.03136,1.62e-21,3.334e-05,4.86e-05,0.0004788,7.919e-22,5.22e-05,0.002312,0.001497,6.187e-07,0.1106,0.009136,0.0212,0.1707,4.333e-05,3.45e-05,0.141
   69600,   69660,-9999,0.01049,0.03136,1.629e-21,3.334e-05,4.861e-05,0.0004789,7.961e-22,5.222e-05,0.002312,0.001497,6.188e-07,0.1106,0.009137,0.0212,0.1707,4.333e-05,3.451e-05,0.141
   69660,   69720,-9999,0.01049,0.03136,1.638e-21,3.335e-05,4.862e-05,0.0004789,8.003e-22,5.224e-05,0.002312,0.001497,6.19e-07,0.1106,0.009138,0.0212,0.1707,4.334e-05,3.452e-05,0.141
   69720,   69780,-9999,0.01049,0.03136,1.645e-21,3.335e-05,4.862e-05,0.000479,8.039e-22,5.225e-05,0.002312,0.001497,6.191e-07,0.1106,0.009138,0.0212,0.1707,4.335e-05,3.453e-05,0.141
   69780,   69840,-9999,0.01049,0.03136,1.651e-21,3.335e-05,4.862e-05,0.000479,8.071e-22,5.226e-05,0.002313,0.001497,6.192e-07,0.1106,0.009139,0.0212,0.1707,4.335e-05,3.454e-05,0.141
   69840,   69900,-9999,0.01049,0.03136,1.657e-21,3.336e-05,4.863e-05,0.000479,8.1e-22,5.228e-05,0.002313,0.001498,6.193e-07,0.1106,0.009139,0.0212,0.1707,4.335e-05,3.454e-05,0.141
   69900,   69960,-9999,0.01049,0.03136,1.662e-21,3.336e-05,4.863e-05,0.0004791,8.126e-22,5.228e-05,0.002313,0.001498,6.194e-07,0.1106,0.009139,0.0212,0.1707,4.336e-05,3.455e-05,0.141
   69960,   70020,-9999,0.01049,0.03136,1.667e-21,3.336e-05,4.863e-05,0.0004791,8.146e-22,5.229e-05,0.002313,0.001498,6.194e-07,0.1106,0.00914,0.0212,0.1707,4.336e-05,3.456e-05,0.141
   70020,   70080,-9999,0.01049,0.03136,1.67e-21,3.337e-05,4.864e-05,0.0004791,8.163e-22,5.23e-05,0.002313,0.001498,6.195e-07,0.1106,0.00914,0.0212,0.1707,4.336e-05,3.456e-05,0.141
   70080,   70140,-9999,0.01049,0.03136,1.672e-21,3.337e-05,4.864e-05,0.0004791,8.174e-22,5.23e-05,0.002313,0.001498,6.195e-07,0.1106,0.00914,0.0212,0.1707,4.336e-05,3.456e-05,0.141
   70140,   70200,-9999,0.01049,0.03136,1.674e-21,3.337e-05,4.864e-05,0.0004791,8.182e-22,5.231e-05,0.002313,0.001498,6.195e-07,0.1106,0.00914,0.0212,0.1707,4.336e-05,3.457e-05,0.141
   70200,   70260,-9999,0.01049,0.03136,1.675e-21,3.337e-05,4.864e-05,0.0004791,8.187e-22,5.231e-05,0.002313,0.001498,6.196e-07,0.1106,0.00914,0.0212,0.1707,4.337e-05,3.457e-05,0.141
   70260,   70320,-9999,0.01049,0.03136,1.675e-21,3.337e-05,4.864e-05,0.0004791,8.187e-22,5.231e-05,0.002313,0.001498,6.196e-07,0.1106,0.00914,0.0212,0.1707,4.337e-05,3.457e-05,0.141
   70320,   70380,-9999,0.01049,0.03136,1.674e-21,3.337e-05,4.864e-05,0.0004791,8.183e-22,5.231e-05,0.002313,0.001498,6.195e-07,0.1106,0.00914,0.0212,0.1707,4.336e-05,3.457e-05,0.141
   70380,   70440,-9999,0.01049,0.03136,1.672e-21,3.337e-05,4.864e-05,0.0004791,8.173e-22,5.23e-05,0.002313,0.001498,6.195e-07,0.1106,0.00914,0.0212,0.1707,4.336e-05,3.456e-05,0.141
   70440,   70500,-9999,0.01049,0.03136,1.67e-21,3.337e-05,4.864e-05,0.0004791,8.161e-22,5.23e-05,0.002313,0.001498,6.195e-07,0.1106,0.00914,0.0212,0.1707,4.336e-05,3.456e-05,0.141
   70500,   70560,-9999,0.01049,0.03136,1.666e-21,3.336e-05,4.863e-05,0.0004791,8.145e-22,5.229e-05,0.002313,0.001498,6.194e-07,0.1106,0.00914,0.0212,0.1707,4.336e-05,3.456e-05,0.141
   70560,   70620,-9999,0.01049,0.03136,1.662e-21,3.336e-05,4.863e-05,0.0004791,8.124e-22,5.228e-05,0.002313,0.001498,6.193e-07,0.1106,0.009139,0.0212,0.1707,4.336e-05,3.455e-05,0.141
   70620,   70680,-9999,0.01049,0.03136,1.657e-21,3.336e-05,4.863e-05,0.000479,8.099e-22,5.228e-05,0.002313,0.001498,6.193e-07,0.1106,0.009139,0.0212,0.1707,4.335e-05,3.454e-05,0.141
   70680,   70740,-9999,0.01049,0.03136,1.652e-21,3.335e-05,4.862e-05,0.000479,8.072e-22,5.226e-05,0.002313,0.001497,6.192e-07,0.1106,0.009139,0.0212,0.1707,4.335e-05,3.454e-05,0.141
   70740,   70800,-9999,0.01049,0.03136,1.644e-21,3.335e-05,4.862e-05,0.000479,8.037e-22,5.225e-05,0.002312,0.001497,6.191e-07,0.1106,0.009138,0.0212,0.1707,4.335e-05,3.453e-05,0.141
   70800,   70860,-9999,0.01049,0.03136,1.637e-21,3.335e-05,4.862e-05,0.0004789,7.999e-22,5.224e-05,0.002312,0.001497,6.189e-07,0.1106,0.009138,0.0212,0.1707,4.334e-05,3.452e-05,0.141
   70860,   70920,-9999,0.01049,0.03136,1.629e-21,3.334e-05,4.861e-05,0.0004789,7.961e-22,5.222e-05,0.002312,0.001497,6.188e-07,0.1106,0.009137,0.0212,0.1707,4.334e-05,3.451e-05,0.141
   70920,   70980,-9999,0.01049,0.03136,1.62e-21,3.334e-05,4.86e-05,0.0004788,7.916e-22,5.22e-05,0.002312,0.001497,6.187e-07,0.1106,0.009136,0.0212,0.1707,4.333e-05,3.45e-05,0.141
   70980,   71040,-9999,0.01049,0.03135,1.61e-21,3.333e-05,4.86e-05,0.0004787,7.867e-22,5.218e-05,0.002312,0.001497,6.185e-07,0.1106,0.009136,0.0212,0.1707,4.332e-05,3.448e-05,0.141
   71040,   71100,-9999,0.01049,0.03135,1.6e-21,3.332e-05,4.859e-05,0.0004787,7.817e-22,5.216e-05,0.002311,0.001497,6.183e-07,0.1106,0.009135,0.0212,0.1707,4.331e-05,3.447e-05,0.141
   71100,   71160,-9999,0.01048,0.03135,1.588e-21,3.331e-05,4.858e-05,0.0004786,7.759e-22,5.214e-05,0.002311,0.001497,6.181e-07,0.1106,0.009134,0.0212,0.1706,4.331e-05,3.445e-05,0.141
   71160,   71220,-9999,0.01048,0.03135,1.576e-21,3.331e-05,4.858e-05,0.0004785,7.699e-22,5.212e-05,0.002311,0.001496,6.179e-07,0.1106,0.009133,0.0212,0.1706,4.33e-05,3.444e-05,0.141
   71220,   71280,-9999,0.01048,0.03135,1.564e-21,3.33e-05,4.857e-05,0.0004784,7.639e-22,5.209e-05,0.00231,0.001496,6.177e-07,0.1106,0.009132,0.0212,0.1706,4.329e-05,3.442e-05,0.141
   71280,   71340,-9999,0.01048,0.03135,1.55e-21,3.329e-05,4.856e-05,0.0004783,7.572e-22,5.207e-05,0.00231,0.001496,6.175e-07,0.1106,0.009131,0.0212,0.1706,4.328e-05,3.44e-05,0.141
   71340,   71400,-9999,0.01048,0.03135,1.536e-21,3.328e-05,4.855e-05,0.0004782,7.502e-22,5.204e-05,0.00231,0.001496,6.172e-07,0.1106,0.00913,0.0212,0.1706,4.327e-05,3.438e-05,0.141
   71400,   71460,-9999,0.01048,0.03134,1.522e-21,3.327e-05,4.854e-05,0.0004782,7.431e-22,5.201e-05,0.002309,0.001496,6.17e-07,0.1105,0.009129,0.0212,0.1706,4.326e-05,3.436e-05,0.141
   71460,   71520,-9999,0.01048,0.03134,1.506e-21,3.326e-05,4.853e-05,0.000478,7.355e-22,5.198e-05,0.002309,0.001495,6.167e-07,0.1105,0.009128,0.0212,0.1706,4.325e-05,3.434e-05,0.141
   71520,   71580,-9999,0.01048,0.03134,1.49e-21,3.325e-05,4.852e-05,0.0004779,7.275e-22,5.194e-05,0.002309,0.001495,6.164e-07,0.1105,0.009127,0.0212,0.1706,4.324e-05,3.432e-05,0.141
   71580,   71640,-9999,0.01048,0.03134,1.474e-21,3.324e-05,4.851e-05,0.0004778,7.198e-22,5.191e-05,0.002308,0.001495,6.161e-07,0.1105,0.009125,0.0212,0.1706,4.322e-05,3.429e-05,0.141
   71640,   71700,-9999,0.01048,0.03134,1.457e-21,3.323e-05,4.849e-05,0.0004777,7.112e-22,5.187e-05,0.002308,0.001495,6.158e-07,0.1105,0.009124,0.02119,0.1706,4.321e-05,3.427e-05,0.141
   71700,   71760,-9999,0.01048,0.03133,1.439e-21,3.321e-05,4.848e-05,0.0004776,7.024e-22,5.183e-05,0.002307,0.001495,6.155e-07,0.1105,0.009123,0.02119,0.1706,4.32e-05,3.424e-05,0.141
   71760,   71820,-9999,0.01047,0.03133,1.421e-21,3.32e-05,4.847e-05,0.0004774,6.937e-22,5.18e-05,0.002307,0.001494,6.151e-07,0.1105,0.009121,0.02119,0.1706,4.318e-05,3.421e-05,0.141
   71820,   71880,-9999,0.01047,0.03133,1.402e-21,3.319e-05,4.845e-05,0.0004773,6.845e-22,5.175e-05,0.002306,0.001494,6.148e-07,0.1105,0.00912,0.02119,0.1706,4.317e-05,3.419e-05,0.141
   71880,   71940,-9999,0.01047,0.03133,1.383e-21,3.317e-05,4.844e-05,0.0004772,6.749e-22,5.171e-05,0.002306,0.001494,6.144e-07,0.1105,0.009118,0.02119,0.1706,4.315e-05,3.416e-05,0.141
   71940,   72000,-9999,0.01047,0.03132,1.364e-21,3.316e-05,4.842e-05,0.000477,6.657e-22,5.167e-05,0.002305,0.001493,6.14e-07,0.1105,0.009116,0.02119,0.1706,4.314e-05,3.413e-05,0.141
   72000,   72060,-9999,0.01047,0.03132,1.344e-21,3.315e-05,4.841e-05,0.0004769,6.558e-22,5.162e-05,0.002305,0.001493,6.136e-07,0.1105,0.009115,0.02119,0.1705,4.312e-05,3.41e-05,0.141
   72060,   72120,-9999,0.01047,0.03132,1.323e-21,3.313e-05,4.839e-05,0.0004767,6.455e-22,5.157e-05,0.002304,0.001493,6.132e-07,0.1105,0.009113,0.02119,0.1705,4.311e-05,3.406e-05,0.141
   72120,   72180,-9999,0.01047,0.03131,1.303e-21,3.311e-05,4.838e-05,0.0004766,6.358e-22,5.153e-05,0.002303,0.001492,6.128e-07,0.1105,0.009111,0.02119,0.1705,4.309e-05,3.403e-05,0.141
   72180,   72240,-9999,0.01046,0.03131,1.282e-21,3.31e-05,4.836e-05,0.0004764,6.253e-22,5.148e-05,0.002303,0.001492,6.124e-07,0.1105,0.009109,0.02119,0.1705,4.307e-05,3.399e-05,0.141
   72240,   72300,-9999,0.01046,0.03131,1.26e-21,3.308e-05,4.834e-05,0.0004762,6.146e-22,5.142e-05,0.002302,0.001492,6.119e-07,0.1105,0.009107,0.02119,0.1705,4.305e-05,3.396e-05,0.141
   72300,   72360,-9999,0.01046,0.0313,1.24e-21,3.306e-05,4.832e-05,0.000476,6.045e-22,5.137e-05,0.002302,0.001491,6.115e-07,0.1105,0.009105,0.02118,0.1705,4.303e-05,3.392e-05,0.141
   72360,   72420,-9999,0.01046,0.0313,1.217e-21,3.305e-05,4.831e-05,0.0004759,5.936e-22,5.132e-05,0.002301,0.001491,6.11e-07,0.1104,0.009103,0.02118,0.1705,4.301e-05,3.388e-05,0.141
   72420,   72480,-9999,0.01046,0.0313,1.195e-21,3.303e-05,4.829e-05,0.0004757,5.824e-22,5.126e-05,0.0023,0.001491,6.105e-07,0.1104,0.009101,0.02118,0.1705,4.299e-05,3.384e-05,0.141
   72480,   72540,-9999,0.01046,0.03129,1.173e-21,3.301e-05,4.827e-05,0.0004755,5.719e-22,5.12e-05,0.002299,0.00149,6.1e-07,0.1104,0.009099,0.02118,0.1705,4.297e-05,3.381e-05,0.141
   72540,   72600,-9999,0.01045,0.03129,1.151e-21,3.299e-05,4.825e-05,0.0004753,5.607e-22,5.114e-05,0.002299,0.00149,6.095e-07,0.1104,0.009096,0.02118,0.1704,4.295e-05,3.376e-05,0.141
   72600,   72660,-9999,0.01045,0.03128,1.128e-21,3.297e-05,4.823e-05,0.0004751,5.494e-22,5.108e-05,0.002298,0.001489,6.09e-07,0.1104,0.009094,0.02118,0.1704,4.293e-05,3.372e-05,0.141
   72660,   72720,-9999,0.01045,0.03128,1.106e-21,3.295e-05,4.82e-05,0.0004749,5.387e-22,5.102e-05,0.002297,0.001489,6.084e-07,0.1104,0.009092,0.02118,0.1704,4.291e-05,3.368e-05,0.141
   72720,   72780,-9999,0.01045,0.03128,1.083e-21,3.293e-05,4.818e-05,0.0004746,5.273e-22,5.096e-05,0.002296,0.001488,6.079e-07,0.1104,0.009089,0.02118,0.1704,4.288e-05,3.364e-05,0.141
   72780,   72840,-9999,0.01045,0.03127,1.059e-21,3.29e-05,4.816e-05,0.0004744,5.158e-22,5.089e-05,0.002295,0.001488,6.073e-07,0.1104,0.009087,0.02117,0.1704,4.286e-05,3.359e-05,0.141
   72840,   72900,-9999,0.01044,0.03127,1.037e-21,3.288e-05,4.814e-05,0.0004742,5.05e-22,5.083e-05,0.002295,0.001488,6.067e-07,0.1104,0.009084,0.02117,0.1704,4.284e-05,3.355e-05,0.141
