CampaignData_and_Merges/R0/CSL_MobileLab_Parked/raw/20240726/USOS-O3_MobileLabGround_20240726_R0.ict
34, 1001
Carrie Womack
NOAA Chemical Sciences Laboratory
2B Tech O3 UV Analyzer
USOS
1, 1
2024, 07, 26, 2024, 12, 21
60
Time_Start, seconds_past_midnight, Seconds from midnight UTC
1
1
-9999
O3_ppb, ppb, Ozone from 2B Tech UV Analyzer
1
SPECIAL COMMENTS:
18
PI_CONTACT_INFO: Address: 325 Broadway R/CSL7, Boulder, CO, 80305
PLATFORM: CSL Mobile Lab
LOCATION: Salt Lake City, UT
ASSOCIATED_DATA: N/A
INSTRUMENT_INFO: N/A
DATA_INFO: Units:
UNCERTAINTY: N/A
ULOD_FLAG: -7777
ULOD_VALUE: N/A
LLOD_FLAG: -8888
LLOD_VALUE: N/A
DM_CONTACT_INFO: Data Manager: Nate Howard
PROJECT_INFO: 
STIPULATIONS_ON_USE: Use of these data require prior ok from PI.
OTHER_COMMENTS: N/A
REVISION: R0
R0: Final data. RA: Preliminary Data.  For in-field use only.
Time_Start, O3_ppb
0.0,61.4
60.0,61.6
120.0,61.9
180.0,61.2
240.0,60.4
300.0,61.6
360.0,60.1
420.0,58.7
480.0,59.9
540.0,60.0
600.0,60.0
660.0,60.6
720.0,62.1
780.0,61.1
840.0,61.9
900.0,61.9
960.0,62.4
1020.0,62.1
1080.0,61.8
1140.0,59.7
1200.0,60.4
1260.0,61.4
1320.0,61.5
1380.0,63.0
1440.0,62.5
1500.0,62.3
1560.0,61.3
1620.0,63.0
1680.0,63.9
1740.0,64.0
1800.0,64.1
1860.0,60.7
1920.0,60.4
1980.0,63.3
2040.0,61.0
2100.0,61.8
2160.0,62.0
2220.0,61.6
2280.0,60.6
2340.0,60.0
2400.0,58.8
2460.0,60.4
2520.0,59.3
2580.0,59.0
2640.0,59.9
2700.0,59.5
2760.0,59.3
2820.0,60.3
2880.0,59.6
2940.0,59.9
3000.0,59.5
3060.0,60.8
3120.0,62.3
3180.0,59.2
3240.0,62.1
3300.0,61.0
3360.0,59.1
3420.0,60.7
3480.0,60.3
3540.0,61.2
3600.0,59.9
3660.0,59.6
3720.0,59.0
3780.0,61.5
3840.0,61.0
3900.0,62.7
3960.0,62.5
4020.0,62.1
4080.0,62.6
4140.0,62.0
4200.0,63.2
4260.0,61.2
4320.0,61.1
4380.0,60.9
4440.0,58.9
4500.0,59.4
4560.0,59.1
4620.0,60.8
4680.0,60.6
4740.0,61.0
4800.0,60.7
4860.0,60.5
4920.0,60.2
4980.0,60.1
5040.0,58.4
5100.0,59.9
5160.0,60.2
5220.0,60.9
5280.0,59.8
5340.0,59.7
5400.0,59.2
5460.0,60.3
5520.0,61.1
5580.0,59.3
5640.0,60.2
5700.0,60.6
5760.0,60.0
5820.0,58.8
5880.0,60.3
5940.0,60.5
6000.0,60.0
6060.0,60.6
6120.0,60.7
6180.0,61.2
6240.0,60.5
6300.0,61.6
6360.0,60.7
6420.0,59.5
6480.0,62.3
6540.0,61.9
6600.0,62.7
6660.0,61.7
6720.0,62.2
6780.0,62.6
6840.0,62.1
6900.0,59.8
6960.0,57.3
7020.0,57.0
7080.0,59.2
7140.0,58.3
7200.0,60.8
7260.0,58.6
7320.0,58.5
7380.0,58.0
7440.0,57.0
7500.0,58.0
7560.0,56.0
7620.0,58.5
7680.0,55.8
7740.0,55.3
7800.0,54.6
7860.0,53.4
7920.0,53.2
7980.0,-9999.0
8040.0,-9999.0
8100.0,-9999.0
8160.0,-9999.0
8220.0,-9999.0
8280.0,-9999.0
8340.0,-9999.0
8400.0,-9999.0
8460.0,-9999.0
8520.0,-9999.0
8580.0,-9999.0
8640.0,-9999.0
8700.0,47.1
8760.0,48.8
8820.0,47.8
8880.0,47.2
8940.0,48.1
9000.0,47.4
9060.0,47.1
9120.0,48.3
9180.0,47.3
9240.0,45.7
9300.0,47.7
9360.0,47.3
9420.0,48.1
9480.0,45.2
9540.0,45.6
9600.0,46.5
9660.0,46.4
9720.0,46.1
9780.0,46.1
9840.0,46.6
9900.0,46.1
9960.0,45.7
10020.0,45.1
10080.0,45.7
10140.0,46.2
10200.0,45.5
10260.0,45.2
10320.0,45.2
10380.0,45.1
10440.0,44.7
10500.0,44.4
10560.0,44.4
10620.0,43.7
10680.0,43.3
10740.0,43.8
10800.0,43.0
10860.0,43.3
10920.0,43.8
10980.0,44.8
11040.0,45.4
11100.0,45.8
11160.0,45.4
11220.0,45.2
11280.0,44.6
11340.0,44.6
11400.0,46.2
11460.0,44.9
11520.0,46.2
11580.0,45.4
11640.0,45.1
11700.0,44.3
11760.0,46.1
11820.0,44.7
11880.0,45.3
11940.0,45.8
12000.0,46.3
12060.0,46.6
12120.0,46.2
12180.0,46.0
12240.0,45.7
12300.0,45.5
12360.0,44.1
12420.0,44.0
12480.0,49.0
12540.0,51.1
12600.0,52.3
12660.0,53.3
12720.0,53.9
12780.0,53.5
12840.0,52.0
12900.0,53.8
12960.0,52.9
13020.0,53.1
13080.0,53.5
13140.0,52.6
13200.0,52.3
13260.0,52.0
13320.0,53.4
13380.0,52.5
13440.0,52.0
13500.0,51.0
13560.0,52.9
13620.0,52.8
13680.0,52.4
13740.0,52.5
13800.0,53.4
13860.0,52.7
13920.0,53.2
13980.0,52.1
14040.0,51.8
14100.0,53.8
14160.0,53.2
14220.0,51.9
14280.0,51.6
14340.0,51.6
14400.0,53.3
14460.0,53.4
14520.0,54.7
14580.0,54.4
14640.0,54.0
14700.0,55.2
14760.0,55.7
14820.0,54.9
14880.0,55.1
14940.0,54.5
15000.0,56.8
15060.0,56.4
15120.0,56.1
15180.0,57.6
15240.0,56.6
15300.0,57.5
15360.0,56.0
15420.0,55.7
15480.0,56.7
15540.0,56.4
15600.0,55.1
15660.0,54.8
15720.0,54.4
15780.0,54.0
15840.0,54.6
15900.0,52.9
15960.0,53.0
16020.0,52.3
16080.0,52.9
16140.0,52.1
16200.0,52.6
16260.0,53.6
16320.0,54.0
16380.0,53.2
16440.0,52.0
16500.0,52.5
16560.0,52.8
16620.0,53.5
16680.0,53.0
16740.0,52.1
16800.0,53.0
16860.0,53.4
16920.0,52.3
16980.0,53.9
17040.0,53.3
17100.0,53.3
17160.0,53.9
17220.0,53.6
17280.0,53.6
17340.0,52.8
17400.0,52.8
17460.0,52.4
17520.0,55.2
17580.0,54.5
17640.0,53.8
17700.0,52.0
17760.0,51.7
17820.0,52.6
17880.0,53.5
17940.0,53.4
18000.0,55.1
18060.0,54.8
18120.0,53.2
18180.0,54.6
18240.0,53.4
18300.0,53.8
18360.0,53.9
18420.0,52.8
18480.0,53.1
18540.0,52.4
18600.0,52.9
18660.0,53.3
18720.0,54.1
18780.0,55.2
18840.0,56.0
18900.0,54.4
18960.0,53.1
19020.0,53.2
19080.0,52.2
19140.0,51.8
19200.0,49.2
19260.0,47.4
19320.0,50.4
19380.0,49.1
19440.0,51.0
19500.0,51.7
19560.0,49.6
19620.0,50.1
19680.0,49.8
19740.0,51.5
19800.0,52.5
19860.0,51.6
19920.0,49.4
19980.0,47.9
20040.0,48.7
20100.0,47.8
20160.0,50.7
20220.0,50.8
20280.0,52.1
20340.0,52.3
20400.0,51.9
20460.0,52.4
20520.0,52.3
20580.0,52.8
20640.0,53.0
20700.0,52.8
20760.0,53.2
20820.0,54.0
20880.0,52.3
20940.0,51.7
21000.0,51.7
21060.0,53.1
21120.0,51.0
21180.0,51.4
21240.0,50.9
21300.0,51.5
21360.0,51.9
21420.0,50.9
21480.0,50.6
21540.0,51.0
21600.0,51.7
21660.0,50.5
21720.0,51.0
21780.0,52.1
21840.0,51.7
21900.0,52.8
21960.0,52.3
22020.0,52.7
22080.0,52.6
22140.0,53.3
22200.0,52.6
22260.0,52.2
22320.0,54.6
22380.0,52.2
22440.0,52.4
22500.0,51.2
22560.0,50.8
22620.0,50.8
22680.0,50.7
22740.0,50.8
22800.0,50.7
22860.0,51.1
22920.0,51.1
22980.0,52.7
23040.0,51.8
23100.0,50.9
23160.0,51.1
23220.0,51.0
23280.0,50.9
23340.0,51.2
23400.0,51.1
23460.0,49.2
23520.0,48.3
23580.0,48.1
23640.0,46.2
23700.0,43.7
23760.0,43.3
23820.0,44.4
23880.0,43.0
23940.0,43.4
24000.0,42.8
24060.0,40.7
24120.0,42.6
24180.0,42.2
24240.0,42.1
24300.0,40.4
24360.0,37.7
24420.0,40.6
24480.0,40.7
24540.0,39.3
24600.0,38.3
24660.0,37.4
24720.0,36.4
24780.0,37.6
24840.0,38.8
24900.0,38.3
24960.0,40.5
25020.0,38.9
25080.0,39.4
25140.0,40.0
25200.0,40.3
25260.0,39.0
25320.0,39.3
25380.0,40.7
25440.0,42.2
25500.0,41.1
25560.0,39.0
25620.0,39.3
25680.0,40.7
25740.0,40.5
25800.0,38.9
25860.0,40.3
25920.0,39.8
25980.0,40.1
26040.0,39.7
26100.0,40.1
26160.0,39.0
26220.0,39.2
26280.0,38.2
26340.0,39.1
26400.0,39.3
26460.0,38.4
26520.0,39.2
26580.0,37.8
26640.0,38.4
26700.0,39.7
26760.0,39.5
26820.0,39.9
26880.0,39.7
26940.0,39.6
27000.0,39.5
27060.0,40.6
27120.0,41.5
27180.0,41.9
27240.0,44.1
27300.0,44.9
27360.0,44.2
27420.0,44.8
27480.0,43.9
27540.0,44.6
27600.0,43.8
27660.0,45.0
27720.0,43.6
27780.0,44.3
27840.0,44.4
27900.0,46.8
27960.0,46.2
28020.0,45.7
28080.0,46.5
28140.0,45.1
28200.0,44.7
28260.0,45.0
28320.0,45.4
28380.0,45.1
28440.0,44.4
28500.0,44.3
28560.0,45.4
28620.0,46.0
28680.0,45.1
28740.0,44.7
28800.0,45.9
28860.0,43.2
28920.0,44.5
28980.0,45.0
29040.0,45.8
29100.0,46.9
29160.0,46.8
29220.0,46.7
29280.0,46.1
29340.0,45.8
29400.0,46.5
29460.0,46.5
29520.0,45.6
29580.0,45.1
29640.0,46.5
29700.0,44.9
29760.0,45.5
29820.0,45.5
29880.0,45.2
29940.0,45.2
30000.0,46.3
30060.0,45.3
30120.0,45.8
30180.0,45.1
30240.0,44.1
30300.0,44.0
30360.0,43.3
30420.0,43.9
30480.0,42.6
30540.0,41.2
30600.0,42.6
30660.0,42.8
30720.0,42.7
30780.0,42.2
30840.0,43.6
30900.0,42.8
30960.0,43.8
31020.0,44.1
31080.0,43.8
31140.0,43.5
31200.0,44.1
31260.0,44.0
31320.0,44.9
31380.0,44.3
31440.0,44.1
31500.0,44.2
31560.0,42.4
31620.0,44.0
31680.0,43.6
31740.0,43.5
31800.0,45.1
31860.0,45.8
31920.0,45.0
31980.0,45.1
32040.0,46.8
32100.0,45.4
32160.0,45.4
32220.0,47.1
32280.0,46.0
32340.0,44.6
32400.0,44.3
32460.0,44.8
32520.0,45.8
32580.0,43.8
32640.0,44.1
32700.0,42.2
32760.0,42.6
32820.0,42.8
32880.0,43.5
32940.0,43.2
33000.0,42.2
33060.0,41.2
33120.0,42.8
33180.0,42.2
33240.0,43.1
33300.0,41.9
33360.0,41.8
33420.0,41.6
33480.0,42.2
33540.0,43.3
33600.0,46.3
33660.0,45.4
33720.0,46.8
33780.0,48.2
33840.0,47.2
33900.0,47.0
33960.0,46.7
34020.0,46.0
34080.0,45.9
34140.0,46.4
34200.0,46.1
34260.0,45.8
34320.0,47.3
34380.0,44.5
34440.0,34.3
34500.0,33.6
34560.0,42.9
34620.0,45.4
34680.0,47.3
34740.0,44.5
34800.0,43.6
34860.0,47.9
34920.0,49.5
34980.0,46.7
35040.0,48.1
35100.0,49.6
35160.0,49.4
35220.0,48.5
35280.0,48.9
35340.0,48.6
35400.0,47.4
35460.0,48.9
35520.0,49.0
35580.0,47.1
35640.0,48.0
35700.0,47.4
35760.0,47.7
35820.0,47.1
35880.0,47.5
35940.0,46.2
36000.0,46.2
36060.0,45.4
36120.0,45.9
36180.0,45.0
36240.0,45.3
36300.0,45.5
36360.0,45.6
36420.0,45.8
36480.0,44.6
36540.0,43.6
36600.0,44.3
36660.0,45.6
36720.0,44.0
36780.0,44.1
36840.0,42.8
36900.0,44.5
36960.0,44.1
37020.0,44.3
37080.0,43.5
37140.0,43.9
37200.0,44.7
37260.0,43.3
37320.0,43.7
37380.0,42.4
37440.0,42.9
37500.0,42.6
37560.0,40.3
37620.0,36.6
37680.0,35.0
37740.0,39.0
37800.0,39.0
37860.0,39.7
37920.0,42.6
37980.0,40.2
38040.0,36.3
38100.0,37.4
38160.0,41.0
38220.0,35.7
38280.0,35.1
38340.0,40.3
38400.0,38.1
38460.0,37.7
38520.0,40.8
38580.0,41.4
38640.0,42.0
38700.0,42.9
38760.0,42.3
38820.0,41.1
38880.0,41.2
38940.0,42.2
39000.0,41.1
39060.0,41.9
39120.0,41.6
39180.0,42.3
39240.0,43.1
39300.0,43.6
39360.0,44.1
39420.0,44.6
39480.0,44.0
39540.0,44.2
39600.0,44.1
39660.0,43.8
39720.0,44.5
39780.0,46.2
39840.0,46.0
39900.0,46.0
39960.0,46.4
40020.0,47.1
40080.0,47.9
40140.0,46.4
40200.0,45.8
40260.0,46.0
40320.0,46.3
40380.0,48.3
40440.0,47.3
40500.0,47.1
40560.0,47.7
40620.0,47.9
40680.0,47.8
40740.0,47.1
40800.0,48.5
40860.0,46.5
40920.0,45.4
40980.0,47.3
41040.0,47.6
41100.0,47.1
41160.0,46.3
41220.0,45.6
41280.0,45.0
41340.0,47.2
41400.0,46.9
41460.0,46.6
41520.0,45.7
41580.0,45.3
41640.0,44.1
41700.0,44.7
41760.0,45.0
41820.0,45.0
41880.0,45.6
41940.0,44.8
42000.0,44.6
42060.0,44.8
42120.0,43.7
42180.0,43.6
42240.0,42.9
42300.0,42.6
42360.0,43.0
42420.0,42.0
42480.0,41.6
42540.0,41.6
42600.0,43.0
42660.0,43.7
42720.0,41.6
42780.0,43.5
42840.0,42.6
42900.0,41.3
42960.0,41.9
43020.0,42.8
43080.0,41.9
43140.0,40.9
43200.0,41.1
43260.0,42.4
43320.0,42.5
43380.0,42.1
43440.0,41.8
43500.0,41.4
43560.0,40.6
43620.0,41.0
43680.0,40.9
43740.0,39.2
43800.0,42.2
43860.0,40.1
43920.0,41.1
43980.0,40.7
44040.0,40.9
44100.0,41.6
44160.0,40.7
44220.0,41.4
44280.0,42.3
44340.0,41.6
44400.0,41.3
44460.0,42.4
44520.0,42.2
44580.0,41.3
44640.0,39.4
44700.0,38.3
44760.0,38.6
44820.0,39.8
44880.0,39.3
44940.0,39.2
45000.0,39.8
45060.0,37.7
45120.0,37.9
45180.0,34.9
45240.0,35.5
45300.0,34.0
45360.0,33.8
45420.0,35.4
45480.0,35.7
45540.0,37.2
45600.0,35.9
45660.0,35.7
45720.0,35.4
45780.0,35.6
45840.0,35.6
45900.0,34.2
45960.0,34.1
46020.0,35.6
46080.0,37.6
46140.0,36.1
46200.0,35.3
46260.0,35.5
46320.0,35.7
46380.0,35.7
46440.0,34.4
46500.0,34.5
46560.0,33.9
46620.0,34.4
46680.0,35.9
46740.0,34.0
46800.0,35.5
46860.0,36.6
46920.0,37.6
46980.0,37.4
47040.0,36.8
47100.0,33.6
47160.0,35.5
47220.0,42.4
47280.0,43.9
47340.0,41.3
47400.0,39.5
47460.0,37.9
47520.0,42.0
47580.0,43.2
47640.0,42.8
47700.0,40.7
47760.0,40.7
47820.0,40.7
47880.0,41.4
47940.0,39.0
48000.0,40.9
48060.0,39.4
48120.0,39.2
48180.0,38.3
48240.0,40.5
48300.0,37.9
48360.0,40.1
48420.0,40.2
48480.0,37.0
48540.0,34.4
48600.0,31.9
48660.0,31.5
48720.0,31.0
48780.0,29.2
48840.0,29.2
48900.0,28.9
48960.0,28.2
49020.0,28.6
49080.0,30.8
49140.0,28.6
49200.0,30.6
49260.0,30.2
49320.0,30.6
49380.0,29.6
49440.0,29.8
49500.0,32.5
49560.0,31.6
49620.0,31.8
49680.0,33.2
49740.0,31.2
49800.0,29.9
49860.0,30.5
49920.0,31.4
49980.0,33.9
50040.0,34.7
50100.0,31.0
50160.0,32.3
50220.0,34.3
50280.0,36.5
50340.0,37.2
50400.0,38.5
50460.0,40.3
50520.0,39.7
50580.0,39.5
50640.0,39.6
50700.0,38.4
50760.0,38.2
50820.0,37.1
50880.0,31.8
50940.0,35.8
51000.0,36.5
51060.0,34.5
51120.0,37.1
51180.0,36.0
51240.0,36.8
51300.0,37.2
51360.0,34.3
51420.0,35.6
51480.0,36.2
51540.0,35.5
51600.0,35.6
51660.0,35.8
51720.0,40.2
51780.0,41.3
51840.0,38.4
51900.0,35.6
51960.0,37.6
52020.0,37.4
52080.0,40.4
52140.0,40.9
52200.0,39.8
52260.0,39.1
52320.0,42.3
52380.0,43.2
52440.0,40.4
52500.0,41.0
52560.0,38.4
52620.0,39.5
52680.0,41.1
52740.0,39.0
52800.0,-9999.0
52860.0,-9999.0
52920.0,-9999.0
52980.0,-9999.0
53040.0,-9999.0
53100.0,-9999.0
53160.0,-9999.0
53220.0,-9999.0
53280.0,-9999.0
53340.0,-9999.0
53400.0,-9999.0
53460.0,-9999.0
53520.0,-9999.0
53580.0,-9999.0
53640.0,-9999.0
53700.0,44.3
53760.0,45.1
53820.0,44.6
53880.0,44.4
53940.0,43.8
54000.0,43.2
54060.0,42.2
54120.0,41.5
54180.0,42.7
54240.0,45.5
54300.0,44.5
54360.0,45.9
54420.0,46.9
54480.0,-9999.0
54540.0,-9999.0
54600.0,-9999.0
54660.0,-9999.0
54720.0,-9999.0
54780.0,-9999.0
54840.0,-9999.0
54900.0,-9999.0
54960.0,-9999.0
55020.0,-9999.0
55080.0,-9999.0
55140.0,-9999.0
55200.0,-9999.0
55260.0,-9999.0
55320.0,-9999.0
55380.0,-9999.0
55440.0,-9999.0
55500.0,-9999.0
55560.0,-9999.0
55620.0,-9999.0
55680.0,-9999.0
55740.0,-9999.0
55800.0,-9999.0
55860.0,-9999.0
55920.0,-9999.0
55980.0,-9999.0
56040.0,-9999.0
56100.0,-9999.0
56160.0,-9999.0
56220.0,-9999.0
56280.0,-9999.0
56340.0,-9999.0
56400.0,-9999.0
56460.0,-9999.0
56520.0,-9999.0
56580.0,-9999.0
56640.0,-9999.0
56700.0,-9999.0
56760.0,-9999.0
56820.0,-9999.0
56880.0,-9999.0
56940.0,-9999.0
57000.0,-9999.0
57060.0,-9999.0
57120.0,-9999.0
57180.0,-9999.0
57240.0,-9999.0
57300.0,-9999.0
57360.0,-9999.0
57420.0,-9999.0
57480.0,-9999.0
57540.0,-9999.0
57600.0,-9999.0
57660.0,-9999.0
57720.0,-9999.0
57780.0,-9999.0
57840.0,-9999.0
57900.0,-9999.0
57960.0,-9999.0
58020.0,-9999.0
58080.0,-9999.0
58140.0,-9999.0
58200.0,-9999.0
58260.0,-9999.0
58320.0,-9999.0
58380.0,-9999.0
58440.0,-9999.0
58500.0,-9999.0
58560.0,-9999.0
58620.0,-9999.0
58680.0,-9999.0
58740.0,-9999.0
58800.0,-9999.0
58860.0,-9999.0
58920.0,-9999.0
58980.0,-9999.0
59040.0,-9999.0
59100.0,-9999.0
59160.0,-9999.0
59220.0,-9999.0
59280.0,-9999.0
59340.0,-9999.0
59400.0,-9999.0
59460.0,-9999.0
59520.0,-9999.0
59580.0,-9999.0
59640.0,-9999.0
59700.0,-9999.0
59760.0,-9999.0
59820.0,-9999.0
59880.0,-9999.0
59940.0,-9999.0
60000.0,-9999.0
60060.0,-9999.0
60120.0,-9999.0
60180.0,-9999.0
60240.0,-9999.0
60300.0,-9999.0
60360.0,-9999.0
60420.0,-9999.0
60480.0,-9999.0
60540.0,-9999.0
60600.0,-9999.0
60660.0,-9999.0
60720.0,-9999.0
60780.0,-9999.0
60840.0,-9999.0
60900.0,-9999.0
60960.0,-9999.0
61020.0,-9999.0
61080.0,-9999.0
61140.0,-9999.0
61200.0,-9999.0
61260.0,-9999.0
61320.0,-9999.0
61380.0,-9999.0
61440.0,-9999.0
61500.0,-9999.0
61560.0,-9999.0
61620.0,-9999.0
61680.0,-9999.0
61740.0,-9999.0
61800.0,-9999.0
61860.0,-9999.0
61920.0,-9999.0
61980.0,-9999.0
62040.0,-9999.0
62100.0,-9999.0
62160.0,-9999.0
62220.0,-9999.0
62280.0,-9999.0
62340.0,-9999.0
62400.0,-9999.0
62460.0,-9999.0
62520.0,-9999.0
62580.0,-9999.0
62640.0,-9999.0
62700.0,-9999.0
62760.0,-9999.0
62820.0,-9999.0
62880.0,-9999.0
62940.0,-9999.0
63000.0,-9999.0
63060.0,-9999.0
63120.0,-9999.0
63180.0,-9999.0
63240.0,-9999.0
63300.0,-9999.0
63360.0,-9999.0
63420.0,-9999.0
63480.0,-9999.0
63540.0,-9999.0
63600.0,-9999.0
63660.0,-9999.0
63720.0,-9999.0
63780.0,-9999.0
63840.0,-9999.0
63900.0,-9999.0
63960.0,-9999.0
64020.0,-9999.0
64080.0,-9999.0
64140.0,-9999.0
64200.0,-9999.0
64260.0,-9999.0
64320.0,-9999.0
64380.0,-9999.0
64440.0,-9999.0
64500.0,-9999.0
64560.0,-9999.0
64620.0,-9999.0
64680.0,-9999.0
64740.0,-9999.0
64800.0,-9999.0
64860.0,-9999.0
64920.0,-9999.0
64980.0,-9999.0
65040.0,-9999.0
65100.0,-9999.0
65160.0,-9999.0
65220.0,-9999.0
65280.0,-9999.0
65340.0,-9999.0
65400.0,-9999.0
65460.0,-9999.0
65520.0,-9999.0
65580.0,-9999.0
65640.0,-9999.0
65700.0,-9999.0
65760.0,-9999.0
65820.0,-9999.0
65880.0,-9999.0
65940.0,-9999.0
66000.0,-9999.0
66060.0,-9999.0
66120.0,-9999.0
66180.0,-9999.0
66240.0,-9999.0
66300.0,-9999.0
66360.0,-9999.0
66420.0,-9999.0
66480.0,-9999.0
66540.0,-9999.0
66600.0,-9999.0
66660.0,-9999.0
66720.0,-9999.0
66780.0,-9999.0
66840.0,-9999.0
66900.0,-9999.0
66960.0,-9999.0
67020.0,-9999.0
67080.0,-9999.0
67140.0,-9999.0
67200.0,-9999.0
67260.0,-9999.0
67320.0,-9999.0
67380.0,-9999.0
67440.0,-9999.0
67500.0,-9999.0
67560.0,-9999.0
67620.0,-9999.0
67680.0,-9999.0
67740.0,-9999.0
67800.0,-9999.0
67860.0,-9999.0
67920.0,-9999.0
67980.0,-9999.0
68040.0,-9999.0
68100.0,-9999.0
68160.0,-9999.0
68220.0,-9999.0
68280.0,-9999.0
68340.0,-9999.0
68400.0,-9999.0
68460.0,-9999.0
68520.0,-9999.0
68580.0,-9999.0
68640.0,-9999.0
68700.0,-9999.0
68760.0,-9999.0
68820.0,-9999.0
68880.0,-9999.0
68940.0,-9999.0
69000.0,-9999.0
69060.0,-9999.0
69120.0,-9999.0
69180.0,-9999.0
69240.0,-9999.0
69300.0,-9999.0
69360.0,-9999.0
69420.0,-9999.0
69480.0,-9999.0
69540.0,-9999.0
69600.0,-9999.0
69660.0,-9999.0
69720.0,-9999.0
69780.0,-9999.0
69840.0,-9999.0
69900.0,-9999.0
69960.0,-9999.0
70020.0,-9999.0
70080.0,-9999.0
70140.0,-9999.0
70200.0,-9999.0
70260.0,-9999.0
70320.0,-9999.0
70380.0,-9999.0
70440.0,-9999.0
70500.0,-9999.0
70560.0,-9999.0
70620.0,-9999.0
70680.0,-9999.0
70740.0,-9999.0
70800.0,-9999.0
70860.0,-9999.0
70920.0,-9999.0
70980.0,-9999.0
71040.0,-9999.0
71100.0,-9999.0
71160.0,-9999.0
71220.0,-9999.0
71280.0,-9999.0
71340.0,-9999.0
71400.0,-9999.0
71460.0,-9999.0
71520.0,-9999.0
71580.0,-9999.0
71640.0,-9999.0
71700.0,-9999.0
71760.0,-9999.0
71820.0,-9999.0
71880.0,-9999.0
71940.0,-9999.0
72000.0,-9999.0
72060.0,-9999.0
72120.0,-9999.0
72180.0,-9999.0
72240.0,-9999.0
72300.0,-9999.0
72360.0,-9999.0
72420.0,-9999.0
72480.0,-9999.0
72540.0,-9999.0
72600.0,-9999.0
72660.0,-9999.0
72720.0,-9999.0
72780.0,-9999.0
72840.0,-9999.0
72900.0,-9999.0
72960.0,-9999.0
73020.0,-9999.0
73080.0,-9999.0
73140.0,-9999.0
73200.0,-9999.0
73260.0,-9999.0
73320.0,-9999.0
73380.0,-9999.0
73440.0,-9999.0
73500.0,-9999.0
73560.0,-9999.0
73620.0,-9999.0
73680.0,-9999.0
73740.0,-9999.0
73800.0,-9999.0
73860.0,-9999.0
73920.0,-9999.0
73980.0,-9999.0
74040.0,-9999.0
74100.0,-9999.0
74160.0,-9999.0
74220.0,-9999.0
74280.0,-9999.0
74340.0,-9999.0
74400.0,-9999.0
74460.0,-9999.0
74520.0,-9999.0
74580.0,-9999.0
74640.0,-9999.0
74700.0,-9999.0
74760.0,-9999.0
74820.0,-9999.0
74880.0,-9999.0
74940.0,-9999.0
75000.0,-9999.0
75060.0,-9999.0
75120.0,-9999.0
75180.0,-9999.0
75240.0,-9999.0
75300.0,-9999.0
75360.0,-9999.0
75420.0,-9999.0
75480.0,-9999.0
75540.0,-9999.0
75600.0,-9999.0
75660.0,-9999.0
75720.0,-9999.0
75780.0,-9999.0
75840.0,-9999.0
75900.0,-9999.0
75960.0,-9999.0
76020.0,-9999.0
76080.0,-9999.0
76140.0,-9999.0
76200.0,-9999.0
76260.0,-9999.0
76320.0,-9999.0
76380.0,-9999.0
76440.0,-9999.0
76500.0,-9999.0
76560.0,-9999.0
76620.0,-9999.0
76680.0,-9999.0
76740.0,-9999.0
76800.0,-9999.0
76860.0,-9999.0
76920.0,-9999.0
76980.0,-9999.0
77040.0,-9999.0
77100.0,-9999.0
77160.0,-9999.0
77220.0,-9999.0
77280.0,-9999.0
77340.0,-9999.0
77400.0,-9999.0
77460.0,-9999.0
77520.0,-9999.0
77580.0,-9999.0
77640.0,-9999.0
77700.0,-9999.0
77760.0,-9999.0
77820.0,69.0
77880.0,69.6
77940.0,69.2
78000.0,70.8
78060.0,71.6
78120.0,71.8
78180.0,72.4
78240.0,71.6
78300.0,72.4
78360.0,71.1
78420.0,72.1
78480.0,74.3
78540.0,74.4
78600.0,74.3
78660.0,74.8
78720.0,72.5
78780.0,72.6
78840.0,70.5
78900.0,71.0
78960.0,70.1
79020.0,66.9
79080.0,65.1
79140.0,69.0
79200.0,-9999.0
79260.0,-9999.0
79320.0,-9999.0
79380.0,-9999.0
79440.0,-9999.0
79500.0,-9999.0
79560.0,-9999.0
79620.0,-9999.0
79680.0,-9999.0
79740.0,-9999.0
79800.0,-9999.0
79860.0,-9999.0
79920.0,-9999.0
79980.0,-9999.0
80040.0,-9999.0
80100.0,-9999.0
80160.0,-9999.0
80220.0,-9999.0
80280.0,-9999.0
80340.0,75.1
80400.0,76.0
80460.0,76.5
80520.0,76.3
80580.0,75.5
80640.0,75.3
80700.0,75.6
80760.0,75.1
80820.0,75.9
80880.0,75.6
80940.0,75.7
81000.0,76.5
81060.0,76.1
81120.0,76.8
81180.0,75.6
81240.0,77.4
81300.0,76.3
81360.0,74.7
81420.0,75.3
81480.0,76.1
81540.0,76.2
81600.0,76.3
81660.0,76.6
81720.0,78.3
81780.0,77.4
81840.0,77.3
81900.0,76.8
81960.0,78.1
82020.0,78.0
82080.0,79.0
82140.0,77.5
82200.0,77.8
82260.0,77.4
82320.0,77.2
82380.0,75.1
82440.0,76.5
82500.0,74.7
82560.0,72.8
82620.0,77.8
82680.0,78.2
82740.0,78.4
82800.0,77.8
82860.0,73.5
82920.0,77.1
82980.0,76.1
83040.0,78.0
83100.0,77.0
83160.0,76.3
83220.0,76.7
83280.0,78.5
83340.0,77.3
83400.0,77.4
83460.0,80.1
83520.0,78.7
83580.0,77.7
83640.0,77.6
83700.0,77.9
83760.0,76.0
83820.0,78.1
83880.0,78.9
83940.0,79.6
84000.0,77.8
84060.0,78.8
84120.0,78.0
84180.0,78.0
84240.0,78.9
84300.0,79.5
84360.0,77.7
84420.0,76.7
84480.0,78.0
84540.0,78.4
84600.0,75.6
84660.0,78.4
84720.0,79.0
84780.0,75.0
84840.0,77.0
84900.0,76.8
84960.0,78.0
85020.0,77.2
85080.0,76.9
85140.0,78.7
85200.0,77.9
85260.0,79.3
85320.0,79.2
85380.0,80.2
85440.0,80.0
85500.0,79.8
85560.0,79.3
85620.0,78.2
85680.0,78.9
85740.0,79.4
85800.0,79.5
85860.0,78.8
85920.0,77.7
85980.0,75.2
86040.0,78.0
86100.0,79.5
86160.0,79.0
86220.0,78.4
86280.0,76.7
86340.0,78.5
