CampaignData_and_Merges/R0/CSL_MobileLab_Parked/raw/20240726/USOS-NOAAIodideCIMS-OrgNitrs_MobileLabGround_20240726_RA.ict
37, 1001
Michael A Robinson, Chris Jernigan, Subi Thakali
NOAA ESRL Chemical Sciences Laboratory and CIRES, U. of Colorado
NOAA Iodide CIMS Instrument
USOS
1, 1
2024, 07, 26, 2024, 07, 27
1
starttime_UTC, seconds_past_midnight, seconds_of_day_since_00:00:00_UTC
5
1, 1, 1, 1, 1
-9999, -9999, -9999, -9999, -9999
C4H7NO5_NOAACIMS, pptv, Gas_C4H7NO5_InSitu_S_AVMR, 
ISOPN_NOAACIMS, pptv, Gas_ISOPN_InSitu_S_AVMR, 
C5H10O3_NOAACIMS, pptv, Gas_C5H10O3_InSitu_S_AVMR, 
C5H9NO5_NOAACIMS, pptv, Gas_C5H9NO5_InSitu_S_AVMR, 
C10H17NO4_NOAACIMS, pptv, Gas_C10H17NO4_InSitu_S_AVMR, 
0
18
PI_CONTACT_INFO: 325 Broadway, R/CSD 7, Boulder, Colorado 80305; michael.a.robinson@noaa.gov; chris.jernigan@noaa.gov;
PLATFORM: NOAA CSL Mobile Lab
LOCATION: SLC, Utah
ASSOCIATED_DATA: 1Hz data also available on request.
INSTRUMENT_INFO: NOAA I- ToF CIMS
DATA_INFO: All data in parts per trillion by volume (pptv). 1 Hz data is available upon request.
UNCERTAINTY: TBD
ULOD_FLAG: -7777
ULOD_VALUE: N/A
LLOD_FLAG: -8888
LLOD_VALUE: N/A
DM_CONTACT_INFO: Nathan Howard; nathan.h.howard@noaa.gov
PROJECT_INFO: USOS, summer 2024. https://csl.noaa.gov/groups/csl7/measurements/2024usos/
STIPULATIONS_ON_USE: Users are strongly encouraged to contact the PI for proper data usage.
OTHER_COMMENTS: 
REVISION: RA
RA: Preliminary Data; For in-field use only
starttime_UTC, C4H7NO5_NOAACIMS, ISOPN_NOAACIMS, C5H10O3_NOAACIMS, C5H9NO5_NOAACIMS, C10H17NO4_NOAACIMS
     0,  4.098,  6.717, 43.210,  3.331,  0.419
    60,  3.734,  5.786, 40.346,  3.291,  0.310
   120,  3.631,  4.879, 36.939,  3.427,  0.407
   180, -9999.000, -9999.000, -9999.000, -9999.000, -9999.000
   240,  3.411,  5.229, 31.990,  3.099,  0.326
   300,  3.367,  5.353, 32.332,  3.258,  0.341
   360,  3.361,  5.216, 31.716,  3.128,  0.373
   420,  3.340,  5.332, 32.662,  2.938,  0.376
   480,  3.327,  4.704, 32.610,  3.057,  0.303
   540,  3.296,  4.456, 31.326,  3.115,  0.311
   600,  3.185,  4.683, 30.947,  3.133,  0.346
   660,  3.219,  4.493, 30.007,  2.954,  0.251
   720,  3.224,  4.145, 28.912,  3.224,  0.293
   780,  3.244,  4.277, 28.082,  2.821,  0.240
   840,  3.370,  4.481, 30.489,  3.106,  0.217
   900,  3.413,  4.397, 29.840,  3.134,  0.306
   960,  3.494,  5.207, 28.908,  3.123,  0.333
  1020,  3.696,  5.083, 30.853,  3.186,  0.312
  1080,  3.712,  5.434, 31.398,  3.134,  0.364
  1140,  3.753,  5.275, 30.895,  3.163,  0.358
  1200,  3.977,  5.362, 31.412,  3.092,  0.296
  1260,  3.940,  6.201, 32.068,  3.259,  0.160
  1320,  3.904,  5.843, 31.730,  3.292,  0.282
  1380,  3.801,  5.750, 32.871,  3.297,  0.337
  1440,  3.820,  5.448, 31.264,  3.254,  0.297
  1500,  3.784,  5.700, 33.507,  3.414,  0.307
  1560,  3.807,  6.270, 33.769,  3.477,  0.263
  1620,  3.794,  6.513, 34.228,  3.387,  0.216
  1680,  3.901,  6.294, 33.584,  3.464,  0.289
  1740,  3.930,  6.040, 35.290,  3.395,  0.287
  1800,  3.977,  6.126, 34.202,  3.309,  0.236
  1860,  4.002,  6.386, 36.311,  3.419,  0.241
  1920,  3.988,  6.347, 34.889,  3.305,  0.313
  1980,  3.997,  6.594, 36.252,  3.719,  0.380
  2040,  3.769,  6.735, 35.135,  2.923,  0.064
  2100,  3.830,  7.304, 34.269,  3.569,  0.262
  2160,  3.729,  6.910, 35.154,  3.187,  0.242
  2220,  3.701,  6.991, 34.696,  3.471,  0.328
  2280,  3.702,  7.465, 34.305,  3.284,  0.295
  2340,  3.796,  7.368, 34.729,  3.311,  0.233
  2400,  3.740,  7.273, 35.236,  3.325,  0.299
  2460,  3.657,  7.737, 35.374,  3.376,  0.302
  2520,  3.575,  7.980, 35.831,  3.380,  0.273
  2580,  3.454,  7.685, 36.927,  3.103,  0.253
  2640,  3.526,  7.623, 36.598,  3.122,  0.263
  2700,  3.505,  7.929, 37.089,  3.307,  0.272
  2760,  3.571,  8.382, 38.876,  3.271,  0.270
  2820,  3.670,  8.449, 38.465,  3.324,  0.291
  2880,  3.540,  8.547, 38.885,  3.185,  0.239
  2940,  3.589,  8.539, 39.904,  3.226,  0.302
  3000,  3.451,  8.593, 39.831,  3.209,  0.267
  3060,  3.352,  7.947, 39.365,  3.380,  0.311
  3120,  3.212,  8.378, 39.905,  3.295,  0.322
  3180,  3.563,  9.551, 41.960,  3.295,  0.342
  3240,  3.498,  9.325, 41.239,  3.295,  0.266
  3300,  3.470,  8.834, 41.239,  3.138,  0.271
  3360,  3.153,  6.688, 35.571,  3.233,  0.227
  3420,  3.070,  5.433, 32.274,  3.142,  0.228
  3480,  3.126,  5.243, 30.507,  3.318,  0.234
  3540,  3.148,  5.188, 29.380,  3.047,  0.259
  3600,  3.262,  5.560, 30.159,  3.289,  0.232
  3660,  3.165,  5.788, 30.466,  3.155,  0.221
  3720,  3.285,  7.168, 33.032,  3.173,  0.223
  3780,  3.456,  8.694, 37.057,  3.148,  0.217
  3840, -9999.000, -9999.000, -9999.000, -9999.000, -9999.000
  3900,  3.476,  8.250, 29.140,  3.801,  0.072
  3960,  3.459,  8.269, 33.298,  3.262,  0.200
  4020,  3.733, 10.622, 39.866,  3.472,  0.201
  4080,  3.864, 10.774, 42.911,  3.518,  0.190
  4140,  3.824, 10.626, 43.666,  3.320,  0.153
  4200,  3.976, 11.435, 47.197,  3.406,  0.241
  4260,  3.841, 10.247, 45.991,  3.504,  0.176
  4320,  3.277,  6.802, 39.671,  3.282,  0.188
  4380,  3.182,  6.575, 36.773,  3.248,  0.176
  4440,  3.227,  7.220, 36.879,  3.191,  0.217
  4500,  3.274,  7.454, 37.974,  3.199,  0.205
  4560,  3.575,  8.906, 38.537,  3.217,  0.182
  4620,  3.579,  9.825, 41.430,  3.378,  0.212
  4680,  3.752, 10.753, 45.389,  3.367,  0.218
  4740,  3.743, 10.827, 46.678,  3.330,  0.172
  4800,  3.471,  9.214, 44.257,  3.401,  0.109
  4860,  3.282,  8.566, 42.297,  3.190,  0.156
  4920,  3.375,  8.717, 42.206,  3.107,  0.150
  4980,  3.412,  8.771, 42.518,  3.334,  0.154
  5040,  3.406,  9.106, 44.257,  3.195,  0.154
  5100,  3.308,  9.170, 44.685,  3.180,  0.152
  5160,  3.325,  8.915, 42.860,  2.994,  0.158
  5220,  3.094,  7.767, 41.524,  3.117,  0.144
  5280,  3.082,  7.889, 40.061,  2.876,  0.147
  5340,  3.047,  7.936, 40.739,  3.083,  0.102
  5400,  3.002,  7.749, 40.247,  3.058,  0.141
  5460,  2.925,  7.094, 39.952,  2.914,  0.057
  5520,  2.880,  6.061, 35.987,  3.008,  0.055
  5580,  2.949,  7.013, 37.958,  3.023,  0.095
  5640,  3.032,  7.102, 35.527,  3.023,  0.103
  5700,  2.962,  6.595, 35.843,  2.824,  0.105
  5760,  2.980,  6.991, 33.990,  3.073,  0.117
  5820,  2.973,  7.172, 35.524,  3.021,  0.110
  5880,  3.248,  8.794, 37.360,  2.985,  0.143
  5940,  3.270,  8.724, 39.948,  3.055,  0.223
  6000,  3.291,  9.080, 40.501,  3.001,  0.121
  6060,  3.332,  8.936, 39.204,  3.057,  0.165
  6120,  3.292,  8.289, 40.348,  3.127,  0.046
  6180,  3.313,  8.283, 40.489,  3.093,  0.121
  6240,  3.317,  8.408, 40.259,  3.034,  0.075
  6300,  3.263,  8.542, 40.276,  2.962,  0.151
  6360,  3.287,  8.790, 42.115,  3.138,  0.153
  6420,  3.423, 10.925, 44.119,  3.237,  0.122
  6480,  3.781, 13.073, 45.174,  3.288,  0.183
  6540,  4.108, 12.545, 42.739,  3.346,  0.224
  6600,  4.150, 12.332, 42.329,  3.384,  0.180
  6660,  4.080, 12.556, 42.382,  3.339,  0.195
  6720,  4.037, 13.684, 46.575,  3.427,  0.205
  6780,  4.088, 14.214, 46.769,  3.568,  0.176
  6840,  4.087, 13.945, 45.824,  3.262,  0.215
  6900,  3.920, 13.543, 45.076,  3.342,  0.121
  6960,  3.876, 12.930, 44.629,  3.135,  0.208
  7020,  3.946, 13.461, 46.395,  3.204,  0.250
  7080,  3.947, 13.604, 45.580,  3.245,  0.257
  7140,  3.912, 13.499, 45.446,  3.406,  0.231
  7200,  4.176, 15.266, 47.131,  3.407,  0.233
  7260,  4.109, 14.919, 48.207,  3.515,  0.273
  7320,  4.055, 14.844, 47.306,  3.398,  0.259
  7380,  4.153, 15.028, 48.308,  3.391,  0.247
  7440,  4.058, 15.370, 47.395,  3.377,  0.280
  7500,  4.062, 14.869, 48.350,  3.471,  0.195
  7560, -9999.000, -9999.000, -9999.000, -9999.000, -9999.000
  7620,  3.921, 13.279, 42.260,  3.487,  0.320
  7680,  3.933, 14.350, 41.782,  3.467,  0.278
  7740,  4.024, 14.782, 43.551,  3.500,  0.329
  7800,  3.981, 14.581, 45.158,  3.781,  0.316
  7860,  3.993, 13.922, 44.130,  3.616,  0.370
  7920,  4.097, 13.860, 44.973,  3.522,  0.367
  7980,  3.996, 13.802, 45.411,  3.549,  0.395
  8040,  3.967, 14.158, 43.574,  3.582,  0.394
  8100,  3.974, 14.098, 43.834,  3.756,  0.396
  8160,  3.931, 13.255, 44.080,  3.806,  0.385
  8220,  3.888, 13.919, 42.896,  3.855,  0.321
  8280,  3.980, 13.692, 43.879,  3.877,  0.344
  8340,  4.039, 13.999, 42.140,  3.841,  0.311
  8400,  4.207, 15.011, 45.452,  3.755,  0.469
  8460,  4.253, 15.593, 44.649,  3.872,  0.556
  8520,  4.199, 14.753, 49.323,  4.038,  0.507
  8580,  4.107, 15.047, 46.986,  3.871,  0.577
  8640,  3.858, 17.562, 58.010,  4.070,  0.588
  8700,  3.787, 18.118, 57.175,  4.184,  0.682
  8760,  3.753, 18.530, 59.749,  4.281,  0.671
  8820,  3.653, 17.999, 59.453,  4.342,  0.653
  8880,  3.507, 18.311, 62.991,  4.317,  0.736
  8940,  3.302, 19.147, 67.187,  4.252,  0.679
  9000,  3.123, 18.687, 68.123,  3.994,  0.670
  9060,  2.883, 18.573, 71.334,  4.104,  0.671
  9120,  2.639, 19.109, 75.116,  3.910,  0.599
  9180,  2.671, 18.649, 72.135,  3.984,  0.659
  9240,  2.583, 17.911, 73.414,  3.788,  0.691
  9300,  2.412, 17.339, 73.127,  3.848,  0.612
  9360,  2.411, 17.565, 73.662,  3.882,  0.684
  9420, -9999.000, -9999.000, -9999.000, -9999.000, -9999.000
  9480,  2.199, 16.808, 65.429,  3.687,  0.590
  9540,  2.207, 16.746, 68.589,  3.796,  0.641
  9600,  2.080, 15.743, 69.792,  3.724,  0.666
  9660,  2.019, 14.441, 69.843,  3.527,  0.672
  9720,  1.978, 14.645, 66.955,  3.223,  0.588
  9780,  1.938, 13.873, 66.718,  3.325,  0.635
  9840,  1.806, 13.626, 66.433,  3.345,  0.575
  9900,  1.771, 13.508, 66.915,  3.352,  0.560
  9960,  1.827, 13.626, 66.218,  3.456,  0.652
 10020,  1.822, 14.359, 65.082,  3.440,  0.636
 10080,  1.861, 13.798, 66.804,  3.406,  0.588
 10140,  1.910, 14.660, 68.206,  3.526,  0.699
 10200,  1.843, 14.479, 68.080,  3.534,  0.663
 10260,  1.842, 14.516, 65.968,  3.679,  0.642
 10320,  1.900, 14.611, 65.669,  3.536,  0.651
 10380,  1.884, 15.104, 65.569,  3.871,  0.671
 10440,  1.881, 14.809, 65.477,  3.811,  0.618
 10500,  1.898, 15.583, 65.300,  3.791,  0.690
 10560,  1.902, 14.979, 64.656,  3.925,  0.633
 10620,  1.859, 14.812, 64.139,  4.019,  0.740
 10680,  1.877, 15.110, 62.744,  3.827,  0.775
 10740,  1.876, 14.231, 62.452,  3.940,  0.589
 10800,  1.888, 14.302, 62.189,  3.930,  0.712
 10860,  1.819, 14.423, 61.998,  3.985,  0.729
 10920,  1.859, 13.719, 61.300,  3.934,  0.758
 10980,  1.909, 13.560, 64.305,  4.188,  0.696
 11040,  1.947, 13.708, 63.461,  4.049,  0.714
 11100,  1.889, 13.321, 65.716,  4.246,  0.824
 11160,  1.902, 13.717, 64.936,  4.145,  0.700
 11220,  1.897, 13.389, 63.088,  3.864,  0.599
 11280, -9999.000, -9999.000, -9999.000, -9999.000, -9999.000
 11340,  1.827, 13.633, 57.132,  3.809,  0.535
 11400,  1.866, 13.236, 61.467,  4.086,  0.656
 11460,  1.925, 13.182, 63.046,  4.249,  0.702
 11520,  1.851, 12.812, 62.971,  4.136,  0.666
 11580,  1.887, 12.740, 62.493,  3.852,  0.729
 11640,  1.847, 12.637, 62.839,  3.931,  0.695
 11700,  1.862, 12.415, 62.213,  4.020,  0.793
 11760,  1.824, 11.931, 60.637,  4.143,  0.661
 11820,  1.839, 11.973, 61.219,  4.116,  0.689
 11880,  1.868, 12.093, 60.587,  4.116,  0.714
 11940,  1.853, 11.038, 59.863,  4.036,  0.776
 12000,  1.830, 11.276, 57.769,  4.235,  0.673
 12060,  1.843, 11.344, 59.064,  4.204,  0.702
 12120,  1.750, 10.694, 55.580,  4.184,  0.775
 12180,  1.783, 10.027, 53.223,  4.119,  0.807
 12240,  1.710, 10.413, 52.225,  3.967,  0.774
 12300,  1.684,  9.652, 51.415,  3.940,  0.831
 12360,  1.740, 10.453, 53.201,  4.174,  0.934
 12420,  1.781, 10.470, 55.071,  4.872,  1.021
 12480,  1.553,  6.529, 40.702,  3.952,  0.859
 12540,  1.479,  4.359, 33.367,  3.620,  0.699
 12600,  1.403,  3.448, 28.155,  3.227,  0.624
 12660,  1.249,  2.296, 23.709,  2.877,  0.537
 12720,  1.246,  1.738, 20.991,  2.614,  0.390
 12780,  1.188,  1.334, 19.466,  2.479,  0.339
 12840,  1.194,  1.318, 19.073,  2.336,  0.400
 12900,  1.165,  1.148, 18.441,  2.198,  0.330
 12960,  1.176,  1.096, 18.786,  2.197,  0.424
 13020,  1.118,  1.056, 18.701,  2.119,  0.386
 13080,  1.102,  1.036, 17.888,  2.249,  0.386
 13140, -9999.000, -9999.000, -9999.000, -9999.000, -9999.000
 13200,  1.096,  1.092, 16.563,  2.017,  0.507
 13260,  1.087,  0.877, 16.286,  2.024,  0.480
 13320,  1.030,  0.718, 15.244,  1.868,  0.580
 13380,  1.058,  1.010, 15.070,  2.079,  0.532
 13440,  1.045,  1.115, 15.210,  2.000,  0.660
 13500,  1.027,  0.843, 14.840,  1.846,  0.644
 13560,  0.937,  0.730, 13.114,  1.800,  0.600
 13620,  0.956,  0.907, 12.621,  1.829,  0.626
 13680,  0.968,  0.846, 13.172,  1.677,  0.570
 13740,  0.958,  0.714, 13.338,  1.930,  0.517
 13800,  0.984,  0.760, 12.796,  1.912,  0.445
 13860,  0.981,  0.741, 12.455,  1.938,  0.466
 13920,  1.000,  0.788, 12.794,  1.889,  0.434
 13980,  1.036,  0.792, 13.904,  1.978,  0.435
 14040,  1.026,  0.719, 13.860,  2.043,  0.384
 14100,  1.022,  0.780, 12.928,  1.817,  0.367
 14160,  1.039,  0.807, 14.160,  1.828,  0.389
 14220,  1.004,  0.725, 14.640,  1.914,  0.304
 14280,  1.063,  0.914, 15.196,  1.981,  0.374
 14340,  1.036,  0.734, 14.273,  1.956,  0.342
 14400,  0.979,  0.908, 13.993,  1.979,  0.356
 14460,  1.003,  0.627, 13.395,  1.879,  0.355
 14520,  0.916,  0.728, 12.076,  1.699,  0.389
 14580,  0.912,  0.637, 12.492,  1.708,  0.410
 14640,  0.899,  0.632, 11.371,  1.784,  0.334
 14700,  0.819,  0.582, 11.109,  1.643,  0.340
 14760,  0.842,  0.682, 10.097,  1.597,  0.348
 14820,  0.804,  0.675, 10.155,  1.642,  0.271
 14880,  0.813,  0.485, 10.802,  1.576,  0.278
 14940,  0.834,  0.525, 11.468,  1.392,  0.244
 15000, -9999.000, -9999.000, -9999.000, -9999.000, -9999.000
 15060,  0.741,  0.568,  9.727,  1.494,  0.144
 15120,  0.756,  0.603,  9.271,  1.323,  0.160
 15180,  0.725,  0.539,  9.599,  1.372,  0.169
 15240,  0.719,  0.733,  9.293,  1.469,  0.198
 15300,  0.742,  0.527,  9.421,  1.309,  0.182
 15360,  0.675,  0.504,  8.847,  1.271,  0.169
 15420,  0.734,  0.495,  9.519,  1.375,  0.157
 15480,  0.743,  0.489,  9.422,  1.241,  0.137
 15540,  0.756,  0.707,  8.963,  1.385,  0.155
 15600,  0.766,  0.546,  9.080,  1.231,  0.073
 15660,  0.771,  0.626,  9.672,  1.220,  0.113
 15720,  0.775,  0.608, 10.095,  1.301,  0.151
 15780,  0.790,  0.612, 10.946,  1.351,  0.249
 15840,  0.782,  0.562, 10.497,  1.340,  0.226
 15900,  0.780,  0.582, 10.511,  1.465,  0.207
 15960,  0.824,  0.571, 10.425,  1.322,  0.247
 16020,  0.811,  0.574, 10.487,  1.456,  0.319
 16080,  0.834,  0.572, 11.033,  1.452,  0.282
 16140,  0.856,  0.535, 11.216,  1.438,  0.229
 16200,  0.817,  0.809, 11.174,  1.384,  0.279
 16260,  0.838,  0.637, 10.194,  1.367,  0.259
 16320,  0.838,  0.491, 10.356,  1.374,  0.243
 16380,  0.825,  0.590, 11.482,  1.319,  0.295
 16440,  0.860,  0.533, 11.270,  1.378,  0.290
 16500,  0.859,  0.874, 11.692,  1.391,  0.342
 16560,  0.911,  0.838, 11.770,  1.507,  0.279
 16620,  0.909,  0.810, 11.641,  1.297,  0.318
 16680,  0.906,  0.679, 12.127,  1.383,  0.301
 16740,  0.918,  0.758, 12.567,  1.339,  0.347
 16800,  0.903,  0.475, 12.071,  1.386,  0.253
 16860,  1.003,  1.083, 11.830,  1.124,  0.114
 16920,  0.913,  0.783, 10.971,  1.355,  0.307
 16980,  0.903,  0.719,  9.790,  1.403,  0.278
 17040,  0.940,  0.764, 12.110,  1.339,  0.241
 17100,  0.953,  0.705, 11.698,  1.407,  0.249
 17160,  0.933,  0.694, 11.339,  1.394,  0.254
 17220,  0.948,  0.759, 10.810,  1.328,  0.217
 17280,  0.954,  0.718, 10.945,  1.556,  0.261
 17340,  0.979,  0.704, 11.144,  1.375,  0.292
 17400,  0.935,  0.571, 11.269,  1.304,  0.314
 17460,  0.967,  0.778, 11.403,  1.494,  0.290
 17520,  0.953,  0.636, 10.876,  1.389,  0.314
 17580,  0.952,  0.603, 11.031,  1.503,  0.337
 17640,  0.964,  0.602, 11.924,  1.344,  0.297
 17700,  0.961,  0.781, 11.639,  1.405,  0.274
 17760,  0.939,  0.644, 11.146,  1.459,  0.351
 17820,  0.984,  0.588, 11.482,  1.508,  0.321
 17880,  0.934,  0.916, 12.131,  1.438,  0.286
 17940,  0.933,  0.750, 11.975,  1.365,  0.243
 18000,  0.911,  0.587, 11.064,  1.486,  0.320
 18060,  0.930,  0.712, 10.675,  1.429,  0.289
 18120,  0.904,  0.522, 11.911,  1.387,  0.269
 18180,  0.946,  0.648, 11.027,  1.423,  0.239
 18240,  0.918,  0.575, 11.531,  1.451,  0.271
 18300,  0.959,  0.711, 12.502,  1.389,  0.337
 18360,  0.983,  0.622, 11.722,  1.390,  0.272
 18420,  0.949,  0.669, 12.301,  1.445,  0.357
 18480,  0.933,  0.818, 11.738,  1.444,  0.342
 18540,  0.976,  0.682, 11.976,  1.504,  0.393
 18600,  0.923,  0.839, 11.832,  1.500,  0.396
 18660,  0.974,  1.260, 12.821,  1.342,  0.262
 18720, -9999.000, -9999.000, -9999.000, -9999.000, -9999.000
 18780,  1.121,  0.647, 13.491,  1.804,  0.239
 18840,  1.211,  0.919, 16.548,  1.962,  0.287
 18900,  1.338,  1.118, 21.675,  2.355,  0.333
 18960,  1.564,  1.350, 28.289,  2.698,  0.368
 19020,  1.524,  1.537, 29.623,  2.564,  0.408
 19080,  1.528,  1.411, 29.421,  2.692,  0.420
 19140,  1.492,  1.683, 27.762,  2.551,  0.443
 19200,  1.525,  1.471, 28.775,  2.556,  0.454
 19260,  1.454,  1.612, 27.438,  2.839,  0.497
 19320,  1.364,  1.275, 23.526,  2.482,  0.378
 19380,  1.293,  1.315, 21.710,  2.540,  0.384
 19440,  1.351,  1.435, 20.938,  2.462,  0.412
 19500,  1.334,  1.254, 19.220,  2.394,  0.373
 19560,  1.372,  1.304, 19.782,  2.508,  0.371
 19620,  1.418,  1.251, 19.100,  2.646,  0.360
 19680,  1.496,  1.467, 19.257,  2.926,  0.397
 19740,  1.545,  1.246, 19.027,  2.955,  0.412
 19800,  1.517,  1.270, 17.121,  2.764,  0.313
 19860,  1.602,  1.275, 17.124,  2.731,  0.385
 19920,  1.664,  1.457, 17.489,  3.143,  0.373
 19980,  1.740,  1.463, 18.932,  3.226,  0.358
 20040,  1.654,  1.364, 18.554,  3.250,  0.383
 20100,  1.757,  1.479, 18.681,  3.387,  0.470
 20160,  1.713,  1.460, 19.241,  3.117,  0.437
