CampaignData_and_Merges/R0/CSL_MobileLab_Parked/raw/20240726/USOS-POPS_MobileLabGround_20240726_R0.ict
78, 1001
Thornberry, T. D.
NOAA Chemical Sciences Laboratory
Portable Optical Particle Spectrometer (POPS)
USOS
1, 1
2024, 07, 26, 2025, 05, 08
60
Time_Start, seconds_past_midnight, Start time of measurement
45
1, 1, 1, 1, 1, 1, 1, 1, 1, 1, 1, 1, 1, 1, 1, 1, 1, 1, 1, 1, 1, 1, 1, 1, 1, 1, 1, 1, 1, 1, 1, 1, 1, 1, 1, 1, 1, 1, 1, 1, 1, 1, 1, 1, 1
-9999, -9999, -9999, -9999, -9999, -9999, -9999, -9999, -9999, -9999, -9999, -9999, -9999, -9999, -9999, -9999, -9999, -9999, -9999, -9999, -9999, -9999, -9999, -9999, -9999, -9999, -9999, -9999, -9999, -9999, -9999, -9999, -9999, -9999, -9999, -9999, -9999, -9999, -9999, -9999, -9999, -9999, -9999, -9999, -9999
Time_Stop, seconds_past_midnight, Stop time of measurement
Time_Mid, seconds_past_midnight, Mid time of measurement
Press_mb, mb, Pressure reported (mb)
Temp_C, degrees C, POPS temperature measurement
Aerosol_concentration, cm^-3, Aerosol concentration
Surface_Area_Conc, um^2 cm^-3, Surface area concentration
Volume_density, um^3 cm^-3, Volume density
Effective_radius, um, Effective radius
Extinction, km^-1, Extinction
Bin01, cm^-3, particle concentration in size range [1401 - 146.3 nm]
Bin02, cm^-3, particle concentration in size range [146.3 - 152.8 nm]
Bin03, cm^-3, particle concentration in size range [152.8 - 159.6 nm]
Bin04, cm^-3, particle concentration in size range [159.6 - 166.8 nm]
Bin05, cm^-3, particle concentration in size range [166.8 - 174.2 nm]
Bin06, cm^-3, particle concentration in size range [174.2 - 181.9 nm]
Bin07, cm^-3, particle concentration in size range [181.9 - 190.0 nm]
Bin08, cm^-3, particle concentration in size range [190.0 - 198.5 nm]
Bin09, cm^-3, particle concentration in size range [198.5 - 207.4 nm]
Bin10, cm^-3, particle concentration in size range [207.4 - 216.6 nm]
Bin11, cm^-3, particle concentration in size range [216.6 - 226.2 nm]
Bin12, cm^-3, particle concentration in size range [226.2 - 236.3 nm]
Bin13, cm^-3, particle concentration in size range [236.3 - 246.8 nm]
Bin14, cm^-3, particle concentration in size range [246.8 - 257.8 nm]
Bin15, cm^-3, particle concentration in size range [257.8 - 269.3 nm]
Bin16, cm^-3, particle concentration in size range [269.3 - 343.4 nm]
Bin17, cm^-3, particle concentration in size range [343.4 - 450.7 nm]
Bin18, cm^-3, particle concentration in size range [450.7 - 525.9 nm]
Bin19, cm^-3, particle concentration in size range [525.9 - 618.5 nm]
Bin20, cm^-3, particle concentration in size range [618.5 - 710.0 nm]
Bin21, cm^-3, particle concentration in size range [710.0 - 822.7 nm]
Bin22, cm^-3, particle concentration in size range [822.7 - 885.9 nm]
Bin23, cm^-3, particle concentration in size range [885.9 - 953.9 nm]
Bin24, cm^-3, particle concentration in size range [953.9 - 1027.2 nm]
Bin25, cm^-3, particle concentration in size range [1027.2 - 1106.1 nm]
Bin26, cm^-3, particle concentration in size range [1106.1 - 1191.0 nm]
Bin27, cm^-3, particle concentration in size range [1191.0 - 1282.5 nm]
Bin28, cm^-3, particle concentration in size range [1282.5 - 1381.0 nm]
Bin29, cm^-3, particle concentration in size range [1381.0 - 1487.1 nm]
Bin30, cm^-3, particle concentration in size range [1487.1 - 1601.3 nm]
Bin31, cm^-3, particle concentration in size range [1601.3 - 1724.3 nm]
[...]
PLATFORM: NOAA CSL Mobile Lab
LOCATION: USOS
ASSOCIATED_DATA: N/A
INSTRUMENT_INFO: Printed Optical Particle Spectrometer counts particles from 140 - 2500 nm in diameter 
DATA_INFO: Particle concentrations reported in number per cubic centimeter,1 Hz data
UNCERTAINTY: Counting uncertainty dominated by air flow, less than 5 percent. Measurement range is ~0 - 3000 per cm3 (varies depending on flow rate- manufacturer quotes 1250 per cm3 at 1.667 cc/s)
ULOD_FLAG: -7777
ULOD_VALUE: N/A
LLOD_FLAG: -8888
LLOD_VALUE: N/A
DM_CONTACT_INFO: Troy Thornberry, 325 Broadway R/CSL6, Boulder, CO 80305; troy.thornberry@noaa.gov; 303-497-3373
PROJECT_INFO: USOS, Utah POPS data from NOAA CSL Mobile Lab
STIPULATIONS_ON_USE: Please contact the PIs for questions regarding applications and uncertainties
OTHER_COMMENTS: POPS bin Edges (nm):  140.1, 146.3, 152.8, 159.6, 166.8, 174.2, 181.9, 190.0, 198.5, 207.4, 216.6, 226.2, 236.3, 246.8, 257.8, 269.3, 343.4, 450.7, 525.9, 618.5, 710.0, 822.7, 885.9, 953.9, 1027.2, 1106.1, 1191.0, 1282.5, 1381.0, 1487.1, 1601.3, 1724.3, 1856.7, 1999.3, 2152.8, 2318.2, 2496.2
Calculations assume organic aerosol refractive index of 1.52+0.00j and extinction wavelength = 532 nm
REVISION: R0
R0: Final data
Time_Start, Time_Stop, Time_Mid, Press_mb, Temp_C, Aerosol_concentration, Surface_Area_Conc, Volume_density, Effective_radius, Extinction, Bin01, Bin02, Bin03, Bin04, Bin05, Bin06, Bin07, Bin08, Bin09, Bin10, Bin11, Bin12, Bin13, Bin14, Bin15, Bin16, Bin17, Bin18, Bin19, Bin20, Bin21, Bin22, Bin23, Bin24, Bin25, Bin26, Bin27, Bin28, Bin29, Bin30, Bin31, Bin32, Bin33, Bin34, Bin35, Bin36
[from data line 841]
50460,50519,50490,874.144,31.255,206.243,31.395,1.766,0.165,0.009,23.482883,20.232723,17.363256,15.975016,14.625372,12.773207,11.314958,10.469655,9.064106,8.298485,7.877045,8.139729,7.479779,7.085528,6.125801,18.189110,5.516756,1.311258,0.394398,0.123089,0.106548,0.027379,0.039089,0.022194,0.016914,0.037853,0.016881,0.017143,0.021764,0.011205,0.033437,0.005376,0.022015,0.005574,0.011261,0.005787
50520,50579,50550,874.157,30.837,200.591,31.965,2.170,0.194,0.009,20.024858,19.093054,17.130804,15.281152,14.016246,12.322662,11.248313,10.275655,9.447674,8.840741,7.902169,7.594159,7.404706,7.416536,6.381528,18.620907,5.422773,1.188418,0.464043,0.072913,0.071756,0.044888,0.016809,0.016790,0.033955,0.005291,0.027917,0.011261,0.022754,0.027625,0.051012,0.033662,0.016612,0.022742,0.028054,0.011038
50580,50639,50610,874.175,30.722,207.386,33.136,2.233,0.195,0.010,22.025766,19.590118,17.120466,16.269550,14.366333,13.333207,11.439880,10.437264,9.468356,8.344033,8.399233,8.232751,7.917576,7.556008,6.332096,18.359514,5.641348,1.363194,0.527478,0.061311,0.101374,0.095665,0.039229,0.044835,0.039072,0.022587,0.050381,0.011089,0.033504,0.016913,0.045345,0.033945,0.016256,0.016876,0.010799,0.022640
50640,50699,50670,874.192,30.719,200.046,32.123,2.194,0.199,0.009,20.629484,18.582001,16.038626,15.490902,14.475821,12.800961,11.120897,10.663543,9.768246,8.427331,7.785979,7.112655,7.669084,7.243646,5.745897,18.538000,5.661605,1.229728,0.468437,0.109556,0.072487,0.027820,0.022624,0.033319,0.022245,0.011495,0.033676,0.027845,0.043753,0.050033,0.038888,0.033536,0.016936,0.015968,0.016031,0.016893
50700,50759,50730,874.203,30.889,204.235,32.772,2.246,0.199,0.010,21.431627,19.550587,17.555428,15.576801,14.442014,12.816355,11.380067,10.664500,9.458941,8.693382,7.703757,7.762983,7.432846,7.020752,5.808157,18.725363,5.672224,1.432912,0.445862,0.105603,0.110526,0.061966,0.038574,0.027703,0.028131,0.027659,0.027552,0.027435,0.016238,0.027974,0.050275,0.027669,0.027351,0.011139,0.022343,0.022011
50760,50819,50790,874.221,31.079,208.878,34.277,2.586,0.216,0.010,22.703207,20.345802,17.784519,15.818405,14.762486,12.969015,11.628433,10.153028,9.552287,8.546630,8.238518,7.972230,7.949230,7.098865,5.927756,18.797649,5.924251,1.296199,0.606348,0.139204,0.105269,0.055290,0.055238,0.038718,0.039091,0.044207,0.016496,0.044744,0.038301,0.027788,0.065887,0.049712,0.010865,0.005631,0.033429,0.033453
50820,50879,50850,874.245,31.031,219.078,35.533,2.546,0.209,0.011,24.729359,21.474457,18.958742,17.245066,15.487858,13.498295,11.700680,11.091438,9.490013,9.002110,8.383833,8.235605,7.581586,7.615500,6.075277,19.294477,6.098499,1.609326,0.659074,0.162271,0.124318,0.084370,0.033725,0.044619,0.039353,0.040595,0.050084,0.017057,0.028713,0.040385,0.045792,0.039100,0.034140,0.022947,0.016647,0.022684
50880,50939,50910,874.256,31.202,217.124,35.182,2.512,0.205,0.011,24.836470,21.503401,19.000679,17.007681,14.980257,13.470197,11.491552,10.577850,9.224766,8.888739,7.962748,8.166333,7.849508,7.236009,6.190667,19.398239,6.513165,1.408970,0.595477,0.194282,0.115703,0.050031,0.049886,0.039070,0.027098,0.027735,0.055320,0.016439,0.016898,0.039186,0.071935,0.033857,0.022756,0.010967,0.011056,0.038691
50940,50999,50970,874.295,31.480,240.221,38.315,3.014,0.222,0.012,34.485031,27.880232,22.140987,18.996359,16.223133,13.716509,12.124361,10.731746,9.660353,8.396558,8.130417,7.973549,7.822490,7.677702,5.854783,19.315321,5.882055,1.400028,0.691270,0.192856,0.132262,0.088464,0.071732,0.093948,0.054986,0.050283,0.044202,0.038530,0.038534,0.071902,0.066577,0.043501,0.042960,0.021463,0.022524,0.043373
51000,51059,51030,874.320,31.702,219.356,35.244,2.498,0.204,0.010,24.296923,21.205128,18.733873,17.285690,14.891543,14.028286,12.429036,10.869193,9.800122,9.267833,8.584632,8.023903,8.285017,7.447890,6.347714,19.448259,5.656545,1.406338,0.584263,0.149452,0.094150,0.073806,0.055589,0.039336,0.022237,0.045194,0.049425,0.010901,0.028429,0.005631,0.044728,0.016820,0.022529,0.044772,0.027368,0.033569
51060,51119,51090,874.356,31.556,239.193,36.428,2.312,0.186,0.010,28.043280,23.408558,20.941679,19.491163,17.543161,15.118312,13.415503,12.193508,10.908008,9.768754,8.917480,9.014948,8.226225,7.490208,6.113891,19.920536,6.039571,1.466437,0.532240,0.103731,0.113753,0.040376,0.044880,0.034025,0.028310,0.022968,0.017015,0.022780,0.045097,0.016462,0.052604,0.034438,0.017369,0.022891,0.011774,0.011358
51120,51179,51150,874.376,31.566,228.408,36.417,2.545,0.203,0.010,25.053524,23.463608,19.825035,17.587887,16.068008,14.842118,12.303958,11.624207,10.320726,9.043812,8.417295,8.609402,7.832256,7.732785,6.180049,20.723934,6.203803,1.297693,0.472971,0.104320,0.111850,0.061401,0.077095,0.038530,0.066825,0.038694,0.016296,0.033823,0.038441,0.038846,0.044738,0.032973,0.033846,0.033677,0.011302,0.022171
51180,51239,51210,874.394,31.825,213.555,34.093,2.288,0.195,0.010,22.568134,20.795296,17.994421,16.211952,15.401777,13.547369,12.305779,10.978465,9.822549,8.689295,8.228563,7.938384,7.794756,7.320159,6.224543,19.129389,6.054767,1.359840,0.512472,0.143798,0.095963,0.027649,0.033890,0.038342,0.039015,0.033106,0.021873,0.038872,0.033310,0.017048,0.050216,0.016116,0.016557,0.027765,0.016459,0.027216
51240,51299,51270,874.406,31.862,209.943,34.141,2.382,0.203,0.010,21.910873,19.995502,17.158552,16.568110,14.204745,13.502865,11.317014,10.915218,9.483496,8.744843,8.382504,8.090363,7.571084,7.529430,6.168853,19.818796,5.974899,1.345960,0.595342,0.106987,0.072937,0.056480,0.044616,0.055277,0.033502,0.044838,0.028164,0.010823,0.038724,0.022662,0.027886,0.016555,0.021881,0.011328,0.027881,0.044068
51300,51359,51330,874.418,31.840,210.219,33.488,2.240,0.195,0.010,22.034592,19.702312,17.463011,16.399008,14.998375,13.147133,12.208969,10.635446,9.621576,8.938581,8.172396,7.847126,7.546431,7.563068,6.018107,19.533010,5.958344,1.194727,0.612247,0.106004,0.067596,0.061871,0.038934,0.028035,0.039085,0.049928,0.038135,0.016507,0.016371,0.044543,0.011151,0.039409,0.011348,0.022200,0.011301,0.022419
51360,51419,51390,874.440,31.912,213.751,34.705,2.440,0.203,0.010,23.542101,20.450529,18.310944,16.433411,14.558198,13.020889,11.963664,10.876090,9.311540,8.655782,8.048671,8.001827,8.115941,7.467545,6.476455,19.685242,6.082019,1.377329,0.715144,0.078043,0.082644,0.050019,0.050239,0.033326,0.050248,0.033873,0.027590,0.022086,0.028073,0.033867,0.049696,0.022734,0.022600,0.016863,0.011283,0.044710
51420,51479,51450,874.445,31.975,226.436,35.654,2.333,0.191,0.010,27.449131,23.176414,19.456108,18.020658,16.109604,13.554832,12.038104,10.935044,9.751407,8.674360,8.239436,8.600689,7.955348,7.367560,6.351645,20.092672,5.628004,1.634910,0.645054,0.121877,0.094546,0.093751,0.044388,0.038913,0.044854,0.050191,0.038656,0.033718,0.022044,0.027772,0.033256,0.005688,0.050135,0.016046,0.016799,0.022581
51480,51539,51510,874.445,31.986,209.442,33.810,2.311,0.200,0.010,22.341852,20.017939,17.568762,16.233616,14.229259,13.127746,11.840330,10.907887,9.283442,8.831818,8.071269,7.872948,7.680926,7.381387,6.082665,19.477507,5.908249,1.273899,0.628679,0.111063,0.105225,0.049661,0.038588,0.054632,0.005342,0.050379,0.028111,0.022120,0.022014,0.038854,0.039222,0.022480,0.022044,0.033297,0.021719,0.016856
51540,51599,51570,874.473,32.061,208.630,33.950,2.394,0.202,0.010,21.727699,19.083302,17.319645,15.959474,14.706035,13.022160,11.788042,11.092681,9.155364,9.073843,8.147884,7.908357,7.900480,7.659389,5.794763,20.103689,5.747022,1.262354,0.510181,0.095588,0.089560,0.027996,0.072019,0.038157,0.021850,0.027489,0.044510,0.027165,0.016950,0.044428,0.039555,0.022042,0.033739,0.010753,0.011130,0.045044
51600,51659,51630,874.481,32.108,208.314,32.802,1.958,0.174,0.009,21.783451,18.941961,16.895382,15.780197,14.408015,13.159293,11.662130,10.903855,9.195087,8.993114,8.599534,8.150216,7.851230,7.753338,6.129080,19.482346,6.180048,1.347500,0.608633,0.108655,0.069552,0.045625,0.051650,0.011525,0.017460,0.023175,0.017043,0.017594,0.011850,0.005925,0.046075,0.011238,0.011596,0.005580,0.011375,0.023342
51660,51719,51690,874.503,32.210,207.479,33.461,2.265,0.197,0.010,22.240828,19.160982,17.199303,16.088497,14.259015,12.586371,11.699413,10.609592,9.880026,8.350030,8.402932,7.745878,7.800458,7.341183,6.563659,19.208120,5.604185,1.432657,0.676027,0.099074,0.071098,0.055779,0.021377,0.044327,0.050513,0.044142,0.026963,0.032918,0.011168,0.016597,0.049372,0.028066,0.027972,0.005612,0.022413,0.022580
51720,51779,51750,874.505,32.315,206.445,32.647,2.009,0.179,0.009,21.549795,19.256742,16.964695,15.496162,14.369987,12.885717,11.204433,10.366657,9.741072,9.110087,8.024537,8.473499,7.791268,7.322155,6.064032,19.669819,5.791798,1.169270,0.585554,0.112966,0.112913,0.055459,0.039291,0.056368,0.022680,0.039198,0.022719,0.022224,0.010976,0.011629,0.033691,0.016800,0.005347,0.005398,0.017166,0.023318
51780,51839,51810,874.513,32.417,203.972,32.807,2.098,0.186,0.010,20.884651,18.737906,16.504950,15.431630,14.395708,12.986539,11.775197,10.171831,9.095327,8.562763,7.811536,7.737076,7.918662,7.185574,6.239685,19.927685,6.045440,1.250975,0.679135,0.117943,0.084629,0.059674,0.056613,0.034343,0.039632,0.034557,0.038728,0.022834,0.000000,0.028030,0.027907,0.033981,0.017239,0.005152,0.017394,0.010956
51840,51899,51870,874.504,32.514,203.514,33.072,2.263,0.198,0.010,20.739525,18.592344,16.128885,15.760997,14.375307,12.577977,11.634398,10.011225,9.370654,8.616063,8.118197,7.809026,7.997776,7.470975,6.273013,19.638803,5.787169,1.373995,0.628270,0.094773,0.115702,0.055295,0.038265,0.049681,0.010845,0.011174,0.016820,0.005767,0.010770,0.044753,0.033387,0.039033,0.027759,0.016938,0.027377,0.011416
51900,51959,51930,874.502,32.568,208.500,33.585,2.154,0.186,0.010,21.995527,19.319452,17.000278,16.252853,14.086586,12.550538,11.930267,11.100807,9.169580,8.798203,8.244210,8.384033,7.662630,7.446876,6.344759,19.434099,5.867216,1.457390,0.733280,0.151821,0.101912,0.061515,0.050958,0.061780,0.034121,0.027899,0.023083,0.028357,0.039545,0.039017,0.028452,0.028144,0.016555,0.005824,0.000000,0.022363
51960,52019,51990,874.502,32.718,215.256,35.352,2.635,0.215,0.011,24.154257,21.569418,18.424417,16.694899,14.664877,13.902781,11.237200,10.749513,9.810116,8.848048,7.848415,8.119367,7.647392,7.102360,6.261726,19.471869,5.952281,1.267061,0.655235,0.124032,0.174678,0.050130,0.068224,0.051095,0.022403,0.034260,0.072864,0.027944,0.022791,0.028151,0.039497,0.016933,0.034605,0.028719,0.045306,0.033273
52020,52079,52050,874.491,32.916,205.533,33.927,2.454,0.209,0.010,21.365919,18.932884,16.961227,15.582240,14.627341,12.403127,11.695747,10.299094,9.416106,8.953080,7.827126,7.905124,7.914852,7.616755,6.205738,19.389482,5.645437,1.404075,0.550085,0.177160,0.099819,0.055001,0.061049,0.050859,0.056161,0.044423,0.033161,0.027622,0.044185,0.027864,0.038941,0.039043,0.016419,0.016753,0.016839,0.032708
52080,52139,52110,874.479,32.903,204.043,33.888,2.521,0.213,0.010,21.411037,18.235498,16.646908,15.496233,14.210248,12.868187,11.421001,10.386817,9.614182,8.848860,8.326232,7.640756,7.752451,7.268323,6.356295,19.311081,5.733896,1.213747,0.599641,0.061456,0.083509,0.077386,0.066131,0.033492,0.034366,0.039166,0.033587,0.011263,0.022525,0.055386,0.050112,0.016240,0.022255,0.005537,0.038912,0.050027
52140,52199,52170,874.443,32.963,212.309,34.591,2.454,0.206,0.010,22.431889,20.425203,17.979183,16.665817,14.993279,13.290330,11.491822,11.009935,9.598606,8.679514,7.919707,8.008702,8.047813,7.571342,6.113808,19.815372,5.516273,1.311170,0.648714,0.127723,0.111631,0.055365,0.083421,0.027970,0.050943,0.033035,0.011224,0.022874,0.027817,0.044078,0.095557,0.021801,0.000000,0.021894,0.028122,0.027097
52200,52259,52230,874.403,33.076,213.925,33.518,2.279,0.195,0.009,23.196957,20.685461,18.209892,16.874855,15.022817,13.988864,11.878376,11.017150,9.596804,9.179406,7.942648,7.963391,7.721443,7.387614,6.510363,18.778257,5.603372,1.250080,0.574178,0.107159,0.084340,0.021996,0.038302,0.028083,0.000000,0.011589,0.027773,0.022399,0.016919,0.044719,0.022356,0.034017,0.016831,0.011477,0.017012,0.038331
52260,52319,52290,874.390,33.204,203.954,32.720,2.161,0.191,0.009,21.146255,18.980869,17.129608,15.520835,13.961564,13.153296,11.722737,10.294599,9.252892,8.955875,8.335386,7.450939,7.910264,7.320938,5.922549,18.597397,5.854106,1.185909,0.605176,0.121437,0.104780,0.044206,0.061047,0.039272,0.027577,0.027658,0.011300,0.033030,0.027014,0.016559,0.038814,0.016353,0.027972,0.011133,0.022339,0.022382
52320,52379,52350,874.370,33.334,202.388,33.579,2.498,0.215,0.010,20.883474,18.537342,16.289562,15.625073,13.691117,12.927865,11.271622,10.729241,9.115532,8.627192,8.333775,7.713385,7.773812,7.255379,6.116643,18.957386,5.933072,1.318161,0.589873,0.081919,0.099285,0.050390,0.016875,0.043635,0.028658,0.061361,0.027572,0.038220,0.049635,0.039216,0.022267,0.039801,0.027775,0.016732,0.011025,0.044062
52380,52439,52410,874.325,33.379,205.197,33.735,2.318,0.201,0.010,20.762369,18.993004,16.498381,15.684363,14.568414,12.792194,11.497335,10.515192,9.582108,8.258814,8.018283,8.160147,7.691991,7.566749,6.250343,19.936661,5.881835,1.253980,0.533716,0.111589,0.128389,0.066867,0.038717,0.039292,0.022122,0.039266,0.033789,0.039213,0.027592,0.038376,0.061030,0.016862,0.038654,0.021734,0.000000,0.027596
52440,52499,52470,874.312,33.495,207.197,34.001,2.365,0.201,0.010,21.259224,19.020805,17.012438,16.000628,14.368443,13.051809,11.832823,10.344388,9.228521,8.779758,8.310143,8.078742,7.724690,7.329282,6.338150,19.562277,6.326327,1.307611,0.650664,0.105470,0.083157,0.065076,0.039364,0.037976,0.042808,0.033567,0.005258,0.038557,0.017281,0.034021,0.062102,0.022335,0.011242,0.022282,0.016893,0.033451
52500,52559,52530,874.307,33.537,213.181,35.241,2.578,0.211,0.010,22.362633,20.165857,17.515869,16.139725,14.646315,13.546329,12.308931,10.709285,9.578835,8.731351,8.814394,8.276683,8.340513,7.123659,6.312186,19.767128,6.055981,1.439461,0.589190,0.089348,0.088882,0.071727,0.027737,0.045013,0.061166,0.022339,0.039143,0.038459,0.055171,0.033744,0.061396,0.021947,0.016706,0.005447,0.044787,0.033923
52560,52619,52590,874.315,33.606,212.087,34.794,2.492,0.207,0.010,21.766069,18.934793,17.671360,16.399614,14.606610,13.412374,12.110262,11.006898,10.099939,8.999955,8.351400,8.303397,7.955134,7.702342,6.320539,20.124409,5.797557,1.269585,0.526795,0.101924,0.090614,0.039384,0.062448,0.050951,0.044790,0.039450,0.023159,0.033384,0.017218,0.055815,0.033957,0.016959,0.039318,0.011472,0.028405,0.038993
52620,52679,52650,874.326,33.518,208.850,34.146,2.475,0.209,0.010,21.272369,19.170034,17.549656,15.652119,15.037650,13.105969,11.521532,10.755136,9.920926,8.952863,7.927460,8.034648,8.291334,7.380607,6.053602,19.386486,6.235929,1.283926,0.626981,0.127677,0.078273,0.066950,0.072501,0.033440,0.033529,0.005688,0.016521,0.033279,0.022117,0.017304,0.033482,0.050725,0.033087,0.016531,0.022298,0.027800
52680,52739,52710,874.339,33.489,210.091,35.015,2.627,0.218,0.010,21.252731,19.243002,17.489775,15.599252,14.478013,13.546842,12.104040,10.449603,9.338895,9.102345,8.450306,8.766943,8.081838,7.482546,6.320920,19.899189,5.690855,1.458718,0.586534,0.098255,0.110381,0.055000,0.043968,0.016360,0.033862,0.021976,0.044169,0.061332,0.016783,0.048593,0.044404,0.027074,0.043863,0.010960,0.033107,0.038657
52740,52799,52770,874.344,33.327,205.983,34.714,2.669,0.221,0.011,21.066345,18.786364,17.055639,16.272665,14.355353,12.964982,11.669217,10.673325,9.430038,9.010648,8.200546,7.898671,7.721828,7.090625,5.928814,19.319948,5.587109,1.373536,0.680018,0.153540,0.115879,0.093615,0.055037,0.066250,0.032824,0.021651,0.049405,0.038017,0.033323,0.038271,0.044279,0.016817,0.027661,0.022241,0.044556,0.044038
