CampaignData_and_Merges/R0/CSL_MobileLab_Parked/raw/20240726/USOS-Picarro-CO2-CH4-CO-H2O_MobileLabGround_20240726_R0.ict
38, 1001
Ilana Pollack, Nell Schafer, and Jeff Peischl
NOAA Chemical Sciences Laboratory
Picarro 2401-m CO2/CH4/CO/H2O Analyzer
USOS
1, 1
2024, 07, 26, 2024, 11, 20
0
StartTime_UTC, seconds_past_midnight, seconds past midnight
5
1, 1, 1, 1, 1
-9999, -9999, -9999, -9999, -9999
StopTime_UTC, seconds_past_midnight, seconds past midnight
CO2_ppm_1min, ppm, Gas_CO2_InSitu_S_DMF, carbon dioxide mixing ratio
CH4_ppb_1min, ppb, Gas_CH4_InSitu_S_DMF, methane mixing ratio
CO_ppb_1min, ppb, Gas_CO_InSitu_S_DMF, carbon monoxide mixing ratio
H2O_ppmv_1min, ppmv, Met_H2OMRV_InSitu_S_AVMR, water vapor mixing ratio
1
SPECIAL COMMENTS: N/A
18
PI_CONTACT_INFO: Address: NOAA Chemical Sciences Laboratory, Mail Stop CSL7, 325 Broadway, Boulder, CO 80305; Email: Ilana.Pollack@noaa.gov
PLATFORM: NOAA CSL Mobile Laboratory
LOCATION: The mobile lab was stationed in Salt Lake City, Utah.
ASSOCIATED_DATA: N/A
INSTRUMENT_INFO: CO2, CH4, and CO are reported as dry air mole fractions using a commercial wavelength-scanned cavity ring-down analyzer (Picarro 2401-m). An in-field calibration gas standard of 432±0.07 ppm CO2, 2095±1 ppb CH4, and 183±1 ppb CO, calibrated in the Boulder laboratories before and after the field project using primary CO2, CH4, and CO standard tanks tied to the WMO standard (X2019, X2004A, and X2014A, respectively) from the Global Monitoring Laboratory (GML), was delivered to the inlet every 2-3 days to evaluate instrument sensitivity. A H2O measurement was calibrated before the project with a Dew Point Mirror 373 hygrometer. The water correction calculated from these calibrations was applied to the H2O measurement for the entire campaign. Species are measured at 0.5 Hz and reported as 1-minute averages for stationary measurements.
DATA_INFO: Units: CO2, ppm, dry air mole fraction; CH4, ppb, dry air mole fraction; CO, ppb, dry air mole fraction; H2O, ppmv
UNCERTAINTY: Total uncertainties are estimated as ±0.1 ppm for CO2, ±1 ppb for CH4, ±5 ppb for CO, and ±(50 ppm + 4%) for H2O.
ULOD_FLAG: -7777
ULOD_VALUE: N/A
LLOD_FLAG: -8888
LLOD_VALUE: N/A
DM_CONTACT_INFO: Data Manager: Nathan Howard; nathan.h.howard@noaa.gov
PROJECT_INFO: USOS Dates of Study: July – August 2024
STIPULATIONS_ON_USE: Use of these data require prior ok from PI.
OTHER_COMMENTS: Data are averaged to 1 minute intervals. Stationary data collected from a 10 ft tower on top of the mobile van.
REVISION: R0
R0: Final Data
StartTime_UTC, StopTime_UTC, CO2_ppm_1min, CH4_ppb_1min, CO_ppb_1min, H2O_ppmv_1min
[from data line 1171]
70260,70320,-9999,-9999,-9999,-9999
70320,70380,-9999,-9999,-9999,-9999
70380,70440,-9999,-9999,-9999,-9999
70440,70500,-9999,-9999,-9999,-9999
70500,70560,-9999,-9999,-9999,-9999
70560,70620,-9999,-9999,-9999,-9999
70620,70680,-9999,-9999,-9999,-9999
70680,70740,-9999,-9999,-9999,-9999
70740,70800,-9999,-9999,-9999,-9999
70800,70860,-9999,-9999,-9999,-9999
70860,70920,-9999,-9999,-9999,-9999
70920,70980,-9999,-9999,-9999,-9999
70980,71040,-9999,-9999,-9999,-9999
71040,71100,-9999,-9999,-9999,-9999
71100,71160,-9999,-9999,-9999,-9999
71160,71220,-9999,-9999,-9999,-9999
71220,71280,-9999,-9999,-9999,-9999
71280,71340,-9999,-9999,-9999,-9999
71340,71400,-9999,-9999,-9999,-9999
71400,71460,-9999,-9999,-9999,-9999
71460,71520,-9999,-9999,-9999,-9999
71520,71580,-9999,-9999,-9999,-9999
71580,71640,-9999,-9999,-9999,-9999
71640,71700,-9999,-9999,-9999,-9999
71700,71760,-9999,-9999,-9999,-9999
71760,71820,-9999,-9999,-9999,-9999
71820,71880,-9999,-9999,-9999,-9999
71880,71940,-9999,-9999,-9999,-9999
71940,72000,-9999,-9999,-9999,-9999
72000,72060,-9999,-9999,-9999,-9999
72060,72120,-9999,-9999,-9999,-9999
72120,72180,-9999,-9999,-9999,-9999
72180,72240,-9999,-9999,-9999,-9999
72240,72300,-9999,-9999,-9999,-9999
72300,72360,-9999,-9999,-9999,-9999
72360,72420,-9999,-9999,-9999,-9999
72420,72480,-9999,-9999,-9999,-9999
72480,72540,-9999,-9999,-9999,-9999
72540,72600,-9999,-9999,-9999,-9999
72600,72660,-9999,-9999,-9999,-9999
72660,72720,-9999,-9999,-9999,-9999
72720,72780,-9999,-9999,-9999,-9999
72780,72840,-9999,-9999,-9999,-9999
72840,72900,-9999,-9999,-9999,-9999
72900,72960,-9999,-9999,-9999,-9999
72960,73020,-9999,-9999,-9999,-9999
73020,73080,-9999,-9999,-9999,-9999
73080,73140,-9999,-9999,-9999,-9999
73140,73200,-9999,-9999,-9999,-9999
73200,73260,-9999,-9999,-9999,-9999
73260,73320,-9999,-9999,-9999,-9999
73320,73380,-9999,-9999,-9999,-9999
73380,73440,-9999,-9999,-9999,-9999
73440,73500,-9999,-9999,-9999,-9999
73500,73560,-9999,-9999,-9999,-9999
73560,73620,-9999,-9999,-9999,-9999
73620,73680,-9999,-9999,-9999,-9999
73680,73740,-9999,-9999,-9999,-9999
73740,73800,-9999,-9999,-9999,-9999
73800,73860,-9999,-9999,-9999,-9999
73860,73920,-9999,-9999,-9999,-9999
73920,73980,-9999,-9999,-9999,-9999
73980,74040,-9999,-9999,-9999,-9999
74040,74100,-9999,-9999,-9999,-9999
74100,74160,-9999,-9999,-9999,-9999
74160,74220,-9999,-9999,-9999,-9999
74220,74280,-9999,-9999,-9999,-9999
74280,74340,-9999,-9999,-9999,-9999
74340,74400,-9999,-9999,-9999,-9999
74400,74460,-9999,-9999,-9999,-9999
74460,74520,-9999,-9999,-9999,-9999
74520,74580,-9999,-9999,-9999,-9999
74580,74640,-9999,-9999,-9999,-9999
74640,74700,-9999,-9999,-9999,-9999
74700,74760,-9999,-9999,-9999,-9999
74760,74820,-9999,-9999,-9999,-9999
74820,74880,-9999,-9999,-9999,-9999
74880,74940,-9999,-9999,-9999,-9999
74940,75000,-9999,-9999,-9999,-9999
75000,75060,-9999,-9999,-9999,-9999
75060,75120,-9999,-9999,-9999,-9999
75120,75180,-9999,-9999,-9999,-9999
75180,75240,-9999,-9999,-9999,-9999
75240,75300,-9999,-9999,-9999,-9999
75300,75360,-9999,-9999,-9999,-9999
75360,75420,-9999,-9999,-9999,-9999
75420,75480,-9999,-9999,-9999,-9999
75480,75540,-9999,-9999,-9999,-9999
75540,75600,-9999,-9999,-9999,-9999
75600,75660,-9999,-9999,-9999,-9999
75660,75720,-9999,-9999,-9999,-9999
75720,75780,-9999,-9999,-9999,-9999
75780,75840,-9999,-9999,-9999,-9999
75840,75900,-9999,-9999,-9999,-9999
75900,75960,-9999,-9999,-9999,-9999
75960,76020,-9999,-9999,-9999,-9999
76020,76080,-9999,-9999,-9999,-9999
76080,76140,-9999,-9999,-9999,-9999
76140,76200,-9999,-9999,-9999,-9999
76200,76260,-9999,-9999,-9999,-9999
76260,76320,-9999,-9999,-9999,-9999
76320,76380,-9999,-9999,-9999,-9999
76380,76440,-9999,-9999,-9999,-9999
76440,76500,-9999,-9999,-9999,-9999
76500,76560,-9999,-9999,-9999,-9999
76560,76620,-9999,-9999,-9999,-9999
76620,76680,-9999,-9999,-9999,-9999
76680,76740,-9999,-9999,-9999,-9999
76740,76800,-9999,-9999,-9999,-9999
76800,76860,-9999,-9999,-9999,-9999
76860,76920,-9999,-9999,-9999,-9999
76920,76980,-9999,-9999,-9999,-9999
76980,77040,-9999,-9999,-9999,-9999
77040,77100,-9999,-9999,-9999,-9999
77100,77160,-9999,-9999,-9999,-9999
77160,77220,-9999,-9999,-9999,-9999
77220,77280,-9999,-9999,-9999,-9999
77280,77340,-9999,-9999,-9999,-9999
77340,77400,-9999,-9999,-9999,-9999
77400,77460,-9999,-9999,-9999,-9999
77460,77520,-9999,-9999,-9999,-9999
77520,77580,-9999,-9999,-9999,-9999
77580,77640,-9999,-9999,-9999,-9999
77640,77700,-9999,-9999,-9999,-9999
77700,77760,-9999,-9999,-9999,-9999
77760,77820,430.84,1953.8,257.8,14859.2080
77820,77880,429.91,1951.1,162.7,14644.8203
77880,77940,432.80,1951.9,164.5,14697.6885
77940,78000,429.02,1949.3,148.6,14542.7988
78000,78060,431.43,1949.0,148.6,14314.9287
78060,78120,431.53,1949.2,152.1,14399.9971
78120,78180,429.80,1950.0,164.4,14571.1650
78180,78240,433.01,1950.2,162.5,14335.4775
78240,78300,430.51,1949.5,148.5,14284.2256
78300,78360,431.60,1949.7,150.3,14251.9932
78360,78420,430.46,1949.4,150.0,14192.6113
78420,78480,429.55,1949.3,156.0,13942.0996
78480,78540,429.85,1949.3,147.2,14119.4443
78540,78600,428.13,1949.4,146.8,14384.4785
78600,78660,434.38,1951.8,146.2,14035.0693
78660,78720,429.34,1950.1,148.2,14167.5166
78720,78780,431.43,1950.4,156.2,14369.7666
78780,78840,429.88,1950.2,151.5,14024.6699
78840,78900,428.71,1950.1,151.6,14499.8359
78900,78960,429.80,1950.6,153.5,15062.6406
78960,79020,430.54,1950.3,155.8,14415.6504
79020,79080,431.43,1951.7,162.8,14724.3672
79080,79140,431.55,1951.0,155.4,14752.6182
79140,79200,428.86,1950.7,155.6,15101.4023
79200,79260,429.74,1951.0,153.7,15458.9932
79260,79320,427.77,1950.7,152.2,15553.5313
79320,79380,428.65,1950.0,152.3,15104.8496
79380,79440,430.94,1949.4,157.1,14828.2549
79440,79500,428.77,1948.8,150.4,14181.5381
79500,79560,429.19,1949.1,151.8,14247.0674
79560,79620,429.16,1949.3,154.2,14422.8682
79620,79680,428.92,1949.5,154.5,14474.1641
79680,79740,428.92,1949.8,157.1,14722.3857
79740,79800,429.44,1950.2,164.3,14967.7100
79800,79860,429.38,1950.0,163.2,14791.2979
79860,79920,430.51,1950.2,170.9,14752.1016
79920,79980,428.91,1950.2,162.6,15209.6436
79980,80040,429.12,1950.0,155.4,14774.4688
80040,80100,428.71,1949.6,149.7,14500.5322
80100,80160,428.68,1950.3,149.2,15221.1963
80160,80220,428.95,1950.1,149.4,14824.0039
80220,80280,429.96,1950.3,159.8,15019.9209
80280,80340,429.39,1950.6,156.8,14878.5195
80340,80400,429.03,1950.9,151.1,15066.1504
80400,80460,428.94,1950.3,150.0,14839.8271
80460,80520,429.15,1950.3,148.9,14724.8408
80520,80580,429.43,1950.6,150.0,14656.1602
80580,80640,429.18,1951.1,151.8,14867.4004
80640,80700,428.85,1950.5,151.3,15292.8516
80700,80760,428.67,1950.6,152.3,15600.3691
80760,80820,427.98,1950.7,154.1,15835.5020
80820,80880,429.15,1951.5,156.6,15384.4053
80880,80940,429.34,1951.3,154.9,15243.3945
80940,81000,430.04,1950.5,159.3,14889.4619
81000,81060,429.23,1950.8,153.5,14819.8848
81060,81120,428.81,1949.9,149.1,14511.2266
81120,81180,428.45,1949.8,149.8,14894.3145
81180,81240,428.51,1949.8,150.0,14697.2578
81240,81300,428.73,1949.8,150.2,14578.9111
81300,81360,428.32,1949.8,151.8,14892.1230
81360,81420,429.67,1950.1,163.9,15168.5840
81420,81480,430.84,1950.5,166.9,15039.2393
81480,81540,429.00,1949.7,155.9,14978.6514
81540,81600,428.66,1949.5,154.4,14581.1709
81600,81660,428.88,1949.9,152.8,14447.3711
81660,81720,428.93,1950.1,152.0,14480.5752
81720,81780,429.24,1950.2,154.6,14526.6689
81780,81840,429.53,1950.5,157.3,14612.3057
81840,81900,429.60,1951.5,158.8,15156.8672
81900,81960,428.98,1950.9,158.2,14949.1631
81960,82020,429.06,1951.0,156.1,15082.7314
82020,82080,430.28,1951.7,164.7,14981.5547
82080,82140,431.60,1952.1,174.3,15510.0039
82140,82200,430.76,1952.0,167.9,15511.8369
82200,82260,434.34,1952.2,176.8,15432.9570
82260,82320,430.35,1952.1,233.1,15016.1377
82320,82380,429.76,1952.1,200.0,15708.3496
82380,82440,429.09,1951.8,173.3,15681.4365
82440,82500,429.80,1952.1,166.5,15682.0762
82500,82560,428.46,1952.5,167.5,16893.9727
82560,82620,428.65,1952.0,162.7,15976.0869
82620,82680,430.23,1951.7,164.1,15037.1621
82680,82740,429.80,1951.4,162.1,14821.1133
82740,82800,429.59,1951.4,162.5,14994.7861
82800,82860,435.77,1952.0,211.6,16399.1582
82860,82920,433.38,1951.9,199.6,15303.5820
82920,82980,435.17,1951.8,186.6,15244.3232
82980,83040,430.67,1951.2,167.3,15206.5625
83040,83100,429.33,1950.3,161.8,14883.8105
83100,83160,432.05,1951.1,183.6,14673.8506
83160,83220,436.45,1951.1,193.6,15177.6240
83220,83280,433.97,1950.5,163.1,14570.7520
83280,83340,429.99,1950.8,174.1,14639.2744
83340,83400,433.02,1951.4,200.4,14906.3125
83400,83460,430.08,1951.5,158.0,14682.6094
83460,83520,428.61,1951.3,151.8,14608.8574
83520,83580,430.74,1951.9,157.9,14847.4775
83580,83640,429.85,1951.7,156.9,14921.8145
83640,83700,429.69,1951.7,159.7,15170.4307
83700,83760,429.81,1951.6,167.1,15995.6436
83760,83820,429.59,1951.5,159.6,14949.2529
83820,83880,429.07,1950.7,154.0,14416.7432
83880,83940,428.69,1951.1,152.9,14223.6475
83940,84000,429.27,1952.0,155.2,14385.2266
84000,84060,429.32,1952.4,156.4,14251.4414
84060,84120,429.17,1951.9,154.1,14417.7959
84120,84180,429.54,1953.0,154.5,14588.7861
84180,84240,428.97,1951.1,155.7,14383.8594
84240,84300,429.27,1951.4,156.7,14568.8408
84300,84360,429.11,1951.6,157.0,14205.1729
84360,84420,430.30,1953.0,164.4,15044.1777
84420,84480,429.32,1952.7,158.6,14727.9873
84480,84540,429.15,1952.4,158.1,14827.9248
84540,84600,429.30,1952.7,157.8,14654.8701
84600,84660,429.10,1952.2,155.9,14458.3066
84660,84720,429.44,1953.4,156.5,14143.3086
84720,84780,430.25,1952.5,156.8,14732.5586
84780,84840,429.71,1951.0,156.9,14105.5557
84840,84900,429.80,1950.4,153.2,13983.2139
84900,84960,429.40,1950.6,155.6,13948.1787
84960,85020,429.52,1951.8,169.2,14090.1523
85020,85080,430.19,1952.5,168.5,14137.7217
85080,85140,428.91,1951.2,156.8,13832.8359
85140,85200,431.06,1951.7,169.4,14298.1367
85200,85260,430.46,1951.4,169.2,13858.5684
85260,85320,430.08,1951.8,167.1,13838.5156
85320,85380,429.24,1951.2,158.1,13769.9629
85380,85440,429.32,1951.5,157.2,13818.1699
85440,85500,429.10,1951.6,157.8,13773.9102
85500,85560,429.03,1951.7,158.4,13967.5391
85560,85620,431.14,1952.4,172.9,14377.8135
85620,85680,429.63,1952.1,161.2,13899.7656
85680,85740,430.03,1952.1,161.0,13796.4219
85740,85800,432.99,1952.3,173.9,13830.8252
85800,85860,431.19,1952.5,170.6,13788.1201
85860,85920,432.76,1953.7,175.2,13970.5264
85920,85980,433.55,1954.6,188.3,14176.4824
85980,86040,432.66,1954.6,180.4,14098.1162
86040,86100,429.91,1953.4,164.0,13839.7168
86100,86160,430.32,1954.0,167.1,13836.5078
86160,86220,430.16,1954.2,166.3,13912.0010
86220,86280,430.46,1954.1,165.0,14136.9824
86280,86340,430.01,1953.0,164.6,13972.4688
86340,86400,429.90,1953.8,163.7,13945.9004
