CampaignData_and_Merges/R0/CSL_MobileLab_Parked/raw/20240726/USOS-PTR_MobileLabGround_20240726_R0.ict
58, 1001
Matthew Coggon, Kelvin Bates, Chelsea Stockwell, Carsten Warneke
NOAA ESRL Chemical Sciences Division
NOAA PTR-ToF-MS
USOS
1,1 
2024, 07, 26, 2025, 09, 19
0
Time_Start, seconds, number of seconds from 00:00 UTC 
22
1, 1, 1, 1, 1, 1, 1, 1, 1, 1, 1, 1, 1, 1, 1, 1, 1, 1, 1, 1, 1, 1
-9999, -9999, -9999, -9999, -9999, -9999, -9999, -9999, -9999, -9999, -9999, -9999, -9999, -9999, -9999, -9999, -9999, -9999, -9999, -9999, -9999, -9999
CH3OH_NOAAPTR_ppbv,  ppbv, Gas_CH3OH_InSitu_S_AVMR, (CH3OH) methanol
CH3CN_NOAAPTR_ppbv,  ppbv, Gas_CH3CN_InSitu_S_AVMR, (CH3CN) acetonitrile
CH3CHO_NOAAPTR_ppbv,  ppbv, Gas_CH3CHO_InSitu_S_AVMR, (CH3CHO) acetaldehyde plus contributions from ethylene glycol and ethylene oxide. Interference from ethanol has been subtracted out.
C2H5OH_NOAAPTR_ppbv,  ppbv, Gas_C2H5OH_InSitu_S_AVMR, (C2H5OH) ethanol
CH3SH_NOAAPTR_ppbv,  ppbv, Gas_CH3SH_InSitu_S_AVMR, (CH3SH) methanethiol, using calibration factor for DMS
Acrolein_NOAAPTR_ppbv,  ppbv, Gas_Acrolein_InSitu_S_AVMR, (C3H4O) acrolein
AcetonePropanal_NOAAPTR_ppbv,  ppbv, Gas_AcetoneAndPropanal_InSitu_S_AVMR, (C3H6O) sum of acetone (dominant isomer) and propanal, using calibration factor for acetone
DMS_NOAAPTR_ppbv,  ppbv, Gas_DMS_InSitu_S_AVMR, (C2H6S) dimethyl sulfide with possible small contributions from ethanethiol
C5H8_NOAAPTR_ppbv,  ppbv, Gas_Isoprene_InSitu_S_AVMR, (C5H8) isoprene and possible fragments from cycloalkanes and aldehydes. Interferences have been subtracted following methods described by Coggon et al (2023)
MVKMAC_NOAAPTR_ppbv,  ppbv, Gas_MVKAndMAC_InSitu_S_AVMR, (C4H6O) sum of methyl vinyl ketone, methacrolein, and small amounts of crotonaldehyde, using weighted calibration factor for MVK (0.637) and MACR (0.363)
Benzene_NOAAPTR_ppbv,  ppbv, Gas_Benzene_InSitu_S_AVMR, (C6H6) benzene
Toluene_NOAAPTR_ppbv,  ppbv, Gas_Toluene_InSitu_S_AVMR, (C7H8) toluene with possible small contributions of fragments from ethyltoluene
Styrene_NOAAPTR_ppbv,  ppbv, Gas_Styrene_InSitu_S_AVMR, (C8H8) styrene
Benzaldehyde_NOAAPTR_ppbv,  ppbv, Gas_Benzaldehyde_InSitu_S_AVMR, (C7H6O) benzaldehyde
C8Aromatics_NOAAPTR_ppbv,  ppbv, Gas_C8Aromatics_InSitu_M_AVMR, (C8H10) sum of m-xylene, p-xylene, o-xylene, and ethyl benzene
C9Aromatics_NOAAPTR_ppbv,  ppbv, Gas_C9Aromatics_InSitu_M_AVMR, (C9H12) sum of C9 aromatics
Naphthalene_NOAAPTR_ppbv,  ppbv, Gas_Naphthalene_InSitu_S_AVMR, (C10H8) naphthalene
Octanal_NOAAPTR_ppbv,  ppbv, Gas_Octanal_InSitu_S_AVMR, (C8H16O) octanal and small amounts of octanone
Monoterpenes_NOAAPTR_ppbv,  ppbv, Gas_Monoterpenes_InSitu_M_AVMR, (C10H16) sum of monoterpenes and possible contributions from fragments of oxygenated monoterpenoids such as eucalyptol.
Nonanal_NOAAPTR_ppbv,  ppbv, Gas_Nonanal_InSitu_M_AVMR, (C9H18O) nonanal and small amounts of nonanone
C7H4ClF3_NOAAPTR_ppbv,  ppbv, Gas_C7H4ClF3_InSitu_S_AVMR, (C7H4ClF3) parachlorobenzotrifluoride
C10H30O5Si5_NOAAPTR_ppbv,  ppbv, Gas_C10H30O5Si5_InSitu_S_AVMR, (C10H30O5Si5) decamethylcyclopentasiloxane
1
SPECIAL COMMENTS:N/A
21
PI_CONTACT_INFO: NOAA ESRL Chemical Sciences Division, Tropospheric Chemistry Group. 325 Broadway, R/CSD7, Boulder, CO 80305
PLATFORM: Mobile Laboratory.
LOCATION: Salt Lake City, UT
ASSOCIATED_DATA: N/A
INSTRUMENT_INFO: NOAA PTR-ToF-MS measurements on NOAA CSL Mobile Lab
DATA_INFO: Units: ppbv
UNCERTAINTY: See OTHER_COMMENTS
ULOD_FLAG: -7777
ULOD_VALUE: N/A
LLOD_FLAG: -8888
LLOD_VALUE: N/A.
DM_CONTACT_INFO: Data Managers: Matt Coggon, Kelvin Bates, Chelsea Stockwell; email: matthew.m.coggon@noaa.gov and kelvin.bates@colorado.edu
PROJECT_INFO: USOS Deployment July-August, 2024
STIPULATIONS_ON_USE: Use of these data require prior OK from PI.
OTHER_COMMENTS: Uncertainties:
CH3OH_NOAAPTR_ppbv:30%; CH3CN_NOAAPTR_ppbv:30%; CH3CHO_NOAAPTR_ppbv:30%; C2H5OH_NOAAPTR_ppbv:30%; CH3SH_NOAAPTR_ppbv:50%; Acrolein_NOAAPTR_ppbv:30%; AcetonePropanal_NOAAPTR_ppbv:30%; DMS_NOAAPTR_ppbv:30%; C5H8_NOAAPTR_ppbv:30%; MVKMAC_NOAAPTR_ppbv:30%; 
Benzene_NOAAPTR_ppbv:30%; Toluene_NOAAPTR_ppbv:30%; Styrene_NOAAPTR_ppbv:30%; Benzaldehyde_NOAAPTR_ppbv:30%; C8Aromatics_NOAAPTR_ppbv:30%; C9Aromatics_NOAAPTR_ppbv:30%; Naphthalene_NOAAPTR_ppbv:30%; Octanal_NOAAPTR_ppbv:30%; Monoterpenes_NOAAPTR_ppbv:30%; Nonanal_NOAAPTR_ppbv:30%; 
C7H4ClF3_NOAAPTR_ppbv:30%; C10H30O5Si5_NOAAPTR_ppbv:30%; 
REVISION: R0
R0: Calibrated PTR Data. See individual species comments for details about measurement uncertainties
Time_Start, CH3OH_NOAAPTR_ppbv, CH3CN_NOAAPTR_ppbv, CH3CHO_NOAAPTR_ppbv, C2H5OH_NOAAPTR_ppbv, CH3SH_NOAAPTR_ppbv, Acrolein_NOAAPTR_ppbv, AcetonePropanal_NOAAPTR_ppbv, DMS_NOAAPTR_ppbv, C5H8_NOAAPTR_ppbv, MVKMAC_NOAAPTR_ppbv, Benzene_NOAAPTR_ppbv, Toluene_NOAAPTR_ppbv, Styrene_NOAAPTR_ppbv, Benzaldehyde_NOAAPTR_ppbv, C8Aromatics_NOAAPTR_ppbv, C9Aromatics_NOAAPTR_ppbv, Naphthalene_NOAAPTR_ppbv, Octanal_NOAAPTR_ppbv, Monoterpenes_NOAAPTR_ppbv, Nonanal_NOAAPTR_ppbv, C7H4ClF3_NOAAPTR_ppbv, C10H30O5Si5_NOAAPTR_ppbv
[from data line 518]
31080.0, 18.26685, 0.26942, 1.80993, 1.70349, 0.01384, 0.29527, 5.47371, 0.03475, 0.28044, 0.23579, 0.03212, 0.21079, 0.02724, 0.06425, 0.08235, 0.03359, -0.00814, 0.12936, 0.33543, 0.12465, 0.00306, 0.00362 
31140.0, 18.18223, 0.25147, 1.80853, 2.05648, 0.01555, 0.26956, 5.51582, 0.03176, 0.34634, 0.27013, 0.03436, 0.20393, 0.02534, 0.06507, 0.08973, 0.03121, -0.01562, 0.14934, 0.36445, 0.13003, 0.00567, -0.00074 
31200.0, 17.83831, 0.24667, 1.77492, 2.46315, 0.01415, 0.29216, 5.49238, 0.06390, 0.32225, 0.28563, 0.07000, 0.17893, 0.01842, 0.05058, 0.07981, 0.04122, -0.01079, 0.10615, 0.36629, 0.10974, 0.00143, 0.00126 
31260.0, 18.99426, 0.24675, 2.00354, 2.28999, 0.00753, 0.28986, 5.43117, 0.06335, 0.34414, 0.29325, 0.05524, 0.19908, 0.04060, 0.07241, 0.09464, 0.03875, -0.01752, 0.14723, 0.33283, 0.10718, 0.00419, 0.00139 
31320.0, 17.61701, 0.24844, 1.70942, 1.83668, 0.01030, 0.29341, 5.19612, 0.04572, 0.27915, 0.27079, 0.03991, 0.20545, 0.03629, 0.05618, 0.08323, 0.03136, -0.01752, 0.11827, 0.33502, 0.10391, 0.00096, -0.00136 
31380.0, 17.87029, 0.23724, 1.83430, 2.04311, 0.01057, 0.25206, 5.33208, 0.02074, 0.37716, 0.28846, 0.02343, 0.18638, 0.00369, 0.06097, 0.08045, 0.02816, -0.01752, 0.08467, 0.34882, 0.13093, 0.00587, 0.00024 
31440.0, 18.32256, 0.23068, 1.89742, 2.19779, 0.01921, 0.31797, 5.35874, 0.05124, 0.33534, 0.26755, 0.08818, 0.19729, 0.04193, 0.06524, 0.07385, 0.03426, -0.01752, 0.12241, 0.33009, 0.12223, 0.00539, 0.00084 
31500.0, 17.93323, 0.26028, 2.06481, 1.61080, 0.01955, 0.30842, 5.27582, 0.06157, 0.33150, 0.26309, 0.04474, 0.22738, -0.00925, 0.06374, 0.09750, 0.03910, -0.01030, 0.11667, 0.30593, 0.09399, 0.00413, 0.00176 
31560.0, 19.58096, 0.24162, 2.19865, 4.23686, 0.02266, 0.28829, 5.49788, 0.05178, 0.33452, 0.27014, 0.13197, 0.48615, 0.05141, 0.05412, 0.30205, 0.13163, -0.01751, 0.12014, 0.35886, 0.15169, 0.00656, 0.00135 
31620.0, 18.97376, 0.23162, 1.88574, 2.62926, 0.02132, 0.26550, 5.46275, 0.06861, 0.34183, 0.27169, 0.01480, 0.20455, 0.03811, 0.01662, 0.07333, 0.03757, -0.00904, 0.14150, 0.36385, 0.12785, 0.00487, 0.00452 
31680.0, 17.52836, 0.22781, 1.97202, 2.72586, 0.02617, 0.30791, 5.42515, 0.04898, 0.32358, 0.26065, 0.04230, 0.19605, 0.02774, 0.02512, 0.07636, 0.04119, -0.01751, 0.14358, 0.36769, 0.13337, 0.00811, 0.00005 
31740.0, 19.15550, 0.22746, 1.96624, 2.71791, 0.01212, 0.27360, 5.48951, 0.06703, 0.35440, 0.26613, 0.03918, 0.22264, 0.01239, 0.02290, 0.09147, 0.03898, -0.00657, 0.10389, 0.31910, 0.11178, 0.00490, 0.00039 
31800.0, 17.90729, 0.25467, 1.74907, 1.81585, 0.01930, 0.27563, 5.17317, 0.05468, 0.32691, 0.24227, 0.05264, 0.18935, 0.02681, 0.05387, 0.10009, 0.03325, -0.00647, 0.10284, 0.32578, 0.11906, 0.00384, 0.00295 
31860.0, 17.56445, 0.25562, 1.72772, 1.69565, 0.01579, 0.28889, 5.02018, 0.04886, 0.27774, 0.23127, -0.01483, 0.15962, 0.00018, 0.00022, 0.07681, 0.03236, -0.01751, 0.10487, 0.29549, 0.10039, 0.01055, 0.00084 
31920.0, 17.08364, 0.24540, 1.72816, 2.25511, 0.00530, 0.30215, 5.07378, 0.04432, 0.30581, 0.23532, -0.03404, 0.15392, 0.03125, 0.05791, 0.06734, 0.02730, -0.01750, 0.12791, 0.31223, 0.08531, 0.00141, 0.00156 
31980.0, 17.53608, 0.24675, 1.67506, 2.57239, 0.00928, 0.29095, 5.07096, 0.04936, 0.29027, 0.23500, 0.00277, 0.17113, 0.01672, 0.05635, 0.08297, 0.04428, -0.01750, 0.09967, 0.31010, 0.07108, 0.00660, 0.00593 
32040.0, 16.04166, 0.23961, 1.64477, 2.43440, 0.00818, 0.28603, 4.93369, 0.04714, 0.27987, 0.21131, 0.02260, 0.16606, 0.01687, -0.00527, 0.05623, 0.03682, -0.01750, 0.11515, 0.24097, 0.08539, 0.00690, 0.00311 
32100.0, 17.55100, 0.24324, 1.86737, 2.56660, 0.01506, 0.28294, 5.03019, 0.06138, 0.31014, 0.21692, 0.02515, 0.19537, 0.02382, 0.03855, 0.07528, 0.03600, -0.01750, 0.10822, 0.26728, 0.10887, 0.00608, 0.00274 
32160.0, 17.63364, 0.24089, 1.84242, 2.40146, 0.00940, 0.27874, 5.05249, 0.05647, 0.27668, 0.23864, 0.05421, 0.18079, 0.02332, 0.03682, 0.08685, 0.03782, -0.01445, 0.11896, 0.25245, 0.08349, 0.00045, 0.00195 
32220.0, 16.55781, 0.24715, 1.97380, 2.43226, 0.01072, 0.28317, 4.97569, 0.04515, 0.26249, 0.25551, -0.00209, 0.15629, 0.02809, 0.03339, 0.07570, 0.03041, -0.00151, 0.11416, 0.27147, 0.08089, 0.00493, 0.00030 
32280.0, 17.28772, 0.24910, 2.26358, 2.60743, 0.01012, 0.32765, 5.12551, 0.05770, 0.30408, 0.24484, 0.00762, 0.21807, 0.03670, 0.02147, 0.10388, 0.04198, -0.01749, 0.10398, 0.32395, 0.09501, 0.00726, 0.00474 
32340.0, 17.67749, 0.24142, 2.26824, 3.09397, 0.01104, 0.33955, 5.19906, 0.07605, 0.27687, 0.25774, 0.04902, 0.18757, 0.01683, 0.00603, 0.09899, 0.03996, -0.01065, 0.10327, 0.28845, 0.10110, 0.00760, 0.00299 
32400.0, 18.21741, 0.22486, 2.10441, 2.69239, 0.01949, 0.28072, 5.17374, 0.05809, 0.38560, 0.24222, -0.00036, 0.19005, 0.02016, 0.01004, 0.08060, 0.05731, -0.00981, 0.14763, 0.31529, 0.09932, 0.00589, -0.00068 
32460.0, 19.15724, 0.24761, 2.07950, 2.62608, 0.01031, 0.26364, 5.20493, 0.05740, 0.25496, 0.24981, 0.01753, 0.20194, 0.01601, 0.03286, 0.09086, 0.04255, 0.00286, 0.12198, 0.27387, 0.09560, 0.00535, 0.00284 
32520.0, 18.41954, 0.24388, 1.92776, 2.69886, 0.01172, 0.26766, 5.19888, 0.05617, 0.27092, 0.27210, 0.01130, 0.14979, 0.03643, 0.03821, 0.11043, 0.05247, -0.01074, 0.12246, 0.24343, 0.14217, 0.00624, 0.00095 
32580.0, 19.57776, 0.26799, 2.10458, 3.26271, 0.01973, 0.31746, 5.33900, 0.06644, 0.33036, 0.24435, 0.00266, 0.23101, -0.01031, 0.04288, 0.12030, 0.04837, -0.00983, 0.12021, 0.25348, 0.11911, 0.00215, 0.00102 
32640.0, 17.36685, 0.23295, 2.04261, 3.04316, 0.02014, 0.30850, 5.21137, 0.06425, 0.31038, 0.25443, -0.02229, 0.19278, 0.02112, -0.03339, 0.07698, 0.04578, -0.00693, 0.11457, 0.25784, 0.08329, 0.00711, 0.00249 
32700.0, 19.75868, 0.23453, 2.37455, 4.13012, 0.01531, 0.34946, 5.57861, 0.06507, 0.36009, 0.26837, 0.06171, 0.23132, 0.03777, 0.00347, 0.10934, 0.04869, -0.01748, 0.16533, 0.28927, 0.10696, 0.00825, 0.00430 
32760.0, 20.03577, 0.25459, 2.28825, 3.65752, 0.02241, 0.30909, 5.49197, 0.06626, 0.39707, 0.25889, -0.01337, 0.24677, 0.01219, 0.00753, 0.12055, 0.04668, -0.01519, 0.14126, 0.27516, 0.11955, 0.00887, 0.00455 
32820.0, 18.66050, 0.22104, 2.22693, 3.71885, 0.01524, 0.31242, 5.42954, 0.06200, 0.34727, 0.27389, 0.04619, 0.27254, 0.03865, 0.04854, 0.13423, 0.06068, 0.01604, 0.15223, 0.33038, 0.10185, 0.00664, 0.00610 
32880.0, 19.07623, 0.23710, 2.28435, 4.10338, 0.01918, 0.33620, 5.60193, 0.07290, 0.30146, 0.26868, 0.02480, 0.24091, -0.00635, 0.04900, 0.11565, 0.04976, -0.01748, 0.11794, 0.28402, 0.11956, 0.00649, 0.00730 
32940.0, 18.60577, 0.24871, 2.22625, 3.81935, 0.01172, 0.32821, 5.48217, 0.05657, 0.28632, 0.25634, 0.00154, 0.25746, 0.02331, 0.01789, 0.15828, 0.06153, -0.01747, 0.17796, 0.26646, 0.11082, 0.00851, 0.00267 
33000.0, 20.36946, 0.22293, 2.13920, 3.27155, 0.01662, 0.32325, 5.36104, 0.07620, 0.30258, 0.26702, 0.01041, 0.24481, 0.02991, 0.01577, 0.12237, 0.04570, -0.01747, 0.15729, 0.26100, 0.16297, 0.00302, 0.00536 
33060.0, 21.86534, 0.23875, 2.48421, 3.92368, 0.02835, 0.33453, 5.65082, 0.05119, 0.40558, 0.29071, 0.02164, 0.25552, 0.00610, 0.03604, 0.13425, 0.05271, -0.01747, 0.13705, 0.32399, 0.14152, 0.00190, 0.00573 
33120.0, 21.65813, 0.24978, 2.37984, 3.89007, 0.01073, 0.39546, 5.62564, 0.08681, 0.35986, 0.30467, -0.02317, 0.26686, 0.01836, 0.01139, 0.16376, 0.04901, -0.01163, 0.13163, 0.34140, 0.10120, 0.00268, 0.00571 
33180.0, 23.85493, 0.24434, 2.69787, 4.33031, 0.02241, 0.36723, 5.61237, 0.07040, 0.37257, 0.30835, -0.06567, 0.24664, 0.02342, 0.03248, 0.13818, 0.06422, -0.01200, 0.11761, 0.30811, 0.10796, 0.00509, 0.00621 
33240.0, 20.22546, 0.24061, 2.31231, 3.82731, 0.01629, 0.33417, 5.48269, 0.05511, 0.29950, 0.26261, 0.02423, 0.24541, 0.02062, 0.04014, 0.13197, 0.05482, -0.01210, 0.16136, 0.31320, 0.12170, 0.00747, 0.00477 
33300.0, 20.61707, 0.22144, 2.46081, 3.65208, 0.01438, 0.37415, 5.70218, 0.07563, 0.37382, 0.30550, -0.00971, 0.22659, 0.03671, 0.03758, 0.15085, 0.05304, -0.00659, 0.15807, 0.32245, 0.09803, 0.00463, 0.00302 
33360.0, 20.23605, 0.26948, 2.73009, 4.17368, 0.02020, 0.31999, 5.70156, 0.07382, 0.31872, 0.30682, -0.00527, 0.24774, 0.02472, 0.00742, 0.13503, 0.06531, -0.01746, 0.15759, 0.33478, 0.09575, 0.00407, 0.00803 
33420.0, 20.03340, 0.25681, 2.71634, 4.11115, 0.01517, 0.36915, 5.65860, 0.07276, 0.33246, 0.30194, -0.01328, 0.22468, 0.00918, 0.02656, 0.11547, 0.05676, -0.01746, 0.10622, 0.33864, 0.09974, 0.00721, 0.00421 
33480.0, 19.81537, 0.22977, 2.45331, 4.78482, 0.01605, 0.32389, 5.51596, 0.05954, 0.35664, 0.29675, 0.07398, 0.24467, 0.02963, 0.02596, 0.13458, 0.06213, -0.01186, 0.12088, 0.30325, 0.11270, 0.00942, 0.01093 
33540.0, 19.19964, 0.24294, 2.57953, 4.14916, 0.01686, 0.30753, 5.75213, 0.06049, 0.31735, 0.28083, 0.03797, 0.23751, 0.03166, 0.00334, 0.12501, 0.04377, -0.01746, 0.13857, 0.30087, 0.11442, 0.00173, 0.00691 
33600.0, 17.56142, 0.24761, 1.89020, 2.53586, 0.01308, 0.29802, 5.04448, 0.05701, 0.31343, 0.24101, 0.04233, 0.21706, 0.02902, 0.01433, 0.10823, 0.05530, -0.01746, 0.12537, 0.29643, 0.10452, 0.00034, 0.00167 
33660.0, 16.99630, 0.23477, 1.88463, 2.08621, 0.01008, 0.32213, 4.98712, 0.02960, 0.27886, 0.24171, 0.00643, 0.16595, 0.03259, 0.03848, 0.09698, 0.03772, -0.01745, 0.10760, 0.26322, 0.09979, 0.00801, 0.00275 
33720.0, 13.29438, 0.24210, 1.40053, 1.26357, 0.00495, 0.21088, 4.54141, 0.02506, 0.20065, 0.20010, 0.02028, 0.15932, 0.01283, 0.02331, 0.06141, 0.01833, -0.01745, 0.08172, 0.22560, 0.13610, 0.00486, 0.00174 
33780.0, 16.27570, 0.25952, 1.66882, 2.12170, 0.00987, 0.24946, 4.81496, 0.03300, 0.24047, 0.23624, 0.04676, 0.18256, -0.01039, 0.02972, 0.08838, 0.03187, -0.01745, 0.11283, 0.25006, 0.09869, 0.00365, 0.00238 
33840.0, 15.71187, 0.24998, 1.59377, 2.27041, 0.01260, 0.25613, 4.82887, 0.04990, 0.26367, 0.22861, 0.01367, 0.16318, 0.02935, 0.02279, 0.08482, 0.03741, -0.01745, 0.08065, 0.24224, 0.09164, 0.00155, 0.00172 
33900.0, 16.65316, 0.23156, 1.62184, 2.11077, 0.01277, 0.24001, 4.77429, 0.04204, 0.25653, 0.22285, 0.01479, 0.16601, 0.01891, 0.03715, 0.08283, 0.02964, -0.01745, 0.07611, 0.27280, 0.09643, 0.00246, 0.00396 
33960.0, 15.87309, 0.25210, 1.76795, 2.76279, 0.01494, 0.24166, 5.01271, 0.03553, 0.33601, 0.23157, 0.06406, 0.19535, 0.02009, 0.03331, 0.07003, 0.04353, -0.01744, 0.11680, 0.26436, 0.09667, -0.00030, 0.00653 
34020.0, 18.46870, 0.23336, 1.67871, 4.08156, 0.00818, 0.25005, 5.02223, 0.04705, 0.18409, 0.22429, 0.23722, 0.56216, 0.04945, 0.03813, 0.30255, 0.09265, -0.01744, 0.10224, 0.28670, 0.09582, 0.00784, 0.00027 
34080.0, 16.33202, 0.23374, 1.51507, 2.45265, 0.01058, 0.27497, 4.99218, 0.05280, 0.29217, 0.23726, 0.02489, 0.17690, -0.01040, 0.00933, 0.09022, 0.03676, -0.01744, 0.09869, 0.29039, 0.13314, 0.00254, 0.00246 
34140.0, 15.63858, 0.21123, 1.78303, 2.30372, 0.01688, 0.28796, 4.89355, 0.05664, 0.31464, 0.23168, -0.03923, 0.18988, 0.02540, 0.00811, 0.06807, 0.02964, -0.01645, 0.08536, 0.29117, 0.07223, 0.00320, -0.00069 
34200.0, 16.41120, 0.23850, 1.71947, 2.24802, 0.01657, 0.25204, 4.87614, 0.04094, 0.27053, 0.23554, 0.05607, 0.17987, 0.01405, 0.00444, 0.10782, 0.04534, -0.01744, 0.12420, 0.28608, 0.08887, 0.00990, 0.00242 
34260.0, 15.09138, 0.23902, 1.56150, 2.00186, 0.00892, 0.24888, 4.80284, 0.05419, 0.29692, 0.21709, -0.02905, 0.17398, 0.00923, 0.03863, 0.07215, 0.02988, 0.00006, 0.11530, 0.27374, 0.09905, 0.00106, 0.00114 
34320.0, 15.04366, 0.22245, 1.66542, 2.31971, 0.01132, 0.25321, 4.88803, 0.05764, 0.26387, 0.22557, -0.02354, 0.17144, 0.01067, 0.00605, 0.07035, 0.02449, -0.01657, 0.08896, 0.26138, 0.09297, 0.00189, 0.00164 
34380.0, 16.65047, 0.23192, 1.90324, 3.92488, 0.00931, 0.29323, 4.82858, 0.06631, 0.21358, 0.25236, -0.01402, 0.19535, 0.03936, 0.02387, 0.13499, 0.05490, -0.01403, 0.10691, 0.24213, 0.10838, 0.01269, 0.00888 
34440.0, 18.93472, 0.22440, 2.22301, 3.81535, 0.01432, 0.42607, 5.15224, 0.05154, 0.24705, 0.31653, 0.04362, 0.24086, 0.07370, -0.00138, 0.12693, 0.06842, -0.01651, 0.11365, 0.29099, 0.13606, 0.01037, 0.00170 
34500.0, 19.05716, 0.24018, 2.43756, 3.85326, 0.01342, 0.43923, 5.18270, 0.03736, 0.15351, 0.30383, 0.06782, 0.28100, 0.06360, 0.02398, 0.17477, 0.11380, -0.01555, 0.11102, 0.28922, 0.12964, 0.00420, 0.00634 
34560.0, 17.41786, 0.24415, 2.44038, 4.77415, 0.01899, 0.42168, 5.14705, 0.04215, 0.22991, 0.28217, 0.00284, 0.24455, 0.04132, 0.01442, 0.17824, 0.07387, -0.01743, 0.13190, 0.25728, 0.10725, 0.01621, 0.00427 
34620.0, 16.21624, 0.23516, 2.25266, 7.29520, 0.01430, 0.30845, 4.94390, 0.06009, 0.17325, 0.22822, 0.07749, 0.27739, -0.01044, 0.01076, 0.13712, 0.06601, -0.01743, 0.10906, 0.26117, 0.10892, 0.01052, 0.00957 
34680.0, 12.85437, 0.23746, 2.16858, 9.88167, 0.01261, 0.29658, 4.90074, 0.02088, 0.14442, 0.22775, 0.04395, 0.27248, 0.04686, 0.00574, 0.15172, 0.07205, 0.02535, 0.13937, 0.26613, 0.11215, 0.00611, 0.00904 
34740.0, 13.07457, 0.24439, 2.13324, 9.48666, 0.00681, 0.31205, 5.00986, 0.04289, 0.12802, 0.24473, 0.01893, 0.27750, -0.01044, -0.03031, 0.16477, 0.07825, -0.01025, 0.12850, 0.29223, 0.11268, 0.01206, 0.00323 
34800.0, 14.05964, 0.24991, 2.36345, 10.82559, 0.01248, 0.34941, 5.12966, 0.03517, 0.11966, 0.23958, 0.18209, 0.63216, 0.04537, -0.01198, 0.41534, 0.17554, -0.00963, 0.11812, 0.37370, 0.13510, 0.00436, 0.00718 
34860.0, 13.61466, 0.24228, 1.99007, 7.24025, 0.01231, 0.22727, 4.80775, 0.03265, 0.13477, 0.19083, 0.04027, 0.23283, -0.00799, 0.00134, 0.12778, 0.05873, -0.00937, 0.12685, 0.36342, 0.11139, 0.01094, 0.00561 
34920.0, 11.23865, 0.25548, 1.90122, 5.59760, 0.00958, 0.24648, 4.81030, 0.04485, 0.15738, 0.18967, 0.08259, 0.26817, 0.04024, -0.02280, 0.16812, 0.06034, -0.01742, 0.09364, 0.33696, 0.10361, 0.00838, 0.00471 
34980.0, 13.11743, 0.27616, 1.93449, 4.99134, 0.01402, 0.28320, 4.91734, 0.02923, 0.11274, 0.20647, 0.01763, 0.26414, -0.00203, 0.00167, 0.15225, 0.05846, -0.00979, 0.09873, 0.34117, 0.10267, 0.01508, 0.00635 
35040.0, 13.58807, 0.24522, 1.81836, 3.82744, 0.02061, 0.23426, 4.67971, 0.04911, 0.14434, 0.19808, 0.04706, 0.24611, 0.04339, -0.04442, 0.12519, 0.06738, -0.01177, 0.10563, 0.30227, 0.07968, 0.01416, 0.00446 
35100.0, 13.11222, 0.25295, -9999.00000, 3.64373, 0.01556, 0.26286, 4.70418, 0.06366, -9999.00000, 0.19112, 0.02443, 0.23279, 0.01687, -0.01110, 0.12935, 0.04838, 0.00163, 0.13248, 0.24591, 0.10714, 0.00540, 0.00595 
35160.0, -9999.00000, -9999.00000, -9999.00000, -9999.00000, -9999.00000, -9999.00000, -9999.00000, -9999.00000, -9999.00000, -9999.00000, -9999.00000, -9999.00000, -9999.00000, -9999.00000, -9999.00000, -9999.00000, -9999.00000, -9999.00000, -9999.00000, -9999.00000, -9999.00000, -9999.00000 
35220.0, -9999.00000, -9999.00000, -9999.00000, -9999.00000, -9999.00000, -9999.00000, -9999.00000, -9999.00000, -9999.00000, -9999.00000, -9999.00000, -9999.00000, -9999.00000, -9999.00000, -9999.00000, -9999.00000, -9999.00000, -9999.00000, -9999.00000, -9999.00000, -9999.00000, -9999.00000 
35280.0, -9999.00000, -9999.00000, -9999.00000, -9999.00000, -9999.00000, -9999.00000, -9999.00000, -9999.00000, -9999.00000, -9999.00000, -9999.00000, -9999.00000, -9999.00000, -9999.00000, -9999.00000, -9999.00000, -9999.00000, -9999.00000, -9999.00000, -9999.00000, -9999.00000, -9999.00000 
35340.0, -9999.00000, -9999.00000, -9999.00000, -9999.00000, -9999.00000, -9999.00000, -9999.00000, -9999.00000, -9999.00000, -9999.00000, -9999.00000, -9999.00000, -9999.00000, -9999.00000, -9999.00000, -9999.00000, -9999.00000, -9999.00000, -9999.00000, -9999.00000, -9999.00000, -9999.00000 
35400.0, -9999.00000, -9999.00000, -9999.00000, -9999.00000, -9999.00000, -9999.00000, -9999.00000, -9999.00000, -9999.00000, -9999.00000, -9999.00000, -9999.00000, -9999.00000, -9999.00000, -9999.00000, -9999.00000, -9999.00000, -9999.00000, -9999.00000, -9999.00000, -9999.00000, -9999.00000 
