CampaignData_and_Merges/R0/CSL_MobileLab_Parked/raw/20240726/USOS-PTR_MobileLabGround_20240726_R0.ict
58, 1001
Matthew Coggon, Kelvin Bates, Chelsea Stockwell, Carsten Warneke
NOAA ESRL Chemical Sciences Division
NOAA PTR-ToF-MS
USOS
1,1 
2024, 07, 26, 2025, 09, 19
0
Time_Start, seconds, number of seconds from 00:00 UTC 
22
1, 1, 1, 1, 1, 1, 1, 1, 1, 1, 1, 1, 1, 1, 1, 1, 1, 1, 1, 1, 1, 1
-9999, -9999, -9999, -9999, -9999, -9999, -9999, -9999, -9999, -9999, -9999, -9999, -9999, -9999, -9999, -9999, -9999, -9999, -9999, -9999, -9999, -9999
CH3OH_NOAAPTR_ppbv,  ppbv, Gas_CH3OH_InSitu_S_AVMR, (CH3OH) methanol
CH3CN_NOAAPTR_ppbv,  ppbv, Gas_CH3CN_InSitu_S_AVMR, (CH3CN) acetonitrile
CH3CHO_NOAAPTR_ppbv,  ppbv, Gas_CH3CHO_InSitu_S_AVMR, (CH3CHO) acetaldehyde plus contributions from ethylene glycol and ethylene oxide. Interference from ethanol has been subtracted out.
C2H5OH_NOAAPTR_ppbv,  ppbv, Gas_C2H5OH_InSitu_S_AVMR, (C2H5OH) ethanol
CH3SH_NOAAPTR_ppbv,  ppbv, Gas_CH3SH_InSitu_S_AVMR, (CH3SH) methanethiol, using calibration factor for DMS
Acrolein_NOAAPTR_ppbv,  ppbv, Gas_Acrolein_InSitu_S_AVMR, (C3H4O) acrolein
AcetonePropanal_NOAAPTR_ppbv,  ppbv, Gas_AcetoneAndPropanal_InSitu_S_AVMR, (C3H6O) sum of acetone (dominant isomer) and propanal, using calibration factor for acetone
DMS_NOAAPTR_ppbv,  ppbv, Gas_DMS_InSitu_S_AVMR, (C2H6S) dimethyl sulfide with possible small contributions from ethanethiol
C5H8_NOAAPTR_ppbv,  ppbv, Gas_Isoprene_InSitu_S_AVMR, (C5H8) isoprene and possible fragments from cycloalkanes and aldehydes. Interferences have been subtracted following methods described by Coggon et al (2023)
MVKMAC_NOAAPTR_ppbv,  ppbv, Gas_MVKAndMAC_InSitu_S_AVMR, (C4H6O) sum of methyl vinyl ketone, methacrolein, and small amounts of crotonaldehyde, using weighted calibration factor for MVK (0.637) and MACR (0.363)
Benzene_NOAAPTR_ppbv,  ppbv, Gas_Benzene_InSitu_S_AVMR, (C6H6) benzene
Toluene_NOAAPTR_ppbv,  ppbv, Gas_Toluene_InSitu_S_AVMR, (C7H8) toluene with possible small contributions of fragments from ethyltoluene
Styrene_NOAAPTR_ppbv,  ppbv, Gas_Styrene_InSitu_S_AVMR, (C8H8) styrene
Benzaldehyde_NOAAPTR_ppbv,  ppbv, Gas_Benzaldehyde_InSitu_S_AVMR, (C7H6O) benzaldehyde
C8Aromatics_NOAAPTR_ppbv,  ppbv, Gas_C8Aromatics_InSitu_M_AVMR, (C8H10) sum of m-xylene, p-xylene, o-xylene, and ethyl benzene
C9Aromatics_NOAAPTR_ppbv,  ppbv, Gas_C9Aromatics_InSitu_M_AVMR, (C9H12) sum of C9 aromatics
Naphthalene_NOAAPTR_ppbv,  ppbv, Gas_Naphthalene_InSitu_S_AVMR, (C10H8) naphthalene
Octanal_NOAAPTR_ppbv,  ppbv, Gas_Octanal_InSitu_S_AVMR, (C8H16O) octanal and small amounts of octanone
Monoterpenes_NOAAPTR_ppbv,  ppbv, Gas_Monoterpenes_InSitu_M_AVMR, (C10H16) sum of monoterpenes and possible contributions from fragments of oxygenated monoterpenoids such as eucalyptol.
Nonanal_NOAAPTR_ppbv,  ppbv, Gas_Nonanal_InSitu_M_AVMR, (C9H18O) nonanal and small amounts of nonanone
C7H4ClF3_NOAAPTR_ppbv,  ppbv, Gas_C7H4ClF3_InSitu_S_AVMR, (C7H4ClF3) parachlorobenzotrifluoride
C10H30O5Si5_NOAAPTR_ppbv,  ppbv, Gas_C10H30O5Si5_InSitu_S_AVMR, (C10H30O5Si5) decamethylcyclopentasiloxane
1
SPECIAL COMMENTS:N/A
21
PI_CONTACT_INFO: NOAA ESRL Chemical Sciences Division, Tropospheric Chemistry Group. 325 Broadway, R/CSD7, Boulder, CO 80305
PLATFORM: Mobile Laboratory.
LOCATION: Salt Lake City, UT
ASSOCIATED_DATA: N/A
INSTRUMENT_INFO: NOAA PTR-ToF-MS measurements on NOAA CSL Mobile Lab
DATA_INFO: Units: ppbv
UNCERTAINTY: See OTHER_COMMENTS
ULOD_FLAG: -7777
ULOD_VALUE: N/A
LLOD_FLAG: -8888
LLOD_VALUE: N/A.
DM_CONTACT_INFO: Data Managers: Matt Coggon, Kelvin Bates, Chelsea Stockwell; email: matthew.m.coggon@noaa.gov and kelvin.bates@colorado.edu
PROJECT_INFO: USOS Deployment July-August, 2024
STIPULATIONS_ON_USE: Use of these data require prior OK from PI.
OTHER_COMMENTS: Uncertainties:
CH3OH_NOAAPTR_ppbv:30%; CH3CN_NOAAPTR_ppbv:30%; CH3CHO_NOAAPTR_ppbv:30%; C2H5OH_NOAAPTR_ppbv:30%; CH3SH_NOAAPTR_ppbv:50%; Acrolein_NOAAPTR_ppbv:30%; AcetonePropanal_NOAAPTR_ppbv:30%; DMS_NOAAPTR_ppbv:30%; C5H8_NOAAPTR_ppbv:30%; MVKMAC_NOAAPTR_ppbv:30%; 
Benzene_NOAAPTR_ppbv:30%; Toluene_NOAAPTR_ppbv:30%; Styrene_NOAAPTR_ppbv:30%; Benzaldehyde_NOAAPTR_ppbv:30%; C8Aromatics_NOAAPTR_ppbv:30%; C9Aromatics_NOAAPTR_ppbv:30%; Naphthalene_NOAAPTR_ppbv:30%; Octanal_NOAAPTR_ppbv:30%; Monoterpenes_NOAAPTR_ppbv:30%; Nonanal_NOAAPTR_ppbv:30%; 
C7H4ClF3_NOAAPTR_ppbv:30%; C10H30O5Si5_NOAAPTR_ppbv:30%; 
REVISION: R0
R0: Calibrated PTR Data. See individual species comments for details about measurement uncertainties
Time_Start, CH3OH_NOAAPTR_ppbv, CH3CN_NOAAPTR_ppbv, CH3CHO_NOAAPTR_ppbv, C2H5OH_NOAAPTR_ppbv, CH3SH_NOAAPTR_ppbv, Acrolein_NOAAPTR_ppbv, AcetonePropanal_NOAAPTR_ppbv, DMS_NOAAPTR_ppbv, C5H8_NOAAPTR_ppbv, MVKMAC_NOAAPTR_ppbv, Benzene_NOAAPTR_ppbv, Toluene_NOAAPTR_ppbv, Styrene_NOAAPTR_ppbv, Benzaldehyde_NOAAPTR_ppbv, C8Aromatics_NOAAPTR_ppbv, C9Aromatics_NOAAPTR_ppbv, Naphthalene_NOAAPTR_ppbv, Octanal_NOAAPTR_ppbv, Monoterpenes_NOAAPTR_ppbv, Nonanal_NOAAPTR_ppbv, C7H4ClF3_NOAAPTR_ppbv, C10H30O5Si5_NOAAPTR_ppbv
[from data line 446]
26760.0, 28.82802, 0.27162, 5.49057, 7.21936, 0.03093, 0.66250, 8.42878, 0.16282, 0.72033, 0.52332, 0.18038, 0.43003, 0.05050, 0.19288, 0.27151, 0.12075, 0.01869, 0.36860, 0.26751, 0.28476, 0.01047, 0.00847 
26820.0, 26.18041, 0.27826, 5.47394, 7.01517, 0.02646, 0.65638, 8.35271, 0.14407, 0.69061, 0.52999, 0.05061, 0.36556, 0.06330, 0.16987, 0.24953, 0.08217, -0.01709, 0.37557, 0.29135, 0.25707, 0.01386, 0.00625 
26880.0, 28.77099, 0.29571, 5.56176, 7.44394, 0.03440, 0.65906, 8.22475, 0.17551, 0.70276, 0.51135, 0.07228, 0.34512, 0.01820, 0.15187, 0.24548, 0.08584, -0.00275, 0.32016, 0.25815, 0.20903, 0.01846, 0.00921 
26940.0, 29.58055, 0.28428, 5.36618, 7.75482, 0.03077, 0.66728, 8.39415, 0.14668, 0.67141, 0.52369, 0.10304, 0.34917, 0.04451, 0.15914, 0.22959, 0.09411, -0.01714, 0.34888, 0.33015, 0.21705, 0.01521, 0.00916 
27000.0, 32.85254, 0.27675, 4.76377, 6.98646, 0.03209, 0.64952, 8.22016, 0.12275, 0.64709, 0.52221, 0.09197, 0.32025, 0.06529, 0.12648, 0.20608, 0.07486, 0.00837, 0.35543, 0.31461, 0.18723, 0.01509, 0.01074 
27060.0, 32.30009, 0.27040, 4.88483, 7.48151, 0.03670, 0.59782, 8.15853, 0.15788, 0.65543, 0.48272, 0.07604, 0.29361, 0.02667, 0.13894, 0.20337, 0.10061, -0.01719, 0.40222, 0.27982, 0.23548, 0.00900, 0.01938 
27120.0, 26.84052, 0.28569, 4.49353, 6.64597, 0.02874, 0.55476, 7.90468, 0.16738, 0.58681, 0.46454, 0.07693, 0.32073, 0.01104, 0.14036, 0.19658, 0.08605, -0.01219, 0.35132, 0.30698, 0.25818, 0.01106, 0.00992 
27180.0, 24.81142, 0.25848, 4.47264, 6.03851, 0.03036, 0.59487, 7.63404, 0.14256, 0.63040, 0.46283, 0.12128, 0.33078, 0.04787, 0.09968, 0.19788, 0.08245, -0.00575, 0.31211, 0.27425, 0.20028, 0.01475, 0.00919 
27240.0, 21.97250, 0.25485, 3.74516, 5.01833, 0.02061, 0.46287, 7.01398, 0.14932, 0.48967, 0.43010, 0.07486, 0.23264, 0.03226, 0.09531, 0.16961, 0.08411, -0.01021, 0.26862, 0.27914, 0.17608, 0.00842, 0.00315 
27300.0, 19.23869, 0.28258, 3.60328, 5.04114, 0.02002, 0.47506, 6.84452, 0.11597, 0.51253, 0.41012, 0.08844, 0.25373, 0.02166, 0.07115, 0.12088, 0.07376, -0.01729, 0.28130, 0.29743, 0.20939, 0.00628, 0.00149 
27360.0, 24.10671, 0.26692, 3.94456, 4.96185, 0.02083, 0.51453, 7.18693, 0.12383, 0.61384, 0.42472, 0.06715, 0.26987, 0.04679, 0.09113, 0.15560, 0.07094, -0.00375, 0.25529, 0.30446, 0.18211, 0.01313, 0.00664 
27420.0, 22.68874, 0.28902, 3.93537, 5.65067, 0.01322, 0.51732, 7.11566, 0.12289, 0.61994, 0.39156, 0.03883, 0.24628, 0.05032, 0.08380, 0.18670, 0.06783, -0.01734, 0.23083, 0.27808, 0.15866, 0.00757, 0.00691 
27480.0, 21.72279, 0.27303, 3.55575, 4.25325, 0.01480, 0.46297, 6.78089, 0.12224, 0.47643, 0.38778, 0.06809, 0.24474, 0.03728, 0.08544, 0.15116, 0.06447, -0.00826, 0.23174, 0.28630, 0.16678, 0.00611, 0.00534 
27540.0, 21.88475, 0.27364, 3.66176, 4.74618, 0.03007, 0.45999, 6.82459, 0.13978, 0.47411, 0.37418, 0.06045, 0.26636, 0.06285, 0.08293, 0.14071, 0.06809, -0.01739, 0.24613, 0.26434, 0.16397, 0.00647, 0.01398 
27600.0, 21.47502, 0.26407, 3.74071, 4.34686, 0.01822, 0.48551, 6.74432, 0.11164, 0.41403, 0.38692, 0.04089, 0.27243, 0.03593, 0.07491, 0.14732, 0.08252, -0.00972, 0.21374, 0.23970, 0.17070, 0.01464, 0.00555 
27660.0, 19.09551, 0.27451, 3.52488, 4.51086, 0.01820, 0.47147, 6.64658, 0.12331, 0.50286, 0.39619, -0.05012, 0.27745, 0.02805, 0.08299, 0.14200, 0.06479, 0.00317, 0.23457, 0.19010, 0.19223, 0.01088, 0.00796 
27720.0, 20.66970, 0.26343, 3.54290, 4.18333, 0.01884, 0.42838, 6.63522, 0.09903, 0.46710, 0.39216, 0.01766, 0.25752, -0.01001, 0.07875, 0.15549, 0.06967, -0.01746, 0.23826, 0.22469, 0.17257, 0.00737, 0.01051 
27780.0, 19.84719, 0.26191, 3.63341, 4.56498, 0.01871, 0.47357, 6.56884, 0.10927, 0.47314, 0.38805, 0.09308, 0.28840, -0.01002, 0.09208, 0.15951, 0.07841, -0.01749, 0.24580, 0.22167, 0.18260, 0.01112, 0.00918 
27840.0, 18.93152, 0.27253, 3.73421, 4.09168, 0.01808, 0.44271, 6.37678, 0.08806, 0.38986, 0.36841, 0.08358, 0.23504, 0.02414, 0.10755, 0.15172, 0.04788, -0.01751, 0.22594, 0.18010, 0.19816, 0.00450, 0.00820 
27900.0, 18.84362, 0.25894, -9999.00000, 4.32301, 0.02412, 0.42572, 6.24496, 0.10045, -9999.00000, 0.38025, 0.04975, 0.22045, -0.01003, 0.07825, 0.11982, 0.07431, -0.01754, 0.22803, 0.19057, 0.11901, 0.00291, 0.00583 
27960.0, -9999.00000, -9999.00000, -9999.00000, -9999.00000, -9999.00000, -9999.00000, -9999.00000, -9999.00000, -9999.00000, -9999.00000, -9999.00000, -9999.00000, -9999.00000, -9999.00000, -9999.00000, -9999.00000, -9999.00000, -9999.00000, -9999.00000, -9999.00000, -9999.00000, -9999.00000 
28020.0, -9999.00000, -9999.00000, -9999.00000, -9999.00000, -9999.00000, -9999.00000, -9999.00000, -9999.00000, -9999.00000, -9999.00000, -9999.00000, -9999.00000, -9999.00000, -9999.00000, -9999.00000, -9999.00000, -9999.00000, -9999.00000, -9999.00000, -9999.00000, -9999.00000, -9999.00000 
28080.0, -9999.00000, -9999.00000, -9999.00000, -9999.00000, -9999.00000, -9999.00000, -9999.00000, -9999.00000, -9999.00000, -9999.00000, -9999.00000, -9999.00000, -9999.00000, -9999.00000, -9999.00000, -9999.00000, -9999.00000, -9999.00000, -9999.00000, -9999.00000, -9999.00000, -9999.00000 
28140.0, -9999.00000, -9999.00000, -9999.00000, -9999.00000, -9999.00000, -9999.00000, -9999.00000, -9999.00000, -9999.00000, -9999.00000, -9999.00000, -9999.00000, -9999.00000, -9999.00000, -9999.00000, -9999.00000, -9999.00000, -9999.00000, -9999.00000, -9999.00000, -9999.00000, -9999.00000 
28200.0, -9999.00000, -9999.00000, -9999.00000, -9999.00000, -9999.00000, -9999.00000, -9999.00000, -9999.00000, -9999.00000, -9999.00000, -9999.00000, -9999.00000, -9999.00000, -9999.00000, -9999.00000, -9999.00000, -9999.00000, -9999.00000, -9999.00000, -9999.00000, -9999.00000, -9999.00000 
28260.0, -9999.00000, -9999.00000, -9999.00000, -9999.00000, -9999.00000, -9999.00000, -9999.00000, -9999.00000, -9999.00000, -9999.00000, -9999.00000, -9999.00000, -9999.00000, -9999.00000, -9999.00000, -9999.00000, -9999.00000, -9999.00000, -9999.00000, -9999.00000, -9999.00000, -9999.00000 
28320.0, -9999.00000, -9999.00000, -9999.00000, -9999.00000, -9999.00000, -9999.00000, -9999.00000, -9999.00000, -9999.00000, -9999.00000, -9999.00000, -9999.00000, -9999.00000, -9999.00000, -9999.00000, -9999.00000, -9999.00000, -9999.00000, -9999.00000, -9999.00000, -9999.00000, -9999.00000 
28380.0, -9999.00000, -9999.00000, -9999.00000, -9999.00000, -9999.00000, -9999.00000, -9999.00000, -9999.00000, -9999.00000, -9999.00000, -9999.00000, -9999.00000, -9999.00000, -9999.00000, -9999.00000, -9999.00000, -9999.00000, -9999.00000, -9999.00000, -9999.00000, -9999.00000, -9999.00000 
28440.0, -9999.00000, -9999.00000, -9999.00000, -9999.00000, -9999.00000, -9999.00000, -9999.00000, -9999.00000, -9999.00000, -9999.00000, -9999.00000, -9999.00000, -9999.00000, -9999.00000, -9999.00000, -9999.00000, -9999.00000, -9999.00000, -9999.00000, -9999.00000, -9999.00000, -9999.00000 
28500.0, -9999.00000, -9999.00000, -9999.00000, -9999.00000, -9999.00000, -9999.00000, -9999.00000, -9999.00000, -9999.00000, -9999.00000, -9999.00000, -9999.00000, -9999.00000, -9999.00000, -9999.00000, -9999.00000, -9999.00000, -9999.00000, -9999.00000, -9999.00000, -9999.00000, -9999.00000 
28560.0, 18.97918, -9999.00000, -9999.00000, 5.30735, 0.01517, 0.48204, 6.67998, 0.12279, -9999.00000, 0.43895, 0.14681, 0.40663, -0.01007, 0.11147, 0.26796, 0.12593, -9999.00000, 0.26297, 0.21941, 0.17116, 0.00862, 0.00504 
28620.0, 18.78531, 0.28579, 3.67064, 4.83765, 0.01367, 0.47120, 6.64751, 0.08066, 0.43327, 0.39695, 0.03827, 0.28430, 0.01838, 0.11131, 0.18886, 0.08398, 0.00278, 0.19573, 0.19274, 0.15056, 0.01309, 0.00978 
28680.0, 16.69417, 0.29029, 3.50402, 4.14339, 0.01207, 0.43150, 6.68663, 0.10383, 0.44357, 0.43448, 0.06977, 0.26913, 0.02883, 0.11132, 0.20150, 0.08821, -0.01442, 0.23383, 0.18693, 0.17063, 0.00941, 0.00504 
28740.0, 18.13194, 0.27290, 3.63075, 5.00185, 0.01729, 0.49878, 6.74465, 0.08080, 0.48195, 0.39173, 0.00273, 0.27247, -0.01008, 0.11826, 0.18119, 0.07273, -0.01760, 0.22562, 0.22656, 0.13002, 0.00869, 0.00603 
28800.0, 19.99789, 0.28302, 3.80408, 5.03241, 0.02199, 0.51581, 6.77574, 0.10952, 0.45657, 0.39425, 0.09042, 0.30545, 0.02997, 0.09859, 0.19226, 0.08100, -0.01160, 0.23760, 0.21407, 0.16985, 0.01763, 0.00537 
28860.0, 20.21159, 0.26636, 3.70542, 5.20052, 0.02247, 0.47301, 6.73635, 0.10479, 0.41897, 0.40180, 0.09158, 0.27811, -0.01009, 0.09105, 0.20193, 0.09161, -0.00047, 0.23328, 0.22105, 0.17202, 0.01017, 0.00971 
28920.0, 20.56416, 0.29831, 3.62490, 4.40042, 0.01859, 0.45982, 6.65585, 0.08995, 0.47535, 0.38948, 0.09363, 0.29595, 0.02438, 0.10151, 0.17675, 0.08533, -0.01152, 0.21701, 0.25664, 0.18147, 0.01728, 0.00946 
28980.0, 19.31875, 0.30184, 3.65153, 5.28575, 0.01650, 0.45875, 6.61598, 0.12920, 0.41099, 0.39379, 0.03572, 0.26201, 0.03198, 0.04099, 0.15463, 0.06127, 0.00249, 0.22018, 0.24585, 0.17544, 0.00535, 0.00659 
29040.0, 15.99260, 0.25665, 3.34271, 4.30148, 0.01298, 0.41271, 6.24415, 0.10780, 0.45602, 0.37312, 0.12326, 0.34819, 0.04047, 0.09838, 0.27156, 0.10872, -0.01173, 0.19215, 0.19997, 0.15156, 0.00654, 0.00925 
29100.0, 17.17727, 0.26949, 3.28361, 4.01629, 0.02068, 0.40839, 6.19650, 0.07329, 0.39690, 0.35917, 0.03692, 0.25744, 0.02711, 0.08080, 0.18791, 0.07863, -0.01758, 0.18783, 0.20225, 0.18780, 0.01190, 0.00359 
29160.0, 17.42905, 0.26998, 3.31760, 4.60017, 0.01586, 0.40651, 6.21836, 0.06414, 0.37102, 0.37167, 0.01958, 0.26738, 0.03539, 0.05918, 0.18082, 0.07268, -0.01758, 0.23369, 0.18074, 0.18273, 0.00537, 0.00732 
29220.0, 16.49857, 0.29073, 3.42040, 3.86407, 0.01344, 0.39169, 6.13573, 0.08615, 0.44969, 0.38127, 0.00891, 0.21770, 0.00940, 0.06450, 0.17528, 0.08192, -0.00571, 0.23923, 0.18207, 0.16895, 0.01448, 0.00350 
29280.0, 16.66759, 0.27835, 3.61940, 4.19748, 0.01935, 0.42163, 6.25018, 0.08408, 0.42935, 0.36990, -0.03290, 0.23092, 0.03824, 0.06065, 0.20222, 0.07641, -0.01758, 0.20917, 0.22713, 0.15532, 0.00652, 0.01010 
29340.0, 16.94399, 0.26447, 3.09159, 4.62597, 0.02386, 0.42575, 6.16171, 0.10231, 0.35658, 0.34443, 0.07930, 0.24943, 0.01642, 0.05091, 0.19336, 0.06374, -0.01634, 0.21885, 0.19620, 0.15381, 0.00889, 0.00618 
29400.0, 17.85633, 0.27114, 3.26576, 4.14270, 0.01940, 0.40086, 6.09719, 0.08678, 0.40564, 0.35078, 0.03770, 0.25836, 0.03593, 0.05295, 0.22654, 0.08484, -0.01758, 0.19173, 0.20179, 0.17050, 0.00967, 0.00435 
29460.0, 16.41137, 0.27967, 3.19729, 4.43010, 0.01790, 0.44764, 5.98568, 0.06820, 0.43790, 0.32815, 0.05048, 0.25869, 0.01885, 0.03875, 0.18801, 0.06750, -0.00898, 0.21221, 0.20576, 0.16233, 0.00416, 0.00655 
29520.0, 16.79167, 0.26747, 3.24152, 4.57514, 0.01513, 0.42889, 6.08991, 0.08556, 0.41285, 0.35429, 0.05210, 0.26583, 0.04230, 0.07045, 0.19880, 0.07324, -0.01757, 0.18785, 0.21565, 0.16367, 0.00750, 0.00389 
29580.0, 16.56156, 0.26092, 3.28895, 4.49713, 0.01498, 0.41378, 5.98389, 0.06646, 0.35841, 0.34159, 0.10490, 0.25708, 0.04519, 0.05696, 0.18683, 0.07830, -0.01757, 0.20977, 0.18339, 0.11718, 0.00538, 0.00777 
29640.0, 17.98251, 0.25340, 3.27918, 4.93026, 0.01421, 0.42974, 6.22404, 0.05645, 0.47820, 0.34797, 0.05913, 0.23573, -0.01014, 0.03260, 0.19531, 0.06758, -0.01751, 0.25851, 0.18530, 0.15228, 0.00372, 0.00507 
29700.0, 18.16009, 0.26420, 3.43437, 4.81458, 0.02686, 0.40624, 6.26767, 0.08440, 0.42184, 0.38966, 0.06917, 0.29282, -0.01014, 0.06216, 0.22062, 0.09049, -0.01757, 0.21928, 0.21876, 0.13358, 0.01021, 0.00572 
29760.0, 17.20071, 0.24933, 3.15594, 4.94077, 0.01429, 0.42229, 6.04074, 0.06757, 0.38292, 0.33088, 0.09410, 0.28257, 0.03121, 0.07385, 0.17602, 0.06696, -0.01757, 0.14400, 0.20201, 0.13409, 0.01495, 0.00942 
29820.0, 18.29071, 0.25952, 3.15792, 4.51855, 0.01974, 0.41177, 6.10145, 0.06638, 0.39475, 0.34822, 0.06338, 0.28973, 0.01537, 0.07780, 0.20536, 0.07985, -0.01756, 0.22459, 0.21703, 0.12294, 0.00691, 0.00501 
29880.0, 19.49125, 0.28345, 3.69963, 5.41325, 0.02310, 0.45333, 6.64557, 0.09554, 0.45197, 0.40174, 0.04134, 0.31887, 0.03078, 0.06918, 0.18668, 0.06915, -0.00749, 0.22585, 0.19258, 0.17542, 0.00730, 0.01067 
29940.0, 17.93074, 0.25621, 3.30010, 5.25314, 0.02307, 0.43978, 6.20556, 0.09971, 0.38827, 0.37288, 0.03144, 0.25867, 0.03842, 0.02925, 0.15722, 0.07014, -0.00079, 0.22078, 0.27540, 0.12361, 0.00474, 0.00741 
30000.0, 18.36916, 0.25898, 2.56838, 3.82786, 0.01530, 0.35311, 5.75211, 0.07203, 0.34428, 0.26185, -0.00259, 0.22059, 0.01996, 0.04525, 0.12724, 0.05434, -0.01756, 0.17088, 0.23616, 0.15034, 0.00809, 0.00199 
30060.0, 18.26505, 0.24878, 2.40136, 3.58462, 0.01222, 0.34915, 5.70411, 0.06090, 0.33305, 0.31010, 0.03061, 0.27468, 0.04182, 0.06225, 0.12533, 0.06206, -0.01756, 0.16313, 0.24385, 0.13078, 0.01374, 0.00506 
30120.0, 19.54503, 0.25000, 2.05756, 2.67616, 0.02323, 0.31179, 5.48105, 0.08628, 0.36209, 0.29915, 0.01330, 0.20056, 0.00578, 0.03323, 0.09929, 0.03955, -0.01756, 0.17799, 0.27717, 0.11856, 0.00388, 0.00103 
30180.0, 19.53393, 0.23639, 2.41311, 2.88456, 0.01496, 0.29724, 5.45160, 0.08267, 0.34057, 0.28319, -0.02798, 0.21098, 0.02509, 0.01749, 0.10186, 0.05065, -0.01755, 0.15412, 0.26385, 0.11902, 0.00580, 0.00537 
30240.0, 20.61613, 0.25259, 2.84049, 3.50995, 0.02549, 0.33799, 5.49966, 0.07208, 0.43841, 0.29915, 0.07380, 0.25522, -0.01017, 0.06585, 0.11494, 0.04567, -0.00584, 0.16240, 0.30447, 0.12435, 0.00433, 0.00617 
30300.0, 21.27760, 0.24585, 2.11093, 2.82594, 0.01229, 0.32501, 5.38268, 0.07476, 0.35525, 0.27855, -0.06241, 0.20370, 0.03903, 0.04268, 0.09679, 0.04425, -0.01755, 0.13777, 0.36199, 0.09606, 0.00279, 0.00264 
30360.0, 20.21601, 0.24236, 2.12310, 3.26108, 0.01821, 0.32184, 5.56327, 0.09804, 0.36434, 0.29541, 0.06040, 0.23619, 0.03701, 0.07165, 0.10971, 0.05431, -0.01689, 0.09189, 0.27571, 0.09350, 0.00498, 0.00671 
30420.0, 20.05405, 0.24799, 2.09096, 2.30340, 0.01459, 0.29731, 5.35263, 0.05840, 0.32859, 0.29633, -0.02568, 0.22966, 0.03398, 0.05946, 0.07709, 0.03037, -0.01755, 0.14155, 0.32208, 0.10196, 0.00942, 0.00141 
30480.0, 20.38097, 0.23139, 2.02011, 2.37583, 0.01091, 0.29421, 5.48708, 0.07899, 0.30196, 0.28617, 0.12650, 0.22003, 0.03939, 0.04981, 0.08232, 0.04308, -0.01755, 0.12201, 0.35570, 0.13884, 0.00646, 0.00056 
30540.0, 19.06719, 0.25246, 2.08704, 2.39506, 0.01450, 0.31029, 5.47532, 0.07246, 0.34034, 0.28571, 0.04514, 0.18998, 0.02865, 0.05918, 0.09918, 0.04858, -0.00208, 0.16094, 0.35294, 0.14251, 0.00429, 0.00003 
30600.0, 19.75582, 0.23415, 2.04679, 2.39889, 0.01244, 0.33291, 5.48428, 0.08134, 0.36352, 0.25938, 0.00270, 0.18503, -0.01019, 0.04612, 0.09842, 0.03530, -0.01754, 0.13432, 0.33063, 0.13976, 0.00490, 0.00462 
30660.0, 20.03881, 0.25078, 1.98844, 2.26361, 0.01654, 0.33848, 5.56188, 0.06878, 0.35375, 0.28443, 0.02101, 0.20082, 0.04245, 0.04157, 0.08047, 0.03228, -0.01737, 0.13432, 0.31603, 0.15139, 0.00070, 0.00091 
30720.0, 20.26641, 0.24541, 2.14575, 2.40813, 0.01437, 0.26806, 5.49872, 0.06928, 0.37747, 0.28913, 0.01347, 0.19564, 0.02172, 0.06556, 0.08949, 0.04016, -0.01754, 0.12806, 0.35441, 0.15699, 0.00597, 0.00155 
30780.0, 19.55859, 0.23562, 2.04406, 2.57276, 0.01426, 0.29033, 5.59206, 0.06368, 0.37125, 0.29140, 0.03445, 0.20470, 0.02775, 0.03457, 0.06691, 0.03147, -0.01754, 0.12386, 0.31947, 0.11170, 0.00546, 0.00435 
30840.0, 18.63361, 0.23187, 1.90310, 1.59403, 0.01031, 0.27719, 5.34761, 0.04438, 0.34482, 0.27624, 0.02467, 0.20213, 0.00080, 0.06840, 0.06965, 0.03117, -0.01753, 0.09777, 0.31446, 0.12648, 0.00261, -0.00088 
30900.0, 18.80416, 0.24020, 2.01838, 2.08748, 0.01715, 0.31055, 5.43473, 0.05213, 0.37840, 0.25635, 0.01375, 0.21756, 0.01730, 0.05980, 0.08376, 0.04532, -0.01753, 0.12871, 0.35945, 0.12193, 0.00135, 0.00199 
30960.0, 19.46983, 0.24186, 1.79662, 1.73531, 0.01705, 0.28612, 5.37704, 0.05580, 0.31403, 0.26866, 0.03545, 0.20004, 0.02455, 0.05283, 0.06724, 0.03878, -0.01753, 0.13198, 0.33542, 0.11039, 0.00350, -0.00018 
