CampaignData_and_Merges/R0/CSL_MobileLab_Parked/raw/20240726/USOS-POPS_MobileLabGround_20240726_R0.ict
78, 1001
Thornberry, T. D.
NOAA Chemical Sciences Laboratory
Portable Optical Particle Spectrometer (POPS)
USOS
1, 1
2024, 07, 26, 2025, 05, 08
60
Time_Start, seconds_past_midnight, Start time of measurement
45
1, 1, 1, 1, 1, 1, 1, 1, 1, 1, 1, 1, 1, 1, 1, 1, 1, 1, 1, 1, 1, 1, 1, 1, 1, 1, 1, 1, 1, 1, 1, 1, 1, 1, 1, 1, 1, 1, 1, 1, 1, 1, 1, 1, 1
-9999, -9999, -9999, -9999, -9999, -9999, -9999, -9999, -9999, -9999, -9999, -9999, -9999, -9999, -9999, -9999, -9999, -9999, -9999, -9999, -9999, -9999, -9999, -9999, -9999, -9999, -9999, -9999, -9999, -9999, -9999, -9999, -9999, -9999, -9999, -9999, -9999, -9999, -9999, -9999, -9999, -9999, -9999, -9999, -9999
Time_Stop, seconds_past_midnight, Stop time of measurement
Time_Mid, seconds_past_midnight, Mid time of measurement
Press_mb, mb, Pressure reported (mb)
Temp_C, degrees C, POPS temperature measurement
Aerosol_concentration, cm^-3, Aerosol concentration
Surface_Area_Conc, um^2 cm^-3, Surface area concentration
Volume_density, um^3 cm^-3, Volume density
Effective_radius, um, Effective radius
Extinction, km^-1, Extinction
Bin01, cm^-3, particle concentration in size range [1401 - 146.3 nm]
Bin02, cm^-3, particle concentration in size range [146.3 - 152.8 nm]
Bin03, cm^-3, particle concentration in size range [152.8 - 159.6 nm]
Bin04, cm^-3, particle concentration in size range [159.6 - 166.8 nm]
Bin05, cm^-3, particle concentration in size range [166.8 - 174.2 nm]
Bin06, cm^-3, particle concentration in size range [174.2 - 181.9 nm]
Bin07, cm^-3, particle concentration in size range [181.9 - 190.0 nm]
Bin08, cm^-3, particle concentration in size range [190.0 - 198.5 nm]
Bin09, cm^-3, particle concentration in size range [198.5 - 207.4 nm]
Bin10, cm^-3, particle concentration in size range [207.4 - 216.6 nm]
Bin11, cm^-3, particle concentration in size range [216.6 - 226.2 nm]
Bin12, cm^-3, particle concentration in size range [226.2 - 236.3 nm]
Bin13, cm^-3, particle concentration in size range [236.3 - 246.8 nm]
Bin14, cm^-3, particle concentration in size range [246.8 - 257.8 nm]
Bin15, cm^-3, particle concentration in size range [257.8 - 269.3 nm]
Bin16, cm^-3, particle concentration in size range [269.3 - 343.4 nm]
Bin17, cm^-3, particle concentration in size range [343.4 - 450.7 nm]
Bin18, cm^-3, particle concentration in size range [450.7 - 525.9 nm]
Bin19, cm^-3, particle concentration in size range [525.9 - 618.5 nm]
Bin20, cm^-3, particle concentration in size range [618.5 - 710.0 nm]
Bin21, cm^-3, particle concentration in size range [710.0 - 822.7 nm]
Bin22, cm^-3, particle concentration in size range [822.7 - 885.9 nm]
Bin23, cm^-3, particle concentration in size range [885.9 - 953.9 nm]
Bin24, cm^-3, particle concentration in size range [953.9 - 1027.2 nm]
Bin25, cm^-3, particle concentration in size range [1027.2 - 1106.1 nm]
Bin26, cm^-3, particle concentration in size range [1106.1 - 1191.0 nm]
Bin27, cm^-3, particle concentration in size range [1191.0 - 1282.5 nm]
Bin28, cm^-3, particle concentration in size range [1282.5 - 1381.0 nm]
Bin29, cm^-3, particle concentration in size range [1381.0 - 1487.1 nm]
Bin30, cm^-3, particle concentration in size range [1487.1 - 1601.3 nm]
Bin31, cm^-3, particle concentration in size range [1601.3 - 1724.3 nm]
[...]
PLATFORM: NOAA CSL Mobile Lab
LOCATION: USOS
ASSOCIATED_DATA: N/A
INSTRUMENT_INFO: Printed Optical Particle Spectrometer counts particles from 140 - 2500 nm in diameter 
DATA_INFO: Particle concentrations reported in number per cubic centimeter,1 Hz data
UNCERTAINTY: Counting uncertainty dominated by air flow, less than 5 percent. Measurement range is ~0 - 3000 per cm3 (varies depending on flow rate- manufacturer quotes 1250 per cm3 at 1.667 cc/s)
ULOD_FLAG: -7777
ULOD_VALUE: N/A
LLOD_FLAG: -8888
LLOD_VALUE: N/A
DM_CONTACT_INFO: Troy Thornberry, 325 Broadway R/CSL6, Boulder, CO 80305; troy.thornberry@noaa.gov; 303-497-3373
PROJECT_INFO: USOS, Utah POPS data from NOAA CSL Mobile Lab
STIPULATIONS_ON_USE: Please contact the PIs for questions regarding applications and uncertainties
OTHER_COMMENTS: POPS bin Edges (nm):  140.1, 146.3, 152.8, 159.6, 166.8, 174.2, 181.9, 190.0, 198.5, 207.4, 216.6, 226.2, 236.3, 246.8, 257.8, 269.3, 343.4, 450.7, 525.9, 618.5, 710.0, 822.7, 885.9, 953.9, 1027.2, 1106.1, 1191.0, 1282.5, 1381.0, 1487.1, 1601.3, 1724.3, 1856.7, 1999.3, 2152.8, 2318.2, 2496.2
Calculations assume organic aerosol refractive index of 1.52+0.00j and extinction wavelength = 532 nm
REVISION: R0
R0: Final data
Time_Start, Time_Stop, Time_Mid, Press_mb, Temp_C, Aerosol_concentration, Surface_Area_Conc, Volume_density, Effective_radius, Extinction, Bin01, Bin02, Bin03, Bin04, Bin05, Bin06, Bin07, Bin08, Bin09, Bin10, Bin11, Bin12, Bin13, Bin14, Bin15, Bin16, Bin17, Bin18, Bin19, Bin20, Bin21, Bin22, Bin23, Bin24, Bin25, Bin26, Bin27, Bin28, Bin29, Bin30, Bin31, Bin32, Bin33, Bin34, Bin35, Bin36
[from data line 199]
11940,11999,11970,872.255,33.403,321.924,49.062,2.840,0.171,0.013,30.430931,28.443249,25.834841,25.357462,23.428663,20.768749,19.065187,17.815340,15.548486,14.301888,13.542639,13.394910,12.883375,11.612928,9.840041,29.308355,7.648674,1.428102,0.579221,0.121976,0.122441,0.072357,0.017123,0.044886,0.055382,0.027598,0.033897,0.005593,0.022114,0.027768,0.039434,0.028410,0.027879,0.005359,0.005688,0.032690
12000,12059,12030,872.314,33.361,324.606,49.071,2.865,0.171,0.013,30.937956,28.978001,26.851978,25.215784,23.612505,21.302811,19.741049,17.449196,16.032171,14.606441,13.642325,13.066465,12.718272,11.957817,9.678551,28.646463,7.455338,1.626388,0.516481,0.110071,0.081523,0.067641,0.021849,0.016686,0.032819,0.016924,0.016856,0.027802,0.005574,0.016690,0.027839,0.016431,0.039344,0.011109,0.021994,0.038931
12060,12119,12090,872.396,33.312,327.283,49.608,2.802,0.166,0.013,30.979973,29.176512,27.148214,24.745869,23.764729,21.919342,19.193882,18.406477,16.069330,14.553960,13.384925,12.943719,12.823386,12.268811,9.938298,29.664948,7.518476,1.509191,0.607316,0.100136,0.089728,0.061587,0.067080,0.050896,0.028446,0.061139,0.027405,0.016698,0.017166,0.016620,0.033599,0.016829,0.027799,0.005767,0.022496,0.022234
12120,12179,12150,872.510,33.241,331.778,49.852,2.792,0.165,0.013,33.173111,29.670437,27.724037,25.690218,24.063013,21.983603,20.268885,17.798552,16.129457,14.728651,13.880471,13.415080,12.580837,11.572495,9.573471,29.035517,7.610382,1.618775,0.550249,0.134069,0.106435,0.056049,0.060501,0.038964,0.033738,0.028594,0.016617,0.022802,0.033343,0.028366,0.084566,0.022455,0.010779,0.011169,0.011073,0.010976
12180,12239,12210,872.672,33.158,334.264,49.298,2.627,0.157,0.012,32.880676,30.184267,28.056616,26.430504,25.123499,22.371481,19.592731,18.100225,15.788227,14.647655,13.705132,13.498168,12.863194,11.815007,9.582292,29.593798,7.548363,1.335816,0.559481,0.119452,0.135097,0.056692,0.033878,0.033580,0.016701,0.016861,0.022490,0.016797,0.011078,0.022564,0.028514,0.022800,0.011098,0.011151,0.010814,0.017435
12240,12299,12270,872.853,33.150,333.540,49.133,2.646,0.159,0.012,32.578892,30.529734,28.511099,26.156357,24.823370,22.573652,19.516474,18.382227,15.956348,15.063620,13.935741,13.070549,12.482170,11.773410,9.457649,28.667154,7.504060,1.444503,0.474473,0.122082,0.142771,0.071993,0.043405,0.037694,0.016553,0.016384,0.016894,0.027849,0.021923,0.022664,0.022188,0.026530,0.005612,0.015931,0.017095,0.011262
12300,12359,12330,873.079,33.226,326.643,48.261,2.534,0.156,0.012,31.964655,29.372187,27.156256,25.726595,23.878143,21.576324,19.658310,18.282974,15.482602,14.936873,13.597450,12.979542,12.527041,11.448513,9.515383,28.450743,7.482990,1.512098,0.552705,0.115438,0.077177,0.033326,0.050511,0.027798,0.033656,0.027704,0.021851,0.027380,0.027508,0.011261,0.027685,0.016031,0.010996,0.010549,0.005447,0.017047
12360,12419,12390,873.386,33.363,327.340,49.107,2.796,0.167,0.012,32.195656,30.135782,27.245607,25.817926,24.013557,21.510077,18.708208,17.231674,15.958544,14.586732,13.429962,13.194001,12.503531,11.713407,9.851983,29.312477,7.350472,1.383355,0.565624,0.128219,0.055628,0.061225,0.043828,0.066389,0.033093,0.027179,0.005708,0.038280,0.017085,0.032860,0.038939,0.021816,0.005325,0.005429,0.011358,0.039325
12420,12479,12450,873.492,33.488,335.147,50.798,2.950,0.171,0.013,32.410294,30.162560,28.012600,25.962265,24.063509,22.527208,20.236294,17.996534,17.105976,15.649275,14.125802,13.970624,12.565563,11.957896,9.100554,28.404922,7.872068,1.530952,0.632880,0.170193,0.129024,0.090844,0.072368,0.039860,0.038934,0.051409,0.051038,0.028914,0.022985,0.039103,0.021995,0.022762,0.022429,0.016884,0.017220,0.023004
12480,12539,12510,873.540,33.467,328.480,53.674,4.053,0.222,0.016,31.723270,28.933975,26.932518,25.360207,23.822031,21.844149,19.037203,18.221672,16.050253,15.021636,14.132679,13.195320,12.609630,12.356137,9.148109,28.719645,7.670757,1.682237,0.639489,0.177492,0.234234,0.092965,0.108114,0.102792,0.079404,0.046271,0.017476,0.064130,0.068379,0.057281,0.104162,0.061914,0.034301,0.057098,0.017337,0.055837
12540,12599,12570,873.521,33.503,290.444,60.712,7.937,0.382,0.022,28.513878,25.713402,23.655424,22.926376,20.950279,18.819302,17.073675,15.672905,13.409760,13.598753,11.806797,11.467766,10.824681,9.857453,8.470933,25.517675,6.596027,1.647449,0.867487,0.222362,0.261249,0.231765,0.194268,0.178776,0.164546,0.116296,0.175763,0.160326,0.159014,0.183969,0.280205,0.215763,0.183251,0.077223,0.089636,0.159831
12600,12659,12630,873.496,33.517,290.327,67.038,9.789,0.426,0.027,28.167463,26.325775,23.665335,22.561098,21.005154,18.961699,17.385456,15.643185,14.054980,12.446856,11.557831,11.739848,10.272678,9.416954,7.767920,24.724995,7.078737,2.271537,1.488164,0.352655,0.334657,0.277727,0.234988,0.158201,0.158848,0.170239,0.205534,0.169410,0.157732,0.265127,0.358366,0.215093,0.191560,0.165525,0.144038,0.231643
12660,12719,12690,873.509,33.469,284.273,68.751,10.755,0.457,0.028,28.176826,25.630785,23.773840,22.183821,20.430279,18.457804,16.825254,14.729177,13.113234,12.491310,11.975976,11.133660,10.341163,9.059746,7.293542,23.750113,6.820811,2.438667,1.466936,0.381664,0.346135,0.193234,0.252918,0.266728,0.222486,0.215452,0.250426,0.222558,0.117826,0.224744,0.361509,0.299316,0.231747,0.182380,0.204648,0.206523
12720,12779,12750,873.521,33.418,280.930,72.113,11.806,0.481,0.031,28.276571,25.556362,23.540251,22.278315,20.402384,18.193027,15.670657,14.900385,13.345136,12.438499,11.053360,10.530327,9.938352,9.089911,7.385242,22.388870,7.005658,2.490376,1.811229,0.382653,0.302093,0.313878,0.257870,0.340874,0.236072,0.213415,0.289998,0.247593,0.214780,0.245707,0.360978,0.247556,0.240487,0.218887,0.201623,0.320568
12780,12839,12810,873.540,33.342,241.516,71.482,13.284,0.541,0.032,22.726208,21.014112,19.141991,18.179628,17.362663,16.001787,13.674424,12.714462,11.608512,10.472348,9.942554,9.385859,8.794961,7.866180,6.794563,21.128733,6.207613,1.811687,1.464292,0.427362,0.403711,0.329396,0.315691,0.279529,0.332241,0.285754,0.149380,0.252916,0.252982,0.326111,0.423327,0.309898,0.269639,0.224666,0.226189,0.414433
12840,12899,12870,873.581,33.333,239.803,73.151,14.038,0.564,0.033,23.127008,20.915312,19.502438,18.311682,17.129919,15.367848,13.962393,12.268894,11.376518,10.899681,9.201509,9.394212,8.830209,8.009615,6.599299,20.307884,5.947938,2.110390,1.428959,0.304870,0.319403,0.364161,0.298551,0.279112,0.191536,0.258025,0.219866,0.231390,0.268937,0.322195,0.458054,0.282116,0.324059,0.253595,0.295685,0.440167
12900,12959,12930,873.611,33.248,222.960,70.442,13.905,0.583,0.032,20.607418,19.445885,17.692019,16.654301,16.040884,14.090050,13.028658,11.835459,10.638113,9.701849,8.856492,8.379859,8.378585,8.060660,6.269830,19.325869,5.864116,1.678701,1.162889,0.304470,0.395319,0.293695,0.267802,0.299368,0.283054,0.277498,0.216121,0.257634,0.277967,0.326585,0.501087,0.369817,0.314730,0.238716,0.187345,0.437004
12960,13019,12990,873.646,33.217,211.312,72.737,15.325,0.612,0.034,19.684404,17.829859,16.629417,16.239042,14.608102,13.256553,12.266008,11.036436,10.049764,9.090439,8.846388,8.212056,7.559430,7.598351,6.116366,18.828793,5.342117,1.371291,1.167218,0.361046,0.354748,0.275877,0.220500,0.309804,0.233993,0.231145,0.308953,0.314551,0.314852,0.369823,0.576621,0.407278,0.304098,0.193348,0.306794,0.496210
13020,13079,13050,873.673,33.177,206.456,71.046,15.039,0.624,0.033,19.268656,17.963142,15.982348,15.090312,13.981536,13.063324,11.229394,11.041375,9.633417,9.241696,8.340160,8.619954,7.994359,7.170565,6.179824,18.598063,4.792312,1.641377,1.179495,0.318137,0.288782,0.328369,0.279431,0.314068,0.268563,0.306825,0.222770,0.296098,0.228622,0.368797,0.494492,0.435005,0.307728,0.228169,0.276523,0.482546
13080,13139,13110,873.738,33.194,236.535,74.421,14.604,0.578,0.034,22.406281,20.983521,19.267159,18.286007,17.323572,15.319854,13.469046,12.498219,11.018648,10.551718,9.732096,9.128323,8.141726,7.791962,6.422376,19.749773,5.671823,1.898682,1.243623,0.443193,0.454111,0.309759,0.322793,0.277546,0.241770,0.310185,0.290316,0.208149,0.271568,0.295836,0.516772,0.313212,0.387418,0.279111,0.277407,0.431435
13140,13199,13170,873.781,33.210,279.093,80.238,14.927,0.548,0.036,28.678354,26.242064,23.816013,22.056204,20.172586,17.989393,16.453222,14.432267,13.082332,11.597178,10.785445,9.911247,9.346225,8.768619,7.127656,21.932922,6.558769,2.729645,1.764483,0.450217,0.429143,0.374345,0.309895,0.282351,0.286720,0.267906,0.235067,0.213026,0.264288,0.390205,0.470276,0.360088,0.400727,0.232056,0.202863,0.478956
13200,13259,13230,873.818,33.425,270.805,81.652,15.941,0.574,0.037,26.959208,25.124155,23.383406,21.543472,19.008114,17.356112,15.641858,14.027640,12.366726,11.335935,10.505328,10.164407,9.528346,8.585299,7.004776,21.574293,6.698702,2.528315,1.677787,0.494251,0.465847,0.291297,0.266043,0.271695,0.278393,0.256616,0.278046,0.232478,0.203435,0.359735,0.539212,0.420140,0.388421,0.296384,0.256558,0.492243
13260,13319,13290,873.876,33.581,261.857,83.468,16.973,0.596,0.039,28.315588,26.135513,22.133465,20.661911,18.192743,16.367752,15.028144,12.768882,11.430470,10.488799,9.585903,9.496852,9.309468,8.331234,6.599240,20.959978,5.854282,2.182419,1.742049,0.399696,0.397267,0.307344,0.392041,0.302987,0.324055,0.306626,0.268538,0.395241,0.249196,0.346180,0.646159,0.460266,0.420773,0.232369,0.318830,0.504532
13320,13379,13350,873.891,33.624,226.028,85.032,18.857,0.653,0.042,22.366642,19.941212,17.939619,17.204805,15.691245,14.148447,12.372632,11.753792,10.329351,9.080555,8.734695,8.699034,8.141671,7.664253,6.474973,19.637165,5.718953,1.927770,1.366063,0.482056,0.457317,0.332913,0.361100,0.347061,0.327904,0.197315,0.238251,0.271081,0.366217,0.552954,0.718981,0.481741,0.435502,0.283341,0.350313,0.630696
13380,13439,13410,873.938,33.608,262.202,88.518,18.361,0.612,0.042,26.289236,23.991491,21.369841,19.822136,18.665634,16.892160,14.711808,13.885139,12.304333,11.016607,10.267587,9.554580,9.078234,8.388841,6.543489,21.735987,6.428387,2.484402,1.967461,0.442995,0.475075,0.352783,0.417569,0.304921,0.341241,0.308878,0.309730,0.330144,0.298347,0.471308,0.651084,0.478720,0.431602,0.287436,0.337891,0.564597
13440,13499,13470,873.986,33.550,247.220,85.579,18.008,0.619,0.041,24.825783,22.342346,20.861111,19.083477,17.251282,14.623768,14.012059,13.013056,11.639578,10.535147,9.474092,9.536448,8.570292,8.082258,6.592201,19.902624,6.195980,2.242739,1.630749,0.472262,0.498992,0.389913,0.347990,0.371862,0.387541,0.346937,0.275825,0.317322,0.348522,0.370864,0.592708,0.433290,0.399692,0.301313,0.358876,0.591036
13500,13559,13530,874.003,33.532,228.016,85.528,19.100,0.660,0.042,23.143663,20.321934,18.725893,17.728188,15.786996,14.627079,12.449346,11.708703,10.468050,9.381566,8.951215,8.642283,7.981877,7.798311,5.883696,18.816870,5.584436,1.636150,1.473781,0.338110,0.436180,0.320055,0.299204,0.348093,0.273420,0.374643,0.371385,0.356503,0.342513,0.534326,0.706432,0.543953,0.456701,0.273053,0.327792,0.603944
13560,13619,13590,874.010,33.498,218.563,87.009,20.124,0.683,0.043,22.855200,20.726713,18.034492,16.434652,15.004969,13.170438,12.022114,10.973077,9.688783,8.889226,8.601367,8.181321,7.516836,7.025625,5.908243,18.634167,5.022269,1.481804,1.228217,0.369687,0.539279,0.310369,0.289862,0.361630,0.348080,0.309173,0.315239,0.332595,0.398028,0.438580,0.736486,0.498838,0.498785,0.280778,0.476207,0.660134
13620,13679,13650,874.009,33.433,208.914,84.557,19.326,0.669,0.042,19.986675,18.275360,17.073225,15.343077,14.373902,12.572636,12.097243,10.837072,9.386822,8.993385,8.450992,7.922802,7.760753,7.403078,5.634459,18.028000,4.753272,1.535456,1.438337,0.407802,0.467666,0.354837,0.366554,0.300436,0.359940,0.326796,0.213336,0.324003,0.360966,0.511356,0.739578,0.450426,0.561608,0.283539,0.400633,0.618170
13680,13739,13710,873.995,33.357,211.022,87.412,20.420,0.691,0.043,19.904158,18.550810,16.269718,14.991040,14.650432,13.667060,12.177424,10.874133,9.702252,8.919580,8.698783,8.371946,7.785185,7.310054,6.007138,18.025480,4.734979,1.617567,1.338590,0.398807,0.503600,0.310073,0.362106,0.402264,0.401138,0.389395,0.331925,0.419735,0.352401,0.477444,0.700511,0.531941,0.341575,0.361810,0.413582,0.727782
13740,13799,13770,874.031,33.411,218.098,81.030,17.794,0.649,0.039,20.942553,18.497028,17.242842,16.243694,15.462320,13.893279,12.570092,11.220462,10.298553,9.434618,8.475717,8.339413,8.122562,7.946988,6.078963,18.599951,5.017542,1.781745,1.350446,0.384066,0.496742,0.327779,0.300773,0.351803,0.288377,0.300117,0.242040,0.385288,0.292383,0.503766,0.649579,0.470279,0.395319,0.313113,0.326279,0.552013
13800,13859,13830,874.017,33.397,230.926,84.220,18.557,0.651,0.041,22.109861,20.493464,18.235355,17.595753,16.099800,14.532503,13.502141,11.654456,11.270176,10.014749,9.158931,9.070708,8.187409,7.595988,6.529597,19.100039,5.555055,1.962003,1.474156,0.484926,0.434709,0.367004,0.367144,0.317236,0.333949,0.294280,0.307119,0.315289,0.288810,0.399937,0.635741,0.551483,0.494693,0.303905,0.322149,0.565474
13860,13919,13890,874.037,33.322,275.388,86.881,17.326,0.587,0.041,26.501425,24.537140,22.985893,21.196661,19.907562,18.114052,16.186771,14.796351,12.744661,12.177410,11.036642,10.215640,10.055598,8.543114,6.624621,21.566643,6.785859,3.067578,1.990547,0.518803,0.477068,0.330277,0.257288,0.377637,0.315211,0.221691,0.288029,0.267832,0.321014,0.403246,0.590370,0.470954,0.381607,0.305763,0.324988,0.502033
13920,13979,13950,874.072,33.238,276.395,79.943,14.719,0.542,0.036,27.122883,24.913229,23.215462,21.269957,20.290791,17.756914,15.674274,14.248691,13.454987,12.143343,11.133151,10.519480,9.957846,8.483646,6.960742,21.935265,6.668475,3.024523,1.953087,0.475426,0.492428,0.360675,0.310845,0.288890,0.283886,0.212832,0.256214,0.244693,0.255652,0.320863,0.563028,0.372811,0.301010,0.260955,0.268092,0.400251
13980,14039,14010,874.106,33.188,269.442,75.520,13.483,0.520,0.034,26.889849,23.974846,21.935577,20.747643,19.247541,17.457861,16.019409,14.511752,12.326670,12.669060,10.684304,9.943641,9.619579,8.315844,6.898046,21.628378,6.653383,2.766539,1.908729,0.450135,0.434290,0.255658,0.328761,0.264929,0.327556,0.290608,0.275251,0.182849,0.222816,0.316045,0.453975,0.326773,0.289845,0.195423,0.217196,0.411196
14040,14099,14070,874.149,33.112,255.600,69.288,11.977,0.510,0.030,25.175936,23.279844,20.912622,19.683165,18.456625,16.783649,15.264232,13.227091,12.063375,11.068613,10.391954,9.654843,9.202851,8.184632,6.649712,20.395224,6.253341,2.577048,1.621006,0.421263,0.378267,0.300982,0.199234,0.260837,0.249602,0.254012,0.234883,0.233626,0.250423,0.344743,0.413804,0.303487,0.232074,0.178189,0.149063,0.349937
14100,14159,14130,874.185,33.229,255.320,65.448,11.060,0.492,0.028,25.236708,24.246035,21.284683,20.603352,18.307631,16.313297,14.937199,13.534557,12.058633,11.009870,10.026304,9.740797,8.703625,7.928030,6.736152,20.743813,6.121887,2.248917,1.324304,0.350073,0.351241,0.288673,0.273108,0.272119,0.243961,0.133981,0.178606,0.144010,0.233077,0.228056,0.334174,0.287880,0.216002,0.161879,0.199827,0.317484
14160,14219,14190,874.266,33.476,291.025,62.384,8.194,0.388,0.024,29.594652,26.725677,25.330910,23.888744,20.947296,19.174314,17.823505,16.141996,13.985544,12.528558,11.319037,10.870852,10.341050,8.625981,6.642894,21.786144,7.349895,2.754964,1.658455,0.450668,0.371872,0.248965,0.271641,0.210232,0.171779,0.161175,0.161062,0.139438,0.127350,0.250020,0.237606,0.177535,0.143892,0.110036,0.139596,0.161421
14220,14279,14250,874.365,33.563,285.994,63.603,9.168,0.418,0.025,29.258127,25.625576,25.187124,23.117867,21.433596,19.032631,17.439297,14.946686,13.546418,12.676040,11.207766,10.631311,9.935272,8.819039,6.405117,21.784361,6.935639,2.974119,1.654132,0.337249,0.334292,0.271983,0.248067,0.172335,0.126934,0.100013,0.132923,0.217931,0.121204,0.154743,0.244869,0.216830,0.156878,0.122028,0.159914,0.265767
