CampaignData_and_Merges/R0/CSL_MobileLab_Parked/raw/20240726/USOS-NOAAIodideCIMS-OrgNitrs_MobileLabGround_20240726_RA.ict
37, 1001
Michael A Robinson, Chris Jernigan, Subi Thakali
NOAA ESRL Chemical Sciences Laboratory and CIRES, U. of Colorado
NOAA Iodide CIMS Instrument
USOS
1, 1
2024, 07, 26, 2024, 07, 27
1
starttime_UTC, seconds_past_midnight, seconds_of_day_since_00:00:00_UTC
5
1, 1, 1, 1, 1
-9999, -9999, -9999, -9999, -9999
C4H7NO5_NOAACIMS, pptv, Gas_C4H7NO5_InSitu_S_AVMR, 
ISOPN_NOAACIMS, pptv, Gas_ISOPN_InSitu_S_AVMR, 
C5H10O3_NOAACIMS, pptv, Gas_C5H10O3_InSitu_S_AVMR, 
C5H9NO5_NOAACIMS, pptv, Gas_C5H9NO5_InSitu_S_AVMR, 
C10H17NO4_NOAACIMS, pptv, Gas_C10H17NO4_InSitu_S_AVMR, 
0
18
PI_CONTACT_INFO: 325 Broadway, R/CSD 7, Boulder, Colorado 80305; michael.a.robinson@noaa.gov; chris.jernigan@noaa.gov;
PLATFORM: NOAA CSL Mobile Lab
LOCATION: SLC, Utah
ASSOCIATED_DATA: 1Hz data also available on request.
INSTRUMENT_INFO: NOAA I- ToF CIMS
DATA_INFO: All data in parts per trillion by volume (pptv). 1 Hz data is available upon request.
UNCERTAINTY: TBD
ULOD_FLAG: -7777
ULOD_VALUE: N/A
LLOD_FLAG: -8888
LLOD_VALUE: N/A
DM_CONTACT_INFO: Nathan Howard; nathan.h.howard@noaa.gov
PROJECT_INFO: USOS, summer 2024. https://csl.noaa.gov/groups/csl7/measurements/2024usos/
STIPULATIONS_ON_USE: Users are strongly encouraged to contact the PI for proper data usage.
OTHER_COMMENTS: 
REVISION: RA
RA: Preliminary Data; For in-field use only
starttime_UTC, C4H7NO5_NOAACIMS, ISOPN_NOAACIMS, C5H10O3_NOAACIMS, C5H9NO5_NOAACIMS, C10H17NO4_NOAACIMS
[from data line 677]
 40620,  1.098,  0.731, 13.348,  1.951,  1.424
 40680,  1.111,  0.673, 13.027,  1.919,  1.409
 40740,  1.120,  0.961, 13.369,  2.023,  1.410
 40800,  1.123,  0.843, 12.880,  1.887,  1.311
 40860,  1.131,  0.830, 13.686,  2.109,  1.473
 40920, -9999.000, -9999.000, -9999.000, -9999.000, -9999.000
 40980,  0.994,  0.821, 10.536,  1.984,  1.286
 41040,  1.067,  0.684, 10.945,  1.885,  1.296
 41100,  1.115,  0.802, 12.326,  2.037,  1.460
 41160,  1.115,  0.973, 12.244,  2.009,  1.429
 41220,  1.094,  0.988, 12.781,  1.939,  1.378
 41280,  1.109,  0.773, 12.379,  2.020,  1.380
 41340,  1.169,  0.712, 12.364,  2.102,  1.344
 41400,  1.146,  0.850, 12.261,  2.127,  1.350
 41460,  1.122,  0.923, 13.518,  2.072,  1.470
 41520,  1.159,  0.978, 12.753,  2.111,  1.388
 41580,  1.134,  0.722, 12.587,  2.062,  1.477
 41640,  1.133,  1.021, 12.665,  2.194,  1.435
 41700,  1.146,  0.992, 12.857,  2.145,  1.463
 41760,  1.133,  0.981, 13.073,  2.104,  1.447
 41820,  1.165,  0.926, 13.380,  2.096,  1.349
 41880,  1.147,  0.835, 13.336,  2.171,  1.437
 41940,  1.145,  1.136, 12.775,  2.075,  1.479
 42000,  1.170,  1.068, 13.108,  2.241,  1.490
 42060,  1.137,  0.979, 12.472,  2.106,  1.509
 42120,  1.138,  0.882, 12.556,  2.101,  1.467
 42180,  1.169,  1.007, 13.510,  1.954,  1.464
 42240,  1.181,  0.895, 13.556,  2.200,  1.503
 42300,  1.138,  1.081, 12.829,  2.201,  1.535
 42360,  1.148,  1.134, 13.353,  2.044,  1.497
 42420,  1.130,  0.952, 13.606,  2.090,  1.575
 42480,  1.142,  1.135, 13.406,  2.269,  1.577
 42540,  1.178,  1.136, 14.308,  2.013,  1.481
 42600,  1.185,  0.936, 13.432,  2.030,  1.646
 42660,  1.170,  0.996, 13.174,  2.158,  1.660
 42720,  1.168,  1.043, 12.734,  2.089,  1.522
 42780,  1.109,  0.911, 13.077,  2.066,  1.291
 42840,  1.167,  0.969, 11.996,  1.984,  1.521
 42900,  1.146,  1.257, 13.281,  2.118,  1.578
 42960,  1.125,  1.151, 12.809,  2.178,  1.684
 43020,  1.126,  0.983, 13.003,  1.991,  1.657
 43080,  1.171,  1.070, 13.024,  2.051,  1.502
 43140,  1.158,  1.217, 13.532,  2.057,  1.662
 43200,  1.168,  1.123, 13.362,  2.124,  1.636
 43260,  1.114,  1.128, 13.498,  2.102,  1.669
 43320,  1.163,  1.042, 13.722,  2.089,  1.684
 43380,  1.164,  1.086, 13.131,  2.129,  1.605
 43440,  1.157,  0.956, 13.465,  2.062,  1.580
 43500,  1.158,  1.138, 13.496,  2.003,  1.573
 43560,  1.182,  1.094, 13.432,  2.070,  1.592
 43620,  1.177,  1.098, 14.083,  2.156,  1.551
 43680,  1.187,  1.184, 13.613,  2.134,  1.677
 43740,  1.171,  0.939, 13.176,  2.022,  1.587
 43800,  1.185,  0.809, 13.549,  2.011,  1.609
 43860,  1.178,  1.003, 14.275,  2.008,  1.630
 43920,  1.170,  1.072, 13.756,  2.020,  1.649
 43980,  1.152,  1.068, 13.236,  1.965,  1.646
 44040,  1.156,  1.117, 13.610,  1.963,  1.550
 44100,  1.173,  1.151, 13.882,  1.989,  1.736
 44160,  1.188,  0.944, 13.702,  2.087,  1.695
 44220,  1.176,  1.054, 14.184,  2.044,  1.595
 44280,  1.191,  1.030, 14.383,  2.081,  1.647
 44340,  1.152,  0.986, 13.538,  2.046,  1.643
 44400,  1.185,  0.967, 13.813,  1.962,  1.595
 44460,  1.135,  1.049, 13.657,  2.074,  1.623
 44520,  1.146,  1.028, 14.185,  2.094,  1.509
 44580,  1.192,  1.041, 14.571,  2.067,  1.507
 44640, -9999.000, -9999.000, -9999.000, -9999.000, -9999.000
 44700,  1.099,  0.791, 10.960,  1.818,  1.536
 44760,  1.125,  1.043, 13.152,  1.918,  1.559
 44820,  1.124,  0.891, 12.909,  2.012,  1.455
 44880,  1.124,  1.024, 13.403,  1.994,  1.615
 44940,  1.173,  1.053, 13.753,  1.904,  1.673
 45000,  1.106,  1.070, 13.821,  1.951,  1.671
 45060,  1.118,  1.027, 13.345,  1.942,  1.505
 45120,  1.115,  0.999, 13.159,  1.890,  1.632
 45180,  1.111,  1.011, 14.235,  1.949,  1.641
 45240,  1.137,  0.945, 13.769,  2.057,  1.623
 45300,  1.138,  1.110, 13.885,  1.903,  1.638
 45360,  1.046,  1.092, 14.000,  1.872,  1.687
 45420,  1.062,  0.859, 13.747,  1.834,  1.643
 45480,  1.056,  0.922, 14.151,  1.880,  1.538
 45540,  1.033,  1.078, 13.656,  1.821,  1.604
 45600,  1.023,  1.035, 14.070,  1.909,  1.533
 45660,  1.012,  1.087, 14.238,  1.860,  1.574
 45720,  1.004,  1.251, 14.388,  1.751,  1.536
 45780,  0.961,  0.994, 13.356,  1.739,  1.549
 45840,  0.993,  0.788, 14.505,  1.846,  1.413
 45900,  0.998,  1.101, 14.405,  1.894,  1.456
 45960,  0.969,  1.167, 14.202,  1.731,  1.364
 46020,  0.977,  0.899, 13.578,  1.630,  1.377
 46080,  0.893,  1.031, 13.066,  1.577,  1.363
 46140,  0.896,  0.854, 13.727,  1.608,  1.367
 46200,  0.913,  0.882, 13.557,  1.632,  1.331
 46260,  0.945,  1.000, 13.842,  1.530,  1.334
 46320,  0.872,  0.917, 13.139,  1.480,  1.331
 46380,  0.897,  0.989, 12.554,  1.591,  1.344
 46440,  0.896,  1.009, 12.895,  1.436,  1.231
 46500, -9999.000, -9999.000, -9999.000, -9999.000, -9999.000
 46560,  0.891,  1.040, 13.156,  1.629,  1.170
 46620,  0.873,  0.814, 13.530,  1.442,  1.257
 46680,  0.850,  0.824, 13.288,  1.428,  1.086
 46740,  0.844,  1.026, 14.865,  1.597,  1.192
 46800,  0.873,  0.865, 14.331,  1.488,  1.233
 46860,  0.890,  0.784, 14.009,  1.542,  1.315
 46920,  0.964,  1.085, 14.455,  1.713,  1.499
 46980,  0.914,  1.219, 14.761,  1.531,  1.341
 47040,  0.935,  0.879, 14.241,  1.527,  1.266
 47100,  0.847,  1.004, 14.941,  1.523,  1.205
 47160,  0.819,  0.841, 13.580,  1.497,  1.136
 47220,  0.722,  0.799, 11.191,  1.214,  1.100
 47280,  0.690,  0.887, 11.120,  1.073,  1.004
 47340,  0.648,  0.945, 11.626,  1.125,  1.092
 47400,  0.669,  0.860, 10.965,  1.170,  1.049
 47460,  0.660,  0.815, 10.496,  1.183,  1.027
 47520,  0.677,  0.671,  9.549,  1.018,  1.007
 47580,  0.659,  0.778, 10.341,  1.102,  1.034
 47640,  0.672,  0.666, 10.253,  1.118,  0.976
 47700,  0.674,  0.778, 10.418,  1.065,  0.983
 47760,  0.675,  0.814, 10.363,  1.149,  0.984
 47820,  0.694,  0.716,  9.665,  1.112,  0.909
 47880,  0.703,  0.658, 10.460,  1.145,  0.874
 47940,  0.710,  0.950, 10.707,  1.193,  0.898
 48000,  0.762,  0.970, 10.517,  1.253,  0.915
 48060,  0.814,  0.864, 10.787,  1.501,  1.016
 48120,  0.825,  0.857, 11.214,  1.458,  1.004
 48180,  0.765,  0.581, 10.347,  1.339,  1.021
 48240,  0.722,  0.812, 10.310,  1.320,  0.942
 48300,  0.722,  0.815, 11.207,  1.308,  0.970
 48360, -9999.000, -9999.000, -9999.000, -9999.000, -9999.000
 48420,  0.660,  0.854,  9.107,  1.177,  0.812
 48480,  0.733,  0.947,  9.544,  1.169,  0.874
 48540,  0.946,  0.943, 11.571,  1.603,  1.009
 48600,  1.046,  1.243, 12.758,  2.013,  1.130
 48660,  1.102,  1.109, 12.803,  2.133,  1.256
 48720,  1.129,  1.021, 13.364,  2.079,  1.330
 48780,  1.217,  1.392, 14.138,  2.165,  1.323
 48840,  1.273,  1.028, 14.120,  2.283,  1.298
 48900,  1.242,  1.173, 13.698,  2.345,  1.355
 48960,  1.279,  1.291, 14.409,  2.420,  1.369
 49020,  1.225,  1.297, 14.312,  2.440,  1.372
 49080,  1.165,  1.594, 13.285,  2.251,  1.410
 49140,  1.133,  1.231, 12.501,  2.074,  1.317
 49200,  1.111,  1.414, 13.161,  2.120,  1.456
 49260,  1.061,  1.424, 12.714,  2.035,  1.499
 49320,  1.058,  1.357, 12.246,  1.845,  1.560
 49380,  1.032,  1.332, 12.078,  1.957,  1.472
 49440,  0.984,  1.649, 12.084,  1.757,  1.648
 49500,  0.940,  1.591, 11.034,  1.730,  1.546
 49560,  0.974,  1.573, 11.226,  1.686,  1.605
 49620,  0.969,  1.549, 11.619,  1.790,  1.691
 49680,  0.945,  1.722, 10.903,  1.606,  1.787
 49740,  0.977,  1.521, 11.172,  1.652,  1.698
 49800,  0.980,  1.673, 10.873,  1.656,  1.685
 49860,  0.987,  1.812, 11.306,  1.700,  1.940
 49920,  0.990,  1.846, 12.053,  1.651,  1.959
 49980,  0.973,  1.549, 11.746,  1.731,  2.080
 50040,  0.987,  1.551, 11.604,  1.672,  1.947
 50100,  1.036,  1.729, 11.957,  1.812,  2.092
 50160,  1.064,  1.730, 11.771,  1.805,  2.103
 50220, -9999.000, -9999.000, -9999.000, -9999.000, -9999.000
 50280,  1.013,  1.465, 11.188,  1.727,  1.947
 50340,  1.027,  1.266, 11.613,  1.767,  1.953
 50400,  1.082,  1.354, 12.535,  1.895,  1.983
 50460,  1.095,  0.850, 10.218,  1.837,  1.695
 50520,  1.089,  1.227, 11.297,  1.858,  1.851
 50580,  1.064,  1.203, 11.133,  1.940,  1.788
 50640,  1.111,  1.393, 11.571,  1.941,  1.995
 50700,  1.094,  1.581, 10.624,  2.089,  1.919
 50760,  1.127,  1.357, 11.382,  1.732,  1.785
 50820,  1.139,  1.343, 10.346,  2.142,  1.743
 50880,  1.144,  1.282, 12.048,  2.101,  1.701
 50940,  1.213,  1.925, 11.359,  2.173,  1.802
 51000,  1.203,  1.451, 11.533,  2.134,  1.725
 51060,  1.196,  1.659, 11.432,  2.197,  1.644
 51120,  1.202,  2.027, 12.586,  2.329,  1.767
 51180,  1.252,  2.453, 11.849,  2.212,  2.050
 51240,  1.278,  2.523, 12.618,  2.081,  1.957
 51300,  1.293,  2.492, 11.711,  2.024,  1.878
 51360,  1.355,  3.299, 13.476,  2.218,  2.188
 51420,  1.313,  3.535, 12.642,  2.217,  2.393
 51480,  1.352,  3.590, 14.018,  2.254,  2.439
 51540,  1.341,  3.924, 12.711,  2.471,  2.334
 51600,  1.380,  3.650, 13.467,  2.250,  2.306
 51660,  1.387,  3.528, 13.397,  2.263,  2.262
 51720,  1.330,  2.881, 12.750,  2.047,  1.913
 51780,  1.403,  2.978, 12.160,  2.346,  1.839
 51840,  1.437,  3.201, 12.935,  2.312,  1.923
 51900,  1.450,  3.483, 13.625,  2.448,  2.100
 51960,  1.421,  3.747, 12.857,  2.155,  1.986
 52020,  1.432,  3.465, 13.382,  1.705,  1.707
 52080, -9999.000, -9999.000, -9999.000, -9999.000, -9999.000
 52140,  1.466,  3.431, 11.322,  2.058,  1.528
 52200,  1.475,  3.813, 11.937,  2.163,  1.717
 52260,  1.510,  3.894, 12.690,  2.264,  1.791
 52320,  1.557,  3.758, 12.852,  2.702,  1.684
 52380,  1.589,  3.604, 12.555,  2.615,  1.654
 52440,  1.641,  4.043, 12.343,  2.547,  1.765
 52500,  1.645,  4.168, 12.352,  2.624,  1.769
 52560,  1.653,  4.254, 13.868,  2.647,  1.725
 52620,  1.632,  4.229, 14.948,  2.612,  1.683
 52680,  1.689,  4.428, 15.322,  2.581,  1.649
 52740,  1.683,  4.099, 13.936,  2.614,  1.523
 52800, -9999.000, -9999.000, -9999.000, -9999.000, -9999.000
 52860, -9999.000, -9999.000, -9999.000, -9999.000, -9999.000
 52920, -9999.000, -9999.000, -9999.000, -9999.000, -9999.000
 52980, -9999.000, -9999.000, -9999.000, -9999.000, -9999.000
 53040, -9999.000, -9999.000, -9999.000, -9999.000, -9999.000
 53100, -9999.000, -9999.000, -9999.000, -9999.000, -9999.000
 53160, -9999.000, -9999.000, -9999.000, -9999.000, -9999.000
 53220, -9999.000, -9999.000, -9999.000, -9999.000, -9999.000
 53280, -9999.000, -9999.000, -9999.000, -9999.000, -9999.000
 53340, -9999.000, -9999.000, -9999.000, -9999.000, -9999.000
 53400, -9999.000, -9999.000, -9999.000, -9999.000, -9999.000
 53460, -9999.000, -9999.000, -9999.000, -9999.000, -9999.000
 53520, -9999.000, -9999.000, -9999.000, -9999.000, -9999.000
 53580, -9999.000, -9999.000, -9999.000, -9999.000, -9999.000
 53640, -9999.000, -9999.000, -9999.000, -9999.000, -9999.000
 53700, -9999.000, -9999.000, -9999.000, -9999.000, -9999.000
 53760, -9999.000, -9999.000, -9999.000, -9999.000, -9999.000
 53820, -9999.000, -9999.000, -9999.000, -9999.000, -9999.000
 53880, -9999.000, -9999.000, -9999.000, -9999.000, -9999.000
 53940, -9999.000, -9999.000, -9999.000, -9999.000, -9999.000
 54000, -9999.000, -9999.000, -9999.000, -9999.000, -9999.000
 54060, -9999.000, -9999.000, -9999.000, -9999.000, -9999.000
 54120, -9999.000, -9999.000, -9999.000, -9999.000, -9999.000
 54180, -9999.000, -9999.000, -9999.000, -9999.000, -9999.000
 54240, -9999.000, -9999.000, -9999.000, -9999.000, -9999.000
 54300, -9999.000, -9999.000, -9999.000, -9999.000, -9999.000
 54360, -9999.000, -9999.000, -9999.000, -9999.000, -9999.000
 54420, -9999.000, -9999.000, -9999.000, -9999.000, -9999.000
 54480, -9999.000, -9999.000, -9999.000, -9999.000, -9999.000
 54540, -9999.000, -9999.000, -9999.000, -9999.000, -9999.000
 54600, -9999.000, -9999.000, -9999.000, -9999.000, -9999.000
 54660, -9999.000, -9999.000, -9999.000, -9999.000, -9999.000
 54720, -9999.000, -9999.000, -9999.000, -9999.000, -9999.000
 54780, -9999.000, -9999.000, -9999.000, -9999.000, -9999.000
 54840, -9999.000, -9999.000, -9999.000, -9999.000, -9999.000
 54900, -9999.000, -9999.000, -9999.000, -9999.000, -9999.000
 54960, -9999.000, -9999.000, -9999.000, -9999.000, -9999.000
 55020, -9999.000, -9999.000, -9999.000, -9999.000, -9999.000
 55080, -9999.000, -9999.000, -9999.000, -9999.000, -9999.000
 55140, -9999.000, -9999.000, -9999.000, -9999.000, -9999.000
 55200, -9999.000, -9999.000, -9999.000, -9999.000, -9999.000
 55260, -9999.000, -9999.000, -9999.000, -9999.000, -9999.000
 55320, -9999.000, -9999.000, -9999.000, -9999.000, -9999.000
 55380, -9999.000, -9999.000, -9999.000, -9999.000, -9999.000
 55440, -9999.000, -9999.000, -9999.000, -9999.000, -9999.000
 55500, -9999.000, -9999.000, -9999.000, -9999.000, -9999.000
 55560, -9999.000, -9999.000, -9999.000, -9999.000, -9999.000
 55620, -9999.000, -9999.000, -9999.000, -9999.000, -9999.000
 55680, -9999.000, -9999.000, -9999.000, -9999.000, -9999.000
 55740, -9999.000, -9999.000, -9999.000, -9999.000, -9999.000
 55800, -9999.000, -9999.000, -9999.000, -9999.000, -9999.000
 55860, -9999.000, -9999.000, -9999.000, -9999.000, -9999.000
 55920, -9999.000, -9999.000, -9999.000, -9999.000, -9999.000
 55980, -9999.000, -9999.000, -9999.000, -9999.000, -9999.000
 56040, -9999.000, -9999.000, -9999.000, -9999.000, -9999.000
 56100, -9999.000, -9999.000, -9999.000, -9999.000, -9999.000
 56160, -9999.000, -9999.000, -9999.000, -9999.000, -9999.000
 56220, -9999.000, -9999.000, -9999.000, -9999.000, -9999.000
 56280, -9999.000, -9999.000, -9999.000, -9999.000, -9999.000
 56340, -9999.000, -9999.000, -9999.000, -9999.000, -9999.000
 56400, -9999.000, -9999.000, -9999.000, -9999.000, -9999.000
 56460, -9999.000, -9999.000, -9999.000, -9999.000, -9999.000
 56520, -9999.000, -9999.000, -9999.000, -9999.000, -9999.000
 56580, -9999.000, -9999.000, -9999.000, -9999.000, -9999.000
 56640, -9999.000, -9999.000, -9999.000, -9999.000, -9999.000
 56700, -9999.000, -9999.000, -9999.000, -9999.000, -9999.000
 56760, -9999.000, -9999.000, -9999.000, -9999.000, -9999.000
 56820, -9999.000, -9999.000, -9999.000, -9999.000, -9999.000
 56880, -9999.000, -9999.000, -9999.000, -9999.000, -9999.000
 56940, -9999.000, -9999.000, -9999.000, -9999.000, -9999.000
 57000, -9999.000, -9999.000, -9999.000, -9999.000, -9999.000
 57060, -9999.000, -9999.000, -9999.000, -9999.000, -9999.000
 57120, -9999.000, -9999.000, -9999.000, -9999.000, -9999.000
 57180, -9999.000, -9999.000, -9999.000, -9999.000, -9999.000
 57240, -9999.000, -9999.000, -9999.000, -9999.000, -9999.000
 57300, -9999.000, -9999.000, -9999.000, -9999.000, -9999.000
 57360, -9999.000, -9999.000, -9999.000, -9999.000, -9999.000
 57420, -9999.000, -9999.000, -9999.000, -9999.000, -9999.000
 57480, -9999.000, -9999.000, -9999.000, -9999.000, -9999.000
 57540, -9999.000, -9999.000, -9999.000, -9999.000, -9999.000
 57600, -9999.000, -9999.000, -9999.000, -9999.000, -9999.000
 57660, -9999.000, -9999.000, -9999.000, -9999.000, -9999.000
 57720, -9999.000, -9999.000, -9999.000, -9999.000, -9999.000
 57780, -9999.000, -9999.000, -9999.000, -9999.000, -9999.000
 57840, -9999.000, -9999.000, -9999.000, -9999.000, -9999.000
 57900, -9999.000, -9999.000, -9999.000, -9999.000, -9999.000
 57960, -9999.000, -9999.000, -9999.000, -9999.000, -9999.000
 58020, -9999.000, -9999.000, -9999.000, -9999.000, -9999.000
 58080, -9999.000, -9999.000, -9999.000, -9999.000, -9999.000
 58140, -9999.000, -9999.000, -9999.000, -9999.000, -9999.000
 58200, -9999.000, -9999.000, -9999.000, -9999.000, -9999.000
 58260, -9999.000, -9999.000, -9999.000, -9999.000, -9999.000
 58320, -9999.000, -9999.000, -9999.000, -9999.000, -9999.000
 58380, -9999.000, -9999.000, -9999.000, -9999.000, -9999.000
 58440, -9999.000, -9999.000, -9999.000, -9999.000, -9999.000
 58500, -9999.000, -9999.000, -9999.000, -9999.000, -9999.000
 58560, -9999.000, -9999.000, -9999.000, -9999.000, -9999.000
 58620, -9999.000, -9999.000, -9999.000, -9999.000, -9999.000
 58680, -9999.000, -9999.000, -9999.000, -9999.000, -9999.000
 58740, -9999.000, -9999.000, -9999.000, -9999.000, -9999.000
 58800, -9999.000, -9999.000, -9999.000, -9999.000, -9999.000
 58860, -9999.000, -9999.000, -9999.000, -9999.000, -9999.000
