CampaignData_and_Merges/R0/CSL_MobileLab_Parked/raw/20240726/USOS-PTR_MobileLabGround_20240726_R0.ict
58, 1001
Matthew Coggon, Kelvin Bates, Chelsea Stockwell, Carsten Warneke
NOAA ESRL Chemical Sciences Division
NOAA PTR-ToF-MS
USOS
1,1 
2024, 07, 26, 2025, 09, 19
0
Time_Start, seconds, number of seconds from 00:00 UTC 
22
1, 1, 1, 1, 1, 1, 1, 1, 1, 1, 1, 1, 1, 1, 1, 1, 1, 1, 1, 1, 1, 1
-9999, -9999, -9999, -9999, -9999, -9999, -9999, -9999, -9999, -9999, -9999, -9999, -9999, -9999, -9999, -9999, -9999, -9999, -9999, -9999, -9999, -9999
CH3OH_NOAAPTR_ppbv,  ppbv, Gas_CH3OH_InSitu_S_AVMR, (CH3OH) methanol
CH3CN_NOAAPTR_ppbv,  ppbv, Gas_CH3CN_InSitu_S_AVMR, (CH3CN) acetonitrile
CH3CHO_NOAAPTR_ppbv,  ppbv, Gas_CH3CHO_InSitu_S_AVMR, (CH3CHO) acetaldehyde plus contributions from ethylene glycol and ethylene oxide. Interference from ethanol has been subtracted out.
C2H5OH_NOAAPTR_ppbv,  ppbv, Gas_C2H5OH_InSitu_S_AVMR, (C2H5OH) ethanol
CH3SH_NOAAPTR_ppbv,  ppbv, Gas_CH3SH_InSitu_S_AVMR, (CH3SH) methanethiol, using calibration factor for DMS
Acrolein_NOAAPTR_ppbv,  ppbv, Gas_Acrolein_InSitu_S_AVMR, (C3H4O) acrolein
AcetonePropanal_NOAAPTR_ppbv,  ppbv, Gas_AcetoneAndPropanal_InSitu_S_AVMR, (C3H6O) sum of acetone (dominant isomer) and propanal, using calibration factor for acetone
DMS_NOAAPTR_ppbv,  ppbv, Gas_DMS_InSitu_S_AVMR, (C2H6S) dimethyl sulfide with possible small contributions from ethanethiol
C5H8_NOAAPTR_ppbv,  ppbv, Gas_Isoprene_InSitu_S_AVMR, (C5H8) isoprene and possible fragments from cycloalkanes and aldehydes. Interferences have been subtracted following methods described by Coggon et al (2023)
MVKMAC_NOAAPTR_ppbv,  ppbv, Gas_MVKAndMAC_InSitu_S_AVMR, (C4H6O) sum of methyl vinyl ketone, methacrolein, and small amounts of crotonaldehyde, using weighted calibration factor for MVK (0.637) and MACR (0.363)
Benzene_NOAAPTR_ppbv,  ppbv, Gas_Benzene_InSitu_S_AVMR, (C6H6) benzene
Toluene_NOAAPTR_ppbv,  ppbv, Gas_Toluene_InSitu_S_AVMR, (C7H8) toluene with possible small contributions of fragments from ethyltoluene
Styrene_NOAAPTR_ppbv,  ppbv, Gas_Styrene_InSitu_S_AVMR, (C8H8) styrene
Benzaldehyde_NOAAPTR_ppbv,  ppbv, Gas_Benzaldehyde_InSitu_S_AVMR, (C7H6O) benzaldehyde
C8Aromatics_NOAAPTR_ppbv,  ppbv, Gas_C8Aromatics_InSitu_M_AVMR, (C8H10) sum of m-xylene, p-xylene, o-xylene, and ethyl benzene
C9Aromatics_NOAAPTR_ppbv,  ppbv, Gas_C9Aromatics_InSitu_M_AVMR, (C9H12) sum of C9 aromatics
Naphthalene_NOAAPTR_ppbv,  ppbv, Gas_Naphthalene_InSitu_S_AVMR, (C10H8) naphthalene
Octanal_NOAAPTR_ppbv,  ppbv, Gas_Octanal_InSitu_S_AVMR, (C8H16O) octanal and small amounts of octanone
Monoterpenes_NOAAPTR_ppbv,  ppbv, Gas_Monoterpenes_InSitu_M_AVMR, (C10H16) sum of monoterpenes and possible contributions from fragments of oxygenated monoterpenoids such as eucalyptol.
Nonanal_NOAAPTR_ppbv,  ppbv, Gas_Nonanal_InSitu_M_AVMR, (C9H18O) nonanal and small amounts of nonanone
C7H4ClF3_NOAAPTR_ppbv,  ppbv, Gas_C7H4ClF3_InSitu_S_AVMR, (C7H4ClF3) parachlorobenzotrifluoride
C10H30O5Si5_NOAAPTR_ppbv,  ppbv, Gas_C10H30O5Si5_InSitu_S_AVMR, (C10H30O5Si5) decamethylcyclopentasiloxane
1
SPECIAL COMMENTS:N/A
21
PI_CONTACT_INFO: NOAA ESRL Chemical Sciences Division, Tropospheric Chemistry Group. 325 Broadway, R/CSD7, Boulder, CO 80305
PLATFORM: Mobile Laboratory.
LOCATION: Salt Lake City, UT
ASSOCIATED_DATA: N/A
INSTRUMENT_INFO: NOAA PTR-ToF-MS measurements on NOAA CSL Mobile Lab
DATA_INFO: Units: ppbv
UNCERTAINTY: See OTHER_COMMENTS
ULOD_FLAG: -7777
ULOD_VALUE: N/A
LLOD_FLAG: -8888
LLOD_VALUE: N/A.
DM_CONTACT_INFO: Data Managers: Matt Coggon, Kelvin Bates, Chelsea Stockwell; email: matthew.m.coggon@noaa.gov and kelvin.bates@colorado.edu
PROJECT_INFO: USOS Deployment July-August, 2024
STIPULATIONS_ON_USE: Use of these data require prior OK from PI.
OTHER_COMMENTS: Uncertainties:
CH3OH_NOAAPTR_ppbv:30%; CH3CN_NOAAPTR_ppbv:30%; CH3CHO_NOAAPTR_ppbv:30%; C2H5OH_NOAAPTR_ppbv:30%; CH3SH_NOAAPTR_ppbv:50%; Acrolein_NOAAPTR_ppbv:30%; AcetonePropanal_NOAAPTR_ppbv:30%; DMS_NOAAPTR_ppbv:30%; C5H8_NOAAPTR_ppbv:30%; MVKMAC_NOAAPTR_ppbv:30%; 
Benzene_NOAAPTR_ppbv:30%; Toluene_NOAAPTR_ppbv:30%; Styrene_NOAAPTR_ppbv:30%; Benzaldehyde_NOAAPTR_ppbv:30%; C8Aromatics_NOAAPTR_ppbv:30%; C9Aromatics_NOAAPTR_ppbv:30%; Naphthalene_NOAAPTR_ppbv:30%; Octanal_NOAAPTR_ppbv:30%; Monoterpenes_NOAAPTR_ppbv:30%; Nonanal_NOAAPTR_ppbv:30%; 
C7H4ClF3_NOAAPTR_ppbv:30%; C10H30O5Si5_NOAAPTR_ppbv:30%; 
REVISION: R0
R0: Calibrated PTR Data. See individual species comments for details about measurement uncertainties
Time_Start, CH3OH_NOAAPTR_ppbv, CH3CN_NOAAPTR_ppbv, CH3CHO_NOAAPTR_ppbv, C2H5OH_NOAAPTR_ppbv, CH3SH_NOAAPTR_ppbv, Acrolein_NOAAPTR_ppbv, AcetonePropanal_NOAAPTR_ppbv, DMS_NOAAPTR_ppbv, C5H8_NOAAPTR_ppbv, MVKMAC_NOAAPTR_ppbv, Benzene_NOAAPTR_ppbv, Toluene_NOAAPTR_ppbv, Styrene_NOAAPTR_ppbv, Benzaldehyde_NOAAPTR_ppbv, C8Aromatics_NOAAPTR_ppbv, C9Aromatics_NOAAPTR_ppbv, Naphthalene_NOAAPTR_ppbv, Octanal_NOAAPTR_ppbv, Monoterpenes_NOAAPTR_ppbv, Nonanal_NOAAPTR_ppbv, C7H4ClF3_NOAAPTR_ppbv, C10H30O5Si5_NOAAPTR_ppbv
[from data line 297]
17820.0, 6.11259, 0.23903, 1.32348, 2.72445, 0.00710, 0.16942, 3.49151, 0.05853, 0.04891, 0.10433, 0.00901, 0.17026, 0.01812, -0.04850, 0.12586, 0.04675, 0.00716, 0.04525, 0.11540, 0.02013, 0.00656, 0.00103 
17880.0, 6.05400, 0.26441, 1.21378, 2.42702, 0.00987, 0.18381, 3.48944, 0.03971, 0.07333, 0.12094, -0.05431, 0.11247, -0.00909, -0.04130, 0.07975, 0.03480, -0.00879, 0.03402, 0.09505, 0.05776, 0.00839, 0.00391 
17940.0, 8.08434, 0.25795, 1.53075, 9.34516, 0.00577, 0.20048, 3.73454, 0.04881, 0.11607, 0.12445, 0.45584, 1.16334, 0.04411, -0.03482, 0.78415, 0.27039, 0.00525, 0.03844, 0.08541, 0.11745, 0.01374, 0.00266 
18000.0, 5.79068, 0.21846, 1.05676, 1.86545, 0.01024, 0.11703, 3.27052, 0.05793, 0.05073, 0.09340, -0.05455, 0.06577, -0.00910, -0.05371, 0.08175, 0.02955, -0.00165, 0.02606, 0.06942, 0.04261, 0.00214, 0.00181 
18060.0, 6.05742, 0.26883, 1.22371, 2.39259, 0.00330, 0.14223, 3.46049, 0.04373, 0.04519, 0.11074, -0.04126, 0.13609, 0.01225, -0.04702, 0.08040, 0.05054, -0.00540, 0.02173, 0.08211, 0.02814, 0.00096, 0.00271 
18120.0, 6.50694, 0.25705, 1.33915, 2.33896, 0.00668, 0.14761, 3.54671, 0.03780, 0.10592, 0.11944, -0.02311, 0.13860, -0.00912, -0.04502, 0.09603, 0.05271, -0.01316, 0.04965, 0.08112, 0.05638, 0.00656, 0.00652 
18180.0, 5.75106, 0.24021, 1.08561, 1.87090, 0.00635, 0.17995, 3.43566, 0.05088, 0.05692, 0.10544, -0.04940, 0.11017, -0.00912, -0.04039, 0.07412, 0.03698, 0.00734, 0.04504, 0.08041, 0.04439, 0.00436, 0.00447 
18240.0, 7.06488, 0.22355, 1.41565, 2.71888, 0.01117, 0.19626, 3.51184, 0.03878, 0.11307, 0.12191, 0.03484, 0.16198, 0.01284, -0.01621, 0.10046, 0.05173, -0.01250, 0.04240, 0.10227, 0.05257, 0.00358, 0.00324 
18300.0, 6.77898, 0.22010, 1.41219, 3.46543, 0.00827, 0.22088, 3.54750, 0.05168, 0.08645, 0.15218, 0.03591, 0.15017, -0.00525, -0.05100, 0.10403, 0.04986, -0.01260, 0.03586, 0.14441, 0.05385, 0.00276, 0.00505 
18360.0, 8.05717, 0.23881, 1.36724, 3.89810, 0.00978, 0.18881, 3.91245, 0.05612, 0.06241, 0.11160, -0.03939, 0.17735, 0.00164, -0.04945, 0.10375, 0.05107, -0.01355, 0.03511, 0.13503, 0.07167, 0.00264, 0.00908 
18420.0, 7.64426, 0.25486, 1.40980, 3.81604, 0.00399, 0.16561, 3.75471, 0.04809, 0.07871, 0.13338, 0.02372, 0.15764, 0.00144, -0.04994, 0.10930, 0.04581, 0.00077, 0.05487, 0.09612, 0.06415, 0.00853, 0.00883 
18480.0, 6.64331, 0.24678, 1.42700, 3.86790, 0.00391, 0.19059, 3.71968, 0.04549, 0.08942, 0.13615, 0.00859, 0.13211, 0.00910, -0.04166, 0.08752, 0.04233, -0.01069, 0.05109, 0.11458, 0.04609, 0.00544, 0.00243 
18540.0, 7.16807, 0.23392, 1.52633, 5.25389, 0.00941, 0.23189, 3.94123, 0.03860, 0.13654, 0.14102, -0.04989, 0.13583, 0.00109, -0.04189, 0.09832, 0.05157, -0.00944, 0.05684, 0.10519, 0.11464, 0.00711, 0.00912 
18600.0, 6.00128, 0.24876, 1.46019, 3.57442, 0.00802, 0.18396, 3.67487, 0.03976, 0.08958, 0.12733, -0.00100, 0.14797, -0.00918, -0.06425, 0.10778, 0.04249, -0.00708, 0.05076, 0.12176, 0.08862, 0.00410, 0.00458 
18660.0, 7.27735, 0.23930, 1.64831, 4.08065, 0.00762, 0.25136, 3.94806, 0.04308, 0.12180, 0.19298, 0.02029, 0.18372, 0.00537, -0.04379, 0.12057, 0.04870, -0.01367, 0.08046, 0.09188, 0.09393, 0.00025, 0.00319 
18720.0, 8.39424, 0.25121, 1.69715, 3.33496, 0.00835, 0.27310, 4.27547, 0.04423, 0.20123, 0.18437, 0.08620, 0.18835, 0.00895, 0.00030, 0.12703, 0.06242, 0.00382, 0.09593, 0.12255, 0.09646, 0.00524, 0.00686 
18780.0, 6.13593, 0.24136, 1.65558, 2.39345, 0.01907, 0.31185, 4.45865, 0.08211, 0.13387, 0.25610, -0.02269, 0.08764, -0.00786, -0.00887, 0.07327, 0.04565, 0.00772, 0.08664, 0.08281, 0.11129, 0.00161, 0.00494 
18840.0, 6.60209, 0.24324, 2.36435, 1.67465, 0.01916, 0.45619, 5.24076, 0.12360, 0.17170, 0.37007, 0.05612, 0.09653, 0.00555, 0.10262, 0.07167, 0.04428, -0.01375, 0.20053, 0.09102, 0.15538, 0.00740, 0.00231 
18900.0, 7.56346, 0.26932, 2.68600, 1.98245, 0.02226, 0.49468, 6.79752, 0.12637, 0.43422, 0.41145, 0.05642, 0.12301, -0.00922, 0.12320, 0.09403, 0.03750, -0.01377, 0.23026, 0.28953, 0.15549, 0.00716, 0.00154 
18960.0, 7.31885, 0.25754, 3.06594, 2.51871, 0.02374, 0.52479, 7.05128, 0.15995, 0.57059, 0.49702, 0.12286, 0.16168, -0.00922, 0.22424, 0.13375, 0.04994, -0.01380, 0.30922, 0.13215, 0.19320, 0.00060, 0.00632 
19020.0, 6.09861, 0.25284, 1.86274, 1.24507, 0.01926, 0.33115, 4.92476, 0.15153, 0.17730, 0.31816, 0.07555, 0.10704, -0.00448, 0.09060, 0.05987, 0.03118, -0.01382, 0.16697, 0.11594, 0.12639, 0.00326, 0.00442 
19080.0, 7.78586, 0.28531, 2.81291, 2.61202, 0.02888, 0.50745, 6.26637, 0.12408, 0.49790, 0.44274, 0.03362, 0.15717, -0.00924, 0.15389, 0.09366, 0.04827, -0.01385, 0.23746, 0.14511, 0.22894, 0.00380, 0.00385 
19140.0, 7.83379, 0.26144, 2.42970, 2.31469, 0.01189, 0.40294, 5.92291, 0.14951, 0.34603, 0.38601, 0.01217, 0.11367, -0.00582, 0.08706, 0.07528, 0.04602, -0.01111, 0.18490, 0.12786, 0.15716, 0.00286, 0.00347 
19200.0, 8.99362, 0.24010, 2.62432, 5.36381, 0.02814, 0.42189, 6.21541, 0.12433, 0.35767, 0.43939, 0.21089, 0.16042, 0.00906, 0.24947, 0.09113, 0.03696, -0.01390, 0.21037, 0.14698, 0.20199, 0.00745, 0.00210 
19260.0, 10.21457, 0.25949, 3.08788, 4.07965, 0.02972, 0.51105, 6.48267, 0.18799, 0.46408, 0.44071, 0.09519, 0.17011, 0.00422, 0.19003, 0.13344, 0.05255, -0.01393, 0.26238, 0.17965, 0.22007, 0.00305, 0.00439 
19320.0, 10.35000, 0.25255, 2.52264, 4.75422, 0.02357, 0.36919, 5.87459, 0.16703, 0.35504, 0.35612, 0.04263, 0.10861, 0.01138, 0.12785, 0.08372, 0.05009, -0.01395, 0.18255, 0.10817, 0.14698, 0.00224, 0.00303 
19380.0, 10.21136, 0.23145, 2.95165, 2.71200, 0.03468, 0.45123, 6.13387, 0.18245, 0.51768, 0.39851, 0.07334, 0.18494, 0.01243, 0.10078, 0.13651, 0.06043, 0.00557, 0.27548, 0.25035, 0.20505, 0.00681, 0.00354 
19440.0, 8.92281, 0.23417, 2.19671, 3.12194, 0.02347, 0.35774, 5.29969, 0.18967, 0.25777, 0.32492, 0.08917, 0.14735, -0.00928, 0.09091, 0.08179, 0.04841, -0.01400, 0.17371, 0.13710, 0.12957, 0.00336, 0.00517 
19500.0, 8.72905, 0.23174, 2.14071, 2.64753, 0.01741, 0.37865, 5.24346, 0.17506, 0.33222, 0.31341, 0.01198, 0.11955, -0.00929, 0.03188, 0.06897, 0.03311, -0.01403, 0.16370, 0.19513, 0.16443, 0.00381, 0.00249 
19560.0, 10.94052, 0.26262, 2.56065, 3.06776, 0.03878, 0.39076, 5.56707, 0.20954, 0.40564, 0.34843, 0.07415, 0.14735, 0.02115, 0.08129, 0.11932, 0.05895, -0.01215, 0.17723, 0.20734, 0.14651, 0.00936, 0.00301 
19620.0, 11.41949, 0.25932, 2.57584, 3.37841, 0.02542, 0.42057, 5.59562, 0.21451, 0.39328, 0.33564, 0.04953, 0.17985, 0.01623, 0.07569, 0.12448, 0.05851, -0.01408, 0.17356, 0.22500, 0.16300, 0.00669, 0.00524 
19680.0, 10.71253, 0.25260, 2.20618, 2.65581, 0.02537, 0.33317, 5.06559, 0.19597, 0.22261, 0.28316, 0.03568, 0.15771, 0.01018, 0.03754, 0.09595, 0.04595, 0.02489, 0.15448, 0.23597, 0.12521, 0.00339, 0.00549 
19740.0, 12.67216, 0.25842, 2.76431, 3.18625, 0.02636, 0.44291, 5.87074, 0.16971, 0.51501, 0.36003, 0.02356, 0.16199, 0.01025, 0.10756, 0.11014, 0.03319, -0.01413, 0.21331, 0.26295, 0.19706, 0.00363, 0.00744 
19800.0, 8.87088, 0.24406, 1.83827, 2.01505, 0.02134, 0.31478, 4.68052, 0.17677, 0.24793, 0.22857, 0.01505, 0.13729, -0.00933, 0.06147, 0.07071, 0.03036, -0.00243, 0.11065, 0.13988, 0.09337, 0.00473, 0.00287 
19860.0, 10.91300, 0.25491, 2.17225, 2.54163, 0.02525, 0.31239, 5.07563, 0.20262, 0.30524, 0.31299, 0.03959, 0.17075, 0.01162, 0.03974, 0.09626, 0.04235, -0.01418, 0.16242, 0.17029, 0.12273, 0.00334, 0.00815 
19920.0, 14.62099, 0.25265, 2.60938, 4.13389, 0.02883, 0.37686, 5.44798, 0.21388, 0.32475, 0.36235, 0.01419, 0.14234, -0.00934, 0.07688, 0.09877, 0.06427, -0.01420, 0.19101, 0.23185, 0.17368, 0.00909, 0.00542 
19980.0, 15.50000, 0.25629, 3.11251, 3.84677, 0.03333, 0.49711, 6.03170, 0.20027, 0.45645, 0.40442, 0.03023, 0.19845, 0.01427, 0.09964, 0.13187, 0.04996, -0.00478, 0.21168, 0.20533, 0.16161, -0.00017, 0.00734 
20040.0, 14.49901, 0.23994, 2.64755, 4.41332, 0.03151, 0.42198, 5.61926, 0.22022, 0.36908, 0.37063, -0.03510, 0.14469, 0.02341, 0.07218, 0.07902, 0.03335, -0.01413, 0.19641, 0.17468, 0.14176, 0.00637, 0.00658 
20100.0, 15.68911, 0.27045, 2.84528, 5.03585, 0.02815, 0.46018, 6.00043, 0.18159, 0.36703, 0.36368, 0.11102, 0.24421, -0.00937, 0.06849, 0.17501, 0.08290, -0.00104, 0.20417, 0.22803, 0.20038, 0.01095, 0.00296 
20160.0, 14.96471, 0.30036, 2.38471, 3.81938, 0.03685, 0.35918, 5.39838, 0.21050, 0.34071, 0.32915, 0.04343, 0.12745, 0.01541, 0.09670, 0.07726, 0.05898, -0.01430, 0.16900, 0.18284, 0.14342, 0.00601, 0.00389 
20220.0, 11.34204, 0.30564, 2.20020, 3.47496, 0.01807, 0.35473, 5.24305, 0.19877, 0.24203, 0.30913, -0.03810, 0.14583, -0.00938, 0.05588, 0.08060, 0.02630, -0.00058, 0.16124, 0.19206, 0.14186, 0.00191, 0.00504 
20280.0, 9.79742, 0.28407, 1.92823, 2.87038, 0.01829, 0.32662, 4.83775, 0.14531, 0.22005, 0.26271, -0.00113, 0.12786, 0.03290, 0.04174, 0.08385, 0.03028, -0.01435, 0.14938, 0.14997, 0.10992, 0.00613, 0.00598 
20340.0, 9.16062, 0.28619, 1.73739, 2.30090, 0.02290, 0.30862, 4.66701, 0.16105, 0.15014, 0.24652, 0.01554, 0.09275, 0.01329, 0.05968, 0.06485, 0.01261, -0.01438, 0.12565, 0.15713, 0.09211, 0.00084, 0.00540 
20400.0, 12.58529, 0.33235, 2.15014, 3.21111, 0.02649, 0.35682, 5.25229, 0.15853, 0.32628, 0.30514, 0.02967, 0.13690, -0.00200, 0.07138, 0.07119, 0.03577, -0.01440, 0.18634, 0.18754, 0.13883, 0.00317, 0.00478 
20460.0, 10.31647, 0.38534, 2.04558, 2.05529, 0.02295, 0.34124, 5.25730, 0.15914, 0.24051, 0.27506, 0.04058, 0.10923, 0.00790, 0.06921, 0.06899, 0.02888, -0.00157, 0.15957, 0.16281, 0.10483, 0.00234, 0.00128 
20520.0, 11.56051, 0.41355, 2.06601, 2.83770, 0.01173, 0.31417, 5.32872, 0.13258, 0.24268, 0.29118, 0.05637, 0.12671, -0.00066, 0.05361, 0.06349, 0.02559, -0.00779, 0.19092, 0.21413, 0.16645, 0.00800, 0.00229 
20580.0, 10.51862, 0.35096, 2.01014, 2.58627, 0.02189, 0.33701, 5.21174, 0.11186, 0.28660, 0.26716, 0.00172, 0.11454, -0.00943, 0.02850, 0.09448, 0.02864, -0.01169, 0.18580, 0.20172, 0.09068, 0.00226, 0.00282 
20640.0, 9.92157, 0.35244, 1.85403, 2.19540, 0.01252, 0.27557, 5.17190, 0.09531, 0.24283, 0.27439, 0.01118, 0.09415, -0.00244, 0.03692, 0.07688, 0.03671, -0.00395, 0.16548, 0.18316, 0.10599, 0.00223, 0.00126 
20700.0, 13.07404, 0.35536, -9999.00000, 2.71729, 0.01698, 0.33770, 5.55350, 0.10992, -9999.00000, 0.26807, 0.08940, 0.14242, 0.01184, 0.07494, 0.08678, 0.03634, -0.01453, 0.18141, 0.19075, 0.13608, -0.00045, 0.00416 
20760.0, -9999.00000, -9999.00000, -9999.00000, -9999.00000, -9999.00000, -9999.00000, -9999.00000, -9999.00000, -9999.00000, -9999.00000, -9999.00000, -9999.00000, -9999.00000, -9999.00000, -9999.00000, -9999.00000, -9999.00000, -9999.00000, -9999.00000, -9999.00000, -9999.00000, -9999.00000 
20820.0, -9999.00000, -9999.00000, -9999.00000, -9999.00000, -9999.00000, -9999.00000, -9999.00000, -9999.00000, -9999.00000, -9999.00000, -9999.00000, -9999.00000, -9999.00000, -9999.00000, -9999.00000, -9999.00000, -9999.00000, -9999.00000, -9999.00000, -9999.00000, -9999.00000, -9999.00000 
20880.0, -9999.00000, -9999.00000, -9999.00000, -9999.00000, -9999.00000, -9999.00000, -9999.00000, -9999.00000, -9999.00000, -9999.00000, -9999.00000, -9999.00000, -9999.00000, -9999.00000, -9999.00000, -9999.00000, -9999.00000, -9999.00000, -9999.00000, -9999.00000, -9999.00000, -9999.00000 
20940.0, -9999.00000, -9999.00000, -9999.00000, -9999.00000, -9999.00000, -9999.00000, -9999.00000, -9999.00000, -9999.00000, -9999.00000, -9999.00000, -9999.00000, -9999.00000, -9999.00000, -9999.00000, -9999.00000, -9999.00000, -9999.00000, -9999.00000, -9999.00000, -9999.00000, -9999.00000 
21000.0, -9999.00000, -9999.00000, -9999.00000, -9999.00000, -9999.00000, -9999.00000, -9999.00000, -9999.00000, -9999.00000, -9999.00000, -9999.00000, -9999.00000, -9999.00000, -9999.00000, -9999.00000, -9999.00000, -9999.00000, -9999.00000, -9999.00000, -9999.00000, -9999.00000, -9999.00000 
21060.0, -9999.00000, -9999.00000, -9999.00000, -9999.00000, -9999.00000, -9999.00000, -9999.00000, -9999.00000, -9999.00000, -9999.00000, -9999.00000, -9999.00000, -9999.00000, -9999.00000, -9999.00000, -9999.00000, -9999.00000, -9999.00000, -9999.00000, -9999.00000, -9999.00000, -9999.00000 
21120.0, -9999.00000, -9999.00000, -9999.00000, -9999.00000, -9999.00000, -9999.00000, -9999.00000, -9999.00000, -9999.00000, -9999.00000, -9999.00000, -9999.00000, -9999.00000, -9999.00000, -9999.00000, -9999.00000, -9999.00000, -9999.00000, -9999.00000, -9999.00000, -9999.00000, -9999.00000 
21180.0, -9999.00000, -9999.00000, -9999.00000, -9999.00000, -9999.00000, -9999.00000, -9999.00000, -9999.00000, -9999.00000, -9999.00000, -9999.00000, -9999.00000, -9999.00000, -9999.00000, -9999.00000, -9999.00000, -9999.00000, -9999.00000, -9999.00000, -9999.00000, -9999.00000, -9999.00000 
21240.0, -9999.00000, -9999.00000, -9999.00000, -9999.00000, -9999.00000, -9999.00000, -9999.00000, -9999.00000, -9999.00000, -9999.00000, -9999.00000, -9999.00000, -9999.00000, -9999.00000, -9999.00000, -9999.00000, -9999.00000, -9999.00000, -9999.00000, -9999.00000, -9999.00000, -9999.00000 
21300.0, -9999.00000, -9999.00000, -9999.00000, -9999.00000, -9999.00000, -9999.00000, -9999.00000, -9999.00000, -9999.00000, -9999.00000, -9999.00000, -9999.00000, -9999.00000, -9999.00000, -9999.00000, -9999.00000, -9999.00000, -9999.00000, -9999.00000, -9999.00000, -9999.00000, -9999.00000 
21360.0, 15.75136, 0.45158, -9999.00000, 3.37977, 0.02147, 0.36199, 5.72509, 0.13268, -9999.00000, 0.28977, 0.02353, 0.14488, 0.01234, 0.07414, 0.10641, 0.07767, -0.00079, 0.20392, 0.23309, 0.17701, 0.00344, 0.00145 
21420.0, 16.70285, 0.34920, 2.32962, 3.02819, 0.01391, 0.33391, 5.67898, 0.12486, 0.36179, 0.28685, 0.15541, 0.16709, 0.04015, 0.09272, 0.10463, 0.05966, -0.01483, 0.21646, 0.21211, 0.16292, 0.00189, 0.00488 
21480.0, 17.39256, 0.30610, 2.19632, 3.03357, 0.01479, 0.34080, 5.59935, 0.10727, 0.37700, 0.29243, 0.08968, 0.15200, 0.01368, 0.05058, 0.07542, 0.04588, -0.00989, 0.20631, 0.23432, 0.14315, 0.00494, 0.00510 
21540.0, 18.55594, 0.33845, 2.21266, 3.32838, 0.02168, 0.34970, 5.60764, 0.11828, 0.33443, 0.29101, 0.03491, 0.22006, 0.00791, 0.05722, 0.09665, 0.04433, -0.00990, 0.17244, 0.20958, 0.15131, 0.00339, 0.00129 
21600.0, 18.99032, 0.29451, 2.38055, 3.73640, 0.01938, 0.37043, 5.74733, 0.11585, 0.38598, 0.30056, -0.01086, 0.18748, 0.00769, 0.02488, 0.12468, 0.05027, -0.00914, 0.17082, 0.21878, 0.11793, 0.00448, 0.00362 
21660.0, 17.83587, 0.28064, 2.05844, 2.95871, 0.01956, 0.32640, 5.63121, 0.12100, 0.32319, 0.27716, 0.06589, 0.17338, 0.02110, 0.02800, 0.11345, 0.04977, -0.01493, 0.19374, 0.20255, 0.15317, 0.00703, 0.00260 
21720.0, 17.11614, 0.28389, 1.99144, 3.10777, 0.01192, 0.32197, 5.26113, 0.12555, 0.34988, 0.26866, -0.01519, 0.15469, 0.02837, 0.04396, 0.06683, 0.04462, -0.00432, 0.15256, 0.19551, 0.15721, 0.00848, 0.00529 
21780.0, 11.31241, 0.26937, 1.38100, 1.60144, 0.01202, 0.26050, 4.62295, 0.12360, 0.24370, 0.23477, 0.02132, 0.08764, 0.00714, 0.00658, 0.04977, 0.03327, -0.01382, 0.13714, 0.15580, 0.09434, 0.00469, -0.00039 
21840.0, 17.57397, 0.26524, 1.94710, 2.70129, 0.01632, 0.30121, 5.29588, 0.12006, 0.34026, 0.28266, 0.00458, 0.12797, 0.02580, 0.02328, 0.07209, 0.02999, -0.01194, 0.14467, 0.20113, 0.11159, 0.00742, 0.00241 
21900.0, 16.68865, 0.25890, 1.79661, 5.17214, 0.01667, 0.30673, 5.09809, 0.09280, 0.35645, 0.25464, 0.14080, 0.55434, 0.04951, 0.04568, 0.35895, 0.16059, -0.01064, 0.16422, 0.21209, 0.11103, -0.00113, 0.00456 
21960.0, 15.02159, 0.23461, 1.73605, 2.18935, 0.01846, 0.29433, 4.62889, 0.08967, 0.26715, 0.21973, 0.03430, 0.11969, -0.00955, 0.03669, 0.05984, 0.02526, 0.00098, 0.12186, 0.15396, 0.14196, -0.00036, -0.00028 
22020.0, 11.95473, 0.24802, 1.47185, 1.24249, 0.00736, 0.25830, 4.34786, 0.09482, 0.14806, 0.20086, 0.05345, 0.08775, 0.00107, 0.02234, 0.05193, 0.02867, -0.01508, 0.13662, 0.15057, 0.11771, 0.00524, -0.00018 
22080.0, 13.50316, 0.23814, 1.62635, 1.39327, 0.01286, 0.26090, 4.66528, 0.09977, 0.26063, 0.22961, 0.03287, 0.10041, 0.00300, 0.04603, 0.06217, 0.02682, -0.00708, 0.12162, 0.14882, 0.14532, 0.00230, -0.00024 
