CampaignData_and_Merges/R0/CSL_MobileLab_Parked/raw/20240726/USOS-POPS_MobileLabGround_20240726_R0.ict
78, 1001
Thornberry, T. D.
NOAA Chemical Sciences Laboratory
Portable Optical Particle Spectrometer (POPS)
USOS
1, 1
2024, 07, 26, 2025, 05, 08
60
Time_Start, seconds_past_midnight, Start time of measurement
45
1, 1, 1, 1, 1, 1, 1, 1, 1, 1, 1, 1, 1, 1, 1, 1, 1, 1, 1, 1, 1, 1, 1, 1, 1, 1, 1, 1, 1, 1, 1, 1, 1, 1, 1, 1, 1, 1, 1, 1, 1, 1, 1, 1, 1
-9999, -9999, -9999, -9999, -9999, -9999, -9999, -9999, -9999, -9999, -9999, -9999, -9999, -9999, -9999, -9999, -9999, -9999, -9999, -9999, -9999, -9999, -9999, -9999, -9999, -9999, -9999, -9999, -9999, -9999, -9999, -9999, -9999, -9999, -9999, -9999, -9999, -9999, -9999, -9999, -9999, -9999, -9999, -9999, -9999
Time_Stop, seconds_past_midnight, Stop time of measurement
Time_Mid, seconds_past_midnight, Mid time of measurement
Press_mb, mb, Pressure reported (mb)
Temp_C, degrees C, POPS temperature measurement
Aerosol_concentration, cm^-3, Aerosol concentration
Surface_Area_Conc, um^2 cm^-3, Surface area concentration
Volume_density, um^3 cm^-3, Volume density
Effective_radius, um, Effective radius
Extinction, km^-1, Extinction
Bin01, cm^-3, particle concentration in size range [1401 - 146.3 nm]
Bin02, cm^-3, particle concentration in size range [146.3 - 152.8 nm]
Bin03, cm^-3, particle concentration in size range [152.8 - 159.6 nm]
Bin04, cm^-3, particle concentration in size range [159.6 - 166.8 nm]
Bin05, cm^-3, particle concentration in size range [166.8 - 174.2 nm]
Bin06, cm^-3, particle concentration in size range [174.2 - 181.9 nm]
Bin07, cm^-3, particle concentration in size range [181.9 - 190.0 nm]
Bin08, cm^-3, particle concentration in size range [190.0 - 198.5 nm]
Bin09, cm^-3, particle concentration in size range [198.5 - 207.4 nm]
Bin10, cm^-3, particle concentration in size range [207.4 - 216.6 nm]
Bin11, cm^-3, particle concentration in size range [216.6 - 226.2 nm]
Bin12, cm^-3, particle concentration in size range [226.2 - 236.3 nm]
Bin13, cm^-3, particle concentration in size range [236.3 - 246.8 nm]
Bin14, cm^-3, particle concentration in size range [246.8 - 257.8 nm]
Bin15, cm^-3, particle concentration in size range [257.8 - 269.3 nm]
Bin16, cm^-3, particle concentration in size range [269.3 - 343.4 nm]
Bin17, cm^-3, particle concentration in size range [343.4 - 450.7 nm]
Bin18, cm^-3, particle concentration in size range [450.7 - 525.9 nm]
Bin19, cm^-3, particle concentration in size range [525.9 - 618.5 nm]
Bin20, cm^-3, particle concentration in size range [618.5 - 710.0 nm]
Bin21, cm^-3, particle concentration in size range [710.0 - 822.7 nm]
Bin22, cm^-3, particle concentration in size range [822.7 - 885.9 nm]
Bin23, cm^-3, particle concentration in size range [885.9 - 953.9 nm]
Bin24, cm^-3, particle concentration in size range [953.9 - 1027.2 nm]
Bin25, cm^-3, particle concentration in size range [1027.2 - 1106.1 nm]
Bin26, cm^-3, particle concentration in size range [1106.1 - 1191.0 nm]
Bin27, cm^-3, particle concentration in size range [1191.0 - 1282.5 nm]
Bin28, cm^-3, particle concentration in size range [1282.5 - 1381.0 nm]
Bin29, cm^-3, particle concentration in size range [1381.0 - 1487.1 nm]
Bin30, cm^-3, particle concentration in size range [1487.1 - 1601.3 nm]
Bin31, cm^-3, particle concentration in size range [1601.3 - 1724.3 nm]
[...]
PLATFORM: NOAA CSL Mobile Lab
LOCATION: USOS
ASSOCIATED_DATA: N/A
INSTRUMENT_INFO: Printed Optical Particle Spectrometer counts particles from 140 - 2500 nm in diameter 
DATA_INFO: Particle concentrations reported in number per cubic centimeter,1 Hz data
UNCERTAINTY: Counting uncertainty dominated by air flow, less than 5 percent. Measurement range is ~0 - 3000 per cm3 (varies depending on flow rate- manufacturer quotes 1250 per cm3 at 1.667 cc/s)
ULOD_FLAG: -7777
ULOD_VALUE: N/A
LLOD_FLAG: -8888
LLOD_VALUE: N/A
DM_CONTACT_INFO: Troy Thornberry, 325 Broadway R/CSL6, Boulder, CO 80305; troy.thornberry@noaa.gov; 303-497-3373
PROJECT_INFO: USOS, Utah POPS data from NOAA CSL Mobile Lab
STIPULATIONS_ON_USE: Please contact the PIs for questions regarding applications and uncertainties
OTHER_COMMENTS: POPS bin Edges (nm):  140.1, 146.3, 152.8, 159.6, 166.8, 174.2, 181.9, 190.0, 198.5, 207.4, 216.6, 226.2, 236.3, 246.8, 257.8, 269.3, 343.4, 450.7, 525.9, 618.5, 710.0, 822.7, 885.9, 953.9, 1027.2, 1106.1, 1191.0, 1282.5, 1381.0, 1487.1, 1601.3, 1724.3, 1856.7, 1999.3, 2152.8, 2318.2, 2496.2
Calculations assume organic aerosol refractive index of 1.52+0.00j and extinction wavelength = 532 nm
REVISION: R0
R0: Final data
Time_Start, Time_Stop, Time_Mid, Press_mb, Temp_C, Aerosol_concentration, Surface_Area_Conc, Volume_density, Effective_radius, Extinction, Bin01, Bin02, Bin03, Bin04, Bin05, Bin06, Bin07, Bin08, Bin09, Bin10, Bin11, Bin12, Bin13, Bin14, Bin15, Bin16, Bin17, Bin18, Bin19, Bin20, Bin21, Bin22, Bin23, Bin24, Bin25, Bin26, Bin27, Bin28, Bin29, Bin30, Bin31, Bin32, Bin33, Bin34, Bin35, Bin36
0,59,30,872.568,34.596,291.219,44.856,2.481,0.163,0.012,26.826027,24.551195,23.007784,21.759802,21.092625,18.640156,16.538708,15.666330,14.542156,13.342212,12.695230,12.203403,11.855973,11.262249,9.237347,27.762873,7.724427,1.454201,0.528328,0.100805,0.072251,0.048657,0.049096,0.022679,0.022620,0.022004,0.027563,0.010633,0.011148,0.033868,0.034116,0.022108,0.016553,0.005767,0.022493,0.005727
60,119,90,872.555,34.602,295.222,46.161,2.829,0.181,0.012,26.883669,25.262547,24.077557,22.176941,20.434483,18.393610,17.551811,15.955234,14.485840,13.112059,12.844419,12.870968,12.136737,11.321041,9.401110,28.895353,6.752108,1.514588,0.468821,0.072146,0.134096,0.043898,0.061523,0.044957,0.038862,0.011212,0.045205,0.038371,0.010983,0.043651,0.021838,0.033810,0.016578,0.016395,0.016729,0.032606
120,179,150,872.545,34.606,301.249,46.670,2.768,0.174,0.012,27.747952,26.487564,23.863270,22.259161,21.144617,19.211388,17.616865,16.275133,15.017370,13.981852,13.520416,12.714052,12.404414,11.754608,9.546751,27.612623,7.328562,1.569041,0.539300,0.132134,0.097760,0.080719,0.011393,0.022770,0.046349,0.039666,0.039812,0.017795,0.005508,0.011713,0.039521,0.022695,0.011499,0.022583,0.023343,0.028736
180,239,210,872.530,34.621,302.170,46.605,2.665,0.168,0.012,28.013222,25.853516,24.152613,22.973415,21.326469,19.718142,18.109121,16.526976,14.887073,13.472199,13.468294,12.775324,11.822522,11.512197,9.203029,28.769958,7.078576,1.325662,0.537212,0.090244,0.107027,0.027669,0.028596,0.045754,0.017103,0.039554,0.050668,0.022892,0.033926,0.084783,0.028167,0.005650,0.005539,0.028482,0.005594,0.022810
240,299,270,872.522,34.629,300.698,46.514,2.696,0.170,0.012,27.682554,26.306038,23.867525,22.562229,21.081390,19.235792,17.432774,16.363619,14.995828,14.283860,12.612656,12.370932,12.189679,12.095747,9.409084,28.141302,7.522014,1.412468,0.526290,0.106306,0.082483,0.084119,0.027428,0.027780,0.023129,0.011169,0.016683,0.032798,0.016817,0.016566,0.066063,0.011319,0.033619,0.016499,0.005482,0.028309
300,359,330,872.501,34.563,299.469,46.097,2.672,0.170,0.012,27.456963,25.117781,23.155138,22.849434,21.530722,19.701769,17.423441,16.819698,14.682988,13.830575,12.622126,12.780935,12.084790,11.092360,9.948150,28.647264,7.342837,1.316422,0.510656,0.114854,0.056025,0.027617,0.038852,0.043681,0.027849,0.022239,0.017125,0.021538,0.016888,0.039423,0.033266,0.033970,0.011086,0.016708,0.016766,0.016647
360,419,390,872.477,34.514,302.758,47.257,2.890,0.180,0.013,27.362803,26.049080,24.514688,23.278078,21.528316,19.381296,17.358950,16.509466,14.888794,13.497442,12.958348,12.821520,12.411022,11.755586,9.721156,28.358288,7.731330,1.413001,0.488955,0.097154,0.086927,0.057557,0.045793,0.074141,0.034329,0.033927,0.051284,0.039515,0.028074,0.023053,0.058102,0.056047,0.010915,0.005634,0.011316,0.016561
420,479,450,872.465,34.545,303.882,47.737,3.047,0.188,0.013,27.427454,25.523291,23.367758,23.875551,21.691784,19.307329,18.243155,16.025818,14.578123,14.414815,13.402165,13.239100,12.389589,12.088335,9.816948,28.725035,7.110405,1.440334,0.570530,0.073021,0.078605,0.089949,0.039850,0.022455,0.022191,0.016528,0.016950,0.028572,0.011362,0.045405,0.049189,0.039136,0.033391,0.017034,0.033842,0.027420
480,539,510,872.451,34.513,301.939,46.187,2.484,0.159,0.012,28.492361,26.157558,24.261791,22.074141,21.071024,19.148197,17.172352,16.450747,14.725803,13.730039,12.977906,13.435347,12.729942,11.631617,9.013127,28.617134,7.606349,1.586968,0.515506,0.103005,0.090357,0.035927,0.018370,0.042204,0.023603,0.035274,0.012101,0.018157,0.029762,0.054285,0.029988,0.012208,0.011758,0.000000,0.006040,0.018214
540,599,570,872.446,34.520,306.323,47.349,2.730,0.170,0.012,28.352488,26.470831,24.052168,22.860518,22.028002,19.510340,18.139130,16.512091,14.944068,14.308284,13.225573,12.913524,12.288068,11.769614,9.694218,28.861498,7.642416,1.621312,0.484845,0.135441,0.096173,0.033860,0.039950,0.056380,0.034697,0.016691,0.016863,0.022972,0.039194,0.039795,0.022230,0.022546,0.017105,0.005313,0.022351,0.022585
600,659,630,872.431,34.536,304.583,46.173,2.558,0.163,0.012,28.022633,26.110794,24.668463,23.420336,21.779869,19.914797,17.910875,16.160154,15.130986,14.464313,12.788266,12.886117,12.242362,11.701235,9.221644,28.339777,7.269920,1.555646,0.536819,0.116462,0.032913,0.044100,0.010719,0.016704,0.033428,0.010780,0.011055,0.011153,0.027212,0.038468,0.022227,0.027304,0.022120,0.000000,0.016932,0.016603
660,719,690,872.420,34.494,305.447,46.604,2.542,0.162,0.012,28.020998,25.850937,24.101759,23.353575,21.795904,19.539442,17.737190,16.359951,15.538754,14.103429,13.394679,13.550798,12.494530,11.607004,9.185783,28.765736,7.309319,1.558152,0.565802,0.141261,0.143658,0.045662,0.044642,0.022465,0.011360,0.016596,0.023084,0.011670,0.028334,0.022816,0.022460,0.028543,0.017264,0.016589,0.016881,0.000000
720,779,750,872.418,34.426,306.924,46.995,2.602,0.164,0.012,27.486076,25.960592,24.366766,23.155504,21.658237,19.898077,18.508915,16.606085,14.768268,14.714965,12.924064,12.921718,12.270605,11.980499,9.603463,29.808861,7.727779,1.559030,0.572692,0.050284,0.077229,0.033210,0.027980,0.022099,0.027099,0.022551,0.016856,0.010941,0.011242,0.010554,0.033296,0.027405,0.016745,0.005291,0.028079,0.011021
780,839,810,872.385,34.397,305.251,46.972,2.690,0.169,0.012,27.555515,26.378809,24.193596,22.213461,21.619684,19.751591,18.092272,17.029484,15.321816,14.063945,13.274175,12.717102,12.090247,11.945295,9.784348,28.929674,7.615284,1.509257,0.622244,0.099594,0.055382,0.065420,0.044401,0.021918,0.038639,0.016761,0.033398,0.016933,0.011047,0.005394,0.039709,0.038733,0.010650,0.016648,0.005708,0.022826
840,899,870,872.386,34.425,311.323,48.428,2.862,0.173,0.013,28.946898,27.127127,24.138548,23.799284,21.734907,20.159534,18.085159,16.568457,15.443809,14.237909,13.550913,12.713393,12.568866,11.864021,9.951841,29.915819,7.776981,1.531883,0.544896,0.144139,0.072796,0.039123,0.028184,0.044576,0.028208,0.022139,0.071786,0.011383,0.022034,0.027616,0.056510,0.022495,0.016702,0.010808,0.011223,0.033467
900,959,930,872.348,34.376,306.035,47.014,2.647,0.166,0.012,28.663183,26.885187,24.616936,23.307144,21.917160,18.903614,17.727152,15.831171,15.381302,13.954143,12.629261,13.041434,12.401534,11.760196,9.619145,29.364658,7.324158,1.476170,0.669613,0.095111,0.060058,0.049751,0.011435,0.067939,0.016168,0.049908,0.021970,0.010984,0.028484,0.039274,0.033449,0.022002,0.010955,0.011236,0.022216,0.011156
960,1019,990,872.334,34.418,308.426,46.977,2.513,0.158,0.012,28.269075,26.673044,24.120337,23.371088,21.748083,19.609541,18.100868,16.940285,15.015088,14.748837,13.564185,13.277637,12.261894,12.007480,9.628326,29.238781,7.267748,1.521337,0.532111,0.095886,0.072189,0.061722,0.049929,0.028056,0.016413,0.017261,0.027784,0.016729,0.011056,0.038188,0.033062,0.000000,0.011111,0.016826,0.016825,0.016914
1020,1079,1050,872.302,34.384,306.421,47.382,2.717,0.170,0.012,28.530603,26.372524,24.823191,23.174858,21.512478,19.450891,17.908846,15.917435,15.217063,13.742640,13.348024,12.698064,12.815701,11.567661,9.693257,29.311945,7.625724,1.546592,0.569651,0.119244,0.056259,0.062723,0.045022,0.045005,0.039350,0.016954,0.034016,0.022681,0.011576,0.028298,0.017279,0.005330,0.021920,0.011511,0.011571,0.044817
1080,1139,1110,872.275,34.286,307.807,47.685,2.907,0.180,0.013,28.851954,26.983118,24.018469,23.458136,21.810169,19.563919,18.215822,16.916979,15.357468,13.310788,13.015760,12.707491,12.583314,12.341227,10.228714,28.490658,7.301170,1.422897,0.546680,0.118028,0.101769,0.055709,0.045575,0.034133,0.050846,0.011272,0.005824,0.040323,0.011046,0.032832,0.044258,0.045658,0.028600,0.028382,0.010887,0.016711
1140,1199,1170,872.245,34.256,309.329,48.010,2.977,0.182,0.013,29.149824,26.693562,24.954187,23.410028,21.571920,19.880138,17.818407,17.190855,15.018458,14.337037,13.165304,12.887587,12.366372,11.878290,9.926164,28.766178,7.661091,1.463742,0.589923,0.111666,0.065288,0.055229,0.045262,0.011341,0.010972,0.022200,0.034022,0.010971,0.016732,0.038481,0.039061,0.044221,0.022012,0.027800,0.011514,0.033063
1200,1259,1230,872.225,34.259,308.859,47.233,2.676,0.167,0.012,29.509274,27.171381,24.911438,23.484550,21.545059,19.662071,17.744598,16.802315,14.769755,13.869579,13.296900,13.406163,12.630156,11.687482,9.591057,28.734785,7.271049,1.545216,0.602176,0.110581,0.116322,0.054835,0.039385,0.049226,0.016863,0.048905,0.032518,0.000000,0.016471,0.010929,0.044658,0.022015,0.016723,0.005429,0.005342,0.033751
1260,1319,1290,872.216,34.203,309.350,47.953,2.763,0.170,0.013,28.458420,27.238182,24.237013,23.600142,21.302485,20.157585,18.095366,16.652821,14.701853,13.687194,13.587060,12.652020,12.732813,11.731042,10.071671,29.845877,7.815361,1.608781,0.550747,0.119281,0.107885,0.056387,0.045440,0.011244,0.011243,0.028803,0.017152,0.034236,0.034428,0.039880,0.028297,0.022571,0.011243,0.017062,0.016746,0.022122
1320,1379,1350,872.211,34.183,308.281,47.161,2.630,0.165,0.012,29.302784,27.272671,24.419411,23.413656,22.197510,19.847790,17.809715,16.363865,15.231823,14.215528,12.669755,13.064586,12.417508,11.723675,9.723264,28.327934,7.454651,1.644577,0.541716,0.176805,0.092093,0.043563,0.056030,0.021964,0.021992,0.021707,0.033175,0.005501,0.022062,0.022585,0.038272,0.005708,0.016688,0.022419,0.016618,0.021578
1380,1439,1410,872.203,34.124,314.186,47.508,2.525,0.157,0.012,29.910070,27.968092,25.189425,23.602957,22.477100,20.492508,18.219114,16.385632,15.801400,13.947593,13.656719,12.911669,12.591260,12.016906,9.490427,28.904573,7.949325,1.653917,0.542894,0.090819,0.049479,0.016705,0.049971,0.034604,0.017220,0.023018,0.034489,0.022667,0.022398,0.011382,0.045253,0.011084,0.017335,0.005824,0.000000,0.022324
1440,1499,1470,872.197,34.159,309.774,47.720,2.943,0.181,0.013,28.957762,27.292711,25.020178,23.681986,22.046974,20.212940,17.945789,16.667557,15.010413,14.199736,13.399164,12.837263,11.955911,11.547613,10.028878,28.957108,7.424444,1.406000,0.542307,0.125263,0.090392,0.056231,0.062476,0.045044,0.022303,0.028689,0.016490,0.005669,0.005575,0.005805,0.022769,0.051367,0.022620,0.016515,0.039605,0.022609
1500,1559,1530,872.190,34.133,312.917,47.923,2.717,0.168,0.012,28.629025,27.270912,25.861574,23.645567,22.356632,20.358198,18.471975,17.106260,15.251951,14.298296,13.131449,12.969363,12.866017,11.433380,9.891106,29.183489,7.632590,1.389086,0.502777,0.136902,0.084843,0.033938,0.067713,0.045808,0.033114,0.040198,0.051056,0.011452,0.027871,0.016449,0.015890,0.017186,0.034024,0.022327,0.005824,0.022539
1560,1619,1590,872.186,34.134,315.323,48.664,2.913,0.175,0.013,29.496994,28.005947,24.702122,24.174137,22.198967,19.772734,18.770084,16.952204,15.250445,14.577590,13.478753,13.694552,12.808295,11.982540,10.333052,29.015886,7.391642,1.480868,0.555150,0.164864,0.084504,0.034224,0.033857,0.040241,0.028616,0.022669,0.021952,0.040006,0.033784,0.028099,0.034231,0.028851,0.022595,0.005467,0.029367,0.028032
1620,1679,1650,872.169,34.112,312.465,47.730,2.595,0.161,0.012,29.206898,27.413519,24.687044,23.881804,22.285126,20.474892,18.263565,16.365860,15.064656,14.090524,13.161813,12.999187,12.638961,12.066422,9.572153,29.687725,7.953611,1.472955,0.625815,0.111581,0.039453,0.049503,0.033344,0.043956,0.034081,0.056323,0.017047,0.039223,0.016686,0.016956,0.022358,0.016310,0.022550,0.005593,0.011067,0.016238
1680,1739,1710,872.156,34.101,313.748,48.690,3.093,0.186,0.013,28.896763,27.481737,25.269762,24.183928,22.167107,20.191837,18.429150,17.278032,15.695887,13.721450,13.193472,13.605595,12.424637,11.909122,9.576756,29.408709,7.632967,1.525670,0.560680,0.078902,0.089376,0.063430,0.022659,0.011029,0.039712,0.028398,0.005688,0.005364,0.023205,0.033771,0.039801,0.056720,0.011491,0.033373,0.011491,0.039855
1740,1799,1770,872.130,34.122,314.709,48.181,2.758,0.168,0.013,29.644133,27.307510,24.485661,23.381868,22.130888,20.539143,18.184088,17.361816,15.383854,14.412118,13.836838,13.411550,12.661819,12.226483,9.718735,29.753454,7.676963,1.469616,0.550438,0.082489,0.072981,0.072693,0.039473,0.050125,0.027524,0.038654,0.010748,0.011149,0.010891,0.022198,0.038779,0.039015,0.016532,0.000000,0.016932,0.022242
1800,1859,1830,872.120,34.134,316.256,48.900,2.910,0.175,0.013,29.520012,27.402086,25.517017,24.494293,22.191912,19.983366,18.623121,17.538097,15.500803,13.792463,13.735746,12.869377,12.775598,12.017305,9.923437,29.902485,7.724895,1.493629,0.614166,0.094608,0.072788,0.072296,0.056264,0.038970,0.022112,0.016587,0.028348,0.039511,0.033557,0.011153,0.044328,0.027240,0.022407,0.000000,0.010879,0.044698
1860,1919,1890,872.099,34.065,317.054,48.659,2.894,0.174,0.013,30.500370,27.529367,25.516846,24.310888,22.033474,21.137419,18.128599,17.144672,15.491540,14.409718,13.537242,13.000467,13.252133,11.209090,9.896803,29.444424,7.748106,1.598119,0.595055,0.115899,0.045154,0.061487,0.049596,0.016784,0.033078,0.005342,0.010929,0.038364,0.022084,0.021838,0.016224,0.038593,0.033337,0.022240,0.011118,0.027746
1920,1979,1950,872.101,34.036,334.072,49.689,2.749,0.163,0.013,35.455029,32.160728,28.762144,25.993605,24.042429,21.112034,18.985199,16.802135,15.459378,13.842514,13.356793,13.366105,12.753562,12.114508,9.590974,29.694033,7.803597,1.529952,0.683219,0.084200,0.085542,0.068774,0.033812,0.039812,0.017395,0.023142,0.017160,0.034164,0.028712,0.016758,0.023065,0.022800,0.017358,0.022627,0.005650,0.022811
1980,2039,2010,872.105,34.013,321.773,48.902,2.752,0.166,0.013,31.238119,28.857183,26.062340,24.458733,23.542730,20.733749,18.452208,17.296970,15.653083,13.606026,13.470435,13.226971,12.977486,12.078342,9.750918,29.867598,7.611440,1.668024,0.561524,0.102437,0.130203,0.067750,0.062823,0.051164,0.034508,0.022984,0.011512,0.033841,0.000000,0.022752,0.034129,0.028286,0.011105,0.011570,0.005745,0.028744
2040,2099,2070,872.105,34.050,314.038,48.439,2.860,0.174,0.013,29.124418,27.453268,25.315298,23.816631,22.632927,19.587267,18.567841,16.585291,15.502985,13.919428,13.080700,13.459116,12.754617,12.276546,9.811248,29.313282,8.215791,1.561084,0.559626,0.089399,0.067063,0.033287,0.022525,0.029088,0.022314,0.017140,0.028712,0.005824,0.016750,0.016607,0.022554,0.022107,0.028299,0.022975,0.016753,0.038911
2100,2159,2130,872.112,34.022,310.299,47.262,2.622,0.164,0.012,29.228355,27.719151,24.992857,23.935909,21.903206,19.059286,18.276409,17.161491,15.146922,13.658513,13.013319,13.052138,12.716547,11.539470,9.421696,29.263409,7.815111,1.335650,0.515329,0.094022,0.039436,0.060928,0.033537,0.044137,0.027544,0.027642,0.044441,0.022349,0.016723,0.005519,0.044425,0.016291,0.022627,0.016732,0.011028,0.016473
2160,2219,2190,872.121,34.035,312.138,47.821,2.778,0.172,0.013,29.250772,26.994133,25.441072,23.365557,22.235439,19.622717,18.341118,16.987854,15.231056,13.804953,13.606388,12.816786,13.166142,11.723992,10.006580,29.364923,7.555801,1.441099,0.627676,0.066063,0.077094,0.033474,0.054863,0.055201,0.022090,0.016430,0.023176,0.027065,0.005727,0.022162,0.055421,0.050100,0.016530,0.005394,0.000000,0.022727
2220,2279,2250,872.097,33.993,312.570,47.595,2.610,0.161,0.012,29.612980,27.994295,24.981266,23.779993,22.204582,20.195436,18.264994,16.689915,14.754022,13.905252,13.039218,13.122373,12.817055,11.740507,9.481233,29.401684,7.897871,1.616668,0.524157,0.140050,0.044952,0.089993,0.028438,0.028573,0.027616,0.022293,0.022876,0.016603,0.005805,0.010851,0.034536,0.005785,0.011511,0.005765,0.010992,0.039859
2280,2339,2310,872.086,33.994,316.834,48.241,2.603,0.160,0.012,29.351440,27.426077,25.140852,24.594431,22.005333,21.013777,18.141233,17.052132,15.398961,14.165699,13.546085,13.564664,13.099005,11.873909,10.545169,29.295740,7.990310,1.424621,0.654624,0.106991,0.057640,0.044617,0.044677,0.033934,0.011531,0.050878,0.023126,0.017299,0.033800,0.028811,0.028448,0.023004,0.022697,0.005521,0.011297,0.005467
