CampaignData_and_Merges/R0/CSL_MobileLab_Parked/raw/20240726/USOS-MetNav_MobileLabGround_20240726_R0.ict
44, 1001
Carrie Womack, Nate Howard, Mike Zucker
NOAA Chemical Sciences Laboratory
Mobile Lab MetNav Station
USOS
1, 1
2024, 07, 26, 2024, 12, 21
60
Time_Start, seconds_past_midnight, Seconds from midnight UTC
11
1, 1, 1, 1, 1, 1, 1, 1, 1, 1, 1
-9999, -9999, -9999, -9999, -9999, -9999, -9999, -9999, -9999, -9999, -9999
GPS_Alt_m, meters, Altitude from Differential GPS
GPS_Course_deg, degrees, Course from Differential GPS
GPS_GndSpd_m_s, m/s, Ground Speed from Differential GPS
GPS_Heading_deg, degrees, Heading from Differential GPS
GPS_Lat_deg, degrees, Latitude from Differential GPS
GPS_Lon_deg, degrees, Longitude from Differential GPS
AirTemp_C, Celsius, Air Temperature from Airmar
RelHumidity_pct, percent, Relative Humidity from Airmar
Pressure_mb, millibars, Pressure from Honeywell
WindDir_calc_deg, degrees, Wind Direction from Airmar corrected for van movement
WindSpd_calc_m_s, m/s, Wind Speed from Airmar corrected for van movement
1
SPECIAL COMMENTS:
18
PI_CONTACT_INFO: Address: 325 Broadway R/CSL7, Boulder, CO, 80305
PLATFORM: CSL Mobile Lab
LOCATION: Salt Lake City, UT
ASSOCIATED_DATA: N/A
INSTRUMENT_INFO: N/A
DATA_INFO: Units:
UNCERTAINTY: N/A
ULOD_FLAG: -7777
ULOD_VALUE: N/A
LLOD_FLAG: -8888
LLOD_VALUE: N/A
DM_CONTACT_INFO: Data Manager: Nate Howard
PROJECT_INFO: 
STIPULATIONS_ON_USE: Use of these data require prior ok from PI.
OTHER_COMMENTS: 
REVISION: R0
R0: Final data. Fixed bug in wind averaging code. RA: Preliminary Data. For in-field use only. 
Time_Start, GPS_Alt_m, GPS_Course_deg, GPS_GndSpd_m_s, GPS_Heading_deg, GPS_Lat_deg, GPS_Lon_deg, AirTemp_C, RelHumidity_pct, Pressure_mb, WindDir_calc_deg, WindSpd_calc_m_s
[from data line 609]
36540.0,1310.1,0.71,0.06,0.71,40.73433,-111.87211,20.2,58.8,878.6,147.97,2.3
36600.0,1310.2,0.15,0.05,0.15,40.73433,-111.87211,20.0,59.2,878.5,136.64,3.1
36660.0,1309.8,0.00,0.05,0.00,40.73433,-111.87210,19.9,58.8,878.5,141.74,3.4
36720.0,1309.9,359.92,0.05,359.92,40.73433,-111.87211,19.9,59.6,878.6,139.61,1.8
36780.0,1310.1,0.25,0.05,0.25,40.73433,-111.87210,19.9,59.5,878.6,106.51,0.9
36840.0,1310.0,0.36,0.05,0.36,40.73433,-111.87210,19.9,59.8,878.7,138.23,0.4
36900.0,1310.0,359.97,0.05,359.97,40.73433,-111.87210,20.0,58.1,878.8,129.60,0.5
36960.0,1310.1,359.49,0.05,359.49,40.73433,-111.87210,20.0,59.0,878.8,301.33,0.4
37020.0,1310.2,359.54,0.05,359.54,40.73433,-111.87210,19.9,58.9,878.9,18.65,0.2
37080.0,1310.1,359.81,0.06,359.81,40.73433,-111.87210,20.0,59.3,878.9,315.63,0.5
37140.0,1310.0,359.80,0.06,359.80,40.73433,-111.87210,20.1,58.8,879.0,330.81,0.2
37200.0,1310.3,359.84,0.06,359.84,40.73433,-111.87211,20.2,58.7,879.0,91.55,0.2
37260.0,1311.0,359.28,0.05,359.28,40.73433,-111.87211,20.2,57.8,879.0,0.53,0.3
37320.0,1311.0,359.45,0.06,359.45,40.73433,-111.87211,20.2,57.6,879.0,70.77,0.3
37380.0,1310.8,359.94,0.06,359.94,40.73433,-111.87211,20.2,57.6,879.0,54.59,0.3
37440.0,1310.5,359.32,0.05,359.32,40.73433,-111.87211,20.2,57.4,879.0,75.17,0.3
37500.0,1310.2,359.17,0.05,359.17,40.73433,-111.87211,20.3,57.2,879.0,121.22,0.6
37560.0,1310.6,358.93,0.06,358.93,40.73433,-111.87211,20.3,56.9,878.9,126.76,0.4
37620.0,1310.9,359.01,0.05,359.01,40.73433,-111.87211,20.4,56.2,878.9,196.88,0.7
37680.0,1310.9,358.37,0.05,358.37,40.73433,-111.87211,20.4,55.5,878.8,220.53,0.5
37740.0,1310.7,358.14,0.05,358.14,40.73433,-111.87211,20.4,55.5,878.8,212.97,0.5
37800.0,1310.7,358.20,0.06,358.20,40.73433,-111.87211,20.5,55.8,878.8,130.40,0.7
37860.0,1310.5,358.71,0.05,358.71,40.73433,-111.87211,20.5,55.9,878.7,177.00,1.3
37920.0,1310.2,358.76,0.06,358.76,40.73433,-111.87211,20.7,55.8,878.7,175.85,1.0
37980.0,1310.2,358.87,0.05,358.87,40.73433,-111.87211,20.8,55.2,878.7,181.91,0.6
38040.0,1310.0,359.00,0.05,359.00,40.73433,-111.87211,20.9,54.8,878.7,232.81,0.7
38100.0,1310.1,359.48,0.06,359.48,40.73433,-111.87211,20.8,55.1,878.7,203.81,1.6
38160.0,1310.2,0.06,0.06,0.06,40.73433,-111.87211,20.8,55.2,878.7,187.53,1.3
38220.0,1310.2,0.03,0.06,0.03,40.73433,-111.87211,20.8,55.0,878.7,154.65,0.4
38280.0,1310.2,359.73,0.06,359.73,40.73433,-111.87211,20.9,55.1,878.8,208.87,0.9
38340.0,1310.4,359.86,0.05,359.86,40.73433,-111.87211,20.9,54.9,878.8,170.89,1.1
38400.0,1310.4,0.25,0.06,0.25,40.73433,-111.87211,20.9,55.1,878.7,183.74,1.4
38460.0,1310.4,0.13,0.06,0.13,40.73433,-111.87211,20.9,55.2,878.7,188.15,1.2
38520.0,1310.7,359.95,0.06,359.95,40.73433,-111.87211,20.9,54.8,878.7,190.17,1.0
38580.0,1310.8,359.85,0.06,359.85,40.73434,-111.87211,21.0,54.8,878.7,181.66,1.0
38640.0,1310.1,359.50,0.05,359.50,40.73434,-111.87211,21.1,54.3,878.7,190.07,1.5
38700.0,1309.6,359.60,0.05,359.60,40.73434,-111.87211,21.2,53.6,878.7,192.59,1.0
38760.0,1309.3,359.57,0.05,359.57,40.73434,-111.87211,21.2,53.7,878.7,170.23,1.6
38820.0,1309.2,359.26,0.05,359.26,40.73434,-111.87211,21.2,54.4,878.7,193.79,1.3
38880.0,1309.4,359.65,0.05,359.65,40.73434,-111.87211,21.2,54.5,878.7,185.15,1.0
38940.0,1309.8,359.97,0.05,359.97,40.73434,-111.87211,21.2,54.0,878.6,167.23,0.7
39000.0,1310.0,0.15,0.05,0.15,40.73434,-111.87211,21.3,53.9,878.6,198.90,0.8
39060.0,1310.0,359.38,0.05,359.38,40.73434,-111.87211,21.3,53.7,878.6,188.45,0.8
39120.0,1309.9,359.61,0.05,359.61,40.73434,-111.87211,21.3,54.0,878.6,198.04,1.2
39180.0,1309.6,359.56,0.05,359.56,40.73434,-111.87210,21.2,54.3,878.6,169.17,0.9
39240.0,1309.6,0.12,0.05,0.12,40.73434,-111.87210,21.2,54.6,878.6,164.09,1.1
39300.0,1309.5,0.18,0.05,0.18,40.73434,-111.87210,21.2,54.1,878.6,134.21,0.7
39360.0,1309.6,359.72,0.05,359.72,40.73434,-111.87210,21.2,54.4,878.6,161.61,2.1
39420.0,1310.0,359.34,0.06,359.34,40.73434,-111.87211,21.2,54.6,878.6,153.33,1.9
39480.0,1310.5,359.69,0.05,359.69,40.73434,-111.87211,21.1,54.3,878.5,137.68,1.4
39540.0,1310.4,359.48,0.05,359.48,40.73434,-111.87210,21.0,54.4,878.5,130.17,1.7
39600.0,1310.4,359.21,0.05,359.21,40.73434,-111.87211,21.0,54.8,878.5,140.41,1.4
39660.0,1310.5,359.22,0.04,359.22,40.73434,-111.87211,20.9,55.0,878.5,141.52,1.6
39720.0,1310.6,359.47,0.05,359.47,40.73434,-111.87211,20.9,55.0,878.6,175.19,2.2
39780.0,1310.4,359.75,0.04,359.75,40.73434,-111.87210,20.8,54.4,878.6,207.52,2.6
39840.0,1310.3,359.57,0.05,359.57,40.73434,-111.87210,20.8,54.4,878.6,198.66,1.7
39900.0,1310.2,359.90,0.05,359.90,40.73434,-111.87210,20.7,54.3,878.6,152.94,1.2
39960.0,1310.4,359.63,0.04,359.63,40.73434,-111.87210,20.7,54.3,878.6,177.03,2.5
40020.0,1310.3,359.07,0.05,359.07,40.73434,-111.87210,20.7,54.5,878.6,160.01,2.7
40080.0,1310.2,359.41,0.04,359.41,40.73434,-111.87210,20.7,54.5,878.6,175.79,2.0
40140.0,1310.0,359.71,0.05,359.71,40.73434,-111.87210,20.7,54.7,878.6,176.44,1.5
40200.0,1310.1,359.22,0.05,359.22,40.73434,-111.87210,20.6,54.5,878.6,130.08,1.1
40260.0,1310.1,359.34,0.04,359.34,40.73434,-111.87210,20.6,54.6,878.6,159.24,1.4
40320.0,1310.1,358.97,0.04,358.97,40.73434,-111.87210,20.7,54.6,878.7,172.43,1.6
40380.0,1310.2,359.24,0.04,359.24,40.73434,-111.87210,20.7,54.1,878.7,171.28,1.5
40440.0,1310.0,358.77,0.05,358.77,40.73434,-111.87210,20.6,54.3,878.7,141.69,1.9
40500.0,1310.0,358.37,0.05,358.37,40.73434,-111.87210,20.7,54.2,878.7,159.21,1.3
40560.0,1309.9,358.75,0.05,358.75,40.73434,-111.87210,20.7,54.1,878.7,155.44,0.8
40620.0,1309.9,358.81,0.04,358.81,40.73434,-111.87211,20.8,54.1,878.7,187.42,1.5
40680.0,1310.0,358.98,0.04,358.98,40.73434,-111.87211,20.8,53.7,878.7,187.64,1.5
40740.0,1310.0,359.24,0.05,359.24,40.73434,-111.87211,20.8,53.6,878.7,147.30,1.7
40800.0,1309.8,359.27,0.05,359.27,40.73434,-111.87211,20.8,53.8,878.7,163.04,1.6
40860.0,1309.9,359.05,0.05,359.05,40.73434,-111.87211,20.8,54.1,878.7,150.09,1.8
40920.0,1310.0,359.31,0.05,359.31,40.73434,-111.87211,20.8,54.4,878.7,150.76,1.8
40980.0,1310.0,358.90,0.05,358.90,40.73434,-111.87211,20.7,54.6,878.7,154.06,2.1
41040.0,1310.1,358.48,0.05,358.48,40.73434,-111.87211,20.7,54.5,878.7,151.55,1.3
41100.0,1310.2,358.65,0.05,358.65,40.73434,-111.87211,20.6,54.4,878.6,139.22,1.3
41160.0,1309.8,359.46,0.05,359.46,40.73434,-111.87211,20.5,54.4,878.6,120.19,1.6
41220.0,1309.9,359.33,0.05,359.33,40.73434,-111.87211,20.5,54.6,878.6,141.02,1.5
41280.0,1309.8,359.34,0.05,359.34,40.73434,-111.87211,20.5,54.9,878.6,155.43,1.5
41340.0,1309.8,359.38,0.05,359.38,40.73434,-111.87211,20.5,55.0,878.6,167.09,1.8
41400.0,1309.7,359.35,0.05,359.35,40.73434,-111.87211,20.5,55.0,878.6,162.93,1.2
41460.0,1309.4,359.51,0.06,359.51,40.73434,-111.87211,20.5,55.0,878.6,189.80,1.1
41520.0,1309.4,359.78,0.05,359.78,40.73434,-111.87211,20.6,55.0,878.6,162.31,1.4
41580.0,1309.4,0.12,0.05,0.12,40.73434,-111.87211,20.5,55.2,878.6,156.32,2.2
41640.0,1309.9,359.84,0.05,359.84,40.73434,-111.87211,20.6,55.2,878.6,163.71,1.2
41700.0,1310.1,359.40,0.05,359.40,40.73434,-111.87211,20.6,55.1,878.6,139.19,1.1
41760.0,1310.1,359.85,0.05,359.85,40.73434,-111.87211,20.6,54.8,878.6,133.47,0.9
41820.0,1310.2,359.92,0.05,359.92,40.73434,-111.87211,20.5,54.9,878.6,125.74,1.3
41880.0,1310.1,359.71,0.05,359.71,40.73434,-111.87211,20.5,54.9,878.6,137.10,1.2
41940.0,1310.0,359.74,0.05,359.74,40.73434,-111.87211,20.5,55.1,878.7,137.18,1.4
42000.0,1309.6,0.19,0.05,0.19,40.73434,-111.87211,20.4,55.4,878.7,143.63,1.6
42060.0,1309.7,359.99,0.05,359.99,40.73434,-111.87211,20.5,55.4,878.7,136.11,1.3
42120.0,1309.7,0.52,0.06,0.52,40.73434,-111.87211,20.4,55.5,878.7,133.13,1.5
42180.0,1309.9,0.45,0.05,0.45,40.73434,-111.87211,20.4,55.7,878.7,146.49,1.2
42240.0,1309.6,0.35,0.06,0.35,40.73434,-111.87211,20.4,55.5,878.7,129.85,1.3
42300.0,1310.0,0.25,0.06,0.25,40.73434,-111.87211,20.4,55.5,878.7,147.74,1.0
42360.0,1310.3,0.29,0.05,0.29,40.73434,-111.87211,20.5,55.4,878.7,156.56,0.7
42420.0,1310.4,0.08,0.06,0.08,40.73434,-111.87211,20.5,55.2,878.7,138.71,0.8
42480.0,1310.4,0.15,0.05,0.15,40.73434,-111.87211,20.6,55.1,878.7,127.66,1.3
42540.0,1309.8,0.32,0.05,0.32,40.73434,-111.87211,20.5,55.2,878.7,119.40,1.5
42600.0,1309.7,0.61,0.05,0.61,40.73434,-111.87211,20.4,55.4,878.7,132.12,1.5
42660.0,1309.7,0.76,0.05,0.76,40.73434,-111.87211,20.5,55.3,878.6,156.08,1.0
42720.0,1309.6,0.57,0.04,0.57,40.73434,-111.87210,20.5,55.4,878.6,132.38,1.7
42780.0,1309.8,0.74,0.04,0.74,40.73434,-111.87210,20.4,55.4,878.6,127.09,1.7
42840.0,1309.9,1.40,0.05,1.40,40.73434,-111.87210,20.4,55.3,878.6,122.95,1.3
42900.0,1310.2,1.03,0.04,1.03,40.73434,-111.87210,20.4,55.8,878.6,142.45,1.8
42960.0,1310.0,0.94,0.05,0.94,40.73434,-111.87210,20.4,56.0,878.6,147.21,2.2
43020.0,1309.9,0.60,0.04,0.60,40.73434,-111.87210,20.4,56.1,878.6,128.14,1.5
43080.0,1309.8,0.19,0.05,0.19,40.73434,-111.87210,20.3,56.2,878.5,116.79,1.8
43140.0,1309.7,0.66,0.05,0.66,40.73434,-111.87210,20.2,56.2,878.5,116.21,1.5
43200.0,1309.7,1.02,0.04,1.02,40.73434,-111.87210,20.1,56.4,878.5,118.71,1.9
43260.0,1309.8,1.07,0.04,1.07,40.73434,-111.87210,20.0,56.6,878.5,129.64,2.0
43320.0,1309.8,0.86,0.05,0.86,40.73434,-111.87210,20.0,56.7,878.5,122.31,2.2
43380.0,1309.5,0.41,0.04,0.41,40.73434,-111.87210,19.9,56.6,878.5,119.74,2.0
43440.0,1309.4,0.11,0.04,0.11,40.73434,-111.87210,19.9,56.8,878.5,116.49,2.1
43500.0,1309.3,0.20,0.05,0.20,40.73434,-111.87210,19.7,56.8,878.5,120.04,2.5
43560.0,1309.0,0.56,0.05,0.56,40.73434,-111.87210,19.7,56.8,878.5,125.46,2.0
43620.0,1309.1,0.41,0.05,0.41,40.73434,-111.87210,19.7,56.9,878.5,116.43,2.0
43680.0,1309.1,0.18,0.06,0.18,40.73434,-111.87210,19.7,56.7,878.5,119.34,1.9
43740.0,1309.1,0.17,0.06,0.17,40.73434,-111.87210,19.7,56.7,878.5,126.88,1.5
43800.0,1309.2,359.99,0.05,359.99,40.73434,-111.87210,19.7,56.7,878.5,118.83,2.0
43860.0,1309.3,359.83,0.05,359.83,40.73434,-111.87210,19.7,56.9,878.5,133.67,1.9
43920.0,1309.4,0.43,0.05,0.43,40.73434,-111.87210,19.7,56.9,878.5,122.62,1.9
43980.0,1309.4,0.09,0.05,0.09,40.73434,-111.87210,19.7,56.9,878.5,124.85,2.3
44040.0,1309.4,359.98,0.05,359.98,40.73434,-111.87210,19.6,57.1,878.5,123.01,1.8
44100.0,1309.2,0.21,0.05,0.21,40.73434,-111.87210,19.6,57.2,878.5,125.09,2.1
44160.0,1309.1,0.52,0.05,0.52,40.73434,-111.87210,19.6,57.0,878.5,123.23,1.7
44220.0,1309.1,0.51,0.05,0.51,40.73434,-111.87211,19.6,57.2,878.5,119.44,2.0
44280.0,1309.1,0.61,0.04,0.61,40.73434,-111.87211,19.6,57.3,878.5,111.43,2.1
44340.0,1309.0,0.71,0.05,0.71,40.73434,-111.87211,19.6,57.2,878.4,121.83,1.8
44400.0,1308.9,0.69,0.04,0.69,40.73434,-111.87211,19.5,57.2,878.4,116.11,2.0
44460.0,1308.8,0.39,0.04,0.39,40.73434,-111.87211,19.5,57.3,878.4,114.89,2.3
44520.0,1308.8,0.36,0.04,0.36,40.73434,-111.87211,19.5,57.3,878.4,119.05,2.0
44580.0,1308.8,0.38,0.04,0.38,40.73434,-111.87211,19.5,57.4,878.4,113.33,1.8
44640.0,1308.8,359.68,0.05,359.68,40.73434,-111.87211,19.5,57.3,878.4,112.46,1.7
44700.0,1308.6,0.15,0.05,0.15,40.73434,-111.87211,19.4,57.4,878.4,118.49,1.8
44760.0,1308.5,0.14,0.05,0.14,40.73434,-111.87211,19.5,57.3,878.4,118.19,1.6
44820.0,1308.6,359.69,0.05,359.69,40.73434,-111.87211,19.5,57.4,878.3,121.50,1.7
44880.0,1308.8,359.55,0.05,359.55,40.73434,-111.87211,19.5,57.5,878.3,122.52,1.6
44940.0,1308.9,359.44,0.05,359.44,40.73434,-111.87211,19.5,57.2,878.3,114.42,1.3
45000.0,1308.9,359.41,0.05,359.41,40.73434,-111.87211,19.5,56.7,878.3,107.79,0.7
45060.0,1308.9,0.08,0.04,0.08,40.73434,-111.87211,19.5,56.6,878.3,104.70,0.6
45120.0,1308.9,0.81,0.04,0.81,40.73434,-111.87211,19.6,56.8,878.3,115.27,0.8
45180.0,1308.9,0.27,0.04,0.27,40.73434,-111.87211,19.5,56.8,878.3,117.56,0.9
45240.0,1308.9,359.50,0.05,359.50,40.73434,-111.87211,19.5,56.8,878.3,109.53,0.9
45300.0,1308.9,359.71,0.04,359.71,40.73434,-111.87211,19.6,56.6,878.2,106.87,0.9
45360.0,1309.0,0.32,0.04,0.32,40.73434,-111.87211,19.5,56.3,878.2,108.20,1.0
45420.0,1309.1,0.64,0.05,0.64,40.73434,-111.87211,19.6,56.0,878.2,111.77,1.0
45480.0,1309.2,0.47,0.04,0.47,40.73434,-111.87211,19.5,55.4,878.2,110.29,1.0
45540.0,1309.3,0.09,0.05,0.09,40.73434,-111.87211,19.5,55.3,878.2,110.45,1.5
45600.0,1309.4,0.14,0.04,0.14,40.73434,-111.87211,19.5,55.2,878.2,112.46,1.3
45660.0,1309.7,359.42,0.04,359.42,40.73434,-111.87211,19.5,54.8,878.2,111.99,1.1
45720.0,1309.9,359.16,0.05,359.16,40.73434,-111.87210,19.5,54.9,878.2,110.11,1.0
45780.0,1309.8,358.95,0.04,358.95,40.73434,-111.87210,19.5,54.6,878.2,111.66,1.2
45840.0,1309.7,358.97,0.04,358.97,40.73434,-111.87210,19.5,54.5,878.2,111.51,1.2
45900.0,1309.5,359.00,0.04,359.00,40.73434,-111.87210,19.6,54.3,878.2,95.01,0.5
45960.0,1309.4,359.32,0.04,359.32,40.73434,-111.87210,19.6,53.5,878.2,115.02,0.8
46020.0,1309.4,0.03,0.04,0.03,40.73434,-111.87210,19.6,52.9,878.2,102.67,0.6
46080.0,1309.3,359.61,0.04,359.61,40.73434,-111.87210,19.6,51.6,878.2,116.17,0.9
46140.0,1309.2,359.33,0.05,359.33,40.73434,-111.87210,19.6,51.9,878.2,103.40,0.6
46200.0,1309.2,358.78,0.04,358.78,40.73434,-111.87210,19.6,51.7,878.2,85.29,0.5
46260.0,1309.1,359.19,0.04,359.19,40.73434,-111.87210,19.6,51.8,878.2,104.12,0.8
46320.0,1309.0,359.47,0.04,359.47,40.73434,-111.87210,19.6,51.6,878.3,104.98,1.0
46380.0,1309.0,359.82,0.05,359.82,40.73434,-111.87210,19.6,51.6,878.3,107.07,0.9
46440.0,1308.9,359.69,0.05,359.69,40.73434,-111.87210,19.6,51.5,878.3,108.25,0.8
46500.0,1309.0,359.76,0.05,359.76,40.73434,-111.87210,19.6,51.1,878.3,108.60,0.9
46560.0,1309.1,0.04,0.05,0.04,40.73434,-111.87210,19.6,51.2,878.3,105.15,0.9
46620.0,1309.1,0.15,0.05,0.15,40.73434,-111.87210,19.6,51.1,878.3,113.40,0.9
46680.0,1309.2,0.30,0.04,0.30,40.73433,-111.87210,19.6,50.9,878.3,104.54,0.8
46740.0,1309.2,359.77,0.04,359.77,40.73433,-111.87210,19.6,50.8,878.3,116.83,1.0
46800.0,1309.4,359.94,0.04,359.94,40.73433,-111.87210,19.6,50.9,878.3,116.44,1.2
46860.0,1309.6,359.92,0.04,359.92,40.73433,-111.87210,19.6,50.8,878.3,135.60,1.5
46920.0,1309.5,359.82,0.04,359.82,40.73433,-111.87210,19.6,50.9,878.3,116.38,1.9
46980.0,1309.4,359.90,0.05,359.90,40.73433,-111.87210,19.6,50.4,878.3,109.24,0.8
47040.0,1309.5,359.56,0.04,359.56,40.73433,-111.87210,19.6,50.3,878.3,102.06,0.7
47100.0,1309.5,359.84,0.04,359.84,40.73433,-111.87210,19.7,50.5,878.3,118.82,0.7
47160.0,1309.4,359.87,0.04,359.87,40.73433,-111.87210,19.7,50.0,878.3,109.85,1.3
47220.0,1309.2,359.80,0.05,359.80,40.73433,-111.87210,19.6,48.6,878.3,106.16,2.2
47280.0,1309.2,359.16,0.05,359.16,40.73433,-111.87210,19.7,47.9,878.4,115.93,1.6
47340.0,1309.1,359.10,0.05,359.10,40.73433,-111.87210,19.7,48.3,878.4,117.38,2.1
47400.0,1309.3,359.81,0.05,359.81,40.73433,-111.87210,19.8,48.4,878.4,116.27,1.2
47460.0,1309.7,0.26,0.05,0.26,40.73433,-111.87210,19.8,48.4,878.4,119.25,1.6
47520.0,1310.0,0.29,0.05,0.29,40.73433,-111.87210,19.7,48.1,878.4,126.51,2.9
47580.0,1309.9,359.98,0.05,359.98,40.73433,-111.87210,19.7,47.9,878.4,125.82,2.8
47640.0,1309.3,0.07,0.05,0.07,40.73433,-111.87210,19.8,48.0,878.4,112.16,1.7
47700.0,1309.8,0.36,0.05,0.36,40.73433,-111.87210,19.8,48.0,878.4,115.95,1.8
47760.0,1309.9,0.28,0.05,0.28,40.73433,-111.87210,19.8,48.4,878.4,110.43,2.0
47820.0,1309.9,0.45,0.05,0.45,40.73434,-111.87210,20.0,48.1,878.4,122.81,1.6
47880.0,1309.9,0.32,0.05,0.32,40.73433,-111.87210,20.2,48.0,878.4,120.81,2.0
47940.0,1309.9,0.39,0.05,0.39,40.73433,-111.87210,20.4,48.4,878.4,134.34,1.5
48000.0,1309.9,0.56,0.05,0.56,40.73433,-111.87210,20.7,48.7,878.4,130.88,1.4
48060.0,1310.0,0.56,0.05,0.56,40.73433,-111.87210,20.9,48.8,878.4,111.94,2.0
48120.0,1310.0,0.56,0.05,0.56,40.73433,-111.87210,21.1,48.4,878.4,130.69,1.1
48180.0,1310.0,0.13,0.05,0.13,40.73433,-111.87210,21.4,47.7,878.4,149.36,1.4
48240.0,1309.9,359.62,0.05,359.62,40.73433,-111.87211,21.4,47.1,878.4,115.76,1.7
48300.0,1309.9,359.07,0.05,359.07,40.73433,-111.87211,21.6,47.3,878.4,124.56,1.6
48360.0,1309.8,358.89,0.05,358.89,40.73433,-111.87210,21.6,47.0,878.4,118.06,1.8
48420.0,1309.7,359.22,0.04,359.22,40.73433,-111.87211,21.7,46.5,878.4,118.40,1.6
48480.0,1309.7,359.14,0.04,359.14,40.73434,-111.87211,21.9,47.0,878.4,127.05,1.7
