CampaignData_and_Merges/R0/CSL_MobileLab_Parked/raw/20240726/USOS-MetNav_MobileLabGround_20240726_R0.ict
44, 1001
Carrie Womack, Nate Howard, Mike Zucker
NOAA Chemical Sciences Laboratory
Mobile Lab MetNav Station
USOS
1, 1
2024, 07, 26, 2024, 12, 21
60
Time_Start, seconds_past_midnight, Seconds from midnight UTC
11
1, 1, 1, 1, 1, 1, 1, 1, 1, 1, 1
-9999, -9999, -9999, -9999, -9999, -9999, -9999, -9999, -9999, -9999, -9999
GPS_Alt_m, meters, Altitude from Differential GPS
GPS_Course_deg, degrees, Course from Differential GPS
GPS_GndSpd_m_s, m/s, Ground Speed from Differential GPS
GPS_Heading_deg, degrees, Heading from Differential GPS
GPS_Lat_deg, degrees, Latitude from Differential GPS
GPS_Lon_deg, degrees, Longitude from Differential GPS
AirTemp_C, Celsius, Air Temperature from Airmar
RelHumidity_pct, percent, Relative Humidity from Airmar
Pressure_mb, millibars, Pressure from Honeywell
WindDir_calc_deg, degrees, Wind Direction from Airmar corrected for van movement
WindSpd_calc_m_s, m/s, Wind Speed from Airmar corrected for van movement
1
SPECIAL COMMENTS:
18
PI_CONTACT_INFO: Address: 325 Broadway R/CSL7, Boulder, CO, 80305
PLATFORM: CSL Mobile Lab
LOCATION: Salt Lake City, UT
ASSOCIATED_DATA: N/A
INSTRUMENT_INFO: N/A
DATA_INFO: Units:
UNCERTAINTY: N/A
ULOD_FLAG: -7777
ULOD_VALUE: N/A
LLOD_FLAG: -8888
LLOD_VALUE: N/A
DM_CONTACT_INFO: Data Manager: Nate Howard
PROJECT_INFO: 
STIPULATIONS_ON_USE: Use of these data require prior ok from PI.
OTHER_COMMENTS: 
REVISION: R0
R0: Final data. Fixed bug in wind averaging code. RA: Preliminary Data. For in-field use only. 
Time_Start, GPS_Alt_m, GPS_Course_deg, GPS_GndSpd_m_s, GPS_Heading_deg, GPS_Lat_deg, GPS_Lon_deg, AirTemp_C, RelHumidity_pct, Pressure_mb, WindDir_calc_deg, WindSpd_calc_m_s
0.0,1310.5,359.86,0.05,359.86,40.73434,-111.87211,37.9,18.3,877.0,98.95,1.0
60.0,1310.5,359.86,0.04,359.86,40.73434,-111.87211,37.9,18.0,877.0,74.52,0.6
120.0,1310.2,360.00,0.05,360.00,40.73434,-111.87211,37.9,17.9,877.0,94.22,0.8
180.0,1309.9,359.89,0.04,359.89,40.73434,-111.87211,37.7,18.4,876.9,91.93,1.0
240.0,1309.9,0.10,0.04,0.10,40.73434,-111.87211,37.7,18.2,876.9,93.67,0.5
300.0,1309.9,0.88,0.04,0.88,40.73434,-111.87211,37.6,17.7,876.9,53.29,0.3
360.0,1309.8,0.92,0.04,0.92,40.73434,-111.87211,37.6,18.1,876.9,80.15,0.9
420.0,1309.8,0.77,0.04,0.77,40.73434,-111.87211,37.5,18.5,876.9,82.26,0.9
480.0,1309.7,0.64,0.05,0.64,40.73434,-111.87211,37.5,17.8,876.9,87.89,0.7
540.0,1309.6,0.79,0.04,0.79,40.73434,-111.87211,37.4,18.3,876.9,89.60,1.0
600.0,1309.4,0.80,0.04,0.80,40.73434,-111.87211,37.3,17.9,876.9,90.41,0.9
660.0,1308.6,0.59,0.04,0.59,40.73434,-111.87211,37.1,17.8,876.9,77.83,0.8
720.0,1308.5,0.55,0.05,0.55,40.73434,-111.87211,36.9,17.4,876.8,104.98,1.3
780.0,1308.9,0.10,0.04,0.10,40.73434,-111.87211,36.9,17.7,876.8,78.52,0.5
840.0,1309.1,0.08,0.05,0.08,40.73434,-111.87211,36.9,17.5,876.8,70.51,0.6
900.0,1308.4,359.84,0.05,359.84,40.73434,-111.87211,36.9,17.6,876.8,96.90,1.0
960.0,1308.5,359.87,0.04,359.87,40.73434,-111.87211,36.9,17.7,876.8,99.65,1.1
1020.0,1308.5,0.11,0.04,0.11,40.73434,-111.87211,36.8,17.6,876.7,99.20,1.1
1080.0,1308.4,0.36,0.04,0.36,40.73434,-111.87211,36.7,17.7,876.7,112.95,1.4
1140.0,1308.4,0.93,0.04,0.93,40.73434,-111.87211,36.8,18.4,876.7,104.25,1.1
1200.0,1308.6,0.66,0.05,0.66,40.73434,-111.87211,36.7,17.8,876.6,99.52,1.0
1260.0,1308.8,359.83,0.05,359.83,40.73434,-111.87211,36.6,17.7,876.6,108.03,1.3
1320.0,1308.6,359.22,0.05,359.22,40.73434,-111.87211,36.6,18.1,876.6,110.57,1.5
1380.0,1308.7,359.45,0.04,359.45,40.73434,-111.87211,36.5,18.1,876.6,111.34,1.5
1440.0,1308.4,359.68,0.05,359.68,40.73434,-111.87211,36.4,18.1,876.6,85.04,0.9
1500.0,1308.4,0.01,0.05,0.01,40.73434,-111.87211,36.3,18.3,876.6,82.59,0.7
1560.0,1308.1,359.56,0.04,359.56,40.73434,-111.87211,36.4,18.4,876.6,97.35,0.9
1620.0,1308.2,359.50,0.05,359.50,40.73434,-111.87211,36.5,17.6,876.6,117.81,0.5
1680.0,1308.2,359.47,0.05,359.47,40.73434,-111.87211,36.7,17.3,876.5,109.91,0.9
1740.0,1308.3,359.11,0.05,359.11,40.73434,-111.87211,37.0,17.2,876.5,104.36,0.8
1800.0,1308.3,358.69,0.05,358.69,40.73434,-111.87211,37.2,17.0,876.5,126.19,1.3
1860.0,1308.4,359.01,0.05,359.01,40.73434,-111.87211,37.4,17.2,876.5,108.43,1.2
1920.0,1308.4,359.62,0.05,359.62,40.73434,-111.87211,37.4,17.8,876.5,111.22,1.1
1980.0,1308.3,359.83,0.05,359.83,40.73434,-111.87211,37.5,18.2,876.5,112.12,1.3
2040.0,1308.1,359.80,0.05,359.80,40.73434,-111.87211,37.4,18.5,876.5,100.02,1.0
2100.0,1307.9,359.81,0.05,359.81,40.73434,-111.87211,37.2,18.3,876.5,97.63,1.0
2160.0,1308.0,359.88,0.05,359.88,40.73434,-111.87211,37.0,17.7,876.5,115.61,1.8
2220.0,1308.2,359.92,0.05,359.92,40.73434,-111.87211,36.9,18.1,876.5,106.28,1.0
2280.0,1308.4,359.70,0.04,359.70,40.73434,-111.87211,36.7,18.4,876.5,108.50,1.6
2340.0,1308.1,358.98,0.04,358.98,40.73434,-111.87211,36.7,18.7,876.5,105.86,1.2
2400.0,1308.0,359.20,0.05,359.20,40.73434,-111.87211,36.6,18.7,876.5,105.90,1.2
2460.0,1308.1,359.11,0.05,359.11,40.73434,-111.87211,36.5,18.6,876.5,97.73,1.0
2520.0,1307.9,358.85,0.04,358.85,40.73434,-111.87211,36.5,18.0,876.4,117.81,1.5
2580.0,1307.9,359.26,0.05,359.26,40.73434,-111.87211,36.3,19.0,876.4,112.00,1.6
2640.0,1307.9,359.47,0.04,359.47,40.73434,-111.87211,36.2,19.0,876.4,97.32,0.8
2700.0,1307.9,359.65,0.04,359.65,40.73434,-111.87211,36.1,18.7,876.4,103.37,1.0
2760.0,1308.0,359.75,0.05,359.75,40.73434,-111.87211,36.1,18.7,876.4,87.45,0.8
2820.0,1308.0,359.98,0.05,359.98,40.73434,-111.87211,36.2,18.3,876.4,108.55,1.2
2880.0,1308.3,359.85,0.05,359.85,40.73434,-111.87211,36.1,18.4,876.4,93.42,1.0
2940.0,1308.5,359.84,0.05,359.84,40.73434,-111.87211,36.0,18.6,876.3,94.45,1.0
3000.0,1308.8,0.78,0.05,0.78,40.73434,-111.87211,35.9,18.5,876.3,88.03,0.9
3060.0,1309.1,0.57,0.05,0.57,40.73434,-111.87211,35.9,18.2,876.3,97.60,1.0
3120.0,1309.0,0.23,0.04,0.23,40.73434,-111.87211,35.9,17.7,876.3,116.43,1.3
3180.0,1309.0,0.35,0.05,0.35,40.73434,-111.87211,36.1,17.5,876.3,123.73,1.0
3240.0,1309.3,0.37,0.05,0.37,40.73434,-111.87211,36.2,17.4,876.3,157.05,1.6
3300.0,1309.4,0.54,0.05,0.54,40.73434,-111.87211,36.4,17.9,876.3,119.27,0.9
3360.0,1309.4,0.51,0.05,0.51,40.73434,-111.87211,36.4,19.1,876.3,88.63,0.7
3420.0,1309.1,0.74,0.04,0.74,40.73434,-111.87211,36.4,18.7,876.3,90.20,0.8
3480.0,1309.1,0.39,0.05,0.39,40.73434,-111.87211,36.3,18.6,876.3,83.51,0.6
3540.0,1308.9,0.06,0.05,0.06,40.73434,-111.87211,36.3,18.4,876.3,85.49,0.6
3600.0,1308.6,359.66,0.04,359.66,40.73434,-111.87211,36.3,18.6,876.2,91.73,0.9
3660.0,1308.8,359.72,0.05,359.72,40.73434,-111.87211,36.3,18.8,876.2,98.79,1.1
3720.0,1308.7,0.01,0.05,0.01,40.73434,-111.87211,36.2,18.8,876.2,93.66,0.8
3780.0,1308.6,359.49,0.05,359.49,40.73434,-111.87211,36.2,17.8,876.2,106.43,1.1
3840.0,1308.5,359.42,0.06,359.42,40.73434,-111.87211,36.2,17.8,876.1,109.47,1.1
3900.0,1308.5,359.59,0.05,359.59,40.73434,-111.87211,36.3,17.4,876.1,126.24,1.1
3960.0,1308.5,359.91,0.05,359.91,40.73434,-111.87211,36.5,17.5,876.1,110.48,0.9
4020.0,1308.4,0.17,0.05,0.17,40.73435,-111.87211,36.7,17.4,876.1,143.50,1.0
4080.0,1308.4,0.06,0.05,0.06,40.73435,-111.87211,36.8,17.4,876.1,131.45,1.0
4140.0,1308.3,359.75,0.05,359.75,40.73435,-111.87211,37.0,17.4,876.1,118.52,0.9
4200.0,1308.2,359.70,0.05,359.70,40.73434,-111.87211,37.0,17.4,876.1,119.70,1.2
4260.0,1308.2,359.77,0.04,359.77,40.73435,-111.87211,37.0,17.9,876.1,100.83,1.0
4320.0,1308.4,359.64,0.04,359.64,40.73434,-111.87211,37.0,17.9,876.0,93.82,0.6
4380.0,1308.5,359.65,0.05,359.65,40.73434,-111.87211,36.9,18.2,876.0,96.84,0.8
4440.0,1308.6,359.19,0.04,359.19,40.73434,-111.87211,36.7,18.3,876.0,111.12,1.4
4500.0,1308.7,359.01,0.04,359.01,40.73434,-111.87211,36.4,19.0,876.0,90.08,0.9
4560.0,1308.6,358.97,0.05,358.97,40.73434,-111.87211,36.2,18.5,876.0,99.30,1.0
4620.0,1308.5,359.49,0.05,359.49,40.73434,-111.87211,36.1,18.2,876.0,107.26,1.0
4680.0,1308.6,359.54,0.05,359.54,40.73434,-111.87211,36.0,18.4,876.0,102.66,0.9
4740.0,1308.7,359.70,0.05,359.70,40.73434,-111.87211,36.0,18.3,876.0,110.02,0.9
4800.0,1308.7,359.17,0.05,359.17,40.73434,-111.87211,35.8,18.5,876.0,87.86,0.7
4860.0,1308.5,358.93,0.05,358.93,40.73434,-111.87211,35.7,18.2,876.0,103.94,0.9
4920.0,1308.8,359.03,0.05,359.03,40.73434,-111.87211,35.7,18.5,876.0,96.22,0.9
4980.0,1308.6,359.25,0.06,359.25,40.73434,-111.87211,35.6,18.9,876.1,103.29,1.0
5040.0,1308.7,359.48,0.06,359.48,40.73434,-111.87211,35.5,19.4,876.1,117.97,1.4
5100.0,1309.0,359.64,0.06,359.64,40.73434,-111.87211,35.4,18.5,876.1,121.88,1.4
5160.0,1308.6,359.97,0.06,359.97,40.73434,-111.87211,35.3,18.6,876.1,118.38,1.6
5220.0,1308.4,0.53,0.06,0.53,40.73434,-111.87211,35.3,18.2,876.1,120.91,1.5
5280.0,1308.7,0.62,0.06,0.62,40.73434,-111.87211,35.1,18.7,876.1,121.29,1.6
5340.0,1308.7,0.72,0.05,0.72,40.73434,-111.87211,35.2,19.0,876.1,118.46,1.4
5400.0,1308.8,0.24,0.05,0.24,40.73434,-111.87211,35.1,19.3,876.0,120.26,1.7
5460.0,1308.7,0.26,0.04,0.26,40.73434,-111.87211,35.0,19.1,876.0,113.39,1.6
5520.0,1308.6,0.51,0.05,0.51,40.73434,-111.87211,34.9,18.9,876.0,117.43,1.7
5580.0,1308.6,0.17,0.05,0.17,40.73434,-111.87211,34.9,18.9,876.0,118.78,1.6
5640.0,1308.7,0.23,0.05,0.23,40.73434,-111.87211,34.8,19.1,876.0,101.24,0.9
5700.0,1308.7,0.23,0.05,0.23,40.73434,-111.87211,34.8,19.1,876.0,100.70,0.8
5760.0,1308.5,0.86,0.05,0.86,40.73434,-111.87211,34.7,19.2,876.0,96.58,0.9
5820.0,1308.3,0.90,0.05,0.90,40.73434,-111.87211,34.6,19.1,876.0,115.67,1.2
5880.0,1308.3,0.35,0.05,0.35,40.73434,-111.87211,34.6,19.3,876.0,121.70,1.4
5940.0,1308.4,359.96,0.05,359.96,40.73434,-111.87211,34.6,19.4,876.0,118.69,1.3
6000.0,1308.6,359.94,0.05,359.94,40.73434,-111.87211,34.6,19.6,876.0,111.01,1.1
6060.0,1308.7,360.00,0.06,360.00,40.73434,-111.87211,34.6,19.2,876.0,108.01,0.9
6120.0,1308.7,0.28,0.05,0.28,40.73434,-111.87211,34.6,19.1,876.0,110.16,1.0
6180.0,1308.5,0.45,0.05,0.45,40.73434,-111.87211,34.5,19.3,876.0,113.63,1.2
6240.0,1308.5,0.33,0.06,0.33,40.73434,-111.87211,34.4,19.4,876.0,119.28,1.5
6300.0,1308.6,359.87,0.06,359.87,40.73434,-111.87211,34.5,18.9,876.0,121.51,1.3
6360.0,1308.8,0.08,0.06,0.08,40.73434,-111.87211,34.4,19.5,876.0,119.90,1.5
6420.0,1308.9,0.31,0.06,0.31,40.73433,-111.87211,34.3,19.9,876.0,121.27,1.6
6480.0,1309.0,0.56,0.05,0.56,40.73433,-111.87211,34.1,19.5,876.1,101.38,1.0
6540.0,1309.2,0.64,0.05,0.64,40.73433,-111.87211,34.1,19.3,876.1,118.19,0.8
6600.0,1309.4,0.05,0.05,0.05,40.73433,-111.87211,34.1,19.2,876.1,147.01,1.2
6660.0,1309.3,0.23,0.05,0.23,40.73433,-111.87211,34.1,19.2,876.1,139.79,1.5
6720.0,1309.0,0.56,0.05,0.56,40.73433,-111.87211,34.1,19.3,876.1,135.73,1.5
6780.0,1309.2,0.53,0.06,0.53,40.73433,-111.87211,34.1,19.9,876.1,124.99,1.2
6840.0,1309.7,0.63,0.05,0.63,40.73433,-111.87211,33.9,20.9,876.1,110.14,1.0
6900.0,1309.8,0.74,0.05,0.74,40.73433,-111.87211,33.7,20.6,876.1,112.94,0.9
6960.0,1310.2,0.90,0.05,0.90,40.73433,-111.87211,33.6,20.7,876.1,106.82,0.7
7020.0,1310.4,0.69,0.06,0.69,40.73433,-111.87211,33.5,20.7,876.1,115.51,0.9
7080.0,1309.9,0.29,0.05,0.29,40.73434,-111.87211,33.3,20.5,876.1,104.94,0.8
7140.0,1310.2,0.56,0.05,0.56,40.73434,-111.87211,33.2,20.8,876.1,115.64,1.1
7200.0,1310.3,0.80,0.05,0.80,40.73434,-111.87211,33.1,20.7,876.1,116.37,1.1
7260.0,1310.2,0.99,0.05,0.99,40.73434,-111.87211,33.0,20.7,876.1,107.58,0.8
7320.0,1309.9,1.08,0.05,1.08,40.73434,-111.87211,32.9,20.9,876.1,111.22,0.8
7380.0,1309.6,1.08,0.05,1.08,40.73434,-111.87211,32.8,21.1,876.1,105.16,0.7
7440.0,1309.6,0.93,0.05,0.93,40.73434,-111.87211,32.7,21.0,876.1,109.38,0.7
7500.0,1309.6,0.65,0.06,0.65,40.73434,-111.87211,32.6,21.1,876.1,105.60,0.7
7560.0,1309.6,0.62,0.06,0.62,40.73434,-111.87211,32.5,21.3,876.1,105.45,0.7
7620.0,1309.3,0.05,0.06,0.05,40.73434,-111.87211,32.5,21.5,876.1,91.43,0.6
7680.0,1309.3,359.72,0.06,359.72,40.73434,-111.87211,32.3,22.0,876.1,87.60,0.6
7740.0,1309.2,359.78,0.07,359.78,40.73434,-111.87211,32.2,22.0,876.1,91.79,0.6
7800.0,1309.2,359.39,0.06,359.39,40.73434,-111.87211,32.1,22.1,876.1,88.26,0.6
7860.0,1309.0,359.25,0.05,359.25,40.73434,-111.87211,32.0,22.5,876.1,94.32,0.7
7920.0,1308.9,359.19,0.05,359.19,40.73434,-111.87211,32.0,22.4,876.0,87.04,0.6
7980.0,1308.9,359.50,0.06,359.50,40.73434,-111.87211,31.8,22.4,876.0,92.16,0.6
8040.0,1308.8,0.01,0.05,0.01,40.73434,-111.87211,31.8,22.6,876.0,92.80,0.5
8100.0,1308.6,0.14,0.06,0.14,40.73434,-111.87211,31.8,22.4,876.0,97.95,0.6
8160.0,1308.5,359.88,0.06,359.88,40.73434,-111.87211,31.8,22.5,876.0,108.02,0.9
8220.0,1308.5,359.96,0.05,359.96,40.73434,-111.87211,31.7,22.7,876.0,108.24,0.9
8280.0,1308.5,359.65,0.06,359.65,40.73434,-111.87211,31.6,22.5,876.0,89.81,0.8
8340.0,1308.4,359.16,0.05,359.16,40.73434,-111.87211,31.5,22.5,876.0,93.34,0.7
8400.0,1308.3,359.21,0.06,359.21,40.73434,-111.87211,31.4,22.8,876.0,102.42,0.7
8460.0,1308.2,359.86,0.05,359.86,40.73434,-111.87211,31.3,23.1,876.0,101.82,0.7
8520.0,1308.7,359.76,0.05,359.76,40.73434,-111.87211,31.2,23.6,875.9,100.10,0.7
8580.0,1309.1,359.45,0.05,359.45,40.73434,-111.87211,31.1,24.0,875.9,104.31,0.8
8640.0,1309.1,359.18,0.05,359.18,40.73434,-111.87211,31.1,23.9,875.9,109.74,1.1
8700.0,1309.1,359.50,0.05,359.50,40.73434,-111.87211,31.0,24.0,875.9,112.49,0.9
8760.0,1309.1,359.14,0.05,359.14,40.73434,-111.87211,30.9,24.3,876.0,110.08,0.8
8820.0,1309.0,358.90,0.05,358.90,40.73434,-111.87211,30.9,24.3,876.0,110.49,0.8
8880.0,1309.0,359.15,0.05,359.15,40.73434,-111.87211,30.9,24.4,876.0,106.15,0.8
8940.0,1309.1,358.87,0.06,358.87,40.73434,-111.87211,30.8,24.3,876.0,107.04,0.9
9000.0,1309.2,358.66,0.05,358.66,40.73434,-111.87211,30.8,24.2,876.0,86.01,0.5
9060.0,1309.3,359.14,0.06,359.14,40.73434,-111.87211,30.7,23.8,876.0,112.67,0.9
9120.0,1309.2,358.31,0.07,358.31,40.73434,-111.87211,30.7,23.7,876.1,98.75,0.7
9180.0,1309.3,358.51,0.05,358.51,40.73434,-111.87211,30.7,23.9,876.1,119.78,1.0
9240.0,1309.2,359.43,0.05,359.43,40.73434,-111.87211,30.6,23.9,876.1,117.08,1.0
9300.0,1309.3,359.07,0.06,359.07,40.73434,-111.87211,30.5,23.9,876.1,116.82,1.2
9360.0,1309.2,358.89,0.05,358.89,40.73434,-111.87211,30.4,24.0,876.1,118.97,1.1
9420.0,1309.3,358.89,0.05,358.89,40.73434,-111.87211,30.3,23.8,876.1,116.52,1.0
9480.0,1309.3,359.34,0.06,359.34,40.73434,-111.87211,30.2,24.2,876.1,112.80,0.9
9540.0,1309.3,359.55,0.05,359.55,40.73434,-111.87212,30.2,24.0,876.1,112.91,0.8
9600.0,1309.4,359.79,0.05,359.79,40.73434,-111.87212,30.1,23.8,876.1,111.60,1.1
9660.0,1309.3,359.47,0.06,359.47,40.73434,-111.87212,30.1,23.9,876.1,127.20,1.1
9720.0,1309.3,359.17,0.06,359.17,40.73434,-111.87212,30.1,24.3,876.1,111.61,0.8
9780.0,1309.2,358.66,0.06,358.66,40.73434,-111.87212,30.0,24.1,876.1,114.50,1.1
9840.0,1309.3,358.69,0.06,358.69,40.73434,-111.87212,29.9,23.9,876.2,106.50,0.7
9900.0,1309.3,359.04,0.06,359.04,40.73434,-111.87212,29.8,23.8,876.2,97.75,0.7
9960.0,1309.3,359.55,0.05,359.55,40.73434,-111.87212,29.7,24.0,876.2,120.65,1.2
10020.0,1309.2,359.63,0.06,359.63,40.73434,-111.87211,29.7,24.3,876.2,120.17,1.1
10080.0,1309.0,0.23,0.04,0.23,40.73434,-111.87212,29.6,24.6,876.2,120.76,1.2
10140.0,1309.2,0.61,0.05,0.61,40.73434,-111.87211,29.5,24.2,876.2,121.40,1.4
10200.0,1309.5,0.86,0.05,0.86,40.73434,-111.87211,29.5,24.3,876.2,113.50,1.0
10260.0,1309.5,1.01,0.05,1.01,40.73434,-111.87211,29.4,24.5,876.3,119.36,1.2
10320.0,1309.4,0.55,0.05,0.55,40.73434,-111.87211,29.4,24.4,876.3,102.64,0.7
10380.0,1309.1,0.32,0.06,0.32,40.73434,-111.87211,29.4,24.6,876.3,115.83,0.8
10440.0,1308.8,0.13,0.05,0.13,40.73434,-111.87211,29.3,24.6,876.3,104.15,0.7
10500.0,1308.8,0.49,0.04,0.49,40.73434,-111.87211,29.3,24.5,876.3,112.94,0.7
10560.0,1308.8,0.88,0.05,0.88,40.73434,-111.87211,29.2,24.6,876.3,108.79,0.6
10620.0,1309.1,1.13,0.05,1.13,40.73434,-111.87211,29.2,24.5,876.3,114.34,1.2
10680.0,1309.7,1.16,0.06,1.16,40.73434,-111.87211,29.1,24.6,876.3,116.66,1.2
10740.0,1309.7,1.88,0.05,1.88,40.73434,-111.87211,29.0,24.6,876.2,110.53,1.1
10800.0,1309.8,2.05,0.06,2.05,40.73434,-111.87211,29.1,24.8,876.2,122.89,1.0
10860.0,1309.6,1.99,0.05,1.99,40.73434,-111.87211,29.0,24.7,876.2,110.72,0.9
10920.0,1309.6,1.85,0.05,1.85,40.73434,-111.87211,28.9,25.0,876.2,111.39,0.8
10980.0,1309.6,1.22,0.06,1.22,40.73434,-111.87211,28.9,24.8,876.2,101.85,0.9
11040.0,1309.4,1.73,0.06,1.73,40.73434,-111.87211,28.9,24.7,876.2,120.88,0.9
11100.0,1309.3,1.29,0.05,1.29,40.73434,-111.87211,28.9,24.6,876.2,115.33,1.0
11160.0,1309.3,1.08,0.05,1.08,40.73434,-111.87211,28.9,24.6,876.3,111.59,1.3
11220.0,1309.3,0.15,0.05,0.15,40.73434,-111.87211,28.8,24.8,876.3,110.82,1.0
11280.0,1309.3,359.98,0.05,359.98,40.73434,-111.87211,28.8,24.9,876.3,116.51,0.9
11340.0,1309.3,0.41,0.04,0.41,40.73434,-111.87211,28.8,24.7,876.3,112.46,0.9
11400.0,1309.5,1.05,0.05,1.05,40.73434,-111.87211,28.8,24.6,876.4,107.56,0.7
11460.0,1309.4,1.23,0.05,1.23,40.73434,-111.87211,28.8,24.6,876.4,114.03,1.3
11520.0,1309.4,1.01,0.05,1.01,40.73434,-111.87211,28.8,24.7,876.4,124.92,0.8
11580.0,1309.3,0.95,0.05,0.95,40.73434,-111.87211,28.8,24.8,876.5,128.41,0.8
11640.0,1309.2,0.89,0.05,0.89,40.73434,-111.87211,28.8,24.8,876.5,118.47,0.9
11700.0,1309.3,0.88,0.05,0.88,40.73434,-111.87211,28.8,24.8,876.6,111.92,0.8
11760.0,1309.2,0.83,0.04,0.83,40.73434,-111.87211,28.8,24.7,876.6,127.58,0.8
11820.0,1309.1,0.84,0.05,0.84,40.73434,-111.87211,28.9,24.8,876.7,107.61,0.4
11880.0,1308.9,1.02,0.05,1.02,40.73434,-111.87211,29.0,24.6,876.7,96.48,0.5
11940.0,1308.8,0.73,0.05,0.73,40.73434,-111.87211,29.1,24.6,876.8,101.77,0.5
12000.0,1309.0,0.16,0.05,0.16,40.73434,-111.87211,29.3,24.4,876.8,111.92,0.4
12060.0,1308.8,0.12,0.05,0.12,40.73434,-111.87211,29.4,24.2,876.9,110.15,0.7
12120.0,1308.8,0.21,0.05,0.21,40.73434,-111.87211,29.5,24.1,877.1,119.49,0.2
12180.0,1308.8,0.42,0.05,0.42,40.73434,-111.87211,29.7,24.1,877.3,132.44,0.2
12240.0,1308.7,0.21,0.05,0.21,40.73434,-111.87211,29.7,24.1,877.5,250.30,0.5
