CampaignData_and_Merges/R0/CSL_MobileLab_Parked/raw/20240726/USOS-NOAAIodideCIMS-Halogens_MobileLabGround_20240726_RA.ict
38, 1001
Michael A Robinson, Chris Jernigan, Subi Thakali
NOAA ESRL Chemical Sciences Laboratory and CIRES, U. of Colorado
NOAA Iodide CIMS Instrument
USOS
1, 1
2024, 07, 26, 2024, 07, 27
1
starttime_UTC, seconds_past_midnight, seconds_of_day_since_00:00:00_UTC
6
1, 1, 1, 1, 1, 1
-9999, -9999, -9999, -9999, -9999, -9999
Br2_NOAACIMS, pptv, Gas_Br2_InSitu_S_AVMR, 
BrO_NOAACIMS, pptv, Gas_BrO_InSitu_S_AVMR, 
Cl2_NOAACIMS, pptv, Gas_Cl2_InSitu_S_AVMR, 
ClNO2_NOAACIMS, pptv, Gas_ClNO2_InSitu_S_AVMR, 
BrCl_NOAACIMS, pptv, Gas_BrCl_InSitu_S_AVMR, 
NCl3_NOAACIMS, pptv, Gas_NCl3_InSitu_S_AVMR, 
0
18
PI_CONTACT_INFO: 325 Broadway, R/CSD 7, Boulder, Colorado 80305; michael.a.robinson@noaa.gov; chris.jernigan@noaa.gov;
PLATFORM: NOAA CSL Mobile Lab
LOCATION: SLC, Utah
ASSOCIATED_DATA: 1Hz data also available on request.
INSTRUMENT_INFO: NOAA I- ToF CIMS
DATA_INFO: All data in parts per trillion by volume (pptv). 1 Hz data is available upon request.
UNCERTAINTY: TBD
ULOD_FLAG: -7777
ULOD_VALUE: N/A
LLOD_FLAG: -8888
LLOD_VALUE: N/A
DM_CONTACT_INFO: Nathan Howard; nathan.h.howard@noaa.gov
PROJECT_INFO: USOS, summer 2024. https://csl.noaa.gov/groups/csl7/measurements/2024usos/
STIPULATIONS_ON_USE: Users are strongly encouraged to contact the PI for proper data usage.
OTHER_COMMENTS: 
REVISION: RA
RA: Preliminary Data; For in-field use only
starttime_UTC, Br2_NOAACIMS, BrO_NOAACIMS, Cl2_NOAACIMS, ClNO2_NOAACIMS, BrCl_NOAACIMS, NCl3_NOAACIMS
[from data line 289]
 17340,  1.158,  0.091,  0.882,  0.697,  0.226,  2.416
 17400,  1.229,  0.100,  0.961,  0.731,  0.232,  2.768
 17460,  1.084,  0.153,  0.960,  0.688,  0.161,  2.549
 17520,  1.380,  0.108,  0.953,  0.656,  0.196,  2.555
 17580,  1.188,  0.137,  0.947,  0.730,  0.205,  3.382
 17640,  1.229,  0.115,  0.951,  0.683,  0.218,  3.724
 17700,  1.210,  0.190,  0.965,  0.580,  0.214,  4.185
 17760,  1.203,  0.117,  0.972,  0.695,  0.241,  3.723
 17820,  1.179,  0.116,  1.023,  0.654,  0.207,  4.324
 17880,  1.095,  0.070,  1.005,  0.575,  0.282,  5.940
 17940,  1.115,  0.107,  1.081,  0.510,  0.232,  6.432
 18000,  1.295,  0.148,  1.191,  0.551,  0.177,  7.142
 18060,  1.288,  0.157,  1.125,  0.559,  0.207,  7.235
 18120,  1.296,  0.111,  1.080,  0.566,  0.204,  6.804
 18180,  1.090,  0.105,  1.188,  0.571,  0.227,  6.455
 18240,  1.296,  0.108,  1.233,  0.496,  0.234,  6.203
 18300,  1.197,  0.154,  1.437,  0.599,  0.268,  6.424
 18360,  1.181,  0.132,  1.449,  0.620,  0.237,  8.919
 18420,  1.336,  0.174,  1.407,  0.670,  0.266, 11.105
 18480,  1.507,  0.105,  1.514,  0.656,  0.237, 14.023
 18540,  1.260,  0.152,  1.532,  0.682,  0.193, 13.357
 18600,  1.118,  0.203,  1.204,  0.666,  0.170,  9.095
 18660,  1.263,  0.334,  0.936,  0.690,  0.143,  8.193
 18720, -9999.000, -9999.000, -9999.000, -9999.000, -9999.000, -9999.000
 18780,  1.107,  0.034,  0.828,  0.453,  0.193,  2.174
 18840,  1.171,  0.072,  0.642,  0.425,  0.175,  1.963
 18900,  1.084,  0.044,  0.715,  0.379,  0.195,  1.722
 18960,  0.903,  0.110,  0.633,  0.386,  0.191,  1.909
 19020,  1.009,  0.104,  0.631,  0.351,  0.150,  2.511
 19080,  0.952,  0.123,  0.470,  0.323,  0.153,  2.891
 19140,  0.994,  0.129,  0.657,  0.421,  0.095,  2.956
 19200,  0.936,  0.091,  0.596,  0.354,  0.112,  3.015
 19260,  0.828,  0.116,  0.513,  0.324,  0.180,  2.099
 19320,  0.954,  0.049,  0.434,  0.283,  0.109,  1.423
 19380,  0.976,  0.075,  0.362,  0.297,  0.083,  1.466
 19440,  1.030,  0.109,  0.367,  0.264,  0.101,  1.286
 19500,  1.043,  0.133,  0.422,  0.295,  0.085,  1.395
 19560,  1.071,  0.095,  0.440,  0.301,  0.088,  1.135
 19620,  0.896,  0.079,  0.526,  0.344,  0.097,  0.882
 19680,  0.974,  0.098,  0.413,  0.301,  0.110,  0.812
 19740,  1.003,  0.110,  0.584,  0.359,  0.115,  0.820
 19800,  1.102,  0.162,  0.523,  0.307,  0.126,  1.715
 19860,  1.110,  0.089,  0.530,  0.385,  0.076,  1.899
 19920,  0.964,  0.051,  0.412,  0.325,  0.096,  2.018
 19980,  0.898,  0.099,  0.535,  0.318,  0.084,  2.457
 20040,  0.963,  0.082,  0.565,  0.317,  0.106,  3.160
 20100,  0.864,  0.031,  0.514,  0.305,  0.096,  2.815
 20160,  0.874,  0.009,  0.537,  0.279,  0.094,  3.070
 20220,  0.815,  0.103,  0.510,  0.319,  0.087,  2.814
 20280,  0.863,  0.028,  0.515,  0.277,  0.100,  1.930
 20340,  1.005,  0.100,  0.471,  0.301,  0.099,  1.633
 20400,  0.818,  0.101,  0.491,  0.288,  0.103,  1.987
 20460,  0.930,  0.037,  0.490,  0.303,  0.124,  2.194
 20520,  0.965,  0.035,  0.492,  0.312,  0.139,  1.407
 20580,  0.845, -0.035,  0.388,  0.300,  0.066,  1.596
 20640,  0.810,  0.048,  0.435,  0.253,  0.081,  1.381
 20700,  0.786,  0.034,  0.435,  0.217,  0.166,  1.566
 20760,  0.861,  0.144,  0.416,  0.260,  0.116,  1.567
 20820,  0.710,  0.102,  0.506,  0.241,  0.198,  2.290
 20880,  0.708,  0.140,  0.481,  0.280,  0.152,  2.910
 20940,  0.847,  0.106,  0.812,  0.272,  0.134,  5.713
 21000,  0.990,  0.028,  0.757,  0.241,  0.136,  4.922
 21060,  0.827, -0.005,  0.599,  0.287,  0.132,  3.128
 21120,  0.635,  0.040,  0.601,  0.295,  0.200,  3.131
 21180,  0.820,  0.091,  0.512,  0.255,  0.141,  2.645
 21240,  0.764,  0.057,  0.530,  0.210,  0.117,  2.247
 21300,  0.884,  0.014,  0.458,  0.282,  0.167,  2.310
 21360,  0.855,  0.030,  0.470,  0.300,  0.181,  1.863
 21420,  0.738,  0.067,  0.484,  0.246,  0.107,  1.828
 21480,  0.768,  0.119,  0.478,  0.289,  0.133,  1.726
 21540,  0.863,  0.112,  0.461,  0.289,  0.104,  1.425
 21600,  0.706,  0.041,  0.448,  0.265,  0.106,  1.457
 21660,  0.746,  0.110,  0.369,  0.264,  0.090,  1.107
 21720,  0.834,  0.114,  0.420,  0.321,  0.141,  0.929
 21780,  0.808,  0.071,  0.464,  0.271,  0.084,  0.776
 21840,  0.962,  0.083,  0.418,  0.247,  0.140,  0.560
 21900,  0.944,  0.069,  0.464,  0.231,  0.122,  0.576
 21960,  0.857,  0.066,  0.303,  0.289,  0.087,  0.726
 22020,  0.771,  0.039,  0.347,  0.304,  0.071,  0.638
 22080,  1.001,  0.099,  0.362,  0.293,  0.084,  0.552
 22140,  0.818,  0.036,  0.393,  0.301,  0.114,  0.856
 22200,  0.866,  0.064,  0.406,  0.261,  0.125,  0.994
 22260,  0.807,  0.007,  0.449,  0.263,  0.099,  0.898
 22320,  0.821,  0.158,  0.376,  0.279,  0.110,  1.581
 22380, -9999.000, -9999.000, -9999.000, -9999.000, -9999.000, -9999.000
 22440,  0.357,  0.179,  0.467,  0.266,  0.212,  1.666
 22500,  0.779,  0.056,  0.597,  0.290,  0.181,  1.827
 22560,  0.776,  0.050,  0.518,  0.312,  0.139,  2.022
 22620,  0.910,  0.091,  0.584,  0.334,  0.149,  3.653
 22680,  0.776,  0.001,  0.562,  0.304,  0.135,  3.597
 22740,  0.908,  0.109,  0.536,  0.348,  0.078,  3.867
 22800,  0.749,  0.029,  0.617,  0.296,  0.159,  2.935
 22860,  0.835,  0.141,  0.614,  0.300,  0.159,  2.552
 22920,  0.679,  0.070,  0.487,  0.269,  0.134,  1.752
 22980,  0.880,  0.033,  0.480,  0.284,  0.169,  1.814
 23040,  0.814,  0.027,  0.492,  0.320,  0.177,  1.848
 23100,  0.796,  0.131,  0.510,  0.299,  0.158,  2.252
 23160,  0.816,  0.136,  0.578,  0.273,  0.158,  2.323
 23220,  0.771,  0.183,  0.642,  0.303,  0.119,  2.385
 23280,  0.831,  0.091,  0.605,  0.338,  0.186,  2.987
 23340,  0.877,  0.048,  0.709,  0.292,  0.125,  3.143
 23400,  0.796,  0.035,  0.599,  0.305,  0.151,  3.785
 23460,  0.861,  0.079,  0.738,  0.367,  0.156,  3.945
 23520,  0.825,  0.147,  1.052,  0.427,  0.212,  4.801
 23580,  0.860,  0.015,  1.148,  0.578,  0.103,  4.833
 23640,  0.842,  0.107,  1.053,  0.576,  0.187,  4.988
 23700,  0.836,  0.070,  1.178,  0.514,  0.196,  4.941
 23760,  0.912,  0.070,  1.146,  0.908,  0.223,  6.122
 23820,  0.945,  0.110,  1.099,  0.808,  0.160,  6.199
 23880,  0.764,  0.153,  1.112,  0.887,  0.185,  5.658
 23940,  0.791,  0.068,  1.208,  1.019,  0.168,  6.446
 24000,  1.043,  0.140,  1.132,  1.058,  0.153,  6.624
 24060,  0.841,  0.076,  1.009,  1.033,  0.168,  6.186
 24120,  0.873,  0.067,  0.884,  1.122,  0.185,  5.592
 24180,  0.947,  0.083,  0.830,  0.963,  0.212,  4.580
 24240,  0.872,  0.065,  0.711,  1.160,  0.338,  4.804
 24300,  1.041,  0.069,  0.738,  0.964,  0.224,  3.781
 24360,  1.053,  0.142,  0.646,  0.815,  0.176,  2.724
 24420,  1.045,  0.080,  0.618,  1.317,  0.158,  2.201
 24480,  1.034,  0.082,  0.622,  1.886,  0.249,  1.522
 24540,  1.053,  0.067,  0.609,  1.808,  0.277,  1.356
 24600,  1.094,  0.059,  0.545,  1.827,  0.153,  1.346
 24660,  1.064,  0.160,  0.536,  1.467,  0.194,  1.395
 24720,  1.060,  0.177,  0.536,  1.635,  0.162,  1.552
 24780,  0.924,  0.057,  0.535,  1.746,  0.209,  1.207
 24840,  1.026,  0.037,  0.576,  1.872,  0.173,  1.152
 24900,  0.985,  0.053,  0.521,  1.829,  0.170,  1.142
 24960,  1.019,  0.209,  0.519,  1.815,  0.161,  1.207
 25020,  1.018,  0.040,  0.558,  1.858,  0.247,  1.101
 25080,  0.957,  0.088,  0.565,  1.596,  0.235,  1.345
 25140,  1.309,  0.090,  0.523,  1.535,  0.177,  1.323
 25200,  1.078,  0.125,  0.609,  1.374,  0.201,  1.516
 25260,  1.068,  0.028,  0.548,  1.374,  0.207,  1.310
 25320,  1.027,  0.043,  0.594,  1.559,  0.175,  1.250
 25380,  1.004,  0.045,  0.741,  1.408,  0.133,  1.131
 25440,  0.931,  0.078,  1.171,  1.190,  0.192,  1.277
 25500,  1.044,  0.085,  0.988,  1.399,  0.205,  1.296
 25560,  0.999,  0.085,  0.761,  1.404,  0.180,  1.197
 25620,  0.892,  0.129,  0.907,  1.391,  0.208,  1.370
 25680,  0.932,  0.065,  0.962,  1.512,  0.168,  1.449
 25740,  1.004,  0.154,  1.063,  1.395,  0.235,  1.639
 25800,  0.954,  0.059,  0.956,  1.439,  0.196,  1.577
 25860,  0.972,  0.169,  0.871,  1.675,  0.207,  1.644
 25920,  0.788,  0.114,  0.925,  1.602,  0.204,  1.631
 25980,  1.130,  0.111,  1.050,  1.703,  0.157,  1.790
 26040,  1.050,  0.117,  0.932,  1.604,  0.181,  1.772
 26100, -9999.000, -9999.000, -9999.000, -9999.000, -9999.000, -9999.000
 26160,  0.933,  0.068,  0.904,  1.544,  0.241,  1.846
 26220,  1.042,  0.078,  0.712,  1.788,  0.231,  1.772
 26280,  0.909,  0.025,  0.720,  1.650,  0.193,  1.963
 26340,  0.920,  0.080,  0.746,  1.807,  0.214,  2.404
 26400,  0.917,  0.028,  0.771,  1.757,  0.208,  2.908
 26460,  0.797,  0.056,  0.836,  1.699,  0.192,  3.489
 26520,  0.897,  0.175,  0.786,  1.507,  0.191,  4.438
 26580,  0.755,  0.152,  0.751,  1.446,  0.273,  4.509
 26640,  0.886,  0.134,  0.701,  1.447,  0.189,  4.816
 26700,  0.880,  0.042,  0.710,  1.293,  0.191,  4.808
 26760,  0.807,  0.071,  0.767,  1.226,  0.215,  4.852
 26820,  0.908,  0.107,  0.665,  1.195,  0.156,  4.838
 26880,  0.891,  0.070,  0.637,  1.143,  0.218,  4.885
 26940,  0.953,  0.147,  0.709,  1.029,  0.197,  4.575
 27000,  1.001,  0.026,  0.698,  0.998,  0.204,  4.548
 27060,  0.874,  0.011,  0.782,  0.864,  0.193,  4.647
 27120,  0.801,  0.140,  0.587,  0.786,  0.219,  4.068
 27180,  0.918,  0.073,  0.593,  0.708,  0.160,  4.228
 27240,  1.022,  0.213,  0.634,  0.639,  0.204,  3.712
 27300,  0.846,  0.117,  0.667,  0.630,  0.233,  3.602
 27360,  0.942,  0.042,  0.607,  0.649,  0.206,  3.738
 27420,  0.991,  0.088,  0.644,  0.589,  0.177,  3.745
 27480,  0.910,  0.096,  0.617,  0.630,  0.215,  3.580
 27540,  0.743,  0.130,  0.661,  0.566,  0.205,  3.209
 27600,  0.957,  0.084,  0.585,  0.668,  0.149,  3.252
 27660,  0.947,  0.152,  0.581,  0.692,  0.131,  3.265
 27720,  0.941,  0.143,  0.741,  0.715,  0.180,  2.963
 27780,  0.944,  0.133,  0.612,  0.629,  0.225,  3.157
 27840,  0.846,  0.098,  0.703,  0.667,  0.154,  3.034
 27900,  0.901,  0.102,  0.795,  0.694,  0.233,  3.328
 27960, -9999.000, -9999.000, -9999.000, -9999.000, -9999.000, -9999.000
 28020,  0.951,  0.079,  0.643,  0.783,  0.173,  3.229
 28080,  0.866,  0.129,  0.642,  0.734,  0.190,  3.489
 28140,  1.008,  0.118,  0.765,  0.697,  0.245,  3.510
 28200,  0.959,  0.180,  0.726,  0.716,  0.210,  3.540
 28260,  0.819,  0.101,  0.641,  0.704,  0.179,  3.909
 28320,  0.967,  0.122,  0.717,  0.777,  0.220,  4.424
 28380,  0.861,  0.100,  0.788,  0.761,  0.174,  5.053
 28440,  0.813,  0.102,  0.759,  0.857,  0.144,  5.048
 28500,  0.923,  0.017,  0.708,  0.723,  0.206,  4.931
 28560,  1.014,  0.100,  0.664,  0.847,  0.201,  5.393
 28620,  0.958,  0.121,  0.739,  1.018,  0.183,  5.561
 28680,  0.840,  0.045,  0.584,  0.946,  0.241,  5.991
 28740,  0.930,  0.026,  0.669,  0.909,  0.125,  5.528
 28800,  1.004,  0.102,  0.651,  0.986,  0.150,  5.521
 28860,  0.838,  0.091,  0.660,  0.885,  0.205,  5.761
 28920,  0.958,  0.002,  0.620,  0.870,  0.185,  5.832
 28980,  0.912,  0.106,  0.729,  0.898,  0.160,  5.622
 29040,  1.088,  0.060,  0.634,  0.931,  0.173,  6.015
 29100,  1.062,  0.064,  0.540,  0.811,  0.157,  5.657
 29160,  0.999,  0.030,  0.650,  0.888,  0.126,  5.814
 29220,  0.979,  0.004,  0.598,  0.802,  0.135,  5.359
 29280,  0.930, -0.034,  0.630,  0.901,  0.118,  5.710
 29340,  0.877, -0.013,  0.586,  0.794,  0.192,  5.812
 29400,  1.006,  0.078,  0.669,  0.870,  0.126,  5.706
 29460,  1.035,  0.063,  0.650,  0.858,  0.207,  6.036
 29520,  1.014, -0.024,  0.641,  0.826,  0.123,  6.281
 29580,  0.941,  0.045,  0.755,  0.906,  0.191,  6.408
 29640,  0.894, -0.024,  0.665,  0.853,  0.187,  6.787
 29700,  1.039,  0.073,  0.585,  0.811,  0.168,  6.538
 29760,  0.856, -0.010,  0.634,  0.881,  0.171,  5.051
 29820, -9999.000, -9999.000, -9999.000, -9999.000, -9999.000, -9999.000
 29880,  0.926,  0.086,  0.595,  0.838,  0.160,  5.110
 29940,  0.989, -0.016,  0.527,  0.856,  0.107,  4.385
 30000,  1.015,  0.033,  0.519,  0.587,  0.184,  3.569
 30060,  0.977, -0.024,  0.518,  0.674,  0.160,  3.422
 30120,  0.977, -0.043,  0.440,  0.501,  0.151,  3.031
 30180,  0.820,  0.039,  0.442,  0.644,  0.186,  3.220
 30240,  0.935,  0.079,  0.340,  0.492,  0.196,  3.081
 30300,  0.910,  0.031,  0.340,  0.483,  0.172,  2.601
 30360,  0.879, -0.039,  0.345,  0.509,  0.129,  2.339
 30420,  1.073, -0.005,  0.309,  0.527,  0.126,  2.037
 30480,  0.910, -0.024,  0.307,  0.505,  0.203,  1.963
 30540,  0.918,  0.076,  0.330,  0.525,  0.145,  1.992
 30600,  0.913,  0.015,  0.367,  0.469,  0.126,  1.769
 30660,  0.965,  0.002,  0.302,  0.469,  0.135,  2.022
 30720,  0.996,  0.064,  0.367,  0.462,  0.160,  1.977
 30780,  0.960,  0.065,  0.433,  0.514,  0.137,  1.857
 30840,  1.025,  0.062,  0.380,  0.493,  0.120,  1.816
 30900,  0.901,  0.024,  0.332,  0.449,  0.131,  1.634
 30960,  0.930, -0.001,  0.389,  0.446,  0.168,  1.803
 31020,  0.842, -0.012,  0.419,  0.464,  0.192,  1.508
 31080,  0.915,  0.126,  0.361,  0.410,  0.101,  1.503
 31140,  1.047,  0.091,  0.417,  0.471,  0.133,  1.730
 31200,  0.875,  0.065,  0.388,  0.473,  0.155,  1.853
 31260,  0.991,  0.069,  0.422,  0.428,  0.162,  1.652
 31320,  1.069, -0.028,  0.401,  0.419,  0.184,  1.887
 31380,  1.013,  0.062,  0.462,  0.430,  0.137,  1.753
 31440,  0.924,  0.111,  0.496,  0.409,  0.152,  1.799
 31500,  1.023,  0.062,  0.545,  0.458,  0.139,  2.744
 31560,  1.032,  0.044,  0.564,  0.383,  0.155,  2.826
 31620,  0.946,  0.120,  0.521,  0.429,  0.100,  2.968
 31680, -9999.000, -9999.000, -9999.000, -9999.000, -9999.000, -9999.000
 31740,  0.984,  0.153,  0.496,  0.413,  0.141,  2.740
 31800,  0.797,  0.165,  0.565,  0.391,  0.126,  3.117
 31860,  0.885,  0.077,  0.568,  0.411,  0.184,  3.459
 31920,  0.720,  0.192,  0.566,  0.460,  0.173,  3.464
 31980,  0.897,  0.095,  0.556,  0.419,  0.156,  3.482
 32040,  0.921,  0.078,  0.557,  0.407,  0.189,  3.271
 32100,  0.699,  0.123,  0.543,  0.426,  0.212,  3.234
 32160,  0.854,  0.069,  0.497,  0.529,  0.161,  3.402
 32220,  0.821,  0.186,  0.561,  0.457,  0.170,  3.513
 32280,  0.804,  0.077,  0.564,  0.445,  0.158,  3.947
 32340,  0.775,  0.138,  0.540,  0.453,  0.202,  4.143
 32400,  0.733,  0.166,  0.613,  0.484,  0.130,  3.855
 32460,  0.709,  0.070,  0.504,  0.473,  0.172,  4.007
 32520,  0.823,  0.064,  0.542,  0.527,  0.187,  3.718
 32580,  0.766,  0.176,  0.542,  0.450,  0.160,  3.789
 32640,  0.842,  0.147,  0.618,  0.478,  0.132,  3.677
 32700,  0.684,  0.178,  0.548,  0.500,  0.119,  4.111
 32760,  0.735,  0.075,  0.615,  0.565,  0.160,  4.408
 32820,  0.718,  0.169,  0.586,  0.498,  0.242,  4.757
 32880,  0.670,  0.253,  0.603,  0.537,  0.197,  4.947
 32940,  0.607,  0.141,  0.662,  0.510,  0.254,  4.696
 33000,  0.535,  0.172,  0.640,  0.475,  0.196,  4.590
 33060,  0.608,  0.145,  0.607,  0.471,  0.147,  4.417
 33120,  0.478,  0.237,  0.659,  0.517,  0.237,  4.964
 33180,  0.655,  0.128,  0.624,  0.528,  0.130,  5.430
 33240,  0.462,  0.102,  0.766,  0.629,  0.203,  6.989
 33300,  0.560,  0.158,  0.669,  0.472,  0.192,  6.726
 33360,  0.431,  0.164,  0.642,  0.554,  0.189,  6.470
 33420,  0.561,  0.185,  0.747,  0.521,  0.163,  7.089
 33480,  0.588,  0.158,  0.665,  0.529,  0.186,  6.620
 33540, -9999.000, -9999.000, -9999.000, -9999.000, -9999.000, -9999.000
 33600,  0.568,  0.111,  0.431,  0.529,  0.204,  3.286
 33660,  0.524,  0.088,  0.548,  0.551,  0.173,  3.265
 33720,  0.630,  0.186,  0.445,  0.530,  0.162,  2.359
 33780,  0.603,  0.144,  0.401,  0.509,  0.131,  1.703
 33840,  0.569,  0.133,  0.459,  0.571,  0.203,  2.324
 33900,  0.606,  0.124,  0.448,  0.511,  0.119,  2.434
 33960,  0.729,  0.142,  0.451,  0.518,  0.125,  2.221
 34020,  0.624,  0.042,  0.510,  0.526,  0.171,  2.524
 34080,  0.727,  0.054,  0.454,  0.509,  0.155,  2.698
 34140,  0.647,  0.023,  0.398,  0.620,  0.184,  2.177
 34200,  0.722,  0.093,  0.503,  0.551,  0.194,  2.202
 34260,  0.606,  0.084,  0.387,  0.574,  0.170,  2.023
 34320,  0.744,  0.117,  0.424,  0.567,  0.156,  2.161
 34380,  0.669,  0.073,  0.554,  0.669,  0.197,  3.822
 34440,  0.504,  0.100,  0.476,  0.670,  0.163,  4.121
 34500,  0.638,  0.065,  0.591,  0.700,  0.216,  5.186
 34560,  0.484,  0.097,  0.617,  0.642,  0.176,  4.715
