CampaignData_and_Merges/R0/CSL_MobileLab_Parked/raw/20240726/USOS-NOy-LIF_MobileLabGround_20240726_R0.ict
39,1001
Rollins, A.; Waxman, E.; Zuraski, K.; Chace, W.
NOAA Chemical Sciences Laboratory
LIF NO/NOx/NOy on CSL Mobile Lab
AMMBEC / USOS
1, 1
2024,07,26, 2025,01,04
1
Time_Start, seconds, number_of_seconds_since_0000_UTC
7
1, 1, 1, 1, 1, 1, 1
-9999, -9999, -9999, -9999, -9999, -9999, -9999
Time_Stop, seconds, number_of_seconds_since_0000_UTC
NO_LIF, pptv, Gas_NO_InSitu_S_AVMR, volume mixing ratio of nitric oxide in air
NO2_LIF, pptv, Gas_NO2_InSitu_S_AVMR, volume mixing ratio of nitrogen dioxide in air
NOy_LIF, pptv, Gas_NOy_InSitu_S_AVMR, volume mixing ratio of total oxidized nitrogen in air
NO_LIF_1SigmaAccuracy, pptv, Gas_NO_InSitu_S_AVMR, volume mixing ratio of nitric oxide in air
NO2_LIF_1SigmaAccuracy, pptv, Gas_NO2_InSitu_S_AVMR, volume mixing ratio of nitrogen dioxide in air
NOy_LIF_1SigmaAccuracy, pptv, Gas_NOy_InSitu_S_AVMR, volume mixing ratio of total oxidized nitrogen in air
0
18
PI_CONTACT_INFO: andrew.rollins@noaa.gov
PLATFORM: CSL Mobile Lab
LOCATION: Salt Lake City, UT
ASSOCIATED_DATA:
INSTRUMENT_INFO: NO detection by laser induced fluorescence. NO2 detection by photolytic conversion to NO. NOy detection by catalytic conversion to NO on gold surface
DATA_INFO:
UNCERTAINTY: Included 1 Sigma Accuracy waves represent the combined calibration uncertainties (±6%, ±9%, ±10%) and zero uncertainties (3 ppt, 20 ppt, 100 ppt) for NO, NO2, and NOy, respectively.
ULOD_FLAG: -7777
ULOD_VALUE: N/A
LLOD_FLAG: -8888
LLOD_VALUE: N/A
DM_CONTACT_INFO: andrew.rollins@noaa.gov
PROJECT_INFO: USOS Project, July - August 2024
STIPULATIONS_ON_USE: Users are strongly encouraged to contact the PI for proper data usage.
OTHER_COMMENTS:
REVISION: R0
R0: final data
Time_Start, Time_Stop, NO_LIF, NO2_LIF, NOy_LIF, NO_LIF_1SigmaAccuracy, NO2_LIF_1SigmaAccuracy, NOy_LIF_1SigmaAccuracy
[from data line 526]
   31560,   31620,50.134,1032.4,2292.2,6.008, 112.91, 329.22
   31620,   31680,53.072,1215.2,2441.1,6.1843, 129.36, 344.11
   31680,   31740,40.879,1038.9,2669,5.4527, 113.5, 366.9
   31740,   31800,39.648,1086,2640.4,5.3789, 117.74, 364.04
   31800,   31860,15.37,901.94,2339.5,3.9222, 101.17, 333.95
   31860,   31920,9.8574,863.4,2032.2,3.5914, 97.706, 303.22
   31920,   31980,13.534,896.32,2167.5,3.8121, 100.67, 316.75
   31980,   32040,21.115,939.51,1973.9,4.2669, 104.56, 297.39
   32040,   32100,17.056,928.54,2157.2,4.0234, 103.57, 315.72
   32100,   32160,23.619,1007.8,2222.3,4.4171, 110.7, 322.23
   32160,   32220,21.603,1077,2399,4.2962, 116.93, 339.9
   32220,   32280,23.919,1092.4,2418.4,4.4352, 118.31, 341.84
   32280,   32340,37.302,1251.4,2686.6,5.2381, 132.63, 368.66
   32340,   32400,25.805,1268.6,2977.2,4.5483, 134.18, 397.72
   32400,   32460,16.916,1260.9,2733.7,4.015, 133.48, 373.37
   32460,   32520,18.663,1253.9,2588.4,4.1198, 132.85, 358.84
   32520,   32580,15.364,1220.5,2480,3.9219, 129.85, 348
   32580,   32640,24.791,1312.2,3133.9,4.4874, 138.1, 413.39
   32640,   32700,30.361,1403.9,2892.1,4.8217, 146.35, 389.21
   32700,   32760,30.875,1863,3309,4.8525, 187.67, 430.9
   32760,   32820,39.601,1801.3,3215.9,5.3761, 182.12, 421.59
   32820,   32880,52.147,1786.2,3464.4,6.1288, 180.76, 446.44
   32880,   32940,24.242,1711.9,3137,4.4545, 174.07, 413.7
   32940,   33000,18.212,1743.5,3008.4,4.0927, 176.91, 400.84
   33000,   33060,20.792,1698.7,2958.8,4.2475, 172.88, 395.88
   33060,   33120,48.621,1917.1,3416.4,5.9173, 192.54, 441.64
   33120,   33180,23.708,1798.6,4003.8,4.4225, 181.87, 500.38
   33180,   33240,70.145,1980.3,4049.8,7.2087, 198.23, 504.98
   33240,   33300,10.532,1698.9,3601.3,3.6319, 172.9, 460.13
   33300,   33360,26.315,1832.6,3620.8,4.5789, 184.93, 462.08
   33360,   33420,20.947,1881.1,3824.2,4.2568, 189.29, 482.42
   33420,   33480,37.083,1981.1,3856.9,5.225, 198.3, 485.69
   33480,   33540,13.563,1816,3980.5,3.8138, 183.44, 498.05
   33540,   33600,35.505,1626.7,3939.3,5.1303, 166.4, 493.93
   33600,   33660,20.258,1042,2610.6,4.2155, 113.78, 361.06
   33660,   33720,42.023,1207.7,2411.1,5.5214, 128.69, 341.11
   33720,   33780,16.003,907.38,2085.3,3.9602, 101.66, 308.53
   33780,   33840,16.756,773.41,1905,4.0054, 89.607, 290.5
   33840,   33900,19.117,925.27,2247.1,4.147, 103.27, 324.71
   33900,   33960,16.171,888.1,2633.5,3.9703, 99.929, 363.35
   33960,   34020,20.461,920.74,2318.6,4.2277, 102.87, 331.86
   34020,   34080,16.539,883.61,2070.9,3.9923, 99.525, 307.09
   34080,   34140,16.678,955.93,2225.4,4.0007, 106.03, 322.54
   34140,   34200,19.39,1064.3,2279.3,4.1634, 115.79, 327.93
   34200,   34260,32.168,1714.2,3192.7,4.9301, 174.28, 419.27
   34260,   34320,15.345,1256.6,2317.4,3.9207, 133.09, 331.74
   34320,   34380,27.134,1271.7,2387.1,4.628, 134.45, 338.71
   34380,   34440,423.92,3798.6,5345,28.435, 361.88, 634.5
   34440,   34500,4773.5,14429,18931,289.41, 1318.7, 1993.1
   34500,   34560,5477.6,15647,24113,331.65, 1428.2, 2511.3
   34560,   34620,-9999,-9999,-9999,-9999, -9999, -9999
   34620,   34680,-9999,-9999,-9999,-9999, -9999, -9999
   34680,   34740,-9999,-9999,-9999,-9999, -9999, -9999
   34740,   34800,-9999,-9999,-9999,-9999, -9999, -9999
   34800,   34860,-9999,-9999,-9999,-9999, -9999, -9999
   34860,   34920,-9999,-9999,-9999,-9999, -9999, -9999
   34920,   34980,-9999,-9999,-9999,-9999, -9999, -9999
   34980,   35040,70.205,2425.1,3469.1,7.2123, 238.26, 446.91
   35040,   35100,34.992,2191.9,3449.8,5.0995, 217.27, 444.98
   35100,   35160,10.242,1890.3,3139.9,3.6145, 190.13, 413.99
   35160,   35220,17.112,1770,2991.4,4.0267, 179.3, 399.14
   35220,   35280,13.068,1717.8,2844,3.7841, 174.6, 384.4
   35280,   35340,10.421,1854,2937.3,3.6253, 186.86, 393.73
   35340,   35400,13.334,1861,3106.9,3.8001, 187.49, 410.69
   35400,   35460,20.563,1949.9,3313.4,4.2338, 195.49, 431.34
   35460,   35520,22.454,1741.1,2897.8,4.3473, 176.7, 389.78
   35520,   35580,21.573,1705.5,2870.5,4.2944, 173.5, 387.05
   35580,   35640,85.969,1944.2,3358.4,8.1582, 194.97, 435.84
   35640,   35700,41.471,2158.3,3604.3,5.4882, 214.25, 460.43
   35700,   35760,127.29,2225.6,4029.5,10.637, 220.3, 502.95
   35760,   35820,34.185,2042.4,3549.3,5.0511, 203.82, 454.93
   35820,   35880,40.245,2051,3660.1,5.4147, 204.59, 466.01
   35880,   35940,63.949,2234.8,4005.8,6.8369, 221.13, 500.58
   35940,   36000,133.73,2474.9,4050.3,11.024, 242.74, 505.03
   36000,   36060,60.478,2403.6,4182,6.6287, 236.33, 518.2
   36060,   36120,65.831,2683.4,4310.5,6.9498, 261.5, 531.05
   36120,   36180,45.451,2930.9,4494.5,5.727, 283.78, 549.45
   36180,   36240,47.086,3266,4877,5.8252, 313.94, 587.7
   36240,   36300,54.435,3360.2,5056.1,6.2661, 322.42, 605.61
   36300,   36360,48.813,3395.7,4973.3,5.9288, 325.61, 597.33
   36360,   36420,29.607,3189.7,4784.7,4.7764, 307.07, 578.47
   36420,   36480,25.475,3236.5,4674,4.5285, 311.29, 567.4
   36480,   36540,27.358,3321.2,4760.8,4.6415, 318.91, 576.08
   36540,   36600,52.414,3402.7,4993.9,6.1449, 326.24, 599.39
   36600,   36660,50.945,3251.7,4762.3,6.0567, 312.66, 576.23
   36660,   36720,32.173,2853.1,4337.4,4.9304, 276.78, 533.74
   36720,   36780,64.651,3124,4590.3,6.8791, 301.16, 559.03
   36780,   36840,135.31,3166.1,4660.2,11.119, 304.95, 566.02
   36840,   36900,110.96,3128.3,5009.1,9.6574, 301.55, 600.91
   36900,   36960,31.238,2681.1,4472.2,4.8743, 261.3, 547.22
   36960,   37020,51.156,2955.2,5008.3,6.0694, 285.97, 600.83
   37020,   37080,43.697,3388,4940.8,5.6218, 324.92, 594.08
   37080,   37140,55.287,3548.4,5156.5,6.3172, 339.35, 615.65
   37140,   37200,40.954,2934.1,4882,5.4573, 284.07, 588.2
   37200,   37260,33.015,2871.1,4858.7,4.9809, 278.4, 585.87
   37260,   37320,31.206,2820,4584,4.8724, 273.8, 558.4
   37320,   37380,44.828,2885.8,4621.2,5.6897, 279.72, 562.12
   37380,   37440,40.225,2810.5,4660.8,5.4135, 272.95, 566.08
   37440,   37500,26.952,2748.9,4482.1,4.6171, 267.4, 548.21
   37500,   37560,37.336,2662.5,4420.8,5.2402, 259.62, 542.08
   37560,   37620,4014.4,7129.7,9026.5,243.86, 661.67, 1002.7
   37620,   37680,9122.4,12315,26904,550.35, 1128.4, 2790.4
   37680,   37740,9480.1,13003,34796,571.81, 1190.3, 3579.6
   37740,   37800,3493.3,8114.5,20438,212.6, 750.31, 2143.8
   37800,   37860,2903.2,7912.6,14627,177.19, 732.13, 1562.7
   37860,   37920,552.7,5442.8,7120.6,36.162, 509.85, 812.06
   37920,   37980,106.34,3215.8,4941,9.3805, 309.42, 594.1
   37980,   38040,1743.3,6407.9,8081.7,107.6, 596.71, 908.17
   38040,   38100,5571.1,10907,18307,337.26, 1001.7, 1930.7
   38100,   38160,3964.8,8447.8,13857,240.89, 780.3, 1485.7
   38160,   38220,718.78,5628.6,8549.8,46.127, 526.57, 954.98
   38220,   38280,4187.1,11496,17299,254.22, 1054.6, 1829.9
   38280,   38340,6684.8,12012,24198,404.09, 1101.1, 2519.8
   38340,   38400,1580.3,7014.5,12256,97.82, 651.3, 1325.6
   38400,   38460,2279.5,8803.3,9764.7,139.77, 812.3, 1076.5
   38460,   38520,1563.9,8316.7,12508,96.836, 768.51, 1350.8
   38520,   38580,370.73,5177.9,8504.4,25.244, 486.01, 950.44
   38580,   38640,372.67,4647.9,6989.1,25.36, 438.31, 798.91
   38640,   38700,38.87,3822.6,5913.9,5.3322, 364.03, 691.39
   38700,   38760,19.915,3844.7,5607.1,4.1949, 366.02, 660.71
   38760,   38820,17.413,3885.2,5576.1,4.0448, 369.67, 657.61
   38820,   38880,17.058,4363.5,6111.9,4.0235, 412.72, 711.19
   38880,   38940,15.37,4571.4,6383.7,3.9222, 431.43, 738.37
   38940,   39000,33.656,4594.4,6556.3,5.0194, 433.5, 755.63
   39000,   39060,130.6,4853.9,6986.3,10.836, 456.85, 798.63
   39060,   39120,180.26,4788.3,6618.6,13.816, 450.94, 761.86
   39120,   39180,128.43,4189.7,6466.3,10.706, 397.07, 746.63
   39180,   39240,17.733,3637.3,5311.6,4.064, 347.36, 631.16
   39240,   39300,20,3354.6,5015.1,4.2, 321.91, 601.51
   39300,   39360,29.34,3174,4652.9,4.7604, 305.66, 565.29
   39360,   39420,16.853,2967.3,4579.6,4.0112, 287.05, 557.96
   39420,   39480,17.319,2855.2,4539.8,4.0391, 276.96, 553.98
   39480,   39540,17.447,2716.2,4340.4,4.0468, 264.46, 534.04
   39540,   39600,23.57,2673.6,4395.7,4.4142, 260.62, 539.57
   39600,   39660,40.296,2737.9,4398.6,5.4177, 266.41, 539.86
   39660,   39720,23.851,2850,4594.8,4.4311, 276.5, 559.48
   39720,   39780,23.582,2583.2,4089.6,4.4149, 252.48, 508.96
   39780,   39840,23.277,2347.4,3593,4.3966, 231.27, 459.3
   39840,   39900,20.312,2335.1,3642.2,4.2187, 230.16, 464.22
   39900,   39960,25.899,2345.1,3770.3,4.5539, 231.06, 477.03
   39960,   40020,28.976,2252,3695.9,4.7385, 222.68, 469.59
   40020,   40080,13.594,2411.4,3691.1,3.8157, 237.02, 469.11
   40080,   40140,19.116,2266,3690.8,4.147, 223.94, 469.08
   40140,   40200,30.38,2642.7,3967.2,4.8228, 257.84, 496.72
   40200,   40260,35.194,2738,4201.7,5.1117, 266.42, 520.17
   40260,   40320,28.466,2574.3,4123.9,4.708, 251.69, 512.39
   40320,   40380,15.754,2365.7,3856,3.9452, 232.91, 485.6
   40380,   40440,15.276,2156.5,3461.2,3.9166, 214.08, 446.12
   40440,   40500,24.231,2228,3656.6,4.4539, 220.52, 465.66
   40500,   40560,17.821,2227.4,3529.3,4.0693, 220.47, 452.93
   40560,   40620,23.579,2277.5,3583.6,4.4147, 224.98, 458.36
   40620,   40680,14.034,2294.4,3621.2,3.842, 226.5, 462.12
   40680,   40740,9.1103,2266.9,3548.7,3.5466, 224.02, 454.87
   40740,   40800,11.642,2280.4,3769.4,3.6985, 225.23, 476.94
   40800,   40860,13.413,2306.6,3664,3.8048, 227.59, 466.4
   40860,   40920,57.38,2446.1,3883,6.4428, 240.15, 488.3
   40920,   40980,164.79,3119,5056,12.888, 300.71, 605.6
   40980,   41040,45.941,2631.2,4728.4,5.7565, 256.81, 572.84
   41040,   41100,14.656,2421.3,4027.5,3.8793, 237.92, 502.75
   41100,   41160,24.369,2538.7,4040.1,4.4621, 248.49, 504.01
   41160,   41220,36.489,2885.3,4521.3,5.1894, 279.68, 552.13
   41220,   41280,30.817,2843.6,4517.6,4.849, 275.92, 551.76
   41280,   41340,98.439,2989,4456.2,8.9064, 289.01, 545.62
   41340,   41400,23.034,2724.7,4769.8,4.382, 265.22, 576.98
   41400,   41460,13.06,2599.4,4042.2,3.7836, 253.95, 504.22
   41460,   41520,11.33,2744.4,4212.8,3.6798, 267, 521.28
   41520,   41580,14.895,2926.2,4427.1,3.8937, 283.36, 542.71
   41580,   41640,15.498,2778,4355.8,3.9299, 270.02, 535.58
   41640,   41700,79.559,2847.2,4491,7.7736, 276.24, 549.1
   41700,   41760,24.582,2838,4479.8,4.4749, 275.42, 547.98
   41760,   41820,16.874,2746.4,4559,4.0125, 267.18, 555.9
   41820,   41880,75.394,3111.5,4990.7,7.5236, 300.04, 599.07
   41880,   41940,38.288,3134.4,5053.5,5.2973, 302.1, 605.35
   41940,   42000,38.754,3236.4,5059.8,5.3252, 311.28, 605.98
   42000,   42060,84.697,3835.3,5637.7,8.0818, 365.18, 663.77
   42060,   42120,34.021,3647,5838.6,5.0412, 348.23, 683.86
   42120,   42180,45.129,3659,5564.8,5.7077, 349.31, 656.48
   42180,   42240,94.191,3877,5749.3,8.6514, 368.93, 674.93
   42240,   42300,318.82,5069.8,7186.5,22.129, 476.28, 818.65
   42300,   42360,77.832,4261.1,6322.9,7.6699, 403.5, 732.29
   42360,   42420,30.48,3508.3,5049.9,4.8288, 335.75, 604.99
   42420,   42480,47.09,3947.1,5956.6,5.8254, 375.24, 695.66
   42480,   42540,111.5,4689.2,6782.7,9.6903, 442.03, 778.27
   42540,   42600,-9999,-9999,-9999,-9999, -9999, -9999
   42600,   42660,-9999,-9999,-9999,-9999, -9999, -9999
   42660,   42720,-9999,-9999,-9999,-9999, -9999, -9999
   42720,   42780,-9999,-9999,-9999,-9999, -9999, -9999
   42780,   42840,-9999,-9999,-9999,-9999, -9999, -9999
   42840,   42900,-9999,-9999,-9999,-9999, -9999, -9999
   42900,   42960,-9999,-9999,-9999,-9999, -9999, -9999
   42960,   43020,100.48,3364.4,9432.5,9.0289, 322.8, 1043.3
   43020,   43080,131.12,4086.7,6392.3,10.867, 387.8, 739.23
   43080,   43140,134.11,4383,6619.8,11.047, 414.47, 761.98
   43140,   43200,442.77,4834.7,6946.5,29.566, 455.12, 794.65
   43200,   43260,328.15,4541,7563.1,22.689, 428.69, 856.31
   43260,   43320,177.22,3853.1,6345.4,13.633, 366.78, 734.54
   43320,   43380,77.753,3595.9,6000.4,7.6652, 343.63, 700.04
   43380,   43440,144.13,3673.6,5435.7,11.648, 350.63, 643.57
   43440,   43500,311.93,4031.2,6141,21.716, 382.81, 714.1
   43500,   43560,746.13,4786.7,7130.1,47.768, 450.81, 813.01
   43560,   43620,357.67,4426.2,7868.5,24.46, 418.36, 886.85
   43620,   43680,748.29,5040,7380.8,47.897, 473.6, 838.08
   43680,   43740,594.66,5312.2,8682.7,38.68, 498.1, 968.27
   43740,   43800,664.84,6054.3,9497.2,42.89, 564.89, 1049.7
   43800,   43860,172.69,4665.1,7743.5,13.361, 439.86, 874.35
   43860,   43920,256.18,5118.3,7659.5,18.371, 480.64, 865.95
   43920,   43980,282.02,4824.8,7709.4,19.921, 454.23, 870.94
   43980,   44040,235.71,4186.8,7159.2,17.143, 396.82, 815.92
   44040,   44100,194.88,4374,6643.5,14.693, 413.66, 764.35
   44100,   44160,111.77,4049.5,7191.5,9.7064, 384.45, 819.15
   44160,   44220,664.31,4686.2,6576.1,42.859, 441.75, 757.61
   44220,   44280,212.65,4082.4,7087.1,15.759, 387.41, 808.71
   44280,   44340,171,3825.2,6332.2,13.26, 364.26, 733.22
   44340,   44400,286.24,4227.5,6241.8,20.174, 400.48, 724.18
   44400,   44460,100.66,3631.4,6274.8,9.0398, 346.82, 727.48
   44460,   44520,184.73,3612,5648.1,14.084, 345.08, 664.81
   44520,   44580,208.13,3984.4,6399.9,15.488, 378.59, 739.99
   44580,   44640,147.97,3806.5,6334.1,11.878, 362.59, 733.41
   44640,   44700,296.44,4488.7,6877.8,20.786, 423.98, 787.78
   44700,   44760,1092.1,5716.8,8486,68.528, 534.51, 948.6
   44760,   44820,599.21,5662.7,10218,38.952, 529.64, 1121.8
   44820,   44880,233.44,4354.1,9140.1,17.007, 411.87, 1014
   44880,   44940,319.15,4583.2,7111.2,22.149, 432.48, 811.12
   44940,   45000,153.8,3947.2,7028.9,12.228, 375.25, 802.89
   45000,   45060,91.378,3691.8,6376.6,8.4827, 352.26, 737.66
   45060,   45120,95.725,4160.9,6626.9,8.7435, 394.48, 762.69
   45120,   45180,229.29,4765.5,6827,16.757, 448.9, 782.7
   45180,   45240,481.27,5991.9,7731.9,31.876, 559.27, 873.19
   45240,   45300,309.91,5369.2,7932.7,21.595, 503.23, 893.27
   45300,   45360,247.65,5669.7,8330,17.859, 530.27, 933
   45360,   45420,404.68,5730.9,9006.1,27.281, 535.78, 1000.6
   45420,   45480,197.98,4519.7,7707.2,14.879, 426.77, 870.72
   45480,   45540,143.37,3626.1,6096.8,11.602, 346.35, 709.68
   45540,   45600,205.89,3355.6,5799.5,15.354, 322, 679.95
   45600,   45660,159.63,3452.3,5660.4,12.578, 330.7, 666.04
   45660,   45720,126.22,3205.4,5308.4,10.573, 308.49, 630.84
   45720,   45780,202.47,3527.2,5665.3,15.148, 337.45, 666.53
   45780,   45840,300.67,3612.1,6044.3,21.04, 345.09, 704.43
   45840,   45900,262.55,3849.4,6143.9,18.753, 366.45, 714.39
   45900,   45960,261.86,4426.6,6523.2,18.711, 418.4, 752.32
   45960,   46020,265.42,3979.1,6408.8,18.925, 378.12, 740.88
   46020,   46080,188.81,3698.2,5697.5,14.329, 352.84, 669.75
   46080,   46140,110.52,2850.8,4787.6,9.6312, 276.57, 578.76
   46140,   46200,142.3,3395.3,5178.6,11.538, 325.58, 617.86
   46200,   46260,156.02,3724.3,5298.4,12.361, 355.18, 629.84
   46260,   46320,244.36,4211.1,5918.1,17.662, 399, 691.81
   46320,   46380,373.15,4042.1,5977.2,25.389, 383.79, 697.72
   46380,   46440,424.76,4372.4,6607,28.486, 413.51, 760.7
   46440,   46500,518.85,4501.9,6963.4,34.131, 425.17, 796.34
   46500,   46560,483.04,4551.5,6599,31.982, 429.64, 759.9
   46560,   46620,375.09,4329.9,6743.3,25.505, 409.69, 774.33
   46620,   46680,308.46,3756.3,5954.2,21.508, 358.07, 695.42
   46680,   46740,332.38,3314.9,5546.2,22.943, 318.34, 654.62
   46740,   46800,688.99,4624.9,6057.4,44.339, 436.24, 705.74
   46800,   46860,395.91,3668.1,6348.4,26.755, 350.13, 734.84
   46860,   46920,395.09,3333,5346.3,26.706, 319.97, 634.63
   46920,   46980,431.43,3580.8,6469.9,28.886, 342.27, 746.99
   46980,   47040,350.49,3563.8,5422.5,24.029, 340.74, 642.25
   47040,   47100,312.97,4083.1,5331.3,21.778, 387.48, 633.13
   47100,   47160,728.99,6874.2,6986.6,46.739, 638.68, 798.66
   47160,   47220,463.91,5028.1,6959.3,30.835, 472.53, 795.93
   47220,   47280,106.32,1745.1,4107.1,9.3793, 177.05, 510.71
   47280,   47340,220.18,1884.3,2915.4,16.211, 189.59, 391.54
