CampaignData_and_Merges/R0/CSL_MobileLab_Parked/raw/20240726/USOS-Picarro-CO2-CH4-CO-H2O_MobileLabGround_20240726_R0.ict
38, 1001
Ilana Pollack, Nell Schafer, and Jeff Peischl
NOAA Chemical Sciences Laboratory
Picarro 2401-m CO2/CH4/CO/H2O Analyzer
USOS
1, 1
2024, 07, 26, 2024, 11, 20
0
StartTime_UTC, seconds_past_midnight, seconds past midnight
5
1, 1, 1, 1, 1
-9999, -9999, -9999, -9999, -9999
StopTime_UTC, seconds_past_midnight, seconds past midnight
CO2_ppm_1min, ppm, Gas_CO2_InSitu_S_DMF, carbon dioxide mixing ratio
CH4_ppb_1min, ppb, Gas_CH4_InSitu_S_DMF, methane mixing ratio
CO_ppb_1min, ppb, Gas_CO_InSitu_S_DMF, carbon monoxide mixing ratio
H2O_ppmv_1min, ppmv, Met_H2OMRV_InSitu_S_AVMR, water vapor mixing ratio
1
SPECIAL COMMENTS: N/A
18
PI_CONTACT_INFO: Address: NOAA Chemical Sciences Laboratory, Mail Stop CSL7, 325 Broadway, Boulder, CO 80305; Email: Ilana.Pollack@noaa.gov
PLATFORM: NOAA CSL Mobile Laboratory
LOCATION: The mobile lab was stationed in Salt Lake City, Utah.
ASSOCIATED_DATA: N/A
INSTRUMENT_INFO: CO2, CH4, and CO are reported as dry air mole fractions using a commercial wavelength-scanned cavity ring-down analyzer (Picarro 2401-m). An in-field calibration gas standard of 432±0.07 ppm CO2, 2095±1 ppb CH4, and 183±1 ppb CO, calibrated in the Boulder laboratories before and after the field project using primary CO2, CH4, and CO standard tanks tied to the WMO standard (X2019, X2004A, and X2014A, respectively) from the Global Monitoring Laboratory (GML), was delivered to the inlet every 2-3 days to evaluate instrument sensitivity. A H2O measurement was calibrated before the project with a Dew Point Mirror 373 hygrometer. The water correction calculated from these calibrations was applied to the H2O measurement for the entire campaign. Species are measured at 0.5 Hz and reported as 1-minute averages for stationary measurements.
DATA_INFO: Units: CO2, ppm, dry air mole fraction; CH4, ppb, dry air mole fraction; CO, ppb, dry air mole fraction; H2O, ppmv
UNCERTAINTY: Total uncertainties are estimated as ±0.1 ppm for CO2, ±1 ppb for CH4, ±5 ppb for CO, and ±(50 ppm + 4%) for H2O.
ULOD_FLAG: -7777
ULOD_VALUE: N/A
LLOD_FLAG: -8888
LLOD_VALUE: N/A
DM_CONTACT_INFO: Data Manager: Nathan Howard; nathan.h.howard@noaa.gov
PROJECT_INFO: USOS Dates of Study: July – August 2024
STIPULATIONS_ON_USE: Use of these data require prior ok from PI.
OTHER_COMMENTS: Data are averaged to 1 minute intervals. Stationary data collected from a 10 ft tower on top of the mobile van.
REVISION: R0
R0: Final Data
StartTime_UTC, StopTime_UTC, CO2_ppm_1min, CH4_ppb_1min, CO_ppb_1min, H2O_ppmv_1min
0,60,428.96,1958.0,145.4,13937.6475
60,120,428.43,1958.5,141.7,13735.3252
120,180,428.33,1957.9,140.0,14051.4912
180,240,427.56,1958.1,143.4,14900.5498
240,300,428.19,1957.0,141.1,13840.7568
300,360,428.03,1957.6,141.2,14048.9170
360,420,428.92,1958.2,146.3,14581.7666
420,480,428.18,1957.4,145.2,14580.9912
480,540,427.62,1956.1,138.0,14208.4668
540,600,428.56,1957.0,141.0,14482.6582
600,660,428.28,1956.2,139.5,14170.4619
660,720,427.99,1955.3,138.1,13672.2754
720,780,427.75,1955.6,136.6,14029.5449
780,840,428.44,1956.2,137.5,13554.0752
840,900,428.20,1956.0,137.7,13766.4902
900,960,428.42,1955.8,136.2,13650.1455
960,1020,428.62,1956.8,138.2,13841.6631
1020,1080,428.70,1957.5,138.9,13932.9941
1080,1140,429.68,1957.7,149.3,14496.5869
1140,1200,430.82,1957.8,153.5,14167.9072
1200,1260,431.49,1957.6,155.5,14074.0225
1260,1320,430.20,1957.9,146.5,14249.5615
1320,1380,429.77,1957.9,145.3,13821.7197
1380,1440,429.39,1957.8,142.9,14131.3799
1440,1500,429.27,1957.9,141.0,13910.9219
1500,1560,429.66,1958.1,138.6,13773.8848
1560,1620,429.42,1957.5,138.3,13847.2813
1620,1680,429.25,1956.9,136.7,13211.1748
1680,1740,429.57,1957.2,138.6,13182.5889
1740,1800,429.34,1957.5,138.5,13118.4082
1800,1860,429.75,1957.6,138.8,13117.2207
1860,1920,429.72,1957.8,143.0,13634.4570
1920,1980,429.69,1957.1,140.6,13289.4971
1980,2040,428.63,1957.7,140.2,14631.9043
2040,2100,428.74,1957.4,143.8,14253.7695
2100,2160,429.75,1957.5,147.4,13866.3037
2160,2220,430.41,1957.9,147.8,14115.6084
2220,2280,430.78,1958.1,151.4,13898.4531
2280,2340,430.67,1959.0,152.8,14332.4404
2340,2400,430.67,1958.9,152.9,14593.5508
2400,2460,431.26,1958.6,157.2,14311.4053
2460,2520,430.90,1957.4,151.4,14260.2686
2520,2580,432.23,1956.0,154.0,13864.8418
2580,2640,429.42,1956.4,146.7,14917.2793
2640,2700,428.95,1955.9,142.6,14146.1699
2700,2760,430.41,1956.0,147.4,14197.7119
2760,2820,429.82,1956.0,144.4,14003.3359
2820,2880,429.75,1955.9,145.0,14464.3418
2880,2940,428.85,1956.1,143.3,13922.8428
2940,3000,428.21,1955.6,138.8,14185.3857
3000,3060,427.52,1955.1,137.7,13864.2695
3060,3120,427.51,1954.6,137.8,13535.5928
3120,3180,428.44,1954.9,139.8,13302.8457
3180,3240,428.33,1955.1,136.9,13114.4688
3240,3300,428.15,1955.1,136.9,13120.8555
3300,3360,428.26,1955.7,138.0,14013.6416
3360,3420,428.44,1955.4,136.7,13679.0850
3420,3480,428.08,1956.5,137.7,13860.2256
3480,3540,428.56,1957.7,139.1,13629.3730
3540,3600,428.98,1958.5,137.9,13981.0967
3600,3660,428.67,1958.0,139.0,13988.3408
3660,3720,428.34,1957.9,137.4,14206.9922
3720,3780,428.36,1955.8,136.5,13580.4814
3780,3840,428.53,1954.6,135.1,13289.4502
3840,3900,428.19,1954.2,135.6,12965.3232
3900,3960,428.62,1954.4,136.8,12950.8350
3960,4020,428.25,1954.6,135.3,12959.3545
4020,4080,427.98,1954.3,135.2,12971.7393
4080,4140,428.06,1954.6,136.3,13000.0957
4140,4200,428.03,1954.2,134.6,12981.4736
4200,4260,428.41,1954.4,137.2,13228.6680
4260,4320,428.43,1954.2,137.0,13457.4502
4320,4380,428.19,1953.7,136.6,13312.1240
4380,4440,428.68,1954.8,138.9,13781.6729
4440,4500,429.29,1955.7,143.4,14321.4063
4500,4560,429.37,1957.4,145.3,14477.1104
4560,4620,428.49,1954.9,139.6,13563.9180
4620,4680,428.00,1955.5,138.7,13646.6230
4680,4740,427.53,1954.9,137.1,13500.1191
4740,4800,427.94,1954.8,137.1,13596.6123
4800,4860,427.69,1954.6,136.1,13463.3867
4860,4920,427.84,1955.3,138.0,13793.1309
4920,4980,427.82,1954.9,136.8,13532.6426
4980,5040,428.43,1956.4,137.2,14525.5527
5040,5100,429.10,1955.5,136.3,14002.9844
5100,5160,429.82,1954.7,141.6,13606.9736
5160,5220,428.77,1953.4,137.8,13178.0547
5220,5280,432.15,1953.3,144.5,13103.1006
5280,5340,432.25,1953.4,145.0,13337.9609
5340,5400,431.02,1952.9,145.5,13501.8213
5400,5460,429.60,1953.0,140.0,13179.4541
5460,5520,429.54,1953.1,136.0,13138.9092
5520,5580,429.87,1953.2,146.4,12923.1592
5580,5640,430.25,1953.6,144.3,13370.6289
5640,5700,428.07,1953.3,133.0,12956.4395
5700,5760,428.89,1954.3,139.1,13514.2109
5760,5820,429.99,1953.7,140.0,13399.9805
5820,5880,430.38,1953.8,140.9,13145.7910
5880,5940,430.28,1954.2,138.8,13123.5781
5940,6000,430.67,1954.2,142.8,13231.0527
6000,6060,429.92,1953.8,140.1,13275.5791
6060,6120,428.71,1953.7,136.7,13072.6523
6120,6180,428.38,1953.6,137.2,13028.2422
6180,6240,428.28,1954.1,136.8,13192.9766
6240,6300,428.12,1953.7,134.6,12943.4219
6300,6360,428.71,1954.0,142.0,12878.5762
6360,6420,431.29,1955.5,150.6,13456.2344
6420,6480,430.18,1955.6,145.5,13140.6875
6480,6540,429.55,1958.6,147.1,12908.6084
6540,6600,430.09,1959.8,143.7,12958.8057
6600,6660,429.77,1959.2,145.5,12927.3213
6660,6720,429.14,1957.8,144.3,12843.5010
6720,6780,429.21,1958.1,142.7,12843.1309
6780,6840,430.26,1957.8,141.2,12950.3740
6840,6900,431.86,1958.6,152.7,13388.2197
6900,6960,434.19,1960.6,190.7,13851.6025
6960,7020,437.44,1962.3,243.2,13740.3467
7020,7080,432.65,1958.9,183.5,13240.3018
7080,7140,436.01,1961.4,189.7,13689.6719
7140,7200,432.35,1960.3,158.7,13263.7793
7200,7260,433.95,1961.5,170.0,13388.0029
7260,7320,435.33,1962.4,172.4,13536.4326
7320,7380,437.22,1963.3,181.5,13642.7852
7380,7440,438.42,1963.6,181.3,13666.3027
7440,7500,437.54,1963.6,202.6,13619.1660
7500,7560,437.98,1965.0,195.2,13793.7451
7560,7620,433.62,1961.1,204.5,13281.2324
7620,7680,437.45,1964.8,176.0,14319.0625
7680,7740,436.54,1964.4,169.7,14068.9590
7740,7800,436.58,1963.9,160.4,13974.5742
7800,7860,440.05,1968.3,164.6,14747.9326
7860,7920,438.37,1968.7,161.6,14523.5254
7920,7980,438.26,1968.8,161.3,14409.5830
7980,8040,439.99,1971.5,164.5,14616.6445
8040,8100,435.83,1969.4,165.1,14173.5947
8100,8160,434.31,1966.3,162.6,13974.1006
8160,8220,437.54,1968.1,165.4,14280.7500
8220,8280,435.84,1967.0,159.7,14197.1670
8280,8340,435.34,1973.5,163.0,14244.3516
8340,8400,446.87,1977.3,234.4,14468.6465
8400,8460,448.24,1976.1,333.3,14505.1475
8460,8520,448.27,1977.8,309.3,14675.8545
8520,8580,448.35,1979.5,288.9,14971.1807
8580,8640,444.16,1978.1,236.4,14874.2363
8640,8700,444.20,1980.3,223.3,15018.7363
8700,8760,444.23,1980.5,215.8,15074.0361
8760,8820,443.56,1980.0,205.0,15072.2031
8820,8880,444.77,1981.3,205.0,15175.9326
8880,8940,442.90,1977.5,195.9,14900.0107
8940,9000,443.36,1976.0,200.5,14786.8877
9000,9060,443.24,1973.8,194.6,14730.8193
9060,9120,441.15,1970.1,192.2,14444.6377
9120,9180,440.69,1968.2,185.5,14279.1729
9180,9240,443.77,1970.0,186.8,14487.9248
9240,9300,440.63,1967.0,176.9,14196.3516
9300,9360,440.37,1967.1,176.2,14182.8193
9360,9420,439.58,1966.8,170.1,14062.6885
9420,9480,439.79,1967.1,174.3,14056.7246
9480,9540,441.36,1967.6,183.7,14131.2852
9540,9600,439.44,1966.0,177.5,13910.3652
9600,9660,439.03,1965.8,173.1,13841.0059
9660,9720,441.16,1967.2,176.3,13916.0977
9720,9780,440.80,1966.3,176.4,13897.8369
9780,9840,438.40,1964.9,170.0,13714.4502
9840,9900,437.79,1964.8,166.3,13652.4248
9900,9960,437.97,1965.8,166.6,13648.4736
9960,10020,440.83,1966.4,166.7,13824.8682
10020,10080,440.50,1966.9,164.6,13786.3730
10080,10140,441.19,1969.0,164.0,13686.3496
10140,10200,440.52,1969.8,168.5,13686.6797
10200,10260,442.19,1971.4,174.0,13738.1006
10260,10320,442.79,1970.9,176.5,13843.9023
10320,10380,442.01,1970.9,191.4,13745.1572
10380,10440,441.56,1971.1,189.2,13740.6328
10440,10500,440.83,1971.1,183.4,13731.5615
10500,10560,441.80,1972.6,182.1,13760.6328
10560,10620,441.18,1971.9,177.8,13702.1953
10620,10680,442.34,1972.7,176.3,13812.1260
10680,10740,442.12,1971.8,174.3,13770.5508
10740,10800,440.78,1970.5,169.2,13681.6377
10800,10860,442.37,1970.0,171.2,13728.7764
10860,10920,442.37,1969.3,168.2,13712.6338
10920,10980,440.60,1967.8,173.6,13614.3438
10980,11040,440.74,1967.6,179.0,13634.4004
11040,11100,438.89,1966.1,168.6,13524.9980
11100,11160,439.66,1965.7,171.9,13554.8857
11160,11220,438.92,1964.6,171.5,13540.3359
11220,11280,441.37,1965.7,178.8,13617.8066
11280,11340,440.86,1964.9,173.1,13547.2900
11340,11400,439.19,1964.6,176.1,13442.1729
11400,11460,440.18,1964.9,180.5,13506.6172
11460,11520,440.05,1964.1,178.4,13461.9863
11520,11580,440.08,1963.7,171.6,13473.1611
11580,11640,441.20,1964.3,169.9,13527.4268
11640,11700,440.79,1964.4,165.9,13484.1260
11700,11760,441.70,1964.0,164.7,13472.6465
11760,11820,440.25,1964.7,161.2,13409.0488
11820,11880,439.94,1964.6,158.3,13381.1777
11880,11940,439.62,1965.9,157.1,13374.0391
11940,12000,440.19,1966.9,160.3,13406.3574
12000,12060,438.82,1964.4,179.8,13241.4600
12060,12120,439.42,1964.2,169.6,13237.2539
12120,12180,439.70,1964.9,161.2,13263.0928
12180,12240,439.99,1964.3,169.8,13354.8604
12240,12300,440.00,1964.2,160.7,13393.9316
12300,12360,441.47,1967.6,155.1,13565.9854
12360,12420,442.97,1976.9,169.2,13761.8203
12420,12480,439.69,1977.5,165.6,14840.8457
12480,12540,435.64,1974.5,155.4,15820.3623
12540,12600,433.34,1973.3,147.5,16419.1016
12600,12660,431.53,1969.6,140.5,16753.4570
12660,12720,429.89,1963.6,134.9,17090.5703
12720,12780,429.75,1962.6,162.1,17135.2285
12780,12840,430.61,1962.8,148.2,17238.1035
12840,12900,430.18,1960.7,134.4,17289.4375
12900,12960,429.90,1959.4,128.8,17254.7852
12960,13020,430.28,1959.3,126.9,17339.0313
13020,13080,429.92,1958.3,129.7,17360.5156
13080,13140,430.57,1959.0,134.9,17372.9668
13140,13200,429.86,1971.5,133.8,17158.8672
13200,13260,430.72,1975.9,136.9,17081.9023
13260,13320,430.34,1992.5,134.8,16926.4375
13320,13380,430.72,1995.8,137.4,16955.4609
13380,13440,431.40,2007.8,138.1,16912.2695
13440,13500,431.63,2034.6,141.6,16745.8223
13500,13560,430.69,2051.3,139.4,16662.5879
13560,13620,430.59,2035.0,142.6,16679.1680
13620,13680,430.18,2009.3,139.8,16639.8184
13680,13740,430.56,1995.6,139.5,16646.1797
13740,13800,430.26,1980.4,141.9,16595.3086
13800,13860,430.47,1970.0,138.2,16593.7734
13860,13920,430.78,1966.8,139.9,16641.3828
13920,13980,431.43,1963.0,143.9,16769.7520
13980,14040,432.67,1962.9,146.7,16836.7461
14040,14100,431.67,1958.8,142.1,16579.9648
14100,14160,430.96,1957.8,137.6,16403.4023
14160,14220,432.37,1959.1,140.6,16495.9316
14220,14280,432.79,1959.4,145.3,16459.2344
14280,14340,432.46,1959.1,143.2,16354.1426
14340,14400,431.38,1961.0,134.4,16164.1309
14400,14460,430.41,1963.9,130.8,15759.9033
14460,14520,430.54,1972.5,135.5,15603.1504
14520,14580,429.49,1981.0,134.4,15396.1641
14580,14640,430.22,1979.1,137.9,15458.0098
14640,14700,429.16,1963.6,135.9,15149.5781
14700,14760,428.38,1956.3,130.4,14999.3027
14760,14820,428.69,1954.3,130.2,14990.4346
14820,14880,429.32,1955.7,133.0,15052.7578
14880,14940,428.47,1953.5,127.3,15038.8936
14940,15000,428.87,1953.1,123.9,15159.2666
15000,15060,428.42,1951.2,121.2,15216.8828
15060,15120,428.77,1951.9,124.3,15248.6650
15120,15180,428.50,1951.2,124.6,15230.0537
15180,15240,428.39,1951.3,125.6,15223.7715
15240,15300,428.04,1950.1,124.8,15301.9971
15300,15360,428.64,1950.7,124.2,15323.3604
15360,15420,429.60,1951.9,124.6,15386.2783
15420,15480,429.41,1952.7,122.6,15541.7783
15480,15540,428.49,1952.0,122.6,15596.3594
15540,15600,428.82,1952.3,121.7,15613.5527
15600,15660,429.28,1952.7,122.9,15716.0898
15660,15720,429.37,1953.2,121.4,15777.7764
15720,15780,430.17,1954.8,123.4,15831.7070
15780,15840,430.36,1955.6,125.4,15777.4053
15840,15900,431.08,1956.1,126.3,15795.8730
15900,15960,432.83,1959.0,128.4,15727.4795
15960,16020,433.63,1960.1,129.9,15727.5830
16020,16080,433.82,1958.1,129.8,15663.1709
16080,16140,433.43,1958.4,129.4,15567.6133
16140,16200,434.54,1959.0,130.4,15597.5430
16200,16260,431.51,1957.1,127.9,15503.0996
16260,16320,431.49,1956.4,129.2,15496.4736
16320,16380,432.41,1956.3,130.3,15549.7451
16380,16440,433.26,1957.3,131.2,15582.0088
16440,16500,434.19,1956.8,133.4,15586.4482
16500,16560,433.96,1956.5,134.3,15598.9326
16560,16620,434.26,1959.1,133.8,15680.7363
16620,16680,433.82,1957.6,133.4,15655.8398
16680,16740,435.20,1959.0,134.7,15702.3721
16740,16800,434.83,1957.7,137.0,15672.6377
16800,16860,435.01,1956.4,138.3,15693.3477
16860,16920,438.97,1956.7,146.9,15858.4824
16920,16980,436.16,1958.1,142.3,15734.5176
16980,17040,436.80,1959.0,142.7,15767.9414
17040,17100,434.89,1958.2,134.2,15792.7510
17100,17160,433.95,1959.4,138.0,15794.2275
17160,17220,434.93,1960.1,134.3,15833.7520
17220,17280,436.50,1960.6,145.8,15835.8105
17280,17340,437.39,1961.3,137.9,15878.4023
17340,17400,439.37,1961.8,137.5,16043.2637
17400,17460,437.14,1963.3,135.1,15985.7188
17460,17520,433.35,1962.4,130.4,15836.3174
17520,17580,433.51,1962.5,129.4,15857.0088
17580,17640,435.05,1963.7,128.2,15942.9277
17640,17700,437.37,1964.5,162.7,16004.4746
17700,17760,434.83,1965.0,160.7,15919.9443
17760,17820,435.25,1966.2,147.3,15951.3535
17820,17880,436.92,1966.7,142.4,16070.7598
17880,17940,434.62,1966.1,130.5,15920.4648
17940,18000,434.21,1966.4,128.6,15863.0303
18000,18060,434.70,1967.1,131.8,15844.4355
18060,18120,436.16,1968.0,135.0,15917.3242
18120,18180,434.93,1968.2,138.0,15924.1045
18180,18240,433.55,1968.0,136.9,15880.6094
18240,18300,434.65,1969.5,136.4,15984.9980
18300,18360,434.63,1971.9,126.0,16019.0820
18360,18420,434.57,1973.0,124.3,16026.0371
18420,18480,434.81,1974.5,124.3,16060.1240
18480,18540,435.39,1975.3,124.5,16119.7158
18540,18600,435.06,1975.4,124.8,16127.9883
18600,18660,435.22,1976.6,127.2,16239.6953
18660,18720,434.12,1976.9,125.6,16315.2939
18720,18780,432.22,1972.2,121.7,16627.4180
18780,18840,431.00,1970.2,120.0,18051.9023
18840,18900,430.01,1967.4,118.0,19499.9902
18900,18960,430.61,1968.1,117.7,20770.9727
18960,19020,430.45,1966.0,118.2,21453.2383
19020,19080,431.25,1966.1,119.5,21779.4883
19080,19140,432.02,1966.1,121.4,21968.5918
19140,19200,431.86,1966.4,119.2,22410.2754
19200,19260,433.49,1965.9,127.5,22532.7012
19260,19320,431.26,1963.2,124.4,21582.3086
19320,19380,432.54,1964.0,125.7,21670.0352
19380,19440,436.93,1966.6,146.0,22363.7578
19440,19500,431.29,1967.4,122.4,21844.0273
19500,19560,431.60,1969.1,123.8,22065.5605
19560,19620,432.02,1970.3,134.8,22137.7734
19620,19680,432.00,1971.5,126.0,22077.2598
19680,19740,432.50,1972.8,123.1,22232.4648
19740,19800,430.49,1971.6,118.0,20954.2910
19800,19860,430.74,1972.4,123.8,21240.5664
19860,19920,432.46,1974.0,125.0,22128.8086
19920,19980,433.33,1974.5,122.7,22812.5781
19980,20040,432.80,1974.4,124.3,22288.4629
20040,20100,434.16,1974.9,123.9,22820.7715
20100,20160,433.02,1973.1,123.0,22391.9199
20160,20220,432.07,1970.9,117.9,21579.9668
20220,20280,431.97,1969.6,118.6,21484.4746
20280,20340,430.86,1964.9,119.4,20680.0488
20340,20400,431.49,1964.6,119.9,21285.4980
20400,20460,431.40,1963.2,117.4,21066.2227
20460,20520,431.01,1962.8,120.3,20619.3125
20520,20580,431.00,1962.2,119.2,20434.0703
20580,20640,431.09,1961.2,119.3,20061.9531
20640,20700,431.61,1960.4,122.9,20191.0938
20700,20760,430.77,1959.3,119.9,19824.4961
20760,20820,431.26,1959.0,120.7,19800.2188
20820,20880,431.12,1958.8,120.2,19941.1621
20880,20940,431.34,1958.6,131.0,19753.8477
20940,21000,431.84,1958.4,145.8,19760.6582
21000,21060,432.46,1958.7,126.2,19588.2012
21060,21120,433.36,1959.3,132.1,19867.7246
21120,21180,433.14,1960.1,130.5,20003.7168
21180,21240,432.52,1958.8,122.0,19715.3281
21240,21300,432.26,1958.2,122.0,19477.7715
21300,21360,431.94,1958.3,120.0,19698.1504
21360,21420,432.05,1957.7,120.1,19548.9863
21420,21480,432.13,1958.5,119.5,19627.9180
21480,21540,431.76,1957.6,117.1,19466.0781
21540,21600,432.31,1957.4,118.9,19495.8984
21600,21660,432.00,1957.9,118.7,19415.4453
21660,21720,431.35,1956.9,116.0,19276.2910
21720,21780,431.53,1956.2,117.7,19343.6582
21780,21840,431.08,1955.9,118.5,19144.4355
21840,21900,430.88,1955.4,116.0,19074.9727
21900,21960,430.53,1955.4,117.1,18811.5605
21960,22020,430.96,1955.5,116.4,18957.2461
22020,22080,430.39,1954.0,116.8,18648.6992
22080,22140,429.83,1953.4,116.3,18232.1348
22140,22200,430.17,1953.8,116.7,18204.2813
22200,22260,431.00,1954.1,116.8,18387.9297
22260,22320,430.44,1953.8,117.8,17974.7168
22320,22380,430.73,1953.5,118.4,18029.5703
22380,22440,431.33,1954.6,117.2,18304.4414
22440,22500,432.21,1954.6,121.3,18420.8438
22500,22560,432.84,1954.2,122.4,18311.7617
22560,22620,432.17,1955.7,120.5,18427.5742
22620,22680,432.19,1956.9,120.8,18613.0938
22680,22740,433.22,1957.1,119.9,18673.1035
22740,22800,432.24,1956.9,120.5,18439.7930
