CampaignData_and_Merges/R0/CSL_MobileLab_Parked/raw/20240726/USOS-Picarro-CO2-CH4-CO-H2O_MobileLabGround_20240726_R0.ict
38, 1001
Ilana Pollack, Nell Schafer, and Jeff Peischl
NOAA Chemical Sciences Laboratory
Picarro 2401-m CO2/CH4/CO/H2O Analyzer
USOS
1, 1
2024, 07, 26, 2024, 11, 20
0
StartTime_UTC, seconds_past_midnight, seconds past midnight
5
1, 1, 1, 1, 1
-9999, -9999, -9999, -9999, -9999
StopTime_UTC, seconds_past_midnight, seconds past midnight
CO2_ppm_1min, ppm, Gas_CO2_InSitu_S_DMF, carbon dioxide mixing ratio
CH4_ppb_1min, ppb, Gas_CH4_InSitu_S_DMF, methane mixing ratio
CO_ppb_1min, ppb, Gas_CO_InSitu_S_DMF, carbon monoxide mixing ratio
H2O_ppmv_1min, ppmv, Met_H2OMRV_InSitu_S_AVMR, water vapor mixing ratio
1
SPECIAL COMMENTS: N/A
18
PI_CONTACT_INFO: Address: NOAA Chemical Sciences Laboratory, Mail Stop CSL7, 325 Broadway, Boulder, CO 80305; Email: Ilana.Pollack@noaa.gov
PLATFORM: NOAA CSL Mobile Laboratory
LOCATION: The mobile lab was stationed in Salt Lake City, Utah.
ASSOCIATED_DATA: N/A
INSTRUMENT_INFO: CO2, CH4, and CO are reported as dry air mole fractions using a commercial wavelength-scanned cavity ring-down analyzer (Picarro 2401-m). An in-field calibration gas standard of 432±0.07 ppm CO2, 2095±1 ppb CH4, and 183±1 ppb CO, calibrated in the Boulder laboratories before and after the field project using primary CO2, CH4, and CO standard tanks tied to the WMO standard (X2019, X2004A, and X2014A, respectively) from the Global Monitoring Laboratory (GML), was delivered to the inlet every 2-3 days to evaluate instrument sensitivity. A H2O measurement was calibrated before the project with a Dew Point Mirror 373 hygrometer. The water correction calculated from these calibrations was applied to the H2O measurement for the entire campaign. Species are measured at 0.5 Hz and reported as 1-minute averages for stationary measurements.
DATA_INFO: Units: CO2, ppm, dry air mole fraction; CH4, ppb, dry air mole fraction; CO, ppb, dry air mole fraction; H2O, ppmv
UNCERTAINTY: Total uncertainties are estimated as ±0.1 ppm for CO2, ±1 ppb for CH4, ±5 ppb for CO, and ±(50 ppm + 4%) for H2O.
ULOD_FLAG: -7777
ULOD_VALUE: N/A
LLOD_FLAG: -8888
LLOD_VALUE: N/A
DM_CONTACT_INFO: Data Manager: Nathan Howard; nathan.h.howard@noaa.gov
PROJECT_INFO: USOS Dates of Study: July – August 2024
STIPULATIONS_ON_USE: Use of these data require prior ok from PI.
OTHER_COMMENTS: Data are averaged to 1 minute intervals. Stationary data collected from a 10 ft tower on top of the mobile van.
REVISION: R0
R0: Final Data
StartTime_UTC, StopTime_UTC, CO2_ppm_1min, CH4_ppb_1min, CO_ppb_1min, H2O_ppmv_1min
[from data line 381]
22860,22920,432.64,1954.8,119.5,18406.2500
22920,22980,431.26,1953.2,118.5,18001.0391
22980,23040,431.70,1953.3,120.1,18020.7031
23040,23100,432.19,1953.9,119.4,18054.1387
23100,23160,433.13,1954.2,119.8,18112.0430
23160,23220,432.95,1954.6,119.3,18328.6270
23220,23280,432.20,1955.2,120.6,17957.4688
23280,23340,432.83,1956.3,123.1,17865.1602
23340,23400,433.55,1957.5,123.3,17911.0801
23400,23460,434.59,1958.5,126.5,18368.3281
23460,23520,434.74,1961.2,127.9,18600.2090
23520,23580,435.25,1969.2,135.6,19145.2246
23580,23640,435.72,1971.0,135.9,19383.6895
23640,23700,436.35,1971.9,144.2,19563.8379
23700,23760,437.12,1973.0,145.5,19622.7559
23760,23820,436.83,1974.5,140.1,19879.9219
23820,23880,436.94,1976.0,140.5,20061.5547
23880,23940,437.90,1978.9,140.6,20272.9395
23940,24000,438.45,1981.6,142.2,20509.6191
24000,24060,438.76,1987.0,145.8,20667.8008
24060,24120,438.30,1993.1,142.8,20777.8066
24120,24180,437.73,1997.7,144.6,20832.6563
24180,24240,437.03,2002.3,145.7,20869.1836
24240,24300,438.35,2003.1,144.2,21142.7070
24300,24360,438.27,2006.8,150.7,21094.1582
24360,24420,437.91,2009.1,148.2,21259.2539
24420,24480,436.45,2012.7,146.5,21254.4727
24480,24540,436.17,2013.4,147.7,21295.9922
24540,24600,437.19,2014.6,146.2,21518.9844
24600,24660,437.47,2015.1,148.7,21694.6914
24660,24720,437.56,2014.3,150.0,21795.3770
24720,24780,437.33,2015.8,148.3,21548.8926
24780,24840,437.42,2013.0,147.8,21566.2363
24840,24900,437.22,2011.2,147.0,21559.5332
24900,24960,436.58,2008.5,145.6,21511.1582
24960,25020,435.43,2007.5,144.9,21405.3457
25020,25080,436.59,2007.9,146.5,21475.2070
25080,25140,436.37,2007.8,149.2,21441.1953
25140,25200,436.52,2009.7,150.3,21449.3320
25200,25260,437.50,2010.3,150.3,21497.6465
25260,25320,438.60,2012.9,150.9,21600.8672
25320,25380,436.96,2012.7,147.2,21486.4102
25380,25440,436.29,2014.7,143.5,21456.9336
25440,25500,436.91,2015.2,144.1,21443.9980
25500,25560,438.11,2016.6,144.4,21597.0371
25560,25620,439.98,2014.8,146.6,21760.5566
25620,25680,437.92,2012.1,143.7,21514.6387
25680,25740,435.97,2012.1,143.7,21311.9102
25740,25800,439.12,2013.2,149.7,21579.0195
25800,25860,438.88,2013.1,147.5,21635.3789
25860,25920,438.60,2012.3,154.7,21512.8203
25920,25980,437.89,2014.5,151.6,21477.7988
25980,26040,439.91,2014.4,150.1,21658.6426
26040,26100,438.60,2014.2,222.2,21517.9473
26100,26160,438.88,2017.4,160.5,21505.0156
26160,26220,438.78,2034.8,147.7,21552.7871
26220,26280,439.42,2041.1,151.1,21605.3203
26280,26340,439.13,2063.4,152.0,21534.0645
26340,26400,439.64,2075.6,147.4,21627.1367
26400,26460,440.54,2094.0,148.8,21720.9355
26460,26520,441.84,2111.5,148.0,21782.8438
26520,26580,442.99,2116.2,149.8,21908.7305
26580,26640,442.50,2124.8,148.1,21902.3262
26640,26700,442.00,2129.3,147.9,21855.3223
26700,26760,441.59,2132.4,146.3,21758.5410
26760,26820,442.24,2132.9,149.4,21769.0781
26820,26880,441.66,2123.5,152.6,21833.4961
26880,26940,440.93,2111.0,152.1,21786.4355
26940,27000,441.28,2114.8,154.9,22068.6621
27000,27060,439.40,2088.8,153.8,22004.0840
27060,27120,438.73,2073.3,150.9,21995.2695
27120,27180,438.85,2061.2,147.8,21986.3887
27180,27240,437.69,2037.1,142.2,21742.8770
27240,27300,437.12,2022.7,139.1,21476.5313
27300,27360,437.24,2017.9,143.1,21522.2598
27360,27420,436.77,2013.3,137.7,21368.7305
27420,27480,437.09,2013.6,137.7,21508.2539
27480,27540,436.41,2009.1,138.7,21268.9219
27540,27600,437.17,2009.6,140.5,21511.9316
27600,27660,436.72,2007.4,139.4,21432.2930
27660,27720,437.14,2003.9,138.5,21267.2969
27720,27780,436.56,2003.1,137.5,21294.5723
27780,27840,437.83,2002.4,141.2,21519.5430
27840,27900,435.81,1995.0,136.1,20663.5234
27900,27960,436.27,1995.6,137.2,20847.7773
27960,28020,436.48,1994.6,134.6,20981.1641
28020,28080,436.07,1992.9,132.7,20881.8848
28080,28140,437.61,1994.0,135.5,21058.0254
28140,28200,436.67,1996.1,136.6,21016.0156
28200,28260,438.10,1999.1,139.2,21215.7012
28260,28320,436.80,1995.5,139.7,21295.7813
28320,28380,437.25,1994.4,135.7,21381.3945
28380,28440,437.26,1993.9,139.8,21459.4141
28440,28500,437.01,1993.4,138.6,21432.8809
28500,28560,437.83,1992.9,137.7,21538.4629
28560,28620,436.96,1991.2,136.3,21531.8027
28620,28680,437.37,1990.7,137.4,21557.2813
28680,28740,437.73,1990.5,135.3,21591.0234
28740,28800,439.21,1991.1,134.0,21730.2598
28800,28860,437.54,1988.4,132.6,21527.3848
28860,28920,439.36,1989.8,135.4,21732.1934
28920,28980,438.64,1988.2,133.3,21586.6836
28980,29040,438.80,1985.4,131.4,21470.6797
29040,29100,437.01,1982.2,131.6,21282.4082
29100,29160,436.54,1983.5,131.1,21234.8047
29160,29220,437.22,1980.6,131.0,21181.7871
29220,29280,436.83,1982.5,130.1,21205.2754
29280,29340,436.84,1984.5,140.2,21201.2109
29340,29400,437.27,1984.0,134.2,21240.5547
29400,29460,437.27,1981.5,133.2,21079.7207
29460,29520,436.13,1981.0,132.3,20981.8105
29520,29580,437.62,1984.2,133.6,21133.5996
29580,29640,436.37,1982.8,133.3,21033.0234
29640,29700,437.95,1984.3,133.8,21179.8711
29700,29760,437.77,1984.9,133.7,21070.3242
29760,29820,436.90,1983.7,134.7,20874.1426
29820,29880,438.87,1986.5,134.3,21128.4688
29880,29940,437.84,1984.4,133.7,20881.9590
29940,30000,436.64,1972.1,129.3,19807.4590
30000,30060,436.79,1972.2,128.1,19743.5215
30060,30120,436.78,1965.2,124.3,19190.1211
30120,30180,437.64,1963.8,122.2,19145.1016
30180,30240,438.32,1969.6,123.9,19247.3438
30240,30300,437.47,1962.7,121.7,18904.9746
30300,30360,438.33,1960.7,121.4,19004.4043
30360,30420,437.08,1957.9,122.2,18810.0566
30420,30480,438.07,1957.0,121.4,18887.1113
30480,30540,437.93,1957.2,126.8,18873.9473
30540,30600,438.05,1957.9,122.5,18923.9609
30600,30660,437.33,1957.0,123.1,18819.1934
30660,30720,438.96,1958.4,219.3,18947.5117
30720,30780,438.22,1956.9,128.9,18940.9863
30780,30840,438.46,1957.0,122.5,18886.1660
30840,30900,437.84,1955.9,122.4,18759.0547
30900,30960,438.22,1955.3,122.2,18707.4199
30960,31020,437.18,1954.9,120.9,18657.4746
31020,31080,437.07,1955.3,124.7,18662.0137
31080,31140,436.61,1955.0,120.8,18545.1699
31140,31200,437.54,1955.6,122.6,18641.9453
31200,31260,437.60,1957.0,123.4,18628.7461
31260,31320,436.89,1956.8,121.4,18513.3438
31320,31380,436.35,1955.6,122.1,18456.6484
31380,31440,437.83,1955.7,123.2,18550.1797
31440,31500,439.20,1957.4,121.9,18674.5762
31500,31560,439.64,1959.8,120.6,18797.7598
31560,31620,438.26,1959.4,124.3,18640.9492
31620,31680,438.66,1959.0,121.6,18626.6094
31680,31740,439.36,1959.6,122.3,18705.9941
31740,31800,437.30,1960.8,121.1,18534.8574
31800,31860,436.54,1960.4,123.3,18366.3145
31860,31920,436.41,1958.3,122.0,18344.8809
31920,31980,437.07,1957.6,121.8,18389.2188
31980,32040,436.81,1957.8,121.5,18323.8359
32040,32100,436.43,1957.8,123.3,18175.1563
32100,32160,437.37,1958.8,122.0,18230.3750
32160,32220,436.34,1961.4,122.5,18102.3047
32220,32280,437.70,1963.2,123.5,18294.8555
32280,32340,438.86,1961.8,121.7,18464.4160
32340,32400,438.65,1962.5,121.9,18507.6641
32400,32460,438.21,1962.6,123.6,18487.5332
32460,32520,437.20,1961.3,122.8,18382.8984
32520,32580,438.68,1962.1,123.7,18564.7266
32580,32640,438.96,1961.3,123.9,18527.3652
32640,32700,440.74,1965.2,126.2,18728.8008
32700,32760,440.19,1967.3,127.3,18796.0977
32760,32820,441.63,1967.8,126.5,18879.9297
32820,32880,440.72,1967.7,131.4,18792.4844
32880,32940,439.16,1969.1,128.0,18663.7227
32940,33000,440.00,1969.3,126.1,18767.9590
33000,33060,445.31,1970.1,126.5,18949.9766
33060,33120,440.91,1971.5,128.2,18750.6523
33120,33180,442.63,1972.3,132.7,18811.5957
33180,33240,440.10,1975.2,127.0,18754.9473
33240,33300,440.77,1976.5,126.5,18819.0332
33300,33360,442.57,1977.0,126.6,18959.6602
33360,33420,442.41,1979.4,127.4,18959.7148
33420,33480,443.19,1978.3,126.5,18960.1113
33480,33540,441.26,1976.1,124.5,18760.4492
33540,33600,440.00,1967.0,122.9,18331.3340
33600,33660,441.02,1967.2,123.3,18409.6895
33660,33720,439.54,1963.7,126.4,18287.9883
33720,33780,434.28,1954.8,122.5,17716.4531
33780,33840,434.90,1955.1,125.0,17798.9004
33840,33900,436.60,1957.6,124.6,18028.4629
33900,33960,436.50,1957.4,123.4,18045.5664
33960,34020,436.03,1957.2,126.0,18038.4922
34020,34080,437.31,1959.1,124.9,18152.3984
34080,34140,437.34,1958.8,126.8,18111.3945
34140,34200,436.57,1958.0,129.5,18014.0801
34200,34260,438.45,1958.6,130.6,18114.8184
34260,34320,435.00,1957.4,125.0,17776.8711
34320,34380,436.97,1963.3,127.9,18072.8340
34380,34440,439.63,1967.8,132.8,18406.2500
34440,34500,442.06,1970.0,139.0,18771.7266
34500,34560,440.37,1971.3,139.0,19001.4609
34560,34620,437.69,1970.0,138.7,18835.9141
34620,34680,435.71,1967.2,139.8,19034.4902
34680,34740,435.14,1966.5,146.6,19224.9316
34740,34800,436.13,1967.2,155.1,19411.4531
34800,34860,435.05,1966.8,156.4,19479.4355
34860,34920,433.72,1966.3,160.6,19308.2168
34920,34980,434.65,1968.0,162.0,19469.5527
34980,35040,434.51,1968.0,145.3,19649.3594
35040,35100,434.60,1967.5,140.0,19745.9766
35100,35160,434.64,1964.4,133.7,19793.7852
35160,35220,434.41,1964.3,131.2,19845.3184
35220,35280,434.48,1964.4,130.5,19878.7949
35280,35340,434.86,1965.5,134.2,19923.5898
35340,35400,435.18,1967.7,134.4,19915.9746
35400,35460,435.29,1967.2,131.7,19893.6934
35460,35520,434.03,1964.5,131.7,19677.6523
35520,35580,435.68,1967.1,135.7,19966.4668
35580,35640,436.40,1968.4,140.1,20029.6094
35640,35700,436.24,1968.8,146.2,19966.0078
35700,35760,435.83,1972.4,146.5,19999.4844
35760,35820,435.98,1970.4,150.3,19986.1875
35820,35880,436.89,1969.9,151.5,20046.2578
35880,35940,436.15,1974.3,157.1,20030.2227
35940,36000,437.29,1976.4,250.5,20090.2305
36000,36060,437.42,1973.2,152.8,20101.2969
36060,36120,436.73,1969.0,152.6,19854.7637
36120,36180,437.09,1971.4,151.6,19957.1855
36180,36240,437.76,1971.8,152.4,20141.7168
36240,36300,437.57,1974.1,151.0,20371.6016
36300,36360,436.74,1973.0,143.7,20303.0410
36360,36420,436.64,1969.3,137.9,20367.5078
36420,36480,436.39,1966.6,132.4,20433.3281
36480,36540,436.92,1967.0,134.7,20473.6055
36540,36600,438.44,1967.8,134.3,20941.7480
36600,36660,436.63,1965.9,135.7,20217.1211
36660,36720,437.68,1967.7,136.5,20517.4395
36720,36780,437.94,1967.7,146.1,20623.8613
36780,36840,438.39,1967.9,144.3,20858.7305
36840,36900,438.18,1968.2,140.6,20617.5723
36900,36960,437.12,1967.1,135.8,20263.9102
36960,37020,437.36,1968.2,135.6,20598.6094
37020,37080,438.03,1970.4,135.9,20780.6563
37080,37140,437.46,1968.3,133.0,20605.3711
37140,37200,438.24,1969.6,135.5,20762.3262
37200,37260,438.04,1969.8,133.3,20691.0781
37260,37320,437.91,1968.8,133.9,20622.0723
37320,37380,438.70,1970.0,133.2,20823.7949
37380,37440,438.34,1968.8,133.4,20698.5820
37440,37500,438.31,1968.1,133.5,20633.3984
37500,37560,438.93,1968.4,134.1,20714.4570
37560,37620,438.57,1967.5,139.6,20392.5762
37620,37680,440.85,1967.1,149.5,20314.4727
37680,37740,438.74,1966.1,138.3,20250.9688
37740,37800,438.76,1966.9,136.6,20318.0254
37800,37860,438.83,1968.5,136.7,20481.3418
37860,37920,438.68,1969.6,133.6,20541.0977
37920,37980,439.52,1972.7,136.3,20672.8555
37980,38040,440.48,1977.3,144.5,20566.9238
38040,38100,441.62,1991.3,148.6,20592.4355
38100,38160,439.96,1976.9,143.1,20542.1855
38160,38220,440.46,1977.3,143.6,20577.4492
38220,38280,442.00,1979.2,149.2,20657.1484
38280,38340,441.06,1983.3,146.0,20539.2793
38340,38400,440.43,1982.6,141.3,20611.5762
38400,38460,441.34,1982.8,145.6,20638.1230
38460,38520,440.60,1983.6,142.9,20451.9082
38520,38580,440.71,1984.9,141.2,20422.9238
38580,38640,441.02,1985.0,141.1,20433.3301
38640,38700,440.50,1983.3,139.7,20290.0859
38700,38760,440.68,1981.6,138.6,20409.4609
38760,38820,440.48,1978.8,137.1,20544.7793
38820,38880,440.64,1979.0,139.2,20629.4395
38880,38940,440.63,1978.3,138.8,20649.8926
38940,39000,440.79,1978.8,138.3,20702.7617
39000,39060,441.12,1978.8,139.2,20753.7031
39060,39120,440.95,1977.5,137.5,20757.6875
39120,39180,440.96,1977.9,139.0,20773.3184
39180,39240,440.88,1977.6,140.0,20776.7676
39240,39300,440.50,1977.7,151.7,20671.7051
39300,39360,440.25,1977.9,153.8,20616.5449
39360,39420,440.23,1978.4,158.1,20637.2031
39420,39480,439.61,1978.8,167.1,20518.6523
39480,39540,439.71,1979.7,173.1,20484.6934
39540,39600,440.25,1980.7,176.0,20479.4043
39600,39660,441.62,1980.7,174.1,20568.2500
39660,39720,440.51,1981.2,178.4,20482.5234
39720,39780,438.83,1978.0,173.1,20105.9570
39780,39840,438.35,1976.8,168.0,19998.3594
39840,39900,437.95,1974.6,157.8,19889.2676
39900,39960,439.73,1975.0,152.3,20006.8730
39960,40020,437.65,1973.6,139.8,19846.1914
40020,40080,437.92,1973.3,136.7,19863.3828
40080,40140,437.78,1972.4,135.3,19873.1172
40140,40200,439.01,1975.2,138.0,19974.6016
40200,40260,438.99,1973.3,133.3,19909.0449
40260,40320,439.25,1974.4,133.2,19950.2148
40320,40380,437.76,1971.8,129.3,19772.7129
40380,40440,438.03,1971.1,127.9,19754.0371
40440,40500,438.28,1971.5,129.8,19809.7656
40500,40560,437.91,1971.8,128.5,19768.3262
40560,40620,438.26,1972.3,129.6,19815.6738
40620,40680,438.06,1971.2,130.5,19775.1445
40680,40740,438.14,1971.8,129.5,19780.5918
40740,40800,438.17,1971.7,129.1,19769.4004
40800,40860,438.84,1972.7,129.2,19788.6523
40860,40920,442.16,1974.6,141.0,19914.1230
40920,40980,440.75,1975.0,135.6,19874.9082
40980,41040,439.11,1975.0,130.7,19827.5879
41040,41100,439.21,1975.6,130.4,19869.8398
41100,41160,439.50,1975.2,131.9,19806.7324
41160,41220,440.48,1975.0,130.2,19828.0566
41220,41280,441.47,1976.6,130.1,19940.1152
41280,41340,439.53,1975.6,134.5,19860.2344
41340,41400,439.56,1976.4,132.7,19895.0723
41400,41460,439.91,1977.3,132.8,19916.5527
41460,41520,440.25,1978.7,132.5,19927.8594
41520,41580,441.06,1979.8,132.7,20020.1602
41580,41640,441.40,1980.0,134.4,20045.8281
41640,41700,442.46,1981.9,142.5,20128.5879
41700,41760,441.97,1981.9,139.0,20120.9863
41760,41820,441.98,1981.5,138.2,20096.9375
41820,41880,443.54,1983.1,150.2,20110.8672
41880,41940,442.99,1982.3,147.9,20083.5059
41940,42000,442.64,1981.2,151.8,20085.2617
42000,42060,442.92,1981.8,150.9,20117.4336
42060,42120,443.97,1981.0,148.4,20171.3574
42120,42180,444.78,1981.2,148.4,20193.3340
42180,42240,445.04,1980.9,157.2,20205.0059
42240,42300,444.52,1980.5,156.4,20217.4824
42300,42360,443.82,1982.3,156.5,20291.7227
42360,42420,443.10,1983.0,161.2,20279.1758
42420,42480,444.61,1982.8,177.0,20328.0762
42480,42540,445.41,1983.3,177.9,20273.5449
42540,42600,445.92,1985.9,166.4,20279.8613
42600,42660,443.20,1982.3,157.8,20203.7656
42660,42720,443.87,1981.0,171.0,20220.0156
42720,42780,447.42,1983.0,167.9,20280.0547
42780,42840,444.51,1984.2,148.6,20233.7051
42840,42900,449.98,1985.6,158.5,20337.3477
42900,42960,443.98,1983.6,151.1,20215.4453
42960,43020,444.04,1987.4,163.3,20233.8750
43020,43080,445.44,1985.9,156.0,20276.7305
43080,43140,446.87,1984.6,148.1,20321.3301
43140,43200,447.17,1984.7,160.7,20341.4609
43200,43260,446.28,1983.8,148.3,20297.2676
43260,43320,447.74,1988.1,151.5,20306.6836
43320,43380,444.12,1986.8,147.1,20247.6797
43380,43440,445.40,1985.2,152.5,20254.1074
43440,43500,444.11,1983.4,153.6,20207.3848
43500,43560,444.71,1983.9,163.0,20203.5859
43560,43620,445.04,1984.3,156.5,20191.4141
43620,43680,446.10,1984.1,169.9,20134.5781
43680,43740,445.41,1984.8,168.8,20116.4277
43740,43800,445.89,1984.4,172.7,20138.3516
43800,43860,446.23,1984.5,185.9,20079.2344
43860,43920,450.09,1985.6,222.8,20137.3887
43920,43980,444.63,1983.6,167.1,20047.6016
43980,44040,444.48,1985.6,150.2,20078.5195
44040,44100,446.61,1988.7,152.7,20129.5176
44100,44160,444.63,1985.6,151.3,20054.2402
44160,44220,446.24,1986.3,154.2,20083.4766
44220,44280,446.83,1986.8,151.3,20084.3320
44280,44340,445.46,1986.0,149.9,20056.6270
44340,44400,448.52,1984.2,186.6,20090.0410
44400,44460,445.52,1981.1,150.8,20016.7129
44460,44520,445.77,1981.8,152.5,20051.5586
44520,44580,445.92,1983.5,162.2,20087.4141
44580,44640,449.11,1983.7,209.2,20096.2520
44640,44700,447.60,1983.8,159.3,20083.5332
44700,44760,448.73,1983.6,154.1,20069.9141
44760,44820,449.61,1983.7,162.2,20095.6152
44820,44880,450.47,1985.9,173.2,20089.9551
44880,44940,452.04,1987.0,162.6,20136.0469
44940,45000,448.63,1986.6,145.0,20066.5566
45000,45060,454.61,1986.7,156.5,20213.3711
45060,45120,452.96,1989.0,163.5,20200.6621
