CampaignData_and_Merges/R0/CSL_MobileLab_Parked/raw/20240729/USOS-POPS_MobileLabGround_20240729_R0.ict
78, 1001
Thornberry, T. D.
NOAA Chemical Sciences Laboratory
Portable Optical Particle Spectrometer (POPS)
USOS
1, 1
2024, 07, 29, 2025, 05, 08
60
Time_Start, seconds_past_midnight, Start time of measurement
45
1, 1, 1, 1, 1, 1, 1, 1, 1, 1, 1, 1, 1, 1, 1, 1, 1, 1, 1, 1, 1, 1, 1, 1, 1, 1, 1, 1, 1, 1, 1, 1, 1, 1, 1, 1, 1, 1, 1, 1, 1, 1, 1, 1, 1
-9999, -9999, -9999, -9999, -9999, -9999, -9999, -9999, -9999, -9999, -9999, -9999, -9999, -9999, -9999, -9999, -9999, -9999, -9999, -9999, -9999, -9999, -9999, -9999, -9999, -9999, -9999, -9999, -9999, -9999, -9999, -9999, -9999, -9999, -9999, -9999, -9999, -9999, -9999, -9999, -9999, -9999, -9999, -9999, -9999
Time_Stop, seconds_past_midnight, Stop time of measurement
Time_Mid, seconds_past_midnight, Mid time of measurement
Press_mb, mb, Pressure reported (mb)
Temp_C, degrees C, POPS temperature measurement
Aerosol_concentration, cm^-3, Aerosol concentration
Surface_Area_Conc, um^2 cm^-3, Surface area concentration
Volume_density, um^3 cm^-3, Volume density
Effective_radius, um, Effective radius
Extinction, km^-1, Extinction
Bin01, cm^-3, particle concentration in size range [1401 - 146.3 nm]
Bin02, cm^-3, particle concentration in size range [146.3 - 152.8 nm]
Bin03, cm^-3, particle concentration in size range [152.8 - 159.6 nm]
Bin04, cm^-3, particle concentration in size range [159.6 - 166.8 nm]
Bin05, cm^-3, particle concentration in size range [166.8 - 174.2 nm]
Bin06, cm^-3, particle concentration in size range [174.2 - 181.9 nm]
Bin07, cm^-3, particle concentration in size range [181.9 - 190.0 nm]
Bin08, cm^-3, particle concentration in size range [190.0 - 198.5 nm]
Bin09, cm^-3, particle concentration in size range [198.5 - 207.4 nm]
Bin10, cm^-3, particle concentration in size range [207.4 - 216.6 nm]
Bin11, cm^-3, particle concentration in size range [216.6 - 226.2 nm]
Bin12, cm^-3, particle concentration in size range [226.2 - 236.3 nm]
Bin13, cm^-3, particle concentration in size range [236.3 - 246.8 nm]
Bin14, cm^-3, particle concentration in size range [246.8 - 257.8 nm]
Bin15, cm^-3, particle concentration in size range [257.8 - 269.3 nm]
Bin16, cm^-3, particle concentration in size range [269.3 - 343.4 nm]
Bin17, cm^-3, particle concentration in size range [343.4 - 450.7 nm]
Bin18, cm^-3, particle concentration in size range [450.7 - 525.9 nm]
Bin19, cm^-3, particle concentration in size range [525.9 - 618.5 nm]
Bin20, cm^-3, particle concentration in size range [618.5 - 710.0 nm]
Bin21, cm^-3, particle concentration in size range [710.0 - 822.7 nm]
Bin22, cm^-3, particle concentration in size range [822.7 - 885.9 nm]
Bin23, cm^-3, particle concentration in size range [885.9 - 953.9 nm]
Bin24, cm^-3, particle concentration in size range [953.9 - 1027.2 nm]
Bin25, cm^-3, particle concentration in size range [1027.2 - 1106.1 nm]
Bin26, cm^-3, particle concentration in size range [1106.1 - 1191.0 nm]
Bin27, cm^-3, particle concentration in size range [1191.0 - 1282.5 nm]
Bin28, cm^-3, particle concentration in size range [1282.5 - 1381.0 nm]
Bin29, cm^-3, particle concentration in size range [1381.0 - 1487.1 nm]
Bin30, cm^-3, particle concentration in size range [1487.1 - 1601.3 nm]
Bin31, cm^-3, particle concentration in size range [1601.3 - 1724.3 nm]
[...]
PLATFORM: NOAA CSL Mobile Lab
LOCATION: USOS
ASSOCIATED_DATA: N/A
INSTRUMENT_INFO: Printed Optical Particle Spectrometer counts particles from 140 - 2500 nm in diameter 
DATA_INFO: Particle concentrations reported in number per cubic centimeter,1 Hz data
UNCERTAINTY: Counting uncertainty dominated by air flow, less than 5 percent. Measurement range is ~0 - 3000 per cm3 (varies depending on flow rate- manufacturer quotes 1250 per cm3 at 1.667 cc/s)
ULOD_FLAG: -7777
ULOD_VALUE: N/A
LLOD_FLAG: -8888
LLOD_VALUE: N/A
DM_CONTACT_INFO: Troy Thornberry, 325 Broadway R/CSL6, Boulder, CO 80305; troy.thornberry@noaa.gov; 303-497-3373
PROJECT_INFO: USOS, Utah POPS data from NOAA CSL Mobile Lab
STIPULATIONS_ON_USE: Please contact the PIs for questions regarding applications and uncertainties
OTHER_COMMENTS: POPS bin Edges (nm):  140.1, 146.3, 152.8, 159.6, 166.8, 174.2, 181.9, 190.0, 198.5, 207.4, 216.6, 226.2, 236.3, 246.8, 257.8, 269.3, 343.4, 450.7, 525.9, 618.5, 710.0, 822.7, 885.9, 953.9, 1027.2, 1106.1, 1191.0, 1282.5, 1381.0, 1487.1, 1601.3, 1724.3, 1856.7, 1999.3, 2152.8, 2318.2, 2496.2
Calculations assume organic aerosol refractive index of 1.52+0.00j and extinction wavelength = 532 nm
REVISION: R0
R0: Final data
Time_Start, Time_Stop, Time_Mid, Press_mb, Temp_C, Aerosol_concentration, Surface_Area_Conc, Volume_density, Effective_radius, Extinction, Bin01, Bin02, Bin03, Bin04, Bin05, Bin06, Bin07, Bin08, Bin09, Bin10, Bin11, Bin12, Bin13, Bin14, Bin15, Bin16, Bin17, Bin18, Bin19, Bin20, Bin21, Bin22, Bin23, Bin24, Bin25, Bin26, Bin27, Bin28, Bin29, Bin30, Bin31, Bin32, Bin33, Bin34, Bin35, Bin36
[from data line 900]
54000,54059,54030,870.530,31.063,528.448,98.584,6.646,0.199,0.032,36.459679,32.941277,30.506451,29.657604,29.815624,29.717133,28.269842,28.425463,27.032660,26.966234,26.730671,27.539597,26.528616,25.253628,20.757917,72.242493,19.559212,6.540056,1.901305,0.320927,0.216602,0.104830,0.088720,0.087356,0.083160,0.077052,0.044981,0.054538,0.061468,0.072227,0.106425,0.044981,0.083835,0.027635,0.034131,0.093732
54060,54119,54090,870.541,31.013,533.842,98.859,6.545,0.196,0.032,35.991444,33.033997,31.309793,29.968933,30.349537,29.652578,28.180161,29.115345,27.778830,27.271978,26.905821,28.272657,26.959305,25.474220,20.526133,72.883751,20.171911,6.652416,1.833377,0.318474,0.262436,0.116144,0.066426,0.060807,0.089049,0.067192,0.028266,0.022478,0.049288,0.049198,0.112297,0.067153,0.039405,0.028522,0.061382,0.071545
54120,54179,54150,870.555,30.912,533.373,98.835,6.371,0.192,0.032,36.141994,32.730453,31.068542,30.032146,30.283733,29.674427,29.077381,27.768335,27.958364,27.495783,27.224108,27.889877,27.395239,24.882429,20.496572,72.633766,20.182451,7.003620,1.908544,0.290714,0.256111,0.099841,0.117499,0.082716,0.077813,0.055348,0.053836,0.061138,0.055712,0.043324,0.082909,0.038955,0.071993,0.044133,0.016148,0.076747
54180,54239,54210,870.560,30.772,534.740,99.209,6.519,0.195,0.032,36.209934,32.747643,30.410000,31.029078,31.070805,29.923555,29.001944,28.068937,28.316370,27.075966,26.899973,27.969858,27.584368,25.036016,20.812979,72.477127,19.673283,7.005314,1.867522,0.206446,0.217741,0.153880,0.088660,0.100852,0.127600,0.072736,0.078329,0.061875,0.060895,0.066398,0.055816,0.055819,0.067620,0.033227,0.055828,0.055524
54240,54299,54270,870.571,30.709,537.805,98.568,6.153,0.186,0.032,35.888557,32.867844,30.586357,31.153275,30.347141,30.019823,29.128857,28.854156,28.493629,27.247847,27.981497,28.084740,27.334572,26.234959,20.912807,72.798714,19.617321,7.100194,1.631797,0.220007,0.293103,0.149303,0.109293,0.099615,0.071777,0.106425,0.060278,0.049581,0.033543,0.060988,0.077968,0.050306,0.016747,0.039255,0.022066,0.060561
54300,54359,54330,870.599,30.639,536.373,98.381,6.178,0.187,0.032,36.601852,33.028820,30.590956,30.383396,29.929512,29.351721,28.628183,28.971067,28.179829,27.155205,27.231966,27.923248,27.955484,25.702152,20.993088,73.772560,19.779766,6.881261,1.867483,0.283512,0.217041,0.165743,0.115968,0.094188,0.055578,0.066653,0.021648,0.033453,0.055664,0.050632,0.073046,0.072525,0.039444,0.022816,0.022208,0.055672
54360,54419,54390,870.601,30.567,532.027,97.764,6.234,0.189,0.031,35.630249,33.085838,31.465849,30.624790,29.951191,29.022917,28.486122,28.955608,28.087673,27.631565,27.166655,26.957199,26.479559,25.512300,20.353914,72.840637,19.558146,6.958114,1.782822,0.263059,0.195536,0.162653,0.077617,0.077933,0.100991,0.060687,0.084022,0.084391,0.027529,0.044196,0.057059,0.078171,0.049833,0.027556,0.062131,0.022036
54420,54479,54450,870.583,30.581,525.393,96.746,6.343,0.194,0.031,35.206528,32.789856,30.454082,30.448105,29.626392,29.083652,27.792612,28.211603,27.366806,27.222654,27.099453,28.330713,26.450962,24.380033,20.202961,71.826759,19.004585,6.740168,1.844610,0.213357,0.161147,0.118690,0.105690,0.066487,0.066781,0.057369,0.033356,0.038094,0.028049,0.066975,0.090655,0.067781,0.027532,0.044886,0.078361,0.045013
54480,54539,54510,870.605,30.593,525.705,97.571,6.426,0.195,0.032,36.399937,32.646313,30.087845,29.519464,29.909830,29.154274,28.842813,28.084911,27.147987,27.459831,26.829208,27.373104,26.133924,24.585165,20.193981,71.953308,19.193186,6.881683,1.763387,0.235076,0.246891,0.089406,0.111744,0.127867,0.078023,0.078167,0.043655,0.032515,0.078276,0.066612,0.105153,0.044313,0.050111,0.045224,0.055661,0.056036
54540,54599,54570,870.601,30.921,521.947,97.056,6.529,0.199,0.032,35.735004,32.419273,30.947813,30.143137,29.376631,29.203417,28.046097,28.745136,27.377167,26.182003,25.774252,27.761204,26.593161,24.567198,19.865799,70.101318,18.674299,6.860182,1.903322,0.296798,0.268018,0.128621,0.094341,0.100948,0.067960,0.116553,0.061770,0.033345,0.073494,0.044507,0.112336,0.062683,0.050760,0.040008,0.062830,0.055608
54600,54659,54630,870.616,31.289,512.302,93.631,5.798,0.184,0.030,35.468491,32.155418,29.816133,28.902052,28.508638,28.212788,27.192205,27.436693,27.381985,26.479996,26.560013,25.957834,25.932949,24.142700,20.110531,68.783417,19.515333,6.503251,1.966443,0.270880,0.143835,0.143308,0.127088,0.061140,0.060027,0.038822,0.022006,0.016679,0.076960,0.077243,0.050173,0.044411,0.033064,0.021287,0.038152,0.050053
54660,54719,54690,870.611,31.391,521.423,97.016,6.689,0.204,0.031,36.465244,32.794468,30.686954,30.228006,28.786322,28.285992,27.989771,27.443426,27.172813,26.717714,26.415268,27.287378,26.919235,24.260517,20.011343,71.360809,19.012400,6.242103,1.623494,0.313872,0.244459,0.145711,0.083710,0.128445,0.132631,0.061402,0.060599,0.055639,0.076542,0.054845,0.055203,0.089504,0.039270,0.039145,0.055458,0.083752
54720,54779,54750,870.588,31.281,524.626,96.554,6.423,0.198,0.031,38.470585,33.472454,31.545399,30.469030,30.677851,28.256596,28.086399,27.124432,26.884720,26.191275,26.253613,27.140680,26.898375,25.016188,19.924191,69.304344,18.448191,7.110163,1.790224,0.298597,0.279842,0.061289,0.143985,0.078250,0.072021,0.056031,0.055696,0.043974,0.055157,0.060419,0.089339,0.056199,0.055087,0.022188,0.061261,0.072220
54780,54839,54810,870.579,31.187,502.944,92.207,6.112,0.197,0.030,35.963272,32.110062,29.859087,28.989592,28.804033,27.426184,26.690800,26.765320,25.999697,25.141891,25.328831,26.784483,25.540298,23.805679,18.709084,67.271103,18.348305,6.340793,1.702784,0.236643,0.157864,0.176399,0.085414,0.085241,0.039358,0.033993,0.062050,0.045402,0.011452,0.056536,0.102880,0.094422,0.062270,0.033220,0.039885,0.039784
54840,54899,54870,870.599,31.128,501.229,92.240,5.978,0.193,0.030,34.724773,31.450178,29.181128,28.721279,28.428305,27.463810,26.519726,26.961447,26.033815,25.759851,25.991713,26.304342,26.128632,23.272943,18.835184,67.572525,18.426083,6.444881,1.670940,0.193368,0.222458,0.121699,0.078456,0.099123,0.033915,0.061004,0.067784,0.050021,0.049303,0.033295,0.100407,0.038271,0.050512,0.027101,0.033350,0.077185
54900,54959,54930,870.595,31.135,485.437,90.381,6.013,0.198,0.029,32.495796,30.405954,28.301367,27.679684,27.537235,26.891241,25.938332,25.497770,24.789946,24.825785,24.700556,25.345915,24.801256,23.384579,18.998196,66.715477,17.618225,6.253117,1.702042,0.258648,0.272382,0.130663,0.113288,0.085954,0.045123,0.061951,0.097964,0.061976,0.057093,0.091085,0.039975,0.067530,0.044659,0.028926,0.028346,0.068846
54960,55019,54990,870.595,31.140,468.415,85.852,5.354,0.186,0.028,32.014507,29.321554,27.997648,26.905893,26.645611,25.987667,24.712749,25.233404,23.647860,23.989651,23.748354,24.352268,23.735125,22.168098,18.172100,63.387665,17.361599,6.021872,1.661273,0.279831,0.260350,0.121937,0.099889,0.050055,0.048966,0.055543,0.039023,0.028166,0.043654,0.050010,0.111375,0.038871,0.038395,0.016859,0.022302,0.044807
55020,55079,55050,870.622,31.154,464.791,84.625,5.149,0.180,0.027,32.794327,29.228388,27.534668,26.877357,26.451645,25.281441,24.341009,25.110783,23.687572,23.707041,23.739206,24.180387,23.963263,21.508842,18.042852,62.764435,16.633978,5.930817,1.730211,0.271749,0.174041,0.121851,0.078271,0.088168,0.099404,0.021636,0.038623,0.067137,0.044480,0.066629,0.066701,0.027470,0.034226,0.027287,0.027587,0.027670
55080,55139,55110,870.609,31.254,429.792,78.937,5.092,0.191,0.025,29.334414,26.628174,24.640064,24.914825,24.291399,23.588892,22.904562,23.368734,22.729033,21.840622,21.891018,22.477461,22.283304,20.385067,16.919554,57.589367,16.169218,5.189212,1.562169,0.174429,0.115956,0.060420,0.127141,0.082604,0.054674,0.038085,0.044046,0.033238,0.039315,0.055043,0.067241,0.049894,0.037890,0.011244,0.049567,0.043963
55140,55199,55170,870.619,31.168,417.414,76.170,4.708,0.183,0.024,27.425905,26.044228,25.250439,24.085316,23.205244,22.798693,22.040966,22.365328,21.540043,22.065281,21.168219,22.031542,21.655804,19.434204,16.246983,56.982407,15.185607,5.369878,1.424898,0.216363,0.202954,0.124123,0.094122,0.050083,0.049015,0.016496,0.033308,0.027477,0.049869,0.027561,0.033705,0.033884,0.034286,0.027754,0.028079,0.044272
55200,55259,55230,870.635,31.067,415.190,78.832,5.773,0.216,0.026,27.238640,26.561623,23.854954,23.642715,23.184341,22.743464,22.158833,22.678984,21.728399,20.560738,21.719004,22.176582,20.742947,20.117146,15.458629,56.683483,15.675724,5.432644,1.486877,0.232283,0.150944,0.121208,0.105359,0.049161,0.033590,0.049149,0.067619,0.064893,0.044232,0.055905,0.049929,0.088108,0.072132,0.027620,0.044004,0.088359
55260,55319,55290,870.649,31.015,398.850,74.369,4.904,0.196,0.024,26.531660,24.285696,22.138466,22.533936,22.756197,21.840210,21.526443,21.416637,21.320555,20.660328,20.559893,20.810148,20.677921,18.675901,15.381948,55.074463,14.952435,5.202613,1.250247,0.223883,0.226405,0.117551,0.085720,0.073455,0.050484,0.057216,0.061528,0.028413,0.028603,0.044969,0.038920,0.038819,0.067744,0.027300,0.027605,0.056028
55320,55379,55350,870.629,30.910,381.738,71.202,4.663,0.194,0.023,25.215080,23.210011,21.860201,21.616533,21.625984,20.898933,20.588482,20.550470,19.622616,20.197935,19.883442,20.161671,20.072865,18.140438,14.623894,51.695602,14.138677,4.965356,1.445590,0.237850,0.140352,0.116950,0.104148,0.083361,0.049078,0.083632,0.039703,0.045038,0.027673,0.043397,0.077380,0.037805,0.054952,0.016749,0.016552,0.049395
55380,55439,55410,870.620,30.903,386.627,72.095,4.680,0.193,0.024,25.392897,23.597403,22.000725,22.184614,21.308924,21.691786,20.522879,20.921101,20.718243,20.393915,20.226065,20.060785,19.585806,17.806097,14.753783,52.826229,14.766341,5.202906,1.466735,0.204737,0.205193,0.089029,0.100728,0.072686,0.055394,0.055610,0.032763,0.039146,0.055686,0.050109,0.084286,0.049636,0.022734,0.033105,0.005291,0.043944
55440,55499,55470,870.620,30.895,381.403,74.885,5.952,0.230,0.026,25.344437,23.213976,21.864470,21.486626,21.947575,20.749376,19.873383,20.525558,20.448061,19.341516,19.325663,20.470200,19.280045,17.828808,14.712564,52.214161,14.580860,5.157360,1.428094,0.236972,0.227533,0.155537,0.071691,0.088870,0.077615,0.054351,0.055235,0.038324,0.049722,0.084440,0.116197,0.083288,0.077656,0.049369,0.044219,0.099224
55500,55559,55530,870.624,30.911,358.450,71.266,5.870,0.239,0.025,24.080269,21.610115,21.014496,20.475910,20.452900,19.661135,19.141710,19.495922,18.502842,18.755003,17.598064,18.845951,18.195210,16.853899,13.495313,48.768803,13.351170,5.031078,1.478206,0.186591,0.244669,0.131008,0.090706,0.045349,0.090405,0.080111,0.096939,0.090029,0.058082,0.051050,0.107568,0.084479,0.085035,0.040324,0.079501,0.080069
55560,55619,55590,870.614,30.893,359.761,67.456,4.820,0.209,0.022,23.699217,22.760866,21.490229,20.753222,19.866417,20.521038,19.838493,18.910418,18.833593,18.674625,18.371395,18.331152,18.117147,16.674404,13.711592,48.973099,13.051064,4.728130,1.219355,0.201565,0.161692,0.134988,0.083560,0.116378,0.039723,0.061903,0.039217,0.000000,0.033597,0.050914,0.078773,0.106619,0.028304,0.032370,0.011106,0.055073
55620,55679,55650,870.610,30.946,361.235,67.562,4.714,0.206,0.022,24.929476,22.425110,21.474783,20.444241,20.982090,19.704798,19.280796,19.362083,18.355492,18.918554,18.603788,19.135031,18.544512,16.794201,13.922578,48.160973,12.882168,4.772986,1.286726,0.237707,0.215699,0.076884,0.111253,0.033542,0.078443,0.059789,0.042456,0.060890,0.021875,0.072228,0.027588,0.061096,0.033817,0.011377,0.044330,0.065514
55680,55739,55710,870.608,30.919,360.673,67.919,4.743,0.207,0.023,24.597334,22.944351,21.357561,20.764412,20.466419,19.748075,19.769783,18.639326,19.546738,18.288395,17.545959,18.949562,17.601862,17.305964,14.020248,48.405331,13.442015,4.444342,1.481756,0.225976,0.180582,0.113306,0.073584,0.084519,0.107273,0.061344,0.073876,0.028522,0.055973,0.060781,0.108173,0.078762,0.016632,0.022512,0.028125,0.034019
55740,55799,55770,870.624,30.824,360.245,67.320,4.699,0.205,0.022,25.034842,23.157347,21.188089,20.934023,20.408936,20.285107,19.557644,19.320135,18.851921,18.409910,18.171320,18.728849,17.570946,16.771532,14.232083,47.425770,13.006517,4.697736,1.205018,0.202048,0.199417,0.129410,0.111316,0.083896,0.060859,0.044683,0.045204,0.027583,0.034469,0.050824,0.100118,0.051401,0.032893,0.016382,0.027829,0.068506
55800,55859,55830,870.626,30.778,358.586,67.520,4.852,0.212,0.022,24.182211,23.478319,20.661140,21.186993,20.275578,20.172506,19.639467,18.985283,18.779844,18.083759,17.939127,18.708061,18.027864,16.112921,13.422033,48.599068,13.360431,4.308059,1.426229,0.204958,0.166755,0.094624,0.136955,0.062247,0.044751,0.016683,0.039307,0.049244,0.044113,0.077467,0.044457,0.071748,0.066679,0.027799,0.034029,0.054997
55860,55919,55890,870.634,30.793,346.250,65.152,4.727,0.213,0.022,23.420048,21.912472,20.262657,21.282785,19.932203,19.625713,18.550064,18.981770,17.653196,17.579554,17.790428,17.605217,17.369793,16.167461,12.964470,45.852997,12.347074,4.490499,1.247663,0.150562,0.194816,0.066269,0.088469,0.083786,0.088803,0.071547,0.038651,0.032720,0.038467,0.038385,0.077439,0.066037,0.055499,0.028022,0.032782,0.061616
55920,55979,55950,870.647,30.746,340.238,64.347,4.810,0.218,0.021,24.119503,21.796818,19.755899,19.663960,19.374998,19.057810,18.678755,17.838188,17.740330,17.434032,16.833149,17.858372,17.330618,15.683287,13.094852,45.424313,11.965052,4.169859,1.159311,0.187111,0.144785,0.145080,0.099625,0.044463,0.067274,0.056101,0.055862,0.033526,0.060605,0.016763,0.071974,0.066270,0.060562,0.038106,0.043417,0.067428
55980,56039,56010,870.637,30.698,345.297,79.831,9.505,0.343,0.031,24.359285,22.587021,20.060005,19.643553,19.718079,18.855570,18.536852,17.809593,17.497654,17.334311,17.513056,17.452574,17.421059,15.462934,13.111727,45.632366,12.445598,4.886627,1.685994,0.370458,0.338599,0.229124,0.166889,0.189669,0.138854,0.211095,0.122326,0.145171,0.099604,0.222356,0.234658,0.209468,0.138356,0.094585,0.155792,0.215638
56040,56099,56070,870.606,30.651,327.124,63.199,4.858,0.227,0.021,23.385271,20.613859,19.769196,18.802050,18.253653,17.630470,17.616091,17.560423,17.114607,16.502819,16.529047,16.917395,16.600161,15.502742,12.140670,43.050381,12.124762,4.495063,1.144063,0.189857,0.166867,0.139430,0.050579,0.077482,0.060251,0.049954,0.055864,0.078360,0.088879,0.066868,0.084429,0.060922,0.061608,0.039140,0.050104,0.050346
56100,56159,56130,870.585,30.721,325.232,60.964,4.324,0.208,0.020,23.105843,21.066591,19.292402,18.805374,19.036034,17.536203,17.415941,17.473051,16.779282,16.890816,16.337393,16.736443,16.127394,14.811497,12.465379,43.114422,11.716869,4.218837,1.147503,0.189951,0.161503,0.099321,0.117925,0.100520,0.044449,0.033642,0.033701,0.050040,0.033171,0.034267,0.061240,0.033741,0.022008,0.027456,0.016612,0.094990
56160,56219,56190,870.616,30.695,322.326,59.599,3.921,0.195,0.019,22.654675,20.487282,19.270329,18.818333,18.706621,17.526619,17.423838,17.284498,16.608015,16.197289,16.268177,16.961071,15.574690,15.212368,12.211556,42.904381,12.094625,3.963560,1.140602,0.221655,0.121512,0.077894,0.082578,0.065872,0.033797,0.038409,0.038082,0.033264,0.032814,0.050761,0.066261,0.021881,0.039423,0.032874,0.027299,0.033540
56220,56279,56250,870.654,30.661,321.629,59.889,4.059,0.200,0.020,23.050419,21.035564,18.985344,18.254622,17.978546,17.728226,17.401379,16.538216,16.813374,16.737078,16.163555,16.320038,15.989305,14.919912,12.005547,43.388874,11.932282,4.127971,1.173549,0.237693,0.147073,0.068749,0.062157,0.080272,0.050867,0.038921,0.034478,0.038808,0.039053,0.033290,0.079649,0.049886,0.039606,0.033750,0.028443,0.022859
