CampaignData_and_Merges/R0/CSL_MobileLab_Parked/raw/20240729/USOS-jNO2_MobileLabGround_20240729_R0.ict
52,1001
Waxman, E.; Rollins, A.; Zuraski, K.; Chace, W.
NOAA Chemical Sciences Laboratory
jNO2 filter radiometer on CSL Mobile Lab
AMMBEC / USOS
1, 1
2024,07,29, 2025,04,01
60
Time_Start, seconds, number_of_seconds_since_0000_UTC
20
1, 1, 1, 1, 1, 1, 1, 1, 1, 1, 1, 1, 1, 1, 1, 1, 1, 1, 1, 1
-9999, -9999, -9999, -9999, -9999, -9999, -9999, -9999, -9999, -9999, -9999, -9999, -9999, -9999, -9999, -9999, -9999, -9999, -9999, -9999
Time_Stop, seconds, number_of_seconds_since_0000_UTC
jNO2_meas, per second, photolysis rate of NO2 measured using a filter radiometer.
jBrCl, per second, photolysis rate of BrCl -> Br + Cl calculated in TUV for cloud-free sky with local AOD
jBr2, per second, photolysis rate of Br2 -> Br + Br calculated in TUV for cloud-free sky with local AOD
jCCl4, per second, photolysis rate of CCl4 -> Products calcualted in TUV for cloud-free sky with local AOD
jCH2Oa, per second, photolysis rate of CH2O -> H + HCO calculated in TUV for cloud-free sky with local AOD
jCH2Ob, per second, photolysis rate of CH2O -> H2 + CO calculated in TUV for cloud-free sky with local AOD
jClNO2, per second, photolysis rate of ClNO2 -> Cl + NO2 calculated in TUV for cloud-free sky with local AOD
jClOa, per second, photolysis rate of ClO -> Cl + O(1D) calculated in TUV for cloud-free sky with local AOD
jClOb, per second, photolysis rate of ClO -> Cl + O(3P) calculated in TUV for cloud-free sky with local AOD
jCl2, per second, photolysis rate of Cl2 -> Cl + Cl calculated in TUV for cloud-free sky with local AOD
jHNO2, per second, photolysis rate of HNO2 -> OH + NO calculated in TUV for cloud-free sky with local AOD
jHNO3, per second, photolysis rate of HNO3 -> OH + NO2 calculated in TUV for cloud-free sky with local AOD
jI2, per second, photolysis rate of I2 -> I + I calculated in TUV for cloud-free sky with local AOD
jNO2, per second, photolysis rate of NO2 -> NO + O(3P) calculated in TUV for cloud-free sky with local AOD
jNO3a, per second, photolysis rate of NO3 -> NO + O2 calculated in TUV for cloud-free sky with local AOD
jNO3b, per second, photolysis rate of NO3 -> NO2 + O(3P) calculated in TUV for cloud-free sky with local AOD
jN2O5, per second, photolysis rate of N2O5 -> NO3 + NO + O(3P) calculated in TUV for cloud-free sky with local AOD
jO3, per second, photolysis rate of O3 -> O2 + O(1D) calculated in TUV for cloud-free sky with local AOD
AOD_500nm, unitless, UTC daily mean AOD at 500 nm from an AERONET station located at 40.178 N, -112.452 E
0
18
PI_CONTACT_INFO: eleanor.waxman@noaa.gov
PLATFORM: CSL Mobile Lab, at ground site
LOCATION: Salt Lake City, UT
ASSOCIATED_DATA:
INSTRUMENT_INFO: jNO2 filter radiometer.  TUV calculations are for mobile van lat/lon/altitude assuming clear sky (cloud AOD = 0) and daily mean AOD.
DATA_INFO:
UNCERTAINTY: Data uncertainties are +/- 20%.  These come from uncertainties in radiometer angular response, radiometer thermal response, local interferences from clouds/aerosols/shadows etc.
ULOD_FLAG: -7777
ULOD_VALUE: N/A
LLOD_FLAG: -8888
LLOD_VALUE: N/A
DM_CONTACT_INFO: eleanor.waxman@noaa.gov
PROJECT_INFO: USOS Project, July - August 2024
STIPULATIONS_ON_USE: Users are strongly encouraged to contact the PI for proper data usage.
OTHER_COMMENTS: 
REVISION: R0
R0: final data
Time_Start, Time_Stop, jNO2_meas, jBrCl, jBr2, jCCl4, jCH2Oa, jCH2Ob, jClNO2, jClOa, jClOb, jCl2, jHNO2, jHNO3, jI2, jNO2, jNO3a, jNO3b, jN2O5, jO3, AOD_500nm
       0,      60,0.0048968,0.007424,0.02398,1.831e-25,1.388e-05,2.5e-05,0.0002503,6.477e-26,1.121e-05,0.00135,0.0009204,1.976e-07,0.09012,0.005854,0.01797,0.1412,2.096e-05,6.965e-06,0.161
      60,     120,0.0048295,0.007391,0.02389,1.798e-25,1.374e-05,2.481e-05,0.0002485,6.363e-26,1.103e-05,0.001341,0.0009149,1.953e-07,0.08986,0.005822,0.01793,0.1408,2.079e-05,6.852e-06,0.161
     120,     180,0.0047904,0.007359,0.02381,1.767e-25,1.362e-05,2.462e-05,0.0002467,6.258e-26,1.087e-05,0.001333,0.0009096,1.931e-07,0.0896,0.005791,0.01789,0.1404,2.063e-05,6.746e-06,0.161
     180,     240,0.0047474,0.007325,0.02372,1.736e-25,1.348e-05,2.443e-05,0.0002448,6.149e-26,1.069e-05,0.001324,0.000904,1.907e-07,0.08933,0.005758,0.01784,0.14,2.046e-05,6.634e-06,0.161
     240,     300,0.0046813,0.007291,0.02363,1.705e-25,1.334e-05,2.423e-05,0.0002429,6.043e-26,1.052e-05,0.001315,0.0008984,1.884e-07,0.08906,0.005724,0.01779,0.1396,2.029e-05,6.524e-06,0.161
     300,     360,0.0046432,0.007258,0.02354,1.677e-25,1.321e-05,2.405e-05,0.0002411,5.945e-26,1.036e-05,0.001307,0.000893,1.862e-07,0.08879,0.005693,0.01775,0.1392,2.013e-05,6.421e-06,0.161
     360,     420,0.0046194,0.007224,0.02345,1.647e-25,1.308e-05,2.385e-05,0.0002392,5.844e-26,1.018e-05,0.001298,0.0008873,1.838e-07,0.08851,0.005659,0.0177,0.1388,1.996e-05,6.312e-06,0.161
     420,     480,0.0046024,0.007189,0.02336,1.618e-25,1.294e-05,2.365e-05,0.0002373,5.744e-26,1.002e-05,0.001289,0.0008815,1.815e-07,0.08823,0.005625,0.01765,0.1384,1.978e-05,6.204e-06,0.161
     480,     540,0.0045817,0.007155,0.02327,1.592e-25,1.281e-05,2.346e-05,0.0002355,5.653e-26,9.857e-06,0.001281,0.0008761,1.794e-07,0.08796,0.005593,0.01761,0.138,1.962e-05,6.103e-06,0.161
     540,     600,0.0045644,0.00712,0.02317,1.564e-25,1.268e-05,2.326e-05,0.0002336,5.558e-26,9.689e-06,0.001271,0.0008703,1.77e-07,0.08767,0.005559,0.01756,0.1375,1.945e-05,5.996e-06,0.161
     600,     660,0.0045095,0.007084,0.02308,1.537e-25,1.254e-05,2.306e-05,0.0002317,5.465e-26,9.524e-06,0.001262,0.0008644,1.747e-07,0.08737,0.005524,0.01751,0.1371,1.928e-05,5.891e-06,0.161
     660,     720,0.0044699,0.00705,0.02299,1.512e-25,1.241e-05,2.287e-05,0.0002298,5.379e-26,9.369e-06,0.001254,0.0008589,1.726e-07,0.08709,0.005491,0.01746,0.1367,1.911e-05,5.793e-06,0.161
     720,     780,0.0044147,0.007013,0.02289,1.487e-25,1.228e-05,2.267e-05,0.0002279,5.29e-26,9.206e-06,0.001245,0.0008529,1.703e-07,0.08679,0.005456,0.01741,0.1362,1.894e-05,5.69e-06,0.161
     780,     840,0.0043766,0.006976,0.02279,1.462e-25,1.214e-05,2.247e-05,0.0002259,5.203e-26,9.044e-06,0.001235,0.000847,1.68e-07,0.08649,0.005421,0.01736,0.1358,1.877e-05,5.587e-06,0.161
     840,     900,0.0043566,0.006941,0.0227,1.438e-25,1.201e-05,2.228e-05,0.0002241,5.123e-26,8.893e-06,0.001227,0.0008413,1.659e-07,0.0862,0.005387,0.01731,0.1354,1.86e-05,5.491e-06,0.161
     900,     960,0.0043256,0.006904,0.02259,1.414e-25,1.187e-05,2.208e-05,0.0002221,5.04e-26,8.733e-06,0.001217,0.0008353,1.636e-07,0.08589,0.005351,0.01726,0.1349,1.843e-05,5.391e-06,0.161
     960,    1020,0.0042875,0.006866,0.02249,1.39e-25,1.174e-05,2.187e-05,0.0002202,4.958e-26,8.576e-06,0.001208,0.0008292,1.614e-07,0.08557,0.005315,0.0172,0.1344,1.825e-05,5.291e-06,0.161
    1020,    1080,0.0042528,0.00683,0.0224,1.369e-25,1.161e-05,2.168e-05,0.0002183,4.883e-26,8.428e-06,0.001199,0.0008235,1.593e-07,0.08528,0.005281,0.01715,0.134,1.809e-05,5.198e-06,0.161
    1080,    1140,0.0042239,0.006792,0.02229,1.346e-25,1.147e-05,2.147e-05,0.0002164,4.804e-26,8.273e-06,0.00119,0.0008174,1.57e-07,0.08496,0.005245,0.0171,0.1335,1.791e-05,5.1e-06,0.161
    1140,    1200,0.004214,0.006753,0.02219,1.324e-25,1.134e-05,2.127e-05,0.0002144,4.727e-26,8.12e-06,0.00118,0.0008112,1.548e-07,0.08463,0.005208,0.01704,0.133,1.774e-05,5.003e-06,0.161
    1200,    1260,0.0041784,0.006716,0.02209,1.303e-25,1.121e-05,2.107e-05,0.0002125,4.656e-26,7.976e-06,0.001171,0.0008053,1.527e-07,0.08432,0.005173,0.01699,0.1326,1.757e-05,4.913e-06,0.161
    1260,    1320,0.0041592,0.006677,0.02198,1.282e-25,1.107e-05,2.087e-05,0.0002105,4.582e-26,7.825e-06,0.001161,0.0007991,1.505e-07,0.08399,0.005136,0.01694,0.1321,1.739e-05,4.818e-06,0.161
    1320,    1380,0.004125,0.006638,0.02187,1.261e-25,1.094e-05,2.066e-05,0.0002085,4.51e-26,7.676e-06,0.001152,0.0007928,1.483e-07,0.08365,0.005099,0.01688,0.1316,1.722e-05,4.724e-06,0.161
    1380,    1440,0.0040766,0.0066,0.02177,1.242e-25,1.081e-05,2.047e-05,0.0002066,4.443e-26,7.537e-06,0.001143,0.0007869,1.463e-07,0.08334,0.005064,0.01682,0.1311,1.705e-05,4.637e-06,0.161
    1440,    1500,0.0040435,0.00656,0.02166,1.222e-25,1.067e-05,2.026e-05,0.0002046,4.373e-26,7.39e-06,0.001133,0.0007806,1.441e-07,0.08299,0.005026,0.01676,0.1306,1.687e-05,4.545e-06,0.161
    1500,    1560,0.0040145,0.006519,0.02155,1.202e-25,1.054e-05,2.005e-05,0.0002026,4.305e-26,7.245e-06,0.001123,0.0007742,1.419e-07,0.08265,0.004988,0.01671,0.1301,1.67e-05,4.454e-06,0.161
    1560,    1620,0.0039817,0.006481,0.02144,1.184e-25,1.041e-05,1.985e-05,0.0002007,4.242e-26,7.11e-06,0.001114,0.0007682,1.399e-07,0.08231,0.004951,0.01665,0.1296,1.653e-05,4.369e-06,0.161
    1620,    1680,0.0039411,0.006439,0.02133,1.165e-25,1.028e-05,1.965e-05,0.0001987,4.176e-26,6.968e-06,0.001104,0.0007617,1.378e-07,0.08196,0.004913,0.01659,0.1291,1.635e-05,4.281e-06,0.161
    1680,    1740,0.0038991,0.006398,0.02121,1.146e-25,1.014e-05,1.944e-05,0.0001967,4.112e-26,6.827e-06,0.001094,0.0007553,1.356e-07,0.0816,0.004874,0.01653,0.1285,1.618e-05,4.193e-06,0.161
    1740,    1800,0.0038654,0.006359,0.02111,1.129e-25,1.001e-05,1.924e-05,0.0001948,4.052e-26,6.696e-06,0.001085,0.0007492,1.336e-07,0.08126,0.004838,0.01647,0.128,1.601e-05,4.111e-06,0.161
    1800,    1860,0.0038065,0.006316,0.02099,1.111e-25,9.879e-06,1.903e-05,0.0001927,3.99e-26,6.558e-06,0.001075,0.0007426,1.315e-07,0.08089,0.004798,0.01641,0.1275,1.583e-05,4.025e-06,0.161
    1860,    1920,0.0037626,0.006274,0.02087,1.093e-25,9.745e-06,1.882e-05,0.0001907,3.929e-26,6.422e-06,0.001065,0.000736,1.294e-07,0.08052,0.004759,0.01634,0.1269,1.565e-05,3.94e-06,0.161
    1920,    1980,0.00372,0.006233,0.02076,1.077e-25,9.619e-06,1.862e-05,0.0001888,3.872e-26,6.295e-06,0.001056,0.0007298,1.275e-07,0.08017,0.004721,0.01628,0.1264,1.548e-05,3.862e-06,0.161
    1980,    2040,0.0036771,0.00619,0.02064,1.06e-25,9.486e-06,1.841e-05,0.0001867,3.813e-26,6.162e-06,0.001046,0.0007232,1.254e-07,0.07979,0.004682,0.01622,0.1258,1.531e-05,3.779e-06,0.161
    2040,    2100,0.0036134,0.006147,0.02052,1.043e-25,9.352e-06,1.82e-05,0.0001847,3.755e-26,6.031e-06,0.001036,0.0007166,1.233e-07,0.07941,0.004642,0.01615,0.1253,1.513e-05,3.697e-06,0.161
    2100,    2160,0.0035552,0.006105,0.0204,1.028e-25,9.227e-06,1.8e-05,0.0001828,3.702e-26,5.908e-06,0.001026,0.0007103,1.214e-07,0.07904,0.004604,0.01609,0.1247,1.496e-05,3.621e-06,0.161
    2160,    2220,0.0034916,0.006061,0.02028,1.012e-25,9.095e-06,1.779e-05,0.0001807,3.646e-26,5.78e-06,0.001016,0.0007035,1.194e-07,0.07865,0.004563,0.01602,0.1241,1.478e-05,3.542e-06,0.161
    2220,    2280,0.0035025,0.006017,0.02015,9.961e-26,8.962e-06,1.758e-05,0.0001787,3.591e-26,5.653e-06,0.001006,0.0006968,1.174e-07,0.07825,0.004522,0.01595,0.1235,1.46e-05,3.463e-06,0.161
    2280,    2340,0.003485,0.005974,0.02004,9.816e-26,8.838e-06,1.738e-05,0.0001767,3.54e-26,5.535e-06,0.0009961,0.0006904,1.155e-07,0.07788,0.004484,0.01588,0.123,1.444e-05,3.39e-06,0.161
    2340,    2400,0.0034527,0.005929,0.01991,9.664e-26,8.707e-06,1.717e-05,0.0001747,3.487e-26,5.411e-06,0.0009859,0.0006836,1.135e-07,0.07747,0.004442,0.01581,0.1224,1.426e-05,3.314e-06,0.161
    2400,    2460,0.0034274,0.005884,0.01978,9.514e-26,8.576e-06,1.695e-05,0.0001726,3.435e-26,5.289e-06,0.0009756,0.0006768,1.115e-07,0.07706,0.004401,0.01574,0.1218,1.408e-05,3.238e-06,0.161
    2460,    2520,0.0034043,0.005841,0.01966,9.376e-26,8.453e-06,1.676e-05,0.0001707,3.387e-26,5.175e-06,0.0009659,0.0006703,1.096e-07,0.07667,0.004362,0.01567,0.1212,1.391e-05,3.169e-06,0.161
    2520,    2580,0.0033688,0.005794,0.01953,9.231e-26,8.323e-06,1.654e-05,0.0001686,3.336e-26,5.056e-06,0.0009555,0.0006634,1.077e-07,0.07625,0.00432,0.0156,0.1205,1.374e-05,3.095e-06,0.161
    2580,    2640,0.003341,0.005748,0.01939,9.089e-26,8.193e-06,1.633e-05,0.0001665,3.287e-26,4.939e-06,0.0009451,0.0006565,1.057e-07,0.07582,0.004278,0.01553,0.1199,1.356e-05,3.023e-06,0.161
    2640,    2700,0.0032973,0.005703,0.01927,8.957e-26,8.072e-06,1.613e-05,0.0001646,3.241e-26,4.83e-06,0.0009353,0.0006499,1.039e-07,0.07542,0.004238,0.01546,0.1193,1.339e-05,2.956e-06,0.161
    2700,    2760,0.003261,0.005656,0.01913,8.819e-26,7.943e-06,1.592e-05,0.0001625,3.193e-26,4.715e-06,0.0009249,0.0006429,1.02e-07,0.07499,0.004195,0.01538,0.1186,1.321e-05,2.886e-06,0.161
    2760,    2820,0.0032156,0.005609,0.019,8.684e-26,7.815e-06,1.571e-05,0.0001605,3.146e-26,4.603e-06,0.0009144,0.0006359,1.001e-07,0.07455,0.004153,0.01531,0.118,1.304e-05,2.817e-06,0.161
    2820,    2880,0.0031634,0.005563,0.01887,8.559e-26,7.695e-06,1.551e-05,0.0001585,3.102e-26,4.498e-06,0.0009046,0.0006293,9.837e-08,0.07413,0.004112,0.01523,0.1174,1.287e-05,2.753e-06,0.161
    2880,    2940,0.0031175,0.005515,0.01873,8.427e-26,7.567e-06,1.53e-05,0.0001564,3.056e-26,4.388e-06,0.000894,0.0006223,9.65e-08,0.07368,0.004069,0.01515,0.1167,1.269e-05,2.685e-06,0.161
    2940,    3000,0.003077,0.005466,0.01859,8.298e-26,7.441e-06,1.508e-05,0.0001544,3.011e-26,4.28e-06,0.0008835,0.0006152,9.465e-08,0.07322,0.004026,0.01507,0.116,1.251e-05,2.619e-06,0.161
    3000,    3060,0.0030468,0.00542,0.01846,8.179e-26,7.323e-06,1.488e-05,0.0001524,2.969e-26,4.18e-06,0.0008736,0.0006085,9.293e-08,0.07279,0.003985,0.015,0.1154,1.235e-05,2.558e-06,0.161
    3060,    3120,0.0030258,0.005371,0.01831,8.055e-26,7.197e-06,1.467e-05,0.0001504,2.926e-26,4.076e-06,0.000863,0.0006014,9.112e-08,0.07233,0.003941,0.01492,0.1147,1.217e-05,2.494e-06,0.161
    3120,    3180,0.003011,0.005321,0.01817,7.932e-26,7.073e-06,1.446e-05,0.0001483,2.883e-26,3.973e-06,0.0008524,0.0005942,8.932e-08,0.07185,0.003897,0.01484,0.1139,1.2e-05,2.432e-06,0.161
    3180,    3240,0.0029694,0.005274,0.01803,7.819e-26,6.956e-06,1.426e-05,0.0001463,2.843e-26,3.877e-06,0.0008424,0.0005875,8.764e-08,0.07141,0.003856,0.01475,0.1133,1.183e-05,2.374e-06,0.161
    3240,    3300,0.0029179,0.005224,0.01789,7.7e-26,6.832e-06,1.405e-05,0.0001443,2.801e-26,3.777e-06,0.0008317,0.0005803,8.587e-08,0.07092,0.003811,0.01467,0.1125,1.166e-05,2.313e-06,0.161
    3300,    3360,0.0028752,0.005173,0.01774,7.583e-26,6.71e-06,1.384e-05,0.0001422,2.76e-26,3.679e-06,0.0008211,0.0005732,8.412e-08,0.07044,0.003768,0.01458,0.1118,1.148e-05,2.253e-06,0.161
    3360,    3420,0.0028238,0.005125,0.0176,7.475e-26,6.593e-06,1.364e-05,0.0001403,2.722e-26,3.588e-06,0.0008111,0.0005663,8.248e-08,0.06997,0.003725,0.0145,0.1111,1.132e-05,2.198e-06,0.161
    3420,    3480,0.0027818,0.005073,0.01745,7.361e-26,6.476e-06,1.344e-05,0.0001382,2.682e-26,3.494e-06,0.0008004,0.0005589,8.081e-08,0.06948,0.00368,0.01441,0.1104,1.114e-05,2.141e-06,0.161
    3480,    3540,0.0027465,0.00502,0.01729,7.249e-26,6.353e-06,1.323e-05,0.0001361,2.643e-26,3.398e-06,0.0007896,0.0005517,7.906e-08,0.06897,0.003634,0.01432,0.1096,1.097e-05,2.083e-06,0.161
    3540,    3600,0.002721,0.004969,0.01714,7.146e-26,6.24e-06,1.303e-05,0.0001341,2.607e-26,3.312e-06,0.000779,0.0005444,7.747e-08,0.0685,0.00359,0.01424,0.1089,1.08e-05,2.031e-06,0.161
    3600,    3660,0.0027009,0.004918,0.01699,7.037e-26,6.125e-06,1.28e-05,0.000132,2.568e-26,3.223e-06,0.0007676,0.0005366,7.582e-08,0.06797,0.003544,0.01415,0.1081,1.062e-05,1.976e-06,0.161
    3660,    3720,0.002674,0.004867,0.01684,6.93e-26,6.005e-06,1.262e-05,0.0001301,2.531e-26,3.133e-06,0.0007582,0.0005303,7.417e-08,0.06745,0.003503,0.01405,0.1073,1.046e-05,1.922e-06,0.161
    3720,    3780,0.0026495,0.004817,0.01669,6.831e-26,5.893e-06,1.242e-05,0.0001282,2.496e-26,3.052e-06,0.0007481,0.0005234,7.265e-08,0.06696,0.00346,0.01396,0.1066,1.03e-05,1.873e-06,0.161
    3780,    3840,0.0026154,0.004764,0.01653,6.727e-26,5.778e-06,1.221e-05,0.0001262,2.459e-26,2.966e-06,0.0007373,0.0005161,7.105e-08,0.06642,0.003414,0.01387,0.1057,1.013e-05,1.821e-06,0.161
    3840,    3900,0.0025762,0.00471,0.01637,6.624e-26,5.661e-06,1.201e-05,0.0001241,2.423e-26,2.883e-06,0.0007265,0.0005087,6.944e-08,0.06588,0.003368,0.01377,0.1049,9.959e-06,1.771e-06,0.161
    3900,    3960,0.0025341,0.004658,0.01622,6.529e-26,5.554e-06,1.181e-05,0.0001222,2.39e-26,2.805e-06,0.0007164,0.0005018,6.796e-08,0.06536,0.003325,0.01368,0.1041,9.799e-06,1.724e-06,0.161
    3960,    4020,0.0024906,0.004604,0.01605,6.43e-26,5.44e-06,1.161e-05,0.0001202,2.355e-26,2.724e-06,0.0007057,0.0004944,6.641e-08,0.06481,0.003278,0.01358,0.1033,9.63e-06,1.675e-06,0.161
    4020,    4080,0.0024513,0.004549,0.01589,6.332e-26,5.328e-06,1.141e-05,0.0001182,2.32e-26,2.645e-06,0.0006949,0.000487,6.488e-08,0.06425,0.003232,0.01348,0.1025,9.462e-06,1.628e-06,0.161
    4080,    4140,0.0024123,0.004497,0.01573,6.241e-26,5.222e-06,1.122e-05,0.0001163,2.288e-26,2.571e-06,0.0006848,0.0004801,6.344e-08,0.06372,0.003189,0.01338,0.1016,9.304e-06,1.583e-06,0.161
    4140,    4200,0.0023735,0.004442,0.01556,6.146e-26,5.111e-06,1.102e-05,0.0001143,2.255e-26,2.495e-06,0.0006741,0.0004727,6.195e-08,0.06314,0.003142,0.01328,0.1008,9.137e-06,1.538e-06,0.161
    4200,    4260,0.0023316,0.004386,0.01539,6.052e-26,5.002e-06,1.081e-05,0.0001123,2.221e-26,2.42e-06,0.0006634,0.0004653,6.047e-08,0.06256,0.003096,0.01317,0.0999,8.971e-06,1.493e-06,0.161
    4260,    4320,0.0022893,0.004333,0.01523,5.964e-26,4.899e-06,1.063e-05,0.0001104,2.191e-26,2.351e-06,0.0006532,0.0004584,5.909e-08,0.06201,0.003052,0.01307,0.09906,8.815e-06,1.451e-06,0.161
    4320,    4380,0.0022643,0.004277,0.01506,5.873e-26,4.791e-06,1.043e-05,0.0001084,2.158e-26,2.28e-06,0.0006425,0.000451,5.765e-08,0.06142,0.003005,0.01297,0.09816,8.65e-06,1.408e-06,0.161
    4380,    4440,0.0022329,0.00422,0.01488,5.783e-26,4.685e-06,1.023e-05,0.0001064,2.126e-26,2.21e-06,0.0006318,0.0004436,5.624e-08,0.06082,0.002958,0.01286,0.09724,8.487e-06,1.366e-06,0.161
    4440,    4500,0.0022008,0.004167,0.01472,5.699e-26,4.585e-06,1.004e-05,0.0001046,2.097e-26,2.145e-06,0.0006218,0.0004366,5.491e-08,0.06024,0.002914,0.01275,0.09637,8.333e-06,1.328e-06,0.161
    4500,    4560,0.0021648,0.004109,0.01454,5.611e-26,4.481e-06,9.849e-06,0.0001026,2.066e-26,2.078e-06,0.0006111,0.0004292,5.354e-08,0.05963,0.002867,0.01264,0.09544,8.172e-06,1.287e-06,0.161
    4560,    4620,0.0021188,0.004051,0.01436,5.524e-26,4.377e-06,9.654e-06,0.0001007,2.035e-26,2.012e-06,0.0006004,0.0004218,5.217e-08,0.05901,0.00282,0.01253,0.09448,8.01e-06,1.248e-06,0.161
    4620,    4680,0.0020779,0.003997,0.01419,5.443e-26,4.281e-06,9.472e-06,9.883e-05,2.006e-26,1.952e-06,0.0005904,0.0004149,5.091e-08,0.05842,0.002776,0.01242,0.09358,7.86e-06,1.212e-06,0.161
    4680,    4740,0.0020423,0.003939,0.01401,5.358e-26,4.179e-06,9.28e-06,9.69e-05,1.976e-26,1.889e-06,0.0005798,0.0004075,4.959e-08,0.05778,0.002729,0.0123,0.09261,7.701e-06,1.174e-06,0.161
    4740,    4800,0.0020078,0.00388,0.01383,5.275e-26,4.079e-06,9.089e-06,9.498e-05,1.947e-26,1.827e-06,0.0005693,0.0004002,4.828e-08,0.05714,0.002682,0.01218,0.09163,7.543e-06,1.137e-06,0.161
    4800,    4860,0.0019776,0.003825,0.01366,5.198e-26,3.986e-06,8.911e-06,9.318e-05,1.919e-26,1.771e-06,0.0005593,0.0003933,4.708e-08,0.05653,0.002638,0.01207,0.09069,7.396e-06,1.103e-06,0.161
    4860,    4920,0.0019455,0.003766,0.01347,5.117e-26,3.888e-06,8.723e-06,9.128e-05,1.89e-26,1.713e-06,0.0005488,0.000386,4.582e-08,0.05587,0.002591,0.01195,0.08968,7.24e-06,1.068e-06,0.161
    4920,    4980,0.0019123,0.003707,0.01328,5.036e-26,3.792e-06,8.536e-06,8.939e-05,1.862e-26,1.655e-06,0.0005383,0.0003786,4.457e-08,0.0552,0.002544,0.01183,0.08866,7.085e-06,1.034e-06,0.161
