CampaignData_and_Merges/R0/CSL_MobileLab_Parked/raw/20240729/USOS-jNO2_MobileLabGround_20240729_R0.ict
52,1001
Waxman, E.; Rollins, A.; Zuraski, K.; Chace, W.
NOAA Chemical Sciences Laboratory
jNO2 filter radiometer on CSL Mobile Lab
AMMBEC / USOS
1, 1
2024,07,29, 2025,04,01
60
Time_Start, seconds, number_of_seconds_since_0000_UTC
20
1, 1, 1, 1, 1, 1, 1, 1, 1, 1, 1, 1, 1, 1, 1, 1, 1, 1, 1, 1
-9999, -9999, -9999, -9999, -9999, -9999, -9999, -9999, -9999, -9999, -9999, -9999, -9999, -9999, -9999, -9999, -9999, -9999, -9999, -9999
Time_Stop, seconds, number_of_seconds_since_0000_UTC
jNO2_meas, per second, photolysis rate of NO2 measured using a filter radiometer.
jBrCl, per second, photolysis rate of BrCl -> Br + Cl calculated in TUV for cloud-free sky with local AOD
jBr2, per second, photolysis rate of Br2 -> Br + Br calculated in TUV for cloud-free sky with local AOD
jCCl4, per second, photolysis rate of CCl4 -> Products calcualted in TUV for cloud-free sky with local AOD
jCH2Oa, per second, photolysis rate of CH2O -> H + HCO calculated in TUV for cloud-free sky with local AOD
jCH2Ob, per second, photolysis rate of CH2O -> H2 + CO calculated in TUV for cloud-free sky with local AOD
jClNO2, per second, photolysis rate of ClNO2 -> Cl + NO2 calculated in TUV for cloud-free sky with local AOD
jClOa, per second, photolysis rate of ClO -> Cl + O(1D) calculated in TUV for cloud-free sky with local AOD
jClOb, per second, photolysis rate of ClO -> Cl + O(3P) calculated in TUV for cloud-free sky with local AOD
jCl2, per second, photolysis rate of Cl2 -> Cl + Cl calculated in TUV for cloud-free sky with local AOD
jHNO2, per second, photolysis rate of HNO2 -> OH + NO calculated in TUV for cloud-free sky with local AOD
jHNO3, per second, photolysis rate of HNO3 -> OH + NO2 calculated in TUV for cloud-free sky with local AOD
jI2, per second, photolysis rate of I2 -> I + I calculated in TUV for cloud-free sky with local AOD
jNO2, per second, photolysis rate of NO2 -> NO + O(3P) calculated in TUV for cloud-free sky with local AOD
jNO3a, per second, photolysis rate of NO3 -> NO + O2 calculated in TUV for cloud-free sky with local AOD
jNO3b, per second, photolysis rate of NO3 -> NO2 + O(3P) calculated in TUV for cloud-free sky with local AOD
jN2O5, per second, photolysis rate of N2O5 -> NO3 + NO + O(3P) calculated in TUV for cloud-free sky with local AOD
jO3, per second, photolysis rate of O3 -> O2 + O(1D) calculated in TUV for cloud-free sky with local AOD
AOD_500nm, unitless, UTC daily mean AOD at 500 nm from an AERONET station located at 40.178 N, -112.452 E
0
18
PI_CONTACT_INFO: eleanor.waxman@noaa.gov
PLATFORM: CSL Mobile Lab, at ground site
LOCATION: Salt Lake City, UT
ASSOCIATED_DATA:
INSTRUMENT_INFO: jNO2 filter radiometer.  TUV calculations are for mobile van lat/lon/altitude assuming clear sky (cloud AOD = 0) and daily mean AOD.
DATA_INFO:
UNCERTAINTY: Data uncertainties are +/- 20%.  These come from uncertainties in radiometer angular response, radiometer thermal response, local interferences from clouds/aerosols/shadows etc.
ULOD_FLAG: -7777
ULOD_VALUE: N/A
LLOD_FLAG: -8888
LLOD_VALUE: N/A
DM_CONTACT_INFO: eleanor.waxman@noaa.gov
PROJECT_INFO: USOS Project, July - August 2024
STIPULATIONS_ON_USE: Users are strongly encouraged to contact the PI for proper data usage.
OTHER_COMMENTS: 
REVISION: R0
R0: final data
Time_Start, Time_Stop, jNO2_meas, jBrCl, jBr2, jCCl4, jCH2Oa, jCH2Ob, jClNO2, jClOa, jClOb, jCl2, jHNO2, jHNO3, jI2, jNO2, jNO3a, jNO3b, jN2O5, jO3, AOD_500nm
[from data line 1128]
   67680,   67740,0.0088195,0.01046,0.03139,8.655e-22,3.268e-05,4.794e-05,0.0004724,4.213e-22,5.023e-05,0.00229,0.001485,6.014e-07,0.111,0.009079,0.02132,0.1714,4.263e-05,3.313e-05,0.161
   67740,   67800,0.0088751,0.01046,0.03139,8.847e-22,3.27e-05,4.796e-05,0.0004726,4.307e-22,5.029e-05,0.00229,0.001486,6.02e-07,0.111,0.009082,0.02132,0.1714,4.266e-05,3.318e-05,0.161
   67800,   67860,0.0088689,0.01047,0.0314,9.027e-22,3.272e-05,4.798e-05,0.0004728,4.396e-22,5.035e-05,0.002291,0.001486,6.025e-07,0.111,0.009084,0.02132,0.1715,4.268e-05,3.322e-05,0.161
   67860,   67920,0.0088337,0.01047,0.0314,9.218e-22,3.274e-05,4.8e-05,0.0004731,4.489e-22,5.042e-05,0.002292,0.001487,6.031e-07,0.111,0.009087,0.02132,0.1715,4.27e-05,3.327e-05,0.161
   67920,   67980,0.0088068,0.01047,0.0314,9.408e-22,3.276e-05,4.802e-05,0.0004733,4.582e-22,5.048e-05,0.002293,0.001487,6.036e-07,0.111,0.00909,0.02132,0.1715,4.273e-05,3.331e-05,0.161
   67980,   68040,0.00886,0.01047,0.03141,9.585e-22,3.278e-05,4.804e-05,0.0004735,4.669e-22,5.054e-05,0.002294,0.001488,6.041e-07,0.111,0.009092,0.02132,0.1715,4.275e-05,3.335e-05,0.161
   68040,   68100,0.0088559,0.01047,0.03141,9.77e-22,3.28e-05,4.807e-05,0.0004737,4.76e-22,5.06e-05,0.002294,0.001488,6.046e-07,0.1111,0.009094,0.02132,0.1715,4.277e-05,3.339e-05,0.161
   68100,   68160,0.0088232,0.01048,0.03142,9.955e-22,3.282e-05,4.809e-05,0.0004739,4.851e-22,5.065e-05,0.002295,0.001488,6.051e-07,0.1111,0.009096,0.02132,0.1715,4.279e-05,3.343e-05,0.161
   68160,   68220,0.0088348,0.01048,0.03142,1.013e-21,3.284e-05,4.81e-05,0.0004741,4.936e-22,5.071e-05,0.002296,0.001489,6.056e-07,0.1111,0.009099,0.02133,0.1715,4.281e-05,3.347e-05,0.161
   68220,   68280,0.0088911,0.01048,0.03142,1.031e-21,3.285e-05,4.812e-05,0.0004742,5.025e-22,5.076e-05,0.002297,0.001489,6.061e-07,0.1111,0.009101,0.02133,0.1715,4.283e-05,3.35e-05,0.161
   68280,   68340,0.0089116,0.01048,0.03143,1.049e-21,3.287e-05,4.814e-05,0.0004744,5.113e-22,5.081e-05,0.002297,0.00149,6.065e-07,0.1111,0.009103,0.02133,0.1716,4.285e-05,3.354e-05,0.161
   68340,   68400,0.008858,0.01048,0.03143,1.065e-21,3.289e-05,4.816e-05,0.0004746,5.194e-22,5.086e-05,0.002298,0.00149,6.07e-07,0.1111,0.009105,0.02133,0.1716,4.287e-05,3.357e-05,0.161
   68400,   68460,0.0088393,0.01049,0.03143,1.082e-21,3.29e-05,4.818e-05,0.0004748,5.278e-22,5.091e-05,0.002298,0.00149,6.074e-07,0.1111,0.009107,0.02133,0.1716,4.288e-05,3.361e-05,0.161
   68460,   68520,0.0088792,0.01049,0.03144,1.099e-21,3.292e-05,4.819e-05,0.0004749,5.362e-22,5.096e-05,0.002299,0.001491,6.078e-07,0.1111,0.009109,0.02133,0.1716,4.29e-05,3.364e-05,0.161
   68520,   68580,0.0088706,0.01049,0.03144,1.115e-21,3.294e-05,4.821e-05,0.0004751,5.44e-22,5.1e-05,0.0023,0.001491,6.082e-07,0.1111,0.00911,0.02133,0.1716,4.292e-05,3.367e-05,0.161
   68580,   68640,0.0088777,0.01049,0.03144,1.132e-21,3.295e-05,4.822e-05,0.0004752,5.52e-22,5.105e-05,0.0023,0.001491,6.086e-07,0.1111,0.009112,0.02133,0.1716,4.293e-05,3.37e-05,0.161
   68640,   68700,0.0088752,0.01049,0.03145,1.148e-21,3.296e-05,4.824e-05,0.0004754,5.599e-22,5.109e-05,0.002301,0.001492,6.09e-07,0.1111,0.009114,0.02133,0.1716,4.295e-05,3.373e-05,0.161
   68700,   68760,0.0088945,0.01049,0.03145,1.162e-21,3.298e-05,4.825e-05,0.0004755,5.67e-22,5.113e-05,0.002301,0.001492,6.093e-07,0.1111,0.009115,0.02134,0.1716,4.296e-05,3.376e-05,0.161
   68760,   68820,0.0088767,0.01049,0.03145,1.177e-21,3.299e-05,4.827e-05,0.0004756,5.745e-22,5.117e-05,0.002302,0.001492,6.096e-07,0.1111,0.009117,0.02134,0.1716,4.298e-05,3.379e-05,0.161
   68820,   68880,0.0088621,0.01049,0.03145,1.192e-21,3.3e-05,4.828e-05,0.0004758,5.817e-22,5.121e-05,0.002302,0.001492,6.1e-07,0.1112,0.009118,0.02134,0.1716,4.299e-05,3.381e-05,0.161
   68880,   68940,0.0088642,0.0105,0.03146,1.205e-21,3.302e-05,4.829e-05,0.0004759,5.884e-22,5.124e-05,0.002303,0.001493,6.103e-07,0.1112,0.00912,0.02134,0.1716,4.301e-05,3.384e-05,0.161
   68940,   69000,0.0088747,0.0105,0.03146,1.219e-21,3.303e-05,4.83e-05,0.000476,5.952e-22,5.128e-05,0.002303,0.001493,6.106e-07,0.1112,0.009121,0.02134,0.1717,4.302e-05,3.386e-05,0.161
   69000,   69060,0.0088866,0.0105,0.03146,1.233e-21,3.304e-05,4.831e-05,0.0004761,6.018e-22,5.131e-05,0.002304,0.001493,6.109e-07,0.1112,0.009122,0.02134,0.1717,4.303e-05,3.388e-05,0.161
   69060,   69120,0.0088903,0.0105,0.03146,1.245e-21,3.305e-05,4.832e-05,0.0004762,6.076e-22,5.134e-05,0.002304,0.001493,6.111e-07,0.1112,0.009124,0.02134,0.1717,4.304e-05,3.39e-05,0.161
   69120,   69180,0.0088966,0.0105,0.03147,1.257e-21,3.306e-05,4.834e-05,0.0004763,6.137e-22,5.137e-05,0.002304,0.001494,6.114e-07,0.1112,0.009125,0.02134,0.1717,4.305e-05,3.393e-05,0.161
   69180,   69240,0.0089175,0.0105,0.03147,1.269e-21,3.307e-05,4.835e-05,0.0004764,6.195e-22,5.14e-05,0.002305,0.001494,6.117e-07,0.1112,0.009126,0.02134,0.1717,4.306e-05,3.395e-05,0.161
   69240,   69300,0.0089046,0.0105,0.03147,1.279e-21,3.308e-05,4.835e-05,0.0004765,6.247e-22,5.143e-05,0.002305,0.001494,6.119e-07,0.1112,0.009127,0.02134,0.1717,4.307e-05,3.396e-05,0.161
   69300,   69360,0.008894,0.0105,0.03147,1.29e-21,3.308e-05,4.836e-05,0.0004766,6.299e-22,5.145e-05,0.002305,0.001494,6.121e-07,0.1112,0.009128,0.02134,0.1717,4.308e-05,3.398e-05,0.161
   69360,   69420,0.0088897,0.0105,0.03147,1.3e-21,3.309e-05,4.837e-05,0.0004767,6.348e-22,5.148e-05,0.002306,0.001494,6.123e-07,0.1112,0.009129,0.02134,0.1717,4.309e-05,3.4e-05,0.161
   69420,   69480,0.0088655,0.0105,0.03147,1.309e-21,3.31e-05,4.838e-05,0.0004767,6.391e-22,5.15e-05,0.002306,0.001495,6.125e-07,0.1112,0.00913,0.02134,0.1717,4.31e-05,3.401e-05,0.161
   69480,   69540,0.0088954,0.0105,0.03148,1.317e-21,3.311e-05,4.839e-05,0.0004768,6.435e-22,5.152e-05,0.002306,0.001495,6.127e-07,0.1112,0.009131,0.02134,0.1717,4.31e-05,3.403e-05,0.161
   69540,   69600,0.0088907,0.01051,0.03148,1.326e-21,3.311e-05,4.839e-05,0.0004769,6.475e-22,5.154e-05,0.002307,0.001495,6.128e-07,0.1112,0.009131,0.02134,0.1717,4.311e-05,3.404e-05,0.161
   69600,   69660,0.0088714,0.01051,0.03148,1.333e-21,3.312e-05,4.84e-05,0.0004769,6.511e-22,5.156e-05,0.002307,0.001495,6.13e-07,0.1112,0.009132,0.02134,0.1717,4.312e-05,3.405e-05,0.161
   69660,   69720,0.0088677,0.01051,0.03148,1.34e-21,3.312e-05,4.84e-05,0.000477,6.545e-22,5.157e-05,0.002307,0.001495,6.131e-07,0.1112,0.009133,0.02134,0.1717,4.312e-05,3.406e-05,0.161
   69720,   69780,0.0088647,0.01051,0.03148,1.346e-21,3.313e-05,4.841e-05,0.000477,6.574e-22,5.159e-05,0.002307,0.001495,6.133e-07,0.1112,0.009133,0.02134,0.1717,4.313e-05,3.407e-05,0.161
   69780,   69840,0.0089097,0.01051,0.03148,1.351e-21,3.313e-05,4.841e-05,0.0004771,6.6e-22,5.16e-05,0.002307,0.001495,6.134e-07,0.1112,0.009134,0.02135,0.1717,4.313e-05,3.408e-05,0.161
   69840,   69900,0.0089647,0.01051,0.03148,1.356e-21,3.314e-05,4.842e-05,0.0004771,6.624e-22,5.161e-05,0.002307,0.001495,6.135e-07,0.1112,0.009134,0.02135,0.1717,4.314e-05,3.409e-05,0.161
   69900,   69960,0.0089855,0.01051,0.03148,1.36e-21,3.314e-05,4.842e-05,0.0004772,6.645e-22,5.162e-05,0.002308,0.001495,6.135e-07,0.1112,0.009134,0.02135,0.1717,4.314e-05,3.409e-05,0.161
   69960,   70020,0.0089767,0.01051,0.03148,1.363e-21,3.314e-05,4.842e-05,0.0004772,6.661e-22,5.163e-05,0.002308,0.001495,6.136e-07,0.1112,0.009135,0.02135,0.1717,4.314e-05,3.41e-05,0.161
   70020,   70080,0.0089805,0.01051,0.03148,1.366e-21,3.314e-05,4.842e-05,0.0004772,6.675e-22,5.163e-05,0.002308,0.001495,6.137e-07,0.1112,0.009135,0.02135,0.1717,4.315e-05,3.41e-05,0.161
   70080,   70140,0.0089617,0.01051,0.03148,1.368e-21,3.315e-05,4.843e-05,0.0004772,6.684e-22,5.164e-05,0.002308,0.001495,6.137e-07,0.1112,0.009135,0.02135,0.1717,4.315e-05,3.411e-05,0.161
   70140,   70200,0.008949,0.01051,0.03148,1.369e-21,3.315e-05,4.843e-05,0.0004772,6.69e-22,5.164e-05,0.002308,0.001496,6.137e-07,0.1112,0.009135,0.02135,0.1717,4.315e-05,3.411e-05,0.161
   70200,   70260,0.0089497,0.01051,0.03148,1.37e-21,3.315e-05,4.843e-05,0.0004772,6.694e-22,5.164e-05,0.002308,0.001496,6.137e-07,0.1112,0.009135,0.02135,0.1717,4.315e-05,3.411e-05,0.161
   70260,   70320,0.0089551,0.01051,0.03148,1.37e-21,3.315e-05,4.843e-05,0.0004772,6.693e-22,5.164e-05,0.002308,0.001496,6.137e-07,0.1112,0.009135,0.02135,0.1717,4.315e-05,3.411e-05,0.161
   70320,   70380,0.008939,0.01051,0.03148,1.369e-21,3.315e-05,4.843e-05,0.0004772,6.69e-22,5.164e-05,0.002308,0.001496,6.137e-07,0.1112,0.009135,0.02135,0.1717,4.315e-05,3.411e-05,0.161
   70380,   70440,0.0089634,0.01051,0.03148,1.368e-21,3.315e-05,4.843e-05,0.0004772,6.681e-22,5.164e-05,0.002308,0.001495,6.137e-07,0.1112,0.009135,0.02135,0.1717,4.315e-05,3.411e-05,0.161
   70440,   70500,0.008987,0.01051,0.03148,1.365e-21,3.314e-05,4.842e-05,0.0004772,6.671e-22,5.163e-05,0.002308,0.001495,6.136e-07,0.1112,0.009135,0.02135,0.1717,4.314e-05,3.41e-05,0.161
   70500,   70560,0.0090279,0.01051,0.03148,1.363e-21,3.314e-05,4.842e-05,0.0004772,6.658e-22,5.163e-05,0.002308,0.001495,6.136e-07,0.1112,0.009135,0.02135,0.1717,4.314e-05,3.41e-05,0.161
   70560,   70620,0.009068,0.01051,0.03148,1.359e-21,3.314e-05,4.842e-05,0.0004771,6.64e-22,5.162e-05,0.002308,0.001495,6.135e-07,0.1112,0.009134,0.02135,0.1717,4.314e-05,3.409e-05,0.161
   70620,   70680,0.0090258,0.01051,0.03148,1.355e-21,3.314e-05,4.842e-05,0.0004771,6.619e-22,5.161e-05,0.002307,0.001495,6.134e-07,0.1112,0.009134,0.02135,0.1717,4.314e-05,3.409e-05,0.161
   70680,   70740,0.0090238,0.01051,0.03148,1.35e-21,3.313e-05,4.841e-05,0.0004771,6.596e-22,5.16e-05,0.002307,0.001495,6.133e-07,0.1112,0.009134,0.02135,0.1717,4.313e-05,3.408e-05,0.161
   70740,   70800,0.0090312,0.01051,0.03148,1.344e-21,3.313e-05,4.841e-05,0.000477,6.567e-22,5.158e-05,0.002307,0.001495,6.132e-07,0.1112,0.009133,0.02134,0.1717,4.313e-05,3.407e-05,0.161
   70800,   70860,0.0090493,0.01051,0.03148,1.338e-21,3.312e-05,4.84e-05,0.000477,6.536e-22,5.157e-05,0.002307,0.001495,6.131e-07,0.1112,0.009132,0.02134,0.1717,4.312e-05,3.406e-05,0.161
   70860,   70920,0.0090563,0.01051,0.03148,1.331e-21,3.312e-05,4.84e-05,0.0004769,6.504e-22,5.155e-05,0.002307,0.001495,6.13e-07,0.1112,0.009132,0.02134,0.1717,4.312e-05,3.405e-05,0.161
   70920,   70980,0.0090314,0.01051,0.03148,1.324e-21,3.311e-05,4.839e-05,0.0004769,6.466e-22,5.154e-05,0.002306,0.001495,6.128e-07,0.1112,0.009131,0.02134,0.1717,4.311e-05,3.404e-05,0.161
   70980,   71040,0.0089844,0.0105,0.03147,1.316e-21,3.311e-05,4.838e-05,0.0004768,6.426e-22,5.152e-05,0.002306,0.001495,6.126e-07,0.1112,0.00913,0.02134,0.1717,4.31e-05,3.402e-05,0.161
   71040,   71100,0.0089853,0.0105,0.03147,1.307e-21,3.31e-05,4.838e-05,0.0004767,6.385e-22,5.15e-05,0.002306,0.001494,6.125e-07,0.1112,0.00913,0.02134,0.1717,4.31e-05,3.401e-05,0.161
   71100,   71160,0.0090214,0.0105,0.03147,1.297e-21,3.309e-05,4.837e-05,0.0004767,6.336e-22,5.147e-05,0.002306,0.001494,6.123e-07,0.1112,0.009129,0.02134,0.1717,4.309e-05,3.399e-05,0.161
   71160,   71220,0.0090025,0.0105,0.03147,1.287e-21,3.308e-05,4.836e-05,0.0004766,6.287e-22,5.145e-05,0.002305,0.001494,6.121e-07,0.1112,0.009128,0.02134,0.1717,4.308e-05,3.398e-05,0.161
   71220,   71280,0.0090448,0.0105,0.03147,1.277e-21,3.307e-05,4.835e-05,0.0004765,6.237e-22,5.142e-05,0.002305,0.001494,6.118e-07,0.1112,0.009127,0.02134,0.1717,4.307e-05,3.396e-05,0.161
   71280,   71340,0.0090075,0.0105,0.03147,1.266e-21,3.307e-05,4.834e-05,0.0004764,6.182e-22,5.14e-05,0.002305,0.001494,6.116e-07,0.1112,0.009126,0.02134,0.1717,4.306e-05,3.394e-05,0.161
   71340,   71400,0.0089579,0.0105,0.03147,1.254e-21,3.306e-05,4.833e-05,0.0004763,6.124e-22,5.137e-05,0.002304,0.001494,6.114e-07,0.1112,0.009125,0.02134,0.1717,4.305e-05,3.392e-05,0.161
   71400,   71460,0.0088952,0.0105,0.03146,1.242e-21,3.305e-05,4.832e-05,0.0004762,6.065e-22,5.134e-05,0.002304,0.001493,6.111e-07,0.1112,0.009123,0.02134,0.1717,4.304e-05,3.39e-05,0.161
   71460,   71520,0.0089491,0.0105,0.03146,1.229e-21,3.304e-05,4.831e-05,0.0004761,6.002e-22,5.131e-05,0.002304,0.001493,6.108e-07,0.1112,0.009122,0.02134,0.1717,4.303e-05,3.388e-05,0.161
   71520,   71580,0.0090408,0.0105,0.03146,1.216e-21,3.302e-05,4.83e-05,0.000476,5.936e-22,5.127e-05,0.002303,0.001493,6.105e-07,0.1112,0.009121,0.02134,0.1717,4.302e-05,3.385e-05,0.161
   71580,   71640,0.009069,0.0105,0.03146,1.203e-21,3.301e-05,4.829e-05,0.0004759,5.872e-22,5.124e-05,0.002303,0.001493,6.102e-07,0.1112,0.00912,0.02134,0.1716,4.3e-05,3.383e-05,0.161
   71640,   71700,0.0090623,0.01049,0.03145,1.189e-21,3.3e-05,4.828e-05,0.0004757,5.801e-22,5.12e-05,0.002302,0.001492,6.099e-07,0.1112,0.009118,0.02134,0.1716,4.299e-05,3.381e-05,0.161
   71700,   71760,0.0090934,0.01049,0.03145,1.174e-21,3.299e-05,4.826e-05,0.0004756,5.728e-22,5.116e-05,0.002302,0.001492,6.096e-07,0.1111,0.009117,0.02134,0.1716,4.298e-05,3.378e-05,0.161
   71760,   71820,0.0090436,0.01049,0.03145,1.159e-21,3.298e-05,4.825e-05,0.0004755,5.657e-22,5.112e-05,0.002301,0.001492,6.092e-07,0.1111,0.009115,0.02134,0.1716,4.296e-05,3.375e-05,0.161
   71820,   71880,0.0089616,0.01049,0.03145,1.144e-21,3.296e-05,4.823e-05,0.0004753,5.58e-22,5.108e-05,0.002301,0.001492,6.089e-07,0.1111,0.009113,0.02133,0.1716,4.295e-05,3.372e-05,0.161
   71880,   71940,0.0089595,0.01049,0.03144,1.128e-21,3.295e-05,4.822e-05,0.0004752,5.501e-22,5.104e-05,0.0023,0.001491,6.085e-07,0.1111,0.009112,0.02133,0.1716,4.293e-05,3.369e-05,0.161
   71940,   72000,0.0089326,0.01049,0.03144,1.112e-21,3.293e-05,4.82e-05,0.000475,5.425e-22,5.1e-05,0.0023,0.001491,6.081e-07,0.1111,0.00911,0.02133,0.1716,4.292e-05,3.366e-05,0.161
   72000,   72060,0.0089251,0.01049,0.03144,1.096e-21,3.292e-05,4.819e-05,0.0004749,5.343e-22,5.095e-05,0.002299,0.001491,6.077e-07,0.1111,0.009108,0.02133,0.1716,4.29e-05,3.363e-05,0.161
   72060,   72120,0.008881,0.01048,0.03143,1.078e-21,3.29e-05,4.817e-05,0.0004747,5.258e-22,5.09e-05,0.002298,0.00149,6.073e-07,0.1111,0.009106,0.02133,0.1716,4.288e-05,3.36e-05,0.161
   72120,   72180,0.0088502,0.01048,0.03143,1.062e-21,3.289e-05,4.816e-05,0.0004746,5.178e-22,5.085e-05,0.002298,0.00149,6.069e-07,0.1111,0.009104,0.02133,0.1716,4.286e-05,3.357e-05,0.161
   72180,   72240,0.0088721,0.01048,0.03143,1.044e-21,3.287e-05,4.814e-05,0.0004744,5.092e-22,5.08e-05,0.002297,0.00149,6.064e-07,0.1111,0.009102,0.02133,0.1716,4.285e-05,3.353e-05,0.161
   72240,   72300,0.0089776,0.01048,0.03142,1.027e-21,3.285e-05,4.812e-05,0.0004742,5.004e-22,5.075e-05,0.002296,0.001489,6.06e-07,0.1111,0.0091,0.02133,0.1715,4.283e-05,3.349e-05,0.161
   72300,   72360,0.0088772,0.01048,0.03142,1.01e-21,3.283e-05,4.81e-05,0.000474,4.92e-22,5.07e-05,0.002296,0.001489,6.055e-07,0.1111,0.009098,0.02133,0.1715,4.281e-05,3.346e-05,0.161
   72360,   72420,0.0089774,0.01048,0.03142,9.913e-22,3.281e-05,4.808e-05,0.0004738,4.831e-22,5.064e-05,0.002295,0.001488,6.05e-07,0.1111,0.009096,0.02132,0.1715,4.279e-05,3.342e-05,0.161
   72420,   72480,0.0089743,0.01047,0.03141,9.726e-22,3.28e-05,4.806e-05,0.0004736,4.739e-22,5.058e-05,0.002294,0.001488,6.045e-07,0.1111,0.009094,0.02132,0.1715,4.277e-05,3.338e-05,0.161
   72480,   72540,0.0089971,0.01047,0.03141,9.55e-22,3.278e-05,4.804e-05,0.0004734,4.652e-22,5.053e-05,0.002294,0.001488,6.04e-07,0.111,0.009091,0.02132,0.1715,4.275e-05,3.334e-05,0.161
   72540,   72600,0.0090384,0.01047,0.0314,9.362e-22,3.276e-05,4.802e-05,0.0004732,4.56e-22,5.047e-05,0.002293,0.001487,6.035e-07,0.111,0.009089,0.02132,0.1715,4.272e-05,3.33e-05,0.161
   72600,   72660,0.009,0.01047,0.0314,9.173e-22,3.274e-05,4.8e-05,0.000473,4.467e-22,5.04e-05,0.002292,0.001487,6.03e-07,0.111,0.009087,0.02132,0.1715,4.27e-05,3.326e-05,0.161
   72660,   72720,0.0088586,0.01047,0.0314,8.994e-22,3.271e-05,4.798e-05,0.0004728,4.379e-22,5.034e-05,0.002291,0.001486,6.024e-07,0.111,0.009084,0.02132,0.1715,4.268e-05,3.322e-05,0.161
   72720,   72780,0.0087367,0.01046,0.03139,8.804e-22,3.269e-05,4.795e-05,0.0004726,4.286e-22,5.028e-05,0.00229,0.001486,6.019e-07,0.111,0.009081,0.02132,0.1714,4.265e-05,3.317e-05,0.161
