CampaignData_and_Merges/R0/CSL_MobileLab_Parked/raw/20240729/USOS-NOAAIodideCIMS-HNO3_MobileLabGround_20240729_RA.ict
33, 1001
Michael A Robinson, Chris Jernigan, Subi Thakali
NOAA ESRL Chemical Sciences Laboratory and CIRES, U. of Colorado
NOAA Iodide CIMS Instrument
USOS
1, 1
2024, 07, 29, 2024, 07, 30
1
starttime_UTC, seconds_past_midnight, seconds_of_day_since_00:00:00_UTC
1
1
-9999
HNO3_NOAACIMS, pptv, Gas_HNO3_InSitu_S_AVMR, 
0
18
PI_CONTACT_INFO: 325 Broadway, R/CSD 7, Boulder, Colorado 80305; michael.a.robinson@noaa.gov; chris.jernigan@noaa.gov;
PLATFORM: NOAA CSL Mobile Lab
LOCATION: SLC, Utah
ASSOCIATED_DATA: 1Hz data also available on request.
INSTRUMENT_INFO: NOAA I- ToF CIMS
DATA_INFO: All data in parts per trillion by volume (pptv). 1 Hz data is available upon request.
UNCERTAINTY: TBD
ULOD_FLAG: -7777
ULOD_VALUE: N/A
LLOD_FLAG: -8888
LLOD_VALUE: N/A
DM_CONTACT_INFO: Nathan Howard; nathan.h.howard@noaa.gov
PROJECT_INFO: USOS, summer 2024. https://csl.noaa.gov/groups/csl7/measurements/2024usos/
STIPULATIONS_ON_USE: Users are strongly encouraged to contact the PI for proper data usage.
OTHER_COMMENTS: 
REVISION: RA
RA: Preliminary Data; For in-field use only
starttime_UTC, HNO3_NOAACIMS
[from data line 1014]
 60840, 198.681
 60900, 197.335
 60960, 196.512
 61020, 197.539
 61080, 195.678
 61140, 197.236
 61200, 200.272
 61260, -9999.000
 61320, 192.445
 61380, 196.645
 61440, 202.236
 61500, 208.372
 61560, 202.674
 61620, 205.469
 61680, 207.109
 61740, 206.586
 61800, 208.556
 61860, 207.603
 61920, 210.304
 61980, 205.368
 62040, 218.118
 62100, 225.102
 62160, 224.475
 62220, 223.964
 62280, 231.849
 62340, 229.314
 62400, 234.254
 62460, 231.623
 62520, 227.404
 62580, 229.252
 62640, 233.212
 62700, 230.519
 62760, 224.416
 62820, 229.793
 62880, 226.582
 62940, 223.357
 63000, 229.886
 63060, 237.996
 63120, -9999.000
 63180, 237.877
 63240, 244.175
 63300, 250.076
 63360, 246.615
 63420, 236.876
 63480, 236.066
 63540, 241.167
 63600, 248.958
 63660, 234.226
 63720, 245.106
 63780, 252.618
 63840, 251.948
 63900, 250.864
 63960, 239.956
 64020, 242.589
 64080, 248.568
 64140, 241.778
 64200, 243.503
 64260, 248.683
 64320, 248.828
 64380, 248.415
 64440, 250.740
 64500, 252.685
 64560, 259.109
 64620, 260.486
 64680, 258.030
 64740, 260.128
 64800, 254.845
 64860, 256.112
 64920, 259.818
 64980, -9999.000
 65040, 240.308
 65100, 248.481
 65160, 246.642
 65220, 249.722
 65280, 250.761
 65340, 256.322
 65400, 257.189
 65460, 256.261
 65520, 259.160
 65580, 256.686
 65640, 260.121
 65700, 257.273
 65760, 252.785
 65820, 249.533
 65880, 253.200
 65940, 259.399
 66000, 258.984
 66060, 257.711
 66120, 257.302
 66180, 260.923
 66240, 258.390
 66300, 261.276
 66360, 263.278
 66420, 265.951
 66480, 268.325
 66540, 277.558
 66600, 281.442
 66660, 281.549
 66720, 284.243
 66780, 281.149
 66840, 267.141
 66900, 271.361
 66960, 271.619
 67020, 276.094
 67080, 280.960
 67140, 288.066
 67200, 279.721
 67260, 281.667
 67320, 283.507
 67380, 287.384
 67440, 287.601
 67500, 283.318
 67560, 293.875
 67620, 294.704
 67680, 289.149
 67740, 280.299
 67800, 277.548
 67860, 278.474
 67920, 285.178
 67980, 290.107
 68040, 283.620
 68100, 285.023
 68160, 281.311
 68220, 280.077
 68280, 267.017
 68340, 275.979
 68400, 266.965
 68460, 269.330
 68520, 258.132
 68580, 270.562
 68640, -9999.000
 68700, 264.500
 68760, 268.020
 68820, 275.155
 68880, 294.167
 68940, 282.544
 69000, 291.012
 69060, 295.240
 69120, 307.015
 69180, 311.295
 69240, 305.973
 69300, 298.039
 69360, 299.204
 69420, 294.179
 69480, 294.007
 69540, 290.852
 69600, 297.624
 69660, 292.727
 69720, 297.462
 69780, 287.266
 69840, 282.314
 69900, 270.172
 69960, 271.868
 70020, 273.698
 70080, 270.356
 70140, 267.542
 70200, 260.469
 70260, 261.866
 70320, 268.963
 70380, 270.784
 70440, 278.805
 70500, -9999.000
 70560, 250.489
 70620, 263.676
 70680, 257.142
 70740, 269.826
 70800, 267.673
 70860, 265.606
 70920, 275.363
 70980, 285.418
 71040, 291.560
 71100, 286.398
 71160, 274.881
 71220, 267.714
 71280, 266.468
 71340, 272.065
 71400, 267.423
 71460, 269.030
 71520, 267.888
 71580, 262.896
 71640, 258.987
 71700, 279.571
 71760, 280.339
 71820, 271.817
 71880, 265.298
 71940, 273.408
 72000, 278.834
 72060, 269.713
 72120, 270.143
 72180, 277.106
 72240, 279.547
 72300, 283.792
 72360, -9999.000
 72420, 262.867
 72480, 271.342
 72540, 269.909
 72600, 272.940
 72660, 280.258
 72720, 275.188
 72780, 264.573
 72840, 267.681
 72900, 259.117
 72960, 255.737
 73020, 250.816
 73080, 258.850
 73140, 257.261
 73200, 263.619
 73260, 253.751
 73320, 241.105
 73380, 251.734
 73440, 240.851
 73500, 251.437
 73560, 250.122
 73620, 245.463
 73680, 237.829
 73740, 240.634
 73800, 247.499
 73860, 239.563
 73920, 242.460
 73980, 246.890
 74040, 250.161
 74100, 255.214
 74160, 249.836
 74220, 255.163
 74280, 252.693
 74340, 250.285
 74400, 253.334
 74460, 244.600
 74520, 249.050
 74580, 250.303
 74640, 256.809
 74700, 262.848
 74760, 263.713
 74820, 260.035
 74880, 238.590
 74940, 256.023
 75000, 246.338
 75060, 248.445
 75120, 263.328
 75180, 247.133
 75240, 240.848
 75300, 245.760
 75360, 235.145
 75420, 231.380
 75480, 238.814
 75540, 245.432
 75600, 247.359
 75660, 248.264
 75720, 250.442
 75780, 245.113
 75840, 246.506
 75900, 244.097
 75960, 233.074
 76020, 237.120
 76080, 188.655
 76140, 216.097
 76200, 210.101
 76260, 220.650
 76320, 242.495
 76380, 233.858
 76440, 230.609
 76500, 229.475
 76560, 228.156
 76620, 238.593
 76680, 233.573
 76740, 217.559
 76800, 234.631
 76860, 239.321
 76920, 239.055
 76980, 240.884
 77040, 239.760
 77100, 246.637
 77160, 250.610
 77220, 242.579
 77280, 229.496
 77340, 249.534
 77400, 256.914
 77460, 254.188
 77520, 265.428
 77580, 263.467
 77640, 261.779
 77700, 251.783
 77760, 255.398
 77820, 257.471
 77880, 266.363
 77940, 242.664
 78000, 246.573
 78060, 267.593
 78120, 272.412
 78180, 270.562
 78240, 267.821
 78300, 288.280
 78360, 281.235
 78420, 282.398
 78480, 290.662
 78540, 289.050
 78600, 286.810
 78660, 299.035
 78720, 308.639
 78780, 308.484
 78840, 312.112
 78900, 313.030
 78960, 315.012
 79020, 309.688
 79080, 304.172
 79140, 294.175
 79200, 300.256
 79260, 339.636
 79320, 370.249
 79380, 372.318
 79440, 350.255
 79500, 331.161
 79560, 326.280
 79620, 318.059
 79680, 315.608
 79740, -9999.000
 79800, 299.827
 79860, 307.363
 79920, 317.362
 79980, 327.895
 80040, 332.795
 80100, 329.138
 80160, 325.647
 80220, 331.685
 80280, 328.338
 80340, 325.054
 80400, 318.976
 80460, 304.959
 80520, 315.285
 80580, 313.806
 80640, 282.122
 80700, 301.605
 80760, 351.710
 80820, 384.986
 80880, 403.330
 80940, 407.233
 81000, 433.785
 81060, 454.688
 81120, 444.392
 81180, 428.063
 81240, 390.301
 81300, 371.036
 81360, 350.981
 81420, 350.994
 81480, 354.705
 81540, 352.929
 81600, -9999.000
 81660, 349.345
 81720, 365.388
 81780, 371.085
 81840, 372.846
 81900, 372.610
 81960, 371.379
 82020, 393.050
 82080, 391.965
 82140, 397.241
 82200, 390.510
 82260, 362.760
 82320, 342.704
 82380, 330.696
 82440, 317.707
 82500, 313.739
 82560, 313.314
 82620, 320.910
 82680, 310.777
 82740, 305.202
 82800, 300.327
 82860, 290.580
 82920, 286.635
 82980, 286.823
 83040, 285.106
 83100, 290.783
 83160, 293.777
 83220, 285.495
 83280, 281.859
 83340, 299.479
 83400, 298.599
 83460, -9999.000
 83520, 301.415
 83580, 300.769
 83640, 317.045
 83700, 316.874
 83760, 321.303
 83820, 314.719
 83880, 327.640
 83940, 327.930
 84000, 332.664
 84060, 335.562
 84120, 324.957
 84180, 321.570
 84240, 325.824
 84300, 335.533
 84360, 324.214
 84420, 325.317
 84480, 337.822
 84540, 336.601
 84600, 327.249
 84660, 318.031
 84720, 316.810
 84780, 318.108
 84840, 292.142
 84900, 331.659
 84960, 361.691
 85020, 360.646
 85080, 350.180
 85140, 343.614
 85200, 300.481
 85260, 249.795
 85320, 286.601
 85380, 314.740
 85440, 317.590
 85500, 331.913
 85560, 347.529
 85620, 337.463
 85680, 323.475
 85740, 328.404
 85800, 327.762
 85860, 338.708
 85920, 338.772
 85980, 346.516
 86040, 336.340
 86100, 323.725
 86160, 323.083
 86220, 315.613
 86280, 307.412
 86340, 309.209
