CampaignData_and_Merges/R0/CSL_MobileLab_Parked/raw/20240729/USOS-POPS_MobileLabGround_20240729_R0.ict
78, 1001
Thornberry, T. D.
NOAA Chemical Sciences Laboratory
Portable Optical Particle Spectrometer (POPS)
USOS
1, 1
2024, 07, 29, 2025, 05, 08
60
Time_Start, seconds_past_midnight, Start time of measurement
45
1, 1, 1, 1, 1, 1, 1, 1, 1, 1, 1, 1, 1, 1, 1, 1, 1, 1, 1, 1, 1, 1, 1, 1, 1, 1, 1, 1, 1, 1, 1, 1, 1, 1, 1, 1, 1, 1, 1, 1, 1, 1, 1, 1, 1
-9999, -9999, -9999, -9999, -9999, -9999, -9999, -9999, -9999, -9999, -9999, -9999, -9999, -9999, -9999, -9999, -9999, -9999, -9999, -9999, -9999, -9999, -9999, -9999, -9999, -9999, -9999, -9999, -9999, -9999, -9999, -9999, -9999, -9999, -9999, -9999, -9999, -9999, -9999, -9999, -9999, -9999, -9999, -9999, -9999
Time_Stop, seconds_past_midnight, Stop time of measurement
Time_Mid, seconds_past_midnight, Mid time of measurement
Press_mb, mb, Pressure reported (mb)
Temp_C, degrees C, POPS temperature measurement
Aerosol_concentration, cm^-3, Aerosol concentration
Surface_Area_Conc, um^2 cm^-3, Surface area concentration
Volume_density, um^3 cm^-3, Volume density
Effective_radius, um, Effective radius
Extinction, km^-1, Extinction
Bin01, cm^-3, particle concentration in size range [1401 - 146.3 nm]
Bin02, cm^-3, particle concentration in size range [146.3 - 152.8 nm]
Bin03, cm^-3, particle concentration in size range [152.8 - 159.6 nm]
Bin04, cm^-3, particle concentration in size range [159.6 - 166.8 nm]
Bin05, cm^-3, particle concentration in size range [166.8 - 174.2 nm]
Bin06, cm^-3, particle concentration in size range [174.2 - 181.9 nm]
Bin07, cm^-3, particle concentration in size range [181.9 - 190.0 nm]
Bin08, cm^-3, particle concentration in size range [190.0 - 198.5 nm]
Bin09, cm^-3, particle concentration in size range [198.5 - 207.4 nm]
Bin10, cm^-3, particle concentration in size range [207.4 - 216.6 nm]
Bin11, cm^-3, particle concentration in size range [216.6 - 226.2 nm]
Bin12, cm^-3, particle concentration in size range [226.2 - 236.3 nm]
Bin13, cm^-3, particle concentration in size range [236.3 - 246.8 nm]
Bin14, cm^-3, particle concentration in size range [246.8 - 257.8 nm]
Bin15, cm^-3, particle concentration in size range [257.8 - 269.3 nm]
Bin16, cm^-3, particle concentration in size range [269.3 - 343.4 nm]
Bin17, cm^-3, particle concentration in size range [343.4 - 450.7 nm]
Bin18, cm^-3, particle concentration in size range [450.7 - 525.9 nm]
Bin19, cm^-3, particle concentration in size range [525.9 - 618.5 nm]
Bin20, cm^-3, particle concentration in size range [618.5 - 710.0 nm]
Bin21, cm^-3, particle concentration in size range [710.0 - 822.7 nm]
Bin22, cm^-3, particle concentration in size range [822.7 - 885.9 nm]
Bin23, cm^-3, particle concentration in size range [885.9 - 953.9 nm]
Bin24, cm^-3, particle concentration in size range [953.9 - 1027.2 nm]
Bin25, cm^-3, particle concentration in size range [1027.2 - 1106.1 nm]
Bin26, cm^-3, particle concentration in size range [1106.1 - 1191.0 nm]
Bin27, cm^-3, particle concentration in size range [1191.0 - 1282.5 nm]
Bin28, cm^-3, particle concentration in size range [1282.5 - 1381.0 nm]
Bin29, cm^-3, particle concentration in size range [1381.0 - 1487.1 nm]
Bin30, cm^-3, particle concentration in size range [1487.1 - 1601.3 nm]
Bin31, cm^-3, particle concentration in size range [1601.3 - 1724.3 nm]
[...]
PLATFORM: NOAA CSL Mobile Lab
LOCATION: USOS
ASSOCIATED_DATA: N/A
INSTRUMENT_INFO: Printed Optical Particle Spectrometer counts particles from 140 - 2500 nm in diameter 
DATA_INFO: Particle concentrations reported in number per cubic centimeter,1 Hz data
UNCERTAINTY: Counting uncertainty dominated by air flow, less than 5 percent. Measurement range is ~0 - 3000 per cm3 (varies depending on flow rate- manufacturer quotes 1250 per cm3 at 1.667 cc/s)
ULOD_FLAG: -7777
ULOD_VALUE: N/A
LLOD_FLAG: -8888
LLOD_VALUE: N/A
DM_CONTACT_INFO: Troy Thornberry, 325 Broadway R/CSL6, Boulder, CO 80305; troy.thornberry@noaa.gov; 303-497-3373
PROJECT_INFO: USOS, Utah POPS data from NOAA CSL Mobile Lab
STIPULATIONS_ON_USE: Please contact the PIs for questions regarding applications and uncertainties
OTHER_COMMENTS: POPS bin Edges (nm):  140.1, 146.3, 152.8, 159.6, 166.8, 174.2, 181.9, 190.0, 198.5, 207.4, 216.6, 226.2, 236.3, 246.8, 257.8, 269.3, 343.4, 450.7, 525.9, 618.5, 710.0, 822.7, 885.9, 953.9, 1027.2, 1106.1, 1191.0, 1282.5, 1381.0, 1487.1, 1601.3, 1724.3, 1856.7, 1999.3, 2152.8, 2318.2, 2496.2
Calculations assume organic aerosol refractive index of 1.52+0.00j and extinction wavelength = 532 nm
REVISION: R0
R0: Final data
Time_Start, Time_Stop, Time_Mid, Press_mb, Temp_C, Aerosol_concentration, Surface_Area_Conc, Volume_density, Effective_radius, Extinction, Bin01, Bin02, Bin03, Bin04, Bin05, Bin06, Bin07, Bin08, Bin09, Bin10, Bin11, Bin12, Bin13, Bin14, Bin15, Bin16, Bin17, Bin18, Bin19, Bin20, Bin21, Bin22, Bin23, Bin24, Bin25, Bin26, Bin27, Bin28, Bin29, Bin30, Bin31, Bin32, Bin33, Bin34, Bin35, Bin36
[from data line 705]
42300,42359,42330,869.013,31.546,742.990,148.156,8.648,0.174,0.052,32.993217,33.380615,33.559513,35.306961,37.938404,38.026241,38.584148,39.136658,40.490612,39.988869,40.629906,42.826305,42.896606,39.341167,32.225025,117.765358,37.753723,14.721052,3.903499,0.414786,0.250743,0.157005,0.083709,0.077198,0.078912,0.044268,0.034198,0.045014,0.049360,0.044447,0.062306,0.033776,0.044650,0.016269,0.022903,0.062056
42360,42419,42390,869.021,31.644,742.847,147.897,8.561,0.173,0.052,32.627396,32.851208,33.226662,35.330612,37.132385,38.353184,38.522476,40.392170,39.729057,39.696053,40.867252,43.457939,42.437031,39.150330,33.027962,118.692543,37.409309,14.820894,3.653249,0.345388,0.258420,0.117445,0.079375,0.118863,0.073401,0.068022,0.051311,0.022833,0.038969,0.039952,0.078957,0.050976,0.023147,0.068093,0.017072,0.017582
42420,42479,42450,869.046,31.487,740.879,146.555,8.372,0.171,0.051,32.532410,32.965370,34.651077,35.438259,37.501217,38.596653,40.073242,39.075768,38.755016,39.934891,40.109848,42.081207,42.808025,39.174675,32.333996,118.241852,36.557926,15.285795,3.401031,0.337464,0.253104,0.105411,0.111539,0.066273,0.055233,0.043776,0.055309,0.028237,0.067594,0.043953,0.039398,0.043398,0.016726,0.027197,0.039095,0.027508
42480,42539,42510,869.015,31.300,754.696,148.059,8.304,0.168,0.051,34.510410,36.015358,35.295826,36.374657,37.761990,38.681229,39.292027,39.805725,39.874836,41.734482,41.355244,42.795395,42.914955,39.546310,32.583134,119.591736,36.824390,14.802386,3.563487,0.288688,0.301303,0.116038,0.122292,0.071260,0.055237,0.028002,0.066602,0.061328,0.022279,0.049105,0.073251,0.033084,0.005574,0.044140,0.000000,0.034254
42540,42599,42570,869.014,31.555,754.272,147.326,8.172,0.166,0.051,35.802486,35.271141,35.441288,36.039036,38.694153,39.607830,39.024109,40.639385,39.574642,39.704964,40.669121,43.391922,42.091450,40.168961,32.896568,118.785286,36.832851,14.747593,3.572324,0.357263,0.225172,0.129280,0.084701,0.079674,0.061520,0.056738,0.062834,0.033921,0.022468,0.028010,0.061966,0.034146,0.016954,0.017339,0.016587,0.028342
42600,42659,42630,869.020,31.639,741.711,145.513,8.138,0.168,0.050,33.149006,33.505459,33.736298,35.960903,38.339119,37.858856,38.085453,39.188858,40.151169,41.083012,40.780643,42.351788,43.038246,38.854996,32.300850,117.945114,35.681988,14.977278,3.510625,0.300645,0.195567,0.128766,0.072091,0.051150,0.090010,0.055683,0.061599,0.027663,0.028016,0.034125,0.033297,0.038603,0.016400,0.022263,0.022167,0.033259
42660,42719,42690,869.006,31.434,753.261,147.713,8.248,0.167,0.051,35.210995,34.465839,35.246887,35.845589,38.137508,39.281311,38.330318,40.145267,40.786831,40.078442,41.421021,43.557678,42.644112,40.495705,32.349964,118.748848,36.345348,15.149636,3.733416,0.317875,0.228325,0.090300,0.120334,0.077151,0.077053,0.027950,0.060454,0.044436,0.033231,0.033194,0.038339,0.033379,0.038315,0.022253,0.022011,0.022089
42720,42779,42750,868.995,31.375,744.074,146.591,8.269,0.169,0.051,33.253052,33.521358,34.737869,36.209633,37.200817,38.077942,38.531708,39.076672,39.243286,40.744877,41.766514,43.004242,41.997368,39.230095,33.017014,117.863434,36.600140,15.222862,3.564444,0.251943,0.263268,0.143860,0.083315,0.066982,0.050532,0.032742,0.016844,0.037429,0.016387,0.027428,0.060427,0.032862,0.048791,0.011045,0.044670,0.022660
42780,42839,42810,868.999,31.643,745.669,146.623,8.075,0.165,0.051,32.913891,33.073586,34.282558,36.878323,37.179840,39.094376,38.314999,40.286541,39.825283,39.496468,41.814720,42.764336,41.702816,40.178780,32.477211,118.363693,37.094021,15.146034,3.488522,0.339840,0.173611,0.152803,0.118558,0.074083,0.088966,0.017322,0.051610,0.040301,0.045313,0.033925,0.049899,0.028379,0.028433,0.027876,0.011211,0.011277
42840,42899,42870,869.031,31.757,749.064,148.116,8.608,0.174,0.051,32.587990,32.953178,34.011162,35.807018,38.005665,39.180321,39.069839,40.037075,40.681915,40.935268,40.670963,43.597431,43.015362,39.472733,32.821293,119.670731,37.072239,14.774464,3.450244,0.294864,0.189498,0.117025,0.060902,0.099701,0.067161,0.011359,0.067235,0.027622,0.028430,0.045114,0.039254,0.055540,0.033128,0.027767,0.033693,0.050393
42900,42959,42930,869.035,31.541,745.375,146.827,8.426,0.172,0.051,33.026558,33.494049,33.641285,36.105022,37.594543,38.455063,38.929447,39.642395,40.387924,40.671124,41.354916,43.007168,43.887203,40.159435,32.222767,116.669960,36.776653,14.469401,3.535183,0.327667,0.267535,0.126916,0.077466,0.055190,0.067342,0.044107,0.034373,0.027853,0.045657,0.032657,0.072158,0.050311,0.022076,0.027721,0.033167,0.032981
42960,43019,42990,869.034,31.348,752.739,149.439,8.794,0.176,0.052,34.199718,34.564301,34.040413,36.191929,38.403481,39.190758,39.152382,40.564388,40.307224,40.396263,40.597118,43.416363,42.579502,39.768524,33.570698,118.757103,37.352585,14.713598,3.403710,0.339162,0.256437,0.127500,0.131558,0.089118,0.104778,0.016832,0.066485,0.027917,0.037708,0.077565,0.095058,0.039189,0.066233,0.021777,0.038796,0.032932
43020,43079,43050,869.078,31.559,748.896,147.135,8.254,0.168,0.051,34.113251,34.629787,34.252384,36.096779,37.847282,38.459995,38.915989,39.399742,39.995193,40.469200,41.270119,43.928101,42.138515,40.285290,31.602850,119.556320,36.695354,14.268530,3.552412,0.358809,0.270229,0.156134,0.110330,0.055884,0.061247,0.032925,0.044158,0.056134,0.028224,0.044201,0.066633,0.027646,0.044656,0.016683,0.016953,0.028048
43080,43139,43110,869.111,31.745,751.648,148.734,8.657,0.174,0.051,33.119759,33.679478,34.257679,36.180061,37.880051,39.486557,39.058689,39.768440,40.272659,40.623787,41.155071,43.398453,43.727287,40.767883,32.970676,119.386169,36.246357,14.468495,3.762443,0.391801,0.214076,0.106720,0.095543,0.073768,0.061828,0.050442,0.034861,0.040429,0.057362,0.057120,0.061967,0.045492,0.039367,0.045357,0.022564,0.039108
43140,43199,43170,869.097,31.601,745.197,146.424,8.214,0.168,0.050,32.080723,33.228165,34.858608,35.752838,37.458778,38.504856,39.071110,40.481251,40.489353,40.388157,40.849506,42.709236,42.360905,40.492668,32.719475,117.868217,36.667210,14.185596,3.747964,0.336788,0.159989,0.142664,0.117042,0.060623,0.078392,0.044075,0.033450,0.038243,0.050223,0.038514,0.066122,0.037842,0.005308,0.022454,0.011172,0.039082
43200,43259,43230,869.080,31.406,744.113,146.181,8.339,0.171,0.050,33.538025,33.409584,33.748783,36.633759,37.598095,38.286041,38.980511,39.377640,39.186035,39.865124,41.129307,43.051418,43.275898,39.749760,33.269238,118.103180,36.408886,13.808799,3.504596,0.261117,0.149572,0.105276,0.109968,0.054760,0.088211,0.055181,0.038220,0.011282,0.027805,0.071427,0.038697,0.027293,0.050512,0.027750,0.027438,0.043805
43260,43319,43290,869.079,31.535,754.089,148.098,8.235,0.166,0.051,32.952293,33.800869,34.267117,36.392384,37.683857,38.901318,39.678707,40.380886,40.534424,40.967506,41.073669,45.424713,43.110378,39.989906,33.660316,118.583786,37.315247,14.563673,3.373122,0.345185,0.160805,0.165961,0.128170,0.143218,0.072730,0.087648,0.044205,0.054500,0.054841,0.027763,0.027067,0.039350,0.027366,0.027988,0.011321,0.016693
43320,43379,43350,869.087,31.712,787.327,151.290,8.294,0.164,0.052,40.758678,39.979805,39.370972,39.939835,41.210144,40.405594,41.604713,41.772781,41.442814,41.229404,42.602009,43.801781,44.484146,39.518036,32.485748,119.139114,37.358315,14.971367,3.958597,0.349501,0.263929,0.093203,0.084533,0.060917,0.033172,0.027248,0.049298,0.027345,0.038727,0.082856,0.083483,0.027076,0.033406,0.021829,0.005291,0.011244
43380,43439,43410,869.115,31.614,852.484,156.001,8.426,0.162,0.051,57.628719,53.324112,48.882561,48.145267,46.760159,46.673965,43.913063,44.204323,42.273125,42.612278,42.581436,44.001080,43.601109,41.013927,32.445225,118.211739,36.382324,14.684207,3.676209,0.357019,0.301149,0.133412,0.099054,0.099807,0.081930,0.069260,0.058272,0.023593,0.041150,0.045545,0.047182,0.023652,0.029324,0.017468,0.017391,0.023917
43440,43499,43470,869.114,31.426,758.296,147.565,8.299,0.168,0.050,35.241898,36.206654,34.842594,37.264725,39.075703,40.240265,38.843216,40.366177,41.724644,41.495033,41.627033,42.704052,42.882275,39.729076,32.405418,117.915115,36.572853,14.367912,3.454277,0.343545,0.210580,0.143403,0.121450,0.067454,0.054876,0.044640,0.027349,0.037634,0.060804,0.028176,0.043452,0.044911,0.026987,0.038579,0.021598,0.021887
43500,43559,43530,869.141,31.622,762.371,148.275,8.316,0.168,0.051,34.574520,34.378555,36.195690,37.771626,38.834297,39.274071,40.829269,40.317356,40.956211,41.629986,42.510315,43.547821,43.300163,40.287121,33.104912,118.380035,37.201748,14.705217,3.373788,0.288695,0.227394,0.127563,0.071634,0.044502,0.044946,0.045408,0.043628,0.055872,0.022473,0.049649,0.021724,0.072116,0.027775,0.027360,0.000000,0.027780
43560,43619,43590,869.153,31.777,757.536,149.388,8.740,0.174,0.051,33.459793,33.706253,34.208439,37.110237,38.237583,39.951729,39.162247,40.530815,40.783180,40.933186,42.029594,44.216309,44.194996,40.787601,32.854733,119.901695,36.696239,14.095449,3.183708,0.317632,0.242654,0.162512,0.045198,0.090369,0.084800,0.067886,0.045409,0.056483,0.073923,0.038697,0.078632,0.045950,0.034386,0.023044,0.039195,0.045715
43620,43679,43650,869.159,31.659,757.718,148.948,8.509,0.171,0.051,32.934361,33.877296,35.340645,36.404789,38.273075,39.120243,39.984020,40.919365,40.639488,41.360020,40.785343,44.646801,43.738289,40.915577,33.695889,119.069099,36.828796,14.260511,3.500300,0.330204,0.209395,0.149996,0.123167,0.071896,0.099147,0.066724,0.054830,0.061393,0.027958,0.016705,0.039452,0.039374,0.032886,0.033877,0.022212,0.045178
43680,43739,43710,869.153,31.532,760.806,148.592,8.266,0.166,0.051,33.407925,35.104134,34.797928,37.263046,38.544624,38.237522,40.087196,41.284077,40.550556,41.598999,41.565067,44.661469,44.102325,40.771912,32.491844,120.780487,36.219418,14.695198,3.388674,0.281542,0.266422,0.116845,0.077957,0.077081,0.044165,0.056257,0.048902,0.033578,0.045699,0.044843,0.027473,0.022727,0.016873,0.016957,0.048833,0.027737
43740,43799,43770,869.164,31.793,759.906,147.902,8.159,0.165,0.050,34.659580,34.163292,34.671150,36.667034,37.823463,39.509956,39.637878,41.493114,41.102493,41.840527,41.680939,43.995636,42.938690,40.410748,32.964390,120.925278,36.590969,13.979634,3.538825,0.321813,0.285441,0.166699,0.069670,0.074506,0.040789,0.056936,0.057347,0.033806,0.028368,0.011650,0.040172,0.051617,0.028761,0.000000,0.022070,0.022613
43800,43859,43830,869.250,32.039,762.889,147.026,7.944,0.162,0.049,35.313309,35.263149,36.261860,37.356274,38.957375,40.294430,39.243031,40.910110,41.783340,41.562405,41.828625,44.114799,43.352318,40.685051,32.626556,119.234352,35.869148,13.635553,3.274909,0.322128,0.221814,0.147740,0.118114,0.082317,0.043953,0.049813,0.050283,0.066912,0.056551,0.038692,0.050601,0.022625,0.011339,0.005482,0.017106,0.016596
43860,43919,43890,869.247,31.867,746.852,145.214,8.042,0.165,0.049,33.332287,33.795322,34.158638,36.591053,38.237385,39.436272,40.067448,40.318390,40.298683,41.308762,41.639973,42.743233,42.210773,39.524883,31.992018,116.747955,36.169231,13.980813,3.076861,0.306221,0.149723,0.083744,0.112509,0.084044,0.067603,0.049168,0.032727,0.044151,0.061391,0.056845,0.078404,0.016626,0.021933,0.000000,0.016839,0.039690
43920,43979,43950,869.233,31.663,762.269,148.996,8.355,0.168,0.051,33.699135,33.245163,35.008797,36.886169,38.084881,39.685135,40.069576,40.973827,41.632027,42.097153,43.094879,44.528172,43.774136,41.133453,33.460960,118.897514,36.785519,14.505550,3.432029,0.318218,0.208333,0.108552,0.074644,0.068960,0.050857,0.069415,0.063325,0.034920,0.034293,0.028656,0.080507,0.040726,0.005945,0.040734,0.029300,0.017409
43980,44039,44010,869.193,31.740,770.715,149.145,8.161,0.164,0.050,33.158005,34.323792,34.969818,37.568352,39.082245,40.654308,40.203732,42.884720,41.818306,42.466232,44.089931,44.719662,45.088009,40.243027,33.817505,120.428131,36.424595,14.510919,3.122605,0.277972,0.204032,0.111299,0.105702,0.077909,0.032945,0.044302,0.016205,0.039691,0.032738,0.021611,0.038146,0.033164,0.038859,0.016877,0.038200,0.011156
44040,44099,44070,869.189,31.891,772.955,148.869,7.989,0.161,0.050,33.040112,34.621193,35.263962,38.070763,39.984928,40.984573,41.684441,42.741322,42.466545,43.917854,43.190769,44.489326,44.496956,40.972870,33.162991,118.006020,36.985840,14.304830,3.396371,0.329919,0.178052,0.138671,0.077629,0.077061,0.072357,0.038139,0.016712,0.044556,0.026881,0.028333,0.044240,0.022309,0.044302,0.005767,0.016632,0.011396
44100,44159,44130,869.199,31.736,775.917,149.957,8.100,0.162,0.051,33.750191,34.970669,35.530998,38.252789,39.480045,41.234966,41.352604,41.747738,41.609650,43.159725,43.943684,45.177040,45.081287,40.659313,33.198803,120.732048,36.773151,14.616184,3.491358,0.355063,0.222350,0.071622,0.060061,0.054870,0.056525,0.061295,0.027534,0.027271,0.021848,0.027951,0.066866,0.023083,0.033592,0.010995,0.016859,0.016935
44160,44219,44190,869.221,31.549,777.663,149.974,8.100,0.162,0.050,33.556831,34.981236,34.573647,38.279442,39.807186,41.685814,42.197376,42.405113,42.245762,42.761425,43.164848,45.406742,45.326939,41.962215,33.714561,120.494064,36.121941,14.509227,3.375302,0.296283,0.172350,0.092758,0.077465,0.055185,0.054720,0.050259,0.044101,0.045652,0.039022,0.027975,0.032911,0.005828,0.027480,0.016480,0.016036,0.038930
44220,44279,44250,869.258,31.573,768.703,149.664,8.456,0.169,0.051,33.304203,34.316334,34.936367,37.255573,39.067219,39.902607,40.892937,41.901688,42.439098,43.079926,43.178188,44.991573,43.972527,40.536369,32.794117,121.231369,35.999035,14.390125,3.215397,0.330700,0.222091,0.076775,0.115239,0.050679,0.061163,0.049184,0.059687,0.049242,0.033936,0.038223,0.060314,0.050676,0.022220,0.016937,0.016544,0.044272
44280,44339,44310,869.289,31.828,764.770,148.584,8.400,0.169,0.050,33.672394,35.171329,35.477539,37.576843,38.919956,40.943878,41.016590,41.379513,41.518242,41.725056,42.142937,43.893574,43.948570,40.054901,33.789288,119.116760,35.740337,13.781260,3.459614,0.324018,0.213317,0.174790,0.135423,0.090176,0.062323,0.039082,0.045209,0.040016,0.057014,0.050305,0.056385,0.067796,0.033990,0.016974,0.028725,0.005650
44340,44399,44370,869.303,31.773,759.996,147.837,8.292,0.168,0.050,32.806286,33.886299,35.173466,37.055790,39.032772,40.293598,40.291363,41.811104,41.711712,41.669830,42.264133,44.215084,43.477036,40.455967,33.110268,118.298203,35.409607,14.027743,3.514394,0.421959,0.285168,0.127308,0.133425,0.097972,0.067248,0.050247,0.022036,0.027541,0.022098,0.038568,0.055732,0.049194,0.028031,0.010533,0.022354,0.031986
44400,44459,44430,869.307,31.526,770.390,148.484,7.985,0.161,0.050,32.927731,34.928455,35.852539,38.403988,39.523178,40.109428,40.883240,42.154446,42.564476,43.084042,43.805367,44.616203,44.092110,40.529289,33.441818,118.457420,35.877029,14.435020,3.526996,0.255131,0.237853,0.091980,0.133935,0.060944,0.039676,0.084787,0.039694,0.022395,0.039755,0.033973,0.051433,0.022733,0.021930,0.017302,0.005765,0.017415
44460,44519,44490,869.337,31.672,766.166,148.766,8.195,0.165,0.051,33.792305,35.000057,35.458427,36.643612,39.419739,40.215370,40.416256,41.392365,41.668827,42.499405,42.552624,44.288532,43.888706,41.666824,33.510456,118.730675,35.842434,14.300404,3.432699,0.393969,0.275183,0.162437,0.100176,0.061402,0.083982,0.027832,0.045068,0.033820,0.034042,0.061227,0.049988,0.027573,0.050288,0.005432,0.005669,0.028159
44520,44579,44550,869.351,31.818,779.476,149.165,8.269,0.166,0.050,39.497120,37.661232,37.354683,38.299725,39.667568,41.234573,41.915489,41.842037,41.866440,41.969925,43.361977,43.982773,44.047153,39.961712,33.875004,118.591164,35.808262,13.891738,3.320365,0.344794,0.255713,0.115371,0.083741,0.049763,0.060525,0.073417,0.055551,0.021561,0.039123,0.038821,0.061406,0.050037,0.016475,0.016433,0.016349,0.028146
