CampaignData_and_Merges/R0/CSL_MobileLab_Parked/raw/20240729/USOS-NOy-LIF_MobileLabGround_20240729_R0.ict
39,1001
Rollins, A.; Waxman, E.; Zuraski, K.; Chace, W.
NOAA Chemical Sciences Laboratory
LIF NO/NOx/NOy on CSL Mobile Lab
AMMBEC / USOS
1, 1
2024,07,29, 2025,01,04
1
Time_Start, seconds, number_of_seconds_since_0000_UTC
7
1, 1, 1, 1, 1, 1, 1
-9999, -9999, -9999, -9999, -9999, -9999, -9999
Time_Stop, seconds, number_of_seconds_since_0000_UTC
NO_LIF, pptv, Gas_NO_InSitu_S_AVMR, volume mixing ratio of nitric oxide in air
NO2_LIF, pptv, Gas_NO2_InSitu_S_AVMR, volume mixing ratio of nitrogen dioxide in air
NOy_LIF, pptv, Gas_NOy_InSitu_S_AVMR, volume mixing ratio of total oxidized nitrogen in air
NO_LIF_1SigmaAccuracy, pptv, Gas_NO_InSitu_S_AVMR, volume mixing ratio of nitric oxide in air
NO2_LIF_1SigmaAccuracy, pptv, Gas_NO2_InSitu_S_AVMR, volume mixing ratio of nitrogen dioxide in air
NOy_LIF_1SigmaAccuracy, pptv, Gas_NOy_InSitu_S_AVMR, volume mixing ratio of total oxidized nitrogen in air
0
18
PI_CONTACT_INFO: andrew.rollins@noaa.gov
PLATFORM: CSL Mobile Lab
LOCATION: Salt Lake City, UT
ASSOCIATED_DATA:
INSTRUMENT_INFO: NO detection by laser induced fluorescence. NO2 detection by photolytic conversion to NO. NOy detection by catalytic conversion to NO on gold surface
DATA_INFO:
UNCERTAINTY: Included 1 Sigma Accuracy waves represent the combined calibration uncertainties (±6%, ±9%, ±10%) and zero uncertainties (3 ppt, 20 ppt, 100 ppt) for NO, NO2, and NOy, respectively.
ULOD_FLAG: -7777
ULOD_VALUE: N/A
LLOD_FLAG: -8888
LLOD_VALUE: N/A
DM_CONTACT_INFO: andrew.rollins@noaa.gov
PROJECT_INFO: USOS Project, July - August 2024
STIPULATIONS_ON_USE: Users are strongly encouraged to contact the PI for proper data usage.
OTHER_COMMENTS:
REVISION: R0
R0: final data
Time_Start, Time_Stop, NO_LIF, NO2_LIF, NOy_LIF, NO_LIF_1SigmaAccuracy, NO2_LIF_1SigmaAccuracy, NOy_LIF_1SigmaAccuracy
[from data line 790]
   47400,   47460,393.57,5651.5,8745.7,26.614, 528.63, 974.57
   47460,   47520,422.41,7015.1,9067.6,28.344, 651.36, 1006.8
   47520,   47580,481.93,7549.8,8872.2,31.916, 699.48, 987.22
   47580,   47640,513.3,7931.9,9586.9,33.798, 733.87, 1058.7
   47640,   47700,398.17,5897.7,8505.8,26.89, 550.79, 950.58
   47700,   47760,220.99,4743.9,7171.8,16.26, 446.95, 817.18
   47760,   47820,257.46,4817.9,6905.3,18.447, 453.61, 790.53
   47820,   47880,818.8,7121.7,7591.2,52.128, 660.95, 859.12
   47880,   47940,1406.6,10430,12140,87.399, 958.72, 1314
   47940,   48000,492.66,5635.2,10388,32.56, 527.17, 1138.8
   48000,   48060,491.01,6021.7,7954.1,32.461, 561.96, 895.41
   48060,   48120,623.24,6489.5,9214,40.395, 604.05, 1021.4
   48120,   48180,973.27,7138.1,8105.4,61.396, 662.43, 910.54
   48180,   48240,1423.8,8581.9,10715,88.428, 792.37, 1171.5
   48240,   48300,601.41,5230.9,9379.1,39.085, 490.78, 1037.9
   48300,   48360,438.81,4479,7235,29.328, 423.11, 823.5
   48360,   48420,363.76,5020.9,6747.6,24.826, 471.88, 774.76
   48420,   48480,499.64,4778.7,6667,32.978, 450.08, 766.7
   48480,   48540,442.01,4995.2,6190.8,29.52, 469.56, 719.08
   48540,   48600,306.08,4646.5,6237.2,21.365, 438.19, 723.72
   48600,   48660,260.76,3875.1,5821.3,18.645, 368.76, 682.13
   48660,   48720,982.57,6173.8,6934.1,61.954, 575.64, 793.41
   48720,   48780,571.62,5049.8,7187.3,37.297, 474.48, 818.73
   48780,   48840,490.79,4117.1,6019.3,32.447, 390.54, 701.93
   48840,   48900,463.44,4123.1,6319.9,30.806, 391.08, 731.99
   48900,   48960,482.83,4993.9,6138.9,31.97, 469.45, 713.89
   48960,   49020,444.21,4702.5,5814,29.653, 443.22, 681.4
   49020,   49080,351.96,4197.4,5303.9,24.118, 397.77, 630.39
   49080,   49140,306.85,3422.9,4846.5,21.411, 328.06, 584.65
   49140,   49200,1228.6,6032.1,5414.3,76.714, 562.89, 641.43
   49200,   49260,6595.7,14420,11453,398.74, 1317.8, 1245.3
   49260,   49320,7516.7,16582,19051,454, 1512.3, 2005.1
   49320,   49380,8404.8,17928,25497,507.29, 1633.5, 2649.7
   49380,   49440,1925.9,7965.7,14774,118.56, 736.91, 1577.4
   49440,   49500,1443.9,6417.1,12271,89.634, 597.54, 1327.1
   49500,   49560,2521.8,11459,13820,154.31, 1051.3, 1482
   49560,   49620,3419,8344.9,13957,208.14, 771.04, 1495.7
   49620,   49680,6237.3,14359,20419,377.24, 1312.3, 2141.9
   49680,   49740,2674.6,10254,18363,163.47, 942.83, 1936.3
   49740,   49800,2449.7,11351,15795,149.98, 1041.6, 1679.5
   49800,   49860,3407.4,12487,15600,207.44, 1143.8, 1660
   49860,   49920,2535.9,12235,14618,155.15, 1121.1, 1561.8
   49920,   49980,2297.6,12455,17135,140.86, 1140.9, 1813.5
   49980,   50040,1459.5,8622.3,12893,90.567, 796.01, 1389.3
   50040,   50100,2379.2,9129.3,12339,145.75, 841.63, 1333.9
   50100,   50160,2422.1,10708,13937,148.33, 983.68, 1493.7
   50160,   50220,1110.8,6428.6,11096,69.65, 598.58, 1209.6
   50220,   50280,1058.8,7304,10625,66.529, 677.36, 1162.5
   50280,   50340,1295.1,8069.5,10090,80.704, 746.25, 1109
   50340,   50400,1592.9,8243.5,9533,98.573, 761.92, 1053.3
   50400,   50460,1021.2,6109.9,9699.6,64.269, 569.89, 1070
   50460,   50520,1172.1,7489.8,8770.4,73.325, 694.08, 977.04
   50520,   50580,922.97,7318.7,8768.2,58.378, 678.68, 976.82
   50580,   50640,925.89,5887.1,8000.4,58.554, 549.84, 900.04
   50640,   50700,681.52,4397.9,7320.7,43.891, 415.81, 832.07
   50700,   50760,731.73,4755.4,6771.6,46.904, 447.99, 777.16
   50760,   50820,934.12,5563,7053.5,59.047, 520.67, 805.35
   50820,   50880,883.35,5699.7,7278.7,56.001, 532.97, 827.87
   50880,   50940,1022.8,6575.1,7578.6,64.368, 611.76, 857.86
   50940,   51000,874.51,5952.6,7949.6,55.471, 555.73, 894.96
   51000,   51060,738.51,4955.2,7350.5,47.311, 465.97, 835.05
   51060,   51120,916.73,5567.7,8560.9,58.004, 521.09, 956.09
   51120,   51180,1188.4,7063.9,9827.2,74.301, 655.75, 1082.7
   51180,   51240,1276.3,7811.5,11109,79.577, 723.04, 1210.9
   51240,   51300,1451.4,8309.1,12346,90.082, 767.82, 1334.6
   51300,   51360,1510.4,8164.4,10735,93.621, 754.79, 1173.5
   51360,   51420,1225.8,7857.2,10172,76.547, 727.15, 1117.2
   51420,   51480,1279.7,7116.7,9648.7,79.783, 660.5, 1064.9
   51480,   51540,1258.8,6880.2,9294.1,78.53, 639.22, 1029.4
   51540,   51600,1146.7,6529.9,8693.3,71.802, 607.69, 969.33
   51600,   51660,1156.3,6452.6,8442.8,72.376, 600.73, 944.28
   51660,   51720,1216.6,6579.3,8773.2,75.995, 612.13, 977.32
   51720,   51780,1314,6987.5,8828.4,81.842, 648.88, 982.84
   51780,   51840,1545.8,7220.5,9019,95.747, 669.85, 1001.9
   51840,   51900,1691.5,7779.2,10142,104.49, 720.13, 1114.2
   51900,   51960,1329.5,6545.1,9724.1,82.769, 609.06, 1072.4
   51960,   52020,882,5468,8483.4,55.92, 512.12, 948.34
   52020,   52080,808.54,5004.9,7276.2,51.512, 470.44, 827.62
   52080,   52140,711.99,4780.5,5976.3,45.72, 450.25, 697.63
   52140,   52200,824.59,5075.3,6423.8,52.476, 476.78, 742.38
   52200,   52260,901.11,4996,7230.1,57.067, 469.64, 823.01
   52260,   52320,887.66,4639.6,6512.2,56.259, 437.56, 751.22
   52320,   52380,756.58,4025.9,5635.4,48.395, 382.33, 663.54
   52380,   52440,706.11,4083.3,5574.5,45.367, 387.5, 657.45
   52440,   52500,665.24,4128.3,5804.9,42.914, 391.54, 680.49
   52500,   52560,685.71,4506.7,6197.3,44.142, 425.6, 719.73
   52560,   52620,814.81,4453.7,6029.3,51.888, 420.83, 702.93
   52620,   52680,937.18,4966.1,6219.3,59.231, 466.95, 721.93
   52680,   52740,1326.7,6650.8,8480.8,82.603, 618.58, 948.08
   52740,   52800,1403.9,7300.9,9482.6,87.234, 677.08, 1048.3
   52800,   52860,1758.5,7755,9929.5,108.51, 717.95, 1093
   52860,   52920,1872.4,7869.2,9830.3,115.35, 728.23, 1083
   52920,   52980,1727.9,7439.4,10256,106.67, 689.55, 1125.6
   52980,   53040,1685.4,8093.4,10482,104.13, 748.41, 1148.2
   53040,   53100,1742.7,8493.3,10935,107.56, 784.4, 1193.5
   53100,   53160,1719.1,8660.7,10937,106.15, 799.46, 1193.7
   53160,   53220,1849.5,8164.5,10853,113.97, 754.8, 1185.3
   53220,   53280,1966.1,8186.5,11033,120.97, 756.78, 1203.3
   53280,   53340,2027.9,8484.9,11052,124.67, 783.64, 1205.2
   53340,   53400,2132.6,8966.2,11410,130.96, 826.96, 1241
   53400,   53460,2440.9,10117,13636,149.45, 930.49, 1463.6
   53460,   53520,2548.2,10869,14219,155.89, 998.21, 1521.9
   53520,   53580,2581.7,11084,14543,157.9, 1017.5, 1554.3
   53580,   53640,3197.4,12912,15320,194.84, 1182, 1632
   53640,   53700,3593.1,13482,16139,218.59, 1233.3, 1713.9
   53700,   53760,4059.8,14315,18797,246.59, 1308.4, 1979.7
   53760,   53820,4412.7,15144,20401,267.76, 1382.9, 2140.1
   53820,   53880,4547.3,15265,20819,275.84, 1393.9, 2181.9
   53880,   53940,4401.5,15812,21438,267.09, 1443.1, 2243.8
   53940,   54000,4478.8,15832,21475,271.73, 1444.8, 2247.5
   54000,   54060,4739,15653,21454,287.34, 1428.8, 2245.4
   54060,   54120,5011.3,16273,21835,303.68, 1484.5, 2283.5
   54120,   54180,5225.9,16133,21295,316.55, 1472, 2229.5
   54180,   54240,5063.1,15882,22029,306.79, 1449.4, 2302.9
   54240,   54300,5624.7,16848,24052,340.48, 1536.3, 2505.2
   54300,   54360,5740.3,17312,23898,347.42, 1578.1, 2489.8
   54360,   54420,-9999,-9999,-9999,-9999, -9999, -9999
   54420,   54480,-9999,-9999,-9999,-9999, -9999, -9999
   54480,   54540,-9999,-9999,-9999,-9999, -9999, -9999
   54540,   54600,-9999,-9999,-9999,-9999, -9999, -9999
   54600,   54660,-9999,-9999,-9999,-9999, -9999, -9999
   54660,   54720,-9999,-9999,-9999,-9999, -9999, -9999
   54720,   54780,-9999,-9999,-9999,-9999, -9999, -9999
   54780,   54840,6016.2,17651,25808,363.97, 1608.6, 2680.8
   54840,   54900,5541.6,16531,23652,335.5, 1507.8, 2465.2
   54900,   54960,4870.9,14866,21939,295.26, 1357.9, 2293.9
   54960,   55020,4878.1,14604,20891,295.68, 1334.4, 2189.1
   55020,   55080,3951,12734,18522,240.06, 1166.1, 1952.2
   55080,   55140,3123.9,11369,15970,190.43, 1043.2, 1697
   55140,   55200,3171.9,11412,15844,193.32, 1047.1, 1684.4
   55200,   55260,2802.8,11068,15090,171.17, 1016.1, 1609
   55260,   55320,2719.8,9534.2,13488,166.19, 878.08, 1448.8
   55320,   55380,2677.7,10269,13516,163.66, 944.22, 1451.6
   55380,   55440,2780.9,10585,14139,169.85, 972.61, 1513.9
   55440,   55500,2288.2,9348.9,13285,140.29, 861.4, 1428.5
   55500,   55560,2777.3,9687.6,13333,169.64, 891.88, 1433.3
   55560,   55620,2807.2,9969.9,13690,171.43, 917.29, 1469
   55620,   55680,2743.5,9485.7,13221,167.61, 873.71, 1422.1
   55680,   55740,2873.5,9522.7,13305,175.41, 877.04, 1430.5
   55740,   55800,2947.1,9881.3,13731,179.83, 909.31, 1473.1
   55800,   55860,2805.7,9376.9,12931,171.34, 863.92, 1393.1
   55860,   55920,2475.1,9180.1,12541,151.51, 846.21, 1354.1
   55920,   55980,2451.8,9779.7,13265,150.11, 900.17, 1426.5
   55980,   56040,2469,9396.6,13054,151.14, 865.69, 1405.4
   56040,   56100,2433.3,9182.9,12491,149, 846.46, 1349.1
   56100,   56160,2723.7,9530.1,12910,166.42, 877.71, 1391
   56160,   56220,3325.8,10104,13484,202.55, 929.33, 1448.4
   56220,   56280,2536.5,8223.1,11814,155.19, 760.08, 1281.4
   56280,   56340,2513.5,9468.7,13084,153.81, 872.18, 1408.4
   56340,   56400,2381.7,8746.2,12309,145.9, 807.16, 1330.9
   56400,   56460,4867.6,13165,17816,295.06, 1204.9, 1881.6
   56460,   56520,3615,11212,17699,219.9, 1029.1, 1869.9
   56520,   56580,2346.3,8846.4,14247,143.78, 816.17, 1524.7
   56580,   56640,2401.9,8921.6,12665,147.12, 822.94, 1366.5
   56640,   56700,2032.7,8006.4,11475,124.96, 740.58, 1247.5
   56700,   56760,2002.4,7717.4,11190,123.15, 714.56, 1219
   56760,   56820,1913.2,7125.7,9982.1,117.79, 661.31, 1098.2
   56820,   56880,1884.3,7246.5,9997.5,116.06, 672.19, 1099.7
   56880,   56940,1936.6,7172.8,10286,119.2, 665.56, 1128.6
   56940,   57000,1849.5,7492,10259,113.97, 694.28, 1125.9
   57000,   57060,1993.3,7158.1,10274,122.6, 664.23, 1127.4
   57060,   57120,2039.1,7095.2,10171,125.34, 658.56, 1117.1
   57120,   57180,2278.5,7420.6,10909,139.71, 687.85, 1190.9
   57180,   57240,3551,9757.5,14098,216.06, 898.17, 1509.8
   57240,   57300,2567,8023.3,11982,157.02, 742.1, 1298.2
   57300,   57360,2716.5,8567.4,12062,165.99, 791.06, 1306.2
   57360,   57420,2728.2,8442.9,11975,166.69, 779.86, 1297.5
   57420,   57480,2337.1,8597.4,12210,143.23, 793.77, 1321
   57480,   57540,2080,8986.8,12748,127.8, 828.81, 1374.8
   57540,   57600,2022.3,7180.9,10773,124.34, 666.28, 1177.3
   57600,   57660,2397.9,7561.7,11101,146.87, 700.56, 1210.1
   57660,   57720,3274.3,9127.6,12819,199.46, 841.49, 1381.9
   57720,   57780,2163.8,6884.7,10119,132.83, 639.62, 1111.9
   57780,   57840,1904.1,6053.9,9020.5,117.24, 564.85, 1002.1
   57840,   57900,1038.1,3499.5,5322.6,65.289, 334.96, 632.26
   57900,   57960,1170.4,4049.5,6185.6,73.223, 384.46, 718.56
   57960,   58020,1118.6,3928.7,5970.6,70.116, 373.59, 697.06
   58020,   58080,876.24,3109.4,4784.5,55.575, 299.85, 578.45
   58080,   58140,1124.5,3756,5567.7,70.472, 358.04, 656.77
   58140,   58200,718.7,2517.1,3857.9,46.122, 246.54, 485.79
   58200,   58260,742.35,2614.4,3871.1,47.541, 255.3, 487.11
   58260,   58320,817.91,2747.2,4151.2,52.075, 267.25, 515.12
   58320,   58380,727.34,2520.8,3758,46.64, 246.87, 475.8
   58380,   58440,665.06,2211,3309.1,42.904, 218.99, 430.91
   58440,   58500,1485.5,4260.8,5711.4,92.13, 403.47, 671.14
   58500,   58560,568.13,2003.4,3130.5,37.088, 200.3, 413.05
   58560,   58620,2502.3,3558,4856.7,153.14, 340.22, 585.67
   58620,   58680,294.4,1088.8,1750,20.664, 117.99, 275
   58680,   58740,283.64,1054.1,1707.9,20.018, 114.87, 270.79
   58740,   58800,405.06,1407.2,2183,27.303, 146.65, 318.3
   58800,   58860,467.69,1502.9,2388,31.062, 155.26, 338.8
   58860,   58920,501.79,1688.2,2570.9,33.108, 171.94, 357.09
   58920,   58980,515.41,1748.9,2649.6,33.924, 177.4, 364.96
   58980,   59040,497.72,1614.6,2391.7,32.863, 165.32, 339.17
   59040,   59100,566.53,1799.1,2790.1,36.992, 181.92, 379.01
   59100,   59160,356.67,1217.4,1896.5,24.4, 129.57, 289.65
   59160,   59220,353.46,1227,1990.5,24.208, 130.43, 299.05
   59220,   59280,393.18,1248.5,2005.1,26.591, 132.36, 300.51
   59280,   59340,470.35,1343.2,2257.7,31.221, 140.89, 325.77
   59340,   59400,355.05,1219.5,1944,24.303, 129.76, 294.4
   59400,   59460,298.27,1046.7,1775.9,20.896, 114.21, 277.59
   59460,   59520,252.87,892.34,1507.3,18.172, 100.31, 250.73
   59520,   59580,359.73,1148.6,1812.3,24.584, 123.37, 281.23
   59580,   59640,688.61,1903.7,3148,44.317, 191.33, 414.8
   59640,   59700,534.81,1734,2724.6,35.089, 176.06, 372.46
   59700,   59760,423.77,1524.7,2406.3,28.426, 157.23, 340.63
   59760,   59820,350.69,1242.4,1951.6,24.042, 131.82, 295.16
   59820,   59880,435.69,1464.8,2285.7,29.142, 151.83, 328.57
   59880,   59940,723.32,2010.5,3291.5,46.399, 200.95, 429.15
   59940,   60000,545.59,1593.9,2626.9,35.736, 163.45, 362.69
   60000,   60060,1237.5,2744.9,4050.1,77.252, 267.04, 505.01
   60060,   60120,1381.6,2837,4445.8,85.896, 275.33, 544.58
   60120,   60180,459.82,1575.3,2358.1,30.589, 161.78, 335.81
   60180,   60240,528.92,1698.4,2615.4,34.735, 172.85, 361.54
   60240,   60300,364.99,1288.9,2029.5,24.9, 136, 302.95
   60300,   60360,1206.3,2819.3,4385.7,75.376, 273.73, 538.57
   60360,   60420,644.98,2018.5,3244.2,41.699, 201.67, 424.42
   60420,   60480,501.52,1664.4,2622,33.091, 169.79, 362.2
   60480,   60540,643.17,1736.3,3185.2,41.59, 176.27, 418.52
   60540,   60600,745.14,2069.9,3387.5,47.709, 206.3, 438.75
   60600,   60660,469.22,1452.1,2318.5,31.153, 150.69, 331.85
   60660,   60720,868.52,1409.3,2656.5,55.111, 146.84, 365.65
   60720,   60780,628.78,1278.1,2559.6,40.727, 135.03, 355.96
   60780,   60840,462.86,1113.4,2017.1,30.772, 120.21, 301.71
   60840,   60900,1131.6,2091.9,3578.8,70.896, 208.27, 457.88
   60900,   60960,373.32,1219.9,2032.2,25.399, 129.79, 303.22
   60960,   61020,442.07,1366.1,2191.4,29.524, 142.95, 319.14
   61020,   61080,304.77,1078.8,1767.1,21.286, 117.09, 276.71
   61080,   61140,346.05,1205.2,1921.6,23.763, 128.47, 292.16
   61140,   61200,375.93,1162,2199.8,25.556, 124.58, 319.98
   61200,   61260,322.16,1093.7,1803.2,22.33, 118.43, 280.32
   61260,   61320,398.84,1116.6,1883.2,26.93, 120.49, 288.32
   61320,   61380,379.95,1093.9,2070.6,25.797, 118.45, 307.06
   61380,   61440,1036.7,1920.9,3393,65.203, 192.88, 439.3
   61440,   61500,356.49,1165.6,1876,24.389, 124.9, 287.6
   61500,   61560,295.77,1026.1,1690.8,20.746, 112.35, 269.08
   61560,   61620,363.3,1139.7,1841.7,24.798, 122.57, 284.17
   61620,   61680,518.24,1329.3,2071.8,34.094, 139.64, 307.18
   61680,   61740,280.18,1005.8,1638.1,19.811, 110.52, 263.81
   61740,   61800,341.03,1141.8,1883.4,23.462, 122.76, 288.34
   61800,   61860,329.84,1103.4,1802.4,22.791, 119.3, 280.24
   61860,   61920,367.58,1259.1,1960.3,25.055, 133.32, 296.03
   61920,   61980,431.36,1453.3,2320.6,28.882, 150.79, 332.06
   61980,   62040,645.27,2064.1,3063.6,41.716, 205.77, 406.36
   62040,   62100,649.36,1996.5,3174,41.962, 199.69, 417.4
   62100,   62160,559.23,1713.6,2643.8,36.554, 174.22, 364.38
   62160,   62220,893.74,2399,3634.2,56.624, 235.91, 463.42
   62220,   62280,746.61,2133.8,3630.1,47.797, 212.05, 463.01
   62280,   62340,431.57,1378.3,2375.4,28.894, 144.05, 337.54
   62340,   62400,-9999,-9999,-9999,-9999, -9999, -9999
   62400,   62460,-9999,-9999,-9999,-9999, -9999, -9999
   62460,   62520,-9999,-9999,-9999,-9999, -9999, -9999
   62520,   62580,-9999,-9999,-9999,-9999, -9999, -9999
   62580,   62640,-9999,-9999,-9999,-9999, -9999, -9999
   62640,   62700,-9999,-9999,-9999,-9999, -9999, -9999
   62700,   62760,-9999,-9999,-9999,-9999, -9999, -9999
   62760,   62820,1764,2475.5,6154.2,108.84, 242.79, 715.42
   62820,   62880,808.71,1912,3291.6,51.522, 192.08, 429.16
   62880,   62940,1460.1,3557.2,5658.1,90.605, 340.14, 665.81
   62940,   63000,1723,3731.3,5598.6,106.38, 355.82, 659.86
   63000,   63060,1371.8,2299.8,4291.5,85.31, 226.98, 529.15
   63060,   63120,394.98,1258.3,2127,26.699, 133.24, 312.7
   63120,   63180,631.83,1630.8,2612.9,40.91, 166.77, 361.29
   63180,   63240,302.47,1062.4,1837.4,21.148, 115.62, 283.74
