CampaignData_and_Merges/R0/CSL_MobileLab_Parked/raw/20240729/USOS-MetNav_MobileLabGround_20240729_R0.ict
44, 1001
Carrie Womack, Nate Howard, Mike Zucker
NOAA Chemical Sciences Laboratory
Mobile Lab MetNav Station
USOS
1, 1
2024, 07, 29, 2024, 12, 21
60
Time_Start, seconds_past_midnight, Seconds from midnight UTC
11
1, 1, 1, 1, 1, 1, 1, 1, 1, 1, 1
-9999, -9999, -9999, -9999, -9999, -9999, -9999, -9999, -9999, -9999, -9999
GPS_Alt_m, meters, Altitude from Differential GPS
GPS_Course_deg, degrees, Course from Differential GPS
GPS_GndSpd_m_s, m/s, Ground Speed from Differential GPS
GPS_Heading_deg, degrees, Heading from Differential GPS
GPS_Lat_deg, degrees, Latitude from Differential GPS
GPS_Lon_deg, degrees, Longitude from Differential GPS
AirTemp_C, Celsius, Air Temperature from Airmar
RelHumidity_pct, percent, Relative Humidity from Airmar
Pressure_mb, millibars, Pressure from Honeywell
WindDir_calc_deg, degrees, Wind Direction from Airmar corrected for van movement
WindSpd_calc_m_s, m/s, Wind Speed from Airmar corrected for van movement
1
SPECIAL COMMENTS:
18
PI_CONTACT_INFO: Address: 325 Broadway R/CSL7, Boulder, CO, 80305
PLATFORM: CSL Mobile Lab
LOCATION: Salt Lake City, UT
ASSOCIATED_DATA: N/A
INSTRUMENT_INFO: N/A
DATA_INFO: Units:
UNCERTAINTY: N/A
ULOD_FLAG: -7777
ULOD_VALUE: N/A
LLOD_FLAG: -8888
LLOD_VALUE: N/A
DM_CONTACT_INFO: Data Manager: Nate Howard
PROJECT_INFO: 
STIPULATIONS_ON_USE: Use of these data require prior ok from PI.
OTHER_COMMENTS: 
REVISION: R0
R0: Final data. Fixed bug in wind averaging code. RA: Preliminary Data. For in-field use only. 
Time_Start, GPS_Alt_m, GPS_Course_deg, GPS_GndSpd_m_s, GPS_Heading_deg, GPS_Lat_deg, GPS_Lon_deg, AirTemp_C, RelHumidity_pct, Pressure_mb, WindDir_calc_deg, WindSpd_calc_m_s
[from data line 628]
37680.0,1309.2,2.09,0.06,2.09,40.73434,-111.87211,19.8,24.0,873.1,158.59,1.3
37740.0,1309.1,2.35,0.05,2.35,40.73434,-111.87211,19.8,24.0,873.1,149.29,1.3
37800.0,1309.0,2.34,0.05,2.34,40.73434,-111.87211,19.8,24.0,873.1,158.90,1.5
37860.0,1309.1,1.81,0.05,1.81,40.73434,-111.87211,19.9,24.3,873.1,163.66,1.6
37920.0,1309.2,1.71,0.05,1.71,40.73434,-111.87211,19.8,24.8,873.1,149.11,1.1
37980.0,1309.1,2.21,0.05,2.21,40.73434,-111.87211,19.8,24.5,873.0,104.37,0.9
38040.0,1309.8,2.07,0.05,2.07,40.73434,-111.87211,19.8,24.4,873.1,122.09,1.2
38100.0,1309.7,2.26,0.05,2.26,40.73434,-111.87211,19.7,24.6,873.1,134.83,1.7
38160.0,1309.5,2.92,0.05,2.92,40.73434,-111.87211,19.7,24.5,873.1,141.02,2.1
38220.0,1309.5,2.58,0.05,2.58,40.73434,-111.87211,19.6,24.9,873.1,144.00,2.1
38280.0,1309.2,2.32,0.05,2.32,40.73434,-111.87210,19.6,24.8,873.1,119.77,0.9
38340.0,1309.2,2.49,0.06,2.49,40.73434,-111.87210,19.6,23.8,873.1,127.72,1.3
38400.0,1309.4,2.99,0.05,2.99,40.73434,-111.87210,19.6,24.6,873.1,148.56,2.1
38460.0,1309.5,2.55,0.04,2.55,40.73434,-111.87210,19.6,25.4,873.1,144.18,1.6
38520.0,1309.4,1.60,0.04,1.60,40.73434,-111.87210,19.6,25.7,873.1,140.16,1.4
38580.0,1309.3,1.54,0.05,1.54,40.73434,-111.87210,19.6,25.8,873.1,152.44,1.3
38640.0,1309.1,2.07,0.05,2.07,40.73434,-111.87210,19.6,26.1,873.1,149.49,1.4
38700.0,1309.0,1.72,0.05,1.72,40.73434,-111.87210,19.6,26.3,873.1,150.01,1.0
38760.0,1309.4,1.65,0.06,1.65,40.73434,-111.87210,19.5,25.9,873.1,165.39,1.4
38820.0,1309.7,1.64,0.05,1.64,40.73434,-111.87210,19.5,25.7,873.2,176.78,2.0
38880.0,1309.9,2.02,0.06,2.02,40.73434,-111.87210,19.5,25.5,873.2,145.30,1.5
38940.0,1309.5,2.23,0.05,2.23,40.73434,-111.87210,19.5,25.5,873.1,136.63,1.8
39000.0,1309.4,1.88,0.05,1.88,40.73434,-111.87210,19.4,26.1,873.2,142.98,1.4
39060.0,1309.2,2.64,0.05,2.64,40.73434,-111.87210,19.4,25.4,873.2,161.96,1.7
39120.0,1309.2,2.61,0.04,2.61,40.73434,-111.87210,19.3,26.1,873.2,127.74,1.4
39180.0,1309.3,2.56,0.04,2.56,40.73434,-111.87210,19.3,25.9,873.2,121.47,1.8
39240.0,1309.1,2.74,0.05,2.74,40.73434,-111.87210,19.2,25.6,873.2,122.32,1.3
39300.0,1309.0,2.46,0.05,2.46,40.73434,-111.87210,19.2,25.7,873.2,133.05,1.5
39360.0,1309.1,2.17,0.05,2.17,40.73434,-111.87210,19.1,25.8,873.2,116.95,1.4
39420.0,1309.3,1.60,0.05,1.60,40.73434,-111.87210,19.1,25.4,873.2,119.53,1.5
39480.0,1309.4,1.29,0.05,1.29,40.73434,-111.87210,19.1,25.3,873.2,127.63,1.6
39540.0,1309.4,1.77,0.04,1.77,40.73434,-111.87210,19.1,25.3,873.2,128.74,1.8
39600.0,1309.3,1.50,0.05,1.50,40.73434,-111.87210,19.1,25.2,873.2,131.43,1.4
39660.0,1309.3,1.13,0.04,1.13,40.73434,-111.87210,19.1,25.7,873.2,141.67,1.3
39720.0,1309.3,1.25,0.04,1.25,40.73434,-111.87210,19.1,25.4,873.2,123.99,1.1
39780.0,1309.5,1.46,0.05,1.46,40.73434,-111.87210,19.1,25.6,873.2,123.05,0.8
39840.0,1309.5,1.51,0.04,1.51,40.73434,-111.87210,19.1,25.1,873.2,119.55,0.8
39900.0,1309.6,1.36,0.05,1.36,40.73434,-111.87210,19.1,25.1,873.2,135.02,1.0
39960.0,1309.7,1.06,0.04,1.06,40.73434,-111.87210,19.2,25.5,873.3,151.01,1.6
40020.0,1309.7,1.14,0.05,1.14,40.73434,-111.87210,19.2,26.0,873.3,141.30,1.4
40080.0,1309.6,1.41,0.05,1.41,40.73434,-111.87210,19.1,25.8,873.2,130.14,1.1
40140.0,1309.6,0.95,0.05,0.95,40.73434,-111.87210,19.1,26.6,873.2,116.44,1.0
40200.0,1309.5,1.13,0.05,1.13,40.73434,-111.87210,18.9,26.1,873.2,120.20,1.5
40260.0,1309.3,1.80,0.04,1.80,40.73434,-111.87210,18.9,25.4,873.3,143.65,2.0
40320.0,1309.4,1.69,0.05,1.69,40.73434,-111.87210,18.9,26.3,873.3,136.96,1.2
40380.0,1309.4,1.57,0.05,1.57,40.73434,-111.87210,18.9,26.5,873.2,114.46,0.9
40440.0,1309.5,1.83,0.05,1.83,40.73434,-111.87211,18.9,25.8,873.2,116.52,1.6
40500.0,1309.7,1.82,0.05,1.82,40.73434,-111.87211,18.8,25.7,873.2,114.86,1.0
40560.0,1309.7,2.00,0.05,2.00,40.73434,-111.87211,18.9,25.3,873.2,125.32,0.7
40620.0,1309.7,2.08,0.05,2.08,40.73434,-111.87211,18.9,25.7,873.3,134.70,1.4
40680.0,1309.8,1.97,0.04,1.97,40.73434,-111.87211,18.8,25.5,873.3,126.83,1.3
40740.0,1309.9,2.20,0.05,2.20,40.73434,-111.87210,18.8,26.0,873.3,121.95,0.9
40800.0,1310.1,2.17,0.05,2.17,40.73434,-111.87210,18.8,25.9,873.2,116.64,0.8
40860.0,1310.2,1.60,0.05,1.60,40.73434,-111.87210,18.8,25.9,873.3,129.63,1.2
40920.0,1310.1,1.67,0.05,1.67,40.73434,-111.87211,18.7,26.4,873.3,131.19,0.8
40980.0,1309.7,2.12,0.06,2.12,40.73434,-111.87211,18.7,26.5,873.3,118.30,0.6
41040.0,1309.5,2.09,0.05,2.09,40.73434,-111.87211,18.7,26.2,873.3,128.12,0.9
41100.0,1309.4,2.08,0.05,2.08,40.73434,-111.87211,18.7,26.3,873.3,129.57,0.7
41160.0,1309.4,2.39,0.05,2.39,40.73434,-111.87211,18.6,27.2,873.3,143.95,1.2
41220.0,1309.3,2.04,0.05,2.04,40.73434,-111.87211,18.6,26.9,873.3,136.48,1.1
41280.0,1309.3,2.54,0.05,2.54,40.73434,-111.87211,18.6,26.8,873.3,135.67,1.2
41340.0,1309.3,2.56,0.05,2.56,40.73434,-111.87211,18.6,26.7,873.3,140.79,0.9
41400.0,1309.4,2.53,0.05,2.53,40.73434,-111.87211,18.6,27.3,873.3,131.24,0.8
41460.0,1309.9,2.67,0.05,2.67,40.73434,-111.87211,18.5,26.9,873.3,120.01,1.1
41520.0,1309.6,3.07,0.06,3.07,40.73434,-111.87211,18.5,26.8,873.4,130.00,0.7
41580.0,1309.8,3.01,0.05,3.01,40.73434,-111.87211,18.5,25.9,873.4,140.00,1.1
41640.0,1309.9,3.11,0.06,3.11,40.73434,-111.87211,18.5,27.1,873.4,149.38,1.7
41700.0,1309.8,3.22,0.05,3.22,40.73434,-111.87211,18.5,27.1,873.4,137.89,1.1
41760.0,1309.4,3.11,0.05,3.11,40.73434,-111.87211,18.5,27.0,873.4,146.80,0.9
41820.0,1309.4,3.19,0.05,3.19,40.73434,-111.87211,18.4,26.9,873.4,153.07,1.4
41880.0,1309.5,2.95,0.05,2.95,40.73434,-111.87210,18.5,26.6,873.5,175.38,1.3
41940.0,1309.2,3.51,0.05,3.51,40.73434,-111.87210,18.5,26.7,873.5,131.31,0.7
42000.0,1309.2,3.64,0.04,3.64,40.73434,-111.87210,18.5,26.9,873.5,112.73,0.8
42060.0,1309.5,3.67,0.04,3.67,40.73434,-111.87210,18.5,26.5,873.5,133.95,1.3
42120.0,1309.4,4.43,0.05,4.43,40.73434,-111.87210,18.5,26.8,873.5,135.43,0.9
42180.0,1309.1,3.97,0.06,3.97,40.73434,-111.87210,18.4,26.8,873.5,136.18,1.3
42240.0,1308.7,3.82,0.05,3.82,40.73434,-111.87210,18.4,27.2,873.5,145.33,1.6
42300.0,1308.6,3.61,0.05,3.61,40.73434,-111.87210,18.4,27.1,873.5,141.18,1.3
42360.0,1308.4,3.67,0.05,3.67,40.73434,-111.87210,18.3,27.4,873.6,131.72,0.9
42420.0,1308.3,3.91,0.05,3.91,40.73434,-111.87210,18.3,27.2,873.5,103.42,0.5
42480.0,1308.3,3.97,0.05,3.97,40.73434,-111.87210,18.3,27.2,873.5,123.26,1.2
42540.0,1308.3,3.41,0.05,3.41,40.73434,-111.87210,18.2,27.4,873.5,106.36,0.7
42600.0,1308.1,3.46,0.05,3.46,40.73434,-111.87210,18.2,26.3,873.5,121.94,0.9
42660.0,1308.1,3.59,0.04,3.59,40.73434,-111.87210,18.2,26.8,873.5,138.25,1.3
42720.0,1308.2,3.03,0.05,3.03,40.73434,-111.87210,18.2,27.6,873.5,146.64,1.8
42780.0,1308.4,2.77,0.05,2.77,40.73434,-111.87210,18.2,27.2,873.5,146.29,2.0
42840.0,1308.5,2.67,0.06,2.67,40.73434,-111.87210,18.2,27.9,873.6,145.46,1.3
42900.0,1308.3,2.89,0.06,2.89,40.73434,-111.87210,18.2,27.5,873.6,153.98,1.3
42960.0,1308.2,3.08,0.05,3.08,40.73434,-111.87210,18.2,27.4,873.6,161.64,1.3
43020.0,1308.2,3.48,0.05,3.48,40.73434,-111.87210,18.1,27.6,873.6,151.33,1.7
43080.0,1308.3,3.77,0.05,3.77,40.73434,-111.87210,18.2,27.6,873.6,128.35,0.9
43140.0,1308.3,3.24,0.05,3.24,40.73434,-111.87210,18.1,27.2,873.6,105.72,0.6
43200.0,1308.3,2.65,0.05,2.65,40.73434,-111.87210,18.1,26.7,873.6,119.04,0.9
43260.0,1308.2,2.49,0.05,2.49,40.73434,-111.87210,18.1,26.3,873.6,129.33,1.3
43320.0,1308.1,2.80,0.04,2.80,40.73434,-111.87210,18.2,27.0,873.6,138.58,1.3
43380.0,1308.2,2.58,0.05,2.58,40.73434,-111.87210,18.1,27.1,873.6,142.25,1.1
43440.0,1308.2,2.66,0.04,2.66,40.73434,-111.87210,18.1,27.1,873.7,146.48,1.5
43500.0,1308.3,2.59,0.05,2.59,40.73434,-111.87210,18.1,27.5,873.7,128.91,0.8
43560.0,1308.3,2.48,0.04,2.48,40.73434,-111.87210,18.1,27.0,873.7,136.38,1.0
43620.0,1308.3,2.31,0.05,2.31,40.73434,-111.87210,18.1,27.2,873.7,130.31,0.7
43680.0,1308.3,2.73,0.04,2.73,40.73434,-111.87210,18.1,27.0,873.7,149.62,0.8
43740.0,1308.2,2.77,0.05,2.77,40.73434,-111.87210,18.1,27.5,873.8,152.03,1.9
43800.0,1308.2,3.36,0.04,3.36,40.73434,-111.87211,18.2,27.1,873.8,148.78,1.8
43860.0,1308.3,3.59,0.05,3.59,40.73434,-111.87211,18.1,27.3,873.7,99.86,0.7
43920.0,1308.3,3.33,0.04,3.33,40.73434,-111.87211,18.1,26.0,873.7,108.43,0.7
43980.0,1308.2,3.12,0.04,3.12,40.73434,-111.87211,18.2,25.3,873.7,107.57,0.6
44040.0,1308.2,2.41,0.04,2.41,40.73434,-111.87210,18.2,24.6,873.7,113.28,1.0
44100.0,1308.3,2.61,0.04,2.61,40.73434,-111.87211,18.2,24.4,873.7,131.71,0.9
44160.0,1308.4,2.94,0.05,2.94,40.73433,-111.87211,18.2,25.7,873.8,148.57,2.3
44220.0,1308.3,2.68,0.04,2.68,40.73433,-111.87211,18.2,27.1,873.8,149.44,1.4
44280.0,1308.2,2.82,0.05,2.82,40.73433,-111.87211,18.2,26.7,873.8,156.66,1.4
44340.0,1308.3,3.35,0.05,3.35,40.73433,-111.87211,18.3,26.5,873.8,159.02,1.5
44400.0,1308.4,3.55,0.04,3.55,40.73433,-111.87211,18.3,26.4,873.8,154.30,1.5
44460.0,1308.6,3.38,0.05,3.38,40.73433,-111.87211,18.3,26.4,873.9,144.84,1.5
44520.0,1308.6,2.72,0.04,2.72,40.73433,-111.87211,18.2,26.2,873.8,132.25,1.4
44580.0,1308.6,2.63,0.04,2.63,40.73433,-111.87211,18.2,25.4,873.9,138.86,1.9
44640.0,1308.6,2.40,0.05,2.40,40.73433,-111.87211,18.2,24.6,873.9,130.69,1.6
44700.0,1308.7,2.64,0.05,2.64,40.73433,-111.87211,18.3,24.2,873.9,118.10,1.4
44760.0,1308.7,2.84,0.05,2.84,40.73434,-111.87211,18.3,25.0,873.9,119.24,1.3
44820.0,1308.7,2.23,0.05,2.23,40.73434,-111.87211,18.3,25.9,873.9,115.20,1.0
44880.0,1308.7,2.15,0.04,2.15,40.73434,-111.87211,18.3,24.5,873.8,117.51,1.5
44940.0,1308.8,2.74,0.04,2.74,40.73434,-111.87211,18.4,24.2,873.9,121.72,1.3
45000.0,1308.9,2.45,0.04,2.45,40.73434,-111.87210,18.4,25.1,873.9,135.65,1.2
45060.0,1309.0,2.07,0.05,2.07,40.73434,-111.87210,18.4,25.2,873.9,138.82,1.7
45120.0,1308.9,2.12,0.04,2.12,40.73434,-111.87210,18.4,25.2,873.9,144.25,1.7
45180.0,1309.0,2.27,0.05,2.27,40.73434,-111.87210,18.4,25.3,873.9,128.97,1.1
45240.0,1309.4,2.29,0.04,2.29,40.73434,-111.87210,18.4,24.9,873.9,126.93,0.7
45300.0,1309.5,2.52,0.05,2.52,40.73434,-111.87210,18.5,24.0,873.9,110.17,0.6
45360.0,1309.4,2.14,0.04,2.14,40.73434,-111.87210,18.5,24.5,873.9,117.90,0.6
45420.0,1309.2,2.05,0.04,2.05,40.73434,-111.87210,18.5,24.2,874.0,127.59,1.1
45480.0,1309.1,1.89,0.05,1.89,40.73434,-111.87210,18.5,24.7,874.0,135.49,1.5
45540.0,1308.9,1.93,0.04,1.93,40.73434,-111.87210,18.6,24.6,874.0,140.19,1.7
45600.0,1308.7,2.08,0.04,2.08,40.73434,-111.87210,18.6,24.3,874.0,145.26,1.8
45660.0,1308.6,2.41,0.05,2.41,40.73434,-111.87210,18.7,24.3,874.0,139.95,1.6
45720.0,1308.5,2.28,0.04,2.28,40.73434,-111.87210,18.7,24.3,874.0,133.75,1.4
45780.0,1308.5,2.38,0.04,2.38,40.73434,-111.87210,18.7,24.0,874.0,139.96,1.6
45840.0,1308.5,2.42,0.04,2.42,40.73434,-111.87210,18.7,24.1,874.0,142.92,2.0
45900.0,1308.5,2.05,0.05,2.05,40.73434,-111.87210,18.7,23.4,874.0,130.24,2.0
45960.0,1308.5,2.86,0.04,2.86,40.73434,-111.87210,18.8,23.7,874.0,118.49,2.1
46020.0,1308.5,2.53,0.04,2.53,40.73433,-111.87210,18.8,23.5,874.0,116.56,1.9
46080.0,1308.6,2.20,0.04,2.20,40.73433,-111.87210,18.8,23.4,874.0,133.01,1.3
46140.0,1308.6,2.33,0.04,2.33,40.73433,-111.87210,18.8,23.0,874.0,112.32,1.7
46200.0,1308.6,2.42,0.04,2.42,40.73433,-111.87210,18.9,23.2,874.1,128.95,1.3
46260.0,1308.6,2.00,0.04,2.00,40.73433,-111.87210,18.9,23.0,874.1,135.80,1.4
46320.0,1308.6,2.04,0.04,2.04,40.73433,-111.87210,18.9,23.0,874.1,141.75,1.1
46380.0,1308.6,2.37,0.04,2.37,40.73433,-111.87210,19.0,23.7,874.0,141.82,0.4
46440.0,1308.6,3.02,0.04,3.02,40.73433,-111.87210,19.0,23.0,874.1,75.32,0.3
46500.0,1308.7,2.69,0.05,2.69,40.73433,-111.87210,19.0,22.6,874.1,115.47,0.3
46560.0,1308.6,2.17,0.05,2.17,40.73433,-111.87210,19.0,22.2,874.1,111.48,0.4
46620.0,1308.5,2.22,0.06,2.22,40.73433,-111.87210,19.1,22.8,874.1,83.54,0.4
46680.0,1308.8,2.52,0.05,2.52,40.73433,-111.87210,19.1,23.4,874.1,89.12,0.5
46740.0,1309.4,2.12,0.05,2.12,40.73433,-111.87210,19.1,23.9,874.1,120.43,0.6
46800.0,1309.4,2.24,0.05,2.24,40.73433,-111.87211,19.1,24.2,874.1,128.17,0.7
46860.0,1309.4,2.46,0.05,2.46,40.73433,-111.87211,19.1,23.1,874.1,131.99,0.8
46920.0,1309.6,2.47,0.04,2.47,40.73433,-111.87211,19.1,23.7,874.1,107.13,0.2
46980.0,1309.6,3.34,0.05,3.34,40.73433,-111.87211,19.3,23.3,874.1,256.70,0.2
47040.0,1309.7,3.19,0.04,3.19,40.73433,-111.87211,19.3,23.7,874.1,82.12,0.4
47100.0,1309.8,2.58,0.05,2.58,40.73434,-111.87211,19.3,24.4,874.1,111.71,0.8
47160.0,1309.9,2.04,0.05,2.04,40.73434,-111.87211,19.2,24.6,874.1,114.29,1.1
47220.0,1309.9,2.40,0.05,2.40,40.73434,-111.87211,19.3,24.6,874.1,103.38,0.4
47280.0,1309.8,2.45,0.04,2.45,40.73434,-111.87211,19.3,24.5,874.1,141.76,0.7
47340.0,1309.8,2.39,0.04,2.39,40.73434,-111.87211,19.5,23.2,874.1,161.30,1.3
47400.0,1309.9,2.46,0.05,2.46,40.73433,-111.87211,19.6,22.6,874.1,145.61,1.1
47460.0,1310.0,2.47,0.04,2.47,40.73433,-111.87211,19.6,23.1,874.1,137.87,1.2
47520.0,1310.1,2.31,0.05,2.31,40.73433,-111.87211,19.8,23.3,874.2,137.82,1.1
47580.0,1309.9,2.41,0.05,2.41,40.73433,-111.87211,20.0,23.8,874.1,126.51,0.8
47640.0,1309.8,2.10,0.04,2.10,40.73433,-111.87211,20.1,23.3,874.1,99.25,0.4
47700.0,1309.5,1.87,0.04,1.87,40.73434,-111.87211,20.3,23.3,874.1,82.39,0.2
47760.0,1309.4,1.72,0.04,1.72,40.73434,-111.87211,20.4,23.8,874.1,132.46,0.7
47820.0,1309.3,1.84,0.04,1.84,40.73434,-111.87211,20.5,23.3,874.2,138.72,1.2
47880.0,1309.5,1.80,0.04,1.80,40.73434,-111.87211,20.8,23.1,874.2,149.70,1.3
47940.0,1309.7,1.76,0.04,1.76,40.73434,-111.87211,21.0,23.2,874.2,147.41,1.8
48000.0,1309.6,1.98,0.04,1.98,40.73434,-111.87211,21.1,24.1,874.2,147.97,1.8
48060.0,1309.5,1.75,0.05,1.75,40.73433,-111.87211,21.2,24.0,874.3,151.78,1.9
48120.0,1309.5,2.21,0.04,2.21,40.73433,-111.87211,21.3,24.2,874.2,139.56,1.6
48180.0,1309.4,2.29,0.04,2.29,40.73433,-111.87211,21.3,23.2,874.2,137.20,1.5
48240.0,1309.4,2.03,0.05,2.03,40.73434,-111.87211,21.3,22.9,874.2,143.78,1.6
48300.0,1309.5,2.13,0.05,2.13,40.73433,-111.87211,21.5,22.9,874.3,135.25,0.7
48360.0,1309.5,1.85,0.05,1.85,40.73434,-111.87211,21.5,23.2,874.3,120.70,0.6
48420.0,1309.3,2.09,0.05,2.09,40.73434,-111.87211,21.5,22.5,874.2,128.07,1.2
48480.0,1309.3,2.18,0.05,2.18,40.73434,-111.87211,21.5,23.2,874.2,122.96,0.6
48540.0,1309.0,2.56,0.05,2.56,40.73434,-111.87211,21.5,22.9,874.2,197.36,0.2
48600.0,1309.0,2.16,0.04,2.16,40.73434,-111.87211,21.5,22.9,874.2,122.74,0.5
48660.0,1309.1,2.73,0.05,2.73,40.73434,-111.87211,21.4,22.8,874.2,124.18,0.8
48720.0,1309.2,2.27,0.05,2.27,40.73434,-111.87211,21.4,22.3,874.3,142.00,1.5
48780.0,1309.0,2.24,0.05,2.24,40.73434,-111.87211,21.3,21.8,874.3,143.12,1.5
48840.0,1308.7,2.47,0.05,2.47,40.73434,-111.87211,21.3,22.6,874.3,125.08,1.2
48900.0,1308.7,3.10,0.04,3.10,40.73434,-111.87211,21.3,23.3,874.3,128.08,0.8
48960.0,1308.7,2.66,0.05,2.66,40.73434,-111.87211,21.4,22.4,874.3,138.82,1.2
49020.0,1308.6,2.64,0.05,2.64,40.73434,-111.87211,21.6,22.3,874.3,143.91,0.7
49080.0,1308.5,2.64,0.05,2.64,40.73434,-111.87211,21.7,21.9,874.3,136.73,1.0
49140.0,1308.5,2.81,0.05,2.81,40.73434,-111.87211,21.8,22.9,874.3,131.66,1.2
49200.0,1308.5,2.56,0.05,2.56,40.73434,-111.87211,21.7,22.7,874.4,125.16,1.5
49260.0,1308.5,2.18,0.04,2.18,40.73434,-111.87211,21.8,22.0,874.4,127.90,1.5
49320.0,1308.6,2.26,0.04,2.26,40.73434,-111.87211,21.9,22.4,874.4,136.49,1.9
49380.0,1308.5,2.44,0.04,2.44,40.73434,-111.87211,22.0,22.6,874.4,139.52,2.3
49440.0,1308.5,2.95,0.04,2.95,40.73434,-111.87211,22.0,22.4,874.4,121.58,1.7
49500.0,1308.6,3.13,0.05,3.13,40.73434,-111.87211,22.2,23.0,874.4,117.12,1.3
49560.0,1308.6,3.37,0.04,3.37,40.73434,-111.87211,22.4,22.7,874.4,123.49,1.6
49620.0,1308.5,3.58,0.05,3.58,40.73434,-111.87211,22.5,23.2,874.4,125.80,1.1
49680.0,1308.4,3.37,0.04,3.37,40.73434,-111.87211,22.8,23.0,874.4,136.97,1.0
49740.0,1308.2,3.45,0.05,3.45,40.73434,-111.87211,23.0,22.8,874.5,164.27,1.3
49800.0,1308.2,3.16,0.05,3.16,40.73434,-111.87211,23.2,22.3,874.5,144.85,1.0
49860.0,1308.2,2.82,0.04,2.82,40.73434,-111.87211,23.5,23.8,874.5,121.30,0.5
49920.0,1308.3,2.48,0.05,2.48,40.73434,-111.87211,23.7,23.8,874.5,146.08,0.8
49980.0,1308.3,2.42,0.05,2.42,40.73434,-111.87211,23.7,23.1,874.5,146.59,1.6
50040.0,1308.4,2.02,0.05,2.02,40.73434,-111.87211,23.8,22.4,874.5,145.77,1.6
