CampaignData_and_Merges/R0/CSL_MobileLab_Parked/raw/20240729/USOS-MetNav_MobileLabGround_20240729_R0.ict
44, 1001
Carrie Womack, Nate Howard, Mike Zucker
NOAA Chemical Sciences Laboratory
Mobile Lab MetNav Station
USOS
1, 1
2024, 07, 29, 2024, 12, 21
60
Time_Start, seconds_past_midnight, Seconds from midnight UTC
11
1, 1, 1, 1, 1, 1, 1, 1, 1, 1, 1
-9999, -9999, -9999, -9999, -9999, -9999, -9999, -9999, -9999, -9999, -9999
GPS_Alt_m, meters, Altitude from Differential GPS
GPS_Course_deg, degrees, Course from Differential GPS
GPS_GndSpd_m_s, m/s, Ground Speed from Differential GPS
GPS_Heading_deg, degrees, Heading from Differential GPS
GPS_Lat_deg, degrees, Latitude from Differential GPS
GPS_Lon_deg, degrees, Longitude from Differential GPS
AirTemp_C, Celsius, Air Temperature from Airmar
RelHumidity_pct, percent, Relative Humidity from Airmar
Pressure_mb, millibars, Pressure from Honeywell
WindDir_calc_deg, degrees, Wind Direction from Airmar corrected for van movement
WindSpd_calc_m_s, m/s, Wind Speed from Airmar corrected for van movement
1
SPECIAL COMMENTS:
18
PI_CONTACT_INFO: Address: 325 Broadway R/CSL7, Boulder, CO, 80305
PLATFORM: CSL Mobile Lab
LOCATION: Salt Lake City, UT
ASSOCIATED_DATA: N/A
INSTRUMENT_INFO: N/A
DATA_INFO: Units:
UNCERTAINTY: N/A
ULOD_FLAG: -7777
ULOD_VALUE: N/A
LLOD_FLAG: -8888
LLOD_VALUE: N/A
DM_CONTACT_INFO: Data Manager: Nate Howard
PROJECT_INFO: 
STIPULATIONS_ON_USE: Use of these data require prior ok from PI.
OTHER_COMMENTS: 
REVISION: R0
R0: Final data. Fixed bug in wind averaging code. RA: Preliminary Data. For in-field use only. 
Time_Start, GPS_Alt_m, GPS_Course_deg, GPS_GndSpd_m_s, GPS_Heading_deg, GPS_Lat_deg, GPS_Lon_deg, AirTemp_C, RelHumidity_pct, Pressure_mb, WindDir_calc_deg, WindSpd_calc_m_s
0.0,1308.1,2.86,0.04,2.86,40.73433,-111.87211,35.1,16.3,870.6,93.43,0.8
60.0,1308.0,3.04,0.04,3.04,40.73433,-111.87210,35.2,16.4,870.6,101.47,0.6
120.0,1308.0,3.14,0.05,3.14,40.73433,-111.87210,35.1,16.1,870.6,27.54,0.4
180.0,1308.0,2.78,0.04,2.78,40.73433,-111.87210,34.9,15.8,870.6,324.70,0.2
240.0,1308.1,2.75,0.05,2.75,40.73433,-111.87210,34.9,15.9,870.6,63.22,0.3
300.0,1308.2,3.19,0.05,3.19,40.73433,-111.87210,34.9,16.1,870.6,71.75,0.6
360.0,1308.3,3.28,0.04,3.28,40.73433,-111.87210,34.9,16.0,870.6,97.08,0.4
420.0,1308.5,3.13,0.05,3.13,40.73433,-111.87210,34.9,15.6,870.6,87.83,0.3
480.0,1308.5,3.21,0.05,3.21,40.73433,-111.87210,34.8,15.7,870.6,52.27,0.4
540.0,1308.5,2.76,0.04,2.76,40.73433,-111.87210,34.8,15.6,870.6,325.60,0.4
600.0,1308.4,2.59,0.04,2.59,40.73433,-111.87210,34.7,15.9,870.6,351.28,0.1
660.0,1308.4,2.74,0.04,2.74,40.73433,-111.87210,34.7,15.9,870.6,18.13,0.1
720.0,1308.5,2.51,0.04,2.51,40.73433,-111.87210,34.7,16.2,870.6,85.94,0.7
780.0,1308.4,2.67,0.05,2.67,40.73433,-111.87210,34.7,16.5,870.6,89.72,0.4
840.0,1308.4,2.97,0.05,2.97,40.73433,-111.87210,34.7,16.4,870.6,85.24,0.5
900.0,1308.4,2.51,0.05,2.51,40.73433,-111.87210,34.5,16.1,870.6,44.03,0.5
960.0,1308.3,2.09,0.05,2.09,40.73433,-111.87210,34.4,16.1,870.6,6.18,0.4
1020.0,1308.3,2.49,0.05,2.49,40.73433,-111.87210,34.4,16.1,870.5,32.81,0.1
1080.0,1308.2,2.97,0.06,2.97,40.73433,-111.87210,34.5,16.2,870.5,61.28,0.3
1140.0,1308.1,2.80,0.05,2.80,40.73433,-111.87210,34.5,16.6,870.6,60.31,0.2
1200.0,1308.0,2.84,0.05,2.84,40.73433,-111.87210,34.3,16.0,870.5,337.04,0.4
1260.0,1308.0,2.94,0.05,2.94,40.73433,-111.87210,34.5,16.5,870.5,83.77,0.5
1320.0,1307.9,2.83,0.05,2.83,40.73433,-111.87210,34.5,16.6,870.5,95.59,0.5
1380.0,1307.9,3.04,0.05,3.04,40.73433,-111.87210,34.5,16.8,870.5,85.89,0.7
1440.0,1307.6,2.73,0.04,2.73,40.73433,-111.87210,34.4,16.6,870.5,77.47,0.7
1500.0,1307.4,2.74,0.04,2.74,40.73433,-111.87210,34.3,16.2,870.5,332.82,0.2
1560.0,1307.5,2.36,0.04,2.36,40.73434,-111.87210,34.2,16.2,870.5,26.80,0.3
1620.0,1307.9,1.97,0.05,1.97,40.73433,-111.87210,34.2,16.0,870.5,28.76,0.3
1680.0,1307.8,2.12,0.05,2.12,40.73433,-111.87210,34.2,16.3,870.5,87.96,0.7
1740.0,1307.5,2.19,0.05,2.19,40.73434,-111.87210,34.1,16.8,870.6,70.30,0.5
1800.0,1307.3,2.66,0.05,2.66,40.73434,-111.87210,34.0,16.8,870.6,89.95,0.7
1860.0,1307.2,2.79,0.05,2.79,40.73434,-111.87210,34.1,16.7,870.6,105.44,0.9
1920.0,1307.2,2.74,0.04,2.74,40.73434,-111.87210,34.1,16.7,870.6,98.90,0.7
1980.0,1307.2,2.55,0.05,2.55,40.73434,-111.87210,34.0,17.0,870.6,97.63,0.8
2040.0,1307.5,2.46,0.05,2.46,40.73434,-111.87210,34.1,16.5,870.6,15.66,0.1
2100.0,1307.7,2.64,0.05,2.64,40.73434,-111.87211,34.0,16.4,870.6,82.67,0.2
2160.0,1307.7,2.66,0.04,2.66,40.73434,-111.87211,34.0,16.5,870.6,7.69,0.2
2220.0,1307.7,2.71,0.04,2.71,40.73434,-111.87211,34.1,16.5,870.6,88.04,0.3
2280.0,1307.7,3.05,0.05,3.05,40.73434,-111.87211,34.0,16.2,870.6,358.51,0.4
2340.0,1308.0,3.70,0.04,3.70,40.73434,-111.87211,34.0,16.6,870.6,80.67,0.5
2400.0,1308.1,3.66,0.04,3.66,40.73434,-111.87211,34.0,16.6,870.6,93.02,0.4
2460.0,1308.2,3.45,0.05,3.45,40.73434,-111.87211,34.0,16.5,870.6,85.08,0.5
2520.0,1308.1,3.63,0.05,3.63,40.73434,-111.87211,34.0,16.4,870.6,100.39,0.2
2580.0,1307.9,3.37,0.05,3.37,40.73434,-111.87211,34.0,17.1,870.6,76.80,0.5
2640.0,1307.9,3.30,0.05,3.30,40.73434,-111.87211,34.0,17.1,870.6,116.14,0.6
2700.0,1308.2,3.23,0.04,3.23,40.73434,-111.87211,34.0,17.0,870.6,103.39,0.5
2760.0,1308.2,3.12,0.05,3.12,40.73434,-111.87211,34.1,16.9,870.6,115.56,0.9
2820.0,1308.2,3.09,0.05,3.09,40.73434,-111.87211,34.1,17.3,870.6,76.49,0.5
2880.0,1308.3,2.90,0.05,2.90,40.73434,-111.87211,34.1,17.0,870.6,69.48,0.3
2940.0,1308.3,3.11,0.05,3.11,40.73434,-111.87211,34.0,17.5,870.6,87.14,0.6
3000.0,1308.4,2.88,0.05,2.88,40.73434,-111.87211,34.0,17.2,870.6,106.71,0.6
3060.0,1308.5,2.85,0.05,2.85,40.73434,-111.87211,34.0,16.8,870.6,284.16,0.0
3120.0,1308.6,2.05,0.05,2.05,40.73434,-111.87211,34.1,16.5,870.6,99.40,0.3
3180.0,1308.6,2.17,0.04,2.17,40.73434,-111.87211,34.0,16.8,870.6,80.63,0.5
3240.0,1308.6,2.62,0.05,2.62,40.73434,-111.87211,34.0,16.8,870.6,102.68,0.3
3300.0,1308.6,2.54,0.05,2.54,40.73434,-111.87211,34.0,17.0,870.6,92.04,0.7
3360.0,1308.7,2.05,0.05,2.05,40.73434,-111.87211,34.0,17.5,870.6,118.31,1.1
3420.0,1308.6,2.22,0.05,2.22,40.73434,-111.87211,33.9,17.6,870.6,85.53,0.7
3480.0,1308.6,1.92,0.05,1.92,40.73434,-111.87211,33.7,17.4,870.6,60.85,0.6
3540.0,1308.6,1.94,0.05,1.94,40.73434,-111.87211,33.7,18.1,870.6,103.70,0.7
3600.0,1308.7,1.95,0.05,1.95,40.73434,-111.87211,33.7,18.0,870.6,98.70,0.5
3660.0,1308.7,1.56,0.05,1.56,40.73434,-111.87211,33.6,17.3,870.6,328.28,0.2
3720.0,1308.7,1.17,0.05,1.17,40.73434,-111.87211,33.6,17.6,870.6,109.10,0.7
3780.0,1308.7,1.35,0.05,1.35,40.73434,-111.87211,33.6,17.2,870.6,316.07,0.2
3840.0,1308.6,1.56,0.06,1.56,40.73434,-111.87211,33.6,16.9,870.6,137.04,0.1
3900.0,1308.5,2.16,0.04,2.16,40.73434,-111.87211,33.6,17.6,870.6,106.33,0.8
3960.0,1308.5,2.01,0.05,2.01,40.73434,-111.87211,33.6,17.7,870.6,104.93,0.8
4020.0,1308.4,2.20,0.05,2.20,40.73434,-111.87211,33.5,17.7,870.6,115.96,0.6
4080.0,1308.4,2.04,0.05,2.04,40.73434,-111.87211,33.5,17.7,870.6,79.55,0.5
4140.0,1308.2,2.10,0.05,2.10,40.73434,-111.87211,33.4,17.3,870.6,4.48,0.2
4200.0,1308.3,1.99,0.05,1.99,40.73434,-111.87211,33.4,17.2,870.6,69.98,0.3
4260.0,1308.6,2.15,0.06,2.15,40.73434,-111.87211,33.4,17.5,870.6,101.91,0.4
4320.0,1308.8,2.65,0.05,2.65,40.73433,-111.87211,33.3,17.6,870.6,103.06,0.7
4380.0,1308.5,1.92,0.04,1.92,40.73434,-111.87211,33.2,17.9,870.6,85.24,0.4
4440.0,1307.7,2.15,0.05,2.15,40.73434,-111.87211,33.2,17.8,870.6,55.99,0.3
4500.0,1307.4,2.04,0.04,2.04,40.73434,-111.87212,33.1,18.0,870.7,90.80,0.5
4560.0,1307.7,2.13,0.05,2.13,40.73434,-111.87211,33.0,18.1,870.7,87.96,0.9
4620.0,1308.0,2.59,0.06,2.59,40.73434,-111.87211,33.0,18.0,870.7,74.50,0.6
4680.0,1308.3,2.65,0.05,2.65,40.73434,-111.87211,33.0,18.4,870.7,84.43,0.5
4740.0,1308.6,2.77,0.05,2.77,40.73434,-111.87211,32.9,17.9,870.7,94.68,0.4
4800.0,1307.8,2.88,0.06,2.88,40.73434,-111.87211,32.9,18.1,870.7,94.81,0.6
4860.0,1307.6,3.04,0.06,3.04,40.73434,-111.87212,32.8,18.4,870.7,92.33,0.7
4920.0,1307.7,2.96,0.05,2.96,40.73434,-111.87212,32.7,18.6,870.7,118.50,1.0
4980.0,1308.2,2.44,0.05,2.44,40.73434,-111.87211,32.8,18.5,870.7,96.88,0.5
5040.0,1308.7,2.09,0.04,2.09,40.73434,-111.87211,32.7,18.4,870.7,95.12,0.4
5100.0,1308.6,2.27,0.05,2.27,40.73434,-111.87211,32.7,18.5,870.7,87.16,0.4
5160.0,1308.8,2.63,0.06,2.63,40.73434,-111.87211,32.6,18.5,870.7,85.39,0.5
5220.0,1308.5,2.91,0.05,2.91,40.73434,-111.87211,32.6,18.5,870.7,89.76,0.8
5280.0,1309.0,3.07,0.05,3.07,40.73434,-111.87211,32.5,18.5,870.7,112.04,0.9
5340.0,1309.0,2.53,0.04,2.53,40.73434,-111.87211,32.4,18.7,870.7,88.20,0.6
5400.0,1308.8,2.16,0.05,2.16,40.73434,-111.87211,32.2,18.3,870.7,60.79,0.6
5460.0,1308.9,2.04,0.06,2.04,40.73434,-111.87211,32.2,18.7,870.7,106.86,0.7
5520.0,1309.1,2.20,0.05,2.20,40.73434,-111.87211,32.2,18.9,870.7,92.60,0.7
5580.0,1309.1,2.46,0.05,2.46,40.73434,-111.87211,32.1,18.8,870.7,102.65,0.6
5640.0,1309.2,2.40,0.05,2.40,40.73434,-111.87211,32.0,19.0,870.7,63.45,0.6
5700.0,1309.2,2.32,0.04,2.32,40.73434,-111.87211,31.9,18.9,870.8,82.67,0.5
5760.0,1309.3,2.71,0.05,2.71,40.73434,-111.87211,31.8,18.8,870.8,78.19,0.5
5820.0,1309.0,2.22,0.05,2.22,40.73434,-111.87211,31.9,19.1,870.8,102.45,0.4
5880.0,1309.4,2.49,0.05,2.49,40.73434,-111.87211,31.9,19.2,870.8,105.40,0.7
5940.0,1309.8,2.01,0.05,2.01,40.73433,-111.87211,31.9,19.3,870.8,77.22,0.6
6000.0,1309.4,2.66,0.05,2.66,40.73434,-111.87211,31.8,19.0,870.8,86.37,0.5
6060.0,1309.4,3.08,0.05,3.08,40.73434,-111.87211,31.7,19.2,870.8,82.18,0.7
6120.0,1309.4,3.14,0.06,3.14,40.73434,-111.87211,31.7,19.6,870.8,108.01,0.7
6180.0,1309.3,2.85,0.05,2.85,40.73434,-111.87211,31.7,19.9,870.8,119.87,0.9
6240.0,1309.3,2.90,0.05,2.90,40.73434,-111.87211,31.6,20.0,870.8,99.31,0.6
6300.0,1309.3,2.93,0.06,2.93,40.73434,-111.87211,31.6,20.0,870.8,108.24,0.5
6360.0,1309.5,3.44,0.05,3.44,40.73434,-111.87211,31.5,20.2,870.8,88.23,0.6
6420.0,1309.7,3.77,0.06,3.77,40.73434,-111.87211,31.5,20.3,870.8,90.40,0.7
6480.0,1309.7,3.27,0.05,3.27,40.73434,-111.87211,31.4,20.5,870.8,106.97,0.3
6540.0,1309.5,3.29,0.05,3.29,40.73434,-111.87211,31.4,20.5,870.9,72.65,0.5
6600.0,1309.5,3.53,0.05,3.53,40.73434,-111.87210,31.3,20.5,871.0,86.89,0.7
6660.0,1309.3,3.07,0.05,3.07,40.73434,-111.87211,31.3,20.8,871.1,98.15,0.5
6720.0,1309.1,2.72,0.06,2.72,40.73434,-111.87211,31.2,20.9,871.2,105.23,0.6
6780.0,1309.1,2.25,0.06,2.25,40.73434,-111.87211,31.1,20.7,871.2,93.96,0.5
6840.0,1308.9,2.35,0.06,2.35,40.73434,-111.87211,31.0,20.5,871.2,83.15,0.3
6900.0,1308.8,2.50,0.06,2.50,40.73434,-111.87211,31.0,20.6,871.2,74.56,0.5
6960.0,1308.6,2.60,0.07,2.60,40.73434,-111.87211,31.0,20.7,871.2,95.38,0.7
7020.0,1308.5,2.77,0.06,2.77,40.73434,-111.87211,30.8,20.4,871.2,49.41,0.7
7080.0,1308.5,2.69,0.05,2.69,40.73434,-111.87211,30.7,20.4,871.2,52.40,0.4
7140.0,1308.4,2.95,0.06,2.95,40.73434,-111.87211,30.7,20.8,871.2,79.05,0.6
7200.0,1308.4,3.13,0.05,3.13,40.73434,-111.87211,30.5,20.7,871.2,82.64,0.5
7260.0,1308.4,3.38,0.05,3.38,40.73434,-111.87211,30.4,20.9,871.2,69.68,0.5
7320.0,1308.3,3.15,0.07,3.15,40.73434,-111.87211,30.4,21.2,871.2,81.00,0.5
7380.0,1308.2,3.02,0.05,3.02,40.73434,-111.87211,30.4,20.9,871.2,123.91,0.5
7440.0,1308.1,3.58,0.05,3.58,40.73434,-111.87211,30.4,21.0,871.2,107.62,0.5
7500.0,1308.2,3.35,0.05,3.35,40.73434,-111.87211,30.4,21.1,871.2,97.15,0.5
7560.0,1308.2,2.99,0.05,2.99,40.73433,-111.87211,30.3,21.1,871.1,99.57,0.5
7620.0,1308.2,2.80,0.05,2.80,40.73433,-111.87211,30.3,21.1,871.1,88.61,0.4
7680.0,1308.1,3.06,0.05,3.06,40.73433,-111.87211,30.4,21.0,871.1,88.02,0.2
7740.0,1308.0,2.88,0.06,2.88,40.73433,-111.87211,30.4,21.2,871.1,122.62,0.4
7800.0,1307.9,1.99,0.05,1.99,40.73433,-111.87211,30.5,21.2,871.1,111.46,0.2
7860.0,1307.9,1.80,0.06,1.80,40.73433,-111.87211,30.6,21.1,871.2,1.48,0.0
7920.0,1308.1,2.01,0.06,2.01,40.73433,-111.87211,30.6,21.0,871.2,58.01,0.1
7980.0,1308.2,1.55,0.05,1.55,40.73433,-111.87211,30.5,21.2,871.2,35.16,0.2
8040.0,1308.1,1.90,0.05,1.90,40.73433,-111.87211,30.5,21.3,871.2,98.21,0.3
8100.0,1307.6,2.00,0.05,2.00,40.73433,-111.87211,30.3,21.4,871.2,79.30,0.5
8160.0,1307.3,2.23,0.05,2.23,40.73433,-111.87211,30.3,21.5,871.2,101.03,0.6
8220.0,1307.4,2.17,0.05,2.17,40.73433,-111.87211,30.2,21.5,871.2,91.15,0.4
8280.0,1307.6,1.99,0.06,1.99,40.73433,-111.87211,30.2,21.7,871.2,113.13,0.4
8340.0,1307.6,2.24,0.06,2.24,40.73433,-111.87211,30.1,21.8,871.2,114.49,0.5
8400.0,1307.9,1.78,0.05,1.78,40.73433,-111.87211,30.1,21.7,871.2,108.04,0.4
8460.0,1308.0,1.33,0.05,1.33,40.73433,-111.87211,30.2,21.8,871.2,113.09,0.4
8520.0,1307.9,1.79,0.04,1.79,40.73433,-111.87211,30.1,21.9,871.2,121.04,0.5
8580.0,1308.1,1.71,0.05,1.71,40.73433,-111.87211,30.1,21.8,871.2,113.55,0.4
8640.0,1308.3,1.25,0.05,1.25,40.73433,-111.87211,30.2,21.9,871.2,113.54,0.4
8700.0,1308.5,1.17,0.05,1.17,40.73433,-111.87211,30.2,22.0,871.2,126.92,0.6
8760.0,1308.5,1.22,0.05,1.22,40.73433,-111.87211,30.1,22.1,871.2,100.20,0.5
8820.0,1308.4,1.38,0.05,1.38,40.73433,-111.87211,30.1,22.1,871.3,113.35,0.7
8880.0,1308.4,1.81,0.05,1.81,40.73433,-111.87211,29.9,22.0,871.3,105.92,0.5
8940.0,1308.4,2.23,0.05,2.23,40.73433,-111.87211,29.8,22.1,871.3,117.55,0.7
9000.0,1308.3,2.30,0.05,2.30,40.73433,-111.87211,29.6,22.2,871.3,109.28,0.4
9060.0,1308.3,1.88,0.05,1.88,40.73433,-111.87211,29.6,22.1,871.3,126.65,0.3
9120.0,1308.5,1.45,0.05,1.45,40.73433,-111.87211,29.6,22.3,871.3,121.28,0.3
9180.0,1308.5,1.22,0.05,1.22,40.73433,-111.87211,29.7,22.4,871.3,128.85,0.3
9240.0,1308.5,1.17,0.06,1.17,40.73433,-111.87211,29.7,22.4,871.3,112.29,0.4
9300.0,1308.5,1.64,0.05,1.64,40.73433,-111.87211,29.7,22.5,871.3,104.35,0.4
9360.0,1308.6,1.66,0.06,1.66,40.73433,-111.87211,29.6,22.4,871.3,102.83,0.4
9420.0,1308.5,2.20,0.05,2.20,40.73433,-111.87211,29.4,22.6,871.3,113.30,0.6
9480.0,1308.4,2.46,0.05,2.46,40.73433,-111.87211,29.2,22.9,871.3,115.33,0.7
9540.0,1308.3,2.76,0.05,2.76,40.73433,-111.87211,29.0,22.7,871.3,109.10,0.8
9600.0,1308.3,2.60,0.05,2.60,40.73433,-111.87211,28.8,22.8,871.3,113.26,0.5
9660.0,1308.2,2.62,0.06,2.62,40.73433,-111.87211,28.8,22.9,871.3,118.53,0.6
9720.0,1308.1,2.62,0.06,2.62,40.73433,-111.87211,28.6,23.0,871.3,123.27,0.4
9780.0,1308.0,2.06,0.06,2.06,40.73434,-111.87211,28.6,23.0,871.3,112.11,0.4
9840.0,1308.0,1.82,0.06,1.82,40.73434,-111.87212,28.6,22.7,871.3,115.64,0.7
9900.0,1308.0,1.89,0.06,1.89,40.73434,-111.87212,28.5,23.0,871.3,121.15,0.7
9960.0,1308.1,2.68,0.05,2.68,40.73434,-111.87212,28.5,23.0,871.3,119.90,0.6
10020.0,1308.4,2.96,0.05,2.96,40.73434,-111.87212,28.4,22.9,871.4,110.53,0.4
10080.0,1308.5,3.41,0.06,3.41,40.73434,-111.87212,28.3,22.8,871.4,100.39,0.5
10140.0,1308.6,3.23,0.05,3.23,40.73434,-111.87211,28.2,22.9,871.4,121.31,0.8
10200.0,1308.1,3.10,0.05,3.10,40.73434,-111.87212,28.2,23.2,871.4,120.65,0.7
10260.0,1308.0,3.61,0.05,3.61,40.73434,-111.87212,28.1,23.2,871.4,124.66,1.1
10320.0,1308.0,3.56,0.05,3.56,40.73434,-111.87212,28.0,23.1,871.4,121.42,1.1
10380.0,1307.8,3.32,0.05,3.32,40.73434,-111.87212,27.9,23.1,871.4,117.71,1.0
10440.0,1307.7,2.97,0.06,2.97,40.73434,-111.87212,27.7,23.2,871.4,125.24,2.1
10500.0,1307.8,3.00,0.06,3.00,40.73434,-111.87212,27.5,23.1,871.4,114.42,2.4
10560.0,1307.8,3.11,0.05,3.11,40.73434,-111.87212,27.4,23.1,871.4,132.34,2.1
10620.0,1307.9,3.04,0.04,3.04,40.73434,-111.87211,27.3,23.5,871.4,121.63,1.9
10680.0,1308.1,3.01,0.05,3.01,40.73434,-111.87211,27.2,23.5,871.4,123.59,2.0
10740.0,1308.1,2.83,0.05,2.83,40.73434,-111.87211,27.1,23.5,871.4,119.91,1.8
10800.0,1308.4,2.96,0.04,2.96,40.73434,-111.87211,26.9,23.7,871.5,124.67,1.9
10860.0,1308.6,3.36,0.04,3.36,40.73434,-111.87211,26.8,23.8,871.5,125.67,2.2
10920.0,1308.3,3.58,0.04,3.58,40.73434,-111.87211,26.8,23.9,871.5,125.44,1.8
10980.0,1307.9,3.53,0.05,3.53,40.73434,-111.87211,26.7,23.9,871.5,124.42,2.2
11040.0,1308.0,3.91,0.05,3.91,40.73434,-111.87211,26.7,24.3,871.5,136.23,2.2
11100.0,1308.2,3.75,0.05,3.75,40.73434,-111.87211,26.6,24.3,871.5,117.85,1.8
11160.0,1308.4,3.54,0.05,3.54,40.73434,-111.87211,26.5,24.3,871.5,118.17,1.9
11220.0,1308.2,3.71,0.04,3.71,40.73434,-111.87211,26.4,24.2,871.5,118.38,2.6
11280.0,1308.2,3.29,0.05,3.29,40.73434,-111.87211,26.4,24.3,871.5,119.05,1.8
11340.0,1308.1,3.40,0.06,3.40,40.73434,-111.87211,26.3,24.3,871.5,118.45,1.6
11400.0,1308.3,3.20,0.05,3.20,40.73434,-111.87211,26.3,24.3,871.5,104.48,1.2
11460.0,1308.4,2.80,0.05,2.80,40.73434,-111.87211,26.2,24.4,871.5,127.18,1.3
11520.0,1308.4,2.64,0.04,2.64,40.73434,-111.87211,26.1,24.3,871.4,117.85,2.1
11580.0,1308.4,2.37,0.04,2.37,40.73434,-111.87211,26.0,24.4,871.5,128.40,1.7
11640.0,1308.3,2.54,0.05,2.54,40.73434,-111.87211,26.0,24.6,871.5,126.48,1.6
11700.0,1308.4,2.80,0.04,2.80,40.73434,-111.87211,25.9,24.4,871.5,121.15,2.1
11760.0,1308.4,2.95,0.05,2.95,40.73434,-111.87211,25.8,24.7,871.5,122.01,2.2
11820.0,1308.4,3.02,0.05,3.02,40.73434,-111.87211,25.8,24.5,871.5,112.41,1.7
11880.0,1308.3,2.64,0.04,2.64,40.73434,-111.87211,25.7,24.3,871.5,120.03,1.8
11940.0,1308.2,2.86,0.05,2.86,40.73434,-111.87211,25.7,24.2,871.5,114.52,1.7
12000.0,1308.3,2.96,0.05,2.96,40.73434,-111.87211,25.6,24.1,871.5,116.36,2.5
12060.0,1308.2,3.16,0.04,3.16,40.73434,-111.87211,25.7,24.2,871.5,115.41,1.3
12120.0,1308.2,2.97,0.05,2.97,40.73434,-111.87211,25.6,24.2,871.6,111.63,1.2
12180.0,1308.0,3.53,0.05,3.53,40.73434,-111.87211,25.6,24.2,871.6,120.46,1.6
12240.0,1307.9,3.32,0.06,3.32,40.73434,-111.87211,25.6,24.3,871.5,116.67,1.3
12300.0,1307.7,3.54,0.05,3.54,40.73434,-111.87211,25.6,24.3,871.5,111.33,1.4
12360.0,1307.8,3.60,0.05,3.60,40.73434,-111.87211,25.6,24.3,871.6,122.43,1.3
12420.0,1307.9,3.73,0.06,3.73,40.73434,-111.87211,25.6,24.4,871.6,107.26,0.5
12480.0,1307.9,3.73,0.06,3.73,40.73434,-111.87211,25.6,24.3,871.6,91.82,0.9
12540.0,1307.8,3.68,0.05,3.68,40.73434,-111.87211,25.5,24.3,871.6,103.45,0.6
12600.0,1307.6,3.27,0.05,3.27,40.73434,-111.87211,25.5,24.4,871.6,130.10,0.6
