CampaignData_and_Merges/R0/CSL_MobileLab_Parked/raw/20240729/USOS-jNO2_MobileLabGround_20240729_R0.ict
52,1001
Waxman, E.; Rollins, A.; Zuraski, K.; Chace, W.
NOAA Chemical Sciences Laboratory
jNO2 filter radiometer on CSL Mobile Lab
AMMBEC / USOS
1, 1
2024,07,29, 2025,04,01
60
Time_Start, seconds, number_of_seconds_since_0000_UTC
20
1, 1, 1, 1, 1, 1, 1, 1, 1, 1, 1, 1, 1, 1, 1, 1, 1, 1, 1, 1
-9999, -9999, -9999, -9999, -9999, -9999, -9999, -9999, -9999, -9999, -9999, -9999, -9999, -9999, -9999, -9999, -9999, -9999, -9999, -9999
Time_Stop, seconds, number_of_seconds_since_0000_UTC
jNO2_meas, per second, photolysis rate of NO2 measured using a filter radiometer.
jBrCl, per second, photolysis rate of BrCl -> Br + Cl calculated in TUV for cloud-free sky with local AOD
jBr2, per second, photolysis rate of Br2 -> Br + Br calculated in TUV for cloud-free sky with local AOD
jCCl4, per second, photolysis rate of CCl4 -> Products calcualted in TUV for cloud-free sky with local AOD
jCH2Oa, per second, photolysis rate of CH2O -> H + HCO calculated in TUV for cloud-free sky with local AOD
jCH2Ob, per second, photolysis rate of CH2O -> H2 + CO calculated in TUV for cloud-free sky with local AOD
jClNO2, per second, photolysis rate of ClNO2 -> Cl + NO2 calculated in TUV for cloud-free sky with local AOD
jClOa, per second, photolysis rate of ClO -> Cl + O(1D) calculated in TUV for cloud-free sky with local AOD
jClOb, per second, photolysis rate of ClO -> Cl + O(3P) calculated in TUV for cloud-free sky with local AOD
jCl2, per second, photolysis rate of Cl2 -> Cl + Cl calculated in TUV for cloud-free sky with local AOD
jHNO2, per second, photolysis rate of HNO2 -> OH + NO calculated in TUV for cloud-free sky with local AOD
jHNO3, per second, photolysis rate of HNO3 -> OH + NO2 calculated in TUV for cloud-free sky with local AOD
jI2, per second, photolysis rate of I2 -> I + I calculated in TUV for cloud-free sky with local AOD
jNO2, per second, photolysis rate of NO2 -> NO + O(3P) calculated in TUV for cloud-free sky with local AOD
jNO3a, per second, photolysis rate of NO3 -> NO + O2 calculated in TUV for cloud-free sky with local AOD
jNO3b, per second, photolysis rate of NO3 -> NO2 + O(3P) calculated in TUV for cloud-free sky with local AOD
jN2O5, per second, photolysis rate of N2O5 -> NO3 + NO + O(3P) calculated in TUV for cloud-free sky with local AOD
jO3, per second, photolysis rate of O3 -> O2 + O(1D) calculated in TUV for cloud-free sky with local AOD
AOD_500nm, unitless, UTC daily mean AOD at 500 nm from an AERONET station located at 40.178 N, -112.452 E
0
18
PI_CONTACT_INFO: eleanor.waxman@noaa.gov
PLATFORM: CSL Mobile Lab, at ground site
LOCATION: Salt Lake City, UT
ASSOCIATED_DATA:
INSTRUMENT_INFO: jNO2 filter radiometer.  TUV calculations are for mobile van lat/lon/altitude assuming clear sky (cloud AOD = 0) and daily mean AOD.
DATA_INFO:
UNCERTAINTY: Data uncertainties are +/- 20%.  These come from uncertainties in radiometer angular response, radiometer thermal response, local interferences from clouds/aerosols/shadows etc.
ULOD_FLAG: -7777
ULOD_VALUE: N/A
LLOD_FLAG: -8888
LLOD_VALUE: N/A
DM_CONTACT_INFO: eleanor.waxman@noaa.gov
PROJECT_INFO: USOS Project, July - August 2024
STIPULATIONS_ON_USE: Users are strongly encouraged to contact the PI for proper data usage.
OTHER_COMMENTS: 
REVISION: R0
R0: final data
Time_Start, Time_Stop, jNO2_meas, jBrCl, jBr2, jCCl4, jCH2Oa, jCH2Ob, jClNO2, jClOa, jClOb, jCl2, jHNO2, jHNO3, jI2, jNO2, jNO3a, jNO3b, jN2O5, jO3, AOD_500nm
[from data line 790]
   47400,   47460,0.00092707,0.001961,0.007378,3.077e-26,1.586e-06,3.979e-06,4.218e-05,1.157e-26,5.442e-07,0.0002638,0.0001859,1.759e-08,0.03273,0.001264,0.007463,0.05363,3.289e-06,3.635e-07,0.161
   47460,   47520,0.00095099,0.002017,0.007579,3.133e-26,1.64e-06,4.099e-06,4.345e-05,1.178e-26,5.668e-07,0.0002715,0.0001914,1.822e-08,0.03355,0.001301,0.007632,0.05494,3.39e-06,3.775e-07,0.161
   47520,   47580,0.00097592,0.002076,0.007794,3.192e-26,1.699e-06,4.229e-06,4.483e-05,1.199e-26,5.917e-07,0.0002799,0.0001972,1.89e-08,0.03443,0.001341,0.00781,0.05632,3.499e-06,3.929e-07,0.161
   47580,   47640,0.0010111,0.002136,0.008009,3.252e-26,1.759e-06,4.362e-06,4.623e-05,1.221e-26,6.175e-07,0.0002884,0.0002032,1.961e-08,0.0353,0.001382,0.007985,0.0577,3.61e-06,4.087e-07,0.161
   47640,   47700,0.0010557,0.002193,0.008211,3.309e-26,1.817e-06,4.489e-06,4.757e-05,1.242e-26,6.426e-07,0.0002965,0.0002089,2.029e-08,0.03611,0.001421,0.008149,0.05898,3.717e-06,4.241e-07,0.161
   47700,   47760,0.0010785,0.002253,0.008425,3.371e-26,1.88e-06,4.626e-06,4.901e-05,1.264e-26,6.702e-07,0.0003052,0.000215,2.103e-08,0.03696,0.001462,0.008321,0.06033,3.831e-06,4.41e-07,0.161
   47760,   47820,0.0011128,0.002314,0.008638,3.432e-26,1.944e-06,4.765e-06,5.048e-05,1.286e-26,6.986e-07,0.000314,0.0002212,2.179e-08,0.03781,0.001504,0.00849,0.06167,3.948e-06,4.584e-07,0.161
   47820,   47880,0.0011366,0.002371,0.008839,3.491e-26,2.006e-06,4.898e-06,5.188e-05,1.308e-26,7.263e-07,0.0003224,0.0002271,2.252e-08,0.03861,0.001544,0.008648,0.06292,4.059e-06,4.752e-07,0.161
   47880,   47940,0.0011758,0.002432,0.009052,3.553e-26,2.073e-06,5.042e-06,5.339e-05,1.33e-26,7.567e-07,0.0003314,0.0002334,2.331e-08,0.03944,0.001587,0.008814,0.06423,4.18e-06,4.937e-07,0.161
   47940,   48000,0.0012013,0.002493,0.009265,3.617e-26,2.142e-06,5.188e-06,5.492e-05,1.353e-26,7.88e-07,0.0003405,0.0002398,2.413e-08,0.04027,0.00163,0.008978,0.06553,4.302e-06,5.128e-07,0.161
   48000,   48060,0.0012363,0.002551,0.009464,3.677e-26,2.207e-06,5.328e-06,5.638e-05,1.375e-26,8.185e-07,0.0003492,0.0002459,2.491e-08,0.04105,0.001671,0.00913,0.06675,4.419e-06,5.313e-07,0.161
   48060,   48120,0.0012656,0.002612,0.009675,3.741e-26,2.278e-06,5.479e-06,5.796e-05,1.398e-26,8.519e-07,0.0003585,0.0002525,2.576e-08,0.04186,0.001715,0.00929,0.06802,4.545e-06,5.516e-07,0.161
   48120,   48180,0.0013007,0.002674,0.009885,3.807e-26,2.351e-06,5.631e-06,5.955e-05,1.422e-26,8.863e-07,0.0003678,0.0002591,2.663e-08,0.04267,0.001759,0.009447,0.06928,4.672e-06,5.723e-07,0.161
   48180,   48240,0.0013303,0.002731,0.01008,3.869e-26,2.42e-06,5.777e-06,6.107e-05,1.444e-26,9.197e-07,0.0003767,0.0002654,2.747e-08,0.04342,0.001801,0.009594,0.07046,4.794e-06,5.926e-07,0.161
   48240,   48300,0.0013604,0.002793,0.01029,3.936e-26,2.495e-06,5.934e-06,6.27e-05,1.468e-26,9.562e-07,0.0003863,0.0002721,2.838e-08,0.04422,0.001846,0.009748,0.07169,4.925e-06,6.146e-07,0.161
   48300,   48360,0.0014006,0.002854,0.0105,4.003e-26,2.572e-06,6.093e-06,6.435e-05,1.492e-26,9.937e-07,0.0003959,0.0002789,2.931e-08,0.045,0.001891,0.009899,0.07292,5.057e-06,6.373e-07,0.161
   48360,   48420,0.0014355,0.002912,0.01069,4.067e-26,2.644e-06,6.244e-06,6.592e-05,1.515e-26,1.03e-06,0.0004051,0.0002853,3.019e-08,0.04573,0.001934,0.01004,0.07403,5.183e-06,6.59e-07,0.161
   48420,   48480,0.0014693,0.002971,0.01089,4.134e-26,2.72e-06,6.399e-06,6.752e-05,1.54e-26,1.068e-06,0.0004144,0.0002918,3.113e-08,0.04647,0.001977,0.01018,0.0752,5.312e-06,6.823e-07,0.161
   48480,   48540,0.0015063,0.003031,0.01109,4.2e-26,2.8e-06,6.562e-06,6.921e-05,1.563e-26,1.109e-06,0.0004241,0.0002987,3.211e-08,0.04722,0.002022,0.01032,0.07636,5.448e-06,7.067e-07,0.161
   48540,   48600,0.0015426,0.003088,0.01128,4.266e-26,2.876e-06,6.719e-06,7.083e-05,1.587e-26,1.149e-06,0.0004334,0.0003052,3.305e-08,0.04793,0.002065,0.01046,0.07745,5.579e-06,7.306e-07,0.161
   48600,   48660,0.0015801,0.003149,0.01148,4.338e-26,2.959e-06,6.888e-06,7.256e-05,1.612e-26,1.192e-06,0.0004434,0.0003122,3.408e-08,0.04867,0.002111,0.0106,0.07861,5.719e-06,7.565e-07,0.161
   48660,   48720,0.0016079,0.00321,0.01168,4.464e-26,3.044e-06,7.059e-06,7.432e-05,1.673e-26,1.237e-06,0.0004534,0.0003192,3.512e-08,0.04941,0.002158,0.01074,0.07974,5.86e-06,7.835e-07,0.161
   48720,   48780,0.001648,0.003267,0.01187,4.466e-26,3.124e-06,7.221e-06,7.598e-05,1.659e-26,1.279e-06,0.0004629,0.0003259,3.612e-08,0.05009,0.002201,0.01087,0.0808,5.995e-06,8.088e-07,0.161
   48780,   48840,0.0016954,0.003328,0.01206,4.579e-26,3.211e-06,7.395e-06,7.777e-05,1.699e-26,1.328e-06,0.000473,0.000333,3.723e-08,0.05082,0.002248,0.01101,0.08193,6.14e-06,8.384e-07,0.161
   48840,   48900,0.001758,0.003392,0.01227,4.626e-26,3.306e-06,7.583e-06,7.969e-05,1.707e-26,1.379e-06,0.0004839,0.0003406,3.841e-08,0.05157,0.002297,0.01115,0.08309,6.296e-06,8.685e-07,0.161
   48900,   48960,0.0018063,0.00345,0.01246,4.702e-26,3.39e-06,7.751e-06,8.141e-05,1.742e-26,1.425e-06,0.0004936,0.0003474,3.947e-08,0.05225,0.002342,0.01128,0.08413,6.435e-06,8.964e-07,0.161
   48960,   49020,0.0018467,0.00351,0.01265,4.778e-26,3.482e-06,7.931e-06,8.324e-05,1.77e-26,1.477e-06,0.0005039,0.0003546,4.062e-08,0.05295,0.002388,0.01141,0.0852,6.584e-06,9.273e-07,0.161
   49020,   49080,0.0018789,0.00357,0.01285,4.855e-26,3.574e-06,8.112e-06,8.509e-05,1.797e-26,1.529e-06,0.0005143,0.0003619,4.18e-08,0.05364,0.002435,0.01154,0.08627,6.734e-06,9.586e-07,0.161
   49080,   49140,0.0019037,0.003626,0.01302,4.929e-26,3.662e-06,8.285e-06,8.683e-05,1.823e-26,1.58e-06,0.0005241,0.0003687,4.292e-08,0.05428,0.00248,0.01166,0.08725,6.877e-06,9.89e-07,0.161
   49140,   49200,0.001936,0.003685,0.01321,5.007e-26,3.757e-06,8.469e-06,8.87e-05,1.851e-26,1.635e-06,0.0005345,0.000376,4.413e-08,0.05496,0.002526,0.01178,0.08829,7.03e-06,1.022e-06,0.161
   49200,   49260,0.0019722,0.003745,0.0134,5.087e-26,3.853e-06,8.655e-06,9.059e-05,1.88e-26,1.692e-06,0.000545,0.0003833,4.536e-08,0.05563,0.002573,0.01191,0.08932,7.184e-06,1.056e-06,0.161
   49260,   49320,0.00202,0.0038,0.01358,5.163e-26,3.944e-06,8.831e-06,9.237e-05,1.907e-26,1.746e-06,0.0005549,0.0003902,4.654e-08,0.05625,0.002618,0.01202,0.09027,7.33e-06,1.088e-06,0.161
   49320,   49380,0.0020546,0.003859,0.01376,5.245e-26,4.043e-06,9.02e-06,9.428e-05,1.936e-26,1.805e-06,0.0005654,0.0003975,4.781e-08,0.0569,0.002665,0.01214,0.09127,7.486e-06,1.124e-06,0.161
   49380,   49440,0.002097,0.003918,0.01395,5.328e-26,4.142e-06,9.21e-06,9.62e-05,1.965e-26,1.866e-06,0.000576,0.0004049,4.911e-08,0.05755,0.002712,0.01226,0.09226,7.643e-06,1.16e-06,0.161
   49440,   49500,0.0021473,0.003973,0.01412,5.408e-26,4.237e-06,9.39e-06,9.801e-05,1.993e-26,1.925e-06,0.000586,0.0004118,5.034e-08,0.05815,0.002756,0.01237,0.09318,7.792e-06,1.195e-06,0.161
   49500,   49560,0.002187,0.00403,0.0143,5.493e-26,4.339e-06,9.583e-06,9.994e-05,2.024e-26,1.988e-06,0.0005965,0.0004191,5.167e-08,0.05878,0.002803,0.01249,0.09414,7.951e-06,1.233e-06,0.161
   49560,   49620,0.0022374,0.004088,0.01448,5.579e-26,4.442e-06,9.777e-06,0.0001019,2.054e-26,2.053e-06,0.0006072,0.0004265,5.303e-08,0.05941,0.00285,0.0126,0.09509,8.112e-06,1.273e-06,0.161
   49620,   49680,0.0022794,0.004142,0.01464,5.661e-26,4.54e-06,9.961e-06,0.0001037,2.083e-26,2.116e-06,0.0006172,0.0004335,5.432e-08,0.05999,0.002894,0.01271,0.09598,8.264e-06,1.31e-06,0.161
   49680,   49740,0.0023115,0.004199,0.01482,5.75e-26,4.645e-06,1.016e-05,0.0001057,2.115e-26,2.184e-06,0.0006279,0.0004409,5.571e-08,0.0606,0.002941,0.01282,0.09691,8.426e-06,1.351e-06,0.161
   49740,   49800,0.0023538,0.004256,0.015,5.84e-26,4.751e-06,1.035e-05,0.0001077,2.147e-26,2.253e-06,0.0006386,0.0004483,5.712e-08,0.0612,0.002988,0.01293,0.09783,8.589e-06,1.392e-06,0.161
   49800,   49860,0.0023927,0.004309,0.01516,5.925e-26,4.853e-06,1.054e-05,0.0001095,2.177e-26,2.321e-06,0.0006487,0.0004552,5.847e-08,0.06176,0.003032,0.01303,0.09868,8.744e-06,1.433e-06,0.161
   49860,   49920,0.0024296,0.004366,0.01533,6.017e-26,4.961e-06,1.074e-05,0.0001115,2.209e-26,2.393e-06,0.0006594,0.0004626,5.992e-08,0.06235,0.003079,0.01314,0.09957,8.909e-06,1.476e-06,0.161
   49920,   49980,0.0024711,0.004421,0.0155,6.111e-26,5.07e-06,1.094e-05,0.0001135,2.242e-26,2.467e-06,0.0006701,0.00047,6.139e-08,0.06293,0.003125,0.01324,0.1005,9.075e-06,1.521e-06,0.161
   49980,   50040,0.0025234,0.004474,0.01566,6.2e-26,5.175e-06,1.113e-05,0.0001154,2.274e-26,2.538e-06,0.0006802,0.0004769,6.28e-08,0.06347,0.003169,0.01334,0.1013,9.232e-06,1.564e-06,0.161
   50040,   50100,0.0025888,0.004529,0.01583,6.296e-26,5.285e-06,1.133e-05,0.0001174,2.308e-26,2.615e-06,0.000691,0.0004843,6.43e-08,0.06404,0.003215,0.01344,0.1021,9.399e-06,1.61e-06,0.161
   50100,   50160,0.002633,0.004584,0.01599,6.393e-26,5.398e-06,1.154e-05,0.0001194,2.342e-26,2.694e-06,0.0007017,0.0004917,6.584e-08,0.06461,0.003262,0.01354,0.103,9.568e-06,1.657e-06,0.161
   50160,   50220,0.0026767,0.004635,0.01615,6.486e-26,5.505e-06,1.173e-05,0.0001213,2.375e-26,2.77e-06,0.0007118,0.0004986,6.73e-08,0.06513,0.003305,0.01364,0.1038,9.726e-06,1.703e-06,0.161
   50220,   50280,0.0026997,0.00469,0.01631,6.586e-26,5.618e-06,1.193e-05,0.0001234,2.41e-26,2.851e-06,0.0007225,0.000506,6.885e-08,0.06568,0.003351,0.01374,0.1046,9.895e-06,1.752e-06,0.161
   50280,   50340,0.0027474,0.004744,0.01647,6.688e-26,5.735e-06,1.214e-05,0.0001254,2.446e-26,2.934e-06,0.0007333,0.0005133,7.045e-08,0.06622,0.003397,0.01383,0.1054,1.007e-05,1.802e-06,0.161
   50340,   50400,0.0027869,0.004794,0.01662,6.786e-26,5.842e-06,1.233e-05,0.0001273,2.48e-26,3.013e-06,0.0007434,0.0005203,7.193e-08,0.06673,0.00344,0.01392,0.1062,1.023e-05,1.85e-06,0.161
   50400,   50460,0.0028324,0.004848,0.01678,6.891e-26,5.959e-06,1.254e-05,0.0001294,2.517e-26,3.1e-06,0.0007542,0.0005276,7.355e-08,0.06726,0.003486,0.01402,0.107,1.04e-05,1.902e-06,0.161
   50460,   50520,0.0028826,0.0049,0.01694,6.997e-26,6.071e-06,1.272e-05,0.0001313,2.554e-26,3.189e-06,0.0007645,0.0005347,7.515e-08,0.06778,0.00353,0.01411,0.1078,1.056e-05,1.955e-06,0.161
   50520,   50580,0.0029299,0.004946,0.01708,7.098e-26,6.188e-06,1.293e-05,0.0001332,2.59e-26,3.273e-06,0.0007741,0.0005409,7.675e-08,0.06827,0.003568,0.0142,0.1086,1.072e-05,2.007e-06,0.161
   50580,   50640,0.0029701,0.005,0.01723,7.208e-26,6.309e-06,1.315e-05,0.0001354,2.628e-26,3.365e-06,0.0007855,0.0005488,7.844e-08,0.06878,0.003617,0.01429,0.1093,1.09e-05,2.062e-06,0.161
   50640,   50700,0.0030059,0.005054,0.01739,7.319e-26,6.426e-06,1.336e-05,0.0001374,2.668e-26,3.456e-06,0.0007962,0.0005562,8.01e-08,0.06929,0.003663,0.01438,0.1101,1.108e-05,2.118e-06,0.161
   50700,   50760,0.0030314,0.005103,0.01753,7.425e-26,6.538e-06,1.355e-05,0.0001394,2.705e-26,3.546e-06,0.0008064,0.0005631,8.17e-08,0.06976,0.003705,0.01446,0.1108,1.124e-05,2.172e-06,0.161
   50760,   50820,0.0030518,0.005154,0.01768,7.54e-26,6.664e-06,1.376e-05,0.0001415,2.745e-26,3.642e-06,0.0008172,0.0005705,8.346e-08,0.07026,0.003751,0.01455,0.1115,1.142e-05,2.231e-06,0.161
   50820,   50880,0.0030758,0.005205,0.01783,7.655e-26,6.786e-06,1.397e-05,0.0001435,2.786e-26,3.739e-06,0.0008278,0.0005775,8.52e-08,0.07075,0.003796,0.01464,0.1123,1.159e-05,2.29e-06,0.161
   50880,   50940,0.0031016,0.005252,0.01797,7.767e-26,6.902e-06,1.417e-05,0.0001454,2.825e-26,3.833e-06,0.0008378,0.0005844,8.686e-08,0.0712,0.003837,0.01472,0.113,1.175e-05,2.347e-06,0.161
   50940,   51000,0.0031479,0.005302,0.01812,7.886e-26,7.025e-06,1.438e-05,0.0001475,2.867e-26,3.934e-06,0.0008484,0.0005915,8.863e-08,0.07169,0.003881,0.0148,0.1137,1.193e-05,2.408e-06,0.161
   51000,   51060,0.0031792,0.005352,0.01826,8.008e-26,7.15e-06,1.459e-05,0.0001496,2.909e-26,4.036e-06,0.000859,0.0005987,9.043e-08,0.07215,0.003925,0.01489,0.1144,1.211e-05,2.47e-06,0.161
   51060,   51120,0.0032206,0.005399,0.0184,8.125e-26,7.268e-06,1.479e-05,0.0001515,2.95e-26,4.134e-06,0.000869,0.0006054,9.213e-08,0.07259,0.003966,0.01496,0.1151,1.227e-05,2.53e-06,0.161
   51120,   51180,0.0032843,0.005448,0.01854,8.25e-26,7.393e-06,1.5e-05,0.0001536,2.994e-26,4.24e-06,0.0008795,0.0006125,9.396e-08,0.07306,0.00401,0.01504,0.1158,1.245e-05,2.595e-06,0.161
   51180,   51240,0.0033377,0.005497,0.01868,8.378e-26,7.519e-06,1.521e-05,0.0001557,3.039e-26,4.347e-06,0.0008901,0.0006196,9.579e-08,0.07351,0.004053,0.01512,0.1164,1.262e-05,2.66e-06,0.161
   51240,   51300,0.0033861,0.005542,0.01881,8.501e-26,7.639e-06,1.541e-05,0.0001576,3.082e-26,4.449e-06,0.0009,0.0006262,9.754e-08,0.07394,0.004094,0.0152,0.1171,1.279e-05,2.723e-06,0.161
   51300,   51360,0.003436,0.005591,0.01895,8.633e-26,7.766e-06,1.563e-05,0.0001597,3.128e-26,4.56e-06,0.0009105,0.0006333,9.941e-08,0.07438,0.004137,0.01528,0.1177,1.297e-05,2.79e-06,0.161
   51360,   51420,0.0034592,0.005638,0.01908,8.767e-26,7.894e-06,1.584e-05,0.0001617,3.175e-26,4.672e-06,0.0009209,0.0006403,1.013e-07,0.07482,0.004179,0.01535,0.1184,1.315e-05,2.859e-06,0.161
   51420,   51480,0.0035039,0.005683,0.01921,8.896e-26,8.015e-06,1.604e-05,0.0001637,3.22e-26,4.779e-06,0.0009308,0.0006469,1.031e-07,0.07524,0.004219,0.01543,0.119,1.331e-05,2.925e-06,0.161
   51480,   51540,0.0035517,0.00573,0.01934,9.035e-26,8.143e-06,1.625e-05,0.0001657,3.268e-26,4.894e-06,0.0009412,0.0006538,1.05e-07,0.07567,0.004262,0.0155,0.1197,1.349e-05,2.995e-06,0.161
   51540,   51600,0.0035866,0.005777,0.01948,9.176e-26,8.273e-06,1.646e-05,0.0001678,3.317e-26,5.01e-06,0.0009515,0.0006607,1.069e-07,0.07609,0.004304,0.01557,0.1203,1.367e-05,3.067e-06,0.161
   51600,   51660,0.0036053,0.00582,0.0196,9.311e-26,8.395e-06,1.666e-05,0.0001698,3.364e-26,5.122e-06,0.0009613,0.0006673,1.088e-07,0.07649,0.004343,0.01564,0.1209,1.383e-05,3.136e-06,0.161
   51660,   51720,0.0036193,0.005866,0.01973,9.457e-26,8.526e-06,1.687e-05,0.0001718,3.415e-26,5.242e-06,0.0009716,0.0006741,1.107e-07,0.07691,0.004385,0.01572,0.1215,1.401e-05,3.209e-06,0.161
   51720,   51780,0.0036509,0.005912,0.01986,9.606e-26,8.656e-06,1.709e-05,0.0001739,3.467e-26,5.363e-06,0.0009819,0.000681,1.127e-07,0.07732,0.004427,0.01579,0.1221,1.419e-05,3.284e-06,0.161
   51780,   51840,0.0036808,0.005955,0.01998,9.748e-26,8.78e-06,1.728e-05,0.0001758,3.517e-26,5.479e-06,0.0009916,0.0006874,1.146e-07,0.0777,0.004466,0.01585,0.1227,1.436e-05,3.356e-06,0.161
   51840,   51900,0.003718,0.006,0.02011,9.901e-26,8.911e-06,1.75e-05,0.0001779,3.57e-26,5.604e-06,0.001002,0.0006942,1.166e-07,0.0781,0.004507,0.01592,0.1233,1.454e-05,3.433e-06,0.161
   51900,   51960,0.0037537,0.006044,0.02023,1.006e-25,9.043e-06,1.771e-05,0.0001799,3.625e-26,5.73e-06,0.001012,0.0007009,1.186e-07,0.0785,0.004547,0.01599,0.1239,1.471e-05,3.511e-06,0.161
   51960,   52020,0.0037787,0.006086,0.02035,1.021e-25,9.168e-06,1.791e-05,0.0001819,3.677e-26,5.85e-06,0.001022,0.0007073,1.205e-07,0.07887,0.004586,0.01606,0.1245,1.488e-05,3.585e-06,0.161
   52020,   52080,0.003799,0.00613,0.02047,1.037e-25,9.301e-06,1.812e-05,0.0001839,3.733e-26,5.98e-06,0.001032,0.000714,1.225e-07,0.07926,0.004626,0.01612,0.1251,1.506e-05,3.666e-06,0.161
   52080,   52140,0.0038451,0.006174,0.02059,1.053e-25,9.434e-06,1.833e-05,0.000186,3.791e-26,6.11e-06,0.001042,0.0007207,1.246e-07,0.07965,0.004666,0.01619,0.1256,1.524e-05,3.747e-06,0.161
   52140,   52200,0.0038753,0.006215,0.02071,1.069e-25,9.559e-06,1.853e-05,0.0001879,3.846e-26,6.235e-06,0.001051,0.0007269,1.265e-07,0.08001,0.004704,0.01625,0.1262,1.541e-05,3.824e-06,0.161
   52200,   52260,0.0039017,0.006257,0.02083,1.086e-25,9.693e-06,1.874e-05,0.0001899,3.905e-26,6.369e-06,0.001061,0.0007335,1.286e-07,0.08038,0.004744,0.01632,0.1267,1.558e-05,3.907e-06,0.161
   52260,   52320,0.0039457,0.0063,0.02094,1.104e-25,9.827e-06,1.895e-05,0.0001919,3.966e-26,6.504e-06,0.001071,0.0007401,1.307e-07,0.08076,0.004783,0.01638,0.1273,1.576e-05,3.992e-06,0.161
