CampaignData_and_Merges/R0/CSL_MobileLab_Parked/raw/20240729/USOS-NOAAIodideCIMS-HNO3_MobileLabGround_20240729_RA.ict
33, 1001
Michael A Robinson, Chris Jernigan, Subi Thakali
NOAA ESRL Chemical Sciences Laboratory and CIRES, U. of Colorado
NOAA Iodide CIMS Instrument
USOS
1, 1
2024, 07, 29, 2024, 07, 30
1
starttime_UTC, seconds_past_midnight, seconds_of_day_since_00:00:00_UTC
1
1
-9999
HNO3_NOAACIMS, pptv, Gas_HNO3_InSitu_S_AVMR, 
0
18
PI_CONTACT_INFO: 325 Broadway, R/CSD 7, Boulder, Colorado 80305; michael.a.robinson@noaa.gov; chris.jernigan@noaa.gov;
PLATFORM: NOAA CSL Mobile Lab
LOCATION: SLC, Utah
ASSOCIATED_DATA: 1Hz data also available on request.
INSTRUMENT_INFO: NOAA I- ToF CIMS
DATA_INFO: All data in parts per trillion by volume (pptv). 1 Hz data is available upon request.
UNCERTAINTY: TBD
ULOD_FLAG: -7777
ULOD_VALUE: N/A
LLOD_FLAG: -8888
LLOD_VALUE: N/A
DM_CONTACT_INFO: Nathan Howard; nathan.h.howard@noaa.gov
PROJECT_INFO: USOS, summer 2024. https://csl.noaa.gov/groups/csl7/measurements/2024usos/
STIPULATIONS_ON_USE: Users are strongly encouraged to contact the PI for proper data usage.
OTHER_COMMENTS: 
REVISION: RA
RA: Preliminary Data; For in-field use only
starttime_UTC, HNO3_NOAACIMS
     0, 502.533
    60, 479.109
   120, 479.540
   180, 494.123
   240, 491.107
   300, 473.129
   360, -9999.000
   420, 425.390
   480, 426.277
   540, 450.960
   600, 476.131
   660, 483.098
   720, 486.312
   780, 459.175
   840, 462.303
   900, 464.384
   960, 468.751
  1020, 477.495
  1080, 478.188
  1140, 464.852
  1200, 455.717
  1260, 471.426
  1320, 454.740
  1380, 446.163
  1440, 425.105
  1500, 452.194
  1560, 472.169
  1620, 469.606
  1680, 478.656
  1740, 463.518
  1800, 444.154
  1860, 448.556
  1920, 434.493
  1980, 453.869
  2040, 454.118
  2100, 465.564
  2160, 461.581
  2220, 416.476
  2280, 422.890
  2340, 428.335
  2400, 419.332
  2460, 445.925
  2520, 458.752
  2580, 462.606
  2640, 440.966
  2700, 431.941
  2760, 438.080
  2820, 437.785
  2880, 427.976
  2940, 437.480
  3000, 434.075
  3060, 431.890
  3120, 451.156
  3180, 459.280
  3240, 441.450
  3300, 443.621
  3360, 440.935
  3420, 433.108
  3480, 440.758
  3540, 412.212
  3600, 384.730
  3660, 387.119
  3720, 416.203
  3780, 414.905
  3840, 441.857
  3900, 445.313
  3960, 413.892
  4020, 404.340
  4080, 358.596
  4140, 349.183
  4200, 380.797
  4260, 397.297
  4320, 404.784
  4380, 394.922
  4440, 394.005
  4500, 394.152
  4560, 387.025
  4620, 373.677
  4680, 368.270
  4740, 362.351
  4800, 381.847
  4860, 377.596
  4920, 390.641
  4980, 377.867
  5040, 374.290
  5100, 373.358
  5160, 373.551
  5220, 375.983
  5280, 392.769
  5340, 394.048
  5400, 386.991
  5460, 390.707
  5520, 381.683
  5580, 378.031
  5640, 376.519
  5700, 387.888
  5760, 394.353
  5820, 389.152
  5880, 385.597
  5940, 349.527
  6000, 354.161
  6060, 365.306
  6120, 374.252
  6180, 377.362
  6240, -9999.000
  6300, -9999.000
  6360, -9999.000
  6420, -9999.000
  6480, -9999.000
  6540, -9999.000
  6600, -9999.000
  6660, -9999.000
  6720, -9999.000
  6780, -9999.000
  6840, -9999.000
  6900, -9999.000
  6960, -9999.000
  7020, -9999.000
  7080, -9999.000
  7140, -9999.000
  7200, -9999.000
  7260, -9999.000
  7320, -9999.000
  7380, -9999.000
  7440, -9999.000
  7500, -9999.000
  7560, -9999.000
  7620, -9999.000
  7680, -9999.000
  7740, -9999.000
  7800, -9999.000
  7860, -9999.000
  7920, -9999.000
  7980, -9999.000
  8040, -9999.000
  8100, -9999.000
  8160, -9999.000
  8220, -9999.000
  8280, -9999.000
  8340, -9999.000
  8400, -9999.000
  8460, -9999.000
  8520, -9999.000
  8580, -9999.000
  8640, -9999.000
  8700, -9999.000
  8760, -9999.000
  8820, -9999.000
  8880, -9999.000
  8940, -9999.000
  9000, -9999.000
  9060, -9999.000
  9120, -9999.000
  9180, -9999.000
  9240, -9999.000
  9300, -9999.000
  9360, -9999.000
  9420, 159.318
  9480, 166.456
  9540, -9999.000
  9600, 171.958
  9660, 163.971
  9720, 154.028
  9780, 150.231
  9840, 152.738
  9900, 157.499
  9960, 159.525
 10020, 160.664
 10080, 163.686
 10140, 166.876
 10200, 168.515
 10260, 165.901
 10320, 164.770
 10380, 164.267
 10440, 165.439
 10500, 165.407
 10560, 170.293
 10620, 173.629
 10680, 174.017
 10740, 176.784
 10800, 180.013
 10860, 176.559
 10920, 174.826
 10980, 172.873
 11040, 173.676
 11100, 167.425
 11160, 169.358
 11220, 167.116
 11280, 172.772
 11340, 175.508
 11400, 177.211
 11460, 180.493
 11520, 186.144
 11580, 199.212
 11640, 208.152
 11700, 209.802
 11760, 210.441
 11820, 208.106
 11880, 204.126
 11940, 200.137
 12000, 193.855
 12060, 189.306
 12120, 184.057
 12180, 180.946
 12240, 184.278
 12300, 191.201
 12360, 197.432
 12420, 200.996
 12480, 196.811
 12540, 194.017
 12600, 190.335
 12660, 184.515
 12720, 174.227
 12780, 165.789
 12840, 166.948
 12900, 171.018
 12960, 179.929
 13020, 181.753
 13080, 178.142
 13140, 174.850
 13200, 173.705
 13260, 167.920
 13320, 165.686
 13380, 164.042
 13440, 168.810
 13500, 169.247
 13560, 171.591
 13620, 170.666
 13680, 167.525
 13740, 160.576
 13800, 152.148
 13860, 147.247
 13920, 147.227
 13980, 154.320
 14040, 160.219
 14100, 158.059
 14160, 159.280
 14220, 153.020
 14280, 149.386
 14340, 141.009
 14400, 139.002
 14460, 136.839
 14520, 142.569
 14580, 149.137
 14640, 148.357
 14700, 146.280
 14760, 146.103
 14820, 140.973
 14880, 135.268
 14940, 135.615
 15000, 140.993
 15060, 142.380
 15120, 149.192
 15180, 139.518
 15240, 134.615
 15300, 134.000
 15360, 135.925
 15420, 139.804
 15480, 144.300
 15540, 143.957
 15600, 141.007
 15660, 134.739
 15720, 132.495
 15780, 125.643
 15840, 128.046
 15900, 135.241
 15960, 129.894
 16020, 132.262
 16080, 136.813
 16140, 137.605
 16200, 133.068
 16260, 132.907
 16320, 137.013
 16380, 139.017
 16440, 140.774
 16500, 140.590
 16560, 137.335
 16620, 138.094
 16680, 142.361
 16740, 152.147
 16800, 163.332
 16860, 167.024
 16920, -9999.000
 16980, 165.346
 17040, 163.223
 17100, 159.909
 17160, 161.057
 17220, 156.543
 17280, 163.057
 17340, 169.953
 17400, 170.485
 17460, 166.423
 17520, 168.040
 17580, 165.755
 17640, 163.081
 17700, 165.817
 17760, 171.082
 17820, 169.402
 17880, 168.595
 17940, 151.649
 18000, 150.191
 18060, 153.257
 18120, 156.572
 18180, 160.884
 18240, 166.086
 18300, 165.437
 18360, 165.618
 18420, 159.318
 18480, 158.297
 18540, 166.437
 18600, 172.229
 18660, 176.395
 18720, 175.669
 18780, 164.254
 18840, 167.011
 18900, 158.778
 18960, 165.001
 19020, 162.838
 19080, 165.901
 19140, 158.510
 19200, 157.280
 19260, 150.200
 19320, 147.689
 19380, 150.448
 19440, 158.155
 19500, 161.387
 19560, 157.644
 19620, 154.890
 19680, 149.783
 19740, 151.237
 19800, 151.580
 19860, 156.383
 19920, 157.832
 19980, 157.448
 20040, 148.848
 20100, 140.872
 20160, 143.709
 20220, 148.628
 20280, 151.888
 20340, 150.868
 20400, 145.845
 20460, 143.393
 20520, 143.824
 20580, 146.278
 20640, -9999.000
 20700, 146.933
 20760, 143.158
 20820, 143.294
 20880, 144.693
 20940, 147.427
 21000, 153.203
 21060, 153.469
 21120, 148.423
 21180, 142.532
 21240, 142.172
 21300, 146.291
 21360, 144.356
 21420, 142.236
 21480, 134.517
 21540, 134.013
 21600, 135.945
 21660, 143.903
 21720, 151.049
 21780, 147.752
 21840, 138.955
 21900, 138.096
 21960, 130.569
 22020, 132.265
 22080, 133.364
 22140, 141.132
 22200, 142.560
 22260, 142.296
 22320, 141.364
 22380, 140.365
 22440, 140.469
 22500, 139.388
 22560, 138.167
 22620, 136.504
 22680, 134.075
 22740, 133.523
 22800, 138.684
 22860, 140.810
 22920, 137.886
 22980, 134.072
 23040, 130.090
 23100, 126.866
 23160, 128.113
 23220, 125.179
 23280, 122.499
 23340, 118.255
 23400, 119.488
 23460, 122.820
 23520, 125.688
 23580, 123.374
 23640, 119.098
 23700, 118.631
 23760, 120.807
 23820, 122.566
 23880, 120.860
 23940, 120.058
 24000, 117.347
 24060, 120.573
 24120, 124.167
 24180, 123.569
 24240, 121.545
 24300, -9999.000
 24360, 133.849
 24420, 133.449
 24480, 135.172
 24540, 132.214
 24600, 126.844
 24660, 125.483
 24720, 126.420
 24780, 127.386
 24840, 126.885
 24900, 123.343
 24960, 123.991
 25020, 123.036
 25080, 124.047
 25140, 125.095
 25200, 118.634
 25260, 113.705
 25320, 113.517
 25380, 114.421
 25440, 115.677
 25500, 114.185
 25560, 110.851
 25620, 113.494
 25680, 118.390
 25740, 114.145
 25800, 108.138
 25860, 103.366
 25920, 102.896
 25980, 103.449
 26040, 103.716
 26100, 98.214
 26160, -9999.000
 26220, 105.724
 26280, 105.735
 26340, 103.451
 26400, 99.187
 26460, 97.932
 26520, 100.086
 26580, 105.321
 26640, 105.288
 26700, 101.597
 26760, 97.402
 26820, 98.058
 26880, 100.107
 26940, 101.966
 27000, 99.648
 27060, 101.515
 27120, 106.193
 27180, 108.442
 27240, 108.870
 27300, 104.243
 27360, 103.384
 27420, 101.136
 27480, 103.569
 27540, 104.791
 27600, 102.077
 27660, 100.586
 27720, 101.315
 27780, 102.792
 27840, 99.861
 27900, 94.517
 27960, 93.848
 28020, -9999.000
 28080, 108.428
 28140, 106.007
 28200, 101.910
 28260, 98.163
 28320, 100.365
 28380, 100.702
 28440, 100.293
 28500, 95.010
 28560, 96.226
 28620, 99.145
 28680, 97.949
 28740, 95.471
 28800, 92.419
 28860, 90.645
 28920, 90.646
 28980, 90.673
 29040, 86.350
 29100, 83.644
 29160, 88.589
 29220, 87.693
 29280, 87.274
 29340, 84.150
 29400, 85.420
 29460, 85.703
 29520, 85.898
 29580, 87.415
 29640, 81.305
 29700, 86.804
 29760, 88.376
 29820, 89.353
 29880, 85.685
 29940, 85.936
 30000, 88.342
 30060, 91.553
 30120, 88.949
 30180, 87.714
 30240, 90.420
 30300, 93.234
 30360, 94.076
 30420, 93.796
 30480, 93.848
 30540, 96.911
 30600, 98.469
 30660, 100.088
 30720, 98.683
 30780, 95.943
 30840, 99.489
 30900, 102.225
 30960, 100.760
 31020, 99.947
 31080, 100.085
 31140, 103.782
 31200, 102.425
 31260, 99.409
 31320, 96.614
 31380, 97.063
 31440, 100.340
 31500, 100.584
 31560, 100.404
 31620, 96.241
 31680, -9999.000
 31740, 102.487
 31800, 99.187
 31860, 95.981
 31920, 93.493
 31980, 96.292
 32040, 98.296
 32100, 96.393
 32160, 90.904
 32220, 88.941
 32280, 86.988
 32340, 95.530
 32400, 97.650
 32460, 94.911
 32520, 91.997
 32580, 90.222
 32640, 87.964
 32700, 84.402
 32760, 81.114
 32820, 79.591
 32880, 79.776
 32940, 80.960
 33000, 78.554
 33060, 78.563
 33120, 78.511
 33180, 76.766
 33240, 76.395
 33300, 77.841
 33360, 71.963
 33420, 70.579
 33480, 69.850
 33540, 65.273
 33600, 67.691
 33660, 74.731
 33720, 73.039
 33780, 70.445
 33840, 66.745
 33900, 62.504
 33960, 64.567
 34020, 63.628
 34080, 65.980
 34140, 64.173
 34200, 59.912
 34260, 59.276
 34320, 61.692
 34380, 57.459
 34440, 57.402
 34500, 58.002
 34560, 60.096
 34620, 58.873
 34680, 61.966
 34740, 60.268
 34800, 62.250
 34860, 59.539
 34920, 58.548
 34980, 58.334
 35040, 62.241
 35100, 62.875
 35160, 58.504
 35220, 59.267
 35280, 57.980
 35340, 62.468
 35400, -9999.000
 35460, 64.631
 35520, 67.267
 35580, 70.505
 35640, 72.217
 35700, 70.731
 35760, 70.139
 35820, 70.802
 35880, 73.310
 35940, 70.517
 36000, 68.355
 36060, 67.554
 36120, 68.469
 36180, 67.503
 36240, 66.858
 36300, 66.382
 36360, 68.342
 36420, 68.595
 36480, 61.724
 36540, 61.440
 36600, 61.709
 36660, 65.257
 36720, 65.669
 36780, 62.524
 36840, 61.931
 36900, 63.288
 36960, 63.670
 37020, 63.601
 37080, 63.203
 37140, 61.596
 37200, 62.540
 37260, 61.979
 37320, 64.649
 37380, 63.888
 37440, 67.206
 37500, 67.678
 37560, 66.348
 37620, 62.734
 37680, 64.960
 37740, 64.547
 37800, 65.518
 37860, 63.565
 37920, 64.221
 37980, 66.111
 38040, 67.187
 38100, 66.159
 38160, 61.204
 38220, 61.514
 38280, 58.683
 38340, 54.108
 38400, 56.783
 38460, 57.967
 38520, 58.397
 38580, 56.414
 38640, 54.760
 38700, 55.726
 38760, 55.312
 38820, 54.889
 38880, 53.309
 38940, 55.697
 39000, 56.151
 39060, 52.704
 39120, 59.348
 39180, 56.810
 39240, 58.437
 39300, 61.350
 39360, 60.075
 39420, 59.008
 39480, 60.924
 39540, 61.108
 39600, 63.098
 39660, 60.035
 39720, 59.538
 39780, 60.075
 39840, 60.321
 39900, 59.329
 39960, 59.059
 40020, 60.012
 40080, 58.966
 40140, 57.357
 40200, 52.428
 40260, 54.917
 40320, 58.714
 40380, 52.929
 40440, 49.594
 40500, 48.931
 40560, 53.258
 40620, 55.297
 40680, 56.080
 40740, 54.233
 40800, 53.733
 40860, 51.871
 40920, 51.167
 40980, 52.744
 41040, 52.602
 41100, 53.313
 41160, 51.123
 41220, 52.264
 41280, 46.144
 41340, 39.059
 41400, 37.260
 41460, 39.222
 41520, 37.617
 41580, 42.161
 41640, 40.853
 41700, 37.384
 41760, 36.511
 41820, 36.969
 41880, 33.767
 41940, 38.386
 42000, 41.273
 42060, 45.022
 42120, 41.718
 42180, 36.265
 42240, 35.726
 42300, 38.326
 42360, 41.997
 42420, 37.504
 42480, 34.186
 42540, 32.806
 42600, 32.924
 42660, 39.686
 42720, 37.145
 42780, -9999.000
 42840, 44.858
 42900, 41.174
 42960, 41.504
 43020, 41.312
 43080, 41.185
 43140, 39.637
 43200, 38.284
 43260, 44.248
 43320, 47.122
 43380, 39.473
 43440, 40.644
 43500, 44.035
 43560, 37.816
 43620, 34.029
 43680, 36.311
 43740, 36.911
 43800, 34.465
 43860, 34.169
 43920, 33.399
 43980, 37.166
 44040, 41.256
 44100, 44.697
 44160, 46.555
 44220, 44.987
 44280, 41.637
 44340, 39.670
 44400, 41.411
 44460, 43.220
 44520, 38.620
 44580, 36.924
 44640, -9999.000
 44700, 46.333
 44760, 48.673
 44820, 44.195
 44880, 43.010
 44940, 47.944
 45000, 48.409
 45060, 45.332
 45120, 40.795
 45180, 38.004
 45240, 39.946
 45300, 42.740
 45360, 45.383
 45420, 45.523
 45480, 40.213
 45540, 34.918
 45600, 33.986
 45660, 35.865
 45720, 37.147
 45780, 35.478
 45840, 33.460
 45900, 35.115
 45960, 37.950
 46020, 31.700
 46080, 36.424
 46140, 38.749
 46200, 43.591
 46260, 44.069
 46320, 44.947
 46380, 48.024
 46440, 50.326
 46500, -9999.000
 46560, 50.751
 46620, 51.254
 46680, 49.092
 46740, 46.826
 46800, 44.596
 46860, 58.256
 46920, 169.586
 46980, 177.970
 47040, 154.607
 47100, 140.002
 47160, 127.647
 47220, 117.875
 47280, 113.545
 47340, 104.561
 47400, 100.337
 47460, 95.172
 47520, 88.036
 47580, 80.889
 47640, 80.623
 47700, 87.156
 47760, 87.933
 47820, 87.271
 47880, 85.031
 47940, 82.062
 48000, 80.600
 48060, 73.174
 48120, 68.440
 48180, 60.979
 48240, 62.964
 48300, 65.019
 48360, 74.151
 48420, 74.737
 48480, 76.250
 48540, 81.313
 48600, 84.961
 48660, 86.774
 48720, 87.618
 48780, 93.301
 48840, 96.603
 48900, 98.370
 48960, 93.293
 49020, 94.214
 49080, 97.575
 49140, 94.273
 49200, 83.566
 49260, 82.053
 49320, 76.667
 49380, 69.890
 49440, 79.701
 49500, 80.322
 49560, 88.140
 49620, 82.926
 49680, 85.916
 49740, 85.095
 49800, 76.950
 49860, 74.443
 49920, 75.825
 49980, 79.804
 50040, 81.318
 50100, 85.157
 50160, -9999.000
 50220, 100.033
 50280, 101.043
 50340, 100.208
 50400, 98.587
 50460, 104.533
 50520, 104.128
 50580, 105.756
 50640, 111.894
 50700, 112.328
 50760, 112.143
 50820, 109.121
 50880, 107.848
 50940, 103.644
 51000, 111.624
 51060, 119.262
 51120, 122.714
 51180, 123.178
 51240, 121.071
 51300, 117.626
 51360, 116.520
 51420, 122.206
 51480, 125.502
 51540, 126.651
 51600, 127.796
 51660, 129.400
 51720, 127.324
 51780, 120.608
 51840, 125.676
 51900, 127.647
 51960, 136.370
 52020, -9999.000
 52080, 139.070
 52140, 141.819
 52200, 138.076
 52260, 135.461
 52320, 143.203
 52380, 152.457
 52440, 158.717
 52500, 164.176
 52560, 162.793
 52620, 164.317
 52680, 156.009
 52740, 151.550
 52800, 148.003
 52860, 142.962
 52920, 140.003
 52980, 148.662
 53040, 161.788
 53100, 166.803
 53160, 163.254
 53220, 158.538
 53280, 160.875
 53340, 160.708
 53400, 154.896
 53460, 153.911
 53520, 157.616
 53580, 163.810
 53640, 168.347
 53700, 168.540
 53760, 175.848
 53820, 182.991
 53880, -9999.000
 53940, 170.981
 54000, 170.305
 54060, 171.737
 54120, 172.402
 54180, 175.845
 54240, 175.372
 54300, 177.969
 54360, 181.983
 54420, 190.586
 54480, 197.902
 54540, 214.750
 54600, 228.146
 54660, 226.890
 54720, 221.914
 54780, 221.904
 54840, 210.153
 54900, 215.642
 54960, 214.648
 55020, 210.973
 55080, 217.766
 55140, 210.773
 55200, 204.792
 55260, 216.121
 55320, 224.655
 55380, 219.410
 55440, 214.401
 55500, 221.087
 55560, 221.087
 55620, 218.480
 55680, 214.525
 55740, 219.304
 55800, 213.367
 55860, 214.381
 55920, 200.422
 55980, 192.118
 56040, 208.897
 56100, 215.463
 56160, 221.731
 56220, 228.630
 56280, 231.869
 56340, 232.784
 56400, 230.983
 56460, 238.525
 56520, 247.422
 56580, 236.909
 56640, 241.636
 56700, 238.218
 56760, 241.856
 56820, 245.674
 56880, 243.324
 56940, 241.904
 57000, 239.527
 57060, 260.023
 57120, 260.390
 57180, 268.039
 57240, 277.736
 57300, 288.813
 57360, 288.995
 57420, 287.181
 57480, 258.634
 57540, 249.090
 57600, 241.214
 57660, 244.010
 57720, 263.588
 57780, 261.722
 57840, 258.417
 57900, 258.719
 57960, 249.469
 58020, 247.005
 58080, 248.796
 58140, 247.332
 58200, 247.301
 58260, 241.499
 58320, 221.225
 58380, 217.558
 58440, 202.190
 58500, 199.579
 58560, 187.294
 58620, 187.575
 58680, 191.019
 58740, 185.682
 58800, 180.808
 58860, 180.835
 58920, 180.431
 58980, 180.371
 59040, 180.990
 59100, 181.064
 59160, 183.141
 59220, 183.411
 59280, 189.874
 59340, 182.085
 59400, 182.748
 59460, 185.010
 59520, 187.392
 59580, 190.298
 59640, 189.049
 59700, 186.539
 59760, 189.311
 59820, 187.840
 59880, 188.905
 59940, 192.489
 60000, 189.873
 60060, 186.213
 60120, 190.975
 60180, 191.114
 60240, 195.077
 60300, 181.179
 60360, 189.706
 60420, 190.639
 60480, 190.038
 60540, 190.401
 60600, 193.294
 60660, 196.217
 60720, 197.941
