CampaignData_and_Merges/R0/CSL_MobileLab_Parked/raw/20240729/USOS-NOAAIodideCIMS-HCOOH_MobileLabGround_20240729_RA.ict
33, 1001
Michael A Robinson, Chris Jernigan, Subi Thakali
NOAA ESRL Chemical Sciences Laboratory and CIRES, U. of Colorado
NOAA Iodide CIMS Instrument
USOS
1, 1
2024, 07, 29, 2024, 07, 30
1
starttime_UTC, seconds_past_midnight, seconds_of_day_since_00:00:00_UTC
1
1
-9999
HCOOH_NOAACIMS, pptv, Gas_HCOOH_InSitu_S_AVMR, 
0
18
PI_CONTACT_INFO: 325 Broadway, R/CSD 7, Boulder, Colorado 80305; michael.a.robinson@noaa.gov; chris.jernigan@noaa.gov;
PLATFORM: NOAA CSL Mobile Lab
LOCATION: SLC, Utah
ASSOCIATED_DATA: 1Hz data also available on request.
INSTRUMENT_INFO: NOAA I- ToF CIMS
DATA_INFO: All data in parts per trillion by volume (pptv). 1 Hz data is available upon request.
UNCERTAINTY: TBD
ULOD_FLAG: -7777
ULOD_VALUE: N/A
LLOD_FLAG: -8888
LLOD_VALUE: N/A
DM_CONTACT_INFO: Nathan Howard; nathan.h.howard@noaa.gov
PROJECT_INFO: USOS, summer 2024. https://csl.noaa.gov/groups/csl7/measurements/2024usos/
STIPULATIONS_ON_USE: Users are strongly encouraged to contact the PI for proper data usage.
OTHER_COMMENTS: 
REVISION: RA
RA: Preliminary Data; For in-field use only
starttime_UTC, HCOOH_NOAACIMS
[from data line 958]
 57480, 550.030
 57540, 499.372
 57600, 487.630
 57660, 464.862
 57720, 498.205
 57780, 438.468
 57840, 400.512
 57900, 475.654
 57960, 460.970
 58020, 424.613
 58080, 388.490
 58140, 357.886
 58200, 298.965
 58260, 292.529
 58320, 343.114
 58380, 339.417
 58440, 331.873
 58500, 308.829
 58560, 297.929
 58620, 267.818
 58680, 257.853
 58740, 299.724
 58800, 280.074
 58860, 281.895
 58920, 307.439
 58980, 303.996
 59040, 301.536
 59100, 282.498
 59160, 277.467
 59220, 268.765
 59280, 283.255
 59340, 287.337
 59400, 304.875
 59460, 245.683
 59520, 267.563
 59580, 296.070
 59640, 302.749
 59700, 298.507
 59760, 274.786
 59820, 267.555
 59880, 271.739
 59940, 267.394
 60000, 264.484
 60060, 290.341
 60120, 289.439
 60180, 296.201
 60240, 287.930
 60300, 287.336
 60360, 304.757
 60420, 288.839
 60480, 287.674
 60540, 298.536
 60600, 290.164
 60660, 282.670
 60720, 268.290
 60780, 275.195
 60840, 288.671
 60900, 305.978
 60960, 301.041
 61020, 287.261
 61080, 294.960
 61140, 274.685
 61200, 286.323
 61260, -9999.000
 61320, 280.816
 61380, 278.643
 61440, 283.665
 61500, 279.627
 61560, 266.750
 61620, 281.837
 61680, 267.683
 61740, 266.040
 61800, 287.636
 61860, 273.096
 61920, 292.195
 61980, 298.773
 62040, 282.309
 62100, 287.930
 62160, 306.438
 62220, 278.522
 62280, 277.498
 62340, 280.061
 62400, 260.275
 62460, 276.950
 62520, 261.134
 62580, 272.529
 62640, 275.398
 62700, 276.281
 62760, 287.497
 62820, 277.094
 62880, 297.797
 62940, 299.978
 63000, 287.379
 63060, 275.308
 63120, -9999.000
 63180, 263.469
 63240, 267.456
 63300, 278.933
 63360, 291.572
 63420, 301.555
 63480, 293.572
 63540, 276.505
 63600, 282.056
 63660, 307.673
 63720, 285.843
 63780, 278.981
 63840, 277.712
 63900, 296.393
 63960, 313.068
 64020, 307.042
 64080, 285.239
 64140, 285.329
 64200, 290.689
 64260, 271.853
 64320, 264.323
 64380, 282.540
 64440, 272.923
 64500, 276.322
 64560, 279.687
 64620, 286.488
 64680, 309.534
 64740, 300.828
 64800, 292.380
 64860, 295.819
 64920, 293.049
 64980, -9999.000
 65040, 291.624
 65100, 297.871
 65160, 314.009
 65220, 317.627
 65280, 300.668
 65340, 309.397
 65400, 320.225
 65460, 322.657
 65520, 321.529
 65580, 344.685
 65640, 348.401
 65700, 316.387
 65760, 300.585
 65820, 295.645
 65880, 292.279
 65940, 287.155
 66000, 288.573
 66060, 292.665
 66120, 308.601
 66180, 299.227
 66240, 315.839
 66300, 320.928
 66360, 302.318
 66420, 324.811
 66480, 294.982
 66540, 283.024
 66600, 277.755
 66660, 283.203
 66720, 282.175
 66780, 290.420
 66840, 273.185
 66900, 284.352
 66960, 293.161
 67020, 309.697
 67080, 292.235
 67140, 292.861
 67200, 296.108
 67260, 293.354
 67320, 280.611
 67380, 304.811
 67440, 311.525
 67500, 326.205
 67560, 301.363
 67620, 311.110
 67680, 322.641
 67740, 299.240
 67800, 313.121
 67860, 310.518
 67920, 316.072
 67980, 312.063
 68040, 318.869
 68100, 303.577
 68160, 325.020
 68220, 322.518
 68280, 314.688
 68340, 308.449
 68400, 374.565
 68460, 339.039
 68520, 352.405
 68580, 342.315
 68640, -9999.000
 68700, 317.465
 68760, 328.713
 68820, 351.449
 68880, 332.434
 68940, 395.744
 69000, 375.818
 69060, 348.078
 69120, 329.246
 69180, 381.891
 69240, 380.267
 69300, 386.192
 69360, 367.171
 69420, 351.351
 69480, 366.005
 69540, 368.746
 69600, 377.775
 69660, 397.256
 69720, 373.734
 69780, 360.773
 69840, 373.662
 69900, 405.067
 69960, 403.978
 70020, 383.489
 70080, 377.530
 70140, 368.248
 70200, 389.812
 70260, 388.767
 70320, 404.356
 70380, 401.995
 70440, 389.705
 70500, -9999.000
 70560, 418.176
 70620, 409.090
 70680, 411.247
 70740, 396.357
 70800, 437.688
 70860, 449.419
 70920, 423.339
 70980, 410.325
 71040, 408.635
 71100, 407.298
 71160, 413.159
 71220, 404.860
 71280, 410.583
 71340, 418.940
 71400, 408.956
 71460, 409.167
 71520, 408.729
 71580, 422.879
 71640, 393.178
 71700, 393.332
 71760, 434.442
 71820, 404.206
 71880, 390.021
 71940, 382.818
 72000, 405.052
 72060, 424.037
 72120, 454.654
 72180, 413.937
 72240, 439.001
 72300, 417.359
 72360, -9999.000
 72420, 419.742
 72480, 487.889
 72540, 487.345
 72600, 465.103
 72660, 471.039
 72720, 437.468
 72780, 443.598
 72840, 416.235
 72900, 449.918
 72960, 439.765
 73020, 437.948
 73080, 395.569
 73140, 407.914
 73200, 406.847
 73260, 442.999
 73320, 419.708
 73380, 402.215
 73440, 446.219
 73500, 431.359
 73560, 409.174
 73620, 409.771
 73680, 428.786
 73740, 447.387
 73800, 439.444
 73860, 446.389
 73920, 436.081
 73980, 446.018
 74040, 468.453
 74100, 446.987
 74160, 455.002
 74220, 358.420
 74280, 396.423
 74340, 372.690
 74400, 402.606
 74460, 407.018
 74520, 413.250
 74580, 376.547
 74640, 399.407
 74700, 384.427
 74760, 369.615
 74820, 378.559
 74880, 401.069
 74940, 384.928
 75000, 415.390
 75060, 405.684
 75120, 402.932
 75180, 400.100
 75240, 378.672
 75300, 362.107
 75360, 389.791
 75420, 388.762
 75480, 356.869
 75540, 399.092
 75600, 406.548
 75660, 378.404
 75720, 375.657
 75780, 366.157
 75840, 347.636
 75900, 354.412
 75960, 341.869
 76020, 346.961
 76080, 308.162
 76140, 309.504
 76200, 326.772
 76260, 332.923
 76320, 364.516
 76380, 330.394
 76440, 360.538
 76500, 355.540
 76560, 340.502
 76620, 344.630
 76680, 335.957
 76740, 346.302
 76800, 374.969
 76860, 336.295
 76920, 333.560
 76980, 327.855
 77040, 326.469
 77100, 353.517
 77160, 373.742
 77220, 353.016
 77280, 346.418
 77340, 335.300
 77400, 334.208
 77460, 377.193
 77520, 321.452
 77580, 326.665
 77640, 359.220
 77700, 357.520
 77760, 363.476
 77820, 334.782
 77880, 389.868
 77940, 367.471
 78000, 321.765
 78060, 330.514
 78120, 345.978
 78180, 322.527
 78240, 323.343
 78300, 310.057
 78360, 324.559
 78420, 342.087
 78480, 338.520
 78540, 366.006
 78600, 353.789
 78660, 353.133
 78720, 354.539
 78780, 387.442
 78840, 359.547
 78900, 342.642
 78960, 337.829
 79020, 350.770
 79080, 336.655
 79140, 354.820
 79200, 364.784
 79260, 416.597
 79320, 449.990
 79380, 484.870
 79440, 380.786
 79500, 388.869
 79560, 408.369
 79620, 387.221
 79680, 363.252
 79740, -9999.000
 79800, 328.894
 79860, 332.584
 79920, 335.876
 79980, 370.134
 80040, 390.416
 80100, 366.885
 80160, 347.982
 80220, 358.694
 80280, 335.795
 80340, 324.649
 80400, 326.322
 80460, 332.959
 80520, 330.096
 80580, 308.693
 80640, 385.148
 80700, 390.207
 80760, 448.090
 80820, 469.852
 80880, 472.685
 80940, 519.608
 81000, 487.951
 81060, 511.884
 81120, 503.643
 81180, 485.261
 81240, 425.193
 81300, 455.179
 81360, 455.512
 81420, 441.570
 81480, 470.566
 81540, 427.786
 81600, -9999.000
 81660, 442.059
 81720, 463.274
 81780, 491.215
 81840, 450.179
 81900, 464.948
 81960, 442.009
 82020, 429.229
 82080, 427.010
 82140, 460.698
 82200, 491.644
 82260, 485.846
 82320, 415.965
 82380, 389.778
 82440, 339.222
 82500, 325.367
 82560, 399.289
 82620, 410.469
 82680, 358.614
 82740, 362.311
 82800, 360.543
 82860, 396.290
 82920, 327.741
 82980, 370.304
 83040, 355.506
 83100, 369.354
 83160, 384.091
 83220, 396.688
 83280, 334.426
 83340, 345.514
 83400, 391.708
 83460, -9999.000
 83520, 366.349
 83580, 322.128
 83640, 292.275
 83700, 283.730
 83760, 294.109
 83820, 286.545
 83880, 253.668
 83940, 283.387
 84000, 282.580
 84060, 275.532
 84120, 325.077
 84180, 323.164
 84240, 310.385
 84300, 293.040
 84360, 308.887
 84420, 315.900
 84480, 309.338
 84540, 315.544
 84600, 322.893
 84660, 299.662
 84720, 323.641
 84780, 303.872
 84840, 370.152
 84900, 314.653
 84960, 259.401
 85020, 281.530
 85080, 295.564
 85140, 318.544
 85200, 312.827
 85260, 345.456
 85320, 294.107
 85380, 277.659
 85440, 271.452
 85500, 259.329
 85560, 247.583
 85620, 266.080
 85680, 255.133
 85740, 257.596
 85800, 237.588
 85860, 276.637
 85920, 244.171
 85980, 236.975
 86040, 244.971
 86100, 254.981
 86160, 257.624
 86220, 235.983
 86280, 227.812
 86340, 226.815
