CampaignData_and_Merges/R0/CSL_MobileLab_Parked/raw/20240729/USOS-MetNav_MobileLabGround_20240729_R0.ict
44, 1001
Carrie Womack, Nate Howard, Mike Zucker
NOAA Chemical Sciences Laboratory
Mobile Lab MetNav Station
USOS
1, 1
2024, 07, 29, 2024, 12, 21
60
Time_Start, seconds_past_midnight, Seconds from midnight UTC
11
1, 1, 1, 1, 1, 1, 1, 1, 1, 1, 1
-9999, -9999, -9999, -9999, -9999, -9999, -9999, -9999, -9999, -9999, -9999
GPS_Alt_m, meters, Altitude from Differential GPS
GPS_Course_deg, degrees, Course from Differential GPS
GPS_GndSpd_m_s, m/s, Ground Speed from Differential GPS
GPS_Heading_deg, degrees, Heading from Differential GPS
GPS_Lat_deg, degrees, Latitude from Differential GPS
GPS_Lon_deg, degrees, Longitude from Differential GPS
AirTemp_C, Celsius, Air Temperature from Airmar
RelHumidity_pct, percent, Relative Humidity from Airmar
Pressure_mb, millibars, Pressure from Honeywell
WindDir_calc_deg, degrees, Wind Direction from Airmar corrected for van movement
WindSpd_calc_m_s, m/s, Wind Speed from Airmar corrected for van movement
1
SPECIAL COMMENTS:
18
PI_CONTACT_INFO: Address: 325 Broadway R/CSL7, Boulder, CO, 80305
PLATFORM: CSL Mobile Lab
LOCATION: Salt Lake City, UT
ASSOCIATED_DATA: N/A
INSTRUMENT_INFO: N/A
DATA_INFO: Units:
UNCERTAINTY: N/A
ULOD_FLAG: -7777
ULOD_VALUE: N/A
LLOD_FLAG: -8888
LLOD_VALUE: N/A
DM_CONTACT_INFO: Data Manager: Nate Howard
PROJECT_INFO: 
STIPULATIONS_ON_USE: Use of these data require prior ok from PI.
OTHER_COMMENTS: 
REVISION: R0
R0: Final data. Fixed bug in wind averaging code. RA: Preliminary Data. For in-field use only. 
Time_Start, GPS_Alt_m, GPS_Course_deg, GPS_GndSpd_m_s, GPS_Heading_deg, GPS_Lat_deg, GPS_Lon_deg, AirTemp_C, RelHumidity_pct, Pressure_mb, WindDir_calc_deg, WindSpd_calc_m_s
[from data line 836]
50160.0,1308.5,0.92,0.05,0.92,40.73434,-111.87211,24.2,21.9,874.5,128.23,0.8
50220.0,1308.6,1.03,0.05,1.03,40.73434,-111.87211,24.4,22.9,874.5,153.56,0.7
50280.0,1308.5,1.26,0.05,1.26,40.73434,-111.87211,24.6,21.6,874.5,166.10,1.1
50340.0,1308.4,1.69,0.05,1.69,40.73434,-111.87211,24.7,21.4,874.6,135.26,1.3
50400.0,1308.3,1.90,0.05,1.90,40.73434,-111.87211,24.8,21.4,874.6,128.78,0.9
50460.0,1308.2,1.78,0.05,1.78,40.73433,-111.87211,25.0,21.8,874.6,107.63,0.3
50520.0,1308.1,2.22,0.05,2.22,40.73433,-111.87211,25.0,22.2,874.6,138.86,0.8
50580.0,1308.2,2.14,0.05,2.14,40.73434,-111.87211,25.2,21.0,874.7,151.24,1.8
50640.0,1308.2,2.48,0.05,2.48,40.73434,-111.87211,25.3,21.4,874.7,140.81,1.3
50700.0,1308.2,2.26,0.05,2.26,40.73433,-111.87211,25.5,22.2,874.7,138.38,1.0
50760.0,1308.2,1.80,0.05,1.80,40.73433,-111.87211,25.6,22.8,874.7,133.02,0.9
50820.0,1308.2,1.53,0.04,1.53,40.73434,-111.87211,25.7,22.1,874.7,128.45,0.6
50880.0,1308.2,0.93,0.05,0.93,40.73433,-111.87211,25.8,22.1,874.7,111.75,0.1
50940.0,1308.3,1.19,0.04,1.19,40.73433,-111.87211,25.9,21.4,874.7,194.30,0.2
51000.0,1308.3,1.21,0.05,1.21,40.73433,-111.87211,26.1,21.6,874.7,189.32,0.4
51060.0,1308.3,1.11,0.06,1.11,40.73433,-111.87211,26.2,22.8,874.7,146.66,0.5
51120.0,1308.4,1.72,0.05,1.72,40.73433,-111.87211,26.3,23.0,874.8,116.47,0.5
51180.0,1308.6,1.98,0.05,1.98,40.73434,-111.87211,26.3,22.9,874.8,118.00,0.6
51240.0,1308.6,1.35,0.06,1.35,40.73434,-111.87211,26.3,23.3,874.8,128.48,0.8
51300.0,1308.6,1.64,0.05,1.64,40.73434,-111.87211,26.3,22.1,874.7,132.06,0.3
51360.0,1308.7,2.04,0.05,2.04,40.73434,-111.87211,26.5,22.4,874.7,217.81,0.3
51420.0,1308.7,1.73,0.05,1.73,40.73434,-111.87211,26.7,21.4,874.7,219.91,0.4
51480.0,1308.7,1.45,0.05,1.45,40.73434,-111.87211,26.8,20.9,874.7,166.58,0.2
51540.0,1308.9,1.96,0.04,1.96,40.73434,-111.87211,26.9,21.0,874.8,127.54,0.8
51600.0,1309.6,1.90,0.05,1.90,40.73434,-111.87211,26.9,20.4,874.8,123.01,0.7
51660.0,1309.8,2.30,0.05,2.30,40.73434,-111.87211,27.0,21.0,874.8,122.69,0.8
51720.0,1309.9,3.00,0.06,3.00,40.73434,-111.87211,27.0,21.3,874.8,126.70,0.7
51780.0,1309.9,3.44,0.05,3.44,40.73434,-111.87211,27.0,20.9,874.8,129.65,1.1
51840.0,1309.8,2.99,0.05,2.99,40.73434,-111.87211,27.0,21.5,874.8,126.18,1.3
51900.0,1309.7,3.43,0.05,3.43,40.73434,-111.87211,27.0,21.1,874.8,132.88,1.0
51960.0,1309.7,3.55,0.05,3.55,40.73434,-111.87211,27.0,21.5,874.8,115.82,0.3
52020.0,1309.8,3.36,0.04,3.36,40.73434,-111.87211,27.1,21.1,874.8,106.00,0.2
52080.0,1310.1,2.85,0.04,2.85,40.73434,-111.87211,27.0,20.7,874.8,62.27,0.2
52140.0,1310.3,3.30,0.06,3.30,40.73434,-111.87211,27.0,21.1,874.8,111.66,0.4
52200.0,1310.5,3.42,0.05,3.42,40.73434,-111.87211,27.1,22.1,874.9,135.99,0.9
52260.0,1310.8,3.92,0.05,3.92,40.73434,-111.87211,27.3,21.0,874.9,151.86,1.1
52320.0,1311.0,4.38,0.05,4.38,40.73434,-111.87211,27.4,21.2,874.9,140.36,0.9
52380.0,1311.4,4.34,0.05,4.34,40.73434,-111.87211,27.6,21.2,874.9,124.27,0.4
52440.0,1311.0,4.67,0.05,4.67,40.73434,-111.87211,27.4,21.8,874.9,92.32,0.4
52500.0,1310.9,4.12,0.05,4.12,40.73434,-111.87211,27.5,23.3,874.9,126.36,0.6
52560.0,1310.9,3.97,0.06,3.97,40.73434,-111.87211,27.5,22.7,874.9,127.90,0.6
52620.0,1310.7,3.00,0.05,3.00,40.73434,-111.87211,27.6,23.2,874.9,116.21,0.5
52680.0,1310.6,3.53,0.05,3.53,40.73434,-111.87211,27.6,23.3,874.9,118.60,0.6
52740.0,1310.3,3.60,0.05,3.60,40.73434,-111.87211,27.7,22.4,874.9,147.73,1.0
52800.0,1310.0,3.50,0.05,3.50,40.73434,-111.87211,27.7,21.6,874.9,143.53,1.7
52860.0,1309.8,3.18,0.06,3.18,40.73434,-111.87211,27.9,20.7,874.9,156.98,1.2
52920.0,1309.7,2.91,0.05,2.91,40.73434,-111.87211,28.2,20.3,875.0,158.14,0.6
52980.0,1310.4,3.13,0.05,3.13,40.73434,-111.87211,28.2,21.4,875.0,107.43,0.1
53040.0,1310.6,2.96,0.05,2.96,40.73434,-111.87211,28.2,21.6,875.0,124.50,0.4
53100.0,1310.3,2.79,0.06,2.79,40.73434,-111.87211,28.3,22.5,875.0,125.94,0.6
53160.0,1309.9,2.81,0.07,2.81,40.73434,-111.87211,28.3,22.1,875.0,140.15,0.4
53220.0,1310.1,3.24,0.06,3.24,40.73434,-111.87211,28.4,22.3,875.0,127.77,0.5
53280.0,1310.2,2.78,0.06,2.78,40.73434,-111.87211,28.4,21.9,875.0,86.69,0.3
53340.0,1310.3,2.61,0.05,2.61,40.73434,-111.87211,28.4,21.3,875.0,111.88,0.2
53400.0,1310.2,2.58,0.05,2.58,40.73434,-111.87211,28.4,20.3,875.0,105.52,0.1
53460.0,1310.1,2.42,0.05,2.42,40.73434,-111.87211,28.5,20.7,875.0,66.26,0.2
53520.0,1310.0,1.89,0.05,1.89,40.73434,-111.87211,28.5,21.0,875.0,143.41,0.2
53580.0,1309.9,2.13,0.05,2.13,40.73434,-111.87211,28.5,21.4,875.0,128.25,0.4
53640.0,1310.0,2.32,0.06,2.32,40.73434,-111.87211,28.6,21.4,875.0,110.54,0.3
53700.0,1310.1,2.01,0.05,2.01,40.73434,-111.87211,28.6,20.5,875.0,86.01,0.2
53760.0,1310.0,2.96,0.06,2.96,40.73434,-111.87211,28.4,19.7,875.0,62.04,0.4
53820.0,1309.8,2.72,0.06,2.72,40.73434,-111.87211,28.3,19.7,875.0,64.50,0.3
53880.0,1309.6,3.08,0.05,3.08,40.73434,-111.87211,28.2,20.0,875.0,50.49,0.2
53940.0,1309.7,3.20,0.05,3.20,40.73434,-111.87211,28.3,20.1,875.0,156.82,0.2
54000.0,1309.6,3.01,0.06,3.01,40.73434,-111.87211,28.6,20.4,875.0,107.02,0.2
54060.0,1309.6,2.94,0.05,2.94,40.73434,-111.87211,28.7,20.9,875.0,100.60,0.3
54120.0,1309.5,2.89,0.06,2.89,40.73434,-111.87211,28.8,20.7,875.0,80.25,0.2
54180.0,1309.4,2.15,0.05,2.15,40.73434,-111.87211,29.0,20.6,875.0,188.45,0.2
54240.0,1309.3,2.77,0.05,2.77,40.73434,-111.87211,29.3,20.2,875.1,169.99,0.2
54300.0,1309.2,2.74,0.06,2.74,40.73434,-111.87211,29.5,20.7,875.1,94.83,0.3
54360.0,1309.3,2.73,0.05,2.73,40.73434,-111.87211,29.7,20.6,875.1,125.77,0.2
54420.0,1309.3,2.87,0.05,2.87,40.73434,-111.87211,29.9,19.9,875.1,172.37,0.3
54480.0,1309.3,2.88,0.05,2.88,40.73434,-111.87211,30.0,20.2,875.1,125.07,0.4
54540.0,1309.1,2.79,0.05,2.79,40.73434,-111.87211,30.1,20.4,875.1,106.39,0.3
54600.0,1308.9,2.95,0.05,2.95,40.73434,-111.87211,30.0,21.3,875.1,113.48,0.7
54660.0,1308.8,2.75,0.06,2.75,40.73434,-111.87211,30.1,21.9,875.0,110.83,0.5
54720.0,1308.8,2.93,0.05,2.93,40.73434,-111.87211,30.1,21.4,875.0,123.51,0.4
54780.0,1309.5,2.69,0.06,2.69,40.73434,-111.87211,30.1,21.7,875.1,108.57,0.6
54840.0,1309.8,3.07,0.05,3.07,40.73434,-111.87211,30.3,20.8,875.1,144.74,0.3
54900.0,1309.6,3.00,0.05,3.00,40.73434,-111.87211,30.5,20.0,875.1,195.35,0.1
54960.0,1309.3,2.17,0.05,2.17,40.73434,-111.87211,30.7,19.6,875.1,165.37,0.1
55020.0,1309.3,2.13,0.05,2.13,40.73434,-111.87211,30.9,18.7,875.1,130.65,0.2
55080.0,1309.4,2.64,0.04,2.64,40.73434,-111.87211,30.9,18.2,875.1,92.95,0.3
55140.0,1309.8,2.79,0.05,2.79,40.73434,-111.87211,31.0,18.6,875.1,114.99,0.6
55200.0,1309.8,2.95,0.05,2.95,40.73434,-111.87211,30.8,17.6,875.1,83.89,0.4
55260.0,1309.3,2.87,0.05,2.87,40.73434,-111.87211,30.8,16.5,875.1,102.50,0.5
55320.0,1309.1,2.72,0.05,2.72,40.73434,-111.87211,30.8,17.2,875.1,119.63,0.6
55380.0,1309.2,2.29,0.06,2.29,40.73434,-111.87211,30.8,17.5,875.1,108.30,0.3
55440.0,1308.8,2.56,0.05,2.56,40.73434,-111.87211,30.7,16.9,875.1,86.99,0.3
55500.0,1309.0,2.71,0.05,2.71,40.73434,-111.87211,30.8,15.9,875.1,100.13,0.1
55560.0,1309.5,2.95,0.05,2.95,40.73434,-111.87210,30.9,16.4,875.1,118.28,0.1
55620.0,1309.1,3.08,0.04,3.08,40.73434,-111.87211,31.1,17.0,875.1,117.26,0.5
55680.0,1308.9,2.19,0.05,2.19,40.73434,-111.87211,31.2,16.2,875.1,123.59,0.6
55740.0,1309.3,2.78,0.05,2.78,40.73434,-111.87210,31.2,16.7,875.1,116.83,0.5
55800.0,1309.4,2.71,0.05,2.71,40.73434,-111.87210,31.4,16.2,875.1,138.72,0.9
55860.0,1309.4,3.14,0.04,3.14,40.73434,-111.87210,31.6,16.5,875.1,127.12,0.5
55920.0,1309.4,3.23,0.04,3.23,40.73434,-111.87210,31.7,16.6,875.1,121.15,0.1
55980.0,1309.4,2.72,0.04,2.72,40.73434,-111.87210,31.7,15.9,875.1,57.34,0.2
56040.0,1309.4,2.27,0.04,2.27,40.73434,-111.87210,31.8,15.9,875.1,138.48,0.2
56100.0,1309.3,2.30,0.05,2.30,40.73434,-111.87211,32.0,15.9,875.1,131.19,0.7
56160.0,1309.3,2.16,0.05,2.16,40.73434,-111.87210,32.1,14.6,875.1,154.34,1.3
56220.0,1309.3,2.25,0.04,2.25,40.73434,-111.87210,32.4,14.4,875.2,150.71,0.7
56280.0,1309.1,2.33,0.04,2.33,40.73434,-111.87210,32.4,15.9,875.2,97.31,0.3
56340.0,1309.1,2.29,0.04,2.29,40.73434,-111.87210,32.3,15.1,875.2,108.50,0.4
56400.0,1308.9,1.93,0.04,1.93,40.73434,-111.87210,32.3,15.3,875.2,92.13,0.4
56460.0,1308.8,1.51,0.04,1.51,40.73434,-111.87210,32.2,14.9,875.2,110.70,0.4
56520.0,1308.8,1.74,0.04,1.74,40.73434,-111.87210,32.2,15.1,875.2,111.57,0.4
56580.0,1308.8,2.01,0.04,2.01,40.73434,-111.87210,32.3,15.2,875.2,117.86,0.6
56640.0,1308.7,2.07,0.05,2.07,40.73434,-111.87210,32.2,16.2,875.2,86.23,0.2
56700.0,1308.5,1.89,0.04,1.89,40.73434,-111.87210,32.2,16.2,875.2,129.25,1.0
56760.0,1308.4,2.23,0.05,2.23,40.73434,-111.87210,32.1,14.3,875.2,75.64,0.4
56820.0,1308.4,2.35,0.05,2.35,40.73434,-111.87210,32.2,14.6,875.2,122.80,0.4
56880.0,1308.6,2.99,0.05,2.99,40.73434,-111.87211,32.4,14.7,875.1,119.61,0.6
56940.0,1308.6,3.28,0.05,3.28,40.73434,-111.87211,32.4,15.3,875.1,120.31,0.5
57000.0,1308.6,3.05,0.05,3.05,40.73434,-111.87211,32.4,14.2,875.1,102.31,0.3
57060.0,1308.5,3.34,0.04,3.34,40.73434,-111.87211,32.6,13.1,875.2,140.43,0.8
57120.0,1308.4,2.95,0.04,2.95,40.73434,-111.87211,32.6,13.9,875.2,133.45,1.3
57180.0,1308.2,2.72,0.04,2.72,40.73434,-111.87211,32.6,13.2,875.2,128.49,1.7
57240.0,1308.0,2.24,0.04,2.24,40.73434,-111.87211,32.5,13.1,875.2,135.72,1.6
57300.0,1307.9,2.37,0.04,2.37,40.73434,-111.87211,32.5,13.2,875.2,129.91,1.4
57360.0,1307.9,2.80,0.05,2.80,40.73434,-111.87211,32.3,13.9,875.2,101.58,0.9
57420.0,1307.9,2.93,0.05,2.93,40.73434,-111.87211,32.3,14.9,875.1,95.50,0.5
57480.0,1307.9,2.76,0.04,2.76,40.73434,-111.87211,32.5,15.3,875.1,141.84,0.9
57540.0,1308.0,2.73,0.04,2.73,40.73434,-111.87211,32.7,13.5,875.1,147.71,0.8
57600.0,1308.1,2.56,0.04,2.56,40.73434,-111.87211,32.9,13.1,875.1,164.56,1.2
57660.0,1308.0,2.97,0.05,2.97,40.73434,-111.87211,33.1,12.9,875.1,159.38,1.3
57720.0,1307.8,3.33,0.04,3.33,40.73434,-111.87211,33.2,13.0,875.1,144.34,1.0
57780.0,1308.2,2.85,0.05,2.85,40.73434,-111.87211,33.3,11.8,875.2,176.76,2.0
57840.0,1308.3,2.61,0.05,2.61,40.73434,-111.87210,33.4,11.3,875.1,186.14,1.1
57900.0,1308.2,2.65,0.04,2.65,40.73434,-111.87210,33.5,12.1,875.1,193.83,0.7
57960.0,1308.3,3.11,0.04,3.11,40.73434,-111.87210,33.7,12.0,875.1,144.96,0.7
58020.0,1308.3,2.54,0.05,2.54,40.73434,-111.87210,33.8,11.9,875.1,132.25,0.8
58080.0,1308.5,2.49,0.05,2.49,40.73434,-111.87210,33.9,11.2,875.1,171.99,2.5
58140.0,1308.5,1.66,0.05,1.66,40.73434,-111.87210,33.8,10.5,875.1,178.49,2.4
58200.0,1308.4,1.61,0.04,1.61,40.73434,-111.87210,33.5,10.5,875.1,160.32,3.6
58260.0,1308.4,1.57,0.04,1.57,40.73434,-111.87210,33.4,10.9,875.2,166.37,3.5
58320.0,1308.3,1.90,0.04,1.90,40.73434,-111.87210,33.4,10.9,875.1,187.52,1.5
58380.0,1308.4,1.75,0.05,1.75,40.73434,-111.87210,33.4,11.4,875.1,152.00,2.0
58440.0,1308.5,1.82,0.05,1.82,40.73434,-111.87210,33.2,11.5,875.2,175.93,3.1
58500.0,1308.6,2.14,0.05,2.14,40.73434,-111.87210,33.1,10.6,875.2,178.54,3.5
58560.0,1308.6,1.94,0.05,1.94,40.73434,-111.87211,32.9,10.5,875.2,187.02,3.1
58620.0,1308.5,1.96,0.04,1.96,40.73434,-111.87210,32.7,9.9,875.2,170.43,3.6
58680.0,1308.6,2.22,0.04,2.22,40.73434,-111.87210,32.4,9.8,875.1,161.28,4.0
58740.0,1308.8,2.36,0.05,2.36,40.73434,-111.87210,32.5,10.5,875.2,188.82,2.8
58800.0,1308.9,2.05,0.04,2.05,40.73434,-111.87210,32.5,10.4,875.2,168.56,2.2
58860.0,1308.9,2.26,0.05,2.26,40.73434,-111.87210,32.6,10.2,875.1,177.23,2.1
58920.0,1308.9,2.07,0.04,2.07,40.73434,-111.87210,32.8,10.7,875.1,181.04,1.1
58980.0,1308.8,2.27,0.04,2.27,40.73434,-111.87210,32.9,10.5,875.1,169.15,1.9
59040.0,1308.7,2.26,0.04,2.26,40.73434,-111.87210,33.0,10.5,875.1,188.68,2.1
59100.0,1308.4,2.63,0.04,2.63,40.73434,-111.87210,32.9,10.1,875.1,182.60,2.7
59160.0,1308.3,2.71,0.04,2.71,40.73434,-111.87210,32.9,10.1,875.1,178.87,3.1
59220.0,1308.2,2.96,0.04,2.96,40.73434,-111.87210,32.7,9.9,875.1,173.94,3.9
59280.0,1308.1,2.70,0.05,2.70,40.73434,-111.87210,32.6,10.7,875.1,167.01,2.8
59340.0,1308.0,2.67,0.04,2.67,40.73434,-111.87210,32.6,10.3,875.1,183.87,2.7
59400.0,1307.9,2.96,0.04,2.96,40.73434,-111.87210,32.4,10.1,875.2,166.13,4.2
59460.0,1307.8,3.03,0.04,3.03,40.73434,-111.87210,32.3,9.7,875.1,173.15,4.0
59520.0,1307.7,3.14,0.04,3.14,40.73434,-111.87210,32.2,10.2,875.1,167.21,3.4
59580.0,1307.7,3.15,0.04,3.15,40.73434,-111.87210,32.4,10.5,875.1,189.45,2.0
59640.0,1307.7,3.00,0.04,3.00,40.73434,-111.87210,32.5,11.1,875.1,153.72,1.6
59700.0,1307.8,2.79,0.04,2.79,40.73434,-111.87210,32.5,10.7,875.1,176.43,2.9
59760.0,1307.7,3.11,0.04,3.11,40.73434,-111.87210,32.4,10.2,875.1,185.74,3.2
59820.0,1307.8,3.28,0.05,3.28,40.73434,-111.87210,32.4,10.0,875.2,186.14,3.5
59880.0,1307.9,3.21,0.03,3.21,40.73434,-111.87210,32.2,10.8,875.2,164.50,4.1
59940.0,1307.8,3.83,0.05,3.83,40.73434,-111.87210,32.1,10.6,875.2,160.91,3.8
60000.0,1307.8,3.66,0.04,3.66,40.73434,-111.87210,32.1,10.5,875.2,164.34,3.1
60060.0,1307.8,3.48,0.05,3.48,40.73434,-111.87210,32.0,11.2,875.2,175.29,3.6
60120.0,1307.8,3.08,0.05,3.08,40.73434,-111.87210,32.1,10.3,875.2,185.86,3.4
60180.0,1308.0,2.68,0.05,2.68,40.73434,-111.87210,32.1,10.5,875.2,163.18,2.3
60240.0,1308.0,3.17,0.05,3.17,40.73434,-111.87210,32.2,10.6,875.2,166.14,2.8
60300.0,1308.0,3.60,0.05,3.60,40.73434,-111.87210,32.1,10.5,875.2,173.63,4.3
60360.0,1307.8,3.35,0.04,3.35,40.73434,-111.87210,32.2,10.4,875.2,192.26,3.3
60420.0,1308.0,2.75,0.05,2.75,40.73434,-111.87210,32.1,10.3,875.2,170.19,3.8
60480.0,1307.8,2.54,0.05,2.54,40.73434,-111.87210,32.0,10.2,875.2,158.78,4.4
60540.0,1307.9,2.19,0.05,2.19,40.73434,-111.87210,32.0,11.1,875.2,164.70,2.7
60600.0,1307.9,2.55,0.05,2.55,40.73434,-111.87210,32.0,10.5,875.2,171.45,4.2
60660.0,1307.9,2.96,0.05,2.96,40.73434,-111.87210,32.0,10.1,875.3,173.16,3.1
60720.0,1307.8,3.14,0.04,3.14,40.73434,-111.87210,32.0,9.8,875.3,193.12,3.7
60780.0,1307.9,3.19,0.05,3.19,40.73434,-111.87210,31.9,9.9,875.3,189.49,4.6
60840.0,1308.0,3.27,0.05,3.27,40.73434,-111.87210,32.0,10.6,875.3,157.90,3.8
60900.0,1307.9,3.33,0.05,3.33,40.73434,-111.87210,32.0,10.7,875.2,185.65,1.8
60960.0,1307.8,3.06,0.06,3.06,40.73434,-111.87210,32.2,10.5,875.2,185.49,2.3
61020.0,1307.6,3.01,0.05,3.01,40.73434,-111.87210,32.3,10.3,875.2,186.12,2.4
61080.0,1307.5,2.44,0.05,2.44,40.73434,-111.87210,32.4,10.4,875.2,186.63,2.7
61140.0,1307.5,2.37,0.05,2.37,40.73434,-111.87210,32.4,10.1,875.2,169.98,3.9
61200.0,1307.5,2.79,0.04,2.79,40.73434,-111.87210,32.4,10.1,875.3,174.57,3.2
61260.0,1307.4,2.38,0.04,2.38,40.73434,-111.87210,32.1,10.2,875.3,163.34,5.2
61320.0,1307.2,2.18,0.04,2.18,40.73434,-111.87210,32.3,10.5,875.3,162.50,2.4
61380.0,1307.0,1.85,0.04,1.85,40.73434,-111.87210,32.3,10.4,875.3,184.17,2.9
61440.0,1306.7,1.92,0.05,1.92,40.73434,-111.87210,32.3,10.1,875.3,178.19,3.2
61500.0,1306.7,1.97,0.04,1.97,40.73434,-111.87210,32.5,10.1,875.3,168.45,2.4
61560.0,1306.7,1.81,0.05,1.81,40.73434,-111.87210,32.3,9.8,875.3,188.66,4.4
61620.0,1306.8,1.29,0.04,1.29,40.73434,-111.87210,32.4,10.0,875.3,193.45,2.8
61680.0,1306.6,1.68,0.05,1.68,40.73434,-111.87210,32.4,9.9,875.3,173.98,3.5
61740.0,1306.6,1.65,0.05,1.65,40.73434,-111.87210,32.2,9.8,875.3,170.99,4.6
61800.0,1306.6,2.12,0.04,2.12,40.73434,-111.87210,32.4,10.1,875.3,179.33,2.6
61860.0,1307.2,2.19,0.05,2.19,40.73434,-111.87210,32.5,10.1,875.2,169.77,1.8
61920.0,1307.4,1.91,0.05,1.91,40.73434,-111.87210,32.8,10.4,875.3,169.22,1.8
61980.0,1307.3,1.97,0.05,1.97,40.73434,-111.87211,32.9,10.5,875.3,178.24,2.2
62040.0,1307.1,2.17,0.05,2.17,40.73434,-111.87211,32.9,9.9,875.3,182.81,3.4
62100.0,1307.1,2.11,0.04,2.11,40.73434,-111.87211,32.8,9.9,875.2,174.42,4.0
62160.0,1307.2,2.15,0.05,2.15,40.73434,-111.87211,32.9,10.5,875.3,167.27,3.5
62220.0,1307.1,2.37,0.05,2.37,40.73434,-111.87211,32.8,10.2,875.3,163.82,3.9
62280.0,1307.2,2.08,0.05,2.08,40.73434,-111.87211,32.6,9.7,875.3,193.88,3.7
62340.0,1307.3,2.11,0.05,2.11,40.73434,-111.87211,32.8,9.9,875.3,193.33,3.4
62400.0,1307.2,2.09,0.05,2.09,40.73434,-111.87211,32.5,9.8,875.4,165.23,5.3
62460.0,1307.2,2.18,0.04,2.18,40.73434,-111.87211,32.6,10.1,875.3,184.79,2.9
62520.0,1307.2,2.41,0.05,2.41,40.73434,-111.87211,32.3,10.3,875.4,153.31,5.9
