CampaignData_and_Merges/R0/CSL_MobileLab_Parked/raw/20240729/USOS-NOAAIodideCIMS-OrgNitrs_MobileLabGround_20240729_RA.ict
37, 1001
Michael A Robinson, Chris Jernigan, Subi Thakali
NOAA ESRL Chemical Sciences Laboratory and CIRES, U. of Colorado
NOAA Iodide CIMS Instrument
USOS
1, 1
2024, 07, 29, 2024, 07, 30
1
starttime_UTC, seconds_past_midnight, seconds_of_day_since_00:00:00_UTC
5
1, 1, 1, 1, 1
-9999, -9999, -9999, -9999, -9999
C4H7NO5_NOAACIMS, pptv, Gas_C4H7NO5_InSitu_S_AVMR, 
ISOPN_NOAACIMS, pptv, Gas_ISOPN_InSitu_S_AVMR, 
C5H10O3_NOAACIMS, pptv, Gas_C5H10O3_InSitu_S_AVMR, 
C5H9NO5_NOAACIMS, pptv, Gas_C5H9NO5_InSitu_S_AVMR, 
C10H17NO4_NOAACIMS, pptv, Gas_C10H17NO4_InSitu_S_AVMR, 
0
18
PI_CONTACT_INFO: 325 Broadway, R/CSD 7, Boulder, Colorado 80305; michael.a.robinson@noaa.gov; chris.jernigan@noaa.gov;
PLATFORM: NOAA CSL Mobile Lab
LOCATION: SLC, Utah
ASSOCIATED_DATA: 1Hz data also available on request.
INSTRUMENT_INFO: NOAA I- ToF CIMS
DATA_INFO: All data in parts per trillion by volume (pptv). 1 Hz data is available upon request.
UNCERTAINTY: TBD
ULOD_FLAG: -7777
ULOD_VALUE: N/A
LLOD_FLAG: -8888
LLOD_VALUE: N/A
DM_CONTACT_INFO: Nathan Howard; nathan.h.howard@noaa.gov
PROJECT_INFO: USOS, summer 2024. https://csl.noaa.gov/groups/csl7/measurements/2024usos/
STIPULATIONS_ON_USE: Users are strongly encouraged to contact the PI for proper data usage.
OTHER_COMMENTS: 
REVISION: RA
RA: Preliminary Data; For in-field use only
starttime_UTC, C4H7NO5_NOAACIMS, ISOPN_NOAACIMS, C5H10O3_NOAACIMS, C5H9NO5_NOAACIMS, C10H17NO4_NOAACIMS
[from data line 1342]
 80520,  1.331,  7.226, 12.365,  1.021,  0.188
 80580,  1.329,  7.148, 11.423,  1.029,  0.114
 80640,  1.644,  7.865, 13.311,  1.262,  0.144
 80700,  2.021,  8.630, 17.264,  1.333,  0.086
 80760,  2.976,  8.973, 25.392,  1.623,  0.213
 80820,  3.398,  8.899, 28.808,  1.831,  0.262
 80880,  3.651,  7.978, 32.524,  1.921,  0.253
 80940,  3.782,  8.726, 35.110,  1.760,  0.272
 81000,  4.040,  8.797, 38.053,  1.749,  0.202
 81060,  4.166,  9.228, 39.595,  1.970,  0.397
 81120,  3.932,  9.138, 37.365,  2.104,  0.867
 81180,  3.714,  8.896, 38.644,  1.931,  1.131
 81240,  3.149,  8.310, 40.900,  1.609,  0.509
 81300,  3.058,  8.580, 40.296,  1.662,  0.438
 81360,  3.019,  8.043, 39.494,  1.531,  0.444
 81420,  3.108,  8.118, 40.232,  1.664,  0.410
 81480,  3.128,  7.845, 40.461,  1.765,  0.360
 81540,  3.043,  7.532, 38.507,  1.609,  0.257
 81600, -9999.000, -9999.000, -9999.000, -9999.000, -9999.000
 81660,  3.169,  7.275, 35.571,  1.793,  0.216
 81720,  3.219,  7.488, 35.839,  1.962,  0.217
 81780,  3.324,  7.701, 36.357,  1.753,  0.318
 81840,  3.283,  7.305, 34.943,  1.961,  0.294
 81900,  3.207,  6.927, 35.173,  1.798,  0.320
 81960,  3.215,  6.976, 35.102,  1.522,  0.293
 82020,  3.348,  6.361, 36.419,  1.773,  0.244
 82080,  3.292,  6.850, 35.416,  1.734,  0.305
 82140,  3.389,  7.080, 37.176,  1.742,  0.384
 82200,  3.389,  7.312, 36.242,  1.883,  0.261
 82260,  3.108,  6.875, 35.144,  1.951,  0.317
 82320,  2.738,  6.425, 32.709,  1.592,  0.337
 82380,  2.587,  6.770, 33.904,  1.464,  0.225
 82440,  2.531,  6.205, 33.206,  1.342,  0.143
 82500,  2.633,  6.435, 33.912,  1.133,  0.179
 82560,  2.674,  7.350, 34.226,  1.404,  0.319
 82620,  2.694,  7.490, 36.883,  1.565,  0.492
 82680,  2.385,  7.033, 37.616,  1.512,  0.389
 82740,  2.509,  6.946, 38.806,  1.449,  0.525
 82800,  2.416,  6.564, 37.776,  1.417,  0.626
 82860,  2.338,  6.763, 38.518,  1.545,  0.684
 82920,  2.182,  6.915, 39.045,  1.428,  0.691
 82980,  2.276,  6.784, 38.567,  1.368,  0.780
 83040,  2.230,  6.880, 36.808,  1.344,  0.905
 83100,  2.189,  6.820, 37.391,  1.364,  0.771
 83160,  2.285,  6.983, 37.131,  1.501,  0.653
 83220,  2.204,  6.618, 35.461,  1.606,  0.504
 83280,  2.183,  5.117, 33.806,  0.983,  0.049
 83340,  2.400,  6.715, 35.291,  1.264,  0.281
 83400,  2.436,  7.789, 36.505,  1.664,  0.269
 83460, -9999.000, -9999.000, -9999.000, -9999.000, -9999.000
 83520,  2.309,  8.549, 31.930,  1.613,  0.445
 83580,  2.096,  8.805, 28.514,  1.553,  0.432
 83640,  1.732,  7.991, 21.322,  1.276,  0.323
 83700,  1.618,  7.002, 19.255,  1.065,  0.243
 83760,  1.522,  7.359, 17.472,  0.998,  0.185
 83820,  1.509,  6.489, 16.375,  0.553,  0.074
 83880,  1.442,  7.352, 15.368,  0.833,  0.111
 83940,  1.494,  7.760, 18.119,  1.297,  0.254
 84000,  1.483,  7.817, 15.993,  1.136,  0.240
 84060,  1.480,  7.466, 16.008,  0.966,  0.128
 84120,  1.520,  8.965, 16.606,  1.236,  0.193
 84180,  1.574,  8.549, 16.466,  1.142,  0.134
 84240,  1.540,  7.610, 16.525,  0.756,  0.117
 84300,  1.639,  9.013, 17.857,  1.098,  0.264
 84360,  1.696,  8.957, 17.953,  1.267,  0.258
 84420,  1.648,  9.048, 17.810,  1.150,  0.231
 84480,  1.665,  8.509, 17.125,  1.216,  0.259
 84540,  1.627,  7.800, 15.313,  1.182,  0.171
 84600,  1.659,  8.756, 15.983,  1.250,  0.179
 84660,  1.593,  7.978, 15.867,  1.190,  0.232
 84720,  1.564,  8.064, 15.420,  1.062,  0.234
 84780,  1.544,  8.178, 15.536,  1.111,  0.180
 84840,  1.635,  9.341, 16.590,  1.079,  0.124
 84900,  1.643,  8.442, 15.969,  1.144,  0.093
 84960,  1.711,  7.190, 14.567,  1.184,  0.173
 85020,  1.669,  7.451, 15.981,  1.118,  0.170
 85080,  1.663,  7.372, 15.561,  1.092,  0.133
 85140,  1.757,  7.936, 16.189,  1.110,  0.075
 85200,  1.583,  8.475, 17.239,  1.151,  0.136
 85260,  1.724,  8.733, 18.350,  1.120,  0.106
 85320,  1.503,  8.429, 16.373,  1.287,  0.129
 85380,  1.444,  8.785, 17.966,  1.107,  0.097
 85440,  1.476,  8.598, 17.432,  0.969,  0.118
 85500,  1.451,  8.166, 19.774,  1.019, -0.005
 85560,  1.429,  9.032, 19.284,  0.830,  0.069
 85620,  1.491,  9.297, 20.863,  1.019,  0.184
 85680,  1.451,  9.537, 19.901,  0.959,  0.129
 85740,  1.514,  9.795, 21.394,  1.031,  0.143
 85800,  1.446,  9.685, 19.972,  0.943,  0.075
 85860,  1.544,  9.739, 20.253,  1.067,  0.090
 85920,  1.388,  8.452, 17.700,  0.944,  0.122
 85980,  1.300,  7.734, 17.223,  1.066,  0.083
 86040,  1.333,  8.199, 16.526,  1.019,  0.149
 86100,  1.379,  8.708, 16.258,  0.995,  0.168
 86160,  1.418,  9.037, 16.906,  1.134,  0.147
 86220,  1.424,  8.695, 15.053,  1.105,  0.191
 86280,  1.393,  8.078, 15.609,  0.961,  0.077
 86340,  1.347,  7.908, 14.449,  0.986,  0.129
