CampaignData_and_Merges/R0/CSL_MobileLab_Parked/raw/20240729/USOS-PTR_MobileLabGround_20240729_R0.ict
58, 1001
Matthew Coggon, Kelvin Bates, Chelsea Stockwell, Carsten Warneke
NOAA ESRL Chemical Sciences Division
NOAA PTR-ToF-MS
USOS
1,1 
2024, 07, 29, 2025, 09, 19
0
Time_Start, seconds, number of seconds from 00:00 UTC 
22
1, 1, 1, 1, 1, 1, 1, 1, 1, 1, 1, 1, 1, 1, 1, 1, 1, 1, 1, 1, 1, 1
-9999, -9999, -9999, -9999, -9999, -9999, -9999, -9999, -9999, -9999, -9999, -9999, -9999, -9999, -9999, -9999, -9999, -9999, -9999, -9999, -9999, -9999
CH3OH_NOAAPTR_ppbv,  ppbv, Gas_CH3OH_InSitu_S_AVMR, (CH3OH) methanol
CH3CN_NOAAPTR_ppbv,  ppbv, Gas_CH3CN_InSitu_S_AVMR, (CH3CN) acetonitrile
CH3CHO_NOAAPTR_ppbv,  ppbv, Gas_CH3CHO_InSitu_S_AVMR, (CH3CHO) acetaldehyde plus contributions from ethylene glycol and ethylene oxide. Interference from ethanol has been subtracted out.
C2H5OH_NOAAPTR_ppbv,  ppbv, Gas_C2H5OH_InSitu_S_AVMR, (C2H5OH) ethanol
CH3SH_NOAAPTR_ppbv,  ppbv, Gas_CH3SH_InSitu_S_AVMR, (CH3SH) methanethiol, using calibration factor for DMS
Acrolein_NOAAPTR_ppbv,  ppbv, Gas_Acrolein_InSitu_S_AVMR, (C3H4O) acrolein
AcetonePropanal_NOAAPTR_ppbv,  ppbv, Gas_AcetoneAndPropanal_InSitu_S_AVMR, (C3H6O) sum of acetone (dominant isomer) and propanal, using calibration factor for acetone
DMS_NOAAPTR_ppbv,  ppbv, Gas_DMS_InSitu_S_AVMR, (C2H6S) dimethyl sulfide with possible small contributions from ethanethiol
C5H8_NOAAPTR_ppbv,  ppbv, Gas_Isoprene_InSitu_S_AVMR, (C5H8) isoprene and possible fragments from cycloalkanes and aldehydes. Interferences have been subtracted following methods described by Coggon et al (2023)
MVKMAC_NOAAPTR_ppbv,  ppbv, Gas_MVKAndMAC_InSitu_S_AVMR, (C4H6O) sum of methyl vinyl ketone, methacrolein, and small amounts of crotonaldehyde, using weighted calibration factor for MVK (0.637) and MACR (0.363)
Benzene_NOAAPTR_ppbv,  ppbv, Gas_Benzene_InSitu_S_AVMR, (C6H6) benzene
Toluene_NOAAPTR_ppbv,  ppbv, Gas_Toluene_InSitu_S_AVMR, (C7H8) toluene with possible small contributions of fragments from ethyltoluene
Styrene_NOAAPTR_ppbv,  ppbv, Gas_Styrene_InSitu_S_AVMR, (C8H8) styrene
Benzaldehyde_NOAAPTR_ppbv,  ppbv, Gas_Benzaldehyde_InSitu_S_AVMR, (C7H6O) benzaldehyde
C8Aromatics_NOAAPTR_ppbv,  ppbv, Gas_C8Aromatics_InSitu_M_AVMR, (C8H10) sum of m-xylene, p-xylene, o-xylene, and ethyl benzene
C9Aromatics_NOAAPTR_ppbv,  ppbv, Gas_C9Aromatics_InSitu_M_AVMR, (C9H12) sum of C9 aromatics
Naphthalene_NOAAPTR_ppbv,  ppbv, Gas_Naphthalene_InSitu_S_AVMR, (C10H8) naphthalene
Octanal_NOAAPTR_ppbv,  ppbv, Gas_Octanal_InSitu_S_AVMR, (C8H16O) octanal and small amounts of octanone
Monoterpenes_NOAAPTR_ppbv,  ppbv, Gas_Monoterpenes_InSitu_M_AVMR, (C10H16) sum of monoterpenes and possible contributions from fragments of oxygenated monoterpenoids such as eucalyptol.
Nonanal_NOAAPTR_ppbv,  ppbv, Gas_Nonanal_InSitu_M_AVMR, (C9H18O) nonanal and small amounts of nonanone
C7H4ClF3_NOAAPTR_ppbv,  ppbv, Gas_C7H4ClF3_InSitu_S_AVMR, (C7H4ClF3) parachlorobenzotrifluoride
C10H30O5Si5_NOAAPTR_ppbv,  ppbv, Gas_C10H30O5Si5_InSitu_S_AVMR, (C10H30O5Si5) decamethylcyclopentasiloxane
1
SPECIAL COMMENTS:N/A
21
PI_CONTACT_INFO: NOAA ESRL Chemical Sciences Division, Tropospheric Chemistry Group. 325 Broadway, R/CSD7, Boulder, CO 80305
PLATFORM: Mobile Laboratory.
LOCATION: Salt Lake City, UT
ASSOCIATED_DATA: N/A
INSTRUMENT_INFO: NOAA PTR-ToF-MS measurements on NOAA CSL Mobile Lab
DATA_INFO: Units: ppbv
UNCERTAINTY: See OTHER_COMMENTS
ULOD_FLAG: -7777
ULOD_VALUE: N/A
LLOD_FLAG: -8888
LLOD_VALUE: N/A.
DM_CONTACT_INFO: Data Managers: Matt Coggon, Kelvin Bates, Chelsea Stockwell; email: matthew.m.coggon@noaa.gov and kelvin.bates@colorado.edu
PROJECT_INFO: USOS Deployment July-August, 2024
STIPULATIONS_ON_USE: Use of these data require prior OK from PI.
OTHER_COMMENTS: Uncertainties:
CH3OH_NOAAPTR_ppbv:30%; CH3CN_NOAAPTR_ppbv:30%; CH3CHO_NOAAPTR_ppbv:30%; C2H5OH_NOAAPTR_ppbv:30%; CH3SH_NOAAPTR_ppbv:50%; Acrolein_NOAAPTR_ppbv:30%; AcetonePropanal_NOAAPTR_ppbv:30%; DMS_NOAAPTR_ppbv:30%; C5H8_NOAAPTR_ppbv:30%; MVKMAC_NOAAPTR_ppbv:30%; 
Benzene_NOAAPTR_ppbv:30%; Toluene_NOAAPTR_ppbv:30%; Styrene_NOAAPTR_ppbv:30%; Benzaldehyde_NOAAPTR_ppbv:30%; C8Aromatics_NOAAPTR_ppbv:30%; C9Aromatics_NOAAPTR_ppbv:30%; Naphthalene_NOAAPTR_ppbv:30%; Octanal_NOAAPTR_ppbv:30%; Monoterpenes_NOAAPTR_ppbv:30%; Nonanal_NOAAPTR_ppbv:30%; 
C7H4ClF3_NOAAPTR_ppbv:30%; C10H30O5Si5_NOAAPTR_ppbv:30%; 
REVISION: R0
R0: Calibrated PTR Data. See individual species comments for details about measurement uncertainties
Time_Start, CH3OH_NOAAPTR_ppbv, CH3CN_NOAAPTR_ppbv, CH3CHO_NOAAPTR_ppbv, C2H5OH_NOAAPTR_ppbv, CH3SH_NOAAPTR_ppbv, Acrolein_NOAAPTR_ppbv, AcetonePropanal_NOAAPTR_ppbv, DMS_NOAAPTR_ppbv, C5H8_NOAAPTR_ppbv, MVKMAC_NOAAPTR_ppbv, Benzene_NOAAPTR_ppbv, Toluene_NOAAPTR_ppbv, Styrene_NOAAPTR_ppbv, Benzaldehyde_NOAAPTR_ppbv, C8Aromatics_NOAAPTR_ppbv, C9Aromatics_NOAAPTR_ppbv, Naphthalene_NOAAPTR_ppbv, Octanal_NOAAPTR_ppbv, Monoterpenes_NOAAPTR_ppbv, Nonanal_NOAAPTR_ppbv, C7H4ClF3_NOAAPTR_ppbv, C10H30O5Si5_NOAAPTR_ppbv
[from data line 823]
49380.0, 17.23800, 0.29805, 1.06686, 10.44536, 0.00231, 0.13665, 2.21758, -0.00011, 0.38646, 0.16078, 0.27540, 0.37279, 0.03759, -0.02062, 0.26671, 0.09189, 0.01159, 0.02428, 0.14089, 0.02569, 0.00865, 0.00990 
49440.0, 9.43806, 0.30823, 0.84667, 5.74775, 0.00541, 0.11582, 2.13151, -0.00011, 0.33038, 0.14503, 0.13280, 0.18553, 0.02353, -0.02946, 0.12644, 0.05922, 0.00292, 0.02520, 0.12461, 0.02418, 0.00039, 0.00677 
49500.0, 15.91132, 0.32163, 1.20687, 7.26233, 0.00024, 0.13301, 2.19503, -0.00011, 0.34311, 0.14963, 0.24410, 0.32413, 0.04541, -0.02531, 0.22891, 0.11587, 0.00039, 0.02272, 0.15300, 0.02902, 0.00136, 0.00569 
49560.0, 10.15509, 0.29431, 0.99310, 6.92758, 0.00384, 0.11555, 2.15590, 0.00763, 0.36406, 0.15854, 0.19801, 0.25517, 0.01292, -0.02926, 0.14166, 0.06127, 0.00560, 0.01364, 0.16528, 0.02227, 0.00628, 0.00996 
49620.0, 20.25878, 0.30083, 1.29601, 7.12254, 0.00118, 0.13721, 2.26451, -0.00011, 0.38289, 0.16319, 0.17194, 0.29130, 0.02540, -0.02870, 0.17796, 0.08298, -0.00664, 0.02985, 0.16674, 0.02738, 0.00343, 0.00880 
49680.0, 15.19186, 0.30729, 1.16360, 5.73544, -0.00088, 0.15338, 2.18006, -0.00011, 0.40050, 0.15354, 0.16463, 0.30331, 0.01602, -0.02383, 0.17829, 0.05481, 0.00429, 0.03643, 0.15290, 0.03618, 0.00519, 0.00923 
49740.0, 94.15768, 0.30286, 1.36587, 5.54979, 0.00092, 0.16288, 2.28892, -0.00011, 0.43394, 0.15820, 0.23189, 0.45164, 0.02232, -0.02931, 0.25816, 0.08376, -0.00533, 0.02797, 0.16167, 0.03043, 0.00785, 0.00930 
49800.0, 38.45612, 0.28763, 1.27951, 4.75601, -0.00030, 0.15921, 2.29147, 0.01472, 0.43117, 0.15678, 0.22489, 0.41549, 0.03472, -0.02948, 0.25872, 0.10702, 0.02258, 0.02106, 0.14667, 0.03733, 0.00489, 0.00728 
49860.0, 28.34884, 0.32274, 1.22213, 4.68556, 0.00371, 0.15289, 2.33487, 0.00841, 0.41035, 0.16561, 0.18675, 0.43548, 0.03307, -0.02200, 0.24662, 0.10220, 0.01587, 0.02462, 0.17969, 0.04917, 0.00267, 0.01196 
49920.0, 30.01765, 0.29450, 1.37556, 4.75438, 0.00541, 0.17284, 2.35844, 0.00179, 0.41672, 0.17724, 0.26293, 0.48690, 0.02530, -0.01365, 0.28990, 0.11986, -0.00047, 0.01885, 0.17473, 0.03962, 0.00588, 0.01718 
49980.0, 24.28004, 0.33070, 1.22430, 4.66410, 0.00310, 0.15025, 2.22677, -0.00011, 0.42032, 0.18362, 0.20274, 0.35210, 0.02763, -0.01995, 0.24381, 0.10395, 0.01833, 0.01790, 0.15677, 0.03868, 0.00352, 0.01132 
50040.0, 27.96444, 0.32056, 1.42340, 4.86450, 0.00242, 0.17288, 2.32652, -0.00011, 0.46181, 0.18481, 0.37583, 0.65052, 0.06990, -0.00284, 0.43527, 0.20602, 0.01024, 0.02378, 0.19467, 0.04009, 0.00287, 0.01212 
50100.0, 36.58781, 0.31091, 1.39142, 3.77938, 0.00490, 0.18400, 2.23360, 0.00272, 0.39926, 0.18838, 0.31187, 0.46603, 0.05438, -0.02949, 0.31286, 0.16410, 0.02529, 0.01754, 0.14356, 0.04070, -0.00083, 0.01213 
50160.0, 25.21448, 0.28159, 1.09662, 2.96831, 0.00394, 0.15006, 2.17354, -0.00011, 0.42158, 0.15849, 0.19721, 0.29050, -0.00200, -0.02484, 0.15938, 0.07613, 0.00814, 0.01124, 0.13112, 0.02000, 0.00539, 0.00554 
50220.0, 34.76922, 0.31191, 1.54504, 12.35597, 0.00387, 0.18045, 2.51521, 0.00760, 0.49357, 0.17097, 0.78004, 1.80662, 0.08548, -0.02950, 0.99450, 0.28298, 0.00776, 0.02925, 0.13948, 0.05218, 0.00646, 0.01025 
50280.0, 18.71962, 0.28027, 1.14129, 2.98495, 0.00584, 0.13024, 2.25571, -0.00011, 0.47819, 0.19010, 0.20433, 0.33440, 0.02281, -0.01456, 0.20872, 0.08800, 0.00643, 0.02073, 0.12900, 0.03653, 0.00802, 0.00706 
50340.0, 38.79739, 0.31211, 1.31271, 3.17536, -0.00014, 0.17507, 2.29830, 0.00185, 0.59502, 0.21064, 0.31382, 0.45859, 0.02965, -0.00923, 0.29900, 0.11302, 0.00911, 0.03144, 0.20135, 0.03605, 0.00248, 0.00994 
50400.0, 14.57628, 0.28593, 1.04382, 2.52253, 0.00379, 0.13365, 2.12274, -0.00011, 0.47948, 0.18740, 0.16774, 0.21628, 0.01270, -0.02950, 0.13151, 0.05928, 0.01881, 0.02904, 0.13214, 0.02401, 0.00662, 0.00352 
50460.0, 22.05408, 0.31259, 1.32673, 4.54354, 0.00383, 0.17355, 2.21943, 0.00842, 0.55811, 0.20811, 0.19602, 0.34004, 0.03191, -0.02951, 0.22469, 0.09615, 0.02193, 0.01460, 0.14494, 0.02686, 0.00617, 0.01024 
50520.0, 23.72669, 0.28372, 1.45720, 5.13942, 0.00207, 0.17913, 2.45719, 0.00495, 0.45850, 0.22508, 0.22051, 0.46555, 0.03411, -0.02951, 0.28160, 0.12835, -0.00187, 0.02434, 0.17268, 0.05296, 0.00380, 0.00878 
50580.0, 11.03531, 0.28222, 1.08180, 3.05686, 0.00298, 0.14864, 2.22295, 0.00569, 0.49972, 0.19787, 0.12610, 0.26952, 0.02110, -0.02951, 0.16439, 0.05629, -0.00007, 0.01486, 0.13846, 0.03607, 0.00300, 0.00465 
50640.0, 9.83059, 0.28525, 1.03011, 2.55927, 0.00148, 0.12128, 2.17428, 0.00561, 0.48605, 0.18566, 0.11209, 0.19762, -0.00435, -0.01006, 0.10881, 0.05203, -0.00668, 0.01345, 0.11736, 0.02562, 0.00365, 0.00519 
50700.0, 12.42936, 0.29157, 1.25861, 2.79582, -0.00072, 0.15187, 2.15687, -0.00011, 0.46421, 0.19566, 0.14923, 0.21051, 0.01457, -0.02488, 0.13098, 0.05233, -0.00199, 0.00973, 0.15439, 0.03974, 0.00207, 0.00708 
50760.0, 23.19210, 0.27777, 1.24778, 2.75362, 0.00545, 0.16414, 2.22401, 0.00979, 0.48641, 0.19712, 0.21328, 0.28355, -0.00505, -0.02952, 0.15184, 0.05760, -0.00669, 0.02061, 0.15156, 0.02258, 0.00497, 0.00841 
50820.0, 24.11261, 0.30749, 1.28501, 3.07745, 0.00703, 0.15359, 2.51022, -0.00011, 0.52442, 0.20045, 0.16170, 0.29717, 0.03837, -0.01856, 0.17919, 0.06512, 0.01449, 0.02371, 0.15296, 0.03894, 0.00413, 0.01005 
50880.0, 20.03393, 0.30951, 1.27862, 2.77684, 0.00567, 0.16956, 2.28591, 0.00914, 0.48287, 0.22104, 0.16428, 0.27062, 0.02558, -0.02953, 0.16145, 0.07663, -0.00669, 0.02330, 0.13878, 0.03804, -0.00027, 0.01480 
50940.0, 12.34309, 0.28798, 1.18676, 2.78735, 0.00047, 0.16689, 2.22190, 0.00337, 0.47403, 0.23754, 0.19360, 0.26557, 0.01563, -0.02953, 0.17060, 0.05615, 0.00542, 0.02615, 0.14339, 0.02983, 0.00411, 0.00762 
51000.0, 16.14899, 0.28999, 1.48354, 3.97096, 0.00402, 0.21278, 2.51968, 0.00063, 0.46043, 0.24024, 0.19882, 0.30842, 0.01904, -0.02953, 0.20264, 0.08317, 0.00668, 0.04520, 0.18962, 0.04549, 0.00429, 0.01610 
51060.0, 19.06177, 0.28235, 1.56332, 9.39355, 0.00610, 0.19433, 2.56584, 0.01209, 0.52056, 0.23993, 0.43491, 1.02433, 0.05708, -0.02607, 0.63298, 0.22265, 0.02037, 0.04254, 0.15356, 0.06197, 0.00444, 0.00936 
51120.0, 22.05314, 0.31884, 1.69630, 7.87855, 0.00186, 0.19355, 2.63958, -0.00011, 0.49510, 0.23965, 0.42760, 0.85995, 0.04588, -0.01291, 0.55829, 0.20749, -0.00441, 0.02539, 0.14484, 0.06323, 0.00103, 0.02182 
51180.0, 18.48716, 0.29666, 1.51773, 5.13551, 0.00779, 0.18007, 2.63422, -0.00011, 0.51233, 0.26193, 0.25178, 0.44725, 0.02990, -0.00829, 0.28367, 0.12817, 0.00080, 0.03841, 0.17314, 0.05749, 0.01282, 0.01445 
51240.0, 20.38104, 0.28366, 1.57039, 4.65914, 0.00581, 0.18403, 2.46086, 0.00600, 0.56508, 0.23034, 0.20653, 0.37517, 0.02793, -0.02144, 0.24570, 0.10607, 0.01003, 0.01530, 0.16112, 0.03318, 0.00457, 0.00819 
51300.0, 20.74932, 0.28859, 1.57347, 4.61250, 0.00354, 0.19585, 2.47521, 0.00105, 0.45047, 0.26365, 0.22736, 0.38000, 0.04292, -0.02892, 0.22536, 0.09634, 0.01800, 0.02725, 0.16272, 0.07344, 0.00672, 0.01159 
51360.0, 24.48126, 0.29561, 1.58528, 5.18204, 0.00887, 0.18068, 2.60582, 0.00878, 0.48196, 0.24582, 0.25785, 0.42732, 0.02740, -0.01939, 0.25931, 0.11794, -0.00016, 0.04006, 0.17130, 0.06206, 0.00941, 0.01447 
51420.0, 24.86427, 0.28412, 1.45699, 5.59199, 0.00430, 0.19531, 2.47245, -0.00011, 0.49862, 0.24921, 0.23137, 0.38831, 0.03099, -0.02626, 0.23195, 0.10533, -0.00344, 0.01116, 0.14708, 0.05011, 0.00692, 0.01306 
51480.0, 19.06161, 0.31375, 1.32119, 4.29441, -0.00039, 0.16591, 2.38067, -0.00011, 0.47322, 0.25697, 0.21968, 0.31761, 0.01897, -0.02495, 0.21327, 0.08140, 0.00539, 0.02743, 0.13696, 0.06072, 0.00277, 0.01229 
51540.0, 19.54172, 0.30343, 1.46630, 6.21418, 0.00189, 0.18414, 2.42861, 0.00641, 0.53342, 0.24803, 0.36353, 0.74373, 0.05133, -0.02597, 0.41151, 0.15591, 0.00568, 0.02514, 0.16116, 0.05048, 0.00674, 0.01085 
51600.0, 20.24130, 0.28063, 1.42818, 4.58047, 0.00282, 0.18204, 2.43432, -0.00011, 0.48262, 0.27746, 0.18229, 0.33822, 0.01544, -0.02402, 0.21121, 0.09933, -0.00542, 0.01436, 0.15116, 0.03492, 0.00647, 0.00993 
51660.0, 17.07524, 0.30395, 1.33201, 3.65760, 0.00517, 0.14286, 2.35106, 0.00599, 0.55886, 0.26393, 0.15482, 0.30238, 0.03155, -0.02006, 0.19595, 0.07641, 0.00006, 0.01360, 0.15958, 0.04529, 0.00090, 0.00835 
51720.0, 20.76895, 0.30620, 1.38048, 3.78393, 0.00055, 0.17532, 2.34036, 0.00072, 0.61224, 0.28207, 0.16687, 0.31938, -0.00508, -0.02956, 0.19562, 0.09097, -0.00672, 0.02946, 0.12453, 0.03751, 0.00727, 0.01110 
51780.0, 11.54066, 0.28926, 1.06324, 2.72279, 0.00098, 0.14550, 2.20304, -0.00011, 0.73123, 0.28063, 0.10150, 0.20311, 0.01908, -0.02957, 0.12325, 0.05138, -0.00552, 0.01770, 0.13116, 0.02726, 0.00832, 0.01348 
51840.0, 14.61045, 0.28397, 1.20096, 3.45110, 0.00263, 0.16892, 2.33230, 0.00138, 0.79750, 0.30104, 0.14944, 0.22670, 0.01606, -0.02957, 0.13943, 0.05845, -0.00673, 0.03456, 0.15142, 0.03276, 0.00573, 0.00921 
51900.0, 16.06722, 0.31019, 1.34526, 3.18000, 0.00137, 0.17564, 2.34405, -0.00012, 0.81613, 0.30349, 0.16948, 0.23350, 0.02355, -0.02957, 0.14309, 0.06848, -0.00662, 0.04292, 0.17664, 0.04369, 0.00045, 0.01247 
51960.0, 16.86907, 0.30367, 1.28017, 3.18416, 0.00301, 0.16766, 2.37684, 0.01303, 0.72411, 0.31133, 0.16135, 0.23116, 0.03218, -0.01204, 0.14282, 0.06989, -0.00298, 0.02683, 0.17440, 0.04331, 0.00406, 0.01249 
52020.0, 15.44281, 0.28458, 1.39274, 6.10775, 0.00234, 0.18009, 2.40387, -0.00012, 0.78740, 0.31408, 0.35504, 0.79782, -0.00508, -0.02953, 0.42837, 0.13751, 0.00525, 0.04715, 0.18625, 0.06504, 0.01166, 0.01624 
52080.0, 13.58524, 0.29190, 1.20103, 2.61312, 0.00253, 0.14987, 2.29164, -0.00012, 0.73849, 0.33597, 0.11630, 0.18386, 0.01274, -0.02958, 0.11795, 0.05735, 0.00080, 0.03038, 0.17973, 0.05990, 0.00783, 0.00687 
52140.0, 15.56330, 0.27518, 1.29824, 3.35464, 0.00422, 0.16875, 2.50427, -0.00012, 0.66482, 0.31146, 0.14273, 0.27001, 0.01467, -0.01738, 0.17066, 0.07456, 0.00044, 0.02450, 0.19635, 0.05348, 0.00653, 0.02132 
52200.0, 16.15657, 0.29866, 1.39131, 4.28039, 0.00462, 0.17169, 2.69221, 0.01676, 0.69565, 0.33419, 0.15157, 0.27771, -0.00509, -0.01129, 0.15406, 0.06946, 0.01002, 0.03348, 0.22935, 0.06075, 0.00276, 0.02056 
52260.0, 12.96503, 0.27969, 1.20583, 3.01973, 0.00383, 0.16253, 2.28595, -0.00012, 0.73167, 0.32509, 0.14341, 0.21086, -0.00509, -0.02959, 0.13047, 0.05595, 0.00050, 0.03095, 0.16695, 0.04961, 0.00669, 0.01263 
52320.0, 14.75485, 0.29272, 1.18658, 3.21464, 0.00089, 0.18057, 2.37187, 0.00634, 0.72231, 0.36450, 0.16619, 0.19830, 0.01797, -0.02959, 0.12681, 0.05603, -0.00563, 0.02253, 0.14768, 0.05309, 0.00283, 0.01234 
52380.0, 14.65107, 0.29333, 1.22627, 3.39430, -0.00002, 0.16563, 2.47643, -0.00012, 0.69765, 0.36255, 0.16536, 0.26459, 0.01087, -0.02615, 0.16176, 0.07387, -0.00675, 0.04280, 0.17639, 0.04904, 0.00885, 0.01303 
52440.0, 13.47343, 0.26968, 1.19415, 4.00203, 0.00193, 0.16521, 2.43853, -0.00012, 0.65201, 0.34789, 0.15399, 0.24726, 0.02189, 0.00630, 0.15259, 0.05761, -0.00675, 0.02152, 0.18593, 0.03279, 0.00473, 0.00855 
52500.0, 26.62136, 0.28830, 1.26358, 4.11968, 0.00296, 0.16680, 2.49306, -0.00012, 0.78699, 0.35388, 0.23168, 0.28571, 0.03202, 0.00581, 0.16112, 0.06524, 0.01246, 0.04400, 0.19128, 0.04697, -0.00052, 0.01194 
52560.0, 23.35674, 0.28887, 1.31908, 3.71020, 0.00336, 0.18293, 2.51994, -0.00012, 0.75117, 0.38709, 0.17469, 0.24887, 0.01627, -0.01423, 0.16650, 0.07061, 0.01327, 0.04726, 0.19676, 0.06280, 0.00177, 0.01281 
52620.0, 27.29857, 0.29783, 1.49765, 4.17964, 0.00064, 0.20634, 2.64670, 0.00553, 0.72139, 0.37144, 0.16992, 0.27380, 0.02937, 0.02971, 0.17292, 0.07232, -0.00669, 0.03085, 0.17674, 0.05080, 0.00354, 0.01372 
52680.0, 20.81328, 0.29449, 1.66597, 4.04587, 0.00130, 0.22391, 2.60330, 0.00660, 0.70427, 0.37226, 0.22040, 0.35860, 0.04475, -0.02692, 0.26046, 0.11650, -0.00407, 0.03369, 0.14558, 0.04078, 0.00003, 0.01508 
52740.0, 18.28442, 0.30625, 1.63862, 4.44744, 0.00125, 0.21451, 2.68698, 0.00570, 0.76430, 0.37866, 0.29982, 0.57137, 0.04692, -0.02961, 0.38280, 0.12313, 0.00063, 0.03054, 0.19559, 0.05590, 0.00556, 0.01565 
52800.0, 21.24060, 0.32849, 1.66513, 4.85376, 0.00276, 0.21555, 2.65182, -0.00012, 0.85393, 0.41546, 0.17066, 0.35596, 0.03169, -0.02961, 0.24988, 0.11335, 0.00405, 0.02933, 0.17812, 0.05212, 0.00505, 0.01293 
52860.0, 19.88077, 0.34328, 1.67338, 4.97079, 0.00189, 0.20256, 2.68722, -0.00012, 0.84962, 0.43333, 0.20412, 0.35854, 0.03741, -0.02962, 0.25234, 0.10698, 0.01653, 0.03823, 0.14936, 0.03680, 0.01108, 0.01165 
52920.0, 20.18507, 0.33298, 1.58483, 4.96890, 0.00368, 0.17801, 2.73896, 0.00184, 0.87946, 0.40505, 0.17864, 0.33393, 0.03008, 0.00507, 0.21678, 0.09926, 0.01058, 0.02982, 0.16315, 0.03541, 0.00424, 0.00749 
52980.0, 22.15378, 0.32829, 1.75554, 4.58175, 0.00570, 0.21209, 2.75934, -0.00012, 0.85803, 0.42766, 0.28323, 0.42312, 0.01607, -0.00534, 0.25677, 0.09511, 0.00679, 0.06342, 0.19523, 0.07335, 0.00556, 0.01860 
53040.0, 19.66437, 0.33065, 1.68183, 4.39236, 0.00244, 0.19040, 2.75817, -0.00012, 0.81022, 0.45787, 0.20689, 0.38113, 0.04725, 0.01076, 0.22447, 0.08661, 0.01405, 0.05709, 0.21299, 0.07176, 0.00641, 0.01246 
53100.0, 20.55885, 0.32138, -9999.00000, 5.32997, -0.00047, 0.21088, 2.89757, 0.00935, -9999.00000, 0.46572, 0.22883, 0.41231, 0.04713, 0.00623, 0.25546, 0.08687, 0.01638, 0.03989, 0.20577, 0.10802, 0.00272, 0.01367 
53160.0, -9999.00000, -9999.00000, -9999.00000, -9999.00000, -9999.00000, -9999.00000, -9999.00000, -9999.00000, -9999.00000, -9999.00000, -9999.00000, -9999.00000, -9999.00000, -9999.00000, -9999.00000, -9999.00000, -9999.00000, -9999.00000, -9999.00000, -9999.00000, -9999.00000, -9999.00000 
53220.0, -9999.00000, -9999.00000, -9999.00000, -9999.00000, -9999.00000, -9999.00000, -9999.00000, -9999.00000, -9999.00000, -9999.00000, -9999.00000, -9999.00000, -9999.00000, -9999.00000, -9999.00000, -9999.00000, -9999.00000, -9999.00000, -9999.00000, -9999.00000, -9999.00000, -9999.00000 
53280.0, -9999.00000, -9999.00000, -9999.00000, -9999.00000, -9999.00000, -9999.00000, -9999.00000, -9999.00000, -9999.00000, -9999.00000, -9999.00000, -9999.00000, -9999.00000, -9999.00000, -9999.00000, -9999.00000, -9999.00000, -9999.00000, -9999.00000, -9999.00000, -9999.00000, -9999.00000 
53340.0, -9999.00000, -9999.00000, -9999.00000, -9999.00000, -9999.00000, -9999.00000, -9999.00000, -9999.00000, -9999.00000, -9999.00000, -9999.00000, -9999.00000, -9999.00000, -9999.00000, -9999.00000, -9999.00000, -9999.00000, -9999.00000, -9999.00000, -9999.00000, -9999.00000, -9999.00000 
53400.0, -9999.00000, -9999.00000, -9999.00000, -9999.00000, -9999.00000, -9999.00000, -9999.00000, -9999.00000, -9999.00000, -9999.00000, -9999.00000, -9999.00000, -9999.00000, -9999.00000, -9999.00000, -9999.00000, -9999.00000, -9999.00000, -9999.00000, -9999.00000, -9999.00000, -9999.00000 
53460.0, 19.65397, 0.37469, 1.99399, 5.90518, 0.00292, 0.23279, 3.09393, 0.00381, 0.73932, 0.45728, 0.25724, 0.63152, 0.03887, 0.00669, 0.32612, 0.11676, 0.00496, 0.04324, 0.21757, 0.07014, 0.03283, 0.02152 
53520.0, 21.48086, 0.38359, 1.98486, 6.30538, 0.00635, 0.27365, 3.05554, 0.00442, 0.78966, 0.42976, 0.27059, 0.64437, 0.05207, 0.00507, 0.34604, 0.13488, 0.01776, 0.04012, 0.22210, 0.05988, 0.05324, 0.01988 
53580.0, 23.07198, 0.36896, 2.17691, 6.93981, 0.00771, 0.23999, 3.21154, -0.00012, 0.78691, 0.46541, 0.25192, 0.72650, 0.04478, -0.01853, 0.35985, 0.14264, 0.00473, 0.05250, 0.23609, 0.06429, 0.10002, 0.02219 
53640.0, 24.25827, 0.36624, 2.38163, 8.37652, 0.00531, 0.25734, 3.29055, 0.01117, 0.74497, 0.45120, 0.32657, 0.88907, 0.05722, -0.01719, 0.45025, 0.16340, 0.00639, 0.07540, 0.24705, 0.08336, 0.09376, 0.01443 
53700.0, 27.06348, 0.33127, 2.49393, 8.81935, 0.00699, 0.29513, 3.16464, 0.00421, 0.76294, 0.42544, 0.29559, 0.64170, 0.04905, -0.00984, 0.39636, 0.17460, 0.00939, 0.05186, 0.29354, 0.07642, 0.22710, 0.03333 
