CampaignData_and_Merges/R0/CSL_MobileLab_Parked/raw/20240729/USOS-NOAAIodideCIMS-OrgNitrs_MobileLabGround_20240729_RA.ict
37, 1001
Michael A Robinson, Chris Jernigan, Subi Thakali
NOAA ESRL Chemical Sciences Laboratory and CIRES, U. of Colorado
NOAA Iodide CIMS Instrument
USOS
1, 1
2024, 07, 29, 2024, 07, 30
1
starttime_UTC, seconds_past_midnight, seconds_of_day_since_00:00:00_UTC
5
1, 1, 1, 1, 1
-9999, -9999, -9999, -9999, -9999
C4H7NO5_NOAACIMS, pptv, Gas_C4H7NO5_InSitu_S_AVMR, 
ISOPN_NOAACIMS, pptv, Gas_ISOPN_InSitu_S_AVMR, 
C5H10O3_NOAACIMS, pptv, Gas_C5H10O3_InSitu_S_AVMR, 
C5H9NO5_NOAACIMS, pptv, Gas_C5H9NO5_InSitu_S_AVMR, 
C10H17NO4_NOAACIMS, pptv, Gas_C10H17NO4_InSitu_S_AVMR, 
0
18
PI_CONTACT_INFO: 325 Broadway, R/CSD 7, Boulder, Colorado 80305; michael.a.robinson@noaa.gov; chris.jernigan@noaa.gov;
PLATFORM: NOAA CSL Mobile Lab
LOCATION: SLC, Utah
ASSOCIATED_DATA: 1Hz data also available on request.
INSTRUMENT_INFO: NOAA I- ToF CIMS
DATA_INFO: All data in parts per trillion by volume (pptv). 1 Hz data is available upon request.
UNCERTAINTY: TBD
ULOD_FLAG: -7777
ULOD_VALUE: N/A
LLOD_FLAG: -8888
LLOD_VALUE: N/A
DM_CONTACT_INFO: Nathan Howard; nathan.h.howard@noaa.gov
PROJECT_INFO: USOS, summer 2024. https://csl.noaa.gov/groups/csl7/measurements/2024usos/
STIPULATIONS_ON_USE: Users are strongly encouraged to contact the PI for proper data usage.
OTHER_COMMENTS: 
REVISION: RA
RA: Preliminary Data; For in-field use only
starttime_UTC, C4H7NO5_NOAACIMS, ISOPN_NOAACIMS, C5H10O3_NOAACIMS, C5H9NO5_NOAACIMS, C10H17NO4_NOAACIMS
[from data line 1004]
 60240,  1.441, 10.497, 16.686,  1.184,  0.172
 60300,  1.477, 11.008, 15.605,  0.935,  0.138
 60360,  1.461, 10.146, 16.328,  1.102,  0.264
 60420,  1.383, 10.016, 16.190,  1.083,  0.263
 60480,  1.465, 10.524, 15.510,  1.061,  0.217
 60540,  1.475, 10.628, 15.757,  1.103,  0.264
 60600,  1.386,  9.503, 16.246,  1.137,  0.190
 60660,  1.354,  8.872, 15.271,  0.983,  0.207
 60720,  1.307,  8.493, 15.100,  0.944,  0.177
 60780,  1.375,  9.333, 16.075,  1.010,  0.182
 60840,  1.444,  9.823, 15.507,  1.021,  0.246
 60900,  1.404,  8.932, 15.563,  1.010,  0.282
 60960,  1.442,  9.637, 15.510,  1.069,  0.163
 61020,  1.415,  9.595, 15.246,  1.009,  0.268
 61080,  1.454,  9.388, 15.873,  1.005,  0.276
 61140,  1.436,  9.793, 15.375,  1.097,  0.257
 61200,  1.495,  9.953, 15.532,  1.122,  0.277
 61260, -9999.000, -9999.000, -9999.000, -9999.000, -9999.000
 61320,  1.398,  8.627, 13.222,  0.983,  0.220
 61380,  1.390,  8.494, 12.373,  1.093,  0.201
 61440,  1.408,  7.693, 11.888,  1.049,  0.246
 61500,  1.345,  7.385, 11.976,  1.051,  0.232
 61560,  1.346,  7.559, 12.029,  0.887,  0.230
 61620,  1.338,  7.691, 12.632,  0.996,  0.270
 61680,  1.301,  7.466, 12.592,  1.105,  0.215
 61740,  1.313,  7.906, 12.800,  0.931,  0.197
 61800,  1.461,  8.732, 12.892,  1.104,  0.202
 61860,  1.461,  8.841, 14.000,  1.145,  0.221
 61920,  1.544,  9.756, 13.730,  1.073,  0.245
 61980,  1.624, 10.155, 14.188,  1.149,  0.252
 62040,  1.650, 10.386, 14.515,  1.032,  0.291
 62100,  1.696, 10.974, 14.975,  1.373,  0.269
 62160,  1.816, 11.108, 15.193,  1.232,  0.276
 62220,  1.829, 11.208, 15.272,  1.200,  0.285
 62280,  1.777, 10.398, 15.264,  1.216,  0.286
 62340,  1.833, 10.791, 15.205,  1.213,  0.235
 62400,  1.898, 10.970, 15.485,  1.284,  0.199
 62460,  1.861, 10.893, 16.093,  1.250,  0.254
 62520,  1.876, 10.996, 15.891,  1.196,  0.234
 62580,  1.669,  9.630, 15.655,  1.231,  0.254
 62640,  1.743,  9.529, 15.125,  1.111,  0.206
 62700,  1.765, 10.349, 15.818,  1.200,  0.235
 62760,  1.745,  9.765, 16.039,  1.288,  0.176
 62820,  1.809,  9.874, 15.926,  1.253,  0.201
 62880,  1.760,  9.784, 15.394,  1.372,  0.222
 62940,  1.892, 10.190, 16.147,  1.391,  0.318
 63000,  1.769,  9.168, 14.839,  1.386,  0.224
 63060,  1.774,  9.546, 14.652,  1.396,  0.233
 63120, -9999.000, -9999.000, -9999.000, -9999.000, -9999.000
 63180,  1.710,  8.413, 12.869,  1.388,  0.275
 63240,  1.826,  9.441, 13.300,  1.406,  0.235
 63300,  1.968,  9.543, 14.338,  1.380,  0.202
 63360,  2.016,  9.853, 14.599,  1.457,  0.254
 63420,  1.972, 10.550, 14.414,  1.353,  0.266
 63480,  1.878,  9.781, 13.634,  1.414,  0.253
 63540,  1.837,  9.078, 13.174,  1.310,  0.263
 63600,  1.960, 10.379, 13.453,  1.340,  0.334
 63660,  2.032, 10.659, 13.650,  1.368,  0.278
 63720,  1.916,  9.463, 13.013,  1.384,  0.219
 63780,  2.016,  9.859, 13.471,  1.418,  0.220
 63840,  2.045,  9.851, 15.008,  1.368,  0.184
 63900,  2.125, 10.580, 14.694,  1.337,  0.236
 63960,  2.143, 11.122, 15.261,  1.390,  0.245
 64020,  2.130, 10.810, 15.450,  1.266,  0.281
 64080,  2.121, 10.199, 15.729,  1.232,  0.220
 64140,  2.131,  9.475, 15.079,  1.200,  0.182
 64200,  2.102,  9.148, 15.016,  1.249,  0.209
 64260,  1.776,  7.494, 13.212,  1.218,  0.172
 64320,  1.875,  7.364, 13.087,  1.145,  0.084
 64380,  1.967,  7.898, 12.875,  1.304,  0.180
 64440,  2.090,  8.711, 13.161,  1.143,  0.093
 64500,  2.263,  9.844, 14.942,  1.295,  0.202
 64560,  2.347, 10.576, 15.952,  1.289,  0.215
 64620,  2.404, 11.069, 15.909,  1.243,  0.128
 64680,  2.470, 11.288, 15.835,  1.309,  0.163
 64740,  2.347,  9.850, 14.974,  1.359,  0.202
 64800,  2.023,  8.815, 13.238,  1.269,  0.143
 64860,  2.076,  8.039, 12.272,  1.144,  0.162
 64920,  2.259,  8.504, 12.828,  1.293,  0.206
 64980, -9999.000, -9999.000, -9999.000, -9999.000, -9999.000
 65040,  1.963,  7.712, 12.042,  1.222,  0.071
 65100,  1.983,  7.935, 12.623,  1.387,  0.129
 65160,  1.993,  7.966, 11.929,  1.275,  0.111
 65220,  2.068,  8.758, 13.295,  1.221,  0.198
 65280,  2.063,  8.469, 13.389,  1.266,  0.161
 65340,  2.151,  9.137, 13.819,  1.236,  0.116
 65400,  2.238,  9.723, 14.644,  1.340,  0.176
 65460,  2.257,  9.412, 14.538,  1.286,  0.269
 65520,  2.356,  9.887, 13.863,  1.317,  0.190
 65580,  2.361,  9.941, 14.646,  1.364,  0.154
 65640,  2.266,  9.153, 14.030,  1.297,  0.234
 65700,  1.981,  7.617, 12.538,  1.249,  0.235
 65760,  1.886,  6.390, 10.811,  1.156,  0.095
 65820,  1.777,  6.395, 10.045,  1.190,  0.126
 65880,  1.759,  5.834, 10.556,  1.263,  0.223
 65940,  1.706,  5.916, 10.355,  1.115,  0.136
 66000,  1.818,  6.433, 10.686,  1.113,  0.194
 66060,  1.909,  6.731, 11.787,  1.143,  0.165
 66120,  1.947,  7.363, 12.044,  1.329,  0.154
 66180,  2.003,  7.406, 13.231,  1.186,  0.200
 66240,  2.096,  8.331, 13.191,  1.284,  0.178
 66300,  2.176,  8.631, 14.035,  1.232,  0.196
 66360,  2.078,  7.956, 13.312,  1.259,  0.227
 66420,  2.118,  7.781, 13.258,  1.204,  0.210
 66480,  2.041,  7.267, 12.776,  1.133,  0.183
 66540,  2.050,  7.391, 12.783,  1.288,  0.167
 66600,  2.041,  6.836, 12.932,  1.135,  0.156
 66660,  2.189,  7.415, 13.272,  1.148,  0.241
 66720,  2.113,  7.357, 13.593,  1.067,  0.203
 66780,  2.111,  7.595, 12.784,  1.262,  0.146
 66840,  1.983,  7.437, 12.245,  1.175,  0.119
 66900,  2.108,  7.937, 12.839,  1.302,  0.200
 66960,  2.244,  8.350, 14.053,  1.260,  0.181
 67020,  2.370,  8.660, 14.513,  1.315,  0.185
 67080,  2.389,  8.595, 15.293,  1.365,  0.254
 67140,  2.218,  7.999, 14.439,  1.361,  0.182
 67200,  1.971,  6.286, 13.057,  1.367,  0.115
 67260,  1.938,  6.211, 12.103,  1.269,  0.135
 67320,  1.968,  5.754, 11.804,  1.199,  0.160
 67380,  2.063,  6.643, 13.191,  1.271,  0.229
 67440,  2.220,  7.363, 13.970,  1.377,  0.219
 67500,  2.249,  7.818, 12.817,  1.527,  0.191
 67560,  2.088,  6.027, 11.863,  1.343,  0.198
 67620,  2.095,  6.382, 12.237,  1.329,  0.132
 67680,  1.957,  5.825, 11.662,  1.286,  0.199
 67740,  1.757,  4.931, 10.190,  1.139,  0.184
 67800,  1.825,  5.515, 11.221,  1.297,  0.158
 67860,  1.911,  5.934, 10.012,  1.228,  0.190
 67920,  2.111,  6.368, 12.248,  1.346,  0.222
 67980,  2.042,  6.106, 11.399,  1.294,  0.210
 68040,  1.933,  6.366, 11.375,  1.312,  0.194
 68100,  2.068,  7.110, 11.807,  1.202,  0.160
 68160,  2.083,  7.656, 13.964,  1.248,  0.145
 68220,  1.909,  6.464, 12.924,  1.076,  0.175
 68280,  1.903,  6.869, 14.190,  1.203,  0.077
 68340,  1.921,  7.173, 14.386,  1.219,  0.053
 68400,  1.936,  7.849, 15.379,  1.088,  0.046
 68460,  1.825,  6.457, 14.354,  1.129,  0.185
 68520,  1.816,  7.147, 14.243,  1.177,  0.148
 68580,  1.902,  7.596, 15.435,  1.263,  0.166
 68640, -9999.000, -9999.000, -9999.000, -9999.000, -9999.000
 68700,  1.921,  6.837, 14.368,  1.390,  0.129
 68760,  1.996,  7.707, 15.069,  1.399,  0.168
 68820,  2.292,  9.203, 18.507,  1.493,  0.187
 68880,  2.489, 10.274, 21.262,  1.385,  0.137
 68940,  2.664, 10.946, 22.523,  1.565,  0.226
 69000,  2.635, 10.961, 21.106,  1.534,  0.216
 69060,  2.376,  8.807, 19.412,  1.262,  0.108
 69120,  2.709, 10.269, 22.250,  1.388,  0.166
 69180,  2.857, 11.820, 25.363,  1.802,  0.279
 69240,  2.724, 10.277, 23.551,  1.300, -0.056
 69300,  2.518,  9.834, 22.086,  1.493,  0.184
 69360,  2.468,  9.693, 21.706,  1.402,  0.218
 69420,  2.113,  7.611, 19.826,  1.411,  0.219
 69480,  1.938,  7.201, 18.419,  1.424,  0.176
 69540,  2.060,  8.472, 18.923,  1.357,  0.138
 69600,  2.199,  9.110, 19.918,  1.491,  0.200
 69660,  2.290,  9.255, 20.190,  1.476,  0.159
 69720,  2.046,  8.155, 19.788,  1.535,  0.221
 69780,  1.697,  5.919, 16.731,  1.470,  0.131
 69840,  1.600,  5.835, 15.701,  1.320,  0.156
 69900,  1.652,  6.165, 15.481,  1.367,  0.065
 69960,  1.722,  6.995, 16.352,  1.331,  0.177
 70020,  1.511,  5.747, 14.987,  1.321,  0.196
 70080,  1.344,  4.971, 13.348,  1.256,  0.191
 70140,  1.299,  4.284, 12.086,  1.300,  0.195
 70200,  1.310,  4.673, 11.937,  1.306,  0.150
 70260,  1.365,  4.860, 12.491,  1.390,  0.101
 70320,  1.440,  6.028, 13.402,  1.373,  0.186
 70380,  1.512,  5.997, 13.395,  1.476,  0.082
 70440,  1.565,  5.651, 14.769,  1.383,  0.153
 70500, -9999.000, -9999.000, -9999.000, -9999.000, -9999.000
 70560,  1.579,  7.041, 13.747,  1.668,  0.134
 70620,  1.704,  7.422, 13.557,  1.541,  0.185
 70680,  1.635,  7.015, 14.059,  1.448,  0.074
 70740,  1.729,  7.369, 14.884,  1.469,  0.143
 70800,  1.795,  8.051, 16.690,  1.529,  0.160
 70860,  1.873,  8.924, 16.980,  1.595,  0.183
 70920,  2.001,  8.998, 19.502,  1.562,  0.173
 70980,  2.107, 10.523, 22.699,  1.727,  0.204
 71040,  2.093, 10.328, 24.883,  1.485,  0.204
 71100,  1.833,  8.643, 22.551,  1.462,  0.133
 71160,  1.693,  7.483, 19.800,  1.482,  0.084
 71220,  1.702,  7.378, 19.487,  1.374,  0.180
 71280,  1.599,  6.787, 19.738,  1.261, -0.016
 71340,  1.666,  7.431, 19.909,  1.528,  0.156
 71400,  1.587,  6.518, 17.837,  1.488,  0.097
 71460,  1.503,  5.939, 17.630,  1.374,  0.055
 71520,  1.647,  6.778, 18.830,  1.312,  0.111
 71580,  1.642,  6.547, 18.249,  1.450,  0.079
 71640,  1.642,  6.328, 18.025,  1.266,  0.115
 71700,  1.664,  6.353, 18.324,  1.369,  0.109
 71760,  1.601,  5.965, 18.750,  1.349,  0.106
 71820,  1.575,  5.884, 17.192,  1.353,  0.069
 71880,  1.492,  5.505, 16.899,  1.299,  0.067
 71940,  1.446,  5.274, 17.733,  1.383,  0.103
 72000,  1.535,  6.568, 18.665,  1.224, -0.024
 72060,  1.650,  7.535, 20.761,  1.271,  0.079
 72120,  1.758,  8.579, 23.751,  1.350,  0.095
 72180,  1.753,  8.543, 26.074,  1.181,  0.130
 72240,  1.908,  9.087, 28.111,  1.585,  0.118
 72300,  1.944,  9.583, 30.591,  1.106,  0.220
 72360, -9999.000, -9999.000, -9999.000, -9999.000, -9999.000
 72420,  2.070, 11.546, 28.756,  1.624,  0.105
 72480,  2.102, 12.032, 30.438,  1.448,  0.086
 72540,  2.011, 11.319, 29.234,  1.494,  0.204
 72600,  1.989, 10.677, 28.460,  1.462,  0.170
 72660,  1.847, 10.187, 27.993,  1.421,  0.169
 72720,  1.507,  6.967, 21.529,  1.383,  0.052
 72780,  1.349,  6.358, 18.484,  1.232,  0.095
 72840,  1.181,  5.139, 14.566,  1.089,  0.122
 72900,  1.200,  5.660, 14.489,  0.999,  0.103
 72960,  1.192,  5.225, 13.090,  1.196,  0.064
 73020,  1.109,  4.320, 12.108,  1.067,  0.085
 73080,  1.044,  3.658, 11.403,  1.012,  0.094
 73140,  1.044,  4.359, 12.449,  1.076,  0.040
 73200,  1.121,  4.896, 12.132,  1.182,  0.133
 73260,  1.152,  5.644, 14.418,  1.246,  0.129
 73320,  1.195,  5.381, 16.824,  1.121,  0.079
 73380,  1.152,  5.676, 18.603,  1.103,  0.101
 73440,  1.140,  6.509, 19.381,  1.125,  0.129
 73500,  1.236,  6.746, 21.272,  1.162,  0.098
 73560,  1.167,  5.844, 20.799,  1.014,  0.118
 73620,  1.119,  5.657, 19.531,  1.116,  0.125
 73680,  1.126,  6.687, 20.147,  1.036,  0.169
 73740,  1.220,  7.521, 19.518,  1.000,  0.198
 73800,  1.261,  7.954, 20.886,  1.127,  0.152
 73860,  1.274,  6.856, 19.244,  1.227,  0.143
 73920,  1.269,  7.313, 19.630,  1.185,  0.195
 73980,  1.238,  6.745, 17.879,  1.007,  0.148
 74040,  1.256,  7.365, 18.377,  1.054,  0.193
 74100,  1.279,  6.950, 20.077,  1.063,  0.220
 74160,  1.288,  7.064, 21.357,  1.016,  0.203
 74220,  1.192,  5.303, 20.498,  1.339,  0.064
 74280,  1.263,  7.205, 22.090,  1.056,  0.179
 74340,  1.226,  6.703, 24.314,  1.050,  0.196
 74400,  1.351,  7.411, 25.202,  1.045,  0.204
 74460,  1.383,  8.569, 26.361,  1.120,  0.104
 74520,  1.340,  7.572, 24.860,  1.005,  0.170
 74580,  1.277,  6.717, 23.659,  0.995,  0.143
 74640,  1.309,  6.864, 26.051,  0.915,  0.115
 74700,  1.336,  7.056, 28.543,  1.067,  0.179
 74760,  1.298,  7.305, 28.167,  1.048,  0.135
 74820,  1.469,  8.160, 28.274,  0.785,  0.174
 74880,  1.394,  7.134, 27.469,  0.915, -0.000
 74940,  1.372,  7.628, 27.190,  0.795,  0.149
 75000,  1.401,  7.765, 26.447,  0.777,  0.091
 75060,  1.416,  7.661, 27.384,  0.771,  0.110
 75120,  1.360,  7.691, 27.422,  0.774,  0.173
 75180,  1.422,  8.035, 28.808,  0.891,  0.150
 75240,  1.317,  7.423, 26.685,  0.833,  0.143
 75300,  1.272,  7.324, 24.811,  0.796,  0.158
 75360,  1.330,  7.641, 25.577,  0.804,  0.144
 75420,  1.277,  7.426, 26.344,  0.626,  0.144
 75480,  1.301,  7.767, 27.602,  0.729,  0.086
 75540,  1.376,  9.003, 27.787,  0.700,  0.124
 75600,  1.397,  9.333, 29.170,  0.760,  0.177
 75660,  1.273,  8.296, 27.630,  0.654,  0.170
 75720,  1.205,  7.165, 26.761,  0.651,  0.144
 75780,  1.223,  7.031, 24.470,  0.610,  0.158
 75840,  1.128,  6.772, 24.042,  0.610,  0.107
 75900,  1.095,  5.819, 21.682,  0.613,  0.214
 75960,  1.032,  4.498, 18.682,  0.385,  0.110
 76020,  1.155,  5.210, 17.370,  0.304,  0.096
 76080,  1.077,  4.218, 17.131,  0.294,  0.103
 76140,  1.010,  4.683, 16.726,  0.793,  0.132
 76200,  1.042,  4.911, 16.921,  0.717,  0.105
 76260,  1.071,  5.394, 17.866,  0.616,  0.111
 76320,  1.108,  6.175, 19.395,  0.643,  0.197
 76380,  1.071,  5.694, 18.177,  0.692,  0.131
 76440,  1.016,  6.243, 18.828,  0.587,  0.127
 76500,  1.068,  6.632, 20.479,  0.611,  0.126
 76560,  1.094,  6.556, 20.137,  0.546,  0.134
 76620,  1.095,  6.840, 20.886,  0.826,  0.195
 76680,  1.160,  6.917, 21.144,  0.642,  0.174
 76740,  1.177,  7.144, 21.215,  0.707,  0.179
 76800,  1.183,  7.960, 23.017,  0.866,  0.192
 76860,  1.142,  7.342, 21.639,  0.658,  0.180
 76920,  1.199,  6.554, 21.225,  0.749,  0.217
 76980,  1.188,  6.049, 21.296,  0.813,  0.177
 77040,  1.154,  6.727, 21.680,  0.805,  0.175
 77100,  1.319,  7.003, 22.704,  0.832,  0.213
 77160,  1.295,  7.232, 22.597,  0.767,  0.176
 77220,  1.215,  8.014, 22.417,  0.744,  0.231
 77280,  1.238,  6.550, 21.975,  0.065, -0.012
 77340,  1.217,  7.437, 22.921,  0.682,  0.052
 77400,  1.219,  8.074, 24.353,  0.934,  0.181
 77460,  1.243,  9.304, 25.992,  0.844,  0.229
 77520,  1.156,  6.563, 21.606,  0.873,  0.154
 77580,  1.190,  6.504, 20.641,  0.918,  0.169
 77640,  1.167,  7.153, 20.396,  0.909,  0.228
 77700,  1.096,  7.012, 20.328,  0.932,  0.167
 77760,  1.117,  7.062, 21.748,  0.825,  0.218
 77820,  1.092,  6.519, 20.173,  1.026,  0.232
 77880,  1.052,  7.006, 20.830,  0.888,  0.258
 77940,  1.217,  8.167, 15.946,  0.967,  0.262
 78000,  1.144,  6.473, 14.807,  1.161,  0.246
 78060,  1.242,  5.751, 15.829,  1.173,  0.246
 78120,  1.278,  6.484, 14.211,  1.116,  0.267
 78180,  1.312,  6.333, 14.755,  1.112,  0.194
 78240,  1.278,  6.431, 14.619,  0.950,  0.186
 78300,  1.292,  6.607, 16.607,  1.121,  0.201
 78360,  1.327,  7.443, 16.457,  1.047,  0.234
 78420,  1.372,  7.783, 16.162,  1.209,  0.263
 78480,  1.312,  7.762, 15.904,  1.113,  0.170
 78540,  1.352,  8.282, 16.257,  1.073,  0.195
 78600,  1.583,  7.680, 18.739,  1.199,  0.220
 78660,  1.701,  7.198, 21.982,  1.133,  0.210
 78720,  1.881,  6.977, 24.584,  1.212,  0.164
 78780,  1.858,  7.761, 26.601,  1.237,  0.225
 78840,  1.907,  6.908, 27.397,  1.155,  0.258
 78900,  1.851,  6.522, 26.970,  1.174,  0.187
 78960,  1.732,  6.278, 26.131,  0.790,  0.089
 79020,  1.790,  6.976, 29.314,  1.273,  0.249
 79080,  1.767,  6.579, 30.784,  1.285,  0.116
 79140,  1.758,  6.355, 31.461,  1.429,  0.091
 79200,  1.835,  7.188, 31.282,  1.303,  0.132
 79260,  2.968,  8.101, 35.015,  1.610,  0.207
 79320,  3.330,  8.183, 38.577,  1.851,  0.225
 79380,  3.343,  8.169, 39.413,  1.640,  0.178
 79440,  2.246,  7.248, 34.266,  1.365,  0.188
 79500,  2.004,  7.990, 32.284,  1.457,  0.243
 79560,  1.910,  7.629, 30.335,  1.349,  0.207
 79620,  1.642,  6.691, 26.944,  1.226,  0.156
 79680,  1.504,  5.921, 23.870,  1.362,  0.230
 79740, -9999.000, -9999.000, -9999.000, -9999.000, -9999.000
 79800,  1.350,  5.139, 15.815,  1.493,  0.136
 79860,  1.481,  5.468, 14.771,  1.277,  0.105
 79920,  1.512,  6.219, 13.873,  1.412,  0.132
 79980,  1.583,  6.740, 13.694,  1.367,  0.163
 80040,  1.595,  7.161, 14.039,  1.216,  0.086
 80100,  1.749,  8.938, 15.189,  1.328,  0.190
 80160,  1.658,  9.345, 15.575,  1.257,  0.171
 80220,  1.655,  9.525, 18.100,  1.333,  0.263
 80280,  1.655,  9.805, 18.315,  1.271,  0.179
 80340,  1.501,  9.152, 18.229,  1.154,  0.201
 80400,  1.482,  9.458, 17.882,  1.182,  0.148
