CampaignData_and_Merges/R0/CSL_MobileLab_Parked/raw/20240729/USOS-NOAAIodideCIMS-OrgNitrs_MobileLabGround_20240729_RA.ict
37, 1001
Michael A Robinson, Chris Jernigan, Subi Thakali
NOAA ESRL Chemical Sciences Laboratory and CIRES, U. of Colorado
NOAA Iodide CIMS Instrument
USOS
1, 1
2024, 07, 29, 2024, 07, 30
1
starttime_UTC, seconds_past_midnight, seconds_of_day_since_00:00:00_UTC
5
1, 1, 1, 1, 1
-9999, -9999, -9999, -9999, -9999
C4H7NO5_NOAACIMS, pptv, Gas_C4H7NO5_InSitu_S_AVMR, 
ISOPN_NOAACIMS, pptv, Gas_ISOPN_InSitu_S_AVMR, 
C5H10O3_NOAACIMS, pptv, Gas_C5H10O3_InSitu_S_AVMR, 
C5H9NO5_NOAACIMS, pptv, Gas_C5H9NO5_InSitu_S_AVMR, 
C10H17NO4_NOAACIMS, pptv, Gas_C10H17NO4_InSitu_S_AVMR, 
0
18
PI_CONTACT_INFO: 325 Broadway, R/CSD 7, Boulder, Colorado 80305; michael.a.robinson@noaa.gov; chris.jernigan@noaa.gov;
PLATFORM: NOAA CSL Mobile Lab
LOCATION: SLC, Utah
ASSOCIATED_DATA: 1Hz data also available on request.
INSTRUMENT_INFO: NOAA I- ToF CIMS
DATA_INFO: All data in parts per trillion by volume (pptv). 1 Hz data is available upon request.
UNCERTAINTY: TBD
ULOD_FLAG: -7777
ULOD_VALUE: N/A
LLOD_FLAG: -8888
LLOD_VALUE: N/A
DM_CONTACT_INFO: Nathan Howard; nathan.h.howard@noaa.gov
PROJECT_INFO: USOS, summer 2024. https://csl.noaa.gov/groups/csl7/measurements/2024usos/
STIPULATIONS_ON_USE: Users are strongly encouraged to contact the PI for proper data usage.
OTHER_COMMENTS: 
REVISION: RA
RA: Preliminary Data; For in-field use only
starttime_UTC, C4H7NO5_NOAACIMS, ISOPN_NOAACIMS, C5H10O3_NOAACIMS, C5H9NO5_NOAACIMS, C10H17NO4_NOAACIMS
[from data line 665]
 39900,  1.792,  3.815, 12.639,  4.223,  0.877
 39960,  1.775,  3.362, 12.875,  4.097,  1.022
 40020,  1.781,  3.467, 13.224,  3.971,  0.887
 40080,  1.775,  3.768, 12.912,  3.846,  1.118
 40140,  1.727,  3.501, 12.656,  3.894,  0.933
 40200,  1.706,  3.512, 11.633,  4.041,  0.992
 40260,  1.769,  3.620, 12.932,  4.129,  1.075
 40320,  1.665,  3.362, 12.555,  3.822,  0.988
 40380,  1.681,  3.286, 11.785,  3.772,  0.941
 40440,  1.674,  3.227, 12.011,  3.809,  0.985
 40500,  1.762,  3.260, 12.502,  4.197,  1.090
 40560,  1.775,  3.275, 12.362,  4.143,  1.016
 40620,  1.685,  3.296, 12.697,  3.900,  1.047
 40680,  1.734,  3.151, 11.739,  3.887,  1.047
 40740,  1.639,  3.247, 11.262,  3.853,  0.964
 40800,  1.680,  3.146, 12.459,  3.665,  1.011
 40860,  1.676,  3.176, 12.495,  3.970,  1.050
 40920,  1.684,  3.375, 12.086,  3.736,  1.067
 40980,  1.589,  2.865, 10.581,  3.563,  0.980
 41040,  1.657,  2.837, 12.101,  3.802,  0.944
 41100,  1.644,  3.293, 11.648,  3.744,  0.941
 41160,  1.603,  2.940, 10.457,  3.746,  0.964
 41220,  1.574,  3.045, 10.773,  3.601,  0.905
 41280,  1.608,  3.264, 11.294,  3.506,  0.950
 41340,  1.583,  2.917, 11.643,  3.584,  0.951
 41400,  1.667,  3.068, 10.721,  3.665,  0.937
 41460,  1.611,  3.160, 11.067,  3.667,  0.939
 41520,  1.655,  3.053, 11.421,  3.734,  0.889
 41580,  1.654,  2.951, 12.597,  3.801,  0.940
 41640,  1.565,  3.101, 11.312,  3.579,  0.906
 41700,  1.539,  2.920, 10.634,  3.628,  0.891
 41760,  1.589,  2.900, 11.074,  3.557,  0.835
 41820,  1.576,  3.288, 11.797,  3.554,  0.821
 41880,  1.560,  3.204, 11.159,  3.410,  0.820
 41940,  1.494,  2.702, 10.636,  3.338,  0.789
 42000,  1.494,  2.797, 10.983,  3.432,  0.810
 42060,  1.576,  2.947, 11.572,  3.524,  0.801
 42120,  1.487,  2.930, 11.353,  3.356,  0.810
 42180,  1.493,  2.766,  9.830,  3.336,  0.771
 42240,  1.551,  3.091, 10.651,  3.584,  0.921
 42300,  1.523,  2.898, 11.528,  3.590,  0.907
 42360,  1.510,  3.087, 10.814,  3.421,  0.790
 42420,  1.475,  2.992, 10.500,  3.333,  0.812
 42480,  1.517,  2.686, 10.902,  3.478,  0.783
 42540,  1.491,  2.868, 11.476,  3.572,  0.882
 42600,  1.543,  2.836, 10.808,  3.673,  0.753
 42660,  1.487,  2.893, 10.876,  3.358,  0.671
 42720,  1.496,  2.701, 11.118,  3.461,  0.793
 42780, -9999.000, -9999.000, -9999.000, -9999.000, -9999.000
 42840,  1.348,  2.709,  9.531,  3.318,  0.758
 42900,  1.461,  2.833,  9.281,  3.224,  0.643
 42960,  1.390,  2.905, 10.097,  3.286,  0.691
 43020,  1.436,  2.636, 11.303,  3.226,  0.760
 43080,  1.455,  2.690, 10.929,  3.351,  0.757
 43140,  1.432,  2.557, 10.157,  3.197,  0.726
 43200,  1.487,  2.795, 10.669,  3.329,  0.668
 43260,  1.518,  2.827, 11.301,  3.387,  0.643
 43320,  1.427,  2.813, 11.529,  3.245,  0.695
 43380,  1.416,  2.650, 10.250,  3.318,  0.676
 43440,  1.438,  2.773, 10.287,  3.275,  0.629
 43500,  1.411,  2.702, 11.844,  3.202,  0.699
 43560,  1.426,  2.856, 11.220,  3.232,  0.667
 43620,  1.368,  2.741, 10.300,  3.204,  0.601
 43680,  1.371,  2.700, 10.395,  3.280,  0.762
 43740,  1.326,  2.751, 11.205,  3.046,  0.651
 43800,  1.361,  2.806, 10.617,  3.164,  0.708
 43860,  1.376,  2.656,  9.851,  3.106,  0.597
 43920,  1.458,  2.700, 11.052,  3.339,  0.594
 43980,  1.464,  2.887, 11.451,  3.327,  0.576
 44040,  1.469,  2.625, 11.303,  3.433,  0.525
 44100,  1.423,  2.528, 10.155,  3.301,  0.587
 44160,  1.411,  2.562, 11.088,  3.158,  0.615
 44220,  1.391,  2.406, 11.920,  3.218,  0.669
 44280,  1.375,  2.545, 11.274,  3.153,  0.657
 44340,  1.341,  2.610, 10.357,  3.173,  0.606
 44400,  1.336,  2.294, 10.849,  3.078,  0.691
 44460,  1.436,  3.088, 12.004,  3.109,  0.665
 44520,  1.376,  2.829, 11.071,  3.198,  0.749
 44580,  1.413,  2.426, 10.484,  3.239,  0.561
 44640, -9999.000, -9999.000, -9999.000, -9999.000, -9999.000
 44700,  1.303,  2.314, 11.285,  2.949,  0.607
 44760,  1.353,  2.506, 10.630,  3.001,  0.607
 44820,  1.283,  2.458, 10.079,  2.784,  0.604
 44880,  1.334,  2.332, 11.038,  2.956,  0.488
 44940,  1.354,  2.380, 11.863,  2.986,  0.563
 45000,  1.325,  2.488, 11.211,  2.859,  0.592
 45060,  1.305,  2.143,  9.664,  2.813,  0.517
 45120,  1.360,  2.368, 10.338,  2.867,  0.550
 45180,  1.356,  2.402, 11.921,  2.916,  0.652
 45240,  1.337,  2.369, 10.760,  2.862,  0.615
 45300,  1.353,  2.426, 10.009,  2.837,  0.521
 45360,  1.327,  2.358, 10.528,  2.854,  0.627
 45420,  1.324,  2.200, 11.334,  2.881,  0.632
 45480,  1.324,  2.366, 10.393,  2.747,  0.522
 45540,  1.307,  2.142, 10.131,  2.620,  0.568
 45600,  1.343,  2.324, 10.543,  2.661,  0.529
 45660,  1.297,  2.354, 11.524,  2.624,  0.631
 45720,  1.271,  2.040, 10.357,  2.692,  0.511
 45780,  1.277,  1.946, 10.014,  2.617,  0.550
 45840,  1.268,  2.111, 10.341,  2.667,  0.519
 45900,  1.313,  2.278, 11.145,  2.557,  0.518
 45960,  1.301,  2.042, 11.212,  2.493,  0.497
 46020,  1.306,  2.197,  9.435,  2.556,  0.464
 46080,  1.318,  1.843, 10.854,  2.452,  0.494
 46140,  1.252,  1.953, 10.803,  2.513,  0.493
 46200,  1.246,  1.802, 10.657,  2.478,  0.442
 46260,  1.255,  2.003,  9.431,  2.445,  0.392
 46320,  1.289,  1.862,  9.558,  2.419,  0.440
 46380,  1.286,  2.056, 10.768,  2.540,  0.489
 46440,  1.326,  2.237, 10.384,  2.421,  0.404
 46500, -9999.000, -9999.000, -9999.000, -9999.000, -9999.000
 46560,  1.246,  1.880,  8.977,  2.264,  0.355
 46620,  1.261,  2.108, 10.246,  2.366,  0.469
 46680,  1.259,  2.067, 10.657,  2.514,  0.402
 46740,  1.230,  1.861,  9.187,  2.382,  0.469
 46800,  1.264,  1.708,  9.053,  2.436,  0.450
 46860,  1.273,  1.998, 10.608,  2.422,  0.580
 46920,  1.392,  2.106, 12.296,  2.827,  0.790
 46980,  1.345,  2.099, 10.677,  2.516,  0.604
 47040,  1.355,  1.707, 10.461,  2.375,  0.579
 47100,  1.254,  1.763, 11.847,  2.282,  0.581
 47160,  1.216,  1.748, 10.434,  2.390,  0.441
 47220,  1.227,  1.460, 10.084,  2.254,  0.426
 47280,  1.201,  1.654,  9.582,  2.040,  0.422
 47340,  1.229,  1.736,  9.501,  2.135,  0.479
 47400,  1.206,  1.486,  9.765,  2.235,  0.415
 47460,  1.185,  1.486,  9.249,  2.134,  0.446
 47520,  1.155,  1.603,  8.775,  2.001,  0.421
 47580,  1.170,  1.549,  8.781,  2.064,  0.411
 47640,  1.207,  1.291,  9.008,  1.995,  0.376
 47700,  1.208,  1.611,  9.661,  2.027,  0.449
 47760,  1.208,  1.325,  9.277,  2.041,  0.411
 47820,  1.173,  1.268,  7.743,  1.888,  0.353
 47880,  1.178,  1.482,  8.363,  1.883,  0.353
 47940,  1.148,  1.440,  9.123,  1.982,  0.422
 48000,  1.181,  1.522,  8.809,  1.972,  0.393
 48060,  1.176,  1.574,  8.134,  1.907,  0.382
 48120,  1.135,  1.568,  8.121,  1.955,  0.362
 48180,  1.180,  1.607,  7.304,  1.927,  0.380
 48240,  1.161,  1.558,  8.475,  2.024,  0.397
 48300,  1.192,  1.646,  8.185,  2.050,  0.347
 48360,  1.186,  1.176,  6.914,  1.824,  0.239
 48420,  1.172,  1.425,  7.316,  2.072,  0.347
 48480,  1.216,  1.436,  7.819,  2.055,  0.346
 48540,  1.206,  1.492,  8.688,  2.013,  0.445
 48600,  1.208,  1.762,  8.269,  2.045,  0.416
 48660,  1.186,  1.430,  7.017,  1.905,  0.345
 48720,  1.201,  1.616,  8.302,  1.902,  0.327
 48780,  1.214,  1.812,  8.938,  2.009,  0.380
 48840,  1.209,  1.723,  8.598,  1.986,  0.339
 48900,  1.214,  1.709,  7.432,  2.016,  0.358
 48960,  1.184,  1.798,  7.683,  1.932,  0.355
 49020,  1.232,  1.828,  8.698,  2.046,  0.425
 49080,  1.207,  2.061,  7.739,  2.038,  0.400
 49140,  1.239,  2.047,  8.488,  1.907,  0.438
 49200,  1.184,  2.271,  8.380,  1.998,  0.256
 49260,  1.173,  2.129,  7.562,  1.816,  0.396
 49320,  1.246,  2.326,  7.756,  1.953,  0.429
 49380,  1.240,  2.554,  8.514,  1.996,  0.433
 49440,  1.289,  2.524,  8.800,  1.894,  0.410
 49500,  1.240,  2.720,  8.164,  1.903,  0.295
 49560,  1.278,  2.632,  8.566,  1.961,  0.328
 49620,  1.294,  2.787,  8.963,  2.131,  0.387
 49680,  1.323,  2.935,  9.112,  2.013,  0.385
 49740,  1.322,  3.143,  8.965,  2.051,  0.471
 49800,  1.315,  3.130,  9.045,  2.065,  0.382
 49860,  1.346,  3.340,  8.778,  1.954,  0.398
 49920,  1.346,  3.408,  8.883,  2.063,  0.357
 49980,  1.350,  3.702,  9.614,  2.058,  0.408
 50040,  1.382,  3.908,  9.674,  2.141,  0.482
 50100,  1.367,  3.540,  9.273,  2.055,  0.390
 50160, -9999.000, -9999.000, -9999.000, -9999.000, -9999.000
 50220,  1.349,  3.381,  8.401,  1.998,  0.257
 50280,  1.378,  3.898,  8.242,  2.061,  0.388
 50340,  1.371,  3.900,  9.393,  1.987,  0.351
 50400,  1.328,  4.211,  9.509,  1.947,  0.360
 50460,  1.413,  3.960,  8.958,  2.064,  0.379
 50520,  1.375,  4.112,  8.892,  2.075,  0.418
 50580,  1.443,  4.693,  9.620,  1.999,  0.352
 50640,  1.449,  4.720,  9.445,  2.089,  0.415
 50700,  1.455,  4.855,  9.437,  1.939,  0.412
 50760,  1.495,  5.166, 10.434,  2.059,  0.467
 50820,  1.535,  5.278,  9.497,  2.086,  0.413
 50880,  1.552,  5.324,  9.416,  2.139,  0.513
 50940,  1.542,  5.663,  9.585,  2.282,  0.469
 51000,  1.643,  5.444,  9.665,  2.378,  0.458
 51060,  1.628,  5.625, 10.090,  2.339,  0.500
 51120,  1.564,  5.514, 10.071,  2.186,  0.468
 51180,  1.638,  5.802, 10.220,  2.269,  0.463
 51240,  1.568,  6.172,  9.503,  2.183,  0.520
 51300,  1.662,  6.444,  9.068,  2.228,  0.491
 51360,  1.703,  6.459,  9.240,  2.296,  0.568
 51420,  1.771,  7.172, 10.675,  2.338,  0.486
 51480,  1.774,  7.098, 10.296,  2.386,  0.513
 51540,  1.748,  7.142,  9.938,  2.470,  0.488
 51600,  1.735,  7.984, 10.388,  2.289,  0.495
 51660,  1.770,  7.859,  9.796,  2.321,  0.467
 51720,  1.779,  7.911, 11.187,  2.417,  0.529
 51780,  1.713,  8.373,  9.998,  2.345,  0.481
 51840,  1.741,  9.023, 10.541,  2.364,  0.458
 51900,  1.827,  9.732, 12.323,  2.492,  0.643
 51960,  1.856,  9.929, 11.971,  2.467,  0.501
 52020, -9999.000, -9999.000, -9999.000, -9999.000, -9999.000
 52080,  1.928, 10.533, 11.896,  2.507,  0.514
 52140,  1.906, 10.222, 11.547,  2.484,  0.511
 52200,  1.991, 10.254, 12.312,  2.574,  0.521
 52260,  1.957, 11.188, 11.075,  2.431,  0.516
 52320,  2.014, 11.948, 11.344,  2.575,  0.500
 52380,  1.985, 12.443, 13.468,  2.488,  0.566
 52440,  2.026, 11.942, 12.373,  2.618,  0.486
 52500,  2.035, 11.906, 12.717,  2.771,  0.622
 52560,  2.089, 12.894, 13.021,  2.763,  0.519
 52620,  2.148, 12.640, 13.209,  2.867,  0.568
 52680,  2.234, 13.195, 13.874,  2.717,  0.602
 52740,  2.181, 13.721, 13.036,  2.659,  0.581
 52800,  2.156, 14.665, 11.827,  2.783,  0.546
 52860,  2.206, 15.479, 12.075,  2.563,  0.568
 52920,  2.285, 15.186, 11.733,  2.619,  0.546
 52980,  2.279, 16.763, 12.661,  2.839,  0.625
 53040,  2.340, 16.828, 12.546,  2.744,  0.581
 53100,  2.335, 16.404, 11.975,  2.778,  0.609
 53160,  2.460, 15.713, 12.972,  2.941,  0.592
 53220,  2.421, 15.677, 12.544,  2.767,  0.576
 53280,  2.452, 16.437, 13.455,  2.873,  0.577
 53340,  2.400, 15.753, 11.652,  2.788,  0.543
 53400,  2.300, 16.142, 12.249,  2.658,  0.604
 53460,  2.382, 16.304, 11.581,  2.814,  0.637
 53520,  2.433, 15.658, 11.606,  2.660,  0.592
 53580,  2.421, 15.986, 12.555,  2.803,  0.647
 53640,  2.412, 15.130, 11.450,  2.812,  0.733
 53700,  2.396, 15.131, 10.704,  2.657,  0.913
 53760,  2.429, 15.791, 10.631,  2.735,  0.987
 53820,  2.472, 15.147, 10.656,  3.038,  1.195
 53880, -9999.000, -9999.000, -9999.000, -9999.000, -9999.000
 53940,  2.397, 14.693,  9.698,  2.760,  0.975
 54000,  2.495, 15.519, 10.281,  2.769,  1.033
 54060,  2.606, 16.785, 10.472,  2.889,  1.019
 54120,  2.698, 16.987, 11.340,  2.981,  1.095
 54180,  2.761, 16.829, 11.408,  3.021,  1.080
 54240,  2.797, 17.899, 11.528,  2.807,  1.138
 54300,  2.813, 17.671, 11.401,  3.115,  1.033
 54360,  2.841, 18.194, 11.505,  3.021,  1.214
 54420,  2.843, 17.411, 11.831,  2.932,  1.184
 54480,  2.780, 17.315, 10.932,  2.907,  1.081
 54540,  2.870, 19.021, 12.939,  3.118,  1.268
 54600,  2.919, 18.883, 12.789,  3.136,  1.248
 54660,  3.017, 19.972, 12.250,  3.205,  1.241
 54720,  3.024, 20.341, 13.266,  3.107,  1.175
 54780,  2.986, 19.381, 13.600,  3.284,  1.188
 54840,  2.960, 20.218, 12.444,  3.221,  1.152
 54900,  2.918, 18.690, 12.537,  3.102,  1.171
 54960,  2.887, 19.013, 11.847,  3.043,  1.176
 55020,  2.647, 17.079, 11.066,  2.810,  0.959
 55080,  2.537, 16.436, 10.654,  2.744,  0.854
 55140,  2.567, 16.410, 10.600,  2.876,  0.917
 55200,  2.461, 14.826, 10.287,  2.719,  0.854
 55260,  2.454, 15.337,  9.862,  2.533,  0.919
 55320,  2.467, 15.532, 10.049,  2.615,  0.773
 55380,  2.434, 15.131,  9.816,  2.584,  0.786
 55440,  2.301, 13.516,  8.666,  2.211,  0.753
 55500,  2.432, 15.808,  9.101,  2.368,  0.830
 55560,  2.452, 15.256,  9.438,  2.463,  0.845
 55620,  2.517, 14.911,  8.612,  2.524,  0.713
 55680,  2.490, 15.073,  9.418,  2.536,  0.714
 55740,  2.539, 16.537,  9.284,  2.452,  0.670
 55800,  2.470, 14.865,  8.991,  2.557,  0.734
 55860,  2.410, 13.881,  9.401,  2.493,  0.702
 55920,  2.372, 13.345,  8.819,  2.264,  0.587
 55980,  2.394, 14.510,  8.572,  2.278,  0.616
 56040,  2.433, 14.425,  8.424,  2.405,  0.724
 56100,  2.496, 14.727,  8.777,  2.305,  0.605
 56160,  2.426, 14.977,  8.478,  2.156,  0.670
 56220,  2.466, 14.663,  8.457,  2.168,  0.643
 56280,  2.419, 14.024,  8.638,  2.343,  0.646
 56340,  2.474, 13.727,  7.944,  2.059,  0.627
 56400,  2.403, 13.767,  8.368,  2.095,  0.635
 56460,  2.395, 13.914,  8.120,  2.106,  0.663
 56520,  2.438, 13.298,  8.568,  2.021,  0.597
 56580,  2.418, 13.132,  8.251,  2.167,  0.643
 56640,  2.381, 13.164,  8.657,  2.106,  0.612
 56700,  2.346, 13.212,  8.375,  2.113,  0.523
 56760,  2.330, 12.937,  7.594,  1.899,  0.602
 56820,  2.376, 13.262,  7.836,  2.000,  0.590
 56880,  2.422, 13.500,  8.404,  2.044,  0.609
 56940,  2.390, 13.305,  8.225,  2.028,  0.695
 57000,  2.585, 14.600,  7.868,  1.979,  0.610
 57060,  2.616, 14.440,  8.283,  1.892,  0.607
 57120,  2.585, 14.558,  8.484,  1.957,  0.573
 57180,  2.678, 15.160,  8.156,  2.003,  0.582
 57240,  2.785, 16.068,  8.048,  2.029,  0.572
 57300,  2.760, 16.523,  8.757,  1.947,  0.621
 57360,  2.742, 15.758,  7.961,  1.812,  0.558
 57420,  2.796, 14.768,  8.354,  1.923,  0.613
 57480,  2.724, 14.967,  8.153,  1.982,  0.592
 57540,  2.635, 15.453,  7.240,  1.604,  0.505
 57600,  2.784, 15.333,  7.899,  1.573,  0.519
 57660,  2.785, 15.796,  7.987,  2.027,  0.615
 57720,  2.897, 16.072,  8.212,  1.959,  0.594
 57780,  2.621, 15.540,  8.254,  1.859,  0.626
 57840,  2.531, 14.659,  8.106,  1.669,  0.498
 57900,  2.690, 15.607,  8.837,  1.687,  0.428
 57960,  2.506, 14.808,  8.339,  1.767,  0.493
 58020,  2.413, 14.595,  8.796,  1.580,  0.493
 58080,  2.460, 15.512,  8.895,  1.597,  0.448
 58140,  2.222, 13.364,  9.174,  1.466,  0.463
 58200,  2.182, 12.699,  8.870,  1.370,  0.396
 58260,  2.081, 12.311,  9.147,  1.457,  0.353
 58320,  1.902, 11.970,  9.359,  1.290,  0.451
 58380,  1.772, 11.411,  9.940,  1.217,  0.340
 58440,  1.700, 11.971,  9.971,  1.289,  0.434
 58500,  1.436,  9.823, 10.221,  1.077,  0.351
 58560,  1.256,  8.637,  9.732,  0.994,  0.326
 58620,  1.121,  7.918, 10.724,  0.984,  0.236
 58680,  1.144,  8.686, 10.538,  0.955,  0.286
 58740,  1.202,  9.323, 10.624,  1.045,  0.325
 58800,  1.177,  8.414, 10.717,  0.975,  0.282
 58860,  1.187,  8.453, 10.643,  1.034,  0.274
 58920,  1.297,  9.134, 11.221,  1.001,  0.293
 58980,  1.239,  8.816, 11.676,  0.909,  0.290
 59040,  1.251,  9.233, 11.528,  1.003,  0.266
 59100,  1.202,  8.413, 11.939,  1.047,  0.296
 59160,  1.257,  8.680, 12.253,  0.969,  0.213
 59220,  1.279,  9.060, 12.800,  0.982,  0.245
 59280,  1.320,  9.727, 13.171,  1.113,  0.218
 59340,  1.334,  9.405, 13.518,  1.165,  0.249
 59400,  1.361,  9.166, 13.732,  1.136,  0.233
 59460,  1.232,  8.450, 12.714,  1.128,  0.277
 59520,  1.316,  9.162, 12.890,  1.212,  0.161
 59580,  1.412, 10.101, 13.214,  1.155,  0.244
 59640,  1.467, 11.128, 13.293,  1.082,  0.260
 59700,  1.460, 10.509, 14.538,  1.227,  0.269
 59760,  1.495, 10.974, 15.130,  1.186,  0.270
 59820,  1.456, 11.293, 15.739,  1.011,  0.264
 59880,  1.521, 11.500, 15.683,  1.138,  0.282
 59940,  1.513, 11.475, 16.783,  1.241,  0.303
 60000,  1.603, 12.057, 16.821,  1.111,  0.294
 60060,  1.657, 12.359, 16.969,  1.208,  0.269
 60120,  1.568, 11.689, 16.758,  1.127,  0.265
