CampaignData_and_Merges/R0/CSL_MobileLab_Parked/raw/20240729/USOS-Picarro-CO2-CH4-CO-H2O_MobileLabGround_20240729_R0.ict
38, 1001
Ilana Pollack, Nell Schafer, and Jeff Peischl
NOAA Chemical Sciences Laboratory
Picarro 2401-m CO2/CH4/CO/H2O Analyzer
USOS
1, 1
2024, 07, 29, 2024, 11, 20
0
StartTime_UTC, seconds_past_midnight, seconds past midnight
5
1, 1, 1, 1, 1
-9999, -9999, -9999, -9999, -9999
StopTime_UTC, seconds_past_midnight, seconds past midnight
CO2_ppm_1min, ppm, Gas_CO2_InSitu_S_DMF, carbon dioxide mixing ratio
CH4_ppb_1min, ppb, Gas_CH4_InSitu_S_DMF, methane mixing ratio
CO_ppb_1min, ppb, Gas_CO_InSitu_S_DMF, carbon monoxide mixing ratio
H2O_ppmv_1min, ppmv, Met_H2OMRV_InSitu_S_AVMR, water vapor mixing ratio
1
SPECIAL COMMENTS: N/A
18
PI_CONTACT_INFO: Address: NOAA Chemical Sciences Laboratory, Mail Stop CSL7, 325 Broadway, Boulder, CO 80305; Email: Ilana.Pollack@noaa.gov
PLATFORM: NOAA CSL Mobile Laboratory
LOCATION: The mobile lab was stationed in Salt Lake City, Utah.
ASSOCIATED_DATA: N/A
INSTRUMENT_INFO: CO2, CH4, and CO are reported as dry air mole fractions using a commercial wavelength-scanned cavity ring-down analyzer (Picarro 2401-m). An in-field calibration gas standard of 432±0.07 ppm CO2, 2095±1 ppb CH4, and 183±1 ppb CO, calibrated in the Boulder laboratories before and after the field project using primary CO2, CH4, and CO standard tanks tied to the WMO standard (X2019, X2004A, and X2014A, respectively) from the Global Monitoring Laboratory (GML), was delivered to the inlet every 2-3 days to evaluate instrument sensitivity. A H2O measurement was calibrated before the project with a Dew Point Mirror 373 hygrometer. The water correction calculated from these calibrations was applied to the H2O measurement for the entire campaign. Species are measured at 0.5 Hz and reported as 1-minute averages for stationary measurements.
DATA_INFO: Units: CO2, ppm, dry air mole fraction; CH4, ppb, dry air mole fraction; CO, ppb, dry air mole fraction; H2O, ppmv
UNCERTAINTY: CO2: ±(0.1 ppm + 1%), CH4: ±(1 ppb + 1%), CO: ±(4 ppb + 1%), and H2O: ±(50 ppm + 4%)
ULOD_FLAG: -7777
ULOD_VALUE: N/A
LLOD_FLAG: -8888
LLOD_VALUE: N/A
DM_CONTACT_INFO: Data Manager: Nathan Howard; nathan.h.howard@noaa.gov
PROJECT_INFO: USOS Dates of Study: July – August 2024
STIPULATIONS_ON_USE: Use of these data require prior ok from PI.
OTHER_COMMENTS: Data are averaged to 1 minute intervals. Stationary data collected from a 10 ft tower on top of the mobile van.
REVISION: R0
R0: Final Data
StartTime_UTC, StopTime_UTC, CO2_ppm_1min, CH4_ppb_1min, CO_ppb_1min, H2O_ppmv_1min
[from data line 1142]
68520,68580,427.09,1960.5,154.1,5483.6353
68580,68640,427.04,1960.7,149.1,5535.7632
68640,68700,425.08,1961.2,140.5,5355.4219
68700,68760,424.02,1960.0,142.0,5069.1069
68760,68820,423.84,1960.2,139.4,5149.4219
68820,68880,423.97,1959.9,137.8,5134.8721
68880,68940,424.94,1960.4,147.6,5389.6270
68940,69000,427.02,1961.4,168.3,5749.8203
69000,69060,424.55,1960.9,145.3,5319.2964
69060,69120,424.17,1960.4,140.1,5208.2534
69120,69180,424.09,1960.1,140.1,5196.3018
69180,69240,424.23,1960.6,142.7,5390.3965
69240,69300,424.72,1960.7,147.5,5429.6826
69300,69360,426.45,1961.0,153.8,5643.6172
69360,69420,-9999,-9999,-9999,-9999
69420,69480,-9999,-9999,-9999,-9999
69480,69540,424.50,1961.6,141.2,5193.5430
69540,69600,424.49,1962.0,142.9,5104.9922
69600,69660,425.64,1962.7,160.0,5274.7822
69660,69720,424.85,1962.2,142.0,5104.3003
69720,69780,423.94,1961.4,136.2,4930.0112
69780,69840,-9999,-9999,-9999,-9999
69840,69900,-9999,-9999,-9999,-9999
69900,69960,-9999,-9999,-9999,-9999
69960,70020,-9999,-9999,-9999,-9999
70020,70080,-9999,-9999,-9999,-9999
70080,70140,-9999,-9999,-9999,-9999
70140,70200,-9999,-9999,-9999,-9999
70200,70260,-9999,-9999,-9999,-9999
70260,70320,-9999,-9999,-9999,-9999
70320,70380,-9999,-9999,-9999,-9999
70380,70440,-9999,-9999,-9999,-9999
70440,70500,-9999,-9999,-9999,-9999
70500,70560,-9999,-9999,-9999,-9999
70560,70620,-9999,-9999,-9999,-9999
70620,70680,-9999,-9999,-9999,-9999
70680,70740,-9999,-9999,-9999,-9999
70740,70800,-9999,-9999,-9999,-9999
70800,70860,-9999,-9999,-9999,-9999
70860,70920,-9999,-9999,-9999,-9999
70920,70980,-9999,-9999,-9999,-9999
70980,71040,-9999,-9999,-9999,-9999
71040,71100,424.02,1961.4,143.9,5034.5815
71100,71160,425.97,1961.9,152.9,5240.1060
71160,71220,428.72,1962.2,176.3,5409.1382
71220,71280,426.18,1961.8,162.1,4940.6689
71280,71340,426.69,1962.3,169.2,5126.6357
71340,71400,426.43,1962.7,158.3,4932.3359
71400,71460,425.93,1962.5,163.9,5157.9263
71460,71520,427.76,1962.5,186.7,5054.8618
71520,71580,427.08,1962.1,204.8,5127.9375
71580,71640,427.79,1962.2,180.2,5321.1167
71640,71700,424.48,1961.3,151.9,5019.8223
71700,71760,424.84,1962.2,161.2,5365.9834
71760,71820,424.72,1962.2,159.1,5572.9526
71820,71880,426.42,1962.4,176.2,5111.2427
71880,71940,425.04,1960.9,152.2,4654.5674
71940,72000,425.18,1961.9,159.9,4887.9355
72000,72060,425.22,1962.4,159.4,5371.8135
72060,72120,428.03,1964.4,160.7,5673.0684
72120,72180,424.70,1962.1,149.4,4903.4380
72180,72240,424.55,1962.0,150.1,4948.3486
72240,72300,425.10,1961.9,148.4,5252.8774
72300,72360,427.60,1962.3,161.1,5456.1685
72360,72420,427.65,1967.2,165.3,5876.5029
72420,72480,425.16,1965.4,157.7,5504.8140
72480,72540,425.06,1963.2,154.6,5613.4443
72540,72600,424.60,1962.0,152.3,5323.2061
72600,72660,425.02,1962.0,156.7,5255.0215
72660,72720,425.83,1961.7,161.6,5092.1294
72720,72780,426.49,1961.9,160.3,5579.7754
72780,72840,424.38,1961.4,145.7,4769.1475
72840,72900,424.75,1962.2,154.2,5077.8916
72900,72960,425.50,1962.3,154.7,5334.1904
72960,73020,424.79,1962.3,150.3,5055.6108
73020,73080,423.80,1961.4,145.2,4625.7793
73080,73140,423.64,1961.4,143.5,4809.2896
73140,73200,423.27,1961.1,142.6,4834.2305
73200,73260,423.67,1961.9,145.9,5277.3809
73260,73320,429.48,1962.0,178.7,5308.0791
73320,73380,424.72,1961.3,149.4,4850.1787
73380,73440,424.66,1961.9,206.8,4727.1787
73440,73500,424.76,1962.4,167.9,4956.4629
73500,73560,425.92,1961.7,160.2,5084.9087
73560,73620,423.90,1961.6,149.1,5284.2266
73620,73680,425.90,1962.1,161.4,5124.7842
73680,73740,424.73,1962.4,152.4,5073.4136
73740,73800,424.72,1961.9,149.4,4878.5083
73800,73860,426.83,1962.2,161.0,5141.7549
73860,73920,427.84,1962.7,197.6,5233.4995
73920,73980,424.61,1962.6,155.0,5037.8594
73980,74040,424.23,1962.3,156.9,4858.3970
74040,74100,424.58,1962.3,154.3,5028.1250
74100,74160,427.31,1962.7,175.4,5270.0132
74160,74220,425.00,1961.6,166.0,4795.6733
74220,74280,424.98,1961.8,180.7,4944.8389
74280,74340,424.01,1961.7,150.6,4654.2070
74340,74400,423.48,1961.2,142.7,4382.0190
74400,74460,426.38,1962.7,226.7,5255.5088
74460,74520,425.78,1962.8,206.7,5076.9785
74520,74580,426.55,1962.4,166.6,4724.0303
74580,74640,424.50,1961.7,146.3,4379.3594
74640,74700,424.45,1961.7,146.3,4548.6123
74700,74760,424.17,1961.3,146.7,4379.7261
74760,74820,425.04,1961.8,153.3,4702.9126
74820,74880,427.46,1963.0,170.4,4991.0703
74880,74940,426.82,1962.7,236.9,4695.7329
74940,75000,426.99,1962.4,167.8,4738.5059
75000,75060,427.03,1963.3,175.0,5360.2324
75060,75120,425.00,1961.8,156.0,4591.8745
75120,75180,425.73,1962.3,155.4,4846.9805
75180,75240,427.83,1962.8,168.4,5061.5776
75240,75300,426.39,1962.2,149.8,4503.0181
75300,75360,426.77,1962.7,186.7,4615.3501
75360,75420,429.21,1962.5,163.2,5137.9175
75420,75480,428.73,1962.6,192.8,4630.4951
75480,75540,425.48,1962.8,176.8,4541.5205
75540,75600,424.15,1961.8,148.3,4397.7393
75600,75660,425.77,1962.1,155.0,4553.7358
75660,75720,423.33,1961.0,141.9,4172.8203
75720,75780,424.69,1961.5,149.5,4394.5347
75780,75840,424.19,1961.7,146.4,4371.4482
75840,75900,423.93,1961.0,146.9,4403.6602
75900,75960,425.20,1961.6,154.6,4673.0107
75960,76020,423.66,1961.6,169.2,4413.3818
76020,76080,426.17,1961.9,176.1,4591.5933
76080,76140,426.42,1962.7,285.0,4297.1001
76140,76200,426.58,1961.6,165.6,4341.7822
76200,76260,427.45,1960.8,170.2,4290.4165
76260,76320,424.48,1961.1,146.2,4530.2075
76320,76380,424.02,1961.0,146.3,4362.7358
76380,76440,425.11,1961.0,147.7,4455.9512
76440,76500,423.80,1960.5,142.1,4051.1926
76500,76560,426.48,1960.8,163.8,4353.5635
76560,76620,424.82,1960.5,156.3,4178.2554
76620,76680,424.64,1960.4,157.3,4221.7422
76680,76740,428.66,1962.1,186.8,4372.2236
76740,76800,425.64,1961.7,172.6,4494.6567
76800,76860,423.97,1960.7,143.6,4176.5425
76860,76920,425.78,1960.7,153.3,4122.5830
76920,76980,426.23,1961.3,204.4,4486.3516
76980,77040,427.18,1960.8,187.3,4521.9165
77040,77100,429.00,1960.5,180.4,4410.4414
77100,77160,428.77,1961.2,183.4,4871.9888
77160,77220,426.41,1961.2,178.6,4358.9917
77220,77280,427.61,1962.0,191.1,4380.6177
77280,77340,424.64,1961.0,152.6,4278.2803
77340,77400,423.52,1960.2,143.6,3943.3555
77400,77460,424.09,1960.8,143.0,4248.5356
77460,77520,424.27,1960.4,145.5,4060.6160
77520,77580,423.20,1959.5,136.5,3742.3252
77580,77640,425.24,1961.0,151.1,4206.0449
77640,77700,425.18,1960.7,147.3,4199.8584
77700,77760,424.29,1960.3,144.5,4119.2139
77760,77820,427.16,1960.4,159.7,4290.7373
77820,77880,425.14,1960.9,153.2,4314.5786
77880,77940,430.34,1963.0,173.1,5020.5596
77940,78000,426.87,1962.5,172.7,4759.0542
78000,78060,426.04,1961.3,166.7,4411.5049
78060,78120,424.35,1961.2,147.5,4306.0410
78120,78180,428.10,1963.0,173.2,4649.3740
78180,78240,425.30,1961.4,158.2,4091.8091
78240,78300,426.14,1961.2,150.6,4127.9326
78300,78360,426.10,1960.8,172.2,4035.6978
78360,78420,429.67,1962.2,166.9,4474.0542
78420,78480,427.61,1961.7,164.4,4208.6743
78480,78540,425.69,1961.9,162.3,4246.8672
78540,78600,425.70,1961.8,160.6,4380.0176
78600,78660,424.59,1961.5,161.5,3940.1604
78660,78720,423.62,1961.0,150.2,3619.4978
78720,78780,423.92,1961.9,152.5,4133.4688
78780,78840,424.63,1961.6,155.9,3916.2424
78840,78900,424.54,1961.2,155.2,3888.1694
78900,78960,424.53,1960.9,159.5,3687.5598
78960,79020,424.31,1961.6,164.9,3671.6101
79020,79080,423.87,1963.0,173.4,3580.2722
79080,79140,423.15,1961.3,156.2,3324.5835
79140,79200,423.80,1963.0,167.5,3726.7588
79200,79260,424.62,1969.2,170.8,4193.5684
79260,79320,424.30,1976.0,159.1,4283.9204
79320,79380,424.26,1976.0,160.5,4427.8340
79380,79440,424.35,1971.3,160.7,4303.8652
79440,79500,424.06,1964.0,159.9,3748.3967
79500,79560,424.51,1964.9,162.9,3934.2837
79560,79620,424.04,1963.5,161.5,3873.5544
79620,79680,423.89,1961.9,156.9,3889.3115
79680,79740,423.63,1960.9,153.6,3969.2905
79740,79800,423.46,1960.2,149.0,3750.6284
79800,79860,423.81,1960.2,150.1,3811.2058
79860,79920,424.42,1960.4,151.1,3990.5393
79920,79980,423.96,1959.9,150.7,3955.9099
79980,80040,424.44,1960.9,155.5,4382.3442
80040,80100,425.72,1960.5,162.1,4785.7661
80100,80160,426.71,1959.8,167.5,4503.0200
80160,80220,425.18,1959.1,157.6,4376.0303
80220,80280,423.98,1958.7,143.2,4338.3076
80280,80340,423.56,1957.9,139.0,4213.6982
80340,80400,424.08,1957.7,139.9,4101.5391
80400,80460,426.72,1957.9,162.9,4196.2568
80460,80520,428.02,1958.5,174.0,4828.7598
80520,80580,426.05,1958.4,160.6,4411.5073
80580,80640,430.51,1960.0,163.2,4821.6401
80640,80700,430.92,1972.2,179.4,4777.0884
80700,80760,427.27,1975.8,190.2,4890.5337
80760,80820,425.73,1982.5,181.3,5129.2480
80820,80880,424.91,1981.6,169.2,4901.3452
80880,80940,425.11,1981.6,168.8,5001.6187
80940,81000,424.97,1981.5,173.0,4981.8877
81000,81060,424.99,1986.1,181.2,5190.1621
81060,81120,425.53,1985.5,178.3,5099.8320
81120,81180,426.23,1985.7,184.4,5103.0132
81180,81240,425.05,1977.5,170.6,4568.9907
81240,81300,424.41,1973.2,163.6,4390.8911
81300,81360,423.79,1971.9,162.7,4709.4639
81360,81420,424.51,1972.4,167.4,4558.4614
81420,81480,424.42,1972.4,162.7,4468.8569
81480,81540,423.78,1971.3,158.1,4426.9741
81540,81600,424.11,1971.0,160.9,4414.2603
81600,81660,424.70,1972.2,173.7,4617.3184
81660,81720,425.09,1972.3,183.1,4680.1543
81720,81780,424.84,1972.5,178.1,4972.1899
81780,81840,425.30,1975.0,178.5,4934.6709
81840,81900,423.81,1975.2,159.7,4645.1636
81900,81960,424.06,1975.8,163.1,4814.7983
81960,82020,423.67,1975.6,154.9,4408.2202
82020,82080,423.93,1976.8,157.3,4486.3892
82080,82140,423.96,1975.2,159.6,4391.5889
82140,82200,424.28,1976.0,161.6,4798.0635
82200,82260,423.90,1974.2,161.3,5360.3926
82260,82320,423.38,1969.0,155.1,4644.6265
82320,82380,424.20,1965.3,155.3,3816.9573
82380,82440,423.43,1963.4,147.0,3596.7502
82440,82500,423.42,1962.6,148.4,3482.3518
82500,82560,423.61,1963.2,148.7,3650.3967
82560,82620,424.16,1966.2,158.4,4190.2720
82620,82680,424.01,1964.2,155.1,3855.2310
82680,82740,423.50,1962.6,150.6,3780.6582
82740,82800,423.93,1963.3,153.8,3771.5190
82800,82860,423.40,1962.1,150.2,3907.4480
82860,82920,423.63,1961.3,151.7,3841.4041
82920,82980,423.80,1961.2,151.9,3416.0652
82980,83040,424.25,1961.6,160.6,3727.5923
83040,83100,424.43,1976.8,160.2,3912.7214
83100,83160,423.65,1961.1,155.5,3852.6052
83160,83220,423.05,1961.1,150.9,4098.9268
83220,83280,422.67,1961.2,150.3,4300.4326
83280,83340,422.90,1961.0,151.8,3744.7134
83340,83400,423.16,1961.7,154.8,4020.3259
83400,83460,423.96,1961.2,161.1,3691.8169
83460,83520,424.83,1961.8,173.8,3987.9014
83520,83580,427.13,1962.2,178.7,4210.1880
83580,83640,427.16,1958.9,166.6,4035.3640
83640,83700,426.38,1958.4,163.6,4238.5664
83700,83760,424.29,1956.8,142.1,3911.5403
83760,83820,424.83,1956.9,150.8,4001.4050
83820,83880,424.58,1956.0,143.4,3795.4050
83880,83940,424.17,1955.8,137.9,3836.8142
83940,84000,424.87,1956.7,189.8,3939.7468
84000,84060,424.22,1955.9,146.1,3947.5603
84060,84120,425.14,1956.8,150.5,4084.4248
84120,84180,427.07,1958.2,175.2,4437.0044
84180,84240,425.10,1957.2,149.8,4369.3037
84240,84300,424.18,1955.8,139.6,3987.0613
84300,84360,425.45,1956.2,152.5,4153.5034
84360,84420,425.49,1956.5,151.5,4282.0366
84420,84480,424.94,1956.4,148.6,4192.5952
84480,84540,424.50,1956.3,142.1,4234.0942
84540,84600,425.41,1956.3,144.4,4224.5083
84600,84660,433.67,1957.7,181.5,4663.5601
84660,84720,431.17,1957.3,205.8,4307.9272
84720,84780,431.18,1956.8,177.4,4512.4771
84780,84840,433.41,1957.1,193.8,4822.7461
84840,84900,429.20,1958.6,175.2,4681.8770
84900,84960,425.39,1956.2,146.8,4113.5830
84960,85020,424.86,1955.2,138.7,3922.8562
85020,85080,426.00,1955.3,139.6,4042.6995
85080,85140,425.04,1955.7,146.2,4481.9487
85140,85200,433.11,1956.7,179.6,5081.1504
85200,85260,441.25,1958.6,326.4,4990.3691
85260,85320,432.62,1957.0,207.5,5069.3813
85320,85380,428.51,1955.9,161.6,4403.9932
85380,85440,427.92,1955.3,159.1,4352.0161
85440,85500,426.00,1954.0,147.8,3898.9414
85500,85560,425.54,1953.6,140.2,3845.0337
85560,85620,426.85,1953.9,143.5,4074.6208
85620,85680,431.35,1954.8,175.2,4292.4507
85680,85740,430.30,1954.9,212.9,4122.9053
85740,85800,429.35,1954.8,170.0,4143.7422
85800,85860,430.60,1955.2,167.3,4035.1477
85860,85920,428.98,1955.8,170.2,4242.1870
85920,85980,-9999,-9999,-9999,-9999
85980,86040,-9999,-9999,-9999,-9999
86040,86100,-9999,-9999,-9999,-9999
86100,86160,-9999,-9999,-9999,-9999
86160,86220,-9999,-9999,-9999,-9999
86220,86280,-9999,-9999,-9999,-9999
86280,86340,-9999,-9999,-9999,-9999
86340,86400,-9999,-9999,-9999,-9999
