CampaignData_and_Merges/R0/CSL_MobileLab_Parked/raw/20240729/USOS-Picarro-CO2-CH4-CO-H2O_MobileLabGround_20240729_R0.ict
38, 1001
Ilana Pollack, Nell Schafer, and Jeff Peischl
NOAA Chemical Sciences Laboratory
Picarro 2401-m CO2/CH4/CO/H2O Analyzer
USOS
1, 1
2024, 07, 29, 2024, 11, 20
0
StartTime_UTC, seconds_past_midnight, seconds past midnight
5
1, 1, 1, 1, 1
-9999, -9999, -9999, -9999, -9999
StopTime_UTC, seconds_past_midnight, seconds past midnight
CO2_ppm_1min, ppm, Gas_CO2_InSitu_S_DMF, carbon dioxide mixing ratio
CH4_ppb_1min, ppb, Gas_CH4_InSitu_S_DMF, methane mixing ratio
CO_ppb_1min, ppb, Gas_CO_InSitu_S_DMF, carbon monoxide mixing ratio
H2O_ppmv_1min, ppmv, Met_H2OMRV_InSitu_S_AVMR, water vapor mixing ratio
1
SPECIAL COMMENTS: N/A
18
PI_CONTACT_INFO: Address: NOAA Chemical Sciences Laboratory, Mail Stop CSL7, 325 Broadway, Boulder, CO 80305; Email: Ilana.Pollack@noaa.gov
PLATFORM: NOAA CSL Mobile Laboratory
LOCATION: The mobile lab was stationed in Salt Lake City, Utah.
ASSOCIATED_DATA: N/A
INSTRUMENT_INFO: CO2, CH4, and CO are reported as dry air mole fractions using a commercial wavelength-scanned cavity ring-down analyzer (Picarro 2401-m). An in-field calibration gas standard of 432±0.07 ppm CO2, 2095±1 ppb CH4, and 183±1 ppb CO, calibrated in the Boulder laboratories before and after the field project using primary CO2, CH4, and CO standard tanks tied to the WMO standard (X2019, X2004A, and X2014A, respectively) from the Global Monitoring Laboratory (GML), was delivered to the inlet every 2-3 days to evaluate instrument sensitivity. A H2O measurement was calibrated before the project with a Dew Point Mirror 373 hygrometer. The water correction calculated from these calibrations was applied to the H2O measurement for the entire campaign. Species are measured at 0.5 Hz and reported as 1-minute averages for stationary measurements.
DATA_INFO: Units: CO2, ppm, dry air mole fraction; CH4, ppb, dry air mole fraction; CO, ppb, dry air mole fraction; H2O, ppmv
UNCERTAINTY: CO2: ±(0.1 ppm + 1%), CH4: ±(1 ppb + 1%), CO: ±(4 ppb + 1%), and H2O: ±(50 ppm + 4%)
ULOD_FLAG: -7777
ULOD_VALUE: N/A
LLOD_FLAG: -8888
LLOD_VALUE: N/A
DM_CONTACT_INFO: Data Manager: Nathan Howard; nathan.h.howard@noaa.gov
PROJECT_INFO: USOS Dates of Study: July – August 2024
STIPULATIONS_ON_USE: Use of these data require prior ok from PI.
OTHER_COMMENTS: Data are averaged to 1 minute intervals. Stationary data collected from a 10 ft tower on top of the mobile van.
REVISION: R0
R0: Final Data
StartTime_UTC, StopTime_UTC, CO2_ppm_1min, CH4_ppb_1min, CO_ppb_1min, H2O_ppmv_1min
[from data line 383]
22980,23040,457.22,2000.2,252.1,10774.8389
23040,23100,458.02,2002.9,254.8,10823.7275
23100,23160,458.45,2004.5,249.9,10928.3896
23160,23220,460.81,2005.5,258.5,11062.5918
23220,23280,460.72,2009.0,255.6,10933.9082
23280,23340,461.54,2011.6,254.5,10970.2813
23340,23400,460.49,2014.4,250.8,10890.1572
23400,23460,459.67,2010.4,251.9,10850.5088
23460,23520,460.45,2009.8,255.7,10887.5117
23520,23580,462.93,2010.8,256.5,10996.9873
23580,23640,461.19,2008.3,259.1,10939.9619
23640,23700,460.36,2007.2,253.7,10906.9492
23700,23760,461.46,2008.8,251.9,10924.3066
23760,23820,461.13,2009.2,253.7,10911.1543
23820,23880,460.74,2009.0,247.5,11005.5908
23880,23940,459.51,2007.8,245.9,10936.2920
23940,24000,459.64,2008.1,245.3,10933.6758
24000,24060,458.37,2005.4,240.2,10863.5645
24060,24120,457.88,2006.5,238.1,10899.1436
24120,24180,456.80,2004.9,238.5,10766.8584
24180,24240,455.94,2003.0,236.1,10704.4990
24240,24300,459.25,2005.6,240.4,10972.2324
24300,24360,461.97,2006.1,241.4,11090.1416
24360,24420,457.81,2005.0,236.6,10812.8975
24420,24480,458.89,2008.4,237.9,10847.6582
24480,24540,460.49,2007.6,239.1,10953.4004
24540,24600,459.78,2006.6,237.0,10904.4102
24600,24660,460.88,2005.1,235.2,11051.2256
24660,24720,460.07,2004.1,235.5,10969.7246
24720,24780,458.18,2004.1,233.8,10820.5176
24780,24840,458.83,2004.2,233.0,10872.3623
24840,24900,459.10,2005.3,236.3,10934.1221
24900,24960,458.75,2006.0,235.7,11003.2998
24960,25020,465.87,2006.3,235.4,11329.3086
25020,25080,462.91,2008.1,236.7,11189.8838
25080,25140,465.27,2014.5,237.1,11242.2031
25140,25200,469.50,2015.1,239.8,11626.7266
25200,25260,464.58,2021.1,237.1,11153.0254
25260,25320,466.94,2022.3,238.5,11247.9473
25320,25380,465.55,2014.4,235.4,11139.3965
25380,25440,464.63,2011.9,235.5,11163.8896
25440,25500,464.42,2014.5,237.0,11305.3633
25500,25560,461.25,2012.6,246.0,11069.5225
25560,25620,459.90,2011.3,270.1,11000.0693
25620,25680,465.85,2014.5,247.1,11548.2295
25680,25740,466.33,2019.2,252.6,11433.4414
25740,25800,465.37,2048.3,248.2,11238.4453
25800,25860,464.60,2018.7,240.1,11190.1191
25860,25920,464.42,2019.8,238.7,11103.0156
25920,25980,465.08,2018.6,243.0,11071.9189
25980,26040,469.11,2025.0,254.6,11289.6572
26040,26100,467.40,2034.2,264.0,11234.6133
26100,26160,466.46,2036.4,254.1,11158.2471
26160,26220,464.94,2040.4,256.8,11114.5107
26220,26280,466.69,2066.0,262.5,11169.1113
26280,26340,466.04,2060.0,264.0,11135.6914
26340,26400,464.17,2041.0,269.6,11007.4277
26400,26460,462.81,2032.2,259.2,10955.2432
26460,26520,462.45,2030.0,256.8,10953.1670
26520,26580,467.60,2039.0,259.0,11134.7393
26580,26640,468.74,2042.5,262.2,11214.1357
26640,26700,466.75,2037.4,255.8,11168.9336
26700,26760,465.40,2036.6,251.8,11107.0537
26760,26820,465.54,2049.5,252.8,11116.8652
26820,26880,464.99,2052.2,253.2,11071.0186
26880,26940,464.89,2043.1,250.4,11045.3877
26940,27000,464.03,2037.1,247.4,11032.2051
27000,27060,464.58,2035.8,247.4,11087.5879
27060,27120,468.43,2040.1,249.6,11328.2910
27120,27180,469.52,2040.7,252.6,11354.3584
27180,27240,470.17,2041.5,252.4,11361.8398
27240,27300,473.81,2049.1,253.2,11662.8926
27300,27360,470.52,2042.9,251.3,11408.2285
27360,27420,470.75,2042.6,254.1,11359.6055
27420,27480,470.56,2042.2,254.1,11341.6240
27480,27540,474.26,2044.3,250.2,11583.1123
27540,27600,475.75,2045.7,251.7,11809.0801
27600,27660,474.86,2043.3,251.6,11665.3750
27660,27720,473.30,2044.4,291.9,11494.9561
27720,27780,473.82,2045.7,334.2,11484.5811
27780,27840,473.75,2050.4,272.7,11541.5439
27840,27900,474.53,2050.1,264.6,11521.5430
27900,27960,470.07,2044.2,272.9,11305.3662
27960,28020,470.83,2045.3,271.2,11347.4023
28020,28080,472.04,2048.8,277.3,11463.9990
28080,28140,474.37,2049.5,266.6,11515.0898
28140,28200,473.38,2047.1,263.4,11486.7393
28200,28260,467.66,2035.6,252.1,11041.5967
28260,28320,473.77,2046.6,278.1,11386.1279
28320,28380,470.02,2036.9,279.7,11140.0586
28380,28440,472.62,2046.2,304.1,11434.9453
28440,28500,469.27,2041.0,290.0,11370.5273
28500,28560,467.87,2031.5,266.6,11188.5332
28560,28620,471.54,2044.6,271.6,11228.8779
28620,28680,471.85,2044.0,276.6,11229.8379
28680,28740,471.76,2048.6,285.9,11165.8828
28740,28800,473.42,2050.5,261.3,11299.0859
28800,28860,472.44,2052.6,263.6,11251.0166
28860,28920,468.83,2045.5,253.5,11067.3750
28920,28980,469.65,2053.4,272.8,11051.1934
28980,29040,470.07,2056.5,279.4,11034.8672
29040,29100,462.20,2037.6,239.5,10567.8564
29100,29160,464.95,2043.2,245.6,10697.8418
29160,29220,466.94,2040.8,240.2,10763.0684
29220,29280,462.68,2032.8,221.7,10503.8936
29280,29340,460.94,2029.9,205.9,10408.1104
29340,29400,462.50,2047.0,205.9,10487.8594
29400,29460,459.74,2039.9,206.8,10291.1992
29460,29520,459.43,2019.9,203.5,10145.5811
29520,29580,459.39,2018.7,208.3,10168.4580
29580,29640,456.92,2012.3,200.0,9946.5811
29640,29700,453.57,2006.5,194.1,9718.0254
29700,29760,459.76,2018.9,203.5,10158.5146
29760,29820,457.67,2015.9,208.7,10030.9775
29820,29880,453.05,2008.7,284.9,9712.7354
29880,29940,447.89,1996.4,299.3,9312.2969
29940,30000,447.52,1997.7,260.0,9259.4131
30000,30060,449.80,1995.4,194.7,9329.5713
30060,30120,449.19,1994.7,187.2,9327.9160
30120,30180,446.04,1984.4,178.8,8995.4277
30180,30240,448.16,1985.2,179.4,9116.7090
30240,30300,444.69,1987.1,427.7,8891.7754
30300,30360,442.66,1981.1,247.0,8742.4297
30360,30420,442.22,1978.1,180.5,8700.1045
30420,30480,442.40,1978.3,177.7,8650.6611
30480,30540,443.07,1980.3,177.3,8735.8057
30540,30600,444.67,1983.3,176.6,8887.0293
30600,30660,443.51,1981.2,175.5,8787.9199
30660,30720,445.35,1981.0,176.5,8897.5869
30720,30780,444.48,1979.4,176.0,8727.3584
30780,30840,442.88,1978.6,174.2,8574.0791
30840,30900,442.98,1978.7,174.0,8591.0332
30900,30960,442.56,1977.6,174.2,8496.9639
30960,31020,442.60,1978.3,175.3,8513.7627
31020,31080,443.99,1980.4,175.8,8724.5615
31080,31140,443.91,1982.6,175.9,8776.0830
31140,31200,444.99,1984.6,177.7,8833.0762
31200,31260,444.42,1981.8,177.8,8733.1514
31260,31320,443.75,1982.8,175.0,8646.6738
31320,31380,443.01,1979.9,173.1,8503.4004
31380,31440,441.49,1977.4,171.6,8363.3223
31440,31500,442.85,1978.0,173.6,8442.5615
31500,31560,443.30,1983.4,176.9,8613.9570
31560,31620,445.29,1988.1,178.2,8871.0830
31620,31680,445.67,1987.7,178.6,8890.7939
31680,31740,445.67,1987.6,178.3,8873.7002
31740,31800,443.55,1984.6,175.9,8647.3594
31800,31860,441.24,1980.0,172.5,8334.9736
31860,31920,441.30,1979.0,172.1,8308.8330
31920,31980,442.12,1979.9,173.1,8395.2227
31980,32040,444.75,1983.2,173.7,8657.0801
32040,32100,445.72,1989.0,175.8,8702.1035
32100,32160,444.24,1986.2,175.2,8604.7754
32160,32220,443.45,1984.0,177.1,8495.1123
32220,32280,443.75,1982.8,173.8,8475.7949
32280,32340,441.11,1979.5,171.9,8229.4561
32340,32400,445.36,1980.6,172.9,8343.9512
32400,32460,445.17,1979.4,170.4,8338.3389
32460,32520,449.44,1978.2,170.9,8170.7305
32520,32580,448.97,1980.5,173.4,8386.4141
32580,32640,444.75,1983.4,173.2,8346.1855
32640,32700,444.89,1984.6,174.1,8320.5469
32700,32760,445.20,1988.0,175.8,8429.4004
32760,32820,446.40,1986.6,175.4,8505.2852
32820,32880,445.55,1983.7,174.2,8468.8984
32880,32940,447.28,1987.9,175.6,8681.5283
32940,33000,448.46,1991.8,177.5,8788.5508
33000,33060,455.08,1988.5,176.2,8554.5664
33060,33120,454.84,1986.8,174.0,8571.9639
33120,33180,444.55,1978.2,169.3,8097.3462
33180,33240,442.40,1976.6,168.3,8000.8252
33240,33300,445.44,1979.1,171.3,8202.1348
33300,33360,446.35,1981.1,172.1,8318.0840
33360,33420,444.35,1981.1,170.7,8093.1865
33420,33480,445.06,1988.1,173.4,8150.7271
33480,33540,443.58,1983.3,169.9,8064.4194
33540,33600,446.32,1988.3,172.9,8288.2236
33600,33660,448.16,1998.5,179.1,8503.7227
33660,33720,459.85,2019.0,192.0,9560.3154
33720,33780,457.67,2015.7,186.4,9516.5400
33780,33840,459.03,2014.8,186.2,9613.7979
33840,33900,457.15,2014.1,188.7,9517.4180
33900,33960,457.72,2014.0,190.2,9413.1719
33960,34020,457.47,2018.5,193.8,9311.8535
34020,34080,453.93,2012.2,189.0,9052.4854
34080,34140,457.32,2020.0,191.9,9351.7861
34140,34200,455.35,2012.3,183.0,9215.4131
34200,34260,450.81,2002.4,180.7,8899.6172
34260,34320,451.91,2010.9,178.2,8958.3438
34320,34380,448.54,2001.0,180.0,8697.8486
34380,34440,447.03,2001.1,181.1,8492.2578
34440,34500,446.38,1992.5,178.4,8410.8672
34500,34560,448.57,1997.3,178.0,8631.8320
34560,34620,446.99,1997.5,176.3,8404.3350
34620,34680,448.97,2004.6,178.3,8534.0020
34680,34740,449.05,2002.5,177.7,8509.7422
34740,34800,450.58,2006.7,177.6,8635.0811
34800,34860,451.75,2007.5,181.0,8709.2871
34860,34920,447.98,1994.3,175.2,8270.4707
34920,34980,449.81,1999.3,181.5,8480.6182
34980,35040,449.09,1996.3,181.5,8355.5342
35040,35100,450.24,1999.3,185.1,8412.0283
35100,35160,450.34,1999.6,193.0,8291.8760
35160,35220,446.59,1995.6,178.1,8171.7036
35220,35280,447.70,1999.5,179.1,8238.8271
35280,35340,441.47,1985.9,169.5,7588.9956
35340,35400,442.51,1985.5,172.0,7703.2275
35400,35460,444.48,1991.1,175.6,7836.2783
35460,35520,441.71,1983.2,168.6,7594.7563
35520,35580,442.66,1984.8,167.7,7712.3306
35580,35640,443.41,1987.0,169.2,7792.4341
35640,35700,443.43,1987.3,169.4,7765.2710
35700,35760,442.65,1983.8,168.2,7661.4204
35760,35820,442.72,1981.6,167.7,7640.4331
35820,35880,444.01,1985.6,171.1,7792.9204
35880,35940,445.40,1996.3,170.1,7940.3838
35940,36000,445.33,1992.5,171.4,7929.7837
36000,36060,446.07,1991.2,178.9,7962.6641
36060,36120,446.10,1990.9,172.3,7970.8306
36120,36180,445.77,1989.1,169.2,7922.0503
36180,36240,445.18,1987.6,168.1,7817.5864
36240,36300,445.67,1987.2,168.8,7772.9365
36300,36360,446.02,1992.0,173.2,7822.2710
36360,36420,447.18,1992.0,172.3,7933.6519
36420,36480,448.96,1994.3,179.3,8027.1636
36480,36540,445.75,1989.2,169.5,7862.0820
36540,36600,445.75,1989.6,170.6,7850.9741
36600,36660,445.72,1989.2,169.1,7855.4766
36660,36720,446.30,1988.8,169.8,7856.8398
36720,36780,447.29,1994.2,168.8,7921.9990
36780,36840,445.91,1989.6,170.6,7720.0488
36840,36900,447.32,1988.2,169.4,7807.1802
36900,36960,444.73,1986.4,167.7,7659.6030
36960,37020,442.57,1981.7,164.5,7440.5435
37020,37080,442.85,1979.3,163.3,7349.0879
37080,37140,442.84,1980.6,166.1,7340.4741
37140,37200,441.43,1978.7,164.0,7231.7290
37200,37260,442.73,1981.3,166.5,7330.9902
37260,37320,443.02,1984.1,168.7,7388.4395
37320,37380,441.21,1982.7,166.9,7284.0898
37380,37440,440.21,1977.3,164.5,7123.3535
37440,37500,441.87,1983.5,167.6,7282.3130
37500,37560,442.51,1984.2,165.6,7352.2485
37560,37620,441.88,1981.6,164.7,7299.6582
37620,37680,442.71,1980.7,166.7,7294.5625
37680,37740,446.89,1985.4,175.0,7491.2798
37740,37800,444.34,1985.7,169.3,7379.5864
37800,37860,445.38,1990.7,168.7,7579.9268
37860,37920,446.01,1992.0,168.5,7622.3823
37920,37980,444.83,1988.7,169.2,7501.4487
37980,38040,445.92,1989.2,168.2,7473.8877
38040,38100,447.40,1994.1,203.2,7589.7246
38100,38160,447.76,1996.8,194.6,7642.2939
38160,38220,445.84,1989.0,169.0,7497.0146
38220,38280,447.99,1988.5,175.5,7474.6035
38280,38340,446.22,1992.6,172.9,7409.8608
38340,38400,443.59,1987.1,168.4,7184.0015
38400,38460,448.89,1998.5,177.0,7698.6680
38460,38520,449.97,1995.8,182.2,7737.4243
38520,38580,454.44,2002.5,189.4,7979.8208
38580,38640,452.42,2006.7,181.6,7989.0405
38640,38700,455.02,2012.7,181.2,8208.0557
38700,38760,454.53,2012.3,181.9,8146.4067
38760,38820,451.49,2010.2,179.2,7963.9253
38820,38880,450.04,2005.8,194.8,7840.1973
38880,38940,449.02,1999.9,179.2,7705.1782
38940,39000,452.81,2004.6,223.8,7837.4272
39000,39060,453.74,2009.2,205.0,7971.9922
39060,39120,449.31,2007.1,188.7,7754.9438
39120,39180,451.92,2008.5,197.7,7876.2144
39180,39240,449.83,2000.3,186.9,7796.0986
39240,39300,450.29,2005.1,188.2,7848.2539
39300,39360,450.20,2010.6,177.8,7885.4546
39360,39420,448.87,2009.2,175.4,7739.6001
39420,39480,447.85,2001.6,173.4,7632.0283
39480,39540,449.45,2004.2,181.3,7711.2549
39540,39600,447.41,2001.1,175.6,7532.9277
39600,39660,450.37,2004.3,178.9,7677.1914
39660,39720,449.66,2001.0,178.4,7682.6973
39720,39780,448.82,1999.1,173.9,7593.0781
39780,39840,448.73,2001.3,172.7,7586.3740
39840,39900,446.97,1995.7,170.3,7468.2402
39900,39960,448.30,1996.9,171.7,7547.0313
39960,40020,453.26,2010.0,215.5,7831.7124
40020,40080,453.47,2015.7,220.8,7775.4253
40080,40140,454.61,2016.0,205.2,7832.7729
40140,40200,454.44,2007.9,178.6,7858.2017
40200,40260,445.77,1995.6,173.4,7358.3887
40260,40320,454.91,2007.3,181.9,7803.9707
40320,40380,455.91,2011.5,187.8,7827.1470
40380,40440,453.75,2016.1,183.3,7679.9683
40440,40500,450.06,2009.2,179.0,7610.6382
40500,40560,447.38,1997.2,174.4,7400.7842
40560,40620,450.47,2002.6,176.1,7620.2539
40620,40680,450.73,2001.8,174.7,7640.1963
40680,40740,454.01,2004.8,177.3,7686.2129
40740,40800,455.43,2007.2,187.6,7779.0732
40800,40860,456.31,2005.5,185.2,7742.9448
40860,40920,456.30,2008.4,193.0,7869.6279
40920,40980,459.21,2007.9,193.2,7970.7407
40980,41040,456.76,2007.3,189.5,7898.5239
41040,41100,455.91,2009.5,196.2,7886.1831
41100,41160,459.61,2012.7,196.1,8049.9902
41160,41220,458.90,2025.1,242.9,7990.7148
41220,41280,464.76,2023.3,240.7,8097.0894
41280,41340,462.17,2016.1,218.5,7973.0659
41340,41400,455.70,2014.5,345.2,7775.0342
41400,41460,452.99,2010.7,214.1,7614.7329
41460,41520,459.92,2017.4,228.5,7871.8496
41520,41580,447.81,1998.3,187.2,7240.1450
41580,41640,458.18,2028.2,204.8,7843.7388
41640,41700,458.31,2025.8,203.3,7948.7817
41700,41760,462.75,2030.2,268.3,7912.2178
41760,41820,463.66,2021.9,349.7,7863.5010
41820,41880,464.80,2019.8,477.0,7816.5142
41880,41940,456.19,2012.4,198.7,7705.3408
41940,42000,465.60,2014.1,236.3,7981.0088
42000,42060,456.57,2010.1,263.6,7606.0381
42060,42120,466.56,2018.7,288.4,7877.8398
42120,42180,469.14,2030.0,262.8,7973.2910
42180,42240,466.43,2057.3,267.6,8030.2212
42240,42300,454.60,2032.3,213.2,7926.6943
42300,42360,458.09,2020.4,206.4,7855.3066
42360,42420,463.04,2015.6,270.7,7839.1895
42420,42480,464.01,2022.9,313.5,7908.9258
42480,42540,462.60,2033.0,247.3,8072.7769
42540,42600,458.46,2016.2,244.3,7613.2285
42600,42660,454.28,2005.7,214.4,7433.6890
42660,42720,462.37,2022.1,246.3,7864.0352
42720,42780,455.22,2020.0,196.7,7715.0688
42780,42840,456.20,2014.6,237.7,7740.5308
42840,42900,464.74,2016.5,254.6,7884.6245
42900,42960,465.09,2017.9,275.8,7916.2495
42960,43020,461.74,2021.1,362.0,7884.2383
43020,43080,461.58,2020.6,309.3,7831.1685
43080,43140,463.50,2020.7,284.4,7836.2954
43140,43200,459.76,2017.7,221.6,7694.0991
43200,43260,451.44,2005.7,211.3,7195.2480
43260,43320,459.21,2012.8,230.1,7434.1909
43320,43380,469.75,2057.4,219.7,7840.1460
43380,43440,457.65,2031.1,206.2,7622.4355
43440,43500,459.06,2026.0,208.3,7701.8872
43500,43560,465.08,2026.6,234.4,7734.3105
43560,43620,466.60,2024.7,234.9,7700.5894
43620,43680,465.41,2022.5,240.0,7677.1621
43680,43740,471.66,2024.3,263.9,7794.0342
43740,43800,470.00,2026.5,250.3,7911.0859
43800,43860,457.08,2009.3,277.3,7368.8003
43860,43920,452.16,1998.0,240.0,7034.8223
43920,43980,446.62,1988.8,210.4,6759.5615
43980,44040,446.00,1988.4,210.5,6703.4253
44040,44100,444.10,1987.3,201.2,6660.2061
44100,44160,451.69,1995.2,213.9,6998.3110
44160,44220,462.24,2012.7,254.1,7542.8833
44220,44280,458.66,2008.7,334.0,7438.0679
44280,44340,457.43,2013.1,232.3,7476.6641
44340,44400,454.70,2008.1,254.2,7311.9087
44400,44460,459.43,2015.0,610.1,7453.3735
44460,44520,461.67,2024.4,1033.7,7346.5640
44520,44580,457.00,2006.6,381.9,7164.9116
44580,44640,454.55,1998.0,216.9,6986.9912
44640,44700,445.68,1987.6,204.4,6638.3564
44700,44760,451.14,1991.2,226.1,6767.5664
44760,44820,459.49,2011.4,253.6,7208.6084
44820,44880,450.68,1999.4,211.0,6839.0654
44880,44940,446.76,1992.8,198.6,6694.8267
44940,45000,452.33,2002.7,207.5,6981.8213
45000,45060,450.91,2008.1,211.5,7047.5654
45060,45120,456.22,2000.1,221.3,7161.2715
45120,45180,456.15,2001.4,231.7,7123.9507
45180,45240,449.95,1995.1,204.0,6908.9727
45240,45300,446.38,1991.9,196.8,6745.0728
45300,45360,449.34,1995.6,218.7,6883.8423
45360,45420,450.45,1996.0,219.6,6879.1841
45420,45480,459.90,1998.8,247.3,6980.4902
45480,45540,461.07,2003.0,221.0,6901.1592
45540,45600,454.55,1994.0,240.5,6713.2583
45600,45660,454.00,1992.2,309.1,6644.2168
