CampaignData_and_Merges/R0/CSL_MobileLab_Parked/raw/20240729/USOS-MetNav_MobileLabGround_20240729_R0.ict
44, 1001
Carrie Womack, Nate Howard, Mike Zucker
NOAA Chemical Sciences Laboratory
Mobile Lab MetNav Station
USOS
1, 1
2024, 07, 29, 2024, 12, 21
60
Time_Start, seconds_past_midnight, Seconds from midnight UTC
11
1, 1, 1, 1, 1, 1, 1, 1, 1, 1, 1
-9999, -9999, -9999, -9999, -9999, -9999, -9999, -9999, -9999, -9999, -9999
GPS_Alt_m, meters, Altitude from Differential GPS
GPS_Course_deg, degrees, Course from Differential GPS
GPS_GndSpd_m_s, m/s, Ground Speed from Differential GPS
GPS_Heading_deg, degrees, Heading from Differential GPS
GPS_Lat_deg, degrees, Latitude from Differential GPS
GPS_Lon_deg, degrees, Longitude from Differential GPS
AirTemp_C, Celsius, Air Temperature from Airmar
RelHumidity_pct, percent, Relative Humidity from Airmar
Pressure_mb, millibars, Pressure from Honeywell
WindDir_calc_deg, degrees, Wind Direction from Airmar corrected for van movement
WindSpd_calc_m_s, m/s, Wind Speed from Airmar corrected for van movement
1
SPECIAL COMMENTS:
18
PI_CONTACT_INFO: Address: 325 Broadway R/CSL7, Boulder, CO, 80305
PLATFORM: CSL Mobile Lab
LOCATION: Salt Lake City, UT
ASSOCIATED_DATA: N/A
INSTRUMENT_INFO: N/A
DATA_INFO: Units:
UNCERTAINTY: N/A
ULOD_FLAG: -7777
ULOD_VALUE: N/A
LLOD_FLAG: -8888
LLOD_VALUE: N/A
DM_CONTACT_INFO: Data Manager: Nate Howard
PROJECT_INFO: 
STIPULATIONS_ON_USE: Use of these data require prior ok from PI.
OTHER_COMMENTS: 
REVISION: R0
R0: Final data. Fixed bug in wind averaging code. RA: Preliminary Data. For in-field use only. 
Time_Start, GPS_Alt_m, GPS_Course_deg, GPS_GndSpd_m_s, GPS_Heading_deg, GPS_Lat_deg, GPS_Lon_deg, AirTemp_C, RelHumidity_pct, Pressure_mb, WindDir_calc_deg, WindSpd_calc_m_s
[from data line 212]
12720.0,1307.3,3.32,0.05,3.32,40.73434,-111.87211,25.5,24.5,871.6,119.53,1.0
12780.0,1307.4,3.57,0.05,3.57,40.73434,-111.87211,25.4,24.3,871.6,102.91,1.1
12840.0,1307.2,3.32,0.05,3.32,40.73434,-111.87211,25.4,24.1,871.6,109.52,1.3
12900.0,1306.9,3.35,0.05,3.35,40.73434,-111.87211,25.3,24.0,871.6,104.01,0.8
12960.0,1306.8,3.25,0.05,3.25,40.73434,-111.87211,25.4,24.6,871.6,127.09,1.6
13020.0,1307.1,2.89,0.05,2.89,40.73434,-111.87211,25.3,24.9,871.6,117.10,1.5
13080.0,1307.2,3.02,0.05,3.02,40.73434,-111.87211,25.2,24.9,871.6,114.12,2.0
13140.0,1306.9,3.36,0.05,3.36,40.73434,-111.87211,25.2,25.3,871.6,126.14,1.3
13200.0,1306.8,3.48,0.04,3.48,40.73434,-111.87211,25.2,25.7,871.6,124.97,0.9
13260.0,1307.0,3.22,0.05,3.22,40.73434,-111.87211,25.2,24.7,871.6,126.83,1.1
13320.0,1307.1,2.79,0.05,2.79,40.73434,-111.87211,25.2,24.8,871.6,130.28,0.6
13380.0,1307.1,2.43,0.04,2.43,40.73434,-111.87211,25.1,24.2,871.6,114.22,0.5
13440.0,1307.2,2.40,0.05,2.40,40.73434,-111.87211,25.1,24.4,871.6,110.16,0.8
13500.0,1307.5,2.66,0.05,2.66,40.73434,-111.87211,25.2,24.3,871.6,110.77,1.3
13560.0,1307.7,2.75,0.05,2.75,40.73434,-111.87211,25.1,24.7,871.6,115.65,1.2
13620.0,1307.7,2.75,0.04,2.75,40.73434,-111.87211,25.1,24.4,871.7,102.60,0.5
13680.0,1308.1,2.59,0.05,2.59,40.73434,-111.87211,25.2,24.8,871.7,120.77,0.4
13740.0,1308.2,2.73,0.05,2.73,40.73434,-111.87211,25.2,25.0,871.7,120.63,0.6
13800.0,1307.9,2.59,0.05,2.59,40.73434,-111.87211,25.2,25.2,871.7,129.77,1.0
13860.0,1307.9,2.79,0.05,2.79,40.73434,-111.87211,25.2,24.9,871.7,121.31,0.4
13920.0,1307.9,2.56,0.05,2.56,40.73434,-111.87211,25.1,24.3,871.7,134.73,0.3
13980.0,1307.9,2.49,0.05,2.49,40.73434,-111.87211,25.1,24.3,871.7,104.51,0.2
14040.0,1307.7,2.15,0.05,2.15,40.73434,-111.87211,25.1,24.6,871.7,83.30,0.3
14100.0,1308.1,2.03,0.05,2.03,40.73434,-111.87211,25.2,24.6,871.7,126.84,0.2
14160.0,1308.3,2.06,0.04,2.06,40.73434,-111.87211,25.2,24.6,871.7,82.76,0.3
14220.0,1308.5,2.50,0.05,2.50,40.73434,-111.87211,25.2,24.7,871.7,104.54,0.4
14280.0,1308.4,2.94,0.05,2.94,40.73434,-111.87211,25.2,24.9,871.7,128.28,0.6
14340.0,1308.3,2.91,0.05,2.91,40.73433,-111.87210,25.3,25.0,871.7,133.94,0.6
14400.0,1308.2,3.05,0.05,3.05,40.73433,-111.87211,25.3,25.0,871.7,94.61,0.2
14460.0,1308.0,3.01,0.05,3.01,40.73433,-111.87211,25.2,24.4,871.6,165.90,0.1
14520.0,1307.8,3.38,0.06,3.38,40.73433,-111.87211,25.2,24.0,871.7,115.36,0.5
14580.0,1307.6,3.60,0.06,3.60,40.73433,-111.87211,25.2,24.1,871.7,112.88,0.4
14640.0,1307.7,3.49,0.06,3.49,40.73433,-111.87211,25.2,24.5,871.7,107.15,0.6
14700.0,1307.7,3.34,0.05,3.34,40.73433,-111.87211,25.1,25.1,871.7,128.12,0.8
14760.0,1307.3,3.22,0.05,3.22,40.73433,-111.87211,25.1,25.2,871.7,113.92,0.7
14820.0,1306.9,3.17,0.05,3.17,40.73433,-111.87211,25.0,24.6,871.7,92.57,0.5
14880.0,1307.1,3.65,0.06,3.65,40.73433,-111.87211,25.0,24.4,871.7,126.68,0.6
14940.0,1307.1,3.55,0.05,3.55,40.73433,-111.87211,25.0,24.3,871.7,100.65,0.4
15000.0,1307.5,3.70,0.04,3.70,40.73433,-111.87211,24.9,24.3,871.7,114.89,0.4
15060.0,1308.1,3.60,0.05,3.60,40.73433,-111.87211,25.0,24.5,871.7,107.42,0.7
15120.0,1307.7,3.73,0.05,3.73,40.73433,-111.87211,25.0,25.0,871.7,125.21,0.7
15180.0,1307.7,3.53,0.05,3.53,40.73433,-111.87211,24.9,25.2,871.7,102.50,0.3
15240.0,1307.5,3.37,0.05,3.37,40.73433,-111.87211,25.0,24.1,871.7,112.87,0.3
15300.0,1307.2,3.14,0.06,3.14,40.73433,-111.87211,25.1,24.0,871.7,131.67,0.7
15360.0,1307.4,3.03,0.05,3.03,40.73433,-111.87211,25.0,24.2,871.7,121.08,0.4
15420.0,1307.7,2.94,0.05,2.94,40.73433,-111.87211,25.0,24.1,871.7,115.64,0.5
15480.0,1307.7,2.47,0.06,2.47,40.73433,-111.87211,25.0,24.0,871.7,103.10,0.4
15540.0,1307.6,2.70,0.05,2.70,40.73433,-111.87211,24.9,24.3,871.7,125.82,0.7
15600.0,1307.6,2.50,0.05,2.50,40.73433,-111.87211,24.9,24.2,871.7,88.13,0.3
15660.0,1307.6,2.43,0.06,2.43,40.73433,-111.87211,25.0,24.1,871.7,130.43,0.4
15720.0,1307.2,1.90,0.07,1.90,40.73433,-111.87211,24.9,24.6,871.7,118.94,1.0
15780.0,1307.2,1.90,0.06,1.90,40.73433,-111.87211,24.9,24.9,871.7,128.52,1.4
15840.0,1307.2,2.37,0.05,2.37,40.73433,-111.87211,24.9,24.0,871.7,125.21,1.5
15900.0,1307.4,2.22,0.05,2.22,40.73433,-111.87211,24.8,24.7,871.7,119.09,1.0
15960.0,1307.7,1.99,0.05,1.99,40.73433,-111.87211,24.8,24.1,871.7,125.12,1.3
16020.0,1307.8,2.36,0.05,2.36,40.73433,-111.87211,24.8,23.8,871.7,133.38,1.7
16080.0,1307.7,2.83,0.05,2.83,40.73433,-111.87211,24.7,24.5,871.8,126.54,2.2
16140.0,1307.8,2.40,0.06,2.40,40.73433,-111.87211,24.7,24.6,871.8,126.74,1.2
16200.0,1307.8,2.23,0.07,2.23,40.73433,-111.87211,24.7,25.0,871.8,141.34,1.5
16260.0,1307.6,1.77,0.04,1.77,40.73433,-111.87211,24.6,25.1,871.8,127.98,1.9
16320.0,1307.4,1.56,0.06,1.56,40.73433,-111.87211,24.6,24.2,871.8,152.10,2.4
16380.0,1307.5,1.65,0.05,1.65,40.73433,-111.87211,24.6,24.1,871.8,147.41,2.5
16440.0,1307.6,1.74,0.06,1.74,40.73433,-111.87211,24.6,24.1,871.8,161.16,1.8
16500.0,1307.5,1.78,0.05,1.78,40.73433,-111.87211,24.6,23.9,871.8,159.34,1.8
16560.0,1307.5,2.17,0.06,2.17,40.73433,-111.87211,24.6,24.0,871.9,154.11,2.9
16620.0,1307.5,2.50,0.05,2.50,40.73433,-111.87211,24.6,23.9,871.9,146.44,2.7
16680.0,1307.5,1.78,0.05,1.78,40.73433,-111.87211,24.7,23.7,871.8,151.22,2.3
16740.0,1307.6,2.00,0.05,2.00,40.73433,-111.87211,24.7,23.6,871.8,147.75,1.3
16800.0,1307.6,2.60,0.05,2.60,40.73433,-111.87211,24.7,23.7,871.8,157.06,2.1
16860.0,1307.6,2.69,0.05,2.69,40.73433,-111.87211,24.8,23.4,871.8,186.08,2.3
16920.0,1307.5,2.35,0.06,2.35,40.73433,-111.87211,24.8,23.6,871.8,136.56,2.1
16980.0,1307.5,2.54,0.07,2.54,40.73433,-111.87211,24.8,24.9,871.8,147.12,2.5
17040.0,1307.5,3.07,0.06,3.07,40.73434,-111.87211,24.7,24.4,871.8,127.07,2.6
17100.0,1307.6,3.10,0.05,3.10,40.73434,-111.87211,24.6,24.7,871.9,124.53,2.4
17160.0,1307.7,3.00,0.05,3.00,40.73434,-111.87211,24.6,23.8,871.8,134.46,2.1
17220.0,1307.7,2.91,0.05,2.91,40.73434,-111.87211,24.6,24.6,871.8,149.61,2.3
17280.0,1307.7,2.47,0.05,2.47,40.73434,-111.87211,24.6,24.4,871.8,144.17,1.6
17340.0,1307.6,2.35,0.05,2.35,40.73434,-111.87211,24.6,24.2,871.8,154.08,2.5
17400.0,1307.3,2.67,0.05,2.67,40.73433,-111.87211,24.6,23.9,871.8,156.94,2.3
17460.0,1307.2,2.92,0.05,2.92,40.73433,-111.87211,24.6,24.2,871.8,153.11,2.7
17520.0,1307.2,2.63,0.05,2.63,40.73434,-111.87211,24.6,24.1,871.7,158.16,2.5
17580.0,1307.2,2.76,0.05,2.76,40.73433,-111.87211,24.6,23.7,871.8,160.67,2.3
17640.0,1307.2,2.52,0.04,2.52,40.73434,-111.87211,24.6,24.2,871.8,146.99,1.8
17700.0,1307.2,2.05,0.04,2.05,40.73434,-111.87211,24.6,23.7,871.7,163.84,1.6
17760.0,1307.2,2.04,0.04,2.04,40.73434,-111.87211,24.6,24.0,871.7,163.77,1.7
17820.0,1307.2,1.97,0.04,1.97,40.73434,-111.87211,24.7,24.1,871.7,155.17,2.3
17880.0,1307.2,1.48,0.04,1.48,40.73434,-111.87211,24.6,24.8,871.7,133.38,2.8
17940.0,1307.1,1.68,0.05,1.68,40.73434,-111.87211,24.6,24.5,871.8,136.94,2.0
18000.0,1306.9,1.79,0.04,1.79,40.73434,-111.87211,24.6,23.9,871.7,160.20,2.4
18060.0,1306.8,1.59,0.05,1.59,40.73434,-111.87211,24.5,25.1,871.7,139.23,1.5
18120.0,1307.1,1.70,0.04,1.70,40.73434,-111.87211,24.5,25.1,871.7,145.87,2.4
18180.0,1307.1,1.38,0.04,1.38,40.73434,-111.87211,24.4,24.8,871.7,145.95,2.8
18240.0,1307.1,0.72,0.04,0.72,40.73433,-111.87211,24.4,25.2,871.7,142.18,2.5
18300.0,1306.9,0.66,0.04,0.66,40.73434,-111.87211,24.3,24.8,871.7,130.70,2.0
18360.0,1306.8,0.73,0.04,0.73,40.73434,-111.87211,24.2,24.8,871.8,146.97,2.6
18420.0,1306.7,0.68,0.04,0.68,40.73434,-111.87211,24.2,24.5,871.8,136.10,3.2
18480.0,1306.9,0.56,0.04,0.56,40.73434,-111.87211,24.2,23.8,871.8,132.46,2.1
18540.0,1307.0,0.95,0.04,0.95,40.73434,-111.87211,24.2,24.9,871.7,139.21,1.8
18600.0,1307.0,0.88,0.05,0.88,40.73434,-111.87211,24.2,25.6,871.8,138.10,2.4
18660.0,1307.0,0.70,0.04,0.70,40.73434,-111.87211,24.1,25.2,871.8,134.68,2.6
18720.0,1307.0,0.76,0.05,0.76,40.73434,-111.87211,24.1,24.8,871.8,126.17,2.0
18780.0,1307.0,1.10,0.04,1.10,40.73434,-111.87211,24.1,25.2,871.8,119.33,1.4
18840.0,1307.1,0.95,0.05,0.95,40.73434,-111.87211,24.0,25.6,871.8,122.99,1.3
18900.0,1307.2,0.89,0.04,0.89,40.73434,-111.87211,23.9,25.3,871.8,118.96,1.6
18960.0,1307.3,1.07,0.05,1.07,40.73434,-111.87211,23.9,25.7,871.8,130.25,1.7
19020.0,1307.2,0.90,0.05,0.90,40.73434,-111.87211,23.9,24.4,871.9,110.71,2.1
19080.0,1307.4,0.82,0.05,0.82,40.73434,-111.87211,23.8,25.7,871.9,117.98,1.4
19140.0,1307.6,0.49,0.04,0.49,40.73434,-111.87211,23.8,24.7,871.9,113.34,1.8
19200.0,1307.8,0.40,0.04,0.40,40.73434,-111.87211,23.8,25.4,871.9,123.70,1.6
19260.0,1307.8,0.30,0.04,0.30,40.73434,-111.87211,23.8,25.1,871.9,118.08,1.6
19320.0,1307.9,0.54,0.04,0.54,40.73434,-111.87211,23.8,25.3,871.8,115.12,1.3
19380.0,1308.0,1.14,0.05,1.14,40.73434,-111.87211,23.8,25.2,871.8,116.03,1.9
19440.0,1308.0,1.20,0.04,1.20,40.73434,-111.87212,23.7,25.3,871.8,119.75,2.1
19500.0,1308.0,1.91,0.05,1.91,40.73434,-111.87211,23.7,25.3,871.8,116.13,1.5
19560.0,1307.9,2.17,0.05,2.17,40.73434,-111.87211,23.7,24.7,871.8,118.21,2.1
19620.0,1308.0,1.79,0.05,1.79,40.73434,-111.87211,23.7,25.4,871.8,120.93,1.6
19680.0,1307.9,1.90,0.04,1.90,40.73434,-111.87211,23.7,25.0,871.8,113.32,1.6
19740.0,1308.0,2.22,0.04,2.22,40.73434,-111.87211,23.7,25.3,871.8,121.08,2.0
19800.0,1308.2,2.66,0.05,2.66,40.73434,-111.87211,23.7,24.8,871.8,129.47,2.5
19860.0,1308.5,3.00,0.05,3.00,40.73434,-111.87211,23.6,25.4,871.8,134.66,3.7
19920.0,1308.6,2.55,0.04,2.55,40.73434,-111.87211,23.6,25.7,871.8,135.46,3.1
19980.0,1308.4,2.29,0.05,2.29,40.73434,-111.87211,23.5,26.0,871.8,138.20,2.6
20040.0,1308.5,2.32,0.05,2.32,40.73434,-111.87211,23.5,26.5,871.8,140.57,2.7
20100.0,1309.0,2.50,0.05,2.50,40.73434,-111.87211,23.4,26.9,871.8,141.81,2.8
20160.0,1308.9,2.51,0.04,2.51,40.73434,-111.87211,23.3,26.2,871.8,138.05,2.6
20220.0,1308.8,2.78,0.04,2.78,40.73434,-111.87211,23.2,26.7,871.8,137.66,3.0
20280.0,1308.9,2.43,0.04,2.43,40.73434,-111.87211,23.2,26.1,871.8,127.98,2.8
20340.0,1308.8,2.46,0.04,2.46,40.73434,-111.87211,23.2,25.6,871.8,129.97,3.0
20400.0,1308.7,2.28,0.04,2.28,40.73434,-111.87211,23.2,26.2,871.8,141.93,2.7
20460.0,1308.6,1.83,0.04,1.83,40.73434,-111.87211,23.2,26.1,871.8,147.75,2.5
20520.0,1308.7,2.10,0.04,2.10,40.73434,-111.87211,23.2,26.3,871.8,143.54,2.6
20580.0,1308.7,2.06,0.05,2.06,40.73434,-111.87211,23.2,26.1,871.8,149.44,2.8
20640.0,1308.7,2.48,0.04,2.48,40.73434,-111.87211,23.2,25.5,871.8,146.47,3.0
20700.0,1308.7,2.86,0.04,2.86,40.73434,-111.87210,23.3,25.1,871.8,162.32,2.8
20760.0,1308.6,2.89,0.04,2.89,40.73434,-111.87210,23.3,25.3,871.8,147.82,3.1
20820.0,1308.4,2.83,0.04,2.83,40.73434,-111.87211,23.3,25.8,871.8,153.12,2.7
20880.0,1308.4,1.80,0.04,1.80,40.73434,-111.87211,23.3,25.7,871.8,158.51,2.1
20940.0,1308.4,1.98,0.04,1.98,40.73434,-111.87211,23.4,24.9,871.8,171.01,2.3
21000.0,1308.3,2.54,0.05,2.54,40.73434,-111.87211,23.5,24.9,871.9,167.18,2.7
21060.0,1308.4,2.67,0.05,2.67,40.73434,-111.87211,23.5,25.0,871.9,178.45,2.1
21120.0,1308.3,2.80,0.05,2.80,40.73434,-111.87211,23.6,25.1,871.9,170.36,2.3
21180.0,1308.2,2.57,0.04,2.57,40.73434,-111.87211,23.7,24.8,871.9,172.36,2.2
21240.0,1308.2,2.75,0.04,2.75,40.73434,-111.87211,23.7,25.3,871.9,150.08,1.4
21300.0,1308.1,2.40,0.04,2.40,40.73434,-111.87211,23.7,25.3,871.9,145.40,1.3
21360.0,1307.9,2.53,0.04,2.53,40.73434,-111.87211,23.6,25.5,871.9,146.03,1.4
21420.0,1307.8,2.54,0.04,2.54,40.73434,-111.87210,23.6,25.4,871.9,126.18,1.4
21480.0,1307.7,2.75,0.04,2.75,40.73434,-111.87210,23.6,25.4,872.0,115.90,1.4
21540.0,1307.6,2.69,0.04,2.69,40.73434,-111.87210,23.5,24.6,872.0,122.98,2.5
21600.0,1307.5,3.14,0.04,3.14,40.73434,-111.87210,23.6,24.7,872.0,141.44,2.1
21660.0,1307.4,3.41,0.04,3.41,40.73434,-111.87211,23.5,25.0,872.0,139.64,2.2
21720.0,1307.4,2.56,0.04,2.56,40.73434,-111.87211,23.5,24.9,872.1,134.61,3.0
21780.0,1307.4,1.97,0.04,1.97,40.73434,-111.87211,23.5,25.2,872.1,135.58,2.3
21840.0,1307.4,2.08,0.04,2.08,40.73434,-111.87211,23.5,24.7,872.1,139.60,2.2
21900.0,1307.3,2.26,0.04,2.26,40.73434,-111.87211,23.5,24.7,872.1,145.20,2.2
21960.0,1307.3,2.55,0.04,2.55,40.73434,-111.87211,23.5,24.8,872.1,158.39,1.7
22020.0,1307.3,2.71,0.04,2.71,40.73434,-111.87211,23.5,25.3,872.2,152.89,1.3
22080.0,1307.4,2.99,0.04,2.99,40.73434,-111.87211,23.5,25.0,872.1,161.82,1.1
22140.0,1307.3,2.63,0.04,2.63,40.73434,-111.87211,23.5,24.7,872.1,139.50,1.4
22200.0,1307.2,2.61,0.04,2.61,40.73434,-111.87211,23.5,24.7,872.1,133.62,1.1
22260.0,1307.1,2.48,0.04,2.48,40.73434,-111.87211,23.5,24.5,872.2,123.88,0.6
22320.0,1307.2,2.57,0.04,2.57,40.73434,-111.87211,23.6,25.0,872.2,139.95,1.1
22380.0,1307.3,2.45,0.04,2.45,40.73434,-111.87211,23.6,25.1,872.2,158.20,1.4
22440.0,1307.4,2.56,0.05,2.56,40.73434,-111.87211,23.5,25.9,872.2,141.90,1.3
22500.0,1307.3,2.90,0.04,2.90,40.73434,-111.87211,23.5,25.9,872.2,127.10,1.0
22560.0,1307.5,3.08,0.05,3.08,40.73434,-111.87211,23.4,25.6,872.2,125.22,1.1
22620.0,1307.5,2.88,0.04,2.88,40.73434,-111.87211,23.3,25.7,872.2,120.61,1.0
22680.0,1307.7,3.17,0.04,3.17,40.73434,-111.87211,23.3,25.9,872.2,132.45,1.1
22740.0,1307.7,3.15,0.05,3.15,40.73434,-111.87211,23.2,26.0,872.2,122.80,1.0
22800.0,1307.8,3.23,0.05,3.23,40.73434,-111.87211,23.1,26.4,872.2,130.30,0.9
22860.0,1307.9,3.40,0.04,3.40,40.73434,-111.87211,23.1,26.4,872.2,124.37,0.6
22920.0,1307.9,3.25,0.05,3.25,40.73434,-111.87211,23.0,26.8,872.3,122.31,0.9
22980.0,1307.9,3.16,0.05,3.16,40.73434,-111.87210,22.8,27.6,872.3,119.95,1.4
23040.0,1307.7,2.81,0.05,2.81,40.73434,-111.87210,22.8,28.0,872.3,129.61,1.3
23100.0,1307.7,2.91,0.05,2.91,40.73434,-111.87210,22.6,28.3,872.3,144.26,2.3
23160.0,1307.8,2.39,0.05,2.39,40.73434,-111.87210,22.5,29.3,872.3,144.67,2.5
23220.0,1307.8,2.16,0.05,2.16,40.73434,-111.87210,22.3,29.1,872.3,134.31,2.3
23280.0,1307.7,2.17,0.05,2.17,40.73434,-111.87210,22.2,29.0,872.3,127.67,2.0
23340.0,1307.8,2.10,0.05,2.10,40.73434,-111.87210,22.1,28.8,872.3,119.51,1.9
23400.0,1308.1,2.14,0.05,2.14,40.73434,-111.87210,22.0,28.9,872.2,122.20,1.6
23460.0,1308.0,2.68,0.05,2.68,40.73434,-111.87210,22.0,28.8,872.2,110.02,1.3
23520.0,1308.1,2.65,0.05,2.65,40.73434,-111.87210,22.0,29.0,872.2,91.33,0.7
23580.0,1308.0,2.53,0.05,2.53,40.73434,-111.87210,21.9,29.3,872.2,114.40,0.8
23640.0,1308.0,2.09,0.04,2.09,40.73434,-111.87210,21.8,29.0,872.2,119.73,1.7
23700.0,1307.6,1.94,0.04,1.94,40.73434,-111.87211,21.8,29.1,872.2,121.31,2.1
23760.0,1307.4,2.33,0.05,2.33,40.73434,-111.87211,21.7,29.3,872.2,121.96,1.9
23820.0,1307.2,2.96,0.04,2.96,40.73434,-111.87211,21.7,29.6,872.2,130.86,1.5
23880.0,1307.1,3.51,0.05,3.51,40.73434,-111.87211,21.6,29.8,872.2,115.29,1.3
23940.0,1307.3,2.91,0.05,2.91,40.73434,-111.87211,21.6,29.6,872.2,116.10,1.0
24000.0,1307.4,3.09,0.05,3.09,40.73434,-111.87211,21.6,29.4,872.2,128.06,0.9
24060.0,1307.6,2.54,0.05,2.54,40.73434,-111.87211,21.6,30.2,872.2,146.56,1.6
24120.0,1307.6,2.27,0.04,2.27,40.73434,-111.87211,21.6,30.3,872.3,160.56,1.5
24180.0,1307.8,1.72,0.04,1.72,40.73434,-111.87211,21.7,29.1,872.3,160.59,1.4
24240.0,1307.9,1.85,0.04,1.85,40.73434,-111.87211,21.7,30.1,872.3,123.88,0.8
24300.0,1308.3,1.74,0.05,1.74,40.73434,-111.87211,21.7,29.9,872.3,107.83,0.5
24360.0,1308.6,1.84,0.04,1.84,40.73433,-111.87211,21.6,29.6,872.3,84.80,0.4
24420.0,1308.6,1.97,0.04,1.97,40.73433,-111.87211,21.6,29.2,872.3,99.27,0.4
24480.0,1308.2,2.35,0.04,2.35,40.73434,-111.87211,21.6,29.5,872.3,116.95,0.7
24540.0,1308.4,2.44,0.04,2.44,40.73433,-111.87211,21.5,29.5,872.3,113.57,0.7
24600.0,1308.7,2.17,0.04,2.17,40.73433,-111.87211,21.5,29.6,872.4,113.33,0.5
24660.0,1309.1,2.27,0.04,2.27,40.73433,-111.87211,21.6,29.9,872.3,117.49,0.6
24720.0,1309.2,2.40,0.04,2.40,40.73433,-111.87211,21.5,30.2,872.3,111.27,0.5
24780.0,1309.1,2.27,0.04,2.27,40.73433,-111.87211,21.5,30.1,872.4,108.17,0.6
24840.0,1309.3,2.04,0.05,2.04,40.73433,-111.87211,21.4,30.3,872.4,124.11,1.0
24900.0,1309.5,2.34,0.04,2.34,40.73434,-111.87211,21.4,30.0,872.4,126.42,0.8
24960.0,1309.4,2.16,0.04,2.16,40.73434,-111.87211,21.3,30.7,872.4,115.42,0.6
25020.0,1309.4,1.99,0.04,1.99,40.73434,-111.87211,21.4,31.7,872.4,120.89,0.6
25080.0,1309.4,1.71,0.04,1.71,40.73434,-111.87211,21.3,31.3,872.4,88.37,0.5
