CampaignData_and_Merges/R0/CSL_MobileLab_Parked/raw/20240729/USOS-Picarro-CO2-CH4-CO-H2O_MobileLabGround_20240729_R0.ict
38, 1001
Ilana Pollack, Nell Schafer, and Jeff Peischl
NOAA Chemical Sciences Laboratory
Picarro 2401-m CO2/CH4/CO/H2O Analyzer
USOS
1, 1
2024, 07, 29, 2024, 11, 20
0
StartTime_UTC, seconds_past_midnight, seconds past midnight
5
1, 1, 1, 1, 1
-9999, -9999, -9999, -9999, -9999
StopTime_UTC, seconds_past_midnight, seconds past midnight
CO2_ppm_1min, ppm, Gas_CO2_InSitu_S_DMF, carbon dioxide mixing ratio
CH4_ppb_1min, ppb, Gas_CH4_InSitu_S_DMF, methane mixing ratio
CO_ppb_1min, ppb, Gas_CO_InSitu_S_DMF, carbon monoxide mixing ratio
H2O_ppmv_1min, ppmv, Met_H2OMRV_InSitu_S_AVMR, water vapor mixing ratio
1
SPECIAL COMMENTS: N/A
18
PI_CONTACT_INFO: Address: NOAA Chemical Sciences Laboratory, Mail Stop CSL7, 325 Broadway, Boulder, CO 80305; Email: Ilana.Pollack@noaa.gov
PLATFORM: NOAA CSL Mobile Laboratory
LOCATION: The mobile lab was stationed in Salt Lake City, Utah.
ASSOCIATED_DATA: N/A
INSTRUMENT_INFO: CO2, CH4, and CO are reported as dry air mole fractions using a commercial wavelength-scanned cavity ring-down analyzer (Picarro 2401-m). An in-field calibration gas standard of 432±0.07 ppm CO2, 2095±1 ppb CH4, and 183±1 ppb CO, calibrated in the Boulder laboratories before and after the field project using primary CO2, CH4, and CO standard tanks tied to the WMO standard (X2019, X2004A, and X2014A, respectively) from the Global Monitoring Laboratory (GML), was delivered to the inlet every 2-3 days to evaluate instrument sensitivity. A H2O measurement was calibrated before the project with a Dew Point Mirror 373 hygrometer. The water correction calculated from these calibrations was applied to the H2O measurement for the entire campaign. Species are measured at 0.5 Hz and reported as 1-minute averages for stationary measurements.
DATA_INFO: Units: CO2, ppm, dry air mole fraction; CH4, ppb, dry air mole fraction; CO, ppb, dry air mole fraction; H2O, ppmv
UNCERTAINTY: CO2: ±(0.1 ppm + 1%), CH4: ±(1 ppb + 1%), CO: ±(4 ppb + 1%), and H2O: ±(50 ppm + 4%)
ULOD_FLAG: -7777
ULOD_VALUE: N/A
LLOD_FLAG: -8888
LLOD_VALUE: N/A
DM_CONTACT_INFO: Data Manager: Nathan Howard; nathan.h.howard@noaa.gov
PROJECT_INFO: USOS Dates of Study: July – August 2024
STIPULATIONS_ON_USE: Use of these data require prior ok from PI.
OTHER_COMMENTS: Data are averaged to 1 minute intervals. Stationary data collected from a 10 ft tower on top of the mobile van.
REVISION: R0
R0: Final Data
StartTime_UTC, StopTime_UTC, CO2_ppm_1min, CH4_ppb_1min, CO_ppb_1min, H2O_ppmv_1min
[from data line 762]
45720,45780,460.15,1993.4,286.1,6768.2402
45780,45840,457.74,1992.7,250.6,6750.4775
45840,45900,454.97,1994.7,228.1,6662.0313
45900,45960,448.31,1991.8,210.2,6603.4819
45960,46020,453.08,2006.9,332.7,6722.9966
46020,46080,455.72,1996.2,342.4,6563.8452
46080,46140,451.46,1992.5,285.1,6634.7495
46140,46200,447.55,1987.3,254.6,6557.3789
46200,46260,448.88,1988.7,261.8,6603.4121
46260,46320,450.44,1988.4,267.9,6599.5874
46320,46380,449.85,1988.9,241.4,6633.8696
46380,46440,445.29,1985.8,223.7,6548.2720
46440,46500,444.71,1983.9,221.1,6546.9604
46500,46560,440.97,1981.8,208.0,6299.5298
46560,46620,441.26,1982.1,209.4,6349.4512
46620,46680,443.15,1984.5,218.7,6472.8022
46680,46740,445.20,1988.5,223.8,6811.2983
46740,46800,446.42,1991.2,228.7,7046.8369
46800,46860,446.30,1989.9,226.0,6958.6362
46860,46920,444.41,1985.4,214.2,6666.3252
46920,46980,445.31,1988.4,216.4,6836.3438
46980,47040,440.51,1983.7,200.8,6487.6724
47040,47100,446.61,1997.2,211.7,7177.8003
47100,47160,446.21,1992.1,229.0,7246.6577
47160,47220,447.36,1992.9,235.1,7092.8311
47220,47280,448.76,1992.2,246.6,7133.8394
47280,47340,450.59,1991.4,243.1,7190.6631
47340,47400,448.84,1985.0,232.8,6685.6216
47400,47460,449.29,1989.3,248.5,6821.7168
47460,47520,450.08,1992.4,266.6,6871.8833
47520,47580,456.16,1996.7,310.4,6989.6533
47580,47640,451.91,1991.9,288.6,6886.2188
47640,47700,446.61,1989.1,256.8,6980.5884
47700,47760,444.82,1987.4,238.9,7047.5601
47760,47820,444.34,1986.0,237.3,7031.6875
47820,47880,449.32,1988.7,260.1,7005.3457
47880,47940,449.18,1994.8,248.2,6914.4692
47940,48000,450.88,1995.6,250.5,7090.9253
48000,48060,451.21,1993.9,270.0,7139.9111
48060,48120,451.06,1998.3,252.5,7373.3301
48120,48180,457.26,1994.2,249.9,7233.7979
48180,48240,447.23,1992.4,237.7,7069.1411
48240,48300,447.35,1994.9,249.4,7116.9019
48300,48360,446.30,1995.9,257.0,7122.4102
48360,48420,445.03,1991.9,266.9,7159.3101
48420,48480,444.14,1989.5,266.9,7309.0845
48480,48540,443.56,1988.7,249.2,7306.6182
48540,48600,441.63,1987.0,224.7,7349.5210
48600,48660,440.28,1984.1,224.0,7212.1660
48660,48720,441.67,1985.1,229.3,7307.8350
48720,48780,439.10,1982.1,215.4,7104.3174
48780,48840,441.79,1981.5,227.6,7072.7197
48840,48900,441.63,1984.3,224.2,7400.7026
48900,48960,442.55,1984.1,226.5,7423.5830
48960,49020,441.04,1981.6,220.1,7540.2134
49020,49080,438.61,1980.0,210.0,7196.1782
49080,49140,439.27,1979.8,214.4,7049.7119
49140,49200,449.56,1981.5,304.4,7116.3027
49200,49260,445.52,1981.5,285.4,7171.3511
49260,49320,453.94,1984.0,256.0,7269.5444
49320,49380,458.43,1984.7,333.7,7225.2783
49380,49440,445.98,1982.3,306.9,7286.1533
49440,49500,446.19,1981.8,363.5,7203.0938
49500,49560,440.83,1985.6,298.4,7431.7935
49560,49620,444.55,1989.8,290.2,7803.3716
49620,49680,447.03,1991.9,259.1,7843.3193
49680,49740,445.73,1990.9,272.1,7967.5449
49740,49800,453.04,1988.9,337.0,7812.1597
49800,49860,449.05,1986.8,303.5,7837.6011
49860,49920,450.69,1987.7,323.2,7971.1338
49920,49980,447.99,1985.5,300.7,7932.1982
49980,50040,452.13,1985.1,286.4,7856.2915
50040,50100,444.25,1984.1,270.3,7869.2856
50100,50160,443.92,1981.2,277.8,7587.9336
50160,50220,441.14,1979.0,260.4,7548.7520
50220,50280,441.24,1983.7,275.8,8105.8740
50280,50340,442.23,1983.6,278.8,7578.0435
50340,50400,450.04,1983.5,342.2,7594.2803
50400,50460,441.31,1983.1,294.4,7460.2446
50460,50520,441.54,1987.7,309.3,8186.0215
50520,50580,438.32,1984.1,278.5,7833.5610
50580,50640,437.70,1979.7,271.6,7394.7056
50640,50700,438.86,1979.5,254.7,7624.8223
50700,50760,437.93,1979.8,256.3,7679.2515
50760,50820,437.83,1980.3,259.2,8028.0015
50820,50880,438.73,1980.7,261.8,7939.1201
50880,50940,438.61,1981.8,273.4,8047.6348
50940,51000,436.42,1980.8,253.9,7572.8530
51000,51060,437.07,1990.6,262.0,8508.3389
51060,51120,436.76,1992.6,274.6,8649.2334
51120,51180,436.64,1994.0,286.7,8938.8564
51180,51240,436.79,1992.8,297.3,9321.8486
51240,51300,438.35,1988.3,273.0,8589.3252
51300,51360,438.30,1990.6,282.7,8888.9668
51360,51420,437.34,1990.9,283.5,8805.5225
51420,51480,437.63,1989.9,274.1,8480.2754
51480,51540,438.19,1987.6,264.8,8352.3105
51540,51600,436.19,1985.5,253.8,8421.9326
51600,51660,436.58,1984.0,254.2,8449.2764
51660,51720,437.31,1984.1,255.4,8681.7305
51720,51780,438.81,1983.0,253.6,9005.0967
51780,51840,438.02,1981.7,259.1,8644.0459
51840,51900,435.62,1982.9,253.3,9133.2656
51900,51960,433.94,1981.4,243.9,9129.5615
51960,52020,432.77,1981.0,232.9,8939.3232
52020,52080,431.32,1980.3,226.8,9042.3760
52080,52140,430.78,1981.5,226.2,9052.0459
52140,52200,431.61,1996.5,231.5,9606.4219
52200,52260,430.88,1996.2,229.7,9760.6953
52260,52320,429.70,1982.6,217.2,9063.5303
52320,52380,429.77,1983.5,217.4,9195.6445
52380,52440,429.58,1983.8,213.4,9077.0156
52440,52500,429.81,1989.4,220.2,9977.1494
52500,52560,427.84,1987.5,219.4,10212.1182
52560,52620,427.95,1988.8,222.0,10138.5527
52620,52680,432.23,1992.2,250.6,10735.2100
52680,52740,429.93,1995.0,338.5,11125.1006
52740,52800,433.91,1992.3,268.8,10212.8740
52800,52860,435.56,1990.8,269.9,9394.1973
52860,52920,437.25,1990.8,291.3,9488.0342
52920,52980,434.39,1990.5,267.6,9808.9375
52980,53040,432.11,1988.7,241.1,9581.4355
53040,53100,432.03,1991.3,250.5,10464.5645
53100,53160,432.74,1996.7,254.3,10613.5029
53160,53220,433.06,2001.7,254.5,10441.4336
53220,53280,433.65,2001.5,255.2,10087.5381
53280,53340,434.30,2002.1,261.3,10341.4326
53340,53400,436.20,2000.5,268.0,9990.9844
53400,53460,437.38,1999.2,281.9,9852.4785
53460,53520,436.57,2002.3,283.6,10401.1172
53520,53580,440.26,2005.7,293.6,10296.2217
53580,53640,443.83,2011.3,304.9,10205.8496
53640,53700,445.05,2015.0,311.6,10415.5713
53700,53760,450.69,2031.3,325.4,9544.5420
53760,53820,452.01,2035.2,330.6,9497.0830
53820,53880,452.43,2037.0,338.5,9646.9561
53880,53940,452.09,2037.1,338.8,9926.0977
53940,54000,451.70,2035.2,341.0,10013.7646
54000,54060,452.02,2035.9,345.3,10312.5762
54060,54120,451.91,2035.4,350.1,10445.7852
54120,54180,451.20,2035.0,345.4,10593.0205
54180,54240,452.67,2034.2,369.0,10606.6240
54240,54300,453.74,2033.8,397.6,10577.4678
54300,54360,452.07,2038.7,366.1,11086.7314
54360,54420,452.10,2039.8,357.1,10491.2510
54420,54480,451.40,2039.9,356.4,10599.2842
54480,54540,452.83,2039.8,370.1,10711.2656
54540,54600,451.39,2039.6,369.6,11720.5488
54600,54660,454.92,2039.3,386.2,11624.6777
54660,54720,454.80,2039.3,388.4,11894.2393
54720,54780,455.91,2037.8,385.8,11473.0928
54780,54840,452.50,2038.2,373.7,11709.5547
54840,54900,451.06,2035.2,359.4,10921.5693
54900,54960,448.50,2032.3,366.8,10619.9844
54960,55020,446.93,2023.4,334.9,9891.5889
55020,55080,443.48,2013.7,294.8,9311.6709
55080,55140,443.39,2014.7,294.4,9675.0508
55140,55200,442.55,2011.5,288.2,9686.2910
55200,55260,440.07,2001.7,263.1,8528.9209
55260,55320,440.01,2003.0,261.6,8608.5293
55320,55380,439.73,2007.0,279.1,9479.1465
55380,55440,439.68,2000.7,280.9,8576.9092
55440,55500,439.39,1997.9,252.7,8090.9580
55500,55560,440.08,2000.0,261.9,8329.1855
55560,55620,439.19,2001.4,256.4,8420.8564
55620,55680,439.11,2000.7,254.5,8449.3428
55680,55740,439.15,2000.4,255.6,8607.0381
55740,55800,438.24,1999.7,260.1,9115.5859
55800,55860,437.73,1995.6,245.8,8537.5068
55860,55920,438.35,1998.5,269.1,9247.3789
55920,55980,437.79,1994.0,285.5,8488.1084
55980,56040,437.45,1996.2,270.1,8208.9268
56040,56100,437.04,1994.6,270.7,8380.7383
56100,56160,437.36,1994.8,265.3,8314.7334
56160,56220,437.51,1993.2,246.4,7722.7593
56220,56280,435.85,1991.3,241.1,8353.5889
56280,56340,435.06,1982.8,233.1,7649.9146
56340,56400,435.70,1985.3,234.0,8093.6274
56400,56460,436.21,1988.1,235.0,7852.2437
56460,56520,435.38,1987.8,224.5,7645.4365
56520,56580,434.73,1986.8,224.1,8387.8672
56580,56640,434.69,1987.0,219.1,8361.4570
56640,56700,433.20,1986.6,221.2,9073.3467
56700,56760,433.61,1984.3,218.3,8336.5830
56760,56820,434.42,1980.7,213.5,7318.6450
56820,56880,434.80,1981.0,214.9,7507.9531
56880,56940,433.54,1982.2,217.7,8363.7236
56940,57000,434.69,1978.7,221.7,7320.3389
57000,57060,434.87,1976.8,215.4,6718.5630
57060,57120,434.18,1977.0,227.0,7487.4209
57120,57180,435.81,1976.7,235.5,7366.0552
57180,57240,435.32,1976.1,225.2,7024.9302
57240,57300,436.80,1976.7,243.8,7008.2290
57300,57360,435.82,1976.7,239.4,7387.2510
57360,57420,436.83,1976.7,245.8,7177.3657
57420,57480,437.15,1977.2,248.6,7855.1270
57480,57540,435.19,1975.2,222.6,7345.9546
57540,57600,435.24,1973.7,217.3,6891.7759
57600,57660,436.65,1974.7,229.1,7088.9072
57660,57720,434.56,1971.5,213.9,6688.0449
57720,57780,434.18,1970.9,210.9,6729.0552
57780,57840,428.72,1959.8,170.9,5519.3169
57840,57900,428.92,1960.3,174.1,5706.7183
57900,57960,429.47,1963.2,180.2,6102.4546
57960,58020,427.68,1957.7,163.4,5583.9292
58020,58080,428.15,1958.5,169.6,5873.9639
58080,58140,426.77,1955.5,154.8,5392.9126
58140,58200,426.57,1953.7,148.8,5091.5396
58200,58260,426.41,1954.0,150.2,5246.2935
58260,58320,427.17,1954.1,150.2,5273.2334
58320,58380,425.95,1951.5,134.0,5062.1021
58380,58440,431.69,1953.7,167.4,5863.5278
58440,58500,426.07,1951.2,134.2,5104.1855
58500,58560,426.33,1950.5,141.5,5039.2036
58560,58620,424.93,1947.8,115.7,4465.9033
58620,58680,424.98,1947.6,114.8,4455.0835
58680,58740,425.27,1948.1,120.1,4556.9380
58740,58800,425.37,1948.4,122.0,4748.7178
58800,58860,425.63,1948.1,119.8,4703.5469
58860,58920,425.94,1948.3,123.4,4620.5415
58920,58980,425.84,1948.3,119.9,4780.0112
58980,59040,426.49,1948.2,120.7,4861.6982
59040,59100,425.27,1947.7,116.7,4656.6543
59100,59160,425.00,1947.4,112.8,4595.8101
59160,59220,425.24,1947.6,114.2,4654.2798
59220,59280,424.83,1947.5,111.6,4738.9951
59280,59340,424.80,1947.9,114.5,4889.3901
59340,59400,425.49,1947.8,120.7,4639.2544
59400,59460,425.03,1947.0,111.5,4410.6387
59460,59520,424.96,1947.2,108.7,4494.9375
59520,59580,425.06,1947.5,114.7,4637.8442
59580,59640,425.40,1948.0,117.7,4842.1738
59640,59700,425.19,1948.0,117.9,5020.3257
59700,59760,425.07,1947.4,115.2,4681.8843
59760,59820,425.21,1947.2,115.2,4618.1958
59820,59880,425.86,1948.1,147.1,4627.8921
59880,59940,425.31,1947.9,128.9,4733.8506
59940,60000,426.85,1947.2,129.4,4963.4067
60000,60060,426.47,1948.4,137.1,5120.8696
60060,60120,425.51,1948.3,119.3,4743.6558
60120,60180,425.79,1948.8,121.5,4761.1450
60180,60240,425.01,1948.6,119.1,4732.7598
60240,60300,426.65,1950.6,149.0,4834.2119
60300,60360,427.73,1951.2,161.1,4748.9160
60360,60420,426.17,1950.7,136.9,4802.2603
60420,60480,425.99,1949.5,126.0,4525.6714
60480,60540,426.74,1950.9,142.2,4799.4321
60540,60600,425.51,1950.1,128.2,4855.4028
60600,60660,424.81,1949.6,124.6,4696.0293
60660,60720,424.79,1949.6,122.0,4556.1821
60720,60780,424.87,1949.0,114.5,4292.9399
60780,60840,425.22,1950.1,129.2,4692.0298
60840,60900,424.61,1950.5,119.6,4943.7080
60900,60960,425.20,1950.3,121.4,4708.6606
60960,61020,425.22,1950.1,122.3,4674.7319
61020,61080,425.29,1950.3,125.9,4773.2754
61080,61140,425.70,1950.1,122.3,4731.3252
61140,61200,425.10,1949.7,114.2,4610.6841
61200,61260,425.34,1949.9,116.0,4610.6011
61260,61320,425.45,1950.2,115.9,4767.7202
61320,61380,425.12,1950.0,116.4,4707.9165
61380,61440,425.59,1950.4,117.3,4582.5845
61440,61500,425.37,1950.6,116.9,4519.8169
61500,61560,424.89,1950.3,119.2,4597.1455
61560,61620,425.12,1950.3,122.2,4595.8003
61620,61680,424.92,1950.1,120.3,4533.4355
61680,61740,425.62,1950.2,120.9,4555.7109
61740,61800,425.04,1950.2,118.3,4481.6021
61800,61860,425.33,1950.8,121.7,4679.5449
61860,61920,425.64,1950.4,123.7,4591.1982
61920,61980,426.53,1951.9,132.9,4964.0562
61980,62040,426.09,1951.1,128.2,4701.0815
62040,62100,425.50,1950.9,123.1,4599.7217
62100,62160,426.38,1951.8,127.0,4810.5527
62160,62220,426.58,1952.2,125.3,5015.1860
62220,62280,425.72,1951.4,119.7,4564.7290
62280,62340,425.49,1951.6,118.0,4629.2900
62340,62400,425.44,1951.3,122.7,4558.7183
62400,62460,425.79,1950.9,127.7,4587.0591
62460,62520,425.79,1951.4,128.4,4783.5220
62520,62580,425.53,1951.1,123.0,4685.9780
62580,62640,424.72,1952.0,118.3,4448.3540
62640,62700,425.10,1951.8,117.8,4521.4736
62700,62760,426.33,1952.1,137.2,4652.8560
62760,62820,426.13,1952.6,123.3,4704.5015
62820,62880,427.87,1953.6,137.2,4941.8438
62880,62940,429.15,1954.1,150.2,5492.3359
62940,63000,426.37,1953.3,132.1,4690.1094
63000,63060,424.94,1953.3,122.3,4680.2974
63060,63120,425.14,1953.5,129.6,4729.2061
63120,63180,424.72,1953.7,124.1,4602.3794
63180,63240,424.86,1954.7,123.4,4541.9067
63240,63300,424.95,1953.4,127.1,4675.3862
63300,63360,424.89,1954.4,125.0,4854.3374
63360,63420,424.63,1955.0,129.0,5095.9331
63420,63480,424.95,1955.6,127.8,5035.6694
63480,63540,424.96,1956.3,126.6,4860.8828
63540,63600,424.95,1955.8,122.2,4683.6719
63600,63660,426.02,1956.7,134.7,5213.2979
63660,63720,425.81,1957.4,136.3,5128.4575
63720,63780,425.11,1956.4,125.2,4785.1431
63780,63840,424.91,1956.1,124.8,4862.8760
63840,63900,425.40,1956.1,128.1,4849.7798
63900,63960,428.10,1956.7,138.7,5344.6826
63960,64020,426.19,1957.0,134.2,5243.9268
64020,64080,427.39,1956.6,139.4,5024.4092
64080,64140,426.62,1956.6,130.5,4834.5991
64140,64200,428.04,1957.8,149.2,5232.6060
64200,64260,424.86,1957.5,125.0,4971.2510
64260,64320,425.59,1957.5,127.2,4889.3101
64320,64380,425.29,1957.6,128.1,5139.7939
64380,64440,424.86,1957.3,124.3,5091.1406
64440,64500,425.01,1956.2,124.5,4850.6729
64500,64560,425.20,1955.7,128.9,4916.7832
64560,64620,424.82,1955.9,128.6,5051.4756
64620,64680,425.32,1956.4,134.7,5169.8198
64680,64740,425.62,1957.1,140.8,5244.1538
64740,64800,426.32,1957.7,146.0,5421.0571
64800,64860,425.20,1958.0,134.7,5004.4077
64860,64920,424.80,1957.4,131.7,5025.8589
64920,64980,426.95,1958.5,155.1,5538.8208
64980,65040,425.44,1957.9,140.5,5203.0649
65040,65100,425.30,1957.8,140.8,5236.2773
65100,65160,425.64,1958.4,144.7,5190.6787
65160,65220,425.78,1958.3,143.9,5101.9985
65220,65280,426.82,1958.6,148.6,5368.8237
65280,65340,424.81,1957.9,138.5,5267.5298
65340,65400,425.25,1957.9,136.6,5230.7954
65400,65460,426.24,1958.8,144.3,5617.3442
65460,65520,424.80,1958.4,136.7,5407.5479
65520,65580,424.77,1958.2,137.8,5371.0298
65580,65640,425.13,1959.3,143.7,5698.8589
65640,65700,425.26,1961.4,141.2,5488.1802
65700,65760,425.00,1960.4,136.7,5403.9722
65760,65820,424.84,1960.7,134.7,5136.7676
65820,65880,424.79,1959.6,129.4,5039.9854
65880,65940,424.69,1959.1,131.5,5074.7935
65940,66000,424.50,1958.9,125.4,4958.4238
66000,66060,424.65,1958.7,126.4,5100.7866
66060,66120,424.62,1958.4,126.6,5078.2627
66120,66180,424.75,1957.8,126.3,4934.4614
66180,66240,425.33,1958.4,133.4,5051.0239
66240,66300,426.05,1958.9,143.0,5196.3428
66300,66360,426.97,1959.6,149.9,5224.5630
66360,66420,425.26,1959.1,139.0,5117.8208
66420,66480,425.61,1959.2,141.2,5181.5767
66480,66540,424.96,1958.7,133.0,5113.6348
66540,66600,425.05,1958.6,133.0,4894.7979
66600,66660,425.22,1959.2,134.4,5071.5117
66660,66720,424.34,1959.1,132.6,5215.5000
66720,66780,424.62,1959.2,131.6,5107.0762
66780,66840,425.63,1958.8,137.3,5060.1021
66840,66900,425.98,1959.6,135.3,4971.6289
66900,66960,427.27,1959.5,145.4,5152.5215
66960,67020,425.30,1959.4,136.9,5238.3169
67020,67080,425.15,1959.2,140.2,5171.8979
67080,67140,424.70,1959.1,133.4,5043.7290
67140,67200,425.04,1959.7,136.5,5063.9326
67200,67260,425.96,1960.5,149.3,5433.7744
67260,67320,425.79,1960.1,147.8,5171.4580
67320,67380,424.33,1959.4,138.9,4910.6113
67380,67440,425.07,1959.7,142.5,5109.2344
67440,67500,426.49,1960.6,159.3,5503.5630
67500,67560,424.59,1960.0,142.5,5270.1182
67560,67620,424.54,1960.2,140.7,5106.7461
67620,67680,424.34,1960.5,140.0,5106.1157
67680,67740,424.11,1960.4,138.3,5182.0444
67740,67800,424.36,1960.0,136.8,4981.1670
67800,67860,426.52,1960.5,154.6,5442.2817
67860,67920,425.23,1959.7,149.0,4934.6396
67920,67980,425.01,1960.3,143.4,5063.9131
67980,68040,424.66,1960.1,141.7,5196.4819
68040,68100,424.70,1960.1,141.4,5156.7544
68100,68160,425.26,1960.1,142.9,5210.4585
68160,68220,425.23,1960.2,143.9,5306.9917
68220,68280,426.07,1960.0,199.9,5611.1426
68280,68340,425.90,1960.3,158.2,5279.7944
68340,68400,425.64,1961.2,149.1,5435.7480
68400,68460,425.29,1961.2,150.6,5421.0537
