CampaignData_and_Merges/R0/CSL_MobileLab_Parked/raw/20240729/USOS-jNO2_MobileLabGround_20240729_R0.ict
52,1001
Waxman, E.; Rollins, A.; Zuraski, K.; Chace, W.
NOAA Chemical Sciences Laboratory
jNO2 filter radiometer on CSL Mobile Lab
AMMBEC / USOS
1, 1
2024,07,29, 2025,04,01
60
Time_Start, seconds, number_of_seconds_since_0000_UTC
20
1, 1, 1, 1, 1, 1, 1, 1, 1, 1, 1, 1, 1, 1, 1, 1, 1, 1, 1, 1
-9999, -9999, -9999, -9999, -9999, -9999, -9999, -9999, -9999, -9999, -9999, -9999, -9999, -9999, -9999, -9999, -9999, -9999, -9999, -9999
Time_Stop, seconds, number_of_seconds_since_0000_UTC
jNO2_meas, per second, photolysis rate of NO2 measured using a filter radiometer.
jBrCl, per second, photolysis rate of BrCl -> Br + Cl calculated in TUV for cloud-free sky with local AOD
jBr2, per second, photolysis rate of Br2 -> Br + Br calculated in TUV for cloud-free sky with local AOD
jCCl4, per second, photolysis rate of CCl4 -> Products calcualted in TUV for cloud-free sky with local AOD
jCH2Oa, per second, photolysis rate of CH2O -> H + HCO calculated in TUV for cloud-free sky with local AOD
jCH2Ob, per second, photolysis rate of CH2O -> H2 + CO calculated in TUV for cloud-free sky with local AOD
jClNO2, per second, photolysis rate of ClNO2 -> Cl + NO2 calculated in TUV for cloud-free sky with local AOD
jClOa, per second, photolysis rate of ClO -> Cl + O(1D) calculated in TUV for cloud-free sky with local AOD
jClOb, per second, photolysis rate of ClO -> Cl + O(3P) calculated in TUV for cloud-free sky with local AOD
jCl2, per second, photolysis rate of Cl2 -> Cl + Cl calculated in TUV for cloud-free sky with local AOD
jHNO2, per second, photolysis rate of HNO2 -> OH + NO calculated in TUV for cloud-free sky with local AOD
jHNO3, per second, photolysis rate of HNO3 -> OH + NO2 calculated in TUV for cloud-free sky with local AOD
jI2, per second, photolysis rate of I2 -> I + I calculated in TUV for cloud-free sky with local AOD
jNO2, per second, photolysis rate of NO2 -> NO + O(3P) calculated in TUV for cloud-free sky with local AOD
jNO3a, per second, photolysis rate of NO3 -> NO + O2 calculated in TUV for cloud-free sky with local AOD
jNO3b, per second, photolysis rate of NO3 -> NO2 + O(3P) calculated in TUV for cloud-free sky with local AOD
jN2O5, per second, photolysis rate of N2O5 -> NO3 + NO + O(3P) calculated in TUV for cloud-free sky with local AOD
jO3, per second, photolysis rate of O3 -> O2 + O(1D) calculated in TUV for cloud-free sky with local AOD
AOD_500nm, unitless, UTC daily mean AOD at 500 nm from an AERONET station located at 40.178 N, -112.452 E
0
18
PI_CONTACT_INFO: eleanor.waxman@noaa.gov
PLATFORM: CSL Mobile Lab, at ground site
LOCATION: Salt Lake City, UT
ASSOCIATED_DATA:
INSTRUMENT_INFO: jNO2 filter radiometer.  TUV calculations are for mobile van lat/lon/altitude assuming clear sky (cloud AOD = 0) and daily mean AOD.
DATA_INFO:
UNCERTAINTY: Data uncertainties are +/- 20%.  These come from uncertainties in radiometer angular response, radiometer thermal response, local interferences from clouds/aerosols/shadows etc.
ULOD_FLAG: -7777
ULOD_VALUE: N/A
LLOD_FLAG: -8888
LLOD_VALUE: N/A
DM_CONTACT_INFO: eleanor.waxman@noaa.gov
PROJECT_INFO: USOS Project, July - August 2024
STIPULATIONS_ON_USE: Users are strongly encouraged to contact the PI for proper data usage.
OTHER_COMMENTS: 
REVISION: R0
R0: final data
Time_Start, Time_Stop, jNO2_meas, jBrCl, jBr2, jCCl4, jCH2Oa, jCH2Ob, jClNO2, jClOa, jClOb, jCl2, jHNO2, jHNO3, jI2, jNO2, jNO3a, jNO3b, jN2O5, jO3, AOD_500nm
[from data line 1042]
   62520,   62580,0.0082937,0.01002,0.03042,2.218e-23,2.872e-05,4.366e-05,0.0004305,1.004e-23,3.932e-05,0.002127,0.001393,5.027e-07,0.1086,0.008566,0.02096,0.168,3.828e-05,2.568e-05,0.161
   62580,   62640,0.0082742,0.01003,0.03044,2.341e-23,2.878e-05,4.373e-05,0.0004313,1.07e-23,3.952e-05,0.00213,0.001395,5.044e-07,0.1086,0.008576,0.02097,0.1681,3.835e-05,2.58e-05,0.161
   62640,   62700,0.0082644,0.01004,0.03046,2.47e-23,2.885e-05,4.381e-05,0.000432,1.124e-23,3.97e-05,0.002133,0.001396,5.061e-07,0.1087,0.008585,0.02097,0.1682,3.843e-05,2.593e-05,0.161
   62700,   62760,0.0083126,0.01005,0.03048,2.592e-23,2.892e-05,4.389e-05,0.0004328,1.193e-23,3.988e-05,0.002136,0.001398,5.078e-07,0.1087,0.008595,0.02098,0.1682,3.851e-05,2.605e-05,0.161
   62760,   62820,0.0083541,0.01005,0.0305,2.743e-23,2.899e-05,4.396e-05,0.0004335,1.255e-23,4.002e-05,0.002138,0.0014,5.092e-07,0.1088,0.008604,0.02099,0.1683,3.858e-05,2.616e-05,0.161
   62820,   62880,0.0083497,0.01006,0.03051,2.871e-23,2.906e-05,4.404e-05,0.0004342,1.33e-23,4.024e-05,0.002141,0.001401,5.11e-07,0.1088,0.008613,0.021,0.1684,3.865e-05,2.629e-05,0.161
   62880,   62940,0.0083455,0.01007,0.03053,3.028e-23,2.912e-05,4.411e-05,0.0004349,1.395e-23,4.039e-05,0.002144,0.001403,5.126e-07,0.1089,0.008622,0.021,0.1684,3.873e-05,2.64e-05,0.161
   62940,   63000,0.0083348,0.01008,0.03055,3.21e-23,2.919e-05,4.418e-05,0.0004356,1.492e-23,4.059e-05,0.002147,0.001405,5.143e-07,0.1089,0.008631,0.02101,0.1685,3.88e-05,2.654e-05,0.161
   63000,   63060,0.0083322,0.01009,0.03058,3.566e-23,2.929e-05,4.43e-05,0.0004367,1.644e-23,4.079e-05,0.002151,0.001407,5.164e-07,0.109,0.008646,0.02102,0.1686,3.891e-05,2.667e-05,0.161
   63060,   63120,0.0083572,0.0101,0.0306,3.774e-23,2.936e-05,4.437e-05,0.0004374,1.743e-23,4.096e-05,0.002154,0.001409,5.18e-07,0.109,0.008655,0.02103,0.1687,3.899e-05,2.679e-05,0.161
   63120,   63180,0.0084027,0.01011,0.03061,3.98e-23,2.942e-05,4.444e-05,0.0004381,1.841e-23,4.112e-05,0.002157,0.00141,5.195e-07,0.1091,0.008663,0.02104,0.1687,3.905e-05,2.69e-05,0.161
   63180,   63240,0.0084046,0.01011,0.03063,4.22e-23,2.948e-05,4.451e-05,0.0004388,1.955e-23,4.129e-05,0.00216,0.001412,5.211e-07,0.1091,0.008672,0.02104,0.1688,3.913e-05,2.701e-05,0.161
   63240,   63300,0.0084114,0.01012,0.03065,4.451e-23,2.955e-05,4.458e-05,0.0004395,2.068e-23,4.146e-05,0.002162,0.001413,5.227e-07,0.1092,0.00868,0.02105,0.1689,3.92e-05,2.713e-05,0.161
   63300,   63360,0.0083878,0.01013,0.03066,4.701e-23,2.961e-05,4.464e-05,0.0004401,2.186e-23,4.162e-05,0.002165,0.001415,5.241e-07,0.1092,0.008688,0.02106,0.1689,3.926e-05,2.724e-05,0.161
   63360,   63420,0.0083945,0.01014,0.03068,4.968e-23,2.967e-05,4.471e-05,0.0004408,2.314e-23,4.179e-05,0.002168,0.001416,5.257e-07,0.1092,0.008697,0.02106,0.169,3.933e-05,2.735e-05,0.161
   63420,   63480,0.0083745,0.01014,0.0307,5.253e-23,2.973e-05,4.478e-05,0.0004415,2.45e-23,4.195e-05,0.00217,0.001418,5.272e-07,0.1093,0.008705,0.02107,0.169,3.94e-05,2.746e-05,0.161
   63480,   63540,0.0083506,0.01015,0.03071,5.537e-23,2.979e-05,4.485e-05,0.0004421,2.586e-23,4.211e-05,0.002173,0.001419,5.286e-07,0.1093,0.008713,0.02107,0.1691,3.947e-05,2.757e-05,0.161
   63540,   63600,0.008398,0.01016,0.03073,5.855e-23,2.985e-05,4.491e-05,0.0004428,2.74e-23,4.227e-05,0.002175,0.001421,5.301e-07,0.1094,0.008721,0.02108,0.1691,3.953e-05,2.768e-05,0.161
   63600,   63660,0.0084334,0.01017,0.03074,6.182e-23,2.991e-05,4.498e-05,0.0004434,2.896e-23,4.243e-05,0.002178,0.001422,5.316e-07,0.1094,0.00873,0.02109,0.1692,3.96e-05,2.779e-05,0.161
   63660,   63720,0.0084357,0.01017,0.03076,6.509e-23,2.997e-05,4.504e-05,0.000444,3.054e-23,4.258e-05,0.00218,0.001424,5.33e-07,0.1094,0.008737,0.02109,0.1693,3.966e-05,2.789e-05,0.161
   63720,   63780,0.0084032,0.01018,0.03077,6.87e-23,3.003e-05,4.511e-05,0.0004447,3.227e-23,4.274e-05,0.002183,0.001425,5.345e-07,0.1095,0.008745,0.0211,0.1693,3.973e-05,2.8e-05,0.161
   63780,   63840,0.0084044,0.01019,0.03079,7.256e-23,3.009e-05,4.517e-05,0.0004453,3.411e-23,4.29e-05,0.002185,0.001426,5.359e-07,0.1095,0.008753,0.0211,0.1694,3.979e-05,2.811e-05,0.161
   63840,   63900,0.0084253,0.01019,0.0308,7.64e-23,3.014e-05,4.523e-05,0.0004459,3.594e-23,4.305e-05,0.002187,0.001428,5.373e-07,0.1096,0.00876,0.02111,0.1694,3.986e-05,2.821e-05,0.161
   63900,   63960,0.0084221,0.0102,0.03082,8.058e-23,3.02e-05,4.529e-05,0.0004465,3.798e-23,4.321e-05,0.00219,0.001429,5.387e-07,0.1096,0.008768,0.02111,0.1695,3.992e-05,2.832e-05,0.161
   63960,   64020,0.008413,0.0102,0.03083,8.487e-23,3.026e-05,4.536e-05,0.0004471,4.007e-23,4.336e-05,0.002192,0.00143,5.401e-07,0.1096,0.008775,0.02112,0.1695,3.998e-05,2.843e-05,0.161
   64020,   64080,0.0084345,0.01021,0.03084,8.911e-23,3.031e-05,4.542e-05,0.0004477,4.209e-23,4.351e-05,0.002194,0.001432,5.414e-07,0.1097,0.008782,0.02112,0.1696,4.004e-05,2.853e-05,0.161
   64080,   64140,0.008465,0.01022,0.03086,9.393e-23,3.037e-05,4.548e-05,0.0004483,4.442e-23,4.366e-05,0.002197,0.001433,5.428e-07,0.1097,0.00879,0.02113,0.1696,4.01e-05,2.863e-05,0.161
   64140,   64200,0.0084776,0.01022,0.03087,9.898e-23,3.042e-05,4.554e-05,0.0004489,4.69e-23,4.381e-05,0.002199,0.001434,5.442e-07,0.1097,0.008797,0.02113,0.1697,4.017e-05,2.873e-05,0.161
   64200,   64260,0.0084711,0.01023,0.03089,1.039e-22,3.048e-05,4.559e-05,0.0004494,4.922e-23,4.395e-05,0.002201,0.001436,5.455e-07,0.1098,0.008804,0.02114,0.1697,4.022e-05,2.883e-05,0.161
   64260,   64320,0.0084806,0.01024,0.0309,1.093e-22,3.053e-05,4.565e-05,0.00045,5.186e-23,4.41e-05,0.002203,0.001437,5.469e-07,0.1098,0.008811,0.02114,0.1698,4.028e-05,2.893e-05,0.161
   64320,   64380,0.0084768,0.01024,0.03091,1.15e-22,3.058e-05,4.571e-05,0.0004506,5.458e-23,4.425e-05,0.002206,0.001438,5.482e-07,0.1098,0.008818,0.02115,0.1698,4.034e-05,2.903e-05,0.161
   64380,   64440,0.0084549,0.01025,0.03092,1.206e-22,3.063e-05,4.577e-05,0.0004511,5.729e-23,4.439e-05,0.002208,0.001439,5.494e-07,0.1099,0.008825,0.02115,0.1698,4.04e-05,2.913e-05,0.161
   64440,   64500,0.0084628,0.01025,0.03094,1.267e-22,3.069e-05,4.582e-05,0.0004517,6.028e-23,4.453e-05,0.00221,0.001441,5.508e-07,0.1099,0.008831,0.02116,0.1699,4.046e-05,2.923e-05,0.161
   64500,   64560,0.0084942,0.01026,0.03095,1.332e-22,3.074e-05,4.588e-05,0.0004522,6.339e-23,4.468e-05,0.002212,0.001442,5.521e-07,0.1099,0.008838,0.02116,0.1699,4.051e-05,2.933e-05,0.161
   64560,   64620,0.0085599,0.01026,0.03096,1.395e-22,3.079e-05,4.593e-05,0.0004527,6.644e-23,4.481e-05,0.002214,0.001443,5.533e-07,0.11,0.008844,0.02117,0.17,4.057e-05,2.942e-05,0.161
   64620,   64680,0.0085563,0.01027,0.03097,1.464e-22,3.084e-05,4.599e-05,0.0004533,6.98e-23,4.495e-05,0.002216,0.001444,5.546e-07,0.11,0.008851,0.02117,0.17,4.062e-05,2.952e-05,0.161
   64680,   64740,0.0085623,0.01028,0.03099,1.536e-22,3.089e-05,4.604e-05,0.0004538,7.329e-23,4.509e-05,0.002218,0.001445,5.558e-07,0.11,0.008858,0.02118,0.1701,4.068e-05,2.961e-05,0.161
   64740,   64800,0.0085344,0.01028,0.031,1.606e-22,3.094e-05,4.609e-05,0.0004543,7.671e-23,4.522e-05,0.00222,0.001446,5.57e-07,0.11,0.008864,0.02118,0.1701,4.073e-05,2.97e-05,0.161
   64800,   64860,0.0085238,0.01029,0.03101,1.684e-22,3.099e-05,4.614e-05,0.0004548,8.048e-23,4.536e-05,0.002222,0.001447,5.582e-07,0.1101,0.00887,0.02118,0.1701,4.078e-05,2.98e-05,0.161
   64860,   64920,0.0085355,0.01029,0.03102,1.765e-22,3.104e-05,4.62e-05,0.0004553,8.439e-23,4.55e-05,0.002224,0.001449,5.595e-07,0.1101,0.008876,0.02119,0.1702,4.084e-05,2.989e-05,0.161
   64920,   64980,0.0085447,0.0103,0.03103,1.844e-22,3.108e-05,4.625e-05,0.0004558,8.821e-23,4.563e-05,0.002226,0.00145,5.606e-07,0.1101,0.008882,0.02119,0.1702,4.089e-05,2.998e-05,0.161
   64980,   65040,0.0085589,0.0103,0.03104,1.93e-22,3.113e-05,4.63e-05,0.0004563,9.239e-23,4.576e-05,0.002228,0.001451,5.618e-07,0.1102,0.008888,0.0212,0.1703,4.094e-05,3.007e-05,0.161
   65040,   65100,0.0085945,0.01031,0.03105,2.019e-22,3.118e-05,4.635e-05,0.0004568,9.674e-23,4.589e-05,0.00223,0.001452,5.63e-07,0.1102,0.008894,0.0212,0.1703,4.099e-05,3.016e-05,0.161
   65100,   65160,0.0085939,0.01031,0.03106,2.106e-22,3.122e-05,4.64e-05,0.0004573,1.01e-22,4.602e-05,0.002232,0.001453,5.641e-07,0.1102,0.0089,0.0212,0.1703,4.104e-05,3.024e-05,0.161
   65160,   65220,0.0085986,0.01032,0.03108,2.202e-22,3.127e-05,4.644e-05,0.0004578,1.056e-22,4.615e-05,0.002234,0.001454,5.653e-07,0.1102,0.008906,0.02121,0.1704,4.109e-05,3.033e-05,0.161
   65220,   65280,0.0085998,0.01032,0.03109,2.301e-22,3.131e-05,4.649e-05,0.0004582,1.104e-22,4.627e-05,0.002235,0.001455,5.664e-07,0.1103,0.008911,0.02121,0.1704,4.114e-05,3.042e-05,0.161
   65280,   65340,0.0086135,0.01033,0.0311,2.397e-22,3.135e-05,4.654e-05,0.0004587,1.151e-22,4.639e-05,0.002237,0.001456,5.675e-07,0.1103,0.008917,0.02122,0.1704,4.119e-05,3.05e-05,0.161
   65340,   65400,0.0086354,0.01033,0.03111,2.501e-22,3.14e-05,4.659e-05,0.0004591,1.202e-22,4.652e-05,0.002239,0.001457,5.686e-07,0.1103,0.008922,0.02122,0.1705,4.124e-05,3.059e-05,0.161
   65400,   65460,0.0086523,0.01034,0.03112,2.609e-22,3.144e-05,4.663e-05,0.0004596,1.254e-22,4.664e-05,0.002241,0.001458,5.697e-07,0.1103,0.008928,0.02122,0.1705,4.129e-05,3.067e-05,0.161
   65460,   65520,0.0086306,0.01034,0.03113,2.714e-22,3.148e-05,4.668e-05,0.00046,1.306e-22,4.676e-05,0.002242,0.001459,5.708e-07,0.1104,0.008933,0.02123,0.1705,4.133e-05,3.075e-05,0.161
   65520,   65580,0.0086618,0.01034,0.03114,2.829e-22,3.153e-05,4.672e-05,0.0004605,1.361e-22,4.688e-05,0.002244,0.00146,5.719e-07,0.1104,0.008938,0.02123,0.1706,4.138e-05,3.084e-05,0.161
   65580,   65640,0.0086414,0.01035,0.03115,2.947e-22,3.157e-05,4.677e-05,0.0004609,1.419e-22,4.7e-05,0.002246,0.001461,5.729e-07,0.1104,0.008944,0.02123,0.1706,4.142e-05,3.092e-05,0.161
   65640,   65700,0.0086638,0.01035,0.03115,3.061e-22,3.161e-05,4.681e-05,0.0004613,1.475e-22,4.711e-05,0.002247,0.001462,5.739e-07,0.1104,0.008949,0.02124,0.1706,4.147e-05,3.1e-05,0.161
   65700,   65760,0.0086645,0.01036,0.03116,3.185e-22,3.165e-05,4.685e-05,0.0004618,1.535e-22,4.723e-05,0.002249,0.001463,5.75e-07,0.1105,0.008954,0.02124,0.1707,4.151e-05,3.108e-05,0.161
   65760,   65820,0.008672,0.01036,0.03117,3.313e-22,3.169e-05,4.69e-05,0.0004622,1.597e-22,4.735e-05,0.002251,0.001463,5.76e-07,0.1105,0.008959,0.02124,0.1707,4.156e-05,3.116e-05,0.161
   65820,   65880,0.0086753,0.01037,0.03118,3.436e-22,3.173e-05,4.694e-05,0.0004626,1.657e-22,4.745e-05,0.002252,0.001464,5.77e-07,0.1105,0.008963,0.02125,0.1707,4.16e-05,3.123e-05,0.161
   65880,   65940,0.0086826,0.01037,0.03119,3.571e-22,3.177e-05,4.698e-05,0.000463,1.723e-22,4.757e-05,0.002254,0.001465,5.78e-07,0.1105,0.008968,0.02125,0.1708,4.164e-05,3.131e-05,0.161
   65940,   66000,0.0086639,0.01037,0.0312,3.708e-22,3.18e-05,4.702e-05,0.0004634,1.79e-22,4.768e-05,0.002255,0.001466,5.79e-07,0.1105,0.008973,0.02125,0.1708,4.168e-05,3.138e-05,0.161
   66000,   66060,0.0086388,0.01038,0.03121,3.84e-22,3.184e-05,4.706e-05,0.0004638,1.854e-22,4.778e-05,0.002257,0.001467,5.799e-07,0.1106,0.008978,0.02125,0.1708,4.172e-05,3.146e-05,0.161
   66060,   66120,0.0086474,0.01038,0.03122,3.983e-22,3.188e-05,4.71e-05,0.0004642,1.924e-22,4.789e-05,0.002258,0.001468,5.808e-07,0.1106,0.008982,0.02126,0.1709,4.176e-05,3.153e-05,0.161
   66120,   66180,0.0087052,0.01039,0.03122,4.13e-22,3.192e-05,4.714e-05,0.0004645,1.996e-22,4.8e-05,0.00226,0.001469,5.818e-07,0.1106,0.008987,0.02126,0.1709,4.18e-05,3.16e-05,0.161
   66180,   66240,0.0087267,0.01039,0.03123,4.271e-22,3.195e-05,4.717e-05,0.0004649,2.065e-22,4.81e-05,0.002261,0.001469,5.827e-07,0.1106,0.008991,0.02126,0.1709,4.184e-05,3.167e-05,0.161
   66240,   66300,0.0087336,0.01039,0.03124,4.424e-22,3.199e-05,4.721e-05,0.0004653,2.14e-22,4.82e-05,0.002262,0.00147,5.836e-07,0.1106,0.008996,0.02127,0.1709,4.188e-05,3.174e-05,0.161
   66300,   66360,0.0087263,0.0104,0.03125,4.58e-22,3.202e-05,4.725e-05,0.0004656,2.216e-22,4.831e-05,0.002264,0.001471,5.845e-07,0.1107,0.009,0.02127,0.171,4.192e-05,3.181e-05,0.161
   66360,   66420,0.00874,0.0104,0.03125,4.729e-22,3.205e-05,4.728e-05,0.000466,2.289e-22,4.84e-05,0.002265,0.001472,5.854e-07,0.1107,0.009004,0.02127,0.171,4.196e-05,3.188e-05,0.161
   66420,   66480,0.0087412,0.0104,0.03126,4.89e-22,3.209e-05,4.732e-05,0.0004663,2.368e-22,4.85e-05,0.002267,0.001472,5.863e-07,0.1107,0.009008,0.02127,0.171,4.199e-05,3.195e-05,0.161
   66480,   66540,0.008762,0.01041,0.03127,5.055e-22,3.212e-05,4.736e-05,0.0004667,2.448e-22,4.86e-05,0.002268,0.001473,5.871e-07,0.1107,0.009012,0.02128,0.171,4.203e-05,3.202e-05,0.161
   66540,   66600,0.0088488,0.01041,0.03128,5.212e-22,3.215e-05,4.739e-05,0.000467,2.525e-22,4.869e-05,0.002269,0.001474,5.879e-07,0.1107,0.009016,0.02128,0.1711,4.207e-05,3.208e-05,0.161
   66600,   66660,0.008898,0.01041,0.03128,5.382e-22,3.219e-05,4.742e-05,0.0004674,2.608e-22,4.879e-05,0.00227,0.001475,5.888e-07,0.1107,0.00902,0.02128,0.1711,4.21e-05,3.215e-05,0.161
   66660,   66720,0.0088281,0.01042,0.03129,5.552e-22,3.222e-05,4.746e-05,0.0004677,2.692e-22,4.888e-05,0.002272,0.001475,5.896e-07,0.1108,0.009024,0.02128,0.1711,4.214e-05,3.221e-05,0.161
   66720,   66780,0.0087824,0.01042,0.0313,5.717e-22,3.225e-05,4.749e-05,0.000468,2.772e-22,4.897e-05,0.002273,0.001476,5.904e-07,0.1108,0.009028,0.02129,0.1711,4.217e-05,3.227e-05,0.161
   66780,   66840,0.008757,0.01042,0.0313,5.893e-22,3.228e-05,4.752e-05,0.0004683,2.859e-22,4.906e-05,0.002274,0.001477,5.912e-07,0.1108,0.009032,0.02129,0.1711,4.22e-05,3.233e-05,0.161
   66840,   66900,0.0087813,0.01043,0.03131,6.072e-22,3.231e-05,4.755e-05,0.0004686,2.946e-22,4.915e-05,0.002275,0.001477,5.92e-07,0.1108,0.009035,0.02129,0.1712,4.224e-05,3.24e-05,0.161
   66900,   66960,0.0087851,0.01043,0.03132,6.242e-22,3.234e-05,4.758e-05,0.0004689,3.029e-22,4.923e-05,0.002276,0.001478,5.927e-07,0.1108,0.009039,0.02129,0.1712,4.227e-05,3.245e-05,0.161
   66960,   67020,0.0088137,0.01043,0.03132,6.425e-22,3.237e-05,4.762e-05,0.0004692,3.119e-22,4.932e-05,0.002278,0.001479,5.935e-07,0.1108,0.009042,0.02129,0.1712,4.23e-05,3.251e-05,0.161
   67020,   67080,0.0087566,0.01043,0.03133,6.608e-22,3.24e-05,4.765e-05,0.0004695,3.209e-22,4.941e-05,0.002279,0.001479,5.942e-07,0.1109,0.009046,0.0213,0.1712,4.233e-05,3.257e-05,0.161
   67080,   67140,0.0087156,0.01044,0.03133,6.783e-22,3.243e-05,4.767e-05,0.0004698,3.294e-22,4.948e-05,0.00228,0.00148,5.949e-07,0.1109,0.009049,0.0213,0.1712,4.236e-05,3.263e-05,0.161
   67140,   67200,0.0086669,0.01044,0.03134,6.97e-22,3.245e-05,4.77e-05,0.0004701,3.386e-22,4.957e-05,0.002281,0.00148,5.956e-07,0.1109,0.009053,0.0213,0.1713,4.239e-05,3.268e-05,0.161
   67200,   67260,0.0086971,0.01044,0.03135,7.159e-22,3.248e-05,4.773e-05,0.0004704,3.479e-22,4.965e-05,0.002282,0.001481,5.963e-07,0.1109,0.009056,0.0213,0.1713,4.242e-05,3.274e-05,0.161
   67260,   67320,0.0087948,0.01045,0.03135,7.337e-22,3.251e-05,4.776e-05,0.0004706,3.566e-22,4.972e-05,0.002283,0.001482,5.97e-07,0.1109,0.009059,0.0213,0.1713,4.245e-05,3.279e-05,0.161
   67320,   67380,0.0087871,0.01045,0.03136,7.528e-22,3.253e-05,4.779e-05,0.0004709,3.66e-22,4.98e-05,0.002284,0.001482,5.977e-07,0.1109,0.009062,0.02131,0.1713,4.248e-05,3.284e-05,0.161
   67380,   67440,0.0087834,0.01045,0.03136,7.718e-22,3.256e-05,4.781e-05,0.0004712,3.753e-22,4.988e-05,0.002285,0.001483,5.983e-07,0.1109,0.009065,0.02131,0.1713,4.251e-05,3.289e-05,0.161
   67440,   67500,0.0088199,0.01045,0.03137,7.899e-22,3.258e-05,4.784e-05,0.0004714,3.842e-22,4.995e-05,0.002286,0.001483,5.99e-07,0.1109,0.009068,0.02131,0.1714,4.253e-05,3.294e-05,0.161
   67500,   67560,0.0088338,0.01046,0.03137,8.091e-22,3.261e-05,4.786e-05,0.0004717,3.936e-22,5.002e-05,0.002287,0.001484,5.996e-07,0.111,0.009071,0.02131,0.1714,4.256e-05,3.299e-05,0.161
   67560,   67620,0.0088142,0.01046,0.03138,8.284e-22,3.263e-05,4.789e-05,0.0004719,4.03e-22,5.009e-05,0.002288,0.001484,6.002e-07,0.111,0.009074,0.02131,0.1714,4.259e-05,3.304e-05,0.161
