CampaignData_and_Merges/R0/CSL_MobileLab_Parked/raw/20240729/USOS-NOAAIodideCIMS-HNO2_MobileLabGround_20240729_RA.ict
33, 1001
Michael A Robinson, Chris Jernigan, Subi Thakali
NOAA ESRL Chemical Sciences Laboratory and CIRES, U. of Colorado
NOAA Iodide CIMS Instrument
USOS
1, 1
2024, 07, 29, 2024, 07, 30
1
starttime_UTC, seconds_past_midnight, seconds_of_day_since_00:00:00_UTC
1
1
-9999
HNO2_NOAACIMS, pptv, Gas_HNO2_InSitu_S_AVMR, 
0
18
PI_CONTACT_INFO: 325 Broadway, R/CSD 7, Boulder, Colorado 80305; michael.a.robinson@noaa.gov; chris.jernigan@noaa.gov;
PLATFORM: NOAA CSL Mobile Lab
LOCATION: SLC, Utah
ASSOCIATED_DATA: 1Hz data also available on request.
INSTRUMENT_INFO: NOAA I- ToF CIMS
DATA_INFO: All data in parts per trillion by volume (pptv). 1 Hz data is available upon request.
UNCERTAINTY: TBD
ULOD_FLAG: -7777
ULOD_VALUE: N/A
LLOD_FLAG: -8888
LLOD_VALUE: N/A
DM_CONTACT_INFO: Nathan Howard; nathan.h.howard@noaa.gov
PROJECT_INFO: USOS, summer 2024. https://csl.noaa.gov/groups/csl7/measurements/2024usos/
STIPULATIONS_ON_USE: Users are strongly encouraged to contact the PI for proper data usage.
OTHER_COMMENTS: 
REVISION: RA
RA: Preliminary Data; For in-field use only
starttime_UTC, HNO2_NOAACIMS
[from data line 1044]
 62640, 10.092
 62700, 14.519
 62760, 18.521
 62820, 14.820
 62880, 26.119
 62940, 23.336
 63000, 15.364
 63060, 14.076
 63120, -9999.000
 63180,  9.585
 63240, 12.300
 63300, 12.842
 63360, 11.530
 63420, 16.147
 63480, 15.965
 63540,  7.016
 63600, 14.683
 63660, 19.972
 63720, 13.767
 63780, 10.979
 63840, 12.997
 63900, 19.329
 63960, 23.064
 64020, 18.836
 64080, 16.827
 64140, 19.044
 64200, 11.206
 64260, 13.779
 64320, 17.173
 64380, 15.126
 64440, 10.527
 64500, 16.224
 64560, 14.452
 64620, 16.183
 64680, 19.255
 64740, 19.047
 64800, 14.619
 64860, 13.293
 64920, 16.757
 64980, -9999.000
 65040, 11.127
 65100, 17.119
 65160, 18.753
 65220, 20.412
 65280, 15.953
 65340, 17.204
 65400, 18.846
 65460, 17.396
 65520, 19.392
 65580, 18.655
 65640, 20.669
 65700, 20.024
 65760, 15.360
 65820, 14.223
 65880, 11.142
 65940, 12.633
 66000, 11.199
 66060, 12.165
 66120, 13.435
 66180, 12.791
 66240, 19.085
 66300, 20.551
 66360, 16.337
 66420, 16.924
 66480, 15.250
 66540, 11.887
 66600, 14.826
 66660, 13.930
 66720, 13.695
 66780, 13.770
 66840, 12.102
 66900, 19.412
 66960, 15.876
 67020, 17.113
 67080, 12.081
 67140, 12.528
 67200, 14.353
 67260, 15.900
 67320, 13.910
 67380, 15.163
 67440, 16.957
 67500, 19.701
 67560, 10.311
 67620, 11.893
 67680, 12.806
 67740, 11.618
 67800, 14.756
 67860, 18.279
 67920, 11.953
 67980, 12.785
 68040,  8.159
 68100, 12.670
 68160, 17.492
 68220, 14.786
 68280, 20.417
 68340, 15.597
 68400, 13.956
 68460, 15.126
 68520, 23.157
 68580, 22.669
 68640, -9999.000
 68700, 12.039
 68760, 12.324
 68820, 13.407
 68880, 11.433
 68940, 25.409
 69000, 20.134
 69060, 13.027
 69120, 11.956
 69180,  7.979
 69240, 13.119
 69300, 18.755
 69360, 12.488
 69420,  9.137
 69480, 11.909
 69540, 14.869
 69600, 28.448
 69660, 20.069
 69720, 10.966
 69780,  8.235
 69840, 13.582
 69900, 16.541
 69960, 15.715
 70020, 14.668
 70080,  7.482
 70140,  9.999
 70200, 10.821
 70260, 14.259
 70320, 13.356
 70380,  9.623
 70440,  7.168
 70500, -9999.000
 70560, 12.097
 70620, 14.412
 70680, 15.306
 70740, 14.979
 70800, 16.128
 70860, 16.150
 70920, 12.351
 70980, 10.431
 71040,  7.310
 71100, 13.546
 71160, 20.559
 71220, 14.617
 71280, 18.915
 71340, 13.795
 71400, 19.822
 71460, 15.266
 71520, 14.715
 71580, 21.427
 71640, 19.329
 71700, 14.791
 71760, 18.302
 71820, 21.191
 71880, 16.609
 71940, 12.957
 72000, 13.694
 72060, 17.866
 72120, 21.140
 72180, 13.630
 72240, 21.647
 72300, 17.567
 72360, -9999.000
 72420, 24.087
 72480, 26.183
 72540, 26.915
 72600, 23.282
 72660, 21.387
 72720, 25.041
 72780, 16.780
 72840, 16.637
 72900, 21.540
 72960, 19.186
 73020, 19.257
 73080, 17.349
 73140, 13.587
 73200, 15.391
 73260, 23.626
 73320, 18.419
 73380, 16.283
 73440, 19.074
 73500, 14.286
 73560, 18.085
 73620, 27.460
 73680, 11.738
 73740, 20.186
 73800, 17.259
 73860, 25.656
 73920, 16.614
 73980, 22.105
 74040, 20.751
 74100, 20.697
 74160, 34.707
 74220, 16.336
 74280, 23.030
 74340,  5.140
 74400, 14.618
 74460, 16.214
 74520, 23.163
 74580, 13.673
 74640, 16.373
 74700,  8.189
 74760, 12.374
 74820, 17.863
 74880, 17.154
 74940, 12.903
 75000, 18.363
 75060,  9.759
 75120, 11.047
 75180, 12.159
 75240, 12.065
 75300, 11.153
 75360, 25.675
 75420, 23.240
 75480, 13.646
 75540, 14.234
 75600, 14.165
 75660, 10.267
 75720,  8.343
 75780, 15.447
 75840,  7.393
 75900, 14.761
 75960,  5.476
 76020, 15.207
 76080,  4.589
 76140,  8.355
 76200, 15.104
 76260, 13.347
 76320, 14.977
 76380,  8.863
 76440, 12.611
 76500, 14.358
 76560, 16.426
 76620, 11.203
 76680, 11.955
 76740, 14.592
 76800, 11.702
 76860, 14.912
 76920, 24.087
 76980, 11.189
 77040, 16.315
 77100, 23.945
 77160, 18.564
 77220, 15.839
 77280,  4.093
 77340,  7.838
 77400, 11.653
 77460, 20.406
 77520,  7.472
 77580, 11.580
 77640, 20.247
 77700, 15.994
 77760, 17.328
 77820,  9.221
 77880, 12.615
 77940, 30.546
 78000, 17.099
 78060,  6.159
 78120, 16.862
 78180, 13.436
 78240, 13.945
 78300,  9.435
 78360, 15.027
 78420, 17.242
 78480, 13.860
 78540, 16.203
 78600, 15.908
 78660, 10.385
 78720, 16.187
 78780, 26.874
 78840, 11.904
 78900, 17.539
 78960, 14.035
 79020, 31.636
 79080, 33.175
 79140, 30.002
 79200, 22.168
 79260, 14.010
 79320, 16.554
 79380, 11.732
 79440, 13.363
 79500, 17.668
 79560, 15.896
 79620, 18.599
 79680, 12.515
 79740, -9999.000
 79800, 13.190
 79860, 11.335
 79920, 11.146
 79980, 14.688
 80040, 16.422
 80100, 20.550
 80160, 23.545
 80220, 12.179
 80280,  8.977
 80340,  8.825
 80400, 10.281
 80460, 14.576
 80520, 12.408
 80580,  9.405
 80640, 32.369
 80700, 16.083
 80760, 19.510
 80820, 15.227
 80880, 15.493
 80940, 24.903
 81000, 20.810
 81060, 19.646
 81120, 23.825
 81180, 25.835
 81240, 17.301
 81300, 24.026
 81360, 17.490
 81420, 21.095
 81480, 19.639
 81540, 10.304
 81600, -9999.000
 81660, 13.591
 81720, 12.796
 81780, 15.095
 81840, 12.886
 81900, 16.096
 81960, 14.277
 82020,  8.478
 82080, 15.886
 82140, 12.327
 82200, 17.406
 82260, 14.322
 82320, 16.532
 82380,  7.802
 82440,  7.353
 82500,  8.184
 82560, 20.623
 82620, 16.403
 82680, 10.827
 82740, 17.100
 82800, 12.638
 82860, 16.747
 82920, 11.891
 82980, 17.764
 83040, 17.764
 83100, 14.368
 83160, 16.525
 83220, 19.523
 83280,  7.215
 83340, 13.803
 83400, 14.327
 83460, -9999.000
 83520, 17.352
 83580, 18.440
 83640, 17.576
 83700,  8.310
 83760,  8.403
 83820,  7.921
 83880, 13.569
 83940,  9.418
 84000, 12.055
 84060,  9.416
 84120, 17.243
 84180, 15.848
 84240,  5.729
 84300, 11.114
 84360, 16.841
 84420, 10.799
 84480, 13.302
 84540, 10.963
 84600, 19.586
 84660, 22.132
 84720, 21.593
 84780, 19.097
 84840, 24.141
 84900, 12.534
 84960,  8.953
 85020, 10.606
 85080, 11.656
 85140, 19.027
 85200, 25.325
 85260, 39.338
 85320, 12.607
 85380, 11.722
 85440, 15.178
 85500,  5.575
 85560, 14.005
 85620, 11.090
 85680, 27.715
 85740, 19.523
 85800, 17.754
 85860, 16.256
 85920, 16.830
 85980,  9.861
 86040, 15.490
 86100, 18.404
 86160, 15.695
 86220, 18.402
 86280, 11.436
 86340, 15.101
