CampaignData_and_Merges/R0/CSL_MobileLab_Parked/raw/20240729/USOS-NOAAIodideCIMS-Halogens_MobileLabGround_20240729_RA.ict
38, 1001
Michael A Robinson, Chris Jernigan, Subi Thakali
NOAA ESRL Chemical Sciences Laboratory and CIRES, U. of Colorado
NOAA Iodide CIMS Instrument
USOS
1, 1
2024, 07, 29, 2024, 07, 30
1
starttime_UTC, seconds_past_midnight, seconds_of_day_since_00:00:00_UTC
6
1, 1, 1, 1, 1, 1
-9999, -9999, -9999, -9999, -9999, -9999
Br2_NOAACIMS, pptv, Gas_Br2_InSitu_S_AVMR, 
BrO_NOAACIMS, pptv, Gas_BrO_InSitu_S_AVMR, 
Cl2_NOAACIMS, pptv, Gas_Cl2_InSitu_S_AVMR, 
ClNO2_NOAACIMS, pptv, Gas_ClNO2_InSitu_S_AVMR, 
BrCl_NOAACIMS, pptv, Gas_BrCl_InSitu_S_AVMR, 
NCl3_NOAACIMS, pptv, Gas_NCl3_InSitu_S_AVMR, 
0
18
PI_CONTACT_INFO: 325 Broadway, R/CSD 7, Boulder, Colorado 80305; michael.a.robinson@noaa.gov; chris.jernigan@noaa.gov;
PLATFORM: NOAA CSL Mobile Lab
LOCATION: SLC, Utah
ASSOCIATED_DATA: 1Hz data also available on request.
INSTRUMENT_INFO: NOAA I- ToF CIMS
DATA_INFO: All data in parts per trillion by volume (pptv). 1 Hz data is available upon request.
UNCERTAINTY: TBD
ULOD_FLAG: -7777
ULOD_VALUE: N/A
LLOD_FLAG: -8888
LLOD_VALUE: N/A
DM_CONTACT_INFO: Nathan Howard; nathan.h.howard@noaa.gov
PROJECT_INFO: USOS, summer 2024. https://csl.noaa.gov/groups/csl7/measurements/2024usos/
STIPULATIONS_ON_USE: Users are strongly encouraged to contact the PI for proper data usage.
OTHER_COMMENTS: 
REVISION: RA
RA: Preliminary Data; For in-field use only
starttime_UTC, Br2_NOAACIMS, BrO_NOAACIMS, Cl2_NOAACIMS, ClNO2_NOAACIMS, BrCl_NOAACIMS, NCl3_NOAACIMS
[from data line 569]
 34140,  0.959,  0.040,  1.172,  0.838,  0.272,  8.274
 34200,  1.019,  0.061,  1.165,  0.666,  0.330,  8.954
 34260,  0.954,  0.032,  1.177,  0.639,  0.260,  9.894
 34320,  0.846,  0.069,  1.193,  0.711,  0.245, 11.404
 34380,  0.940,  0.081,  1.229,  0.766,  0.340, 11.144
 34440,  0.987,  0.010,  1.228,  0.773,  0.328, 10.217
 34500,  0.950,  0.091,  1.156,  0.606,  0.319,  8.889
 34560,  0.892,  0.007,  1.058,  0.702,  0.274,  8.674
 34620,  0.986,  0.023,  1.171,  0.628,  0.343,  7.771
 34680,  0.816,  0.040,  1.250,  0.714,  0.329,  8.900
 34740,  0.934,  0.069,  1.180,  0.581,  0.234,  7.244
 34800,  0.926,  0.062,  1.252,  0.666,  0.280,  9.217
 34860,  1.043,  0.036,  1.300,  0.527,  0.315,  8.028
 34920,  0.811,  0.066,  1.075,  0.557,  0.250,  7.303
 34980,  0.941,  0.122,  1.116,  0.525,  0.306,  6.726
 35040,  0.880,  0.049,  0.927,  0.436,  0.323,  6.062
 35100,  0.890,  0.020,  1.064,  0.470,  0.283,  7.139
 35160,  0.806,  0.012,  0.977,  0.425,  0.344,  6.318
 35220,  0.945,  0.139,  1.070,  0.473,  0.282,  6.384
 35280,  0.855,  0.047,  0.962,  0.345,  0.268,  5.698
 35340,  0.824,  0.078,  0.806,  0.284,  0.313,  5.319
 35400, -9999.000, -9999.000, -9999.000, -9999.000, -9999.000, -9999.000
 35460,  0.908, -0.025,  0.852,  0.298,  0.234,  4.968
 35520,  0.747,  0.019,  0.808,  0.303,  0.301,  5.802
 35580,  0.932,  0.039,  0.844,  0.293,  0.246,  5.472
 35640,  0.820,  0.119,  0.998,  0.309,  0.333,  5.349
 35700,  0.845,  0.130,  0.923,  0.299,  0.248,  5.528
 35760,  0.757,  0.129,  1.094,  0.268,  0.331,  5.092
 35820,  0.750,  0.051,  0.955,  0.280,  0.282,  5.409
 35880,  0.798,  0.117,  1.176,  0.362,  0.294,  6.013
 35940,  0.828,  0.124,  1.078,  0.429,  0.294,  6.600
 36000,  1.026,  0.110,  1.232,  0.441,  0.323,  7.300
 36060,  0.835,  0.140,  1.198,  0.469,  0.311,  7.242
 36120,  0.802,  0.070,  1.150,  0.425,  0.338,  7.837
 36180,  1.041,  0.099,  1.049,  0.453,  0.336,  7.036
 36240,  0.846,  0.141,  1.180,  0.351,  0.307,  6.780
 36300,  0.793,  0.145,  1.158,  0.408,  0.316,  7.606
 36360,  0.875,  0.164,  1.185,  0.526,  0.296,  7.534
 36420,  0.758,  0.117,  1.321,  0.575,  0.239,  8.034
 36480,  0.721,  0.184,  1.277,  0.489,  0.332,  8.552
 36540,  0.769,  0.182,  1.364,  0.502,  0.265,  8.536
 36600,  0.805,  0.156,  1.301,  0.507,  0.305,  8.462
 36660,  0.724,  0.205,  1.179,  0.427,  0.186,  8.115
 36720,  0.906,  0.201,  1.396,  0.465,  0.295,  8.337
 36780,  0.815,  0.069,  1.345,  0.534,  0.255,  8.813
 36840,  0.828,  0.152,  1.161,  0.494,  0.278,  7.144
 36900,  0.729,  0.113,  1.257,  0.407,  0.268,  7.188
 36960,  0.759,  0.277,  1.171,  0.367,  0.306,  6.440
 37020,  0.899,  0.120,  0.915,  0.309,  0.302,  5.588
 37080,  0.754,  0.194,  0.919,  0.345,  0.321,  5.395
 37140,  0.771,  0.125,  0.907,  0.332,  0.280,  4.976
 37200,  0.847,  0.238,  1.015,  0.324,  0.309,  6.322
 37260,  0.415, -0.014,  0.852,  0.354,  0.401,  5.822
 37320,  0.664,  0.176,  0.982,  0.363,  0.318,  5.628
 37380,  0.785,  0.206,  1.040,  0.290,  0.321,  5.128
 37440,  0.873,  0.244,  0.884,  0.329,  0.361,  5.464
 37500,  0.692,  0.294,  1.023,  0.347,  0.237,  6.592
 37560,  0.730,  0.219,  1.077,  0.320,  0.301,  6.425
 37620,  0.755,  0.141,  1.065,  0.296,  0.318,  5.847
 37680,  0.702,  0.215,  1.216,  0.451,  0.291,  5.770
 37740,  0.841,  0.245,  1.155,  0.420,  0.274,  5.941
 37800,  0.705,  0.225,  1.178,  0.464,  0.291,  6.598
 37860,  0.948,  0.160,  1.492,  0.571,  0.261,  8.411
 37920,  0.829,  0.282,  1.230,  0.527,  0.306,  7.173
 37980,  0.810,  0.214,  1.243,  0.480,  0.259,  6.575
 38040,  0.920,  0.190,  1.186,  0.537,  0.304,  6.405
 38100,  1.013,  0.250,  1.325,  0.508,  0.277,  6.820
 38160,  0.885,  0.169,  1.081,  0.414,  0.264,  6.442
 38220,  0.850,  0.212,  1.217,  0.478,  0.244,  6.424
 38280,  0.850,  0.146,  1.147,  0.402,  0.239,  6.299
 38340,  0.843,  0.115,  0.987,  0.332,  0.226,  5.170
 38400,  0.905,  0.182,  1.244,  0.463,  0.285,  6.526
 38460,  0.732,  0.144,  1.155,  0.677,  0.290,  7.375
 38520,  0.898,  0.106,  1.144,  0.515,  0.275,  7.223
 38580,  0.856,  0.185,  1.297,  0.829,  0.247,  8.105
 38640,  0.899,  0.177,  1.319,  0.820,  0.308,  8.597
 38700,  0.941,  0.224,  1.329,  0.912,  0.279,  7.908
 38760,  0.882,  0.210,  1.299,  0.989,  0.217,  9.002
 38820,  0.912,  0.196,  1.327,  0.943,  0.286,  9.349
 38880,  0.835,  0.068,  1.362,  0.843,  0.225,  9.335
 38940,  0.853,  0.142,  1.382,  0.876,  0.224,  9.173
 39000,  0.848,  0.092,  1.164,  0.863,  0.216,  9.361
 39060,  1.092,  0.133,  1.388,  1.122,  0.326,  9.007
 39120,  0.114,  0.114,  1.974,  1.005,  0.076, 10.959
 39180,  1.014,  0.173,  1.233,  0.988,  0.239, 10.526
 39240,  0.930,  0.124,  1.336,  0.832,  0.264,  9.786
 39300,  0.835,  0.152,  1.319,  0.924,  0.242,  9.815
 39360,  0.929,  0.141,  1.313,  0.992,  0.249,  9.948
 39420,  0.927,  0.108,  1.326,  0.946,  0.189, 10.234
 39480,  0.866,  0.185,  1.343,  0.839,  0.296,  9.550
 39540,  0.903,  0.131,  1.253,  0.803,  0.236,  9.935
 39600,  0.790,  0.077,  1.349,  0.917,  0.224,  9.113
 39660,  0.795,  0.134,  1.290,  0.993,  0.211,  9.800
 39720,  0.895,  0.006,  1.296,  1.011,  0.225, 10.138
 39780,  0.767,  0.149,  1.411,  1.079,  0.248,  9.377
 39840,  0.712,  0.058,  1.298,  0.958,  0.222,  9.508
 39900,  0.680,  0.097,  1.435,  0.984,  0.232,  8.750
 39960,  0.659,  0.125,  1.337,  1.011,  0.174,  9.887
 40020,  0.666,  0.031,  1.198,  0.977,  0.233,  9.398
 40080,  0.834, -0.001,  1.391,  1.066,  0.216,  9.496
 40140,  0.862,  0.054,  1.256,  1.062,  0.251,  9.825
 40200,  0.759,  0.027,  1.267,  0.834,  0.251,  9.703
 40260,  0.691,  0.022,  1.355,  0.958,  0.268, 10.315
 40320,  0.664,  0.081,  1.153,  1.106,  0.184,  9.748
 40380,  0.756, -0.054,  1.254,  1.104,  0.234, 10.732
 40440,  0.527,  0.136,  1.305,  0.940,  0.221, 11.027
 40500,  0.607,  0.161,  1.342,  0.958,  0.244,  9.994
 40560,  0.665,  0.037,  1.261,  1.058,  0.214,  9.711
 40620,  0.615,  0.010,  1.393,  1.065,  0.210,  9.786
 40680,  0.661,  0.015,  1.245,  0.994,  0.217,  9.834
 40740,  0.444,  0.043,  1.373,  1.000,  0.240, 10.635
 40800,  0.532, -0.024,  1.319,  0.987,  0.210,  9.999
 40860,  0.718,  0.024,  1.490,  1.018,  0.187, 10.726
 40920,  0.569,  0.166,  1.198,  1.102,  0.203, 10.693
 40980,  0.402, -0.037,  1.191,  1.223,  0.180, 10.376
 41040,  0.531, -0.010,  1.331,  1.000,  0.223, 10.086
 41100,  0.599,  0.007,  1.495,  1.068,  0.275, 10.758
 41160,  0.596, -0.089,  1.321,  1.153,  0.225, 11.776
 41220,  0.536, -0.082,  1.255,  1.068,  0.204, 11.091
 41280,  0.489, -0.044,  1.323,  1.181,  0.218, 11.344
 41340,  0.414, -0.005,  1.526,  1.126,  0.291, 12.338
 41400,  0.712, -0.021,  1.432,  0.944,  0.229, 10.585
 41460,  0.648, -0.003,  1.338,  1.057,  0.201, 11.564
 41520,  0.631,  0.060,  1.331,  0.816,  0.226,  9.043
 41580,  0.709, -0.058,  1.503,  0.953,  0.270,  9.680
 41640,  0.605, -0.051,  1.518,  1.072,  0.218, 12.027
 41700,  0.690, -0.023,  1.417,  1.096,  0.225, 11.568
 41760,  0.729, -0.105,  1.385,  1.086,  0.202, 11.564
 41820,  0.445, -0.086,  1.400,  1.112,  0.256, 10.272
 41880,  0.545,  0.002,  1.508,  1.130,  0.275, 11.183
 41940,  0.432,  0.009,  1.544,  1.246,  0.269, 11.709
 42000,  0.531, -0.101,  1.396,  1.023,  0.259, 10.774
 42060,  0.648, -0.075,  1.469,  1.019,  0.244, 10.784
 42120,  0.636, -0.041,  1.533,  1.001,  0.267, 10.828
 42180,  0.568, -0.058,  1.542,  1.143,  0.243, 10.998
 42240,  0.640,  0.034,  1.579,  1.211,  0.251, 13.100
 42300,  0.645, -0.080,  1.556,  1.125,  0.239, 13.375
 42360,  0.589,  0.021,  1.468,  1.086,  0.255, 11.662
 42420,  0.602, -0.086,  1.396,  1.078,  0.254, 12.030
 42480,  0.657, -0.059,  1.545,  1.100,  0.216, 12.295
 42540,  0.606, -0.053,  1.434,  0.995,  0.262, 10.882
 42600,  0.572, -0.164,  1.430,  0.783,  0.248,  9.040
 42660,  0.682, -0.087,  1.496,  0.975,  0.287, 10.638
 42720,  0.651, -0.111,  1.559,  0.933,  0.340, 10.610
 42780, -9999.000, -9999.000, -9999.000, -9999.000, -9999.000, -9999.000
 42840,  0.758, -0.095,  1.508,  0.986,  0.222, 13.164
 42900,  0.602, -0.056,  1.560,  0.991,  0.321, 11.654
 42960,  0.628, -0.101,  1.683,  1.165,  0.310, 11.753
 43020,  0.546, -0.052,  1.536,  1.073,  0.241, 11.673
 43080,  0.666, -0.055,  1.411,  0.988,  0.246, 10.772
 43140,  0.574, -0.041,  1.470,  0.993,  0.268, 10.890
 43200,  0.682, -0.026,  1.356,  0.719,  0.255,  9.266
 43260,  0.601, -0.036,  1.227,  0.663,  0.252,  8.098
 43320,  0.651, -0.002,  1.344,  0.868,  0.222, 10.722
 43380,  0.616, -0.053,  1.356,  0.789,  0.233,  9.508
 43440,  0.607, -0.017,  1.441,  0.803,  0.231,  9.443
 43500,  0.574, -0.013,  1.316,  0.803,  0.259, 10.008
 43560,  0.596, -0.018,  1.281,  0.777,  0.263,  9.374
 43620,  0.639,  0.016,  1.222,  0.788,  0.258,  8.917
 43680,  0.664,  0.052,  1.324,  0.793,  0.271,  8.486
 43740,  0.501,  0.129,  1.406,  1.033,  0.232,  9.764
 43800,  0.511, -0.006,  1.428,  0.908,  0.209,  8.976
 43860,  0.526,  0.105,  1.285,  0.694,  0.234,  7.882
 43920,  0.664,  0.032,  1.022,  0.452,  0.232,  6.573
 43980,  0.485,  0.049,  0.937,  0.413,  0.218,  6.249
 44040,  0.554,  0.139,  0.929,  0.403,  0.271,  6.208
 44100,  0.553,  0.087,  1.028,  0.473,  0.236,  6.170
 44160,  0.631,  0.181,  1.156,  0.719,  0.184,  8.141
 44220,  0.505,  0.141,  1.439,  0.985,  0.261, 10.199
 44280,  0.448,  0.118,  1.447,  0.974,  0.290,  9.488
 44340,  0.604,  0.189,  1.490,  0.942,  0.199,  9.440
 44400,  0.512,  0.111,  1.483,  1.088,  0.212,  9.192
 44460,  0.473,  0.151,  1.486,  0.867,  0.220,  8.272
 44520,  0.337,  0.159,  1.372,  0.800,  0.215,  8.105
 44580,  0.393,  0.178,  1.093,  0.608,  0.218,  7.585
 44640, -9999.000, -9999.000, -9999.000, -9999.000, -9999.000, -9999.000
 44700,  0.466,  0.159,  1.008,  0.453,  0.239,  5.828
 44760,  0.480,  0.196,  1.144,  0.518,  0.217,  6.278
 44820,  0.374,  0.175,  1.105,  0.578,  0.186,  7.098
 44880,  0.560,  0.117,  0.920,  0.425,  0.245,  5.792
 44940,  0.491,  0.207,  0.984,  0.482,  0.190,  6.391
 45000,  0.390,  0.226,  1.082,  0.581,  0.184,  6.767
 45060,  0.446,  0.144,  1.314,  0.656,  0.168,  8.171
 45120,  0.415,  0.081,  1.220,  0.654,  0.191,  8.253
 45180,  0.556,  0.183,  1.290,  0.555,  0.195,  7.169
 45240,  0.431,  0.059,  1.079,  0.431,  0.236,  6.928
 45300,  0.521,  0.182,  1.230,  0.450,  0.200,  7.011
 45360,  0.427,  0.159,  1.072,  0.507,  0.160,  6.752
 45420,  0.444,  0.173,  1.020,  0.470,  0.236,  6.621
 45480,  0.516,  0.133,  1.068,  0.479,  0.191,  6.634
 45540,  0.437,  0.079,  1.098,  0.443,  0.192,  6.636
 45600,  0.527,  0.087,  1.037,  0.454,  0.156,  5.950
 45660,  0.544,  0.138,  1.082,  0.410,  0.189,  5.685
 45720,  0.478,  0.083,  0.989,  0.474,  0.187,  5.411
 45780,  0.453,  0.076,  0.858,  0.483,  0.137,  5.708
 45840,  0.559,  0.090,  0.921,  0.399,  0.184,  5.557
 45900,  0.361,  0.201,  0.963,  0.398,  0.144,  5.121
 45960,  0.558,  0.050,  1.068,  0.411,  0.162,  4.962
 46020,  0.536,  0.089,  0.923,  0.421,  0.146,  4.567
 46080,  0.722,  0.111,  1.037,  0.428,  0.168,  4.941
 46140,  0.601,  0.149,  0.974,  0.292,  0.121,  4.738
 46200,  0.537,  0.053,  1.030,  0.339,  0.177,  4.648
 46260,  0.624,  0.136,  1.065,  0.365,  0.173,  4.629
 46320,  0.608,  0.093,  1.112,  0.320,  0.153,  4.515
 46380,  0.597,  0.035,  1.009,  0.329,  0.126,  4.685
 46440,  0.503,  0.020,  1.019,  0.372,  0.148,  4.114
 46500, -9999.000, -9999.000, -9999.000, -9999.000, -9999.000, -9999.000
 46560,  0.645,  0.063,  0.930,  0.313,  0.143,  4.106
 46620,  0.639,  0.014,  0.950,  0.310,  0.166,  3.993
 46680,  0.579,  0.063,  0.938,  0.377,  0.145,  4.456
 46740,  0.689,  0.101,  0.910,  0.422,  0.193,  5.068
 46800,  0.475,  0.091,  1.096,  0.519,  0.155,  6.507
 46860,  0.547,  0.043,  1.082,  0.322,  0.143,  3.756
 46920,  0.597,  0.103,  1.306,  0.362,  0.191,  4.115
 46980,  0.553,  0.055,  1.230,  0.280,  0.150,  3.548
 47040,  0.540,  0.011,  1.291,  0.320,  0.131,  3.655
 47100,  0.699,  0.010,  1.355,  0.473,  0.196,  6.402
 47160,  0.603,  0.022,  1.307,  0.404,  0.189,  3.661
 47220,  0.690, -0.053,  1.286,  0.329,  0.178,  3.916
 47280,  0.637,  0.010,  1.300,  0.492,  0.177,  5.310
 47340,  0.513, -0.025,  0.993,  0.275,  0.157,  2.710
 47400,  0.599, -0.036,  0.928,  0.266,  0.121,  2.587
 47460,  0.660, -0.004,  0.866,  0.286,  0.183,  2.843
 47520,  0.538, -0.048,  1.018,  0.293,  0.136,  2.756
 47580,  0.530, -0.002,  0.996,  0.303,  0.143,  2.964
 47640,  0.554,  0.001,  1.066,  0.280,  0.116,  2.754
 47700,  0.651, -0.035,  1.059,  0.346,  0.188,  3.862
 47760,  0.604, -0.012,  1.158,  0.359,  0.181,  3.917
 47820,  0.540, -0.066,  1.009,  0.276,  0.189,  2.932
 47880,  0.494, -0.033,  0.900,  0.237,  0.115,  2.577
 47940,  0.650, -0.148,  1.034,  0.282,  0.131,  2.888
 48000,  0.566,  0.001,  0.993,  0.332,  0.126,  2.448
 48060,  0.609, -0.121,  1.049,  0.280,  0.114,  2.422
 48120,  0.612, -0.068,  1.060,  0.282,  0.140,  2.258
 48180,  0.471, -0.100,  1.152,  0.176,  0.141,  2.651
 48240,  0.581, -0.068,  1.145,  0.255,  0.131,  2.460
 48300,  0.519, -0.009,  0.938,  0.276,  0.120,  2.603
 48360,  0.518, -0.172,  0.972,  0.240,  0.146,  2.669
 48420,  0.630, -0.098,  1.054,  0.233,  0.111,  3.078
 48480,  0.622, -0.109,  0.974,  0.259,  0.103,  3.225
 48540,  0.596, -0.020,  0.919,  0.253,  0.160,  3.295
 48600,  0.558, -0.069,  0.902,  0.253,  0.124,  2.587
 48660,  0.616, -0.078,  0.986,  0.233,  0.157,  3.078
 48720,  0.651, -0.075,  0.877,  0.196,  0.115,  1.860
 48780,  0.634, -0.030,  0.843,  0.167,  0.070,  1.707
 48840,  0.544, -0.010,  0.892,  0.197,  0.078,  1.787
 48900,  0.706, -0.020,  0.932,  0.238,  0.100,  1.668
 48960,  0.586, -0.018,  0.763,  0.226,  0.073,  2.099
 49020,  0.582, -0.030,  0.984,  0.228,  0.093,  1.804
 49080,  0.620,  0.033,  0.861,  0.208,  0.079,  1.548
 49140,  0.611,  0.061,  0.862,  0.193,  0.105,  1.252
 49200,  0.538, -0.027,  0.811,  0.221,  0.073,  1.592
 49260,  0.564, -0.058,  0.697,  0.253,  0.083,  1.285
 49320,  0.589,  0.022,  0.726,  0.182,  0.090,  1.251
 49380,  0.750, -0.050,  0.827,  0.190,  0.062,  1.153
 49440,  0.694, -0.008,  0.931,  0.180,  0.056,  1.171
 49500,  0.670,  0.012,  0.833,  0.302,  0.068,  1.326
 49560,  0.513,  0.028,  0.789,  0.217,  0.020,  1.241
 49620,  0.649,  0.027,  0.864,  0.263,  0.054,  1.158
 49680,  0.492,  0.002,  0.779,  0.253, -0.017,  1.050
 49740,  0.498,  0.077,  0.795,  0.225,  0.056,  0.938
 49800,  0.673,  0.097,  0.840,  0.272,  0.046,  0.940
 49860,  0.719,  0.042,  0.816,  0.266,  0.043,  1.160
 49920,  0.586,  0.033,  0.782,  0.297,  0.022,  1.226
 49980,  0.521,  0.043,  0.792,  0.238,  0.020,  0.950
 50040,  0.583,  0.036,  0.916,  0.241,  0.031,  0.985
 50100,  0.624,  0.051,  0.774,  0.245, -0.018,  0.761
 50160, -9999.000, -9999.000, -9999.000, -9999.000, -9999.000, -9999.000
 50220,  0.794,  0.163,  0.675,  0.227,  0.005,  0.641
 50280,  0.586,  0.133,  0.824,  0.277,  0.021,  0.907
 50340,  0.566,  0.149,  0.751,  0.244,  0.047,  0.644
 50400,  0.635,  0.092,  0.719,  0.202,  0.008,  0.706
 50460,  0.633, -0.009,  0.818,  0.277,  0.085,  1.872
 50520,  0.700,  0.150,  0.908,  0.281,  0.097,  2.789
 50580,  0.636,  0.142,  0.683,  0.241,  0.070,  0.677
 50640,  0.597,  0.174,  0.724,  0.186,  0.095,  0.609
 50700,  0.689,  0.142,  0.769,  0.205,  0.031,  0.473
 50760,  0.497,  0.144,  0.764,  0.221,  0.077,  0.533
 50820,  0.689,  0.116,  0.858,  0.249,  0.098,  1.260
 50880,  0.745,  0.086,  0.872,  0.249,  0.114,  1.173
 50940,  0.647,  0.148,  0.924,  0.236,  0.118,  0.644
 51000,  0.564,  0.167,  0.830,  0.185,  0.126,  0.628
 51060,  0.474,  0.053,  0.878,  0.340,  0.137,  0.649
 51120,  0.664,  0.134,  1.056,  0.294,  0.079,  0.522
 51180,  0.567,  0.081,  1.090,  0.362,  0.089,  0.745
 51240,  0.559,  0.128,  0.918,  0.297,  0.123,  1.997
 51300,  0.448,  0.182,  0.945,  0.316,  0.122,  1.365
 51360,  0.455,  0.143,  0.907,  0.360,  0.160,  0.978
 51420,  0.534,  0.240,  0.809,  0.259,  0.174,  0.477
