CampaignData_and_Merges/R0/CSL_MobileLab_Parked/raw/20240729/USOS-POPS_MobileLabGround_20240729_R0.ict
78, 1001
Thornberry, T. D.
NOAA Chemical Sciences Laboratory
Portable Optical Particle Spectrometer (POPS)
USOS
1, 1
2024, 07, 29, 2025, 05, 08
60
Time_Start, seconds_past_midnight, Start time of measurement
45
1, 1, 1, 1, 1, 1, 1, 1, 1, 1, 1, 1, 1, 1, 1, 1, 1, 1, 1, 1, 1, 1, 1, 1, 1, 1, 1, 1, 1, 1, 1, 1, 1, 1, 1, 1, 1, 1, 1, 1, 1, 1, 1, 1, 1
-9999, -9999, -9999, -9999, -9999, -9999, -9999, -9999, -9999, -9999, -9999, -9999, -9999, -9999, -9999, -9999, -9999, -9999, -9999, -9999, -9999, -9999, -9999, -9999, -9999, -9999, -9999, -9999, -9999, -9999, -9999, -9999, -9999, -9999, -9999, -9999, -9999, -9999, -9999, -9999, -9999, -9999, -9999, -9999, -9999
Time_Stop, seconds_past_midnight, Stop time of measurement
Time_Mid, seconds_past_midnight, Mid time of measurement
Press_mb, mb, Pressure reported (mb)
Temp_C, degrees C, POPS temperature measurement
Aerosol_concentration, cm^-3, Aerosol concentration
Surface_Area_Conc, um^2 cm^-3, Surface area concentration
Volume_density, um^3 cm^-3, Volume density
Effective_radius, um, Effective radius
Extinction, km^-1, Extinction
Bin01, cm^-3, particle concentration in size range [1401 - 146.3 nm]
Bin02, cm^-3, particle concentration in size range [146.3 - 152.8 nm]
Bin03, cm^-3, particle concentration in size range [152.8 - 159.6 nm]
Bin04, cm^-3, particle concentration in size range [159.6 - 166.8 nm]
Bin05, cm^-3, particle concentration in size range [166.8 - 174.2 nm]
Bin06, cm^-3, particle concentration in size range [174.2 - 181.9 nm]
Bin07, cm^-3, particle concentration in size range [181.9 - 190.0 nm]
Bin08, cm^-3, particle concentration in size range [190.0 - 198.5 nm]
Bin09, cm^-3, particle concentration in size range [198.5 - 207.4 nm]
Bin10, cm^-3, particle concentration in size range [207.4 - 216.6 nm]
Bin11, cm^-3, particle concentration in size range [216.6 - 226.2 nm]
Bin12, cm^-3, particle concentration in size range [226.2 - 236.3 nm]
Bin13, cm^-3, particle concentration in size range [236.3 - 246.8 nm]
Bin14, cm^-3, particle concentration in size range [246.8 - 257.8 nm]
Bin15, cm^-3, particle concentration in size range [257.8 - 269.3 nm]
Bin16, cm^-3, particle concentration in size range [269.3 - 343.4 nm]
Bin17, cm^-3, particle concentration in size range [343.4 - 450.7 nm]
Bin18, cm^-3, particle concentration in size range [450.7 - 525.9 nm]
Bin19, cm^-3, particle concentration in size range [525.9 - 618.5 nm]
Bin20, cm^-3, particle concentration in size range [618.5 - 710.0 nm]
Bin21, cm^-3, particle concentration in size range [710.0 - 822.7 nm]
Bin22, cm^-3, particle concentration in size range [822.7 - 885.9 nm]
Bin23, cm^-3, particle concentration in size range [885.9 - 953.9 nm]
Bin24, cm^-3, particle concentration in size range [953.9 - 1027.2 nm]
Bin25, cm^-3, particle concentration in size range [1027.2 - 1106.1 nm]
Bin26, cm^-3, particle concentration in size range [1106.1 - 1191.0 nm]
Bin27, cm^-3, particle concentration in size range [1191.0 - 1282.5 nm]
Bin28, cm^-3, particle concentration in size range [1282.5 - 1381.0 nm]
Bin29, cm^-3, particle concentration in size range [1381.0 - 1487.1 nm]
Bin30, cm^-3, particle concentration in size range [1487.1 - 1601.3 nm]
Bin31, cm^-3, particle concentration in size range [1601.3 - 1724.3 nm]
[...]
PLATFORM: NOAA CSL Mobile Lab
LOCATION: USOS
ASSOCIATED_DATA: N/A
INSTRUMENT_INFO: Printed Optical Particle Spectrometer counts particles from 140 - 2500 nm in diameter 
DATA_INFO: Particle concentrations reported in number per cubic centimeter,1 Hz data
UNCERTAINTY: Counting uncertainty dominated by air flow, less than 5 percent. Measurement range is ~0 - 3000 per cm3 (varies depending on flow rate- manufacturer quotes 1250 per cm3 at 1.667 cc/s)
ULOD_FLAG: -7777
ULOD_VALUE: N/A
LLOD_FLAG: -8888
LLOD_VALUE: N/A
DM_CONTACT_INFO: Troy Thornberry, 325 Broadway R/CSL6, Boulder, CO 80305; troy.thornberry@noaa.gov; 303-497-3373
PROJECT_INFO: USOS, Utah POPS data from NOAA CSL Mobile Lab
STIPULATIONS_ON_USE: Please contact the PIs for questions regarding applications and uncertainties
OTHER_COMMENTS: POPS bin Edges (nm):  140.1, 146.3, 152.8, 159.6, 166.8, 174.2, 181.9, 190.0, 198.5, 207.4, 216.6, 226.2, 236.3, 246.8, 257.8, 269.3, 343.4, 450.7, 525.9, 618.5, 710.0, 822.7, 885.9, 953.9, 1027.2, 1106.1, 1191.0, 1282.5, 1381.0, 1487.1, 1601.3, 1724.3, 1856.7, 1999.3, 2152.8, 2318.2, 2496.2
Calculations assume organic aerosol refractive index of 1.52+0.00j and extinction wavelength = 532 nm
REVISION: R0
R0: Final data
Time_Start, Time_Stop, Time_Mid, Press_mb, Temp_C, Aerosol_concentration, Surface_Area_Conc, Volume_density, Effective_radius, Extinction, Bin01, Bin02, Bin03, Bin04, Bin05, Bin06, Bin07, Bin08, Bin09, Bin10, Bin11, Bin12, Bin13, Bin14, Bin15, Bin16, Bin17, Bin18, Bin19, Bin20, Bin21, Bin22, Bin23, Bin24, Bin25, Bin26, Bin27, Bin28, Bin29, Bin30, Bin31, Bin32, Bin33, Bin34, Bin35, Bin36
[from data line 471]
28260,28319,28290,868.082,31.424,863.990,173.035,9.915,0.171,0.061,42.015732,41.809345,40.563530,42.375187,42.702026,42.471920,42.899239,43.362240,43.398052,44.161419,44.647167,46.975220,48.189114,45.428265,37.996132,144.569000,47.047737,17.528698,4.238423,0.399344,0.307383,0.133200,0.128639,0.094250,0.088960,0.034007,0.028340,0.050340,0.059940,0.032914,0.082539,0.060759,0.033717,0.022008,0.016175,0.038827
28320,28379,28350,868.060,31.532,857.039,171.278,9.544,0.167,0.061,41.599575,40.485931,40.166321,40.843010,43.366486,42.775906,42.591267,43.124210,42.085396,43.253056,44.071087,47.140884,47.929966,45.244732,37.814838,143.926315,47.145550,17.540913,4.489360,0.373015,0.293490,0.154421,0.100413,0.076510,0.048775,0.050018,0.061602,0.055150,0.038407,0.022542,0.043737,0.048685,0.016991,0.011084,0.010836,0.038018
28380,28439,28410,868.054,31.739,865.001,172.313,9.595,0.166,0.061,41.608696,40.794785,40.964413,41.846920,43.259682,43.263111,42.582584,42.849373,43.753578,44.049778,45.724312,48.137737,47.593731,45.860249,38.025688,145.514725,45.777180,17.671059,4.225984,0.420211,0.261937,0.146161,0.113128,0.102794,0.056813,0.027655,0.073383,0.028039,0.045122,0.039412,0.033852,0.023131,0.045820,0.028870,0.011535,0.039483
28440,28499,28470,868.076,31.818,864.570,173.181,9.885,0.171,0.061,41.526764,41.408714,41.119808,42.871952,43.598518,42.693409,42.722939,42.851173,43.325169,43.641186,44.610622,48.160984,47.655926,45.237572,37.724499,145.294662,46.666451,17.299364,4.580158,0.404400,0.273517,0.111470,0.137847,0.082503,0.072143,0.060820,0.050215,0.028126,0.071122,0.061202,0.077798,0.044137,0.016662,0.027487,0.016482,0.044638
28500,28559,28530,868.110,31.606,859.283,172.042,9.900,0.172,0.061,40.983883,41.926144,40.478699,41.158432,43.044361,43.602367,42.474087,44.409931,43.225288,42.994503,43.811737,47.033340,47.824020,45.215752,37.454563,144.381821,45.863701,17.282396,4.562916,0.386354,0.304900,0.138017,0.077443,0.133656,0.087324,0.016612,0.061776,0.027554,0.044264,0.027504,0.054144,0.050057,0.045149,0.016879,0.027391,0.055538
28560,28619,28590,868.132,31.441,866.747,174.992,10.174,0.174,0.062,41.167751,40.760971,41.528152,41.731426,43.171459,43.235962,42.939140,43.106766,43.621304,44.580494,45.110657,48.037933,48.668766,46.012711,37.925392,143.950333,46.733704,18.359180,4.239308,0.483633,0.285648,0.171788,0.136576,0.085030,0.074551,0.074178,0.051017,0.086528,0.072939,0.080109,0.096191,0.040324,0.023067,0.034640,0.046221,0.022755
28620,28679,28650,868.106,31.551,860.779,173.034,9.985,0.173,0.061,41.487122,40.984306,40.346260,41.420525,42.815250,42.558556,42.490917,43.377735,43.089733,43.936577,44.596165,47.394154,48.237576,46.190254,38.181183,143.204681,47.238125,17.245975,4.361546,0.397192,0.272321,0.179831,0.090333,0.077558,0.051120,0.095693,0.050319,0.055765,0.086865,0.038985,0.034545,0.033432,0.045290,0.027981,0.028045,0.057460
28680,28739,28710,868.102,31.723,857.083,171.290,9.661,0.169,0.061,41.405281,41.101215,40.202568,41.501411,42.296371,42.738132,42.246449,42.758312,42.838661,44.243740,44.632565,46.378178,47.386826,44.954460,38.758202,143.507446,46.961086,17.500097,4.244399,0.413986,0.246158,0.133579,0.116295,0.066671,0.033184,0.038824,0.033682,0.033150,0.033410,0.055275,0.061152,0.049762,0.056759,0.011234,0.005501,0.039438
28740,28799,28770,868.120,31.631,859.103,172.505,9.904,0.172,0.061,40.397671,41.407860,40.695217,41.882900,42.686642,42.753391,42.465553,42.559441,43.181942,43.460888,44.569435,46.853195,47.877159,45.290051,37.870163,144.502579,47.532806,17.114939,4.433212,0.475062,0.249908,0.129056,0.139080,0.083334,0.034032,0.039428,0.067214,0.016478,0.039202,0.045147,0.056697,0.049761,0.044027,0.027099,0.027923,0.044637
28800,28859,28830,868.147,31.453,858.352,172.359,9.935,0.172,0.061,40.947395,41.010910,40.703613,42.366150,42.322716,42.925255,43.453892,43.345890,42.489098,44.049297,44.287399,47.489326,46.612835,45.168068,37.861359,143.675095,45.987564,17.543848,4.398561,0.457579,0.309596,0.155252,0.105699,0.117535,0.050488,0.051057,0.056628,0.061710,0.028171,0.066840,0.079068,0.039714,0.044929,0.017146,0.021828,0.050683
28860,28919,28890,868.155,31.423,860.496,173.469,10.051,0.173,0.062,41.453838,40.760357,40.780518,41.767967,42.017532,42.135078,42.312431,42.832878,43.964363,43.318222,45.037407,46.247410,47.676762,45.545197,38.737968,144.891876,47.623943,17.396147,4.393859,0.443169,0.274476,0.166317,0.080957,0.098668,0.046644,0.033829,0.023014,0.046211,0.070897,0.039690,0.064148,0.040220,0.045973,0.064122,0.023523,0.040472
28920,28979,28950,868.174,31.711,854.638,170.181,9.386,0.165,0.060,40.642063,40.486744,40.350647,40.289707,42.682991,42.347828,42.829063,43.918854,42.317501,43.340961,44.427414,47.821060,47.446850,44.650646,38.419167,143.902817,45.704170,17.408369,4.304267,0.306589,0.288015,0.115097,0.104049,0.089490,0.043808,0.050509,0.050475,0.049440,0.039125,0.038684,0.050246,0.027913,0.043882,0.011321,0.010949,0.027457
28980,29039,29010,868.203,31.806,852.467,171.450,9.680,0.169,0.061,40.965931,40.635769,40.222748,40.832527,41.225288,41.239014,42.886147,42.466442,42.829937,43.786987,43.885628,46.742435,47.536880,44.770782,37.481323,143.815796,47.315937,17.734226,4.768101,0.265980,0.323413,0.106641,0.099580,0.049639,0.094911,0.033423,0.044661,0.022101,0.028390,0.033153,0.067044,0.027635,0.038666,0.016614,0.028172,0.044875
29040,29099,29070,868.218,31.597,857.661,172.129,9.594,0.167,0.061,41.320179,40.905018,40.515541,41.651283,42.042496,42.251675,41.578335,43.212467,43.266369,43.551552,44.703125,47.301655,47.441036,45.430935,37.808823,143.720047,47.169552,17.709557,4.479811,0.410893,0.288116,0.149896,0.146361,0.089022,0.094400,0.066880,0.050329,0.017204,0.049438,0.055369,0.072737,0.005342,0.027968,0.027309,0.005747,0.044781
29100,29159,29130,868.195,31.415,851.237,171.503,9.860,0.172,0.061,40.565678,39.626343,39.279888,40.906364,42.636963,41.401871,41.997417,43.443691,43.005657,43.177731,44.622730,47.118629,46.963284,44.730015,37.419296,143.683609,46.592255,18.305447,4.288608,0.410448,0.310396,0.095529,0.105966,0.061854,0.077893,0.044930,0.022795,0.038942,0.033355,0.045631,0.039314,0.044482,0.028120,0.016916,0.022309,0.072527
29160,29219,29190,868.157,31.496,846.015,170.394,9.505,0.167,0.061,38.812466,39.653233,37.828835,40.603298,41.857319,41.546837,41.502739,42.280441,43.194427,42.704224,45.259274,47.504475,46.762600,45.341877,38.272156,142.038696,46.737350,18.330513,4.369958,0.353001,0.265357,0.179151,0.116332,0.050339,0.038664,0.061573,0.022366,0.043443,0.044181,0.055866,0.067527,0.028282,0.021660,0.016801,0.022120,0.027717
29220,29279,29250,868.106,31.656,842.184,170.643,9.810,0.172,0.061,38.303474,38.670696,39.788376,40.118729,41.101780,41.285248,41.951015,42.818199,42.586342,42.551517,43.114552,47.226662,47.580326,45.139881,37.540226,141.646301,46.626755,18.098999,4.444546,0.461615,0.257040,0.178697,0.144029,0.071877,0.067074,0.016568,0.044177,0.044363,0.027812,0.033268,0.065300,0.022638,0.038572,0.016872,0.039253,0.060823
29280,29339,29310,868.063,31.615,840.156,169.997,9.535,0.168,0.061,38.461826,38.535881,38.494202,39.883717,41.089409,42.085377,41.036541,42.294716,41.862518,42.367916,43.866615,46.701321,46.796669,45.139565,38.056473,142.832230,46.116875,18.292347,4.675066,0.487661,0.269777,0.167328,0.077729,0.094286,0.076488,0.044200,0.045060,0.055124,0.044988,0.038300,0.033530,0.033272,0.016342,0.038256,0.016809,0.028019
29340,29399,29370,868.072,31.493,840.000,170.771,9.738,0.171,0.062,39.393394,38.853027,37.297932,39.666348,40.722412,41.170521,41.110741,41.941723,42.049931,42.492416,44.484474,45.942310,47.389675,44.802643,38.351372,142.164749,47.518578,18.416365,4.815935,0.368180,0.264849,0.112319,0.094560,0.094523,0.056600,0.061629,0.044632,0.032851,0.017071,0.044376,0.061920,0.044790,0.044504,0.005787,0.028162,0.038710
29400,29459,29430,868.057,31.319,837.364,169.976,9.528,0.168,0.061,38.191257,38.253868,38.333370,39.822563,41.117008,40.480637,40.928963,41.227222,42.314934,43.344551,43.941303,46.735836,46.973999,44.841709,36.903919,142.224365,46.405937,19.204082,4.769698,0.371659,0.306606,0.123201,0.072689,0.038878,0.055749,0.050288,0.011268,0.039427,0.049711,0.027842,0.067096,0.016440,0.045692,0.011252,0.021425,0.039165
29460,29519,29490,868.055,31.390,845.203,171.297,9.628,0.168,0.061,38.447670,38.262650,38.319069,39.747009,40.735565,41.301350,41.669498,41.719276,42.721336,43.457787,45.474884,46.596966,47.992580,44.905640,38.059757,143.628296,47.828243,18.221340,4.623935,0.522283,0.273185,0.110972,0.086359,0.086894,0.011973,0.057275,0.035192,0.028123,0.045953,0.041439,0.051537,0.041344,0.017655,0.016791,0.039993,0.022703
29520,29579,29550,868.037,31.618,840.037,171.112,9.706,0.170,0.062,38.167862,37.091812,38.619511,39.605728,40.520771,41.236164,41.145931,42.471684,41.213745,42.744633,44.157757,47.153229,47.065968,44.830845,38.682198,142.658356,47.600838,18.987957,4.703167,0.349617,0.227654,0.137824,0.111579,0.077316,0.082888,0.054565,0.039329,0.038542,0.043645,0.027638,0.038551,0.039008,0.010825,0.016708,0.055159,0.028029
29580,29639,29610,868.023,31.651,831.971,169.361,9.432,0.167,0.062,37.723534,37.316002,37.700069,40.073757,39.824795,40.036572,41.256325,41.427895,41.413391,42.570625,43.851440,45.808548,46.439175,44.279247,37.736580,141.537033,47.601681,18.971706,5.056138,0.418156,0.304969,0.106330,0.062413,0.033511,0.039236,0.045240,0.060817,0.039107,0.028501,0.027862,0.061907,0.045247,0.028153,0.028605,0.000000,0.016573
29640,29699,29670,868.024,31.455,837.019,170.901,9.780,0.171,0.062,37.685337,37.671009,38.980244,38.620975,41.029327,41.003334,40.803123,41.484348,41.782543,43.308151,43.169518,46.810280,46.487579,44.507504,37.575562,143.397278,47.681358,18.873917,4.700264,0.339882,0.277222,0.177314,0.098872,0.084416,0.065532,0.039281,0.022119,0.027442,0.022523,0.049971,0.088188,0.055416,0.016853,0.032987,0.021513,0.027340
29700,29759,29730,868.026,31.292,836.711,170.441,9.426,0.166,0.062,37.512661,37.896477,37.654617,38.681419,40.483578,40.658375,41.185940,41.765800,41.597893,42.175148,43.954716,46.859604,47.157196,45.352455,37.520748,142.130844,48.656143,19.352463,4.688840,0.398690,0.294813,0.182932,0.100992,0.077092,0.055817,0.056874,0.034064,0.028701,0.028169,0.011535,0.033762,0.044543,0.033396,0.022337,0.017007,0.005574
29760,29819,29790,868.020,31.432,845.599,171.815,9.602,0.167,0.062,39.061893,38.388042,38.710224,38.865013,40.870136,40.797031,41.745747,42.095417,42.487492,43.583233,44.769508,46.358307,47.241489,45.435307,38.099167,143.758011,48.765018,18.232937,4.772187,0.532343,0.262616,0.111992,0.105559,0.111649,0.056243,0.056482,0.050877,0.038321,0.016569,0.039972,0.066461,0.033528,0.022652,0.005828,0.017166,0.034028
29820,29879,29850,868.008,31.649,847.796,171.634,9.477,0.165,0.062,39.686520,39.438099,39.947437,40.438358,41.323784,41.238880,40.881271,42.603615,41.926884,42.853203,43.507298,46.630192,47.245811,45.583408,37.569706,143.851013,47.720291,19.088091,4.823957,0.456842,0.294041,0.083866,0.095151,0.112849,0.049902,0.055461,0.011030,0.022753,0.044680,0.050257,0.050246,0.011130,0.039107,0.027796,0.005342,0.027253
29880,29939,29910,868.012,31.549,837.316,169.806,9.503,0.168,0.061,39.518608,38.767578,38.073250,39.776691,40.356373,41.305717,40.130989,42.789612,41.095875,42.029984,44.250027,46.382854,46.360970,44.174999,37.327309,142.556824,47.361641,18.913292,4.652564,0.510859,0.287153,0.139189,0.089747,0.043917,0.054797,0.061563,0.022311,0.038514,0.043803,0.043906,0.026990,0.044753,0.016847,0.016722,0.021788,0.027602
29940,29999,29970,868.018,31.395,839.001,170.103,9.399,0.165,0.062,39.162018,37.576557,38.569195,39.382534,40.548244,42.194012,40.930492,41.986080,41.519474,42.669945,44.381657,47.281311,46.617325,44.548447,37.447708,140.744537,47.589237,19.691795,4.837090,0.416804,0.222096,0.100689,0.132655,0.072665,0.044397,0.033957,0.044431,0.044341,0.033617,0.028033,0.055631,0.033354,0.005519,0.022409,0.005519,0.027359
30000,30059,30030,867.976,31.448,828.867,169.443,9.502,0.168,0.062,38.567585,37.350086,38.056885,39.157330,39.583626,40.771530,40.556473,41.488831,41.469193,41.775799,42.226074,45.578133,46.851711,44.172497,36.729755,140.379181,48.068996,19.515144,5.202908,0.421300,0.299066,0.089494,0.077295,0.055370,0.066599,0.045207,0.016450,0.033147,0.049955,0.028402,0.055946,0.033677,0.038288,0.021969,0.005593,0.027571
30060,30119,30090,868.006,31.680,832.272,170.077,9.543,0.168,0.062,38.225746,37.767872,37.875828,38.705517,40.515316,39.692059,41.416191,40.610603,42.092705,42.156719,43.474644,46.065693,45.893585,44.387897,36.608711,142.285065,48.591640,19.707510,4.987590,0.357108,0.250357,0.095897,0.074349,0.045037,0.039830,0.039266,0.022195,0.055665,0.022644,0.021489,0.057527,0.039023,0.000000,0.050566,0.011126,0.028840
30120,30179,30150,868.028,31.702,827.599,169.254,9.366,0.166,0.062,37.617130,36.993481,37.758675,38.009121,40.003357,40.995808,40.099571,40.877628,41.863270,42.042828,42.342274,46.064407,45.190296,44.340603,37.388954,141.826599,48.061676,19.949192,4.669564,0.433799,0.313797,0.143554,0.115883,0.092336,0.092624,0.034762,0.057219,0.011658,0.041112,0.040471,0.034433,0.046494,0.023000,0.000000,0.011617,0.011752
30180,30239,30210,868.030,31.545,825.768,169.678,9.462,0.167,0.063,37.613438,37.143017,37.052338,37.806030,39.973297,39.081459,40.206490,41.106022,41.410027,42.044483,42.834789,46.127529,46.683830,44.108223,35.714806,141.547897,48.582546,20.260614,5.044277,0.571494,0.172835,0.164984,0.083108,0.106118,0.010947,0.033911,0.022462,0.016719,0.038433,0.055968,0.021742,0.038924,0.044643,0.011118,0.027265,0.005889
30240,30299,30270,868.028,31.374,807.727,165.281,8.936,0.162,0.060,35.457127,35.413399,36.152431,37.530178,38.234203,38.694504,39.605267,39.830433,40.178097,41.196564,42.256855,45.310150,45.417088,43.872738,35.747654,139.790253,47.163490,19.847023,4.964754,0.343431,0.210343,0.078050,0.085033,0.045473,0.050262,0.016792,0.050223,0.022530,0.022114,0.039852,0.039361,0.016215,0.022616,0.000000,0.005865,0.016739
30300,30359,30330,868.037,31.547,812.675,168.296,9.565,0.170,0.062,36.657494,35.923889,36.002060,36.558224,38.702240,38.797825,39.195290,39.608215,40.424828,41.685390,42.741959,45.671379,46.372978,43.799740,36.194832,139.476227,48.367935,20.122252,4.958289,0.392619,0.249716,0.170880,0.099923,0.084169,0.033973,0.043654,0.011207,0.055258,0.044312,0.056118,0.055307,0.032793,0.016781,0.000000,0.027557,0.039299
30360,30419,30390,868.049,31.693,808.709,166.205,9.174,0.165,0.061,35.406132,35.467556,36.449402,37.003052,38.476273,38.835464,39.592228,40.219082,40.209232,41.660965,43.238762,44.940880,45.321823,43.650383,36.401981,137.797668,48.007881,19.733232,4.999714,0.421472,0.242850,0.109210,0.068258,0.066031,0.060606,0.078033,0.028154,0.038572,0.039851,0.028209,0.022730,0.027143,0.010778,0.027456,0.011186,0.016751
30420,30479,30450,868.043,31.658,805.821,166.498,9.336,0.168,0.062,35.790154,35.298203,34.894711,37.192917,38.699707,38.757343,38.803226,40.314896,40.380829,41.293842,41.765121,44.390102,45.686626,42.722733,36.616428,138.984085,47.397984,20.421608,5.144016,0.406462,0.266803,0.099719,0.073157,0.072150,0.065540,0.027174,0.022536,0.027481,0.027965,0.028301,0.038710,0.033135,0.011112,0.005767,0.022585,0.038208
30480,30539,30510,868.063,31.430,805.494,166.519,9.248,0.166,0.062,35.755283,35.055420,35.591343,36.239193,38.738628,38.849472,38.332554,40.280949,40.280960,40.721725,42.664997,45.692516,44.958271,43.366344,34.927197,138.654175,48.425476,20.936016,4.839087,0.344476,0.219517,0.154067,0.072746,0.090203,0.028199,0.045069,0.027779,0.022442,0.022093,0.023029,0.033376,0.016395,0.022244,0.000000,0.023020,0.039642
