CampaignData_and_Merges/R0/CSL_MobileLab_Parked/raw/20240729/USOS-NOAAIodideCIMS-HCOOH_MobileLabGround_20240729_RA.ict
33, 1001
Michael A Robinson, Chris Jernigan, Subi Thakali
NOAA ESRL Chemical Sciences Laboratory and CIRES, U. of Colorado
NOAA Iodide CIMS Instrument
USOS
1, 1
2024, 07, 29, 2024, 07, 30
1
starttime_UTC, seconds_past_midnight, seconds_of_day_since_00:00:00_UTC
1
1
-9999
HCOOH_NOAACIMS, pptv, Gas_HCOOH_InSitu_S_AVMR, 
0
18
PI_CONTACT_INFO: 325 Broadway, R/CSD 7, Boulder, Colorado 80305; michael.a.robinson@noaa.gov; chris.jernigan@noaa.gov;
PLATFORM: NOAA CSL Mobile Lab
LOCATION: SLC, Utah
ASSOCIATED_DATA: 1Hz data also available on request.
INSTRUMENT_INFO: NOAA I- ToF CIMS
DATA_INFO: All data in parts per trillion by volume (pptv). 1 Hz data is available upon request.
UNCERTAINTY: TBD
ULOD_FLAG: -7777
ULOD_VALUE: N/A
LLOD_FLAG: -8888
LLOD_VALUE: N/A
DM_CONTACT_INFO: Nathan Howard; nathan.h.howard@noaa.gov
PROJECT_INFO: USOS, summer 2024. https://csl.noaa.gov/groups/csl7/measurements/2024usos/
STIPULATIONS_ON_USE: Users are strongly encouraged to contact the PI for proper data usage.
OTHER_COMMENTS: 
REVISION: RA
RA: Preliminary Data; For in-field use only
starttime_UTC, HCOOH_NOAACIMS
     0, 532.566
    60, 536.827
   120, 491.755
   180, 485.474
   240, 495.018
   300, 514.507
   360, -9999.000
   420, 484.629
   480, 488.072
   540, 492.873
   600, 500.080
   660, 512.075
   720, 533.982
   780, 531.771
   840, 539.311
   900, 495.223
   960, 515.545
  1020, 529.009
  1080, 524.586
  1140, 546.476
  1200, 504.810
  1260, 547.963
  1320, 550.874
  1380, 573.393
  1440, 519.824
  1500, 544.611
  1560, 540.162
  1620, 521.975
  1680, 552.471
  1740, 578.390
  1800, 556.934
  1860, 589.269
  1920, 587.077
  1980, 601.474
  2040, 568.278
  2100, 569.005
  2160, 603.172
  2220, 558.125
  2280, 557.548
  2340, 579.792
  2400, 586.655
  2460, 594.357
  2520, 612.376
  2580, 644.026
  2640, 679.323
  2700, 655.865
  2760, 698.386
  2820, 707.490
  2880, 668.203
  2940, 718.420
  3000, 692.197
  3060, 687.484
  3120, 664.631
  3180, 686.183
  3240, 700.247
  3300, 729.700
  3360, 744.650
  3420, 741.237
  3480, 754.004
  3540, 829.521
  3600, 791.675
  3660, 762.182
  3720, 825.984
  3780, 769.913
  3840, 791.879
  3900, 897.497
  3960, 895.450
  4020, 945.122
  4080, 957.498
  4140, 917.284
  4200, 914.711
  4260, 975.659
  4320, 1065.906
  4380, 1079.020
  4440, 1127.830
  4500, 1152.589
  4560, 1210.050
  4620, 1151.139
  4680, 1236.012
  4740, 1179.573
  4800, 1227.023
  4860, 1263.061
  4920, 1298.151
  4980, 1305.609
  5040, 1301.146
  5100, 1398.807
  5160, 1351.800
  5220, 1362.479
  5280, 1390.165
  5340, 1413.723
  5400, 1333.748
  5460, 1443.623
  5520, 1450.557
  5580, 1470.255
  5640, 1408.947
  5700, 1423.116
  5760, 1378.524
  5820, 1506.556
  5880, 1517.860
  5940, 1459.321
  6000, 1458.359
  6060, 1514.510
  6120, 1633.605
  6180, 1763.991
  6240, -9999.000
  6300, -9999.000
  6360, -9999.000
  6420, -9999.000
  6480, -9999.000
  6540, -9999.000
  6600, -9999.000
  6660, -9999.000
  6720, -9999.000
  6780, -9999.000
  6840, -9999.000
  6900, -9999.000
  6960, -9999.000
  7020, -9999.000
  7080, -9999.000
  7140, -9999.000
  7200, -9999.000
  7260, -9999.000
  7320, -9999.000
  7380, -9999.000
  7440, -9999.000
  7500, -9999.000
  7560, -9999.000
  7620, -9999.000
  7680, -9999.000
  7740, -9999.000
  7800, -9999.000
  7860, 1550.628
  7920, 1458.965
  7980, 1419.390
  8040, 1382.282
  8100, 1340.513
  8160, 1343.399
  8220, 1280.401
  8280, 1357.291
  8340, 1348.770
  8400, 1352.113
  8460, 1342.740
  8520, 1395.884
  8580, 1378.364
  8640, 1458.878
  8700, 1427.346
  8760, 1459.236
  8820, 1506.555
  8880, 1513.177
  8940, 1503.322
  9000, 1428.726
  9060, 1469.040
  9120, 1607.513
  9180, 1567.443
  9240, 1614.972
  9300, 1569.782
  9360, 1582.189
  9420, 1705.696
  9480, 1790.046
  9540, -9999.000
  9600, 1650.676
  9660, 1745.427
  9720, 1703.327
  9780, 1688.083
  9840, 1684.590
  9900, 1719.839
  9960, 1770.505
 10020, 1715.693
 10080, 1752.445
 10140, 1782.789
 10200, 1850.350
 10260, 1837.311
 10320, 1846.842
 10380, 1826.001
 10440, 1841.599
 10500, 1811.994
 10560, 1853.690
 10620, 1849.722
 10680, 1866.375
 10740, 1881.550
 10800, 1898.910
 10860, 1878.119
 10920, 1911.301
 10980, 1920.012
 11040, 1981.958
 11100, 1989.242
 11160, 2041.777
 11220, 2015.692
 11280, 2046.971
 11340, 2061.756
 11400, 2013.795
 11460, 1899.273
 11520, 1958.903
 11580, 1925.640
 11640, 1912.588
 11700, 1935.973
 11760, 1921.089
 11820, 1947.155
 11880, 1985.975
 11940, 1981.176
 12000, 1981.358
 12060, 1982.897
 12120, 2030.512
 12180, 1984.120
 12240, 2010.438
 12300, 1957.182
 12360, 1929.878
 12420, 1955.348
 12480, 1930.095
 12540, 1959.326
 12600, 2055.578
 12660, 2025.524
 12720, 1956.677
 12780, 1866.353
 12840, 1920.756
 12900, 1895.643
 12960, 1878.743
 13020, 1875.545
 13080, 1841.983
 13140, 1856.200
 13200, 1831.754
 13260, 1873.403
 13320, 1910.482
 13380, 1942.498
 13440, 1903.027
 13500, 1819.846
 13560, 1851.068
 13620, 1950.264
 13680, 2085.360
 13740, 2164.430
 13800, 2085.673
 13860, 2007.424
 13920, 1936.679
 13980, 1932.660
 14040, 1990.498
 14100, 1893.425
 14160, 2011.484
 14220, 1989.333
 14280, 2130.968
 14340, 2096.220
 14400, 2130.752
 14460, 1908.963
 14520, 1861.283
 14580, 1991.872
 14640, 1941.877
 14700, 1921.810
 14760, 1990.427
 14820, 2002.559
 14880, 1998.193
 14940, 1926.451
 15000, 1987.684
 15060, 1835.551
 15120, 2138.145
 15180, 1913.201
 15240, 1860.855
 15300, 1852.013
 15360, 1958.358
 15420, 1868.579
 15480, 1889.685
 15540, 1887.016
 15600, 1942.941
 15660, 1861.539
 15720, 1893.410
 15780, 1703.132
 15840, 1745.285
 15900, 1800.779
 15960, 1711.689
 16020, 1705.728
 16080, 1729.280
 16140, 1829.764
 16200, 1758.887
 16260, 1683.977
 16320, 1702.859
 16380, 1713.709
 16440, 1733.534
 16500, 1768.751
 16560, 1706.940
 16620, 1654.761
 16680, 1655.590
 16740, 1647.341
 16800, 1645.784
 16860, 1662.437
 16920, -9999.000
 16980, 1606.943
 17040, 1605.810
 17100, 1585.879
 17160, 1627.068
 17220, 1537.116
 17280, 1587.942
 17340, 1649.585
 17400, 1668.289
 17460, 1611.751
 17520, 1676.893
 17580, 1741.930
 17640, 1783.934
 17700, 1711.986
 17760, 1727.225
 17820, 1701.077
 17880, 1658.898
 17940, 1642.697
 18000, 1661.252
 18060, 1553.682
 18120, 1599.508
 18180, 1636.982
 18240, 1658.884
 18300, 1598.503
 18360, 1616.453
 18420, 1609.226
 18480, 1622.798
 18540, 1584.152
 18600, 1584.745
 18660, 1578.412
 18720, 1596.482
 18780, 1635.179
 18840, 1643.022
 18900, 1551.174
 18960, 1572.564
 19020, 1616.247
 19080, 1620.292
 19140, 1621.780
 19200, 1618.059
 19260, 1632.738
 19320, 1668.864
 19380, 1654.412
 19440, 1639.712
 19500, 1638.578
 19560, 1631.170
 19620, 1627.085
 19680, 1635.992
 19740, 1572.548
 19800, 1618.457
 19860, 1636.930
 19920, 1657.360
 19980, 1660.103
 20040, 1641.933
 20100, 1539.914
 20160, 1614.310
 20220, 1591.678
 20280, 1600.035
 20340, 1614.005
 20400, 1607.987
 20460, 1608.732
 20520, 1669.707
 20580, 1678.401
 20640, -9999.000
 20700, 1713.985
 20760, 1677.928
 20820, 1681.499
 20880, 1762.148
 20940, 1724.574
 21000, 1748.722
 21060, 1809.108
 21120, 1900.063
 21180, 1814.984
 21240, 1857.289
 21300, 1880.296
 21360, 1744.043
 21420, 1717.793
 21480, 1662.256
 21540, 1611.094
 21600, 1666.608
 21660, 1603.740
 21720, 1603.505
 21780, 1620.776
 21840, 1642.709
 21900, 1652.849
 21960, 1663.618
 22020, 1696.781
 22080, 1652.445
 22140, 1637.567
 22200, 1634.798
 22260, 1665.310
 22320, 1601.849
 22380, 1613.678
 22440, 1688.257
 22500, 1637.485
 22560, 1615.305
 22620, 1620.439
 22680, 1589.894
 22740, 1757.617
 22800, 1867.399
 22860, 1932.159
 22920, 1921.352
 22980, 1902.275
 23040, 1960.615
 23100, 1981.976
 23160, 1981.741
 23220, 2002.743
 23280, 2030.215
 23340, 1944.833
 23400, 2032.374
 23460, 2028.934
 23520, 2103.256
 23580, 2107.158
 23640, 2046.498
 23700, 2008.111
 23760, 2078.002
 23820, 2055.042
 23880, 1986.616
 23940, 2043.166
 24000, 2057.128
 24060, 2001.276
 24120, 2052.965
 24180, 2038.402
 24240, 2037.840
 24300, -9999.000
 24360, 2073.021
 24420, 2076.998
 24480, 2126.037
 24540, 2180.822
 24600, 2145.439
 24660, 2003.542
 24720, 2053.486
 24780, 2036.556
 24840, 2018.078
 24900, 2011.125
 24960, 2106.601
 25020, 2072.024
 25080, 2190.961
 25140, 2228.222
 25200, 2297.296
 25260, 2250.475
 25320, 2259.862
 25380, 2119.088
 25440, 2157.212
 25500, 2199.562
 25560, 2181.712
 25620, 2163.368
 25680, 2175.619
 25740, 2256.510
 25800, 2263.322
 25860, 2182.775
 25920, 2258.683
 25980, 2248.578
 26040, 2276.447
 26100, 2270.081
 26160, -9999.000
 26220, 2299.479
 26280, 2275.146
 26340, 2258.290
 26400, 2204.565
 26460, 2107.303
 26520, 2273.708
 26580, 2370.941
 26640, 2346.043
 26700, 2329.645
 26760, 2301.421
 26820, 2265.872
 26880, 2211.483
 26940, 2292.272
 27000, 2151.560
 27060, 2316.450
 27120, 2422.448
 27180, 2456.219
 27240, 2583.085
 27300, 2555.137
 27360, 2427.615
 27420, 2474.764
 27480, 2413.514
 27540, 2578.654
 27600, 2562.123
 27660, 2413.331
 27720, 2396.561
 27780, 2322.313
 27840, 2316.000
 27900, 2343.598
 27960, 2401.043
 28020, -9999.000
 28080, 2326.951
 28140, 2333.764
 28200, 2298.854
 28260, 2328.399
 28320, 2332.309
 28380, 2386.010
 28440, 2398.329
 28500, 2226.978
 28560, 2276.122
 28620, 2275.337
 28680, 2310.247
 28740, 2436.838
 28800, 2556.352
 28860, 2447.876
 28920, 2387.917
 28980, 2440.934
 29040, 2351.477
 29100, 2128.133
 29160, 2271.100
 29220, 2204.953
 29280, 2124.755
 29340, 2094.966
 29400, 2223.052
 29460, 2032.886
 29520, 1977.607
 29580, 2028.635
 29640, 1819.711
 29700, 1990.133
 29760, 1973.710
 29820, 2005.496
 29880, 1673.543
 29940, 1677.472
 30000, 1724.790
 30060, 1760.947
 30120, 1621.046
 30180, 1557.688
 30240, 1591.196
 30300, 1559.139
 30360, 1526.555
 30420, 1496.063
 30480, 1533.894
 30540, 1506.514
 30600, 1539.358
 30660, 1511.515
 30720, 1520.567
 30780, 1426.548
 30840, 1456.228
 30900, 1449.064
 30960, 1438.654
 31020, 1405.008
 31080, 1498.481
 31140, 1570.292
 31200, 1489.293
 31260, 1496.530
 31320, 1483.878
 31380, 1443.086
 31440, 1438.706
 31500, 1453.910
 31560, 1563.110
 31620, 1543.688
 31680, -9999.000
 31740, 1553.227
 31800, 1464.204
 31860, 1427.282
 31920, 1446.906
 31980, 1427.208
 32040, 1489.446
 32100, 1551.782
 32160, 1523.910
 32220, 1484.315
 32280, 1443.857
 32340, 1357.935
 32400, 1233.502
 32460, 1156.133
 32520, 1219.350
 32580, 1209.738
 32640, 1198.283
 32700, 1248.318
 32760, 1358.027
 32820, 1240.218
 32880, 1239.333
 32940, 1329.737
 33000, 1306.867
 33060, 1247.942
 33120, 1229.132
 33180, 1167.526
 33240, 1124.136
 33300, 1196.893
 33360, 1156.522
 33420, 1188.935
 33480, 1169.592
 33540, 1203.502
 33600, 1195.600
 33660, 1485.732
 33720, 1602.123
 33780, 1601.415
 33840, 1521.166
 33900, 1438.729
 33960, 1535.675
 34020, 1435.061
 34080, 1502.050
 34140, 1487.499
 34200, 1361.102
 34260, 1309.898
 34320, 1289.110
 34380, 1177.626
 34440, 1179.845
 34500, 1209.383
 34560, 1219.203
 34620, 1213.075
 34680, 1303.279
 34740, 1224.833
 34800, 1340.775
 34860, 1307.590
 34920, 1348.774
 34980, 1212.562
 35040, 1211.551
 35100, 1290.983
 35160, 1215.685
 35220, 1211.022
 35280, 1084.307
 35340, 986.950
 35400, -9999.000
 35460, 1013.224
 35520, 1009.832
 35580, 1029.619
 35640, 1058.742
 35700, 978.563
 35760, 994.095
 35820, 1039.405
 35880, 1089.965
 35940, 1124.825
 36000, 1084.746
 36060, 1069.683
 36120, 1051.252
 36180, 1038.800
 36240, 1014.743
 36300, 1011.624
 36360, 1064.822
 36420, 1086.972
 36480, 1053.304
 36540, 968.458
 36600, 1046.302
 36660, 1025.057
 36720, 1040.536
 36780, 1046.080
 36840, 974.832
 36900, 1013.983
 36960, 982.744
 37020, 923.143
 37080, 914.647
 37140, 900.501
 37200, 914.780
 37260, 933.811
 37320, 904.493
 37380, 877.377
 37440, 890.108
 37500, 946.327
 37560, 947.937
 37620, 920.980
 37680, 968.792
 37740, 962.812
 37800, 983.140
 37860, 1018.604
 37920, 1002.969
 37980, 970.197
 38040, 1008.445
 38100, 969.339
 38160, 1005.226
 38220, 990.638
 38280, 991.603
 38340, 901.465
 38400, 992.392
 38460, 1058.654
 38520, 1095.377
 38580, 1128.024
 38640, 1147.731
 38700, 1175.234
 38760, 1137.587
 38820, 1128.632
 38880, 1062.175
 38940, 1018.888
 39000, 1063.175
 39060, 1111.511
 39120, 1043.921
 39180, 1024.600
 39240, 1063.540
 39300, 1075.077
 39360, 1034.302
 39420, 986.009
 39480, 1011.606
 39540, 1008.439
 39600, 1010.398
 39660, 1012.780
 39720, 1003.078
 39780, 1020.246
 39840, 965.167
 39900, 969.906
 39960, 1020.511
 40020, 1099.929
 40080, 1091.171
 40140, 1061.258
 40200, 1015.075
 40260, 980.381
 40320, 1084.382
 40380, 1041.778
 40440, 1016.589
 40500, 949.391
 40560, 964.888
 40620, 1016.388
 40680, 989.568
 40740, 998.146
 40800, 1040.653
 40860, 1039.723
 40920, 1055.449
 40980, 1057.243
 41040, 1062.557
 41100, 1088.405
 41160, 1138.463
 41220, 1122.338
 41280, 1105.789
 41340, 1104.742
 41400, 1064.761
 41460, 1085.039
 41520, 979.278
 41580, 1019.242
 41640, 1113.537
 41700, 1096.752
 41760, 1070.789
 41820, 1099.253
 41880, 1089.658
 41940, 1061.185
 42000, 1051.841
 42060, 1050.008
 42120, 1132.171
 42180, 1079.679
 42240, 1118.936
 42300, 1105.213
 42360, 1089.753
 42420, 1062.562
 42480, 1121.735
 42540, 1075.203
 42600, 993.366
 42660, 1050.297
 42720, 1087.086
 42780, -9999.000
 42840, 1101.852
 42900, 1046.787
 42960, 1114.731
 43020, 1124.261
 43080, 1115.503
 43140, 1083.527
 43200, 1005.178
 43260, 968.448
 43320, 1134.450
 43380, 1051.362
 43440, 1051.842
 43500, 1072.224
 43560, 1043.768
 43620, 1029.258
 43680, 1063.217
 43740, 1122.874
 43800, 1045.957
 43860, 927.261
 43920, 868.219
 43980, 858.907
 44040, 839.601
 44100, 831.610
 44160, 941.761
 44220, 987.950
 44280, 1007.431
 44340, 939.814
 44400, 1005.103
 44460, 995.740
 44520, 981.665
 44580, 894.011
 44640, -9999.000
 44700, 831.044
 44760, 885.682
 44820, 899.981
 44880, 829.538
 44940, 870.016
 45000, 915.016
 45060, 871.208
 45120, 911.215
 45180, 906.028
 45240, 858.210
 45300, 828.706
 45360, 890.090
 45420, 865.843
 45480, 918.780
 45540, 884.405
 45600, 839.170
 45660, 846.823
 45720, 836.090
 45780, 821.556
 45840, 832.161
 45900, 834.130
 45960, 836.846
 46020, 798.450
 46080, 807.292
 46140, 802.085
 46200, 808.395
 46260, 783.020
 46320, 789.896
 46380, 803.504
 46440, 806.266
 46500, -9999.000
 46560, 757.875
 46620, 752.521
 46680, 806.148
 46740, 802.737
 46800, 832.642
 46860, 768.945
 46920, 801.059
 46980, 648.154
 47040, 633.679
 47100, 685.824
 47160, 639.921
 47220, 623.263
 47280, 666.958
 47340, 562.952
 47400, 560.803
 47460, 577.016
 47520, 557.944
 47580, 557.320
 47640, 536.066
 47700, 560.271
 47760, 537.793
 47820, 485.711
 47880, 511.362
 47940, 537.625
 48000, 554.297
 48060, 564.309
 48120, 548.720
 48180, 533.084
 48240, 544.747
 48300, 548.071
 48360, 521.897
 48420, 519.663
 48480, 527.272
 48540, 550.425
 48600, 532.841
 48660, 495.723
 48720, 499.557
 48780, 486.145
 48840, 492.344
 48900, 517.712
 48960, 511.575
 49020, 505.730
 49080, 488.692
 49140, 481.252
 49200, 497.253
 49260, 488.034
 49320, 495.110
 49380, 517.925
 49440, 514.239
 49500, 520.308
 49560, 520.472
 49620, 565.188
 49680, 558.496
 49740, 567.426
 49800, 571.492
 49860, 561.289
 49920, 565.291
 49980, 558.417
 50040, 548.573
 50100, 535.606
 50160, -9999.000
 50220, 592.110
 50280, 570.834
 50340, 548.341
 50400, 530.027
 50460, 561.228
 50520, 579.619
 50580, 534.794
 50640, 523.077
 50700, 530.732
 50760, 543.084
 50820, 553.795
 50880, 591.085
 50940, 581.347
 51000, 602.044
 51060, 706.858
 51120, 749.671
 51180, 741.344
 51240, 681.631
 51300, 690.757
 51360, 729.169
 51420, 663.111
 51480, 671.133
 51540, 665.404
 51600, 618.885
 51660, 606.153
 51720, 645.356
 51780, 577.091
 51840, 603.215
 51900, 627.064
 51960, 636.926
 52020, -9999.000
 52080, 638.064
 52140, 685.483
 52200, 713.913
 52260, 627.414
 52320, 631.686
 52380, 678.352
 52440, 684.342
 52500, 729.672
 52560, 730.540
 52620, 752.399
 52680, 790.336
 52740, 751.710
 52800, 723.274
 52860, 700.262
 52920, 738.403
 52980, 746.542
 53040, 729.850
 53100, 807.796
 53160, 865.419
 53220, 842.573
 53280, 845.997
 53340, 794.379
 53400, 746.970
 53460, 776.939
 53520, 754.734
 53580, 784.364
 53640, 852.003
 53700, 772.111
 53760, 742.885
 53820, 748.658
 53880, -9999.000
 53940, 825.795
 54000, 842.187
 54060, 837.726
 54120, 887.580
 54180, 897.032
 54240, 875.637
 54300, 884.034
 54360, 902.766
 54420, 884.094
 54480, 825.419
 54540, 882.152
 54600, 925.272
 54660, 920.967
 54720, 948.848
 54780, 1097.666
 54840, 945.830
 54900, 884.808
 54960, 888.540
 55020, 733.782
 55080, 724.357
 55140, 786.283
 55200, 700.947
 55260, 638.328
 55320, 651.955
 55380, 638.689
 55440, 548.872
 55500, 598.907
 55560, 637.855
 55620, 646.085
 55680, 652.415
 55740, 710.696
 55800, 674.166
 55860, 685.003
 55920, 655.887
 55980, 582.108
 56040, 595.467
 56100, 624.349
 56160, 591.819
 56220, 612.113
 56280, 539.767
 56340, 553.536
 56400, 551.363
 56460, 524.315
 56520, 552.218
 56580, 628.344
 56640, 601.171
 56700, 592.939
 56760, 492.530
 56820, 532.759
 56880, 552.089
 56940, 533.249
 57000, 466.092
 57060, 468.953
 57120, 469.692
 57180, 453.532
 57240, 443.479
 57300, 468.329
 57360, 446.297
