CampaignData_and_Merges/R0/CSL_MobileLab_Parked/raw/20240729/USOS-PTR_MobileLabGround_20240729_R0.ict
58, 1001
Matthew Coggon, Kelvin Bates, Chelsea Stockwell, Carsten Warneke
NOAA ESRL Chemical Sciences Division
NOAA PTR-ToF-MS
USOS
1,1 
2024, 07, 29, 2025, 09, 19
0
Time_Start, seconds, number of seconds from 00:00 UTC 
22
1, 1, 1, 1, 1, 1, 1, 1, 1, 1, 1, 1, 1, 1, 1, 1, 1, 1, 1, 1, 1, 1
-9999, -9999, -9999, -9999, -9999, -9999, -9999, -9999, -9999, -9999, -9999, -9999, -9999, -9999, -9999, -9999, -9999, -9999, -9999, -9999, -9999, -9999
CH3OH_NOAAPTR_ppbv,  ppbv, Gas_CH3OH_InSitu_S_AVMR, (CH3OH) methanol
CH3CN_NOAAPTR_ppbv,  ppbv, Gas_CH3CN_InSitu_S_AVMR, (CH3CN) acetonitrile
CH3CHO_NOAAPTR_ppbv,  ppbv, Gas_CH3CHO_InSitu_S_AVMR, (CH3CHO) acetaldehyde plus contributions from ethylene glycol and ethylene oxide. Interference from ethanol has been subtracted out.
C2H5OH_NOAAPTR_ppbv,  ppbv, Gas_C2H5OH_InSitu_S_AVMR, (C2H5OH) ethanol
CH3SH_NOAAPTR_ppbv,  ppbv, Gas_CH3SH_InSitu_S_AVMR, (CH3SH) methanethiol, using calibration factor for DMS
Acrolein_NOAAPTR_ppbv,  ppbv, Gas_Acrolein_InSitu_S_AVMR, (C3H4O) acrolein
AcetonePropanal_NOAAPTR_ppbv,  ppbv, Gas_AcetoneAndPropanal_InSitu_S_AVMR, (C3H6O) sum of acetone (dominant isomer) and propanal, using calibration factor for acetone
DMS_NOAAPTR_ppbv,  ppbv, Gas_DMS_InSitu_S_AVMR, (C2H6S) dimethyl sulfide with possible small contributions from ethanethiol
C5H8_NOAAPTR_ppbv,  ppbv, Gas_Isoprene_InSitu_S_AVMR, (C5H8) isoprene and possible fragments from cycloalkanes and aldehydes. Interferences have been subtracted following methods described by Coggon et al (2023)
MVKMAC_NOAAPTR_ppbv,  ppbv, Gas_MVKAndMAC_InSitu_S_AVMR, (C4H6O) sum of methyl vinyl ketone, methacrolein, and small amounts of crotonaldehyde, using weighted calibration factor for MVK (0.637) and MACR (0.363)
Benzene_NOAAPTR_ppbv,  ppbv, Gas_Benzene_InSitu_S_AVMR, (C6H6) benzene
Toluene_NOAAPTR_ppbv,  ppbv, Gas_Toluene_InSitu_S_AVMR, (C7H8) toluene with possible small contributions of fragments from ethyltoluene
Styrene_NOAAPTR_ppbv,  ppbv, Gas_Styrene_InSitu_S_AVMR, (C8H8) styrene
Benzaldehyde_NOAAPTR_ppbv,  ppbv, Gas_Benzaldehyde_InSitu_S_AVMR, (C7H6O) benzaldehyde
C8Aromatics_NOAAPTR_ppbv,  ppbv, Gas_C8Aromatics_InSitu_M_AVMR, (C8H10) sum of m-xylene, p-xylene, o-xylene, and ethyl benzene
C9Aromatics_NOAAPTR_ppbv,  ppbv, Gas_C9Aromatics_InSitu_M_AVMR, (C9H12) sum of C9 aromatics
Naphthalene_NOAAPTR_ppbv,  ppbv, Gas_Naphthalene_InSitu_S_AVMR, (C10H8) naphthalene
Octanal_NOAAPTR_ppbv,  ppbv, Gas_Octanal_InSitu_S_AVMR, (C8H16O) octanal and small amounts of octanone
Monoterpenes_NOAAPTR_ppbv,  ppbv, Gas_Monoterpenes_InSitu_M_AVMR, (C10H16) sum of monoterpenes and possible contributions from fragments of oxygenated monoterpenoids such as eucalyptol.
Nonanal_NOAAPTR_ppbv,  ppbv, Gas_Nonanal_InSitu_M_AVMR, (C9H18O) nonanal and small amounts of nonanone
C7H4ClF3_NOAAPTR_ppbv,  ppbv, Gas_C7H4ClF3_InSitu_S_AVMR, (C7H4ClF3) parachlorobenzotrifluoride
C10H30O5Si5_NOAAPTR_ppbv,  ppbv, Gas_C10H30O5Si5_InSitu_S_AVMR, (C10H30O5Si5) decamethylcyclopentasiloxane
1
SPECIAL COMMENTS:N/A
21
PI_CONTACT_INFO: NOAA ESRL Chemical Sciences Division, Tropospheric Chemistry Group. 325 Broadway, R/CSD7, Boulder, CO 80305
PLATFORM: Mobile Laboratory.
LOCATION: Salt Lake City, UT
ASSOCIATED_DATA: N/A
INSTRUMENT_INFO: NOAA PTR-ToF-MS measurements on NOAA CSL Mobile Lab
DATA_INFO: Units: ppbv
UNCERTAINTY: See OTHER_COMMENTS
ULOD_FLAG: -7777
ULOD_VALUE: N/A
LLOD_FLAG: -8888
LLOD_VALUE: N/A.
DM_CONTACT_INFO: Data Managers: Matt Coggon, Kelvin Bates, Chelsea Stockwell; email: matthew.m.coggon@noaa.gov and kelvin.bates@colorado.edu
PROJECT_INFO: USOS Deployment July-August, 2024
STIPULATIONS_ON_USE: Use of these data require prior OK from PI.
OTHER_COMMENTS: Uncertainties:
CH3OH_NOAAPTR_ppbv:30%; CH3CN_NOAAPTR_ppbv:30%; CH3CHO_NOAAPTR_ppbv:30%; C2H5OH_NOAAPTR_ppbv:30%; CH3SH_NOAAPTR_ppbv:50%; Acrolein_NOAAPTR_ppbv:30%; AcetonePropanal_NOAAPTR_ppbv:30%; DMS_NOAAPTR_ppbv:30%; C5H8_NOAAPTR_ppbv:30%; MVKMAC_NOAAPTR_ppbv:30%; 
Benzene_NOAAPTR_ppbv:30%; Toluene_NOAAPTR_ppbv:30%; Styrene_NOAAPTR_ppbv:30%; Benzaldehyde_NOAAPTR_ppbv:30%; C8Aromatics_NOAAPTR_ppbv:30%; C9Aromatics_NOAAPTR_ppbv:30%; Naphthalene_NOAAPTR_ppbv:30%; Octanal_NOAAPTR_ppbv:30%; Monoterpenes_NOAAPTR_ppbv:30%; Nonanal_NOAAPTR_ppbv:30%; 
C7H4ClF3_NOAAPTR_ppbv:30%; C10H30O5Si5_NOAAPTR_ppbv:30%; 
REVISION: R0
R0: Calibrated PTR Data. See individual species comments for details about measurement uncertainties
Time_Start, CH3OH_NOAAPTR_ppbv, CH3CN_NOAAPTR_ppbv, CH3CHO_NOAAPTR_ppbv, C2H5OH_NOAAPTR_ppbv, CH3SH_NOAAPTR_ppbv, Acrolein_NOAAPTR_ppbv, AcetonePropanal_NOAAPTR_ppbv, DMS_NOAAPTR_ppbv, C5H8_NOAAPTR_ppbv, MVKMAC_NOAAPTR_ppbv, Benzene_NOAAPTR_ppbv, Toluene_NOAAPTR_ppbv, Styrene_NOAAPTR_ppbv, Benzaldehyde_NOAAPTR_ppbv, C8Aromatics_NOAAPTR_ppbv, C9Aromatics_NOAAPTR_ppbv, Naphthalene_NOAAPTR_ppbv, Octanal_NOAAPTR_ppbv, Monoterpenes_NOAAPTR_ppbv, Nonanal_NOAAPTR_ppbv, C7H4ClF3_NOAAPTR_ppbv, C10H30O5Si5_NOAAPTR_ppbv
[from data line 1266]
75960.0, 2.10929, 0.22639, 0.48540, 0.62460, -0.00038, 0.07337, 1.57942, -0.00012, 0.25343, 0.16447, 0.05646, 0.05245, 0.00538, -0.03700, 0.03799, 0.01659, 0.00524, 0.01272, 0.10923, 0.00611, 0.00445, -0.00033 
76020.0, 7.60085, 0.23711, 0.66259, 0.59369, -0.00036, 0.05555, 1.61016, -0.00012, 0.23305, 0.15249, 0.04941, 0.07425, 0.00556, -0.01933, 0.04368, 0.01623, 0.00460, 0.01195, 0.15743, 0.01430, 0.00044, -0.00026 
76080.0, 2.84959, 0.22085, 0.55220, 0.44379, -0.00083, 0.07792, 1.55730, -0.00012, 0.19180, 0.16244, 0.07924, 0.05311, -0.00198, -0.02297, 0.02741, 0.00979, 0.01121, 0.01617, 0.15855, 0.02687, 0.00122, 0.00034 
76140.0, 1.99368, 0.23919, 0.50956, 0.40441, 0.00222, 0.07151, 1.56321, -0.00012, 0.19813, 0.14168, 0.03991, 0.05600, 0.00251, -0.02205, 0.02559, 0.00926, 0.00236, 0.01201, 0.12791, 0.02496, 0.00126, -0.00080 
76200.0, 1.91614, 0.24279, 0.50428, 0.37341, -0.00068, 0.09028, 1.59658, -0.00012, 0.20852, 0.17083, 0.03803, 0.07356, -0.00755, -0.00875, 0.02674, 0.01352, 0.00391, 0.00226, 0.13229, 0.01597, 0.00313, -0.00104 
76260.0, 3.11855, 0.21968, 0.60770, 0.45562, 0.00199, 0.06258, 1.57154, -0.00012, 0.24446, 0.18276, 0.06513, 0.07474, 0.01335, -0.00213, 0.03158, 0.01202, 0.00256, 0.01251, 0.16895, 0.02463, 0.00039, -0.00025 
76320.0, 3.84108, 0.23738, 0.84056, 0.80354, 0.00122, 0.05839, 1.70857, 0.00608, 0.40499, 0.25394, 0.05835, 0.06758, 0.01093, -0.00767, 0.02848, 0.02150, 0.01162, 0.02684, 0.24840, 0.02216, 0.00374, -0.00079 
76380.0, 2.81627, 0.24618, 0.53089, 0.58935, 0.00044, 0.06280, 1.61411, -0.00012, 0.29326, 0.19583, 0.04047, 0.08413, -0.00496, -0.01469, 0.03279, 0.00846, 0.00087, -0.00128, 0.18043, 0.01509, 0.00132, -0.00051 
76440.0, 2.90552, 0.23969, 0.56997, 0.44951, 0.00221, 0.05429, 1.61689, -0.00012, 0.46229, 0.19928, 0.04524, 0.08574, 0.00776, -0.02258, 0.04202, 0.01196, -0.00172, 0.02602, 0.11442, 0.01373, 0.00084, -0.00111 
76500.0, 2.56705, 0.25119, 0.56156, 0.74836, 0.00176, 0.07605, 1.57353, 0.00143, 0.41223, 0.21412, 0.05222, 0.06148, 0.00166, -0.01850, 0.03420, 0.01687, -0.00518, 0.03398, 0.11605, 0.01608, 0.00232, 0.00023 
76560.0, 2.87501, 0.24422, 0.70760, 1.33467, -0.00083, 0.11142, 1.65407, -0.00011, 0.31238, 0.23756, 0.05197, 0.14895, 0.00623, -0.02106, 0.11137, 0.03697, 0.00343, 0.01965, 0.12707, 0.01401, 0.00232, -0.00041 
76620.0, 2.80736, 0.24198, 0.56523, 0.82456, 0.00157, 0.09061, 1.65430, -0.00011, 0.44499, 0.22547, 0.08833, 0.11558, 0.00991, -0.00059, 0.06278, 0.02211, 0.00559, 0.02726, 0.09567, 0.01348, 0.00319, 0.00001 
76680.0, 3.16442, 0.23864, 0.46618, 0.69947, -0.00035, 0.08922, 1.57841, -0.00011, 0.31139, 0.23381, 0.11121, 0.14478, 0.00875, -0.01594, 0.07492, 0.03080, 0.00376, 0.02433, 0.14407, 0.02134, 0.00077, 0.00039 
76740.0, 2.74338, 0.25454, 1.52458, 1.00521, 0.00134, 0.08755, 1.61437, -0.00011, 0.31865, 0.23009, 0.10727, 0.22526, -0.00759, -0.00355, 0.08219, 0.04243, 0.00817, 0.01466, 0.20273, 0.02002, -0.00059, -0.00040 
76800.0, 2.85529, 0.22510, 0.86733, 0.98820, -0.00083, 0.11040, 1.68813, -0.00011, 0.71251, 0.27793, 0.06594, 0.10091, 0.01171, -0.01751, 0.06079, 0.03373, 0.00990, 0.01725, 0.16924, 0.01730, -0.00087, 0.00199 
76860.0, 2.34580, 0.23812, 0.61026, 0.68324, -0.00031, 0.10264, 1.54673, -0.00011, 0.56217, 0.25292, 0.00842, 0.09987, 0.01260, -0.03757, 0.05575, 0.02307, -0.00159, 0.00851, 0.10304, 0.02579, 0.00092, 0.00017 
76920.0, 2.21645, 0.23622, 0.70248, 0.86719, 0.00028, 0.10145, 1.60320, 0.00396, 0.39005, 0.23614, 0.09445, 0.19246, 0.01647, -0.00958, 0.08700, 0.04530, -0.00679, 0.01109, 0.13257, 0.02657, 0.00263, -0.00000 
76980.0, 1.83273, 0.21215, 0.47173, 0.43025, -0.00082, 0.05967, 1.48927, -0.00011, 0.30709, 0.20211, 0.06840, 0.04708, 0.00221, -0.02620, 0.03077, 0.01384, 0.00305, 0.00934, 0.04215, 0.00874, 0.00202, -0.00003 
77040.0, 1.92014, 0.21620, 0.49961, 0.50840, -0.00042, 0.09283, 1.48806, -0.00011, 0.31049, 0.22481, 0.05097, 0.05848, 0.01128, -0.02486, 0.02837, 0.01333, 0.01119, 0.01490, 0.06996, 0.02808, 0.00621, 0.00179 
77100.0, 3.70663, 0.23988, 0.85032, 0.92346, 0.00208, 0.13404, 1.68950, 0.00388, 0.52811, 0.25155, 0.10165, 0.19068, 0.03487, -0.03824, 0.12543, 0.07246, 0.00613, 0.01373, 0.12230, 0.01922, 0.00289, 0.00085 
77160.0, 3.14182, 0.22317, 0.69119, 0.84644, -0.00082, 0.11969, 1.68481, -0.00011, 0.62018, 0.25035, 0.04434, 0.13857, 0.00805, 0.00375, 0.05723, 0.02338, 0.00671, 0.01763, 0.14583, 0.02006, 0.00666, 0.00121 
77220.0, 3.22826, 0.24486, 0.66609, 0.64318, 0.00184, 0.06702, 1.66083, -0.00011, 0.40531, 0.25690, 0.18093, 0.17944, 0.01804, -0.00138, 0.10510, 0.04872, 0.00494, 0.01440, 0.23156, 0.03417, -0.00002, -0.00049 
77280.0, 2.35262, 0.21196, 0.61225, 0.88095, -0.00082, 0.08443, 1.59508, -0.00011, 0.40642, 0.27014, 0.04491, 0.10051, 0.01175, -0.01368, 0.05470, 0.01823, 0.01349, 0.01312, 0.15385, 0.01310, 0.00534, 0.00109 
77340.0, 1.48955, 0.23653, 0.40631, 0.54733, -0.00082, 0.05239, 1.50062, -0.00011, 0.29357, 0.23694, 0.03472, 0.06260, 0.00058, -0.03177, 0.01977, 0.01260, 0.00676, 0.00893, 0.05046, 0.01073, 0.00141, -0.00028 
77400.0, 2.12352, 0.23240, 0.42028, 0.50056, -0.00049, 0.08642, 1.52710, -0.00011, 0.32715, 0.25492, 0.02892, 0.04344, 0.00218, -0.03276, 0.02411, 0.01180, 0.00641, 0.00809, 0.08141, 0.01416, 0.00387, 0.00178 
77460.0, 2.06990, 0.22463, 0.53154, 0.84582, -0.00069, 0.10655, 1.57605, -0.00011, 0.43262, 0.31228, 0.04145, 0.07616, 0.00736, -0.01860, 0.03353, 0.02272, 0.00705, 0.01775, 0.14564, 0.00651, 0.00449, -0.00103 
77520.0, 2.24081, 0.23597, 0.38060, 0.48050, 0.00291, 0.06690, 1.52114, -0.00011, 0.31369, 0.20296, 0.04876, 0.04940, -0.00764, -0.02105, 0.02328, 0.00824, 0.00618, 0.01443, 0.06121, 0.01955, 0.00156, 0.00231 
77580.0, 1.64969, 0.22766, 0.51930, 0.74951, 0.00048, 0.09756, 1.53547, -0.00011, 0.32835, 0.21137, 0.04602, 0.08306, 0.00561, -0.02371, 0.04387, 0.01197, -0.00140, 0.01101, 0.09515, 0.01817, -0.00018, 0.00094 
77640.0, 2.59810, 0.23868, 0.72079, 1.01613, 0.00163, 0.12237, 1.65293, -0.00011, 0.53911, 0.28712, 0.05769, 0.18843, 0.01056, -0.02152, 0.08028, 0.02768, 0.00226, 0.01586, 0.24732, 0.02958, -0.00086, 0.00079 
77700.0, 2.94545, 0.21308, 0.79034, 2.29389, 0.00077, 0.13172, 1.67376, -0.00011, 0.59569, 0.27584, 0.18287, 0.44760, 0.01849, -0.05036, 0.22904, 0.07431, 0.01034, 0.02402, 0.10755, 0.04453, 0.00509, 0.00106 
77760.0, 2.87408, 0.22628, 0.74423, 0.96532, 0.00061, 0.11724, 1.65889, 0.00298, 0.80960, 0.27459, 0.04250, 0.10654, 0.00727, -0.02594, 0.04848, 0.02029, -0.00089, 0.02010, 0.14479, 0.02404, 0.00144, 0.00013 
77820.0, 2.23214, 0.22767, 0.47677, 0.69079, -0.00003, 0.06046, 1.56072, -0.00011, 0.35160, 0.24056, 0.03283, 0.06816, 0.00394, -0.01984, 0.03246, 0.01634, -0.00108, 0.00969, 0.07670, 0.01427, -0.00074, 0.00182 
77880.0, 2.53777, 0.25103, 0.57378, 0.80601, 0.00022, 0.10025, 1.58249, -0.00011, 0.50505, 0.27580, 0.06786, 0.10025, 0.00517, -0.03705, 0.04776, 0.01830, 0.00371, 0.00916, 0.19979, 0.02480, 0.00494, -0.00013 
77940.0, 4.08355, 0.26294, 0.74044, 0.62764, 0.00031, 0.07604, 1.71537, -0.00011, 0.63232, 0.28046, 0.08201, 0.10672, 0.00819, -0.01980, 0.05468, 0.02310, 0.01843, 0.02455, 0.13053, 0.02362, 0.00470, 0.00089 
78000.0, 3.99254, 0.23939, 0.69395, 1.04762, 0.00153, 0.09372, 1.69848, -0.00011, 0.47306, 0.28804, 0.10746, 0.14150, 0.01040, -0.02060, 0.06484, 0.03208, -0.00461, 0.03209, 0.26246, 0.02767, 0.00100, 0.00204 
78060.0, 1.77094, 0.24162, 0.55467, 0.73973, 0.00300, 0.08712, 1.55921, -0.00011, 0.39693, 0.20399, 0.05153, 0.09197, 0.00412, -0.02070, 0.04107, 0.01933, 0.00548, 0.01704, 0.07755, 0.01909, 0.00283, 0.00105 
78120.0, 3.30589, 0.22401, 0.59662, 0.70337, -0.00081, 0.09375, 1.60136, 0.00099, 0.34105, 0.23007, 0.05624, 0.11780, 0.01092, -0.02756, 0.05552, 0.02369, 0.00212, 0.01697, 0.17114, 0.01513, 0.00311, 0.00084 
78180.0, 2.52825, 0.23990, 0.52148, 0.86722, -0.00054, 0.07772, 1.54089, -0.00011, 0.28001, 0.19944, 0.06668, 0.09044, 0.00882, -0.02406, 0.03598, 0.01749, -0.00017, 0.01791, 0.10667, 0.01598, 0.00247, 0.00050 
78240.0, 1.99276, 0.26236, 0.53764, 0.64330, -0.00081, 0.07772, 1.56032, -0.00011, 0.31036, 0.20093, 0.02813, 0.07214, 0.01180, -0.00612, 0.02712, 0.01257, 0.00594, 0.00800, 0.07265, 0.02030, -0.00086, -0.00038 
78300.0, 1.90830, 0.23606, 0.41913, 0.37807, -0.00045, 0.08123, 1.46727, -0.00011, 0.23923, 0.20833, 0.06121, 0.05515, -0.00521, -0.00986, 0.02205, 0.00975, 0.00266, 0.00664, 0.04938, 0.01525, 0.00142, 0.00101 
78360.0, 2.27227, 0.22620, 0.62916, 0.51834, 0.00049, 0.11406, 1.76417, -0.00011, 0.26532, 0.23747, 0.05506, 0.08584, 0.01149, -0.00576, 0.03680, 0.01963, 0.00206, 0.01997, 0.27367, 0.01610, 0.00132, 0.00028 
78420.0, 3.31161, 0.25421, 0.59461, 0.92777, 0.00061, 0.10115, 1.62641, -0.00011, 0.38891, 0.27040, 0.08414, 0.14241, 0.01234, -0.02029, 0.06369, 0.03366, 0.00336, 0.00953, 0.24403, 0.01431, -0.00068, 0.00031 
78480.0, 2.87546, 0.23583, 0.61209, 0.64215, 0.00105, 0.10566, 1.65840, -0.00011, 0.44325, 0.25055, 0.05349, 0.10314, 0.02623, -0.02529, 0.05998, 0.01790, 0.01757, 0.01475, 0.18263, 0.02869, 0.00429, 0.00053 
78540.0, 2.77094, 0.24326, 0.71968, 1.14965, 0.00160, 0.08413, 1.75746, 0.00201, 0.52220, 0.29082, 0.03543, 0.09698, 0.01289, -0.02142, 0.04516, 0.02029, 0.00202, 0.02022, 0.14578, 0.02447, 0.00269, -0.00013 
78600.0, 2.18970, 0.25800, 0.51387, 0.63747, -0.00012, 0.08067, 1.61963, -0.00011, 0.27168, 0.21889, 0.03182, 0.09832, 0.01054, -0.01098, 0.03982, 0.01737, 0.00418, 0.00797, 0.06534, 0.03176, 0.00290, -0.00036 
78660.0, 2.90464, 0.24688, 0.64001, 1.07296, -0.00081, 0.10580, 1.74992, -0.00010, 0.36390, 0.23471, 0.13889, 0.21067, 0.01219, -0.02155, 0.06704, 0.03248, 0.00535, 0.02378, 0.07061, 0.03046, 0.00276, 0.00031 
78720.0, 2.86902, 0.23409, 0.49691, 1.18426, -0.00081, 0.08839, 1.63043, -0.00010, 0.37376, 0.21980, 0.05823, 0.11431, 0.01357, -0.02889, 0.04262, 0.01543, 0.00741, 0.02249, 0.07079, 0.01869, 0.00824, 0.00166 
78780.0, 3.19475, 0.24570, 0.67880, 1.31036, -0.00071, 0.10750, 1.89526, -0.00010, 0.53208, 0.22962, 0.08481, 0.09659, 0.00376, -0.03109, 0.05562, 0.01958, -0.00230, -0.00052, 0.10300, 0.02677, 0.00346, 0.00145 
78840.0, 2.90932, 0.24554, 0.56837, 0.69807, -0.00003, 0.07745, 1.71719, -0.00010, 0.41846, 0.20218, 0.09175, 0.06992, -0.00218, -0.02095, 0.03211, 0.01311, -0.00138, 0.00862, 0.09718, 0.02408, 0.00363, 0.00091 
78900.0, 2.18245, 0.23570, 0.70719, 0.97372, 0.00086, 0.08429, 1.76443, -0.00010, 0.42324, 0.23250, 0.08223, 0.12093, 0.00500, -0.01122, 0.04073, 0.01899, -0.00188, 0.02715, 0.09470, 0.03280, 0.00927, 0.00150 
78960.0, 2.21650, 0.23927, 0.55209, 1.00288, -0.00047, 0.08251, 1.76456, -0.00010, 0.41172, 0.22584, 0.11171, 0.13165, 0.00988, -0.01923, 0.05184, 0.02361, 0.00476, 0.02694, 0.08576, 0.01458, 0.00595, 0.00008 
79020.0, 2.58768, 0.26794, 0.66767, 0.80647, 0.00372, 0.13203, 1.76195, -0.00010, 0.37222, 0.23482, 0.11571, 0.11195, 0.00630, -0.02170, 0.03865, 0.02351, 0.00814, 0.01378, 0.07984, 0.02409, 0.00721, 0.00019 
79080.0, 3.30697, 0.29324, 1.12708, 1.38705, 0.00679, 0.23143, 1.88057, -0.00010, 0.41206, 0.27075, 0.15486, 0.12072, 0.02356, -0.01164, 0.04782, 0.01741, 0.00626, 0.01031, 0.08184, 0.01474, 0.00192, -0.00088 
79140.0, 3.77857, 0.37625, 1.51185, 1.13031, 0.00744, 0.28791, 1.87912, -0.00010, 0.49474, 0.29543, 0.18051, 0.13442, 0.01739, 0.00020, 0.03604, 0.01039, 0.02158, 0.02157, 0.09481, 0.01231, 0.00457, 0.00079 
79200.0, 3.25259, 0.29024, 1.04273, 1.37772, 0.00434, 0.15716, 1.84232, -0.00010, 0.43794, 0.26707, 0.13720, 0.11641, 0.02461, 0.00429, 0.04385, 0.01469, 0.00910, 0.01252, 0.08497, 0.02440, 0.00940, 0.00222 
79260.0, 3.43063, 0.26150, 0.79211, 1.11344, -0.00055, 0.09774, 2.01267, -0.00010, 0.20622, 0.21632, 0.10416, 0.11381, 0.00442, -0.01872, 0.06700, 0.02469, 0.00252, 0.02241, 0.07168, 0.02532, 0.01439, -0.00101 
79320.0, 2.29999, 0.27171, 0.64306, 0.80866, -0.00007, 0.08768, 2.00953, -0.00010, 0.09376, 0.22430, 0.02542, 0.09828, 0.00624, -0.01588, 0.04945, 0.01571, 0.01362, 0.01538, 0.04936, 0.01308, 0.01171, -0.00018 
79380.0, 3.09876, 0.27212, 0.76121, 0.89561, -0.00055, 0.10862, 2.04355, -0.00010, 0.18751, 0.24643, 0.05469, 0.10492, 0.00705, -0.02343, 0.06008, 0.01874, 0.00269, 0.00880, 0.04693, 0.02080, 0.01414, 0.00137 
79440.0, 2.64972, 0.24449, 0.76966, 0.81914, 0.00218, 0.09555, 1.77025, -0.00010, 0.28442, 0.20327, 0.08487, 0.09893, 0.00336, -0.01919, 0.04558, 0.01577, 0.00103, 0.00741, 0.07489, 0.02074, 0.01595, 0.00056 
79500.0, 2.75372, 0.25553, 0.83522, 1.13777, 0.00161, 0.10945, 1.81791, -0.00010, 0.41911, 0.23356, 0.07706, 0.12731, -0.00463, -0.01753, 0.05579, 0.02736, 0.00432, 0.01321, 0.09811, 0.01947, 0.01591, 0.00021 
79560.0, 3.01242, 0.25916, 0.81459, 0.93407, 0.00348, 0.10535, 1.82474, -0.00010, 0.34930, 0.20707, 0.08340, 0.12027, 0.00810, -0.01093, 0.04970, 0.02691, -0.00228, 0.02149, 0.09515, 0.01530, 0.01669, 0.00064 
79620.0, 2.29966, 0.24391, 0.74976, 0.92705, -0.00018, 0.10628, 1.76969, -0.00010, 0.43258, 0.21880, 0.11349, 0.10818, 0.00534, -0.01784, 0.03909, 0.02006, 0.00592, 0.01894, 0.12106, 0.01396, 0.00906, 0.00194 
79680.0, 2.86520, 0.25442, 1.27160, 0.99452, 0.00094, 0.09007, 1.67428, -0.00010, 0.52386, 0.16692, 0.07162, 0.10730, 0.00858, -0.01728, 0.04070, 0.01195, -0.00679, 0.00626, 0.08538, 0.01603, 0.00939, 0.00035 
79740.0, 2.36481, 0.23573, 0.87488, 0.99744, -0.00051, 0.10181, 1.62360, -0.00010, 0.36993, 0.18163, 0.06540, 0.10074, 0.00052, -0.03327, 0.04262, 0.01704, -0.00038, 0.00548, 0.07480, 0.00833, 0.00935, -0.00089 
79800.0, 2.47360, 0.24624, 0.67158, 0.80681, 0.00229, 0.08533, 1.63292, -0.00010, 0.33775, 0.15714, 0.04442, 0.05884, 0.00743, -0.00714, 0.02953, 0.01143, 0.00885, 0.01049, 0.07163, 0.00506, 0.00641, 0.00070 
79860.0, 2.30792, 0.24297, 0.60364, 1.15222, 0.00028, 0.08583, 1.59628, -0.00010, 0.34357, 0.15977, 0.05458, 0.05204, -0.00780, -0.01765, 0.02820, 0.01505, 0.00558, 0.01253, 0.07396, 0.01702, 0.00074, -0.00053 
79920.0, 2.51239, 0.24560, 0.62687, 0.97390, 0.00024, 0.08582, 1.61883, -0.00010, 0.30970, 0.19531, 0.05805, 0.07814, 0.00781, -0.01229, 0.03807, 0.01974, 0.00573, 0.00811, 0.07374, 0.02479, 0.00814, 0.00063 
79980.0, 1.93354, 0.23738, 0.73563, 1.09475, 0.00005, 0.08498, 1.69012, -0.00010, 0.46374, 0.20522, 0.09011, 0.10864, 0.00743, -0.01485, 0.04325, 0.01530, 0.00855, 0.01970, 0.08221, 0.01502, 0.00777, -0.00027 
80040.0, 2.39314, 0.23538, 0.86596, 1.49858, -0.00080, 0.08302, 1.81071, -0.00010, 0.85647, 0.25187, 0.05372, 0.12215, 0.01327, -0.00361, 0.04631, 0.02054, 0.00455, 0.01916, 0.12847, 0.02380, 0.00704, 0.00119 
80100.0, 2.83373, 0.23665, 0.68283, 1.36037, 0.00081, 0.09028, 1.80099, -0.00010, 0.41655, 0.26422, 0.08600, 0.10663, 0.00687, -0.01821, 0.05984, 0.02771, -0.00191, 0.01163, 0.10601, 0.03077, 0.00963, -0.00143 
80160.0, 2.47065, 0.23275, 1.03766, 1.05881, 0.00094, 0.12141, 1.67172, -0.00010, 0.30978, 0.30259, 0.07252, 0.10727, 0.01478, -0.02154, 0.04817, 0.02076, 0.00776, 0.01562, 0.17254, -0.00045, 0.00325, 0.00009 
80220.0, 3.41267, 0.22985, 0.75052, 1.02947, 0.00112, 0.10354, 1.71389, -0.00010, 0.46791, 0.27595, 0.04509, 0.11367, 0.00853, -0.02142, 0.04735, 0.01776, 0.00187, 0.00613, 0.12394, 0.01410, 0.00374, -0.00057 
80280.0, 2.33400, 0.25183, 0.57024, 0.71931, 0.00252, 0.09700, 1.56514, 0.00611, 0.68746, 0.29150, 0.07271, 0.08701, 0.00119, -0.02071, 0.04164, 0.01322, 0.00080, 0.01764, 0.11215, 0.02477, 0.00236, 0.00015 
80340.0, 2.47273, 0.24792, 0.54953, 0.43269, 0.00124, 0.06586, 1.56083, -0.00010, 0.51374, 0.27368, 0.05281, 0.07283, 0.00875, -0.02336, 0.02796, 0.01787, 0.00390, 0.00817, 0.08377, 0.02112, 0.00401, 0.00164 
80400.0, 2.11249, 0.22998, 0.52294, 0.64993, 0.00063, 0.06811, 1.55039, -0.00010, 0.38865, 0.30287, 0.05385, 0.06792, -0.00688, -0.01985, 0.03569, 0.01569, -0.00513, 0.00902, 0.05492, 0.01838, 0.00121, -0.00047 
