CampaignData_and_Merges/R0/CSL_MobileLab_Parked/raw/20240729/USOS-NOAAIodideCIMS-Halogens_MobileLabGround_20240729_RA.ict
38, 1001
Michael A Robinson, Chris Jernigan, Subi Thakali
NOAA ESRL Chemical Sciences Laboratory and CIRES, U. of Colorado
NOAA Iodide CIMS Instrument
USOS
1, 1
2024, 07, 29, 2024, 07, 30
1
starttime_UTC, seconds_past_midnight, seconds_of_day_since_00:00:00_UTC
6
1, 1, 1, 1, 1, 1
-9999, -9999, -9999, -9999, -9999, -9999
Br2_NOAACIMS, pptv, Gas_Br2_InSitu_S_AVMR, 
BrO_NOAACIMS, pptv, Gas_BrO_InSitu_S_AVMR, 
Cl2_NOAACIMS, pptv, Gas_Cl2_InSitu_S_AVMR, 
ClNO2_NOAACIMS, pptv, Gas_ClNO2_InSitu_S_AVMR, 
BrCl_NOAACIMS, pptv, Gas_BrCl_InSitu_S_AVMR, 
NCl3_NOAACIMS, pptv, Gas_NCl3_InSitu_S_AVMR, 
0
18
PI_CONTACT_INFO: 325 Broadway, R/CSD 7, Boulder, Colorado 80305; michael.a.robinson@noaa.gov; chris.jernigan@noaa.gov;
PLATFORM: NOAA CSL Mobile Lab
LOCATION: SLC, Utah
ASSOCIATED_DATA: 1Hz data also available on request.
INSTRUMENT_INFO: NOAA I- ToF CIMS
DATA_INFO: All data in parts per trillion by volume (pptv). 1 Hz data is available upon request.
UNCERTAINTY: TBD
ULOD_FLAG: -7777
ULOD_VALUE: N/A
LLOD_FLAG: -8888
LLOD_VALUE: N/A
DM_CONTACT_INFO: Nathan Howard; nathan.h.howard@noaa.gov
PROJECT_INFO: USOS, summer 2024. https://csl.noaa.gov/groups/csl7/measurements/2024usos/
STIPULATIONS_ON_USE: Users are strongly encouraged to contact the PI for proper data usage.
OTHER_COMMENTS: 
REVISION: RA
RA: Preliminary Data; For in-field use only
starttime_UTC, Br2_NOAACIMS, BrO_NOAACIMS, Cl2_NOAACIMS, ClNO2_NOAACIMS, BrCl_NOAACIMS, NCl3_NOAACIMS
[from data line 280]
 16800,  0.931,  0.169,  0.756,  0.171,  0.521,  2.847
 16860,  0.909,  0.152,  0.661,  0.128,  0.315,  2.167
 16920, -9999.000, -9999.000, -9999.000, -9999.000, -9999.000, -9999.000
 16980,  1.109,  0.123,  0.619,  0.131,  0.380,  5.475
 17040,  0.982,  0.087,  0.626,  0.127,  0.422,  4.295
 17100,  0.925,  0.193,  0.737,  0.145,  0.365,  9.206
 17160,  0.988,  0.103,  0.735,  0.122,  0.401,  7.333
 17220,  1.059,  0.187,  0.577,  0.153,  0.305,  3.721
 17280,  1.045,  0.129,  0.599,  0.130,  0.415,  4.946
 17340,  1.016,  0.139,  0.675,  0.193,  0.404,  3.163
 17400,  0.954,  0.195,  0.657,  0.174,  0.418,  2.014
 17460,  0.846,  0.185,  0.717,  0.141,  0.374,  4.255
 17520,  0.966,  0.056,  0.727,  0.146,  0.443,  2.342
 17580,  0.983,  0.198,  0.847,  0.192,  0.436,  2.047
 17640,  0.934,  0.219,  0.772,  0.212,  0.376,  2.211
 17700,  1.014,  0.134,  0.752,  0.142,  0.426,  2.054
 17760,  1.012,  0.232,  1.027,  0.168,  0.370,  2.241
 17820,  0.893,  0.234,  0.803,  0.198,  0.407,  1.991
 17880,  0.905,  0.155,  0.865,  0.151,  0.431,  5.845
 17940,  1.038,  0.180,  0.814,  0.123,  0.428,  7.528
 18000,  0.993,  0.134,  0.787,  0.151,  0.425,  5.308
 18060,  0.981,  0.157,  1.152,  0.214,  0.506, 14.000
 18120,  0.989,  0.118,  0.904,  0.182,  0.563, 11.319
 18180,  1.135,  0.287,  0.904,  0.180,  0.451,  9.902
 18240,  0.980,  0.196,  0.724,  0.153,  0.449,  5.256
 18300,  0.978,  0.187,  0.978,  0.143,  0.465,  7.940
 18360,  1.055,  0.125,  0.816,  0.158,  0.452, 11.647
 18420,  0.963,  0.106,  0.722,  0.166,  0.435,  5.946
 18480,  0.824,  0.225,  0.680,  0.132,  0.404,  5.267
 18540,  0.966,  0.162,  0.942,  0.130,  0.399,  7.320
 18600,  0.931,  0.169,  1.086,  0.179,  0.580, 13.859
 18660,  0.885,  0.207,  1.139,  0.179,  0.537, 15.190
 18720,  0.905,  0.224,  0.773,  0.141,  0.429,  5.232
 18780,  0.866,  0.601,  0.531, -0.026,  0.540,  1.144
 18840,  0.844,  0.184,  0.897,  0.185,  0.364,  4.347
 18900,  0.921,  0.098,  0.852,  0.158,  0.368,  3.855
 18960,  0.955,  0.181,  1.046,  0.175,  0.506, 12.376
 19020,  0.972,  0.089,  0.831,  0.145,  0.387,  3.749
 19080,  0.845,  0.151,  1.009,  0.180,  0.402,  7.653
 19140,  0.972,  0.124,  0.819,  0.135,  0.357,  2.393
 19200,  1.008,  0.243,  1.012,  0.151,  0.482, 10.211
 19260,  0.965,  0.228,  0.887,  0.162,  0.381,  3.545
 19320,  0.901,  0.104,  0.883,  0.191,  0.457,  5.377
 19380,  0.812,  0.168,  0.890,  0.204,  0.310,  3.310
 19440,  0.983,  0.202,  1.000,  0.170,  0.421,  8.042
 19500,  1.043,  0.239,  1.028,  0.156,  0.404,  7.133
 19560,  0.873,  0.193,  0.868,  0.188,  0.404,  2.483
 19620,  0.974,  0.235,  0.973,  0.200,  0.408,  7.560
 19680,  0.922,  0.244,  0.873,  0.192,  0.359,  4.374
 19740,  0.955,  0.185,  0.940,  0.179,  0.467,  7.627
 19800,  0.869,  0.284,  0.904,  0.168,  0.372,  5.566
 19860,  0.732,  0.180,  0.908,  0.160,  0.389,  5.566
 19920,  0.991,  0.144,  0.850,  0.166,  0.410,  6.551
 19980,  0.780,  0.222,  1.016,  0.191,  0.429, 13.292
 20040,  0.907,  0.235,  1.044,  0.212,  0.404, 12.591
 20100,  0.837,  0.229,  1.014,  0.193,  0.303,  9.596
 20160,  0.867,  0.301,  0.960,  0.180,  0.370, 10.323
 20220,  0.893,  0.138,  0.880,  0.164,  0.344, 10.244
 20280,  0.927,  0.408,  1.004,  0.140,  0.392, 11.333
 20340,  0.846,  0.228,  0.800,  0.126,  0.279,  4.502
 20400,  0.861,  0.181,  0.946,  0.188,  0.300, 10.568
 20460,  0.909,  0.312,  0.975,  0.175,  0.416, 10.706
 20520,  0.797,  0.265,  0.889,  0.178,  0.409,  7.055
 20580,  0.962,  0.286,  1.047,  0.152,  0.478, 11.852
 20640, -9999.000, -9999.000, -9999.000, -9999.000, -9999.000, -9999.000
 20700,  0.663,  0.269,  0.953,  0.225,  0.378,  3.018
 20760,  0.793,  0.279,  0.893,  0.247,  0.341,  4.491
 20820,  0.766,  0.263,  0.916,  0.289,  0.343,  4.797
 20880,  0.886,  0.171,  0.982,  0.357,  0.424,  4.547
 20940,  0.889,  0.355,  0.925,  0.358,  0.374,  3.036
 21000,  0.825,  0.227,  0.912,  0.463,  0.359,  3.548
 21060,  0.819,  0.200,  0.886,  0.701,  0.359,  3.550
 21120,  0.918,  0.166,  0.913,  0.762,  0.384,  3.724
 21180,  0.992,  0.156,  0.940,  0.602,  0.383,  3.501
 21240,  0.686,  0.216,  0.955,  0.733,  0.358,  3.597
 21300,  0.846,  0.164,  1.032,  0.857,  0.360,  5.461
 21360,  0.768,  0.190,  1.056,  0.492,  0.364,  9.459
 21420,  0.770,  0.177,  0.887,  0.456,  0.296,  7.220
 21480,  0.716,  0.088,  0.864,  0.229,  0.323,  5.956
 21540,  0.894,  0.117,  0.834,  0.227,  0.311,  4.317
 21600,  0.800,  0.114,  0.654,  0.184,  0.331,  4.714
 21660,  0.858,  0.231,  0.687,  0.174,  0.337,  5.162
 21720,  0.780,  0.181,  0.742,  0.146,  0.330,  4.173
 21780,  0.864,  0.265,  0.848,  0.219,  0.342,  7.624
 21840,  0.940,  0.162,  0.709,  0.216,  0.358,  4.595
 21900,  0.843,  0.124,  0.852,  0.231,  0.339,  5.017
 21960,  0.689,  0.129,  0.939,  0.329,  0.409,  4.562
 22020,  0.963,  0.179,  0.907,  0.335,  0.314,  4.520
 22080,  0.848,  0.028,  0.710,  0.321,  0.390,  3.109
 22140,  0.869,  0.144,  0.787,  0.312,  0.318,  2.927
 22200,  1.013,  0.172,  0.789,  0.327,  0.415,  5.287
 22260,  0.862,  0.136,  0.939,  0.401,  0.369,  6.591
 22320,  0.904,  0.062,  0.862,  0.478,  0.404,  5.517
 22380,  0.866,  0.124,  1.113,  0.430,  0.343, 12.471
 22440,  1.007,  0.035,  0.786,  0.364,  0.374,  8.285
 22500,  0.767,  0.089,  0.884,  0.514,  0.354,  9.390
 22560,  1.064,  0.193,  0.986,  0.601,  0.339,  7.438
 22620,  0.849,  0.058,  1.024,  0.538,  0.416, 10.050
 22680,  0.735,  0.111,  1.136,  0.685,  0.335, 13.141
 22740,  0.951,  0.099,  1.068,  0.980,  0.352,  6.498
 22800,  0.910,  0.144,  1.192,  1.423,  0.401,  8.206
 22860,  0.844,  0.097,  1.379,  1.661,  0.387,  8.252
 22920,  0.786,  0.114,  1.318,  2.060,  0.424,  9.389
 22980,  0.973,  0.157,  1.397,  2.292,  0.366,  9.830
 23040,  0.740,  0.115,  1.364,  2.185,  0.347, 10.050
 23100,  0.972,  0.132,  1.554,  2.257,  0.367, 11.584
 23160,  0.962,  0.207,  1.801,  2.381,  0.534, 20.097
 23220,  0.806,  0.103,  1.658,  2.714,  0.413, 17.024
 23280,  0.930,  0.079,  1.544,  2.575,  0.442, 14.494
 23340,  0.894,  0.069,  1.401,  2.554,  0.360, 11.756
 23400,  0.920,  0.187,  1.447,  2.485,  0.377, 11.043
 23460,  0.988,  0.107,  1.446,  2.795,  0.421, 11.412
 23520,  0.886,  0.023,  1.394,  2.843,  0.408, 11.083
 23580,  0.920,  0.126,  1.524,  2.900,  0.395, 10.867
 23640,  0.661,  0.186,  1.564,  2.745,  0.401, 10.417
 23700,  0.876,  0.036,  1.620,  2.947,  0.371,  9.930
 23760,  0.815,  0.158,  1.458,  2.749,  0.386, 10.498
 23820,  0.884,  0.163,  1.502,  2.846,  0.369, 12.081
 23880,  0.823,  0.076,  1.339,  2.700,  0.410, 10.670
 23940,  0.789,  0.184,  1.345,  2.755,  0.429,  9.153
 24000,  0.922,  0.069,  1.304,  2.503,  0.467,  8.973
 24060,  0.918,  0.045,  1.414,  2.510,  0.423,  8.712
 24120,  0.973,  0.196,  1.479,  2.536,  0.527, 17.177
 24180,  0.909,  0.059,  1.356,  2.483,  0.461,  9.150
 24240,  0.811,  0.004,  1.620,  2.744,  0.538, 14.175
 24300, -9999.000, -9999.000, -9999.000, -9999.000, -9999.000, -9999.000
 24360,  0.839,  0.086,  1.161,  2.304,  0.489, 10.696
 24420,  0.957,  0.032,  1.399,  2.671,  0.438, 11.011
 24480,  0.973,  0.157,  1.460,  2.588,  0.400, 10.670
 24540,  0.825,  0.107,  1.439,  2.586,  0.387, 11.208
 24600,  0.930,  0.051,  1.477,  2.524,  0.370, 11.646
 24660,  0.898,  0.083,  1.465,  2.666,  0.378, 11.645
 24720,  0.718,  0.028,  1.583,  2.653,  0.419, 10.852
 24780,  0.898,  0.074,  1.507,  2.632,  0.409, 11.271
 24840,  0.829,  0.086,  1.416,  2.752,  0.417, 13.007
 24900,  0.804,  0.101,  1.640,  2.723,  0.361, 18.204
 24960,  0.935,  0.147,  2.013,  2.987,  0.445, 25.190
 25020,  0.779,  0.085,  2.039,  3.033,  0.428, 25.468
 25080,  0.873,  0.127,  1.592,  3.008,  0.367, 16.058
 25140,  0.901,  0.059,  1.812,  3.001,  0.449, 20.858
 25200,  0.892,  0.081,  1.445,  2.691,  0.393, 11.577
 25260,  0.872,  0.086,  1.399,  2.795,  0.315,  9.866
 25320,  0.744,  0.107,  1.454,  2.814,  0.412, 10.632
 25380,  0.832,  0.038,  1.357,  2.710,  0.399, 10.464
 25440,  0.744,  0.003,  1.537,  2.898,  0.404, 14.561
 25500,  0.933,  0.014,  1.654,  2.934,  0.367, 18.253
 25560,  0.894,  0.169,  1.581,  2.654,  0.422, 13.562
 25620,  1.037,  0.016,  1.980,  2.938,  0.425, 25.917
 25680,  0.742,  0.089,  2.020,  3.053,  0.376, 27.676
 25740,  0.935, -0.017,  1.528,  2.697,  0.349, 10.924
 25800,  0.787,  0.091,  1.542,  2.735,  0.316,  9.456
 25860,  0.956,  0.081,  1.479,  2.981,  0.246,  7.222
 25920,  0.789,  0.004,  1.309,  2.888,  0.359,  6.860
 25980,  0.695,  0.111,  1.314,  2.659,  0.328,  7.218
 26040,  0.851,  0.071,  1.321,  2.660,  0.273,  7.031
 26100,  0.794,  0.002,  1.278,  2.659,  0.258,  7.450
 26160, -9999.000, -9999.000, -9999.000, -9999.000, -9999.000, -9999.000
 26220,  0.804,  0.117,  1.503,  2.909,  0.263,  7.242
 26280,  0.892,  0.132,  1.252,  2.774,  0.300,  7.587
 26340,  0.815,  0.138,  1.311,  2.805,  0.246,  7.636
 26400,  0.862,  0.154,  1.384,  2.931,  0.302,  9.300
 26460,  0.957,  0.182,  1.328,  2.724,  0.263,  9.330
 26520,  0.849,  0.079,  1.513,  2.673,  0.308,  8.818
 26580,  0.767,  0.049,  1.423,  2.814,  0.331,  7.802
 26640,  0.808,  0.064,  1.248,  3.019,  0.284,  7.899
 26700,  0.763,  0.137,  1.407,  3.115,  0.280,  9.991
 26760,  0.873,  0.155,  1.325,  3.275,  0.319, 10.241
 26820,  0.766,  0.135,  1.414,  3.153,  0.275, 10.372
 26880,  0.942,  0.198,  1.479,  3.006,  0.264, 12.047
 26940,  0.890,  0.202,  1.513,  2.978,  0.323, 11.633
 27000,  0.892,  0.192,  1.539,  2.737,  0.384, 12.834
 27060,  0.994,  0.162,  1.716,  3.301,  0.350, 11.952
 27120,  0.835,  0.103,  1.540,  3.117,  0.287, 10.482
 27180,  0.886,  0.157,  1.559,  3.297,  0.301,  9.873
 27240,  0.752,  0.173,  1.885,  3.183,  0.322, 12.528
 27300,  0.887,  0.097,  1.732,  3.299,  0.238, 13.396
 27360,  0.933,  0.165,  1.493,  2.955,  0.344, 12.079
 27420,  0.850,  0.176,  1.420,  3.354,  0.265, 11.562
 27480,  0.903,  0.133,  1.382,  3.195,  0.367, 11.525
 27540,  0.875,  0.178,  1.572,  3.202,  0.312, 17.595
 27600,  0.862,  0.272,  1.490,  3.479,  0.328, 13.078
 27660,  0.874,  0.140,  1.456,  3.282,  0.315, 11.108
 27720,  0.885,  0.069,  1.269,  2.935,  0.360,  9.244
 27780,  0.868,  0.087,  1.364,  2.939,  0.300, 10.693
 27840,  0.862,  0.207,  1.421,  2.933,  0.331, 11.041
 27900,  0.828,  0.131,  1.392,  3.013,  0.306, 11.704
 27960,  1.117,  0.165,  1.476,  2.997,  0.278, 11.853
 28020, -9999.000, -9999.000, -9999.000, -9999.000, -9999.000, -9999.000
 28080,  0.836,  0.222,  1.273,  2.884,  0.315, 11.173
 28140,  0.755,  0.154,  1.492,  2.653,  0.308, 11.719
 28200,  0.882,  0.176,  1.281,  2.444,  0.272, 10.680
 28260,  0.834,  0.179,  1.303,  2.392,  0.309, 10.858
 28320,  0.749,  0.177,  1.268,  2.503,  0.341, 10.381
 28380,  0.920,  0.215,  1.612,  2.452,  0.343, 11.231
 28440,  0.793,  0.243,  1.926,  2.811,  0.389, 16.998
 28500,  0.769,  0.166,  1.443,  2.218,  0.357, 14.692
 28560,  0.670,  0.132,  1.253,  2.272,  0.331, 11.008
 28620,  0.847,  0.196,  1.317,  2.423,  0.337, 11.913
 28680,  0.880,  0.243,  1.210,  2.300,  0.359, 10.876
 28740,  0.814,  0.250,  1.392,  2.319,  0.277, 11.314
 28800,  0.718,  0.174,  1.278,  2.392,  0.312, 10.952
 28860,  0.683,  0.165,  1.269,  2.339,  0.334, 11.160
 28920,  0.734,  0.185,  1.201,  2.195,  0.374, 10.979
 28980,  0.694,  0.305,  1.275,  2.105,  0.290, 10.594
 29040,  0.634,  0.227,  1.200,  2.004,  0.288, 10.406
 29100,  0.802,  0.165,  0.930,  1.635,  0.306,  9.251
 29160,  0.784,  0.177,  1.180,  1.625,  0.359,  9.414
 29220,  0.758,  0.224,  1.120,  1.504,  0.379,  8.829
 29280,  0.767,  0.209,  1.073,  1.409,  0.299,  7.978
 29340,  0.802,  0.176,  1.045,  1.341,  0.295,  8.354
 29400,  0.727,  0.133,  1.019,  1.281,  0.353,  8.581
 29460,  0.708,  0.177,  1.145,  1.070,  0.346,  7.907
 29520,  0.845,  0.208,  0.955,  1.047,  0.345,  7.869
 29580,  0.679,  0.198,  1.087,  0.980,  0.357,  7.777
 29640,  0.732,  0.191,  0.902,  0.617,  0.337,  6.906
 29700,  0.736,  0.223,  1.198,  1.001,  0.339,  7.569
 29760,  0.820,  0.211,  1.154,  0.914,  0.333,  7.809
 29820,  0.522,  0.285,  1.226,  0.840,  0.246,  7.503
 29880,  0.745,  0.126,  1.366,  0.415,  0.367,  6.775
 29940,  0.779,  0.223,  1.209,  0.470,  0.322,  7.319
 30000,  0.794,  0.229,  1.223,  0.479,  0.292,  7.064
 30060,  0.729,  0.212,  1.138,  0.549,  0.321,  6.580
 30120,  0.750,  0.218,  1.146,  0.387,  0.346,  6.021
 30180,  0.757,  0.172,  1.086,  0.435,  0.269,  6.147
 30240,  0.786,  0.210,  1.110,  0.389,  0.350,  5.938
 30300,  0.919,  0.173,  1.103,  0.291,  0.378,  5.661
 30360,  0.747,  0.138,  1.166,  0.290,  0.304,  5.682
 30420,  0.880,  0.091,  1.501,  0.290,  0.355,  5.492
 30480,  0.865,  0.229,  1.501,  0.303,  0.296,  5.782
 30540,  0.840,  0.243,  1.398,  0.308,  0.306,  5.732
 30600,  0.834,  0.194,  1.311,  0.337,  0.333,  6.343
 30660,  0.833,  0.151,  1.284,  0.421,  0.285,  6.460
 30720,  0.873,  0.213,  1.158,  0.342,  0.329,  6.094
 30780,  0.779,  0.128,  1.262,  0.245,  0.299,  5.301
 30840,  0.770,  0.085,  1.144,  0.251,  0.283,  4.963
 30900,  0.696,  0.178,  1.132,  0.226,  0.304,  5.140
 30960,  0.897,  0.187,  1.225,  0.245,  0.341,  4.724
 31020,  0.930,  0.141,  1.015,  0.310,  0.301,  5.338
 31080,  0.752,  0.164,  1.169,  0.301,  0.347,  5.678
 31140,  0.719,  0.248,  1.148,  0.434,  0.384,  6.166
 31200,  0.793,  0.138,  1.103,  0.427,  0.307,  5.863
 31260,  0.692,  0.233,  1.133,  0.340,  0.373,  6.108
 31320,  0.828,  0.189,  1.041,  0.355,  0.294,  5.434
 31380,  0.665,  0.175,  1.104,  0.284,  0.273,  4.656
 31440,  0.840,  0.156,  1.072,  0.255,  0.348,  5.071
 31500,  0.885,  0.230,  1.261,  0.330,  0.303,  6.060
 31560,  0.936,  0.174,  1.234,  0.494,  0.434,  7.444
 31620,  0.929,  0.121,  1.101,  0.573,  0.322,  7.245
 31680, -9999.000, -9999.000, -9999.000, -9999.000, -9999.000, -9999.000
 31740,  1.037,  0.195,  1.273,  0.596,  0.419,  6.966
 31800,  0.790,  0.115,  1.223,  0.362,  0.318,  5.639
 31860,  0.768,  0.169,  1.106,  0.369,  0.318,  5.227
 31920,  0.820,  0.044,  1.235,  0.318,  0.256,  5.574
 31980,  0.854,  0.100,  1.216,  0.312,  0.292,  5.422
 32040,  0.836,  0.074,  1.148,  0.378,  0.325,  5.861
 32100,  0.857,  0.077,  1.225,  0.424,  0.336,  6.329
 32160,  0.950,  0.164,  1.216,  0.382,  0.364,  5.736
 32220,  0.821,  0.037,  1.194,  0.453,  0.335,  5.637
 32280,  0.773,  0.144,  1.031,  0.294,  0.369,  5.126
 32340,  0.931,  0.095,  1.160,  0.314,  0.358,  5.154
 32400,  0.967,  0.117,  0.988,  0.331,  0.377,  4.397
 32460,  1.005,  0.055,  0.941,  0.355,  0.322,  4.226
 32520,  0.846,  0.022,  0.978,  0.321,  0.385,  4.154
 32580,  0.890,  0.049,  0.972,  0.312,  0.370,  3.967
 32640,  0.990,  0.008,  0.996,  0.303,  0.275,  4.091
 32700,  0.831,  0.033,  1.001,  0.372,  0.326,  4.222
 32760,  0.940,  0.126,  0.932,  0.403,  0.239,  4.800
 32820,  0.865, -0.009,  0.942,  0.362,  0.234,  4.024
 32880,  0.914,  0.027,  0.948,  0.353,  0.320,  4.528
 32940,  0.831,  0.076,  1.025,  0.458,  0.345,  5.018
 33000,  0.880, -0.044,  0.884,  0.354,  0.343,  5.015
 33060,  1.004, -0.009,  0.980,  0.461,  0.325,  4.372
 33120,  0.840, -0.054,  0.923,  0.336,  0.318,  3.914
 33180,  0.856, -0.004,  0.858,  0.291,  0.315,  3.813
 33240,  0.916, -0.006,  0.834,  0.301,  0.355,  3.379
 33300,  0.970,  0.081,  0.957,  0.333,  0.345,  3.580
 33360,  0.864, -0.002,  0.801,  0.252,  0.290,  3.458
 33420,  1.079, -0.003,  0.834,  0.292,  0.311,  3.377
 33480,  0.874, -0.047,  0.944,  0.231,  0.300,  3.746
 33540,  1.153, -0.252,  0.907,  0.072,  0.190,  4.113
 33600,  0.772,  0.047,  0.985,  0.310,  0.277,  3.853
 33660,  0.898, -0.050,  1.201,  0.604,  0.349,  6.980
 33720,  0.916,  0.052,  1.177,  0.688,  0.343,  8.266
 33780,  0.915,  0.044,  1.230,  0.734,  0.321,  8.014
 33840,  0.913, -0.043,  1.247,  0.747,  0.341,  7.958
 33900,  1.016,  0.032,  1.165,  0.839,  0.332,  7.696
 33960,  1.183, -0.090,  1.164,  0.872,  0.361,  8.192
 34020,  0.745,  0.089,  1.135,  0.809,  0.372,  8.921
