CampaignData_and_Merges/R0/CSL_MobileLab_Parked/raw/20240729/USOS-PTR_MobileLabGround_20240729_R0.ict
58, 1001
Matthew Coggon, Kelvin Bates, Chelsea Stockwell, Carsten Warneke
NOAA ESRL Chemical Sciences Division
NOAA PTR-ToF-MS
USOS
1,1 
2024, 07, 29, 2025, 09, 19
0
Time_Start, seconds, number of seconds from 00:00 UTC 
22
1, 1, 1, 1, 1, 1, 1, 1, 1, 1, 1, 1, 1, 1, 1, 1, 1, 1, 1, 1, 1, 1
-9999, -9999, -9999, -9999, -9999, -9999, -9999, -9999, -9999, -9999, -9999, -9999, -9999, -9999, -9999, -9999, -9999, -9999, -9999, -9999, -9999, -9999
CH3OH_NOAAPTR_ppbv,  ppbv, Gas_CH3OH_InSitu_S_AVMR, (CH3OH) methanol
CH3CN_NOAAPTR_ppbv,  ppbv, Gas_CH3CN_InSitu_S_AVMR, (CH3CN) acetonitrile
CH3CHO_NOAAPTR_ppbv,  ppbv, Gas_CH3CHO_InSitu_S_AVMR, (CH3CHO) acetaldehyde plus contributions from ethylene glycol and ethylene oxide. Interference from ethanol has been subtracted out.
C2H5OH_NOAAPTR_ppbv,  ppbv, Gas_C2H5OH_InSitu_S_AVMR, (C2H5OH) ethanol
CH3SH_NOAAPTR_ppbv,  ppbv, Gas_CH3SH_InSitu_S_AVMR, (CH3SH) methanethiol, using calibration factor for DMS
Acrolein_NOAAPTR_ppbv,  ppbv, Gas_Acrolein_InSitu_S_AVMR, (C3H4O) acrolein
AcetonePropanal_NOAAPTR_ppbv,  ppbv, Gas_AcetoneAndPropanal_InSitu_S_AVMR, (C3H6O) sum of acetone (dominant isomer) and propanal, using calibration factor for acetone
DMS_NOAAPTR_ppbv,  ppbv, Gas_DMS_InSitu_S_AVMR, (C2H6S) dimethyl sulfide with possible small contributions from ethanethiol
C5H8_NOAAPTR_ppbv,  ppbv, Gas_Isoprene_InSitu_S_AVMR, (C5H8) isoprene and possible fragments from cycloalkanes and aldehydes. Interferences have been subtracted following methods described by Coggon et al (2023)
MVKMAC_NOAAPTR_ppbv,  ppbv, Gas_MVKAndMAC_InSitu_S_AVMR, (C4H6O) sum of methyl vinyl ketone, methacrolein, and small amounts of crotonaldehyde, using weighted calibration factor for MVK (0.637) and MACR (0.363)
Benzene_NOAAPTR_ppbv,  ppbv, Gas_Benzene_InSitu_S_AVMR, (C6H6) benzene
Toluene_NOAAPTR_ppbv,  ppbv, Gas_Toluene_InSitu_S_AVMR, (C7H8) toluene with possible small contributions of fragments from ethyltoluene
Styrene_NOAAPTR_ppbv,  ppbv, Gas_Styrene_InSitu_S_AVMR, (C8H8) styrene
Benzaldehyde_NOAAPTR_ppbv,  ppbv, Gas_Benzaldehyde_InSitu_S_AVMR, (C7H6O) benzaldehyde
C8Aromatics_NOAAPTR_ppbv,  ppbv, Gas_C8Aromatics_InSitu_M_AVMR, (C8H10) sum of m-xylene, p-xylene, o-xylene, and ethyl benzene
C9Aromatics_NOAAPTR_ppbv,  ppbv, Gas_C9Aromatics_InSitu_M_AVMR, (C9H12) sum of C9 aromatics
Naphthalene_NOAAPTR_ppbv,  ppbv, Gas_Naphthalene_InSitu_S_AVMR, (C10H8) naphthalene
Octanal_NOAAPTR_ppbv,  ppbv, Gas_Octanal_InSitu_S_AVMR, (C8H16O) octanal and small amounts of octanone
Monoterpenes_NOAAPTR_ppbv,  ppbv, Gas_Monoterpenes_InSitu_M_AVMR, (C10H16) sum of monoterpenes and possible contributions from fragments of oxygenated monoterpenoids such as eucalyptol.
Nonanal_NOAAPTR_ppbv,  ppbv, Gas_Nonanal_InSitu_M_AVMR, (C9H18O) nonanal and small amounts of nonanone
C7H4ClF3_NOAAPTR_ppbv,  ppbv, Gas_C7H4ClF3_InSitu_S_AVMR, (C7H4ClF3) parachlorobenzotrifluoride
C10H30O5Si5_NOAAPTR_ppbv,  ppbv, Gas_C10H30O5Si5_InSitu_S_AVMR, (C10H30O5Si5) decamethylcyclopentasiloxane
1
SPECIAL COMMENTS:N/A
21
PI_CONTACT_INFO: NOAA ESRL Chemical Sciences Division, Tropospheric Chemistry Group. 325 Broadway, R/CSD7, Boulder, CO 80305
PLATFORM: Mobile Laboratory.
LOCATION: Salt Lake City, UT
ASSOCIATED_DATA: N/A
INSTRUMENT_INFO: NOAA PTR-ToF-MS measurements on NOAA CSL Mobile Lab
DATA_INFO: Units: ppbv
UNCERTAINTY: See OTHER_COMMENTS
ULOD_FLAG: -7777
ULOD_VALUE: N/A
LLOD_FLAG: -8888
LLOD_VALUE: N/A.
DM_CONTACT_INFO: Data Managers: Matt Coggon, Kelvin Bates, Chelsea Stockwell; email: matthew.m.coggon@noaa.gov and kelvin.bates@colorado.edu
PROJECT_INFO: USOS Deployment July-August, 2024
STIPULATIONS_ON_USE: Use of these data require prior OK from PI.
OTHER_COMMENTS: Uncertainties:
CH3OH_NOAAPTR_ppbv:30%; CH3CN_NOAAPTR_ppbv:30%; CH3CHO_NOAAPTR_ppbv:30%; C2H5OH_NOAAPTR_ppbv:30%; CH3SH_NOAAPTR_ppbv:50%; Acrolein_NOAAPTR_ppbv:30%; AcetonePropanal_NOAAPTR_ppbv:30%; DMS_NOAAPTR_ppbv:30%; C5H8_NOAAPTR_ppbv:30%; MVKMAC_NOAAPTR_ppbv:30%; 
Benzene_NOAAPTR_ppbv:30%; Toluene_NOAAPTR_ppbv:30%; Styrene_NOAAPTR_ppbv:30%; Benzaldehyde_NOAAPTR_ppbv:30%; C8Aromatics_NOAAPTR_ppbv:30%; C9Aromatics_NOAAPTR_ppbv:30%; Naphthalene_NOAAPTR_ppbv:30%; Octanal_NOAAPTR_ppbv:30%; Monoterpenes_NOAAPTR_ppbv:30%; Nonanal_NOAAPTR_ppbv:30%; 
C7H4ClF3_NOAAPTR_ppbv:30%; C10H30O5Si5_NOAAPTR_ppbv:30%; 
REVISION: R0
R0: Calibrated PTR Data. See individual species comments for details about measurement uncertainties
Time_Start, CH3OH_NOAAPTR_ppbv, CH3CN_NOAAPTR_ppbv, CH3CHO_NOAAPTR_ppbv, C2H5OH_NOAAPTR_ppbv, CH3SH_NOAAPTR_ppbv, Acrolein_NOAAPTR_ppbv, AcetonePropanal_NOAAPTR_ppbv, DMS_NOAAPTR_ppbv, C5H8_NOAAPTR_ppbv, MVKMAC_NOAAPTR_ppbv, Benzene_NOAAPTR_ppbv, Toluene_NOAAPTR_ppbv, Styrene_NOAAPTR_ppbv, Benzaldehyde_NOAAPTR_ppbv, C8Aromatics_NOAAPTR_ppbv, C9Aromatics_NOAAPTR_ppbv, Naphthalene_NOAAPTR_ppbv, Octanal_NOAAPTR_ppbv, Monoterpenes_NOAAPTR_ppbv, Nonanal_NOAAPTR_ppbv, C7H4ClF3_NOAAPTR_ppbv, C10H30O5Si5_NOAAPTR_ppbv
[from data line 1342]
80520.0, 2.44945, 0.23878, 0.69457, 0.99326, 0.00265, 0.09094, 1.53843, -0.00010, 0.45671, 0.22934, 0.08909, 0.11436, 0.01440, -0.01621, 0.05381, 0.02398, 0.00077, 0.00900, 0.09445, 0.02305, 0.00203, -0.00022 
80580.0, 2.46109, 0.24396, 0.47611, 0.74459, -0.00058, 0.05937, 1.55782, -0.00010, 0.28729, 0.20716, 0.08060, 0.08762, 0.00768, -0.02261, 0.03158, 0.01282, 0.01754, 0.01110, 0.06357, 0.01233, 0.00076, -0.00080 
80640.0, 4.13746, 0.24414, 0.99946, 1.18822, -0.00079, 0.11112, 1.65874, 0.00156, 0.55180, 0.26961, 0.13043, 0.27519, 0.01679, -0.01074, 0.07699, 0.03907, 0.02299, 0.02371, 0.17617, 0.02685, 0.00110, 0.00086 
80700.0, 2.78365, 0.22117, 1.12801, 1.01710, 0.00569, 0.10625, 1.86682, -0.00010, 0.50671, 0.29004, 0.06953, 0.15422, 0.01284, -0.00571, 0.05966, 0.02524, -0.00209, 0.02569, 0.14105, 0.01708, 0.00933, 0.00018 
80760.0, 3.62250, 0.28309, 1.00636, 1.35538, 0.00215, 0.11294, 2.07673, 0.00454, 0.50412, 0.27565, 0.13825, 0.13852, 0.01939, -0.00269, 0.05602, 0.02567, 0.00380, 0.01954, 0.10665, 0.01261, 0.01214, 0.00279 
80820.0, 3.81238, 0.24599, 0.92103, 1.11486, 0.00249, 0.08027, 2.01880, -0.00009, 0.35678, 0.24968, 0.07815, 0.12929, 0.00318, -0.03742, 0.06855, 0.02668, -0.00045, 0.02015, 0.07536, 0.01207, 0.01381, 0.00079 
80880.0, 3.05874, 0.26217, 0.75538, 0.78949, 0.00143, 0.09780, 1.98212, -0.00009, 0.08948, 0.21766, 0.05901, 0.09382, 0.02107, -0.02298, 0.05738, 0.02217, 0.00096, 0.01959, 0.03868, 0.02908, 0.01288, -0.00033 
80940.0, 2.74675, 0.25824, 0.81031, 0.91031, 0.00140, 0.12170, 2.03519, -0.00009, 0.26170, 0.26366, 0.08721, 0.11920, 0.01223, -0.01129, 0.06321, 0.03242, 0.01138, 0.02383, 0.08208, 0.01702, 0.01057, 0.00084 
81000.0, 3.35403, 0.24932, 0.76818, 1.03752, -0.00079, 0.12876, 2.10390, -0.00009, 0.18983, 0.25106, 0.04432, 0.11401, 0.02694, -0.03108, 0.06758, 0.02683, 0.00609, 0.01730, 0.08223, 0.02320, 0.01299, 0.00008 
81060.0, 2.88674, 0.24730, 0.82212, 1.35411, 0.00063, 0.10592, 2.09883, -0.00009, 0.17364, 0.24101, 0.06512, 0.13323, 0.01450, -0.02342, 0.07405, 0.04018, 0.00384, 0.02673, 0.11781, 0.01435, 0.00950, 0.00007 
81120.0, 3.08430, 0.26157, 0.97038, 1.77038, 0.00164, 0.11121, 2.20703, 0.00481, 0.20691, 0.26468, 0.15188, 0.20701, 0.02403, -0.01148, 0.14222, 0.05638, 0.00228, 0.00584, 0.17087, 0.01855, 0.01417, -0.00124 
81180.0, 3.50917, 0.25939, 1.12243, 1.62942, 0.00116, 0.11999, 2.27848, 0.00170, 0.26592, 0.26373, 0.12696, 0.27210, 0.03077, -0.02491, 0.15776, 0.06085, 0.01061, 0.02193, 0.19841, 0.01533, 0.00859, -0.00103 
81240.0, 2.63929, 0.25415, 0.70910, 0.88358, -0.00017, 0.10673, 1.91943, 0.00042, 0.18029, 0.22076, 0.06325, 0.13403, 0.00610, -0.01423, 0.07576, 0.03383, 0.00708, 0.02119, 0.09205, 0.02403, 0.00907, -0.00006 
81300.0, 3.33107, 0.27217, 0.79604, 1.11784, -0.00078, 0.09586, 2.00945, 0.00046, 0.35663, 0.23670, 0.08422, 0.13278, 0.01216, -0.02110, 0.08272, 0.04074, 0.00290, 0.02391, 0.09457, 0.01845, 0.00855, 0.00098 
81360.0, 2.00754, 0.25701, 0.59938, 0.55972, -0.00078, 0.08230, 1.79244, -0.00009, 0.22576, 0.22014, 0.06173, 0.10203, 0.01463, -0.02440, 0.05808, 0.01969, -0.00212, 0.01081, 0.12879, 0.03077, 0.00681, -0.00046 
81420.0, 2.77132, 0.23912, 0.61894, 0.70827, 0.00049, 0.08585, 1.83912, -0.00009, 0.18032, 0.22601, 0.10455, 0.09464, -0.00282, -0.01768, 0.04634, 0.01416, 0.00345, 0.01967, 0.07001, 0.01634, 0.00434, 0.00160 
81480.0, 4.00931, 0.25672, 0.75090, 0.60663, 0.00031, 0.14662, 1.96609, -0.00009, 0.23025, 0.25937, 0.06095, 0.10131, 0.01039, -0.01615, 0.06341, 0.02872, 0.01498, 0.02856, 0.07712, 0.02833, 0.00610, -0.00036 
81540.0, 2.99274, 0.25735, 0.61588, 0.52425, 0.00113, 0.09156, 1.82190, -0.00009, 0.09740, 0.20359, 0.07656, 0.08844, 0.00346, -0.00989, 0.04141, 0.01354, 0.00396, 0.01091, 0.05209, 0.01664, 0.00019, 0.00220 
81600.0, 3.18505, 0.24716, -9999.00000, 0.88215, 0.00231, 0.07956, 1.84840, -0.00009, -9999.00000, 0.22845, 0.08017, 0.08717, 0.00727, -0.00042, 0.04332, 0.01357, 0.00864, 0.01110, 0.05153, 0.01606, 0.00304, 0.00119 
81660.0, -9999.00000, -9999.00000, -9999.00000, -9999.00000, -9999.00000, -9999.00000, -9999.00000, -9999.00000, -9999.00000, -9999.00000, -9999.00000, -9999.00000, -9999.00000, -9999.00000, -9999.00000, -9999.00000, -9999.00000, -9999.00000, -9999.00000, -9999.00000, -9999.00000, -9999.00000 
81720.0, -9999.00000, -9999.00000, -9999.00000, -9999.00000, -9999.00000, -9999.00000, -9999.00000, -9999.00000, -9999.00000, -9999.00000, -9999.00000, -9999.00000, -9999.00000, -9999.00000, -9999.00000, -9999.00000, -9999.00000, -9999.00000, -9999.00000, -9999.00000, -9999.00000, -9999.00000 
81780.0, -9999.00000, -9999.00000, -9999.00000, -9999.00000, -9999.00000, -9999.00000, -9999.00000, -9999.00000, -9999.00000, -9999.00000, -9999.00000, -9999.00000, -9999.00000, -9999.00000, -9999.00000, -9999.00000, -9999.00000, -9999.00000, -9999.00000, -9999.00000, -9999.00000, -9999.00000 
81840.0, -9999.00000, -9999.00000, -9999.00000, -9999.00000, -9999.00000, -9999.00000, -9999.00000, -9999.00000, -9999.00000, -9999.00000, -9999.00000, -9999.00000, -9999.00000, -9999.00000, -9999.00000, -9999.00000, -9999.00000, -9999.00000, -9999.00000, -9999.00000, -9999.00000, -9999.00000 
81900.0, -9999.00000, -9999.00000, -9999.00000, -9999.00000, -9999.00000, -9999.00000, -9999.00000, -9999.00000, -9999.00000, -9999.00000, -9999.00000, -9999.00000, -9999.00000, -9999.00000, -9999.00000, -9999.00000, -9999.00000, -9999.00000, -9999.00000, -9999.00000, -9999.00000, -9999.00000 
81960.0, -9999.00000, -9999.00000, -9999.00000, -9999.00000, -9999.00000, -9999.00000, -9999.00000, -9999.00000, -9999.00000, -9999.00000, -9999.00000, -9999.00000, -9999.00000, -9999.00000, -9999.00000, -9999.00000, -9999.00000, -9999.00000, -9999.00000, -9999.00000, -9999.00000, -9999.00000 
82020.0, -9999.00000, -9999.00000, -9999.00000, -9999.00000, -9999.00000, -9999.00000, -9999.00000, -9999.00000, -9999.00000, -9999.00000, -9999.00000, -9999.00000, -9999.00000, -9999.00000, -9999.00000, -9999.00000, -9999.00000, -9999.00000, -9999.00000, -9999.00000, -9999.00000, -9999.00000 
82080.0, -9999.00000, -9999.00000, -9999.00000, -9999.00000, -9999.00000, -9999.00000, -9999.00000, -9999.00000, -9999.00000, -9999.00000, -9999.00000, -9999.00000, -9999.00000, -9999.00000, -9999.00000, -9999.00000, -9999.00000, -9999.00000, -9999.00000, -9999.00000, -9999.00000, -9999.00000 
82140.0, -9999.00000, -9999.00000, -9999.00000, -9999.00000, -9999.00000, -9999.00000, -9999.00000, -9999.00000, -9999.00000, -9999.00000, -9999.00000, -9999.00000, -9999.00000, -9999.00000, -9999.00000, -9999.00000, -9999.00000, -9999.00000, -9999.00000, -9999.00000, -9999.00000, -9999.00000 
82200.0, -9999.00000, -9999.00000, -9999.00000, -9999.00000, -9999.00000, -9999.00000, -9999.00000, -9999.00000, -9999.00000, -9999.00000, -9999.00000, -9999.00000, -9999.00000, -9999.00000, -9999.00000, -9999.00000, -9999.00000, -9999.00000, -9999.00000, -9999.00000, -9999.00000, -9999.00000 
82260.0, 3.80751, 0.25113, -9999.00000, 1.37058, 0.00315, 0.11927, 2.07412, -0.00009, -9999.00000, 0.23718, 0.12372, 0.20255, 0.02378, -0.00974, 0.09468, 0.03856, 0.00917, 0.03112, 0.19886, 0.04412, 0.00463, -0.00103 
82320.0, 2.68744, 0.25076, 0.61514, 0.54912, -0.00078, 0.09953, 1.74909, -0.00009, 0.27903, 0.19718, 0.06216, 0.08142, -0.00698, -0.01862, 0.04271, 0.01627, 0.00227, 0.03595, 0.05326, 0.01709, 0.01127, -0.00011 
82380.0, 2.84586, 0.24021, 0.69009, 0.60161, -0.00064, 0.11033, 1.74942, -0.00009, 0.32023, 0.19881, 0.04694, 0.09244, 0.00731, -0.02847, 0.03588, 0.02435, 0.00536, 0.02528, 0.07921, 0.02651, 0.01044, 0.00025 
82440.0, 2.17478, 0.25147, 0.58724, 0.82247, 0.00436, 0.10028, 1.68102, -0.00009, 0.25542, 0.19928, 0.03943, 0.07553, 0.00399, -0.02102, 0.03239, 0.01350, -0.00586, 0.01051, 0.05847, 0.01363, 0.00791, 0.00025 
82500.0, 3.06507, 0.24027, 0.58119, 0.63935, 0.00126, 0.06583, 1.76914, -0.00009, 0.39175, 0.22092, 0.10931, 0.10453, 0.00192, -0.01106, 0.03688, 0.01819, 0.00543, 0.01814, 0.07829, 0.02482, 0.00204, 0.00005 
82560.0, 3.32604, 0.24247, 0.78443, 1.46341, -0.00078, 0.10339, 1.84384, -0.00009, 0.35472, 0.22913, 0.11340, 0.17202, 0.00168, -0.02167, 0.08547, 0.03750, 0.00516, 0.02449, 0.10826, 0.02576, 0.00402, 0.00187 
82620.0, 3.37956, 0.24878, 0.66321, 0.73768, 0.00289, 0.09843, 1.79047, -0.00009, 0.23397, 0.20756, 0.08746, 0.07915, 0.01039, -0.02267, 0.04763, 0.01268, 0.00550, 0.01871, 0.10150, 0.01719, -0.00037, 0.00042 
82680.0, 2.10637, 0.24250, 0.49400, 0.32737, 0.00185, 0.10370, 1.64328, -0.00009, 0.24707, 0.20966, 0.02420, 0.06819, 0.00262, -0.03513, 0.03528, 0.00848, -0.00361, 0.00813, 0.06121, 0.00954, 0.00973, 0.00250 
82740.0, 2.56990, 0.26375, 0.62813, 0.66605, -0.00077, 0.09759, 1.75916, 0.00173, 0.34924, 0.22005, 0.02433, 0.09373, -0.00793, -0.03865, 0.04628, 0.01408, 0.01263, 0.02415, 0.08927, 0.01613, 0.00198, 0.00072 
82800.0, 1.74765, 0.25217, 0.51916, 0.86834, -0.00078, 0.09115, 1.66345, 0.00409, 0.24050, 0.19462, 0.08030, 0.08008, -0.00550, -0.03535, 0.03910, 0.00797, 0.00213, 0.01512, 0.08091, 0.01922, 0.00373, -0.00015 
82860.0, 2.94040, 0.26209, 0.65551, 1.15908, 0.00302, 0.10595, 1.75519, -0.00009, 0.24271, 0.18754, 0.06840, 0.13246, 0.01271, -0.02577, 0.07099, 0.02401, 0.00409, 0.02358, 0.14704, 0.03021, 0.00723, 0.00159 
82920.0, 2.12046, 0.24768, 0.45527, 0.53072, 0.00165, 0.10268, 1.66334, -0.00009, 0.11286, 0.19220, 0.04989, 0.07384, 0.00172, -0.02537, 0.05812, 0.01320, 0.00024, 0.00662, 0.06599, 0.01040, 0.00517, 0.00079 
82980.0, 3.54336, 0.25457, 0.65841, 0.72059, 0.00057, 0.11227, 1.77127, 0.00436, 0.23533, 0.21361, 0.07256, 0.11451, 0.00819, -0.02150, 0.07705, 0.01721, 0.00960, 0.02357, 0.13026, 0.02484, 0.00813, -0.00050 
83040.0, 3.82614, 0.24505, 0.67814, 0.83195, 0.00266, 0.10097, 1.75953, -0.00009, 0.33433, 0.20823, 0.14116, 0.13094, 0.01623, -0.01348, 0.07666, 0.02368, 0.00307, 0.02297, 0.14751, 0.01077, 0.01530, 0.00375 
83100.0, 2.99430, 0.24891, 0.50123, 0.18556, 0.00369, 0.08920, 1.57238, -0.00009, 0.18158, 0.18697, 0.06736, 0.08462, 0.00336, -0.02434, 0.05542, 0.00739, -0.00006, 0.00641, 0.09083, 0.01042, 0.00806, 0.00082 
83160.0, 4.39470, 0.22958, 0.80352, 2.27617, 0.00177, 0.11811, 1.76157, -0.00009, 0.42052, 0.23105, 0.21700, 0.42451, 0.03284, -0.01355, 0.25008, 0.06864, 0.00273, 0.02507, 0.17181, 0.05045, 0.02076, 0.00293 
83220.0, 2.77994, 0.25326, 0.70258, 0.79698, 0.00161, 0.10790, 1.69327, -0.00009, 0.32159, 0.21630, 0.05318, 0.07433, -0.00140, -0.02752, 0.06036, 0.01465, 0.00782, 0.01155, 0.17060, 0.03096, 0.00129, 0.00068 
83280.0, 2.48296, 0.23777, 0.50554, 0.45194, -0.00078, 0.10078, 1.55522, -0.00009, 0.21158, 0.20413, 0.06666, 0.05809, 0.01147, -0.01080, 0.03081, 0.01479, 0.00887, 0.01393, 0.04325, 0.01742, 0.00762, 0.00136 
83340.0, 2.44233, 0.24868, 0.55626, 1.01442, -0.00040, 0.10505, 1.66890, -0.00009, 0.32598, 0.22086, 0.05976, 0.09921, 0.00678, -0.01742, 0.03383, 0.02110, -0.00207, 0.01805, 0.10476, 0.00460, 0.00437, -0.00072 
83400.0, 2.20938, 0.23796, 0.57489, 0.54445, -0.00044, 0.11408, 1.68890, -0.00009, 0.24458, 0.20513, 0.05763, 0.09331, 0.00989, -0.02474, 0.03850, 0.01973, 0.01543, 0.01470, 0.07118, 0.01547, 0.00063, 0.00068 
83460.0, 3.49815, 0.23971, 0.69975, 1.42907, -0.00021, 0.10739, 1.75607, -0.00009, 0.45698, 0.22595, 0.09140, 0.16976, 0.00623, -0.01150, 0.09686, 0.01881, 0.00289, 0.01568, 0.11904, 0.00592, 0.00775, 0.00229 
83520.0, 2.83954, 0.23823, 0.76887, 1.34847, -0.00078, 0.11059, 1.86145, -0.00009, 0.43696, 0.24796, 0.08871, 0.13271, 0.00404, -0.02478, 0.08801, 0.02636, 0.01343, 0.01596, 0.12679, 0.02982, 0.02168, 0.00006 
83580.0, 4.09413, 0.25213, 0.98861, 0.93508, 0.00256, 0.13455, 1.87553, -0.00009, 0.51911, 0.27210, 0.15152, 0.17046, 0.00377, -0.03234, 0.09726, 0.03668, 0.00181, 0.01372, 0.13930, 0.01850, 0.03305, 0.00102 
83640.0, 3.19119, 0.23146, 0.67818, 1.03511, 0.00046, 0.10692, 1.60124, -0.00009, 0.31468, 0.23312, 0.09532, 0.15796, 0.00902, -0.01639, 0.07370, 0.03367, 0.01502, 0.00513, 0.09072, 0.01087, 0.00615, 0.00235 
83700.0, 2.88164, 0.21413, 0.56587, 1.07255, -0.00070, 0.08352, 1.52772, -0.00009, 0.60495, 0.21586, 0.07683, 0.09494, -0.00049, -0.03057, 0.04932, 0.02249, 0.00226, 0.00488, 0.09429, 0.01764, 0.00938, 0.00141 
83760.0, 2.90168, 0.21078, 0.65464, 1.00535, -0.00022, 0.08845, 1.53151, -0.00009, 0.61886, 0.21794, 0.05582, 0.12295, 0.00980, -0.00704, 0.05405, 0.02288, 0.00492, 0.01335, 0.07946, 0.00885, 0.00566, -0.00008 
83820.0, 2.28253, 0.21908, 0.48485, 0.65818, 0.00152, 0.08061, 1.40504, -0.00009, 0.23571, 0.20601, 0.04656, 0.06350, -0.00586, -0.01612, 0.02673, 0.00901, 0.00402, 0.00995, 0.04026, 0.01200, 0.00691, 0.00022 
83880.0, 1.96899, 0.21663, 0.47535, 0.71078, 0.00149, 0.05227, 1.40170, -0.00009, 0.17542, 0.20859, 0.02580, 0.04643, -0.00297, -0.04156, 0.02507, 0.01107, -0.00679, 0.00316, 0.03285, 0.01519, 0.00297, 0.00222 
83940.0, 2.90025, 0.21557, 0.60170, 1.37723, 0.00095, 0.07194, 1.45124, -0.00009, 0.40980, 0.23728, 0.08514, 0.07875, 0.00325, -0.02150, 0.04092, 0.01658, -0.00046, 0.02035, 0.07832, 0.01781, 0.00470, 0.00052 
84000.0, 2.82379, 0.23880, 0.55052, 2.14005, 0.00119, 0.09048, 1.47707, -0.00009, 0.70531, 0.20242, 0.04786, 0.07464, 0.01259, -0.02333, 0.04710, 0.02706, -0.00003, 0.00945, 0.08208, 0.01826, 0.00428, 0.00034 
84060.0, 1.60633, 0.21415, 0.49389, 1.95926, 0.00055, 0.08611, 1.47678, -0.00009, 0.30711, 0.24875, 0.07732, 0.06825, 0.00284, -0.03530, 0.03581, 0.01447, -0.00309, 0.00339, 0.06808, 0.00999, 0.00477, -0.00047 
84120.0, 2.85340, 0.24282, 0.66914, 2.78672, 0.00157, 0.08848, 1.54797, -0.00009, 0.63094, 0.28203, 0.07323, 0.13194, 0.00329, -0.02848, 0.06959, 0.03234, 0.00993, 0.03177, 0.12695, 0.02338, 0.00054, 0.00088 
84180.0, 2.91645, 0.20865, 0.73538, 2.98961, -0.00078, 0.07689, 1.59545, -0.00009, 0.57778, 0.27754, 0.08642, 0.13408, 0.00682, -0.02419, 0.06680, 0.02988, 0.01692, 0.02939, 0.14923, 0.01925, 0.00364, 0.00017 
84240.0, 2.67069, 0.21976, 0.69248, 1.74554, 0.00262, 0.09459, 1.56119, -0.00009, 0.52873, 0.27014, 0.02729, 0.10060, 0.00769, -0.03125, 0.04570, 0.02465, 0.00927, 0.01428, 0.10603, 0.02401, 0.00673, -0.00002 
84300.0, 1.86722, 0.21170, 0.51924, 0.76861, -0.00051, 0.06644, 1.43745, -0.00009, 0.32104, 0.24056, 0.03223, 0.03657, 0.00392, -0.02187, 0.02467, 0.01299, 0.00061, 0.01293, 0.04172, 0.01779, 0.00495, -0.00110 
84360.0, 3.27457, 0.22611, 1.03569, 2.38160, 0.00206, 0.10549, 1.61575, -0.00009, 0.44100, 0.27642, 0.15939, 0.31923, 0.00799, -0.03780, 0.16943, 0.05414, -0.00679, 0.00167, 0.09066, 0.02752, 0.00546, 0.00234 
84420.0, 3.36345, 0.23089, 0.73583, 1.50002, 0.00164, 0.08551, 1.64268, -0.00009, 0.97901, 0.28677, 0.06251, 0.13625, 0.00456, -0.02486, 0.05575, 0.02334, 0.01098, 0.01884, 0.12257, 0.01776, 0.00631, 0.00102 
84480.0, 2.79536, 0.22689, 0.62852, 0.82752, -0.00078, 0.07230, 1.49208, -0.00009, 0.57981, 0.25113, 0.09755, 0.09389, 0.00085, -0.02835, 0.04602, 0.01403, 0.00485, 0.01316, 0.10027, 0.01494, 0.00286, -0.00003 
84540.0, 2.26601, 0.22188, 0.54869, 0.69661, -0.00023, 0.05676, 1.44690, -0.00009, 0.45649, 0.22707, 0.09296, 0.06232, 0.00163, -0.03582, 0.03763, 0.01590, -0.00571, 0.01585, 0.06568, 0.01122, 0.00394, -0.00032 
84600.0, 2.52822, 0.24330, 0.65261, 0.90902, 0.00013, 0.10602, 1.54065, -0.00009, 0.64252, 0.27489, 0.09173, 0.11012, 0.00656, -0.02454, 0.06580, 0.02505, 0.00337, 0.00911, 0.09136, 0.02201, 0.00581, 0.00230 
84660.0, 3.31682, 0.24314, 0.76509, 1.82526, -0.00078, 0.09682, 1.53100, -0.00009, 0.33535, 0.23006, 0.18538, 0.27053, -0.00052, -0.02798, 0.14859, 0.06212, 0.00655, 0.01386, 0.16299, 0.01173, 0.00438, 0.00145 
84720.0, 3.97798, 0.24321, 0.87735, 2.31368, 0.00224, 0.11016, 1.64763, -0.00009, 0.61611, 0.28657, 0.18895, 0.35259, 0.03713, -0.04383, 0.22909, 0.09324, -0.00332, 0.02245, 0.16471, 0.01374, 0.00488, 0.00193 
