CampaignData_and_Merges/R0/CSL_MobileLab_Parked/raw/20240729/USOS-NOAAIodideCIMS-PANs_MobileLabGround_20240729_RA.ict
35, 1001
Michael A Robinson, Chris Jernigan, Subi Thakali
NOAA ESRL Chemical Sciences Laboratory and CIRES, U. of Colorado
NOAA Iodide CIMS Instrument
USOS
1, 1
2024, 07, 29, 2024, 07, 30
1
starttime_UTC, seconds_past_midnight, seconds_of_day_since_00:00:00_UTC
3
1, 1, 1
-9999, -9999, -9999
PAN_NOAACIMS, pptv, Gas_PAN_InSitu_S_AVMR, 
APAN_NOAACIMS, pptv, Gas_APAN_InSitu_S_AVMR, 
PPN_NOAACIMS, pptv, Gas_PPN_InSitu_S_AVMR, 
0
18
PI_CONTACT_INFO: 325 Broadway, R/CSD 7, Boulder, Colorado 80305; michael.a.robinson@noaa.gov; chris.jernigan@noaa.gov;
PLATFORM: NOAA CSL Mobile Lab
LOCATION: SLC, Utah
ASSOCIATED_DATA: 1Hz data also available on request.
INSTRUMENT_INFO: NOAA I- ToF CIMS
DATA_INFO: All data in parts per trillion by volume (pptv). 1 Hz data is available upon request.
UNCERTAINTY: TBD
ULOD_FLAG: -7777
ULOD_VALUE: N/A
LLOD_FLAG: -8888
LLOD_VALUE: N/A
DM_CONTACT_INFO: Nathan Howard; nathan.h.howard@noaa.gov
PROJECT_INFO: USOS, summer 2024. https://csl.noaa.gov/groups/csl7/measurements/2024usos/
STIPULATIONS_ON_USE: Users are strongly encouraged to contact the PI for proper data usage.
OTHER_COMMENTS: 
REVISION: RA
RA: Preliminary Data; For in-field use only
starttime_UTC, PAN_NOAACIMS, APAN_NOAACIMS, PPN_NOAACIMS
[from data line 816]
 48960, 165.405,  3.392, 13.607
 49020, 165.757,  4.499, 12.519
 49080, 167.168,  6.457, 11.797
 49140, 168.530,  5.009, 12.753
 49200, 170.882,  6.933, 12.051
 49260, 167.235,  4.223, 11.065
 49320, 166.389,  5.331, 11.513
 49380, 169.205,  8.777, 11.365
 49440, 168.766,  4.101, 11.579
 49500, 172.260,  3.874, 10.807
 49560, 175.432,  5.584, 10.771
 49620, 175.130,  4.288, 13.266
 49680, 179.139,  6.074, 13.530
 49740, 172.314,  5.148, 11.841
 49800, 179.763,  5.706, 14.036
 49860, 178.025,  6.225, 11.117
 49920, 179.459,  5.840, 14.573
 49980, 179.549,  6.562, 11.025
 50040, 185.186,  4.235, 13.658
 50100, 177.431,  6.601, 14.313
 50160, -9999.000, -9999.000, -9999.000
 50220, 184.784,  7.917,  8.161
 50280, 185.011,  5.210, 12.974
 50340, 178.499,  7.476, 15.630
 50400, 177.652,  5.141, 13.532
 50460, 185.406,  4.112, 12.584
 50520, 186.693,  4.853, 13.221
 50580, 192.412,  6.391, 14.908
 50640, 187.506,  5.746, 13.093
 50700, 187.496,  5.553, 13.498
 50760, 191.613,  4.073, 13.806
 50820, 192.849,  4.976, 15.540
 50880, 193.971,  5.445, 16.565
 50940, 195.444,  5.464, 13.505
 51000, 196.994,  6.120, 13.003
 51060, 199.995,  3.561, 16.379
 51120, 203.105,  5.362, 16.960
 51180, 209.341,  5.177, 15.672
 51240, 214.311,  3.763, 18.023
 51300, 209.952,  5.547, 17.910
 51360, 210.950,  6.036, 13.953
 51420, 214.689,  5.747, 17.625
 51480, 207.383,  4.678, 15.218
 51540, 208.751,  4.656, 15.765
 51600, 212.295,  4.063, 16.957
 51660, 208.930,  5.072, 13.599
 51720, 205.486,  5.226, 14.913
 51780, 198.203,  5.369, 15.783
 51840, 197.886,  4.815, 16.463
 51900, 205.872,  5.093, 16.509
 51960, 212.131,  6.560, 14.827
 52020, -9999.000, -9999.000, -9999.000
 52080, 209.628,  4.517, 15.160
 52140, 219.367,  3.755, 15.958
 52200, 223.029,  4.898, 16.114
 52260, 219.063,  5.210, 13.538
 52320, 216.597,  4.520, 16.251
 52380, 215.760,  5.830, 15.754
 52440, 226.937,  4.042, 17.391
 52500, 227.017,  5.035, 19.060
 52560, 235.768,  5.967, 19.520
 52620, 245.856,  5.066, 20.132
 52680, 246.669,  5.571, 21.681
 52740, 235.932,  4.205, 20.412
 52800, 233.663,  5.042, 16.729
 52860, 237.539,  7.013, 19.560
 52920, 242.551,  8.322, 19.647
 52980, 240.167,  7.012, 18.715
 53040, 233.264,  5.214, 18.031
 53100, 240.895,  6.497, 19.796
 53160, 251.170,  5.991, 18.917
 53220, 252.498,  9.222, 19.403
 53280, 253.442,  6.739, 21.886
 53340, 245.789,  6.336, 21.868
 53400, 237.934,  6.647, 16.769
 53460, 229.845,  4.731, 18.844
 53520, 244.154,  6.217, 18.646
 53580, 248.708,  7.422, 22.119
 53640, 244.873,  5.653, 21.676
 53700, 261.283,  5.108, 26.204
 53760, 274.297,  7.231, 23.893
 53820, 277.748,  9.136, 26.751
 53880, -9999.000, -9999.000, -9999.000
 53940, 267.370,  4.778, 26.513
 54000, 274.423,  7.053, 23.211
 54060, 266.650,  6.670, 22.306
 54120, 278.636,  7.254, 27.577
 54180, 274.628,  7.109, 24.944
 54240, 267.363,  8.718, 22.853
 54300, 270.090,  6.011, 26.447
 54360, 272.453,  4.997, 28.456
 54420, 269.862,  5.951, 25.708
 54480, 274.193,  6.271, 23.598
 54540, 275.340,  7.106, 27.972
 54600, 279.044,  4.786, 28.107
 54660, 271.547,  5.364, 27.211
 54720, 265.264,  4.163, 28.100
 54780, 269.637,  7.487, 24.009
 54840, 270.366,  5.205, 26.351
 54900, 264.390,  4.126, 25.033
 54960, 251.692,  6.994, 26.984
 55020, 246.004,  5.921, 22.051
 55080, 231.440,  5.984, 21.712
 55140, 233.944,  4.333, 22.011
 55200, 219.962,  4.194, 20.503
 55260, 216.369,  4.451, 22.760
 55320, 212.864,  3.202, 20.235
 55380, 206.864,  5.302, 20.190
 55440, 195.808,  4.599, 17.428
 55500, 204.832,  5.596, 19.709
 55560, 204.824,  5.794, 20.268
 55620, 199.966,  5.470, 18.993
 55680, 203.777,  6.594, 16.773
 55740, 210.190,  9.819, 19.472
 55800, 206.049,  5.366, 19.845
 55860, 203.204,  4.256, 19.356
 55920, 195.818,  6.355, 17.505
 55980, 196.991,  4.869, 18.427
 56040, 195.126,  6.635, 18.404
 56100, 203.093,  4.248, 20.661
 56160, 197.009,  5.187, 19.224
 56220, 189.941,  4.224, 22.070
 56280, 179.164,  5.733, 18.876
 56340, 183.676,  5.476, 15.633
 56400, 186.348,  3.370, 16.092
 56460, 186.860,  5.124, 17.321
 56520, 180.772,  5.282, 15.510
 56580, 175.586,  4.428, 16.136
 56640, 182.161,  4.278, 19.756
 56700, 178.705,  3.534, 17.464
 56760, 174.472,  4.545, 16.110
 56820, 174.550,  4.391, 15.960
 56880, 181.447,  5.642, 15.623
 56940, 175.253,  5.023, 15.902
 57000, 179.687,  4.668, 16.731
 57060, 180.955,  4.255, 18.770
 57120, 170.841,  3.673, 17.135
 57180, 179.859,  4.317, 17.756
 57240, 188.801,  3.522, 16.382
 57300, 186.000,  5.371, 19.644
 57360, 183.524,  4.327, 17.257
 57420, 189.050,  4.068, 16.207
 57480, 187.547,  3.438, 16.084
 57540, 170.267,  6.213, 21.681
 57600, 170.045,  2.073, 19.625
 57660, 175.933,  5.069, 17.335
 57720, 176.907,  4.182, 18.037
 57780, 167.251,  4.529, 14.031
 57840, 152.537,  4.252, 11.801
 57900, 156.908,  3.876, 15.328
 57960, 145.285,  4.305, 11.287
 58020, 145.061,  4.425, 12.716
 58080, 138.009,  4.308, 11.392
 58140, 129.878,  3.739,  9.771
 58200, 128.538,  4.273,  9.951
 58260, 125.675,  3.439, 11.119
 58320, 114.434,  3.667,  9.435
 58380, 110.723,  4.182,  9.058
 58440, 108.520,  2.808,  8.793
 58500, 96.501,  2.718,  7.474
 58560, 87.706,  2.782,  6.037
 58620, 83.224,  3.256,  6.848
 58680, 87.574,  2.890,  4.849
 58740, 90.980,  3.924,  7.089
 58800, 86.362,  2.973,  6.464
 58860, 88.317,  3.839,  7.665
 58920, 89.989,  4.227,  6.554
 58980, 92.116,  3.009,  6.484
 59040, 89.551,  3.038,  7.960
 59100, 84.078,  4.106,  6.150
 59160, 87.628,  3.902,  7.039
 59220, 93.374,  3.422,  5.541
 59280, 93.362,  3.282,  6.503
 59340, 92.842,  3.561,  8.390
 59400, 85.580,  3.312,  4.870
 59460, 91.853,  3.019,  8.454
 59520, 91.240,  3.007,  8.110
 59580, 95.733,  2.260,  6.544
 59640, 98.435,  3.036,  7.185
 59700, 97.351,  2.310,  7.554
 59760, 99.195,  3.602,  6.852
 59820, 99.562,  2.967,  8.004
 59880, 99.561,  4.039,  7.128
 59940, 96.031,  2.725,  7.228
 60000, 100.436,  2.034,  6.003
 60060, 103.180,  2.711,  8.275
 60120, 102.629,  3.313,  8.797
 60180, 102.051,  3.411,  6.303
 60240, 101.613,  2.947,  6.169
 60300, 100.429,  3.459,  6.363
 60360, 101.656,  2.679,  6.185
 60420, 96.434,  2.631,  5.501
 60480, 101.024,  1.622,  6.469
 60540, 102.868,  3.070,  6.148
 60600, 106.682,  2.483,  6.502
 60660, 99.328,  1.513,  4.847
 60720, 97.477,  3.003,  5.608
 60780, 99.650,  2.617,  6.988
 60840, 101.829,  4.021,  6.839
 60900, 99.921,  3.133,  7.808
 60960, 102.842,  3.038,  6.128
 61020, 103.233,  1.785,  5.286
 61080, 102.321,  1.993,  6.323
 61140, 98.498,  2.885,  7.389
 61200, 102.781,  2.884,  6.326
 61260, -9999.000, -9999.000, -9999.000
 61320, 100.724,  3.257,  7.374
 61380, 102.548,  2.265,  5.525
 61440, 109.297,  2.554,  7.541
 61500, 104.627,  1.838,  6.351
 61560, 99.811,  1.907,  6.608
 61620, 102.151,  3.324,  5.648
 61680, 98.335,  2.419,  5.792
 61740, 103.899,  3.236,  4.656
 61800, 104.908,  4.112,  6.184
 61860, 110.530,  2.672,  7.486
 61920, 110.473,  3.321,  6.483
 61980, 115.045,  3.750,  6.579
 62040, 117.256,  4.095,  9.631
 62100, 120.504,  2.608,  7.543
 62160, 120.345,  3.918,  9.743
 62220, 127.274,  2.987,  8.638
 62280, 127.024,  2.231,  9.039
 62340, 126.787,  3.933, 11.056
 62400, 131.931,  3.879,  9.518
 62460, 128.415,  3.763,  8.145
 62520, 126.965,  5.331,  8.924
 62580, 119.096,  3.408,  9.241
 62640, 123.357,  2.821,  7.723
 62700, 121.918,  4.915,  8.707
 62760, 121.782,  3.292,  9.358
 62820, 118.178,  3.854,  8.732
 62880, 121.294,  5.397, 10.744
 62940, 128.465,  4.356, 10.540
 63000, 126.988,  5.111,  9.190
 63060, 124.408,  3.738, 11.369
 63120, -9999.000, -9999.000, -9999.000
 63180, 127.258,  4.563,  9.743
 63240, 137.807,  2.811,  9.640
 63300, 135.419,  6.239, 13.732
 63360, 140.270,  4.516, 10.960
 63420, 137.881,  6.121, 11.426
 63480, 143.083,  4.330, 11.922
 63540, 141.615,  4.042, 12.637
 63600, 144.224,  4.811, 10.850
 63660, 146.125,  5.072, 14.495
 63720, 142.270,  5.317, 11.811
 63780, 149.618,  5.014, 12.314
 63840, 148.983,  4.552, 12.705
 63900, 144.867,  4.502, 11.962
 63960, 144.148,  6.135, 12.329
 64020, 150.157,  4.546, 12.389
 64080, 148.274,  4.058, 11.243
 64140, 150.232,  4.455, 11.351
 64200, 158.054,  4.432, 13.364
 64260, 141.556,  5.038, 11.006
 64320, 147.021,  5.550, 12.640
 64380, 154.118,  6.300, 15.341
 64440, 150.986,  5.731, 12.511
 64500, 153.239,  5.200, 13.261
 64560, 160.209,  4.235, 12.267
 64620, 160.996,  4.851, 13.574
 64680, 167.944,  4.538, 13.875
 64740, 159.819,  4.910, 13.268
 64800, 149.020,  5.390, 13.919
 64860, 150.611,  5.201, 12.314
 64920, 156.920,  3.301, 13.426
 64980, -9999.000, -9999.000, -9999.000
 65040, 152.086,  6.204, 12.908
 65100, 154.849,  3.867,  9.845
 65160, 153.307,  4.155, 14.137
 65220, 157.947,  4.230, 11.284
 65280, 154.927,  4.854, 11.696
 65340, 166.671,  5.036, 12.454
 65400, 156.640,  4.609, 11.897
 65460, 163.053,  4.223, 12.264
 65520, 162.924,  6.625, 10.927
 65580, 166.169,  5.165, 12.610
 65640, 161.897,  4.041, 11.199
 65700, 155.609,  4.789, 11.446
 65760, 161.350,  3.949, 14.649
 65820, 154.800,  6.341, 11.213
 65880, 149.141,  5.674, 10.735
 65940, 155.503,  4.585,  9.415
 66000, 153.756,  4.200, 10.924
 66060, 155.915,  3.837, 13.030
 66120, 158.659,  5.833, 11.140
 66180, 160.339,  7.023, 12.667
 66240, 163.739,  5.125, 10.944
 66300, 162.903,  5.217,  9.456
 66360, 165.757,  4.521, 11.163
 66420, 167.243,  6.222, 12.506
 66480, 166.669,  5.147, 11.361
 66540, 167.502,  4.544, 10.678
 66600, 162.859,  4.177,  9.659
 66660, 165.639,  4.137, 11.760
 66720, 167.138,  4.260,  9.909
 66780, 174.298,  4.548,  8.992
 66840, 168.099,  3.260,  9.058
 66900, 175.561,  6.277,  9.015
 66960, 181.713,  4.151, 10.398
 67020, 175.418,  5.790, 10.980
 67080, 181.038,  4.074, 10.728
 67140, 174.656,  3.473, 10.378
 67200, 169.864,  5.542, 10.736
 67260, 169.730,  4.189,  9.735
 67320, 169.127,  4.766, 10.598
 67380, 169.284,  5.758, 12.323
 67440, 171.563,  4.801, 11.317
 67500, 181.014,  4.021, 11.744
 67560, 181.396,  5.954, 12.803
 67620, 175.733,  4.281, 13.581
 67680, 171.450,  5.353, 11.473
 67740, 155.612,  3.755, 12.166
 67800, 160.254,  3.797, 12.076
 67860, 169.194,  6.276,  9.994
 67920, 170.634,  5.628, 11.247
 67980, 175.403,  4.463, 11.404
 68040, 168.329,  4.653, 11.705
 68100, 163.895,  4.555, 12.891
 68160, 164.101,  4.405, 11.542
 68220, 156.563,  5.073, 12.507
 68280, 160.058,  3.627, 11.780
 68340, 157.294,  6.720,  7.620
 68400, 155.853,  5.073,  9.447
 68460, 144.962,  5.079,  8.799
 68520, 143.216,  4.629,  6.925
 68580, 157.253,  5.360, 10.963
 68640, -9999.000, -9999.000, -9999.000
 68700, 160.033,  1.611, 12.941
 68760, 169.620,  5.365, 12.160
 68820, 177.390,  5.034, 12.302
 68880, 184.658,  6.135, 12.562
 68940, 181.773,  5.203, 11.616
 69000, 186.635,  7.786, 13.202
 69060, 183.048,  5.170, 11.894
 69120, 186.122,  5.113, 11.975
 69180, 197.712,  5.090, 16.528
 69240, 187.575,  5.151,  8.805
 69300, 182.576,  4.679, 10.906
 69360, 178.948,  4.541, 15.715
 69420, 164.508,  3.678, 12.003
 69480, 168.823,  4.149, 14.526
 69540, 171.639,  5.407, 11.190
 69600, 173.105,  4.255, 13.899
 69660, 175.972,  3.484, 12.037
 69720, 166.595,  3.776, 11.939
 69780, 158.210,  4.934, 11.311
 69840, 155.686,  3.892, 12.851
 69900, 159.416,  6.047, 12.412
 69960, 162.550,  5.172, 12.428
 70020, 155.405,  3.602, 11.229
 70080, 146.781,  4.918, 11.386
 70140, 143.775,  3.815, 12.316
 70200, 140.720,  5.490, 14.024
 70260, 140.325,  4.321,  9.304
 70320, 147.191,  2.024, 11.516
 70380, 154.011,  3.636, 10.455
 70440, 152.499,  6.366, 10.660
 70500, -9999.000, -9999.000, -9999.000
 70560, 156.815,  4.689, 13.448
 70620, 160.610,  4.101, 11.404
 70680, 156.498,  5.629, 10.911
 70740, 165.138,  4.429, 14.663
 70800, 167.822,  4.356, 12.550
 70860, 158.453,  4.848, 13.833
 70920, 170.144,  3.048, 13.750
 70980, 178.168,  3.724, 12.214
 71040, 175.756,  5.025, 12.537
 71100, 163.089,  5.081, 13.373
 71160, 155.095,  3.848, 11.082
 71220, 154.691,  3.820, 12.077
 71280, 162.321,  3.192, 12.161
 71340, 162.399,  3.926, 10.715
 71400, 160.249,  5.240, 13.386
 71460, 158.742,  3.624, 12.768
 71520, 165.283,  3.963, 12.167
 71580, 156.043,  2.161, 12.017
 71640, 165.151,  2.975, 13.291
 71700, 160.503,  2.457, 13.907
 71760, 168.159,  2.924, 14.428
 71820, 169.052,  3.823,  9.380
 71880, 157.555,  2.886, 13.963
 71940, 154.888,  2.015, 12.640
 72000, 157.581,  3.525, 12.224
 72060, 164.339,  3.337, 14.156
 72120, 164.816,  2.460, 14.352
 72180, 165.019,  2.853, 11.117
 72240, 163.576,  1.272, 10.540
 72300, 161.578,  1.889, 10.520
 72360, -9999.000, -9999.000, -9999.000
 72420, 170.502,  2.375, 13.778
 72480, 165.760,  2.319, 12.724
 72540, 166.699,  5.095, 11.941
 72600, 167.401,  2.648, 12.658
 72660, 162.866,  3.110, 13.529
 72720, 153.944,  3.909,  9.980
 72780, 143.477,  4.441, 11.038
 72840, 141.569,  2.835, 10.279
 72900, 150.457,  4.280, 10.839
 72960, 145.282,  3.394, 11.534
 73020, 142.677,  5.302,  9.566
 73080, 140.779,  2.827, 11.807
 73140, 138.132,  3.351,  9.077
 73200, 140.832,  3.302,  9.082
 73260, 142.267,  2.571,  9.357
 73320, 150.275,  2.436,  9.765
 73380, 143.456,  1.990,  8.762
 73440, 146.112,  3.472, 11.188
 73500, 147.624,  2.961,  9.661
 73560, 138.836,  3.319,  9.136
 73620, 131.343,  2.637,  6.995
 73680, 133.570,  4.013,  7.320
 73740, 137.385,  4.329,  9.534
 73800, 137.409,  1.739,  9.429
 73860, 137.098,  4.501,  8.611
 73920, 142.581,  1.285,  8.605
 73980, 147.020,  4.350,  8.566
 74040, 149.210,  3.666, 11.255
 74100, 142.864,  2.138,  7.111
 74160, 145.954,  3.660, 10.081
 74220, 157.090,  1.104,  7.905
 74280, 148.002,  3.654,  8.765
 74340, 150.215,  3.406,  9.394
 74400, 150.403,  2.878, 10.000
 74460, 141.791,  3.096, 11.000
 74520, 148.654,  3.147,  9.474
 74580, 156.705,  5.181, 10.602
 74640, 152.803,  5.098,  7.831
 74700, 147.762,  3.530,  9.226
 74760, 150.501,  3.986,  7.922
 74820, 152.053,  4.669,  9.695
 74880, 151.501,  4.806,  8.163
 74940, 144.025,  3.121,  9.476
 75000, 143.388,  5.027, 10.054
 75060, 144.990,  3.621,  7.562
 75120, 145.206,  5.353,  7.434
 75180, 146.488,  4.415,  9.305
 75240, 148.711,  2.701, 11.081
 75300, 148.569,  4.476,  9.547
 75360, 148.751,  4.684, 11.648
 75420, 142.284,  3.260,  9.631
 75480, 139.330,  5.497, 11.220
 75540, 140.414,  5.020,  9.386
 75600, 143.419,  3.737, 11.661
 75660, 145.462,  4.010, 10.632
 75720, 146.391,  4.540, 13.943
 75780, 151.785,  2.845, 12.035
 75840, 142.472,  5.843, 10.000
 75900, 143.365,  3.666, 10.818
 75960, 157.055,  3.951, 11.944
 76020, 147.469,  2.041, 16.039
 76080, 166.414,  1.585,  3.395
 76140, 149.664,  4.003, 12.230
 76200, 151.139,  4.856, 11.175
 76260, 147.160,  4.751, 12.486
 76320, 137.251,  4.017, 10.348
 76380, 139.942,  5.100, 11.462
 76440, 147.728,  5.466, 11.987
 76500, 150.573,  4.543,  9.283
 76560, 148.509,  3.814, 14.282
 76620, 143.551,  4.572, 12.344
 76680, 153.260,  5.036, 12.918
 76740, 156.810,  5.551, 13.275
 76800, 164.162,  4.672, 12.706
 76860, 162.557,  5.621, 14.679
 76920, 170.775,  6.202, 11.417
 76980, 189.236,  4.390, 16.886
 77040, 186.033,  4.330, 14.977
 77100, 173.349,  5.186, 15.576
 77160, 175.290,  3.571, 14.289
 77220, 169.130,  4.631, 13.644
 77280, 164.225,  6.308,  4.275
 77340, 174.003,  5.764, 11.668
 77400, 170.098,  5.665, 13.077
 77460, 168.674,  5.627, 13.060
 77520, 183.319,  4.529, 15.090
 77580, 174.802,  4.605, 12.327
 77640, 173.487,  6.300, 14.386
 77700, 166.720,  4.817, 12.937
 77760, 160.211,  5.254, 11.801
 77820, 154.534,  6.137, 10.944
 77880, 170.379, 11.232,  9.926
 77940, 167.546,  5.010,  9.476
 78000, 187.348,  5.129, 14.100
 78060, 201.979,  4.944, 18.112
 78120, 214.659,  4.938, 16.701
 78180, 223.634,  4.065, 18.183
 78240, 209.175,  4.837, 15.836
 78300, 205.437,  4.546, 15.890
 78360, 210.093,  4.517, 16.093
 78420, 220.978,  5.951, 14.010
 78480, 230.139,  5.345, 18.800
 78540, 227.261,  8.027, 17.220
 78600, 244.733,  6.031, 19.988
 78660, 279.195,  7.189, 22.191
 78720, 282.942,  6.343, 22.343
 78780, 262.379,  5.187, 21.775
