CampaignData_and_Merges/R0/CSL_MobileLab_Parked/raw/20240729/USOS-NOAAIodideCIMS-PANs_MobileLabGround_20240729_RA.ict
35, 1001
Michael A Robinson, Chris Jernigan, Subi Thakali
NOAA ESRL Chemical Sciences Laboratory and CIRES, U. of Colorado
NOAA Iodide CIMS Instrument
USOS
1, 1
2024, 07, 29, 2024, 07, 30
1
starttime_UTC, seconds_past_midnight, seconds_of_day_since_00:00:00_UTC
3
1, 1, 1
-9999, -9999, -9999
PAN_NOAACIMS, pptv, Gas_PAN_InSitu_S_AVMR, 
APAN_NOAACIMS, pptv, Gas_APAN_InSitu_S_AVMR, 
PPN_NOAACIMS, pptv, Gas_PPN_InSitu_S_AVMR, 
0
18
PI_CONTACT_INFO: 325 Broadway, R/CSD 7, Boulder, Colorado 80305; michael.a.robinson@noaa.gov; chris.jernigan@noaa.gov;
PLATFORM: NOAA CSL Mobile Lab
LOCATION: SLC, Utah
ASSOCIATED_DATA: 1Hz data also available on request.
INSTRUMENT_INFO: NOAA I- ToF CIMS
DATA_INFO: All data in parts per trillion by volume (pptv). 1 Hz data is available upon request.
UNCERTAINTY: TBD
ULOD_FLAG: -7777
ULOD_VALUE: N/A
LLOD_FLAG: -8888
LLOD_VALUE: N/A
DM_CONTACT_INFO: Nathan Howard; nathan.h.howard@noaa.gov
PROJECT_INFO: USOS, summer 2024. https://csl.noaa.gov/groups/csl7/measurements/2024usos/
STIPULATIONS_ON_USE: Users are strongly encouraged to contact the PI for proper data usage.
OTHER_COMMENTS: 
REVISION: RA
RA: Preliminary Data; For in-field use only
starttime_UTC, PAN_NOAACIMS, APAN_NOAACIMS, PPN_NOAACIMS
[from data line 1315]
 78900, 260.100,  6.235, 19.188
 78960, 246.199,  7.494, 15.962
 79020, 272.907,  6.569, 23.772
 79080, 265.888,  5.391, 23.286
 79140, 268.705,  8.251, 18.852
 79200, 252.005,  6.892, 21.012
 79260, 245.952,  5.736, 17.859
 79320, 252.706,  4.484, 22.233
 79380, 240.909,  4.047, 17.321
 79440, 254.324,  6.346, 19.448
 79500, 251.951,  5.054, 22.277
 79560, 256.980,  4.569, 21.575
 79620, 261.290,  6.730, 23.292
 79680, 247.368,  4.187, 23.729
 79740, -9999.000, -9999.000, -9999.000
 79800, 243.043,  5.110, 22.999
 79860, 244.014,  6.851, 22.426
 79920, 229.570,  5.144, 18.192
 79980, 232.396,  5.206, 19.646
 80040, 219.423,  6.563, 17.057
 80100, 210.380,  6.078, 16.469
 80160, 196.052,  6.219, 15.569
 80220, 193.500,  5.157, 15.807
 80280, 185.611,  5.157, 15.433
 80340, 182.228,  3.190, 15.611
 80400, 171.884,  7.161, 11.617
 80460, 179.121,  3.346, 13.608
 80520, 182.134,  3.878, 14.322
 80580, 179.559,  4.939, 13.292
 80640, 193.551,  4.639, 14.792
 80700, 200.091,  5.741, 13.185
 80760, 243.499,  5.166, 18.730
 80820, 255.374,  5.141, 17.157
 80880, 265.468,  6.204, 18.060
 80940, 259.678,  6.364, 19.293
 81000, 267.546,  4.589, 17.299
 81060, 264.786,  5.036, 19.417
 81120, 258.834,  5.233, 18.559
 81180, 260.314,  6.960, 19.556
 81240, 255.460,  4.910, 17.638
 81300, 255.081,  8.487, 19.325
 81360, 249.829,  8.316, 18.683
 81420, 263.168,  9.118, 18.884
 81480, 250.065,  5.411, 19.430
 81540, 244.418,  4.211, 17.987
 81600, -9999.000, -9999.000, -9999.000
 81660, 244.905,  6.772, 16.130
 81720, 246.577,  5.681, 18.627
 81780, 247.316,  6.598, 19.246
 81840, 261.430,  6.181, 21.950
 81900, 267.177,  7.113, 18.446
 81960, 254.696,  6.392, 20.576
 82020, 258.073,  7.182, 21.316
 82080, 259.035,  6.068, 20.450
 82140, 262.120,  5.201, 19.794
 82200, 248.169,  7.913, 14.625
 82260, 234.132,  5.551, 17.643
 82320, 231.840,  5.287, 17.948
 82380, 236.847,  7.827, 17.698
 82440, 237.208,  7.233, 16.941
 82500, 235.132,  5.587, 16.923
 82560, 225.698,  7.016, 17.641
 82620, 241.912,  7.746, 18.334
 82680, 253.422,  5.790, 20.147
 82740, 242.158,  6.331, 18.513
 82800, 241.697,  8.559, 16.863
 82860, 250.150,  6.481, 20.088
 82920, 261.672,  9.661, 19.472
 82980, 245.915,  6.873, 21.295
 83040, 242.802,  8.611, 19.993
 83100, 247.051,  8.889, 19.170
 83160, 242.631,  5.595, 23.253
 83220, 232.415,  5.145, 19.329
 83280, 230.157,  9.219, 12.358
 83340, 233.970,  9.201, 17.145
 83400, 223.226,  6.604, 21.962
 83460, -9999.000, -9999.000, -9999.000
 83520, 203.937,  7.815, 18.374
 83580, 195.407,  6.719, 15.027
 83640, 171.242,  6.791, 18.163
 83700, 170.049,  5.736, 15.513
 83760, 162.144,  6.083, 11.996
 83820, 167.270,  3.826, 11.502
 83880, 165.521,  7.013, 11.848
 83940, 163.056,  5.385, 14.895
 84000, 155.381,  6.716, 13.327
 84060, 156.549,  6.484, 10.558
 84120, 159.621,  6.621, 12.153
 84180, 163.529,  6.022,  9.784
 84240, 174.013,  4.784, 12.405
 84300, 164.917,  5.083, 15.146
 84360, 166.090,  5.263, 13.582
 84420, 170.739,  5.127, 14.645
 84480, 169.318,  4.702, 15.601
 84540, 162.129,  5.601, 13.854
 84600, 163.431,  7.201, 11.880
 84660, 158.958,  5.296, 15.102
 84720, 163.580,  5.413, 13.638
 84780, 156.421,  4.734, 13.731
 84840, 165.412,  5.479, 12.386
 84900, 172.608,  7.465, 11.959
 84960, 164.361,  6.707, 10.488
 85020, 160.110,  3.558, 12.727
 85080, 158.351,  4.633, 11.249
 85140, 159.104,  3.559, 11.489
 85200, 147.672,  4.550, 10.453
 85260, 144.918,  4.909, 10.757
 85320, 144.293,  5.723, 11.392
 85380, 138.345,  4.573,  8.702
 85440, 145.012,  5.226, 10.478
 85500, 149.983,  4.583, 12.707
 85560, 143.581,  4.706,  8.423
 85620, 142.273,  5.227, 10.856
 85680, 144.554,  3.936, 11.375
 85740, 144.309,  5.982, 10.339
 85800, 138.979,  5.097, 10.899
 85860, 142.658,  2.406, 10.470
 85920, 133.307,  4.581, 10.759
 85980, 138.537,  5.918, 11.885
 86040, 141.156,  5.429,  8.646
 86100, 142.248,  5.603, 10.315
 86160, 134.748,  5.902, 10.369
 86220, 129.636,  5.152, 11.380
 86280, 144.761,  5.744, 11.744
 86340, 135.599,  4.667,  8.749
