CampaignData_and_Merges/R0/CSL_MobileLab_Parked/raw/20240729/USOS-NOAAIodideCIMS-Halogens_MobileLabGround_20240729_RA.ict
38, 1001
Michael A Robinson, Chris Jernigan, Subi Thakali
NOAA ESRL Chemical Sciences Laboratory and CIRES, U. of Colorado
NOAA Iodide CIMS Instrument
USOS
1, 1
2024, 07, 29, 2024, 07, 30
1
starttime_UTC, seconds_past_midnight, seconds_of_day_since_00:00:00_UTC
6
1, 1, 1, 1, 1, 1
-9999, -9999, -9999, -9999, -9999, -9999
Br2_NOAACIMS, pptv, Gas_Br2_InSitu_S_AVMR, 
BrO_NOAACIMS, pptv, Gas_BrO_InSitu_S_AVMR, 
Cl2_NOAACIMS, pptv, Gas_Cl2_InSitu_S_AVMR, 
ClNO2_NOAACIMS, pptv, Gas_ClNO2_InSitu_S_AVMR, 
BrCl_NOAACIMS, pptv, Gas_BrCl_InSitu_S_AVMR, 
NCl3_NOAACIMS, pptv, Gas_NCl3_InSitu_S_AVMR, 
0
18
PI_CONTACT_INFO: 325 Broadway, R/CSD 7, Boulder, Colorado 80305; michael.a.robinson@noaa.gov; chris.jernigan@noaa.gov;
PLATFORM: NOAA CSL Mobile Lab
LOCATION: SLC, Utah
ASSOCIATED_DATA: 1Hz data also available on request.
INSTRUMENT_INFO: NOAA I- ToF CIMS
DATA_INFO: All data in parts per trillion by volume (pptv). 1 Hz data is available upon request.
UNCERTAINTY: TBD
ULOD_FLAG: -7777
ULOD_VALUE: N/A
LLOD_FLAG: -8888
LLOD_VALUE: N/A
DM_CONTACT_INFO: Nathan Howard; nathan.h.howard@noaa.gov
PROJECT_INFO: USOS, summer 2024. https://csl.noaa.gov/groups/csl7/measurements/2024usos/
STIPULATIONS_ON_USE: Users are strongly encouraged to contact the PI for proper data usage.
OTHER_COMMENTS: 
REVISION: RA
RA: Preliminary Data; For in-field use only
starttime_UTC, Br2_NOAACIMS, BrO_NOAACIMS, Cl2_NOAACIMS, ClNO2_NOAACIMS, BrCl_NOAACIMS, NCl3_NOAACIMS
     0,  1.204,  0.308,  1.183,  0.096,  0.559,  0.150
    60,  1.114,  0.055,  1.163,  0.080,  0.517,  0.172
   120,  1.151,  0.213,  1.115,  0.128,  0.584,  0.105
   180,  1.091,  0.161,  1.123,  0.122,  0.466,  0.079
   240,  1.055,  0.317,  1.069,  0.131,  0.551,  0.077
   300,  1.090,  0.146,  1.112,  0.087,  0.450,  0.180
   360, -9999.000, -9999.000, -9999.000, -9999.000, -9999.000, -9999.000
   420,  1.001,  0.178,  1.119,  0.114,  0.525,  0.082
   480,  1.021,  0.280,  0.979,  0.136,  0.517,  0.111
   540,  1.004,  0.157,  0.961,  0.108,  0.554,  0.060
   600,  0.925,  0.332,  1.199,  0.080,  0.558,  0.108
   660,  1.078,  0.130,  1.090,  0.137,  0.416,  0.248
   720,  1.119,  0.196,  0.992,  0.150,  0.501,  0.091
   780,  1.052,  0.189,  1.163,  0.162,  0.533,  0.177
   840,  0.984,  0.131,  1.177,  0.150,  0.430,  0.136
   900,  1.069,  0.238,  1.061,  0.151,  0.491,  0.140
   960,  0.865,  0.196,  1.168,  0.150,  0.419,  0.007
  1020,  0.838,  0.023,  1.025,  0.136,  0.456,  0.167
  1080,  0.982,  0.284,  1.086,  0.122,  0.497,  0.066
  1140,  1.106,  0.212,  1.246,  0.106,  0.505,  0.047
  1200,  0.758,  0.167,  0.963,  0.141,  0.451,  0.010
  1260,  0.996,  0.123,  1.101,  0.126,  0.545,  0.189
  1320,  0.923,  0.072,  1.298,  0.143,  0.395,  0.070
  1380,  0.938,  0.129,  1.238,  0.158,  0.375,  0.178
  1440,  0.912,  0.101,  1.149,  0.115,  0.432,  0.226
  1500,  0.852,  0.149,  1.224,  0.165,  0.529,  0.248
  1560,  0.912,  0.178,  1.202,  0.133,  0.505,  0.043
  1620,  0.949,  0.068,  1.026,  0.133,  0.411,  0.183
  1680,  0.977,  0.061,  1.107,  0.152,  0.498,  0.167
  1740,  0.998,  0.070,  1.023,  0.189,  0.462,  0.100
  1800,  0.905, -0.020,  1.127,  0.154,  0.432,  0.110
  1860,  0.861,  0.072,  1.176,  0.163,  0.419,  0.142
  1920,  0.834, -0.010,  1.167,  0.198,  0.395, -0.011
  1980,  0.843,  0.022,  1.360,  0.173,  0.478,  0.136
  2040,  0.897,  0.049,  1.283,  0.176,  0.397,  0.121
  2100,  0.954,  0.039,  1.221,  0.136,  0.420,  0.150
  2160,  1.142, -0.015,  1.423,  0.190,  0.520,  0.153
  2220,  1.076, -0.062,  1.464,  0.052,  0.551, -0.031
  2280,  1.061, -0.019,  1.090,  0.183,  0.427,  0.138
  2340,  0.889, -0.033,  1.179,  0.151,  0.475,  0.151
  2400,  0.969,  0.111,  1.079,  0.151,  0.505,  0.181
  2460,  0.985,  0.074,  1.187,  0.162,  0.458,  0.036
  2520,  0.892, -0.074,  1.235,  0.139,  0.353,  0.195
  2580,  0.820,  0.075,  1.211,  0.158,  0.467,  0.116
  2640,  1.062,  0.141,  1.435,  0.171,  0.486,  0.223
  2700,  0.791, -0.002,  1.201,  0.133,  0.523,  0.170
  2760,  0.882,  0.113,  1.597,  0.100,  0.537,  0.270
  2820,  0.985,  0.028,  1.485,  0.126,  0.451,  0.179
  2880,  0.835,  0.045,  1.255,  0.136,  0.430,  0.166
  2940,  0.946,  0.052,  1.282,  0.167,  0.437,  0.278
  3000,  0.890, -0.044,  1.273,  0.157,  0.414,  0.196
  3060,  0.629, -0.026,  1.267,  0.140,  0.408,  0.161
  3120,  0.695,  0.077,  1.031,  0.131,  0.352,  0.250
  3180,  0.905,  0.092,  1.181,  0.125,  0.356,  0.258
  3240,  0.816,  0.120,  1.289,  0.192,  0.367,  0.149
  3300,  0.809,  0.025,  1.286,  0.084,  0.392,  0.300
  3360,  0.947, -0.003,  1.374,  0.157,  0.420,  0.250
  3420,  0.852,  0.003,  1.319,  0.186,  0.443,  0.285
  3480,  0.862,  0.162,  1.422,  0.183,  0.424,  0.353
  3540,  0.852,  0.060,  1.320,  0.171,  0.508,  0.369
  3600,  0.874,  0.016,  1.474,  0.157,  0.477,  0.376
  3660,  0.913,  0.069,  1.084,  0.137,  0.442,  0.392
  3720,  0.885,  0.053,  1.389,  0.154,  0.437,  0.341
  3780,  0.733,  0.120,  1.076,  0.127,  0.407,  0.294
  3840,  0.710,  0.138,  1.099,  0.095,  0.379,  0.236
  3900,  0.900,  0.083,  1.214,  0.109,  0.444,  0.309
  3960,  0.990,  0.065,  1.075,  0.139,  0.427,  0.288
  4020,  0.355,  0.194,  1.461,  0.107, -0.031,  0.828
  4080,  0.646,  0.222,  1.412,  0.092,  0.352,  0.171
  4140,  0.764,  0.123,  1.164,  0.145,  0.343,  0.538
  4200,  0.810,  0.060,  0.957,  0.138,  0.424,  0.456
  4260,  0.772,  0.073,  1.030,  0.156,  0.474,  0.461
  4320,  0.771,  0.093,  1.297,  0.191,  0.383,  0.626
  4380,  0.713,  0.105,  1.292,  0.168,  0.379,  0.597
  4440,  0.855,  0.152,  1.362,  0.154,  0.439,  0.701
  4500,  0.870,  0.136,  1.391,  0.225,  0.490,  0.630
  4560,  0.788,  0.088,  1.295,  0.174,  0.521,  0.636
  4620,  0.844,  0.185,  1.139,  0.184,  0.389,  0.348
  4680,  0.902,  0.148,  1.088,  0.203,  0.430,  0.334
  4740,  0.866,  0.288,  0.929,  0.093,  0.449,  0.338
  4800,  0.951,  0.133,  1.038,  0.163,  0.489,  0.312
  4860,  0.792,  0.237,  1.202,  0.183,  0.403,  0.393
  4920,  0.867,  0.161,  1.352,  0.242,  0.385,  0.440
  4980,  0.750,  0.182,  1.430,  0.201,  0.383,  0.332
  5040,  0.792,  0.162,  1.237,  0.272,  0.431,  0.506
  5100,  0.976,  0.201,  1.380,  0.272,  0.457,  0.593
  5160,  0.884,  0.124,  1.295,  0.277,  0.335,  0.582
  5220,  0.841,  0.159,  1.297,  0.343,  0.401,  0.438
  5280,  0.726,  0.084,  1.253,  0.366,  0.392,  0.449
  5340,  1.080,  0.210,  1.469,  0.359,  0.333,  0.383
  5400,  0.781,  0.175,  1.125,  0.392,  0.353,  0.346
  5460,  0.823,  0.220,  1.319,  0.396,  0.412,  0.374
  5520,  0.957,  0.159,  1.413,  0.370,  0.392,  0.407
  5580,  0.980,  0.254,  1.344,  0.400,  0.340,  0.529
  5640,  0.844,  0.260,  1.208,  0.332,  0.393,  0.407
  5700,  0.950,  0.229,  1.296,  0.366,  0.401,  0.343
  5760,  0.907,  0.117,  1.264,  0.369,  0.341,  0.391
  5820,  0.865,  0.142,  1.268,  0.442,  0.394,  0.294
  5880,  0.904,  0.113,  1.085,  0.419,  0.429,  0.406
  5940,  0.809,  0.152,  1.101,  0.424,  0.342,  0.291
  6000,  0.860,  0.235,  1.185,  0.437,  0.314,  0.318
  6060,  0.839,  0.244,  1.132,  0.509,  0.365,  0.354
  6120,  0.938,  0.138,  1.604,  0.467,  0.437,  0.441
  6180,  1.327,  0.059,  1.364,  0.447,  0.458,  0.201
  6240, -9999.000, -9999.000, -9999.000, -9999.000, -9999.000, -9999.000
  6300, -9999.000, -9999.000, -9999.000, -9999.000, -9999.000, -9999.000
  6360, -9999.000, -9999.000, -9999.000, -9999.000, -9999.000, -9999.000
  6420, -9999.000, -9999.000, -9999.000, -9999.000, -9999.000, -9999.000
  6480, -9999.000, -9999.000, -9999.000, -9999.000, -9999.000, -9999.000
  6540, -9999.000, -9999.000, -9999.000, -9999.000, -9999.000, -9999.000
  6600, -9999.000, -9999.000, -9999.000, -9999.000, -9999.000, -9999.000
  6660, -9999.000, -9999.000, -9999.000, -9999.000, -9999.000, -9999.000
  6720, -9999.000, -9999.000, -9999.000, -9999.000, -9999.000, -9999.000
  6780, -9999.000, -9999.000, -9999.000, -9999.000, -9999.000, -9999.000
  6840, -9999.000, -9999.000, -9999.000, -9999.000, -9999.000, -9999.000
  6900, -9999.000, -9999.000, -9999.000, -9999.000, -9999.000, -9999.000
  6960, -9999.000, -9999.000, -9999.000, -9999.000, -9999.000, -9999.000
  7020, -9999.000, -9999.000, -9999.000, -9999.000, -9999.000, -9999.000
  7080, -9999.000, -9999.000, -9999.000, -9999.000, -9999.000, -9999.000
  7140, -9999.000, -9999.000, -9999.000, -9999.000, -9999.000, -9999.000
  7200, -9999.000, -9999.000, -9999.000, -9999.000, -9999.000, -9999.000
  7260, -9999.000, -9999.000, -9999.000, -9999.000, -9999.000, -9999.000
  7320, -9999.000, -9999.000, -9999.000, -9999.000, -9999.000, -9999.000
  7380, -9999.000, -9999.000, -9999.000, -9999.000, -9999.000, -9999.000
  7440, -9999.000, -9999.000, -9999.000, -9999.000, -9999.000, -9999.000
  7500, -9999.000, -9999.000, -9999.000, -9999.000, -9999.000, -9999.000
  7560, -9999.000, -9999.000, -9999.000, -9999.000, -9999.000, -9999.000
  7620, -9999.000, -9999.000, -9999.000, -9999.000, -9999.000, -9999.000
  7680, -9999.000, -9999.000, -9999.000, -9999.000, -9999.000, -9999.000
  7740, -9999.000, -9999.000, -9999.000, -9999.000, -9999.000, -9999.000
  7800, -9999.000, -9999.000, -9999.000, -9999.000, -9999.000, -9999.000
  7860,  1.115,  0.091, -9999.000,  0.125,  0.349,  0.307
  7920,  1.173,  0.047, -9999.000,  0.118,  0.397,  0.342
  7980,  1.034,  0.154, -9999.000,  0.136,  0.370,  0.362
  8040,  1.131,  0.110, -9999.000,  0.143,  0.472,  0.541
  8100,  1.214,  0.103, -9999.000,  0.129,  0.341,  0.835
  8160,  1.246,  0.085, -9999.000,  0.153,  0.414,  0.827
  8220,  1.175,  0.064, -9999.000,  0.138,  0.438,  1.135
  8280,  1.201,  0.091, -9999.000,  0.144,  0.548,  1.070
  8340,  1.242,  0.145, -9999.000,  0.127,  0.546,  0.787
  8400,  1.101,  0.158, -9999.000,  0.149,  0.506,  0.874
  8460,  1.112,  0.040, -9999.000,  0.154,  0.486,  0.724
  8520,  0.983,  0.075, -9999.000,  0.153,  0.528,  0.777
  8580,  1.113,  0.080, -9999.000,  0.133,  0.484,  1.068
  8640,  1.045,  0.006, -9999.000,  0.174,  0.438,  1.105
  8700,  1.021,  0.127, -9999.000,  0.179,  0.413,  2.688
  8760,  1.059, -0.084, -9999.000,  0.235,  0.513,  2.888
  8820,  1.178,  0.009, -9999.000,  0.207,  0.481,  3.358
  8880,  1.118,  0.050, -9999.000,  0.265,  0.552,  6.306
  8940,  0.964,  0.127, -9999.000,  0.312,  0.457,  5.695
  9000,  1.189, -0.034, -9999.000,  0.234,  0.512,  3.670
  9060,  1.018,  0.084, -9999.000,  0.184,  0.491,  3.598
  9120,  1.015,  0.011, -9999.000,  0.233,  0.526,  4.566
  9180,  0.871,  0.010, -9999.000,  0.209,  0.470,  2.895
  9240,  1.079,  0.001, -9999.000,  0.232,  0.543,  3.989
  9300,  0.958, -0.022, -9999.000,  0.252,  0.486,  1.999
  9360,  1.041, -0.032, -9999.000,  0.227,  0.534,  2.732
  9420,  1.057,  0.005, -9999.000,  0.245,  0.663,  2.791
  9480,  1.156, -0.001,  1.400,  0.205,  0.532,  3.015
  9540, -9999.000, -9999.000, -9999.000, -9999.000, -9999.000, -9999.000
  9600,  0.871, -0.016,  1.102,  0.241,  0.550,  1.271
  9660,  0.787, -0.004,  1.059,  0.301,  0.530,  1.447
  9720,  0.944, -0.051,  1.054,  0.258,  0.544,  0.995
  9780,  1.149,  0.010,  1.098,  0.228,  0.592,  1.342
  9840,  1.050, -0.040,  1.108,  0.167,  0.508,  1.404
  9900,  1.026,  0.004,  1.064,  0.171,  0.539,  1.507
  9960,  1.015,  0.101,  1.188,  0.220,  0.565,  1.625
 10020,  0.970,  0.098,  1.009,  0.166,  0.571,  1.871
 10080,  1.038,  0.077,  1.146,  0.162,  0.582,  1.988
 10140,  1.198,  0.087,  1.263,  0.183,  0.545,  2.070
 10200,  1.048,  0.055,  1.291,  0.199,  0.509,  2.173
 10260,  0.999,  0.071,  1.140,  0.173,  0.576,  2.177
 10320,  0.827,  0.124,  1.274,  0.156,  0.573,  2.964
 10380,  0.926,  0.176,  1.184,  0.187,  0.561,  3.152
 10440,  0.982,  0.138,  1.279,  0.188,  0.561,  3.177
 10500,  0.910,  0.071,  1.141,  0.122,  0.569,  3.204
 10560,  1.073,  0.154,  1.064,  0.161,  0.640,  4.074
 10620,  0.949,  0.210,  1.154,  0.176,  0.511,  3.973
 10680,  1.017,  0.176,  1.098,  0.135,  0.523,  4.000
 10740,  1.118,  0.119,  1.104,  0.138,  0.502,  3.845
 10800,  1.045,  0.133,  1.025,  0.181,  0.504,  4.336
 10860,  0.945,  0.179,  1.047,  0.152,  0.634,  4.249
 10920,  1.083,  0.176,  1.186,  0.155,  0.591,  4.150
 10980,  1.043,  0.245,  1.174,  0.115,  0.505,  3.890
 11040,  1.114,  0.286,  1.129,  0.148,  0.538,  3.851
 11100,  1.053,  0.211,  1.150,  0.162,  0.560,  3.888
 11160,  0.851,  0.234,  0.998,  0.130,  0.538,  4.160
 11220,  1.137,  0.256,  1.054,  0.106,  0.534,  3.618
 11280,  1.039,  0.172,  1.047,  0.168,  0.530,  4.054
 11340,  1.233,  0.293,  1.234,  0.124,  0.574,  4.030
 11400,  1.024,  0.532,  0.911,  0.148,  0.494,  3.867
 11460,  1.135,  0.221,  1.080,  0.204,  0.391,  3.657
 11520,  0.958,  0.247,  0.973,  0.125,  0.519,  3.710
 11580,  1.059,  0.209,  1.086,  0.129,  0.565,  3.649
 11640,  1.026,  0.211,  1.053,  0.157,  0.488,  3.413
 11700,  0.970,  0.207,  1.002,  0.143,  0.610,  3.071
 11760,  1.093,  0.248,  0.839,  0.115,  0.403,  2.612
 11820,  1.012,  0.163,  0.923,  0.100,  0.436,  2.504
 11880,  1.035,  0.137,  0.811,  0.128,  0.411,  2.168
 11940,  1.128,  0.152,  0.888,  0.139,  0.429,  1.993
 12000,  0.861,  0.251,  0.899,  0.135,  0.389,  1.705
 12060,  0.877,  0.172,  0.903,  0.118,  0.399,  2.180
 12120,  1.111,  0.163,  0.885,  0.152,  0.475,  1.887
 12180,  1.093,  0.238,  0.883,  0.109,  0.403,  2.268
 12240,  1.075,  0.206,  0.856,  0.112,  0.388,  2.038
 12300,  1.127,  0.211,  0.806,  0.111,  0.379,  2.081
 12360,  1.041,  0.123,  0.799,  0.137,  0.434,  2.079
 12420,  1.275,  0.114,  0.781,  0.133,  0.520,  2.128
 12480,  1.089,  0.095,  0.745,  0.132,  0.405,  2.440
 12540,  1.115,  0.077,  0.822,  0.153,  0.389,  2.266
 12600,  1.120,  0.234,  0.908,  0.135,  0.380,  2.374
 12660,  1.127,  0.188,  0.838,  0.140,  0.361,  2.279
 12720,  1.142,  0.073,  0.794,  0.178,  0.352,  2.025
 12780,  1.100,  0.142,  0.847,  0.138,  0.338,  2.045
 12840,  1.057,  0.194,  0.734,  0.152,  0.340,  2.057
 12900,  1.031,  0.162,  0.683,  0.168,  0.400,  1.878
 12960,  1.118,  0.127,  0.789,  0.119,  0.320,  1.993
 13020,  0.967,  0.045,  0.732,  0.101,  0.308,  2.193
 13080,  1.060,  0.038,  0.739,  0.121,  0.364,  2.135
 13140,  1.065,  0.122,  0.715,  0.132,  0.289,  2.118
 13200,  0.707,  0.141,  0.578,  0.024,  0.350,  2.421
 13260,  1.075,  0.248,  0.815,  0.177,  0.268,  3.666
 13320,  0.994,  0.097,  0.897,  0.132,  0.285,  4.022
 13380,  1.093,  0.076,  0.680,  0.152,  0.327,  2.262
 13440,  1.098,  0.096,  0.830,  0.116,  0.334,  3.021
 13500,  1.010,  0.021,  0.823,  0.146,  0.377,  3.422
 13560,  1.021,  0.050,  0.882,  0.139,  0.383,  3.983
 13620,  1.061,  0.128,  0.970,  0.158,  0.330,  1.947
 13680,  1.154,  0.026,  1.079,  0.212,  0.412,  2.231
 13740,  1.102,  0.062,  0.906,  0.198,  0.400,  2.346
 13800,  1.007,  0.140,  0.986,  0.162,  0.372,  4.026
 13860,  1.122,  0.125,  1.033,  0.208,  0.308,  3.121
 13920,  1.046,  0.123,  0.829,  0.131,  0.371,  2.230
 13980,  0.924,  0.069,  0.790,  0.155,  0.427,  2.213
 14040,  1.025,  0.140,  1.010,  0.179,  0.459,  2.252
 14100,  1.012,  0.149,  0.863,  0.198,  0.422,  2.095
 14160,  1.012,  0.175,  0.852,  0.193,  0.417,  2.452
 14220,  0.918,  0.158,  0.819,  0.252,  0.374,  2.295
 14280,  1.146,  0.180,  0.956,  0.242,  0.467,  2.180
 14340,  1.022,  0.176,  1.014,  0.247,  0.420,  2.444
 14400,  0.910,  0.119,  0.894,  0.244,  0.415,  2.336
 14460,  0.890,  0.164,  0.750,  0.194,  0.406,  2.315
 14520,  0.849,  0.209,  0.657,  0.182,  0.435,  1.700
 14580,  0.828,  0.095,  0.899,  0.223,  0.462,  2.270
 14640,  0.956,  0.158,  0.718,  0.233,  0.496,  2.363
 14700,  0.916,  0.170,  0.893,  0.189,  0.444,  4.018
 14760,  0.900,  0.209,  0.939,  0.262,  0.493,  7.642
 14820,  0.856,  0.246,  0.814,  0.248,  0.457,  2.847
 14880,  0.844,  0.247,  0.809,  0.230,  0.425,  2.287
 14940,  0.836,  0.188,  0.831,  0.209,  0.470,  2.282
 15000,  0.839,  0.153,  0.822,  0.218,  0.553,  2.257
 15060,  0.748,  0.136,  0.648,  0.208,  0.355,  1.794
 15120,  0.896,  0.129,  0.961,  0.221,  0.511,  3.171
 15180,  0.733,  0.186,  0.874,  0.186,  0.477,  3.769
 15240,  0.878,  0.225,  0.762,  0.210,  0.513,  2.536
 15300,  0.810,  0.125,  0.874,  0.220,  0.363,  3.161
 15360,  0.964,  0.155,  0.786,  0.176,  0.430,  2.990
 15420,  0.819,  0.312,  0.711,  0.200,  0.446,  2.644
 15480,  0.945,  0.153,  0.757,  0.216,  0.413,  2.514
 15540,  0.799,  0.115,  0.851,  0.212,  0.469,  2.774
 15600,  0.907,  0.284,  0.710,  0.227,  0.443,  2.838
 15660,  0.976,  0.146,  0.875,  0.217,  0.406,  2.575
 15720,  0.790,  0.187,  0.919,  0.241,  0.492,  8.443
 15780,  0.932,  0.218,  0.779,  0.220,  0.392,  7.565
 15840,  0.940,  0.175,  0.755,  0.157,  0.457,  4.036
 15900,  0.902,  0.201,  0.906,  0.254,  0.387,  7.504
 15960,  0.889,  0.189,  0.719,  0.179,  0.475,  3.111
 16020,  0.882,  0.176,  0.641,  0.169,  0.412,  4.950
 16080,  0.952,  0.152,  0.813,  0.208,  0.449,  8.516
 16140,  0.909,  0.195,  0.733,  0.227,  0.460,  5.989
 16200,  0.958,  0.138,  0.860,  0.244,  0.411,  8.933
 16260,  0.888,  0.060,  0.780,  0.168,  0.363,  6.966
 16320,  1.064,  0.080,  0.646,  0.132,  0.457,  4.356
 16380,  0.845,  0.123,  0.723,  0.109,  0.397,  3.040
 16440,  1.013,  0.103,  0.787,  0.122,  0.368,  3.009
 16500,  0.942,  0.201,  0.684,  0.151,  0.428,  2.919
 16560,  0.904,  0.178,  0.691,  0.154,  0.386,  2.585
 16620,  0.892,  0.181,  0.564,  0.156,  0.438,  3.302
 16680,  0.812,  0.057,  0.602,  0.133,  0.443,  2.295
