CampaignData_and_Merges/R0/CSL_MobileLab_Parked/raw/20240729/USOS-PTR_MobileLabGround_20240729_R0.ict
58, 1001
Matthew Coggon, Kelvin Bates, Chelsea Stockwell, Carsten Warneke
NOAA ESRL Chemical Sciences Division
NOAA PTR-ToF-MS
USOS
1,1 
2024, 07, 29, 2025, 09, 19
0
Time_Start, seconds, number of seconds from 00:00 UTC 
22
1, 1, 1, 1, 1, 1, 1, 1, 1, 1, 1, 1, 1, 1, 1, 1, 1, 1, 1, 1, 1, 1
-9999, -9999, -9999, -9999, -9999, -9999, -9999, -9999, -9999, -9999, -9999, -9999, -9999, -9999, -9999, -9999, -9999, -9999, -9999, -9999, -9999, -9999
CH3OH_NOAAPTR_ppbv,  ppbv, Gas_CH3OH_InSitu_S_AVMR, (CH3OH) methanol
CH3CN_NOAAPTR_ppbv,  ppbv, Gas_CH3CN_InSitu_S_AVMR, (CH3CN) acetonitrile
CH3CHO_NOAAPTR_ppbv,  ppbv, Gas_CH3CHO_InSitu_S_AVMR, (CH3CHO) acetaldehyde plus contributions from ethylene glycol and ethylene oxide. Interference from ethanol has been subtracted out.
C2H5OH_NOAAPTR_ppbv,  ppbv, Gas_C2H5OH_InSitu_S_AVMR, (C2H5OH) ethanol
CH3SH_NOAAPTR_ppbv,  ppbv, Gas_CH3SH_InSitu_S_AVMR, (CH3SH) methanethiol, using calibration factor for DMS
Acrolein_NOAAPTR_ppbv,  ppbv, Gas_Acrolein_InSitu_S_AVMR, (C3H4O) acrolein
AcetonePropanal_NOAAPTR_ppbv,  ppbv, Gas_AcetoneAndPropanal_InSitu_S_AVMR, (C3H6O) sum of acetone (dominant isomer) and propanal, using calibration factor for acetone
DMS_NOAAPTR_ppbv,  ppbv, Gas_DMS_InSitu_S_AVMR, (C2H6S) dimethyl sulfide with possible small contributions from ethanethiol
C5H8_NOAAPTR_ppbv,  ppbv, Gas_Isoprene_InSitu_S_AVMR, (C5H8) isoprene and possible fragments from cycloalkanes and aldehydes. Interferences have been subtracted following methods described by Coggon et al (2023)
MVKMAC_NOAAPTR_ppbv,  ppbv, Gas_MVKAndMAC_InSitu_S_AVMR, (C4H6O) sum of methyl vinyl ketone, methacrolein, and small amounts of crotonaldehyde, using weighted calibration factor for MVK (0.637) and MACR (0.363)
Benzene_NOAAPTR_ppbv,  ppbv, Gas_Benzene_InSitu_S_AVMR, (C6H6) benzene
Toluene_NOAAPTR_ppbv,  ppbv, Gas_Toluene_InSitu_S_AVMR, (C7H8) toluene with possible small contributions of fragments from ethyltoluene
Styrene_NOAAPTR_ppbv,  ppbv, Gas_Styrene_InSitu_S_AVMR, (C8H8) styrene
Benzaldehyde_NOAAPTR_ppbv,  ppbv, Gas_Benzaldehyde_InSitu_S_AVMR, (C7H6O) benzaldehyde
C8Aromatics_NOAAPTR_ppbv,  ppbv, Gas_C8Aromatics_InSitu_M_AVMR, (C8H10) sum of m-xylene, p-xylene, o-xylene, and ethyl benzene
C9Aromatics_NOAAPTR_ppbv,  ppbv, Gas_C9Aromatics_InSitu_M_AVMR, (C9H12) sum of C9 aromatics
Naphthalene_NOAAPTR_ppbv,  ppbv, Gas_Naphthalene_InSitu_S_AVMR, (C10H8) naphthalene
Octanal_NOAAPTR_ppbv,  ppbv, Gas_Octanal_InSitu_S_AVMR, (C8H16O) octanal and small amounts of octanone
Monoterpenes_NOAAPTR_ppbv,  ppbv, Gas_Monoterpenes_InSitu_M_AVMR, (C10H16) sum of monoterpenes and possible contributions from fragments of oxygenated monoterpenoids such as eucalyptol.
Nonanal_NOAAPTR_ppbv,  ppbv, Gas_Nonanal_InSitu_M_AVMR, (C9H18O) nonanal and small amounts of nonanone
C7H4ClF3_NOAAPTR_ppbv,  ppbv, Gas_C7H4ClF3_InSitu_S_AVMR, (C7H4ClF3) parachlorobenzotrifluoride
C10H30O5Si5_NOAAPTR_ppbv,  ppbv, Gas_C10H30O5Si5_InSitu_S_AVMR, (C10H30O5Si5) decamethylcyclopentasiloxane
1
SPECIAL COMMENTS:N/A
21
PI_CONTACT_INFO: NOAA ESRL Chemical Sciences Division, Tropospheric Chemistry Group. 325 Broadway, R/CSD7, Boulder, CO 80305
PLATFORM: Mobile Laboratory.
LOCATION: Salt Lake City, UT
ASSOCIATED_DATA: N/A
INSTRUMENT_INFO: NOAA PTR-ToF-MS measurements on NOAA CSL Mobile Lab
DATA_INFO: Units: ppbv
UNCERTAINTY: See OTHER_COMMENTS
ULOD_FLAG: -7777
ULOD_VALUE: N/A
LLOD_FLAG: -8888
LLOD_VALUE: N/A.
DM_CONTACT_INFO: Data Managers: Matt Coggon, Kelvin Bates, Chelsea Stockwell; email: matthew.m.coggon@noaa.gov and kelvin.bates@colorado.edu
PROJECT_INFO: USOS Deployment July-August, 2024
STIPULATIONS_ON_USE: Use of these data require prior OK from PI.
OTHER_COMMENTS: Uncertainties:
CH3OH_NOAAPTR_ppbv:30%; CH3CN_NOAAPTR_ppbv:30%; CH3CHO_NOAAPTR_ppbv:30%; C2H5OH_NOAAPTR_ppbv:30%; CH3SH_NOAAPTR_ppbv:50%; Acrolein_NOAAPTR_ppbv:30%; AcetonePropanal_NOAAPTR_ppbv:30%; DMS_NOAAPTR_ppbv:30%; C5H8_NOAAPTR_ppbv:30%; MVKMAC_NOAAPTR_ppbv:30%; 
Benzene_NOAAPTR_ppbv:30%; Toluene_NOAAPTR_ppbv:30%; Styrene_NOAAPTR_ppbv:30%; Benzaldehyde_NOAAPTR_ppbv:30%; C8Aromatics_NOAAPTR_ppbv:30%; C9Aromatics_NOAAPTR_ppbv:30%; Naphthalene_NOAAPTR_ppbv:30%; Octanal_NOAAPTR_ppbv:30%; Monoterpenes_NOAAPTR_ppbv:30%; Nonanal_NOAAPTR_ppbv:30%; 
C7H4ClF3_NOAAPTR_ppbv:30%; C10H30O5Si5_NOAAPTR_ppbv:30%; 
REVISION: R0
R0: Calibrated PTR Data. See individual species comments for details about measurement uncertainties
Time_Start, CH3OH_NOAAPTR_ppbv, CH3CN_NOAAPTR_ppbv, CH3CHO_NOAAPTR_ppbv, C2H5OH_NOAAPTR_ppbv, CH3SH_NOAAPTR_ppbv, Acrolein_NOAAPTR_ppbv, AcetonePropanal_NOAAPTR_ppbv, DMS_NOAAPTR_ppbv, C5H8_NOAAPTR_ppbv, MVKMAC_NOAAPTR_ppbv, Benzene_NOAAPTR_ppbv, Toluene_NOAAPTR_ppbv, Styrene_NOAAPTR_ppbv, Benzaldehyde_NOAAPTR_ppbv, C8Aromatics_NOAAPTR_ppbv, C9Aromatics_NOAAPTR_ppbv, Naphthalene_NOAAPTR_ppbv, Octanal_NOAAPTR_ppbv, Monoterpenes_NOAAPTR_ppbv, Nonanal_NOAAPTR_ppbv, C7H4ClF3_NOAAPTR_ppbv, C10H30O5Si5_NOAAPTR_ppbv
    0.0, 5.96522, 0.25239, 1.52913, 6.01462, 0.00215, 0.16373, 2.52524, 0.01359, 0.34651, 0.35533, 0.36962, 0.95943, 0.05199, -0.02856, 0.57754, 0.19938, 0.00971, 0.02910, 0.08996, 0.09273, 0.00494, 0.00462 
   60.0, 7.24692, 0.24162, 1.41758, 1.88239, 0.00752, 0.17062, 2.63736, 0.00206, 0.34459, 0.34651, 0.08763, 0.18487, 0.02034, -0.01717, 0.10375, 0.04970, 0.00977, 0.03436, 0.10405, 0.08326, 0.00476, 0.00331 
  120.0, 5.99445, 0.23050, 1.27866, 1.25913, 0.00533, 0.12750, 2.48718, -0.00010, 0.33440, 0.33859, 0.07846, 0.16054, 0.00742, -0.03171, 0.08538, 0.03428, -0.00701, 0.02222, 0.09250, 0.04702, 0.00139, 0.00216 
  180.0, 5.53218, 0.21412, 1.18162, 1.41957, 0.00664, 0.13756, 2.36422, 0.01256, 0.21856, 0.32439, 0.05260, 0.13868, 0.02389, -0.03150, 0.08471, 0.03704, 0.00233, 0.02793, 0.09557, 0.02491, 0.00392, 0.00247 
  240.0, 5.48023, 0.22311, 1.31474, 2.25276, 0.00455, 0.13481, 2.43076, 0.00608, 0.29503, 0.34129, 0.12139, 0.28992, -0.00640, -0.01664, 0.14035, 0.05443, 0.00881, 0.01587, 0.08792, 0.03927, 0.00178, 0.00120 
  300.0, 6.68848, 0.24947, 1.38374, 1.72844, 0.01002, 0.15104, 2.47032, 0.00392, 0.33186, 0.31589, 0.08673, 0.15775, 0.00577, -0.01253, 0.08792, 0.04157, -0.00323, 0.02655, 0.11703, 0.04480, 0.00232, 0.00310 
  360.0, 6.22598, 0.23538, 1.35952, 2.72302, 0.00430, 0.15276, 2.64157, 0.00145, 0.42772, 0.33694, 0.12105, 0.34231, 0.02042, -0.02680, 0.19200, 0.07330, -0.00489, 0.00854, 0.09285, 0.02722, 0.00622, 0.00268 
  420.0, 5.12368, 0.24134, 1.06018, 1.25567, 0.00600, 0.11442, 2.25567, -0.00010, 0.22291, 0.26581, 0.05206, 0.13023, 0.01924, -0.02044, 0.07827, 0.02796, 0.00512, 0.01904, 0.08442, 0.04189, 0.00174, 0.00144 
  480.0, 7.02754, 0.23638, 1.12858, 1.55176, 0.00517, 0.14429, 2.45202, -0.00010, 0.21140, 0.29530, 0.11917, 0.19283, -0.00633, -0.03591, 0.11732, 0.04753, -0.00528, 0.01417, 0.07447, 0.03171, 0.00264, 0.00276 
  540.0, 7.92144, 0.26522, 1.10687, 1.05213, 0.00539, 0.13710, 2.32741, 0.00665, 0.20383, 0.29066, 0.08854, 0.12315, 0.01400, -0.01309, 0.07135, 0.03310, -0.00701, 0.00571, 0.07285, 0.03578, 0.00570, 0.00246 
  600.0, 9.63323, 0.24110, 1.17722, 1.31734, 0.00693, 0.12728, 2.47118, 0.00225, 0.35243, 0.29831, 0.07435, 0.15298, 0.00766, -0.02592, 0.07994, 0.03544, -0.00701, 0.01478, 0.07954, 0.03104, 0.00413, 0.00120 
  660.0, 7.33293, 0.21572, 1.27269, 2.45665, 0.00822, 0.15538, 2.44635, -0.00010, 0.32961, 0.31194, 0.17772, 0.29168, -0.00629, -0.03148, 0.14830, 0.06015, 0.00379, 0.01344, 0.09435, 0.02497, 0.00424, 0.00224 
  720.0, 6.36678, 0.23997, 1.20363, 1.74568, 0.00256, 0.13797, 2.37292, 0.00062, 0.28202, 0.30814, 0.09742, 0.19802, 0.00628, -0.03022, 0.09917, 0.05088, 0.00618, 0.02056, 0.08836, 0.05293, 0.00724, 0.00246 
  780.0, 7.77379, 0.24367, 1.33421, 1.78025, 0.00773, 0.16238, 2.53546, 0.00830, 0.34766, 0.32486, 0.08857, 0.20184, 0.00283, -0.02061, 0.13502, 0.05311, 0.00831, 0.02522, 0.11726, 0.05663, 0.00223, 0.00307 
  840.0, 7.12476, 0.22649, 1.35796, 2.21060, 0.00479, 0.17522, 2.46730, 0.01000, 0.35812, 0.30621, 0.13450, 0.30796, 0.02085, -0.02063, 0.17145, 0.06894, 0.00466, 0.03088, 0.08731, 0.06633, 0.00651, 0.00345 
  900.0, 4.84101, 0.23100, 1.06894, 1.38156, 0.00544, 0.15049, 2.31501, -0.00010, 0.23877, 0.29791, 0.08631, 0.13240, 0.01338, -0.02924, 0.07602, 0.03636, -0.00701, 0.01520, 0.06643, 0.03058, 0.00533, 0.00115 
  960.0, 5.13895, 0.24043, 1.03400, 1.58901, 0.00832, 0.13005, 2.37730, 0.00266, 0.26240, 0.28759, 0.07098, 0.16321, 0.00716, -0.02366, 0.08746, 0.02882, -0.00550, 0.02054, 0.09895, 0.02990, 0.00596, 0.00390 
 1020.0, 5.68808, 0.23782, 1.02895, 1.22595, 0.00618, 0.13296, 2.29803, 0.00725, 0.25243, 0.31049, 0.08444, 0.12641, -0.00619, -0.02269, 0.08530, 0.03448, -0.00701, 0.01850, 0.09484, 0.03962, 0.00452, 0.00022 
 1080.0, 6.49771, 0.23626, 1.03141, 1.48352, 0.00864, 0.13225, 2.37123, 0.00819, 0.33812, 0.30810, 0.05763, 0.14006, 0.01033, -0.02248, 0.08358, 0.03456, -0.00177, 0.01226, 0.10343, 0.03731, 0.00191, 0.00117 
 1140.0, 7.35321, 0.24774, 1.22789, 1.72328, 0.00840, 0.13236, 2.41687, 0.01294, 0.33477, 0.30167, 0.10930, 0.16585, 0.01640, -0.01750, 0.09332, 0.04788, 0.00831, 0.04590, 0.08669, 0.03349, 0.00257, 0.00236 
 1200.0, 5.45911, 0.22793, 0.96652, 1.14907, 0.00819, 0.12595, 2.18389, -0.00010, 0.25389, 0.28773, 0.08813, 0.13823, -0.00615, -0.03422, 0.07871, 0.03670, 0.00708, 0.02289, 0.06008, 0.01454, 0.00166, 0.00264 
 1260.0, 5.69437, 0.25627, 1.17265, 1.79548, 0.00584, 0.16649, 2.51110, 0.00459, 0.37044, 0.28953, 0.06770, 0.19276, 0.02514, -0.03490, 0.11356, 0.04803, -0.00400, 0.01900, 0.08284, 0.06058, 0.00327, 0.00054 
 1320.0, 6.22073, 0.24058, 1.09396, 1.78632, 0.00629, 0.12722, 2.42012, 0.00934, 0.29947, 0.33092, 0.06731, 0.11696, 0.00574, -0.02965, 0.07658, 0.04085, -0.00593, 0.03277, 0.09296, 0.03399, 0.00405, 0.00396 
 1380.0, 6.15129, 0.23915, 1.23225, 1.88598, 0.00876, 0.13049, 2.47203, 0.02564, 0.32414, 0.32898, 0.07697, 0.13164, 0.01044, -0.01314, 0.08555, 0.04150, 0.01283, 0.02536, 0.12989, 0.05692, 0.00279, 0.00628 
 1440.0, 5.17845, 0.23017, 1.18678, 1.32818, 0.00241, 0.11556, 2.31329, -0.00010, 0.23840, 0.32802, 0.09571, 0.15674, 0.01168, -0.02051, 0.07517, 0.03818, 0.00614, 0.01654, 0.05206, 0.02361, 0.00385, 0.00097 
 1500.0, 6.31734, 0.22297, 1.17753, 1.72800, 0.00592, 0.14985, 2.41780, -0.00010, 0.33523, 0.33453, 0.12272, 0.16426, 0.01271, -0.00454, 0.08228, 0.04078, -0.00701, 0.01395, 0.08807, 0.01586, 0.00479, 0.00156 
 1560.0, 5.10137, 0.24255, 1.04849, 1.23422, 0.00525, 0.12979, 2.32632, 0.01331, 0.24408, 0.29453, 0.08661, 0.12804, 0.00147, -0.02555, 0.06717, 0.03052, 0.00281, 0.02358, 0.07153, 0.02634, 0.00627, 0.00187 
 1620.0, 4.90713, 0.25051, 0.96360, 1.09364, 0.00320, 0.12720, 2.30116, 0.00644, 0.19100, 0.26423, 0.05140, 0.13250, -0.00163, -0.03382, 0.07524, 0.02669, 0.00161, 0.01493, 0.06864, 0.03246, 0.00168, 0.00095 
 1680.0, 5.23208, 0.23341, 0.99659, 1.25600, 0.00305, 0.09841, 2.28532, 0.00196, 0.21486, 0.28326, 0.06876, 0.12601, -0.00602, -0.02476, 0.06539, 0.02829, -0.00701, 0.02446, 0.05117, 0.05341, 0.00409, -0.00005 
 1740.0, 5.32422, 0.24711, 1.21538, 2.58869, -0.00081, 0.14489, 2.41981, 0.00746, 0.24664, 0.34733, 0.11518, 0.15647, 0.00628, -0.01261, 0.08133, 0.03370, -0.00651, 0.02319, 0.09666, 0.06936, 0.00752, 0.00580 
 1800.0, 6.16693, 0.23923, 1.09754, 1.61130, 0.00447, 0.13937, 2.37652, -0.00010, 0.22127, 0.33897, 0.08191, 0.12768, 0.01439, -0.01039, 0.06686, 0.02751, 0.00778, 0.01812, 0.11299, 0.03827, 0.00300, 0.00393 
 1860.0, 7.18822, 0.22934, 1.17649, 3.79083, -0.00005, 0.15802, 2.39181, 0.02127, 0.26296, 0.32478, 0.23592, 0.59623, 0.02611, -0.02986, 0.31732, 0.10459, 0.00651, 0.03391, 0.06837, 0.02803, 0.00250, 0.00298 
 1920.0, 8.77976, 0.23324, 1.23999, 1.39687, 0.00316, 0.14416, 2.42998, -0.00010, 0.26204, 0.34374, 0.07199, 0.13395, 0.00358, -0.02294, 0.06964, 0.03549, -0.00139, 0.02127, 0.08744, 0.04579, 0.00435, 0.00505 
 1980.0, 8.25940, 0.23853, 1.00154, 1.25629, 0.00425, 0.11058, 2.31737, 0.01003, 0.23712, 0.33770, 0.05751, 0.12529, -0.00595, -0.02082, 0.07080, 0.03206, -0.00701, 0.03670, 0.07866, 0.03437, 0.00271, 0.00098 
 2040.0, 4.68181, 0.23319, 0.86080, 1.11798, 0.00143, 0.10902, 2.22006, 0.01109, 0.23057, 0.30428, 0.05685, 0.10877, -0.00593, -0.02905, 0.05078, 0.02712, 0.00124, 0.00673, 0.04399, 0.01179, 0.00396, 0.00171 
 2100.0, 5.16624, 0.24350, 0.96544, 1.11614, 0.00099, 0.11524, 2.25687, -0.00010, 0.32485, 0.33429, 0.05509, 0.10543, -0.00139, -0.01721, 0.06355, 0.02725, 0.01399, 0.01717, 0.04878, 0.02924, 0.00197, 0.00100 
 2160.0, 4.33356, 0.25369, 0.99424, 1.38879, 0.00245, 0.12198, 2.26031, 0.00291, 0.28028, 0.29479, 0.08319, 0.12773, 0.01531, -0.01205, 0.06654, 0.03399, -0.00496, 0.00142, 0.06777, 0.02421, 0.00016, -0.00008 
 2220.0, 5.47331, 0.24543, 1.02387, 1.35460, 0.00197, 0.14965, 2.32443, 0.00551, 0.35017, 0.31685, 0.10299, 0.13462, -0.00194, -0.01933, 0.08311, 0.04404, 0.00108, 0.01168, 0.06794, 0.03046, 0.00450, -0.00036 
 2280.0, 4.31725, 0.22788, 0.90424, 0.88586, 0.00273, 0.12734, 2.25787, 0.01496, 0.22015, 0.30712, 0.07391, 0.11925, 0.01490, -0.02620, 0.07025, 0.03884, -0.00701, 0.01656, 0.05471, 0.01542, 0.00021, 0.00096 
 2340.0, 4.69796, 0.25697, 0.98735, 0.99149, 0.00449, 0.11725, 2.28328, 0.00646, 0.19629, 0.29299, 0.09556, 0.16433, 0.01273, -0.02381, 0.08453, 0.03410, 0.00728, 0.01521, 0.06465, 0.02157, 0.00245, 0.00714 
 2400.0, 5.40642, 0.24582, 1.00203, 1.04805, 0.00488, 0.14183, 2.33983, 0.00548, 0.23919, 0.29733, 0.03796, 0.16305, 0.00861, -0.02246, 0.08296, 0.03103, -0.00701, 0.02215, 0.08963, 0.03907, 0.00329, 0.00336 
 2460.0, 4.37420, 0.25529, 0.95273, 1.11547, 0.00165, 0.10810, 2.26763, 0.00066, 0.20415, 0.30267, 0.08859, 0.10930, 0.01102, -0.02612, 0.06578, 0.03654, -0.00216, 0.01460, 0.04307, 0.02370, 0.00481, 0.00038 
 2520.0, 5.67456, 0.25337, 1.02576, 1.58606, 0.00085, 0.13678, 2.37584, -0.00009, 0.27858, 0.29691, 0.09314, 0.15748, -0.00581, -0.03326, 0.09953, 0.03407, -0.00023, 0.01441, 0.07397, 0.03316, -0.00007, -0.00018 
 2580.0, 6.84397, 0.25421, 1.22956, 1.80376, 0.00222, 0.17030, 2.54709, 0.01733, 0.33296, 0.33579, 0.09613, 0.19389, 0.01628, -0.02177, 0.09803, 0.04644, 0.00868, 0.02286, 0.13807, 0.03370, 0.00045, 0.00051 
 2640.0, 7.30149, 0.25840, 1.15790, 2.12611, 0.00365, 0.16898, 2.47666, 0.02085, 0.33348, 0.32627, 0.11074, 0.28076, 0.02235, -0.01633, 0.15680, 0.07002, 0.01952, 0.02744, 0.09546, 0.05203, 0.00259, 0.00050 
 2700.0, 6.19521, 0.24905, 0.99042, 1.60761, 0.00315, 0.11555, 2.40843, 0.02148, 0.30382, 0.34658, 0.09968, 0.13875, 0.00746, -0.03040, 0.09387, 0.03888, -0.00287, 0.03054, 0.08238, 0.01914, 0.00649, 0.00200 
 2760.0, 6.69215, 0.26155, 1.21338, 3.57277, 0.00455, 0.15959, 2.56390, 0.00102, 0.37547, 0.32711, 0.15770, 0.47581, 0.02464, -0.02865, 0.29235, 0.09304, -0.00017, 0.02233, 0.09191, 0.05981, 0.00093, 0.00003 
 2820.0, 5.52619, 0.24865, 1.07602, 1.79236, 0.00369, 0.16118, 2.39101, 0.01542, 0.35483, 0.32705, 0.08241, 0.15345, -0.00573, -0.03287, 0.09320, 0.03464, -0.00021, 0.01902, 0.07395, 0.02924, 0.00647, 0.00316 
 2880.0, 6.04862, 0.23989, 1.03766, 1.80945, 0.00196, 0.15079, 2.43058, 0.00887, 0.39693, 0.31938, 0.07228, 0.15294, 0.00796, -0.02216, 0.07944, 0.03760, 0.01160, 0.02088, 0.15844, 0.02365, 0.00314, 0.00053 
 2940.0, 6.72146, 0.25410, 1.12770, 2.24766, 0.00065, 0.13430, 2.48903, 0.00140, 0.39538, 0.32291, 0.10389, 0.20283, 0.01032, -0.01752, 0.11546, 0.04696, 0.00514, 0.01562, 0.10432, 0.07337, 0.00074, 0.00468 
 3000.0, 5.98801, 0.26035, 0.98090, 1.70297, 0.00256, 0.12221, 2.26923, 0.00669, 0.38605, 0.28057, 0.09112, 0.13625, 0.01359, -0.00525, 0.07132, 0.03532, 0.00961, 0.03989, 0.06545, 0.04049, 0.00139, 0.00306 
 3060.0, 6.73998, 0.25445, 1.06670, 1.98386, 0.00123, 0.14673, 2.43468, 0.00455, 0.44420, 0.30850, 0.09372, 0.15583, 0.01363, -0.01558, 0.07528, 0.03650, -0.00109, 0.03558, 0.07910, 0.03118, 0.00310, 0.00319 
 3120.0, 5.33593, 0.26875, 0.94684, 1.49305, 0.00066, 0.13782, 2.33563, 0.00461, 0.28045, 0.28393, 0.06350, 0.14290, -0.00565, -0.03248, 0.07826, 0.02539, 0.00265, 0.00852, 0.05631, 0.04137, 0.00276, 0.00105 
 3180.0, 5.22735, 0.25545, 1.04223, 1.29039, 0.00284, 0.13024, 2.41355, 0.01379, 0.34069, 0.29359, 0.06137, 0.13969, 0.01395, -0.01686, 0.08099, 0.03294, -0.00044, 0.02501, 0.08550, 0.03135, 0.00405, 0.00209 
 3240.0, 6.86453, 0.24959, 1.31582, 2.46328, 0.00390, 0.13973, 2.54967, -0.00009, 0.37309, 0.30870, 0.13835, 0.34871, 0.01463, -0.02360, 0.18501, 0.05937, -0.00701, 0.02349, 0.10573, 0.06247, 0.00224, 0.00228 
 3300.0, 5.45150, 0.26504, 1.07302, 1.42822, -0.00082, 0.13230, 2.51425, -0.00009, 0.23762, 0.31411, 0.08094, 0.16104, -0.00552, -0.00855, 0.08938, 0.03884, -0.00122, 0.01230, 0.07675, 0.03450, 0.00288, 0.00354 
 3360.0, 5.39365, 0.25435, 1.06432, 1.83173, 0.00501, 0.13691, 2.46801, 0.00868, 0.35313, 0.29691, 0.07118, 0.15263, 0.01170, -0.02752, 0.08989, 0.04068, 0.00925, 0.02802, 0.09558, 0.04222, 0.00303, 0.00020 
 3420.0, 6.02963, 0.24826, 1.22323, 1.85713, 0.00424, 0.15073, 2.51060, 0.00902, 0.40262, 0.35658, 0.11343, 0.16647, -0.00366, -0.02804, 0.09202, 0.04005, -0.00481, 0.03057, 0.10677, 0.04561, 0.00890, 0.00422 
 3480.0, 6.67697, 0.24217, 1.14924, 1.74141, 0.00031, 0.15617, 2.45656, 0.00188, 0.42313, 0.33349, 0.11103, 0.19029, 0.02207, -0.02694, 0.08906, 0.04368, -0.00428, 0.01715, 0.11447, 0.04363, 0.00055, 0.00315 
 3540.0, 7.10495, 0.25893, 1.37672, 2.25101, 0.00830, 0.16268, 2.68656, 0.01039, 0.49393, 0.34872, 0.11831, 0.18467, -0.00554, -0.03194, 0.10284, 0.04349, -0.00310, 0.03404, 0.13929, 0.06451, 0.00157, 0.00665 
 3600.0, 6.33756, 0.23118, 1.28146, 2.48260, 0.00731, 0.15494, 2.58810, 0.01433, 0.46686, 0.33950, 0.07382, 0.20455, 0.01804, -0.02183, 0.11933, 0.05153, 0.00926, 0.02383, 0.14700, 0.04891, 0.00126, 0.00315 
 3660.0, 5.45447, 0.26942, 0.95669, 1.60549, 0.00498, 0.13777, 2.35083, 0.01634, 0.36419, 0.30563, 0.07473, 0.13088, 0.00309, -0.02677, 0.06685, 0.03585, 0.00587, 0.01958, 0.09082, 0.03491, 0.00056, 0.00032 
 3720.0, 6.03391, 0.25854, 1.14982, 2.24821, 0.00317, 0.14938, 2.43551, 0.00252, 0.39698, 0.31965, 0.13172, 0.24368, 0.02325, -0.02296, 0.12544, 0.04361, 0.00612, 0.02714, 0.10747, 0.03471, 0.00289, 0.00052 
 3780.0, 4.55199, 0.26876, 0.89080, 1.10878, 0.00227, 0.13383, 2.26987, 0.00972, 0.26827, 0.29817, 0.08138, 0.13136, 0.01429, -0.02688, 0.07306, 0.02347, -0.00002, 0.01625, 0.06221, 0.02985, 0.00583, 0.00166 
 3840.0, 4.83379, 0.27263, 0.78601, 1.35209, -0.00009, 0.12697, 2.27892, 0.00817, 0.16285, 0.27565, 0.06000, 0.10020, -0.00547, -0.03021, 0.05788, 0.02502, 0.01042, 0.00510, 0.03534, 0.02160, 0.00339, 0.00117 
 3900.0, 5.59626, 0.27752, 1.00321, 1.92932, 0.00083, 0.15228, 2.38533, 0.00639, 0.25563, 0.31488, 0.08861, 0.13485, 0.00223, -0.03147, 0.06168, 0.03248, -0.00701, 0.02932, 0.10848, 0.05504, 0.00329, 0.00274 
 3960.0, 6.41410, 0.26654, 0.99982, 1.90099, 0.00405, 0.14810, 2.36887, 0.00706, 0.23716, 0.31415, 0.09897, 0.15284, 0.01065, -0.00990, 0.07379, 0.02949, -0.00335, 0.02564, 0.10022, 0.04615, 0.00551, 0.00097 
 4020.0, 6.20488, 0.25975, 1.00844, 1.60843, 0.00220, 0.12564, 2.34411, 0.00268, 0.29440, 0.32186, 0.09483, 0.11570, 0.01179, -0.01685, 0.07026, 0.02251, 0.00323, 0.03617, 0.07242, 0.05021, -0.00077, 0.00292 
 4080.0, 6.27324, 0.26577, 1.00159, 2.08803, 0.00424, 0.13259, 2.47211, 0.00697, 0.32154, 0.29680, 0.09749, 0.12558, 0.00568, -0.01527, 0.07977, 0.03467, -0.00490, 0.02753, 0.15940, 0.04630, 0.00554, 0.00014 
 4140.0, 5.21119, 0.27248, 0.94052, 1.63331, 0.00257, 0.12065, 2.37452, 0.00690, 0.28681, 0.32881, 0.08025, 0.12803, 0.01046, -0.02388, 0.07499, 0.04033, 0.00222, 0.01168, 0.06636, 0.02852, 0.00164, 0.00403 
 4200.0, 5.77286, 0.26890, 0.98100, 1.20783, 0.00701, 0.12533, 2.39353, 0.00755, 0.34589, 0.34025, 0.08543, 0.13317, 0.01594, -0.01146, 0.08463, 0.03950, -0.00701, 0.01493, 0.07632, 0.03703, 0.00382, 0.00402 
 4260.0, 5.86096, 0.27073, 1.09038, 3.95839, 0.00315, 0.14955, 2.47443, 0.01533, 0.39383, 0.33405, 0.22052, 0.57863, 0.03026, -0.02525, 0.32645, 0.10567, 0.00388, 0.02579, 0.12704, 0.04319, 0.00059, -0.00086 
 4320.0, 6.19077, 0.28608, -9999.00000, 1.69490, 0.00225, 0.10997, 2.40534, 0.00375, -9999.00000, 0.36711, 0.11085, 0.19417, 0.00681, -0.00484, 0.09015, 0.04953, 0.00707, 0.02087, 0.09894, 0.02043, 0.00270, 0.00391 
 4380.0, -9999.00000, -9999.00000, -9999.00000, -9999.00000, -9999.00000, -9999.00000, -9999.00000, -9999.00000, -9999.00000, -9999.00000, -9999.00000, -9999.00000, -9999.00000, -9999.00000, -9999.00000, -9999.00000, -9999.00000, -9999.00000, -9999.00000, -9999.00000, -9999.00000, -9999.00000 
 4440.0, -9999.00000, -9999.00000, -9999.00000, -9999.00000, -9999.00000, -9999.00000, -9999.00000, -9999.00000, -9999.00000, -9999.00000, -9999.00000, -9999.00000, -9999.00000, -9999.00000, -9999.00000, -9999.00000, -9999.00000, -9999.00000, -9999.00000, -9999.00000, -9999.00000, -9999.00000 
