CampaignData_and_Merges/R0/CSL_MobileLab_Parked/raw/20240729/USOS-NOy-LIF_MobileLabGround_20240729_R0.ict
39,1001
Rollins, A.; Waxman, E.; Zuraski, K.; Chace, W.
NOAA Chemical Sciences Laboratory
LIF NO/NOx/NOy on CSL Mobile Lab
AMMBEC / USOS
1, 1
2024,07,29, 2025,01,04
1
Time_Start, seconds, number_of_seconds_since_0000_UTC
7
1, 1, 1, 1, 1, 1, 1
-9999, -9999, -9999, -9999, -9999, -9999, -9999
Time_Stop, seconds, number_of_seconds_since_0000_UTC
NO_LIF, pptv, Gas_NO_InSitu_S_AVMR, volume mixing ratio of nitric oxide in air
NO2_LIF, pptv, Gas_NO2_InSitu_S_AVMR, volume mixing ratio of nitrogen dioxide in air
NOy_LIF, pptv, Gas_NOy_InSitu_S_AVMR, volume mixing ratio of total oxidized nitrogen in air
NO_LIF_1SigmaAccuracy, pptv, Gas_NO_InSitu_S_AVMR, volume mixing ratio of nitric oxide in air
NO2_LIF_1SigmaAccuracy, pptv, Gas_NO2_InSitu_S_AVMR, volume mixing ratio of nitrogen dioxide in air
NOy_LIF_1SigmaAccuracy, pptv, Gas_NOy_InSitu_S_AVMR, volume mixing ratio of total oxidized nitrogen in air
0
18
PI_CONTACT_INFO: andrew.rollins@noaa.gov
PLATFORM: CSL Mobile Lab
LOCATION: Salt Lake City, UT
ASSOCIATED_DATA:
INSTRUMENT_INFO: NO detection by laser induced fluorescence. NO2 detection by photolytic conversion to NO. NOy detection by catalytic conversion to NO on gold surface
DATA_INFO:
UNCERTAINTY: Included 1 Sigma Accuracy waves represent the combined calibration uncertainties (±6%, ±9%, ±10%) and zero uncertainties (3 ppt, 20 ppt, 100 ppt) for NO, NO2, and NOy, respectively.
ULOD_FLAG: -7777
ULOD_VALUE: N/A
LLOD_FLAG: -8888
LLOD_VALUE: N/A
DM_CONTACT_INFO: andrew.rollins@noaa.gov
PROJECT_INFO: USOS Project, July - August 2024
STIPULATIONS_ON_USE: Users are strongly encouraged to contact the PI for proper data usage.
OTHER_COMMENTS:
REVISION: R0
R0: final data
Time_Start, Time_Stop, NO_LIF, NO2_LIF, NOy_LIF, NO_LIF_1SigmaAccuracy, NO2_LIF_1SigmaAccuracy, NOy_LIF_1SigmaAccuracy
       0,      60,245.85,2061,3792.2,17.751, 205.49, 479.22
      60,     120,236.71,2021.7,3713.6,17.203, 201.95, 471.36
     120,     180,237.6,1900.4,3500.7,17.256, 191.04, 450.07
     180,     240,221,1788.2,3368.4,16.26, 180.94, 436.84
     240,     300,211.97,1778.4,3294.7,15.718, 180.05, 429.47
     300,     360,226.6,1884.2,3540.6,16.596, 189.58, 454.06
     360,     420,217.14,1877.7,3518.9,16.028, 189, 451.89
     420,     480,192.25,1690,3256.8,14.535, 172.1, 425.68
     480,     540,209.27,1800.8,3347.4,15.556, 182.07, 434.74
     540,     600,231.14,1900.5,3494.9,16.868, 191.05, 449.49
     600,     660,232.13,2005.6,3547.2,16.928, 200.5, 454.72
     660,     720,239.23,2041.7,3572.1,17.354, 203.75, 457.21
     720,     780,229.6,2047.3,3598.8,16.776, 204.26, 459.88
     780,     840,237.63,2146,3749.5,17.258, 213.14, 474.95
     840,     900,226.87,2045.4,3591.5,16.612, 204.09, 459.15
     900,     960,226.5,2033.9,3617.4,16.59, 203.05, 461.74
     960,    1020,228.37,2038.4,3615.7,16.702, 203.45, 461.57
    1020,    1080,215.43,1955.6,3398.7,15.926, 196.01, 439.87
    1080,    1140,220.41,1929.6,3397.7,16.225, 193.67, 439.77
    1140,    1200,229.41,2124.5,3582,16.764, 211.21, 458.2
    1200,    1260,203.96,1869,3361.5,15.238, 188.21, 436.15
    1260,    1320,199.24,1861.2,3299.2,14.954, 187.51, 429.92
    1320,    1380,214.12,1963.1,3485.2,15.847, 196.67, 448.52
    1380,    1440,225.93,2097.1,3575.7,16.556, 208.74, 457.57
    1440,    1500,236.92,2189.5,3855,17.215, 217.05, 485.5
    1500,    1560,237.35,2162.2,3722.4,17.241, 214.6, 472.24
    1560,    1620,222.51,2044.6,3580,16.351, 204.01, 458
    1620,    1680,197.86,1868.6,3393.7,14.871, 188.17, 439.37
    1680,    1740,265.23,2380.4,3769,18.914, 234.24, 476.9
    1740,    1800,288.73,2794.8,4508.4,20.324, 271.53, 550.84
    1800,    1860,244.06,2352.7,4186.6,17.644, 231.75, 518.66
    1860,    1920,204.45,2088.4,3629.9,15.267, 207.96, 462.99
    1920,    1980,203.04,2138.4,3649.6,15.182, 212.45, 464.96
    1980,    2040,183.74,1984.6,3435.6,14.024, 198.61, 443.56
    2040,    2100,203.2,1971.2,3481.8,15.192, 197.41, 448.18
    2100,    2160,181.76,1778.9,3212.6,13.905, 180.1, 421.26
    2160,    2220,168.15,1769.5,3136.9,13.089, 179.25, 413.69
    2220,    2280,176.29,1758.5,3135.2,13.577, 178.27, 413.52
    2280,    2340,182.48,1870.3,3296.4,13.949, 188.33, 429.64
    2340,    2400,180.91,1923.5,3351.9,13.854, 193.11, 435.19
    2400,    2460,184.02,1993.5,3467.7,14.041, 199.41, 446.77
    2460,    2520,176.21,1926.9,3366.9,13.573, 193.42, 436.69
    2520,    2580,197.67,2026.9,3401.1,14.86, 202.42, 440.11
    2580,    2640,197.31,2138.1,3487.4,14.839, 212.43, 448.74
    2640,    2700,207.83,2346.4,3807.8,15.47, 231.18, 480.78
    2700,    2760,195.06,2152.9,3686.4,14.703, 213.76, 468.64
    2760,    2820,195.38,2209.7,3650.1,14.723, 218.88, 465.01
    2820,    2880,189.55,2149.8,3472.9,14.373, 213.48, 447.29
    2880,    2940,199.24,2260.7,3672.8,14.954, 223.47, 467.28
    2940,    3000,470.8,2955.9,4131.6,31.248, 286.03, 513.16
    3000,    3060,349.94,2481.1,4288.7,23.996, 243.3, 528.87
    3060,    3120,209.2,2236.3,3701.9,15.552, 221.27, 470.19
    3120,    3180,165.15,2007.3,3407.4,12.909, 200.66, 440.74
    3180,    3240,182.9,2184.7,3468.8,13.974, 216.63, 446.88
    3240,    3300,205.81,2412.6,3856.7,15.348, 237.13, 485.67
    3300,    3360,199.83,2470.8,3899,14.99, 242.37, 489.9
    3360,    3420,453.47,3241.6,4586.1,30.208, 311.74, 558.61
    3420,    3480,252.32,2866,4571.7,18.139, 277.94, 557.17
    3480,    3540,208.9,2620.3,4120.1,15.534, 255.83, 512.01
    3540,    3600,233.24,2901,4377.7,16.994, 281.09, 537.77
    3600,    3660,268.01,3144,4562.7,19.08, 302.96, 556.27
    3660,    3720,205.33,2653.2,4267.7,15.32, 258.79, 526.77
    3720,    3780,201.48,2599.2,3830.2,15.089, 253.93, 483.02
    3780,    3840,290.43,2485.4,3704.5,20.426, 243.69, 470.45
    3840,    3900,141.82,1882.6,3107.4,11.509, 189.44, 410.74
    3900,    3960,255.37,2476.1,3683.8,18.322, 242.85, 468.38
    3960,    4020,271.19,2702,4128.2,19.271, 263.18, 512.82
    4020,    4080,252.71,2539.4,4101.7,18.162, 248.54, 510.17
    4080,    4140,696.47,2909.6,4282.3,44.788, 281.86, 528.23
    4140,    4200,216.95,2461.1,4099.5,16.017, 241.5, 509.95
    4200,    4260,190.4,2415.2,3702,14.424, 237.36, 470.2
    4260,    4320,210.39,2524.7,3920.4,15.623, 247.23, 492.04
    4320,    4380,260.35,2688.8,4221.8,18.621, 261.99, 522.18
    4380,    4440,538.95,3582.9,5407.2,35.337, 342.46, 640.72
    4440,    4500,301.76,2835.4,4194.5,21.106, 275.19, 519.45
    4500,    4560,189.32,2595.5,4022.2,14.359, 253.59, 502.22
    4560,    4620,155.71,2414,3890.2,12.343, 237.26, 489.02
    4620,    4680,141.41,2066,3401,11.484, 205.94, 440.1
    4680,    4740,146.04,2185.5,3420.4,11.762, 216.69, 442.04
    4740,    4800,110.01,1750.4,3092.6,9.6007, 177.54, 409.26
    4800,    4860,107.2,1806.7,3015.2,9.4318, 182.61, 401.52
    4860,    4920,115.17,1845.5,3129.6,9.91, 186.09, 412.96
    4920,    4980,236.11,2386.9,4024.1,17.167, 234.82, 502.41
    4980,    5040,134.76,2247.4,3734.3,11.085, 222.26, 473.43
    5040,    5100,121.55,2114.6,3355.7,10.293, 210.31, 435.57
    5100,    5160,118.58,2181.7,3434.1,10.115, 216.35, 443.41
    5160,    5220,122.93,2246.3,3443.4,10.376, 222.17, 444.34
    5220,    5280,126.72,2399.7,3494.5,10.603, 235.97, 449.45
    5280,    5340,170.38,2883.4,3946.6,13.223, 279.5, 494.66
    5340,    5400,122.26,2658.7,3936.7,10.336, 259.28, 493.67
    5400,    5460,95.061,2115.1,3460.9,8.7037, 210.36, 446.09
    5460,    5520,102.76,2222.7,3398.9,9.1656, 220.05, 439.89
    5520,    5580,113.52,2403.7,3531.2,9.8111, 236.33, 453.12
    5580,    5640,121.34,2574.9,3891.5,10.281, 251.74, 489.15
    5640,    5700,98.994,2396.1,3709.5,8.9396, 235.65, 470.95
    5700,    5760,97.569,2309.7,3674.4,8.8542, 227.87, 467.44
    5760,    5820,89.687,2290.1,3449.8,8.3812, 226.11, 444.98
    5820,    5880,97.645,2335.4,3450.7,8.8587, 230.19, 445.07
    5880,    5940,103.82,2474,3567.8,9.2294, 242.66, 456.78
    5940,    6000,96.472,2591.7,3690.9,8.7883, 253.25, 469.09
    6000,    6060,122.2,2982.5,4073.2,10.332, 288.42, 507.32
    6060,    6120,115.77,3221.6,4334.1,9.9465, 309.95, 533.41
    6120,    6180,111.7,3419.4,4469.5,9.7019, 327.75, 546.95
    6180,    6240,129.71,3468.4,4730.9,10.783, 332.15, 573.09
    6240,    6300,124.91,3272.8,4457.8,10.494, 314.55, 545.78
    6300,    6360,106.46,2845.8,4131.9,9.3875, 276.12, 513.19
    6360,    6420,99.572,2908.7,4066.8,8.9743, 281.78, 506.68
    6420,    6480,116.37,3380.1,4354.2,9.9824, 324.21, 535.42
    6480,    6540,-9999,-9999,-9999,-9999, -9999, -9999
    6540,    6600,-9999,-9999,-9999,-9999, -9999, -9999
    6600,    6660,-9999,-9999,-9999,-9999, -9999, -9999
    6660,    6720,-9999,-9999,-9999,-9999, -9999, -9999
    6720,    6780,-9999,-9999,-9999,-9999, -9999, -9999
    6780,    6840,-9999,-9999,-9999,-9999, -9999, -9999
    6840,    6900,-9999,-9999,-9999,-9999, -9999, -9999
    6900,    6960,64.611,2439.1,3582.3,6.8766, 239.52, 458.23
    6960,    7020,66.423,2451.6,3708.4,6.9854, 240.64, 470.84
    7020,    7080,57.334,2228.2,3417.5,6.44, 220.54, 441.75
    7080,    7140,57.61,2264.3,3351.9,6.4566, 223.79, 435.19
    7140,    7200,65.662,2487.7,3523.9,6.9397, 243.9, 452.39
    7200,    7260,55.548,2414.6,3495.5,6.3329, 237.31, 449.55
    7260,    7320,60.791,2544,3614.8,6.6474, 248.96, 461.48
    7320,    7380,72.238,2685.5,3949,7.3343, 261.69, 494.9
    7380,    7440,52.591,2126.8,3235.1,6.1555, 211.41, 423.51
    7440,    7500,50.618,2050,3081.2,6.0371, 204.5, 408.12
    7500,    7560,54.359,2090.9,3184.7,6.2616, 208.18, 418.47
    7560,    7620,51.831,2131.3,3174.4,6.1099, 211.82, 417.44
    7620,    7680,42.289,1870.7,3039.6,5.5373, 188.36, 403.96
    7680,    7740,47.731,1841.2,3017.4,5.8638, 185.71, 401.74
    7740,    7800,45.013,1808.5,2772.1,5.7008, 182.76, 377.21
    7800,    7860,42.046,1869.6,2809.7,5.5228, 188.27, 380.97
    7860,    7920,48.764,1853.1,2908.3,5.9258, 186.78, 390.83
    7920,    7980,45.643,1835.6,2828.1,5.7386, 185.21, 382.81
    7980,    8040,41.296,1960.3,2901.7,5.4778, 196.42, 390.17
    8040,    8100,41.116,1987.4,2983.3,5.467, 198.87, 398.33
    8100,    8160,48.787,2036.5,3149.9,5.9272, 203.29, 414.99
    8160,    8220,39.92,2003.1,2983.9,5.3952, 200.28, 398.39
    8220,    8280,33.234,2004.3,2977.8,4.9941, 200.39, 397.78
    8280,    8340,50.316,2210.3,3060.4,6.0189, 218.93, 406.04
    8340,    8400,82.903,2914.8,3775.3,7.9742, 282.33, 477.53
    8400,    8460,42.776,2576.5,3694.3,5.5666, 251.89, 469.43
    8460,    8520,38.517,2714.1,3634.2,5.311, 264.27, 463.42
    8520,    8580,41.523,2792.2,3825.5,5.4914, 271.3, 482.55
    8580,    8640,35.73,2828.9,3878.7,5.1438, 274.6, 487.87
    8640,    8700,35.304,2861.2,3859.7,5.1183, 277.51, 485.97
    8700,    8760,36.603,3042.3,3971.5,5.1962, 293.81, 497.15
    8760,    8820,31.635,2838.6,3936.6,4.8981, 275.47, 493.66
    8820,    8880,32.837,3070.6,4059,4.9702, 296.36, 505.9
    8880,    8940,29.345,2930.3,3977.8,4.7607, 283.73, 497.78
    8940,    9000,29.091,2811.7,4070.2,4.7455, 273.05, 507.02
    9000,    9060,27.663,3160.2,4267.7,4.6598, 304.42, 526.77
    9060,    9120,32.603,3022.9,4060.1,4.9562, 292.06, 506.01
    9120,    9180,34.825,3116.9,4028.2,5.0895, 300.52, 502.82
    9180,    9240,32.799,2977.2,4195.2,4.9679, 287.94, 519.52
    9240,    9300,31.881,2877.6,4002.9,4.9128, 278.99, 500.29
    9300,    9360,29.702,2883.1,4082,4.7821, 279.48, 508.2
    9360,    9420,33.625,3242.1,4209.1,5.0175, 311.79, 520.91
    9420,    9480,29.968,3359.9,4389.5,4.7981, 322.39, 538.95
    9480,    9540,24.845,3391.2,4397.1,4.4907, 325.21, 539.71
    9540,    9600,18.698,3366.7,4267.6,4.1219, 323, 526.76
    9600,    9660,24.314,4767,4853.7,4.4589, 449.03, 585.37
    9660,    9720,28.581,5991.1,6735.6,4.7148, 559.2, 773.56
    9720,    9780,26.928,5172.3,6248.2,4.6157, 485.5, 724.82
    9780,    9840,33.576,3869.4,5628.9,5.0146, 368.25, 662.89
    9840,    9900,25.994,2892.2,4279.7,4.5597, 280.3, 527.97
    9900,    9960,18.434,3151.3,4341,4.106, 303.62, 534.1
    9960,   10020,15.981,3212.9,4263.4,3.9589, 309.16, 526.34
   10020,   10080,13.355,2900.3,4338.4,3.8013, 281.03, 533.84
   10080,   10140,13.586,2686.2,4005.4,3.8152, 261.76, 500.54
   10140,   10200,14.505,2945.7,3884.1,3.8703, 285.11, 488.41
   10200,   10260,13.51,2897.7,3988.6,3.8106, 280.79, 498.86
   10260,   10320,16.65,3325,4232.3,3.999, 319.25, 523.23
   10320,   10380,11.889,2722.6,4153.2,3.7133, 265.03, 515.32
   10380,   10440,21.383,2587.2,3937.5,4.283, 252.85, 493.75
   10440,   10500,33.323,3106.1,4165.1,4.9994, 299.55, 516.51
   10500,   10560,45.098,3147.8,4472.2,5.7059, 303.31, 547.22
   10560,   10620,47.012,2831.7,4109.6,5.8207, 274.85, 510.96
   10620,   10680,49.093,3218.9,4610.7,5.9456, 309.7, 561.07
   10680,   10740,100.3,3063.9,4300.4,9.0182, 295.75, 530.04
   10740,   10800,36.133,2462.2,3897.7,5.168, 241.6, 489.77
   10800,   10860,360.67,4580.7,4974.9,24.64, 432.26, 597.49
   10860,   10920,1057,5997.6,8724.8,66.421, 559.78, 972.48
   10920,   10980,612.18,6493.4,8788.8,39.731, 604.41, 978.88
   10980,   11040,108.1,2812.5,5393.6,9.4862, 273.13, 639.36
   11040,   11100,329.67,4424.9,5497.4,22.78, 418.24, 649.74
   11100,   11160,367.49,5130.2,6955.5,25.049, 481.72, 795.55
   11160,   11220,595.24,5880.8,6974.2,38.714, 549.27, 797.42
   11220,   11280,113.03,2951.8,5004.7,9.782, 285.66, 600.47
   11280,   11340,68.82,2535.4,3694.7,7.1292, 248.18, 469.47
   11340,   11400,289.25,3804,4875.9,20.355, 362.36, 587.59
   11400,   11460,195.2,3407.4,4719.8,14.712, 326.66, 571.98
   11460,   11520,67.936,3344.1,4378.5,7.0762, 320.97, 537.85
   11520,   11580,33.85,2665.8,4299.9,5.031, 259.93, 529.99
   11580,   11640,322.97,3451.2,4312.8,22.378, 330.61, 531.28
   11640,   11700,58.753,2597,4455.3,6.5252, 253.73, 545.53
   11700,   11760,30.265,2075.7,3226.4,4.8159, 206.81, 422.64
   11760,   11820,155.75,2707.9,3578.8,12.345, 263.71, 457.88
   11820,   11880,92.925,2482.8,3757.5,8.5755, 243.45, 475.75
   11880,   11940,277.87,3066.7,3962.6,19.672, 296.01, 496.26
   11940,   12000,194.22,2863,3973,14.653, 277.67, 497.3
   12000,   12060,73.38,2150.2,3593.5,7.4028, 213.52, 459.35
   12060,   12120,290.83,2233.6,3171.7,20.45, 221.03, 417.17
   12120,   12180,39.888,1795.6,3088.8,5.3933, 181.6, 408.88
   12180,   12240,28.234,1736.7,2788.7,4.694, 176.3, 378.87
   12240,   12300,27.288,1693.6,2696,4.6373, 172.42, 369.6
   12300,   12360,49.404,1547.9,2577.1,5.9642, 159.31, 357.71
   12360,   12420,107.25,2538.7,3249.2,9.4348, 248.48, 424.92
   12420,   12480,34.969,2177.3,3329.9,5.0981, 215.95, 432.99
   12480,   12540,18.941,1813.2,2852.5,4.1364, 183.19, 385.25
   12540,   12600,11.809,1569.9,2736.2,3.7086, 161.29, 373.62
   12600,   12660,12.889,1521.8,2605.1,3.7733, 156.96, 360.51
   12660,   12720,19.637,1722.8,2712.2,4.1782, 175.05, 371.22
   12720,   12780,37.937,2060.2,2825.1,5.2762, 205.42, 382.51
   12780,   12840,102,2601.8,3251.7,9.1197, 254.16, 425.17
   12840,   12900,29.744,1839.9,2911.3,4.7846, 185.59, 391.13
   12900,   12960,27.308,1678.6,2804.3,4.6385, 171.07, 380.43
   12960,   13020,13.403,1436.8,2423.4,3.8042, 149.31, 342.34
   13020,   13080,16.28,1471.9,2437.9,3.9768, 152.47, 343.79
   13080,   13140,38.713,1491.1,2429.3,5.3228, 154.2, 342.93
   13140,   13200,28.569,1604.6,2600.1,4.7142, 164.41, 360.01
   13200,   13260,116.77,2269.6,3315.7,10.006, 224.26, 431.57
   13260,   13320,88.224,2311.8,3326.5,8.2935, 228.06, 432.65
   13320,   13380,69.061,2475.2,3560.3,7.1436, 242.77, 456.03
   13380,   13440,128.31,2484.9,3497.5,10.698, 243.64, 449.75
   13440,   13500,61.406,2486.7,3767.5,6.6843, 243.81, 476.75
   13500,   13560,28.103,2016,3191.6,4.6862, 201.44, 419.16
   13560,   13620,17.548,1764.2,2750.7,4.0529, 178.78, 375.07
   13620,   13680,19.712,2056.8,3209,4.1827, 205.11, 420.9
   13680,   13740,14.332,2325.5,3296.2,3.8599, 229.3, 429.62
   13740,   13800,26.858,2381.4,3474.4,4.6115, 234.33, 447.44
   13800,   13860,16.094,2435.7,3555.6,3.9656, 239.21, 455.56
   13860,   13920,6.5217,2293.2,3461.9,3.3913, 226.39, 446.19
   13920,   13980,7.018,2339.7,3516.9,3.4211, 230.57, 451.69
   13980,   14040,6.9632,2165,3244.5,3.4178, 214.85, 424.45
   14040,   14100,6.3585,2331.4,3551.5,3.3815, 229.83, 455.15
   14100,   14160,13.481,2573.7,3865.4,3.8088, 251.64, 486.54
   14160,   14220,7.4714,2472,3529.5,3.4483, 242.48, 452.95
   14220,   14280,11.975,3030,4305.8,3.7185, 292.7, 530.58
   14280,   14340,16.712,3365.4,4929.6,4.0027, 322.89, 592.96
   14340,   14400,8.3492,3057.4,4444.2,3.501, 295.17, 544.42
   14400,   14460,7.9619,3070,4698,3.4777, 296.3, 569.8
   14460,   14520,-9999,-9999,-9999,-9999, -9999, -9999
   14520,   14580,-9999,-9999,-9999,-9999, -9999, -9999
   14580,   14640,-9999,-9999,-9999,-9999, -9999, -9999
   14640,   14700,-9999,-9999,-9999,-9999, -9999, -9999
   14700,   14760,-9999,-9999,-9999,-9999, -9999, -9999
   14760,   14820,-9999,-9999,-9999,-9999, -9999, -9999
   14820,   14880,-9999,-9999,-9999,-9999, -9999, -9999
   14880,   14940,95.052,3550.7,5285,8.7031, 339.57, 628.5
   14940,   15000,96.794,3636.2,5492.9,8.8076, 347.26, 649.29
   15000,   15060,418.59,4734.4,5557.7,28.115, 446.1, 655.77
   15060,   15120,118.75,4159.8,7660.5,10.125, 394.38, 866.05
   15120,   15180,43.973,3562.3,6924.4,5.6384, 340.61, 792.44
   15180,   15240,18.137,3099.4,5334.4,4.0882, 298.95, 633.44
   15240,   15300,34.878,2340.7,3586.7,5.0927, 230.66, 458.67
   15300,   15360,14.22,2449.9,3836.3,3.8532, 240.49, 483.63
   15360,   15420,21.453,2422.3,3586.8,4.2872, 238.01, 458.68
   15420,   15480,17.993,2208.4,3533,4.0796, 218.76, 453.3
   15480,   15540,13.222,2171.9,3285.4,3.7933, 215.47, 428.54
   15540,   15600,16.674,2780.5,3782,4.0004, 270.24, 478.2
   15600,   15660,20.812,2992.4,4120.4,4.2487, 289.32, 512.04
   15660,   15720,8.5274,2528.2,3755.3,3.5116, 247.54, 475.53
