CampaignData_and_Merges/R0/CSL_MobileLab_Parked/raw/20240729/USOS-NOAAIodideCIMS-Halogens_MobileLabGround_20240729_RA.ict
38, 1001
Michael A Robinson, Chris Jernigan, Subi Thakali
NOAA ESRL Chemical Sciences Laboratory and CIRES, U. of Colorado
NOAA Iodide CIMS Instrument
USOS
1, 1
2024, 07, 29, 2024, 07, 30
1
starttime_UTC, seconds_past_midnight, seconds_of_day_since_00:00:00_UTC
6
1, 1, 1, 1, 1, 1
-9999, -9999, -9999, -9999, -9999, -9999
Br2_NOAACIMS, pptv, Gas_Br2_InSitu_S_AVMR, 
BrO_NOAACIMS, pptv, Gas_BrO_InSitu_S_AVMR, 
Cl2_NOAACIMS, pptv, Gas_Cl2_InSitu_S_AVMR, 
ClNO2_NOAACIMS, pptv, Gas_ClNO2_InSitu_S_AVMR, 
BrCl_NOAACIMS, pptv, Gas_BrCl_InSitu_S_AVMR, 
NCl3_NOAACIMS, pptv, Gas_NCl3_InSitu_S_AVMR, 
0
18
PI_CONTACT_INFO: 325 Broadway, R/CSD 7, Boulder, Colorado 80305; michael.a.robinson@noaa.gov; chris.jernigan@noaa.gov;
PLATFORM: NOAA CSL Mobile Lab
LOCATION: SLC, Utah
ASSOCIATED_DATA: 1Hz data also available on request.
INSTRUMENT_INFO: NOAA I- ToF CIMS
DATA_INFO: All data in parts per trillion by volume (pptv). 1 Hz data is available upon request.
UNCERTAINTY: TBD
ULOD_FLAG: -7777
ULOD_VALUE: N/A
LLOD_FLAG: -8888
LLOD_VALUE: N/A
DM_CONTACT_INFO: Nathan Howard; nathan.h.howard@noaa.gov
PROJECT_INFO: USOS, summer 2024. https://csl.noaa.gov/groups/csl7/measurements/2024usos/
STIPULATIONS_ON_USE: Users are strongly encouraged to contact the PI for proper data usage.
OTHER_COMMENTS: 
REVISION: RA
RA: Preliminary Data; For in-field use only
starttime_UTC, Br2_NOAACIMS, BrO_NOAACIMS, Cl2_NOAACIMS, ClNO2_NOAACIMS, BrCl_NOAACIMS, NCl3_NOAACIMS
[from data line 859]
 51540,  0.607,  0.164,  0.947,  0.266,  0.128,  0.741
 51600,  0.468,  0.240,  0.748,  0.224,  0.142,  0.629
 51660,  0.569,  0.194,  0.792,  0.261,  0.080,  0.838
 51720,  0.537,  0.255,  0.804,  0.274,  0.144,  1.192
 51780,  0.544,  0.163,  0.825,  0.227,  0.071,  0.769
 51840,  0.459,  0.204,  0.849,  0.282,  0.135,  0.429
 51900,  0.372,  0.126,  0.742,  0.193,  0.143,  0.619
 51960,  0.543,  0.173,  0.924,  0.248,  0.177,  2.292
 52020, -9999.000, -9999.000, -9999.000, -9999.000, -9999.000, -9999.000
 52080,  0.480,  0.257,  0.877,  0.202,  0.195,  0.720
 52140,  0.489,  0.133,  0.868,  0.237,  0.185,  0.449
 52200,  0.531,  0.191,  0.936,  0.251,  0.180,  1.911
 52260,  0.504,  0.207,  0.793,  0.198,  0.163,  1.038
 52320,  0.385,  0.078,  0.818,  0.216,  0.205,  0.752
 52380,  0.475,  0.204,  0.955,  0.251,  0.182,  1.551
 52440,  0.550,  0.160,  0.756,  0.266,  0.221,  3.150
 52500,  0.544,  0.190,  1.021,  0.325,  0.209,  3.617
 52560,  0.508,  0.158,  0.894,  0.259,  0.194,  1.599
 52620,  0.514,  0.145,  0.898,  0.303,  0.194,  1.967
 52680,  0.566,  0.170,  0.956,  0.280,  0.168,  1.673
 52740,  0.622,  0.264,  0.875,  0.312,  0.178,  1.943
 52800,  0.629,  0.118,  0.916,  0.334,  0.157,  1.236
 52860,  0.432,  0.077,  0.808,  0.252,  0.107,  0.189
 52920,  0.544,  0.145,  0.865,  0.279,  0.187,  0.344
 52980,  0.439,  0.194,  0.818,  0.283,  0.207,  0.396
 53040,  0.477,  0.133,  0.989,  0.356,  0.232,  3.765
 53100,  0.557,  0.152,  0.960,  0.379,  0.297,  3.844
 53160,  0.543,  0.051,  0.961,  0.332,  0.256,  0.747
 53220,  0.403,  0.083,  0.905,  0.335,  0.249,  0.272
 53280,  0.612,  0.115,  0.712,  0.270,  0.195,  0.128
 53340,  0.585,  0.038,  0.791,  0.364,  0.165,  0.484
 53400,  0.537,  0.002,  0.786,  0.365,  0.195,  0.162
 53460,  0.635, -0.017,  0.800,  0.359,  0.200,  0.899
 53520,  0.547,  0.071,  0.774,  0.422,  0.188,  0.429
 53580,  0.448,  0.084,  0.895,  0.450,  0.203,  0.563
 53640,  0.634,  0.066,  1.082,  0.510,  0.245,  2.751
 53700,  0.464, -0.032,  0.710,  0.474,  0.193,  0.225
 53760,  0.478,  0.020,  0.626,  0.546,  0.173,  0.035
 53820,  0.288,  0.191,  0.781,  0.574,  0.244,  0.609
 53880, -9999.000, -9999.000, -9999.000, -9999.000, -9999.000, -9999.000
 53940,  0.682,  0.044,  0.747,  0.583,  0.225,  0.046
 54000,  0.494,  0.110,  0.730,  0.485,  0.224,  0.598
 54060,  0.571,  0.054,  0.799,  0.528,  0.150,  0.765
 54120,  0.431,  0.022,  0.868,  0.497,  0.231,  0.305
 54180,  0.532,  0.072,  0.863,  0.538,  0.216,  0.255
 54240,  0.484,  0.067,  0.736,  0.458,  0.219,  0.065
 54300,  0.378,  0.005,  0.677,  0.512,  0.174,  0.186
 54360,  0.378,  0.078,  0.780,  0.537,  0.251,  0.133
 54420,  0.482, -0.013,  0.885,  0.508,  0.256,  0.161
 54480,  0.522,  0.021,  0.745,  0.469,  0.167,  0.081
 54540,  0.522,  0.144,  0.638,  0.507,  0.216,  0.104
 54600,  0.492,  0.132,  0.659,  0.509,  0.176,  0.057
 54660,  0.276, -0.063,  0.717,  0.489,  0.179,  0.016
 54720,  0.355,  0.003,  0.628,  0.570,  0.264,  0.063
 54780,  0.450, -0.004,  0.841,  0.536,  0.208,  0.126
 54840,  0.518,  0.150,  0.660,  0.474,  0.185,  0.074
 54900,  0.610,  0.103,  0.717,  0.496,  0.236,  0.159
 54960,  0.457,  0.151,  0.647,  0.441,  0.234,  0.379
 55020,  0.459,  0.085,  0.613,  0.374,  0.175,  0.103
 55080,  0.514,  0.121,  0.685,  0.385,  0.180,  0.114
 55140,  0.570,  0.088,  0.887,  0.344,  0.223,  0.051
 55200,  0.470,  0.189,  0.663,  0.331,  0.207,  0.113
 55260,  0.395,  0.115,  0.604,  0.378,  0.211,  0.018
 55320,  0.403,  0.074,  0.645,  0.344,  0.191,  0.050
 55380,  0.550,  0.039,  0.684,  0.318,  0.198,  0.173
 55440,  0.472,  0.032,  0.484,  0.273,  0.209,  0.145
 55500,  0.471,  0.088,  0.532,  0.293,  0.227,  0.104
 55560,  0.514,  0.117,  0.597,  0.264,  0.189,  0.131
 55620,  0.487,  0.082,  0.803,  0.332,  0.265,  0.059
 55680,  0.454,  0.074,  0.727,  0.362,  0.260,  0.054
 55740,  0.695,  0.080,  0.749,  0.190,  0.226,  0.051
 55800,  0.524,  0.143,  0.608,  0.297,  0.201,  0.079
 55860,  0.531,  0.144,  0.701,  0.266,  0.190,  0.111
 55920,  0.526,  0.101,  0.535,  0.225,  0.201,  0.074
 55980,  0.408,  0.116,  0.477,  0.272,  0.174,  0.090
 56040,  0.530,  0.115,  0.570,  0.239,  0.210,  0.091
 56100,  0.629,  0.094,  0.596,  0.233,  0.197,  0.067
 56160,  0.520,  0.151,  0.624,  0.265,  0.235,  0.075
 56220,  0.564,  0.048,  0.622,  0.213,  0.242,  0.047
 56280,  0.552,  0.190,  0.437,  0.177,  0.153,  0.097
 56340,  0.578,  0.207,  0.620,  0.214,  0.206,  0.020
 56400,  0.474,  0.096,  0.547,  0.250,  0.212,  0.026
 56460,  0.587,  0.159,  0.542,  0.232,  0.162,  0.070
 56520,  0.587,  0.143,  0.563,  0.235,  0.177,  0.119
 56580,  0.765,  0.110,  0.586,  0.218,  0.216,  0.047
 56640,  0.631,  0.066,  0.537,  0.251,  0.156,  0.138
 56700,  0.573,  0.154,  0.656,  0.311,  0.200,  0.149
 56760,  0.621,  0.100,  0.519,  0.188,  0.139,  0.152
 56820,  0.669,  0.187,  0.610,  0.175,  0.196,  0.157
 56880,  0.402,  0.121,  0.637,  0.183,  0.126,  0.096
 56940,  0.696,  0.207,  0.706,  0.181,  0.225,  0.117
 57000,  0.656,  0.144,  0.437,  0.171,  0.121,  0.132
 57060,  0.612,  0.096,  0.536,  0.160,  0.158,  0.081
 57120,  0.674,  0.091,  0.509,  0.160,  0.160,  0.038
 57180,  0.698,  0.230,  0.417,  0.128,  0.121,  0.044
 57240,  0.559,  0.143,  0.376,  0.124,  0.090,  0.090
 57300,  0.659,  0.104,  0.369,  0.185,  0.166,  0.064
 57360,  0.745,  0.107,  0.442,  0.189,  0.154,  0.039
 57420,  0.718,  0.283,  0.404,  0.201,  0.163,  0.159
 57480,  0.652,  0.209,  0.752,  0.163,  0.165,  0.119
 57540,  0.853,  0.045,  0.623,  0.185,  0.096,  0.185
 57600,  0.666,  0.309,  0.406,  0.180,  0.148,  0.077
 57660,  0.548,  0.143,  0.432,  0.193,  0.152,  0.082
 57720,  0.656,  0.081,  0.605,  0.164,  0.181,  0.097
 57780,  0.562,  0.150,  0.556,  0.159,  0.120,  0.129
 57840,  0.741,  0.102,  0.577,  0.101,  0.099,  0.116
 57900,  0.710,  0.097,  0.663,  0.166,  0.185,  0.056
 57960,  0.747,  0.089,  0.805,  0.118,  0.163,  0.046
 58020,  0.768,  0.136,  0.649,  0.120,  0.145,  0.063
 58080,  0.674,  0.157,  0.572,  0.088,  0.107,  0.080
 58140,  0.577,  0.114,  0.606,  0.109,  0.142,  0.057
 58200,  0.585,  0.156,  0.633,  0.096,  0.096,  0.096
 58260,  0.702,  0.135,  0.701,  0.102,  0.103,  0.084
 58320,  0.659,  0.160,  0.618,  0.085,  0.164,  0.035
 58380,  0.623,  0.189,  0.710,  0.078,  0.156,  0.039
 58440,  0.547,  0.204,  0.669,  0.066,  0.107,  0.128
 58500,  0.598,  0.149,  0.718,  0.069,  0.101,  0.105
 58560,  0.609,  0.143,  0.708,  0.112,  0.102,  0.058
 58620,  0.524,  0.124,  0.603,  0.049,  0.152,  0.105
 58680,  0.602,  0.104,  0.622,  0.061,  0.082,  0.037
 58740,  0.542,  0.233,  0.776,  0.077,  0.140,  0.027
 58800,  0.562,  0.154,  0.720,  0.066,  0.122,  0.048
 58860,  0.458,  0.115,  0.724,  0.056,  0.098,  0.049
 58920,  0.503,  0.140,  0.933,  0.067,  0.134,  0.012
 58980,  0.579,  0.095,  0.954,  0.074,  0.160,  0.096
 59040,  0.450,  0.143,  0.883,  0.069,  0.149,  0.070
 59100,  0.611,  0.134,  0.750,  0.065,  0.145,  0.089
 59160,  0.555,  0.093,  0.827,  0.101,  0.108,  0.058
 59220,  0.515,  0.126,  0.805,  0.073,  0.130,  0.002
 59280,  0.503,  0.160,  0.928,  0.083,  0.173,  0.069
 59340,  0.559,  0.179,  0.860,  0.047,  0.179,  0.073
 59400,  0.649,  0.123,  1.067,  0.061,  0.112,  0.108
 59460,  0.594,  0.195,  0.837,  0.067,  0.118, -0.016
 59520,  0.533,  0.210,  0.865,  0.079,  0.112,  0.075
 59580,  0.516,  0.203,  0.914,  0.094,  0.149,  0.101
 59640,  0.528,  0.184,  0.887,  0.089,  0.177,  0.074
 59700,  0.551,  0.110,  0.824,  0.075,  0.127,  0.062
 59760,  0.597,  0.115,  0.846,  0.084,  0.124,  0.171
 59820,  0.473,  0.199,  0.776,  0.057,  0.078, -0.000
 59880,  0.479,  0.086,  0.789,  0.064,  0.098,  0.021
 59940,  0.555,  0.163,  0.764,  0.091,  0.082,  0.026
 60000,  0.583,  0.063,  0.675,  0.086,  0.065,  0.042
 60060,  0.580,  0.128,  0.785,  0.058,  0.103,  0.069
 60120,  0.478,  0.125,  0.793,  0.063,  0.136,  0.063
 60180,  0.442,  0.135,  0.790,  0.061,  0.111,  0.036
 60240,  0.198,  0.096,  0.708,  0.036,  0.016, -0.013
 60300,  0.104,  0.090,  0.607,  0.071,  0.041, -0.010
 60360,  0.675,  0.126,  0.897,  0.082,  0.132,  0.120
 60420,  0.625,  0.197,  0.725,  0.064,  0.113,  0.047
 60480,  0.662,  0.146,  0.817,  0.067,  0.122,  0.115
 60540,  0.588,  0.169,  0.923,  0.090,  0.123,  0.125
 60600,  0.442,  0.120,  0.866,  0.103,  0.074,  0.066
 60660,  0.768,  0.262,  0.758,  0.077,  0.165,  0.108
 60720,  0.698,  0.123,  0.613,  0.086,  0.072,  0.115
 60780,  0.659,  0.143,  0.744,  0.047,  0.127,  0.071
 60840,  0.826,  0.186,  0.847,  0.078,  0.128,  0.147
 60900,  0.631,  0.204,  0.815,  0.066,  0.187,  0.204
 60960,  0.680,  0.218,  0.799,  0.078,  0.102,  0.117
 61020,  0.659,  0.215,  0.632,  0.064,  0.116,  0.187
 61080,  0.850,  0.293,  0.817,  0.074,  0.134,  0.151
 61140,  0.878,  0.273,  0.691,  0.071,  0.162,  0.146
 61200,  0.843,  0.192,  0.766,  0.101,  0.065,  0.162
 61260, -9999.000, -9999.000, -9999.000, -9999.000, -9999.000, -9999.000
 61320,  0.660,  0.156,  0.648,  0.090,  0.174,  0.142
 61380,  0.772,  0.162,  0.744,  0.078,  0.090,  0.142
 61440,  0.738,  0.257,  0.777,  0.083,  0.152,  0.186
 61500,  0.675,  0.166,  0.685,  0.069,  0.083,  0.170
 61560,  0.580,  0.136,  0.698,  0.045,  0.104,  0.146
 61620,  0.798,  0.116,  0.676,  0.068,  0.199,  0.128
 61680,  0.907,  0.249,  0.802,  0.074,  0.145,  0.125
 61740,  0.828,  0.157,  0.724,  0.057,  0.136,  0.149
 61800,  0.797,  0.109,  0.822,  0.072,  0.090,  0.173
 61860,  0.705,  0.131,  0.821,  0.067,  0.171,  0.123
 61920,  0.837,  0.175,  0.826,  0.072,  0.133,  0.151
 61980,  0.817,  0.063,  0.851,  0.099,  0.142,  0.116
 62040,  0.739,  0.137,  0.731,  0.074,  0.150,  0.121
 62100,  0.810,  0.064,  0.987,  0.073,  0.140,  0.083
 62160,  0.833,  0.032,  0.928,  0.068,  0.161,  0.045
 62220,  0.829,  0.194,  0.937,  0.098,  0.126,  0.142
 62280,  0.795,  0.050,  0.698,  0.086,  0.129,  0.141
 62340,  0.663,  0.166,  0.919,  0.083,  0.146,  0.061
 62400,  0.805,  0.028,  0.823,  0.079,  0.133,  0.117
 62460,  0.794,  0.117,  0.934,  0.074,  0.142,  0.062
 62520,  0.897,  0.080,  0.693,  0.068,  0.097,  0.040
 62580,  0.750,  0.106,  0.848,  0.085,  0.115,  0.037
 62640,  0.795,  0.018,  0.964,  0.080,  0.129,  0.108
 62700,  0.655,  0.052,  0.802,  0.059,  0.142, -0.019
 62760,  0.487, -0.055,  0.803,  0.088,  0.118, -0.018
 62820,  0.716, -0.043,  0.765,  0.071,  0.104,  0.049
 62880,  0.834, -0.116,  0.735,  0.106,  0.176,  0.062
 62940,  0.816, -0.084,  0.782,  0.104,  0.133,  0.022
 63000,  0.655, -0.011,  0.764,  0.072,  0.203,  0.031
 63060,  0.780,  0.026,  0.821,  0.089,  0.153, -0.015
 63120, -9999.000, -9999.000, -9999.000, -9999.000, -9999.000, -9999.000
 63180,  0.653, -0.073,  0.759,  0.067,  0.172,  0.014
 63240,  0.786, -0.114,  0.793,  0.084,  0.165,  0.010
 63300,  0.661, -0.095,  0.846,  0.087,  0.155, -0.009
 63360,  0.772, -0.059,  0.931,  0.099,  0.210, -0.025
 63420,  0.647, -0.062,  0.944,  0.075,  0.184, -0.004
 63480,  0.764, -0.012,  0.822,  0.074,  0.173,  0.257
 63540,  0.803,  0.040,  0.614,  0.076,  0.131, -0.045
 63600,  0.767,  0.048,  0.838,  0.055,  0.159,  0.016
 63660,  0.728, -0.050,  0.873,  0.083,  0.177, -0.042
 63720,  0.719, -0.054,  0.863,  0.097,  0.203,  0.013
 63780,  0.631, -0.034,  0.789,  0.096,  0.177, -0.006
 63840,  0.622, -0.063,  0.808,  0.070,  0.122, -0.014
 63900,  0.605, -0.026,  0.943,  0.080,  0.114, -0.009
 63960,  0.593,  0.023,  0.919,  0.080,  0.151, -0.003
 64020,  0.757, -0.018,  0.806,  0.075,  0.158,  0.003
 64080,  0.724,  0.078,  0.829,  0.090,  0.182, -0.004
 64140,  0.681, -0.023,  0.678,  0.074,  0.186, -0.007
 64200,  0.554,  0.046,  0.780,  0.081,  0.148, -0.055
 64260,  0.871,  0.066,  0.733,  0.066,  0.167,  0.035
 64320,  0.690, -0.077,  0.646,  0.099,  0.161,  0.018
 64380,  0.659,  0.017,  0.887,  0.073,  0.171, -0.005
 64440,  0.695,  0.057,  0.806,  0.079,  0.219, -0.003
 64500,  0.708,  0.038,  0.718,  0.130,  0.200, -0.011
 64560,  0.837,  0.116,  0.809,  0.095,  0.172,  0.010
 64620,  0.758,  0.007,  0.884,  0.087,  0.193,  0.013
 64680,  0.821,  0.131,  0.872,  0.145,  0.169, -0.010
 64740,  0.675, -0.027,  0.938,  0.094,  0.226,  0.043
 64800,  0.729, -0.001,  0.803,  0.079,  0.177, -0.018
 64860,  0.553,  0.052,  0.871,  0.091,  0.174, -0.066
 64920,  0.996,  0.277,  0.857,  0.111,  0.164, -0.030
 64980, -9999.000, -9999.000, -9999.000, -9999.000, -9999.000, -9999.000
 65040,  0.626,  0.081,  0.791,  0.063,  0.177,  0.010
 65100,  0.608,  0.063,  0.842,  0.077,  0.210,  0.001
 65160,  0.738,  0.138,  1.073,  0.088,  0.184,  0.046
 65220,  0.665,  0.152,  1.005,  0.084,  0.122, -0.004
 65280,  0.700,  0.090,  0.872,  0.088,  0.113,  0.056
 65340,  0.377,  0.014,  0.818,  0.102,  0.118, -0.022
 65400,  0.669,  0.173,  0.952,  0.090,  0.145,  0.116
 65460,  0.623,  0.102,  1.031,  0.098,  0.207,  0.007
 65520,  0.804,  0.249,  0.958,  0.104,  0.118,  0.048
 65580,  0.429,  0.083,  1.056,  0.084,  0.119,  0.092
 65640,  0.739,  0.213,  1.005,  0.130,  0.215,  0.139
 65700,  0.670,  0.094,  0.977,  0.096,  0.140,  0.026
 65760,  0.551,  0.178,  0.866,  0.075,  0.123,  0.030
 65820,  0.667,  0.150,  0.879,  0.071,  0.190,  0.015
 65880,  0.598,  0.054,  0.875,  0.065,  0.145, -0.015
 65940,  0.605,  0.133,  0.957,  0.072,  0.150,  0.060
 66000,  0.644,  0.044,  0.874,  0.088,  0.161,  0.058
 66060,  0.651,  0.200,  0.907,  0.085,  0.083,  0.067
 66120,  0.835,  0.214,  0.944,  0.087,  0.132,  0.003
 66180,  0.726,  0.138,  0.899,  0.089,  0.137,  0.025
 66240,  0.774,  0.185,  0.941,  0.098,  0.106,  0.039
 66300,  0.640,  0.150,  1.125,  0.083,  0.164,  0.059
 66360,  0.702,  0.131,  0.866,  0.077,  0.118,  0.051
 66420,  0.630,  0.248,  0.915,  0.087,  0.156,  0.043
 66480,  0.701,  0.246,  0.815,  0.097,  0.154,  0.103
 66540,  0.652,  0.273,  0.898,  0.068,  0.132,  0.039
 66600,  0.753,  0.209,  0.853,  0.096,  0.091,  0.018
 66660,  0.665,  0.203,  0.977,  0.081,  0.097,  0.117
 66720,  0.636,  0.174,  1.009,  0.071,  0.055,  0.056
 66780,  0.496,  0.290,  0.798,  0.129,  0.090,  0.069
 66840,  0.681,  0.116,  0.929,  0.160,  0.091,  0.085
 66900,  0.584,  0.136,  0.918,  0.102,  0.091,  0.102
 66960,  0.618,  0.133,  0.981,  0.093,  0.118,  0.047
 67020,  0.747,  0.189,  0.929,  0.067,  0.155,  0.093
 67080,  0.688,  0.198,  0.817,  0.070,  0.126,  0.079
 67140,  0.590,  0.082,  0.942,  0.089,  0.130,  0.079
 67200,  0.605,  0.130,  0.868,  0.084,  0.104,  0.065
 67260,  0.642,  0.107,  0.987,  0.089,  0.106,  0.029
 67320,  0.734,  0.312,  0.867,  0.073,  0.083,  0.017
 67380,  0.713,  0.245,  1.009,  0.108,  0.167,  0.062
 67440,  0.587,  0.198,  1.022,  0.080,  0.089,  0.102
 67500,  0.687,  0.202,  1.092,  0.095,  0.132,  0.020
 67560,  0.640,  0.093,  1.024,  0.061,  0.091, -0.046
 67620,  0.632,  0.152,  0.846,  0.079,  0.119,  0.028
 67680,  0.662,  0.182,  1.019,  0.073,  0.107,  0.015
 67740,  0.614,  0.175,  0.856,  0.071,  0.112,  0.006
 67800,  0.521,  0.141,  1.004,  0.053,  0.181, -0.032
 67860,  0.656,  0.160,  0.867,  0.071,  0.139,  0.151
 67920,  0.749,  0.176,  0.951,  0.080,  0.124, -0.009
 67980,  0.731,  0.171,  1.019,  0.088,  0.110,  0.001
 68040,  0.518,  0.205,  1.116,  0.051,  0.087, -0.008
 68100,  0.798,  0.166,  0.975,  0.083,  0.132, -0.005
 68160,  0.613,  0.116,  1.089,  0.074,  0.127, -0.047
 68220,  0.541,  0.110,  1.009,  0.066,  0.107, -0.061
 68280,  0.253, -0.011,  0.666,  0.069,  0.016, -0.093
 68340,  0.179, -0.054,  0.829,  0.071,  0.021, -0.139
 68400,  0.039, -0.003,  1.026,  0.089,  0.057, -0.119
 68460,  0.765,  0.141,  1.079,  0.078,  0.150,  0.022
 68520,  0.795,  0.099,  1.044,  0.085,  0.087, -0.043
 68580,  0.681,  0.076,  0.874,  0.126,  0.181, -0.112
 68640, -9999.000, -9999.000, -9999.000, -9999.000, -9999.000, -9999.000
 68700,  0.630,  0.104,  0.686,  0.031,  0.047,  0.025
 68760,  0.636,  0.130,  0.855,  0.058,  0.140,  0.014
