CampaignData_and_Merges/R0/CSL_MobileLab_Parked/raw/20240729/USOS-Picarro-CO2-CH4-CO-H2O_MobileLabGround_20240729_R0.ict
38, 1001
Ilana Pollack, Nell Schafer, and Jeff Peischl
NOAA Chemical Sciences Laboratory
Picarro 2401-m CO2/CH4/CO/H2O Analyzer
USOS
1, 1
2024, 07, 29, 2024, 11, 20
0
StartTime_UTC, seconds_past_midnight, seconds past midnight
5
1, 1, 1, 1, 1
-9999, -9999, -9999, -9999, -9999
StopTime_UTC, seconds_past_midnight, seconds past midnight
CO2_ppm_1min, ppm, Gas_CO2_InSitu_S_DMF, carbon dioxide mixing ratio
CH4_ppb_1min, ppb, Gas_CH4_InSitu_S_DMF, methane mixing ratio
CO_ppb_1min, ppb, Gas_CO_InSitu_S_DMF, carbon monoxide mixing ratio
H2O_ppmv_1min, ppmv, Met_H2OMRV_InSitu_S_AVMR, water vapor mixing ratio
1
SPECIAL COMMENTS: N/A
18
PI_CONTACT_INFO: Address: NOAA Chemical Sciences Laboratory, Mail Stop CSL7, 325 Broadway, Boulder, CO 80305; Email: Ilana.Pollack@noaa.gov
PLATFORM: NOAA CSL Mobile Laboratory
LOCATION: The mobile lab was stationed in Salt Lake City, Utah.
ASSOCIATED_DATA: N/A
INSTRUMENT_INFO: CO2, CH4, and CO are reported as dry air mole fractions using a commercial wavelength-scanned cavity ring-down analyzer (Picarro 2401-m). An in-field calibration gas standard of 432±0.07 ppm CO2, 2095±1 ppb CH4, and 183±1 ppb CO, calibrated in the Boulder laboratories before and after the field project using primary CO2, CH4, and CO standard tanks tied to the WMO standard (X2019, X2004A, and X2014A, respectively) from the Global Monitoring Laboratory (GML), was delivered to the inlet every 2-3 days to evaluate instrument sensitivity. A H2O measurement was calibrated before the project with a Dew Point Mirror 373 hygrometer. The water correction calculated from these calibrations was applied to the H2O measurement for the entire campaign. Species are measured at 0.5 Hz and reported as 1-minute averages for stationary measurements.
DATA_INFO: Units: CO2, ppm, dry air mole fraction; CH4, ppb, dry air mole fraction; CO, ppb, dry air mole fraction; H2O, ppmv
UNCERTAINTY: CO2: ±(0.1 ppm + 1%), CH4: ±(1 ppb + 1%), CO: ±(4 ppb + 1%), and H2O: ±(50 ppm + 4%)
ULOD_FLAG: -7777
ULOD_VALUE: N/A
LLOD_FLAG: -8888
LLOD_VALUE: N/A
DM_CONTACT_INFO: Data Manager: Nathan Howard; nathan.h.howard@noaa.gov
PROJECT_INFO: USOS Dates of Study: July – August 2024
STIPULATIONS_ON_USE: Use of these data require prior ok from PI.
OTHER_COMMENTS: Data are averaged to 1 minute intervals. Stationary data collected from a 10 ft tower on top of the mobile van.
REVISION: R0
R0: Final Data
StartTime_UTC, StopTime_UTC, CO2_ppm_1min, CH4_ppb_1min, CO_ppb_1min, H2O_ppmv_1min
0,60,429.76,1992.7,167.7,11141.9678
60,120,429.84,1991.5,169.4,11059.1035
120,180,429.57,1991.0,165.0,10806.5527
180,240,429.63,1992.0,168.2,10702.8613
240,300,430.29,1993.2,168.1,10841.9824
300,360,430.09,1992.1,168.3,10683.2529
360,420,429.81,1989.6,167.6,10335.2363
420,480,430.13,1990.8,170.8,10453.0332
480,540,430.16,1991.7,174.0,10470.4180
540,600,429.92,1991.5,165.7,10459.7715
600,660,430.01,1992.4,165.5,10598.9072
660,720,430.02,1993.0,163.7,10678.3896
720,780,430.14,1994.2,166.3,10965.3008
780,840,429.78,1993.2,165.7,10818.2158
840,900,429.73,1992.6,164.4,10778.5215
900,960,430.09,1992.7,167.5,10661.5898
960,1020,430.07,1992.7,165.3,10674.0088
1020,1080,429.51,1991.1,166.7,10692.7480
1080,1140,429.74,1992.1,168.8,10927.2383
1140,1200,429.63,1990.6,167.4,10719.6602
1200,1260,429.18,1991.0,166.4,10547.9287
1260,1320,429.20,1992.5,166.6,10793.8711
1320,1380,429.34,1994.5,166.3,10963.6816
1380,1440,430.22,1994.5,169.1,11107.5098
1440,1500,430.28,1993.5,165.4,10545.1211
1500,1560,430.38,1993.5,166.1,10550.7383
1560,1620,429.93,1991.6,165.1,10402.9512
1620,1680,429.84,1990.3,164.7,10370.1738
1680,1740,430.64,1992.7,167.7,10705.7783
1740,1800,430.96,1994.4,169.0,10918.7773
1800,1860,430.37,1993.3,166.0,10625.6650
1860,1920,430.03,1995.0,166.1,11072.3008
1920,1980,429.95,1994.1,166.4,10840.7207
1980,2040,429.93,1994.0,167.8,10937.3770
2040,2100,429.45,1990.3,165.9,10517.2432
2100,2160,429.16,1988.7,164.7,10677.0869
2160,2220,429.18,1986.7,165.4,10476.7490
2220,2280,429.27,1985.4,169.3,10398.2041
2280,2340,429.46,1986.1,172.1,10561.6045
2340,2400,429.54,1986.4,173.1,10739.3184
2400,2460,429.66,1984.6,170.1,10349.9951
2460,2520,429.61,1986.1,170.6,10516.6406
2520,2580,429.63,1987.1,171.8,10701.6309
2580,2640,430.13,1988.1,176.3,11214.5762
2640,2700,429.66,1985.4,175.9,10784.4717
2700,2760,429.72,1987.1,179.1,10784.2842
2760,2820,429.32,1987.1,177.4,10939.3965
2820,2880,429.29,1987.2,179.0,11103.3936
2880,2940,429.98,1987.9,178.2,10993.4453
2940,3000,430.13,1986.5,179.0,11182.1855
3000,3060,429.63,1983.8,175.9,10898.6299
3060,3120,429.62,1981.8,174.1,10390.0518
3120,3180,429.68,1981.3,174.4,10463.9160
3180,3240,430.01,1982.8,175.5,10829.4307
3240,3300,430.62,1984.1,176.9,10629.6475
3300,3360,432.00,1985.5,177.1,11309.5801
3360,3420,430.70,1986.7,178.7,11308.0977
3420,3480,429.94,1987.6,182.0,11064.0020
3480,3540,430.12,1989.4,181.5,11572.5254
3540,3600,430.64,1989.4,182.7,11590.2139
3600,3660,430.05,1988.0,181.4,11334.9775
3660,3720,429.57,1985.2,183.5,11097.0498
3720,3780,430.34,1985.6,181.4,11523.4326
3780,3840,428.57,1981.7,176.8,10714.8701
3840,3900,428.97,1982.0,176.7,10886.8496
3900,3960,430.17,1984.0,178.4,11317.1758
3960,4020,429.28,1984.6,179.4,11298.5713
4020,4080,428.96,1984.4,179.5,11172.9521
4080,4140,431.79,1987.9,178.9,11084.6084
4140,4200,429.42,1989.6,181.6,10762.4180
4200,4260,429.39,1990.3,183.7,10857.6709
4260,4320,429.86,1990.8,182.7,11034.9082
4320,4380,431.71,1991.6,181.8,11325.8164
4380,4440,430.88,1993.7,184.5,11265.0029
4440,4500,429.84,1993.0,182.3,11377.1436
4500,4560,429.56,1992.9,182.9,11424.6338
4560,4620,428.81,1990.2,179.4,11397.2314
4620,4680,428.44,1989.5,179.2,11403.9199
4680,4740,428.23,1989.1,178.2,11291.8936
4740,4800,428.12,1990.1,177.3,11232.5762
4800,4860,428.29,1990.6,177.4,11290.9141
4860,4920,428.68,1995.3,180.3,11350.8604
4920,4980,428.94,1998.5,181.0,11472.7646
4980,5040,428.81,1997.4,181.0,11384.4307
5040,5100,428.89,2000.8,180.5,11564.8447
5100,5160,429.09,2007.0,181.2,11594.0283
5160,5220,428.99,2009.8,180.8,11586.7861
5220,5280,428.42,2010.0,181.5,11326.1846
5280,5340,428.74,2010.7,182.2,11509.4863
5340,5400,428.71,2010.3,180.0,11407.3721
5400,5460,428.56,2010.6,181.5,11404.7129
5460,5520,428.95,2011.2,185.2,11671.5293
5520,5580,429.07,2007.4,187.8,11479.4883
5580,5640,429.20,2007.3,183.7,11562.2900
5640,5700,428.87,2006.8,181.8,11408.7432
5700,5760,428.79,2005.8,181.9,11451.3564
5760,5820,428.81,2006.5,180.7,11540.2236
5820,5880,429.08,2008.6,181.3,11635.2021
5880,5940,429.09,2010.1,185.2,11582.6777
5940,6000,429.41,2013.8,190.4,11510.9766
6000,6060,430.02,2015.9,195.9,11538.7354
6060,6120,430.25,2016.5,199.0,11735.4424
6120,6180,431.12,2018.8,200.9,11977.9258
6180,6240,430.67,2020.7,199.5,11976.5078
6240,6300,429.71,2023.6,193.8,11984.3672
6300,6360,429.93,2026.6,191.1,12156.6143
6360,6420,430.57,2031.0,196.8,12172.0791
6420,6480,431.88,2033.2,203.3,12337.3984
6480,6540,430.53,2034.0,198.2,12324.2939
6540,6600,429.74,2034.8,193.2,12188.6895
6600,6660,430.07,2035.7,190.7,12361.1631
6660,6720,430.17,2035.6,189.5,12439.7607
6720,6780,429.88,2034.7,186.9,12370.2217
6780,6840,429.39,2030.8,186.7,12159.7490
6840,6900,429.54,2029.4,188.2,12124.3604
6900,6960,429.36,2027.0,188.9,12124.8594
6960,7020,429.16,2022.9,188.9,12031.5674
7020,7080,428.37,2019.6,190.7,11832.5420
7080,7140,429.11,2022.0,194.4,12091.9756
7140,7200,429.31,2022.3,198.0,11953.6328
7200,7260,429.08,2022.3,197.8,11890.1299
7260,7320,430.53,2025.4,204.7,12298.0430
7320,7380,429.37,2012.8,198.4,12033.5752
7380,7440,429.04,2006.9,196.8,11956.4873
7440,7500,429.78,2007.1,196.3,12144.1650
7500,7560,429.64,2004.0,194.3,12002.7432
7560,7620,428.91,1999.6,191.5,11907.3281
7620,7680,428.77,1998.1,194.8,11926.2686
7680,7740,428.89,1999.7,194.4,12034.6055
7740,7800,428.45,2001.2,191.7,12048.0127
7800,7860,428.42,2000.4,187.9,12051.4277
7860,7920,427.78,1998.6,186.5,11988.5557
7920,7980,428.38,2000.3,186.8,12087.3066
7980,8040,428.87,1999.4,189.0,12153.5625
8040,8100,429.31,1998.7,188.9,12199.8652
8100,8160,428.73,1996.3,186.7,12122.1045
8160,8220,428.92,1997.0,189.1,12161.7773
8220,8280,428.81,1996.9,190.9,12162.4063
8280,8340,429.65,1998.2,196.2,12309.2686
8340,8400,429.90,1996.3,197.4,12291.5664
8400,8460,430.17,1996.3,199.2,12265.7588
8460,8520,430.90,1997.7,202.0,12299.2080
8520,8580,430.41,1997.1,199.7,12284.6816
8580,8640,430.57,1998.2,199.6,12328.3213
8640,8700,431.58,1998.4,203.2,12356.0020
8700,8760,431.63,2001.0,202.3,12363.3252
8760,8820,431.98,1998.9,203.4,12393.9043
8820,8880,432.35,1999.3,202.6,12407.9199
8880,8940,431.47,1998.1,201.7,12238.2822
8940,9000,432.01,1997.2,210.4,12303.7813
9000,9060,432.42,1996.4,213.5,12269.6484
9060,9120,432.24,1996.8,206.7,12243.6494
9120,9180,433.51,1998.5,208.7,12398.8174
9180,9240,432.38,1995.8,209.0,12280.6602
9240,9300,433.23,1996.8,209.9,12316.2822
9300,9360,432.90,1996.0,213.0,12263.0518
9360,9420,433.52,1997.2,213.6,12335.5430
9420,9480,435.60,1999.3,214.3,12507.0996
9480,9540,434.53,1999.4,217.7,12425.1270
9540,9600,433.89,2003.9,228.7,12325.0186
9600,9660,439.88,2000.1,253.2,12411.1494
9660,9720,439.64,2000.4,247.6,12367.8232
9720,9780,438.01,1998.2,235.0,12367.2891
9780,9840,433.59,1989.3,213.9,12020.3408
9840,9900,435.36,1991.1,217.5,12166.7363
9900,9960,435.50,1989.8,219.6,12146.2168
9960,10020,435.13,1987.9,222.8,12045.5420
10020,10080,433.86,1986.7,218.6,11932.1797
10080,10140,434.79,1987.7,220.9,12006.7832
10140,10200,435.45,1988.9,218.5,12030.1719
10200,10260,438.62,1989.2,237.7,12178.1357
10260,10320,436.27,1988.0,241.2,11899.2314
10320,10380,437.35,1986.9,225.2,11858.6582
10380,10440,437.71,1986.4,222.1,11844.1699
10440,10500,440.62,1985.0,212.4,11854.5068
10500,10560,435.51,1981.9,205.3,11584.3047
10560,10620,438.35,1982.7,210.2,11702.6924
10620,10680,438.17,1981.1,208.3,11677.2451
10680,10740,436.20,1979.6,206.8,11576.1367
10740,10800,436.68,1979.5,205.7,11539.9785
10800,10860,438.28,1978.8,217.3,11596.4395
10860,10920,438.35,1978.8,218.9,11549.6787
10920,10980,436.85,1978.8,206.7,11512.6182
10980,11040,437.94,1980.8,212.8,11508.2920
11040,11100,441.09,1981.6,208.8,11674.5869
11100,11160,437.42,1979.6,296.0,11496.0244
11160,11220,436.28,1978.4,235.2,11491.0010
11220,11280,435.18,1976.4,200.3,11422.9668
11280,11340,435.86,1976.5,202.4,11424.7754
11340,11400,434.70,1975.0,203.4,11365.3398
11400,11460,435.56,1974.5,202.9,11423.4609
11460,11520,436.13,1974.4,199.7,11433.1299
11520,11580,435.38,1973.8,213.2,11312.2432
11580,11640,435.65,1973.8,212.3,11314.5576
11640,11700,437.12,1973.7,205.7,11321.3906
11700,11760,437.66,1973.1,199.6,11321.5303
11760,11820,436.84,1973.0,196.8,11224.3008
11820,11880,434.52,1973.2,196.0,11041.6934
11880,11940,434.43,1973.1,198.1,10999.2871
11940,12000,433.84,1972.4,214.7,10911.1025
12000,12060,433.90,1972.1,207.5,10897.8535
12060,12120,433.52,1971.9,203.1,10833.7266
12120,12180,434.65,1972.1,200.4,10923.4609
12180,12240,434.24,1971.6,192.2,10838.2080
12240,12300,434.54,1971.7,189.6,10842.7686
12300,12360,434.80,1971.1,193.0,10812.1123
12360,12420,435.52,1971.3,194.9,10837.7188
12420,12480,435.08,1970.9,191.6,10841.6104
12480,12540,434.64,1971.3,190.6,10772.2783
12540,12600,434.69,1971.2,188.8,10774.6914
12600,12660,436.04,1971.5,189.9,10811.5332
12660,12720,437.03,1971.8,196.2,10861.9141
12720,12780,437.15,1971.3,208.7,10749.0430
12780,12840,435.30,1970.6,202.8,10655.5391
12840,12900,435.45,1970.9,198.6,10660.7764
12900,12960,433.95,1969.3,192.6,10561.8711
12960,13020,435.54,1969.6,192.3,11026.3359
13020,13080,435.09,1969.8,192.0,10997.5879
13080,13140,434.98,1969.8,193.3,10753.6738
13140,13200,435.95,1969.9,199.2,10903.9072
13200,13260,436.57,1969.7,200.1,10763.8115
13260,13320,436.95,1970.7,200.1,10861.9688
13320,13380,435.54,1969.5,198.6,10514.8281
13380,13440,436.61,1969.7,198.2,10515.2520
13440,13500,435.15,1969.4,195.1,10463.2559
13500,13560,435.33,1969.3,200.5,10465.0918
13560,13620,436.29,1971.5,202.4,10542.2363
13620,13680,437.69,1975.3,201.6,10601.2324
13680,13740,440.19,1984.7,204.7,10834.4746
13740,13800,440.65,1981.9,204.9,10864.8115
13800,13860,437.95,1977.5,202.7,10644.5527
13860,13920,438.24,1977.1,207.4,10602.2881
13920,13980,435.89,1972.8,203.1,10405.6240
13980,14040,437.50,1975.8,206.4,10583.3564
14040,14100,439.06,1979.3,210.1,10675.7227
14100,14160,437.11,1975.7,202.6,10485.4004
14160,14220,440.74,1983.2,211.1,10770.0146
14220,14280,440.78,1981.7,212.2,10719.9893
14280,14340,441.95,1985.7,213.3,10827.9824
14340,14400,443.96,1986.4,213.6,10889.5791
14400,14460,441.07,1983.3,214.9,10765.4414
14460,14520,436.50,1972.6,207.6,10304.0254
14520,14580,436.58,1972.4,208.3,10285.7080
14580,14640,439.86,1978.6,213.3,10599.6250
14640,14700,438.53,1975.7,212.7,10416.9893
14700,14760,439.62,1976.6,215.3,10637.0732
14760,14820,442.72,1978.1,214.5,10746.9141
14820,14880,445.16,1978.5,211.1,10587.0078
14880,14940,442.99,1977.2,211.7,10495.5146
14940,15000,442.19,1976.8,213.8,10418.9229
15000,15060,442.88,1978.3,213.7,10463.0508
15060,15120,445.07,1980.4,213.8,10570.9365
15120,15180,445.64,1983.3,212.5,10827.9629
15180,15240,438.07,1973.4,206.6,10220.1689
15240,15300,439.26,1974.1,209.6,10246.0186
15300,15360,439.82,1975.3,207.7,10360.3945
15360,15420,440.17,1976.7,208.8,10323.1973
15420,15480,439.02,1974.9,206.8,10225.4102
15480,15540,441.16,1977.1,210.1,10306.1084
15540,15600,441.84,1977.6,212.9,10335.7715
15600,15660,440.98,1976.8,209.8,10239.7910
15660,15720,440.11,1975.0,208.2,10167.5576
15720,15780,442.57,1976.2,208.5,10576.7285
15780,15840,437.83,1970.5,204.8,10030.0859
15840,15900,439.90,1972.0,215.7,10164.9727
15900,15960,441.74,1973.4,225.4,10331.8301
15960,16020,437.09,1970.3,207.3,9981.9072
16020,16080,438.91,1969.7,205.2,10320.7188
16080,16140,440.00,1971.8,209.2,10374.7412
16140,16200,442.40,1973.1,207.8,10657.9629
16200,16260,439.89,1969.9,203.3,10326.3047
16260,16320,438.74,1968.9,202.0,10236.5625
16320,16380,439.02,1968.8,237.2,10028.3359
16380,16440,437.50,1969.9,205.6,10081.3516
16440,16500,436.92,1970.3,200.2,10037.6182
16500,16560,437.83,1971.1,203.7,10051.8223
16560,16620,435.52,1970.5,192.1,9932.2031
16620,16680,434.70,1968.6,189.2,9926.3174
16680,16740,434.37,1969.4,188.2,9846.9189
16740,16800,434.54,1970.8,190.6,9842.8945
16800,16860,435.57,1972.2,195.1,9897.3623
16860,16920,435.66,1970.7,191.9,9862.2734
16920,16980,436.95,1969.7,199.8,9937.9795
16980,17040,436.15,1969.8,193.8,9945.9004
17040,17100,438.66,1973.4,196.8,10162.1309
17100,17160,434.13,1968.4,188.1,9857.1885
17160,17220,439.37,1970.2,239.3,9897.4043
17220,17280,434.37,1966.7,191.5,9720.1201
17280,17340,435.25,1968.6,221.4,9857.3223
17340,17400,437.75,1971.7,261.9,9845.0215
17400,17460,438.19,1971.6,251.2,9904.0146
17460,17520,434.61,1966.7,193.0,9763.1602
17520,17580,436.14,1971.7,208.3,9800.9756
17580,17640,437.11,1973.8,220.3,9855.5869
17640,17700,437.20,1973.5,209.7,9869.7559
17700,17760,437.03,1972.4,211.6,9844.9336
17760,17820,437.86,1973.1,234.9,9856.0557
17820,17880,436.93,1969.5,215.3,9820.7246
17880,17940,442.95,1970.8,294.6,10000.8965
17940,18000,436.88,1967.2,203.9,9791.6592
18000,18060,437.46,1967.2,202.9,9867.6035
18060,18120,437.41,1966.2,195.2,10328.4238
18120,18180,436.35,1965.5,192.7,10080.0068
18180,18240,435.66,1966.1,196.2,9917.1729
18240,18300,436.66,1966.4,196.8,9804.9990
18300,18360,435.20,1964.8,189.2,9837.1260
18360,18420,437.05,1966.3,200.1,9952.5439
18420,18480,433.90,1964.5,185.2,9656.2969
18480,18540,433.78,1964.8,186.2,9722.7656
18540,18600,436.50,1966.0,193.0,9810.3154
18600,18660,435.95,1965.3,187.6,10039.0361
18660,18720,436.57,1965.9,187.2,9930.2979
18720,18780,436.15,1968.6,192.4,9726.5313
18780,18840,436.86,1971.5,191.9,9790.0059
18840,18900,438.45,1975.5,191.9,9842.1660
18900,18960,436.12,1968.9,187.3,9982.5762
18960,19020,437.97,1969.7,188.5,9994.4570
19020,19080,438.05,1970.5,209.5,9970.2793
19080,19140,437.38,1969.6,211.1,9831.1895
19140,19200,436.60,1968.8,199.4,9820.9395
19200,19260,437.64,1969.4,204.9,10018.0029
19260,19320,437.17,1970.0,193.7,9805.3721
19320,19380,436.89,1969.7,194.4,9825.0488
19380,19440,437.63,1969.6,188.2,9836.2861
19440,19500,437.22,1969.7,189.6,10052.5596
19500,19560,436.99,1969.5,190.6,9780.7529
19560,19620,437.27,1969.3,190.2,10014.2793
19620,19680,437.49,1968.9,187.4,9966.1162
19680,19740,436.37,1967.4,192.6,9754.6611
19740,19800,438.03,1967.1,204.8,9808.9004
19800,19860,436.15,1966.8,193.0,9771.0576
19860,19920,437.70,1970.0,332.5,9802.1318
19920,19980,438.16,1971.6,210.0,9897.7471
19980,20040,440.59,1971.0,218.2,9992.3789
20040,20100,439.50,1968.0,203.6,10032.2266
20100,20160,437.51,1967.7,188.3,9937.7695
20160,20220,436.82,1967.1,188.9,9819.1543
20220,20280,436.36,1967.8,186.9,9759.7852
20280,20340,437.88,1968.6,199.6,10011.4619
20340,20400,436.93,1967.6,215.2,9771.4170
20400,20460,438.58,1969.3,211.4,9850.1826
20460,20520,438.64,1971.0,204.8,10034.8271
20520,20580,442.98,1973.7,220.1,9962.1055
20580,20640,439.08,1973.8,208.3,9940.5752
20640,20700,438.45,1974.6,211.7,9690.5967
20700,20760,438.86,1976.2,210.7,9761.0908
20760,20820,439.17,1975.7,208.8,9976.9131
20820,20880,440.38,1979.6,215.9,9875.4434
20880,20940,439.92,1978.1,209.9,9817.5645
20940,21000,439.56,1978.0,208.4,9711.1006
21000,21060,441.07,1981.1,218.8,9820.7324
21060,21120,443.09,1984.6,229.5,9929.9160
21120,21180,442.66,1983.7,227.2,9900.4463
21180,21240,442.47,1981.6,222.8,9905.4834
21240,21300,445.05,1987.1,236.4,10055.4326
21300,21360,444.24,1985.0,228.1,10136.8945
21360,21420,441.42,1976.7,212.8,9807.5449
21420,21480,443.22,1977.5,232.1,9930.9951
21480,21540,438.42,1970.5,197.8,9635.7002
21540,21600,436.96,1970.0,188.6,9534.1230
21600,21660,437.49,1970.6,191.0,9597.1943
21660,21720,438.14,1969.7,187.2,9694.3486
21720,21780,436.68,1968.3,193.2,9628.9756
21780,21840,437.72,1970.1,199.9,9627.3623
21840,21900,437.91,1971.6,208.8,9547.6719
21900,21960,439.32,1973.0,249.2,9600.0869
21960,22020,439.46,1973.5,222.1,9616.5586
22020,22080,439.98,1975.2,220.3,9650.7813
22080,22140,438.62,1973.1,205.0,9444.4072
22140,22200,439.46,1973.8,207.4,9464.8066
22200,22260,440.16,1974.1,205.7,9522.4961
22260,22320,440.45,1973.3,205.7,9484.9775
22320,22380,442.57,1974.8,208.0,9598.8262
22380,22440,444.22,1977.8,213.7,9814.4629
22440,22500,443.31,1976.8,206.0,9576.6309
22500,22560,443.75,1978.1,211.6,9622.2725
22560,22620,444.74,1978.1,212.6,9733.2051
22620,22680,446.02,1978.4,223.9,9791.0029
22680,22740,448.23,1981.6,227.0,10008.8369
22740,22800,451.09,1989.5,230.3,10299.9502
22800,22860,452.05,1991.2,231.0,10417.7764
22860,22920,453.32,1995.0,238.2,10497.0459
