CampaignData_and_Merges/R0/CSL_MobileLab_Parked/raw/20240729/USOS-NOy-LIF_MobileLabGround_20240729_R0.ict
39,1001
Rollins, A.; Waxman, E.; Zuraski, K.; Chace, W.
NOAA Chemical Sciences Laboratory
LIF NO/NOx/NOy on CSL Mobile Lab
AMMBEC / USOS
1, 1
2024,07,29, 2025,01,04
1
Time_Start, seconds, number_of_seconds_since_0000_UTC
7
1, 1, 1, 1, 1, 1, 1
-9999, -9999, -9999, -9999, -9999, -9999, -9999
Time_Stop, seconds, number_of_seconds_since_0000_UTC
NO_LIF, pptv, Gas_NO_InSitu_S_AVMR, volume mixing ratio of nitric oxide in air
NO2_LIF, pptv, Gas_NO2_InSitu_S_AVMR, volume mixing ratio of nitrogen dioxide in air
NOy_LIF, pptv, Gas_NOy_InSitu_S_AVMR, volume mixing ratio of total oxidized nitrogen in air
NO_LIF_1SigmaAccuracy, pptv, Gas_NO_InSitu_S_AVMR, volume mixing ratio of nitric oxide in air
NO2_LIF_1SigmaAccuracy, pptv, Gas_NO2_InSitu_S_AVMR, volume mixing ratio of nitrogen dioxide in air
NOy_LIF_1SigmaAccuracy, pptv, Gas_NOy_InSitu_S_AVMR, volume mixing ratio of total oxidized nitrogen in air
0
18
PI_CONTACT_INFO: andrew.rollins@noaa.gov
PLATFORM: CSL Mobile Lab
LOCATION: Salt Lake City, UT
ASSOCIATED_DATA:
INSTRUMENT_INFO: NO detection by laser induced fluorescence. NO2 detection by photolytic conversion to NO. NOy detection by catalytic conversion to NO on gold surface
DATA_INFO:
UNCERTAINTY: Included 1 Sigma Accuracy waves represent the combined calibration uncertainties (±6%, ±9%, ±10%) and zero uncertainties (3 ppt, 20 ppt, 100 ppt) for NO, NO2, and NOy, respectively.
ULOD_FLAG: -7777
ULOD_VALUE: N/A
LLOD_FLAG: -8888
LLOD_VALUE: N/A
DM_CONTACT_INFO: andrew.rollins@noaa.gov
PROJECT_INFO: USOS Project, July - August 2024
STIPULATIONS_ON_USE: Users are strongly encouraged to contact the PI for proper data usage.
OTHER_COMMENTS:
REVISION: R0
R0: final data
Time_Start, Time_Stop, NO_LIF, NO2_LIF, NOy_LIF, NO_LIF_1SigmaAccuracy, NO2_LIF_1SigmaAccuracy, NOy_LIF_1SigmaAccuracy
[from data line 263]
   15780,   15840,20.27,2746.2,4195.9,4.2162, 267.16, 519.59
   15840,   15900,15.34,2498,4203.1,3.9204, 244.82, 520.31
   15900,   15960,122.4,5165.8,5144.6,10.344, 484.92, 614.46
   15960,   16020,33.183,4057.5,5384.9,4.991, 385.17, 638.49
   16020,   16080,10.037,2435.1,3829.8,3.6022, 239.15, 482.98
   16080,   16140,74.524,2293,3563.7,7.4714, 226.37, 456.37
   16140,   16200,123.33,3493.5,3847,10.4, 334.41, 484.7
   16200,   16260,42.997,3151,4181.3,5.5798, 303.59, 518.13
   16260,   16320,40.721,2214.7,3668.6,5.4433, 219.32, 466.86
   16320,   16380,60.582,2223,3504.8,6.6349, 220.07, 450.48
   16380,   16440,232.6,3484.2,4743.4,16.956, 333.58, 574.34
   16440,   16500,28.601,2501.9,3811,4.716, 245.17, 481.1
   16500,   16560,13.573,2368.5,3426,3.8144, 233.17, 442.6
   16560,   16620,13.874,2424.4,3578.2,3.8324, 238.2, 457.82
   16620,   16680,10.117,1548.5,2672.9,3.607, 159.36, 367.29
   16680,   16740,6.7831,1261.2,2388.9,3.407, 133.51, 338.89
   16740,   16800,7.9729,1340.5,2280.7,3.4784, 140.65, 328.07
   16800,   16860,12.99,1435.2,2406.2,3.7794, 149.17, 340.62
   16860,   16920,16.366,1655.9,2595.4,3.9819, 169.03, 359.54
   16920,   16980,91.271,1684.7,2644,8.4763, 171.62, 364.4
   16980,   17040,81.007,2047.9,3508.9,7.8604, 204.31, 450.89
   17040,   17100,53.147,1921.5,3089.9,6.1888, 192.93, 408.99
   17100,   17160,103.19,1985.9,3116.1,9.1912, 198.73, 411.61
   17160,   17220,421.73,2714.5,2926.9,28.304, 264.3, 392.69
   17220,   17280,1493.5,7182.1,10693,92.609, 666.39, 1169.3
   17280,   17340,13.581,1239.5,3170.7,3.8149, 131.55, 417.07
   17340,   17400,214.74,2246.7,3300.9,15.884, 222.21, 430.09
   17400,   17460,726.67,4568.9,5751.5,46.6, 431.2, 675.15
   17460,   17520,1470.8,6030.8,11960,91.245, 562.77, 1296
   17520,   17580,191.52,2716,3448.4,14.491, 264.44, 444.84
   17580,   17640,28.936,2536.7,3787,4.7362, 248.3, 478.7
   17640,   17700,93.646,3825.4,5960.9,8.6188, 364.29, 696.09
   17700,   17760,12.906,2202.4,3881.2,3.7744, 218.21, 488.12
   17760,   17820,12.725,2200.3,3206.5,3.7635, 218.03, 420.65
   17820,   17880,10.631,2137.1,3218,3.6379, 212.34, 421.8
   17880,   17940,5600.8,7769.9,5154.8,339.05, 719.29, 615.48
   17940,   18000,2133.3,5414.1,16871,131, 507.27, 1787.1
   18000,   18060,80.038,1920.5,4861.6,7.8023, 192.84, 586.16
   18060,   18120,49.372,2227.1,4554.4,5.9623, 220.43, 555.44
   18120,   18180,64.992,1722.6,2448.2,6.8995, 175.03, 344.82
   18180,   18240,33.537,1307.8,2188.4,5.0122, 137.7, 318.84
   18240,   18300,9.429,1418.6,2257.5,3.5657, 147.67, 325.75
   18300,   18360,12.508,1266.3,2415.2,3.7505, 133.97, 341.52
   18360,   18420,14.094,1236.9,2084.7,3.8456, 131.32, 308.47
   18420,   18480,213.76,1981.3,2996.2,15.826, 198.32, 399.62
   18480,   18540,6.4529,918.02,1910.4,3.3872, 102.62, 291.04
   18540,   18600,10.07,1029.2,1854.7,3.6042, 112.63, 285.47
   18600,   18660,31.901,1895.1,2502.1,4.9141, 190.56, 350.21
   18660,   18720,26.889,1304.8,2381.7,4.6134, 137.43, 338.17
   18720,   18780,22.784,1250.7,2155.9,4.367, 132.56, 315.59
   18780,   18840,152.87,2762.7,3079.1,12.172, 268.65, 407.91
   18840,   18900,22.194,1957.6,4006.9,4.3316, 196.18, 500.69
   18900,   18960,38.704,1730.3,3487,5.3222, 175.72, 448.7
   18960,   19020,14.432,1382,2723.5,3.8659, 144.38, 372.35
   19020,   19080,19.886,1378.7,2355.5,4.1932, 144.08, 335.55
   19080,   19140,1165.2,4953.6,4882.9,72.915, 465.83, 588.29
   19140,   19200,559.35,5746.4,8054.8,36.561, 537.18, 905.48
   19200,   19260,61.626,2277.4,5450.9,6.6975, 224.97, 645.09
   19260,   19320,23.803,2149.9,3548.3,4.4282, 213.49, 454.83
   19320,   19380,18.202,1756.6,3209.5,4.0921, 178.09, 420.95
   19380,   19440,14.232,1581.6,2875.8,3.8539, 162.34, 387.58
   19440,   19500,12.181,1444.2,2593.6,3.7309, 149.98, 359.36
   19500,   19560,27.91,1488.1,2395.2,4.6746, 153.92, 339.52
   19560,   19620,49.098,1931.3,2797.9,5.9459, 193.82, 379.79
   19620,   19680,29.7,1831.8,2850.5,4.782, 184.87, 385.05
   19680,   19740,14.605,1530.7,2685.6,3.8763, 157.77, 368.56
   19740,   19800,709,3614.8,3364.6,45.54, 345.33, 436.46
   19800,   19860,292.28,3268.1,6645.1,20.537, 314.12, 764.51
   19860,   19920,189.64,2079.7,3273.4,14.378, 207.18, 427.34
   19920,   19980,247.93,2926.5,5485,17.876, 283.39, 648.5
   19980,   20040,88.448,2087,4017.3,8.3069, 207.83, 501.73
   20040,   20100,1977.3,7779.1,7673.3,121.64, 720.12, 867.33
   20100,   20160,104.27,1922.5,4981.2,9.256, 193.03, 598.12
   20160,   20220,26.509,1329.2,2647.2,4.5905, 139.63, 364.72
   20220,   20280,27.619,1227.5,2243.4,4.6572, 130.48, 324.34
   20280,   20340,20.326,1131.1,2056.2,4.2196, 121.8, 305.62
   20340,   20400,461.57,2129.7,2433,30.694, 211.68, 343.3
   20400,   20460,608.1,4011.9,6008.4,39.486, 381.07, 700.84
   20460,   20520,237.75,2942.6,4300.7,17.265, 284.83, 530.07
   20520,   20580,455.12,3142.7,3502.3,30.307, 302.85, 450.23
   20580,   20640,356.18,5215.2,5579.7,24.371, 489.37, 657.97
   20640,   20700,45.359,2651.8,4124.7,5.7216, 258.67, 512.47
   20700,   20760,10.276,2583,3953.5,3.6165, 252.47, 495.35
   20760,   20820,14.811,2091.9,3313.4,3.8887, 208.27, 431.34
   20820,   20880,21.275,2149.6,3209.4,4.2765, 213.46, 420.94
   20880,   20940,8.6439,2758.6,4043.9,3.5186, 268.28, 504.39
   20940,   21000,8.6642,2178.9,3428.8,3.5199, 216.1, 442.88
   21000,   21060,7.6731,2500.9,3762.7,3.4604, 245.08, 476.27
   21060,   21120,27.007,3444.1,4671.5,4.6204, 329.97, 567.15
   21120,   21180,16.238,4036.2,5358.3,3.9743, 383.26, 635.83
   21180,   21240,9.2896,3429,4679.2,3.5574, 328.61, 567.92
   21240,   21300,9.7525,3427.8,4379.5,3.5851, 328.5, 537.95
   21300,   21360,9.6649,4234.2,5734.7,3.5799, 401.07, 673.47
   21360,   21420,10.111,3662.5,5135,3.6066, 349.63, 613.5
   21420,   21480,30.697,2392.4,3760.7,4.8418, 235.31, 476.07
   21480,   21540,139.75,3695.7,5895.4,11.385, 352.61, 689.54
   21540,   21600,18.241,1630.1,2798.1,4.0945, 166.71, 379.81
   21600,   21660,18.434,1232.2,2195.1,4.106, 130.9, 319.51
   21660,   21720,20.427,1633.6,2968.5,4.2256, 167.02, 396.85
   21720,   21780,33.055,1194.2,2338.8,4.9833, 127.48, 333.88
   21780,   21840,47.558,1409.5,2620.6,5.8535, 146.85, 362.06
   21840,   21900,41.34,1745.8,3080,5.4804, 177.13, 408
   21900,   21960,170.4,3039.2,4169.1,13.224, 293.53, 516.91
   21960,   22020,430.11,6104.5,11075,28.806, 569.41, 1207.5
   22020,   22080,195.4,5937,11210,14.724, 554.33, 1221
   22080,   22140,26.701,2901.2,4552,4.6021, 281.11, 555.2
   22140,   22200,204.31,4715.2,5442,15.259, 444.37, 644.2
   22200,   22260,35.682,3991.7,5582.4,5.1409, 379.26, 658.24
   22260,   22320,10.524,3790.9,5592,3.6314, 361.18, 659.2
   22320,   22380,9.0695,3441.9,5453.1,3.5442, 329.77, 645.31
   22380,   22440,7.1915,3018.4,4977.3,3.4315, 291.65, 597.73
   22440,   22500,-9999,-9999,-9999,-9999, -9999, -9999
   22500,   22560,-9999,-9999,-9999,-9999, -9999, -9999
   22560,   22620,-9999,-9999,-9999,-9999, -9999, -9999
   22620,   22680,-9999,-9999,-9999,-9999, -9999, -9999
   22680,   22740,-9999,-9999,-9999,-9999, -9999, -9999
   22740,   22800,-9999,-9999,-9999,-9999, -9999, -9999
   22800,   22860,-9999,-9999,-9999,-9999, -9999, -9999
   22860,   22920,9.3516,4847.7,6034.5,3.5611, 456.29, 703.45
   22920,   22980,6.9612,5658.2,6548.3,3.4177, 529.24, 754.83
   22980,   23040,9.381,5976.7,6653,3.5629, 557.9, 765.3
   23040,   23100,11.266,6176.6,6988.7,3.676, 575.89, 798.87
   23100,   23160,11.647,6448.8,7479.3,3.6988, 600.39, 847.93
   23160,   23220,134.29,7357.6,8245.2,11.057, 682.18, 924.52
   23220,   23280,50.636,7569.9,9460.3,6.0381, 701.29, 1046
   23280,   23340,25.659,7331.1,8872.3,4.5396, 679.8, 987.23
   23340,   23400,78.53,7400.1,8876.6,7.7118, 686.01, 987.66
   23400,   23460,21.719,6914.4,8645.1,4.3031, 642.3, 964.51
   23460,   23520,13.154,6927.5,8414.6,3.7892, 643.48, 941.46
   23520,   23580,11.411,7155.2,8665.7,3.6846, 663.97, 966.57
   23580,   23640,17.098,7179.8,8894.6,4.0259, 666.18, 989.46
   23640,   23700,13.765,6884.8,8735.4,3.8259, 639.63, 973.54
   23700,   23760,9.645,6642,8290.3,3.5787, 617.78, 929.03
   23760,   23820,15.021,6724.6,8235.5,3.9013, 625.22, 923.55
   23820,   23880,15.806,6600.6,8215.9,3.9484, 614.05, 921.59
   23880,   23940,20.148,6339,8048.4,4.2089, 590.51, 904.84
   23940,   24000,28.256,6437.8,7943.2,4.6954, 599.4, 894.32
   24000,   24060,15.858,5975.6,7815.8,3.9515, 557.8, 881.58
   24060,   24120,11.739,5618.7,7532.5,3.7044, 525.68, 853.25
   24120,   24180,21.845,5904.3,7403.8,4.3107, 551.39, 840.38
   24180,   24240,12.053,5716.2,7284.4,3.7232, 534.46, 828.44
   24240,   24300,10.441,5701.4,7323,3.6264, 533.12, 832.3
   24300,   24360,32.183,5927.6,7401.1,4.931, 553.49, 840.11
   24360,   24420,21.418,5853.8,7540,4.2851, 546.84, 854
   24420,   24480,11.791,5628,7184.3,3.7075, 526.52, 818.43
   24480,   24540,13.018,5870,7399,3.7811, 548.3, 839.9
   24540,   24600,15.618,5959.7,7402.7,3.9371, 556.38, 840.27
   24600,   24660,11.592,5976.7,7414.1,3.6955, 557.9, 841.41
   24660,   24720,10.82,5883.9,7408.7,3.6492, 549.56, 840.87
   24720,   24780,7.6988,5646.2,7299.9,3.4619, 528.16, 829.99
   24780,   24840,7.7557,5681.7,7291.9,3.4653, 531.35, 829.19
   24840,   24900,7.4808,5662.1,7499,3.4488, 529.59, 849.9
   24900,   24960,7.272,5836,7751.5,3.4363, 545.24, 875.15
   24960,   25020,10.28,6300.6,7726.8,3.6168, 587.05, 872.68
   25020,   25080,8.6486,6367.8,7641.6,3.5189, 593.1, 864.16
   25080,   25140,8.3932,6040.6,7550.5,3.5036, 563.65, 855.05
   25140,   25200,10.177,6066.3,7518.7,3.6106, 565.97, 851.87
   25200,   25260,18.706,6243.2,7719.2,4.1223, 581.89, 871.92
   25260,   25320,11.94,6053.7,7479.7,3.7164, 564.84, 847.97
   25320,   25380,9.2741,6119.1,7680.8,3.5564, 570.72, 868.08
   25380,   25440,13.269,5530,7451.9,3.7961, 517.7, 845.19
   25440,   25500,10.007,5706,7340.9,3.6004, 533.54, 834.09
   25500,   25560,7.4089,5907.3,7375.5,3.4445, 551.66, 837.55
   25560,   25620,19.269,6481.5,7617.2,4.1561, 603.34, 861.72
   25620,   25680,34.264,7569.5,7608.1,5.0558, 701.25, 860.81
   25680,   25740,35.505,7593.2,9153.1,5.1303, 703.39, 1015.3
   25740,   25800,16.107,8607.5,8987.8,3.9664, 794.68, 998.78
   25800,   25860,13.35,7456.6,9523.4,3.801, 691.09, 1052.3
   25860,   25920,12.045,5934.7,7853.8,3.7227, 554.12, 885.38
   25920,   25980,7.671,5933.6,7833.6,3.4603, 554.03, 883.36
   25980,   26040,13.977,6248.9,7704.4,3.8386, 582.4, 870.44
   26040,   26100,297.29,9798.7,9226.5,20.837, 901.88, 1022.7
   26100,   26160,95.132,8979.7,10442,8.7079, 828.17, 1144.2
   26160,   26220,14.14,7328.3,9596.3,3.8484, 679.54, 1059.6
   26220,   26280,12.175,6827.5,9245.7,3.7305, 634.48, 1024.6
   26280,   26340,14.588,6763.2,8683.2,3.8753, 628.69, 968.32
   26340,   26400,8.0489,6358.9,8010.6,3.4829, 592.3, 901.06
   26400,   26460,7.8441,6114.3,8001.4,3.4706, 570.29, 900.14
   26460,   26520,14.232,5838.1,7862.4,3.8539, 545.43, 886.24
   26520,   26580,16.667,6059.6,7741.5,4, 565.36, 874.15
   26580,   26640,13.381,6827.4,8507.6,3.8029, 634.47, 950.76
   26640,   26700,25.856,7041.9,8869.5,4.5513, 653.77, 986.95
   26700,   26760,28.843,7095.5,8748.7,4.7306, 658.6, 974.87
   26760,   26820,24.237,6659.7,8383.9,4.4542, 619.37, 938.39
   26820,   26880,34.749,7039,8681.1,5.085, 653.51, 968.11
   26880,   26940,13.513,6676.6,8483.1,3.8108, 620.89, 948.31
   26940,   27000,15.171,6578,8461.9,3.9103, 612.02, 946.19
   27000,   27060,8.7135,5788.7,8354.6,3.5228, 540.99, 935.46
   27060,   27120,14.179,6537.2,8409.2,3.8507, 608.34, 940.92
   27120,   27180,25.541,6700.9,8367.2,4.5324, 623.09, 936.72
   27180,   27240,15.915,6970.3,8573.2,3.9549, 647.32, 957.32
   27240,   27300,16.887,7114.1,8732.2,4.0132, 660.27, 973.22
   27300,   27360,16.702,7002.3,8651.9,4.0021, 650.21, 965.19
   27360,   27420,19.814,6989.1,8747.5,4.1888, 649.02, 974.75
   27420,   27480,16.463,7105.4,8744.7,3.9878, 659.49, 974.47
   27480,   27540,7.5296,7191.3,8848.9,3.4518, 667.22, 984.89
   27540,   27600,37.293,7049.1,8897.8,5.2376, 654.41, 989.78
   27600,   27660,41.672,7065.3,8818.9,5.5003, 655.88, 981.89
   27660,   27720,37.549,7185.6,8732.8,5.253, 666.7, 973.28
   27720,   27780,121.65,9695.9,9434.4,10.299, 892.63, 1043.4
   27780,   27840,33.288,8584.6,10472,4.9973, 792.61, 1147.2
   27840,   27900,32.916,8129.4,10073,4.975, 751.65, 1107.3
   27900,   27960,18.6,7079,9436.5,4.116, 657.11, 1043.7
   27960,   28020,16.919,6822.4,8975.5,4.0151, 634.01, 997.55
   28020,   28080,13.862,6589,8632,3.8317, 613.01, 963.2
   28080,   28140,14.591,7020.5,8651,3.8755, 651.84, 965.1
   28140,   28200,17.047,7508.8,8925.6,4.0228, 695.79, 992.56
   28200,   28260,394.15,10602,9854.9,26.649, 974.16, 1085.5
   28260,   28320,198.42,9855.4,12384,14.905, 906.99, 1338.4
   28320,   28380,186.76,8541.6,10483,14.206, 788.74, 1148.3
   28380,   28440,79.829,7090.7,9387.7,7.7898, 658.16, 1038.8
   28440,   28500,66.671,8130.1,9304.1,7.0003, 751.71, 1030.4
   28500,   28560,30.069,7290.3,8912.2,4.8041, 676.13, 991.22
   28560,   28620,79.881,10202,9966.2,7.7928, 938.2, 1096.6
   28620,   28680,45.716,9790.5,11091,5.7429, 901.15, 1209.1
   28680,   28740,78.531,12250,13037,7.7118, 1122.5, 1403.7
   28740,   28800,78.363,11118,12734,7.7018, 1020.6, 1373.4
   28800,   28860,3009.2,11403,16888,183.55, 1046.3, 1788.8
   28860,   28920,33.727,8274.6,9729.2,5.0236, 764.71, 1072.9
   28920,   28980,14.99,7441.3,9246.9,3.8994, 689.72, 1024.7
   28980,   29040,1528.4,10224,15660,94.704, 940.15, 1666
   29040,   29100,40.259,7556.5,9960.1,5.4155, 700.09, 1096
   29100,   29160,9.7816,5247.6,9558,3.5869, 492.29, 1055.8
   29160,   29220,14.432,6305.3,9237.7,3.8659, 587.48, 1023.8
   29220,   29280,16.275,5646.7,8419.9,3.9765, 528.21, 941.99
   29280,   29340,11.344,4356.4,8125.7,3.6807, 412.07, 912.57
   29340,   29400,9.5738,3872,6416.6,3.5744, 368.48, 741.66
   29400,   29460,13.295,4061.5,5665.6,3.7977, 385.53, 666.56
   29460,   29520,16.026,3920.7,6422.1,3.9616, 372.86, 742.21
   29520,   29580,21.438,3485.3,5579.2,4.2863, 333.68, 657.92
   29580,   29640,24.586,3947.7,5881.9,4.4751, 375.29, 688.19
   29640,   29700,39.728,2941.1,5405.9,5.3837, 284.7, 640.59
   29700,   29760,15.881,3184.8,4792,3.9529, 306.63, 579.2
   29760,   29820,50.712,3715.9,5238.7,6.0427, 354.43, 623.87
   29820,   29880,29.232,4163.5,5381.7,4.7539, 394.71, 638.17
   29880,   29940,19.874,3337.9,5671.5,4.1924, 320.41, 667.15
   29940,   30000,10.947,2543.2,4722.4,3.6568, 248.89, 572.24
   30000,   30060,7.3841,2398.5,3983.6,3.443, 235.87, 498.36
   30060,   30120,76.966,2479,3726.8,7.618, 243.11, 472.68
   30120,   30180,27.066,2270.3,3774.3,4.624, 224.33, 477.43
   30180,   30240,17.228,1978.6,3260.8,4.0337, 198.07, 426.08
   30240,   30300,13.049,1933.5,3354.7,3.7829, 194.01, 435.47
   30300,   30360,24.384,1931.7,3271.6,4.463, 193.85, 427.16
   30360,   30420,8.5138,1513.1,2862.1,3.5108, 156.18, 386.21
   30420,   30480,-9999,-9999,-9999,-9999, -9999, -9999
   30480,   30540,-9999,-9999,-9999,-9999, -9999, -9999
   30540,   30600,-9999,-9999,-9999,-9999, -9999, -9999
   30600,   30660,-9999,-9999,-9999,-9999, -9999, -9999
   30660,   30720,-9999,-9999,-9999,-9999, -9999, -9999
   30720,   30780,-9999,-9999,-9999,-9999, -9999, -9999
   30780,   30840,-9999,-9999,-9999,-9999, -9999, -9999
   30840,   30900,7.2042,1203.6,2368.1,3.4323, 128.32, 336.81
   30900,   30960,9.7122,1309.3,2800.9,3.5827, 137.83, 380.09
   30960,   31020,10.195,1180.5,2197.4,3.6117, 126.25, 319.74
   31020,   31080,12.209,1367.4,2585.7,3.7326, 143.07, 358.57
   31080,   31140,16.733,1393.4,2784.1,4.004, 145.41, 378.41
   31140,   31200,7.5688,1621.1,2644.6,3.4541, 165.9, 364.46
   31200,   31260,13.147,1680.2,2839.8,3.7888, 171.21, 383.98
   31260,   31320,13.642,1520.2,2740,3.8185, 156.82, 374
   31320,   31380,9.6684,1384,2510.3,3.5801, 144.56, 351.03
   31380,   31440,10.075,1148,2437.1,3.6045, 123.32, 343.71
   31440,   31500,9.0181,1119.3,2224.1,3.5411, 120.74, 322.41
