CampaignData_and_Merges/R0/CSL_MobileLab_Parked/raw/20240729/USOS-POPS_MobileLabGround_20240729_R0.ict
78, 1001
Thornberry, T. D.
NOAA Chemical Sciences Laboratory
Portable Optical Particle Spectrometer (POPS)
USOS
1, 1
2024, 07, 29, 2025, 05, 08
60
Time_Start, seconds_past_midnight, Start time of measurement
45
1, 1, 1, 1, 1, 1, 1, 1, 1, 1, 1, 1, 1, 1, 1, 1, 1, 1, 1, 1, 1, 1, 1, 1, 1, 1, 1, 1, 1, 1, 1, 1, 1, 1, 1, 1, 1, 1, 1, 1, 1, 1, 1, 1, 1
-9999, -9999, -9999, -9999, -9999, -9999, -9999, -9999, -9999, -9999, -9999, -9999, -9999, -9999, -9999, -9999, -9999, -9999, -9999, -9999, -9999, -9999, -9999, -9999, -9999, -9999, -9999, -9999, -9999, -9999, -9999, -9999, -9999, -9999, -9999, -9999, -9999, -9999, -9999, -9999, -9999, -9999, -9999, -9999, -9999
Time_Stop, seconds_past_midnight, Stop time of measurement
Time_Mid, seconds_past_midnight, Mid time of measurement
Press_mb, mb, Pressure reported (mb)
Temp_C, degrees C, POPS temperature measurement
Aerosol_concentration, cm^-3, Aerosol concentration
Surface_Area_Conc, um^2 cm^-3, Surface area concentration
Volume_density, um^3 cm^-3, Volume density
Effective_radius, um, Effective radius
Extinction, km^-1, Extinction
Bin01, cm^-3, particle concentration in size range [1401 - 146.3 nm]
Bin02, cm^-3, particle concentration in size range [146.3 - 152.8 nm]
Bin03, cm^-3, particle concentration in size range [152.8 - 159.6 nm]
Bin04, cm^-3, particle concentration in size range [159.6 - 166.8 nm]
Bin05, cm^-3, particle concentration in size range [166.8 - 174.2 nm]
Bin06, cm^-3, particle concentration in size range [174.2 - 181.9 nm]
Bin07, cm^-3, particle concentration in size range [181.9 - 190.0 nm]
Bin08, cm^-3, particle concentration in size range [190.0 - 198.5 nm]
Bin09, cm^-3, particle concentration in size range [198.5 - 207.4 nm]
Bin10, cm^-3, particle concentration in size range [207.4 - 216.6 nm]
Bin11, cm^-3, particle concentration in size range [216.6 - 226.2 nm]
Bin12, cm^-3, particle concentration in size range [226.2 - 236.3 nm]
Bin13, cm^-3, particle concentration in size range [236.3 - 246.8 nm]
Bin14, cm^-3, particle concentration in size range [246.8 - 257.8 nm]
Bin15, cm^-3, particle concentration in size range [257.8 - 269.3 nm]
Bin16, cm^-3, particle concentration in size range [269.3 - 343.4 nm]
Bin17, cm^-3, particle concentration in size range [343.4 - 450.7 nm]
Bin18, cm^-3, particle concentration in size range [450.7 - 525.9 nm]
Bin19, cm^-3, particle concentration in size range [525.9 - 618.5 nm]
Bin20, cm^-3, particle concentration in size range [618.5 - 710.0 nm]
Bin21, cm^-3, particle concentration in size range [710.0 - 822.7 nm]
Bin22, cm^-3, particle concentration in size range [822.7 - 885.9 nm]
Bin23, cm^-3, particle concentration in size range [885.9 - 953.9 nm]
Bin24, cm^-3, particle concentration in size range [953.9 - 1027.2 nm]
Bin25, cm^-3, particle concentration in size range [1027.2 - 1106.1 nm]
Bin26, cm^-3, particle concentration in size range [1106.1 - 1191.0 nm]
Bin27, cm^-3, particle concentration in size range [1191.0 - 1282.5 nm]
Bin28, cm^-3, particle concentration in size range [1282.5 - 1381.0 nm]
Bin29, cm^-3, particle concentration in size range [1381.0 - 1487.1 nm]
Bin30, cm^-3, particle concentration in size range [1487.1 - 1601.3 nm]
Bin31, cm^-3, particle concentration in size range [1601.3 - 1724.3 nm]
[...]
PLATFORM: NOAA CSL Mobile Lab
LOCATION: USOS
ASSOCIATED_DATA: N/A
INSTRUMENT_INFO: Printed Optical Particle Spectrometer counts particles from 140 - 2500 nm in diameter 
DATA_INFO: Particle concentrations reported in number per cubic centimeter,1 Hz data
UNCERTAINTY: Counting uncertainty dominated by air flow, less than 5 percent. Measurement range is ~0 - 3000 per cm3 (varies depending on flow rate- manufacturer quotes 1250 per cm3 at 1.667 cc/s)
ULOD_FLAG: -7777
ULOD_VALUE: N/A
LLOD_FLAG: -8888
LLOD_VALUE: N/A
DM_CONTACT_INFO: Troy Thornberry, 325 Broadway R/CSL6, Boulder, CO 80305; troy.thornberry@noaa.gov; 303-497-3373
PROJECT_INFO: USOS, Utah POPS data from NOAA CSL Mobile Lab
STIPULATIONS_ON_USE: Please contact the PIs for questions regarding applications and uncertainties
OTHER_COMMENTS: POPS bin Edges (nm):  140.1, 146.3, 152.8, 159.6, 166.8, 174.2, 181.9, 190.0, 198.5, 207.4, 216.6, 226.2, 236.3, 246.8, 257.8, 269.3, 343.4, 450.7, 525.9, 618.5, 710.0, 822.7, 885.9, 953.9, 1027.2, 1106.1, 1191.0, 1282.5, 1381.0, 1487.1, 1601.3, 1724.3, 1856.7, 1999.3, 2152.8, 2318.2, 2496.2
Calculations assume organic aerosol refractive index of 1.52+0.00j and extinction wavelength = 532 nm
REVISION: R0
R0: Final data
Time_Start, Time_Stop, Time_Mid, Press_mb, Temp_C, Aerosol_concentration, Surface_Area_Conc, Volume_density, Effective_radius, Extinction, Bin01, Bin02, Bin03, Bin04, Bin05, Bin06, Bin07, Bin08, Bin09, Bin10, Bin11, Bin12, Bin13, Bin14, Bin15, Bin16, Bin17, Bin18, Bin19, Bin20, Bin21, Bin22, Bin23, Bin24, Bin25, Bin26, Bin27, Bin28, Bin29, Bin30, Bin31, Bin32, Bin33, Bin34, Bin35, Bin36
[from data line 354]
21240,21299,21270,867.388,31.064,915.675,178.697,9.712,0.163,0.062,43.412331,44.670467,43.923782,46.500019,46.872364,47.205631,46.945381,46.850132,46.926014,47.252956,48.096291,50.045395,49.937199,48.150204,39.564297,148.977081,46.787514,17.923262,4.412269,0.316383,0.278330,0.119804,0.073927,0.061969,0.050566,0.011689,0.034075,0.022210,0.050475,0.028095,0.039612,0.033749,0.051324,0.010796,0.000000,0.039656
21300,21359,21330,867.381,31.215,915.525,178.556,9.646,0.162,0.061,43.616428,43.909725,43.327820,46.013050,46.798244,47.504089,47.339821,46.913349,46.788643,48.731819,48.246422,50.306744,49.612240,47.305840,39.454983,149.166687,47.203148,17.860392,4.086328,0.461224,0.274088,0.066620,0.084755,0.083363,0.022683,0.044146,0.044292,0.022217,0.027995,0.028219,0.066881,0.033948,0.022479,0.022206,0.011210,0.022591
21360,21419,21390,867.405,31.434,917.491,179.440,9.735,0.162,0.062,44.980377,43.535229,44.922466,45.733700,46.689919,46.122768,46.118088,47.458580,47.879639,47.339314,48.061729,50.686085,51.068577,47.480202,39.594955,148.308289,47.821457,17.994577,4.249282,0.418649,0.361323,0.117747,0.088252,0.056427,0.066604,0.038968,0.062257,0.044266,0.027477,0.016884,0.016874,0.022644,0.034222,0.011399,0.027820,0.033607
21420,21479,21450,867.419,31.462,919.258,179.436,9.886,0.165,0.062,45.209049,44.694717,44.357113,45.581284,47.368237,47.071190,46.623280,47.789875,47.180454,47.460567,48.160854,50.559471,50.634766,47.465908,39.348042,148.913818,48.131908,17.380161,4.011930,0.405997,0.182008,0.113810,0.118948,0.050706,0.083264,0.027970,0.022282,0.028634,0.027839,0.033753,0.073171,0.033838,0.028653,0.017070,0.028355,0.039182
21480,21539,21510,867.437,31.317,930.007,182.103,10.106,0.166,0.063,44.714302,45.492878,45.536022,47.066586,47.277523,47.957943,46.982105,47.777458,48.439251,47.858219,48.682304,50.890182,50.471802,47.437973,40.446163,151.627335,48.217037,17.369061,4.262805,0.390986,0.300854,0.101846,0.102133,0.062199,0.095555,0.051261,0.039378,0.028216,0.034367,0.056136,0.057174,0.039527,0.072699,0.033948,0.022626,0.011499
21540,21599,21570,867.458,31.185,929.038,180.914,9.676,0.160,0.062,46.136932,44.850941,45.951324,46.531872,47.633076,47.815155,45.996529,47.774628,47.490845,47.507984,48.255810,51.375122,50.601978,48.018154,40.214176,151.631912,47.756287,17.880930,4.220283,0.437417,0.227130,0.159397,0.109705,0.071202,0.038920,0.072325,0.045124,0.033825,0.033399,0.054282,0.022537,0.005931,0.022351,0.010634,0.005931,0.044117
21600,21659,21630,867.497,31.038,925.096,179.476,9.536,0.159,0.061,43.226223,43.955173,44.498077,46.209133,47.444065,47.495064,47.875103,48.142014,47.417805,48.208126,49.044003,50.590454,51.702618,47.641865,40.735378,151.406540,46.786503,17.185255,4.180470,0.427688,0.267386,0.140127,0.085111,0.079072,0.056096,0.055924,0.022892,0.038929,0.028024,0.027509,0.028251,0.039876,0.016907,0.016711,0.011039,0.010979
21660,21719,21690,867.495,31.172,922.580,180.555,9.742,0.162,0.062,42.270367,43.541573,44.239685,45.068027,47.129559,46.910931,47.531071,48.784016,47.643425,48.060505,48.333836,49.928413,50.460758,48.871304,41.288940,151.326416,48.000248,17.611338,4.148142,0.427909,0.295767,0.199319,0.071067,0.050004,0.050634,0.039096,0.049838,0.022429,0.027437,0.044820,0.049997,0.032421,0.010667,0.011197,0.032675,0.016502
21720,21779,21750,867.531,31.459,918.235,178.704,9.567,0.160,0.061,42.405533,43.102776,43.348663,45.574512,46.981270,47.871021,46.901722,47.006275,47.791012,47.879131,48.659889,51.621483,50.376713,48.773891,40.430988,150.040100,46.975941,17.160482,3.974631,0.390273,0.310150,0.145679,0.105744,0.044093,0.049779,0.060669,0.033149,0.028277,0.033138,0.010721,0.044176,0.032304,0.027872,0.000000,0.010888,0.032468
21780,21839,21810,867.577,31.628,922.384,179.701,9.476,0.158,0.062,42.650269,43.686512,44.036091,45.220512,46.956547,46.971935,47.444912,46.902035,48.138386,46.900745,49.560257,52.170181,51.455128,48.825695,40.200150,150.764893,47.267952,17.660656,4.193049,0.462473,0.304102,0.104542,0.080667,0.063781,0.063295,0.068330,0.023073,0.034936,0.028551,0.022755,0.046826,0.017281,0.016922,0.023095,0.006028,0.011071
21840,21899,21870,867.593,31.555,914.639,178.773,9.765,0.163,0.061,42.392139,42.552551,44.567875,45.230152,46.883358,47.117992,46.102592,48.305065,47.023746,47.608883,49.003525,50.067772,50.900566,47.696663,39.477371,149.486771,47.310974,17.667646,4.001720,0.348329,0.238098,0.088578,0.071317,0.050162,0.077902,0.044594,0.039396,0.022327,0.039285,0.011286,0.065669,0.043973,0.044353,0.011149,0.028583,0.016974
21900,21959,21930,867.599,31.389,924.246,180.549,9.732,0.162,0.062,41.254772,43.329670,43.404770,45.826370,46.841438,47.785473,48.072784,47.730953,47.391560,48.450035,50.584305,51.006035,51.144051,48.764000,40.691235,151.374283,47.598450,17.327129,4.428705,0.335510,0.253203,0.111784,0.079280,0.101148,0.051492,0.011495,0.017144,0.033838,0.038742,0.061942,0.043909,0.038907,0.005708,0.022809,0.000000,0.032929
21960,22019,21990,867.614,31.202,914.898,179.184,9.811,0.164,0.062,41.986526,43.153904,44.155174,44.540203,47.082764,45.648678,46.738091,47.890163,47.345566,48.316418,48.477573,51.642998,49.602882,47.702721,40.577442,149.640869,47.818573,16.932730,4.217429,0.433428,0.267306,0.121472,0.116229,0.094300,0.050485,0.061690,0.038659,0.038648,0.010589,0.016423,0.022141,0.038501,0.033794,0.028374,0.016432,0.038611
22020,22079,22050,867.627,31.128,918.886,179.803,9.611,0.160,0.062,43.228939,43.503139,43.465038,45.385185,45.852367,46.404732,47.443459,47.702377,47.467075,47.867279,48.742683,50.051105,50.633587,48.139645,40.890427,151.417038,47.216202,17.547251,4.605718,0.418840,0.235028,0.118123,0.068250,0.099368,0.093813,0.044312,0.060916,0.038822,0.011030,0.005556,0.028483,0.011216,0.016692,0.017183,0.027498,0.028025
22080,22139,22110,867.635,31.275,917.015,178.758,9.430,0.158,0.061,41.981052,42.885410,44.029438,45.083611,47.298027,47.458897,46.690708,47.981579,46.668674,47.645039,47.956337,50.994556,51.405094,47.564693,40.258293,150.581909,47.568409,17.424515,4.259737,0.446114,0.259467,0.084236,0.051524,0.073966,0.028219,0.091644,0.033847,0.034995,0.033582,0.034212,0.034147,0.017300,0.011322,0.021907,0.011078,0.011252
22140,22199,22170,867.644,31.584,906.831,178.321,9.634,0.162,0.062,41.156830,41.856567,42.480789,44.301521,46.169296,46.362091,46.797855,46.938145,47.101002,47.575153,47.991756,49.664516,50.707607,47.943939,40.038620,148.643967,47.587696,17.829082,4.362812,0.353232,0.282059,0.115186,0.131942,0.038516,0.043287,0.043652,0.027412,0.027322,0.022348,0.070860,0.060490,0.032554,0.039326,0.011330,0.016500,0.005631
22200,22259,22230,867.644,31.612,898.532,177.829,9.716,0.164,0.062,40.766663,42.337936,41.742558,43.311974,43.967903,45.719872,46.114460,46.324120,45.828079,46.248611,47.713482,49.734768,50.555073,47.762321,40.103241,148.605148,48.078346,17.821413,4.327366,0.436596,0.314786,0.127240,0.106727,0.077597,0.082434,0.056089,0.011338,0.022855,0.021433,0.028087,0.062195,0.043347,0.022289,0.028371,0.005308,0.021870
22260,22319,22290,867.634,31.384,883.644,176.177,9.653,0.164,0.062,41.155327,40.872810,41.714157,42.354424,43.772758,43.911648,44.022247,45.251907,44.577435,45.480301,46.919350,49.141357,49.568043,46.015568,38.720768,148.281479,47.476913,18.510826,4.420126,0.384807,0.301339,0.186029,0.123670,0.034176,0.055287,0.085410,0.027453,0.050772,0.016617,0.061515,0.048873,0.022359,0.028009,0.011710,0.000000,0.038872
22320,22379,22350,867.628,31.164,888.453,176.480,9.657,0.164,0.062,41.068367,40.113110,41.246674,43.103771,44.716904,45.511284,43.813168,44.792091,45.325855,46.354717,47.454117,48.632687,50.553814,46.724030,39.009720,148.171127,48.106499,17.893641,4.500251,0.456349,0.203772,0.156401,0.099866,0.088476,0.055857,0.022283,0.027656,0.038953,0.017303,0.011013,0.061122,0.027769,0.016825,0.022500,0.027846,0.027582
22380,22439,22410,867.658,30.982,876.633,176.233,9.571,0.162,0.063,40.351276,40.121876,39.936836,41.752132,42.949230,42.868702,42.585011,44.595955,44.816090,44.332905,46.024815,48.673298,49.134987,46.261127,39.516197,148.416412,48.928856,19.396675,4.607559,0.380313,0.280269,0.120099,0.125819,0.081073,0.046043,0.040245,0.046728,0.028566,0.045695,0.045766,0.040314,0.029653,0.011590,0.023704,0.000000,0.017270
22440,22499,22470,867.670,31.165,883.223,175.531,9.440,0.161,0.062,41.649460,41.035297,39.907665,43.382740,43.279083,44.681572,44.444210,44.925358,43.810356,44.804573,47.118832,49.373962,49.113873,46.973927,38.537457,147.536850,48.422146,18.266344,4.563005,0.427059,0.301517,0.169529,0.111843,0.083496,0.034191,0.022012,0.039654,0.021992,0.039624,0.039116,0.022504,0.027530,0.010983,0.017133,0.005747,0.022300
22500,22559,22530,867.686,31.437,889.527,177.321,9.688,0.164,0.063,40.975491,40.300201,41.390976,43.036510,44.431221,44.219719,45.475319,44.963749,45.110313,45.286499,46.837940,49.297279,50.871754,47.191177,39.249554,148.514694,47.106937,19.016434,4.845274,0.385748,0.306293,0.180625,0.124770,0.045436,0.050940,0.034006,0.034443,0.034200,0.022871,0.028785,0.039610,0.033858,0.028484,0.022384,0.011286,0.022181
22560,22619,22590,867.700,31.541,880.422,175.929,9.607,0.163,0.062,40.105488,39.940056,40.878063,42.256992,42.956161,44.170967,44.120205,44.585117,45.017860,45.693970,46.924412,49.930958,49.188049,46.102898,38.920021,146.910629,47.965073,18.645914,4.697297,0.411903,0.299571,0.126298,0.078540,0.106148,0.060691,0.044801,0.039030,0.050070,0.016330,0.027997,0.033223,0.027476,0.039032,0.022583,0.000000,0.027825
22620,22679,22650,867.693,31.372,868.717,174.950,9.745,0.167,0.063,40.648258,40.179539,40.939610,41.202003,42.898327,43.185879,41.746647,43.568138,43.481823,43.798584,45.302925,48.806736,48.750160,46.312374,38.678246,145.660278,48.436287,18.977961,4.627427,0.459286,0.359064,0.105041,0.115614,0.099747,0.038052,0.038852,0.016588,0.027109,0.022323,0.039538,0.044983,0.038038,0.055933,0.017208,0.010990,0.027514
22680,22739,22710,867.705,31.152,865.642,173.107,9.291,0.161,0.061,39.238995,40.878292,40.059101,41.842682,41.954983,42.886600,42.802475,43.924313,44.136200,44.645222,45.721565,46.946144,48.936008,45.477215,38.463520,145.157516,47.776417,18.958925,4.603844,0.296467,0.263793,0.127821,0.082978,0.082407,0.061259,0.027773,0.061256,0.045027,0.044672,0.027677,0.044941,0.005631,0.010738,0.016669,0.027066,0.005556
22740,22799,22770,867.710,31.049,870.857,174.606,9.608,0.165,0.062,39.511990,40.178051,40.376667,41.174809,42.833576,44.227024,42.848320,44.113754,44.264282,44.481209,46.231705,48.010727,47.850300,46.240833,39.065273,146.405884,48.331051,18.634115,4.798793,0.361106,0.295945,0.147396,0.079175,0.061291,0.039890,0.039243,0.039452,0.022452,0.016767,0.016820,0.028283,0.028404,0.022964,0.017574,0.022672,0.039427
22800,22859,22830,867.735,31.268,893.775,177.908,9.945,0.167,0.063,42.807484,41.777050,41.778835,43.223400,45.139923,44.492439,45.202881,45.118000,45.380520,47.160137,46.421940,49.303226,49.731297,46.799961,38.457371,148.606689,48.098099,17.919834,4.900000,0.427832,0.280903,0.138970,0.077649,0.083514,0.027622,0.067430,0.027637,0.044633,0.027177,0.061476,0.050406,0.050347,0.017012,0.011205,0.028023,0.033787
22860,22919,22890,867.738,31.567,890.654,175.275,9.672,0.166,0.061,43.028725,43.276173,42.189632,44.326134,45.211449,44.984001,45.559658,45.818058,45.649124,45.079754,45.905514,49.075802,49.839859,46.392231,38.807343,145.538193,46.836239,17.312809,4.281796,0.560521,0.222280,0.101571,0.090041,0.112825,0.027651,0.078837,0.022377,0.056530,0.022840,0.068564,0.049701,0.050816,0.027768,0.022341,0.005297,0.021917
22920,22979,22950,867.739,31.570,889.030,174.763,9.749,0.167,0.060,42.641766,42.087788,42.408741,43.764397,45.644630,44.739033,45.034843,45.350063,45.563690,45.809826,46.605957,49.255669,49.695503,46.328793,39.574070,146.621445,45.448647,17.008446,4.155495,0.277302,0.270712,0.110927,0.099488,0.061672,0.050079,0.037866,0.033144,0.044112,0.060621,0.027804,0.044559,0.039453,0.044814,0.027501,0.027812,0.033489
22980,23039,23010,867.744,31.439,895.854,176.013,9.730,0.166,0.061,44.321381,43.700108,43.392422,44.009480,45.628330,45.711140,45.228504,45.569553,45.985973,46.516285,46.508850,49.527058,48.524807,46.572765,38.724716,145.526001,47.621983,16.934574,4.281752,0.413922,0.305695,0.150920,0.106743,0.118458,0.100997,0.043819,0.033809,0.055606,0.039367,0.022747,0.044300,0.038992,0.022027,0.010855,0.021838,0.038022
23040,23099,23070,867.765,31.219,898.749,176.090,9.805,0.166,0.061,45.015488,44.764706,44.257996,45.006210,46.382446,45.873665,45.476925,45.283348,45.820263,45.477070,45.693878,48.645283,50.249432,46.466858,38.310619,146.174149,46.876617,16.981857,4.513187,0.408927,0.279742,0.171748,0.099176,0.083190,0.027880,0.055172,0.044620,0.028208,0.028169,0.049435,0.044945,0.062406,0.039798,0.005889,0.022360,0.027293
23100,23159,23130,867.779,31.229,900.090,175.352,9.460,0.162,0.060,44.817371,44.563740,43.933586,44.604919,45.808990,45.882336,44.996307,45.909786,46.071049,45.886314,47.110695,49.919331,49.289284,46.711220,39.354633,146.252563,47.337963,16.043079,4.256862,0.280776,0.276472,0.118866,0.137084,0.086835,0.067628,0.034492,0.057643,0.040004,0.034374,0.062486,0.034250,0.016908,0.040748,0.011439,0.028460,0.011287
23160,23219,23190,867.818,31.503,902.750,176.226,9.650,0.164,0.061,45.505795,45.166859,44.219849,45.973793,46.099762,45.874828,45.528442,46.411587,46.139931,46.352905,47.230927,48.279556,48.085102,46.424774,38.938179,146.362946,47.068012,17.323338,4.281265,0.529038,0.211353,0.116628,0.088850,0.093942,0.076934,0.044194,0.060206,0.022079,0.010817,0.022601,0.089820,0.049478,0.016395,0.016337,0.011495,0.022355
23220,23279,23250,867.832,31.619,905.232,178.114,9.945,0.167,0.062,45.724628,45.071575,44.939701,44.929802,46.062397,45.539375,45.599129,47.077347,45.431961,45.489746,46.057281,49.908287,47.968887,46.785686,39.025677,148.188812,47.765934,17.712908,4.360167,0.494922,0.299642,0.106160,0.143910,0.072271,0.071676,0.037975,0.033910,0.033603,0.038730,0.061071,0.043921,0.055798,0.032929,0.016423,0.022180,0.027672
23280,23339,23310,867.812,31.516,895.819,175.859,9.719,0.166,0.061,45.939518,44.666817,44.161427,45.302441,44.750504,45.232910,45.313808,45.429337,44.992977,45.401527,46.179489,48.659473,48.986217,46.985847,38.949257,145.275360,46.344807,17.207212,4.484580,0.381385,0.358739,0.155369,0.077259,0.082406,0.050093,0.094669,0.061608,0.032756,0.016711,0.056434,0.055364,0.011110,0.044237,0.016904,0.016196,0.044539
23340,23399,23370,867.773,31.399,887.942,173.706,9.620,0.166,0.060,46.392487,44.292946,43.380310,44.999363,44.951572,44.545254,45.558178,44.389633,44.469170,45.681587,46.027332,48.288174,48.213840,46.128922,38.316311,143.647064,45.806820,17.074045,4.325058,0.386509,0.277089,0.158678,0.113092,0.061160,0.072896,0.067781,0.028257,0.061865,0.017359,0.027332,0.050805,0.028541,0.005906,0.016447,0.028624,0.051261
23400,23459,23430,867.747,31.245,882.666,173.506,9.477,0.164,0.060,44.889919,43.614075,42.714733,45.091091,44.228485,44.773712,44.475029,44.603363,44.352505,44.322315,45.944839,48.276409,48.138702,45.631287,37.736000,144.055145,46.434837,17.677004,4.275765,0.366329,0.267211,0.152327,0.118337,0.107119,0.067000,0.022359,0.055995,0.028117,0.049984,0.033203,0.061719,0.005612,0.011345,0.027689,0.021943,0.034408
23460,23519,23490,867.733,31.443,881.141,173.772,9.452,0.163,0.061,44.580757,43.352753,42.427784,43.070297,44.465759,43.559811,44.256195,44.814148,43.412060,45.349842,44.944885,47.864075,47.780228,46.883717,38.465252,145.542572,47.501194,17.266251,4.161817,0.356118,0.316088,0.140191,0.101541,0.102004,0.074416,0.028778,0.033538,0.034517,0.039094,0.045199,0.063044,0.011472,0.050408,0.005669,0.023002,0.016516
