CampaignData_and_Merges/R0/CSL_MobileLab_Parked/raw/20240729/USOS-NOAAIodideCIMS-OrgNitrs_MobileLabGround_20240729_RA.ict
37, 1001
Michael A Robinson, Chris Jernigan, Subi Thakali
NOAA ESRL Chemical Sciences Laboratory and CIRES, U. of Colorado
NOAA Iodide CIMS Instrument
USOS
1, 1
2024, 07, 29, 2024, 07, 30
1
starttime_UTC, seconds_past_midnight, seconds_of_day_since_00:00:00_UTC
5
1, 1, 1, 1, 1
-9999, -9999, -9999, -9999, -9999
C4H7NO5_NOAACIMS, pptv, Gas_C4H7NO5_InSitu_S_AVMR, 
ISOPN_NOAACIMS, pptv, Gas_ISOPN_InSitu_S_AVMR, 
C5H10O3_NOAACIMS, pptv, Gas_C5H10O3_InSitu_S_AVMR, 
C5H9NO5_NOAACIMS, pptv, Gas_C5H9NO5_InSitu_S_AVMR, 
C10H17NO4_NOAACIMS, pptv, Gas_C10H17NO4_InSitu_S_AVMR, 
0
18
PI_CONTACT_INFO: 325 Broadway, R/CSD 7, Boulder, Colorado 80305; michael.a.robinson@noaa.gov; chris.jernigan@noaa.gov;
PLATFORM: NOAA CSL Mobile Lab
LOCATION: SLC, Utah
ASSOCIATED_DATA: 1Hz data also available on request.
INSTRUMENT_INFO: NOAA I- ToF CIMS
DATA_INFO: All data in parts per trillion by volume (pptv). 1 Hz data is available upon request.
UNCERTAINTY: TBD
ULOD_FLAG: -7777
ULOD_VALUE: N/A
LLOD_FLAG: -8888
LLOD_VALUE: N/A
DM_CONTACT_INFO: Nathan Howard; nathan.h.howard@noaa.gov
PROJECT_INFO: USOS, summer 2024. https://csl.noaa.gov/groups/csl7/measurements/2024usos/
STIPULATIONS_ON_USE: Users are strongly encouraged to contact the PI for proper data usage.
OTHER_COMMENTS: 
REVISION: RA
RA: Preliminary Data; For in-field use only
starttime_UTC, C4H7NO5_NOAACIMS, ISOPN_NOAACIMS, C5H10O3_NOAACIMS, C5H9NO5_NOAACIMS, C10H17NO4_NOAACIMS
     0,  5.745,  8.791, 50.061,  3.224,  0.123
    60,  5.812,  9.044, 52.513,  3.550, -0.011
   120,  5.708,  9.304, 52.848,  3.334,  0.047
   180,  5.735,  9.491, 54.273,  3.382,  0.083
   240,  5.733,  8.923, 56.024,  3.295,  0.051
   300,  5.733,  9.421, 55.300,  3.217,  0.065
   360, -9999.000, -9999.000, -9999.000, -9999.000, -9999.000
   420,  5.371,  8.170, 38.206,  3.240, -0.006
   480,  5.555,  8.154, 43.754,  3.473,  0.107
   540,  5.681,  8.806, 48.267,  3.593, -0.014
   600,  5.665,  9.089, 49.799,  3.525,  0.026
   660,  5.729,  9.327, 52.301,  3.220,  0.031
   720,  5.635,  9.143, 52.795,  3.521,  0.064
   780,  5.511,  8.739, 51.371,  3.556,  0.067
   840,  5.432,  8.673, 51.184,  3.428,  0.136
   900,  5.292,  8.600, 50.347,  3.302,  0.068
   960,  5.136,  8.537, 51.258,  3.349,  0.013
  1020,  5.133,  8.597, 51.414,  3.221,  0.068
  1080,  5.146,  8.439, 49.818,  3.352,  0.105
  1140,  5.145,  8.788, 49.348,  3.240,  0.105
  1200,  5.136,  8.068, 48.372,  3.353,  0.130
  1260,  5.181,  8.455, 49.225,  3.280,  0.113
  1320,  5.329,  8.687, 50.357,  3.131,  0.126
  1380,  5.313,  9.047, 51.615,  3.285,  0.147
  1440,  5.547,  9.427, 50.984,  3.222,  0.081
  1500,  5.455,  9.233, 53.261,  3.225,  0.109
  1560,  5.475,  9.303, 52.878,  3.407,  0.089
  1620,  5.310,  8.905, 51.347,  3.290,  0.180
  1680,  5.474,  9.310, 51.557,  3.144,  0.148
  1740,  5.555,  9.258, 52.542,  3.098,  0.133
  1800,  5.608,  9.506, 55.538,  3.279,  0.150
  1860,  5.662,  9.751, 58.668,  3.306,  0.181
  1920,  5.537,  9.875, 56.725,  3.188,  0.162
  1980,  5.575,  9.835, 57.604,  3.180,  0.181
  2040,  5.561, 10.351, 57.881,  3.359,  0.195
  2100,  5.470,  9.995, 59.044,  3.226,  0.153
  2160,  5.448,  9.177, 57.382,  3.218,  0.213
  2220,  5.261,  8.835, 51.986,  3.098,  0.100
  2280,  5.428,  9.290, 54.751,  3.222,  0.150
  2340,  5.338,  9.281, 56.060,  3.172,  0.211
  2400,  5.373,  9.257, 57.580,  3.239,  0.106
  2460,  5.539,  9.610, 61.380,  3.414,  0.159
  2520,  5.545,  9.707, 59.144,  3.244,  0.182
  2580,  5.444,  9.971, 60.951,  3.226,  0.137
  2640,  5.361,  9.804, 60.284,  3.394,  0.165
  2700,  5.362,  9.403, 60.802,  3.309,  0.171
  2760,  5.232,  9.518, 59.638,  3.532,  0.135
  2820,  5.186,  9.869, 61.715,  3.246,  0.144
  2880,  5.228, 10.219, 61.011,  3.420,  0.159
  2940,  5.065, 10.300, 60.572,  3.167,  0.191
  3000,  4.945,  8.872, 55.359,  3.156,  0.211
  3060,  5.006,  8.859, 57.338,  3.215,  0.152
  3120,  4.970,  9.254, 55.081,  3.275,  0.090
  3180,  5.104,  9.415, 57.427,  3.439,  0.126
  3240,  5.004,  8.990, 54.210,  3.340,  0.161
  3300,  5.001,  9.552, 54.741,  3.218,  0.123
  3360,  5.066,  9.666, 54.888,  3.394,  0.182
  3420,  5.016,  9.906, 55.259,  3.210,  0.128
  3480,  5.137, 10.302, 57.511,  3.412,  0.186
  3540,  5.065, 10.192, 56.683,  3.591,  0.148
  3600,  5.010, 11.194, 55.464,  3.373,  0.234
  3660,  4.743, 10.902, 57.611,  3.377,  0.125
  3720,  4.730, 10.579, 56.951,  3.444,  0.138
  3780,  4.671, 11.125, 59.303,  3.385,  0.101
  3840,  4.561, 10.294, 59.909,  3.267,  0.068
  3900,  4.626, 10.141, 61.100,  3.412,  0.106
  3960,  4.617, 11.008, 62.185,  3.371,  0.143
  4020,  4.975, 10.115, 62.754,  3.643,  0.084
  4080,  4.578, 11.542, 55.377,  2.908,  0.156
  4140,  4.785, 12.058, 59.312,  3.606,  0.029
  4200,  4.890, 13.124, 64.680,  3.464,  0.104
  4260,  5.003, 13.600, 65.980,  3.646,  0.119
  4320,  4.966, 13.377, 68.793,  3.820,  0.109
  4380,  4.963, 14.325, 69.655,  3.653,  0.142
  4440,  5.075, 14.286, 72.324,  3.633,  0.138
  4500,  4.957, 14.968, 72.279,  3.553,  0.136
  4560,  4.917, 14.786, 72.258,  3.535,  0.113
  4620,  4.889, 15.154, 73.377,  3.585,  0.115
  4680,  4.876, 14.843, 74.964,  3.686,  0.186
  4740,  4.898, 15.773, 75.812,  3.714,  0.079
  4800,  4.920, 15.368, 76.251,  3.391,  0.157
  4860,  4.916, 15.457, 76.633,  3.663,  0.056
  4920,  5.008, 17.173, 78.783,  3.767,  0.160
  4980,  4.981, 16.901, 78.353,  3.629,  0.118
  5040,  4.920, 17.388, 78.600,  3.485,  0.121
  5100,  5.107, 18.869, 82.340,  3.777,  0.129
  5160,  5.201, 20.778, 84.529,  3.774,  0.101
  5220,  5.158, 21.762, 85.937,  3.786,  0.157
  5280,  5.246, 21.522, 86.619,  3.784,  0.181
  5340,  5.133, 22.159, 87.985,  3.857,  0.157
  5400,  5.406, 23.386, 88.952,  3.842,  0.163
  5460,  5.288, 22.973, 88.950,  3.727,  0.213
  5520,  5.238, 22.455, 88.568,  3.868,  0.272
  5580,  5.113, 21.791, 87.595,  3.792,  0.216
  5640,  5.122, 22.169, 85.455,  3.722,  0.219
  5700,  5.237, 22.630, 89.526,  3.749,  0.222
  5760,  5.155, 21.726, 81.706,  3.871,  0.228
  5820,  5.075, 22.069, 81.976,  3.699,  0.229
  5880,  5.014, 21.520, 79.106,  3.355,  0.146
  5940,  4.894, 21.652, 72.457,  3.819,  0.191
  6000,  4.964, 22.976, 74.474,  3.798,  0.185
  6060,  4.948, 23.068, 78.314,  3.995,  0.259
  6120,  4.924, 22.821, 77.690,  4.175,  0.238
  6180,  4.855, 20.871, 80.474,  3.844,  0.280
  6240, -9999.000, -9999.000, -9999.000, -9999.000, -9999.000
  6300, -9999.000, -9999.000, -9999.000, -9999.000, -9999.000
  6360, -9999.000, -9999.000, -9999.000, -9999.000, -9999.000
  6420, -9999.000, -9999.000, -9999.000, -9999.000, -9999.000
  6480, -9999.000, -9999.000, -9999.000, -9999.000, -9999.000
  6540, -9999.000, -9999.000, -9999.000, -9999.000, -9999.000
  6600, -9999.000, -9999.000, -9999.000, -9999.000, -9999.000
  6660, -9999.000, -9999.000, -9999.000, -9999.000, -9999.000
  6720, -9999.000, -9999.000, -9999.000, -9999.000, -9999.000
  6780, -9999.000, -9999.000, -9999.000, -9999.000, -9999.000
  6840, -9999.000, -9999.000, -9999.000, -9999.000, -9999.000
  6900, -9999.000, -9999.000, -9999.000, -9999.000, -9999.000
  6960, -9999.000, -9999.000, -9999.000, -9999.000, -9999.000
  7020, -9999.000, -9999.000, -9999.000, -9999.000, -9999.000
  7080, -9999.000, -9999.000, -9999.000, -9999.000, -9999.000
  7140, -9999.000, -9999.000, -9999.000, -9999.000, -9999.000
  7200, -9999.000, -9999.000, -9999.000, -9999.000, -9999.000
  7260, -9999.000, -9999.000, -9999.000, -9999.000, -9999.000
  7320, -9999.000, -9999.000, -9999.000, -9999.000, -9999.000
  7380, -9999.000, -9999.000, -9999.000, -9999.000, -9999.000
  7440, -9999.000, -9999.000, -9999.000, -9999.000, -9999.000
  7500, -9999.000, -9999.000, -9999.000, -9999.000, -9999.000
  7560, -9999.000, -9999.000, -9999.000, -9999.000, -9999.000
  7620, -9999.000, -9999.000, -9999.000, -9999.000, -9999.000
  7680, -9999.000, -9999.000, -9999.000, -9999.000, -9999.000
  7740, -9999.000, -9999.000, -9999.000, -9999.000, -9999.000
  7800, -9999.000, -9999.000, -9999.000, -9999.000, -9999.000
  7860,  2.587, 11.503, -9999.000, -9999.000,  0.108
  7920,  2.541, 10.853, -9999.000, -9999.000,  0.057
  7980,  2.547, 10.310, -9999.000, -9999.000,  0.149
  8040,  2.525, 10.296, -9999.000, -9999.000,  0.117
  8100,  2.465, 10.018, -9999.000, -9999.000,  0.168
  8160,  2.567,  9.885, -9999.000, -9999.000,  0.111
  8220,  2.586, 10.825, -9999.000, -9999.000,  0.151
  8280,  2.556, 10.696, -9999.000, -9999.000,  0.121
  8340,  2.616, 10.726, -9999.000, -9999.000,  0.151
  8400,  2.590, 10.517, -9999.000, -9999.000,  0.124
  8460,  2.621, 10.808, -9999.000, -9999.000,  0.177
  8520,  2.706, 10.789, -9999.000, -9999.000,  0.162
  8580,  2.711, 11.419, -9999.000, -9999.000,  0.190
  8640,  2.671, 11.278, -9999.000, -9999.000,  0.220
  8700,  2.740, 11.149, -9999.000, -9999.000,  0.230
  8760,  2.699, 11.137, -9999.000, -9999.000,  0.241
  8820,  2.679, 11.978, -9999.000, -9999.000,  0.193
  8880,  2.682, 11.380, -9999.000, -9999.000,  0.249
  8940,  2.746, 12.325, -9999.000, -9999.000,  0.221
  9000,  2.782, 11.792, -9999.000, -9999.000,  0.282
  9060,  2.794, 12.210, -9999.000, -9999.000,  0.300
  9120,  2.761, 11.938, -9999.000, -9999.000,  0.319
  9180,  2.735, 12.114, -9999.000, -9999.000,  0.373
  9240,  2.851, 12.169, -9999.000, -9999.000,  0.375
  9300,  2.854, 12.313, -9999.000, -9999.000,  0.254
  9360,  2.839, 12.686, -9999.000, -9999.000,  0.375
  9420,  2.881, 12.433, -9999.000, -9999.000,  0.355
  9480,  2.730, 12.610, -9999.000, -9999.000,  0.305
  9540, -9999.000, -9999.000, -9999.000, -9999.000, -9999.000
  9600,  2.791, 12.790, -9999.000, -9999.000,  0.323
  9660,  2.819, 13.276, -9999.000,  4.699,  0.505
  9720,  2.866, 13.539, -9999.000,  4.685,  0.350
  9780,  3.053, 13.131, -9999.000,  4.765,  0.481
  9840,  3.094, 13.544, -9999.000,  4.823,  0.542
  9900,  3.092, 14.008, -9999.000,  5.015,  0.467
  9960,  3.164, 13.770, -9999.000,  5.113,  0.522
 10020,  3.338, 15.074, -9999.000,  5.234,  0.578
 10080,  3.339, 14.717, -9999.000,  5.449,  0.702
 10140,  3.325, 14.948, -9999.000,  5.387,  0.685
 10200,  3.349, 14.886, -9999.000,  5.529,  0.644
 10260,  3.455, 15.565, -9999.000,  5.592,  0.647
 10320,  3.575, 15.439, -9999.000,  5.942,  0.760
 10380,  3.690, 16.435, -9999.000,  5.742,  0.702
 10440,  3.668, 15.918, -9999.000,  6.007,  0.701
 10500,  3.742, 17.189, -9999.000,  5.808,  0.694
 10560,  3.805, 17.344, -9999.000,  5.825,  0.712
 10620,  3.740, 16.613, 74.763,  5.631,  0.612
 10680,  3.861, 17.766, 77.031,  5.585,  0.770
 10740,  3.838, 17.538, 80.829,  5.812,  0.731
 10800,  3.858, 18.325, 77.664,  5.601,  0.703
 10860,  3.941, 19.085, 80.560,  5.535,  0.684
 10920,  3.924, 18.832, 78.728,  5.459,  0.708
 10980,  4.070, 18.051, 81.689,  5.536,  0.729
 11040,  3.983, 18.992, 81.724,  5.816,  0.748
 11100,  3.939, 19.669, 79.615,  5.685,  0.668
 11160,  4.028, 19.797, 81.053,  5.680,  0.797
 11220,  3.981, 18.530, 82.842,  5.692,  0.820
 11280,  3.954, 19.155, 82.363,  5.747,  0.799
 11340,  3.829, 19.065, 81.304,  5.471,  0.885
 11400,  3.773, 18.227, 75.477,  5.516,  0.617
 11460,  3.743, 17.581, 72.525,  5.303,  0.797
 11520,  3.910, 17.235, 78.489,  5.707,  0.876
 11580,  3.930, 17.457, 77.198,  5.563,  0.790
 11640,  3.791, 16.610, 75.833,  5.449,  0.730
 11700,  3.822, 16.502, 75.640,  5.493,  0.764
 11760,  3.735, 16.779, 72.141,  5.382,  0.711
 11820,  3.758, 17.190, 73.544,  5.316,  0.692
 11880,  3.699, 16.489, 71.887,  5.404,  0.631
 11940,  3.688, 16.761, 72.371,  5.216,  0.623
 12000,  3.738, 16.261, 71.452,  5.572,  0.680
 12060,  3.738, 16.186, 72.092,  5.235,  0.702
 12120,  3.711, 16.047, 72.597,  5.241,  0.760
 12180,  3.660, 15.666, 70.266,  5.422,  0.736
 12240,  3.680, 15.440, 71.773,  5.289,  0.835
 12300,  3.807, 15.600, 71.381,  5.170,  0.686
 12360,  3.739, 15.341, 71.230,  5.319,  0.775
 12420,  3.688, 14.614, 71.062,  5.288,  0.724
 12480,  3.717, 15.373, 68.974,  5.249,  0.647
 12540,  3.702, 14.729, 69.833,  5.344,  0.725
 12600,  3.711, 15.422, 68.763,  5.035,  0.779
 12660,  3.599, 14.628, 68.686,  5.249,  0.730
 12720,  3.552, 14.752, 66.526,  5.048,  0.690
 12780,  3.582, 14.643, 63.993,  4.960,  0.620
 12840,  3.557, 14.634, 67.701,  5.158,  0.547
 12900,  3.607, 14.371, 67.760,  5.025,  0.570
 12960,  3.608, 13.749, 66.760,  5.063,  0.569
 13020,  3.424, 13.147, 64.752,  4.941,  0.570
 13080,  3.445, 12.943, 64.184,  5.040,  0.523
 13140,  3.332, 13.450, 62.822,  4.974,  0.655
 13200,  3.317, 12.273, 67.686,  4.690,  0.416
 13260,  3.010, 12.559, 56.339,  4.322,  0.666
 13320,  3.201, 13.246, 58.257,  4.660,  0.478
 13380,  3.285, 13.092, 58.487,  4.761,  0.458
 13440,  3.271, 12.910, 59.875,  4.717,  0.478
 13500,  3.347, 12.534, 60.049,  4.788,  0.376
 13560,  3.334, 12.361, 59.730,  4.572,  0.433
 13620,  3.217, 12.400, 59.207,  4.788,  0.525
 13680,  3.247, 12.350, 58.377,  4.734,  0.570
 13740,  3.270, 12.531, 58.348,  5.213,  0.713
 13800,  3.269, 12.626, 57.895,  5.097,  0.785
 13860,  3.332, 12.682, 56.102,  4.975,  0.707
 13920,  3.358, 12.770, 59.008,  5.227,  0.715
 13980,  3.330, 12.296, 61.509,  5.759,  0.744
 14040,  3.305, 12.064, 60.006,  5.721,  0.903
 14100,  3.225, 12.302, 57.448,  5.723,  0.860
 14160,  3.229, 11.858, 58.519,  5.770,  0.928
 14220,  3.190, 12.417, 57.512,  5.955,  0.980
 14280,  3.110, 11.586, 55.233,  5.832,  0.990
 14340,  3.062, 11.487, 53.692,  6.013,  0.964
 14400,  3.127, 11.579, 54.395,  6.179,  1.092
 14460,  3.147, 12.100, 56.010,  6.041,  1.105
 14520,  3.265, 11.986, 56.004,  6.135,  0.966
 14580,  3.198, 12.170, 55.556,  6.086,  0.971
 14640,  3.156, 11.629, 55.171,  6.204,  1.013
 14700,  3.133, 11.403, 53.535,  5.835,  1.075
 14760,  3.111, 11.554, 53.169,  5.839,  1.075
 14820,  3.058, 11.353, 52.234,  5.787,  1.032
 14880,  3.073, 11.658, 52.655,  5.765,  1.037
 14940,  3.176, 11.776, 53.626,  5.879,  1.090
 15000,  3.043, 11.399, 53.249,  5.700,  0.929
 15060,  3.181, 10.685, 52.211,  5.770,  1.074
 15120,  2.857, 10.146, 48.717,  5.444,  0.949
 15180,  2.920, 10.902, 49.552,  5.691,  1.005
 15240,  3.005, 11.416, 50.565,  5.582,  0.964
 15300,  3.002, 10.943, 49.674,  5.574,  0.909
 15360,  3.022, 10.920, 52.002,  5.628,  1.056
 15420,  2.991, 10.817, 52.376,  5.725,  0.964
 15480,  3.000, 10.543, 50.981,  5.403,  0.955
 15540,  2.935, 10.277, 50.686,  5.403,  0.931
 15600,  2.938, 10.215, 49.426,  5.334,  0.930
 15660,  2.878, 10.614, 50.946,  5.337,  0.915
 15720,  2.883, 10.364, 49.550,  5.319,  0.814
 15780,  2.825, 10.491, 48.344,  5.439,  0.833
 15840,  2.991, 11.491, 53.284,  5.633,  0.876
 15900,  2.966, 11.345, 52.746,  5.444,  0.813
 15960,  3.024, 11.514, 51.698,  5.690,  0.771
 16020,  3.027, 11.886, 53.846,  6.009,  0.855
 16080,  2.979, 11.434, 51.258,  5.706,  0.835
 16140,  2.941, 11.060, 51.523,  5.464,  0.757
 16200,  2.923, 11.618, 50.844,  5.362,  0.752
 16260,  2.920, 11.295, 50.867,  5.547,  0.816
 16320,  3.050, 12.015, 54.330,  5.526,  0.709
 16380,  3.073, 12.455, 53.041,  5.667,  0.659
 16440,  3.046, 11.980, 53.083,  5.946,  0.754
 16500,  3.113, 12.672, 53.151,  5.734,  0.754
 16560,  3.213, 13.154, 52.929,  6.192,  0.807
 16620,  3.270, 13.241, 54.607,  6.536,  0.784
 16680,  3.317, 13.055, 58.112,  6.726,  0.781
 16740,  3.380, 13.127, 57.533,  6.746,  0.863
 16800,  3.432, 13.685, 59.614,  7.175,  0.849
 16860,  3.397, 13.319, 60.995,  7.050,  0.816
 16920, -9999.000, -9999.000, -9999.000, -9999.000, -9999.000
 16980,  3.400, 13.755, 58.228,  7.078,  0.764
 17040,  3.468, 13.818, 57.018,  7.238,  0.768
 17100,  3.397, 13.824, 57.947,  7.255,  0.853
 17160,  3.536, 14.677, 58.766,  7.200,  0.953
 17220,  3.422, 13.640, 57.352,  7.041,  0.866
 17280,  3.488, 14.230, 62.273,  7.542,  0.941
 17340,  3.478, 14.162, 61.100,  7.344,  0.954
 17400,  3.573, 14.375, 59.613,  7.026,  0.900
 17460,  3.393, 13.610, 58.420,  6.787,  0.750
 17520,  3.558, 14.106, 57.999,  7.282,  0.870
 17580,  3.553, 14.526, 57.679,  7.355,  0.966
 17640,  3.620, 14.767, 58.980,  7.665,  1.001
 17700,  3.650, 14.545, 58.519,  8.142,  1.046
 17760,  3.698, 14.261, 60.655,  7.805,  1.004
 17820,  3.392, 13.674, 58.940,  7.145,  0.927
 17880,  3.339, 12.994, 54.046,  6.557,  0.818
 17940,  3.261, 12.375, 56.102,  6.605,  0.861
 18000,  3.209, 12.685, 53.944,  6.270,  0.807
 18060,  3.076, 12.070, 51.023,  6.241,  0.732
 18120,  3.032, 11.877, 53.043,  6.082,  0.759
 18180,  3.037, 12.250, 52.759,  6.240,  0.746
 18240,  3.150, 11.927, 52.982,  6.198,  0.810
 18300,  3.069, 12.192, 53.164,  6.241,  0.775
 18360,  3.063, 11.758, 50.999,  6.058,  0.807
 18420,  3.030, 11.470, 51.040,  5.974,  0.755
 18480,  3.100, 11.770, 51.352,  6.193,  0.723
 18540,  3.141, 11.855, 51.360,  6.374,  0.804
 18600,  3.271, 12.732, 53.573,  6.610,  0.852
 18660,  3.244, 12.630, 53.189,  6.615,  0.908
 18720,  3.285, 12.298, 52.471,  6.608,  0.818
 18780,  2.946, 12.875, 53.847,  6.069,  1.385
 18840,  3.200, 12.378, 49.481,  6.487,  0.791
 18900,  3.229, 12.959, 49.047,  6.930,  0.858
 18960,  3.278, 12.876, 53.097,  6.989,  0.953
 19020,  3.370, 12.968, 52.176,  7.314,  0.961
 19080,  3.266, 12.356, 51.417,  6.652,  0.768
 19140,  3.309, 12.871, 50.189,  6.888,  0.947
 19200,  3.287, 12.798, 50.514,  6.938,  0.972
 19260,  3.262, 12.559, 50.069,  7.230,  0.975
 19320,  3.382, 12.673, 50.795,  7.170,  1.007
 19380,  3.488, 13.070, 52.432,  7.795,  1.051
 19440,  3.337, 13.137, 53.132,  7.496,  0.934
 19500,  3.329, 12.326, 52.001,  7.272,  0.976
