CampaignData_and_Merges/R0/CSL_MobileLab_Parked/raw/20240717/USOS-NOAAIodideCIMS-OrgNitrs_MobileLabGround_20240717_RA.ict
38, 1001
Michael A Robinson, Chris Jernigan, Subi Thakali
NOAA ESRL Chemical Sciences Laboratory and CIRES, U. of Colorado
NOAA Iodide CIMS Instrument
USOS
1, 1
2024, 07, 17, 2024, 07, 18
0
starttime_UTC, seconds_past_midnight, seconds_of_day_since_00:00:00_UTC
5
1, 1, 1, 1, 1
-9999, -9999, -9999, -9999, -9999
C4H7NO5_NOAACIMS, pptv, Gas_C4H7NO5_InSitu_M_AVMR
ISOPN_NOAACIMS, pptv, Gas_ISOPN_InSitu_M_AVMR
C5H10O3_NOAACIMS, pptv, Gas_C5H10O3_InSitu_M_AVMR
C5H9NO5_NOAACIMS, pptv, Gas_C5H9NO5_InSitu_M_AVMR
C10H17NO4_NOAACIMS, pptv, Gas_C10H17NO4_InSitu_M_AVMR
1
N/A
18
PI_CONTACT_INFO: 325 Broadway, R/CSD 7, Boulder, Colorado 80305; michael.a.robinson@noaa.gov; chris.jernigan@noaa.gov;
PLATFORM: NOAA CSL Mobile Lab
LOCATION: SLC, Utah
ASSOCIATED_DATA: 1Hz data also available on request.
INSTRUMENT_INFO: NOAA I- ToF CIMS
DATA_INFO: Units: pptv
UNCERTAINTY: tbd
ULOD_FLAG: -7777
ULOD_VALUE: N/A
LLOD_FLAG: -8888
LLOD_VALUE: N/A
DM_CONTACT_INFO: Nathan Howard; nathan.h.howard@noaa.gov
PROJECT_INFO: USOS, summer 2024. https://csl.noaa.gov/groups/csl7/measurements/2024usos/
STIPULATIONS_ON_USE: only the USOS science team is allowed to use this data
OTHER_COMMENTS: Field data; Data are averaged to 1 minute intervals. Stationary data collected from a 10 ft tower on top of the mobile lab
REVISION: RA
RA: Preliminary Data; For in-field use only
starttime_UTC, C4H7NO5_NOAACIMS, ISOPN_NOAACIMS, C5H10O3_NOAACIMS, C5H9NO5_NOAACIMS, C10H17NO4_NOAACIMS
[from data line 823]
49380,4.158,6.267,51.745,8.131,0.992
49440,4.102,6.558,50.032,8.047,0.924
49500,4.211,6.185,51.437,8.153,0.969
49560,4.148,6.295,51.904,8.082,0.997
49620,4.133,6.319,52.642,7.968,1.007
49680,4.207,6.669,50.973,7.809,1.014
49740,4.133,7.045,51.602,7.937,1.062
49800,4.226,6.842,53.008,7.740,1.094
49860,-9999.000,-9999.000,-9999.000,-9999.000,-9999.000
49920,-9999.000,-9999.000,-9999.000,-9999.000,-9999.000
49980,-9999.000,-9999.000,-9999.000,-9999.000,-9999.000
50040,-9999.000,-9999.000,-9999.000,-9999.000,-9999.000
50100,-9999.000,-9999.000,-9999.000,-9999.000,-9999.000
50160,4.280,7.938,50.277,7.786,0.959
50220,4.264,8.163,49.858,7.830,0.971
50280,4.190,8.283,51.087,7.693,0.955
50340,4.287,7.616,50.743,7.752,0.925
50400,4.339,8.469,49.963,7.771,1.047
50460,4.351,8.322,51.211,7.782,1.048
50520,4.320,9.089,52.873,8.060,1.162
50580,4.408,8.930,52.641,7.928,1.035
50640,4.415,8.993,52.041,7.698,1.045
50700,4.456,9.456,51.759,7.813,1.096
50760,4.406,9.294,51.121,7.689,1.017
50820,4.395,9.195,50.512,7.732,1.072
50880,4.368,9.407,51.526,7.678,0.998
50940,4.501,9.502,52.170,7.812,1.136
51000,4.489,10.073,51.191,7.964,0.987
51060,4.433,10.105,50.615,7.678,1.178
51120,4.506,10.374,50.428,7.931,1.100
51180,4.556,10.757,49.772,7.617,1.037
51240,4.494,10.740,51.662,7.659,1.033
51300,4.489,10.534,50.581,7.881,0.984
51360,4.593,10.687,51.512,7.757,1.122
51420,4.569,10.726,51.399,7.760,1.089
51480,4.659,10.842,51.226,7.832,1.113
51540,4.659,10.740,51.912,7.995,1.016
51600,4.654,10.747,54.352,7.682,1.118
51660,4.595,10.390,53.799,7.908,1.054
51720,-9999.000,-9999.000,-9999.000,-9999.000,-9999.000
51780,-9999.000,-9999.000,-9999.000,-9999.000,-9999.000
51840,-9999.000,-9999.000,-9999.000,-9999.000,-9999.000
51900,-9999.000,-9999.000,-9999.000,-9999.000,-9999.000
51960,-9999.000,-9999.000,-9999.000,-9999.000,-9999.000
52020,-9999.000,-9999.000,-9999.000,-9999.000,-9999.000
52080,-9999.000,-9999.000,-9999.000,-9999.000,-9999.000
52140,4.729,12.101,52.097,7.787,0.991
52200,4.700,12.328,53.835,7.894,0.939
52260,4.862,11.861,55.701,7.937,1.050
52320,4.792,11.785,56.238,7.866,1.000
52380,4.844,12.363,55.923,7.991,1.047
52440,4.948,11.820,58.363,8.078,0.945
52500,4.867,11.628,56.827,8.121,1.071
52560,4.918,11.624,57.393,7.979,0.996
52620,5.002,11.887,59.510,8.060,1.127
52680,4.953,11.885,58.540,8.032,1.009
52740,4.907,11.842,58.302,7.988,1.071
52800,5.130,11.699,59.642,7.976,0.998
52860,5.017,11.598,60.304,8.023,1.060
52920,5.173,11.698,59.614,8.012,1.053
52980,5.093,12.000,58.474,7.969,1.008
53040,5.056,11.994,61.082,8.447,1.035
53100,5.170,13.192,62.279,8.475,1.103
53160,5.261,13.396,62.628,8.373,1.039
53220,5.231,13.488,62.917,8.240,1.003
53280,5.247,13.699,62.683,8.221,1.171
53340,5.173,13.929,62.110,8.332,1.140
53400,5.113,12.809,61.721,8.023,0.704
53460,5.345,14.940,64.853,8.381,1.047
53520,5.380,15.939,65.072,8.298,1.082
53580,5.374,15.436,63.065,8.213,0.927
53640,-9999.000,-9999.000,-9999.000,-9999.000,-9999.000
53700,-9999.000,-9999.000,-9999.000,-9999.000,-9999.000
53760,-9999.000,-9999.000,-9999.000,-9999.000,-9999.000
53820,-9999.000,-9999.000,-9999.000,-9999.000,-9999.000
53880,-9999.000,-9999.000,-9999.000,-9999.000,-9999.000
53940,-9999.000,-9999.000,-9999.000,-9999.000,-9999.000
54000,5.459,15.328,65.965,7.856,0.717
54060,5.607,16.448,67.200,8.300,0.972
54120,5.589,16.752,66.982,8.221,1.007
54180,5.617,17.197,69.036,8.378,1.141
54240,5.630,18.449,69.481,8.294,1.154
54300,5.672,18.303,69.044,8.430,1.083
54360,5.755,17.368,69.150,8.453,1.037
54420,5.711,16.737,71.492,8.205,1.207
54480,5.659,16.293,73.885,8.201,1.104
54540,5.670,16.502,71.995,8.058,1.130
54600,5.724,15.355,73.359,8.486,1.122
54660,5.687,15.883,74.138,8.208,1.093
54720,5.649,16.043,72.158,7.912,1.026
54780,5.591,16.106,71.605,8.097,1.180
54840,5.790,17.282,73.848,8.281,1.093
54900,5.834,17.079,73.655,8.005,1.123
54960,5.827,18.698,72.864,8.003,1.087
55020,5.835,19.137,74.316,8.238,1.164
55080,5.857,19.966,76.197,8.165,0.979
55140,5.854,20.281,76.813,8.183,1.009
55200,5.788,19.935,77.069,8.155,1.151
55260,5.819,21.111,77.593,7.970,1.078
55320,5.755,19.848,75.876,7.803,0.987
55380,5.765,19.440,75.305,7.993,1.058
55440,-9999.000,-9999.000,-9999.000,-9999.000,-9999.000
55500,-9999.000,-9999.000,-9999.000,-9999.000,-9999.000
55560,-9999.000,-9999.000,-9999.000,-9999.000,-9999.000
55620,-9999.000,-9999.000,-9999.000,-9999.000,-9999.000
55680,-9999.000,-9999.000,-9999.000,-9999.000,-9999.000
55740,-9999.000,-9999.000,-9999.000,-9999.000,-9999.000
55800,5.910,20.974,74.923,8.087,1.174
55860,5.915,20.420,76.490,8.056,1.179
55920,5.914,21.223,77.293,8.268,1.193
55980,5.942,19.955,78.175,8.166,1.173
56040,5.913,20.028,78.485,8.077,1.264
56100,5.998,20.446,76.024,8.117,1.201
56160,5.922,20.433,77.964,8.137,1.133
56220,5.827,19.696,79.692,8.204,1.137
56280,5.837,19.392,79.067,8.102,1.129
56340,5.867,20.222,79.597,8.200,1.118
56400,5.848,19.934,81.478,8.165,1.155
56460,5.980,21.117,81.811,7.934,1.183
56520,6.012,21.315,83.385,8.070,1.057
56580,5.968,22.043,84.747,8.085,1.160
56640,5.972,21.829,85.647,8.186,1.086
56700,5.947,22.111,85.939,8.133,1.188
56760,5.958,22.330,85.664,8.107,1.051
56820,5.915,21.726,85.722,8.062,1.183
56880,5.943,21.235,86.129,8.236,1.108
56940,6.014,21.888,87.980,8.110,1.128
57000,6.029,21.695,85.520,8.143,0.948
57060,5.980,21.231,85.655,8.022,1.174
57120,5.960,21.324,84.446,8.327,1.083
57180,6.139,21.670,87.227,8.402,1.101
57240,-9999.000,-9999.000,-9999.000,-9999.000,-9999.000
57300,-9999.000,-9999.000,-9999.000,-9999.000,-9999.000
57360,-9999.000,-9999.000,-9999.000,-9999.000,-9999.000
57420,-9999.000,-9999.000,-9999.000,-9999.000,-9999.000
57480,-9999.000,-9999.000,-9999.000,-9999.000,-9999.000
57540,6.104,20.407,89.532,8.143,0.904
57600,5.843,18.910,89.674,7.563,0.198
57660,5.861,18.104,89.176,6.569,0.159
57720,6.222,21.982,93.627,8.148,0.637
57780,6.118,21.699,94.571,6.604,0.264
57840,6.037,19.913,93.720,6.182,0.000
57900,6.165,21.783,96.873,7.621,0.436
57960,6.416,25.550,95.937,8.099,0.797
58020,6.266,25.123,99.251,8.016,0.634
58080,6.250,24.060,98.234,7.958,0.245
58140,6.342,24.956,97.439,7.572,0.251
58200,6.303,25.267,96.855,7.922,0.242
58260,6.367,25.376,101.906,8.044,0.332
58320,6.444,25.848,102.083,8.262,0.518
58380,6.551,26.501,101.491,8.123,0.939
58440,6.571,25.970,102.666,8.361,0.998
58500,6.765,27.369,104.995,7.941,0.875
58560,6.643,27.046,101.807,8.185,0.917
58620,6.622,27.432,102.243,7.923,0.755
58680,6.551,28.102,104.435,7.925,0.898
58740,6.639,28.178,103.705,7.883,0.954
58800,6.741,28.539,105.222,8.006,0.960
58860,6.649,28.897,105.476,7.967,0.892
58920,6.691,30.337,113.540,7.865,0.918
58980,6.613,28.938,106.367,7.933,0.680
59040,6.630,30.479,109.182,7.790,0.852
59100,-9999.000,-9999.000,-9999.000,-9999.000,-9999.000
59160,-9999.000,-9999.000,-9999.000,-9999.000,-9999.000
59220,-9999.000,-9999.000,-9999.000,-9999.000,-9999.000
59280,-9999.000,-9999.000,-9999.000,-9999.000,-9999.000
59340,-9999.000,-9999.000,-9999.000,-9999.000,-9999.000
59400,-9999.000,-9999.000,-9999.000,-9999.000,-9999.000
59460,-9999.000,-9999.000,-9999.000,-9999.000,-9999.000
59520,6.903,32.449,127.892,7.734,0.852
59580,7.106,34.477,124.474,7.916,0.833
59640,6.877,33.218,125.997,7.972,0.827
59700,6.801,32.061,124.723,7.855,0.842
59760,6.679,30.885,121.649,7.715,0.880
59820,6.712,31.066,127.458,7.962,0.810
59880,6.656,30.268,125.791,7.725,0.834
59940,6.677,29.326,123.810,7.580,0.809
60000,6.642,29.809,125.407,7.696,0.792
60060,6.717,28.623,124.738,7.740,0.815
60120,6.554,28.640,123.108,7.820,0.791
60180,6.717,29.326,128.209,7.906,0.765
60240,6.721,30.781,129.900,7.929,0.757
60300,6.828,30.697,131.805,7.817,0.818
60360,6.872,34.484,144.343,8.216,0.826
60420,6.967,34.809,141.051,8.145,0.885
60480,7.001,35.700,142.492,8.035,0.960
60540,7.067,34.646,150.635,8.085,0.823
60600,6.934,35.062,147.493,8.258,0.919
60660,6.855,34.875,145.882,8.015,0.894
60720,6.828,35.320,149.448,8.223,0.955
60780,6.877,34.941,149.825,7.904,0.771
60840,6.843,33.617,146.905,8.173,0.794
60900,6.962,33.643,148.595,8.287,0.826
60960,-9999.000,-9999.000,-9999.000,-9999.000,-9999.000
61020,-9999.000,-9999.000,-9999.000,-9999.000,-9999.000
61080,-9999.000,-9999.000,-9999.000,-9999.000,-9999.000
61140,-9999.000,-9999.000,-9999.000,-9999.000,-9999.000
61200,-9999.000,-9999.000,-9999.000,-9999.000,-9999.000
61260,7.013,37.492,147.823,8.157,0.809
61320,7.046,35.246,151.295,8.200,0.802
61380,7.022,36.087,155.385,8.499,0.803
61440,7.169,34.736,154.823,8.194,0.934
61500,7.383,31.592,157.862,8.692,0.893
61560,7.591,31.303,156.365,8.579,0.807
61620,7.603,29.394,158.571,8.861,0.873
61680,7.587,32.425,162.382,8.959,0.889
61740,7.215,31.650,165.808,8.475,0.959
61800,7.232,37.353,173.082,8.761,1.052
61860,7.304,39.110,175.233,8.863,1.068
61920,7.118,37.523,169.089,8.453,1.040
61980,7.339,37.437,170.962,8.253,1.148
62040,7.262,37.005,175.070,8.500,1.164
62100,7.191,34.839,176.087,8.389,1.059
62160,7.165,34.612,173.204,8.523,1.144
62220,7.712,34.481,177.592,8.760,1.228
62280,7.860,36.025,181.831,8.794,1.139
62340,8.109,35.946,183.556,9.208,1.167
62400,7.917,36.175,180.855,8.786,1.214
62460,8.094,36.812,184.563,8.709,1.324
62520,7.988,35.581,186.610,9.124,1.310
62580,7.708,33.559,186.028,8.697,1.341
62640,7.808,35.670,195.024,8.662,1.317
62700,7.979,36.090,193.174,8.919,1.477
62760,8.091,35.428,185.567,8.737,1.409
62820,7.914,34.154,181.779,8.778,1.436
62880,-9999.000,-9999.000,-9999.000,-9999.000,-9999.000
62940,-9999.000,-9999.000,-9999.000,-9999.000,-9999.000
63000,-9999.000,-9999.000,-9999.000,-9999.000,-9999.000
63060,8.294,28.359,158.599,9.035,1.239
63120,7.991,27.187,157.048,8.911,1.259
63180,7.765,31.539,175.171,8.506,1.206
63240,7.620,30.361,180.211,8.642,1.234
63300,7.378,25.777,165.268,8.548,1.231
63360,7.233,24.469,160.251,8.312,1.077
63420,7.203,24.298,159.282,8.250,1.093
63480,7.515,26.836,165.367,8.280,1.157
63540,8.182,30.722,176.133,8.503,1.087
63600,11.507,45.591,194.153,9.269,1.208
63660,11.066,42.427,201.302,9.033,1.431
63720,9.594,34.332,178.890,8.689,1.144
63780,13.284,45.636,191.003,9.393,1.298
63840,13.949,47.492,192.472,9.698,1.377
63900,15.201,45.523,180.295,10.229,1.452
63960,16.624,42.034,155.583,10.208,1.313
64020,16.598,42.039,154.364,9.787,1.430
64080,18.188,43.533,152.265,10.163,1.499
64140,18.837,42.247,144.217,10.644,1.362
64200,20.102,44.905,146.165,10.929,1.573
64260,20.955,43.657,141.543,11.158,1.570
64320,21.400,41.831,130.320,11.226,1.423
64380,21.933,40.967,124.261,11.618,1.454
64440,23.746,43.509,126.726,12.035,1.635
64500,23.407,44.295,123.376,12.013,1.544
64560,23.153,44.051,123.211,11.900,1.545
64620,22.002,42.373,128.043,11.527,1.368
64680,21.053,42.992,135.366,11.195,1.401
64740,19.972,42.181,148.034,10.781,1.454
64800,18.420,39.639,136.166,8.838,1.143
64860,20.390,41.884,145.204,9.851,1.265
64920,21.403,43.564,149.145,10.096,1.311
64980,22.534,45.010,160.761,10.469,1.310
65040,21.683,44.632,164.432,10.485,1.226
65100,18.710,42.100,173.332,10.443,1.269
65160,19.556,42.808,180.473,10.457,1.266
65220,23.361,43.305,168.439,11.244,1.282
65280,23.069,41.918,163.019,11.084,1.225
65340,24.545,40.660,151.447,11.426,1.306
65400,25.263,40.136,142.710,11.824,1.243
65460,24.584,40.606,145.019,11.637,1.217
65520,22.774,40.456,154.290,11.450,1.204
65580,23.653,41.307,157.765,11.579,1.273
65640,23.593,40.747,157.930,11.963,1.244
65700,22.297,38.995,164.092,11.438,1.020
65760,21.225,37.915,162.773,11.066,1.147
65820,20.995,37.957,168.940,11.208,1.154
65880,22.277,36.224,152.916,11.418,1.221
65940,23.082,35.422,147.125,11.708,1.136
66000,23.199,35.628,147.164,11.847,1.061
66060,22.793,33.354,139.465,11.831,1.108
66120,23.987,35.417,135.392,12.126,1.082
66180,24.221,35.324,137.135,12.045,1.074
66240,23.807,33.485,137.518,12.498,1.097
66300,23.640,33.949,135.281,12.354,1.099
66360,23.936,33.530,136.087,12.240,0.991
66420,24.523,33.499,135.313,12.428,1.151
66480,24.106,32.845,133.010,12.387,0.977
66540,23.399,31.960,128.720,12.526,1.050
66600,-9999.000,-9999.000,-9999.000,-9999.000,-9999.000
66660,19.008,21.773,69.296,10.263,0.651
66720,20.567,24.779,83.878,11.723,0.884
66780,20.871,25.483,81.982,11.968,0.772
66840,19.038,22.057,78.966,12.109,0.930
66900,18.286,19.366,70.393,11.613,0.863
66960,18.703,21.006,72.856,11.736,0.977
67020,18.818,21.100,75.562,11.865,0.882
67080,18.994,20.646,74.735,11.876,0.738
67140,18.672,20.599,75.707,11.586,0.814
67200,18.256,19.952,69.335,11.367,0.893
67260,18.427,20.242,74.739,11.638,0.915
67320,18.362,20.822,76.240,11.782,0.818
67380,19.858,23.738,81.962,11.855,0.763
67440,19.799,23.591,86.384,11.743,0.800
67500,18.977,22.518,83.787,11.501,0.777
67560,18.764,22.071,83.196,11.363,0.684
67620,18.843,24.080,89.873,11.494,0.707
67680,16.927,19.048,80.870,10.888,0.678
67740,16.365,18.428,78.999,11.103,0.601
67800,15.734,17.015,77.003,10.661,0.527
67860,15.270,16.342,74.780,10.978,0.581
67920,13.067,13.438,73.784,10.300,0.543
67980,13.028,14.177,69.131,10.723,0.489
68040,13.002,14.367,70.459,10.135,0.498
68100,13.356,14.493,70.715,10.341,0.497
68160,13.624,14.417,71.743,10.573,0.533
68220,13.604,15.111,75.239,10.327,0.429
68280,13.854,16.028,78.265,10.464,0.485
68340,14.081,16.255,79.011,10.481,0.468
68400,-9999.000,-9999.000,-9999.000,-9999.000,-9999.000
68460,-9999.000,-9999.000,-9999.000,-9999.000,-9999.000
68520,-9999.000,-9999.000,-9999.000,-9999.000,-9999.000
68580,14.008,16.201,70.307,10.710,0.561
68640,13.340,15.124,71.385,10.933,0.488
68700,12.782,13.799,68.064,10.755,0.442
68760,12.256,12.555,65.100,10.646,0.499
68820,11.908,12.277,64.087,10.369,0.430
68880,11.286,11.462,60.670,10.227,0.430
68940,11.309,11.542,61.181,10.333,0.421
69000,10.911,11.480,60.209,10.128,0.468
69060,10.827,11.838,59.804,10.268,0.517
69120,10.956,11.947,59.006,10.575,0.423
69180,10.310,10.953,55.202,10.210,0.470
69240,9.297,9.642,50.545,9.021,0.408
69300,8.482,8.390,46.469,8.545,0.211
69360,7.675,6.699,38.873,8.076,0.296
69420,7.703,6.943,35.146,8.153,0.293
69480,7.878,7.477,38.150,8.216,0.418
69540,7.797,7.611,34.407,8.237,0.371
69600,7.475,7.053,33.617,8.293,0.295
69660,5.613,4.408,26.587,6.699,0.217
69720,6.273,5.553,29.140,6.903,0.184
69780,7.127,7.647,31.112,7.430,0.399
69840,6.236,6.024,29.319,6.787,0.331
69900,5.100,4.813,22.647,6.043,0.211
69960,5.462,4.895,26.678,6.166,0.335
70020,6.199,6.012,28.902,6.396,0.287
70080,7.094,6.419,37.003,7.105,0.442
70140,6.773,6.768,35.898,6.759,0.392
70200,5.652,5.551,33.418,6.066,0.405
70260,5.304,5.203,31.950,6.060,0.276
70320,4.187,3.902,21.437,4.324,0.209
70380,5.691,5.368,27.509,6.077,0.417
70440,6.459,7.470,32.912,6.747,0.312
70500,6.700,7.543,33.108,6.676,0.337
70560,7.758,7.064,34.724,7.421,0.387
70620,8.535,7.318,36.044,7.550,0.506
70680,8.074,7.035,36.095,7.483,0.475
70740,8.001,7.829,33.665,7.269,0.471
70800,8.205,7.318,36.375,7.453,0.430
70860,8.381,7.115,36.530,7.187,0.491
70920,8.040,8.290,37.850,7.281,0.617
70980,8.482,7.541,39.299,6.949,0.365
71040,8.678,8.313,37.768,7.097,0.382
71100,9.746,9.094,37.930,8.171,0.558
71160,9.754,9.537,37.889,8.362,0.676
71220,9.227,9.121,38.301,8.308,0.748
71280,9.039,8.148,35.824,8.039,0.705
71340,8.877,8.634,35.093,7.691,0.634
71400,8.729,8.718,33.399,7.578,0.533
71460,9.507,8.918,35.863,7.882,0.614
71520,9.866,9.247,37.328,8.720,0.643
71580,9.574,8.689,36.549,8.205,0.747
71640,8.892,8.420,34.655,8.082,0.746
71700,8.642,8.275,33.657,7.770,0.719
71760,9.024,8.146,35.215,8.031,0.659
71820,9.210,8.276,32.910,7.728,0.671
71880,9.670,8.618,34.159,8.313,0.656
71940,9.381,8.134,31.703,7.931,0.779
72000,9.529,8.453,31.122,7.903,0.714
72060,9.266,8.610,29.885,7.740,0.680
72120,9.452,8.554,34.132,7.821,0.728
72180,8.656,8.470,26.781,7.211,0.709
72240,9.311,9.013,30.985,8.583,0.742
72300,9.335,8.743,32.443,8.391,0.672
72360,9.621,8.689,29.377,8.329,0.446
72420,10.125,9.380,34.322,8.935,0.589
72480,9.962,8.790,30.337,8.694,0.740
72540,10.112,9.475,35.078,9.106,0.781
72600,10.263,9.274,35.569,8.786,0.693
72660,10.525,9.971,37.354,9.163,0.744
72720,10.765,10.199,33.814,9.371,0.745
72780,10.485,9.424,37.344,9.208,0.718
