CampaignData_and_Merges/R0/CSL_MobileLab_Parked/raw/20240717/USOS-NOAAIodideCIMS-HNO3_MobileLabGround_20240717_RA.ict
34, 1001
Michael A Robinson, Chris Jernigan, Subi Thakali
NOAA ESRL Chemical Sciences Laboratory and CIRES, U. of Colorado
NOAA Iodide CIMS Instrument
USOS
1, 1
2024, 07, 17, 2024, 07, 18
0
starttime_UTC, seconds_past_midnight, seconds_of_day_since_00:00:00_UTC
1
1
-9999
HNO3_NOAACIMS, pptv, Gas_HNO3_InSitu_S_AVMR
1
N/A
18
PI_CONTACT_INFO: 325 Broadway, R/CSD 7, Boulder, Colorado 80305; michael.a.robinson@noaa.gov; chris.jernigan@noaa.gov;
PLATFORM: NOAA CSL Mobile Lab
LOCATION: SLC, Utah
ASSOCIATED_DATA: 1Hz data also available on request.
INSTRUMENT_INFO: NOAA I- ToF CIMS
DATA_INFO: Units: pptv
UNCERTAINTY: tbd
ULOD_FLAG: -7777
ULOD_VALUE: N/A
LLOD_FLAG: -8888
LLOD_VALUE: N/A
DM_CONTACT_INFO: Nathan Howard; nathan.h.howard@noaa.gov
PROJECT_INFO: USOS, summer 2024. https://csl.noaa.gov/groups/csl7/measurements/2024usos/
STIPULATIONS_ON_USE: only the USOS science team is allowed to use this data
OTHER_COMMENTS: Field data; Data are averaged to 1 minute intervals. Stationary data collected from a 10 ft tower on top of the mobile lab
REVISION: RA
RA: Preliminary Data; For in-field use only
starttime_UTC, HNO3_NOAACIMS
[from data line 1151]
69060,1228.997
69120,1313.944
69180,1366.094
69240,1341.890
69300,1251.885
69360,1200.776
69420,1223.806
69480,1301.711
69540,1342.770
69600,1346.071
69660,1186.588
69720,1113.887
69780,1240.409
69840,1167.987
69900,1107.796
69960,1087.779
70020,1009.994
70080,969.349
70140,944.177
70200,923.292
70260,923.986
70320,753.174
70380,818.130
70440,872.966
70500,879.852
70560,1015.372
70620,1152.415
70680,1160.895
70740,1215.601
70800,1236.594
70860,1401.093
70920,1291.984
70980,1244.053
71040,1308.601
71100,1324.555
71160,1402.375
71220,1337.927
71280,1382.548
71340,1471.788
71400,1514.777
71460,1464.574
71520,1571.247
71580,1568.753
71640,1391.014
71700,1334.752
71760,1412.390
71820,1529.510
71880,1581.897
71940,1686.967
72000,1836.672
72060,1815.651
72120,1674.916
72180,1542.096
72240,1638.533
72300,1632.716
72360,1713.597
72420,1747.567
72480,1582.909
72540,1502.201
72600,1434.950
72660,1490.566
72720,1726.538
72780,1744.398
72840,1639.535
72900,1697.303
72960,1702.006
73020,1915.950
73080,1956.269
73140,1894.608
73200,1769.234
73260,1638.603
73320,1688.452
73380,1758.451
73440,1917.959
73500,1721.632
73560,1652.919
73620,1744.912
73680,1809.437
73740,1769.814
73800,1822.100
73860,1899.618
73920,1950.381
73980,1922.302
74040,1548.921
74100,1530.176
74160,1399.619
74220,1629.074
74280,1628.451
74340,1478.046
74400,1490.152
74460,1493.297
74520,1557.578
74580,1594.654
74640,1655.050
74700,1785.699
74760,1822.885
74820,1752.768
74880,1831.945
74940,1751.852
75000,1789.392
75060,1734.369
75120,1703.250
75180,1698.205
75240,1705.572
75300,1645.324
75360,1576.549
75420,1438.797
75480,1472.804
75540,1409.021
75600,1368.472
75660,1369.188
75720,1384.205
75780,1516.710
75840,1369.291
75900,1383.306
75960,1541.568
76020,1750.253
76080,1786.579
76140,1701.213
76200,1770.786
76260,1834.146
76320,1843.598
76380,1917.150
76440,1923.624
76500,2005.410
76560,2001.893
76620,1922.199
76680,1946.965
76740,1822.074
76800,1814.742
76860,1856.496
76920,1870.985
76980,1871.917
77040,1818.513
77100,1714.097
77160,1644.360
77220,1589.914
77280,1617.757
77340,1637.915
77400,1643.505
77460,1559.321
77520,1644.176
77580,1549.239
77640,1593.966
77700,1088.801
77760,1485.782
77820,1634.425
77880,1733.733
77940,1860.273
78000,1873.939
78060,1885.512
78120,1945.171
78180,1927.573
78240,1828.644
78300,1889.135
78360,2024.109
78420,1943.583
78480,1706.930
78540,1775.172
78600,1773.190
78660,1819.055
78720,1810.564
78780,1854.895
78840,1916.117
78900,1921.491
78960,1775.025
79020,1930.637
79080,1908.450
79140,1826.288
79200,1782.869
79260,1783.570
79320,1756.242
79380,1775.009
79440,1668.714
79500,1794.931
79560,1414.662
79620,1477.898
79680,1599.114
79740,1700.941
79800,1633.814
79860,1625.435
79920,1527.572
79980,1526.682
80040,1459.386
80100,1356.876
80160,1430.740
80220,1422.689
80280,1391.018
80340,1375.242
80400,1498.921
80460,1576.250
80520,1704.384
80580,1730.558
80640,1674.077
80700,1685.288
80760,1762.577
80820,1747.757
80880,1742.505
80940,1672.607
81000,1678.859
81060,1740.019
81120,1813.220
81180,1830.118
81240,1677.678
81300,1634.706
81360,1573.854
81420,1208.948
81480,1382.652
81540,1411.351
81600,1429.374
81660,1371.926
81720,1341.067
81780,1269.405
81840,1293.457
81900,1318.509
81960,1293.856
82020,1211.944
82080,1237.930
82140,1277.898
82200,1267.861
82260,1297.486
82320,1258.601
82380,1364.276
82440,1419.582
82500,1411.283
82560,1312.650
82620,1385.718
82680,1381.029
82740,1476.785
82800,1432.368
82860,1381.677
82920,1418.237
82980,1466.212
83040,1540.559
83100,1520.704
83160,1470.218
83220,1439.114
83280,1302.690
83340,1477.483
83400,1533.879
83460,1442.836
83520,1444.632
83580,1387.093
83640,1337.593
83700,1307.446
83760,1153.415
83820,1117.464
83880,1172.763
83940,1167.330
84000,1319.288
84060,1440.990
84120,1457.875
84180,1496.081
84240,1405.134
84300,1458.125
84360,1559.057
84420,1553.308
84480,1534.915
84540,1510.876
84600,1367.935
84660,1244.847
84720,1298.173
84780,1418.449
84840,1356.880
84900,1453.205
84960,1368.190
85020,1448.148
85080,-9999.000
85140,1160.331
85200,1200.537
85260,1224.833
85320,1361.697
85380,1395.694
85440,1353.670
85500,1361.453
85560,1347.048
85620,1471.704
85680,1645.425
85740,1702.338
85800,1623.838
85860,1712.525
85920,1753.501
85980,1782.876
86040,1784.912
86100,1747.304
86160,1738.667
86220,1720.980
86280,1734.146
86340,1644.246
