CampaignData_and_Merges/R0/CSL_MobileLab_Parked/raw/20240717/USOS-MetNav_MobileLabGround_20240717_R0.ict
44, 1001
Carrie Womack, Nate Howard, Mike Zucker
NOAA Chemical Sciences Laboratory
Mobile Lab MetNav Station
USOS
1, 1
2024, 07, 17, 2024, 12, 21
60
Time_Start, seconds_past_midnight, Seconds from midnight UTC
11
1, 1, 1, 1, 1, 1, 1, 1, 1, 1, 1
-9999, -9999, -9999, -9999, -9999, -9999, -9999, -9999, -9999, -9999, -9999
GPS_Alt_m, meters, Altitude from Differential GPS
GPS_Course_deg, degrees, Course from Differential GPS
GPS_GndSpd_m_s, m/s, Ground Speed from Differential GPS
GPS_Heading_deg, degrees, Heading from Differential GPS
GPS_Lat_deg, degrees, Latitude from Differential GPS
GPS_Lon_deg, degrees, Longitude from Differential GPS
AirTemp_C, Celsius, Air Temperature from Airmar
RelHumidity_pct, percent, Relative Humidity from Airmar
Pressure_mb, millibars, Pressure from Honeywell
WindDir_calc_deg, degrees, Wind Direction from Airmar corrected for van movement
WindSpd_calc_m_s, m/s, Wind Speed from Airmar corrected for van movement
1
SPECIAL COMMENTS:
18
PI_CONTACT_INFO: Address: 325 Broadway R/CSL7, Boulder, CO, 80305
PLATFORM: CSL Mobile Lab
LOCATION: Salt Lake City, UT
ASSOCIATED_DATA: N/A
INSTRUMENT_INFO: N/A
DATA_INFO: Units:
UNCERTAINTY: N/A
ULOD_FLAG: -7777
ULOD_VALUE: N/A
LLOD_FLAG: -8888
LLOD_VALUE: N/A
DM_CONTACT_INFO: Data Manager: Nate Howard
PROJECT_INFO: 
STIPULATIONS_ON_USE: Use of these data require prior ok from PI.
OTHER_COMMENTS: 
REVISION: R0
R0: Final data. Fixed bug in wind averaging code. RA: Preliminary Data. For in-field use only. 
Time_Start, GPS_Alt_m, GPS_Course_deg, GPS_GndSpd_m_s, GPS_Heading_deg, GPS_Lat_deg, GPS_Lon_deg, AirTemp_C, RelHumidity_pct, Pressure_mb, WindDir_calc_deg, WindSpd_calc_m_s
[from data line 1391]
83460.0,1309.4,359.96,0.05,359.96,40.73435,-111.87211,41.1,12.3,874.8,143.70,2.2
83520.0,1309.3,0.11,0.05,0.11,40.73435,-111.87211,40.8,13.7,874.8,140.86,2.7
83580.0,1309.0,359.95,0.05,359.95,40.73435,-111.87211,40.8,13.2,874.8,150.73,1.8
83640.0,1308.6,359.37,0.06,359.37,40.73435,-111.87210,40.8,13.2,874.8,86.14,0.6
83700.0,1308.0,359.21,0.05,359.21,40.73436,-111.87210,40.9,13.3,874.8,91.52,0.8
83760.0,1308.1,359.25,0.05,359.25,40.73435,-111.87210,40.7,13.5,874.8,82.08,0.9
83820.0,1308.5,359.16,0.05,359.16,40.73435,-111.87210,40.7,13.8,874.8,90.48,1.0
83880.0,1308.4,359.28,0.05,359.28,40.73436,-111.87210,40.5,13.6,874.8,99.72,1.3
83940.0,1308.5,359.10,0.05,359.10,40.73436,-111.87210,40.4,14.2,874.8,110.60,1.6
84000.0,1308.4,358.67,0.04,358.67,40.73436,-111.87210,40.4,13.1,874.8,120.64,2.0
84060.0,1308.3,358.61,0.05,358.61,40.73436,-111.87210,40.5,12.7,874.8,122.07,1.6
84120.0,1308.5,359.01,0.06,359.01,40.73436,-111.87210,40.6,12.7,874.8,128.77,1.5
84180.0,1308.6,359.04,0.07,359.04,40.73436,-111.87210,40.3,13.1,874.8,122.55,3.4
84240.0,1308.6,359.19,0.05,359.19,40.73435,-111.87210,40.0,13.2,874.8,127.31,3.6
84300.0,1308.7,358.58,0.05,358.58,40.73435,-111.87210,39.7,12.4,874.8,124.15,3.3
84360.0,1309.2,358.42,0.05,358.42,40.73435,-111.87210,39.8,13.2,874.8,126.65,1.9
84420.0,1309.6,358.60,0.05,358.60,40.73435,-111.87210,39.9,12.8,874.8,133.91,1.1
84480.0,1309.6,358.95,0.06,358.95,40.73435,-111.87210,40.0,12.8,874.8,125.63,1.7
84540.0,1309.6,359.08,0.05,359.08,40.73435,-111.87210,40.1,13.1,874.8,96.06,1.1
84600.0,1309.7,358.96,0.05,358.96,40.73435,-111.87210,40.2,13.8,874.8,92.22,1.0
84660.0,1310.1,359.26,0.04,359.26,40.73435,-111.87210,40.0,14.4,874.8,75.85,0.9
84720.0,1310.2,359.07,0.04,359.07,40.73435,-111.87210,40.0,14.4,874.8,87.07,1.0
84780.0,1310.3,358.46,0.05,358.46,40.73435,-111.87211,40.0,13.5,874.8,107.70,1.4
84840.0,1310.3,358.53,0.05,358.53,40.73435,-111.87211,39.9,14.0,874.8,95.83,1.1
84900.0,1310.3,358.32,0.04,358.32,40.73435,-111.87211,40.1,13.5,874.8,76.81,0.6
84960.0,1310.3,358.76,0.05,358.76,40.73435,-111.87211,40.2,14.0,874.8,78.94,1.0
85020.0,1310.3,358.25,0.05,358.25,40.73435,-111.87211,40.1,13.8,874.8,74.64,0.8
85080.0,1310.4,358.21,0.05,358.21,40.73435,-111.87211,40.2,13.7,874.8,79.37,0.7
85140.0,1310.5,358.18,0.05,358.18,40.73435,-111.87211,40.1,13.1,874.8,67.73,0.5
85200.0,1310.6,358.30,0.05,358.30,40.73435,-111.87211,40.4,13.4,874.8,76.67,0.8
85260.0,1310.6,358.12,0.05,358.12,40.73435,-111.87211,40.4,13.8,874.8,79.44,1.0
85320.0,1310.5,357.93,0.05,357.93,40.73435,-111.87211,40.3,13.4,874.8,84.03,1.0
85380.0,1310.8,357.87,0.05,357.87,40.73435,-111.87211,40.2,13.5,874.8,91.60,1.1
85440.0,1310.8,358.09,0.05,358.09,40.73435,-111.87211,40.0,13.3,874.8,78.04,0.9
85500.0,1310.8,357.91,0.06,357.91,40.73435,-111.87211,39.8,13.2,874.8,66.03,1.0
85560.0,1310.9,358.01,0.05,358.01,40.73435,-111.87211,39.9,13.2,874.8,78.07,0.7
85620.0,1311.2,358.54,0.06,358.54,40.73435,-111.87211,39.6,13.0,874.8,69.37,0.9
85680.0,1311.2,358.70,0.06,358.70,40.73435,-111.87211,39.4,12.7,874.8,70.94,0.9
85740.0,1311.0,358.39,0.06,358.39,40.73435,-111.87211,39.1,12.8,874.8,76.62,1.1
85800.0,1310.8,358.59,0.06,358.59,40.73435,-111.87211,39.1,13.3,874.8,114.32,1.8
85860.0,1310.8,358.49,0.05,358.49,40.73435,-111.87211,39.0,12.3,874.8,112.97,1.8
85920.0,1310.9,358.83,0.05,358.83,40.73435,-111.87211,39.1,12.5,874.8,123.83,2.1
85980.0,1311.0,358.85,0.05,358.85,40.73435,-111.87211,39.1,12.5,874.8,143.15,2.1
86040.0,1311.1,359.21,0.05,359.21,40.73435,-111.87211,39.2,12.5,874.8,134.46,1.8
86100.0,1311.4,359.12,0.05,359.12,40.73435,-111.87211,39.3,12.5,874.8,119.09,1.1
86160.0,1311.7,359.25,0.04,359.25,40.73435,-111.87211,39.5,12.9,874.8,87.23,0.7
86220.0,1311.7,359.48,0.05,359.48,40.73435,-111.87211,39.6,12.9,874.7,103.31,0.9
86280.0,1311.7,358.96,0.05,358.96,40.73435,-111.87211,39.8,12.7,874.7,87.55,0.7
86340.0,1311.6,359.05,0.04,359.05,40.73435,-111.87211,39.9,13.0,874.7,90.69,0.6
