CampaignData_and_Merges/R0/CSL_MobileLab_Parked/raw/20240717/USOS-MetNav_MobileLabGround_20240717_R0.ict
44, 1001
Carrie Womack, Nate Howard, Mike Zucker
NOAA Chemical Sciences Laboratory
Mobile Lab MetNav Station
USOS
1, 1
2024, 07, 17, 2024, 12, 21
60
Time_Start, seconds_past_midnight, Seconds from midnight UTC
11
1, 1, 1, 1, 1, 1, 1, 1, 1, 1, 1
-9999, -9999, -9999, -9999, -9999, -9999, -9999, -9999, -9999, -9999, -9999
GPS_Alt_m, meters, Altitude from Differential GPS
GPS_Course_deg, degrees, Course from Differential GPS
GPS_GndSpd_m_s, m/s, Ground Speed from Differential GPS
GPS_Heading_deg, degrees, Heading from Differential GPS
GPS_Lat_deg, degrees, Latitude from Differential GPS
GPS_Lon_deg, degrees, Longitude from Differential GPS
AirTemp_C, Celsius, Air Temperature from Airmar
RelHumidity_pct, percent, Relative Humidity from Airmar
Pressure_mb, millibars, Pressure from Honeywell
WindDir_calc_deg, degrees, Wind Direction from Airmar corrected for van movement
WindSpd_calc_m_s, m/s, Wind Speed from Airmar corrected for van movement
1
SPECIAL COMMENTS:
18
PI_CONTACT_INFO: Address: 325 Broadway R/CSL7, Boulder, CO, 80305
PLATFORM: CSL Mobile Lab
LOCATION: Salt Lake City, UT
ASSOCIATED_DATA: N/A
INSTRUMENT_INFO: N/A
DATA_INFO: Units:
UNCERTAINTY: N/A
ULOD_FLAG: -7777
ULOD_VALUE: N/A
LLOD_FLAG: -8888
LLOD_VALUE: N/A
DM_CONTACT_INFO: Data Manager: Nate Howard
PROJECT_INFO: 
STIPULATIONS_ON_USE: Use of these data require prior ok from PI.
OTHER_COMMENTS: 
REVISION: R0
R0: Final data. Fixed bug in wind averaging code. RA: Preliminary Data. For in-field use only. 
Time_Start, GPS_Alt_m, GPS_Course_deg, GPS_GndSpd_m_s, GPS_Heading_deg, GPS_Lat_deg, GPS_Lon_deg, AirTemp_C, RelHumidity_pct, Pressure_mb, WindDir_calc_deg, WindSpd_calc_m_s
[from data line 798]
47880.0,1309.1,358.96,0.04,358.96,40.73435,-111.87211,23.5,29.5,877.3,115.55,1.7
47940.0,1309.0,358.88,0.05,358.88,40.73435,-111.87211,23.6,29.6,877.3,122.07,2.3
48000.0,1309.0,358.98,0.04,358.98,40.73435,-111.87211,23.7,29.6,877.3,92.14,0.6
48060.0,1308.8,359.36,0.05,359.36,40.73435,-111.87211,23.8,29.4,877.3,110.42,1.3
48120.0,1308.8,359.41,0.04,359.41,40.73435,-111.87210,24.0,29.5,877.3,122.14,1.9
48180.0,1308.9,358.98,0.04,358.98,40.73435,-111.87210,24.2,29.3,877.3,121.14,1.3
48240.0,1309.0,358.53,0.05,358.53,40.73435,-111.87210,24.4,29.2,877.3,120.22,0.9
48300.0,1309.0,358.82,0.04,358.82,40.73435,-111.87210,24.5,29.2,877.3,115.39,1.7
48360.0,1308.9,359.09,0.04,359.09,40.73435,-111.87210,24.6,28.8,877.3,117.89,1.6
48420.0,1308.9,359.42,0.04,359.42,40.73435,-111.87210,24.8,29.1,877.3,128.00,1.5
48480.0,1308.9,359.44,0.05,359.44,40.73435,-111.87210,25.0,29.1,877.3,119.82,1.7
48540.0,1308.9,359.39,0.04,359.39,40.73435,-111.87210,25.1,28.8,877.3,126.53,1.3
48600.0,1308.9,359.37,0.05,359.37,40.73435,-111.87210,25.3,29.0,877.3,119.93,1.2
48660.0,1308.8,359.69,0.04,359.69,40.73435,-111.87210,25.2,28.5,877.3,116.38,2.3
48720.0,1308.8,359.45,0.04,359.45,40.73434,-111.87210,25.2,28.3,877.3,123.13,2.7
48780.0,1308.8,359.53,0.04,359.53,40.73434,-111.87210,25.3,28.9,877.4,127.11,1.8
48840.0,1308.8,359.75,0.04,359.75,40.73434,-111.87210,25.4,28.6,877.4,121.33,1.8
48900.0,1308.7,359.63,0.04,359.63,40.73434,-111.87210,25.5,28.7,877.4,125.59,2.8
48960.0,1308.6,359.60,0.04,359.60,40.73434,-111.87210,25.5,28.5,877.4,116.34,2.3
49020.0,1308.5,359.40,0.05,359.40,40.73434,-111.87210,25.5,28.8,877.4,113.86,1.9
49080.0,1308.5,359.38,0.04,359.38,40.73434,-111.87210,25.6,28.6,877.4,126.40,2.3
49140.0,1308.5,359.50,0.05,359.50,40.73434,-111.87210,25.6,28.8,877.4,129.96,2.5
49200.0,1308.7,0.16,0.05,0.16,40.73434,-111.87210,25.7,28.2,877.4,129.51,1.9
49260.0,1308.6,359.41,0.05,359.41,40.73434,-111.87211,25.7,28.2,877.4,131.86,2.4
49320.0,1308.5,359.04,0.05,359.04,40.73434,-111.87211,25.9,28.5,877.5,121.48,1.1
49380.0,1308.4,359.35,0.04,359.35,40.73434,-111.87211,25.9,28.3,877.5,135.73,3.1
49440.0,1308.3,359.17,0.05,359.17,40.73434,-111.87211,25.8,28.3,877.5,122.81,3.3
49500.0,1308.5,359.37,0.05,359.37,40.73434,-111.87211,26.0,28.4,877.5,118.03,1.9
49560.0,1308.8,359.13,0.05,359.13,40.73434,-111.87211,25.9,28.2,877.5,121.21,2.5
49620.0,1309.1,358.81,0.06,358.81,40.73434,-111.87211,25.9,28.2,877.5,128.01,2.6
49680.0,1309.2,358.46,0.05,358.46,40.73434,-111.87211,26.0,27.9,877.6,108.25,1.5
49740.0,1309.3,359.05,0.04,359.05,40.73434,-111.87211,26.0,28.3,877.6,127.11,3.0
49800.0,1309.3,359.17,0.05,359.17,40.73434,-111.87211,26.0,28.5,877.6,127.15,3.0
49860.0,1309.3,359.24,0.04,359.24,40.73435,-111.87210,26.0,28.8,877.6,131.50,2.7
49920.0,1309.2,359.23,0.05,359.23,40.73435,-111.87210,26.0,28.3,877.6,125.60,3.1
49980.0,1309.3,359.36,0.05,359.36,40.73434,-111.87210,26.1,28.5,877.6,135.42,2.5
50040.0,1309.5,359.70,0.05,359.70,40.73434,-111.87211,26.1,29.0,877.6,130.17,2.9
50100.0,1309.6,0.06,0.04,0.06,40.73434,-111.87211,26.1,28.9,877.7,137.33,4.1
50160.0,1309.6,359.53,0.04,359.53,40.73434,-111.87211,26.0,28.8,877.7,127.43,3.2
50220.0,1309.7,359.36,0.04,359.36,40.73434,-111.87211,26.1,28.9,877.7,131.96,2.6
50280.0,1309.8,359.48,0.04,359.48,40.73434,-111.87210,26.2,29.0,877.7,127.25,2.9
50340.0,1309.8,359.63,0.04,359.63,40.73434,-111.87210,26.2,28.6,877.7,122.85,2.6
50400.0,1309.7,359.36,0.04,359.36,40.73435,-111.87210,26.1,28.7,877.7,128.73,3.8
50460.0,1309.6,359.46,0.05,359.46,40.73435,-111.87211,26.0,28.4,877.7,130.79,3.8
50520.0,1309.7,359.06,0.04,359.06,40.73435,-111.87211,26.1,28.6,877.7,133.44,3.2
50580.0,1309.7,359.09,0.05,359.09,40.73435,-111.87211,26.1,28.9,877.7,129.56,4.3
50640.0,1309.7,359.36,0.05,359.36,40.73435,-111.87211,26.0,28.5,877.7,126.03,5.2
50700.0,1309.7,359.24,0.05,359.24,40.73435,-111.87211,25.8,28.5,877.7,122.09,4.2
50760.0,1309.6,358.82,0.05,358.82,40.73434,-111.87211,25.9,28.7,877.7,123.45,3.8
50820.0,1309.7,358.35,0.05,358.35,40.73434,-111.87211,25.9,28.5,877.7,126.47,3.6
50880.0,1309.7,358.72,0.04,358.72,40.73435,-111.87211,26.0,28.6,877.7,119.56,2.6
50940.0,1309.7,358.94,0.05,358.94,40.73435,-111.87211,26.0,28.8,877.7,109.33,2.4
51000.0,1309.5,359.61,0.05,359.61,40.73435,-111.87211,26.0,28.8,877.7,125.73,3.2
51060.0,1309.6,359.72,0.04,359.72,40.73435,-111.87211,26.1,28.9,877.7,125.06,2.8
51120.0,1309.7,359.80,0.04,359.80,40.73435,-111.87211,26.4,28.9,877.7,131.59,1.9
51180.0,1309.8,358.74,0.05,358.74,40.73435,-111.87211,26.5,29.4,877.7,129.13,2.3
51240.0,1309.9,359.06,0.05,359.06,40.73435,-111.87211,26.4,28.7,877.7,124.78,4.2
51300.0,1310.0,359.57,0.05,359.57,40.73435,-111.87211,26.4,28.3,877.7,121.70,2.9
51360.0,1310.0,359.83,0.04,359.83,40.73435,-111.87211,26.5,28.2,877.7,132.54,2.6
51420.0,1310.0,359.04,0.05,359.04,40.73435,-111.87211,26.4,28.3,877.7,128.43,4.9
51480.0,1309.7,359.45,0.05,359.45,40.73435,-111.87211,26.5,28.5,877.7,129.40,3.1
51540.0,1309.5,359.07,0.06,359.07,40.73435,-111.87211,26.5,28.2,877.7,127.79,3.7
51600.0,1309.5,359.57,0.06,359.57,40.73435,-111.87211,26.5,28.2,877.7,122.43,4.1
51660.0,1309.4,359.24,0.06,359.24,40.73435,-111.87211,26.6,28.2,877.8,126.92,3.1
51720.0,1309.1,359.37,0.04,359.37,40.73435,-111.87211,26.6,28.1,877.8,122.81,4.0
51780.0,1309.1,358.83,0.05,358.83,40.73435,-111.87211,26.7,28.5,877.8,122.06,2.3
51840.0,1309.2,359.31,0.05,359.31,40.73435,-111.87211,26.8,28.2,877.8,120.30,2.7
51900.0,1309.8,358.76,0.05,358.76,40.73435,-111.87211,26.8,28.7,877.8,112.70,1.9
51960.0,1309.4,358.76,0.05,358.76,40.73435,-111.87211,26.8,27.9,877.8,123.34,3.6
52020.0,1308.8,359.46,0.05,359.46,40.73435,-111.87211,26.8,27.7,877.8,117.70,3.5
52080.0,1308.4,359.21,0.05,359.21,40.73435,-111.87211,26.8,27.8,877.8,125.62,3.4
52140.0,1309.0,359.10,0.05,359.10,40.73435,-111.87211,26.9,27.6,877.8,116.92,2.9
52200.0,1308.9,359.06,0.05,359.06,40.73435,-111.87211,27.0,27.8,877.8,123.01,2.1
52260.0,1308.9,359.15,0.04,359.15,40.73435,-111.87211,26.9,27.1,877.8,121.82,3.9
52320.0,1308.9,359.04,0.05,359.04,40.73435,-111.87211,27.1,27.6,877.8,123.50,2.1
52380.0,1308.8,358.50,0.05,358.50,40.73435,-111.87211,27.2,27.4,877.8,116.63,1.8
52440.0,1308.8,358.95,0.05,358.95,40.73435,-111.87211,27.3,27.2,877.8,116.09,2.1
52500.0,1308.7,358.97,0.06,358.97,40.73435,-111.87211,27.5,27.4,877.8,119.82,1.7
52560.0,1308.6,358.53,0.04,358.53,40.73435,-111.87211,27.5,27.1,877.8,120.67,2.1
52620.0,1308.5,357.97,0.04,357.97,40.73435,-111.87211,27.6,26.9,877.8,119.40,2.2
52680.0,1308.8,358.83,0.05,358.83,40.73435,-111.87211,27.8,27.0,877.8,114.57,1.1
52740.0,1308.8,359.76,0.05,359.76,40.73435,-111.87211,27.9,27.0,877.9,127.06,2.0
52800.0,1309.1,0.14,0.04,0.14,40.73435,-111.87211,27.7,26.7,877.9,83.88,1.5
52860.0,1309.0,0.29,0.05,0.29,40.73435,-111.87211,27.9,26.4,877.9,122.90,2.7
52920.0,1309.0,359.75,0.05,359.75,40.73435,-111.87211,27.9,26.5,877.9,116.63,2.2
52980.0,1309.0,359.03,0.06,359.03,40.73435,-111.87211,28.1,26.7,877.9,124.34,1.8
53040.0,1308.9,358.96,0.06,358.96,40.73435,-111.87211,28.2,26.5,877.9,126.14,1.7
53100.0,1308.8,358.89,0.05,358.89,40.73435,-111.87211,28.2,26.0,877.9,118.23,2.4
53160.0,1308.6,358.95,0.05,358.95,40.73435,-111.87211,28.2,25.8,877.9,117.94,2.4
53220.0,1308.6,358.95,0.06,358.95,40.73435,-111.87211,28.4,25.9,877.9,110.24,1.5
53280.0,1308.7,358.93,0.06,358.93,40.73435,-111.87211,28.6,26.3,877.9,127.64,1.8
53340.0,1308.7,359.24,0.06,359.24,40.73435,-111.87211,28.6,26.3,877.9,115.70,1.6
53400.0,1308.6,359.43,0.05,359.43,40.73435,-111.87211,28.6,26.1,877.9,122.36,2.8
53460.0,1308.8,359.09,0.05,359.09,40.73435,-111.87211,28.6,25.4,877.9,120.88,2.8
53520.0,1308.9,359.30,0.05,359.30,40.73435,-111.87210,28.6,25.4,877.9,116.48,2.1
53580.0,1308.4,359.33,0.05,359.33,40.73435,-111.87211,28.7,25.8,877.9,126.80,2.1
53640.0,1308.3,359.45,0.06,359.45,40.73435,-111.87211,28.9,26.2,877.9,122.73,1.3
53700.0,1308.1,358.97,0.05,358.97,40.73435,-111.87211,29.1,25.9,878.0,109.96,1.1
53760.0,1308.5,359.17,0.05,359.17,40.73435,-111.87211,29.2,25.7,878.0,108.51,1.1
53820.0,1309.1,359.57,0.05,359.57,40.73435,-111.87211,29.2,25.0,878.0,123.03,2.1
53880.0,1309.0,358.89,0.05,358.89,40.73435,-111.87211,29.3,24.9,878.0,121.61,1.5
53940.0,1308.9,358.82,0.05,358.82,40.73435,-111.87211,29.4,24.8,878.0,111.73,1.6
54000.0,1308.8,359.29,0.05,359.29,40.73435,-111.87211,29.5,24.6,877.9,125.88,1.8
54060.0,1308.9,359.12,0.05,359.12,40.73435,-111.87211,29.5,24.8,877.9,125.32,2.6
54120.0,1308.9,358.58,0.05,358.58,40.73435,-111.87211,29.5,25.2,877.9,118.28,2.2
54180.0,1309.0,358.20,0.05,358.20,40.73435,-111.87211,29.6,24.7,877.9,121.16,1.9
54240.0,1309.1,358.07,0.06,358.07,40.73435,-111.87211,29.5,24.8,877.9,121.03,3.1
54300.0,1309.1,358.19,0.06,358.19,40.73435,-111.87211,29.5,24.9,877.9,125.79,3.1
54360.0,1309.1,357.68,0.05,357.68,40.73435,-111.87211,29.5,24.6,878.0,120.89,2.6
54420.0,1309.2,358.52,0.05,358.52,40.73435,-111.87211,29.4,24.5,877.9,111.15,2.7
54480.0,1309.5,358.74,0.05,358.74,40.73435,-111.87211,29.4,24.1,878.0,119.14,3.2
54540.0,1310.1,358.73,0.05,358.73,40.73435,-111.87211,29.4,24.8,878.0,125.41,3.2
54600.0,1310.7,359.14,0.06,359.14,40.73435,-111.87211,29.2,24.3,877.9,118.21,4.0
54660.0,1310.9,359.33,0.06,359.33,40.73435,-111.87211,29.2,24.3,877.9,123.66,3.9
54720.0,1310.7,359.57,0.06,359.57,40.73435,-111.87211,29.1,24.6,877.9,123.27,4.2
54780.0,1310.5,0.26,0.05,0.26,40.73435,-111.87211,29.4,25.6,877.9,129.69,2.2
54840.0,1310.6,359.92,0.05,359.92,40.73435,-111.87211,29.4,24.7,877.9,115.24,2.1
54900.0,1310.5,359.36,0.05,359.36,40.73435,-111.87210,29.4,24.8,877.9,121.19,2.6
54960.0,1310.6,358.90,0.05,358.90,40.73435,-111.87210,29.6,24.7,877.9,116.09,1.6
55020.0,1310.5,359.90,0.05,359.90,40.73435,-111.87210,29.7,24.7,877.9,112.90,1.9
55080.0,1310.4,0.20,0.05,0.20,40.73435,-111.87210,29.7,24.3,877.9,126.47,2.9
55140.0,1310.7,0.10,0.06,0.10,40.73435,-111.87210,29.8,24.6,877.8,126.05,2.8
55200.0,1311.2,0.47,0.05,0.47,40.73435,-111.87210,29.8,24.6,877.9,127.85,3.2
55260.0,1311.3,359.74,0.06,359.74,40.73435,-111.87210,29.8,24.8,877.9,125.87,3.0
55320.0,1312.2,359.53,0.05,359.53,40.73435,-111.87210,29.9,24.5,877.9,116.81,2.0
55380.0,1312.2,0.18,0.06,0.18,40.73435,-111.87210,30.0,24.6,877.9,115.14,1.4
55440.0,1312.1,0.45,0.06,0.45,40.73435,-111.87210,30.2,24.6,877.9,124.15,1.2
55500.0,1311.1,0.43,0.06,0.43,40.73435,-111.87210,30.2,24.3,877.9,126.21,2.7
55560.0,1311.2,0.70,0.05,0.70,40.73435,-111.87210,30.2,24.4,878.0,123.96,2.3
55620.0,1311.5,0.82,0.06,0.82,40.73435,-111.87210,30.4,23.7,878.0,123.56,1.5
55680.0,1311.5,0.24,0.04,0.24,40.73435,-111.87210,30.6,23.9,878.0,106.41,1.0
55740.0,1311.5,359.74,0.05,359.74,40.73435,-111.87210,30.8,23.7,878.0,124.82,1.0
55800.0,1311.4,359.36,0.05,359.36,40.73435,-111.87210,30.9,23.8,878.0,122.91,1.9
55860.0,1311.4,359.16,0.05,359.16,40.73435,-111.87210,30.9,23.6,878.0,120.58,1.6
55920.0,1311.4,359.09,0.05,359.09,40.73435,-111.87210,30.9,23.5,877.9,104.84,1.3
55980.0,1311.2,358.87,0.06,358.87,40.73435,-111.87210,30.9,23.2,878.0,91.12,1.0
56040.0,1311.1,358.44,0.06,358.44,40.73435,-111.87210,31.0,23.1,878.0,123.51,2.3
56100.0,1310.9,359.15,0.07,359.15,40.73435,-111.87210,31.2,23.6,878.0,133.25,2.1
56160.0,1310.8,358.51,0.06,358.51,40.73435,-111.87210,31.2,23.3,878.0,110.92,1.4
56220.0,1310.5,358.62,0.05,358.62,40.73435,-111.87210,31.1,22.9,878.1,110.02,2.2
56280.0,1310.2,358.90,0.05,358.90,40.73435,-111.87210,31.1,22.9,878.1,127.82,3.0
56340.0,1310.2,359.18,0.06,359.18,40.73435,-111.87210,31.1,23.2,878.1,129.10,2.7
56400.0,1310.0,359.21,0.06,359.21,40.73435,-111.87210,31.1,23.0,878.1,118.35,2.2
56460.0,1310.0,359.12,0.05,359.12,40.73435,-111.87210,31.0,23.0,878.1,123.09,4.0
56520.0,1310.0,359.30,0.07,359.30,40.73435,-111.87210,31.2,23.2,878.1,119.32,1.3
56580.0,1310.1,359.73,0.05,359.73,40.73435,-111.87210,31.1,23.1,878.1,119.97,2.7
56640.0,1310.0,359.49,0.06,359.49,40.73435,-111.87210,31.0,23.0,878.1,123.81,3.5
56700.0,1310.1,359.70,0.05,359.70,40.73435,-111.87210,31.1,23.2,878.1,119.55,2.1
56760.0,1310.1,0.26,0.05,0.26,40.73435,-111.87210,30.9,22.5,878.1,118.07,2.8
56820.0,-9999.0,-9999.00,-9999.00,-9999.00,-9999.00000,-9999.00000,-9999.0,-9999.0,-9999.0,-9999.00,-9999.0
56880.0,-9999.0,-9999.00,-9999.00,-9999.00,-9999.00000,-9999.00000,-9999.0,-9999.0,-9999.0,-9999.00,-9999.0
56940.0,-9999.0,-9999.00,-9999.00,-9999.00,-9999.00000,-9999.00000,-9999.0,-9999.0,-9999.0,-9999.00,-9999.0
57000.0,-9999.0,-9999.00,-9999.00,-9999.00,-9999.00000,-9999.00000,-9999.0,-9999.0,-9999.0,-9999.00,-9999.0
57060.0,-9999.0,-9999.00,-9999.00,-9999.00,-9999.00000,-9999.00000,-9999.0,-9999.0,-9999.0,-9999.00,-9999.0
57120.0,-9999.0,-9999.00,-9999.00,-9999.00,-9999.00000,-9999.00000,-9999.0,-9999.0,-9999.0,-9999.00,-9999.0
57180.0,-9999.0,-9999.00,-9999.00,-9999.00,-9999.00000,-9999.00000,-9999.0,-9999.0,-9999.0,-9999.00,-9999.0
57240.0,-9999.0,-9999.00,-9999.00,-9999.00,-9999.00000,-9999.00000,-9999.0,-9999.0,-9999.0,-9999.00,-9999.0
57300.0,-9999.0,-9999.00,-9999.00,-9999.00,-9999.00000,-9999.00000,-9999.0,-9999.0,-9999.0,-9999.00,-9999.0
57360.0,-9999.0,-9999.00,-9999.00,-9999.00,-9999.00000,-9999.00000,-9999.0,-9999.0,-9999.0,-9999.00,-9999.0
57420.0,-9999.0,-9999.00,-9999.00,-9999.00,-9999.00000,-9999.00000,-9999.0,-9999.0,-9999.0,-9999.00,-9999.0
57480.0,-9999.0,-9999.00,-9999.00,-9999.00,-9999.00000,-9999.00000,-9999.0,-9999.0,-9999.0,-9999.00,-9999.0
57540.0,1309.9,359.79,0.06,359.79,40.73435,-111.87210,31.7,22.5,878.1,109.53,1.7
57600.0,1309.7,359.47,0.06,359.47,40.73435,-111.87210,31.5,21.9,878.1,126.12,3.5
57660.0,1309.6,359.70,0.06,359.70,40.73435,-111.87210,31.6,22.0,878.2,119.62,2.6
57720.0,1309.5,359.79,0.06,359.79,40.73435,-111.87210,31.7,22.0,878.1,122.82,2.0
57780.0,1309.4,359.77,0.06,359.77,40.73435,-111.87210,31.8,22.2,878.1,123.74,2.3
57840.0,1309.1,359.84,0.06,359.84,40.73435,-111.87210,31.9,22.4,878.0,120.43,1.9
57900.0,1309.2,0.08,0.05,0.08,40.73435,-111.87210,31.9,22.3,878.0,128.08,2.9
57960.0,1309.2,359.85,0.05,359.85,40.73435,-111.87210,32.1,23.3,878.0,127.48,2.1
58020.0,1309.3,358.72,0.06,358.72,40.73435,-111.87210,32.1,22.3,878.0,122.25,2.2
58080.0,1308.9,358.71,0.05,358.71,40.73435,-111.87210,32.3,22.5,878.0,113.99,1.1
58140.0,1309.0,359.31,0.05,359.31,40.73435,-111.87211,32.4,22.1,878.0,108.47,1.2
58200.0,1309.2,359.90,0.05,359.90,40.73435,-111.87211,32.5,22.8,878.0,121.97,2.2
58260.0,1309.3,0.75,0.05,0.75,40.73435,-111.87211,32.4,22.4,878.0,128.36,2.6
58320.0,1309.5,0.52,0.05,0.52,40.73435,-111.87211,32.6,22.5,878.0,107.53,1.2
58380.0,1309.5,0.58,0.05,0.58,40.73435,-111.87211,32.6,21.7,878.0,126.53,2.1
58440.0,1309.7,0.04,0.05,0.04,40.73435,-111.87211,32.5,22.0,878.0,124.04,3.2
58500.0,1309.6,359.88,0.05,359.88,40.73435,-111.87211,32.5,21.5,878.0,125.61,2.6
58560.0,1309.6,0.38,0.05,0.38,40.73435,-111.87211,32.5,22.5,878.0,125.79,2.4
58620.0,1309.5,0.06,0.05,0.06,40.73435,-111.87211,32.8,22.7,878.0,113.89,0.9
58680.0,1309.9,0.11,0.05,0.11,40.73435,-111.87211,32.9,22.3,878.1,132.80,2.6
58740.0,1309.9,0.38,0.05,0.38,40.73435,-111.87211,33.0,23.0,878.1,117.95,1.3
58800.0,1309.8,0.30,0.05,0.30,40.73435,-111.87211,33.1,23.1,878.1,115.44,1.5
58860.0,1309.8,0.12,0.05,0.12,40.73435,-111.87210,33.2,22.2,878.1,111.04,1.1
58920.0,1309.8,359.44,0.04,359.44,40.73435,-111.87211,33.4,21.9,878.1,113.87,1.4
58980.0,1309.8,358.70,0.04,358.70,40.73435,-111.87210,33.3,21.1,878.1,124.54,2.1
59040.0,1309.7,358.49,0.04,358.49,40.73435,-111.87210,33.3,21.6,878.1,106.62,1.5
59100.0,1309.6,358.42,0.05,358.42,40.73435,-111.87211,33.1,21.2,878.1,123.24,4.4
59160.0,1309.4,358.76,0.05,358.76,40.73435,-111.87211,32.8,21.0,878.1,117.27,3.2
59220.0,1309.3,359.10,0.05,359.10,40.73435,-111.87211,32.9,21.1,878.1,117.93,2.3
59280.0,1309.3,359.45,0.05,359.45,40.73435,-111.87211,32.8,21.4,878.1,116.42,3.0
59340.0,1309.3,359.15,0.05,359.15,40.73435,-111.87210,32.9,21.2,878.1,117.31,1.9
59400.0,1309.4,359.03,0.05,359.03,40.73435,-111.87211,32.8,21.1,878.1,119.14,2.8
59460.0,1309.4,358.84,0.05,358.84,40.73435,-111.87210,32.7,21.0,878.1,120.30,3.3
