CampaignData_and_Merges/R0/CSL_MobileLab_Parked/raw/20240717/USOS-NOAAIodideCIMS-HCOOH_MobileLabGround_20240717_RA.ict
34, 1001
Michael A Robinson, Chris Jernigan, Subi Thakali
NOAA ESRL Chemical Sciences Laboratory and CIRES, U. of Colorado
NOAA Iodide CIMS Instrument
USOS
1, 1
2024, 07, 17, 2024, 07, 18
0
starttime_UTC, seconds_past_midnight, seconds_of_day_since_00:00:00_UTC
1
1
-9999
HCOOH_NOAACIMS, pptv, Gas_HCOOH_InSitu_S_AVMR
1
N/A
18
PI_CONTACT_INFO: 325 Broadway, R/CSD 7, Boulder, Colorado 80305; michael.a.robinson@noaa.gov; chris.jernigan@noaa.gov;
PLATFORM: NOAA CSL Mobile Lab
LOCATION: SLC, Utah
ASSOCIATED_DATA: 1Hz data also available on request.
INSTRUMENT_INFO: NOAA I- ToF CIMS
DATA_INFO: Units: pptv
UNCERTAINTY: tbd
ULOD_FLAG: -7777
ULOD_VALUE: N/A
LLOD_FLAG: -8888
LLOD_VALUE: N/A
DM_CONTACT_INFO: Nathan Howard; nathan.h.howard@noaa.gov
PROJECT_INFO: USOS, summer 2024. https://csl.noaa.gov/groups/csl7/measurements/2024usos/
STIPULATIONS_ON_USE: only the USOS science team is allowed to use this data
OTHER_COMMENTS: Field data; Data are averaged to 1 minute intervals. Stationary data collected from a 10 ft tower on top of the mobile lab
REVISION: RA
RA: Preliminary Data; For in-field use only
starttime_UTC, HCOOH_NOAACIMS
0,-9999.000
60,-9999.000
120,-9999.000
180,-9999.000
240,-9999.000
300,424.177
360,421.896
420,426.322
480,449.133
540,436.923
600,483.771
660,471.460
720,483.886
780,475.369
840,478.970
900,479.831
960,436.604
1020,415.592
1080,412.765
1140,414.658
1200,407.902
1260,388.944
1320,393.500
1380,393.323
1440,410.984
1500,402.752
1560,396.800
1620,409.719
1680,399.304
1740,382.935
1800,399.921
1860,348.244
1920,383.509
1980,401.921
2040,399.825
2100,420.627
2160,424.708
2220,450.743
2280,434.024
2340,431.128
2400,427.316
2460,428.811
2520,444.588
2580,434.218
2640,423.157
2700,431.998
2760,477.429
2820,479.033
2880,455.462
2940,464.842
3000,452.539
3060,463.126
3120,460.600
3180,447.582
3240,454.793
3300,488.645
3360,466.308
3420,501.485
3480,486.037
3540,495.735
3600,507.250
3660,519.982
3720,542.827
3780,577.587
3840,547.896
3900,591.500
3960,581.832
4020,638.762
4080,675.544
4140,718.051
4200,732.779
4260,732.924
4320,754.576
4380,751.177
4440,812.065
4500,828.486
4560,795.277
4620,822.399
4680,894.079
4740,950.003
4800,1017.339
4860,1059.250
4920,1138.719
4980,1096.456
5040,1028.864
5100,1034.814
5160,1071.059
5220,1092.077
5280,1120.530
5340,1141.093
5400,1146.097
5460,1287.519
5520,1318.675
5580,1233.719
5640,1184.107
5700,1264.291
5760,1264.667
5820,1260.642
5880,1259.322
5940,1352.499
6000,1361.348
6060,1312.372
6120,1448.552
6180,1484.764
6240,1336.601
6300,1351.113
6360,1356.922
6420,1378.103
6480,1569.728
6540,1443.848
6600,1453.691
6660,1481.857
6720,1472.043
6780,1458.356
6840,1457.744
6900,1482.191
6960,1563.102
7020,1557.948
7080,1542.740
7140,1570.154
7200,1521.813
7260,1591.766
7320,1563.525
7380,1602.042
7440,1462.594
7500,1572.710
7560,1582.600
7620,1684.237
7680,1665.100
7740,1670.349
7800,1621.671
7860,1703.469
7920,1778.173
7980,1752.934
8040,1798.037
8100,1698.299
8160,1836.623
8220,1777.549
8280,1796.385
8340,1882.838
8400,1849.347
8460,1849.153
8520,1838.350
8580,1908.299
8640,1881.190
8700,1950.142
8760,1946.068
8820,1970.090
8880,1964.254
8940,2127.145
9000,2043.957
9060,2036.885
9120,-9999.000
9180,-9999.000
9240,-9999.000
9300,-9999.000
9360,2338.609
9420,2175.343
9480,2181.226
9540,2208.072
9600,2365.251
9660,2345.829
9720,2324.820
9780,2429.777
9840,2489.476
9900,2379.719
9960,2560.472
10020,2699.844
10080,2587.378
10140,2539.359
10200,2550.941
10260,2534.896
10320,2531.931
10380,2506.641
10440,2484.959
10500,2465.742
10560,2516.937
10620,2493.183
10680,2586.262
10740,2553.673
10800,2532.490
10860,2580.718
10920,2670.280
10980,2683.102
11040,-9999.000
11100,-9999.000
11160,-9999.000
11220,-9999.000
11280,2706.056
11340,2696.452
11400,2640.137
11460,2757.534
11520,2700.666
11580,2682.187
11640,2656.063
11700,2652.778
11760,2688.306
11820,2671.595
11880,2760.323
11940,2790.833
12000,2808.609
12060,2761.233
12120,2754.598
12180,2866.225
12240,2826.581
12300,2896.311
12360,2850.749
12420,2806.705
12480,2736.944
12540,2774.377
12600,2769.845
12660,2805.736
12720,2783.921
12780,2913.101
12840,2782.056
12900,-9999.000
12960,-9999.000
13020,-9999.000
13080,2813.224
13140,2951.772
13200,2855.953
13260,2958.747
13320,3103.314
13380,3041.748
13440,3053.922
13500,2964.426
13560,2887.750
13620,2941.539
13680,2931.935
13740,2937.987
13800,2919.407
13860,3047.902
13920,2906.620
13980,2918.432
14040,2852.534
14100,2957.197
14160,2984.030
14220,2860.689
14280,2829.796
14340,2901.376
14400,2921.056
14460,2813.221
14520,2940.880
14580,2947.955
14640,2808.698
14700,2827.346
14760,-9999.000
14820,-9999.000
14880,-9999.000
14940,-9999.000
15000,2618.457
15060,2609.576
15120,2605.264
15180,2663.097
15240,2634.223
15300,2597.923
15360,2506.233
15420,2545.148
15480,2472.200
15540,2515.238
15600,2530.244
15660,2513.211
15720,2496.419
15780,2477.652
15840,2499.724
15900,2530.478
15960,2556.883
16020,2518.580
16080,2606.973
16140,2519.131
16200,2522.510
16260,2506.487
16320,2522.527
16380,2490.001
16440,2492.850
16500,2518.974
16560,2470.806
16620,-9999.000
16680,-9999.000
16740,-9999.000
16800,2536.398
16860,2529.673
16920,2462.500
16980,2457.710
17040,2493.321
17100,2460.098
17160,2471.378
17220,2417.297
17280,2442.147
17340,2386.046
17400,2463.934
17460,2381.141
17520,2450.073
17580,2443.820
17640,2511.962
17700,2455.720
17760,2505.734
17820,2472.584
17880,2450.093
17940,2441.792
18000,2401.387
18060,2400.481
18120,2437.505
18180,2434.333
18240,2410.819
18300,2429.296
18360,2382.495
18420,2378.552
18480,-9999.000
18540,-9999.000
18600,-9999.000
18660,-9999.000
18720,2411.031
18780,2385.753
18840,2409.097
18900,2385.198
18960,2413.774
19020,2403.925
19080,2386.125
19140,2367.817
19200,2392.733
19260,2386.461
19320,2421.213
19380,2408.383
19440,2380.431
19500,2429.546
19560,2431.784
19620,2387.105
19680,2450.220
19740,2424.585
19800,2422.790
19860,2363.712
19920,2446.335
19980,2411.172
20040,2402.770
20100,2410.372
20160,2433.293
20220,2402.126
20280,-9999.000
20340,-9999.000
20400,-9999.000
20460,2376.510
20520,2399.476
20580,2374.023
20640,2364.438
20700,2370.225
20760,2399.986
20820,2390.554
20880,2491.424
20940,2433.603
21000,2394.600
21060,2488.319
21120,2531.078
21180,2466.584
21240,2480.692
21300,2489.640
21360,2426.750
21420,2402.595
21480,2448.279
21540,2496.217
21600,2468.333
21660,2420.128
21720,2387.005
21780,2429.772
21840,2394.315
21900,2364.652
21960,2408.376
22020,2391.781
22080,-9999.000
22140,-9999.000
22200,-9999.000
22260,2374.057
22320,2362.730
22380,2379.732
22440,2459.125
22500,2383.209
22560,2378.735
22620,2384.583
22680,2412.060
22740,2419.817
22800,2452.327
22860,2402.750
22920,2354.083
22980,2416.162
23040,2410.713
23100,2399.564
23160,2421.191
23220,2409.195
23280,2413.253
23340,2442.910
23400,2399.697
23460,2405.860
23520,2400.588
23580,2365.723
23640,2368.111
23700,2414.766
23760,2377.609
23820,2452.076
23880,-9999.000
23940,-9999.000
24000,-9999.000
24060,-9999.000
24120,-9999.000
24180,-9999.000
24240,2426.781
24300,2391.399
24360,2431.026
24420,2379.204
24480,2420.268
24540,2443.083
24600,2393.880
24660,2448.958
24720,2431.389
24780,2480.959
24840,2456.982
24900,2441.798
24960,2459.428
25020,2501.124
25080,2386.031
25140,2432.241
25200,2422.473
25260,2487.554
25320,2481.818
25380,2451.967
25440,2400.414
25500,2475.027
25560,2481.425
25620,2499.510
25680,2547.654
25740,2466.745
25800,-9999.000
25860,-9999.000
25920,-9999.000
25980,-9999.000
26040,-9999.000
26100,2410.264
26160,2442.000
26220,2423.984
26280,2409.221
26340,2379.317
26400,2426.064
26460,2437.792
26520,2384.180
26580,2407.089
26640,2458.262
26700,2412.256
26760,2425.533
26820,2478.076
26880,2462.269
26940,2470.657
27000,2462.191
27060,2441.552
27120,2433.630
27180,2588.309
27240,2688.216
27300,2491.985
27360,2455.526
27420,2415.940
27480,2476.168
27540,2437.091
27600,2396.754
27660,-9999.000
27720,-9999.000
27780,-9999.000
27840,-9999.000
27900,2481.368
27960,2584.553
28020,2435.442
28080,2466.064
28140,2445.460
28200,2365.188
28260,2450.477
28320,2471.978
28380,2546.701
28440,2644.132
28500,2594.620
28560,2531.480
28620,2639.208
28680,2581.424
28740,2622.493
28800,2600.156
28860,2639.816
28920,2623.016
28980,2610.054
29040,2739.017
29100,2725.296
29160,2750.031
29220,2695.596
29280,2673.668
29340,2657.905
29400,2626.370
29460,2527.626
29520,-9999.000
29580,-9999.000
29640,-9999.000
29700,2547.601
29760,2655.800
29820,2701.945
29880,2499.321
29940,2413.987
30000,2481.231
30060,2518.648
30120,2707.315
30180,2596.645
30240,2606.528
30300,2399.418
30360,2335.878
30420,2383.604
30480,2340.786
30540,2326.102
30600,2389.475
30660,2308.754
30720,2257.679
30780,2274.812
30840,2311.623
30900,2283.667
30960,2329.171
31020,2356.936
31080,2287.960
31140,2292.755
31200,2280.905
31260,2341.967
31320,2330.099
31380,-9999.000
31440,-9999.000
31500,-9999.000
31560,2264.360
31620,2306.851
31680,2345.500
31740,2330.732
31800,2333.893
31860,2317.960
31920,2324.756
31980,2304.547
32040,2323.220
32100,2279.208
32160,2321.538
32220,2302.786
32280,2334.244
32340,2264.066
32400,2325.224
32460,2324.941
32520,2345.730
32580,2291.733
32640,2275.978
32700,2282.646
32760,2312.591
32820,2291.561
32880,2313.899
32940,2295.988
33000,2307.579
33060,2276.252
33120,2304.267
33180,-9999.000
33240,-9999.000
33300,-9999.000
33360,-9999.000
33420,2229.420
33480,2228.445
33540,2249.867
33600,2213.657
33660,2220.356
33720,2205.157
33780,2284.241
33840,2226.574
33900,2176.593
33960,2210.204
34020,2190.626
34080,2230.852
34140,2236.815
34200,2224.277
34260,2208.294
34320,2224.868
34380,2193.585
34440,2230.164
34500,2250.531
34560,2219.491
34620,2217.422
34680,2235.754
34740,2229.398
34800,2211.640
34860,2220.257
34920,2263.381
34980,2305.365
35040,2219.839
35100,-9999.000
35160,-9999.000
35220,-9999.000
35280,2261.170
35340,2269.956
35400,2225.208
35460,2238.618
35520,2255.965
35580,2243.304
35640,2254.691
35700,2250.573
35760,2259.870
35820,2285.982
35880,2246.001
35940,2306.425
36000,2248.068
36060,2258.313
36120,2278.929
36180,2232.344
36240,2282.216
36300,2303.469
36360,2273.694
36420,2287.897
36480,2290.740
36540,2239.765
36600,2227.302
36660,2253.481
36720,2218.475
36780,2251.372
36840,2200.828
36900,2189.281
36960,-9999.000
37020,-9999.000
37080,-9999.000
37140,2218.540
37200,2193.756
37260,2168.518
37320,2158.223
37380,2211.257
37440,2204.849
37500,2193.827
37560,2185.266
37620,2185.643
37680,2173.371
37740,2215.096
37800,2182.052
37860,2184.229
37920,2146.778
37980,2179.043
38040,2155.462
38100,2186.063
38160,2142.802
38220,2164.672
38280,2176.333
38340,2133.218
38400,2149.138
38460,2158.288
38520,2152.254
38580,2174.454
38640,2178.101
38700,2133.157
38760,-9999.000
38820,-9999.000
38880,-9999.000
38940,2175.595
39000,2166.800
39060,2158.536
39120,2189.020
39180,2195.924
39240,2224.538
39300,2192.835
39360,2132.379
39420,2185.300
39480,2218.923
39540,2167.486
39600,2224.853
39660,2182.574
39720,2112.667
39780,2180.027
39840,2205.602
39900,2222.322
39960,2222.139
40020,2188.851
40080,2219.545
40140,2213.818
40200,2162.861
40260,2195.420
40320,2268.169
40380,2210.727
40440,2156.206
40500,2204.192
40560,-9999.000
40620,-9999.000
40680,-9999.000
40740,-9999.000
40800,2214.426
40860,2214.135
40920,2191.290
40980,2214.709
41040,2222.317
41100,2143.081
41160,2208.007
41220,2202.504
41280,2170.108
41340,2219.016
41400,2189.126
41460,2199.874
41520,2202.055
41580,2222.795
41640,2222.005
41700,2217.508
41760,2151.036
41820,2143.408
41880,2193.021
41940,2191.097
42000,2212.582
42060,2152.979
42120,2159.380
42180,2212.382
42240,2167.173
42300,2218.565
42360,2159.998
42420,-9999.000
42480,-9999.000
42540,-9999.000
42600,-9999.000
42660,2184.822
42720,2062.781
42780,2128.352
42840,2128.332
42900,2116.766
42960,2171.871
43020,2093.627
43080,2065.507
43140,2075.046
43200,2146.986
43260,2107.948
43320,2099.004
43380,2109.311
43440,2091.919
43500,2109.029
43560,2094.691
43620,2102.767
43680,2085.156
43740,2102.213
43800,2105.082
43860,2115.496
43920,2137.850
43980,2091.984
44040,2114.330
44100,2133.680
44160,2117.018
44220,2101.080
44280,-9999.000
44340,-9999.000
44400,-9999.000
44460,-9999.000
44520,-9999.000
44580,2075.694
44640,2077.042
44700,2067.002
44760,2073.689
44820,2097.330
44880,2063.000
44940,2084.182
45000,2081.886
45060,2075.451
45120,2091.553
45180,2104.448
45240,2138.105
45300,2084.347
45360,2105.292
45420,2091.052
45480,2124.675
45540,2114.670
45600,2070.055
45660,2077.974
45720,2107.438
45780,2079.368
45840,2124.728
45900,2156.629
45960,2130.353
46020,2116.166
46080,2092.007
46140,-9999.000
46200,-9999.000
46260,-9999.000
46320,-9999.000
46380,2165.593
46440,2166.176
46500,2126.086
46560,2110.733
46620,2154.924
46680,2194.906
46740,-9999.000
46800,-9999.000
46860,-9999.000
46920,-9999.000
46980,-9999.000
47040,-9999.000
47100,-9999.000
47160,-9999.000
47220,-9999.000
47280,-9999.000
47340,-9999.000
47400,-9999.000
47460,-9999.000
47520,2149.189
47580,2136.759
47640,2106.079
47700,2117.240
47760,2095.497
47820,2048.003
47880,2047.793
47940,2042.217
48000,2043.235
48060,2017.537
48120,-9999.000
48180,1895.728
48240,1978.748
48300,1987.296
48360,1955.183
48420,1980.569
48480,1995.205
48540,1989.530
48600,1981.798
48660,1997.181
48720,1962.413
48780,1914.939
48840,1953.750
48900,1986.678
48960,1972.500
49020,1967.985
49080,1945.363
49140,2002.699
49200,1973.566
49260,1966.036
49320,1996.146
49380,1976.229
49440,1984.689
49500,1984.346
49560,1980.698
49620,1972.941
49680,1992.394
49740,2006.620
49800,1996.131
49860,-9999.000
49920,-9999.000
49980,-9999.000
50040,-9999.000
50100,-9999.000
50160,-9999.000
50220,2067.177
50280,2046.870
50340,2046.433
50400,2051.002
50460,1989.057
50520,2053.624
50580,2071.129
50640,2021.715
50700,2049.435
50760,2049.506
50820,2022.518
50880,2007.570
50940,2047.035
51000,2033.602
51060,2038.047
51120,2035.433
51180,2083.260
51240,2094.968
51300,2066.886
51360,2047.334
51420,2056.877
51480,2033.053
51540,2038.357
51600,2040.244
51660,2047.796
51720,-9999.000
51780,-9999.000
51840,-9999.000
51900,-9999.000
51960,2067.682
52020,2080.194
52080,2085.497
52140,2047.077
52200,2087.099
52260,2047.292
52320,2067.015
52380,2067.120
52440,2052.759
52500,2040.859
52560,1998.118
52620,2061.421
52680,2036.374
52740,2030.703
52800,2016.817
52860,2024.946
52920,2006.560
52980,2072.665
53040,2077.078
53100,2062.572
53160,2030.810
53220,2012.452
53280,2047.783
53340,2046.452
53400,2087.055
53460,2089.696
53520,2074.979
53580,2067.100
53640,-9999.000
53700,-9999.000
53760,-9999.000
53820,2015.341
53880,2058.522
53940,2022.412
54000,1988.495
54060,2019.149
54120,2036.354
54180,2007.413
54240,2008.985
54300,2013.098
54360,2014.075
54420,1993.957
54480,1958.925
54540,1991.984
54600,1951.802
54660,1974.589
54720,1955.111
54780,2004.030
54840,2002.377
54900,1949.445
54960,2027.946
55020,2011.681
55080,1995.155
55140,1991.758
55200,1971.389
55260,1983.167
55320,1950.508
55380,1966.228
55440,1943.553
55500,-9999.000
55560,-9999.000
55620,-9999.000
55680,-9999.000
55740,1955.819
55800,1903.500
55860,1858.583
55920,1914.804
55980,1889.890
56040,1873.182
56100,1930.741
56160,1856.203
56220,1792.319
56280,1775.498
56340,1810.484
56400,1863.467
56460,1824.752
56520,1824.508
56580,1875.175
56640,1806.770
56700,1792.668
56760,1796.398
56820,1753.714
56880,1791.657
56940,1768.464
57000,1835.083
57060,1801.707
57120,1804.689
57180,1813.898
57240,-9999.000
57300,-9999.000
57360,-9999.000
57420,-9999.000
57480,-9999.000
57540,1724.891
57600,1716.884
57660,1714.604
57720,1723.149
57780,1722.588
57840,1717.648
57900,1737.163
57960,1818.111
58020,1760.471
58080,1778.716
58140,1807.477
58200,1819.494
58260,1733.777
58320,1752.160
58380,1760.079
58440,1767.816
58500,1781.547
58560,1783.267
58620,1840.017
58680,1752.535
58740,1906.762
58800,1924.871
58860,1823.347
58920,1777.791
58980,1628.289
59040,1650.812
59100,-9999.000
59160,-9999.000
59220,-9999.000
59280,-9999.000
59340,-9999.000
59400,1685.284
59460,1714.605
59520,1694.361
59580,1713.926
59640,1734.676
59700,1787.601
59760,1772.831
59820,1827.515
59880,1730.657
59940,1774.424
60000,1835.400
60060,1873.290
60120,1855.256
60180,1841.423
60240,1854.962
60300,1927.186
60360,1867.114
60420,1995.209
60480,2000.904
60540,1974.426
60600,2204.673
60660,2064.612
60720,1979.656
60780,1999.487
60840,1977.193
60900,2007.581
60960,2008.442
61020,1996.078
61080,1896.037
61140,1970.270
61200,1970.768
61260,2063.548
61320,1956.872
61380,1997.108
61440,2020.361
61500,1968.249
61560,1959.036
61620,1955.215
61680,1991.669
61740,1944.362
61800,2010.189
61860,2029.795
61920,2073.713
61980,2072.759
62040,2081.285
62100,2013.445
62160,2180.005
62220,2146.267
62280,2186.183
62340,2202.669
62400,2396.874
62460,2497.376
62520,2175.590
62580,2022.475
62640,2109.545
62700,2136.676
62760,2162.213
62820,-9999.000
62880,-9999.000
62940,-9999.000
63000,-9999.000
63060,-9999.000
63120,-9999.000
63180,-9999.000
63240,2085.162
63300,2062.111
63360,2021.881
63420,2075.426
63480,2111.923
63540,2056.490
63600,2130.633
63660,2174.402
63720,2114.122
63780,2204.708
63840,2300.383
63900,2448.991
63960,2277.030
64020,2515.484
64080,2379.346
64140,2596.833
64200,2451.720
64260,2385.983
64320,2422.213
64380,2443.113
64440,2475.718
