CampaignData_and_Merges/R0/CSL_MobileLab_Parked/raw/20240717/USOS-jNO2_MobileLabGround_20240717_R0.ict
52,1001
Waxman, E.; Rollins, A.; Zuraski, K.; Chace, W.
NOAA Chemical Sciences Laboratory
jNO2 filter radiometer on CSL Mobile Lab
AMMBEC / USOS
1, 1
2024,07,17, 2025,04,01
60
Time_Start, seconds, number_of_seconds_since_0000_UTC
20
1, 1, 1, 1, 1, 1, 1, 1, 1, 1, 1, 1, 1, 1, 1, 1, 1, 1, 1, 1
-9999, -9999, -9999, -9999, -9999, -9999, -9999, -9999, -9999, -9999, -9999, -9999, -9999, -9999, -9999, -9999, -9999, -9999, -9999, -9999
Time_Stop, seconds, number_of_seconds_since_0000_UTC
jNO2_meas, per second, photolysis rate of NO2 measured using a filter radiometer.
jBrCl, per second, photolysis rate of BrCl -> Br + Cl calculated in TUV for cloud-free sky with local AOD
jBr2, per second, photolysis rate of Br2 -> Br + Br calculated in TUV for cloud-free sky with local AOD
jCCl4, per second, photolysis rate of CCl4 -> Products calcualted in TUV for cloud-free sky with local AOD
jCH2Oa, per second, photolysis rate of CH2O -> H + HCO calculated in TUV for cloud-free sky with local AOD
jCH2Ob, per second, photolysis rate of CH2O -> H2 + CO calculated in TUV for cloud-free sky with local AOD
jClNO2, per second, photolysis rate of ClNO2 -> Cl + NO2 calculated in TUV for cloud-free sky with local AOD
jClOa, per second, photolysis rate of ClO -> Cl + O(1D) calculated in TUV for cloud-free sky with local AOD
jClOb, per second, photolysis rate of ClO -> Cl + O(3P) calculated in TUV for cloud-free sky with local AOD
jCl2, per second, photolysis rate of Cl2 -> Cl + Cl calculated in TUV for cloud-free sky with local AOD
jHNO2, per second, photolysis rate of HNO2 -> OH + NO calculated in TUV for cloud-free sky with local AOD
jHNO3, per second, photolysis rate of HNO3 -> OH + NO2 calculated in TUV for cloud-free sky with local AOD
jI2, per second, photolysis rate of I2 -> I + I calculated in TUV for cloud-free sky with local AOD
jNO2, per second, photolysis rate of NO2 -> NO + O(3P) calculated in TUV for cloud-free sky with local AOD
jNO3a, per second, photolysis rate of NO3 -> NO + O2 calculated in TUV for cloud-free sky with local AOD
jNO3b, per second, photolysis rate of NO3 -> NO2 + O(3P) calculated in TUV for cloud-free sky with local AOD
jN2O5, per second, photolysis rate of N2O5 -> NO3 + NO + O(3P) calculated in TUV for cloud-free sky with local AOD
jO3, per second, photolysis rate of O3 -> O2 + O(1D) calculated in TUV for cloud-free sky with local AOD
AOD_500nm, unitless, UTC daily mean AOD at 500 nm from an AERONET station located at 40.178 N, -112.452 E
0
18
PI_CONTACT_INFO: eleanor.waxman@noaa.gov
PLATFORM: CSL Mobile Lab, at ground site
LOCATION: Salt Lake City, UT
ASSOCIATED_DATA:
INSTRUMENT_INFO: jNO2 filter radiometer.  TUV calculations are for mobile van lat/lon/altitude assuming clear sky (cloud AOD = 0) and daily mean AOD.
DATA_INFO:
UNCERTAINTY: Data uncertainties are +/- 20%.  These come from uncertainties in radiometer angular response, radiometer thermal response, local interferences from clouds/aerosols/shadows etc.
ULOD_FLAG: -7777
ULOD_VALUE: N/A
LLOD_FLAG: -8888
LLOD_VALUE: N/A
DM_CONTACT_INFO: eleanor.waxman@noaa.gov
PROJECT_INFO: USOS Project, July - August 2024
STIPULATIONS_ON_USE: Users are strongly encouraged to contact the PI for proper data usage.
OTHER_COMMENTS: 
REVISION: R0
R0: final data
Time_Start, Time_Stop, jNO2_meas, jBrCl, jBr2, jCCl4, jCH2Oa, jCH2Ob, jClNO2, jClOa, jClOb, jCl2, jHNO2, jHNO3, jI2, jNO2, jNO3a, jNO3b, jN2O5, jO3, AOD_500nm
[from data line 1372]
   82320,   82380,0.0074832,0.009187,0.02848,1.137e-24,2.284e-05,3.675e-05,0.0003635,4.159e-25,2.613e-05,0.001851,0.00123,3.711e-07,0.1034,0.007645,0.02018,0.1607,3.161e-05,1.677e-05,0.18
   82380,   82440,0.007577,0.00917,0.02844,1.101e-24,2.274e-05,3.662e-05,0.0003623,4.018e-25,2.592e-05,0.001845,0.001227,3.689e-07,0.1033,0.007628,0.02016,0.1605,3.149e-05,1.663e-05,0.18
   82440,   82500,0.0075638,0.009152,0.02839,1.065e-24,2.263e-05,3.648e-05,0.000361,3.875e-25,2.57e-05,0.00184,0.001223,3.666e-07,0.1032,0.007608,0.02014,0.1603,3.137e-05,1.648e-05,0.18
   82500,   82560,0.007542,0.009133,0.02835,1.029e-24,2.251e-05,3.635e-05,0.0003597,3.739e-25,2.548e-05,0.001834,0.00122,3.643e-07,0.103,0.007589,0.02012,0.1602,3.124e-05,1.634e-05,0.18
   82560,   82620,0.0074979,0.009116,0.02831,9.976e-25,2.241e-05,3.622e-05,0.0003584,3.616e-25,2.527e-05,0.001829,0.001217,3.621e-07,0.1029,0.007571,0.0201,0.16,3.112e-05,1.62e-05,0.18
   82620,   82680,0.0074201,0.009098,0.02826,9.652e-25,2.23e-05,3.608e-05,0.0003571,3.492e-25,2.505e-05,0.001823,0.001213,3.597e-07,0.1028,0.007551,0.02008,0.1598,3.099e-05,1.605e-05,0.18
   82680,   82740,0.0071559,0.009079,0.02821,9.342e-25,2.219e-05,3.594e-05,0.0003557,3.373e-25,2.483e-05,0.001818,0.00121,3.574e-07,0.1027,0.007532,0.02006,0.1596,3.086e-05,1.59e-05,0.18
   82740,   82800,0.0071962,0.009061,0.02817,9.061e-25,2.208e-05,3.581e-05,0.0003545,3.266e-25,2.463e-05,0.001812,0.001207,3.552e-07,0.1025,0.007513,0.02004,0.1594,3.074e-05,1.577e-05,0.18
   82800,   82860,0.0071954,0.009042,0.02812,8.775e-25,2.197e-05,3.567e-05,0.0003531,3.157e-25,2.441e-05,0.001806,0.001203,3.528e-07,0.1024,0.007493,0.02002,0.1592,3.06e-05,1.562e-05,0.18
   82860,   82920,0.0070799,0.009023,0.02808,8.5e-25,2.185e-05,3.553e-05,0.0003517,3.053e-25,2.419e-05,0.001801,0.0012,3.504e-07,0.1023,0.007473,0.01999,0.159,3.047e-05,1.547e-05,0.18
   82920,   82980,0.0070946,0.009004,0.02803,8.251e-25,2.175e-05,3.54e-05,0.0003504,2.959e-25,2.398e-05,0.001795,0.001196,3.482e-07,0.1021,0.007453,0.01997,0.1588,3.035e-05,1.534e-05,0.18
   82980,   83040,0.0070274,0.008985,0.02798,7.998e-25,2.163e-05,3.525e-05,0.0003491,2.863e-25,2.376e-05,0.001789,0.001193,3.458e-07,0.102,0.007433,0.01995,0.1586,3.021e-05,1.519e-05,0.18
   83040,   83100,0.0071316,0.008965,0.02793,7.754e-25,2.152e-05,3.511e-05,0.0003477,2.772e-25,2.354e-05,0.001783,0.001189,3.435e-07,0.1018,0.007412,0.01993,0.1584,3.008e-05,1.504e-05,0.18
   83100,   83160,0.0069599,0.008946,0.02789,7.533e-25,2.141e-05,3.497e-05,0.0003464,2.689e-25,2.334e-05,0.001777,0.001186,3.412e-07,0.1017,0.007392,0.01991,0.1582,2.995e-05,1.491e-05,0.18
   83160,   83220,0.0072067,0.008926,0.02784,7.308e-25,2.129e-05,3.483e-05,0.000345,2.605e-25,2.312e-05,0.001771,0.001182,3.388e-07,0.1016,0.007371,0.01988,0.158,2.982e-05,1.476e-05,0.18
   83220,   83280,0.0069744,0.008906,0.02779,7.091e-25,2.117e-05,3.468e-05,0.0003436,2.524e-25,2.29e-05,0.001765,0.001178,3.364e-07,0.1014,0.00735,0.01986,0.1578,2.968e-05,1.462e-05,0.18
   83280,   83340,0.0070373,0.008886,0.02774,6.894e-25,2.106e-05,3.454e-05,0.0003422,2.451e-25,2.269e-05,0.00176,0.001175,3.342e-07,0.1013,0.00733,0.01984,0.1576,2.955e-05,1.448e-05,0.18
   83340,   83400,0.0067931,0.008866,0.02769,6.693e-25,2.095e-05,3.44e-05,0.0003408,2.377e-25,2.247e-05,0.001753,0.001171,3.318e-07,0.1011,0.007309,0.01981,0.1574,2.942e-05,1.433e-05,0.18
   83400,   83460,0.0072907,0.008845,0.02763,6.5e-25,2.083e-05,3.425e-05,0.0003394,2.306e-25,2.226e-05,0.001747,0.001167,3.294e-07,0.101,0.007287,0.01979,0.1572,2.928e-05,1.419e-05,0.18
   83460,   83520,0.0073091,0.008825,0.02758,6.325e-25,2.072e-05,3.411e-05,0.000338,2.241e-25,2.205e-05,0.001741,0.001164,3.271e-07,0.1008,0.007266,0.01977,0.157,2.915e-05,1.405e-05,0.18
   83520,   83580,0.0072568,0.008804,0.02753,6.145e-25,2.06e-05,3.396e-05,0.0003365,2.176e-25,2.183e-05,0.001735,0.00116,3.247e-07,0.1007,0.007244,0.01974,0.1568,2.901e-05,1.391e-05,0.18
   83580,   83640,0.0072609,0.008782,0.02748,5.975e-25,2.048e-05,3.381e-05,0.0003351,2.113e-25,2.162e-05,0.001729,0.001156,3.223e-07,0.1005,0.007222,0.01971,0.1565,2.887e-05,1.377e-05,0.18
   83640,   83700,0.0071135,0.008762,0.02743,5.818e-25,2.037e-05,3.366e-05,0.0003337,2.055e-25,2.141e-05,0.001723,0.001152,3.2e-07,0.1004,0.007201,0.01969,0.1563,2.874e-05,1.363e-05,0.18
   83700,   83760,0.006945,0.00874,0.02737,5.658e-25,2.025e-05,3.351e-05,0.0003322,1.997e-25,2.12e-05,0.001716,0.001148,3.176e-07,0.1002,0.007178,0.01967,0.1561,2.86e-05,1.349e-05,0.18
   83760,   83820,0.0070945,0.008718,0.02732,5.503e-25,2.013e-05,3.336e-05,0.0003307,1.941e-25,2.098e-05,0.00171,0.001144,3.152e-07,0.1001,0.007155,0.01964,0.1558,2.846e-05,1.334e-05,0.18
   83820,   83880,0.0071576,0.008697,0.02726,5.362e-25,2.001e-05,3.321e-05,0.0003293,1.89e-25,2.078e-05,0.001704,0.001141,3.129e-07,0.09992,0.007134,0.01961,0.1556,2.832e-05,1.321e-05,0.18
   83880,   83940,0.0071491,0.008675,0.02721,5.218e-25,1.989e-05,3.305e-05,0.0003278,1.838e-25,2.056e-05,0.001697,0.001137,3.105e-07,0.09976,0.007111,0.01959,0.1554,2.818e-05,1.307e-05,0.18
   83940,   84000,0.0071366,0.008652,0.02715,5.079e-25,1.977e-05,3.29e-05,0.0003263,1.788e-25,2.035e-05,0.001691,0.001133,3.081e-07,0.09959,0.007088,0.01956,0.1551,2.804e-05,1.293e-05,0.18
   84000,   84060,0.0071181,0.00863,0.0271,4.953e-25,1.965e-05,3.275e-05,0.0003249,1.742e-25,2.014e-05,0.001684,0.001129,3.058e-07,0.09943,0.007065,0.01953,0.1549,2.79e-05,1.279e-05,0.18
   84060,   84120,0.007055,0.008607,0.02704,4.823e-25,1.953e-05,3.259e-05,0.0003234,1.696e-25,1.993e-05,0.001678,0.001125,3.034e-07,0.09927,0.007042,0.01951,0.1547,2.776e-05,1.265e-05,0.18
   84120,   84180,0.0070093,0.008584,0.02698,4.698e-25,1.941e-05,3.243e-05,0.0003218,1.651e-25,1.972e-05,0.001671,0.001121,3.01e-07,0.09909,0.007018,0.01948,0.1544,2.761e-05,1.251e-05,0.18
   84180,   84240,0.0069679,0.008562,0.02692,4.584e-25,1.929e-05,3.228e-05,0.0003204,1.61e-25,1.952e-05,0.001665,0.001117,2.987e-07,0.09893,0.006995,0.01945,0.1542,2.747e-05,1.238e-05,0.18
   84240,   84300,0.0069158,0.008539,0.02686,4.467e-25,1.917e-05,3.212e-05,0.0003188,1.568e-25,1.93e-05,0.001658,0.001112,2.962e-07,0.09876,0.006971,0.01942,0.1539,2.733e-05,1.224e-05,0.18
   84300,   84360,0.006844,0.008515,0.0268,4.354e-25,1.904e-05,3.196e-05,0.0003173,1.528e-25,1.909e-05,0.001651,0.001108,2.938e-07,0.09858,0.006947,0.01939,0.1537,2.718e-05,1.21e-05,0.18
   84360,   84420,0.0067427,0.008492,0.02675,4.252e-25,1.893e-05,3.181e-05,0.0003158,1.492e-25,1.889e-05,0.001644,0.001104,2.915e-07,0.09841,0.006924,0.01937,0.1534,2.704e-05,1.197e-05,0.18
   84420,   84480,0.0066493,0.008468,0.02669,4.146e-25,1.88e-05,3.165e-05,0.0003142,1.454e-25,1.868e-05,0.001638,0.0011,2.891e-07,0.09823,0.006899,0.01934,0.1532,2.689e-05,1.183e-05,0.18
   84480,   84540,0.0065595,0.008443,0.02662,4.044e-25,1.868e-05,3.148e-05,0.0003127,1.418e-25,1.847e-05,0.001631,0.001096,2.866e-07,0.09805,0.006874,0.01931,0.1529,2.675e-05,1.169e-05,0.18
   84540,   84600,0.0065988,0.00842,0.02656,3.951e-25,1.856e-05,3.133e-05,0.0003112,1.385e-25,1.827e-05,0.001624,0.001092,2.843e-07,0.09788,0.00685,0.01928,0.1526,2.66e-05,1.156e-05,0.18
   84600,   84660,0.006621,0.008395,0.0265,3.856e-25,1.843e-05,3.116e-05,0.0003096,1.351e-25,1.806e-05,0.001617,0.001087,2.819e-07,0.09769,0.006825,0.01925,0.1524,2.645e-05,1.142e-05,0.18
   84660,   84720,0.0066397,0.00837,0.02644,3.763e-25,1.831e-05,3.099e-05,0.000308,1.319e-25,1.786e-05,0.00161,0.001083,2.795e-07,0.0975,0.0068,0.01922,0.1521,2.63e-05,1.129e-05,0.18
   84720,   84780,0.0064802,0.008346,0.02638,3.679e-25,1.819e-05,3.084e-05,0.0003065,1.289e-25,1.766e-05,0.001603,0.001079,2.772e-07,0.09732,0.006776,0.01919,0.1518,2.616e-05,1.116e-05,0.18
   84780,   84840,0.0065717,0.008321,0.02631,3.592e-25,1.806e-05,3.067e-05,0.0003048,1.259e-25,1.745e-05,0.001596,0.001074,2.747e-07,0.09713,0.00675,0.01916,0.1515,2.601e-05,1.102e-05,0.18
   84840,   84900,0.0065249,0.008295,0.02625,3.508e-25,1.793e-05,3.05e-05,0.0003032,1.229e-25,1.725e-05,0.001589,0.00107,2.723e-07,0.09694,0.006724,0.01912,0.1513,2.586e-05,1.089e-05,0.18
   84900,   84960,0.006596,0.008271,0.02618,3.432e-25,1.781e-05,3.034e-05,0.0003017,1.202e-25,1.705e-05,0.001582,0.001065,2.7e-07,0.09675,0.006699,0.01909,0.151,2.571e-05,1.076e-05,0.18
   84960,   85020,0.0065889,0.008245,0.02612,3.353e-25,1.768e-05,3.017e-05,0.0003,1.175e-25,1.685e-05,0.001574,0.001061,2.676e-07,0.09655,0.006673,0.01906,0.1507,2.556e-05,1.062e-05,0.18
   85020,   85080,0.0064474,0.008218,0.02605,3.276e-25,1.756e-05,3e-05,0.0002984,1.148e-25,1.664e-05,0.001567,0.001056,2.651e-07,0.09635,0.006646,0.01903,0.1504,2.541e-05,1.049e-05,0.18
   85080,   85140,0.0060074,0.008193,0.02598,3.207e-25,1.743e-05,2.984e-05,0.0002968,1.124e-25,1.645e-05,0.00156,0.001052,2.628e-07,0.09616,0.006621,0.019,0.1501,2.526e-05,1.036e-05,0.18
   85140,   85200,0.0064174,0.008166,0.02591,3.135e-25,1.73e-05,2.966e-05,0.0002952,1.099e-25,1.625e-05,0.001553,0.001047,2.604e-07,0.09596,0.006594,0.01896,0.1498,2.51e-05,1.023e-05,0.18
   85200,   85260,0.0062032,0.008139,0.02584,3.065e-25,1.718e-05,2.949e-05,0.0002935,1.075e-25,1.605e-05,0.001545,0.001043,2.58e-07,0.09575,0.006566,0.01893,0.1495,2.495e-05,1.01e-05,0.18
   85260,   85320,0.0058139,0.008114,0.02578,3.002e-25,1.705e-05,2.933e-05,0.0002919,1.052e-25,1.586e-05,0.001538,0.001038,2.557e-07,0.09555,0.006541,0.01889,0.1492,2.48e-05,9.976e-06,0.18
   85320,   85380,0.0061467,0.008086,0.02571,2.936e-25,1.692e-05,2.915e-05,0.0002902,1.03e-25,1.565e-05,0.00153,0.001033,2.532e-07,0.09534,0.006513,0.01886,0.1489,2.464e-05,9.845e-06,0.18
   85380,   85440,0.0060551,0.008058,0.02564,2.872e-25,1.679e-05,2.898e-05,0.0002885,1.007e-25,1.545e-05,0.001523,0.001029,2.508e-07,0.09513,0.006485,0.01882,0.1486,2.449e-05,9.715e-06,0.18
   85440,   85500,0.0056434,0.008032,0.02557,2.814e-25,1.667e-05,2.881e-05,0.0002869,9.873e-26,1.527e-05,0.001516,0.001024,2.485e-07,0.09493,0.006459,0.01879,0.1483,2.434e-05,9.593e-06,0.18
   85500,   85560,0.0058315,0.008004,0.02549,2.754e-25,1.654e-05,2.863e-05,0.0002852,9.664e-26,1.507e-05,0.001508,0.001019,2.461e-07,0.09471,0.006431,0.01875,0.148,2.418e-05,9.464e-06,0.18
   85560,   85620,0.0059376,0.007975,0.02542,2.697e-25,1.641e-05,2.845e-05,0.0002835,9.463e-26,1.487e-05,0.0015,0.001014,2.437e-07,0.09449,0.006402,0.01872,0.1477,2.402e-05,9.335e-06,0.18
   85620,   85680,0.0057248,0.007948,0.02535,2.644e-25,1.628e-05,2.828e-05,0.0002819,9.278e-26,1.469e-05,0.001493,0.00101,2.414e-07,0.09428,0.006375,0.01868,0.1473,2.387e-05,9.215e-06,0.18
   85680,   85740,0.0050945,0.007919,0.02528,2.589e-25,1.615e-05,2.811e-05,0.0002801,9.088e-26,1.449e-05,0.001485,0.001005,2.39e-07,0.09405,0.006347,0.01864,0.147,2.371e-05,9.088e-06,0.18
   85740,   85800,0.0052855,0.00789,0.0252,2.535e-25,1.602e-05,2.792e-05,0.0002784,8.903e-26,1.43e-05,0.001477,0.0009999,2.365e-07,0.09383,0.006318,0.01861,0.1467,2.355e-05,8.961e-06,0.18
   85800,   85860,0.0053496,0.007862,0.02513,2.486e-25,1.59e-05,2.775e-05,0.0002768,8.734e-26,1.411e-05,0.001469,0.0009952,2.343e-07,0.09361,0.00629,0.01857,0.1464,2.34e-05,8.843e-06,0.18
   85860,   85920,0.0052353,0.007833,0.02505,2.436e-25,1.576e-05,2.757e-05,0.000275,8.559e-26,1.392e-05,0.001461,0.0009902,2.319e-07,0.09338,0.006261,0.01853,0.146,2.324e-05,8.718e-06,0.18
   85920,   85980,0.0050058,0.007803,0.02497,2.386e-25,1.563e-05,2.739e-05,0.0002732,8.389e-26,1.373e-05,0.001453,0.0009851,2.294e-07,0.09314,0.006231,0.01849,0.1457,2.308e-05,8.593e-06,0.18
   85980,   86040,0.0053217,0.007774,0.0249,2.341e-25,1.551e-05,2.722e-05,0.0002716,8.233e-26,1.355e-05,0.001446,0.0009804,2.272e-07,0.09292,0.006203,0.01846,0.1453,2.292e-05,8.477e-06,0.18
   86040,   86100,0.0052307,0.007744,0.02482,2.295e-25,1.537e-05,2.703e-05,0.0002698,8.072e-26,1.336e-05,0.001438,0.0009752,2.248e-07,0.09268,0.006173,0.01842,0.145,2.276e-05,8.354e-06,0.18
   86100,   86160,0.0049641,0.007713,0.02474,2.249e-25,1.524e-05,2.685e-05,0.000268,7.916e-26,1.317e-05,0.001429,0.0009701,2.224e-07,0.09244,0.006143,0.01837,0.1446,2.26e-05,8.232e-06,0.18
   86160,   86220,0.0043229,0.007684,0.02466,2.208e-25,1.512e-05,2.667e-05,0.0002663,7.773e-26,1.299e-05,0.001422,0.0009652,2.201e-07,0.09221,0.006114,0.01834,0.1443,2.244e-05,8.118e-06,0.18
   86220,   86280,0.004049,0.007653,0.02458,2.165e-25,1.498e-05,2.649e-05,0.0002645,7.625e-26,1.281e-05,0.001414,0.00096,2.177e-07,0.09196,0.006084,0.01829,0.1439,2.228e-05,7.997e-06,0.18
   86280,   86340,0.0038625,0.007622,0.0245,2.123e-25,1.485e-05,2.63e-05,0.0002627,7.48e-26,1.262e-05,0.001405,0.0009547,2.153e-07,0.09171,0.006053,0.01825,0.1436,2.211e-05,7.877e-06,0.18
   86340,   86400,0.0038721,0.007592,0.02442,2.085e-25,1.472e-05,2.612e-05,0.000261,7.348e-26,1.245e-05,0.001397,0.0009497,2.131e-07,0.09147,0.006024,0.01821,0.1432,2.196e-05,7.765e-06,0.18
