CampaignData_and_Merges/R0/CSL_MobileLab_Parked/raw/20240717/USOS-jNO2_MobileLabGround_20240717_R0.ict
52,1001
Waxman, E.; Rollins, A.; Zuraski, K.; Chace, W.
NOAA Chemical Sciences Laboratory
jNO2 filter radiometer on CSL Mobile Lab
AMMBEC / USOS
1, 1
2024,07,17, 2025,04,01
60
Time_Start, seconds, number_of_seconds_since_0000_UTC
20
1, 1, 1, 1, 1, 1, 1, 1, 1, 1, 1, 1, 1, 1, 1, 1, 1, 1, 1, 1
-9999, -9999, -9999, -9999, -9999, -9999, -9999, -9999, -9999, -9999, -9999, -9999, -9999, -9999, -9999, -9999, -9999, -9999, -9999, -9999
Time_Stop, seconds, number_of_seconds_since_0000_UTC
jNO2_meas, per second, photolysis rate of NO2 measured using a filter radiometer.
jBrCl, per second, photolysis rate of BrCl -> Br + Cl calculated in TUV for cloud-free sky with local AOD
jBr2, per second, photolysis rate of Br2 -> Br + Br calculated in TUV for cloud-free sky with local AOD
jCCl4, per second, photolysis rate of CCl4 -> Products calcualted in TUV for cloud-free sky with local AOD
jCH2Oa, per second, photolysis rate of CH2O -> H + HCO calculated in TUV for cloud-free sky with local AOD
jCH2Ob, per second, photolysis rate of CH2O -> H2 + CO calculated in TUV for cloud-free sky with local AOD
jClNO2, per second, photolysis rate of ClNO2 -> Cl + NO2 calculated in TUV for cloud-free sky with local AOD
jClOa, per second, photolysis rate of ClO -> Cl + O(1D) calculated in TUV for cloud-free sky with local AOD
jClOb, per second, photolysis rate of ClO -> Cl + O(3P) calculated in TUV for cloud-free sky with local AOD
jCl2, per second, photolysis rate of Cl2 -> Cl + Cl calculated in TUV for cloud-free sky with local AOD
jHNO2, per second, photolysis rate of HNO2 -> OH + NO calculated in TUV for cloud-free sky with local AOD
jHNO3, per second, photolysis rate of HNO3 -> OH + NO2 calculated in TUV for cloud-free sky with local AOD
jI2, per second, photolysis rate of I2 -> I + I calculated in TUV for cloud-free sky with local AOD
jNO2, per second, photolysis rate of NO2 -> NO + O(3P) calculated in TUV for cloud-free sky with local AOD
jNO3a, per second, photolysis rate of NO3 -> NO + O2 calculated in TUV for cloud-free sky with local AOD
jNO3b, per second, photolysis rate of NO3 -> NO2 + O(3P) calculated in TUV for cloud-free sky with local AOD
jN2O5, per second, photolysis rate of N2O5 -> NO3 + NO + O(3P) calculated in TUV for cloud-free sky with local AOD
jO3, per second, photolysis rate of O3 -> O2 + O(1D) calculated in TUV for cloud-free sky with local AOD
AOD_500nm, unitless, UTC daily mean AOD at 500 nm from an AERONET station located at 40.178 N, -112.452 E
0
18
PI_CONTACT_INFO: eleanor.waxman@noaa.gov
PLATFORM: CSL Mobile Lab, at ground site
LOCATION: Salt Lake City, UT
ASSOCIATED_DATA:
INSTRUMENT_INFO: jNO2 filter radiometer.  TUV calculations are for mobile van lat/lon/altitude assuming clear sky (cloud AOD = 0) and daily mean AOD.
DATA_INFO:
UNCERTAINTY: Data uncertainties are +/- 20%.  These come from uncertainties in radiometer angular response, radiometer thermal response, local interferences from clouds/aerosols/shadows etc.
ULOD_FLAG: -7777
ULOD_VALUE: N/A
LLOD_FLAG: -8888
LLOD_VALUE: N/A
DM_CONTACT_INFO: eleanor.waxman@noaa.gov
PROJECT_INFO: USOS Project, July - August 2024
STIPULATIONS_ON_USE: Users are strongly encouraged to contact the PI for proper data usage.
OTHER_COMMENTS: 
REVISION: R0
R0: final data
Time_Start, Time_Stop, jNO2_meas, jBrCl, jBr2, jCCl4, jCH2Oa, jCH2Ob, jClNO2, jClOa, jClOb, jCl2, jHNO2, jHNO3, jI2, jNO2, jNO3a, jNO3b, jN2O5, jO3, AOD_500nm
[from data line 85]
    5100,    5160,0.0017134,0.003877,0.01376,5.334e-26,4.193e-06,9.252e-06,9.636e-05,1.966e-26,1.921e-06,0.0005746,0.0004034,4.992e-08,0.05671,0.002696,0.01209,0.09093,7.669e-06,1.192e-06,0.18
    5160,    5220,0.0016682,0.003823,0.01359,5.257e-26,4.101e-06,9.077e-06,9.461e-05,1.939e-26,1.864e-06,0.000565,0.0003967,4.872e-08,0.05611,0.002653,0.01198,0.09001,7.524e-06,1.158e-06,0.18
    5220,    5280,0.0015287,0.003766,0.01341,5.176e-26,4.004e-06,8.893e-06,9.275e-05,1.91e-26,1.805e-06,0.0005547,0.0003896,4.746e-08,0.05547,0.002607,0.01186,0.08903,7.372e-06,1.122e-06,0.18
    5280,    5340,0.0014949,0.003708,0.01323,5.097e-26,3.909e-06,8.711e-06,9.091e-05,1.882e-26,1.747e-06,0.0005445,0.0003825,4.623e-08,0.05482,0.002561,0.01174,0.08803,7.221e-06,1.088e-06,0.18
    5340,    5400,0.0014534,0.003654,0.01306,5.023e-26,3.82e-06,8.54e-06,8.918e-05,1.856e-26,1.693e-06,0.0005349,0.0003758,4.508e-08,0.0542,0.002519,0.01162,0.08708,7.08e-06,1.056e-06,0.18
    5400,    5460,0.0014444,0.003596,0.01287,4.945e-26,3.727e-06,8.361e-06,8.736e-05,1.828e-26,1.638e-06,0.0005248,0.0003688,4.388e-08,0.05354,0.002473,0.0115,0.08606,6.931e-06,1.022e-06,0.18
    5460,    5520,0.0014358,0.003538,0.01269,4.868e-26,3.636e-06,8.183e-06,8.555e-05,1.801e-26,1.584e-06,0.0005147,0.0003618,4.271e-08,0.05287,0.002428,0.01137,0.08503,6.783e-06,9.902e-07,0.18
    5520,    5580,0.0013802,0.003484,0.01251,4.797e-26,3.55e-06,8.016e-06,8.386e-05,1.775e-26,1.535e-06,0.0005052,0.0003552,4.161e-08,0.05223,0.002385,0.01125,0.08405,6.645e-06,9.605e-07,0.18
    5580,    5640,0.0013912,0.003425,0.01232,4.722e-26,3.46e-06,7.841e-06,8.207e-05,1.748e-26,1.483e-06,0.0004952,0.0003482,4.047e-08,0.05155,0.00234,0.01112,0.08299,6.499e-06,9.296e-07,0.18
    5640,    5700,0.0013769,0.003367,0.01213,4.648e-26,3.372e-06,7.667e-06,8.031e-05,1.722e-26,1.433e-06,0.0004853,0.0003412,3.935e-08,0.05086,0.002294,0.01099,0.08192,6.355e-06,8.997e-07,0.18
    5700,    5760,0.0012935,0.003312,0.01195,4.579e-26,3.29e-06,7.506e-06,7.865e-05,1.697e-26,1.387e-06,0.0004759,0.0003347,3.832e-08,0.0502,0.002252,0.01087,0.08091,6.221e-06,8.722e-07,0.18
    5760,    5820,0.0012418,0.003251,0.01176,4.459e-26,3.203e-06,7.331e-06,7.686e-05,1.659e-26,1.339e-06,0.0004657,0.0003275,3.722e-08,0.04947,0.002205,0.01073,0.07978,6.076e-06,8.434e-07,0.18
    5820,    5880,0.0012072,0.00319,0.01156,4.43e-26,3.114e-06,7.155e-06,7.506e-05,1.644e-26,1.29e-06,0.0004556,0.0003205,3.61e-08,0.04873,0.002159,0.01059,0.07864,5.93e-06,8.144e-07,0.18
    5880,    5940,0.0012247,0.003135,0.01137,4.335e-26,3.035e-06,6.998e-06,7.346e-05,1.611e-26,1.247e-06,0.0004464,0.000314,3.511e-08,0.04805,0.002117,0.01046,0.07759,5.8e-06,7.879e-07,0.18
    5940,    6000,0.0011909,0.003076,0.01118,4.296e-26,2.954e-06,6.833e-06,7.177e-05,1.597e-26,1.204e-06,0.0004367,0.0003073,3.41e-08,0.04733,0.002072,0.01032,0.07647,5.663e-06,7.621e-07,0.18
    6000,    6060,0.0012737,0.003017,0.01098,4.224e-26,2.873e-06,6.671e-06,7.009e-05,1.571e-26,1.161e-06,0.0004272,0.0003005,3.311e-08,0.0466,0.002028,0.01018,0.07533,5.528e-06,7.367e-07,0.18
    6060,    6120,0.0012737,0.002961,0.0108,4.16e-26,2.799e-06,6.519e-06,6.853e-05,1.548e-26,1.122e-06,0.0004182,0.0002943,3.218e-08,0.04591,0.001987,0.01005,0.07425,5.402e-06,7.133e-07,0.18
    6120,    6180,0.001227,0.002902,0.0106,4.093e-26,2.721e-06,6.36e-06,6.689e-05,1.524e-26,1.082e-06,0.0004087,0.0002876,3.122e-08,0.04516,0.001943,0.009903,0.0731,5.269e-06,6.891e-07,0.18
    6180,    6240,0.0014292,0.002845,0.01041,4.031e-26,2.645e-06,6.207e-06,6.531e-05,1.501e-26,1.043e-06,0.0003996,0.0002812,3.029e-08,0.04443,0.0019,0.00976,0.07195,5.142e-06,6.658e-07,0.18
    6240,    6300,0.0012177,0.002791,0.01023,3.969e-26,2.577e-06,6.066e-06,6.385e-05,1.479e-26,1.008e-06,0.0003911,0.0002752,2.946e-08,0.04374,0.001861,0.009624,0.07087,5.024e-06,6.449e-07,0.18
    6300,    6360,0.0011444,0.002732,0.01002,3.903e-26,2.503e-06,5.913e-06,6.226e-05,1.456e-26,9.716e-07,0.0003818,0.0002687,2.855e-08,0.04297,0.001817,0.009477,0.06968,4.896e-06,6.226e-07,0.18
    6360,    6420,0.0011436,0.002673,0.009824,3.839e-26,2.43e-06,5.761e-06,6.068e-05,1.432e-26,9.356e-07,0.0003726,0.0002623,2.767e-08,0.0422,0.001774,0.009326,0.06848,4.77e-06,6.01e-07,0.18
    6420,    6480,0.0011445,0.002617,0.009634,3.778e-26,2.363e-06,5.62e-06,5.922e-05,1.411e-26,9.027e-07,0.000364,0.0002563,2.685e-08,0.04147,0.001734,0.009183,0.06733,4.653e-06,5.811e-07,0.18
    6480,    6540,0.0011413,0.002558,0.009431,3.715e-26,2.292e-06,5.473e-06,5.768e-05,1.388e-26,8.687e-07,0.000355,0.0002499,2.6e-08,0.04068,0.001692,0.009028,0.0661,4.53e-06,5.605e-07,0.18
    6540,    6600,0.0011399,0.002499,0.009228,3.652e-26,2.223e-06,5.327e-06,5.617e-05,1.365e-26,8.356e-07,0.0003461,0.0002436,2.516e-08,0.03989,0.00165,0.008872,0.06486,4.408e-06,5.405e-07,0.18
    6600,    6660,0.0011404,0.002444,0.009036,3.593e-26,2.159e-06,5.192e-06,5.476e-05,1.344e-26,8.054e-07,0.0003377,0.0002378,2.439e-08,0.03914,0.00161,0.008722,0.06368,4.295e-06,5.222e-07,0.18
    6660,    6720,0.0011443,0.002385,0.008832,3.532e-26,2.093e-06,5.051e-06,5.328e-05,1.322e-26,7.744e-07,0.000329,0.0002316,2.36e-08,0.03834,0.001569,0.008563,0.06241,4.177e-06,5.034e-07,0.18
    6720,    6780,0.0011374,0.002327,0.008627,3.471e-26,2.027e-06,4.912e-06,5.182e-05,1.3e-26,7.442e-07,0.0003203,0.0002256,2.282e-08,0.03753,0.001528,0.008401,0.06114,4.061e-06,4.851e-07,0.18
    6780,    6840,0.0011516,0.002272,0.008435,3.414e-26,1.967e-06,4.783e-06,5.047e-05,1.279e-26,7.168e-07,0.0003123,0.0002199,2.21e-08,0.03676,0.00149,0.008247,0.05993,3.953e-06,4.683e-07,0.18
    6840,    6900,0.0011941,0.002214,0.00823,3.355e-26,1.904e-06,4.648e-06,4.906e-05,1.258e-26,6.885e-07,0.0003038,0.000214,2.136e-08,0.03594,0.001449,0.008082,0.05864,3.84e-06,4.511e-07,0.18
    6900,    6960,0.001206,0.002156,0.008025,3.295e-26,1.843e-06,4.515e-06,4.766e-05,1.236e-26,6.611e-07,0.0002954,0.0002081,2.063e-08,0.03512,0.00141,0.007915,0.05733,3.729e-06,4.344e-07,0.18
    6960,    7020,0.0011188,0.002102,0.007831,3.24e-26,1.786e-06,4.392e-06,4.637e-05,1.216e-26,6.36e-07,0.0002876,0.0002026,1.996e-08,0.03434,0.001373,0.007756,0.05609,3.626e-06,4.19e-07,0.18
    7020,    7080,0.0010677,0.002044,0.007626,3.182e-26,1.727e-06,4.264e-06,4.502e-05,1.195e-26,6.103e-07,0.0002795,0.0001969,1.927e-08,0.03351,0.001334,0.007586,0.05477,3.519e-06,4.033e-07,0.18
    7080,    7140,0.0010524,0.001988,0.007422,3.124e-26,1.669e-06,4.138e-06,4.369e-05,1.174e-26,5.855e-07,0.0002714,0.0001913,1.86e-08,0.03267,0.001295,0.007414,0.05344,3.413e-06,3.88e-07,0.18
    7140,    7200,0.0010481,0.001934,0.007229,3.07e-26,1.616e-06,4.021e-06,4.246e-05,1.154e-26,5.628e-07,0.000264,0.000186,1.798e-08,0.03188,0.001259,0.007251,0.05218,3.315e-06,3.741e-07,0.18
    7200,    7260,0.0011255,0.001878,0.007025,3.013e-26,1.561e-06,3.899e-06,4.117e-05,1.134e-26,5.396e-07,0.0002561,0.0001806,1.733e-08,0.03103,0.001222,0.007076,0.05083,3.213e-06,3.597e-07,0.18
    7260,    7320,0.0011837,0.001822,0.006821,2.957e-26,1.507e-06,3.779e-06,3.99e-05,1.113e-26,5.17e-07,0.0002484,0.0001752,1.67e-08,0.03018,0.001185,0.006899,0.04947,3.113e-06,3.458e-07,0.18
    7320,    7380,0.0011636,0.00177,0.006631,2.905e-26,1.457e-06,3.669e-06,3.873e-05,1.094e-26,4.965e-07,0.0002413,0.0001702,1.613e-08,0.02938,0.001151,0.006732,0.04819,3.02e-06,3.331e-07,0.18
    7380,    7440,0.0010931,0.001716,0.006429,2.849e-26,1.405e-06,3.553e-06,3.751e-05,1.074e-26,4.755e-07,0.0002338,0.000165,1.553e-08,0.02853,0.001115,0.006553,0.04683,2.924e-06,3.2e-07,0.18
    7440,    7500,0.0010194,0.001661,0.006228,2.795e-26,1.355e-06,3.44e-06,3.632e-05,1.054e-26,4.552e-07,0.0002264,0.0001598,1.495e-08,0.02768,0.001079,0.006372,0.04546,2.829e-06,3.073e-07,0.18
    7500,    7560,0.00098053,0.001611,0.00604,2.743e-26,1.308e-06,3.336e-06,3.521e-05,1.035e-26,4.367e-07,0.0002196,0.0001551,1.442e-08,0.02687,0.001047,0.006201,0.04416,2.741e-06,2.958e-07,0.18
    7560,    7620,0.00099995,0.001558,0.005841,2.689e-26,1.26e-06,3.227e-06,3.406e-05,1.015e-26,4.178e-07,0.0002125,0.0001501,1.387e-08,0.02602,0.001013,0.006018,0.04278,2.65e-06,2.839e-07,0.18
    7620,    7680,0.0010111,0.001505,0.005643,2.635e-26,1.213e-06,3.12e-06,3.293e-05,9.955e-27,3.994e-07,0.0002055,0.0001453,1.333e-08,0.02516,0.000979,0.005834,0.0414,2.561e-06,2.724e-07,0.18
    7680,    7740,0.00094393,0.001457,0.005459,2.585e-26,1.169e-06,3.021e-06,3.188e-05,9.771e-27,3.828e-07,0.0001991,0.0001408,1.284e-08,0.02436,0.000948,0.00566,0.0401,2.478e-06,2.619e-07,0.18
    7740,    7800,0.00087732,0.001405,0.005265,2.533e-26,1.125e-06,2.918e-06,3.08e-05,9.577e-27,3.658e-07,0.0001923,0.0001361,1.233e-08,0.02351,0.0009157,0.005475,0.03871,2.393e-06,2.511e-07,0.18
    7800,    7860,0.00087264,0.001355,0.005073,2.48e-26,1.081e-06,2.818e-06,2.973e-05,9.383e-27,3.494e-07,0.0001857,0.0001315,1.184e-08,0.02266,0.000884,0.005289,0.03733,2.309e-06,2.407e-07,0.18
    7860,    7920,0.00089321,0.001308,0.004895,2.431e-26,1.04e-06,2.725e-06,2.875e-05,9.202e-27,3.344e-07,0.0001796,0.0001273,1.139e-08,0.02186,0.0008548,0.005113,0.03603,2.232e-06,2.311e-07,0.18
    7920,    7980,0.00084077,0.00126,0.004707,2.378e-26,9.987e-07,2.628e-06,2.773e-05,9.011e-27,3.192e-07,0.0001732,0.0001229,1.092e-08,0.02102,0.0008243,0.004926,0.03466,2.151e-06,2.214e-07,0.18
    7980,    8040,0.00078847,0.001211,0.004522,2.327e-26,9.58e-07,2.533e-06,2.673e-05,8.821e-27,3.044e-07,0.000167,0.0001186,1.046e-08,0.02018,0.0007945,0.004738,0.03328,2.072e-06,2.119e-07,0.18
    8040,    8100,0.00076872,0.001167,0.00435,2.279e-26,9.207e-07,2.446e-06,2.581e-05,8.643e-27,2.911e-07,0.0001613,0.0001146,1.005e-08,0.0194,0.0007671,0.004562,0.032,2e-06,2.033e-07,0.18
    8100,    8160,0.00074791,0.001121,0.00417,2.228e-26,8.82e-07,2.355e-06,2.485e-05,8.454e-27,2.774e-07,0.0001553,0.0001105,9.617e-09,0.01858,0.0007386,0.004375,0.03065,1.925e-06,1.944e-07,0.18
    8160,    8220,0.00071052,0.001075,0.003994,2.178e-26,8.444e-07,2.266e-06,2.392e-05,8.267e-27,2.643e-07,0.0001494,0.0001064,9.2e-09,0.01777,0.0007108,0.004189,0.0293,1.851e-06,1.858e-07,0.18
    8220,    8280,0.00068459,0.001034,0.003831,2.131e-26,8.099e-07,2.184e-06,2.306e-05,8.091e-27,2.524e-07,0.000144,0.0001027,8.819e-09,0.01701,0.0006852,0.004014,0.02805,1.783e-06,1.78e-07,0.18
    8280,    8340,0.00066055,0.0009902,0.00366,2.08e-26,7.741e-07,2.099e-06,2.216e-05,7.905e-27,2.401e-07,0.0001384,9.884e-05,8.425e-09,0.01621,0.0006586,0.003829,0.02672,1.713e-06,1.7e-07,0.18
    8340,    8400,0.00063939,0.0009478,0.003494,2.03e-26,7.394e-07,2.015e-06,2.129e-05,7.72e-27,2.284e-07,0.000133,9.506e-05,8.043e-09,0.01543,0.0006327,0.003645,0.02542,1.644e-06,1.623e-07,0.18
    8400,    8460,0.00061976,0.0009089,0.003341,1.984e-26,7.076e-07,1.938e-06,2.048e-05,7.547e-27,2.178e-07,0.0001279,9.158e-05,7.695e-09,0.01471,0.0006089,0.003473,0.02421,1.581e-06,1.552e-07,0.18
    8460,    8520,0.00059109,0.0008686,0.003182,1.935e-26,6.748e-07,1.858e-06,1.965e-05,7.364e-27,2.07e-07,0.0001227,8.797e-05,7.336e-09,0.01395,0.0005843,0.003293,0.02295,1.516e-06,1.48e-07,0.18
    8520,    8580,0.00057563,0.0008293,0.003027,1.886e-26,6.428e-07,1.78e-06,1.883e-05,7.181e-27,1.966e-07,0.0001176,8.444e-05,6.988e-09,0.01322,0.0005602,0.003115,0.0217,1.452e-06,1.41e-07,0.18
    8580,    8640,0.00055823,0.0007934,0.002885,1.84e-26,6.137e-07,1.708e-06,1.808e-05,7.01e-27,1.872e-07,0.0001129,8.119e-05,6.67e-09,0.01254,0.0005382,0.00295,0.02056,1.393e-06,1.347e-07,0.18
    8640,    8700,0.00053825,0.0007562,0.002739,1.792e-26,5.835e-07,1.634e-06,1.73e-05,6.828e-27,1.776e-07,0.000108,7.78e-05,6.343e-09,0.01183,0.0005153,0.002776,0.01936,1.332e-06,1.281e-07,0.18
    8700,    8760,0.00051621,0.0007202,0.002597,1.744e-26,5.543e-07,1.561e-06,1.654e-05,6.647e-27,1.684e-07,0.0001033,7.45e-05,6.027e-09,0.01115,0.000493,0.002607,0.0182,1.273e-06,1.218e-07,0.18
    8760,    8820,0.00049614,0.0006873,0.002468,1.699e-26,5.277e-07,1.494e-06,1.584e-05,6.477e-27,1.601e-07,9.893e-05,7.147e-05,5.739e-09,0.01052,0.0004726,0.00245,0.01714,1.218e-06,1.161e-07,0.18
    8820,    8880,0.00047912,0.0006535,0.002336,1.652e-26,5.002e-07,1.424e-06,1.511e-05,6.298e-27,1.516e-07,9.442e-05,6.832e-05,5.443e-09,0.009879,0.0004514,0.002288,0.01604,1.162e-06,1.103e-07,0.18
    8880,    8940,0.00045664,0.0006208,0.002208,1.604e-26,4.737e-07,1.356e-06,1.441e-05,6.119e-27,1.435e-07,9.002e-05,6.524e-05,5.157e-09,0.009259,0.0004308,0.00213,0.01498,1.106e-06,1.046e-07,0.18
    8940,    9000,0.00043933,0.000591,0.002092,1.56e-26,4.495e-07,1.294e-06,1.376e-05,5.951e-27,1.362e-07,8.599e-05,6.24e-05,4.897e-09,0.008698,0.0004118,0.001986,0.01402,1.056e-06,9.953e-08,0.18
    9000,    9060,0.00042307,0.0005603,0.001974,1.514e-26,4.246e-07,1.229e-06,1.308e-05,5.772e-27,1.287e-07,8.18e-05,5.946e-05,4.629e-09,0.008125,0.0003922,0.001838,0.01304,1.004e-06,9.428e-08,0.18
    9060,    9120,0.00040604,0.0005308,0.001861,1.467e-26,4.006e-07,1.166e-06,1.243e-05,5.595e-27,1.216e-07,7.773e-05,5.659e-05,4.372e-09,0.007579,0.0003731,0.001695,0.0121,9.527e-07,8.924e-08,0.18
    9120,    9180,0.00038621,0.0005039,0.001758,1.423e-26,3.788e-07,1.109e-06,1.183e-05,5.429e-27,1.151e-07,7.401e-05,5.395e-05,4.139e-09,0.007089,0.0003556,0.001567,0.01125,9.062e-07,8.467e-08,0.18
    9180,    9240,0.00037162,0.0004764,0.001654,1.378e-26,3.565e-07,1.049e-06,1.12e-05,5.252e-27,1.086e-07,7.015e-05,5.121e-05,3.9e-09,0.006595,0.0003374,0.001437,0.0104,8.58e-07,8.001e-08,0.18
    9240,    9300,0.00035481,0.0004499,0.001555,1.333e-26,3.35e-07,9.914e-07,1.06e-05,5.077e-27,1.023e-07,6.641e-05,4.854e-05,3.67e-09,0.006127,0.0003198,0.001313,0.009597,8.113e-07,7.552e-08,0.18
    9300,    9360,0.00033517,0.0004258,0.001465,1.29e-26,3.155e-07,9.385e-07,1.005e-05,4.912e-27,9.671e-08,6.297e-05,4.608e-05,3.461e-09,0.00571,0.0003035,0.001203,0.008881,7.685e-07,7.145e-08,0.18
    9360,    9420,0.00031617,0.0004011,0.001374,1.245e-26,2.956e-07,8.841e-07,9.476e-06,4.737e-27,9.1e-08,5.943e-05,4.355e-05,3.249e-09,0.005293,0.0002868,0.001094,0.008168,7.245e-07,6.731e-08,0.18
    9420,    9480,0.00030289,0.0003773,0.001288,1.201e-26,2.766e-07,8.314e-07,8.923e-06,4.564e-27,8.555e-08,5.6e-05,4.108e-05,3.045e-09,0.004903,0.0002705,0.0009921,0.007503,6.818e-07,6.334e-08,0.18
    9480,    9540,0.0002936,0.0003558,0.00121,1.16e-26,2.594e-07,7.834e-07,8.418e-06,4.401e-27,8.066e-08,5.287e-05,3.882e-05,2.862e-09,0.004559,0.0002556,0.0009032,0.006921,6.429e-07,5.975e-08,0.18
    9540,    9600,0.00027368,0.0003337,0.001131,1.117e-26,2.419e-07,7.342e-07,7.899e-06,4.229e-27,7.569e-08,4.964e-05,3.649e-05,2.675e-09,0.004216,0.0002402,0.0008162,0.006346,6.03e-07,5.61e-08,0.18
    9600,    9660,0.00026353,0.0003124,0.001055,1.075e-26,2.252e-07,6.867e-07,7.397e-06,4.058e-27,7.096e-08,4.652e-05,3.423e-05,2.496e-09,0.003896,0.0002252,0.0007369,0.005815,5.645e-07,5.26e-08,0.18
    9660,    9720,0.00024679,0.000293,0.0009871,1.035e-26,2.102e-07,6.436e-07,6.941e-06,3.898e-27,6.671e-08,4.367e-05,3.216e-05,2.335e-09,0.003614,0.0002116,0.0006689,0.005352,5.294e-07,4.945e-08,0.18
    9720,    9780,0.00023068,0.0002732,0.0009181,9.947e-27,1.95e-07,5.997e-07,6.474e-06,3.73e-27,6.241e-08,4.076e-05,3.004e-05,2.172e-09,0.003333,0.0001976,0.0006038,0.0049,4.937e-07,4.626e-08,0.18
    9780,    9840,0.00022038,0.0002542,0.0008522,9.554e-27,1.806e-07,5.576e-07,6.026e-06,3.563e-27,5.833e-08,3.796e-05,2.8e-05,2.017e-09,0.003071,0.0001841,0.0005453,0.004483,4.594e-07,4.321e-08,0.18
    9840,    9900,0.0002023,0.000237,0.0007928,9.186e-27,1.677e-07,5.197e-07,5.622e-06,3.408e-27,5.468e-08,3.542e-05,2.616e-05,1.879e-09,0.002839,0.0001719,0.0004959,0.004121,4.284e-07,4.048e-08,0.18
    9900,    9960,0.0001909,0.0002195,0.0007326,8.824e-27,1.548e-07,4.813e-07,5.212e-06,3.246e-27,5.1e-08,3.285e-05,2.427e-05,1.74e-09,0.002607,0.0001595,0.0004487,0.003764,3.971e-07,3.772e-08,0.18
