CampaignData_and_Merges/R0/CSL_MobileLab_Parked/raw/20240717/USOS-NOAAIodideCIMS-Halogens_MobileLabGround_20240717_RA.ict
39, 1001
Michael A Robinson, Chris Jernigan, Subi Thakali
NOAA ESRL Chemical Sciences Laboratory and CIRES, U. of Colorado
NOAA Iodide CIMS Instrument
USOS
1, 1
2024, 07, 17, 2024, 07, 18
0
starttime_UTC, seconds_past_midnight, seconds_of_day_since_00:00:00_UTC
6
1, 1, 1, 1, 1, 1
-9999, -9999, -9999, -9999, -9999, -9999
Br2_NOAACIMS, pptv, Gas_Br2_InSitu_S_AVMR
BrO_NOAACIMS, pptv, Gas_BrO_InSitu_S_AVMR
Cl2_NOAACIMS, pptv, Gas_Cl2_InSitu_S_AVMR
ClNO2_NOAACIMS, pptv, Gas_ClNO2_InSitu_S_AVMR
BrCl_NOAACIMS, pptv, Gas_BrCl_InSitu_S_AVMR
NCl3_NOAACIMS, pptv, Gas_NCl3_InSitu_S_AVMR
1
N/A
18
PI_CONTACT_INFO: 325 Broadway, R/CSD 7, Boulder, Colorado 80305; michael.a.robinson@noaa.gov; chris.jernigan@noaa.gov;
PLATFORM: NOAA CSL Mobile Lab
LOCATION: SLC, Utah
ASSOCIATED_DATA: 1Hz data also available on request.
INSTRUMENT_INFO: NOAA I- ToF CIMS
DATA_INFO: Units: pptv
UNCERTAINTY: tbd
ULOD_FLAG: -7777
ULOD_VALUE: N/A
LLOD_FLAG: -8888
LLOD_VALUE: N/A
DM_CONTACT_INFO: Nathan Howard; nathan.h.howard@noaa.gov
PROJECT_INFO: USOS, summer 2024. https://csl.noaa.gov/groups/csl7/measurements/2024usos/
STIPULATIONS_ON_USE: only the USOS science team is allowed to use this data
OTHER_COMMENTS: Field data; Data are averaged to 1 minute intervals. Stationary data collected from a 10 ft tower on top of the mobile lab
REVISION: RA
RA: Preliminary Data; For in-field use only
starttime_UTC, Br2_NOAACIMS, BrO_NOAACIMS, Cl2_NOAACIMS, ClNO2_NOAACIMS, BrCl_NOAACIMS, NCl3_NOAACIMS
[from data line 380]
22800,1.066,-0.034,2.691,0.124,0.235,3.048
22860,1.029,-0.011,2.870,0.088,0.244,3.132
22920,0.971,-0.045,2.818,0.113,0.305,2.848
22980,1.015,0.037,2.704,0.068,0.234,2.898
23040,1.037,-0.044,2.778,0.096,0.229,2.562
23100,1.023,-0.031,2.817,0.110,0.242,2.925
23160,0.849,0.036,2.735,0.137,0.228,2.642
23220,1.055,-0.035,2.802,0.073,0.215,2.076
23280,1.019,-0.004,2.820,0.096,0.229,2.223
23340,0.837,-0.058,2.962,0.082,0.218,2.232
23400,0.819,-0.001,2.795,0.096,0.217,1.844
23460,1.081,-0.086,2.699,0.099,0.219,1.953
23520,1.013,-0.075,2.922,0.081,0.193,1.994
23580,0.907,-0.035,2.859,0.069,0.279,1.997
23640,1.001,0.030,2.792,0.083,0.214,2.092
23700,0.983,-0.004,2.829,0.052,0.252,2.287
23760,0.952,-0.006,2.905,0.100,0.211,2.235
23820,0.984,-0.025,2.796,0.087,0.201,2.329
23880,0.991,-0.021,2.914,0.112,0.250,2.191
23940,1.072,-0.024,-9999.000,0.119,0.217,1.901
24000,0.605,-0.097,-9999.000,0.045,0.182,1.189
24060,0.856,-0.011,-9999.000,0.088,0.196,1.845
24120,0.801,-0.035,-9999.000,0.104,0.190,1.936
24180,1.050,0.097,2.835,0.087,0.227,1.866
24240,0.965,-0.020,2.721,0.074,0.212,1.543
24300,0.908,-0.032,2.888,0.083,0.213,1.537
24360,1.822,-0.233,2.679,-0.047,0.210,0.965
24420,1.015,0.006,2.604,0.097,0.171,1.319
24480,0.954,0.119,2.702,0.089,0.224,1.554
24540,0.977,-0.001,2.944,0.103,0.189,1.537
24600,0.942,0.037,2.658,0.063,0.225,1.396
24660,1.070,0.002,2.643,0.094,0.231,1.162
24720,1.074,0.103,2.754,0.068,0.171,1.208
24780,0.997,0.005,2.720,0.100,0.194,1.463
24840,0.957,0.035,2.676,0.098,0.234,1.168
24900,1.016,0.082,2.886,0.100,0.244,1.072
24960,0.898,0.119,2.567,0.109,0.201,0.995
25020,1.044,-0.007,2.848,0.096,0.199,0.926
25080,0.839,0.022,2.748,0.075,0.139,1.033
25140,0.984,0.016,2.759,0.102,0.201,0.793
25200,0.775,0.038,2.692,0.097,0.224,1.144
25260,0.912,-0.045,2.462,0.076,0.193,1.065
25320,0.891,0.115,2.756,0.094,0.227,1.452
25380,0.875,0.040,2.683,0.087,0.152,1.333
25440,1.020,0.050,2.887,0.100,0.148,1.189
25500,0.957,0.007,2.900,0.309,0.198,2.721
25560,0.993,0.080,2.824,0.174,0.167,1.544
25620,0.960,0.030,2.623,0.097,0.198,1.390
25680,0.873,0.009,2.599,0.096,0.161,1.129
25740,1.090,0.048,2.817,0.088,0.192,1.127
25800,0.940,-0.029,2.639,0.107,0.180,0.996
25860,1.136,0.172,2.785,0.163,0.307,1.202
25920,0.756,0.078,2.792,0.097,0.170,1.101
25980,0.888,0.005,2.648,0.078,0.168,0.996
26040,0.862,0.045,2.680,0.105,0.164,1.220
26100,0.744,0.024,2.946,0.099,0.166,1.585
26160,0.980,0.085,2.861,0.086,0.199,1.555
26220,0.941,0.045,2.860,0.098,0.145,1.343
26280,0.724,0.074,2.826,0.108,0.181,1.455
26340,0.936,0.129,2.847,0.126,0.164,1.315
26400,0.993,0.015,2.818,0.101,0.164,1.633
26460,0.930,0.141,2.785,0.095,0.141,1.787
26520,0.971,0.170,2.900,0.108,0.162,1.754
26580,0.846,0.073,2.911,0.095,0.186,1.899
26640,0.813,0.101,2.895,0.097,0.167,2.140
26700,0.901,0.111,2.913,0.100,0.197,2.179
26760,0.853,0.144,3.090,0.102,0.143,2.353
26820,0.902,0.159,2.887,0.113,0.166,2.470
26880,0.893,0.135,2.969,0.121,0.167,2.559
26940,0.894,0.151,2.957,0.119,0.184,2.621
27000,0.766,0.133,3.011,0.136,0.186,2.571
27060,0.720,0.051,3.087,0.123,0.180,2.685
27120,0.741,0.193,3.130,0.136,0.168,2.551
27180,0.863,0.116,2.898,0.127,0.230,2.683
27240,0.729,0.140,2.881,0.145,0.233,2.456
27300,0.807,0.164,2.879,0.135,0.161,2.416
27360,0.906,0.174,3.197,0.117,0.199,2.615
27420,0.917,0.134,3.048,0.153,0.188,2.226
27480,0.742,0.152,2.894,0.173,0.152,2.224
27540,0.653,0.117,2.912,0.129,0.183,2.073
27600,0.620,0.181,2.952,0.120,0.178,2.123
27660,0.669,0.206,3.122,0.087,0.216,1.946
27720,0.610,0.163,3.293,0.117,0.198,1.780
27780,0.578,0.181,2.929,0.090,0.165,2.047
27840,0.770,0.142,2.862,0.124,0.180,1.993
27900,0.714,0.330,3.031,0.143,0.171,1.634
27960,0.598,0.171,2.724,0.120,0.228,1.980
28020,0.833,0.178,3.067,0.101,0.187,1.665
28080,0.752,0.143,2.899,0.129,0.193,1.870
28140,0.792,0.225,3.108,0.115,0.205,1.915
28200,0.817,0.132,3.323,0.160,0.199,2.120
28260,0.772,0.155,3.303,0.165,0.109,2.438
28320,0.953,0.223,3.428,0.324,0.159,3.764
28380,0.857,0.233,3.148,0.520,0.237,6.034
28440,0.876,0.230,3.294,0.640,0.217,6.678
28500,0.812,0.166,3.228,0.539,0.254,6.175
28560,0.907,0.162,3.239,0.707,0.244,7.415
28620,0.838,0.194,3.415,0.617,0.266,7.591
28680,0.800,0.199,3.282,0.730,0.237,7.851
28740,0.935,0.276,3.374,0.681,0.278,8.282
28800,0.996,0.147,3.206,0.604,0.247,7.421
28860,0.738,0.116,3.229,0.736,0.253,6.835
28920,1.033,0.111,3.299,0.749,0.250,7.012
28980,0.902,0.214,3.158,0.699,0.255,6.843
29040,0.944,0.200,3.335,0.847,0.221,6.845
29100,0.869,0.190,3.250,0.778,0.262,7.077
29160,0.865,0.132,3.133,0.781,0.267,7.480
29220,1.132,0.302,3.120,0.786,0.190,7.284
29280,0.865,0.122,3.182,0.703,0.252,7.275
29340,0.935,0.239,3.099,0.607,0.231,6.981
29400,0.832,0.182,3.066,0.487,0.226,5.786
29460,0.933,0.259,3.371,0.371,0.198,4.969
29520,1.054,0.103,3.594,0.440,0.212,4.905
29580,0.823,-0.010,3.532,0.713,0.188,5.713
29640,0.924,0.126,3.352,0.447,0.164,5.026
29700,0.802,0.140,3.365,0.381,0.190,5.140
29760,0.782,0.204,3.321,0.366,0.199,5.215
29820,0.960,0.075,3.331,0.438,0.171,5.102
29880,0.872,0.118,2.987,0.272,0.175,3.016
29940,0.971,0.162,3.006,0.213,0.142,2.972
30000,0.889,0.159,3.199,0.296,0.142,3.324
30060,0.930,0.148,3.144,0.395,0.191,3.737
30120,0.931,0.183,3.459,0.490,0.185,4.814
30180,0.939,0.123,3.127,0.403,0.189,4.439
30240,0.979,0.123,3.127,0.401,0.171,4.216
30300,0.837,0.064,2.976,0.161,0.153,2.475
30360,0.976,0.135,2.984,0.202,0.170,2.146
30420,0.934,0.184,3.011,0.188,0.215,1.889
30480,0.912,0.138,3.111,0.176,0.202,1.902
30540,0.894,0.112,3.076,0.153,0.107,2.192
30600,0.941,0.155,3.047,0.171,0.169,1.871
30660,0.815,0.146,2.845,0.108,0.153,1.619
30720,0.925,0.191,3.040,0.139,0.214,1.496
30780,0.814,0.241,3.113,0.126,0.162,1.412
30840,0.901,0.055,3.122,0.113,0.160,1.424
30900,0.958,0.239,3.106,0.155,0.133,1.094
30960,0.956,0.073,3.070,0.130,0.189,1.371
31020,0.906,0.120,3.076,0.154,0.178,1.556
31080,0.860,0.165,3.129,0.158,0.144,1.441
31140,0.947,0.104,3.089,0.147,0.144,1.478
31200,0.864,0.065,3.222,0.169,0.155,1.456
31260,1.009,0.169,3.075,0.164,0.157,1.331
31320,0.976,0.056,2.972,0.123,0.166,1.660
31380,1.010,0.201,3.189,0.173,0.201,1.349
31440,0.764,0.130,2.806,0.221,0.172,1.219
31500,0.849,0.052,3.104,0.202,0.154,1.380
31560,1.028,0.188,3.037,0.164,0.169,1.249
31620,0.771,0.074,3.007,0.182,0.114,1.222
31680,0.968,0.138,2.966,0.155,0.136,1.257
31740,1.135,0.185,2.969,0.172,0.163,1.327
31800,0.975,0.153,2.977,0.155,0.132,1.313
31860,1.090,0.118,3.009,0.157,0.154,1.283
31920,0.935,0.098,3.044,0.174,0.121,1.153
31980,1.073,0.087,3.099,0.173,0.087,1.237
32040,1.061,0.170,3.029,0.197,0.088,1.142
32100,1.077,0.114,3.008,0.166,0.129,0.775
32160,0.927,0.088,2.955,0.187,0.092,0.842
32220,1.228,0.138,3.039,0.148,0.123,1.003
32280,1.209,0.121,3.168,0.194,0.128,1.234
32340,1.137,0.104,2.974,0.172,0.064,0.971
32400,0.952,0.109,2.948,0.191,0.099,0.858
32460,1.189,0.184,3.012,0.139,0.111,1.152
32520,1.004,0.107,3.026,0.175,0.114,1.006
32580,1.202,0.156,3.097,0.156,0.102,0.930
32640,1.258,0.134,2.898,0.141,0.094,0.770
32700,1.155,0.062,2.970,0.113,0.089,0.741
32760,1.186,0.102,2.979,0.174,0.083,0.824
32820,1.122,0.107,3.057,0.156,0.091,0.965
32880,1.334,0.140,3.190,0.147,0.055,1.052
32940,1.147,0.122,2.844,0.160,0.087,1.025
33000,1.099,0.143,3.185,0.169,0.063,1.158
33060,1.163,0.117,2.851,0.184,0.040,1.148
33120,1.397,0.149,3.001,0.169,0.071,0.988
33180,1.237,0.190,3.053,0.163,0.020,0.909
33240,1.167,0.053,3.055,0.151,0.001,1.073
33300,1.015,0.066,2.743,0.153,-0.032,0.901
33360,1.206,0.061,2.907,0.135,0.020,0.940
33420,1.171,0.057,2.784,0.162,0.093,1.086
33480,1.213,0.049,2.905,0.143,0.071,1.217
33540,1.217,0.098,3.013,0.161,0.071,1.115
33600,1.201,0.095,3.050,0.175,0.062,1.147
33660,1.254,0.169,2.844,0.185,0.064,1.032
33720,1.203,0.174,3.296,0.154,0.052,0.805
33780,1.343,0.177,3.144,0.132,0.079,1.010
33840,1.247,0.127,3.073,0.189,0.064,0.992
33900,1.167,0.117,3.267,0.163,0.091,0.971
33960,1.289,0.066,3.131,0.173,0.154,1.183
34020,1.234,0.117,3.256,0.166,0.128,1.173
34080,1.167,0.047,3.049,0.181,0.104,1.225
34140,1.209,0.127,3.073,0.203,0.084,1.180
34200,1.372,0.095,3.033,0.196,0.133,0.974
34260,1.322,0.113,3.273,0.201,0.123,1.081
34320,1.250,0.095,3.380,0.195,0.133,1.107
34380,1.239,0.115,3.159,0.156,0.117,1.169
34440,1.283,0.150,3.023,0.151,0.149,1.376
34500,1.281,0.125,3.221,0.162,0.175,1.165
34560,1.236,0.095,3.352,0.150,0.121,1.201
34620,1.286,0.104,3.280,0.157,0.142,1.276
34680,1.380,0.092,3.351,0.220,0.175,1.264
34740,1.140,0.075,3.121,0.184,0.175,1.310
34800,1.404,0.071,3.327,0.188,0.163,1.321
34860,1.155,0.131,3.203,0.221,0.139,1.136
34920,1.219,0.109,3.302,0.164,0.182,1.218
34980,1.220,0.023,3.299,0.199,0.220,1.350
35040,1.443,0.076,3.442,0.181,0.202,1.556
35100,1.180,0.115,3.499,0.177,0.174,1.119
35160,1.263,0.080,3.316,0.184,0.169,1.317
35220,1.186,0.097,3.310,0.168,0.177,1.572
35280,1.079,0.146,3.281,0.176,0.172,1.438
35340,1.337,0.124,3.048,0.205,0.183,1.361
35400,1.312,0.049,3.338,0.211,0.220,1.362
35460,1.218,0.035,3.308,0.214,0.230,1.317
35520,1.369,0.006,3.313,0.214,0.219,1.317
35580,1.249,0.127,3.351,0.203,0.214,1.371
35640,1.158,0.097,3.166,0.230,0.239,1.520
35700,1.166,0.013,3.151,0.206,0.217,1.339
35760,1.362,0.100,3.396,0.204,0.200,1.481
35820,1.010,-0.035,3.294,0.189,0.237,1.476
35880,1.136,0.043,3.426,0.199,0.187,1.248
35940,1.329,-0.046,3.252,0.190,0.213,1.373
36000,1.244,-0.066,3.258,0.224,0.189,1.155
36060,1.157,0.035,3.152,0.226,0.219,1.174
36120,1.140,-0.001,3.118,0.177,0.240,1.334
36180,1.026,-0.016,3.183,0.193,0.216,1.196
36240,1.084,-0.065,3.315,0.226,0.217,1.357
36300,1.152,-0.030,3.130,0.253,0.196,1.385
36360,1.095,-0.052,3.078,0.184,0.236,1.351
36420,1.185,-0.046,3.024,0.211,0.220,1.671
36480,1.079,-0.037,3.098,0.206,0.203,1.432
36540,0.952,-0.058,3.111,0.188,0.204,1.589
36600,1.101,-0.030,3.140,0.246,0.206,1.624
36660,1.126,-0.089,3.126,0.198,0.225,1.516
36720,0.934,-0.099,3.258,0.185,0.209,1.587
36780,1.057,-0.089,3.179,0.199,0.214,1.637
36840,1.125,-0.025,3.212,0.203,0.228,1.684
36900,1.068,-0.061,3.163,0.152,0.199,1.388
36960,-9999.000,-9999.000,-9999.000,-9999.000,-9999.000,-9999.000
37020,0.935,-0.085,3.064,0.219,0.166,1.135
37080,0.987,-0.149,3.236,0.211,0.235,1.464
37140,1.125,-0.115,2.989,0.151,0.192,1.477
37200,0.970,-0.134,3.188,0.189,0.165,1.407
37260,1.130,-0.118,3.404,0.149,0.208,1.442
37320,1.068,-0.098,3.220,0.125,0.204,1.437
37380,1.144,-0.103,3.268,0.164,0.205,1.352
37440,0.987,0.003,3.132,0.189,0.174,1.266
37500,1.161,0.027,3.433,0.134,0.195,1.372
37560,1.179,-0.034,3.355,0.173,0.145,1.322
37620,1.257,-0.056,3.178,0.196,0.238,1.315
37680,1.118,-0.107,3.406,0.165,0.173,1.386
37740,1.068,0.121,3.403,0.135,0.196,1.229
37800,1.206,-0.036,3.232,0.146,0.183,1.407
37860,1.189,-0.055,3.221,0.189,0.180,1.309
37920,1.203,0.028,3.238,0.171,0.107,1.379
37980,1.019,0.090,3.396,0.142,0.162,1.147
38040,1.148,-0.010,3.297,0.152,0.132,1.048
38100,1.160,0.006,3.208,0.148,0.134,1.202
38160,1.158,0.053,3.254,0.142,0.125,1.073
38220,1.164,-0.005,3.157,0.132,0.145,1.330
38280,1.324,0.066,3.421,0.197,0.168,1.103
38340,1.245,0.053,3.192,0.122,0.189,1.441
38400,1.158,0.118,3.467,0.160,0.129,1.472
38460,1.248,0.135,3.361,0.123,0.140,1.374
38520,1.323,0.046,3.212,0.170,0.143,1.273
38580,1.090,0.057,3.203,0.131,0.164,1.187
38640,1.265,0.214,3.385,0.185,0.124,1.230
38700,1.120,0.096,3.296,0.136,0.126,1.075
38760,1.249,0.124,3.320,0.136,0.131,1.040
38820,1.128,0.143,3.197,0.128,0.144,1.248
38880,1.268,0.189,2.994,0.141,0.090,1.225
38940,1.120,0.125,3.428,0.208,0.179,1.218
39000,1.330,0.149,3.322,0.154,0.116,1.681
39060,1.172,0.155,3.482,0.137,0.131,1.663
39120,1.198,0.051,3.180,0.160,0.172,1.855
39180,1.208,0.096,3.304,0.185,0.158,1.577
39240,1.202,0.080,3.456,0.186,0.154,1.660
39300,1.185,0.076,3.470,0.131,0.200,1.715
39360,1.137,0.096,3.438,0.114,0.118,1.477
39420,1.145,0.134,3.313,0.170,0.161,1.571
39480,1.091,0.059,3.416,0.152,0.170,1.460
39540,1.011,0.095,3.425,0.156,0.187,1.412
39600,1.096,0.138,3.346,0.135,0.188,1.282
39660,1.045,0.091,3.402,0.116,0.197,1.215
39720,1.109,0.179,3.313,0.164,0.187,1.195
39780,1.117,0.083,3.275,0.108,0.160,1.253
39840,0.889,0.124,3.377,0.084,0.174,1.289
39900,1.013,0.140,3.235,0.137,0.161,1.325
39960,0.987,0.128,3.092,0.125,0.174,1.367
40020,1.017,0.069,3.273,0.146,0.135,1.423
40080,0.886,0.045,3.355,0.149,0.154,1.452
40140,0.961,0.102,3.510,0.096,0.178,1.358
40200,0.894,0.079,3.346,0.085,0.183,1.467
40260,0.960,0.087,3.116,0.132,0.191,1.562
40320,1.000,0.065,3.562,0.094,0.156,1.467
40380,0.943,0.108,3.394,0.116,0.168,1.487
40440,0.804,0.062,3.381,0.109,0.192,1.512
40500,0.827,0.052,3.333,0.100,0.187,1.434
40560,0.803,0.107,3.402,0.119,0.152,1.553
40620,1.031,0.184,3.184,0.150,0.133,1.167
40680,0.764,0.377,3.494,0.047,0.173,1.257
40740,0.734,0.136,3.209,0.099,0.168,1.252
40800,0.846,0.087,3.136,0.155,0.157,1.448
40860,0.974,0.079,3.307,0.138,0.213,1.564
40920,0.728,0.180,3.480,0.113,0.164,1.285
40980,0.811,0.116,3.296,0.145,0.132,1.308
41040,0.910,0.138,3.446,0.130,0.171,1.649
41100,0.965,0.136,3.756,0.111,0.178,1.368
41160,0.847,0.148,3.275,0.149,0.196,1.332
41220,0.963,0.103,3.453,0.129,0.153,1.400
41280,0.924,0.126,3.389,0.113,0.161,1.414
41340,1.060,0.037,3.412,0.140,0.142,1.364
41400,0.908,0.155,3.330,0.154,0.121,1.620
41460,0.928,0.112,3.576,0.149,0.139,1.534
41520,0.954,0.193,3.645,0.179,0.149,1.562
41580,0.872,0.110,3.442,0.153,0.151,1.734
41640,0.800,0.170,3.394,0.151,0.146,1.617
41700,1.117,0.073,3.360,0.126,0.100,1.986
41760,0.955,0.126,3.494,0.143,0.136,1.579
41820,1.004,0.113,3.647,0.149,0.098,1.445
41880,1.121,0.146,3.518,0.130,0.097,1.572
41940,1.062,0.132,3.511,0.222,0.107,1.622
42000,0.920,0.098,3.570,0.152,0.111,1.778
42060,1.045,0.227,3.478,0.152,0.154,1.658
42120,0.978,0.137,3.796,0.176,0.111,1.567
42180,0.950,0.112,3.355,0.152,0.076,1.863
42240,0.969,0.123,3.504,0.164,0.088,1.762
42300,0.903,0.166,3.391,0.156,0.112,1.773
42360,1.246,0.187,3.387,0.171,0.076,1.498
42420,1.039,0.170,3.509,0.155,0.076,1.564
42480,0.949,0.124,3.467,0.153,0.098,1.630
42540,0.907,0.158,3.547,0.183,0.095,1.623
42600,0.985,0.200,3.490,0.163,0.088,1.537
42660,1.007,0.144,3.511,0.156,0.108,1.836
42720,0.998,0.172,3.666,0.149,0.111,1.604
42780,1.098,0.149,3.729,0.129,0.125,1.686
42840,0.914,0.184,3.568,0.157,0.083,1.619
42900,0.971,0.128,3.721,0.182,0.121,1.574
42960,1.046,0.151,3.810,0.193,0.109,1.568
43020,0.939,0.197,3.794,0.129,0.106,1.515
43080,1.048,0.090,3.737,0.140,0.109,1.531
43140,1.124,0.030,3.655,0.176,0.110,1.701
43200,0.888,0.152,3.690,0.175,0.098,1.566
43260,0.952,0.140,3.892,0.176,0.115,1.690
43320,0.895,0.076,3.775,0.168,0.116,1.642
43380,0.840,0.074,3.793,0.162,0.081,1.724
43440,0.949,0.055,3.856,0.172,0.064,1.704
43500,0.620,0.209,3.839,0.165,0.138,1.597
43560,1.025,0.113,4.004,0.163,0.116,1.570
43620,0.839,0.004,3.817,0.146,0.104,1.487
43680,0.931,0.005,3.957,0.153,0.071,1.616
43740,0.884,0.149,3.782,0.141,0.136,1.908
43800,0.905,0.031,3.795,0.166,0.100,1.713
43860,0.708,-0.004,3.835,0.166,0.122,1.954
43920,0.666,0.024,3.876,0.158,0.138,1.871
43980,0.790,0.092,3.871,0.174,0.133,1.782
44040,0.792,0.064,3.871,0.159,0.105,1.757
44100,0.596,0.056,3.901,0.151,0.114,1.753
44160,0.757,0.063,3.969,0.204,0.128,1.653
44220,0.872,0.014,3.856,0.147,0.118,1.808
44280,0.642,0.026,3.916,0.185,0.136,1.874
44340,1.126,0.123,3.695,0.098,0.075,2.362
44400,0.460,-0.072,3.948,0.153,0.137,1.747
44460,0.743,0.063,3.844,0.237,0.115,1.802
44520,0.691,0.053,3.881,0.169,0.093,1.819
44580,0.843,0.015,3.971,0.172,0.118,1.780
44640,0.827,0.044,3.994,0.156,0.156,1.890
44700,0.835,0.034,3.908,0.173,0.152,1.880
44760,0.844,0.149,3.967,0.140,0.104,1.722
44820,1.051,0.081,3.786,0.145,0.172,1.696
44880,1.159,0.082,4.068,0.172,0.152,1.654
44940,1.037,0.046,3.997,0.154,0.143,1.295
45000,1.113,0.084,3.896,0.190,0.162,1.444
45060,1.232,0.070,3.663,0.146,0.121,1.432
45120,1.122,0.110,4.003,0.129,0.186,1.501
45180,1.306,0.082,3.938,0.143,0.166,1.500
45240,1.295,0.115,3.927,0.148,0.135,1.550
45300,1.274,0.070,3.808,0.131,0.158,1.652
45360,1.357,0.095,3.792,0.147,0.134,1.681
45420,1.498,0.115,3.985,0.120,0.204,3.544
