CampaignData_and_Merges/R0/CSL_MobileLab_Parked/raw/20240717/USOS-MetNav_MobileLabGround_20240717_R0.ict
44, 1001
Carrie Womack, Nate Howard, Mike Zucker
NOAA Chemical Sciences Laboratory
Mobile Lab MetNav Station
USOS
1, 1
2024, 07, 17, 2024, 12, 21
60
Time_Start, seconds_past_midnight, Seconds from midnight UTC
11
1, 1, 1, 1, 1, 1, 1, 1, 1, 1, 1
-9999, -9999, -9999, -9999, -9999, -9999, -9999, -9999, -9999, -9999, -9999
GPS_Alt_m, meters, Altitude from Differential GPS
GPS_Course_deg, degrees, Course from Differential GPS
GPS_GndSpd_m_s, m/s, Ground Speed from Differential GPS
GPS_Heading_deg, degrees, Heading from Differential GPS
GPS_Lat_deg, degrees, Latitude from Differential GPS
GPS_Lon_deg, degrees, Longitude from Differential GPS
AirTemp_C, Celsius, Air Temperature from Airmar
RelHumidity_pct, percent, Relative Humidity from Airmar
Pressure_mb, millibars, Pressure from Honeywell
WindDir_calc_deg, degrees, Wind Direction from Airmar corrected for van movement
WindSpd_calc_m_s, m/s, Wind Speed from Airmar corrected for van movement
1
SPECIAL COMMENTS:
18
PI_CONTACT_INFO: Address: 325 Broadway R/CSL7, Boulder, CO, 80305
PLATFORM: CSL Mobile Lab
LOCATION: Salt Lake City, UT
ASSOCIATED_DATA: N/A
INSTRUMENT_INFO: N/A
DATA_INFO: Units:
UNCERTAINTY: N/A
ULOD_FLAG: -7777
ULOD_VALUE: N/A
LLOD_FLAG: -8888
LLOD_VALUE: N/A
DM_CONTACT_INFO: Data Manager: Nate Howard
PROJECT_INFO: 
STIPULATIONS_ON_USE: Use of these data require prior ok from PI.
OTHER_COMMENTS: 
REVISION: R0
R0: Final data. Fixed bug in wind averaging code. RA: Preliminary Data. For in-field use only. 
Time_Start, GPS_Alt_m, GPS_Course_deg, GPS_GndSpd_m_s, GPS_Heading_deg, GPS_Lat_deg, GPS_Lon_deg, AirTemp_C, RelHumidity_pct, Pressure_mb, WindDir_calc_deg, WindSpd_calc_m_s
0.0,1311.5,359.27,0.05,359.27,40.73435,-111.87211,37.5,16.6,875.0,98.29,1.0
60.0,1311.5,359.53,0.05,359.53,40.73435,-111.87211,37.3,16.0,875.0,81.19,0.9
120.0,1311.4,359.15,0.05,359.15,40.73435,-111.87211,37.3,15.9,875.0,43.00,0.3
180.0,1311.2,359.05,0.05,359.05,40.73435,-111.87211,37.4,15.1,875.0,94.53,0.6
240.0,1311.1,358.78,0.04,358.78,40.73435,-111.87211,37.4,15.3,874.6,102.33,0.9
300.0,1310.9,359.27,0.05,359.27,40.73435,-111.87211,37.2,15.8,874.8,87.75,0.9
360.0,1310.8,359.32,0.04,359.32,40.73435,-111.87211,37.1,15.6,874.9,92.31,0.7
420.0,1311.0,359.12,0.04,359.12,40.73435,-111.87211,37.0,15.5,874.9,86.96,0.8
480.0,1310.7,358.72,0.05,358.72,40.73435,-111.87211,36.9,15.6,874.9,84.53,0.9
540.0,1310.5,358.92,0.05,358.92,40.73435,-111.87211,36.7,15.3,874.9,69.07,0.9
600.0,1310.4,359.51,0.06,359.51,40.73435,-111.87211,36.7,15.5,874.8,95.19,0.8
660.0,1310.6,358.96,0.05,358.96,40.73435,-111.87211,36.8,15.2,874.7,74.11,0.5
720.0,1310.5,358.84,0.05,358.84,40.73435,-111.87211,36.7,15.9,874.8,92.83,1.0
780.0,1309.7,358.68,0.04,358.68,40.73435,-111.87210,36.6,15.8,874.7,75.66,0.7
840.0,1310.4,358.57,0.05,358.57,40.73435,-111.87211,36.7,15.7,874.8,95.06,0.7
900.0,1310.7,358.97,0.05,358.97,40.73435,-111.87211,36.8,15.5,874.7,99.88,0.7
960.0,1310.5,359.24,0.05,359.24,40.73435,-111.87211,36.9,14.3,874.7,204.67,1.0
1020.0,1310.3,359.44,0.04,359.44,40.73435,-111.87210,36.9,15.0,874.8,328.21,0.3
1080.0,1309.8,359.98,0.05,359.98,40.73435,-111.87210,36.8,15.0,874.8,325.75,0.4
1140.0,1309.5,359.75,0.05,359.75,40.73435,-111.87210,36.7,15.7,874.8,43.70,0.4
1200.0,1309.5,359.99,0.05,359.99,40.73435,-111.87210,36.7,15.9,874.8,101.83,1.0
1260.0,1309.7,359.89,0.05,359.89,40.73435,-111.87210,36.7,15.8,874.8,66.74,0.3
1320.0,1309.8,359.55,0.04,359.55,40.73435,-111.87210,36.8,15.3,874.8,102.59,0.7
1380.0,1309.8,359.53,0.05,359.53,40.73435,-111.87210,36.8,15.8,874.8,87.15,0.7
1440.0,1309.5,359.17,0.05,359.17,40.73435,-111.87210,36.8,16.6,874.8,99.37,0.8
1500.0,1309.4,359.64,0.05,359.64,40.73435,-111.87210,36.6,16.8,874.8,81.81,0.7
1560.0,1309.5,359.52,0.05,359.52,40.73435,-111.87210,36.6,16.0,874.8,85.35,0.7
1620.0,1309.5,358.91,0.05,358.91,40.73435,-111.87210,36.4,16.1,874.9,61.36,0.7
1680.0,1309.4,359.18,0.05,359.18,40.73435,-111.87210,36.3,16.0,874.8,87.35,0.7
1740.0,1309.3,358.94,0.05,358.94,40.73435,-111.87210,36.3,15.3,874.8,87.01,0.5
1800.0,1309.2,358.66,0.05,358.66,40.73435,-111.87210,36.4,15.8,874.8,103.61,0.8
1860.0,1309.3,358.71,0.04,358.71,40.73435,-111.87211,36.1,15.6,874.8,67.27,0.7
1920.0,1309.1,359.03,0.05,359.03,40.73435,-111.87211,36.1,15.6,874.8,96.10,0.5
1980.0,1309.2,359.17,0.05,359.17,40.73435,-111.87211,36.1,16.1,874.8,110.27,0.8
2040.0,1309.3,359.04,0.05,359.04,40.73435,-111.87210,36.1,15.5,874.8,114.50,1.0
2100.0,1309.4,359.54,0.05,359.54,40.73435,-111.87210,36.0,16.4,874.8,83.79,0.6
2160.0,1309.5,359.23,0.05,359.23,40.73435,-111.87210,36.0,16.4,874.8,102.03,0.7
2220.0,1309.6,358.98,0.05,358.98,40.73435,-111.87210,36.1,16.7,874.8,107.27,1.0
2280.0,1309.6,359.68,0.04,359.68,40.73435,-111.87210,36.1,16.2,874.7,103.95,0.9
2340.0,1309.6,0.01,0.04,0.01,40.73435,-111.87210,36.2,16.8,874.8,96.87,0.5
2400.0,1309.3,0.10,0.04,0.10,40.73435,-111.87210,36.2,16.5,874.8,61.36,0.6
2460.0,1309.1,0.03,0.04,0.03,40.73435,-111.87210,36.1,16.5,874.8,74.85,0.6
2520.0,1309.1,0.01,0.05,0.01,40.73435,-111.87210,36.2,16.5,874.8,72.29,0.5
2580.0,1308.9,359.88,0.05,359.88,40.73435,-111.87210,36.2,16.4,874.8,85.28,0.6
2640.0,1308.9,359.91,0.04,359.91,40.73435,-111.87210,36.1,16.1,874.8,81.26,0.8
2700.0,1308.8,0.02,0.04,0.02,40.73435,-111.87210,36.1,15.8,874.7,108.20,1.1
2760.0,1308.6,359.96,0.05,359.96,40.73435,-111.87210,36.2,15.9,874.7,119.99,0.9
2820.0,1308.4,359.60,0.04,359.60,40.73435,-111.87210,36.3,15.6,874.7,110.01,0.9
2880.0,1308.3,0.02,0.05,0.02,40.73435,-111.87210,36.4,16.0,874.7,105.88,0.8
2940.0,1308.4,0.05,0.05,0.05,40.73435,-111.87210,36.6,15.4,874.7,117.96,1.0
3000.0,1308.4,359.62,0.05,359.62,40.73435,-111.87210,36.7,15.1,874.7,123.90,0.5
3060.0,1308.5,359.53,0.05,359.53,40.73435,-111.87210,36.8,15.6,874.7,94.59,0.5
3120.0,1308.6,359.87,0.05,359.87,40.73435,-111.87210,36.7,16.0,874.7,79.89,0.5
3180.0,1308.6,359.85,0.05,359.85,40.73435,-111.87210,36.7,16.0,874.7,95.65,0.5
3240.0,1308.6,359.59,0.04,359.59,40.73435,-111.87210,36.7,15.4,874.7,104.01,0.7
3300.0,1308.6,359.60,0.05,359.60,40.73435,-111.87210,36.7,16.0,874.7,113.56,1.2
3360.0,1308.5,359.83,0.05,359.83,40.73435,-111.87210,36.7,15.7,874.7,116.61,0.3
3420.0,1308.5,359.64,0.05,359.64,40.73435,-111.87210,36.6,16.1,874.7,88.24,0.6
3480.0,1308.6,359.58,0.05,359.58,40.73435,-111.87210,36.6,16.1,874.7,100.05,0.6
3540.0,1308.4,0.08,0.05,0.08,40.73435,-111.87210,36.6,15.8,874.7,109.35,0.6
3600.0,1308.2,359.56,0.04,359.56,40.73434,-111.87210,36.6,15.8,874.7,93.85,0.7
3660.0,1308.0,359.56,0.05,359.56,40.73434,-111.87210,36.4,16.2,874.7,111.49,1.0
3720.0,1307.8,359.81,0.05,359.81,40.73434,-111.87210,36.3,16.8,874.7,114.06,1.2
3780.0,1307.8,0.02,0.05,0.02,40.73434,-111.87211,36.1,16.7,874.6,98.25,0.7
3840.0,1307.0,359.79,0.05,359.79,40.73434,-111.87210,35.9,16.3,874.6,92.67,0.9
3900.0,1307.3,359.61,0.05,359.61,40.73434,-111.87210,35.8,15.3,874.6,100.46,0.9
3960.0,1307.6,359.62,0.06,359.62,40.73434,-111.87210,35.4,15.3,874.6,94.08,0.8
4020.0,1307.7,359.84,0.05,359.84,40.73434,-111.87210,35.2,16.1,874.6,79.19,0.5
4080.0,1307.7,359.48,0.05,359.48,40.73434,-111.87211,35.4,15.5,874.6,109.05,0.6
4140.0,1307.9,359.39,0.05,359.39,40.73434,-111.87211,35.3,16.4,874.6,90.79,0.5
4200.0,1308.1,359.17,0.05,359.17,40.73434,-111.87211,35.4,15.4,874.6,104.19,0.5
4260.0,1308.1,358.91,0.05,358.91,40.73434,-111.87211,35.3,15.5,874.6,121.39,0.3
4320.0,1308.1,359.03,0.05,359.03,40.73434,-111.87211,35.4,15.4,874.6,102.03,0.2
4380.0,1307.9,358.38,0.05,358.38,40.73434,-111.87210,35.3,15.7,874.6,92.12,0.5
4440.0,1308.0,358.25,0.05,358.25,40.73434,-111.87210,35.4,15.6,874.6,99.18,0.3
4500.0,1308.0,358.02,0.05,358.02,40.73434,-111.87210,35.4,15.8,874.7,98.07,0.6
4560.0,1308.1,358.30,0.04,358.30,40.73434,-111.87210,35.4,15.1,874.7,79.82,0.3
4620.0,1308.1,358.82,0.04,358.82,40.73434,-111.87210,35.5,14.7,874.7,105.54,0.4
4680.0,1308.1,358.62,0.05,358.62,40.73434,-111.87210,35.5,15.3,874.7,110.91,0.9
4740.0,1308.3,358.87,0.05,358.87,40.73434,-111.87211,35.3,15.3,874.7,88.57,0.7
4800.0,1308.7,358.81,0.04,358.81,40.73434,-111.87211,35.1,16.3,874.7,107.23,0.8
4860.0,1308.6,358.78,0.05,358.78,40.73434,-111.87210,35.0,17.3,874.7,116.18,1.1
4920.0,1308.4,359.16,0.05,359.16,40.73434,-111.87210,34.8,16.7,874.7,106.77,0.8
4980.0,1308.2,359.22,0.05,359.22,40.73435,-111.87211,34.8,16.3,874.7,139.81,1.1
5040.0,1308.2,359.45,0.05,359.45,40.73435,-111.87210,34.7,15.8,874.7,108.14,0.5
5100.0,1308.0,359.36,0.05,359.36,40.73435,-111.87210,34.8,15.3,874.7,137.10,0.5
5160.0,1308.0,359.31,0.05,359.31,40.73435,-111.87211,34.9,15.5,874.7,123.04,0.6
5220.0,1308.2,359.40,0.05,359.40,40.73435,-111.87211,34.9,15.6,874.7,117.86,1.0
5280.0,1308.4,0.16,0.05,0.16,40.73435,-111.87211,34.9,15.8,874.7,119.53,0.7
5340.0,1308.6,359.42,0.05,359.42,40.73435,-111.87211,34.9,15.8,874.7,110.02,0.5
5400.0,1308.6,359.15,0.05,359.15,40.73435,-111.87211,34.9,15.6,874.7,128.59,0.7
5460.0,1308.6,359.35,0.05,359.35,40.73435,-111.87211,34.8,15.6,874.7,123.68,1.0
5520.0,1308.7,359.83,0.04,359.83,40.73435,-111.87211,34.7,16.0,874.8,122.41,0.9
5580.0,1308.7,0.19,0.05,0.19,40.73435,-111.87211,34.7,16.0,874.8,139.37,0.8
5640.0,1308.6,0.30,0.05,0.30,40.73435,-111.87211,34.6,16.1,874.8,113.92,0.7
5700.0,1308.7,0.40,0.05,0.40,40.73435,-111.87211,34.7,15.8,874.8,139.93,0.6
5760.0,1308.9,0.59,0.06,0.59,40.73435,-111.87211,34.7,15.8,874.7,125.28,0.6
5820.0,1309.0,0.45,0.05,0.45,40.73435,-111.87211,34.7,15.7,874.7,148.15,0.7
5880.0,1308.9,359.98,0.05,359.98,40.73435,-111.87211,34.7,15.5,874.7,178.71,0.7
5940.0,1308.9,0.17,0.05,0.17,40.73435,-111.87211,34.7,15.6,874.7,131.93,0.7
6000.0,1308.9,0.03,0.06,0.03,40.73435,-111.87211,34.8,15.8,874.8,135.37,0.7
6060.0,1308.9,0.06,0.05,0.06,40.73435,-111.87211,34.7,15.7,874.8,169.99,0.6
6120.0,1308.9,0.39,0.05,0.39,40.73435,-111.87211,34.7,16.0,874.8,122.94,0.9
6180.0,1308.9,359.94,0.05,359.94,40.73435,-111.87211,34.6,16.2,874.8,134.88,0.8
6240.0,1309.0,359.87,0.05,359.87,40.73435,-111.87211,34.6,15.9,874.8,118.11,0.8
6300.0,1309.1,359.52,0.05,359.52,40.73435,-111.87211,34.6,15.9,874.8,144.92,0.4
6360.0,1309.2,359.65,0.05,359.65,40.73435,-111.87211,34.5,16.0,874.8,123.52,0.9
6420.0,1309.2,359.49,0.05,359.49,40.73435,-111.87211,34.5,15.9,874.8,128.13,1.0
6480.0,1309.1,359.62,0.05,359.62,40.73435,-111.87211,34.5,16.3,874.8,106.82,0.8
6540.0,1309.0,359.32,0.04,359.32,40.73435,-111.87211,34.5,16.4,874.8,99.26,0.3
6600.0,1308.8,358.98,0.05,358.98,40.73435,-111.87211,34.6,16.3,874.9,121.70,0.4
6660.0,1308.7,358.97,0.04,358.97,40.73435,-111.87211,34.6,16.6,874.9,108.87,1.0
6720.0,1308.7,358.69,0.05,358.69,40.73435,-111.87211,34.6,16.6,874.9,107.63,0.6
6780.0,1308.9,358.88,0.04,358.88,40.73435,-111.87211,34.6,16.7,874.9,110.46,0.7
6840.0,1309.0,359.08,0.05,359.08,40.73435,-111.87211,34.6,16.5,874.9,94.19,0.5
6900.0,1309.2,359.16,0.05,359.16,40.73435,-111.87211,34.6,16.5,874.9,99.01,0.6
6960.0,1309.2,358.61,0.05,358.61,40.73435,-111.87211,34.7,16.2,874.9,125.25,0.9
7020.0,1309.3,358.35,0.05,358.35,40.73435,-111.87211,34.6,15.9,874.9,116.55,0.8
7080.0,1309.4,358.57,0.04,358.57,40.73435,-111.87211,34.7,16.3,874.9,105.10,0.7
7140.0,1309.4,358.56,0.05,358.56,40.73435,-111.87211,34.5,16.5,874.9,97.43,0.6
7200.0,1309.4,358.78,0.05,358.78,40.73435,-111.87211,34.6,16.3,874.9,113.49,0.9
7260.0,1309.4,358.72,0.05,358.72,40.73435,-111.87211,34.5,16.4,874.9,121.97,1.0
7320.0,1309.2,358.54,0.05,358.54,40.73435,-111.87211,34.5,15.9,874.9,137.45,0.8
7380.0,1309.1,358.51,0.05,358.51,40.73435,-111.87211,34.6,16.0,874.9,122.21,0.9
7440.0,1309.4,359.54,0.05,359.54,40.73435,-111.87211,34.6,16.2,874.9,105.60,0.5
7500.0,1309.5,359.55,0.05,359.55,40.73434,-111.87211,34.5,16.0,874.9,141.85,1.2
7560.0,1309.7,0.04,0.05,0.04,40.73434,-111.87211,34.5,15.9,874.9,128.77,0.9
7620.0,1309.5,359.83,0.05,359.83,40.73435,-111.87211,34.5,15.9,874.9,148.82,1.0
7680.0,1309.4,359.56,0.05,359.56,40.73435,-111.87211,34.6,16.0,874.9,142.31,0.6
7740.0,1309.2,359.12,0.06,359.12,40.73435,-111.87211,34.6,16.1,874.9,129.61,0.8
7800.0,1309.0,0.37,0.05,0.37,40.73435,-111.87211,34.5,16.1,874.9,120.25,0.9
7860.0,1309.2,359.74,0.05,359.74,40.73435,-111.87210,34.4,16.6,874.9,116.71,1.1
7920.0,1309.2,0.09,0.05,0.09,40.73435,-111.87210,34.3,16.9,875.0,121.52,1.2
7980.0,1309.1,359.85,0.05,359.85,40.73434,-111.87210,34.3,16.5,875.0,131.88,0.8
8040.0,1309.2,358.91,0.04,358.91,40.73434,-111.87210,34.2,16.7,875.0,127.79,0.6
8100.0,1308.7,358.33,0.05,358.33,40.73435,-111.87211,34.3,16.5,874.9,127.51,0.6
8160.0,1308.6,358.86,0.05,358.86,40.73435,-111.87211,34.2,16.8,874.9,120.91,0.7
8220.0,1308.6,359.14,0.05,359.14,40.73435,-111.87211,34.3,17.0,874.9,126.51,0.4
8280.0,1308.8,359.08,0.05,359.08,40.73435,-111.87211,34.2,16.6,875.0,122.63,0.8
8340.0,1309.1,358.78,0.05,358.78,40.73435,-111.87211,34.2,16.9,875.0,117.22,0.8
8400.0,1309.2,358.59,0.05,358.59,40.73435,-111.87211,34.1,17.0,875.0,116.53,0.7
8460.0,1309.4,358.53,0.05,358.53,40.73435,-111.87210,34.1,17.0,875.0,126.88,0.9
8520.0,1309.5,359.28,0.06,359.28,40.73434,-111.87210,34.0,16.5,875.0,131.54,1.0
8580.0,1309.4,359.59,0.05,359.59,40.73434,-111.87210,33.9,16.8,875.0,121.98,0.7
8640.0,1308.8,359.74,0.05,359.74,40.73435,-111.87211,33.8,17.4,875.0,100.51,0.5
8700.0,1308.7,359.52,0.05,359.52,40.73435,-111.87211,33.6,17.4,875.0,127.81,0.9
8760.0,1309.3,359.56,0.05,359.56,40.73435,-111.87210,33.5,17.1,875.0,131.37,1.0
8820.0,1309.4,359.71,0.05,359.71,40.73434,-111.87210,33.4,17.5,875.0,114.09,0.6
8880.0,1309.3,359.34,0.05,359.34,40.73434,-111.87211,33.3,17.2,875.0,139.04,0.8
8940.0,1309.6,359.66,0.05,359.66,40.73434,-111.87210,33.2,17.6,875.0,124.44,0.7
9000.0,1309.9,359.58,0.05,359.58,40.73434,-111.87210,33.0,18.0,875.0,98.59,0.5
9060.0,1310.0,359.52,0.05,359.52,40.73434,-111.87210,32.7,18.4,875.0,115.29,0.8
9120.0,1310.2,359.50,0.06,359.50,40.73434,-111.87210,32.5,19.2,875.0,117.86,0.9
9180.0,1310.1,359.64,0.05,359.64,40.73434,-111.87210,32.2,18.4,875.0,118.92,1.0
9240.0,1310.1,359.83,0.05,359.83,40.73434,-111.87210,32.1,18.7,875.0,112.51,0.7
9300.0,1310.0,359.12,0.05,359.12,40.73434,-111.87210,31.8,18.6,875.0,110.40,0.5
9360.0,1310.4,359.27,0.05,359.27,40.73435,-111.87210,31.7,18.7,875.1,112.83,0.5
9420.0,1310.3,359.90,0.05,359.90,40.73435,-111.87210,31.7,18.9,875.1,109.89,0.6
9480.0,1310.5,359.85,0.05,359.85,40.73435,-111.87210,31.5,18.7,875.1,113.37,0.6
9540.0,1310.6,359.86,0.06,359.86,40.73435,-111.87210,31.3,18.6,875.1,104.63,0.6
9600.0,1310.6,359.71,0.06,359.71,40.73435,-111.87210,31.1,19.0,875.1,97.25,0.5
9660.0,1310.4,358.70,0.05,358.70,40.73435,-111.87210,30.9,19.1,875.1,100.07,0.6
9720.0,1310.2,359.03,0.06,359.03,40.73435,-111.87210,30.8,19.3,875.1,100.72,0.4
9780.0,1310.4,358.96,0.06,358.96,40.73435,-111.87210,30.6,19.7,875.1,101.11,0.5
9840.0,1310.2,359.35,0.06,359.35,40.73435,-111.87210,30.5,20.4,875.1,121.55,1.0
9900.0,1309.9,359.23,0.06,359.23,40.73435,-111.87210,30.4,20.9,875.1,126.64,1.6
9960.0,1309.7,358.76,0.06,358.76,40.73435,-111.87210,30.3,21.3,875.1,123.21,1.1
10020.0,1309.8,358.18,0.05,358.18,40.73435,-111.87210,30.2,21.5,875.1,118.23,0.7
10080.0,1309.5,358.52,0.06,358.52,40.73435,-111.87210,30.1,21.8,875.1,120.65,0.9
10140.0,1309.4,359.06,0.06,359.06,40.73435,-111.87210,30.0,22.0,875.1,115.27,1.1
10200.0,1309.1,358.93,0.05,358.93,40.73435,-111.87210,29.8,22.4,875.1,125.23,1.4
10260.0,1309.2,359.00,0.05,359.00,40.73435,-111.87210,29.7,22.6,875.1,117.53,1.1
10320.0,1309.0,359.03,0.05,359.03,40.73435,-111.87210,29.5,22.8,875.1,115.82,1.3
10380.0,1309.0,359.27,0.06,359.27,40.73435,-111.87210,29.4,22.7,875.1,119.30,1.4
10440.0,1308.9,359.28,0.06,359.28,40.73435,-111.87210,29.2,22.8,875.1,115.86,1.1
10500.0,1308.6,358.74,0.06,358.74,40.73435,-111.87210,29.1,22.7,875.1,119.95,1.7
10560.0,1308.7,358.77,0.06,358.77,40.73435,-111.87210,29.0,22.8,875.1,120.25,1.1
10620.0,1308.4,358.84,0.06,358.84,40.73435,-111.87210,28.8,22.8,875.1,112.63,1.5
10680.0,1308.4,359.46,0.05,359.46,40.73435,-111.87210,28.8,23.1,875.1,125.65,1.4
10740.0,1308.4,359.94,0.06,359.94,40.73435,-111.87210,28.6,23.2,875.1,115.99,1.1
10800.0,1308.6,359.71,0.06,359.71,40.73435,-111.87210,28.5,23.2,875.1,115.16,1.0
10860.0,1308.8,359.38,0.07,359.38,40.73435,-111.87210,28.5,23.2,875.1,125.69,1.4
10920.0,1308.9,358.50,0.06,358.50,40.73435,-111.87210,28.4,23.4,875.1,117.03,0.9
10980.0,1309.2,358.29,0.06,358.29,40.73435,-111.87210,28.3,23.5,875.2,130.62,1.2
11040.0,1309.3,358.78,0.05,358.78,40.73435,-111.87210,28.3,23.6,875.2,126.84,1.4
11100.0,1309.4,359.24,0.05,359.24,40.73435,-111.87211,28.2,23.6,875.2,123.79,0.9
11160.0,1309.3,359.38,0.06,359.38,40.73435,-111.87211,28.2,23.9,875.2,116.63,1.1
11220.0,1309.3,359.24,0.05,359.24,40.73435,-111.87211,28.1,23.7,875.2,103.69,0.9
11280.0,1309.4,358.88,0.06,358.88,40.73435,-111.87211,27.9,23.7,875.2,121.42,1.6
11340.0,1309.5,359.03,0.05,359.03,40.73435,-111.87211,27.9,23.8,875.2,124.61,1.4
11400.0,1309.5,359.16,0.05,359.16,40.73435,-111.87211,27.8,23.8,875.2,110.83,1.1
11460.0,1309.3,358.92,0.06,358.92,40.73435,-111.87211,27.7,23.9,875.2,126.24,1.4
11520.0,1309.4,358.42,0.05,358.42,40.73435,-111.87211,27.6,24.0,875.2,105.64,0.8
11580.0,1309.5,358.22,0.05,358.22,40.73435,-111.87211,27.6,23.9,875.3,122.82,1.4
11640.0,1309.6,358.19,0.05,358.19,40.73435,-111.87211,27.4,24.0,875.3,121.46,2.3
11700.0,1309.5,358.10,0.06,358.10,40.73435,-111.87211,27.4,23.9,875.3,119.74,1.4
11760.0,1309.4,358.44,0.06,358.44,40.73435,-111.87211,27.3,24.0,875.3,126.76,1.4
11820.0,1309.4,358.10,0.05,358.10,40.73435,-111.87211,27.3,24.4,875.3,120.67,1.3
11880.0,1309.6,358.11,0.04,358.11,40.73435,-111.87211,27.2,24.4,875.3,122.16,1.1
11940.0,1309.7,358.13,0.06,358.13,40.73435,-111.87211,27.1,24.4,875.3,120.05,1.0
12000.0,1309.6,358.34,0.05,358.34,40.73435,-111.87211,27.1,24.6,875.3,125.04,1.3
