CampaignData_and_Merges/R0/CSL_MobileLab_Parked/raw/20240717/USOS-Picarro-CO2-CH4-CO-H2O_MobileLabGround_20240717_R0.ict
38, 1001
Ilana Pollack, Nell Schafer, and Jeff Peischl
NOAA Chemical Sciences Laboratory
Picarro 2401-m CO2/CH4/CO/H2O Analyzer
USOS
1, 1
2024, 07, 17, 2024, 11, 20
0
StartTime_UTC, seconds_past_midnight, seconds past midnight
5
1, 1, 1, 1, 1
-9999, -9999, -9999, -9999, -9999
StopTime_UTC, seconds_past_midnight, seconds past midnight
CO2_ppm_1min, ppm, Gas_CO2_InSitu_S_DMF, carbon dioxide mixing ratio
CH4_ppb_1min, ppb, Gas_CH4_InSitu_S_DMF, methane mixing ratio
CO_ppb_1min, ppb, Gas_CO_InSitu_S_DMF, carbon monoxide mixing ratio
H2O_ppmv_1min, ppmv, Met_H2OMRV_InSitu_S_AVMR, water vapor mixing ratio
1
SPECIAL COMMENTS: N/A
18
PI_CONTACT_INFO: Address: NOAA Chemical Sciences Laboratory, Mail Stop CSL7, 325 Broadway, Boulder, CO 80305; Email: Ilana.Pollack@noaa.gov
PLATFORM: NOAA CSL Mobile Laboratory
LOCATION: The mobile lab was stationed in Salt Lake City, Utah.
ASSOCIATED_DATA: N/A
INSTRUMENT_INFO: CO2, CH4, and CO are reported as dry air mole fractions using a commercial wavelength-scanned cavity ring-down analyzer (Picarro 2401-m). An in-field calibration gas standard of 432±0.07 ppm CO2, 2095±1 ppb CH4, and 183±1 ppb CO, calibrated in the Boulder laboratories before and after the field project using primary CO2, CH4, and CO standard tanks tied to the WMO standard (X2019, X2004A, and X2014A, respectively) from the Global Monitoring Laboratory (GML), was delivered to the inlet every 2-3 days to evaluate instrument sensitivity. A H2O measurement was calibrated before the project with a Dew Point Mirror 373 hygrometer. The water correction calculated from these calibrations was applied to the H2O measurement for the entire campaign. Species are measured at 0.5 Hz and reported as 1-minute averages for stationary measurements.
DATA_INFO: Units: CO2, ppm, dry air mole fraction; CH4, ppb, dry air mole fraction; CO, ppb, dry air mole fraction; H2O, ppmv
UNCERTAINTY: Total uncertainties are estimated as ±0.1 ppm for CO2, ±1 ppb for CH4, ±5 ppb for CO, and ±(50 ppm + 4%) for H2O.
ULOD_FLAG: -7777
ULOD_VALUE: N/A
LLOD_FLAG: -8888
LLOD_VALUE: N/A
DM_CONTACT_INFO: Data Manager: Nathan Howard; nathan.h.howard@noaa.gov
PROJECT_INFO: USOS Dates of Study: July – August 2024
STIPULATIONS_ON_USE: Use of these data require prior ok from PI.
OTHER_COMMENTS: Data are averaged to 1 minute intervals. Stationary data collected from a 10 ft tower on top of the mobile van.
REVISION: R0
R0: Final Data
StartTime_UTC, StopTime_UTC, CO2_ppm_1min, CH4_ppb_1min, CO_ppb_1min, H2O_ppmv_1min
[from data line 754]
45240,45300,437.47,1970.5,162.0,11435.0605
45300,45360,438.52,1970.6,166.8,11507.3145
45360,45420,440.22,1971.1,180.0,11537.2451
45420,45480,438.32,1970.7,161.6,11506.1367
45480,45540,438.77,1970.6,158.0,11503.5928
45540,45600,439.69,1971.0,240.3,11548.6250
45600,45660,440.46,1971.0,230.7,11527.1709
45660,45720,436.56,1969.8,158.5,11483.1211
45720,45780,437.13,1970.6,158.8,11524.1279
45780,45840,436.88,1970.4,164.3,11560.5000
45840,45900,438.41,1971.3,179.7,11569.4238
45900,45960,439.80,1971.9,188.6,11715.6094
45960,46020,438.66,1971.1,183.6,11574.7393
46020,46080,439.07,1971.0,165.1,11648.7061
46080,46140,438.49,1971.2,173.5,11702.1289
46140,46200,438.06,1970.6,168.3,11620.3984
46200,46260,439.60,1970.8,174.5,11675.7080
46260,46320,436.84,1970.5,158.0,11564.5713
46320,46380,437.16,1970.7,169.4,11650.0342
46380,46440,438.37,1971.2,170.0,11753.0977
46440,46500,438.31,1970.6,160.1,11716.0469
46500,46560,438.49,1971.1,157.5,11714.3975
46560,46620,437.77,1970.6,155.9,11643.0381
46620,46680,438.18,1970.9,158.7,11703.8506
46680,46740,437.54,1971.3,164.3,11649.4600
46740,46800,439.13,1971.4,161.8,11840.7246
46800,46860,439.53,1971.5,176.9,11733.7930
46860,46920,439.40,1971.2,166.8,11923.3301
46920,46980,437.43,1970.5,155.4,11757.6855
46980,47040,435.71,1970.2,152.5,11673.4541
47040,47100,437.32,1970.7,154.6,11849.0195
47100,47160,436.62,1970.3,155.8,11845.2646
47160,47220,438.68,1971.0,167.7,12024.4834
47220,47280,436.22,1970.8,159.1,11930.7539
47280,47340,435.98,1970.3,162.4,11825.2734
47340,47400,435.93,1970.3,156.5,12010.6436
47400,47460,435.48,1969.9,152.8,11939.1211
47460,47520,436.30,1970.7,154.8,11917.4258
47520,47580,436.82,1970.4,159.8,12013.6797
47580,47640,436.61,1970.6,161.7,12026.1426
47640,47700,435.96,1970.9,161.1,11932.9766
47700,47760,436.39,1971.0,162.8,11972.6426
47760,47820,437.67,1971.0,164.5,12113.2842
47820,47880,435.52,1970.1,156.9,11995.7217
47880,47940,439.57,1970.7,167.6,12179.3613
47940,48000,436.98,1970.3,161.7,12140.8193
48000,48060,435.37,1970.1,157.7,12097.1768
48060,48120,436.08,1970.7,160.3,12204.1914
48120,48180,435.44,1971.0,155.8,12096.6484
48180,48240,434.90,1970.3,155.1,12101.4912
48240,48300,435.39,1970.3,160.2,12241.7520
48300,48360,436.91,1970.4,173.6,12095.0898
48360,48420,436.35,1970.1,180.9,12296.5498
48420,48480,437.99,1970.7,212.6,12294.2461
48480,48540,435.95,1970.6,177.3,12203.0205
48540,48600,435.23,1970.2,162.8,12314.2891
48600,48660,436.34,1970.6,178.1,12246.0762
48660,48720,434.35,1969.8,199.2,12034.6777
48720,48780,436.14,1970.3,183.4,12366.2861
48780,48840,434.56,1969.9,168.4,12222.8311
48840,48900,435.54,1970.1,167.7,12346.4355
48900,48960,435.54,1970.3,174.7,12285.8291
48960,49020,436.48,1970.1,174.8,12316.6387
49020,49080,434.20,1969.6,159.4,12221.4521
49080,49140,437.90,1970.7,163.7,12389.7080
49140,49200,435.97,1971.4,171.5,12361.1865
49200,49260,436.17,1970.7,175.9,12279.8389
49260,49320,437.99,1972.2,181.1,12390.0674
49320,49380,439.54,1972.6,183.3,12463.0791
49380,49440,436.41,1971.5,182.2,12322.5557
49440,49500,438.71,1971.6,194.5,12574.4121
49500,49560,436.31,1970.9,174.9,12313.7266
49560,49620,438.48,1971.8,170.1,12515.2285
49620,49680,434.48,1971.5,161.1,12393.3809
49680,49740,439.20,1972.3,174.5,12477.2451
49740,49800,435.28,1971.8,167.9,12487.6533
49800,49860,440.17,1973.3,194.1,12732.2402
49860,49920,437.61,1973.3,190.9,12552.8916
49920,49980,436.92,1973.5,184.5,12470.9375
49980,50040,439.77,1974.0,197.2,12798.6748
50040,50100,440.25,1973.5,202.9,12718.8623
50100,50160,435.82,1972.7,172.7,12548.3887
50160,50220,449.06,1974.9,224.7,12801.3926
50220,50280,441.96,1973.7,197.7,12891.8193
50280,50340,437.81,1972.8,177.7,12658.6426
50340,50400,434.71,1972.7,174.0,12672.5166
50400,50460,435.93,1973.2,177.6,12587.1377
50460,50520,437.16,1973.4,180.4,12763.4932
50520,50580,442.77,1974.0,204.2,12671.8623
50580,50640,434.83,1973.0,168.6,12617.1143
50640,50700,433.35,1973.1,169.7,12555.7627
50700,50760,434.15,1973.1,169.1,12710.4395
50760,50820,434.99,1973.5,200.2,12760.8037
50820,50880,434.05,1973.4,182.6,12696.5371
50880,50940,434.84,1973.3,182.3,12754.6504
50940,51000,435.13,1973.3,195.3,12814.6748
51000,51060,439.55,1974.3,212.6,13086.5371
51060,51120,434.65,1973.2,193.0,13106.6875
51120,51180,434.93,1973.4,195.7,13034.5781
51180,51240,434.80,1974.0,260.5,13197.7324
51240,51300,434.26,1973.4,209.4,12867.8154
51300,51360,432.61,1973.1,190.5,12728.9072
51360,51420,433.47,1972.6,198.0,12777.4453
51420,51480,434.93,1973.7,206.1,12837.1650
51480,51540,434.59,1972.9,214.7,12916.6504
51540,51600,431.86,1972.9,202.7,12958.1348
51600,51660,434.20,1972.8,204.0,12770.3711
51660,51720,432.43,1972.4,193.8,12774.5186
51720,51780,435.59,1972.9,203.7,12828.8379
51780,51840,432.06,1972.5,196.2,12957.3008
51840,51900,433.91,1972.4,204.8,13212.1064
51900,51960,433.00,1972.7,193.6,13146.6611
51960,52020,432.40,1972.4,185.2,12979.5225
52020,52080,430.60,1972.6,170.9,13027.9189
52080,52140,431.36,1971.3,165.2,12787.8340
52140,52200,430.50,1971.6,162.7,12935.3916
52200,52260,431.58,1971.2,168.5,12990.3682
52260,52320,429.88,1970.4,163.2,12784.7773
52320,52380,430.62,1970.8,167.0,13136.5195
52380,52440,431.06,1970.6,186.2,12953.7695
52440,52500,430.04,1970.2,163.9,13077.7949
52500,52560,430.82,1969.7,158.6,12889.7881
52560,52620,434.01,1970.3,206.9,13049.6816
52620,52680,430.06,1969.5,165.4,12806.9268
52680,52740,434.65,1970.6,219.0,13345.1191
52740,52800,432.82,1970.3,192.4,13125.2109
52800,52860,431.49,1969.5,160.8,12858.6807
52860,52920,430.48,1969.6,159.9,12869.6709
52920,52980,430.98,1969.8,170.3,13163.5771
52980,53040,431.35,1970.5,220.6,13463.3184
53040,53100,430.90,1970.9,247.8,12985.6162
53100,53160,430.56,1970.4,210.5,12760.5303
53160,53220,431.52,1970.1,169.0,12913.6680
53220,53280,430.63,1970.3,165.2,13268.2520
53280,53340,431.50,1970.1,166.6,13236.3398
53340,53400,431.67,1970.2,166.2,13358.0996
53400,53460,433.37,1970.3,173.5,12945.9414
53460,53520,431.76,1971.0,167.7,12952.9883
53520,53580,432.92,1970.6,168.8,12962.2285
53580,53640,434.59,1971.2,174.0,13340.6006
53640,53700,431.90,1970.9,171.0,13563.1250
53700,53760,434.57,1971.2,200.4,13298.7285
53760,53820,431.75,1970.5,179.6,13259.4678
53820,53880,431.15,1970.1,173.2,13001.5479
53880,53940,431.20,1970.2,178.8,13082.1445
53940,54000,430.85,1969.8,178.7,13220.6270
54000,54060,430.42,1969.5,177.1,13030.0059
54060,54120,430.89,1970.3,222.6,13490.3672
54120,54180,430.57,1970.0,194.0,13040.2480
54180,54240,429.60,1969.7,182.6,13326.9473
54240,54300,430.81,1969.4,209.3,13090.0703
54300,54360,430.90,1970.2,229.7,13697.4746
54360,54420,431.04,1969.1,178.9,12875.7471
54420,54480,428.97,1968.3,157.2,12624.5996
54480,54540,430.42,1969.1,172.4,13012.0723
54540,54600,429.68,1969.0,161.7,13164.4121
54600,54660,430.09,1968.0,159.5,12770.3887
54660,54720,429.42,1969.3,158.5,12866.2363
54720,54780,429.33,1969.2,156.8,13258.7773
54780,54840,429.22,1969.3,157.4,13382.1660
54840,54900,429.44,1968.9,159.1,12863.0605
54900,54960,429.66,1969.6,173.3,13270.4355
54960,55020,431.13,1970.3,184.6,13199.2285
55020,55080,430.12,1969.6,175.3,13178.8359
55080,55140,430.88,1970.5,170.8,13168.5342
55140,55200,430.74,1970.0,164.9,13184.1914
55200,55260,430.25,1970.0,167.0,13286.5605
55260,55320,432.51,1969.7,175.8,13364.1016
55320,55380,430.56,1969.2,168.7,13497.4277
55380,55440,429.71,1968.9,165.9,13406.6230
55440,55500,429.43,1968.8,161.5,13548.5254
55500,55560,430.18,1969.2,168.8,13417.6914
55560,55620,429.77,1969.1,175.5,13323.5322
55620,55680,431.33,1969.1,172.8,13215.7207
55680,55740,427.55,1969.0,165.6,13406.8174
55740,55800,428.39,1969.1,164.7,13485.2500
55800,55860,428.01,1968.7,163.0,13365.2441
55860,55920,426.64,1968.6,159.7,13737.1221
55920,55980,428.56,1969.2,171.5,13561.6055
55980,56040,428.05,1969.4,167.7,13593.5234
56040,56100,428.40,1969.1,171.8,14005.8799
56100,56160,431.59,1969.2,177.7,13480.9287
56160,56220,428.07,1968.3,159.7,13318.1143
56220,56280,428.73,1968.3,158.3,13204.3662
56280,56340,428.38,1968.1,156.7,13351.6934
56340,56400,430.11,1968.4,166.1,13758.3682
56400,56460,427.49,1968.7,157.1,13720.2852
56460,56520,427.26,1968.2,155.9,13170.8916
56520,56580,427.28,1969.2,159.7,13859.2461
56580,56640,427.86,1969.0,161.4,13324.6406
56640,56700,429.81,1968.8,218.4,13371.6367
56700,56760,427.52,1968.9,181.4,13295.4854
56760,56820,429.35,1969.6,192.5,13625.4600
56820,56880,427.23,1968.2,155.9,13229.8242
56880,56940,428.99,1968.6,163.9,13313.9414
56940,57000,428.06,1968.6,162.9,13642.2510
57000,57060,428.58,1968.8,162.3,14152.1006
57060,57120,427.52,1969.0,165.0,14494.9023
57120,57180,426.86,1968.1,160.1,13639.9834
57180,57240,428.41,1968.4,177.3,13545.8584
57240,57300,427.30,1968.0,162.3,13521.9961
57300,57360,428.63,1967.4,159.1,13232.8984
57360,57420,428.10,1968.1,166.4,13384.3809
57420,57480,427.01,1967.7,163.1,13318.9531
57480,57540,428.06,1967.5,165.2,13338.7734
57540,57600,426.98,1967.0,160.7,13349.5850
57600,57660,428.11,1967.0,157.5,13087.5400
57660,57720,427.01,1967.1,154.5,13149.0557
57720,57780,427.39,1967.5,196.8,13137.0205
57780,57840,427.00,1967.6,176.3,13216.9111
57840,57900,428.07,1967.4,169.1,13595.0547
57900,57960,425.95,1967.0,159.1,13928.2588
57960,58020,428.85,1968.0,181.5,14242.8613
58020,58080,427.94,1967.4,164.9,13765.3984
58080,58140,426.51,1967.4,161.9,13706.5234
58140,58200,426.25,1967.5,162.4,14034.4893
58200,58260,428.42,1967.3,178.5,13725.3408
58260,58320,426.58,1967.7,161.9,13843.5127
58320,58380,426.56,1967.0,158.8,13426.0566
58380,58440,426.77,1969.1,161.9,13806.7754
58440,58500,426.58,1967.5,160.8,13237.3809
58500,58560,427.02,1967.3,164.9,13375.9189
58560,58620,425.94,1967.9,164.5,14301.4717
58620,58680,426.33,1967.8,176.0,14289.2598
58680,58740,425.25,1968.3,165.0,14917.9834
58740,58800,426.40,1968.6,169.4,14933.8477
58800,58860,426.23,1967.6,161.5,14308.3418
58860,58920,425.65,1967.5,162.3,14476.4902
58920,58980,426.61,1967.2,183.8,13752.0625
58980,59040,426.46,1967.3,174.0,13910.9688
59040,59100,427.06,1967.4,268.2,13682.3691
59100,59160,427.21,1966.6,163.5,13376.0391
59160,59220,426.55,1966.5,156.1,13366.0371
59220,59280,428.40,1967.2,171.6,13607.7207
59280,59340,427.78,1967.3,183.5,13677.9707
59340,59400,426.89,1966.3,179.0,13266.2598
59400,59460,426.97,1966.6,178.0,13130.2930
59460,59520,427.69,1966.1,172.9,13135.2588
59520,59580,425.97,1965.9,155.4,13159.7432
59580,59640,428.27,1966.7,169.0,14097.7607
59640,59700,426.22,1965.8,159.2,13479.5996
59700,59760,429.66,1966.2,178.5,13956.1143
59760,59820,425.55,1966.1,162.0,14009.1689
59820,59880,425.24,1965.9,155.3,13369.1055
59880,59940,425.77,1965.9,154.7,13615.7236
59940,60000,425.18,1965.9,155.7,13968.0791
60000,60060,425.44,1965.9,166.4,13944.9082
60060,60120,425.53,1965.4,161.6,13608.8994
60120,60180,426.90,1966.3,171.4,13267.2510
60180,60240,428.40,1965.7,171.5,13206.4902
60240,60300,425.87,1965.8,168.5,14197.3955
60300,60360,425.66,1965.6,163.7,14128.2139
60360,60420,425.26,1965.5,154.0,13380.4268
60420,60480,424.29,1966.3,157.5,14791.2139
60480,60540,426.50,1965.6,165.4,13831.9414
60540,60600,425.41,1965.7,168.9,13982.3896
60600,60660,425.62,1966.1,166.9,14341.8164
60660,60720,428.05,1966.7,164.0,14167.8057
60720,60780,427.45,1965.8,162.7,13564.9346
60780,60840,426.76,1965.9,175.3,13683.3623
60840,60900,427.04,1965.7,167.1,13560.5820
60900,60960,427.78,1965.7,173.5,13134.8320
60960,61020,426.81,1965.6,173.0,13836.3682
61020,61080,425.08,1964.8,155.6,13595.8076
61080,61140,430.23,1966.2,195.2,13694.5518
61140,61200,425.47,1965.1,161.6,13255.0137
61200,61260,426.58,1965.5,189.5,13469.4941
61260,61320,426.88,1965.9,177.0,14033.9434
61320,61380,426.17,1964.6,161.2,12961.0459
61380,61440,427.56,1965.1,164.9,13099.3955
61440,61500,428.31,1965.0,176.3,13645.4346
61500,61560,426.72,1963.1,158.7,12436.9590
61560,61620,426.83,1962.8,158.3,11970.3252
61620,61680,428.88,1963.7,172.4,12109.3848
61680,61740,428.68,1964.1,183.1,12622.4355
61740,61800,426.45,1963.5,177.6,13205.9785
61800,61860,425.65,1963.9,164.1,12795.9746
61860,61920,425.99,1964.4,160.9,12803.7002
61920,61980,425.57,1965.2,160.9,14184.0723
61980,62040,426.21,1964.0,162.1,13080.2969
62040,62100,426.37,1964.1,166.5,12942.2178
62100,62160,423.57,1963.7,156.1,13621.1729
62160,62220,423.62,1963.9,157.6,13926.2207
62220,62280,424.83,1963.0,154.8,12774.8809
62280,62340,424.57,1963.3,153.3,12797.8086
62340,62400,425.28,1963.7,156.8,12927.0723
62400,62460,426.56,1963.4,156.2,12731.8564
62460,62520,426.52,1963.0,160.0,12250.3545
62520,62580,426.46,1962.9,162.1,11978.9043
62580,62640,426.41,1963.3,168.6,12053.2920
62640,62700,425.54,1963.0,154.8,11915.6035
62700,62760,427.97,1963.7,205.3,12167.5488
62760,62820,427.02,1964.8,258.4,14112.5391
62820,62880,431.13,1965.4,238.5,13609.6914
62880,62940,425.84,1962.7,170.5,12514.5264
62940,63000,425.92,1962.2,160.2,11516.5020
63000,63060,425.81,1962.0,156.5,11402.5225
63060,63120,426.59,1961.8,157.1,11633.2344
63120,63180,426.68,1962.1,160.0,12032.2217
63180,63240,426.73,1962.6,162.2,11615.8135
63240,63300,426.49,1962.3,161.3,11545.5938
63300,63360,427.18,1962.3,166.1,11582.1816
63360,63420,426.76,1961.8,165.1,11174.0781
63420,63480,426.08,1962.3,159.5,12234.5889
63480,63540,425.83,1962.3,159.6,11589.2959
63540,63600,426.67,1963.2,167.2,11952.5127
63600,63660,428.09,1964.8,178.2,12289.3535
63660,63720,426.43,1963.3,166.7,11709.7256
63720,63780,426.99,1963.2,165.7,11522.2432
63780,63840,427.95,1965.2,179.5,12248.5244
63840,63900,429.13,1965.6,192.1,12409.8809
63900,63960,427.90,1964.4,178.0,12236.0059
63960,64020,427.86,1964.5,175.6,12338.4512
64020,64080,427.96,1964.7,176.1,12328.7607
64080,64140,427.64,1965.0,177.5,12405.3154
64140,64200,430.13,1965.6,186.6,12590.3428
64200,64260,427.93,1966.2,187.9,12767.5361
64260,64320,428.35,1965.1,181.0,12228.3262
64320,64380,428.63,1965.4,182.3,12339.3418
64380,64440,429.05,1965.9,184.5,12407.6846
64440,64500,430.03,1967.0,191.7,12826.8975
64500,64560,428.67,1967.6,192.6,13343.1768
64560,64620,428.01,1966.3,188.4,12558.9805
64620,64680,428.15,1965.7,184.8,12237.5693
64680,64740,427.51,1965.5,182.5,12311.8789
64740,64800,427.65,1965.2,176.7,12142.7305
64800,64860,427.62,1965.5,177.0,12186.8604
64860,64920,427.93,1965.7,181.8,12264.1875
64920,64980,428.10,1966.1,185.9,12440.8008
64980,65040,427.93,1965.9,183.1,12301.6992
65040,65100,427.53,1965.2,179.2,12044.2676
65100,65160,427.71,1965.5,180.6,12105.9961
65160,65220,427.83,1965.7,181.9,12164.6719
65220,65280,427.49,1966.1,185.2,12508.2051
65280,65340,428.09,1966.5,189.9,12836.2656
65340,65400,428.21,1966.0,187.5,12172.5186
65400,65460,427.98,1966.1,189.9,12874.2051
65460,65520,428.29,1966.3,188.2,12921.1494
65520,65580,426.82,1966.8,186.7,13533.9775
65580,65640,427.69,1966.9,188.0,12841.9639
65640,65700,427.69,1965.7,185.4,12242.3018
65700,65760,427.48,1965.7,188.8,12518.6875
65760,65820,427.79,1965.6,187.7,12512.3799
65820,65880,427.31,1965.8,185.1,12675.1367
65880,65940,427.51,1965.9,189.6,12723.5264
65940,66000,427.91,1966.0,186.5,12534.9258
66000,66060,427.90,1966.0,188.2,12623.1396
66060,66120,428.28,1966.0,193.5,12899.5508
66120,66180,428.55,1966.0,191.7,12271.0518
66180,66240,428.91,1966.0,191.6,12384.5205
66240,66300,427.45,1966.0,190.7,13067.9521
66300,66360,428.46,1966.1,192.1,12611.5234
66360,66420,428.19,1966.6,194.3,12833.8877
66420,66480,428.74,1966.1,190.8,12325.5957
66480,66540,428.32,1965.9,188.1,12275.1914
66540,66600,427.90,1965.6,188.0,12718.9697
66600,66660,428.69,1964.7,187.8,12148.2607
66660,66720,428.69,1964.8,190.1,12150.3213
66720,66780,428.75,1965.4,192.8,12252.2344
66780,66840,428.84,1965.2,198.1,12099.8789
66840,66900,428.73,1964.2,186.4,11992.8604
66900,66960,429.24,1964.4,191.9,12129.4658
66960,67020,428.55,1964.3,184.7,11991.9863
67020,67080,427.63,1964.6,186.2,12679.7168
67080,67140,429.10,1964.9,190.4,12110.4570
67140,67200,429.02,1964.9,188.1,11912.4346
67200,67260,428.71,1964.4,185.0,11795.5977
67260,67320,429.35,1964.8,190.1,11867.4121
67320,67380,428.92,1964.9,188.7,11952.9336
67380,67440,428.16,1964.8,186.6,12358.1133
67440,67500,428.37,1964.5,188.7,12305.6797
