CampaignData_and_Merges/R0/CSL_MobileLab_Parked/raw/20240717/USOS-Picarro-CO2-CH4-CO-H2O_MobileLabGround_20240717_R0.ict
38, 1001
Ilana Pollack, Nell Schafer, and Jeff Peischl
NOAA Chemical Sciences Laboratory
Picarro 2401-m CO2/CH4/CO/H2O Analyzer
USOS
1, 1
2024, 07, 17, 2024, 11, 20
0
StartTime_UTC, seconds_past_midnight, seconds past midnight
5
1, 1, 1, 1, 1
-9999, -9999, -9999, -9999, -9999
StopTime_UTC, seconds_past_midnight, seconds past midnight
CO2_ppm_1min, ppm, Gas_CO2_InSitu_S_DMF, carbon dioxide mixing ratio
CH4_ppb_1min, ppb, Gas_CH4_InSitu_S_DMF, methane mixing ratio
CO_ppb_1min, ppb, Gas_CO_InSitu_S_DMF, carbon monoxide mixing ratio
H2O_ppmv_1min, ppmv, Met_H2OMRV_InSitu_S_AVMR, water vapor mixing ratio
1
SPECIAL COMMENTS: N/A
18
PI_CONTACT_INFO: Address: NOAA Chemical Sciences Laboratory, Mail Stop CSL7, 325 Broadway, Boulder, CO 80305; Email: Ilana.Pollack@noaa.gov
PLATFORM: NOAA CSL Mobile Laboratory
LOCATION: The mobile lab was stationed in Salt Lake City, Utah.
ASSOCIATED_DATA: N/A
INSTRUMENT_INFO: CO2, CH4, and CO are reported as dry air mole fractions using a commercial wavelength-scanned cavity ring-down analyzer (Picarro 2401-m). An in-field calibration gas standard of 432±0.07 ppm CO2, 2095±1 ppb CH4, and 183±1 ppb CO, calibrated in the Boulder laboratories before and after the field project using primary CO2, CH4, and CO standard tanks tied to the WMO standard (X2019, X2004A, and X2014A, respectively) from the Global Monitoring Laboratory (GML), was delivered to the inlet every 2-3 days to evaluate instrument sensitivity. A H2O measurement was calibrated before the project with a Dew Point Mirror 373 hygrometer. The water correction calculated from these calibrations was applied to the H2O measurement for the entire campaign. Species are measured at 0.5 Hz and reported as 1-minute averages for stationary measurements.
DATA_INFO: Units: CO2, ppm, dry air mole fraction; CH4, ppb, dry air mole fraction; CO, ppb, dry air mole fraction; H2O, ppmv
UNCERTAINTY: Total uncertainties are estimated as ±0.1 ppm for CO2, ±1 ppb for CH4, ±5 ppb for CO, and ±(50 ppm + 4%) for H2O.
ULOD_FLAG: -7777
ULOD_VALUE: N/A
LLOD_FLAG: -8888
LLOD_VALUE: N/A
DM_CONTACT_INFO: Data Manager: Nathan Howard; nathan.h.howard@noaa.gov
PROJECT_INFO: USOS Dates of Study: July – August 2024
STIPULATIONS_ON_USE: Use of these data require prior ok from PI.
OTHER_COMMENTS: Data are averaged to 1 minute intervals. Stationary data collected from a 10 ft tower on top of the mobile van.
REVISION: R0
R0: Final Data
StartTime_UTC, StopTime_UTC, CO2_ppm_1min, CH4_ppb_1min, CO_ppb_1min, H2O_ppmv_1min
[from data line 382]
22920,22980,437.09,1967.9,170.0,10969.0908
22980,23040,437.67,1968.4,170.0,11011.6074
23040,23100,436.91,1967.4,169.4,11020.3418
23100,23160,438.10,1968.0,187.4,11037.6455
23160,23220,438.00,1967.4,181.0,11045.7197
23220,23280,435.55,1965.9,170.5,10934.0205
23280,23340,436.29,1966.2,171.0,10976.9209
23340,23400,437.21,1966.9,172.2,11007.0127
23400,23460,436.54,1965.8,171.0,10968.8398
23460,23520,435.70,1966.1,168.6,10940.5459
23520,23580,435.02,1966.2,168.8,10911.8281
23580,23640,435.54,1966.3,167.6,10966.1904
23640,23700,435.38,1966.5,166.5,10962.4102
23700,23760,435.49,1966.4,167.4,10967.0391
23760,23820,436.26,1967.2,166.6,10996.7666
23820,23880,435.84,1967.1,167.2,10995.7031
23880,23940,436.80,1967.2,173.4,11064.1211
23940,24000,437.38,1967.5,173.7,11110.8271
24000,24060,434.83,1967.6,169.1,11023.2949
24060,24120,435.16,1967.5,165.9,11073.1123
24120,24180,435.51,1967.7,167.0,11148.3154
24180,24240,434.00,1966.8,163.7,11098.1172
24240,24300,434.03,1966.1,163.4,11137.9365
24300,24360,433.75,1966.6,165.0,11167.1748
24360,24420,433.41,1966.2,163.0,11163.5781
24420,24480,433.76,1965.7,162.9,11198.3770
24480,24540,433.44,1965.8,163.6,11202.4531
24540,24600,434.09,1966.4,161.2,11260.5010
24600,24660,434.19,1966.4,161.1,11289.8643
24660,24720,433.93,1966.6,160.1,11291.4463
24720,24780,433.69,1966.6,160.7,11271.9072
24780,24840,434.64,1966.7,159.7,11364.2939
24840,24900,433.60,1966.7,160.2,11301.0410
24900,24960,433.64,1965.9,163.7,11310.5645
24960,25020,434.66,1966.1,165.6,11399.6611
25020,25080,433.43,1965.9,160.1,11332.6035
25080,25140,433.38,1965.5,159.2,11336.3555
25140,25200,434.76,1965.8,159.6,11444.9111
25200,25260,433.79,1965.7,157.6,11395.2031
25260,25320,433.52,1965.6,185.1,11373.7979
25320,25380,434.73,1966.8,178.8,11441.3467
25380,25440,434.98,1966.7,160.4,11446.1396
25440,25500,434.96,1966.7,162.7,11320.0088
25500,25560,439.01,1970.1,174.1,11407.5674
25560,25620,436.22,1967.2,163.2,11419.3457
25620,25680,434.25,1965.4,158.0,11419.0859
25680,25740,433.43,1964.8,155.7,11407.6387
25740,25800,434.01,1965.8,156.4,11462.5908
25800,25860,433.71,1965.0,158.0,11450.8984
25860,25920,433.20,1964.4,154.8,11399.1475
25920,25980,432.97,1964.1,153.7,11374.7754
25980,26040,432.94,1964.1,156.2,11370.9707
26040,26100,433.06,1964.1,153.1,11389.4941
26100,26160,433.29,1964.7,155.0,11414.1172
26160,26220,434.08,1964.4,157.0,11434.2725
26220,26280,434.04,1964.4,155.9,11418.5127
26280,26340,432.86,1963.6,152.8,11316.6299
26340,26400,433.69,1963.9,162.6,11372.1758
26400,26460,434.07,1965.0,238.3,11387.7227
26460,26520,434.33,1964.4,168.1,11438.4443
26520,26580,433.59,1964.5,154.0,11380.3145
26580,26640,433.96,1965.2,154.0,11413.5283
26640,26700,434.48,1965.1,154.4,11405.6299
26700,26760,435.02,1965.2,153.1,11430.3076
26760,26820,434.04,1964.2,155.4,11362.0674
26820,26880,435.28,1964.9,153.5,11449.0342
26880,26940,435.44,1965.7,154.9,11440.1846
26940,27000,435.05,1966.3,155.2,11442.5615
27000,27060,434.65,1966.4,152.2,11421.5146
27060,27120,436.90,1966.6,155.4,11498.0293
27120,27180,439.60,1966.8,154.2,11619.9199
27180,27240,437.25,1966.5,154.4,11492.3926
27240,27300,437.46,1967.9,153.4,11510.1123
27300,27360,434.47,1966.4,152.3,11334.8926
27360,27420,434.51,1966.6,153.5,11327.3428
27420,27480,436.95,1965.9,153.4,11430.4658
27480,27540,434.72,1966.0,151.8,11323.7070
27540,27600,433.99,1965.6,151.4,11283.7002
27600,27660,434.40,1965.0,151.7,11284.4814
27660,27720,434.70,1965.0,152.8,11309.3652
27720,27780,433.47,1964.4,151.0,11254.3740
27780,27840,433.49,1964.6,149.7,11270.9131
27840,27900,434.66,1965.3,150.8,11334.7705
27900,27960,435.79,1966.3,150.5,11376.3643
27960,28020,435.97,1965.7,151.5,11383.1816
28020,28080,433.92,1965.2,150.4,11247.0332
28080,28140,436.39,1966.3,151.2,11274.1670
28140,28200,436.77,1968.5,149.9,11331.2402
28200,28260,435.18,1967.7,152.6,11277.8037
28260,28320,437.49,1972.9,160.1,11312.2539
28320,28380,439.51,1980.5,172.9,11302.4424
28380,28440,444.38,1985.2,195.6,11165.5635
28440,28500,444.74,1984.7,195.5,11226.9668
28500,28560,444.03,1983.1,200.1,11226.7656
28560,28620,446.66,1984.4,203.0,11323.9043
28620,28680,446.16,1985.9,205.5,11284.7725
28680,28740,446.41,1985.9,204.7,11276.4873
28740,28800,446.25,1985.1,202.5,11260.9609
28800,28860,446.08,1985.1,203.7,11251.6035
28860,28920,446.91,1985.5,201.3,11256.0820
28920,28980,448.01,1988.4,206.7,11298.4346
28980,29040,448.64,1989.4,207.4,11345.3691
29040,29100,450.24,1991.8,207.7,11423.1035
29100,29160,450.87,1992.5,207.8,11442.4082
29160,29220,450.23,1991.5,205.0,11481.4014
29220,29280,450.16,1991.6,204.2,11508.9482
29280,29340,449.14,1989.7,200.0,11516.0762
29340,29400,448.04,1988.2,197.8,11494.5947
29400,29460,442.71,1979.5,181.8,11372.9268
29460,29520,442.43,1979.3,181.0,11380.3730
29520,29580,442.13,1978.4,181.1,11325.8984
29580,29640,447.68,1983.2,187.8,11514.6494
29640,29700,444.57,1980.7,186.9,11421.2471
29700,29760,443.96,1979.7,181.4,11443.1484
29760,29820,446.17,1989.5,204.1,11486.5020
29820,29880,452.00,1996.3,252.3,11567.1826
29880,29940,436.36,1969.8,159.8,11051.0322
29940,30000,437.48,1974.2,164.9,11180.8379
30000,30060,440.33,1977.7,170.9,11327.7178
30060,30120,443.01,1981.4,178.4,11388.7920
30120,30180,445.55,1989.4,190.7,11536.4326
30180,30240,442.82,1982.1,176.1,11406.1709
30240,30300,443.15,1978.7,171.6,11422.8379
30300,30360,436.97,1971.7,160.6,11200.7559
30360,30420,437.82,1969.7,155.1,11262.5752
30420,30480,436.38,1968.2,151.7,11231.4482
30480,30540,436.50,1970.6,152.4,11219.2314
30540,30600,437.95,1969.2,154.3,11307.2637
30600,30660,436.30,1967.1,150.9,11319.2188
30660,30720,434.01,1964.6,148.1,11186.4561
30720,30780,434.11,1964.8,147.5,11232.2041
30780,30840,434.68,1965.2,147.2,11307.2109
30840,30900,433.81,1964.3,144.3,11191.8516
30900,30960,433.81,1964.6,147.8,11196.8057
30960,31020,434.02,1964.8,147.6,11269.7881
31020,31080,433.73,1964.8,146.4,11267.6934
31080,31140,434.63,1964.8,146.9,11366.1709
31140,31200,434.23,1964.4,147.3,11347.1348
31200,31260,433.99,1964.3,146.4,11302.2813
31260,31320,434.13,1964.9,146.4,11334.7598
31320,31380,434.66,1966.4,146.6,11373.0840
31380,31440,434.65,1965.5,146.9,11442.6855
31440,31500,434.19,1965.1,149.9,11471.3467
31500,31560,434.44,1965.2,148.0,11512.3828
31560,31620,434.04,1965.1,145.8,11505.2285
31620,31680,434.42,1965.3,147.8,11548.2832
31680,31740,434.32,1965.2,147.7,11573.2539
31740,31800,433.94,1965.2,147.3,11555.7568
31800,31860,434.04,1965.7,148.2,11573.9678
31860,31920,434.19,1966.0,149.1,11600.3867
31920,31980,434.52,1966.1,149.3,11655.4922
31980,32040,434.20,1966.3,149.1,11634.4180
32040,32100,434.61,1966.2,147.4,11672.0840
32100,32160,434.05,1966.0,148.1,11673.2910
32160,32220,433.70,1965.5,147.4,11599.3789
32220,32280,434.55,1966.0,147.3,11734.5459
32280,32340,433.97,1966.1,147.2,11632.2822
32340,32400,434.17,1966.6,148.5,11644.8115
32400,32460,434.48,1967.3,148.6,11676.8818
32460,32520,434.06,1967.0,147.0,11664.0000
32520,32580,434.21,1967.1,147.5,11649.1035
32580,32640,434.17,1967.5,148.2,11682.7100
32640,32700,433.94,1967.1,148.6,11680.6221
32700,32760,433.52,1967.1,146.6,11629.3037
32760,32820,433.93,1967.6,147.1,11658.6709
32820,32880,434.13,1967.8,145.9,11695.1123
32880,32940,433.82,1968.0,147.2,11635.5352
32940,33000,434.29,1968.2,144.7,11675.2529
33000,33060,433.94,1968.3,147.2,11667.1709
33060,33120,434.64,1968.4,144.6,11735.2285
33120,33180,434.59,1969.1,145.6,11736.6387
33180,33240,434.02,1968.9,146.4,11691.0000
33240,33300,435.05,1969.2,146.3,11776.3418
33300,33360,434.32,1968.9,146.6,11700.1465
33360,33420,433.80,1968.5,145.9,11663.0752
33420,33480,433.95,1968.7,146.4,11682.5723
33480,33540,434.90,1969.1,149.1,11757.7598
33540,33600,434.55,1969.0,147.4,11731.5088
33600,33660,433.57,1968.8,145.9,11634.4131
33660,33720,433.67,1969.1,146.8,11625.1484
33720,33780,433.55,1968.7,144.6,11625.9180
33780,33840,433.77,1968.9,144.5,11649.5254
33840,33900,433.77,1968.7,143.9,11647.0723
33900,33960,434.24,1969.5,145.9,11670.3662
33960,34020,434.35,1969.4,145.5,11666.4834
34020,34080,433.99,1969.2,147.0,11639.9463
34080,34140,434.28,1969.5,145.5,11698.1982
34140,34200,434.55,1969.4,146.6,11655.5059
34200,34260,433.68,1969.0,145.2,11542.4922
34260,34320,433.67,1969.1,144.2,11593.7256
34320,34380,434.06,1969.4,148.6,11631.7354
34380,34440,433.67,1969.3,147.4,11599.3281
34440,34500,433.90,1969.3,147.3,11572.5010
34500,34560,434.09,1969.2,146.3,11599.2871
34560,34620,434.16,1969.2,145.9,11603.3311
34620,34680,434.23,1969.5,146.7,11615.4209
34680,34740,434.52,1969.8,148.6,11662.6748
34740,34800,434.41,1969.3,148.3,11596.6123
34800,34860,434.33,1969.4,145.0,11596.5020
34860,34920,434.08,1968.9,146.0,11618.0713
34920,34980,434.34,1969.4,144.9,11638.8408
34980,35040,434.74,1969.9,146.0,11649.0146
35040,35100,434.27,1969.6,145.0,11574.2334
35100,35160,434.41,1969.5,145.5,11622.7852
35160,35220,435.01,1970.0,146.1,11663.7939
35220,35280,435.61,1970.1,145.4,11716.0117
35280,35340,434.70,1970.1,145.8,11637.2998
35340,35400,434.41,1969.9,144.3,11607.0068
35400,35460,434.05,1969.3,143.7,11602.7803
35460,35520,434.21,1969.4,144.2,11662.0557
35520,35580,434.15,1969.6,145.2,11634.2813
35580,35640,434.32,1969.7,146.2,11642.8398
35640,35700,435.11,1970.1,146.1,11728.4316
35700,35760,434.97,1970.5,144.5,11740.7334
35760,35820,434.74,1970.3,146.3,11687.5615
35820,35880,434.56,1969.9,145.8,11663.3164
35880,35940,434.59,1969.6,147.1,11649.0850
35940,36000,434.79,1969.9,144.2,11712.1680
36000,36060,434.50,1969.9,144.5,11714.1318
36060,36120,435.33,1970.0,145.8,11784.3945
36120,36180,435.59,1970.3,142.7,11781.0596
36180,36240,435.13,1970.4,144.3,11747.0176
36240,36300,435.48,1970.5,144.1,11789.0029
36300,36360,434.81,1970.1,143.9,11720.7773
36360,36420,435.96,1970.8,219.0,11814.8818
36420,36480,435.49,1970.6,149.5,11749.0879
36480,36540,435.75,1970.8,148.2,11758.2549
36540,36600,434.83,1970.4,145.6,11663.5078
36600,36660,434.80,1970.5,146.9,11665.7188
36660,36720,434.91,1970.5,148.8,11566.1348
36720,36780,434.44,1969.8,146.4,11516.6377
36780,36840,434.56,1970.1,148.1,11532.5410
36840,36900,436.42,1970.5,147.3,11689.6992
36900,36960,435.41,1969.9,150.6,11641.7793
36960,37020,434.98,1970.1,161.2,11641.3350
37020,37080,434.67,1969.9,148.8,11586.3115
37080,37140,434.48,1969.7,147.8,11505.8965
37140,37200,434.51,1969.3,147.2,11550.9355
37200,37260,435.37,1969.7,148.1,11630.9209
37260,37320,434.82,1969.4,146.5,11581.7852
37320,37380,434.64,1969.4,145.7,11596.9082
37380,37440,434.35,1969.2,147.2,11567.0439
37440,37500,434.52,1968.8,147.2,11585.8691
37500,37560,435.08,1969.4,146.9,11610.2451
37560,37620,435.34,1969.3,147.9,11597.8750
37620,37680,434.86,1969.4,146.3,11582.8574
37680,37740,434.39,1969.0,147.9,11547.2578
37740,37800,434.18,1968.9,147.1,11535.3486
37800,37860,434.70,1969.2,147.6,11575.7959
37860,37920,434.90,1969.2,146.8,11548.8281
37920,37980,434.46,1969.4,147.1,11524.7891
37980,38040,434.67,1969.3,149.2,11546.6455
38040,38100,434.54,1968.7,147.9,11559.3037
38100,38160,434.97,1969.0,148.4,11612.7881
38160,38220,434.42,1969.0,146.5,11554.5957
38220,38280,434.11,1968.5,146.8,11526.4990
38280,38340,434.79,1968.8,151.2,11549.1973
38340,38400,434.89,1969.1,148.3,11534.8770
38400,38460,434.26,1969.0,148.1,11449.2246
38460,38520,434.65,1968.9,148.3,11463.0742
38520,38580,435.37,1968.9,159.1,11472.0488
38580,38640,434.59,1968.6,152.9,11485.7227
38640,38700,434.90,1968.8,151.7,11502.4814
38700,38760,434.32,1968.4,148.1,11448.9746
38760,38820,434.87,1968.3,148.5,11431.7012
38820,38880,435.37,1968.5,147.6,11504.9375
38880,38940,435.07,1968.7,147.4,11483.1777
38940,39000,435.10,1969.2,149.7,11485.8584
39000,39060,434.88,1969.0,149.3,11483.3037
39060,39120,435.48,1969.2,148.8,11544.0713
39120,39180,435.31,1970.0,147.7,11526.7480
39180,39240,436.72,1970.5,148.8,11594.5654
39240,39300,436.09,1970.6,148.4,11556.6602
39300,39360,434.89,1969.1,148.0,11416.2920
39360,39420,435.03,1968.6,147.8,11410.7520
39420,39480,435.75,1969.3,148.9,11461.5928
39480,39540,435.45,1969.4,147.0,11432.8428
39540,39600,435.13,1968.9,147.7,11418.5479
39600,39660,435.09,1968.7,147.0,11453.9922
39660,39720,435.34,1968.4,147.9,11467.9854
39720,39780,436.21,1968.4,146.4,11539.6709
39780,39840,435.00,1968.9,148.6,11469.9785
39840,39900,435.17,1968.9,147.1,11489.1904
39900,39960,435.60,1969.5,147.6,11472.0674
39960,40020,435.82,1969.2,149.8,11472.4531
40020,40080,436.20,1969.1,150.3,11496.1582
40080,40140,436.13,1969.4,149.6,11500.6348
40140,40200,434.96,1968.8,148.0,11298.8076
40200,40260,434.59,1968.2,148.9,11279.2520
40260,40320,435.50,1968.6,148.8,11397.8779
40320,40380,435.55,1968.8,150.4,11384.2363
40380,40440,435.25,1968.9,148.4,11378.9355
40440,40500,436.20,1969.4,151.3,11467.3457
40500,40560,435.80,1969.0,149.9,11461.6758
40560,40620,435.72,1969.0,149.6,11499.0840
40620,40680,435.66,1969.1,148.6,11496.1982
40680,40740,435.40,1968.8,151.0,11458.9209
40740,40800,436.86,1969.2,151.3,11552.4551
40800,40860,436.09,1969.2,150.4,11524.4512
40860,40920,436.20,1969.6,154.2,11515.3994
40920,40980,436.23,1969.5,151.8,11503.8809
40980,41040,436.96,1969.4,151.7,11588.1982
41040,41100,436.85,1969.2,152.5,11570.1104
41100,41160,435.76,1968.8,151.4,11488.2402
41160,41220,436.11,1969.0,150.1,11543.9590
41220,41280,435.80,1969.1,151.3,11492.6406
41280,41340,435.90,1968.9,151.6,11491.9990
41340,41400,436.49,1969.1,160.1,11504.3389
41400,41460,436.08,1968.9,151.4,11499.3779
41460,41520,437.39,1969.4,154.4,11540.3115
41520,41580,436.45,1969.7,151.6,11515.8066
41580,41640,436.65,1970.2,152.8,11526.9932
41640,41700,437.12,1970.7,153.9,11523.2539
41700,41760,437.02,1970.2,153.6,11474.9707
41760,41820,436.65,1969.9,154.4,11443.5537
41820,41880,436.60,1969.9,161.3,11418.8662
41880,41940,436.23,1969.7,153.7,11403.9150
41940,42000,436.31,1970.2,208.7,11377.1650
42000,42060,436.25,1969.8,175.8,11372.2588
42060,42120,437.16,1969.7,161.0,11400.7012
42120,42180,438.26,1970.3,158.3,11461.9414
42180,42240,438.23,1970.1,158.8,11405.5068
42240,42300,437.31,1970.4,183.5,11389.6279
42300,42360,436.24,1969.3,169.5,11327.5771
42360,42420,437.42,1969.5,158.2,11380.0859
42420,42480,435.96,1969.2,151.4,11293.7207
42480,42540,437.28,1969.3,153.6,11347.4492
42540,42600,438.08,1970.1,154.4,11406.0791
42600,42660,439.36,1970.6,156.7,11412.7715
42660,42720,437.52,1969.5,153.8,11351.6689
42720,42780,436.10,1968.9,152.5,11217.2930
42780,42840,436.88,1969.4,152.1,11257.7402
42840,42900,436.49,1969.4,152.4,11235.3350
42900,42960,437.67,1969.7,156.2,11291.9756
42960,43020,437.44,1969.6,158.7,11265.0684
43020,43080,436.27,1968.9,154.9,11222.4551
43080,43140,436.74,1970.6,152.7,11283.1846
43140,43200,436.78,1970.3,153.5,11282.3672
43200,43260,437.52,1970.0,159.1,11310.0859
43260,43320,436.46,1969.7,154.2,11287.3125
43320,43380,436.32,1969.6,150.3,11304.5029
43380,43440,438.63,1970.1,156.5,11409.1826
43440,43500,436.97,1969.8,151.6,11333.8760
43500,43560,436.86,1969.3,150.8,11330.6914
43560,43620,437.31,1969.1,154.8,11383.2852
43620,43680,436.73,1969.1,152.9,11322.2402
43680,43740,436.52,1969.0,152.4,11317.4072
43740,43800,436.69,1969.4,154.9,11369.8115
43800,43860,437.79,1969.9,156.9,11428.6895
43860,43920,438.67,1969.4,155.7,11415.1914
43920,43980,438.02,1969.9,154.8,11482.0732
43980,44040,437.22,1970.0,154.4,11476.6309
44040,44100,437.83,1969.8,150.1,11520.8525
44100,44160,436.86,1969.3,152.6,11406.7334
44160,44220,437.18,1969.3,153.9,11418.7871
44220,44280,438.59,1969.8,152.7,11495.4307
44280,44340,437.20,1969.7,150.7,11459.4004
44340,44400,437.01,1969.3,151.1,11391.5342
44400,44460,437.02,1969.4,150.5,11406.6182
44460,44520,439.34,1970.1,152.2,11517.5254
44520,44580,437.39,1969.4,160.7,11361.7051
44580,44640,438.04,1969.9,160.8,11485.7813
44640,44700,438.99,1970.2,176.8,11452.0088
44700,44760,437.89,1969.9,159.6,11480.6035
44760,44820,437.88,1970.0,153.8,11456.9688
44820,44880,437.39,1969.5,156.2,11376.3818
44880,44940,438.91,1969.7,162.1,11412.6953
44940,45000,438.25,1970.0,167.2,11531.6436
45000,45060,437.85,1970.1,193.2,11439.8965
45060,45120,437.59,1969.8,195.6,11419.4023
45120,45180,436.24,1969.6,155.1,11379.2148
