CampaignData_and_Merges/R0/CSL_MobileLab_Parked/raw/20240717/USOS-jNO2_MobileLabGround_20240717_R0.ict
52,1001
Waxman, E.; Rollins, A.; Zuraski, K.; Chace, W.
NOAA Chemical Sciences Laboratory
jNO2 filter radiometer on CSL Mobile Lab
AMMBEC / USOS
1, 1
2024,07,17, 2025,04,01
60
Time_Start, seconds, number_of_seconds_since_0000_UTC
20
1, 1, 1, 1, 1, 1, 1, 1, 1, 1, 1, 1, 1, 1, 1, 1, 1, 1, 1, 1
-9999, -9999, -9999, -9999, -9999, -9999, -9999, -9999, -9999, -9999, -9999, -9999, -9999, -9999, -9999, -9999, -9999, -9999, -9999, -9999
Time_Stop, seconds, number_of_seconds_since_0000_UTC
jNO2_meas, per second, photolysis rate of NO2 measured using a filter radiometer.
jBrCl, per second, photolysis rate of BrCl -> Br + Cl calculated in TUV for cloud-free sky with local AOD
jBr2, per second, photolysis rate of Br2 -> Br + Br calculated in TUV for cloud-free sky with local AOD
jCCl4, per second, photolysis rate of CCl4 -> Products calcualted in TUV for cloud-free sky with local AOD
jCH2Oa, per second, photolysis rate of CH2O -> H + HCO calculated in TUV for cloud-free sky with local AOD
jCH2Ob, per second, photolysis rate of CH2O -> H2 + CO calculated in TUV for cloud-free sky with local AOD
jClNO2, per second, photolysis rate of ClNO2 -> Cl + NO2 calculated in TUV for cloud-free sky with local AOD
jClOa, per second, photolysis rate of ClO -> Cl + O(1D) calculated in TUV for cloud-free sky with local AOD
jClOb, per second, photolysis rate of ClO -> Cl + O(3P) calculated in TUV for cloud-free sky with local AOD
jCl2, per second, photolysis rate of Cl2 -> Cl + Cl calculated in TUV for cloud-free sky with local AOD
jHNO2, per second, photolysis rate of HNO2 -> OH + NO calculated in TUV for cloud-free sky with local AOD
jHNO3, per second, photolysis rate of HNO3 -> OH + NO2 calculated in TUV for cloud-free sky with local AOD
jI2, per second, photolysis rate of I2 -> I + I calculated in TUV for cloud-free sky with local AOD
jNO2, per second, photolysis rate of NO2 -> NO + O(3P) calculated in TUV for cloud-free sky with local AOD
jNO3a, per second, photolysis rate of NO3 -> NO + O2 calculated in TUV for cloud-free sky with local AOD
jNO3b, per second, photolysis rate of NO3 -> NO2 + O(3P) calculated in TUV for cloud-free sky with local AOD
jN2O5, per second, photolysis rate of N2O5 -> NO3 + NO + O(3P) calculated in TUV for cloud-free sky with local AOD
jO3, per second, photolysis rate of O3 -> O2 + O(1D) calculated in TUV for cloud-free sky with local AOD
AOD_500nm, unitless, UTC daily mean AOD at 500 nm from an AERONET station located at 40.178 N, -112.452 E
0
18
PI_CONTACT_INFO: eleanor.waxman@noaa.gov
PLATFORM: CSL Mobile Lab, at ground site
LOCATION: Salt Lake City, UT
ASSOCIATED_DATA:
INSTRUMENT_INFO: jNO2 filter radiometer.  TUV calculations are for mobile van lat/lon/altitude assuming clear sky (cloud AOD = 0) and daily mean AOD.
DATA_INFO:
UNCERTAINTY: Data uncertainties are +/- 20%.  These come from uncertainties in radiometer angular response, radiometer thermal response, local interferences from clouds/aerosols/shadows etc.
ULOD_FLAG: -7777
ULOD_VALUE: N/A
LLOD_FLAG: -8888
LLOD_VALUE: N/A
DM_CONTACT_INFO: eleanor.waxman@noaa.gov
PROJECT_INFO: USOS Project, July - August 2024
STIPULATIONS_ON_USE: Users are strongly encouraged to contact the PI for proper data usage.
OTHER_COMMENTS: 
REVISION: R0
R0: final data
Time_Start, Time_Stop, jNO2_meas, jBrCl, jBr2, jCCl4, jCH2Oa, jCH2Ob, jClNO2, jClOa, jClOb, jCl2, jHNO2, jHNO3, jI2, jNO2, jNO3a, jNO3b, jN2O5, jO3, AOD_500nm
       0,      60,0.0060851,0.007574,0.02437,2.063e-25,1.465e-05,2.601e-05,0.00026,7.271e-26,1.234e-05,0.001393,0.0009467,2.118e-07,0.09132,0.006006,0.01819,0.143,2.186e-05,7.699e-06,0.18
      60,     120,0.0060509,0.007541,0.02428,2.023e-25,1.451e-05,2.583e-05,0.0002582,7.136e-26,1.216e-05,0.001384,0.0009414,2.094e-07,0.09106,0.005974,0.01814,0.1426,2.17e-05,7.581e-06,0.18
     120,     180,0.0060061,0.007511,0.0242,1.987e-25,1.439e-05,2.565e-05,0.0002565,7.013e-26,1.199e-05,0.001376,0.0009363,2.072e-07,0.09082,0.005945,0.0181,0.1422,2.154e-05,7.471e-06,0.18
     180,     240,0.0059598,0.007478,0.02412,1.95e-25,1.425e-05,2.546e-05,0.0002546,6.884e-26,1.181e-05,0.001368,0.0009309,2.048e-07,0.09056,0.005913,0.01806,0.1419,2.137e-05,7.355e-06,0.18
     240,     300,0.0059447,0.007446,0.02403,1.914e-25,1.412e-05,2.527e-05,0.0002528,6.759e-26,1.163e-05,0.001359,0.0009255,2.024e-07,0.09029,0.005881,0.01801,0.1415,2.121e-05,7.239e-06,0.18
     300,     360,0.0059708,0.007414,0.02395,1.88e-25,1.399e-05,2.508e-05,0.000251,6.644e-26,1.146e-05,0.001351,0.0009203,2.002e-07,0.09004,0.005851,0.01797,0.1411,2.105e-05,7.131e-06,0.18
     360,     420,0.006006,0.007381,0.02386,1.846e-25,1.386e-05,2.489e-05,0.0002492,6.525e-26,1.128e-05,0.001342,0.0009148,1.979e-07,0.08977,0.005818,0.01793,0.1407,2.088e-05,7.017e-06,0.18
     420,     480,0.0058167,0.007347,0.02377,1.812e-25,1.372e-05,2.47e-05,0.0002473,6.409e-26,1.111e-05,0.001334,0.0009093,1.955e-07,0.08949,0.005786,0.01788,0.1403,2.071e-05,6.905e-06,0.18
     480,     540,0.0056013,0.007316,0.02368,1.781e-25,1.359e-05,2.452e-05,0.0002456,6.302e-26,1.094e-05,0.001326,0.000904,1.933e-07,0.08923,0.005755,0.01784,0.1399,2.055e-05,6.799e-06,0.18
     540,     600,0.0056013,0.007281,0.02359,1.749e-25,1.346e-05,2.432e-05,0.0002437,6.192e-26,1.077e-05,0.001317,0.0008984,1.91e-07,0.08895,0.005722,0.01779,0.1395,2.038e-05,6.688e-06,0.18
     600,     660,0.0056013,0.007247,0.0235,1.718e-25,1.332e-05,2.413e-05,0.0002418,6.084e-26,1.06e-05,0.001308,0.0008928,1.887e-07,0.08867,0.005688,0.01774,0.1391,2.021e-05,6.577e-06,0.18
     660,     720,0.0056013,0.007214,0.02341,1.689e-25,1.32e-05,2.394e-05,0.0002401,5.984e-26,1.043e-05,0.0013,0.0008875,1.865e-07,0.0884,0.005657,0.01769,0.1387,2.005e-05,6.474e-06,0.18
     720,     780,0.0056013,0.007179,0.02332,1.659e-25,1.306e-05,2.375e-05,0.0002382,5.881e-26,1.026e-05,0.001291,0.0008818,1.842e-07,0.08812,0.005623,0.01765,0.1382,1.988e-05,6.366e-06,0.18
     780,     840,0.0056013,0.007144,0.02322,1.63e-25,1.293e-05,2.355e-05,0.0002363,5.78e-26,1.01e-05,0.001282,0.0008761,1.819e-07,0.08782,0.005589,0.0176,0.1378,1.971e-05,6.258e-06,0.18
     840,     900,0.0056013,0.007111,0.02313,1.603e-25,1.28e-05,2.337e-05,0.0002345,5.688e-26,9.938e-06,0.001274,0.0008706,1.797e-07,0.08755,0.005557,0.01755,0.1374,1.955e-05,6.157e-06,0.18
     900,     960,0.0055904,0.007075,0.02304,1.575e-25,1.266e-05,2.317e-05,0.0002326,5.591e-26,9.771e-06,0.001264,0.0008648,1.774e-07,0.08725,0.005523,0.0175,0.137,1.938e-05,6.051e-06,0.18
     960,    1020,0.0056031,0.007039,0.02294,1.547e-25,1.253e-05,2.297e-05,0.0002307,5.497e-26,9.606e-06,0.001255,0.000859,1.752e-07,0.08695,0.005488,0.01745,0.1365,1.921e-05,5.946e-06,0.18
    1020,    1080,0.0056167,0.007004,0.02285,1.522e-25,1.24e-05,2.278e-05,0.0002289,5.41e-26,9.452e-06,0.001247,0.0008535,1.73e-07,0.08666,0.005456,0.0174,0.1361,1.905e-05,5.848e-06,0.18
    1080,    1140,0.0055873,0.006968,0.02275,1.496e-25,1.227e-05,2.258e-05,0.0002269,5.32e-26,9.289e-06,0.001238,0.0008476,1.708e-07,0.08636,0.005421,0.01735,0.1356,1.888e-05,5.745e-06,0.18
    1140,    1200,0.0055702,0.006931,0.02265,1.471e-25,1.213e-05,2.238e-05,0.000225,5.232e-26,9.128e-06,0.001229,0.0008417,1.685e-07,0.08605,0.005385,0.01729,0.1352,1.87e-05,5.643e-06,0.18
    1200,    1260,0.0055146,0.006896,0.02255,1.447e-25,1.2e-05,2.219e-05,0.0002232,5.151e-26,8.977e-06,0.00122,0.0008361,1.664e-07,0.08575,0.005352,0.01724,0.1347,1.854e-05,5.547e-06,0.18
    1260,    1320,0.0054776,0.006858,0.02245,1.423e-25,1.187e-05,2.199e-05,0.0002212,5.067e-26,8.819e-06,0.001211,0.0008301,1.641e-07,0.08543,0.005316,0.01719,0.1343,1.837e-05,5.447e-06,0.18
    1320,    1380,0.0054526,0.00682,0.02235,1.399e-25,1.174e-05,2.179e-05,0.0002193,4.984e-26,8.662e-06,0.001201,0.0008241,1.619e-07,0.08511,0.005281,0.01714,0.1338,1.82e-05,5.348e-06,0.18
    1380,    1440,0.0054048,0.006784,0.02225,1.377e-25,1.161e-05,2.16e-05,0.0002175,4.908e-26,8.515e-06,0.001193,0.0008184,1.598e-07,0.08481,0.005247,0.01708,0.1333,1.803e-05,5.255e-06,0.18
    1440,    1500,0.0053505,0.006746,0.02215,1.354e-25,1.147e-05,2.14e-05,0.0002155,4.829e-26,8.361e-06,0.001183,0.0008123,1.576e-07,0.08448,0.00521,0.01703,0.1329,1.786e-05,5.158e-06,0.18
    1500,    1560,0.0053292,0.006707,0.02204,1.331e-25,1.134e-05,2.12e-05,0.0002135,4.751e-26,8.208e-06,0.001174,0.0008062,1.554e-07,0.08415,0.005174,0.01697,0.1324,1.768e-05,5.061e-06,0.18
    1560,    1620,0.0052927,0.006671,0.02194,1.311e-25,1.121e-05,2.101e-05,0.0002117,4.679e-26,8.065e-06,0.001165,0.0008004,1.533e-07,0.08384,0.005139,0.01692,0.1319,1.752e-05,4.971e-06,0.18
    1620,    1680,0.0052277,0.006631,0.02183,1.289e-25,1.108e-05,2.08e-05,0.0002097,4.605e-26,7.915e-06,0.001155,0.0007942,1.512e-07,0.0835,0.005103,0.01686,0.1314,1.735e-05,4.876e-06,0.18
    1680,    1740,0.005058,0.006592,0.02172,1.268e-25,1.094e-05,2.06e-05,0.0002077,4.532e-26,7.766e-06,0.001146,0.000788,1.49e-07,0.08316,0.005065,0.0168,0.1309,1.717e-05,4.783e-06,0.18
    1740,    1800,0.0050891,0.006554,0.02162,1.249e-25,1.082e-05,2.041e-05,0.0002059,4.464e-26,7.627e-06,0.001137,0.0007821,1.469e-07,0.08283,0.00503,0.01674,0.1304,1.701e-05,4.696e-06,0.18
    1800,    1860,0.0050474,0.006514,0.02151,1.228e-25,1.068e-05,2.02e-05,0.0002039,4.394e-26,7.481e-06,0.001127,0.0007758,1.448e-07,0.08249,0.004993,0.01668,0.1299,1.683e-05,4.604e-06,0.18
    1860,    1920,0.005018,0.006473,0.0214,1.208e-25,1.055e-05,1.999e-05,0.0002019,4.325e-26,7.337e-06,0.001118,0.0007695,1.426e-07,0.08213,0.004955,0.01662,0.1293,1.666e-05,4.513e-06,0.18
    1920,    1980,0.0048939,0.006435,0.02129,1.19e-25,1.042e-05,1.98e-05,0.0002,4.262e-26,7.202e-06,0.001109,0.0007636,1.406e-07,0.0818,0.004919,0.01657,0.1289,1.649e-05,4.429e-06,0.18
    1980,    2040,0.0046407,0.006394,0.02118,1.171e-25,1.029e-05,1.96e-05,0.0001981,4.195e-26,7.061e-06,0.001099,0.0007572,1.385e-07,0.08144,0.004881,0.0165,0.1283,1.632e-05,4.341e-06,0.18
    2040,    2100,0.0036299,0.006352,0.02106,1.152e-25,1.016e-05,1.939e-05,0.0001961,4.131e-26,6.921e-06,0.001089,0.0007508,1.364e-07,0.08107,0.004843,0.01644,0.1278,1.614e-05,4.253e-06,0.18
    2100,    2160,0.0043428,0.006313,0.02095,1.135e-25,1.003e-05,1.92e-05,0.0001942,4.071e-26,6.79e-06,0.00108,0.0007448,1.344e-07,0.08073,0.004806,0.01638,0.1273,1.598e-05,4.171e-06,0.18
    2160,    2220,0.0046641,0.006271,0.02083,1.117e-25,9.901e-06,1.899e-05,0.0001922,4.008e-26,6.653e-06,0.00107,0.0007383,1.324e-07,0.08036,0.004768,0.01632,0.1267,1.58e-05,4.086e-06,0.18
    2220,    2280,0.004741,0.006229,0.02072,1.099e-25,9.769e-06,1.878e-05,0.0001902,3.947e-26,6.518e-06,0.00106,0.0007318,1.303e-07,0.07998,0.004728,0.01625,0.1261,1.563e-05,4.001e-06,0.18
    2280,    2340,0.0047971,0.006189,0.0206,1.083e-25,9.645e-06,1.859e-05,0.0001883,3.89e-26,6.391e-06,0.001051,0.0007257,1.283e-07,0.07962,0.004692,0.01619,0.1256,1.546e-05,3.923e-06,0.18
    2340,    2400,0.0047532,0.006146,0.02048,1.066e-25,9.513e-06,1.838e-05,0.0001863,3.831e-26,6.259e-06,0.001041,0.0007192,1.263e-07,0.07924,0.004652,0.01612,0.125,1.529e-05,3.84e-06,0.18
    2400,    2460,0.004791,0.006102,0.02036,1.049e-25,9.382e-06,1.817e-05,0.0001843,3.772e-26,6.128e-06,0.001031,0.0007126,1.242e-07,0.07885,0.004613,0.01606,0.1245,1.511e-05,3.759e-06,0.18
    2460,    2520,0.0047837,0.006061,0.02025,1.033e-25,9.259e-06,1.798e-05,0.0001824,3.719e-26,6.006e-06,0.001022,0.0007064,1.223e-07,0.07848,0.004575,0.01599,0.1239,1.495e-05,3.683e-06,0.18
    2520,    2580,0.004777,0.006017,0.02012,1.017e-25,9.128e-06,1.777e-05,0.0001803,3.663e-26,5.878e-06,0.001012,0.0006998,1.203e-07,0.07809,0.004535,0.01592,0.1233,1.477e-05,3.604e-06,0.18
    2580,    2640,0.0047421,0.005973,0.02,1.002e-25,8.998e-06,1.756e-05,0.0001783,3.608e-26,5.751e-06,0.001002,0.0006931,1.183e-07,0.07769,0.004495,0.01585,0.1227,1.459e-05,3.525e-06,0.18
    2640,    2700,0.004706,0.005931,0.01988,9.869e-26,8.876e-06,1.737e-05,0.0001764,3.557e-26,5.634e-06,0.0009921,0.0006869,1.165e-07,0.07731,0.004457,0.01579,0.1221,1.443e-05,3.452e-06,0.18
    2700,    2760,0.0046848,0.005886,0.01975,9.716e-26,8.746e-06,1.716e-05,0.0001744,3.503e-26,5.511e-06,0.0009821,0.0006802,1.145e-07,0.0769,0.004416,0.01572,0.1215,1.425e-05,3.376e-06,0.18
    2760,    2820,0.0046517,0.005841,0.01962,9.566e-26,8.618e-06,1.695e-05,0.0001724,3.451e-26,5.389e-06,0.0009719,0.0006734,1.125e-07,0.07648,0.004375,0.01564,0.1209,1.408e-05,3.301e-06,0.18
    2820,    2880,0.0046006,0.005798,0.0195,9.427e-26,8.497e-06,1.675e-05,0.0001705,3.403e-26,5.276e-06,0.0009624,0.0006671,1.107e-07,0.07609,0.004337,0.01557,0.1203,1.391e-05,3.231e-06,0.18
    2880,    2940,0.0044817,0.005753,0.01937,9.282e-26,8.368e-06,1.654e-05,0.0001684,3.352e-26,5.157e-06,0.0009522,0.0006603,1.088e-07,0.07567,0.004295,0.0155,0.1197,1.374e-05,3.158e-06,0.18
    2940,    3000,0.0043304,0.005706,0.01924,9.14e-26,8.241e-06,1.634e-05,0.0001664,3.303e-26,5.04e-06,0.000942,0.0006535,1.068e-07,0.07524,0.004254,0.01543,0.119,1.356e-05,3.085e-06,0.18
    3000,    3060,0.0037878,0.005663,0.01912,9.008e-26,8.121e-06,1.614e-05,0.0001645,3.257e-26,4.931e-06,0.0009324,0.0006471,1.051e-07,0.07484,0.004215,0.01535,0.1184,1.34e-05,3.018e-06,0.18
    3060,    3120,0.0037205,0.005616,0.01898,8.87e-26,7.995e-06,1.593e-05,0.0001625,3.208e-26,4.817e-06,0.0009221,0.0006402,1.032e-07,0.0744,0.004173,0.01528,0.1178,1.323e-05,2.948e-06,0.18
    3120,    3180,0.0034929,0.005569,0.01885,8.735e-26,7.869e-06,1.572e-05,0.0001604,3.161e-26,4.704e-06,0.0009119,0.0006333,1.013e-07,0.07396,0.004131,0.0152,0.1171,1.305e-05,2.879e-06,0.18
    3180,    3240,0.0037287,0.005524,0.01872,8.609e-26,7.75e-06,1.553e-05,0.0001585,3.117e-26,4.6e-06,0.0009022,0.0006269,9.955e-08,0.07354,0.004091,0.01513,0.1165,1.289e-05,2.815e-06,0.18
    3240,    3300,0.0041207,0.005477,0.01858,8.478e-26,7.625e-06,1.532e-05,0.0001565,3.072e-26,4.491e-06,0.0008918,0.0006199,9.77e-08,0.07309,0.004049,0.01505,0.1158,1.271e-05,2.748e-06,0.18
    3300,    3360,0.0036829,0.005429,0.01844,8.349e-26,7.501e-06,1.511e-05,0.0001545,3.027e-26,4.383e-06,0.0008815,0.000613,9.587e-08,0.07263,0.004006,0.01497,0.1151,1.254e-05,2.682e-06,0.18
    3360,    3420,0.0033183,0.005383,0.01831,8.229e-26,7.384e-06,1.492e-05,0.0001525,2.985e-26,4.283e-06,0.0008718,0.0006065,9.417e-08,0.0722,0.003966,0.01489,0.1145,1.238e-05,2.621e-06,0.18
    3420,    3480,0.0029511,0.005334,0.01817,8.105e-26,7.261e-06,1.471e-05,0.0001505,2.941e-26,4.179e-06,0.0008614,0.0005995,9.237e-08,0.07173,0.003923,0.01481,0.1138,1.22e-05,2.557e-06,0.18
    3480,    3540,0.0030883,0.005285,0.01802,7.982e-26,7.139e-06,1.451e-05,0.0001485,2.898e-26,4.076e-06,0.000851,0.0005925,9.059e-08,0.07126,0.00388,0.01472,0.1131,1.203e-05,2.494e-06,0.18
    3540,    3600,0.0033446,0.005239,0.01789,7.869e-26,7.024e-06,1.431e-05,0.0001466,2.859e-26,3.98e-06,0.0008412,0.0005859,8.893e-08,0.07082,0.00384,0.01464,0.1124,1.187e-05,2.436e-06,0.18
    3600,    3660,0.003026,0.005189,0.01774,7.75e-26,6.903e-06,1.41e-05,0.0001446,2.817e-26,3.88e-06,0.0008308,0.0005788,8.718e-08,0.07034,0.003796,0.01456,0.1117,1.17e-05,2.375e-06,0.18
    3660,    3720,0.0033735,0.005139,0.0176,7.633e-26,6.782e-06,1.39e-05,0.0001425,2.776e-26,3.782e-06,0.0008204,0.0005718,8.545e-08,0.06985,0.003753,0.01447,0.1109,1.153e-05,2.315e-06,0.18
    3720,    3780,0.0037038,0.005092,0.01746,7.525e-26,6.669e-06,1.371e-05,0.0001406,2.738e-26,3.691e-06,0.0008105,0.0005652,8.384e-08,0.06939,0.003712,0.01439,0.1102,1.136e-05,2.26e-06,0.18
    3780,    3840,0.0037608,0.005042,0.01731,7.411e-26,6.55e-06,1.35e-05,0.0001386,2.698e-26,3.596e-06,0.0008002,0.0005581,8.214e-08,0.06889,0.003668,0.0143,0.1095,1.12e-05,2.202e-06,0.18
    3840,    3900,0.0032393,0.004991,0.01716,7.3e-26,6.436e-06,1.33e-05,0.0001366,2.659e-26,3.503e-06,0.0007897,0.0005509,8.048e-08,0.06839,0.003624,0.01421,0.1087,1.103e-05,2.146e-06,0.18
    3900,    3960,0.003218,0.004942,0.01701,7.196e-26,6.324e-06,1.31e-05,0.0001347,2.623e-26,3.417e-06,0.0007797,0.0005441,7.892e-08,0.0679,0.003582,0.01413,0.108,1.086e-05,2.093e-06,0.18
    3960,    4020,0.0034348,0.004889,0.01686,7.088e-26,6.203e-06,1.29e-05,0.0001327,2.585e-26,3.325e-06,0.0007691,0.0005369,7.723e-08,0.0674,0.003537,0.01403,0.1072,1.069e-05,2.037e-06,0.18
    4020,    4080,0.0031253,0.004836,0.0167,6.981e-26,6.087e-06,1.269e-05,0.0001306,2.547e-26,3.237e-06,0.000758,0.0005292,7.56e-08,0.06688,0.003489,0.01394,0.1064,1.052e-05,1.984e-06,0.18
    4080,    4140,0.003127,0.00479,0.01656,6.882e-26,5.974e-06,1.248e-05,0.0001287,2.513e-26,3.154e-06,0.0007481,0.0005228,7.404e-08,0.06638,0.003451,0.01385,0.1057,1.035e-05,1.934e-06,0.18
    4140,    4200,0.0030563,0.004738,0.01641,6.779e-26,5.868e-06,1.231e-05,0.0001269,2.476e-26,3.069e-06,0.0007385,0.0005162,7.253e-08,0.06585,0.003408,0.01376,0.1049,1.02e-05,1.883e-06,0.18
    4200,    4260,0.0025326,0.004685,0.01625,6.677e-26,5.752e-06,1.211e-05,0.0001249,2.44e-26,2.984e-06,0.000728,0.000509,7.093e-08,0.06532,0.003363,0.01366,0.1041,1.003e-05,1.831e-06,0.18
    4260,    4320,0.0024722,0.004635,0.0161,6.582e-26,5.644e-06,1.191e-05,0.000123,2.407e-26,2.905e-06,0.000718,0.0005022,6.943e-08,0.0648,0.003321,0.01357,0.1033,9.876e-06,1.783e-06,0.18
    4320,    4380,0.002154,0.004582,0.01594,6.482e-26,5.534e-06,1.172e-05,0.000121,2.372e-26,2.824e-06,0.0007076,0.000495,6.791e-08,0.06426,0.003276,0.01347,0.1024,9.711e-06,1.735e-06,0.18
    4380,    4440,0.0022001,0.004528,0.01577,6.385e-26,5.421e-06,1.152e-05,0.000119,2.338e-26,2.744e-06,0.000697,0.0004878,6.637e-08,0.0637,0.00323,0.01337,0.1016,9.545e-06,1.686e-06,0.18
    4440,    4500,0.001997,0.004477,0.01562,6.294e-26,5.319e-06,1.133e-05,0.0001172,2.306e-26,2.672e-06,0.0006872,0.0004811,6.499e-08,0.06318,0.003188,0.01327,0.1008,9.393e-06,1.643e-06,0.18
    4500,    4560,0.0019199,0.004423,0.01545,6.199e-26,5.21e-06,1.113e-05,0.0001152,2.272e-26,2.595e-06,0.0006767,0.0004739,6.349e-08,0.06261,0.003143,0.01317,0.09994,9.228e-06,1.597e-06,0.18
    4560,    4620,0.0019135,0.004369,0.01529,6.106e-26,5.101e-06,1.094e-05,0.0001133,2.239e-26,2.52e-06,0.0006663,0.0004667,6.202e-08,0.06204,0.003098,0.01307,0.09907,9.066e-06,1.551e-06,0.18
    4620,    4680,0.0018743,0.004317,0.01513,6.019e-26,5.001e-06,1.075e-05,0.0001114,2.209e-26,2.45e-06,0.0006564,0.0004599,6.066e-08,0.06149,0.003055,0.01297,0.09824,8.914e-06,1.51e-06,0.18
    4680,    4740,0.0018617,0.004262,0.01496,5.928e-26,4.895e-06,1.056e-05,0.0001095,2.176e-26,2.378e-06,0.000646,0.0004528,5.923e-08,0.06091,0.003009,0.01286,0.09735,8.752e-06,1.466e-06,0.18
    4740,    4800,0.0018182,0.004207,0.01479,5.839e-26,4.79e-06,1.037e-05,0.0001076,2.145e-26,2.308e-06,0.0006356,0.0004456,5.783e-08,0.06032,0.002964,0.01275,0.09645,8.593e-06,1.424e-06,0.18
    4800,    4860,0.0017885,0.004155,0.01463,5.755e-26,4.692e-06,1.019e-05,0.0001057,2.115e-26,2.242e-06,0.0006258,0.0004388,5.652e-08,0.05976,0.002921,0.01265,0.09559,8.443e-06,1.385e-06,0.18
    4860,    4920,0.0018245,0.004099,0.01446,5.668e-26,4.589e-06,9.994e-06,0.0001038,2.084e-26,2.174e-06,0.0006154,0.0004316,5.514e-08,0.05915,0.002876,0.01254,0.09467,8.284e-06,1.344e-06,0.18
    4920,    4980,0.0018355,0.004043,0.01428,5.582e-26,4.487e-06,9.804e-06,0.0001019,2.054e-26,2.108e-06,0.000605,0.0004245,5.379e-08,0.05854,0.00283,0.01243,0.09374,8.127e-06,1.304e-06,0.18
    4980,    5040,0.0017989,0.00399,0.01412,5.501e-26,4.391e-06,9.626e-06,0.0001001,2.025e-26,2.047e-06,0.0005952,0.0004177,5.253e-08,0.05796,0.002787,0.01232,0.09285,7.979e-06,1.267e-06,0.18
