CampaignData_and_Merges/R0/CSL_MobileLab_Parked/raw/20240717/USOS-PTR_MobileLabGround_20240717_R0.ict
58, 1001
Matthew Coggon, Kelvin Bates, Chelsea Stockwell, Carsten Warneke
NOAA ESRL Chemical Sciences Division
NOAA PTR-ToF-MS
USOS
1,1 
2024, 07, 17, 2025, 09, 19
0
Time_Start, seconds, number of seconds from 00:00 UTC 
22
1, 1, 1, 1, 1, 1, 1, 1, 1, 1, 1, 1, 1, 1, 1, 1, 1, 1, 1, 1, 1, 1
-9999, -9999, -9999, -9999, -9999, -9999, -9999, -9999, -9999, -9999, -9999, -9999, -9999, -9999, -9999, -9999, -9999, -9999, -9999, -9999, -9999, -9999
CH3OH_NOAAPTR_ppbv,  ppbv, Gas_CH3OH_InSitu_S_AVMR, (CH3OH) methanol
CH3CN_NOAAPTR_ppbv,  ppbv, Gas_CH3CN_InSitu_S_AVMR, (CH3CN) acetonitrile
CH3CHO_NOAAPTR_ppbv,  ppbv, Gas_CH3CHO_InSitu_S_AVMR, (CH3CHO) acetaldehyde plus contributions from ethylene glycol and ethylene oxide. Interference from ethanol has been subtracted out.
C2H5OH_NOAAPTR_ppbv,  ppbv, Gas_C2H5OH_InSitu_S_AVMR, (C2H5OH) ethanol
CH3SH_NOAAPTR_ppbv,  ppbv, Gas_CH3SH_InSitu_S_AVMR, (CH3SH) methanethiol, using calibration factor for DMS
Acrolein_NOAAPTR_ppbv,  ppbv, Gas_Acrolein_InSitu_S_AVMR, (C3H4O) acrolein
AcetonePropanal_NOAAPTR_ppbv,  ppbv, Gas_AcetoneAndPropanal_InSitu_S_AVMR, (C3H6O) sum of acetone (dominant isomer) and propanal, using calibration factor for acetone
DMS_NOAAPTR_ppbv,  ppbv, Gas_DMS_InSitu_S_AVMR, (C2H6S) dimethyl sulfide with possible small contributions from ethanethiol
C5H8_NOAAPTR_ppbv,  ppbv, Gas_Isoprene_InSitu_S_AVMR, (C5H8) isoprene and possible fragments from cycloalkanes and aldehydes. Interferences have been subtracted following methods described by Coggon et al (2023)
MVKMAC_NOAAPTR_ppbv,  ppbv, Gas_MVKAndMAC_InSitu_S_AVMR, (C4H6O) sum of methyl vinyl ketone, methacrolein, and small amounts of crotonaldehyde, using weighted calibration factor for MVK (0.637) and MACR (0.363)
Benzene_NOAAPTR_ppbv,  ppbv, Gas_Benzene_InSitu_S_AVMR, (C6H6) benzene
Toluene_NOAAPTR_ppbv,  ppbv, Gas_Toluene_InSitu_S_AVMR, (C7H8) toluene with possible small contributions of fragments from ethyltoluene
Styrene_NOAAPTR_ppbv,  ppbv, Gas_Styrene_InSitu_S_AVMR, (C8H8) styrene
Benzaldehyde_NOAAPTR_ppbv,  ppbv, Gas_Benzaldehyde_InSitu_S_AVMR, (C7H6O) benzaldehyde
C8Aromatics_NOAAPTR_ppbv,  ppbv, Gas_C8Aromatics_InSitu_M_AVMR, (C8H10) sum of m-xylene, p-xylene, o-xylene, and ethyl benzene
C9Aromatics_NOAAPTR_ppbv,  ppbv, Gas_C9Aromatics_InSitu_M_AVMR, (C9H12) sum of C9 aromatics
Naphthalene_NOAAPTR_ppbv,  ppbv, Gas_Naphthalene_InSitu_S_AVMR, (C10H8) naphthalene
Octanal_NOAAPTR_ppbv,  ppbv, Gas_Octanal_InSitu_S_AVMR, (C8H16O) octanal and small amounts of octanone
Monoterpenes_NOAAPTR_ppbv,  ppbv, Gas_Monoterpenes_InSitu_M_AVMR, (C10H16) sum of monoterpenes and possible contributions from fragments of oxygenated monoterpenoids such as eucalyptol.
Nonanal_NOAAPTR_ppbv,  ppbv, Gas_Nonanal_InSitu_M_AVMR, (C9H18O) nonanal and small amounts of nonanone
C7H4ClF3_NOAAPTR_ppbv,  ppbv, Gas_C7H4ClF3_InSitu_S_AVMR, (C7H4ClF3) parachlorobenzotrifluoride
C10H30O5Si5_NOAAPTR_ppbv,  ppbv, Gas_C10H30O5Si5_InSitu_S_AVMR, (C10H30O5Si5) decamethylcyclopentasiloxane
1
SPECIAL COMMENTS:N/A
21
PI_CONTACT_INFO: NOAA ESRL Chemical Sciences Division, Tropospheric Chemistry Group. 325 Broadway, R/CSD7, Boulder, CO 80305
PLATFORM: Mobile Laboratory.
LOCATION: Salt Lake City, UT
ASSOCIATED_DATA: N/A
INSTRUMENT_INFO: NOAA PTR-ToF-MS measurements on NOAA CSL Mobile Lab
DATA_INFO: Units: ppbv
UNCERTAINTY: See OTHER_COMMENTS
ULOD_FLAG: -7777
ULOD_VALUE: N/A
LLOD_FLAG: -8888
LLOD_VALUE: N/A.
DM_CONTACT_INFO: Data Managers: Matt Coggon, Kelvin Bates, Chelsea Stockwell; email: matthew.m.coggon@noaa.gov and kelvin.bates@colorado.edu
PROJECT_INFO: USOS Deployment July-August, 2024
STIPULATIONS_ON_USE: Use of these data require prior OK from PI.
OTHER_COMMENTS: Uncertainties:
CH3OH_NOAAPTR_ppbv:30%; CH3CN_NOAAPTR_ppbv:30%; CH3CHO_NOAAPTR_ppbv:30%; C2H5OH_NOAAPTR_ppbv:30%; CH3SH_NOAAPTR_ppbv:50%; Acrolein_NOAAPTR_ppbv:30%; AcetonePropanal_NOAAPTR_ppbv:30%; DMS_NOAAPTR_ppbv:30%; C5H8_NOAAPTR_ppbv:30%; MVKMAC_NOAAPTR_ppbv:30%; 
Benzene_NOAAPTR_ppbv:30%; Toluene_NOAAPTR_ppbv:30%; Styrene_NOAAPTR_ppbv:30%; Benzaldehyde_NOAAPTR_ppbv:30%; C8Aromatics_NOAAPTR_ppbv:30%; C9Aromatics_NOAAPTR_ppbv:30%; Naphthalene_NOAAPTR_ppbv:30%; Octanal_NOAAPTR_ppbv:30%; Monoterpenes_NOAAPTR_ppbv:30%; Nonanal_NOAAPTR_ppbv:30%; 
C7H4ClF3_NOAAPTR_ppbv:30%; C10H30O5Si5_NOAAPTR_ppbv:30%; 
REVISION: R0
R0: Calibrated PTR Data. See individual species comments for details about measurement uncertainties
Time_Start, CH3OH_NOAAPTR_ppbv, CH3CN_NOAAPTR_ppbv, CH3CHO_NOAAPTR_ppbv, C2H5OH_NOAAPTR_ppbv, CH3SH_NOAAPTR_ppbv, Acrolein_NOAAPTR_ppbv, AcetonePropanal_NOAAPTR_ppbv, DMS_NOAAPTR_ppbv, C5H8_NOAAPTR_ppbv, MVKMAC_NOAAPTR_ppbv, Benzene_NOAAPTR_ppbv, Toluene_NOAAPTR_ppbv, Styrene_NOAAPTR_ppbv, Benzaldehyde_NOAAPTR_ppbv, C8Aromatics_NOAAPTR_ppbv, C9Aromatics_NOAAPTR_ppbv, Naphthalene_NOAAPTR_ppbv, Octanal_NOAAPTR_ppbv, Monoterpenes_NOAAPTR_ppbv, Nonanal_NOAAPTR_ppbv, C7H4ClF3_NOAAPTR_ppbv, C10H30O5Si5_NOAAPTR_ppbv
[from data line 664]
39840.0, 9.13640, 0.26483, 1.17236, 1.29173, -0.00086, 0.19716, 4.30141, -0.00143, 0.18657, 0.30515, 0.01862, 0.07198, -0.00100, -0.00027, 0.03204, 0.02234, -0.00058, 0.03266, 0.08223, 0.03118, 0.00364, 0.00165 
39900.0, 8.38739, 0.28095, 1.21869, 1.74714, -0.00030, 0.19199, 4.31186, -0.00143, 0.23129, 0.31092, 0.00059, 0.08932, -0.00100, -0.00027, 0.04097, 0.01294, -0.00058, 0.03235, 0.09807, 0.03202, 0.00413, 0.00057 
39960.0, 9.14859, 0.29785, 1.24493, 1.77463, 0.00358, 0.17398, 4.32437, -0.00143, 0.24544, 0.30750, 0.04945, 0.12756, -0.00100, -0.00027, 0.04458, 0.02771, 0.00100, 0.02081, 0.09777, 0.01972, -0.00038, 0.00145 
40020.0, 8.52519, 0.24484, 1.09923, 1.47573, 0.00139, 0.18564, 4.29716, 0.00121, 0.21882, 0.32444, -0.00256, 0.09626, -0.00099, -0.00027, 0.03448, 0.01264, -0.00058, 0.01501, 0.10170, 0.01848, 0.00263, 0.00048 
40080.0, 9.09529, 0.25623, 1.19755, 1.59573, 0.00259, 0.16294, 4.36604, 0.00735, 0.21875, 0.28047, 0.34629, 0.10102, -0.00099, 0.16341, 0.04125, 0.02414, -0.00058, 0.01648, 0.05354, 0.02523, 0.00421, 0.00205 
40140.0, 9.50162, 0.26252, 1.09312, 1.73546, 0.00101, 0.16224, 4.39654, -0.00142, 0.20920, 0.31404, 0.14692, 0.08435, -0.00099, 0.05338, 0.03798, 0.01677, -0.00058, 0.02731, 0.08083, 0.02240, 0.00195, 0.00019 
40200.0, 7.96892, 0.26058, 1.14106, 1.43702, 0.00280, 0.19370, 4.28859, -0.00142, 0.21000, 0.30335, 0.03844, 0.08911, -0.00099, 0.01093, 0.03825, 0.01173, -0.00059, 0.00896, 0.09852, 0.03230, 0.00153, 0.00238 
40260.0, 8.58458, 0.27684, 1.10103, 1.20324, 0.00109, 0.16364, 4.33957, -0.00141, 0.21944, 0.31983, -0.00163, 0.08215, 0.00937, -0.00028, 0.04056, 0.01853, 0.00752, 0.02975, 0.07477, 0.02478, 0.00886, -0.00036 
40320.0, 8.21733, 0.26583, 1.10283, 0.91405, 0.00005, 0.16554, 4.39116, -0.00141, 0.17662, 0.29768, 0.07726, 0.07879, 0.00638, 0.04282, 0.03588, 0.00856, 0.00277, 0.02735, 0.08140, 0.02135, 0.00828, 0.00242 
40380.0, 9.11302, 0.27731, 1.10607, 1.56976, 0.00107, 0.19755, 4.36026, -0.00141, 0.22206, 0.28306, 0.04508, 0.09488, -0.00099, -0.00028, 0.03969, 0.01366, 0.00332, 0.03822, 0.07375, 0.02382, 0.00404, 0.00103 
40440.0, 7.47250, 0.27746, 1.23460, 1.32161, 0.00219, 0.17294, 4.27288, -0.00141, 0.23618, 0.32620, -0.00257, 0.10075, -0.00098, 0.00964, 0.03365, 0.01779, 0.00752, 0.02208, 0.09269, 0.02461, 0.00164, 0.00119 
40500.0, 9.57384, 0.28603, 1.15056, 1.28168, -0.00086, 0.19081, 4.33942, 0.01120, 0.19240, 0.33262, 0.01856, 0.09723, 0.00885, -0.00028, 0.03686, 0.01482, -0.00059, 0.01296, 0.09475, 0.03627, 0.00134, 0.00237 
40560.0, 9.00627, 0.23602, 1.15906, 0.97630, 0.00326, 0.17361, 4.31099, -0.00140, 0.17740, 0.33899, 0.01691, 0.08806, -0.00098, -0.00028, 0.03145, 0.01616, -0.00059, 0.01073, 0.10531, 0.01661, 0.00229, 0.00181 
40620.0, 8.91045, 0.25444, 1.05494, 1.40760, -0.00012, 0.18069, 4.26271, 0.01118, 0.23401, 0.32418, -0.00258, 0.08399, -0.00098, 0.00081, 0.03808, 0.01214, -0.00060, 0.02330, 0.08492, 0.03074, 0.00791, 0.00010 
40680.0, 8.44954, 0.27294, 1.09412, 1.10955, 0.00359, 0.16945, 4.41623, -0.00130, 0.17849, 0.32595, 0.03058, 0.10482, -0.00098, -0.00028, 0.03095, 0.01187, -0.00060, -0.00150, 0.06981, 0.03588, 0.00588, -0.00020 
40740.0, 8.83426, 0.27072, 1.10802, 1.58311, 0.00413, 0.21961, 4.37277, 0.00296, 0.21523, 0.32385, 0.01209, 0.07702, -0.00098, -0.00029, 0.02400, 0.01690, 0.00573, 0.02062, 0.08641, 0.03158, -0.00255, 0.00092 
40800.0, 8.50350, 0.25558, 1.18980, 1.55006, 0.00187, 0.17111, 4.31283, 0.00264, 0.23831, 0.32894, -0.00259, 0.08242, -0.00001, -0.00029, 0.03191, 0.02296, -0.00060, 0.01616, 0.08388, 0.02129, 0.00196, 0.00291 
40860.0, 9.39867, 0.26392, 1.15356, 1.53684, 0.00296, 0.19919, 4.39280, 0.00033, 0.18568, 0.33559, 0.02608, 0.08527, -0.00098, -0.00029, 0.04437, 0.01624, -0.00060, 0.03330, 0.07816, 0.04498, 0.00060, 0.00246 
40920.0, 9.39133, 0.27219, 1.15220, 1.33759, -0.00086, 0.20450, 4.35040, -0.00139, 0.22282, 0.32336, 0.07089, 0.09958, 0.01325, -0.00029, 0.04063, 0.02198, -0.00060, 0.03215, 0.08983, 0.02698, -0.00158, 0.00165 
40980.0, 9.66765, 0.26881, 1.17321, 1.58766, 0.00203, 0.17707, 4.30119, 0.00047, 0.22249, 0.32419, 0.02341, 0.12950, -0.00097, -0.00029, 0.06444, 0.03086, -0.00060, 0.01824, 0.08427, 0.01777, 0.00627, 0.00131 
41040.0, 10.07631, 0.26909, 1.17318, 1.63579, 0.00156, 0.18274, 4.35417, -0.00139, 0.19558, 0.28573, -0.00260, 0.09148, -0.00097, -0.00029, 0.04428, 0.01953, -0.00061, 0.02209, 0.09314, 0.02233, 0.00425, 0.00142 
41100.0, 9.44986, 0.25157, 1.08023, 1.41614, 0.00148, 0.18943, 4.32933, 0.00222, 0.21259, 0.30822, 0.05411, 0.11445, 0.01392, 0.00536, 0.03993, 0.02429, -0.00061, 0.04416, 0.10048, 0.02044, 0.00403, -0.00045 
41160.0, 7.48747, 0.27785, 1.15805, 1.30777, 0.00186, 0.19046, 4.38256, 0.00728, 0.22366, 0.32385, 0.04003, 0.08833, 0.00194, -0.00029, 0.03324, 0.01715, -0.00061, 0.02532, 0.08653, 0.03552, 0.00647, 0.00310 
41220.0, 9.32323, 0.26704, 1.11986, 1.21736, 0.00197, 0.16547, 4.36112, -0.00138, 0.23898, 0.31392, 0.01573, 0.07135, 0.00132, -0.00030, 0.03731, 0.00851, -0.00061, 0.01991, 0.07895, 0.02583, 0.00284, 0.00222 
41280.0, 9.52551, 0.25626, 1.06636, 1.41779, 0.00219, 0.18209, 4.37096, 0.00639, 0.20469, 0.31171, 0.05641, 0.08647, -0.00097, -0.00030, 0.04249, 0.01184, -0.00045, 0.03404, 0.10191, 0.01287, 0.00299, 0.00213 
41340.0, 8.38065, 0.26287, 1.14208, 1.39432, 0.00285, 0.17032, 4.29502, -0.00138, 0.17289, 0.33573, 0.03717, 0.09669, -0.00096, -0.00030, 0.03881, 0.01873, -0.00061, 0.02970, 0.09551, 0.02723, 0.00175, 0.00182 
41400.0, 9.09742, 0.26602, 1.13570, 1.38254, -0.00086, 0.19975, 4.36466, 0.00620, 0.20121, 0.34037, 0.03491, 0.07694, -0.00096, -0.00030, 0.03897, 0.01414, -0.00061, 0.01692, 0.07428, 0.02598, 0.00035, 0.00230 
41460.0, 8.80867, 0.24405, 1.10836, 1.25896, -0.00086, 0.18603, 4.38695, 0.00372, 0.21546, 0.32762, 0.00886, 0.09481, -0.00096, -0.00030, 0.04175, 0.01348, -0.00062, 0.03043, 0.08785, 0.02420, 0.00698, 0.00146 
41520.0, 10.10186, 0.27219, 1.20304, 1.38757, -0.00064, 0.16383, 4.37067, 0.00371, 0.23104, 0.33506, -0.00262, 0.08516, -0.00096, -0.00030, 0.04884, 0.02429, 0.00358, 0.01416, 0.08479, 0.01603, 0.00566, 0.00156 
41580.0, 8.82990, 0.24561, 1.19148, 1.51942, -0.00086, 0.18544, 4.33502, -0.00136, 0.19418, 0.33418, 0.01792, 0.11775, 0.00030, -0.00030, 0.05246, 0.01731, -0.00062, 0.01710, 0.08438, 0.03731, 0.00304, 0.00133 
41640.0, 9.14977, 0.24412, 1.19735, 1.66545, 0.00257, 0.17929, 4.36018, -0.00137, 0.22372, 0.32920, -0.00262, 0.11185, 0.01081, -0.00030, 0.05642, 0.02157, 0.01148, 0.01660, 0.09304, 0.03678, -0.00011, 0.00270 
41700.0, 8.87354, 0.25693, 1.26929, 1.55995, 0.00129, 0.19998, 4.31845, 0.00893, 0.18433, 0.33873, -0.00262, 0.08907, -0.00096, 0.00130, 0.05538, 0.01313, -0.00062, 0.02235, 0.08107, 0.03014, 0.00492, 0.00282 
41760.0, 9.18468, 0.30073, 1.19489, 1.56517, 0.00003, 0.17994, 4.34889, 0.00565, 0.23663, 0.33553, 0.02714, 0.07675, -0.00096, -0.00031, 0.03142, 0.02002, -0.00062, 0.02894, 0.08660, 0.03113, 0.00411, 0.00099 
41820.0, 9.12770, 0.27198, 1.15671, 1.17567, 0.00221, 0.19240, 4.25172, -0.00136, 0.16972, 0.33031, 0.00917, 0.08103, -0.00095, 0.00656, 0.02744, 0.01358, -0.00062, 0.02817, 0.06149, 0.02394, 0.00424, 0.00239 
41880.0, 8.70618, 0.26894, 1.18314, 1.32276, -0.00070, 0.19110, 4.31697, -0.00136, 0.16837, 0.33824, 0.02233, 0.10252, 0.00709, 0.00718, 0.05066, 0.02199, -0.00063, 0.02775, 0.10810, 0.02372, 0.00070, 0.00019 
41940.0, 8.79852, 0.27690, 1.11997, 1.27562, 0.00471, 0.17808, 4.30414, 0.00005, 0.22002, 0.33165, -0.00263, 0.07886, 0.00224, -0.00031, 0.04599, 0.01483, -0.00063, 0.02452, 0.08065, 0.03499, 0.00491, 0.00115 
42000.0, 8.17178, 0.24416, 1.16633, 1.47228, 0.00065, 0.20034, 4.35134, -0.00135, 0.21783, 0.33259, 0.02456, 0.12519, -0.00095, -0.00031, 0.04454, 0.02208, -0.00063, 0.02581, 0.09899, 0.03932, 0.00603, 0.00299 
42060.0, 8.93938, 0.26650, 1.14290, 1.48451, 0.00058, 0.19757, 4.34475, -0.00073, 0.23852, 0.32647, 0.01863, 0.09807, 0.00081, 0.00209, 0.04523, 0.00639, -0.00063, 0.02547, 0.07761, 0.03175, -0.00094, 0.00414 
42120.0, 8.69562, 0.27648, 1.16020, 1.21462, -0.00086, 0.19632, 4.36109, 0.00247, 0.22167, 0.33936, 0.00848, 0.10326, -0.00095, 0.00736, 0.03960, 0.01636, -0.00063, 0.02926, 0.09715, 0.04955, -0.00110, 0.00014 
42180.0, 8.90850, 0.25978, 1.12717, 1.64305, 0.00097, 0.18616, 4.36417, 0.00209, 0.20476, 0.34820, 0.03981, 0.09088, 0.00749, -0.00031, 0.04284, 0.02323, 0.00746, 0.03637, 0.07178, 0.02739, -0.00118, 0.00068 
42240.0, 9.61955, 0.26612, 1.08553, 1.83535, 0.00099, 0.19483, 4.28034, -0.00134, 0.20016, 0.31814, 0.01118, 0.12044, -0.00094, -0.00032, 0.03982, 0.01518, -0.00063, 0.03683, 0.05464, 0.02562, -0.00010, 0.00263 
42300.0, 10.59607, 0.26191, 1.20465, 1.46525, 0.00032, 0.17172, 4.31557, -0.00134, 0.21959, 0.31999, 0.01923, 0.09178, -0.00094, -0.00032, 0.03549, 0.01505, -0.00064, 0.03534, 0.10038, 0.02616, 0.00595, 0.00041 
42360.0, 8.30540, 0.27305, 1.04413, 1.43466, 0.00128, 0.17789, 4.22744, 0.00141, 0.20096, 0.34313, 0.01451, 0.10447, 0.00767, -0.00032, 0.03106, 0.01434, -0.00064, 0.01861, 0.09031, 0.02323, 0.00369, 0.00100 
42420.0, 8.67598, 0.28336, 1.19416, 1.46280, -0.00018, 0.16773, 4.31850, 0.00026, 0.22167, 0.34011, 0.01249, 0.09008, -0.00094, -0.00032, 0.03913, 0.01246, -0.00064, 0.01449, 0.07721, 0.02428, -0.00006, 0.00101 
42480.0, 8.68954, 0.27570, 1.10283, 1.03599, 0.00012, 0.17487, 4.30703, -0.00134, 0.20308, 0.36232, 0.00824, 0.09306, -0.00094, 0.01000, 0.03903, 0.01847, -0.00064, 0.02650, 0.08524, 0.02678, 0.00513, 0.00097 
42540.0, 9.00549, 0.25569, 1.12059, 1.45002, 0.00115, 0.17409, 4.25869, -0.00123, 0.20382, 0.35184, 0.02149, 0.08266, 0.00040, -0.00032, 0.03820, 0.02470, -0.00064, 0.03072, 0.08860, 0.03123, -0.00008, 0.00502 
42600.0, 10.08791, 0.28244, 1.18788, 3.59183, 0.00123, 0.18534, 4.38202, -0.00133, 0.21346, 0.33608, 0.04777, 0.11441, -0.00094, -0.00032, 0.05083, 0.01422, -0.00064, 0.03711, 0.07896, 0.02004, 0.00341, 0.00295 
42660.0, 9.94351, 0.26851, 1.14589, 1.54065, 0.00129, 0.19118, 4.29032, -0.00020, 0.21673, 0.35053, 0.00595, 0.10461, -0.00093, -0.00032, 0.04938, 0.02133, -0.00064, 0.01647, 0.08365, 0.03954, 0.00471, 0.00072 
42720.0, 8.61073, 0.26782, 1.04615, 1.03152, -0.00058, 0.19201, 4.19464, 0.00235, 0.14994, 0.34041, -0.00267, 0.08037, -0.00025, -0.00033, 0.02896, 0.01470, -0.00065, 0.01364, 0.07399, 0.01652, 0.00406, 0.00016 
42780.0, 9.14598, 0.26132, 1.17247, 1.34063, -0.00046, 0.17767, 4.23036, -0.00133, 0.24642, 0.35368, 0.06305, 0.09365, -0.00093, -0.00033, 0.03601, 0.02318, -0.00065, 0.01680, 0.10041, 0.03739, -0.00039, -0.00011 
42840.0, 9.41658, 0.25890, 1.03004, 1.24709, -0.00019, 0.18317, 4.22013, -0.00132, 0.21458, 0.33310, 0.03473, 0.07973, -0.00093, -0.00033, 0.03854, 0.01806, -0.00065, 0.00310, 0.06331, 0.02324, 0.00497, 0.00234 
42900.0, 9.05228, 0.28206, 1.17798, 1.44231, 0.00212, 0.16415, 4.28545, -0.00132, 0.18687, 0.34662, -0.00248, 0.08798, -0.00093, -0.00033, 0.03680, 0.02080, -0.00065, 0.02461, 0.08984, 0.02695, 0.00207, 0.00072 
42960.0, 9.15918, 0.26460, 1.09296, 1.75262, 0.00180, 0.16969, 4.18181, -0.00132, 0.23889, 0.34163, 0.03692, 0.11795, -0.00093, 0.00215, 0.05561, 0.01723, -0.00065, 0.02004, 0.05901, 0.02406, 0.00200, 0.00398 
43020.0, 8.26474, 0.24819, 1.06895, 1.53481, 0.00056, 0.17226, 4.32194, 0.01001, 0.22766, 0.32714, 0.03159, 0.08705, -0.00093, 0.00450, 0.04323, 0.02347, -0.00065, 0.03686, 0.08528, 0.02608, 0.00215, 0.00223 
43080.0, 9.14382, 0.25672, 0.99274, 1.69831, 0.00038, 0.16519, 4.20251, -0.00119, 0.19975, 0.34635, -0.00268, 0.08392, 0.00767, -0.00033, 0.04457, 0.02419, -0.00065, 0.02697, 0.08990, 0.02620, 0.00583, 0.00040 
43140.0, 9.14631, 0.27463, 1.13274, 1.27033, -0.00087, 0.17624, 4.23954, 0.00507, 0.18389, 0.35000, 0.01458, 0.08973, -0.00092, -0.00033, 0.04212, 0.01627, -0.00066, 0.03482, 0.07488, 0.02845, 0.00494, 0.00197 
43200.0, 7.93056, 0.27736, 1.22473, 1.52372, -0.00087, 0.16996, 4.27713, -0.00131, 0.19992, 0.32135, 0.02900, 0.09216, -0.00092, 0.01571, 0.05228, 0.01573, -0.00066, 0.01868, 0.07092, 0.03116, 0.00100, 0.00316 
43260.0, 8.53919, 0.26005, 1.16005, 1.71355, 0.00118, 0.16970, 4.27252, 0.00566, 0.16727, 0.31620, -0.00269, 0.09665, -0.00092, -0.00034, 0.04320, 0.02236, 0.00530, 0.01880, 0.05821, 0.02338, 0.00243, 0.00293 
43320.0, 8.59465, 0.26893, 1.13327, 1.24411, 0.00073, 0.17560, 4.21663, 0.00044, 0.20541, 0.33404, -0.00269, 0.08570, -0.00092, -0.00034, 0.03398, 0.01833, -0.00066, 0.02066, 0.07890, 0.02333, 0.00172, 0.00318 
43380.0, 8.93642, 0.25939, 1.16271, 1.58072, 0.00272, 0.19159, 4.30587, -0.00105, 0.18562, 0.33770, 0.01641, 0.08762, -0.00092, -0.00034, 0.03772, 0.01913, -0.00066, 0.00886, 0.09551, 0.02475, 0.00047, 0.00271 
43440.0, 9.02406, 0.25111, 1.15848, 1.53029, -0.00068, 0.16984, 4.27894, 0.00631, 0.19300, 0.33718, -0.00270, 0.08934, 0.00204, -0.00034, 0.03491, 0.01039, -0.00066, 0.02179, 0.09874, 0.02202, -0.00070, 0.00105 
43500.0, 9.78616, 0.27266, 1.13327, 1.51507, 0.00114, 0.20060, 4.25092, 0.00160, 0.24167, 0.34799, 0.01896, 0.09466, 0.00267, -0.00034, 0.03274, 0.01512, -0.00066, 0.00718, 0.08585, 0.02828, -0.00073, 0.00026 
43560.0, 7.71495, 0.27242, 1.16241, 2.00120, 0.00156, 0.18596, 4.32122, -0.00130, 0.23459, 0.33182, 0.01986, 0.09869, -0.00091, -0.00034, 0.02755, 0.01690, -0.00067, 0.01225, 0.09397, 0.02194, 0.00230, 0.00017 
43620.0, 9.06661, 0.24545, 1.07819, 1.71595, 0.00231, 0.17536, 4.27525, -0.00130, 0.20395, 0.34787, -0.00234, 0.06222, -0.00091, -0.00033, 0.03861, 0.02117, -0.00067, 0.02696, 0.08790, 0.04831, 0.00184, 0.00114 
43680.0, 8.30058, 0.26464, 1.12662, 1.17914, 0.00036, 0.18546, 4.22504, -0.00130, 0.17274, 0.33236, 0.02944, 0.07920, -0.00091, 0.00208, 0.03975, 0.01578, -0.00067, 0.01966, 0.08564, 0.02696, -0.00030, 0.00189 
43740.0, 9.15589, 0.27838, 1.10859, 1.32654, -0.00087, 0.19558, 4.30875, 0.00883, 0.16572, 0.33466, 0.03036, 0.09646, 0.00251, 0.00270, 0.04455, 0.01269, -0.00067, 0.01722, 0.07188, 0.03698, 0.00048, 0.00424 
43800.0, 9.34719, 0.25799, 1.18259, 1.59869, 0.00141, 0.16587, 4.29473, -0.00129, 0.20022, 0.34519, -0.00271, 0.11369, 0.00028, -0.00035, 0.04445, 0.02021, -0.00067, 0.01439, 0.06073, 0.03954, 0.00350, 0.00206 
43860.0, 8.60663, 0.27901, 1.05732, 1.36175, 0.00048, 0.15450, 4.27452, 0.00706, 0.24060, 0.34516, 0.00583, 0.10790, -0.00091, -0.00035, 0.03908, 0.01018, -0.00067, 0.01540, 0.07218, 0.01893, 0.00275, 0.00157 
43920.0, 8.11860, 0.27254, 1.10876, 1.25328, 0.00031, 0.17323, 4.24229, 0.00557, 0.16949, 0.34576, 0.00454, 0.10308, -0.00091, 0.00081, 0.04216, 0.02063, -0.00067, 0.02429, 0.07140, 0.03736, 0.00133, 0.00037 
43980.0, 9.85722, 0.27624, 1.11982, 1.40836, 0.00056, 0.17939, 4.26737, -0.00129, 0.19168, 0.34973, 0.00383, 0.10307, -0.00091, -0.00035, 0.03714, 0.01620, -0.00067, 0.02000, 0.08060, 0.02025, -0.00293, 0.00258 
44040.0, 8.95193, 0.24230, 1.12269, 1.54662, 0.00218, 0.17237, 4.22755, -0.00128, 0.20937, 0.34641, 0.01541, 0.09688, 0.00258, -0.00035, 0.04752, 0.01924, -0.00068, 0.02353, 0.06786, 0.03978, 0.00395, 0.00211 
44100.0, 10.12812, 0.27202, 1.18852, 1.45919, 0.00112, 0.18148, 4.36449, 0.00156, 0.19410, 0.33742, 0.03174, 0.07794, -0.00090, -0.00035, 0.04200, 0.01496, -0.00068, 0.02488, 0.11960, 0.03377, 0.00718, 0.00123 
44160.0, 8.76215, 0.27361, 1.11128, 1.31677, 0.00237, 0.19053, 4.20718, 0.00330, 0.23791, 0.31772, 0.04152, 0.08638, -0.00090, 0.00607, 0.04177, 0.02387, -0.00006, 0.01284, 0.05665, 0.01109, 0.00305, 0.00330 
44220.0, 9.25043, 0.24236, 1.16172, 1.43341, 0.00171, 0.19132, 4.30281, -0.00128, 0.18286, 0.35146, -0.00273, 0.09662, -0.00090, -0.00036, 0.03609, 0.01178, -0.00068, 0.02303, 0.08756, 0.02954, 0.00480, 0.00358 
44280.0, 8.81010, 0.24908, 1.20129, 1.68021, 0.00097, 0.17737, 4.23953, 0.00333, 0.20926, 0.34570, 0.02148, 0.09569, -0.00090, -0.00036, 0.04030, 0.02143, -0.00068, 0.03214, 0.09080, 0.02735, 0.00395, 0.00151 
