CampaignData_and_Merges/R0/CSL_MobileLab_Parked/raw/20240717/USOS-Picarro-CO2-CH4-CO-H2O_MobileLabGround_20240717_R0.ict
38, 1001
Ilana Pollack, Nell Schafer, and Jeff Peischl
NOAA Chemical Sciences Laboratory
Picarro 2401-m CO2/CH4/CO/H2O Analyzer
USOS
1, 1
2024, 07, 17, 2024, 11, 20
0
StartTime_UTC, seconds_past_midnight, seconds past midnight
5
1, 1, 1, 1, 1
-9999, -9999, -9999, -9999, -9999
StopTime_UTC, seconds_past_midnight, seconds past midnight
CO2_ppm_1min, ppm, Gas_CO2_InSitu_S_DMF, carbon dioxide mixing ratio
CH4_ppb_1min, ppb, Gas_CH4_InSitu_S_DMF, methane mixing ratio
CO_ppb_1min, ppb, Gas_CO_InSitu_S_DMF, carbon monoxide mixing ratio
H2O_ppmv_1min, ppmv, Met_H2OMRV_InSitu_S_AVMR, water vapor mixing ratio
1
SPECIAL COMMENTS: N/A
18
PI_CONTACT_INFO: Address: NOAA Chemical Sciences Laboratory, Mail Stop CSL7, 325 Broadway, Boulder, CO 80305; Email: Ilana.Pollack@noaa.gov
PLATFORM: NOAA CSL Mobile Laboratory
LOCATION: The mobile lab was stationed in Salt Lake City, Utah.
ASSOCIATED_DATA: N/A
INSTRUMENT_INFO: CO2, CH4, and CO are reported as dry air mole fractions using a commercial wavelength-scanned cavity ring-down analyzer (Picarro 2401-m). An in-field calibration gas standard of 432±0.07 ppm CO2, 2095±1 ppb CH4, and 183±1 ppb CO, calibrated in the Boulder laboratories before and after the field project using primary CO2, CH4, and CO standard tanks tied to the WMO standard (X2019, X2004A, and X2014A, respectively) from the Global Monitoring Laboratory (GML), was delivered to the inlet every 2-3 days to evaluate instrument sensitivity. A H2O measurement was calibrated before the project with a Dew Point Mirror 373 hygrometer. The water correction calculated from these calibrations was applied to the H2O measurement for the entire campaign. Species are measured at 0.5 Hz and reported as 1-minute averages for stationary measurements.
DATA_INFO: Units: CO2, ppm, dry air mole fraction; CH4, ppb, dry air mole fraction; CO, ppb, dry air mole fraction; H2O, ppmv
UNCERTAINTY: Total uncertainties are estimated as ±0.1 ppm for CO2, ±1 ppb for CH4, ±5 ppb for CO, and ±(50 ppm + 4%) for H2O.
ULOD_FLAG: -7777
ULOD_VALUE: N/A
LLOD_FLAG: -8888
LLOD_VALUE: N/A
DM_CONTACT_INFO: Data Manager: Nathan Howard; nathan.h.howard@noaa.gov
PROJECT_INFO: USOS Dates of Study: July – August 2024
STIPULATIONS_ON_USE: Use of these data require prior ok from PI.
OTHER_COMMENTS: Data are averaged to 1 minute intervals. Stationary data collected from a 10 ft tower on top of the mobile van.
REVISION: R0
R0: Final Data
StartTime_UTC, StopTime_UTC, CO2_ppm_1min, CH4_ppb_1min, CO_ppb_1min, H2O_ppmv_1min
0,60,429.28,1969.7,189.6,11446.8281
60,120,428.29,1970.8,188.2,11566.7520
120,180,428.22,1967.0,181.8,10995.7949
180,240,428.71,1965.6,180.4,10745.8271
240,300,428.21,1965.9,182.5,11028.9424
300,360,427.54,1966.9,180.1,11912.8975
360,420,427.69,1966.3,181.0,11341.7920
420,480,428.47,1966.8,183.2,11339.9053
480,540,429.15,1966.7,189.0,11338.4170
540,600,427.83,1965.5,181.0,10950.0684
600,660,427.70,1965.5,182.4,11227.4033
660,720,427.28,1966.4,184.7,11430.2275
720,780,428.23,1967.3,186.1,11993.3936
780,840,428.68,1966.4,182.6,11447.8447
840,900,430.55,1967.3,189.6,11301.5176
900,960,430.49,1966.0,188.5,10917.9961
960,1020,429.68,1967.3,192.2,10733.0293
1020,1080,428.56,1968.3,190.2,10946.9717
1080,1140,428.59,1968.9,189.3,11401.8359
1140,1200,427.88,1968.8,185.4,11815.0957
1200,1260,427.62,1968.2,184.1,11662.2803
1260,1320,428.32,1968.2,189.0,11118.0732
1320,1380,428.79,1967.5,187.2,11244.7148
1380,1440,428.36,1968.9,187.9,11932.1133
1440,1500,427.73,1969.7,188.9,12580.3125
1500,1560,427.63,1967.6,183.9,11835.3418
1560,1620,428.03,1967.5,182.1,11683.6943
1620,1680,428.12,1967.5,180.6,11610.9307
1680,1740,427.62,1966.4,181.2,11183.1973
1740,1800,427.23,1966.0,178.6,11106.4268
1800,1860,428.22,1966.1,179.8,11289.3574
1860,1920,427.82,1966.3,180.8,10879.8076
1920,1980,428.55,1966.9,185.8,11383.4033
1980,2040,429.27,1966.3,189.7,10981.6084
2040,2100,428.59,1966.3,183.3,11060.0898
2100,2160,429.40,1967.7,186.9,11601.0986
2160,2220,428.64,1968.5,187.4,11414.4961
2220,2280,429.07,1968.9,188.9,11361.0371
2280,2340,428.61,1969.3,186.9,11882.1836
2340,2400,428.10,1969.7,190.2,11543.9404
2400,2460,428.21,1970.0,201.4,11399.1406
2460,2520,428.10,1969.8,187.4,11393.0264
2520,2580,428.29,1970.0,184.0,11506.2803
2580,2640,427.52,1967.6,179.4,11139.7070
2640,2700,427.16,1964.6,174.5,10525.5166
2700,2760,427.15,1965.4,175.0,11339.6719
2760,2820,427.52,1965.5,175.4,10786.1416
2820,2880,427.44,1964.9,175.8,10505.8955
2880,2940,427.85,1965.2,181.0,10631.8018
2940,3000,428.68,1965.7,187.6,10353.8936
3000,3060,428.04,1966.7,184.9,10584.4219
3060,3120,429.05,1967.9,199.6,10827.3477
3120,3180,428.36,1968.2,199.8,11136.1260
3180,3240,428.49,1966.5,183.4,10704.1201
3240,3300,429.07,1967.0,183.9,10898.5068
3300,3360,429.31,1969.2,187.1,11072.6436
3360,3420,428.27,1969.3,191.9,10753.9238
3420,3480,428.55,1972.8,200.4,11671.5576
3480,3540,428.54,1968.1,191.6,11086.8457
3540,3600,428.25,1968.7,192.0,11451.1084
3600,3660,428.55,1966.0,184.2,10879.3154
3660,3720,428.82,1968.1,187.2,11580.9512
3720,3780,428.67,1967.8,186.3,11781.7480
3780,3840,429.03,1966.3,183.6,11310.6162
3840,3900,428.55,1962.9,179.9,10359.4111
3900,3960,428.50,1963.4,180.3,10549.9189
3960,4020,428.37,1963.5,180.5,10765.6104
4020,4080,428.76,1965.6,182.7,10727.4473
4080,4140,429.16,1972.2,183.2,11288.7588
4140,4200,428.29,1963.6,182.8,10308.1680
4200,4260,428.59,1976.7,184.3,10715.3447
4260,4320,428.59,1964.4,181.3,10352.8447
4320,4380,428.58,1962.7,185.5,10431.6768
4380,4440,428.70,1965.3,185.5,10549.8271
4440,4500,428.42,1969.3,189.2,10476.4736
4500,4560,429.34,2021.2,183.5,10176.5547
4560,4620,427.08,1958.0,170.2,9273.0654
4620,4680,427.25,1958.3,173.6,9509.1992
4680,4740,427.69,1960.9,176.7,9808.6689
4740,4800,427.99,1987.8,176.2,10464.8447
4800,4860,430.39,2029.0,178.4,10781.2422
4860,4920,430.11,2012.0,180.1,10830.3594
4920,4980,430.14,2021.3,176.6,10969.5928
4980,5040,430.41,1968.3,187.1,10094.9414
5040,5100,429.36,1960.9,182.4,9984.1436
5100,5160,429.49,1960.6,184.8,9882.1426
5160,5220,429.46,1960.7,183.6,9897.6299
5220,5280,430.33,1961.6,190.6,10119.8867
5280,5340,430.51,1961.8,187.3,10166.7705
5340,5400,429.09,1961.0,182.6,9848.6104
5400,5460,432.42,1962.0,205.4,9981.1797
5460,5520,434.02,1962.8,210.3,10119.1748
5520,5580,434.10,1965.3,233.0,10270.5986
5580,5640,432.94,1968.4,240.5,10272.9414
5640,5700,433.39,1967.2,239.0,10124.1133
5700,5760,433.21,1968.1,233.7,10095.6602
5760,5820,434.68,1972.3,237.0,10081.5166
5820,5880,433.66,1986.2,222.5,9892.1465
5880,5940,433.19,1972.5,221.7,9935.4570
5940,6000,433.92,1971.2,236.1,10055.1387
6000,6060,433.91,1969.8,233.9,10083.2920
6060,6120,434.45,1969.3,233.9,10140.3896
6120,6180,434.00,1968.7,229.4,10403.8555
6180,6240,433.86,1966.9,225.6,10129.1592
6240,6300,432.63,1965.1,212.1,9979.7793
6300,6360,431.30,1963.4,199.3,10094.9932
6360,6420,432.05,1964.4,200.9,10015.0928
6420,6480,433.66,1965.6,217.7,9911.9521
6480,6540,432.52,1965.6,207.0,10285.2842
6540,6600,432.31,1966.1,210.8,10180.8408
6600,6660,433.59,1967.3,216.0,10398.2314
6660,6720,432.65,1966.7,205.8,10469.8379
6720,6780,432.34,1965.8,206.2,10432.6875
6780,6840,431.36,1964.7,198.1,10251.4893
6840,6900,429.95,1963.3,186.2,10199.9102
6900,6960,430.06,1963.0,186.8,10184.3213
6960,7020,431.61,1964.0,193.1,10184.9600
7020,7080,431.13,1964.1,196.3,10140.3516
7080,7140,430.48,1963.6,192.9,10397.0898
7140,7200,430.24,1962.6,192.1,9930.9131
7200,7260,430.00,1962.7,186.8,10179.3086
7260,7320,430.95,1966.1,204.2,10047.1143
7320,7380,433.49,1968.7,229.4,10097.7646
7380,7440,434.70,1968.9,239.8,10092.4629
7440,7500,433.97,1968.2,233.5,10175.2480
7500,7560,431.03,1965.1,201.1,10090.2148
7560,7620,431.41,1964.2,202.7,9979.5625
7620,7680,432.71,1964.9,215.4,10070.6016
7680,7740,432.72,1966.5,224.7,10074.6475
7740,7800,431.54,1964.3,209.0,9935.6641
7800,7860,431.30,1964.6,202.8,10068.6885
7860,7920,433.40,1966.0,221.4,10418.3330
7920,7980,435.19,1967.6,240.8,10430.5576
7980,8040,434.96,1967.9,236.3,10379.5674
8040,8100,432.39,1967.8,213.2,10283.3838
8100,8160,434.67,1968.8,227.6,10351.2598
8160,8220,433.61,1969.9,227.4,10756.1943
8220,8280,432.65,1970.5,218.4,10305.9404
8280,8340,433.86,1971.0,221.6,10578.4189
8340,8400,434.23,1972.2,229.8,10677.6357
8400,8460,433.60,1972.5,225.6,10548.1611
8460,8520,434.03,1981.4,233.9,10351.9678
8520,8580,437.29,1982.5,262.2,10318.3857
8580,8640,435.47,1976.6,240.3,10602.0371
8640,8700,435.28,1976.4,240.7,10773.4092
8700,8760,435.46,1974.1,235.3,10779.5166
8760,8820,434.64,1970.9,224.3,10471.2480
8820,8880,435.79,1972.2,238.8,10553.2061
8880,8940,437.44,1974.3,279.9,10490.1641
8940,9000,437.70,1976.8,256.8,10943.3438
9000,9060,439.45,1976.8,254.6,10956.4023
9060,9120,440.97,1976.4,251.0,11037.1123
9120,9180,438.93,1974.2,239.0,10841.6504
9180,9240,441.34,1971.5,218.5,10839.6074
9240,9300,441.04,1975.6,225.1,11089.4805
9300,9360,440.39,1979.7,237.2,11109.2227
9360,9420,440.34,1980.3,238.8,11284.4111
9420,9480,439.90,1977.0,229.9,10926.2754
9480,9540,439.05,1976.6,234.0,10886.2617
9540,9600,440.53,1978.4,247.7,10997.5430
9600,9660,445.97,1982.4,266.8,11159.0742
9660,9720,443.35,1981.2,254.8,11141.9785
9720,9780,442.56,1985.1,279.4,11253.6826
9780,9840,445.31,1986.6,281.7,11959.7803
9840,9900,447.57,1986.5,275.2,12196.2002
9900,9960,450.73,1985.1,263.0,12480.8301
9960,10020,449.15,1988.9,279.7,12536.3965
10020,10080,446.09,1987.2,263.8,12592.7656
10080,10140,444.76,1988.5,287.9,12694.0508
10140,10200,444.87,1987.7,266.9,12792.5557
10200,10260,446.96,1987.5,253.5,12908.4756
10260,10320,445.62,1984.9,252.5,12807.6123
10320,10380,442.58,1980.7,245.3,12630.2031
10380,10440,441.21,1978.3,230.4,12614.6846
10440,10500,439.00,1976.1,217.8,12553.2578
10500,10560,439.28,1974.9,216.0,12528.9922
10560,10620,440.29,1975.3,216.9,12568.2158
10620,10680,439.48,1974.7,218.8,12452.4697
10680,10740,442.43,1975.3,222.3,12636.0146
10740,10800,440.81,1975.0,247.2,12427.5225
10800,10860,440.64,1974.6,229.3,12385.8662
10860,10920,441.69,1975.2,222.5,12477.3135
10920,10980,441.69,1975.6,217.7,12430.3174
10980,11040,442.24,1975.3,215.2,12461.7842
11040,11100,443.42,1975.2,212.7,12442.7959
11100,11160,444.15,1975.3,217.4,12492.6328
11160,11220,440.64,1974.0,211.3,12276.0391
11220,11280,440.99,1973.8,209.4,12327.6699
11280,11340,441.38,1974.0,209.8,12347.2920
11340,11400,440.12,1972.8,208.6,12205.0703
11400,11460,440.91,1973.1,205.0,12223.6328
11460,11520,442.42,1974.2,206.5,12244.2412
11520,11580,439.89,1971.4,202.0,12098.8555
11580,11640,441.02,1971.4,214.4,12086.5469
11640,11700,438.99,1970.4,210.3,11980.5986
11700,11760,438.43,1970.4,209.4,11977.6904
11760,11820,440.24,1971.0,211.3,12091.8936
11820,11880,441.60,1971.5,214.4,12111.4297
11880,11940,441.62,1971.1,216.4,12110.9551
11940,12000,441.14,1970.5,214.9,12059.9844
12000,12060,443.54,1970.8,214.7,12134.9658
12060,12120,441.60,1970.6,216.9,12008.7197
12120,12180,441.98,1970.4,215.3,12075.6836
12180,12240,440.87,1971.1,211.1,12001.7197
12240,12300,439.71,1970.2,213.7,11902.7256
12300,12360,440.21,1970.6,230.4,11899.8350
12360,12420,441.93,1971.1,229.2,11975.6660
12420,12480,439.09,1970.1,207.0,11856.8066
12480,12540,440.88,1971.0,230.3,11875.0498
12540,12600,438.04,1969.9,205.5,11782.0713
12600,12660,440.10,1970.6,207.7,11883.5479
12660,12720,439.81,1970.8,211.3,11836.3701
12720,12780,440.27,1971.2,212.8,11829.3848
12780,12840,439.28,1970.5,207.7,11791.2168
12840,12900,438.40,1969.8,202.4,11738.1504
12900,12960,439.96,1970.6,207.7,11785.1738
12960,13020,439.96,1970.1,203.3,11750.4746
13020,13080,438.28,1969.4,196.5,11605.2451
13080,13140,439.03,1969.7,200.6,11615.0371
13140,13200,438.59,1969.8,198.8,11551.9307
13200,13260,439.63,1970.1,202.0,11581.7900
13260,13320,440.44,1971.1,201.9,11604.4521
13320,13380,441.85,1972.6,199.2,11667.6719
13380,13440,440.38,1970.9,197.5,11510.7939
13440,13500,442.81,1972.3,198.5,11636.2627
13500,13560,443.40,1972.3,198.7,11544.3848
13560,13620,441.69,1971.5,197.4,11464.9502
13620,13680,442.24,1971.4,197.4,11501.1465
13680,13740,442.86,1970.3,198.3,11453.3418
13740,13800,443.82,1970.6,199.1,11448.3613
13800,13860,444.45,1970.5,198.3,11468.7666
13860,13920,445.43,1970.7,197.0,11522.1123
13920,13980,444.36,1971.6,202.3,11503.2236
13980,14040,445.84,1971.5,201.7,11494.8330
14040,14100,444.40,1970.5,206.4,11444.8682
14100,14160,445.74,1971.3,207.1,11504.4824
14160,14220,444.91,1970.3,206.1,11396.3730
14220,14280,443.34,1969.5,204.4,11303.3418
14280,14340,443.17,1969.2,202.8,11285.4746
14340,14400,444.26,1970.6,202.8,11303.3760
14400,14460,446.90,1971.3,203.2,11326.4844
14460,14520,445.67,1971.2,201.1,11301.6025
14520,14580,444.30,1970.3,204.1,11226.2920
14580,14640,444.65,1970.3,207.0,11216.0859
14640,14700,443.53,1969.3,205.7,11108.0146
14700,14760,445.33,1969.5,206.5,11158.1211
14760,14820,445.11,1969.6,199.2,11148.3467
14820,14880,446.98,1969.9,197.3,11197.7549
14880,14940,445.64,1969.2,194.8,11161.1865
14940,15000,442.92,1968.8,193.2,11024.3672
15000,15060,443.53,1968.4,196.5,11024.9629
15060,15120,443.51,1967.7,191.5,10971.3955
15120,15180,442.52,1967.6,190.8,10949.2109
15180,15240,443.16,1968.2,195.7,10978.4102
15240,15300,441.36,1966.8,196.7,10855.8184
15300,15360,441.37,1965.8,192.0,10867.3906
15360,15420,439.95,1965.4,204.6,10773.9385
15420,15480,439.55,1965.0,233.8,10684.6709
15480,15540,440.67,1963.9,198.2,10779.3174
15540,15600,438.49,1963.5,180.6,10602.2520
15600,15660,440.52,1964.4,186.1,10651.1328
15660,15720,442.39,1964.3,192.0,10778.7256
15720,15780,443.67,1964.3,189.0,10813.6719
15780,15840,442.86,1964.6,210.1,10776.0391
15840,15900,440.05,1963.6,196.0,10634.9424
15900,15960,439.63,1963.7,182.3,10651.3281
15960,16020,442.46,1964.5,187.1,10693.9912
16020,16080,441.86,1966.5,187.1,10757.4395
16080,16140,444.10,1967.0,197.7,10728.0957
16140,16200,441.22,1967.4,198.8,10700.5850
16200,16260,442.74,1969.5,197.2,10761.1514
16260,16320,443.44,1969.5,193.7,10751.4160
16320,16380,440.88,1967.4,241.5,10686.3438
16380,16440,440.29,1965.8,202.3,10638.3984
16440,16500,439.94,1967.7,300.5,10606.6689
16500,16560,440.91,1966.2,224.5,10646.5020
16560,16620,440.54,1965.4,188.1,10681.4492
16620,16680,443.60,1966.1,196.3,10750.2041
16680,16740,441.31,1966.0,185.5,10702.1270
16740,16800,441.87,1966.7,184.4,10711.4844
16800,16860,441.97,1966.0,186.1,10740.4629
16860,16920,439.69,1965.0,182.4,10613.0430
16920,16980,441.62,1965.6,212.4,10681.6387
16980,17040,441.18,1966.0,212.0,10654.6309
17040,17100,440.26,1965.8,192.4,10581.2021
17100,17160,440.83,1965.3,181.5,10628.1367
17160,17220,439.78,1966.3,183.4,10555.1025
17220,17280,441.21,1966.1,186.8,10600.4307
17280,17340,442.08,1965.1,202.9,10651.8018
17340,17400,440.45,1964.5,195.1,10678.8447
17400,17460,439.63,1964.8,201.8,10588.1670
17460,17520,441.27,1965.2,200.7,10666.4951
17520,17580,442.28,1965.6,186.4,10726.4326
17580,17640,441.29,1966.1,184.0,10695.2803
17640,17700,440.97,1965.8,183.2,10688.7871
17700,17760,440.31,1965.8,178.5,10663.9805
17760,17820,442.27,1966.4,196.5,10710.9063
17820,17880,441.09,1966.2,178.5,10742.7842
17880,17940,440.75,1965.8,178.4,10677.2813
17940,18000,441.20,1966.2,192.8,10700.2344
18000,18060,440.74,1966.3,184.7,10689.3828
18060,18120,441.91,1966.5,185.0,10755.6279
18120,18180,438.93,1965.1,184.0,10574.2676
18180,18240,438.46,1964.3,178.1,10572.3652
18240,18300,440.86,1965.0,180.2,10685.7920
18300,18360,440.14,1965.7,180.9,10685.3320
18360,18420,439.55,1965.5,177.2,10631.4902
18420,18480,439.09,1965.1,179.1,10605.6143
18480,18540,439.63,1965.0,175.1,10609.5771
18540,18600,438.93,1964.7,183.9,10531.8057
18600,18660,439.78,1965.5,191.0,10596.4395
18660,18720,443.08,1966.0,183.4,10733.3018
18720,18780,440.33,1966.0,181.7,10582.7129
18780,18840,439.63,1965.3,181.0,10522.3984
18840,18900,439.52,1965.4,181.9,10513.0703
18900,18960,440.32,1966.3,198.4,10539.6289
18960,19020,441.18,1967.1,264.1,10544.6641
19020,19080,440.64,1965.9,190.9,10502.2617
19080,19140,441.60,1965.5,196.5,10514.7510
19140,19200,440.92,1965.2,179.0,10535.8389
19200,19260,440.38,1965.6,183.1,10474.1592
19260,19320,439.95,1966.1,180.1,10438.4238
19320,19380,446.06,1967.5,198.5,10679.9238
19380,19440,442.63,1968.2,194.8,10532.3477
19440,19500,441.06,1966.9,183.3,10432.5986
19500,19560,441.56,1967.2,192.9,10481.8398
19560,19620,445.80,1967.8,189.4,10617.1289
19620,19680,444.58,1970.9,189.2,10618.8730
19680,19740,442.82,1970.1,215.0,10544.6445
19740,19800,447.24,1969.6,220.4,10648.3340
19800,19860,442.24,1967.7,183.3,10537.8193
19860,19920,445.11,1967.4,187.7,10610.4609
19920,19980,443.59,1966.8,184.0,10577.4385
19980,20040,443.74,1967.5,185.0,10611.4648
20040,20100,440.52,1968.0,178.3,10574.9316
20100,20160,443.96,1968.6,187.9,10612.9844
20160,20220,443.94,1968.4,183.7,10597.6396
20220,20280,441.63,1967.0,189.4,10558.8916
20280,20340,440.42,1966.0,187.6,10521.5488
20340,20400,442.94,1965.7,209.7,10620.4766
20400,20460,439.87,1965.3,183.3,10501.5010
20460,20520,441.10,1965.7,207.1,10571.8477
20520,20580,441.52,1966.9,185.5,10564.0635
20580,20640,443.01,1968.9,193.8,10627.7480
20640,20700,440.88,1968.3,178.3,10575.5527
20700,20760,441.10,1968.3,182.4,10583.4746
20760,20820,443.07,1967.9,195.3,10637.2090
20820,20880,441.32,1967.7,183.6,10629.7051
20880,20940,440.47,1969.0,186.5,10580.4980
20940,21000,443.19,1971.0,186.0,10732.6982
21000,21060,445.79,1973.0,196.8,10795.5264
21060,21120,443.04,1973.7,187.9,10712.7686
21120,21180,445.30,1974.4,206.0,10784.1797
21180,21240,446.01,1975.0,190.4,10867.8359
21240,21300,445.00,1974.6,197.6,10861.3330
21300,21360,441.30,1971.9,185.2,10685.3809
21360,21420,444.51,1972.6,185.0,10833.7314
21420,21480,443.92,1970.9,187.8,10782.0342
21480,21540,442.18,1970.6,184.9,10722.0273
21540,21600,445.69,1973.6,184.3,10851.9834
21600,21660,442.56,1975.7,192.1,10804.3018
21660,21720,439.65,1973.5,205.1,10699.4189
21720,21780,441.40,1974.7,217.0,10764.2822
21780,21840,439.66,1969.8,189.8,10731.0156
21840,21900,439.16,1968.2,182.9,10710.5254
21900,21960,437.58,1965.4,173.7,10667.2686
21960,22020,437.67,1965.7,173.9,10690.9141
22020,22080,438.23,1966.0,176.1,10709.1436
22080,22140,438.98,1966.4,177.2,10762.6729
22140,22200,438.14,1966.4,174.1,10739.8145
22200,22260,438.04,1966.6,171.9,10731.7207
22260,22320,438.20,1967.3,172.6,10748.1836
22320,22380,442.45,1968.2,174.2,10892.1084
22380,22440,439.46,1968.8,178.3,10777.7383
22440,22500,439.96,1969.4,263.1,10754.3701
22500,22560,438.82,1972.3,183.5,10734.5088
22560,22620,439.34,1973.3,179.9,10767.0283
22620,22680,438.12,1973.6,174.5,10758.7910
22680,22740,438.42,1971.0,178.4,10812.3037
22740,22800,440.44,1972.2,186.3,10894.7803
22800,22860,439.26,1970.3,183.3,10910.2168
