CampaignData_and_Merges/R0/CSL_MobileLab_Parked/raw/20240717/USOS-Picarro-CO2-CH4-CO-H2O_MobileLabGround_20240717_R0.ict
38, 1001
Ilana Pollack, Nell Schafer, and Jeff Peischl
NOAA Chemical Sciences Laboratory
Picarro 2401-m CO2/CH4/CO/H2O Analyzer
USOS
1, 1
2024, 07, 17, 2024, 11, 20
0
StartTime_UTC, seconds_past_midnight, seconds past midnight
5
1, 1, 1, 1, 1
-9999, -9999, -9999, -9999, -9999
StopTime_UTC, seconds_past_midnight, seconds past midnight
CO2_ppm_1min, ppm, Gas_CO2_InSitu_S_DMF, carbon dioxide mixing ratio
CH4_ppb_1min, ppb, Gas_CH4_InSitu_S_DMF, methane mixing ratio
CO_ppb_1min, ppb, Gas_CO_InSitu_S_DMF, carbon monoxide mixing ratio
H2O_ppmv_1min, ppmv, Met_H2OMRV_InSitu_S_AVMR, water vapor mixing ratio
1
SPECIAL COMMENTS: N/A
18
PI_CONTACT_INFO: Address: NOAA Chemical Sciences Laboratory, Mail Stop CSL7, 325 Broadway, Boulder, CO 80305; Email: Ilana.Pollack@noaa.gov
PLATFORM: NOAA CSL Mobile Laboratory
LOCATION: The mobile lab was stationed in Salt Lake City, Utah.
ASSOCIATED_DATA: N/A
INSTRUMENT_INFO: CO2, CH4, and CO are reported as dry air mole fractions using a commercial wavelength-scanned cavity ring-down analyzer (Picarro 2401-m). An in-field calibration gas standard of 432±0.07 ppm CO2, 2095±1 ppb CH4, and 183±1 ppb CO, calibrated in the Boulder laboratories before and after the field project using primary CO2, CH4, and CO standard tanks tied to the WMO standard (X2019, X2004A, and X2014A, respectively) from the Global Monitoring Laboratory (GML), was delivered to the inlet every 2-3 days to evaluate instrument sensitivity. A H2O measurement was calibrated before the project with a Dew Point Mirror 373 hygrometer. The water correction calculated from these calibrations was applied to the H2O measurement for the entire campaign. Species are measured at 0.5 Hz and reported as 1-minute averages for stationary measurements.
DATA_INFO: Units: CO2, ppm, dry air mole fraction; CH4, ppb, dry air mole fraction; CO, ppb, dry air mole fraction; H2O, ppmv
UNCERTAINTY: Total uncertainties are estimated as ±0.1 ppm for CO2, ±1 ppb for CH4, ±5 ppb for CO, and ±(50 ppm + 4%) for H2O.
ULOD_FLAG: -7777
ULOD_VALUE: N/A
LLOD_FLAG: -8888
LLOD_VALUE: N/A
DM_CONTACT_INFO: Data Manager: Nathan Howard; nathan.h.howard@noaa.gov
PROJECT_INFO: USOS Dates of Study: July – August 2024
STIPULATIONS_ON_USE: Use of these data require prior ok from PI.
OTHER_COMMENTS: Data are averaged to 1 minute intervals. Stationary data collected from a 10 ft tower on top of the mobile van.
REVISION: R0
R0: Final Data
StartTime_UTC, StopTime_UTC, CO2_ppm_1min, CH4_ppb_1min, CO_ppb_1min, H2O_ppmv_1min
[from data line 1126]
67560,67620,428.20,1964.0,184.6,11870.2783
67620,67680,428.30,1964.1,187.1,11970.3760
67680,67740,428.13,1963.2,176.6,11602.3447
67740,67800,428.34,1963.6,180.1,11607.3496
67800,67860,428.10,1963.0,177.3,11457.1123
67860,67920,427.59,1963.1,179.6,11844.8672
67920,67980,428.00,1962.5,177.3,11635.4551
67980,68040,428.97,1962.6,179.5,11270.8340
68040,68100,428.52,1962.8,185.0,11420.0439
68100,68160,428.27,1963.0,192.4,11511.9014
68160,68220,427.63,1962.9,183.2,12013.0107
68220,68280,426.32,1962.9,178.5,12639.4346
68280,68340,426.41,1963.1,179.4,12627.7031
68340,68400,428.13,1963.3,183.1,11756.2451
68400,68460,428.06,1964.0,182.0,11858.1641
68460,68520,427.85,1964.7,183.4,11863.9805
68520,68580,428.10,1965.1,186.5,12067.0830
68580,68640,428.62,1963.3,183.4,11447.2373
68640,68700,428.69,1962.9,180.7,11247.8691
68700,68760,428.66,1962.6,181.0,11132.1035
68760,68820,428.43,1962.1,179.6,10898.7285
68820,68880,428.49,1962.0,178.3,10904.2832
68880,68940,428.19,1961.7,176.4,10779.1514
68940,69000,428.66,1962.6,180.3,11016.5264
69000,69060,428.80,1963.0,184.4,11311.0381
69060,69120,428.63,1962.9,180.5,11018.2529
69120,69180,428.84,1962.5,182.6,10849.4912
69180,69240,428.94,1962.2,182.8,10831.3760
69240,69300,428.03,1961.4,177.9,10914.7520
69300,69360,427.31,1960.7,172.7,10664.6074
69360,69420,427.62,1960.8,171.0,10327.5859
69420,69480,428.56,1961.2,177.4,10267.7578
69480,69540,429.04,1961.2,179.5,10225.3525
69540,69600,428.36,1961.5,177.0,10158.6289
69600,69660,426.95,1960.4,172.8,10468.6660
69660,69720,426.16,1958.8,168.5,10334.8955
69720,69780,426.53,1959.5,171.2,10467.7256
69780,69840,427.66,1959.4,177.8,11050.7900
69840,69900,426.87,1957.6,176.5,10543.9561
69900,69960,427.09,1957.3,176.7,10055.5605
69960,70020,426.57,1958.6,182.5,12256.8799
70020,70080,426.88,1959.2,175.4,11347.1963
70080,70140,426.00,1959.6,174.3,12021.4375
70140,70200,426.29,1959.0,169.8,11164.9102
70200,70260,426.28,1958.0,166.5,10554.3125
70260,70320,425.85,1957.1,167.4,10295.9785
70320,70380,426.09,1957.5,170.6,10822.2090
70380,70440,427.26,1958.5,174.5,10781.3193
70440,70500,428.88,1959.1,181.5,10671.2861
70500,70560,427.98,1959.5,174.6,10854.3936
70560,70620,427.69,1960.3,174.5,10389.2783
70620,70680,428.16,1960.2,177.9,10667.7422
70680,70740,427.49,1959.9,174.0,10674.0898
70740,70800,427.21,1960.0,177.7,11891.7705
70800,70860,428.32,1959.9,177.2,10333.5244
70860,70920,428.42,1959.6,176.9,11579.3984
70920,70980,427.63,1960.0,176.7,11295.2686
70980,71040,428.35,1961.0,181.2,11348.9473
71040,71100,427.91,1962.7,186.5,11974.9922
71100,71160,428.14,1962.7,186.9,11275.1436
71160,71220,428.94,1963.1,187.9,11665.5869
71220,71280,429.46,1961.5,185.0,11273.4297
71280,71340,429.24,1961.5,191.8,11185.3916
71340,71400,430.14,1960.7,187.6,10669.8721
71400,71460,429.29,1961.0,191.9,11513.0000
71460,71520,429.26,1962.2,191.6,10793.8799
71520,71580,429.43,1961.9,191.7,10608.7695
71580,71640,427.97,1962.8,231.0,11814.5176
71640,71700,428.68,1960.9,191.2,11494.6445
71700,71760,428.08,1961.1,185.4,11397.2461
71760,71820,427.97,1960.8,186.5,11570.5957
71820,71880,428.90,1961.9,186.9,10772.7861
71880,71940,430.53,1962.5,196.7,10796.1934
71940,72000,428.72,1961.5,188.2,10570.3555
72000,72060,430.17,1961.9,187.0,10867.8604
72060,72120,430.33,1962.2,193.1,11817.4561
72120,72180,429.51,1962.2,204.9,11761.9219
72180,72240,429.53,1961.8,197.9,11301.7656
72240,72300,430.20,1962.1,198.3,11262.6777
72300,72360,429.53,1961.6,192.5,11071.1094
72360,72420,429.25,1962.6,194.2,10824.0332
72420,72480,429.02,1963.0,192.6,11232.2969
72480,72540,428.93,1963.8,193.2,12272.6328
72540,72600,428.76,1964.3,195.0,12434.6621
72600,72660,428.27,1964.3,197.5,12381.9395
72660,72720,429.18,1964.3,198.4,11300.0752
72720,72780,429.78,1963.8,210.7,11330.3086
72780,72840,429.45,1964.9,199.4,11966.4014
72840,72900,429.28,1961.4,187.6,10549.4443
72900,72960,428.68,1961.3,188.3,11095.3408
72960,73020,430.67,1961.9,192.8,10537.7666
73020,73080,430.65,1962.9,195.8,11145.1846
73080,73140,431.31,1962.9,196.2,11926.5039
73140,73200,430.63,1962.6,195.0,11636.2852
73200,73260,429.82,1963.3,202.3,12285.5049
73260,73320,429.31,1964.2,265.8,12336.4961
73320,73380,429.99,1964.6,317.8,12626.7559
73380,73440,431.26,1963.5,221.2,10870.1914
73440,73500,431.63,1964.2,226.2,12261.3184
73500,73560,430.79,1963.8,199.9,11761.2490
73560,73620,429.96,1963.3,193.0,11711.2637
73620,73680,430.21,1962.9,195.2,11064.2666
73680,73740,430.49,1963.3,197.3,11762.1982
73740,73800,428.85,1963.2,194.5,11706.2373
73800,73860,429.55,1962.5,189.2,10925.5615
73860,73920,429.59,1962.3,189.6,11580.7598
73920,73980,429.39,1961.9,188.8,11257.3438
73980,74040,432.78,1961.9,189.5,10835.3076
74040,74100,430.89,1962.1,192.0,11759.6592
74100,74160,432.74,1961.5,192.4,11663.1582
74160,74220,432.08,1960.5,192.7,10536.1260
74220,74280,430.54,1959.8,181.7,9679.6719
74280,74340,430.29,1961.2,186.9,12337.9854
74340,74400,430.17,1959.5,179.4,10840.0879
74400,74460,428.64,1959.1,179.8,10177.5850
74460,74520,428.71,1958.8,177.5,9773.7773
74520,74580,428.06,1959.3,179.6,10796.3828
74580,74640,429.22,1959.5,181.1,10027.1953
74640,74700,429.36,1959.7,184.6,9965.6064
74700,74760,429.13,1959.6,178.7,9535.3066
74760,74820,429.83,1959.7,176.1,9805.3193
74820,74880,428.65,1959.0,177.1,9245.4336
74880,74940,429.57,1959.1,176.7,9387.9248
74940,75000,429.79,1959.5,180.0,9751.4404
75000,75060,433.09,1961.3,231.4,10943.3506
75060,75120,432.84,1961.0,233.0,10716.6729
75120,75180,429.81,1960.7,212.2,11629.6563
75180,75240,429.42,1959.7,186.8,10255.2959
75240,75300,430.05,1959.6,186.5,10456.2490
75300,75360,429.15,1959.7,190.6,10559.4775
75360,75420,429.57,1960.1,190.1,11026.6914
75420,75480,428.78,1959.2,184.7,10738.1787
75480,75540,429.63,1958.6,183.7,10344.9258
75540,75600,430.20,1959.9,196.0,10389.0029
75600,75660,429.79,1960.2,193.1,10963.0352
75660,75720,430.01,1959.5,184.3,10652.0654
75720,75780,428.11,1959.3,180.4,10441.1299
75780,75840,428.52,1959.6,190.0,10440.8359
75840,75900,428.18,1960.3,180.1,10664.7627
75900,75960,428.35,1959.0,175.2,10080.8145
75960,76020,428.41,1959.0,174.6,9789.3018
76020,76080,427.57,1958.7,177.8,10591.0781
76080,76140,427.43,1958.9,179.0,11085.7393
76140,76200,428.94,1958.7,177.3,9124.9922
76200,76260,429.13,1959.1,179.4,9285.7666
76260,76320,429.37,1959.2,181.4,9245.0176
76320,76380,429.47,1959.4,181.9,9420.5781
76380,76440,430.23,1959.8,187.5,9548.6113
76440,76500,430.82,1960.3,192.5,9868.6807
76500,76560,431.89,1960.8,199.4,9723.8477
76560,76620,430.01,1960.6,190.9,9896.8408
76620,76680,429.57,1960.9,187.4,9922.7539
76680,76740,429.87,1960.4,186.3,10266.4404
76740,76800,429.55,1960.4,190.0,10894.9551
76800,76860,429.43,1959.2,182.0,10064.6963
76860,76920,430.03,1958.6,183.7,9205.4395
76920,76980,432.36,1959.4,204.8,9815.3633
76980,77040,429.09,1959.1,179.8,9284.2373
77040,77100,430.48,1959.4,182.0,9991.5684
77100,77160,430.14,1959.8,198.6,11778.6357
77160,77220,428.89,1960.5,186.3,10740.4219
77220,77280,429.43,1960.5,186.3,10554.5723
77280,77340,429.76,1960.5,187.9,10868.1279
77340,77400,429.16,1960.5,192.5,10559.4531
77400,77460,429.99,1959.8,197.9,10396.3486
77460,77520,428.68,1957.9,207.2,9017.5625
77520,77580,428.70,1959.2,214.4,11345.7471
77580,77640,430.53,1958.9,204.9,9575.5488
77640,77700,432.73,1959.3,201.2,10054.1514
77700,77760,429.63,1959.0,182.0,9199.5449
77760,77820,428.99,1959.0,180.7,9120.3633
77820,77880,429.72,1959.0,182.2,8998.5664
77880,77940,429.81,1959.6,183.9,9098.5107
77940,78000,430.48,1959.9,195.3,9118.4453
78000,78060,429.53,1959.7,185.2,9087.9141
78060,78120,430.07,1959.6,193.7,9680.2119
78120,78180,430.42,1959.6,186.1,9193.3506
78180,78240,432.29,1960.1,200.0,10013.6748
78240,78300,433.03,1960.0,225.2,10871.0674
78300,78360,429.20,1959.2,188.6,10108.2129
78360,78420,429.42,1959.5,181.8,9026.3633
78420,78480,429.56,1960.6,188.6,9807.4063
78480,78540,430.93,1960.9,201.6,10199.5459
78540,78600,431.35,1960.8,198.5,9632.4746
78600,78660,431.42,1960.3,201.1,9586.8457
78660,78720,429.40,1960.9,194.8,10629.5137
78720,78780,428.80,1959.5,181.8,9528.9980
78780,78840,428.87,1959.5,178.3,9314.4873
78840,78900,429.01,1959.2,177.1,8944.1924
78900,78960,429.27,1959.8,182.3,9974.4785
78960,79020,428.75,1960.0,177.7,9332.9189
79020,79080,428.43,1960.1,177.4,9615.0322
79080,79140,427.95,1959.8,179.5,10315.0088
79140,79200,428.32,1959.8,182.3,10417.4775
79200,79260,428.27,1960.5,184.5,10117.7256
79260,79320,428.66,1959.8,181.3,9591.1494
79320,79380,428.48,1959.5,178.3,9836.7969
79380,79440,428.22,1960.1,179.7,9999.2783
79440,79500,428.40,1959.8,177.5,9963.5049
79500,79560,428.42,1959.5,175.7,9701.7393
79560,79620,428.03,1958.5,170.7,9885.6543
79620,79680,427.90,1957.9,165.2,9553.9580
79680,79740,428.44,1957.4,164.0,9429.2441
79740,79800,428.52,1957.2,166.9,9157.9609
79800,79860,428.08,1957.5,167.6,9539.0127
79860,79920,428.09,1958.1,171.5,9817.9805
79920,79980,427.18,1958.5,171.3,10945.8574
79980,80040,427.86,1958.6,171.2,10180.3379
80040,80100,427.81,1960.5,177.3,10537.0996
80100,80160,427.96,1958.9,171.1,9988.9307
80160,80220,427.39,1958.9,170.8,10549.7324
80220,80280,427.71,1958.5,167.7,10388.0156
80280,80340,427.63,1958.0,169.1,10225.4277
80340,80400,427.68,1958.9,170.8,10491.5928
80400,80460,428.34,1958.4,171.5,9676.3750
80460,80520,428.72,1958.2,172.9,9626.6445
80520,80580,428.92,1958.2,172.6,9228.7070
80580,80640,429.35,1958.5,172.6,9326.6641
80640,80700,429.44,1958.5,169.1,9345.6875
80700,80760,430.12,1958.6,174.2,9284.6660
80760,80820,429.49,1958.3,171.6,9251.8535
80820,80880,428.74,1958.1,168.4,9252.6621
80880,80940,428.57,1958.1,168.7,9504.0459
80940,81000,428.29,1958.1,168.9,9732.4082
81000,81060,428.36,1958.1,170.1,9688.7188
81060,81120,428.48,1958.0,169.7,9731.9297
81120,81180,428.49,1958.0,169.7,9599.6885
81180,81240,428.93,1958.0,170.4,9487.7266
81240,81300,429.47,1958.6,176.0,9725.5020
81300,81360,429.50,1958.2,171.6,9783.7139
81360,81420,430.06,1958.9,176.7,9848.5518
81420,81480,429.27,1958.2,168.7,9595.4434
81480,81540,429.07,1958.6,170.0,9768.5176
81540,81600,429.22,1958.5,172.4,9752.9551
81600,81660,429.19,1958.5,206.2,9723.1104
81660,81720,429.23,1959.1,184.5,10025.7451
81720,81780,429.72,1958.3,177.8,9969.6084
81780,81840,429.54,1957.9,177.8,9927.7158
81840,81900,428.38,1956.9,169.8,9587.6748
81900,81960,429.69,1958.0,192.9,9832.2275
81960,82020,428.65,1957.2,170.5,9675.7900
82020,82080,428.37,1957.5,164.2,9782.7031
82080,82140,429.56,1956.7,170.3,9540.3262
82140,82200,428.56,1956.4,161.9,9547.8682
82200,82260,428.77,1956.2,164.3,9493.8145
82260,82320,428.66,1956.2,164.8,9909.8613
82320,82380,429.11,1956.3,163.7,9800.8643
82380,82440,427.82,1955.8,158.7,9459.7920
82440,82500,427.85,1955.9,162.9,9701.7314
82500,82560,428.11,1956.3,164.5,10883.5166
82560,82620,428.97,1956.5,171.4,10860.3037
82620,82680,430.47,1957.7,177.6,9883.6357
82680,82740,429.15,1956.5,183.3,9553.0078
82740,82800,430.30,1956.8,253.3,9409.7822
82800,82860,428.91,1956.2,174.0,9774.4336
82860,82920,429.08,1956.0,170.3,9717.4990
82920,82980,429.02,1956.0,170.2,9673.6406
82980,83040,430.23,1956.1,175.8,9770.4033
83040,83100,429.92,1957.2,178.6,9547.8711
83100,83160,430.37,1957.6,181.9,9895.0420
83160,83220,429.30,1957.8,185.5,11038.9746
83220,83280,429.28,1957.1,170.3,9735.9502
83280,83340,429.24,1956.9,168.8,9555.9648
83340,83400,430.41,1957.0,178.8,9465.3965
83400,83460,429.77,1956.7,172.9,9535.9717
83460,83520,428.84,1956.0,163.4,9420.1768
83520,83580,429.21,1956.6,165.5,9997.2607
83580,83640,429.66,1956.8,168.4,9907.6055
83640,83700,428.29,1956.4,162.3,9789.0996
83700,83760,428.30,1956.6,161.4,9916.8320
83760,83820,427.89,1956.9,163.1,10588.3691
83820,83880,427.36,1957.1,160.9,10553.2627
83880,83940,426.78,1957.6,164.7,11551.1748
83940,84000,427.60,1957.4,166.5,11067.5283
84000,84060,429.27,1957.0,170.1,9921.8301
84060,84120,429.67,1957.1,171.3,9644.2344
84120,84180,428.70,1957.0,169.5,10065.7334
84180,84240,429.10,1957.1,173.5,9644.1426
84240,84300,437.25,1958.4,254.9,9619.7715
84300,84360,428.58,1956.7,165.8,9172.0088
84360,84420,428.32,1956.6,163.4,9242.6504
84420,84480,428.99,1957.3,169.5,9341.7559
84480,84540,429.26,1957.4,171.8,9376.3848
84540,84600,429.37,1957.2,169.1,9443.1973
84600,84660,428.74,1957.8,169.5,10487.4258
84660,84720,429.53,1958.5,170.9,10679.7354
84720,84780,428.25,1958.2,168.6,10563.5820
84780,84840,428.50,1958.1,170.9,10190.1172
84840,84900,428.46,1959.0,175.6,10681.4297
84900,84960,428.53,1959.9,176.3,10518.3232
84960,85020,428.46,1960.6,178.4,10833.8496
85020,85080,428.68,1961.6,180.7,10766.8984
85080,85140,429.11,1967.5,177.3,10239.1143
85140,85200,429.17,1970.7,177.1,10455.8545
85200,85260,429.11,1971.3,176.8,10837.7432
85260,85320,428.97,1969.4,175.7,10512.9414
85320,85380,429.03,1968.7,175.4,10491.7549
85380,85440,429.22,1971.5,177.3,10259.5508
85440,85500,429.40,1972.0,178.9,10569.4404
85500,85560,429.44,1970.0,181.6,10387.1631
85560,85620,429.44,1966.9,179.8,10479.1934
85620,85680,429.09,1964.1,178.6,9860.6865
85680,85740,429.17,1964.7,178.8,10024.7188
85740,85800,429.05,1963.7,175.0,9955.7910
85800,85860,429.05,1968.0,173.7,10131.8701
85860,85920,429.49,1973.8,170.2,9178.6709
85920,85980,429.05,1975.7,170.6,9288.0078
85980,86040,429.26,1974.5,169.0,9205.0986
86040,86100,429.98,1975.3,175.0,9326.7930
86100,86160,432.32,1975.4,185.5,9268.2207
86160,86220,430.09,1976.4,174.0,9611.2617
86220,86280,431.50,1976.5,182.4,9367.8682
86280,86340,429.72,1976.1,173.0,9490.5508
86340,86400,429.74,1977.0,175.0,9786.9590
