CampaignData_and_Merges/R0/CSL_MobileLab_Parked/raw/20240717/USOS-POPS_MobileLabGround_20240717_R0.ict
79, 1001
Thornberry, T. D.
NOAA Chemical Sciences Laboratory
Portable Optical Particle Spectrometer (POPS)
USOS
1, 1
2024, 07, 17, 2025, 05, 08
60
Time_Start, seconds_past_midnight, Start time of measurement
45
1, 1, 1, 1, 1, 1, 1, 1, 1, 1, 1, 1, 1, 1, 1, 1, 1, 1, 1, 1, 1, 1, 1, 1, 1, 1, 1, 1, 1, 1, 1, 1, 1, 1, 1, 1, 1, 1, 1, 1, 1, 1, 1, 1, 1
-9999, -9999, -9999, -9999, -9999, -9999, -9999, -9999, -9999, -9999, -9999, -9999, -9999, -9999, -9999, -9999, -9999, -9999, -9999, -9999, -9999, -9999, -9999, -9999, -9999, -9999, -9999, -9999, -9999, -9999, -9999, -9999, -9999, -9999, -9999, -9999, -9999, -9999, -9999, -9999, -9999, -9999, -9999, -9999, -9999
Time_Stop, seconds_past_midnight, Stop time of measurement
Time_Mid, seconds_past_midnight, Mid time of measurement
Press_mb, mb, Pressure reported (mb)
Temp_C, degrees C, POPS temperature measurement
Aerosol_concentration, cm^-3, Aerosol concentration
Surface_Area_Conc, um^2 cm^-3, Surface area concentration
Volume_density, um^3 cm^-3, Volume density
Effective_radius, um, Effective radius
Extinction, km^-1, Extinction
Bin01, cm^-3, particle concentration in size range [1401 - 146.3 nm]
Bin02, cm^-3, particle concentration in size range [146.3 - 152.8 nm]
Bin03, cm^-3, particle concentration in size range [152.8 - 159.6 nm]
Bin04, cm^-3, particle concentration in size range [159.6 - 166.8 nm]
Bin05, cm^-3, particle concentration in size range [166.8 - 174.2 nm]
Bin06, cm^-3, particle concentration in size range [174.2 - 181.9 nm]
Bin07, cm^-3, particle concentration in size range [181.9 - 190.0 nm]
Bin08, cm^-3, particle concentration in size range [190.0 - 198.5 nm]
Bin09, cm^-3, particle concentration in size range [198.5 - 207.4 nm]
Bin10, cm^-3, particle concentration in size range [207.4 - 216.6 nm]
Bin11, cm^-3, particle concentration in size range [216.6 - 226.2 nm]
Bin12, cm^-3, particle concentration in size range [226.2 - 236.3 nm]
Bin13, cm^-3, particle concentration in size range [236.3 - 246.8 nm]
Bin14, cm^-3, particle concentration in size range [246.8 - 257.8 nm]
Bin15, cm^-3, particle concentration in size range [257.8 - 269.3 nm]
Bin16, cm^-3, particle concentration in size range [269.3 - 343.4 nm]
Bin17, cm^-3, particle concentration in size range [343.4 - 450.7 nm]
Bin18, cm^-3, particle concentration in size range [450.7 - 525.9 nm]
Bin19, cm^-3, particle concentration in size range [525.9 - 618.5 nm]
Bin20, cm^-3, particle concentration in size range [618.5 - 710.0 nm]
Bin21, cm^-3, particle concentration in size range [710.0 - 822.7 nm]
Bin22, cm^-3, particle concentration in size range [822.7 - 885.9 nm]
Bin23, cm^-3, particle concentration in size range [885.9 - 953.9 nm]
Bin24, cm^-3, particle concentration in size range [953.9 - 1027.2 nm]
Bin25, cm^-3, particle concentration in size range [1027.2 - 1106.1 nm]
Bin26, cm^-3, particle concentration in size range [1106.1 - 1191.0 nm]
Bin27, cm^-3, particle concentration in size range [1191.0 - 1282.5 nm]
Bin28, cm^-3, particle concentration in size range [1282.5 - 1381.0 nm]
Bin29, cm^-3, particle concentration in size range [1381.0 - 1487.1 nm]
Bin30, cm^-3, particle concentration in size range [1487.1 - 1601.3 nm]
Bin31, cm^-3, particle concentration in size range [1601.3 - 1724.3 nm]
[...]
PLATFORM: NOAA CSL Mobile Lab
LOCATION: USOS
ASSOCIATED_DATA: N/A
INSTRUMENT_INFO: Printed Optical Particle Spectrometer counts particles from 140 - 2500 nm in diameter 
DATA_INFO: Particle concentrations reported in number per cubic centimeter,1 Hz data
UNCERTAINTY: Counting uncertainty dominated by air flow, less than 5 percent. Measurement range is ~0 - 3000 per cm3 (varies depending on flow rate- manufacturer quotes 1250 per cm3 at 1.667 cc/s)
ULOD_FLAG: -7777
ULOD_VALUE: N/A
LLOD_FLAG: -8888
LLOD_VALUE: N/A
DM_CONTACT_INFO: Troy Thornberry, 325 Broadway R/CSL6, Boulder, CO 80305; troy.thornberry@noaa.gov; 303-497-3373
PROJECT_INFO: USOS, Utah POPS data from NOAA CSL Mobile Lab
STIPULATIONS_ON_USE: Please contact the PIs for questions regarding applications and uncertainties
OTHER_COMMENTS: POPS bin Edges (nm):  140.1, 146.3, 152.8, 159.6, 166.8, 174.2, 181.9, 190.0, 198.5, 207.4, 216.6, 226.2, 236.3, 246.8, 257.8, 269.3, 343.4, 450.7, 525.9, 618.5, 710.0, 822.7, 885.9, 953.9, 1027.2, 1106.1, 1191.0, 1282.5, 1381.0, 1487.1, 1601.3, 1724.3, 1856.7, 1999.3, 2152.8, 2318.2, 2496.2
Calculations assume organic aerosol refractive index of 1.52+0.00j and extinction wavelength = 532 nm
REVISION: R0
R0: Final data
Time_Start, Time_Stop, Time_Mid, Press_mb, Temp_C, Aerosol_concentration, Surface_Area_Conc, Volume_density, Effective_radius, Extinction, Bin01, Bin02, Bin03, Bin04, Bin05, Bin06, Bin07, Bin08, Bin09, Bin10, Bin11, Bin12, Bin13, Bin14, Bin15, Bin16, Bin17, Bin18, Bin19, Bin20, Bin21, Bin22, Bin23, Bin24, Bin25, Bin26, Bin27, Bin28, Bin29, Bin30, Bin31, Bin32, Bin33, Bin34, Bin35, Bin36
[from data line 1429]
85740,85799,85770,871.530,37.941,295.359,52.351,2.567,0.146,0.016,16.251715,16.355923,15.867047,16.111391,16.131012,16.415594,16.013292,15.868715,15.568588,15.410188,14.964922,16.108084,16.259169,15.627769,12.915775,43.812878,12.038277,2.380978,0.789185,0.135515,0.073113,0.084667,0.045521,0.028176,0.033809,0.016602,0.011531,0.016861,0.005521,0.005726,0.000000,0.011338,0.000000,0.000000,0.000000,0.000000
85800,85859,85830,871.537,37.924,297.431,53.331,2.720,0.152,0.016,16.110867,16.112833,15.791225,16.098810,17.063232,16.521542,16.412991,15.973941,15.208746,14.807739,14.998393,16.256184,16.401600,15.995515,13.101569,44.725811,12.181252,2.321924,0.788997,0.111500,0.163983,0.066704,0.045280,0.011376,0.045320,0.028384,0.011375,0.011452,0.011433,0.000000,0.022528,0.005650,0.011220,0.005415,0.005726,0.000000
85860,85919,85890,871.521,37.964,299.408,53.990,2.774,0.154,0.016,16.086281,16.415770,16.153997,16.212631,16.583858,16.598150,16.160480,15.934849,15.276837,15.152197,15.073074,16.202759,16.972942,15.995134,13.331627,45.017780,12.016675,2.677053,1.024751,0.113620,0.129908,0.062604,0.045088,0.028364,0.005669,0.051012,0.017064,0.016982,0.011415,0.005612,0.000000,0.005669,0.011061,0.005557,0.005726,0.005631
85920,85979,85950,871.497,37.988,301.315,53.792,2.663,0.148,0.016,16.108063,15.739282,16.474705,17.119129,17.100979,16.933449,16.461613,16.218370,15.428670,15.349076,15.022141,15.939205,16.351706,16.120468,12.948883,46.125324,11.858007,2.524370,0.975577,0.176405,0.130173,0.039870,0.039089,0.034528,0.011240,0.011434,0.005631,0.016776,0.005845,0.005726,0.033226,0.005688,0.000000,0.000000,0.000000,0.000000
85980,86039,86010,871.476,37.893,300.174,53.845,2.680,0.149,0.016,16.161036,15.952055,16.199997,16.609655,16.498835,16.279760,15.620856,16.520041,15.361638,15.351605,15.130181,16.586769,17.131807,15.445493,13.512370,45.264900,12.558096,2.599962,0.939203,0.154262,0.085795,0.062056,0.051535,0.016917,0.016762,0.011337,0.011283,0.000000,0.000000,0.005745,0.017062,0.000000,0.005785,0.000000,0.000000,0.011629
86040,86099,86070,871.471,38.012,302.667,54.937,2.911,0.158,0.017,16.094997,16.366350,16.273340,16.804714,16.089832,16.567669,16.110224,15.745648,15.560757,15.531856,16.167397,15.906069,16.527494,16.230755,13.540535,46.415672,12.765151,2.547712,0.824765,0.206960,0.122934,0.066832,0.049646,0.022224,0.022017,0.016742,0.005376,0.005519,0.005574,0.016844,0.005708,0.010876,0.010788,0.000000,0.011022,0.016522
86100,86159,86130,871.448,37.966,302.455,54.133,2.656,0.147,0.016,16.401421,16.394741,15.876244,16.587502,17.277857,16.034327,16.053726,15.918635,16.140211,15.420428,15.865002,16.520908,16.729267,15.351368,13.117775,46.019772,12.768287,2.575412,0.927088,0.161564,0.106174,0.056215,0.061443,0.005631,0.017146,0.000000,0.033536,0.005556,0.000000,0.000000,0.017036,0.005708,0.005376,0.000000,0.000000,0.000000
86160,86219,86190,871.442,37.978,311.948,55.804,2.840,0.152,0.017,17.853363,17.768726,17.081921,17.885441,17.464649,17.053381,17.167503,16.294600,16.548439,15.767365,15.535274,15.772091,16.569525,15.990169,13.723393,46.498734,12.743488,2.706717,0.909604,0.157046,0.128116,0.066925,0.049861,0.055649,0.043848,0.005501,0.027928,0.027508,0.011399,0.005519,0.011174,0.005519,0.005787,0.005767,0.005669,0.000000
86220,86279,86250,871.423,38.015,321.130,55.638,2.722,0.146,0.016,20.626747,19.675034,18.605745,19.018393,18.529818,17.993244,17.780066,16.242277,15.942092,15.947270,16.102165,16.904430,16.989334,15.794120,13.394658,45.181679,12.359112,2.663338,0.912124,0.150366,0.096276,0.066659,0.038496,0.016367,0.011246,0.005556,0.016931,0.022024,0.005394,0.011039,0.011148,0.005519,0.011011,0.000000,0.000000,0.000000
86280,86339,86310,871.408,37.999,339.866,58.568,2.939,0.150,0.017,23.158346,22.757530,21.213728,20.469299,19.959866,18.998226,17.626671,17.517750,16.705894,16.495125,16.623884,17.372982,17.157324,16.037937,13.534133,46.881008,13.212297,2.598223,0.967658,0.186116,0.148077,0.039860,0.039238,0.011362,0.039797,0.005805,0.000000,0.028715,0.028613,0.011433,0.011263,0.000000,0.016913,0.000000,0.005745,0.005503
86340,86399,86370,871.423,38.063,339.384,57.879,2.843,0.147,0.017,23.909756,22.239820,20.976339,20.461441,20.797937,18.619537,18.413614,17.229788,16.740334,16.408913,15.309376,16.927027,17.307478,16.542316,13.526789,47.325184,12.904874,2.439951,0.844816,0.117532,0.127971,0.022441,0.039465,0.016725,0.044998,0.017106,0.016897,0.011210,0.016655,0.000000,0.000000,0.000000,0.005631,0.011067,0.005631,0.005650
