CampaignData_and_Merges/R0/CSL_MobileLab_Parked/raw/20240717/USOS-NOAAIodideCIMS-HCOOH_MobileLabGround_20240717_RA.ict
34, 1001
Michael A Robinson, Chris Jernigan, Subi Thakali
NOAA ESRL Chemical Sciences Laboratory and CIRES, U. of Colorado
NOAA Iodide CIMS Instrument
USOS
1, 1
2024, 07, 17, 2024, 07, 18
0
starttime_UTC, seconds_past_midnight, seconds_of_day_since_00:00:00_UTC
1
1
-9999
HCOOH_NOAACIMS, pptv, Gas_HCOOH_InSitu_S_AVMR
1
N/A
18
PI_CONTACT_INFO: 325 Broadway, R/CSD 7, Boulder, Colorado 80305; michael.a.robinson@noaa.gov; chris.jernigan@noaa.gov;
PLATFORM: NOAA CSL Mobile Lab
LOCATION: SLC, Utah
ASSOCIATED_DATA: 1Hz data also available on request.
INSTRUMENT_INFO: NOAA I- ToF CIMS
DATA_INFO: Units: pptv
UNCERTAINTY: tbd
ULOD_FLAG: -7777
ULOD_VALUE: N/A
LLOD_FLAG: -8888
LLOD_VALUE: N/A
DM_CONTACT_INFO: Nathan Howard; nathan.h.howard@noaa.gov
PROJECT_INFO: USOS, summer 2024. https://csl.noaa.gov/groups/csl7/measurements/2024usos/
STIPULATIONS_ON_USE: only the USOS science team is allowed to use this data
OTHER_COMMENTS: Field data; Data are averaged to 1 minute intervals. Stationary data collected from a 10 ft tower on top of the mobile lab
REVISION: RA
RA: Preliminary Data; For in-field use only
starttime_UTC, HCOOH_NOAACIMS
[from data line 1076]
64560,2418.108
64620,2291.453
64680,2301.799
64740,2385.682
64800,4192.434
64860,2962.086
64920,2763.171
64980,2546.905
65040,2446.334
65100,2477.537
65160,2384.420
65220,2386.108
65280,2389.958
65340,2412.454
65400,2471.103
65460,2634.060
65520,2766.510
65580,2639.253
65640,2513.636
65700,2553.526
65760,2750.080
65820,2655.021
65880,2515.091
65940,2515.254
66000,2540.111
66060,2911.671
66120,2630.878
66180,2792.419
66240,2629.967
66300,2796.555
66360,2673.721
66420,2593.000
66480,2439.713
66540,2484.072
66600,-9999.000
66660,-9999.000
66720,-9999.000
66780,-9999.000
66840,2430.951
66900,2492.245
66960,2420.413
67020,2507.701
67080,2495.672
67140,2436.737
67200,2323.642
67260,2457.999
67320,2503.392
67380,2436.625
67440,2377.041
67500,2329.746
67560,2293.354
67620,2396.499
67680,2369.675
67740,2217.818
67800,2218.979
67860,2204.470
67920,2128.120
67980,2194.437
68040,2174.840
68100,2163.127
68160,2203.009
68220,2191.338
68280,2208.391
68340,2252.047
68400,-9999.000
68460,-9999.000
68520,-9999.000
68580,-9999.000
68640,-9999.000
68700,2236.185
68760,2208.824
68820,2243.075
68880,2248.284
68940,2214.209
69000,2413.232
69060,2563.280
69120,2432.740
69180,2494.194
69240,2307.343
69300,2433.959
69360,2333.451
69420,2372.679
69480,2495.090
69540,2199.978
69600,2207.419
69660,2252.049
69720,2281.148
69780,2139.375
69840,2205.105
69900,2070.221
69960,2156.392
70020,2400.119
70080,2579.494
70140,2468.702
70200,-9999.000
70260,-9999.000
70320,-9999.000
70380,-9999.000
70440,-9999.000
70500,2390.184
70560,2235.466
70620,2252.510
70680,2278.933
70740,2204.048
70800,2130.390
70860,2000.266
70920,2220.052
70980,2333.059
71040,2420.564
71100,2433.632
71160,2424.410
71220,2564.081
71280,2481.097
71340,2296.735
71400,2295.687
71460,2369.091
71520,2287.307
71580,2454.170
71640,2502.456
71700,2349.489
71760,2283.713
71820,2161.805
71880,2195.660
71940,2031.484
72000,2081.784
72060,2075.803
72120,2172.775
72180,1837.283
72240,2221.616
72300,2153.828
72360,2165.964
72420,2306.719
72480,2517.294
72540,2600.529
72600,2590.394
72660,2404.481
72720,2286.087
72780,2313.078
72840,2318.426
72900,2157.393
72960,2309.199
73020,2029.304
73080,2067.026
73140,2189.352
73200,2272.497
73260,2312.349
73320,2415.973
73380,2159.025
73440,2268.566
73500,2549.465
73560,2321.088
73620,2244.933
73680,2342.789
73740,2277.156
73800,2095.021
73860,2045.092
73920,2056.320
73980,2044.809
74040,1751.945
74100,2216.597
74160,2010.352
74220,1842.387
74280,2073.449
74340,1969.685
74400,1826.993
74460,1803.552
74520,1764.783
74580,1780.589
74640,1796.260
74700,1768.212
74760,1714.844
74820,1751.108
74880,1675.870
74940,1759.824
75000,1731.526
75060,1786.058
75120,1844.639
75180,1817.511
75240,1717.188
75300,1804.102
75360,1876.361
75420,1873.646
75480,1734.400
75540,1729.767
75600,1821.351
75660,-9999.000
75720,-9999.000
75780,-9999.000
75840,-9999.000
75900,-9999.000
75960,-9999.000
76020,-9999.000
76080,-9999.000
76140,1602.402
76200,1633.907
76260,1634.980
76320,1677.495
76380,1678.304
76440,1766.148
76500,1903.753
76560,1795.272
76620,1751.182
76680,1691.363
76740,1794.567
76800,1639.784
76860,1579.546
76920,1585.338
76980,1531.528
77040,1611.256
77100,1677.287
77160,1758.200
77220,1824.975
77280,1786.544
77340,1757.416
77400,1606.922
77460,1487.835
77520,1463.327
77580,1559.842
77640,-9999.000
77700,-9999.000
77760,-9999.000
77820,-9999.000
77880,-9999.000
77940,1511.527
78000,1475.284
78060,1488.406
78120,1432.433
78180,1514.893
78240,1480.533
78300,1442.677
78360,1403.669
78420,1516.628
78480,1698.085
78540,1595.115
78600,1718.411
78660,1626.997
78720,1736.362
78780,1648.942
78840,1503.998
78900,1625.473
78960,1597.627
79020,1551.007
79080,1616.564
79140,1755.883
79200,1644.229
79260,1594.697
79320,1608.649
79380,1598.739
79440,1657.273
79500,1616.851
79560,1311.008
79620,1482.648
79680,1395.733
79740,1419.087
79800,1681.855
79860,1638.301
79920,1654.646
79980,1554.310
80040,1780.807
80100,1572.324
80160,1583.495
80220,1653.796
80280,1636.074
80340,1708.389
80400,1640.343
80460,1652.821
80520,1527.194
80580,1433.451
80640,1423.422
80700,1424.054
80760,1430.457
80820,1310.014
80880,1359.317
80940,1281.445
81000,1342.606
81060,1315.118
81120,1291.078
81180,1315.924
81240,1379.228
81300,-9999.000
81360,-9999.000
81420,-9999.000
81480,-9999.000
81540,-9999.000
81600,-9999.000
81660,1284.293
81720,1296.789
81780,1295.579
81840,1192.960
81900,1260.033
81960,1224.342
82020,1189.643
82080,1249.426
82140,1145.939
82200,1178.325
82260,1167.657
82320,1258.855
82380,1113.428
82440,1088.124
82500,1089.470
82560,1227.703
82620,1284.372
82680,1160.294
82740,1122.797
82800,1100.571
82860,1208.395
82920,1303.776
82980,1227.554
83040,1247.504
83100,1215.495
83160,1171.186
83220,1328.318
83280,970.442
83340,1142.356
83400,1122.212
83460,1024.292
83520,995.844
83580,1112.589
83640,1145.706
83700,1038.556
83760,1167.751
83820,1144.413
83880,1220.486
83940,1192.672
84000,1104.212
84060,1165.342
84120,1071.551
84180,1026.768
84240,1006.286
84300,979.146
84360,956.664
84420,1014.553
84480,1023.487
84540,1069.819
84600,1158.121
84660,1254.539
84720,1219.535
84780,1092.640
84840,1207.620
84900,1139.690
84960,1142.064
85020,1195.744
85080,-9999.000
85140,971.510
85200,1200.355
85260,1176.710
85320,1177.917
85380,1057.927
85440,1188.980
85500,1132.790
85560,1134.917
85620,1120.393
85680,1072.174
85740,1049.048
85800,1094.432
85860,964.957
85920,968.191
85980,992.036
86040,951.750
86100,1037.583
86160,1081.434
86220,1076.709
86280,1068.311
86340,1064.877
