CampaignData_and_Merges/R0/CSL_MobileLab_Parked/raw/20240717/USOS-jNO2_MobileLabGround_20240717_R0.ict
52,1001
Waxman, E.; Rollins, A.; Zuraski, K.; Chace, W.
NOAA Chemical Sciences Laboratory
jNO2 filter radiometer on CSL Mobile Lab
AMMBEC / USOS
1, 1
2024,07,17, 2025,04,01
60
Time_Start, seconds, number_of_seconds_since_0000_UTC
20
1, 1, 1, 1, 1, 1, 1, 1, 1, 1, 1, 1, 1, 1, 1, 1, 1, 1, 1, 1
-9999, -9999, -9999, -9999, -9999, -9999, -9999, -9999, -9999, -9999, -9999, -9999, -9999, -9999, -9999, -9999, -9999, -9999, -9999, -9999
Time_Stop, seconds, number_of_seconds_since_0000_UTC
jNO2_meas, per second, photolysis rate of NO2 measured using a filter radiometer.
jBrCl, per second, photolysis rate of BrCl -> Br + Cl calculated in TUV for cloud-free sky with local AOD
jBr2, per second, photolysis rate of Br2 -> Br + Br calculated in TUV for cloud-free sky with local AOD
jCCl4, per second, photolysis rate of CCl4 -> Products calcualted in TUV for cloud-free sky with local AOD
jCH2Oa, per second, photolysis rate of CH2O -> H + HCO calculated in TUV for cloud-free sky with local AOD
jCH2Ob, per second, photolysis rate of CH2O -> H2 + CO calculated in TUV for cloud-free sky with local AOD
jClNO2, per second, photolysis rate of ClNO2 -> Cl + NO2 calculated in TUV for cloud-free sky with local AOD
jClOa, per second, photolysis rate of ClO -> Cl + O(1D) calculated in TUV for cloud-free sky with local AOD
jClOb, per second, photolysis rate of ClO -> Cl + O(3P) calculated in TUV for cloud-free sky with local AOD
jCl2, per second, photolysis rate of Cl2 -> Cl + Cl calculated in TUV for cloud-free sky with local AOD
jHNO2, per second, photolysis rate of HNO2 -> OH + NO calculated in TUV for cloud-free sky with local AOD
jHNO3, per second, photolysis rate of HNO3 -> OH + NO2 calculated in TUV for cloud-free sky with local AOD
jI2, per second, photolysis rate of I2 -> I + I calculated in TUV for cloud-free sky with local AOD
jNO2, per second, photolysis rate of NO2 -> NO + O(3P) calculated in TUV for cloud-free sky with local AOD
jNO3a, per second, photolysis rate of NO3 -> NO + O2 calculated in TUV for cloud-free sky with local AOD
jNO3b, per second, photolysis rate of NO3 -> NO2 + O(3P) calculated in TUV for cloud-free sky with local AOD
jN2O5, per second, photolysis rate of N2O5 -> NO3 + NO + O(3P) calculated in TUV for cloud-free sky with local AOD
jO3, per second, photolysis rate of O3 -> O2 + O(1D) calculated in TUV for cloud-free sky with local AOD
AOD_500nm, unitless, UTC daily mean AOD at 500 nm from an AERONET station located at 40.178 N, -112.452 E
0
18
PI_CONTACT_INFO: eleanor.waxman@noaa.gov
PLATFORM: CSL Mobile Lab, at ground site
LOCATION: Salt Lake City, UT
ASSOCIATED_DATA:
INSTRUMENT_INFO: jNO2 filter radiometer.  TUV calculations are for mobile van lat/lon/altitude assuming clear sky (cloud AOD = 0) and daily mean AOD.
DATA_INFO:
UNCERTAINTY: Data uncertainties are +/- 20%.  These come from uncertainties in radiometer angular response, radiometer thermal response, local interferences from clouds/aerosols/shadows etc.
ULOD_FLAG: -7777
ULOD_VALUE: N/A
LLOD_FLAG: -8888
LLOD_VALUE: N/A
DM_CONTACT_INFO: eleanor.waxman@noaa.gov
PROJECT_INFO: USOS Project, July - August 2024
STIPULATIONS_ON_USE: Users are strongly encouraged to contact the PI for proper data usage.
OTHER_COMMENTS: 
REVISION: R0
R0: final data
Time_Start, Time_Stop, jNO2_meas, jBrCl, jBr2, jCCl4, jCH2Oa, jCH2Ob, jClNO2, jClOa, jClOb, jCl2, jHNO2, jHNO3, jI2, jNO2, jNO3a, jNO3b, jN2O5, jO3, AOD_500nm
[from data line 1115]
   66900,   66960,0.008807,0.01049,0.0315,1.114e-21,3.283e-05,4.807e-05,0.0004739,5.442e-22,5.083e-05,0.002295,0.001489,6.061e-07,0.1115,0.009101,0.02142,0.1722,4.28e-05,3.355e-05,0.18
   66960,   67020,0.0088178,0.0105,0.0315,1.146e-21,3.285e-05,4.81e-05,0.0004742,5.597e-22,5.091e-05,0.002296,0.001489,6.069e-07,0.1115,0.009104,0.02142,0.1722,4.283e-05,3.361e-05,0.18
   67020,   67080,0.0088274,0.0105,0.03151,1.177e-21,3.288e-05,4.813e-05,0.0004744,5.752e-22,5.1e-05,0.002298,0.00149,6.076e-07,0.1115,0.009108,0.02142,0.1722,4.286e-05,3.367e-05,0.18
   67080,   67140,0.008841,0.0105,0.03151,1.208e-21,3.291e-05,4.816e-05,0.0004747,5.9e-22,5.108e-05,0.002299,0.00149,6.083e-07,0.1115,0.009111,0.02142,0.1722,4.289e-05,3.373e-05,0.18
   67140,   67200,0.0088468,0.0105,0.03152,1.24e-21,3.294e-05,4.818e-05,0.000475,6.059e-22,5.116e-05,0.0023,0.001491,6.09e-07,0.1115,0.009114,0.02142,0.1723,4.292e-05,3.378e-05,0.18
   67200,   67260,0.0088488,0.01051,0.03152,1.272e-21,3.296e-05,4.821e-05,0.0004753,6.218e-22,5.124e-05,0.002301,0.001492,6.097e-07,0.1115,0.009117,0.02142,0.1723,4.295e-05,3.384e-05,0.18
   67260,   67320,0.0088585,0.01051,0.03153,1.303e-21,3.299e-05,4.824e-05,0.0004755,6.369e-22,5.131e-05,0.002302,0.001492,6.103e-07,0.1115,0.00912,0.02143,0.1723,4.298e-05,3.389e-05,0.18
   67320,   67380,0.0088733,0.01051,0.03154,1.335e-21,3.301e-05,4.826e-05,0.0004758,6.53e-22,5.139e-05,0.002303,0.001493,6.11e-07,0.1116,0.009123,0.02143,0.1723,4.301e-05,3.394e-05,0.18
   67380,   67440,0.0088891,0.01051,0.03154,1.368e-21,3.304e-05,4.829e-05,0.000476,6.69e-22,5.146e-05,0.002304,0.001493,6.117e-07,0.1116,0.009126,0.02143,0.1723,4.303e-05,3.399e-05,0.18
   67440,   67500,0.0088848,0.01052,0.03155,1.399e-21,3.306e-05,4.832e-05,0.0004763,6.842e-22,5.153e-05,0.002305,0.001494,6.123e-07,0.1116,0.009129,0.02143,0.1723,4.306e-05,3.404e-05,0.18
   67500,   67560,0.0088785,0.01052,0.03155,1.432e-21,3.309e-05,4.834e-05,0.0004765,7.004e-22,5.161e-05,0.002305,0.001494,6.129e-07,0.1116,0.009132,0.02143,0.1724,4.308e-05,3.409e-05,0.18
   67560,   67620,0.0088923,0.01052,0.03156,1.464e-21,3.311e-05,4.836e-05,0.0004768,7.166e-22,5.168e-05,0.002306,0.001495,6.135e-07,0.1116,0.009135,0.02143,0.1724,4.311e-05,3.414e-05,0.18
   67620,   67680,0.0089044,0.01052,0.03156,1.495e-21,3.313e-05,4.839e-05,0.000477,7.318e-22,5.174e-05,0.002307,0.001495,6.141e-07,0.1116,0.009137,0.02144,0.1724,4.313e-05,3.419e-05,0.18
   67680,   67740,0.0089085,0.01052,0.03156,1.528e-21,3.315e-05,4.841e-05,0.0004772,7.478e-22,5.181e-05,0.002308,0.001496,6.147e-07,0.1116,0.00914,0.02144,0.1724,4.316e-05,3.423e-05,0.18
   67740,   67800,0.0089125,0.01053,0.03157,1.56e-21,3.318e-05,4.843e-05,0.0004774,7.639e-22,5.188e-05,0.002309,0.001496,6.152e-07,0.1116,0.009143,0.02144,0.1724,4.318e-05,3.428e-05,0.18
   67800,   67860,0.0089193,0.01053,0.03157,1.591e-21,3.32e-05,4.845e-05,0.0004777,7.79e-22,5.194e-05,0.00231,0.001497,6.158e-07,0.1116,0.009145,0.02144,0.1724,4.32e-05,3.432e-05,0.18
   67860,   67920,0.0089286,0.01053,0.03158,1.623e-21,3.322e-05,4.848e-05,0.0004779,7.949e-22,5.2e-05,0.002311,0.001497,6.163e-07,0.1117,0.009147,0.02144,0.1724,4.323e-05,3.436e-05,0.18
   67920,   67980,0.0089283,0.01053,0.03158,1.655e-21,3.324e-05,4.85e-05,0.0004781,8.107e-22,5.206e-05,0.002311,0.001497,6.169e-07,0.1117,0.00915,0.02144,0.1725,4.325e-05,3.441e-05,0.18
   67980,   68040,0.0089291,0.01053,0.03158,1.685e-21,3.326e-05,4.852e-05,0.0004783,8.255e-22,5.212e-05,0.002312,0.001498,6.174e-07,0.1117,0.009152,0.02144,0.1725,4.327e-05,3.444e-05,0.18
   68040,   68100,0.0089372,0.01054,0.03159,1.716e-21,3.327e-05,4.854e-05,0.0004785,8.41e-22,5.218e-05,0.002313,0.001498,6.179e-07,0.1117,0.009154,0.02144,0.1725,4.329e-05,3.448e-05,0.18
   68100,   68160,0.0089299,0.01054,0.03159,1.748e-21,3.329e-05,4.856e-05,0.0004787,8.564e-22,5.224e-05,0.002314,0.001499,6.184e-07,0.1117,0.009157,0.02145,0.1725,4.331e-05,3.452e-05,0.18
   68160,   68220,0.008942,0.01054,0.0316,1.777e-21,3.331e-05,4.857e-05,0.0004788,8.708e-22,5.229e-05,0.002314,0.001499,6.188e-07,0.1117,0.009159,0.02145,0.1725,4.333e-05,3.456e-05,0.18
   68220,   68280,0.0089441,0.01054,0.0316,1.807e-21,3.333e-05,4.859e-05,0.000479,8.858e-22,5.234e-05,0.002315,0.001499,6.193e-07,0.1117,0.009161,0.02145,0.1725,4.335e-05,3.46e-05,0.18
   68280,   68340,0.0089403,0.01054,0.0316,1.837e-21,3.335e-05,4.861e-05,0.0004792,9.007e-22,5.239e-05,0.002316,0.0015,6.197e-07,0.1117,0.009163,0.02145,0.1725,4.337e-05,3.463e-05,0.18
   68340,   68400,0.008943,0.01055,0.03161,1.865e-21,3.336e-05,4.863e-05,0.0004793,9.145e-22,5.244e-05,0.002316,0.0015,6.201e-07,0.1117,0.009165,0.02145,0.1725,4.338e-05,3.467e-05,0.18
   68400,   68460,0.0089466,0.01055,0.03161,1.894e-21,3.338e-05,4.864e-05,0.0004795,9.287e-22,5.249e-05,0.002317,0.0015,6.206e-07,0.1117,0.009166,0.02145,0.1725,4.34e-05,3.47e-05,0.18
   68460,   68520,0.0089597,0.01055,0.03161,1.923e-21,3.339e-05,4.866e-05,0.0004797,9.428e-22,5.254e-05,0.002317,0.001501,6.21e-07,0.1117,0.009168,0.02145,0.1726,4.342e-05,3.473e-05,0.18
   68520,   68580,0.0089667,0.01055,0.03162,1.949e-21,3.341e-05,4.867e-05,0.0004798,9.559e-22,5.258e-05,0.002318,0.001501,6.214e-07,0.1117,0.00917,0.02145,0.1726,4.343e-05,3.476e-05,0.18
   68580,   68640,0.0089704,0.01055,0.03162,1.977e-21,3.342e-05,4.869e-05,0.00048,9.694e-22,5.263e-05,0.002318,0.001501,6.217e-07,0.1118,0.009172,0.02145,0.1726,4.345e-05,3.479e-05,0.18
   68640,   68700,0.0089676,0.01055,0.03162,2.003e-21,3.344e-05,4.87e-05,0.0004801,9.827e-22,5.267e-05,0.002319,0.001502,6.221e-07,0.1118,0.009173,0.02145,0.1726,4.347e-05,3.482e-05,0.18
   68700,   68760,0.0089695,0.01055,0.03162,2.028e-21,3.345e-05,4.872e-05,0.0004802,9.947e-22,5.271e-05,0.002319,0.001502,6.224e-07,0.1118,0.009175,0.02146,0.1726,4.348e-05,3.485e-05,0.18
   68760,   68820,0.0089731,0.01055,0.03163,2.053e-21,3.346e-05,4.873e-05,0.0004804,1.007e-21,5.275e-05,0.00232,0.001502,6.228e-07,0.1118,0.009176,0.02146,0.1726,4.349e-05,3.488e-05,0.18
   68820,   68880,0.0089757,0.01056,0.03163,2.078e-21,3.347e-05,4.874e-05,0.0004805,1.019e-21,5.279e-05,0.00232,0.001503,6.231e-07,0.1118,0.009178,0.02146,0.1726,4.351e-05,3.49e-05,0.18
   68880,   68940,0.008968,0.01056,0.03163,2.1e-21,3.348e-05,4.875e-05,0.0004806,1.031e-21,5.282e-05,0.002321,0.001503,6.234e-07,0.1118,0.009179,0.02146,0.1726,4.352e-05,3.493e-05,0.18
   68940,   69000,0.0089699,0.01056,0.03163,2.123e-21,3.35e-05,4.877e-05,0.0004807,1.042e-21,5.285e-05,0.002321,0.001503,6.237e-07,0.1118,0.00918,0.02146,0.1726,4.353e-05,3.495e-05,0.18
   69000,   69060,0.0089606,0.01056,0.03164,2.146e-21,3.351e-05,4.878e-05,0.0004808,1.053e-21,5.289e-05,0.002322,0.001503,6.24e-07,0.1118,0.009182,0.02146,0.1726,4.354e-05,3.497e-05,0.18
   69060,   69120,0.0089777,0.01056,0.03164,2.165e-21,3.352e-05,4.879e-05,0.0004809,1.063e-21,5.292e-05,0.002322,0.001503,6.243e-07,0.1118,0.009183,0.02146,0.1726,4.355e-05,3.499e-05,0.18
   69120,   69180,0.0089776,0.01056,0.03164,2.186e-21,3.353e-05,4.88e-05,0.000481,1.073e-21,5.295e-05,0.002322,0.001504,6.245e-07,0.1118,0.009184,0.02146,0.1726,4.356e-05,3.502e-05,0.18
   69180,   69240,0.0089774,0.01056,0.03164,2.205e-21,3.354e-05,4.881e-05,0.0004811,1.083e-21,5.298e-05,0.002323,0.001504,6.248e-07,0.1118,0.009185,0.02146,0.1726,4.357e-05,3.503e-05,0.18
   69240,   69300,0.0089771,0.01056,0.03164,2.223e-21,3.354e-05,4.882e-05,0.0004812,1.091e-21,5.3e-05,0.002323,0.001504,6.25e-07,0.1118,0.009186,0.02146,0.1726,4.358e-05,3.505e-05,0.18
   69300,   69360,0.0089776,0.01056,0.03164,2.241e-21,3.355e-05,4.882e-05,0.0004813,1.1e-21,5.303e-05,0.002323,0.001504,6.252e-07,0.1118,0.009187,0.02146,0.1727,4.359e-05,3.507e-05,0.18
   69360,   69420,0.0089702,0.01056,0.03165,2.257e-21,3.356e-05,4.883e-05,0.0004814,1.108e-21,5.305e-05,0.002324,0.001504,6.254e-07,0.1118,0.009188,0.02146,0.1727,4.36e-05,3.509e-05,0.18
   69420,   69480,0.0089781,0.01057,0.03165,2.272e-21,3.357e-05,4.884e-05,0.0004814,1.115e-21,5.307e-05,0.002324,0.001505,6.256e-07,0.1118,0.009189,0.02146,0.1727,4.361e-05,3.51e-05,0.18
   69480,   69540,0.0089908,0.01057,0.03165,2.286e-21,3.357e-05,4.885e-05,0.0004815,1.122e-21,5.309e-05,0.002324,0.001505,6.257e-07,0.1118,0.009189,0.02146,0.1727,4.362e-05,3.511e-05,0.18
   69540,   69600,0.009,0.01057,0.03165,2.3e-21,3.358e-05,4.885e-05,0.0004816,1.129e-21,5.311e-05,0.002325,0.001505,6.259e-07,0.1118,0.00919,0.02146,0.1727,4.362e-05,3.513e-05,0.18
   69600,   69660,0.0090023,0.01057,0.03165,2.312e-21,3.358e-05,4.886e-05,0.0004816,1.135e-21,5.313e-05,0.002325,0.001505,6.261e-07,0.1118,0.009191,0.02146,0.1727,4.363e-05,3.514e-05,0.18
   69660,   69720,0.0090094,0.01057,0.03165,2.323e-21,3.359e-05,4.886e-05,0.0004817,1.141e-21,5.314e-05,0.002325,0.001505,6.262e-07,0.1118,0.009191,0.02146,0.1727,4.363e-05,3.515e-05,0.18
   69720,   69780,0.0090102,0.01057,0.03165,2.333e-21,3.359e-05,4.887e-05,0.0004817,1.145e-21,5.316e-05,0.002325,0.001505,6.263e-07,0.1118,0.009192,0.02146,0.1727,4.364e-05,3.516e-05,0.18
   69780,   69840,0.0090068,0.01057,0.03165,2.341e-21,3.36e-05,4.887e-05,0.0004818,1.15e-21,5.317e-05,0.002325,0.001505,6.264e-07,0.1118,0.009192,0.02146,0.1727,4.364e-05,3.517e-05,0.18
   69840,   69900,0.0090098,0.01057,0.03165,2.349e-21,3.36e-05,4.888e-05,0.0004818,1.154e-21,5.318e-05,0.002325,0.001505,6.265e-07,0.1118,0.009193,0.02146,0.1727,4.365e-05,3.518e-05,0.18
   69900,   69960,0.0090097,0.01057,0.03165,2.356e-21,3.36e-05,4.888e-05,0.0004818,1.157e-21,5.319e-05,0.002325,0.001505,6.266e-07,0.1118,0.009193,0.02146,0.1727,4.365e-05,3.518e-05,0.18
   69960,   70020,0.0090031,0.01057,0.03165,2.361e-21,3.361e-05,4.888e-05,0.0004819,1.16e-21,5.32e-05,0.002326,0.001505,6.266e-07,0.1118,0.009193,0.02146,0.1727,4.365e-05,3.519e-05,0.18
   70020,   70080,0.0089977,0.01057,0.03166,2.366e-21,3.361e-05,4.888e-05,0.0004819,1.162e-21,5.32e-05,0.002326,0.001505,6.267e-07,0.1118,0.009194,0.02147,0.1727,4.365e-05,3.519e-05,0.18
   70080,   70140,0.0090059,0.01057,0.03166,2.369e-21,3.361e-05,4.888e-05,0.0004819,1.163e-21,5.321e-05,0.002326,0.001505,6.267e-07,0.1118,0.009194,0.02146,0.1727,4.366e-05,3.519e-05,0.18
   70140,   70200,0.0090062,0.01057,0.03166,2.371e-21,3.361e-05,4.889e-05,0.0004819,1.164e-21,5.321e-05,0.002326,0.001505,6.268e-07,0.1118,0.009194,0.02147,0.1727,4.366e-05,3.52e-05,0.18
   70200,   70260,0.0089971,0.01057,0.03166,2.372e-21,3.361e-05,4.889e-05,0.0004819,1.165e-21,5.321e-05,0.002326,0.001505,6.268e-07,0.1118,0.009194,0.02147,0.1727,4.366e-05,3.52e-05,0.18
   70260,   70320,0.0089885,0.01057,0.03166,2.371e-21,3.361e-05,4.889e-05,0.0004819,1.165e-21,5.321e-05,0.002326,0.001505,6.268e-07,0.1118,0.009194,0.02147,0.1727,4.366e-05,3.52e-05,0.18
   70320,   70380,0.008991,0.01057,0.03166,2.37e-21,3.361e-05,4.889e-05,0.0004819,1.164e-21,5.321e-05,0.002326,0.001505,6.267e-07,0.1118,0.009194,0.02147,0.1727,4.366e-05,3.519e-05,0.18
   70380,   70440,0.0090196,0.01057,0.03166,2.367e-21,3.361e-05,4.888e-05,0.0004819,1.162e-21,5.32e-05,0.002326,0.001505,6.267e-07,0.1118,0.009194,0.02147,0.1727,4.366e-05,3.519e-05,0.18
   70440,   70500,0.0090292,0.01057,0.03165,2.363e-21,3.361e-05,4.888e-05,0.0004819,1.16e-21,5.32e-05,0.002326,0.001505,6.267e-07,0.1118,0.009193,0.02147,0.1727,4.365e-05,3.519e-05,0.18
   70500,   70560,0.0090214,0.01057,0.03165,2.358e-21,3.361e-05,4.888e-05,0.0004818,1.158e-21,5.319e-05,0.002326,0.001505,6.266e-07,0.1118,0.009193,0.02146,0.1727,4.365e-05,3.518e-05,0.18
   70560,   70620,0.009043,0.01057,0.03165,2.352e-21,3.36e-05,4.888e-05,0.0004818,1.155e-21,5.318e-05,0.002325,0.001505,6.265e-07,0.1118,0.009193,0.02146,0.1727,4.365e-05,3.518e-05,0.18
   70620,   70680,0.0090224,0.01057,0.03165,2.345e-21,3.36e-05,4.887e-05,0.0004818,1.151e-21,5.317e-05,0.002325,0.001505,6.265e-07,0.1118,0.009193,0.02146,0.1727,4.364e-05,3.517e-05,0.18
   70680,   70740,0.0090053,0.01057,0.03165,2.337e-21,3.36e-05,4.887e-05,0.0004817,1.147e-21,5.316e-05,0.002325,0.001505,6.264e-07,0.1118,0.009192,0.02146,0.1727,4.364e-05,3.516e-05,0.18
   70740,   70800,0.0089887,0.01057,0.03165,2.327e-21,3.359e-05,4.887e-05,0.0004817,1.143e-21,5.315e-05,0.002325,0.001505,6.262e-07,0.1118,0.009192,0.02146,0.1727,4.364e-05,3.515e-05,0.18
   70800,   70860,0.0089405,0.01057,0.03165,2.316e-21,3.359e-05,4.886e-05,0.0004817,1.137e-21,5.313e-05,0.002325,0.001505,6.261e-07,0.1118,0.009191,0.02146,0.1727,4.363e-05,3.514e-05,0.18
   70860,   70920,0.0089247,0.01057,0.03165,2.305e-21,3.358e-05,4.886e-05,0.0004816,1.132e-21,5.312e-05,0.002325,0.001505,6.26e-07,0.1118,0.00919,0.02146,0.1727,4.362e-05,3.513e-05,0.18
   70920,   70980,0.0089118,0.01057,0.03165,2.292e-21,3.358e-05,4.885e-05,0.0004815,1.125e-21,5.31e-05,0.002324,0.001505,6.258e-07,0.1118,0.00919,0.02146,0.1727,4.362e-05,3.512e-05,0.18
   70980,   71040,0.0089233,0.01057,0.03165,2.278e-21,3.357e-05,4.884e-05,0.0004815,1.118e-21,5.308e-05,0.002324,0.001505,6.257e-07,0.1118,0.009189,0.02146,0.1727,4.361e-05,3.511e-05,0.18
   71040,   71100,0.0089443,0.01056,0.03165,2.264e-21,3.356e-05,4.884e-05,0.0004814,1.111e-21,5.306e-05,0.002324,0.001504,6.255e-07,0.1118,0.009188,0.02146,0.1727,4.36e-05,3.509e-05,0.18
   71100,   71160,0.0089619,0.01056,0.03164,2.247e-21,3.356e-05,4.883e-05,0.0004813,1.103e-21,5.304e-05,0.002324,0.001504,6.253e-07,0.1118,0.009187,0.02146,0.1727,4.36e-05,3.508e-05,0.18
   71160,   71220,0.0089568,0.01056,0.03164,2.23e-21,3.355e-05,4.882e-05,0.0004813,1.095e-21,5.301e-05,0.002323,0.001504,6.251e-07,0.1118,0.009186,0.02146,0.1727,4.359e-05,3.506e-05,0.18
   71220,   71280,0.0089351,0.01056,0.03164,2.213e-21,3.354e-05,4.881e-05,0.0004812,1.086e-21,5.299e-05,0.002323,0.001504,6.249e-07,0.1118,0.009186,0.02146,0.1726,4.358e-05,3.504e-05,0.18
   71280,   71340,0.0089114,0.01056,0.03164,2.194e-21,3.353e-05,4.88e-05,0.0004811,1.077e-21,5.296e-05,0.002323,0.001504,6.246e-07,0.1118,0.009184,0.02146,0.1726,4.357e-05,3.502e-05,0.18
   71340,   71400,0.0089097,0.01056,0.03164,2.174e-21,3.352e-05,4.879e-05,0.000481,1.067e-21,5.293e-05,0.002322,0.001504,6.244e-07,0.1118,0.009183,0.02146,0.1726,4.356e-05,3.5e-05,0.18
   71400,   71460,0.008917,0.01056,0.03164,2.154e-21,3.351e-05,4.878e-05,0.0004809,1.057e-21,5.29e-05,0.002322,0.001503,6.241e-07,0.1118,0.009182,0.02146,0.1726,4.355e-05,3.498e-05,0.18
   71460,   71520,0.0089032,0.01056,0.03163,2.132e-21,3.35e-05,4.877e-05,0.0004808,1.046e-21,5.287e-05,0.002321,0.001503,6.238e-07,0.1118,0.009181,0.02146,0.1726,4.354e-05,3.496e-05,0.18
   71520,   71580,0.008904,0.01056,0.03163,2.109e-21,3.349e-05,4.876e-05,0.0004807,1.035e-21,5.283e-05,0.002321,0.001503,6.235e-07,0.1118,0.00918,0.02146,0.1726,4.352e-05,3.494e-05,0.18
   71580,   71640,0.0088951,0.01056,0.03163,2.087e-21,3.348e-05,4.875e-05,0.0004805,1.024e-21,5.28e-05,0.002321,0.001503,6.232e-07,0.1118,0.009178,0.02146,0.1726,4.351e-05,3.491e-05,0.18
   71640,   71700,0.008904,0.01056,0.03163,2.063e-21,3.347e-05,4.874e-05,0.0004804,1.012e-21,5.276e-05,0.00232,0.001502,6.229e-07,0.1118,0.009177,0.02146,0.1726,4.35e-05,3.489e-05,0.18
   71700,   71760,0.008905,0.01055,0.03162,2.038e-21,3.345e-05,4.872e-05,0.0004803,9.998e-22,5.272e-05,0.00232,0.001502,6.226e-07,0.1118,0.009175,0.02146,0.1726,4.349e-05,3.486e-05,0.18
   71760,   71820,0.0088828,0.01055,0.03162,2.014e-21,3.344e-05,4.871e-05,0.0004802,9.877e-22,5.269e-05,0.002319,0.001502,6.222e-07,0.1118,0.009174,0.02145,0.1726,4.347e-05,3.483e-05,0.18
   71820,   71880,0.0088601,0.01055,0.03162,1.987e-21,3.343e-05,4.869e-05,0.00048,9.747e-22,5.264e-05,0.002319,0.001502,6.219e-07,0.1118,0.009172,0.02145,0.1726,4.346e-05,3.481e-05,0.18
   71880,   71940,0.008861,0.01055,0.03162,1.96e-21,3.341e-05,4.868e-05,0.0004799,9.613e-22,5.26e-05,0.002318,0.001501,6.215e-07,0.1117,0.009171,0.02145,0.1726,4.344e-05,3.478e-05,0.18
