CampaignData_and_Merges/R0/CSL_MobileLab_Parked/raw/20240717/USOS-PTR_MobileLabGround_20240717_R0.ict
58, 1001
Matthew Coggon, Kelvin Bates, Chelsea Stockwell, Carsten Warneke
NOAA ESRL Chemical Sciences Division
NOAA PTR-ToF-MS
USOS
1,1 
2024, 07, 17, 2025, 09, 19
0
Time_Start, seconds, number of seconds from 00:00 UTC 
22
1, 1, 1, 1, 1, 1, 1, 1, 1, 1, 1, 1, 1, 1, 1, 1, 1, 1, 1, 1, 1, 1
-9999, -9999, -9999, -9999, -9999, -9999, -9999, -9999, -9999, -9999, -9999, -9999, -9999, -9999, -9999, -9999, -9999, -9999, -9999, -9999, -9999, -9999
CH3OH_NOAAPTR_ppbv,  ppbv, Gas_CH3OH_InSitu_S_AVMR, (CH3OH) methanol
CH3CN_NOAAPTR_ppbv,  ppbv, Gas_CH3CN_InSitu_S_AVMR, (CH3CN) acetonitrile
CH3CHO_NOAAPTR_ppbv,  ppbv, Gas_CH3CHO_InSitu_S_AVMR, (CH3CHO) acetaldehyde plus contributions from ethylene glycol and ethylene oxide. Interference from ethanol has been subtracted out.
C2H5OH_NOAAPTR_ppbv,  ppbv, Gas_C2H5OH_InSitu_S_AVMR, (C2H5OH) ethanol
CH3SH_NOAAPTR_ppbv,  ppbv, Gas_CH3SH_InSitu_S_AVMR, (CH3SH) methanethiol, using calibration factor for DMS
Acrolein_NOAAPTR_ppbv,  ppbv, Gas_Acrolein_InSitu_S_AVMR, (C3H4O) acrolein
AcetonePropanal_NOAAPTR_ppbv,  ppbv, Gas_AcetoneAndPropanal_InSitu_S_AVMR, (C3H6O) sum of acetone (dominant isomer) and propanal, using calibration factor for acetone
DMS_NOAAPTR_ppbv,  ppbv, Gas_DMS_InSitu_S_AVMR, (C2H6S) dimethyl sulfide with possible small contributions from ethanethiol
C5H8_NOAAPTR_ppbv,  ppbv, Gas_Isoprene_InSitu_S_AVMR, (C5H8) isoprene and possible fragments from cycloalkanes and aldehydes. Interferences have been subtracted following methods described by Coggon et al (2023)
MVKMAC_NOAAPTR_ppbv,  ppbv, Gas_MVKAndMAC_InSitu_S_AVMR, (C4H6O) sum of methyl vinyl ketone, methacrolein, and small amounts of crotonaldehyde, using weighted calibration factor for MVK (0.637) and MACR (0.363)
Benzene_NOAAPTR_ppbv,  ppbv, Gas_Benzene_InSitu_S_AVMR, (C6H6) benzene
Toluene_NOAAPTR_ppbv,  ppbv, Gas_Toluene_InSitu_S_AVMR, (C7H8) toluene with possible small contributions of fragments from ethyltoluene
Styrene_NOAAPTR_ppbv,  ppbv, Gas_Styrene_InSitu_S_AVMR, (C8H8) styrene
Benzaldehyde_NOAAPTR_ppbv,  ppbv, Gas_Benzaldehyde_InSitu_S_AVMR, (C7H6O) benzaldehyde
C8Aromatics_NOAAPTR_ppbv,  ppbv, Gas_C8Aromatics_InSitu_M_AVMR, (C8H10) sum of m-xylene, p-xylene, o-xylene, and ethyl benzene
C9Aromatics_NOAAPTR_ppbv,  ppbv, Gas_C9Aromatics_InSitu_M_AVMR, (C9H12) sum of C9 aromatics
Naphthalene_NOAAPTR_ppbv,  ppbv, Gas_Naphthalene_InSitu_S_AVMR, (C10H8) naphthalene
Octanal_NOAAPTR_ppbv,  ppbv, Gas_Octanal_InSitu_S_AVMR, (C8H16O) octanal and small amounts of octanone
Monoterpenes_NOAAPTR_ppbv,  ppbv, Gas_Monoterpenes_InSitu_M_AVMR, (C10H16) sum of monoterpenes and possible contributions from fragments of oxygenated monoterpenoids such as eucalyptol.
Nonanal_NOAAPTR_ppbv,  ppbv, Gas_Nonanal_InSitu_M_AVMR, (C9H18O) nonanal and small amounts of nonanone
C7H4ClF3_NOAAPTR_ppbv,  ppbv, Gas_C7H4ClF3_InSitu_S_AVMR, (C7H4ClF3) parachlorobenzotrifluoride
C10H30O5Si5_NOAAPTR_ppbv,  ppbv, Gas_C10H30O5Si5_InSitu_S_AVMR, (C10H30O5Si5) decamethylcyclopentasiloxane
1
SPECIAL COMMENTS:N/A
21
PI_CONTACT_INFO: NOAA ESRL Chemical Sciences Division, Tropospheric Chemistry Group. 325 Broadway, R/CSD7, Boulder, CO 80305
PLATFORM: Mobile Laboratory.
LOCATION: Salt Lake City, UT
ASSOCIATED_DATA: N/A
INSTRUMENT_INFO: NOAA PTR-ToF-MS measurements on NOAA CSL Mobile Lab
DATA_INFO: Units: ppbv
UNCERTAINTY: See OTHER_COMMENTS
ULOD_FLAG: -7777
ULOD_VALUE: N/A
LLOD_FLAG: -8888
LLOD_VALUE: N/A.
DM_CONTACT_INFO: Data Managers: Matt Coggon, Kelvin Bates, Chelsea Stockwell; email: matthew.m.coggon@noaa.gov and kelvin.bates@colorado.edu
PROJECT_INFO: USOS Deployment July-August, 2024
STIPULATIONS_ON_USE: Use of these data require prior OK from PI.
OTHER_COMMENTS: Uncertainties:
CH3OH_NOAAPTR_ppbv:30%; CH3CN_NOAAPTR_ppbv:30%; CH3CHO_NOAAPTR_ppbv:30%; C2H5OH_NOAAPTR_ppbv:30%; CH3SH_NOAAPTR_ppbv:50%; Acrolein_NOAAPTR_ppbv:30%; AcetonePropanal_NOAAPTR_ppbv:30%; DMS_NOAAPTR_ppbv:30%; C5H8_NOAAPTR_ppbv:30%; MVKMAC_NOAAPTR_ppbv:30%; 
Benzene_NOAAPTR_ppbv:30%; Toluene_NOAAPTR_ppbv:30%; Styrene_NOAAPTR_ppbv:30%; Benzaldehyde_NOAAPTR_ppbv:30%; C8Aromatics_NOAAPTR_ppbv:30%; C9Aromatics_NOAAPTR_ppbv:30%; Naphthalene_NOAAPTR_ppbv:30%; Octanal_NOAAPTR_ppbv:30%; Monoterpenes_NOAAPTR_ppbv:30%; Nonanal_NOAAPTR_ppbv:30%; 
C7H4ClF3_NOAAPTR_ppbv:30%; C10H30O5Si5_NOAAPTR_ppbv:30%; 
REVISION: R0
R0: Calibrated PTR Data. See individual species comments for details about measurement uncertainties
Time_Start, CH3OH_NOAAPTR_ppbv, CH3CN_NOAAPTR_ppbv, CH3CHO_NOAAPTR_ppbv, C2H5OH_NOAAPTR_ppbv, CH3SH_NOAAPTR_ppbv, Acrolein_NOAAPTR_ppbv, AcetonePropanal_NOAAPTR_ppbv, DMS_NOAAPTR_ppbv, C5H8_NOAAPTR_ppbv, MVKMAC_NOAAPTR_ppbv, Benzene_NOAAPTR_ppbv, Toluene_NOAAPTR_ppbv, Styrene_NOAAPTR_ppbv, Benzaldehyde_NOAAPTR_ppbv, C8Aromatics_NOAAPTR_ppbv, C9Aromatics_NOAAPTR_ppbv, Naphthalene_NOAAPTR_ppbv, Octanal_NOAAPTR_ppbv, Monoterpenes_NOAAPTR_ppbv, Nonanal_NOAAPTR_ppbv, C7H4ClF3_NOAAPTR_ppbv, C10H30O5Si5_NOAAPTR_ppbv
[from data line 295]
17700.0, 8.84921, 0.33073, 1.30948, 2.76536, 0.00184, 0.17982, 4.31753, 0.00619, 0.51891, 0.32692, 0.08657, 0.21270, 0.00699, 0.03340, 0.13530, 0.04454, 0.00274, 0.02934, 0.09951, 0.04031, 0.00662, 0.00061 
17760.0, 7.70037, 0.31710, 1.27942, 2.45145, 0.00148, 0.17246, 4.47931, -0.00043, 0.49839, 0.34243, 0.09486, 0.12389, -0.00233, 0.02713, 0.08487, 0.03251, 0.01052, 0.02488, 0.11568, 0.02193, 0.00573, 0.00176 
17820.0, 9.24960, 0.30113, 1.36714, 2.60700, 0.00199, 0.17549, 4.37325, -0.00235, 0.45741, 0.33771, 0.09347, 0.14411, 0.01179, 0.02354, 0.08510, 0.03395, 0.00662, 0.04062, 0.09620, 0.04585, 0.00339, 0.00222 
17880.0, 7.53288, 0.30937, 1.20355, 2.41096, 0.00112, 0.18176, 4.34024, 0.00844, 0.49990, 0.34598, 0.05021, 0.13767, 0.01067, 0.00444, 0.06505, 0.03218, 0.00174, 0.03598, 0.07443, 0.03405, 0.00211, 0.00280 
17940.0, 8.77109, 0.31784, 1.30095, 2.05662, 0.00213, 0.19085, 4.36325, -0.00235, 0.50769, 0.34972, 0.03736, 0.12065, 0.01408, 0.01981, 0.08450, 0.03022, 0.00024, 0.01464, 0.09822, 0.03487, 0.00507, 0.00271 
18000.0, 8.29911, 0.32240, 1.29527, 2.60815, 0.00196, 0.19193, 4.36604, 0.00775, 0.47850, 0.37337, 0.07103, 0.13362, 0.00961, 0.02045, 0.07389, 0.02941, 0.00908, 0.02687, 0.09643, 0.02456, 0.00795, 0.00067 
18060.0, 8.78760, 0.32783, 1.24238, 2.54131, 0.00343, 0.20610, 4.39136, -0.00234, 0.46629, 0.34163, 0.10087, 0.13542, 0.02678, 0.03142, 0.06983, 0.03369, 0.01809, 0.01600, 0.08783, 0.04971, 0.00265, 0.00369 
18120.0, 9.32482, 0.32565, 1.35432, 3.14602, 0.00001, 0.21098, 4.42224, -0.00234, 0.53846, 0.36412, 0.12760, 0.13872, 0.02571, 0.03943, 0.08247, 0.04041, 0.00429, 0.01689, 0.09957, 0.03902, -0.00151, 0.00374 
18180.0, 7.83124, 0.31533, 1.15969, 1.60551, 0.00015, 0.15071, 4.25363, 0.01744, 0.40301, 0.32639, 0.03949, 0.08548, 0.01410, 0.02562, 0.04706, 0.01843, -0.00443, 0.03710, 0.07775, 0.03809, 0.00305, 0.00127 
18240.0, 8.65548, 0.33017, 1.14096, 2.19435, -0.00067, 0.18072, 4.38272, 0.00782, 0.47513, 0.31019, 0.02199, 0.14707, 0.00712, 0.01720, 0.08286, 0.02487, -0.00438, 0.01061, 0.07095, 0.03890, 0.00523, 0.00017 
18300.0, 8.97970, 0.29718, 1.20060, 1.98169, 0.00378, 0.19193, 4.36555, 0.00668, 0.45391, 0.33744, 0.06187, 0.10668, 0.01920, 0.00122, 0.07079, 0.03282, -0.00449, 0.02229, 0.08651, 0.01709, 0.00398, -0.00054 
18360.0, 8.40599, 0.32260, 1.22352, 3.16113, 0.00046, 0.18014, 4.37509, 0.00977, 0.43713, 0.33643, 0.06259, 0.12509, 0.01613, 0.00835, 0.06460, 0.02929, 0.00750, 0.01429, 0.08658, 0.03296, 0.00114, 0.00176 
18420.0, 7.73500, 0.30525, 1.13891, 2.63287, -0.00104, 0.19911, 4.32663, 0.01286, 0.42410, 0.33845, 0.06294, 0.13663, 0.00770, 0.02334, 0.07701, 0.03049, 0.00164, 0.02072, 0.08830, 0.03598, 0.00375, 0.00333 
18480.0, 8.08495, 0.32764, 1.16029, 1.75940, 0.00020, 0.18830, 4.33132, 0.00451, 0.44700, 0.31957, 0.06485, 0.10421, 0.00364, 0.01171, 0.06184, 0.01903, 0.00253, 0.02607, 0.07899, 0.02892, -0.00114, -0.00006 
18540.0, 7.97377, 0.31813, 1.14263, 1.89165, 0.00574, 0.19533, 4.34381, 0.00802, 0.41659, 0.32347, 0.08838, 0.13620, 0.00238, 0.02023, 0.05725, 0.02197, 0.00814, -0.00116, 0.07437, 0.03750, 0.00159, 0.00011 
18600.0, 7.81458, 0.30413, 1.18117, 1.90088, 0.00040, 0.18977, 4.26706, 0.00709, 0.40006, 0.32989, 0.07960, 0.12627, 0.01557, 0.02708, 0.06090, 0.03281, -0.00446, 0.00530, 0.07146, 0.02441, 0.00294, 0.00226 
18660.0, 8.20667, 0.31578, 1.12372, 1.93242, 0.00294, 0.18626, 4.31366, -0.00231, 0.37751, 0.32205, 0.04579, 0.11680, 0.01767, 0.02527, 0.07367, 0.03589, 0.00210, 0.02421, 0.09961, 0.03002, 0.00161, 0.00578 
18720.0, 7.89778, 0.31629, 1.19413, 2.08348, 0.00420, 0.17924, 4.28967, -0.00231, 0.40823, 0.32958, 0.05993, 0.13799, 0.01601, 0.01247, 0.07272, 0.03499, 0.01168, 0.01464, 0.09309, 0.02474, 0.00441, 0.00315 
18780.0, 7.61835, 0.29443, 1.08749, 1.88719, -0.00030, 0.16185, 4.31007, 0.00656, 0.41287, 0.32971, 0.14031, 0.13009, 0.02242, 0.01667, 0.07486, 0.02697, -0.00445, 0.01430, 0.09300, 0.04258, 0.00362, 0.00294 
18840.0, 7.19247, 0.31432, 1.17008, 1.85101, -0.00064, 0.15113, 4.30857, 0.01149, 0.42241, 0.35213, 0.05034, 0.11565, 0.01346, 0.01126, 0.05897, 0.03546, -0.00444, 0.00845, 0.07896, 0.02228, 0.00444, 0.00174 
18900.0, 7.98351, 0.32129, 1.12123, 1.65277, 0.00454, 0.19195, 4.25012, 0.00971, 0.40341, 0.29956, 0.06407, 0.11876, 0.01655, 0.02803, 0.06407, 0.02625, -0.00407, 0.00865, 0.08970, 0.02574, 0.00418, 0.00189 
18960.0, 8.77873, 0.32585, 1.34745, 2.10221, 0.00455, 0.19954, 4.31552, -0.00230, 0.42354, 0.33300, 0.18828, 0.23206, 0.03115, 0.03985, 0.11704, 0.04294, 0.00558, 0.00534, 0.12134, 0.03059, 0.00242, 0.00266 
19020.0, 7.99882, 0.33460, 1.25360, 1.74201, 0.00302, 0.18197, 4.27541, 0.00374, 0.34674, 0.33984, 0.03965, 0.12874, 0.00825, 0.02060, 0.05782, 0.02849, 0.01895, 0.02950, 0.09587, 0.03823, 0.00227, 0.00049 
19080.0, 8.22469, 0.29641, 1.26543, 1.85951, 0.00240, 0.18211, 4.33940, 0.00916, 0.36768, 0.34931, 0.08178, 0.17165, 0.03241, 0.02291, 0.11666, 0.04457, 0.00628, 0.02224, 0.08593, 0.03325, 0.00061, 0.00178 
19140.0, 7.86338, 0.30849, 1.29671, 1.50099, -0.00105, 0.19547, 4.23209, 0.00171, 0.33058, 0.29174, 0.11272, 0.11721, 0.02402, 0.01256, 0.06235, 0.01935, 0.00598, 0.01250, 0.05708, 0.02492, 0.00613, -0.00011 
19200.0, 7.45401, 0.33487, 1.16171, 1.90781, 0.00098, 0.15653, 4.30508, -0.00135, 0.32697, 0.33879, 0.11453, 0.11879, 0.01710, 0.01488, 0.07050, 0.02536, -0.00319, 0.00800, 0.08329, 0.03105, 0.00072, 0.00130 
19260.0, 8.16929, 0.33983, 1.28555, 1.99245, 0.00251, 0.19563, 4.32529, -0.00105, 0.36391, 0.31655, 0.13590, 0.12134, 0.01239, 0.00778, 0.06271, 0.02160, 0.01716, 0.02491, 0.09353, 0.02890, 0.00143, 0.00069 
19320.0, 7.61772, 0.29826, 1.09455, 1.61433, 0.00199, 0.16147, 4.32006, 0.01090, 0.32139, 0.29002, 0.04055, 0.12280, 0.00887, 0.02674, 0.07637, 0.02445, 0.00880, 0.01842, 0.07729, 0.04650, 0.00830, 0.00074 
19380.0, 8.46479, 0.34231, 1.43480, 2.33289, 0.00135, 0.21795, 4.38118, -0.00228, 0.38491, 0.32287, 0.13938, 0.20168, 0.01660, 0.04296, 0.13220, 0.03394, -0.00317, 0.03133, 0.10773, 0.02384, 0.00328, 0.00326 
19440.0, 7.65631, 0.32512, 1.24619, 1.81804, 0.00319, 0.18015, 4.25830, 0.01016, 0.31281, 0.29922, 0.05496, 0.12261, 0.00252, 0.01356, 0.07436, 0.03680, 0.00509, 0.03050, 0.08462, 0.03006, 0.00420, 0.00148 
19500.0, 8.52103, 0.32810, 1.23994, 1.96011, 0.00514, 0.15106, 4.31336, 0.00871, 0.31523, 0.30057, 0.08321, 0.10670, 0.00709, 0.03250, 0.08135, 0.03518, -0.00439, 0.02228, 0.07604, 0.01955, 0.00551, 0.00272 
19560.0, 7.74109, 0.32482, 1.37257, 1.79911, 0.00049, 0.20511, 4.32553, -0.00065, 0.29231, 0.31826, 0.08097, 0.16689, 0.01381, 0.00517, 0.10784, 0.04911, 0.01426, 0.03133, 0.08751, 0.04078, 0.00060, 0.00220 
19620.0, 8.36973, 0.31057, 1.38911, 2.44310, 0.00032, 0.18307, 4.33357, 0.01030, 0.31831, 0.30339, 0.04885, 0.14736, 0.01426, 0.01792, 0.09455, 0.03981, -0.00271, 0.02499, 0.11876, 0.03909, 0.00476, 0.00399 
19680.0, 8.42749, 0.32409, 1.36480, 2.11665, 0.00096, 0.15903, 4.25760, 0.00418, 0.30041, 0.29459, 0.09974, 0.16139, 0.02257, 0.03109, 0.12094, 0.04091, -0.00437, 0.01432, 0.09705, 0.02925, 0.00349, 0.00200 
19740.0, 8.16893, 0.32055, 1.43810, 2.47392, 0.00208, 0.21002, 4.38656, -0.00226, 0.32909, 0.31513, 0.08869, 0.17139, 0.03518, 0.02554, 0.12446, 0.04915, 0.00113, 0.02167, 0.09239, 0.02805, 0.00986, 0.00490 
19800.0, 8.67716, 0.32146, 1.43564, 2.39207, 0.00330, 0.16992, 4.30047, 0.00959, 0.32949, 0.32676, 0.00401, 0.13135, 0.01021, 0.02139, 0.10692, 0.03396, -0.00123, 0.02553, 0.09321, 0.04496, 0.00759, 0.00057 
19860.0, 9.07566, 0.34632, 1.39166, 2.28031, 0.00295, 0.16302, 4.39010, -0.00225, 0.37746, 0.32186, 0.05940, 0.12582, 0.00942, 0.02602, 0.08185, 0.03900, -0.00102, 0.03968, 0.08039, 0.02407, 0.00093, 0.00101 
19920.0, 8.49578, 0.33258, 1.38315, 1.91465, 0.00143, 0.15658, 4.38398, -0.00225, 0.35611, 0.36184, 0.06848, 0.11645, 0.00024, 0.01994, 0.09717, 0.02873, 0.00145, 0.02040, 0.08247, 0.04538, 0.01151, 0.00286 
19980.0, 8.11735, 0.31645, 1.43593, 2.22387, 0.00149, 0.16016, 4.35418, 0.00625, 0.30376, 0.32659, 0.07245, 0.11083, 0.02579, 0.01323, 0.09181, 0.02837, 0.00792, 0.02562, 0.09511, 0.03678, 0.00481, 0.00097 
20040.0, 9.91870, 0.31615, 1.42901, 2.08055, 0.00110, 0.18488, 4.37713, 0.00637, 0.34055, 0.32654, 0.10410, 0.16122, 0.02756, 0.02496, 0.11519, 0.03438, 0.00323, 0.01609, 0.08928, 0.03064, 0.00788, 0.00116 
20100.0, 7.81501, 0.30262, 1.42231, 2.37729, 0.00100, 0.17312, 4.31946, 0.00263, 0.36016, 0.34417, 0.07454, 0.12269, 0.01449, 0.02787, 0.08618, 0.03334, 0.01095, 0.01406, 0.07334, 0.04677, 0.00747, 0.00067 
20160.0, 8.65180, 0.31118, 1.31837, 2.06955, -0.00038, 0.16267, 4.33849, 0.00902, 0.35643, 0.32465, 0.05132, 0.13320, 0.01116, 0.03179, 0.10110, 0.03463, 0.00949, 0.01885, 0.09059, 0.05545, 0.00174, 0.00096 
20220.0, 8.89194, 0.33040, 1.32183, 2.04847, -0.00106, 0.16735, 4.35934, 0.01447, 0.36247, 0.33507, 0.05261, 0.13765, 0.00979, 0.03101, 0.08808, 0.02440, 0.01516, 0.01406, 0.10903, 0.02429, 0.00170, 0.00174 
20280.0, 8.43072, 0.33745, 1.31044, 2.16113, 0.00178, 0.18301, 4.37917, -0.00223, 0.33819, 0.35682, 0.06459, 0.14216, 0.01406, 0.03653, 0.09567, 0.03207, 0.01086, 0.01560, 0.09419, 0.03126, 0.01250, 0.00376 
20340.0, 8.91082, 0.33617, 1.29188, 1.97001, 0.00200, 0.14522, 4.30919, 0.01085, 0.35589, 0.35950, 0.10328, 0.14509, 0.00754, 0.01335, 0.09995, 0.03726, 0.00615, 0.02851, 0.10486, 0.04631, 0.00790, 0.00200 
20400.0, 7.38973, 0.32158, 1.22398, 1.50438, 0.00401, 0.15682, 4.33339, -0.00223, 0.39370, 0.35407, 0.10078, 0.12201, 0.01772, 0.01639, 0.08543, 0.02689, 0.00586, 0.02234, 0.08592, 0.03289, 0.00660, 0.00274 
20460.0, 8.05661, 0.30091, 1.22742, 1.72716, 0.00043, 0.16254, 4.34142, -0.00153, 0.37430, 0.34936, 0.07169, 0.15075, 0.01172, 0.00415, 0.09274, 0.04932, 0.00618, 0.02346, 0.07572, 0.01900, 0.00452, 0.00073 
20520.0, 7.80664, 0.31566, 1.31482, 1.60854, 0.00229, 0.17471, 4.33566, -0.00222, 0.36645, 0.33849, 0.07666, 0.15354, -0.00173, 0.02196, 0.08113, 0.05056, 0.00805, 0.02832, 0.08919, 0.03260, -0.00064, 0.00368 
20580.0, 8.18336, 0.31933, 1.27999, 2.22243, -0.00107, 0.16354, 4.37785, 0.00377, 0.34878, 0.33645, 0.09942, 0.14562, 0.01401, 0.00771, 0.09420, 0.03345, 0.00342, 0.01574, 0.08445, 0.03562, 0.00503, 0.00255 
20640.0, 7.63822, 0.30983, 1.25315, 1.91162, 0.00578, 0.18424, 4.36201, 0.00557, 0.38001, 0.35990, 0.07684, 0.15555, 0.01025, 0.01900, 0.09409, 0.03598, 0.01031, 0.02143, 0.09392, 0.05402, 0.00060, 0.00378 
20700.0, 8.76018, 0.31441, 1.18093, 1.96345, 0.00360, 0.16558, 4.42747, -0.00222, 0.39896, 0.35570, 0.04279, 0.13956, 0.00272, 0.01412, 0.08118, 0.02555, 0.00009, 0.02361, 0.08055, 0.02573, 0.00233, 0.00403 
20760.0, 8.10414, 0.33943, 1.28880, 2.23334, 0.00099, 0.17353, 4.40908, 0.00614, 0.37310, 0.35995, 0.14198, 0.25021, 0.01278, 0.02027, 0.16374, 0.07223, -0.00290, 0.01300, 0.10862, 0.03577, 0.00340, 0.00062 
20820.0, 7.82183, 0.31037, 1.39703, 2.25180, 0.00718, 0.20084, 4.44085, 0.00715, 0.37260, 0.38976, 0.08596, 0.19601, 0.01844, 0.00325, 0.11479, 0.04225, 0.00117, 0.00675, 0.10525, 0.04300, 0.00204, 0.00435 
20880.0, 7.56125, 0.32883, 1.29129, 2.21478, 0.00156, 0.19257, 4.33651, 0.01577, 0.41414, 0.36295, 0.06518, 0.20560, 0.01784, 0.01521, 0.11428, 0.04377, -0.00218, 0.03119, 0.12500, 0.01590, 0.00063, 0.00203 
20940.0, 8.68959, 0.32599, 1.31666, 2.30581, -0.00096, 0.16963, 4.47186, -0.00220, 0.41993, 0.37152, 0.09240, 0.15387, 0.01656, 0.02976, 0.09464, 0.03379, 0.01835, 0.01944, 0.12995, 0.05070, 0.00809, 0.00006 
21000.0, 8.64290, 0.31791, 1.38796, 2.40267, 0.00515, 0.17154, 4.49547, 0.01645, 0.37424, 0.38921, 0.08918, 0.16960, 0.02659, 0.01397, 0.10251, 0.03639, 0.00293, 0.01908, 0.09137, 0.04198, 0.00399, 0.00094 
21060.0, 8.52309, 0.32967, 1.49725, 2.95628, 0.00059, 0.21972, 4.53822, 0.00372, 0.41169, 0.36659, 0.06057, 0.17250, -0.00346, 0.00860, 0.13312, 0.04016, 0.01084, 0.03687, 0.11809, 0.02818, 0.00869, -0.00001 
21120.0, 9.11184, 0.31748, 1.44184, 2.92364, -0.00108, 0.17268, 4.61831, 0.00901, 0.37296, 0.37245, 0.08206, 0.19226, 0.01897, 0.01663, 0.13560, 0.04438, -0.00167, 0.03371, 0.10061, 0.04254, 0.00456, 0.00291 
21180.0, 10.32144, 0.30556, 1.41806, 2.99923, 0.00457, 0.18274, 4.64056, 0.00932, 0.39572, 0.37772, 0.08099, 0.20421, 0.01649, -0.00083, 0.10333, 0.05000, 0.00819, 0.03034, 0.12311, 0.04734, 0.00158, 0.00311 
21240.0, 10.40184, 0.32095, 1.49724, 3.51242, 0.00159, 0.19895, 4.74917, 0.00275, 0.43357, 0.37939, 0.08372, 0.21393, 0.01644, 0.01410, 0.12384, 0.03864, 0.00684, 0.03020, 0.11985, 0.03373, 0.00447, 0.00390 
21300.0, 8.38307, 0.31570, 1.44328, 2.69457, 0.00246, 0.15958, 4.64215, 0.01240, 0.39805, 0.37912, 0.12385, 0.18156, 0.02114, 0.01534, 0.14541, 0.05167, 0.00857, 0.03311, 0.11202, 0.04509, 0.00544, 0.00322 
21360.0, 8.62691, 0.33394, 1.34176, 2.02960, 0.00416, 0.16471, 4.64911, 0.02111, 0.42235, 0.35113, 0.05759, 0.14829, 0.01572, 0.02484, 0.12352, 0.03443, 0.01599, 0.04637, 0.12387, 0.04790, 0.00575, 0.00212 
21420.0, 9.05794, 0.30899, 1.49633, 2.96138, 0.00266, 0.15405, 4.52009, 0.00453, 0.38277, 0.39814, 0.13383, 0.20164, 0.01609, 0.02300, 0.12560, 0.04652, 0.01168, 0.03091, 0.12594, 0.05674, 0.00563, 0.00274 
21480.0, 9.96965, 0.32772, 1.65025, 2.84011, 0.00251, 0.18762, 4.60535, 0.01137, 0.37675, 0.38906, 0.11525, 0.16749, 0.01114, 0.01633, 0.11876, 0.04008, -0.00422, 0.02164, 0.14097, 0.04959, 0.00261, 0.00317 
21540.0, 8.54475, 0.30365, 1.46747, 2.52929, 0.00123, 0.22333, 4.49118, 0.00848, 0.37012, 0.36503, 0.09360, 0.14032, -0.00342, 0.01739, 0.09013, 0.02988, -0.00129, 0.02687, 0.10341, 0.03260, 0.00478, 0.00122 
21600.0, 10.03195, 0.32940, 1.52081, 3.79417, 0.00291, 0.18342, 4.58437, -0.00059, 0.43166, 0.37823, 0.07249, 0.15541, 0.00154, 0.01193, 0.08970, 0.04331, 0.00933, 0.03969, 0.14296, 0.03877, 0.00063, 0.00496 
21660.0, 8.23257, 0.34240, 1.34991, 2.44534, 0.00245, 0.19957, 4.51947, 0.00964, 0.44515, 0.40321, 0.05309, 0.18235, 0.01179, 0.01561, 0.10744, 0.04119, -0.00135, 0.02770, 0.11818, 0.02719, 0.00506, 0.00385 
21720.0, 8.99277, 0.31545, 1.28254, 2.96292, 0.00366, 0.19120, 4.43499, 0.00915, 0.38881, 0.41819, 0.06379, 0.14829, 0.01301, 0.01533, 0.09490, 0.03483, 0.01533, 0.02738, 0.11893, 0.03276, 0.00722, 0.00189 
21780.0, 8.18644, 0.33127, 1.40195, 2.35506, 0.00384, 0.23398, 4.40935, -0.00217, 0.40442, 0.38609, 0.04671, 0.14669, 0.01083, 0.00478, 0.08428, 0.03217, 0.01094, 0.01538, 0.11043, 0.03569, 0.00105, 0.00188 
21840.0, 9.60733, 0.29858, 1.44582, 2.55559, 0.00491, 0.20246, 4.43275, 0.00372, 0.42148, 0.40071, 0.08414, 0.17322, 0.00408, 0.01970, 0.10625, 0.03702, 0.00142, 0.02168, 0.10328, 0.02731, 0.00574, 0.00152 
21900.0, 8.72981, 0.33062, 1.36265, 1.77656, 0.00234, 0.19732, 4.44848, 0.01039, 0.40107, 0.40028, 0.05961, 0.11185, 0.01010, 0.00012, 0.05507, 0.01663, 0.00100, 0.02155, 0.09241, 0.02817, 0.00223, 0.00207 
21960.0, 8.20112, 0.33299, 1.19488, 1.77503, -0.00011, 0.18711, 4.38178, 0.00347, 0.47705, 0.40882, 0.08277, 0.11603, 0.00788, 0.01639, 0.05070, 0.02314, -0.00260, 0.00868, 0.09030, 0.01618, 0.00357, 0.00504 
22020.0, 8.08898, 0.31597, 1.24872, 2.27202, 0.00118, 0.17508, 4.42491, -0.00215, 0.42413, 0.41173, 0.04513, 0.12911, 0.00492, 0.03440, 0.06368, 0.02382, 0.01185, 0.02800, 0.10973, 0.02761, 0.00284, 0.00363 
22080.0, 7.64208, 0.28830, 1.14262, 1.42883, 0.00160, 0.17577, 4.37240, 0.00066, 0.41935, 0.39305, 0.09493, 0.10464, 0.01742, 0.02744, 0.05876, 0.02048, 0.00258, 0.01417, 0.09305, 0.04169, 0.00113, 0.00205 
22140.0, 8.13833, 0.30528, 1.30580, 2.04020, 0.00008, 0.21481, 4.49316, 0.00373, 0.45119, 0.39251, 0.04924, 0.10983, 0.00486, 0.03900, 0.06037, 0.02555, 0.00088, 0.01497, 0.08347, 0.02511, 0.00086, 0.00112 
22200.0, 7.61892, 0.32056, 1.17395, 2.43288, 0.00323, 0.17545, 4.45726, -0.00215, 0.45119, 0.41425, 0.06630, 0.10642, 0.00112, 0.02040, 0.06133, 0.02719, -0.00416, 0.01417, 0.10636, 0.04847, 0.00526, 0.00238 
