CampaignData_and_Merges/R0/CSL_MobileLab_Parked/raw/20240717/USOS-NOy-LIF_MobileLabGround_20240717_R0.ict
39,1001
Rollins, A.; Waxman, E.; Zuraski, K.; Chace, W.
NOAA Chemical Sciences Laboratory
LIF NO/NOx/NOy on CSL Mobile Lab
AMMBEC / USOS
1, 1
2024,07,17, 2025,01,03
1
Time_Start, seconds, number_of_seconds_since_0000_UTC
7
1, 1, 1, 1, 1, 1, 1
-9999, -9999, -9999, -9999, -9999, -9999, -9999
Time_Stop, seconds, number_of_seconds_since_0000_UTC
NO_LIF, pptv, Gas_NO_InSitu_S_AVMR, volume mixing ratio of nitric oxide in air
NO2_LIF, pptv, Gas_NO2_InSitu_S_AVMR, volume mixing ratio of nitrogen dioxide in air
NOy_LIF, pptv, Gas_NOy_InSitu_S_AVMR, volume mixing ratio of total oxidized nitrogen in air
NO_LIF_1SigmaAccuracy, pptv, Gas_NO_InSitu_S_AVMR, volume mixing ratio of nitric oxide in air
NO2_LIF_1SigmaAccuracy, pptv, Gas_NO2_InSitu_S_AVMR, volume mixing ratio of nitrogen dioxide in air
NOy_LIF_1SigmaAccuracy, pptv, Gas_NOy_InSitu_S_AVMR, volume mixing ratio of total oxidized nitrogen in air
0
18
PI_CONTACT_INFO: andrew.rollins@noaa.gov
PLATFORM: CSL Mobile Lab
LOCATION: Salt Lake City, UT
ASSOCIATED_DATA:
INSTRUMENT_INFO: NO detection by laser induced fluorescence. NO2 detection by photolytic conversion to NO. NOy detection by catalytic conversion to NO on gold surface
DATA_INFO:
UNCERTAINTY: Included 1 Sigma Accuracy waves represent the combined calibration uncertainties (±6%, ±9%, ±10%) and zero uncertainties (3 ppt, 20 ppt, 100 ppt) for NO, NO2, and NOy, respectively.
ULOD_FLAG: -7777
ULOD_VALUE: N/A
LLOD_FLAG: -8888
LLOD_VALUE: N/A
DM_CONTACT_INFO: andrew.rollins@noaa.gov
PROJECT_INFO: USOS Project, July - August 2024
STIPULATIONS_ON_USE: Users are strongly encouraged to contact the PI for proper data usage.
OTHER_COMMENTS:
REVISION: R0
R0: final data
Time_Start, Time_Stop, NO_LIF, NO2_LIF, NOy_LIF, NO_LIF_1SigmaAccuracy, NO2_LIF_1SigmaAccuracy, NOy_LIF_1SigmaAccuracy
[from data line 1056]
   63360,   63420,311.94,1025.5,3210.7,21.717, 112.29, 421.07
   63420,   63480,193.83,828.39,2222.2,14.63, 94.555, 322.22
   63480,   63540,110.04,606.59,1898.1,9.6026, 74.593, 289.81
   63540,   63600,141.49,772.51,1968.6,11.49, 89.525, 296.86
   63600,   63660,329.73,1365.5,3655.8,22.784, 142.89, 465.58
   63660,   63720,749.63,2737.7,5052.4,47.978, 266.39, 605.24
   63720,   63780,139.88,761.1,2234.1,11.393, 88.499, 323.41
   63780,   63840,305.66,1442.7,3043.5,21.339, 149.84, 404.35
   63840,   63900,346.21,1793,3913.9,23.773, 181.37, 491.39
   63900,   63960,567.43,2664.6,4800.2,37.046, 259.81, 580.02
   63960,   64020,331.79,1659.6,4137.7,22.907, 169.36, 513.77
   64020,   64080,361.22,1845.6,4171.6,24.673, 186.11, 517.16
   64080,   64140,611.68,2444.6,4641.6,39.701, 240.02, 564.16
   64140,   64200,1731.8,4556.3,6602,106.91, 430.06, 760.2
   64200,   64260,3472.1,9571.6,14755,211.33, 881.44, 1575.5
   64260,   64320,317.64,1651.1,4589.4,22.058, 168.6, 558.94
   64320,   64380,-9999,-9999,-9999,-9999, -9999, -9999
   64380,   64440,-9999,-9999,-9999,-9999, -9999, -9999
   64440,   64500,-9999,-9999,-9999,-9999, -9999, -9999
   64500,   64560,-9999,-9999,-9999,-9999, -9999, -9999
   64560,   64620,-9999,-9999,-9999,-9999, -9999, -9999
   64620,   64680,-9999,-9999,-9999,-9999, -9999, -9999
   64680,   64740,-9999,-9999,-9999,-9999, -9999, -9999
   64740,   64800,249.26,1404.2,3994.1,17.956, 146.38, 499.41
   64800,   64860,371.27,1809.7,4387.6,25.276, 182.87, 538.76
   64860,   64920,403.69,1971.7,4921.8,27.221, 197.46, 592.18
   64920,   64980,594.24,2590.6,4579.8,38.654, 253.15, 557.98
   64980,   65040,300.7,1687.9,4324,21.042, 171.91, 532.4
   65040,   65100,264.07,1450.3,4309.3,18.844, 150.53, 530.93
   65100,   65160,196.33,1145.9,3425.4,14.78, 123.13, 442.54
   65160,   65220,646.47,2082.4,4217.4,41.788, 207.42, 521.74
   65220,   65280,412.82,1804.4,4131.9,27.769, 182.4, 513.19
   65280,   65340,237.33,1386.7,3952.7,17.24, 144.8, 495.27
   65340,   65400,507.71,1944.1,4538.5,33.463, 194.97, 553.85
   65400,   65460,216.73,1331.5,3990,16.004, 139.84, 499
   65460,   65520,208.46,1426.1,4124,15.508, 148.35, 512.4
   65520,   65580,221.04,1504,4155.5,16.262, 155.36, 515.55
   65580,   65640,279.11,1813.1,4129,19.747, 183.18, 512.9
   65640,   65700,688.5,3709.4,6455,44.31, 353.84, 745.5
   65700,   65760,247.42,1511.1,4224.9,17.845, 156, 522.49
   65760,   65820,224.52,1459.6,3826.2,16.471, 151.36, 482.62
   65820,   65880,190.75,1257,3597.9,14.445, 133.13, 459.79
   65880,   65940,204.65,1335.3,3792.7,15.279, 140.17, 479.27
   65940,   66000,218.57,1468.1,4016.1,16.114, 152.13, 501.61
   66000,   66060,211.96,1381.6,3904.3,15.717, 144.34, 490.43
   66060,   66120,255.09,1632.6,4142.3,18.306, 166.94, 514.23
   66120,   66180,226.89,1446.2,4163.8,16.613, 150.16, 516.38
   66180,   66240,215.47,1395.9,4109.4,15.928, 145.63, 510.94
   66240,   66300,209.44,1397.3,4053.5,15.566, 145.75, 505.35
   66300,   66360,215.39,1450.2,4083.6,15.923, 150.52, 508.36
   66360,   66420,705.48,3095.8,7032.1,45.329, 298.62, 803.21
   66420,   66480,1040.9,4220,7886.2,65.454, 399.8, 888.62
   66480,   66540,1778.2,5602.6,5758.9,109.69, 524.23, 675.89
   66540,   66600,270.91,1638.8,4531.5,19.255, 167.5, 553.15
   66600,   66660,258.36,1668.4,4321.5,18.501, 170.16, 532.15
   66660,   66720,249.82,1455.7,4019.1,17.989, 151.01, 501.91
   66720,   66780,233.93,1403.9,3989.1,17.036, 146.35, 498.91
   66780,   66840,597.06,2488.6,5502.8,38.823, 243.98, 650.28
   66840,   66900,936.53,3049.8,6956.5,59.192, 294.49, 795.65
   66900,   66960,248,1519.3,4506.2,17.88, 156.74, 550.62
   66960,   67020,3056.2,7138.3,12248,186.37, 662.44, 1324.8
   67020,   67080,359.46,1813.2,6209.1,24.568, 183.19, 720.91
   67080,   67140,752.36,3138.6,6183,48.142, 302.48, 718.3
   67140,   67200,1776.8,6012.1,11471,109.61, 561.09, 1247.1
   67200,   67260,795.5,3500.9,6851.2,50.73, 335.08, 785.12
   67260,   67320,329.36,1819,4657.5,22.762, 183.71, 565.75
   67320,   67380,1810,5536.8,10917,111.6, 518.31, 1191.7
   67380,   67440,747.72,2917.1,6959.6,47.863, 282.54, 795.96
   67440,   67500,230.21,1447.2,4078.1,16.813, 150.25, 507.81
   67500,   67560,225.73,1409.9,4019.6,16.544, 146.89, 501.96
   67560,   67620,203.75,1239.3,3755.5,15.225, 131.53, 475.55
   67620,   67680,205.77,1255,3847.7,15.346, 132.95, 484.77
   67680,   67740,250.93,1460.1,3839.1,18.056, 151.41, 483.91
   67740,   67800,312.12,1355.1,3774,21.727, 141.96, 477.4
   67800,   67860,219.29,1177.1,3791.6,16.157, 125.94, 479.16
   67860,   67920,163.36,990.53,3189.6,12.802, 109.15, 418.96
   67920,   67980,176.71,1026.1,3207.2,13.602, 112.35, 420.72
   67980,   68040,306.59,1417,3328.5,21.396, 147.53, 432.85
   68040,   68100,249.55,1289.4,3570,17.973, 136.05, 457
   68100,   68160,796.65,2816,6661.9,50.799, 273.44, 766.19
   68160,   68220,228.53,1274.2,3430.9,16.712, 134.67, 443.09
   68220,   68280,185.02,1110,3274.3,14.101, 119.9, 427.43
   68280,   68340,193.62,1106.8,3377.5,14.617, 119.61, 437.75
   68340,   68400,201.04,1184.6,3388.7,15.063, 126.61, 438.87
   68400,   68460,460.46,2173.7,3781.6,30.628, 215.63, 478.16
   68460,   68520,199.97,1241,3826.8,14.998, 131.69, 482.68
   68520,   68580,217.21,1328.1,3681.9,16.033, 139.53, 468.19
   68580,   68640,737.62,2495.2,5151.1,47.257, 244.57, 615.11
   68640,   68700,-9999,-9999,-9999,-9999, -9999, -9999
   68700,   68760,-9999,-9999,-9999,-9999, -9999, -9999
   68760,   68820,-9999,-9999,-9999,-9999, -9999, -9999
   68820,   68880,-9999,-9999,-9999,-9999, -9999, -9999
   68880,   68940,-9999,-9999,-9999,-9999, -9999, -9999
   68940,   69000,-9999,-9999,-9999,-9999, -9999, -9999
   69000,   69060,-9999,-9999,-9999,-9999, -9999, -9999
   69060,   69120,426.72,2559.5,4219.8,28.603, 250.36, 521.98
   69120,   69180,1333.7,5275.1,8617.2,83.024, 494.76, 961.72
   69180,   69240,1358.4,5242.4,7701.9,84.503, 491.82, 870.19
   69240,   69300,2655,7939.9,11025,162.3, 734.59, 1202.5
   69300,   69360,1380.7,5132.1,7942.1,85.843, 481.89, 894.21
   69360,   69420,212.49,1058.6,3283,15.749, 115.27, 428.3
   69420,   69480,468.2,1882.7,3934,31.092, 189.44, 493.4
   69480,   69540,2983,8796,12994,181.98, 811.64, 1399.4
   69540,   69600,769.71,3186.1,5749.5,49.183, 306.75, 674.95
   69600,   69660,228.21,1300.7,3318.3,16.692, 137.06, 431.83
   69660,   69720,131.86,819.3,2874,10.912, 93.737, 387.4
   69720,   69780,100.01,617.13,2177,9.0004, 75.542, 317.7
   69780,   69840,194.84,1081.6,2600.2,14.69, 117.34, 360.02
   69840,   69900,302.12,1536.8,3536.3,21.127, 158.31, 453.63
   69900,   69960,149.69,806.43,2306.3,11.981, 92.579, 330.63
   69960,   70020,248.88,1236.1,3226,17.933, 131.24, 422.6
   70020,   70080,321.54,1523.1,3386.9,22.292, 157.08, 438.69
   70080,   70140,196.08,1032.8,2635.9,14.765, 112.96, 363.59
   70140,   70200,170.08,1037.2,2786.6,13.205, 113.35, 378.66
   70200,   70260,248.12,1076.6,2704.9,17.887, 116.9, 370.49
   70260,   70320,121.78,721.53,2383.1,10.307, 84.938, 338.31
   70320,   70380,122.61,721.01,2135.6,10.357, 84.891, 313.56
   70380,   70440,177.87,932.57,2491.6,13.672, 103.93, 349.16
   70440,   70500,317.81,1657.2,3110.8,22.069, 169.15, 411.08
   70500,   70560,448.96,2466.3,4297.3,29.937, 241.97, 529.73
   70560,   70620,294.05,1682,3875.9,20.643, 171.38, 487.59
   70620,   70680,192.75,1250.2,3466,14.565, 132.52, 446.6
   70680,   70740,173.27,1177.1,3500.2,13.396, 125.94, 450.02
   70740,   70800,324.08,1761.4,3789.9,22.445, 178.52, 478.99
   70800,   70860,387.93,2162.1,4429,26.276, 214.58, 542.9
   70860,   70920,350.96,1913.5,3948.2,24.058, 192.22, 494.82
   70920,   70980,280.17,1576.3,3879.4,19.81, 161.87, 487.94
   70980,   71040,258.77,1613.6,3971.2,18.526, 165.22, 497.12
   71040,   71100,333.73,1841.6,4582.4,23.024, 185.75, 558.24
   71100,   71160,326.68,2038.6,4946.7,22.601, 203.47, 594.67
   71160,   71220,252.24,1656.7,4379.5,18.134, 169.1, 537.95
   71220,   71280,312.25,1977.2,4824.2,21.735, 197.95, 582.42
   71280,   71340,702.98,3337.6,8742.4,45.179, 320.39, 974.24
   71340,   71400,1173.5,5308.4,11935,73.413, 497.76, 1293.5
   71400,   71460,1197.5,5517.3,11754,74.847, 516.56, 1275.4
   71460,   71520,545.24,3253.7,7444.6,35.714, 312.84, 844.46
   71520,   71580,310.1,1935,5006.2,21.606, 194.15, 600.62
   71580,   71640,303.89,1905.7,4724.4,21.233, 191.52, 572.44
   71640,   71700,376.95,2275.1,4918.1,25.617, 224.76, 591.81
   71700,   71760,465.4,2656.2,5452.1,30.924, 259.06, 645.21
   71760,   71820,289.46,1871.8,4644.2,20.367, 188.46, 564.42
   71820,   71880,386.74,2409.6,4842.7,26.205, 236.87, 584.27
   71880,   71940,378.06,2147.5,5806.4,25.683, 213.28, 680.64
   71940,   72000,241.07,1645,4650.3,17.464, 168.05, 565.03
   72000,   72060,243.49,1581.9,4463.4,17.609, 162.37, 546.34
   72060,   72120,436.19,2512.7,5492.7,29.171, 246.14, 649.27
   72120,   72180,688.17,3880.2,6681,44.29, 369.22, 768.1
   72180,   72240,758.38,3907.5,7824.4,48.503, 371.67, 882.44
   72240,   72300,1114.7,5152.5,10827,69.88, 483.72, 1182.7
   72300,   72360,1977,8497.9,13357,121.62, 784.81, 1435.7
   72360,   72420,670.53,3754.9,8258.4,43.232, 357.94, 925.84
   72420,   72480,270.3,1846.2,5298.6,19.218, 186.16, 629.86
   72480,   72540,238.09,1773.9,4884.4,17.286, 179.65, 588.44
   72540,   72600,254.55,1858.5,4985.9,18.273, 187.26, 598.59
   72600,   72660,247.99,1889.9,5050.3,17.879, 190.09, 605.03
   72660,   72720,275.15,2003.1,5325.8,19.509, 200.28, 632.58
   72720,   72780,293.09,2015.2,5192.6,20.585, 201.36, 619.26
   72780,   72840,267.88,1930.8,5317.4,19.073, 193.77, 631.74
   72840,   72900,246.22,1819.5,5034,17.773, 183.76, 603.4
   72900,   72960,180.13,1309.2,4317.5,13.808, 137.83, 531.75
   72960,   73020,481.99,2609.9,5298.8,31.919, 254.89, 629.88
   73020,   73080,-9999,-9999,-9999,-9999, -9999, -9999
   73080,   73140,-9999,-9999,-9999,-9999, -9999, -9999
   73140,   73200,-9999,-9999,-9999,-9999, -9999, -9999
   73200,   73260,-9999,-9999,-9999,-9999, -9999, -9999
   73260,   73320,-9999,-9999,-9999,-9999, -9999, -9999
   73320,   73380,-9999,-9999,-9999,-9999, -9999, -9999
   73380,   73440,-9999,-9999,-9999,-9999, -9999, -9999
   73440,   73500,801.48,4921.7,7822.8,51.089, 462.96, 882.28
   73500,   73560,591.33,4072,7047.9,38.48, 386.48, 804.79
   73560,   73620,308.85,2463.9,6228.9,21.531, 241.75, 722.89
   73620,   73680,281.11,2134.2,5605.6,19.867, 212.08, 660.56
   73680,   73740,904.08,4939.8,8441.5,57.245, 464.59, 944.15
   73740,   73800,760.05,5301.5,9738,48.603, 497.13, 1073.8
   73800,   73860,260.78,1961.7,5630,18.647, 196.55, 663
   73860,   73920,250.04,1739.5,4846.5,18.003, 176.55, 584.65
   73920,   73980,249.67,1712.1,4941.6,17.98, 174.09, 594.16
   73980,   74040,198.98,1476,4650,14.939, 152.84, 565
   74040,   74100,217.15,1528.4,4701.5,16.029, 157.56, 570.15
   74100,   74160,378.46,2553.7,6207.6,25.708, 249.83, 720.76
   74160,   74220,414.81,2765.5,5949.7,27.888, 268.9, 694.97
   74220,   74280,256.3,1746.3,4858.3,18.378, 177.17, 585.83
   74280,   74340,194.88,1306.7,4101.6,14.693, 137.61, 510.16
   74340,   74400,304.8,1976.4,5000.6,21.288, 197.87, 600.06
   74400,   74460,249.14,1582.9,4399,17.949, 162.46, 539.9
   74460,   74520,380.26,1931.9,5104.4,25.815, 193.87, 610.44
   74520,   74580,207.24,1366.1,3891.1,15.435, 142.95, 489.11
   74580,   74640,228.37,1373.4,3955.2,16.702, 143.61, 495.52
   74640,   74700,414.89,2117.4,4740.4,27.893, 210.56, 574.04
   74700,   74760,239.33,1485.1,4336.8,17.36, 153.66, 533.68
   74760,   74820,215.17,1393.4,4178.2,15.91, 145.41, 517.82
   74820,   74880,160.8,1119.7,3825.4,12.648, 120.77, 482.54
   74880,   74940,160.59,1078.8,3739.8,12.635, 117.09, 473.98
   74940,   75000,157.48,1101.4,3723.9,12.449, 119.13, 472.39
   75000,   75060,176.54,1225.4,3868.6,13.592, 130.29, 486.86
   75060,   75120,546.97,2963.9,5921.6,35.818, 286.75, 692.16
   75120,   75180,464.9,2746,5742.4,30.894, 267.14, 674.24
   75180,   75240,1285.5,6211.3,9173.4,80.129, 579.02, 1017.3
   75240,   75300,823.94,4542.5,10477,52.436, 428.83, 1147.7
   75300,   75360,638.08,3802.4,7434.8,41.285, 362.21, 843.48
   75360,   75420,368.74,2431.2,5721.9,25.125, 238.81, 672.19
   75420,   75480,669.77,4092.2,6824.5,43.186, 388.3, 782.45
   75480,   75540,694.45,3960.8,6874.2,44.667, 376.47, 787.42
   75540,   75600,483.26,3048.8,6412.1,31.996, 294.39, 741.21
   75600,   75660,409.85,2557.1,4980.6,27.591, 250.14, 598.06
   75660,   75720,689.94,3889.3,5412.5,44.397, 370.04, 641.25
   75720,   75780,624.31,3847.3,6168.2,40.459, 366.26, 716.82
   75780,   75840,195.24,1420.3,4258,14.714, 147.82, 525.8
   75840,   75900,266.2,1683.2,4232.6,18.972, 171.48, 523.26
   75900,   75960,188.06,1370.3,4015.6,14.284, 143.33, 501.56
   75960,   76020,149.93,1082.5,3646.2,11.996, 117.43, 464.62
   76020,   76080,147.21,1042.1,3712.5,11.833, 113.79, 471.25
   76080,   76140,168.16,1123.1,3860.9,13.09, 121.08, 486.09
   76140,   76200,156.88,1094.6,3731.3,12.413, 118.51, 473.13
   76200,   76260,178.92,1208.2,3773.2,13.735, 128.74, 477.32
   76260,   76320,239.47,1521.7,4076.8,17.368, 156.95, 507.68
   76320,   76380,205.63,1397.9,4252.5,15.338, 145.81, 525.25
   76380,   76440,257.53,1689.7,4594.5,18.452, 172.07, 559.45
   76440,   76500,248.26,1713.5,4761.4,17.896, 174.22, 576.14
   76500,   76560,2376.3,7942.6,14194,145.58, 734.83, 1519.4
   76560,   76620,3441.9,11769,18223,209.51, 1079.2, 1922.3
   76620,   76680,520.66,2989.5,6843.5,34.239, 289.06, 784.35
   76680,   76740,1954.7,7173.5,10894,120.28, 665.62, 1189.4
   76740,   76800,597.55,3595,7120,38.853, 343.55, 812
   76800,   76860,672.77,3989.7,7539.7,43.366, 379.07, 853.97
   76860,   76920,248.93,1578.9,4795,17.936, 162.1, 579.5
   76920,   76980,680.25,3596,6961.3,43.815, 343.64, 796.13
   76980,   77040,655.83,3603.6,7828.5,42.35, 344.33, 882.85
   77040,   77100,188.1,1341.8,4256.1,14.286, 140.76, 525.61
   77100,   77160,248.49,1682.9,4515.8,17.909, 171.46, 551.58
   77160,   77220,563.37,3113.8,5315.8,36.802, 300.24, 631.58
   77220,   77280,250.73,1925.5,5089.8,18.044, 193.3, 608.98
   77280,   77340,282.92,2122.9,5185.1,19.975, 211.07, 618.51
   77340,   77400,999.32,4639.9,6245.1,62.959, 437.59, 724.51
   77400,   77460,-9999,-9999,-9999,-9999, -9999, -9999
   77460,   77520,-9999,-9999,-9999,-9999, -9999, -9999
   77520,   77580,-9999,-9999,-9999,-9999, -9999, -9999
   77580,   77640,-9999,-9999,-9999,-9999, -9999, -9999
   77640,   77700,-9999,-9999,-9999,-9999, -9999, -9999
   77700,   77760,-9999,-9999,-9999,-9999, -9999, -9999
   77760,   77820,-9999,-9999,-9999,-9999, -9999, -9999
   77820,   77880,209.12,1510.9,4506.2,15.547, 155.98, 550.62
   77880,   77940,219.45,1549.8,4393.2,16.167, 159.48, 539.32
   77940,   78000,232.21,1589.8,4641.9,16.933, 163.08, 564.19
   78000,   78060,255.67,1724.3,5005.4,18.34, 175.19, 600.54
   78060,   78120,224.86,1554.3,4660.7,16.492, 159.89, 566.07
   78120,   78180,284.41,1789,5021.9,20.065, 181.01, 602.19
   78180,   78240,499.83,2743.1,5808.1,32.99, 266.88, 680.81
   78240,   78300,661.3,3523.7,6878.6,42.678, 337.13, 787.86
   78300,   78360,627.75,3344.6,6220.5,40.665, 321.01, 722.05
   78360,   78420,197.2,1366,4285.2,14.832, 142.94, 528.52
   78420,   78480,207.12,1476.7,4460.4,15.427, 152.91, 546.04
   78480,   78540,277.19,2042.5,5124.3,19.632, 203.83, 612.43
   78540,   78600,487.86,2901,5984.1,32.271, 281.09, 698.41
   78600,   78660,468.12,3080.4,6448,31.087, 297.24, 744.8
   78660,   78720,401.99,2799.3,6286,27.119, 271.94, 728.6
   78720,   78780,370.92,2510.6,5874.5,25.255, 245.95, 687.45
   78780,   78840,286.95,1987.7,5148.2,20.217, 198.89, 614.82
   78840,   78900,205.66,1549.2,4571.6,15.34, 159.43, 557.16
   78900,   78960,450.87,2571.3,7886.6,30.052, 251.41, 888.66
   78960,   79020,342.71,2380.6,6646.7,23.563, 234.26, 764.67
   79020,   79080,219.45,1677.3,4801.7,16.167, 170.96, 580.17
   79080,   79140,201.84,1673.2,4704.9,15.11, 170.59, 570.49
