CampaignData_and_Merges/R0/CSL_MobileLab_Parked/raw/20240717/USOS-NOAAIodideCIMS-OrgNitrs_MobileLabGround_20240717_RA.ict
38, 1001
Michael A Robinson, Chris Jernigan, Subi Thakali
NOAA ESRL Chemical Sciences Laboratory and CIRES, U. of Colorado
NOAA Iodide CIMS Instrument
USOS
1, 1
2024, 07, 17, 2024, 07, 18
0
starttime_UTC, seconds_past_midnight, seconds_of_day_since_00:00:00_UTC
5
1, 1, 1, 1, 1
-9999, -9999, -9999, -9999, -9999
C4H7NO5_NOAACIMS, pptv, Gas_C4H7NO5_InSitu_M_AVMR
ISOPN_NOAACIMS, pptv, Gas_ISOPN_InSitu_M_AVMR
C5H10O3_NOAACIMS, pptv, Gas_C5H10O3_InSitu_M_AVMR
C5H9NO5_NOAACIMS, pptv, Gas_C5H9NO5_InSitu_M_AVMR
C10H17NO4_NOAACIMS, pptv, Gas_C10H17NO4_InSitu_M_AVMR
1
N/A
18
PI_CONTACT_INFO: 325 Broadway, R/CSD 7, Boulder, Colorado 80305; michael.a.robinson@noaa.gov; chris.jernigan@noaa.gov;
PLATFORM: NOAA CSL Mobile Lab
LOCATION: SLC, Utah
ASSOCIATED_DATA: 1Hz data also available on request.
INSTRUMENT_INFO: NOAA I- ToF CIMS
DATA_INFO: Units: pptv
UNCERTAINTY: tbd
ULOD_FLAG: -7777
ULOD_VALUE: N/A
LLOD_FLAG: -8888
LLOD_VALUE: N/A
DM_CONTACT_INFO: Nathan Howard; nathan.h.howard@noaa.gov
PROJECT_INFO: USOS, summer 2024. https://csl.noaa.gov/groups/csl7/measurements/2024usos/
STIPULATIONS_ON_USE: only the USOS science team is allowed to use this data
OTHER_COMMENTS: Field data; Data are averaged to 1 minute intervals. Stationary data collected from a 10 ft tower on top of the mobile lab
REVISION: RA
RA: Preliminary Data; For in-field use only
starttime_UTC, C4H7NO5_NOAACIMS, ISOPN_NOAACIMS, C5H10O3_NOAACIMS, C5H9NO5_NOAACIMS, C10H17NO4_NOAACIMS
[from data line 1215]
72900,9.406,7.651,30.881,8.670,0.630
72960,9.793,8.169,32.241,8.585,0.672
73020,10.210,9.775,32.280,8.864,0.664
73080,10.132,9.577,33.201,8.881,0.557
73140,10.017,8.787,32.440,9.230,0.668
73200,9.957,8.607,34.158,9.099,0.632
73260,9.877,8.919,32.619,9.103,0.602
73320,10.162,9.050,34.017,9.338,0.581
73380,10.317,8.666,32.172,9.333,0.604
73440,10.260,10.463,32.961,9.256,0.611
73500,10.066,8.250,33.692,9.363,0.678
73560,10.052,8.494,33.641,9.135,0.667
73620,10.183,8.138,35.638,9.435,0.811
73680,10.107,8.324,34.839,9.002,0.636
73740,10.280,8.451,35.206,9.311,0.564
73800,9.561,6.886,34.085,8.254,0.089
73860,9.733,8.952,34.572,8.703,0.565
73920,-9999.000,-9999.000,-9999.000,-9999.000,-9999.000
73980,-9999.000,-9999.000,-9999.000,-9999.000,-9999.000
74040,-9999.000,-9999.000,-9999.000,-9999.000,-9999.000
74100,-9999.000,-9999.000,-9999.000,-9999.000,-9999.000
74160,-9999.000,-9999.000,-9999.000,-9999.000,-9999.000
74220,8.888,5.792,43.316,7.564,-0.013
74280,8.608,7.146,48.410,8.086,-0.013
74340,8.473,7.324,50.108,7.876,0.078
74400,8.654,7.984,59.891,7.893,0.388
74460,8.499,8.455,63.174,7.792,0.279
74520,8.647,9.265,69.405,7.690,0.464
74580,8.751,8.662,71.603,7.791,0.440
74640,9.249,8.954,73.169,8.330,0.511
74700,9.488,8.708,72.867,8.395,0.381
74760,9.398,7.967,73.632,8.113,0.191
74820,8.768,7.380,71.616,7.875,0.153
74880,8.736,7.743,66.829,7.429,0.353
74940,8.439,5.528,64.144,7.186,-0.032
75000,9.193,8.108,69.734,8.077,0.285
75060,9.194,8.461,71.887,7.612,0.296
75120,8.978,8.661,71.307,8.141,0.327
75180,8.591,6.828,52.097,7.647,0.476
75240,8.259,6.216,46.135,7.584,0.520
75300,8.121,5.876,44.032,7.424,0.372
75360,8.088,6.351,42.371,7.244,0.596
75420,7.884,7.300,40.665,7.279,0.542
75480,7.621,6.086,42.115,6.896,0.523
75540,7.318,5.493,42.644,6.307,0.003
75600,7.679,6.524,47.164,6.911,0.739
75660,7.925,6.880,46.457,7.091,0.591
75720,8.145,7.070,50.027,7.016,0.799
75780,8.483,7.341,55.077,7.278,0.644
75840,7.582,5.272,45.436,6.935,0.634
75900,7.849,6.155,43.735,7.109,0.650
75960,8.234,5.980,41.446,7.147,0.608
76020,8.464,6.561,42.558,7.425,0.690
76080,8.435,6.340,42.444,7.365,0.720
76140,8.411,6.467,41.864,7.656,0.659
76200,8.803,7.229,43.098,7.747,0.559
76260,8.946,6.995,44.052,7.790,0.592
76320,8.942,6.910,42.945,8.018,0.337
76380,8.962,5.191,42.470,7.464,0.049
76440,9.096,6.585,44.124,7.537,0.054
76500,9.403,7.442,43.652,8.191,0.398
76560,8.989,6.737,44.737,7.979,0.086
76620,9.157,6.862,46.991,7.878,0.482
76680,9.076,8.044,46.077,7.901,0.556
76740,8.981,7.900,48.799,7.994,0.532
76800,8.596,8.088,46.587,7.324,0.559
76860,8.726,7.818,52.231,7.615,0.507
76920,8.710,7.781,46.378,7.719,0.504
76980,8.527,7.519,43.904,7.286,0.359
77040,8.346,7.210,44.937,7.365,0.364
77100,8.388,7.470,43.287,7.221,0.444
77160,8.361,7.325,42.957,7.250,0.446
77220,7.866,5.452,38.792,6.997,-0.285
77280,8.364,7.856,40.814,7.136,0.423
77340,8.367,8.913,41.758,7.078,0.451
77400,8.336,8.627,39.992,7.050,0.473
77460,7.714,7.606,41.400,6.401,0.339
77520,7.860,8.322,45.237,6.498,0.499
77580,-9999.000,-9999.000,-9999.000,-9999.000,-9999.000
77640,-9999.000,-9999.000,-9999.000,-9999.000,-9999.000
77700,-9999.000,-9999.000,-9999.000,-9999.000,-9999.000
77760,-9999.000,-9999.000,-9999.000,-9999.000,-9999.000
77820,-9999.000,-9999.000,-9999.000,-9999.000,-9999.000
77880,8.507,7.615,39.013,7.344,0.094
77940,8.781,8.182,35.222,7.515,0.525
78000,8.823,7.616,31.767,7.447,0.416
78060,8.661,7.952,33.203,7.603,0.514
78120,8.739,7.451,29.395,7.559,0.464
78180,8.780,7.740,31.225,7.502,0.501
78240,8.647,8.089,32.034,7.392,0.542
78300,8.575,8.420,32.952,7.466,0.584
78360,8.758,7.681,31.224,7.415,0.457
78420,8.896,8.373,34.416,7.412,0.540
78480,8.712,8.573,36.682,7.417,0.597
78540,8.645,9.989,38.504,7.501,0.594
78600,8.844,10.075,37.454,7.444,0.650
78660,8.715,11.045,39.884,7.298,0.714
78720,8.421,7.519,31.766,7.030,0.590
78780,8.419,7.574,30.201,7.033,0.782
78840,8.564,7.729,29.760,7.062,0.783
78900,8.474,7.747,28.924,6.805,0.705
78960,8.754,7.649,28.486,6.780,0.869
79020,8.843,7.569,26.425,7.014,0.768
79080,8.761,7.514,26.989,6.809,0.974
79140,8.605,7.207,28.696,6.480,0.724
79200,8.663,7.203,26.054,6.525,0.690
79260,8.496,5.683,27.121,6.404,0.072
79320,8.429,5.132,27.471,6.441,0.028
79380,8.610,7.718,29.060,6.537,0.343
79440,8.372,4.888,26.569,6.230,0.031
79500,8.684,6.040,26.716,6.373,0.174
79560,7.537,4.172,23.350,5.896,-0.000
79620,8.184,5.174,26.657,6.210,0.310
79680,8.660,7.367,26.601,5.796,0.749
79740,8.457,4.250,24.730,5.134,0.195
79800,8.294,2.338,29.188,3.786,-0.019
79860,8.843,7.838,30.319,5.583,0.738
79920,8.406,5.895,29.269,5.491,0.235
79980,8.718,7.705,28.180,5.584,0.640
80040,8.520,7.529,34.071,5.554,0.870
80100,8.374,7.294,26.728,5.267,0.733
80160,8.518,7.685,29.536,5.486,0.736
80220,8.663,7.712,26.843,5.433,0.621
80280,8.478,7.859,31.589,5.891,0.716
80340,8.558,7.821,28.744,5.735,0.702
80400,8.872,7.522,30.078,5.996,0.796
80460,8.886,7.082,27.068,5.833,0.625
80520,8.995,6.833,24.766,5.878,0.657
80580,8.975,7.726,28.866,5.817,0.609
80640,9.308,7.677,35.742,6.060,0.571
80700,9.305,7.733,36.522,6.058,0.523
80760,9.445,7.636,37.891,6.141,0.552
80820,9.505,7.186,35.729,6.217,0.464
80880,9.487,7.481,40.578,6.545,0.669
80940,9.451,7.124,36.501,6.258,0.441
81000,9.225,7.641,37.135,6.342,0.627
81060,9.360,6.859,35.053,6.451,0.383
81120,9.242,7.211,37.498,6.470,0.496
81180,9.235,7.985,36.116,6.208,0.421
81240,9.092,8.339,39.355,6.101,0.495
81300,9.003,7.897,39.770,6.025,0.368
81360,-9999.000,-9999.000,-9999.000,-9999.000,-9999.000
81420,-9999.000,-9999.000,-9999.000,-9999.000,-9999.000
81480,-9999.000,-9999.000,-9999.000,-9999.000,-9999.000
81540,-9999.000,-9999.000,-9999.000,-9999.000,-9999.000
81600,-9999.000,-9999.000,-9999.000,-9999.000,-9999.000
81660,8.785,7.694,45.353,6.167,0.362
81720,8.512,7.124,48.011,6.071,0.269
81780,8.366,7.333,49.431,6.064,0.348
81840,8.482,6.629,48.981,5.669,0.309
81900,8.494,6.927,52.636,5.898,0.289
81960,8.401,6.364,51.976,5.637,0.322
82020,8.073,5.656,52.705,5.604,0.276
82080,8.134,5.658,52.826,5.653,0.351
82140,8.337,5.904,51.459,5.620,0.244
82200,8.341,6.331,47.877,5.526,0.207
82260,8.337,6.112,46.010,5.617,0.319
82320,8.118,6.163,43.734,5.485,0.288
82380,8.290,5.727,38.068,5.452,0.228
82440,8.093,5.508,36.402,5.442,0.258
82500,8.068,5.381,33.543,5.415,0.287
82560,7.970,6.118,35.552,5.213,0.460
82620,8.384,7.031,38.320,5.311,0.340
82680,8.539,6.528,39.570,5.387,0.302
82740,8.788,6.028,42.858,5.623,0.419
82800,8.755,5.957,43.343,5.647,0.319
82860,8.653,6.199,42.084,5.596,0.326
82920,8.797,5.738,44.463,5.477,0.379
82980,8.845,5.864,41.503,5.630,0.377
83040,9.008,6.832,42.824,5.758,0.423
83100,8.821,6.766,42.626,5.659,0.372
83160,8.573,7.306,42.702,5.584,0.414
83220,-9999.000,-9999.000,-9999.000,-9999.000,-9999.000
83280,-9999.000,-9999.000,-9999.000,-9999.000,-9999.000
83340,-9999.000,-9999.000,-9999.000,-9999.000,-9999.000
83400,-9999.000,-9999.000,-9999.000,-9999.000,-9999.000
83460,8.104,5.646,41.364,5.464,0.444
83520,8.006,5.696,42.630,5.215,0.278
83580,8.145,5.763,45.380,5.405,0.333
83640,8.200,6.257,47.000,5.225,0.277
83700,8.206,5.523,52.457,5.415,0.385
83760,8.188,6.033,53.572,5.239,0.257
83820,8.175,6.118,52.996,5.357,0.318
83880,8.312,6.181,51.582,5.225,0.295
83940,8.291,6.126,51.035,5.161,0.256
84000,8.455,6.075,49.373,5.210,0.284
84060,8.528,6.993,51.336,5.335,0.275
84120,8.443,6.621,49.133,5.184,0.216
84180,8.450,6.481,48.222,5.320,0.198
84240,8.169,6.250,44.047,5.107,0.267
84300,8.021,5.569,39.518,4.970,0.259
84360,7.975,5.647,38.801,5.107,0.163
84420,8.240,6.161,39.828,5.138,0.211
84480,8.164,6.632,40.276,5.047,0.154
84540,8.188,6.178,40.530,5.076,0.263
84600,8.137,5.815,42.313,5.166,0.266
84660,7.848,6.065,41.862,5.175,0.138
84720,8.067,6.546,42.704,5.159,0.216
84780,8.220,7.126,42.570,5.146,0.289
84840,8.071,7.030,41.127,5.152,0.185
84900,8.167,8.171,38.067,5.387,0.254
84960,7.823,8.339,35.047,5.293,0.292
85020,-9999.000,-9999.000,-9999.000,-9999.000,-9999.000
85080,-9999.000,-9999.000,-9999.000,-9999.000,-9999.000
85140,-9999.000,-9999.000,-9999.000,-9999.000,-9999.000
85200,-9999.000,-9999.000,-9999.000,-9999.000,-9999.000
85260,7.939,8.371,32.818,5.988,0.216
85320,8.106,8.081,31.655,5.950,0.083
85380,8.107,8.998,32.652,5.964,0.185
85440,8.190,9.526,34.472,5.902,0.281
85500,8.085,9.091,33.250,5.832,0.314
85560,7.997,7.747,28.828,5.826,0.183
85620,8.034,6.950,26.774,5.630,0.291
85680,8.183,7.035,27.779,5.781,0.346
85740,8.212,6.390,25.679,5.513,0.235
85800,8.039,6.875,25.722,5.633,0.365
85860,8.470,10.249,35.157,5.937,0.254
85920,8.612,10.746,38.207,6.072,0.300
85980,8.640,10.692,39.790,5.662,0.191
86040,8.620,11.058,39.669,5.840,0.251
86100,8.700,11.304,40.397,6.044,0.332
86160,8.901,11.172,41.507,6.059,0.289
86220,8.990,11.771,41.964,6.112,0.271
86280,8.841,11.087,43.191,6.209,0.389
86340,8.847,11.310,41.831,6.378,0.307
