CampaignData_and_Merges/R0/CSL_MobileLab_Parked/raw/20240717/USOS-MetNav_MobileLabGround_20240717_R0.ict
44, 1001
Carrie Womack, Nate Howard, Mike Zucker
NOAA Chemical Sciences Laboratory
Mobile Lab MetNav Station
USOS
1, 1
2024, 07, 17, 2024, 12, 21
60
Time_Start, seconds_past_midnight, Seconds from midnight UTC
11
1, 1, 1, 1, 1, 1, 1, 1, 1, 1, 1
-9999, -9999, -9999, -9999, -9999, -9999, -9999, -9999, -9999, -9999, -9999
GPS_Alt_m, meters, Altitude from Differential GPS
GPS_Course_deg, degrees, Course from Differential GPS
GPS_GndSpd_m_s, m/s, Ground Speed from Differential GPS
GPS_Heading_deg, degrees, Heading from Differential GPS
GPS_Lat_deg, degrees, Latitude from Differential GPS
GPS_Lon_deg, degrees, Longitude from Differential GPS
AirTemp_C, Celsius, Air Temperature from Airmar
RelHumidity_pct, percent, Relative Humidity from Airmar
Pressure_mb, millibars, Pressure from Honeywell
WindDir_calc_deg, degrees, Wind Direction from Airmar corrected for van movement
WindSpd_calc_m_s, m/s, Wind Speed from Airmar corrected for van movement
1
SPECIAL COMMENTS:
18
PI_CONTACT_INFO: Address: 325 Broadway R/CSL7, Boulder, CO, 80305
PLATFORM: CSL Mobile Lab
LOCATION: Salt Lake City, UT
ASSOCIATED_DATA: N/A
INSTRUMENT_INFO: N/A
DATA_INFO: Units:
UNCERTAINTY: N/A
ULOD_FLAG: -7777
ULOD_VALUE: N/A
LLOD_FLAG: -8888
LLOD_VALUE: N/A
DM_CONTACT_INFO: Data Manager: Nate Howard
PROJECT_INFO: 
STIPULATIONS_ON_USE: Use of these data require prior ok from PI.
OTHER_COMMENTS: 
REVISION: R0
R0: Final data. Fixed bug in wind averaging code. RA: Preliminary Data. For in-field use only. 
Time_Start, GPS_Alt_m, GPS_Course_deg, GPS_GndSpd_m_s, GPS_Heading_deg, GPS_Lat_deg, GPS_Lon_deg, AirTemp_C, RelHumidity_pct, Pressure_mb, WindDir_calc_deg, WindSpd_calc_m_s
[from data line 202]
12120.0,1309.5,359.34,0.06,359.34,40.73435,-111.87211,27.0,24.5,875.3,123.57,1.2
12180.0,1309.4,359.59,0.06,359.59,40.73435,-111.87211,26.9,24.6,875.3,132.13,1.5
12240.0,1309.1,359.25,0.05,359.25,40.73435,-111.87211,26.9,24.6,875.3,123.28,1.4
12300.0,1309.2,359.12,0.05,359.12,40.73435,-111.87211,26.8,24.4,875.4,112.80,1.5
12360.0,1309.3,359.12,0.04,359.12,40.73435,-111.87211,26.8,24.5,875.4,116.14,1.4
12420.0,1309.4,359.29,0.05,359.29,40.73435,-111.87211,26.8,24.6,875.4,124.05,1.3
12480.0,1309.4,359.62,0.05,359.62,40.73435,-111.87211,26.7,24.6,875.4,116.35,1.2
12540.0,1309.4,0.25,0.05,0.25,40.73435,-111.87211,26.6,24.6,875.5,120.12,2.4
12600.0,1309.2,0.25,0.05,0.25,40.73435,-111.87210,26.6,24.6,875.5,117.03,1.3
12660.0,1309.1,0.47,0.06,0.47,40.73435,-111.87210,26.5,24.8,875.5,121.61,1.3
12720.0,1309.1,0.74,0.05,0.74,40.73435,-111.87210,26.5,24.9,875.5,126.85,1.2
12780.0,1309.0,0.20,0.05,0.20,40.73434,-111.87210,26.5,24.9,875.5,118.23,0.9
12840.0,1308.9,359.62,0.05,359.62,40.73434,-111.87210,26.4,24.7,875.5,115.19,1.4
12900.0,1308.8,359.58,0.05,359.58,40.73435,-111.87210,26.4,24.7,875.5,133.29,1.1
12960.0,1308.8,359.72,0.05,359.72,40.73435,-111.87210,26.4,24.9,875.5,130.72,0.8
13020.0,1308.8,0.19,0.05,0.19,40.73435,-111.87210,26.3,24.8,875.5,109.41,0.9
13080.0,1308.8,0.26,0.04,0.26,40.73435,-111.87210,26.2,24.6,875.6,119.87,0.9
13140.0,1308.9,0.28,0.05,0.28,40.73435,-111.87210,26.2,24.7,875.6,104.89,0.7
13200.0,1309.1,0.75,0.06,0.75,40.73435,-111.87210,26.2,24.6,875.6,110.60,0.6
13260.0,1309.0,0.89,0.06,0.89,40.73435,-111.87210,26.2,24.7,875.6,113.39,0.4
13320.0,1309.3,0.69,0.06,0.69,40.73435,-111.87210,26.2,24.8,875.6,117.16,0.4
13380.0,1309.1,359.99,0.06,359.99,40.73435,-111.87210,26.2,24.8,875.6,83.98,0.3
13440.0,1309.0,0.06,0.05,0.06,40.73435,-111.87210,26.2,24.6,875.6,96.54,0.4
13500.0,1309.3,359.58,0.05,359.58,40.73435,-111.87210,26.3,24.7,875.6,126.65,0.7
13560.0,1309.0,359.40,0.04,359.40,40.73435,-111.87210,26.2,24.5,875.6,127.13,0.7
13620.0,1309.1,359.46,0.05,359.46,40.73435,-111.87210,26.2,24.5,875.6,105.38,0.5
13680.0,1309.2,359.32,0.06,359.32,40.73435,-111.87210,26.1,24.8,875.6,116.44,0.8
13740.0,1309.0,359.74,0.06,359.74,40.73435,-111.87210,26.1,24.6,875.6,117.92,0.5
13800.0,1308.8,359.85,0.05,359.85,40.73435,-111.87210,26.1,24.6,875.6,110.89,0.3
13860.0,1308.6,359.76,0.04,359.76,40.73435,-111.87210,26.1,24.8,875.6,124.84,1.1
13920.0,1308.5,0.13,0.05,0.13,40.73435,-111.87210,26.0,24.5,875.6,130.72,0.4
13980.0,1308.4,0.09,0.05,0.09,40.73435,-111.87211,26.0,24.6,875.6,128.14,0.7
14040.0,1308.4,0.09,0.06,0.09,40.73434,-111.87210,26.0,24.6,875.6,121.22,0.7
14100.0,1308.2,359.66,0.05,359.66,40.73434,-111.87210,26.0,24.7,875.6,121.91,0.8
14160.0,1308.1,359.66,0.05,359.66,40.73434,-111.87210,25.9,24.7,875.6,111.41,0.5
14220.0,1308.1,0.29,0.05,0.29,40.73434,-111.87210,25.9,24.6,875.6,118.07,0.7
14280.0,1308.2,0.08,0.06,0.08,40.73434,-111.87210,25.8,24.5,875.6,113.67,0.7
14340.0,1308.1,359.34,0.06,359.34,40.73434,-111.87210,25.8,24.5,875.6,123.01,0.8
14400.0,1308.2,359.61,0.06,359.61,40.73434,-111.87210,25.8,24.6,875.6,123.72,0.5
14460.0,1308.1,359.65,0.05,359.65,40.73434,-111.87210,25.8,24.6,875.6,139.42,0.5
14520.0,1308.1,359.15,0.05,359.15,40.73434,-111.87210,25.7,24.7,875.6,125.10,0.8
14580.0,1308.2,358.76,0.05,358.76,40.73434,-111.87210,25.7,24.6,875.6,111.44,0.7
14640.0,1308.3,359.12,0.05,359.12,40.73434,-111.87210,25.7,24.6,875.6,125.49,0.6
14700.0,1308.1,359.07,0.05,359.07,40.73434,-111.87210,25.7,24.4,875.6,126.14,0.9
14760.0,1308.1,359.72,0.05,359.72,40.73434,-111.87210,25.7,24.5,875.6,115.43,1.0
14820.0,1308.2,359.45,0.05,359.45,40.73434,-111.87210,25.6,24.6,875.6,128.43,1.4
14880.0,1308.2,359.31,0.05,359.31,40.73434,-111.87210,25.6,24.9,875.6,127.54,1.5
14940.0,1308.2,359.27,0.05,359.27,40.73434,-111.87210,25.6,24.7,875.6,115.66,1.0
15000.0,1308.3,359.41,0.05,359.41,40.73434,-111.87210,25.5,24.7,875.6,124.21,1.3
15060.0,1308.4,358.93,0.05,358.93,40.73434,-111.87210,25.5,24.7,875.7,121.77,1.3
15120.0,1308.4,358.81,0.05,358.81,40.73434,-111.87210,25.5,24.6,875.6,116.84,1.4
15180.0,1308.3,358.56,0.05,358.56,40.73434,-111.87210,25.5,24.7,875.7,121.93,1.4
15240.0,1308.4,358.95,0.05,358.95,40.73434,-111.87210,25.5,24.4,875.6,126.30,1.2
15300.0,1308.5,359.06,0.05,359.06,40.73434,-111.87210,25.4,24.5,875.6,122.94,2.3
15360.0,1308.7,359.71,0.05,359.71,40.73434,-111.87210,25.5,24.3,875.6,118.71,1.8
15420.0,1308.7,359.85,0.06,359.85,40.73434,-111.87210,25.5,24.2,875.6,114.04,1.4
15480.0,1308.6,359.77,0.06,359.77,40.73434,-111.87210,25.5,24.1,875.6,120.10,1.7
15540.0,1308.5,359.32,0.05,359.32,40.73434,-111.87210,25.5,24.1,875.6,117.71,1.7
15600.0,1308.5,358.86,0.05,358.86,40.73434,-111.87210,25.5,24.1,875.7,119.69,1.6
15660.0,1308.5,359.25,0.04,359.25,40.73434,-111.87210,25.5,24.1,875.7,127.76,1.7
15720.0,1308.5,359.45,0.05,359.45,40.73434,-111.87210,25.5,24.4,875.7,126.73,1.9
15780.0,1308.5,359.72,0.04,359.72,40.73435,-111.87210,25.5,24.3,875.7,124.56,2.2
15840.0,1308.4,359.60,0.05,359.60,40.73435,-111.87210,25.5,24.1,875.7,121.17,2.5
15900.0,1308.1,359.66,0.06,359.66,40.73435,-111.87210,25.5,24.1,875.7,124.13,3.0
15960.0,1308.3,359.65,0.05,359.65,40.73434,-111.87210,25.5,24.3,875.8,130.61,2.8
16020.0,1308.2,359.32,0.05,359.32,40.73434,-111.87210,25.4,24.3,875.8,127.41,2.9
16080.0,1308.1,359.72,0.05,359.72,40.73435,-111.87210,25.4,24.6,875.8,136.84,3.0
16140.0,1308.6,359.92,0.05,359.92,40.73434,-111.87210,25.3,24.5,875.8,135.17,3.2
16200.0,1308.7,0.20,0.05,0.20,40.73434,-111.87210,25.2,24.5,875.8,134.62,3.5
16260.0,1308.3,0.43,0.06,0.43,40.73435,-111.87210,25.3,24.7,875.8,124.62,2.1
16320.0,1307.9,0.21,0.06,0.21,40.73435,-111.87210,25.2,24.6,875.8,120.04,2.6
16380.0,1307.9,0.18,0.06,0.18,40.73435,-111.87210,25.2,24.6,875.8,120.74,3.3
16440.0,1307.5,0.01,0.05,0.01,40.73435,-111.87210,25.2,24.5,875.8,120.98,2.9
16500.0,1307.7,359.66,0.05,359.66,40.73435,-111.87210,25.2,24.4,875.8,117.97,2.3
16560.0,1307.5,0.03,0.05,0.03,40.73435,-111.87210,25.1,24.5,875.8,123.80,3.0
16620.0,1307.8,359.15,0.05,359.15,40.73435,-111.87210,25.1,24.6,875.8,119.15,2.3
16680.0,1308.0,359.06,0.05,359.06,40.73435,-111.87210,25.1,24.8,875.8,119.25,2.1
16740.0,1308.2,358.84,0.05,358.84,40.73435,-111.87210,25.1,24.5,875.8,122.39,1.5
16800.0,1308.5,359.51,0.05,359.51,40.73435,-111.87210,25.1,24.7,875.8,121.78,2.0
16860.0,1308.4,359.01,0.05,359.01,40.73435,-111.87210,25.0,24.6,875.8,117.97,3.0
16920.0,1308.4,358.87,0.05,358.87,40.73435,-111.87210,25.0,24.6,875.8,126.78,2.7
16980.0,1308.4,358.84,0.05,358.84,40.73435,-111.87210,25.0,24.7,875.8,122.63,2.6
17040.0,1308.1,359.11,0.05,359.11,40.73435,-111.87210,25.1,24.6,875.8,116.43,1.8
17100.0,1307.9,359.37,0.05,359.37,40.73435,-111.87211,25.1,24.5,875.7,123.71,2.4
17160.0,1308.1,358.95,0.05,358.95,40.73435,-111.87210,25.0,24.5,875.8,117.27,1.8
17220.0,1308.1,358.28,0.05,358.28,40.73435,-111.87211,25.0,24.5,875.8,118.44,2.4
17280.0,1307.7,359.05,0.05,359.05,40.73435,-111.87211,25.0,24.6,875.8,122.21,3.8
17340.0,1308.1,359.61,0.05,359.61,40.73435,-111.87211,25.0,24.6,875.8,122.69,3.5
17400.0,1308.3,359.85,0.05,359.85,40.73435,-111.87210,24.9,24.6,875.8,120.20,2.3
17460.0,1308.2,359.99,0.06,359.99,40.73435,-111.87210,25.0,24.7,875.8,121.08,2.3
17520.0,1308.0,359.93,0.06,359.93,40.73435,-111.87210,25.0,24.7,875.8,119.78,2.4
17580.0,1307.8,359.88,0.06,359.88,40.73435,-111.87211,24.9,25.0,875.8,122.76,1.7
17640.0,1308.0,0.03,0.06,0.03,40.73435,-111.87211,24.9,24.9,875.8,119.77,2.1
17700.0,1308.2,359.72,0.06,359.72,40.73434,-111.87211,24.9,24.8,875.8,118.89,2.8
17760.0,1308.3,359.47,0.06,359.47,40.73434,-111.87210,24.9,24.9,875.8,122.93,1.9
17820.0,1308.4,359.64,0.05,359.64,40.73434,-111.87210,24.9,25.0,875.8,123.38,2.9
17880.0,1308.0,359.83,0.05,359.83,40.73434,-111.87210,24.9,24.9,875.8,123.45,2.8
17940.0,1307.5,359.75,0.06,359.75,40.73435,-111.87210,24.8,24.9,875.8,122.37,2.8
18000.0,1307.3,0.09,0.05,0.09,40.73435,-111.87210,24.8,24.9,875.8,120.42,1.9
18060.0,1307.3,359.90,0.06,359.90,40.73435,-111.87210,24.8,25.0,875.8,123.79,2.0
18120.0,1307.1,359.83,0.05,359.83,40.73435,-111.87210,24.8,25.0,875.9,118.54,1.9
18180.0,1307.2,359.94,0.05,359.94,40.73435,-111.87211,24.8,24.6,875.8,128.36,1.6
18240.0,1307.3,360.00,0.04,360.00,40.73435,-111.87211,24.8,24.8,875.9,124.73,2.2
18300.0,1307.2,359.72,0.05,359.72,40.73435,-111.87211,24.7,25.1,875.9,118.64,2.3
18360.0,1307.5,359.78,0.05,359.78,40.73435,-111.87210,24.8,24.9,875.9,124.04,1.8
18420.0,1307.5,359.70,0.05,359.70,40.73435,-111.87210,24.7,24.8,875.9,100.54,0.9
18480.0,1307.2,359.89,0.06,359.89,40.73435,-111.87210,24.7,24.8,875.9,121.75,2.8
18540.0,1307.3,0.06,0.05,0.06,40.73435,-111.87210,24.7,24.9,875.9,119.89,3.1
18600.0,1307.6,359.60,0.06,359.60,40.73435,-111.87210,24.7,24.8,875.9,124.44,3.3
18660.0,1307.4,359.07,0.06,359.07,40.73434,-111.87210,24.7,25.1,875.9,131.46,3.4
18720.0,1307.7,359.13,0.06,359.13,40.73435,-111.87210,24.6,25.1,875.9,123.50,3.5
18780.0,1308.0,359.22,0.05,359.22,40.73435,-111.87210,24.6,25.0,875.9,122.82,3.1
18840.0,1307.0,358.92,0.06,358.92,40.73435,-111.87211,24.6,24.9,875.9,124.78,3.2
18900.0,1306.8,358.86,0.05,358.86,40.73434,-111.87211,24.6,25.0,875.9,123.67,2.1
18960.0,1306.4,358.94,0.05,358.94,40.73434,-111.87211,24.6,25.0,875.9,123.47,3.4
19020.0,1305.9,359.00,0.07,359.00,40.73434,-111.87211,24.6,24.9,875.8,118.70,2.0
19080.0,1306.1,359.22,0.06,359.22,40.73434,-111.87211,24.6,25.0,875.8,126.90,3.1
19140.0,1306.4,359.04,0.06,359.04,40.73434,-111.87211,24.6,24.8,875.9,121.40,2.1
19200.0,1306.7,358.90,0.06,358.90,40.73434,-111.87211,24.6,24.8,875.9,122.03,2.1
19260.0,1306.9,358.86,0.07,358.86,40.73434,-111.87211,24.6,24.8,875.9,126.58,2.3
19320.0,1307.1,358.87,0.06,358.87,40.73434,-111.87211,24.6,25.1,875.9,127.73,2.5
19380.0,1307.6,358.48,0.07,358.48,40.73434,-111.87211,24.6,25.0,875.9,128.28,2.1
19440.0,1308.2,358.77,0.06,358.77,40.73434,-111.87210,24.6,24.7,875.8,133.87,2.9
19500.0,1308.0,359.09,0.06,359.09,40.73434,-111.87211,24.7,24.7,875.8,129.40,2.6
19560.0,1308.3,359.08,0.06,359.08,40.73434,-111.87211,24.7,24.9,875.9,131.07,2.1
19620.0,1308.2,359.46,0.05,359.46,40.73434,-111.87211,24.6,25.1,875.9,126.87,2.3
19680.0,1308.2,359.93,0.06,359.93,40.73434,-111.87211,24.6,25.0,875.8,126.91,2.4
19740.0,1308.2,359.32,0.05,359.32,40.73434,-111.87211,24.6,25.1,875.8,135.80,2.0
19800.0,1308.1,359.44,0.06,359.44,40.73435,-111.87211,24.6,25.3,875.8,134.72,2.6
19860.0,1308.1,359.64,0.06,359.64,40.73435,-111.87211,24.6,25.2,875.8,133.54,2.9
19920.0,1308.2,359.85,0.06,359.85,40.73435,-111.87210,24.5,25.2,875.8,128.56,3.6
19980.0,1308.2,359.64,0.06,359.64,40.73435,-111.87210,24.5,25.3,875.8,128.76,3.3
20040.0,1308.3,359.71,0.05,359.71,40.73435,-111.87210,24.5,25.4,875.8,133.77,3.8
20100.0,1308.3,359.67,0.05,359.67,40.73435,-111.87210,24.4,25.5,875.8,129.30,3.6
20160.0,1308.2,359.67,0.05,359.67,40.73435,-111.87210,24.4,25.4,875.8,127.16,3.3
20220.0,1308.1,359.23,0.05,359.23,40.73435,-111.87211,24.4,25.4,875.8,130.76,3.5
20280.0,1307.8,359.44,0.05,359.44,40.73435,-111.87211,24.4,25.5,875.8,133.12,3.4
20340.0,1307.6,358.89,0.05,358.89,40.73435,-111.87211,24.4,25.6,875.8,133.14,3.6
20400.0,1307.5,359.18,0.05,359.18,40.73435,-111.87211,24.3,25.3,875.8,124.70,4.8
20460.0,1307.4,359.36,0.05,359.36,40.73435,-111.87211,24.4,25.4,875.9,133.60,4.4
20520.0,1307.2,359.45,0.04,359.45,40.73435,-111.87211,24.4,25.6,875.8,130.39,3.1
20580.0,1307.1,359.41,0.05,359.41,40.73435,-111.87211,24.4,25.3,875.8,125.97,2.5
20640.0,1307.1,359.11,0.04,359.11,40.73435,-111.87211,24.4,25.4,875.9,123.01,2.6
20700.0,1307.2,358.78,0.04,358.78,40.73435,-111.87211,24.4,25.4,875.8,129.77,2.6
20760.0,1307.2,358.58,0.04,358.58,40.73435,-111.87211,24.4,25.3,875.8,131.15,2.9
20820.0,1307.1,358.77,0.05,358.77,40.73435,-111.87211,24.4,25.6,875.8,137.34,3.4
20880.0,1307.0,359.24,0.04,359.24,40.73435,-111.87211,24.4,25.4,875.9,142.79,3.1
20940.0,1307.3,359.23,0.05,359.23,40.73435,-111.87211,24.4,25.6,875.9,136.58,2.6
21000.0,1307.4,358.83,0.04,358.83,40.73435,-111.87211,24.3,25.9,875.9,132.38,2.7
21060.0,1307.3,358.75,0.05,358.75,40.73435,-111.87211,24.3,26.0,875.9,129.17,3.2
21120.0,1307.4,358.66,0.04,358.66,40.73435,-111.87211,24.3,25.7,875.8,127.14,3.0
21180.0,1307.4,358.77,0.05,358.77,40.73435,-111.87211,24.2,26.3,875.9,134.28,3.1
21240.0,1307.3,359.00,0.05,359.00,40.73435,-111.87211,24.1,26.5,875.9,139.55,3.3
21300.0,1307.2,359.12,0.05,359.12,40.73435,-111.87211,24.2,26.2,875.9,131.85,3.0
21360.0,1307.2,358.52,0.05,358.52,40.73435,-111.87211,24.2,26.1,875.9,128.87,3.2
21420.0,1307.1,358.04,0.05,358.04,40.73435,-111.87211,24.2,26.5,875.9,133.67,3.0
21480.0,1307.1,358.10,0.05,358.10,40.73435,-111.87211,24.2,26.2,875.8,129.41,3.0
21540.0,1307.3,357.69,0.05,357.69,40.73435,-111.87211,24.2,26.1,875.9,128.71,2.7
21600.0,1307.6,357.35,0.04,357.35,40.73435,-111.87211,24.1,26.1,875.9,120.07,2.0
21660.0,1307.9,357.48,0.05,357.48,40.73435,-111.87211,24.2,25.9,875.9,116.18,2.4
21720.0,1307.9,357.29,0.04,357.29,40.73435,-111.87211,24.2,25.9,875.9,123.93,2.5
21780.0,1308.0,357.90,0.05,357.90,40.73435,-111.87211,24.2,25.9,875.9,116.81,2.1
21840.0,1308.0,358.42,0.05,358.42,40.73435,-111.87211,24.3,25.8,875.9,111.06,1.7
21900.0,1307.8,358.56,0.05,358.56,40.73435,-111.87211,24.3,25.7,875.9,118.09,3.0
21960.0,1307.9,358.09,0.05,358.09,40.73435,-111.87211,24.3,25.6,875.9,120.45,2.6
22020.0,1307.9,357.92,0.05,357.92,40.73435,-111.87211,24.4,25.6,876.0,120.20,2.3
22080.0,1308.0,357.77,0.05,357.77,40.73435,-111.87211,24.4,25.7,876.0,115.93,1.7
22140.0,1308.1,358.07,0.05,358.07,40.73435,-111.87211,24.4,25.7,875.9,118.73,2.0
22200.0,1308.2,358.37,0.04,358.37,40.73435,-111.87211,24.4,25.6,875.9,98.71,0.9
22260.0,1308.2,358.26,0.04,358.26,40.73435,-111.87211,24.4,25.5,875.9,111.60,1.2
22320.0,1308.3,358.72,0.04,358.72,40.73435,-111.87211,24.4,25.6,875.9,120.05,1.1
22380.0,1308.3,358.49,0.05,358.49,40.73435,-111.87211,24.4,26.0,875.9,113.13,1.1
22440.0,1308.3,358.25,0.05,358.25,40.73435,-111.87211,24.4,25.7,875.9,124.20,1.9
22500.0,1308.2,358.47,0.04,358.47,40.73435,-111.87211,24.4,25.6,875.9,131.92,2.4
22560.0,1308.4,358.61,0.05,358.61,40.73435,-111.87211,24.4,25.8,875.9,126.24,2.5
22620.0,1308.5,358.59,0.05,358.59,40.73435,-111.87211,24.4,25.6,875.9,129.43,3.1
22680.0,1308.7,358.69,0.05,358.69,40.73435,-111.87211,24.4,25.7,875.9,129.18,3.2
22740.0,1308.9,358.73,0.04,358.73,40.73435,-111.87211,24.4,25.9,875.9,122.42,2.9
22800.0,1308.9,359.06,0.04,359.06,40.73435,-111.87211,24.4,26.0,875.9,125.32,3.2
22860.0,1309.1,359.32,0.04,359.32,40.73435,-111.87211,24.4,26.0,875.9,128.00,3.3
22920.0,1309.1,359.46,0.05,359.46,40.73435,-111.87211,24.4,26.1,875.9,126.15,3.1
22980.0,1309.1,359.89,0.05,359.89,40.73435,-111.87211,24.4,26.1,875.9,122.03,3.6
23040.0,1309.1,0.09,0.04,0.09,40.73435,-111.87211,24.4,26.1,875.9,121.66,2.7
23100.0,1309.1,359.83,0.04,359.83,40.73435,-111.87211,24.4,26.2,875.9,117.31,2.5
23160.0,1309.1,359.68,0.05,359.68,40.73435,-111.87211,24.5,26.2,876.0,123.58,2.7
23220.0,1309.5,359.64,0.04,359.64,40.73435,-111.87211,24.5,26.0,875.9,114.75,2.1
23280.0,1309.8,359.80,0.05,359.80,40.73435,-111.87211,24.5,25.8,875.9,122.84,2.0
23340.0,1309.7,359.59,0.04,359.59,40.73435,-111.87211,24.5,26.0,875.9,119.20,2.3
23400.0,1309.7,359.31,0.04,359.31,40.73435,-111.87211,24.5,26.1,875.9,122.88,3.6
23460.0,1309.7,359.50,0.04,359.50,40.73435,-111.87210,24.6,25.8,875.9,117.58,2.9
23520.0,1310.1,359.23,0.05,359.23,40.73435,-111.87210,24.6,25.7,875.9,106.66,1.6
23580.0,1310.0,359.21,0.04,359.21,40.73435,-111.87210,24.6,25.7,875.9,119.77,2.3
23640.0,1310.0,359.42,0.04,359.42,40.73435,-111.87210,24.6,25.7,875.9,123.48,1.7
23700.0,1309.8,358.90,0.05,358.90,40.73435,-111.87210,24.7,25.6,875.9,131.34,1.0
23760.0,1309.7,359.02,0.04,359.02,40.73435,-111.87210,24.7,25.7,875.9,127.39,1.6
23820.0,1309.5,359.48,0.05,359.48,40.73435,-111.87210,24.8,25.6,875.9,132.83,1.9
23880.0,1309.6,359.43,0.04,359.43,40.73435,-111.87210,24.8,25.9,875.9,114.39,1.1
23940.0,1309.5,359.13,0.05,359.13,40.73435,-111.87210,24.8,25.9,875.9,129.52,1.2
