CampaignData_and_Merges/R0/CSL_MobileLab_Parked/raw/20240717/USOS-PTR_MobileLabGround_20240717_R0.ict
58, 1001
Matthew Coggon, Kelvin Bates, Chelsea Stockwell, Carsten Warneke
NOAA ESRL Chemical Sciences Division
NOAA PTR-ToF-MS
USOS
1,1 
2024, 07, 17, 2025, 09, 19
0
Time_Start, seconds, number of seconds from 00:00 UTC 
22
1, 1, 1, 1, 1, 1, 1, 1, 1, 1, 1, 1, 1, 1, 1, 1, 1, 1, 1, 1, 1, 1
-9999, -9999, -9999, -9999, -9999, -9999, -9999, -9999, -9999, -9999, -9999, -9999, -9999, -9999, -9999, -9999, -9999, -9999, -9999, -9999, -9999, -9999
CH3OH_NOAAPTR_ppbv,  ppbv, Gas_CH3OH_InSitu_S_AVMR, (CH3OH) methanol
CH3CN_NOAAPTR_ppbv,  ppbv, Gas_CH3CN_InSitu_S_AVMR, (CH3CN) acetonitrile
CH3CHO_NOAAPTR_ppbv,  ppbv, Gas_CH3CHO_InSitu_S_AVMR, (CH3CHO) acetaldehyde plus contributions from ethylene glycol and ethylene oxide. Interference from ethanol has been subtracted out.
C2H5OH_NOAAPTR_ppbv,  ppbv, Gas_C2H5OH_InSitu_S_AVMR, (C2H5OH) ethanol
CH3SH_NOAAPTR_ppbv,  ppbv, Gas_CH3SH_InSitu_S_AVMR, (CH3SH) methanethiol, using calibration factor for DMS
Acrolein_NOAAPTR_ppbv,  ppbv, Gas_Acrolein_InSitu_S_AVMR, (C3H4O) acrolein
AcetonePropanal_NOAAPTR_ppbv,  ppbv, Gas_AcetoneAndPropanal_InSitu_S_AVMR, (C3H6O) sum of acetone (dominant isomer) and propanal, using calibration factor for acetone
DMS_NOAAPTR_ppbv,  ppbv, Gas_DMS_InSitu_S_AVMR, (C2H6S) dimethyl sulfide with possible small contributions from ethanethiol
C5H8_NOAAPTR_ppbv,  ppbv, Gas_Isoprene_InSitu_S_AVMR, (C5H8) isoprene and possible fragments from cycloalkanes and aldehydes. Interferences have been subtracted following methods described by Coggon et al (2023)
MVKMAC_NOAAPTR_ppbv,  ppbv, Gas_MVKAndMAC_InSitu_S_AVMR, (C4H6O) sum of methyl vinyl ketone, methacrolein, and small amounts of crotonaldehyde, using weighted calibration factor for MVK (0.637) and MACR (0.363)
Benzene_NOAAPTR_ppbv,  ppbv, Gas_Benzene_InSitu_S_AVMR, (C6H6) benzene
Toluene_NOAAPTR_ppbv,  ppbv, Gas_Toluene_InSitu_S_AVMR, (C7H8) toluene with possible small contributions of fragments from ethyltoluene
Styrene_NOAAPTR_ppbv,  ppbv, Gas_Styrene_InSitu_S_AVMR, (C8H8) styrene
Benzaldehyde_NOAAPTR_ppbv,  ppbv, Gas_Benzaldehyde_InSitu_S_AVMR, (C7H6O) benzaldehyde
C8Aromatics_NOAAPTR_ppbv,  ppbv, Gas_C8Aromatics_InSitu_M_AVMR, (C8H10) sum of m-xylene, p-xylene, o-xylene, and ethyl benzene
C9Aromatics_NOAAPTR_ppbv,  ppbv, Gas_C9Aromatics_InSitu_M_AVMR, (C9H12) sum of C9 aromatics
Naphthalene_NOAAPTR_ppbv,  ppbv, Gas_Naphthalene_InSitu_S_AVMR, (C10H8) naphthalene
Octanal_NOAAPTR_ppbv,  ppbv, Gas_Octanal_InSitu_S_AVMR, (C8H16O) octanal and small amounts of octanone
Monoterpenes_NOAAPTR_ppbv,  ppbv, Gas_Monoterpenes_InSitu_M_AVMR, (C10H16) sum of monoterpenes and possible contributions from fragments of oxygenated monoterpenoids such as eucalyptol.
Nonanal_NOAAPTR_ppbv,  ppbv, Gas_Nonanal_InSitu_M_AVMR, (C9H18O) nonanal and small amounts of nonanone
C7H4ClF3_NOAAPTR_ppbv,  ppbv, Gas_C7H4ClF3_InSitu_S_AVMR, (C7H4ClF3) parachlorobenzotrifluoride
C10H30O5Si5_NOAAPTR_ppbv,  ppbv, Gas_C10H30O5Si5_InSitu_S_AVMR, (C10H30O5Si5) decamethylcyclopentasiloxane
1
SPECIAL COMMENTS:N/A
21
PI_CONTACT_INFO: NOAA ESRL Chemical Sciences Division, Tropospheric Chemistry Group. 325 Broadway, R/CSD7, Boulder, CO 80305
PLATFORM: Mobile Laboratory.
LOCATION: Salt Lake City, UT
ASSOCIATED_DATA: N/A
INSTRUMENT_INFO: NOAA PTR-ToF-MS measurements on NOAA CSL Mobile Lab
DATA_INFO: Units: ppbv
UNCERTAINTY: See OTHER_COMMENTS
ULOD_FLAG: -7777
ULOD_VALUE: N/A
LLOD_FLAG: -8888
LLOD_VALUE: N/A.
DM_CONTACT_INFO: Data Managers: Matt Coggon, Kelvin Bates, Chelsea Stockwell; email: matthew.m.coggon@noaa.gov and kelvin.bates@colorado.edu
PROJECT_INFO: USOS Deployment July-August, 2024
STIPULATIONS_ON_USE: Use of these data require prior OK from PI.
OTHER_COMMENTS: Uncertainties:
CH3OH_NOAAPTR_ppbv:30%; CH3CN_NOAAPTR_ppbv:30%; CH3CHO_NOAAPTR_ppbv:30%; C2H5OH_NOAAPTR_ppbv:30%; CH3SH_NOAAPTR_ppbv:50%; Acrolein_NOAAPTR_ppbv:30%; AcetonePropanal_NOAAPTR_ppbv:30%; DMS_NOAAPTR_ppbv:30%; C5H8_NOAAPTR_ppbv:30%; MVKMAC_NOAAPTR_ppbv:30%; 
Benzene_NOAAPTR_ppbv:30%; Toluene_NOAAPTR_ppbv:30%; Styrene_NOAAPTR_ppbv:30%; Benzaldehyde_NOAAPTR_ppbv:30%; C8Aromatics_NOAAPTR_ppbv:30%; C9Aromatics_NOAAPTR_ppbv:30%; Naphthalene_NOAAPTR_ppbv:30%; Octanal_NOAAPTR_ppbv:30%; Monoterpenes_NOAAPTR_ppbv:30%; Nonanal_NOAAPTR_ppbv:30%; 
C7H4ClF3_NOAAPTR_ppbv:30%; C10H30O5Si5_NOAAPTR_ppbv:30%; 
REVISION: R0
R0: Calibrated PTR Data. See individual species comments for details about measurement uncertainties
Time_Start, CH3OH_NOAAPTR_ppbv, CH3CN_NOAAPTR_ppbv, CH3CHO_NOAAPTR_ppbv, C2H5OH_NOAAPTR_ppbv, CH3SH_NOAAPTR_ppbv, Acrolein_NOAAPTR_ppbv, AcetonePropanal_NOAAPTR_ppbv, DMS_NOAAPTR_ppbv, C5H8_NOAAPTR_ppbv, MVKMAC_NOAAPTR_ppbv, Benzene_NOAAPTR_ppbv, Toluene_NOAAPTR_ppbv, Styrene_NOAAPTR_ppbv, Benzaldehyde_NOAAPTR_ppbv, C8Aromatics_NOAAPTR_ppbv, C9Aromatics_NOAAPTR_ppbv, Naphthalene_NOAAPTR_ppbv, Octanal_NOAAPTR_ppbv, Monoterpenes_NOAAPTR_ppbv, Nonanal_NOAAPTR_ppbv, C7H4ClF3_NOAAPTR_ppbv, C10H30O5Si5_NOAAPTR_ppbv
[from data line 801]
48060.0, -9999.00000, -9999.00000, -9999.00000, -9999.00000, -9999.00000, -9999.00000, -9999.00000, -9999.00000, -9999.00000, -9999.00000, -9999.00000, -9999.00000, -9999.00000, -9999.00000, -9999.00000, -9999.00000, -9999.00000, -9999.00000, -9999.00000, -9999.00000, -9999.00000, -9999.00000 
48120.0, -9999.00000, -9999.00000, -9999.00000, -9999.00000, -9999.00000, -9999.00000, -9999.00000, -9999.00000, -9999.00000, -9999.00000, -9999.00000, -9999.00000, -9999.00000, -9999.00000, -9999.00000, -9999.00000, -9999.00000, -9999.00000, -9999.00000, -9999.00000, -9999.00000, -9999.00000 
48180.0, 11.45514, 0.29697, -9999.00000, 5.66040, 0.00263, 0.20914, 4.90460, 0.00267, -9999.00000, 0.34077, 0.06452, 0.12630, -0.00090, -0.00040, 0.09669, 0.09717, -0.00076, 0.01955, 0.14902, 0.02506, 0.00441, 0.00636 
48240.0, 10.98592, 0.27961, 1.33098, 3.53241, 0.00302, 0.21117, 4.71533, -0.00115, 0.42989, 0.38240, 0.06161, 0.13789, 0.01065, 0.00156, 0.06499, 0.06475, 0.01187, 0.01230, 0.13141, 0.04390, 0.00200, 0.00174 
48300.0, 11.12475, 0.27982, 1.44014, 2.57949, -0.00083, 0.19942, 4.68862, 0.00350, 0.41308, 0.33112, 0.04153, 0.13100, 0.00761, 0.00657, 0.07652, 0.06453, -0.00076, 0.02542, 0.12287, 0.02971, 0.00183, 0.00201 
48360.0, 9.04107, 0.29183, 1.34153, 1.80452, 0.00404, 0.18959, 4.64151, 0.00629, 0.42899, 0.33888, 0.06848, 0.10275, 0.00809, -0.00040, 0.07763, 0.05948, -0.00076, 0.01401, 0.12435, 0.02067, -0.00038, 0.00049 
48420.0, 9.89556, 0.28347, 1.29010, 2.13441, 0.00347, 0.21727, 4.71020, -0.00114, 0.41786, 0.34909, 0.05516, 0.15639, -0.00090, 0.01587, 0.07974, 0.05622, -0.00076, 0.02740, 0.11858, 0.04150, 0.00488, 0.00510 
48480.0, 11.12167, 0.28566, 1.39168, 1.87889, 0.00037, 0.23479, 4.61946, -0.00114, 0.46947, 0.32733, 0.07146, 0.14423, -0.00090, -0.00040, 0.08250, 0.05566, -0.00077, 0.03654, 0.13541, 0.04163, 0.00111, 0.00334 
48540.0, 9.09755, 0.29106, 1.43660, 2.15395, -0.00088, 0.23050, 4.80592, -0.00114, 0.42104, 0.34864, 0.03035, 0.13171, 0.00802, -0.00040, 0.06070, 0.04651, -0.00077, 0.02988, 0.12083, 0.02630, 0.00927, 0.00170 
48600.0, 13.71235, 0.27191, 1.40709, 2.68092, 0.00274, 0.21761, 4.83522, 0.01773, 0.43595, 0.35751, 0.03912, 0.15560, 0.00525, -0.00040, 0.06743, 0.04191, -0.00077, 0.03274, 0.13969, 0.03714, 0.00387, 0.00596 
48660.0, 10.80183, 0.26691, 1.40375, 1.84312, -0.00071, 0.24004, 4.68306, -0.00113, 0.42140, 0.34308, 0.12076, 0.23468, -0.00091, -0.00040, 0.14681, 0.08693, 0.00782, 0.02177, 0.11678, 0.02924, 0.00313, 0.00233 
48720.0, 10.14783, 0.27327, 1.38288, 1.87521, 0.00254, 0.21559, 4.54846, 0.00022, 0.49917, 0.33755, 0.04910, 0.12880, -0.00091, 0.02952, 0.09974, 0.04547, 0.00164, 0.02054, 0.13816, 0.03121, 0.00110, 0.00253 
48780.0, 12.83558, 0.27593, 1.54403, 1.99182, -0.00088, 0.24674, 4.71566, -0.00113, 0.52046, 0.33728, 0.07420, 0.15481, 0.02247, -0.00040, 0.10074, 0.06915, 0.00550, 0.03089, 0.14783, 0.03010, 0.00318, 0.00315 
48840.0, 11.53123, 0.27311, 1.44380, 2.43499, 0.00311, 0.20775, 4.85228, -0.00113, 0.50058, 0.31505, 0.04219, 0.12252, -0.00091, -0.00040, 0.05597, 0.03744, 0.01435, 0.01745, 0.13750, 0.05045, 0.00298, 0.00150 
48900.0, 11.71288, 0.28199, 1.50137, 1.88747, 0.00246, 0.22883, 4.92596, 0.01071, 0.48724, 0.37632, 0.01338, 0.16181, -0.00091, -0.00040, 0.08736, 0.04862, -0.00077, 0.02971, 0.16164, 0.02628, -0.00223, 0.00520 
48960.0, 12.81101, 0.28585, 1.41159, 1.94132, -0.00027, 0.22576, 5.04108, 0.00847, 0.48968, 0.35652, 0.05349, 0.11968, 0.01297, -0.00040, 0.07291, 0.04540, 0.00311, 0.03879, 0.17056, 0.02500, 0.00080, 0.00199 
49020.0, 11.68183, 0.26615, 1.45800, 2.16414, 0.00436, 0.22061, 5.01784, -0.00112, 0.52419, 0.36872, 0.05162, 0.15765, -0.00091, -0.00040, 0.08432, 0.05344, -0.00078, 0.01876, 0.16130, 0.03544, 0.00775, 0.00387 
49080.0, 9.64283, 0.27025, 1.30204, 1.66627, 0.00001, 0.21258, 4.95924, -0.00112, 0.54680, 0.35617, 0.05504, 0.12161, -0.00092, -0.00040, 0.07164, 0.04372, -0.00078, 0.03313, 0.17193, 0.05029, 0.00197, 0.00256 
49140.0, 11.60646, 0.25610, 1.43834, 1.77189, -0.00025, 0.27086, 4.94676, 0.00076, 0.54478, 0.37295, 0.03392, 0.13152, -0.00092, -0.00040, 0.08500, 0.03844, -0.00078, 0.03587, 0.15297, 0.02144, 0.00129, 0.00392 
49200.0, 11.32175, 0.27519, 1.35618, 1.74704, 0.00043, 0.22208, 4.86996, -0.00112, 0.48654, 0.34426, 0.03428, 0.12365, -0.00092, 0.00088, 0.07007, 0.03422, -0.00078, 0.02152, 0.15578, 0.04694, 0.00248, 0.00348 
49260.0, 12.18764, 0.25198, 1.58932, 1.82653, 0.00255, 0.24956, 4.86304, 0.00698, 0.51623, 0.35579, 0.04887, 0.15790, -0.00092, 0.00459, 0.07687, 0.03972, -0.00078, 0.02989, 0.15972, 0.03356, 0.00396, 0.00332 
49320.0, 12.37399, 0.27945, 1.59173, 2.86522, 0.00254, 0.26532, 4.81379, 0.00653, 0.54547, 0.38416, 0.10433, 0.39669, 0.02500, -0.00040, 0.27267, 0.08915, -0.00078, 0.03322, 0.17086, 0.02500, 0.00211, 0.00642 
49380.0, 12.65207, 0.28480, 1.51041, 1.68670, 0.00173, 0.24247, 4.74549, -0.00111, 0.51394, 0.35628, 0.02316, 0.15338, -0.00092, 0.00967, 0.11956, 0.04387, 0.00706, 0.03460, 0.17521, 0.02610, 0.00223, 0.00230 
49440.0, 13.00232, 0.27869, 1.58248, 2.88096, -0.00019, 0.23620, 4.69001, 0.00916, 0.57980, 0.38986, 0.23412, 0.61370, 0.03135, -0.00040, 0.29024, 0.11888, 0.01628, 0.03404, 0.15262, 0.02380, 0.00376, 0.00239 
49500.0, 10.00507, 0.28739, 1.47624, 1.46642, 0.00356, 0.23599, 4.72197, -0.00111, 0.58412, 0.34563, 0.05804, 0.16374, -0.00092, -0.00040, 0.10108, 0.03991, 0.00203, 0.03234, 0.14782, 0.03521, 0.00696, 0.00184 
49560.0, 10.23549, 0.29060, 1.42694, 2.21373, 0.00060, 0.22372, 4.79156, -0.00110, 0.57465, 0.36552, 0.09456, 0.16397, 0.02885, 0.01452, 0.13365, 0.06587, -0.00001, 0.01354, 0.15635, 0.02869, 0.00458, 0.00219 
49620.0, 12.87022, 0.27369, 1.39710, 1.98972, 0.00281, 0.24893, 4.77141, 0.01238, 0.53462, 0.36900, 0.03313, 0.13561, 0.00497, -0.00040, 0.09608, 0.05132, -0.00079, 0.03241, 0.15403, 0.02972, 0.00118, 0.00396 
49680.0, 11.41664, 0.27778, 1.39153, 1.82990, 0.00141, 0.22548, 4.78011, -0.00110, 0.58631, 0.34754, 0.05260, 0.15090, 0.00193, -0.00040, 0.10683, 0.03607, -0.00079, 0.02883, 0.13983, 0.05651, 0.00190, 0.00173 
49740.0, 12.21893, 0.29106, 1.43480, 2.33411, -0.00001, 0.19981, 4.81388, -0.00106, 0.59710, 0.36481, 0.04176, 0.17919, 0.01772, -0.00040, 0.16434, 0.04290, 0.00090, 0.03240, 0.13174, 0.05127, 0.00931, 0.00450 
49800.0, 11.72773, 0.26445, 1.40847, 1.80952, -0.00063, 0.22800, 4.67670, 0.00694, 0.56841, 0.35805, 0.01211, 0.12496, 0.01381, -0.00040, 0.07906, 0.02084, 0.01148, 0.02456, 0.14665, 0.03723, 0.00143, 0.00153 
49860.0, 12.92620, 0.29130, 1.57637, 2.06868, 0.00303, 0.21806, 4.85372, -0.00109, 0.56152, 0.36935, 0.13057, 0.20518, -0.00093, 0.00319, 0.23787, 0.06867, -0.00079, 0.05192, 0.12924, 0.03729, 0.00545, 0.00253 
49920.0, 11.17444, 0.31036, 1.47416, 2.42794, -0.00088, 0.23514, 4.75779, -0.00109, 0.60971, 0.35019, 0.02202, 0.18697, 0.02044, -0.00040, 0.22653, 0.05218, -0.00079, 0.02688, 0.18394, 0.05013, 0.00921, 0.00187 
49980.0, 20.77730, 0.26943, 1.45792, 2.14584, 0.00928, 0.21610, 4.78261, -0.00030, 0.70153, 0.37024, 0.10319, 0.25647, -0.00093, -0.00040, 0.22955, 0.07327, 0.00505, 0.02897, 0.15049, 0.03348, 0.00897, 0.00578 
50040.0, 17.57495, 0.25666, 1.51113, 2.29647, -0.00006, 0.29318, 4.86424, 0.00243, 0.71940, 0.38142, 0.09668, 0.25461, 0.02212, 0.01443, 0.20599, 0.08199, -0.00080, 0.02766, 0.19449, 0.02580, 0.00615, 0.00812 
50100.0, 11.64939, 0.28151, 1.55027, 1.85423, 0.00286, 0.26545, 4.82810, 0.01478, 0.70135, 0.38861, 0.06388, 0.16472, -0.00093, -0.00040, 0.15177, 0.06042, -0.00080, 0.02395, 0.16879, 0.03734, 0.00981, 0.00520 
50160.0, 12.10669, 0.26986, 1.48563, 2.34560, 0.00191, 0.25199, 4.88253, 0.01285, 0.69689, 0.38255, 0.09956, 0.22070, 0.00943, -0.00040, 0.19927, 0.06397, 0.00954, 0.03582, 0.18605, 0.05038, 0.01277, 0.00421 
50220.0, 12.24129, 0.28634, 1.71118, 2.73835, 0.00539, 0.23796, 4.79962, -0.00082, 0.68341, 0.40307, 0.12663, 0.24751, 0.03530, 0.00609, 0.26734, 0.09693, -0.00058, 0.03953, 0.16543, 0.04040, 0.00172, 0.00611 
50280.0, 12.93684, 0.29408, 1.67230, 2.24432, 0.00037, 0.23964, 4.81891, 0.01347, 0.73554, 0.39852, 0.12554, 0.25304, -0.00094, -0.00040, 0.22248, 0.07729, -0.00080, 0.04558, 0.16229, 0.04788, 0.00378, 0.00498 
50340.0, 11.01353, 0.28709, 1.47154, 2.52868, 0.00000, 0.25158, 4.73570, -0.00108, 0.66928, 0.37805, 0.04334, 0.17459, 0.00344, -0.00040, 0.14882, 0.04104, 0.00852, 0.04226, 0.17991, 0.02251, 0.00798, 0.00234 
50400.0, 10.83309, 0.26931, 1.46726, 2.18633, -0.00034, 0.21453, 4.79964, -0.00108, 0.72417, 0.38700, 0.05231, 0.17847, 0.00427, 0.00193, 0.15105, 0.05018, -0.00080, 0.02641, 0.17339, 0.04150, 0.01736, 0.00099 
50460.0, 10.94851, 0.28829, 1.44640, 2.18294, 0.00616, 0.22899, 4.83518, -0.00108, 0.70956, 0.40547, 0.03609, 0.18265, -0.00094, -0.00040, 0.17008, 0.04238, -0.00080, 0.01832, 0.13565, 0.03825, 0.00612, 0.00099 
50520.0, 11.00211, 0.29285, 1.44613, 1.79039, -0.00088, 0.25251, 4.79289, -0.00047, 0.71827, 0.39806, 0.04464, 0.16725, -0.00094, -0.00040, 0.14168, 0.04612, -0.00080, 0.01928, 0.18116, 0.03085, 0.00624, 0.00166 
50580.0, 12.46627, 0.27867, 1.46096, 1.94733, -0.00032, 0.24675, 4.76224, 0.00288, 0.78219, 0.40157, 0.07231, 0.14343, -0.00094, -0.00040, 0.15807, 0.03322, -0.00081, 0.03593, 0.16566, 0.02505, 0.00180, 0.00239 
50640.0, 11.97263, 0.28835, 1.43248, 2.39983, 0.00064, 0.26146, 4.85961, -0.00107, 0.76672, 0.37966, 0.03798, 0.14223, -0.00094, -0.00040, 0.08208, 0.03495, -0.00081, 0.01707, 0.19080, 0.03428, 0.00071, 0.00313 
50700.0, 11.40615, 0.25390, 1.36859, 2.14499, 0.00275, 0.22665, 4.82637, -0.00107, 0.75872, 0.39842, 0.05410, 0.17924, 0.01994, -0.00040, 0.15240, 0.03899, -0.00081, 0.04549, 0.16869, 0.02649, 0.00397, 0.00262 
50760.0, 13.63857, 0.29401, 1.50697, 2.23682, -0.00066, 0.22442, 4.87622, 0.00650, 0.76315, 0.41359, 0.08287, 0.20142, 0.01471, 0.00610, 0.16350, 0.04159, -0.00081, 0.03721, 0.17064, 0.04326, 0.00391, 0.00540 
50820.0, 13.65964, 0.28279, 1.52945, 2.76581, 0.00150, 0.25433, 4.78084, -0.00005, 0.75007, 0.43517, 0.03814, 0.19031, 0.00573, -0.00040, 0.20290, 0.04539, -0.00081, 0.02646, 0.17260, 0.01667, -0.00077, 0.00237 
50880.0, 10.54307, 0.27292, 1.50082, 3.33011, 0.00097, 0.24019, 4.88697, -0.00106, 0.75834, 0.37861, 0.07445, 0.13909, -0.00095, -0.00040, 0.18531, 0.04152, 0.00423, 0.03143, 0.16968, 0.04160, 0.00570, 0.00342 
50940.0, 13.02421, 0.27494, 1.57270, 3.38503, -0.00088, 0.24038, 4.93151, 0.01017, 0.80444, 0.43019, 0.01492, 0.16613, 0.02117, -0.00040, 0.17532, 0.05317, -0.00081, 0.03052, 0.17638, 0.03750, 0.01056, 0.00509 
51000.0, 12.48685, 0.29553, 1.49027, 2.85955, 0.00215, 0.22730, 4.82078, 0.00490, 0.82081, 0.41336, 0.05884, 0.19114, -0.00095, -0.00040, 0.18461, 0.04075, 0.00478, 0.02398, 0.17382, 0.04110, 0.00558, 0.00822 
51060.0, 13.87384, 0.27854, 1.60750, 2.46705, 0.00154, 0.23284, 4.97977, 0.00302, 0.77859, 0.41098, 0.09087, 0.17259, -0.00095, -0.00040, 0.18519, 0.05346, -0.00081, 0.02050, 0.19808, 0.03219, 0.00387, 0.00551 
51120.0, 15.11587, 0.28142, 1.48203, 2.64883, -0.00044, 0.24465, 4.87394, -0.00106, 0.77090, 0.41160, 0.05878, 0.14178, -0.00095, -0.00040, 0.15029, 0.03723, -0.00082, 0.02486, 0.15740, 0.03193, 0.01641, 0.00376 
51180.0, 21.74917, 0.29541, 1.57862, 2.17103, 0.00046, 0.27268, 4.87078, 0.00787, 0.84409, 0.44694, 0.08935, 0.18821, -0.00095, -0.00040, 0.15398, 0.04564, 0.00115, 0.02846, 0.20336, 0.02938, 0.00334, 0.00421 
51240.0, 16.99749, 0.30699, 1.53489, 2.26302, 0.00083, 0.27378, 4.90636, -0.00033, 0.83308, 0.45649, 0.15382, 0.22706, 0.01683, -0.00040, 0.18932, 0.05040, 0.00436, 0.03446, 0.16463, 0.03858, 0.01094, 0.00879 
51300.0, 13.61136, 0.27703, 1.57244, 2.44016, 0.00130, 0.26021, 4.92146, 0.01037, 0.76558, 0.43261, 0.00362, 0.15588, -0.00096, 0.00744, 0.19091, 0.04711, -0.00082, 0.04079, 0.16985, 0.03737, 0.00793, 0.00615 
51360.0, 11.97381, 0.27904, 1.44288, 1.85315, 0.00142, 0.27896, 4.87226, 0.00196, 0.80143, 0.42900, 0.06620, 0.14263, -0.00096, -0.00040, 0.14751, 0.04665, -0.00082, 0.03454, 0.17973, 0.03651, 0.01213, 0.00891 
51420.0, 13.88233, 0.27363, 1.46292, 2.28244, 0.00073, 0.23200, 4.82441, 0.00133, 0.82136, 0.43261, 0.04671, 0.18041, 0.01354, -0.00040, 0.16140, 0.04075, -0.00082, 0.03703, 0.21619, 0.02317, 0.00472, 0.00262 
51480.0, 13.34876, 0.27083, 1.58645, 3.00590, 0.00318, 0.23070, 4.84380, -0.00104, 0.78566, 0.46114, 0.04595, 0.14713, -0.00014, 0.00876, 0.14287, 0.03848, -0.00082, 0.02815, 0.22696, 0.01058, 0.00776, 0.00234 
51540.0, 12.53541, 0.27899, 1.52386, 3.21094, 0.00169, 0.25399, 4.86480, -0.00104, 0.80826, 0.43592, 0.01909, 0.17863, -0.00096, -0.00040, 0.14695, 0.04214, -0.00082, 0.01630, 0.17148, 0.02184, 0.01445, 0.00692 
51600.0, 11.37258, 0.26694, 1.50989, 3.62651, 0.00359, 0.24156, 4.90168, -0.00104, 0.82310, 0.44745, 0.04776, 0.15680, 0.02300, -0.00040, 0.15503, 0.04431, 0.00036, 0.03947, 0.18423, 0.03052, 0.01139, 0.00273 
51660.0, 11.81418, 0.28814, 1.48640, 3.84843, 0.00165, 0.25274, 4.84580, -0.00104, 0.79177, 0.42543, 0.07488, 0.15328, 0.01163, 0.00790, 0.14425, 0.03397, -0.00083, 0.01994, 0.18321, 0.03514, 0.00818, 0.00282 
51720.0, 12.38514, 0.28106, 1.45021, 3.65708, 0.00236, 0.27000, 4.77301, -0.00104, 0.87606, 0.42369, 0.07181, 0.19916, 0.00429, -0.00040, 0.21229, 0.06151, -0.00083, 0.01648, 0.19820, 0.02959, 0.00824, 0.00521 
51780.0, 15.24753, 0.28370, 1.50550, 3.37598, 0.00468, 0.26636, 4.86136, 0.01296, 0.92958, 0.43822, 0.07405, 0.14680, -0.00097, -0.00040, 0.15804, 0.04392, 0.00096, 0.02015, 0.18951, 0.02609, 0.01212, 0.00456 
51840.0, 16.41788, 0.27549, 1.41770, 2.80416, 0.00190, 0.21863, 4.78086, 0.01021, 0.81317, 0.45074, -0.00605, 0.15677, -0.00097, 0.00346, 0.11469, 0.04916, -0.00083, 0.03083, 0.18785, 0.04598, 0.00779, 0.00275 
51900.0, 20.45322, 0.27784, 1.47010, 3.71424, 0.00499, 0.25962, 4.86742, -0.00022, 0.94273, 0.47090, 0.03031, 0.17027, -0.00097, -0.00040, 0.16070, 0.06001, -0.00083, 0.04122, 0.19637, 0.03323, 0.00968, 0.00587 
51960.0, 17.54527, 0.28688, 1.53268, 2.68310, -0.00088, 0.25142, 4.85561, -0.00103, 0.92048, 0.45342, 0.02851, 0.20439, 0.00270, -0.00041, 0.14146, 0.05341, -0.00083, 0.02238, 0.21361, 0.02723, 0.00884, 0.00363 
52020.0, 13.81566, 0.30381, 1.43707, 2.40746, 0.00511, 0.23252, 4.77367, -0.00005, 0.95515, 0.44298, -0.00616, 0.12538, 0.00557, -0.00041, 0.09173, 0.04245, 0.00429, 0.02568, 0.19341, 0.03083, 0.00961, 0.00275 
52080.0, 13.58876, 0.28532, 1.42447, 2.96645, -0.00088, 0.24194, 4.85874, 0.01014, 1.00632, 0.49438, -0.00619, 0.13355, 0.00610, -0.00041, 0.09230, 0.04169, -0.00083, 0.03113, 0.22798, 0.02895, 0.00493, 0.00453 
52140.0, 12.48760, 0.26873, 1.33404, 2.68895, 0.00046, 0.22447, 4.79652, 0.00005, 1.02477, 0.45158, -0.00622, 0.14346, 0.00909, -0.00041, 0.06118, 0.02728, -0.00084, 0.01431, 0.18674, 0.03242, 0.00502, 0.00318 
52200.0, 11.93491, 0.27315, 1.37624, 2.75455, -0.00070, 0.23843, 4.78978, 0.00076, 0.94799, 0.48764, 0.00770, 0.12794, 0.00820, -0.00041, 0.08229, 0.03617, -0.00084, 0.02030, 0.20708, 0.03163, 0.00613, 0.00274 
52260.0, 9.63824, 0.27506, 1.27445, 2.09789, 0.00146, 0.22271, 4.68770, 0.00551, 0.85622, 0.45660, 0.01684, 0.16698, 0.01684, -0.00041, 0.04661, 0.03324, -0.00084, 0.01440, 0.15558, 0.04183, 0.00766, 0.00174 
52320.0, 12.21081, 0.26606, 1.36725, 2.79104, 0.00013, 0.24682, 4.76316, -0.00102, 0.99687, 0.48419, 0.07088, 0.16843, 0.01819, 0.01182, 0.07891, 0.03802, -0.00084, 0.02426, 0.15097, 0.03517, -0.00065, 0.00123 
52380.0, 12.63280, 0.29119, 1.44152, 2.40592, -0.00088, 0.25266, 4.82946, 0.01283, 0.90488, 0.47015, 0.04794, 0.17454, -0.00098, -0.00041, 0.10668, 0.05918, 0.00928, 0.03555, 0.19358, 0.02967, 0.00263, 0.00353 
52440.0, 11.50566, 0.27643, 1.24705, 2.28413, 0.00077, 0.22385, 4.78298, 0.00476, 0.97226, 0.43702, 0.02882, 0.14322, 0.01855, -0.00041, 0.07030, 0.04173, -0.00084, 0.03021, 0.19328, 0.02091, -0.00252, 0.00739 
