CampaignData_and_Merges/R0/CSL_MobileLab_Parked/raw/20240717/USOS-NOAAIodideCIMS-OrgNitrs_MobileLabGround_20240717_RA.ict
38, 1001
Michael A Robinson, Chris Jernigan, Subi Thakali
NOAA ESRL Chemical Sciences Laboratory and CIRES, U. of Colorado
NOAA Iodide CIMS Instrument
USOS
1, 1
2024, 07, 17, 2024, 07, 18
0
starttime_UTC, seconds_past_midnight, seconds_of_day_since_00:00:00_UTC
5
1, 1, 1, 1, 1
-9999, -9999, -9999, -9999, -9999
C4H7NO5_NOAACIMS, pptv, Gas_C4H7NO5_InSitu_M_AVMR
ISOPN_NOAACIMS, pptv, Gas_ISOPN_InSitu_M_AVMR
C5H10O3_NOAACIMS, pptv, Gas_C5H10O3_InSitu_M_AVMR
C5H9NO5_NOAACIMS, pptv, Gas_C5H9NO5_InSitu_M_AVMR
C10H17NO4_NOAACIMS, pptv, Gas_C10H17NO4_InSitu_M_AVMR
1
N/A
18
PI_CONTACT_INFO: 325 Broadway, R/CSD 7, Boulder, Colorado 80305; michael.a.robinson@noaa.gov; chris.jernigan@noaa.gov;
PLATFORM: NOAA CSL Mobile Lab
LOCATION: SLC, Utah
ASSOCIATED_DATA: 1Hz data also available on request.
INSTRUMENT_INFO: NOAA I- ToF CIMS
DATA_INFO: Units: pptv
UNCERTAINTY: tbd
ULOD_FLAG: -7777
ULOD_VALUE: N/A
LLOD_FLAG: -8888
LLOD_VALUE: N/A
DM_CONTACT_INFO: Nathan Howard; nathan.h.howard@noaa.gov
PROJECT_INFO: USOS, summer 2024. https://csl.noaa.gov/groups/csl7/measurements/2024usos/
STIPULATIONS_ON_USE: only the USOS science team is allowed to use this data
OTHER_COMMENTS: Field data; Data are averaged to 1 minute intervals. Stationary data collected from a 10 ft tower on top of the mobile lab
REVISION: RA
RA: Preliminary Data; For in-field use only
starttime_UTC, C4H7NO5_NOAACIMS, ISOPN_NOAACIMS, C5H10O3_NOAACIMS, C5H9NO5_NOAACIMS, C10H17NO4_NOAACIMS
0,-9999.000,-9999.000,-9999.000,-9999.000,-9999.000
60,1.742,1.602,-9999.000,2.639,0.051
120,1.916,2.084,-9999.000,2.965,-0.013
180,2.019,2.152,-9999.000,2.957,0.030
240,2.082,2.296,-9999.000,3.124,0.104
300,2.084,2.199,15.746,3.047,0.096
360,2.054,2.333,16.858,2.981,0.046
420,2.063,2.846,16.672,2.913,0.015
480,2.102,2.442,16.486,3.101,0.090
540,2.002,2.249,16.220,3.128,0.046
600,2.002,2.598,16.299,3.230,0.015
660,2.007,2.418,17.408,3.285,0.094
720,2.003,2.489,17.170,3.108,0.097
780,2.136,2.501,16.953,3.027,0.132
840,2.164,2.870,16.896,3.209,0.020
900,2.199,2.937,17.167,3.284,0.037
960,2.087,2.650,16.756,3.159,0.085
1020,1.949,2.798,14.536,3.004,0.021
1080,1.917,2.931,15.574,3.008,0.069
1140,1.939,2.718,15.360,3.168,0.071
1200,1.941,2.864,15.702,3.048,0.031
1260,2.054,2.769,15.214,3.047,-0.005
1320,2.047,3.092,15.804,3.154,-0.016
1380,2.049,2.538,16.291,3.015,-0.005
1440,2.042,3.231,17.582,3.227,0.041
1500,2.123,3.061,14.513,3.218,0.050
1560,2.190,2.777,16.915,3.037,0.096
1620,2.051,3.072,15.359,3.098,-0.038
1680,1.999,2.573,17.024,3.184,0.002
1740,2.029,2.690,15.286,3.273,-0.020
1800,2.014,2.381,15.737,3.191,0.007
1860,1.879,2.610,12.197,2.906,0.008
1920,1.999,2.516,14.733,3.223,0.031
1980,2.049,2.851,14.850,3.155,-0.071
2040,2.218,3.117,15.616,3.343,-0.049
2100,2.141,3.072,15.571,3.283,0.025
2160,2.166,3.374,17.040,3.265,-0.026
2220,2.258,3.277,16.943,3.414,0.034
2280,2.285,3.738,17.445,3.401,0.026
2340,2.400,3.871,18.381,3.425,0.038
2400,2.561,4.014,18.129,3.521,0.097
2460,2.692,4.381,18.211,3.357,0.054
2520,2.692,4.221,19.046,3.494,0.058
2580,2.670,3.856,17.012,3.474,0.086
2640,2.543,3.558,16.743,3.413,0.053
2700,2.366,3.264,15.888,3.336,0.110
2760,2.430,3.417,15.838,3.334,0.063
2820,2.573,3.373,15.555,3.453,0.073
2880,2.525,3.492,15.272,3.610,0.114
2940,2.671,3.614,16.531,3.672,0.098
3000,2.833,3.957,18.795,3.673,0.125
3060,2.845,4.153,20.052,3.720,0.075
3120,2.817,3.858,19.793,3.801,0.094
3180,2.657,3.907,18.057,3.550,0.108
3240,2.692,3.647,18.007,3.634,0.137
3300,2.687,3.873,17.407,3.611,0.173
3360,2.735,4.334,18.294,3.693,0.173
3420,2.663,4.055,18.910,3.630,0.173
3480,2.578,3.692,16.724,3.644,0.152
3540,2.518,3.777,16.410,3.565,0.229
3600,2.428,3.593,16.955,3.592,0.126
3660,2.400,3.000,15.055,-9999.000,0.216
3720,2.059,2.700,11.326,-9999.000,0.177
3780,2.286,3.117,12.601,-9999.000,0.177
3840,2.152,2.654,13.616,-9999.000,0.200
3900,2.206,2.902,13.795,3.801,0.175
3960,2.081,2.807,13.540,3.770,0.107
4020,2.098,2.788,13.172,3.803,0.198
4080,1.960,2.528,12.125,3.629,0.139
4140,1.865,2.236,9.827,3.758,0.140
4200,1.619,1.523,10.057,3.708,0.116
4260,1.542,1.375,7.249,3.538,0.141
4320,1.507,1.781,6.781,3.662,0.175
4380,1.442,1.233,6.541,3.571,0.103
4440,1.354,1.152,6.845,3.670,0.136
4500,1.388,1.031,6.702,3.494,0.127
4560,1.374,0.586,5.464,3.626,0.130
4620,1.352,0.497,5.065,3.597,0.150
4680,1.381,0.826,5.178,3.523,0.076
4740,1.419,0.706,5.933,3.512,0.077
4800,1.451,0.815,6.415,3.582,0.159
4860,1.428,0.795,7.464,3.626,0.121
4920,1.470,0.961,7.973,3.443,0.167
4980,1.487,1.398,7.446,3.578,0.146
5040,1.530,1.488,8.339,3.570,0.118
5100,1.529,1.684,7.377,3.659,0.068
5160,1.564,1.892,8.747,3.815,0.143
5220,1.563,2.104,8.536,3.750,0.101
5280,1.552,2.430,8.626,3.688,0.093
5340,1.642,2.328,9.198,3.611,0.106
5400,1.627,2.259,9.404,3.881,0.153
5460,1.646,2.726,10.011,3.732,0.129
5520,1.649,2.642,11.700,3.597,0.077
5580,1.483,2.869,9.283,3.519,0.186
5640,1.597,2.933,11.241,3.876,0.093
5700,1.643,2.384,11.407,3.851,0.165
5760,1.645,2.593,12.665,3.765,0.142
5820,1.635,2.394,11.227,3.880,0.119
5880,1.634,2.129,12.434,3.915,0.125
5940,1.661,2.502,13.127,3.826,0.115
6000,1.701,2.329,12.936,3.778,0.122
6060,1.641,2.344,12.864,3.899,0.155
6120,1.651,2.637,13.366,3.770,0.114
6180,1.672,2.466,13.395,3.889,0.195
6240,1.620,1.790,12.321,3.729,0.094
6300,1.606,1.897,12.123,3.948,0.087
6360,1.554,1.719,12.941,4.052,0.155
6420,1.644,1.996,12.014,3.932,0.135
6480,1.674,1.956,13.287,4.063,0.136
6540,1.602,2.042,12.895,3.780,0.141
6600,1.662,2.202,13.657,4.077,0.087
6660,1.645,2.225,13.097,4.013,0.186
6720,1.613,2.057,14.077,3.979,0.099
6780,1.590,1.958,12.040,3.843,0.100
6840,1.611,2.049,13.607,3.947,0.132
6900,1.606,1.956,12.684,4.188,0.108
6960,1.600,1.968,14.337,4.066,0.131
7020,1.559,2.083,12.343,4.159,0.110
7080,1.561,2.081,14.461,4.113,0.135
7140,1.553,1.652,12.426,3.941,0.092
7200,1.600,1.715,13.196,4.126,0.041
7260,1.600,1.935,14.229,4.034,0.112
7320,1.606,1.986,14.743,-9999.000,0.135
7380,1.549,2.514,11.980,-9999.000,0.060
7440,1.374,1.643,11.072,-9999.000,0.124
7500,1.517,1.843,13.248,-9999.000,0.089
7560,1.518,1.857,12.845,4.061,0.105
7620,1.580,2.010,13.294,4.196,0.127
7680,1.591,1.885,13.722,4.162,0.110
7740,1.651,2.196,13.833,4.014,0.158
7800,1.597,1.991,14.428,4.098,0.105
7860,1.602,2.111,13.805,4.014,0.068
7920,1.641,2.524,13.723,3.996,0.110
7980,1.603,2.390,14.521,4.054,0.131
8040,1.637,2.544,15.096,4.024,0.134
8100,1.596,2.376,12.996,4.137,0.069
8160,1.630,2.398,14.445,3.870,0.122
8220,1.632,2.335,13.813,4.001,0.103
8280,1.593,2.335,15.090,4.076,0.152
8340,1.587,2.340,12.803,3.981,0.122
8400,1.595,2.286,12.681,4.065,0.130
8460,1.599,2.139,13.128,3.954,0.183
8520,1.620,2.182,12.375,3.981,0.163
8580,1.621,2.323,12.323,3.968,0.155
8640,1.602,2.317,13.021,4.016,0.237
8700,1.594,2.348,13.211,3.917,0.125
8760,1.540,2.203,12.353,4.045,0.173
8820,1.605,2.286,11.388,3.887,0.146
8880,1.614,2.250,12.499,3.930,0.096
8940,1.610,2.267,12.082,3.927,0.138
9000,1.623,2.613,12.874,3.866,0.202
9060,1.582,2.159,12.579,4.021,0.191
9120,1.615,2.532,12.137,4.028,0.225
9180,1.558,1.820,12.280,-9999.000,0.194
9240,1.310,1.779,9.864,-9999.000,0.043
9300,1.507,1.916,10.286,-9999.000,0.160
9360,1.555,2.229,11.702,3.615,0.185
9420,1.497,2.159,11.814,3.982,0.312
9480,1.558,2.088,11.111,3.982,0.182
9540,1.541,2.209,11.105,4.055,0.235
9600,1.573,2.228,11.072,3.903,0.162
9660,1.585,2.477,10.926,4.096,0.280
9720,1.584,2.243,10.454,4.200,0.193
9780,1.639,3.403,11.811,4.090,0.257
9840,1.726,4.109,14.803,4.343,0.319
9900,1.826,6.285,18.966,4.671,0.351
9960,1.853,5.929,19.167,4.520,0.419
10020,1.896,7.133,21.168,4.615,0.420
10080,2.047,8.849,26.588,4.980,0.434
10140,2.109,10.152,28.057,5.145,0.497
10200,2.086,11.031,31.497,5.313,0.558
10260,2.183,11.431,32.437,5.205,0.519
10320,2.260,12.822,35.884,5.424,0.514
10380,2.405,12.881,40.239,5.859,0.563
10440,2.399,13.057,41.729,6.179,0.560
10500,2.379,13.123,42.128,6.175,0.536
10560,2.397,13.231,44.320,6.109,0.563
10620,2.404,13.476,44.463,6.505,0.540
10680,2.336,13.310,44.345,6.318,0.612
10740,2.407,13.571,43.460,6.435,0.598
10800,2.383,14.217,44.082,6.510,0.620
10860,2.379,13.822,44.696,6.827,0.627
10920,2.383,13.709,44.388,6.557,0.615
10980,-9999.000,13.579,44.145,6.780,0.617
11040,-9999.000,13.906,-9999.000,-9999.000,-9999.000
11100,-9999.000,10.243,-9999.000,-9999.000,-9999.000
11160,-9999.000,12.916,-9999.000,-9999.000,-9999.000
11220,2.318,13.309,-9999.000,-9999.000,-9999.000
11280,2.285,13.266,-9999.000,7.025,0.661
11340,2.402,13.540,44.613,7.271,0.593
11400,2.356,13.275,43.911,7.326,0.622
11460,2.404,13.269,43.899,7.139,0.626
11520,2.365,12.947,45.399,7.178,0.647
11580,2.376,12.443,43.986,7.037,0.691
11640,2.338,12.321,45.044,6.794,0.639
11700,2.400,12.420,45.886,6.953,0.685
11760,2.401,12.720,46.687,6.782,0.682
11820,2.418,12.384,45.344,6.731,0.643
11880,2.378,12.718,46.338,6.654,0.691
11940,2.429,12.748,47.417,6.893,0.722
12000,2.463,13.118,47.583,6.719,0.622
12060,2.439,13.102,47.586,6.722,0.652
12120,2.425,12.805,46.755,6.822,0.754
12180,2.464,12.939,48.345,6.743,0.753
12240,2.503,12.985,48.583,6.837,0.757
12300,2.493,13.682,50.409,6.691,0.802
12360,2.530,13.373,48.454,6.746,0.790
12420,2.509,12.965,49.282,6.643,0.859
12480,2.547,12.249,48.796,6.785,0.739
12540,2.581,12.876,49.829,6.764,0.761
12600,2.540,12.372,49.025,6.711,0.807
12660,2.505,12.680,47.361,6.657,0.779
12720,2.506,12.370,47.346,6.603,0.776
12780,2.539,12.661,48.675,6.751,0.893
12840,2.540,12.297,48.592,6.925,0.794
12900,2.554,12.638,-9999.000,-9999.000,0.840
12960,2.264,10.822,-9999.000,-9999.000,0.690
13020,2.411,11.865,-9999.000,-9999.000,0.855
13080,2.527,11.689,-9999.000,-9999.000,0.873
13140,2.500,12.042,47.149,6.963,0.929
13200,2.556,11.666,45.938,7.179,0.934
13260,2.511,12.184,44.986,7.299,0.835
13320,2.450,11.724,43.360,7.410,0.836
13380,2.438,11.113,42.206,7.431,0.967
13440,2.355,10.975,41.529,7.674,0.945
13500,2.423,10.841,39.970,7.452,0.979
13560,2.392,10.357,37.253,7.706,0.939
13620,2.353,10.220,37.480,7.863,1.050
13680,2.266,9.712,36.152,7.413,0.946
13740,2.286,9.861,34.279,7.756,0.923
13800,2.283,9.975,34.780,7.810,1.010
13860,2.225,9.657,32.179,7.586,0.903
13920,2.288,9.456,31.812,7.608,0.932
13980,2.246,8.957,33.481,7.663,1.007
14040,2.293,9.154,31.421,7.713,1.026
14100,2.225,9.066,31.882,7.578,1.022
14160,2.228,8.891,31.453,7.400,1.049
14220,2.204,8.832,31.045,7.386,0.960
14280,2.203,8.753,30.906,7.707,0.936
14340,2.239,8.496,29.724,7.328,1.016
14400,2.229,8.627,29.090,7.416,1.089
14460,2.149,8.359,30.724,7.330,1.044
14520,2.224,8.204,28.887,7.097,1.053
14580,2.170,8.300,28.075,7.118,0.984
14640,2.106,7.935,28.555,7.068,0.926
14700,-9999.000,7.819,26.165,-9999.000,0.958
14760,-9999.000,7.964,27.295,-9999.000,0.935
14820,-9999.000,6.554,19.822,-9999.000,0.719
14880,-9999.000,6.883,21.781,-9999.000,0.863
14940,-9999.000,7.904,26.097,-9999.000,0.916
15000,2.167,7.854,25.364,7.067,0.827
15060,2.203,8.426,27.121,7.248,0.850
15120,2.279,8.894,29.118,7.496,0.888
15180,2.212,8.033,26.659,7.542,0.784
15240,2.286,8.601,27.557,7.596,0.795
15300,2.235,8.769,29.937,7.767,0.842
15360,2.359,9.212,29.898,8.030,0.803
15420,2.359,8.980,28.916,8.025,0.770
15480,2.352,9.010,28.985,8.007,0.811
15540,2.314,9.113,29.472,8.167,0.815
15600,2.359,9.071,29.623,8.102,0.761
15660,2.362,9.122,28.814,7.901,0.679
15720,2.350,8.648,26.199,7.746,0.674
15780,2.360,8.968,31.609,7.868,0.770
15840,2.385,9.413,29.718,7.897,0.739
15900,2.484,9.389,30.876,8.395,0.726
15960,2.464,9.296,32.204,8.301,0.723
16020,2.450,8.956,30.851,8.160,0.769
16080,2.476,9.472,31.264,7.705,0.886
16140,2.530,9.158,32.423,8.402,0.846
16200,2.496,9.454,31.472,8.043,0.750
16260,2.505,9.545,32.268,7.902,0.792
16320,2.482,9.902,32.755,8.362,0.790
16380,2.549,9.723,32.115,8.189,0.763
16440,2.538,9.570,32.143,8.328,0.671
16500,2.471,9.785,31.664,8.127,0.715
16560,2.414,9.442,31.425,8.327,0.788
16620,2.490,9.198,33.161,-9999.000,0.908
16680,2.270,8.710,26.961,-9999.000,0.538
16740,2.438,9.181,29.959,-9999.000,0.677
16800,2.431,9.431,29.184,-9999.000,0.724
16860,2.497,9.434,29.793,8.413,0.760
16920,2.480,9.321,28.661,8.153,0.677
16980,2.443,9.502,31.408,8.301,0.741
17040,2.493,9.575,30.960,8.521,0.753
17100,2.556,9.357,30.659,8.704,0.740
17160,2.489,9.431,29.994,8.727,0.721
17220,2.503,9.266,28.651,8.686,0.684
17280,2.597,9.378,30.304,8.799,0.721
17340,2.568,9.819,29.673,8.781,0.693
17400,2.618,9.809,30.587,8.895,0.775
17460,2.577,9.417,31.508,8.822,0.684
17520,2.626,10.057,32.420,8.985,0.776
17580,2.577,9.898,31.188,8.840,0.696
17640,2.595,10.435,32.780,9.053,0.839
17700,2.668,10.107,30.619,8.962,0.795
17760,2.609,10.310,29.343,8.982,0.832
17820,2.608,9.684,33.788,9.233,0.916
17880,2.664,10.137,32.030,9.303,0.852
17940,2.589,9.740,31.039,9.070,0.815
18000,2.608,9.956,31.356,8.759,0.722
18060,2.624,10.100,30.174,9.255,0.857
18120,2.596,10.074,30.215,9.031,0.872
18180,2.763,10.771,32.836,9.790,0.960
18240,2.716,10.012,31.392,9.465,0.957
18300,2.656,10.203,32.220,9.258,0.899
18360,2.670,10.334,31.040,8.971,0.897
18420,2.720,9.793,30.199,9.004,0.918
18480,-9999.000,-9999.000,-9999.000,-9999.000,-9999.000
18540,2.321,9.156,24.300,-9999.000,0.729
18600,2.589,10.059,27.690,-9999.000,0.889
18660,2.692,9.909,29.540,9.058,0.933
18720,2.724,10.015,28.458,9.361,0.800
18780,2.700,10.196,28.738,9.267,0.883
18840,2.745,10.355,30.738,9.477,0.997
18900,2.685,9.716,28.187,9.367,0.896
18960,2.721,9.954,28.980,9.338,0.856
19020,2.775,9.810,28.096,9.480,0.806
19080,2.807,9.940,27.574,9.357,0.789
19140,2.741,9.933,29.301,9.490,0.900
19200,2.753,9.773,29.451,9.386,0.803
19260,2.764,10.038,27.356,9.430,0.816
19320,2.778,9.871,28.520,9.983,0.799
19380,2.735,9.613,27.149,9.568,0.780
19440,2.795,9.343,26.320,9.644,0.798
19500,2.862,9.840,30.370,9.971,0.912
19560,2.827,9.495,28.614,9.397,0.840
19620,2.744,9.422,25.754,9.154,0.819
19680,2.781,9.371,27.703,9.228,0.883
19740,2.820,9.331,26.247,9.129,0.775
19800,2.762,9.402,26.674,9.185,0.799
19860,2.792,9.780,28.895,9.336,0.819
19920,2.794,9.966,29.180,9.423,0.803
19980,2.793,9.895,29.144,9.179,0.779
20040,2.731,9.782,30.092,9.002,0.827
20100,2.790,10.010,29.648,9.022,0.781
20160,2.725,9.992,30.117,8.843,0.734
20220,-9999.000,10.579,32.799,-9999.000,0.777
20280,-9999.000,10.359,31.766,-9999.000,-9999.000
20340,-9999.000,8.385,26.574,-9999.000,-9999.000
20400,-9999.000,10.470,31.923,-9999.000,-9999.000
20460,-9999.000,10.519,32.780,8.668,0.657
20520,2.813,10.622,32.945,8.792,0.664
20580,2.776,10.474,34.282,8.562,0.703
20640,2.803,10.366,34.747,8.602,0.705
20700,2.777,10.540,34.414,8.905,0.674
20760,2.842,10.453,36.588,8.818,0.663
20820,2.921,10.484,37.366,8.847,0.717
20880,2.943,11.125,37.800,8.977,0.824
20940,2.849,10.209,37.882,8.901,0.785
21000,2.778,9.827,35.602,8.834,0.825
21060,2.919,10.495,38.778,9.178,0.885
21120,2.867,10.872,38.449,9.394,0.881
21180,2.965,10.771,39.178,9.777,0.914
21240,2.967,10.880,39.327,9.653,0.995
21300,3.032,10.781,42.950,9.695,0.906
21360,3.040,11.309,42.098,9.687,0.872
21420,3.032,10.774,43.333,9.646,0.888
21480,3.059,11.363,44.263,9.674,0.854
21540,2.983,11.363,44.555,9.573,0.913
21600,2.937,10.909,42.488,9.401,0.807
21660,3.067,11.113,46.064,9.605,0.803
21720,3.054,10.924,45.729,9.265,0.716
21780,3.195,11.750,51.304,9.465,0.764
21840,3.132,11.533,52.118,9.275,0.774
21900,3.235,11.508,54.496,9.575,0.739
21960,3.298,12.214,57.753,9.560,0.757
22020,3.266,11.388,55.321,-9999.000,0.744
22080,-9999.000,-9999.000,-9999.000,-9999.000,-9999.000
22140,-9999.000,-9999.000,-9999.000,-9999.000,-9999.000
22200,-9999.000,-9999.000,-9999.000,-9999.000,-9999.000
22260,-9999.000,-9999.000,-9999.000,-9999.000,-9999.000
22320,3.037,-9999.000,-9999.000,-9999.000,-9999.000
22380,3.118,11.373,50.761,-9999.000,-9999.000
22440,3.182,11.612,52.535,9.541,-9999.000
22500,3.322,11.973,56.580,9.425,-9999.000
22560,3.268,11.325,55.312,9.770,0.800
22620,3.328,11.753,58.453,9.636,0.793
22680,3.378,11.873,62.279,9.657,0.882
22740,3.408,11.924,61.703,9.322,0.784
22800,3.400,11.939,64.199,9.411,0.762
22860,3.520,11.891,68.564,9.113,0.786
22920,3.489,11.559,67.992,9.253,0.764
22980,3.516,12.105,73.130,9.178,0.782
23040,3.583,11.958,74.279,9.015,0.721
23100,3.630,11.690,73.353,9.044,0.706
23160,3.562,11.693,74.636,8.903,0.740
23220,3.655,11.949,77.261,9.175,0.676
23280,3.641,11.853,77.637,9.181,0.735
23340,3.673,12.256,79.890,8.937,0.760
23400,3.722,12.105,81.564,9.192,0.742
23460,3.702,11.932,82.074,9.442,0.769
23520,3.722,12.393,83.110,9.391,0.722
23580,3.703,12.041,83.735,9.209,0.777
23640,3.735,11.952,83.850,9.249,0.766
23700,3.790,12.208,86.604,9.194,0.708
23760,3.771,12.170,89.549,9.354,0.746
23820,3.805,12.394,88.959,9.523,0.766
23880,3.847,12.776,88.654,9.472,0.740
23940,-9999.000,-9999.000,-9999.000,-9999.000,0.740
24000,-9999.000,-9999.000,-9999.000,-9999.000,0.436
24060,-9999.000,-9999.000,-9999.000,-9999.000,0.405
24120,-9999.000,-9999.000,-9999.000,-9999.000,0.643
24180,-9999.000,11.567,93.321,9.305,0.643
24240,4.084,11.420,98.031,9.420,0.726
24300,4.040,10.956,99.618,9.367,0.665
24360,4.111,13.098,103.032,8.793,0.904
24420,3.811,10.092,64.702,8.919,0.771
24480,3.931,10.450,66.984,8.645,0.757
24540,3.820,10.291,63.714,8.363,0.798
24600,3.825,9.679,64.819,8.208,0.700
24660,3.821,9.334,63.564,8.153,0.811
24720,3.902,9.110,65.061,8.276,0.732
24780,3.857,9.086,64.192,8.051,0.782
24840,3.913,8.732,64.361,8.075,0.759
24900,3.924,8.426,66.984,7.869,0.775
24960,3.878,8.567,65.259,7.991,0.759
25020,3.902,8.154,65.945,7.840,0.792
25080,3.848,7.638,65.970,7.556,0.752
25140,3.818,7.473,63.164,7.667,0.802
25200,3.849,7.074,62.119,7.521,0.687
