CampaignData_and_Merges/R0/CSL_MobileLab_Parked/raw/20240717/USOS-POPS_MobileLabGround_20240717_R0.ict
79, 1001
Thornberry, T. D.
NOAA Chemical Sciences Laboratory
Portable Optical Particle Spectrometer (POPS)
USOS
1, 1
2024, 07, 17, 2025, 05, 08
60
Time_Start, seconds_past_midnight, Start time of measurement
45
1, 1, 1, 1, 1, 1, 1, 1, 1, 1, 1, 1, 1, 1, 1, 1, 1, 1, 1, 1, 1, 1, 1, 1, 1, 1, 1, 1, 1, 1, 1, 1, 1, 1, 1, 1, 1, 1, 1, 1, 1, 1, 1, 1, 1
-9999, -9999, -9999, -9999, -9999, -9999, -9999, -9999, -9999, -9999, -9999, -9999, -9999, -9999, -9999, -9999, -9999, -9999, -9999, -9999, -9999, -9999, -9999, -9999, -9999, -9999, -9999, -9999, -9999, -9999, -9999, -9999, -9999, -9999, -9999, -9999, -9999, -9999, -9999, -9999, -9999, -9999, -9999, -9999, -9999
Time_Stop, seconds_past_midnight, Stop time of measurement
Time_Mid, seconds_past_midnight, Mid time of measurement
Press_mb, mb, Pressure reported (mb)
Temp_C, degrees C, POPS temperature measurement
Aerosol_concentration, cm^-3, Aerosol concentration
Surface_Area_Conc, um^2 cm^-3, Surface area concentration
Volume_density, um^3 cm^-3, Volume density
Effective_radius, um, Effective radius
Extinction, km^-1, Extinction
Bin01, cm^-3, particle concentration in size range [1401 - 146.3 nm]
Bin02, cm^-3, particle concentration in size range [146.3 - 152.8 nm]
Bin03, cm^-3, particle concentration in size range [152.8 - 159.6 nm]
Bin04, cm^-3, particle concentration in size range [159.6 - 166.8 nm]
Bin05, cm^-3, particle concentration in size range [166.8 - 174.2 nm]
Bin06, cm^-3, particle concentration in size range [174.2 - 181.9 nm]
Bin07, cm^-3, particle concentration in size range [181.9 - 190.0 nm]
Bin08, cm^-3, particle concentration in size range [190.0 - 198.5 nm]
Bin09, cm^-3, particle concentration in size range [198.5 - 207.4 nm]
Bin10, cm^-3, particle concentration in size range [207.4 - 216.6 nm]
Bin11, cm^-3, particle concentration in size range [216.6 - 226.2 nm]
Bin12, cm^-3, particle concentration in size range [226.2 - 236.3 nm]
Bin13, cm^-3, particle concentration in size range [236.3 - 246.8 nm]
Bin14, cm^-3, particle concentration in size range [246.8 - 257.8 nm]
Bin15, cm^-3, particle concentration in size range [257.8 - 269.3 nm]
Bin16, cm^-3, particle concentration in size range [269.3 - 343.4 nm]
Bin17, cm^-3, particle concentration in size range [343.4 - 450.7 nm]
Bin18, cm^-3, particle concentration in size range [450.7 - 525.9 nm]
Bin19, cm^-3, particle concentration in size range [525.9 - 618.5 nm]
Bin20, cm^-3, particle concentration in size range [618.5 - 710.0 nm]
Bin21, cm^-3, particle concentration in size range [710.0 - 822.7 nm]
Bin22, cm^-3, particle concentration in size range [822.7 - 885.9 nm]
Bin23, cm^-3, particle concentration in size range [885.9 - 953.9 nm]
Bin24, cm^-3, particle concentration in size range [953.9 - 1027.2 nm]
Bin25, cm^-3, particle concentration in size range [1027.2 - 1106.1 nm]
Bin26, cm^-3, particle concentration in size range [1106.1 - 1191.0 nm]
Bin27, cm^-3, particle concentration in size range [1191.0 - 1282.5 nm]
Bin28, cm^-3, particle concentration in size range [1282.5 - 1381.0 nm]
Bin29, cm^-3, particle concentration in size range [1381.0 - 1487.1 nm]
Bin30, cm^-3, particle concentration in size range [1487.1 - 1601.3 nm]
Bin31, cm^-3, particle concentration in size range [1601.3 - 1724.3 nm]
[...]
PLATFORM: NOAA CSL Mobile Lab
LOCATION: USOS
ASSOCIATED_DATA: N/A
INSTRUMENT_INFO: Printed Optical Particle Spectrometer counts particles from 140 - 2500 nm in diameter 
DATA_INFO: Particle concentrations reported in number per cubic centimeter,1 Hz data
UNCERTAINTY: Counting uncertainty dominated by air flow, less than 5 percent. Measurement range is ~0 - 3000 per cm3 (varies depending on flow rate- manufacturer quotes 1250 per cm3 at 1.667 cc/s)
ULOD_FLAG: -7777
ULOD_VALUE: N/A
LLOD_FLAG: -8888
LLOD_VALUE: N/A
DM_CONTACT_INFO: Troy Thornberry, 325 Broadway R/CSL6, Boulder, CO 80305; troy.thornberry@noaa.gov; 303-497-3373
PROJECT_INFO: USOS, Utah POPS data from NOAA CSL Mobile Lab
STIPULATIONS_ON_USE: Please contact the PIs for questions regarding applications and uncertainties
OTHER_COMMENTS: POPS bin Edges (nm):  140.1, 146.3, 152.8, 159.6, 166.8, 174.2, 181.9, 190.0, 198.5, 207.4, 216.6, 226.2, 236.3, 246.8, 257.8, 269.3, 343.4, 450.7, 525.9, 618.5, 710.0, 822.7, 885.9, 953.9, 1027.2, 1106.1, 1191.0, 1282.5, 1381.0, 1487.1, 1601.3, 1724.3, 1856.7, 1999.3, 2152.8, 2318.2, 2496.2
Calculations assume organic aerosol refractive index of 1.52+0.00j and extinction wavelength = 532 nm
REVISION: R0
R0: Final data
Time_Start, Time_Stop, Time_Mid, Press_mb, Temp_C, Aerosol_concentration, Surface_Area_Conc, Volume_density, Effective_radius, Extinction, Bin01, Bin02, Bin03, Bin04, Bin05, Bin06, Bin07, Bin08, Bin09, Bin10, Bin11, Bin12, Bin13, Bin14, Bin15, Bin16, Bin17, Bin18, Bin19, Bin20, Bin21, Bin22, Bin23, Bin24, Bin25, Bin26, Bin27, Bin28, Bin29, Bin30, Bin31, Bin32, Bin33, Bin34, Bin35, Bin36
[from data line 1311]
78660,78719,78690,872.280,35.668,584.096,110.213,5.925,0.161,0.036,31.820406,30.749493,30.878662,30.264889,31.425007,31.307060,30.083124,30.214508,29.438444,28.602137,29.189611,29.577402,29.399296,29.067253,24.684586,98.038124,29.749384,6.575653,1.823505,0.337256,0.278930,0.157627,0.087799,0.068790,0.052508,0.017249,0.023105,0.005805,0.028813,0.028955,0.051880,0.034489,0.005672,0.011769,0.005905,0.011251
78720,78779,78750,872.289,35.720,573.604,107.714,5.783,0.161,0.035,30.047066,30.564938,30.650480,30.981598,31.226233,31.077677,29.836876,30.383669,27.807571,28.507416,28.335043,29.213823,29.584539,27.777056,23.611485,95.964035,28.923830,6.317636,1.836253,0.256337,0.164165,0.116435,0.076262,0.035076,0.034854,0.017508,0.040312,0.034845,0.035245,0.029068,0.035149,0.022921,0.023385,0.011600,0.011854,0.011322
78780,78839,78810,872.309,36.008,578.975,107.950,5.568,0.154,0.035,30.984863,30.467060,30.693922,31.251726,31.605082,31.265621,30.638309,30.868668,29.537083,28.112804,27.774082,30.116385,29.221355,28.762550,24.055767,95.629555,28.745378,6.086204,2.127549,0.283884,0.229058,0.134051,0.060012,0.058561,0.040844,0.017751,0.046802,0.047260,0.023593,0.018155,0.035564,0.011506,0.012058,0.011686,0.000000,0.000000
78840,78899,78870,872.278,36.356,565.414,105.946,5.655,0.160,0.034,30.210442,30.186333,29.390873,31.304012,30.875963,30.014242,29.769564,29.835783,28.974426,28.586950,27.571493,28.642662,28.329044,27.133686,23.863388,93.863342,27.745037,6.147430,1.834969,0.316259,0.212384,0.115245,0.084892,0.072421,0.048562,0.042630,0.024356,0.048329,0.036404,0.024003,0.048137,0.024249,0.018099,0.006132,0.011968,0.000000
78900,78959,78930,872.269,36.588,576.636,107.136,5.663,0.158,0.034,31.691576,31.287338,31.776890,31.618570,31.575066,31.401354,30.412109,30.669434,28.965727,29.261562,28.391773,28.915539,28.396269,27.479053,23.663120,93.713295,28.347324,6.173621,1.711925,0.338446,0.258978,0.142394,0.057182,0.050254,0.079744,0.074434,0.040741,0.005526,0.016782,0.051599,0.011288,0.011178,0.011600,0.000000,0.017217,0.017300
78960,79019,78990,872.260,36.794,592.902,108.031,5.528,0.153,0.034,34.992596,33.995960,33.691895,32.544254,33.631126,32.966915,32.144970,30.860456,29.065256,29.340448,28.331429,28.241463,28.686270,28.146811,24.503653,95.545059,27.379776,6.006715,1.834608,0.241680,0.236393,0.103470,0.068874,0.064356,0.034685,0.040338,0.046077,0.034608,0.040737,0.023380,0.022872,0.005945,0.017093,0.000000,0.000000,0.011729
79020,79079,79050,872.258,36.920,583.779,107.290,5.571,0.156,0.034,32.916359,32.110512,32.158504,32.979668,33.022243,31.989866,30.407310,30.352171,29.296572,27.789593,28.388111,29.629370,29.097763,28.372128,23.639814,95.450768,27.358654,6.042192,1.744947,0.331697,0.179697,0.106503,0.096492,0.079484,0.039737,0.023150,0.022610,0.022339,0.034245,0.022851,0.017421,0.011435,0.011232,0.011511,0.010953,0.011396
79080,79139,79110,872.244,36.958,568.689,105.067,5.522,0.157,0.033,31.543428,31.056692,31.287931,31.361341,31.145452,30.855280,30.177420,29.894468,29.557840,27.993137,27.774961,28.735661,28.698236,26.974470,23.327393,92.102509,27.387291,6.115901,1.727670,0.292028,0.210948,0.086347,0.057647,0.056707,0.040551,0.016898,0.017151,0.022995,0.039580,0.045695,0.034192,0.011573,0.011578,0.005422,0.000000,0.022610
79140,79199,79170,872.204,37.057,567.809,105.396,5.632,0.160,0.034,30.804235,31.037979,31.012177,30.908325,32.092113,31.530087,29.116892,29.954502,28.608862,28.182775,28.396862,28.478386,28.516243,27.609547,23.397757,91.998962,27.406107,6.030652,1.690522,0.248498,0.221450,0.130976,0.062318,0.049749,0.022968,0.044828,0.034508,0.044846,0.033983,0.039416,0.034028,0.011502,0.016996,0.016875,0.000000,0.022908
79200,79259,79230,872.202,37.119,556.992,102.933,5.307,0.154,0.033,29.870651,30.506556,29.556927,29.904554,30.719191,29.899796,29.832638,29.475597,28.736090,28.013153,26.850443,28.345497,28.629168,26.830582,23.251194,91.377121,26.741402,5.764694,1.667558,0.302749,0.254920,0.101341,0.044770,0.045625,0.067551,0.050798,0.022144,0.011133,0.011332,0.039016,0.028390,0.016828,0.005650,0.011360,0.005745,0.000000
79260,79319,79290,872.158,37.182,565.367,104.607,5.614,0.160,0.033,30.330090,30.441889,31.348818,30.791456,31.087175,31.230825,29.791382,29.705667,28.376432,28.030365,28.839817,28.853697,28.767548,27.581644,23.539558,91.534897,26.648691,5.624336,1.798963,0.297311,0.270121,0.085937,0.047009,0.051600,0.012019,0.023030,0.040333,0.033596,0.044890,0.034075,0.017006,0.028998,0.005562,0.028926,0.017189,0.005653
79320,79379,79350,872.180,37.259,577.085,106.731,5.575,0.156,0.034,31.322918,31.244553,31.180775,31.158369,31.624092,31.072538,30.858908,30.391184,29.773426,29.176851,28.301519,29.910435,28.519978,27.886637,24.522499,94.064827,27.256552,5.950550,1.812541,0.285752,0.208344,0.102004,0.077141,0.062423,0.060480,0.022696,0.061011,0.034046,0.034261,0.028697,0.033760,0.017163,0.005398,0.017068,0.000000,0.005805
79380,79439,79410,872.168,37.323,583.742,108.255,6.008,0.166,0.034,32.124508,32.117470,32.117916,32.576500,32.965420,32.154903,30.290922,30.832891,29.839745,29.419067,28.806250,28.887335,29.687820,28.056475,24.320492,93.283371,27.541786,5.836775,1.727801,0.207327,0.271335,0.174037,0.085780,0.046548,0.046796,0.040459,0.017397,0.017093,0.039965,0.040441,0.045747,0.035745,0.023157,0.028681,0.022765,0.011514
79440,79499,79470,872.180,37.271,575.656,106.856,5.811,0.163,0.034,31.240360,31.628916,30.848837,31.649246,31.837467,31.245337,30.199986,30.213867,28.948561,29.011658,28.432602,29.763588,29.551542,27.769674,24.564682,93.143578,26.442560,6.173968,1.890020,0.304750,0.230220,0.139574,0.067870,0.061209,0.033945,0.039103,0.010972,0.027575,0.022588,0.016821,0.044245,0.027833,0.022792,0.016674,0.011027,0.022561
79500,79559,79530,872.164,37.276,585.688,107.835,5.640,0.156,0.034,32.396637,31.674353,31.704937,33.125122,33.003040,32.083153,30.984835,30.784763,30.122347,28.506763,28.685530,29.194965,29.177040,28.521816,24.832232,95.028275,27.010530,6.094497,1.685166,0.301336,0.234768,0.078784,0.084279,0.059979,0.048377,0.024093,0.041883,0.035896,0.041913,0.029962,0.030580,0.006095,0.023682,0.011969,0.012011,0.006200
79560,79619,79590,872.164,37.243,572.578,105.851,5.658,0.160,0.034,31.885111,31.253872,30.820927,30.585026,32.276802,31.333172,30.649647,29.478199,29.329062,28.211746,28.891838,29.349899,29.890554,27.296017,23.510845,92.324066,26.701307,6.014697,1.620570,0.342235,0.301974,0.080179,0.074290,0.057342,0.040580,0.028976,0.028166,0.039555,0.017139,0.040096,0.028781,0.017196,0.005945,0.011630,0.028751,0.011572
79620,79679,79650,872.170,37.186,578.243,106.918,5.806,0.162,0.034,32.070702,32.153362,31.616928,31.002308,31.809355,31.436089,31.293854,30.154110,29.442549,29.002481,29.030199,29.142609,28.895014,28.733727,24.053204,93.354286,26.341263,5.845788,1.752849,0.303266,0.218651,0.111908,0.083388,0.047485,0.041053,0.041405,0.035481,0.017683,0.029112,0.059907,0.017470,0.017981,0.041118,0.011439,0.017720,0.017683
79680,79739,79710,872.143,37.095,584.757,107.208,5.819,0.162,0.034,32.998997,32.399323,31.836924,32.462841,33.283360,31.895506,31.795238,30.094612,29.683332,29.037933,28.600580,30.110195,29.831379,28.765825,24.579292,92.563240,26.235960,5.592445,1.887019,0.290270,0.274570,0.100008,0.072024,0.067836,0.039968,0.033686,0.034430,0.022168,0.016663,0.016588,0.039044,0.039339,0.005745,0.011266,0.005485,0.033802
79740,79799,79770,872.125,37.016,590.470,107.578,5.696,0.158,0.034,33.144985,31.460907,32.918930,33.445133,33.523003,32.768726,32.465572,31.861473,30.487173,29.291468,28.952927,29.623087,29.454695,28.619175,24.511982,93.208458,26.104847,5.701453,1.880038,0.285984,0.235892,0.107692,0.079455,0.051277,0.045689,0.046216,0.011457,0.011408,0.011475,0.039917,0.034062,0.028423,0.028671,0.011441,0.005672,0.011789
79800,79859,79830,872.108,36.820,601.301,109.457,5.984,0.163,0.034,33.550201,34.368073,33.661175,34.760212,33.815304,33.571728,32.163700,31.602428,30.786448,29.808069,29.448675,31.018990,30.877209,29.631763,24.455229,92.806244,26.088427,5.999105,1.807912,0.276066,0.209052,0.104838,0.097830,0.057868,0.063613,0.051730,0.017448,0.006092,0.028228,0.029384,0.017225,0.040017,0.017660,0.011552,0.022800,0.029178
79860,79919,79890,872.095,36.845,590.149,107.812,6.077,0.168,0.034,33.729000,33.731846,33.032505,32.973583,33.674900,32.956226,32.081989,31.684988,30.345287,30.227055,28.732544,29.314602,28.953552,28.919275,24.267923,91.001953,26.334152,5.342826,1.739264,0.258161,0.224569,0.121859,0.081186,0.062559,0.040839,0.051540,0.034059,0.000000,0.017614,0.029350,0.028926,0.035328,0.017436,0.034099,0.022302,0.045889
79920,79979,79950,872.087,36.938,612.992,109.107,5.747,0.158,0.033,38.917091,37.071232,36.427448,36.191887,35.569813,33.806732,32.628262,32.173233,31.133930,30.268858,29.561541,30.223570,29.624386,28.445807,24.030575,91.996178,26.932846,5.326055,1.620111,0.314670,0.179874,0.145806,0.056198,0.051072,0.049943,0.027651,0.022391,0.028426,0.016389,0.038284,0.028316,0.022043,0.005593,0.016618,0.022638,0.016628
79980,80039,80010,872.060,36.950,595.295,106.937,5.752,0.161,0.033,35.563347,35.194187,34.688847,36.155518,34.854225,32.184502,31.786840,31.972403,29.844215,29.350241,29.190147,29.672712,29.533875,28.239489,23.789042,88.863647,26.076727,5.402356,1.820643,0.297592,0.232768,0.114831,0.058453,0.041101,0.047797,0.045927,0.046746,0.029135,0.034933,0.034975,0.046904,0.040446,0.005988,0.005790,0.011361,0.017064
80040,80099,80070,872.060,36.784,585.708,106.624,5.985,0.167,0.033,34.366375,33.738461,32.500195,33.002132,33.626171,32.691086,31.718220,31.584778,30.132450,29.728792,28.748327,29.841415,28.762215,27.701033,24.606375,89.162735,25.558857,5.519524,1.593880,0.282309,0.241681,0.103662,0.062061,0.063259,0.039280,0.044611,0.011381,0.017403,0.034678,0.035076,0.051766,0.029213,0.005709,0.045538,0.022875,0.034987
80100,80159,80130,872.039,36.709,549.864,100.622,5.537,0.164,0.032,31.864264,31.442348,30.194725,30.816490,31.539454,30.634754,29.051954,29.913219,28.014170,27.000450,26.731764,27.415127,27.859293,26.475996,23.197166,85.738007,23.911118,5.334911,1.503358,0.304972,0.212693,0.178206,0.109124,0.080451,0.057545,0.034349,0.017188,0.034182,0.011478,0.046054,0.034298,0.023326,0.023624,0.017339,0.017378,0.023067
80160,80219,80190,872.011,36.650,507.253,91.873,4.757,0.155,0.028,28.873949,28.598486,27.952450,28.637520,28.039551,28.080667,27.344015,26.302195,26.115412,25.136126,25.957649,25.926327,25.771795,24.524580,20.943914,79.154564,22.966852,4.688955,1.438657,0.226076,0.170952,0.060380,0.071489,0.044239,0.016485,0.027829,0.010932,0.043506,0.021900,0.038978,0.016602,0.011186,0.016557,0.000000,0.010933,0.011426
80220,80279,80250,872.001,36.446,477.638,86.315,4.417,0.153,0.026,26.931221,26.472075,26.154339,26.650133,26.883526,26.846535,26.310410,25.028402,24.564152,23.651867,23.389114,24.368244,24.207340,24.010624,19.968306,74.645233,21.111876,4.395612,1.304335,0.192322,0.141396,0.090030,0.039640,0.028319,0.090448,0.005650,0.033625,0.016814,0.028492,0.005330,0.033284,0.000000,0.011250,0.011061,0.005557,0.011281
80280,80339,80310,871.981,36.475,453.627,82.162,4.191,0.152,0.025,24.724794,25.189753,24.946621,24.900042,25.982616,25.092106,24.610794,24.198811,23.373669,22.932610,22.755770,23.111034,23.475700,21.576014,19.364269,70.868782,20.156433,4.324090,1.344859,0.176500,0.135610,0.102781,0.039024,0.033322,0.022984,0.034421,0.034036,0.039611,0.016727,0.022891,0.011592,0.000000,0.000000,0.011245,0.000000,0.017063
80340,80399,80370,871.985,36.534,428.843,77.431,3.900,0.151,0.024,23.855034,23.890383,22.966103,24.410561,24.220894,23.542511,23.119934,22.751455,22.050882,21.960285,21.644827,21.855970,21.998386,20.501978,17.422270,67.338493,19.318638,4.097251,1.243191,0.181581,0.139659,0.087473,0.058191,0.047098,0.034493,0.005967,0.011663,0.017624,0.023198,0.005848,0.006092,0.011696,0.017544,0.000000,0.006134,0.000000
80400,80459,80430,872.001,36.512,404.308,72.994,3.628,0.149,0.022,22.295345,21.872681,21.790661,22.103743,22.709190,22.622574,21.734509,21.371080,21.208307,20.524784,20.350483,21.225332,20.333092,20.692429,17.075069,62.786110,18.092165,3.722882,1.135981,0.193267,0.149349,0.071210,0.066600,0.038568,0.022201,0.027424,0.027284,0.011111,0.011186,0.011242,0.011148,0.000000,0.016055,0.000000,0.005208,0.000000
80460,80519,80490,871.983,36.503,389.914,70.446,3.500,0.149,0.022,21.371994,20.885818,20.581017,21.254423,21.461428,21.816658,20.850378,21.288414,20.732737,19.476234,19.601789,20.628664,19.830942,19.130798,16.951347,61.041168,17.816072,3.521733,1.151814,0.128855,0.116752,0.069307,0.029586,0.023653,0.041218,0.041155,0.017512,0.005887,0.006029,0.011778,0.011861,0.005809,0.005829,0.000000,0.000000,0.005587
80520,80579,80550,871.969,36.467,380.767,69.165,3.475,0.150,0.021,20.285851,20.860825,20.663033,20.742893,21.096470,20.684849,20.019978,20.005816,19.954571,18.815779,19.134104,20.008753,19.575686,19.459064,16.685026,60.431927,17.128662,3.451343,1.167474,0.164027,0.153324,0.078770,0.034058,0.033807,0.011669,0.027915,0.011360,0.028294,0.005765,0.011639,0.011310,0.005765,0.005398,0.000000,0.011473,0.000000
80580,80639,80610,871.962,36.526,363.869,66.133,3.418,0.154,0.020,19.835115,19.259331,19.576033,19.680866,20.172026,20.028994,19.631577,18.859745,19.334351,18.644838,18.484760,18.758030,19.064663,18.370300,15.566568,57.426792,15.979968,3.601464,1.087352,0.144757,0.099518,0.033755,0.044436,0.038829,0.011075,0.016746,0.005708,0.022620,0.005631,0.033304,0.016906,0.022034,0.005747,0.000000,0.000000,0.005482
80640,80699,80670,871.941,36.584,357.971,64.711,3.200,0.148,0.020,19.654959,19.696280,18.721678,19.323122,20.500668,19.731544,18.733170,18.392454,18.480696,18.249397,18.049471,18.447159,19.221100,17.808681,15.357155,56.349442,16.422264,3.278833,1.016981,0.155770,0.156227,0.071789,0.039431,0.010983,0.011396,0.022802,0.016798,0.016544,0.011308,0.000000,0.005593,0.011537,0.005612,0.000000,0.000000,0.000000
80700,80759,80730,871.918,36.591,342.610,62.239,3.240,0.156,0.019,19.363905,18.764706,18.614624,18.818920,19.003901,19.051807,18.141100,18.495922,17.543661,17.348318,17.413294,17.592762,17.955778,17.074818,14.787270,53.315964,14.256783,3.296592,1.058852,0.197076,0.155903,0.057495,0.063968,0.046127,0.023071,0.034959,0.045901,0.017622,0.000000,0.023131,0.011283,0.011087,0.017093,0.000000,0.000000,0.005907
80760,80819,80790,871.922,36.698,347.853,61.763,3.042,0.147,0.019,20.725433,20.589445,19.874187,19.684235,20.038870,18.674742,18.846704,18.227472,17.719389,17.461748,17.467897,17.736395,17.657602,16.240891,14.081007,53.249382,14.850441,3.265201,0.982467,0.109281,0.119758,0.073425,0.040101,0.022826,0.028561,0.011434,0.005557,0.028629,0.011356,0.000000,0.017325,0.005557,0.000000,0.005688,0.000000,0.000000
80820,80879,80850,871.897,36.845,347.789,61.583,2.988,0.145,0.019,20.355177,20.104177,20.372984,20.359119,20.056669,18.795761,18.726788,18.339817,17.076345,17.337328,16.867849,17.523420,17.891325,17.274797,14.557724,52.742245,14.777928,3.140005,1.030844,0.148294,0.068829,0.051154,0.063114,0.034380,0.011750,0.028641,0.005688,0.005539,0.000000,0.011916,0.029076,0.000000,0.000000,0.000000,0.000000,0.000000
80880,80939,80910,871.900,36.756,330.503,58.696,2.932,0.149,0.018,19.793446,18.942360,18.772560,18.710747,18.207289,18.362381,17.696888,17.943861,16.749218,17.071751,16.275719,17.321043,16.841974,16.077747,13.720618,49.529377,14.005332,3.105235,0.891601,0.169818,0.115996,0.057795,0.023564,0.000000,0.035054,0.000000,0.011509,0.011878,0.005552,0.011895,0.017352,0.005988,0.005715,0.005927,0.005868,0.000000
