CampaignData_and_Merges/R0/CSL_MobileLab_Parked/raw/20240717/USOS-POPS_MobileLabGround_20240717_R0.ict
79, 1001
Thornberry, T. D.
NOAA Chemical Sciences Laboratory
Portable Optical Particle Spectrometer (POPS)
USOS
1, 1
2024, 07, 17, 2025, 05, 08
60
Time_Start, seconds_past_midnight, Start time of measurement
45
1, 1, 1, 1, 1, 1, 1, 1, 1, 1, 1, 1, 1, 1, 1, 1, 1, 1, 1, 1, 1, 1, 1, 1, 1, 1, 1, 1, 1, 1, 1, 1, 1, 1, 1, 1, 1, 1, 1, 1, 1, 1, 1, 1, 1
-9999, -9999, -9999, -9999, -9999, -9999, -9999, -9999, -9999, -9999, -9999, -9999, -9999, -9999, -9999, -9999, -9999, -9999, -9999, -9999, -9999, -9999, -9999, -9999, -9999, -9999, -9999, -9999, -9999, -9999, -9999, -9999, -9999, -9999, -9999, -9999, -9999, -9999, -9999, -9999, -9999, -9999, -9999, -9999, -9999
Time_Stop, seconds_past_midnight, Stop time of measurement
Time_Mid, seconds_past_midnight, Mid time of measurement
Press_mb, mb, Pressure reported (mb)
Temp_C, degrees C, POPS temperature measurement
Aerosol_concentration, cm^-3, Aerosol concentration
Surface_Area_Conc, um^2 cm^-3, Surface area concentration
Volume_density, um^3 cm^-3, Volume density
Effective_radius, um, Effective radius
Extinction, km^-1, Extinction
Bin01, cm^-3, particle concentration in size range [1401 - 146.3 nm]
Bin02, cm^-3, particle concentration in size range [146.3 - 152.8 nm]
Bin03, cm^-3, particle concentration in size range [152.8 - 159.6 nm]
Bin04, cm^-3, particle concentration in size range [159.6 - 166.8 nm]
Bin05, cm^-3, particle concentration in size range [166.8 - 174.2 nm]
Bin06, cm^-3, particle concentration in size range [174.2 - 181.9 nm]
Bin07, cm^-3, particle concentration in size range [181.9 - 190.0 nm]
Bin08, cm^-3, particle concentration in size range [190.0 - 198.5 nm]
Bin09, cm^-3, particle concentration in size range [198.5 - 207.4 nm]
Bin10, cm^-3, particle concentration in size range [207.4 - 216.6 nm]
Bin11, cm^-3, particle concentration in size range [216.6 - 226.2 nm]
Bin12, cm^-3, particle concentration in size range [226.2 - 236.3 nm]
Bin13, cm^-3, particle concentration in size range [236.3 - 246.8 nm]
Bin14, cm^-3, particle concentration in size range [246.8 - 257.8 nm]
Bin15, cm^-3, particle concentration in size range [257.8 - 269.3 nm]
Bin16, cm^-3, particle concentration in size range [269.3 - 343.4 nm]
Bin17, cm^-3, particle concentration in size range [343.4 - 450.7 nm]
Bin18, cm^-3, particle concentration in size range [450.7 - 525.9 nm]
Bin19, cm^-3, particle concentration in size range [525.9 - 618.5 nm]
Bin20, cm^-3, particle concentration in size range [618.5 - 710.0 nm]
Bin21, cm^-3, particle concentration in size range [710.0 - 822.7 nm]
Bin22, cm^-3, particle concentration in size range [822.7 - 885.9 nm]
Bin23, cm^-3, particle concentration in size range [885.9 - 953.9 nm]
Bin24, cm^-3, particle concentration in size range [953.9 - 1027.2 nm]
Bin25, cm^-3, particle concentration in size range [1027.2 - 1106.1 nm]
Bin26, cm^-3, particle concentration in size range [1106.1 - 1191.0 nm]
Bin27, cm^-3, particle concentration in size range [1191.0 - 1282.5 nm]
Bin28, cm^-3, particle concentration in size range [1282.5 - 1381.0 nm]
Bin29, cm^-3, particle concentration in size range [1381.0 - 1487.1 nm]
Bin30, cm^-3, particle concentration in size range [1487.1 - 1601.3 nm]
Bin31, cm^-3, particle concentration in size range [1601.3 - 1724.3 nm]
[...]
PLATFORM: NOAA CSL Mobile Lab
LOCATION: USOS
ASSOCIATED_DATA: N/A
INSTRUMENT_INFO: Printed Optical Particle Spectrometer counts particles from 140 - 2500 nm in diameter 
DATA_INFO: Particle concentrations reported in number per cubic centimeter,1 Hz data
UNCERTAINTY: Counting uncertainty dominated by air flow, less than 5 percent. Measurement range is ~0 - 3000 per cm3 (varies depending on flow rate- manufacturer quotes 1250 per cm3 at 1.667 cc/s)
ULOD_FLAG: -7777
ULOD_VALUE: N/A
LLOD_FLAG: -8888
LLOD_VALUE: N/A
DM_CONTACT_INFO: Troy Thornberry, 325 Broadway R/CSL6, Boulder, CO 80305; troy.thornberry@noaa.gov; 303-497-3373
PROJECT_INFO: USOS, Utah POPS data from NOAA CSL Mobile Lab
STIPULATIONS_ON_USE: Please contact the PIs for questions regarding applications and uncertainties
OTHER_COMMENTS: POPS bin Edges (nm):  140.1, 146.3, 152.8, 159.6, 166.8, 174.2, 181.9, 190.0, 198.5, 207.4, 216.6, 226.2, 236.3, 246.8, 257.8, 269.3, 343.4, 450.7, 525.9, 618.5, 710.0, 822.7, 885.9, 953.9, 1027.2, 1106.1, 1191.0, 1282.5, 1381.0, 1487.1, 1601.3, 1724.3, 1856.7, 1999.3, 2152.8, 2318.2, 2496.2
Calculations assume organic aerosol refractive index of 1.52+0.00j and extinction wavelength = 532 nm
REVISION: R0
R0: Final data
Time_Start, Time_Stop, Time_Mid, Press_mb, Temp_C, Aerosol_concentration, Surface_Area_Conc, Volume_density, Effective_radius, Extinction, Bin01, Bin02, Bin03, Bin04, Bin05, Bin06, Bin07, Bin08, Bin09, Bin10, Bin11, Bin12, Bin13, Bin14, Bin15, Bin16, Bin17, Bin18, Bin19, Bin20, Bin21, Bin22, Bin23, Bin24, Bin25, Bin26, Bin27, Bin28, Bin29, Bin30, Bin31, Bin32, Bin33, Bin34, Bin35, Bin36
[from data line 1273]
76380,76439,76410,872.508,35.332,596.529,114.706,6.243,0.163,0.038,30.997217,31.028734,31.073687,31.610367,31.975235,31.607569,31.435055,30.935045,29.995455,29.325491,29.310032,29.355242,28.166008,27.246557,22.547028,106.361122,32.675095,8.028935,1.835989,0.251815,0.184618,0.095373,0.095851,0.053449,0.030320,0.077659,0.035244,0.024327,0.028794,0.017171,0.047058,0.018208,0.011539,0.011834,0.005893,0.029754
76440,76499,76470,872.485,35.428,634.194,121.905,6.744,0.165,0.041,33.857338,33.576622,33.270313,33.869179,34.007927,33.780785,33.121975,33.228382,31.644171,30.903051,31.177898,31.583130,30.291357,28.923878,24.318483,111.181618,33.714783,8.125361,2.187631,0.424776,0.290779,0.165169,0.111940,0.049644,0.085777,0.037257,0.036612,0.030441,0.031528,0.031264,0.012429,0.024470,0.036950,0.030287,0.006052,0.024713
76500,76559,76530,872.486,35.545,692.933,128.609,6.939,0.162,0.042,43.512699,41.400387,40.218506,39.781631,37.913887,38.230755,35.332458,35.610428,33.553455,33.252499,32.355114,32.940411,31.457214,30.704020,26.287603,113.421539,34.920055,8.517726,2.217090,0.292434,0.291893,0.191962,0.087033,0.065048,0.086372,0.022928,0.046889,0.011736,0.041010,0.040830,0.023263,0.040305,0.028970,0.017325,0.011796,0.005771
76560,76619,76590,872.473,35.675,766.424,135.608,7.280,0.161,0.043,59.238274,53.980286,51.193558,47.782730,46.238022,42.724388,39.879948,37.540974,36.542999,34.883751,33.689465,32.934673,31.856127,30.216311,26.178427,114.096550,35.221680,8.655049,2.213877,0.345516,0.310591,0.121408,0.091503,0.080696,0.079686,0.028184,0.040347,0.040823,0.005672,0.040116,0.062286,0.034537,0.016719,0.023443,0.011612,0.023350
76620,76679,76650,872.478,35.794,757.640,132.964,6.984,0.157,0.042,56.727520,55.013813,49.483929,47.378952,46.067596,42.107853,39.854584,38.145870,35.567245,34.617554,33.461205,32.670929,31.970802,29.674755,25.876398,113.464249,33.873295,8.204441,2.235620,0.402214,0.301704,0.073834,0.131872,0.037870,0.037348,0.031520,0.018801,0.031317,0.006396,0.006009,0.057410,0.044343,0.038252,0.000000,0.012038,0.012502
76680,76739,76710,872.475,35.716,715.328,128.284,6.736,0.157,0.041,50.569538,47.471321,45.036819,42.585751,41.733311,39.045235,37.617172,36.700909,33.901192,33.704510,31.624548,32.663494,30.909733,29.708475,26.301294,111.414619,32.772591,8.184393,2.169248,0.296153,0.338083,0.113606,0.025698,0.082228,0.063395,0.018860,0.043942,0.037945,0.025211,0.057665,0.043141,0.018636,0.018920,0.006418,0.005952,0.018314
76740,76799,76770,872.471,35.680,691.026,124.326,6.454,0.155,0.040,46.712936,44.210335,42.575630,41.612598,40.820904,38.326160,35.913189,34.765526,32.811306,32.665791,31.708181,32.055145,30.962866,28.546051,25.558144,107.605690,33.022274,8.054784,1.985283,0.257019,0.330921,0.121576,0.101637,0.049729,0.039937,0.022471,0.016564,0.022444,0.022639,0.033509,0.022755,0.022001,0.022755,0.005264,0.011433,0.010973
76800,76859,76830,872.440,35.690,666.104,121.240,6.301,0.155,0.039,43.516834,41.159332,39.486832,42.918999,37.502735,36.112202,35.978733,33.767433,30.239134,33.002167,30.123966,30.193100,29.166834,29.569967,26.847401,104.666000,30.180334,7.590867,2.870577,0.323631,0.226757,0.108578,0.107527,0.000000,0.000000,0.000000,0.226757,0.000000,0.108578,0.000000,0.108578,0.000000,0.000000,0.000000,0.000000,0.000000
76860,76919,76890,-9999.000,-9999.000,-9999.000,-9999.000,-9999.000,-9999.000,-9999.000,-9999.000000,-9999.000000,-9999.000000,-9999.000000,-9999.000000,-9999.000000,-9999.000000,-9999.000000,-9999.000000,-9999.000000,-9999.000000,-9999.000000,-9999.000000,-9999.000000,-9999.000000,-9999.000000,-9999.000000,-9999.000000,-9999.000000,-9999.000000,-9999.000000,-9999.000000,-9999.000000,-9999.000000,-9999.000000,-9999.000000,-9999.000000,-9999.000000,-9999.000000,-9999.000000,-9999.000000,-9999.000000,-9999.000000,-9999.000000,-9999.000000,-9999.000000
76920,76979,76950,-9999.000,-9999.000,-9999.000,-9999.000,-9999.000,-9999.000,-9999.000,-9999.000000,-9999.000000,-9999.000000,-9999.000000,-9999.000000,-9999.000000,-9999.000000,-9999.000000,-9999.000000,-9999.000000,-9999.000000,-9999.000000,-9999.000000,-9999.000000,-9999.000000,-9999.000000,-9999.000000,-9999.000000,-9999.000000,-9999.000000,-9999.000000,-9999.000000,-9999.000000,-9999.000000,-9999.000000,-9999.000000,-9999.000000,-9999.000000,-9999.000000,-9999.000000,-9999.000000,-9999.000000,-9999.000000,-9999.000000,-9999.000000,-9999.000000
76980,77039,77010,-9999.000,-9999.000,-9999.000,-9999.000,-9999.000,-9999.000,-9999.000,-9999.000000,-9999.000000,-9999.000000,-9999.000000,-9999.000000,-9999.000000,-9999.000000,-9999.000000,-9999.000000,-9999.000000,-9999.000000,-9999.000000,-9999.000000,-9999.000000,-9999.000000,-9999.000000,-9999.000000,-9999.000000,-9999.000000,-9999.000000,-9999.000000,-9999.000000,-9999.000000,-9999.000000,-9999.000000,-9999.000000,-9999.000000,-9999.000000,-9999.000000,-9999.000000,-9999.000000,-9999.000000,-9999.000000,-9999.000000,-9999.000000,-9999.000000
77040,77099,77070,-9999.000,-9999.000,-9999.000,-9999.000,-9999.000,-9999.000,-9999.000,-9999.000000,-9999.000000,-9999.000000,-9999.000000,-9999.000000,-9999.000000,-9999.000000,-9999.000000,-9999.000000,-9999.000000,-9999.000000,-9999.000000,-9999.000000,-9999.000000,-9999.000000,-9999.000000,-9999.000000,-9999.000000,-9999.000000,-9999.000000,-9999.000000,-9999.000000,-9999.000000,-9999.000000,-9999.000000,-9999.000000,-9999.000000,-9999.000000,-9999.000000,-9999.000000,-9999.000000,-9999.000000,-9999.000000,-9999.000000,-9999.000000,-9999.000000
77100,77159,77130,872.486,34.423,625.335,120.649,6.591,0.163,0.040,32.503681,32.624893,31.960073,33.463474,33.712852,32.255661,31.702953,33.032108,31.430414,30.576994,30.032280,29.664841,30.780813,28.797340,24.490927,111.843864,35.401714,8.094776,1.927198,0.219800,0.199628,0.176078,0.087754,0.065291,0.000000,0.044669,0.044969,0.022447,0.022222,0.000000,0.043433,0.021858,0.022447,0.044969,0.000000,0.022447
77160,77219,77190,872.461,34.450,620.026,119.164,6.394,0.160,0.040,32.704918,33.044048,32.170151,33.740055,33.260628,32.052502,32.671917,31.127436,31.259169,30.414358,29.660254,30.951351,29.288588,28.646326,24.364859,109.446838,33.716141,8.197070,2.019314,0.391531,0.316268,0.111671,0.105306,0.061867,0.049474,0.018060,0.018380,0.018643,0.037203,0.043741,0.037000,0.000000,0.050432,0.005916,0.018560,0.006299
77220,77279,77250,872.466,34.472,618.802,118.729,6.368,0.160,0.040,32.630341,32.514046,32.685833,33.146851,33.258659,32.621658,32.113255,31.779436,30.796352,30.575907,30.273121,30.385567,28.970419,28.325882,24.975292,108.942795,33.671913,7.870350,1.972221,0.278389,0.297216,0.177911,0.117155,0.056409,0.056360,0.049712,0.055858,0.036820,0.036518,0.036940,0.037005,0.012187,0.012326,0.006052,0.018644,0.006193
77280,77339,77310,872.437,34.540,623.434,119.887,6.557,0.164,0.040,32.172249,32.691483,32.555195,32.955360,34.104107,32.694740,32.057056,32.212700,31.550869,30.314383,30.097713,31.025442,30.492926,28.827259,24.733809,109.698845,33.937119,8.120046,2.033046,0.269438,0.203752,0.118394,0.101073,0.117060,0.056264,0.039313,0.033589,0.034203,0.045078,0.011024,0.039844,0.028302,0.022492,0.005297,0.011342,0.022657
77340,77399,77370,872.416,34.759,627.262,121.116,6.779,0.167,0.041,31.939581,32.800247,32.793171,34.140793,34.272495,33.573734,32.815929,32.564133,30.884260,30.560558,30.398615,30.655457,30.296276,29.212688,25.244184,110.170486,33.355309,8.064296,2.213580,0.296941,0.245980,0.152969,0.111533,0.091515,0.080705,0.060850,0.031199,0.018878,0.018471,0.024264,0.042713,0.012164,0.031394,0.024838,0.043262,0.018719
77400,77459,77430,872.393,34.917,622.160,119.311,6.472,0.162,0.040,31.887367,32.681004,31.737520,32.663666,33.464363,33.184792,32.268696,32.377895,31.728178,30.460344,30.455774,31.530052,30.898981,28.810688,24.332542,109.484276,32.993458,7.870636,2.049099,0.419836,0.221685,0.149881,0.115556,0.040857,0.029131,0.029449,0.053694,0.035016,0.028989,0.034537,0.035243,0.023600,0.022321,0.017948,0.011940,0.010917
77460,77519,77490,872.416,35.016,627.757,119.462,6.433,0.161,0.039,32.721504,32.534824,32.391567,33.717419,34.335911,33.115681,33.130848,32.721645,31.833345,31.408302,30.961109,31.501873,30.912647,29.537720,24.788881,108.600487,32.770004,7.484765,2.076344,0.318162,0.231667,0.169853,0.084995,0.066834,0.050759,0.068566,0.028805,0.027790,0.040110,0.000000,0.039479,0.011472,0.022737,0.023102,0.000000,0.027977
77520,77579,77550,872.386,35.117,628.291,120.427,6.541,0.162,0.040,33.202549,32.718349,33.635021,33.072060,33.902008,32.911087,32.183346,32.730679,32.091171,30.866980,30.728922,31.312286,30.587160,29.477535,25.699533,108.975922,32.890953,7.712523,2.204348,0.378579,0.283627,0.154282,0.070197,0.059027,0.083074,0.065474,0.099579,0.029961,0.029792,0.029190,0.023715,0.000000,0.028564,0.018024,0.005715,0.029501
77580,77639,77610,872.366,35.327,619.122,117.883,6.487,0.165,0.039,32.449429,32.709721,32.618530,33.353523,33.025826,33.176395,32.576881,32.123241,30.969109,30.835928,30.450052,31.344601,30.692671,28.372417,24.921881,105.999252,32.869194,7.458752,2.006363,0.305137,0.286441,0.111101,0.058908,0.094594,0.053045,0.006029,0.035922,0.023113,0.017531,0.017934,0.035503,0.040680,0.029133,0.029684,0.005605,0.017725
77640,77699,77670,872.349,35.327,624.178,120.090,6.863,0.170,0.040,32.783737,33.673367,32.665623,32.727192,34.574821,32.759483,32.063019,32.561852,30.813984,31.341017,30.379280,31.116684,30.982124,29.114719,25.747766,107.546349,32.277397,7.681972,2.054291,0.299254,0.280912,0.150471,0.084455,0.083946,0.041493,0.041861,0.024425,0.023715,0.035841,0.035473,0.069980,0.005836,0.022761,0.029833,0.035602,0.047820
77700,77759,77730,872.339,35.433,618.702,117.243,6.246,0.159,0.038,33.340420,32.215332,32.097290,32.428699,34.110909,32.941124,32.751915,32.331959,31.162344,30.600765,30.064571,30.944195,30.485769,29.190449,25.586689,105.939285,31.644957,7.576710,2.093696,0.389622,0.274654,0.107501,0.085433,0.034503,0.039656,0.028253,0.050978,0.028843,0.022764,0.029044,0.028735,0.011294,0.017381,0.017228,0.016968,0.011656
77760,77819,77790,872.313,35.597,652.845,124.006,6.852,0.165,0.041,34.656826,34.671894,34.861828,35.029346,35.446377,35.498737,33.817116,34.733593,33.320457,32.774525,31.261003,33.349476,31.386866,30.248623,26.341387,110.858986,33.462070,7.698371,2.104854,0.366356,0.244059,0.127830,0.094595,0.052217,0.053405,0.063951,0.046135,0.046640,0.040404,0.034956,0.035598,0.017887,0.035224,0.022659,0.005672,0.035328
77820,77879,77850,872.307,35.677,650.623,123.886,6.755,0.163,0.041,34.392303,33.590317,34.777321,34.592350,35.056343,34.325851,33.668758,33.475845,33.737823,32.508747,31.001230,32.631016,32.875282,30.266747,26.683094,111.992065,33.816319,7.976141,1.993603,0.347554,0.228264,0.145540,0.060709,0.078211,0.062410,0.072448,0.050642,0.021932,0.033458,0.039236,0.016835,0.027256,0.016641,0.027851,0.016203,0.016646
77880,77939,77910,872.319,35.632,646.814,122.672,6.710,0.164,0.040,34.014576,34.846500,33.665787,35.037048,34.582432,35.053440,34.323040,33.567741,31.952568,31.952713,32.010426,31.994377,31.716433,30.634008,26.540152,110.413727,33.554840,7.609488,2.136122,0.322763,0.270109,0.102659,0.126257,0.086919,0.035111,0.034281,0.035157,0.005653,0.017740,0.028787,0.011671,0.034568,0.039603,0.023009,0.011346,0.022849
77940,77999,77970,872.344,35.579,641.967,120.949,6.382,0.158,0.039,33.945271,34.202629,33.123184,34.513893,34.925320,34.552803,33.383114,33.551941,32.875477,32.035320,31.608227,32.338833,32.307739,30.696774,25.555643,108.845894,32.708782,7.294919,2.243634,0.374101,0.301379,0.138227,0.072255,0.090185,0.024032,0.042447,0.035344,0.029782,0.024036,0.036247,0.030157,0.023851,0.011812,0.012273,0.000000,0.011865
78000,78059,78030,872.319,35.426,614.446,116.588,6.230,0.160,0.038,32.659950,32.342640,31.891115,32.222191,32.915955,32.630192,32.090794,31.348007,30.884506,30.212957,30.687088,31.006832,30.251776,29.424332,25.477110,106.307678,31.732878,7.295555,1.953379,0.261605,0.279141,0.112853,0.088672,0.048103,0.047087,0.053904,0.035825,0.018159,0.029022,0.029317,0.035679,0.017994,0.024328,0.005952,0.000000,0.023858
78060,78119,78090,872.318,35.174,602.278,114.325,6.150,0.161,0.037,32.010670,31.333481,31.546524,32.429222,32.532330,31.047272,31.611427,31.353230,30.130510,29.606255,29.488222,30.808937,29.876776,28.880276,25.076218,103.179893,31.187157,7.024924,1.961740,0.336605,0.271290,0.126733,0.088312,0.060991,0.028298,0.060395,0.032893,0.016367,0.027692,0.027550,0.033098,0.021654,0.016581,0.022057,0.010932,0.011148
78120,78179,78150,872.315,35.080,600.670,113.925,6.129,0.161,0.037,31.760056,31.636801,31.598351,32.087555,31.689779,32.210842,30.615225,31.044554,30.704483,29.482344,29.464849,30.028036,30.617950,29.489403,24.998121,101.914230,30.804699,7.442036,2.012125,0.245264,0.262307,0.133827,0.049500,0.095077,0.055672,0.022521,0.038597,0.011048,0.022316,0.010805,0.027632,0.022755,0.021924,0.021954,0.016560,0.010841
78180,78239,78210,872.300,35.278,591.504,112.100,6.062,0.162,0.037,31.256351,31.261667,30.717272,31.554520,31.734489,32.032238,31.256546,30.893427,29.761810,28.455196,28.725813,29.969742,29.706690,28.189837,24.586445,101.391563,29.784704,7.245494,1.912610,0.242939,0.259859,0.123872,0.083819,0.074354,0.033995,0.022931,0.028302,0.005650,0.033731,0.039140,0.039326,0.017008,0.011472,0.017089,0.005865,0.027831
78240,78299,78270,872.291,35.224,592.571,112.931,6.337,0.167,0.037,30.705070,31.059219,31.603659,31.663185,32.704754,31.341698,30.715136,30.738546,29.646070,29.322477,29.468561,29.997713,30.086065,28.483593,24.242638,99.893204,30.928608,6.861188,1.896043,0.318058,0.295012,0.078385,0.064979,0.053474,0.060223,0.030236,0.066097,0.012169,0.030197,0.035827,0.053353,0.042295,0.018389,0.011985,0.018244,0.024246
78300,78359,78330,872.293,35.090,586.710,110.789,5.884,0.159,0.036,31.020872,31.320200,30.144882,31.169157,30.822351,30.939396,31.818972,30.566517,29.277256,28.838499,29.187452,28.861584,29.698866,28.558365,24.515821,100.521156,29.971197,6.514864,1.983058,0.231458,0.235743,0.095579,0.039657,0.050237,0.045228,0.055399,0.045923,0.022836,0.038630,0.022903,0.028265,0.011457,0.010890,0.023081,0.011192,0.011227
78360,78419,78390,872.284,34.986,591.221,111.311,5.845,0.157,0.036,30.556908,30.905096,30.311815,32.234707,31.460768,30.542955,31.539148,30.462919,30.579624,29.489941,29.481359,29.825647,29.441835,29.267693,25.477713,100.066101,30.001568,6.610308,1.905663,0.294489,0.174519,0.188598,0.094060,0.026578,0.052736,0.000000,0.013652,0.040151,0.067415,0.040866,0.013072,0.027211,0.012739,0.013514,0.000000,0.000000
78420,78479,78450,872.293,34.965,585.008,110.126,5.825,0.158,0.036,30.365330,30.777679,31.495991,30.708471,31.565514,30.794302,30.636166,30.135134,29.504230,28.738430,29.597710,29.311176,30.122839,28.113657,24.897669,98.888359,29.993366,6.549095,1.762059,0.374779,0.187583,0.062510,0.100200,0.049737,0.043457,0.019145,0.043700,0.038019,0.005990,0.012455,0.044140,0.018595,0.012664,0.024912,0.000000,0.012509
78480,78539,78510,872.305,35.257,579.818,108.739,5.588,0.154,0.035,29.973385,30.245462,31.112080,30.061220,31.644438,31.505753,30.419931,30.131701,29.387596,29.115330,28.385754,29.641132,28.348942,28.147255,24.212374,98.657974,29.602135,6.311042,1.932324,0.263213,0.232816,0.136210,0.048897,0.077573,0.029218,0.009427,0.009488,0.019102,0.049132,0.048486,0.028822,0.009675,0.019884,0.000000,0.000000,0.000000
78540,78599,78570,872.299,35.259,580.357,109.744,5.906,0.161,0.036,30.231014,30.616138,30.917759,30.909309,31.243814,31.355198,29.820541,29.918221,28.834970,28.605488,28.677805,28.762346,29.951773,28.172966,24.575550,98.496468,29.491249,6.704865,1.941088,0.316241,0.221446,0.180142,0.065657,0.053504,0.059550,0.029553,0.042353,0.012210,0.017419,0.011447,0.048214,0.036927,0.005972,0.005855,0.011722,0.011967
