CampaignData_and_Merges/R0/CSL_MobileLab_Parked/raw/20240717/USOS-NOAAIodideCIMS-Halogens_MobileLabGround_20240717_RA.ict
39, 1001
Michael A Robinson, Chris Jernigan, Subi Thakali
NOAA ESRL Chemical Sciences Laboratory and CIRES, U. of Colorado
NOAA Iodide CIMS Instrument
USOS
1, 1
2024, 07, 17, 2024, 07, 18
0
starttime_UTC, seconds_past_midnight, seconds_of_day_since_00:00:00_UTC
6
1, 1, 1, 1, 1, 1
-9999, -9999, -9999, -9999, -9999, -9999
Br2_NOAACIMS, pptv, Gas_Br2_InSitu_S_AVMR
BrO_NOAACIMS, pptv, Gas_BrO_InSitu_S_AVMR
Cl2_NOAACIMS, pptv, Gas_Cl2_InSitu_S_AVMR
ClNO2_NOAACIMS, pptv, Gas_ClNO2_InSitu_S_AVMR
BrCl_NOAACIMS, pptv, Gas_BrCl_InSitu_S_AVMR
NCl3_NOAACIMS, pptv, Gas_NCl3_InSitu_S_AVMR
1
N/A
18
PI_CONTACT_INFO: 325 Broadway, R/CSD 7, Boulder, Colorado 80305; michael.a.robinson@noaa.gov; chris.jernigan@noaa.gov;
PLATFORM: NOAA CSL Mobile Lab
LOCATION: SLC, Utah
ASSOCIATED_DATA: 1Hz data also available on request.
INSTRUMENT_INFO: NOAA I- ToF CIMS
DATA_INFO: Units: pptv
UNCERTAINTY: tbd
ULOD_FLAG: -7777
ULOD_VALUE: N/A
LLOD_FLAG: -8888
LLOD_VALUE: N/A
DM_CONTACT_INFO: Nathan Howard; nathan.h.howard@noaa.gov
PROJECT_INFO: USOS, summer 2024. https://csl.noaa.gov/groups/csl7/measurements/2024usos/
STIPULATIONS_ON_USE: only the USOS science team is allowed to use this data
OTHER_COMMENTS: Field data; Data are averaged to 1 minute intervals. Stationary data collected from a 10 ft tower on top of the mobile lab
REVISION: RA
RA: Preliminary Data; For in-field use only
starttime_UTC, Br2_NOAACIMS, BrO_NOAACIMS, Cl2_NOAACIMS, ClNO2_NOAACIMS, BrCl_NOAACIMS, NCl3_NOAACIMS
[from data line 759]
45540,1.532,0.137,4.047,0.130,0.175,1.407
45600,1.534,0.180,3.825,0.129,0.197,1.834
45660,1.612,0.105,3.718,0.127,0.204,1.969
45720,1.587,0.147,3.768,0.102,0.159,1.484
45780,1.689,0.095,3.743,0.118,0.178,2.426
45840,1.720,0.178,3.854,0.076,0.179,1.522
45900,1.844,0.163,3.796,0.171,0.173,1.601
45960,1.652,0.157,3.539,0.074,0.170,1.605
46020,0.853,0.099,3.403,0.085,0.115,0.682
46080,1.142,0.106,3.659,0.027,0.123,3.251
46140,0.557,0.084,3.683,0.050,0.056,3.319
46200,-0.182,0.028,3.490,-0.003,0.006,0.084
46260,0.902,0.059,3.358,0.043,0.106,0.808
46320,0.823,0.037,3.515,0.035,0.075,0.460
46380,1.827,0.133,3.705,0.102,0.227,1.400
46440,1.753,0.150,3.669,0.134,0.226,3.425
46500,1.727,0.155,3.786,0.152,0.191,1.670
46560,1.650,0.147,3.577,0.092,0.199,1.206
46620,1.560,0.129,3.593,0.143,0.181,1.189
46680,1.407,0.084,3.778,0.118,0.155,1.245
46740,1.470,0.110,3.722,0.098,0.130,1.176
46800,1.704,0.146,3.473,0.108,0.170,1.087
46860,1.631,0.220,3.953,0.161,0.190,1.851
46920,1.531,0.170,4.229,0.141,0.191,1.214
46980,1.505,0.244,4.082,0.124,0.204,1.057
47040,1.615,0.196,4.108,0.140,0.209,1.216
47100,1.481,0.181,4.315,0.124,0.195,1.122
47160,1.445,0.202,4.138,0.134,0.194,3.863
47220,1.403,0.190,4.348,0.229,0.236,11.507
47280,1.102,0.107,4.152,0.127,0.199,1.093
47340,1.229,0.308,4.036,0.121,0.194,2.123
47400,1.183,0.290,4.007,0.156,0.185,5.480
47460,1.208,0.100,4.070,0.124,0.190,2.050
47520,1.172,0.183,4.136,0.140,0.173,3.320
47580,1.143,0.224,4.177,0.125,0.164,2.759
47640,0.967,0.149,4.157,0.158,0.148,2.866
47700,1.099,0.140,4.075,0.144,0.183,1.635
47760,0.995,0.208,4.017,0.145,0.177,1.430
47820,1.130,0.173,4.054,0.155,0.203,2.123
47880,1.100,0.156,4.176,0.120,0.185,1.472
47940,1.068,0.167,4.167,0.164,0.192,1.294
48000,1.003,0.248,4.216,0.158,0.155,3.672
48060,0.837,0.183,4.217,0.144,0.168,3.504
48120,-9999.000,-9999.000,-9999.000,-9999.000,-9999.000,-9999.000
48180,0.480,0.160,4.054,0.134,0.150,4.843
48240,0.686,0.145,4.055,0.176,0.168,5.414
48300,0.782,0.140,3.835,0.190,0.167,0.696
48360,0.796,0.184,4.066,0.182,0.159,7.848
48420,0.921,0.133,3.788,0.163,0.161,1.620
48480,0.918,0.122,4.037,0.186,0.168,0.831
48540,0.833,0.069,4.278,0.158,0.168,3.616
48600,0.707,0.083,3.982,0.168,0.148,2.119
48660,0.755,0.153,4.010,0.145,0.167,0.841
48720,0.745,0.136,4.034,0.165,0.146,0.567
48780,0.877,0.166,4.169,0.176,0.156,1.521
48840,0.739,0.107,4.047,0.134,0.156,2.654
48900,0.805,0.103,4.107,0.175,0.123,0.571
48960,0.716,0.256,4.260,0.196,0.153,0.629
49020,0.820,0.105,4.020,0.178,0.118,0.628
49080,0.640,0.078,4.051,0.194,0.159,0.653
49140,0.767,0.088,4.093,0.149,0.153,0.565
49200,0.811,0.063,3.949,0.186,0.104,0.457
49260,0.685,0.114,3.626,0.175,0.129,0.461
49320,0.793,0.054,3.829,0.192,0.158,0.940
49380,0.627,0.119,4.034,0.152,0.149,0.516
49440,0.750,0.054,3.922,0.215,0.139,1.851
49500,0.802,0.082,3.870,0.186,0.111,1.084
49560,0.795,0.089,3.767,0.179,0.128,0.418
49620,0.854,0.115,3.935,0.179,0.148,0.421
49680,0.838,0.137,4.101,0.150,0.119,0.431
49740,0.701,0.074,3.894,0.155,0.115,0.399
49800,0.796,0.051,3.651,0.154,0.078,0.313
49860,0.934,0.112,3.794,0.176,0.116,0.232
49920,0.724,0.178,3.807,0.149,0.097,0.250
49980,0.407,0.201,3.742,0.118,0.171,0.330
50040,0.645,0.139,3.581,0.173,0.073,0.232
50100,0.650,0.157,3.683,0.150,0.111,0.301
50160,0.779,0.186,3.695,0.217,0.101,0.305
50220,0.630,0.160,3.570,0.209,0.079,0.295
50280,0.762,0.108,3.590,0.194,0.079,0.414
50340,0.733,0.041,3.746,0.157,0.083,0.363
50400,0.900,0.176,3.827,0.147,0.127,0.352
50460,1.012,0.158,3.835,0.141,0.148,0.218
50520,0.796,0.019,3.676,0.110,0.097,0.320
50580,0.803,0.111,3.823,0.177,0.086,0.269
50640,0.745,0.150,3.765,0.148,0.105,0.285
50700,0.691,0.179,3.933,0.114,0.064,0.391
50760,0.655,0.123,3.995,0.165,0.121,0.365
50820,0.763,0.163,3.990,0.128,0.096,0.315
50880,0.535,0.075,3.806,0.151,0.097,0.384
50940,0.787,0.112,3.953,0.126,0.126,0.556
51000,0.935,0.296,3.674,0.179,0.095,0.618
51060,0.765,0.122,3.659,0.166,0.136,0.456
51120,0.584,0.177,3.777,0.091,0.135,0.366
51180,0.733,0.163,3.802,0.149,0.069,0.545
51240,0.747,0.154,3.574,0.123,0.103,0.460
51300,0.551,0.076,3.807,0.130,0.049,0.271
51360,0.658,0.197,3.955,0.123,0.094,0.437
51420,0.671,0.133,3.793,0.138,0.080,0.391
51480,0.782,0.167,3.840,0.154,0.088,0.426
51540,0.742,0.201,3.962,0.146,0.105,0.380
51600,0.668,0.172,4.050,0.118,0.123,0.396
51660,0.787,0.246,3.933,0.059,0.100,0.383
51720,0.808,0.198,3.718,0.097,0.112,0.454
51780,0.702,0.254,3.855,0.100,0.117,0.363
51840,0.438,0.372,4.154,0.048,0.055,1.046
51900,0.651,0.258,3.580,0.101,0.146,0.431
51960,0.782,0.141,3.944,0.079,0.105,0.571
52020,0.829,0.180,3.986,0.086,0.134,0.345
52080,0.699,0.126,3.940,0.069,0.129,0.351
52140,0.754,0.125,4.043,0.135,0.123,0.415
52200,0.864,0.174,3.942,0.127,0.131,0.898
52260,0.754,0.104,3.742,0.059,0.130,0.296
52320,0.629,0.100,4.057,0.068,0.126,2.254
52380,0.565,0.177,4.068,0.063,0.124,1.081
52440,0.749,0.253,4.117,0.070,0.150,0.333
52500,0.753,0.247,4.028,0.101,0.168,1.438
52560,0.982,0.269,4.267,0.098,0.115,0.310
52620,0.817,0.147,4.212,0.117,0.143,0.266
52680,0.904,0.262,4.263,0.168,0.146,2.100
52740,0.835,0.202,4.360,0.118,0.129,1.179
52800,0.887,0.130,4.083,0.092,0.113,1.205
52860,0.997,0.212,4.095,0.078,0.164,0.385
52920,0.946,0.165,4.283,0.101,0.145,0.416
52980,0.867,0.036,4.295,0.131,0.145,2.067
53040,0.377,0.066,4.145,0.091,0.142,0.592
53100,1.006,0.177,4.253,0.079,0.161,0.192
53160,1.045,0.182,3.931,0.114,0.135,0.204
53220,0.797,0.079,4.232,0.116,0.165,1.313
53280,0.865,0.247,4.180,0.123,0.181,1.118
53340,1.006,0.190,4.065,0.134,0.175,2.764
53400,-0.486,0.008,3.957,0.060,0.082,0.005
53460,0.802,0.114,3.905,0.099,0.190,0.187
53520,0.932,0.209,3.997,0.107,0.154,0.212
53580,0.628,0.091,3.892,0.153,0.158,0.088
53640,0.409,0.089,4.153,0.114,0.194,0.093
53700,0.885,0.242,3.936,0.156,0.184,0.679
53760,0.323,0.064,3.862,0.087,0.093,0.827
53820,0.190,-0.006,3.968,0.084,0.107,0.060
53880,0.659,0.086,4.075,0.119,0.186,0.075
53940,0.534,0.040,4.106,0.095,0.119,1.104
54000,-0.207,-0.014,3.937,0.046,0.032,-0.076
54060,0.635,0.107,4.029,0.092,0.164,0.064
54120,0.925,0.115,4.350,0.098,0.165,0.078
54180,1.057,0.237,4.280,0.096,0.158,0.051
54240,0.843,0.131,4.106,0.164,0.131,0.041
54300,0.963,0.122,4.271,0.143,0.176,0.023
54360,0.996,0.128,4.411,0.113,0.154,0.135
54420,0.876,0.049,4.033,0.134,0.210,0.063
54480,0.870,0.072,4.320,0.100,0.189,0.112
54540,0.702,0.109,4.066,0.136,0.168,0.094
54600,0.995,0.184,4.242,0.114,0.170,0.145
54660,1.087,0.085,4.290,0.125,0.119,0.037
54720,0.800,0.064,4.312,0.101,0.178,0.034
54780,1.069,0.097,4.170,0.107,0.167,0.110
54840,0.977,0.084,4.320,0.088,0.128,0.058
54900,0.873,0.063,4.278,0.091,0.157,0.131
54960,0.841,-0.006,4.289,0.076,0.117,0.020
55020,0.998,0.069,4.276,0.154,0.109,0.083
55080,0.349,-0.091,3.998,0.041,0.057,-0.001
55140,0.362,-0.118,4.210,0.046,0.009,-0.095
55200,0.859,0.055,4.243,0.110,0.097,0.149
55260,0.756,-0.076,4.177,0.095,0.082,0.004
55320,0.464,-0.121,3.997,0.090,0.110,-0.008
55380,0.640,-0.056,4.185,0.081,0.093,0.060
55440,0.560,-0.010,4.449,0.064,0.080,0.069
55500,0.680,0.000,4.579,0.141,0.212,0.051
55560,-0.213,-0.111,3.950,0.059,0.027,-0.032
55620,0.825,-0.031,3.909,0.091,0.086,0.065
55680,0.236,-0.055,4.142,0.068,0.051,-0.017
55740,0.876,-0.051,3.914,0.130,0.080,0.090
55800,0.961,0.025,4.244,0.110,0.150,0.110
55860,0.959,0.060,4.145,0.092,0.136,0.128
55920,1.122,0.063,4.218,0.108,0.147,0.060
55980,0.828,0.074,4.374,0.094,0.140,0.149
56040,0.912,0.016,4.493,0.100,0.149,0.161
56100,1.052,0.012,4.304,0.069,0.161,0.169
56160,0.933,0.071,4.201,0.121,0.162,0.091
56220,0.998,-0.015,4.352,0.104,0.152,0.133
56280,1.025,0.066,4.295,0.087,0.120,0.093
56340,1.010,0.085,4.352,0.104,0.160,0.102
56400,0.874,0.054,4.254,0.075,0.121,0.183
56460,1.117,0.076,4.426,0.101,0.143,0.136
56520,1.111,0.129,4.486,0.072,0.173,0.125
56580,1.167,0.113,4.370,0.094,0.160,0.182
56640,0.945,0.096,4.529,0.114,0.183,0.153
56700,0.967,0.162,4.422,0.076,0.146,0.176
56760,0.969,0.095,4.377,0.077,0.143,0.255
56820,1.035,0.111,4.393,0.090,0.171,0.238
56880,0.967,0.039,4.333,0.087,0.207,0.205
56940,0.958,0.016,4.459,0.078,0.181,0.282
57000,1.172,0.075,4.641,0.118,0.157,0.269
57060,0.980,0.091,4.465,0.096,0.219,0.274
57120,1.087,0.176,4.434,0.072,0.234,0.240
57180,0.982,0.044,4.516,0.114,0.170,0.306
57240,0.909,0.147,4.533,0.089,0.168,0.294
57300,0.721,0.017,4.460,0.055,0.156,0.158
57360,0.947,0.119,4.634,0.067,0.155,0.257
57420,0.908,0.028,4.416,0.089,0.175,0.214
57480,1.104,0.163,4.457,0.075,0.179,0.197
57540,-9999.000,-0.017,4.495,0.077,0.103,0.170
57600,-9999.000,-0.215,4.355,-0.013,-0.008,-0.080
57660,-9999.000,-0.225,4.112,-0.015,-0.018,-0.082
57720,-9999.000,-0.096,4.494,0.051,0.096,0.105
57780,-9999.000,-0.236,3.991,0.000,-0.020,-0.093
57840,-9999.000,-0.251,4.301,0.011,-0.033,-0.103
57900,-9999.000,-0.254,4.364,0.032,-0.005,-0.074
57960,-9999.000,-0.140,4.419,0.051,0.114,0.107
58020,-9999.000,-0.194,4.427,-0.004,0.003,-0.003
58080,-9999.000,-0.286,4.262,0.012,-0.036,-0.126
58140,-9999.000,-0.229,4.326,0.033,-0.040,-0.072
58200,-9999.000,-0.247,4.053,0.000,-0.053,-0.127
58260,-9999.000,-0.266,4.521,0.011,-0.023,-0.071
58320,-9999.000,-0.254,4.656,0.004,0.015,-0.064
58380,-9999.000,-0.035,4.679,0.100,0.126,0.097
58440,1.050,-0.098,4.677,0.071,0.167,0.171
58500,1.230,-0.041,4.911,0.062,0.129,0.187
58560,1.130,-0.082,4.761,0.093,0.141,0.118
58620,1.007,-0.140,5.085,0.055,0.133,0.089
58680,1.150,-0.147,4.558,0.025,0.087,0.136
58740,1.027,-0.194,4.693,0.024,0.097,0.054
58800,1.010,-0.089,4.158,0.071,0.119,0.035
58860,0.966,-0.191,4.312,0.039,0.094,0.017
58920,1.013,-0.160,4.452,0.028,0.087,-0.040
58980,0.809,-0.287,4.654,0.007,0.029,0.041
59040,1.215,-0.159,4.494,0.053,-0.005,0.155
59100,1.014,-0.184,4.559,0.064,0.041,0.034
59160,1.190,-0.104,4.525,0.059,0.013,-0.014
59220,1.229,-0.007,5.533,0.101,-0.068,-0.039
59280,1.064,-0.155,4.376,0.042,0.045,0.045
59340,1.052,-0.185,4.530,0.033,0.057,0.038
59400,1.029,-0.103,4.588,0.037,0.010,0.074
59460,0.816,-0.195,4.480,0.051,0.038,0.032
59520,0.809,-0.194,4.673,0.041,0.075,-0.006
59580,1.109,-0.118,4.734,0.071,0.074,0.006
59640,0.879,-0.122,4.638,0.038,0.022,0.031
59700,0.961,-0.090,4.499,0.057,0.046,0.015
59760,0.933,-0.039,4.579,0.024,0.083,0.019
59820,0.928,0.030,4.655,0.063,0.064,0.064
59880,0.845,-0.008,4.817,0.040,0.070,0.076
59940,0.833,-0.011,4.810,0.029,0.113,0.032
60000,0.789,-0.053,4.743,0.042,0.095,0.048
60060,0.680,0.032,4.691,0.015,0.107,0.105
60120,0.698,0.038,4.723,0.048,0.044,0.099
60180,0.896,-0.009,4.985,0.037,0.105,0.069
60240,0.757,0.054,4.945,0.057,0.072,0.065
60300,0.530,0.012,4.834,0.024,0.132,0.019
60360,0.727,0.148,4.715,0.027,0.109,0.074
60420,0.884,0.060,4.899,0.023,0.144,0.109
60480,0.750,0.099,4.607,0.050,0.128,0.053
60540,0.901,0.085,4.757,0.031,0.075,0.058
60600,0.714,0.110,4.531,0.039,0.102,0.103
60660,0.742,0.162,4.294,0.055,0.098,0.022
60720,0.660,0.193,4.620,0.042,0.105,0.092
60780,0.650,0.167,4.759,0.028,0.088,0.078
60840,0.651,0.164,4.884,0.041,0.149,0.162
60900,0.525,0.183,4.568,0.020,0.125,0.114
60960,0.332,0.202,4.726,-0.004,0.113,0.098
61020,0.503,0.266,4.506,-0.022,0.129,0.151
61080,0.296,0.331,4.500,0.015,0.107,0.193
61140,0.493,0.279,4.439,0.041,0.078,-0.028
61200,0.430,0.203,4.757,0.017,0.117,0.083
61260,0.569,0.177,4.797,0.033,0.047,0.130
61320,0.324,0.168,4.587,-0.013,0.069,-0.004
61380,0.504,0.136,4.907,0.006,0.094,0.109
61440,0.850,0.295,4.860,0.047,0.164,0.164
61500,1.166,0.395,5.226,0.010,0.138,0.254
61560,1.374,0.242,5.016,0.003,0.171,0.154
61620,1.130,0.262,5.278,0.022,0.179,0.311
61680,1.268,0.357,5.086,0.039,0.147,0.159
61740,1.381,0.216,5.262,0.027,0.169,0.128
61800,1.462,0.340,5.247,0.026,0.167,0.155
61860,1.420,0.261,5.156,0.024,0.158,0.275
61920,1.796,0.274,5.042,0.030,0.203,0.271
61980,1.736,0.354,5.329,0.060,0.192,0.245
62040,1.635,0.273,5.409,0.039,0.258,0.263
62100,1.670,0.352,5.191,0.033,0.160,0.206
62160,2.000,0.354,5.293,0.016,0.210,0.213
62220,2.119,0.246,5.354,0.047,0.220,0.296
62280,2.268,0.320,5.170,0.025,0.215,0.325
62340,2.267,0.367,5.293,0.031,0.253,0.291
62400,2.434,0.388,5.578,0.054,0.260,0.250
62460,2.149,0.356,5.654,0.081,0.239,0.224
62520,2.440,0.311,5.599,0.051,0.185,0.267
62580,2.466,0.322,5.598,0.034,0.239,0.289
62640,2.589,0.307,5.439,0.049,0.275,0.236
62700,2.715,0.455,5.808,0.059,0.273,0.356
62760,2.559,0.392,5.675,0.092,0.220,0.310
62820,2.708,0.347,5.225,0.080,0.204,0.368
62880,2.811,0.330,5.608,0.078,0.253,0.236
62940,0.493,0.023,5.115,-0.015,0.055,0.073
63000,2.979,0.402,5.752,0.042,0.299,0.382
63060,2.843,0.468,6.073,0.063,0.240,0.380
63120,2.878,0.450,5.891,0.024,0.269,0.375
63180,2.965,0.372,5.882,0.033,0.260,0.290
63240,2.760,0.362,5.728,0.086,0.236,0.245
63300,2.926,0.367,5.747,0.042,0.312,0.297
63360,2.893,0.357,5.968,0.048,0.230,0.377
63420,2.762,0.239,6.182,0.059,0.259,0.343
63480,2.808,0.307,6.020,0.015,0.259,0.327
63540,2.684,0.470,6.146,0.025,0.238,0.303
63600,2.685,0.290,5.956,0.018,0.213,0.306
63660,2.473,0.280,6.234,0.042,0.213,0.391
63720,2.595,0.465,6.062,0.014,0.288,0.415
63780,2.459,0.424,5.746,0.053,0.198,0.342
63840,2.180,0.330,6.058,0.044,0.216,0.291
63900,2.462,0.383,6.488,0.066,0.238,0.353
63960,2.040,0.349,6.461,0.039,0.231,0.253
64020,2.480,0.400,6.612,0.046,0.255,0.363
64080,2.382,0.339,6.592,0.055,0.247,0.337
64140,2.225,0.325,6.147,0.110,0.271,0.257
64200,2.238,0.362,6.317,0.069,0.254,0.347
64260,2.354,0.435,6.043,0.069,0.272,0.396
64320,2.245,0.409,6.199,0.041,0.364,0.348
64380,2.353,0.311,6.015,0.022,0.238,0.302
64440,2.215,0.473,5.665,0.146,0.233,0.344
64500,2.089,0.465,5.630,0.173,0.342,0.358
64560,2.224,0.308,5.674,0.103,0.258,0.332
64620,1.956,0.454,5.857,0.011,0.226,0.294
64680,2.075,0.325,5.773,0.066,0.269,0.332
64740,2.055,0.328,5.835,0.024,0.305,0.310
64800,2.708,0.508,6.560,0.018,0.320,0.458
64860,2.239,0.338,6.816,0.059,0.301,0.347
64920,2.329,0.407,6.560,0.093,0.295,0.397
64980,2.218,0.337,6.489,0.002,0.202,0.353
65040,2.027,0.457,6.624,0.059,0.267,0.254
65100,2.025,0.461,6.635,0.058,0.213,0.272
65160,1.869,0.359,6.341,0.048,0.204,0.307
65220,1.985,0.293,6.672,0.060,0.188,0.284
65280,1.714,0.204,6.047,0.038,0.216,0.261
65340,1.964,0.308,6.281,0.028,0.250,0.352
65400,1.975,0.336,6.387,0.067,0.280,0.293
65460,1.635,0.248,6.487,0.088,0.242,0.285
65520,1.634,0.153,5.768,0.034,0.249,0.209
65580,1.916,0.362,5.640,0.020,0.276,0.153
65640,1.606,0.266,5.953,0.071,0.262,0.277
65700,1.531,0.045,6.136,0.033,0.220,0.256
65760,1.704,0.092,6.389,0.062,0.288,0.211
65820,1.705,0.218,6.376,0.081,0.203,0.164
65880,1.873,0.162,6.183,0.070,0.229,0.268
65940,1.640,0.201,6.400,0.069,0.237,0.070
66000,1.581,0.254,6.277,0.058,0.208,0.177
66060,1.609,0.294,6.290,0.079,0.250,0.227
66120,1.635,0.153,6.389,0.047,0.221,0.127
66180,1.460,0.322,6.346,0.104,0.334,0.184
66240,1.560,-0.006,6.210,0.056,0.257,0.126
66300,1.526,0.178,6.270,0.076,0.292,0.195
66360,1.509,0.113,6.417,0.045,0.239,0.142
66420,1.367,0.167,5.956,0.103,0.194,0.124
66480,1.505,0.253,6.309,0.062,0.249,0.094
66540,1.764,0.174,6.219,0.094,0.249,0.057
66600,-9999.000,-9999.000,-9999.000,-9999.000,-9999.000,-9999.000
66660,1.077,-0.001,5.736,0.041,0.188,0.035
66720,1.250,0.315,5.931,0.069,0.215,0.155
66780,1.341,0.095,6.088,0.085,0.205,0.133
66840,1.229,0.146,6.241,0.082,0.232,0.092
66900,1.178,0.074,6.210,0.063,0.203,0.001
66960,1.200,0.215,6.051,0.092,0.225,0.111
67020,1.074,0.186,6.244,0.061,0.216,0.061
67080,0.732,-0.044,5.858,0.086,0.153,-0.002
67140,1.182,0.091,5.918,0.062,0.223,-0.001
67200,1.356,0.141,6.330,0.069,0.206,0.146
67260,1.390,0.169,6.381,0.083,0.217,0.106
67320,1.158,0.022,6.092,0.149,0.225,0.079
67380,1.238,0.057,6.413,0.066,0.285,0.085
67440,1.304,0.039,6.408,0.031,0.206,0.161
67500,1.166,0.151,6.300,0.046,0.263,0.111
67560,1.388,-0.027,6.381,0.070,0.232,0.191
67620,1.181,0.057,6.260,0.037,0.228,0.038
67680,1.307,-0.077,6.336,0.043,0.192,0.089
67740,1.246,0.095,6.264,0.037,0.219,0.016
67800,1.114,0.113,6.329,0.039,0.233,0.093
67860,1.102,0.064,6.380,0.040,0.134,0.099
67920,1.020,0.024,6.278,0.016,0.199,0.078
