CampaignData_and_Merges/R0/CSL_MobileLab_Parked/raw/20240717/USOS-NOAAIodideCIMS-PANs_MobileLabGround_20240717_RA.ict
36, 1001
Michael A Robinson, Chris Jernigan, Subi Thakali
NOAA ESRL Chemical Sciences Laboratory and CIRES, U. of Colorado
NOAA Iodide CIMS Instrument
USOS
1, 1
2024, 07, 17, 2024, 07, 18
0
starttime_UTC, seconds_past_midnight, seconds_of_day_since_00:00:00_UTC
3
1, 1, 1
-9999, -9999, -9999
PAN_NOAACIMS, pptv, Gas_PAN_InSitu_S_AVMR
APAN_NOAACIMS, pptv, Gas_APAN_InSitu_S_AVMR
PPN_NOAACIMS, pptv, Gas_PPN_InSitu_S_AVMR
1
N/A
18
PI_CONTACT_INFO: 325 Broadway, R/CSD 7, Boulder, Colorado 80305; michael.a.robinson@noaa.gov; chris.jernigan@noaa.gov;
PLATFORM: NOAA CSL Mobile Lab
LOCATION: SLC, Utah
ASSOCIATED_DATA: 1Hz data also available on request.
INSTRUMENT_INFO: NOAA I- ToF CIMS
DATA_INFO: Units: pptv
UNCERTAINTY: tbd
ULOD_FLAG: -7777
ULOD_VALUE: N/A
LLOD_FLAG: -8888
LLOD_VALUE: N/A
DM_CONTACT_INFO: Nathan Howard; nathan.h.howard@noaa.gov
PROJECT_INFO: USOS, summer 2024. https://csl.noaa.gov/groups/csl7/measurements/2024usos/
STIPULATIONS_ON_USE: only the USOS science team is allowed to use this data
OTHER_COMMENTS: Field data; Data are averaged to 1 minute intervals. Stationary data collected from a 10 ft tower on top of the mobile lab
REVISION: RA
RA: Preliminary Data; For in-field use only
starttime_UTC, PAN_NOAACIMS, APAN_NOAACIMS, PPN_NOAACIMS
[from data line 938]
56280,155.340,1.796,11.681
56340,154.928,1.304,11.664
56400,155.797,2.205,11.921
56460,155.625,1.764,11.904
56520,158.316,1.534,12.417
56580,156.347,1.836,11.648
56640,156.971,1.971,12.002
56700,156.214,2.041,11.288
56760,157.956,1.672,11.670
56820,155.640,1.819,11.812
56880,153.024,1.733,11.356
56940,158.238,1.985,12.232
57000,154.520,2.276,11.915
57060,146.517,1.370,10.441
57120,149.860,1.686,11.236
57180,152.179,1.660,11.029
57240,150.418,2.306,10.878
57300,151.309,1.770,12.011
57360,147.499,1.352,10.535
57420,150.744,2.577,10.734
57480,145.779,1.733,9.845
57540,145.767,1.907,9.803
57600,146.790,2.939,5.953
57660,146.043,4.333,2.251
57720,142.610,2.439,9.865
57780,150.501,4.061,4.645
57840,147.874,4.031,2.314
57900,142.736,3.818,4.724
57960,137.614,2.025,10.339
58020,147.733,2.707,10.452
58080,144.135,3.077,7.869
58140,146.257,3.554,5.944
58200,147.095,2.872,6.248
58260,149.651,3.447,9.417
58320,145.061,2.383,10.294
58380,144.798,1.653,10.552
58440,150.711,1.725,10.344
58500,147.840,1.886,10.880
58560,142.051,1.881,10.465
58620,143.488,1.156,12.218
58680,144.163,1.566,10.269
58740,138.493,2.114,9.759
58800,139.938,1.636,10.168
58860,142.802,1.665,10.940
58920,138.543,1.785,12.014
58980,140.380,1.917,10.294
59040,135.359,1.891,10.245
59100,145.493,1.581,10.194
59160,136.422,1.626,9.588
59220,141.508,3.801,10.320
59280,141.195,2.180,10.864
59340,143.386,1.683,10.313
59400,138.717,2.068,10.719
59460,142.727,1.790,9.469
59520,135.461,1.500,9.373
59580,139.835,1.708,9.905
59640,138.242,1.781,8.736
59700,138.042,1.810,10.516
59760,136.944,1.644,10.975
59820,142.557,1.379,10.876
59880,139.697,1.736,9.804
59940,134.353,2.173,10.356
60000,135.738,1.076,10.406
60060,133.808,0.996,11.612
60120,137.381,1.438,10.694
60180,135.378,1.351,10.477
60240,133.187,1.555,11.097
60300,131.637,1.073,10.026
60360,140.076,1.016,10.977
60420,134.897,1.482,11.065
60480,129.907,1.069,9.628
60540,132.935,1.364,9.768
60600,135.467,1.060,10.346
60660,134.433,0.884,10.472
60720,131.547,1.241,10.055
60780,130.216,1.295,10.830
60840,132.562,1.439,10.046
60900,131.304,1.394,10.873
60960,128.842,1.383,11.385
61020,131.964,1.167,10.163
61080,131.410,1.345,10.754
61140,130.705,1.731,11.494
61200,135.094,2.093,11.064
61260,127.958,1.340,9.931
61320,128.098,1.915,10.318
61380,135.125,1.089,11.561
61440,130.358,1.890,10.714
61500,123.749,1.514,11.104
61560,124.301,1.662,10.090
61620,131.641,1.104,11.206
61680,128.382,1.730,10.852
61740,121.494,1.675,8.612
61800,126.873,1.453,11.880
61860,133.696,1.873,11.414
61920,128.932,1.147,11.762
61980,129.602,1.878,10.966
62040,124.857,1.623,11.453
62100,127.084,1.798,11.042
62160,121.558,1.282,10.943
62220,128.117,1.161,11.142
62280,130.354,1.261,11.273
62340,129.771,1.484,10.794
62400,128.743,1.582,10.692
62460,129.754,1.627,11.910
62520,128.223,1.642,10.284
62580,122.311,2.093,10.672
62640,124.405,2.353,10.959
62700,122.285,2.045,10.031
62760,122.247,1.645,9.677
62820,120.727,2.258,9.797
62880,114.803,1.402,8.205
62940,125.844,2.831,8.721
63000,134.958,1.629,10.333
63060,138.697,1.560,12.121
63120,129.531,1.295,10.621
63180,122.483,1.967,11.128
63240,121.318,1.424,11.074
63300,118.922,1.912,9.897
63360,119.076,1.994,9.823
63420,116.559,1.945,9.816
63480,125.589,1.796,10.206
63540,140.528,1.899,11.646
63600,183.686,2.510,13.104
63660,171.612,1.810,15.025
63720,166.373,2.007,13.452
63780,210.961,2.425,15.780
63840,215.348,2.750,14.959
63900,236.455,2.144,17.465
63960,262.096,3.131,19.472
64020,258.574,2.790,19.624
64080,283.175,2.346,22.169
64140,286.935,1.974,22.056
64200,309.546,2.769,23.822
64260,318.001,3.165,23.686
64320,320.642,3.086,24.666
64380,328.941,2.152,24.514
64440,346.691,2.741,27.039
64500,343.871,2.885,26.948
64560,339.935,2.612,24.667
64620,334.350,2.385,26.282
64680,316.089,2.960,25.058
64740,296.855,1.648,22.608
64800,285.945,3.733,21.777
64860,305.768,3.176,23.062
64920,319.378,2.842,23.411
64980,336.157,3.262,25.266
65040,312.911,2.590,24.009
65100,281.175,2.618,21.401
65160,312.154,2.662,22.846
65220,364.178,2.731,27.844
65280,354.901,2.069,25.716
65340,376.918,2.307,29.272
65400,386.685,3.185,30.031
65460,375.322,2.403,28.919
65520,352.914,2.863,26.583
65580,366.178,2.286,27.824
65640,363.920,2.351,27.326
65700,338.358,2.319,25.777
65760,336.813,1.591,24.850
65820,330.843,2.722,24.470
65880,349.533,2.531,27.452
65940,366.244,2.425,29.247
66000,364.873,2.339,29.299
66060,363.920,2.534,28.967
66120,381.828,2.864,30.954
66180,377.306,2.442,29.230
66240,369.683,3.241,29.381
66300,374.374,2.256,29.797
66360,368.041,2.339,29.209
66420,368.782,2.316,28.633
66480,374.774,1.995,29.648
66540,359.849,2.437,30.316
66600,-9999.000,-9999.000,-9999.000
66660,335.177,3.065,27.920
66720,339.460,1.867,28.742
66780,348.049,2.898,27.826
66840,322.147,2.513,28.570
66900,319.614,2.739,28.828
66960,324.584,2.550,28.360
67020,323.280,1.874,27.199
67080,325.456,2.522,28.287
67140,324.589,2.980,28.844
67200,318.436,2.147,26.762
67260,316.895,2.089,28.244
67320,311.356,3.100,27.946
67380,336.293,2.537,28.782
67440,336.249,2.249,28.303
67500,327.389,2.277,27.351
67560,314.901,2.230,26.097
67620,317.830,1.928,27.515
67680,284.743,1.595,23.644
67740,294.953,1.816,26.101
67800,285.102,1.879,25.496
67860,276.264,1.712,23.512
67920,242.808,1.689,22.365
67980,248.782,2.999,22.347
68040,251.165,1.634,23.171
68100,262.515,1.834,23.922
68160,256.765,2.079,22.643
68220,254.081,2.141,22.445
68280,250.593,1.761,22.579
68340,254.220,1.607,22.228
68400,264.103,2.203,24.807
68460,279.186,1.170,26.116
68520,267.226,1.482,26.843
68580,265.764,2.119,24.990
68640,260.774,1.850,24.813
68700,255.390,1.949,24.019
68760,250.703,1.258,24.516
68820,241.752,1.487,23.454
68880,224.919,1.351,20.029
68940,223.874,1.565,20.657
69000,219.139,1.858,20.361
69060,217.462,1.224,21.024
69120,221.530,1.461,22.214
69180,209.205,1.589,20.338
69240,184.054,1.326,17.935
69300,166.788,1.228,16.075
69360,159.029,1.508,15.789
69420,164.992,1.383,15.036
69480,163.838,1.938,16.680
69540,174.961,1.570,17.429
69600,161.537,1.703,15.802
69660,120.778,1.512,11.635
69720,140.164,1.484,13.074
69780,158.077,1.527,15.662
69840,131.899,1.024,12.750
69900,110.122,0.815,10.466
69960,118.216,1.429,10.618
70020,137.581,1.093,12.751
70080,156.906,1.183,13.480
70140,139.921,1.079,13.148
70200,114.224,0.721,11.184
70260,110.932,0.610,9.249
70320,105.271,0.353,8.037
70380,135.498,1.315,12.980
70440,147.687,0.772,14.307
70500,162.777,1.099,15.932
70560,206.652,1.766,22.365
70620,236.065,1.382,26.134
70680,214.032,2.141,23.441
70740,220.276,1.289,22.075
70800,238.613,1.401,25.637
70860,226.234,1.174,23.156
70920,208.560,1.015,21.212
70980,230.258,2.091,22.249
71040,241.211,1.300,24.831
71100,286.433,1.908,32.737
71160,287.214,2.242,34.670
71220,278.375,1.376,33.295
71280,270.719,1.287,32.264
71340,260.307,2.348,31.053
71400,254.557,1.129,29.990
71460,282.242,1.916,34.029
71520,289.589,1.797,32.940
71580,284.279,1.526,32.636
71640,256.825,1.476,29.154
71700,260.136,1.476,30.046
71760,274.737,1.660,33.253
71820,281.494,1.558,33.150
71880,308.936,2.283,37.179
71940,306.385,1.214,35.507
72000,314.129,2.108,36.290
72060,311.306,2.434,37.582
72120,306.065,2.126,38.456
72180,297.312,2.421,35.113
72240,303.719,1.638,36.136
72300,298.717,1.863,38.095
72360,325.096,2.327,37.610
72420,340.528,2.001,43.740
72480,337.466,1.714,40.017
72540,341.584,2.220,42.422
72600,337.278,1.471,41.916
72660,347.530,1.928,42.899
72720,358.044,2.418,40.199
72780,361.521,2.258,44.745
72840,343.844,2.254,41.639
72900,320.120,2.250,37.466
72960,343.354,1.731,41.469
73020,348.910,2.170,43.671
73080,354.172,2.056,45.105
73140,353.585,2.180,42.422
73200,349.753,1.863,42.150
73260,357.057,2.264,42.063
73320,357.313,2.180,41.938
73380,374.940,1.588,45.183
73440,362.740,2.015,43.761
73500,367.748,1.401,43.540
73560,376.271,1.895,44.363
73620,383.155,1.951,45.584
73680,378.802,1.834,46.054
73740,374.579,2.904,42.461
73800,360.655,2.053,42.794
73860,344.072,2.248,42.045
73920,349.123,2.748,43.723
73980,334.408,2.682,44.434
74040,339.689,1.650,40.614
74100,330.958,1.583,41.176
74160,320.089,2.454,36.902
74220,326.305,2.684,32.465
74280,308.490,2.954,37.424
74340,296.698,2.760,35.665
74400,290.039,2.124,32.699
74460,285.781,1.907,31.628
74520,287.839,2.219,31.504
74580,288.460,1.895,33.595
74640,299.500,2.612,33.774
74700,316.668,1.923,36.602
74760,308.082,2.434,33.791
74820,303.435,2.106,34.196
74880,304.812,2.163,35.480
74940,302.401,2.998,30.803
75000,310.823,2.079,35.522
75060,304.365,2.618,34.060
75120,301.244,2.388,35.496
75180,323.795,2.510,39.355
75240,324.404,2.124,38.888
75300,305.845,1.896,36.727
75360,291.988,2.263,35.365
75420,288.588,2.143,33.167
75480,267.494,2.832,30.971
75540,270.809,3.168,33.418
75600,267.981,1.795,30.946
75660,266.799,2.008,34.268
75720,281.900,2.908,33.206
75780,285.642,1.824,33.405
75840,275.224,1.666,32.513
75900,288.949,2.736,33.263
75960,290.955,2.219,33.565
76020,288.072,2.369,35.241
76080,288.282,2.362,34.198
76140,307.038,2.414,36.864
76200,302.265,1.619,36.368
76260,307.039,1.918,37.482
76320,305.951,1.947,34.729
76380,314.133,3.423,34.538
76440,321.285,3.633,36.041
76500,299.694,3.347,35.471
76560,303.007,3.075,33.941
76620,298.023,2.383,35.104
76680,289.732,2.426,32.989
76740,286.232,2.601,33.228
76800,271.664,2.341,32.611
76860,267.492,2.222,31.793
76920,279.109,2.510,32.850
76980,290.814,2.061,35.255
77040,284.393,2.183,34.360
77100,271.722,2.637,32.546
77160,290.519,2.661,35.649
77220,298.073,2.672,31.043
77280,289.730,1.854,32.318
77340,280.316,2.324,33.745
77400,290.554,3.222,35.451
77460,272.399,1.825,29.261
77520,259.775,1.863,31.300
77580,259.105,1.841,29.110
77640,270.877,2.640,32.641
77700,261.913,3.054,28.151
77760,267.142,3.360,29.810
77820,266.738,2.440,31.567
77880,286.681,2.531,31.605
77940,311.955,1.424,39.222
78000,320.998,2.705,37.244
78060,311.529,3.100,38.154
78120,316.937,1.933,36.216
78180,305.671,1.859,35.884
78240,293.456,2.004,36.210
78300,290.827,2.928,36.615
78360,298.700,2.556,35.389
78420,293.854,2.926,34.952
78480,280.671,2.731,32.754
78540,282.056,2.665,31.969
78600,284.605,2.507,33.133
78660,274.158,2.588,32.046
78720,286.069,2.699,34.447
78780,283.943,2.158,33.296
78840,284.350,2.518,31.542
78900,275.191,1.800,31.794
78960,288.374,1.646,32.149
79020,300.002,1.841,33.549
79080,292.104,2.564,32.998
79140,281.561,2.329,31.686
79200,277.808,2.638,29.923
79260,298.414,2.770,31.896
79320,287.736,2.878,30.165
79380,279.480,2.537,30.024
79440,294.549,2.446,29.310
79500,284.972,3.518,31.364
79560,274.048,2.786,23.971
79620,280.829,2.657,22.822
79680,276.587,2.220,27.151
79740,264.302,1.906,18.781
79800,262.712,1.506,12.850
79860,244.797,2.240,21.470
79920,255.594,2.693,18.812
79980,265.231,2.393,23.613
80040,250.781,2.183,26.460
80100,263.673,2.749,25.162
80160,248.118,2.444,26.223
80220,259.199,2.035,24.677
80280,259.925,2.034,26.500
80340,253.873,2.539,25.775
80400,272.760,1.973,28.115
80460,273.147,1.915,29.653
80520,272.948,2.006,28.314
80580,270.449,2.536,26.305
80640,276.935,2.168,26.288
80700,296.402,3.176,28.631
80760,295.574,2.078,27.212
80820,280.739,1.819,25.067
80880,286.974,2.352,28.064
80940,285.184,2.439,27.208
81000,263.355,1.907,25.388
81060,257.311,1.519,22.690
81120,253.935,1.991,25.937
81180,249.053,1.512,22.206
81240,231.273,1.376,21.373
81300,244.436,1.540,21.200
81360,246.630,1.839,21.956
81420,258.641,1.772,20.018
81480,254.636,2.084,21.370
81540,253.754,1.516,21.902
81600,245.753,1.606,23.993
81660,244.497,1.606,19.796
81720,249.961,1.986,19.599
81780,242.726,2.175,19.179
81840,247.316,1.757,18.382
81900,238.340,1.670,17.914
81960,235.293,2.242,18.964
82020,229.933,2.348,16.052
82080,224.654,1.735,17.734
82140,229.583,1.556,19.413
82200,227.298,1.735,15.023
82260,227.270,1.883,16.229
82320,230.433,1.650,17.193
82380,253.059,1.886,19.405
82440,238.847,2.095,17.379
82500,227.983,1.419,15.876
82560,216.378,1.755,17.046
82620,224.014,2.341,17.167
82680,237.150,1.338,17.266
82740,258.423,1.940,17.622
82800,248.414,1.791,17.986
82860,249.068,1.906,17.697
82920,244.788,0.685,19.027
82980,240.375,2.748,17.212
83040,237.384,1.644,17.861
83100,227.985,1.857,16.320
83160,217.994,1.896,13.058
83220,213.132,1.974,18.009
83280,245.732,1.228,14.970
83340,242.035,2.009,19.249
83400,220.316,2.163,15.338
83460,231.185,2.344,15.396
83520,231.355,1.571,14.908
83580,221.020,2.658,15.588
83640,212.135,1.743,15.994
83700,217.899,2.137,16.213
83760,197.473,1.721,13.426
83820,213.926,1.561,14.362
83880,202.796,2.080,12.144
83940,207.370,1.191,15.760
84000,222.335,2.495,16.784
84060,227.924,1.866,17.194
84120,224.617,1.144,18.872
84180,233.326,1.779,19.293
84240,249.654,1.561,18.405
84300,252.421,2.430,17.533
84360,240.693,1.948,18.641
84420,238.814,2.093,19.149
84480,228.878,2.659,18.740
84540,223.914,1.846,17.394
84600,229.576,2.046,17.701
84660,218.447,2.740,15.655
84720,216.916,2.566,20.046
84780,216.417,2.379,20.055
84840,206.158,2.732,17.791
84900,200.638,2.522,19.668
84960,207.603,2.662,21.323
85020,214.997,2.801,20.978
85080,-9999.000,-9999.000,-9999.000
85140,271.566,2.065,40.662
85200,272.067,1.903,40.600
85260,267.463,2.639,39.189
85320,269.889,2.717,39.953
85380,277.956,2.129,42.755
85440,270.563,2.159,41.959
85500,284.866,3.557,41.003
85560,290.534,2.191,40.506
85620,278.078,2.701,38.472
85680,289.862,1.946,37.909
85740,285.766,2.204,37.892
85800,276.152,1.942,36.518
85860,285.330,2.653,44.719
85920,289.563,2.672,45.486
85980,275.623,2.748,41.713
86040,280.145,2.976,41.806
86100,281.481,2.854,44.331
86160,286.670,3.101,47.635
86220,283.099,3.522,42.437
86280,291.633,2.697,48.926
86340,278.818,2.258,44.585
