CampaignData_and_Merges/R0/CSL_MobileLab_Parked/raw/20240717/USOS-PTR_MobileLabGround_20240717_R0.ict
58, 1001
Matthew Coggon, Kelvin Bates, Chelsea Stockwell, Carsten Warneke
NOAA ESRL Chemical Sciences Division
NOAA PTR-ToF-MS
USOS
1,1 
2024, 07, 17, 2025, 09, 19
0
Time_Start, seconds, number of seconds from 00:00 UTC 
22
1, 1, 1, 1, 1, 1, 1, 1, 1, 1, 1, 1, 1, 1, 1, 1, 1, 1, 1, 1, 1, 1
-9999, -9999, -9999, -9999, -9999, -9999, -9999, -9999, -9999, -9999, -9999, -9999, -9999, -9999, -9999, -9999, -9999, -9999, -9999, -9999, -9999, -9999
CH3OH_NOAAPTR_ppbv,  ppbv, Gas_CH3OH_InSitu_S_AVMR, (CH3OH) methanol
CH3CN_NOAAPTR_ppbv,  ppbv, Gas_CH3CN_InSitu_S_AVMR, (CH3CN) acetonitrile
CH3CHO_NOAAPTR_ppbv,  ppbv, Gas_CH3CHO_InSitu_S_AVMR, (CH3CHO) acetaldehyde plus contributions from ethylene glycol and ethylene oxide. Interference from ethanol has been subtracted out.
C2H5OH_NOAAPTR_ppbv,  ppbv, Gas_C2H5OH_InSitu_S_AVMR, (C2H5OH) ethanol
CH3SH_NOAAPTR_ppbv,  ppbv, Gas_CH3SH_InSitu_S_AVMR, (CH3SH) methanethiol, using calibration factor for DMS
Acrolein_NOAAPTR_ppbv,  ppbv, Gas_Acrolein_InSitu_S_AVMR, (C3H4O) acrolein
AcetonePropanal_NOAAPTR_ppbv,  ppbv, Gas_AcetoneAndPropanal_InSitu_S_AVMR, (C3H6O) sum of acetone (dominant isomer) and propanal, using calibration factor for acetone
DMS_NOAAPTR_ppbv,  ppbv, Gas_DMS_InSitu_S_AVMR, (C2H6S) dimethyl sulfide with possible small contributions from ethanethiol
C5H8_NOAAPTR_ppbv,  ppbv, Gas_Isoprene_InSitu_S_AVMR, (C5H8) isoprene and possible fragments from cycloalkanes and aldehydes. Interferences have been subtracted following methods described by Coggon et al (2023)
MVKMAC_NOAAPTR_ppbv,  ppbv, Gas_MVKAndMAC_InSitu_S_AVMR, (C4H6O) sum of methyl vinyl ketone, methacrolein, and small amounts of crotonaldehyde, using weighted calibration factor for MVK (0.637) and MACR (0.363)
Benzene_NOAAPTR_ppbv,  ppbv, Gas_Benzene_InSitu_S_AVMR, (C6H6) benzene
Toluene_NOAAPTR_ppbv,  ppbv, Gas_Toluene_InSitu_S_AVMR, (C7H8) toluene with possible small contributions of fragments from ethyltoluene
Styrene_NOAAPTR_ppbv,  ppbv, Gas_Styrene_InSitu_S_AVMR, (C8H8) styrene
Benzaldehyde_NOAAPTR_ppbv,  ppbv, Gas_Benzaldehyde_InSitu_S_AVMR, (C7H6O) benzaldehyde
C8Aromatics_NOAAPTR_ppbv,  ppbv, Gas_C8Aromatics_InSitu_M_AVMR, (C8H10) sum of m-xylene, p-xylene, o-xylene, and ethyl benzene
C9Aromatics_NOAAPTR_ppbv,  ppbv, Gas_C9Aromatics_InSitu_M_AVMR, (C9H12) sum of C9 aromatics
Naphthalene_NOAAPTR_ppbv,  ppbv, Gas_Naphthalene_InSitu_S_AVMR, (C10H8) naphthalene
Octanal_NOAAPTR_ppbv,  ppbv, Gas_Octanal_InSitu_S_AVMR, (C8H16O) octanal and small amounts of octanone
Monoterpenes_NOAAPTR_ppbv,  ppbv, Gas_Monoterpenes_InSitu_M_AVMR, (C10H16) sum of monoterpenes and possible contributions from fragments of oxygenated monoterpenoids such as eucalyptol.
Nonanal_NOAAPTR_ppbv,  ppbv, Gas_Nonanal_InSitu_M_AVMR, (C9H18O) nonanal and small amounts of nonanone
C7H4ClF3_NOAAPTR_ppbv,  ppbv, Gas_C7H4ClF3_InSitu_S_AVMR, (C7H4ClF3) parachlorobenzotrifluoride
C10H30O5Si5_NOAAPTR_ppbv,  ppbv, Gas_C10H30O5Si5_InSitu_S_AVMR, (C10H30O5Si5) decamethylcyclopentasiloxane
1
SPECIAL COMMENTS:N/A
21
PI_CONTACT_INFO: NOAA ESRL Chemical Sciences Division, Tropospheric Chemistry Group. 325 Broadway, R/CSD7, Boulder, CO 80305
PLATFORM: Mobile Laboratory.
LOCATION: Salt Lake City, UT
ASSOCIATED_DATA: N/A
INSTRUMENT_INFO: NOAA PTR-ToF-MS measurements on NOAA CSL Mobile Lab
DATA_INFO: Units: ppbv
UNCERTAINTY: See OTHER_COMMENTS
ULOD_FLAG: -7777
ULOD_VALUE: N/A
LLOD_FLAG: -8888
LLOD_VALUE: N/A.
DM_CONTACT_INFO: Data Managers: Matt Coggon, Kelvin Bates, Chelsea Stockwell; email: matthew.m.coggon@noaa.gov and kelvin.bates@colorado.edu
PROJECT_INFO: USOS Deployment July-August, 2024
STIPULATIONS_ON_USE: Use of these data require prior OK from PI.
OTHER_COMMENTS: Uncertainties:
CH3OH_NOAAPTR_ppbv:30%; CH3CN_NOAAPTR_ppbv:30%; CH3CHO_NOAAPTR_ppbv:30%; C2H5OH_NOAAPTR_ppbv:30%; CH3SH_NOAAPTR_ppbv:50%; Acrolein_NOAAPTR_ppbv:30%; AcetonePropanal_NOAAPTR_ppbv:30%; DMS_NOAAPTR_ppbv:30%; C5H8_NOAAPTR_ppbv:30%; MVKMAC_NOAAPTR_ppbv:30%; 
Benzene_NOAAPTR_ppbv:30%; Toluene_NOAAPTR_ppbv:30%; Styrene_NOAAPTR_ppbv:30%; Benzaldehyde_NOAAPTR_ppbv:30%; C8Aromatics_NOAAPTR_ppbv:30%; C9Aromatics_NOAAPTR_ppbv:30%; Naphthalene_NOAAPTR_ppbv:30%; Octanal_NOAAPTR_ppbv:30%; Monoterpenes_NOAAPTR_ppbv:30%; Nonanal_NOAAPTR_ppbv:30%; 
C7H4ClF3_NOAAPTR_ppbv:30%; C10H30O5Si5_NOAAPTR_ppbv:30%; 
REVISION: R0
R0: Calibrated PTR Data. See individual species comments for details about measurement uncertainties
Time_Start, CH3OH_NOAAPTR_ppbv, CH3CN_NOAAPTR_ppbv, CH3CHO_NOAAPTR_ppbv, C2H5OH_NOAAPTR_ppbv, CH3SH_NOAAPTR_ppbv, Acrolein_NOAAPTR_ppbv, AcetonePropanal_NOAAPTR_ppbv, DMS_NOAAPTR_ppbv, C5H8_NOAAPTR_ppbv, MVKMAC_NOAAPTR_ppbv, Benzene_NOAAPTR_ppbv, Toluene_NOAAPTR_ppbv, Styrene_NOAAPTR_ppbv, Benzaldehyde_NOAAPTR_ppbv, C8Aromatics_NOAAPTR_ppbv, C9Aromatics_NOAAPTR_ppbv, Naphthalene_NOAAPTR_ppbv, Octanal_NOAAPTR_ppbv, Monoterpenes_NOAAPTR_ppbv, Nonanal_NOAAPTR_ppbv, C7H4ClF3_NOAAPTR_ppbv, C10H30O5Si5_NOAAPTR_ppbv
[from data line 521]
31260.0, 8.81031, 0.26510, -9999.00000, 1.22886, -0.00080, 0.16877, 4.32327, 0.00241, -9999.00000, 0.27945, 0.01098, 0.07191, -0.00088, -0.00060, 0.04428, 0.01385, -0.00089, 0.03434, 0.07835, 0.03037, 0.00827, 0.00128 
31320.0, -9999.00000, -9999.00000, -9999.00000, -9999.00000, -9999.00000, -9999.00000, -9999.00000, -9999.00000, -9999.00000, -9999.00000, -9999.00000, -9999.00000, -9999.00000, -9999.00000, -9999.00000, -9999.00000, -9999.00000, -9999.00000, -9999.00000, -9999.00000, -9999.00000, -9999.00000 
31380.0, -9999.00000, -9999.00000, -9999.00000, -9999.00000, -9999.00000, -9999.00000, -9999.00000, -9999.00000, -9999.00000, -9999.00000, -9999.00000, -9999.00000, -9999.00000, -9999.00000, -9999.00000, -9999.00000, -9999.00000, -9999.00000, -9999.00000, -9999.00000, -9999.00000, -9999.00000 
31440.0, -9999.00000, -9999.00000, -9999.00000, -9999.00000, -9999.00000, -9999.00000, -9999.00000, -9999.00000, -9999.00000, -9999.00000, -9999.00000, -9999.00000, -9999.00000, -9999.00000, -9999.00000, -9999.00000, -9999.00000, -9999.00000, -9999.00000, -9999.00000, -9999.00000, -9999.00000 
31500.0, -9999.00000, -9999.00000, -9999.00000, -9999.00000, -9999.00000, -9999.00000, -9999.00000, -9999.00000, -9999.00000, -9999.00000, -9999.00000, -9999.00000, -9999.00000, -9999.00000, -9999.00000, -9999.00000, -9999.00000, -9999.00000, -9999.00000, -9999.00000, -9999.00000, -9999.00000 
31560.0, -9999.00000, -9999.00000, -9999.00000, -9999.00000, -9999.00000, -9999.00000, -9999.00000, -9999.00000, -9999.00000, -9999.00000, -9999.00000, -9999.00000, -9999.00000, -9999.00000, -9999.00000, -9999.00000, -9999.00000, -9999.00000, -9999.00000, -9999.00000, -9999.00000, -9999.00000 
31620.0, -9999.00000, -9999.00000, -9999.00000, -9999.00000, -9999.00000, -9999.00000, -9999.00000, -9999.00000, -9999.00000, -9999.00000, -9999.00000, -9999.00000, -9999.00000, -9999.00000, -9999.00000, -9999.00000, -9999.00000, -9999.00000, -9999.00000, -9999.00000, -9999.00000, -9999.00000 
31680.0, -9999.00000, -9999.00000, -9999.00000, -9999.00000, -9999.00000, -9999.00000, -9999.00000, -9999.00000, -9999.00000, -9999.00000, -9999.00000, -9999.00000, -9999.00000, -9999.00000, -9999.00000, -9999.00000, -9999.00000, -9999.00000, -9999.00000, -9999.00000, -9999.00000, -9999.00000 
31740.0, -9999.00000, -9999.00000, -9999.00000, -9999.00000, -9999.00000, -9999.00000, -9999.00000, -9999.00000, -9999.00000, -9999.00000, -9999.00000, -9999.00000, -9999.00000, -9999.00000, -9999.00000, -9999.00000, -9999.00000, -9999.00000, -9999.00000, -9999.00000, -9999.00000, -9999.00000 
31800.0, -9999.00000, -9999.00000, -9999.00000, -9999.00000, -9999.00000, -9999.00000, -9999.00000, -9999.00000, -9999.00000, -9999.00000, -9999.00000, -9999.00000, -9999.00000, -9999.00000, -9999.00000, -9999.00000, -9999.00000, -9999.00000, -9999.00000, -9999.00000, -9999.00000, -9999.00000 
31860.0, -9999.00000, -9999.00000, -9999.00000, -9999.00000, -9999.00000, -9999.00000, -9999.00000, -9999.00000, -9999.00000, -9999.00000, -9999.00000, -9999.00000, -9999.00000, -9999.00000, -9999.00000, -9999.00000, -9999.00000, -9999.00000, -9999.00000, -9999.00000, -9999.00000, -9999.00000 
31920.0, 9.32076, 0.29515, -9999.00000, 1.42832, 0.00025, 0.21437, 4.46564, -0.00173, -9999.00000, 0.29153, 0.00182, 0.09875, -0.00083, -0.00020, 0.05311, 0.06147, -0.00055, 0.01211, 0.08520, 0.02442, 0.00180, 0.00067 
31980.0, 9.27383, 0.28664, 1.19046, 1.28583, 0.00031, 0.17238, 4.43835, 0.00212, 0.17664, 0.27863, 0.01452, 0.09279, -0.00083, -0.00020, 0.05055, 0.03785, -0.00078, 0.02723, 0.07769, 0.02010, 0.00175, 0.00207 
32040.0, 9.82002, 0.28726, 1.07803, 1.54479, -0.00092, 0.18451, 4.44522, -0.00172, 0.17180, 0.27207, 0.02570, 0.13350, -0.00083, -0.00020, 0.06916, 0.03995, 0.00820, 0.02008, 0.09040, 0.02893, 0.00172, -0.00015 
32100.0, 8.69518, 0.28297, 1.19314, 1.27955, 0.00130, 0.20747, 4.41272, -0.00172, 0.21219, 0.27323, 0.03651, 0.07102, -0.00083, -0.00020, 0.03095, 0.02831, -0.00078, 0.01318, 0.06876, 0.02122, 0.00244, 0.00093 
32160.0, 8.07342, 0.28513, 1.10576, 0.95100, -0.00075, 0.19691, 4.47044, 0.00503, 0.17633, 0.27978, -0.00254, 0.07141, 0.01664, -0.00020, 0.02772, 0.02146, 0.00208, 0.03040, 0.07797, 0.02703, -0.00037, 0.00040 
32220.0, 9.53604, 0.24830, 1.11322, 1.30115, -0.00075, 0.16312, 4.49155, -0.00172, 0.21161, 0.24928, 0.04252, 0.08150, -0.00084, 0.00163, 0.02857, 0.01370, -0.00077, 0.01624, 0.08682, 0.02461, 0.00573, -0.00067 
32280.0, 8.86216, 0.27129, 1.07357, 1.07783, -0.00027, 0.18790, 4.41920, -0.00172, 0.17216, 0.28798, -0.00254, 0.05402, -0.00084, -0.00020, 0.03816, 0.01607, -0.00077, 0.03415, 0.07104, 0.02585, 0.00665, 0.00244 
32340.0, 9.16153, 0.27059, 1.16117, 1.14485, 0.00423, 0.20221, 4.53558, 0.00510, 0.17596, 0.29397, 0.01572, 0.10438, 0.00547, -0.00020, 0.04476, 0.02897, -0.00077, 0.01036, 0.07005, 0.01827, 0.00618, 0.00017 
32400.0, 9.79257, 0.24098, 1.11487, 1.38007, 0.00102, 0.22778, 4.53946, -0.00171, 0.17149, 0.29653, -0.00253, 0.06553, -0.00084, -0.00020, 0.03211, 0.01745, 0.00110, 0.03137, 0.06645, 0.01453, 0.00331, 0.00099 
32460.0, 9.53978, 0.26735, 1.22573, 1.27196, 0.00163, 0.20855, 4.52060, -0.00171, 0.16455, 0.30034, 0.02937, 0.08099, -0.00084, 0.00436, 0.03475, 0.01507, -0.00076, 0.03975, 0.07299, 0.04092, 0.00518, -0.00059 
32520.0, 8.77828, 0.25470, 1.15310, 1.04506, -0.00091, 0.19917, 4.48652, -0.00171, 0.18125, 0.30793, 0.14964, 0.09045, 0.00559, 0.03203, 0.03534, 0.02106, -0.00076, 0.01721, 0.10148, 0.03026, -0.00040, 0.00121 
32580.0, 9.37078, 0.29103, 1.15168, 1.73236, 0.00057, 0.23994, 4.52316, -0.00170, 0.14211, 0.28110, 0.01838, 0.10502, -0.00085, -0.00020, 0.05610, 0.02376, -0.00076, 0.01944, 0.10182, 0.04200, 0.00853, 0.00164 
32640.0, 8.62517, 0.26544, 1.17528, 1.14693, -0.00034, 0.20380, 4.46327, -0.00170, 0.16859, 0.27324, 0.00024, 0.07802, -0.00085, -0.00020, 0.02588, 0.00879, 0.00695, 0.00437, 0.07200, 0.02826, 0.00395, 0.00022 
32700.0, 8.70314, 0.27501, 1.17610, 1.17414, -0.00091, 0.18550, 4.45116, -0.00170, 0.17056, 0.28947, 0.01955, 0.08340, -0.00085, -0.00021, 0.02408, 0.02298, -0.00076, 0.02474, 0.08951, 0.02724, 0.00244, 0.00259 
32760.0, 10.43517, 0.28808, 1.18396, 1.12638, 0.00043, 0.21567, 4.53034, -0.00170, 0.18055, 0.29936, -0.00253, 0.11354, -0.00085, -0.00021, 0.02673, 0.02273, -0.00075, 0.02215, 0.07560, 0.02686, 0.00332, 0.00072 
32820.0, 9.42632, 0.27034, 1.05214, 1.18681, 0.00139, 0.16848, 4.47284, 0.00454, 0.17442, 0.28321, -0.00253, 0.06531, 0.00331, 0.00163, 0.03087, 0.01877, 0.00647, 0.00991, 0.06971, 0.02289, 0.00139, 0.00211 
32880.0, 9.12516, 0.24225, 1.15543, 1.32785, 0.00066, 0.19413, 4.53152, 0.00036, 0.19624, 0.28188, -0.00208, 0.07741, -0.00086, -0.00021, 0.03084, 0.01550, 0.00370, 0.02108, 0.07635, 0.02129, 0.00075, 0.00150 
32940.0, 9.07007, 0.27560, 1.10766, 1.15133, 0.00100, 0.20357, 4.51019, -0.00113, 0.17205, 0.26988, 0.00089, 0.07316, -0.00086, -0.00021, 0.03552, 0.01971, -0.00075, 0.02645, 0.07097, 0.03883, 0.00237, 0.00134 
33000.0, 8.67885, 0.27026, 1.16796, 1.10577, -0.00075, 0.17873, 4.48958, -0.00169, 0.15213, 0.26747, 0.05785, 0.09359, -0.00086, 0.01760, 0.03684, 0.01223, -0.00061, 0.01826, 0.07618, 0.02352, 0.00950, -0.00013 
33060.0, 9.22547, 0.27565, 1.15738, 0.97952, -0.00091, 0.21475, 4.51064, -0.00168, 0.17279, 0.29782, -0.00253, 0.07725, -0.00086, -0.00021, 0.02873, 0.01602, -0.00074, 0.01279, 0.08155, 0.03161, 0.00120, 0.00169 
33120.0, 8.73191, 0.27801, 1.19954, 1.38422, -0.00003, 0.19558, 4.47639, -0.00168, 0.14145, 0.27947, -0.00253, 0.07614, 0.00458, -0.00021, 0.03321, 0.01647, 0.00489, 0.02084, 0.07825, 0.02576, 0.00681, 0.00042 
33180.0, 9.09818, 0.27524, 1.14192, 1.19266, 0.00096, 0.18722, 4.48570, 0.00080, 0.17700, 0.26923, 0.00017, 0.07660, -0.00087, -0.00021, 0.03218, 0.01800, 0.00214, 0.02427, 0.09138, 0.02546, 0.00564, -0.00002 
33240.0, 8.47468, 0.27152, 1.19783, 1.13812, 0.00118, 0.17085, 4.46360, -0.00168, 0.19237, 0.29534, -0.00253, 0.08158, 0.00121, -0.00021, 0.02313, 0.00950, -0.00074, 0.02882, 0.06295, 0.03635, 0.00124, 0.00066 
33300.0, 9.14365, 0.25178, 1.12184, 1.21045, 0.00124, 0.18953, 4.50211, -0.00167, 0.16459, 0.27374, 0.01554, 0.07062, -0.00087, 0.00830, 0.03372, 0.01065, -0.00074, 0.01617, 0.06654, 0.03396, 0.00391, 0.00240 
33360.0, 9.40072, 0.27418, 1.22254, 1.15614, -0.00091, 0.17873, 4.50334, -0.00167, 0.14593, 0.26726, 0.01052, 0.06284, -0.00087, -0.00021, 0.02766, 0.01804, -0.00073, 0.02141, 0.08758, 0.02001, 0.00102, 0.00161 
33420.0, 8.49193, 0.26070, 1.14802, 1.04604, 0.00404, 0.21329, 4.46165, -0.00136, 0.15546, 0.26128, -0.00253, 0.07508, -0.00030, -0.00021, 0.02443, 0.01823, -0.00073, 0.02635, 0.06380, 0.02190, 0.00308, 0.00115 
33480.0, 9.45700, 0.25389, 1.17339, 1.06006, -0.00090, 0.21087, 4.51122, 0.00181, 0.18815, 0.25443, -0.00253, 0.06885, -0.00087, 0.00216, 0.01794, 0.01291, -0.00073, 0.02879, 0.08394, 0.01987, 0.00395, 0.00012 
33540.0, 9.28920, 0.26034, 1.20306, 1.71090, 0.00159, 0.18115, 4.50491, -0.00167, 0.20244, 0.28745, 0.05461, 0.12983, -0.00088, -0.00021, 0.05852, 0.03283, -0.00073, 0.02438, 0.09314, 0.03991, 0.00530, 0.00078 
33600.0, 8.96693, 0.25813, 1.04873, 1.30803, -0.00085, 0.18889, 4.46986, 0.00209, 0.16257, 0.25801, 0.00928, 0.06983, 0.00259, -0.00021, 0.03091, 0.01512, -0.00072, 0.00843, 0.07890, 0.02918, 0.00104, 0.00087 
33660.0, 9.27076, 0.26687, 1.11658, 1.23517, 0.00173, 0.19503, 4.51431, -0.00094, 0.18945, 0.27369, 0.03027, 0.07866, 0.00400, -0.00021, 0.04076, 0.01142, -0.00072, 0.04038, 0.09034, 0.02203, -0.00228, -0.00009 
33720.0, 8.08519, 0.26621, 1.16142, 1.08827, -0.00059, 0.15946, 4.41880, -0.00166, 0.18746, 0.27106, -0.00253, 0.06963, 0.00061, -0.00021, 0.01752, 0.01251, 0.00153, 0.02686, 0.06123, 0.02595, 0.00496, 0.00015 
33780.0, 9.19691, 0.25897, 1.15472, 1.11856, -0.00090, 0.18630, 4.47879, -0.00166, 0.19873, 0.25963, 0.02388, 0.08020, -0.00088, -0.00021, 0.03861, 0.01479, -0.00072, 0.01405, 0.07312, 0.02539, 0.00039, 0.00077 
33840.0, 9.37285, 0.27391, 1.12876, 1.14892, -0.00045, 0.18366, 4.39135, -0.00165, 0.15472, 0.25404, 0.01141, 0.07731, -0.00088, -0.00021, 0.02283, 0.00975, -0.00072, 0.03046, 0.07004, 0.02866, 0.00648, 0.00041 
33900.0, 9.18972, 0.26895, 1.04984, 1.13631, -0.00061, 0.15903, 4.36068, 0.00341, 0.16137, 0.27115, 0.03991, 0.09284, -0.00089, -0.00021, 0.03571, 0.01224, -0.00071, 0.02708, 0.07103, 0.02668, 0.00455, 0.00229 
33960.0, 8.70799, 0.25786, 1.13128, 0.97623, 0.00018, 0.20086, 4.48452, 0.01092, 0.22213, 0.24648, -0.00253, 0.05387, -0.00089, -0.00021, 0.03358, 0.01059, -0.00071, 0.02598, 0.06832, 0.03034, 0.00701, 0.00036 
34020.0, 8.79903, 0.26103, 1.13949, 1.30554, -0.00031, 0.18336, 4.48992, -0.00165, 0.14259, 0.27793, 0.03785, 0.09354, -0.00057, -0.00021, 0.02165, 0.01590, -0.00071, 0.02626, 0.07518, 0.01735, 0.00103, 0.00223 
34080.0, 9.08266, 0.25626, 1.09599, 1.22134, 0.00135, 0.17114, 4.43952, 0.00059, 0.17239, 0.24917, 0.04704, 0.08133, -0.00089, -0.00021, 0.02439, 0.01809, -0.00071, 0.01384, 0.08486, 0.03544, 0.00180, 0.00120 
34140.0, 9.16218, 0.26953, 1.18379, 1.18682, 0.00058, 0.16075, 4.50232, -0.00164, 0.14030, 0.25867, 0.00653, 0.06748, -0.00089, 0.00415, 0.02155, 0.02269, -0.00071, 0.00400, 0.06089, 0.02516, 0.00051, 0.00051 
34200.0, 8.84014, 0.25915, 1.06753, 1.18583, 0.00103, 0.19925, 4.37877, -0.00164, 0.18985, 0.25426, 0.05391, 0.08343, -0.00086, -0.00021, 0.02321, 0.01099, -0.00070, 0.00702, 0.07995, 0.02589, 0.00314, 0.00134 
34260.0, 9.16052, 0.26001, 1.11248, 0.85551, 0.00106, 0.19162, 4.44622, -0.00164, 0.19794, 0.24990, 0.03206, 0.07371, -0.00090, -0.00022, 0.02211, 0.01390, -0.00070, 0.01891, 0.07231, 0.01494, 0.00377, 0.00157 
34320.0, 8.11652, 0.26276, 1.08706, 1.32558, 0.00142, 0.18696, 4.39309, -0.00164, 0.17397, 0.24692, 0.00782, 0.09550, 0.00986, -0.00022, 0.04071, 0.02056, -0.00070, 0.01634, 0.06939, 0.02481, -0.00065, -0.00038 
34380.0, 9.41927, 0.25705, 1.08216, 1.26000, 0.00130, 0.18198, 4.52270, 0.00111, 0.20268, 0.26522, 0.00474, 0.07596, 0.00372, -0.00022, 0.05245, 0.01379, -0.00070, 0.02852, 0.08847, 0.02880, 0.00385, 0.00048 
34440.0, 8.14359, 0.26635, 1.16572, 1.21669, 0.00118, 0.20272, 4.45320, -0.00163, 0.16712, 0.29001, 0.04500, 0.07100, -0.00090, -0.00022, 0.03201, 0.01144, -0.00070, 0.04101, 0.07501, 0.01849, 0.00512, 0.00161 
34500.0, 9.17853, 0.25552, 1.18411, 1.19451, 0.00062, 0.16839, 4.37648, 0.00457, 0.16007, 0.27144, 0.00495, 0.09529, -0.00090, -0.00022, 0.01984, 0.01751, -0.00069, 0.01400, 0.05724, 0.02364, 0.00210, 0.00119 
34560.0, 8.72706, 0.26726, 1.05031, 1.60950, 0.00203, 0.19180, 4.39183, -0.00163, 0.16781, 0.27191, 0.02686, 0.08534, -0.00091, 0.01164, 0.03382, 0.01440, -0.00069, 0.02197, 0.08364, 0.00947, 0.00292, 0.00034 
34620.0, 9.21035, 0.24862, 1.11898, 1.55294, 0.00080, 0.16934, 4.42004, 0.00157, 0.17663, 0.28323, -0.00252, 0.10148, -0.00091, -0.00022, 0.02017, 0.01156, -0.00069, 0.02189, 0.08345, 0.02600, 0.00544, 0.00001 
34680.0, 8.69684, 0.25497, 1.05157, 1.44326, 0.00211, 0.20074, 4.54861, -0.00162, 0.12874, 0.28944, -0.00252, 0.06151, -0.00091, -0.00022, 0.02283, 0.01276, -0.00069, 0.01326, 0.06716, 0.02955, -0.00127, 0.00390 
34740.0, 9.50327, 0.26085, 1.13706, 1.27532, 0.00093, 0.19434, 4.44015, -0.00162, 0.17288, 0.25933, 0.04040, 0.16777, -0.00091, 0.00801, 0.03591, 0.03542, -0.00069, 0.00953, 0.10471, 0.02637, -0.00126, 0.00101 
34800.0, 9.41876, 0.27852, 1.11086, 1.27516, 0.00170, 0.16767, 4.39844, -0.00162, 0.17787, 0.26465, 0.04118, 0.09762, -0.00091, 0.00403, 0.04386, 0.02295, 0.00548, 0.02166, 0.07404, 0.03356, 0.00458, 0.00110 
34860.0, 9.35518, 0.27111, 1.12161, 1.85792, -0.00089, 0.19271, 4.52771, 0.00608, 0.14807, 0.27162, 0.03576, 0.08246, -0.00091, -0.00022, 0.03923, 0.01711, -0.00068, 0.01950, 0.07644, 0.01322, 0.00575, 0.00262 
34920.0, 9.16955, 0.24341, 1.14087, 1.23685, 0.00334, 0.18210, 4.45329, -0.00161, 0.14781, 0.29627, -0.00252, 0.06979, -0.00092, -0.00022, 0.03617, 0.01266, -0.00068, 0.01639, 0.07930, 0.03104, 0.00931, -0.00054 
34980.0, 8.79585, 0.29287, 1.09466, 1.71317, -0.00050, 0.24640, 4.46350, -0.00161, 0.17997, 0.25339, -0.00252, 0.07564, -0.00092, -0.00022, 0.04124, 0.00434, 0.00503, 0.02434, 0.09074, 0.02850, -0.00126, 0.00010 
35040.0, 9.25274, 0.28389, 1.17086, 2.66043, 0.00098, 0.15665, 4.53717, 0.00553, 0.16100, 0.26614, 0.00857, 0.08229, -0.00092, -0.00022, 0.02753, 0.01624, -0.00068, 0.02438, 0.08764, 0.03115, 0.00141, -0.00028 
35100.0, 8.93527, 0.27157, 1.07296, 1.47994, -0.00089, 0.18738, 4.42905, -0.00160, 0.18724, 0.27878, 0.02993, 0.07336, -0.00092, -0.00022, 0.01882, 0.01403, -0.00067, 0.02713, 0.06081, 0.03905, 0.00430, 0.00027 
35160.0, 9.65412, 0.26199, 1.14651, 1.43796, -0.00089, 0.19850, 4.49342, -0.00160, 0.15974, 0.28242, 0.03936, 0.11182, 0.00298, 0.00135, 0.04599, 0.01562, 0.00678, 0.02997, 0.06633, 0.02811, 0.00397, 0.00150 
35220.0, 9.75205, 0.26429, 1.12729, 1.27333, 0.00010, 0.19599, 4.42460, -0.00160, 0.14348, 0.27448, -0.00252, 0.07447, -0.00092, -0.00022, 0.03540, 0.01784, 0.00236, 0.03811, 0.10041, 0.02146, 0.00245, 0.00120 
35280.0, 8.78375, 0.28182, 1.10513, 1.29619, 0.00179, 0.18367, 4.48578, 0.00379, 0.16128, 0.26914, 0.01651, 0.08949, -0.00093, -0.00022, 0.02326, 0.00756, 0.00344, 0.03012, 0.05346, 0.03265, 0.00318, 0.00130 
35340.0, 8.63431, 0.28794, 1.18743, 1.69252, 0.00136, 0.19251, 4.44070, -0.00160, 0.16148, 0.26576, 0.01394, 0.08733, -0.00093, 0.00611, 0.02651, 0.01492, -0.00067, 0.00846, 0.06893, 0.02719, 0.00085, 0.00018 
35400.0, 9.09207, 0.27135, 1.11897, 1.72784, 0.00254, 0.18807, 4.43877, 0.00005, 0.19479, 0.27449, 0.01686, 0.11039, -0.00093, 0.02110, 0.05973, 0.02821, 0.00910, 0.03069, 0.08449, 0.02192, 0.00408, 0.00048 
35460.0, 9.29583, 0.24891, 1.12611, 1.01947, 0.00181, 0.19745, 4.44932, -0.00159, 0.19490, 0.29076, 0.00909, 0.06391, -0.00093, -0.00005, 0.03428, 0.01179, 0.00248, 0.01969, 0.05702, 0.01718, 0.00295, -0.00010 
