CampaignData_and_Merges/R0/CSL_MobileLab_Parked/raw/20240717/USOS-NOy-LIF_MobileLabGround_20240717_R0.ict
39,1001
Rollins, A.; Waxman, E.; Zuraski, K.; Chace, W.
NOAA Chemical Sciences Laboratory
LIF NO/NOx/NOy on CSL Mobile Lab
AMMBEC / USOS
1, 1
2024,07,17, 2025,01,03
1
Time_Start, seconds, number_of_seconds_since_0000_UTC
7
1, 1, 1, 1, 1, 1, 1
-9999, -9999, -9999, -9999, -9999, -9999, -9999
Time_Stop, seconds, number_of_seconds_since_0000_UTC
NO_LIF, pptv, Gas_NO_InSitu_S_AVMR, volume mixing ratio of nitric oxide in air
NO2_LIF, pptv, Gas_NO2_InSitu_S_AVMR, volume mixing ratio of nitrogen dioxide in air
NOy_LIF, pptv, Gas_NOy_InSitu_S_AVMR, volume mixing ratio of total oxidized nitrogen in air
NO_LIF_1SigmaAccuracy, pptv, Gas_NO_InSitu_S_AVMR, volume mixing ratio of nitric oxide in air
NO2_LIF_1SigmaAccuracy, pptv, Gas_NO2_InSitu_S_AVMR, volume mixing ratio of nitrogen dioxide in air
NOy_LIF_1SigmaAccuracy, pptv, Gas_NOy_InSitu_S_AVMR, volume mixing ratio of total oxidized nitrogen in air
0
18
PI_CONTACT_INFO: andrew.rollins@noaa.gov
PLATFORM: CSL Mobile Lab
LOCATION: Salt Lake City, UT
ASSOCIATED_DATA:
INSTRUMENT_INFO: NO detection by laser induced fluorescence. NO2 detection by photolytic conversion to NO. NOy detection by catalytic conversion to NO on gold surface
DATA_INFO:
UNCERTAINTY: Included 1 Sigma Accuracy waves represent the combined calibration uncertainties (±6%, ±9%, ±10%) and zero uncertainties (3 ppt, 20 ppt, 100 ppt) for NO, NO2, and NOy, respectively.
ULOD_FLAG: -7777
ULOD_VALUE: N/A
LLOD_FLAG: -8888
LLOD_VALUE: N/A
DM_CONTACT_INFO: andrew.rollins@noaa.gov
PROJECT_INFO: USOS Project, July - August 2024
STIPULATIONS_ON_USE: Users are strongly encouraged to contact the PI for proper data usage.
OTHER_COMMENTS:
REVISION: R0
R0: final data
Time_Start, Time_Stop, NO_LIF, NO2_LIF, NOy_LIF, NO_LIF_1SigmaAccuracy, NO2_LIF_1SigmaAccuracy, NOy_LIF_1SigmaAccuracy
[from data line 528]
   31680,   31740,12.674,876.44,1594.7,3.7605, 98.88, 259.47
   31740,   31800,-9999,-9999,1599.1,-9999, -9999, 259.91
   31800,   31860,-9999,-9999,1595.3,-9999, -9999, 259.53
   31860,   31920,-9999,-9999,1582.4,-9999, -9999, 258.24
   31920,   31980,-9999,-9999,1592,-9999, -9999, 259.2
   31980,   32040,-9999,-9999,1585.4,-9999, -9999, 258.54
   32040,   32100,-9999,-9999,-9999,-9999, -9999, -9999
   32100,   32160,-9999,-9999,-9999,-9999, -9999, -9999
   32160,   32220,10.681,817.61,1654.6,3.6408, 93.585, 265.46
   32220,   32280,16.413,839.21,1579.4,3.9848, 95.529, 257.94
   32280,   32340,13.197,852.33,1595.2,3.7918, 96.71, 259.52
   32340,   32400,11.478,848.46,1555.3,3.6887, 96.361, 255.53
   32400,   32460,17.517,857.23,1549.5,4.051, 97.151, 254.95
   32460,   32520,13.705,863.16,1635.9,3.8223, 97.685, 263.59
   32520,   32580,16.513,849.88,1706.5,3.9908, 96.489, 270.65
   32580,   32640,15.12,857.15,1619.6,3.9072, 97.143, 261.96
   32640,   32700,10.53,850.44,1556.3,3.6318, 96.539, 255.63
   32700,   32760,10.768,834.56,1536.9,3.6461, 95.11, 253.69
   32760,   32820,12.061,827.89,1526.7,3.7237, 94.51, 252.67
   32820,   32880,14.721,842.19,1575.5,3.8833, 95.797, 257.55
   32880,   32940,12.325,830.54,1514,3.7395, 94.749, 251.4
   32940,   33000,13.518,835.79,1532.6,3.8111, 95.221, 253.26
   33000,   33060,12.725,839.6,1564.8,3.7635, 95.564, 256.48
   33060,   33120,13.164,849.7,1528.9,3.7899, 96.473, 252.89
   33120,   33180,20.888,849.99,1552.3,4.2533, 96.499, 255.23
   33180,   33240,11.348,867.4,1580,3.6809, 98.066, 258
   33240,   33300,9.9489,845.23,1542.2,3.5969, 96.071, 254.22
   33300,   33360,20.807,876.93,1583.6,4.2484, 98.924, 258.36
   33360,   33420,11.089,840.86,1555.4,3.6653, 95.678, 255.54
   33420,   33480,10.074,823.7,1518.7,3.6045, 94.133, 251.87
   33480,   33540,11.817,816.42,1585.4,3.709, 93.477, 258.54
   33540,   33600,138.9,1222.3,1934.3,11.334, 130.01, 293.43
   33600,   33660,18.991,884.45,1681.4,4.1395, 99.6, 268.14
   33660,   33720,19.254,832.97,1571.2,4.1552, 94.967, 257.12
   33720,   33780,33.003,865.48,1624.8,4.9802, 97.893, 262.48
   33780,   33840,10.169,829.14,1551.5,3.6101, 94.623, 255.15
   33840,   33900,11.549,820.68,1529.2,3.6929, 93.861, 252.92
   33900,   33960,13.538,824.4,1500,3.8123, 94.196, 250
   33960,   34020,15.054,832.96,1535.6,3.9032, 94.967, 253.56
   34020,   34080,13.026,847.48,1548.5,3.7816, 96.273, 254.85
   34080,   34140,11.394,839.37,1602.9,3.6836, 95.543, 260.29
   34140,   34200,13.626,842.14,1673.8,3.8176, 95.792, 267.38
   34200,   34260,17.562,832.39,1607.9,4.0537, 94.915, 260.79
   34260,   34320,11.101,810.88,1574.8,3.6661, 92.979, 257.48
   34320,   34380,10.134,836.54,1554.2,3.6081, 95.289, 255.42
   34380,   34440,13.803,843.9,1529.4,3.8282, 95.951, 252.94
   34440,   34500,9.9256,840.37,1583.8,3.5955, 95.633, 258.38
   34500,   34560,10.473,829.33,1591.9,3.6284, 94.64, 259.19
   34560,   34620,13.089,817.34,1532.8,3.7853, 93.56, 253.28
   34620,   34680,13.377,841.3,1584.4,3.8026, 95.717, 258.44
   34680,   34740,10.58,836.59,1536.8,3.6348, 95.293, 253.68
   34740,   34800,17.246,865.37,1642.2,4.0348, 97.883, 264.22
   34800,   34860,14.652,843.58,1550.8,3.8791, 95.922, 255.08
   34860,   34920,10.989,837.88,1565.7,3.6593, 95.409, 256.57
   34920,   34980,15.431,846.3,1566.4,3.9258, 96.167, 256.64
   34980,   35040,12.255,840.61,1565.1,3.7353, 95.655, 256.51
   35040,   35100,18.269,863.04,1572.1,4.0962, 97.673, 257.21
   35100,   35160,10.715,855.45,1554.4,3.6429, 96.991, 255.44
   35160,   35220,12.984,862.92,1588.6,3.779, 97.663, 258.86
   35220,   35280,16.248,891.19,1639.3,3.9749, 100.21, 263.93
   35280,   35340,17.238,900.81,1653.8,4.0343, 101.07, 265.38
   35340,   35400,10.259,869.53,1623.2,3.6155, 98.257, 262.32
   35400,   35460,8.6187,863.51,1607.3,3.5171, 97.716, 260.73
   35460,   35520,43.233,898.01,1677.1,5.594, 100.82, 267.71
   35520,   35580,18.521,902.1,1705.5,4.1113, 101.19, 270.55
   35580,   35640,13.89,871.78,1600.7,3.8334, 98.46, 260.07
   35640,   35700,22.356,940.97,1650.8,4.3414, 104.69, 265.08
   35700,   35760,16.617,903.94,1651.3,3.997, 101.36, 265.13
   35760,   35820,15.669,890.69,1615,3.9401, 100.16, 261.5
   35820,   35880,12.313,889.82,1653.1,3.7388, 100.08, 265.31
   35880,   35940,14.731,862.44,1602,3.8839, 97.62, 260.2
   35940,   36000,21.099,880.46,1606,4.2659, 99.241, 260.6
   36000,   36060,14.592,876.34,1603.6,3.8755, 98.871, 260.36
   36060,   36120,12.315,847.02,1641.1,3.7389, 96.232, 264.11
   36120,   36180,-9999,-9999,1683.2,-9999, -9999, 268.32
   36180,   36240,-9999,-9999,1620,-9999, -9999, 262
   36240,   36300,-9999,-9999,1586.1,-9999, -9999, 258.61
   36300,   36360,-9999,-9999,1612.8,-9999, -9999, 261.28
   36360,   36420,-9999,-9999,1552.2,-9999, -9999, 255.22
   36420,   36480,-9999,-9999,-9999,-9999, -9999, -9999
   36480,   36540,-9999,-9999,-9999,-9999, -9999, -9999
   36540,   36600,357.3,1599.8,2650.7,24.438, 163.98, 365.07
   36600,   36660,46.825,1062.4,1794.4,5.8095, 115.61, 279.44
   36660,   36720,29.06,931.28,1665.1,4.7436, 103.81, 266.51
   36720,   36780,161.12,1113.2,1955.6,12.667, 120.19, 295.56
   36780,   36840,39.049,941.82,1840.1,5.3429, 104.76, 284.01
   36840,   36900,17.5,845.87,1567.1,4.05, 96.128, 256.71
   36900,   36960,23.543,903.27,1649.5,4.4126, 101.29, 264.95
   36960,   37020,19.184,854.96,1587.8,4.1511, 96.946, 258.78
   37020,   37080,11.309,851.43,1601,3.6785, 96.629, 260.1
   37080,   37140,13.076,817.83,1568.4,3.7845, 93.605, 256.84
   37140,   37200,16.15,823.02,1601.9,3.969, 94.072, 260.19
   37200,   37260,18.277,788.67,1528,4.0966, 90.98, 252.8
   37260,   37320,29.686,830.42,1528.1,4.7812, 94.738, 252.81
   37320,   37380,42.864,837.3,1623,5.5718, 95.357, 262.3
   37380,   37440,21.786,829.44,1585.9,4.3072, 94.65, 258.59
   37440,   37500,12.449,773.52,1589.3,3.7469, 89.617, 258.93
   37500,   37560,14.389,786.99,1610.4,3.8634, 90.829, 261.04
   37560,   37620,46.297,879.36,1665.2,5.7778, 99.142, 266.52
   37620,   37680,34.542,848.63,1626.3,5.0725, 96.376, 262.63
   37680,   37740,15.033,803.01,1598.3,3.902, 92.271, 259.83
   37740,   37800,15.282,761.44,1466.2,3.9169, 88.529, 246.62
   37800,   37860,15.061,759.26,1418.8,3.9037, 88.333, 241.88
   37860,   37920,18.467,778.57,1529.6,4.108, 90.072, 252.96
   37920,   37980,11.769,749.59,1445.4,3.7061, 87.463, 244.54
   37980,   38040,16.181,747.46,1388.4,3.9709, 87.272, 238.84
   38040,   38100,16.913,762.33,1439.1,4.0148, 88.609, 243.91
   38100,   38160,22.086,777.53,1464,4.3252, 89.977, 246.4
   38160,   38220,13.375,754.08,1433.1,3.8025, 87.867, 243.31
   38220,   38280,13.598,749.37,1428.7,3.8159, 87.443, 242.87
   38280,   38340,13.444,756.58,1435.3,3.8066, 88.093, 243.53
   38340,   38400,16.329,803.45,1465.4,3.9797, 92.311, 246.54
   38400,   38460,13.335,756.45,1594,3.8001, 88.08, 259.4
   38460,   38520,9.862,705.24,1400.5,3.5917, 83.471, 240.05
   38520,   38580,15.861,728.52,1397.7,3.9516, 85.567, 239.77
   38580,   38640,91.545,925.08,1641.9,8.4927, 103.26, 264.19
   38640,   38700,28.715,888.77,1505.8,4.7229, 99.989, 250.58
   38700,   38760,21.894,866.62,1852.5,4.3136, 97.996, 285.25
   38760,   38820,279.95,1518.9,2214.2,19.797, 156.7, 321.42
   38820,   38880,64.838,1093.8,2048.9,6.8903, 118.44, 304.89
   38880,   38940,18.166,791.2,1522.2,4.09, 91.208, 252.22
   38940,   39000,12.152,751.44,1496.4,3.7291, 87.63, 249.64
   39000,   39060,11.988,774.79,1461.9,3.7193, 89.731, 246.19
   39060,   39120,22.07,802.82,1530.2,4.3242, 92.254, 253.02
   39120,   39180,19.189,846.03,1613.3,4.1513, 96.143, 261.33
   39180,   39240,12.302,791.67,1589,3.7381, 91.25, 258.9
   39240,   39300,23.886,870.12,1809.1,4.4332, 98.311, 280.91
   39300,   39360,14.662,915.85,1702.7,3.8797, 102.43, 270.27
   39360,   39420,8.9056,761.58,1505.6,3.5343, 88.542, 250.56
   39420,   39480,16.913,775.83,1449.7,4.0148, 89.825, 244.97
   39480,   39540,9.9045,753.7,1508.2,3.5943, 87.833, 250.82
   39540,   39600,14.775,748.88,1516.9,3.8865, 87.399, 251.69
   39600,   39660,11.896,737.22,1508.5,3.7137, 86.35, 250.85
   39660,   39720,11.871,726.07,1454.8,3.7122, 85.346, 245.48
   39720,   39780,30.082,822.03,1489.3,4.8049, 93.983, 248.93
   39780,   39840,28.25,803.73,1555.8,4.695, 92.335, 255.58
   39840,   39900,11.191,767.77,1577.8,3.6715, 89.099, 257.78
   39900,   39960,103.08,1033.6,1817.8,9.1847, 113.03, 281.78
   39960,   40020,244.52,1965.8,3182,17.671, 196.93, 418.2
   40020,   40080,261.82,2231.7,4163.9,18.709, 220.85, 516.39
   40080,   40140,35.674,1307.8,2681.9,5.1405, 137.7, 368.19
   40140,   40200,14.431,1011.4,1957.4,3.8659, 111.02, 295.74
   40200,   40260,10.15,792.35,1546,3.609, 91.311, 254.6
   40260,   40320,15.51,780.17,1470.2,3.9306, 90.215, 247.02
   40320,   40380,64.656,949.48,1853.5,6.8793, 105.45, 285.35
   40380,   40440,40.257,997.84,1788.5,5.4154, 109.81, 278.85
   40440,   40500,15.25,862.78,1546.9,3.915, 97.65, 254.69
   40500,   40560,-9999,-9999,1628.8,-9999, -9999, 262.88
   40560,   40620,-9999,-9999,1510.8,-9999, -9999, 251.08
   40620,   40680,-9999,-9999,1476.4,-9999, -9999, 247.64
   40680,   40740,-9999,-9999,1411.9,-9999, -9999, 241.19
   40740,   40800,-9999,-9999,1436.4,-9999, -9999, 243.64
   40800,   40860,-9999,-9999,-9999,-9999, -9999, -9999
   40860,   40920,-9999,-9999,-9999,-9999, -9999, -9999
   40920,   40980,11.894,772.58,1444.7,3.7136, 89.532, 244.47
   40980,   41040,58.979,861.02,1516.1,6.5388, 97.492, 251.61
   41040,   41100,25.322,819.03,1539.6,4.5193, 93.712, 253.96
   41100,   41160,33.804,814.93,1511.7,5.0282, 93.344, 251.17
   41160,   41220,13.345,748.03,1437.8,3.8007, 87.322, 243.78
   41220,   41280,12.16,753.95,1443.1,3.7296, 87.855, 244.31
   41280,   41340,10.436,747.63,1419.8,3.6262, 87.287, 241.98
   41340,   41400,26.094,747.01,1414.9,4.5657, 87.231, 241.49
   41400,   41460,403.62,1444.2,2434.9,27.217, 149.98, 343.49
   41460,   41520,27.027,808.37,1578.1,4.6216, 92.753, 257.81
   41520,   41580,36.962,867.02,1604.6,5.2177, 98.032, 260.46
   41580,   41640,13.267,848.87,1531.4,3.796, 96.398, 253.14
   41640,   41700,11.517,807.73,1509.8,3.691, 92.695, 250.98
   41700,   41760,34.729,933.94,1595.2,5.0838, 104.05, 259.52
   41760,   41820,16.798,828.23,1524.2,4.0079, 94.541, 252.42
   41820,   41880,24.206,829.59,1543.2,4.4524, 94.663, 254.32
   41880,   41940,54.024,878.02,1619.5,6.2414, 99.021, 261.95
   41940,   42000,78.709,861.65,1565.8,7.7225, 97.548, 256.58
   42000,   42060,182.33,1433.5,2544.4,13.94, 149.01, 354.44
   42060,   42120,149.88,1216.9,2022.1,11.993, 129.52, 302.21
   42120,   42180,367.35,2473.5,3072.5,25.041, 242.62, 407.25
   42180,   42240,394.39,2861.6,4052.3,26.663, 277.54, 505.23
   42240,   42300,225.98,2011.3,3586.3,16.559, 201.02, 458.63
   42300,   42360,280.23,1854.8,3108.9,19.814, 186.93, 410.89
   42360,   42420,33.313,1017.7,2154.5,4.9988, 111.59, 315.45
   42420,   42480,55.236,982.45,1759.3,6.3142, 108.42, 275.93
   42480,   42540,92.043,1107.8,1995.4,8.5226, 119.71, 299.54
   42540,   42600,235.4,1688.3,2640.5,17.124, 171.94, 364.05
   42600,   42660,89.809,1898.2,2856.8,8.3885, 190.84, 385.68
   42660,   42720,96.216,1420.2,2427.4,8.7729, 147.82, 342.74
   42720,   42780,20.933,938.82,1689.6,4.256, 104.49, 268.96
   42780,   42840,23.06,808.97,1490.5,4.3836, 92.807, 249.05
   42840,   42900,37.831,923.26,1676.6,5.2699, 103.09, 267.66
   42900,   42960,19.319,971.63,1711.9,4.1592, 107.45, 271.19
   42960,   43020,82.461,1371.5,2169,7.9476, 143.44, 316.9
   43020,   43080,29.609,1115,1980.3,4.7765, 120.35, 298.03
   43080,   43140,114.29,1218.5,2189.7,9.8575, 129.66, 318.97
   43140,   43200,288.17,1841.9,2844,20.29, 185.77, 384.4
   43200,   43260,107.62,1381.8,2355.3,9.4569, 144.36, 335.53
   43260,   43320,145.53,1623.5,2490.5,11.732, 166.11, 349.05
   43320,   43380,18.226,921.89,1796.9,4.0936, 102.97, 279.69
   43380,   43440,12.228,850.08,1537.9,3.7337, 96.507, 253.79
   43440,   43500,38.312,894.46,1638.7,5.2987, 100.5, 263.87
   43500,   43560,68.293,1002.8,1831.2,7.0976, 110.25, 283.12
   43560,   43620,28.118,895.6,1703.8,4.6871, 100.6, 270.38
   43620,   43680,173.31,1154.2,2042.9,13.399, 123.87, 304.29
   43680,   43740,38.343,964.34,1750.1,5.3006, 106.79, 275.01
   43740,   43800,31.591,1009.3,1790,4.8955, 110.84, 279
   43800,   43860,187.99,1371,1904.2,14.279, 143.39, 290.42
   43860,   43920,128.88,1143.5,2079.4,10.733, 122.92, 307.94
   43920,   43980,239.24,1282,2362.7,17.355, 135.38, 336.27
   43980,   44040,68.674,1128.1,1879.3,7.1205, 121.53, 287.93
   44040,   44100,159.92,1204.3,2121.7,12.595, 128.38, 312.17
   44100,   44160,71.689,949.95,1761.9,7.3014, 105.5, 276.19
   44160,   44220,248.16,1543.1,2509.4,17.889, 158.88, 350.94
   44220,   44280,57.686,1158.2,1983.7,6.4612, 124.23, 298.37
   44280,   44340,94.076,1103.9,1803.7,8.6446, 119.35, 280.37
   44340,   44400,44.538,973.95,1896.9,5.6723, 107.66, 289.69
   44400,   44460,22.568,891.43,1582.7,4.3541, 100.23, 258.27
   44460,   44520,734.55,1693.6,2776.9,47.073, 172.42, 377.69
   44520,   44580,643.55,2972.4,5106.8,41.613, 287.51, 610.68
   44580,   44640,151.89,1077.9,2235.7,12.113, 117.01, 323.57
   44640,   44700,146.17,1118.5,1805.1,11.77, 120.67, 280.51
   44700,   44760,334.63,1980.1,2843,23.078, 198.21, 384.3
   44760,   44820,42.68,1005.9,1947.7,5.5608, 110.53, 294.77
   44820,   44880,20.578,780.8,1556.2,4.2347, 90.272, 255.62
   44880,   44940,-9999,-9999,1801,-9999, -9999, 280.1
   44940,   45000,-9999,-9999,2167.4,-9999, -9999, 316.74
   45000,   45060,-9999,-9999,4082,-9999, -9999, 508.2
   45060,   45120,-9999,-9999,4772,-9999, -9999, 577.2
   45120,   45180,-9999,-9999,3044,-9999, -9999, 404.4
   45180,   45240,-9999,-9999,-9999,-9999, -9999, -9999
   45240,   45300,-9999,-9999,-9999,-9999, -9999, -9999
   45300,   45360,65.316,1096.1,2024.1,6.9189, 118.65, 302.41
   45360,   45420,164.06,1346.5,2091.1,12.844, 141.19, 309.11
   45420,   45480,115.37,1430.3,2587.4,9.922, 148.73, 358.74
   45480,   45540,74.788,1166.8,2115.5,7.4873, 125.02, 311.55
   45540,   45600,60.881,1103.8,2040.6,6.6528, 119.34, 304.06
   45600,   45660,1021.8,2985.5,3587.6,64.305, 288.69, 458.76
   45660,   45720,381.02,2163.9,5003.2,25.861, 214.75, 600.32
   45720,   45780,113.37,1116.1,2040.4,9.8019, 120.45, 304.04
   45780,   45840,71.536,1083,2008.4,7.2922, 117.47, 300.84
   45840,   45900,78.426,1188,1955.4,7.7056, 126.92, 295.54
   45900,   45960,423.25,2559.5,3450.1,28.395, 250.36, 445.01
   45960,   46020,494.78,3035.3,4662.1,32.687, 293.18, 566.21
   46020,   46080,182.38,1802.6,3513.3,13.943, 182.23, 451.33
   46080,   46140,290.89,1876.3,2786.9,20.454, 188.86, 378.69
   46140,   46200,139.99,1696.6,2719,11.4, 172.7, 371.9
   46200,   46260,142.74,1395.5,2296.8,11.564, 145.59, 329.68
   46260,   46320,242.77,1854.6,2969.3,17.566, 186.91, 396.93
   46320,   46380,77.48,1240,2107.2,7.6488, 131.6, 310.72
   46380,   46440,316.48,1387.9,2092.8,21.989, 144.91, 309.28
   46440,   46500,1020.9,3128,4939.1,64.251, 301.52, 593.91
   46500,   46560,334.63,2379.9,4126.2,23.078, 234.19, 512.62
   46560,   46620,112.12,1558.3,2727.6,9.727, 160.25, 372.76
   46620,   46680,169.78,1425.9,2261.7,13.187, 148.33, 326.17
   46680,   46740,196.56,1643,2597,14.794, 167.87, 359.7
   46740,   46800,201.93,1652.3,2779.6,15.116, 168.7, 377.96
   46800,   46860,198.64,1675.8,2587.4,14.918, 170.82, 358.74
   46860,   46920,1482.7,3423.6,5001.1,91.962, 328.13, 600.11
   46920,   46980,553.85,3021.4,4532.4,36.231, 291.93, 553.24
   46980,   47040,114.75,1293.8,2424.4,9.8848, 136.44, 342.44
   47040,   47100,164.66,1314.6,1917.3,12.88, 138.31, 291.73
   47100,   47160,149.84,1421.4,2613.6,11.991, 147.93, 361.36
   47160,   47220,143.43,1179.7,1953.6,11.606, 126.17, 295.36
   47220,   47280,304.62,1734.2,2589.7,21.277, 176.07, 358.97
   47280,   47340,163.93,1360.4,2189,12.836, 142.44, 318.9
   47340,   47400,157.63,1394.4,2491.5,12.458, 145.49, 349.15
   47400,   47460,78.58,1326.5,2323.4,7.7148, 139.38, 332.34
