CampaignData_and_Merges/R0/CSL_MobileLab_Parked/raw/20240717/USOS-NOy-LIF_MobileLabGround_20240717_R0.ict
39,1001
Rollins, A.; Waxman, E.; Zuraski, K.; Chace, W.
NOAA Chemical Sciences Laboratory
LIF NO/NOx/NOy on CSL Mobile Lab
AMMBEC / USOS
1, 1
2024,07,17, 2025,01,03
1
Time_Start, seconds, number_of_seconds_since_0000_UTC
7
1, 1, 1, 1, 1, 1, 1
-9999, -9999, -9999, -9999, -9999, -9999, -9999
Time_Stop, seconds, number_of_seconds_since_0000_UTC
NO_LIF, pptv, Gas_NO_InSitu_S_AVMR, volume mixing ratio of nitric oxide in air
NO2_LIF, pptv, Gas_NO2_InSitu_S_AVMR, volume mixing ratio of nitrogen dioxide in air
NOy_LIF, pptv, Gas_NOy_InSitu_S_AVMR, volume mixing ratio of total oxidized nitrogen in air
NO_LIF_1SigmaAccuracy, pptv, Gas_NO_InSitu_S_AVMR, volume mixing ratio of nitric oxide in air
NO2_LIF_1SigmaAccuracy, pptv, Gas_NO2_InSitu_S_AVMR, volume mixing ratio of nitrogen dioxide in air
NOy_LIF_1SigmaAccuracy, pptv, Gas_NOy_InSitu_S_AVMR, volume mixing ratio of total oxidized nitrogen in air
0
18
PI_CONTACT_INFO: andrew.rollins@noaa.gov
PLATFORM: CSL Mobile Lab
LOCATION: Salt Lake City, UT
ASSOCIATED_DATA:
INSTRUMENT_INFO: NO detection by laser induced fluorescence. NO2 detection by photolytic conversion to NO. NOy detection by catalytic conversion to NO on gold surface
DATA_INFO:
UNCERTAINTY: Included 1 Sigma Accuracy waves represent the combined calibration uncertainties (±6%, ±9%, ±10%) and zero uncertainties (3 ppt, 20 ppt, 100 ppt) for NO, NO2, and NOy, respectively.
ULOD_FLAG: -7777
ULOD_VALUE: N/A
LLOD_FLAG: -8888
LLOD_VALUE: N/A
DM_CONTACT_INFO: andrew.rollins@noaa.gov
PROJECT_INFO: USOS Project, July - August 2024
STIPULATIONS_ON_USE: Users are strongly encouraged to contact the PI for proper data usage.
OTHER_COMMENTS:
REVISION: R0
R0: final data
Time_Start, Time_Stop, NO_LIF, NO2_LIF, NOy_LIF, NO_LIF_1SigmaAccuracy, NO2_LIF_1SigmaAccuracy, NOy_LIF_1SigmaAccuracy
[from data line 792]
   47520,   47580,245.04,1879.6,2791.1,17.703, 189.16, 379.11
   47580,   47640,289.37,2313.1,3765,20.362, 228.18, 476.5
   47640,   47700,155.64,1903.5,3588.2,12.338, 191.31, 458.82
   47700,   47760,110.87,1621,2869.6,9.6523, 165.89, 386.96
   47760,   47820,127.75,1740.1,2669.6,10.665, 176.61, 366.96
   47820,   47880,144.16,1869.4,2987.7,11.65, 188.24, 398.77
   47880,   47940,194.48,1642.5,2503.2,14.669, 167.83, 350.32
   47940,   48000,446.12,2552.6,3686.9,29.767, 249.73, 468.69
   48000,   48060,224.89,2212.6,3547.9,16.494, 219.13, 454.79
   48060,   48120,142.9,1799,2912.5,11.574, 181.91, 391.25
   48120,   48180,154.88,1498.4,2819,12.293, 154.85, 381.9
   48180,   48240,135.45,1409.9,2545.4,11.127, 146.89, 354.54
   48240,   48300,106.38,1309.2,2359.5,9.3829, 137.83, 335.95
   48300,   48360,390.8,2034,2594,26.448, 203.06, 359.4
   48360,   48420,720.8,2988.2,4973.7,46.248, 288.94, 597.37
   48420,   48480,527.51,3022.2,4752.1,34.651, 292, 575.21
   48480,   48540,423.72,2963.1,4446.4,28.423, 286.68, 544.64
   48540,   48600,217.45,2038.6,3360.4,16.047, 203.47, 436.04
   48600,   48660,158.92,1694,2815.4,12.535, 172.46, 381.54
   48660,   48720,355.17,1923.7,3009.5,24.31, 193.14, 400.95
   48720,   48780,370.79,1975.2,3312.6,25.247, 197.76, 431.26
   48780,   48840,329.4,2438.9,3695.1,22.764, 239.5, 469.51
   48840,   48900,127.26,1442.8,2643.8,10.635, 149.86, 364.38
   48900,   48960,441.71,1991.8,2947.6,29.503, 199.26, 394.76
   48960,   49020,329.33,1837.8,3215.2,22.76, 185.4, 421.52
   49020,   49080,244.16,1530.9,2667.4,17.649, 157.78, 366.74
   49080,   49140,181.51,1315.1,2149,13.891, 138.36, 314.9
   49140,   49200,233.3,1672.2,2900.6,16.998, 170.5, 390.06
   49200,   49260,-9999,-9999,2732.1,-9999, -9999, 373.21
   49260,   49320,-9999,-9999,5464.7,-9999, -9999, 646.47
   49320,   49380,-9999,-9999,5421.3,-9999, -9999, 642.13
   49380,   49440,-9999,-9999,5656.3,-9999, -9999, 665.63
   49440,   49500,-9999,-9999,4409,-9999, -9999, 540.9
   49500,   49560,-9999,-9999,7133.2,-9999, -9999, 813.32
   49560,   49620,-9999,-9999,-9999,-9999, -9999, -9999
   49620,   49680,-9999,-9999,-9999,-9999, -9999, -9999
   49680,   49740,225.4,1573.9,2884.4,16.524, 161.65, 388.44
   49740,   49800,323.56,1826.6,2906.2,22.413, 184.39, 390.62
   49800,   49860,269.14,1651.4,2802.3,19.149, 168.63, 380.23
   49860,   49920,605.77,2689.9,4155.7,39.346, 262.09, 515.57
   49920,   49980,525.34,2484,4989.6,34.521, 243.56, 598.96
   49980,   50040,460.87,2489.5,3543.7,30.652, 244.05, 454.37
   50040,   50100,461.2,2310.9,3988.3,30.672, 227.99, 498.83
   50100,   50160,414.59,2053.8,3743.9,27.875, 204.84, 474.39
   50160,   50220,1179.7,2577.2,3623,73.78, 251.95, 462.3
   50220,   50280,2767.1,6594.6,13688,169.02, 613.52, 1468.8
   50280,   50340,1746.7,6742.1,12315,107.8, 626.79, 1331.5
   50340,   50400,1119.4,3079.2,6376.8,70.167, 297.13, 737.68
   50400,   50460,402.61,2204.6,3407.1,27.156, 218.42, 440.71
   50460,   50520,442.47,2273.7,3730.5,29.548, 224.63, 473.05
   50520,   50580,503.14,2453.1,3557.4,33.189, 240.78, 455.74
   50580,   50640,1060.9,3018,4844.8,66.654, 291.62, 584.48
   50640,   50700,484.63,1825.6,3424.3,32.078, 184.3, 442.43
   50700,   50760,288.31,1524,3108.5,20.298, 157.16, 410.85
   50760,   50820,513.53,2022.5,3031.4,33.812, 202.02, 403.14
   50820,   50880,473.74,2170.4,3980.9,31.424, 215.34, 498.09
   50880,   50940,942.28,2464,4400.6,59.537, 241.76, 540.06
   50940,   51000,1150.7,3398.6,5179.2,72.045, 325.87, 617.92
   51000,   51060,1305.9,3058.6,5271.8,81.354, 295.27, 627.18
   51060,   51120,2199.1,5204.7,8705,134.95, 488.42, 970.5
   51120,   51180,419.78,2157.8,3881,28.187, 214.2, 488.1
   51180,   51240,909.48,3367.3,5228,57.569, 323.05, 622.8
   51240,   51300,756.69,2683.5,4758.4,48.401, 261.51, 575.84
   51300,   51360,1028.4,2677.3,5477.2,64.707, 260.96, 647.72
   51360,   51420,357.51,1827.5,3426.1,24.451, 184.47, 442.61
   51420,   51480,514.6,2021.6,3527.2,33.876, 201.95, 452.72
   51480,   51540,3388.8,3542.5,26749,206.33, 338.83, 2774.9
   51540,   51600,647.74,2245.1,4242.1,41.864, 222.06, 524.21
   51600,   51660,372.75,1761.9,3646.3,25.365, 178.57, 464.63
   51660,   51720,664.94,1923.2,3533.3,42.896, 193.09, 453.33
   51720,   51780,1232.6,2507.7,4917.3,76.955, 245.69, 591.73
   51780,   51840,609.91,2113.8,4580.5,39.594, 210.24, 558.05
   51840,   51900,454.46,1605,2948.9,30.268, 164.45, 394.89
   51900,   51960,969.17,2741,5074.9,61.15, 266.69, 607.49
   51960,   52020,328.8,1709.5,3302.9,22.728, 173.86, 430.29
   52020,   52080,294.55,1427.2,2743.3,20.673, 148.45, 374.33
   52080,   52140,285.75,1258.7,2313.8,20.145, 133.28, 331.38
   52140,   52200,588.69,1745.2,3442.9,38.322, 177.07, 444.29
   52200,   52260,297.68,1448.5,2704.4,20.861, 150.37, 370.44
   52260,   52320,515.63,1792.8,3132.6,33.938, 181.35, 413.26
   52320,   52380,242.74,1446.8,2596.6,17.565, 150.21, 359.66
   52380,   52440,367.03,1606,2891.4,25.022, 164.54, 389.14
   52440,   52500,299.02,1253.6,2666.7,20.941, 132.82, 366.67
   52500,   52560,395.13,1525.5,2670.2,26.708, 157.29, 367.02
   52560,   52620,394.73,1543.3,3445.8,26.684, 158.9, 444.58
   52620,   52680,572.15,1923.1,3471,37.329, 193.08, 447.1
   52680,   52740,231.47,1117.9,2250.3,16.888, 120.61, 325.03
   52740,   52800,545.28,2005,3346.1,35.717, 200.45, 434.61
   52800,   52860,270.35,1432.3,2837.9,19.221, 148.9, 383.79
   52860,   52920,457.43,1590.4,2765.7,30.446, 163.13, 376.57
   52920,   52980,265.95,1253.6,2499.7,18.957, 132.83, 349.97
   52980,   53040,359.3,1591.1,3000.6,24.558, 163.2, 400.06
   53040,   53100,346.48,1729.1,2970.1,23.789, 175.62, 397.01
   53100,   53160,344.76,1493.2,2823.7,23.686, 154.39, 382.37
   53160,   53220,410.85,1412.5,3013.7,27.651, 147.12, 401.37
   53220,   53280,714.35,2183,3813.6,45.861, 216.47, 481.36
   53280,   53340,483.42,2051.6,3688.6,32.005, 204.64, 468.86
   53340,   53400,747.89,2472.2,5034.5,47.873, 242.5, 603.45
   53400,   53460,644.07,2241,3683.3,41.644, 221.69, 468.33
   53460,   53520,1340.7,3195.9,6025.1,83.443, 307.63, 702.51
   53520,   53580,435.96,1861.2,4840.8,29.158, 187.51, 584.08
   53580,   53640,-9999,-9999,4105.3,-9999, -9999, 510.53
   53640,   53700,-9999,-9999,5226.8,-9999, -9999, 622.68
   53700,   53760,-9999,-9999,3789.5,-9999, -9999, 478.95
   53760,   53820,-9999,-9999,3992.2,-9999, -9999, 499.22
   53820,   53880,-9999,-9999,4062.6,-9999, -9999, 506.26
   53880,   53940,-9999,-9999,-9999,-9999, -9999, -9999
   53940,   54000,-9999,-9999,-9999,-9999, -9999, -9999
   54000,   54060,335.3,1683.3,3425.4,23.118, 171.5, 442.54
   54060,   54120,559.64,2223.5,3702.4,36.579, 220.11, 470.24
   54120,   54180,563.7,2072.4,3953.7,36.822, 206.52, 495.37
   54180,   54240,446.19,1828.2,3867.7,29.772, 184.53, 486.77
   54240,   54300,1167.7,2597.4,4854.9,73.061, 253.76, 585.49
   54300,   54360,1646.6,3692.8,7915.2,101.8, 352.35, 891.52
   54360,   54420,928.68,3194.8,5464.1,58.721, 307.54, 646.41
   54420,   54480,510.23,1623.1,3293.7,33.614, 166.08, 429.37
   54480,   54540,268.79,1017.6,2584.4,19.127, 111.58, 358.44
   54540,   54600,765.41,1981.7,3847.4,48.925, 198.36, 484.74
   54600,   54660,330.56,1260.6,2741.7,22.834, 133.45, 374.17
   54660,   54720,298.24,1029.4,2156.3,20.894, 112.64, 315.63
   54720,   54780,225,935.15,2018.1,16.5, 104.16, 301.81
   54780,   54840,180.57,915.88,2032,13.834, 102.43, 303.2
   54840,   54900,257.69,1055.1,2188.5,18.461, 114.96, 318.85
   54900,   54960,258.47,1096.6,2204,18.508, 118.7, 320.4
   54960,   55020,339.54,1423.9,2556.8,23.372, 148.15, 355.68
   55020,   55080,439.51,1833.8,3378.6,29.37, 185.05, 437.86
   55080,   55140,552.89,1766.2,3192.3,36.173, 178.96, 419.23
   55140,   55200,399.87,1528.9,3344.6,26.992, 157.6, 434.46
   55200,   55260,475.18,1581.7,3084.4,31.511, 162.35, 408.44
   55260,   55320,528.27,1593.2,2707.3,34.696, 163.38, 370.73
   55320,   55380,502.15,1756.9,3530.6,33.129, 178.12, 453.06
   55380,   55440,1707.6,3057,6181.3,105.46, 295.13, 718.13
   55440,   55500,619.87,2449.2,4852.2,40.192, 240.43, 585.22
   55500,   55560,311.1,1593.1,3039,21.666, 163.38, 403.9
   55560,   55620,-9999,-9999,-9999,-9999, -9999, -9999
   55620,   55680,-9999,-9999,-9999,-9999, -9999, -9999
   55680,   55740,-9999,-9999,-9999,-9999, -9999, -9999
   55740,   55800,-9999,-9999,-9999,-9999, -9999, -9999
   55800,   55860,-9999,-9999,-9999,-9999, -9999, -9999
   55860,   55920,-9999,-9999,-9999,-9999, -9999, -9999
   55920,   55980,-9999,-9999,-9999,-9999, -9999, -9999
   55980,   56040,350.31,1599.3,3180.2,24.019, 163.94, 418.02
   56040,   56100,489.01,1949.6,3117.9,32.34, 195.47, 411.79
   56100,   56160,473.48,2139,3741.2,31.409, 212.51, 474.12
   56160,   56220,1307.1,3215.6,5950.6,81.428, 309.4, 695.06
   56220,   56280,454.21,1856.3,3989.2,30.253, 187.06, 498.92
   56280,   56340,432.62,1475.9,3193,28.957, 152.83, 419.3
   56340,   56400,610.87,1640.9,2699.5,39.652, 167.68, 369.95
   56400,   56460,1139.5,2578,4481.7,71.373, 252.02, 548.17
   56460,   56520,392.35,1531.9,2972.8,26.541, 157.87, 397.28
   56520,   56580,258.11,1133.7,2402.2,18.486, 122.03, 340.22
   56580,   56640,388.09,1653.4,2934.8,26.285, 168.8, 393.48
   56640,   56700,266.39,1101.9,2446.1,18.983, 119.17, 344.61
   56700,   56760,525.03,1609.2,2825.8,34.502, 164.83, 382.58
   56760,   56820,234.49,1073.9,2449.5,17.069, 116.65, 344.95
   56820,   56880,288.4,1129.8,2391.2,20.304, 121.68, 339.12
   56880,   56940,260.18,992.98,2215.5,18.611, 109.37, 321.55
   56940,   57000,287.44,1207.3,2364.4,20.246, 128.66, 336.44
   57000,   57060,239.01,1076.2,2494.3,17.341, 116.86, 349.43
   57060,   57120,356.63,1428.9,2613.5,24.398, 148.61, 361.35
   57120,   57180,298.16,1292.6,2765.6,20.889, 136.34, 376.56
   57180,   57240,263.58,1278.5,2597.6,18.815, 135.06, 359.76
   57240,   57300,852.03,2216.7,3317.1,54.122, 219.5, 431.71
   57300,   57360,236.49,1093,2568.4,17.189, 118.37, 356.84
   57360,   57420,262.38,1120.1,2425.7,18.743, 120.81, 342.57
   57420,   57480,314.43,1325,2821.2,21.866, 139.25, 382.12
   57480,   57540,240.25,1193.1,2646.3,17.415, 127.38, 364.63
   57540,   57600,382.29,1293.7,3008.8,25.937, 136.43, 400.88
   57600,   57660,207.27,904.46,2267.2,15.436, 101.4, 326.72
   57660,   57720,373.94,1183.6,2652.4,25.436, 126.52, 365.24
   57720,   57780,195.89,876.63,2041.2,14.753, 98.896, 304.12
   57780,   57840,475.73,1537.8,3703.8,31.544, 158.4, 470.38
   57840,   57900,338.9,1371.4,3009.8,23.334, 143.42, 400.98
   57900,   57960,288.07,1175,2698.1,20.284, 125.75, 369.81
   57960,   58020,291.81,1163.3,2671,20.509, 124.7, 367.1
   58020,   58080,584.64,2048.5,3865.6,38.078, 204.36, 486.56
   58080,   58140,297.8,1429.6,2862.1,20.868, 148.66, 386.21
   58140,   58200,480.82,1982.6,3464.6,31.849, 198.43, 446.46
   58200,   58260,540.29,2247.8,3987,35.417, 222.3, 498.7
   58260,   58320,436.31,1600.9,3649.1,29.179, 164.08, 464.91
   58320,   58380,367.55,1381.9,3150.4,25.053, 144.37, 415.04
   58380,   58440,256.58,1138,2469.8,18.395, 122.42, 346.98
   58440,   58500,465.44,1626.9,3143.4,30.927, 166.42, 414.34
   58500,   58560,217.5,999.27,2369.8,16.05, 109.93, 336.98
   58560,   58620,203.58,975.21,2241,15.215, 107.77, 324.1
   58620,   58680,230.37,1116.2,2370.1,16.822, 120.46, 337.01
   58680,   58740,301.11,1354.1,2625.7,21.067, 141.87, 362.57
   58740,   58800,254.75,1169.9,2545.6,18.285, 125.29, 354.56
   58800,   58860,287.44,1433.1,2924.7,20.246, 148.98, 392.47
   58860,   58920,285.26,1253.2,2814.3,20.116, 132.79, 381.43
   58920,   58980,390.08,1608.3,3034.6,26.405, 164.75, 403.46
   58980,   59040,395.9,1498.4,3161.8,26.754, 154.85, 416.18
   59040,   59100,348.63,1496,3052.9,23.918, 154.64, 405.29
   59100,   59160,346.37,1410.9,2866.5,23.782, 146.98, 386.65
   59160,   59220,441.81,1393.6,2806.4,29.508, 145.42, 380.64
   59220,   59280,439.23,1499.7,3262.2,29.354, 154.97, 426.22
   59280,   59340,773.45,2037.9,3611.4,49.407, 203.41, 461.14
   59340,   59400,332.42,1304.8,3102.4,22.945, 137.43, 410.24
   59400,   59460,744.03,2022.5,4081.9,47.642, 202.02, 508.19
   59460,   59520,705.77,1946,3194.9,45.346, 195.14, 419.49
   59520,   59580,336.95,1334.3,3333.1,23.217, 140.09, 433.31
   59580,   59640,366.84,1256.4,2584.3,25.011, 133.08, 358.43
   59640,   59700,518.35,1841.9,3539.4,34.101, 185.77, 453.94
   59700,   59760,1059.8,1851.4,2734.9,66.587, 186.62, 373.49
   59760,   59820,1578.9,3443.9,5775.3,97.735, 329.95, 677.53
   59820,   59880,267.13,1187.9,2596.7,19.028, 126.91, 359.67
   59880,   59940,282.27,1313,2530.6,19.936, 138.17, 353.06
   59940,   60000,-9999,-9999,-9999,-9999, -9999, -9999
   60000,   60060,-9999,-9999,-9999,-9999, -9999, -9999
   60060,   60120,-9999,-9999,-9999,-9999, -9999, -9999
   60120,   60180,-9999,-9999,-9999,-9999, -9999, -9999
   60180,   60240,-9999,-9999,-9999,-9999, -9999, -9999
   60240,   60300,-9999,-9999,-9999,-9999, -9999, -9999
   60300,   60360,-9999,-9999,-9999,-9999, -9999, -9999
   60360,   60420,157.43,816.49,2172.3,12.446, 93.484, 317.23
   60420,   60480,222.79,1070.7,2316.6,16.367, 116.37, 331.66
   60480,   60540,291.45,1387.8,2766.4,20.487, 144.9, 376.64
   60540,   60600,219.07,1058.2,2424.1,16.144, 115.24, 342.41
   60600,   60660,265.21,1443.4,2886.3,18.913, 149.91, 388.63
   60660,   60720,211.98,1161.3,2650.2,15.719, 124.52, 365.02
   60720,   60780,657,2176.4,4065,42.42, 215.88, 506.5
   60780,   60840,381.47,1389.1,2616.5,25.888, 145.02, 361.65
   60840,   60900,281.26,1258.9,2678.4,19.876, 133.3, 367.84
   60900,   60960,527.07,1635.4,3274.2,34.624, 167.19, 427.42
   60960,   61020,433.69,1451.4,3140.2,29.021, 150.63, 414.02
   61020,   61080,486.86,1739.5,3515.4,32.212, 176.56, 451.54
   61080,   61140,376.16,1494.1,2959,25.57, 154.47, 395.9
   61140,   61200,1985.3,4971.2,6988.5,122.12, 467.41, 798.85
   61200,   61260,298.38,1238.6,2904.3,20.903, 131.47, 390.43
   61260,   61320,424.95,1741.6,3348.5,28.497, 176.74, 434.85
   61320,   61380,625.71,1981.4,3687,40.542, 198.33, 468.7
   61380,   61440,280.65,1182.6,2675.4,19.839, 126.43, 367.54
   61440,   61500,365.32,1397.3,2940.3,24.919, 145.76, 394.03
   61500,   61560,497.73,1870.1,3069.8,32.864, 188.31, 406.98
   61560,   61620,141.65,674.15,1902.5,11.499, 80.673, 290.25
   61620,   61680,117.83,628.14,1792,10.07, 76.532, 279.2
   61680,   61740,600.63,2231.8,3763.3,39.038, 220.86, 476.33
   61740,   61800,528.2,1800.1,3724.4,34.692, 182.01, 472.44
   61800,   61860,298.21,1282.7,2383.1,20.893, 135.45, 338.31
   61860,   61920,371.92,1430.6,2994.6,25.315, 148.75, 399.46
   61920,   61980,328.67,1266.8,3147.2,22.72, 134.01, 414.72
   61980,   62040,230.55,1128.1,2592,16.833, 121.53, 359.2
   62040,   62100,232.71,1106.7,2597.3,16.962, 119.6, 359.73
   62100,   62160,174.74,826.96,2174.6,13.484, 94.427, 317.46
   62160,   62220,155.23,769.32,1983.1,12.314, 89.239, 298.31
   62220,   62280,106.36,670,1965.3,9.3817, 80.3, 296.53
   62280,   62340,96.579,582.2,1825,8.7948, 72.398, 282.5
   62340,   62400,107.13,659.36,1961,9.4275, 79.343, 296.1
   62400,   62460,119,682.24,2090.7,10.14, 81.401, 309.07
   62460,   62520,246.02,1057.6,3432.8,17.761, 115.19, 443.28
   62520,   62580,702.66,2599.6,5513.4,45.16, 253.97, 651.34
   62580,   62640,233.34,1132.8,2334.8,17, 121.95, 333.48
   62640,   62700,303.44,1374.7,2766.4,21.206, 143.72, 376.64
   62700,   62760,193.66,958.86,2240.3,14.62, 106.3, 324.03
   62760,   62820,1195.6,4057.6,5715.9,74.738, 385.18, 671.59
   62820,   62880,1248.2,4231.6,7093.4,77.894, 400.84, 809.34
   62880,   62940,2169.1,6166.1,11158,133.14, 574.95, 1215.8
   62940,   63000,239.42,931.62,2645.9,17.365, 103.85, 364.59
   63000,   63060,166.46,839.84,1812.2,12.987, 95.585, 281.22
   63060,   63120,84.868,519.67,1803.4,8.0921, 66.77, 280.34
   63120,   63180,90.567,530.01,1816.2,8.434, 67.701, 281.62
   63180,   63240,301.23,1256.3,2849.7,21.074, 133.07, 384.97
   63240,   63300,192.53,961.7,2287,14.552, 106.55, 328.7
