CampaignData_and_Merges/R0/CSL_MobileLab_Parked/raw/20240717/USOS-NOAAIodideCIMS-Halogens_MobileLabGround_20240717_RA.ict
39, 1001
Michael A Robinson, Chris Jernigan, Subi Thakali
NOAA ESRL Chemical Sciences Laboratory and CIRES, U. of Colorado
NOAA Iodide CIMS Instrument
USOS
1, 1
2024, 07, 17, 2024, 07, 18
0
starttime_UTC, seconds_past_midnight, seconds_of_day_since_00:00:00_UTC
6
1, 1, 1, 1, 1, 1
-9999, -9999, -9999, -9999, -9999, -9999
Br2_NOAACIMS, pptv, Gas_Br2_InSitu_S_AVMR
BrO_NOAACIMS, pptv, Gas_BrO_InSitu_S_AVMR
Cl2_NOAACIMS, pptv, Gas_Cl2_InSitu_S_AVMR
ClNO2_NOAACIMS, pptv, Gas_ClNO2_InSitu_S_AVMR
BrCl_NOAACIMS, pptv, Gas_BrCl_InSitu_S_AVMR
NCl3_NOAACIMS, pptv, Gas_NCl3_InSitu_S_AVMR
1
N/A
18
PI_CONTACT_INFO: 325 Broadway, R/CSD 7, Boulder, Colorado 80305; michael.a.robinson@noaa.gov; chris.jernigan@noaa.gov;
PLATFORM: NOAA CSL Mobile Lab
LOCATION: SLC, Utah
ASSOCIATED_DATA: 1Hz data also available on request.
INSTRUMENT_INFO: NOAA I- ToF CIMS
DATA_INFO: Units: pptv
UNCERTAINTY: tbd
ULOD_FLAG: -7777
ULOD_VALUE: N/A
LLOD_FLAG: -8888
LLOD_VALUE: N/A
DM_CONTACT_INFO: Nathan Howard; nathan.h.howard@noaa.gov
PROJECT_INFO: USOS, summer 2024. https://csl.noaa.gov/groups/csl7/measurements/2024usos/
STIPULATIONS_ON_USE: only the USOS science team is allowed to use this data
OTHER_COMMENTS: Field data; Data are averaged to 1 minute intervals. Stationary data collected from a 10 ft tower on top of the mobile lab
REVISION: RA
RA: Preliminary Data; For in-field use only
starttime_UTC, Br2_NOAACIMS, BrO_NOAACIMS, Cl2_NOAACIMS, ClNO2_NOAACIMS, BrCl_NOAACIMS, NCl3_NOAACIMS
0,-9999.000,-9999.000,-9999.000,-9999.000,-9999.000,-9999.000
60,1.056,0.167,1.661,0.049,0.101,-0.322
120,0.987,0.114,1.662,0.057,0.087,-0.301
180,1.296,0.119,1.550,0.078,0.138,-0.312
240,1.302,0.156,1.662,0.070,0.106,-0.234
300,1.158,0.282,1.636,0.079,0.145,-0.193
360,1.208,0.239,1.692,0.065,0.137,-0.152
420,1.260,0.113,1.751,0.073,0.134,-0.116
480,1.306,0.176,1.702,0.064,0.124,-0.194
540,1.114,0.185,1.801,0.054,0.141,-0.193
600,1.362,0.169,1.995,0.099,0.199,-0.112
660,1.271,0.152,1.652,0.102,0.162,-0.091
720,1.204,0.223,1.728,0.069,0.090,-0.088
780,1.519,0.181,1.740,0.102,0.171,-0.150
840,1.347,0.190,1.642,0.139,0.169,0.039
900,1.159,0.090,1.531,0.167,0.141,0.044
960,1.200,0.167,1.553,0.164,0.120,-0.121
1020,1.156,0.105,1.887,0.108,0.158,0.032
1080,1.083,0.232,1.860,0.078,0.117,0.037
1140,1.331,0.220,1.936,0.100,0.175,0.059
1200,1.296,0.221,1.582,0.083,0.180,0.067
1260,1.124,0.148,1.817,0.114,0.198,-0.041
1320,1.414,0.173,1.826,0.089,0.159,-0.008
1380,1.193,0.119,1.830,0.088,0.164,0.026
1440,1.057,0.146,1.728,0.109,0.100,-0.006
1500,1.321,0.260,1.687,0.120,0.164,0.088
1560,1.144,0.139,1.687,0.095,0.182,0.075
1620,1.207,0.163,1.715,0.082,0.185,0.070
1680,1.157,0.153,1.588,0.069,0.131,0.000
1740,1.399,0.140,1.575,0.094,0.201,0.182
1800,1.222,0.150,1.483,0.097,0.189,0.143
1860,1.143,0.451,1.603,0.099,0.065,0.071
1920,1.204,0.129,1.700,0.086,0.179,0.104
1980,1.163,0.124,1.659,0.102,0.149,0.087
2040,1.064,0.115,1.625,0.127,0.147,0.032
2100,1.295,0.060,1.455,0.098,0.192,0.079
2160,1.214,0.152,1.776,0.099,0.141,0.124
2220,1.236,0.100,1.648,0.103,0.211,0.210
2280,1.253,0.130,1.527,0.136,0.173,0.135
2340,1.199,0.085,1.513,0.087,0.193,0.269
2400,1.219,0.098,1.734,0.115,0.118,0.731
2460,1.261,0.029,1.771,0.092,0.139,1.261
2520,1.165,-0.026,1.700,0.103,0.160,0.464
2580,1.303,0.119,1.691,0.083,0.132,0.408
2640,1.286,0.029,1.570,0.082,0.173,0.075
2700,1.174,0.029,1.567,0.088,0.117,0.130
2760,1.243,-0.087,1.575,0.064,0.150,0.391
2820,1.119,-0.054,1.756,0.113,0.136,0.499
2880,1.127,-0.002,1.773,0.055,0.137,0.432
2940,1.044,0.027,1.520,0.116,0.113,0.112
3000,1.108,0.103,1.573,0.084,0.137,0.028
3060,0.955,-0.008,1.605,0.087,0.122,0.080
3120,0.948,0.030,1.776,0.117,0.165,0.231
3180,1.196,-0.041,1.644,0.101,0.128,0.112
3240,1.042,0.024,1.667,0.140,0.138,0.086
3300,1.008,-0.061,1.524,0.149,0.139,0.083
3360,0.977,-0.081,1.732,0.080,0.137,0.222
3420,1.126,-0.043,1.525,0.077,0.156,0.117
3480,0.989,-0.051,1.392,0.095,0.172,0.022
3540,1.045,-0.072,1.517,0.058,0.132,0.072
3600,1.127,-0.076,1.572,0.091,0.140,0.039
3660,1.220,-0.216,1.620,0.059,0.109,-0.085
3720,0.878,-0.059,1.552,0.029,0.101,0.042
3780,0.823,-0.141,1.481,0.072,0.146,0.049
3840,1.015,-0.105,1.546,0.095,0.125,0.091
3900,0.876,-0.120,1.433,0.093,0.140,0.016
3960,1.264,-0.117,1.546,0.107,0.123,0.048
4020,1.361,-0.155,1.555,0.068,0.123,0.125
4080,1.093,-0.093,1.554,0.075,0.088,0.306
4140,1.012,0.024,1.508,0.072,0.087,0.190
4200,0.985,-0.056,1.649,0.083,0.132,0.227
4260,1.149,-0.048,1.983,0.016,0.098,0.257
4320,1.075,-0.118,1.909,0.042,0.039,0.571
4380,1.053,-0.057,1.874,0.095,0.076,0.739
4440,0.983,-0.006,1.995,0.110,0.098,0.595
4500,1.291,-0.104,1.713,0.077,0.083,0.506
4560,1.140,-0.101,1.659,0.044,0.019,0.231
4620,1.164,-0.020,1.754,0.060,0.052,0.114
4680,1.280,0.010,1.951,0.085,0.072,0.224
4740,1.343,0.008,1.638,0.056,0.062,0.121
4800,1.409,0.024,1.673,0.122,0.005,0.276
4860,1.246,0.081,1.877,0.103,0.093,0.598
4920,1.382,0.017,1.932,0.118,0.057,0.776
4980,1.208,0.055,1.560,0.125,0.009,0.338
5040,1.242,-0.038,1.591,0.117,0.040,0.283
5100,1.028,0.149,1.743,0.094,0.051,0.159
5160,1.269,0.219,1.692,0.060,0.032,0.109
5220,1.367,0.189,1.817,0.141,0.031,0.157
5280,1.256,0.052,1.762,0.147,0.026,0.200
5340,1.294,0.110,1.770,0.064,0.040,0.332
5400,1.262,0.116,1.578,0.157,0.037,0.305
5460,1.334,0.091,1.465,0.222,0.002,0.248
5520,1.112,0.132,1.610,0.185,0.033,0.266
5580,1.087,0.145,1.876,0.130,-0.002,0.721
5640,1.165,0.145,1.623,0.162,-0.008,0.659
5700,1.140,0.091,1.694,0.206,0.048,0.493
5760,1.254,0.134,1.554,0.244,-0.015,0.433
5820,1.123,0.210,1.522,0.227,0.040,0.357
5880,1.231,0.128,1.639,0.200,-0.013,0.318
5940,1.160,0.241,1.449,0.207,0.044,0.355
6000,1.060,0.143,1.586,0.143,0.081,0.545
6060,1.328,0.117,1.567,0.178,0.048,0.477
6120,1.305,0.103,1.743,0.172,0.048,0.470
6180,1.308,0.184,1.631,0.169,0.072,0.458
6240,1.218,0.076,1.739,0.149,0.051,0.388
6300,1.302,0.110,1.857,0.077,0.093,0.404
6360,1.289,0.091,1.808,0.113,0.009,0.389
6420,1.361,0.098,1.619,0.136,0.050,0.281
6480,1.156,0.148,1.810,0.119,0.038,0.503
6540,1.129,0.075,1.725,0.059,0.090,0.537
6600,1.262,0.093,1.960,0.087,0.095,0.642
6660,1.312,0.160,1.921,0.121,0.068,0.687
6720,1.189,0.116,1.976,0.084,0.114,0.462
6780,1.061,0.162,1.854,0.141,0.079,0.374
6840,1.132,0.175,1.850,0.048,0.099,0.270
6900,1.023,0.196,1.956,0.073,0.115,0.262
6960,1.289,0.042,1.971,0.067,0.147,0.304
7020,1.119,0.102,2.061,0.103,0.095,0.297
7080,1.140,0.094,2.124,0.069,0.143,0.322
7140,1.165,0.183,2.319,0.102,0.072,0.190
7200,1.224,0.167,2.033,0.056,0.114,0.206
7260,1.258,0.152,2.260,0.086,0.130,0.209
7320,0.967,0.110,2.010,0.125,0.091,0.139
7380,1.821,0.013,2.328,0.178,0.103,0.150
7440,0.985,0.136,1.662,0.212,0.050,0.122
7500,1.069,0.033,2.046,0.144,0.064,0.136
7560,1.060,0.134,2.057,0.103,0.088,0.131
7620,1.119,0.057,1.958,0.214,0.176,0.127
7680,1.021,0.036,2.225,0.205,0.120,0.107
7740,1.004,0.037,2.191,0.168,0.147,0.181
7800,0.995,0.189,2.448,0.139,0.152,0.221
7860,0.997,0.061,2.371,0.194,0.239,0.157
7920,0.944,0.089,2.159,0.206,0.148,0.255
7980,1.059,0.096,2.269,0.207,0.134,0.178
8040,0.913,0.187,2.422,0.217,0.141,0.137
8100,0.819,0.093,2.500,0.301,0.148,0.198
8160,1.074,0.022,2.441,0.273,0.181,0.297
8220,1.072,0.034,2.214,0.224,0.136,0.418
8280,0.898,0.110,2.262,0.106,0.216,0.473
8340,0.903,0.019,2.327,0.156,0.176,0.499
8400,0.979,0.160,2.224,0.172,0.158,0.453
8460,1.023,0.086,2.270,0.412,0.221,0.406
8520,0.958,0.082,1.850,0.792,0.284,0.251
8580,0.728,0.226,1.812,0.596,0.237,0.405
8640,0.803,0.016,1.901,0.559,0.239,0.414
8700,0.973,0.057,2.034,0.480,0.214,0.347
8760,0.684,0.128,1.762,0.489,0.199,0.396
8820,0.784,0.025,1.875,0.481,0.255,0.414
8880,0.855,0.007,1.866,0.449,0.249,0.301
8940,0.614,0.030,1.636,0.476,0.223,0.418
9000,0.922,0.022,1.768,0.327,0.199,0.513
9060,0.726,-0.025,1.452,0.390,0.273,0.433
9120,0.777,-0.032,1.688,0.417,0.280,0.398
9180,0.931,0.096,1.759,0.485,0.200,0.348
9240,0.951,-0.078,1.981,0.611,0.257,0.404
9300,0.768,-0.001,1.502,0.372,0.290,0.456
9360,0.747,-0.085,1.786,0.431,0.328,0.520
9420,0.926,-0.010,1.639,0.470,0.322,0.409
9480,0.910,0.011,1.741,0.471,0.260,0.328
9540,0.818,0.017,1.784,0.426,0.254,0.380
9600,0.729,0.051,1.690,0.423,0.308,0.395
9660,0.608,0.076,1.731,0.376,0.257,0.353
9720,0.813,0.003,2.000,0.304,0.268,0.528
9780,0.753,0.117,2.471,0.390,0.325,0.681
9840,0.775,-0.040,2.424,0.375,0.325,0.925
9900,0.837,0.023,2.342,0.326,0.329,1.331
9960,0.714,0.002,2.448,0.353,0.332,1.227
10020,0.696,0.040,2.134,0.257,0.315,1.509
10080,0.797,0.014,2.128,0.257,0.313,1.890
10140,0.782,-0.024,2.330,0.238,0.300,2.088
10200,0.742,0.067,2.271,0.240,0.313,2.243
10260,0.758,-0.064,2.108,0.263,0.258,2.342
10320,0.852,0.061,2.171,0.192,0.302,2.314
10380,0.573,0.079,2.105,0.188,0.302,2.460
10440,0.699,0.080,2.305,0.200,0.319,2.615
10500,0.739,0.075,2.339,0.209,0.303,2.459
10560,0.616,0.033,2.280,0.193,0.273,2.418
10620,0.840,-0.007,2.132,0.150,0.283,2.494
10680,0.809,-0.030,2.237,0.209,0.276,2.255
10740,0.658,0.017,2.123,0.188,0.276,2.314
10800,0.852,0.050,2.101,0.163,0.285,2.459
10860,0.644,0.030,2.394,0.174,0.256,2.266
10920,0.546,0.009,2.319,0.184,0.299,2.156
10980,0.762,-0.016,2.085,0.179,0.234,2.293
11040,0.662,0.008,2.184,0.188,0.303,2.577
11100,0.275,0.211,2.038,0.232,0.212,1.753
11160,0.573,-0.022,2.040,0.166,0.284,2.014
11220,0.639,0.070,2.026,0.182,0.254,2.110
11280,0.716,-0.013,2.087,0.186,0.294,2.306
11340,0.783,0.048,2.130,0.167,0.236,2.150
11400,0.769,0.022,2.110,0.198,0.293,2.218
11460,0.705,0.030,2.197,0.159,0.311,2.316
11520,0.662,0.037,2.231,0.142,0.283,2.124
11580,0.869,-0.012,2.098,0.147,0.268,2.330
11640,0.871,-0.033,2.018,0.122,0.222,2.139
11700,0.731,-0.015,1.999,0.164,0.236,2.120
11760,1.039,-0.067,2.037,0.140,0.298,2.492
11820,1.014,-0.101,2.079,0.192,0.276,2.295
11880,0.878,-0.041,1.992,0.135,0.257,2.234
11940,0.961,-0.024,1.928,0.136,0.341,2.574
12000,1.007,-0.070,2.047,0.149,0.276,2.347
12060,1.082,0.020,2.069,0.165,0.337,2.437
12120,0.943,-0.047,2.019,0.128,0.345,2.243
12180,1.086,-0.042,2.113,0.158,0.280,2.458
12240,1.163,-0.087,2.153,0.137,0.261,2.458
12300,1.253,-0.118,1.970,0.120,0.284,2.340
12360,1.228,-0.121,1.891,0.139,0.314,2.344
12420,1.031,-0.087,2.126,0.142,0.298,2.318
12480,1.036,-0.110,1.878,0.130,0.280,2.214
12540,1.292,-0.152,2.005,0.096,0.256,2.260
12600,1.357,-0.129,2.205,0.128,0.260,2.278
12660,1.296,-0.164,2.093,0.123,0.340,2.178
12720,1.202,-0.065,2.009,0.132,0.354,2.401
12780,1.207,-0.178,2.075,0.118,0.326,2.473
12840,1.484,-0.078,2.153,0.141,0.326,2.581
12900,1.493,-0.103,2.069,0.126,0.298,2.649
12960,1.245,-0.015,2.148,0.138,0.259,2.362
13020,1.325,-0.079,2.092,0.121,0.306,2.555
13080,1.304,-0.078,2.099,0.090,0.286,2.627
13140,1.302,-0.175,2.035,0.134,0.258,2.423
13200,1.324,-0.115,2.164,0.111,0.319,2.346
13260,1.394,-0.066,2.301,0.108,0.333,2.472
13320,1.208,0.005,2.201,0.117,0.353,2.083
13380,1.192,-0.061,2.179,0.133,0.355,2.312
13440,1.140,0.039,2.298,0.160,0.348,2.196
13500,1.182,0.004,2.062,0.160,0.313,2.463
13560,1.304,-0.018,2.047,0.134,0.301,2.370
13620,1.078,0.018,2.260,0.153,0.326,2.394
13680,1.138,-0.031,2.027,0.168,0.271,2.223
13740,1.048,-0.084,2.192,0.155,0.226,2.329
13800,0.945,0.020,2.276,0.164,0.248,2.489
13860,1.065,-0.016,2.119,0.167,0.331,2.464
13920,1.080,0.005,2.253,0.175,0.264,2.677
13980,0.901,0.015,2.226,0.196,0.306,2.586
14040,0.968,0.095,2.360,0.190,0.304,2.840
14100,1.001,0.078,2.348,0.212,0.291,2.842
14160,1.014,0.072,2.259,0.204,0.305,3.093
14220,0.723,0.036,2.374,0.216,0.253,3.271
14280,0.870,0.114,2.325,0.190,0.223,3.431
14340,0.867,0.145,2.366,0.176,0.284,4.099
14400,1.030,0.097,2.356,0.207,0.296,4.284
14460,0.876,0.103,2.451,0.216,0.263,4.585
14520,0.649,0.070,2.520,0.224,0.255,4.614
14580,0.726,0.158,2.439,0.209,0.213,4.212
14640,0.604,0.143,2.567,0.204,0.256,3.984
14700,0.673,0.187,2.392,0.209,0.258,3.622
14760,0.851,0.162,2.620,0.123,0.123,3.698
14820,0.360,0.290,2.369,0.184,0.228,3.304
14880,0.508,0.180,2.407,0.229,0.166,3.555
14940,0.606,0.195,2.207,0.176,0.176,3.210
15000,0.828,0.143,2.327,0.158,0.181,2.906
15060,0.488,0.134,2.251,0.168,0.195,2.851
15120,0.377,0.190,2.352,0.158,0.146,2.345
15180,0.827,0.112,2.388,0.200,0.205,2.314
15240,0.813,0.111,2.136,0.150,0.177,2.033
15300,0.643,0.122,2.259,0.175,0.210,1.880
15360,0.625,0.130,2.186,0.145,0.167,1.725
15420,0.648,0.193,2.317,0.160,0.188,1.681
15480,0.830,0.163,2.219,0.126,0.201,1.524
15540,0.696,0.191,2.218,0.164,0.171,1.567
15600,0.792,0.170,2.248,0.145,0.172,1.488
15660,0.769,0.122,2.326,0.201,0.199,1.599
15720,0.868,0.126,2.309,0.182,0.233,1.656
15780,0.613,0.066,2.294,0.183,0.120,1.786
15840,0.564,0.111,2.237,0.174,0.135,1.745
15900,0.610,0.138,2.320,0.186,0.153,2.018
15960,0.774,0.077,2.389,0.109,0.170,1.902
16020,0.766,0.130,2.401,0.158,0.111,2.247
16080,0.606,0.073,2.317,0.175,0.161,2.971
16140,0.765,0.033,2.320,0.131,0.146,2.433
16200,0.789,-0.003,2.202,0.183,0.177,2.351
16260,0.781,0.131,2.420,0.148,0.172,2.557
16320,0.723,0.200,2.332,0.115,0.173,2.487
16380,0.755,0.120,2.446,0.135,0.131,2.272
16440,0.833,0.004,2.315,0.178,0.171,2.446
16500,0.915,0.004,2.461,0.164,0.196,2.354
16560,0.872,0.078,2.423,0.159,0.152,2.555
16620,0.875,0.049,2.309,0.126,0.160,2.403
16680,0.655,0.004,2.193,0.153,0.162,2.611
16740,0.872,0.126,2.301,0.151,0.138,2.539
16800,0.787,0.111,2.241,0.167,0.178,2.286
16860,0.869,0.074,2.360,0.178,0.157,2.637
16920,0.917,0.036,2.371,0.176,0.181,2.547
16980,0.667,0.143,2.385,0.114,0.140,2.522
17040,0.917,-0.055,2.476,0.179,0.178,2.679
17100,0.900,-0.020,2.428,0.157,0.246,2.739
17160,0.835,-0.016,2.508,0.185,0.163,2.528
17220,0.959,-0.022,2.639,0.135,0.190,2.487
17280,0.958,-0.055,2.460,0.179,0.177,2.728
17340,0.902,0.022,2.459,0.209,0.236,2.497
17400,1.016,0.029,2.340,0.157,0.226,2.803
17460,0.922,-0.078,2.321,0.160,0.220,2.795
17520,0.897,-0.030,2.548,0.152,0.225,3.238
17580,1.023,-0.040,2.417,0.151,0.216,2.977
17640,0.967,-0.094,2.364,0.139,0.227,3.177
17700,0.945,-0.044,2.671,0.149,0.250,2.994
17760,1.052,-0.006,2.560,0.133,0.233,3.182
17820,1.049,-0.023,2.571,0.151,0.237,3.006
17880,0.922,-0.095,2.565,0.155,0.214,2.920
17940,0.934,-0.116,2.469,0.156,0.203,3.049
18000,1.128,-0.107,2.467,0.102,0.200,2.980
18060,1.073,-0.141,2.202,0.167,0.230,2.986
18120,0.930,-0.042,2.547,0.143,0.233,3.012
18180,1.047,-0.143,2.384,0.114,0.236,3.131
18240,1.179,-0.110,2.453,0.125,0.287,3.347
18300,0.974,-0.168,2.387,0.209,0.205,3.575
18360,1.044,-0.160,2.474,0.146,0.257,3.162
18420,1.007,-0.157,2.424,0.169,0.233,3.526
18480,-9999.000,-9999.000,-9999.000,-9999.000,-9999.000,-9999.000
18540,1.041,-0.152,2.508,0.100,0.227,3.360
18600,1.083,-0.151,2.418,0.138,0.205,3.636
18660,1.023,-0.100,2.371,0.160,0.273,3.541
18720,1.101,-0.167,2.407,0.161,0.249,3.317
18780,0.888,-0.142,2.430,0.130,0.233,3.219
18840,1.082,-0.142,2.448,0.120,0.263,3.317
18900,1.160,-0.195,2.442,0.148,0.241,3.626
18960,1.135,-0.091,2.586,0.147,0.273,3.314
19020,1.097,-0.045,2.416,0.172,0.277,3.328
19080,0.926,-0.120,2.473,0.190,0.305,3.431
19140,1.194,-0.020,2.662,0.133,0.225,3.072
19200,0.971,-0.040,2.539,0.153,0.278,3.298
19260,1.113,-0.129,2.487,0.178,0.246,3.127
19320,1.025,-0.083,2.543,0.165,0.211,2.919
19380,1.090,-0.019,2.561,0.230,0.206,3.351
19440,1.016,-0.092,2.573,0.187,0.249,2.669
19500,1.093,-0.040,2.472,0.213,0.302,2.884
19560,0.962,-0.110,2.588,0.173,0.277,2.821
19620,1.135,-0.093,2.543,0.162,0.224,3.231
19680,0.942,-0.107,2.548,0.218,0.296,3.557
19740,1.069,-0.084,2.603,0.222,0.283,3.334
19800,1.093,-0.065,2.514,0.148,0.300,3.603
19860,1.019,-0.027,2.677,0.177,0.281,3.730
19920,1.201,-0.100,2.608,0.140,0.297,3.722
19980,0.958,-0.079,2.621,0.153,0.255,3.727
20040,0.865,0.060,2.626,0.199,0.276,3.913
20100,1.006,-0.012,2.498,0.202,0.273,3.779
20160,1.027,0.033,2.593,0.191,0.253,3.641
20220,1.285,-0.053,2.421,0.175,0.293,3.604
20280,1.099,0.005,2.695,0.218,0.218,3.905
20340,0.806,-0.139,2.568,0.183,0.252,3.394
20400,0.955,-0.081,2.500,0.167,0.261,3.734
20460,1.044,0.021,2.412,0.158,0.254,3.635
20520,1.116,-0.039,2.605,0.203,0.221,3.802
20580,1.106,-0.026,2.571,0.160,0.252,3.955
20640,0.929,-0.026,2.767,0.192,0.272,3.712
20700,1.173,-0.066,2.575,0.178,0.275,3.847
20760,1.096,-0.026,2.763,0.170,0.320,3.482
20820,1.146,0.053,2.497,0.187,0.248,3.435
20880,1.136,-0.016,2.728,0.175,0.252,3.323
20940,1.045,-0.005,2.568,0.193,0.270,3.628
21000,1.023,0.019,2.573,0.199,0.281,3.870
21060,1.060,0.045,2.618,0.224,0.250,4.355
21120,0.926,0.009,2.635,0.261,0.265,4.358
21180,0.973,0.031,2.638,0.308,0.276,4.942
21240,0.926,-0.077,2.862,0.234,0.267,4.585
21300,1.067,-0.013,2.658,0.223,0.279,3.385
21360,1.066,0.016,2.719,0.276,0.271,3.276
21420,1.063,0.000,2.806,0.195,0.201,3.341
21480,1.099,-0.054,2.701,0.202,0.251,3.548
21540,1.031,-0.051,2.790,0.204,0.271,3.815
21600,1.042,-0.009,2.807,0.229,0.285,3.883
21660,0.950,-0.065,2.656,0.160,0.276,3.568
21720,1.084,-0.002,2.782,0.120,0.310,3.362
21780,1.069,0.028,2.701,0.142,0.264,2.944
21840,0.990,0.011,2.779,0.145,0.265,2.749
21900,1.061,-0.082,2.621,0.100,0.186,2.527
21960,1.029,-0.018,2.721,0.131,0.236,2.454
22020,1.023,-0.011,-9999.000,0.122,0.309,2.782
22080,1.100,0.066,-9999.000,0.113,0.256,2.999
22140,0.538,-0.107,-9999.000,0.085,0.164,1.411
22200,0.295,-0.011,-9999.000,0.044,0.140,1.215
22260,0.996,-0.008,-9999.000,0.128,0.227,3.327
22320,0.951,-0.068,-9999.000,0.126,0.236,3.425
22380,1.020,-0.018,2.507,0.133,0.197,3.439
22440,0.784,0.005,2.646,0.102,0.303,3.569
22500,0.930,0.044,2.842,0.110,0.235,3.695
22560,1.118,0.064,2.894,0.158,0.260,3.848
22620,1.121,-0.018,2.905,0.141,0.262,3.885
22680,1.031,-0.003,2.830,0.132,0.259,3.744
