CampaignData_and_Merges/R0/CSL_MobileLab_Parked/raw/20240717/USOS-NOAAIodideCIMS-Halogens_MobileLabGround_20240717_RA.ict
39, 1001
Michael A Robinson, Chris Jernigan, Subi Thakali
NOAA ESRL Chemical Sciences Laboratory and CIRES, U. of Colorado
NOAA Iodide CIMS Instrument
USOS
1, 1
2024, 07, 17, 2024, 07, 18
0
starttime_UTC, seconds_past_midnight, seconds_of_day_since_00:00:00_UTC
6
1, 1, 1, 1, 1, 1
-9999, -9999, -9999, -9999, -9999, -9999
Br2_NOAACIMS, pptv, Gas_Br2_InSitu_S_AVMR
BrO_NOAACIMS, pptv, Gas_BrO_InSitu_S_AVMR
Cl2_NOAACIMS, pptv, Gas_Cl2_InSitu_S_AVMR
ClNO2_NOAACIMS, pptv, Gas_ClNO2_InSitu_S_AVMR
BrCl_NOAACIMS, pptv, Gas_BrCl_InSitu_S_AVMR
NCl3_NOAACIMS, pptv, Gas_NCl3_InSitu_S_AVMR
1
N/A
18
PI_CONTACT_INFO: 325 Broadway, R/CSD 7, Boulder, Colorado 80305; michael.a.robinson@noaa.gov; chris.jernigan@noaa.gov;
PLATFORM: NOAA CSL Mobile Lab
LOCATION: SLC, Utah
ASSOCIATED_DATA: 1Hz data also available on request.
INSTRUMENT_INFO: NOAA I- ToF CIMS
DATA_INFO: Units: pptv
UNCERTAINTY: tbd
ULOD_FLAG: -7777
ULOD_VALUE: N/A
LLOD_FLAG: -8888
LLOD_VALUE: N/A
DM_CONTACT_INFO: Nathan Howard; nathan.h.howard@noaa.gov
PROJECT_INFO: USOS, summer 2024. https://csl.noaa.gov/groups/csl7/measurements/2024usos/
STIPULATIONS_ON_USE: only the USOS science team is allowed to use this data
OTHER_COMMENTS: Field data; Data are averaged to 1 minute intervals. Stationary data collected from a 10 ft tower on top of the mobile lab
REVISION: RA
RA: Preliminary Data; For in-field use only
starttime_UTC, Br2_NOAACIMS, BrO_NOAACIMS, Cl2_NOAACIMS, ClNO2_NOAACIMS, BrCl_NOAACIMS, NCl3_NOAACIMS
[from data line 1134]
68040,1.033,-0.033,6.327,0.083,0.143,0.114
68100,1.027,0.049,6.009,0.045,0.198,0.135
68160,1.082,0.102,6.327,0.027,0.175,0.135
68220,1.179,0.095,6.209,0.038,0.205,0.049
68280,0.961,0.003,6.429,-0.006,0.191,0.095
68340,1.098,-0.029,6.319,0.028,0.210,0.185
68400,1.195,0.066,6.416,0.049,0.236,0.076
68460,1.106,0.205,7.187,0.001,0.154,0.243
68520,1.288,0.028,6.352,0.050,0.220,0.145
68580,1.361,0.135,6.529,0.044,0.223,0.112
68640,0.945,-0.121,6.207,0.030,0.180,0.097
68700,1.100,0.067,6.586,0.080,0.187,0.105
68760,1.215,0.108,6.379,0.036,0.175,0.002
68820,1.145,0.151,6.593,0.004,0.188,0.123
68880,1.105,0.085,6.726,0.061,0.267,0.041
68940,1.035,0.126,6.283,0.068,0.269,0.113
69000,0.553,0.090,6.380,0.095,0.188,-0.050
69060,0.814,0.085,6.469,0.074,0.234,0.047
69120,0.786,0.168,6.216,0.095,0.183,0.080
69180,0.930,0.144,6.286,0.120,0.150,-0.020
69240,0.660,0.082,6.378,0.071,0.136,0.054
69300,0.368,-0.057,6.158,0.036,0.074,-0.093
69360,1.043,0.014,6.365,0.040,0.154,-0.057
69420,1.132,0.127,6.476,0.123,0.163,-0.061
69480,0.768,0.033,5.918,0.155,0.110,0.081
69540,1.089,0.232,6.382,0.044,0.134,-0.067
69600,0.820,0.128,6.778,0.077,0.141,0.005
69660,1.072,0.119,6.435,0.072,0.113,-0.025
69720,0.852,0.144,6.476,0.042,0.140,-0.059
69780,1.077,0.214,6.583,0.048,0.151,0.023
69840,1.098,0.094,6.668,0.063,0.116,-0.067
69900,1.065,0.193,6.503,0.054,0.151,0.035
69960,0.953,0.257,6.563,0.103,0.162,0.019
70020,0.862,0.143,6.686,0.064,0.192,-0.091
70080,0.717,0.201,6.346,0.042,0.157,-0.087
70140,0.930,0.280,6.567,0.081,0.171,-0.076
70200,1.159,0.309,6.085,0.052,0.164,-0.101
70260,0.980,0.139,6.392,0.054,0.097,-0.047
70320,0.807,0.090,6.433,0.033,0.196,-0.025
70380,0.788,0.262,5.842,0.112,0.095,-0.103
70440,0.526,0.028,6.345,0.094,0.082,-0.070
70500,0.704,0.031,6.467,0.064,0.064,-0.081
70560,0.626,0.022,6.378,0.064,0.086,-0.113
70620,0.806,0.033,6.384,0.065,0.160,-0.049
70680,0.890,0.183,6.537,0.043,0.141,-0.091
70740,1.027,-0.029,6.350,0.089,0.165,-0.069
70800,0.897,0.118,6.464,0.059,0.071,-0.070
70860,0.882,0.010,6.835,0.059,0.054,-0.003
70920,1.028,0.082,6.616,0.090,0.145,0.035
70980,0.256,-0.084,6.700,0.051,0.025,-0.072
71040,0.076,-0.108,7.034,0.091,0.080,-0.046
71100,0.930,0.035,7.072,0.052,0.090,0.014
71160,1.117,-0.099,7.242,0.064,0.157,0.104
71220,1.186,0.027,7.172,0.074,0.156,0.076
71280,0.949,0.015,6.824,0.027,0.181,0.077
71340,1.067,0.130,6.552,0.052,0.123,-0.022
71400,1.219,-0.010,6.783,0.048,0.197,0.090
71460,0.913,-0.083,6.668,0.052,0.117,0.055
71520,1.073,0.051,7.045,-0.000,0.174,0.036
71580,1.129,0.022,7.097,0.018,0.187,0.183
71640,1.337,0.040,6.602,0.039,0.180,0.114
71700,1.168,-0.087,6.829,0.056,0.236,0.138
71760,1.152,-0.000,6.972,0.009,0.197,0.165
71820,1.288,-0.135,7.220,-0.008,0.149,0.127
71880,1.128,-0.256,7.113,0.046,0.120,0.146
71940,0.982,-0.130,7.343,-0.001,0.122,0.154
72000,1.153,-0.149,7.536,0.008,0.120,0.149
72060,1.432,-0.116,7.278,0.022,0.171,0.149
72120,1.253,-0.084,7.156,0.014,0.166,0.068
72180,0.898,-0.175,7.193,0.026,0.105,0.170
72240,1.271,-0.245,6.702,0.111,0.189,0.201
72300,0.744,-0.349,6.657,0.012,0.102,0.054
72360,0.021,-0.600,6.477,-0.052,-0.064,-0.155
72420,0.958,-0.195,7.039,-0.041,0.159,0.112
72480,1.275,-0.094,7.087,0.007,0.245,0.123
72540,1.186,0.141,7.300,0.033,0.239,0.163
72600,1.425,0.042,6.830,0.009,0.184,0.248
72660,1.259,0.132,7.314,0.043,0.196,0.361
72720,1.532,-0.106,7.092,0.021,0.233,0.194
72780,1.311,0.120,7.462,0.023,0.124,0.208
72840,1.195,0.140,7.362,0.030,0.226,0.207
72900,1.569,0.166,7.172,0.036,0.241,0.187
72960,1.372,0.090,7.354,0.010,0.183,0.283
73020,1.362,0.148,7.783,-0.019,0.143,0.161
73080,1.404,0.151,7.819,-0.002,0.082,0.200
73140,1.481,0.237,7.763,0.038,0.175,0.224
73200,1.510,0.231,7.533,0.052,0.183,0.215
73260,1.248,0.102,7.037,-0.008,0.205,0.187
73320,1.652,0.258,7.383,0.077,0.210,0.109
73380,1.513,0.348,7.199,0.038,0.204,0.289
73440,1.474,0.248,7.262,0.060,0.187,0.260
73500,1.791,0.361,7.312,0.055,0.297,0.160
73560,1.682,0.386,7.499,0.074,0.201,0.171
73620,1.550,0.482,7.484,0.088,0.211,0.213
73680,1.596,0.563,7.321,0.052,0.307,0.265
73740,-9999.000,0.354,7.118,0.037,0.219,0.234
73800,-9999.000,0.159,6.713,0.034,0.003,-0.025
73860,-9999.000,0.587,7.487,0.081,0.199,0.194
73920,-9999.000,0.308,7.308,-0.011,0.071,-0.028
73980,-9999.000,0.232,7.492,0.038,0.171,-0.073
74040,-9999.000,0.174,6.457,0.038,0.093,-0.079
74100,-9999.000,0.232,6.492,0.011,0.079,-0.080
74160,-9999.000,0.161,6.466,-0.000,0.096,-0.029
74220,-9999.000,0.052,6.592,0.012,-0.002,-0.135
74280,-9999.000,0.008,6.369,-0.033,-0.085,-0.194
74340,-9999.000,0.026,6.553,-0.020,-0.015,-0.084
74400,-9999.000,0.458,7.122,0.016,0.170,0.205
74460,-9999.000,0.470,6.787,-0.000,0.117,0.130
74520,-9999.000,0.462,6.955,-0.006,0.157,0.124
74580,-9999.000,0.243,6.993,0.035,0.121,0.014
74640,-9999.000,0.315,7.215,0.016,0.108,0.040
74700,-9999.000,0.108,7.276,0.003,0.084,-0.074
74760,-9999.000,0.083,7.075,-0.016,-0.010,-0.177
74820,-9999.000,-0.137,6.924,-0.037,-0.075,-0.266
74880,-9999.000,-0.062,7.040,-0.013,-0.009,-0.216
74940,-9999.000,-0.184,7.142,-0.045,-0.103,-0.303
75000,-9999.000,-0.163,6.854,-0.048,-0.087,-0.285
75060,-9999.000,-0.018,7.128,-0.019,-0.014,-0.186
75120,-9999.000,-0.075,7.143,-0.032,-0.048,-0.274
75180,-9999.000,0.114,6.855,0.001,0.032,-0.135
75240,-9999.000,0.210,7.487,0.015,0.104,0.021
75300,-9999.000,-0.047,6.786,0.004,0.082,-0.225
75360,-9999.000,0.123,7.373,-0.019,0.166,0.018
75420,-9999.000,0.043,6.881,0.011,0.236,-0.014
75480,-9999.000,-0.005,6.758,-0.001,0.014,-0.201
75540,-9999.000,-0.251,6.142,-0.075,-0.107,-0.381
75600,-9999.000,0.199,6.858,0.010,0.127,-0.066
75660,-9999.000,0.029,6.577,-0.032,0.136,-0.052
75720,-9999.000,0.150,6.802,0.012,0.136,-0.103
75780,-9999.000,0.128,6.995,-0.007,0.127,-0.039
75840,-9999.000,0.199,7.869,0.010,0.138,-0.161
75900,-9999.000,0.214,6.621,-0.032,0.107,-0.100
75960,-9999.000,0.224,6.967,-0.034,0.127,-0.071
76020,-9999.000,0.090,6.694,-0.037,0.044,-0.126
76080,-9999.000,0.235,7.085,-0.038,0.102,-0.149
76140,-9999.000,0.246,7.074,-0.026,0.110,-0.141
76200,-9999.000,0.251,7.297,0.014,0.139,-0.050
76260,-9999.000,0.118,7.357,-0.001,0.123,-0.088
76320,-9999.000,-0.026,7.074,-0.028,0.084,-0.203
76380,-9999.000,-0.219,6.787,-0.046,-0.070,-0.403
76440,-9999.000,-0.230,6.711,-0.052,-0.116,-0.407
76500,-9999.000,-0.239,6.367,-0.033,-0.062,-0.406
76560,-9999.000,-0.249,5.965,-0.051,-0.113,-0.464
76620,-9999.000,0.184,6.910,-0.028,0.008,-0.243
76680,-9999.000,0.042,6.655,0.032,0.101,-0.080
76740,-9999.000,0.199,6.724,0.048,0.102,-0.040
76800,-9999.000,0.158,6.866,0.035,0.090,-0.210
76860,-9999.000,0.272,6.741,0.010,0.110,-0.082
76920,-9999.000,0.115,6.721,-0.038,0.015,-0.118
76980,-9999.000,-0.003,6.535,-0.023,-0.019,-0.224
77040,-9999.000,0.144,7.124,-0.022,0.014,-0.258
77100,-9999.000,0.213,6.473,0.009,-0.000,-0.163
77160,-9999.000,0.156,6.473,-0.011,-0.024,-0.253
77220,-9999.000,-0.162,5.570,-0.062,-0.178,-0.449
77280,-9999.000,0.352,5.902,0.014,0.004,-0.074
77340,-9999.000,0.324,5.835,-0.015,0.068,-0.153
77400,-9999.000,0.297,6.086,-0.011,0.033,-0.160
77460,-9999.000,0.271,6.132,0.013,0.032,-0.235
77520,-9999.000,0.372,6.271,0.019,-0.032,-0.134
77580,-9999.000,0.201,6.351,0.028,0.064,-0.184
77640,-9999.000,0.244,6.424,-0.002,0.024,-0.187
77700,-9999.000,-0.062,6.699,-0.003,-0.156,-0.482
77760,-9999.000,-0.131,5.559,-0.048,-0.175,-0.467
77820,-9999.000,-0.122,5.623,-0.026,-0.140,-0.428
77880,-9999.000,0.091,5.796,-0.001,-0.045,-0.305
77940,-9999.000,0.319,6.331,0.037,-0.001,-0.127
78000,1.558,0.341,6.386,0.063,0.167,-0.044
78060,1.680,0.336,6.417,0.025,0.088,-0.083
78120,1.742,0.269,6.467,0.037,0.104,-0.093
78180,1.750,0.244,6.091,0.001,0.009,-0.219
78240,1.829,0.182,6.192,0.009,0.056,-0.170
78300,1.554,0.141,6.276,0.020,0.058,-0.112
78360,1.980,0.116,6.168,0.004,0.029,-0.173
78420,1.947,0.085,6.509,-0.002,0.043,-0.080
78480,1.838,0.060,6.136,0.012,0.038,-0.107
78540,2.032,0.208,6.418,0.021,0.083,-0.066
78600,2.062,0.245,6.311,0.074,0.092,-0.029
78660,1.917,0.068,6.143,0.016,0.004,-0.115
78720,2.276,0.289,6.172,0.006,0.116,-0.065
78780,2.562,0.468,6.446,0.024,0.225,0.101
78840,2.760,0.299,6.815,0.062,0.133,0.052
78900,2.769,0.441,6.711,0.059,0.177,0.133
78960,2.892,0.416,6.484,0.041,0.202,0.234
79020,2.942,0.438,6.622,0.056,0.160,0.262
79080,2.785,0.451,6.399,0.035,0.224,0.248
79140,2.573,0.225,6.724,0.056,0.091,0.014
79200,2.596,0.337,6.306,0.073,0.194,0.173
79260,-0.215,-0.025,5.543,-0.016,-0.031,-0.075
79320,0.124,-0.020,5.879,-0.005,-0.018,-0.059
79380,0.956,-0.012,5.825,0.002,-0.008,-0.043
79440,-0.030,-0.009,5.562,-0.014,-0.011,-0.027
79500,0.115,-0.005,5.516,-0.013,-0.006,-0.014
79560,-0.045,-0.011,5.699,-0.008,-0.005,-0.004
79620,0.795,0.044,5.530,0.016,0.033,0.044
79680,3.018,0.282,6.083,0.062,0.173,0.226
79740,0.856,-0.002,5.651,-0.000,0.014,0.011
79800,-0.141,-0.087,5.685,0.031,-0.035,-0.025
79860,2.645,0.242,6.061,0.061,0.124,0.108
79920,0.943,-0.082,5.738,0.032,-0.048,-0.020
79980,2.861,0.333,6.081,0.030,0.188,0.155
80040,2.854,0.349,6.389,0.069,0.088,0.294
80100,2.998,0.206,6.078,0.118,0.167,0.277
80160,2.471,0.347,6.271,0.036,0.107,0.345
80220,2.824,0.203,6.639,0.062,0.195,0.294
80280,2.555,0.217,6.722,0.053,0.200,0.359
80340,2.535,0.335,6.622,0.068,0.166,0.333
80400,2.369,0.243,6.634,0.063,0.186,0.291
80460,2.344,0.124,6.840,0.085,0.143,0.260
80520,2.293,0.258,6.933,0.078,0.164,0.292
80580,1.988,0.076,6.589,0.091,0.103,0.183
80640,2.007,0.096,6.569,0.074,0.099,0.270
80700,1.900,0.221,6.125,0.118,0.081,0.128
80760,1.801,-0.013,5.812,0.123,0.086,0.222
80820,1.840,-0.022,6.173,0.042,0.104,0.197
80880,1.694,0.032,6.125,0.065,0.016,0.290
80940,1.562,-0.001,6.032,0.031,0.069,0.222
81000,1.606,-0.015,6.354,0.032,-0.012,0.204
81060,1.202,-0.097,6.031,0.006,0.090,0.040
81120,1.344,-0.259,6.534,-0.003,-0.017,0.156
81180,1.090,-0.007,6.065,0.035,-0.004,0.268
81240,1.023,-0.105,6.324,0.066,0.020,0.155
81300,0.954,-0.204,6.336,0.107,0.030,0.180
81360,0.741,0.130,5.950,0.086,-0.048,0.197
81420,0.491,-0.272,5.332,0.072,-0.122,0.087
81480,0.432,-0.242,5.228,0.028,-0.061,0.117
81540,0.603,-0.172,5.754,0.029,-0.009,0.072
81600,0.680,-0.100,5.616,0.070,-0.030,0.054
81660,0.632,-0.152,5.504,0.030,0.011,0.105
81720,0.582,-0.144,5.332,0.091,-0.012,0.042
81780,0.567,0.001,5.304,0.120,-0.047,0.098
81840,0.565,-0.181,5.328,0.032,0.076,0.099
81900,0.610,0.084,5.367,0.094,-0.016,0.071
81960,0.652,0.005,5.151,0.152,-0.037,0.131
82020,0.649,0.001,5.042,0.088,0.015,0.052
82080,0.571,-0.032,4.800,0.138,0.046,0.013
82140,0.497,0.121,4.978,0.054,-0.027,0.079
82200,0.825,0.111,5.247,0.048,0.042,0.074
82260,0.648,0.079,5.089,0.098,-0.000,0.159
82320,0.663,-0.044,5.210,0.038,-0.020,-0.009
82380,0.643,0.021,5.285,0.044,-0.020,0.078
82440,0.806,0.217,5.259,0.032,-0.097,0.108
82500,0.800,0.150,5.431,0.070,0.014,0.037
82560,0.887,0.062,5.261,0.094,0.029,0.114
82620,0.742,0.104,4.818,0.138,0.015,0.065
82680,0.613,0.129,5.130,0.042,0.013,0.121
82740,0.797,0.103,4.771,0.062,-0.035,0.105
82800,0.443,0.175,5.087,0.063,-0.020,0.072
82860,0.607,0.213,5.353,0.084,0.093,0.055
82920,0.812,0.244,4.977,0.094,0.060,0.014
82980,0.675,0.349,5.193,0.094,0.055,0.104
83040,0.688,0.341,4.952,0.110,0.008,0.053
83100,0.619,0.326,5.050,0.102,0.042,0.038
83160,0.672,0.298,4.775,0.071,0.023,0.119
83220,0.474,0.165,4.990,0.166,0.036,0.029
83280,0.529,0.281,4.565,0.073,0.026,0.122
83340,0.570,0.430,4.281,0.111,-0.014,0.155
83400,0.385,0.287,4.302,0.093,0.068,0.102
83460,0.607,0.372,4.357,0.105,-0.024,0.067
83520,0.609,0.232,4.480,0.055,0.044,0.049
83580,0.777,0.356,4.773,0.076,0.048,0.055
83640,0.620,0.481,4.734,0.066,0.032,0.114
83700,0.669,0.300,4.525,0.063,0.059,0.068
83760,1.076,0.444,4.714,0.087,0.038,0.078
83820,0.710,0.356,4.494,0.065,0.038,0.044
83880,0.870,0.512,4.500,0.061,0.075,0.089
83940,0.880,0.379,4.235,0.109,0.042,0.053
84000,0.827,0.197,4.594,0.028,0.047,0.134
84060,0.721,0.278,4.904,0.040,0.060,0.108
84120,0.618,0.352,4.746,0.038,0.041,0.090
84180,0.785,0.285,4.583,0.048,0.025,0.122
84240,0.819,0.444,4.403,0.038,-0.004,0.099
84300,0.664,0.392,4.645,0.035,0.005,0.054
84360,0.537,0.471,4.808,0.048,-0.043,0.075
84420,0.669,0.354,4.785,0.022,0.051,0.153
84480,0.779,0.345,4.887,0.040,0.080,0.127
84540,0.855,0.474,4.757,0.036,0.077,0.082
84600,0.958,0.314,4.560,0.050,0.041,0.192
84660,0.880,0.482,4.501,0.049,0.129,0.127
84720,0.544,0.466,3.959,0.063,0.095,0.154
84780,0.740,0.469,4.337,0.018,0.055,0.262
84840,0.828,0.364,4.400,0.060,0.073,0.171
84900,0.682,0.497,4.711,0.024,0.088,0.248
84960,0.998,0.446,4.965,0.050,0.066,0.147
85020,0.979,0.674,4.576,-0.005,0.072,0.092
85080,-9999.000,-9999.000,-9999.000,-9999.000,-9999.000,-9999.000
85140,0.512,0.459,4.643,0.005,0.080,0.045
85200,0.827,0.295,4.396,0.044,0.095,0.185
85260,0.883,0.414,4.355,0.046,0.119,0.210
85320,0.896,0.346,4.036,0.072,0.086,0.142
85380,0.916,0.405,4.177,0.014,0.102,0.110
85440,1.143,0.381,4.442,0.052,0.118,0.107
85500,1.075,0.405,4.464,0.081,0.082,0.386
85560,1.085,0.284,4.472,0.060,0.086,0.147
85620,0.841,0.368,4.382,0.089,0.101,0.251
85680,0.962,0.304,4.645,0.037,0.013,0.117
85740,1.095,0.299,4.455,0.017,0.053,0.188
85800,1.027,0.373,4.374,0.040,0.104,0.257
85860,1.197,0.455,4.272,-0.017,0.021,0.118
85920,1.056,0.254,4.496,0.012,0.054,-0.004
85980,1.058,0.222,4.381,0.077,0.041,0.033
86040,1.261,0.138,4.443,0.080,0.084,-0.045
86100,1.273,0.251,4.249,0.036,0.070,-0.029
86160,1.230,0.392,3.900,0.095,0.106,0.069
86220,1.010,0.182,3.911,0.048,0.109,0.002
86280,1.046,0.233,4.015,0.023,0.070,0.049
86340,1.261,0.090,4.272,0.056,0.095,0.009
