CampaignData_and_Merges/R0/CSL_MobileLab_Parked/raw/20240717/USOS-NOAAIodideCIMS-OrgNitrs_MobileLabGround_20240717_RA.ict
38, 1001
Michael A Robinson, Chris Jernigan, Subi Thakali
NOAA ESRL Chemical Sciences Laboratory and CIRES, U. of Colorado
NOAA Iodide CIMS Instrument
USOS
1, 1
2024, 07, 17, 2024, 07, 18
0
starttime_UTC, seconds_past_midnight, seconds_of_day_since_00:00:00_UTC
5
1, 1, 1, 1, 1
-9999, -9999, -9999, -9999, -9999
C4H7NO5_NOAACIMS, pptv, Gas_C4H7NO5_InSitu_M_AVMR
ISOPN_NOAACIMS, pptv, Gas_ISOPN_InSitu_M_AVMR
C5H10O3_NOAACIMS, pptv, Gas_C5H10O3_InSitu_M_AVMR
C5H9NO5_NOAACIMS, pptv, Gas_C5H9NO5_InSitu_M_AVMR
C10H17NO4_NOAACIMS, pptv, Gas_C10H17NO4_InSitu_M_AVMR
1
N/A
18
PI_CONTACT_INFO: 325 Broadway, R/CSD 7, Boulder, Colorado 80305; michael.a.robinson@noaa.gov; chris.jernigan@noaa.gov;
PLATFORM: NOAA CSL Mobile Lab
LOCATION: SLC, Utah
ASSOCIATED_DATA: 1Hz data also available on request.
INSTRUMENT_INFO: NOAA I- ToF CIMS
DATA_INFO: Units: pptv
UNCERTAINTY: tbd
ULOD_FLAG: -7777
ULOD_VALUE: N/A
LLOD_FLAG: -8888
LLOD_VALUE: N/A
DM_CONTACT_INFO: Nathan Howard; nathan.h.howard@noaa.gov
PROJECT_INFO: USOS, summer 2024. https://csl.noaa.gov/groups/csl7/measurements/2024usos/
STIPULATIONS_ON_USE: only the USOS science team is allowed to use this data
OTHER_COMMENTS: Field data; Data are averaged to 1 minute intervals. Stationary data collected from a 10 ft tower on top of the mobile lab
REVISION: RA
RA: Preliminary Data; For in-field use only
starttime_UTC, C4H7NO5_NOAACIMS, ISOPN_NOAACIMS, C5H10O3_NOAACIMS, C5H9NO5_NOAACIMS, C10H17NO4_NOAACIMS
[from data line 422]
25320,3.895,7.574,64.421,7.361,0.846
25380,3.858,7.164,63.315,7.569,0.831
25440,3.884,7.079,63.044,7.609,0.738
25500,3.753,8.009,61.198,7.974,0.959
25560,3.768,7.227,59.699,7.652,0.925
25620,3.841,6.702,63.391,7.727,0.869
25680,3.940,6.510,65.891,7.782,0.880
25740,3.944,6.537,62.853,7.346,0.857
25800,-9999.000,-9999.000,-9999.000,-9999.000,-9999.000
25860,-9999.000,-9999.000,-9999.000,-9999.000,-9999.000
25920,-9999.000,-9999.000,-9999.000,-9999.000,-9999.000
25980,-9999.000,-9999.000,-9999.000,-9999.000,-9999.000
26040,-9999.000,-9999.000,-9999.000,-9999.000,-9999.000
26100,3.975,5.668,61.027,7.252,0.900
26160,3.969,5.810,59.987,7.126,0.972
26220,4.011,5.698,60.359,7.092,0.862
26280,4.090,5.610,64.180,7.103,0.950
26340,4.049,5.420,63.897,7.155,0.971
26400,4.014,5.826,62.694,7.130,0.917
26460,3.996,5.440,63.176,7.128,0.953
26520,4.017,5.386,61.683,6.878,0.932
26580,4.002,5.642,64.286,7.288,0.996
26640,4.015,5.930,63.835,7.121,0.967
26700,4.082,5.356,63.811,7.105,0.977
26760,4.091,5.757,63.657,7.189,0.983
26820,4.059,5.746,63.392,7.089,0.950
26880,3.997,5.507,62.428,7.078,1.052
26940,4.095,5.657,62.457,7.179,0.956
27000,4.047,5.453,62.796,7.261,1.002
27060,4.008,5.206,63.662,7.103,1.000
27120,4.005,5.382,62.409,7.063,1.019
27180,3.989,5.538,59.590,7.012,0.931
27240,3.922,5.485,59.771,7.018,1.074
27300,4.132,5.109,62.540,7.288,1.072
27360,4.230,5.240,62.782,7.142,1.085
27420,4.160,5.221,65.911,7.303,1.075
27480,4.061,5.249,64.075,7.073,1.172
27540,4.167,5.459,65.101,7.310,1.112
27600,4.261,5.508,66.936,7.350,1.143
27660,4.191,5.159,66.636,7.181,1.244
27720,-9999.000,-9999.000,-9999.000,-9999.000,-9999.000
27780,-9999.000,-9999.000,-9999.000,-9999.000,-9999.000
27840,-9999.000,-9999.000,-9999.000,-9999.000,-9999.000
27900,4.032,5.136,62.416,7.348,1.067
27960,4.061,5.851,62.733,7.291,1.066
28020,4.022,5.894,62.721,7.534,0.968
28080,4.094,5.832,65.642,7.784,1.017
28140,4.118,5.982,65.325,8.094,0.970
28200,4.023,5.805,64.257,7.895,0.818
28260,3.977,6.061,67.472,7.891,1.041
28320,3.870,6.867,63.577,8.710,1.171
28380,3.812,7.355,56.185,9.818,1.279
28440,3.784,8.144,53.881,11.005,1.603
28500,3.805,8.152,51.582,10.497,1.445
28560,3.712,8.539,49.208,11.018,1.396
28620,3.692,7.998,50.299,10.986,1.562
28680,3.665,8.194,47.610,11.076,1.553
28740,3.724,8.509,47.601,10.913,1.665
28800,3.667,8.632,47.919,11.138,1.641
28860,3.598,8.506,46.774,11.286,1.690
28920,3.609,8.469,44.082,10.977,1.594
28980,3.533,8.387,46.619,10.756,1.738
29040,3.464,8.487,44.516,10.608,1.783
29100,3.498,7.851,42.878,10.296,1.659
29160,3.454,8.296,43.021,10.178,1.659
29220,3.446,7.843,43.328,9.940,1.687
29280,3.476,7.887,42.987,9.450,1.603
29340,3.501,7.868,46.184,9.758,1.665
29400,3.587,8.024,48.802,9.808,1.605
29460,-9999.000,-9999.000,-9999.000,-9999.000,-9999.000
29520,-9999.000,-9999.000,-9999.000,-9999.000,-9999.000
29580,-9999.000,-9999.000,-9999.000,-9999.000,-9999.000
29640,-9999.000,-9999.000,-9999.000,-9999.000,-9999.000
29700,-9999.000,-9999.000,-9999.000,-9999.000,-9999.000
29760,-9999.000,-9999.000,-9999.000,-9999.000,-9999.000
29820,3.607,7.906,47.393,9.450,1.377
29880,3.774,7.051,52.160,9.080,1.105
29940,3.860,6.465,56.324,8.870,1.030
30000,3.776,6.672,54.444,8.948,1.053
30060,3.686,6.680,54.136,9.135,1.202
30120,3.663,7.515,51.486,8.964,1.340
30180,3.692,7.058,50.804,9.010,1.360
30240,3.729,7.025,53.142,9.080,1.288
30300,3.767,5.589,53.201,8.203,0.969
30360,3.869,5.406,53.976,8.006,0.973
30420,3.924,5.302,57.303,8.048,0.985
30480,3.943,5.677,58.911,7.635,0.993
30540,3.834,5.281,57.564,7.441,1.012
30600,3.820,5.316,57.290,7.545,0.922
30660,3.952,4.868,58.439,7.539,0.996
30720,3.803,5.188,57.755,7.489,0.785
30780,3.921,5.070,60.834,7.446,1.098
30840,3.935,4.893,62.112,7.472,1.072
30900,3.927,5.006,61.568,7.665,1.018
30960,3.893,5.164,61.199,7.557,1.046
31020,3.895,4.993,59.927,7.513,1.189
31080,3.832,4.753,58.491,7.346,1.073
31140,3.870,4.894,60.748,7.342,1.268
31200,3.837,4.509,60.976,7.366,1.287
31260,3.873,4.838,59.410,7.385,1.184
31320,-9999.000,-9999.000,-9999.000,-9999.000,-9999.000
31380,-9999.000,-9999.000,-9999.000,-9999.000,-9999.000
31440,-9999.000,-9999.000,-9999.000,-9999.000,-9999.000
31500,-9999.000,-9999.000,-9999.000,-9999.000,-9999.000
31560,-9999.000,-9999.000,-9999.000,-9999.000,-9999.000
31620,3.655,4.445,54.278,7.319,1.177
31680,3.649,4.339,56.193,7.495,1.303
31740,3.637,4.322,54.443,7.158,1.125
31800,3.655,4.673,55.245,7.365,1.281
31860,3.587,4.307,54.042,7.136,1.195
31920,3.583,4.299,53.527,7.163,1.266
31980,3.543,4.575,55.298,7.086,1.245
32040,3.554,4.079,54.339,7.051,1.231
32100,3.484,4.181,52.966,7.027,1.107
32160,3.570,4.110,54.342,7.135,1.227
32220,3.492,4.243,52.355,7.290,1.193
32280,3.528,4.327,51.968,7.270,1.172
32340,3.501,4.178,52.922,7.384,1.136
32400,3.442,4.414,54.238,7.306,1.214
32460,3.420,4.252,52.451,7.158,1.093
32520,3.426,4.096,54.260,7.366,1.163
32580,3.371,3.942,52.444,7.237,0.910
32640,3.403,4.017,51.925,7.239,0.982
32700,3.426,4.173,52.737,7.506,1.200
32760,3.384,4.258,52.217,7.258,1.016
32820,3.391,3.956,51.383,7.459,1.100
32880,3.393,4.159,51.427,7.227,1.042
32940,3.342,4.133,50.454,7.348,0.987
33000,3.321,3.965,50.013,7.270,0.988
33060,3.301,3.791,49.320,7.161,0.897
33120,3.304,3.835,48.230,7.183,0.877
33180,-9999.000,-9999.000,-9999.000,-9999.000,-9999.000
33240,-9999.000,-9999.000,-9999.000,-9999.000,-9999.000
33300,-9999.000,-9999.000,-9999.000,-9999.000,-9999.000
33360,-9999.000,-9999.000,-9999.000,-9999.000,-9999.000
33420,-9999.000,-9999.000,-9999.000,-9999.000,-9999.000
33480,3.182,3.584,42.809,7.044,0.933
33540,3.186,4.077,44.918,7.151,0.951
33600,3.248,4.035,46.735,7.139,0.953
33660,3.207,3.694,45.557,7.219,0.917
33720,3.139,3.562,45.487,7.247,0.836
33780,3.168,3.982,45.507,7.336,1.082
33840,3.178,3.555,45.750,7.512,0.937
33900,3.105,3.776,45.129,7.131,0.889
33960,3.111,4.016,43.826,7.158,0.951
34020,3.111,3.635,45.356,7.361,0.829
34080,3.172,4.018,46.099,7.503,0.977
34140,3.118,3.652,44.183,7.369,0.993
34200,3.139,4.257,45.989,7.705,0.946
34260,3.183,3.909,45.270,7.650,0.862
34320,3.159,3.864,44.464,7.570,0.944
34380,3.160,4.215,47.598,7.907,1.024
34440,3.248,4.421,47.075,7.922,0.982
34500,3.275,4.737,47.245,7.927,1.019
34560,3.244,4.569,48.682,7.976,1.094
34620,3.212,4.309,44.008,7.971,1.034
34680,3.135,4.273,44.391,7.884,1.108
34740,3.170,4.272,47.909,8.035,1.095
34800,3.217,4.363,46.915,7.946,1.095
34860,3.140,4.449,46.081,8.088,1.122
34920,3.160,4.363,45.002,7.913,1.147
34980,3.080,4.338,45.517,7.986,1.191
35040,-9999.000,-9999.000,-9999.000,-9999.000,-9999.000
35100,-9999.000,-9999.000,-9999.000,-9999.000,-9999.000
35160,-9999.000,-9999.000,-9999.000,-9999.000,-9999.000
35220,-9999.000,-9999.000,-9999.000,-9999.000,-9999.000
35280,3.065,4.473,43.364,7.859,1.117
35340,3.111,4.266,43.400,7.953,1.165
35400,3.112,4.263,43.239,8.082,1.096
35460,3.164,4.323,45.055,8.172,1.184
35520,3.130,4.319,44.135,7.855,1.135
35580,3.098,4.395,45.686,8.119,1.255
35640,3.055,4.278,43.362,8.055,1.181
35700,3.035,4.232,43.341,7.709,1.202
35760,3.018,3.948,42.738,7.818,1.184
35820,3.057,4.099,43.662,7.882,1.175
35880,3.111,3.904,43.043,8.021,1.247
35940,3.079,4.009,43.979,8.081,1.265
36000,3.015,4.023,43.375,7.684,1.144
36060,3.007,3.732,41.739,7.645,1.094
36120,2.932,3.917,41.767,7.689,1.163
36180,2.916,3.869,42.571,7.805,1.181
36240,2.943,3.952,41.652,7.666,1.160
36300,3.079,4.045,43.654,7.757,1.243
36360,2.941,3.931,42.509,7.659,1.160
36420,2.917,4.025,40.477,7.518,1.058
36480,3.007,3.948,41.719,7.649,1.066
36540,2.973,4.075,42.452,7.774,1.153
36600,2.968,4.034,43.204,7.821,1.083
36660,3.080,4.438,43.258,7.946,1.137
36720,3.106,4.656,44.394,8.271,1.105
36780,3.137,4.444,44.056,8.270,1.098
36840,3.151,4.471,41.980,8.150,1.070
36900,-9999.000,-9999.000,-9999.000,-9999.000,-9999.000
36960,-9999.000,-9999.000,-9999.000,-9999.000,-9999.000
37020,-9999.000,-9999.000,-9999.000,-9999.000,-9999.000
37080,-9999.000,-9999.000,-9999.000,-9999.000,-9999.000
37140,-9999.000,-9999.000,-9999.000,-9999.000,-9999.000
37200,2.997,4.287,39.935,7.898,0.927
37260,3.039,4.107,40.733,7.990,1.100
37320,3.051,4.497,42.600,7.823,1.083
37380,3.083,4.394,42.484,7.700,0.933
37440,3.071,4.917,43.462,7.787,1.097
37500,3.031,4.434,41.689,7.539,1.041
37560,3.099,4.685,42.827,7.641,1.043
37620,2.995,4.758,43.662,7.774,1.132
37680,3.035,4.636,43.426,8.047,1.099
37740,3.119,4.399,43.206,7.945,1.087
37800,3.092,4.815,44.571,7.945,1.117
37860,3.072,4.716,42.188,7.733,1.114
37920,3.072,4.863,42.441,7.853,1.033
37980,3.046,4.941,45.310,8.042,1.134
38040,3.103,4.851,45.802,8.052,1.197
38100,3.076,4.679,43.940,7.876,1.174
38160,3.008,4.813,45.375,7.690,1.128
38220,3.073,4.823,44.634,7.689,1.073
38280,3.114,4.633,43.271,7.685,1.066
38340,3.085,4.694,44.845,7.995,1.172
38400,3.168,4.875,43.769,7.955,1.097
38460,3.171,5.061,44.657,7.970,1.197
38520,3.124,5.045,45.621,8.070,1.205
38580,3.192,5.250,45.610,8.164,1.111
38640,3.140,5.313,45.456,8.114,1.215
38700,3.147,5.193,46.829,7.931,1.063
38760,-9999.000,-9999.000,-9999.000,-9999.000,-9999.000
38820,-9999.000,-9999.000,-9999.000,-9999.000,-9999.000
38880,-9999.000,-9999.000,-9999.000,-9999.000,-9999.000
38940,3.091,5.122,42.636,7.684,1.020
39000,3.159,4.848,43.772,7.808,1.176
39060,3.159,5.058,43.809,7.730,1.146
39120,3.134,5.021,44.093,7.892,1.186
39180,3.109,5.025,42.061,8.049,1.174
39240,3.079,4.901,42.095,7.768,1.227
39300,3.119,5.219,42.516,7.953,1.059
39360,3.205,5.223,44.402,8.156,1.144
39420,3.201,5.245,45.148,8.260,1.117
39480,3.222,5.665,46.282,8.218,1.274
39540,3.145,5.107,45.670,8.122,1.128
39600,3.210,5.500,45.466,8.069,1.116
39660,3.176,5.532,47.624,8.117,1.235
39720,3.220,5.537,46.678,8.180,1.179
39780,3.237,5.743,48.556,8.157,1.262
39840,3.231,5.369,47.527,8.163,1.170
39900,3.196,5.764,48.002,8.279,1.211
39960,3.168,5.445,47.896,8.187,1.237
40020,3.184,5.366,46.803,7.993,1.143
40080,3.095,5.586,46.071,8.221,1.158
40140,3.276,5.806,48.557,8.540,1.124
40200,3.284,5.919,48.772,8.765,1.186
40260,3.286,5.732,48.836,8.656,1.160
40320,3.265,5.951,47.802,8.659,1.185
40380,3.266,6.084,48.800,8.730,1.165
40440,3.225,5.665,47.016,8.484,1.197
40500,3.255,5.930,48.856,8.714,1.161
40560,3.267,5.886,49.256,8.391,1.171
40620,-9999.000,-9999.000,-9999.000,-9999.000,-9999.000
40680,-9999.000,-9999.000,-9999.000,-9999.000,-9999.000
40740,-9999.000,-9999.000,-9999.000,-9999.000,-9999.000
40800,-9999.000,-9999.000,-9999.000,-9999.000,-9999.000
40860,3.130,5.555,43.994,8.365,1.140
40920,3.211,6.100,47.325,8.193,1.158
40980,3.222,5.941,45.248,8.470,1.179
41040,3.221,6.074,45.044,8.414,1.136
41100,3.309,6.125,47.126,8.524,1.146
41160,3.211,6.118,47.997,8.582,1.180
41220,3.247,6.248,45.967,8.629,1.188
41280,3.223,6.076,46.906,8.505,1.153
41340,3.299,5.950,47.649,8.679,1.206
41400,3.326,6.130,47.872,8.903,1.129
41460,3.295,5.962,49.003,8.804,1.322
41520,3.304,5.908,48.148,9.058,1.317
41580,3.233,5.618,47.481,8.707,1.248
41640,3.358,6.120,47.770,8.775,1.136
41700,3.332,6.234,47.465,9.045,1.189
41760,3.339,6.071,47.153,9.005,1.174
41820,3.365,6.198,49.467,9.218,1.209
41880,3.475,6.700,49.714,9.238,1.251
41940,3.429,6.555,48.465,9.494,1.227
42000,3.411,6.615,48.548,9.405,1.182
42060,3.326,6.180,46.500,9.293,1.097
42120,3.390,6.607,47.221,9.171,1.137
42180,3.450,6.698,48.201,9.386,1.151
42240,3.449,6.548,47.805,9.189,1.045
42300,3.461,6.456,47.839,9.517,1.194
42360,3.517,6.581,47.516,9.512,1.094
42420,3.509,6.725,49.980,9.591,1.097
42480,-9999.000,-9999.000,-9999.000,-9999.000,-9999.000
42540,-9999.000,-9999.000,-9999.000,-9999.000,-9999.000
42600,-9999.000,-9999.000,-9999.000,-9999.000,-9999.000
42660,-9999.000,-9999.000,-9999.000,-9999.000,-9999.000
42720,3.545,6.657,45.996,9.901,1.031
42780,3.526,7.144,48.393,9.799,1.118
42840,3.561,7.146,49.799,9.853,1.169
42900,3.525,6.932,48.433,9.959,1.113
42960,3.576,7.126,48.453,9.946,1.147
43020,3.571,7.100,49.647,9.763,1.112
43080,3.586,7.201,51.657,10.033,1.125
43140,3.542,7.073,50.089,9.900,1.127
43200,3.648,7.058,50.330,10.074,1.212
43260,3.509,7.214,49.420,9.797,1.125
43320,3.552,6.959,47.797,9.562,1.072
43380,3.539,6.895,50.051,9.578,1.155
43440,3.444,6.916,49.919,9.735,1.222
43500,3.552,7.293,49.677,9.836,1.226
43560,3.480,7.062,49.430,9.764,1.141
43620,3.514,7.507,49.932,9.675,1.094
43680,3.521,7.205,50.008,9.705,1.206
43740,3.521,6.849,50.148,9.652,1.125
43800,3.469,7.099,50.603,9.440,1.186
43860,3.435,7.252,49.232,9.747,1.163
43920,3.498,6.763,49.257,9.466,1.189
43980,3.475,6.750,48.759,9.583,1.169
44040,3.397,7.066,49.594,9.373,1.287
44100,3.453,6.887,48.885,9.459,1.150
44160,3.488,6.812,49.879,9.659,1.141
44220,3.439,6.879,48.555,9.382,1.197
44280,-9999.000,-9999.000,-9999.000,-9999.000,-9999.000
44340,-9999.000,-9999.000,-9999.000,-9999.000,-9999.000
44400,-9999.000,-9999.000,-9999.000,-9999.000,-9999.000
44460,-9999.000,-9999.000,-9999.000,-9999.000,-9999.000
44520,-9999.000,-9999.000,-9999.000,-9999.000,-9999.000
44580,3.449,7.054,46.492,9.271,1.127
44640,3.431,6.903,47.013,9.423,1.225
44700,3.495,6.664,47.229,9.137,1.237
44760,3.477,6.802,47.350,9.166,1.272
44820,3.456,6.889,47.310,9.493,1.265
44880,3.539,7.051,48.094,9.422,1.217
44940,3.518,7.169,48.285,9.554,1.341
45000,3.557,6.937,48.609,9.273,1.266
45060,3.543,7.063,49.116,9.575,1.388
45120,3.575,7.160,51.245,9.726,1.410
45180,3.633,7.204,49.885,9.537,1.330
45240,3.585,6.957,48.947,9.347,1.278
45300,3.604,6.954,49.685,9.376,1.356
45360,3.659,6.926,50.733,9.438,1.416
45420,3.592,6.856,49.937,9.568,1.343
45480,3.583,7.418,48.360,9.517,1.393
45540,3.589,7.100,49.442,9.458,1.434
45600,3.591,7.135,48.704,9.207,1.335
45660,3.634,7.269,49.893,9.384,1.350
45720,3.604,7.004,51.386,9.631,1.490
45780,3.543,7.339,50.654,9.305,1.595
45840,3.593,7.124,50.264,9.436,1.459
45900,3.665,7.222,49.731,9.479,1.500
45960,3.599,7.028,49.448,9.256,1.460
46020,3.523,6.682,48.983,9.247,1.205
46080,-9999.000,-9999.000,-9999.000,-9999.000,-9999.000
46140,-9999.000,-9999.000,-9999.000,-9999.000,-9999.000
46200,-9999.000,-9999.000,-9999.000,-9999.000,-9999.000
46260,-9999.000,-9999.000,-9999.000,-9999.000,-9999.000
46320,-9999.000,-9999.000,-9999.000,-9999.000,-9999.000
46380,-9999.000,-9999.000,-9999.000,-9999.000,-9999.000
46440,3.673,6.926,47.093,9.097,1.495
46500,3.572,6.515,48.092,9.142,1.397
46560,3.665,6.507,47.338,9.093,1.358
46620,3.690,6.811,49.122,9.066,1.367
46680,3.665,6.913,48.824,9.182,1.404
46740,3.660,6.342,48.022,9.003,1.343
46800,3.995,8.237,55.466,10.472,1.812
46860,4.213,8.254,59.458,11.270,2.160
46920,4.382,8.373,61.886,11.249,2.318
46980,4.181,8.119,61.847,10.913,1.947
47040,4.234,7.474,58.450,10.444,1.803
47100,4.027,7.386,61.193,9.954,1.671
47160,4.045,7.513,60.574,9.789,1.720
47220,3.845,7.011,57.663,9.629,1.618
47280,4.038,6.791,57.333,9.735,1.582
47340,4.003,6.723,55.838,9.607,1.503
47400,4.016,6.488,55.103,9.349,1.480
47460,3.974,6.819,56.460,9.314,1.411
47520,3.980,6.707,56.404,9.067,1.424
47580,3.972,6.210,52.509,9.281,1.319
47640,3.919,6.474,53.201,9.062,1.281
47700,3.923,6.157,52.972,8.950,1.250
47760,3.994,6.475,52.184,9.067,1.217
47820,3.935,5.950,53.003,9.117,1.268
47880,3.981,5.999,52.639,8.809,1.304
47940,3.901,5.966,51.090,8.849,1.165
48000,3.953,6.081,50.050,8.825,1.016
48060,-9999.000,-9999.000,-9999.000,-9999.000,-9999.000
48120,-9999.000,-9999.000,-9999.000,-9999.000,-9999.000
48180,-9999.000,-9999.000,-9999.000,-9999.000,-9999.000
48240,-9999.000,-9999.000,-9999.000,-9999.000,-9999.000
48300,-9999.000,-9999.000,-9999.000,-9999.000,-9999.000
48360,3.992,5.563,45.412,8.319,0.951
48420,3.981,6.016,46.900,8.313,0.928
48480,3.992,6.172,49.398,8.278,0.995
48540,4.071,5.902,49.764,8.378,0.972
48600,4.039,5.674,48.449,8.583,0.879
48660,4.047,6.282,50.202,8.472,0.992
48720,4.048,5.994,49.749,8.222,0.992
48780,3.990,5.696,49.291,8.053,0.932
48840,4.012,5.838,50.898,8.307,0.951
48900,4.041,5.878,50.934,8.339,0.926
48960,4.074,5.755,49.838,8.279,0.913
49020,4.104,5.844,50.954,8.386,0.971
49080,4.076,5.968,49.844,7.957,0.957
49140,4.086,6.233,52.043,8.113,1.049
49200,4.166,6.271,53.254,8.184,1.091
49260,4.133,6.407,50.704,7.901,0.911
