CampaignData_and_Merges/R0/CSL_MobileLab_Parked/raw/20240717/USOS-NOAAIodideCIMS-N2O5_MobileLabGround_20240717_RA.ict
34, 1001
Michael A Robinson, Chris Jernigan, Subi Thakali
NOAA ESRL Chemical Sciences Laboratory and CIRES, U. of Colorado
NOAA Iodide CIMS Instrument
USOS
1, 1
2024, 07, 17, 2024, 07, 18
0
starttime_UTC, seconds_past_midnight, seconds_of_day_since_00:00:00_UTC
1
1
-9999
N2O5_NOAACIMS, pptv, Gas_N2O5_InSitu_S_AVMR
1
N/A
18
PI_CONTACT_INFO: 325 Broadway, R/CSD 7, Boulder, Colorado 80305; michael.a.robinson@noaa.gov; chris.jernigan@noaa.gov;
PLATFORM: NOAA CSL Mobile Lab
LOCATION: SLC, Utah
ASSOCIATED_DATA: 1Hz data also available on request.
INSTRUMENT_INFO: NOAA I- ToF CIMS
DATA_INFO: Units: pptv
UNCERTAINTY: tbd
ULOD_FLAG: -7777
ULOD_VALUE: N/A
LLOD_FLAG: -8888
LLOD_VALUE: N/A
DM_CONTACT_INFO: Nathan Howard; nathan.h.howard@noaa.gov
PROJECT_INFO: USOS, summer 2024. https://csl.noaa.gov/groups/csl7/measurements/2024usos/
STIPULATIONS_ON_USE: only the USOS science team is allowed to use this data
OTHER_COMMENTS: Field data; Data are averaged to 1 minute intervals. Stationary data collected from a 10 ft tower on top of the mobile lab
REVISION: RA
RA: Preliminary Data; For in-field use only
starttime_UTC, N2O5_NOAACIMS
0,-9999.000
60,0.075
120,0.109
180,0.088
240,0.125
300,0.122
360,0.103
420,0.065
480,0.134
540,0.068
600,0.139
660,0.181
720,0.139
780,0.111
840,0.144
900,0.277
960,0.136
1020,0.150
1080,0.063
1140,0.098
1200,0.103
1260,0.106
1320,0.144
1380,0.194
1440,0.163
1500,0.114
1560,0.109
1620,0.015
1680,0.119
1740,0.175
1800,0.089
1860,0.105
1920,0.100
1980,0.171
2040,0.142
2100,0.113
2160,0.127
2220,0.150
2280,0.102
2340,0.069
2400,0.168
2460,0.211
2520,0.103
2580,0.180
2640,0.088
2700,0.061
2760,0.057
2820,0.124
2880,0.133
2940,0.104
3000,0.038
3060,0.098
3120,0.179
3180,0.133
3240,0.170
3300,0.057
3360,0.129
3420,0.034
3480,0.089
3540,0.150
3600,0.071
3660,0.055
3720,-0.001
3780,0.145
3840,0.122
3900,0.088
3960,0.147
4020,0.156
4080,0.228
4140,0.236
4200,0.101
4260,0.291
4320,0.202
4380,0.231
4440,0.210
4500,0.195
4560,0.163
4620,0.137
4680,0.283
4740,0.283
4800,0.504
4860,0.260
4920,0.307
4980,0.643
5040,0.942
5100,0.909
5160,0.871
5220,0.805
5280,0.817
5340,0.871
5400,1.067
5460,1.572
5520,1.667
5580,1.075
5640,0.983
5700,1.299
5760,1.174
5820,1.119
5880,1.093
5940,1.247
6000,1.396
6060,1.246
6120,1.588
6180,1.293
6240,1.163
6300,1.287
6360,1.243
6420,1.260
6480,1.591
6540,1.297
6600,1.354
6660,1.246
6720,1.088
6780,1.172
6840,0.968
6900,0.844
6960,0.866
7020,1.242
7080,1.008
7140,1.269
7200,1.510
7260,0.918
7320,1.267
7380,1.279
7440,1.267
7500,1.426
7560,1.311
7620,1.822
7680,1.335
7740,1.823
7800,1.734
7860,2.592
7920,1.937
7980,1.885
8040,1.719
8100,1.641
8160,2.218
8220,1.249
8280,1.447
8340,1.620
8400,2.268
8460,2.186
8520,1.720
8580,2.029
8640,2.355
8700,2.761
8760,2.110
8820,2.628
8880,2.233
8940,2.763
9000,3.166
9060,4.238
9120,6.775
9180,6.497
9240,6.629
9300,8.854
9360,7.779
9420,8.605
9480,10.348
9540,9.491
9600,6.579
9660,8.779
9720,6.707
9780,5.725
9840,6.085
9900,3.260
9960,4.447
10020,3.766
10080,2.853
10140,3.054
10200,2.467
10260,2.551
10320,1.769
10380,1.593
10440,1.603
10500,1.370
10560,1.380
10620,1.318
10680,1.432
10740,1.351
10800,1.200
10860,1.618
10920,1.698
10980,1.700
11040,1.423
11100,0.901
11160,1.723
11220,1.241
11280,1.241
11340,1.413
11400,1.435
11460,1.701
11520,1.236
11580,1.182
11640,0.967
11700,0.975
11760,1.077
11820,1.183
11880,1.123
11940,1.183
12000,1.095
12060,1.140
12120,1.311
12180,1.444
12240,1.320
12300,1.297
12360,1.313
12420,1.248
12480,0.797
12540,0.862
12600,0.827
12660,1.011
12720,1.081
12780,1.247
12840,0.934
12900,1.265
12960,1.456
13020,1.158
13080,1.186
13140,1.215
13200,1.344
13260,1.659
13320,1.808
13380,2.010
13440,1.779
13500,2.282
13560,2.728
13620,2.784
13680,2.047
13740,2.956
13800,2.468
13860,2.616
13920,3.493
13980,2.755
14040,3.711
14100,3.404
14160,2.787
14220,3.642
14280,3.085
14340,3.571
14400,2.773
14460,2.585
14520,2.756
14580,3.216
14640,3.147
14700,3.312
14760,4.335
14820,3.523
14880,2.880
14940,2.580
15000,2.116
15060,2.614
15120,2.118
15180,2.277
15240,2.305
15300,1.788
15360,2.117
15420,2.206
15480,2.282
15540,2.376
15600,2.023
15660,2.054
15720,2.423
15780,1.653
15840,1.957
15900,2.495
15960,1.900
16020,2.259
16080,2.455
16140,2.688
16200,2.454
16260,2.190
16320,1.854
16380,2.027
16440,2.094
16500,2.544
16560,2.395
16620,1.860
16680,2.222
16740,2.638
16800,2.159
16860,2.321
16920,2.562
16980,1.943
17040,2.366
17100,2.378
17160,2.603
17220,3.168
17280,2.016
17340,2.436
17400,2.615
17460,2.197
17520,2.374
17580,2.389
17640,2.258
17700,2.794
17760,2.478
17820,2.396
17880,2.665
17940,2.199
18000,2.144
18060,2.617
18120,2.920
18180,3.020
18240,3.019
18300,2.312
18360,2.559
18420,2.892
18480,-9999.000
18540,2.853
18600,2.692
18660,2.282
18720,2.548
18780,2.976
18840,2.524
18900,3.245
18960,2.463
19020,2.930
19080,2.721
19140,3.168
19200,2.893
19260,3.801
19320,3.060
19380,3.448
19440,4.466
19500,3.654
19560,3.065
19620,3.178
19680,2.549
19740,3.094
19800,3.431
19860,2.826
19920,2.757
19980,2.587
20040,2.759
20100,3.169
20160,2.590
20220,2.389
20280,2.447
20340,1.655
20400,2.393
20460,2.460
20520,2.449
20580,2.040
20640,2.066
20700,2.140
20760,1.883
20820,2.092
20880,2.439
20940,2.365
21000,3.208
21060,2.668
21120,3.102
21180,4.284
21240,4.080
21300,3.081
21360,3.382
21420,3.025
21480,2.770
21540,2.805
21600,2.978
21660,3.083
21720,2.787
21780,2.260
21840,2.190
21900,1.917
21960,1.963
22020,2.257
22080,2.080
22140,1.170
22200,0.773
22260,2.102
22320,1.651
22380,2.144
22440,2.317
22500,2.431
22560,2.989
22620,2.650
22680,2.269
22740,1.945
22800,2.214
22860,1.949
22920,2.016
22980,1.497
23040,1.577
23100,1.676
23160,1.657
23220,1.777
23280,1.707
23340,1.478
23400,1.649
23460,1.597
23520,1.666
23580,1.913
23640,1.833
23700,1.735
23760,1.771
23820,2.059
23880,1.890
23940,2.297
24000,1.300
24060,1.853
24120,1.707
24180,1.855
24240,2.141
24300,1.826
24360,1.788
24420,1.959
24480,2.106
24540,2.205
24600,1.701
24660,2.194
24720,2.383
24780,1.960
24840,2.176
24900,2.247
24960,2.080
25020,2.204
25080,2.564
25140,2.575
25200,2.451
25260,2.578
25320,2.527
25380,2.570
25440,2.806
25500,5.326
25560,3.420
25620,3.198
25680,2.897
25740,3.141
25800,3.106
25860,3.966
25920,3.619
25980,3.662
26040,3.422
26100,3.335
26160,3.228
26220,4.080
26280,4.233
26340,4.345
26400,4.101
26460,3.710
26520,3.833
26580,3.335
26640,3.448
26700,3.822
26760,4.059
26820,4.036
26880,3.844
26940,4.205
27000,4.428
27060,3.780
27120,3.221
27180,3.940
27240,4.027
27300,4.769
27360,5.078
27420,5.043
27480,4.808
27540,5.030
27600,5.576
27660,4.907
27720,5.034
27780,5.268
27840,4.828
27900,4.531
27960,4.111
28020,4.930
28080,4.380
28140,4.854
28200,5.244
28260,4.992
28320,11.624
28380,49.179
28440,60.516
28500,45.267
28560,47.552
28620,34.948
28680,48.247
28740,42.789
28800,38.729
28860,36.298
28920,35.936
28980,34.382
29040,26.682
29100,26.309
29160,25.866
29220,23.591
29280,20.119
29340,15.800
29400,13.844
29460,13.997
29520,12.604
29580,12.049
29640,12.435
29700,10.886
29760,8.728
29820,9.470
29880,7.580
29940,8.245
30000,9.738
30060,9.164
30120,10.882
30180,9.503
30240,7.755
30300,6.573
30360,5.837
30420,5.161
30480,4.853
30540,4.934
30600,4.472
30660,5.522
30720,5.965
30780,5.280
30840,5.478
30900,6.234
30960,5.423
31020,6.430
31080,5.822
31140,5.877
31200,6.119
31260,6.157
31320,6.244
31380,6.164
31440,6.404
31500,6.315
31560,6.851
31620,6.450
31680,6.596
31740,6.879
31800,6.704
31860,6.934
31920,7.529
31980,6.282
32040,6.503
32100,7.611
32160,7.772
32220,7.583
32280,7.717
32340,6.974
32400,6.599
32460,7.334
32520,6.803
32580,7.020
32640,7.713
32700,8.007
32760,7.037
32820,6.907
32880,7.453
32940,6.766
33000,7.024
33060,7.509
33120,7.433
33180,6.471
33240,7.414
33300,7.323
33360,7.042
33420,7.818
33480,6.990
33540,6.322
33600,7.554
33660,7.630
33720,8.014
33780,7.717
33840,8.315
33900,6.730
33960,7.259
34020,7.055
34080,7.578
34140,6.894
34200,7.159
34260,8.205
34320,7.807
34380,7.776
34440,7.047
34500,8.132
34560,6.581
34620,8.122
34680,7.738
34740,7.272
34800,6.970
34860,8.103
34920,7.342
34980,7.487
35040,7.777
35100,7.716
35160,6.410
35220,6.728
35280,6.621
35340,7.548
35400,7.941
35460,8.345
35520,7.521
35580,7.835
35640,6.312
35700,7.370
35760,7.298
35820,6.660
35880,7.417
35940,7.111
36000,7.040
36060,7.230
36120,5.994
36180,6.893
36240,6.186
36300,6.264
36360,5.409
36420,5.911
36480,6.037
36540,5.975
36600,6.225
36660,6.362
36720,5.875
36780,6.289
36840,6.263
36900,5.280
36960,-9999.000
37020,5.668
37080,6.196
37140,5.711
37200,5.780
37260,5.116
37320,5.316
37380,5.461
37440,5.442
37500,5.686
37560,5.750
37620,4.847
37680,5.132
37740,5.848
37800,4.828
37860,5.419
37920,5.901
37980,4.955
38040,4.965
38100,5.092
38160,5.045
38220,5.233
38280,5.151
38340,4.901
38400,4.833
38460,5.223
38520,5.181
38580,5.157
38640,5.269
38700,4.786
38760,4.447
38820,4.275
38880,4.692
38940,4.779
39000,4.910
39060,4.676
39120,4.527
39180,4.566
39240,4.201
39300,5.179
39360,6.097
39420,4.411
39480,4.648
39540,4.962
39600,5.308
39660,4.462
39720,4.782
39780,4.615
39840,4.924
39900,4.609
39960,4.351
40020,5.031
40080,4.792
40140,5.011
40200,5.255
40260,5.156
40320,4.376
40380,5.225
40440,4.951
40500,4.611
40560,4.862
40620,4.983
40680,4.283
40740,4.865
40800,4.416
40860,4.593
40920,4.561
40980,4.678
41040,4.514
41100,5.059
41160,4.679
41220,4.422
41280,4.960
41340,4.655
41400,5.228
41460,4.337
41520,4.356
41580,4.392
41640,4.527
41700,4.709
41760,4.684
41820,4.444
41880,4.157
41940,4.736
42000,4.497
42060,4.201
42120,4.246
42180,4.181
42240,4.232
42300,4.606
42360,5.261
42420,4.182
42480,4.055
42540,3.988
42600,3.968
42660,4.471
42720,5.162
42780,3.879
42840,4.239
42900,4.349
42960,4.359
43020,4.351
43080,4.430
43140,4.538
43200,4.473
43260,4.337
43320,4.918
43380,3.927
43440,3.732
43500,4.103
43560,3.966
43620,4.171
43680,4.132
43740,4.244
43800,3.860
43860,4.043
43920,4.246
43980,4.011
44040,3.894
44100,3.478
44160,3.909
44220,3.694
44280,3.744
44340,3.909
44400,4.014
44460,3.579
44520,3.596
44580,3.353
44640,3.177
44700,3.417
44760,3.263
44820,3.559
44880,3.871
44940,3.688
45000,3.596
45060,3.826
45120,3.806
45180,3.868
45240,3.861
45300,3.850
45360,3.101
45420,3.330
45480,3.747
45540,3.471
45600,3.207
45660,3.444
45720,3.614
45780,3.517
45840,3.774
45900,3.703
45960,3.622
46020,3.453
46080,2.863
46140,3.655
46200,3.130
46260,3.225
46320,3.150
46380,3.595
46440,3.825
46500,3.918
46560,3.393
46620,3.403
46680,3.390
46740,3.300
46800,4.257
46860,3.822
46920,3.528
46980,3.412
47040,3.531
47100,2.951
47160,2.876
47220,2.522
47280,3.028
47340,3.147
47400,2.962
47460,2.759
47520,2.469
47580,2.589
47640,2.798
47700,2.852
47760,2.598
47820,2.634
47880,2.414
47940,2.540
48000,2.709
48060,2.654
48120,-9999.000
48180,2.181
48240,2.288
48300,2.311
48360,2.667
48420,2.358
48480,2.118
48540,2.555
48600,2.432
48660,2.519
48720,2.895
48780,2.387
48840,2.228
48900,2.627
48960,2.594
49020,2.391
49080,3.028
49140,2.470
49200,2.533
49260,2.577
49320,2.495
49380,2.738
49440,2.596
49500,2.790
49560,2.489
49620,2.396
49680,2.911
49740,2.504
49800,2.409
49860,2.810
49920,3.173
49980,2.082
50040,2.366
50100,2.651
50160,2.674
50220,2.746
50280,2.483
50340,2.658
50400,3.003
50460,2.848
50520,2.305
50580,2.571
50640,2.563
50700,2.680
50760,2.880
50820,2.864
50880,2.654
50940,2.534
51000,2.463
51060,2.494
51120,2.806
51180,2.527
51240,2.575
51300,2.552
51360,2.734
51420,2.574
51480,2.692
51540,2.724
51600,2.215
51660,2.471
51720,2.764
51780,2.433
51840,2.029
51900,2.246
51960,2.330
52020,2.285
52080,2.591
52140,2.592
52200,2.354
52260,2.618
52320,2.136
52380,2.260
52440,2.361
52500,2.100
52560,2.199
52620,2.243
52680,2.363
52740,2.072
52800,2.355
52860,2.199
52920,2.101
52980,2.424
53040,1.784
53100,2.416
53160,2.289
53220,2.021
53280,2.087
53340,2.130
53400,1.989
53460,2.129
53520,2.259
53580,1.856
53640,1.765
53700,1.961
53760,1.714
53820,1.892
53880,1.769
53940,1.965
54000,1.725
54060,1.921
54120,1.770
54180,1.964
54240,1.646
54300,1.703
54360,1.991
54420,1.810
54480,1.831
54540,1.494
54600,1.700
54660,1.916
54720,1.918
54780,1.741
54840,1.708
54900,1.555
54960,1.820
55020,1.656
55080,1.760
55140,1.359
55200,1.727
55260,1.564
55320,1.572
55380,1.424
55440,1.554
55500,1.357
55560,1.540
55620,1.439
55680,1.509
55740,1.345
55800,1.381
55860,1.470
55920,1.374
55980,1.377
56040,1.244
56100,1.452
56160,1.617
56220,1.462
56280,1.578
56340,1.298
56400,1.443
56460,1.380
56520,1.216
56580,1.550
56640,1.419
56700,1.335
56760,1.485
56820,1.562
56880,1.392
56940,1.171
57000,1.268
57060,1.204
57120,1.168
57180,1.406
57240,1.233
57300,1.156
57360,1.315
57420,1.054
57480,1.131
57540,0.991
57600,1.065
57660,1.382
57720,0.946
57780,1.439
57840,1.195
57900,1.271
57960,0.909
58020,0.916
58080,0.815
58140,1.127
58200,0.778
58260,0.959
58320,0.785
58380,1.053
58440,1.118
58500,0.950
58560,0.854
58620,0.635
58680,0.706
58740,0.675
58800,0.771
58860,0.905
58920,0.752
58980,0.792
59040,0.881
59100,1.001
59160,1.000
59220,0.953
59280,0.765
59340,0.862
59400,0.863
59460,0.959
59520,0.784
59580,0.845
59640,0.950
59700,0.712
59760,0.939
59820,0.877
59880,0.758
59940,0.688
60000,0.849
60060,0.727
60120,0.714
60180,0.825
60240,0.661
60300,0.728
60360,0.700
60420,0.768
60480,0.682
60540,0.684
60600,0.721
60660,0.684
60720,0.789
60780,0.803
60840,0.727
60900,0.771
60960,0.768
61020,0.870
61080,0.664
61140,0.899
61200,0.668
61260,0.589
61320,0.685
61380,0.816
61440,0.787
61500,0.734
61560,0.816
61620,0.762
61680,0.672
61740,0.667
61800,0.684
61860,0.619
61920,0.713
61980,0.627
62040,0.686
62100,0.591
62160,0.651
62220,0.696
62280,0.622
62340,0.712
62400,0.615
62460,0.463
62520,0.690
62580,0.792
62640,0.649
62700,0.741
62760,0.730
62820,0.815
62880,0.844
62940,0.708
63000,0.829
63060,0.797
63120,0.820
63180,0.823
63240,0.840
63300,1.001
63360,0.611
63420,0.732
63480,0.926
63540,0.815
63600,0.786
63660,0.701
63720,0.871
63780,0.604
63840,0.713
63900,0.877
63960,0.781
64020,0.694
64080,0.651
64140,0.598
64200,0.663
64260,0.727
64320,0.656
64380,0.747
64440,0.785
64500,0.656
64560,0.695
64620,0.859
64680,0.543
64740,0.842
64800,0.661
64860,0.677
64920,0.629
64980,0.606
65040,0.609
65100,0.678
65160,0.650
65220,0.761
65280,0.635
65340,0.656
65400,0.648
65460,0.570
65520,0.650
65580,0.532
65640,0.399
65700,0.490
65760,0.625
65820,0.390
65880,0.568
65940,0.526
66000,0.552
66060,0.651
66120,0.627
66180,0.588
66240,0.788
66300,0.601
66360,0.543
66420,0.591
66480,0.527
66540,0.496
66600,-9999.000
66660,0.593
66720,0.573
66780,0.639
66840,0.690
66900,0.603
66960,0.521
67020,0.473
67080,0.508
67140,0.574
67200,0.578
67260,0.414
67320,0.587
67380,0.519
67440,0.404
67500,0.509
67560,0.619
67620,0.468
67680,0.551
67740,0.590
67800,0.443
67860,0.534
67920,0.376
67980,0.566
68040,0.417
68100,0.483
68160,0.557
68220,0.398
68280,0.317
68340,0.534
68400,0.490
68460,0.628
68520,0.375
68580,0.259
68640,0.318
68700,0.529
68760,0.315
68820,0.404
68880,0.411
68940,0.336
69000,0.416
69060,0.323
69120,0.368
69180,0.464
69240,0.282
69300,0.198
69360,0.275
69420,0.355
69480,0.250
69540,0.227
69600,0.290
69660,0.394
69720,0.243
69780,0.227
69840,0.293
69900,0.335
69960,0.290
70020,0.506
70080,0.280
70140,0.233
70200,0.204
70260,0.189
70320,0.297
70380,0.208
70440,0.264
70500,0.270
70560,0.201
70620,0.183
70680,0.257
70740,0.246
70800,0.176
70860,0.283
70920,0.280
70980,0.374
71040,0.304
71100,0.197
71160,0.312
71220,0.211
71280,0.264
71340,0.253
71400,0.120
71460,0.262
71520,0.209
71580,0.192
71640,0.235
71700,0.154
71760,0.126
71820,0.249
71880,0.157
71940,0.265
72000,0.178
72060,0.273
72120,0.212
72180,0.098
72240,0.242
72300,0.221
72360,0.140
72420,0.198
72480,0.309
72540,0.167
72600,0.147
72660,0.156
72720,0.309
72780,0.246
72840,0.171
72900,0.185
72960,0.357
73020,0.224
73080,0.447
73140,0.352
73200,0.330
73260,0.237
73320,0.349
73380,0.257
73440,0.303
73500,0.247
73560,0.237
73620,0.245
73680,0.338
73740,0.438
73800,0.153
73860,0.260
73920,0.249
73980,0.164
74040,0.203
74100,0.373
74160,0.260
74220,0.159
74280,0.072
74340,0.137
74400,0.310
74460,0.232
74520,0.234
74580,0.194
74640,0.190
74700,0.290
74760,0.140
74820,-0.022
74880,0.103
74940,-0.026
75000,-0.036
75060,0.113
75120,0.096
75180,0.061
75240,0.104
75300,0.011
75360,-0.017
75420,0.156
75480,0.038
75540,-0.073
75600,0.078
75660,0.039
75720,0.141
75780,0.054
75840,0.073
75900,0.093
75960,0.069
76020,0.057
76080,0.120
76140,0.012
76200,0.113
76260,0.213
76320,0.196
76380,-0.072
76440,-0.088
76500,0.127
76560,-0.049
76620,0.127
76680,0.228
76740,0.010
76800,0.051
76860,0.052
76920,0.160
76980,0.067
77040,0.152
77100,0.111
77160,0.189
77220,-0.062
77280,0.124
77340,0.184
77400,0.094
77460,0.096
77520,0.124
77580,0.176
77640,0.208
77700,0.031
77760,0.055
77820,0.011
77880,0.078
77940,0.273
78000,0.219
78060,0.296
78120,0.229
78180,0.156
78240,0.138
78300,0.123
78360,0.222
78420,0.207
78480,0.189
78540,0.243
78600,0.224
78660,0.162
78720,0.241
78780,0.219
78840,0.115
78900,0.205
78960,0.360
79020,0.240
79080,0.237
79140,0.218
79200,0.302
79260,0.029
79320,0.060
79380,0.067
79440,0.070
79500,0.128
79560,0.126
79620,0.171
79680,0.169
79740,0.115
79800,-0.014
79860,0.152
79920,0.163
79980,0.275
80040,0.153
80100,0.151
80160,0.265
80220,0.216
80280,0.184
80340,0.146
80400,0.120
80460,0.157
80520,0.179
80580,0.176
80640,0.217
80700,0.159
80760,0.174
80820,0.192
80880,0.079
80940,0.111
81000,0.025
81060,0.191
81120,0.094
81180,0.180
81240,0.093
81300,0.031
81360,-0.104
81420,0.077
81480,0.110
81540,0.180
81600,0.096
81660,0.155
81720,0.162
81780,0.133
81840,0.084
81900,0.094
81960,0.024
82020,0.049
82080,0.130
82140,0.115
82200,0.218
82260,0.092
82320,0.169
82380,0.071
82440,0.086
82500,0.088
82560,0.164
82620,0.187
82680,0.193
82740,0.146
82800,0.167
82860,0.122
82920,0.175
82980,0.142
83040,0.230
83100,0.214
83160,0.139
83220,0.146
83280,0.138
83340,0.234
83400,0.171
83460,0.149
83520,0.196
83580,0.204
83640,0.199
83700,0.181
83760,0.110
83820,0.147
83880,0.185
83940,0.143
84000,-0.008
84060,0.083
84120,0.144
84180,0.065
84240,0.232
84300,0.121
84360,0.070
84420,0.030
84480,0.106
84540,0.157
84600,0.070
84660,0.020
84720,-0.023
84780,0.051
84840,0.093
84900,-0.017
84960,0.071
85020,-0.021
85080,-9999.000
85140,0.043
85200,0.091
85260,0.138
85320,0.063
85380,0.162
85440,0.102
85500,0.075
85560,0.227
85620,0.161
85680,0.066
85740,0.119
85800,0.125
85860,0.204
85920,0.140
85980,0.216
86040,0.209
86100,0.338
86160,0.272
86220,0.242
86280,0.248
86340,0.182
