CampaignData_and_Merges/R0/CSL_MobileLab_Parked/raw/20240717/USOS-POPS_MobileLabGround_20240717_R0.ict
79, 1001
Thornberry, T. D.
NOAA Chemical Sciences Laboratory
Portable Optical Particle Spectrometer (POPS)
USOS
1, 1
2024, 07, 17, 2025, 05, 08
60
Time_Start, seconds_past_midnight, Start time of measurement
45
1, 1, 1, 1, 1, 1, 1, 1, 1, 1, 1, 1, 1, 1, 1, 1, 1, 1, 1, 1, 1, 1, 1, 1, 1, 1, 1, 1, 1, 1, 1, 1, 1, 1, 1, 1, 1, 1, 1, 1, 1, 1, 1, 1, 1
-9999, -9999, -9999, -9999, -9999, -9999, -9999, -9999, -9999, -9999, -9999, -9999, -9999, -9999, -9999, -9999, -9999, -9999, -9999, -9999, -9999, -9999, -9999, -9999, -9999, -9999, -9999, -9999, -9999, -9999, -9999, -9999, -9999, -9999, -9999, -9999, -9999, -9999, -9999, -9999, -9999, -9999, -9999, -9999, -9999
Time_Stop, seconds_past_midnight, Stop time of measurement
Time_Mid, seconds_past_midnight, Mid time of measurement
Press_mb, mb, Pressure reported (mb)
Temp_C, degrees C, POPS temperature measurement
Aerosol_concentration, cm^-3, Aerosol concentration
Surface_Area_Conc, um^2 cm^-3, Surface area concentration
Volume_density, um^3 cm^-3, Volume density
Effective_radius, um, Effective radius
Extinction, km^-1, Extinction
Bin01, cm^-3, particle concentration in size range [1401 - 146.3 nm]
Bin02, cm^-3, particle concentration in size range [146.3 - 152.8 nm]
Bin03, cm^-3, particle concentration in size range [152.8 - 159.6 nm]
Bin04, cm^-3, particle concentration in size range [159.6 - 166.8 nm]
Bin05, cm^-3, particle concentration in size range [166.8 - 174.2 nm]
Bin06, cm^-3, particle concentration in size range [174.2 - 181.9 nm]
Bin07, cm^-3, particle concentration in size range [181.9 - 190.0 nm]
Bin08, cm^-3, particle concentration in size range [190.0 - 198.5 nm]
Bin09, cm^-3, particle concentration in size range [198.5 - 207.4 nm]
Bin10, cm^-3, particle concentration in size range [207.4 - 216.6 nm]
Bin11, cm^-3, particle concentration in size range [216.6 - 226.2 nm]
Bin12, cm^-3, particle concentration in size range [226.2 - 236.3 nm]
Bin13, cm^-3, particle concentration in size range [236.3 - 246.8 nm]
Bin14, cm^-3, particle concentration in size range [246.8 - 257.8 nm]
Bin15, cm^-3, particle concentration in size range [257.8 - 269.3 nm]
Bin16, cm^-3, particle concentration in size range [269.3 - 343.4 nm]
Bin17, cm^-3, particle concentration in size range [343.4 - 450.7 nm]
Bin18, cm^-3, particle concentration in size range [450.7 - 525.9 nm]
Bin19, cm^-3, particle concentration in size range [525.9 - 618.5 nm]
Bin20, cm^-3, particle concentration in size range [618.5 - 710.0 nm]
Bin21, cm^-3, particle concentration in size range [710.0 - 822.7 nm]
Bin22, cm^-3, particle concentration in size range [822.7 - 885.9 nm]
Bin23, cm^-3, particle concentration in size range [885.9 - 953.9 nm]
Bin24, cm^-3, particle concentration in size range [953.9 - 1027.2 nm]
Bin25, cm^-3, particle concentration in size range [1027.2 - 1106.1 nm]
Bin26, cm^-3, particle concentration in size range [1106.1 - 1191.0 nm]
Bin27, cm^-3, particle concentration in size range [1191.0 - 1282.5 nm]
Bin28, cm^-3, particle concentration in size range [1282.5 - 1381.0 nm]
Bin29, cm^-3, particle concentration in size range [1381.0 - 1487.1 nm]
Bin30, cm^-3, particle concentration in size range [1487.1 - 1601.3 nm]
Bin31, cm^-3, particle concentration in size range [1601.3 - 1724.3 nm]
[...]
PLATFORM: NOAA CSL Mobile Lab
LOCATION: USOS
ASSOCIATED_DATA: N/A
INSTRUMENT_INFO: Printed Optical Particle Spectrometer counts particles from 140 - 2500 nm in diameter 
DATA_INFO: Particle concentrations reported in number per cubic centimeter,1 Hz data
UNCERTAINTY: Counting uncertainty dominated by air flow, less than 5 percent. Measurement range is ~0 - 3000 per cm3 (varies depending on flow rate- manufacturer quotes 1250 per cm3 at 1.667 cc/s)
ULOD_FLAG: -7777
ULOD_VALUE: N/A
LLOD_FLAG: -8888
LLOD_VALUE: N/A
DM_CONTACT_INFO: Troy Thornberry, 325 Broadway R/CSL6, Boulder, CO 80305; troy.thornberry@noaa.gov; 303-497-3373
PROJECT_INFO: USOS, Utah POPS data from NOAA CSL Mobile Lab
STIPULATIONS_ON_USE: Please contact the PIs for questions regarding applications and uncertainties
OTHER_COMMENTS: POPS bin Edges (nm):  140.1, 146.3, 152.8, 159.6, 166.8, 174.2, 181.9, 190.0, 198.5, 207.4, 216.6, 226.2, 236.3, 246.8, 257.8, 269.3, 343.4, 450.7, 525.9, 618.5, 710.0, 822.7, 885.9, 953.9, 1027.2, 1106.1, 1191.0, 1282.5, 1381.0, 1487.1, 1601.3, 1724.3, 1856.7, 1999.3, 2152.8, 2318.2, 2496.2
Calculations assume organic aerosol refractive index of 1.52+0.00j and extinction wavelength = 532 nm
REVISION: R0
R0: Final data
Time_Start, Time_Stop, Time_Mid, Press_mb, Temp_C, Aerosol_concentration, Surface_Area_Conc, Volume_density, Effective_radius, Extinction, Bin01, Bin02, Bin03, Bin04, Bin05, Bin06, Bin07, Bin08, Bin09, Bin10, Bin11, Bin12, Bin13, Bin14, Bin15, Bin16, Bin17, Bin18, Bin19, Bin20, Bin21, Bin22, Bin23, Bin24, Bin25, Bin26, Bin27, Bin28, Bin29, Bin30, Bin31, Bin32, Bin33, Bin34, Bin35, Bin36
[from data line 1350]
81000,81059,81030,871.858,36.882,321.510,57.456,2.923,0.152,0.017,18.591648,18.559616,17.743114,18.083393,18.610867,17.541061,16.832640,16.901413,16.717024,15.896887,15.804257,16.657173,16.888926,15.784683,13.540400,49.938206,13.330642,2.654562,0.870541,0.181931,0.136666,0.046144,0.027992,0.056676,0.022741,0.011207,0.011300,0.011197,0.000000,0.017202,0.011300,0.005669,0.005688,0.005765,0.000000,0.011415
81060,81119,81090,871.845,36.889,315.192,56.491,2.865,0.151,0.017,18.022936,17.210655,17.531912,17.829723,18.386791,17.287615,16.756348,16.793390,15.995645,15.877358,15.546655,16.711744,16.169271,15.851994,13.431152,47.819988,13.793950,2.707558,0.988237,0.111243,0.098238,0.086607,0.028855,0.016785,0.022525,0.034633,0.005634,0.011850,0.005728,0.017024,0.022576,0.017266,0.000000,0.000000,0.000000,0.000000
81120,81179,81150,871.827,36.941,310.368,55.631,2.737,0.147,0.017,17.607613,16.882235,17.561514,17.701267,17.231970,17.602427,16.739048,15.919338,15.973674,15.593293,15.217416,15.952817,15.716778,15.964040,13.331992,47.380501,13.711844,2.875687,0.939916,0.155634,0.090994,0.069107,0.040064,0.023028,0.017223,0.011615,0.000000,0.023206,0.005653,0.011418,0.000000,0.000000,0.011124,0.005845,0.000000,0.000000
81180,81239,81210,871.839,36.980,305.266,54.352,2.650,0.146,0.016,17.251860,17.476591,16.624815,16.895184,17.325470,16.534307,16.988110,16.228409,15.382725,15.205583,15.259094,16.329954,15.825710,15.499071,12.940856,46.535404,13.062688,2.504947,0.912892,0.142195,0.125714,0.060046,0.047354,0.023586,0.023517,0.017808,0.017821,0.000000,0.005992,0.000000,0.006136,0.000000,0.005836,0.000000,0.005893,0.000000
81240,81299,81270,871.821,36.977,302.094,53.742,2.625,0.146,0.016,16.896456,17.447441,17.086329,16.208372,17.057295,16.977989,16.321451,16.363367,15.471779,15.479467,14.759793,15.655170,15.165755,14.902061,13.138709,46.139591,13.146991,2.623485,0.843985,0.120362,0.115775,0.034935,0.028639,0.017243,0.022600,0.005805,0.023028,0.000000,0.005690,0.017559,0.011419,0.005653,0.000000,0.000000,0.000000,0.000000
81300,81359,81330,871.818,36.947,300.771,53.480,2.668,0.149,0.016,17.434477,16.962824,16.362947,17.530390,16.580723,16.594921,16.384953,16.495625,15.779739,14.951869,15.025142,15.318569,15.163713,15.015703,13.220021,45.622902,12.580732,2.390849,0.823823,0.148920,0.115430,0.052085,0.034683,0.046411,0.041467,0.011612,0.029065,0.017247,0.000000,0.011261,0.011813,0.011497,0.000000,0.000000,0.000000,0.000000
81360,81419,81390,871.791,37.022,301.886,53.467,2.656,0.148,0.016,17.867809,17.175764,16.997133,17.644049,16.507101,16.968054,16.006241,16.197079,15.473414,15.180095,15.316027,15.438047,15.360779,14.811674,12.582798,46.006390,12.621648,2.516317,0.804584,0.118060,0.081533,0.058998,0.023260,0.017117,0.011892,0.011652,0.018260,0.011958,0.005715,0.029163,0.011840,0.005733,0.000000,0.000000,0.006050,0.000000
81420,81479,81450,871.792,37.100,307.262,54.014,2.771,0.153,0.016,19.149151,18.917723,18.464291,18.131475,17.738844,17.177483,16.361603,16.220184,15.689058,14.785339,15.482147,15.690356,15.138503,15.037296,12.243625,44.870178,12.209698,2.527843,0.938249,0.129464,0.078390,0.061528,0.055755,0.033538,0.028694,0.005432,0.011061,0.011474,0.011376,0.011009,0.022620,0.000000,0.011689,0.000000,0.000000,0.016941
81480,81539,81510,871.763,37.164,301.676,52.812,2.611,0.148,0.016,18.936037,18.456226,17.866659,17.073418,17.131405,17.105398,16.249977,15.923665,15.386571,14.845593,14.575570,14.881231,15.459511,14.811425,12.448534,44.557903,12.275530,2.459105,0.798640,0.142480,0.091013,0.022655,0.017514,0.022609,0.028799,0.023359,0.028951,0.000000,0.016627,0.011456,0.017056,0.005786,0.000000,0.005526,0.000000,0.000000
81540,81599,81570,871.753,37.141,302.635,52.878,2.593,0.147,0.016,18.766794,18.105223,17.320669,17.807463,17.298553,16.562366,16.204798,15.853751,15.556859,14.608392,14.898089,15.561340,15.180729,14.930208,12.860534,45.193203,12.514940,2.287313,0.699322,0.169216,0.067288,0.057372,0.017198,0.016875,0.022368,0.022986,0.000000,0.011138,0.005557,0.000000,0.017124,0.011491,0.005612,0.000000,0.000000,0.000000
81600,81659,81630,871.722,37.080,295.024,51.771,2.546,0.147,0.015,18.017521,17.138624,16.917240,17.069996,16.919397,16.503893,15.617790,15.742971,15.571505,14.557015,14.588930,15.297573,15.155730,14.308371,12.028905,44.113651,11.853567,2.305365,0.818782,0.159341,0.122068,0.077437,0.021984,0.028035,0.016653,0.027712,0.011041,0.005429,0.000000,0.000000,0.016667,0.005688,0.000000,0.000000,0.000000,0.005429
81660,81719,81690,871.733,37.045,295.002,51.842,2.521,0.145,0.015,17.206467,16.790852,17.086279,16.604570,16.941637,16.695217,15.878496,15.935500,14.770067,14.600664,14.944545,15.217683,15.829692,14.369442,12.561652,43.740559,12.265292,2.407938,0.785844,0.095966,0.119434,0.028560,0.016820,0.011513,0.034308,0.005280,0.023036,0.005688,0.005765,0.005707,0.005557,0.000000,0.000000,0.000000,0.011610,0.000000
81720,81779,81750,871.751,37.075,292.035,51.271,2.556,0.149,0.015,17.706577,16.879114,16.659842,16.981644,17.098745,16.211105,15.969346,15.720578,14.292188,15.100731,14.357414,14.795201,15.482603,14.293172,11.886542,43.261162,11.848012,2.337085,0.707597,0.123816,0.084934,0.074327,0.039331,0.022854,0.016899,0.016342,0.005631,0.005824,0.005805,0.016834,0.017218,0.005557,0.005745,0.000000,0.000000,0.005521
81780,81839,81810,871.740,37.155,299.117,52.451,2.677,0.152,0.016,19.121584,18.445137,17.279713,17.447521,17.322964,16.983871,16.444427,15.785264,14.767633,15.010517,14.648088,14.729474,14.704603,14.680126,12.312833,43.879208,11.892066,2.324913,0.824820,0.138981,0.117668,0.060618,0.033231,0.022524,0.027614,0.016912,0.011382,0.011078,0.022194,0.005594,0.016619,0.005612,0.005612,0.005485,0.005650,0.005575
81840,81899,81870,871.782,37.214,304.955,52.713,2.685,0.152,0.015,20.021708,19.458958,18.687094,17.892553,18.442526,17.116077,16.201359,16.154322,15.452516,15.195570,14.947086,15.312512,15.381632,14.539180,12.319419,42.374519,11.788788,2.435954,0.823877,0.093448,0.081783,0.041533,0.046486,0.028784,0.005771,0.005988,0.017345,0.000000,0.023937,0.011504,0.017512,0.000000,0.011677,0.005809,0.011775,0.006029
81900,81959,81930,871.751,37.216,306.292,53.259,2.755,0.154,0.016,20.084997,18.546082,18.662344,18.849564,18.051529,18.053051,16.471209,15.845765,15.316067,14.807705,14.812897,14.839940,15.635118,14.556474,12.503194,43.765583,11.757771,2.363172,0.806921,0.205425,0.146366,0.046697,0.023670,0.017527,0.011716,0.023560,0.011481,0.005552,0.000000,0.012017,0.011794,0.005848,0.011916,0.005771,0.017473,0.005947
81960,82019,81990,871.714,37.260,304.367,52.305,2.629,0.150,0.015,20.408043,19.318714,19.292759,18.493664,18.037102,17.614773,16.170795,16.313690,14.747126,14.821645,14.792439,15.177556,14.688819,14.408714,11.640300,43.056530,11.754145,2.268507,0.890348,0.139473,0.111191,0.052334,0.040027,0.029117,0.017093,0.017683,0.000000,0.011856,0.005752,0.005659,0.011543,0.017668,0.006071,0.000000,0.005887,0.000000
82020,82079,82050,871.682,37.278,306.804,52.298,2.555,0.146,0.015,20.941753,19.804531,19.362900,18.944172,18.667162,17.671913,16.147415,15.744385,15.082205,14.823778,14.995419,15.369586,15.295892,14.025265,12.226486,42.243263,11.889705,2.306042,0.835232,0.126178,0.130374,0.039562,0.016765,0.034048,0.000000,0.011671,0.005432,0.011301,0.017013,0.016935,0.000000,0.005503,0.000000,0.005765,0.005906,0.000000
82080,82139,82110,871.674,37.265,304.746,52.058,2.568,0.147,0.015,21.476460,19.534822,19.313835,18.212299,17.797668,17.309040,16.574682,16.148819,15.530592,14.102369,15.124825,14.537012,14.971511,14.552150,11.786317,42.792667,11.422866,2.279851,0.819339,0.150831,0.072111,0.061337,0.022685,0.038913,0.022328,0.017047,0.011312,0.017029,0.011341,0.011161,0.005464,0.005519,0.000000,0.005593,0.000000,0.005869
82140,82199,82170,871.676,37.293,311.449,52.708,2.614,0.148,0.015,21.739719,21.393368,20.391012,19.098364,18.578646,17.993662,16.648159,15.934022,15.504437,14.938433,14.942212,15.017754,14.833007,14.528019,12.501285,42.228130,11.686037,2.245796,0.790189,0.145381,0.086958,0.069224,0.034269,0.023033,0.005766,0.011327,0.023026,0.000000,0.000000,0.023144,0.000000,0.011437,0.017002,0.005864,0.000000,0.000000
82200,82259,82230,871.677,37.392,301.246,51.036,2.465,0.144,0.015,20.408195,19.683546,18.523985,18.597878,18.500927,17.382986,16.669252,15.882834,14.821689,15.096495,14.155639,14.848458,14.683198,13.997035,12.324627,41.156933,10.942463,2.309918,0.822530,0.154807,0.099812,0.049999,0.005411,0.016639,0.033605,0.027400,0.000000,0.010876,0.005767,0.016412,0.005176,0.005501,0.000000,0.005556,0.000000,0.000000
82260,82319,82290,871.646,37.415,299.503,51.435,2.518,0.146,0.015,20.329243,19.205547,18.596121,18.115389,17.793783,17.193514,16.130281,15.655008,14.994261,14.403911,14.561810,14.917646,14.580667,13.974548,12.123514,41.421425,11.794225,2.393657,0.859350,0.164220,0.072334,0.028843,0.057372,0.028939,0.028391,0.011056,0.017338,0.005987,0.000000,0.011484,0.028063,0.005580,0.000000,0.000000,0.000000,0.000000
82320,82379,82350,871.641,37.202,302.587,52.168,2.637,0.151,0.015,19.890810,19.600502,18.487463,18.693970,17.559151,17.169811,16.559942,15.829736,14.952874,14.433942,14.683663,15.122693,15.533431,14.548592,12.429275,41.997326,11.587456,2.239739,0.796956,0.156505,0.051265,0.023440,0.040784,0.017373,0.057993,0.028993,0.023379,0.011793,0.005766,0.022789,0.005786,0.000000,0.005925,0.000000,0.005905,0.012017
82380,82439,82410,871.656,37.255,297.935,51.173,2.484,0.145,0.015,20.024897,18.640852,17.894066,17.559830,17.901285,17.040167,15.817080,15.777537,15.530457,14.521190,14.652453,14.734703,14.610833,14.546402,11.924076,41.407330,11.678529,2.455810,0.839574,0.129419,0.050859,0.056866,0.034279,0.016974,0.016789,0.016635,0.022389,0.005650,0.010937,0.000000,0.000000,0.000000,0.005467,0.005785,0.000000,0.005650
82440,82499,82470,871.612,37.305,293.476,50.599,2.450,0.145,0.015,18.711863,18.357748,17.647257,17.280397,17.588448,16.430891,15.804000,15.341190,15.064880,14.323057,14.677443,14.539808,14.720546,14.455048,11.949305,41.607349,11.555963,2.225003,0.762163,0.146376,0.060616,0.066232,0.060601,0.022010,0.011007,0.011517,0.011009,0.016502,0.010987,0.000000,0.005574,0.000000,0.005556,0.000000,0.000000,0.005394
82500,82559,82530,871.598,37.324,290.648,50.644,2.492,0.147,0.015,17.767303,17.484507,17.171583,16.990946,17.006025,16.095713,15.927506,15.116467,15.060073,14.451100,14.588245,14.739170,14.714789,14.285998,12.048652,42.205921,11.339256,2.283777,0.909960,0.149757,0.134339,0.038976,0.033283,0.027469,0.015908,0.022149,0.005376,0.000000,0.016613,0.000000,0.000000,0.005464,0.000000,0.000000,0.005669,0.005727
82560,82619,82590,871.581,37.337,289.541,50.436,2.561,0.151,0.015,17.748316,17.453505,17.370245,17.121294,16.318834,16.512159,16.118610,15.315759,14.994723,14.338875,13.966700,15.170918,14.489059,13.760607,11.642039,42.428631,11.436098,2.120969,0.789278,0.143662,0.083860,0.076704,0.039185,0.005631,0.010860,0.005669,0.011024,0.011358,0.011113,0.000000,0.016446,0.016990,0.000000,0.000000,0.005669,0.005767
82620,82679,82650,871.573,37.394,288.702,50.692,2.563,0.151,0.015,17.674454,16.800518,16.711275,16.728815,16.652855,16.272417,15.109538,15.826112,14.925364,14.586520,14.151825,14.593135,14.933330,14.545900,12.150061,41.699856,11.759574,2.362307,0.754713,0.155047,0.112721,0.033025,0.028212,0.016270,0.034023,0.016938,0.010894,0.000000,0.000000,0.011475,0.016886,0.011475,0.005225,0.005848,0.005631,0.000000
82680,82739,82710,871.583,37.443,294.363,50.635,2.505,0.148,0.015,19.886549,18.671291,17.978132,17.992678,17.732857,17.125629,15.575527,15.285765,15.126548,14.036378,13.647905,15.073730,14.450265,13.997497,12.100247,40.844990,11.131846,2.371663,0.808986,0.186180,0.112096,0.039532,0.040024,0.022290,0.027932,0.011281,0.016926,0.011377,0.005650,0.022944,0.016857,0.005539,0.005631,0.000000,0.000000,0.000000
82740,82799,82770,871.591,37.507,299.526,51.209,2.570,0.150,0.015,20.709938,19.263416,18.318935,17.893269,17.620567,17.278517,16.527527,15.573857,15.516985,14.333336,14.524956,14.777435,14.742222,14.690351,11.426070,41.260151,11.434870,2.459532,0.718041,0.174331,0.084590,0.067399,0.016389,0.022153,0.017146,0.016708,0.005865,0.011491,0.005688,0.000000,0.005557,0.017383,0.000000,0.000000,0.000000,0.011151
82800,82859,82830,871.577,37.534,309.415,52.265,2.613,0.150,0.015,22.346504,21.057640,19.797319,19.199732,18.556719,17.781673,16.828573,16.400066,15.459747,14.500072,14.466163,15.006502,14.669600,14.420901,11.983864,41.747845,11.602587,2.375168,0.814239,0.118788,0.118051,0.028138,0.022366,0.017080,0.016934,0.005557,0.005906,0.000000,0.011550,0.000000,0.027925,0.016771,0.005745,0.000000,0.000000,0.005450
82860,82919,82890,871.557,37.546,307.222,52.209,2.564,0.147,0.015,21.315702,20.512438,19.252863,19.473423,18.359911,17.275532,16.519148,16.429665,15.365769,14.633245,14.921263,14.632148,14.934163,14.565209,12.212581,41.606598,11.379909,2.545590,0.844664,0.113412,0.108736,0.056508,0.039338,0.039646,0.011213,0.005557,0.011550,0.017036,0.005575,0.005612,0.005765,0.005557,0.005415,0.005669,0.005650,0.000000
82920,82979,82950,871.558,37.493,304.660,51.954,2.550,0.147,0.015,20.805809,19.857079,18.640041,18.410376,18.241436,17.777786,16.719477,15.000967,15.087929,14.723476,14.426877,15.805883,15.095801,14.562222,12.284493,42.106808,11.670447,2.375377,0.656253,0.129373,0.073681,0.050764,0.028206,0.022656,0.022293,0.028277,0.005485,0.005765,0.005726,0.005485,0.011096,0.005631,0.011134,0.000000,0.000000,0.005688
82980,83039,83010,871.557,37.480,299.548,51.317,2.583,0.150,0.015,20.255991,19.613741,18.792362,18.430494,17.759306,17.206932,15.728740,16.030693,15.212754,14.190046,14.044698,14.898195,15.019898,14.402987,11.941256,40.881451,11.539233,2.384242,0.760221,0.161716,0.062787,0.046526,0.028139,0.034665,0.011537,0.017347,0.017424,0.023222,0.005864,0.011630,0.005690,0.011056,0.005747,0.005766,0.000000,0.005709
83040,83099,83070,871.549,37.530,312.267,52.720,2.571,0.146,0.015,22.536453,21.320595,20.207556,20.185575,18.486071,17.853798,16.746069,16.324303,15.548151,15.476043,14.344449,14.923497,14.910716,13.972806,12.082312,42.171162,11.475443,2.355067,0.852511,0.158899,0.126000,0.022552,0.016960,0.034221,0.028663,0.017462,0.022237,0.028259,0.005557,0.005726,0.016403,0.000000,0.000000,0.011571,0.000000,0.000000
83100,83159,83130,871.538,37.667,315.208,52.342,2.467,0.141,0.015,23.267679,21.296677,20.806494,20.767111,19.024471,18.473194,16.789761,16.684046,15.294405,15.216523,14.549963,15.526064,14.566337,14.592188,11.925058,41.717285,11.197411,2.405946,0.719797,0.111475,0.077291,0.060488,0.027470,0.027681,0.005482,0.016649,0.027709,0.010894,0.010787,0.005631,0.000000,0.000000,0.000000,0.000000,0.005556,0.000000
83160,83219,83190,871.563,37.756,312.793,52.723,2.608,0.148,0.015,22.593546,21.293781,20.095381,19.071716,19.310192,18.240343,17.403980,15.801665,15.502213,14.976762,14.974849,15.076040,15.162667,14.879164,12.010656,41.470364,11.495843,2.150336,0.773389,0.156727,0.080784,0.070339,0.034505,0.034490,0.028900,0.017684,0.017615,0.028885,0.000000,0.005473,0.011832,0.000000,0.000000,0.017243,0.000000,0.005491
83220,83279,83250,871.587,37.673,300.637,51.429,2.593,0.150,0.015,21.215029,20.194065,19.129477,18.418438,17.868826,16.778145,16.196863,15.732227,15.202656,14.339844,14.231395,14.282420,14.940748,14.403816,11.632504,41.014557,11.536736,2.293742,0.726249,0.106352,0.134471,0.050414,0.061641,0.017066,0.016989,0.011225,0.005631,0.028326,0.033688,0.005450,0.005726,0.000000,0.005557,0.000000,0.005631,0.011570
