CampaignData_and_Merges/R0/CSL_MobileLab_Parked/raw/20240815/USOS-HCHO_MobileLabGround_20240815_R0.ict
35,1001
Huang, Yaoxian
Wayne State University
Picarro G2307 on CSL Mobile Lab
USOS
1,1
2024,08,15,2025,03,31
1.0
Time_Start,seconds_since_midnight,number_of_seconds_since_0000_UTC
3
1.0,1.0,1.0
-9999.0,-9999.0,-9999.0
HCHO,ppbv,Gas_HCHO_InSitu_S_AVMR,volume mixing ratio of formaldehyde in air
H2O,ppmv,Gas_H2O_InSitu_S_AVMR,volume mixing ratio of water vapor in air
CH4,ppmv,Gas_CH4_InSitu_S_AVMR,volume mixing ratio of methane in air
0
18
PI_CONTACT_INFO: yaoxian.huang@wayne.edu
PLATFORM: CSL Mobile Lab, at Ground Site
LOCATION: Salt Lake City, UT
ASSOCIATED_DATA: N/A
INSTRUMENT_INFO: Cavity Ring-Down Spectrometer
DATA_INFO: Data is averaged to 1 minute intervals for stationary and 1 second interval for driving. Stationary data collected from a 20 ft tower on top of the mobile lab. On drive days, for parked data, anytime the mobile lab is driving, report as missing data in the parked files.
UNCERTAINTY: N/A
ULOD_FLAG: -7777
ULOD_VALUE: N/A
LLOD_FLAG: -8888
LLOD_VALUE: N/A
DM_CONTACT_INFO: Yaoxian Huang; yaoxian.huang@wayne.edu
PROJECT_INFO: USOS, Summer 2024. https://csl.noaa.gov/groups/csl7/measurements/2024usos/
STIPULATIONS_ON_USE: Users are strongly encouraged to contact the PI for proper data usage.
OTHER_COMMENTS: Data have been shifted backwards by 1 minute to align with USOS MetNav and Picarro GHG data.
REVISION: R0
R0: Final Data
Time_Start,HCHO,H2O,CH4
[from data line 543]
32580,1.24838,12081.3,1.91834
32640,1.0812,12133.5,1.91882
32700,0.98272,12117.5,1.91757
32760,0.840131,12137.3,1.91816
32820,0.994081,12293.7,1.91829
32880,1.03583,12151.9,1.91577
32940,1.13015,12203.3,1.92023
33000,1.14671,12213.1,1.91911
33060,1.05473,12162.2,1.91935
33120,1.05726,12235.4,1.91826
33180,1.28839,12155.8,1.91747
33240,1.1757,12089.6,1.91818
33300,1.06137,12293.3,1.9163
33360,1.16038,12187.7,1.91854
33420,1.15251,12240.5,1.91815
33480,0.878094,12137.8,1.9169
33540,1.16214,12143.7,1.91598
33600,0.829214,12188.3,1.91689
33660,0.930156,12177.8,1.91739
33720,0.679135,12216.1,1.91624
33780,0.899532,12328.9,1.91701
33840,0.929474,12190.7,1.91687
33900,1.03017,12202.0,1.91958
33960,0.95819,12208.2,1.91663
34020,1.07964,12233.4,1.91827
34080,1.0894,12231.3,1.91743
34140,1.01493,12232.6,1.91871
34200,0.939873,12260.1,1.91912
34260,1.02601,12253.6,1.91865
34320,1.28506,12263.6,1.91995
34380,0.971207,12278.6,1.91818
34440,0.900925,12201.8,1.91672
34500,0.990559,12225.1,1.91919
34560,1.03434,12248.2,1.9168
34620,0.866062,12244.8,1.9191
34680,0.964572,12374.2,1.91904
34740,1.24957,12309.3,1.91779
34800,1.01054,12333.0,1.9184
34860,1.03004,12372.1,1.91814
34920,1.11237,12345.7,1.91821
34980,0.975311,12379.1,1.91881
35040,1.09335,12283.0,1.91913
35100,0.962235,12340.2,1.9167
35160,1.08886,12297.6,1.918
35220,0.853642,12385.4,1.91886
35280,1.17966,12354.7,1.91689
35340,1.05327,12345.2,1.91907
35400,1.1866,12273.4,1.92022
35460,0.937508,12324.9,1.92031
35520,1.02404,12393.5,1.91881
35580,1.01264,12331.5,1.91852
35640,1.09136,12342.4,1.91737
35700,1.08216,12362.4,1.91983
35760,0.664771,12370.6,1.91846
35820,1.11693,12307.8,1.91915
35880,0.933442,12273.1,1.91841
35940,0.934071,12230.5,1.91556
36000,1.0624,12321.4,1.91782
36060,0.865309,12209.7,1.91893
36120,0.842653,12259.9,1.91663
36180,0.885642,12225.3,1.91619
36240,1.13441,12275.9,1.92071
36300,1.10378,12279.1,1.91771
36360,0.857776,12304.1,1.91566
36420,0.928984,12253.6,1.91646
36480,1.09219,12283.4,1.92031
36540,0.972091,12254.8,1.91724
36600,0.887759,12265.8,1.91774
36660,1.06082,12212.9,1.92049
36720,0.84951,12150.5,1.91829
36780,1.06871,12129.3,1.91714
36840,1.21735,11959.0,1.9186
36900,1.02987,12112.6,1.9179
36960,0.834733,12066.6,1.91821
37020,1.00164,11957.2,1.91553
37080,1.18098,12069.9,1.91583
37140,0.921945,12176.9,1.91373
37200,0.910321,12111.1,1.91576
37260,1.03914,12170.6,1.91799
37320,1.04674,12123.5,1.91753
37380,0.874737,12115.6,1.91773
37440,1.02642,12148.7,1.9186
37500,0.93741,12320.3,1.91591
37560,0.857241,12295.4,1.91425
37620,1.1002,12308.2,1.91535
37680,0.768926,12340.4,1.91578
37740,0.70176,12295.3,1.91855
37800,0.777324,12262.6,1.91675
37860,0.960652,12377.7,1.92042
37920,0.835284,12382.9,1.91674
37980,1.00955,12371.1,1.9188
38040,0.796804,12325.2,1.91965
38100,1.18686,12276.2,1.91657
38160,0.823734,12325.7,1.91934
38220,0.962551,12316.3,1.91879
38280,0.905424,12348.5,1.91904
38340,0.874358,12265.1,1.91821
38400,0.789052,12324.0,1.91587
38460,0.78518,12264.0,1.9159
38520,0.849575,12276.5,1.91834
38580,0.97945,12263.1,1.9183
38640,0.782547,12305.6,1.91719
38700,0.842232,12250.4,1.91937
38760,1.10377,12253.0,1.91612
38820,0.787736,12368.3,1.91705
38880,1.1601,12302.1,1.91605
38940,1.1448,12351.2,1.9198
39000,0.878999,12313.0,1.91726
39060,1.06194,12432.8,1.91617
39120,0.808096,12279.0,1.9177
39180,0.935648,12349.3,1.91509
39240,0.865573,12338.2,1.91737
39300,0.838237,12272.4,1.91623
39360,0.960793,12266.7,1.91767
39420,0.966063,12162.7,1.91475
39480,0.827245,12137.0,1.91766
39540,0.897686,12252.5,1.91566
39600,1.03556,12218.7,1.91797
39660,0.992921,12324.3,1.91491
39720,1.02559,12389.0,1.91781
39780,0.951823,12436.3,1.91737
39840,0.819207,12388.2,1.91575
39900,1.10537,12455.3,1.91456
39960,1.26128,12391.5,1.91533
40020,0.928242,12375.0,1.9138
40080,0.766474,12287.4,1.91394
40140,0.965139,12036.7,1.91382
40200,0.733199,12160.2,1.91366
40260,0.778135,12290.1,1.91602
40320,0.969058,12357.6,1.9168
40380,0.820336,12312.9,1.91472
40440,0.907992,12333.8,1.91471
40500,0.832115,12279.4,1.91522
40560,0.964215,12303.1,1.91408
40620,1.03995,12322.9,1.91713
40680,1.04279,12323.4,1.91644
40740,0.948648,12427.1,1.91857
40800,0.882008,12507.2,1.92146
40860,1.16472,12544.1,1.91618
40920,0.966852,12516.5,1.9171
40980,0.977208,12409.6,1.91579
41040,0.964275,12386.8,1.9159
41100,1.02541,12412.9,1.91574
41160,0.730739,12390.4,1.91439
41220,0.839462,12563.5,1.91522
41280,0.873215,12388.6,1.91368
41340,0.688715,12457.1,1.91663
41400,0.814616,12437.8,1.91624
41460,0.829142,12469.2,1.91506
41520,0.806401,12572.8,1.91501
41580,0.936453,12558.9,1.91575
41640,1.00316,12527.0,1.91372
41700,0.802137,12542.0,1.91764
41760,0.735892,12594.8,1.91746
41820,0.760654,12684.2,1.91831
41880,0.873751,12606.7,1.92011
41940,0.891903,12631.9,1.91744
42000,0.647198,12614.7,1.91473
42060,0.767291,12514.9,1.91393
42120,0.686748,12505.7,1.91605
42180,0.65636,12442.3,1.9147
42240,0.87157,12386.8,1.91802
42300,0.979171,12411.1,1.91751
42360,1.24151,12268.7,1.92085
42420,-9999.0,-9999.0,-9999.0
42480,-9999.0,-9999.0,-9999.0
42540,-9999.0,-9999.0,-9999.0
42600,-9999.0,-9999.0,-9999.0
42660,-9999.0,-9999.0,-9999.0
42720,-9999.0,-9999.0,-9999.0
42780,-9999.0,-9999.0,-9999.0
42840,-9999.0,-9999.0,-9999.0
42900,-9999.0,-9999.0,-9999.0
42960,-9999.0,-9999.0,-9999.0
43020,-9999.0,-9999.0,-9999.0
43080,-9999.0,-9999.0,-9999.0
43140,-9999.0,-9999.0,-9999.0
43200,-9999.0,-9999.0,-9999.0
43260,-9999.0,-9999.0,-9999.0
43320,-9999.0,-9999.0,-9999.0
43380,-9999.0,-9999.0,-9999.0
43440,-9999.0,-9999.0,-9999.0
43500,-9999.0,-9999.0,-9999.0
43560,-9999.0,-9999.0,-9999.0
43620,-9999.0,-9999.0,-9999.0
43680,-9999.0,-9999.0,-9999.0
43740,-9999.0,-9999.0,-9999.0
43800,-9999.0,-9999.0,-9999.0
43860,-9999.0,-9999.0,-9999.0
43920,-9999.0,-9999.0,-9999.0
43980,-9999.0,-9999.0,-9999.0
44040,-9999.0,-9999.0,-9999.0
44100,-9999.0,-9999.0,-9999.0
44160,-9999.0,-9999.0,-9999.0
44220,-9999.0,-9999.0,-9999.0
44280,-9999.0,-9999.0,-9999.0
44340,-9999.0,-9999.0,-9999.0
44400,-9999.0,-9999.0,-9999.0
44460,-9999.0,-9999.0,-9999.0
44520,-9999.0,-9999.0,-9999.0
44580,-9999.0,-9999.0,-9999.0
44640,-9999.0,-9999.0,-9999.0
44700,-9999.0,-9999.0,-9999.0
44760,-9999.0,-9999.0,-9999.0
44820,-9999.0,-9999.0,-9999.0
44880,-9999.0,-9999.0,-9999.0
44940,-9999.0,-9999.0,-9999.0
45000,-9999.0,-9999.0,-9999.0
45060,-9999.0,-9999.0,-9999.0
45120,-9999.0,-9999.0,-9999.0
45180,-9999.0,-9999.0,-9999.0
45240,-9999.0,-9999.0,-9999.0
45300,-9999.0,-9999.0,-9999.0
45360,-9999.0,-9999.0,-9999.0
45420,-9999.0,-9999.0,-9999.0
45480,-9999.0,-9999.0,-9999.0
45540,-9999.0,-9999.0,-9999.0
45600,-9999.0,-9999.0,-9999.0
45660,-9999.0,-9999.0,-9999.0
45720,-9999.0,-9999.0,-9999.0
45780,-9999.0,-9999.0,-9999.0
45840,-9999.0,-9999.0,-9999.0
45900,-9999.0,-9999.0,-9999.0
45960,-9999.0,-9999.0,-9999.0
46020,-9999.0,-9999.0,-9999.0
46080,-9999.0,-9999.0,-9999.0
46140,-9999.0,-9999.0,-9999.0
46200,-9999.0,-9999.0,-9999.0
46260,-9999.0,-9999.0,-9999.0
46320,-9999.0,-9999.0,-9999.0
46380,-9999.0,-9999.0,-9999.0
46440,-9999.0,-9999.0,-9999.0
46500,-9999.0,-9999.0,-9999.0
46560,-9999.0,-9999.0,-9999.0
46620,-9999.0,-9999.0,-9999.0
46680,-9999.0,-9999.0,-9999.0
46740,-9999.0,-9999.0,-9999.0
46800,-9999.0,-9999.0,-9999.0
46860,-9999.0,-9999.0,-9999.0
46920,-9999.0,-9999.0,-9999.0
46980,-9999.0,-9999.0,-9999.0
47040,-9999.0,-9999.0,-9999.0
47100,-9999.0,-9999.0,-9999.0
47160,-9999.0,-9999.0,-9999.0
47220,-9999.0,-9999.0,-9999.0
47280,-9999.0,-9999.0,-9999.0
47340,-9999.0,-9999.0,-9999.0
47400,-9999.0,-9999.0,-9999.0
47460,-9999.0,-9999.0,-9999.0
47520,-9999.0,-9999.0,-9999.0
47580,-9999.0,-9999.0,-9999.0
47640,-9999.0,-9999.0,-9999.0
47700,-9999.0,-9999.0,-9999.0
47760,-9999.0,-9999.0,-9999.0
47820,-9999.0,-9999.0,-9999.0
47880,-9999.0,-9999.0,-9999.0
47940,-9999.0,-9999.0,-9999.0
48000,-9999.0,-9999.0,-9999.0
48060,-9999.0,-9999.0,-9999.0
48120,-9999.0,-9999.0,-9999.0
48180,-9999.0,-9999.0,-9999.0
48240,-9999.0,-9999.0,-9999.0
48300,-9999.0,-9999.0,-9999.0
48360,-9999.0,-9999.0,-9999.0
48420,-9999.0,-9999.0,-9999.0
48480,-9999.0,-9999.0,-9999.0
48540,-9999.0,-9999.0,-9999.0
48600,-9999.0,-9999.0,-9999.0
48660,-9999.0,-9999.0,-9999.0
48720,-9999.0,-9999.0,-9999.0
48780,-9999.0,-9999.0,-9999.0
48840,-9999.0,-9999.0,-9999.0
48900,-9999.0,-9999.0,-9999.0
48960,-9999.0,-9999.0,-9999.0
49020,-9999.0,-9999.0,-9999.0
49080,-9999.0,-9999.0,-9999.0
49140,-9999.0,-9999.0,-9999.0
49200,-9999.0,-9999.0,-9999.0
49260,-9999.0,-9999.0,-9999.0
49320,-9999.0,-9999.0,-9999.0
49380,-9999.0,-9999.0,-9999.0
49440,-9999.0,-9999.0,-9999.0
49500,-9999.0,-9999.0,-9999.0
49560,-9999.0,-9999.0,-9999.0
49620,-9999.0,-9999.0,-9999.0
49680,-9999.0,-9999.0,-9999.0
49740,-9999.0,-9999.0,-9999.0
49800,-9999.0,-9999.0,-9999.0
49860,-9999.0,-9999.0,-9999.0
49920,-9999.0,-9999.0,-9999.0
49980,-9999.0,-9999.0,-9999.0
50040,-9999.0,-9999.0,-9999.0
50100,-9999.0,-9999.0,-9999.0
50160,-9999.0,-9999.0,-9999.0
50220,-9999.0,-9999.0,-9999.0
50280,-9999.0,-9999.0,-9999.0
50340,-9999.0,-9999.0,-9999.0
50400,-9999.0,-9999.0,-9999.0
50460,-9999.0,-9999.0,-9999.0
50520,-9999.0,-9999.0,-9999.0
50580,-9999.0,-9999.0,-9999.0
50640,-9999.0,-9999.0,-9999.0
50700,-9999.0,-9999.0,-9999.0
50760,-9999.0,-9999.0,-9999.0
50820,-9999.0,-9999.0,-9999.0
50880,-9999.0,-9999.0,-9999.0
50940,-9999.0,-9999.0,-9999.0
51000,-9999.0,-9999.0,-9999.0
51060,-9999.0,-9999.0,-9999.0
51120,-9999.0,-9999.0,-9999.0
51180,-9999.0,-9999.0,-9999.0
51240,-9999.0,-9999.0,-9999.0
51300,-9999.0,-9999.0,-9999.0
51360,-9999.0,-9999.0,-9999.0
51420,-9999.0,-9999.0,-9999.0
51480,-9999.0,-9999.0,-9999.0
51540,-9999.0,-9999.0,-9999.0
51600,-9999.0,-9999.0,-9999.0
51660,-9999.0,-9999.0,-9999.0
51720,-9999.0,-9999.0,-9999.0
51780,-9999.0,-9999.0,-9999.0
51840,-9999.0,-9999.0,-9999.0
51900,-9999.0,-9999.0,-9999.0
51960,-9999.0,-9999.0,-9999.0
52020,-9999.0,-9999.0,-9999.0
52080,-9999.0,-9999.0,-9999.0
52140,-9999.0,-9999.0,-9999.0
52200,-9999.0,-9999.0,-9999.0
52260,-9999.0,-9999.0,-9999.0
52320,-9999.0,-9999.0,-9999.0
52380,-9999.0,-9999.0,-9999.0
52440,-9999.0,-9999.0,-9999.0
52500,-9999.0,-9999.0,-9999.0
52560,-9999.0,-9999.0,-9999.0
52620,-9999.0,-9999.0,-9999.0
52680,-9999.0,-9999.0,-9999.0
52740,-9999.0,-9999.0,-9999.0
52800,-9999.0,-9999.0,-9999.0
52860,-9999.0,-9999.0,-9999.0
52920,-9999.0,-9999.0,-9999.0
52980,-9999.0,-9999.0,-9999.0
53040,-9999.0,-9999.0,-9999.0
53100,-9999.0,-9999.0,-9999.0
53160,-9999.0,-9999.0,-9999.0
53220,-9999.0,-9999.0,-9999.0
53280,-9999.0,-9999.0,-9999.0
53340,-9999.0,-9999.0,-9999.0
53400,-9999.0,-9999.0,-9999.0
53460,-9999.0,-9999.0,-9999.0
53520,-9999.0,-9999.0,-9999.0
53580,-9999.0,-9999.0,-9999.0
53640,-9999.0,-9999.0,-9999.0
53700,-9999.0,-9999.0,-9999.0
53760,-9999.0,-9999.0,-9999.0
53820,-9999.0,-9999.0,-9999.0
53880,-9999.0,-9999.0,-9999.0
53940,-9999.0,-9999.0,-9999.0
54000,-9999.0,-9999.0,-9999.0
54060,-9999.0,-9999.0,-9999.0
54120,-9999.0,-9999.0,-9999.0
54180,-9999.0,-9999.0,-9999.0
54240,-9999.0,-9999.0,-9999.0
54300,-9999.0,-9999.0,-9999.0
54360,-9999.0,-9999.0,-9999.0
54420,-9999.0,-9999.0,-9999.0
54480,-9999.0,-9999.0,-9999.0
54540,-9999.0,-9999.0,-9999.0
54600,-9999.0,-9999.0,-9999.0
54660,-9999.0,-9999.0,-9999.0
54720,-9999.0,-9999.0,-9999.0
54780,-9999.0,-9999.0,-9999.0
54840,-9999.0,-9999.0,-9999.0
54900,-9999.0,-9999.0,-9999.0
54960,-9999.0,-9999.0,-9999.0
55020,-9999.0,-9999.0,-9999.0
55080,-9999.0,-9999.0,-9999.0
55140,-9999.0,-9999.0,-9999.0
55200,-9999.0,-9999.0,-9999.0
55260,-9999.0,-9999.0,-9999.0
55320,-9999.0,-9999.0,-9999.0
55380,-9999.0,-9999.0,-9999.0
55440,-9999.0,-9999.0,-9999.0
55500,-9999.0,-9999.0,-9999.0
55560,-9999.0,-9999.0,-9999.0
55620,-9999.0,-9999.0,-9999.0
55680,-9999.0,-9999.0,-9999.0
55740,-9999.0,-9999.0,-9999.0
55800,-9999.0,-9999.0,-9999.0
55860,-9999.0,-9999.0,-9999.0
55920,-9999.0,-9999.0,-9999.0
55980,-9999.0,-9999.0,-9999.0
56040,-9999.0,-9999.0,-9999.0
56100,-9999.0,-9999.0,-9999.0
56160,-9999.0,-9999.0,-9999.0
56220,-9999.0,-9999.0,-9999.0
56280,-9999.0,-9999.0,-9999.0
56340,-9999.0,-9999.0,-9999.0
56400,-9999.0,-9999.0,-9999.0
56460,-9999.0,-9999.0,-9999.0
56520,-9999.0,-9999.0,-9999.0
56580,-9999.0,-9999.0,-9999.0
56640,-9999.0,-9999.0,-9999.0
56700,-9999.0,-9999.0,-9999.0
56760,-9999.0,-9999.0,-9999.0
56820,-9999.0,-9999.0,-9999.0
56880,-9999.0,-9999.0,-9999.0
56940,-9999.0,-9999.0,-9999.0
57000,-9999.0,-9999.0,-9999.0
57060,-9999.0,-9999.0,-9999.0
57120,-9999.0,-9999.0,-9999.0
57180,-9999.0,-9999.0,-9999.0
57240,-164.998,10372.8,-164.765
57300,1.92607,11128.3,1.91682
57360,2.00811,11400.7,1.91359
57420,1.88667,11290.7,1.91646
57480,2.1259,11356.9,1.91862
57540,2.32188,11649.5,1.92234
57600,2.53928,12049.8,1.92227
57660,5.60298,12437.6,1.92076
57720,2.29705,11758.2,1.91693
57780,2.25026,12779.0,1.91481
57840,2.14134,11662.8,1.91701
57900,2.43579,11446.7,1.92022
57960,2.28034,11459.9,1.91907
58020,2.24003,11098.5,1.91658
58080,2.11966,10691.5,1.91556
58140,2.0869,10727.9,1.91226
58200,2.01011,11061.2,1.91285
58260,2.14511,10832.5,1.91386
58320,2.09646,10879.1,1.91402
58380,2.23933,11263.2,1.91486
58440,2.18064,11204.1,1.91384
58500,2.16997,11449.9,1.91802
58560,1.95539,11174.6,1.91884
58620,2.04137,11314.3,1.91831
58680,2.51735,11970.1,1.91915
58740,2.52997,12373.8,1.91964
58800,2.24958,11798.8,1.91952
58860,2.25791,11340.0,1.9186
58920,2.36877,11730.7,1.91805
58980,2.56081,12154.0,1.91673
59040,2.65709,12270.8,1.92042
59100,2.59173,11716.2,1.9202
59160,2.56936,12187.2,1.92143
59220,2.53457,12487.3,1.91789
59280,2.36436,11562.1,1.92021
59340,2.19266,11593.1,1.92178
59400,2.43726,11333.0,1.91886
59460,2.50555,12405.9,1.91907
59520,1.96047,11266.0,1.91724
59580,2.02812,10531.1,1.91816
59640,2.06153,10720.5,1.91616
59700,2.01532,10599.4,1.91583
59760,1.9421,10441.0,1.91609
59820,1.93177,9991.64,1.91604
59880,2.0523,10209.0,1.91515
59940,2.12385,9859.68,1.91437
60000,1.95225,10080.0,1.9145
60060,1.90219,10302.0,1.91282
60120,2.11659,10470.7,1.91251
60180,2.36487,10281.0,1.91359
60240,1.96917,9869.82,1.91069
60300,1.94684,9873.31,1.91261
60360,2.27796,10147.5,1.91242
60420,2.23541,9914.72,1.91197
60480,1.83151,9768.24,1.91161
60540,1.95493,9982.61,1.9146
60600,2.02386,9601.31,1.91228
60660,1.7461,9590.94,1.9123
60720,1.54166,9472.0,1.90937
60780,1.5887,9530.0,1.91056
60840,1.97599,9285.37,1.91057
60900,1.58849,9012.77,1.90944
60960,1.2432,8705.23,1.90598
61020,1.45812,9018.28,1.90903
61080,1.55316,8854.46,1.90814
61140,1.34315,8690.45,1.90702
61200,1.62478,8519.6,1.90987
61260,1.37873,8718.88,1.90933
61320,1.63085,8990.71,1.90851
61380,1.79249,9273.68,1.90952
61440,1.51767,9199.88,1.9096
61500,1.49483,9168.96,1.90966
61560,1.44109,8916.65,1.90789
61620,1.56686,8668.98,1.90798
61680,1.51269,8640.21,1.90942
61740,1.22449,8296.67,1.90655
61800,1.46585,8361.21,1.90794
61860,1.54763,8590.81,1.90863
61920,1.48626,8560.6,1.90664
61980,1.50304,8433.72,1.90965
62040,1.72313,8641.12,1.90935
62100,1.68589,8559.2,1.90769
62160,1.54941,8495.45,1.90774
62220,1.60332,8422.98,1.90568
62280,1.57988,8541.31,1.90714
62340,1.35123,8597.83,1.90441
62400,1.36563,8434.04,1.90632
62460,1.46674,8656.92,1.90574
62520,1.42211,8355.82,1.90645
62580,1.49344,8297.2,1.90595
62640,1.26092,8236.29,1.90598
62700,1.35203,8330.35,1.90623
62760,1.38916,8308.56,1.90678
62820,1.21719,8264.92,1.90522
62880,1.22838,8071.82,1.90525
62940,1.2806,8070.45,1.90565
63000,1.10985,8181.61,1.90664
63060,1.37529,8135.03,1.90715
63120,1.46941,8429.82,1.9048
63180,1.38158,8470.64,1.90656
63240,1.64674,8485.36,1.90666
63300,1.22015,8279.7,1.90752
63360,1.32832,8420.89,1.9064
63420,1.6892,8625.19,1.90733
63480,1.54667,8505.81,1.90642
63540,1.54948,8235.47,1.90633
63600,1.41846,8336.56,1.90599
63660,1.37213,8333.46,1.9086
63720,1.34282,8227.62,1.90726
63780,1.194,8103.01,1.90447
63840,1.45377,7958.19,1.9053
63900,1.60083,8160.01,1.90719
63960,1.59914,8083.86,1.90473
64020,1.53793,8241.43,1.90421
64080,1.26353,8278.06,1.90688
64140,1.28978,8090.09,1.90426
64200,1.48146,8468.22,1.90498
64260,1.32989,8116.22,1.90641
64320,1.26304,7992.71,1.90622
64380,1.36792,7967.92,1.90654
