CampaignData_and_Merges/R0/CSL_MobileLab_Parked/raw/20240815/USOS-NOAAIodideCIMS-N2O5_MobileLabGround_20240815_RA.ict
33, 1001
Michael A Robinson, Chris Jernigan, Subi Thakali
NOAA ESRL Chemical Sciences Laboratory and CIRES, U. of Colorado
NOAA Iodide CIMS Instrument
USOS
1, 1
2024, 08, 15, 2024, 08, 18
1
starttime_UTC, seconds_past_midnight, seconds_of_day_since_00:00:00_UTC
1
1
-9999
N2O5_NOAACIMS, pptv, Gas_N2O5_InSitu_S_AVMR, 
0
18
PI_CONTACT_INFO: 325 Broadway, R/CSD 7, Boulder, Colorado 80305; michael.a.robinson@noaa.gov; chris.jernigan@noaa.gov;
PLATFORM: NOAA CSL Mobile Lab
LOCATION: SLC, Utah
ASSOCIATED_DATA: 1Hz data also available on request.
INSTRUMENT_INFO: NOAA I- ToF CIMS
DATA_INFO: All data in parts per trillion by volume (pptv). 1 Hz data is available upon request.
UNCERTAINTY: TBD
ULOD_FLAG: -7777
ULOD_VALUE: N/A
LLOD_FLAG: -8888
LLOD_VALUE: N/A
DM_CONTACT_INFO: Nathan Howard; nathan.h.howard@noaa.gov
PROJECT_INFO: USOS, summer 2024. https://csl.noaa.gov/groups/csl7/measurements/2024usos/
STIPULATIONS_ON_USE: Users are strongly encouraged to contact the PI for proper data usage.
OTHER_COMMENTS: 
REVISION: RA
RA: Preliminary Data; For in-field use only
starttime_UTC, N2O5_NOAACIMS
     0, -9999.000
    60, -9999.000
   120, -9999.000
   180, -9999.000
   240, -9999.000
   300, -9999.000
   360, -9999.000
   420, -9999.000
   480, -9999.000
   540, -9999.000
   600, -9999.000
   660, -9999.000
   720, -9999.000
   780, -9999.000
   840, -9999.000
   900, -9999.000
   960, -9999.000
  1020, -9999.000
  1080, -9999.000
  1140, -9999.000
  1200, -9999.000
  1260, -9999.000
  1320, -9999.000
  1380, -9999.000
  1440, -9999.000
  1500, -9999.000
  1560, -9999.000
  1620, -9999.000
  1680, -9999.000
  1740, -9999.000
  1800, -9999.000
  1860, -9999.000
  1920, -9999.000
  1980, -9999.000
  2040, -9999.000
  2100, -9999.000
  2160, -9999.000
  2220, -9999.000
  2280, -9999.000
  2340, -9999.000
  2400, -9999.000
  2460, -9999.000
  2520, -9999.000
  2580, -9999.000
  2640, -9999.000
  2700, -9999.000
  2760, -9999.000
  2820, -9999.000
  2880, -9999.000
  2940, -9999.000
  3000, -9999.000
  3060, -9999.000
  3120, -9999.000
  3180, -9999.000
  3240, -9999.000
  3300, -9999.000
  3360, -9999.000
  3420, -9999.000
  3480, -9999.000
  3540, -9999.000
  3600, -9999.000
  3660, -9999.000
  3720, -9999.000
  3780, -9999.000
  3840, -9999.000
  3900, -9999.000
  3960, -9999.000
  4020, -9999.000
  4080, -9999.000
  4140, -9999.000
  4200, -9999.000
  4260, -9999.000
  4320, -9999.000
  4380, -9999.000
  4440, -9999.000
  4500, -9999.000
  4560, -9999.000
  4620, -9999.000
  4680, -9999.000
  4740, -9999.000
  4800, -9999.000
  4860, -9999.000
  4920, -9999.000
  4980, -9999.000
  5040, -9999.000
  5100, -9999.000
  5160, -9999.000
  5220, -9999.000
  5280, -9999.000
  5340, -9999.000
  5400, -9999.000
  5460, -9999.000
  5520, -9999.000
  5580, -9999.000
  5640, -9999.000
  5700, -9999.000
  5760, -9999.000
  5820, -9999.000
  5880, -9999.000
  5940, -9999.000
  6000, -9999.000
  6060, -9999.000
  6120, -9999.000
  6180, -9999.000
  6240, -9999.000
  6300, -9999.000
  6360,  1.149
  6420,  1.159
  6480,  1.205
  6540,  1.074
  6600,  1.088
  6660,  1.109
  6720,  1.282
  6780,  1.217
  6840,  1.102
  6900,  1.338
  6960,  1.261
  7020,  1.497
  7080,  1.436
  7140,  1.642
  7200,  1.694
  7260,  1.719
  7320,  2.674
  7380,  3.302
  7440,  5.454
  7500,  5.415
  7560,  3.405
  7620,  3.989
  7680,  4.478
  7740,  3.511
  7800,  3.050
  7860,  3.006
  7920,  3.311
  7980,  3.883
  8040,  2.852
  8100,  3.514
  8160,  2.770
  8220,  2.485
  8280,  2.219
  8340,  2.021
  8400,  2.762
  8460,  2.127
  8520,  1.383
  8580,  1.732
  8640,  1.575
  8700,  1.835
  8760,  1.698
  8820,  1.408
  8880,  1.826
  8940,  1.745
  9000,  2.151
  9060,  2.061
  9120, -9999.000
  9180,  2.128
  9240,  1.758
  9300,  2.029
  9360,  2.045
  9420,  1.749
  9480,  1.756
  9540,  2.169
  9600,  2.500
  9660,  2.283
  9720,  2.666
  9780,  2.797
  9840,  2.463
  9900,  2.502
  9960,  2.245
 10020,  2.645
 10080,  2.955
 10140,  2.417
 10200,  2.733
 10260,  2.858
 10320,  2.851
 10380,  2.624
 10440,  2.588
 10500,  2.246
 10560,  1.996
 10620,  2.481
 10680,  1.590
 10740,  2.027
 10800,  2.035
 10860,  2.072
 10920,  1.878
 10980, -9999.000
 11040,  1.394
 11100,  1.372
 11160,  1.590
 11220,  1.531
 11280,  1.391
 11340,  1.658
 11400,  1.474
 11460,  1.436
 11520,  1.396
 11580,  1.062
 11640,  1.097
 11700,  1.169
 11760,  1.443
 11820,  1.403
 11880,  1.341
 11940,  1.566
 12000,  1.549
 12060,  1.602
 12120,  1.569
 12180,  1.735
 12240,  1.918
 12300,  1.456
 12360,  1.804
 12420,  1.812
 12480,  2.079
 12540,  2.163
 12600,  2.269
 12660,  1.645
 12720,  2.144
 12780,  2.484
 12840, -9999.000
 12900,  1.706
 12960,  1.692
 13020,  1.917
 13080,  1.583
 13140,  1.419
 13200,  1.791
 13260,  1.771
 13320,  1.955
 13380,  1.413
 13440,  1.577
 13500,  1.963
 13560,  1.974
 13620,  1.793
 13680,  1.568
 13740,  1.910
 13800,  2.029
 13860,  1.905
 13920,  1.467
 13980,  2.200
 14040,  1.821
 14100,  1.696
 14160,  1.521
 14220,  1.234
 14280,  1.830
 14340,  1.826
 14400,  1.454
 14460,  1.813
 14520,  1.361
 14580,  1.905
 14640,  1.499
 14700,  1.336
 14760,  1.462
 14820,  1.676
 14880,  1.989
 14940,  2.238
 15000,  2.544
 15060,  1.432
 15120,  2.205
 15180,  2.548
 15240,  2.177
 15300,  2.097
 15360,  2.203
 15420,  1.879
 15480,  2.117
 15540,  1.865
 15600,  1.584
 15660,  1.849
 15720,  1.868
 15780,  1.818
 15840,  1.685
 15900,  1.614
 15960,  1.769
 16020,  1.721
 16080,  1.759
 16140,  1.893
 16200,  1.720
 16260,  1.387
 16320,  1.712
 16380,  1.796
 16440,  1.945
 16500,  0.939
 16560,  1.512
 16620,  1.781
 16680,  2.219
 16740,  1.892
 16800,  1.715
 16860,  1.367
 16920,  1.510
 16980,  2.025
 17040,  1.714
 17100,  1.874
 17160,  1.796
 17220,  1.667
 17280,  1.458
 17340,  1.684
 17400,  1.836
 17460,  1.603
 17520,  1.616
 17580,  1.623
 17640,  1.639
 17700,  1.553
 17760,  1.514
 17820,  1.472
 17880,  1.856
 17940,  1.746
 18000,  1.659
 18060,  1.637
 18120,  1.634
 18180,  1.704
 18240,  1.860
 18300,  1.629
 18360,  2.303
 18420,  1.596
 18480,  2.065
 18540,  4.167
 18600,  9.226
 18660, 11.770
 18720, 14.123
 18780, 17.064
 18840, 17.586
 18900, 17.312
 18960, 14.656
 19020, 13.360
 19080, 10.313
 19140, 11.142
 19200, 12.975
 19260, 12.018
 19320, 12.121
 19380, 17.325
 19440, 16.668
 19500, 12.005
 19560, 10.712
 19620,  9.252
 19680,  7.792
 19740,  5.720
 19800,  7.428
 19860,  8.397
 19920,  7.695
 19980,  5.170
 20040,  5.002
 20100,  5.157
 20160,  4.996
 20220, -9999.000
 20280,  6.159
 20340,  4.614
 20400,  3.691
 20460,  4.219
 20520,  4.221
 20580,  4.877
 20640,  4.581
 20700,  3.166
 20760,  2.628
 20820, -9999.000
 20880, -9999.000
 20940, -9999.000
 21000, -9999.000
 21060, -9999.000
 21120, -9999.000
 21180, -9999.000
 21240, -9999.000
 21300, -9999.000
 21360, -9999.000
 21420, -9999.000
 21480, -9999.000
 21540, -9999.000
 21600, -9999.000
 21660, -9999.000
 21720, -9999.000
 21780, -9999.000
 21840, -9999.000
 21900, -9999.000
 21960, -9999.000
 22020, -9999.000
 22080, -9999.000
 22140, -9999.000
 22200, -9999.000
 22260, -9999.000
 22320, -9999.000
 22380, -9999.000
 22440, -9999.000
 22500, -9999.000
 22560, -9999.000
 22620, -9999.000
 22680, -9999.000
 22740, -9999.000
 22800, -9999.000
 22860, -9999.000
 22920, -9999.000
 22980, -9999.000
 23040, -9999.000
 23100, -9999.000
 23160, -9999.000
 23220, -9999.000
 23280, -9999.000
 23340, -9999.000
 23400, -9999.000
 23460, -9999.000
 23520, -9999.000
 23580, -9999.000
 23640, -9999.000
 23700, -9999.000
 23760, -9999.000
 23820, -9999.000
 23880, -9999.000
 23940, -9999.000
 24000, -9999.000
 24060, -9999.000
 24120, -9999.000
 24180, -9999.000
 24240, -9999.000
 24300, -9999.000
 24360, 10.221
 24420,  5.680
 24480,  2.300
 24540,  2.329
 24600,  3.103
 24660,  2.664
 24720,  3.392
 24780,  4.342
 24840,  2.812
 24900,  2.240
 24960,  1.699
 25020,  1.710
 25080,  1.646
 25140,  1.981
 25200,  2.031
 25260,  1.765
 25320,  1.595
 25380,  1.957
 25440,  1.558
 25500,  1.990
 25560,  1.827
 25620,  1.923
 25680,  2.099
 25740,  1.423
 25800,  2.524
 25860,  1.872
 25920,  2.154
 25980,  2.449
 26040,  2.329
 26100,  2.345
 26160,  2.065
 26220,  2.140
 26280,  2.000
 26340,  2.400
 26400,  2.290
 26460,  2.250
 26520,  2.231
 26580,  2.318
 26640,  2.507
 26700,  2.583
 26760,  2.545
 26820,  2.435
 26880,  2.393
 26940,  2.116
 27000,  2.299
 27060,  2.315
 27120,  2.593
 27180,  2.448
 27240,  2.420
 27300,  2.421
 27360,  2.868
 27420,  2.714
 27480,  2.438
 27540,  2.221
 27600, -9999.000
 27660,  3.096
 27720,  2.206
 27780,  2.428
 27840,  2.427
 27900,  2.418
 27960,  2.159
 28020,  2.522
 28080,  2.438
 28140,  2.240
 28200,  2.096
 28260,  2.175
 28320,  2.479
 28380,  2.071
 28440,  2.296
 28500,  2.274
 28560,  2.239
 28620,  2.053
 28680,  1.879
 28740,  1.994
 28800,  2.553
 28860,  2.021
 28920,  2.016
 28980,  2.162
 29040,  1.928
 29100,  2.231
 29160,  2.359
 29220,  1.963
 29280,  1.894
 29340,  2.112
 29400,  1.773
 29460, -9999.000
 29520,  2.295
 29580,  2.212
 29640,  1.988
 29700,  2.286
 29760,  2.489
 29820,  2.453
 29880,  2.108
 29940,  1.710
 30000,  2.025
 30060,  1.765
 30120,  1.979
 30180,  1.922
 30240,  1.863
 30300,  1.681
 30360,  2.080
 30420,  2.277
 30480,  2.111
 30540,  2.455
 30600,  1.876
 30660,  2.416
 30720,  2.480
 30780,  2.240
 30840,  2.344
 30900,  2.338
 30960,  2.565
 31020,  2.865
 31080,  3.137
 31140,  3.614
 31200,  3.013
 31260,  2.744
 31320, -9999.000
 31380,  2.539
 31440,  2.709
 31500,  2.622
 31560,  3.095
 31620,  3.269
 31680,  2.800
 31740,  2.603
 31800,  2.911
 31860,  3.001
 31920,  2.703
 31980,  3.219
 32040,  3.421
 32100,  2.746
 32160,  2.966
 32220,  4.212
 32280,  3.164
 32340,  3.154
 32400,  3.687
 32460,  3.992
 32520,  3.675
 32580,  3.429
 32640,  3.718
 32700,  3.222
 32760,  2.969
 32820,  3.361
 32880,  3.763
 32940,  3.226
 33000,  3.694
 33060,  3.670
 33120,  3.361
 33180,  3.883
 33240,  3.427
 33300,  2.809
 33360,  2.777
 33420,  3.193
 33480,  3.666
 33540,  3.505
 33600,  3.348
 33660,  3.260
 33720,  3.301
 33780,  3.581
 33840,  4.197
 33900,  3.440
 33960,  3.058
 34020,  2.896
 34080,  2.996
 34140,  3.427
 34200,  3.202
 34260,  3.158
 34320,  2.638
 34380,  3.261
 34440,  3.316
 34500,  3.256
 34560,  3.292
 34620,  3.517
 34680,  3.020
 34740,  3.102
 34800,  3.190
 34860,  2.713
 34920,  2.951
 34980,  2.567
 35040,  2.407
 35100,  2.994
 35160,  3.376
 35220,  3.132
 35280,  2.939
 35340,  2.954
 35400,  3.354
 35460,  2.717
 35520,  2.796
 35580,  3.250
 35640,  2.671
 35700,  2.812
 35760,  2.472
 35820,  2.775
 35880,  3.156
 35940,  2.619
 36000,  2.548
 36060,  3.001
 36120,  3.485
 36180,  3.880
 36240,  3.103
 36300,  2.866
 36360,  2.765
 36420,  2.666
 36480,  2.913
 36540,  2.816
 36600,  3.152
 36660,  3.140
 36720,  3.080
 36780,  2.903
 36840,  3.828
 36900,  3.351
 36960,  3.556
 37020,  4.376
 37080,  4.008
 37140,  3.819
 37200,  3.476
 37260,  3.018
 37320,  2.688
 37380,  3.592
 37440,  2.856
 37500,  3.608
 37560,  3.113
 37620,  3.811
 37680,  4.030
 37740,  4.167
 37800,  3.856
 37860,  2.819
 37920,  2.556
 37980,  3.879
 38040,  3.908
 38100,  4.163
 38160,  3.187
 38220,  3.709
 38280,  3.759
 38340,  3.546
 38400,  3.531
 38460,  4.274
 38520,  3.754
 38580,  3.967
 38640,  3.511
 38700, -9999.000
 38760,  3.593
 38820,  3.509
 38880,  3.633
 38940,  3.255
 39000,  3.300
 39060,  2.990
 39120,  3.857
 39180,  2.847
 39240,  3.595
 39300,  3.785
 39360,  4.060
 39420,  4.879
 39480,  4.218
 39540,  4.535
 39600,  5.069
 39660,  4.005
 39720,  3.274
 39780,  4.595
 39840,  4.676
 39900,  3.888
 39960,  3.381
 40020,  3.864
 40080,  4.730
 40140,  5.733
 40200,  4.257
 40260,  4.039
 40320,  3.681
 40380,  3.662
 40440,  3.434
 40500,  3.427
 40560, -9999.000
 40620,  2.850
 40680,  3.200
 40740,  2.423
 40800,  2.228
 40860,  2.446
 40920,  2.228
 40980,  3.756
 41040,  3.608
 41100,  3.707
 41160,  4.530
 41220,  2.632
 41280, -9999.000
 41340,  4.211
 41400,  4.617
 41460,  3.524
 41520,  3.879
 41580,  3.245
 41640,  3.549
 41700,  3.038
 41760,  2.930
 41820,  2.479
 41880,  2.581
 41940,  2.314
 42000,  2.435
 42060,  2.840
 42120,  2.284
 42180, -9999.000
 42240, -9999.000
 42300, -9999.000
 42360, -9999.000
 42420, -9999.000
 42480, -9999.000
 42540, -9999.000
 42600, -9999.000
 42660, -9999.000
 42720, -9999.000
 42780, -9999.000
 42840, -9999.000
 42900, -9999.000
 42960, -9999.000
 43020, -9999.000
 43080, -9999.000
 43140, -9999.000
 43200, -9999.000
 43260, -9999.000
 43320, -9999.000
 43380, -9999.000
 43440, -9999.000
 43500, -9999.000
 43560, -9999.000
 43620, -9999.000
 43680, -9999.000
 43740, -9999.000
 43800, -9999.000
 43860, -9999.000
 43920, -9999.000
 43980, -9999.000
 44040, -9999.000
 44100, -9999.000
 44160, -9999.000
 44220, -9999.000
 44280, -9999.000
 44340, -9999.000
 44400, -9999.000
 44460, -9999.000
 44520, -9999.000
 44580, -9999.000
 44640, -9999.000
 44700, -9999.000
 44760, -9999.000
 44820, -9999.000
 44880, -9999.000
 44940, -9999.000
 45000, -9999.000
 45060, -9999.000
 45120, -9999.000
 45180, -9999.000
 45240, -9999.000
 45300, -9999.000
 45360, -9999.000
 45420, -9999.000
 45480, -9999.000
 45540, -9999.000
 45600, -9999.000
 45660, -9999.000
 45720, -9999.000
 45780, -9999.000
 45840, -9999.000
 45900, -9999.000
 45960, -9999.000
 46020, -9999.000
 46080, -9999.000
 46140, -9999.000
 46200, -9999.000
 46260, -9999.000
 46320, -9999.000
 46380, -9999.000
 46440, -9999.000
 46500, -9999.000
 46560, -9999.000
 46620, -9999.000
 46680, -9999.000
 46740, -9999.000
 46800, -9999.000
 46860, -9999.000
 46920, -9999.000
 46980, -9999.000
 47040, -9999.000
 47100, -9999.000
 47160, -9999.000
 47220, -9999.000
 47280, -9999.000
 47340, -9999.000
 47400, -9999.000
 47460, -9999.000
 47520, -9999.000
 47580, -9999.000
 47640, -9999.000
 47700, -9999.000
 47760, -9999.000
 47820, -9999.000
 47880, -9999.000
 47940, -9999.000
 48000, -9999.000
 48060, -9999.000
 48120, -9999.000
 48180, -9999.000
 48240, -9999.000
 48300, -9999.000
 48360, -9999.000
 48420, -9999.000
 48480, -9999.000
 48540, -9999.000
 48600, -9999.000
 48660, -9999.000
 48720, -9999.000
 48780, -9999.000
 48840, -9999.000
 48900, -9999.000
 48960, -9999.000
 49020, -9999.000
 49080, -9999.000
 49140, -9999.000
 49200, -9999.000
 49260, -9999.000
 49320, -9999.000
 49380, -9999.000
 49440, -9999.000
 49500, -9999.000
 49560, -9999.000
 49620, -9999.000
 49680, -9999.000
 49740, -9999.000
 49800, -9999.000
 49860, -9999.000
 49920, -9999.000
 49980, -9999.000
 50040, -9999.000
 50100, -9999.000
 50160, -9999.000
 50220, -9999.000
 50280, -9999.000
 50340, -9999.000
 50400, -9999.000
 50460, -9999.000
 50520, -9999.000
 50580, -9999.000
 50640, -9999.000
 50700, -9999.000
 50760, -9999.000
 50820, -9999.000
 50880, -9999.000
 50940, -9999.000
 51000, -9999.000
 51060, -9999.000
 51120, -9999.000
 51180, -9999.000
 51240, -9999.000
 51300, -9999.000
 51360, -9999.000
 51420, -9999.000
 51480, -9999.000
 51540, -9999.000
 51600, -9999.000
 51660, -9999.000
 51720, -9999.000
 51780, -9999.000
 51840, -9999.000
 51900, -9999.000
 51960, -9999.000
 52020, -9999.000
 52080, -9999.000
 52140, -9999.000
 52200, -9999.000
 52260, -9999.000
 52320, -9999.000
 52380, -9999.000
 52440, -9999.000
 52500, -9999.000
 52560, -9999.000
 52620, -9999.000
 52680, -9999.000
 52740, -9999.000
 52800, -9999.000
 52860, -9999.000
 52920, -9999.000
 52980, -9999.000
 53040, -9999.000
 53100, -9999.000
 53160, -9999.000
 53220, -9999.000
 53280, -9999.000
 53340, -9999.000
 53400, -9999.000
 53460, -9999.000
 53520, -9999.000
 53580, -9999.000
 53640, -9999.000
 53700, -9999.000
 53760, -9999.000
 53820, -9999.000
 53880, -9999.000
 53940, -9999.000
 54000, -9999.000
 54060, -9999.000
 54120, -9999.000
 54180, -9999.000
 54240, -9999.000
 54300, -9999.000
 54360, -9999.000
 54420, -9999.000
 54480, -9999.000
 54540, -9999.000
 54600, -9999.000
 54660, -9999.000
 54720, -9999.000
 54780, -9999.000
 54840, -9999.000
 54900, -9999.000
 54960, -9999.000
 55020, -9999.000
 55080, -9999.000
 55140, -9999.000
 55200, -9999.000
 55260, -9999.000
 55320, -9999.000
 55380, -9999.000
 55440, -9999.000
 55500, -9999.000
 55560, -9999.000
 55620, -9999.000
 55680, -9999.000
 55740, -9999.000
 55800, -9999.000
 55860, -9999.000
 55920, -9999.000
 55980, -9999.000
 56040, -9999.000
 56100, -9999.000
 56160, -9999.000
 56220, -9999.000
 56280, -9999.000
 56340, -9999.000
 56400, -9999.000
 56460, -9999.000
 56520, -9999.000
 56580, -9999.000
 56640, -9999.000
 56700, -9999.000
 56760, -9999.000
 56820, -9999.000
 56880, -9999.000
 56940, -9999.000
 57000, -9999.000
 57060, -9999.000
 57120, -9999.000
 57180, -9999.000
 57240, -9999.000
 57300, -9999.000
 57360, -9999.000
 57420, -9999.000
 57480, -9999.000
 57540, -9999.000
 57600, -9999.000
 57660, -9999.000
 57720, -9999.000
 57780, -9999.000
 57840, -9999.000
 57900, -9999.000
 57960, -9999.000
 58020, -9999.000
 58080, -9999.000
 58140, -9999.000
 58200, -9999.000
 58260, -9999.000
 58320, -9999.000
 58380, -9999.000
 58440, -9999.000
 58500, -9999.000
