CampaignData_and_Merges/R0/CSL_MobileLab_Parked/raw/20240815/USOS-POPS_MobileLabGround_20240815_R0.ict
78, 1001
Thornberry, T. D.
NOAA Chemical Sciences Laboratory
Portable Optical Particle Spectrometer (POPS)
USOS
1, 1
2024, 08, 15, 2025, 05, 08
60
Time_Start, seconds_past_midnight, Start time of measurement
45
1, 1, 1, 1, 1, 1, 1, 1, 1, 1, 1, 1, 1, 1, 1, 1, 1, 1, 1, 1, 1, 1, 1, 1, 1, 1, 1, 1, 1, 1, 1, 1, 1, 1, 1, 1, 1, 1, 1, 1, 1, 1, 1, 1, 1
-9999, -9999, -9999, -9999, -9999, -9999, -9999, -9999, -9999, -9999, -9999, -9999, -9999, -9999, -9999, -9999, -9999, -9999, -9999, -9999, -9999, -9999, -9999, -9999, -9999, -9999, -9999, -9999, -9999, -9999, -9999, -9999, -9999, -9999, -9999, -9999, -9999, -9999, -9999, -9999, -9999, -9999, -9999, -9999, -9999
Time_Stop, seconds_past_midnight, Stop time of measurement
Time_Mid, seconds_past_midnight, Mid time of measurement
Press_mb, mb, Pressure reported (mb)
Temp_C, degrees C, POPS temperature measurement
Aerosol_concentration, cm^-3, Aerosol concentration
Surface_Area_Conc, um^2 cm^-3, Surface area concentration
Volume_density, um^3 cm^-3, Volume density
Effective_radius, um, Effective radius
Extinction, km^-1, Extinction
Bin01, cm^-3, particle concentration in size range [1401 - 146.3 nm]
Bin02, cm^-3, particle concentration in size range [146.3 - 152.8 nm]
Bin03, cm^-3, particle concentration in size range [152.8 - 159.6 nm]
Bin04, cm^-3, particle concentration in size range [159.6 - 166.8 nm]
Bin05, cm^-3, particle concentration in size range [166.8 - 174.2 nm]
Bin06, cm^-3, particle concentration in size range [174.2 - 181.9 nm]
Bin07, cm^-3, particle concentration in size range [181.9 - 190.0 nm]
Bin08, cm^-3, particle concentration in size range [190.0 - 198.5 nm]
Bin09, cm^-3, particle concentration in size range [198.5 - 207.4 nm]
Bin10, cm^-3, particle concentration in size range [207.4 - 216.6 nm]
Bin11, cm^-3, particle concentration in size range [216.6 - 226.2 nm]
Bin12, cm^-3, particle concentration in size range [226.2 - 236.3 nm]
Bin13, cm^-3, particle concentration in size range [236.3 - 246.8 nm]
Bin14, cm^-3, particle concentration in size range [246.8 - 257.8 nm]
Bin15, cm^-3, particle concentration in size range [257.8 - 269.3 nm]
Bin16, cm^-3, particle concentration in size range [269.3 - 343.4 nm]
Bin17, cm^-3, particle concentration in size range [343.4 - 450.7 nm]
Bin18, cm^-3, particle concentration in size range [450.7 - 525.9 nm]
Bin19, cm^-3, particle concentration in size range [525.9 - 618.5 nm]
Bin20, cm^-3, particle concentration in size range [618.5 - 710.0 nm]
Bin21, cm^-3, particle concentration in size range [710.0 - 822.7 nm]
Bin22, cm^-3, particle concentration in size range [822.7 - 885.9 nm]
Bin23, cm^-3, particle concentration in size range [885.9 - 953.9 nm]
Bin24, cm^-3, particle concentration in size range [953.9 - 1027.2 nm]
Bin25, cm^-3, particle concentration in size range [1027.2 - 1106.1 nm]
Bin26, cm^-3, particle concentration in size range [1106.1 - 1191.0 nm]
Bin27, cm^-3, particle concentration in size range [1191.0 - 1282.5 nm]
Bin28, cm^-3, particle concentration in size range [1282.5 - 1381.0 nm]
Bin29, cm^-3, particle concentration in size range [1381.0 - 1487.1 nm]
Bin30, cm^-3, particle concentration in size range [1487.1 - 1601.3 nm]
Bin31, cm^-3, particle concentration in size range [1601.3 - 1724.3 nm]
[...]
PLATFORM: NOAA CSL Mobile Lab
LOCATION: USOS
ASSOCIATED_DATA: N/A
INSTRUMENT_INFO: Printed Optical Particle Spectrometer counts particles from 140 - 2500 nm in diameter 
DATA_INFO: Particle concentrations reported in number per cubic centimeter,1 Hz data
UNCERTAINTY: Counting uncertainty dominated by air flow, less than 5 percent. Measurement range is ~0 - 3000 per cm3 (varies depending on flow rate- manufacturer quotes 1250 per cm3 at 1.667 cc/s)
ULOD_FLAG: -7777
ULOD_VALUE: N/A
LLOD_FLAG: -8888
LLOD_VALUE: N/A
DM_CONTACT_INFO: Troy Thornberry, 325 Broadway R/CSL6, Boulder, CO 80305; troy.thornberry@noaa.gov; 303-497-3373
PROJECT_INFO: USOS, Utah POPS data from NOAA CSL Mobile Lab
STIPULATIONS_ON_USE: Please contact the PIs for questions regarding applications and uncertainties
OTHER_COMMENTS: POPS bin Edges (nm):  140.1, 146.3, 152.8, 159.6, 166.8, 174.2, 181.9, 190.0, 198.5, 207.4, 216.6, 226.2, 236.3, 246.8, 257.8, 269.3, 343.4, 450.7, 525.9, 618.5, 710.0, 822.7, 885.9, 953.9, 1027.2, 1106.1, 1191.0, 1282.5, 1381.0, 1487.1, 1601.3, 1724.3, 1856.7, 1999.3, 2152.8, 2318.2, 2496.2
Calculations assume organic aerosol refractive index of 1.52+0.00j and extinction wavelength = 532 nm
REVISION: R0
R0: Final data
Time_Start, Time_Stop, Time_Mid, Press_mb, Temp_C, Aerosol_concentration, Surface_Area_Conc, Volume_density, Effective_radius, Extinction, Bin01, Bin02, Bin03, Bin04, Bin05, Bin06, Bin07, Bin08, Bin09, Bin10, Bin11, Bin12, Bin13, Bin14, Bin15, Bin16, Bin17, Bin18, Bin19, Bin20, Bin21, Bin22, Bin23, Bin24, Bin25, Bin26, Bin27, Bin28, Bin29, Bin30, Bin31, Bin32, Bin33, Bin34, Bin35, Bin36
[from data line 1153]
69180,69239,69210,871.257,33.021,100.920,12.609,0.732,0.164,0.003,18.521593,14.371316,11.185728,9.404325,7.818312,6.011210,5.102836,4.127725,3.373318,3.107010,2.531992,2.613786,2.454140,2.250822,1.686692,4.263659,1.294926,0.383842,0.200842,0.044299,0.022314,0.016823,0.022187,0.000000,0.010650,0.011283,0.027811,0.000000,0.011186,0.016609,0.000000,0.011019,0.010701,0.000000,0.005464,0.005650
69240,69299,69270,871.266,33.096,94.710,12.076,0.681,0.159,0.003,16.341406,13.167582,10.415865,9.019770,7.267771,5.825460,4.818839,4.065174,3.545074,3.073043,2.531150,2.375540,2.181444,2.047048,1.713834,4.183168,1.311554,0.402350,0.155438,0.055763,0.044486,0.022575,0.011111,0.033532,0.011338,0.005501,0.005593,0.016806,0.017201,0.016973,0.011263,0.005669,0.005411,0.000000,0.000000,0.005556
69300,69359,69330,871.285,33.125,91.532,11.472,0.640,0.159,0.003,16.192427,12.219151,10.243445,8.657192,7.130259,5.725905,4.796348,3.962654,3.101570,2.752468,2.497105,2.283670,2.300757,1.968595,1.629984,4.111512,1.184073,0.374411,0.155819,0.060750,0.033678,0.038699,0.021937,0.016383,0.011420,0.010973,0.000000,0.000000,0.017382,0.005325,0.000000,0.016839,0.010920,0.000000,0.000000,0.000000
69360,69419,69390,871.257,33.159,92.268,12.142,0.781,0.177,0.003,16.387272,12.837082,9.873810,8.368941,6.824297,5.585544,4.910069,3.870223,3.398066,2.879838,2.597592,2.544957,2.194359,2.026337,1.611562,4.325596,1.155732,0.338890,0.227153,0.072144,0.027631,0.044849,0.011074,0.027353,0.011075,0.005394,0.017004,0.016367,0.011361,0.017111,0.011074,0.011130,0.011056,0.005359,0.010968,0.000000
69420,69479,69450,871.266,33.144,89.936,11.672,0.679,0.164,0.003,15.297745,12.290635,10.080552,8.321366,6.866130,5.570475,4.398705,3.993786,3.234814,2.659773,2.478533,2.238832,2.190423,2.134037,1.580534,4.488708,1.208444,0.426316,0.243797,0.044215,0.044293,0.021850,0.011338,0.033171,0.005669,0.005869,0.005359,0.010724,0.011300,0.005359,0.005464,0.005727,0.005631,0.005376,0.005669,0.005574
69480,69539,69510,871.204,33.116,89.921,11.779,0.777,0.179,0.003,15.547570,12.643396,9.741811,8.493361,6.835096,5.453719,4.362390,3.838285,3.183033,2.644655,2.471424,2.412616,2.397574,2.045752,1.567836,4.314280,1.139910,0.374789,0.171098,0.049986,0.050155,0.011186,0.011093,0.027464,0.022250,0.027605,0.010983,0.000000,0.005376,0.005688,0.022315,0.022081,0.005429,0.005325,0.000000,0.005612
69540,69599,69570,871.324,33.047,91.821,12.202,0.872,0.195,0.003,16.038574,12.548247,10.194219,8.450789,6.785554,5.756044,4.744597,3.910532,3.100361,2.982545,2.459855,2.452896,2.270097,2.121131,1.661162,4.321239,1.244219,0.372469,0.144106,0.044258,0.028275,0.017182,0.027976,0.005537,0.016851,0.016413,0.005631,0.011398,0.010913,0.005464,0.011150,0.016696,0.017163,0.011076,0.000000,0.016606
69600,69659,69630,871.227,33.010,92.476,11.936,0.738,0.169,0.003,15.850962,12.726259,10.436213,8.780829,7.064555,5.606249,4.746115,4.289300,3.284378,2.811296,2.733740,2.352496,2.403187,1.878868,1.372064,4.155406,1.194821,0.327752,0.217076,0.038775,0.033034,0.028238,0.016684,0.016670,0.010948,0.011111,0.000000,0.016710,0.005650,0.022165,0.005464,0.005537,0.011435,0.016539,0.000000,0.005593
69660,69719,69690,871.173,33.067,94.996,12.037,0.654,0.154,0.003,16.835308,13.389423,10.512420,8.415164,7.263706,5.700956,4.602039,4.272714,3.303360,2.982673,2.619089,2.615037,2.261460,2.076485,1.683601,4.370531,1.168288,0.445282,0.244257,0.055588,0.027482,0.028154,0.011194,0.022239,0.011264,0.016840,0.011149,0.011358,0.010911,0.000000,0.005519,0.005807,0.005537,0.005411,0.005747,0.000000
69720,69779,69750,871.162,33.025,95.322,11.687,0.616,0.148,0.002,16.858566,13.304214,10.436013,9.292232,7.355065,5.744155,4.825124,3.791135,3.384917,2.913400,2.793415,2.587428,2.312171,2.072421,1.459628,4.330184,1.244663,0.323292,0.132818,0.038283,0.033393,0.011438,0.005631,0.016859,0.000000,0.011060,0.005574,0.000000,0.005447,0.005612,0.005464,0.005394,0.000000,0.005650,0.005612,0.005708
69780,69839,69810,871.225,33.004,95.975,12.527,0.784,0.171,0.003,16.289566,13.535848,10.966819,9.046463,7.262500,5.967036,4.802407,4.205351,3.288796,2.916609,2.619967,2.473934,2.381432,2.183682,1.426901,4.354208,1.357227,0.381349,0.232927,0.066699,0.016543,0.022453,0.021945,0.022321,0.027602,0.016561,0.016380,0.005631,0.011130,0.005394,0.005574,0.005376,0.022118,0.005593,0.000000,0.010988
69840,69899,69870,871.120,33.106,96.167,12.241,0.704,0.163,0.003,16.996090,13.320441,10.579737,8.915685,7.512687,5.985633,4.897353,3.865796,3.458378,3.122201,2.643632,2.600998,2.459600,2.022169,1.535997,4.238201,1.177460,0.398572,0.187895,0.049611,0.027600,0.038607,0.027910,0.005482,0.011396,0.016518,0.000000,0.000000,0.005376,0.016332,0.027334,0.000000,0.005376,0.005482,0.005631,0.005708
69900,69959,69930,871.168,33.123,95.492,12.302,0.693,0.159,0.003,16.630871,12.985059,10.824319,8.695949,7.219063,6.044458,4.773859,4.022065,3.269972,3.163176,2.685621,2.679276,2.228030,2.204104,1.410800,4.337103,1.461660,0.378324,0.210986,0.072237,0.033703,0.005429,0.017009,0.027897,0.027784,0.022152,0.000000,0.000000,0.005767,0.010927,0.027966,0.000000,0.000000,0.011168,0.000000,0.005464
69960,70019,69990,871.129,33.134,96.135,12.354,0.740,0.163,0.003,16.969109,13.550486,10.261438,8.860002,6.957355,6.397294,4.999348,4.213812,3.508487,2.883955,2.611234,2.367806,2.334819,2.201924,1.736416,4.175318,1.138868,0.448427,0.276856,0.055014,0.016728,0.021977,0.027776,0.016309,0.016878,0.005519,0.010684,0.010817,0.005501,0.011242,0.016416,0.005727,0.000000,0.010984,0.000000,0.010718
70020,70079,70050,871.100,33.241,98.626,12.908,0.865,0.181,0.003,17.501064,13.695419,11.311121,9.289710,7.382267,5.987157,5.005403,4.257193,3.304697,2.850899,2.755615,2.458604,2.295684,2.140756,1.674548,4.413882,1.319465,0.375244,0.286123,0.083026,0.055496,0.021957,0.033150,0.005650,0.016459,0.005650,0.000000,0.022067,0.016705,0.011148,0.005556,0.016816,0.005612,0.000000,0.005556,0.016587
70080,70139,70110,871.097,33.181,99.665,12.954,0.840,0.181,0.003,17.438452,13.706198,11.329297,8.918309,7.664026,6.430745,5.011401,4.031622,3.458002,3.221428,2.804245,2.708763,2.462232,2.047495,1.604081,4.450728,1.404542,0.425961,0.232237,0.066200,0.049772,0.027032,0.033513,0.011379,0.016636,0.011339,0.011075,0.022089,0.005727,0.016621,0.000000,0.027707,0.011002,0.000000,0.000000,0.005612
70140,70199,70170,871.079,33.174,100.619,12.894,0.758,0.164,0.003,17.699934,14.265789,11.431984,9.309074,8.058782,6.361657,4.765091,4.268865,3.458683,3.182231,2.435773,2.623262,2.454907,2.217670,1.452642,4.456316,1.287461,0.405071,0.189477,0.044862,0.044268,0.033577,0.027534,0.005447,0.016539,0.021996,0.005807,0.016579,0.010988,0.022067,0.022533,0.000000,0.011058,0.000000,0.005556,0.005464
70200,70259,70230,871.115,33.143,99.497,12.570,0.756,0.166,0.003,17.206425,14.164898,11.211923,9.475292,7.552343,6.409718,4.771035,4.247194,3.454058,3.221910,2.630104,2.481273,2.468174,2.002157,1.796563,4.499566,1.055223,0.370130,0.218093,0.044442,0.033921,0.049548,0.005574,0.022120,0.011038,0.016876,0.011338,0.000000,0.021841,0.000000,0.011377,0.016520,0.000000,0.005631,0.011223,0.000000
70260,70319,70290,871.092,33.221,97.164,12.676,0.812,0.177,0.003,17.051790,13.495585,10.951701,8.887133,7.446770,6.340564,5.005581,4.294719,3.237891,2.882407,2.608841,2.450631,2.328244,2.161330,1.647914,4.217222,1.258090,0.401409,0.232042,0.010858,0.054958,0.022357,0.005537,0.033144,0.011114,0.010789,0.010824,0.010842,0.011224,0.011300,0.038424,0.005359,0.016452,0.000000,0.000000,0.010879
70320,70379,70350,871.115,33.197,98.138,12.719,0.867,0.186,0.003,17.539734,13.958591,11.015075,8.998065,7.370584,6.322242,4.954727,4.049157,3.364590,2.943400,2.757086,2.247627,2.448258,2.082916,1.490827,4.456951,1.306928,0.365452,0.194975,0.033286,0.059931,0.039309,0.010969,0.016557,0.016724,0.000000,0.016707,0.000000,0.000000,0.005394,0.022040,0.016596,0.000000,0.011167,0.005631,0.016675
70380,70439,70410,871.062,33.249,96.128,12.315,0.740,0.170,0.003,16.730589,13.930313,10.512138,9.295529,7.364059,5.807004,4.933686,4.193435,3.245535,3.037832,2.685049,2.364902,2.154799,1.907856,1.641937,4.197166,1.270045,0.364567,0.215427,0.038971,0.060544,0.027226,0.011149,0.027556,0.011188,0.005574,0.011224,0.016510,0.022210,0.000000,0.011111,0.005482,0.010983,0.005411,0.005593,0.005359
70440,70499,70470,871.039,33.182,97.433,12.729,0.827,0.184,0.003,17.158106,13.695046,11.216367,9.041337,7.430480,5.742451,4.883134,4.120146,3.583710,2.986963,2.456943,2.485963,2.373820,2.192547,1.585763,4.194458,1.304952,0.437561,0.210393,0.044514,0.054651,0.027317,0.022094,0.022348,0.028004,0.016600,0.022376,0.016823,0.011003,0.005574,0.027793,0.022529,0.005650,0.005631,0.000000,0.000000
70500,70559,70530,871.060,33.160,98.257,12.570,0.774,0.173,0.003,17.333441,14.135979,11.369308,9.116593,7.790947,5.989864,4.832711,3.874732,3.362114,2.964036,2.723508,2.302496,2.133264,2.233385,1.714006,4.312212,1.170429,0.414925,0.259962,0.033234,0.023013,0.010771,0.016557,0.010990,0.016799,0.005631,0.011189,0.000000,0.016932,0.016912,0.038303,0.005650,0.000000,0.005747,0.000000,0.011002
70560,70619,70590,871.060,33.245,109.728,13.702,0.850,0.174,0.003,20.338236,16.123739,12.779902,9.677293,8.443488,7.007049,5.501169,4.461762,3.727816,3.028983,2.732648,2.702981,2.599933,2.117691,1.729625,4.460444,1.307375,0.467445,0.231978,0.071889,0.067296,0.005727,0.022467,0.005631,0.022066,0.011005,0.011252,0.000000,0.005593,0.005342,0.016407,0.022325,0.005447,0.005342,0.005501,0.005537
70620,70679,70650,871.026,33.335,155.946,18.120,1.323,0.204,0.004,32.981144,26.584547,20.797457,15.934489,12.450652,8.940095,7.007180,5.233675,4.271837,3.327846,2.982954,2.607076,2.290197,2.180730,1.690663,4.425846,1.274771,0.445667,0.200622,0.033460,0.028449,0.005688,0.022151,0.021860,0.022582,0.022247,0.005556,0.011284,0.000000,0.021430,0.016816,0.044876,0.022584,0.011149,0.005519,0.022408
70680,70739,70710,871.018,33.264,94.853,12.678,0.941,0.200,0.003,16.685287,13.472322,10.423798,8.779067,7.096001,5.743266,4.867573,3.882650,3.277569,2.866137,2.507211,2.573295,2.345093,1.980988,1.576289,4.600259,1.202115,0.474709,0.267258,0.044764,0.027837,0.005537,0.005556,0.005429,0.005482,0.000000,0.010929,0.016198,0.000000,0.005411,0.033175,0.027442,0.022472,0.011133,0.011181,0.000000
70740,70799,70770,871.000,33.265,95.045,12.129,0.697,0.162,0.003,16.187513,13.418375,10.442099,8.772732,7.303267,5.882878,4.746809,4.295033,3.706673,3.013612,2.728016,2.392666,2.195043,2.020370,1.563073,4.152933,1.402936,0.363735,0.189740,0.044819,0.055814,0.022077,0.022334,0.021812,0.022186,0.000000,0.011319,0.005556,0.016651,0.016742,0.005593,0.011023,0.005669,0.000000,0.000000,0.005631
70800,70859,70830,871.000,33.270,94.048,12.276,0.804,0.183,0.003,16.365618,13.325840,10.373915,8.711568,7.147006,5.935592,4.624237,3.925660,3.417967,2.940237,2.576187,2.352704,2.334119,1.942295,1.852734,4.145372,1.300802,0.320953,0.167812,0.038422,0.044000,0.016742,0.016667,0.005519,0.032985,0.016113,0.022774,0.011074,0.010965,0.022280,0.010894,0.016329,0.005727,0.005688,0.010725,0.000000
70860,70919,70890,871.025,33.248,95.349,13.103,1.050,0.213,0.003,17.064840,13.181812,10.819069,8.963291,7.347996,5.692571,4.478251,4.058867,3.292583,2.781567,2.674311,2.282073,2.232517,2.083339,1.529080,4.671570,1.274683,0.343020,0.189874,0.071565,0.044195,0.033964,0.017084,0.022843,0.005482,0.022007,0.022035,0.022118,0.016688,0.016486,0.027332,0.027767,0.005593,0.005359,0.016129,0.011190
70920,70979,70950,871.002,33.230,94.951,12.802,0.941,0.197,0.003,16.692135,13.578061,10.457751,8.875320,7.109212,5.901326,4.766177,3.849619,3.373342,2.983601,2.581716,2.284500,2.418200,1.894508,1.795973,4.264631,1.223963,0.389536,0.193943,0.044730,0.049646,0.011153,0.016672,0.011214,0.027206,0.033321,0.017087,0.010985,0.005574,0.011494,0.011130,0.005593,0.022215,0.017050,0.000000,0.022321
70980,71039,71010,870.985,33.270,94.493,12.212,0.770,0.174,0.003,16.636116,12.887557,10.540428,8.699099,7.292726,5.785934,4.638080,4.242346,3.307261,2.953368,2.581601,2.394494,2.418853,2.129447,1.612995,4.263945,1.339474,0.349108,0.205055,0.038516,0.038418,0.016485,0.011402,0.011435,0.000000,0.016523,0.011186,0.005359,0.005464,0.000000,0.016561,0.005464,0.005631,0.010897,0.016668,0.005556
71040,71099,71070,870.946,33.290,99.091,12.938,0.824,0.175,0.003,17.534369,14.144064,11.157226,9.026482,7.566823,5.904001,4.871264,4.164783,3.594751,2.885652,2.598635,2.691357,2.339231,2.058185,1.593689,4.549107,1.431021,0.456486,0.262193,0.072039,0.016782,0.022360,0.005376,0.011263,0.011130,0.005464,0.016651,0.022372,0.000000,0.016585,0.016894,0.011223,0.011023,0.016651,0.005727,0.000000
71100,71159,71130,870.928,33.310,205.026,24.906,1.439,0.170,0.005,35.246113,30.011488,23.996099,20.391237,16.950960,13.796384,10.646611,9.398005,7.728042,6.291934,5.302921,4.849812,4.020077,3.165970,2.323435,6.693210,2.420510,0.878451,0.485726,0.089472,0.049757,0.028216,0.050088,0.033607,0.022474,0.016723,0.022323,0.011093,0.011093,0.011263,0.016505,0.016398,0.022150,0.000000,0.005708,0.022585
71160,71219,71190,870.940,33.286,120.581,15.126,0.883,0.165,0.003,20.841278,17.146255,14.248229,11.625404,9.463003,7.748929,6.076984,5.059810,4.041898,3.945928,3.344632,3.003457,2.480081,2.337125,1.870049,4.903461,1.420147,0.439347,0.277475,0.056157,0.044802,0.022215,0.044715,0.022354,0.011323,0.027896,0.000000,0.000000,0.005688,0.016668,0.022436,0.000000,0.005556,0.011007,0.000000,0.016361
71220,71279,71250,870.966,33.223,108.117,13.627,0.812,0.167,0.003,18.940474,15.915493,12.518726,10.474756,8.396704,6.956255,5.265781,4.402447,3.679206,3.257338,2.760036,2.541431,2.552139,2.132962,1.702774,4.241741,1.415561,0.492610,0.209478,0.038632,0.027728,0.022432,0.038646,0.022510,0.000000,0.022185,0.005376,0.011169,0.016640,0.010805,0.016742,0.000000,0.000000,0.005537,0.005519,0.016725
71280,71339,71310,870.915,33.157,100.670,13.167,0.863,0.179,0.003,17.497169,14.147763,11.191513,9.340171,8.078597,6.125944,5.035436,4.392249,3.335192,3.284537,2.750985,2.586837,2.408480,2.113502,1.703060,4.463300,1.285773,0.367535,0.232871,0.039310,0.056059,0.039070,0.016655,0.016819,0.022113,0.016612,0.027921,0.016503,0.000000,0.010823,0.016673,0.016713,0.016838,0.016575,0.000000,0.000000
71340,71399,71370,870.958,33.251,101.417,13.401,1.018,0.204,0.003,18.096996,14.319776,11.232992,9.576745,7.385047,6.303516,5.390449,4.180094,3.532901,3.114616,2.695881,2.498797,2.326239,2.178870,1.628834,4.627439,1.434798,0.385069,0.235027,0.061542,0.039258,0.010861,0.005688,0.016598,0.011074,0.000000,0.011002,0.010911,0.005612,0.011132,0.016895,0.033645,0.005708,0.005574,0.010931,0.016862
71400,71459,71430,870.954,33.227,99.299,12.506,0.718,0.163,0.003,17.464249,13.695788,11.141530,9.447008,7.907610,6.248489,4.737749,4.224873,3.477139,3.151598,2.692455,2.515721,2.372234,2.303751,1.636661,4.258597,1.157380,0.391471,0.249697,0.049316,0.021701,0.021840,0.010971,0.000000,0.011057,0.011018,0.028157,0.005447,0.000000,0.027080,0.016634,0.011024,0.005519,0.000000,0.005593,0.000000
71460,71519,71490,870.944,33.198,97.006,12.685,0.829,0.177,0.003,16.748516,13.633142,10.692432,8.703260,7.340258,6.072896,5.171521,4.330225,3.393724,2.814570,2.736086,2.464768,2.290462,2.158143,1.645199,4.611937,1.359165,0.388006,0.211121,0.039030,0.027290,0.016819,0.022780,0.022558,0.027553,0.005519,0.000000,0.011095,0.005669,0.005631,0.011319,0.005612,0.005688,0.000000,0.016704,0.016892
71520,71579,71550,870.930,33.210,92.892,11.608,0.635,0.154,0.003,16.778610,13.532351,10.470034,8.117971,6.786068,5.812822,4.769712,3.869245,3.292250,2.819636,2.361947,2.352216,2.148291,2.024543,1.342927,4.295415,1.356868,0.370803,0.219930,0.055065,0.021535,0.005537,0.000000,0.011167,0.000000,0.010823,0.022094,0.000000,0.000000,0.000000,0.016394,0.005429,0.016509,0.000000,0.000000,0.005342
