CampaignData_and_Merges/R0/CSL_MobileLab_Parked/raw/20240815/USOS-NOy-LIF_MobileLabGround_20240815_R0.ict
39,1001
Rollins, A.; Waxman, E.; Zuraski, K.; Chace, W.
NOAA Chemical Sciences Laboratory
LIF NO/NOx/NOy on CSL Mobile Lab
AMMBEC / USOS
1, 1
2024,08,15, 2025,01,06
1
Time_Start, seconds, number_of_seconds_since_0000_UTC
7
1, 1, 1, 1, 1, 1, 1
-9999, -9999, -9999, -9999, -9999, -9999, -9999
Time_Stop, seconds, number_of_seconds_since_0000_UTC
NO_LIF, pptv, Gas_NO_InSitu_S_AVMR, volume mixing ratio of nitric oxide in air
NO2_LIF, pptv, Gas_NO2_InSitu_S_AVMR, volume mixing ratio of nitrogen dioxide in air
NOy_LIF, pptv, Gas_NOy_InSitu_S_AVMR, volume mixing ratio of total oxidized nitrogen in air
NO_LIF_1SigmaAccuracy, pptv, Gas_NO_InSitu_S_AVMR, volume mixing ratio of nitric oxide in air
NO2_LIF_1SigmaAccuracy, pptv, Gas_NO2_InSitu_S_AVMR, volume mixing ratio of nitrogen dioxide in air
NOy_LIF_1SigmaAccuracy, pptv, Gas_NOy_InSitu_S_AVMR, volume mixing ratio of total oxidized nitrogen in air
0
18
PI_CONTACT_INFO: andrew.rollins@noaa.gov
PLATFORM: CSL Mobile Lab
LOCATION: Salt Lake City, UT
ASSOCIATED_DATA:
INSTRUMENT_INFO: NO detection by laser induced fluorescence. NO2 detection by photolytic conversion to NO. NOy detection by catalytic conversion to NO on gold surface
DATA_INFO:
UNCERTAINTY: Included 1 Sigma Accuracy waves represent the combined calibration uncertainties (±6%, ±9%, ±10%) and zero uncertainties (3 ppt, 20 ppt, 100 ppt) for NO, NO2, and NOy, respectively.
ULOD_FLAG: -7777
ULOD_VALUE: N/A
LLOD_FLAG: -8888
LLOD_VALUE: N/A
DM_CONTACT_INFO: andrew.rollins@noaa.gov
PROJECT_INFO: USOS Project, July - August 2024
STIPULATIONS_ON_USE: Users are strongly encouraged to contact the PI for proper data usage.
OTHER_COMMENTS:
REVISION: R0
R0: final data
Time_Start, Time_Stop, NO_LIF, NO2_LIF, NOy_LIF, NO_LIF_1SigmaAccuracy, NO2_LIF_1SigmaAccuracy, NOy_LIF_1SigmaAccuracy
[from data line 1337]
   80220,   80280,1807.6,2941.1,5547.8,111.45, 284.7, 654.78
   80280,   80340,1537.9,3167,5209.8,95.275, 305.03, 620.98
   80340,   80400,1036.5,2452.6,4273.6,65.187, 240.74, 527.36
   80400,   80460,2282.9,3514.2,5748.9,139.97, 336.28, 674.89
   80460,   80520,1048.4,2010.3,4491.5,65.903, 200.92, 549.15
   80520,   80580,1013.5,1712.4,3156,63.812, 174.11, 415.6
   80580,   80640,1297.1,2296.4,4693.4,80.825, 226.68, 569.34
   80640,   80700,639.44,1642.4,2790.2,41.366, 167.82, 379.02
   80700,   80760,833.7,1934.3,3346.3,53.022, 194.08, 434.63
   80760,   80820,941.71,2146.5,3771.4,59.503, 213.19, 477.14
   80820,   80880,676.94,1589.2,2779.4,43.617, 163.03, 377.94
   80880,   80940,1280.8,1838.7,2764.5,79.849, 185.48, 376.45
   80940,   81000,608.02,1355,2527,39.481, 141.95, 352.7
   81000,   81060,585.23,1436,2385.1,38.114, 149.24, 338.51
   81060,   81120,1992.6,2604.6,5630.9,122.55, 254.42, 663.09
   81120,   81180,1406.1,2624.1,5125.8,87.364, 256.17, 612.58
   81180,   81240,712.88,1486.6,2863.7,45.773, 153.8, 386.37
   81240,   81300,1376.5,1768.9,3824.7,85.589, 179.2, 482.47
   81300,   81360,3235.8,3113.7,7242.1,197.15, 300.23, 824.21
   81360,   81420,1405.8,1777.7,4377.2,87.347, 179.99, 537.72
   81420,   81480,2175.1,3391.1,5802.1,133.51, 325.2, 680.21
   81480,   81540,3464.8,4116.1,7510.2,210.89, 390.45, 851.02
   81540,   81600,1891.5,2958.7,5940,116.49, 286.28, 694
   81600,   81660,1105.5,1928.8,3762.2,69.333, 193.6, 476.22
   81660,   81720,1868.2,3209.7,6549.7,115.09, 308.87, 754.97
   81720,   81780,-9999,-9999,-9999,-9999, -9999, -9999
   81780,   81840,-9999,-9999,-9999,-9999, -9999, -9999
   81840,   81900,-9999,-9999,-9999,-9999, -9999, -9999
   81900,   81960,-9999,-9999,-9999,-9999, -9999, -9999
   81960,   82020,-9999,-9999,-9999,-9999, -9999, -9999
   82020,   82080,-9999,-9999,-9999,-9999, -9999, -9999
   82080,   82140,-9999,-9999,-9999,-9999, -9999, -9999
   82140,   82200,1101.8,2073.1,5100.6,69.106, 206.58, 610.06
   82200,   82260,1619.3,2264.7,4534.4,100.16, 223.82, 553.44
   82260,   82320,1953,2914.5,5761.8,120.18, 282.31, 676.18
   82320,   82380,1912,3240.8,5864.4,117.72, 311.67, 686.44
   82380,   82440,2196.1,3337,7395.8,134.77, 320.33, 839.58
   82440,   82500,1594.5,1982.3,5490.2,98.669, 198.41, 649.02
   82500,   82560,1605,2443.4,4927.4,99.301, 239.91, 592.74
   82560,   82620,884.85,1940.6,3593.3,56.091, 194.66, 459.33
   82620,   82680,732.04,1532.3,3004.7,46.922, 157.91, 400.47
   82680,   82740,3818.4,3370.5,5951.6,232.1, 323.35, 695.16
   82740,   82800,2796.8,3433.7,9236.2,170.81, 329.03, 1023.6
   82800,   82860,2479.9,2914.9,8824,151.79, 282.34, 982.4
   82860,   82920,1545,2738.3,4520.6,95.699, 266.45, 552.06
   82920,   82980,1766.4,2280.2,5072.7,108.98, 225.22, 607.27
   82980,   83040,1334,2757.2,4192.5,83.038, 268.15, 519.25
   83040,   83100,704.86,2035.2,3423.9,45.292, 203.17, 442.39
   83100,   83160,1023.3,2786.9,4562.5,64.399, 270.82, 556.25
   83160,   83220,1110.2,2390.2,4506.2,69.614, 235.12, 550.62
   83220,   83280,1388.3,2153.7,4370.2,86.299, 213.83, 537.02
   83280,   83340,729.16,1567.8,2614.4,46.749, 161.1, 361.44
   83340,   83400,968.16,1996.6,3546.2,61.089, 199.69, 454.62
   83400,   83460,715.46,1853.8,3320.9,45.927, 186.84, 432.09
   83460,   83520,1601.4,2579.2,4431,99.082, 252.13, 543.1
   83520,   83580,3524.5,3834.5,6037,214.47, 365.11, 703.7
   83580,   83640,3518.5,3733.6,9746.7,214.11, 356.02, 1074.7
   83640,   83700,1467.6,2568.9,4794.9,91.056, 251.2, 579.49
   83700,   83760,1365.7,2194.1,5066.4,84.94, 217.47, 606.64
   83760,   83820,4485.1,3823,5894,272.11, 364.07, 689.4
   83820,   83880,1283.1,3033,5311.2,79.986, 292.97, 631.12
   83880,   83940,551.02,1565,2630.4,36.061, 160.85, 363.04
   83940,   84000,833.53,2136.4,3436.6,53.012, 212.28, 443.66
   84000,   84060,607.93,1704.6,3068.3,39.476, 173.41, 406.83
   84060,   84120,1022.7,2418.8,4297.9,64.362, 237.7, 529.79
   84120,   84180,504.4,1423.5,2473,33.264, 148.11, 347.3
   84180,   84240,831.16,1818,3512.6,52.869, 183.62, 451.26
   84240,   84300,5783.6,5899.6,10639,350.02, 550.97, 1163.9
   84300,   84360,3405,5060.9,10778,207.3, 475.48, 1177.8
   84360,   84420,1429.5,2931.2,4821.6,88.771, 283.81, 582.16
   84420,   84480,1705.5,3157.9,6292.9,105.33, 304.21, 729.29
   84480,   84540,3025.5,3049.3,7797.5,184.53, 294.44, 879.75
   84540,   84600,1200.4,2562.7,4458,75.024, 250.64, 545.8
   84600,   84660,760.4,1620.7,2783.9,48.624, 165.86, 378.39
   84660,   84720,1680.1,2568.6,4881,103.81, 251.18, 588.1
   84720,   84780,1177.1,2383.7,3895.4,73.624, 234.53, 489.54
   84780,   84840,1433.2,2823.5,5718.9,88.995, 274.11, 671.89
   84840,   84900,1091.5,2156,3668.4,68.493, 214.04, 466.84
   84900,   84960,1959.7,2839.6,5190.3,120.58, 275.56, 619.03
   84960,   85020,1186.3,2587.4,4563.9,74.179, 252.86, 556.39
   85020,   85080,1377.9,2404.5,3495.3,85.674, 236.41, 449.53
   85080,   85140,1875.5,2931.5,5386.3,115.53, 283.83, 638.63
   85140,   85200,1609.3,2569.1,4649.2,99.56, 251.22, 564.92
   85200,   85260,2830.8,3929.5,7679.4,172.85, 373.65, 867.94
   85260,   85320,1297.2,1969.9,4256.1,80.833, 197.29, 525.61
   85320,   85380,4662.8,4196.8,7874.1,282.77, 397.71, 887.41
   85380,   85440,902.11,2399.8,3976.3,57.127, 235.98, 497.63
   85440,   85500,1698,2634.2,5434.3,104.88, 257.08, 643.43
   85500,   85560,924.32,2020.9,3585.9,58.459, 201.88, 458.59
   85560,   85620,1310.5,2654,4620.2,81.627, 258.86, 562.02
   85620,   85680,609.11,1769.8,2897.3,39.546, 179.28, 389.73
   85680,   85740,384.62,1215.7,2046.6,26.077, 129.41, 304.66
   85740,   85800,1650.9,2594.1,5197.4,102.05, 253.47, 619.74
   85800,   85860,1424.9,1974.3,3558.4,88.497, 197.69, 455.84
   85860,   85920,1115.7,2220.6,3514.5,69.94, 219.85, 451.45
   85920,   85980,3119,3565.9,8681.2,190.14, 340.93, 968.12
   85980,   86040,1000.4,2537.2,4267.7,63.023, 248.35, 526.77
   86040,   86100,897.21,2844.9,4443,56.833, 276.04, 544.3
   86100,   86160,2008.5,3318.5,6226.5,123.51, 318.66, 722.65
   86160,   86220,931.15,2079.6,3506.6,58.869, 207.16, 450.66
   86220,   86280,1120.2,2493.2,4259.5,70.214, 244.39, 525.95
   86280,   86340,1570.5,3571,6171.3,97.228, 341.39, 717.13
   86340,   86400,1663.1,3533.5,5296.5,102.79, 338.02, 629.65
