CampaignData_and_Merges/R0/CSL_MobileLab_Parked/raw/20240815/USOS-POPS_MobileLabGround_20240815_R0.ict
78, 1001
Thornberry, T. D.
NOAA Chemical Sciences Laboratory
Portable Optical Particle Spectrometer (POPS)
USOS
1, 1
2024, 08, 15, 2025, 05, 08
60
Time_Start, seconds_past_midnight, Start time of measurement
45
1, 1, 1, 1, 1, 1, 1, 1, 1, 1, 1, 1, 1, 1, 1, 1, 1, 1, 1, 1, 1, 1, 1, 1, 1, 1, 1, 1, 1, 1, 1, 1, 1, 1, 1, 1, 1, 1, 1, 1, 1, 1, 1, 1, 1
-9999, -9999, -9999, -9999, -9999, -9999, -9999, -9999, -9999, -9999, -9999, -9999, -9999, -9999, -9999, -9999, -9999, -9999, -9999, -9999, -9999, -9999, -9999, -9999, -9999, -9999, -9999, -9999, -9999, -9999, -9999, -9999, -9999, -9999, -9999, -9999, -9999, -9999, -9999, -9999, -9999, -9999, -9999, -9999, -9999
Time_Stop, seconds_past_midnight, Stop time of measurement
Time_Mid, seconds_past_midnight, Mid time of measurement
Press_mb, mb, Pressure reported (mb)
Temp_C, degrees C, POPS temperature measurement
Aerosol_concentration, cm^-3, Aerosol concentration
Surface_Area_Conc, um^2 cm^-3, Surface area concentration
Volume_density, um^3 cm^-3, Volume density
Effective_radius, um, Effective radius
Extinction, km^-1, Extinction
Bin01, cm^-3, particle concentration in size range [1401 - 146.3 nm]
Bin02, cm^-3, particle concentration in size range [146.3 - 152.8 nm]
Bin03, cm^-3, particle concentration in size range [152.8 - 159.6 nm]
Bin04, cm^-3, particle concentration in size range [159.6 - 166.8 nm]
Bin05, cm^-3, particle concentration in size range [166.8 - 174.2 nm]
Bin06, cm^-3, particle concentration in size range [174.2 - 181.9 nm]
Bin07, cm^-3, particle concentration in size range [181.9 - 190.0 nm]
Bin08, cm^-3, particle concentration in size range [190.0 - 198.5 nm]
Bin09, cm^-3, particle concentration in size range [198.5 - 207.4 nm]
Bin10, cm^-3, particle concentration in size range [207.4 - 216.6 nm]
Bin11, cm^-3, particle concentration in size range [216.6 - 226.2 nm]
Bin12, cm^-3, particle concentration in size range [226.2 - 236.3 nm]
Bin13, cm^-3, particle concentration in size range [236.3 - 246.8 nm]
Bin14, cm^-3, particle concentration in size range [246.8 - 257.8 nm]
Bin15, cm^-3, particle concentration in size range [257.8 - 269.3 nm]
Bin16, cm^-3, particle concentration in size range [269.3 - 343.4 nm]
Bin17, cm^-3, particle concentration in size range [343.4 - 450.7 nm]
Bin18, cm^-3, particle concentration in size range [450.7 - 525.9 nm]
Bin19, cm^-3, particle concentration in size range [525.9 - 618.5 nm]
Bin20, cm^-3, particle concentration in size range [618.5 - 710.0 nm]
Bin21, cm^-3, particle concentration in size range [710.0 - 822.7 nm]
Bin22, cm^-3, particle concentration in size range [822.7 - 885.9 nm]
Bin23, cm^-3, particle concentration in size range [885.9 - 953.9 nm]
Bin24, cm^-3, particle concentration in size range [953.9 - 1027.2 nm]
Bin25, cm^-3, particle concentration in size range [1027.2 - 1106.1 nm]
Bin26, cm^-3, particle concentration in size range [1106.1 - 1191.0 nm]
Bin27, cm^-3, particle concentration in size range [1191.0 - 1282.5 nm]
Bin28, cm^-3, particle concentration in size range [1282.5 - 1381.0 nm]
Bin29, cm^-3, particle concentration in size range [1381.0 - 1487.1 nm]
Bin30, cm^-3, particle concentration in size range [1487.1 - 1601.3 nm]
Bin31, cm^-3, particle concentration in size range [1601.3 - 1724.3 nm]
[...]
PLATFORM: NOAA CSL Mobile Lab
LOCATION: USOS
ASSOCIATED_DATA: N/A
INSTRUMENT_INFO: Printed Optical Particle Spectrometer counts particles from 140 - 2500 nm in diameter 
DATA_INFO: Particle concentrations reported in number per cubic centimeter,1 Hz data
UNCERTAINTY: Counting uncertainty dominated by air flow, less than 5 percent. Measurement range is ~0 - 3000 per cm3 (varies depending on flow rate- manufacturer quotes 1250 per cm3 at 1.667 cc/s)
ULOD_FLAG: -7777
ULOD_VALUE: N/A
LLOD_FLAG: -8888
LLOD_VALUE: N/A
DM_CONTACT_INFO: Troy Thornberry, 325 Broadway R/CSL6, Boulder, CO 80305; troy.thornberry@noaa.gov; 303-497-3373
PROJECT_INFO: USOS, Utah POPS data from NOAA CSL Mobile Lab
STIPULATIONS_ON_USE: Please contact the PIs for questions regarding applications and uncertainties
OTHER_COMMENTS: POPS bin Edges (nm):  140.1, 146.3, 152.8, 159.6, 166.8, 174.2, 181.9, 190.0, 198.5, 207.4, 216.6, 226.2, 236.3, 246.8, 257.8, 269.3, 343.4, 450.7, 525.9, 618.5, 710.0, 822.7, 885.9, 953.9, 1027.2, 1106.1, 1191.0, 1282.5, 1381.0, 1487.1, 1601.3, 1724.3, 1856.7, 1999.3, 2152.8, 2318.2, 2496.2
Calculations assume organic aerosol refractive index of 1.52+0.00j and extinction wavelength = 532 nm
REVISION: R0
R0: Final data
Time_Start, Time_Stop, Time_Mid, Press_mb, Temp_C, Aerosol_concentration, Surface_Area_Conc, Volume_density, Effective_radius, Extinction, Bin01, Bin02, Bin03, Bin04, Bin05, Bin06, Bin07, Bin08, Bin09, Bin10, Bin11, Bin12, Bin13, Bin14, Bin15, Bin16, Bin17, Bin18, Bin19, Bin20, Bin21, Bin22, Bin23, Bin24, Bin25, Bin26, Bin27, Bin28, Bin29, Bin30, Bin31, Bin32, Bin33, Bin34, Bin35, Bin36
[from data line 565]
33900,33959,33930,870.934,30.163,181.253,22.783,1.254,0.159,0.005,27.083757,23.238092,19.861776,17.173092,14.494315,12.166502,10.224834,8.506637,7.432620,6.371720,5.678319,5.324342,4.673375,4.157405,3.280055,8.413701,2.041955,0.556286,0.248457,0.071418,0.060780,0.032777,0.028061,0.011039,0.011076,0.005376,0.000000,0.016575,0.000000,0.016138,0.022473,0.011039,0.005787,0.005464,0.011038,0.016511
33960,34019,33990,870.960,30.126,181.472,22.477,1.148,0.149,0.005,27.352182,23.521564,19.777031,16.828796,14.800983,12.385015,10.372529,8.774891,7.307377,6.183953,5.463799,4.816333,4.769578,4.153489,3.251175,8.546542,2.165092,0.456863,0.216858,0.089584,0.033212,0.033189,0.022151,0.027551,0.005537,0.022100,0.016724,0.011130,0.005464,0.005464,0.010894,0.017033,0.016312,0.011204,0.000000,0.000000
34020,34079,34050,870.956,30.100,184.230,23.269,1.318,0.164,0.005,27.530771,24.059996,20.051975,17.199957,14.553253,12.508071,10.533750,8.881413,7.455411,6.342310,5.823024,5.169336,4.731788,4.101032,3.340633,8.624307,2.200469,0.524741,0.282617,0.022377,0.077322,0.033155,0.011324,0.016931,0.005394,0.011181,0.005464,0.011133,0.016293,0.022347,0.027495,0.022022,0.011002,0.005556,0.011102,0.005482
34080,34139,34110,870.963,30.017,184.248,22.986,1.179,0.148,0.005,27.543526,23.687691,20.074738,16.974844,14.845499,12.647838,10.023230,9.282319,7.361511,6.235374,5.535178,5.229932,4.881962,4.360799,3.547250,8.736807,2.150244,0.592115,0.265063,0.049910,0.021918,0.005447,0.027461,0.016856,0.039253,0.011074,0.033712,0.005612,0.011002,0.005501,0.005556,0.011244,0.011416,0.000000,0.005519,0.010947
34140,34199,34170,870.959,29.929,184.214,22.797,1.161,0.148,0.005,27.920504,23.492537,19.861967,17.463842,15.046364,12.470604,10.474145,8.795615,7.171145,6.489983,5.589663,5.274405,4.844944,4.152472,3.357885,8.675212,2.013488,0.516996,0.334368,0.061289,0.039140,0.000000,0.022448,0.033391,0.000000,0.005556,0.022436,0.011020,0.011186,0.011063,0.016836,0.016766,0.005556,0.000000,0.005593,0.005593
34200,34259,34230,870.976,29.880,182.038,22.935,1.200,0.152,0.005,27.610928,23.775457,19.295368,17.496302,14.402369,12.461076,9.897144,8.576659,6.894031,6.115058,5.608395,5.334872,4.731067,4.346280,3.448277,8.713415,2.231604,0.488814,0.272522,0.071837,0.022169,0.022316,0.032849,0.027761,0.011056,0.022339,0.033461,0.010952,0.005593,0.011058,0.038663,0.005593,0.011075,0.000000,0.000000,0.011456
34260,34319,34290,870.986,29.827,181.545,22.860,1.218,0.154,0.005,27.678902,23.312420,19.415791,16.769073,14.869375,12.007916,9.862939,8.781591,7.046225,6.564643,5.714483,5.112210,4.739453,4.239808,3.449785,8.697563,2.204273,0.569569,0.220933,0.033371,0.044264,0.005574,0.016708,0.021931,0.016503,0.033754,0.005537,0.005519,0.022248,0.005464,0.038957,0.011002,0.010778,0.011262,0.000000,0.005593
34320,34379,34350,870.962,29.785,182.754,22.795,1.172,0.149,0.005,27.237448,23.443426,19.694841,17.317617,14.976340,12.527337,10.337620,8.917177,7.473684,6.415093,5.503518,5.042624,4.648683,4.295815,3.109001,8.422842,2.331269,0.517065,0.232577,0.038819,0.043975,0.044445,0.027956,0.010320,0.011056,0.011148,0.022197,0.016783,0.022139,0.016649,0.016499,0.011207,0.000000,0.005411,0.005464,0.005727
34380,34439,34410,870.938,29.939,181.896,22.728,1.164,0.147,0.005,26.895334,23.467899,19.972137,16.716621,14.574052,12.208653,10.301528,8.547760,7.315588,6.382026,5.868900,5.499901,4.783995,4.111222,3.322933,8.588956,2.256626,0.591183,0.222921,0.044820,0.028365,0.022562,0.027829,0.016668,0.016818,0.005650,0.016932,0.005574,0.016559,0.016201,0.005447,0.011150,0.022410,0.000000,0.011262,0.000000
34440,34499,34470,870.960,30.129,184.002,23.112,1.242,0.157,0.005,27.139919,23.512545,20.107906,17.199305,14.672984,12.554591,10.631825,8.856845,7.270395,6.399029,5.864001,5.362481,4.844568,4.479138,3.301271,8.478416,2.197592,0.545902,0.233663,0.077282,0.055485,0.027747,0.033331,0.011096,0.011171,0.011207,0.011320,0.016654,0.016856,0.016649,0.011150,0.021549,0.011039,0.011079,0.005612,0.000000
34500,34559,34530,870.996,30.177,182.230,23.176,1.312,0.163,0.005,27.608559,23.149126,19.646015,16.297850,15.025384,12.740340,10.103291,8.550527,7.269321,6.326201,5.740412,5.451255,4.450345,4.613152,3.007632,8.783360,2.402699,0.461049,0.249466,0.071907,0.022191,0.028061,0.032476,0.038503,0.000000,0.027526,0.016762,0.005556,0.022190,0.027838,0.016520,0.022486,0.000000,0.000000,0.011038,0.011338
34560,34619,34590,870.976,30.103,181.030,22.845,1.256,0.159,0.005,26.980549,23.437027,19.323772,17.063101,14.649556,12.853012,9.994822,8.501451,7.270162,6.708677,5.428041,5.087451,4.710936,4.388521,3.156799,8.355889,2.057458,0.465549,0.276187,0.066691,0.038546,0.016651,0.005501,0.022126,0.016470,0.010947,0.005574,0.021955,0.011283,0.038931,0.022204,0.005429,0.010922,0.010983,0.005593,0.010984
34620,34679,34650,870.985,30.055,179.994,22.042,1.031,0.137,0.004,26.623659,23.560896,19.386976,17.485874,14.431107,12.445591,10.159884,9.049835,6.957323,6.213254,5.619839,4.709386,4.701688,4.104260,3.257665,8.296272,1.989112,0.547466,0.171100,0.060899,0.044289,0.021951,0.027909,0.005556,0.028123,0.005556,0.005593,0.022297,0.010985,0.021953,0.010992,0.000000,0.005537,0.005708,0.005537,0.000000
34680,34739,34710,870.979,30.019,180.142,23.115,1.381,0.172,0.005,27.087080,23.148342,19.229773,17.083199,14.294068,12.243236,10.141184,8.398536,7.039601,6.423995,5.715726,5.052712,4.886289,4.343005,3.466393,8.124620,2.324854,0.509033,0.271494,0.061398,0.061245,0.021996,0.016429,0.027260,0.000000,0.011148,0.011132,0.033013,0.000000,0.016151,0.027445,0.022044,0.027660,0.000000,0.011301,0.010948
34740,34799,34770,870.977,30.008,180.349,22.490,1.133,0.146,0.005,27.282520,22.967588,19.472256,17.320885,14.653074,11.978951,10.092202,8.273269,7.133386,6.340707,5.774974,5.044815,4.699805,4.437533,3.003749,8.762481,2.047551,0.512878,0.257810,0.050739,0.056036,0.022495,0.016509,0.022384,0.017046,0.005845,0.011281,0.011453,0.022205,0.005347,0.016841,0.000000,0.011434,0.005521,0.011124,0.005845
34800,34859,34830,870.960,29.904,178.667,21.621,0.973,0.132,0.004,26.931282,22.991541,19.419394,16.756094,14.653140,11.748650,10.190907,8.411057,6.970191,6.520154,5.659518,5.117873,4.819703,4.301682,3.057243,8.259190,2.004035,0.469474,0.171426,0.032717,0.049040,0.005574,0.027860,0.016556,0.016557,0.005537,0.010947,0.016601,0.005574,0.005447,0.005593,0.005519,0.005482,0.000000,0.000000,0.005447
34860,34919,34890,870.962,29.830,181.706,22.647,1.128,0.144,0.005,26.996836,23.382601,19.833241,17.025711,14.657385,12.315302,10.311567,8.645180,7.219111,6.294100,5.778721,5.073441,4.820611,4.202775,3.525856,8.329453,2.182226,0.510593,0.267072,0.089317,0.038989,0.022495,0.022301,0.022215,0.032954,0.017029,0.011030,0.016346,0.005688,0.005537,0.016916,0.005556,0.016545,0.005411,0.000000,0.005519
34920,34979,34950,870.957,29.760,179.246,22.655,1.221,0.156,0.005,26.531904,22.979322,19.266872,16.886545,14.710622,12.479484,9.929966,8.399005,7.253494,6.342402,5.310117,5.429409,4.799818,4.132920,3.047965,8.472189,2.291850,0.437964,0.249306,0.044491,0.033693,0.022563,0.022141,0.016359,0.016525,0.000000,0.016604,0.011300,0.016824,0.022010,0.033678,0.000000,0.016539,0.005593,0.000000,0.016706
34980,35039,35010,870.957,29.729,183.675,22.907,1.157,0.147,0.005,27.471119,23.673241,20.049011,17.234131,14.534424,12.313419,10.708086,8.747723,7.378822,6.535320,5.428564,5.014155,4.909551,4.320983,3.404127,8.532301,2.250383,0.573834,0.267403,0.083156,0.033525,0.055648,0.033727,0.005650,0.011186,0.016854,0.005612,0.011223,0.011186,0.010983,0.011243,0.011242,0.011061,0.011001,0.005537,0.000000
35040,35099,35070,870.953,29.739,181.310,22.719,1.234,0.157,0.005,27.404270,23.531214,19.672003,16.954966,14.970795,12.338269,10.358782,8.649215,7.246592,6.130204,5.352277,4.926651,4.864057,4.443444,3.167198,7.985515,2.107929,0.542715,0.284629,0.089515,0.055781,0.033840,0.033584,0.027824,0.016358,0.033209,0.005708,0.005556,0.016538,0.011020,0.000000,0.016894,0.005482,0.011302,0.005556,0.011186
35100,35159,35130,870.956,29.929,179.351,22.140,1.078,0.141,0.004,27.424326,23.149286,19.216249,17.231224,14.485461,12.085256,9.905704,8.895348,6.959419,6.376312,5.153043,5.070438,4.464174,4.327024,3.073222,8.301274,2.205502,0.469830,0.260145,0.060355,0.049827,0.027745,0.021542,0.027416,0.000000,0.011167,0.016542,0.027891,0.016744,0.011057,0.005464,0.005482,0.000000,0.000000,0.016413,0.000000
35160,35219,35190,870.947,30.092,179.563,22.479,1.232,0.158,0.005,26.739969,23.108965,19.779140,17.102610,14.510789,12.529223,9.378919,8.637605,7.203506,6.203889,5.493148,5.062168,4.726669,4.262801,3.326712,8.354966,2.065611,0.524403,0.258007,0.074601,0.034410,0.017436,0.023050,0.017072,0.005709,0.011571,0.017110,0.005728,0.005616,0.023233,0.011578,0.017405,0.000000,0.000000,0.017363,0.011650
35220,35279,35250,870.951,30.138,179.561,22.777,1.259,0.158,0.005,26.990150,23.178057,19.456493,16.660095,14.467657,12.240841,10.388026,8.296168,7.284778,6.334394,5.467612,4.939846,4.658952,4.303330,3.226856,8.390984,2.205079,0.444290,0.311290,0.056594,0.044549,0.027644,0.005765,0.016933,0.016822,0.011032,0.016931,0.022793,0.022663,0.005688,0.005688,0.000000,0.016935,0.022748,0.017102,0.005765
35280,35339,35310,870.958,30.063,178.229,22.115,1.154,0.151,0.004,26.722836,23.047703,19.202356,16.636600,14.330062,12.192286,10.231890,8.897273,7.590971,6.514019,5.286633,4.962029,4.585492,4.090722,3.038672,7.872715,2.012512,0.487145,0.216908,0.027407,0.066497,0.016798,0.027386,0.038371,0.005537,0.016723,0.022429,0.022356,0.005631,0.005429,0.022172,0.011300,0.000000,0.011075,0.000000,0.010806
35340,35399,35370,870.949,30.021,179.729,22.343,1.124,0.147,0.005,26.808905,23.135033,18.795010,17.081028,14.445236,11.971383,10.331764,8.846661,7.372461,6.626163,5.664113,5.143852,4.687294,4.237968,3.102966,8.307890,2.177431,0.447079,0.243115,0.060903,0.049510,0.033485,0.033123,0.016522,0.010967,0.011111,0.016914,0.011026,0.010913,0.000000,0.010915,0.005359,0.005537,0.016577,0.005556,0.005411
35400,35459,35430,870.973,29.969,178.116,22.004,1.065,0.140,0.004,26.579914,22.886446,19.040382,16.310793,14.608728,12.079842,10.102402,8.356299,7.458524,6.246684,5.803594,5.336928,4.535309,4.298715,3.199244,8.039613,2.256365,0.487863,0.233671,0.071698,0.022561,0.038535,0.022280,0.005556,0.005519,0.016623,0.005482,0.022259,0.000000,0.000000,0.022067,0.000000,0.000000,0.000000,0.010965,0.011186
35460,35519,35490,870.969,29.927,181.363,22.949,1.303,0.162,0.005,27.125271,22.899649,20.148441,16.551010,15.069837,11.843940,10.265964,8.747703,7.750181,6.216433,5.787348,5.112086,4.868447,4.349492,3.489078,8.096146,1.952656,0.538690,0.194692,0.067172,0.050114,0.033602,0.011186,0.021985,0.027723,0.010633,0.021811,0.022659,0.005464,0.016607,0.011168,0.005688,0.005574,0.011130,0.011022,0.022222
35520,35579,35550,870.978,29.843,180.042,22.662,1.285,0.163,0.005,27.528759,22.873175,19.968571,16.554987,14.493497,12.431078,10.012589,8.762834,7.229415,6.895940,5.510106,5.190114,4.339437,4.195912,3.064340,7.677432,2.259916,0.468916,0.203766,0.104656,0.049392,0.005429,0.033269,0.005593,0.038401,0.022265,0.011281,0.005650,0.016969,0.010702,0.016876,0.016443,0.016381,0.005631,0.016493,0.005556
35580,35639,35610,870.975,29.792,179.387,22.195,1.139,0.149,0.005,27.035664,22.949200,19.986746,16.792580,14.396595,11.966660,10.675910,8.448499,7.013881,6.038677,5.419952,5.255977,4.514533,4.223144,3.388520,8.145251,2.126668,0.482686,0.287595,0.049780,0.032871,0.011075,0.005537,0.027809,0.005574,0.011167,0.005556,0.005308,0.005308,0.011205,0.033349,0.011075,0.011186,0.000000,0.000000,0.011252
35640,35699,35670,870.959,29.750,179.069,22.165,1.044,0.138,0.005,26.057499,23.060610,19.234991,17.295815,14.550660,12.131393,10.156441,8.868386,7.343366,6.203137,5.336326,5.111132,4.867511,4.237849,3.355849,8.066927,2.051314,0.519189,0.310794,0.105178,0.038228,0.011130,0.011245,0.038805,0.000000,0.005556,0.016522,0.016688,0.016523,0.016595,0.022061,0.000000,0.000000,0.005464,0.005464,0.000000
35700,35759,35730,870.943,29.831,177.414,21.553,1.026,0.139,0.004,27.272421,22.564287,19.011581,16.693840,14.312873,12.268920,10.135467,8.620863,7.210367,6.093963,5.474897,5.139761,4.729052,4.215258,2.883212,7.918188,1.949131,0.473929,0.231050,0.044261,0.016472,0.021745,0.010984,0.016835,0.016431,0.016632,0.011019,0.005593,0.010955,0.005325,0.016667,0.010797,0.000000,0.000000,0.011026,0.000000
35760,35819,35790,870.898,30.010,179.505,22.542,1.177,0.153,0.005,27.635473,22.743732,19.135124,16.837351,14.184327,11.911110,10.129198,8.552197,7.205201,6.459764,5.773605,4.997874,4.786130,4.186233,3.128534,8.466877,2.249171,0.529067,0.288693,0.060717,0.039207,0.005688,0.022197,0.016278,0.005482,0.022076,0.011300,0.027801,0.016723,0.038942,0.016857,0.016704,0.000000,0.000000,0.000000,0.005650
35820,35879,35850,870.948,30.105,178.171,21.891,1.034,0.138,0.004,26.863577,22.708994,19.841499,16.903833,14.310742,12.638745,10.075832,8.348717,6.903288,6.201142,5.296108,4.865502,4.492702,4.292415,3.181535,8.071305,2.114889,0.476874,0.261191,0.088882,0.038889,0.033598,0.044714,0.022216,0.010929,0.010965,0.011132,0.005482,0.016561,0.000000,0.011188,0.005669,0.022039,0.000000,0.000000,0.000000
35880,35939,35910,870.969,30.082,177.725,22.541,1.343,0.171,0.005,26.841404,22.728796,18.758476,16.835047,14.283708,12.155484,10.039224,8.983488,7.201957,6.049849,5.491343,4.954496,4.675802,4.307144,3.156709,8.004582,2.224662,0.477204,0.238040,0.050465,0.077642,0.022278,0.011186,0.033218,0.000000,0.000000,0.005612,0.016856,0.005727,0.005556,0.005429,0.022225,0.027902,0.005593,0.005394,0.022362
35940,35999,35970,870.971,30.025,175.835,22.404,1.330,0.168,0.005,26.597984,22.461061,19.519678,15.959505,14.277403,11.888925,10.302061,8.295932,6.918994,6.186653,5.476104,5.070813,4.407655,3.969945,3.188233,8.160715,2.001566,0.595050,0.214623,0.071304,0.044245,0.010905,0.027237,0.011168,0.016506,0.038324,0.027469,0.011149,0.005669,0.005429,0.011149,0.011149,0.000000,0.000000,0.022280,0.027613
36000,36059,36030,870.977,29.957,174.971,21.917,1.121,0.148,0.005,25.673668,22.628948,18.637764,16.376677,13.697383,11.750712,10.564538,8.661479,7.259079,6.235862,5.339093,4.865640,4.666487,4.192217,3.229796,8.184079,1.874358,0.566733,0.237622,0.098724,0.043527,0.032958,0.016613,0.021579,0.011227,0.016308,0.005482,0.000000,0.021950,0.010642,0.010965,0.000000,0.011119,0.016539,0.000000,0.011024
36060,36119,36090,870.970,29.920,176.453,21.496,0.968,0.133,0.004,26.735546,22.467123,18.724030,16.786448,13.967399,11.777809,9.961145,8.434611,7.349971,6.117146,5.181242,5.380747,4.787510,4.374648,3.124325,8.256840,2.141568,0.417711,0.274571,0.033228,0.021619,0.016514,0.016839,0.021970,0.010801,0.027365,0.005556,0.016577,0.000000,0.000000,0.005447,0.005325,0.000000,0.005519,0.000000,0.005429
36120,36179,36150,870.961,29.870,176.737,21.996,1.129,0.148,0.005,26.597277,23.002275,18.518238,17.000210,14.995612,11.583993,9.705618,8.134955,7.351696,6.291010,5.595607,5.059163,4.371325,4.405486,2.919227,8.089557,2.058300,0.488256,0.236107,0.050969,0.056711,0.050710,0.017000,0.028579,0.022469,0.005415,0.016679,0.016812,0.011169,0.011433,0.011300,0.011414,0.011511,0.000000,0.005650,0.005575
36180,36239,36210,870.978,29.803,178.144,22.055,1.151,0.150,0.005,26.253052,23.436436,19.185177,16.904999,14.651649,12.163193,9.832294,8.427497,7.444384,6.478809,5.364202,5.000912,4.448472,4.075451,3.307538,7.933182,2.237690,0.514822,0.205685,0.049718,0.055361,0.027807,0.022430,0.016780,0.027871,0.000000,0.011204,0.000000,0.000000,0.010897,0.011360,0.016643,0.011416,0.000000,0.005537,0.011281
36240,36299,36270,870.991,29.756,176.160,21.876,1.058,0.140,0.004,26.410902,22.262007,19.252228,16.575041,14.416844,11.566799,9.934557,8.198036,7.315884,6.278653,5.402685,5.173938,4.708461,4.100907,3.070155,8.070897,2.394614,0.467171,0.299213,0.049654,0.072045,0.011186,0.022297,0.005359,0.011262,0.011130,0.016760,0.011227,0.005519,0.005501,0.011056,0.000000,0.011149,0.005708,0.000000,0.011119
