CampaignData_and_Merges/R0/CSL_MobileLab_Parked/raw/20240815/USOS-POPS_MobileLabGround_20240815_R0.ict
78, 1001
Thornberry, T. D.
NOAA Chemical Sciences Laboratory
Portable Optical Particle Spectrometer (POPS)
USOS
1, 1
2024, 08, 15, 2025, 05, 08
60
Time_Start, seconds_past_midnight, Start time of measurement
45
1, 1, 1, 1, 1, 1, 1, 1, 1, 1, 1, 1, 1, 1, 1, 1, 1, 1, 1, 1, 1, 1, 1, 1, 1, 1, 1, 1, 1, 1, 1, 1, 1, 1, 1, 1, 1, 1, 1, 1, 1, 1, 1, 1, 1
-9999, -9999, -9999, -9999, -9999, -9999, -9999, -9999, -9999, -9999, -9999, -9999, -9999, -9999, -9999, -9999, -9999, -9999, -9999, -9999, -9999, -9999, -9999, -9999, -9999, -9999, -9999, -9999, -9999, -9999, -9999, -9999, -9999, -9999, -9999, -9999, -9999, -9999, -9999, -9999, -9999, -9999, -9999, -9999, -9999
Time_Stop, seconds_past_midnight, Stop time of measurement
Time_Mid, seconds_past_midnight, Mid time of measurement
Press_mb, mb, Pressure reported (mb)
Temp_C, degrees C, POPS temperature measurement
Aerosol_concentration, cm^-3, Aerosol concentration
Surface_Area_Conc, um^2 cm^-3, Surface area concentration
Volume_density, um^3 cm^-3, Volume density
Effective_radius, um, Effective radius
Extinction, km^-1, Extinction
Bin01, cm^-3, particle concentration in size range [1401 - 146.3 nm]
Bin02, cm^-3, particle concentration in size range [146.3 - 152.8 nm]
Bin03, cm^-3, particle concentration in size range [152.8 - 159.6 nm]
Bin04, cm^-3, particle concentration in size range [159.6 - 166.8 nm]
Bin05, cm^-3, particle concentration in size range [166.8 - 174.2 nm]
Bin06, cm^-3, particle concentration in size range [174.2 - 181.9 nm]
Bin07, cm^-3, particle concentration in size range [181.9 - 190.0 nm]
Bin08, cm^-3, particle concentration in size range [190.0 - 198.5 nm]
Bin09, cm^-3, particle concentration in size range [198.5 - 207.4 nm]
Bin10, cm^-3, particle concentration in size range [207.4 - 216.6 nm]
Bin11, cm^-3, particle concentration in size range [216.6 - 226.2 nm]
Bin12, cm^-3, particle concentration in size range [226.2 - 236.3 nm]
Bin13, cm^-3, particle concentration in size range [236.3 - 246.8 nm]
Bin14, cm^-3, particle concentration in size range [246.8 - 257.8 nm]
Bin15, cm^-3, particle concentration in size range [257.8 - 269.3 nm]
Bin16, cm^-3, particle concentration in size range [269.3 - 343.4 nm]
Bin17, cm^-3, particle concentration in size range [343.4 - 450.7 nm]
Bin18, cm^-3, particle concentration in size range [450.7 - 525.9 nm]
Bin19, cm^-3, particle concentration in size range [525.9 - 618.5 nm]
Bin20, cm^-3, particle concentration in size range [618.5 - 710.0 nm]
Bin21, cm^-3, particle concentration in size range [710.0 - 822.7 nm]
Bin22, cm^-3, particle concentration in size range [822.7 - 885.9 nm]
Bin23, cm^-3, particle concentration in size range [885.9 - 953.9 nm]
Bin24, cm^-3, particle concentration in size range [953.9 - 1027.2 nm]
Bin25, cm^-3, particle concentration in size range [1027.2 - 1106.1 nm]
Bin26, cm^-3, particle concentration in size range [1106.1 - 1191.0 nm]
Bin27, cm^-3, particle concentration in size range [1191.0 - 1282.5 nm]
Bin28, cm^-3, particle concentration in size range [1282.5 - 1381.0 nm]
Bin29, cm^-3, particle concentration in size range [1381.0 - 1487.1 nm]
Bin30, cm^-3, particle concentration in size range [1487.1 - 1601.3 nm]
Bin31, cm^-3, particle concentration in size range [1601.3 - 1724.3 nm]
[...]
PLATFORM: NOAA CSL Mobile Lab
LOCATION: USOS
ASSOCIATED_DATA: N/A
INSTRUMENT_INFO: Printed Optical Particle Spectrometer counts particles from 140 - 2500 nm in diameter 
DATA_INFO: Particle concentrations reported in number per cubic centimeter,1 Hz data
UNCERTAINTY: Counting uncertainty dominated by air flow, less than 5 percent. Measurement range is ~0 - 3000 per cm3 (varies depending on flow rate- manufacturer quotes 1250 per cm3 at 1.667 cc/s)
ULOD_FLAG: -7777
ULOD_VALUE: N/A
LLOD_FLAG: -8888
LLOD_VALUE: N/A
DM_CONTACT_INFO: Troy Thornberry, 325 Broadway R/CSL6, Boulder, CO 80305; troy.thornberry@noaa.gov; 303-497-3373
PROJECT_INFO: USOS, Utah POPS data from NOAA CSL Mobile Lab
STIPULATIONS_ON_USE: Please contact the PIs for questions regarding applications and uncertainties
OTHER_COMMENTS: POPS bin Edges (nm):  140.1, 146.3, 152.8, 159.6, 166.8, 174.2, 181.9, 190.0, 198.5, 207.4, 216.6, 226.2, 236.3, 246.8, 257.8, 269.3, 343.4, 450.7, 525.9, 618.5, 710.0, 822.7, 885.9, 953.9, 1027.2, 1106.1, 1191.0, 1282.5, 1381.0, 1487.1, 1601.3, 1724.3, 1856.7, 1999.3, 2152.8, 2318.2, 2496.2
Calculations assume organic aerosol refractive index of 1.52+0.00j and extinction wavelength = 532 nm
REVISION: R0
R0: Final data
Time_Start, Time_Stop, Time_Mid, Press_mb, Temp_C, Aerosol_concentration, Surface_Area_Conc, Volume_density, Effective_radius, Extinction, Bin01, Bin02, Bin03, Bin04, Bin05, Bin06, Bin07, Bin08, Bin09, Bin10, Bin11, Bin12, Bin13, Bin14, Bin15, Bin16, Bin17, Bin18, Bin19, Bin20, Bin21, Bin22, Bin23, Bin24, Bin25, Bin26, Bin27, Bin28, Bin29, Bin30, Bin31, Bin32, Bin33, Bin34, Bin35, Bin36
[from data line 41]
2460,2519,2490,871.155,35.605,220.496,27.534,1.425,0.151,0.006,32.006035,27.980507,23.255896,21.107475,17.759935,15.159469,12.549167,10.486589,9.296457,7.855824,6.856719,6.863861,6.445939,5.498028,4.039503,9.571820,2.517224,0.512493,0.365309,0.033505,0.044961,0.050034,0.049540,0.022153,0.028023,0.016933,0.005727,0.016876,0.016751,0.038775,0.005556,0.016650,0.000000,0.011339,0.000000,0.011056
2520,2579,2550,871.161,35.562,232.332,29.459,1.682,0.165,0.006,33.576283,29.529545,25.725330,22.088577,19.293776,15.853668,13.449097,10.963688,9.375082,8.118384,7.489776,7.024355,6.413032,5.536721,4.002877,9.752857,2.629284,0.641647,0.448167,0.050720,0.033635,0.027807,0.039061,0.022298,0.033579,0.016456,0.033539,0.022523,0.022279,0.028132,0.022467,0.016742,0.011338,0.011224,0.011338,0.016723
2580,2639,2610,871.164,35.557,215.557,28.264,1.879,0.188,0.006,31.505480,26.915449,22.960798,20.145142,18.204603,14.400630,12.350366,10.716761,8.932409,7.629628,7.073240,6.588783,5.831383,5.464487,3.569379,9.287420,2.330879,0.737276,0.375964,0.127298,0.043955,0.038462,0.044433,0.022334,0.021989,0.022112,0.033113,0.033191,0.000000,0.011095,0.016466,0.027649,0.033339,0.011075,0.005593,0.044338
2640,2699,2670,871.166,35.531,219.593,28.942,1.976,0.195,0.007,31.476852,27.579796,23.968620,21.181946,18.000177,14.669444,12.508251,10.731593,8.303805,7.663303,7.302833,6.837837,6.473386,5.673687,3.641763,9.621922,2.330068,0.789406,0.299095,0.061267,0.039106,0.032787,0.044179,0.032864,0.043944,0.027867,0.039595,0.039153,0.017026,0.011167,0.027991,0.044618,0.022226,0.010780,0.016650,0.027941
2700,2759,2730,871.166,35.491,219.204,28.709,1.910,0.193,0.007,31.855909,27.537399,23.271267,20.704065,18.174187,14.834693,12.586803,10.726604,9.106006,7.806549,6.782340,6.260201,6.510434,5.421640,3.913415,9.580975,2.545292,0.676154,0.372060,0.083082,0.061170,0.039416,0.033655,0.032945,0.049683,0.033173,0.016991,0.000000,0.016915,0.016565,0.043924,0.050305,0.016539,0.010893,0.011223,0.021972
2760,2819,2790,871.157,35.437,216.292,27.786,1.640,0.170,0.006,31.101460,26.755678,23.425537,20.839403,17.934380,14.408769,12.684120,10.476243,8.893610,7.662581,6.736613,6.141515,6.330056,5.341791,4.066659,9.513516,2.487195,0.647744,0.414915,0.082250,0.038838,0.039135,0.033469,0.016728,0.032716,0.027528,0.000000,0.016912,0.005593,0.022136,0.038130,0.021939,0.016433,0.010823,0.016705,0.011319
2820,2879,2850,871.154,35.407,216.298,27.264,1.443,0.154,0.006,30.226578,26.275475,23.199083,21.100473,17.742754,15.191863,12.030926,10.738222,8.926581,7.924873,7.581238,6.554946,6.353483,5.591927,3.706229,9.475286,2.406364,0.606736,0.310735,0.066468,0.049786,0.016540,0.027694,0.000000,0.005274,0.027946,0.027892,0.005274,0.005556,0.044272,0.038614,0.011009,0.011205,0.000000,0.011302,0.005612
2880,2939,2910,871.156,35.399,217.194,27.379,1.447,0.154,0.006,31.415512,27.322075,22.974339,20.873539,17.913252,14.804062,12.262032,10.224865,9.058933,7.830468,7.118111,6.835258,6.327188,5.327995,3.616514,9.354389,2.533034,0.634776,0.335962,0.087388,0.055463,0.033235,0.022544,0.032944,0.038789,0.039115,0.016635,0.010968,0.005650,0.022146,0.028060,0.011186,0.005325,0.000000,0.011024,0.011186
2940,2999,2970,871.161,35.335,215.485,27.449,1.641,0.172,0.006,30.413200,26.965813,22.932838,20.918982,17.897203,14.468324,12.445665,10.682405,8.815311,7.686617,6.960201,6.445889,6.172370,5.272892,4.072725,9.657912,2.435152,0.567394,0.325223,0.055616,0.027855,0.010737,0.038303,0.022071,0.016511,0.010841,0.000000,0.027582,0.016513,0.016857,0.016685,0.033655,0.022431,0.005519,0.005325,0.022244
3000,3059,3030,871.138,35.348,217.084,27.881,1.693,0.174,0.006,31.351906,27.099028,23.327967,20.530787,17.633856,14.831047,12.370835,10.470075,8.926764,7.820147,6.867276,6.812219,6.186193,5.778654,3.847531,9.393376,2.507071,0.587372,0.303140,0.067190,0.071678,0.011135,0.033350,0.022180,0.011338,0.016723,0.005447,0.032987,0.010876,0.044619,0.033507,0.033697,0.016488,0.005574,0.005574,0.016781
3060,3119,3090,871.150,35.361,218.089,28.332,1.742,0.177,0.006,31.219202,27.444750,23.374081,20.968836,17.574203,14.844942,12.585153,10.576791,8.943334,7.429003,6.867848,6.609109,6.562574,5.239569,3.969950,9.749500,2.553124,0.729395,0.348492,0.061850,0.078758,0.044782,0.027972,0.011190,0.028479,0.016824,0.038938,0.038800,0.016988,0.027932,0.028252,0.033086,0.011097,0.000000,0.022771,0.011136
3120,3179,3150,871.152,35.436,225.291,28.390,1.493,0.154,0.006,32.119129,28.911316,24.419403,21.562145,19.031111,15.324054,12.236366,11.256001,8.646957,8.428257,7.112079,6.753608,6.243238,5.608647,3.876836,9.847399,2.536364,0.586375,0.359472,0.071632,0.060836,0.033309,0.049772,0.016614,0.033211,0.005537,0.011206,0.027877,0.011112,0.016798,0.044430,0.000000,0.027340,0.005669,0.016744,0.000000
3180,3239,3210,871.108,35.327,223.921,27.876,1.421,0.147,0.006,32.250275,28.344957,24.458693,21.210779,18.768908,15.262938,12.941450,10.922045,9.203232,7.664622,7.062503,6.363061,6.354192,5.359631,4.002137,9.984462,2.374294,0.630361,0.451904,0.033156,0.033756,0.022059,0.038563,0.033104,0.016707,0.010888,0.016854,0.011189,0.005708,0.010954,0.038397,0.005556,0.005464,0.005464,0.016779,0.005631
3240,3299,3270,871.105,35.171,225.467,28.149,1.533,0.159,0.006,32.930222,27.999336,25.142038,22.088934,18.098845,15.239621,12.461803,10.895822,9.281214,8.102341,7.130766,6.658768,6.036169,5.484708,4.220068,9.920940,2.391777,0.665841,0.327190,0.070753,0.044326,0.038464,0.049552,0.022248,0.005574,0.016723,0.016365,0.016336,0.005258,0.022169,0.033225,0.032833,0.000000,0.000000,0.005593,0.011076
3300,3359,3330,871.105,35.007,225.780,28.247,1.467,0.152,0.006,32.552185,28.614729,24.591127,21.320827,18.400965,15.209833,12.916929,11.123332,9.162124,8.309149,7.499994,6.891456,5.870686,5.748586,3.937053,9.724135,2.354562,0.685095,0.458514,0.088530,0.083062,0.049731,0.000000,0.021864,0.021969,0.016549,0.022005,0.011001,0.011131,0.022340,0.022356,0.010875,0.000000,0.005411,0.005411,0.016694
3360,3419,3390,871.098,34.914,228.003,28.858,1.714,0.174,0.006,33.323772,28.807409,24.609554,22.171192,19.250128,15.375876,12.832028,10.812791,9.101375,8.156502,7.268384,6.647297,6.443021,5.467604,4.350641,9.681775,2.299411,0.579011,0.407336,0.060255,0.054711,0.032706,0.038766,0.005537,0.011223,0.010965,0.011149,0.033174,0.033157,0.016466,0.033070,0.033186,0.005447,0.010813,0.010947,0.016396
3420,3479,3450,871.113,35.058,236.127,29.077,1.439,0.146,0.006,35.380249,30.205460,25.631119,22.175907,19.562744,15.838330,13.070960,11.180988,10.032175,8.248522,7.552344,6.831740,6.502129,5.709597,4.139939,10.209435,2.437203,0.671654,0.371927,0.061143,0.038495,0.066185,0.027789,0.022243,0.021809,0.021955,0.021666,0.011074,0.010932,0.010770,0.022101,0.011056,0.010949,0.005501,0.005574,0.005574
3480,3539,3510,871.090,35.097,229.838,28.649,1.489,0.152,0.006,33.711575,29.306534,25.334188,21.879253,18.909668,15.241263,13.261271,10.977345,9.099339,7.916906,6.920830,6.769904,6.583666,5.851476,4.225949,9.915402,2.525489,0.648890,0.365693,0.066284,0.060577,0.055798,0.022058,0.021988,0.022355,0.022327,0.005593,0.011186,0.011020,0.016578,0.033467,0.010859,0.005394,0.011263,0.005688,0.011114
3540,3599,3570,871.093,34.995,226.390,28.033,1.371,0.144,0.006,32.790916,28.944803,24.867014,21.288841,17.753252,15.809113,12.977658,10.998794,9.085007,8.088865,7.055575,6.846320,6.649243,5.414456,4.279473,9.772867,2.430460,0.662303,0.325919,0.060894,0.022193,0.038799,0.033298,0.016766,0.022217,0.022004,0.027932,0.016648,0.022319,0.011002,0.027353,0.005593,0.011148,0.005482,0.000000,0.005727
3600,3659,3630,871.094,34.931,225.408,28.527,1.488,0.154,0.006,32.336655,28.429251,24.434116,21.543159,18.726053,15.238096,13.120630,10.794602,9.534434,7.792650,6.895073,6.331286,6.381306,5.647511,4.117179,10.035954,2.560618,0.640210,0.377753,0.116684,0.027673,0.038947,0.027418,0.061228,0.038822,0.005688,0.022136,0.010910,0.027837,0.016464,0.027658,0.000000,0.027564,0.011100,0.011112,0.000000
3660,3719,3690,871.093,34.888,225.847,27.884,1.432,0.150,0.006,32.786179,29.195732,24.735838,21.477125,18.229307,15.195771,12.535157,10.885130,9.418404,7.944045,7.492404,6.813888,6.320634,5.574936,3.854529,9.894978,2.268120,0.595418,0.321235,0.038885,0.033216,0.038305,0.011130,0.010718,0.010633,0.011188,0.016612,0.038584,0.010913,0.021990,0.021847,0.016637,0.010895,0.005519,0.005447,0.005482
3720,3779,3750,871.087,34.895,227.560,29.030,1.647,0.165,0.006,32.967442,28.738935,24.850586,21.402140,18.333963,15.796310,12.953554,11.132556,9.140259,7.765902,7.390026,6.827881,6.323915,5.661344,4.092323,9.988104,2.672881,0.665873,0.400570,0.083823,0.044284,0.022168,0.027819,0.021934,0.027597,0.027522,0.050210,0.022189,0.005593,0.038726,0.027986,0.022149,0.000000,0.005574,0.022208,0.005612
3780,3839,3810,871.085,34.900,228.680,28.771,1.572,0.159,0.006,33.485287,28.501923,24.775534,21.735418,18.344919,16.273933,12.986835,11.375166,9.552331,8.456352,6.757514,6.716100,6.324616,5.546005,3.839262,10.020391,2.468106,0.712011,0.376717,0.066310,0.093783,0.033298,0.016622,0.028197,0.016291,0.010899,0.033137,0.016437,0.011149,0.016649,0.033890,0.022039,0.011186,0.005482,0.005537,0.011093
3840,3899,3870,871.088,34.875,238.198,30.486,1.824,0.174,0.007,34.448914,29.427349,26.227980,22.182602,19.732096,16.817999,14.227917,11.530095,9.420539,8.578366,7.716796,7.232953,6.504300,6.148359,4.179068,9.743122,2.509271,0.690672,0.353806,0.094357,0.055198,0.016431,0.049769,0.033668,0.033172,0.027817,0.021879,0.022283,0.027744,0.022186,0.038805,0.022007,0.011023,0.016602,0.022059,0.011151
3900,3959,3930,871.089,34.803,240.132,30.217,1.795,0.171,0.006,35.112259,30.773525,25.979549,22.857658,19.809759,16.502981,13.736308,11.619629,9.957063,8.650185,7.325671,7.210550,6.746215,5.755116,4.374541,9.877716,2.365275,0.636197,0.410662,0.071548,0.071826,0.044253,0.022024,0.011223,0.038835,0.016685,0.000000,0.010932,0.005593,0.011093,0.016618,0.033140,0.033506,0.010616,0.016802,0.016431
3960,4019,3990,871.070,34.801,240.505,30.194,1.662,0.159,0.007,35.858913,31.270346,25.955904,23.411613,19.731230,16.582569,13.620243,11.065116,9.542962,8.164664,7.740939,6.879180,6.696157,5.729437,3.758536,10.209833,2.581903,0.747164,0.449105,0.083159,0.066798,0.071947,0.061132,0.022371,0.022304,0.005519,0.010903,0.033289,0.016705,0.016742,0.043257,0.027433,0.005556,0.016632,0.000000,0.005574
4020,4079,4050,871.067,34.817,236.976,29.689,1.605,0.158,0.006,34.668060,30.809095,25.975449,22.654961,19.121456,16.625456,13.445796,11.423442,9.540948,8.172529,7.377579,6.676906,6.700165,5.637831,3.947536,10.033284,2.520633,0.745545,0.404104,0.089670,0.083336,0.066638,0.022114,0.033112,0.011130,0.044039,0.005631,0.027891,0.016841,0.016892,0.011093,0.022219,0.027838,0.005669,0.005612,0.005447
4080,4139,4110,871.064,34.845,239.483,31.336,2.169,0.187,0.007,35.236420,30.239222,26.193041,23.326283,19.475576,16.541676,13.430238,11.178967,9.336529,8.485924,7.799112,6.886018,6.801644,5.593897,4.378355,10.258119,2.507098,0.845883,0.420383,0.067073,0.033400,0.027824,0.066468,0.033414,0.027421,0.043764,0.027862,0.016484,0.010983,0.016612,0.033266,0.061198,0.011075,0.027816,0.021811,0.021949
4140,4199,4170,871.076,34.798,237.855,31.133,2.102,0.193,0.007,34.195763,29.780218,25.901344,22.871239,19.691452,16.610840,13.849575,11.432562,10.120330,8.318378,7.496940,7.019673,6.396383,5.629958,4.125250,10.222988,2.503730,0.737307,0.409880,0.044365,0.071679,0.049320,0.033213,0.027526,0.027659,0.027530,0.016669,0.027835,0.033809,0.027174,0.027581,0.033007,0.027599,0.000000,0.027312,0.038805
4200,4259,4230,871.063,34.812,240.151,32.306,2.384,0.204,0.008,35.068619,30.542252,25.671124,22.771151,20.106422,16.324110,13.625347,11.816623,9.302246,8.218665,7.679016,7.126812,6.414265,6.061069,4.350947,10.365553,2.646667,0.833432,0.502141,0.122374,0.078574,0.038884,0.061564,0.027444,0.061218,0.011112,0.044509,0.050054,0.011168,0.022447,0.044787,0.061120,0.011093,0.011186,0.022378,0.044336
4260,4319,4290,871.056,34.797,236.919,30.127,1.769,0.168,0.006,34.768791,29.878580,25.718533,22.638000,19.320887,15.950570,13.461544,11.325665,9.847507,8.407507,7.527550,7.446342,6.559229,5.724212,3.990257,10.126738,2.614458,0.717172,0.442565,0.071179,0.071298,0.033166,0.033289,0.032852,0.022600,0.016472,0.011176,0.005447,0.027561,0.027784,0.010894,0.027794,0.022267,0.005482,0.011416,0.021777
4320,4379,4350,871.060,34.779,233.366,29.553,1.808,0.174,0.006,34.461208,29.422804,25.531176,21.914364,18.870262,16.356781,13.516292,11.317827,9.545430,8.250937,7.309931,6.687243,6.580328,5.639698,4.261567,9.788360,2.439310,0.636760,0.384833,0.078502,0.078068,0.033104,0.033209,0.027993,0.021967,0.021841,0.022281,0.005519,0.005574,0.011186,0.011187,0.039119,0.000000,0.011189,0.022170,0.028023
4380,4439,4410,871.057,34.787,230.724,29.084,1.613,0.161,0.006,33.825882,28.523445,25.472521,21.842196,18.960287,15.626168,13.573788,11.365624,9.266389,8.167276,6.981202,6.767456,6.622077,5.757367,4.055712,9.944985,2.572636,0.580233,0.387578,0.078060,0.044568,0.033209,0.044009,0.016655,0.022395,0.027769,0.010858,0.016854,0.027498,0.005631,0.038192,0.021659,0.011106,0.016669,0.016121,0.000000
4440,4499,4470,871.051,34.814,230.237,28.719,1.478,0.150,0.006,33.136002,28.555573,24.674337,22.518978,18.955206,15.797895,12.914083,11.390059,9.291904,7.952649,7.347297,7.167058,6.470972,5.399312,4.378282,10.266664,2.535935,0.748474,0.393666,0.055493,0.049623,0.027618,0.016488,0.027689,0.032615,0.011210,0.011225,0.010893,0.011079,0.016432,0.033077,0.022155,0.005612,0.000000,0.000000,0.011139
4500,4559,4530,871.044,34.829,227.784,28.626,1.536,0.156,0.006,33.039223,28.558981,25.067423,21.733797,18.697060,15.416943,12.911592,11.046597,9.300417,7.927930,7.560513,6.503422,6.309263,5.434134,4.094818,10.152214,2.575273,0.687111,0.366415,0.101975,0.039153,0.027687,0.028383,0.028460,0.017316,0.011284,0.011453,0.017101,0.005688,0.028511,0.033855,0.016837,0.000000,0.016531,0.011228,0.005688
4560,4619,4590,871.037,34.864,224.197,28.548,1.662,0.169,0.006,32.301712,27.796011,24.138479,21.322599,17.933004,15.319906,13.296831,11.157002,9.270453,8.377066,7.010303,6.881150,6.301813,5.660260,3.882418,9.793563,2.410984,0.582089,0.339520,0.061227,0.044308,0.033214,0.027802,0.016760,0.033077,0.022126,0.016840,0.028212,0.005631,0.033208,0.016779,0.021873,0.027427,0.011020,0.005631,0.016630
4620,4679,4650,871.029,34.891,223.546,28.739,1.734,0.173,0.006,31.576929,27.972763,24.127121,21.098623,18.441975,15.192353,12.834613,11.008181,9.122292,8.046689,7.059161,6.959296,6.362278,5.849024,3.884802,10.259296,2.468688,0.574721,0.242948,0.077023,0.060307,0.038598,0.016779,0.027725,0.038864,0.016723,0.016440,0.028060,0.010996,0.022311,0.022069,0.022119,0.022036,0.000000,0.022014,0.022318
4680,4739,4710,871.026,34.873,222.368,27.625,1.336,0.143,0.006,31.655029,27.262568,24.244083,21.034925,18.556759,15.010769,12.330070,11.006699,9.030439,7.925076,7.381882,6.965883,6.003304,5.726264,4.344554,10.070223,2.384257,0.715933,0.416855,0.065285,0.066847,0.016577,0.016335,0.016540,0.005429,0.011186,0.010966,0.010684,0.016687,0.010863,0.021968,0.011112,0.016743,0.000000,0.000000,0.005556
4740,4799,4770,871.014,34.866,218.855,27.855,1.537,0.159,0.006,30.716362,27.886070,23.527107,20.836275,17.665152,14.427001,12.442077,10.800182,9.244755,7.868544,6.904231,6.890098,6.236544,5.681670,3.973504,9.922599,2.537853,0.565423,0.353292,0.077281,0.027804,0.032696,0.027598,0.027844,0.011001,0.011186,0.011167,0.021763,0.010789,0.022242,0.044405,0.005574,0.010949,0.000000,0.011283,0.022260
4800,4859,4830,871.003,34.894,220.374,27.641,1.485,0.157,0.006,31.792679,27.464912,23.774057,20.582132,18.404924,14.712606,12.547960,10.725822,8.705577,8.391623,6.971910,6.598551,6.239490,5.734941,4.013531,10.031741,2.492710,0.619534,0.243004,0.077543,0.016612,0.027670,0.005537,0.011023,0.022280,0.021807,0.022154,0.016612,0.016594,0.016761,0.011205,0.016760,0.010915,0.005556,0.022094,0.005593
