CampaignData_and_Merges/R0/CSL_MobileLab_Parked/raw/20240815/USOS-NOAAIodideCIMS-OrgNitrs_MobileLabGround_20240815_RA.ict
37, 1001
Michael A Robinson, Chris Jernigan, Subi Thakali
NOAA ESRL Chemical Sciences Laboratory and CIRES, U. of Colorado
NOAA Iodide CIMS Instrument
USOS
1, 1
2024, 08, 15, 2024, 08, 18
1
starttime_UTC, seconds_past_midnight, seconds_of_day_since_00:00:00_UTC
5
1, 1, 1, 1, 1
-9999, -9999, -9999, -9999, -9999
C4H7NO5_NOAACIMS, pptv, Gas_C4H7NO5_InSitu_S_AVMR, 
ISOPN_NOAACIMS, pptv, Gas_ISOPN_InSitu_S_AVMR, 
C5H10O3_NOAACIMS, pptv, Gas_C5H10O3_InSitu_S_AVMR, 
C5H9NO5_NOAACIMS, pptv, Gas_C5H9NO5_InSitu_S_AVMR, 
C10H17NO4_NOAACIMS, pptv, Gas_C10H17NO4_InSitu_S_AVMR, 
0
18
PI_CONTACT_INFO: 325 Broadway, R/CSD 7, Boulder, Colorado 80305; michael.a.robinson@noaa.gov; chris.jernigan@noaa.gov;
PLATFORM: NOAA CSL Mobile Lab
LOCATION: SLC, Utah
ASSOCIATED_DATA: 1Hz data also available on request.
INSTRUMENT_INFO: NOAA I- ToF CIMS
DATA_INFO: All data in parts per trillion by volume (pptv). 1 Hz data is available upon request.
UNCERTAINTY: TBD
ULOD_FLAG: -7777
ULOD_VALUE: N/A
LLOD_FLAG: -8888
LLOD_VALUE: N/A
DM_CONTACT_INFO: Nathan Howard; nathan.h.howard@noaa.gov
PROJECT_INFO: USOS, summer 2024. https://csl.noaa.gov/groups/csl7/measurements/2024usos/
STIPULATIONS_ON_USE: Users are strongly encouraged to contact the PI for proper data usage.
OTHER_COMMENTS: 
REVISION: RA
RA: Preliminary Data; For in-field use only
starttime_UTC, C4H7NO5_NOAACIMS, ISOPN_NOAACIMS, C5H10O3_NOAACIMS, C5H9NO5_NOAACIMS, C10H17NO4_NOAACIMS
[from data line 927]
 55620, -9999.000, -9999.000, -9999.000, -9999.000, -9999.000
 55680, -9999.000, -9999.000, -9999.000, -9999.000, -9999.000
 55740, -9999.000, -9999.000, -9999.000, -9999.000, -9999.000
 55800, -9999.000, -9999.000, -9999.000, -9999.000, -9999.000
 55860, -9999.000, -9999.000, -9999.000, -9999.000, -9999.000
 55920, -9999.000, -9999.000, -9999.000, -9999.000, -9999.000
 55980, -9999.000, -9999.000, -9999.000, -9999.000, -9999.000
 56040, -9999.000, -9999.000, -9999.000, -9999.000, -9999.000
 56100, -9999.000, -9999.000, -9999.000, -9999.000, -9999.000
 56160, -9999.000, -9999.000, -9999.000, -9999.000, -9999.000
 56220, -9999.000, -9999.000, -9999.000, -9999.000, -9999.000
 56280, -9999.000, -9999.000, -9999.000, -9999.000, -9999.000
 56340, -9999.000, -9999.000, -9999.000, -9999.000, -9999.000
 56400, -9999.000, -9999.000, -9999.000, -9999.000, -9999.000
 56460, -9999.000, -9999.000, -9999.000, -9999.000, -9999.000
 56520, -9999.000, -9999.000, -9999.000, -9999.000, -9999.000
 56580, -9999.000, -9999.000, -9999.000, -9999.000, -9999.000
 56640, -9999.000, -9999.000, -9999.000, -9999.000, -9999.000
 56700, -9999.000, -9999.000, -9999.000, -9999.000, -9999.000
 56760, -9999.000, -9999.000, -9999.000, -9999.000, -9999.000
 56820, -9999.000, -9999.000, -9999.000, -9999.000, -9999.000
 56880, -9999.000, -9999.000, -9999.000, -9999.000, -9999.000
 56940, -9999.000, -9999.000, -9999.000, -9999.000, -9999.000
 57000, -9999.000, -9999.000, -9999.000, -9999.000, -9999.000
 57060, -9999.000, -9999.000, -9999.000, -9999.000, -9999.000
 57120, -9999.000, -9999.000, -9999.000, -9999.000, -9999.000
 57180, -9999.000, -9999.000, -9999.000, -9999.000, -9999.000
 57240, -9999.000, -9999.000, -9999.000, -9999.000, -9999.000
 57300, -9999.000, -9999.000, -9999.000, -9999.000, -9999.000
 57360, -9999.000, -9999.000, -9999.000, -9999.000, -9999.000
 57420, -9999.000, -9999.000, -9999.000, -9999.000, -9999.000
 57480, -9999.000, -9999.000, -9999.000, -9999.000, -9999.000
 57540, -9999.000, -9999.000, -9999.000, -9999.000, -9999.000
 57600, -9999.000, -9999.000, -9999.000, -9999.000, -9999.000
 57660, -9999.000, -9999.000, -9999.000, -9999.000, -9999.000
 57720, -9999.000, -9999.000, -9999.000, -9999.000, -9999.000
 57780, -9999.000, -9999.000, -9999.000, -9999.000, -9999.000
 57840, -9999.000, -9999.000, -9999.000, -9999.000, -9999.000
 57900, -9999.000, -9999.000, -9999.000, -9999.000, -9999.000
 57960, -9999.000, -9999.000, -9999.000, -9999.000, -9999.000
 58020, -9999.000, -9999.000, -9999.000, -9999.000, -9999.000
 58080, -9999.000, -9999.000, -9999.000, -9999.000, -9999.000
 58140, -9999.000, -9999.000, -9999.000, -9999.000, -9999.000
 58200, -9999.000, -9999.000, -9999.000, -9999.000, -9999.000
 58260, -9999.000, -9999.000, -9999.000, -9999.000, -9999.000
 58320, -9999.000, -9999.000, -9999.000, -9999.000, -9999.000
 58380, -9999.000, -9999.000, -9999.000, -9999.000, -9999.000
 58440, -9999.000, -9999.000, -9999.000, -9999.000, -9999.000
 58500, -9999.000, -9999.000, -9999.000, -9999.000, -9999.000
 58560, -9999.000, -9999.000, -9999.000, -9999.000, -9999.000
 58620, -9999.000, -9999.000, -9999.000, -9999.000, -9999.000
 58680, -9999.000, -9999.000, -9999.000, -9999.000, -9999.000
 58740, -9999.000, -9999.000, -9999.000, -9999.000, -9999.000
 58800, -9999.000, -9999.000, -9999.000, -9999.000, -9999.000
 58860, -9999.000, -9999.000, -9999.000, -9999.000, -9999.000
 58920, -9999.000, -9999.000, -9999.000, -9999.000, -9999.000
 58980, -9999.000, -9999.000, -9999.000, -9999.000, -9999.000
 59040, -9999.000, -9999.000, -9999.000, -9999.000, -9999.000
 59100, -9999.000, -9999.000, -9999.000, -9999.000, -9999.000
 59160, -9999.000, -9999.000, -9999.000, -9999.000, -9999.000
 59220, -9999.000, -9999.000, -9999.000, -9999.000, -9999.000
 59280, -9999.000, -9999.000, -9999.000, -9999.000, -9999.000
 59340, -9999.000, -9999.000, -9999.000, -9999.000, -9999.000
 59400, -9999.000, -9999.000, -9999.000, -9999.000, -9999.000
 59460, -9999.000, -9999.000, -9999.000, -9999.000, -9999.000
 59520, -9999.000, -9999.000, -9999.000, -9999.000, -9999.000
 59580, -9999.000, -9999.000, -9999.000, -9999.000, -9999.000
 59640, -9999.000, -9999.000, -9999.000, -9999.000, -9999.000
 59700, -9999.000, -9999.000, -9999.000, -9999.000, -9999.000
 59760, -9999.000, -9999.000, -9999.000, -9999.000, -9999.000
 59820, -9999.000, -9999.000, -9999.000, -9999.000, -9999.000
 59880, -9999.000, -9999.000, -9999.000, -9999.000, -9999.000
 59940, -9999.000, -9999.000, -9999.000, -9999.000, -9999.000
 60000, -9999.000, -9999.000, -9999.000, -9999.000, -9999.000
 60060, -9999.000, -9999.000, -9999.000, -9999.000, -9999.000
 60120, -9999.000, -9999.000, -9999.000, -9999.000, -9999.000
 60180, -9999.000, -9999.000, -9999.000, -9999.000, -9999.000
 60240, -9999.000, -9999.000, -9999.000, -9999.000, -9999.000
 60300, -9999.000, -9999.000, -9999.000, -9999.000, -9999.000
 60360, -9999.000, -9999.000, -9999.000, -9999.000, -9999.000
 60420, -9999.000, -9999.000, -9999.000, -9999.000, -9999.000
 60480, -9999.000, -9999.000, -9999.000, -9999.000, -9999.000
 60540, -9999.000, -9999.000, -9999.000, -9999.000, -9999.000
 60600, -9999.000, -9999.000, -9999.000, -9999.000, -9999.000
 60660, -9999.000, -9999.000, -9999.000, -9999.000, -9999.000
 60720, -9999.000, -9999.000, -9999.000, -9999.000, -9999.000
 60780, -9999.000, -9999.000, -9999.000, -9999.000, -9999.000
 60840, -9999.000, -9999.000, -9999.000, -9999.000, -9999.000
 60900, -9999.000, -9999.000, -9999.000, -9999.000, -9999.000
 60960, -9999.000, -9999.000, -9999.000, -9999.000, -9999.000
 61020, -9999.000, -9999.000, -9999.000, -9999.000, -9999.000
 61080, -9999.000, -9999.000, -9999.000, -9999.000, -9999.000
 61140, -9999.000, -9999.000, -9999.000, -9999.000, -9999.000
 61200, -9999.000, -9999.000, -9999.000, -9999.000, -9999.000
 61260, -9999.000, -9999.000, -9999.000, -9999.000, -9999.000
 61320, -9999.000, -9999.000, -9999.000, -9999.000, -9999.000
 61380, -9999.000, -9999.000, -9999.000, -9999.000, -9999.000
 61440, -9999.000, -9999.000, -9999.000, -9999.000, -9999.000
 61500,  3.923, 16.754, 11.215,  2.979,  0.622
 61560,  4.354, 14.656, 17.798,  3.867,  0.597
 61620,  3.683, 15.914, 12.831,  3.024,  0.589
 61680,  3.478, 14.433, 12.303,  2.846,  0.563
 61740,  3.161, 12.929, 11.774,  2.688,  0.611
 61800,  3.207, 13.999, 11.765,  2.211,  0.380
 61860,  3.257, 14.726, 13.112,  2.628,  0.577
 61920,  3.353, 14.395, 12.829,  2.644,  0.575
 61980,  3.410, 15.435, 12.620,  2.680,  0.535
 62040,  3.464, 16.920, 13.145,  2.652,  0.565
 62100,  3.252, 14.785, 12.087,  2.384,  0.586
 62160,  3.139, 13.072, 15.268,  2.553,  0.387
 62220,  2.940, 13.446, 12.247,  2.249,  0.428
 62280,  2.942, 13.282, 12.502,  2.184,  0.467
 62340,  2.848, 14.334, 13.220,  2.107,  0.488
 62400,  2.958, 15.003, 12.653,  2.246,  0.435
 62460,  3.014, 15.147, 13.306,  2.313,  0.496
 62520,  2.618, 12.190, 11.701,  1.962,  0.334
 62580,  2.615, 11.881, 11.747,  2.263,  0.471
 62640,  2.650, 12.399, 11.931,  2.088,  0.404
 62700,  2.751, 12.749, 12.333,  2.140,  0.395
 62760,  2.747, 11.946, 12.771,  2.288,  0.478
 62820,  2.793, 10.996, 12.205,  2.344,  0.471
 62880, -9999.000, -9999.000, -9999.000, -9999.000, -9999.000
 62940,  2.655, 10.285,  9.778,  2.225,  0.315
 63000,  2.710, 10.720, 10.260,  2.188,  0.219
 63060,  2.857, 12.344, 12.100,  2.118,  0.315
 63120,  3.406, 11.655, 16.219,  2.847,  0.460
 63180,  3.149, 14.788, 16.249,  2.532,  0.500
 63240,  2.940, 12.063, 12.759,  2.413,  0.360
 63300,  2.980, 11.149, 11.824,  2.371,  0.328
 63360,  3.105, 13.694, 12.386,  2.536,  0.444
 63420,  3.053, 13.443, 12.729,  2.516,  0.377
 63480,  2.839, 12.388, 12.113,  2.205,  0.281
 63540,  2.811, 12.107, 12.847,  2.179,  0.298
 63600,  2.904, 13.138, 13.405,  2.306,  0.387
 63660,  2.838, 12.213, 12.454,  2.261,  0.323
 63720,  2.696, 11.617, 12.230,  2.356,  0.446
 63780,  2.641, 11.472, 12.544,  2.095,  0.381
 63840,  2.758, 12.828, 13.380,  2.301,  0.499
 63900,  3.624, 10.815, 21.212,  3.272,  0.351
 63960,  2.825, 14.957, 14.225,  1.956,  0.527
 64020,  2.944, 15.072, 15.874,  2.236,  0.466
 64080,  2.933, 14.539, 15.696,  2.183,  0.443
 64140,  2.274, 10.075, 12.060,  2.054,  0.484
 64200,  2.647, 12.777, 13.426,  2.149,  0.520
 64260,  2.559, 10.904, 12.157,  2.087,  0.469
 64320,  2.354, 10.179, 11.862,  2.052,  0.422
 64380,  2.299, 10.862, 12.453,  1.794,  0.345
 64440,  2.380, 11.864, 13.453,  2.092,  0.470
 64500,  2.602, 12.596, 14.427,  2.105,  0.442
 64560,  2.565, 14.609, 14.393,  2.133,  0.484
 64620,  2.571, 12.212, 14.564,  2.135,  0.484
 64680,  2.778, 10.835, 14.949,  2.236,  0.401
 64740, -9999.000, -9999.000, -9999.000, -9999.000, -9999.000
 64800,  2.411, 11.862, 13.150,  2.288,  0.439
 64860,  2.407, 13.561, 14.105,  2.072,  0.440
 64920,  2.422, 12.357, 14.882,  2.020,  0.273
 64980,  2.234, 10.156, 13.409,  1.921,  0.382
 65040,  2.152,  9.375, 12.340,  1.921,  0.344
 65100,  2.114,  9.724, 12.096,  1.941,  0.373
 65160,  2.200, 10.319, 13.152,  2.049,  0.307
 65220,  2.234,  9.418, 11.532,  1.727,  0.233
 65280,  2.303, 11.621, 13.305,  1.899,  0.459
 65340,  2.440, 13.235, 14.151,  2.064,  0.457
 65400,  2.347, 11.656, 14.146,  1.978,  0.341
 65460,  2.361, 12.382, 15.013,  1.939,  0.400
 65520,  2.350, 11.923, 15.334,  1.925,  0.356
 65580,  2.381, 12.877, 15.529,  2.081,  0.375
 65640,  2.474, 13.018, 15.201,  2.027,  0.367
 65700,  2.547, 11.902, 14.129,  2.089,  0.343
 65760,  2.613, 10.884, 14.364,  2.334,  0.296
 65820,  2.651, 11.543, 15.192,  2.236,  0.332
 65880,  2.786, 12.806, 16.181,  2.285,  0.350
 65940,  2.811, 13.868, 16.458,  2.262,  0.368
 66000,  2.964, 15.451, 18.003,  2.412,  0.424
 66060,  2.987, 15.386, 18.112,  2.421,  0.420
 66120,  2.936, 15.097, 18.563,  2.411,  0.420
 66180,  2.826, 14.281, 17.658,  2.415,  0.374
 66240,  2.907, 14.892, 18.609,  1.901,  0.330
 66300,  3.267, 13.176, 19.228,  2.663,  0.385
 66360,  3.012, 16.036, 17.559,  2.518,  0.430
 66420,  3.170, 16.038, 16.760,  2.368,  0.401
 66480,  3.199, 16.110, 17.311,  2.340,  0.380
 66540,  3.287, 15.553, 17.793,  2.020,  0.373
 66600,  3.412, 14.405, 13.459,  2.777,  0.250
 66660,  3.484, 13.202, 14.107,  2.742,  0.292
 66720,  3.544, 13.958, 14.288,  2.572,  0.181
 66780,  3.639, 13.434, 13.921,  2.291,  0.221
 66840,  3.645, 13.964, 15.449,  2.492,  0.205
 66900,  4.851,  9.971, 29.074,  4.775,  0.054
 66960,  3.654, 13.992, 17.824,  2.539,  0.170
 67020,  3.806, 12.835, 14.721,  2.845,  0.336
 67080,  3.787, 13.723, 14.787,  2.151,  0.236
 67140,  3.922, 14.627, 16.229,  2.940,  0.397
 67200,  3.758, 15.009, 16.146,  2.649,  0.458
 67260,  3.571, 14.993, 16.857,  2.622,  0.414
 67320,  3.511, 13.540, 15.877,  2.738,  0.271
 67380,  3.569, 13.984, 16.526,  2.677,  0.292
 67440,  3.541, 13.688, 16.395,  2.579,  0.353
 67500,  3.533, 12.927, 16.021,  2.602,  0.378
 67560,  3.762, 13.253, 15.980,  2.634,  0.308
 67620,  3.840, 14.246, 15.374,  2.681,  0.427
 67680,  3.976, 14.001, 14.504,  2.914,  0.380
 67740,  3.919, 12.344, 13.145,  2.857,  0.268
 67800,  3.993, 11.388, 12.287,  2.924,  0.216
 67860,  4.054, 11.796, 13.582,  2.953,  0.249
 67920,  4.255, 12.675, 13.631,  3.013,  0.204
 67980,  4.551, 15.116, 15.217,  3.064,  0.309
 68040,  4.664, 15.555, 16.432,  3.089,  0.300
 68100,  4.781, 16.592, 16.866,  3.382,  0.297
 68160,  4.938, 17.865, 17.664,  3.298,  0.389
 68220,  4.974, 17.906, 17.960,  3.271,  0.311
 68280,  4.837, 16.541, 17.645,  3.021,  0.246
 68340,  4.719, 15.292, 16.699,  3.036,  0.110
 68400, -9999.000, -9999.000, -9999.000, -9999.000, -9999.000
 68460,  4.467, 14.397, 13.759,  3.302,  0.316
 68520,  4.154, 13.649, 13.984,  3.293,  0.032
 68580,  4.355, 14.319, 14.445,  3.337,  0.269
 68640,  4.370, 14.026, 15.419,  3.357,  0.419
 68700,  4.366, 15.318, 15.519,  3.266,  0.305
 68760,  4.462, 15.523, 16.035,  2.938,  0.294
 68820,  4.647, 16.735, 16.858,  3.024,  0.276
 68880,  4.578, 16.299, 17.329,  2.424,  0.114
 68940,  4.919, 17.979, 18.202,  3.147,  0.396
 69000,  4.839, 17.480, 18.247,  3.275,  0.331
 69060,  4.555, 15.825, 17.166,  2.990,  0.286
 69120,  4.315, 12.883, 15.406,  2.979,  0.308
 69180,  4.401, 11.293, 18.379,  3.258,  0.199
 69240,  3.402,  9.042, 12.972,  2.126, -0.056
 69300,  3.612, 10.025, 13.045,  2.566,  0.052
 69360,  3.849, 10.910, 14.338,  2.689,  0.164
 69420,  3.952, 12.185, 13.776,  2.646,  0.237
 69480,  4.219, 12.779, 14.707,  2.729,  0.283
 69540,  4.431, 13.249, 14.494,  3.037,  0.342
 69600,  4.590, 14.648, 15.496,  3.118,  0.375
 69660,  4.563, 13.492, 14.809,  3.010,  0.154
 69720,  4.540, 14.884, 16.001,  3.108,  0.259
 69780,  4.354, 13.861, 14.998,  3.007,  0.342
 69840,  4.532, 14.271, 15.805,  3.131,  0.313
 69900,  4.557, 15.102, 14.916,  2.966,  0.291
 69960,  4.904, 16.783, 15.512,  3.140,  0.344
 70020,  4.885, 15.967, 16.509,  2.997,  0.286
 70080,  4.789, 15.484, 16.277,  3.066,  0.235
 70140,  4.871, 16.058, 17.055,  2.974,  0.276
 70200,  4.872, 16.418, 17.392,  3.039,  0.260
 70260, -9999.000, -9999.000, -9999.000, -9999.000, -9999.000
 70320,  4.853, 18.254, 16.588,  3.482,  0.411
 70380,  4.408, 15.648, 16.513,  3.413,  0.274
 70440,  4.212, 14.788, 16.872,  3.226,  0.391
 70500,  3.763, 12.994, 13.356,  2.755,  0.364
 70560,  3.760, 13.838, 14.298,  2.686,  0.297
 70620,  3.770, 15.193, 14.097,  2.901,  0.323
 70680,  3.765, 14.983, 14.259,  2.842,  0.334
 70740,  3.802, 14.325, 14.892,  2.701,  0.348
 70800,  4.055, 14.831, 16.572,  2.627,  0.239
 70860,  4.302, 17.089, 18.016,  2.788,  0.368
 70920,  4.518, 16.838, 19.062,  2.828,  0.260
 70980,  4.979, 17.686, 20.695,  3.011,  0.249
 71040,  4.962, 18.571, 20.972,  2.972,  0.401
 71100,  5.046, 18.395, 22.446,  3.032,  0.303
 71160,  5.058, 19.341, 22.525,  3.148,  0.390
 71220,  4.746, 18.117, 21.397,  3.065,  0.426
 71280,  4.561, 16.944, 21.208,  3.092,  0.359
 71340,  4.351, 15.460, 20.985,  2.621,  0.296
 71400,  4.498, 16.092, 21.647,  2.731,  0.338
 71460,  4.531, 16.895, 21.411,  2.977,  0.326
 71520,  4.699, 20.263, 23.396,  3.023,  0.343
 71580,  4.513, 18.738, 22.108,  2.897,  0.363
 71640,  3.920, 11.987, 19.300,  2.433,  0.159
 71700,  4.711, 10.063, 27.194,  3.953,  0.315
 71760,  3.893, 12.150, 26.206,  3.293,  0.489
 71820,  3.591,  9.887, 17.459,  2.518,  0.227
 71880,  3.794, 11.100, 17.270,  2.719,  0.342
 71940,  3.970, 13.050, 19.405,  2.748,  0.369
 72000,  4.049, 13.947, 19.181,  2.796,  0.344
 72060,  3.988, 11.719, 18.298,  2.554,  0.335
 72120, -9999.000, -9999.000, -9999.000, -9999.000, -9999.000
 72180,  3.485, 11.860, 15.138,  2.813,  0.280
 72240,  3.870, 14.088, 18.262,  2.771,  0.289
 72300,  4.189, 14.603, 20.160,  2.886,  0.292
 72360,  4.251, 16.066, 20.324,  2.744,  0.303
 72420,  4.209, 16.211, 21.245,  2.814,  0.381
 72480,  4.251, 17.005, 21.735,  2.740,  0.330
 72540,  3.731, 13.322, 20.906,  2.874,  0.409
 72600,  3.459, 12.839, 18.724,  2.364,  0.169
 72660,  3.158, 12.053, 17.148,  2.410,  0.182
 72720,  3.095, 11.136, 16.795,  2.420,  0.346
 72780,  3.209, 11.431, 17.609,  2.419,  0.295
 72840,  3.379, 13.222, 18.926,  2.561,  0.304
 72900,  3.511, 14.406, 21.194,  2.664,  0.358
 72960,  3.509, 13.023, 21.047,  2.240,  0.260
 73020,  3.513, 13.709, 19.976,  2.415,  0.259
 73080,  3.343, 13.792, 18.542,  2.554,  0.329
 73140,  3.197, 12.691, 17.110,  2.271,  0.294
 73200,  3.444, 14.323, 18.713,  2.265,  0.273
 73260,  3.470, 13.637, 19.975,  2.469,  0.298
 73320,  3.540, 14.452, 22.161,  2.511,  0.345
 73380,  3.569, 13.167, 23.041,  2.470,  0.350
 73440,  3.252, 12.306, 19.030,  2.144,  0.374
 73500,  3.124, 10.334, 17.837,  2.209,  0.251
 73560,  2.924,  8.898, 14.018,  2.028,  0.311
 73620,  2.888,  9.503, 13.995,  2.066,  0.264
 73680,  2.750,  8.277, 12.456,  2.003,  0.292
 73740,  2.691,  7.621, 11.489,  1.937,  0.197
 73800,  2.907,  8.414, 13.667,  1.977,  0.242
 73860,  3.104,  8.863, 15.340,  1.918,  0.197
 73920,  3.226,  9.991, 15.746,  1.901,  0.348
 73980,  3.446, 11.478, 15.946,  3.148,  0.266
