CampaignData_and_Merges/R0/CSL_MobileLab_Parked/raw/20240815/USOS-NOAAIodideCIMS-PANs_MobileLabGround_20240815_RA.ict
35, 1001
Michael A Robinson, Chris Jernigan, Subi Thakali
NOAA ESRL Chemical Sciences Laboratory and CIRES, U. of Colorado
NOAA Iodide CIMS Instrument
USOS
1, 1
2024, 08, 15, 2024, 08, 18
1
starttime_UTC, seconds_past_midnight, seconds_of_day_since_00:00:00_UTC
3
1, 1, 1
-9999, -9999, -9999
PAN_NOAACIMS, pptv, Gas_PAN_InSitu_S_AVMR, 
APAN_NOAACIMS, pptv, Gas_APAN_InSitu_S_AVMR, 
PPN_NOAACIMS, pptv, Gas_PPN_InSitu_S_AVMR, 
0
18
PI_CONTACT_INFO: 325 Broadway, R/CSD 7, Boulder, Colorado 80305; michael.a.robinson@noaa.gov; chris.jernigan@noaa.gov;
PLATFORM: NOAA CSL Mobile Lab
LOCATION: SLC, Utah
ASSOCIATED_DATA: 1Hz data also available on request.
INSTRUMENT_INFO: NOAA I- ToF CIMS
DATA_INFO: All data in parts per trillion by volume (pptv). 1 Hz data is available upon request.
UNCERTAINTY: TBD
ULOD_FLAG: -7777
ULOD_VALUE: N/A
LLOD_FLAG: -8888
LLOD_VALUE: N/A
DM_CONTACT_INFO: Nathan Howard; nathan.h.howard@noaa.gov
PROJECT_INFO: USOS, summer 2024. https://csl.noaa.gov/groups/csl7/measurements/2024usos/
STIPULATIONS_ON_USE: Users are strongly encouraged to contact the PI for proper data usage.
OTHER_COMMENTS: 
REVISION: RA
RA: Preliminary Data; For in-field use only
starttime_UTC, PAN_NOAACIMS, APAN_NOAACIMS, PPN_NOAACIMS
[from data line 811]
 48660, -9999.000, -9999.000, -9999.000
 48720, -9999.000, -9999.000, -9999.000
 48780, -9999.000, -9999.000, -9999.000
 48840, -9999.000, -9999.000, -9999.000
 48900, -9999.000, -9999.000, -9999.000
 48960, -9999.000, -9999.000, -9999.000
 49020, -9999.000, -9999.000, -9999.000
 49080, -9999.000, -9999.000, -9999.000
 49140, -9999.000, -9999.000, -9999.000
 49200, -9999.000, -9999.000, -9999.000
 49260, -9999.000, -9999.000, -9999.000
 49320, -9999.000, -9999.000, -9999.000
 49380, -9999.000, -9999.000, -9999.000
 49440, -9999.000, -9999.000, -9999.000
 49500, -9999.000, -9999.000, -9999.000
 49560, -9999.000, -9999.000, -9999.000
 49620, -9999.000, -9999.000, -9999.000
 49680, -9999.000, -9999.000, -9999.000
 49740, -9999.000, -9999.000, -9999.000
 49800, -9999.000, -9999.000, -9999.000
 49860, -9999.000, -9999.000, -9999.000
 49920, -9999.000, -9999.000, -9999.000
 49980, -9999.000, -9999.000, -9999.000
 50040, -9999.000, -9999.000, -9999.000
 50100, -9999.000, -9999.000, -9999.000
 50160, -9999.000, -9999.000, -9999.000
 50220, -9999.000, -9999.000, -9999.000
 50280, -9999.000, -9999.000, -9999.000
 50340, -9999.000, -9999.000, -9999.000
 50400, -9999.000, -9999.000, -9999.000
 50460, -9999.000, -9999.000, -9999.000
 50520, -9999.000, -9999.000, -9999.000
 50580, -9999.000, -9999.000, -9999.000
 50640, -9999.000, -9999.000, -9999.000
 50700, -9999.000, -9999.000, -9999.000
 50760, -9999.000, -9999.000, -9999.000
 50820, -9999.000, -9999.000, -9999.000
 50880, -9999.000, -9999.000, -9999.000
 50940, -9999.000, -9999.000, -9999.000
 51000, -9999.000, -9999.000, -9999.000
 51060, -9999.000, -9999.000, -9999.000
 51120, -9999.000, -9999.000, -9999.000
 51180, -9999.000, -9999.000, -9999.000
 51240, -9999.000, -9999.000, -9999.000
 51300, -9999.000, -9999.000, -9999.000
 51360, -9999.000, -9999.000, -9999.000
 51420, -9999.000, -9999.000, -9999.000
 51480, -9999.000, -9999.000, -9999.000
 51540, -9999.000, -9999.000, -9999.000
 51600, -9999.000, -9999.000, -9999.000
 51660, -9999.000, -9999.000, -9999.000
 51720, -9999.000, -9999.000, -9999.000
 51780, -9999.000, -9999.000, -9999.000
 51840, -9999.000, -9999.000, -9999.000
 51900, -9999.000, -9999.000, -9999.000
 51960, -9999.000, -9999.000, -9999.000
 52020, -9999.000, -9999.000, -9999.000
 52080, -9999.000, -9999.000, -9999.000
 52140, -9999.000, -9999.000, -9999.000
 52200, -9999.000, -9999.000, -9999.000
 52260, -9999.000, -9999.000, -9999.000
 52320, -9999.000, -9999.000, -9999.000
 52380, -9999.000, -9999.000, -9999.000
 52440, -9999.000, -9999.000, -9999.000
 52500, -9999.000, -9999.000, -9999.000
 52560, -9999.000, -9999.000, -9999.000
 52620, -9999.000, -9999.000, -9999.000
 52680, -9999.000, -9999.000, -9999.000
 52740, -9999.000, -9999.000, -9999.000
 52800, -9999.000, -9999.000, -9999.000
 52860, -9999.000, -9999.000, -9999.000
 52920, -9999.000, -9999.000, -9999.000
 52980, -9999.000, -9999.000, -9999.000
 53040, -9999.000, -9999.000, -9999.000
 53100, -9999.000, -9999.000, -9999.000
 53160, -9999.000, -9999.000, -9999.000
 53220, -9999.000, -9999.000, -9999.000
 53280, -9999.000, -9999.000, -9999.000
 53340, -9999.000, -9999.000, -9999.000
 53400, -9999.000, -9999.000, -9999.000
 53460, -9999.000, -9999.000, -9999.000
 53520, -9999.000, -9999.000, -9999.000
 53580, -9999.000, -9999.000, -9999.000
 53640, -9999.000, -9999.000, -9999.000
 53700, -9999.000, -9999.000, -9999.000
 53760, -9999.000, -9999.000, -9999.000
 53820, -9999.000, -9999.000, -9999.000
 53880, -9999.000, -9999.000, -9999.000
 53940, -9999.000, -9999.000, -9999.000
 54000, -9999.000, -9999.000, -9999.000
 54060, -9999.000, -9999.000, -9999.000
 54120, -9999.000, -9999.000, -9999.000
 54180, -9999.000, -9999.000, -9999.000
 54240, -9999.000, -9999.000, -9999.000
 54300, -9999.000, -9999.000, -9999.000
 54360, -9999.000, -9999.000, -9999.000
 54420, -9999.000, -9999.000, -9999.000
 54480, -9999.000, -9999.000, -9999.000
 54540, -9999.000, -9999.000, -9999.000
 54600, -9999.000, -9999.000, -9999.000
 54660, -9999.000, -9999.000, -9999.000
 54720, -9999.000, -9999.000, -9999.000
 54780, -9999.000, -9999.000, -9999.000
 54840, -9999.000, -9999.000, -9999.000
 54900, -9999.000, -9999.000, -9999.000
 54960, -9999.000, -9999.000, -9999.000
 55020, -9999.000, -9999.000, -9999.000
 55080, -9999.000, -9999.000, -9999.000
 55140, -9999.000, -9999.000, -9999.000
 55200, -9999.000, -9999.000, -9999.000
 55260, -9999.000, -9999.000, -9999.000
 55320, -9999.000, -9999.000, -9999.000
 55380, -9999.000, -9999.000, -9999.000
 55440, -9999.000, -9999.000, -9999.000
 55500, -9999.000, -9999.000, -9999.000
 55560, -9999.000, -9999.000, -9999.000
 55620, -9999.000, -9999.000, -9999.000
 55680, -9999.000, -9999.000, -9999.000
 55740, -9999.000, -9999.000, -9999.000
 55800, -9999.000, -9999.000, -9999.000
 55860, -9999.000, -9999.000, -9999.000
 55920, -9999.000, -9999.000, -9999.000
 55980, -9999.000, -9999.000, -9999.000
 56040, -9999.000, -9999.000, -9999.000
 56100, -9999.000, -9999.000, -9999.000
 56160, -9999.000, -9999.000, -9999.000
 56220, -9999.000, -9999.000, -9999.000
 56280, -9999.000, -9999.000, -9999.000
 56340, -9999.000, -9999.000, -9999.000
 56400, -9999.000, -9999.000, -9999.000
 56460, -9999.000, -9999.000, -9999.000
 56520, -9999.000, -9999.000, -9999.000
 56580, -9999.000, -9999.000, -9999.000
 56640, -9999.000, -9999.000, -9999.000
 56700, -9999.000, -9999.000, -9999.000
 56760, -9999.000, -9999.000, -9999.000
 56820, -9999.000, -9999.000, -9999.000
 56880, -9999.000, -9999.000, -9999.000
 56940, -9999.000, -9999.000, -9999.000
 57000, -9999.000, -9999.000, -9999.000
 57060, -9999.000, -9999.000, -9999.000
 57120, -9999.000, -9999.000, -9999.000
 57180, -9999.000, -9999.000, -9999.000
 57240, -9999.000, -9999.000, -9999.000
 57300, -9999.000, -9999.000, -9999.000
 57360, -9999.000, -9999.000, -9999.000
 57420, -9999.000, -9999.000, -9999.000
 57480, -9999.000, -9999.000, -9999.000
 57540, -9999.000, -9999.000, -9999.000
 57600, -9999.000, -9999.000, -9999.000
 57660, -9999.000, -9999.000, -9999.000
 57720, -9999.000, -9999.000, -9999.000
 57780, -9999.000, -9999.000, -9999.000
 57840, -9999.000, -9999.000, -9999.000
 57900, -9999.000, -9999.000, -9999.000
 57960, -9999.000, -9999.000, -9999.000
 58020, -9999.000, -9999.000, -9999.000
 58080, -9999.000, -9999.000, -9999.000
 58140, -9999.000, -9999.000, -9999.000
 58200, -9999.000, -9999.000, -9999.000
 58260, -9999.000, -9999.000, -9999.000
 58320, -9999.000, -9999.000, -9999.000
 58380, -9999.000, -9999.000, -9999.000
 58440, -9999.000, -9999.000, -9999.000
 58500, -9999.000, -9999.000, -9999.000
 58560, -9999.000, -9999.000, -9999.000
 58620, -9999.000, -9999.000, -9999.000
 58680, -9999.000, -9999.000, -9999.000
 58740, -9999.000, -9999.000, -9999.000
 58800, -9999.000, -9999.000, -9999.000
 58860, -9999.000, -9999.000, -9999.000
 58920, -9999.000, -9999.000, -9999.000
 58980, -9999.000, -9999.000, -9999.000
 59040, -9999.000, -9999.000, -9999.000
 59100, -9999.000, -9999.000, -9999.000
 59160, -9999.000, -9999.000, -9999.000
 59220, -9999.000, -9999.000, -9999.000
 59280, -9999.000, -9999.000, -9999.000
 59340, -9999.000, -9999.000, -9999.000
 59400, -9999.000, -9999.000, -9999.000
 59460, -9999.000, -9999.000, -9999.000
 59520, -9999.000, -9999.000, -9999.000
 59580, -9999.000, -9999.000, -9999.000
 59640, -9999.000, -9999.000, -9999.000
 59700, -9999.000, -9999.000, -9999.000
 59760, -9999.000, -9999.000, -9999.000
 59820, -9999.000, -9999.000, -9999.000
 59880, -9999.000, -9999.000, -9999.000
 59940, -9999.000, -9999.000, -9999.000
 60000, -9999.000, -9999.000, -9999.000
 60060, -9999.000, -9999.000, -9999.000
 60120, -9999.000, -9999.000, -9999.000
 60180, -9999.000, -9999.000, -9999.000
 60240, -9999.000, -9999.000, -9999.000
 60300, -9999.000, -9999.000, -9999.000
 60360, -9999.000, -9999.000, -9999.000
 60420, -9999.000, -9999.000, -9999.000
 60480, -9999.000, -9999.000, -9999.000
 60540, -9999.000, -9999.000, -9999.000
 60600, -9999.000, -9999.000, -9999.000
 60660, -9999.000, -9999.000, -9999.000
 60720, -9999.000, -9999.000, -9999.000
 60780, -9999.000, -9999.000, -9999.000
 60840, -9999.000, -9999.000, -9999.000
 60900, -9999.000, -9999.000, -9999.000
 60960, -9999.000, -9999.000, -9999.000
 61020, -9999.000, -9999.000, -9999.000
 61080, -9999.000, -9999.000, -9999.000
 61140, -9999.000, -9999.000, -9999.000
 61200, -9999.000, -9999.000, -9999.000
 61260, -9999.000, -9999.000, -9999.000
 61320, -9999.000, -9999.000, -9999.000
 61380, -9999.000, -9999.000, -9999.000
 61440, -9999.000, -9999.000, -9999.000
 61500, 179.162,  2.652, 20.419
 61560, 170.908,  2.636, 21.976
 61620, 167.536,  3.393, 18.510
 61680, 166.427,  2.065, 18.083
 61740, 163.748,  2.350, 16.082
 61800, 166.368,  2.621, 15.592
 61860, 166.644,  3.178, 17.773
 61920, 167.826,  2.771, 18.462
 61980, 163.608,  3.070, 17.628
 62040, 167.092,  2.538, 18.692
 62100, 161.381,  2.550, 15.875
 62160, 160.057,  3.143, 17.629
 62220, 158.262,  2.380, 16.206
 62280, 155.370,  2.924, 16.018
 62340, 153.469,  2.624, 15.549
 62400, 151.851,  2.540, 13.520
 62460, 157.672,  2.432, 15.722
 62520, 152.937,  2.976, 14.279
 62580, 157.032,  3.074, 14.649
 62640, 160.185,  3.012, 15.721
 62700, 160.281,  1.753, 16.428
 62760, 159.952,  2.803, 16.243
 62820, 165.901,  3.173, 15.491
 62880, -9999.000, -9999.000, -9999.000
 62940, 161.829,  3.023, 15.511
 63000, 167.916,  3.196, 14.683
 63060, 170.331,  3.490, 15.394
 63120, 173.383,  3.616, 19.740
 63180, 175.690,  2.615, 17.722
 63240, 174.341,  2.243, 16.877
 63300, 183.218,  2.393, 17.880
 63360, 179.672,  3.091, 18.071
 63420, 176.109,  2.561, 18.290
 63480, 170.818,  3.720, 15.513
 63540, 167.010,  3.227, 15.095
 63600, 163.157,  3.028, 14.852
 63660, 169.656,  2.523, 16.110
 63720, 163.639,  2.649, 15.459
 63780, 161.566,  2.274, 15.287
 63840, 166.224,  2.254, 16.410
 63900, 152.342,  3.209, 24.241
 63960, 161.528,  2.081, 16.353
 64020, 161.350,  2.069, 15.084
 64080, 163.962,  1.916, 14.185
 64140, 163.528,  2.770, 15.563
 64200, 171.156,  2.604, 15.889
 64260, 163.712,  2.123, 15.052
 64320, 158.430,  2.055, 14.705
 64380, 153.597,  2.265, 15.561
 64440, 165.472,  2.809, 14.716
 64500, 154.560,  2.589, 14.757
 64560, 160.512,  2.489, 13.826
 64620, 170.535,  1.845, 14.888
 64680, 164.091,  2.285, 14.849
 64740, -9999.000, -9999.000, -9999.000
 64800, 151.801,  2.220, 13.693
 64860, 159.699,  2.507, 13.727
 64920, 163.906,  2.793, 14.589
 64980, 169.192,  2.476, 13.484
 65040, 160.883,  2.220, 13.531
 65100, 160.196,  2.440, 14.618
 65160, 163.659,  2.727, 16.458
 65220, 164.167,  2.730, 15.052
 65280, 172.890,  1.984, 16.782
 65340, 178.216,  2.906, 17.135
 65400, 177.584,  2.748, 17.852
 65460, 172.516,  2.518, 16.768
 65520, 173.410,  2.192, 19.150
 65580, 176.751,  2.814, 18.391
 65640, 181.328,  2.086, 19.350
 65700, 187.285,  2.110, 19.814
 65760, 190.660,  2.112, 19.362
 65820, 189.564,  2.786, 19.241
 65880, 193.536,  3.179, 18.630
 65940, 194.107,  2.301, 19.697
 66000, 189.062,  2.142, 18.139
 66060, 189.271,  1.876, 19.971
 66120, 194.659,  2.619, 19.798
 66180, 200.376,  2.644, 20.867
 66240, 195.044,  2.140, 18.457
 66300, 229.277,  2.731, 25.658
 66360, 212.115,  3.350, 23.710
 66420, 214.788,  2.033, 23.590
 66480, 213.211,  2.976, 25.194
 66540, 218.325,  2.687, 23.028
 66600, 234.179,  4.679, 27.953
 66660, 245.739,  3.130, 26.481
 66720, 238.129,  3.111, 24.771
 66780, 238.588,  3.434, 23.862
 66840, 243.623,  3.403, 24.813
 66900, 239.077,  7.390, 41.614
 66960, 249.667,  4.484, 25.531
 67020, 254.857,  3.024, 26.565
 67080, 250.266,  2.648, 27.035
 67140, 253.252,  3.068, 28.096
 67200, 261.196,  2.286, 28.270
 67260, 238.919,  2.219, 26.118
 67320, 245.141,  2.668, 26.673
 67380, 246.745,  2.647, 26.220
 67440, 249.739,  2.553, 26.017
 67500, 250.975,  2.652, 27.832
 67560, 253.346,  1.635, 26.677
 67620, 263.862,  3.046, 29.434
 67680, 276.215,  2.424, 31.744
 67740, 280.168,  2.822, 31.828
 67800, 276.898,  3.307, 30.403
 67860, 282.199,  1.990, 29.578
 67920, 293.121,  2.569, 30.440
 67980, 305.600,  1.683, 33.770
 68040, 304.839,  2.438, 33.578
 68100, 316.708,  3.329, 35.393
 68160, 309.699,  2.528, 34.454
 68220, 310.065,  2.258, 32.436
 68280, 303.861,  2.890, 29.289
 68340, 299.919,  2.576, 29.702
 68400, -9999.000, -9999.000, -9999.000
 68460, 310.793,  2.687, 30.917
 68520, 301.977,  4.184, 29.700
 68580, 299.256,  2.386, 32.110
 68640, 293.329,  3.253, 31.116
 68700, 302.670,  2.034, 31.362
 68760, 300.722,  2.908, 31.793
 68820, 303.287,  1.607, 33.545
 68880, 298.616,  3.181, 27.649
 68940, 301.890,  2.473, 29.850
 69000, 311.026,  2.224, 34.248
 69060, 295.694,  2.151, 30.342
 69120, 295.766,  3.132, 30.279
 69180, 300.421,  2.243, 29.179
 69240, 289.927,  3.060, 23.421
 69300, 290.270,  2.181, 25.962
 69360, 294.955,  2.910, 28.788
 69420, 306.723,  2.754, 32.149
 69480, 304.960,  2.034, 32.821
 69540, 306.159,  2.352, 34.213
 69600, 314.086,  1.925, 33.349
 69660, 324.411,  2.429, 33.471
 69720, 315.649,  3.043, 32.328
 69780, 326.456,  1.991, 33.502
 69840, 325.548,  3.437, 35.579
 69900, 325.646,  2.837, 35.459
 69960, 331.393,  2.062, 37.937
 70020, 334.999,  2.011, 36.098
 70080, 334.544,  2.724, 35.516
 70140, 327.637,  2.533, 34.074
 70200, 328.715,  3.026, 34.669
 70260, -9999.000, -9999.000, -9999.000
 70320, 314.900,  2.965, 35.375
 70380, 309.412,  3.135, 34.123
 70440, 300.387,  1.988, 33.507
 70500, 297.201,  2.432, 33.456
 70560, 296.961,  2.934, 33.779
 70620, 294.665,  3.391, 32.981
 70680, 292.728,  2.945, 31.351
 70740, 306.589,  3.988, 31.511
 70800, 315.102,  3.382, 33.387
 70860, 314.298,  2.906, 35.292
 70920, 320.384,  2.996, 35.012
 70980, 332.789,  3.270, 35.031
 71040, 327.812,  2.353, 34.680
 71100, 327.936,  2.540, 35.919
 71160, 332.462,  2.999, 36.529
 71220, 316.604,  2.696, 35.237
 71280, 315.200,  3.306, 34.389
 71340, 325.186,  2.426, 33.337
 71400, 312.968,  3.264, 34.633
 71460, 306.534,  2.492, 32.353
 71520, 310.212,  2.952, 33.080
 71580, 301.432,  3.018, 31.949
 71640, 311.242,  3.814, 27.628
 71700, 311.037,  3.398, 34.792
 71760, 303.827,  2.832, 32.618
 71820, 297.791,  2.397, 28.257
 71880, 302.981,  2.895, 31.197
 71940, 291.806,  3.591, 31.435
 72000, 297.695,  2.498, 29.784
 72060, 307.931,  2.151, 32.350
 72120, -9999.000, -9999.000, -9999.000
 72180, 296.648,  2.820, 29.148
 72240, 309.013,  2.331, 32.587
 72300, 307.061,  2.577, 30.427
 72360, 302.599,  2.531, 31.484
 72420, 299.388,  2.307, 30.974
 72480, 294.434,  2.854, 30.153
 72540, 281.162,  2.479, 30.723
 72600, 285.376,  2.864, 28.600
 72660, 290.832,  3.772, 30.029
 72720, 279.047,  3.325, 29.774
 72780, 277.763,  2.227, 27.811
 72840, 278.784,  3.148, 27.952
 72900, 281.967,  3.386, 32.200
 72960, 278.879,  2.889, 26.869
 73020, 282.397,  2.455, 30.035
 73080, 277.877,  2.858, 28.497
 73140, 272.819,  2.115, 27.411
 73200, 279.306,  2.108, 28.146
 73260, 284.584,  2.052, 27.779
 73320, 280.183,  2.387, 30.347
 73380, 277.033,  2.462, 29.139
 73440, 272.763,  2.486, 27.608
 73500, 260.703,  2.527, 27.537
 73560, 262.332,  1.941, 26.142
 73620, 278.812,  2.174, 28.190
 73680, 268.086,  2.792, 28.015
 73740, 269.934,  2.730, 27.048
 73800, 273.585,  1.838, 26.883
 73860, 273.345,  2.512, 27.813
 73920, 275.151,  3.182, 27.183
 73980, 275.295,  0.891, 31.776
 74040, 280.680,  2.801, 28.102
 74100, 280.732,  2.240, 29.169
 74160, 284.587,  2.297, 29.130
 74220, 278.645,  1.988, 28.627
 74280, 290.480,  2.642, 32.489
 74340, 296.542,  2.152, 30.155
 74400, 290.369,  2.384, 30.785
 74460, 300.576,  2.328, 29.391
 74520, 294.773,  1.870, 31.012
 74580, 274.450,  2.950, 25.411
 74640, 274.106,  2.416, 26.499
 74700, 288.913,  2.310, 29.024
 74760, 285.506,  2.598, 28.094
 74820, 280.034,  2.012, 28.541
 74880, 272.587,  3.362, 27.361
 74940, 261.246,  2.197, 25.183
 75000, 248.090,  1.895, 23.697
 75060, 241.682,  2.454, 22.455
 75120, 238.753,  1.427, 24.951
 75180, 225.618,  2.403, 20.870
 75240, 224.467,  2.280, 21.090
 75300, 241.098,  1.885, 24.152
