CampaignData_and_Merges/R0/CSL_MobileLab_Parked/raw/20240815/USOS-NOAAIodideCIMS-HNO2_MobileLabGround_20240815_RA.ict
33, 1001
Michael A Robinson, Chris Jernigan, Subi Thakali
NOAA ESRL Chemical Sciences Laboratory and CIRES, U. of Colorado
NOAA Iodide CIMS Instrument
USOS
1, 1
2024, 08, 15, 2024, 08, 18
1
starttime_UTC, seconds_past_midnight, seconds_of_day_since_00:00:00_UTC
1
1
-9999
HNO2_NOAACIMS, pptv, Gas_HNO2_InSitu_S_AVMR, 
0
18
PI_CONTACT_INFO: 325 Broadway, R/CSD 7, Boulder, Colorado 80305; michael.a.robinson@noaa.gov; chris.jernigan@noaa.gov;
PLATFORM: NOAA CSL Mobile Lab
LOCATION: SLC, Utah
ASSOCIATED_DATA: 1Hz data also available on request.
INSTRUMENT_INFO: NOAA I- ToF CIMS
DATA_INFO: All data in parts per trillion by volume (pptv). 1 Hz data is available upon request.
UNCERTAINTY: TBD
ULOD_FLAG: -7777
ULOD_VALUE: N/A
LLOD_FLAG: -8888
LLOD_VALUE: N/A
DM_CONTACT_INFO: Nathan Howard; nathan.h.howard@noaa.gov
PROJECT_INFO: USOS, summer 2024. https://csl.noaa.gov/groups/csl7/measurements/2024usos/
STIPULATIONS_ON_USE: Users are strongly encouraged to contact the PI for proper data usage.
OTHER_COMMENTS: 
REVISION: RA
RA: Preliminary Data; For in-field use only
starttime_UTC, HNO2_NOAACIMS
     0, 16.094
    60, 24.305
   120, 29.539
   180, 24.191
   240, 38.021
   300, 25.605
   360, 26.929
   420, 27.562
   480, 23.162
   540, 17.480
   600, 22.915
   660, 25.533
   720, 37.830
   780, 24.607
   840, 23.946
   900, 32.839
   960, 38.091
  1020, 35.671
  1080, 25.057
  1140, 33.670
  1200, 43.473
  1260, 26.878
  1320, 33.906
  1380, 41.975
  1440, 47.335
  1500, 43.829
  1560, 35.822
  1620, 23.045
  1680, 27.868
  1740, -9999.000
  1800, 46.417
  1860, 35.067
  1920, 48.942
  1980, 36.898
  2040, 21.853
  2100, 21.226
  2160, 20.878
  2220, 24.121
  2280, 35.657
  2340, 36.020
  2400, 32.768
  2460, 28.373
  2520, 34.929
  2580, 22.045
  2640, 26.336
  2700, 35.520
  2760, 26.901
  2820, 25.488
  2880, 31.573
  2940, 29.706
  3000, 32.315
  3060, 26.115
  3120, 18.081
  3180, 38.050
  3240, 40.158
  3300, 36.067
  3360, 30.392
  3420, 25.042
  3480, 34.325
  3540, 39.382
  3600, -9999.000
  3660, 18.525
  3720, 16.789
  3780, 25.168
  3840, 25.327
  3900, 24.946
  3960, 25.272
  4020, 25.978
  4080, 32.564
  4140, 19.340
  4200,  9.094
  4260,  8.055
  4320, 21.260
  4380, 21.280
  4440, 10.963
  4500, 15.580
  4560,  6.917
  4620,  8.981
  4680, 10.257
  4740, 12.112
  4800, 17.146
  4860, 13.018
  4920,  8.519
  4980, 10.768
  5040,  6.509
  5100, 27.226
  5160, 25.234
  5220, 34.426
  5280, 35.679
  5340, 16.359
  5400, 24.374
  5460, -9999.000
  5520, 30.357
  5580, 31.319
  5640, 17.872
  5700, 40.399
  5760, 42.617
  5820, 36.915
  5880, 26.735
  5940, 37.665
  6000, 46.664
  6060, 38.151
  6120, 34.524
  6180, 19.323
  6240, 14.705
  6300, 23.757
  6360, 29.605
  6420, 37.517
  6480, 36.910
  6540, 34.041
  6600, 37.514
  6660, 33.173
  6720, 46.769
  6780, 43.866
  6840, 44.110
  6900, 44.666
  6960, 50.009
  7020, 44.836
  7080, 40.142
  7140, 47.758
  7200, 45.832
  7260, 51.340
  7320, 34.624
  7380, 44.054
  7440, 54.753
  7500, 87.567
  7560, 68.347
  7620, 80.231
  7680, 99.024
  7740, 97.365
  7800, 93.434
  7860, 95.892
  7920, 87.880
  7980, 90.986
  8040, 66.180
  8100, 73.950
  8160, 61.953
  8220, 66.789
  8280, 58.644
  8340, 57.710
  8400, 60.880
  8460, 49.586
  8520, 53.663
  8580, 50.102
  8640, 60.421
  8700, 59.746
  8760, 60.284
  8820, 57.190
  8880, 59.888
  8940, 68.927
  9000, 63.067
  9060, 63.744
  9120, -9999.000
  9180, 65.382
  9240, 51.444
  9300, 64.092
  9360, 59.217
  9420, 64.607
  9480, 56.076
  9540, 62.294
  9600, 60.559
  9660, 60.357
  9720, 58.210
  9780, 60.604
  9840, 56.592
  9900, 62.767
  9960, 59.419
 10020, 58.220
 10080, 62.248
 10140, 63.823
 10200, 61.067
 10260, 63.389
 10320, 65.200
 10380, 63.609
 10440, 60.998
 10500, 65.287
 10560, 58.872
 10620, 63.988
 10680, 67.944
 10740, 54.634
 10800, 55.000
 10860, 55.900
 10920, 49.217
 10980, -9999.000
 11040, 54.240
 11100, 50.216
 11160, 51.446
 11220, 47.480
 11280, 45.398
 11340, 52.388
 11400, 48.242
 11460, 47.023
 11520, 51.513
 11580, 56.563
 11640, 49.678
 11700, 57.437
 11760, 57.555
 11820, 51.754
 11880, 49.697
 11940, 54.031
 12000, 56.608
 12060, 55.229
 12120, 53.189
 12180, 58.769
 12240, 49.320
 12300, 54.725
 12360, 60.425
 12420, 60.332
 12480, 57.184
 12540, 56.133
 12600, 50.291
 12660, 58.318
 12720, 58.135
 12780, 65.693
 12840, -9999.000
 12900, 52.411
 12960, 62.918
 13020, 52.595
 13080, 55.344
 13140, 58.256
 13200, 57.917
 13260, 53.230
 13320, 55.391
 13380, 55.022
 13440, 55.700
 13500, 56.202
 13560, 53.612
 13620, 57.806
 13680, 48.870
 13740, 54.902
 13800, 52.482
 13860, 43.138
 13920, 53.298
 13980, 46.371
 14040, 43.417
 14100, 48.694
 14160, 50.243
 14220, 61.772
 14280, 54.866
 14340, 53.424
 14400, 59.872
 14460, 55.269
 14520, 61.074
 14580, 57.829
 14640, 57.135
 14700, 56.289
 14760, 57.520
 14820, 54.839
 14880, 53.367
 14940, 54.992
 15000, 46.414
 15060, 54.777
 15120, 51.114
 15180, 49.753
 15240, 47.228
 15300, 55.045
 15360, 51.759
 15420, 55.064
 15480, 48.581
 15540, 57.124
 15600, 53.339
 15660, 52.331
 15720, 51.069
 15780, 52.320
 15840, 62.240
 15900, 50.647
 15960, 50.295
 16020, 49.071
 16080, 59.389
 16140, 55.986
 16200, 52.217
 16260, 67.126
 16320, 75.720
 16380, 62.760
 16440, 56.630
 16500, 54.864
 16560, 36.544
 16620, 52.879
 16680, 51.332
 16740, 46.042
 16800, 55.314
 16860, 57.967
 16920, 54.392
 16980, 51.722
 17040, 46.385
 17100, 48.390
 17160, 44.798
 17220, 47.609
 17280, 49.857
 17340, 49.354
 17400, 43.522
 17460, 50.084
 17520, 46.875
 17580, 48.678
 17640, 52.018
 17700, 53.108
 17760, 49.563
 17820, 55.211
 17880, 46.583
 17940, 52.782
 18000, 54.920
 18060, 53.457
 18120, 51.753
 18180, 46.091
 18240, 44.228
 18300, 42.646
 18360, 50.158
 18420, 44.549
 18480, 47.692
 18540, 59.908
 18600, 80.500
 18660, 96.600
 18720, 109.498
 18780, 111.533
 18840, 108.667
 18900, 119.197
 18960, 114.450
 19020, 118.843
 19080, 128.649
 19140, 129.890
 19200, 112.493
 19260, 105.703
 19320, 105.030
 19380, 99.490
 19440, 102.140
 19500, 72.234
 19560, 91.655
 19620, 102.595
 19680, 93.513
 19740, 98.075
 19800, 64.768
 19860, 74.957
 19920, 77.995
 19980, 110.723
 20040, 69.989
 20100, 72.279
 20160, 68.614
 20220, -9999.000
 20280, 100.580
 20340, 113.649
 20400, 81.370
 20460, 52.945
 20520, 60.537
 20580, 72.875
 20640, 71.580
 20700, 71.139
 20760, 71.961
 20820, -9999.000
 20880, -9999.000
 20940, -9999.000
 21000, -9999.000
 21060, -9999.000
 21120, -9999.000
 21180, -9999.000
 21240, -9999.000
 21300, -9999.000
 21360, -9999.000
 21420, -9999.000
 21480, -9999.000
 21540, -9999.000
 21600, -9999.000
 21660, -9999.000
 21720, -9999.000
 21780, -9999.000
 21840, -9999.000
 21900, -9999.000
 21960, -9999.000
 22020, -9999.000
 22080, -9999.000
 22140, -9999.000
 22200, -9999.000
 22260, -9999.000
 22320, -9999.000
 22380, -9999.000
 22440, -9999.000
 22500, -9999.000
 22560, -9999.000
 22620, -9999.000
 22680, -9999.000
 22740, -9999.000
 22800, -9999.000
 22860, -9999.000
 22920, -9999.000
 22980, -9999.000
 23040, -9999.000
 23100, -9999.000
 23160, -9999.000
 23220, -9999.000
 23280, -9999.000
 23340, -9999.000
 23400, -9999.000
 23460, -9999.000
 23520, -9999.000
 23580, -9999.000
 23640, -9999.000
 23700, -9999.000
 23760, -9999.000
 23820, -9999.000
 23880, -9999.000
 23940, -9999.000
 24000, -9999.000
 24060, -9999.000
 24120, -9999.000
 24180, -9999.000
 24240, -9999.000
 24300, -9999.000
 24360, 90.415
 24420, 55.829
 24480, 46.924
 24540, 59.230
 24600, 53.236
 24660, 52.002
 24720, 41.867
 24780, 100.089
 24840, 53.891
 24900, 46.259
 24960, 64.735
 25020, 56.578
 25080, 52.784
 25140, 38.030
 25200, 34.329
 25260, 44.401
 25320, 54.938
 25380, 56.898
 25440, 37.381
 25500, 42.502
 25560, 41.088
 25620, 47.313
 25680, 40.319
 25740, 44.514
 25800, 50.155
 25860, 47.681
 25920, 53.000
 25980, 46.016
 26040, 50.738
 26100, 49.769
 26160, 55.014
 26220, 55.191
 26280, 59.167
 26340, 53.708
 26400, 63.904
 26460, 56.867
 26520, 54.650
 26580, 57.050
 26640, 48.568
 26700, 56.719
 26760, 56.049
 26820, 60.733
 26880, 59.706
 26940, 55.112
 27000, 61.887
 27060, 61.196
 27120, 44.535
 27180, 53.731
 27240, 52.237
 27300, 52.027
 27360, 56.344
 27420, 51.500
 27480, 60.797
 27540, 69.079
 27600, -9999.000
 27660, 48.230
 27720, 68.369
 27780, 55.490
 27840, 64.803
 27900, 57.983
 27960, 63.362
 28020, 57.423
 28080, 54.371
 28140, 61.740
 28200, 60.746
 28260, 60.745
 28320, 53.201
 28380, 60.943
 28440, 61.496
 28500, 57.056
 28560, 61.322
 28620, 63.776
 28680, 66.208
 28740, 61.922
 28800, 51.449
 28860, 58.293
 28920, 65.518
 28980, 64.082
 29040, 61.648
 29100, 60.006
 29160, 51.652
 29220, 61.125
 29280, 67.479
 29340, 64.191
 29400, 70.017
 29460, -9999.000
 29520, 53.440
 29580, 52.571
 29640, 62.314
 29700, 61.432
 29760, 66.512
 29820, 61.695
 29880, 63.098
 29940, 60.383
 30000, 67.742
 30060, 66.895
 30120, 73.482
 30180, 68.201
 30240, 71.445
 30300, 77.327
 30360, 69.478
 30420, 66.967
 30480, 66.448
 30540, 70.789
 30600, 58.777
 30660, 61.475
 30720, 59.043
 30780, 61.559
 30840, 68.072
 30900, 68.354
 30960, 68.309
 31020, 58.737
 31080, 69.619
 31140, 66.716
 31200, 50.093
 31260, 65.193
 31320, -9999.000
 31380, 71.662
 31440, 61.910
 31500, 60.131
 31560, 56.588
 31620, 62.307
 31680, 64.113
 31740, 64.268
 31800, 74.224
 31860, 64.331
 31920, 62.353
 31980, 57.790
 32040, 65.885
 32100, 59.999
 32160, 67.635
 32220, 61.278
 32280, 62.982
 32340, 65.849
 32400, 67.677
 32460, 65.842
 32520, 53.446
 32580, 64.392
 32640, 57.661
 32700, 58.857
 32760, 65.065
 32820, 64.995
 32880, 62.640
 32940, 61.873
 33000, 63.582
 33060, 67.047
 33120, 59.781
 33180, 62.164
 33240, 64.750
 33300, 64.035
 33360, 75.401
 33420, 59.221
 33480, 62.398
 33540, 61.762
 33600, 61.033
 33660, 64.684
 33720, 56.636
 33780, 69.356
 33840, 55.013
 33900, 62.404
 33960, 57.968
 34020, 60.639
 34080, 69.413
 34140, 64.723
 34200, 59.734
 34260, 64.221
 34320, 60.057
 34380, 61.756
 34440, 56.725
 34500, 51.631
 34560, 61.517
 34620, 57.280
 34680, 61.868
 34740, 65.168
 34800, 62.481
 34860, 75.339
 34920, 60.492
 34980, 54.472
 35040, 66.578
 35100, 62.925
 35160, 64.470
 35220, 62.069
 35280, 58.748
 35340, 57.649
 35400, 55.587
 35460, 61.258
 35520, 60.289
 35580, 63.642
 35640, 49.106
 35700, 55.811
 35760, 63.897
 35820, 54.003
 35880, 55.269
 35940, 47.185
 36000, 62.495
 36060, 54.320
 36120, 53.225
 36180, 52.299
 36240, 47.061
 36300, 56.365
 36360, 56.181
 36420, 52.107
 36480, 56.154
 36540, 53.478
 36600, 56.916
 36660, 51.172
 36720, 44.919
 36780, 50.803
 36840, 37.556
 36900, 49.568
 36960, 52.536
 37020, 41.356
 37080, 45.609
 37140, 43.202
 37200, 47.673
 37260, 46.460
 37320, 49.413
 37380, 48.119
 37440, 53.485
 37500, 48.382
 37560, 54.087
 37620, 54.415
 37680, 55.009
 37740, 48.160
 37800, 48.394
 37860, 54.517
 37920, 61.329
 37980, 53.082
 38040, 47.113
 38100, 51.724
 38160, 55.113
 38220, 55.218
 38280, 54.309
 38340, 46.840
 38400, 58.544
 38460, 51.965
 38520, 50.129
 38580, 55.576
 38640, 47.048
 38700, -9999.000
 38760, 48.553
 38820, 54.408
 38880, 58.047
 38940, 54.704
 39000, 58.780
 39060, 61.089
 39120, 55.122
 39180, 54.769
 39240, 62.921
 39300, 54.150
 39360, 51.125
 39420, 48.495
 39480, 51.146
 39540, 50.308
 39600, 46.872
 39660, 53.299
 39720, 58.045
 39780, 59.700
 39840, 57.076
 39900, 61.301
 39960, 49.068
 40020, 58.918
 40080, 52.553
 40140, 46.929
 40200, 49.381
 40260, 47.217
 40320, 51.976
 40380, 51.530
 40440, 48.316
 40500, 46.382
 40560, -9999.000
 40620, 53.580
 40680, 64.215
 40740, 73.688
 40800, 74.157
 40860, 70.692
 40920, 85.508
 40980, 59.946
 41040, 59.231
 41100, 59.887
 41160, 59.600
 41220, 94.755
 41280, -9999.000
 41340, 65.083
 41400, 50.858
 41460, 65.234
 41520, 58.833
 41580, 57.512
 41640, 62.089
 41700, 65.625
 41760, 58.769
 41820, 71.689
 41880, 60.453
 41940, 66.304
 42000, 59.460
 42060, 58.577
 42120, 57.052
 42180, -9999.000
 42240, -9999.000
 42300, -9999.000
 42360, -9999.000
 42420, -9999.000
 42480, -9999.000
 42540, -9999.000
 42600, -9999.000
 42660, -9999.000
 42720, -9999.000
 42780, -9999.000
 42840, -9999.000
 42900, -9999.000
 42960, -9999.000
 43020, -9999.000
 43080, -9999.000
 43140, -9999.000
 43200, -9999.000
 43260, -9999.000
 43320, -9999.000
 43380, -9999.000
 43440, -9999.000
 43500, -9999.000
 43560, -9999.000
 43620, -9999.000
 43680, -9999.000
 43740, -9999.000
 43800, -9999.000
 43860, -9999.000
 43920, -9999.000
 43980, -9999.000
 44040, -9999.000
 44100, -9999.000
 44160, -9999.000
 44220, -9999.000
 44280, -9999.000
 44340, -9999.000
 44400, -9999.000
 44460, -9999.000
 44520, -9999.000
 44580, -9999.000
 44640, -9999.000
 44700, -9999.000
 44760, -9999.000
 44820, -9999.000
 44880, -9999.000
 44940, -9999.000
 45000, -9999.000
 45060, -9999.000
 45120, -9999.000
 45180, -9999.000
 45240, -9999.000
 45300, -9999.000
 45360, -9999.000
 45420, -9999.000
 45480, -9999.000
 45540, -9999.000
 45600, -9999.000
 45660, -9999.000
 45720, -9999.000
 45780, -9999.000
 45840, -9999.000
 45900, -9999.000
 45960, -9999.000
 46020, -9999.000
 46080, -9999.000
 46140, -9999.000
 46200, -9999.000
 46260, -9999.000
 46320, -9999.000
 46380, -9999.000
 46440, -9999.000
 46500, -9999.000
 46560, -9999.000
 46620, -9999.000
 46680, -9999.000
 46740, -9999.000
 46800, -9999.000
 46860, -9999.000
 46920, -9999.000
 46980, -9999.000
 47040, -9999.000
 47100, -9999.000
 47160, -9999.000
 47220, -9999.000
 47280, -9999.000
 47340, -9999.000
 47400, -9999.000
 47460, -9999.000
 47520, -9999.000
 47580, -9999.000
 47640, -9999.000
 47700, -9999.000
 47760, -9999.000
 47820, -9999.000
 47880, -9999.000
 47940, -9999.000
 48000, -9999.000
 48060, -9999.000
 48120, -9999.000
 48180, -9999.000
 48240, -9999.000
 48300, -9999.000
 48360, -9999.000
 48420, -9999.000
 48480, -9999.000
 48540, -9999.000
 48600, -9999.000
 48660, -9999.000
 48720, -9999.000
 48780, -9999.000
 48840, -9999.000
 48900, -9999.000
 48960, -9999.000
 49020, -9999.000
 49080, -9999.000
 49140, -9999.000
 49200, -9999.000
 49260, -9999.000
 49320, -9999.000
 49380, -9999.000
 49440, -9999.000
 49500, -9999.000
 49560, -9999.000
 49620, -9999.000
 49680, -9999.000
 49740, -9999.000
 49800, -9999.000
 49860, -9999.000
 49920, -9999.000
 49980, -9999.000
 50040, -9999.000
 50100, -9999.000
 50160, -9999.000
 50220, -9999.000
 50280, -9999.000
 50340, -9999.000
 50400, -9999.000
 50460, -9999.000
 50520, -9999.000
 50580, -9999.000
 50640, -9999.000
 50700, -9999.000
 50760, -9999.000
 50820, -9999.000
 50880, -9999.000
 50940, -9999.000
 51000, -9999.000
 51060, -9999.000
 51120, -9999.000
 51180, -9999.000
 51240, -9999.000
 51300, -9999.000
 51360, -9999.000
 51420, -9999.000
 51480, -9999.000
 51540, -9999.000
 51600, -9999.000
 51660, -9999.000
 51720, -9999.000
 51780, -9999.000
 51840, -9999.000
 51900, -9999.000
 51960, -9999.000
 52020, -9999.000
 52080, -9999.000
 52140, -9999.000
 52200, -9999.000
 52260, -9999.000
 52320, -9999.000
 52380, -9999.000
 52440, -9999.000
 52500, -9999.000
 52560, -9999.000
 52620, -9999.000
 52680, -9999.000
 52740, -9999.000
 52800, -9999.000
 52860, -9999.000
 52920, -9999.000
 52980, -9999.000
 53040, -9999.000
 53100, -9999.000
 53160, -9999.000
 53220, -9999.000
 53280, -9999.000
 53340, -9999.000
 53400, -9999.000
 53460, -9999.000
 53520, -9999.000
 53580, -9999.000
 53640, -9999.000
 53700, -9999.000
 53760, -9999.000
 53820, -9999.000
 53880, -9999.000
 53940, -9999.000
 54000, -9999.000
 54060, -9999.000
 54120, -9999.000
 54180, -9999.000
 54240, -9999.000
 54300, -9999.000
 54360, -9999.000
 54420, -9999.000
 54480, -9999.000
 54540, -9999.000
 54600, -9999.000
 54660, -9999.000
 54720, -9999.000
 54780, -9999.000
 54840, -9999.000
 54900, -9999.000
 54960, -9999.000
 55020, -9999.000
 55080, -9999.000
 55140, -9999.000
 55200, -9999.000
 55260, -9999.000
 55320, -9999.000
 55380, -9999.000
 55440, -9999.000
 55500, -9999.000
 55560, -9999.000
 55620, -9999.000
 55680, -9999.000
 55740, -9999.000
 55800, -9999.000
 55860, -9999.000
 55920, -9999.000
 55980, -9999.000
 56040, -9999.000
 56100, -9999.000
 56160, -9999.000
 56220, -9999.000
 56280, -9999.000
 56340, -9999.000
 56400, -9999.000
 56460, -9999.000
 56520, -9999.000
 56580, -9999.000
 56640, -9999.000
 56700, -9999.000
 56760, -9999.000
 56820, -9999.000
 56880, -9999.000
 56940, -9999.000
 57000, -9999.000
 57060, -9999.000
 57120, -9999.000
 57180, -9999.000
 57240, -9999.000
 57300, -9999.000
 57360, -9999.000
 57420, -9999.000
 57480, -9999.000
 57540, -9999.000
 57600, -9999.000
 57660, -9999.000
 57720, -9999.000
 57780, -9999.000
 57840, -9999.000
 57900, -9999.000
 57960, -9999.000
 58020, -9999.000
 58080, -9999.000
 58140, -9999.000
 58200, -9999.000
 58260, -9999.000
 58320, -9999.000
 58380, -9999.000
 58440, -9999.000
 58500, -9999.000
 58560, -9999.000
 58620, -9999.000
 58680, -9999.000
 58740, -9999.000
 58800, -9999.000
 58860, -9999.000
 58920, -9999.000
 58980, -9999.000
 59040, -9999.000
 59100, -9999.000
 59160, -9999.000
 59220, -9999.000
 59280, -9999.000
 59340, -9999.000
 59400, -9999.000
 59460, -9999.000
 59520, -9999.000
