CampaignData_and_Merges/R0/CSL_MobileLab_Parked/raw/20240815/USOS-MetNav_MobileLabGround_20240815_R0.ict
44, 1001
Carrie Womack, Nate Howard, Mike Zucker
NOAA Chemical Sciences Laboratory
Mobile Lab MetNav Station
USOS
1, 1
2024, 08, 15, 2024, 12, 21
60
Time_Start, seconds_past_midnight, Seconds from midnight UTC
11
1, 1, 1, 1, 1, 1, 1, 1, 1, 1, 1
-9999, -9999, -9999, -9999, -9999, -9999, -9999, -9999, -9999, -9999, -9999
GPS_Alt_m, meters, Altitude from Differential GPS
GPS_Course_deg, degrees, Course from Differential GPS
GPS_GndSpd_m_s, m/s, Ground Speed from Differential GPS
GPS_Heading_deg, degrees, Heading from Differential GPS
GPS_Lat_deg, degrees, Latitude from Differential GPS
GPS_Lon_deg, degrees, Longitude from Differential GPS
AirTemp_C, Celsius, Air Temperature from Airmar
RelHumidity_pct, percent, Relative Humidity from Airmar
Pressure_mb, millibars, Pressure from Honeywell
WindDir_calc_deg, degrees, Wind Direction from Airmar corrected for van movement
WindSpd_calc_m_s, m/s, Wind Speed from Airmar corrected for van movement
1
SPECIAL COMMENTS:
18
PI_CONTACT_INFO: Address: 325 Broadway R/CSL7, Boulder, CO, 80305
PLATFORM: CSL Mobile Lab
LOCATION: Salt Lake City, UT
ASSOCIATED_DATA: N/A
INSTRUMENT_INFO: N/A
DATA_INFO: Units:
UNCERTAINTY: N/A
ULOD_FLAG: -7777
ULOD_VALUE: N/A
LLOD_FLAG: -8888
LLOD_VALUE: N/A
DM_CONTACT_INFO: Data Manager: Nate Howard
PROJECT_INFO: 
STIPULATIONS_ON_USE: Use of these data require prior ok from PI.
OTHER_COMMENTS: 
REVISION: R0
R0: Final data. Fixed bug in wind averaging code. RA: Preliminary Data. For in-field use only. 
Time_Start, GPS_Alt_m, GPS_Course_deg, GPS_GndSpd_m_s, GPS_Heading_deg, GPS_Lat_deg, GPS_Lon_deg, AirTemp_C, RelHumidity_pct, Pressure_mb, WindDir_calc_deg, WindSpd_calc_m_s
[from data line 1357]
81420.0,1309.9,1.77,0.05,1.77,40.73434,-111.87210,34.0,14.5,874.4,152.12,1.9
81480.0,1310.0,1.59,0.05,1.59,40.73434,-111.87210,34.1,14.1,874.4,134.64,3.0
81540.0,1310.0,1.56,0.05,1.56,40.73434,-111.87210,33.8,14.5,874.4,126.20,5.3
81600.0,1309.8,1.50,0.05,1.50,40.73433,-111.87210,33.7,13.7,874.4,140.99,4.3
81660.0,1309.6,1.31,0.05,1.31,40.73433,-111.87210,33.8,14.5,874.4,140.02,3.4
81720.0,1309.7,1.55,0.04,1.55,40.73434,-111.87210,33.7,14.2,874.4,147.09,4.7
81780.0,1309.7,1.45,0.04,1.45,40.73434,-111.87210,33.8,13.9,874.4,158.06,3.2
81840.0,1309.7,2.08,0.05,2.08,40.73434,-111.87210,33.8,14.4,874.3,140.62,4.1
81900.0,1309.6,1.98,0.05,1.98,40.73434,-111.87210,33.8,14.2,874.4,141.11,4.3
81960.0,1309.5,2.18,0.05,2.18,40.73433,-111.87210,33.5,13.7,874.3,137.67,6.1
82020.0,1309.3,1.60,0.04,1.60,40.73433,-111.87210,33.4,14.0,874.3,129.78,4.7
82080.0,1309.0,2.13,0.04,2.13,40.73433,-111.87210,33.3,14.1,874.4,141.07,5.3
82140.0,1309.1,2.46,0.05,2.46,40.73433,-111.87210,33.4,14.1,874.4,153.55,3.3
82200.0,1309.1,2.70,0.05,2.70,40.73433,-111.87210,33.4,13.9,874.4,147.55,4.0
82260.0,1309.2,2.43,0.04,2.43,40.73433,-111.87210,33.5,13.8,874.4,157.68,3.6
82320.0,1309.1,2.14,0.04,2.14,40.73433,-111.87210,33.4,14.1,874.4,140.56,5.2
82380.0,1309.0,1.82,0.04,1.82,40.73433,-111.87210,33.4,14.1,874.4,141.98,4.3
82440.0,1308.9,1.62,0.05,1.62,40.73433,-111.87210,33.3,13.6,874.3,145.80,5.1
82500.0,1308.9,1.57,0.05,1.57,40.73433,-111.87210,33.3,14.4,874.3,145.82,3.9
82560.0,1309.0,1.44,0.04,1.44,40.73433,-111.87210,33.4,13.8,874.3,150.55,4.1
82620.0,1309.1,1.42,0.05,1.42,40.73433,-111.87210,33.4,13.8,874.3,165.96,4.2
82680.0,1309.2,1.35,0.05,1.35,40.73433,-111.87210,33.3,14.7,874.3,128.22,5.0
82740.0,1309.1,1.43,0.05,1.43,40.73433,-111.87210,33.0,14.7,874.2,120.40,5.4
82800.0,1309.0,0.82,0.05,0.82,40.73433,-111.87210,33.1,14.3,874.2,141.35,4.4
82860.0,1309.0,0.73,0.04,0.73,40.73433,-111.87210,33.1,15.1,874.2,125.07,4.8
82920.0,1309.0,0.82,0.06,0.82,40.73433,-111.87210,32.9,14.4,874.2,127.48,5.4
82980.0,1308.8,0.64,0.05,0.64,40.73433,-111.87210,33.3,14.0,874.2,179.53,3.3
83040.0,1308.7,0.59,0.06,0.59,40.73433,-111.87210,33.4,14.0,874.2,169.22,3.6
83100.0,1308.7,1.00,0.05,1.00,40.73433,-111.87210,33.4,14.1,874.3,144.94,4.9
83160.0,1308.6,1.28,0.04,1.28,40.73433,-111.87210,33.4,14.2,874.3,154.15,4.8
83220.0,1308.5,1.51,0.05,1.51,40.73433,-111.87210,33.3,13.8,874.2,154.78,4.4
83280.0,1308.8,1.74,0.05,1.74,40.73433,-111.87210,33.4,13.8,874.2,149.54,3.6
83340.0,1308.8,1.33,0.05,1.33,40.73433,-111.87210,33.5,14.0,874.2,159.02,2.8
83400.0,1308.6,0.67,0.04,0.67,40.73433,-111.87210,33.5,13.8,874.2,184.29,3.9
83460.0,1308.5,0.94,0.05,0.94,40.73433,-111.87210,33.5,14.4,874.1,151.96,3.6
83520.0,1308.4,0.77,0.04,0.77,40.73433,-111.87210,33.5,14.7,874.2,131.20,4.4
83580.0,1308.4,0.92,0.05,0.92,40.73433,-111.87210,33.4,14.5,874.2,143.36,4.8
83640.0,1308.4,0.61,0.04,0.61,40.73433,-111.87210,33.4,15.0,874.2,136.89,4.3
83700.0,1308.2,0.60,0.05,0.60,40.73433,-111.87210,33.2,14.4,874.2,131.13,5.6
83760.0,1308.1,0.68,0.05,0.68,40.73433,-111.87210,33.3,13.9,874.2,162.25,3.8
83820.0,1308.2,0.89,0.04,0.89,40.73433,-111.87210,33.4,13.8,874.2,172.56,4.4
83880.0,1308.1,1.25,0.05,1.25,40.73433,-111.87210,33.4,13.6,874.2,161.90,4.1
83940.0,1308.2,1.38,0.05,1.38,40.73434,-111.87210,33.4,13.9,874.2,151.65,3.8
84000.0,1308.4,0.95,0.05,0.95,40.73434,-111.87210,33.5,13.6,874.2,183.30,4.1
84060.0,1308.7,0.90,0.04,0.90,40.73434,-111.87210,33.4,14.0,874.2,151.07,5.0
84120.0,1308.6,0.83,0.05,0.83,40.73434,-111.87210,33.3,13.7,874.2,150.96,4.7
84180.0,1308.7,1.24,0.05,1.24,40.73434,-111.87210,33.4,13.8,874.1,154.55,3.8
84240.0,1308.8,1.25,0.05,1.25,40.73434,-111.87210,33.4,14.5,874.1,132.55,3.4
84300.0,1308.7,1.25,0.04,1.25,40.73434,-111.87210,33.4,14.9,874.1,146.21,3.5
84360.0,1308.7,1.46,0.05,1.46,40.73434,-111.87210,33.3,13.7,874.1,146.98,3.8
84420.0,1309.1,1.76,0.04,1.76,40.73434,-111.87210,33.3,14.2,874.1,132.46,5.0
84480.0,1309.2,1.87,0.05,1.87,40.73434,-111.87210,33.0,13.9,874.2,132.64,6.3
84540.0,1309.3,1.82,0.05,1.82,40.73434,-111.87210,33.0,14.1,874.2,138.44,4.5
84600.0,1309.3,1.78,0.05,1.78,40.73434,-111.87210,32.9,14.3,874.2,136.81,4.6
84660.0,1309.4,1.65,0.05,1.65,40.73434,-111.87210,33.0,13.7,874.2,167.72,4.6
84720.0,1309.5,1.43,0.05,1.43,40.73434,-111.87210,32.9,13.7,874.1,143.37,4.4
84780.0,1309.6,1.47,0.04,1.47,40.73434,-111.87210,32.9,14.1,874.1,137.78,4.8
84840.0,1309.5,1.54,0.05,1.54,40.73434,-111.87210,33.0,13.9,874.1,150.36,4.2
84900.0,1309.5,1.25,0.05,1.25,40.73434,-111.87210,33.0,13.6,874.1,155.62,4.5
84960.0,1309.6,1.20,0.04,1.20,40.73434,-111.87210,33.0,14.3,874.1,144.12,3.9
85020.0,1309.6,1.16,0.05,1.16,40.73434,-111.87210,32.9,14.1,874.2,138.00,5.2
85080.0,1309.5,0.75,0.05,0.75,40.73434,-111.87210,32.9,13.8,874.2,162.18,4.4
85140.0,1309.5,0.76,0.05,0.76,40.73434,-111.87210,32.9,14.3,874.1,135.70,4.9
85200.0,1309.3,0.76,0.05,0.76,40.73434,-111.87210,32.7,14.5,874.1,132.95,5.7
85260.0,1309.2,1.03,0.05,1.03,40.73434,-111.87210,32.7,14.7,874.1,126.26,4.8
85320.0,1309.2,0.90,0.05,0.90,40.73434,-111.87210,32.7,14.4,874.1,141.71,3.6
85380.0,1309.2,1.14,0.04,1.14,40.73434,-111.87210,32.9,14.2,874.1,153.97,3.5
85440.0,1309.0,0.64,0.05,0.64,40.73434,-111.87210,32.7,13.9,874.1,134.46,5.1
85500.0,1309.0,0.39,0.05,0.39,40.73434,-111.87210,32.9,13.7,874.1,153.42,3.9
85560.0,1309.0,0.25,0.04,0.25,40.73434,-111.87210,32.9,14.0,874.1,163.30,3.8
85620.0,1308.9,0.48,0.04,0.48,40.73434,-111.87211,32.9,13.4,874.1,168.63,4.2
85680.0,1308.9,0.36,0.04,0.36,40.73434,-111.87211,33.0,13.6,874.1,148.43,3.8
85740.0,1308.9,0.50,0.05,0.50,40.73434,-111.87211,32.9,13.9,874.1,137.81,4.7
85800.0,1308.8,0.41,0.05,0.41,40.73434,-111.87211,32.8,13.7,874.1,146.25,4.4
85860.0,1308.8,0.54,0.04,0.54,40.73434,-111.87211,32.8,13.8,874.0,133.26,4.7
85920.0,1308.7,0.67,0.05,0.67,40.73434,-111.87211,32.7,14.5,874.0,134.16,4.1
85980.0,1308.6,0.17,0.05,0.17,40.73434,-111.87211,32.9,13.8,874.1,158.00,4.0
86040.0,1308.4,0.14,0.05,0.14,40.73434,-111.87211,33.0,14.2,874.0,156.71,3.7
86100.0,1308.4,0.10,0.05,0.10,40.73434,-111.87211,32.8,14.1,874.1,134.18,5.5
86160.0,1308.5,359.93,0.05,359.93,40.73434,-111.87211,32.8,13.9,874.1,144.67,4.6
86220.0,1308.4,359.63,0.05,359.63,40.73434,-111.87211,32.8,14.0,874.1,140.78,3.8
86280.0,1308.3,0.19,0.05,0.19,40.73434,-111.87211,32.9,14.4,874.0,150.94,2.7
86340.0,1308.3,0.18,0.05,0.18,40.73434,-111.87211,33.0,14.6,874.0,148.10,3.5
