CampaignData_and_Merges/R0/CSL_MobileLab_Parked/raw/20240815/USOS-NOAAIodideCIMS-PANs_MobileLabGround_20240815_RA.ict
35, 1001
Michael A Robinson, Chris Jernigan, Subi Thakali
NOAA ESRL Chemical Sciences Laboratory and CIRES, U. of Colorado
NOAA Iodide CIMS Instrument
USOS
1, 1
2024, 08, 15, 2024, 08, 18
1
starttime_UTC, seconds_past_midnight, seconds_of_day_since_00:00:00_UTC
3
1, 1, 1
-9999, -9999, -9999
PAN_NOAACIMS, pptv, Gas_PAN_InSitu_S_AVMR, 
APAN_NOAACIMS, pptv, Gas_APAN_InSitu_S_AVMR, 
PPN_NOAACIMS, pptv, Gas_PPN_InSitu_S_AVMR, 
0
18
PI_CONTACT_INFO: 325 Broadway, R/CSD 7, Boulder, Colorado 80305; michael.a.robinson@noaa.gov; chris.jernigan@noaa.gov;
PLATFORM: NOAA CSL Mobile Lab
LOCATION: SLC, Utah
ASSOCIATED_DATA: 1Hz data also available on request.
INSTRUMENT_INFO: NOAA I- ToF CIMS
DATA_INFO: All data in parts per trillion by volume (pptv). 1 Hz data is available upon request.
UNCERTAINTY: TBD
ULOD_FLAG: -7777
ULOD_VALUE: N/A
LLOD_FLAG: -8888
LLOD_VALUE: N/A
DM_CONTACT_INFO: Nathan Howard; nathan.h.howard@noaa.gov
PROJECT_INFO: USOS, summer 2024. https://csl.noaa.gov/groups/csl7/measurements/2024usos/
STIPULATIONS_ON_USE: Users are strongly encouraged to contact the PI for proper data usage.
OTHER_COMMENTS: 
REVISION: RA
RA: Preliminary Data; For in-field use only
starttime_UTC, PAN_NOAACIMS, APAN_NOAACIMS, PPN_NOAACIMS
[from data line 1257]
 75420, 272.435,  2.604, 26.990
 75480, 270.402,  1.949, 26.592
 75540, 266.816,  2.498, 27.301
 75600, 267.850,  1.715, 27.777
 75660, 264.006,  2.437, 27.070
 75720, 261.121,  2.951, 25.832
 75780, 260.850,  2.024, 29.578
 75840, 279.198,  0.712, 24.312
 75900, 260.856,  2.772, 24.533
 75960, 253.603,  2.329, 24.190
 76020, 256.478,  2.231, 24.624
 76080, 262.992,  1.942, 25.631
 76140, 260.285,  2.572, 23.890
 76200, 262.556,  2.305, 26.692
 76260, 259.115,  3.276, 25.076
 76320, 256.931,  2.607, 24.560
 76380, 221.072,  2.258, 19.006
 76440, 218.564,  2.067, 21.428
 76500, 223.122,  2.027, 21.094
 76560, 222.178,  5.231, 24.027
 76620, 222.968,  2.231, 21.243
 76680, 233.367,  3.148, 23.622
 76740, 254.869,  2.387, 24.378
 76800, 249.001,  3.227, 23.840
 76860, 234.134,  3.149, 23.746
 76920, 219.017,  2.467, 20.773
 76980, 206.661,  2.136, 19.522
 77040, 202.161,  2.557, 19.253
 77100, 199.750,  1.601, 18.128
 77160, 204.055,  3.241, 18.120
 77220, 206.156,  2.459, 19.614
 77280, 214.907,  2.183, 20.314
 77340, 217.570,  1.883, 19.308
 77400, 213.518,  2.482, 18.763
 77460, 207.969,  3.092, 21.250
 77520, 202.231,  2.717, 17.591
 77580, 176.463,  2.015, 16.034
 77640, 181.650,  4.002, 17.851
 77700, 165.777,  2.644, 14.279
 77760, 162.672,  2.228, 14.862
 77820, 164.916,  1.673, 14.016
 77880, 162.584,  2.174, 14.525
 77940, 160.537,  2.483, 12.631
 78000, 157.413,  2.926, 13.972
 78060, 163.024,  2.249, 14.428
 78120, 160.803,  1.831, 15.486
 78180, 167.105,  1.879, 15.302
 78240, 154.177,  2.148, 12.685
 78300, 158.185,  1.312, 14.131
 78360, 150.921,  2.430, 13.830
 78420, 158.860,  1.869, 13.895
 78480, 153.022,  2.044, 12.209
 78540, 154.161,  1.996, 14.592
 78600, 146.346,  2.369, 13.441
 78660, 142.024,  1.915, 11.711
 78720, 141.061,  2.116, 11.042
 78780, 142.253,  1.471, 12.685
 78840, 139.325,  1.912, 12.062
 78900, 141.507,  2.205, 12.878
 78960, 137.660,  2.793, 11.940
 79020, 140.361,  1.848, 13.961
 79080, 135.502,  1.769, 13.047
 79140, 138.069,  2.820, 12.694
 79200, 139.142,  2.474,  9.900
 79260, 133.860,  2.640, 11.136
 79320, 128.089,  2.282, 11.483
 79380, 129.867,  1.666, 10.693
 79440, 126.684,  2.193, 11.015
 79500, -9999.000, -9999.000, -9999.000
 79560, 138.099,  1.850, 14.040
 79620, 130.145,  2.071, 11.272
 79680, 126.599,  1.616, 11.571
 79740, 126.678,  1.968, 10.684
 79800, 125.493,  2.068, 10.460
 79860, 123.379,  2.491,  8.962
 79920, 126.066,  2.251, 11.397
 79980, 127.748,  2.391, 11.261
 80040, 127.940,  2.961, 13.528
 80100, 129.893,  3.014, 10.800
 80160, 129.352,  2.503, 10.695
 80220, 127.920,  2.278, 12.261
 80280, 129.053,  1.734, 12.102
 80340, 127.457,  1.937,  9.980
 80400, 124.545,  2.536, 11.196
 80460, 128.977,  1.590,  9.224
 80520, 131.945,  1.795, 12.860
 80580, 131.408,  1.812, 10.843
 80640, 133.217,  1.583, 10.139
 80700, 139.261,  2.229, 11.905
 80760, 136.765,  2.089, 11.139
 80820, 132.805,  1.600, 11.414
 80880, 139.896,  2.238, 11.005
 80940, 130.782,  2.041, 10.159
 81000, 128.037,  1.680, 11.816
 81060, 125.845,  2.198, 10.111
 81120, 123.662,  1.685,  9.083
 81180, 128.737,  1.673,  9.880
 81240, 134.391,  2.343, 10.867
 81300, 130.968,  1.903, 11.001
 81360, -9999.000, -9999.000, -9999.000
 81420, 136.172,  2.570, 12.553
 81480, 129.846,  2.257, 11.778
 81540, 129.030,  1.667, 11.260
 81600, 137.308,  2.170, 12.250
 81660, 130.273,  1.555, 11.185
 81720, 129.487,  2.604, 11.258
 81780, 135.967,  2.086, 11.313
 81840, 134.374,  2.422, 11.808
 81900, 132.595,  1.751, 11.281
 81960, 130.026,  2.457,  9.379
 82020, 130.881,  1.998, 11.330
 82080, 140.141,  2.629, 13.214
 82140, 140.218,  2.018, 12.415
 82200, 140.491,  2.364, 11.038
 82260, 140.057,  2.089, 13.661
 82320, 140.528,  2.945, 13.877
 82380, 153.143,  2.981, 13.747
 82440, 157.082,  2.489, 14.873
 82500, 144.412,  2.627, 14.820
 82560, 145.717,  2.400, 11.861
 82620, 147.093,  1.241, 13.198
 82680, 144.042,  2.692, 12.403
 82740, 143.886,  2.527, 11.926
 82800, 143.504,  2.453, 13.939
 82860, 146.720,  2.955, 12.951
 82920, 149.664,  3.086, 14.089
 82980, 155.231,  1.970, 14.158
 83040, 154.919,  3.352, 13.268
 83100, 146.976,  2.815, 14.505
 83160, 147.505,  1.712, 11.609
 83220, -9999.000, -9999.000, -9999.000
 83280, 130.754,  3.037, 11.974
 83340, 133.286,  3.048, 11.541
 83400, 142.271,  1.775, 15.374
 83460, 146.547,  2.418, 14.798
 83520, 148.433,  4.400, 18.515
 83580, 169.125,  3.086, 21.027
 83640, 174.124,  3.660, 19.566
 83700, 156.723,  3.482, 15.873
 83760, 160.482,  3.181, 16.246
 83820, 165.467,  3.004, 19.034
 83880, 157.719,  3.231, 15.304
 83940, 164.795,  2.962, 16.041
 84000, 165.007,  2.289, 15.501
 84060, 162.468,  2.812, 17.101
 84120, 159.815,  3.609, 15.083
 84180, 160.545,  3.445, 19.514
 84240, 153.849,  3.293, 16.069
 84300, 152.559,  2.724, 16.402
 84360, 155.746,  3.125, 15.192
 84420, 156.055,  2.687, 16.742
 84480, 156.365,  2.443, 17.934
 84540, 164.022,  3.045, 19.592
 84600, 150.124,  2.698, 15.887
 84660, 146.812,  2.442, 14.792
 84720, 140.817,  2.238, 14.677
 84780, 139.300,  2.769, 14.137
 84840, 138.434,  3.472, 15.706
 84900, 140.574,  2.260, 15.605
 84960, 142.015,  3.089, 12.972
 85020, 139.688,  2.066, 14.402
 85080, 134.739,  2.879,  9.827
 85140, 130.943,  2.737, 13.243
 85200, 133.824,  2.225, 12.464
 85260, 126.387,  2.154, 10.284
 85320, 130.480,  1.908, 11.484
 85380, 131.296,  1.979, 11.892
 85440, 120.980,  2.038, 10.618
 85500, 123.762,  2.245, 10.261
 85560, 126.249,  2.431, 11.603
 85620, 129.770,  2.378, 12.136
 85680, 125.603,  2.768, 10.975
 85740, 126.221,  2.391, 11.242
 85800, 122.728,  2.362,  9.875
 85860, 119.947,  1.843, 12.758
 85920, 121.818,  2.219, 11.642
 85980, 128.502,  2.389, 12.016
 86040, 126.850,  1.881, 12.408
 86100, 129.156,  2.245, 11.215
 86160, 127.963,  1.927, 10.966
 86220, 128.363,  1.751, 11.924
 86280, 126.944,  2.597, 12.712
 86340, 133.055,  2.426, 12.110
