CampaignData_and_Merges/R0/CSL_MobileLab_Parked/raw/20240815/USOS-jNO2_MobileLabGround_20240815_R0.ict
52,1001
Waxman, E.; Rollins, A.; Zuraski, K.; Chace, W.
NOAA Chemical Sciences Laboratory
jNO2 filter radiometer on CSL Mobile Lab
AMMBEC / USOS
1, 1
2024,08,15, 2025,04,01
60
Time_Start, seconds, number_of_seconds_since_0000_UTC
20
1, 1, 1, 1, 1, 1, 1, 1, 1, 1, 1, 1, 1, 1, 1, 1, 1, 1, 1, 1
-9999, -9999, -9999, -9999, -9999, -9999, -9999, -9999, -9999, -9999, -9999, -9999, -9999, -9999, -9999, -9999, -9999, -9999, -9999, -9999
Time_Stop, seconds, number_of_seconds_since_0000_UTC
jNO2_meas, per second, photolysis rate of NO2 measured using a filter radiometer.
jBrCl, per second, photolysis rate of BrCl -> Br + Cl calculated in TUV for cloud-free sky with local AOD
jBr2, per second, photolysis rate of Br2 -> Br + Br calculated in TUV for cloud-free sky with local AOD
jCCl4, per second, photolysis rate of CCl4 -> Products calcualted in TUV for cloud-free sky with local AOD
jCH2Oa, per second, photolysis rate of CH2O -> H + HCO calculated in TUV for cloud-free sky with local AOD
jCH2Ob, per second, photolysis rate of CH2O -> H2 + CO calculated in TUV for cloud-free sky with local AOD
jClNO2, per second, photolysis rate of ClNO2 -> Cl + NO2 calculated in TUV for cloud-free sky with local AOD
jClOa, per second, photolysis rate of ClO -> Cl + O(1D) calculated in TUV for cloud-free sky with local AOD
jClOb, per second, photolysis rate of ClO -> Cl + O(3P) calculated in TUV for cloud-free sky with local AOD
jCl2, per second, photolysis rate of Cl2 -> Cl + Cl calculated in TUV for cloud-free sky with local AOD
jHNO2, per second, photolysis rate of HNO2 -> OH + NO calculated in TUV for cloud-free sky with local AOD
jHNO3, per second, photolysis rate of HNO3 -> OH + NO2 calculated in TUV for cloud-free sky with local AOD
jI2, per second, photolysis rate of I2 -> I + I calculated in TUV for cloud-free sky with local AOD
jNO2, per second, photolysis rate of NO2 -> NO + O(3P) calculated in TUV for cloud-free sky with local AOD
jNO3a, per second, photolysis rate of NO3 -> NO + O2 calculated in TUV for cloud-free sky with local AOD
jNO3b, per second, photolysis rate of NO3 -> NO2 + O(3P) calculated in TUV for cloud-free sky with local AOD
jN2O5, per second, photolysis rate of N2O5 -> NO3 + NO + O(3P) calculated in TUV for cloud-free sky with local AOD
jO3, per second, photolysis rate of O3 -> O2 + O(1D) calculated in TUV for cloud-free sky with local AOD
AOD_500nm, unitless, UTC daily mean AOD at 500 nm from an AERONET station located at 40.178 N, -112.452 E
0
18
PI_CONTACT_INFO: eleanor.waxman@noaa.gov
PLATFORM: CSL Mobile Lab, at ground site
LOCATION: Salt Lake City, UT
ASSOCIATED_DATA:
INSTRUMENT_INFO: jNO2 filter radiometer.  TUV calculations are for mobile van lat/lon/altitude assuming clear sky (cloud AOD = 0) and daily mean AOD.
DATA_INFO:
UNCERTAINTY: Data uncertainties are +/- 20%.  These come from uncertainties in radiometer angular response, radiometer thermal response, local interferences from clouds/aerosols/shadows etc.
ULOD_FLAG: -7777
ULOD_VALUE: N/A
LLOD_FLAG: -8888
LLOD_VALUE: N/A
DM_CONTACT_INFO: eleanor.waxman@noaa.gov
PROJECT_INFO: USOS Project, July - August 2024
STIPULATIONS_ON_USE: Users are strongly encouraged to contact the PI for proper data usage.
OTHER_COMMENTS: 
REVISION: R0
R0: final data
Time_Start, Time_Stop, jNO2_meas, jBrCl, jBr2, jCCl4, jCH2Oa, jCH2Ob, jClNO2, jClOa, jClOb, jCl2, jHNO2, jHNO3, jI2, jNO2, jNO3a, jNO3b, jN2O5, jO3, AOD_500nm
[from data line 1345]
   80700,   80760,0.0075224,0.009325,0.0285,1.213e-24,2.41e-05,3.859e-05,0.0003804,4.411e-25,2.767e-05,0.001924,0.001276,3.922e-07,0.102,0.007883,0.01971,0.1578,3.314e-05,1.776e-05,0.04
   80760,   80820,0.0075061,0.009313,0.02847,1.177e-24,2.401e-05,3.848e-05,0.0003793,4.271e-25,2.748e-05,0.001919,0.001273,3.902e-07,0.1019,0.007869,0.0197,0.1577,3.304e-05,1.763e-05,0.04
   80820,   80880,0.0074669,0.0093,0.02844,1.14e-24,2.391e-05,3.837e-05,0.0003782,4.129e-25,2.727e-05,0.001915,0.001271,3.881e-07,0.1018,0.007855,0.01969,0.1576,3.293e-05,1.749e-05,0.04
   80880,   80940,0.0074508,0.009287,0.02841,1.104e-24,2.381e-05,3.825e-05,0.0003771,3.992e-25,2.706e-05,0.00191,0.001268,3.859e-07,0.1017,0.00784,0.01968,0.1575,3.282e-05,1.735e-05,0.04
   80940,   81000,0.0074414,0.009275,0.02839,1.072e-24,2.371e-05,3.814e-05,0.000376,3.87e-25,2.686e-05,0.001906,0.001266,3.838e-07,0.1017,0.007826,0.01966,0.1574,3.271e-05,1.721e-05,0.04
   81000,   81060,0.0074364,0.009262,0.02836,1.039e-24,2.361e-05,3.802e-05,0.0003749,3.745e-25,2.665e-05,0.001901,0.001263,3.817e-07,0.1016,0.00781,0.01965,0.1573,3.26e-05,1.707e-05,0.04
   81060,   81120,0.0074558,0.009248,0.02833,1.008e-24,2.351e-05,3.79e-05,0.0003737,3.625e-25,2.644e-05,0.001896,0.00126,3.795e-07,0.1015,0.007795,0.01964,0.1572,3.248e-05,1.693e-05,0.04
   81120,   81180,0.0074451,0.009235,0.0283,9.793e-25,2.341e-05,3.779e-05,0.0003726,3.517e-25,2.624e-05,0.001892,0.001257,3.774e-07,0.1015,0.007781,0.01963,0.1571,3.238e-05,1.68e-05,0.04
   81180,   81240,0.0074146,0.009222,0.02827,9.5e-25,2.331e-05,3.767e-05,0.0003715,3.406e-25,2.603e-05,0.001887,0.001255,3.752e-07,0.1014,0.007765,0.01962,0.157,3.226e-05,1.666e-05,0.04
   81240,   81300,0.0073973,0.009208,0.02824,9.219e-25,2.321e-05,3.754e-05,0.0003703,3.3e-25,2.582e-05,0.001882,0.001252,3.73e-07,0.1013,0.007749,0.01961,0.1569,3.215e-05,1.652e-05,0.04
   81300,   81360,0.0073729,0.009195,0.02821,8.965e-25,2.311e-05,3.743e-05,0.0003692,3.205e-25,2.562e-05,0.001878,0.001249,3.709e-07,0.1012,0.007734,0.0196,0.1568,3.204e-05,1.639e-05,0.04
   81360,   81420,0.0073547,0.009181,0.02818,8.704e-25,2.301e-05,3.731e-05,0.000368,3.107e-25,2.541e-05,0.001873,0.001246,3.687e-07,0.1011,0.007719,0.01958,0.1567,3.192e-05,1.625e-05,0.04
   81420,   81480,0.0073377,0.009167,0.02814,8.454e-25,2.29e-05,3.718e-05,0.0003668,3.014e-25,2.52e-05,0.001868,0.001243,3.664e-07,0.1011,0.007702,0.01957,0.1565,3.18e-05,1.61e-05,0.04
   81480,   81540,0.0073157,0.009153,0.02811,8.226e-25,2.28e-05,3.706e-05,0.0003657,2.929e-25,2.5e-05,0.001863,0.001241,3.643e-07,0.101,0.007687,0.01956,0.1564,3.169e-05,1.597e-05,0.04
   81540,   81600,0.0073095,0.009139,0.02808,7.992e-25,2.27e-05,3.694e-05,0.0003645,2.842e-25,2.479e-05,0.001858,0.001238,3.621e-07,0.1009,0.007671,0.01955,0.1563,3.157e-05,1.583e-05,0.04
   81600,   81660,0.0073128,0.009124,0.02805,7.768e-25,2.259e-05,3.681e-05,0.0003632,2.759e-25,2.458e-05,0.001853,0.001235,3.598e-07,0.1008,0.007654,0.01953,0.1562,3.145e-05,1.569e-05,0.04
   81660,   81720,0.0073197,0.00911,0.02802,7.564e-25,2.249e-05,3.669e-05,0.0003621,2.684e-25,2.438e-05,0.001849,0.001232,3.577e-07,0.1007,0.007638,0.01952,0.1561,3.134e-05,1.556e-05,0.04
   81720,   81780,0.0073118,0.009095,0.02798,7.355e-25,2.238e-05,3.656e-05,0.0003609,2.607e-25,2.417e-05,0.001844,0.001229,3.555e-07,0.1006,0.007621,0.01951,0.1559,3.122e-05,1.542e-05,0.04
   81780,   81840,0.007304,0.00908,0.02795,7.154e-25,2.227e-05,3.643e-05,0.0003596,2.533e-25,2.395e-05,0.001838,0.001226,3.532e-07,0.1006,0.007604,0.0195,0.1558,3.109e-05,1.527e-05,0.04
   81840,   81900,0.0072733,0.009066,0.02792,6.971e-25,2.217e-05,3.631e-05,0.0003584,2.466e-25,2.376e-05,0.001833,0.001223,3.51e-07,0.1005,0.007588,0.01948,0.1557,3.098e-05,1.514e-05,0.04
   81900,   81960,0.007223,0.00905,0.02788,6.782e-25,2.206e-05,3.617e-05,0.0003572,2.397e-25,2.354e-05,0.001828,0.00122,3.488e-07,0.1004,0.007571,0.01947,0.1556,3.085e-05,1.5e-05,0.04
   81960,   82020,0.0072103,0.009035,0.02785,6.604e-25,2.195e-05,3.604e-05,0.0003559,2.331e-25,2.333e-05,0.001823,0.001217,3.465e-07,0.1003,0.007553,0.01946,0.1554,3.073e-05,1.486e-05,0.04
   82020,   82080,0.0072109,0.00902,0.02781,6.439e-25,2.185e-05,3.591e-05,0.0003547,2.271e-25,2.313e-05,0.001818,0.001214,3.443e-07,0.1002,0.007537,0.01944,0.1553,3.061e-05,1.473e-05,0.04
   82080,   82140,0.0071811,0.009004,0.02778,6.27e-25,2.174e-05,3.578e-05,0.0003534,2.21e-25,2.292e-05,0.001813,0.001211,3.42e-07,0.1001,0.007519,0.01943,0.1552,3.049e-05,1.459e-05,0.04
   82140,   82200,0.0071748,0.008988,0.02774,6.107e-25,2.163e-05,3.564e-05,0.0003521,2.151e-25,2.271e-05,0.001807,0.001207,3.397e-07,0.1,0.007501,0.01941,0.1551,3.036e-05,1.445e-05,0.04
   82200,   82260,0.0071594,0.008973,0.02771,5.958e-25,2.152e-05,3.552e-05,0.0003509,2.097e-25,2.251e-05,0.001802,0.001204,3.375e-07,0.09993,0.007484,0.0194,0.1549,3.024e-05,1.431e-05,0.04
   82260,   82320,0.0071137,0.008957,0.02767,5.805e-25,2.141e-05,3.538e-05,0.0003495,2.042e-25,2.229e-05,0.001796,0.001201,3.352e-07,0.09983,0.007466,0.01939,0.1548,3.011e-05,1.417e-05,0.04
   82320,   82380,0.0070849,0.00894,0.02763,5.658e-25,2.13e-05,3.524e-05,0.0003482,1.989e-25,2.208e-05,0.001791,0.001198,3.329e-07,0.09974,0.007447,0.01937,0.1547,2.998e-05,1.403e-05,0.04
   82380,   82440,0.0070986,0.008924,0.0276,5.524e-25,2.119e-05,3.511e-05,0.000347,1.941e-25,2.188e-05,0.001786,0.001195,3.307e-07,0.09964,0.00743,0.01936,0.1545,2.986e-05,1.39e-05,0.04
   82440,   82500,0.0070716,0.008908,0.02756,5.386e-25,2.107e-05,3.497e-05,0.0003456,1.892e-25,2.167e-05,0.00178,0.001191,3.284e-07,0.09955,0.007411,0.01934,0.1544,2.973e-05,1.376e-05,0.04
   82500,   82560,0.0070306,0.008891,0.02752,5.253e-25,2.096e-05,3.483e-05,0.0003443,1.844e-25,2.146e-05,0.001774,0.001188,3.26e-07,0.09945,0.007392,0.01933,0.1542,2.96e-05,1.362e-05,0.04
   82560,   82620,0.0069959,0.008875,0.02748,5.131e-25,2.085e-05,3.469e-05,0.000343,1.801e-25,2.126e-05,0.001769,0.001185,3.238e-07,0.09935,0.007374,0.01931,0.1541,2.948e-05,1.349e-05,0.04
   82620,   82680,0.0069798,0.008857,0.02744,5.006e-25,2.073e-05,3.455e-05,0.0003416,1.756e-25,2.105e-05,0.001763,0.001181,3.215e-07,0.09925,0.007355,0.0193,0.154,2.934e-05,1.335e-05,0.04
   82680,   82740,0.0069354,0.00884,0.0274,4.885e-25,2.062e-05,3.441e-05,0.0003403,1.713e-25,2.084e-05,0.001757,0.001178,3.191e-07,0.09914,0.007335,0.01928,0.1538,2.921e-05,1.321e-05,0.04
   82740,   82800,0.0069046,0.008823,0.02737,4.775e-25,2.051e-05,3.427e-05,0.000339,1.674e-25,2.064e-05,0.001752,0.001175,3.169e-07,0.09904,0.007317,0.01927,0.1537,2.909e-05,1.308e-05,0.04
   82800,   82860,0.0068928,0.008805,0.02733,4.661e-25,2.039e-05,3.412e-05,0.0003376,1.634e-25,2.043e-05,0.001746,0.001171,3.145e-07,0.09894,0.007297,0.01925,0.1535,2.895e-05,1.294e-05,0.04
   82860,   82920,0.0068631,0.008787,0.02728,4.551e-25,2.027e-05,3.398e-05,0.0003362,1.595e-25,2.022e-05,0.00174,0.001167,3.122e-07,0.09883,0.007277,0.01923,0.1534,2.882e-05,1.28e-05,0.04
   82920,   82980,0.0068566,0.00877,0.02725,4.451e-25,2.016e-05,3.384e-05,0.0003348,1.56e-25,2.002e-05,0.001735,0.001164,3.099e-07,0.09873,0.007258,0.01922,0.1532,2.869e-05,1.267e-05,0.04
   82980,   83040,0.0068512,0.008752,0.0272,4.348e-25,2.004e-05,3.369e-05,0.0003334,1.523e-25,1.981e-05,0.001729,0.001161,3.076e-07,0.09862,0.007238,0.0192,0.1531,2.855e-05,1.253e-05,0.04
   83040,   83100,0.0068129,0.008733,0.02716,4.248e-25,1.992e-05,3.354e-05,0.000332,1.488e-25,1.96e-05,0.001722,0.001157,3.052e-07,0.09851,0.007217,0.01918,0.1529,2.842e-05,1.239e-05,0.04
   83100,   83160,0.0068359,0.008716,0.02712,4.157e-25,1.981e-05,3.34e-05,0.0003306,1.456e-25,1.941e-05,0.001717,0.001153,3.029e-07,0.0984,0.007198,0.01917,0.1528,2.829e-05,1.226e-05,0.04
   83160,   83220,0.0068508,0.008697,0.02708,4.063e-25,1.969e-05,3.324e-05,0.0003292,1.423e-25,1.92e-05,0.001711,0.00115,3.006e-07,0.09829,0.007177,0.01915,0.1526,2.815e-05,1.213e-05,0.04
   83220,   83280,0.006863,0.008678,0.02703,3.971e-25,1.957e-05,3.309e-05,0.0003277,1.391e-25,1.899e-05,0.001704,0.001146,2.982e-07,0.09817,0.007156,0.01913,0.1524,2.801e-05,1.199e-05,0.04
   83280,   83340,0.0068471,0.00866,0.02699,3.888e-25,1.945e-05,3.295e-05,0.0003263,1.362e-25,1.879e-05,0.001698,0.001142,2.959e-07,0.09806,0.007136,0.01912,0.1523,2.787e-05,1.186e-05,0.04
   83340,   83400,0.0068289,0.00864,0.02695,3.802e-25,1.933e-05,3.279e-05,0.0003249,1.332e-25,1.858e-05,0.001692,0.001139,2.935e-07,0.09794,0.007115,0.0191,0.1521,2.773e-05,1.172e-05,0.04
   83400,   83460,0.006802,0.008621,0.0269,3.719e-25,1.921e-05,3.264e-05,0.0003234,1.303e-25,1.838e-05,0.001686,0.001135,2.911e-07,0.09782,0.007093,0.01908,0.1519,2.759e-05,1.159e-05,0.04
   83460,   83520,0.0067619,0.008602,0.02686,3.643e-25,1.909e-05,3.249e-05,0.000322,1.276e-25,1.818e-05,0.00168,0.001131,2.889e-07,0.09771,0.007073,0.01906,0.1518,2.746e-05,1.146e-05,0.04
   83520,   83580,0.0066999,0.008582,0.02681,3.565e-25,1.897e-05,3.233e-05,0.0003205,1.249e-25,1.798e-05,0.001673,0.001127,2.865e-07,0.09759,0.007051,0.01904,0.1516,2.732e-05,1.132e-05,0.04
   83580,   83640,0.0066415,0.008562,0.02676,3.488e-25,1.885e-05,3.217e-05,0.000319,1.222e-25,1.777e-05,0.001667,0.001123,2.84e-07,0.09746,0.007028,0.01902,0.1514,2.717e-05,1.119e-05,0.04
   83640,   83700,0.0066185,0.008543,0.02672,3.418e-25,1.873e-05,3.202e-05,0.0003175,1.198e-25,1.757e-05,0.001661,0.00112,2.818e-07,0.09735,0.007007,0.01901,0.1513,2.704e-05,1.106e-05,0.04
   83700,   83760,0.0065627,0.008522,0.02667,3.346e-25,1.86e-05,3.186e-05,0.000316,1.173e-25,1.737e-05,0.001654,0.001116,2.794e-07,0.09722,0.006985,0.01899,0.1511,2.689e-05,1.093e-05,0.04
   83760,   83820,0.0065586,0.008501,0.02662,3.276e-25,1.848e-05,3.17e-05,0.0003145,1.149e-25,1.716e-05,0.001647,0.001112,2.77e-07,0.09709,0.006962,0.01897,0.1509,2.674e-05,1.079e-05,0.04
   83820,   83880,0.006575,0.008481,0.02658,3.212e-25,1.836e-05,3.155e-05,0.000313,1.127e-25,1.697e-05,0.001641,0.001108,2.747e-07,0.09697,0.006941,0.01895,0.1507,2.661e-05,1.067e-05,0.04
   83880,   83940,0.0065459,0.00846,0.02653,3.146e-25,1.823e-05,3.138e-05,0.0003114,1.104e-25,1.677e-05,0.001634,0.001104,2.723e-07,0.09684,0.006917,0.01893,0.1505,2.646e-05,1.053e-05,0.04
   83940,   84000,0.0065673,0.008439,0.02648,3.082e-25,1.811e-05,3.122e-05,0.0003099,1.082e-25,1.656e-05,0.001628,0.0011,2.698e-07,0.09671,0.006894,0.01891,0.1503,2.631e-05,1.04e-05,0.04
   84000,   84060,0.0065457,0.008418,0.02643,3.024e-25,1.799e-05,3.106e-05,0.0003084,1.061e-25,1.637e-05,0.001621,0.001096,2.676e-07,0.09658,0.006872,0.01889,0.1502,2.617e-05,1.028e-05,0.04
   84060,   84120,0.0064955,0.008397,0.02638,2.963e-25,1.786e-05,3.09e-05,0.0003068,1.04e-25,1.617e-05,0.001614,0.001091,2.651e-07,0.09645,0.006848,0.01887,0.15,2.602e-05,1.015e-05,0.04
   84120,   84180,0.0064781,0.008375,0.02633,2.904e-25,1.773e-05,3.073e-05,0.0003052,1.02e-25,1.597e-05,0.001607,0.001087,2.627e-07,0.09631,0.006824,0.01885,0.1498,2.587e-05,1.001e-05,0.04
   84180,   84240,0.0064286,0.008354,0.02628,2.85e-25,1.761e-05,3.057e-05,0.0003037,1.001e-25,1.578e-05,0.001601,0.001083,2.604e-07,0.09618,0.006801,0.01883,0.1496,2.573e-05,9.892e-06,0.04
   84240,   84300,0.0063972,0.008331,0.02623,2.794e-25,1.748e-05,3.04e-05,0.0003021,9.815e-26,1.558e-05,0.001594,0.001079,2.58e-07,0.09604,0.006777,0.0188,0.1494,2.558e-05,9.761e-06,0.04
   84300,   84360,0.0063816,0.008308,0.02617,2.739e-25,1.735e-05,3.023e-05,0.0003005,9.627e-26,1.538e-05,0.001587,0.001075,2.556e-07,0.0959,0.006752,0.01878,0.1492,2.543e-05,9.631e-06,0.04
   84360,   84420,0.0063611,0.008287,0.02612,2.689e-25,1.723e-05,3.007e-05,0.0002989,9.454e-26,1.52e-05,0.00158,0.00107,2.533e-07,0.09576,0.006729,0.01876,0.149,2.528e-05,9.51e-06,0.04
   84420,   84480,0.0063763,0.008264,0.02607,2.637e-25,1.71e-05,2.99e-05,0.0002973,9.275e-26,1.5e-05,0.001573,0.001066,2.509e-07,0.09561,0.006704,0.01874,0.1488,2.513e-05,9.381e-06,0.04
   84480,   84540,0.0063294,0.00824,0.02601,2.587e-25,1.697e-05,2.972e-05,0.0002956,9.101e-26,1.48e-05,0.001566,0.001062,2.484e-07,0.09547,0.006679,0.01872,0.1486,2.497e-05,9.253e-06,0.04
   84540,   84600,0.0063288,0.008218,0.02596,2.54e-25,1.684e-05,2.956e-05,0.0002941,8.941e-26,1.461e-05,0.001559,0.001057,2.462e-07,0.09533,0.006655,0.0187,0.1484,2.483e-05,9.134e-06,0.04
   84600,   84660,0.0063142,0.008194,0.0259,2.492e-25,1.671e-05,2.938e-05,0.0002924,8.775e-26,1.442e-05,0.001551,0.001053,2.437e-07,0.09518,0.006629,0.01867,0.1481,2.467e-05,9.006e-06,0.04
   84660,   84720,0.0062867,0.00817,0.02585,2.445e-25,1.658e-05,2.921e-05,0.0002907,8.614e-26,1.422e-05,0.001544,0.001048,2.413e-07,0.09502,0.006603,0.01865,0.1479,2.452e-05,8.88e-06,0.04
   84720,   84780,0.0062728,0.008147,0.02579,2.402e-25,1.645e-05,2.904e-05,0.0002891,8.466e-26,1.404e-05,0.001537,0.001044,2.39e-07,0.09488,0.006579,0.01863,0.1477,2.437e-05,8.762e-06,0.04
   84780,   84840,0.0062575,0.008123,0.02573,2.358e-25,1.632e-05,2.886e-05,0.0002875,8.312e-26,1.385e-05,0.00153,0.001039,2.366e-07,0.09472,0.006553,0.0186,0.1475,2.421e-05,8.637e-06,0.04
   84840,   84900,0.0062334,0.008098,0.02567,2.314e-25,1.619e-05,2.868e-05,0.0002857,8.163e-26,1.365e-05,0.001522,0.001035,2.342e-07,0.09456,0.006526,0.01858,0.1473,2.405e-05,8.512e-06,0.04
   84900,   84960,0.006199,0.008074,0.02562,2.274e-25,1.606e-05,2.851e-05,0.0002841,8.025e-26,1.347e-05,0.001515,0.00103,2.319e-07,0.09441,0.006501,0.01855,0.1471,2.39e-05,8.395e-06,0.04
   84960,   85020,0.0061627,0.008049,0.02556,2.233e-25,1.593e-05,2.833e-05,0.0002824,7.882e-26,1.328e-05,0.001507,0.001025,2.294e-07,0.09425,0.006474,0.01853,0.1468,2.374e-05,8.272e-06,0.04
   85020,   85080,0.0061176,0.008023,0.0255,2.193e-25,1.579e-05,2.815e-05,0.0002807,7.743e-26,1.309e-05,0.001499,0.001021,2.27e-07,0.09409,0.006447,0.0185,0.1466,2.358e-05,8.15e-06,0.04
   85080,   85140,0.0061098,0.007999,0.02544,2.155e-25,1.567e-05,2.797e-05,0.000279,7.615e-26,1.291e-05,0.001492,0.001016,2.247e-07,0.09393,0.006421,0.01848,0.1464,2.343e-05,8.035e-06,0.04
   85140,   85200,0.0061142,0.007973,0.02538,2.117e-25,1.553e-05,2.779e-05,0.0002773,7.482e-26,1.273e-05,0.001484,0.001011,2.223e-07,0.09376,0.006393,0.01845,0.1461,2.327e-05,7.914e-06,0.04
   85200,   85260,0.0061075,0.007947,0.02531,2.079e-25,1.54e-05,2.76e-05,0.0002755,7.353e-26,1.254e-05,0.001476,0.001006,2.199e-07,0.09359,0.006365,0.01843,0.1459,2.311e-05,7.794e-06,0.04
   85260,   85320,0.0060685,0.007922,0.02525,2.045e-25,1.527e-05,2.743e-05,0.0002738,7.233e-26,1.236e-05,0.001469,0.001002,2.176e-07,0.09343,0.006338,0.0184,0.1456,2.295e-05,7.681e-06,0.04
   85320,   85380,0.0060224,0.007895,0.02519,2.009e-25,1.513e-05,2.724e-05,0.0002721,7.109e-26,1.218e-05,0.001461,0.0009968,2.152e-07,0.09326,0.00631,0.01837,0.1454,2.279e-05,7.562e-06,0.04
   85380,   85440,0.0059997,0.007868,0.02512,1.973e-25,1.5e-05,2.705e-05,0.0002703,6.988e-26,1.199e-05,0.001453,0.0009917,2.128e-07,0.09308,0.006281,0.01835,0.1451,2.262e-05,7.443e-06,0.04
   85440,   85500,0.0059718,0.007842,0.02506,1.941e-25,1.487e-05,2.687e-05,0.0002686,6.877e-26,1.182e-05,0.001445,0.000987,2.105e-07,0.09291,0.006254,0.01832,0.1449,2.247e-05,7.333e-06,0.04
   85500,   85560,0.0059285,0.007814,0.025,1.908e-25,1.473e-05,2.668e-05,0.0002668,6.761e-26,1.164e-05,0.001437,0.0009819,2.081e-07,0.09273,0.006225,0.01829,0.1446,2.23e-05,7.216e-06,0.04
   85560,   85620,0.005894,0.007786,0.02493,1.875e-25,1.459e-05,2.649e-05,0.000265,6.647e-26,1.145e-05,0.001429,0.0009767,2.057e-07,0.09255,0.006196,0.01826,0.1444,2.213e-05,7.1e-06,0.04
   85620,   85680,0.0058516,0.00776,0.02486,1.844e-25,1.446e-05,2.631e-05,0.0002632,6.543e-26,1.128e-05,0.001421,0.0009719,2.035e-07,0.09238,0.006168,0.01824,0.1441,2.198e-05,6.991e-06,0.04
   85680,   85740,0.0057988,0.007731,0.02479,1.813e-25,1.432e-05,2.612e-05,0.0002614,6.435e-26,1.11e-05,0.001413,0.0009667,2.011e-07,0.09219,0.006138,0.01821,0.1439,2.181e-05,6.877e-06,0.04
