CampaignData_and_Merges/R0/CSL_MobileLab_Parked/raw/20240815/USOS-jNO2_MobileLabGround_20240815_R0.ict
52,1001
Waxman, E.; Rollins, A.; Zuraski, K.; Chace, W.
NOAA Chemical Sciences Laboratory
jNO2 filter radiometer on CSL Mobile Lab
AMMBEC / USOS
1, 1
2024,08,15, 2025,04,01
60
Time_Start, seconds, number_of_seconds_since_0000_UTC
20
1, 1, 1, 1, 1, 1, 1, 1, 1, 1, 1, 1, 1, 1, 1, 1, 1, 1, 1, 1
-9999, -9999, -9999, -9999, -9999, -9999, -9999, -9999, -9999, -9999, -9999, -9999, -9999, -9999, -9999, -9999, -9999, -9999, -9999, -9999
Time_Stop, seconds, number_of_seconds_since_0000_UTC
jNO2_meas, per second, photolysis rate of NO2 measured using a filter radiometer.
jBrCl, per second, photolysis rate of BrCl -> Br + Cl calculated in TUV for cloud-free sky with local AOD
jBr2, per second, photolysis rate of Br2 -> Br + Br calculated in TUV for cloud-free sky with local AOD
jCCl4, per second, photolysis rate of CCl4 -> Products calcualted in TUV for cloud-free sky with local AOD
jCH2Oa, per second, photolysis rate of CH2O -> H + HCO calculated in TUV for cloud-free sky with local AOD
jCH2Ob, per second, photolysis rate of CH2O -> H2 + CO calculated in TUV for cloud-free sky with local AOD
jClNO2, per second, photolysis rate of ClNO2 -> Cl + NO2 calculated in TUV for cloud-free sky with local AOD
jClOa, per second, photolysis rate of ClO -> Cl + O(1D) calculated in TUV for cloud-free sky with local AOD
jClOb, per second, photolysis rate of ClO -> Cl + O(3P) calculated in TUV for cloud-free sky with local AOD
jCl2, per second, photolysis rate of Cl2 -> Cl + Cl calculated in TUV for cloud-free sky with local AOD
jHNO2, per second, photolysis rate of HNO2 -> OH + NO calculated in TUV for cloud-free sky with local AOD
jHNO3, per second, photolysis rate of HNO3 -> OH + NO2 calculated in TUV for cloud-free sky with local AOD
jI2, per second, photolysis rate of I2 -> I + I calculated in TUV for cloud-free sky with local AOD
jNO2, per second, photolysis rate of NO2 -> NO + O(3P) calculated in TUV for cloud-free sky with local AOD
jNO3a, per second, photolysis rate of NO3 -> NO + O2 calculated in TUV for cloud-free sky with local AOD
jNO3b, per second, photolysis rate of NO3 -> NO2 + O(3P) calculated in TUV for cloud-free sky with local AOD
jN2O5, per second, photolysis rate of N2O5 -> NO3 + NO + O(3P) calculated in TUV for cloud-free sky with local AOD
jO3, per second, photolysis rate of O3 -> O2 + O(1D) calculated in TUV for cloud-free sky with local AOD
AOD_500nm, unitless, UTC daily mean AOD at 500 nm from an AERONET station located at 40.178 N, -112.452 E
0
18
PI_CONTACT_INFO: eleanor.waxman@noaa.gov
PLATFORM: CSL Mobile Lab, at ground site
LOCATION: Salt Lake City, UT
ASSOCIATED_DATA:
INSTRUMENT_INFO: jNO2 filter radiometer.  TUV calculations are for mobile van lat/lon/altitude assuming clear sky (cloud AOD = 0) and daily mean AOD.
DATA_INFO:
UNCERTAINTY: Data uncertainties are +/- 20%.  These come from uncertainties in radiometer angular response, radiometer thermal response, local interferences from clouds/aerosols/shadows etc.
ULOD_FLAG: -7777
ULOD_VALUE: N/A
LLOD_FLAG: -8888
LLOD_VALUE: N/A
DM_CONTACT_INFO: eleanor.waxman@noaa.gov
PROJECT_INFO: USOS Project, July - August 2024
STIPULATIONS_ON_USE: Users are strongly encouraged to contact the PI for proper data usage.
OTHER_COMMENTS: 
REVISION: R0
R0: final data
Time_Start, Time_Stop, jNO2_meas, jBrCl, jBr2, jCCl4, jCH2Oa, jCH2Ob, jClNO2, jClOa, jClOb, jCl2, jHNO2, jHNO3, jI2, jNO2, jNO3a, jNO3b, jN2O5, jO3, AOD_500nm
[from data line 1002]
   60120,   60180,0.0074636,0.00945,0.02877,1.726e-24,2.509e-05,3.974e-05,0.0003914,6.441e-25,2.983e-05,0.001968,0.001302,4.141e-07,0.1027,0.008027,0.01981,0.1588,3.425e-05,1.921e-05,0.04
   60180,   60240,0.0074872,0.009461,0.0288,1.789e-24,2.518e-05,3.984e-05,0.0003924,6.694e-25,3.003e-05,0.001972,0.001304,4.162e-07,0.1027,0.00804,0.01982,0.1589,3.435e-05,1.934e-05,0.04
   60240,   60300,0.0074925,0.009472,0.02882,1.85e-24,2.527e-05,3.994e-05,0.0003934,6.942e-25,3.023e-05,0.001976,0.001306,4.181e-07,0.1028,0.008052,0.01983,0.159,3.444e-05,1.947e-05,0.04
   60300,   60360,0.0075083,0.009483,0.02885,1.918e-24,2.536e-05,4.005e-05,0.0003944,7.219e-25,3.043e-05,0.00198,0.001309,4.201e-07,0.1028,0.008065,0.01984,0.1591,3.454e-05,1.961e-05,0.04
   60360,   60420,0.0075198,0.009494,0.02887,1.99e-24,2.545e-05,4.015e-05,0.0003954,7.51e-25,3.063e-05,0.001984,0.001311,4.222e-07,0.1029,0.008078,0.01985,0.1591,3.464e-05,1.975e-05,0.04
   60420,   60480,0.0075278,0.009504,0.02889,2.06e-24,2.553e-05,4.024e-05,0.0003963,7.798e-25,3.082e-05,0.001988,0.001313,4.241e-07,0.103,0.00809,0.01986,0.1592,3.474e-05,1.987e-05,0.04
   60480,   60540,0.0075319,0.009515,0.02892,2.138e-24,2.562e-05,4.035e-05,0.0003973,8.119e-25,3.102e-05,0.001992,0.001315,4.261e-07,0.103,0.008102,0.01987,0.1593,3.483e-05,2.001e-05,0.04
   60540,   60600,0.0075487,0.009526,0.02894,2.22e-24,2.571e-05,4.045e-05,0.0003982,8.457e-25,3.122e-05,0.001995,0.001318,4.281e-07,0.1031,0.008114,0.01987,0.1594,3.493e-05,2.014e-05,0.04
   60600,   60660,0.0075572,0.009535,0.02896,2.3e-24,2.579e-05,4.054e-05,0.0003991,8.789e-25,3.141e-05,0.001999,0.00132,4.299e-07,0.1031,0.008126,0.01988,0.1595,3.502e-05,2.027e-05,0.04
   60660,   60720,0.0075713,0.009546,0.02898,2.39e-24,2.588e-05,4.064e-05,0.0004001,9.162e-25,3.161e-05,0.002003,0.001322,4.319e-07,0.1032,0.008138,0.01989,0.1596,3.512e-05,2.041e-05,0.04
   60720,   60780,0.0075758,0.009556,0.02901,2.484e-24,2.596e-05,4.074e-05,0.000401,9.554e-25,3.181e-05,0.002007,0.001324,4.339e-07,0.1032,0.00815,0.0199,0.1596,3.521e-05,2.054e-05,0.04
   60780,   60840,0.0075811,0.009566,0.02903,2.577e-24,2.604e-05,4.083e-05,0.0004019,9.943e-25,3.2e-05,0.00201,0.001326,4.357e-07,0.1033,0.008161,0.01991,0.1597,3.53e-05,2.067e-05,0.04
   60840,   60900,0.0076101,0.009576,0.02905,2.681e-24,2.613e-05,4.092e-05,0.0004028,1.038e-24,3.219e-05,0.002014,0.001328,4.377e-07,0.1034,0.008173,0.01992,0.1598,3.54e-05,2.08e-05,0.04
   60900,   60960,0.0076232,0.009586,0.02907,2.789e-24,2.621e-05,4.102e-05,0.0004038,1.084e-24,3.239e-05,0.002018,0.00133,4.396e-07,0.1034,0.008185,0.01992,0.1599,3.549e-05,2.093e-05,0.04
   60960,   61020,0.0076446,0.009595,0.02909,2.895e-24,2.629e-05,4.111e-05,0.0004046,1.129e-24,3.258e-05,0.002021,0.001332,4.414e-07,0.1035,0.008196,0.01993,0.1599,3.558e-05,2.106e-05,0.04
   61020,   61080,0.0076637,0.009605,0.02911,3.015e-24,2.638e-05,4.12e-05,0.0004055,1.179e-24,3.277e-05,0.002025,0.001334,4.433e-07,0.1035,0.008207,0.01994,0.16,3.567e-05,2.119e-05,0.04
   61080,   61140,0.0076837,0.009615,0.02913,3.141e-24,2.646e-05,4.13e-05,0.0004064,1.233e-24,3.297e-05,0.002028,0.001336,4.452e-07,0.1036,0.008218,0.01995,0.1601,3.576e-05,2.132e-05,0.04
   61140,   61200,0.0077005,0.009624,0.02915,3.265e-24,2.654e-05,4.138e-05,0.0004073,1.286e-24,3.315e-05,0.002032,0.001338,4.47e-07,0.1036,0.008229,0.01995,0.1602,3.585e-05,2.145e-05,0.04
   61200,   61260,0.0077334,0.009633,0.02917,3.404e-24,2.662e-05,4.148e-05,0.0004082,1.345e-24,3.334e-05,0.002035,0.00134,4.489e-07,0.1037,0.00824,0.01996,0.1602,3.594e-05,2.158e-05,0.04
   61260,   61320,0.0077587,0.009643,0.02919,3.549e-24,2.67e-05,4.157e-05,0.000409,1.408e-24,3.354e-05,0.002039,0.001342,4.508e-07,0.1037,0.008251,0.01997,0.1603,3.603e-05,2.171e-05,0.04
   61320,   61380,0.0077795,0.009652,0.02921,3.693e-24,2.678e-05,4.165e-05,0.0004099,1.47e-24,3.372e-05,0.002042,0.001344,4.525e-07,0.1038,0.008261,0.01998,0.1604,3.611e-05,2.183e-05,0.04
   61380,   61440,0.0078083,0.009661,0.02923,3.853e-24,2.685e-05,4.174e-05,0.0004107,1.538e-24,3.389e-05,0.002045,0.001346,4.542e-07,0.1038,0.008272,0.01998,0.1604,3.62e-05,2.194e-05,0.04
   61440,   61500,0.0078329,0.009667,0.02925,3.978e-24,2.691e-05,4.18e-05,0.0004113,1.595e-24,3.405e-05,0.002047,0.001347,4.558e-07,0.1038,0.008279,0.01999,0.1605,3.626e-05,2.206e-05,0.04
   61500,   61560,0.0078652,0.009675,0.02926,4.143e-24,2.699e-05,4.188e-05,0.0004121,1.667e-24,3.423e-05,0.002051,0.001349,4.575e-07,0.1039,0.008289,0.02,0.1605,3.634e-05,2.218e-05,0.04
   61560,   61620,0.0078807,0.009684,0.02928,4.328e-24,2.706e-05,4.197e-05,0.0004129,1.748e-24,3.442e-05,0.002054,0.001351,4.593e-07,0.1039,0.008299,0.02,0.1606,3.643e-05,2.231e-05,0.04
   61620,   61680,0.0079176,0.009693,0.0293,4.522e-24,2.714e-05,4.205e-05,0.0004138,1.833e-24,3.461e-05,0.002057,0.001353,4.611e-07,0.104,0.00831,0.02001,0.1607,3.651e-05,2.243e-05,0.04
   61680,   61740,0.0079489,0.009701,0.02932,4.714e-24,2.721e-05,4.213e-05,0.0004146,1.917e-24,3.478e-05,0.00206,0.001355,4.628e-07,0.104,0.008319,0.02002,0.1607,3.659e-05,2.255e-05,0.04
   61740,   61800,0.0079804,0.00971,0.02934,4.929e-24,2.729e-05,4.222e-05,0.0004154,2.012e-24,3.497e-05,0.002063,0.001356,4.646e-07,0.1041,0.008329,0.02002,0.1608,3.667e-05,2.268e-05,0.04
   61800,   61860,0.0080142,0.009718,0.02936,5.156e-24,2.737e-05,4.23e-05,0.0004162,2.113e-24,3.515e-05,0.002067,0.001358,4.664e-07,0.1041,0.008339,0.02003,0.1609,3.676e-05,2.28e-05,0.04
   61860,   61920,0.0080474,0.009726,0.02937,5.381e-24,2.744e-05,4.238e-05,0.0004169,2.212e-24,3.533e-05,0.00207,0.00136,4.68e-07,0.1042,0.008349,0.02004,0.1609,3.684e-05,2.292e-05,0.04
   61920,   61980,0.0080898,0.009734,0.02939,5.633e-24,2.751e-05,4.246e-05,0.0004177,2.324e-24,3.551e-05,0.002073,0.001362,4.698e-07,0.1042,0.008359,0.02004,0.161,3.692e-05,2.305e-05,0.04
   61980,   62040,0.0081198,0.009743,0.02941,5.896e-24,2.758e-05,4.255e-05,0.0004185,2.442e-24,3.569e-05,0.002076,0.001363,4.715e-07,0.1043,0.008368,0.02005,0.1611,3.7e-05,2.317e-05,0.04
   62040,   62100,0.0081657,0.00975,0.02943,6.159e-24,2.765e-05,4.262e-05,0.0004193,2.559e-24,3.586e-05,0.002079,0.001365,4.732e-07,0.1043,0.008377,0.02006,0.1611,3.707e-05,2.329e-05,0.04
   62100,   62160,0.0082072,0.009758,0.02944,6.453e-24,2.773e-05,4.27e-05,0.0004201,2.691e-24,3.604e-05,0.002082,0.001367,4.749e-07,0.1043,0.008387,0.02006,0.1612,3.715e-05,2.341e-05,0.04
   62160,   62220,0.0082327,0.009766,0.02946,6.763e-24,2.78e-05,4.278e-05,0.0004208,2.83e-24,3.622e-05,0.002085,0.001369,4.766e-07,0.1044,0.008396,0.02007,0.1612,3.723e-05,2.353e-05,0.04
   62220,   62280,0.0082374,0.009774,0.02948,7.069e-24,2.787e-05,4.286e-05,0.0004215,2.968e-24,3.639e-05,0.002088,0.00137,4.782e-07,0.1044,0.008405,0.02007,0.1613,3.731e-05,2.364e-05,0.04
   62280,   62340,0.0082306,0.009782,0.02949,7.411e-24,2.794e-05,4.293e-05,0.0004223,3.122e-24,3.657e-05,0.002091,0.001372,4.799e-07,0.1045,0.008414,0.02008,0.1613,3.739e-05,2.376e-05,0.04
   62340,   62400,0.0082227,0.009789,0.02951,7.772e-24,2.801e-05,4.301e-05,0.0004231,3.286e-24,3.675e-05,0.002093,0.001373,4.815e-07,0.1045,0.008424,0.02009,0.1614,3.746e-05,2.388e-05,0.04
   62400,   62460,0.00823,0.009797,0.02953,8.131e-24,2.807e-05,4.308e-05,0.0004238,3.448e-24,3.691e-05,0.002096,0.001375,4.831e-07,0.1045,0.008432,0.02009,0.1615,3.753e-05,2.4e-05,0.04
   62460,   62520,0.0082675,0.009804,0.02954,8.531e-24,2.814e-05,4.316e-05,0.0004245,3.63e-24,3.709e-05,0.002099,0.001377,4.848e-07,0.1046,0.008441,0.0201,0.1615,3.761e-05,2.412e-05,0.04
   62520,   62580,0.0082572,0.009812,0.02956,8.952e-24,2.821e-05,4.324e-05,0.0004252,3.822e-24,3.726e-05,0.002102,0.001378,4.864e-07,0.1046,0.00845,0.0201,0.1616,3.769e-05,2.423e-05,0.04
   62580,   62640,0.0082501,0.009819,0.02957,9.369e-24,2.828e-05,4.331e-05,0.0004259,4.011e-24,3.742e-05,0.002105,0.00138,4.879e-07,0.1047,0.008458,0.02011,0.1616,3.776e-05,2.434e-05,0.04
   62640,   62700,0.0082374,0.009826,0.02959,9.832e-24,2.834e-05,4.338e-05,0.0004266,4.222e-24,3.759e-05,0.002107,0.001381,4.895e-07,0.1047,0.008467,0.02011,0.1617,3.783e-05,2.446e-05,0.04
   62700,   62760,0.008239,0.009833,0.0296,1.032e-23,2.841e-05,4.345e-05,0.0004273,4.445e-24,3.776e-05,0.00211,0.001383,4.911e-07,0.1047,0.008475,0.02012,0.1617,3.79e-05,2.457e-05,0.04
   62760,   62820,0.0082733,0.00984,0.02962,1.08e-23,2.847e-05,4.352e-05,0.000428,4.665e-24,3.792e-05,0.002113,0.001384,4.926e-07,0.1048,0.008483,0.02013,0.1618,3.797e-05,2.468e-05,0.04
   62820,   62880,0.0082896,0.009847,0.02963,1.134e-23,2.854e-05,4.359e-05,0.0004287,4.907e-24,3.808e-05,0.002115,0.001386,4.942e-07,0.1048,0.008492,0.02013,0.1618,3.804e-05,2.479e-05,0.04
   62880,   62940,0.0081984,0.009854,0.02965,1.189e-23,2.86e-05,4.366e-05,0.0004294,5.154e-24,3.824e-05,0.002118,0.001387,4.957e-07,0.1048,0.0085,0.02014,0.1619,3.811e-05,2.49e-05,0.04
   62940,   63000,0.0082875,0.00986,0.02966,1.242e-23,2.866e-05,4.373e-05,0.00043,5.393e-24,3.839e-05,0.002121,0.001389,4.971e-07,0.1049,0.008508,0.02014,0.1619,3.818e-05,2.5e-05,0.04
   63000,   63060,0.0082546,0.009867,0.02968,1.303e-23,2.873e-05,4.38e-05,0.0004307,5.698e-24,3.856e-05,0.002123,0.00139,4.987e-07,0.1049,0.008516,0.02015,0.162,3.825e-05,2.511e-05,0.04
   63060,   63120,0.0082084,0.009874,0.02969,1.369e-23,2.879e-05,4.387e-05,0.0004313,6.028e-24,3.872e-05,0.002126,0.001392,5.002e-07,0.1049,0.008524,0.02015,0.162,3.832e-05,2.522e-05,0.04
   63120,   63180,0.0081713,0.00988,0.0297,1.438e-23,2.885e-05,4.393e-05,0.000432,6.356e-24,3.887e-05,0.002128,0.001393,5.016e-07,0.105,0.008532,0.02016,0.1621,3.838e-05,2.533e-05,0.04
   63180,   63240,0.0081334,0.009887,0.02972,1.522e-23,2.891e-05,4.4e-05,0.0004326,6.744e-24,3.906e-05,0.002131,0.001395,5.032e-07,0.105,0.008539,0.02016,0.1621,3.845e-05,2.545e-05,0.04
   63240,   63300,0.0081278,0.009893,0.02973,1.604e-23,2.897e-05,4.407e-05,0.0004333,7.118e-24,3.923e-05,0.002133,0.001396,5.048e-07,0.105,0.008547,0.02017,0.1622,3.852e-05,2.557e-05,0.04
   63300,   63360,0.0081451,0.009899,0.02974,1.686e-23,2.903e-05,4.413e-05,0.0004339,7.501e-24,3.937e-05,0.002136,0.001397,5.062e-07,0.1051,0.008554,0.02017,0.1622,3.858e-05,2.568e-05,0.04
   63360,   63420,0.0081622,0.009906,0.02976,1.776e-23,2.909e-05,4.419e-05,0.0004345,7.906e-24,3.954e-05,0.002138,0.001399,5.077e-07,0.1051,0.008562,0.02018,0.1622,3.865e-05,2.578e-05,0.04
   63420,   63480,0.0081828,0.009912,0.02977,1.869e-23,2.916e-05,4.426e-05,0.0004352,8.33e-24,3.971e-05,0.00214,0.0014,5.093e-07,0.1051,0.00857,0.02018,0.1623,3.872e-05,2.591e-05,0.04
   63480,   63540,0.0080969,0.009918,0.02978,1.945e-23,2.921e-05,4.432e-05,0.0004358,8.716e-24,3.987e-05,0.002143,0.001401,5.106e-07,0.1052,0.008577,0.02018,0.1623,3.878e-05,2.601e-05,0.04
   63540,   63600,0.0081783,0.009924,0.0298,2.051e-23,2.927e-05,4.438e-05,0.0004364,9.196e-24,4.001e-05,0.002145,0.001403,5.121e-07,0.1052,0.008584,0.02019,0.1624,3.884e-05,2.611e-05,0.04
   63600,   63660,0.008334,0.00993,0.02981,2.153e-23,2.933e-05,4.445e-05,0.000437,9.667e-24,4.02e-05,0.002148,0.001404,5.136e-07,0.1052,0.008591,0.02019,0.1624,3.891e-05,2.624e-05,0.04
   63660,   63720,0.0082261,0.009936,0.02982,2.257e-23,2.938e-05,4.45e-05,0.0004376,1.018e-23,4.033e-05,0.00215,0.001405,5.149e-07,0.1053,0.008598,0.0202,0.1625,3.897e-05,2.633e-05,0.04
   63720,   63780,0.0085457,0.009942,0.02983,2.359e-23,2.944e-05,4.457e-05,0.0004382,1.062e-23,4.047e-05,0.002152,0.001406,5.163e-07,0.1053,0.008605,0.0202,0.1625,3.903e-05,2.643e-05,0.04
   63780,   63840,0.0085625,0.009947,0.02984,2.503e-23,2.95e-05,4.463e-05,0.0004388,1.133e-23,4.066e-05,0.002154,0.001408,5.178e-07,0.1053,0.008612,0.02021,0.1625,3.909e-05,2.655e-05,0.04
   63840,   63900,0.0086575,0.009953,0.02986,2.592e-23,2.955e-05,4.468e-05,0.0004393,1.173e-23,4.081e-05,0.002156,0.001409,5.192e-07,0.1054,0.008619,0.02021,0.1626,3.915e-05,2.666e-05,0.04
   63900,   63960,0.0085086,0.009958,0.02987,2.749e-23,2.961e-05,4.474e-05,0.0004399,1.25e-23,4.095e-05,0.002159,0.00141,5.206e-07,0.1054,0.008625,0.02021,0.1626,3.921e-05,2.675e-05,0.04
   63960,   64020,0.0074158,0.009964,0.02988,2.855e-23,2.966e-05,4.48e-05,0.0004405,1.299e-23,4.107e-05,0.002161,0.001411,5.218e-07,0.1054,0.008632,0.02022,0.1627,3.927e-05,2.684e-05,0.04
   64020,   64080,0.0061729,0.009969,0.02989,2.969e-23,2.972e-05,4.486e-05,0.000441,1.355e-23,4.125e-05,0.002163,0.001413,5.233e-07,0.1054,0.008639,0.02022,0.1627,3.933e-05,2.695e-05,0.04
   64080,   64140,0.0063247,0.009975,0.0299,3.128e-23,2.977e-05,4.492e-05,0.0004416,1.432e-23,4.14e-05,0.002165,0.001414,5.246e-07,0.1055,0.008645,0.02023,0.1627,3.939e-05,2.706e-05,0.04
   64140,   64200,0.0061649,0.00998,0.02991,3.274e-23,2.982e-05,4.497e-05,0.0004421,1.502e-23,4.153e-05,0.002167,0.001415,5.259e-07,0.1055,0.008652,0.02023,0.1628,3.945e-05,2.715e-05,0.04
   64200,   64260,0.008313,0.009985,0.02992,3.396e-23,2.987e-05,4.502e-05,0.0004427,1.566e-23,4.167e-05,0.002169,0.001416,5.271e-07,0.1055,0.008658,0.02024,0.1628,3.95e-05,2.723e-05,0.04
   64260,   64320,0.0071732,0.009991,0.02994,3.567e-23,2.993e-05,4.508e-05,0.0004432,1.643e-23,4.183e-05,0.002171,0.001417,5.286e-07,0.1055,0.008664,0.02024,0.1629,3.956e-05,2.736e-05,0.04
   64320,   64380,0.0078782,0.009996,0.02995,3.72e-23,2.998e-05,4.514e-05,0.0004438,1.734e-23,4.195e-05,0.002173,0.001418,5.299e-07,0.1056,0.00867,0.02024,0.1629,3.962e-05,2.745e-05,0.04
   64380,   64440,0.0081194,0.01,0.02997,4.136e-23,3.006e-05,4.523e-05,0.0004446,1.9e-23,4.213e-05,0.002177,0.00142,5.316e-07,0.1056,0.008681,0.02025,0.163,3.97e-05,2.755e-05,0.04
   64440,   64500,0.0087102,0.01001,0.02998,4.338e-23,3.011e-05,4.528e-05,0.0004451,1.996e-23,4.227e-05,0.002179,0.001421,5.328e-07,0.1056,0.008687,0.02025,0.163,3.976e-05,2.765e-05,0.04
   64500,   64560,0.0074488,0.01001,0.02999,4.554e-23,3.016e-05,4.533e-05,0.0004457,2.098e-23,4.241e-05,0.002181,0.001422,5.341e-07,0.1057,0.008693,0.02026,0.163,3.981e-05,2.775e-05,0.04
   64560,   64620,0.0094284,0.01002,0.03,4.76e-23,3.021e-05,4.538e-05,0.0004461,2.195e-23,4.254e-05,0.002183,0.001423,5.353e-07,0.1057,0.008699,0.02026,0.1631,3.986e-05,2.783e-05,0.04
   64620,   64680,0.0092868,0.01002,0.03001,4.988e-23,3.026e-05,4.544e-05,0.0004467,2.305e-23,4.268e-05,0.002184,0.001425,5.365e-07,0.1057,0.008705,0.02026,0.1631,3.992e-05,2.793e-05,0.04
   64680,   64740,0.0068763,0.01003,0.03002,5.211e-23,3.031e-05,4.549e-05,0.0004472,2.413e-23,4.281e-05,0.002186,0.001426,5.377e-07,0.1057,0.00871,0.02027,0.1631,3.997e-05,2.802e-05,0.04
   64740,   64800,0.0053924,0.01003,0.03003,5.446e-23,3.035e-05,4.554e-05,0.0004476,2.522e-23,4.294e-05,0.002188,0.001427,5.389e-07,0.1058,0.008716,0.02027,0.1632,4.002e-05,2.811e-05,0.04
   64800,   64860,0.0054952,0.01004,0.03004,5.703e-23,3.04e-05,4.559e-05,0.0004481,2.646e-23,4.307e-05,0.00219,0.001428,5.401e-07,0.1058,0.008721,0.02027,0.1632,4.007e-05,2.82e-05,0.04
   64860,   64920,0.0053462,0.01004,0.03005,5.973e-23,3.045e-05,4.564e-05,0.0004486,2.774e-23,4.32e-05,0.002192,0.001429,5.412e-07,0.1058,0.008727,0.02028,0.1632,4.012e-05,2.828e-05,0.04
   64920,   64980,0.0061216,0.01005,0.03005,6.228e-23,3.049e-05,4.568e-05,0.000449,2.895e-23,4.332e-05,0.002194,0.00143,5.423e-07,0.1058,0.008732,0.02028,0.1633,4.017e-05,2.837e-05,0.04
   64980,   65040,0.0089327,0.01005,0.03006,6.514e-23,3.054e-05,4.573e-05,0.0004495,3.033e-23,4.345e-05,0.002195,0.001431,5.435e-07,0.1059,0.008738,0.02028,0.1633,4.022e-05,2.846e-05,0.04
   65040,   65100,0.0076249,0.01006,0.03007,6.806e-23,3.058e-05,4.578e-05,0.00045,3.17e-23,4.358e-05,0.002197,0.001432,5.446e-07,0.1059,0.008743,0.02029,0.1633,4.027e-05,2.854e-05,0.04
   65100,   65160,0.0077772,0.01006,0.03008,7.093e-23,3.062e-05,4.582e-05,0.0004504,3.307e-23,4.37e-05,0.002199,0.001432,5.457e-07,0.1059,0.008748,0.02029,0.1634,4.031e-05,2.862e-05,0.04
