CampaignData_and_Merges/R0/CSL_MobileLab_Parked/raw/20240815/USOS-POPS_MobileLabGround_20240815_R0.ict
78, 1001
Thornberry, T. D.
NOAA Chemical Sciences Laboratory
Portable Optical Particle Spectrometer (POPS)
USOS
1, 1
2024, 08, 15, 2025, 05, 08
60
Time_Start, seconds_past_midnight, Start time of measurement
45
1, 1, 1, 1, 1, 1, 1, 1, 1, 1, 1, 1, 1, 1, 1, 1, 1, 1, 1, 1, 1, 1, 1, 1, 1, 1, 1, 1, 1, 1, 1, 1, 1, 1, 1, 1, 1, 1, 1, 1, 1, 1, 1, 1, 1
-9999, -9999, -9999, -9999, -9999, -9999, -9999, -9999, -9999, -9999, -9999, -9999, -9999, -9999, -9999, -9999, -9999, -9999, -9999, -9999, -9999, -9999, -9999, -9999, -9999, -9999, -9999, -9999, -9999, -9999, -9999, -9999, -9999, -9999, -9999, -9999, -9999, -9999, -9999, -9999, -9999, -9999, -9999, -9999, -9999
Time_Stop, seconds_past_midnight, Stop time of measurement
Time_Mid, seconds_past_midnight, Mid time of measurement
Press_mb, mb, Pressure reported (mb)
Temp_C, degrees C, POPS temperature measurement
Aerosol_concentration, cm^-3, Aerosol concentration
Surface_Area_Conc, um^2 cm^-3, Surface area concentration
Volume_density, um^3 cm^-3, Volume density
Effective_radius, um, Effective radius
Extinction, km^-1, Extinction
Bin01, cm^-3, particle concentration in size range [1401 - 146.3 nm]
Bin02, cm^-3, particle concentration in size range [146.3 - 152.8 nm]
Bin03, cm^-3, particle concentration in size range [152.8 - 159.6 nm]
Bin04, cm^-3, particle concentration in size range [159.6 - 166.8 nm]
Bin05, cm^-3, particle concentration in size range [166.8 - 174.2 nm]
Bin06, cm^-3, particle concentration in size range [174.2 - 181.9 nm]
Bin07, cm^-3, particle concentration in size range [181.9 - 190.0 nm]
Bin08, cm^-3, particle concentration in size range [190.0 - 198.5 nm]
Bin09, cm^-3, particle concentration in size range [198.5 - 207.4 nm]
Bin10, cm^-3, particle concentration in size range [207.4 - 216.6 nm]
Bin11, cm^-3, particle concentration in size range [216.6 - 226.2 nm]
Bin12, cm^-3, particle concentration in size range [226.2 - 236.3 nm]
Bin13, cm^-3, particle concentration in size range [236.3 - 246.8 nm]
Bin14, cm^-3, particle concentration in size range [246.8 - 257.8 nm]
Bin15, cm^-3, particle concentration in size range [257.8 - 269.3 nm]
Bin16, cm^-3, particle concentration in size range [269.3 - 343.4 nm]
Bin17, cm^-3, particle concentration in size range [343.4 - 450.7 nm]
Bin18, cm^-3, particle concentration in size range [450.7 - 525.9 nm]
Bin19, cm^-3, particle concentration in size range [525.9 - 618.5 nm]
Bin20, cm^-3, particle concentration in size range [618.5 - 710.0 nm]
Bin21, cm^-3, particle concentration in size range [710.0 - 822.7 nm]
Bin22, cm^-3, particle concentration in size range [822.7 - 885.9 nm]
Bin23, cm^-3, particle concentration in size range [885.9 - 953.9 nm]
Bin24, cm^-3, particle concentration in size range [953.9 - 1027.2 nm]
Bin25, cm^-3, particle concentration in size range [1027.2 - 1106.1 nm]
Bin26, cm^-3, particle concentration in size range [1106.1 - 1191.0 nm]
Bin27, cm^-3, particle concentration in size range [1191.0 - 1282.5 nm]
Bin28, cm^-3, particle concentration in size range [1282.5 - 1381.0 nm]
Bin29, cm^-3, particle concentration in size range [1381.0 - 1487.1 nm]
Bin30, cm^-3, particle concentration in size range [1487.1 - 1601.3 nm]
Bin31, cm^-3, particle concentration in size range [1601.3 - 1724.3 nm]
[...]
PLATFORM: NOAA CSL Mobile Lab
LOCATION: USOS
ASSOCIATED_DATA: N/A
INSTRUMENT_INFO: Printed Optical Particle Spectrometer counts particles from 140 - 2500 nm in diameter 
DATA_INFO: Particle concentrations reported in number per cubic centimeter,1 Hz data
UNCERTAINTY: Counting uncertainty dominated by air flow, less than 5 percent. Measurement range is ~0 - 3000 per cm3 (varies depending on flow rate- manufacturer quotes 1250 per cm3 at 1.667 cc/s)
ULOD_FLAG: -7777
ULOD_VALUE: N/A
LLOD_FLAG: -8888
LLOD_VALUE: N/A
DM_CONTACT_INFO: Troy Thornberry, 325 Broadway R/CSL6, Boulder, CO 80305; troy.thornberry@noaa.gov; 303-497-3373
PROJECT_INFO: USOS, Utah POPS data from NOAA CSL Mobile Lab
STIPULATIONS_ON_USE: Please contact the PIs for questions regarding applications and uncertainties
OTHER_COMMENTS: POPS bin Edges (nm):  140.1, 146.3, 152.8, 159.6, 166.8, 174.2, 181.9, 190.0, 198.5, 207.4, 216.6, 226.2, 236.3, 246.8, 257.8, 269.3, 343.4, 450.7, 525.9, 618.5, 710.0, 822.7, 885.9, 953.9, 1027.2, 1106.1, 1191.0, 1282.5, 1381.0, 1487.1, 1601.3, 1724.3, 1856.7, 1999.3, 2152.8, 2318.2, 2496.2
Calculations assume organic aerosol refractive index of 1.52+0.00j and extinction wavelength = 532 nm
REVISION: R0
R0: Final data
Time_Start, Time_Stop, Time_Mid, Press_mb, Temp_C, Aerosol_concentration, Surface_Area_Conc, Volume_density, Effective_radius, Extinction, Bin01, Bin02, Bin03, Bin04, Bin05, Bin06, Bin07, Bin08, Bin09, Bin10, Bin11, Bin12, Bin13, Bin14, Bin15, Bin16, Bin17, Bin18, Bin19, Bin20, Bin21, Bin22, Bin23, Bin24, Bin25, Bin26, Bin27, Bin28, Bin29, Bin30, Bin31, Bin32, Bin33, Bin34, Bin35, Bin36
[from data line 525]
31500,31559,31530,871.142,29.966,193.389,24.275,1.324,0.157,0.005,29.038559,24.584471,21.211777,18.295614,15.387161,13.128242,11.083027,9.209853,7.870265,6.777907,5.692952,5.507722,5.277036,4.362310,3.384102,8.867064,2.549043,0.576916,0.307711,0.044284,0.021975,0.027409,0.016893,0.022242,0.016669,0.005612,0.011338,0.000000,0.011039,0.022592,0.021895,0.022460,0.011023,0.016687,0.000000,0.005593
31560,31619,31590,871.141,29.920,194.050,24.247,1.265,0.153,0.005,29.286728,24.497765,20.965597,18.225328,15.982533,13.418153,10.981716,9.017984,8.075815,6.682333,5.735799,5.273538,4.981755,4.553055,3.512861,9.348830,2.281765,0.617089,0.300366,0.077707,0.038836,0.022415,0.000000,0.016652,0.022053,0.016452,0.016856,0.027954,0.005556,0.011244,0.016533,0.016742,0.005429,0.005747,0.000000,0.011074
31620,31679,31650,871.132,29.860,193.223,24.718,1.478,0.173,0.005,29.403685,24.640507,20.957458,18.152031,15.691475,13.232225,10.928485,9.054441,7.843488,6.505312,5.536482,5.569136,4.955832,4.320663,3.487031,9.195511,2.379834,0.704841,0.294032,0.049321,0.055982,0.027424,0.016346,0.027971,0.022224,0.016841,0.027492,0.011223,0.011168,0.016609,0.011149,0.032352,0.005519,0.016541,0.016779,0.005482
31680,31739,31710,871.124,29.785,192.061,23.970,1.228,0.149,0.005,29.064857,24.484884,20.606716,17.962080,15.442944,13.225485,10.652584,8.960981,7.987232,6.487180,5.852427,5.454711,5.487963,4.274748,3.373049,9.146068,2.507560,0.549434,0.289654,0.033619,0.038934,0.010760,0.022186,0.016576,0.005593,0.010876,0.000000,0.011001,0.022585,0.016918,0.027708,0.011302,0.005556,0.005537,0.005727,0.005342
31740,31799,31770,871.125,29.786,190.521,23.727,1.250,0.152,0.005,29.391418,24.549608,21.064846,17.726286,14.782942,12.618638,10.884679,9.193136,7.622731,6.363725,5.864488,5.077333,4.992847,4.602042,3.266246,9.020640,2.268410,0.659035,0.305109,0.027368,0.055215,0.016882,0.011148,0.044446,0.016915,0.010845,0.005631,0.005464,0.010772,0.005631,0.005501,0.016895,0.011338,0.000000,0.011113,0.011263
31800,31859,31830,871.109,29.712,188.956,23.392,1.096,0.138,0.005,28.164055,24.204672,20.412186,17.663586,15.339682,13.080805,10.759027,8.962956,7.309138,6.921836,5.757187,5.248523,5.179070,4.372127,3.572723,8.571225,2.258530,0.547632,0.302006,0.060152,0.055353,0.005519,0.070836,0.016748,0.010929,0.021971,0.022098,0.005241,0.021919,0.016453,0.011188,0.000000,0.000000,0.005411,0.000000,0.005359
31860,31919,31890,871.093,29.638,190.555,24.210,1.401,0.167,0.005,29.599232,24.406111,20.821369,17.288906,15.063617,12.513618,10.672192,9.166084,7.990059,6.697374,5.728083,5.538505,4.976654,4.547994,3.453533,8.682105,2.287833,0.502224,0.270697,0.055670,0.033207,0.016708,0.027938,0.033357,0.011056,0.016651,0.021989,0.022035,0.016491,0.016650,0.011262,0.010949,0.016556,0.011168,0.005708,0.021797
31920,31979,31950,871.075,29.544,192.180,23.850,1.190,0.142,0.005,28.316496,25.540226,20.209021,17.930845,15.355753,13.137318,11.239628,9.013507,7.822845,6.557117,6.054431,5.603271,4.846834,4.511237,3.427741,9.091217,2.383944,0.613582,0.231407,0.068187,0.027721,0.022748,0.033373,0.017026,0.039680,0.011114,0.011327,0.005765,0.005467,0.005575,0.005503,0.011243,0.005865,0.011474,0.005650,0.005824
31980,32039,32010,871.056,29.598,191.744,23.733,1.177,0.143,0.005,29.650986,24.309248,20.831619,17.689457,15.240008,12.973332,10.757840,9.295300,7.714846,6.878441,6.025615,5.481050,4.991724,4.377811,3.277210,8.912688,2.270382,0.488194,0.289820,0.061311,0.044201,0.032971,0.016634,0.011262,0.005556,0.005593,0.010935,0.022323,0.010949,0.027551,0.016894,0.000000,0.000000,0.005593,0.000000,0.016522
32040,32099,32070,871.057,29.874,191.066,23.837,1.202,0.147,0.005,28.529339,24.400246,21.401981,18.052679,15.772926,12.714030,10.182435,9.038825,7.581089,7.060934,5.638942,5.328559,5.197823,4.234707,3.461373,8.925245,2.365189,0.560108,0.297751,0.080529,0.040127,0.022971,0.022921,0.011253,0.023164,0.011161,0.017132,0.000000,0.017381,0.028995,0.011269,0.005805,0.011418,0.005766,0.011437,0.000000
32100,32159,32130,871.044,30.028,189.165,23.348,1.163,0.146,0.005,28.659216,23.797243,20.252737,17.650749,15.256614,13.117932,10.719404,9.118225,7.682364,6.383379,5.867123,5.794837,4.871362,4.446347,3.302501,8.855624,2.292007,0.592259,0.250291,0.055238,0.021938,0.022147,0.022132,0.027531,0.005593,0.011243,0.011057,0.005556,0.011149,0.005688,0.021994,0.022506,0.005241,0.005537,0.000000,0.000000
32160,32219,32190,871.035,30.014,190.955,24.280,1.390,0.164,0.005,29.056170,24.655859,21.028961,17.537758,15.397982,13.061884,10.505979,9.247023,7.486171,6.648405,5.711235,5.221577,5.391836,4.385124,3.083458,8.855243,2.447925,0.566339,0.283909,0.061103,0.043591,0.033178,0.055305,0.011280,0.016801,0.016593,0.033156,0.011205,0.016830,0.016705,0.005631,0.016622,0.011168,0.011112,0.000000,0.022179
32220,32279,32250,871.025,29.974,189.739,23.700,1.251,0.152,0.005,28.987621,23.512581,19.891609,18.292511,15.541930,13.001317,10.521763,9.457472,7.201900,6.475896,5.864580,5.515687,5.048522,4.596234,3.246105,9.170418,2.354330,0.525016,0.230609,0.049808,0.054806,0.021946,0.027480,0.038317,0.010965,0.000000,0.021917,0.011093,0.000000,0.011205,0.016659,0.016595,0.000000,0.000000,0.000000,0.022080
32280,32339,32310,870.979,29.890,188.605,23.562,1.146,0.142,0.005,28.290108,24.194084,20.101221,17.926664,15.094646,12.693924,10.639218,9.149625,7.456838,6.599565,5.351805,5.195341,4.841074,4.468504,3.543319,9.399094,2.447575,0.659775,0.242465,0.061250,0.049553,0.038841,0.028006,0.022152,0.027827,0.005464,0.000000,0.016655,0.016837,0.000000,0.021935,0.005556,0.000000,0.005519,0.005519,0.005429
32340,32399,32370,870.965,29.821,187.769,23.645,1.235,0.151,0.005,28.064211,24.057236,20.631741,18.100151,15.263679,12.347485,10.304630,9.064139,7.373672,6.487889,5.701197,5.231981,4.821338,4.538377,3.505222,8.678107,2.427557,0.601645,0.231989,0.072178,0.022213,0.033136,0.027931,0.033025,0.005727,0.016361,0.038354,0.005650,0.022279,0.011104,0.016342,0.000000,0.000000,0.005482,0.016360,0.011038
32400,32459,32430,870.930,29.736,190.009,24.268,1.358,0.162,0.005,28.126514,25.063314,20.419333,17.349550,15.600811,12.794939,10.920857,9.100795,7.560222,6.408640,5.624882,5.417079,5.014923,4.408583,3.562666,9.110047,2.310184,0.514995,0.316786,0.044483,0.049709,0.033149,0.055834,0.010860,0.022135,0.011300,0.022229,0.005848,0.016709,0.022204,0.033584,0.011300,0.027722,0.011205,0.000000,0.005556
32460,32519,32490,870.918,29.656,187.805,24.050,1.366,0.164,0.005,27.829823,23.905460,20.076796,17.247478,15.049010,12.864313,10.902073,9.205593,7.757777,6.603314,5.706694,5.318964,5.010127,4.309096,3.500206,8.618981,2.634678,0.654565,0.266060,0.044163,0.055608,0.027522,0.027706,0.005482,0.016895,0.033615,0.016674,0.027690,0.005556,0.005501,0.010984,0.016725,0.016461,0.016782,0.005556,0.011005
32520,32579,32550,870.951,29.609,188.825,23.608,1.197,0.147,0.005,28.676802,24.333416,20.661913,17.551874,14.985579,12.967541,10.280063,9.180770,7.702358,6.619091,5.551780,5.005906,5.178074,4.114655,3.308562,9.183527,2.392766,0.561607,0.261884,0.061853,0.050756,0.016584,0.022226,0.005631,0.016780,0.005482,0.016360,0.016837,0.011171,0.039140,0.016370,0.005556,0.011204,0.000000,0.005342,0.005537
32580,32639,32610,870.950,29.651,188.457,23.683,1.233,0.151,0.005,27.976852,24.550751,20.593479,17.518818,15.136752,12.602462,10.603172,8.953722,7.823223,6.640275,5.606929,5.445810,4.854847,4.398259,3.225014,9.054961,2.379864,0.493767,0.271016,0.077777,0.033390,0.032721,0.016723,0.016667,0.016950,0.027866,0.011038,0.005612,0.000000,0.032778,0.022353,0.000000,0.000000,0.016452,0.000000,0.016327
32640,32699,32670,870.932,29.889,188.691,23.550,1.182,0.147,0.005,28.886555,24.112860,20.263519,17.733852,14.869452,12.375713,10.742526,8.966011,7.878348,6.718383,5.724233,5.315792,4.628382,4.580714,3.401985,8.893078,2.468669,0.476604,0.299654,0.066250,0.094021,0.033207,0.005767,0.033183,0.016595,0.000000,0.016760,0.027623,0.016521,0.005537,0.011075,0.011228,0.005447,0.000000,0.000000,0.011112
32700,32759,32730,870.928,30.039,187.643,22.950,1.107,0.141,0.005,28.701101,24.107067,20.476538,17.607620,15.088840,12.864577,10.601813,8.999337,7.460682,6.413153,5.610637,5.328896,4.904248,4.389427,3.082888,8.779936,2.142889,0.563992,0.276276,0.038310,0.033047,0.022191,0.016485,0.016343,0.016736,0.016669,0.022188,0.010897,0.000000,0.016509,0.005593,0.016584,0.005631,0.000000,0.005631,0.000000
32760,32819,32790,870.971,30.043,186.391,22.935,1.091,0.139,0.005,28.130171,23.480434,20.208529,17.319130,15.175729,12.527102,10.948254,9.188919,7.320988,6.360335,5.654319,5.337335,4.986455,4.334404,3.156366,8.978792,2.202860,0.539181,0.267194,0.055995,0.044426,0.044569,0.039330,0.005593,0.016692,0.005464,0.000000,0.000000,0.005747,0.010983,0.011534,0.011358,0.022393,0.000000,0.000000,0.000000
32820,32879,32850,870.943,30.000,188.400,23.359,1.210,0.151,0.005,28.722181,24.055073,20.343622,18.021784,15.499108,12.690408,10.663061,8.617169,7.569225,6.540341,5.636945,5.087824,4.511680,4.485359,3.521707,9.233623,2.138821,0.554668,0.262594,0.049752,0.050341,0.005519,0.022360,0.000000,0.000000,0.011111,0.016395,0.000000,0.000000,0.027838,0.022153,0.011242,0.000000,0.016820,0.000000,0.011224
32880,32939,32910,870.961,29.958,186.759,22.989,1.095,0.140,0.005,28.396606,23.848722,20.457306,17.589441,15.609590,12.229273,10.598330,8.706700,7.219319,6.340376,5.885722,5.487151,4.868108,4.489017,3.211029,8.534962,2.094615,0.579238,0.314894,0.061140,0.049798,0.039113,0.027207,0.021954,0.000000,0.016772,0.016603,0.016649,0.011148,0.010973,0.005593,0.005447,0.000000,0.011075,0.000000,0.005447
32940,32999,32970,870.917,29.901,184.630,22.902,1.063,0.136,0.005,27.598480,23.910547,19.534704,17.002497,15.074373,12.639855,10.435101,8.855474,7.237339,6.467353,5.692763,5.233589,4.681419,4.286199,3.416296,9.033932,2.439005,0.560915,0.268115,0.049872,0.050548,0.011281,0.022076,0.005359,0.011320,0.022393,0.016933,0.027822,0.011190,0.005593,0.016630,0.000000,0.000000,0.000000,0.011319,0.000000
33000,33059,33030,870.949,29.813,186.583,22.974,1.111,0.141,0.005,28.387796,24.008257,20.624033,17.133327,15.115334,12.434034,10.718656,8.640105,7.379585,6.446489,5.830900,5.230740,4.910779,4.242999,3.352962,8.842331,2.235119,0.494572,0.288905,0.038599,0.060775,0.033036,0.022467,0.010967,0.016617,0.000000,0.033371,0.005556,0.005519,0.005612,0.000000,0.005556,0.011377,0.005650,0.000000,0.011093
33060,33119,33090,870.940,29.787,184.911,23.122,1.200,0.151,0.005,27.460405,24.013996,19.737232,17.620234,15.295283,12.417800,10.121162,8.905856,7.303672,6.553423,5.859968,5.274867,4.721706,4.218150,3.192520,8.816991,2.208843,0.610976,0.273038,0.043928,0.071951,0.016729,0.033785,0.011019,0.027464,0.011188,0.005593,0.011168,0.011168,0.016855,0.000000,0.010983,0.005593,0.011130,0.011249,0.005482
33120,33179,33150,870.930,29.831,185.011,23.177,1.207,0.151,0.005,28.268982,23.661034,19.818457,17.953516,15.096686,12.251134,10.468924,8.510434,7.316427,6.351270,5.915828,5.067024,4.667721,4.205740,3.355385,8.843669,2.176582,0.514674,0.227353,0.061436,0.055619,0.011075,0.022186,0.061272,0.016744,0.005556,0.016854,0.005631,0.016521,0.005593,0.005376,0.000000,0.039104,0.005631,0.000000,0.011060
33180,33239,33210,870.940,30.088,185.935,23.517,1.263,0.155,0.005,28.052378,23.884398,20.206715,17.374489,14.610244,12.884022,10.887005,8.928794,7.148958,6.612566,5.441565,5.461272,4.611422,4.404930,3.098896,8.679331,2.434878,0.527287,0.267731,0.084278,0.089330,0.027910,0.022260,0.027986,0.027516,0.027974,0.011283,0.028121,0.010721,0.011113,0.016536,0.011093,0.000000,0.000000,0.005688,0.016650
33240,33299,33270,870.950,30.265,185.514,23.534,1.299,0.158,0.005,28.195408,23.295532,19.334864,16.843271,15.026812,12.777047,10.908805,8.986387,7.555985,6.590736,5.640508,5.377501,5.116791,4.372543,3.236874,8.750650,2.340869,0.545568,0.306423,0.061477,0.027805,0.044567,0.011205,0.027640,0.016531,0.011112,0.000000,0.016856,0.000000,0.011189,0.033041,0.011117,0.016667,0.000000,0.000000,0.021963
33300,33359,33330,870.956,30.225,185.032,23.123,1.184,0.149,0.005,28.295948,23.908541,19.854601,16.934338,15.157544,12.228319,10.224984,8.956583,7.796097,6.441391,5.577841,5.192032,4.837862,4.139350,3.178298,8.890155,2.216400,0.581717,0.288453,0.060460,0.060771,0.032931,0.033638,0.027686,0.005411,0.016705,0.011001,0.005519,0.005556,0.021917,0.022172,0.011168,0.000000,0.005556,0.000000,0.010861
33360,33419,33390,870.950,30.129,183.880,23.015,1.230,0.155,0.005,27.634418,23.477654,19.883751,17.359367,14.786639,12.032610,10.598845,8.849666,7.288220,6.469341,5.703234,5.011480,5.036026,4.313797,3.502916,8.735875,2.156420,0.493484,0.226281,0.049353,0.055815,0.049486,0.011047,0.010719,0.027331,0.022377,0.011186,0.010701,0.005727,0.005574,0.011283,0.016723,0.010935,0.005394,0.005394,0.011148
33420,33479,33450,870.977,30.062,182.815,22.473,1.050,0.137,0.004,26.985262,23.961445,19.094671,17.213333,14.572502,12.773220,10.489335,8.775823,7.299090,6.482799,5.552310,5.132232,4.866133,4.294951,3.514008,8.575713,2.228783,0.451794,0.264566,0.089536,0.044868,0.033751,0.022545,0.011569,0.016643,0.017006,0.000000,0.011170,0.000000,0.011207,0.000000,0.005631,0.011300,0.005575,0.000000,0.005726
33480,33539,33510,870.967,29.979,182.903,22.933,1.177,0.151,0.005,27.353817,22.874889,20.063900,17.173635,14.834237,12.302601,10.043820,8.987345,7.289470,6.456847,5.731209,5.125322,5.012013,4.338471,3.346527,8.493453,2.409056,0.519429,0.248822,0.044216,0.033137,0.027476,0.027763,0.022132,0.022151,0.005447,0.016503,0.011002,0.028003,0.010950,0.016324,0.011319,0.010967,0.005464,0.000000,0.005631
33540,33599,33570,870.964,29.892,182.337,23.097,1.291,0.162,0.005,27.785217,23.584574,19.535656,17.192026,14.637013,12.298556,10.254987,8.493764,7.346005,6.745928,5.457686,5.129996,4.654187,4.249838,3.200835,8.167171,2.352213,0.606426,0.286847,0.082744,0.043794,0.016667,0.016563,0.016489,0.032995,0.005447,0.027763,0.010879,0.010894,0.022130,0.016578,0.022026,0.022321,0.005376,0.000000,0.005631
33600,33659,33630,870.959,29.794,180.683,22.479,1.109,0.143,0.005,27.485718,23.257303,19.776815,16.898056,14.390280,12.090671,9.914060,8.499749,7.078781,6.412446,5.267879,5.282869,4.712925,4.119059,3.278662,9.016534,2.120775,0.532353,0.257575,0.076319,0.043729,0.016150,0.016591,0.021994,0.010894,0.005501,0.005501,0.010702,0.021952,0.011075,0.027728,0.005747,0.005447,0.005411,0.000000,0.005537
33660,33719,33690,870.971,29.764,183.514,22.631,1.085,0.140,0.005,27.690859,23.781773,19.743975,16.933624,15.248973,12.526428,9.927144,8.674032,7.424798,6.109820,5.529163,5.362180,5.033982,4.323442,3.211699,8.620327,2.269732,0.581042,0.265927,0.039098,0.044207,0.016939,0.016611,0.044207,0.016520,0.000000,0.011168,0.016528,0.005556,0.005501,0.016578,0.011093,0.005429,0.000000,0.000000,0.005631
33720,33779,33750,870.938,29.789,182.018,23.276,1.337,0.166,0.005,27.601442,23.834335,19.372530,17.464977,14.288068,11.882359,10.061978,8.813660,6.757589,6.477485,5.803092,5.184556,4.927305,4.153640,3.395646,8.504667,2.309575,0.523096,0.319549,0.066641,0.027841,0.016855,0.022013,0.026992,0.033132,0.027550,0.016762,0.000000,0.005464,0.005411,0.016667,0.011112,0.038274,0.005593,0.016511,0.005308
33780,33839,33810,870.915,29.857,183.791,23.161,1.263,0.155,0.005,28.004862,23.583740,20.003746,17.059143,15.055509,12.246196,10.481844,8.712465,7.471828,6.545802,5.679097,5.092401,4.723959,4.284821,3.006090,8.316430,2.390688,0.558074,0.240166,0.039270,0.061572,0.027729,0.022317,0.016561,0.022429,0.016854,0.016358,0.005376,0.011149,0.022265,0.027599,0.011223,0.011096,0.005519,0.010966,0.005593
