CampaignData_and_Merges/R0/CSL_MobileLab_Parked/raw/20240815/USOS-MetNav_MobileLabGround_20240815_R0.ict
44, 1001
Carrie Womack, Nate Howard, Mike Zucker
NOAA Chemical Sciences Laboratory
Mobile Lab MetNav Station
USOS
1, 1
2024, 08, 15, 2024, 12, 21
60
Time_Start, seconds_past_midnight, Seconds from midnight UTC
11
1, 1, 1, 1, 1, 1, 1, 1, 1, 1, 1
-9999, -9999, -9999, -9999, -9999, -9999, -9999, -9999, -9999, -9999, -9999
GPS_Alt_m, meters, Altitude from Differential GPS
GPS_Course_deg, degrees, Course from Differential GPS
GPS_GndSpd_m_s, m/s, Ground Speed from Differential GPS
GPS_Heading_deg, degrees, Heading from Differential GPS
GPS_Lat_deg, degrees, Latitude from Differential GPS
GPS_Lon_deg, degrees, Longitude from Differential GPS
AirTemp_C, Celsius, Air Temperature from Airmar
RelHumidity_pct, percent, Relative Humidity from Airmar
Pressure_mb, millibars, Pressure from Honeywell
WindDir_calc_deg, degrees, Wind Direction from Airmar corrected for van movement
WindSpd_calc_m_s, m/s, Wind Speed from Airmar corrected for van movement
1
SPECIAL COMMENTS:
18
PI_CONTACT_INFO: Address: 325 Broadway R/CSL7, Boulder, CO, 80305
PLATFORM: CSL Mobile Lab
LOCATION: Salt Lake City, UT
ASSOCIATED_DATA: N/A
INSTRUMENT_INFO: N/A
DATA_INFO: Units:
UNCERTAINTY: N/A
ULOD_FLAG: -7777
ULOD_VALUE: N/A
LLOD_FLAG: -8888
LLOD_VALUE: N/A
DM_CONTACT_INFO: Data Manager: Nate Howard
PROJECT_INFO: 
STIPULATIONS_ON_USE: Use of these data require prior ok from PI.
OTHER_COMMENTS: 
REVISION: R0
R0: Final data. Fixed bug in wind averaging code. RA: Preliminary Data. For in-field use only. 
Time_Start, GPS_Alt_m, GPS_Course_deg, GPS_GndSpd_m_s, GPS_Heading_deg, GPS_Lat_deg, GPS_Lon_deg, AirTemp_C, RelHumidity_pct, Pressure_mb, WindDir_calc_deg, WindSpd_calc_m_s
[from data line 947]
56820.0,-9999.0,-9999.00,-9999.00,-9999.00,-9999.00000,-9999.00000,-9999.0,-9999.0,-9999.0,-9999.00,-9999.0
56880.0,-9999.0,-9999.00,-9999.00,-9999.00,-9999.00000,-9999.00000,-9999.0,-9999.0,-9999.0,-9999.00,-9999.0
56940.0,-9999.0,-9999.00,-9999.00,-9999.00,-9999.00000,-9999.00000,-9999.0,-9999.0,-9999.0,-9999.00,-9999.0
57000.0,-9999.0,-9999.00,-9999.00,-9999.00,-9999.00000,-9999.00000,-9999.0,-9999.0,-9999.0,-9999.00,-9999.0
57060.0,-9999.0,-9999.00,-9999.00,-9999.00,-9999.00000,-9999.00000,-9999.0,-9999.0,-9999.0,-9999.00,-9999.0
57120.0,-9999.0,-9999.00,-9999.00,-9999.00,-9999.00000,-9999.00000,-9999.0,-9999.0,-9999.0,-9999.00,-9999.0
57180.0,-9999.0,-9999.00,-9999.00,-9999.00,-9999.00000,-9999.00000,-9999.0,-9999.0,-9999.0,-9999.00,-9999.0
57240.0,-9999.0,-9999.00,-9999.00,-9999.00,-9999.00000,-9999.00000,-9999.0,-9999.0,-9999.0,-9999.00,-9999.0
57300.0,-9999.0,-9999.00,-9999.00,-9999.00,-9999.00000,-9999.00000,-9999.0,-9999.0,-9999.0,-9999.00,-9999.0
57360.0,1309.6,0.19,0.05,0.19,40.73434,-111.87210,27.4,24.9,876.7,155.95,1.1
57420.0,1309.4,0.47,0.05,0.47,40.73434,-111.87210,27.8,24.6,876.8,163.02,1.5
57480.0,1309.4,0.34,0.04,0.34,40.73434,-111.87210,28.0,24.5,876.6,148.16,2.0
57540.0,1309.3,0.38,0.05,0.38,40.73434,-111.87210,28.3,25.0,876.6,158.60,1.5
57600.0,1309.2,0.03,0.05,0.03,40.73434,-111.87210,28.5,25.3,876.6,171.94,1.4
57660.0,1308.7,0.09,0.05,0.09,40.73434,-111.87210,28.8,25.7,876.5,134.84,1.1
57720.0,1308.3,0.35,0.05,0.35,40.73434,-111.87210,29.0,24.7,876.4,161.88,1.7
57780.0,1308.4,0.29,0.05,0.29,40.73434,-111.87210,29.1,25.9,876.6,125.05,1.9
57840.0,1308.2,359.65,0.05,359.65,40.73433,-111.87210,29.3,24.0,876.5,148.12,2.2
57900.0,1308.2,359.89,0.04,359.89,40.73433,-111.87210,29.5,23.5,876.6,170.30,1.3
57960.0,1308.4,0.45,0.05,0.45,40.73434,-111.87210,29.7,23.5,876.7,144.06,1.6
58020.0,1308.5,1.06,0.06,1.06,40.73434,-111.87210,29.8,22.7,876.8,159.62,1.9
58080.0,1308.5,1.28,0.05,1.28,40.73434,-111.87210,30.1,22.0,876.9,182.73,1.3
58140.0,1308.5,0.92,0.05,0.92,40.73434,-111.87210,30.3,21.8,876.7,154.64,1.3
58200.0,1308.6,0.69,0.05,0.69,40.73434,-111.87210,30.4,22.1,877.0,137.80,1.2
58260.0,1308.6,0.36,0.05,0.36,40.73434,-111.87210,30.5,21.9,877.0,136.14,1.4
58320.0,1308.5,359.62,0.05,359.62,40.73434,-111.87210,30.6,22.2,877.0,126.74,1.6
58380.0,1308.5,359.83,0.05,359.83,40.73434,-111.87210,30.6,22.5,877.0,122.67,1.9
58440.0,1308.4,359.98,0.05,359.98,40.73434,-111.87210,30.4,22.5,876.7,123.34,2.1
58500.0,1308.3,0.51,0.05,0.51,40.73434,-111.87210,30.4,22.0,876.9,148.41,2.6
58560.0,1308.3,0.36,0.05,0.36,40.73434,-111.87210,30.4,22.1,876.5,124.81,2.0
58620.0,1308.5,359.97,0.04,359.97,40.73434,-111.87210,30.4,22.5,876.6,123.98,1.4
58680.0,1308.5,359.99,0.05,359.99,40.73434,-111.87210,30.4,22.6,876.2,139.27,2.6
58740.0,1308.5,0.14,0.05,0.14,40.73434,-111.87210,30.4,23.9,876.1,129.13,2.2
58800.0,1308.5,0.52,0.04,0.52,40.73434,-111.87210,30.4,22.8,876.6,146.43,3.0
58860.0,1308.6,0.90,0.05,0.90,40.73434,-111.87210,30.5,21.9,876.9,152.87,2.5
58920.0,1308.7,1.31,0.05,1.31,40.73434,-111.87210,30.5,22.9,876.9,136.77,1.9
58980.0,1308.7,1.59,0.05,1.59,40.73434,-111.87210,30.5,23.6,877.0,120.50,2.0
59040.0,1308.7,1.03,0.05,1.03,40.73434,-111.87210,30.6,23.0,877.1,160.28,1.4
59100.0,1308.7,1.44,0.04,1.44,40.73434,-111.87210,30.9,22.0,877.2,168.56,1.6
59160.0,1308.7,1.48,0.05,1.48,40.73434,-111.87210,30.9,22.8,877.2,145.41,2.3
59220.0,1308.7,1.57,0.04,1.57,40.73434,-111.87210,31.0,23.5,877.2,141.69,1.7
59280.0,1308.8,1.24,0.05,1.24,40.73434,-111.87210,31.3,22.0,877.2,163.39,1.1
59340.0,1308.7,1.39,0.06,1.39,40.73434,-111.87210,31.5,21.8,877.2,150.69,0.6
59400.0,1308.6,1.32,0.05,1.32,40.73434,-111.87210,31.6,20.9,877.2,159.60,2.5
59460.0,1308.7,0.84,0.05,0.84,40.73434,-111.87210,31.6,22.6,877.2,140.49,2.5
59520.0,1308.8,1.04,0.05,1.04,40.73434,-111.87210,31.6,21.0,877.2,149.88,2.8
59580.0,1308.6,1.28,0.05,1.28,40.73434,-111.87210,31.3,20.1,877.2,146.42,3.7
59640.0,1308.7,1.40,0.05,1.40,40.73434,-111.87210,31.4,20.3,877.2,156.17,2.7
59700.0,1308.8,0.97,0.05,0.97,40.73434,-111.87210,31.4,19.9,877.2,142.47,2.4
59760.0,1308.8,0.52,0.04,0.52,40.73434,-111.87210,31.5,20.1,877.2,159.95,1.2
59820.0,1308.7,0.71,0.05,0.71,40.73434,-111.87210,31.6,19.1,877.2,162.34,2.7
59880.0,1308.6,0.95,0.05,0.95,40.73434,-111.87210,31.7,19.3,877.2,174.48,1.9
59940.0,1308.7,0.72,0.05,0.72,40.73434,-111.87210,31.9,19.1,877.2,170.03,1.5
60000.0,1308.9,0.41,0.06,0.41,40.73434,-111.87210,31.8,18.7,877.2,162.41,3.8
60060.0,1309.1,0.30,0.05,0.30,40.73434,-111.87210,31.7,20.1,877.2,131.30,3.1
60120.0,1309.1,0.37,0.05,0.37,40.73434,-111.87210,31.6,20.7,877.2,133.40,2.6
60180.0,1308.9,0.34,0.05,0.34,40.73434,-111.87210,31.4,20.5,877.1,121.92,2.8
60240.0,1309.0,0.60,0.05,0.60,40.73434,-111.87210,31.7,19.0,877.2,168.67,1.2
60300.0,1309.2,0.58,0.05,0.58,40.73434,-111.87210,31.7,18.6,877.1,170.40,1.7
60360.0,1309.4,0.89,0.06,0.89,40.73434,-111.87210,32.0,19.3,877.1,182.68,0.4
60420.0,1309.5,0.26,0.05,0.26,40.73434,-111.87210,32.2,18.7,877.1,173.60,0.9
60480.0,1309.4,0.62,0.05,0.62,40.73434,-111.87210,32.4,18.1,877.1,178.54,2.0
60540.0,1309.3,0.74,0.06,0.74,40.73434,-111.87210,32.5,18.1,877.1,193.25,1.6
60600.0,1309.1,1.05,0.06,1.05,40.73434,-111.87210,32.3,17.6,877.2,175.33,3.2
60660.0,1309.1,1.39,0.06,1.39,40.73434,-111.87210,32.4,17.6,877.2,175.00,3.3
60720.0,1309.0,1.24,0.05,1.24,40.73434,-111.87210,32.0,17.5,877.2,167.79,4.5
60780.0,1308.8,1.32,0.05,1.32,40.73434,-111.87210,32.2,17.8,877.2,192.64,1.8
60840.0,1308.7,1.52,0.06,1.52,40.73434,-111.87210,32.3,17.4,877.1,185.24,1.8
60900.0,1308.6,1.77,0.05,1.77,40.73434,-111.87210,32.4,17.0,877.1,178.42,2.9
60960.0,1308.7,1.33,0.04,1.33,40.73434,-111.87210,32.3,16.5,877.1,192.66,3.1
61020.0,1309.0,1.36,0.04,1.36,40.73434,-111.87210,32.2,17.1,877.1,164.91,3.4
61080.0,1309.1,0.60,0.05,0.60,40.73434,-111.87210,32.0,17.1,877.1,139.29,4.3
61140.0,1308.8,0.80,0.04,0.80,40.73433,-111.87210,31.9,16.7,877.1,159.52,2.4
61200.0,1308.9,0.41,0.05,0.41,40.73433,-111.87210,31.9,16.3,877.1,179.86,3.7
61260.0,1308.7,0.86,0.04,0.86,40.73433,-111.87211,31.9,16.7,877.1,171.92,3.6
61320.0,1308.8,0.50,0.06,0.50,40.73433,-111.87211,31.8,17.2,877.1,160.84,4.1
61380.0,1308.7,1.20,0.05,1.20,40.73433,-111.87211,31.8,17.7,877.0,156.49,3.8
61440.0,1308.8,1.07,0.05,1.07,40.73433,-111.87211,31.7,17.6,877.1,164.92,2.9
61500.0,1308.9,1.52,0.05,1.52,40.73434,-111.87211,31.6,17.6,877.1,164.01,4.2
61560.0,1308.9,1.17,0.04,1.17,40.73434,-111.87211,31.4,17.5,877.1,163.87,4.6
61620.0,1308.8,1.15,0.05,1.15,40.73433,-111.87211,31.2,16.8,877.1,170.58,5.0
61680.0,1308.9,0.92,0.05,0.92,40.73433,-111.87211,31.1,17.0,877.1,161.37,5.4
61740.0,1308.9,0.88,0.04,0.88,40.73433,-111.87211,31.2,16.4,877.1,193.89,4.9
61800.0,1308.7,0.75,0.05,0.75,40.73433,-111.87211,31.1,16.7,877.0,171.83,4.2
61860.0,1308.9,0.93,0.05,0.93,40.73433,-111.87211,31.0,17.0,877.1,157.89,5.2
61920.0,1309.1,0.48,0.06,0.48,40.73433,-111.87211,31.0,17.1,877.0,162.93,3.5
61980.0,1309.2,0.55,0.05,0.55,40.73433,-111.87211,31.2,16.8,877.0,173.61,3.7
62040.0,1309.0,0.51,0.04,0.51,40.73433,-111.87211,31.3,17.0,877.1,175.18,3.9
62100.0,1309.1,1.02,0.04,1.02,40.73433,-111.87211,31.3,16.8,877.1,173.36,3.7
62160.0,1309.4,0.97,0.04,0.97,40.73433,-111.87210,31.4,16.6,877.0,182.15,3.9
62220.0,1309.4,1.20,0.04,1.20,40.73433,-111.87211,31.2,17.0,877.0,138.97,4.4
62280.0,1309.2,1.21,0.04,1.21,40.73433,-111.87211,31.2,17.3,877.0,137.62,4.3
62340.0,1309.4,1.20,0.04,1.20,40.73434,-111.87211,31.1,16.8,877.0,160.06,4.6
62400.0,1309.4,0.48,0.04,0.48,40.73433,-111.87211,31.2,16.8,877.0,146.78,3.0
62460.0,1309.5,359.84,0.05,359.84,40.73433,-111.87211,31.5,16.8,877.0,184.31,2.6
62520.0,1309.7,359.82,0.05,359.82,40.73433,-111.87211,31.4,16.2,877.1,174.49,5.7
62580.0,1309.7,0.06,0.05,0.06,40.73433,-111.87211,31.5,16.3,877.1,180.20,3.5
62640.0,1309.5,0.23,0.05,0.23,40.73433,-111.87211,31.4,16.0,877.1,179.72,4.6
62700.0,1309.6,0.46,0.05,0.46,40.73433,-111.87211,31.4,16.2,877.1,167.89,4.9
62760.0,1309.6,0.79,0.05,0.79,40.73433,-111.87211,31.6,16.4,877.1,192.62,2.2
62820.0,1309.7,0.99,0.05,0.99,40.73434,-111.87211,31.8,16.2,877.1,203.99,2.4
62880.0,1309.6,0.82,0.05,0.82,40.73434,-111.87210,31.9,15.9,877.1,177.55,2.9
62940.0,1309.7,0.90,0.05,0.90,40.73434,-111.87210,31.8,15.6,877.1,173.18,3.8
63000.0,1309.8,0.75,0.05,0.75,40.73434,-111.87210,31.9,15.8,877.1,186.13,3.3
63060.0,1309.6,1.05,0.04,1.05,40.73434,-111.87210,31.9,15.7,877.1,194.63,3.7
63120.0,1309.6,0.98,0.05,0.98,40.73434,-111.87210,32.0,16.1,877.1,168.27,3.5
63180.0,1309.7,0.98,0.05,0.98,40.73434,-111.87210,32.2,16.2,877.1,186.17,2.5
63240.0,1309.6,1.11,0.05,1.11,40.73434,-111.87210,32.3,16.3,877.1,161.44,1.7
63300.0,1309.5,1.58,0.04,1.58,40.73434,-111.87210,32.4,15.7,877.2,201.29,3.6
63360.0,1309.5,1.07,0.05,1.07,40.73434,-111.87210,32.3,15.9,877.2,158.84,4.4
63420.0,1309.4,0.70,0.05,0.70,40.73434,-111.87210,32.3,16.3,877.2,171.43,2.7
63480.0,1309.3,0.78,0.05,0.78,40.73434,-111.87210,32.2,15.9,877.2,162.34,4.5
63540.0,1309.3,1.09,0.05,1.09,40.73434,-111.87210,31.8,15.8,877.2,151.89,5.5
63600.0,1309.2,1.42,0.05,1.42,40.73434,-111.87210,31.9,15.9,877.1,166.26,3.6
63660.0,1309.2,1.58,0.04,1.58,40.73434,-111.87210,32.0,15.9,877.2,199.88,3.2
63720.0,1309.3,1.54,0.05,1.54,40.73434,-111.87210,32.0,15.7,877.2,168.86,4.1
63780.0,1309.3,1.77,0.05,1.77,40.73434,-111.87210,31.8,15.7,877.1,159.59,4.6
63840.0,1309.3,2.13,0.05,2.13,40.73434,-111.87210,31.9,15.4,877.1,171.22,3.6
63900.0,1309.4,2.36,0.05,2.36,40.73434,-111.87210,32.0,15.8,877.1,189.61,2.7
63960.0,1309.5,2.20,0.05,2.20,40.73434,-111.87210,32.1,15.7,877.1,168.28,3.3
64020.0,1309.7,1.89,0.04,1.89,40.73434,-111.87210,32.1,15.8,877.1,186.15,2.9
64080.0,1309.8,1.84,0.06,1.84,40.73434,-111.87210,32.2,15.9,877.1,175.84,1.7
64140.0,1309.7,1.58,0.05,1.58,40.73434,-111.87210,32.2,15.3,877.1,187.62,3.1
64200.0,1309.7,1.72,0.05,1.72,40.73434,-111.87210,32.2,16.0,877.0,165.39,2.5
64260.0,1309.6,1.40,0.04,1.40,40.73434,-111.87210,32.2,15.4,877.1,182.56,3.2
64320.0,1310.0,1.20,0.05,1.20,40.73434,-111.87210,32.2,15.3,877.1,195.04,3.2
64380.0,1310.3,0.85,0.04,0.85,40.73434,-111.87210,32.2,15.3,877.1,193.21,3.2
64440.0,1310.1,0.86,0.05,0.86,40.73434,-111.87210,32.2,15.4,877.0,166.96,3.6
64500.0,1309.9,0.61,0.04,0.61,40.73434,-111.87210,32.0,16.2,877.0,151.91,4.2
64560.0,1309.8,0.48,0.04,0.48,40.73434,-111.87210,32.0,15.9,877.0,162.11,3.5
64620.0,1309.6,0.79,0.04,0.79,40.73434,-111.87210,32.1,15.5,877.1,191.13,3.4
64680.0,1309.5,0.39,0.04,0.39,40.73434,-111.87210,32.3,15.2,877.0,189.26,3.1
64740.0,1309.4,0.12,0.05,0.12,40.73434,-111.87210,32.2,15.9,877.0,137.81,3.2
64800.0,1309.3,359.54,0.05,359.54,40.73434,-111.87210,32.0,15.9,877.0,132.94,3.7
64860.0,1308.5,359.47,0.05,359.47,40.73434,-111.87210,32.0,16.3,877.0,156.23,2.3
64920.0,1308.4,0.47,0.05,0.47,40.73434,-111.87210,32.0,15.6,877.0,167.81,2.2
64980.0,1308.4,0.51,0.05,0.51,40.73434,-111.87210,31.9,15.3,877.0,181.87,3.8
65040.0,1308.4,0.98,0.05,0.98,40.73434,-111.87210,32.0,15.4,877.0,162.62,3.6
65100.0,1308.5,0.53,0.05,0.53,40.73434,-111.87210,32.0,15.4,877.0,166.87,3.1
65160.0,1308.7,0.14,0.05,0.14,40.73434,-111.87210,32.0,15.4,877.0,175.18,3.3
65220.0,1308.9,0.16,0.05,0.16,40.73434,-111.87210,31.9,15.2,876.9,163.68,3.5
65280.0,1309.1,0.62,0.05,0.62,40.73434,-111.87210,32.0,15.3,876.9,186.57,2.9
65340.0,1309.2,1.12,0.05,1.12,40.73434,-111.87210,32.2,15.7,876.9,176.46,2.7
65400.0,1309.1,0.84,0.05,0.84,40.73434,-111.87210,32.0,15.5,877.0,166.01,4.4
65460.0,1309.4,0.87,0.05,0.87,40.73434,-111.87210,31.9,15.5,876.9,171.71,2.7
65520.0,1309.4,0.61,0.05,0.61,40.73434,-111.87210,31.7,16.6,876.8,149.15,3.1
65580.0,1309.2,0.23,0.05,0.23,40.73434,-111.87210,31.6,16.3,876.9,157.03,2.7
65640.0,1309.4,0.58,0.05,0.58,40.73434,-111.87210,31.7,15.8,876.9,170.39,2.6
65700.0,1309.4,0.67,0.05,0.67,40.73434,-111.87210,31.4,15.7,876.9,163.92,4.7
65760.0,1309.3,0.83,0.05,0.83,40.73434,-111.87210,31.4,15.8,876.9,167.75,4.7
65820.0,1309.0,0.96,0.04,0.96,40.73434,-111.87210,31.4,16.4,876.8,144.74,3.8
65880.0,1308.6,1.01,0.05,1.01,40.73434,-111.87210,31.5,17.3,876.7,136.46,3.5
65940.0,1308.5,0.77,0.05,0.77,40.73434,-111.87210,31.7,16.0,876.8,170.77,3.2
66000.0,1308.4,0.69,0.04,0.69,40.73434,-111.87210,31.8,16.7,876.8,155.24,3.7
66060.0,1308.4,0.98,0.04,0.98,40.73434,-111.87210,32.0,17.2,876.7,150.79,2.6
66120.0,1308.5,1.02,0.04,1.02,40.73434,-111.87210,31.9,17.1,876.7,137.78,4.4
66180.0,1308.5,1.33,0.04,1.33,40.73434,-111.87210,31.7,16.4,876.7,136.85,5.4
66240.0,1308.5,1.38,0.04,1.38,40.73434,-111.87210,31.7,16.1,876.8,158.05,4.2
66300.0,1308.3,1.01,0.05,1.01,40.73434,-111.87210,31.8,16.2,876.7,171.91,3.5
66360.0,1308.2,0.79,0.04,0.79,40.73434,-111.87210,31.9,15.9,876.8,166.75,4.1
66420.0,1308.2,0.92,0.05,0.92,40.73434,-111.87210,32.1,16.4,876.7,164.91,1.8
66480.0,1308.2,0.60,0.05,0.60,40.73434,-111.87210,32.4,16.5,876.7,155.08,1.7
66540.0,1308.2,0.17,0.05,0.17,40.73434,-111.87210,32.4,16.5,876.7,165.01,3.4
66600.0,1308.1,0.25,0.05,0.25,40.73434,-111.87210,32.4,15.9,876.7,172.66,4.1
66660.0,1307.9,0.63,0.04,0.63,40.73434,-111.87210,32.1,15.8,876.7,149.17,6.0
66720.0,1308.0,0.73,0.05,0.73,40.73434,-111.87210,32.3,16.0,876.7,179.14,3.1
66780.0,1308.0,0.76,0.05,0.76,40.73434,-111.87210,32.2,15.6,876.7,179.09,5.0
66840.0,1307.9,1.07,0.05,1.07,40.73434,-111.87210,32.1,15.5,876.7,173.96,5.3
66900.0,1307.9,1.30,0.05,1.30,40.73434,-111.87210,32.0,15.5,876.7,175.98,4.8
66960.0,1307.8,1.25,0.05,1.25,40.73434,-111.87210,32.0,15.7,876.7,185.64,4.2
67020.0,1307.8,0.79,0.05,0.79,40.73434,-111.87210,32.1,15.8,876.6,173.77,3.7
67080.0,1307.9,0.94,0.05,0.94,40.73434,-111.87210,32.3,15.8,876.6,177.44,2.6
67140.0,1308.0,0.99,0.05,0.99,40.73434,-111.87210,32.5,15.9,876.6,184.80,1.7
67200.0,1308.0,0.97,0.05,0.97,40.73434,-111.87210,32.7,16.0,876.6,168.33,3.0
67260.0,1308.0,0.84,0.04,0.84,40.73434,-111.87210,32.4,16.3,876.6,152.51,4.9
67320.0,1308.1,0.58,0.05,0.58,40.73434,-111.87210,32.3,15.5,876.7,187.91,5.0
67380.0,1308.1,0.34,0.04,0.34,40.73434,-111.87210,32.4,15.6,876.7,168.08,3.5
67440.0,1308.1,0.56,0.05,0.56,40.73434,-111.87210,32.4,16.0,876.7,177.00,3.8
67500.0,1308.0,0.69,0.05,0.69,40.73434,-111.87210,32.3,15.6,876.7,160.77,4.8
67560.0,1308.1,0.41,0.05,0.41,40.73434,-111.87210,32.3,16.1,876.6,152.37,3.6
67620.0,1308.2,0.32,0.05,0.32,40.73434,-111.87210,32.5,16.4,876.7,179.34,3.0
67680.0,1308.3,0.60,0.05,0.60,40.73434,-111.87210,32.6,16.0,876.6,165.52,2.7
67740.0,1308.2,0.96,0.06,0.96,40.73434,-111.87210,32.7,15.7,876.7,174.71,2.8
67800.0,1308.3,1.48,0.05,1.48,40.73434,-111.87210,32.7,15.3,876.6,184.77,2.9
67860.0,1308.4,1.53,0.05,1.53,40.73434,-111.87210,32.9,15.4,876.6,173.22,2.9
67920.0,1308.4,1.20,0.05,1.20,40.73434,-111.87210,32.9,15.3,876.6,180.70,3.7
67980.0,1308.6,1.11,0.06,1.11,40.73434,-111.87210,32.6,15.5,876.7,163.75,5.6
68040.0,1308.6,1.21,0.05,1.21,40.73434,-111.87210,32.6,15.9,876.6,171.16,3.8
68100.0,1308.7,1.90,0.05,1.90,40.73434,-111.87210,32.7,16.0,876.6,196.27,3.4
68160.0,1308.7,1.87,0.05,1.87,40.73434,-111.87210,32.8,16.1,876.6,168.07,3.5
68220.0,1308.7,1.37,0.05,1.37,40.73434,-111.87210,32.9,15.8,876.6,188.86,2.7
68280.0,1308.8,0.75,0.05,0.75,40.73434,-111.87210,33.1,16.0,876.6,165.37,2.6
68340.0,1308.7,1.05,0.05,1.05,40.73434,-111.87210,32.9,15.4,876.6,171.07,4.4
68400.0,1308.6,0.94,0.05,0.94,40.73434,-111.87210,32.9,15.4,876.6,179.29,4.1
68460.0,1308.6,0.73,0.05,0.73,40.73434,-111.87210,32.9,15.5,876.6,187.12,4.1
68520.0,1308.8,0.72,0.05,0.72,40.73434,-111.87210,33.0,15.6,876.6,181.42,3.1
68580.0,1308.9,0.83,0.05,0.83,40.73434,-111.87210,32.9,15.8,876.6,163.63,3.6
68640.0,1308.9,1.01,0.05,1.01,40.73434,-111.87210,32.9,16.5,876.6,153.13,4.2
68700.0,1308.7,0.77,0.05,0.77,40.73434,-111.87210,32.8,15.5,876.6,187.00,4.4
68760.0,1308.8,0.28,0.05,0.28,40.73434,-111.87210,32.8,15.8,876.5,159.27,4.0
68820.0,1308.8,0.26,0.06,0.26,40.73434,-111.87210,32.7,15.4,876.6,171.71,5.0
68880.0,1308.8,0.07,0.06,0.07,40.73434,-111.87210,32.6,15.7,876.5,165.42,4.7
