CampaignData_and_Merges/R0/CSL_MobileLab_Parked/raw/20240815/USOS-NOAAIodideCIMS-Halogens_MobileLabGround_20240815_RA.ict
38, 1001
Michael A Robinson, Chris Jernigan, Subi Thakali
NOAA ESRL Chemical Sciences Laboratory and CIRES, U. of Colorado
NOAA Iodide CIMS Instrument
USOS
1, 1
2024, 08, 15, 2024, 08, 18
1
starttime_UTC, seconds_past_midnight, seconds_of_day_since_00:00:00_UTC
6
1, 1, 1, 1, 1, 1
-9999, -9999, -9999, -9999, -9999, -9999
Br2_NOAACIMS, pptv, Gas_Br2_InSitu_S_AVMR, 
BrO_NOAACIMS, pptv, Gas_BrO_InSitu_S_AVMR, 
Cl2_NOAACIMS, pptv, Gas_Cl2_InSitu_S_AVMR, 
ClNO2_NOAACIMS, pptv, Gas_ClNO2_InSitu_S_AVMR, 
BrCl_NOAACIMS, pptv, Gas_BrCl_InSitu_S_AVMR, 
NCl3_NOAACIMS, pptv, Gas_NCl3_InSitu_S_AVMR, 
0
18
PI_CONTACT_INFO: 325 Broadway, R/CSD 7, Boulder, Colorado 80305; michael.a.robinson@noaa.gov; chris.jernigan@noaa.gov;
PLATFORM: NOAA CSL Mobile Lab
LOCATION: SLC, Utah
ASSOCIATED_DATA: 1Hz data also available on request.
INSTRUMENT_INFO: NOAA I- ToF CIMS
DATA_INFO: All data in parts per trillion by volume (pptv). 1 Hz data is available upon request.
UNCERTAINTY: TBD
ULOD_FLAG: -7777
ULOD_VALUE: N/A
LLOD_FLAG: -8888
LLOD_VALUE: N/A
DM_CONTACT_INFO: Nathan Howard; nathan.h.howard@noaa.gov
PROJECT_INFO: USOS, summer 2024. https://csl.noaa.gov/groups/csl7/measurements/2024usos/
STIPULATIONS_ON_USE: Users are strongly encouraged to contact the PI for proper data usage.
OTHER_COMMENTS: 
REVISION: RA
RA: Preliminary Data; For in-field use only
starttime_UTC, Br2_NOAACIMS, BrO_NOAACIMS, Cl2_NOAACIMS, ClNO2_NOAACIMS, BrCl_NOAACIMS, NCl3_NOAACIMS
     0,  0.675,  0.069,  0.694,  0.135,  0.109,  0.004
    60,  0.721,  0.033,  0.596,  0.150,  0.141, -0.034
   120,  0.647, -0.005,  0.643,  0.132,  0.123, -0.039
   180,  0.600,  0.070,  0.663,  0.103,  0.126, -0.026
   240,  0.650,  0.014,  0.777,  0.173,  0.183, -0.015
   300,  0.772,  0.050,  0.710,  0.179,  0.146, -0.040
   360,  0.725,  0.108,  0.832,  0.170,  0.170, -0.011
   420,  0.840,  0.003,  0.793,  0.159,  0.153,  0.003
   480,  0.709,  0.073,  0.916,  0.145,  0.204, -0.032
   540,  0.799,  0.041,  0.767,  0.176,  0.132, -0.065
   600,  0.690,  0.094,  0.847,  0.113,  0.192, -0.009
   660,  0.397, -0.004,  0.793,  0.150,  0.126, -0.036
   720,  0.496,  0.025,  0.800,  0.169,  0.097, -0.077
   780,  0.783,  0.038,  0.715,  0.106,  0.162, -0.093
   840,  0.652,  0.027,  0.690,  0.131,  0.131, -0.080
   900,  0.583, -0.010,  0.842,  0.134,  0.128, -0.017
   960,  0.605,  0.051,  0.916,  0.118,  0.146, -0.060
  1020,  0.911,  0.113,  1.050,  0.138,  0.199, -0.009
  1080,  0.783,  0.046,  0.766,  0.153,  0.175, -0.098
  1140,  0.667,  0.014,  0.850,  0.137,  0.210, -0.075
  1200,  0.732,  0.049,  0.802,  0.118,  0.124, -0.025
  1260,  0.786,  0.038,  0.761,  0.183,  0.153, -0.008
  1320,  0.670,  0.037,  0.778,  0.115,  0.115, -0.078
  1380,  0.632,  0.027,  0.952,  0.164,  0.135, -0.045
  1440,  0.852,  0.073,  0.836,  0.152,  0.186, -0.068
  1500,  0.904,  0.108,  0.757,  0.152,  0.152, -0.069
  1560,  0.611, -0.002,  0.711,  0.095,  0.105, -0.068
  1620,  0.788,  0.090,  0.787,  0.149,  0.117, -0.119
  1680,  0.909,  0.064,  0.875,  0.131,  0.249, -0.052
  1740, -9999.000, -9999.000, -9999.000, -9999.000, -9999.000, -9999.000
  1800,  0.839, -0.002,  1.278,  0.151,  0.134,  4.595
  1860,  0.804,  0.092,  1.811,  0.168,  0.141, 13.396
  1920,  0.881,  0.064,  1.232,  0.118,  0.221,  3.512
  1980,  0.826,  0.045,  0.859,  0.148,  0.133,  0.450
  2040,  0.904,  0.036,  0.754,  0.143,  0.170, -0.005
  2100,  0.945,  0.047,  0.783,  0.112,  0.146, -0.071
  2160,  0.859,  0.039,  0.746,  0.135,  0.094, -0.057
  2220,  0.865,  0.039,  0.836,  0.144,  0.204, -0.084
  2280,  0.697,  0.032,  1.194,  0.158,  0.197, -0.101
  2340,  0.855,  0.044,  0.997,  0.142,  0.192, -0.044
  2400,  0.840,  0.103,  0.799,  0.113,  0.154, -0.014
  2460,  0.777,  0.118,  0.836,  0.160,  0.128, -0.073
  2520,  0.832,  0.060,  0.784,  0.148,  0.165, -0.061
  2580,  0.781,  0.063,  0.750,  0.125,  0.165, -0.083
  2640,  0.822,  0.039,  0.952,  0.112,  0.139, -0.049
  2700,  0.873,  0.033,  0.843,  0.138,  0.195, -0.007
  2760,  0.812,  0.059,  0.846,  0.107,  0.124, -0.057
  2820,  0.876,  0.027,  0.824,  0.095,  0.170, -0.052
  2880,  0.833,  0.036,  0.851,  0.109,  0.132,  0.002
  2940,  0.806,  0.085,  0.806,  0.108,  0.153,  0.050
  3000,  0.732,  0.087,  0.837,  0.102,  0.145, -0.033
  3060,  0.784,  0.141,  0.780,  0.105,  0.133,  0.010
  3120,  0.802,  0.052,  0.899,  0.116,  0.160, -0.027
  3180,  0.798, -0.004,  0.890,  0.129,  0.146, -0.058
  3240,  0.696,  0.042,  0.725,  0.160,  0.112, -0.005
  3300,  0.920,  0.115,  0.825,  0.163,  0.195,  0.025
  3360,  0.878,  0.123,  0.844,  0.082,  0.100,  0.042
  3420,  0.822,  0.082,  0.841,  0.117,  0.161,  0.092
  3480,  0.896,  0.145,  0.910,  0.203,  0.155,  0.040
  3540,  0.930,  0.067,  0.786,  0.137,  0.140, -0.007
  3600, -9999.000, -9999.000, -9999.000, -9999.000, -9999.000, -9999.000
  3660,  0.640,  0.060,  0.805,  0.103,  0.119,  0.048
  3720,  0.775,  0.071,  0.817,  0.123,  0.153,  0.077
  3780,  0.763,  0.060,  0.801,  0.145,  0.163,  0.068
  3840,  0.848,  0.131,  0.791,  0.154,  0.170,  0.080
  3900,  0.938,  0.071,  0.826,  0.121,  0.147,  0.051
  3960,  0.790,  0.036,  0.786,  0.145,  0.159,  0.057
  4020,  0.713,  0.066,  0.618,  0.162,  0.165,  0.004
  4080,  0.861,  0.095,  0.698,  0.156,  0.143,  0.040
  4140,  0.809,  0.052,  0.696,  0.178,  0.191,  0.057
  4200,  0.829,  0.033,  0.748,  0.172,  0.112,  0.122
  4260,  0.916,  0.132,  0.764,  0.113,  0.139,  0.044
  4320,  0.933,  0.032,  0.759,  0.129,  0.160,  0.084
  4380,  0.859,  0.017,  0.740,  0.134,  0.122,  0.022
  4440,  0.884,  0.032,  0.694,  0.107,  0.085,  0.051
  4500,  0.792,  0.014,  0.780,  0.154,  0.094,  0.006
  4560,  0.782,  0.064,  0.689,  0.130,  0.112, -0.019
  4620,  0.945,  0.056,  0.701,  0.122,  0.149,  0.034
  4680,  0.813,  0.008,  0.755,  0.074,  0.121,  0.010
  4740,  0.811,  0.032,  0.753,  0.142,  0.150,  0.075
  4800,  0.818, -0.017,  0.728,  0.123,  0.083,  0.195
  4860,  0.919, -9999.000,  0.709,  0.106,  0.093, -0.012
  4920,  0.756, -9999.000,  0.661,  0.153,  0.056, -0.024
  4980,  0.542, -9999.000,  0.709,  0.083, -0.008, -0.014
  5040,  0.868, -9999.000,  0.690,  0.102,  0.091,  0.053
  5100,  0.944, -9999.000,  0.923,  0.187,  0.147,  0.095
  5160,  1.050, -9999.000,  0.916,  0.204,  0.116,  0.085
  5220,  0.930, -9999.000,  1.112,  0.095,  0.075,  0.093
  5280,  0.824, -9999.000,  0.833,  0.176,  0.108,  0.043
  5340,  0.929, -9999.000,  0.771,  0.152,  0.076,  0.006
  5400,  0.867, -9999.000,  0.737,  0.168,  0.138,  0.088
  5460, -9999.000, -9999.000, -9999.000, -9999.000, -9999.000, -9999.000
  5520,  0.863, -9999.000,  0.774,  0.220,  0.093,  0.066
  5580,  0.929, -9999.000,  0.811,  0.165,  0.067,  0.056
  5640,  0.916, -9999.000,  0.739,  0.135,  0.090,  0.053
  5700,  0.879, -9999.000,  0.688,  0.199,  0.081,  0.048
  5760,  0.985, -9999.000,  0.955,  0.222,  0.098,  0.142
  5820,  0.851, -9999.000,  1.932,  0.275,  0.060,  0.937
  5880,  0.929, -9999.000,  1.200,  0.237,  0.092,  0.209
  5940,  0.795, -9999.000,  1.811,  0.257,  0.125,  0.687
  6000,  0.995, -9999.000,  2.319,  0.288,  0.135,  1.110
  6060,  0.852, -9999.000,  2.788,  0.332,  0.113,  1.602
  6120,  0.812, -9999.000,  2.101,  0.338,  0.086,  0.833
  6180,  0.856, -9999.000,  0.893,  0.140,  0.081,  0.169
  6240,  0.808, -9999.000,  0.898,  0.165,  0.070,  0.060
  6300,  0.811, -9999.000,  0.963,  0.164,  0.098,  0.122
  6360,  0.731, -9999.000,  0.833,  0.147,  0.089,  0.185
  6420,  0.893, -9999.000,  0.993,  0.196,  0.123,  0.245
  6480,  0.819, -9999.000,  1.025,  0.235,  0.119,  0.572
  6540,  0.790, -9999.000,  1.209,  0.237,  0.070,  0.812
  6600,  0.768, -9999.000,  1.247,  0.242,  0.075,  0.922
  6660,  0.689, -9999.000,  1.043,  0.286,  0.089,  0.784
  6720,  0.828, -9999.000,  1.170,  0.243,  0.131,  1.043
  6780,  0.904, -9999.000,  1.944,  0.337,  0.087,  1.353
  6840,  0.717, -9999.000,  2.485,  0.415,  0.121,  1.931
  6900,  0.781, -9999.000,  3.682,  0.417,  0.067,  2.336
  6960,  0.641, -9999.000,  5.999,  0.576,  0.147,  3.861
  7020,  0.727, -9999.000,  5.167,  0.580,  0.125,  4.256
  7080,  0.738, -9999.000,  3.508,  0.463,  0.125,  2.625
  7140,  0.654, -9999.000,  3.015,  0.582,  0.102,  3.300
  7200,  0.763, -9999.000,  2.675,  0.675,  0.135,  3.961
  7260,  0.708, -9999.000,  2.594,  0.561,  0.069,  3.907
  7320,  0.607, -9999.000,  0.967,  0.200,  0.193,  0.981
  7380,  0.628, -9999.000,  0.959,  0.281,  0.092,  0.993
  7440,  0.751, -9999.000,  0.876,  0.311,  0.105,  0.566
  7500,  0.711, -9999.000,  1.033,  0.334,  0.154,  0.683
  7560,  0.591, -9999.000,  0.881,  0.250,  0.125,  0.434
  7620,  0.750, -9999.000,  1.001,  0.292,  0.157,  0.445
  7680,  0.540, -9999.000,  1.112,  0.321,  0.138,  0.453
  7740,  0.506, -9999.000,  1.059,  0.297,  0.196,  0.483
  7800,  0.643, -9999.000,  0.971,  0.274,  0.135,  0.634
  7860,  0.576, -9999.000,  0.972,  0.287,  0.136,  0.747
  7920,  0.568, -9999.000,  0.995,  0.303,  0.156,  0.782
  7980,  0.537, -9999.000,  0.924,  0.283,  0.123,  0.757
  8040,  0.717, -9999.000,  0.937,  0.222,  0.177,  0.853
  8100,  0.614, -9999.000,  0.906,  0.288,  0.157,  0.598
  8160,  0.625, -9999.000,  0.795,  0.249,  0.103,  0.657
  8220,  0.580, -9999.000,  0.848,  0.199,  0.124,  0.626
  8280,  0.627, -9999.000,  0.775,  0.197,  0.151,  0.489
  8340,  0.596, -9999.000,  0.820,  0.202,  0.114,  0.519
  8400,  0.654, -9999.000,  0.792,  0.214,  0.148,  0.660
  8460,  0.672, -9999.000,  0.801,  0.181,  0.143,  0.782
  8520,  0.654, -9999.000,  0.864,  0.217,  0.127,  0.854
  8580,  0.683, -9999.000,  0.887,  0.183,  0.145,  1.128
  8640,  0.578, -9999.000,  0.863,  0.208,  0.130,  1.238
  8700,  0.607, -9999.000,  0.756,  0.187,  0.127,  1.243
  8760,  0.620, -9999.000,  0.774,  0.201,  0.179,  1.384
  8820,  0.460, -9999.000,  0.790,  0.175,  0.220,  1.204
  8880,  0.699, -9999.000,  0.622,  0.193,  0.188,  1.321
  8940,  0.753, -9999.000,  0.766,  0.227,  0.128,  1.453
  9000,  0.463, -9999.000,  0.699,  0.213,  0.094,  1.161
  9060,  0.431, -9999.000,  0.671,  0.221,  0.077,  1.097
  9120, -9999.000, -9999.000, -9999.000, -9999.000, -9999.000, -9999.000
  9180,  0.434, -9999.000,  0.651,  0.155,  0.096,  0.825
  9240,  0.483, -9999.000,  0.611,  0.190,  0.092,  0.898
  9300,  0.576, -9999.000,  0.636,  0.196,  0.098,  0.980
  9360,  0.573, -9999.000,  0.612,  0.242,  0.142,  1.303
  9420,  0.678, -9999.000,  0.609,  0.184,  0.146,  1.191
  9480,  0.617, -9999.000,  0.598,  0.192,  0.136,  1.235
  9540,  0.650, -9999.000,  0.549,  0.247,  0.157,  1.125
  9600,  0.577, -9999.000,  0.637,  0.168,  0.127,  1.051
  9660,  0.691, -9999.000,  0.594,  0.164,  0.148,  0.902
  9720,  0.620, -9999.000,  0.649,  0.171,  0.103,  1.100
  9780,  0.660, -9999.000,  0.600,  0.231,  0.153,  1.047
  9840,  0.472, -9999.000,  0.631,  0.170,  0.161,  1.218
  9900,  0.726,  0.042,  0.622,  0.192,  0.113,  1.254
  9960,  0.615,  0.117,  0.610,  0.193,  0.152,  1.522
 10020,  0.659,  0.024,  0.597,  0.234,  0.107,  1.304
 10080,  0.676,  0.099,  0.593,  0.210,  0.111,  1.695
 10140,  0.614,  0.031,  0.565,  0.205,  0.106,  1.482
 10200,  0.651,  0.113,  0.559,  0.198,  0.146,  1.768
 10260,  0.725,  0.092,  0.580,  0.261,  0.159,  1.778
 10320,  0.440,  0.029,  0.662,  0.214,  0.129,  1.553
 10380,  0.636,  0.036,  0.532,  0.165,  0.214,  1.968
 10440,  0.604,  0.086,  0.586,  0.198,  0.174,  2.016
 10500,  0.469,  0.044,  0.533,  0.142,  0.131,  2.195
 10560,  0.655,  0.052,  0.532,  0.149,  0.158,  2.525
 10620,  0.702,  0.029,  0.561,  0.151,  0.173,  2.157
 10680,  0.540,  0.095,  0.546,  0.153,  0.157,  2.513
 10740,  0.741,  0.131,  0.488,  0.173,  0.155,  1.658
 10800,  0.656,  0.093,  0.433,  0.108,  0.204,  1.239
 10860,  0.617,  0.052,  0.544,  0.142,  0.124,  1.144
 10920,  0.618,  0.062,  0.427,  0.134,  0.176,  0.964
 10980, -9999.000, -9999.000, -9999.000, -9999.000, -9999.000, -9999.000
 11040,  0.492,  0.006,  0.458,  0.065,  0.097,  0.556
 11100,  0.691,  0.044,  0.410,  0.109,  0.128,  0.838
 11160,  0.667,  0.134,  0.518,  0.098,  0.190,  0.825
 11220,  0.721,  0.073,  0.423,  0.110,  0.112,  0.617
 11280,  0.392,  0.026,  0.353,  0.065,  0.093,  0.505
 11340,  0.423,  0.040,  0.413,  0.106,  0.093,  0.526
 11400,  0.724,  0.075,  0.383,  0.134,  0.123,  0.699
 11460,  0.584,  0.020,  0.496,  0.147,  0.155,  0.940
 11520,  0.600,  0.017,  0.423,  0.142,  0.099,  0.858
 11580,  0.669,  0.007,  0.475,  0.123,  0.135,  0.867
 11640,  0.677,  0.061,  0.456,  0.129,  0.150,  0.957
 11700,  0.804,  0.096,  0.514,  0.109,  0.133,  0.968
 11760,  0.697,  0.083,  0.453,  0.144,  0.151,  1.075
 11820,  0.766,  0.056,  0.516,  0.106,  0.148,  1.465
 11880,  0.606,  0.076,  0.475,  0.130,  0.156,  1.489
 11940,  0.628,  0.059,  0.474,  0.154,  0.168,  1.405
 12000,  0.671,  0.057,  0.525,  0.128,  0.102,  1.178
 12060,  0.666,  0.076,  0.425,  0.147,  0.140,  1.210
 12120,  0.683,  0.001,  0.450,  0.131,  0.109,  0.981
 12180,  0.569,  0.046,  0.506,  0.183,  0.113,  1.002
 12240,  0.673,  0.069,  0.491,  0.115,  0.089,  1.100
 12300,  0.718,  0.044,  0.469,  0.175,  0.094,  1.465
 12360,  0.562,  0.055,  0.484,  0.153,  0.116,  1.438
 12420,  0.659,  0.035,  0.614,  0.181,  0.155,  1.599
 12480,  0.678,  0.007,  0.598,  0.153,  0.083,  1.465
 12540,  0.614,  0.106,  0.606,  0.163,  0.100,  1.535
 12600,  0.640,  0.028,  0.561,  0.168,  0.072,  1.402
 12660,  0.641,  0.058,  0.528,  0.164,  0.078,  1.372
 12720,  0.676,  0.052,  0.481,  0.152,  0.115,  1.310
 12780,  0.694, -9999.000,  0.574,  0.224,  0.079,  1.188
 12840, -9999.000, -9999.000, -9999.000, -9999.000, -9999.000, -9999.000
 12900,  0.617, -9999.000,  0.459,  0.158,  0.105,  1.090
 12960,  0.445, -9999.000,  0.466,  0.143,  0.079,  0.635
 13020,  0.662, -9999.000,  0.511,  0.179,  0.116,  0.893
 13080,  0.745, -9999.000,  0.463,  0.173,  0.100,  0.866
 13140,  0.636, -9999.000,  0.465,  0.211,  0.113,  0.933
 13200,  0.698, -9999.000,  0.474,  0.152,  0.085,  0.876
 13260,  0.648, -9999.000,  0.478,  0.202,  0.128,  3.449
 13320,  0.658, -9999.000,  0.780,  0.217,  0.113, 14.641
 13380,  0.687, -9999.000,  1.086,  0.367,  0.159, 22.978
 13440,  0.678, -9999.000,  0.711,  0.238,  0.095, 13.769
 13500,  0.718, -9999.000,  0.815,  0.260,  0.095, 14.167
 13560,  0.617, -9999.000,  0.721,  0.268,  0.097, 12.665
 13620,  0.678, -9999.000,  0.870,  0.314,  0.121, 18.436
 13680,  0.690, -9999.000,  0.943,  0.317,  0.110, 24.070
 13740,  0.680, -9999.000,  0.759,  0.264,  0.111, 13.806
 13800,  0.711, -9999.000,  0.780,  0.267,  0.143, 13.001
 13860,  0.618, -9999.000,  0.927,  0.290,  0.070, 17.598
 13920,  0.631, -9999.000,  0.847,  0.259,  0.072, 17.735
 13980,  0.669, -9999.000,  0.877,  0.274,  0.139, 17.953
 14040,  0.691, -9999.000,  0.903,  0.288,  0.110, 20.295
 14100,  0.719, -9999.000,  0.570,  0.166,  0.089,  9.963
 14160,  0.531, -9999.000,  0.746,  0.197,  0.048, 13.678
 14220,  0.637, -9999.000,  0.832,  0.251,  0.117, 19.396
 14280,  0.597, -9999.000,  0.613,  0.236,  0.124, 10.853
 14340,  0.767, -9999.000,  0.746,  0.257,  0.130, 15.096
 14400,  0.690, -9999.000,  0.697,  0.197,  0.091, 10.938
 14460,  0.604, -9999.000,  0.680,  0.251,  0.087, 14.047
 14520,  0.658, -9999.000,  0.781,  0.287,  0.105, 13.597
 14580,  0.690, -9999.000,  0.585,  0.197,  0.116,  9.716
 14640,  0.725, -9999.000,  0.917,  0.209,  0.094, 25.653
 14700,  0.658, -9999.000,  0.551,  0.307,  0.001,  8.189
 14760,  0.672, -9999.000,  0.910,  0.280,  0.124, 19.451
 14820,  0.628, -9999.000,  0.555,  0.186,  0.098,  7.882
 14880,  0.682, -9999.000,  0.741,  0.245,  0.161, 17.318
 14940,  0.702, -9999.000,  0.670,  0.242,  0.096, 13.245
 15000,  0.779, -9999.000,  0.755,  0.255,  0.103, 18.319
 15060,  0.631, -9999.000,  0.659,  0.287,  0.115, 10.156
 15120,  0.632, -9999.000,  0.783,  0.313,  0.111, 19.175
 15180,  0.757, -9999.000,  0.544,  0.216,  0.078,  6.331
 15240,  0.710, -9999.000,  0.642,  0.241,  0.121, 14.145
 15300,  0.703, -9999.000,  0.754,  0.341,  0.096, 12.718
 15360,  0.657, -9999.000,  0.865,  0.261,  0.106, 18.579
 15420,  0.768, -9999.000,  0.482,  0.196,  0.090,  2.506
 15480,  0.701, -9999.000,  0.528,  0.195,  0.116,  4.341
 15540,  0.691, -9999.000,  0.661,  0.202,  0.117, 10.410
 15600,  0.763, -9999.000,  0.625,  0.173,  0.104,  8.343
 15660,  0.764, -9999.000,  0.596,  0.243,  0.142,  7.185
 15720,  0.752, -9999.000,  0.566,  0.231,  0.129,  4.178
 15780,  0.756, -9999.000,  0.516,  0.174,  0.111,  5.153
 15840,  0.718, -9999.000,  0.511,  0.181,  0.109,  4.641
 15900,  0.699, -9999.000,  0.679,  0.276,  0.133, 11.276
 15960,  0.564, -9999.000,  0.367,  0.159,  0.054,  1.220
 16020,  0.591, -9999.000,  0.483,  0.181,  0.147,  3.588
 16080,  0.723, -9999.000,  0.520,  0.153,  0.127,  1.495
 16140,  0.719, -9999.000,  0.443,  0.196,  0.126,  1.993
 16200,  0.737, -9999.000,  0.474,  0.198,  0.122,  4.263
 16260,  0.770, -9999.000,  0.503,  0.185,  0.125,  4.127
 16320,  0.764, -9999.000,  0.543,  0.207,  0.139,  4.654
 16380,  0.580,  0.104,  0.433,  0.197,  0.092,  3.056
 16440,  0.775,  0.091,  0.495,  0.183,  0.103,  3.386
 16500,  0.828,  0.260,  0.696,  0.133,  0.066,  7.506
 16560,  0.617,  0.096,  0.595,  0.176,  0.020,  3.246
 16620,  0.713,  0.042,  0.469,  0.155,  0.117,  3.109
 16680,  0.708,  0.071,  0.465,  0.177,  0.118,  2.984
 16740,  0.767,  0.079,  0.405,  0.144,  0.108,  2.468
 16800,  0.713,  0.067,  0.432,  0.140,  0.157,  1.549
