CampaignData_and_Merges/R0/CSL_MobileLab_Parked/raw/20240815/USOS-NOy-LIF_MobileLabGround_20240815_R0.ict
39,1001
Rollins, A.; Waxman, E.; Zuraski, K.; Chace, W.
NOAA Chemical Sciences Laboratory
LIF NO/NOx/NOy on CSL Mobile Lab
AMMBEC / USOS
1, 1
2024,08,15, 2025,01,06
1
Time_Start, seconds, number_of_seconds_since_0000_UTC
7
1, 1, 1, 1, 1, 1, 1
-9999, -9999, -9999, -9999, -9999, -9999, -9999
Time_Stop, seconds, number_of_seconds_since_0000_UTC
NO_LIF, pptv, Gas_NO_InSitu_S_AVMR, volume mixing ratio of nitric oxide in air
NO2_LIF, pptv, Gas_NO2_InSitu_S_AVMR, volume mixing ratio of nitrogen dioxide in air
NOy_LIF, pptv, Gas_NOy_InSitu_S_AVMR, volume mixing ratio of total oxidized nitrogen in air
NO_LIF_1SigmaAccuracy, pptv, Gas_NO_InSitu_S_AVMR, volume mixing ratio of nitric oxide in air
NO2_LIF_1SigmaAccuracy, pptv, Gas_NO2_InSitu_S_AVMR, volume mixing ratio of nitrogen dioxide in air
NOy_LIF_1SigmaAccuracy, pptv, Gas_NOy_InSitu_S_AVMR, volume mixing ratio of total oxidized nitrogen in air
0
18
PI_CONTACT_INFO: andrew.rollins@noaa.gov
PLATFORM: CSL Mobile Lab
LOCATION: Salt Lake City, UT
ASSOCIATED_DATA:
INSTRUMENT_INFO: NO detection by laser induced fluorescence. NO2 detection by photolytic conversion to NO. NOy detection by catalytic conversion to NO on gold surface
DATA_INFO:
UNCERTAINTY: Included 1 Sigma Accuracy waves represent the combined calibration uncertainties (±6%, ±9%, ±10%) and zero uncertainties (3 ppt, 20 ppt, 100 ppt) for NO, NO2, and NOy, respectively.
ULOD_FLAG: -7777
ULOD_VALUE: N/A
LLOD_FLAG: -8888
LLOD_VALUE: N/A
DM_CONTACT_INFO: andrew.rollins@noaa.gov
PROJECT_INFO: USOS Project, July - August 2024
STIPULATIONS_ON_USE: Users are strongly encouraged to contact the PI for proper data usage.
OTHER_COMMENTS:
REVISION: R0
R0: final data
Time_Start, Time_Stop, NO_LIF, NO2_LIF, NOy_LIF, NO_LIF_1SigmaAccuracy, NO2_LIF_1SigmaAccuracy, NOy_LIF_1SigmaAccuracy
[from data line 263]
   15780,   15840,176.16,2172.2,3386.2,13.57, 215.5, 438.62
   15840,   15900,115.33,2340.5,3339.3,9.9196, 230.65, 433.93
   15900,   15960,62.721,2059.3,3314.5,6.7633, 205.34, 431.45
   15960,   16020,52.842,1813.6,2879.4,6.1705, 183.22, 387.94
   16020,   16080,34.808,1671.6,2697.2,5.0885, 170.44, 369.72
   16080,   16140,138.47,1816.3,2901.3,11.308, 183.46, 390.13
   16140,   16200,179.45,2383.4,3662.1,13.767, 234.5, 466.21
   16200,   16260,178.68,2705.1,3727.8,13.721, 263.46, 472.78
   16260,   16320,458.42,2611.7,4105.6,30.505, 255.06, 510.56
   16320,   16380,1032.9,4821.1,6629,64.975, 453.9, 762.9
   16380,   16440,343.9,3798.7,5321.4,23.634, 361.88, 632.14
   16440,   16500,62.464,1965.3,3667.5,6.7478, 196.88, 466.75
   16500,   16560,150.9,2093.5,3033.7,12.054, 208.41, 403.37
   16560,   16620,64.745,1778.1,2858.9,6.8847, 180.03, 385.89
   16620,   16680,91.188,2004,3185,8.4713, 200.36, 418.5
   16680,   16740,57.181,1767.5,2835.4,6.4309, 179.07, 383.54
   16740,   16800,136.44,1964.9,2895,11.187, 196.84, 389.5
   16800,   16860,78.727,1705,2925.4,7.7236, 173.45, 392.54
   16860,   16920,352.33,2660.1,3764.5,24.14, 259.41, 476.45
   16920,   16980,192.52,2578.6,4824.7,14.551, 252.07, 582.47
   16980,   17040,180.47,2097,3309.4,13.828, 208.73, 430.94
   17040,   17100,73.366,1491.1,2424.5,7.402, 154.2, 342.45
   17100,   17160,56.915,1353.4,2335,6.4149, 141.81, 333.5
   17160,   17220,76.588,1358.9,2274.9,7.5953, 142.3, 327.49
   17220,   17280,43.862,1262.3,2226.6,5.6317, 133.6, 322.66
   17280,   17340,89.486,1386.6,2240.3,8.3692, 144.79, 324.03
   17340,   17400,57.337,1415,2389.3,6.4402, 147.35, 338.93
   17400,   17460,30.845,1287,2204.9,4.8507, 135.83, 320.49
   17460,   17520,28.699,1304.9,2205.8,4.7219, 137.44, 320.58
   17520,   17580,65.763,1371,2305.8,6.9458, 143.39, 330.58
   17580,   17640,75.33,1345.8,2285.5,7.5198, 141.12, 328.55
   17640,   17700,90.607,1517.1,2447.5,8.4364, 156.54, 344.75
   17700,   17760,64.361,1457.8,2502.7,6.8616, 151.2, 350.27
   17760,   17820,108.48,1612.2,2551.1,9.5088, 165.1, 355.11
   17820,   17880,63.985,1593.3,2596.7,6.8391, 163.39, 359.67
   17880,   17940,41.152,1418.4,2426.7,5.4691, 147.65, 342.67
   17940,   18000,35.921,1368.7,2299.9,5.1553, 143.18, 329.99
   18000,   18060,40.491,1445.1,2346.9,5.4294, 150.06, 334.69
   18060,   18120,51.37,1482.5,2477.3,6.0822, 153.43, 347.73
   18120,   18180,70.267,1556.3,2669.6,7.216, 160.07, 366.96
   18180,   18240,30.563,1536.7,2430,4.8338, 158.3, 343
   18240,   18300,30.975,1445.7,2262.1,4.8585, 150.11, 326.21
   18300,   18360,48.047,1538.9,2337.3,5.8828, 158.5, 333.73
   18360,   18420,155.48,1692.9,2496,12.329, 172.36, 349.6
   18420,   18480,305.73,2192.8,3294.8,21.344, 217.35, 429.48
   18480,   18540,122.89,2008.3,2957,10.374, 200.75, 395.7
   18540,   18600,31.16,2189.7,3209.3,4.8696, 217.07, 420.93
   18600,   18660,30.988,2994.7,3822,4.8593, 289.52, 482.2
   18660,   18720,24.447,3903.8,4846.5,4.4668, 371.34, 584.65
   18720,   18780,26.039,4524.8,5699.6,4.5623, 427.23, 669.96
   18780,   18840,19.705,5099.9,6225.9,4.1823, 478.99, 722.59
   18840,   18900,17.781,5422.7,6656.2,4.0669, 508.04, 765.62
   18900,   18960,11.219,5542.1,6774.2,3.6732, 518.79, 777.42
   18960,   19020,15.115,5510.7,6723.9,3.9069, 515.97, 772.39
   19020,   19080,19.862,5115.9,6498.4,4.1917, 480.44, 749.84
   19080,   19140,102.08,5657.9,7116.4,9.1245, 529.21, 811.64
   19140,   19200,172.4,5990.5,7443.3,13.344, 559.14, 844.33
   19200,   19260,50.14,5248.5,6592.3,6.0084, 492.36, 759.23
   19260,   19320,26.864,4975.7,5964.4,4.6118, 467.81, 696.44
   19320,   19380,29.118,5018.6,5977.4,4.7471, 471.68, 697.74
   19380,   19440,11.964,4740.6,5912.7,3.7178, 446.66, 691.27
   19440,   19500,8.1563,4902.6,6023.4,3.4894, 461.23, 702.34
   19500,   19560,7.6152,4031.2,5089.7,3.4569, 382.81, 608.97
   19560,   19620,29.491,3922.3,4942.2,4.7695, 373, 594.22
   19620,   19680,14.974,4312.8,5362.4,3.8984, 408.15, 636.24
   19680,   19740,35.565,4459.4,5508.8,5.1339, 421.35, 650.88
   19740,   19800,107.26,4860,5854.9,9.4354, 457.4, 685.49
   19800,   19860,229.06,4487.9,6075.1,16.744, 423.91, 707.51
   19860,   19920,12.012,2829.7,4140.8,3.7207, 274.68, 514.08
   19920,   19980,11.068,3348.3,4349,3.6641, 321.35, 534.9
   19980,   20040,89.021,4359,4581.6,8.3413, 412.31, 558.16
   20040,   20100,50.374,4195.7,5283.4,6.0224, 397.61, 628.34
   20100,   20160,13.652,2663.8,3832,3.8191, 259.74, 483.2
   20160,   20220,-9999,-9999,-9999,-9999, -9999, -9999
   20220,   20280,-9999,-9999,-9999,-9999, -9999, -9999
   20280,   20340,-9999,-9999,-9999,-9999, -9999, -9999
   20340,   20400,-9999,-9999,-9999,-9999, -9999, -9999
   20400,   20460,-9999,-9999,-9999,-9999, -9999, -9999
   20460,   20520,-9999,-9999,-9999,-9999, -9999, -9999
   20520,   20580,-9999,-9999,-9999,-9999, -9999, -9999
   20580,   20640,14.984,2714.4,3847.2,3.8991, 264.29, 484.72
   20640,   20700,41.445,2903.3,3970.5,5.4867, 281.3, 497.05
   20700,   20760,67.035,2671.3,4226.2,7.0221, 260.42, 522.62
   20760,   20820,154.76,3219.9,4157,12.286, 309.79, 515.7
   20820,   20880,396.08,2745.5,4011.6,26.765, 267.1, 501.16
   20880,   20940,278.17,2979,3630.1,19.69, 288.11, 463.01
   20940,   21000,146.99,2564.9,3777.6,11.82, 250.84, 477.76
   21000,   21060,38.526,2257.5,3489.8,5.3116, 223.17, 448.98
   21060,   21120,120.66,2952.6,3962.9,10.24, 285.73, 496.29
   21120,   21180,678.95,5453.1,5220.9,43.737, 510.78, 622.09
   21180,   21240,240.24,4206.9,6247.7,17.414, 398.62, 724.77
   21240,   21300,80.871,2189.1,3503.8,7.8523, 217.02, 450.38
   21300,   21360,59.126,1831.7,2596.8,6.5475, 184.85, 359.68
   21360,   21420,26.389,1482.2,2223.6,4.5833, 153.39, 322.36
   21420,   21480,17.133,1473.8,2244.6,4.028, 152.64, 324.46
   21480,   21540,11.241,1454.1,2214,3.6744, 150.87, 321.4
   21540,   21600,2168.4,7384.8,8807.9,133.11, 684.63, 980.79
   21600,   21660,357.01,4677.6,6639.6,24.42, 440.99, 763.96
   21660,   21720,216,3435,5466.1,15.96, 329.15, 646.61
   21720,   21780,25.475,2132.9,3318.2,4.5285, 211.97, 431.82
   21780,   21840,14.869,1964.8,2783.1,3.8922, 196.84, 378.31
   21840,   21900,35.455,1881.4,2735.7,5.1273, 189.32, 373.57
   21900,   21960,9.8913,1390.4,2094.8,3.5935, 145.13, 309.48
   21960,   22020,20.19,1663.6,2408.9,4.2114, 169.72, 340.89
   22020,   22080,20.833,1591,2525.6,4.25, 163.19, 352.56
   22080,   22140,15.378,1432,2217.2,3.9227, 148.88, 321.72
   22140,   22200,14.215,1366.5,2176.6,3.8529, 142.99, 317.66
   22200,   22260,9.1542,1153.4,2059.7,3.5493, 123.81, 305.97
   22260,   22320,67.383,1427.4,2121.2,7.043, 148.46, 312.12
   22320,   22380,56.616,1665.9,2748.3,6.3969, 169.94, 374.83
   22380,   22440,51.39,1324.1,2352.2,6.0834, 139.17, 335.22
   22440,   22500,165.8,1624.6,2877.8,12.948, 166.21, 387.78
   22500,   22560,112.11,1355.1,2530.5,9.7269, 141.96, 353.05
   22560,   22620,77.623,1420.3,2559.1,7.6574, 147.83, 355.91
   22620,   22680,33.427,989.39,1839.3,5.0056, 109.04, 283.93
   22680,   22740,21.32,961.42,1685.9,4.2792, 106.53, 268.59
   22740,   22800,16.913,1032.5,1821.3,4.0148, 112.92, 282.13
   22800,   22860,27.674,1025.3,1804.3,4.6605, 112.28, 280.43
   22860,   22920,265.54,1409.5,3357.3,18.932, 146.85, 435.73
   22920,   22980,80.593,1450.6,3466.4,7.8356, 150.55, 446.64
   22980,   23040,33.13,1175.1,2077.7,4.9878, 125.76, 307.77
   23040,   23100,46.954,1357.3,2276.9,5.8172, 142.16, 327.69
   23100,   23160,1061.4,2086.8,3984.5,66.685, 207.82, 498.45
   23160,   23220,162.4,1432.9,3095.5,12.744, 148.96, 409.55
   23220,   23280,130.72,1667.7,2572.1,10.843, 170.09, 357.21
   23280,   23340,69.36,1974.1,2861.8,7.1616, 197.67, 386.18
   23340,   23400,151.75,3976.4,5113.6,12.105, 377.88, 611.36
   23400,   23460,108.81,4281.4,5421.6,9.5284, 405.33, 642.16
   23460,   23520,30.109,2018.8,3788.9,4.8065, 201.69, 478.89
   23520,   23580,22.176,2930.6,4371.4,4.3306, 283.76, 537.14
   23580,   23640,64.868,2057.6,2850.5,6.8921, 205.18, 385.05
   23640,   23700,119.08,2694.8,3789.5,10.145, 262.53, 478.95
   23700,   23760,29.536,1778.9,3060.7,4.7722, 180.1, 406.07
   23760,   23820,38.613,1530,2351.7,5.3168, 157.7, 335.17
   23820,   23880,31.724,1300.3,2375.6,4.9035, 137.03, 337.56
   23880,   23940,9.3716,971.8,1780.8,3.5623, 107.46, 278.08
   23940,   24000,99.941,1632.7,2511.5,8.9965, 166.94, 351.15
   24000,   24060,31.021,2043.4,3206.9,4.8613, 203.9, 420.69
   24060,   24120,24.372,2391,3170.2,4.4623, 235.19, 417.02
   24120,   24180,84.664,2423.2,3507.9,8.0798, 238.09, 450.79
   24180,   24240,79.244,1885.1,3343.5,7.7546, 189.66, 434.35
   24240,   24300,23.775,1885.2,2582.2,4.4265, 189.67, 358.22
   24300,   24360,11.034,2368.9,3080.6,3.662, 233.2, 408.06
   24360,   24420,18.257,3139.1,4186.7,4.0954, 302.52, 518.67
   24420,   24480,26.799,2730.8,3864,4.6079, 265.77, 486.4
   24480,   24540,534.52,2342.8,3883.3,35.071, 230.85, 488.33
   24540,   24600,73.506,1677.3,2957.5,7.4104, 170.95, 395.75
   24600,   24660,27.352,1654.3,2562.7,4.6411, 168.89, 356.27
   24660,   24720,33.794,1491,2358.2,5.0277, 154.19, 335.82
   24720,   24780,22.922,1302.8,2190.7,4.3753, 137.26, 319.07
   24780,   24840,79.558,1837,2404.8,7.7735, 185.33, 340.48
   24840,   24900,151.32,3387.2,5803.5,12.079, 324.85, 680.35
   24900,   24960,16.905,1456.3,2250.5,4.0143, 151.07, 325.05
   24960,   25020,49.874,1474.2,2299.4,5.9924, 152.68, 329.94
   25020,   25080,83.83,1594.6,2605.5,8.0298, 163.51, 360.55
   25080,   25140,35.392,1145.7,2078.8,5.1235, 123.11, 307.88
   25140,   25200,17.802,1078.2,1851,4.0681, 117.04, 285.1
   25200,   25260,14.777,982.31,1715,3.8866, 108.41, 271.5
   25260,   25320,12.788,991.81,1715.5,3.7673, 109.26, 271.55
   25320,   25380,22.104,1029.7,1764.6,4.3263, 112.67, 276.46
   25380,   25440,48.961,1095.9,1848.8,5.9377, 118.63, 284.88
   25440,   25500,27.717,1039.1,1768.8,4.663, 113.52, 276.88
   25500,   25560,37.248,1000.8,1812.1,5.2349, 110.07, 281.21
   25560,   25620,30.566,1037.6,1747,4.834, 113.39, 274.7
   25620,   25680,22.685,1043.3,1754.1,4.3611, 113.9, 275.41
   25680,   25740,28.353,1033.9,1816.7,4.7012, 113.05, 281.67
   25740,   25800,33.49,1093,1843,5.0094, 118.37, 284.3
   25800,   25860,32.125,1094.7,1924.6,4.9275, 118.52, 292.46
   25860,   25920,36.059,1061.4,1783.7,5.1636, 115.53, 278.37
   25920,   25980,43.027,1149.3,1872.3,5.5816, 123.43, 287.23
   25980,   26040,33.24,1115.6,1875.3,4.9944, 120.4, 287.53
   26040,   26100,36.173,1126.9,1934.5,5.1704, 121.42, 293.45
   26100,   26160,41.028,1106.4,1885.7,5.4617, 119.58, 288.57
   26160,   26220,68.637,1188,2001.6,7.1182, 126.92, 300.16
   26220,   26280,55.439,1203.4,2037.4,6.3263, 128.31, 303.74
   26280,   26340,64.121,1246.2,1993.7,6.8472, 132.16, 299.37
   26340,   26400,58.389,1254.8,2166,6.5033, 132.93, 316.6
   26400,   26460,39.409,1181.2,1987,5.3646, 126.3, 298.7
   26460,   26520,86.682,1250,2091.6,8.2009, 132.5, 309.16
   26520,   26580,44.698,1209.5,2013.9,5.6819, 128.85, 301.39
   26580,   26640,36.012,1191.2,2017.5,5.1607, 127.21, 301.75
   26640,   26700,81.612,1169.7,1944.6,7.8967, 125.27, 294.46
   26700,   26760,64.656,1171.9,2019.4,6.8794, 125.47, 301.94
   26760,   26820,25.532,1192.3,2008,4.5319, 127.31, 300.8
   26820,   26880,20.851,1175.9,1948.1,4.2511, 125.83, 294.81
   26880,   26940,46.069,1206,2034.2,5.7641, 128.54, 303.42
   26940,   27000,55.695,1223.3,2019.1,6.3417, 130.09, 301.91
   27000,   27060,53.607,1236.7,2051.5,6.2164, 131.31, 305.15
   27060,   27120,53.747,1192.8,1978.6,6.2248, 127.35, 297.86
   27120,   27180,43.665,1210.4,2091.9,5.6199, 128.94, 309.19
   27180,   27240,23.397,1186,1952.3,4.4038, 126.74, 295.23
   27240,   27300,23.693,1211.8,1985.5,4.4216, 129.06, 298.55
   27300,   27360,20.623,1202.5,1971.2,4.2374, 128.22, 297.12
   27360,   27420,27.62,1177,1967.8,4.6572, 125.93, 296.78
   27420,   27480,14.699,1136.1,1908.7,3.8819, 122.25, 290.87
   27480,   27540,22.352,1147.8,1974.9,4.3411, 123.3, 297.49
   27540,   27600,190.41,1355.8,2230.2,14.425, 142.02, 323.02
   27600,   27660,88.834,1297.1,2255.9,8.33, 136.74, 325.59
   27660,   27720,33.521,1172.4,1973.6,5.0112, 125.52, 297.36
   27720,   27780,22.281,1140.4,1901.8,4.3369, 122.63, 290.18
   27780,   27840,40.673,1152.4,1926.1,5.4404, 123.71, 292.61
   27840,   27900,35.701,1189.3,1980.1,5.1421, 127.04, 298.01
   27900,   27960,26.141,1184.2,1986.6,4.5684, 126.58, 298.66
   27960,   28020,28.81,1159,1980,4.7286, 124.31, 298
   28020,   28080,36.927,1175.7,1993.5,5.2156, 125.82, 299.35
   28080,   28140,14.748,1165.7,1883.4,3.8849, 124.91, 288.34
   28140,   28200,-9999,-9999,-9999,-9999, -9999, -9999
   28200,   28260,-9999,-9999,-9999,-9999, -9999, -9999
   28260,   28320,-9999,-9999,-9999,-9999, -9999, -9999
   28320,   28380,-9999,-9999,-9999,-9999, -9999, -9999
   28380,   28440,-9999,-9999,-9999,-9999, -9999, -9999
   28440,   28500,-9999,-9999,-9999,-9999, -9999, -9999
   28500,   28560,-9999,-9999,-9999,-9999, -9999, -9999
   28560,   28620,24.495,1175,1967.3,4.4697, 125.75, 296.73
   28620,   28680,28.581,1196.6,2009.7,4.7149, 127.69, 300.97
   28680,   28740,39.6,1216.4,1990.4,5.376, 129.48, 299.04
   28740,   28800,41.274,1185.4,1993.2,5.4764, 126.69, 299.32
   28800,   28860,20.949,1175.7,1950.3,4.257, 125.81, 295.03
   28860,   28920,44.181,1143.9,1919.7,5.6508, 122.95, 291.97
   28920,   28980,36.156,1218.6,1985.9,5.1694, 129.68, 298.59
   28980,   29040,25.798,1190.8,1957.6,4.5479, 127.17, 295.76
   29040,   29100,35.319,1157.5,1924.3,5.1191, 124.17, 292.43
   29100,   29160,21.185,1159.1,1950.1,4.2711, 124.32, 295.01
   29160,   29220,21.469,1147.9,1909.6,4.2881, 123.31, 290.96
   29220,   29280,20.959,1172.9,1882.9,4.2575, 125.56, 288.29
   29280,   29340,42.74,1234.5,1995.9,5.5644, 131.1, 299.59
   29340,   29400,57.093,1231.5,2118.1,6.4256, 130.84, 311.81
   29400,   29460,44.402,1142.7,1995.6,5.6641, 122.84, 299.56
   29460,   29520,40.861,1158.6,1974.3,5.4517, 124.28, 297.43
   29520,   29580,29.171,1120.9,1892.2,4.7503, 120.88, 289.22
   29580,   29640,12.99,1117.1,1822.9,3.7794, 120.53, 282.29
   29640,   29700,38.475,1156,1885.4,5.3085, 124.04, 288.54
   29700,   29760,36.993,1194.6,1936.7,5.2196, 127.51, 293.67
   29760,   29820,37.79,1182.7,1923.2,5.2674, 126.44, 292.32
   29820,   29880,33.036,1179,1972.6,4.9822, 126.11, 297.26
   29880,   29940,36.724,1165.7,1943.1,5.2034, 124.91, 294.31
   29940,   30000,54.837,1147.2,1907.1,6.2902, 123.25, 290.71
   30000,   30060,43.969,1207.3,1939.9,5.6381, 128.66, 293.99
   30060,   30120,39.934,1170.6,1882,5.396, 125.35, 288.2
   30120,   30180,40.77,1240.8,1945.9,5.4462, 131.68, 294.59
   30180,   30240,42.129,1221.1,2002.3,5.5277, 129.9, 300.23
   30240,   30300,92.344,1306.6,2041.1,8.5407, 137.59, 304.11
   30300,   30360,62.784,1303.9,2080,6.767, 137.35, 308
   30360,   30420,57.387,1275.4,2104.3,6.4432, 134.79, 310.43
   30420,   30480,25.14,1172,1897.3,4.5084, 125.48, 289.73
   30480,   30540,59.859,1220,1999.9,6.5915, 129.8, 299.99
   30540,   30600,30.068,1199.2,1912.5,4.8041, 127.93, 291.25
   30600,   30660,36.885,1192.9,1915.1,5.2131, 127.37, 291.51
   30660,   30720,26.894,1187.5,1881.3,4.6137, 126.87, 288.13
   30720,   30780,122.1,1236.4,2030.9,10.326, 131.28, 303.09
   30780,   30840,38.203,1242.5,1975.9,5.2922, 131.83, 297.59
   30840,   30900,22.694,1223.4,1957.6,4.3617, 130.11, 295.76
   30900,   30960,30.844,1248.1,2023,4.8506, 132.33, 302.3
   30960,   31020,23.13,1250.7,2000,4.3878, 132.56, 300
   31020,   31080,18.669,1257.4,2045.2,4.1201, 133.17, 304.52
   31080,   31140,20.293,1234.6,1917.5,4.2176, 131.11, 291.75
   31140,   31200,66.35,1264.8,2136.3,6.981, 133.84, 313.63
   31200,   31260,22.82,1201.9,1952.1,4.3692, 128.17, 295.21
   31260,   31320,22.24,1188.5,1880.4,4.3344, 126.96, 288.04
   31320,   31380,25.419,1199.1,1916,4.5252, 127.92, 291.6
   31380,   31440,21.918,1235,1985.6,4.3151, 131.15, 298.56
   31440,   31500,26.485,1253.3,1989.8,4.5891, 132.8, 298.98
