CampaignData_and_Merges/R0/CSL_MobileLab_Parked/raw/20240815/USOS-NOAAIodideCIMS-HNO3_MobileLabGround_20240815_RA.ict
33, 1001
Michael A Robinson, Chris Jernigan, Subi Thakali
NOAA ESRL Chemical Sciences Laboratory and CIRES, U. of Colorado
NOAA Iodide CIMS Instrument
USOS
1, 1
2024, 08, 15, 2024, 08, 18
1
starttime_UTC, seconds_past_midnight, seconds_of_day_since_00:00:00_UTC
1
1
-9999
HNO3_NOAACIMS, pptv, Gas_HNO3_InSitu_S_AVMR, 
0
18
PI_CONTACT_INFO: 325 Broadway, R/CSD 7, Boulder, Colorado 80305; michael.a.robinson@noaa.gov; chris.jernigan@noaa.gov;
PLATFORM: NOAA CSL Mobile Lab
LOCATION: SLC, Utah
ASSOCIATED_DATA: 1Hz data also available on request.
INSTRUMENT_INFO: NOAA I- ToF CIMS
DATA_INFO: All data in parts per trillion by volume (pptv). 1 Hz data is available upon request.
UNCERTAINTY: TBD
ULOD_FLAG: -7777
ULOD_VALUE: N/A
LLOD_FLAG: -8888
LLOD_VALUE: N/A
DM_CONTACT_INFO: Nathan Howard; nathan.h.howard@noaa.gov
PROJECT_INFO: USOS, summer 2024. https://csl.noaa.gov/groups/csl7/measurements/2024usos/
STIPULATIONS_ON_USE: Users are strongly encouraged to contact the PI for proper data usage.
OTHER_COMMENTS: 
REVISION: RA
RA: Preliminary Data; For in-field use only
starttime_UTC, HNO3_NOAACIMS
[from data line 960]
 57600, -9999.000
 57660, -9999.000
 57720, -9999.000
 57780, -9999.000
 57840, -9999.000
 57900, -9999.000
 57960, -9999.000
 58020, -9999.000
 58080, -9999.000
 58140, -9999.000
 58200, -9999.000
 58260, -9999.000
 58320, -9999.000
 58380, -9999.000
 58440, -9999.000
 58500, -9999.000
 58560, -9999.000
 58620, -9999.000
 58680, -9999.000
 58740, -9999.000
 58800, -9999.000
 58860, -9999.000
 58920, -9999.000
 58980, -9999.000
 59040, -9999.000
 59100, -9999.000
 59160, -9999.000
 59220, -9999.000
 59280, -9999.000
 59340, -9999.000
 59400, -9999.000
 59460, -9999.000
 59520, -9999.000
 59580, -9999.000
 59640, -9999.000
 59700, -9999.000
 59760, -9999.000
 59820, -9999.000
 59880, -9999.000
 59940, -9999.000
 60000, -9999.000
 60060, -9999.000
 60120, -9999.000
 60180, -9999.000
 60240, -9999.000
 60300, -9999.000
 60360, -9999.000
 60420, -9999.000
 60480, -9999.000
 60540, -9999.000
 60600, -9999.000
 60660, -9999.000
 60720, -9999.000
 60780, -9999.000
 60840, -9999.000
 60900, -9999.000
 60960, -9999.000
 61020, -9999.000
 61080, -9999.000
 61140, -9999.000
 61200, -9999.000
 61260, -9999.000
 61320, -9999.000
 61380, -9999.000
 61440, -9999.000
 61500, 367.762
 61560, 398.655
 61620, 342.486
 61680, 348.877
 61740, 335.352
 61800, 340.935
 61860, 340.180
 61920, 338.539
 61980, 333.336
 62040, 330.825
 62100, 322.716
 62160, 327.901
 62220, 309.271
 62280, 301.486
 62340, 290.731
 62400, 292.614
 62460, 288.941
 62520, 285.929
 62580, 296.896
 62640, 296.688
 62700, 295.342
 62760, 303.418
 62820, 305.813
 62880, -9999.000
 62940, 314.943
 63000, 326.456
 63060, 334.889
 63120, 368.658
 63180, 308.780
 63240, 325.264
 63300, 324.800
 63360, 331.235
 63420, 331.564
 63480, 316.297
 63540, 324.679
 63600, 324.177
 63660, 314.988
 63720, 318.774
 63780, 320.257
 63840, 321.062
 63900, 356.536
 63960, 287.228
 64020, 307.694
 64080, 313.174
 64140, 294.734
 64200, 298.447
 64260, 301.116
 64320, 288.366
 64380, 290.865
 64440, 288.122
 64500, 299.459
 64560, 263.697
 64620, 263.283
 64680, 312.045
 64740, -9999.000
 64800, 286.349
 64860, 278.226
 64920, 268.928
 64980, 272.858
 65040, 272.756
 65100, 272.937
 65160, 273.123
 65220, 282.093
 65280, 270.977
 65340, 264.621
 65400, 274.220
 65460, 266.026
 65520, 253.341
 65580, 250.884
 65640, 244.710
 65700, 240.450
 65760, 246.692
 65820, 252.899
 65880, 243.731
 65940, 233.094
 66000, 246.420
 66060, 241.202
 66120, 251.505
 66180, 259.351
 66240, 278.370
 66300, 300.473
 66360, 254.333
 66420, 262.589
 66480, 268.368
 66540, 273.887
 66600, 266.636
 66660, 272.883
 66720, 288.088
 66780, 294.949
 66840, 299.880
 66900, 368.545
 66960, 259.354
 67020, 286.511
 67080, 299.384
 67140, 303.944
 67200, 293.695
 67260, 302.491
 67320, 302.173
 67380, 292.943
 67440, 279.754
 67500, 268.249
 67560, 287.349
 67620, 286.961
 67680, 298.415
 67740, 305.712
 67800, 331.937
 67860, 362.420
 67920, 378.009
 67980, 391.828
 68040, 402.175
 68100, 400.293
 68160, 405.139
 68220, 404.055
 68280, 407.092
 68340, 420.020
 68400, -9999.000
 68460, 365.244
 68520, 367.623
 68580, 377.485
 68640, 377.279
 68700, 368.520
 68760, 373.788
 68820, 379.414
 68880, 382.064
 68940, 389.877
 69000, 389.580
 69060, 380.604
 69120, 380.592
 69180, 393.172
 69240, 344.952
 69300, 371.767
 69360, 378.410
 69420, 360.200
 69480, 378.833
 69540, 374.526
 69600, 382.322
 69660, 383.959
 69720, 390.754
 69780, 375.624
 69840, 392.008
 69900, 373.617
 69960, 378.226
 70020, 373.689
 70080, 377.699
 70140, 390.047
 70200, 399.699
 70260, -9999.000
 70320, 359.888
 70380, 354.188
 70440, 340.417
 70500, 341.861
 70560, 363.636
 70620, 357.811
 70680, 360.795
 70740, 369.415
 70800, 398.077
 70860, 382.597
 70920, 367.168
 70980, 362.218
 71040, 373.504
 71100, 397.659
 71160, 401.203
 71220, 392.012
 71280, 398.945
 71340, 394.115
 71400, 414.365
 71460, 427.210
 71520, 416.103
 71580, 402.907
 71640, 393.721
 71700, 452.880
 71760, 366.924
 71820, 401.555
 71880, 401.313
 71940, 381.801
 72000, 353.500
 72060, 352.264
 72120, -9999.000
 72180, 310.466
 72240, 327.482
 72300, 351.675
 72360, 342.788
 72420, 332.892
 72480, 347.805
 72540, 324.984
 72600, 327.886
 72660, 339.321
 72720, 347.291
 72780, 361.365
 72840, 349.517
 72900, 342.704
 72960, 328.407
 73020, 342.315
 73080, 328.986
 73140, 351.499
 73200, 378.520
 73260, 391.882
 73320, 410.784
 73380, 407.265
 73440, 404.528
 73500, 391.223
 73560, 376.805
 73620, 381.700
 73680, 372.621
 73740, 392.284
 73800, 378.512
 73860, 389.739
 73920, 388.626
 73980, 373.091
 74040, 346.126
 74100, 382.610
 74160, 401.620
 74220, 404.243
 74280, 377.907
 74340, 373.768
 74400, 394.120
 74460, 387.919
 74520, 361.482
 74580, 383.989
 74640, 386.655
 74700, 430.690
 74760, 450.703
 74820, 426.659
 74880, 387.567
 74940, 400.496
 75000, 404.852
 75060, 394.122
 75120, 412.560
 75180, 395.356
 75240, 417.650
 75300, 405.311
 75360, 421.316
 75420, 438.364
 75480, 441.879
 75540, 460.161
 75600, 448.212
 75660, 450.271
 75720, 429.628
 75780, 398.154
 75840, 340.705
 75900, 351.794
 75960, 377.393
 76020, 386.963
 76080, 398.470
 76140, 421.405
 76200, 436.074
 76260, 448.187
 76320, 429.017
 76380, 412.831
 76440, 413.197
 76500, 397.625
 76560, 461.013
 76620, 321.916
 76680, 346.366
 76740, 365.177
 76800, 425.300
 76860, 418.041
 76920, 426.519
 76980, 439.973
 77040, 426.947
 77100, 468.143
 77160, 479.427
 77220, 489.452
 77280, 481.659
 77340, 468.662
 77400, 481.956
 77460, 497.948
 77520, 440.195
 77580, 421.837
 77640, 425.171
 77700, 388.602
 77760, 426.011
 77820, 462.107
 77880, 409.055
 77940, 383.920
 78000, 412.096
 78060, 435.093
 78120, 433.860
 78180, 430.061
 78240, 459.896
 78300, 442.582
 78360, 423.572
 78420, 427.250
 78480, 392.364
 78540, 412.919
 78600, 432.474
 78660, 440.423
 78720, 429.453
 78780, 426.848
 78840, 388.453
 78900, 394.451
 78960, 387.324
 79020, 416.263
 79080, 437.212
 79140, 417.225
 79200, 439.866
 79260, 403.284
 79320, 413.094
 79380, 458.391
 79440, 469.764
 79500, -9999.000
 79560, 383.154
 79620, 384.878
 79680, 390.607
 79740, 361.667
 79800, 381.068
 79860, 396.682
 79920, 418.587
 79980, 409.597
 80040, 388.397
 80100, 356.464
 80160, 353.629
 80220, 350.048
 80280, 350.026
 80340, 374.890
 80400, 366.185
 80460, 359.407
 80520, 368.195
 80580, 359.444
 80640, 364.216
 80700, 356.769
 80760, 359.057
 80820, 360.983
 80880, 364.182
 80940, 368.812
 81000, 373.888
 81060, 392.391
 81120, 373.171
 81180, 372.308
 81240, 376.208
 81300, 365.738
 81360, -9999.000
 81420, 320.247
 81480, 315.168
 81540, 299.688
 81600, 301.860
 81660, 290.808
 81720, 283.248
 81780, 310.454
 81840, 256.765
 81900, 258.324
 81960, 271.854
 82020, 306.390
 82080, 278.173
 82140, 303.493
 82200, 319.090
 82260, 315.258
 82320, 303.988
 82380, 303.429
 82440, 313.623
 82500, 282.136
 82560, 302.401
 82620, 326.822
 82680, 325.726
 82740, 299.013
 82800, 313.744
 82860, 299.579
 82920, 300.485
 82980, 315.518
 83040, 348.026
 83100, 332.572
 83160, 324.988
 83220, -9999.000
 83280, 319.560
 83340, 329.781
 83400, 333.301
 83460, 316.287
 83520, 339.455
 83580, 313.527
 83640, 295.461
 83700, 293.636
 83760, 318.231
 83820, 333.189
 83880, 352.948
 83940, 332.180
 84000, 339.897
 84060, 340.354
 84120, 359.515
 84180, 356.271
 84240, 312.576
 84300, 314.739
 84360, 342.173
 84420, 318.335
 84480, 329.067
 84540, 344.793
 84600, 357.958
 84660, 339.371
 84720, 359.850
 84780, 332.929
 84840, 325.409
 84900, 325.674
 84960, 329.557
 85020, 327.452
 85080, 323.467
 85140, 307.836
 85200, 254.718
 85260, 278.850
 85320, 246.538
 85380, 273.835
 85440, 288.372
 85500, 312.178
 85560, 328.271
 85620, 338.528
 85680, 362.688
 85740, 353.734
 85800, 339.331
 85860, 346.525
 85920, 310.295
 85980, 323.676
 86040, 327.229
 86100, 302.409
 86160, 334.308
 86220, 329.325
 86280, 304.516
 86340, 303.736
