CampaignData_and_Merges/R0/CSL_MobileLab_Parked/raw/20240815/USOS-NOAAIodideCIMS-HCOOH_MobileLabGround_20240815_RA.ict
33, 1001
Michael A Robinson, Chris Jernigan, Subi Thakali
NOAA ESRL Chemical Sciences Laboratory and CIRES, U. of Colorado
NOAA Iodide CIMS Instrument
USOS
1, 1
2024, 08, 15, 2024, 08, 18
1
starttime_UTC, seconds_past_midnight, seconds_of_day_since_00:00:00_UTC
1
1
-9999
HCOOH_NOAACIMS, pptv, Gas_HCOOH_InSitu_S_AVMR, 
0
18
PI_CONTACT_INFO: 325 Broadway, R/CSD 7, Boulder, Colorado 80305; michael.a.robinson@noaa.gov; chris.jernigan@noaa.gov;
PLATFORM: NOAA CSL Mobile Lab
LOCATION: SLC, Utah
ASSOCIATED_DATA: 1Hz data also available on request.
INSTRUMENT_INFO: NOAA I- ToF CIMS
DATA_INFO: All data in parts per trillion by volume (pptv). 1 Hz data is available upon request.
UNCERTAINTY: TBD
ULOD_FLAG: -7777
ULOD_VALUE: N/A
LLOD_FLAG: -8888
LLOD_VALUE: N/A
DM_CONTACT_INFO: Nathan Howard; nathan.h.howard@noaa.gov
PROJECT_INFO: USOS, summer 2024. https://csl.noaa.gov/groups/csl7/measurements/2024usos/
STIPULATIONS_ON_USE: Users are strongly encouraged to contact the PI for proper data usage.
OTHER_COMMENTS: 
REVISION: RA
RA: Preliminary Data; For in-field use only
starttime_UTC, HCOOH_NOAACIMS
     0, 385.987
    60, 387.848
   120, 396.328
   180, 409.750
   240, 464.214
   300, 458.158
   360, 461.466
   420, 459.607
   480, 459.717
   540, 448.286
   600, 475.191
   660, 468.113
   720, 485.901
   780, 459.696
   840, 478.488
   900, 515.585
   960, 543.236
  1020, 549.164
  1080, 507.494
  1140, 548.549
  1200, 576.685
  1260, 521.192
  1320, 529.103
  1380, 577.534
  1440, 592.974
  1500, 561.382
  1560, 562.867
  1620, 522.439
  1680, 548.282
  1740, -9999.000
  1800, 592.408
  1860, 595.406
  1920, 608.256
  1980, 585.794
  2040, 533.136
  2100, 534.813
  2160, 527.893
  2220, 551.352
  2280, 588.824
  2340, 607.458
  2400, 614.825
  2460, 605.935
  2520, 561.405
  2580, 549.962
  2640, 560.270
  2700, 554.253
  2760, 564.262
  2820, 565.842
  2880, 583.191
  2940, 609.748
  3000, 594.808
  3060, 589.991
  3120, 581.571
  3180, 582.505
  3240, 585.781
  3300, 584.047
  3360, 582.632
  3420, 604.123
  3480, 600.621
  3540, 588.115
  3600, -9999.000
  3660, 382.417
  3720, 355.031
  3780, 346.877
  3840, 343.683
  3900, 353.551
  3960, 353.506
  4020, 370.791
  4080, 386.721
  4140, 379.504
  4200, 379.028
  4260, 387.658
  4320, 395.411
  4380, 419.459
  4440, 394.153
  4500, 392.331
  4560, 379.887
  4620, 393.765
  4680, 381.060
  4740, 399.027
  4800, 413.724
  4860, 427.545
  4920, 431.666
  4980, 431.126
  5040, 419.637
  5100, 468.289
  5160, 481.608
  5220, 517.960
  5280, 467.856
  5340, 452.745
  5400, 510.847
  5460, -9999.000
  5520, 472.557
  5580, 452.437
  5640, 427.439
  5700, 453.776
  5760, 524.583
  5820, 573.024
  5880, 519.357
  5940, 564.255
  6000, 601.863
  6060, 582.330
  6120, 564.102
  6180, 497.577
  6240, 474.982
  6300, 494.560
  6360, 506.957
  6420, 572.211
  6480, 545.523
  6540, 541.087
  6600, 538.617
  6660, 537.786
  6720, 555.681
  6780, 576.052
  6840, 593.900
  6900, 584.866
  6960, 614.064
  7020, 604.982
  7080, 599.928
  7140, 627.981
  7200, 623.427
  7260, 655.151
  7320, 619.632
  7380, 622.365
  7440, 573.537
  7500, 633.839
  7560, 616.582
  7620, 659.907
  7680, 682.691
  7740, 679.865
  7800, 665.242
  7860, 653.926
  7920, 649.682
  7980, 655.753
  8040, 616.717
  8100, 617.214
  8160, 586.665
  8220, 584.838
  8280, 578.924
  8340, 575.384
  8400, 568.402
  8460, 559.706
  8520, 555.879
  8580, 554.265
  8640, 548.915
  8700, 555.659
  8760, 567.244
  8820, 569.617
  8880, 556.503
  8940, 561.816
  9000, 573.489
  9060, 563.861
  9120, -9999.000
  9180, 537.608
  9240, 552.454
  9300, 576.879
  9360, 564.631
  9420, 556.979
  9480, 561.627
  9540, 559.208
  9600, 546.694
  9660, 556.469
  9720, 568.985
  9780, 564.442
  9840, 573.493
  9900, 565.869
  9960, 567.608
 10020, 577.903
 10080, 597.398
 10140, 584.851
 10200, 577.170
 10260, 585.025
 10320, 591.429
 10380, 575.946
 10440, 570.715
 10500, 569.855
 10560, 575.375
 10620, 578.852
 10680, 563.562
 10740, 555.896
 10800, 546.879
 10860, 555.567
 10920, 558.436
 10980, -9999.000
 11040, 532.367
 11100, 530.676
 11160, 532.874
 11220, 524.170
 11280, 535.516
 11340, 545.570
 11400, 532.742
 11460, 532.860
 11520, 540.310
 11580, 535.402
 11640, 550.957
 11700, 550.930
 11760, 552.746
 11820, 554.705
 11880, 545.390
 11940, 560.753
 12000, 562.857
 12060, 559.774
 12120, 559.641
 12180, 592.447
 12240, 569.241
 12300, 548.391
 12360, 555.899
 12420, 568.265
 12480, 573.884
 12540, 562.246
 12600, 567.699
 12660, 565.801
 12720, 575.979
 12780, 582.213
 12840, -9999.000
 12900, 561.412
 12960, 574.476
 13020, 551.928
 13080, 558.173
 13140, 563.115
 13200, 553.563
 13260, 564.851
 13320, 565.426
 13380, 552.266
 13440, 572.159
 13500, 566.123
 13560, 564.536
 13620, 562.065
 13680, 545.347
 13740, 571.224
 13800, 567.131
 13860, 560.163
 13920, 570.826
 13980, 549.368
 14040, 558.001
 14100, 571.286
 14160, 577.842
 14220, 566.753
 14280, 581.209
 14340, 585.264
 14400, 597.084
 14460, 585.359
 14520, 591.170
 14580, 607.688
 14640, 613.868
 14700, 591.802
 14760, 593.973
 14820, 604.031
 14880, 596.407
 14940, 613.246
 15000, 615.094
 15060, 614.075
 15120, 596.693
 15180, 606.112
 15240, 589.458
 15300, 599.304
 15360, 589.968
 15420, 617.043
 15480, 607.521
 15540, 608.867
 15600, 599.770
 15660, 610.005
 15720, 609.308
 15780, 607.280
 15840, 616.444
 15900, 605.682
 15960, 611.559
 16020, 611.748
 16080, 618.021
 16140, 614.601
 16200, 603.920
 16260, 616.904
 16320, 604.931
 16380, 612.211
 16440, 600.822
 16500, 595.827
 16560, 614.027
 16620, 614.054
 16680, 606.968
 16740, 601.517
 16800, 607.604
 16860, 602.236
 16920, 601.301
 16980, 619.594
 17040, 620.054
 17100, 609.662
 17160, 610.813
 17220, 612.263
 17280, 620.532
 17340, 611.229
 17400, 612.194
 17460, 613.753
 17520, 605.239
 17580, 614.385
 17640, 625.292
 17700, 621.772
 17760, 632.286
 17820, 645.847
 17880, 636.901
 17940, 636.750
 18000, 645.110
 18060, 637.442
 18120, 637.949
 18180, 636.140
 18240, 628.776
 18300, 616.267
 18360, 639.023
 18420, 626.133
 18480, 630.270
 18540, 638.548
 18600, 691.070
 18660, 702.276
 18720, 713.675
 18780, 706.578
 18840, 707.274
 18900, 725.817
 18960, 718.390
 19020, 722.035
 19080, 741.238
 19140, 736.106
 19200, 717.860
 19260, 715.263
 19320, 712.786
 19380, 689.309
 19440, 690.238
 19500, 676.806
 19560, 694.062
 19620, 700.332
 19680, 691.207
 19740, 678.477
 19800, 642.650
 19860, 644.970
 19920, 650.109
 19980, 667.602
 20040, 664.237
 20100, 654.480
 20160, 652.141
 20220, -9999.000
 20280, 734.156
 20340, 719.557
 20400, 678.821
 20460, 647.019
 20520, 657.365
 20580, 673.816
 20640, 682.335
 20700, 674.907
 20760, 640.283
 20820, -9999.000
 20880, -9999.000
 20940, -9999.000
 21000, -9999.000
 21060, -9999.000
 21120, -9999.000
 21180, -9999.000
 21240, -9999.000
 21300, -9999.000
 21360, -9999.000
 21420, -9999.000
 21480, -9999.000
 21540, -9999.000
 21600, -9999.000
 21660, -9999.000
 21720, -9999.000
 21780, -9999.000
 21840, -9999.000
 21900, -9999.000
 21960, -9999.000
 22020, -9999.000
 22080, -9999.000
 22140, -9999.000
 22200, -9999.000
 22260, -9999.000
 22320, -9999.000
 22380, -9999.000
 22440, -9999.000
 22500, -9999.000
 22560, -9999.000
 22620, -9999.000
 22680, -9999.000
 22740, -9999.000
 22800, -9999.000
 22860, -9999.000
 22920, -9999.000
 22980, -9999.000
 23040, -9999.000
 23100, -9999.000
 23160, -9999.000
 23220, -9999.000
 23280, -9999.000
 23340, -9999.000
 23400, -9999.000
 23460, -9999.000
 23520, -9999.000
 23580, -9999.000
 23640, -9999.000
 23700, -9999.000
 23760, -9999.000
 23820, -9999.000
 23880, -9999.000
 23940, -9999.000
 24000, -9999.000
 24060, -9999.000
 24120, -9999.000
 24180, -9999.000
 24240, -9999.000
 24300, -9999.000
 24360, 709.181
 24420, 684.960
 24480, 671.963
 24540, 683.707
 24600, 691.156
 24660, 688.292
 24720, 669.203
 24780, 728.450
 24840, 687.380
 24900, 688.840
 24960, 684.522
 25020, 697.787
 25080, 691.706
 25140, 675.910
 25200, 681.759
 25260, 668.129
 25320, 668.783
 25380, 677.829
 25440, 673.026
 25500, 668.736
 25560, 667.669
 25620, 671.630
 25680, 674.859
 25740, 670.857
 25800, 679.968
 25860, 678.530
 25920, 681.170
 25980, 685.686
 26040, 702.350
 26100, 696.023
 26160, 698.511
 26220, 710.152
 26280, 697.657
 26340, 707.784
 26400, 717.768
 26460, 711.240
 26520, 714.836
 26580, 722.497
 26640, 716.940
 26700, 723.757
 26760, 722.508
 26820, 721.020
 26880, 731.139
 26940, 728.783
 27000, 722.346
 27060, 715.728
 27120, 728.026
 27180, 727.753
 27240, 719.630
 27300, 729.734
 27360, 725.781
 27420, 720.040
 27480, 729.915
 27540, 726.425
 27600, -9999.000
 27660, 725.573
 27720, 730.671
 27780, 719.077
 27840, 727.478
 27900, 725.559
 27960, 715.451
 28020, 708.895
 28080, 712.298
 28140, 708.170
 28200, 715.614
 28260, 701.670
 28320, 701.428
 28380, 712.209
 28440, 716.239
 28500, 706.314
 28560, 702.854
 28620, 707.457
 28680, 698.754
 28740, 702.901
 28800, 704.529
 28860, 708.655
 28920, 706.904
 28980, 699.741
 29040, 696.154
 29100, 686.125
 29160, 698.649
 29220, 698.934
 29280, 705.543
 29340, 705.825
 29400, 703.796
 29460, -9999.000
 29520, 700.049
 29580, 703.883
 29640, 704.458
 29700, 705.869
 29760, 700.875
 29820, 698.256
 29880, 681.726
 29940, 681.521
 30000, 687.569
 30060, 695.934
 30120, 681.108
 30180, 689.557
 30240, 690.251
 30300, 699.835
 30360, 686.011
 30420, 684.156
 30480, 678.688
 30540, 669.225
 30600, 666.371
 30660, 658.321
 30720, 665.753
 30780, 666.438
 30840, 666.728
 30900, 661.158
 30960, 666.359
 31020, 666.515
 31080, 677.680
 31140, 661.841
 31200, 662.467
 31260, 655.841
 31320, -9999.000
 31380, 669.933
 31440, 664.648
 31500, 657.660
 31560, 650.433
 31620, 653.077
 31680, 651.619
 31740, 649.613
 31800, 649.298
 31860, 656.585
 31920, 651.809
 31980, 656.458
 32040, 657.486
 32100, 656.068
 32160, 665.182
 32220, 657.654
 32280, 670.148
 32340, 670.055
 32400, 663.342
 32460, 641.177
 32520, 653.532
 32580, 647.459
 32640, 637.170
 32700, 639.127
 32760, 633.107
 32820, 632.433
 32880, 637.689
 32940, 640.631
 33000, 637.486
 33060, 631.891
 33120, 629.536
 33180, 630.607
 33240, 631.538
 33300, 636.208
 33360, 635.641
 33420, 636.301
 33480, 639.752
 33540, 632.458
 33600, 631.099
 33660, 621.601
 33720, 618.930
 33780, 616.377
 33840, 617.677
 33900, 615.567
 33960, 623.180
 34020, 632.899
 34080, 637.952
 34140, 626.129
 34200, 617.778
 34260, 616.733
 34320, 615.212
 34380, 610.350
 34440, 606.447
 34500, 611.083
 34560, 612.545
 34620, 608.716
 34680, 601.182
 34740, 615.587
 34800, 609.173
 34860, 621.242
 34920, 610.311
 34980, 621.743
 35040, 600.884
 35100, 614.306
 35160, 615.588
 35220, 602.876
 35280, 602.781
 35340, 599.172
 35400, 597.125
 35460, 599.623
 35520, 606.018
 35580, 596.274
 35640, 589.525
 35700, 597.307
 35760, 595.651
 35820, 593.014
 35880, 595.457
 35940, 597.308
 36000, 601.581
 36060, 600.714
 36120, 595.701
 36180, 583.763
 36240, 584.267
 36300, 593.235
 36360, 590.150
 36420, 599.934
 36480, 608.089
 36540, 607.787
 36600, 605.094
 36660, 598.483
 36720, 602.364
 36780, 600.980
 36840, 599.898
 36900, 580.394
 36960, 592.485
 37020, 587.110
 37080, 588.492
 37140, 583.557
 37200, 583.423
 37260, 578.713
 37320, 575.766
 37380, 574.427
 37440, 578.774
 37500, 564.655
 37560, 568.131
 37620, 576.702
 37680, 580.064
 37740, 571.535
 37800, 561.783
 37860, 569.830
 37920, 575.554
 37980, 568.129
 38040, 570.168
 38100, 559.313
 38160, 573.659
 38220, 564.130
 38280, 569.263
 38340, 569.262
 38400, 563.046
 38460, 563.713
 38520, 562.051
 38580, 561.284
 38640, 566.214
 38700, -9999.000
 38760, 565.481
 38820, 559.531
 38880, 566.098
 38940, 572.843
 39000, 576.951
 39060, 575.953
 39120, 573.470
 39180, 569.270
 39240, 569.317
 39300, 566.016
 39360, 564.104
 39420, 561.410
 39480, 562.508
 39540, 563.352
 39600, 556.761
 39660, 549.786
 39720, 558.689
 39780, 564.730
 39840, 565.789
 39900, 565.120
 39960, 566.101
 40020, 574.481
 40080, 568.303
 40140, 554.092
 40200, 567.634
 40260, 559.312
 40320, 563.634
 40380, 564.933
 40440, 556.015
 40500, 570.828
 40560, -9999.000
 40620, 702.898
 40680, 1399.809
 40740, 1107.170
 40800, 775.644
 40860, 727.189
 40920, 705.452
 40980, 632.832
 41040, 603.410
 41100, 583.199
 41160, 552.391
 41220, 555.123
 41280, -9999.000
 41340, 547.775
 41400, 533.637
 41460, 529.730
 41520, 525.481
 41580, 519.343
 41640, 516.124
 41700, 508.815
 41760, 509.694
 41820, 499.199
 41880, 505.171
 41940, 482.556
 42000, 475.591
 42060, 473.786
 42120, 474.778
 42180, -9999.000
 42240, -9999.000
 42300, -9999.000
 42360, -9999.000
 42420, -9999.000
 42480, -9999.000
 42540, -9999.000
 42600, -9999.000
 42660, -9999.000
 42720, -9999.000
 42780, -9999.000
 42840, -9999.000
 42900, -9999.000
 42960, -9999.000
 43020, -9999.000
 43080, -9999.000
 43140, -9999.000
 43200, -9999.000
 43260, -9999.000
 43320, -9999.000
 43380, -9999.000
 43440, -9999.000
 43500, -9999.000
 43560, -9999.000
 43620, -9999.000
 43680, -9999.000
 43740, -9999.000
 43800, -9999.000
 43860, -9999.000
 43920, -9999.000
 43980, -9999.000
 44040, -9999.000
 44100, -9999.000
 44160, -9999.000
 44220, -9999.000
 44280, -9999.000
 44340, -9999.000
 44400, -9999.000
 44460, -9999.000
 44520, -9999.000
 44580, -9999.000
 44640, -9999.000
 44700, -9999.000
 44760, -9999.000
 44820, -9999.000
 44880, -9999.000
 44940, -9999.000
 45000, -9999.000
 45060, -9999.000
 45120, -9999.000
 45180, -9999.000
 45240, -9999.000
 45300, -9999.000
 45360, -9999.000
 45420, -9999.000
 45480, -9999.000
 45540, -9999.000
 45600, -9999.000
 45660, -9999.000
 45720, -9999.000
 45780, -9999.000
 45840, -9999.000
 45900, -9999.000
 45960, -9999.000
 46020, -9999.000
 46080, -9999.000
 46140, -9999.000
 46200, -9999.000
 46260, -9999.000
 46320, -9999.000
 46380, -9999.000
 46440, -9999.000
 46500, -9999.000
 46560, -9999.000
 46620, -9999.000
 46680, -9999.000
 46740, -9999.000
 46800, -9999.000
 46860, -9999.000
 46920, -9999.000
 46980, -9999.000
 47040, -9999.000
 47100, -9999.000
 47160, -9999.000
 47220, -9999.000
 47280, -9999.000
 47340, -9999.000
 47400, -9999.000
 47460, -9999.000
 47520, -9999.000
 47580, -9999.000
 47640, -9999.000
 47700, -9999.000
 47760, -9999.000
 47820, -9999.000
 47880, -9999.000
 47940, -9999.000
 48000, -9999.000
 48060, -9999.000
 48120, -9999.000
 48180, -9999.000
 48240, -9999.000
 48300, -9999.000
 48360, -9999.000
 48420, -9999.000
 48480, -9999.000
 48540, -9999.000
 48600, -9999.000
 48660, -9999.000
 48720, -9999.000
 48780, -9999.000
 48840, -9999.000
 48900, -9999.000
 48960, -9999.000
 49020, -9999.000
 49080, -9999.000
 49140, -9999.000
 49200, -9999.000
 49260, -9999.000
 49320, -9999.000
 49380, -9999.000
 49440, -9999.000
 49500, -9999.000
 49560, -9999.000
 49620, -9999.000
 49680, -9999.000
 49740, -9999.000
 49800, -9999.000
 49860, -9999.000
 49920, -9999.000
 49980, -9999.000
 50040, -9999.000
 50100, -9999.000
 50160, -9999.000
 50220, -9999.000
 50280, -9999.000
 50340, -9999.000
 50400, -9999.000
 50460, -9999.000
 50520, -9999.000
 50580, -9999.000
 50640, -9999.000
 50700, -9999.000
 50760, -9999.000
 50820, -9999.000
 50880, -9999.000
 50940, -9999.000
 51000, -9999.000
 51060, -9999.000
 51120, -9999.000
 51180, -9999.000
 51240, -9999.000
 51300, -9999.000
 51360, -9999.000
 51420, -9999.000
 51480, -9999.000
 51540, -9999.000
 51600, -9999.000
 51660, -9999.000
 51720, -9999.000
 51780, -9999.000
 51840, -9999.000
 51900, -9999.000
 51960, -9999.000
 52020, -9999.000
 52080, -9999.000
 52140, -9999.000
 52200, -9999.000
 52260, -9999.000
 52320, -9999.000
 52380, -9999.000
 52440, -9999.000
 52500, -9999.000
 52560, -9999.000
 52620, -9999.000
 52680, -9999.000
 52740, -9999.000
 52800, -9999.000
 52860, -9999.000
 52920, -9999.000
 52980, -9999.000
 53040, -9999.000
 53100, -9999.000
 53160, -9999.000
 53220, -9999.000
 53280, -9999.000
 53340, -9999.000
 53400, -9999.000
 53460, -9999.000
 53520, -9999.000
 53580, -9999.000
 53640, -9999.000
 53700, -9999.000
 53760, -9999.000
 53820, -9999.000
 53880, -9999.000
 53940, -9999.000
 54000, -9999.000
 54060, -9999.000
 54120, -9999.000
 54180, -9999.000
 54240, -9999.000
 54300, -9999.000
 54360, -9999.000
 54420, -9999.000
 54480, -9999.000
 54540, -9999.000
 54600, -9999.000
 54660, -9999.000
 54720, -9999.000
 54780, -9999.000
 54840, -9999.000
 54900, -9999.000
 54960, -9999.000
 55020, -9999.000
 55080, -9999.000
 55140, -9999.000
 55200, -9999.000
 55260, -9999.000
 55320, -9999.000
 55380, -9999.000
 55440, -9999.000
 55500, -9999.000
 55560, -9999.000
 55620, -9999.000
 55680, -9999.000
 55740, -9999.000
 55800, -9999.000
 55860, -9999.000
 55920, -9999.000
 55980, -9999.000
 56040, -9999.000
 56100, -9999.000
 56160, -9999.000
 56220, -9999.000
 56280, -9999.000
 56340, -9999.000
 56400, -9999.000
 56460, -9999.000
 56520, -9999.000
 56580, -9999.000
 56640, -9999.000
 56700, -9999.000
 56760, -9999.000
 56820, -9999.000
 56880, -9999.000
 56940, -9999.000
 57000, -9999.000
 57060, -9999.000
 57120, -9999.000
 57180, -9999.000
 57240, -9999.000
 57300, -9999.000
 57360, -9999.000
 57420, -9999.000
