CampaignData_and_Merges/R0/CSL_MobileLab_Parked/raw/20240815/USOS-O3_MobileLabGround_20240815_R0.ict
34, 1001
Carrie Womack
NOAA Chemical Sciences Laboratory
2B Tech O3 UV Analyzer
USOS
1, 1
2024, 08, 15, 2024, 12, 21
60
Time_Start, seconds_past_midnight, Seconds from midnight UTC
1
1
-9999
O3_ppb, ppb, Ozone from 2B Tech UV Analyzer
1
SPECIAL COMMENTS:
18
PI_CONTACT_INFO: Address: 325 Broadway R/CSL7, Boulder, CO, 80305
PLATFORM: CSL Mobile Lab
LOCATION: Salt Lake City, UT
ASSOCIATED_DATA: N/A
INSTRUMENT_INFO: N/A
DATA_INFO: Units:
UNCERTAINTY: N/A
ULOD_FLAG: -7777
ULOD_VALUE: N/A
LLOD_FLAG: -8888
LLOD_VALUE: N/A
DM_CONTACT_INFO: Data Manager: Nate Howard
PROJECT_INFO: 
STIPULATIONS_ON_USE: Use of these data require prior ok from PI.
OTHER_COMMENTS: N/A
REVISION: R0
R0: Final data. RA: Preliminary Data.  For in-field use only.
Time_Start, O3_ppb
0.0,62.7
60.0,62.3
120.0,62.2
180.0,62.3
240.0,60.0
300.0,60.4
360.0,61.6
420.0,63.1
480.0,62.3
540.0,63.2
600.0,63.2
660.0,62.2
720.0,61.4
780.0,61.2
840.0,63.9
900.0,62.5
960.0,61.4
1020.0,60.9
1080.0,63.2
1140.0,63.0
1200.0,61.1
1260.0,61.6
1320.0,62.6
1380.0,60.9
1440.0,60.9
1500.0,59.7
1560.0,61.2
1620.0,62.0
1680.0,62.6
1740.0,61.7
1800.0,60.0
1860.0,60.8
1920.0,58.8
1980.0,59.9
2040.0,62.2
2100.0,62.9
2160.0,63.3
2220.0,63.0
2280.0,62.8
2340.0,62.2
2400.0,61.0
2460.0,61.8
2520.0,59.4
2580.0,61.6
2640.0,62.5
2700.0,60.2
2760.0,59.8
2820.0,61.1
2880.0,59.3
2940.0,60.2
3000.0,60.5
3060.0,60.7
3120.0,63.9
3180.0,63.6
3240.0,59.5
3300.0,58.2
3360.0,62.0
3420.0,61.7
3480.0,61.4
3540.0,58.7
3600.0,59.0
3660.0,60.4
3720.0,60.2
3780.0,60.1
3840.0,57.8
3900.0,60.6
3960.0,52.1
4020.0,58.5
4080.0,55.5
4140.0,56.7
4200.0,63.7
4260.0,63.3
4320.0,60.3
4380.0,58.8
4440.0,62.6
4500.0,59.5
4560.0,63.0
4620.0,62.7
4680.0,61.7
4740.0,62.2
4800.0,59.2
4860.0,62.7
4920.0,62.9
4980.0,63.0
5040.0,63.4
5100.0,61.2
5160.0,59.9
5220.0,58.8
5280.0,58.5
5340.0,60.4
5400.0,58.9
5460.0,59.6
5520.0,59.5
5580.0,57.3
5640.0,58.1
5700.0,56.6
5760.0,54.8
5820.0,54.4
5880.0,56.4
5940.0,57.5
6000.0,52.0
6060.0,53.8
6120.0,54.8
6180.0,57.5
6240.0,60.3
6300.0,59.6
6360.0,57.5
6420.0,56.5
6480.0,55.2
6540.0,55.5
6600.0,55.4
6660.0,55.7
6720.0,54.0
6780.0,52.1
6840.0,53.4
6900.0,52.4
6960.0,53.2
7020.0,51.3
7080.0,53.0
7140.0,53.9
7200.0,52.9
7260.0,52.3
7320.0,53.1
7380.0,53.1
7440.0,53.4
7500.0,48.6
7560.0,44.6
7620.0,47.1
7680.0,45.9
7740.0,44.8
7800.0,45.0
7860.0,44.5
7920.0,44.3
7980.0,43.5
8040.0,42.8
8100.0,41.1
8160.0,42.7
8220.0,42.8
8280.0,43.3
8340.0,42.6
8400.0,41.3
8460.0,43.4
8520.0,43.8
8580.0,42.6
8640.0,42.6
8700.0,40.8
8760.0,42.3
8820.0,41.8
8880.0,41.6
8940.0,40.6
9000.0,40.2
9060.0,41.6
9120.0,40.6
9180.0,43.8
9240.0,43.2
9300.0,42.5
9360.0,41.7
9420.0,39.7
9480.0,42.0
9540.0,40.5
9600.0,39.0
9660.0,41.5
9720.0,42.1
9780.0,43.1
9840.0,43.0
9900.0,42.0
9960.0,41.8
10020.0,42.7
10080.0,41.6
10140.0,41.4
10200.0,42.3
10260.0,42.2
10320.0,41.9
10380.0,41.4
10440.0,41.3
10500.0,40.3
10560.0,40.5
10620.0,39.7
10680.0,39.5
10740.0,39.6
10800.0,42.0
10860.0,42.0
10920.0,42.4
10980.0,43.9
11040.0,43.2
11100.0,44.2
11160.0,42.1
11220.0,43.3
11280.0,44.6
11340.0,43.7
11400.0,43.9
11460.0,43.0
11520.0,43.2
11580.0,43.4
11640.0,44.3
11700.0,44.4
11760.0,43.3
11820.0,43.9
11880.0,43.5
11940.0,44.4
12000.0,43.6
12060.0,42.6
12120.0,44.4
12180.0,43.0
12240.0,43.6
12300.0,43.4
12360.0,43.8
12420.0,42.5
12480.0,41.7
12540.0,42.3
12600.0,43.8
12660.0,42.7
12720.0,42.1
12780.0,41.3
12840.0,42.1
12900.0,42.9
12960.0,43.1
13020.0,43.3
13080.0,42.7
13140.0,43.4
13200.0,42.2
13260.0,43.5
13320.0,43.6
13380.0,43.2
13440.0,42.6
13500.0,42.9
13560.0,42.4
13620.0,43.7
13680.0,44.0
13740.0,43.9
13800.0,44.5
13860.0,45.0
13920.0,43.5
13980.0,43.1
14040.0,44.8
14100.0,45.3
14160.0,44.8
14220.0,43.5
14280.0,43.4
14340.0,44.1
14400.0,44.5
14460.0,41.5
14520.0,43.2
14580.0,42.8
14640.0,43.4
14700.0,42.6
14760.0,44.0
14820.0,44.7
14880.0,44.8
14940.0,43.7
15000.0,45.0
15060.0,45.3
15120.0,41.4
15180.0,45.0
15240.0,46.0
15300.0,45.3
15360.0,44.7
15420.0,45.2
15480.0,45.0
15540.0,44.8
15600.0,43.9
15660.0,43.5
15720.0,44.3
15780.0,44.1
15840.0,44.8
15900.0,43.7
15960.0,45.0
16020.0,45.7
16080.0,44.9
16140.0,44.5
16200.0,43.4
16260.0,44.0
16320.0,41.5
16380.0,43.6
16440.0,45.3
16500.0,44.8
16560.0,45.3
16620.0,44.2
16680.0,45.2
16740.0,44.9
16800.0,45.6
16860.0,43.7
16920.0,44.1
16980.0,44.5
17040.0,44.8
17100.0,45.7
17160.0,45.7
17220.0,45.2
17280.0,45.6
17340.0,44.4
17400.0,45.4
17460.0,45.2
17520.0,44.9
17580.0,45.5
17640.0,45.2
17700.0,44.8
17760.0,44.0
17820.0,44.3
17880.0,44.5
17940.0,43.9
18000.0,43.8
18060.0,44.0
18120.0,43.4
18180.0,44.4
18240.0,44.0
18300.0,43.8
18360.0,44.3
18420.0,44.0
18480.0,44.6
18540.0,42.9
18600.0,41.9
18660.0,39.1
18720.0,37.0
18780.0,37.4
18840.0,37.1
18900.0,36.0
18960.0,36.6
19020.0,36.7
19080.0,35.3
19140.0,35.6
19200.0,36.6
19260.0,37.5
19320.0,37.0
19380.0,36.7
19440.0,37.1
19500.0,39.2
19560.0,39.3
19620.0,38.3
19680.0,38.3
19740.0,38.1
19800.0,39.0
19860.0,41.5
19920.0,40.4
19980.0,37.6
20040.0,38.6
20100.0,40.7
20160.0,40.5
20220.0,40.6
20280.0,38.2
20340.0,36.2
20400.0,37.0
20460.0,41.9
20520.0,42.9
20580.0,42.2
20640.0,41.0
20700.0,41.6
20760.0,40.8
20820.0,42.4
20880.0,41.9
20940.0,42.3
21000.0,41.3
21060.0,40.5
21120.0,39.2
21180.0,40.2
21240.0,44.3
21300.0,43.6
21360.0,44.7
21420.0,45.0
21480.0,44.3
21540.0,37.4
21600.0,40.6
21660.0,42.1
21720.0,43.1
21780.0,43.3
21840.0,43.4
21900.0,44.8
21960.0,42.5
22020.0,43.2
22080.0,43.6
22140.0,43.9
22200.0,44.3
22260.0,43.6
22320.0,42.8
22380.0,43.5
22440.0,44.2
22500.0,44.3
22560.0,43.1
22620.0,44.1
22680.0,44.6
22740.0,44.4
22800.0,44.8
22860.0,44.0
22920.0,44.0
22980.0,46.0
23040.0,44.5
23100.0,42.7
23160.0,44.2
23220.0,44.4
23280.0,42.2
23340.0,40.5
23400.0,40.2
23460.0,42.1
23520.0,39.5
23580.0,41.8
23640.0,40.9
23700.0,43.2
23760.0,42.4
23820.0,43.6
23880.0,45.4
23940.0,42.9
24000.0,42.2
24060.0,41.0
24120.0,41.1
24180.0,41.8
24240.0,42.1
24300.0,41.1
24360.0,40.0
24420.0,39.7
24480.0,41.8
24540.0,41.7
24600.0,42.4
24660.0,42.8
24720.0,43.2
24780.0,43.4
24840.0,39.1
24900.0,42.7
24960.0,41.5
25020.0,40.8
25080.0,42.0
25140.0,43.2
25200.0,42.2
25260.0,42.0
25320.0,42.1
25380.0,40.6
25440.0,41.7
25500.0,42.5
25560.0,41.7
25620.0,42.7
25680.0,43.2
25740.0,41.8
25800.0,41.9
25860.0,42.8
25920.0,42.4
25980.0,41.9
26040.0,42.1
26100.0,41.2
26160.0,41.6
26220.0,41.2
26280.0,40.8
26340.0,40.4
26400.0,40.8
26460.0,39.8
26520.0,40.8
26580.0,40.1
26640.0,40.7
26700.0,40.1
26760.0,40.8
26820.0,40.3
26880.0,39.7
26940.0,39.5
27000.0,38.9
27060.0,39.9
27120.0,40.2
27180.0,39.6
27240.0,39.8
27300.0,39.6
27360.0,40.4
27420.0,39.0
27480.0,39.6
27540.0,39.8
27600.0,39.1
27660.0,39.7
27720.0,39.2
27780.0,39.7
27840.0,39.6
27900.0,39.0
27960.0,39.5
28020.0,39.1
28080.0,39.4
28140.0,38.1
28200.0,39.1
28260.0,40.2
28320.0,38.4
28380.0,38.3
28440.0,37.8
28500.0,38.0
28560.0,37.7
28620.0,38.5
28680.0,38.6
28740.0,38.3
28800.0,38.5
28860.0,38.1
28920.0,38.8
28980.0,39.0
29040.0,38.4
29100.0,38.2
29160.0,37.8
29220.0,38.6
29280.0,37.6
29340.0,38.0
29400.0,38.4
29460.0,38.3
29520.0,38.4
29580.0,38.2
29640.0,37.3
29700.0,37.0
29760.0,37.6
29820.0,38.5
29880.0,38.0
29940.0,37.5
30000.0,37.2
30060.0,37.0
30120.0,36.7
30180.0,36.6
30240.0,36.3
30300.0,36.7
30360.0,36.6
30420.0,37.3
30480.0,36.7
30540.0,36.9
30600.0,36.7
30660.0,36.7
30720.0,37.2
30780.0,37.4
30840.0,36.1
30900.0,36.6
30960.0,36.3
31020.0,36.7
31080.0,37.7
31140.0,36.8
31200.0,38.0
31260.0,37.5
31320.0,36.9
31380.0,37.0
31440.0,36.8
31500.0,37.2
31560.0,36.8
31620.0,36.9
31680.0,36.6
31740.0,36.6
31800.0,36.7
31860.0,37.1
31920.0,36.3
31980.0,36.7
32040.0,36.8
32100.0,37.2
32160.0,37.9
32220.0,37.1
32280.0,38.2
32340.0,37.7
32400.0,37.5
32460.0,37.7
32520.0,37.3
32580.0,37.3
32640.0,37.3
32700.0,37.4
32760.0,36.8
32820.0,37.1
32880.0,37.0
32940.0,36.7
33000.0,36.8
33060.0,37.5
33120.0,36.5
33180.0,37.6
33240.0,38.8
33300.0,36.9
33360.0,36.8
33420.0,37.3
33480.0,38.0
33540.0,37.2
33600.0,36.8
33660.0,37.5
33720.0,37.2
33780.0,37.3
33840.0,37.5
33900.0,37.3
33960.0,36.8
34020.0,36.8
34080.0,37.1
34140.0,36.0
34200.0,36.7
34260.0,37.0
34320.0,37.2
34380.0,36.8
34440.0,36.6
34500.0,36.7
34560.0,36.9
34620.0,37.8
34680.0,37.3
34740.0,36.5
34800.0,37.0
34860.0,36.4
34920.0,35.7
34980.0,36.1
35040.0,36.6
35100.0,36.2
35160.0,36.3
35220.0,36.8
35280.0,36.3
35340.0,36.7
35400.0,36.5
35460.0,36.9
35520.0,36.9
35580.0,36.5
35640.0,36.8
35700.0,36.2
35760.0,36.5
35820.0,36.7
35880.0,37.2
35940.0,36.9
36000.0,36.9
36060.0,36.9
36120.0,36.7
36180.0,37.4
36240.0,37.0
36300.0,37.1
36360.0,37.3
36420.0,37.6
36480.0,36.8
36540.0,36.8
36600.0,36.6
36660.0,36.9
36720.0,38.1
36780.0,37.8
36840.0,37.9
36900.0,37.0
36960.0,37.5
37020.0,37.7
37080.0,38.0
37140.0,37.4
37200.0,37.8
37260.0,37.0
37320.0,36.7
37380.0,37.5
37440.0,37.6
37500.0,36.0
37560.0,37.0
37620.0,36.7
37680.0,36.4
37740.0,37.2
37800.0,37.3
37860.0,37.0
37920.0,35.9
37980.0,36.5
38040.0,37.0
38100.0,37.3
38160.0,37.1
38220.0,37.8
38280.0,36.9
38340.0,36.6
38400.0,36.5
38460.0,37.1
38520.0,37.6
38580.0,37.7
38640.0,36.2
38700.0,37.4
38760.0,36.4
38820.0,36.5
38880.0,36.3
38940.0,36.3
39000.0,36.3
39060.0,37.0
39120.0,36.0
39180.0,36.5
39240.0,35.8
39300.0,36.8
39360.0,36.3
39420.0,37.5
39480.0,36.9
39540.0,36.7
39600.0,37.0
39660.0,37.2
39720.0,35.9
39780.0,35.9
39840.0,36.5
39900.0,35.9
39960.0,36.3
40020.0,35.8
40080.0,36.8
40140.0,36.8
40200.0,37.8
40260.0,36.8
40320.0,36.5
40380.0,36.6
40440.0,36.6
40500.0,37.2
40560.0,36.3
40620.0,36.0
40680.0,36.3
40740.0,36.0
40800.0,35.0
40860.0,35.5
40920.0,34.8
40980.0,34.8
41040.0,37.0
41100.0,35.4
41160.0,-9999.0
41220.0,-9999.0
41280.0,-9999.0
41340.0,-9999.0
41400.0,-9999.0
41460.0,-9999.0
41520.0,-9999.0
41580.0,-9999.0
41640.0,-9999.0
41700.0,-9999.0
41760.0,-9999.0
41820.0,-9999.0
41880.0,-9999.0
41940.0,-9999.0
42000.0,35.2
42060.0,36.4
42120.0,36.0
42180.0,36.0
42240.0,36.5
42300.0,35.6
42360.0,35.6
42420.0,35.6
42480.0,-9999.0
42540.0,-9999.0
42600.0,-9999.0
42660.0,-9999.0
42720.0,-9999.0
42780.0,-9999.0
42840.0,-9999.0
42900.0,-9999.0
42960.0,-9999.0
43020.0,-9999.0
43080.0,-9999.0
43140.0,-9999.0
43200.0,-9999.0
43260.0,-9999.0
43320.0,-9999.0
43380.0,-9999.0
43440.0,-9999.0
43500.0,-9999.0
43560.0,-9999.0
43620.0,-9999.0
43680.0,-9999.0
43740.0,-9999.0
43800.0,-9999.0
43860.0,-9999.0
43920.0,-9999.0
43980.0,-9999.0
44040.0,-9999.0
44100.0,-9999.0
44160.0,-9999.0
44220.0,-9999.0
44280.0,-9999.0
44340.0,-9999.0
44400.0,-9999.0
44460.0,-9999.0
44520.0,-9999.0
44580.0,-9999.0
44640.0,-9999.0
44700.0,-9999.0
44760.0,-9999.0
44820.0,-9999.0
44880.0,-9999.0
44940.0,-9999.0
45000.0,-9999.0
45060.0,-9999.0
45120.0,-9999.0
45180.0,-9999.0
45240.0,-9999.0
45300.0,-9999.0
45360.0,-9999.0
45420.0,-9999.0
45480.0,-9999.0
45540.0,-9999.0
45600.0,-9999.0
45660.0,-9999.0
45720.0,-9999.0
45780.0,-9999.0
45840.0,-9999.0
45900.0,-9999.0
45960.0,-9999.0
46020.0,-9999.0
46080.0,-9999.0
46140.0,-9999.0
46200.0,-9999.0
46260.0,-9999.0
46320.0,-9999.0
46380.0,-9999.0
46440.0,-9999.0
46500.0,-9999.0
46560.0,-9999.0
46620.0,-9999.0
46680.0,-9999.0
46740.0,-9999.0
46800.0,-9999.0
46860.0,-9999.0
46920.0,-9999.0
46980.0,-9999.0
47040.0,-9999.0
47100.0,-9999.0
47160.0,-9999.0
47220.0,-9999.0
47280.0,-9999.0
47340.0,-9999.0
47400.0,-9999.0
47460.0,-9999.0
47520.0,-9999.0
47580.0,-9999.0
47640.0,-9999.0
47700.0,-9999.0
47760.0,-9999.0
47820.0,-9999.0
47880.0,-9999.0
47940.0,-9999.0
48000.0,-9999.0
48060.0,-9999.0
48120.0,-9999.0
48180.0,-9999.0
48240.0,-9999.0
48300.0,-9999.0
48360.0,-9999.0
48420.0,-9999.0
48480.0,-9999.0
48540.0,-9999.0
48600.0,-9999.0
48660.0,-9999.0
48720.0,-9999.0
48780.0,-9999.0
48840.0,-9999.0
48900.0,-9999.0
48960.0,-9999.0
49020.0,-9999.0
49080.0,-9999.0
49140.0,-9999.0
49200.0,-9999.0
49260.0,-9999.0
49320.0,-9999.0
49380.0,-9999.0
49440.0,-9999.0
49500.0,-9999.0
49560.0,-9999.0
49620.0,-9999.0
49680.0,-9999.0
49740.0,-9999.0
49800.0,-9999.0
49860.0,-9999.0
49920.0,-9999.0
49980.0,-9999.0
50040.0,-9999.0
50100.0,-9999.0
50160.0,-9999.0
50220.0,-9999.0
50280.0,-9999.0
50340.0,-9999.0
50400.0,-9999.0
50460.0,-9999.0
50520.0,-9999.0
50580.0,-9999.0
50640.0,-9999.0
50700.0,-9999.0
50760.0,-9999.0
50820.0,-9999.0
50880.0,-9999.0
50940.0,-9999.0
51000.0,-9999.0
51060.0,-9999.0
51120.0,-9999.0
51180.0,-9999.0
51240.0,-9999.0
51300.0,-9999.0
51360.0,-9999.0
51420.0,-9999.0
51480.0,-9999.0
51540.0,-9999.0
51600.0,-9999.0
51660.0,-9999.0
51720.0,-9999.0
51780.0,-9999.0
51840.0,-9999.0
51900.0,-9999.0
51960.0,-9999.0
52020.0,-9999.0
52080.0,-9999.0
52140.0,-9999.0
52200.0,-9999.0
52260.0,-9999.0
52320.0,-9999.0
52380.0,-9999.0
52440.0,-9999.0
52500.0,-9999.0
52560.0,-9999.0
52620.0,-9999.0
52680.0,-9999.0
52740.0,-9999.0
52800.0,-9999.0
52860.0,-9999.0
52920.0,-9999.0
52980.0,-9999.0
53040.0,-9999.0
53100.0,-9999.0
53160.0,-9999.0
53220.0,-9999.0
53280.0,-9999.0
53340.0,-9999.0
53400.0,-9999.0
53460.0,-9999.0
53520.0,-9999.0
53580.0,-9999.0
53640.0,-9999.0
53700.0,-9999.0
53760.0,-9999.0
53820.0,-9999.0
53880.0,-9999.0
53940.0,-9999.0
54000.0,-9999.0
54060.0,-9999.0
54120.0,-9999.0
54180.0,-9999.0
54240.0,-9999.0
54300.0,-9999.0
54360.0,-9999.0
54420.0,-9999.0
54480.0,-9999.0
54540.0,-9999.0
54600.0,-9999.0
54660.0,-9999.0
54720.0,-9999.0
54780.0,-9999.0
54840.0,-9999.0
54900.0,-9999.0
54960.0,-9999.0
55020.0,-9999.0
55080.0,-9999.0
55140.0,-9999.0
55200.0,-9999.0
55260.0,-9999.0
55320.0,-9999.0
55380.0,-9999.0
55440.0,-9999.0
55500.0,-9999.0
55560.0,-9999.0
55620.0,-9999.0
55680.0,-9999.0
55740.0,-9999.0
55800.0,-9999.0
55860.0,-9999.0
55920.0,-9999.0
55980.0,-9999.0
56040.0,-9999.0
56100.0,-9999.0
56160.0,-9999.0
56220.0,-9999.0
56280.0,-9999.0
56340.0,-9999.0
56400.0,-9999.0
56460.0,-9999.0
56520.0,-9999.0
56580.0,-9999.0
56640.0,-9999.0
56700.0,-9999.0
56760.0,-9999.0
56820.0,-9999.0
56880.0,-9999.0
56940.0,-9999.0
57000.0,-9999.0
57060.0,-9999.0
57120.0,-9999.0
57180.0,-9999.0
57240.0,-9999.0
57300.0,-9999.0
57360.0,35.5
57420.0,36.0
57480.0,36.5
57540.0,35.9
57600.0,34.1
57660.0,32.7
57720.0,37.0
57780.0,35.4
57840.0,37.8
57900.0,36.9
57960.0,36.4
58020.0,-9999.0
58080.0,-9999.0
58140.0,-9999.0
58200.0,-9999.0
58260.0,-9999.0
58320.0,-9999.0
58380.0,-9999.0
58440.0,-9999.0
58500.0,-9999.0
58560.0,-9999.0
58620.0,-9999.0
58680.0,35.1
58740.0,36.1
58800.0,36.2
58860.0,38.6
58920.0,38.2
58980.0,36.3
59040.0,37.0
59100.0,37.8
59160.0,34.5
59220.0,35.7
59280.0,38.4
59340.0,37.7
59400.0,36.5
59460.0,35.3
59520.0,37.6
59580.0,39.3
59640.0,39.9
59700.0,39.2
59760.0,40.1
59820.0,40.2
59880.0,39.7
59940.0,40.7
60000.0,40.0
60060.0,38.7
60120.0,39.8
60180.0,40.2
60240.0,41.4
60300.0,40.4
60360.0,38.9
60420.0,40.2
60480.0,42.1
60540.0,40.3
60600.0,41.0
60660.0,41.0
60720.0,42.5
60780.0,41.1
60840.0,41.6
60900.0,41.8
60960.0,41.6
61020.0,41.0
61080.0,41.5
61140.0,42.0
61200.0,42.1
61260.0,41.9
61320.0,42.7
61380.0,41.5
61440.0,42.2
61500.0,41.4
61560.0,42.1
61620.0,41.4
61680.0,42.2
61740.0,43.3
61800.0,42.4
61860.0,43.1
61920.0,42.1
61980.0,41.8
62040.0,41.9
62100.0,42.7
62160.0,43.1
62220.0,41.9
62280.0,40.8
62340.0,41.2
62400.0,42.4
62460.0,41.7
62520.0,42.3
62580.0,41.7
62640.0,42.0
62700.0,42.9
62760.0,42.4
62820.0,42.4
62880.0,44.0
62940.0,43.5
63000.0,43.8
63060.0,43.1
63120.0,42.8
63180.0,42.6
63240.0,42.1
63300.0,43.5
63360.0,42.9
63420.0,43.0
63480.0,42.8
63540.0,43.4
63600.0,42.4
63660.0,43.0
63720.0,42.8
63780.0,42.8
63840.0,44.0
63900.0,43.7
63960.0,42.6
64020.0,41.6
64080.0,42.3
64140.0,43.1
64200.0,41.7
64260.0,43.7
64320.0,43.8
64380.0,43.7
64440.0,43.6
64500.0,41.1
64560.0,41.3
64620.0,44.1
64680.0,43.9
64740.0,43.7
64800.0,41.7
64860.0,40.9
64920.0,42.0
64980.0,42.6
65040.0,43.0
65100.0,43.3
65160.0,43.2
65220.0,43.2
65280.0,42.9
65340.0,43.2
65400.0,42.6
65460.0,43.2
65520.0,40.5
65580.0,40.9
65640.0,42.2
65700.0,42.4
65760.0,44.2
65820.0,42.9
65880.0,42.1
65940.0,42.3
66000.0,41.6
66060.0,41.6
66120.0,41.9
66180.0,42.0
66240.0,44.4
66300.0,43.9
66360.0,43.9
66420.0,44.1
66480.0,42.2
66540.0,43.3
66600.0,44.4
66660.0,44.0
66720.0,44.4
66780.0,46.2
66840.0,45.7
66900.0,45.2
66960.0,45.5
67020.0,45.7
67080.0,45.5
67140.0,45.5
67200.0,44.9
67260.0,44.6
67320.0,45.4
67380.0,46.2
67440.0,45.3
67500.0,45.6
67560.0,46.3
67620.0,44.2
67680.0,44.8
67740.0,45.9
67800.0,46.8
67860.0,47.5
67920.0,47.0
67980.0,46.2
68040.0,46.7
68100.0,47.0
68160.0,47.5
68220.0,47.2
68280.0,47.5
68340.0,47.2
68400.0,45.9
68460.0,46.3
68520.0,48.0
68580.0,47.3
68640.0,46.2
68700.0,46.4
68760.0,46.6
68820.0,46.6
68880.0,48.0
68940.0,47.6
69000.0,46.5
69060.0,46.0
69120.0,47.5
69180.0,47.9
69240.0,47.4
69300.0,48.0
69360.0,47.9
69420.0,48.5
69480.0,47.7
69540.0,45.9
69600.0,47.8
69660.0,49.1
69720.0,47.6
69780.0,47.7
69840.0,48.1
69900.0,48.0
69960.0,48.8
70020.0,47.7
70080.0,48.6
70140.0,49.0
70200.0,49.5
70260.0,48.9
70320.0,47.8
70380.0,46.0
70440.0,43.9
70500.0,46.4
70560.0,48.4
70620.0,48.0
70680.0,48.0
70740.0,47.3
70800.0,48.8
70860.0,47.4
70920.0,47.0
70980.0,47.1
71040.0,47.0
71100.0,49.6
71160.0,48.7
71220.0,49.0
71280.0,48.1
71340.0,47.9
71400.0,48.9
71460.0,48.9
71520.0,47.2
71580.0,47.1
71640.0,47.1
71700.0,48.6
71760.0,48.4
71820.0,49.1
71880.0,47.7
71940.0,47.3
72000.0,46.8
72060.0,48.9
72120.0,49.5
72180.0,48.4
72240.0,48.3
72300.0,50.0
72360.0,48.4
72420.0,48.5
72480.0,48.8
72540.0,46.6
72600.0,47.9
72660.0,48.3
72720.0,48.8
72780.0,48.7
72840.0,47.7
72900.0,48.2
72960.0,46.3
73020.0,47.6
73080.0,46.6
73140.0,48.7
73200.0,48.8
73260.0,49.4
73320.0,49.5
73380.0,47.7
73440.0,48.0
73500.0,47.1
73560.0,46.8
73620.0,48.9
73680.0,49.3
73740.0,49.3
73800.0,47.9
73860.0,48.8
73920.0,48.6
73980.0,48.1
74040.0,47.7
74100.0,49.5
74160.0,50.4
74220.0,47.5
74280.0,48.7
74340.0,49.8
74400.0,49.6
74460.0,48.5
74520.0,48.9
74580.0,48.2
74640.0,47.2
74700.0,49.9
74760.0,51.3
74820.0,49.0
74880.0,46.7
74940.0,47.7
75000.0,47.5
75060.0,47.8
75120.0,48.6
75180.0,47.3
75240.0,48.4
75300.0,48.6
75360.0,49.2
75420.0,50.3
75480.0,49.6
75540.0,50.0
75600.0,48.1
75660.0,49.5
75720.0,49.2
75780.0,46.3
75840.0,48.7
75900.0,47.9
75960.0,48.8
76020.0,48.5
76080.0,47.4
76140.0,48.5
76200.0,48.6
76260.0,49.4
76320.0,49.3
76380.0,46.9
76440.0,47.5
76500.0,46.2
76560.0,46.5
76620.0,45.9
76680.0,48.1
76740.0,47.9
76800.0,50.3
76860.0,47.1
76920.0,48.5
76980.0,48.0
77040.0,45.7
77100.0,48.2
77160.0,47.5
77220.0,48.3
77280.0,48.7
77340.0,48.1
77400.0,49.2
77460.0,49.4
77520.0,44.3
77580.0,46.8
77640.0,45.3
77700.0,44.0
77760.0,46.5
77820.0,47.6
77880.0,44.4
77940.0,42.5
78000.0,45.4
78060.0,46.5
78120.0,45.7
78180.0,46.0
78240.0,46.6
78300.0,45.2
78360.0,46.2
78420.0,46.2
78480.0,44.6
78540.0,44.7
78600.0,45.0
78660.0,45.2
78720.0,42.8
78780.0,46.0
78840.0,43.7
78900.0,45.7
78960.0,44.7
79020.0,45.3
79080.0,44.9
79140.0,42.6
79200.0,44.8
79260.0,42.1
79320.0,44.9
79380.0,45.7
79440.0,46.0
79500.0,44.2
79560.0,43.8
79620.0,44.2
79680.0,43.3
79740.0,43.5
79800.0,45.5
79860.0,44.6
79920.0,45.5
79980.0,45.8
80040.0,41.6
80100.0,40.0
80160.0,42.0
80220.0,44.1
80280.0,43.9
80340.0,44.8
80400.0,44.0
80460.0,43.8
80520.0,46.0
80580.0,45.0
80640.0,46.1
80700.0,45.5
80760.0,44.7
80820.0,46.1
80880.0,46.1
80940.0,45.9
81000.0,46.4
81060.0,45.1
81120.0,45.3
81180.0,46.3
81240.0,45.3
81300.0,44.4
81360.0,46.2
81420.0,43.6
81480.0,44.2
81540.0,44.8
81600.0,46.8
81660.0,45.4
81720.0,45.0
81780.0,46.9
81840.0,44.2
81900.0,44.5
81960.0,44.0
82020.0,47.7
82080.0,46.4
82140.0,46.2
82200.0,45.8
82260.0,45.2
82320.0,44.6
82380.0,44.6
82440.0,46.2
82500.0,45.6
82560.0,46.6
82620.0,47.3
82680.0,45.4
82740.0,45.0
82800.0,45.8
82860.0,45.5
82920.0,46.2
82980.0,45.0
83040.0,46.9
83100.0,46.0
83160.0,45.8
83220.0,46.3
83280.0,47.0
83340.0,46.7
83400.0,46.3
83460.0,46.3
83520.0,44.8
83580.0,44.7
83640.0,46.0
83700.0,46.9
83760.0,45.0
83820.0,45.6
83880.0,47.6
83940.0,47.2
84000.0,48.3
84060.0,47.0
84120.0,48.1
84180.0,47.1
84240.0,42.3
84300.0,42.5
84360.0,45.5
84420.0,45.2
84480.0,45.6
84540.0,46.6
84600.0,47.8
84660.0,46.2
84720.0,47.1
84780.0,46.1
84840.0,46.4
84900.0,46.0
84960.0,46.7
85020.0,45.9
85080.0,45.7
85140.0,44.9
85200.0,44.4
85260.0,46.7
85320.0,44.0
85380.0,45.8
85440.0,45.9
85500.0,47.2
85560.0,45.1
85620.0,46.8
85680.0,48.1
85740.0,45.8
85800.0,46.1
85860.0,46.6
85920.0,44.4
85980.0,46.2
86040.0,46.2
86100.0,45.0
86160.0,47.1
86220.0,44.9
86280.0,44.4
86340.0,45.1
