CampaignData_and_Merges/R0/CSL_MobileLab_Parked/raw/20240815/USOS-NOAAIodideCIMS-HNO2_MobileLabGround_20240815_RA.ict
33, 1001
Michael A Robinson, Chris Jernigan, Subi Thakali
NOAA ESRL Chemical Sciences Laboratory and CIRES, U. of Colorado
NOAA Iodide CIMS Instrument
USOS
1, 1
2024, 08, 15, 2024, 08, 18
1
starttime_UTC, seconds_past_midnight, seconds_of_day_since_00:00:00_UTC
1
1
-9999
HNO2_NOAACIMS, pptv, Gas_HNO2_InSitu_S_AVMR, 
0
18
PI_CONTACT_INFO: 325 Broadway, R/CSD 7, Boulder, Colorado 80305; michael.a.robinson@noaa.gov; chris.jernigan@noaa.gov;
PLATFORM: NOAA CSL Mobile Lab
LOCATION: SLC, Utah
ASSOCIATED_DATA: 1Hz data also available on request.
INSTRUMENT_INFO: NOAA I- ToF CIMS
DATA_INFO: All data in parts per trillion by volume (pptv). 1 Hz data is available upon request.
UNCERTAINTY: TBD
ULOD_FLAG: -7777
ULOD_VALUE: N/A
LLOD_FLAG: -8888
LLOD_VALUE: N/A
DM_CONTACT_INFO: Nathan Howard; nathan.h.howard@noaa.gov
PROJECT_INFO: USOS, summer 2024. https://csl.noaa.gov/groups/csl7/measurements/2024usos/
STIPULATIONS_ON_USE: Users are strongly encouraged to contact the PI for proper data usage.
OTHER_COMMENTS: 
REVISION: RA
RA: Preliminary Data; For in-field use only
starttime_UTC, HNO2_NOAACIMS
[from data line 994]
 59640, -9999.000
 59700, -9999.000
 59760, -9999.000
 59820, -9999.000
 59880, -9999.000
 59940, -9999.000
 60000, -9999.000
 60060, -9999.000
 60120, -9999.000
 60180, -9999.000
 60240, -9999.000
 60300, -9999.000
 60360, -9999.000
 60420, -9999.000
 60480, -9999.000
 60540, -9999.000
 60600, -9999.000
 60660, -9999.000
 60720, -9999.000
 60780, -9999.000
 60840, -9999.000
 60900, -9999.000
 60960, -9999.000
 61020, -9999.000
 61080, -9999.000
 61140, -9999.000
 61200, -9999.000
 61260, -9999.000
 61320, -9999.000
 61380, -9999.000
 61440, -9999.000
 61500, 125.616
 61560, 235.017
 61620, 112.842
 61680, 106.668
 61740, 103.484
 61800, 106.334
 61860, 107.280
 61920, 125.108
 61980, 131.766
 62040, 137.975
 62100, 106.321
 62160, 113.817
 62220, 112.895
 62280, 128.868
 62340, 114.305
 62400, 136.321
 62460, 125.942
 62520, 100.676
 62580, 136.455
 62640, 113.051
 62700, 115.385
 62760, 105.223
 62820, 96.867
 62880, -9999.000
 62940, 109.675
 63000, 96.733
 63060, 104.645
 63120, 105.301
 63180, 154.567
 63240, 113.379
 63300, 115.632
 63360, 120.167
 63420, 114.876
 63480, 110.197
 63540, 92.789
 63600, 107.984
 63660, 97.698
 63720, 98.795
 63780, 90.984
 63840, 97.417
 63900, 155.505
 63960, 118.024
 64020, 109.682
 64080, 112.742
 64140, 104.833
 64200, 104.960
 64260, 112.097
 64320, 90.230
 64380, 98.982
 64440, 92.637
 64500, 116.533
 64560, 126.899
 64620, 91.638
 64680, 92.752
 64740, -9999.000
 64800, 133.731
 64860, 133.580
 64920, 116.311
 64980, 92.039
 65040, 93.497
 65100, 96.683
 65160, 98.745
 65220, 88.622
 65280, 88.395
 65340, 127.283
 65400, 92.426
 65460, 109.073
 65520, 124.952
 65580, 128.480
 65640, 113.543
 65700, 99.185
 65760, 98.882
 65820, 112.604
 65880, 134.840
 65940, 123.773
 66000, 138.962
 66060, 132.366
 66120, 175.085
 66180, 113.870
 66240, 95.587
 66300, 102.397
 66360, 132.391
 66420, 143.633
 66480, 144.446
 66540, 129.004
 66600, 162.070
 66660, 127.267
 66720, 129.282
 66780, 112.282
 66840, 106.672
 66900, 125.896
 66960, 174.937
 67020, 112.863
 67080, 111.352
 67140, 114.070
 67200, 119.727
 67260, 117.691
 67320, 101.446
 67380, 113.137
 67440, 110.367
 67500, 110.733
 67560, 126.714
 67620, 122.094
 67680, 123.882
 67740, 110.250
 67800, 97.428
 67860, 103.517
 67920, 104.447
 67980, 105.972
 68040, 119.835
 68100, 102.374
 68160, 116.203
 68220, 121.593
 68280, 117.544
 68340, 129.604
 68400, -9999.000
 68460, 145.500
 68520, 119.950
 68580, 112.630
 68640, 118.625
 68700, 123.525
 68760, 131.877
 68820, 102.163
 68880, 105.428
 68940, 117.105
 69000, 125.211
 69060, 123.470
 69120, 116.321
 69180, 110.916
 69240, 111.537
 69300, 106.581
 69360, 102.930
 69420, 111.422
 69480, 147.213
 69540, 126.368
 69600, 132.228
 69660, 100.522
 69720, 139.479
 69780, 118.796
 69840, 128.502
 69900, 134.255
 69960, 142.763
 70020, 131.998
 70080, 123.386
 70140, 116.669
 70200, 114.978
 70260, -9999.000
 70320, 158.581
 70380, 172.698
 70440, 194.304
 70500, 138.982
 70560, 136.265
 70620, 155.606
 70680, 164.867
 70740, 110.673
 70800, 122.320
 70860, 126.990
 70920, 155.817
 70980, 161.397
 71040, 144.022
 71100, 106.231
 71160, 128.958
 71220, 127.826
 71280, 132.344
 71340, 119.208
 71400, 135.604
 71460, 125.560
 71520, 154.137
 71580, 155.128
 71640, 106.925
 71700, 105.321
 71760, 173.397
 71820, 131.271
 71880, 102.777
 71940, 124.118
 72000, 109.454
 72060, 74.663
 72120, -9999.000
 72180, 121.392
 72240, 93.305
 72300, 91.812
 72360, 116.222
 72420, 112.779
 72480, 140.480
 72540, 116.512
 72600, 111.601
 72660, 113.328
 72720, 84.229
 72780, 120.757
 72840, 120.767
 72900, 95.874
 72960, 122.589
 73020, 141.935
 73080, 115.792
 73140, 118.755
 73200, 114.334
 73260, 107.290
 73320, 118.172
 73380, 94.624
 73440, 117.065
 73500, 126.512
 73560, 104.623
 73620, 111.531
 73680, 110.552
 73740, 104.376
 73800, 106.030
 73860, 107.104
 73920, 113.224
 73980, 145.040
 74040, 107.560
 74100, 91.536
 74160, 90.678
 74220, 123.530
 74280, 97.209
 74340, 70.411
 74400, 114.934
 74460, 130.003
 74520, 117.067
 74580, 152.094
 74640, 75.871
 74700, 71.972
 74760, 84.009
 74820, 124.511
 74880, 123.181
 74940, 113.175
 75000, 138.659
 75060, 108.861
 75120, 109.589
 75180, 95.485
 75240, 80.178
 75300, 91.664
 75360, 92.764
 75420, 99.226
 75480, 84.212
 75540, 94.804
 75600, 94.129
 75660, 89.034
 75720, 94.130
 75780, 104.824
 75840, 94.863
 75900, 103.767
 75960, 79.362
 76020, 112.465
 76080, 114.462
 76140, 95.989
 76200, 90.184
 76260, 102.214
 76320, 98.227
 76380, 99.699
 76440, 105.337
 76500, 113.635
 76560, 116.242
 76620, 111.106
 76680, 100.672
 76740, 99.708
 76800, 105.046
 76860, 104.132
 76920, 97.439
 76980, 107.388
 77040, 89.978
 77100, 82.134
 77160, 74.224
 77220, 75.586
 77280, 72.852
 77340, 66.769
 77400, 68.889
 77460, 77.307
 77520, 103.292
 77580, 92.152
 77640, 96.739
 77700, 77.793
 77760, 75.484
 77820, 110.304
 77880, 119.737
 77940, 135.905
 78000, 67.448
 78060, 77.680
 78120, 102.604
 78180, 54.559
 78240, 77.471
 78300, 73.578
 78360, 74.661
 78420, 68.092
 78480, 97.157
 78540, 66.868
 78600, 79.010
 78660, 59.756
 78720, 49.861
 78780, 64.465
 78840, 55.260
 78900, 38.279
 78960, 53.357
 79020, 49.239
 79080, 77.317
 79140, 80.251
 79200, 80.774
 79260, 72.550
 79320, 32.552
 79380, 38.610
 79440, 36.640
 79500, -9999.000
 79560, 57.853
 79620, 89.524
 79680, 76.898
 79740, 59.153
 79800, 48.704
 79860, 40.879
 79920, 41.758
 79980, 54.931
 80040, 126.385
 80100, 103.265
 80160, 95.667
 80220, 82.790
 80280, 70.954
 80340, 79.431
 80400, 67.290
 80460, 40.683
 80520, 58.623
 80580, 57.005
 80640, 54.654
 80700, 62.971
 80760, 68.997
 80820, 35.633
 80880, 55.619
 80940, 50.461
 81000, 51.599
 81060, 73.608
 81120, 45.892
 81180, 57.980
 81240, 71.967
 81300, 57.219
 81360, -9999.000
 81420, 139.789
 81480, 82.233
 81540, 74.274
 81600, 80.616
 81660, 108.601
 81720, 55.577
 81780, 71.275
 81840, 79.247
 81900, 77.378
 81960, 70.268
 82020, 52.326
 82080, 67.797
 82140, 70.153
 82200, 68.502
 82260, 80.471
 82320, 79.897
 82380, 70.833
 82440, 68.167
 82500, 82.623
 82560, 58.798
 82620, 53.777
 82680, 96.300
 82740, 90.825
 82800, 55.755
 82860, 84.516
 82920, 82.634
 82980, 83.646
 83040, 89.516
 83100, 81.621
 83160, 77.400
 83220, -9999.000
 83280, 52.578
 83340, 59.762
 83400, 60.967
 83460, 76.858
 83520, 91.474
 83580, 102.763
 83640, 85.161
 83700, 66.877
 83760, 77.115
 83820, 58.346
 83880, 70.396
 83940, 62.228
 84000, 56.987
 84060, 59.260
 84120, 58.381
 84180, 74.533
 84240, 122.031
 84300, 91.282
 84360, 64.512
 84420, 75.473
 84480, 65.831
 84540, 54.398
 84600, 61.649
 84660, 67.501
 84720, 68.588
 84780, 57.504
 84840, 61.583
 84900, 69.427
 84960, 63.436
 85020, 58.782
 85080, 83.224
 85140, 82.634
 85200, 65.622
 85260, 64.670
 85320, 84.289
 85380, 80.110
 85440, 50.642
 85500, 58.932
 85560, 67.183
 85620, 49.629
 85680, 53.390
 85740, 42.904
 85800, 56.891
 85860, 80.550
 85920, 73.018
 85980, 65.517
 86040, 76.832
 86100, 67.093
 86160, 58.702
 86220, 69.312
 86280, 77.827
 86340, 86.229
