CampaignData_and_Merges/R0/CSL_MobileLab_Parked/raw/20240815/USOS-Picarro-CO2-CH4-CO-H2O_MobileLabGround_20240815_R0.ict
38, 1001
Ilana Pollack, Nell Schafer, and Jeff Peischl
NOAA Chemical Sciences Laboratory
Picarro 2401-m CO2/CH4/CO/H2O Analyzer
USOS
1, 1
2024, 08, 15, 2024, 11, 20
0
StartTime_UTC, seconds_past_midnight, seconds past midnight
5
1, 1, 1, 1, 1
-9999, -9999, -9999, -9999, -9999
StopTime_UTC, seconds_past_midnight, seconds past midnight
CO2_ppm_1min, ppm, Gas_CO2_InSitu_S_DMF, carbon dioxide mixing ratio
CH4_ppb_1min, ppb, Gas_CH4_InSitu_S_DMF, methane mixing ratio
CO_ppb_1min, ppb, Gas_CO_InSitu_S_DMF, carbon monoxide mixing ratio
H2O_ppmv_1min, ppmv, Met_H2OMRV_InSitu_S_AVMR, water vapor mixing ratio
1
SPECIAL COMMENTS: N/A
18
PI_CONTACT_INFO: Address: NOAA Chemical Sciences Laboratory, Mail Stop CSL7, 325 Broadway, Boulder, CO 80305; Email: Ilana.Pollack@noaa.gov
PLATFORM: NOAA CSL Mobile Laboratory
LOCATION: The mobile lab was stationed in Salt Lake City, Utah.
ASSOCIATED_DATA: N/A
INSTRUMENT_INFO: CO2, CH4, and CO are reported as dry air mole fractions using a commercial wavelength-scanned cavity ring-down analyzer (Picarro 2401-m). An in-field calibration gas standard of 432±0.07 ppm CO2, 2095±1 ppb CH4, and 183±1 ppb CO, calibrated in the Boulder laboratories before and after the field project using primary CO2, CH4, and CO standard tanks tied to the WMO standard (X2019, X2004A, and X2014A, respectively) from the Global Monitoring Laboratory (GML), was delivered to the inlet every 2-3 days to evaluate instrument sensitivity. A H2O measurement was calibrated before the project with a Dew Point Mirror 373 hygrometer. The water correction calculated from these calibrations was applied to the H2O measurement for the entire campaign. Species are measured at 0.5 Hz and reported as 1-minute averages for stationary measurements.
DATA_INFO: Units: CO2, ppm, dry air mole fraction; CH4, ppb, dry air mole fraction; CO, ppb, dry air mole fraction; H2O, ppmv
UNCERTAINTY: Total uncertainties are estimated as ±0.1 ppm for CO2, ±1 ppb for CH4, ±5 ppb for CO, and ±(50 ppm + 4%) for H2O.
ULOD_FLAG: -7777
ULOD_VALUE: N/A
LLOD_FLAG: -8888
LLOD_VALUE: N/A
DM_CONTACT_INFO: Data Manager: Nathan Howard; nathan.h.howard@noaa.gov
PROJECT_INFO: USOS Dates of Study: July – August 2024
STIPULATIONS_ON_USE: Use of these data require prior ok from PI.
OTHER_COMMENTS: Data are averaged to 1 minute intervals. Stationary data collected from a 10 ft tower on top of the mobile van.
REVISION: R0
R0: Final Data
StartTime_UTC, StopTime_UTC, CO2_ppm_1min, CH4_ppb_1min, CO_ppb_1min, H2O_ppmv_1min
[from data line 1182]
70920,70980,434.17,1951.3,165.3,9174.6787
70980,71040,430.84,1951.4,143.6,9362.1367
71040,71100,428.69,1950.3,132.1,8840.5986
71100,71160,429.24,1950.4,126.9,8799.5596
71160,71220,430.22,1950.9,142.3,9007.9854
71220,71280,428.72,1951.5,138.2,8766.1318
71280,71340,428.86,1952.2,139.6,9010.4150
71340,71400,427.61,1950.8,121.4,8793.5215
71400,71460,427.60,1949.7,113.5,8609.8320
71460,71520,430.25,1950.7,129.0,8936.8672
71520,71580,428.93,1952.0,129.2,9208.7949
71580,71640,430.81,1952.0,137.5,9077.9863
71640,71700,430.22,1951.0,121.3,8609.5498
71700,71760,430.22,1951.8,149.8,8675.0254
71760,71820,429.23,1951.5,134.7,8501.8320
71820,71880,428.92,1951.2,133.2,8538.9414
71880,71940,431.59,1955.9,147.3,8665.1387
71940,72000,431.94,1966.5,164.1,9318.6406
72000,72060,432.57,1954.2,190.8,8836.2393
72060,72120,430.60,1950.5,125.6,8498.6729
72120,72180,430.93,1951.6,123.1,8745.2510
72180,72240,429.48,1951.4,121.5,8679.4336
72240,72300,427.87,1950.2,112.9,8583.4482
72300,72360,429.15,1950.8,124.4,8823.6904
72360,72420,430.37,1951.6,138.0,8960.7168
72420,72480,428.90,1950.8,124.8,8661.4990
72480,72540,431.97,1951.9,140.5,9366.9854
72540,72600,430.19,1951.7,126.4,8729.3486
72600,72660,428.64,1952.0,118.6,8827.0586
72660,72720,429.22,1951.8,117.1,8674.9844
72720,72780,429.98,1951.0,126.4,8554.3838
72780,72840,430.70,1951.5,153.7,8885.8301
72840,72900,433.55,1952.1,149.3,9082.4043
72900,72960,431.47,1951.5,145.3,8912.6465
72960,73020,430.81,1951.0,129.3,9076.3311
73020,73080,432.70,1952.2,158.6,9358.2725
73080,73140,428.38,1950.8,119.6,8839.7168
73140,73200,428.11,1950.0,113.7,8662.0713
73200,73260,427.77,1950.7,112.5,8815.8477
73260,73320,427.51,1950.6,114.2,8608.5244
73320,73380,432.39,1950.9,160.3,9421.5342
73380,73440,429.52,1950.0,127.9,8786.4180
73440,73500,429.48,1950.0,128.3,8677.9775
73500,73560,430.51,1949.0,154.3,8907.1455
73560,73620,430.02,1948.9,133.9,8507.0352
73620,73680,431.92,1950.1,127.3,8364.3232
73680,73740,428.81,1949.4,116.3,8097.6147
73740,73800,431.58,1950.0,149.5,8541.2354
73800,73860,432.42,1949.1,127.2,8603.0176
73860,73920,430.67,1948.7,126.5,9060.2686
73920,73980,431.09,1949.9,126.1,9059.3604
73980,74040,433.64,1949.2,128.7,9203.3203
74040,74100,429.53,1947.6,117.1,8696.9863
74100,74160,428.35,1947.9,114.8,8542.4668
74160,74220,430.12,1948.7,125.2,8825.5215
74220,74280,431.13,1948.9,145.0,9652.9863
74280,74340,431.34,1948.2,121.4,8598.5322
74340,74400,429.60,1948.6,120.1,8607.0303
74400,74460,434.22,1949.2,137.8,9244.2139
74460,74520,432.07,1949.5,137.0,9810.0430
74520,74580,429.85,1948.5,125.5,8693.8193
74580,74640,430.99,1947.9,146.8,9190.6768
74640,74700,427.08,1946.9,116.9,8018.3784
74700,74760,426.52,1946.8,110.5,8191.7266
74760,74820,428.66,1947.6,130.7,8499.9131
74820,74880,434.17,1948.8,157.3,8929.7129
74880,74940,429.86,1948.6,132.7,9106.5186
74940,75000,431.06,1947.7,133.9,8743.3066
75000,75060,431.18,1947.9,182.6,8656.9785
75060,75120,428.24,1947.5,123.7,8227.3633
75120,75180,430.87,1947.4,171.9,8225.7119
75180,75240,429.38,1946.0,138.0,7965.4189
75240,75300,429.21,1945.9,126.4,8109.9766
75300,75360,427.73,1946.5,117.1,8099.0908
75360,75420,427.17,1946.7,111.0,8278.1152
75420,75480,427.18,1946.4,117.8,8348.1211
75480,75540,427.19,1945.7,112.5,8182.3604
75540,75600,431.23,1947.2,140.4,8997.6230
75600,75660,428.48,1946.2,126.2,8422.7236
75660,75720,430.12,1945.9,139.9,8719.5449
75720,75780,432.86,1946.6,174.4,9128.2813
75780,75840,432.54,1946.5,179.9,8902.6650
75840,75900,431.16,1946.8,154.3,9015.2100
75900,75960,429.79,1946.0,145.9,8481.7568
75960,76020,429.65,1945.7,161.8,8761.8574
76020,76080,430.07,1946.9,167.2,8823.5430
76080,76140,429.18,1947.3,143.0,8823.5439
76140,76200,429.13,1946.2,130.5,9226.2637
76200,76260,430.18,1946.3,133.5,8723.3027
76260,76320,431.70,1946.3,141.0,8979.7178
76320,76380,430.52,1944.8,126.8,9012.5410
76380,76440,433.31,1943.9,133.5,8435.9727
76440,76500,433.41,1944.1,135.1,8813.4238
76500,76560,429.51,1944.8,128.4,8487.2549
76560,76620,431.27,1944.1,140.0,8546.7285
76620,76680,432.74,1943.9,140.0,8545.5967
76680,76740,429.59,1943.9,133.8,8317.6367
76740,76800,427.54,1943.8,134.1,8519.7744
76800,76860,429.35,1944.9,163.8,9165.2207
76860,76920,427.36,1944.1,118.5,8506.9512
76920,76980,426.63,1944.0,127.7,8304.6680
76980,77040,428.97,1943.6,130.7,8311.1543
77040,77100,425.80,1942.1,106.8,7816.7295
77100,77160,425.99,1941.9,105.6,8342.0762
77160,77220,425.57,1942.1,104.1,7980.1514
77220,77280,426.92,1942.7,117.6,8146.0630
77280,77340,427.37,1942.8,116.9,8266.5146
77340,77400,426.62,1942.8,112.1,8205.8447
77400,77460,426.18,1942.6,111.8,8105.1655
77460,77520,431.37,1943.6,148.8,8916.2402
77520,77580,429.54,1943.6,132.4,8828.5576
77580,77640,429.29,1942.4,129.2,8688.4033
77640,77700,430.14,1942.1,124.2,8444.6807
77700,77760,427.53,1940.8,113.6,7964.4287
77760,77820,425.57,1940.8,104.7,7813.0630
77820,77880,431.20,1941.9,131.2,8256.6357
77880,77940,435.03,1941.4,158.1,8904.4111
77940,78000,428.90,1940.9,129.3,8349.5234
78000,78060,426.38,1941.1,112.8,8040.3989
78060,78120,428.53,1941.3,180.4,8157.8018
78120,78180,430.06,1941.8,137.1,8400.1553
78180,78240,425.87,1940.3,109.4,8018.9414
78240,78300,427.94,1941.2,142.3,8281.9414
78300,78360,428.16,1940.5,121.2,8207.8096
78360,78420,430.94,1940.6,143.5,8269.9121
78420,78480,432.16,1939.9,177.6,7971.6753
78480,78540,429.54,1940.5,152.2,8181.4307
78540,78600,427.19,1940.1,126.2,8077.8389
78600,78660,429.72,1939.7,126.9,8131.3262
78660,78720,428.78,1939.5,141.5,8354.2383
78720,78780,427.67,1938.8,140.1,7893.5625
78780,78840,431.40,1939.4,134.5,8368.1670
78840,78900,430.19,1938.2,116.8,7995.5293
78900,78960,433.46,1938.7,153.1,8047.3159
78960,79020,429.34,1939.1,130.2,8395.4082
79020,79080,427.11,1938.9,127.5,8326.4551
79080,79140,433.44,1939.4,158.3,8566.9297
79140,79200,428.62,1939.1,125.4,8290.1406
79200,79260,434.06,1940.5,172.2,8757.7080
79260,79320,428.99,1939.5,132.5,8222.5664
79320,79380,426.07,1938.9,123.0,7706.9507
79380,79440,425.58,1939.0,120.9,7812.4473
79440,79500,427.03,1939.7,141.1,7992.0757
79500,79560,429.11,1940.3,166.0,8040.0088
79560,79620,429.75,1940.0,203.8,7914.6138
79620,79680,429.24,1939.6,153.3,7750.9717
79680,79740,433.53,1939.8,139.6,8521.4258
79740,79800,428.05,1940.1,136.5,7940.5933
79800,79860,427.70,1939.9,130.4,7623.7539
79860,79920,426.25,1939.8,111.8,7751.6963
79920,79980,427.28,1939.7,118.0,7942.1621
79980,80040,430.34,1940.7,136.6,8164.5703
80040,80100,434.49,1941.2,198.9,8828.8252
80100,80160,429.20,1940.4,151.4,8444.7549
80160,80220,431.94,1941.3,155.4,8302.5410
80220,80280,429.58,1941.3,141.7,7947.6147
80280,80340,428.30,1940.5,135.2,7743.2759
80340,80400,428.72,1940.4,149.6,7904.3999
80400,80460,432.82,1941.1,176.4,8190.4722
80460,80520,427.27,1939.9,116.7,7655.3140
80520,80580,429.72,1940.4,158.3,7693.0737
80580,80640,427.85,1940.4,141.6,7702.2769
80640,80700,428.23,1940.4,126.8,7645.0352
80700,80760,429.45,1940.5,138.2,7810.1523
80760,80820,428.08,1940.6,129.6,7701.6777
80820,80880,426.59,1939.6,124.4,7187.4185
80880,80940,428.48,1940.3,138.5,7589.5918
80940,81000,426.71,1940.1,116.8,7315.4580
81000,81060,427.27,1939.9,117.6,7298.5698
81060,81120,429.98,1940.5,136.2,7709.8896
81120,81180,428.42,1939.9,121.4,7580.4351
81180,81240,427.63,1940.4,119.2,7806.2095
81240,81300,428.37,1940.5,122.8,7740.0845
81300,81360,426.62,1940.0,122.2,7301.9854
81360,81420,430.85,1940.6,133.4,7950.4897
81420,81480,430.96,1941.9,162.5,7759.7217
81480,81540,430.64,1941.3,142.0,7827.7998
81540,81600,430.89,1940.6,132.0,7621.1157
81600,81660,432.03,1941.0,152.1,7641.9253
81660,81720,434.07,1941.1,150.6,7988.3384
81720,81780,428.25,1941.1,138.6,7574.5166
81780,81840,429.82,1942.0,139.2,7738.7319
81840,81900,435.50,1942.6,149.4,7893.6621
81900,81960,431.68,1942.2,161.6,7799.2192
81960,82020,428.30,1940.7,131.5,7235.4727
82020,82080,431.03,1941.7,125.5,7581.8618
82080,82140,431.48,1941.5,130.4,7524.5278
82140,82200,427.69,1941.1,118.6,7308.9819
82200,82260,429.25,1941.4,153.2,7526.7134
82260,82320,429.94,1942.2,155.0,7616.1318
82320,82380,433.27,1942.1,164.0,7750.2124
82380,82440,428.80,1941.4,145.4,7339.0059
82440,82500,431.51,1941.2,138.5,7496.9702
82500,82560,429.66,1941.5,127.9,7675.8906
82560,82620,428.26,1941.3,121.7,7500.9966
82620,82680,428.66,1940.9,140.4,7436.2563
82680,82740,433.55,1942.0,236.7,7889.9521
82740,82800,432.88,1942.0,180.6,7726.9644
82800,82860,430.83,1941.7,140.6,7602.9058
82860,82920,432.36,1942.8,149.6,7904.7520
82920,82980,429.34,1943.5,182.0,7715.4463
82980,83040,426.67,1941.9,130.0,7576.0020
83040,83100,430.00,1943.6,194.1,7870.8999
83100,83160,429.89,1942.8,160.9,7772.5811
83160,83220,429.18,1940.9,131.9,7763.8130
83220,83280,426.69,1940.2,114.6,7376.2700
83280,83340,427.86,1940.3,131.6,7406.0176
83340,83400,428.88,1941.3,144.0,7643.1587
83400,83460,429.11,1941.8,137.5,7761.8936
83460,83520,431.24,1942.4,148.9,7858.3203
83520,83580,435.40,1942.5,173.5,8184.4888
83580,83640,431.30,1942.0,136.1,8050.3433
83640,83700,434.89,1941.6,148.2,7855.9521
83700,83760,430.43,1941.7,265.7,7549.5400
83760,83820,428.26,1942.7,238.7,7634.4790
83820,83880,427.73,1940.9,143.0,7312.5762
83880,83940,428.36,1941.4,130.4,7544.7139
83940,84000,427.72,1941.3,122.0,7384.5376
84000,84060,428.78,1941.8,127.4,7736.3242
84060,84120,426.88,1940.5,121.6,7316.9424
84120,84180,428.62,1940.7,128.1,7456.3403
84180,84240,434.60,1941.4,155.4,7677.5352
84240,84300,435.56,1942.1,175.0,8041.3677
84300,84360,430.53,1941.6,139.4,7594.0869
84360,84420,429.29,1940.9,133.4,7379.4033
84420,84480,429.74,1941.5,208.3,7638.1851
84480,84540,429.21,1941.3,148.1,7529.6436
84540,84600,427.68,1940.5,123.0,7351.7373
84600,84660,431.13,1940.9,136.9,7451.6807
84660,84720,428.27,1940.3,125.1,7230.9834
84720,84780,431.23,1940.7,132.6,7414.8862
84780,84840,430.11,1941.0,161.6,7318.9585
84840,84900,428.90,1940.5,130.7,7197.3145
84900,84960,431.14,1940.8,148.4,7094.2012
84960,85020,431.11,1940.4,134.6,7377.5894
85020,85080,430.59,1941.6,144.3,7477.4199
85080,85140,429.86,1941.4,130.5,7469.6958
85140,85200,433.14,1941.1,160.4,7665.7480
85200,85260,431.68,1940.4,140.9,7419.0127
85260,85320,435.31,1941.0,142.8,7697.2070
85320,85380,432.64,1941.4,138.4,7598.6914
85380,85440,432.36,1940.8,131.5,7430.4580
85440,85500,430.14,1939.9,126.2,7123.7534
85500,85560,429.39,1940.5,132.7,7363.5137
85560,85620,428.45,1941.3,134.5,7316.8325
85620,85680,426.27,1940.4,134.4,6946.5845
85680,85740,428.52,1940.9,164.9,7248.9512
85740,85800,428.46,1940.5,133.3,7130.6338
85800,85860,427.87,1940.7,141.3,7181.5347
85860,85920,433.22,1942.1,153.8,7594.7759
85920,85980,431.15,1942.3,139.7,7373.4214
85980,86040,429.37,1942.4,133.9,7419.7695
86040,86100,433.81,1942.7,150.9,7546.1826
86100,86160,428.23,1940.9,130.1,7328.1392
86160,86220,429.03,1941.3,129.6,7228.8696
86220,86280,432.83,1942.4,172.3,7604.2119
86280,86340,430.33,1942.4,148.4,7484.9697
86340,86400,432.69,1942.6,190.3,7379.2583
