CampaignData_and_Merges/R0/CSL_MobileLab_Parked/raw/20240815/USOS-Picarro-CO2-CH4-CO-H2O_MobileLabGround_20240815_R0.ict
38, 1001
Ilana Pollack, Nell Schafer, and Jeff Peischl
NOAA Chemical Sciences Laboratory
Picarro 2401-m CO2/CH4/CO/H2O Analyzer
USOS
1, 1
2024, 08, 15, 2024, 11, 20
0
StartTime_UTC, seconds_past_midnight, seconds past midnight
5
1, 1, 1, 1, 1
-9999, -9999, -9999, -9999, -9999
StopTime_UTC, seconds_past_midnight, seconds past midnight
CO2_ppm_1min, ppm, Gas_CO2_InSitu_S_DMF, carbon dioxide mixing ratio
CH4_ppb_1min, ppb, Gas_CH4_InSitu_S_DMF, methane mixing ratio
CO_ppb_1min, ppb, Gas_CO_InSitu_S_DMF, carbon monoxide mixing ratio
H2O_ppmv_1min, ppmv, Met_H2OMRV_InSitu_S_AVMR, water vapor mixing ratio
1
SPECIAL COMMENTS: N/A
18
PI_CONTACT_INFO: Address: NOAA Chemical Sciences Laboratory, Mail Stop CSL7, 325 Broadway, Boulder, CO 80305; Email: Ilana.Pollack@noaa.gov
PLATFORM: NOAA CSL Mobile Laboratory
LOCATION: The mobile lab was stationed in Salt Lake City, Utah.
ASSOCIATED_DATA: N/A
INSTRUMENT_INFO: CO2, CH4, and CO are reported as dry air mole fractions using a commercial wavelength-scanned cavity ring-down analyzer (Picarro 2401-m). An in-field calibration gas standard of 432±0.07 ppm CO2, 2095±1 ppb CH4, and 183±1 ppb CO, calibrated in the Boulder laboratories before and after the field project using primary CO2, CH4, and CO standard tanks tied to the WMO standard (X2019, X2004A, and X2014A, respectively) from the Global Monitoring Laboratory (GML), was delivered to the inlet every 2-3 days to evaluate instrument sensitivity. A H2O measurement was calibrated before the project with a Dew Point Mirror 373 hygrometer. The water correction calculated from these calibrations was applied to the H2O measurement for the entire campaign. Species are measured at 0.5 Hz and reported as 1-minute averages for stationary measurements.
DATA_INFO: Units: CO2, ppm, dry air mole fraction; CH4, ppb, dry air mole fraction; CO, ppb, dry air mole fraction; H2O, ppmv
UNCERTAINTY: Total uncertainties are estimated as ±0.1 ppm for CO2, ±1 ppb for CH4, ±5 ppb for CO, and ±(50 ppm + 4%) for H2O.
ULOD_FLAG: -7777
ULOD_VALUE: N/A
LLOD_FLAG: -8888
LLOD_VALUE: N/A
DM_CONTACT_INFO: Data Manager: Nathan Howard; nathan.h.howard@noaa.gov
PROJECT_INFO: USOS Dates of Study: July – August 2024
STIPULATIONS_ON_USE: Use of these data require prior ok from PI.
OTHER_COMMENTS: Data are averaged to 1 minute intervals. Stationary data collected from a 10 ft tower on top of the mobile van.
REVISION: R0
R0: Final Data
StartTime_UTC, StopTime_UTC, CO2_ppm_1min, CH4_ppb_1min, CO_ppb_1min, H2O_ppmv_1min
[from data line 775]
46500,46560,-9999,-9999,-9999,-9999
46560,46620,-9999,-9999,-9999,-9999
46620,46680,-9999,-9999,-9999,-9999
46680,46740,-9999,-9999,-9999,-9999
46740,46800,-9999,-9999,-9999,-9999
46800,46860,-9999,-9999,-9999,-9999
46860,46920,-9999,-9999,-9999,-9999
46920,46980,-9999,-9999,-9999,-9999
46980,47040,-9999,-9999,-9999,-9999
47040,47100,-9999,-9999,-9999,-9999
47100,47160,-9999,-9999,-9999,-9999
47160,47220,-9999,-9999,-9999,-9999
47220,47280,-9999,-9999,-9999,-9999
47280,47340,-9999,-9999,-9999,-9999
47340,47400,-9999,-9999,-9999,-9999
47400,47460,-9999,-9999,-9999,-9999
47460,47520,-9999,-9999,-9999,-9999
47520,47580,-9999,-9999,-9999,-9999
47580,47640,-9999,-9999,-9999,-9999
47640,47700,-9999,-9999,-9999,-9999
47700,47760,-9999,-9999,-9999,-9999
47760,47820,-9999,-9999,-9999,-9999
47820,47880,-9999,-9999,-9999,-9999
47880,47940,-9999,-9999,-9999,-9999
47940,48000,-9999,-9999,-9999,-9999
48000,48060,-9999,-9999,-9999,-9999
48060,48120,-9999,-9999,-9999,-9999
48120,48180,-9999,-9999,-9999,-9999
48180,48240,-9999,-9999,-9999,-9999
48240,48300,-9999,-9999,-9999,-9999
48300,48360,-9999,-9999,-9999,-9999
48360,48420,-9999,-9999,-9999,-9999
48420,48480,-9999,-9999,-9999,-9999
48480,48540,-9999,-9999,-9999,-9999
48540,48600,-9999,-9999,-9999,-9999
48600,48660,-9999,-9999,-9999,-9999
48660,48720,-9999,-9999,-9999,-9999
48720,48780,-9999,-9999,-9999,-9999
48780,48840,-9999,-9999,-9999,-9999
48840,48900,-9999,-9999,-9999,-9999
48900,48960,-9999,-9999,-9999,-9999
48960,49020,-9999,-9999,-9999,-9999
49020,49080,-9999,-9999,-9999,-9999
49080,49140,-9999,-9999,-9999,-9999
49140,49200,-9999,-9999,-9999,-9999
49200,49260,-9999,-9999,-9999,-9999
49260,49320,-9999,-9999,-9999,-9999
49320,49380,-9999,-9999,-9999,-9999
49380,49440,-9999,-9999,-9999,-9999
49440,49500,-9999,-9999,-9999,-9999
49500,49560,-9999,-9999,-9999,-9999
49560,49620,-9999,-9999,-9999,-9999
49620,49680,-9999,-9999,-9999,-9999
49680,49740,-9999,-9999,-9999,-9999
49740,49800,-9999,-9999,-9999,-9999
49800,49860,-9999,-9999,-9999,-9999
49860,49920,-9999,-9999,-9999,-9999
49920,49980,-9999,-9999,-9999,-9999
49980,50040,-9999,-9999,-9999,-9999
50040,50100,-9999,-9999,-9999,-9999
50100,50160,-9999,-9999,-9999,-9999
50160,50220,-9999,-9999,-9999,-9999
50220,50280,-9999,-9999,-9999,-9999
50280,50340,-9999,-9999,-9999,-9999
50340,50400,-9999,-9999,-9999,-9999
50400,50460,-9999,-9999,-9999,-9999
50460,50520,-9999,-9999,-9999,-9999
50520,50580,-9999,-9999,-9999,-9999
50580,50640,-9999,-9999,-9999,-9999
50640,50700,-9999,-9999,-9999,-9999
50700,50760,-9999,-9999,-9999,-9999
50760,50820,-9999,-9999,-9999,-9999
50820,50880,-9999,-9999,-9999,-9999
50880,50940,-9999,-9999,-9999,-9999
50940,51000,-9999,-9999,-9999,-9999
51000,51060,-9999,-9999,-9999,-9999
51060,51120,-9999,-9999,-9999,-9999
51120,51180,-9999,-9999,-9999,-9999
51180,51240,-9999,-9999,-9999,-9999
51240,51300,-9999,-9999,-9999,-9999
51300,51360,-9999,-9999,-9999,-9999
51360,51420,-9999,-9999,-9999,-9999
51420,51480,-9999,-9999,-9999,-9999
51480,51540,-9999,-9999,-9999,-9999
51540,51600,-9999,-9999,-9999,-9999
51600,51660,-9999,-9999,-9999,-9999
51660,51720,-9999,-9999,-9999,-9999
51720,51780,-9999,-9999,-9999,-9999
51780,51840,-9999,-9999,-9999,-9999
51840,51900,-9999,-9999,-9999,-9999
51900,51960,-9999,-9999,-9999,-9999
51960,52020,-9999,-9999,-9999,-9999
52020,52080,-9999,-9999,-9999,-9999
52080,52140,-9999,-9999,-9999,-9999
52140,52200,-9999,-9999,-9999,-9999
52200,52260,-9999,-9999,-9999,-9999
52260,52320,-9999,-9999,-9999,-9999
52320,52380,-9999,-9999,-9999,-9999
52380,52440,-9999,-9999,-9999,-9999
52440,52500,-9999,-9999,-9999,-9999
52500,52560,-9999,-9999,-9999,-9999
52560,52620,-9999,-9999,-9999,-9999
52620,52680,-9999,-9999,-9999,-9999
52680,52740,-9999,-9999,-9999,-9999
52740,52800,-9999,-9999,-9999,-9999
52800,52860,-9999,-9999,-9999,-9999
52860,52920,-9999,-9999,-9999,-9999
52920,52980,-9999,-9999,-9999,-9999
52980,53040,-9999,-9999,-9999,-9999
53040,53100,-9999,-9999,-9999,-9999
53100,53160,-9999,-9999,-9999,-9999
53160,53220,-9999,-9999,-9999,-9999
53220,53280,-9999,-9999,-9999,-9999
53280,53340,-9999,-9999,-9999,-9999
53340,53400,-9999,-9999,-9999,-9999
53400,53460,-9999,-9999,-9999,-9999
53460,53520,-9999,-9999,-9999,-9999
53520,53580,-9999,-9999,-9999,-9999
53580,53640,-9999,-9999,-9999,-9999
53640,53700,-9999,-9999,-9999,-9999
53700,53760,-9999,-9999,-9999,-9999
53760,53820,-9999,-9999,-9999,-9999
53820,53880,-9999,-9999,-9999,-9999
53880,53940,-9999,-9999,-9999,-9999
53940,54000,-9999,-9999,-9999,-9999
54000,54060,-9999,-9999,-9999,-9999
54060,54120,-9999,-9999,-9999,-9999
54120,54180,-9999,-9999,-9999,-9999
54180,54240,-9999,-9999,-9999,-9999
54240,54300,-9999,-9999,-9999,-9999
54300,54360,-9999,-9999,-9999,-9999
54360,54420,-9999,-9999,-9999,-9999
54420,54480,-9999,-9999,-9999,-9999
54480,54540,-9999,-9999,-9999,-9999
54540,54600,-9999,-9999,-9999,-9999
54600,54660,-9999,-9999,-9999,-9999
54660,54720,-9999,-9999,-9999,-9999
54720,54780,-9999,-9999,-9999,-9999
54780,54840,-9999,-9999,-9999,-9999
54840,54900,-9999,-9999,-9999,-9999
54900,54960,-9999,-9999,-9999,-9999
54960,55020,-9999,-9999,-9999,-9999
55020,55080,-9999,-9999,-9999,-9999
55080,55140,-9999,-9999,-9999,-9999
55140,55200,-9999,-9999,-9999,-9999
55200,55260,-9999,-9999,-9999,-9999
55260,55320,-9999,-9999,-9999,-9999
55320,55380,-9999,-9999,-9999,-9999
55380,55440,-9999,-9999,-9999,-9999
55440,55500,-9999,-9999,-9999,-9999
55500,55560,-9999,-9999,-9999,-9999
55560,55620,-9999,-9999,-9999,-9999
55620,55680,-9999,-9999,-9999,-9999
55680,55740,-9999,-9999,-9999,-9999
55740,55800,-9999,-9999,-9999,-9999
55800,55860,-9999,-9999,-9999,-9999
55860,55920,-9999,-9999,-9999,-9999
55920,55980,-9999,-9999,-9999,-9999
55980,56040,-9999,-9999,-9999,-9999
56040,56100,-9999,-9999,-9999,-9999
56100,56160,-9999,-9999,-9999,-9999
56160,56220,-9999,-9999,-9999,-9999
56220,56280,-9999,-9999,-9999,-9999
56280,56340,-9999,-9999,-9999,-9999
56340,56400,-9999,-9999,-9999,-9999
56400,56460,-9999,-9999,-9999,-9999
56460,56520,-9999,-9999,-9999,-9999
56520,56580,-9999,-9999,-9999,-9999
56580,56640,-9999,-9999,-9999,-9999
56640,56700,-9999,-9999,-9999,-9999
56700,56760,-9999,-9999,-9999,-9999
56760,56820,-9999,-9999,-9999,-9999
56820,56880,-9999,-9999,-9999,-9999
56880,56940,-9999,-9999,-9999,-9999
56940,57000,-9999,-9999,-9999,-9999
57000,57060,-9999,-9999,-9999,-9999
57060,57120,-9999,-9999,-9999,-9999
57120,57180,-9999,-9999,-9999,-9999
57180,57240,-9999,-9999,-9999,-9999
57240,57300,-9999,-9999,-9999,-9999
57300,57360,-9999,-9999,-9999,-9999
57360,57420,-9999,-9999,-9999,-9999
57420,57480,-9999,-9999,-9999,-9999
57480,57540,-9999,-9999,-9999,-9999
57540,57600,-9999,-9999,-9999,-9999
57600,57660,-9999,-9999,-9999,-9999
57660,57720,-9999,-9999,-9999,-9999
57720,57780,-9999,-9999,-9999,-9999
57780,57840,-9999,-9999,-9999,-9999
57840,57900,-9999,-9999,-9999,-9999
57900,57960,-9999,-9999,-9999,-9999
57960,58020,-9999,-9999,-9999,-9999
58020,58080,434.89,1961.2,153.1,10752.3037
58080,58140,435.27,1961.2,159.3,10803.0566
58140,58200,434.95,1960.6,157.8,10984.5039
58200,58260,435.17,1960.7,162.9,11103.1445
58260,58320,435.00,1960.1,163.5,10983.2363
58320,58380,436.00,1961.0,162.9,11223.3730
58380,58440,437.96,1962.0,176.9,11310.9648
58440,58500,436.45,1963.2,181.6,11300.7969
58500,58560,438.00,1963.7,186.6,11576.4600
58560,58620,436.95,1964.2,180.9,11342.9580
58620,58680,438.02,1966.3,199.4,11966.2822
58680,58740,440.59,1967.3,200.8,12234.8096
58740,58800,440.45,1966.9,196.2,12437.5840
58800,58860,437.71,1965.9,189.9,11574.0137
58860,58920,436.98,1965.3,177.9,11556.6260
58920,58980,439.73,1967.4,199.4,12078.8320
58980,59040,439.95,1967.8,219.2,12681.5967
59040,59100,438.40,1967.4,193.4,11875.9287
59100,59160,439.95,1969.5,218.4,12244.8418
59160,59220,441.44,1969.1,254.1,12765.1660
59220,59280,438.89,1966.3,205.6,11880.1240
59280,59340,437.98,1968.0,192.4,11843.0625
59340,59400,437.15,1966.0,176.6,11481.9697
59400,59460,441.40,1967.2,206.5,12180.1621
59460,59520,440.33,1965.3,190.2,11840.3857
59520,59580,435.12,1962.2,160.1,10915.7646
59580,59640,434.33,1961.9,153.5,10779.3848
59640,59700,435.13,1960.9,157.8,10861.6152
59700,59760,434.76,1959.3,157.4,10457.9629
59760,59820,433.64,1958.4,151.6,10278.6465
59820,59880,432.66,1958.2,151.9,10235.4863
59880,59940,432.39,1957.1,145.1,10037.7832
59940,60000,433.39,1957.2,151.7,10092.5303
60000,60060,434.42,1957.0,208.9,10352.3672
60060,60120,434.96,1958.0,269.6,10686.3555
60120,60180,437.23,1957.9,224.7,10533.3877
60180,60240,431.70,1954.0,147.3,10041.2666
60240,60300,432.63,1955.5,149.8,9961.3682
60300,60360,433.54,1955.7,148.0,10095.0938
60360,60420,431.90,1955.0,141.5,10034.4453
60420,60480,431.41,1954.3,138.4,10014.3867
60480,60540,431.74,1955.5,142.6,9966.2871
60540,60600,431.21,1954.4,137.2,9821.5693
60600,60660,430.50,1954.8,141.1,9702.5791
60660,60720,430.11,1951.7,125.6,9466.2188
60720,60780,430.15,1952.4,128.0,9641.1367
60780,60840,429.92,1951.4,125.3,9528.8135
60840,60900,429.67,1949.8,124.7,9132.9844
60900,60960,429.01,1948.6,120.0,8819.5664
60960,61020,428.79,1948.8,119.6,8973.8252
61020,61080,429.00,1948.7,122.9,8979.3945
61080,61140,430.50,1948.2,137.4,8849.5381
61140,61200,428.91,1947.1,123.3,8537.9424
61200,61260,429.41,1948.8,124.4,8690.0352
61260,61320,429.77,1950.0,128.2,8936.0420
61320,61380,431.19,1951.4,182.7,9307.5693
61380,61440,429.84,1950.5,135.1,9217.0273
61440,61500,430.54,1951.2,142.4,9295.1162
61500,61560,430.07,1949.0,129.2,9102.7715
61560,61620,430.57,1947.9,128.3,8881.5488
61620,61680,429.17,1948.3,122.5,8669.1807
61680,61740,428.89,1947.7,120.4,8484.2188
61740,61800,427.70,1945.9,111.6,8323.7979
61800,61860,428.29,1946.3,118.8,8547.9355
61860,61920,429.10,1946.1,132.7,8546.2822
61920,61980,428.71,1946.9,131.6,8554.2188
61980,62040,429.16,1947.6,127.9,8627.9678
62040,62100,428.33,1947.1,123.6,8714.2090
62100,62160,427.57,1946.2,133.0,8496.6475
62160,62220,427.88,1947.6,202.7,8418.7695
62220,62280,429.58,1946.6,237.4,8654.9277
62280,62340,429.50,1946.3,184.8,8775.1406
62340,62400,428.17,1945.1,125.6,8310.3467
62400,62460,427.88,1945.9,122.9,8731.5576
62460,62520,427.30,1945.4,113.4,8552.1016
62520,62580,426.87,1944.6,110.7,8241.6592
62580,62640,427.34,1945.0,112.2,8317.9473
62640,62700,427.37,1944.9,112.1,8354.0039
62700,62760,426.74,1944.5,107.4,8301.0908
62760,62820,426.66,1944.5,108.3,8409.4258
62820,62880,426.93,1944.1,107.6,8107.1226
62880,62940,426.97,1944.7,106.1,8155.1694
62940,63000,426.92,1944.6,107.6,8106.2666
63000,63060,426.74,1944.6,107.9,8150.6055
63060,63120,426.93,1945.8,112.5,8383.6260
63120,63180,427.21,1947.3,115.0,8422.8447
63180,63240,427.05,1947.2,114.6,8550.4131
63240,63300,427.21,1946.6,110.3,8383.3154
63300,63360,427.54,1946.6,115.1,8367.4619
63360,63420,427.68,1946.4,116.4,8586.7090
63420,63480,428.11,1946.9,118.4,8721.6895
63480,63540,428.36,1944.2,116.7,8250.4561
63540,63600,428.10,1944.0,116.4,8268.5713
63600,63660,427.49,1946.2,122.8,8427.6221
63660,63720,427.25,1945.9,116.3,8217.4053
63720,63780,427.59,1943.9,114.2,8169.8438
63780,63840,427.00,1943.6,111.4,8125.1118
63840,63900,426.75,1943.8,109.7,8024.4175
63900,63960,426.54,1943.7,110.9,8159.8320
63960,64020,427.40,1943.6,121.7,8232.0010
64020,64080,427.29,1944.1,119.4,8229.3906
64080,64140,427.24,1944.2,116.8,8285.4814
64140,64200,428.93,1946.1,194.6,8435.6563
64200,64260,427.58,1944.5,126.5,8158.4155
64260,64320,427.43,1944.5,112.6,8130.0200
64320,64380,426.86,1944.7,113.0,7969.5645
64380,64440,426.95,1946.5,118.1,8058.4312
64440,64500,428.39,1946.2,133.1,8348.6113
64500,64560,429.00,1944.0,149.8,8377.5195
64560,64620,428.90,1944.8,132.1,8166.4751
64620,64680,426.65,1943.7,109.9,7937.5366
64680,64740,427.28,1944.1,117.3,7985.5884
64740,64800,428.43,1945.2,127.0,8374.9883
64800,64860,430.98,1945.3,151.4,8557.3750
64860,64920,429.10,1945.7,133.4,8303.3486
64920,64980,427.65,1945.1,119.6,8122.5859
64980,65040,427.24,1945.2,110.1,8005.6484
65040,65100,426.65,1945.2,114.8,7964.9150
65100,65160,427.31,1945.2,115.4,7941.3428
65160,65220,428.00,1946.0,125.8,7948.3003
65220,65280,428.12,1950.7,121.0,7883.9663
65280,65340,427.67,1946.8,122.7,8021.2280
65340,65400,429.12,1947.3,133.6,8346.8184
65400,65460,428.89,1946.9,128.4,8050.7451
65460,65520,431.96,1955.0,145.8,8406.2480
65520,65580,430.86,1945.8,139.1,8389.5859
65580,65640,430.78,1946.2,134.6,8403.4355
65640,65700,430.54,1946.4,131.2,8188.5269
65700,65760,428.94,1946.2,125.3,8022.3115
65760,65820,429.79,1945.9,124.0,8262.9404
65820,65880,431.85,1947.1,125.6,8461.1631
65880,65940,432.77,1947.6,131.4,8777.8486
65940,66000,430.90,1948.6,130.2,8415.3975
66000,66060,431.29,1948.6,159.3,9167.2393
66060,66120,431.40,1946.9,141.6,8652.6133
66120,66180,431.07,1946.1,135.1,8640.3750
66180,66240,429.32,1945.5,127.7,8389.0527
66240,66300,429.19,1945.9,125.1,8753.6787
66300,66360,429.87,1947.5,131.6,8334.6816
66360,66420,430.27,1949.3,141.7,8618.7139
66420,66480,429.41,1949.4,139.8,8778.8447
66480,66540,430.15,1949.3,140.3,8966.5264
66540,66600,429.06,1949.2,130.5,8737.9141
66600,66660,432.93,1948.9,134.5,8807.9111
66660,66720,430.14,1947.6,122.8,8539.8438
66720,66780,430.34,1948.3,124.2,8497.7051
66780,66840,428.54,1947.6,114.9,8372.4414
66840,66900,428.53,1955.8,130.5,8323.2236
66900,66960,429.19,1953.3,129.7,8439.9668
66960,67020,428.73,1948.3,115.9,8522.4854
67020,67080,428.10,1947.2,111.6,8313.5967
67080,67140,428.49,1948.5,119.3,8463.4629
67140,67200,429.19,1956.1,129.9,8635.5186
67200,67260,429.77,1950.0,124.9,8688.1523
67260,67320,430.64,1948.9,132.9,8900.4844
67320,67380,428.95,1954.5,123.0,8356.2324
67380,67440,430.19,1963.2,146.4,8697.4033
67440,67500,430.75,1956.0,147.1,8587.8965
67500,67560,430.39,1954.2,136.1,8378.7588
67560,67620,431.88,1958.5,152.5,8986.9492
67620,67680,429.27,1961.6,135.7,8655.9434
67680,67740,429.45,1956.6,131.4,8754.6309
67740,67800,429.00,1957.7,128.1,8369.2451
67800,67860,429.21,1952.7,117.1,8362.2061
67860,67920,428.70,1949.6,113.6,8424.3213
67920,67980,429.16,1949.7,118.7,8590.3623
67980,68040,429.16,1949.5,118.0,8724.2012
68040,68100,429.28,1950.8,119.4,8847.2285
68100,68160,429.25,1949.5,120.3,8839.6504
68160,68220,429.55,1950.0,140.7,8887.6523
68220,68280,428.74,1949.1,123.2,8868.7100
68280,68340,428.78,1949.3,121.5,8723.7061
68340,68400,429.46,1950.2,123.9,8652.1494
68400,68460,428.70,1951.0,116.2,8720.6914
68460,68520,429.40,1950.7,120.9,8696.3096
68520,68580,428.63,1949.5,116.0,8684.0537
68580,68640,430.91,1950.6,160.7,8877.0068
68640,68700,431.49,1949.8,137.2,8993.3486
68700,68760,429.40,1949.8,126.0,8639.1875
68760,68820,428.81,1949.5,122.6,8684.6416
68820,68880,428.30,1949.1,116.8,8596.7988
68880,68940,428.35,1948.9,118.5,8649.4102
68940,69000,429.43,1949.2,125.7,8746.6875
69000,69060,430.00,1949.5,126.5,8886.3838
69060,69120,428.68,1949.5,119.0,8687.2148
69120,69180,429.29,1949.7,119.5,8611.7529
69180,69240,427.71,1949.4,113.2,8458.5059
69240,69300,427.31,1949.5,109.6,8240.1963
69300,69360,427.91,1949.4,116.9,8427.1641
69360,69420,427.89,1949.3,110.8,8506.3105
69420,69480,427.98,1949.1,113.0,8615.0137
69480,69540,428.60,1949.6,113.8,8858.7246
69540,69600,428.50,1949.4,116.3,8862.3350
69600,69660,428.26,1949.7,118.0,8974.8057
69660,69720,427.97,1949.3,113.1,8868.3213
69720,69780,428.35,1950.3,114.1,8989.3750
69780,69840,428.29,1950.3,112.3,8566.8955
69840,69900,430.92,1951.3,122.1,9063.1211
69900,69960,429.22,1951.1,119.4,8771.1865
69960,70020,429.51,1951.8,123.5,9020.3789
70020,70080,428.12,1950.6,117.7,8746.1455
70080,70140,429.07,1950.6,127.8,8654.7021
70140,70200,427.66,1950.2,116.7,8614.3242
70200,70260,427.61,1950.6,115.3,8682.0293
70260,70320,428.47,1952.4,120.2,9194.6309
70320,70380,429.37,1951.9,129.8,9117.6553
70380,70440,433.41,1952.6,171.3,9253.1494
70440,70500,431.74,1952.1,144.4,9518.9854
70500,70560,429.56,1951.8,131.5,8695.4688
70560,70620,429.45,1952.2,126.6,8861.7695
70620,70680,429.53,1952.6,126.8,8901.1396
70680,70740,428.89,1953.1,125.4,9130.1201
70740,70800,427.54,1951.8,113.3,8797.7324
70800,70860,430.15,1951.4,131.8,9258.1543
