CampaignData_and_Merges/R0/CSL_MobileLab_Parked/raw/20240815/USOS-jNO2_MobileLabGround_20240815_R0.ict
52,1001
Waxman, E.; Rollins, A.; Zuraski, K.; Chace, W.
NOAA Chemical Sciences Laboratory
jNO2 filter radiometer on CSL Mobile Lab
AMMBEC / USOS
1, 1
2024,08,15, 2025,04,01
60
Time_Start, seconds, number_of_seconds_since_0000_UTC
20
1, 1, 1, 1, 1, 1, 1, 1, 1, 1, 1, 1, 1, 1, 1, 1, 1, 1, 1, 1
-9999, -9999, -9999, -9999, -9999, -9999, -9999, -9999, -9999, -9999, -9999, -9999, -9999, -9999, -9999, -9999, -9999, -9999, -9999, -9999
Time_Stop, seconds, number_of_seconds_since_0000_UTC
jNO2_meas, per second, photolysis rate of NO2 measured using a filter radiometer.
jBrCl, per second, photolysis rate of BrCl -> Br + Cl calculated in TUV for cloud-free sky with local AOD
jBr2, per second, photolysis rate of Br2 -> Br + Br calculated in TUV for cloud-free sky with local AOD
jCCl4, per second, photolysis rate of CCl4 -> Products calcualted in TUV for cloud-free sky with local AOD
jCH2Oa, per second, photolysis rate of CH2O -> H + HCO calculated in TUV for cloud-free sky with local AOD
jCH2Ob, per second, photolysis rate of CH2O -> H2 + CO calculated in TUV for cloud-free sky with local AOD
jClNO2, per second, photolysis rate of ClNO2 -> Cl + NO2 calculated in TUV for cloud-free sky with local AOD
jClOa, per second, photolysis rate of ClO -> Cl + O(1D) calculated in TUV for cloud-free sky with local AOD
jClOb, per second, photolysis rate of ClO -> Cl + O(3P) calculated in TUV for cloud-free sky with local AOD
jCl2, per second, photolysis rate of Cl2 -> Cl + Cl calculated in TUV for cloud-free sky with local AOD
jHNO2, per second, photolysis rate of HNO2 -> OH + NO calculated in TUV for cloud-free sky with local AOD
jHNO3, per second, photolysis rate of HNO3 -> OH + NO2 calculated in TUV for cloud-free sky with local AOD
jI2, per second, photolysis rate of I2 -> I + I calculated in TUV for cloud-free sky with local AOD
jNO2, per second, photolysis rate of NO2 -> NO + O(3P) calculated in TUV for cloud-free sky with local AOD
jNO3a, per second, photolysis rate of NO3 -> NO + O2 calculated in TUV for cloud-free sky with local AOD
jNO3b, per second, photolysis rate of NO3 -> NO2 + O(3P) calculated in TUV for cloud-free sky with local AOD
jN2O5, per second, photolysis rate of N2O5 -> NO3 + NO + O(3P) calculated in TUV for cloud-free sky with local AOD
jO3, per second, photolysis rate of O3 -> O2 + O(1D) calculated in TUV for cloud-free sky with local AOD
AOD_500nm, unitless, UTC daily mean AOD at 500 nm from an AERONET station located at 40.178 N, -112.452 E
0
18
PI_CONTACT_INFO: eleanor.waxman@noaa.gov
PLATFORM: CSL Mobile Lab, at ground site
LOCATION: Salt Lake City, UT
ASSOCIATED_DATA:
INSTRUMENT_INFO: jNO2 filter radiometer.  TUV calculations are for mobile van lat/lon/altitude assuming clear sky (cloud AOD = 0) and daily mean AOD.
DATA_INFO:
UNCERTAINTY: Data uncertainties are +/- 20%.  These come from uncertainties in radiometer angular response, radiometer thermal response, local interferences from clouds/aerosols/shadows etc.
ULOD_FLAG: -7777
ULOD_VALUE: N/A
LLOD_FLAG: -8888
LLOD_VALUE: N/A
DM_CONTACT_INFO: eleanor.waxman@noaa.gov
PROJECT_INFO: USOS Project, July - August 2024
STIPULATIONS_ON_USE: Users are strongly encouraged to contact the PI for proper data usage.
OTHER_COMMENTS: 
REVISION: R0
R0: final data
Time_Start, Time_Stop, jNO2_meas, jBrCl, jBr2, jCCl4, jCH2Oa, jCH2Ob, jClNO2, jClOa, jClOb, jCl2, jHNO2, jHNO3, jI2, jNO2, jNO3a, jNO3b, jN2O5, jO3, AOD_500nm
[from data line 1259]
   75540,   75600,0.0082068,0.01003,0.03001,5.072e-23,3.028e-05,4.546e-05,0.0004469,2.345e-23,4.273e-05,0.002185,0.001425,5.37e-07,0.1057,0.008707,0.02027,0.1631,3.994e-05,2.797e-05,0.04
   75600,   75660,0.0082007,0.01002,0.03,4.856e-23,3.023e-05,4.541e-05,0.0004464,2.242e-23,4.26e-05,0.002183,0.001424,5.358e-07,0.1057,0.008701,0.02026,0.1631,3.989e-05,2.787e-05,0.04
   75660,   75720,0.0082006,0.01002,0.02999,4.63e-23,3.018e-05,4.536e-05,0.0004459,2.133e-23,4.246e-05,0.002181,0.001423,5.346e-07,0.1057,0.008695,0.02026,0.1631,3.983e-05,2.778e-05,0.04
   75720,   75780,0.0082068,0.01001,0.02998,4.425e-23,3.013e-05,4.531e-05,0.0004454,2.037e-23,4.233e-05,0.00218,0.001422,5.334e-07,0.1057,0.00869,0.02026,0.163,3.978e-05,2.769e-05,0.04
   75780,   75840,0.0082068,0.01001,0.02997,4.217e-23,3.008e-05,4.525e-05,0.0004448,1.938e-23,4.219e-05,0.002178,0.001421,5.321e-07,0.1056,0.008684,0.02025,0.163,3.973e-05,2.76e-05,0.04
   75840,   75900,0.0082073,0.009998,0.02995,3.874e-23,3.001e-05,4.517e-05,0.000444,1.789e-23,4.205e-05,0.002174,0.001419,5.306e-07,0.1056,0.008673,0.02025,0.1629,3.965e-05,2.75e-05,0.04
   75900,   75960,0.0081899,0.009993,0.02994,3.615e-23,2.995e-05,4.511e-05,0.0004435,1.677e-23,4.188e-05,0.002172,0.001418,5.291e-07,0.1056,0.008667,0.02024,0.1629,3.958e-05,2.739e-05,0.04
   75960,   76020,0.00818,0.009988,0.02993,3.432e-23,2.989e-05,4.505e-05,0.0004429,1.584e-23,4.173e-05,0.00217,0.001417,5.277e-07,0.1055,0.008661,0.02024,0.1628,3.952e-05,2.728e-05,0.04
   76020,   76080,0.008171,0.009983,0.02992,3.343e-23,2.984e-05,4.499e-05,0.0004424,1.537e-23,4.158e-05,0.002168,0.001415,5.264e-07,0.1055,0.008654,0.02023,0.1628,3.947e-05,2.718e-05,0.04
   76080,   76140,0.0081702,0.009978,0.02991,3.16e-23,2.979e-05,4.494e-05,0.0004418,1.447e-23,4.146e-05,0.002166,0.001414,5.252e-07,0.1055,0.008648,0.02023,0.1628,3.941e-05,2.71e-05,0.04
   76140,   76200,0.0081658,0.009972,0.0299,3.068e-23,2.974e-05,4.488e-05,0.0004413,1.403e-23,4.13e-05,0.002164,0.001413,5.238e-07,0.1055,0.008642,0.02023,0.1627,3.935e-05,2.698e-05,0.04
   76200,   76260,0.0081584,0.009967,0.02989,2.885e-23,2.968e-05,4.483e-05,0.0004407,1.313e-23,4.114e-05,0.002162,0.001412,5.224e-07,0.1054,0.008635,0.02022,0.1627,3.93e-05,2.688e-05,0.04
   76260,   76320,0.0081353,0.009961,0.02987,2.801e-23,2.963e-05,4.477e-05,0.0004402,1.274e-23,4.101e-05,0.00216,0.001411,5.212e-07,0.1054,0.008629,0.02022,0.1627,3.924e-05,2.68e-05,0.04
   76320,   76380,0.0081303,0.009956,0.02986,2.633e-23,2.958e-05,4.471e-05,0.0004396,1.192e-23,4.086e-05,0.002157,0.001409,5.197e-07,0.1054,0.008622,0.02021,0.1626,3.918e-05,2.669e-05,0.04
   76380,   76440,0.0080756,0.00995,0.02985,2.542e-23,2.952e-05,4.465e-05,0.000439,1.15e-23,4.071e-05,0.002155,0.001408,5.183e-07,0.1053,0.008615,0.02021,0.1626,3.912e-05,2.658e-05,0.04
   76440,   76500,0.0080704,0.009944,0.02984,2.414e-23,2.947e-05,4.459e-05,0.0004384,1.089e-23,4.055e-05,0.002153,0.001407,5.169e-07,0.1053,0.008608,0.0202,0.1625,3.906e-05,2.648e-05,0.04
   76500,   76560,0.0080933,0.009939,0.02983,2.307e-23,2.941e-05,4.453e-05,0.0004378,1.038e-23,4.04e-05,0.002151,0.001406,5.156e-07,0.1053,0.008601,0.0202,0.1625,3.9e-05,2.638e-05,0.04
   76560,   76620,0.0081257,0.009933,0.02981,2.189e-23,2.935e-05,4.447e-05,0.0004372,9.873e-24,4.026e-05,0.002148,0.001404,5.141e-07,0.1053,0.008594,0.0202,0.1624,3.893e-05,2.627e-05,0.04
   76620,   76680,0.0081457,0.009927,0.0298,2.096e-23,2.93e-05,4.441e-05,0.0004367,9.372e-24,4.01e-05,0.002146,0.001403,5.128e-07,0.1052,0.008587,0.02019,0.1624,3.887e-05,2.617e-05,0.04
   76680,   76740,0.0081353,0.009921,0.02979,1.992e-23,2.924e-05,4.435e-05,0.000436,8.932e-24,3.993e-05,0.002144,0.001402,5.112e-07,0.1052,0.00858,0.02019,0.1624,3.88e-05,2.605e-05,0.04
   76740,   76800,0.0081361,0.009915,0.02978,1.896e-23,2.918e-05,4.428e-05,0.0004354,8.452e-24,3.976e-05,0.002141,0.001401,5.097e-07,0.1052,0.008573,0.02018,0.1623,3.874e-05,2.594e-05,0.04
   76800,   76860,0.0081378,0.009909,0.02976,1.811e-23,2.912e-05,4.422e-05,0.0004348,8.081e-24,3.963e-05,0.002139,0.001399,5.084e-07,0.1051,0.008566,0.02018,0.1623,3.868e-05,2.585e-05,0.04
   76860,   76920,0.0081347,0.009902,0.02975,1.719e-23,2.906e-05,4.416e-05,0.0004342,7.642e-24,3.945e-05,0.002137,0.001398,5.069e-07,0.1051,0.008558,0.02017,0.1622,3.861e-05,2.573e-05,0.04
   76920,   76980,0.0081222,0.009896,0.02974,1.634e-23,2.9e-05,4.409e-05,0.0004335,7.261e-24,3.928e-05,0.002134,0.001396,5.053e-07,0.1051,0.00855,0.02017,0.1622,3.854e-05,2.56e-05,0.04
   76980,   77040,0.0081152,0.00989,0.02972,1.549e-23,2.894e-05,4.403e-05,0.0004329,6.874e-24,3.912e-05,0.002132,0.001395,5.039e-07,0.105,0.008543,0.02016,0.1621,3.848e-05,2.55e-05,0.04
   77040,   77100,0.0081547,0.009883,0.02971,1.47e-23,2.887e-05,4.396e-05,0.0004323,6.513e-24,3.895e-05,0.002129,0.001394,5.023e-07,0.105,0.008535,0.02016,0.1621,3.841e-05,2.538e-05,0.04
   77100,   77160,0.0081902,0.009877,0.0297,1.395e-23,2.881e-05,4.389e-05,0.0004316,6.153e-24,3.879e-05,0.002127,0.001392,5.008e-07,0.105,0.008527,0.02015,0.162,3.834e-05,2.527e-05,0.04
   77160,   77220,0.0082133,0.00987,0.02968,1.329e-23,2.875e-05,4.383e-05,0.000431,5.823e-24,3.862e-05,0.002124,0.001391,4.993e-07,0.1049,0.00852,0.02015,0.162,3.828e-05,2.516e-05,0.04
   77220,   77280,0.0081987,0.009864,0.02967,1.266e-23,2.869e-05,4.376e-05,0.0004303,5.508e-24,3.846e-05,0.002122,0.001389,4.978e-07,0.1049,0.008512,0.02014,0.162,3.821e-05,2.505e-05,0.04
   77280,   77340,0.0081421,0.009857,0.02965,1.208e-23,2.863e-05,4.369e-05,0.0004296,5.238e-24,3.83e-05,0.002119,0.001388,4.963e-07,0.1049,0.008504,0.02014,0.1619,3.814e-05,2.494e-05,0.04
   77340,   77400,0.0081103,0.00985,0.02964,1.156e-23,2.857e-05,4.362e-05,0.000429,5.006e-24,3.815e-05,0.002117,0.001387,4.948e-07,0.1048,0.008496,0.02013,0.1619,3.807e-05,2.484e-05,0.04
   77400,   77460,0.0081205,0.009843,0.02963,1.101e-23,2.85e-05,4.355e-05,0.0004283,4.762e-24,3.799e-05,0.002114,0.001385,4.933e-07,0.1048,0.008487,0.02013,0.1618,3.8e-05,2.473e-05,0.04
   77460,   77520,0.0081284,0.009836,0.02961,1.049e-23,2.843e-05,4.348e-05,0.0004276,4.523e-24,3.782e-05,0.002111,0.001383,4.917e-07,0.1048,0.008479,0.02012,0.1617,3.793e-05,2.461e-05,0.04
   77520,   77580,0.0081238,0.009829,0.0296,1.002e-23,2.837e-05,4.341e-05,0.0004269,4.31e-24,3.766e-05,0.002109,0.001382,4.902e-07,0.1047,0.008471,0.02012,0.1617,3.786e-05,2.451e-05,0.04
   77580,   77640,0.0081009,0.009822,0.02958,9.551e-24,2.83e-05,4.334e-05,0.0004262,4.094e-24,3.749e-05,0.002106,0.00138,4.886e-07,0.1047,0.008462,0.02011,0.1616,3.779e-05,2.439e-05,0.04
   77640,   77700,0.0081053,0.009815,0.02956,9.1e-24,2.824e-05,4.326e-05,0.0004255,3.889e-24,3.732e-05,0.002103,0.001379,4.87e-07,0.1046,0.008453,0.02011,0.1616,3.771e-05,2.427e-05,0.04
   77700,   77760,0.0081339,0.009808,0.02955,8.697e-24,2.817e-05,4.319e-05,0.0004248,3.705e-24,3.716e-05,0.0021,0.001377,4.855e-07,0.1046,0.008445,0.0201,0.1615,3.764e-05,2.416e-05,0.04
   77760,   77820,0.0081436,0.0098,0.02953,8.289e-24,2.81e-05,4.312e-05,0.0004241,3.52e-24,3.698e-05,0.002098,0.001376,4.838e-07,0.1046,0.008436,0.0201,0.1615,3.757e-05,2.405e-05,0.04
   77820,   77880,0.0081281,0.009793,0.02952,7.899e-24,2.803e-05,4.304e-05,0.0004233,3.343e-24,3.681e-05,0.002095,0.001374,4.821e-07,0.1045,0.008427,0.02009,0.1614,3.749e-05,2.393e-05,0.04
   77880,   77940,0.0081291,0.009785,0.0295,7.553e-24,2.797e-05,4.297e-05,0.0004226,3.186e-24,3.664e-05,0.002092,0.001373,4.806e-07,0.1045,0.008419,0.02008,0.1614,3.742e-05,2.381e-05,0.04
   77940,   78000,0.0081275,0.009778,0.02949,7.203e-24,2.79e-05,4.289e-05,0.0004219,3.028e-24,3.647e-05,0.002089,0.001371,4.789e-07,0.1044,0.008409,0.02008,0.1613,3.734e-05,2.369e-05,0.04
   78000,   78060,0.0080766,0.00977,0.02947,6.871e-24,2.782e-05,4.281e-05,0.0004211,2.879e-24,3.629e-05,0.002086,0.001369,4.772e-07,0.1044,0.0084,0.02007,0.1613,3.726e-05,2.357e-05,0.04
   78060,   78120,0.0080349,0.009762,0.02945,6.574e-24,2.776e-05,4.274e-05,0.0004204,2.745e-24,3.612e-05,0.002083,0.001368,4.756e-07,0.1044,0.008391,0.02007,0.1612,3.719e-05,2.346e-05,0.04
   78120,   78180,0.0080309,0.009754,0.02943,6.275e-24,2.768e-05,4.266e-05,0.0004196,2.611e-24,3.594e-05,0.00208,0.001366,4.739e-07,0.1043,0.008382,0.02006,0.1611,3.711e-05,2.334e-05,0.04
   78180,   78240,0.0080012,0.009746,0.02942,5.989e-24,2.761e-05,4.258e-05,0.0004188,2.483e-24,3.576e-05,0.002077,0.001364,4.721e-07,0.1043,0.008372,0.02005,0.1611,3.703e-05,2.321e-05,0.04
   78240,   78300,0.0079692,0.009738,0.0294,5.735e-24,2.754e-05,4.25e-05,0.0004181,2.37e-24,3.559e-05,0.002074,0.001362,4.705e-07,0.1042,0.008363,0.02005,0.161,3.695e-05,2.31e-05,0.04
   78300,   78360,0.0079769,0.00973,0.02938,5.478e-24,2.747e-05,4.242e-05,0.0004173,2.256e-24,3.54e-05,0.002071,0.001361,4.688e-07,0.1042,0.008353,0.02004,0.161,3.687e-05,2.297e-05,0.04
   78360,   78420,0.0079689,0.009722,0.02936,5.235e-24,2.739e-05,4.233e-05,0.0004165,2.148e-24,3.522e-05,0.002068,0.001359,4.67e-07,0.1041,0.008343,0.02003,0.1609,3.679e-05,2.285e-05,0.04
   78420,   78480,0.0079751,0.009714,0.02935,5.018e-24,2.732e-05,4.226e-05,0.0004157,2.051e-24,3.505e-05,0.002065,0.001357,4.653e-07,0.1041,0.008334,0.02003,0.1608,3.671e-05,2.273e-05,0.04
   78480,   78540,0.007953,0.009705,0.02933,4.797e-24,2.724e-05,4.217e-05,0.0004149,1.954e-24,3.486e-05,0.002062,0.001355,4.635e-07,0.1041,0.008324,0.02002,0.1608,3.663e-05,2.26e-05,0.04
   78540,   78600,0.0079124,0.009696,0.02931,4.589e-24,2.717e-05,4.209e-05,0.0004141,1.862e-24,3.467e-05,0.002058,0.001354,4.617e-07,0.104,0.008314,0.02001,0.1607,3.654e-05,2.248e-05,0.04
   78600,   78660,0.007883,0.009688,0.02929,4.403e-24,2.71e-05,4.2e-05,0.0004133,1.78e-24,3.45e-05,0.002055,0.001352,4.6e-07,0.104,0.008304,0.02001,0.1606,3.646e-05,2.236e-05,0.04
   78660,   78720,0.0078721,0.009679,0.02927,4.214e-24,2.702e-05,4.192e-05,0.0004125,1.698e-24,3.431e-05,0.002052,0.00135,4.582e-07,0.1039,0.008293,0.02,0.1606,3.638e-05,2.223e-05,0.04
   78720,   78780,0.0078698,0.00967,0.02925,4.036e-24,2.694e-05,4.183e-05,0.0004116,1.62e-24,3.412e-05,0.002049,0.001348,4.564e-07,0.1039,0.008283,0.01999,0.1605,3.629e-05,2.21e-05,0.04
   78780,   78840,0.0078779,0.009664,0.02924,3.882e-24,2.687e-05,4.176e-05,0.0004109,1.553e-24,3.394e-05,0.002046,0.001347,4.547e-07,0.1038,0.008275,0.01999,0.1605,3.622e-05,2.198e-05,0.04
   78840,   78900,0.0078681,0.009656,0.02922,3.755e-24,2.681e-05,4.169e-05,0.0004102,1.497e-24,3.379e-05,0.002043,0.001345,4.533e-07,0.1038,0.008266,0.01998,0.1604,3.615e-05,2.188e-05,0.04
   78900,   78960,0.0078574,0.009647,0.0292,3.599e-24,2.673e-05,4.16e-05,0.0004094,1.429e-24,3.36e-05,0.00204,0.001343,4.514e-07,0.1037,0.008255,0.01997,0.1603,3.606e-05,2.175e-05,0.04
   78960,   79020,0.0078651,0.009638,0.02918,3.459e-24,2.665e-05,4.151e-05,0.0004085,1.369e-24,3.342e-05,0.002037,0.001341,4.497e-07,0.1037,0.008245,0.01997,0.1603,3.598e-05,2.163e-05,0.04
   79020,   79080,0.0078477,0.009628,0.02916,3.318e-24,2.657e-05,4.142e-05,0.0004077,1.309e-24,3.323e-05,0.002033,0.001339,4.478e-07,0.1036,0.008234,0.01996,0.1602,3.589e-05,2.15e-05,0.04
   79080,   79140,0.0078426,0.009619,0.02914,3.184e-24,2.649e-05,4.133e-05,0.0004068,1.251e-24,3.303e-05,0.00203,0.001337,4.459e-07,0.1036,0.008223,0.01995,0.1601,3.58e-05,2.137e-05,0.04
   79140,   79200,0.0078073,0.00961,0.02912,3.063e-24,2.641e-05,4.124e-05,0.0004059,1.2e-24,3.285e-05,0.002026,0.001335,4.441e-07,0.1035,0.008212,0.01994,0.16,3.571e-05,2.124e-05,0.04
   79200,   79260,0.0077992,0.0096,0.0291,2.941e-24,2.633e-05,4.115e-05,0.000405,1.148e-24,3.265e-05,0.002023,0.001333,4.422e-07,0.1035,0.008201,0.01994,0.16,3.562e-05,2.111e-05,0.04
   79260,   79320,0.0078178,0.00959,0.02908,2.826e-24,2.624e-05,4.105e-05,0.0004041,1.099e-24,3.246e-05,0.002019,0.001331,4.403e-07,0.1034,0.008189,0.01993,0.1599,3.552e-05,2.098e-05,0.04
   79320,   79380,0.0078171,0.009581,0.02906,2.722e-24,2.616e-05,4.096e-05,0.0004032,1.055e-24,3.227e-05,0.002015,0.001329,4.384e-07,0.1034,0.008178,0.01992,0.1598,3.544e-05,2.085e-05,0.04
   79380,   79440,0.007813,0.009571,0.02904,2.617e-24,2.608e-05,4.087e-05,0.0004023,1.011e-24,3.207e-05,0.002012,0.001327,4.365e-07,0.1033,0.008166,0.01991,0.1597,3.534e-05,2.072e-05,0.04
   79440,   79500,0.0077866,0.00956,0.02902,2.516e-24,2.599e-05,4.077e-05,0.0004014,9.688e-25,3.188e-05,0.002008,0.001325,4.345e-07,0.1033,0.008155,0.0199,0.1597,3.525e-05,2.059e-05,0.04
   79500,   79560,0.007792,0.009551,0.02899,2.426e-24,2.591e-05,4.068e-05,0.0004005,9.31e-25,3.169e-05,0.002004,0.001323,4.327e-07,0.1032,0.008143,0.0199,0.1596,3.516e-05,2.046e-05,0.04
   79560,   79620,0.0077769,0.00954,0.02897,2.334e-24,2.583e-05,4.058e-05,0.0003995,8.93e-25,3.149e-05,0.002001,0.001321,4.307e-07,0.1032,0.008131,0.01989,0.1595,3.506e-05,2.032e-05,0.04
   79620,   79680,0.0077469,0.00953,0.02895,2.247e-24,2.574e-05,4.048e-05,0.0003986,8.569e-25,3.129e-05,0.001997,0.001318,4.287e-07,0.1031,0.008119,0.01988,0.1594,3.497e-05,2.019e-05,0.04
   79680,   79740,0.0077219,0.00952,0.02893,2.169e-24,2.566e-05,4.039e-05,0.0003977,8.246e-25,3.11e-05,0.001993,0.001316,4.269e-07,0.103,0.008107,0.01987,0.1594,3.487e-05,2.006e-05,0.04
   79740,   79800,0.0076934,0.009509,0.0289,2.09e-24,2.557e-05,4.029e-05,0.0003967,7.919e-25,3.09e-05,0.001989,0.001314,4.249e-07,0.103,0.008095,0.01986,0.1593,3.478e-05,1.993e-05,0.04
   79800,   79860,0.0076877,0.009498,0.02888,2.014e-24,2.548e-05,4.018e-05,0.0003957,7.608e-25,3.07e-05,0.001985,0.001312,4.229e-07,0.1029,0.008082,0.01985,0.1592,3.468e-05,1.979e-05,0.04
   79860,   79920,0.0076497,0.009488,0.02886,1.945e-24,2.539e-05,4.009e-05,0.0003948,7.328e-25,3.051e-05,0.001982,0.00131,4.209e-07,0.1029,0.00807,0.01984,0.1591,3.458e-05,1.966e-05,0.04
   79920,   79980,0.0076317,0.009477,0.02883,1.876e-24,2.53e-05,3.998e-05,0.0003938,7.045e-25,3.03e-05,0.001978,0.001307,4.189e-07,0.1028,0.008058,0.01984,0.159,3.448e-05,1.953e-05,0.04
   79980,   80040,0.0075785,0.009466,0.02881,1.809e-24,2.521e-05,3.988e-05,0.0003928,6.777e-25,3.01e-05,0.001974,0.001305,4.169e-07,0.1027,0.008045,0.01983,0.1589,3.438e-05,1.939e-05,0.04
   80040,   80100,0.0075972,0.009455,0.02878,1.75e-24,2.513e-05,3.978e-05,0.0003918,6.536e-25,2.991e-05,0.00197,0.001303,4.15e-07,0.1027,0.008032,0.01982,0.1588,3.429e-05,1.926e-05,0.04
   80100,   80160,0.0075779,0.009444,0.02876,1.689e-24,2.503e-05,3.968e-05,0.0003908,6.291e-25,2.971e-05,0.001966,0.0013,4.129e-07,0.1026,0.008019,0.01981,0.1588,3.418e-05,1.912e-05,0.04
   80160,   80220,0.007458,0.009432,0.02873,1.63e-24,2.494e-05,3.957e-05,0.0003898,6.057e-25,2.95e-05,0.001962,0.001298,4.108e-07,0.1026,0.008006,0.0198,0.1587,3.408e-05,1.898e-05,0.04
   80220,   80280,0.0075538,0.009421,0.02871,1.578e-24,2.485e-05,3.947e-05,0.0003888,5.847e-25,2.931e-05,0.001958,0.001296,4.089e-07,0.1025,0.007993,0.01979,0.1586,3.398e-05,1.885e-05,0.04
   80280,   80340,0.0075434,0.009409,0.02868,1.525e-24,2.476e-05,3.936e-05,0.0003878,5.635e-25,2.91e-05,0.001953,0.001293,4.068e-07,0.1024,0.00798,0.01978,0.1585,3.388e-05,1.872e-05,0.04
   80340,   80400,0.0075347,0.009397,0.02866,1.473e-24,2.466e-05,3.925e-05,0.0003867,5.432e-25,2.889e-05,0.001949,0.001291,4.047e-07,0.1024,0.007966,0.01977,0.1584,3.377e-05,1.858e-05,0.04
   80400,   80460,0.0075284,0.009386,0.02863,1.427e-24,2.458e-05,3.915e-05,0.0003857,5.25e-25,2.87e-05,0.001945,0.001288,4.027e-07,0.1023,0.007953,0.01976,0.1583,3.367e-05,1.845e-05,0.04
   80460,   80520,0.0075371,0.009374,0.02861,1.38e-24,2.448e-05,3.904e-05,0.0003846,5.065e-25,2.849e-05,0.001941,0.001286,4.006e-07,0.1022,0.007939,0.01975,0.1582,3.357e-05,1.831e-05,0.04
   80520,   80580,0.0075459,0.009362,0.02858,1.335e-24,2.438e-05,3.892e-05,0.0003836,4.887e-25,2.829e-05,0.001937,0.001283,3.985e-07,0.1022,0.007925,0.01974,0.1581,3.346e-05,1.817e-05,0.04
   80580,   80640,0.0075367,0.00935,0.02855,1.294e-24,2.429e-05,3.882e-05,0.0003825,4.727e-25,2.809e-05,0.001932,0.001281,3.965e-07,0.1021,0.007912,0.01973,0.158,3.336e-05,1.804e-05,0.04
