CampaignData_and_Merges/R0/CSL_MobileLab_Parked/raw/20240815/USOS-NOAAIodideCIMS-HCOOH_MobileLabGround_20240815_RA.ict
33, 1001
Michael A Robinson, Chris Jernigan, Subi Thakali
NOAA ESRL Chemical Sciences Laboratory and CIRES, U. of Colorado
NOAA Iodide CIMS Instrument
USOS
1, 1
2024, 08, 15, 2024, 08, 18
1
starttime_UTC, seconds_past_midnight, seconds_of_day_since_00:00:00_UTC
1
1
-9999
HCOOH_NOAACIMS, pptv, Gas_HCOOH_InSitu_S_AVMR, 
0
18
PI_CONTACT_INFO: 325 Broadway, R/CSD 7, Boulder, Colorado 80305; michael.a.robinson@noaa.gov; chris.jernigan@noaa.gov;
PLATFORM: NOAA CSL Mobile Lab
LOCATION: SLC, Utah
ASSOCIATED_DATA: 1Hz data also available on request.
INSTRUMENT_INFO: NOAA I- ToF CIMS
DATA_INFO: All data in parts per trillion by volume (pptv). 1 Hz data is available upon request.
UNCERTAINTY: TBD
ULOD_FLAG: -7777
ULOD_VALUE: N/A
LLOD_FLAG: -8888
LLOD_VALUE: N/A
DM_CONTACT_INFO: Nathan Howard; nathan.h.howard@noaa.gov
PROJECT_INFO: USOS, summer 2024. https://csl.noaa.gov/groups/csl7/measurements/2024usos/
STIPULATIONS_ON_USE: Users are strongly encouraged to contact the PI for proper data usage.
OTHER_COMMENTS: 
REVISION: RA
RA: Preliminary Data; For in-field use only
starttime_UTC, HCOOH_NOAACIMS
[from data line 959]
 57540, -9999.000
 57600, -9999.000
 57660, -9999.000
 57720, -9999.000
 57780, -9999.000
 57840, -9999.000
 57900, -9999.000
 57960, -9999.000
 58020, -9999.000
 58080, -9999.000
 58140, -9999.000
 58200, -9999.000
 58260, -9999.000
 58320, -9999.000
 58380, -9999.000
 58440, -9999.000
 58500, -9999.000
 58560, -9999.000
 58620, -9999.000
 58680, -9999.000
 58740, -9999.000
 58800, -9999.000
 58860, -9999.000
 58920, -9999.000
 58980, -9999.000
 59040, -9999.000
 59100, -9999.000
 59160, -9999.000
 59220, -9999.000
 59280, -9999.000
 59340, -9999.000
 59400, -9999.000
 59460, -9999.000
 59520, -9999.000
 59580, -9999.000
 59640, -9999.000
 59700, -9999.000
 59760, -9999.000
 59820, -9999.000
 59880, -9999.000
 59940, -9999.000
 60000, -9999.000
 60060, -9999.000
 60120, -9999.000
 60180, -9999.000
 60240, -9999.000
 60300, -9999.000
 60360, -9999.000
 60420, -9999.000
 60480, -9999.000
 60540, -9999.000
 60600, -9999.000
 60660, -9999.000
 60720, -9999.000
 60780, -9999.000
 60840, -9999.000
 60900, -9999.000
 60960, -9999.000
 61020, -9999.000
 61080, -9999.000
 61140, -9999.000
 61200, -9999.000
 61260, -9999.000
 61320, -9999.000
 61380, -9999.000
 61440, -9999.000
 61500, 701.677
 61560, 1810.168
 61620, 724.559
 61680, 676.128
 61740, 668.665
 61800, 673.047
 61860, 666.373
 61920, 674.905
 61980, 685.465
 62040, 696.191
 62100, 676.279
 62160, 877.942
 62220, 680.457
 62280, 686.162
 62340, 683.648
 62400, 694.883
 62460, 700.553
 62520, 678.160
 62580, 686.119
 62640, 670.438
 62700, 673.818
 62760, 671.885
 62820, 666.499
 62880, -9999.000
 62940, 628.447
 63000, 640.929
 63060, 656.596
 63120, 918.287
 63180, 1364.200
 63240, 696.069
 63300, 673.936
 63360, 696.059
 63420, 698.800
 63480, 670.040
 63540, 651.416
 63600, 679.571
 63660, 652.419
 63720, 653.985
 63780, 634.609
 63840, 634.521
 63900, 1689.314
 63960, 746.797
 64020, 705.671
 64080, 697.222
 64140, 703.427
 64200, 679.060
 64260, 655.519
 64320, 639.398
 64380, 643.000
 64440, 653.864
 64500, 632.562
 64560, 697.188
 64620, 643.729
 64680, 563.229
 64740, -9999.000
 64800, 621.042
 64860, 662.194
 64920, 658.852
 64980, 629.153
 65040, 630.752
 65100, 633.792
 65160, 646.860
 65220, 567.209
 65280, 660.597
 65340, 719.411
 65400, 623.407
 65460, 659.550
 65520, 657.119
 65580, 657.755
 65640, 654.584
 65700, 629.748
 65760, 639.211
 65820, 662.841
 65880, 688.185
 65940, 691.134
 66000, 712.450
 66060, 716.954
 66120, 709.830
 66180, 693.678
 66240, 688.233
 66300, 728.265
 66360, 882.212
 66420, 744.616
 66480, 760.876
 66540, 746.931
 66600, 693.671
 66660, 662.385
 66720, 694.705
 66780, 672.146
 66840, 673.511
 66900, 1810.009
 66960, 1078.826
 67020, 693.760
 67080, 698.012
 67140, 715.728
 67200, 712.085
 67260, 694.909
 67320, 661.238
 67380, 656.425
 67440, 691.740
 67500, 666.323
 67560, 681.740
 67620, 683.948
 67680, 692.540
 67740, 674.211
 67800, 658.851
 67860, 670.276
 67920, 663.637
 67980, 663.007
 68040, 691.127
 68100, 686.681
 68160, 702.252
 68220, 692.453
 68280, 689.398
 68340, 663.534
 68400, -9999.000
 68460, 666.222
 68520, 651.740
 68580, 671.044
 68640, 650.289
 68700, 666.229
 68760, 679.029
 68820, 662.842
 68880, 667.545
 68940, 684.835
 69000, 697.903
 69060, 699.708
 69120, 683.260
 69180, 892.365
 69240, 711.517
 69300, 682.285
 69360, 672.563
 69420, 705.998
 69480, 720.250
 69540, 731.225
 69600, 740.114
 69660, 705.195
 69720, 766.154
 69780, 723.352
 69840, 753.190
 69900, 760.325
 69960, 777.949
 70020, 771.816
 70080, 745.991
 70140, 739.079
 70200, 747.934
 70260, -9999.000
 70320, 782.575
 70380, 746.209
 70440, 784.867
 70500, 752.729
 70560, 767.031
 70620, 787.834
 70680, 813.925
 70740, 752.288
 70800, 766.324
 70860, 761.063
 70920, 798.884
 70980, 798.204
 71040, 801.616
 71100, 745.381
 71160, 780.836
 71220, 773.348
 71280, 788.441
 71340, 777.377
 71400, 754.327
 71460, 769.208
 71520, 823.762
 71580, 847.687
 71640, 729.549
 71700, 1183.467
 71760, 2101.977
 71820, 723.417
 71880, 703.834
 71940, 761.136
 72000, 725.134
 72060, 662.382
 72120, -9999.000
 72180, 692.202
 72240, 693.547
 72300, 686.879
 72360, 743.961
 72420, 724.294
 72480, 770.898
 72540, 707.345
 72600, 752.737
 72660, 732.980
 72720, 677.320
 72780, 709.728
 72840, 723.360
 72900, 718.914
 72960, 713.135
 73020, 772.946
 73080, 770.628
 73140, 764.256
 73200, 770.822
 73260, 753.593
 73320, 749.948
 73380, 719.336
 73440, 721.419
 73500, 719.500
 73560, 690.894
 73620, 699.002
 73680, 690.094
 73740, 688.627
 73800, 712.571
 73860, 707.080
 73920, 753.566
 73980, 709.541
 74040, 695.181
 74100, 664.787
 74160, 691.136
 74220, 800.818
 74280, 879.937
 74340, 696.301
 74400, 772.679
 74460, 818.411
 74520, 783.988
 74580, 796.857
 74640, 681.834
 74700, 698.489
 74760, 723.432
 74820, 788.748
 74880, 793.777
 74940, 763.218
 75000, 754.240
 75060, 725.118
 75120, 718.192
 75180, 657.613
 75240, 634.731
 75300, 686.001
 75360, 706.792
 75420, 710.524
 75480, 701.623
 75540, 696.530
 75600, 709.318
 75660, 703.699
 75720, 735.881
 75780, 698.159
 75840, 727.024
 75900, 689.297
 75960, 656.085
 76020, 744.589
 76080, 781.762
 76140, 738.676
 76200, 721.601
 76260, 759.633
 76320, 761.342
 76380, 691.858
 76440, 698.420
 76500, 708.737
 76560, 1627.700
 76620, 736.072
 76680, 677.208
 76740, 643.052
 76800, 707.930
 76860, 732.264
 76920, 695.417
 76980, 671.199
 77040, 642.863
 77100, 616.565
 77160, 672.374
 77220, 665.212
 77280, 645.978
 77340, 640.786
 77400, 647.244
 77460, 655.087
 77520, 729.027
 77580, 673.241
 77640, 721.175
 77700, 545.235
 77760, 580.601
 77820, 594.200
 77880, 602.503
 77940, 619.409
 78000, 579.763
 78060, 567.676
 78120, 620.397
 78180, 533.536
 78240, 554.276
 78300, 567.242
 78360, 528.658
 78420, 470.461
 78480, 481.885
 78540, 511.217
 78600, 469.263
 78660, 411.507
 78720, 398.474
 78780, 417.391
 78840, 392.364
 78900, 367.902
 78960, 396.766
 79020, 394.196
 79080, 397.273
 79140, 418.894
 79200, 422.036
 79260, 428.014
 79320, 314.683
 79380, 292.144
 79440, 293.289
 79500, -9999.000
 79560, 276.871
 79620, 309.744
 79680, 361.718
 79740, 349.112
 79800, 341.288
 79860, 344.584
 79920, 354.694
 79980, 385.186
 80040, 445.591
 80100, 436.996
 80160, 426.294
 80220, 439.838
 80280, 440.520
 80340, 432.372
 80400, 432.840
 80460, 369.922
 80520, 414.866
 80580, 448.739
 80640, 428.059
 80700, 445.568
 80760, 473.031
 80820, 402.466
 80880, 434.773
 80940, 431.252
 81000, 453.452
 81060, 466.865
 81120, 441.134
 81180, 468.000
 81240, 489.080
 81300, 466.583
 81360, -9999.000
 81420, 565.600
 81480, 536.592
 81540, 507.825
 81600, 506.511
 81660, 546.446
 81720, 491.864
 81780, 542.930
 81840, 560.114
 81900, 548.523
 81960, 491.369
 82020, 485.510
 82080, 505.307
 82140, 522.940
 82200, 509.456
 82260, 563.940
 82320, 537.838
 82380, 530.516
 82440, 521.766
 82500, 554.499
 82560, 533.255
 82620, 513.956
 82680, 542.609
 82740, 558.340
 82800, 530.171
 82860, 591.246
 82920, 602.799
 82980, 607.319
 83040, 637.569
 83100, 612.339
 83160, 607.644
 83220, -9999.000
 83280, 494.769
 83340, 538.485
 83400, 566.022
 83460, 583.718
 83520, 744.041
 83580, 1355.884
 83640, 606.021
 83700, 550.515
 83760, 586.570
 83820, 561.157
 83880, 579.984
 83940, 561.785
 84000, 573.716
 84060, 549.382
 84120, 558.428
 84180, 572.879
 84240, 619.127
 84300, 626.544
 84360, 569.226
 84420, 558.183
 84480, 563.728
 84540, 551.724
 84600, 546.213
 84660, 554.933
 84720, 552.750
 84780, 525.726
 84840, 550.719
 84900, 550.594
 84960, 527.074
 85020, 515.010
 85080, 505.087
 85140, 512.921
 85200, 517.661
 85260, 502.334
 85320, 568.008
 85380, 573.338
 85440, 493.169
 85500, 514.653
 85560, 558.864
 85620, 513.226
 85680, 511.088
 85740, 493.848
 85800, 498.464
 85860, 520.361
 85920, 556.332
 85980, 568.554
 86040, 589.706
 86100, 526.195
 86160, 516.365
 86220, 557.661
 86280, 575.419
 86340, 574.133
