CampaignData_and_Merges/R0/CSL_MobileLab_Parked/raw/20240815/USOS-NOAAIodideCIMS-Halogens_MobileLabGround_20240815_RA.ict
38, 1001
Michael A Robinson, Chris Jernigan, Subi Thakali
NOAA ESRL Chemical Sciences Laboratory and CIRES, U. of Colorado
NOAA Iodide CIMS Instrument
USOS
1, 1
2024, 08, 15, 2024, 08, 18
1
starttime_UTC, seconds_past_midnight, seconds_of_day_since_00:00:00_UTC
6
1, 1, 1, 1, 1, 1
-9999, -9999, -9999, -9999, -9999, -9999
Br2_NOAACIMS, pptv, Gas_Br2_InSitu_S_AVMR, 
BrO_NOAACIMS, pptv, Gas_BrO_InSitu_S_AVMR, 
Cl2_NOAACIMS, pptv, Gas_Cl2_InSitu_S_AVMR, 
ClNO2_NOAACIMS, pptv, Gas_ClNO2_InSitu_S_AVMR, 
BrCl_NOAACIMS, pptv, Gas_BrCl_InSitu_S_AVMR, 
NCl3_NOAACIMS, pptv, Gas_NCl3_InSitu_S_AVMR, 
0
18
PI_CONTACT_INFO: 325 Broadway, R/CSD 7, Boulder, Colorado 80305; michael.a.robinson@noaa.gov; chris.jernigan@noaa.gov;
PLATFORM: NOAA CSL Mobile Lab
LOCATION: SLC, Utah
ASSOCIATED_DATA: 1Hz data also available on request.
INSTRUMENT_INFO: NOAA I- ToF CIMS
DATA_INFO: All data in parts per trillion by volume (pptv). 1 Hz data is available upon request.
UNCERTAINTY: TBD
ULOD_FLAG: -7777
ULOD_VALUE: N/A
LLOD_FLAG: -8888
LLOD_VALUE: N/A
DM_CONTACT_INFO: Nathan Howard; nathan.h.howard@noaa.gov
PROJECT_INFO: USOS, summer 2024. https://csl.noaa.gov/groups/csl7/measurements/2024usos/
STIPULATIONS_ON_USE: Users are strongly encouraged to contact the PI for proper data usage.
OTHER_COMMENTS: 
REVISION: RA
RA: Preliminary Data; For in-field use only
starttime_UTC, Br2_NOAACIMS, BrO_NOAACIMS, Cl2_NOAACIMS, ClNO2_NOAACIMS, BrCl_NOAACIMS, NCl3_NOAACIMS
[from data line 1027]
 61620,  0.694, -9999.000,  0.431,  0.113,  0.030,  2.107
 61680,  0.556, -9999.000,  0.754,  0.148,  0.066,  4.244
 61740,  0.603, -9999.000,  0.608,  0.139,  0.067,  1.876
 61800,  0.118, -9999.000,  0.331,  0.100, -0.002,  0.333
 61860,  0.464, -9999.000,  0.402,  0.103, -0.005,  0.070
 61920,  0.555, -9999.000,  0.431,  0.089,  0.057,  0.108
 61980,  0.527, -9999.000,  0.403,  0.122,  0.057,  0.105
 62040,  0.674, -9999.000,  0.457,  0.095,  0.068,  0.142
 62100,  0.598, -9999.000,  0.474,  0.112,  0.033,  0.068
 62160,  0.283, -9999.000,  0.481,  0.118,  0.043,  0.055
 62220,  0.328, -9999.000,  0.254,  0.092,  0.024,  0.036
 62280,  0.369, -9999.000,  0.432,  0.095,  0.063,  0.032
 62340,  0.224, -9999.000,  0.366,  0.065, -0.015,  0.036
 62400,  0.215, -9999.000,  0.383,  0.137, -0.008,  0.055
 62460,  0.511, -9999.000,  0.411,  0.115,  0.040,  0.105
 62520,  0.207, -9999.000,  0.351,  0.089,  0.003,  0.086
 62580,  0.525, -9999.000,  0.478,  0.083,  0.049,  0.106
 62640,  0.360, -9999.000,  0.386,  0.079,  0.068,  0.049
 62700,  0.550, -9999.000,  0.432,  0.068,  0.074,  0.113
 62760,  0.631, -9999.000,  0.466,  0.102,  0.050,  0.105
 62820,  0.615, -9999.000,  0.426,  0.071,  0.086,  0.056
 62880, -9999.000, -9999.000, -9999.000, -9999.000, -9999.000, -9999.000
 62940,  0.324, -9999.000,  0.382,  0.107,  0.064,  0.026
 63000, -0.182, -9999.000,  0.365,  0.043, -0.046, -0.022
 63060,  0.210, -9999.000,  0.463,  0.075,  0.005,  0.084
 63120,  0.374, -9999.000,  0.567,  0.118,  0.087,  0.080
 63180,  0.336, -9999.000,  0.410,  0.093,  0.031,  0.152
 63240,  0.536, -9999.000,  0.439,  0.108,  0.076,  0.054
 63300,  0.316, -9999.000,  0.437,  0.058,  0.034,  0.044
 63360,  0.591, -9999.000,  0.492,  0.130,  0.056,  0.038
 63420,  0.353, -9999.000,  0.429,  0.091,  0.020,  0.028
 63480, -0.133, -9999.000,  0.399,  0.067, -0.027, -0.009
 63540,  0.170, -9999.000,  0.431,  0.096,  0.021,  0.007
 63600,  0.605, -9999.000,  0.551,  0.126,  0.097,  0.163
 63660,  0.279, -9999.000,  0.417,  0.069,  0.016,  0.025
 63720,  0.516, -9999.000,  0.489,  0.065,  0.088,  0.032
 63780,  0.269, -9999.000,  0.461,  0.085,  0.009,  0.031
 63840,  0.690, -9999.000,  0.550,  0.095,  0.114,  0.089
 63900,  0.920, -9999.000,  0.940,  0.165,  0.244,  0.075
 63960,  0.662, -9999.000,  0.299,  0.076,  0.102,  0.091
 64020,  0.723, -9999.000,  0.449,  0.092,  0.135,  0.058
 64080,  0.482, -9999.000,  0.450,  0.074,  0.060,  0.132
 64140,  0.685, -9999.000,  0.459,  0.079,  0.097,  0.204
 64200,  0.708, -9999.000,  0.345,  0.094,  0.085,  0.129
 64260,  0.636, -9999.000,  0.433,  0.085,  0.112,  0.038
 64320,  0.467, -9999.000,  0.413,  0.048,  0.081,  0.142
 64380,  0.515, -9999.000,  0.515,  0.093,  0.079,  0.142
 64440,  0.554,  0.067,  0.515,  0.067,  0.113,  0.101
 64500,  0.586,  0.071,  0.403,  0.061,  0.122,  0.051
 64560,  0.585,  0.062,  0.471,  0.112,  0.082,  0.103
 64620,  0.691,  0.050,  0.433,  0.087,  0.144,  0.087
 64680,  0.862,  0.094,  0.347,  0.127,  0.209,  0.055
 64740, -9999.000, -9999.000, -9999.000, -9999.000, -9999.000, -9999.000
 64800,  0.709,  0.065,  0.417,  0.104,  0.109,  0.095
 64860,  0.702,  0.043,  0.530,  0.086,  0.094,  0.063
 64920,  0.317,  0.007,  0.407,  0.077,  0.041,  0.070
 64980,  0.725,  0.091,  0.456,  0.057,  0.152,  0.067
 65040,  0.658,  0.066,  0.463,  0.076,  0.095,  0.087
 65100,  0.755, -0.004,  0.503,  0.085,  0.144,  0.117
 65160,  0.368,  0.012,  0.548,  0.039,  0.077,  0.068
 65220,  0.591,  0.038,  0.486,  0.085,  0.083,  0.045
 65280,  0.745,  0.076,  0.502,  0.073,  0.127,  0.137
 65340,  0.668,  0.025,  0.528,  0.068,  0.148,  0.049
 65400,  0.833,  0.076,  0.531,  0.082,  0.141,  0.055
 65460,  0.678,  0.026,  0.531,  0.086,  0.137,  0.085
 65520,  0.600,  0.019,  0.532,  0.060,  0.101,  0.073
 65580,  0.631,  0.016,  0.504,  0.084,  0.149,  0.079
 65640,  0.702,  0.055,  0.609,  0.096,  0.124,  0.096
 65700,  0.754,  0.018,  0.590,  0.094,  0.120,  0.112
 65760,  0.711, -0.015,  0.512,  0.086,  0.154,  0.078
 65820,  0.614, -0.008,  0.575,  0.087,  0.113,  0.045
 65880,  0.694,  0.014,  0.546,  0.119,  0.111,  0.078
 65940,  0.785, -0.013,  0.583,  0.084,  0.136,  0.078
 66000,  0.710,  0.011,  0.617,  0.085,  0.145,  0.073
 66060,  0.696,  0.003,  0.586,  0.083,  0.148,  0.072
 66120,  0.672, -0.021,  0.581,  0.089,  0.136,  0.133
 66180,  0.737, -0.016,  0.604,  0.072,  0.136,  0.048
 66240,  0.575, -0.066,  0.610,  0.072,  0.105,  0.065
 66300,  0.716,  0.015,  0.763,  0.056,  0.158,  0.047
 66360,  0.702,  0.010,  0.598,  0.109,  0.130,  0.130
 66420,  0.463, -0.071,  0.575,  0.074,  0.119,  0.057
 66480,  0.462,  0.002,  0.586,  0.114,  0.088,  0.046
 66540,  0.564, -0.013,  0.606,  0.105,  0.070,  0.050
 66600,  0.837, -0.094,  0.581,  0.081,  0.121,  0.163
 66660,  0.532,  0.010,  0.525,  0.063,  0.112,  0.093
 66720,  0.275, -0.060,  0.600,  0.075,  0.058,  0.016
 66780,  0.282, -0.071,  0.588,  0.058,  0.081,  0.016
 66840,  0.315, -0.062,  0.552,  0.056,  0.046,  0.007
 66900,  0.240, -0.101,  0.650,  0.121,  0.020, -0.008
 66960,  0.110, -0.089,  0.319,  0.028,  0.027, -0.021
 67020,  0.494, -0.048,  0.347,  0.061,  0.081,  0.035
 67080,  0.385, -0.054,  0.344,  0.069,  0.068,  0.005
 67140,  0.778,  0.005,  0.401,  0.060,  0.116,  0.060
 67200,  0.513, -0.036,  0.433,  0.079,  0.094,  0.031
 67260,  0.785,  0.017,  0.454,  0.092,  0.129,  0.071
 67320,  0.580, -0.039,  0.366,  0.053,  0.066,  0.052
 67380,  0.729,  0.004,  0.556,  0.111,  0.125,  0.051
 67440,  0.519, -0.092,  0.603,  0.064,  0.107,  0.018
 67500,  0.702,  0.014,  0.468,  0.070,  0.159,  0.024
 67560,  0.798,  0.012,  0.567,  0.094,  0.095,  0.053
 67620,  0.811,  0.018,  0.451,  0.072,  0.137,  0.018
 67680,  0.677,  0.011,  0.456,  0.075,  0.134, -0.009
 67740,  0.850,  0.053,  0.531,  0.072,  0.116,  0.048
 67800,  0.310,  0.023,  0.434,  0.062,  0.039, -0.017
 67860,  0.649,  0.015,  0.532,  0.078,  0.065,  0.010
 67920,  0.453,  0.048,  0.471,  0.071,  0.067, -0.025
 67980,  0.790,  0.049,  0.531,  0.119,  0.138,  0.014
 68040,  0.797,  0.062,  0.502,  0.125,  0.093,  0.003
 68100,  0.571,  0.088,  0.562,  0.086,  0.122, -0.051
 68160,  0.774,  0.024,  0.560,  0.088,  0.133,  0.030
 68220,  0.683, -0.003,  0.525,  0.104,  0.129, -0.005
 68280,  0.313, -0.016,  0.521,  0.073,  0.018, -0.068
 68340,  0.157,  0.008,  0.402,  0.075, -0.009, -0.054
 68400, -9999.000, -9999.000, -9999.000, -9999.000, -9999.000, -9999.000
 68460,  0.748,  0.141,  0.489,  0.089,  0.093, -0.077
 68520, -0.066, -0.054,  0.294,  0.055, -0.040, -0.087
 68580,  0.618,  0.023,  0.482,  0.077,  0.092, -0.044
 68640,  0.455,  0.027,  0.498,  0.086,  0.070, -0.057
 68700,  0.663,  0.075,  0.447,  0.081,  0.080, -0.013
 68760,  0.626,  0.042,  0.533,  0.096,  0.052,  0.005
 68820,  0.670, -0.003,  0.562,  0.101,  0.113, -0.022
 68880, -0.016, -0.061,  0.577,  0.079, -0.034, -0.079
 68940,  0.749,  0.048,  0.593,  0.070,  0.122,  0.014
 69000,  0.601,  0.039,  0.514,  0.094,  0.097, -0.045
 69060,  0.554, -0.013,  0.551,  0.072,  0.019, -0.068
 69120,  0.569, -0.024,  0.509,  0.082,  0.097, -0.025
 69180,  0.696, -0.043,  0.663,  0.120,  0.156, -0.033
 69240, -0.317, -0.079,  0.301,  0.079, -0.066, -0.120
 69300,  0.278, -0.007,  0.444,  0.073,  0.020, -0.046
 69360,  0.352,  0.023,  0.492,  0.071,  0.053, -0.064
 69420,  0.712,  0.034,  0.542,  0.110,  0.137,  0.017
 69480,  0.627, -0.004,  0.527,  0.104,  0.098,  0.002
 69540,  0.721,  0.033,  0.636,  0.076,  0.166,  0.037
 69600,  0.730,  0.060,  0.635,  0.108,  0.131, -0.042
 69660,  0.544,  0.020,  0.512,  0.077,  0.070, -0.050
 69720,  0.679,  0.027,  0.671,  0.118,  0.094, -0.015
 69780,  0.732,  0.120,  0.627,  0.091,  0.141, -0.006
 69840,  0.801,  0.015,  0.671,  0.084,  0.118, -0.034
 69900,  0.656,  0.037,  0.662,  0.112,  0.115,  0.030
 69960,  0.676,  0.044,  0.585,  0.121,  0.157,  0.007
 70020,  0.710, -0.052,  0.623,  0.109,  0.141, -0.007
 70080,  0.676, -0.017,  0.649,  0.084,  0.081,  0.012
 70140,  0.686,  0.012,  0.747,  0.102,  0.163,  0.027
 70200,  0.711,  0.079,  0.685,  0.097,  0.106,  0.039
 70260, -9999.000, -9999.000, -9999.000, -9999.000, -9999.000, -9999.000
 70320,  0.660, -0.005,  0.708,  0.121,  0.142,  0.022
 70380,  0.668,  0.185,  0.538,  0.133,  0.053, -0.025
 70440,  0.716, -0.008,  0.555,  0.138,  0.102, -0.035
 70500,  0.745, -0.010,  0.743,  0.117,  0.092, -0.005
 70560,  0.572, -0.007,  0.743,  0.130,  0.106, -0.007
 70620,  0.582,  0.059,  0.667,  0.154,  0.096, -0.044
 70680,  0.745, -0.054,  0.665,  0.102,  0.090,  0.019
 70740,  0.736,  0.013,  0.873,  0.073,  0.133,  0.040
 70800,  0.513, -0.035,  0.652,  0.075,  0.046,  0.011
 70860,  0.800, -0.015,  0.771,  0.070,  0.130,  0.022
 70920,  0.474,  0.020,  0.766,  0.062,  0.048,  0.005
 70980,  0.581, -0.017,  0.665,  0.136,  0.038,  0.026
 71040,  0.775, -0.008,  0.772,  0.087,  0.089,  0.004
 71100,  0.662, -0.008,  0.616,  0.078,  0.072,  0.033
 71160,  0.671,  0.013,  0.688,  0.119,  0.035,  0.061
 71220,  0.846,  0.024,  0.717,  0.122,  0.101,  0.048
 71280,  0.917,  0.067,  0.783,  0.080,  0.135,  0.035
 71340,  0.750,  0.020,  0.736,  0.085,  0.110,  0.021
 71400,  0.860,  0.024,  0.824,  0.089,  0.089,  0.062
 71460,  0.703, -0.016,  0.695,  0.097,  0.090,  0.001
 71520,  0.782,  0.006,  0.881,  0.103,  0.071, -0.007
 71580,  0.604,  0.029,  0.831,  0.067,  0.056, -0.005
 71640,  0.171, -0.047,  0.617,  0.060, -0.056, -0.008
 71700,  0.800, -0.060,  0.913,  0.100,  0.154,  0.037
 71760,  0.786, -0.030,  0.552,  0.091,  0.079,  0.105
 71820,  0.527, -0.014,  0.603,  0.040,  0.022, -0.014
 71880,  0.786,  0.084,  0.586,  0.064,  0.103,  0.030
 71940,  0.694,  0.010,  0.605,  0.071,  0.057,  0.026
 72000,  0.668, -0.006,  0.495,  0.049,  0.039,  0.067
 72060,  0.736,  0.011,  0.669,  0.110, -0.034,  0.061
 72120, -9999.000, -9999.000, -9999.000, -9999.000, -9999.000, -9999.000
 72180,  0.774,  0.025,  0.630,  0.087,  0.040,  0.127
 72240,  0.733,  0.048,  0.729,  0.030,  0.058,  0.124
 72300,  0.955,  0.101,  0.699,  0.078,  0.064,  0.070
 72360,  0.656,  0.043,  0.677,  0.082,  0.010,  0.039
 72420,  0.737,  0.035,  0.722,  0.092,  0.053,  0.057
 72480,  0.704,  0.039,  0.813,  0.103,  0.049,  0.080
 72540,  0.743,  0.039,  0.631,  0.071,  0.073,  0.087
 72600,  0.180, -0.028,  0.689,  0.053, -0.019,  0.001
 72660,  0.256, -0.030,  0.776,  0.047, -0.019,  0.055
 72720,  0.697,  0.015,  0.743,  0.051,  0.039,  0.041
 72780,  0.865,  0.089,  0.724,  0.084,  0.071,  0.063
 72840,  0.702,  0.046,  0.661,  0.100,  0.088,  0.104
 72900,  0.715,  0.116,  0.731,  0.091,  0.116,  0.034
 72960,  0.358,  0.024,  0.652,  0.064,  0.029,  0.049
 73020,  0.423,  0.079,  0.761,  0.089,  0.069,  0.043
 73080,  0.433,  0.065,  0.814,  0.095,  0.066,  0.160
 73140,  0.666,  0.013,  0.868,  0.076,  0.076,  0.247
 73200,  0.721,  0.023,  0.831,  0.058,  0.099,  0.142
 73260,  0.672,  0.100,  0.891,  0.080,  0.071,  0.115
 73320,  0.741,  0.046,  0.726,  0.065,  0.094,  0.087
 73380,  0.744,  0.051,  0.640,  0.054,  0.109,  0.112
 73440,  0.677,  0.090,  0.813,  0.101,  0.122,  0.048
 73500,  0.710,  0.092,  0.743,  0.078,  0.136,  0.075
 73560,  0.538,  0.084,  0.689,  0.058,  0.116,  0.106
 73620,  0.649,  0.075,  0.849,  0.099,  0.057,  0.091
 73680,  0.670,  0.067,  0.773,  0.085,  0.106,  0.131
 73740,  0.736,  0.124,  0.889,  0.101,  0.119,  0.090
 73800,  0.737,  0.118,  0.754,  0.068,  0.123,  0.075
 73860,  0.652,  0.175,  0.740,  0.084,  0.135,  0.129
 73920,  0.612,  0.074,  0.849,  0.070,  0.115,  0.071
 73980,  0.528,  0.134,  0.800,  0.110,  0.125,  0.058
 74040,  0.627,  0.111,  0.768,  0.068,  0.129,  0.075
 74100,  0.644,  0.159,  0.701,  0.082,  0.139,  0.138
 74160,  0.517,  0.089,  0.680,  0.048,  0.102,  0.105
 74220,  0.401,  0.080,  0.796,  0.071,  0.161,  0.117
 74280,  0.800,  0.064,  0.641,  0.078,  0.170,  0.060
 74340,  0.601,  0.094,  0.520,  0.070,  0.098,  0.074
 74400,  0.530,  0.141,  0.666,  0.105,  0.090,  0.072
 74460,  0.601,  0.100,  0.612,  0.121,  0.166,  0.110
 74520,  0.582,  0.116,  0.596,  0.094,  0.155,  0.071
 74580,  0.152,  0.044,  0.622,  0.107,  0.030,  0.011
 74640,  0.704,  0.024,  0.909,  0.108,  0.153,  0.035
 74700,  0.572,  0.058,  0.838,  0.071,  0.139,  0.077
 74760,  0.689,  0.112,  0.809,  0.114,  0.148,  0.082
 74820,  0.708,  0.116,  0.920,  0.223,  0.129,  0.046
 74880,  0.563,  0.035,  0.948,  0.105,  0.157,  0.081
 74940,  0.620,  0.083,  0.736,  0.101,  0.131,  0.030
 75000,  0.603,  0.136,  0.816,  0.076,  0.134,  0.071
 75060,  0.471,  0.056,  1.098,  0.185,  0.107,  0.027
 75120,  0.586,  0.094,  1.284,  0.220,  0.121,  0.065
 75180,  0.549,  0.062,  0.722,  0.115,  0.157,  0.041
 75240,  0.548,  0.029,  0.688,  0.092,  0.159,  0.025
 75300,  0.655,  0.068,  0.831,  0.129,  0.127,  0.010
 75360,  0.429,  0.042,  0.928,  0.106,  0.085,  0.022
 75420,  0.574,  0.059,  0.792,  0.112,  0.114,  0.036
 75480,  0.413,  0.059,  0.705,  0.101,  0.088,  0.032
 75540,  0.651,  0.090,  0.721,  0.086,  0.090,  0.076
 75600,  0.684,  0.205,  0.778,  0.068,  0.156,  0.041
 75660,  0.621,  0.182,  0.731,  0.088,  0.171,  0.044
 75720,  0.341,  0.046,  0.644,  0.075,  0.124,  0.053
 75780,  0.363,  0.017,  0.782,  0.048,  0.002,  0.117
 75840,  1.294, -0.027,  0.506,  0.106,  0.067,  0.115
 75900,  0.272,  0.042,  0.584,  0.075,  0.081,  0.011
 75960,  0.501,  0.019,  0.537,  0.087,  0.107,  0.025
 76020,  0.597,  0.046,  0.774,  0.073,  0.124,  0.034
 76080,  0.521,  0.102,  0.765,  0.125,  0.150,  0.023
 76140,  0.692,  0.047,  0.762,  0.086,  0.148,  0.023
 76200,  0.639,  0.103,  0.818,  0.084,  0.180,  0.080
 76260,  0.491,  0.117,  0.677,  0.112,  0.146,  0.051
 76320,  0.470, -0.025,  0.736,  0.094,  0.153,  0.055
 76380,  0.437,  0.006,  0.690,  0.091,  0.104, -0.025
 76440,  0.536,  0.025,  0.825,  0.075,  0.096,  0.060
 76500,  0.561,  0.016,  0.778,  0.099,  0.104,  0.021
 76560,  0.804, -0.015,  0.921,  0.146,  0.287,  0.044
 76620,  0.184, -0.011,  0.434,  0.041,  0.032, -0.035
 76680,  0.168,  0.021,  0.393,  0.047, -0.008, -0.023
 76740,  0.328, -0.018,  0.512,  0.074,  0.068, -0.009
 76800,  0.361,  0.043,  0.595,  0.072,  0.063, -0.021
 76860,  0.589,  0.013,  0.687,  0.092,  0.065,  0.037
 76920,  0.473,  0.068,  0.766,  0.099,  0.145,  0.050
 76980,  0.563, -0.031,  0.727,  0.098,  0.101,  0.074
 77040,  0.505,  0.057,  0.805,  0.082,  0.109,  0.021
 77100,  0.481,  0.024,  0.728,  0.081,  0.098,  0.034
 77160,  0.384, -0.002,  0.820,  0.078,  0.098,  0.061
 77220,  0.297, -0.040,  0.603,  0.061,  0.060,  0.040
 77280,  0.211, -0.017,  0.720,  0.065,  0.034, -0.020
 77340, -0.108, -0.057,  0.591,  0.076, -0.018, -0.054
 77400,  0.197, -0.005,  0.712,  0.066,  0.046, -0.009
 77460,  0.522,  0.004,  0.800,  0.083,  0.108,  0.025
 77520, -0.082, -0.079,  0.638,  0.036,  0.009,  0.004
 77580,  0.341, -0.027,  0.747,  0.096,  0.127,  0.025
 77640,  0.394, -0.092,  0.728,  0.200,  0.010,  0.201
 77700,  0.536, -0.097,  0.676,  0.062,  0.048,  0.071
 77760,  0.473, -0.009,  0.783,  0.070,  0.053,  0.140
 77820,  0.578, -0.028,  0.727,  0.090,  0.073,  0.087
 77880,  0.460, -0.032,  0.672,  0.073,  0.057,  0.009
 77940,  0.502,  0.069,  0.744,  0.085,  0.067,  0.074
 78000,  0.476,  0.031,  0.773,  0.101,  0.078,  0.028
 78060,  0.543,  0.005,  0.880,  0.056,  0.111,  0.017
 78120,  0.634,  0.013,  0.953,  0.097,  0.063,  0.038
 78180,  0.459,  0.008,  0.812,  0.062,  0.090,  0.051
 78240,  0.615, -0.005,  0.952,  0.076,  0.106,  0.090
 78300,  0.515,  0.041,  0.979,  0.090,  0.074,  0.020
 78360,  0.588,  0.190,  0.830,  0.078,  0.079,  0.052
 78420,  0.665,  0.015,  0.784,  0.084,  0.070,  0.034
 78480,  0.555,  0.081,  0.784,  0.087,  0.133,  0.052
 78540,  0.658, -0.025,  0.869,  0.057,  0.102, -0.002
 78600,  0.547, -0.006,  0.769,  0.131,  0.082,  0.025
 78660,  0.015, -0.042,  0.703,  0.060,  0.023, -0.060
 78720,  0.171, -0.025,  0.731,  0.036,  0.019, -0.029
