CampaignData_and_Merges/R0/CSL_MobileLab_Parked/raw/20240815/USOS-Picarro-CO2-CH4-CO-H2O_MobileLabGround_20240815_R0.ict
38, 1001
Ilana Pollack, Nell Schafer, and Jeff Peischl
NOAA Chemical Sciences Laboratory
Picarro 2401-m CO2/CH4/CO/H2O Analyzer
USOS
1, 1
2024, 08, 15, 2024, 11, 20
0
StartTime_UTC, seconds_past_midnight, seconds past midnight
5
1, 1, 1, 1, 1
-9999, -9999, -9999, -9999, -9999
StopTime_UTC, seconds_past_midnight, seconds past midnight
CO2_ppm_1min, ppm, Gas_CO2_InSitu_S_DMF, carbon dioxide mixing ratio
CH4_ppb_1min, ppb, Gas_CH4_InSitu_S_DMF, methane mixing ratio
CO_ppb_1min, ppb, Gas_CO_InSitu_S_DMF, carbon monoxide mixing ratio
H2O_ppmv_1min, ppmv, Met_H2OMRV_InSitu_S_AVMR, water vapor mixing ratio
1
SPECIAL COMMENTS: N/A
18
PI_CONTACT_INFO: Address: NOAA Chemical Sciences Laboratory, Mail Stop CSL7, 325 Broadway, Boulder, CO 80305; Email: Ilana.Pollack@noaa.gov
PLATFORM: NOAA CSL Mobile Laboratory
LOCATION: The mobile lab was stationed in Salt Lake City, Utah.
ASSOCIATED_DATA: N/A
INSTRUMENT_INFO: CO2, CH4, and CO are reported as dry air mole fractions using a commercial wavelength-scanned cavity ring-down analyzer (Picarro 2401-m). An in-field calibration gas standard of 432±0.07 ppm CO2, 2095±1 ppb CH4, and 183±1 ppb CO, calibrated in the Boulder laboratories before and after the field project using primary CO2, CH4, and CO standard tanks tied to the WMO standard (X2019, X2004A, and X2014A, respectively) from the Global Monitoring Laboratory (GML), was delivered to the inlet every 2-3 days to evaluate instrument sensitivity. A H2O measurement was calibrated before the project with a Dew Point Mirror 373 hygrometer. The water correction calculated from these calibrations was applied to the H2O measurement for the entire campaign. Species are measured at 0.5 Hz and reported as 1-minute averages for stationary measurements.
DATA_INFO: Units: CO2, ppm, dry air mole fraction; CH4, ppb, dry air mole fraction; CO, ppb, dry air mole fraction; H2O, ppmv
UNCERTAINTY: Total uncertainties are estimated as ±0.1 ppm for CO2, ±1 ppb for CH4, ±5 ppb for CO, and ±(50 ppm + 4%) for H2O.
ULOD_FLAG: -7777
ULOD_VALUE: N/A
LLOD_FLAG: -8888
LLOD_VALUE: N/A
DM_CONTACT_INFO: Data Manager: Nathan Howard; nathan.h.howard@noaa.gov
PROJECT_INFO: USOS Dates of Study: July – August 2024
STIPULATIONS_ON_USE: Use of these data require prior ok from PI.
OTHER_COMMENTS: Data are averaged to 1 minute intervals. Stationary data collected from a 10 ft tower on top of the mobile van.
REVISION: R0
R0: Final Data
StartTime_UTC, StopTime_UTC, CO2_ppm_1min, CH4_ppb_1min, CO_ppb_1min, H2O_ppmv_1min
[from data line 387]
23220,23280,432.27,1955.5,114.1,11300.9619
23280,23340,434.93,1958.1,128.1,11438.4004
23340,23400,436.91,1960.0,142.1,11539.2637
23400,23460,433.99,1957.6,128.7,11407.8857
23460,23520,435.19,1958.3,147.5,11486.4492
23520,23580,435.87,1958.1,136.5,11558.8809
23580,23640,436.35,1961.2,134.0,11565.6143
23640,23700,434.46,1957.9,124.4,11465.3672
23700,23760,433.28,1956.3,116.8,11488.6592
23760,23820,433.12,1956.4,123.2,11400.6299
23820,23880,429.99,1953.2,111.5,10987.7637
23880,23940,431.25,1955.9,115.7,11070.4414
23940,24000,433.41,1959.3,123.8,11249.7285
24000,24060,435.66,1964.3,125.1,11495.8418
24060,24120,437.66,1964.2,126.9,11745.8809
24120,24180,436.12,1962.6,126.4,11563.4521
24180,24240,432.79,1958.1,118.3,11156.5732
24240,24300,434.42,1960.9,122.8,11290.3408
24300,24360,439.29,1966.8,137.0,11836.1289
24360,24420,438.86,1966.5,131.3,11753.4248
24420,24480,435.02,1959.4,126.0,11465.4727
24480,24540,433.72,1957.2,122.0,11508.1074
24540,24600,434.22,1959.3,116.5,11461.8105
24600,24660,433.85,1959.2,114.7,11492.3486
24660,24720,432.84,1956.7,113.5,11398.0811
24720,24780,431.09,1954.1,111.1,10982.3008
24780,24840,442.50,1970.0,151.2,11963.8916
24840,24900,434.24,1958.8,116.3,11565.8691
24900,24960,433.80,1958.3,111.6,11489.8203
24960,25020,435.76,1957.8,114.0,11763.6855
25020,25080,434.29,1955.6,110.3,11684.1758
25080,25140,433.58,1955.8,110.2,11632.2803
25140,25200,432.53,1955.1,127.9,11454.1924
25200,25260,432.37,1955.0,115.1,11459.7607
25260,25320,433.05,1955.3,112.2,11596.6475
25320,25380,433.40,1955.2,110.3,11633.6074
25380,25440,433.00,1955.0,107.9,11572.3984
25440,25500,432.92,1955.1,108.2,11603.8730
25500,25560,432.80,1954.2,109.5,11557.5371
25560,25620,433.10,1954.2,109.6,11562.6650
25620,25680,433.18,1954.5,111.2,11507.8984
25680,25740,433.38,1954.6,109.1,11528.4961
25740,25800,434.05,1955.0,110.8,11655.1660
25800,25860,433.25,1954.6,109.7,11482.4912
25860,25920,433.58,1954.8,110.1,11554.6504
25920,25980,433.98,1955.1,109.5,11594.2207
25980,26040,433.69,1955.3,109.9,11551.5225
26040,26100,433.86,1955.8,109.1,11541.4766
26100,26160,433.85,1955.9,112.4,11540.3965
26160,26220,434.40,1956.3,109.9,11661.5518
26220,26280,433.99,1956.7,110.2,11586.4971
26280,26340,434.60,1956.8,110.6,11728.7041
26340,26400,433.96,1956.7,111.0,11607.6406
26400,26460,434.75,1957.1,111.0,11749.7109
26460,26520,434.11,1957.1,110.8,11550.5469
26520,26580,434.34,1957.5,108.7,11606.8613
26580,26640,433.90,1957.5,112.0,11546.7158
26640,26700,434.08,1957.2,108.6,11628.4521
26700,26760,434.18,1957.5,108.0,11665.3682
26760,26820,434.31,1957.9,110.5,11673.3379
26820,26880,434.77,1958.4,109.4,11773.4893
26880,26940,434.77,1958.3,110.1,11752.8867
26940,27000,434.95,1958.8,113.2,11709.2373
27000,27060,434.61,1958.4,109.2,11671.1484
27060,27120,434.73,1958.1,109.2,11689.3857
27120,27180,434.89,1958.6,111.3,11720.6201
27180,27240,434.96,1958.8,110.2,11749.7500
27240,27300,435.37,1959.0,110.4,11846.2598
27300,27360,434.73,1958.7,109.1,11748.1865
27360,27420,434.42,1958.3,110.3,11688.3008
27420,27480,434.75,1958.9,107.3,11729.1836
27480,27540,434.87,1959.0,108.7,11714.9883
27540,27600,434.93,1958.9,110.5,11721.2295
27600,27660,435.02,1959.0,111.9,11734.3428
27660,27720,434.68,1958.7,110.1,11652.5078
27720,27780,434.92,1958.8,108.9,11753.1328
27780,27840,435.19,1959.0,107.9,11794.3105
27840,27900,435.37,1959.3,109.9,11829.1914
27900,27960,435.59,1959.2,109.2,11896.3750
27960,28020,435.47,1959.2,110.1,11851.5029
28020,28080,435.29,1959.0,110.5,11793.1719
28080,28140,435.65,1959.3,110.6,11846.9219
28140,28200,435.63,1959.6,110.0,11837.2051
28200,28260,435.79,1959.8,110.9,11841.6641
28260,28320,435.53,1959.8,109.6,11814.5537
28320,28380,435.39,1959.4,109.9,11762.7109
28380,28440,435.76,1959.9,110.2,11832.8936
28440,28500,436.19,1960.0,108.9,11901.8984
28500,28560,436.05,1960.2,109.3,11856.3916
28560,28620,436.40,1960.2,109.4,11916.0498
28620,28680,436.36,1960.2,109.0,11916.2764
28680,28740,436.40,1960.8,108.7,11936.9287
28740,28800,436.08,1960.4,110.3,11789.3877
28800,28860,435.50,1960.2,110.0,11682.3105
28860,28920,436.38,1960.9,108.3,11897.8252
28920,28980,436.49,1961.2,109.8,11891.5781
28980,29040,435.99,1960.7,107.0,11732.5908
29040,29100,436.43,1960.8,109.5,11821.5293
29100,29160,436.54,1960.5,109.5,11841.8594
29160,29220,436.50,1960.5,109.6,11839.4648
29220,29280,436.78,1961.4,109.6,11874.5127
29280,29340,436.59,1962.4,110.0,11868.6768
29340,29400,436.50,1961.7,109.4,11901.2637
29400,29460,436.84,1962.3,108.6,12029.1709
29460,29520,436.25,1961.8,110.7,11847.2754
29520,29580,435.84,1961.5,107.3,11788.8975
29580,29640,436.29,1961.7,108.6,11883.7949
29640,29700,436.71,1962.0,109.6,11937.6543
29700,29760,436.47,1961.9,107.8,11835.8516
29760,29820,435.89,1961.9,109.3,11766.6191
29820,29880,436.14,1962.2,111.8,11855.8672
29880,29940,436.44,1962.8,107.2,12025.8359
29940,30000,436.55,1962.9,108.6,12020.2754
30000,30060,436.60,1963.2,107.6,12047.0273
30060,30120,437.14,1963.6,109.3,12093.7764
30120,30180,437.58,1963.9,110.1,12201.2227
30180,30240,437.25,1964.2,110.2,12170.8906
30240,30300,436.56,1964.3,110.7,12054.0840
30300,30360,437.40,1964.8,110.8,12194.6650
30360,30420,436.49,1964.3,106.9,12107.0771
30420,30480,436.89,1964.3,109.1,12138.9150
30480,30540,436.95,1964.7,109.0,12125.5410
30540,30600,436.62,1964.5,109.1,12143.1064
30600,30660,436.53,1964.8,109.3,12097.2451
30660,30720,436.78,1964.9,110.3,12141.2383
30720,30780,436.50,1964.9,109.5,12116.7822
30780,30840,436.76,1965.0,109.7,12177.3496
30840,30900,436.90,1965.5,109.2,12235.3115
30900,30960,437.23,1965.4,109.9,12291.0742
30960,31020,437.06,1965.7,108.1,12224.7012
31020,31080,436.40,1965.1,109.8,12089.4678
31080,31140,437.21,1965.6,110.1,12204.1836
31140,31200,435.79,1964.6,110.2,12058.9805
31200,31260,435.83,1965.0,109.8,12122.6582
31260,31320,436.24,1964.9,109.6,12182.0322
31320,31380,436.40,1965.3,110.0,12191.8926
31380,31440,436.47,1965.6,110.8,12216.6689
31440,31500,436.51,1965.9,109.9,12241.9365
31500,31560,436.04,1965.7,110.0,12173.3779
31560,31620,435.71,1965.7,108.5,12211.6113
31620,31680,435.86,1965.8,109.3,12243.8252
31680,31740,436.56,1966.4,108.4,12362.5684
31740,31800,436.36,1966.2,108.3,12284.7461
31800,31860,436.19,1965.8,110.3,12251.8027
31860,31920,436.05,1966.0,110.4,12216.2822
31920,31980,436.51,1966.0,109.0,12281.7832
31980,32040,435.86,1965.3,110.1,12146.8330
32040,32100,436.26,1965.9,111.6,12192.6943
32100,32160,435.63,1965.5,111.0,12111.0234
32160,32220,435.85,1966.3,108.4,12186.1357
32220,32280,435.26,1965.2,110.0,12083.8467
32280,32340,435.64,1965.9,109.8,12147.7285
32340,32400,435.84,1966.4,109.7,12215.3242
32400,32460,435.32,1965.6,110.0,12118.3477
32460,32520,435.98,1965.6,109.8,12308.2432
32520,32580,435.28,1965.9,113.4,12205.8174
32580,32640,435.67,1966.1,116.9,12284.2813
32640,32700,434.67,1966.1,109.1,12213.0586
32700,32760,434.92,1966.5,108.6,12301.5586
32760,32820,435.04,1966.4,108.7,12341.2090
32820,32880,435.05,1966.6,108.5,12404.1416
32880,32940,434.46,1966.2,107.6,12299.3291
32940,33000,434.82,1966.5,107.5,12361.9932
33000,33060,434.79,1966.7,108.4,12341.3428
33060,33120,434.68,1966.3,107.5,12344.5195
33120,33180,434.77,1966.4,108.1,12329.4629
33180,33240,434.39,1965.9,109.1,12240.1895
33240,33300,434.84,1966.4,107.8,12345.9746
33300,33360,434.96,1966.8,109.1,12392.5879
33360,33420,434.73,1966.9,108.5,12377.1455
33420,33480,434.53,1966.8,107.9,12328.7217
33480,33540,434.15,1966.2,108.8,12266.2363
33540,33600,434.35,1966.2,107.0,12307.5010
33600,33660,434.29,1966.3,108.4,12330.0713
33660,33720,434.30,1966.2,106.5,12336.6836
33720,33780,434.71,1966.4,109.8,12404.9248
33780,33840,434.49,1966.7,107.4,12431.9443
33840,33900,433.81,1966.1,108.8,12287.4414
33900,33960,434.45,1966.3,108.1,12400.9932
33960,34020,434.34,1966.4,107.6,12362.5996
34020,34080,434.43,1966.7,107.6,12352.1240
34080,34140,434.57,1967.4,108.8,12386.4033
34140,34200,434.38,1967.0,113.7,12388.5703
34200,34260,434.35,1967.2,109.1,12402.4072
34260,34320,434.49,1967.0,107.9,12405.0684
34320,34380,435.01,1967.1,109.1,12447.1367
34380,34440,434.28,1966.5,107.2,12342.1250
34440,34500,434.54,1966.6,105.4,12388.4580
34500,34560,434.14,1966.6,107.1,12378.0449
34560,34620,434.17,1966.9,107.1,12400.3164
34620,34680,434.70,1967.0,106.4,12483.2373
34680,34740,434.36,1967.1,107.0,12456.6719
34740,34800,434.47,1967.0,106.5,12496.6582
34800,34860,434.51,1967.3,106.5,12479.5615
34860,34920,434.77,1967.5,106.8,12527.6260
34920,34980,434.79,1967.2,107.5,12529.4092
34980,35040,434.46,1967.2,108.2,12468.1152
35040,35100,434.42,1967.0,108.7,12474.9688
35100,35160,434.65,1967.5,106.7,12493.0547
35160,35220,434.50,1967.2,113.5,12498.1299
35220,35280,434.49,1967.0,108.4,12518.8564
35280,35340,434.20,1966.8,107.0,12477.9678
35340,35400,434.18,1966.8,105.7,12480.7842
35400,35460,434.15,1966.3,108.5,12400.5488
35460,35520,434.58,1966.8,107.3,12536.4268
35520,35580,434.57,1967.4,105.8,12544.9268
35580,35640,434.18,1966.6,107.1,12486.8008
35640,35700,434.52,1966.9,107.9,12519.3516
35700,35760,434.69,1967.2,106.6,12510.0684
35760,35820,434.62,1966.6,127.4,12462.2842
35820,35880,434.51,1966.5,122.5,12449.7246
35880,35940,434.02,1966.3,110.4,12401.9639
35940,36000,434.19,1966.2,107.2,12419.1240
36000,36060,434.25,1966.4,105.9,12403.1738
36060,36120,434.52,1966.0,107.6,12393.9326
36120,36180,434.25,1965.7,105.3,12391.2881
36180,36240,434.15,1965.7,107.3,12401.8848
36240,36300,434.00,1965.9,106.8,12407.9111
36300,36360,434.27,1966.5,105.6,12444.7412
36360,36420,434.19,1967.1,107.4,12435.3818
36420,36480,434.44,1968.2,108.0,12414.5986
36480,36540,434.35,1967.9,105.8,12402.0566
36540,36600,434.83,1968.1,107.0,12440.3252
36600,36660,434.60,1967.4,107.0,12383.7363
36660,36720,434.56,1966.8,106.6,12314.6016
36720,36780,434.74,1966.6,108.3,12265.5732
36780,36840,433.83,1965.5,107.8,12174.0449
36840,36900,433.78,1965.8,107.3,12194.4717
36900,36960,433.64,1965.6,106.9,12234.9482
36960,37020,433.52,1965.0,106.9,12207.3311
37020,37080,433.17,1965.2,107.4,12091.4990
37080,37140,433.32,1965.1,108.0,12262.6104
37140,37200,433.23,1964.7,106.9,12292.2285
37200,37260,433.44,1965.1,106.4,12293.5527
37260,37320,433.83,1965.5,108.3,12273.0928
37320,37380,433.54,1965.2,106.6,12283.2158
37380,37440,433.23,1965.4,112.7,12262.8848
37440,37500,434.86,1966.5,123.5,12461.6992
37500,37560,433.50,1965.3,108.8,12397.0645
37560,37620,434.06,1965.9,108.6,12475.6631
37620,37680,433.42,1965.7,106.0,12454.5967
37680,37740,433.39,1965.3,105.6,12477.3154
37740,37800,433.16,1965.1,107.8,12401.0039
37800,37860,433.75,1966.7,107.8,12474.8027
37860,37920,434.68,1967.6,108.5,12536.8799
37920,37980,434.56,1967.9,107.0,12552.3955
37980,38040,433.57,1967.2,105.5,12471.5264
38040,38100,433.57,1966.8,106.1,12442.9346
38100,38160,433.73,1966.1,105.2,12426.1641
38160,38220,434.40,1966.8,106.8,12498.5137
38220,38280,434.20,1966.6,106.9,12460.7314
38280,38340,434.36,1966.4,105.4,12450.8584
38340,38400,433.48,1965.2,104.8,12456.9961
38400,38460,433.73,1965.3,105.5,12436.5869
38460,38520,433.74,1965.3,107.0,12414.2627
38520,38580,433.63,1966.6,104.0,12405.7158
38580,38640,433.81,1966.7,105.4,12447.1875
38640,38700,433.57,1966.8,106.5,12410.7939
38700,38760,433.60,1966.0,105.3,12416.7090
38760,38820,434.32,1966.4,107.1,12467.5293
38820,38880,434.31,1965.9,106.8,12464.9922
38880,38940,434.25,1965.8,105.9,12500.3574
38940,39000,434.10,1965.6,105.6,12459.4570
39000,39060,434.78,1966.7,106.7,12531.0078
39060,39120,434.82,1966.2,107.8,12498.5146
39120,39180,434.12,1966.0,107.0,12457.2842
39180,39240,435.01,1967.1,110.1,12522.3584
39240,39300,434.29,1966.3,107.0,12440.7656
39300,39360,434.54,1965.8,107.6,12425.9893
39360,39420,433.96,1964.9,106.0,12334.4561
39420,39480,433.90,1964.6,105.9,12287.5586
39480,39540,434.11,1964.9,107.0,12356.2627
39540,39600,433.93,1964.9,105.5,12382.1357
39600,39660,433.68,1964.5,105.8,12382.2070
39660,39720,435.02,1966.8,105.9,12555.9414
39720,39780,435.27,1966.3,107.0,12590.0293
39780,39840,434.44,1964.8,105.1,12514.5088
39840,39900,434.28,1965.1,106.0,12553.2529
39900,39960,434.62,1965.2,106.5,12620.2891
39960,40020,434.21,1965.2,105.9,12533.2129
40020,40080,434.53,1965.1,105.2,12498.5195
40080,40140,433.69,1964.0,107.2,12278.8887
40140,40200,433.60,1963.1,105.1,12218.9170
40200,40260,434.37,1964.8,109.6,12396.0186
40260,40320,434.23,1965.6,108.2,12459.3682
40320,40380,434.81,1965.2,107.8,12492.6396
40380,40440,434.38,1964.7,108.8,12448.2578
40440,40500,435.19,1965.1,109.5,12513.2422
40500,40560,435.06,1965.3,112.3,12436.2842
40560,40620,435.22,1964.9,109.8,12453.8623
40620,40680,434.96,1964.6,108.9,12464.4600
40680,40740,434.99,1965.0,108.8,12462.3564
40740,40800,436.04,1966.8,109.8,12511.0107
40800,40860,-9999,-9999,-9999,-9999
40860,40920,-9999,-9999,-9999,-9999
40920,40980,-9999,-9999,-9999,-9999
40980,41040,-9999,-9999,-9999,-9999
41040,41100,-9999,-9999,-9999,-9999
41100,41160,-9999,-9999,-9999,-9999
41160,41220,-9999,-9999,-9999,-9999
41220,41280,-9999,-9999,-9999,-9999
41280,41340,-9999,-9999,-9999,-9999
41340,41400,-9999,-9999,-9999,-9999
41400,41460,-9999,-9999,-9999,-9999
41460,41520,-9999,-9999,-9999,-9999
41520,41580,-9999,-9999,-9999,-9999
41580,41640,-9999,-9999,-9999,-9999
41640,41700,-9999,-9999,-9999,-9999
41700,41760,-9999,-9999,-9999,-9999
41760,41820,-9999,-9999,-9999,-9999
41820,41880,-9999,-9999,-9999,-9999
41880,41940,-9999,-9999,-9999,-9999
41940,42000,-9999,-9999,-9999,-9999
42000,42060,-9999,-9999,-9999,-9999
42060,42120,-9999,-9999,-9999,-9999
42120,42180,-9999,-9999,-9999,-9999
42180,42240,-9999,-9999,-9999,-9999
42240,42300,-9999,-9999,-9999,-9999
42300,42360,-9999,-9999,-9999,-9999
42360,42420,-9999,-9999,-9999,-9999
42420,42480,-9999,-9999,-9999,-9999
42480,42540,-9999,-9999,-9999,-9999
42540,42600,-9999,-9999,-9999,-9999
42600,42660,-9999,-9999,-9999,-9999
42660,42720,-9999,-9999,-9999,-9999
42720,42780,-9999,-9999,-9999,-9999
42780,42840,-9999,-9999,-9999,-9999
42840,42900,-9999,-9999,-9999,-9999
42900,42960,-9999,-9999,-9999,-9999
42960,43020,-9999,-9999,-9999,-9999
43020,43080,-9999,-9999,-9999,-9999
43080,43140,-9999,-9999,-9999,-9999
43140,43200,-9999,-9999,-9999,-9999
43200,43260,-9999,-9999,-9999,-9999
43260,43320,-9999,-9999,-9999,-9999
43320,43380,-9999,-9999,-9999,-9999
43380,43440,-9999,-9999,-9999,-9999
43440,43500,-9999,-9999,-9999,-9999
43500,43560,-9999,-9999,-9999,-9999
43560,43620,-9999,-9999,-9999,-9999
43620,43680,-9999,-9999,-9999,-9999
43680,43740,-9999,-9999,-9999,-9999
43740,43800,-9999,-9999,-9999,-9999
43800,43860,-9999,-9999,-9999,-9999
43860,43920,-9999,-9999,-9999,-9999
43920,43980,-9999,-9999,-9999,-9999
43980,44040,-9999,-9999,-9999,-9999
44040,44100,-9999,-9999,-9999,-9999
44100,44160,-9999,-9999,-9999,-9999
44160,44220,-9999,-9999,-9999,-9999
44220,44280,-9999,-9999,-9999,-9999
44280,44340,-9999,-9999,-9999,-9999
44340,44400,-9999,-9999,-9999,-9999
44400,44460,-9999,-9999,-9999,-9999
44460,44520,-9999,-9999,-9999,-9999
44520,44580,-9999,-9999,-9999,-9999
44580,44640,-9999,-9999,-9999,-9999
44640,44700,-9999,-9999,-9999,-9999
44700,44760,-9999,-9999,-9999,-9999
44760,44820,-9999,-9999,-9999,-9999
44820,44880,-9999,-9999,-9999,-9999
44880,44940,-9999,-9999,-9999,-9999
44940,45000,-9999,-9999,-9999,-9999
45000,45060,-9999,-9999,-9999,-9999
45060,45120,-9999,-9999,-9999,-9999
45120,45180,-9999,-9999,-9999,-9999
45180,45240,-9999,-9999,-9999,-9999
45240,45300,-9999,-9999,-9999,-9999
45300,45360,-9999,-9999,-9999,-9999
45360,45420,-9999,-9999,-9999,-9999
45420,45480,-9999,-9999,-9999,-9999
45480,45540,-9999,-9999,-9999,-9999
45540,45600,-9999,-9999,-9999,-9999
45600,45660,-9999,-9999,-9999,-9999
45660,45720,-9999,-9999,-9999,-9999
45720,45780,-9999,-9999,-9999,-9999
45780,45840,-9999,-9999,-9999,-9999
45840,45900,-9999,-9999,-9999,-9999
45900,45960,-9999,-9999,-9999,-9999
45960,46020,-9999,-9999,-9999,-9999
46020,46080,-9999,-9999,-9999,-9999
46080,46140,-9999,-9999,-9999,-9999
46140,46200,-9999,-9999,-9999,-9999
46200,46260,-9999,-9999,-9999,-9999
46260,46320,-9999,-9999,-9999,-9999
46320,46380,-9999,-9999,-9999,-9999
46380,46440,-9999,-9999,-9999,-9999
