CampaignData_and_Merges/R0/CSL_MobileLab_Parked/raw/20240815/USOS-HCHO_MobileLabGround_20240815_R0.ict
35,1001
Huang, Yaoxian
Wayne State University
Picarro G2307 on CSL Mobile Lab
USOS
1,1
2024,08,15,2025,03,31
1.0
Time_Start,seconds_since_midnight,number_of_seconds_since_0000_UTC
3
1.0,1.0,1.0
-9999.0,-9999.0,-9999.0
HCHO,ppbv,Gas_HCHO_InSitu_S_AVMR,volume mixing ratio of formaldehyde in air
H2O,ppmv,Gas_H2O_InSitu_S_AVMR,volume mixing ratio of water vapor in air
CH4,ppmv,Gas_CH4_InSitu_S_AVMR,volume mixing ratio of methane in air
0
18
PI_CONTACT_INFO: yaoxian.huang@wayne.edu
PLATFORM: CSL Mobile Lab, at Ground Site
LOCATION: Salt Lake City, UT
ASSOCIATED_DATA: N/A
INSTRUMENT_INFO: Cavity Ring-Down Spectrometer
DATA_INFO: Data is averaged to 1 minute intervals for stationary and 1 second interval for driving. Stationary data collected from a 20 ft tower on top of the mobile lab. On drive days, for parked data, anytime the mobile lab is driving, report as missing data in the parked files.
UNCERTAINTY: N/A
ULOD_FLAG: -7777
ULOD_VALUE: N/A
LLOD_FLAG: -8888
LLOD_VALUE: N/A
DM_CONTACT_INFO: Yaoxian Huang; yaoxian.huang@wayne.edu
PROJECT_INFO: USOS, Summer 2024. https://csl.noaa.gov/groups/csl7/measurements/2024usos/
STIPULATIONS_ON_USE: Users are strongly encouraged to contact the PI for proper data usage.
OTHER_COMMENTS: Data have been shifted backwards by 1 minute to align with USOS MetNav and Picarro GHG data.
REVISION: R0
R0: Final Data
Time_Start,HCHO,H2O,CH4
[from data line 1075]
64500,1.50313,8489.69,1.90712
64560,1.41078,8250.93,1.90466
64620,1.32257,8024.19,1.90727
64680,1.21538,7921.48,1.90433
64740,1.20602,8135.08,1.90538
64800,1.34596,8196.76,1.9098
64860,1.56287,8634.52,1.90678
64920,1.39617,8184.52,1.90701
64980,1.44428,8034.84,1.90536
65040,1.22721,7951.2,1.90594
65100,1.29656,7900.41,1.90786
65160,1.16119,7977.63,1.90607
65220,1.15854,7833.65,1.90856
65280,1.43733,7925.0,1.90926
65340,1.36378,8202.28,1.90627
65400,1.3019,8139.82,1.90731
65460,1.47091,8092.35,1.91194
65520,1.61178,8620.25,1.91208
65580,1.45504,8322.06,1.90705
65640,1.33569,8123.7,1.9076
65700,1.26266,8076.41,1.9071
65760,1.56003,8058.2,1.90786
65820,1.32384,8360.63,1.90765
65880,1.50675,8774.13,1.90753
65940,1.51935,8277.97,1.91144
66000,1.444,8637.4,1.90992
66060,1.55722,8974.54,1.90691
66120,1.64537,8671.79,1.91033
66180,1.54238,8533.86,1.90755
66240,1.6004,8370.77,1.90816
66300,1.48796,8581.34,1.90739
66360,1.64577,8451.45,1.91032
66420,1.62962,8640.36,1.91233
66480,1.76087,8767.21,1.91101
66540,1.78161,8910.18,1.90878
66600,1.67309,8667.39,1.91019
66660,1.70657,8545.19,1.90554
66720,1.5375,8570.98,1.90754
66780,1.85603,8422.84,1.90864
66840,1.62798,8336.41,1.90823
66900,1.47414,8358.0,1.91919
66960,1.69426,8379.3,1.91002
67020,1.5678,8423.79,1.90917
67080,1.54695,8390.92,1.90667
67140,1.73448,8424.57,1.90999
67200,1.72698,8676.98,1.91517
67260,1.71592,8928.18,1.91155
67320,1.67434,8491.17,1.91149
67380,1.73804,8376.86,1.92753
67440,1.57865,8695.96,1.91223
67500,1.72583,8429.26,1.91692
67560,1.62997,8570.47,1.91645
67620,1.70935,8759.51,1.91986
67680,1.99474,8766.23,1.9195
67740,1.69877,8551.8,1.91784
67800,1.46657,8284.84,1.91629
67860,1.72055,8377.82,1.91059
67920,1.81565,8389.44,1.90996
67980,1.64879,8631.47,1.91051
68040,1.68963,8797.8,1.90868
68100,1.88407,8742.18,1.91138
68160,1.89314,8928.4,1.90893
68220,1.9373,8724.94,1.90877
68280,1.90136,8841.21,1.90868
68340,1.66163,8598.04,1.90765
68400,1.8216,8594.57,1.91036
68460,1.8652,8686.26,1.91204
68520,1.71643,8687.12,1.91093
68580,1.76555,8679.27,1.90979
68640,1.85469,8996.35,1.90876
68700,1.76216,8632.87,1.91003
68760,1.809,8719.82,1.91061
68820,1.81438,8516.89,1.91123
68880,1.76254,8681.03,1.90948
68940,1.72388,8658.45,1.91009
69000,1.74763,8729.8,1.90742
69060,2.00668,8819.89,1.91097
69120,1.76599,8555.35,1.91118
69180,1.70189,8555.85,1.90978
69240,1.59095,8300.62,1.91205
69300,1.55744,8263.66,1.90945
69360,1.65107,8449.3,1.90923
69420,1.73714,8504.86,1.91057
69480,1.78357,8737.47,1.90962
69540,1.72112,8784.99,1.91054
69600,1.81516,8939.45,1.90883
69660,1.52256,8715.58,1.90942
69720,1.81546,8978.83,1.91106
69780,1.89134,8838.81,1.91115
69840,1.75833,8731.39,1.91055
69900,1.94033,8857.97,1.91222
69960,1.75507,8773.41,1.91118
70020,1.77488,8843.47,1.9137
70080,1.82789,8688.55,1.91126
70140,1.94117,8553.5,1.91157
70200,1.7059,8608.17,1.91204
70260,1.96904,8777.77,1.90917
70320,2.04532,9189.63,1.91335
70380,2.03575,9108.8,1.91165
70440,2.02802,9241.46,1.90929
70500,1.85545,9175.73,1.91213
70560,1.82321,8627.74,1.91005
70620,1.97891,8860.03,1.91188
70680,1.7554,9046.62,1.91097
70740,1.71542,8763.63,1.91371
70800,1.84708,8854.4,1.90982
70860,1.76161,9019.53,1.90822
70920,1.68524,9171.05,1.91131
70980,2.05398,9174.58,1.90981
71040,2.03361,8995.52,1.91187
71100,1.95761,8699.64,1.91058
71160,1.91504,8993.96,1.90955
71220,1.99333,8733.97,1.91152
71280,1.91497,8797.57,1.91162
71340,2.00746,9002.25,1.91233
71400,1.73176,8553.94,1.91061
71460,1.96626,8626.69,1.91089
71520,1.976,9007.56,1.91225
71580,1.98925,9185.05,1.91194
71640,2.04996,8791.73,1.90878
71700,1.82491,8594.41,1.91025
71760,1.78126,8549.1,1.91255
71820,1.37998,8350.61,1.91159
71880,1.81286,8604.8,1.91163
71940,1.81445,9051.76,1.92503
72000,1.82726,9010.93,1.92014
72060,1.76191,8568.78,1.91203
72120,1.80054,8574.59,1.91342
72180,1.70001,8784.62,1.91141
72240,1.67728,8549.87,1.91186
72300,1.71905,8507.79,1.91067
72360,1.73508,8948.6,1.90938
72420,1.62289,8780.13,1.91221
72480,1.78082,8756.88,1.91088
72540,1.77868,9180.23,1.9097
72600,1.58368,8747.24,1.91313
72660,1.79547,8720.73,1.91039
72720,1.70036,8642.2,1.91212
72780,1.68186,8620.18,1.91201
72840,1.48356,8819.17,1.91174
72900,2.03923,9069.66,1.91164
72960,1.71255,9046.25,1.91118
73020,1.80977,8769.01,1.91173
73080,1.56329,9204.0,1.90818
73140,1.68542,8715.3,1.91181
73200,1.6413,8731.38,1.911
73260,1.67541,8678.71,1.91308
73320,1.82926,8902.33,1.91163
73380,1.93773,8990.21,1.91042
73440,1.57667,8734.82,1.90953
73500,1.52578,9029.94,1.90747
73560,1.42963,8515.08,1.90929
73620,1.37139,8269.44,1.91225
73680,1.54258,8272.18,1.91167
73740,1.3696,8111.98,1.91021
73800,1.5282,8823.25,1.91082
73860,1.46236,8566.89,1.90828
73920,1.53977,8912.47,1.90724
73980,1.45319,9080.18,1.90845
74040,1.98028,9239.5,1.90901
74100,1.52097,8408.42,1.90937
74160,1.53939,8393.99,1.90967
74220,1.98757,9843.76,1.90811
74280,1.74791,8577.23,1.90969
74340,1.64211,8504.91,1.90956
74400,1.76948,8945.54,1.90945
74460,2.05264,9423.06,1.90628
74520,1.78859,9104.32,1.90863
74580,1.77547,9364.43,1.90962
74640,1.43819,8125.22,1.90952
74700,1.66824,8088.27,1.90584
74760,1.59329,8301.03,1.90811
74820,1.65719,8673.07,1.9106
74880,1.83627,8794.45,1.9075
74940,2.00969,9095.44,1.90777
75000,1.83841,8674.83,1.90862
75060,1.65562,8504.95,1.90907
75120,1.39977,8109.38,1.90975
75180,1.32612,8156.45,1.90606
75240,1.32313,7941.45,1.90858
75300,1.38518,8054.08,1.90868
75360,1.36101,8176.48,1.90617
75420,1.55533,8268.29,1.90708
75480,1.46748,8318.86,1.90711
75540,1.49308,8232.3,1.90646
75600,1.51389,8845.46,1.90847
75660,1.601,8490.42,1.90701
75720,1.62848,8954.49,1.90795
75780,1.62816,8855.17,1.90676
75840,1.63125,9017.18,1.90699
75900,1.78838,8575.27,1.90569
75960,1.83241,8523.31,1.90565
76020,1.72361,8913.86,1.90671
76080,1.72941,8725.6,1.90826
76140,1.72544,8912.36,1.90565
76200,1.68011,8889.06,1.90647
76260,1.72275,8698.09,1.90748
76320,2.12216,8956.59,1.90514
76380,1.58297,8921.98,1.9045
76440,1.7001,8328.37,1.90342
76500,1.50812,8602.94,1.90037
76560,1.65343,8500.57,1.90763
76620,1.31087,8530.75,1.90362
76680,1.52945,8278.98,1.90464
76740,1.61723,8531.35,1.90506
76800,1.82283,8649.62,1.90439
76860,1.90526,8980.76,1.90371
76920,1.86181,8334.49,1.90693
76980,1.50685,8251.12,1.9047
77040,1.40768,8195.85,1.9017
77100,1.05275,7775.74,1.90554
77160,1.56189,8223.32,1.902
77220,1.53823,8044.68,1.90158
77280,1.31724,8139.48,1.90423
77340,1.53691,8264.44,1.90478
77400,1.63247,8186.87,1.90405
77460,1.39073,8099.98,1.90319
77520,1.66138,9278.41,1.90305
77580,1.52488,8620.61,1.90252
77640,1.4076,8389.07,1.90539
77700,1.53179,8368.26,1.90344
77760,1.38294,7824.82,1.9017
77820,1.28365,7791.86,1.90164
77880,1.28812,8338.83,1.90247
77940,1.44398,9148.07,1.89941
78000,1.34157,7992.25,1.9016
78060,1.28285,7994.99,1.90096
78120,1.54174,8331.78,1.9018
78180,1.44068,8121.58,1.90423
78240,1.07896,8118.93,1.90154
78300,1.39865,8278.44,1.90326
78360,1.0995,8184.45,1.90252
78420,1.17257,8056.82,1.89981
78480,1.4368,8057.85,1.90353
78540,1.45727,8077.51,1.9025
78600,1.26765,8305.36,1.90458
78660,1.1239,7841.66,1.90378
78720,1.2168,8321.48,1.90033
78780,1.12928,7902.99,1.90021
78840,1.08555,8376.04,1.90008
78900,1.11074,7761.79,1.90074
78960,1.28291,8119.5,1.90127
79020,1.41011,8371.28,1.90045
79080,1.27809,8537.61,1.89913
79140,1.33011,8251.58,1.90031
79200,1.26232,8397.8,1.90097
79260,1.3626,8517.95,1.90253
79320,1.08965,8076.49,1.90037
79380,0.921105,7597.93,1.90146
79440,1.10531,7849.51,1.90062
79500,1.09748,8057.22,1.9023
79560,1.06044,8074.53,1.90289
79620,1.24562,7785.99,1.90286
79680,1.17295,8097.36,1.9029
79740,1.10873,8174.85,1.89975
79800,1.16657,7720.54,1.90199
79860,1.16806,7656.16,1.8994
79920,1.32131,7823.25,1.90203
79980,1.2791,7919.15,1.90183
80040,1.15114,8551.44,1.90151
80100,1.36275,8568.31,1.90121
80160,1.29976,8304.74,1.90172
80220,1.03408,8162.68,1.90121
80280,1.40505,7763.47,1.90162
80340,1.11342,7721.08,1.90171
80400,1.18367,8191.37,1.90427
80460,1.1053,7745.59,1.90397
80520,1.2819,7707.61,1.90427
80580,1.05288,7804.36,1.90452
80640,1.2412,7438.98,1.90624
80700,1.61072,7730.73,1.90343
80760,1.10054,7759.17,1.9026
80820,1.11409,7456.84,1.90182
80880,1.12252,7533.21,1.90293
80940,1.11015,7325.71,1.90264
81000,0.984337,7379.85,1.9029
81060,1.18864,7445.39,1.90393
81120,1.10583,7613.09,1.90321
81180,1.18923,7766.76,1.9014
81240,1.21472,7635.87,1.90549
81300,1.27435,7623.22,1.90435
81360,1.23418,7332.83,1.9031
81420,1.45811,8071.17,1.9039
81480,1.22103,7763.31,1.90504
81540,1.12621,7772.4,1.90458
81600,1.25524,7529.22,1.90462
81660,1.32099,7829.31,1.90292
81720,1.18033,7708.85,1.90637
81780,1.27652,7720.57,1.90489
81840,1.33538,7828.52,1.90337
81900,1.30975,7866.62,1.90448
81960,1.33288,7394.62,1.90552
82020,1.12939,7310.04,1.90362
82080,1.20235,7494.52,1.90543
82140,0.957116,7561.09,1.90281
82200,1.09094,7345.15,1.90337
82260,1.21093,7506.25,1.90708
82320,1.25898,7657.42,1.90407
82380,1.13216,7543.15,1.90232
82440,1.09491,7177.74,1.90444
82500,1.35147,7935.15,1.90521
82560,1.18133,7452.93,1.90445
82620,1.01899,7377.13,1.9034
82680,1.23954,7720.63,1.90382
82740,1.06578,7769.92,1.90381
82800,1.1267,7433.75,1.90398
82860,1.11187,7987.81,1.90427
82920,1.2809,7568.73,1.90645
82980,1.43129,7759.78,1.90579
83040,1.46667,7687.44,1.90492
83100,1.29101,7757.99,1.9051
83160,1.40118,7877.03,1.90511
83220,1.1005,7488.64,1.90324
83280,1.05236,7423.03,1.90464
83340,1.16817,7514.65,1.90154
83400,1.17057,7546.79,1.90319
83460,1.20278,7828.41,1.90462
83520,1.50855,8080.42,1.90477
83580,1.71696,8002.85,1.90235
83640,1.42301,7999.09,1.90588
83700,1.30583,7635.28,1.9045
83760,1.19756,7539.82,1.90346
83820,1.32683,7556.67,1.90422
83880,0.988624,7334.83,1.90343
83940,1.16587,7516.74,1.90601
84000,0.999508,7393.65,1.90406
84060,1.23514,7636.71,1.90395
84120,1.16071,7398.98,1.90389
84180,1.22733,7377.06,1.90529
84240,1.58077,7882.86,1.90366
84300,1.82068,8004.84,1.90372
84360,1.14848,7348.57,1.90371
84420,0.989099,7579.95,1.90452
84480,1.28354,7405.52,1.90387
84540,1.59333,7460.85,1.90407
84600,1.17911,7377.62,1.90445
84660,1.377,7427.26,1.90513
84720,1.27862,7273.32,1.90215
84780,1.12473,7341.53,1.90536
84840,0.850852,7308.14,1.90385
84900,1.19653,7098.43,1.90437
84960,1.21521,7303.51,1.90461
85020,0.962567,7297.88,1.90394
85080,1.02757,7369.5,1.9063
85140,0.889234,7453.86,1.90368
85200,1.32879,7651.0,1.90421
85260,1.10305,7466.79,1.90213
85320,1.27527,7701.41,1.9046
85380,1.34783,7536.95,1.90307
85440,1.11384,7196.73,1.90671
85500,1.26405,7248.88,1.90359
85560,1.0976,7414.23,1.90138
85620,1.21199,7128.42,1.90314
85680,0.967335,7027.28,1.90478
85740,1.13713,7284.38,1.90562
85800,1.22943,7193.17,1.90402
85860,1.20693,7204.26,1.90491
85920,1.25341,7491.41,1.90518
85980,1.24638,7371.99,1.90494
86040,1.16625,7519.23,1.90466
86100,1.32412,7474.93,1.90602
86160,1.19389,7220.53,1.90431
86220,1.26036,7313.91,1.9051
86280,1.20246,7543.4,1.90386
86340,-9999.0,-9999.0,-9999.0
