CampaignData_and_Merges/R0/CSL_MobileLab_Parked/raw/20240815/USOS-NOAAIodideCIMS-HNO3_MobileLabGround_20240815_RA.ict
33, 1001
Michael A Robinson, Chris Jernigan, Subi Thakali
NOAA ESRL Chemical Sciences Laboratory and CIRES, U. of Colorado
NOAA Iodide CIMS Instrument
USOS
1, 1
2024, 08, 15, 2024, 08, 18
1
starttime_UTC, seconds_past_midnight, seconds_of_day_since_00:00:00_UTC
1
1
-9999
HNO3_NOAACIMS, pptv, Gas_HNO3_InSitu_S_AVMR, 
0
18
PI_CONTACT_INFO: 325 Broadway, R/CSD 7, Boulder, Colorado 80305; michael.a.robinson@noaa.gov; chris.jernigan@noaa.gov;
PLATFORM: NOAA CSL Mobile Lab
LOCATION: SLC, Utah
ASSOCIATED_DATA: 1Hz data also available on request.
INSTRUMENT_INFO: NOAA I- ToF CIMS
DATA_INFO: All data in parts per trillion by volume (pptv). 1 Hz data is available upon request.
UNCERTAINTY: TBD
ULOD_FLAG: -7777
ULOD_VALUE: N/A
LLOD_FLAG: -8888
LLOD_VALUE: N/A
DM_CONTACT_INFO: Nathan Howard; nathan.h.howard@noaa.gov
PROJECT_INFO: USOS, summer 2024. https://csl.noaa.gov/groups/csl7/measurements/2024usos/
STIPULATIONS_ON_USE: Users are strongly encouraged to contact the PI for proper data usage.
OTHER_COMMENTS: 
REVISION: RA
RA: Preliminary Data; For in-field use only
starttime_UTC, HNO3_NOAACIMS
     0, 516.457
    60, 540.913
   120, 563.984
   180, 589.829
   240, 624.146
   300, 592.866
   360, 602.116
   420, 633.664
   480, 670.386
   540, 671.469
   600, 704.001
   660, 706.086
   720, 709.712
   780, 677.547
   840, 716.023
   900, 709.950
   960, 665.913
  1020, 631.935
  1080, 618.079
  1140, 658.956
  1200, 659.430
  1260, 635.841
  1320, 676.226
  1380, 678.073
  1440, 661.550
  1500, 661.536
  1560, 649.485
  1620, 654.661
  1680, 697.261
  1740, -9999.000
  1800, 574.737
  1860, 580.251
  1920, 588.126
  1980, 570.371
  2040, 600.572
  2100, 651.680
  2160, 706.417
  2220, 713.862
  2280, 721.505
  2340, 728.318
  2400, 711.071
  2460, 713.073
  2520, 718.256
  2580, 705.644
  2640, 738.882
  2700, 750.913
  2760, 715.088
  2820, 731.713
  2880, 760.556
  2940, 764.595
  3000, 754.432
  3060, 708.338
  3120, 745.309
  3180, 793.658
  3240, 778.100
  3300, 735.522
  3360, 704.096
  3420, 696.884
  3480, 693.913
  3540, 704.883
  3600, -9999.000
  3660, 573.739
  3720, 553.319
  3780, 533.653
  3840, 491.209
  3900, 489.681
  3960, 464.559
  4020, 422.548
  4080, 368.330
  4140, 319.688
  4200, 376.218
  4260, 449.529
  4320, 483.683
  4380, 475.621
  4440, 491.623
  4500, 529.156
  4560, 556.912
  4620, 605.418
  4680, 624.894
  4740, 654.139
  4800, 660.363
  4860, 671.464
  4920, 696.478
  4980, 709.789
  5040, 709.094
  5100, 722.759
  5160, 695.780
  5220, 672.658
  5280, 656.322
  5340, 659.928
  5400, 669.015
  5460, -9999.000
  5520, 548.325
  5580, 542.349
  5640, 542.397
  5700, 573.421
  5760, 571.713
  5820, 538.711
  5880, 495.613
  5940, 521.417
  6000, 499.226
  6060, 450.859
  6120, 436.316
  6180, 432.455
  6240, 456.388
  6300, 493.598
  6360, 494.675
  6420, 500.534
  6480, 470.246
  6540, 466.827
  6600, 465.090
  6660, 456.066
  6720, 452.782
  6780, 423.403
  6840, 406.478
  6900, 387.346
  6960, 400.960
  7020, 383.987
  7080, 373.655
  7140, 370.643
  7200, 362.569
  7260, 364.804
  7320, 336.450
  7380, 343.819
  7440, 355.109
  7500, 363.646
  7560, 318.862
  7620, 309.965
  7680, 302.200
  7740, 286.764
  7800, 278.036
  7860, 273.056
  7920, 269.043
  7980, 266.220
  8040, 261.794
  8100, 261.556
  8160, 254.583
  8220, 256.783
  8280, 252.180
  8340, 257.892
  8400, 261.870
  8460, 256.649
  8520, 262.173
  8580, 263.341
  8640, 264.185
  8700, 252.261
  8760, 243.801
  8820, 243.152
  8880, 245.685
  8940, 240.131
  9000, 233.860
  9060, 230.123
  9120, -9999.000
  9180, 222.417
  9240, 219.022
  9300, 222.322
  9360, 226.956
  9420, 226.185
  9480, 221.835
  9540, 222.334
  9600, 213.912
  9660, 199.171
  9720, 191.465
  9780, 192.212
  9840, 190.388
  9900, 192.224
  9960, 188.897
 10020, 187.447
 10080, 189.498
 10140, 188.446
 10200, 186.345
 10260, 190.639
 10320, 191.286
 10380, 190.861
 10440, 189.006
 10500, 188.939
 10560, 189.107
 10620, 188.532
 10680, 189.991
 10740, 183.532
 10800, 179.646
 10860, 181.089
 10920, 180.408
 10980, -9999.000
 11040, 188.875
 11100, 189.368
 11160, 189.199
 11220, 184.746
 11280, 182.080
 11340, 184.466
 11400, 186.149
 11460, 184.430
 11520, 184.272
 11580, 183.003
 11640, 180.544
 11700, 182.736
 11760, 182.193
 11820, 184.240
 11880, 184.248
 11940, 188.190
 12000, 189.632
 12060, 188.810
 12120, 187.902
 12180, 187.889
 12240, 185.471
 12300, 185.834
 12360, 184.540
 12420, 184.311
 12480, 182.748
 12540, 181.688
 12600, 178.424
 12660, 180.498
 12720, 181.483
 12780, 183.788
 12840, -9999.000
 12900, 182.653
 12960, 187.928
 13020, 188.879
 13080, 187.952
 13140, 186.877
 13200, 189.856
 13260, 178.117
 13320, 175.117
 13380, 173.657
 13440, 167.085
 13500, 162.478
 13560, 158.357
 13620, 160.146
 13680, 153.360
 13740, 148.897
 13800, 146.945
 13860, 142.638
 13920, 143.882
 13980, 138.716
 14040, 138.607
 14100, 137.513
 14160, 138.520
 14220, 144.538
 14280, 141.413
 14340, 139.820
 14400, 139.652
 14460, 137.601
 14520, 138.678
 14580, 137.634
 14640, 137.776
 14700, 140.431
 14760, 140.340
 14820, 135.770
 14880, 134.295
 14940, 133.416
 15000, 130.394
 15060, 132.599
 15120, 137.287
 15180, 133.553
 15240, 136.892
 15300, 140.933
 15360, 142.402
 15420, 140.940
 15480, 146.734
 15540, 151.528
 15600, 149.912
 15660, 150.932
 15720, 150.829
 15780, 152.870
 15840, 152.954
 15900, 155.715
 15960, 151.278
 16020, 151.957
 16080, 154.011
 16140, 160.082
 16200, 161.237
 16260, 160.678
 16320, 164.406
 16380, 163.538
 16440, 160.145
 16500, 163.598
 16560, 156.505
 16620, 153.110
 16680, 151.047
 16740, 149.873
 16800, 149.789
 16860, 152.559
 16920, 152.199
 16980, 147.857
 17040, 149.294
 17100, 149.765
 17160, 153.293
 17220, 156.990
 17280, 159.764
 17340, 163.786
 17400, 168.806
 17460, 173.147
 17520, 175.308
 17580, 173.635
 17640, 175.957
 17700, 177.955
 17760, 180.821
 17820, 180.190
 17880, 179.354
 17940, 183.284
 18000, 181.352
 18060, 183.047
 18120, 185.679
 18180, 184.756
 18240, 186.992
 18300, 187.569
 18360, 187.062
 18420, 185.741
 18480, 186.411
 18540, 190.905
 18600, 195.871
 18660, 196.226
 18720, 195.974
 18780, 193.464
 18840, 186.159
 18900, 186.299
 18960, 180.418
 19020, 178.400
 19080, 175.926
 19140, 172.182
 19200, 166.475
 19260, 165.893
 19320, 164.713
 19380, 166.051
 19440, 166.668
 19500, 165.004
 19560, 170.964
 19620, 172.121
 19680, 173.817
 19740, 171.728
 19800, 166.319
 19860, 167.803
 19920, 166.386
 19980, 167.993
 20040, 157.752
 20100, 154.143
 20160, 150.590
 20220, -9999.000
 20280, 149.773
 20340, 146.653
 20400, 139.948
 20460, 126.871
 20520, 125.610
 20580, 128.788
 20640, 128.421
 20700, 131.885
 20760, 133.498
 20820, -9999.000
 20880, -9999.000
 20940, -9999.000
 21000, -9999.000
 21060, -9999.000
 21120, -9999.000
 21180, -9999.000
 21240, -9999.000
 21300, -9999.000
 21360, -9999.000
 21420, -9999.000
 21480, -9999.000
 21540, -9999.000
 21600, -9999.000
 21660, -9999.000
 21720, -9999.000
 21780, -9999.000
 21840, -9999.000
 21900, -9999.000
 21960, -9999.000
 22020, -9999.000
 22080, -9999.000
 22140, -9999.000
 22200, -9999.000
 22260, -9999.000
 22320, -9999.000
 22380, -9999.000
 22440, -9999.000
 22500, -9999.000
 22560, -9999.000
 22620, -9999.000
 22680, -9999.000
 22740, -9999.000
 22800, -9999.000
 22860, -9999.000
 22920, -9999.000
 22980, -9999.000
 23040, -9999.000
 23100, -9999.000
 23160, -9999.000
 23220, -9999.000
 23280, -9999.000
 23340, -9999.000
 23400, -9999.000
 23460, -9999.000
 23520, -9999.000
 23580, -9999.000
 23640, -9999.000
 23700, -9999.000
 23760, -9999.000
 23820, -9999.000
 23880, -9999.000
 23940, -9999.000
 24000, -9999.000
 24060, -9999.000
 24120, -9999.000
 24180, -9999.000
 24240, -9999.000
 24300, -9999.000
 24360, 166.858
 24420, 162.593
 24480, 163.584
 24540, 163.377
 24600, 165.757
 24660, 165.456
 24720, 164.289
 24780, 180.616
 24840, 173.223
 24900, 170.018
 24960, 173.673
 25020, 169.921
 25080, 171.246
 25140, 173.300
 25200, 173.679
 25260, 180.749
 25320, 182.912
 25380, 185.371
 25440, 187.484
 25500, 185.686
 25560, 190.145
 25620, 189.633
 25680, 192.375
 25740, 196.358
 25800, 186.834
 25860, 190.005
 25920, 191.759
 25980, 190.211
 26040, 190.765
 26100, 192.398
 26160, 192.431
 26220, 191.655
 26280, 190.340
 26340, 186.048
 26400, 184.480
 26460, 182.942
 26520, 181.691
 26580, 183.000
 26640, 181.907
 26700, 183.610
 26760, 186.572
 26820, 189.388
 26880, 189.912
 26940, 189.823
 27000, 190.325
 27060, 193.648
 27120, 192.602
 27180, 193.229
 27240, 199.006
 27300, 197.303
 27360, 200.499
 27420, 200.864
 27480, 199.795
 27540, 203.394
 27600, -9999.000
 27660, 185.818
 27720, 192.284
 27780, 197.919
 27840, 200.027
 27900, 200.687
 27960, 201.699
 28020, 202.514
 28080, 199.749
 28140, 201.357
 28200, 203.532
 28260, 202.103
 28320, 202.498
 28380, 202.589
 28440, 201.962
 28500, 204.055
 28560, 204.099
 28620, 201.155
 28680, 198.562
 28740, 194.645
 28800, 189.333
 28860, 188.328
 28920, 185.360
 28980, 183.808
 29040, 178.689
 29100, 177.541
 29160, 175.508
 29220, 180.116
 29280, 179.619
 29340, 176.514
 29400, 177.194
 29460, -9999.000
 29520, 172.175
 29580, 171.725
 29640, 176.226
 29700, 175.968
 29760, 176.815
 29820, 175.555
 29880, 178.712
 29940, 180.948
 30000, 182.749
 30060, 185.683
 30120, 185.945
 30180, 185.217
 30240, 181.642
 30300, 181.073
 30360, 179.014
 30420, 178.331
 30480, 174.513
 30540, 173.736
 30600, 174.892
 30660, 176.586
 30720, 175.912
 30780, 177.351
 30840, 177.814
 30900, 176.866
 30960, 172.004
 31020, 170.202
 31080, 169.434
 31140, 166.986
 31200, 167.813
 31260, 171.902
 31320, -9999.000
 31380, 170.217
 31440, 169.780
 31500, 173.214
 31560, 174.037
 31620, 170.779
 31680, 171.028
 31740, 169.219
 31800, 166.755
 31860, 169.016
 31920, 171.580
 31980, 171.179
 32040, 171.738
 32100, 172.903
 32160, 173.890
 32220, 170.444
 32280, 168.007
 32340, 167.845
 32400, 162.802
 32460, 164.823
 32520, 166.253
 32580, 169.180
 32640, 169.108
 32700, 166.808
 32760, 167.058
 32820, 165.488
 32880, 163.549
 32940, 163.061
 33000, 164.204
 33060, 166.022
 33120, 169.721
 33180, 169.862
 33240, 169.297
 33300, 170.249
 33360, 169.050
 33420, 163.772
 33480, 161.649
 33540, 161.703
 33600, 159.535
 33660, 162.720
 33720, 164.508
 33780, 166.953
 33840, 165.542
 33900, 166.917
 33960, 167.442
 34020, 167.087
 34080, 164.879
 34140, 166.883
 34200, 165.776
 34260, 167.975
 34320, 168.180
 34380, 168.856
 34440, 169.117
 34500, 168.058
 34560, 165.460
 34620, 164.415
 34680, 164.535
 34740, 162.907
 34800, 160.671
 34860, 158.346
 34920, 157.860
 34980, 159.494
 35040, 166.458
 35100, 163.613
 35160, 162.942
 35220, 162.415
 35280, 160.708
 35340, 159.083
 35400, 154.426
 35460, 154.190
 35520, 152.787
 35580, 156.797
 35640, 161.565
 35700, 160.050
 35760, 160.069
 35820, 158.633
 35880, 157.180
 35940, 155.944
 36000, 153.673
 36060, 154.785
 36120, 152.319
 36180, 152.991
 36240, 156.530
 36300, 158.192
 36360, 158.070
 36420, 157.203
 36480, 156.441
 36540, 156.414
 36600, 155.855
 36660, 152.138
 36720, 153.385
 36780, 156.487
 36840, 153.799
 36900, 157.413
 36960, 152.435
 37020, 154.106
 37080, 154.032
 37140, 152.748
 37200, 151.273
 37260, 153.222
 37320, 149.207
 37380, 148.791
 37440, 154.108
 37500, 155.069
 37560, 158.192
 37620, 157.750
 37680, 158.378
 37740, 159.302
 37800, 158.683
 37860, 156.355
 37920, 155.134
 37980, 156.660
 38040, 157.937
 38100, 160.254
 38160, 160.078
 38220, 159.076
 38280, 158.670
 38340, 158.108
 38400, 157.758
 38460, 155.168
 38520, 152.568
 38580, 153.718
 38640, 154.712
 38700, -9999.000
 38760, 158.012
 38820, 158.076
 38880, 158.643
 38940, 160.047
 39000, 156.562
 39060, 155.648
 39120, 154.807
 39180, 151.270
 39240, 154.892
 39300, 155.326
 39360, 156.634
 39420, 156.973
 39480, 154.474
 39540, 153.482
 39600, 151.844
 39660, 155.367
 39720, 153.431
 39780, 151.336
 39840, 151.826
 39900, 154.895
 39960, 156.454
 40020, 157.973
 40080, 157.328
 40140, 155.387
 40200, 154.788
 40260, 154.655
 40320, 153.217
 40380, 151.732
 40440, 153.416
 40500, 153.623
 40560, -9999.000
 40620, 159.691
 40680, 164.125
 40740, 167.222
 40800, 174.723
 40860, 153.529
 40920, 138.171
 40980, 131.121
 41040, 125.278
 41100, 123.050
 41160, 127.105
 41220, 126.573
 41280, -9999.000
 41340, 125.757
 41400, 128.144
 41460, 124.901
 41520, 119.133
 41580, 117.728
 41640, 118.731
 41700, 114.576
 41760, 104.381
 41820, 103.899
 41880, 102.324
 41940, 103.050
 42000, 101.983
 42060, 102.911
 42120, 101.091
 42180, -9999.000
 42240, -9999.000
 42300, -9999.000
 42360, -9999.000
 42420, -9999.000
 42480, -9999.000
 42540, -9999.000
 42600, -9999.000
 42660, -9999.000
 42720, -9999.000
 42780, -9999.000
 42840, -9999.000
 42900, -9999.000
 42960, -9999.000
 43020, -9999.000
 43080, -9999.000
 43140, -9999.000
 43200, -9999.000
 43260, -9999.000
 43320, -9999.000
 43380, -9999.000
 43440, -9999.000
 43500, -9999.000
 43560, -9999.000
 43620, -9999.000
 43680, -9999.000
 43740, -9999.000
 43800, -9999.000
 43860, -9999.000
 43920, -9999.000
 43980, -9999.000
 44040, -9999.000
 44100, -9999.000
 44160, -9999.000
 44220, -9999.000
 44280, -9999.000
 44340, -9999.000
 44400, -9999.000
 44460, -9999.000
 44520, -9999.000
 44580, -9999.000
 44640, -9999.000
 44700, -9999.000
 44760, -9999.000
 44820, -9999.000
 44880, -9999.000
 44940, -9999.000
 45000, -9999.000
 45060, -9999.000
 45120, -9999.000
 45180, -9999.000
 45240, -9999.000
 45300, -9999.000
 45360, -9999.000
 45420, -9999.000
 45480, -9999.000
 45540, -9999.000
 45600, -9999.000
 45660, -9999.000
 45720, -9999.000
 45780, -9999.000
 45840, -9999.000
 45900, -9999.000
 45960, -9999.000
 46020, -9999.000
 46080, -9999.000
 46140, -9999.000
 46200, -9999.000
 46260, -9999.000
 46320, -9999.000
 46380, -9999.000
 46440, -9999.000
 46500, -9999.000
 46560, -9999.000
 46620, -9999.000
 46680, -9999.000
 46740, -9999.000
 46800, -9999.000
 46860, -9999.000
 46920, -9999.000
 46980, -9999.000
 47040, -9999.000
 47100, -9999.000
 47160, -9999.000
 47220, -9999.000
 47280, -9999.000
 47340, -9999.000
 47400, -9999.000
 47460, -9999.000
 47520, -9999.000
 47580, -9999.000
 47640, -9999.000
 47700, -9999.000
 47760, -9999.000
 47820, -9999.000
 47880, -9999.000
 47940, -9999.000
 48000, -9999.000
 48060, -9999.000
 48120, -9999.000
 48180, -9999.000
 48240, -9999.000
 48300, -9999.000
 48360, -9999.000
 48420, -9999.000
 48480, -9999.000
 48540, -9999.000
 48600, -9999.000
 48660, -9999.000
 48720, -9999.000
 48780, -9999.000
 48840, -9999.000
 48900, -9999.000
 48960, -9999.000
 49020, -9999.000
 49080, -9999.000
 49140, -9999.000
 49200, -9999.000
 49260, -9999.000
 49320, -9999.000
 49380, -9999.000
 49440, -9999.000
 49500, -9999.000
 49560, -9999.000
 49620, -9999.000
 49680, -9999.000
 49740, -9999.000
 49800, -9999.000
 49860, -9999.000
 49920, -9999.000
 49980, -9999.000
 50040, -9999.000
 50100, -9999.000
 50160, -9999.000
 50220, -9999.000
 50280, -9999.000
 50340, -9999.000
 50400, -9999.000
 50460, -9999.000
 50520, -9999.000
 50580, -9999.000
 50640, -9999.000
 50700, -9999.000
 50760, -9999.000
 50820, -9999.000
 50880, -9999.000
 50940, -9999.000
 51000, -9999.000
 51060, -9999.000
 51120, -9999.000
 51180, -9999.000
 51240, -9999.000
 51300, -9999.000
 51360, -9999.000
 51420, -9999.000
 51480, -9999.000
 51540, -9999.000
 51600, -9999.000
 51660, -9999.000
 51720, -9999.000
 51780, -9999.000
 51840, -9999.000
 51900, -9999.000
 51960, -9999.000
 52020, -9999.000
 52080, -9999.000
 52140, -9999.000
 52200, -9999.000
 52260, -9999.000
 52320, -9999.000
 52380, -9999.000
 52440, -9999.000
 52500, -9999.000
 52560, -9999.000
 52620, -9999.000
 52680, -9999.000
 52740, -9999.000
 52800, -9999.000
 52860, -9999.000
 52920, -9999.000
 52980, -9999.000
 53040, -9999.000
 53100, -9999.000
 53160, -9999.000
 53220, -9999.000
 53280, -9999.000
 53340, -9999.000
 53400, -9999.000
 53460, -9999.000
 53520, -9999.000
 53580, -9999.000
 53640, -9999.000
 53700, -9999.000
 53760, -9999.000
 53820, -9999.000
 53880, -9999.000
 53940, -9999.000
 54000, -9999.000
 54060, -9999.000
 54120, -9999.000
 54180, -9999.000
 54240, -9999.000
 54300, -9999.000
 54360, -9999.000
 54420, -9999.000
 54480, -9999.000
 54540, -9999.000
 54600, -9999.000
 54660, -9999.000
 54720, -9999.000
 54780, -9999.000
 54840, -9999.000
 54900, -9999.000
 54960, -9999.000
 55020, -9999.000
 55080, -9999.000
 55140, -9999.000
 55200, -9999.000
 55260, -9999.000
 55320, -9999.000
 55380, -9999.000
 55440, -9999.000
 55500, -9999.000
 55560, -9999.000
 55620, -9999.000
 55680, -9999.000
 55740, -9999.000
 55800, -9999.000
 55860, -9999.000
 55920, -9999.000
 55980, -9999.000
 56040, -9999.000
 56100, -9999.000
 56160, -9999.000
 56220, -9999.000
 56280, -9999.000
 56340, -9999.000
 56400, -9999.000
 56460, -9999.000
 56520, -9999.000
 56580, -9999.000
 56640, -9999.000
 56700, -9999.000
 56760, -9999.000
 56820, -9999.000
 56880, -9999.000
 56940, -9999.000
 57000, -9999.000
 57060, -9999.000
 57120, -9999.000
 57180, -9999.000
 57240, -9999.000
 57300, -9999.000
 57360, -9999.000
 57420, -9999.000
 57480, -9999.000
