CampaignData_and_Merges/R0/CSL_MobileLab_Parked/raw/20240815/USOS-NOAAIodideCIMS-OrgNitrs_MobileLabGround_20240815_RA.ict
37, 1001
Michael A Robinson, Chris Jernigan, Subi Thakali
NOAA ESRL Chemical Sciences Laboratory and CIRES, U. of Colorado
NOAA Iodide CIMS Instrument
USOS
1, 1
2024, 08, 15, 2024, 08, 18
1
starttime_UTC, seconds_past_midnight, seconds_of_day_since_00:00:00_UTC
5
1, 1, 1, 1, 1
-9999, -9999, -9999, -9999, -9999
C4H7NO5_NOAACIMS, pptv, Gas_C4H7NO5_InSitu_S_AVMR, 
ISOPN_NOAACIMS, pptv, Gas_ISOPN_InSitu_S_AVMR, 
C5H10O3_NOAACIMS, pptv, Gas_C5H10O3_InSitu_S_AVMR, 
C5H9NO5_NOAACIMS, pptv, Gas_C5H9NO5_InSitu_S_AVMR, 
C10H17NO4_NOAACIMS, pptv, Gas_C10H17NO4_InSitu_S_AVMR, 
0
18
PI_CONTACT_INFO: 325 Broadway, R/CSD 7, Boulder, Colorado 80305; michael.a.robinson@noaa.gov; chris.jernigan@noaa.gov;
PLATFORM: NOAA CSL Mobile Lab
LOCATION: SLC, Utah
ASSOCIATED_DATA: 1Hz data also available on request.
INSTRUMENT_INFO: NOAA I- ToF CIMS
DATA_INFO: All data in parts per trillion by volume (pptv). 1 Hz data is available upon request.
UNCERTAINTY: TBD
ULOD_FLAG: -7777
ULOD_VALUE: N/A
LLOD_FLAG: -8888
LLOD_VALUE: N/A
DM_CONTACT_INFO: Nathan Howard; nathan.h.howard@noaa.gov
PROJECT_INFO: USOS, summer 2024. https://csl.noaa.gov/groups/csl7/measurements/2024usos/
STIPULATIONS_ON_USE: Users are strongly encouraged to contact the PI for proper data usage.
OTHER_COMMENTS: 
REVISION: RA
RA: Preliminary Data; For in-field use only
starttime_UTC, C4H7NO5_NOAACIMS, ISOPN_NOAACIMS, C5H10O3_NOAACIMS, C5H9NO5_NOAACIMS, C10H17NO4_NOAACIMS
[from data line 339]
 20340,  6.028, 16.675, 30.064,  4.864,  1.373
 20400,  6.085, 16.819, 30.278,  4.889,  1.295
 20460,  6.609, 17.563, 29.591,  5.487,  1.112
 20520,  6.708, 18.715, 31.115,  5.682,  1.133
 20580,  6.698, 18.443, 31.863,  5.489,  1.038
 20640,  6.534, 18.361, 32.468,  5.529,  1.136
 20700,  6.631, 18.313, 32.926,  5.733,  1.045
 20760,  6.388, 17.755, 34.354,  5.609,  0.955
 20820, -9999.000, -9999.000, -9999.000, -9999.000, -9999.000
 20880, -9999.000, -9999.000, -9999.000, -9999.000, -9999.000
 20940, -9999.000, -9999.000, -9999.000, -9999.000, -9999.000
 21000, -9999.000, -9999.000, -9999.000, -9999.000, -9999.000
 21060, -9999.000, -9999.000, -9999.000, -9999.000, -9999.000
 21120, -9999.000, -9999.000, -9999.000, -9999.000, -9999.000
 21180, -9999.000, -9999.000, -9999.000, -9999.000, -9999.000
 21240, -9999.000, -9999.000, -9999.000, -9999.000, -9999.000
 21300, -9999.000, -9999.000, -9999.000, -9999.000, -9999.000
 21360, -9999.000, -9999.000, -9999.000, -9999.000, -9999.000
 21420, -9999.000, -9999.000, -9999.000, -9999.000, -9999.000
 21480, -9999.000, -9999.000, -9999.000, -9999.000, -9999.000
 21540, -9999.000, -9999.000, -9999.000, -9999.000, -9999.000
 21600, -9999.000, -9999.000, -9999.000, -9999.000, -9999.000
 21660, -9999.000, -9999.000, -9999.000, -9999.000, -9999.000
 21720, -9999.000, -9999.000, -9999.000, -9999.000, -9999.000
 21780, -9999.000, -9999.000, -9999.000, -9999.000, -9999.000
 21840, -9999.000, -9999.000, -9999.000, -9999.000, -9999.000
 21900, -9999.000, -9999.000, -9999.000, -9999.000, -9999.000
 21960, -9999.000, -9999.000, -9999.000, -9999.000, -9999.000
 22020, -9999.000, -9999.000, -9999.000, -9999.000, -9999.000
 22080, -9999.000, -9999.000, -9999.000, -9999.000, -9999.000
 22140, -9999.000, -9999.000, -9999.000, -9999.000, -9999.000
 22200, -9999.000, -9999.000, -9999.000, -9999.000, -9999.000
 22260, -9999.000, -9999.000, -9999.000, -9999.000, -9999.000
 22320, -9999.000, -9999.000, -9999.000, -9999.000, -9999.000
 22380, -9999.000, -9999.000, -9999.000, -9999.000, -9999.000
 22440, -9999.000, -9999.000, -9999.000, -9999.000, -9999.000
 22500, -9999.000, -9999.000, -9999.000, -9999.000, -9999.000
 22560, -9999.000, -9999.000, -9999.000, -9999.000, -9999.000
 22620, -9999.000, -9999.000, -9999.000, -9999.000, -9999.000
 22680, -9999.000, -9999.000, -9999.000, -9999.000, -9999.000
 22740, -9999.000, -9999.000, -9999.000, -9999.000, -9999.000
 22800, -9999.000, -9999.000, -9999.000, -9999.000, -9999.000
 22860, -9999.000, -9999.000, -9999.000, -9999.000, -9999.000
 22920, -9999.000, -9999.000, -9999.000, -9999.000, -9999.000
 22980, -9999.000, -9999.000, -9999.000, -9999.000, -9999.000
 23040, -9999.000, -9999.000, -9999.000, -9999.000, -9999.000
 23100, -9999.000, -9999.000, -9999.000, -9999.000, -9999.000
 23160, -9999.000, -9999.000, -9999.000, -9999.000, -9999.000
 23220, -9999.000, -9999.000, -9999.000, -9999.000, -9999.000
 23280, -9999.000, -9999.000, -9999.000, -9999.000, -9999.000
 23340, -9999.000, -9999.000, -9999.000, -9999.000, -9999.000
 23400, -9999.000, -9999.000, -9999.000, -9999.000, -9999.000
 23460, -9999.000, -9999.000, -9999.000, -9999.000, -9999.000
 23520, -9999.000, -9999.000, -9999.000, -9999.000, -9999.000
 23580, -9999.000, -9999.000, -9999.000, -9999.000, -9999.000
 23640, -9999.000, -9999.000, -9999.000, -9999.000, -9999.000
 23700, -9999.000, -9999.000, -9999.000, -9999.000, -9999.000
 23760, -9999.000, -9999.000, -9999.000, -9999.000, -9999.000
 23820, -9999.000, -9999.000, -9999.000, -9999.000, -9999.000
 23880, -9999.000, -9999.000, -9999.000, -9999.000, -9999.000
 23940, -9999.000, -9999.000, -9999.000, -9999.000, -9999.000
 24000, -9999.000, -9999.000, -9999.000, -9999.000, -9999.000
 24060, -9999.000, -9999.000, -9999.000, -9999.000, -9999.000
 24120, -9999.000, -9999.000, -9999.000, -9999.000, -9999.000
 24180, -9999.000, -9999.000, -9999.000, -9999.000, -9999.000
 24240, -9999.000, -9999.000, -9999.000, -9999.000, -9999.000
 24300, -9999.000, -9999.000, -9999.000, -9999.000, -9999.000
 24360,  5.871, 15.786, 36.663,  5.927,  1.174
 24420,  5.888, 17.565, 37.757,  6.325,  1.218
 24480,  5.997, 18.149, 38.377,  6.591,  1.022
 24540,  6.022, 17.996, 38.190,  6.625,  0.935
 24600,  5.934, 17.802, 38.846,  6.679,  1.026
 24660,  5.797, 17.931, 38.186,  6.663,  0.989
 24720,  5.946, 17.628, 36.147,  6.788,  0.968
 24780,  5.878, 16.353, 38.235,  6.434,  0.979
 24840,  5.887, 18.127, 38.816,  6.542,  1.141
 24900,  5.959, 17.980, 39.455,  6.641,  1.028
 24960,  5.843, 17.819, 39.805,  6.829,  0.930
 25020,  5.698, 17.948, 39.307,  6.658,  0.903
 25080,  5.706, 17.965, 39.352,  6.754,  0.909
 25140,  5.725, 18.211, 38.797,  6.784,  1.020
 25200,  5.864, 18.892, 39.637,  6.817,  0.989
 25260,  5.818, 18.586, 39.427,  6.789,  0.925
 25320,  5.709, 17.791, 38.920,  6.838,  0.918
 25380,  5.704, 18.088, 38.547,  6.591,  0.956
 25440,  5.676, 17.840, 40.813,  6.854,  1.005
 25500,  5.638, 17.860, 38.481,  6.794,  0.959
 25560,  5.659, 18.532, 39.268,  6.801,  1.032
 25620,  5.736, 18.120, 38.894,  6.897,  1.051
 25680,  5.758, 18.563, 38.459,  7.046,  1.138
 25740,  5.541, 18.042, 39.625,  7.006,  1.068
 25800,  5.626, 17.633, 33.996,  6.687,  1.114
 25860,  5.546, 17.585, 36.049,  6.836,  1.077
 25920,  5.550, 17.655, 36.051,  6.760,  1.053
 25980,  5.589, 17.699, 36.971,  7.206,  1.157
 26040,  5.542, 17.978, 37.153,  7.237,  1.286
 26100,  5.527, 17.480, 37.750,  7.374,  1.453
 26160,  5.367, 17.483, 37.724,  7.190,  1.393
 26220,  5.372, 17.592, 38.053,  7.309,  1.404
 26280,  5.402, 16.983, 36.933,  7.295,  1.509
 26340,  5.403, 17.198, 37.749,  7.462,  1.392
 26400,  5.276, 17.189, 37.729,  7.663,  1.393
 26460,  5.242, 16.787, 37.838,  7.463,  1.369
 26520,  5.210, 17.233, 37.275,  7.605,  1.442
 26580,  5.187, 16.673, 37.046,  7.544,  1.344
 26640,  5.173, 16.585, 38.304,  7.669,  1.607
 26700,  5.219, 16.969, 38.505,  7.830,  1.543
 26760,  5.186, 16.468, 37.964,  7.788,  1.426
 26820,  5.077, 16.508, 38.587,  7.620,  1.565
 26880,  5.083, 16.798, 37.983,  7.689,  1.537
 26940,  5.126, 16.360, 37.811,  7.559,  1.565
 27000,  5.010, 16.343, 37.017,  7.248,  1.497
 27060,  4.995, 15.836, 36.325,  7.321,  1.494
 27120,  5.030, 16.169, 37.362,  7.452,  1.615
 27180,  4.965, 16.688, 37.527,  7.552,  1.630
 27240,  4.911, 16.009, 37.752,  7.506,  1.492
 27300,  4.920, 15.973, 36.780,  7.551,  1.488
 27360,  4.937, 15.933, 37.676,  7.515,  1.506
 27420,  4.995, 16.032, 37.278,  7.712,  1.685
 27480,  4.950, 16.054, 36.647,  7.336,  1.510
 27540,  4.824, 15.789, 36.710,  7.254,  1.497
 27600, -9999.000, -9999.000, -9999.000, -9999.000, -9999.000
 27660,  4.502, 14.948, 30.499,  7.033,  1.432
 27720,  4.707, 15.096, 32.548,  7.291,  1.423
 27780,  4.779, 15.887, 33.782,  7.363,  1.458
 27840,  4.773, 15.106, 34.388,  7.384,  1.424
 27900,  4.741, 15.408, 34.757,  7.332,  1.524
 27960,  4.718, 14.858, 35.074,  7.039,  1.607
 28020,  4.670, 15.416, 35.079,  7.141,  1.649
 28080,  4.706, 15.135, 35.982,  7.135,  1.736
 28140,  4.594, 15.005, 35.725,  6.909,  1.618
 28200,  4.595, 14.812, 35.370,  6.960,  1.737
 28260,  4.477, 14.536, 34.556,  6.790,  1.679
 28320,  4.474, 14.446, 34.675,  6.868,  1.630
 28380,  4.473, 14.645, 34.519,  6.936,  1.642
 28440,  4.470, 14.639, 34.108,  6.985,  1.650
 28500,  4.424, 14.072, 34.456,  6.945,  1.652
 28560,  4.320, 14.282, 34.301,  6.803,  1.714
 28620,  4.308, 13.959, 34.462,  6.662,  1.763
 28680,  4.172, 13.724, 33.731,  6.544,  1.578
 28740,  4.156, 13.638, 33.238,  6.373,  1.695
 28800,  4.203, 13.595, 32.416,  6.671,  1.747
 28860,  4.194, 13.255, 33.457,  6.602,  1.639
 28920,  4.061, 13.039, 32.409,  6.401,  1.675
 28980,  3.988, 12.815, 32.134,  6.067,  1.613
 29040,  3.982, 13.135, 31.782,  6.152,  1.736
 29100,  3.927, 12.957, 30.831,  6.205,  1.696
 29160,  3.999, 13.118, 32.125,  6.243,  1.762
 29220,  3.959, 12.772, 31.688,  6.109,  1.669
 29280,  3.834, 12.722, 31.488,  5.911,  1.704
 29340,  3.765, 12.408, 31.752,  5.829,  1.855
 29400,  3.723, 12.381, 31.661,  5.752,  1.835
 29460, -9999.000, -9999.000, -9999.000, -9999.000, -9999.000
 29520,  3.645, 12.153, 29.263,  5.631,  1.811
 29580,  3.775, 12.094, 30.677,  5.709,  1.920
 29640,  3.705, 11.707, 28.854,  5.640,  1.818
 29700,  3.629, 11.775, 29.825,  5.632,  1.854
 29760,  3.787, 11.550, 28.977,  5.674,  1.653
 29820,  3.764, 11.631, 28.128,  5.640,  1.648
 29880,  3.587, 11.579, 30.452,  5.524,  1.841
 29940,  3.514, 11.225, 30.191,  5.317,  1.752
 30000,  3.520, 11.026, 30.590,  5.408,  1.790
 30060,  3.462, 10.893, 29.903,  5.271,  1.866
 30120,  3.411, 10.440, 29.635,  5.145,  1.769
 30180,  3.340, 10.397, 30.137,  5.106,  1.884
 30240,  3.302, 10.443, 29.421,  4.912,  1.782
 30300,  3.291, 10.563, 30.116,  4.809,  1.865
 30360,  3.227,  9.816, 29.484,  4.956,  1.888
 30420,  3.248, 10.218, 29.220,  4.810,  1.758
 30480,  3.178,  9.849, 29.475,  4.889,  1.715
 30540,  3.186,  9.463, 28.033,  4.880,  1.715
 30600,  3.164,  9.983, 29.516,  5.015,  1.934
 30660,  3.182,  9.397, 28.912,  4.751,  1.784
 30720,  3.125,  9.448, 28.197,  4.685,  1.833
 30780,  3.118,  9.150, 29.158,  4.756,  1.834
 30840,  3.093,  8.921, 28.188,  4.606,  1.806
 30900,  3.155,  8.753, 28.283,  4.529,  1.828
 30960,  3.097,  8.920, 28.165,  4.625,  1.833
 31020,  3.187,  9.097, 28.018,  4.865,  1.777
 31080,  3.273,  8.849, 27.440,  4.954,  1.702
 31140,  3.273,  8.630, 26.836,  4.916,  1.765
 31200,  3.239,  8.818, 27.773,  5.130,  1.871
 31260,  3.214,  8.918, 27.241,  4.910,  1.769
 31320, -9999.000, -9999.000, -9999.000, -9999.000, -9999.000
 31380,  2.948,  8.371, 24.151,  4.750,  1.605
 31440,  3.047,  8.235, 24.865,  4.708,  1.695
 31500,  3.010,  8.066, 25.472,  4.809,  1.755
 31560,  2.954,  7.922, 25.404,  4.669,  1.695
 31620,  2.887,  7.988, 25.968,  4.697,  1.788
 31680,  2.843,  7.994, 25.525,  4.768,  1.710
 31740,  2.807,  7.987, 26.251,  4.834,  1.775
 31800,  2.905,  7.728, 24.864,  4.719,  1.677
 31860,  3.038,  7.667, 24.765,  4.939,  1.783
 31920,  3.002,  8.109, 25.768,  4.767,  1.769
 31980,  3.109,  8.140, 25.618,  4.960,  1.684
 32040,  3.088,  8.201, 24.631,  5.014,  1.673
 32100,  3.060,  8.171, 24.522,  5.028,  1.707
 32160,  3.166,  8.155, 24.791,  5.165,  1.689
 32220,  3.110,  7.890, 23.741,  5.087,  1.707
 32280,  3.109,  8.110, 24.803,  5.238,  1.642
 32340,  3.089,  8.072, 24.803,  5.208,  1.570
 32400,  3.126,  8.063, 23.312,  5.210,  1.521
 32460,  3.057,  7.951, 24.245,  5.174,  1.594
 32520,  3.041,  7.906, 24.789,  5.260,  1.588
 32580,  2.927,  7.866, 23.751,  5.005,  1.617
 32640,  2.909,  7.601, 24.552,  5.120,  1.603
 32700,  2.821,  7.451, 24.795,  5.040,  1.681
 32760,  2.741,  7.001, 23.866,  4.979,  1.675
 32820,  2.629,  7.262, 24.582,  4.971,  1.748
 32880,  2.673,  7.285, 23.979,  4.960,  1.637
 32940,  2.667,  7.248, 23.673,  4.934,  1.712
 33000,  2.652,  7.218, 23.744,  4.951,  1.647
 33060,  2.685,  6.905, 23.521,  5.043,  1.700
 33120,  2.705,  6.943, 23.608,  5.064,  1.609
 33180,  2.707,  6.793, 21.236,  5.226,  1.814
 33240,  2.787,  7.045, 21.556,  4.933,  1.388
 33300,  2.677,  6.884, 22.224,  5.021,  1.513
 33360,  2.661,  6.921, 22.184,  4.930,  1.554
 33420,  2.611,  6.673, 22.211,  4.830,  1.513
 33480,  2.686,  7.098, 22.287,  5.037,  1.530
 33540,  2.651,  6.889, 22.051,  4.841,  1.613
 33600,  2.611,  6.780, 22.298,  4.804,  1.545
 33660,  2.625,  6.683, 22.078,  4.825,  1.619
 33720,  2.572,  6.826, 22.602,  4.879,  1.507
 33780,  2.462,  6.243, 22.727,  4.703,  1.615
 33840,  2.503,  6.462, 22.269,  4.688,  1.553
 33900,  2.529,  6.152, 22.059,  4.820,  1.589
 33960,  2.518,  6.427, 21.614,  4.687,  1.403
 34020,  2.552,  6.402, 22.455,  4.756,  1.547
 34080,  2.547,  6.389, 21.757,  4.630,  1.496
 34140,  2.505,  6.335, 21.520,  4.702,  1.411
 34200,  2.489,  6.277, 21.694,  4.561,  1.588
 34260,  2.491,  6.208, 21.612,  4.637,  1.531
 34320,  2.519,  6.180, 22.330,  4.475,  1.548
 34380,  2.477,  6.414, 21.142,  4.657,  1.567
 34440,  2.515,  6.165, 21.241,  4.600,  1.351
 34500,  2.458,  6.447, 21.767,  4.767,  1.582
 34560,  2.421,  5.970, 21.177,  4.547,  1.488
 34620,  2.416,  6.020, 21.254,  4.494,  1.373
 34680,  2.428,  5.798, 20.815,  4.559,  1.303
 34740,  2.413,  5.913, 20.986,  4.556,  1.442
 34800,  2.421,  5.696, 21.157,  4.536,  1.509
 34860,  2.424,  5.802, 20.991,  4.461,  1.348
 34920,  2.389,  5.974, 21.781,  4.505,  1.495
 34980,  2.414,  5.596, 21.360,  4.545,  1.742
 35040,  2.197,  5.910, 18.305,  3.937,  1.228
 35100,  2.351,  5.547, 18.429,  4.264,  1.276
 35160,  2.349,  5.449, 19.622,  4.201,  1.390
 35220,  2.344,  5.509, 19.812,  4.424,  1.294
 35280,  2.424,  5.657, 20.136,  4.360,  1.408
 35340,  2.340,  5.480, 20.266,  4.391,  1.312
 35400,  2.340,  5.445, 20.112,  4.245,  1.405
 35460,  2.354,  5.327, 20.281,  4.269,  1.450
 35520,  2.306,  5.231, 20.169,  4.288,  1.306
 35580,  2.384,  5.267, 19.881,  4.237,  1.214
 35640,  2.333,  5.092, 21.874,  4.293,  1.339
 35700,  2.340,  5.313, 20.383,  4.254,  1.408
 35760,  2.360,  5.431, 20.500,  4.282,  1.356
 35820,  2.342,  5.433, 20.681,  4.358,  1.431
 35880,  2.338,  5.324, 19.385,  4.389,  1.229
 35940,  2.359,  5.670, 20.833,  4.284,  1.288
 36000,  2.377,  5.186, 19.672,  4.080,  1.251
 36060,  2.403,  5.585, 20.270,  4.414,  1.308
 36120,  2.365,  5.443, 20.649,  4.362,  1.357
 36180,  2.413,  5.399, 20.121,  4.239,  1.320
 36240,  2.368,  5.291, 20.523,  4.408,  1.362
 36300,  2.429,  5.121, 20.453,  4.440,  1.302
 36360,  2.443,  5.267, 20.440,  4.188,  1.393
 36420,  2.414,  5.270, 20.020,  4.337,  1.342
 36480,  2.425,  5.369, 19.839,  4.327,  1.308
 36540,  2.436,  5.349, 21.082,  4.259,  1.395
 36600,  2.443,  5.369, 20.370,  4.406,  1.316
 36660,  2.467,  5.253, 20.106,  4.455,  1.310
 36720,  2.525,  5.431, 20.484,  4.482,  1.316
 36780,  2.538,  5.572, 20.628,  4.470,  1.187
 36840,  2.537,  5.416, 19.404,  4.336,  1.439
 36900,  2.455,  5.242, 18.657,  4.392,  1.193
 36960,  2.520,  5.307, 18.540,  4.344,  1.201
 37020,  2.583,  5.500, 19.242,  4.415,  1.269
 37080,  2.510,  5.223, 19.173,  4.605,  1.228
 37140,  2.439,  5.193, 20.174,  4.492,  1.303
 37200,  2.455,  4.888, 19.307,  4.425,  1.308
 37260,  2.438,  5.196, 19.544,  4.350,  1.173
 37320,  2.437,  5.059, 19.997,  4.296,  1.168
 37380,  2.475,  4.977, 19.064,  4.259,  1.166
 37440,  2.423,  5.103, 20.269,  4.383,  1.264
 37500,  2.336,  4.949, 19.428,  4.196,  1.310
 37560,  2.361,  4.768, 19.546,  4.339,  1.292
 37620,  2.320,  4.766, 19.769,  4.093,  1.378
 37680,  2.292,  4.703, 19.939,  4.056,  1.238
 37740,  2.263,  4.680, 20.238,  4.144,  1.349
 37800,  2.323,  4.640, 19.306,  4.172,  1.262
 37860,  2.302,  4.654, 19.614,  4.069,  1.238
 37920,  2.229,  4.632, 19.719,  4.038,  1.246
 37980,  2.257,  4.472, 18.893,  4.011,  1.183
 38040,  2.263,  4.689, 20.091,  4.151,  1.292
 38100,  2.255,  4.682, 19.290,  4.122,  1.253
 38160,  2.248,  4.736, 19.091,  4.037,  1.275
 38220,  2.292,  4.586, 19.918,  4.103,  1.136
 38280,  2.232,  4.496, 19.085,  4.160,  1.282
 38340,  2.265,  4.690, 19.172,  4.146,  1.213
 38400,  2.211,  4.464, 18.723,  3.899,  1.148
 38460,  2.266,  4.382, 18.750,  4.086,  1.105
 38520,  2.248,  4.302, 19.201,  4.007,  1.219
 38580,  2.280,  4.556, 17.997,  4.053,  1.105
 38640,  2.242,  4.575, 18.889,  4.277,  1.348
 38700, -9999.000, -9999.000, -9999.000, -9999.000, -9999.000
 38760,  2.174,  4.420, 17.448,  3.776,  1.076
 38820,  2.148,  4.446, 17.491,  3.883,  1.076
 38880,  2.194,  4.283, 16.931,  4.015,  1.093
 38940,  2.209,  4.468, 18.228,  4.049,  1.122
 39000,  2.190,  4.493, 18.031,  4.079,  1.188
 39060,  2.197,  4.432, 18.703,  4.168,  1.202
 39120,  2.247,  4.432, 17.776,  4.170,  1.138
 39180,  2.233,  4.530, 18.614,  4.112,  1.075
 39240,  2.189,  4.425, 17.782,  4.148,  1.166
 39300,  2.239,  4.671, 18.540,  4.112,  1.167
 39360,  2.289,  4.736, 19.285,  4.128,  1.113
 39420,  2.317,  4.600, 18.214,  4.416,  1.150
