CampaignData_and_Merges/R0/CSL_MobileLab_Parked/raw/20240815/USOS-Picarro-CO2-CH4-CO-H2O_MobileLabGround_20240815_R0.ict
38, 1001
Ilana Pollack, Nell Schafer, and Jeff Peischl
NOAA Chemical Sciences Laboratory
Picarro 2401-m CO2/CH4/CO/H2O Analyzer
USOS
1, 1
2024, 08, 15, 2024, 11, 20
0
StartTime_UTC, seconds_past_midnight, seconds past midnight
5
1, 1, 1, 1, 1
-9999, -9999, -9999, -9999, -9999
StopTime_UTC, seconds_past_midnight, seconds past midnight
CO2_ppm_1min, ppm, Gas_CO2_InSitu_S_DMF, carbon dioxide mixing ratio
CH4_ppb_1min, ppb, Gas_CH4_InSitu_S_DMF, methane mixing ratio
CO_ppb_1min, ppb, Gas_CO_InSitu_S_DMF, carbon monoxide mixing ratio
H2O_ppmv_1min, ppmv, Met_H2OMRV_InSitu_S_AVMR, water vapor mixing ratio
1
SPECIAL COMMENTS: N/A
18
PI_CONTACT_INFO: Address: NOAA Chemical Sciences Laboratory, Mail Stop CSL7, 325 Broadway, Boulder, CO 80305; Email: Ilana.Pollack@noaa.gov
PLATFORM: NOAA CSL Mobile Laboratory
LOCATION: The mobile lab was stationed in Salt Lake City, Utah.
ASSOCIATED_DATA: N/A
INSTRUMENT_INFO: CO2, CH4, and CO are reported as dry air mole fractions using a commercial wavelength-scanned cavity ring-down analyzer (Picarro 2401-m). An in-field calibration gas standard of 432±0.07 ppm CO2, 2095±1 ppb CH4, and 183±1 ppb CO, calibrated in the Boulder laboratories before and after the field project using primary CO2, CH4, and CO standard tanks tied to the WMO standard (X2019, X2004A, and X2014A, respectively) from the Global Monitoring Laboratory (GML), was delivered to the inlet every 2-3 days to evaluate instrument sensitivity. A H2O measurement was calibrated before the project with a Dew Point Mirror 373 hygrometer. The water correction calculated from these calibrations was applied to the H2O measurement for the entire campaign. Species are measured at 0.5 Hz and reported as 1-minute averages for stationary measurements.
DATA_INFO: Units: CO2, ppm, dry air mole fraction; CH4, ppb, dry air mole fraction; CO, ppb, dry air mole fraction; H2O, ppmv
UNCERTAINTY: Total uncertainties are estimated as ±0.1 ppm for CO2, ±1 ppb for CH4, ±5 ppb for CO, and ±(50 ppm + 4%) for H2O.
ULOD_FLAG: -7777
ULOD_VALUE: N/A
LLOD_FLAG: -8888
LLOD_VALUE: N/A
DM_CONTACT_INFO: Data Manager: Nathan Howard; nathan.h.howard@noaa.gov
PROJECT_INFO: USOS Dates of Study: July – August 2024
STIPULATIONS_ON_USE: Use of these data require prior ok from PI.
OTHER_COMMENTS: Data are averaged to 1 minute intervals. Stationary data collected from a 10 ft tower on top of the mobile van.
REVISION: R0
R0: Final Data
StartTime_UTC, StopTime_UTC, CO2_ppm_1min, CH4_ppb_1min, CO_ppb_1min, H2O_ppmv_1min
0,60,-9999,-9999,-9999,-9999
60,120,-9999,-9999,-9999,-9999
120,180,-9999,-9999,-9999,-9999
180,240,-9999,-9999,-9999,-9999
240,300,-9999,-9999,-9999,-9999
300,360,-9999,-9999,-9999,-9999
360,420,-9999,-9999,-9999,-9999
420,480,-9999,-9999,-9999,-9999
480,540,-9999,-9999,-9999,-9999
540,600,-9999,-9999,-9999,-9999
600,660,-9999,-9999,-9999,-9999
660,720,-9999,-9999,-9999,-9999
720,780,-9999,-9999,-9999,-9999
780,840,-9999,-9999,-9999,-9999
840,900,-9999,-9999,-9999,-9999
900,960,-9999,-9999,-9999,-9999
960,1020,-9999,-9999,-9999,-9999
1020,1080,-9999,-9999,-9999,-9999
1080,1140,-9999,-9999,-9999,-9999
1140,1200,-9999,-9999,-9999,-9999
1200,1260,-9999,-9999,-9999,-9999
1260,1320,-9999,-9999,-9999,-9999
1320,1380,-9999,-9999,-9999,-9999
1380,1440,-9999,-9999,-9999,-9999
1440,1500,-9999,-9999,-9999,-9999
1500,1560,-9999,-9999,-9999,-9999
1560,1620,-9999,-9999,-9999,-9999
1620,1680,-9999,-9999,-9999,-9999
1680,1740,-9999,-9999,-9999,-9999
1740,1800,-9999,-9999,-9999,-9999
1800,1860,-9999,-9999,-9999,-9999
1860,1920,-9999,-9999,-9999,-9999
1920,1980,-9999,-9999,-9999,-9999
1980,2040,-9999,-9999,-9999,-9999
2040,2100,-9999,-9999,-9999,-9999
2100,2160,-9999,-9999,-9999,-9999
2160,2220,-9999,-9999,-9999,-9999
2220,2280,430.40,1971.1,141.6,10731.9512
2280,2340,430.57,1971.3,141.2,10996.4434
2340,2400,430.73,1971.6,144.6,11618.1367
2400,2460,430.85,1971.8,146.4,11152.6270
2460,2520,431.49,1972.0,153.9,11198.7910
2520,2580,433.66,1971.3,166.1,11443.2549
2580,2640,431.13,1970.9,141.2,10678.8721
2640,2700,433.46,1971.3,148.5,10706.3477
2700,2760,435.77,1971.5,168.7,11488.0117
2760,2820,433.27,1971.2,155.1,10698.7148
2820,2880,433.92,1971.1,156.3,11079.8242
2880,2940,432.52,1971.1,152.2,11192.8242
2940,3000,430.99,1971.1,146.8,11328.2529
3000,3060,434.19,1971.6,191.3,11034.8525
3060,3120,431.36,1970.0,151.2,10803.2031
3120,3180,430.63,1969.2,143.8,10740.5576
3180,3240,436.38,1969.9,164.9,11066.5273
3240,3300,438.07,1970.0,173.6,11280.1426
3300,3360,433.89,1970.4,275.9,11142.6729
3360,3420,433.12,1970.1,200.9,10921.6416
3420,3480,434.11,1970.3,180.7,11182.3604
3480,3540,434.78,1970.1,179.5,11466.4072
3540,3600,436.17,1970.9,172.7,11854.3379
3600,3660,434.41,1972.4,173.4,11435.8848
3660,3720,433.32,1971.4,158.1,11147.8535
3720,3780,434.96,1972.5,162.4,11543.7520
3780,3840,437.97,1971.9,178.0,11523.1074
3840,3900,436.24,1970.9,173.8,11244.5820
3900,3960,440.50,1971.9,201.4,11273.4502
3960,4020,440.44,1971.9,179.5,11467.7656
4020,4080,443.29,1973.2,189.4,11726.5723
4080,4140,446.56,1973.4,211.7,11518.5938
4140,4200,434.21,1970.1,161.7,11212.2041
4200,4260,430.97,1969.4,145.8,10843.2383
4260,4320,431.45,1969.3,150.7,10925.6572
4320,4380,436.11,1970.1,216.5,11413.9512
4380,4440,431.74,1969.4,163.8,11277.7529
4440,4500,431.17,1968.3,149.2,10909.3818
4500,4560,430.19,1967.8,139.3,10971.9785
4560,4620,428.64,1967.2,129.3,10444.7354
4620,4680,429.80,1967.5,154.0,10565.2402
4680,4740,429.16,1967.4,139.8,10533.7773
4740,4800,430.32,1968.1,150.0,10969.0547
4800,4860,429.99,1968.5,145.6,10983.6309
4860,4920,429.70,1968.2,140.0,10685.9561
4920,4980,430.19,1968.2,142.2,10661.2188
4980,5040,430.72,1968.1,145.8,10661.8672
5040,5100,429.60,1967.9,139.7,10810.1680
5100,5160,432.45,1975.0,151.0,11362.8379
5160,5220,431.61,1975.1,154.0,11557.9043
5220,5280,433.40,1975.2,149.2,11584.0176
5280,5340,432.13,1968.8,142.2,11122.1133
5340,5400,431.45,1969.1,145.8,11188.5273
5400,5460,431.77,1968.5,140.6,11118.3340
5460,5520,434.01,1969.4,146.5,11266.1035
5520,5580,436.22,1969.6,152.3,11369.9521
5580,5640,436.26,1969.6,151.6,11309.3877
5640,5700,433.72,1968.1,146.7,11005.1611
5700,5760,438.66,1970.4,156.4,11479.8506
5760,5820,436.87,1972.8,151.0,12362.0215
5820,5880,434.82,1975.2,141.8,12239.7871
5880,5940,432.05,1973.0,139.9,11553.6914
5940,6000,437.04,1977.5,145.1,12730.7188
6000,6060,437.43,1979.2,144.8,13067.5273
6060,6120,435.25,1980.8,142.4,12685.2500
6120,6180,433.45,1980.6,142.1,12187.2344
6180,6240,431.00,1973.8,139.1,11308.5498
6240,6300,429.38,1968.5,132.2,10811.7441
6300,6360,431.70,1974.2,136.0,11789.1738
6360,6420,433.58,1976.3,139.2,11904.8037
6420,6480,435.85,1980.8,156.4,12456.8086
6480,6540,434.56,1978.1,142.4,12360.0498
6540,6600,434.02,1977.2,141.0,12315.9893
6600,6660,433.79,1976.2,141.0,12341.3740
6660,6720,434.83,1976.7,141.4,12701.6221
6720,6780,436.04,1978.1,142.5,13150.2012
6780,6840,437.76,1981.0,143.6,13135.0430
6840,6900,437.53,1981.3,144.5,13111.3662
6900,6960,435.76,1980.4,140.6,12770.2373
6960,7020,437.34,1981.5,140.5,13132.5635
7020,7080,436.68,1982.5,143.9,12992.3467
7080,7140,436.46,1982.0,146.5,12970.1865
7140,7200,437.48,1984.1,150.3,13080.4785
7200,7260,437.10,1985.7,152.2,13042.4141
7260,7320,437.43,1994.0,157.1,12800.3945
7320,7380,436.70,1994.5,155.8,12610.7158
7380,7440,436.28,1991.2,163.2,12497.5957
7440,7500,440.02,1985.5,187.3,12607.1455
7500,7560,453.14,1993.7,256.4,13473.6592
7560,7620,442.13,1991.6,189.6,13159.4600
7620,7680,449.06,2002.1,248.7,13708.3398
7680,7740,450.10,2005.6,256.8,13869.5361
7740,7800,448.09,2000.7,230.4,13901.1348
7800,7860,448.22,1999.1,252.6,13892.5869
7860,7920,446.11,1993.6,211.7,13857.4629
7920,7980,446.63,1993.6,200.4,13929.6797
7980,8040,446.85,1991.8,194.9,13899.3965
8040,8100,446.52,1987.8,190.7,13706.7100
8100,8160,447.06,1987.9,189.2,13739.9639
8160,8220,445.18,1982.5,174.9,13553.5635
8220,8280,445.09,1982.3,174.9,13544.9590
8280,8340,442.27,1979.3,163.8,13315.4082
8340,8400,446.55,1980.3,189.5,13493.5635
8400,8460,443.71,1978.4,171.5,13373.4189
8460,8520,442.10,1975.6,160.0,13236.2188
8520,8580,445.58,1975.0,171.8,13327.8359
8580,8640,445.70,1975.7,185.0,13297.5850
8640,8700,449.55,1976.7,220.7,13467.5391
8700,8760,446.21,1976.0,176.5,13452.4258
8760,8820,447.74,1976.5,166.8,13429.6162
8820,8880,445.55,1974.7,164.2,13398.7422
8880,8940,451.48,1975.9,181.0,13592.2480
8940,9000,451.72,1977.7,192.2,13603.7490
9000,9060,446.51,1977.0,174.4,13498.2871
9060,9120,447.25,1977.7,175.3,13496.7725
9120,9180,444.57,1974.7,154.4,13289.6289
9180,9240,448.85,1976.2,159.9,13505.9258
9240,9300,445.47,1975.9,181.7,13238.7920
9300,9360,450.41,1977.0,195.4,13397.6270
9360,9420,448.62,1976.1,167.0,13398.1953
9420,9480,450.01,1976.5,177.7,13354.1650
9480,9540,446.28,1976.2,175.9,13254.1963
9540,9600,452.52,1977.2,233.8,13399.7949
9600,9660,450.25,1976.5,203.9,13328.3760
9660,9720,447.91,1976.4,182.1,13253.5693
9720,9780,447.86,1976.5,176.9,13272.5371
9780,9840,449.18,1976.5,180.9,13366.8027
9840,9900,445.26,1976.0,194.9,13228.5146
9900,9960,451.39,1976.9,209.2,13395.0342
9960,10020,448.05,1976.9,170.8,13341.9844
10020,10080,447.97,1978.9,175.1,13313.3564
10080,10140,448.46,1979.1,174.3,13437.9326
10140,10200,447.95,1978.5,170.3,13441.5381
10200,10260,446.80,1978.3,169.3,13395.3174
10260,10320,446.59,1977.5,164.5,13462.8213
10320,10380,449.33,1979.0,171.9,13561.1777
10380,10440,450.94,1977.6,171.3,13521.7588
10440,10500,448.79,1977.8,167.9,13571.2080
10500,10560,449.13,1977.0,168.6,13569.7285
10560,10620,447.44,1976.1,186.2,13424.7559
10620,10680,448.83,1976.5,185.2,13576.2090
10680,10740,450.70,1973.6,197.8,13436.7910
10740,10800,445.07,1971.7,260.2,13269.4893
10800,10860,443.58,1969.3,213.2,13201.7100
10860,10920,443.68,1968.5,183.8,13214.4277
10920,10980,441.63,1967.0,151.5,13100.7764
10980,11040,442.62,1966.5,143.6,13104.4219
11040,11100,443.51,1965.8,152.3,13180.8525
11100,11160,441.99,1965.4,184.3,12919.6895
11160,11220,442.19,1966.0,182.3,13021.5127
11220,11280,440.62,1964.3,151.7,12813.7031
11280,11340,440.83,1964.6,144.9,12836.3379
11340,11400,441.43,1963.8,150.0,12913.6670
11400,11460,440.42,1962.7,148.6,12894.8223
11460,11520,439.35,1962.7,144.8,12828.5547
11520,11580,440.67,1963.4,153.7,12897.3867
11580,11640,440.37,1962.7,157.8,12798.6826
11640,11700,440.41,1962.7,146.2,12892.3398
11700,11760,440.59,1963.3,152.4,12884.9502
11760,11820,439.62,1962.4,142.4,12800.9941
11820,11880,438.99,1961.7,135.5,12763.0586
11880,11940,439.66,1962.0,137.4,12752.0957
11940,12000,440.57,1962.5,139.4,12826.8311
12000,12060,441.64,1962.8,143.8,12944.7617
12060,12120,441.12,1962.5,146.5,12813.3359
12120,12180,440.34,1962.6,139.3,12845.2275
12180,12240,440.82,1962.8,141.3,12843.1631
12240,12300,440.15,1962.6,136.8,12788.1738
12300,12360,443.56,1962.6,147.8,12857.6709
12360,12420,442.69,1963.1,146.3,12898.8418
12420,12480,441.94,1963.7,147.8,12845.4395
12480,12540,442.93,1964.1,148.6,12884.1689
12540,12600,442.02,1963.6,145.4,12752.3877
12600,12660,441.62,1963.1,137.1,12749.2705
12660,12720,442.79,1963.2,140.7,12808.5859
12720,12780,442.92,1963.6,147.5,12830.3828
12780,12840,442.81,1963.5,147.0,12856.2422
12840,12900,441.89,1962.7,147.8,12718.4297
12900,12960,440.79,1961.2,136.2,13200.9180
12960,13020,442.69,1961.8,141.8,13571.2939
13020,13080,442.19,1961.1,137.0,13020.3574
13080,13140,442.27,1961.5,139.1,13056.7969
13140,13200,444.58,1962.3,170.2,13494.5771
13200,13260,441.74,1961.0,140.7,13340.8047
13260,13320,441.48,1960.9,133.1,12958.0781
13320,13380,441.04,1961.0,132.0,13011.1348
13380,13440,442.40,1961.0,141.2,13333.3965
13440,13500,442.38,1961.0,143.5,12876.5488
13500,13560,441.67,1961.1,138.9,13067.1865
13560,13620,440.53,1961.2,132.7,12796.4531
13620,13680,440.93,1960.9,133.7,13095.5801
13680,13740,441.04,1960.6,128.5,13020.4404
13740,13800,439.67,1960.3,140.8,12683.0068
13800,13860,439.74,1960.4,150.4,12863.0078
13860,13920,439.49,1959.9,143.4,12872.7236
13920,13980,441.20,1960.3,151.1,12672.6445
13980,14040,437.94,1960.6,126.3,12679.6758
14040,14100,439.80,1962.4,130.5,12776.5264
14100,14160,440.08,1961.5,131.4,12465.0996
14160,14220,439.16,1961.2,128.3,12398.8223
14220,14280,441.71,1960.4,132.8,12686.8457
14280,14340,443.65,1961.4,149.7,12676.7256
14340,14400,440.36,1960.7,175.1,12631.8154
14400,14460,442.02,1960.2,148.0,12534.6924
14460,14520,439.30,1960.0,129.6,12435.2734
14520,14580,443.03,1961.6,151.3,12721.0059
14580,14640,439.24,1960.7,140.3,12324.8125
14640,14700,442.05,1961.4,164.4,12582.5684
14700,14760,441.36,1962.0,178.7,12784.9463
14760,14820,441.30,1960.4,169.3,12536.7168
14820,14880,440.40,1959.8,151.4,12285.7402
14880,14940,443.54,1960.1,146.5,12500.1641
14940,15000,440.42,1960.0,155.4,12262.8828
15000,15060,437.38,1958.2,130.1,12385.3584
15060,15120,440.02,1959.0,155.6,12450.5869
15120,15180,438.51,1958.3,136.5,12457.3428
15180,15240,435.95,1957.3,122.0,11964.7832
15240,15300,436.55,1957.5,122.7,12361.7979
15300,15360,437.06,1957.8,125.6,12328.8408
15360,15420,436.86,1958.0,125.0,12422.2656
15420,15480,436.33,1958.0,126.0,12056.7363
15480,15540,435.58,1957.9,124.4,11987.1025
15540,15600,436.71,1958.9,126.9,12251.0918
15600,15660,435.86,1958.8,127.3,12211.1143
15660,15720,436.05,1958.4,129.5,12197.5986
15720,15780,435.94,1958.1,142.5,12069.1797
15780,15840,435.06,1957.9,133.7,12104.2090
15840,15900,435.58,1958.2,129.3,12193.1455
15900,15960,435.48,1958.5,156.7,12254.4316
15960,16020,434.42,1958.1,170.1,11929.1348
16020,16080,434.45,1958.1,131.1,11959.4600
16080,16140,434.18,1957.3,119.4,11778.6035
16140,16200,435.26,1958.0,119.8,12145.1328
16200,16260,435.13,1957.6,122.8,11921.1855
16260,16320,435.42,1958.0,125.2,11960.9961
16320,16380,435.44,1957.7,126.5,12106.6699
16380,16440,434.58,1957.8,119.0,12073.0381
16440,16500,434.43,1957.5,118.7,11967.7676
16500,16560,434.08,1957.8,123.2,11871.3145
16560,16620,434.35,1957.6,120.5,11928.4375
16620,16680,434.13,1957.5,119.8,11935.3076
16680,16740,433.78,1957.7,117.5,11953.6074
16740,16800,433.27,1957.0,124.4,11789.3115
16800,16860,433.59,1957.6,176.1,11802.5410
16860,16920,434.70,1958.1,271.9,12047.9883
16920,16980,434.15,1957.0,139.2,12027.8975
16980,17040,433.45,1955.7,120.3,11934.6768
17040,17100,433.10,1955.4,120.7,11842.1406
17100,17160,432.69,1955.1,116.5,11812.9951
17160,17220,432.26,1955.2,116.4,11799.7744
17220,17280,432.37,1955.0,114.1,11775.0166
17280,17340,433.31,1955.6,116.7,11940.5625
17340,17400,433.02,1955.5,116.1,11982.1719
17400,17460,433.23,1955.7,120.6,12020.1445
17460,17520,433.93,1955.7,119.0,12158.6982
17520,17580,433.28,1955.2,119.9,12031.4238
17580,17640,433.12,1955.3,118.5,11966.7021
17640,17700,433.52,1955.5,118.0,12019.4453
17700,17760,433.80,1955.9,123.8,12086.8154
17760,17820,433.96,1955.9,122.3,12052.1875
17820,17880,433.63,1955.6,120.2,11905.3604
17880,17940,433.64,1955.5,115.4,11889.1963
17940,18000,434.26,1955.7,116.2,12097.7998
18000,18060,433.85,1955.5,114.0,12052.0732
18060,18120,433.77,1955.5,115.7,12006.9600
18120,18180,433.96,1956.2,115.4,12050.6787
18180,18240,433.67,1956.2,114.9,11963.1260
18240,18300,434.28,1954.9,116.8,12245.1602
18300,18360,434.57,1955.4,129.1,12130.5898
18360,18420,436.07,1956.2,128.4,12256.0049
18420,18480,434.86,1956.0,129.2,11949.1006
18480,18540,435.34,1957.2,128.2,11873.2334
18540,18600,437.03,1961.3,134.9,12133.3076
18600,18660,441.61,1967.9,152.8,12411.9404
18660,18720,443.81,1970.7,165.7,12612.8965
18720,18780,446.10,1972.7,174.1,12750.0273
18780,18840,447.51,1973.6,176.5,12791.9141
18840,18900,447.93,1973.8,178.9,12823.4805
18900,18960,448.47,1974.5,182.5,12875.6211
18960,19020,447.89,1972.8,174.1,12866.0215
19020,19080,449.19,1974.0,178.7,12885.5059
19080,19140,451.17,1975.0,182.5,12970.2637
19140,19200,449.75,1973.7,177.3,12872.2969
19200,19260,447.21,1969.4,170.9,12662.0840
19260,19320,447.35,1969.2,174.0,12658.9854
19320,19380,447.06,1969.1,171.9,12636.3604
19380,19440,446.50,1968.6,169.1,12569.9346
19440,19500,444.94,1967.3,164.5,12465.0635
19500,19560,441.87,1963.7,154.1,12196.1250
19560,19620,444.12,1966.0,160.0,12384.0908
19620,19680,445.32,1966.7,164.5,12584.4697
19680,19740,446.62,1965.9,164.9,12728.5645
19740,19800,445.81,1965.0,164.9,12364.2842
19800,19860,438.86,1960.0,143.0,11884.7695
19860,19920,441.24,1962.6,149.0,12166.6611
19920,19980,441.80,1962.7,152.2,12286.2744
19980,20040,445.30,1966.5,167.4,12330.8330
20040,20100,439.07,1961.4,142.1,11926.4883
20100,20160,439.99,1961.3,144.5,12013.3945
20160,20220,440.22,1961.3,143.7,11993.4785
20220,20280,444.43,1964.4,150.0,12799.9053
20280,20340,446.36,1967.0,155.0,12376.7959
20340,20400,446.06,1967.0,162.8,12309.8604
20400,20460,442.40,1963.0,142.8,12076.2227
20460,20520,434.54,1957.1,129.6,11509.0635
20520,20580,436.31,1958.7,132.4,11590.9385
20580,20640,437.39,1960.6,142.6,11691.3496
20640,20700,438.58,1960.9,142.1,11784.1230
20700,20760,441.56,1961.9,157.8,12218.0762
20760,20820,438.42,1958.4,135.6,12004.1523
20820,20880,435.90,1958.0,126.1,11844.0439
20880,20940,436.39,1958.6,128.6,11974.4893
20940,21000,435.43,1958.3,122.9,11907.6836
21000,21060,436.89,1958.5,134.0,12309.3105
21060,21120,437.34,1959.2,156.9,11954.0498
21120,21180,436.78,1959.1,146.6,11915.8076
21180,21240,433.98,1957.6,133.7,11496.6299
21240,21300,432.86,1957.2,120.9,11381.1973
21300,21360,432.37,1956.0,123.3,11339.9424
21360,21420,431.99,1954.7,118.5,11324.0879
21420,21480,431.92,1954.8,117.9,11422.8320
21480,21540,435.48,1956.0,151.3,11704.3857
21540,21600,435.48,1956.7,145.6,11976.3330
21600,21660,434.12,1957.1,137.8,11515.2705
21660,21720,433.25,1957.3,123.0,11509.8945
21720,21780,432.78,1957.3,120.8,11421.5781
21780,21840,432.73,1956.8,121.3,11530.4648
21840,21900,432.29,1956.4,120.6,11407.4150
21900,21960,434.46,1956.0,120.7,11648.6533
21960,22020,434.03,1956.1,120.2,11650.8643
22020,22080,433.20,1955.6,114.6,11611.8770
22080,22140,433.39,1955.5,113.9,11701.4961
22140,22200,432.34,1954.9,113.6,11494.0791
22200,22260,431.95,1954.6,113.6,11360.3037
22260,22320,434.32,1956.1,115.2,11727.6182
22320,22380,433.35,1955.7,113.2,11534.2061
22380,22440,433.71,1956.7,133.0,11582.7061
22440,22500,432.22,1955.5,145.6,11387.5537
22500,22560,433.14,1955.1,124.7,11590.9072
22560,22620,432.43,1954.1,110.4,11466.4521
22620,22680,431.36,1953.8,112.4,11298.9131
22680,22740,432.43,1954.7,113.7,11430.3818
22740,22800,431.92,1955.0,111.2,11233.6406
22800,22860,431.52,1955.5,111.4,11082.1836
22860,22920,432.83,1957.9,117.0,11311.5391
22920,22980,431.30,1956.7,117.2,11179.0137
22980,23040,431.52,1955.1,110.6,11167.0518
23040,23100,434.20,1957.6,140.5,11437.9004
23100,23160,431.75,1954.8,121.2,11247.8418
