CampaignData_and_Merges/R0/CSL_MobileLab_Parked/raw/20240815/USOS-MetNav_MobileLabGround_20240815_R0.ict
44, 1001
Carrie Womack, Nate Howard, Mike Zucker
NOAA Chemical Sciences Laboratory
Mobile Lab MetNav Station
USOS
1, 1
2024, 08, 15, 2024, 12, 21
60
Time_Start, seconds_past_midnight, Seconds from midnight UTC
11
1, 1, 1, 1, 1, 1, 1, 1, 1, 1, 1
-9999, -9999, -9999, -9999, -9999, -9999, -9999, -9999, -9999, -9999, -9999
GPS_Alt_m, meters, Altitude from Differential GPS
GPS_Course_deg, degrees, Course from Differential GPS
GPS_GndSpd_m_s, m/s, Ground Speed from Differential GPS
GPS_Heading_deg, degrees, Heading from Differential GPS
GPS_Lat_deg, degrees, Latitude from Differential GPS
GPS_Lon_deg, degrees, Longitude from Differential GPS
AirTemp_C, Celsius, Air Temperature from Airmar
RelHumidity_pct, percent, Relative Humidity from Airmar
Pressure_mb, millibars, Pressure from Honeywell
WindDir_calc_deg, degrees, Wind Direction from Airmar corrected for van movement
WindSpd_calc_m_s, m/s, Wind Speed from Airmar corrected for van movement
1
SPECIAL COMMENTS:
18
PI_CONTACT_INFO: Address: 325 Broadway R/CSL7, Boulder, CO, 80305
PLATFORM: CSL Mobile Lab
LOCATION: Salt Lake City, UT
ASSOCIATED_DATA: N/A
INSTRUMENT_INFO: N/A
DATA_INFO: Units:
UNCERTAINTY: N/A
ULOD_FLAG: -7777
ULOD_VALUE: N/A
LLOD_FLAG: -8888
LLOD_VALUE: N/A
DM_CONTACT_INFO: Data Manager: Nate Howard
PROJECT_INFO: 
STIPULATIONS_ON_USE: Use of these data require prior ok from PI.
OTHER_COMMENTS: 
REVISION: R0
R0: Final data. Fixed bug in wind averaging code. RA: Preliminary Data. For in-field use only. 
Time_Start, GPS_Alt_m, GPS_Course_deg, GPS_GndSpd_m_s, GPS_Heading_deg, GPS_Lat_deg, GPS_Lon_deg, AirTemp_C, RelHumidity_pct, Pressure_mb, WindDir_calc_deg, WindSpd_calc_m_s
[from data line 627]
37620.0,1308.9,2.72,0.05,2.72,40.73434,-111.87210,21.2,34.4,876.7,113.19,3.3
37680.0,1308.6,2.75,0.05,2.75,40.73434,-111.87210,21.2,34.4,876.7,108.66,2.4
37740.0,1308.8,2.65,0.05,2.65,40.73434,-111.87210,21.2,34.4,876.7,113.35,3.1
37800.0,1309.3,3.09,0.05,3.09,40.73434,-111.87210,21.2,34.3,876.7,117.29,3.9
37860.0,1309.5,2.82,0.04,2.82,40.73434,-111.87210,21.2,34.7,876.7,117.53,3.2
37920.0,1309.4,3.17,0.05,3.17,40.73434,-111.87210,21.2,34.6,876.7,126.50,2.8
37980.0,1309.3,3.73,0.05,3.73,40.73434,-111.87210,21.2,34.8,876.7,115.34,2.4
38040.0,1309.5,3.26,0.05,3.26,40.73434,-111.87210,21.1,34.6,876.7,116.92,2.4
38100.0,1309.9,3.07,0.05,3.07,40.73434,-111.87210,21.1,34.6,876.6,118.33,3.9
38160.0,1310.1,3.39,0.05,3.39,40.73434,-111.87210,21.1,34.7,876.6,113.27,2.5
38220.0,1310.3,3.18,0.04,3.18,40.73434,-111.87210,21.1,34.6,876.6,117.18,2.3
38280.0,1310.3,3.38,0.05,3.38,40.73434,-111.87210,21.1,34.8,876.7,120.94,3.3
38340.0,1310.2,3.40,0.04,3.40,40.73434,-111.87210,21.0,34.6,876.7,110.83,3.4
38400.0,1309.8,3.05,0.06,3.05,40.73434,-111.87210,21.1,34.8,876.7,113.56,2.3
38460.0,1309.7,3.37,0.05,3.37,40.73434,-111.87210,21.1,34.5,876.7,122.70,2.9
38520.0,1309.8,2.96,0.05,2.96,40.73434,-111.87210,21.1,34.7,876.7,126.32,3.9
38580.0,1309.4,2.43,0.06,2.43,40.73434,-111.87210,21.1,34.6,876.7,119.11,3.8
38640.0,1309.6,2.79,0.05,2.79,40.73434,-111.87210,21.1,34.8,876.7,113.86,2.1
38700.0,1309.6,2.78,0.05,2.78,40.73434,-111.87210,21.1,34.5,876.7,108.79,2.5
38760.0,1309.6,2.39,0.05,2.39,40.73434,-111.87210,21.0,34.6,876.7,119.01,4.2
38820.0,1309.7,2.46,0.05,2.46,40.73434,-111.87210,21.1,34.9,876.7,119.55,2.3
38880.0,1309.6,2.65,0.05,2.65,40.73434,-111.87210,21.0,34.8,876.6,119.42,1.9
38940.0,1309.5,3.16,0.05,3.16,40.73434,-111.87210,21.1,34.9,876.6,104.50,1.1
39000.0,1309.1,3.11,0.05,3.11,40.73434,-111.87210,21.0,34.8,876.7,115.21,2.0
39060.0,1309.2,3.28,0.05,3.28,40.73434,-111.87210,21.0,35.1,876.6,117.61,2.1
39120.0,1309.2,2.89,0.05,2.89,40.73434,-111.87210,20.9,34.9,876.7,112.62,2.9
39180.0,1309.2,2.81,0.05,2.81,40.73434,-111.87210,21.0,35.1,876.7,120.05,2.3
39240.0,1309.1,2.71,0.04,2.71,40.73434,-111.87210,20.9,35.0,876.7,118.39,3.7
39300.0,1308.9,3.20,0.04,3.20,40.73434,-111.87210,20.9,34.9,876.7,122.08,3.2
39360.0,1308.8,3.39,0.04,3.39,40.73434,-111.87210,20.9,34.8,876.7,108.18,3.6
39420.0,1308.7,3.07,0.05,3.07,40.73434,-111.87210,20.9,34.6,876.7,110.69,3.7
39480.0,1308.8,2.52,0.04,2.52,40.73434,-111.87210,20.9,34.5,876.7,120.10,4.6
39540.0,1308.7,2.76,0.04,2.76,40.73434,-111.87210,21.0,34.8,876.7,112.10,1.9
39600.0,1308.7,2.79,0.05,2.79,40.73434,-111.87210,21.1,34.6,876.7,121.13,3.4
39660.0,1308.7,2.49,0.05,2.49,40.73434,-111.87210,21.0,34.9,876.7,108.79,1.8
39720.0,1308.6,2.30,0.04,2.30,40.73434,-111.87210,21.0,35.1,876.7,115.47,2.7
39780.0,1308.5,2.15,0.05,2.15,40.73434,-111.87210,20.9,35.2,876.7,107.20,2.4
39840.0,1308.6,2.55,0.05,2.55,40.73434,-111.87210,20.9,35.0,876.7,105.28,2.1
39900.0,1308.7,2.72,0.04,2.72,40.73434,-111.87210,20.9,35.1,876.7,113.48,1.9
39960.0,1308.7,2.48,0.05,2.48,40.73434,-111.87210,20.9,35.1,876.7,109.12,1.9
40020.0,1308.6,2.48,0.05,2.48,40.73434,-111.87210,20.9,35.2,876.7,101.30,2.3
40080.0,1308.8,2.96,0.04,2.96,40.73434,-111.87210,20.9,35.0,876.7,107.05,2.2
40140.0,1308.9,3.24,0.04,3.24,40.73434,-111.87210,21.0,34.3,876.7,113.44,1.5
40200.0,1309.0,2.98,0.04,2.98,40.73434,-111.87210,21.0,34.5,876.7,99.96,2.7
40260.0,1308.9,2.96,0.04,2.96,40.73434,-111.87210,21.0,34.9,876.7,115.78,3.2
40320.0,1308.9,2.52,0.04,2.52,40.73434,-111.87210,21.0,35.1,876.7,116.52,1.9
40380.0,1308.9,2.82,0.05,2.82,40.73434,-111.87210,21.0,34.9,876.6,107.88,1.8
40440.0,1309.0,2.84,0.04,2.84,40.73433,-111.87210,20.9,35.0,876.6,117.15,3.3
40500.0,1309.0,2.74,0.05,2.74,40.73433,-111.87210,20.9,34.9,876.6,119.34,3.4
40560.0,1309.2,2.82,0.05,2.82,40.73433,-111.87210,20.9,35.0,876.5,115.99,1.8
40620.0,1309.2,2.99,0.05,2.99,40.73433,-111.87210,20.9,34.9,876.5,112.28,2.5
40680.0,1309.2,2.97,0.05,2.97,40.73433,-111.87210,20.9,35.0,876.5,119.85,2.5
40740.0,1309.2,2.96,0.04,2.96,40.73433,-111.87210,20.9,35.0,876.5,120.58,1.5
40800.0,1309.3,2.38,0.04,2.38,40.73433,-111.87210,21.0,35.3,876.5,135.71,2.1
40860.0,1309.3,2.08,0.04,2.08,40.73433,-111.87210,20.9,35.4,876.6,116.24,1.5
40920.0,1309.3,1.99,0.05,1.99,40.73433,-111.87210,21.0,35.2,876.5,125.23,0.5
40980.0,1309.4,2.37,0.05,2.37,40.73433,-111.87210,20.9,35.0,876.5,104.52,2.6
41040.0,1309.1,2.38,0.04,2.38,40.73433,-111.87210,20.9,35.0,876.6,115.84,2.5
41100.0,1309.1,2.61,0.04,2.61,40.73434,-111.87210,20.9,35.0,876.6,115.22,2.3
41160.0,1309.1,2.15,0.05,2.15,40.73434,-111.87210,20.8,35.1,876.6,110.37,5.2
41220.0,1309.0,2.04,0.05,2.04,40.73434,-111.87210,20.9,35.4,876.5,117.69,2.4
41280.0,1309.1,1.66,0.05,1.66,40.73434,-111.87210,20.8,35.0,876.2,115.93,4.6
41340.0,1309.1,1.67,0.04,1.67,40.73434,-111.87210,20.8,35.2,876.2,113.53,3.7
41400.0,1309.2,1.73,0.05,1.73,40.73434,-111.87210,20.9,35.2,876.3,116.32,2.9
41460.0,1309.1,1.79,0.04,1.79,40.73434,-111.87210,20.8,35.2,876.4,101.22,2.6
41520.0,1309.2,1.93,0.04,1.93,40.73434,-111.87210,20.7,35.5,876.4,115.23,3.9
41580.0,1309.2,2.00,0.04,2.00,40.73434,-111.87210,20.8,35.5,876.4,115.81,3.4
41640.0,1309.2,1.77,0.04,1.77,40.73434,-111.87210,20.7,35.5,876.4,119.42,3.2
41700.0,1309.1,2.05,0.04,2.05,40.73434,-111.87210,20.7,35.6,876.4,121.27,3.2
41760.0,1309.1,2.05,0.04,2.05,40.73434,-111.87210,20.7,35.8,876.2,124.95,3.3
41820.0,1309.3,2.08,0.04,2.08,40.73433,-111.87210,20.7,36.0,876.2,119.20,1.9
41880.0,1309.3,1.69,0.04,1.69,40.73433,-111.87210,20.7,35.8,876.2,124.04,2.4
41940.0,1309.4,2.21,0.04,2.21,40.73433,-111.87210,20.6,36.0,876.2,124.19,2.6
42000.0,1309.3,2.03,0.04,2.03,40.73433,-111.87210,20.5,36.1,876.2,118.13,2.6
42060.0,1309.2,1.96,0.04,1.96,40.73433,-111.87210,20.5,35.9,876.3,108.50,2.1
42120.0,1309.2,2.26,0.05,2.26,40.73433,-111.87210,20.5,35.8,876.2,127.37,3.1
42180.0,1309.2,2.44,0.05,2.44,40.73433,-111.87210,20.5,35.8,876.2,119.12,3.2
42240.0,1309.3,2.35,0.04,2.35,40.73433,-111.87210,20.6,35.6,876.2,115.72,2.7
42300.0,1309.7,2.18,0.05,2.18,40.73433,-111.87210,20.6,35.7,876.2,113.78,2.6
42360.0,1310.1,2.06,0.05,2.06,40.73433,-111.87210,20.6,35.4,876.2,123.92,3.5
42420.0,1310.1,1.54,0.05,1.54,40.73433,-111.87210,20.5,35.5,876.2,115.07,2.8
42480.0,-9999.0,-9999.00,-9999.00,-9999.00,-9999.00000,-9999.00000,-9999.0,-9999.0,-9999.0,-9999.00,-9999.0
42540.0,-9999.0,-9999.00,-9999.00,-9999.00,-9999.00000,-9999.00000,-9999.0,-9999.0,-9999.0,-9999.00,-9999.0
42600.0,-9999.0,-9999.00,-9999.00,-9999.00,-9999.00000,-9999.00000,-9999.0,-9999.0,-9999.0,-9999.00,-9999.0
42660.0,-9999.0,-9999.00,-9999.00,-9999.00,-9999.00000,-9999.00000,-9999.0,-9999.0,-9999.0,-9999.00,-9999.0
42720.0,-9999.0,-9999.00,-9999.00,-9999.00,-9999.00000,-9999.00000,-9999.0,-9999.0,-9999.0,-9999.00,-9999.0
42780.0,-9999.0,-9999.00,-9999.00,-9999.00,-9999.00000,-9999.00000,-9999.0,-9999.0,-9999.0,-9999.00,-9999.0
42840.0,-9999.0,-9999.00,-9999.00,-9999.00,-9999.00000,-9999.00000,-9999.0,-9999.0,-9999.0,-9999.00,-9999.0
42900.0,-9999.0,-9999.00,-9999.00,-9999.00,-9999.00000,-9999.00000,-9999.0,-9999.0,-9999.0,-9999.00,-9999.0
42960.0,-9999.0,-9999.00,-9999.00,-9999.00,-9999.00000,-9999.00000,-9999.0,-9999.0,-9999.0,-9999.00,-9999.0
43020.0,-9999.0,-9999.00,-9999.00,-9999.00,-9999.00000,-9999.00000,-9999.0,-9999.0,-9999.0,-9999.00,-9999.0
43080.0,-9999.0,-9999.00,-9999.00,-9999.00,-9999.00000,-9999.00000,-9999.0,-9999.0,-9999.0,-9999.00,-9999.0
43140.0,-9999.0,-9999.00,-9999.00,-9999.00,-9999.00000,-9999.00000,-9999.0,-9999.0,-9999.0,-9999.00,-9999.0
43200.0,-9999.0,-9999.00,-9999.00,-9999.00,-9999.00000,-9999.00000,-9999.0,-9999.0,-9999.0,-9999.00,-9999.0
43260.0,-9999.0,-9999.00,-9999.00,-9999.00,-9999.00000,-9999.00000,-9999.0,-9999.0,-9999.0,-9999.00,-9999.0
43320.0,-9999.0,-9999.00,-9999.00,-9999.00,-9999.00000,-9999.00000,-9999.0,-9999.0,-9999.0,-9999.00,-9999.0
43380.0,-9999.0,-9999.00,-9999.00,-9999.00,-9999.00000,-9999.00000,-9999.0,-9999.0,-9999.0,-9999.00,-9999.0
43440.0,-9999.0,-9999.00,-9999.00,-9999.00,-9999.00000,-9999.00000,-9999.0,-9999.0,-9999.0,-9999.00,-9999.0
43500.0,-9999.0,-9999.00,-9999.00,-9999.00,-9999.00000,-9999.00000,-9999.0,-9999.0,-9999.0,-9999.00,-9999.0
43560.0,-9999.0,-9999.00,-9999.00,-9999.00,-9999.00000,-9999.00000,-9999.0,-9999.0,-9999.0,-9999.00,-9999.0
43620.0,-9999.0,-9999.00,-9999.00,-9999.00,-9999.00000,-9999.00000,-9999.0,-9999.0,-9999.0,-9999.00,-9999.0
43680.0,-9999.0,-9999.00,-9999.00,-9999.00,-9999.00000,-9999.00000,-9999.0,-9999.0,-9999.0,-9999.00,-9999.0
43740.0,-9999.0,-9999.00,-9999.00,-9999.00,-9999.00000,-9999.00000,-9999.0,-9999.0,-9999.0,-9999.00,-9999.0
43800.0,-9999.0,-9999.00,-9999.00,-9999.00,-9999.00000,-9999.00000,-9999.0,-9999.0,-9999.0,-9999.00,-9999.0
43860.0,-9999.0,-9999.00,-9999.00,-9999.00,-9999.00000,-9999.00000,-9999.0,-9999.0,-9999.0,-9999.00,-9999.0
43920.0,-9999.0,-9999.00,-9999.00,-9999.00,-9999.00000,-9999.00000,-9999.0,-9999.0,-9999.0,-9999.00,-9999.0
43980.0,-9999.0,-9999.00,-9999.00,-9999.00,-9999.00000,-9999.00000,-9999.0,-9999.0,-9999.0,-9999.00,-9999.0
44040.0,-9999.0,-9999.00,-9999.00,-9999.00,-9999.00000,-9999.00000,-9999.0,-9999.0,-9999.0,-9999.00,-9999.0
44100.0,-9999.0,-9999.00,-9999.00,-9999.00,-9999.00000,-9999.00000,-9999.0,-9999.0,-9999.0,-9999.00,-9999.0
44160.0,-9999.0,-9999.00,-9999.00,-9999.00,-9999.00000,-9999.00000,-9999.0,-9999.0,-9999.0,-9999.00,-9999.0
44220.0,-9999.0,-9999.00,-9999.00,-9999.00,-9999.00000,-9999.00000,-9999.0,-9999.0,-9999.0,-9999.00,-9999.0
44280.0,-9999.0,-9999.00,-9999.00,-9999.00,-9999.00000,-9999.00000,-9999.0,-9999.0,-9999.0,-9999.00,-9999.0
44340.0,-9999.0,-9999.00,-9999.00,-9999.00,-9999.00000,-9999.00000,-9999.0,-9999.0,-9999.0,-9999.00,-9999.0
44400.0,-9999.0,-9999.00,-9999.00,-9999.00,-9999.00000,-9999.00000,-9999.0,-9999.0,-9999.0,-9999.00,-9999.0
44460.0,-9999.0,-9999.00,-9999.00,-9999.00,-9999.00000,-9999.00000,-9999.0,-9999.0,-9999.0,-9999.00,-9999.0
44520.0,-9999.0,-9999.00,-9999.00,-9999.00,-9999.00000,-9999.00000,-9999.0,-9999.0,-9999.0,-9999.00,-9999.0
44580.0,-9999.0,-9999.00,-9999.00,-9999.00,-9999.00000,-9999.00000,-9999.0,-9999.0,-9999.0,-9999.00,-9999.0
44640.0,-9999.0,-9999.00,-9999.00,-9999.00,-9999.00000,-9999.00000,-9999.0,-9999.0,-9999.0,-9999.00,-9999.0
44700.0,-9999.0,-9999.00,-9999.00,-9999.00,-9999.00000,-9999.00000,-9999.0,-9999.0,-9999.0,-9999.00,-9999.0
44760.0,-9999.0,-9999.00,-9999.00,-9999.00,-9999.00000,-9999.00000,-9999.0,-9999.0,-9999.0,-9999.00,-9999.0
44820.0,-9999.0,-9999.00,-9999.00,-9999.00,-9999.00000,-9999.00000,-9999.0,-9999.0,-9999.0,-9999.00,-9999.0
44880.0,-9999.0,-9999.00,-9999.00,-9999.00,-9999.00000,-9999.00000,-9999.0,-9999.0,-9999.0,-9999.00,-9999.0
44940.0,-9999.0,-9999.00,-9999.00,-9999.00,-9999.00000,-9999.00000,-9999.0,-9999.0,-9999.0,-9999.00,-9999.0
45000.0,-9999.0,-9999.00,-9999.00,-9999.00,-9999.00000,-9999.00000,-9999.0,-9999.0,-9999.0,-9999.00,-9999.0
45060.0,-9999.0,-9999.00,-9999.00,-9999.00,-9999.00000,-9999.00000,-9999.0,-9999.0,-9999.0,-9999.00,-9999.0
45120.0,-9999.0,-9999.00,-9999.00,-9999.00,-9999.00000,-9999.00000,-9999.0,-9999.0,-9999.0,-9999.00,-9999.0
45180.0,-9999.0,-9999.00,-9999.00,-9999.00,-9999.00000,-9999.00000,-9999.0,-9999.0,-9999.0,-9999.00,-9999.0
45240.0,-9999.0,-9999.00,-9999.00,-9999.00,-9999.00000,-9999.00000,-9999.0,-9999.0,-9999.0,-9999.00,-9999.0
45300.0,-9999.0,-9999.00,-9999.00,-9999.00,-9999.00000,-9999.00000,-9999.0,-9999.0,-9999.0,-9999.00,-9999.0
45360.0,-9999.0,-9999.00,-9999.00,-9999.00,-9999.00000,-9999.00000,-9999.0,-9999.0,-9999.0,-9999.00,-9999.0
45420.0,-9999.0,-9999.00,-9999.00,-9999.00,-9999.00000,-9999.00000,-9999.0,-9999.0,-9999.0,-9999.00,-9999.0
45480.0,-9999.0,-9999.00,-9999.00,-9999.00,-9999.00000,-9999.00000,-9999.0,-9999.0,-9999.0,-9999.00,-9999.0
45540.0,-9999.0,-9999.00,-9999.00,-9999.00,-9999.00000,-9999.00000,-9999.0,-9999.0,-9999.0,-9999.00,-9999.0
45600.0,-9999.0,-9999.00,-9999.00,-9999.00,-9999.00000,-9999.00000,-9999.0,-9999.0,-9999.0,-9999.00,-9999.0
45660.0,-9999.0,-9999.00,-9999.00,-9999.00,-9999.00000,-9999.00000,-9999.0,-9999.0,-9999.0,-9999.00,-9999.0
45720.0,-9999.0,-9999.00,-9999.00,-9999.00,-9999.00000,-9999.00000,-9999.0,-9999.0,-9999.0,-9999.00,-9999.0
45780.0,-9999.0,-9999.00,-9999.00,-9999.00,-9999.00000,-9999.00000,-9999.0,-9999.0,-9999.0,-9999.00,-9999.0
45840.0,-9999.0,-9999.00,-9999.00,-9999.00,-9999.00000,-9999.00000,-9999.0,-9999.0,-9999.0,-9999.00,-9999.0
45900.0,-9999.0,-9999.00,-9999.00,-9999.00,-9999.00000,-9999.00000,-9999.0,-9999.0,-9999.0,-9999.00,-9999.0
45960.0,-9999.0,-9999.00,-9999.00,-9999.00,-9999.00000,-9999.00000,-9999.0,-9999.0,-9999.0,-9999.00,-9999.0
46020.0,-9999.0,-9999.00,-9999.00,-9999.00,-9999.00000,-9999.00000,-9999.0,-9999.0,-9999.0,-9999.00,-9999.0
46080.0,-9999.0,-9999.00,-9999.00,-9999.00,-9999.00000,-9999.00000,-9999.0,-9999.0,-9999.0,-9999.00,-9999.0
46140.0,-9999.0,-9999.00,-9999.00,-9999.00,-9999.00000,-9999.00000,-9999.0,-9999.0,-9999.0,-9999.00,-9999.0
46200.0,-9999.0,-9999.00,-9999.00,-9999.00,-9999.00000,-9999.00000,-9999.0,-9999.0,-9999.0,-9999.00,-9999.0
46260.0,-9999.0,-9999.00,-9999.00,-9999.00,-9999.00000,-9999.00000,-9999.0,-9999.0,-9999.0,-9999.00,-9999.0
46320.0,-9999.0,-9999.00,-9999.00,-9999.00,-9999.00000,-9999.00000,-9999.0,-9999.0,-9999.0,-9999.00,-9999.0
46380.0,-9999.0,-9999.00,-9999.00,-9999.00,-9999.00000,-9999.00000,-9999.0,-9999.0,-9999.0,-9999.00,-9999.0
46440.0,-9999.0,-9999.00,-9999.00,-9999.00,-9999.00000,-9999.00000,-9999.0,-9999.0,-9999.0,-9999.00,-9999.0
46500.0,-9999.0,-9999.00,-9999.00,-9999.00,-9999.00000,-9999.00000,-9999.0,-9999.0,-9999.0,-9999.00,-9999.0
46560.0,-9999.0,-9999.00,-9999.00,-9999.00,-9999.00000,-9999.00000,-9999.0,-9999.0,-9999.0,-9999.00,-9999.0
46620.0,-9999.0,-9999.00,-9999.00,-9999.00,-9999.00000,-9999.00000,-9999.0,-9999.0,-9999.0,-9999.00,-9999.0
46680.0,-9999.0,-9999.00,-9999.00,-9999.00,-9999.00000,-9999.00000,-9999.0,-9999.0,-9999.0,-9999.00,-9999.0
46740.0,-9999.0,-9999.00,-9999.00,-9999.00,-9999.00000,-9999.00000,-9999.0,-9999.0,-9999.0,-9999.00,-9999.0
46800.0,-9999.0,-9999.00,-9999.00,-9999.00,-9999.00000,-9999.00000,-9999.0,-9999.0,-9999.0,-9999.00,-9999.0
46860.0,-9999.0,-9999.00,-9999.00,-9999.00,-9999.00000,-9999.00000,-9999.0,-9999.0,-9999.0,-9999.00,-9999.0
46920.0,-9999.0,-9999.00,-9999.00,-9999.00,-9999.00000,-9999.00000,-9999.0,-9999.0,-9999.0,-9999.00,-9999.0
46980.0,-9999.0,-9999.00,-9999.00,-9999.00,-9999.00000,-9999.00000,-9999.0,-9999.0,-9999.0,-9999.00,-9999.0
47040.0,-9999.0,-9999.00,-9999.00,-9999.00,-9999.00000,-9999.00000,-9999.0,-9999.0,-9999.0,-9999.00,-9999.0
47100.0,-9999.0,-9999.00,-9999.00,-9999.00,-9999.00000,-9999.00000,-9999.0,-9999.0,-9999.0,-9999.00,-9999.0
47160.0,-9999.0,-9999.00,-9999.00,-9999.00,-9999.00000,-9999.00000,-9999.0,-9999.0,-9999.0,-9999.00,-9999.0
47220.0,-9999.0,-9999.00,-9999.00,-9999.00,-9999.00000,-9999.00000,-9999.0,-9999.0,-9999.0,-9999.00,-9999.0
47280.0,-9999.0,-9999.00,-9999.00,-9999.00,-9999.00000,-9999.00000,-9999.0,-9999.0,-9999.0,-9999.00,-9999.0
47340.0,-9999.0,-9999.00,-9999.00,-9999.00,-9999.00000,-9999.00000,-9999.0,-9999.0,-9999.0,-9999.00,-9999.0
47400.0,-9999.0,-9999.00,-9999.00,-9999.00,-9999.00000,-9999.00000,-9999.0,-9999.0,-9999.0,-9999.00,-9999.0
47460.0,-9999.0,-9999.00,-9999.00,-9999.00,-9999.00000,-9999.00000,-9999.0,-9999.0,-9999.0,-9999.00,-9999.0
47520.0,-9999.0,-9999.00,-9999.00,-9999.00,-9999.00000,-9999.00000,-9999.0,-9999.0,-9999.0,-9999.00,-9999.0
47580.0,-9999.0,-9999.00,-9999.00,-9999.00,-9999.00000,-9999.00000,-9999.0,-9999.0,-9999.0,-9999.00,-9999.0
47640.0,-9999.0,-9999.00,-9999.00,-9999.00,-9999.00000,-9999.00000,-9999.0,-9999.0,-9999.0,-9999.00,-9999.0
47700.0,-9999.0,-9999.00,-9999.00,-9999.00,-9999.00000,-9999.00000,-9999.0,-9999.0,-9999.0,-9999.00,-9999.0
47760.0,-9999.0,-9999.00,-9999.00,-9999.00,-9999.00000,-9999.00000,-9999.0,-9999.0,-9999.0,-9999.00,-9999.0
