CampaignData_and_Merges/R0/CSL_MobileLab_Parked/raw/20240815/USOS-MetNav_MobileLabGround_20240815_R0.ict
44, 1001
Carrie Womack, Nate Howard, Mike Zucker
NOAA Chemical Sciences Laboratory
Mobile Lab MetNav Station
USOS
1, 1
2024, 08, 15, 2024, 12, 21
60
Time_Start, seconds_past_midnight, Seconds from midnight UTC
11
1, 1, 1, 1, 1, 1, 1, 1, 1, 1, 1
-9999, -9999, -9999, -9999, -9999, -9999, -9999, -9999, -9999, -9999, -9999
GPS_Alt_m, meters, Altitude from Differential GPS
GPS_Course_deg, degrees, Course from Differential GPS
GPS_GndSpd_m_s, m/s, Ground Speed from Differential GPS
GPS_Heading_deg, degrees, Heading from Differential GPS
GPS_Lat_deg, degrees, Latitude from Differential GPS
GPS_Lon_deg, degrees, Longitude from Differential GPS
AirTemp_C, Celsius, Air Temperature from Airmar
RelHumidity_pct, percent, Relative Humidity from Airmar
Pressure_mb, millibars, Pressure from Honeywell
WindDir_calc_deg, degrees, Wind Direction from Airmar corrected for van movement
WindSpd_calc_m_s, m/s, Wind Speed from Airmar corrected for van movement
1
SPECIAL COMMENTS:
18
PI_CONTACT_INFO: Address: 325 Broadway R/CSL7, Boulder, CO, 80305
PLATFORM: CSL Mobile Lab
LOCATION: Salt Lake City, UT
ASSOCIATED_DATA: N/A
INSTRUMENT_INFO: N/A
DATA_INFO: Units:
UNCERTAINTY: N/A
ULOD_FLAG: -7777
ULOD_VALUE: N/A
LLOD_FLAG: -8888
LLOD_VALUE: N/A
DM_CONTACT_INFO: Data Manager: Nate Howard
PROJECT_INFO: 
STIPULATIONS_ON_USE: Use of these data require prior ok from PI.
OTHER_COMMENTS: 
REVISION: R0
R0: Final data. Fixed bug in wind averaging code. RA: Preliminary Data. For in-field use only. 
Time_Start, GPS_Alt_m, GPS_Course_deg, GPS_GndSpd_m_s, GPS_Heading_deg, GPS_Lat_deg, GPS_Lon_deg, AirTemp_C, RelHumidity_pct, Pressure_mb, WindDir_calc_deg, WindSpd_calc_m_s
[from data line 1150]
69000.0,1309.0,0.43,0.06,0.43,40.73434,-111.87210,32.6,15.9,876.5,146.35,4.4
69060.0,1309.0,0.63,0.05,0.63,40.73434,-111.87211,32.7,16.0,876.6,171.84,3.0
69120.0,1309.1,0.90,0.06,0.90,40.73434,-111.87211,32.8,15.5,876.6,194.00,2.9
69180.0,1309.2,0.64,0.05,0.64,40.73434,-111.87211,33.0,15.6,876.6,185.68,1.9
69240.0,1309.2,0.90,0.05,0.90,40.73434,-111.87211,33.0,15.2,876.6,160.30,4.4
69300.0,1309.3,1.61,0.05,1.61,40.73434,-111.87211,33.0,14.9,876.6,186.31,4.1
69360.0,1309.2,1.19,0.05,1.19,40.73434,-111.87211,32.9,15.2,876.6,186.85,3.7
69420.0,1309.4,0.75,0.06,0.75,40.73434,-111.87211,32.9,15.3,876.6,189.78,4.1
69480.0,1309.4,0.27,0.05,0.27,40.73434,-111.87211,33.0,15.6,876.5,175.97,3.2
69540.0,1309.3,0.28,0.06,0.28,40.73434,-111.87211,33.3,15.8,876.5,171.11,1.7
69600.0,1309.3,0.55,0.05,0.55,40.73434,-111.87211,33.4,15.7,876.5,171.09,3.3
69660.0,1309.2,0.92,0.05,0.92,40.73434,-111.87211,33.2,15.4,876.5,154.14,4.4
69720.0,1309.3,0.32,0.05,0.32,40.73434,-111.87211,33.4,15.9,876.4,175.29,2.7
69780.0,1309.4,0.57,0.05,0.57,40.73434,-111.87211,33.5,15.4,876.5,188.95,3.5
69840.0,1309.4,0.61,0.04,0.61,40.73434,-111.87211,33.4,15.5,876.4,170.14,3.6
69900.0,1309.5,0.56,0.05,0.56,40.73434,-111.87211,33.5,15.6,876.4,166.03,3.3
69960.0,1309.6,0.23,0.06,0.23,40.73434,-111.87211,33.5,15.5,876.4,160.69,3.7
70020.0,1309.8,0.63,0.05,0.63,40.73434,-111.87211,33.7,15.6,876.4,178.75,2.3
70080.0,1309.7,0.52,0.05,0.52,40.73434,-111.87211,33.8,15.4,876.4,158.38,3.2
70140.0,1309.6,0.85,0.05,0.85,40.73434,-111.87211,33.8,15.0,876.4,169.09,3.7
70200.0,1309.4,1.47,0.05,1.47,40.73434,-111.87211,33.7,15.1,876.4,170.82,3.1
70260.0,1309.4,1.09,0.05,1.09,40.73434,-111.87211,33.9,15.2,876.4,170.65,3.1
70320.0,1309.4,0.93,0.05,0.93,40.73434,-111.87211,34.1,15.8,876.4,174.56,2.2
70380.0,1309.2,1.54,0.05,1.54,40.73434,-111.87211,34.0,16.2,876.4,139.26,4.1
70440.0,1309.1,1.22,0.05,1.22,40.73434,-111.87211,33.9,16.3,876.4,144.51,4.2
70500.0,1309.0,0.83,0.04,0.83,40.73434,-111.87211,33.7,15.4,876.3,152.59,4.8
70560.0,1309.0,0.95,0.04,0.95,40.73434,-111.87211,33.8,14.9,876.3,177.15,3.7
70620.0,1309.0,0.93,0.05,0.93,40.73434,-111.87211,34.0,15.2,876.3,180.93,3.6
70680.0,1309.2,1.01,0.04,1.01,40.73434,-111.87211,34.3,15.7,876.3,169.80,2.1
70740.0,1309.3,0.99,0.04,0.99,40.73434,-111.87211,34.2,15.0,876.3,166.17,4.0
70800.0,1309.1,0.92,0.04,0.92,40.73434,-111.87211,34.0,15.5,876.3,151.55,3.6
70860.0,1309.1,0.99,0.04,0.99,40.73434,-111.87210,34.0,15.6,876.3,169.50,3.7
70920.0,1309.1,1.02,0.05,1.02,40.73434,-111.87210,34.1,15.7,876.2,151.68,3.9
70980.0,1309.0,1.20,0.05,1.20,40.73434,-111.87210,33.8,15.9,876.2,146.88,4.7
71040.0,1309.0,1.15,0.05,1.15,40.73434,-111.87210,33.9,15.4,876.2,168.23,3.5
71100.0,1309.0,1.24,0.05,1.24,40.73434,-111.87210,33.7,15.1,876.3,157.89,5.5
71160.0,1309.2,1.01,0.05,1.01,40.73434,-111.87210,33.7,15.6,876.2,152.73,4.5
71220.0,1309.3,0.66,0.04,0.66,40.73434,-111.87210,33.6,15.4,876.2,174.23,4.2
71280.0,1309.2,0.37,0.04,0.37,40.73434,-111.87210,33.7,15.3,876.3,168.39,4.3
71340.0,1309.3,0.77,0.05,0.77,40.73434,-111.87210,33.8,15.8,876.2,153.37,2.7
71400.0,1309.3,1.25,0.04,1.25,40.73434,-111.87210,33.9,15.0,876.2,188.37,3.1
71460.0,1309.4,1.25,0.05,1.25,40.73434,-111.87210,34.1,15.2,876.1,160.02,2.4
71520.0,1309.3,0.85,0.04,0.85,40.73434,-111.87210,34.3,15.4,876.2,178.09,2.9
71580.0,1309.3,0.54,0.04,0.54,40.73434,-111.87210,34.4,15.5,876.1,167.69,2.7
71640.0,1309.3,0.64,0.05,0.64,40.73434,-111.87210,34.0,15.1,876.2,135.48,5.7
71700.0,1309.3,0.79,0.05,0.79,40.73434,-111.87210,33.8,15.4,876.1,136.32,5.0
71760.0,1309.2,0.83,0.05,0.83,40.73434,-111.87210,33.7,15.0,876.2,161.08,4.6
71820.0,1309.5,0.98,0.05,0.98,40.73434,-111.87211,33.7,14.6,876.2,162.21,4.0
71880.0,1309.4,1.07,0.05,1.07,40.73434,-111.87211,33.6,14.8,876.1,155.53,4.6
71940.0,1309.3,0.66,0.04,0.66,40.73434,-111.87210,33.7,16.2,876.1,147.45,3.1
72000.0,1309.0,0.48,0.05,0.48,40.73434,-111.87210,33.6,16.0,876.1,136.00,4.4
72060.0,1309.1,0.18,0.05,0.18,40.73434,-111.87210,33.3,15.1,876.1,144.84,4.4
72120.0,1308.9,0.11,0.05,0.11,40.73434,-111.87210,33.1,15.2,876.1,162.50,3.1
72180.0,1308.8,0.27,0.04,0.27,40.73434,-111.87210,33.3,15.7,876.0,153.56,2.0
72240.0,1308.7,0.83,0.03,0.83,40.73434,-111.87210,33.2,15.2,876.1,184.99,3.6
72300.0,1308.7,0.57,0.04,0.57,40.73434,-111.87210,33.4,15.3,876.0,176.11,3.0
72360.0,1308.9,0.97,0.05,0.97,40.73434,-111.87210,33.4,15.9,876.0,161.22,4.3
72420.0,1308.8,1.39,0.04,1.39,40.73434,-111.87210,33.4,15.5,876.0,168.04,4.0
72480.0,1309.0,1.55,0.04,1.55,40.73434,-111.87210,33.6,15.6,876.0,175.26,3.3
72540.0,1309.0,1.24,0.04,1.24,40.73434,-111.87210,33.4,16.5,876.0,148.48,4.7
72600.0,1308.9,1.06,0.04,1.06,40.73434,-111.87210,33.5,15.5,876.0,181.55,2.8
72660.0,1308.9,0.89,0.04,0.89,40.73434,-111.87210,33.6,15.5,876.0,163.25,3.9
72720.0,1309.0,0.99,0.04,0.99,40.73434,-111.87210,33.6,15.5,876.0,162.00,4.5
72780.0,1309.0,0.87,0.04,0.87,40.73434,-111.87210,33.5,15.7,876.0,145.15,4.6
72840.0,1308.9,1.21,0.04,1.21,40.73434,-111.87210,33.1,16.1,875.9,128.73,6.2
72900.0,1308.9,1.24,0.05,1.24,40.73434,-111.87210,33.1,15.9,875.9,149.14,4.5
72960.0,1309.0,1.50,0.04,1.50,40.73434,-111.87210,33.1,16.5,875.9,136.73,4.1
73020.0,1309.1,1.41,0.04,1.41,40.73434,-111.87210,33.4,15.8,875.9,146.39,2.5
73080.0,1309.1,1.65,0.04,1.65,40.73434,-111.87210,33.7,16.2,875.9,187.05,1.5
73140.0,1309.3,1.38,0.05,1.38,40.73434,-111.87210,34.0,15.3,875.8,162.17,2.0
73200.0,1309.4,1.27,0.04,1.27,40.73434,-111.87210,34.1,15.2,875.9,153.02,3.7
73260.0,1309.6,0.87,0.05,0.87,40.73434,-111.87210,34.0,14.9,875.9,184.03,4.5
73320.0,1309.5,1.11,0.04,1.11,40.73434,-111.87210,34.0,15.6,875.9,151.64,3.5
73380.0,1309.5,0.70,0.05,0.70,40.73434,-111.87210,33.9,15.6,875.9,143.17,4.4
73440.0,1309.6,0.46,0.04,0.46,40.73434,-111.87210,33.6,15.4,875.9,142.35,5.0
73500.0,1309.5,1.08,0.05,1.08,40.73434,-111.87210,33.8,15.9,875.8,141.20,3.5
73560.0,1309.5,1.30,0.04,1.30,40.73434,-111.87210,33.7,15.0,875.9,147.83,4.4
73620.0,1309.6,1.37,0.05,1.37,40.73434,-111.87210,33.6,14.7,875.9,158.82,4.1
73680.0,1309.7,1.60,0.05,1.60,40.73434,-111.87210,33.8,14.8,875.9,170.07,3.4
73740.0,1309.7,1.93,0.05,1.93,40.73434,-111.87210,33.9,14.5,875.8,161.28,3.4
73800.0,1309.6,1.79,0.04,1.79,40.73434,-111.87210,33.8,15.6,875.8,136.85,4.3
73860.0,1309.5,2.02,0.05,2.02,40.73434,-111.87210,33.7,15.7,875.8,143.27,4.2
73920.0,1309.5,2.37,0.04,2.37,40.73434,-111.87210,33.8,15.9,875.8,157.58,3.0
73980.0,1309.5,2.19,0.04,2.19,40.73434,-111.87210,33.8,16.3,875.7,134.83,3.9
74040.0,1309.6,2.23,0.04,2.23,40.73434,-111.87210,33.9,16.1,875.7,138.93,3.2
74100.0,1309.4,3.09,0.05,3.09,40.73434,-111.87210,33.9,15.1,875.7,138.47,3.5
74160.0,1309.3,3.17,0.04,3.17,40.73434,-111.87210,33.8,14.7,875.7,157.73,4.4
74220.0,1309.0,2.41,0.04,2.41,40.73434,-111.87210,33.8,16.6,875.7,136.32,3.7
74280.0,1309.2,2.50,0.04,2.50,40.73434,-111.87210,33.7,15.2,875.6,134.41,4.2
74340.0,1309.3,2.14,0.05,2.14,40.73434,-111.87210,33.6,15.8,875.6,129.89,3.6
74400.0,1309.2,2.09,0.04,2.09,40.73434,-111.87210,33.7,16.0,875.6,152.41,3.2
74460.0,1309.2,2.26,0.04,2.26,40.73434,-111.87210,33.7,16.6,875.5,137.89,3.1
74520.0,1309.1,1.69,0.04,1.69,40.73434,-111.87210,33.9,15.9,875.6,160.11,3.8
74580.0,1309.0,1.64,0.05,1.64,40.73434,-111.87210,33.9,16.3,875.6,140.80,3.8
74640.0,1309.0,1.88,0.05,1.88,40.73434,-111.87210,34.0,14.5,875.6,169.03,2.6
74700.0,1309.0,1.49,0.05,1.49,40.73434,-111.87210,34.3,14.5,875.6,178.65,2.0
74760.0,1308.9,1.33,0.05,1.33,40.73434,-111.87210,34.4,14.6,875.5,152.31,3.3
74820.0,1308.9,1.21,0.05,1.21,40.73434,-111.87210,34.4,15.4,875.5,137.14,3.3
74880.0,1308.9,1.43,0.05,1.43,40.73434,-111.87210,34.4,15.0,875.6,161.57,3.6
74940.0,1308.9,1.22,0.05,1.22,40.73434,-111.87210,34.3,15.8,875.5,137.75,4.0
75000.0,1309.1,1.08,0.05,1.08,40.73434,-111.87210,34.2,15.0,875.6,136.67,4.2
75060.0,1309.0,0.97,0.05,0.97,40.73434,-111.87210,34.2,14.7,875.5,159.90,3.5
75120.0,1308.9,1.00,0.05,1.00,40.73434,-111.87210,34.3,14.2,875.5,174.21,3.3
75180.0,1308.8,1.38,0.04,1.38,40.73433,-111.87210,34.1,14.7,875.5,141.11,4.3
75240.0,1308.9,0.97,0.05,0.97,40.73433,-111.87210,34.0,14.5,875.5,141.28,4.6
75300.0,1309.0,1.17,0.05,1.17,40.73433,-111.87210,34.1,14.4,875.5,164.33,2.6
75360.0,1309.2,1.33,0.04,1.33,40.73433,-111.87210,34.2,14.3,875.5,185.83,3.2
75420.0,1309.3,1.78,0.04,1.78,40.73433,-111.87210,34.3,14.3,875.5,171.08,3.7
75480.0,1309.3,1.94,0.05,1.94,40.73433,-111.87211,34.6,14.5,875.5,185.75,2.1
75540.0,1309.4,1.78,0.05,1.78,40.73433,-111.87211,34.5,14.4,875.5,139.16,4.2
75600.0,1309.5,1.51,0.05,1.51,40.73433,-111.87211,34.4,15.2,875.4,160.01,3.7
75660.0,1309.4,1.34,0.05,1.34,40.73433,-111.87211,34.3,14.6,875.4,157.10,3.7
75720.0,1309.4,1.67,0.05,1.67,40.73433,-111.87211,34.3,15.7,875.3,140.03,3.7
75780.0,1309.5,1.84,0.06,1.84,40.73433,-111.87211,34.0,15.3,875.3,131.90,5.1
75840.0,1309.6,1.16,0.07,1.16,40.73433,-111.87211,34.0,16.2,875.3,121.93,3.2
75900.0,1309.7,1.08,0.06,1.08,40.73433,-111.87210,34.1,14.9,875.3,163.68,3.2
75960.0,1309.7,0.46,0.05,0.46,40.73433,-111.87210,34.0,15.0,875.3,141.49,3.0
76020.0,1309.6,0.31,0.05,0.31,40.73433,-111.87210,34.2,15.5,875.3,148.65,2.6
76080.0,1309.6,0.52,0.05,0.52,40.73433,-111.87210,34.4,14.9,875.3,174.73,2.9
76140.0,1309.5,0.30,0.05,0.30,40.73433,-111.87210,34.4,15.6,875.3,145.05,3.7
76200.0,1309.4,0.66,0.05,0.66,40.73433,-111.87210,34.2,15.7,875.3,144.10,4.0
76260.0,1309.3,0.87,0.04,0.87,40.73433,-111.87210,34.4,15.0,875.2,163.20,2.9
76320.0,1309.2,0.85,0.04,0.85,40.73433,-111.87210,34.1,15.8,875.3,131.07,5.4
76380.0,1309.2,0.70,0.04,0.70,40.73434,-111.87210,33.8,15.4,875.2,123.38,7.0
76440.0,1309.2,0.88,0.04,0.88,40.73434,-111.87210,33.7,15.0,875.2,140.43,5.1
76500.0,1309.2,1.20,0.05,1.20,40.73434,-111.87210,33.7,15.3,875.3,142.24,4.2
76560.0,1309.0,1.06,0.05,1.06,40.73434,-111.87210,33.8,15.0,875.3,145.10,3.9
76620.0,1308.8,1.17,0.05,1.17,40.73434,-111.87210,33.9,15.3,875.3,147.12,3.2
76680.0,1308.3,1.65,0.05,1.65,40.73434,-111.87210,33.9,14.9,875.3,152.56,3.1
76740.0,1308.3,1.81,0.05,1.81,40.73434,-111.87210,33.8,15.4,875.3,139.32,4.3
76800.0,1308.3,1.44,0.05,1.44,40.73434,-111.87210,33.9,16.0,875.2,136.45,2.9
76860.0,1308.2,0.93,0.05,0.93,40.73434,-111.87210,34.0,15.0,875.2,165.82,3.1
76920.0,1307.9,0.27,0.05,0.27,40.73434,-111.87210,34.2,14.7,875.3,174.23,3.1
76980.0,1307.2,359.74,0.05,359.74,40.73434,-111.87210,34.3,14.5,875.2,161.33,3.3
77040.0,1307.1,359.93,0.05,359.93,40.73434,-111.87210,34.5,14.2,875.3,170.17,3.4
77100.0,1307.1,359.87,0.05,359.87,40.73434,-111.87210,34.5,14.1,875.2,148.27,2.8
77160.0,1307.3,0.22,0.05,0.22,40.73434,-111.87210,34.6,14.3,875.1,161.38,1.1
77220.0,1307.7,0.36,0.05,0.36,40.73434,-111.87210,34.7,14.0,875.1,169.71,2.9
77280.0,1308.1,0.16,0.05,0.16,40.73434,-111.87210,34.6,13.9,875.1,169.15,3.8
77340.0,1308.8,0.25,0.06,0.25,40.73434,-111.87210,34.7,14.1,875.1,174.86,3.3
77400.0,1309.0,359.79,0.05,359.79,40.73434,-111.87210,34.6,14.1,875.1,159.52,3.9
77460.0,1309.1,0.22,0.05,0.22,40.73434,-111.87210,34.5,14.1,875.1,168.54,3.4
77520.0,1309.3,0.36,0.05,0.36,40.73434,-111.87210,34.7,16.1,875.1,136.99,1.6
77580.0,1309.4,0.87,0.05,0.87,40.73434,-111.87210,34.7,15.1,875.1,126.73,3.2
77640.0,1309.5,0.65,0.05,0.65,40.73434,-111.87210,34.8,14.5,875.1,155.64,2.8
77700.0,1309.6,0.26,0.05,0.26,40.73434,-111.87210,34.6,14.9,875.1,136.47,3.9
77760.0,1309.7,359.98,0.04,359.98,40.73434,-111.87210,34.7,13.6,875.1,176.42,3.2
77820.0,1309.8,359.88,0.05,359.88,40.73434,-111.87210,34.7,13.6,875.0,159.17,3.7
77880.0,1310.0,359.71,0.05,359.71,40.73434,-111.87210,34.7,15.1,875.0,129.11,3.2
77940.0,1310.1,359.91,0.05,359.91,40.73434,-111.87210,34.7,16.2,875.0,135.23,3.2
78000.0,1310.3,0.37,0.04,0.37,40.73434,-111.87210,34.7,13.8,875.0,175.44,3.4
78060.0,1310.5,0.64,0.05,0.64,40.73434,-111.87210,34.8,13.9,875.0,162.61,3.2
78120.0,1310.7,0.38,0.05,0.38,40.73434,-111.87210,34.9,14.7,875.0,159.97,2.8
78180.0,1310.9,0.30,0.05,0.30,40.73434,-111.87210,35.1,13.9,875.0,194.44,2.7
78240.0,1311.0,360.00,0.04,360.00,40.73434,-111.87210,35.1,14.0,875.0,152.11,3.5
78300.0,1311.0,0.24,0.04,0.24,40.73434,-111.87210,35.3,14.2,874.9,153.36,1.9
78360.0,1311.0,0.29,0.06,0.29,40.73434,-111.87210,35.2,14.5,875.0,137.73,4.0
78420.0,1311.0,0.29,0.06,0.29,40.73434,-111.87210,34.9,14.2,874.9,139.14,4.2
78480.0,1310.8,0.24,0.06,0.24,40.73434,-111.87210,34.3,14.4,874.9,125.59,6.6
78540.0,1311.0,0.15,0.06,0.15,40.73434,-111.87210,34.3,13.9,874.9,154.97,4.4
78600.0,1311.0,359.98,0.05,359.98,40.73434,-111.87210,34.4,14.3,875.0,155.54,4.4
78660.0,1310.9,359.81,0.05,359.81,40.73434,-111.87210,34.1,13.7,874.9,154.45,5.1
78720.0,1310.8,0.51,0.04,0.51,40.73434,-111.87210,33.9,14.8,874.9,129.33,5.2
78780.0,1310.7,0.15,0.05,0.15,40.73434,-111.87210,33.8,14.2,874.9,149.92,5.2
78840.0,1310.6,359.85,0.04,359.85,40.73434,-111.87210,33.7,15.5,874.8,133.64,4.4
78900.0,1310.5,359.98,0.05,359.98,40.73434,-111.87210,33.7,14.6,874.8,125.97,3.5
78960.0,1310.5,0.13,0.05,0.13,40.73434,-111.87210,33.5,15.2,874.8,124.70,5.2
79020.0,1310.5,0.25,0.05,0.25,40.73434,-111.87210,33.4,15.3,874.7,116.15,4.8
79080.0,1310.4,0.32,0.05,0.32,40.73434,-111.87210,33.4,15.4,874.7,139.89,4.8
79140.0,1310.5,0.25,0.05,0.25,40.73434,-111.87210,33.4,14.8,874.7,133.06,4.3
79200.0,1310.6,0.54,0.05,0.54,40.73434,-111.87210,33.5,15.5,874.7,134.27,4.2
79260.0,1310.5,0.42,0.05,0.42,40.73434,-111.87210,33.6,14.8,874.8,159.11,4.0
79320.0,1310.4,0.42,0.05,0.42,40.73434,-111.87210,33.5,14.5,874.8,157.94,5.0
79380.0,1310.4,0.13,0.04,0.13,40.73434,-111.87210,33.5,13.9,874.7,150.02,4.4
79440.0,1310.4,359.74,0.05,359.74,40.73434,-111.87210,33.6,14.2,874.7,153.81,4.4
79500.0,1310.3,359.47,0.07,359.47,40.73434,-111.87210,33.5,14.8,874.7,135.01,3.9
79560.0,1310.3,0.17,0.05,0.17,40.73434,-111.87210,33.5,14.8,874.8,147.00,4.4
79620.0,1310.3,0.35,0.05,0.35,40.73434,-111.87210,33.6,14.2,874.7,155.92,4.4
79680.0,1310.4,0.92,0.05,0.92,40.73434,-111.87210,33.6,15.2,874.7,139.17,4.3
79740.0,1310.4,0.75,0.05,0.75,40.73434,-111.87210,33.5,15.1,874.7,137.62,5.0
79800.0,1310.2,0.75,0.05,0.75,40.73434,-111.87210,33.6,13.9,874.8,181.62,4.6
79860.0,1310.1,1.08,0.04,1.08,40.73434,-111.87210,33.8,13.9,874.7,169.89,4.0
79920.0,1310.0,1.20,0.05,1.20,40.73434,-111.87210,33.8,14.4,874.7,147.75,3.0
79980.0,1310.0,0.89,0.05,0.89,40.73434,-111.87210,33.8,14.5,874.7,143.39,4.1
80040.0,1309.8,0.84,0.05,0.84,40.73434,-111.87210,33.8,15.8,874.6,125.31,3.9
80100.0,1309.8,0.94,0.05,0.94,40.73434,-111.87210,33.7,15.6,874.6,131.79,4.3
80160.0,1310.2,1.14,0.04,1.14,40.73434,-111.87210,33.7,15.0,874.6,136.38,4.7
80220.0,1310.2,1.39,0.05,1.39,40.73434,-111.87210,33.8,14.2,874.7,170.47,4.0
80280.0,1310.3,1.63,0.04,1.63,40.73434,-111.87210,33.8,13.9,874.7,166.18,4.5
80340.0,1309.7,1.57,0.05,1.57,40.73434,-111.87210,34.0,14.0,874.6,164.50,3.6
80400.0,1309.6,1.66,0.05,1.66,40.73434,-111.87210,34.1,14.5,874.6,163.04,3.6
80460.0,1309.6,1.69,0.05,1.69,40.73434,-111.87210,33.8,14.7,874.6,135.03,5.7
80520.0,1309.3,1.60,0.05,1.60,40.73434,-111.87210,33.8,14.0,874.6,148.62,4.7
80580.0,1309.5,1.10,0.05,1.10,40.73434,-111.87210,33.7,14.2,874.6,148.08,4.1
80640.0,1309.3,1.06,0.05,1.06,40.73434,-111.87210,34.1,13.6,874.6,182.01,2.4
80700.0,1309.6,0.97,0.05,0.97,40.73434,-111.87210,34.0,14.1,874.6,142.90,4.6
80760.0,1309.6,1.28,0.05,1.28,40.73434,-111.87210,34.0,14.0,874.6,161.36,3.9
80820.0,1309.6,1.09,0.05,1.09,40.73434,-111.87210,34.1,13.4,874.5,182.23,3.7
80880.0,1309.5,0.49,0.06,0.49,40.73434,-111.87210,34.0,13.8,874.6,154.11,3.2
80940.0,1309.6,0.68,0.05,0.68,40.73434,-111.87210,34.1,13.3,874.6,161.33,4.0
81000.0,1309.3,1.15,0.05,1.15,40.73434,-111.87210,34.2,13.3,874.5,178.75,3.3
81060.0,1309.8,1.57,0.05,1.57,40.73434,-111.87210,34.2,13.5,874.5,165.34,3.7
81120.0,1310.2,1.49,0.05,1.49,40.73434,-111.87210,34.1,13.8,874.5,144.59,4.6
81180.0,1310.4,1.15,0.04,1.15,40.73434,-111.87210,33.8,14.3,874.5,131.95,5.7
81240.0,1310.0,1.01,0.06,1.01,40.73434,-111.87210,33.8,13.9,874.5,145.41,4.3
81300.0,1309.8,1.34,0.06,1.34,40.73434,-111.87210,33.7,14.1,874.5,151.63,3.8
