CampaignData_and_Merges/R0/CSL_MobileLab_Parked/raw/20240815/USOS-NOy-LIF_MobileLabGround_20240815_R0.ict
39,1001
Rollins, A.; Waxman, E.; Zuraski, K.; Chace, W.
NOAA Chemical Sciences Laboratory
LIF NO/NOx/NOy on CSL Mobile Lab
AMMBEC / USOS
1, 1
2024,08,15, 2025,01,06
1
Time_Start, seconds, number_of_seconds_since_0000_UTC
7
1, 1, 1, 1, 1, 1, 1
-9999, -9999, -9999, -9999, -9999, -9999, -9999
Time_Stop, seconds, number_of_seconds_since_0000_UTC
NO_LIF, pptv, Gas_NO_InSitu_S_AVMR, volume mixing ratio of nitric oxide in air
NO2_LIF, pptv, Gas_NO2_InSitu_S_AVMR, volume mixing ratio of nitrogen dioxide in air
NOy_LIF, pptv, Gas_NOy_InSitu_S_AVMR, volume mixing ratio of total oxidized nitrogen in air
NO_LIF_1SigmaAccuracy, pptv, Gas_NO_InSitu_S_AVMR, volume mixing ratio of nitric oxide in air
NO2_LIF_1SigmaAccuracy, pptv, Gas_NO2_InSitu_S_AVMR, volume mixing ratio of nitrogen dioxide in air
NOy_LIF_1SigmaAccuracy, pptv, Gas_NOy_InSitu_S_AVMR, volume mixing ratio of total oxidized nitrogen in air
0
18
PI_CONTACT_INFO: andrew.rollins@noaa.gov
PLATFORM: CSL Mobile Lab
LOCATION: Salt Lake City, UT
ASSOCIATED_DATA:
INSTRUMENT_INFO: NO detection by laser induced fluorescence. NO2 detection by photolytic conversion to NO. NOy detection by catalytic conversion to NO on gold surface
DATA_INFO:
UNCERTAINTY: Included 1 Sigma Accuracy waves represent the combined calibration uncertainties (±6%, ±9%, ±10%) and zero uncertainties (3 ppt, 20 ppt, 100 ppt) for NO, NO2, and NOy, respectively.
ULOD_FLAG: -7777
ULOD_VALUE: N/A
LLOD_FLAG: -8888
LLOD_VALUE: N/A
DM_CONTACT_INFO: andrew.rollins@noaa.gov
PROJECT_INFO: USOS Project, July - August 2024
STIPULATIONS_ON_USE: Users are strongly encouraged to contact the PI for proper data usage.
OTHER_COMMENTS:
REVISION: R0
R0: final data
Time_Start, Time_Stop, NO_LIF, NO2_LIF, NOy_LIF, NO_LIF_1SigmaAccuracy, NO2_LIF_1SigmaAccuracy, NOy_LIF_1SigmaAccuracy
[from data line 798]
   47880,   47940,-9999,-9999,-9999,-9999, -9999, -9999
   47940,   48000,-9999,-9999,-9999,-9999, -9999, -9999
   48000,   48060,-9999,-9999,-9999,-9999, -9999, -9999
   48060,   48120,-9999,-9999,-9999,-9999, -9999, -9999
   48120,   48180,-9999,-9999,-9999,-9999, -9999, -9999
   48180,   48240,-9999,-9999,-9999,-9999, -9999, -9999
   48240,   48300,-9999,-9999,-9999,-9999, -9999, -9999
   48300,   48360,-9999,-9999,-9999,-9999, -9999, -9999
   48360,   48420,-9999,-9999,-9999,-9999, -9999, -9999
   48420,   48480,-9999,-9999,-9999,-9999, -9999, -9999
   48480,   48540,-9999,-9999,-9999,-9999, -9999, -9999
   48540,   48600,-9999,-9999,-9999,-9999, -9999, -9999
   48600,   48660,-9999,-9999,-9999,-9999, -9999, -9999
   48660,   48720,-9999,-9999,-9999,-9999, -9999, -9999
   48720,   48780,-9999,-9999,-9999,-9999, -9999, -9999
   48780,   48840,-9999,-9999,-9999,-9999, -9999, -9999
   48840,   48900,-9999,-9999,-9999,-9999, -9999, -9999
   48900,   48960,-9999,-9999,-9999,-9999, -9999, -9999
   48960,   49020,-9999,-9999,-9999,-9999, -9999, -9999
   49020,   49080,-9999,-9999,-9999,-9999, -9999, -9999
   49080,   49140,-9999,-9999,-9999,-9999, -9999, -9999
   49140,   49200,-9999,-9999,-9999,-9999, -9999, -9999
   49200,   49260,-9999,-9999,-9999,-9999, -9999, -9999
   49260,   49320,-9999,-9999,-9999,-9999, -9999, -9999
   49320,   49380,-9999,-9999,-9999,-9999, -9999, -9999
   49380,   49440,-9999,-9999,-9999,-9999, -9999, -9999
   49440,   49500,-9999,-9999,-9999,-9999, -9999, -9999
   49500,   49560,-9999,-9999,-9999,-9999, -9999, -9999
   49560,   49620,-9999,-9999,-9999,-9999, -9999, -9999
   49620,   49680,-9999,-9999,-9999,-9999, -9999, -9999
   49680,   49740,-9999,-9999,-9999,-9999, -9999, -9999
   49740,   49800,-9999,-9999,-9999,-9999, -9999, -9999
   49800,   49860,-9999,-9999,-9999,-9999, -9999, -9999
   49860,   49920,-9999,-9999,-9999,-9999, -9999, -9999
   49920,   49980,-9999,-9999,-9999,-9999, -9999, -9999
   49980,   50040,-9999,-9999,-9999,-9999, -9999, -9999
   50040,   50100,-9999,-9999,-9999,-9999, -9999, -9999
   50100,   50160,-9999,-9999,-9999,-9999, -9999, -9999
   50160,   50220,-9999,-9999,-9999,-9999, -9999, -9999
   50220,   50280,-9999,-9999,-9999,-9999, -9999, -9999
   50280,   50340,-9999,-9999,-9999,-9999, -9999, -9999
   50340,   50400,-9999,-9999,-9999,-9999, -9999, -9999
   50400,   50460,-9999,-9999,-9999,-9999, -9999, -9999
   50460,   50520,-9999,-9999,-9999,-9999, -9999, -9999
   50520,   50580,-9999,-9999,-9999,-9999, -9999, -9999
   50580,   50640,-9999,-9999,-9999,-9999, -9999, -9999
   50640,   50700,-9999,-9999,-9999,-9999, -9999, -9999
   50700,   50760,-9999,-9999,-9999,-9999, -9999, -9999
   50760,   50820,-9999,-9999,-9999,-9999, -9999, -9999
   50820,   50880,-9999,-9999,-9999,-9999, -9999, -9999
   50880,   50940,-9999,-9999,-9999,-9999, -9999, -9999
   50940,   51000,-9999,-9999,-9999,-9999, -9999, -9999
   51000,   51060,-9999,-9999,-9999,-9999, -9999, -9999
   51060,   51120,-9999,-9999,-9999,-9999, -9999, -9999
   51120,   51180,-9999,-9999,-9999,-9999, -9999, -9999
   51180,   51240,-9999,-9999,-9999,-9999, -9999, -9999
   51240,   51300,-9999,-9999,-9999,-9999, -9999, -9999
   51300,   51360,-9999,-9999,-9999,-9999, -9999, -9999
   51360,   51420,-9999,-9999,-9999,-9999, -9999, -9999
   51420,   51480,-9999,-9999,-9999,-9999, -9999, -9999
   51480,   51540,-9999,-9999,-9999,-9999, -9999, -9999
   51540,   51600,-9999,-9999,-9999,-9999, -9999, -9999
   51600,   51660,-9999,-9999,-9999,-9999, -9999, -9999
   51660,   51720,-9999,-9999,-9999,-9999, -9999, -9999
   51720,   51780,-9999,-9999,-9999,-9999, -9999, -9999
   51780,   51840,-9999,-9999,-9999,-9999, -9999, -9999
   51840,   51900,-9999,-9999,-9999,-9999, -9999, -9999
   51900,   51960,-9999,-9999,-9999,-9999, -9999, -9999
   51960,   52020,-9999,-9999,-9999,-9999, -9999, -9999
   52020,   52080,-9999,-9999,-9999,-9999, -9999, -9999
   52080,   52140,-9999,-9999,-9999,-9999, -9999, -9999
   52140,   52200,-9999,-9999,-9999,-9999, -9999, -9999
   52200,   52260,-9999,-9999,-9999,-9999, -9999, -9999
   52260,   52320,-9999,-9999,-9999,-9999, -9999, -9999
   52320,   52380,-9999,-9999,-9999,-9999, -9999, -9999
   52380,   52440,-9999,-9999,-9999,-9999, -9999, -9999
   52440,   52500,-9999,-9999,-9999,-9999, -9999, -9999
   52500,   52560,-9999,-9999,-9999,-9999, -9999, -9999
   52560,   52620,-9999,-9999,-9999,-9999, -9999, -9999
   52620,   52680,-9999,-9999,-9999,-9999, -9999, -9999
   52680,   52740,-9999,-9999,-9999,-9999, -9999, -9999
   52740,   52800,-9999,-9999,-9999,-9999, -9999, -9999
   52800,   52860,-9999,-9999,-9999,-9999, -9999, -9999
   52860,   52920,-9999,-9999,-9999,-9999, -9999, -9999
   52920,   52980,-9999,-9999,-9999,-9999, -9999, -9999
   52980,   53040,-9999,-9999,-9999,-9999, -9999, -9999
   53040,   53100,-9999,-9999,-9999,-9999, -9999, -9999
   53100,   53160,-9999,-9999,-9999,-9999, -9999, -9999
   53160,   53220,-9999,-9999,-9999,-9999, -9999, -9999
   53220,   53280,-9999,-9999,-9999,-9999, -9999, -9999
   53280,   53340,-9999,-9999,-9999,-9999, -9999, -9999
   53340,   53400,-9999,-9999,-9999,-9999, -9999, -9999
   53400,   53460,-9999,-9999,-9999,-9999, -9999, -9999
   53460,   53520,-9999,-9999,-9999,-9999, -9999, -9999
   53520,   53580,-9999,-9999,-9999,-9999, -9999, -9999
   53580,   53640,-9999,-9999,-9999,-9999, -9999, -9999
   53640,   53700,-9999,-9999,-9999,-9999, -9999, -9999
   53700,   53760,-9999,-9999,-9999,-9999, -9999, -9999
   53760,   53820,-9999,-9999,-9999,-9999, -9999, -9999
   53820,   53880,-9999,-9999,-9999,-9999, -9999, -9999
   53880,   53940,-9999,-9999,-9999,-9999, -9999, -9999
   53940,   54000,-9999,-9999,-9999,-9999, -9999, -9999
   54000,   54060,-9999,-9999,-9999,-9999, -9999, -9999
   54060,   54120,-9999,-9999,-9999,-9999, -9999, -9999
   54120,   54180,-9999,-9999,-9999,-9999, -9999, -9999
   54180,   54240,-9999,-9999,-9999,-9999, -9999, -9999
   54240,   54300,-9999,-9999,-9999,-9999, -9999, -9999
   54300,   54360,-9999,-9999,-9999,-9999, -9999, -9999
   54360,   54420,-9999,-9999,-9999,-9999, -9999, -9999
   54420,   54480,-9999,-9999,-9999,-9999, -9999, -9999
   54480,   54540,-9999,-9999,-9999,-9999, -9999, -9999
   54540,   54600,-9999,-9999,-9999,-9999, -9999, -9999
   54600,   54660,-9999,-9999,-9999,-9999, -9999, -9999
   54660,   54720,-9999,-9999,-9999,-9999, -9999, -9999
   54720,   54780,-9999,-9999,-9999,-9999, -9999, -9999
   54780,   54840,-9999,-9999,-9999,-9999, -9999, -9999
   54840,   54900,-9999,-9999,-9999,-9999, -9999, -9999
   54900,   54960,-9999,-9999,-9999,-9999, -9999, -9999
   54960,   55020,-9999,-9999,-9999,-9999, -9999, -9999
   55020,   55080,-9999,-9999,-9999,-9999, -9999, -9999
   55080,   55140,-9999,-9999,-9999,-9999, -9999, -9999
   55140,   55200,-9999,-9999,-9999,-9999, -9999, -9999
   55200,   55260,-9999,-9999,-9999,-9999, -9999, -9999
   55260,   55320,-9999,-9999,-9999,-9999, -9999, -9999
   55320,   55380,-9999,-9999,-9999,-9999, -9999, -9999
   55380,   55440,-9999,-9999,-9999,-9999, -9999, -9999
   55440,   55500,-9999,-9999,-9999,-9999, -9999, -9999
   55500,   55560,-9999,-9999,-9999,-9999, -9999, -9999
   55560,   55620,-9999,-9999,-9999,-9999, -9999, -9999
   55620,   55680,-9999,-9999,-9999,-9999, -9999, -9999
   55680,   55740,-9999,-9999,-9999,-9999, -9999, -9999
   55740,   55800,-9999,-9999,-9999,-9999, -9999, -9999
   55800,   55860,-9999,-9999,-9999,-9999, -9999, -9999
   55860,   55920,-9999,-9999,-9999,-9999, -9999, -9999
   55920,   55980,-9999,-9999,-9999,-9999, -9999, -9999
   55980,   56040,-9999,-9999,-9999,-9999, -9999, -9999
   56040,   56100,-9999,-9999,-9999,-9999, -9999, -9999
   56100,   56160,-9999,-9999,-9999,-9999, -9999, -9999
   56160,   56220,-9999,-9999,-9999,-9999, -9999, -9999
   56220,   56280,-9999,-9999,-9999,-9999, -9999, -9999
   56280,   56340,-9999,-9999,-9999,-9999, -9999, -9999
   56340,   56400,-9999,-9999,-9999,-9999, -9999, -9999
   56400,   56460,-9999,-9999,-9999,-9999, -9999, -9999
   56460,   56520,-9999,-9999,-9999,-9999, -9999, -9999
   56520,   56580,-9999,-9999,-9999,-9999, -9999, -9999
   56580,   56640,-9999,-9999,-9999,-9999, -9999, -9999
   56640,   56700,-9999,-9999,-9999,-9999, -9999, -9999
   56700,   56760,-9999,-9999,-9999,-9999, -9999, -9999
   56760,   56820,-9999,-9999,-9999,-9999, -9999, -9999
   56820,   56880,-9999,-9999,-9999,-9999, -9999, -9999
   56880,   56940,-9999,-9999,-9999,-9999, -9999, -9999
   56940,   57000,-9999,-9999,-9999,-9999, -9999, -9999
   57000,   57060,-9999,-9999,-9999,-9999, -9999, -9999
   57060,   57120,-9999,-9999,-9999,-9999, -9999, -9999
   57120,   57180,-9999,-9999,-9999,-9999, -9999, -9999
   57180,   57240,-9999,-9999,-9999,-9999, -9999, -9999
   57240,   57300,-9999,-9999,-9999,-9999, -9999, -9999
   57300,   57360,1681.1,3703,6937.6,103.86, 353.27, 793.76
   57360,   57420,2985,5375.2,9126.9,182.1, 503.77, 1012.7
   57420,   57480,2358.1,4762.1,8601,144.49, 448.59, 960.1
   57480,   57540,2089,4175.1,8122.9,128.34, 395.76, 912.29
   57540,   57600,2361.2,4540.6,8736.8,144.67, 428.65, 973.68
   57600,   57660,2418.7,5004.2,9614.8,148.12, 470.37, 1061.5
   57660,   57720,2442.8,5942,9677.8,149.57, 554.78, 1067.8
   57720,   57780,2037.9,4282.7,7753.7,125.28, 405.44, 875.37
   57780,   57840,2356.8,4657.8,7180.4,144.41, 439.2, 818.04
   57840,   57900,-9999,-9999,-9999,-9999, -9999, -9999
   57900,   57960,-9999,-9999,-9999,-9999, -9999, -9999
   57960,   58020,-9999,-9999,-9999,-9999, -9999, -9999
   58020,   58080,-9999,-9999,-9999,-9999, -9999, -9999
   58080,   58140,-9999,-9999,-9999,-9999, -9999, -9999
   58140,   58200,-9999,-9999,-9999,-9999, -9999, -9999
   58200,   58260,-9999,-9999,-9999,-9999, -9999, -9999
   58260,   58320,1360.3,2971.4,5882.6,84.617, 287.43, 688.26
   58320,   58380,1362.3,2974.4,5935.4,84.736, 287.69, 693.54
   58380,   58440,1633.5,3406.1,6375.2,101.01, 326.55, 737.52
   58440,   58500,2724.7,4466.6,8147,166.48, 422, 914.7
   58500,   58560,2508.3,4578,9261.7,153.5, 432.02, 1026.2
   58560,   58620,1978.7,3950.6,7791.3,121.72, 375.55, 879.13
   58620,   58680,1779.6,3726.3,7260.8,109.78, 355.36, 826.08
   58680,   58740,2676.6,4787.1,8908.4,163.6, 450.84, 990.84
   58740,   58800,3027.7,5042.5,11410,184.66, 473.83, 1241
   58800,   58860,3086.4,4960.4,10742,188.18, 466.44, 1174.2
   58860,   58920,1877.6,3844.9,8391.6,115.66, 366.04, 939.16
   58920,   58980,1929.4,3925.2,7498.3,118.77, 373.27, 849.83
   58980,   59040,3492.4,5452.3,9407.4,212.54, 510.71, 1040.7
   59040,   59100,2720.5,5071.3,10350,166.23, 476.41, 1135
   59100,   59160,2323.2,4492,8697.1,142.39, 424.28, 969.71
   59160,   59220,4813.2,6969.2,14585,291.79, 647.23, 1558.5
   59220,   59280,3365.1,5921.9,11551,204.9, 552.97, 1255.1
   59280,   59340,2162.3,4323.5,8727.4,132.74, 409.12, 972.74
   59340,   59400,2522.8,4914.7,9525.7,154.37, 462.32, 1052.6
   59400,   59460,2214,4363,8129.1,135.84, 412.67, 912.91
   59460,   59520,3667.4,5968.3,12145,223.04, 557.15, 1314.5
   59520,   59580,3085.2,4800.2,9934.2,188.11, 452.02, 1093.4
   59580,   59640,1686.5,3316.4,6978.2,104.19, 318.48, 797.82
   59640,   59700,1477.7,3115.1,6282.2,91.665, 300.36, 728.22
   59700,   59760,1558.9,3204.6,6563.9,96.532, 308.42, 756.39
   59760,   59820,1505.5,3198.6,6189.8,93.331, 307.88, 718.98
   59820,   59880,1492,2937.4,6072.4,92.521, 284.37, 707.24
   59880,   59940,1703.4,3122,6552.3,105.21, 300.98, 755.23
   59940,   60000,1084,2482.5,4858.3,68.039, 243.42, 585.83
   60000,   60060,1467.8,2974.5,5873.3,91.065, 287.7, 687.33
   60060,   60120,1703.5,3222.4,6227.3,105.21, 310.01, 722.73
   60120,   60180,2325.7,3992.6,8497.7,142.54, 379.34, 949.77
   60180,   60240,2547,4013.1,8533.5,155.82, 381.18, 953.35
   60240,   60300,1174.9,2594.3,5255.5,73.497, 253.49, 625.55
   60300,   60360,1183.6,2639.4,5230.2,74.017, 257.55, 623.02
   60360,   60420,1648.3,3451.7,7093.1,101.9, 330.65, 809.31
   60420,   60480,1028.6,2428.6,4937.1,64.715, 238.57, 593.71
   60480,   60540,1002.7,2353.1,4573.3,63.164, 231.78, 557.33
   60540,   60600,1453.2,2959.2,5837.8,90.19, 286.32, 683.78
   60600,   60660,1018.9,2365.8,4694,64.137, 232.92, 569.4
   60660,   60720,918.25,2135.9,4137.9,58.095, 212.23, 513.79
   60720,   60780,844.69,1986.7,3901.5,53.681, 198.8, 490.15
   60780,   60840,921.28,2107.3,4123,58.277, 209.65, 512.3
   60840,   60900,847.3,1983.4,3904.2,53.838, 198.51, 490.42
   60900,   60960,792.65,1850.2,3702.2,50.559, 186.52, 470.22
   60960,   61020,764.2,1756.8,3568,48.852, 178.11, 456.8
   61020,   61080,792.87,1827.8,3659.6,50.572, 184.5, 465.96
   61080,   61140,814.82,1815,3545,51.889, 183.35, 454.5
   61140,   61200,1188.5,2245.9,4310.4,74.31, 222.13, 531.04
   61200,   61260,738.07,1639.6,3266.8,47.284, 167.56, 426.68
   61260,   61320,845.55,1890.1,3712.3,53.733, 190.11, 471.23
   61320,   61380,871.56,1961.1,3851.8,55.294, 196.5, 485.18
   61380,   61440,1071.5,2273.4,4575.2,67.288, 224.61, 557.52
   61440,   61500,1020.7,2195.4,4337.2,64.242, 217.59, 533.72
   61500,   61560,1023.5,2299.7,4573.8,64.409, 226.97, 557.38
   61560,   61620,1273.8,2118.9,4854.2,79.425, 210.7, 585.42
   61620,   61680,1692.3,2315.8,5674.2,104.54, 228.42, 667.42
   61680,   61740,882.81,1879.7,3862.9,55.968, 189.18, 486.29
   61740,   61800,661.48,1447.2,2999.8,42.689, 150.25, 399.98
   61800,   61860,499.01,1162.8,2405.7,32.94, 124.66, 340.57
   61860,   61920,839.29,1610.9,3284.1,53.358, 164.99, 428.41
   61920,   61980,962.63,1858.9,3641.1,60.758, 187.3, 464.11
   61980,   62040,1132.8,2155.2,4318.1,70.968, 213.96, 531.81
   62040,   62100,870.57,1910.8,3765.8,55.234, 191.97, 476.58
   62100,   62160,704.92,1591.5,3110,45.295, 163.23, 411
   62160,   62220,604.53,1354.1,2707.2,39.272, 141.87, 370.72
   62220,   62280,1150.8,1924.7,3605.4,72.049, 193.22, 460.54
   62280,   62340,1557.5,2616.2,5012,96.452, 255.46, 601.2
   62340,   62400,1100.4,2186.5,4504.8,69.023, 216.79, 550.48
   62400,   62460,899.52,1708.2,3403.2,56.971, 173.74, 440.32
   62460,   62520,742.47,1631.6,3226.6,47.548, 166.84, 422.66
   62520,   62580,517.6,1208.4,2388.3,34.056, 128.76, 338.83
   62580,   62640,487.75,1104.9,2257.4,32.265, 119.44, 325.74
   62640,   62700,1331.9,1425.1,3038.2,82.912, 148.26, 403.82
   62700,   62760,516.64,1164.5,2397.6,33.998, 124.8, 339.76
   62760,   62820,379.82,943.15,1928.9,25.789, 104.88, 292.89
   62820,   62880,373.51,928.66,1882.3,25.411, 103.58, 288.23
   62880,   62940,339.77,854.5,1767.1,23.386, 96.905, 276.71
   62940,   63000,659.28,954.17,2792.4,42.557, 105.88, 379.24
   63000,   63060,695.74,1174.1,2794,44.745, 125.67, 379.4
   63060,   63120,372.18,900.87,1894.1,25.331, 101.08, 289.41
   63120,   63180,622.17,1194.6,2631.1,40.33, 127.51, 363.11
   63180,   63240,527.86,1288,2527.5,34.672, 135.92, 352.75
   63240,   63300,446.16,1133.4,2266.9,29.77, 122.01, 326.69
   63300,   63360,435.56,1035,2130.4,29.134, 113.15, 313.04
   63360,   63420,873.8,1464.6,3238.4,55.428, 151.81, 423.84
   63420,   63480,614.96,1396.7,2821.5,39.897, 145.7, 382.15
   63480,   63540,752.62,1467.5,3196.6,48.157, 152.08, 419.66
   63540,   63600,590.49,1090.4,2254.8,38.43, 118.14, 325.48
   63600,   63660,990.27,1414,3118.3,62.416, 147.26, 411.83
   63660,   63720,504.29,1143.9,2358.4,33.257, 122.95, 335.84
   63720,   63780,427.42,983.59,2028.4,28.645, 108.52, 302.84
   63780,   63840,855.97,989.03,2690.6,54.358, 109.01, 369.06
   63840,   63900,786.75,1108.5,3248.7,50.205, 119.77, 424.87
   63900,   63960,396.29,950.26,1972.9,26.777, 105.52, 297.29
   63960,   64020,930.78,1349.8,2763.7,58.847, 141.48, 376.37
   64020,   64080,805.61,1512.7,3252.4,51.337, 156.14, 425.24
   64080,   64140,668.32,1530.4,3007.3,43.099, 157.74, 400.73
   64140,   64200,634.5,1444.4,2885.3,41.07, 150, 388.53
   64200,   64260,955.97,2182.5,4000.6,60.358, 216.42, 500.06
   64260,   64320,515.37,1374.2,2687.7,33.922, 143.67, 368.77
   64320,   64380,582.78,1280.4,2565.3,37.967, 135.24, 356.53
