CampaignData_and_Merges/R0/CSL_MobileLab_Parked/raw/20240815/USOS-NOAAIodideCIMS-OrgNitrs_MobileLabGround_20240815_RA.ict
37, 1001
Michael A Robinson, Chris Jernigan, Subi Thakali
NOAA ESRL Chemical Sciences Laboratory and CIRES, U. of Colorado
NOAA Iodide CIMS Instrument
USOS
1, 1
2024, 08, 15, 2024, 08, 18
1
starttime_UTC, seconds_past_midnight, seconds_of_day_since_00:00:00_UTC
5
1, 1, 1, 1, 1
-9999, -9999, -9999, -9999, -9999
C4H7NO5_NOAACIMS, pptv, Gas_C4H7NO5_InSitu_S_AVMR, 
ISOPN_NOAACIMS, pptv, Gas_ISOPN_InSitu_S_AVMR, 
C5H10O3_NOAACIMS, pptv, Gas_C5H10O3_InSitu_S_AVMR, 
C5H9NO5_NOAACIMS, pptv, Gas_C5H9NO5_InSitu_S_AVMR, 
C10H17NO4_NOAACIMS, pptv, Gas_C10H17NO4_InSitu_S_AVMR, 
0
18
PI_CONTACT_INFO: 325 Broadway, R/CSD 7, Boulder, Colorado 80305; michael.a.robinson@noaa.gov; chris.jernigan@noaa.gov;
PLATFORM: NOAA CSL Mobile Lab
LOCATION: SLC, Utah
ASSOCIATED_DATA: 1Hz data also available on request.
INSTRUMENT_INFO: NOAA I- ToF CIMS
DATA_INFO: All data in parts per trillion by volume (pptv). 1 Hz data is available upon request.
UNCERTAINTY: TBD
ULOD_FLAG: -7777
ULOD_VALUE: N/A
LLOD_FLAG: -8888
LLOD_VALUE: N/A
DM_CONTACT_INFO: Nathan Howard; nathan.h.howard@noaa.gov
PROJECT_INFO: USOS, summer 2024. https://csl.noaa.gov/groups/csl7/measurements/2024usos/
STIPULATIONS_ON_USE: Users are strongly encouraged to contact the PI for proper data usage.
OTHER_COMMENTS: 
REVISION: RA
RA: Preliminary Data; For in-field use only
starttime_UTC, C4H7NO5_NOAACIMS, ISOPN_NOAACIMS, C5H10O3_NOAACIMS, C5H9NO5_NOAACIMS, C10H17NO4_NOAACIMS
[from data line 1235]
 74100,  3.264,  9.321, 14.704,  2.307,  0.243
 74160,  3.397, 10.618, 16.226,  2.320,  0.231
 74220,  3.817, 12.559, 20.576,  2.350,  0.248
 74280,  4.056, 13.288, 24.949,  2.709,  0.262
 74340,  4.108, 14.593, 23.547,  2.326,  0.236
 74400,  4.247, 15.975, 25.767,  2.522,  0.326
 74460,  4.540, 17.734, 28.070,  2.683,  0.406
 74520,  4.139, 16.411, 25.644,  2.512,  0.339
 74580,  3.903, 13.893, 24.621,  2.033,  0.146
 74640,  3.375, 11.639, 19.290,  2.263,  0.310
 74700,  3.897, 13.719, 22.707,  2.266,  0.205
 74760,  4.166, 15.589, 25.389,  2.332,  0.246
 74820,  4.131, 16.071, 26.515,  2.275,  0.342
 74880,  3.947, 17.246, 25.383,  2.378,  0.336
 74940,  3.693, 14.232, 23.912,  2.359,  0.331
 75000,  3.359, 13.081, 20.827,  2.151,  0.345
 75060,  2.917, 10.640, 16.927,  1.869,  0.247
 75120,  2.776, 10.210, 14.832,  1.859,  0.274
 75180,  2.319,  6.046, 11.601,  1.885,  0.229
 75240,  2.377,  6.279, 10.993,  1.790,  0.178
 75300,  2.557,  8.488, 10.860,  1.863,  0.226
 75360,  2.812,  8.425, 11.725,  1.873,  0.188
 75420,  3.014,  9.801, 12.365,  2.006,  0.187
 75480,  3.252,  9.721, 13.805,  2.086,  0.175
 75540,  3.405, 10.708, 15.559,  2.265,  0.197
 75600,  3.614, 12.734, 18.097,  2.324,  0.270
 75660,  3.657, 13.139, 19.856,  2.267,  0.211
 75720,  3.614, 13.236, 21.318,  2.200,  0.213
 75780,  3.580, 13.788, 22.025,  2.605,  0.233
 75840,  3.180, 10.953, 17.848,  2.612,  0.193
 75900,  3.506, 12.600, 18.967,  2.763,  0.163
 75960,  3.481, 11.993, 21.055,  2.494,  0.225
 76020,  3.834, 15.449, 24.600,  2.378,  0.298
 76080,  4.162, 17.605, 26.406,  2.384,  0.284
 76140,  4.250, 18.309, 30.010,  2.487,  0.335
 76200,  4.337, 19.252, 29.785,  2.458,  0.341
 76260,  4.403, 20.232, 32.246,  2.514,  0.370
 76320,  4.250, 18.595, 32.164,  2.471,  0.352
 76380,  3.294, 12.439, 25.332,  1.888,  0.203
 76440,  3.055, 11.784, 22.783,  2.016,  0.252
 76500,  3.129, 12.568, 20.280,  2.194,  0.317
 76560,  3.867, 10.474, 32.027,  3.670,  0.264
 76620,  2.980, 10.785, 18.796,  1.849,  0.239
 76680,  3.186, 12.201, 19.820,  1.999,  0.199
 76740,  3.967, 15.711, 25.177,  2.346,  0.236
 76800,  4.323, 17.498, 30.959,  2.342,  0.217
 76860,  3.953, 16.865, 28.204,  2.440,  0.328
 76920,  3.401, 13.701, 23.685,  2.110,  0.307
 76980,  3.108, 12.172, 22.188,  1.978,  0.215
 77040,  2.824, 10.034, 19.546,  1.951,  0.229
 77100,  2.739,  9.234, 18.105,  1.819,  0.177
 77160,  2.815,  9.739, 18.068,  1.813,  0.190
 77220,  3.117, 12.525, 21.411,  1.956,  0.141
 77280,  3.516, 14.971, 24.679,  2.094,  0.158
 77340,  3.733, 15.975, 27.098,  1.994,  0.111
 77400,  3.822, 15.400, 28.371,  2.238,  0.202
 77460,  3.751, 15.682, 27.772,  2.101,  0.249
 77520,  3.605, 16.099, 28.661,  2.183,  0.162
 77580,  3.023, 13.480, 25.827,  2.105,  0.283
 77640,  2.805, 13.430, 24.995,  1.979,  0.356
 77700,  2.244, 10.477, 19.344,  2.230,  0.152
 77760,  2.307, 11.147, 20.989,  1.938,  0.249
 77820,  2.345, 10.843, 20.323,  1.692,  0.206
 77880,  2.200,  9.572, 20.364,  1.814,  0.204
 77940,  2.200, 10.264, 19.590,  1.556,  0.191
 78000,  2.181, 11.063, 18.494,  1.601,  0.172
 78060,  2.334, 11.457, 17.752,  1.523,  0.172
 78120,  2.390, 12.574, 18.840,  1.522,  0.189
 78180,  2.413, 11.372, 19.607,  1.511,  0.175
 78240,  2.299, 11.435, 19.404,  1.586,  0.196
 78300,  2.304, 12.274, 18.604,  1.496,  0.272
 78360,  2.149, 10.489, 20.027,  1.529,  0.177
 78420,  2.193,  9.797, 18.791,  1.510,  0.189
 78480,  2.020, 10.390, 18.272,  1.338,  0.110
 78540,  2.008, 10.822, 19.579,  1.467,  0.125
 78600,  2.022,  9.320, 18.381,  1.366,  0.100
 78660,  1.848,  8.150, 17.188,  1.090, -0.018
 78720,  1.919,  9.578, 18.798,  1.282,  0.058
 78780,  1.957, 10.484, 20.213,  1.185,  0.130
 78840,  1.845,  9.870, 21.141,  1.384,  0.118
 78900,  1.870,  9.880, 21.646,  1.331,  0.115
 78960,  1.993, 11.714, 22.276,  1.271,  0.067
 79020,  1.903, 11.634, 21.203,  1.254,  0.135
 79080,  1.930, 10.185, 20.539,  1.320,  0.107
 79140,  1.888, 11.692, 19.679,  1.329,  0.153
 79200,  1.900, 12.584, 20.061,  1.007,  0.136
 79260,  1.873, 12.602, 20.934,  1.472,  0.194
 79320,  1.579,  8.958, 18.847,  1.214,  0.050
 79380,  1.430,  7.288, 16.196,  1.261,  0.084
 79440,  1.539,  8.384, 17.343,  1.205,  0.040
 79500, -9999.000, -9999.000, -9999.000, -9999.000, -9999.000
 79560,  1.634,  9.562, 15.420,  1.886,  0.124
 79620,  1.618,  8.994, 14.408,  1.592,  0.118
 79680,  1.650,  9.526, 15.891,  1.357,  0.120
 79740,  1.547,  9.756, 15.333,  1.278,  0.099
 79800,  1.521,  8.912, 15.277,  1.097,  0.041
 79860,  1.536,  9.455, 15.501,  0.787,  0.039
 79920,  1.721, 10.985, 17.041,  1.270,  0.204
 79980,  1.772, 12.549, 17.060,  1.253,  0.147
 80040,  1.872, 12.572, 18.121,  1.137,  0.209
 80100,  1.797, 11.068, 16.506,  1.083,  0.116
 80160,  1.783, 11.604, 17.482,  0.958,  0.126
 80220,  1.777, 12.697, 17.221,  1.102,  0.182
 80280,  1.764, 12.170, 16.388,  1.069,  0.193
 80340,  1.827, 13.818, 17.419,  0.967,  0.212
 80400,  1.782, 12.833, 18.065,  1.126,  0.209
 80460,  1.676,  9.575, 16.342,  0.970,  0.162
 80520,  1.756, 11.467, 16.590,  1.021,  0.133
 80580,  1.723, 11.214, 15.792,  0.929,  0.204
 80640,  1.709, 10.020, 14.016,  0.866,  0.176
 80700,  1.777, 10.792, 14.755,  0.949,  0.186
 80760,  1.731,  9.867, 14.090,  0.904,  0.183
 80820,  1.694,  9.286, 13.678,  0.924,  0.151
 80880,  1.737,  9.955, 14.921,  0.917,  0.147
 80940,  1.600,  7.860, 13.058,  0.950,  0.098
 81000,  1.549,  8.311, 12.645,  0.980,  0.083
 81060,  1.553,  8.152, 12.316,  0.934,  0.135
 81120,  1.546,  8.737, 12.667,  0.868,  0.186
 81180,  1.592,  8.384, 12.222,  0.871,  0.178
 81240,  1.601,  8.894, 11.559,  1.015,  0.185
 81300,  1.633,  8.723, 12.283,  0.907,  0.188
 81360, -9999.000, -9999.000, -9999.000, -9999.000, -9999.000
 81420,  1.757, 10.213, 13.342,  1.440,  0.164
 81480,  1.773, 11.402, 13.977,  1.402,  0.249
 81540,  1.716, 11.075, 14.957,  0.911,  0.161
 81600,  1.705, 10.390, 14.088,  1.068,  0.145
 81660,  1.744, 10.562, 14.065,  0.961,  0.251
 81720,  1.652, 11.434, 13.453,  0.910,  0.196
 81780,  1.722, 12.805, 14.322,  0.970,  0.207
 81840,  1.725, 13.379, 14.904,  1.091,  0.277
 81900,  1.766, 13.352, 15.779,  1.137,  0.286
 81960,  1.679, 11.042, 14.546,  0.909,  0.210
 82020,  1.631, 11.128, 15.259,  0.920,  0.127
 82080,  1.502,  8.912, 12.840,  0.986,  0.208
 82140,  1.515,  8.381, 11.441,  1.058,  0.155
 82200,  1.547,  9.299, 11.145,  1.013,  0.241
 82260,  1.716, 11.130, 11.784,  1.052,  0.189
 82320,  1.590,  9.630, 10.990,  0.929,  0.144
 82380,  1.540,  7.794, 10.905,  1.013,  0.183
 82440,  1.515,  7.107, 10.397,  0.918,  0.137
 82500,  1.588,  8.215, 12.249,  0.888,  0.211
 82560,  1.599,  8.702, 12.749,  0.961,  0.203
 82620,  1.707,  9.399, 14.237,  0.969,  0.209
 82680,  1.832, 10.649, 15.542,  0.925,  0.186
 82740,  1.869, 10.962, 16.839,  1.163,  0.166
 82800,  1.948, 11.856, 17.238,  0.975,  0.240
 82860,  1.877, 12.122, 18.240,  1.198,  0.154
 82920,  1.745, 11.414, 16.484,  1.096,  0.167
 82980,  1.872, 13.151, 16.496,  1.190,  0.186
 83040,  1.902, 14.029, 17.507,  1.074,  0.181
 83100,  1.964, 14.039, 18.192,  1.283,  0.345
 83160,  1.873, 13.903, 17.444,  1.407,  0.312
 83220, -9999.000, -9999.000, -9999.000, -9999.000, -9999.000
 83280,  1.691,  9.950, 15.279,  1.518,  0.117
 83340,  1.709, 11.025, 16.187,  1.124,  0.078
 83400,  1.832, 13.778, 17.836,  1.273,  0.200
 83460,  1.938, 14.741, 18.922,  1.240,  0.283
 83520,  2.356, 13.884, 22.525,  1.769,  0.274
 83580,  2.217, 13.243, 25.050,  2.067,  0.390
 83640,  1.951, 11.840, 18.475,  1.240,  0.273
 83700,  1.684,  9.045, 15.897,  1.026,  0.070
 83760,  1.754, 10.101, 16.220,  1.159,  0.195
 83820,  1.717, 10.104, 16.060,  1.133,  0.203
 83880,  1.729,  9.452, 15.873,  0.995,  0.121
 83940,  1.754,  9.762, 14.967,  1.024,  0.048
 84000,  1.841, 11.832, 16.450,  1.266,  0.169
 84060,  1.797,  9.764, 14.965,  0.980,  0.154
 84120,  1.735,  9.949, 15.206,  1.056,  0.121
 84180,  1.733, 10.072, 15.020,  1.223,  0.198
 84240,  1.819, 10.789, 15.604,  1.113,  0.264
 84300,  1.799, 11.710, 16.067,  1.012,  0.247
 84360,  1.832, 11.509, 16.282,  1.126,  0.241
 84420,  1.905, 12.169, 16.933,  1.185,  0.255
 84480,  1.906, 11.747, 16.096,  1.183,  0.256
 84540,  1.872, 10.659, 15.611,  1.078,  0.215
 84600,  1.897,  9.961, 14.999,  1.084,  0.167
 84660,  1.842, 10.107, 14.121,  0.973,  0.137
 84720,  1.810, 10.347, 14.911,  0.922,  0.170
 84780,  1.742, 10.560, 15.174,  1.031,  0.215
 84840,  1.718, 11.146, 14.981,  0.948,  0.275
 84900,  1.648,  9.486, 13.012,  0.871,  0.157
 84960,  1.613,  9.018, 12.539,  0.845,  0.149
 85020,  1.626, 10.192, 13.023,  0.875,  0.160
 85080,  1.807, 11.989, 14.002,  1.234,  0.172
 85140,  1.853, 12.920, 15.966,  1.446,  0.179
 85200,  1.830, 13.089, 16.884,  1.163,  0.127
 85260,  1.841, 12.378, 16.370,  0.967,  0.100
 85320,  1.929, 13.278, 17.715,  0.937,  0.217
 85380,  1.899, 12.127, 16.280,  0.975,  0.172
 85440,  1.816, 10.458, 16.047,  0.919,  0.213
 85500,  1.774, 11.062, 16.607,  0.944,  0.236
 85560,  1.873, 12.325, 17.461,  0.848,  0.204
 85620,  1.782, 10.988, 16.279,  0.909,  0.201
 85680,  1.842, 11.119, 16.577,  0.712,  0.175
 85740,  1.853, 12.726, 18.463,  1.129,  0.221
 85800,  1.746, 13.423, 17.621,  0.892,  0.189
 85860,  1.776, 13.410, 17.106,  1.018,  0.168
 85920,  1.781, 14.896, 17.175,  0.826,  0.275
 85980,  1.859, 16.147, 17.409,  1.073,  0.342
 86040,  1.980, 17.466, 18.012,  0.822,  0.352
 86100,  1.778, 13.229, 15.564,  0.923,  0.282
 86160,  1.749, 11.972, 14.974,  0.963,  0.205
 86220,  1.848, 11.702, 15.381,  1.058,  0.232
 86280,  1.845, 12.150, 14.666,  0.847,  0.242
 86340,  1.845, 12.110, 15.782,  0.912,  0.287
