CampaignData_and_Merges/R0/CSL_MobileLab_Parked/raw/20240815/USOS-NOAAIodideCIMS-Halogens_MobileLabGround_20240815_RA.ict
38, 1001
Michael A Robinson, Chris Jernigan, Subi Thakali
NOAA ESRL Chemical Sciences Laboratory and CIRES, U. of Colorado
NOAA Iodide CIMS Instrument
USOS
1, 1
2024, 08, 15, 2024, 08, 18
1
starttime_UTC, seconds_past_midnight, seconds_of_day_since_00:00:00_UTC
6
1, 1, 1, 1, 1, 1
-9999, -9999, -9999, -9999, -9999, -9999
Br2_NOAACIMS, pptv, Gas_Br2_InSitu_S_AVMR, 
BrO_NOAACIMS, pptv, Gas_BrO_InSitu_S_AVMR, 
Cl2_NOAACIMS, pptv, Gas_Cl2_InSitu_S_AVMR, 
ClNO2_NOAACIMS, pptv, Gas_ClNO2_InSitu_S_AVMR, 
BrCl_NOAACIMS, pptv, Gas_BrCl_InSitu_S_AVMR, 
NCl3_NOAACIMS, pptv, Gas_NCl3_InSitu_S_AVMR, 
0
18
PI_CONTACT_INFO: 325 Broadway, R/CSD 7, Boulder, Colorado 80305; michael.a.robinson@noaa.gov; chris.jernigan@noaa.gov;
PLATFORM: NOAA CSL Mobile Lab
LOCATION: SLC, Utah
ASSOCIATED_DATA: 1Hz data also available on request.
INSTRUMENT_INFO: NOAA I- ToF CIMS
DATA_INFO: All data in parts per trillion by volume (pptv). 1 Hz data is available upon request.
UNCERTAINTY: TBD
ULOD_FLAG: -7777
ULOD_VALUE: N/A
LLOD_FLAG: -8888
LLOD_VALUE: N/A
DM_CONTACT_INFO: Nathan Howard; nathan.h.howard@noaa.gov
PROJECT_INFO: USOS, summer 2024. https://csl.noaa.gov/groups/csl7/measurements/2024usos/
STIPULATIONS_ON_USE: Users are strongly encouraged to contact the PI for proper data usage.
OTHER_COMMENTS: 
REVISION: RA
RA: Preliminary Data; For in-field use only
starttime_UTC, Br2_NOAACIMS, BrO_NOAACIMS, Cl2_NOAACIMS, ClNO2_NOAACIMS, BrCl_NOAACIMS, NCl3_NOAACIMS
[from data line 552]
 33120,  0.584,  0.073,  0.323,  0.236,  0.045,  0.908
 33180,  0.497,  0.006,  0.412,  0.289,  0.003,  0.944
 33240,  0.671,  0.076,  0.390,  0.247,  0.040,  1.004
 33300,  0.617,  0.077,  0.352,  0.263,  0.017,  1.042
 33360,  0.441,  0.075,  0.340,  0.248,  0.042,  1.044
 33420,  0.544,  0.037,  0.346,  0.248,  0.020,  0.800
 33480,  0.615,  0.048,  0.288,  0.219,  0.008,  1.038
 33540,  0.687,  0.007,  0.366,  0.236,  0.019,  0.949
 33600,  0.535,  0.029,  0.345,  0.253,  0.039,  0.936
 33660,  0.561,  0.030,  0.349,  0.241,  0.026,  0.841
 33720,  0.485,  0.012,  0.382,  0.229,  0.084,  0.905
 33780,  0.529,  0.079,  0.284,  0.265,  0.037,  0.882
 33840,  0.628,  0.063,  0.377,  0.284,  0.001,  0.955
 33900,  0.579,  0.046,  0.386,  0.220,  0.014,  0.761
 33960,  0.547, -0.016,  0.338,  0.254,  0.024,  0.920
 34020,  0.515,  0.062,  0.481,  0.287,  0.008,  1.030
 34080,  0.574,  0.026,  0.375,  0.233,  0.030,  1.041
 34140,  0.596,  0.052,  0.414,  0.256,  0.049,  0.964
 34200,  0.575, -0.009,  0.338,  0.282,  0.015,  0.897
 34260,  0.547, -0.025,  0.397,  0.281,  0.051,  0.945
 34320,  0.561, -0.023,  0.426,  0.246,  0.045,  0.953
 34380,  0.594, -0.018,  0.391,  0.243,  0.028,  1.093
 34440,  0.530,  0.028,  0.400,  0.280,  0.041,  1.013
 34500,  0.542, -0.008,  0.410,  0.241,  0.064,  0.862
 34560,  0.604, -0.005,  0.398,  0.266,  0.026,  0.852
 34620,  0.625, -0.009,  0.420,  0.306,  0.044,  0.940
 34680,  0.509, -0.034,  0.409,  0.281,  0.045,  0.886
 34740,  0.480, -0.025,  0.344,  0.282,  0.053,  0.913
 34800,  0.519,  0.030,  0.411,  0.315,  0.049,  0.947
 34860,  0.540,  0.014,  0.452,  0.305,  0.055,  0.939
 34920,  0.523,  0.008,  0.413,  0.279,  0.059,  1.003
 34980,  0.548,  0.185,  0.431,  0.248,  0.134,  0.707
 35040,  0.486, -0.089,  0.291,  0.264,  0.047,  0.656
 35100,  0.571, -0.064,  0.396,  0.276,  0.064,  1.071
 35160,  0.527,  0.048,  0.423,  0.298,  0.057,  0.855
 35220,  0.481, -0.037,  0.403,  0.293,  0.043,  0.868
 35280,  0.581,  0.003,  0.297,  0.287,  0.014,  0.821
 35340,  0.582,  0.010,  0.409,  0.274,  0.033,  0.952
 35400,  0.479, -0.011,  0.344,  0.275,  0.028,  0.819
 35460,  0.568, -0.029,  0.323,  0.297,  0.062,  0.849
 35520,  0.476, -0.021,  0.359,  0.255,  0.057,  1.095
 35580,  0.597,  0.024,  0.379,  0.310,  0.074,  1.036
 35640,  0.528, -0.024,  0.350,  0.349,  0.069,  0.884
 35700,  0.459, -0.022,  0.365,  0.302,  0.049,  1.070
 35760,  0.567, -0.019,  0.406,  0.275,  0.071,  1.044
 35820,  0.425, -0.031,  0.382,  0.269,  0.044,  0.964
 35880,  0.497, -0.052,  0.397,  0.307,  0.047,  0.974
 35940,  0.426, -0.022,  0.334,  0.243,  0.040,  1.008
 36000,  0.382, -0.076,  0.392,  0.279, -0.003,  0.839
 36060,  0.522, -0.007,  0.357,  0.277,  0.041,  1.161
 36120,  0.547,  0.008,  0.354,  0.313,  0.056,  1.052
 36180,  0.580, -0.029,  0.322,  0.344,  0.051,  0.985
 36240,  0.572, -0.009,  0.337,  0.300,  0.047,  1.022
 36300,  0.595,  0.004,  0.314,  0.263,  0.036,  1.189
 36360,  0.540, -0.024,  0.316,  0.278,  0.046,  1.210
 36420,  0.598, -0.031,  0.386,  0.264,  0.096,  1.119
 36480,  0.572,  0.004,  0.314,  0.282,  0.062,  1.122
 36540,  0.568, -0.017,  0.302,  0.252,  0.070,  1.160
 36600,  0.596, -0.050,  0.307,  0.242,  0.052,  1.279
 36660,  0.664,  0.009,  0.335,  0.351,  0.061,  1.331
 36720,  0.493, -0.033,  0.343,  0.314,  0.078,  1.194
 36780,  0.630, -0.038,  0.369,  0.271,  0.065,  1.245
 36840,  0.779, -0.119,  0.380,  0.339,  0.201,  1.681
 36900,  0.546,  0.008,  0.244,  0.324,  0.075,  1.003
 36960,  0.622, -0.002,  0.310,  0.285,  0.072,  1.098
 37020,  0.548, -0.013,  0.280,  0.309,  0.056,  0.877
 37080,  0.692,  0.024,  0.332,  0.282,  0.041,  1.184
 37140,  0.602,  0.010,  0.237,  0.324,  0.073,  0.960
 37200,  0.543, -0.022,  0.349,  0.320,  0.070,  1.022
 37260,  0.675, -0.019,  0.346,  0.317,  0.084,  0.745
 37320,  0.610,  0.009,  0.317,  0.317,  0.096,  0.717
 37380,  0.693, -0.070,  0.269,  0.273,  0.096,  0.914
 37440,  0.574,  0.019,  0.311,  0.296,  0.043,  0.872
 37500,  0.524,  0.041,  0.386,  0.311,  0.090,  0.831
 37560,  0.549, -0.016,  0.306,  0.316,  0.070,  1.006
 37620,  0.675,  0.019,  0.293,  0.353,  0.112,  1.000
 37680,  0.562,  0.010,  0.330,  0.378,  0.095,  0.863
 37740,  0.555,  0.016,  0.290,  0.323,  0.061,  0.965
 37800,  0.643,  0.021,  0.312,  0.345,  0.081,  0.801
 37860,  0.495,  0.060,  0.260,  0.351,  0.063,  0.879
 37920,  0.562,  0.013,  0.348,  0.337,  0.094,  0.870
 37980,  0.597,  0.024,  0.354,  0.348,  0.080,  1.097
 38040,  0.581,  0.064,  0.308,  0.322,  0.096,  1.084
 38100,  0.558,  0.038,  0.273,  0.361,  0.073,  0.832
 38160,  0.550,  0.018,  0.310,  0.329,  0.078,  0.924
 38220,  0.604,  0.081,  0.334,  0.349,  0.095,  0.937
 38280,  0.664,  0.169,  0.311,  0.344,  0.101,  0.749
 38340,  0.551,  0.034,  0.315,  0.338,  0.080,  0.763
 38400,  0.596,  0.028,  0.260,  0.362,  0.090,  0.874
 38460,  0.662,  0.058,  0.287,  0.372,  0.072,  0.766
 38520,  0.718,  0.130,  0.268,  0.336,  0.092,  0.855
 38580,  0.614,  0.082,  0.459,  0.381,  0.084,  1.127
 38640,  0.558,  0.107,  0.294,  0.348,  0.082,  1.198
 38700, -9999.000, -9999.000, -9999.000, -9999.000, -9999.000, -9999.000
 38760,  0.553,  0.021,  0.307,  0.315,  0.121,  0.944
 38820,  0.464,  0.095,  0.332,  0.314,  0.095,  0.952
 38880,  0.555,  0.059,  0.264,  0.389,  0.116,  0.896
 38940,  0.597,  0.070,  0.349,  0.354,  0.079,  0.800
 39000,  0.583,  0.040,  0.331,  0.404,  0.088,  0.805
 39060,  0.538,  0.036,  0.379,  0.422,  0.102,  0.898
 39120,  0.601,  0.092,  0.304,  0.401,  0.067,  0.776
 39180,  0.569,  0.068,  0.274,  0.375,  0.102,  1.058
 39240,  0.588,  0.095,  0.338,  0.413,  0.121,  0.923
 39300,  0.557,  0.068,  0.311,  0.394,  0.081,  0.961
 39360,  0.609,  0.072,  0.326,  0.430,  0.062,  0.723
 39420,  0.579,  0.086,  0.321,  0.430,  0.097,  0.759
 39480,  0.637,  0.018,  0.293,  0.462,  0.070,  0.727
 39540,  0.545,  0.073,  0.276,  0.438,  0.081,  0.707
 39600,  0.632,  0.036,  0.310,  0.458,  0.107,  0.764
 39660,  0.619,  0.103,  0.344,  0.478,  0.116,  0.718
 39720,  0.472,  0.062,  0.258,  0.429,  0.121,  0.574
 39780,  0.521,  0.072,  0.318,  0.430,  0.109,  0.708
 39840,  0.530,  0.072,  0.333,  0.490,  0.089,  0.838
 39900,  0.584,  0.049,  0.290,  0.504,  0.101,  0.730
 39960,  0.555,  0.058,  0.386,  0.501,  0.115,  0.801
 40020,  0.535,  0.105,  0.346,  0.457,  0.098,  0.977
 40080,  0.518,  0.047,  0.349,  0.462,  0.082,  0.748
 40140,  0.583,  0.036,  0.371,  0.528,  0.097,  0.679
 40200,  0.603,  0.058,  0.314,  0.476,  0.108,  0.790
 40260,  0.498,  0.019,  0.393,  0.479,  0.134,  0.983
 40320,  0.576,  0.078,  0.425,  0.464,  0.080,  0.818
 40380,  0.610,  0.072,  0.309,  0.492,  0.102,  0.785
 40440,  0.562,  0.081,  0.395,  0.489,  0.146,  0.759
 40500,  0.578,  0.037,  0.357,  0.521,  0.063,  0.716
 40560, -9999.000, -9999.000, -9999.000, -9999.000, -9999.000, -9999.000
 40620,  0.529,  0.003,  0.324,  0.498,  0.091,  0.681
 40680,  0.518,  0.061,  0.290,  0.515,  0.090,  0.822
 40740,  0.612,  0.018,  0.392,  0.511,  0.088,  0.991
 40800,  0.599,  0.079,  0.337,  0.439,  0.069,  2.224
 40860,  0.567,  0.107,  0.361,  0.567,  0.054,  1.108
 40920,  0.552,  0.037,  0.354,  0.577,  0.052,  1.526
 40980,  0.571,  0.038,  0.268,  0.485, -0.011,  0.871
 41040,  0.576,  0.034,  0.277,  0.556,  0.008,  0.779
 41100,  0.647,  0.004,  0.320,  0.523,  0.019,  0.782
 41160,  0.659, -0.016,  0.240,  0.664,  0.031,  0.563
 41220,  0.661,  0.009,  0.159,  0.611,  0.016,  0.542
 41280, -9999.000, -9999.000, -9999.000, -9999.000, -9999.000, -9999.000
 41340,  0.669,  0.035,  0.153,  0.630,  0.032,  0.615
 41400,  0.720,  0.024,  0.254,  0.575, -0.010,  0.633
 41460,  0.610,  0.020,  0.326,  0.623,  0.012,  0.737
 41520,  0.723,  0.010,  0.305,  0.630,  0.024,  0.795
 41580,  0.556,  0.027,  0.278,  0.621,  0.008,  0.810
 41640,  0.661, -0.028,  0.270,  0.609,  0.016,  0.853
 41700,  0.647,  0.082,  0.232,  0.636, -0.004,  0.968
 41760,  0.616, -0.027,  0.254,  0.575,  0.012,  0.900
 41820,  0.670,  0.035,  0.224,  0.608, -0.003,  0.966
 41880,  0.646, -0.011,  0.277,  0.616, -0.007,  1.079
 41940,  0.706, -0.007,  0.219,  0.575, -0.021,  0.892
 42000,  0.642, -0.014,  0.220,  0.612, -0.028,  0.690
 42060,  0.534, -0.043,  0.209,  0.597, -0.025,  0.664
 42120,  0.617, -0.045,  0.195,  0.465, -0.017,  1.027
 42180, -9999.000, -9999.000, -9999.000, -9999.000, -9999.000, -9999.000
 42240, -9999.000, -9999.000, -9999.000, -9999.000, -9999.000, -9999.000
 42300, -9999.000, -9999.000, -9999.000, -9999.000, -9999.000, -9999.000
 42360, -9999.000, -9999.000, -9999.000, -9999.000, -9999.000, -9999.000
 42420, -9999.000, -9999.000, -9999.000, -9999.000, -9999.000, -9999.000
 42480, -9999.000, -9999.000, -9999.000, -9999.000, -9999.000, -9999.000
 42540, -9999.000, -9999.000, -9999.000, -9999.000, -9999.000, -9999.000
 42600, -9999.000, -9999.000, -9999.000, -9999.000, -9999.000, -9999.000
 42660, -9999.000, -9999.000, -9999.000, -9999.000, -9999.000, -9999.000
 42720, -9999.000, -9999.000, -9999.000, -9999.000, -9999.000, -9999.000
 42780, -9999.000, -9999.000, -9999.000, -9999.000, -9999.000, -9999.000
 42840, -9999.000, -9999.000, -9999.000, -9999.000, -9999.000, -9999.000
 42900, -9999.000, -9999.000, -9999.000, -9999.000, -9999.000, -9999.000
 42960, -9999.000, -9999.000, -9999.000, -9999.000, -9999.000, -9999.000
 43020, -9999.000, -9999.000, -9999.000, -9999.000, -9999.000, -9999.000
 43080, -9999.000, -9999.000, -9999.000, -9999.000, -9999.000, -9999.000
 43140, -9999.000, -9999.000, -9999.000, -9999.000, -9999.000, -9999.000
 43200, -9999.000, -9999.000, -9999.000, -9999.000, -9999.000, -9999.000
 43260, -9999.000, -9999.000, -9999.000, -9999.000, -9999.000, -9999.000
 43320, -9999.000, -9999.000, -9999.000, -9999.000, -9999.000, -9999.000
 43380, -9999.000, -9999.000, -9999.000, -9999.000, -9999.000, -9999.000
 43440, -9999.000, -9999.000, -9999.000, -9999.000, -9999.000, -9999.000
 43500, -9999.000, -9999.000, -9999.000, -9999.000, -9999.000, -9999.000
 43560, -9999.000, -9999.000, -9999.000, -9999.000, -9999.000, -9999.000
 43620, -9999.000, -9999.000, -9999.000, -9999.000, -9999.000, -9999.000
 43680, -9999.000, -9999.000, -9999.000, -9999.000, -9999.000, -9999.000
 43740, -9999.000, -9999.000, -9999.000, -9999.000, -9999.000, -9999.000
 43800, -9999.000, -9999.000, -9999.000, -9999.000, -9999.000, -9999.000
 43860, -9999.000, -9999.000, -9999.000, -9999.000, -9999.000, -9999.000
 43920, -9999.000, -9999.000, -9999.000, -9999.000, -9999.000, -9999.000
 43980, -9999.000, -9999.000, -9999.000, -9999.000, -9999.000, -9999.000
 44040, -9999.000, -9999.000, -9999.000, -9999.000, -9999.000, -9999.000
 44100, -9999.000, -9999.000, -9999.000, -9999.000, -9999.000, -9999.000
 44160, -9999.000, -9999.000, -9999.000, -9999.000, -9999.000, -9999.000
 44220, -9999.000, -9999.000, -9999.000, -9999.000, -9999.000, -9999.000
 44280, -9999.000, -9999.000, -9999.000, -9999.000, -9999.000, -9999.000
 44340, -9999.000, -9999.000, -9999.000, -9999.000, -9999.000, -9999.000
 44400, -9999.000, -9999.000, -9999.000, -9999.000, -9999.000, -9999.000
 44460, -9999.000, -9999.000, -9999.000, -9999.000, -9999.000, -9999.000
 44520, -9999.000, -9999.000, -9999.000, -9999.000, -9999.000, -9999.000
 44580, -9999.000, -9999.000, -9999.000, -9999.000, -9999.000, -9999.000
 44640, -9999.000, -9999.000, -9999.000, -9999.000, -9999.000, -9999.000
 44700, -9999.000, -9999.000, -9999.000, -9999.000, -9999.000, -9999.000
 44760, -9999.000, -9999.000, -9999.000, -9999.000, -9999.000, -9999.000
 44820, -9999.000, -9999.000, -9999.000, -9999.000, -9999.000, -9999.000
 44880, -9999.000, -9999.000, -9999.000, -9999.000, -9999.000, -9999.000
 44940, -9999.000, -9999.000, -9999.000, -9999.000, -9999.000, -9999.000
 45000, -9999.000, -9999.000, -9999.000, -9999.000, -9999.000, -9999.000
 45060, -9999.000, -9999.000, -9999.000, -9999.000, -9999.000, -9999.000
 45120, -9999.000, -9999.000, -9999.000, -9999.000, -9999.000, -9999.000
 45180, -9999.000, -9999.000, -9999.000, -9999.000, -9999.000, -9999.000
 45240, -9999.000, -9999.000, -9999.000, -9999.000, -9999.000, -9999.000
 45300, -9999.000, -9999.000, -9999.000, -9999.000, -9999.000, -9999.000
 45360, -9999.000, -9999.000, -9999.000, -9999.000, -9999.000, -9999.000
 45420, -9999.000, -9999.000, -9999.000, -9999.000, -9999.000, -9999.000
 45480, -9999.000, -9999.000, -9999.000, -9999.000, -9999.000, -9999.000
 45540, -9999.000, -9999.000, -9999.000, -9999.000, -9999.000, -9999.000
 45600, -9999.000, -9999.000, -9999.000, -9999.000, -9999.000, -9999.000
 45660, -9999.000, -9999.000, -9999.000, -9999.000, -9999.000, -9999.000
 45720, -9999.000, -9999.000, -9999.000, -9999.000, -9999.000, -9999.000
 45780, -9999.000, -9999.000, -9999.000, -9999.000, -9999.000, -9999.000
 45840, -9999.000, -9999.000, -9999.000, -9999.000, -9999.000, -9999.000
 45900, -9999.000, -9999.000, -9999.000, -9999.000, -9999.000, -9999.000
 45960, -9999.000, -9999.000, -9999.000, -9999.000, -9999.000, -9999.000
 46020, -9999.000, -9999.000, -9999.000, -9999.000, -9999.000, -9999.000
 46080, -9999.000, -9999.000, -9999.000, -9999.000, -9999.000, -9999.000
 46140, -9999.000, -9999.000, -9999.000, -9999.000, -9999.000, -9999.000
 46200, -9999.000, -9999.000, -9999.000, -9999.000, -9999.000, -9999.000
 46260, -9999.000, -9999.000, -9999.000, -9999.000, -9999.000, -9999.000
 46320, -9999.000, -9999.000, -9999.000, -9999.000, -9999.000, -9999.000
 46380, -9999.000, -9999.000, -9999.000, -9999.000, -9999.000, -9999.000
 46440, -9999.000, -9999.000, -9999.000, -9999.000, -9999.000, -9999.000
 46500, -9999.000, -9999.000, -9999.000, -9999.000, -9999.000, -9999.000
 46560, -9999.000, -9999.000, -9999.000, -9999.000, -9999.000, -9999.000
 46620, -9999.000, -9999.000, -9999.000, -9999.000, -9999.000, -9999.000
 46680, -9999.000, -9999.000, -9999.000, -9999.000, -9999.000, -9999.000
 46740, -9999.000, -9999.000, -9999.000, -9999.000, -9999.000, -9999.000
 46800, -9999.000, -9999.000, -9999.000, -9999.000, -9999.000, -9999.000
 46860, -9999.000, -9999.000, -9999.000, -9999.000, -9999.000, -9999.000
 46920, -9999.000, -9999.000, -9999.000, -9999.000, -9999.000, -9999.000
 46980, -9999.000, -9999.000, -9999.000, -9999.000, -9999.000, -9999.000
 47040, -9999.000, -9999.000, -9999.000, -9999.000, -9999.000, -9999.000
 47100, -9999.000, -9999.000, -9999.000, -9999.000, -9999.000, -9999.000
 47160, -9999.000, -9999.000, -9999.000, -9999.000, -9999.000, -9999.000
 47220, -9999.000, -9999.000, -9999.000, -9999.000, -9999.000, -9999.000
 47280, -9999.000, -9999.000, -9999.000, -9999.000, -9999.000, -9999.000
 47340, -9999.000, -9999.000, -9999.000, -9999.000, -9999.000, -9999.000
 47400, -9999.000, -9999.000, -9999.000, -9999.000, -9999.000, -9999.000
 47460, -9999.000, -9999.000, -9999.000, -9999.000, -9999.000, -9999.000
 47520, -9999.000, -9999.000, -9999.000, -9999.000, -9999.000, -9999.000
 47580, -9999.000, -9999.000, -9999.000, -9999.000, -9999.000, -9999.000
 47640, -9999.000, -9999.000, -9999.000, -9999.000, -9999.000, -9999.000
 47700, -9999.000, -9999.000, -9999.000, -9999.000, -9999.000, -9999.000
 47760, -9999.000, -9999.000, -9999.000, -9999.000, -9999.000, -9999.000
 47820, -9999.000, -9999.000, -9999.000, -9999.000, -9999.000, -9999.000
 47880, -9999.000, -9999.000, -9999.000, -9999.000, -9999.000, -9999.000
 47940, -9999.000, -9999.000, -9999.000, -9999.000, -9999.000, -9999.000
 48000, -9999.000, -9999.000, -9999.000, -9999.000, -9999.000, -9999.000
 48060, -9999.000, -9999.000, -9999.000, -9999.000, -9999.000, -9999.000
 48120, -9999.000, -9999.000, -9999.000, -9999.000, -9999.000, -9999.000
 48180, -9999.000, -9999.000, -9999.000, -9999.000, -9999.000, -9999.000
 48240, -9999.000, -9999.000, -9999.000, -9999.000, -9999.000, -9999.000
 48300, -9999.000, -9999.000, -9999.000, -9999.000, -9999.000, -9999.000
 48360, -9999.000, -9999.000, -9999.000, -9999.000, -9999.000, -9999.000
