CampaignData_and_Merges/R0/CSL_MobileLab_Parked/raw/20240815/USOS-HCHO_MobileLabGround_20240815_R0.ict
35,1001
Huang, Yaoxian
Wayne State University
Picarro G2307 on CSL Mobile Lab
USOS
1,1
2024,08,15,2025,03,31
1.0
Time_Start,seconds_since_midnight,number_of_seconds_since_0000_UTC
3
1.0,1.0,1.0
-9999.0,-9999.0,-9999.0
HCHO,ppbv,Gas_HCHO_InSitu_S_AVMR,volume mixing ratio of formaldehyde in air
H2O,ppmv,Gas_H2O_InSitu_S_AVMR,volume mixing ratio of water vapor in air
CH4,ppmv,Gas_CH4_InSitu_S_AVMR,volume mixing ratio of methane in air
0
18
PI_CONTACT_INFO: yaoxian.huang@wayne.edu
PLATFORM: CSL Mobile Lab, at Ground Site
LOCATION: Salt Lake City, UT
ASSOCIATED_DATA: N/A
INSTRUMENT_INFO: Cavity Ring-Down Spectrometer
DATA_INFO: Data is averaged to 1 minute intervals for stationary and 1 second interval for driving. Stationary data collected from a 20 ft tower on top of the mobile lab. On drive days, for parked data, anytime the mobile lab is driving, report as missing data in the parked files.
UNCERTAINTY: N/A
ULOD_FLAG: -7777
ULOD_VALUE: N/A
LLOD_FLAG: -8888
LLOD_VALUE: N/A
DM_CONTACT_INFO: Yaoxian Huang; yaoxian.huang@wayne.edu
PROJECT_INFO: USOS, Summer 2024. https://csl.noaa.gov/groups/csl7/measurements/2024usos/
STIPULATIONS_ON_USE: Users are strongly encouraged to contact the PI for proper data usage.
OTHER_COMMENTS: Data have been shifted backwards by 1 minute to align with USOS MetNav and Picarro GHG data.
REVISION: R0
R0: Final Data
Time_Start,HCHO,H2O,CH4
0,2.2941,10567.4,1.9258
60,2.45321,10609.9,1.9269
120,2.40317,10796.8,1.926
180,2.51323,10876.2,1.92625
240,2.75266,12137.3,1.92593
300,2.84125,11303.2,1.92758
360,2.69948,11169.9,1.92428
420,2.86108,10913.9,1.9271
480,2.61591,11018.1,1.92659
540,2.63894,10824.1,1.92454
600,2.72404,10801.6,1.92714
660,2.58793,11077.6,1.92654
720,2.56296,11501.3,1.92452
780,2.41556,11035.8,1.92275
840,2.52964,10743.2,1.92507
900,2.79173,11308.0,1.92449
960,2.75229,11719.3,1.92519
1020,2.69954,11505.6,1.92899
1080,2.40084,11043.2,1.92522
1140,2.52639,11244.9,1.92607
1200,2.78392,11710.2,1.92516
1260,2.87795,11532.5,1.92627
1320,2.65602,11056.5,1.92647
1380,2.68464,11503.5,1.92486
1440,2.89491,11415.4,1.92924
1500,2.73754,12162.2,1.92262
1560,2.70322,11332.3,1.92629
1620,2.69722,10931.7,1.92631
1680,2.40222,10910.9,1.92572
1740,2.77428,11205.0,1.92582
1800,2.78099,11754.3,1.92781
1860,2.51027,11545.1,1.92607
1920,2.8449,12163.0,1.92533
1980,2.81761,11383.4,1.92624
2040,2.66904,10902.4,1.92639
2100,2.63417,10699.7,1.92707
2160,2.56093,10555.6,1.92771
2220,2.52185,10731.9,1.92696
2280,2.40629,10703.4,1.92457
2340,2.64116,11139.4,1.92489
2400,2.77514,11333.0,1.92533
2460,2.55923,10939.9,1.92443
2520,2.72351,11447.6,1.92733
2580,2.67357,10754.6,1.92529
2640,2.50917,10644.2,1.92695
2700,2.51329,10836.1,1.92447
2760,2.6282,11103.0,1.92642
2820,2.44542,10799.6,1.92589
2880,2.47124,11026.1,1.92531
2940,2.55074,11161.4,1.92606
3000,2.51031,11159.9,1.92395
3060,2.7959,10769.9,1.92621
3120,2.58094,10649.2,1.92386
3180,2.33812,10747.9,1.92401
3240,2.62917,11045.3,1.92531
3300,2.69155,11191.9,1.92278
3360,2.53035,10823.8,1.92413
3420,2.7391,10940.3,1.926
3480,2.76531,11017.2,1.92662
3540,2.8464,11751.9,1.92436
3600,2.92224,11427.7,1.92446
3660,2.67244,11132.1,1.92624
3720,2.83235,11150.0,1.92595
3780,2.65797,11656.2,1.92467
3840,2.9051,11247.8,1.92536
3900,2.70201,10938.4,1.92537
3960,2.81485,11286.7,1.92491
4020,3.06258,11661.7,1.92715
4080,2.96646,11445.9,1.92457
4140,2.96763,11316.8,1.9244
4200,2.68295,10803.4,1.9227
4260,2.75818,10755.6,1.92609
4320,2.80229,11040.7,1.92301
4380,2.64454,11276.9,1.92335
4440,2.62959,10794.8,1.92466
4500,2.85621,11162.9,1.92296
4560,2.2893,10362.1,1.92276
4620,2.46106,10389.4,1.92406
4680,2.63827,10502.7,1.92269
4740,2.51741,10483.3,1.92448
4800,2.4026,11150.7,1.9238
4860,2.50706,10635.1,1.92653
4920,2.56973,10542.4,1.92614
4980,2.62381,10572.8,1.92316
5040,2.57237,10554.5,1.92176
5100,2.68655,11000.1,1.92672
5160,2.50982,11271.7,1.92699
5220,2.85073,11544.4,1.9298
5280,2.77971,11212.6,1.92471
5340,2.55597,10914.7,1.92528
5400,2.63452,11191.1,1.92231
5460,2.73927,11047.1,1.92478
5520,2.72677,11236.0,1.92377
5580,2.8878,11247.0,1.92264
5640,2.63739,10953.2,1.92333
5700,2.72754,11066.2,1.92379
5760,2.66722,11622.6,1.92486
5820,2.6828,12459.3,1.92543
5880,2.72208,11658.5,1.92541
5940,3.01923,11860.0,1.92543
6000,2.79634,12806.3,1.9284
6060,3.04751,12626.7,1.92818
6120,2.84537,12394.7,1.92983
6180,2.89802,11631.3,1.93228
6240,2.80404,10958.7,1.92618
6300,2.79574,11010.4,1.92657
6360,2.77632,11647.0,1.9258
6420,2.68692,12103.9,1.9293
6480,2.97727,12266.9,1.92856
6540,3.054,12240.9,1.92877
6600,2.83026,12214.8,1.92675
6660,2.89014,12175.1,1.92653
6720,3.0688,12805.5,1.92463
6780,3.08848,13107.8,1.92707
6840,3.04532,13012.8,1.93045
6900,2.94916,12635.1,1.92991
6960,2.92575,12748.9,1.93112
7020,3.07968,12964.3,1.92989
7080,3.13915,12741.4,1.93123
7140,3.11883,12815.8,1.93093
7200,2.93067,12885.7,1.93379
7260,3.12049,12876.3,1.93832
7320,2.97225,12496.4,1.94777
7380,2.97942,12430.0,1.94295
7440,3.1949,12174.8,1.93797
7500,3.52803,12948.5,1.93647
7560,3.34136,13126.9,1.94133
7620,3.44769,13315.1,1.94492
7680,3.57039,13598.2,1.95014
7740,3.55673,13727.5,1.95187
7800,3.87048,13675.4,1.94496
7860,3.6221,13677.5,1.94386
7920,3.56041,13683.1,1.94093
7980,3.50034,13775.5,1.94047
8040,3.22208,13532.4,1.9358
8100,3.36811,13636.6,1.93478
8160,2.87583,13436.5,1.93158
8220,3.05824,13358.5,1.92872
8280,3.05847,13255.8,1.92976
8340,2.93207,13111.1,1.92912
8400,2.95319,13313.4,1.92747
8460,2.5509,13134.9,1.92606
8520,2.43692,13078.7,1.92468
8580,2.6844,13146.4,1.92384
8640,2.96245,13161.8,1.92281
8700,2.45114,13278.8,1.92529
8760,2.82432,13289.0,1.92482
8820,2.73632,13236.7,1.92657
8880,2.54472,13275.5,1.92335
8940,2.52929,13461.4,1.92384
9000,2.63855,13289.4,1.92581
9060,2.48629,13360.1,1.92275
9120,2.77939,13281.8,1.92545
9180,2.48222,13190.6,1.92326
9240,2.92007,13211.4,1.92624
9300,2.69178,13099.5,1.92673
9360,2.95724,13249.4,1.9264
9420,2.76783,13195.7,1.92526
9480,2.65774,13116.7,1.92661
9540,2.8448,13150.0,1.92497
9600,2.90836,13277.4,1.92539
9660,2.71739,13032.3,1.92626
9720,2.67367,13110.7,1.92592
9780,2.81355,13143.7,1.92376
9840,2.8097,13130.6,1.9228
9900,2.79644,13125.6,1.92641
9960,2.86131,13183.5,1.9244
10020,2.67346,13159.9,1.92584
10080,2.6479,13191.7,1.93011
10140,2.85445,13313.0,1.92858
10200,2.9107,13178.9,1.92802
10260,2.62204,13245.4,1.92701
10320,2.76085,13349.1,1.9264
10380,2.64781,13312.4,1.92825
10440,2.72791,13383.6,1.92634
10500,2.62401,13387.7,1.92805
10560,2.80387,13348.9,1.9254
10620,2.74293,13249.3,1.92514
10680,2.60162,13407.4,1.92474
10740,2.68052,13144.6,1.92102
10800,2.32451,13011.5,1.91903
10860,2.33069,13118.7,1.91835
10920,2.29542,12986.4,1.91758
10980,2.48823,12948.1,1.91786
11040,2.438,12955.7,1.91697
11100,2.37352,12815.2,1.91343
11160,2.23489,12846.4,1.91668
11220,2.28945,12739.5,1.91445
11280,2.35779,12648.7,1.91726
11340,2.40487,12697.7,1.91547
11400,2.42746,12723.4,1.91364
11460,2.29457,12760.9,1.91421
11520,2.22193,12700.8,1.91516
11580,2.35769,12665.7,1.91153
11640,2.14849,12658.2,1.91257
11700,2.53304,12728.8,1.91389
11760,2.29431,12679.2,1.91595
11820,2.24153,12563.7,1.91338
11880,2.27721,12649.7,1.91032
11940,2.32245,12591.9,1.91124
12000,2.49603,12748.9,1.913
12060,2.46853,12700.9,1.91352
12120,2.38516,12637.8,1.91261
12180,2.45413,12744.5,1.91454
12240,2.42259,12619.3,1.91156
12300,2.61861,12663.6,1.91404
12360,2.49145,12719.1,1.91442
12420,2.34652,12701.6,1.91211
12480,2.38674,12764.4,1.91563
12540,2.19896,12698.6,1.91414
12600,2.01768,12537.8,1.91509
12660,2.33741,12611.6,1.91277
12720,2.38746,12674.7,1.91458
12780,1.99887,12727.3,1.91314
12840,2.34299,12634.6,1.91148
12900,2.38345,12534.3,1.91188
12960,2.27813,13301.3,1.90733
13020,2.01859,13034.3,1.91043
13080,2.25128,12945.1,1.91225
13140,2.3485,12940.0,1.91293
13200,2.17605,13338.2,1.91183
13260,2.26356,13065.2,1.90844
13320,2.02844,12640.7,1.91136
13380,1.86827,13137.3,1.91018
13440,2.12872,12937.2,1.91084
13500,2.07971,12555.3,1.91374
13560,2.21467,12874.7,1.91039
13620,2.24553,12828.7,1.91128
13680,2.29016,12902.3,1.90969
13740,2.28979,12656.0,1.91275
13800,2.22888,12603.2,1.91025
13860,2.22022,12559.8,1.91191
13920,2.13466,12672.1,1.91095
13980,2.10059,12510.1,1.9126
14040,2.08848,12704.6,1.9118
14100,1.97672,12240.9,1.912
14160,2.07062,12257.2,1.91273
14220,2.10349,12362.0,1.91376
14280,2.22161,12404.4,1.91202
14340,2.14745,12511.4,1.91233
14400,2.10159,12434.3,1.9093
14460,2.38721,12361.2,1.91176
14520,2.07357,12543.5,1.91375
14580,2.00301,12250.6,1.91341
14640,1.98158,12244.8,1.91078
14700,2.22604,12598.4,1.91165
14760,1.99862,12522.0,1.91173
14820,1.97205,12081.2,1.91111
14880,1.97078,12226.2,1.91265
14940,2.18385,12224.9,1.91282
15000,2.07513,12113.1,1.91055
15060,1.98233,12123.1,1.91137
15120,1.99159,12491.9,1.9114
15180,2.10608,11952.6,1.90973
15240,2.04987,11878.0,1.90781
15300,1.92841,12220.6,1.90986
15360,1.85556,12296.5,1.91024
15420,2.02888,12110.8,1.90826
15480,1.99966,11819.3,1.91097
15540,1.89391,11919.2,1.91009
15600,1.80264,12085.4,1.91081
15660,1.78202,12134.9,1.90992
15720,1.84024,11989.7,1.90963
15780,1.81916,11828.4,1.90907
15840,1.95072,12048.4,1.91048
15900,2.01725,12241.4,1.9124
15960,1.97699,11841.5,1.90997
16020,1.75024,11817.4,1.91282
16080,1.76383,11655.5,1.91253
16140,1.89296,11769.7,1.90884
16200,1.79889,11995.8,1.91019
16260,1.69397,11681.6,1.90933
16320,1.75662,11893.4,1.90829
16380,1.82431,12016.9,1.91032
16440,1.65675,11772.1,1.90793
16500,1.78279,11837.4,1.90994
16560,1.79714,11777.5,1.91088
16620,2.04892,11789.3,1.90957
16680,1.88429,11722.4,1.90912
16740,1.89744,11807.4,1.91003
16800,1.67486,11582.8,1.91045
16860,2.01463,11769.7,1.91054
16920,2.04725,11904.2,1.91052
16980,1.93657,11867.0,1.90824
17040,2.06189,11775.3,1.90857
17100,1.94092,11708.8,1.90906
17160,1.80474,11687.6,1.90845
17220,1.65488,11628.5,1.9074
17280,1.97821,11689.5,1.90933
17340,1.78982,11873.0,1.90817
17400,1.91223,11763.3,1.90768
17460,1.99886,11883.0,1.9086
17520,1.69068,12091.8,1.90716
17580,1.56545,11713.4,1.90825
17640,1.95213,11832.8,1.90722
17700,1.83558,11911.1,1.90726
17760,1.76655,12011.7,1.90775
17820,1.91274,11862.2,1.90778
17880,1.86141,11737.3,1.90705
17940,1.7827,11783.6,1.90953
18000,1.81897,11972.2,1.90796
18060,1.69544,11922.5,1.90842
18120,1.86815,11905.7,1.90806
18180,1.87062,11807.5,1.90913
18240,1.70033,11890.1,1.90773
18300,1.84807,12187.2,1.90626
18360,1.54335,11890.8,1.90799
18420,1.79644,12016.6,1.9069
18480,1.71807,11738.7,1.90721
18540,1.84148,11889.7,1.90989
18600,1.90443,12121.1,1.91566
18660,2.19604,12358.3,1.91884
18720,2.23112,12535.7,1.92361
18780,2.00406,12612.0,1.9238
18840,2.13086,12660.4,1.92238
18900,2.03876,12700.3,1.92465
18960,2.0925,12732.2,1.9253
19020,2.24567,12716.3,1.92351
19080,2.17452,12759.1,1.92474
19140,1.83929,12810.5,1.92628
19200,2.03253,12582.1,1.92265
19260,2.14944,12503.1,1.92063
19320,1.99989,12528.2,1.92099
19380,1.93769,12426.8,1.92153
19440,2.02183,12466.9,1.92189
19500,1.91739,12075.1,1.91631
19560,1.89171,12164.0,1.91482
19620,2.17322,12370.4,1.91946
19680,1.87943,12468.1,1.91499
19740,1.91765,12455.5,1.91661
19800,1.73494,12009.4,1.9157
19860,1.87401,11796.2,1.91106
19920,1.78769,11981.2,1.91477
19980,1.81254,12372.2,1.91537
20040,2.12954,12022.0,1.91604
20100,1.72282,11680.7,1.91435
20160,1.78877,11814.8,1.91366
20220,1.80222,12309.3,1.91397
20280,1.77706,12343.1,1.91448
20340,1.95166,12245.7,1.91825
20400,1.79184,12007.0,1.91702
20460,1.93214,11658.4,1.91383
20520,1.90301,11452.4,1.90932
20580,1.6359,11516.1,1.91466
20640,1.67784,11693.1,1.91482
20700,1.58342,11661.7,1.91091
20760,1.84294,12243.5,1.91307
20820,1.64949,11572.8,1.90819
20880,1.94106,11802.7,1.90911
20940,1.7368,11678.2,1.91267
21000,1.88121,11892.6,1.91179
21060,1.89145,12151.0,1.91201
21120,1.81121,11814.4,1.9118
21180,1.78321,11598.6,1.91024
21240,1.59185,11268.6,1.91122
21300,1.75238,11270.0,1.91014
21360,1.37227,11190.9,1.90989
21420,1.53013,11226.3,1.90887
21480,1.66686,11420.6,1.90827
21540,1.76144,11770.1,1.90871
21600,1.41617,11621.8,1.9105
21660,1.62075,11348.3,1.91199
21720,1.44365,11356.2,1.91041
21780,1.91064,11386.9,1.91173
21840,1.46509,11344.5,1.91084
21900,1.42969,11299.5,1.90739
21960,1.63983,11615.5,1.91047
22020,1.53978,11406.9,1.90774
22080,1.59999,11678.0,1.9094
22140,1.64364,11455.9,1.90867
22200,1.52965,11175.2,1.90848
22260,1.49816,11408.4,1.91001
22320,1.77948,11560.1,1.90798
22380,1.41144,11418.4,1.90994
22440,1.45439,11408.0,1.91013
22500,1.83988,11404.5,1.90858
22560,1.48638,11408.9,1.90833
22620,1.67168,11197.6,1.9069
22680,1.6302,11253.4,1.90992
22740,1.53838,11300.2,1.91019
22800,1.64777,10962.8,1.90826
22860,1.72673,11114.8,1.90953
22920,1.53214,11176.1,1.91343
22980,1.69504,10911.3,1.91012
23040,1.50588,11295.3,1.91251
23100,1.79087,11167.3,1.91006
23160,1.47206,11165.0,1.90827
23220,1.78149,11175.6,1.90916
23280,1.50845,11250.1,1.909
23340,1.69438,11362.8,1.91274
23400,1.55452,11368.6,1.9128
23460,1.52034,11320.1,1.91101
23520,1.62675,11396.2,1.91078
23580,1.60315,11445.0,1.91079
23640,1.6831,11442.6,1.91451
23700,1.64394,11284.7,1.91193
23760,1.73167,11362.6,1.90854
23820,1.38739,11045.6,1.91015
23880,1.70768,10883.0,1.90984
23940,1.73551,11071.1,1.91392
24000,1.53336,11219.5,1.91467
24060,1.65564,11679.4,1.91995
24120,1.51532,11495.7,1.9184
24180,1.52121,11045.0,1.91303
24240,1.50815,11230.4,1.91518
24300,1.44623,11435.2,1.91574
24360,1.50659,11585.6,1.92019
24420,1.75034,11556.3,1.91681
24480,1.4727,11353.3,1.91165
24540,1.51339,11351.1,1.90905
24600,1.62599,11333.3,1.91333
24660,1.61721,11331.4,1.90996
24720,1.48865,11066.8,1.91099
24780,1.63134,11256.0,1.91581
24840,1.67199,11707.6,1.91939
24900,1.21362,11386.4,1.90969
24960,1.49257,11415.9,1.91024
25020,1.60566,11650.8,1.91154
25080,1.40279,11582.9,1.90754
25140,1.40779,11363.5,1.91015
25200,1.5154,11339.3,1.90542
25260,1.51343,11368.6,1.90984
25320,1.62056,11500.3,1.9089
25380,1.59938,11540.0,1.90981
25440,1.577,11402.0,1.90925
25500,1.20464,11427.5,1.90926
25560,1.41442,11493.9,1.90557
25620,1.48086,11400.0,1.90656
25680,1.38503,11312.3,1.9053
25740,1.58036,11555.8,1.90762
25800,1.52494,11434.7,1.90603
25860,1.26779,11348.9,1.90858
25920,1.67026,11519.0,1.91002
25980,1.37151,11388.6,1.90879
26040,1.58236,11486.3,1.90901
26100,1.62256,11374.2,1.90961
26160,1.51624,11481.4,1.90845
26220,1.54961,11498.3,1.90806
26280,1.62369,11508.7,1.90992
26340,1.60397,11556.7,1.9119
26400,1.49687,11550.7,1.9092
26460,1.49429,11560.0,1.91007
26520,1.53301,11408.9,1.91059
26580,1.64557,11469.4,1.91051
26640,1.49512,11460.5,1.91349
26700,1.35813,11506.4,1.91013
26760,1.57192,11563.3,1.91135
26820,1.40975,11602.2,1.91027
26880,1.59445,11611.6,1.91239
26940,1.60558,11596.8,1.91346
27000,1.31212,11565.4,1.90921
27060,1.62573,11553.8,1.91135
27120,1.56024,11555.9,1.91321
27180,1.22866,11589.1,1.91128
27240,1.32378,11675.0,1.91015
27300,1.27031,11636.7,1.91031
27360,1.59904,11644.3,1.91057
27420,1.39992,11576.9,1.91147
27480,1.55204,11557.6,1.91276
27540,1.59828,11600.5,1.91296
27600,1.52724,11629.3,1.91262
27660,1.53141,11565.1,1.90988
27720,1.46409,11567.3,1.91354
27780,1.31607,11652.6,1.91073
27840,1.41103,11700.3,1.91311
27900,1.31024,11695.3,1.91066
27960,1.19577,11751.1,1.91236
28020,1.41588,11730.5,1.91098
28080,1.52688,11638.5,1.91197
28140,1.3729,11747.6,1.91392
28200,1.42018,11645.7,1.91302
28260,1.34196,11678.2,1.91118
28320,1.52511,11686.5,1.91055
28380,1.51528,11695.3,1.91142
28440,1.25781,11708.5,1.9104
28500,1.11264,11743.7,1.91158
28560,1.28091,11750.2,1.91243
28620,1.17801,11808.9,1.91337
28680,1.21235,11791.9,1.91267
28740,1.2156,11705.0,1.91321
28800,1.28113,11599.1,1.91377
28860,1.53257,11644.8,1.91073
28920,1.31913,11735.4,1.91475
28980,1.27816,11691.7,1.91312
29040,1.23361,11673.8,1.91305
29100,1.29474,11665.9,1.91592
29160,1.28241,11674.0,1.91265
29220,1.1706,11736.6,1.91254
29280,1.20198,11765.6,1.91543
29340,1.14832,11737.4,1.91413
29400,1.17172,11842.6,1.91491
29460,1.43622,11812.7,1.91522
29520,0.929196,11673.1,1.91396
29580,1.43267,11696.2,1.91163
29640,1.32124,11800.8,1.91447
29700,1.30927,11803.8,1.91482
29760,1.18004,11608.7,1.91716
29820,1.36432,11658.5,1.91451
29880,1.32341,11841.4,1.91509
29940,1.21704,11866.6,1.91469
30000,1.09992,11879.0,1.91667
30060,1.39045,11932.9,1.91419
30120,1.3591,12070.4,1.91604
30180,1.36892,11974.0,1.91586
30240,1.30082,12012.4,1.91587
30300,1.30164,11975.2,1.91606
30360,1.25656,11986.9,1.91504
30420,1.14537,11985.7,1.91537
30480,1.22423,12017.5,1.9169
30540,1.25925,11929.8,1.91862
30600,1.18869,11980.5,1.91407
30660,1.13133,12015.9,1.91725
30720,1.19513,11971.4,1.91689
30780,1.20745,12037.3,1.91466
30840,0.931817,12063.3,1.91605
30900,1.06156,12054.1,1.91795
30960,1.38053,12162.1,1.91768
31020,1.29094,12038.3,1.91488
31080,1.21866,11985.9,1.917
31140,1.16153,11969.0,1.91794
31200,1.25483,11932.0,1.91709
31260,1.28802,12001.6,1.91751
31320,1.01661,12069.8,1.91591
31380,1.27107,12049.7,1.917
31440,1.18726,12088.6,1.91782
31500,1.07014,12050.3,1.91616
31560,1.17552,12055.8,1.91915
31620,1.02932,12095.5,1.91722
31680,1.1469,12124.1,1.91699
31740,1.18254,12224.9,1.91722
31800,1.02705,12192.9,1.91817
31860,1.24056,12021.8,1.9173
31920,1.21155,12131.5,1.91549
31980,1.29274,12067.7,1.91836
32040,1.18548,12009.0,1.91796
32100,1.21021,12039.2,1.91865
32160,1.20376,11982.5,1.91739
32220,1.07336,11955.4,1.9176
32280,1.12912,11984.7,1.91763
32340,1.12554,12037.9,1.91664
32400,1.18936,12039.9,1.91951
32460,1.34456,12051.3,1.91918
