CampaignData_and_Merges/R0/CSL_MobileLab_Parked/raw/20240815/USOS-NOAAIodideCIMS-Halogens_MobileLabGround_20240815_RA.ict
38, 1001
Michael A Robinson, Chris Jernigan, Subi Thakali
NOAA ESRL Chemical Sciences Laboratory and CIRES, U. of Colorado
NOAA Iodide CIMS Instrument
USOS
1, 1
2024, 08, 15, 2024, 08, 18
1
starttime_UTC, seconds_past_midnight, seconds_of_day_since_00:00:00_UTC
6
1, 1, 1, 1, 1, 1
-9999, -9999, -9999, -9999, -9999, -9999
Br2_NOAACIMS, pptv, Gas_Br2_InSitu_S_AVMR, 
BrO_NOAACIMS, pptv, Gas_BrO_InSitu_S_AVMR, 
Cl2_NOAACIMS, pptv, Gas_Cl2_InSitu_S_AVMR, 
ClNO2_NOAACIMS, pptv, Gas_ClNO2_InSitu_S_AVMR, 
BrCl_NOAACIMS, pptv, Gas_BrCl_InSitu_S_AVMR, 
NCl3_NOAACIMS, pptv, Gas_NCl3_InSitu_S_AVMR, 
0
18
PI_CONTACT_INFO: 325 Broadway, R/CSD 7, Boulder, Colorado 80305; michael.a.robinson@noaa.gov; chris.jernigan@noaa.gov;
PLATFORM: NOAA CSL Mobile Lab
LOCATION: SLC, Utah
ASSOCIATED_DATA: 1Hz data also available on request.
INSTRUMENT_INFO: NOAA I- ToF CIMS
DATA_INFO: All data in parts per trillion by volume (pptv). 1 Hz data is available upon request.
UNCERTAINTY: TBD
ULOD_FLAG: -7777
ULOD_VALUE: N/A
LLOD_FLAG: -8888
LLOD_VALUE: N/A
DM_CONTACT_INFO: Nathan Howard; nathan.h.howard@noaa.gov
PROJECT_INFO: USOS, summer 2024. https://csl.noaa.gov/groups/csl7/measurements/2024usos/
STIPULATIONS_ON_USE: Users are strongly encouraged to contact the PI for proper data usage.
OTHER_COMMENTS: 
REVISION: RA
RA: Preliminary Data; For in-field use only
starttime_UTC, Br2_NOAACIMS, BrO_NOAACIMS, Cl2_NOAACIMS, ClNO2_NOAACIMS, BrCl_NOAACIMS, NCl3_NOAACIMS
[from data line 1314]
 78840,  0.621,  0.068,  0.801,  0.087,  0.090,  0.001
 78900,  0.632,  0.034,  0.822,  0.083,  0.112,  0.016
 78960,  0.725,  0.076,  0.855,  0.075,  0.119,  0.027
 79020,  0.567, -0.013,  0.832,  0.087,  0.080,  0.075
 79080,  0.625, -0.009,  0.837,  0.125,  0.128,  0.027
 79140,  0.634,  0.089,  0.844,  0.076,  0.111,  0.007
 79200,  0.423,  0.010,  0.909,  0.106,  0.063,  0.014
 79260,  0.691,  0.012,  0.803,  0.082,  0.117,  0.067
 79320,  0.717, -0.002,  0.762,  0.074,  0.075,  0.021
 79380,  0.710,  0.100,  0.943,  0.068,  0.117,  0.027
 79440,  0.664,  0.093,  0.821,  0.056,  0.094,  0.009
 79500, -9999.000, -9999.000, -9999.000, -9999.000, -9999.000, -9999.000
 79560,  0.660,  0.060,  0.517,  0.102,  0.110,  0.018
 79620,  0.796, -0.004,  0.645,  0.089,  0.050, -0.029
 79680,  0.608,  0.059,  0.553,  0.071,  0.109, -0.003
 79740,  0.600,  0.027,  0.481,  0.067,  0.063, -0.037
 79800,  0.262,  0.035,  0.641,  0.043,  0.032, -0.076
 79860,  0.457,  0.046,  0.623,  0.039,  0.037, -0.092
 79920,  0.812,  0.082,  0.622,  0.093,  0.085, -0.040
 79980,  0.399, -0.016,  0.612,  0.069,  0.084, -0.059
 80040,  0.551, -0.021,  0.624,  0.106,  0.075, -0.036
 80100,  0.393,  0.059,  0.610,  0.068,  0.062, -0.031
 80160,  0.531,  0.056,  0.608,  0.100,  0.084, -0.040
 80220,  0.528,  0.029,  0.799,  0.086,  0.112, -0.032
 80280,  0.720, -0.007,  0.706,  0.062,  0.049, -0.040
 80340,  0.651,  0.043,  0.744,  0.091,  0.106, -0.033
 80400,  0.523,  0.024,  0.744,  0.092,  0.117, -0.016
 80460,  0.526,  0.028,  0.646,  0.079,  0.080, -0.046
 80520,  0.571,  0.017,  0.684,  0.061,  0.091,  0.002
 80580,  0.801,  0.017,  0.696,  0.065,  0.124,  0.004
 80640,  0.660,  0.107,  0.766,  0.079,  0.132, -0.043
 80700,  0.617,  0.076,  0.752,  0.065,  0.123,  0.006
 80760,  0.686,  0.065,  0.775,  0.068,  0.135,  0.044
 80820,  0.689,  0.054,  0.628,  0.035,  0.142,  0.037
 80880,  0.640,  0.077,  0.704,  0.054,  0.098, -0.038
 80940,  0.492,  0.038,  0.773,  0.070,  0.085, -0.036
 81000,  0.494,  0.015,  0.712,  0.056,  0.081, -0.034
 81060,  0.579,  0.098,  0.787,  0.077,  0.086, -0.020
 81120,  0.540,  0.027,  0.690,  0.043,  0.068, -0.072
 81180,  0.694,  0.075,  0.759,  0.051,  0.107,  0.008
 81240,  0.676,  0.026,  0.636,  0.063,  0.100,  0.015
 81300,  0.687,  0.042,  0.556,  0.059,  0.185, -0.005
 81360, -9999.000, -9999.000, -9999.000, -9999.000, -9999.000, -9999.000
 81420,  0.505,  0.025,  0.593,  0.098,  0.066, -0.012
 81480,  0.580,  0.135,  0.679,  0.071,  0.146,  0.030
 81540,  0.417, -0.021,  0.481,  0.039,  0.076, -0.032
 81600,  0.563,  0.016,  0.554,  0.069,  0.080, -0.048
 81660,  0.598,  0.169,  0.591,  0.076,  0.112, -0.014
 81720,  0.289,  0.062,  0.664,  0.053,  0.066, -0.041
 81780,  0.413,  0.067,  0.540,  0.096,  0.063, -0.012
 81840,  0.468,  0.096,  0.629,  0.086,  0.080, -0.003
 81900,  0.538,  0.084,  0.625,  0.080,  0.111,  0.036
 81960,  0.551,  0.033,  0.659,  0.036,  0.138,  0.013
 82020,  0.423,  0.021,  0.559,  0.043,  0.075, -0.039
 82080,  0.613,  0.108,  0.705,  0.055,  0.145,  0.053
 82140,  0.410,  0.119,  0.617,  0.061,  0.094,  0.020
 82200,  0.678,  0.128,  0.762,  0.090,  0.124,  0.043
 82260,  0.719,  0.102,  0.795,  0.097,  0.133,  0.126
 82320,  0.527,  0.087,  0.626,  0.062,  0.091,  0.020
 82380,  0.465,  0.065,  0.711,  0.083,  0.122,  0.047
 82440,  0.659,  0.185,  0.697,  0.078,  0.120,  0.073
 82500,  0.625,  0.114,  0.701,  0.058,  0.152,  0.034
 82560,  0.654,  0.132,  0.703,  0.052,  0.162,  0.066
 82620,  0.704,  0.160,  0.762,  0.049,  0.096,  0.065
 82680,  0.723,  0.113,  0.693,  0.105,  0.119,  0.149
 82740,  0.362,  0.083,  0.662,  0.097,  0.151,  0.103
 82800,  0.589,  0.114,  0.685,  0.044,  0.174,  0.120
 82860,  0.011, -0.010,  0.615,  0.033,  0.042,  0.032
 82920,  0.269,  0.038,  0.652,  0.075,  0.071,  0.154
 82980,  0.335,  0.079,  0.763,  0.050,  0.104,  0.035
 83040,  0.157,  0.031,  0.777,  0.086,  0.068,  0.011
 83100,  0.624,  0.125,  0.806,  0.074,  0.193,  0.193
 83160,  0.440,  0.102,  0.800,  0.039,  0.103,  0.062
 83220, -9999.000, -9999.000, -9999.000, -9999.000, -9999.000, -9999.000
 83280,  0.130, -0.012,  0.553,  0.028,  0.044,  0.015
 83340, -0.147,  0.022,  0.618,  0.078,  0.039, -0.004
 83400,  0.229,  0.091,  0.644,  0.037,  0.057,  0.047
 83460,  0.693,  0.110,  0.736,  0.086,  0.135,  0.074
 83520,  0.526,  0.033,  0.921,  0.099,  0.228,  0.130
 83580,  0.654,  0.088,  0.598,  0.053,  0.180,  0.128
 83640,  0.621,  0.061,  0.602,  0.086,  0.153,  0.095
 83700, -0.211,  0.019,  0.377,  0.078, -0.008, -0.013
 83760,  0.432,  0.021,  0.582,  0.048,  0.063,  0.032
 83820,  0.597,  0.059,  0.531,  0.055,  0.103,  0.065
 83880,  0.233,  0.017,  0.596,  0.051,  0.036,  0.047
 83940, -0.023,  0.003,  0.565,  0.075,  0.021, -0.007
 84000,  0.220,  0.014,  0.699,  0.071,  0.070, -0.005
 84060,  0.202,  0.100,  0.629,  0.076,  0.048,  0.024
 84120,  0.259,  0.070,  0.557,  0.062,  0.033, -0.004
 84180,  0.683,  0.061,  0.736,  0.074,  0.133,  0.129
 84240,  0.676,  0.087,  0.639,  0.111,  0.108,  0.026
 84300,  0.550,  0.080,  0.763,  0.058,  0.087,  0.059
 84360,  0.739,  0.069,  0.761,  0.105,  0.138,  0.080
 84420,  0.683,  0.084,  0.632,  0.093,  0.075,  0.046
 84480,  0.793,  0.069,  0.593,  0.068,  0.120,  0.072
 84540,  0.722,  0.094,  0.702,  0.065,  0.085,  0.063
 84600,  0.694,  0.043,  0.714,  0.037,  0.081,  0.064
 84660,  0.777,  0.026,  0.746,  0.055,  0.066,  0.031
 84720,  0.729,  0.152,  0.732,  0.108,  0.053,  0.076
 84780,  0.763,  0.042,  0.723,  0.062,  0.064,  0.034
 84840,  0.735,  0.119,  0.882,  0.090,  0.106,  0.084
 84900,  0.426, -0.000,  0.780,  0.044,  0.004, -0.040
 84960,  0.588,  0.015,  0.706,  0.081,  0.013, -0.024
 85020,  0.284,  0.013,  0.655,  0.045, -0.032, -0.023
 85080,  0.470, -0.022,  0.538,  0.043, -0.004, -0.094
 85140,  0.543,  0.068,  0.676,  0.029,  0.004, -0.053
 85200,  0.490,  0.021,  0.683,  0.050,  0.021, -0.040
 85260,  0.200, -0.037,  0.553,  0.064, -0.046, -0.019
 85320,  0.618,  0.018,  0.693,  0.095,  0.043, -0.016
 85380,  0.459,  0.043,  0.708,  0.065,  0.017, -0.002
 85440,  0.805,  0.088,  0.634,  0.072,  0.020,  0.031
 85500,  0.659,  0.097,  0.713,  0.087,  0.086,  0.071
 85560,  0.644,  0.072,  0.687,  0.083,  0.040,  0.015
 85620,  0.806,  0.101,  0.701,  0.094,  0.083,  0.057
 85680,  0.750,  0.098,  0.696,  0.060,  0.093,  0.055
 85740,  0.684,  0.053,  0.769,  0.079,  0.079,  0.095
 85800,  0.582,  0.017,  0.694,  0.053,  0.043, -0.022
 85860,  0.511,  0.038,  0.708,  0.074,  0.033,  0.013
 85920,  0.819,  0.019,  0.768,  0.091,  0.076,  0.132
 85980,  0.728,  0.076,  0.845,  0.068,  0.057,  0.067
 86040,  0.752,  0.068,  0.805,  0.082,  0.050,  0.061
 86100,  0.799,  0.095,  0.748,  0.089,  0.090,  0.079
 86160,  0.853,  0.028,  0.807,  0.102,  0.081,  0.069
 86220,  0.694,  0.012,  0.758,  0.086,  0.052,  0.048
 86280,  0.727,  0.110,  0.831,  0.096,  0.088,  0.049
 86340,  0.689,  0.036,  0.752,  0.080,  0.066,  0.022
