CampaignData_and_Merges/R0/CSL_MobileLab_Parked/raw/20240815/USOS-jNO2_MobileLabGround_20240815_R0.ict
52,1001
Waxman, E.; Rollins, A.; Zuraski, K.; Chace, W.
NOAA Chemical Sciences Laboratory
jNO2 filter radiometer on CSL Mobile Lab
AMMBEC / USOS
1, 1
2024,08,15, 2025,04,01
60
Time_Start, seconds, number_of_seconds_since_0000_UTC
20
1, 1, 1, 1, 1, 1, 1, 1, 1, 1, 1, 1, 1, 1, 1, 1, 1, 1, 1, 1
-9999, -9999, -9999, -9999, -9999, -9999, -9999, -9999, -9999, -9999, -9999, -9999, -9999, -9999, -9999, -9999, -9999, -9999, -9999, -9999
Time_Stop, seconds, number_of_seconds_since_0000_UTC
jNO2_meas, per second, photolysis rate of NO2 measured using a filter radiometer.
jBrCl, per second, photolysis rate of BrCl -> Br + Cl calculated in TUV for cloud-free sky with local AOD
jBr2, per second, photolysis rate of Br2 -> Br + Br calculated in TUV for cloud-free sky with local AOD
jCCl4, per second, photolysis rate of CCl4 -> Products calcualted in TUV for cloud-free sky with local AOD
jCH2Oa, per second, photolysis rate of CH2O -> H + HCO calculated in TUV for cloud-free sky with local AOD
jCH2Ob, per second, photolysis rate of CH2O -> H2 + CO calculated in TUV for cloud-free sky with local AOD
jClNO2, per second, photolysis rate of ClNO2 -> Cl + NO2 calculated in TUV for cloud-free sky with local AOD
jClOa, per second, photolysis rate of ClO -> Cl + O(1D) calculated in TUV for cloud-free sky with local AOD
jClOb, per second, photolysis rate of ClO -> Cl + O(3P) calculated in TUV for cloud-free sky with local AOD
jCl2, per second, photolysis rate of Cl2 -> Cl + Cl calculated in TUV for cloud-free sky with local AOD
jHNO2, per second, photolysis rate of HNO2 -> OH + NO calculated in TUV for cloud-free sky with local AOD
jHNO3, per second, photolysis rate of HNO3 -> OH + NO2 calculated in TUV for cloud-free sky with local AOD
jI2, per second, photolysis rate of I2 -> I + I calculated in TUV for cloud-free sky with local AOD
jNO2, per second, photolysis rate of NO2 -> NO + O(3P) calculated in TUV for cloud-free sky with local AOD
jNO3a, per second, photolysis rate of NO3 -> NO + O2 calculated in TUV for cloud-free sky with local AOD
jNO3b, per second, photolysis rate of NO3 -> NO2 + O(3P) calculated in TUV for cloud-free sky with local AOD
jN2O5, per second, photolysis rate of N2O5 -> NO3 + NO + O(3P) calculated in TUV for cloud-free sky with local AOD
jO3, per second, photolysis rate of O3 -> O2 + O(1D) calculated in TUV for cloud-free sky with local AOD
AOD_500nm, unitless, UTC daily mean AOD at 500 nm from an AERONET station located at 40.178 N, -112.452 E
0
18
PI_CONTACT_INFO: eleanor.waxman@noaa.gov
PLATFORM: CSL Mobile Lab, at ground site
LOCATION: Salt Lake City, UT
ASSOCIATED_DATA:
INSTRUMENT_INFO: jNO2 filter radiometer.  TUV calculations are for mobile van lat/lon/altitude assuming clear sky (cloud AOD = 0) and daily mean AOD.
DATA_INFO:
UNCERTAINTY: Data uncertainties are +/- 20%.  These come from uncertainties in radiometer angular response, radiometer thermal response, local interferences from clouds/aerosols/shadows etc.
ULOD_FLAG: -7777
ULOD_VALUE: N/A
LLOD_FLAG: -8888
LLOD_VALUE: N/A
DM_CONTACT_INFO: eleanor.waxman@noaa.gov
PROJECT_INFO: USOS Project, July - August 2024
STIPULATIONS_ON_USE: Users are strongly encouraged to contact the PI for proper data usage.
OTHER_COMMENTS: 
REVISION: R0
R0: final data
Time_Start, Time_Stop, jNO2_meas, jBrCl, jBr2, jCCl4, jCH2Oa, jCH2Ob, jClNO2, jClOa, jClOb, jCl2, jHNO2, jHNO3, jI2, jNO2, jNO3a, jNO3b, jN2O5, jO3, AOD_500nm
[from data line 745]
   44700,   44760,-9999,3.678e-05,0.0001173,2.006e-27,2.457e-08,7.924e-08,8.811e-07,7.997e-28,1.01e-08,5.589e-06,4.207e-06,2.948e-10,0.0003689,2.763e-05,5.549e-05,0.0004962,6.688e-08,7.246e-09,0.04
   44760,   44820,-9999,4.304e-05,0.0001381,2.296e-27,2.825e-08,9.168e-08,1.021e-06,9.155e-28,1.145e-08,6.493e-06,4.886e-06,3.38e-10,0.0004393,3.214e-05,6.673e-05,0.000594,7.745e-08,8.243e-09,0.04
   44820,   44880,-9999,5.069e-05,0.0001635,2.627e-27,3.27e-08,1.068e-07,1.191e-06,1.047e-27,1.304e-08,7.591e-06,5.71e-06,3.9e-10,0.0005261,3.762e-05,8.054e-05,0.0007148,9.025e-08,9.422e-09,0.04
   44880,   44940,-9999,5.759e-05,0.0001869,2.919e-27,3.673e-08,1.203e-07,1.342e-06,1.163e-27,1.439e-08,8.57e-06,6.442e-06,4.362e-10,0.0006081,4.25e-05,9.341e-05,0.0008295,1.017e-07,1.044e-08,0.04
   44940,   45000,-9999,6.611e-05,0.0002155,3.269e-27,4.166e-08,1.37e-07,1.529e-06,1.302e-27,1.607e-08,9.784e-06,7.351e-06,4.93e-10,0.0007076,4.857e-05,0.0001093,0.0009689,1.158e-07,1.17e-08,0.04
   45000,   45060,-9999,7.705e-05,0.0002522,3.699e-27,4.794e-08,1.583e-07,1.769e-06,1.473e-27,1.816e-08,1.134e-05,8.515e-06,5.652e-10,0.0008344,5.634e-05,0.0001293,0.001146,1.339e-07,1.328e-08,0.04
   45060,   45120,-9999,8.617e-05,0.0002834,4.03e-27,5.326e-08,1.761e-07,1.967e-06,1.604e-27,1.984e-08,1.262e-05,9.471e-06,6.252e-10,0.0009455,6.274e-05,0.0001466,0.001303,1.489e-07,1.455e-08,0.04
   45120,   45180,-9999,9.873e-05,0.0003257,4.487e-27,6.051e-08,2.006e-07,2.242e-06,1.786e-27,2.216e-08,1.441e-05,1.08e-05,7.076e-10,0.001093,7.165e-05,0.0001699,0.001509,1.696e-07,1.631e-08,0.04
   45180,   45240,-9999,0.0001096,0.0003629,4.851e-27,6.694e-08,2.218e-07,2.478e-06,1.93e-27,2.409e-08,1.594e-05,1.194e-05,7.792e-10,0.001226,7.926e-05,0.0001906,0.001697,1.875e-07,1.779e-08,0.04
   45240,   45300,-9999,0.0001265,0.0004198,5.424e-27,7.679e-08,2.551e-07,2.851e-06,2.157e-27,2.715e-08,1.835e-05,1.374e-05,8.904e-10,0.001424,9.132e-05,0.0002222,0.001977,2.156e-07,2.012e-08,0.04
   45300,   45360,-9999,0.000138,0.0004591,5.775e-27,8.373e-08,2.777e-07,3.1e-06,2.295e-27,2.915e-08,1.996e-05,1.494e-05,9.667e-10,0.001566,9.93e-05,0.0002444,0.002179,2.345e-07,2.166e-08,0.04
   45360,   45420,-9999,0.0001519,0.0005067,6.192e-27,9.222e-08,3.053e-07,3.405e-06,2.459e-27,3.159e-08,2.193e-05,1.639e-05,1.06e-09,0.001737,0.0001091,0.0002704,0.002419,2.576e-07,2.354e-08,0.04
   45420,   45480,-9999,0.0001679,0.0005609,6.658e-27,1.02e-07,3.372e-07,3.757e-06,2.642e-27,3.44e-08,2.42e-05,1.807e-05,1.168e-09,0.001928,0.0001203,0.0002993,0.002688,2.842e-07,2.57e-08,0.04
   45480,   45540,-9999,0.0001851,0.0006191,7.153e-27,1.127e-07,3.719e-07,4.14e-06,2.837e-27,3.744e-08,2.666e-05,1.99e-05,1.285e-09,0.002131,0.0001325,0.0003295,0.002972,3.132e-07,2.805e-08,0.04
   45540,   45600,-9999,0.000206,0.0006892,7.744e-27,1.258e-07,4.144e-07,4.609e-06,3.069e-27,4.116e-08,2.967e-05,2.213e-05,1.428e-09,0.002374,0.0001475,0.0003652,0.003311,3.487e-07,3.091e-08,0.04
   45600,   45660,-9999,0.0002302,0.0007921,9.363e-27,1.395e-07,4.583e-07,5.091e-06,3.343e-27,4.497e-08,3.279e-05,2.442e-05,1.577e-09,0.003069,0.0001627,0.0007539,0.004913,3.852e-07,3.386e-08,0.04
   45660,   45720,-9999,0.0002503,0.0008704,9.728e-27,1.517e-07,4.967e-07,5.509e-06,3.524e-27,4.831e-08,3.548e-05,2.639e-05,1.709e-09,0.003484,0.0001759,0.0009049,0.005714,4.17e-07,3.643e-08,0.04
   45720,   45780,-9999,0.0002735,0.0009629,1.017e-26,1.657e-07,5.401e-07,5.982e-06,3.721e-27,5.209e-08,3.852e-05,2.861e-05,1.859e-09,0.003995,0.0001907,0.001088,0.006699,4.529e-07,3.935e-08,0.04
   45780,   45840,-9999,0.0002985,0.001065,1.061e-26,1.806e-07,5.859e-07,6.48e-06,3.923e-27,5.61e-08,4.173e-05,3.094e-05,2.019e-09,0.004574,0.0002063,0.00129,0.007811,4.908e-07,4.243e-08,0.04
   45840,   45900,-9999,0.0003238,0.001171,1.107e-26,1.955e-07,6.315e-07,6.973e-06,4.116e-27,6.011e-08,4.492e-05,3.324e-05,2.179e-09,0.005185,0.0002217,0.001496,0.008973,5.284e-07,4.55e-08,0.04
   45900,   45960,-9999,0.0003527,0.001293,1.156e-26,2.123e-07,6.822e-07,7.521e-06,4.325e-27,6.46e-08,4.847e-05,3.578e-05,2.358e-09,0.005899,0.0002388,0.001728,0.01032,5.702e-07,4.894e-08,0.04
   45960,   46020,-9999,0.0003836,0.001427,1.206e-26,2.301e-07,7.353e-07,8.094e-06,4.535e-27,6.934e-08,5.22e-05,3.843e-05,2.547e-09,0.006677,0.0002566,0.001972,0.01176,6.139e-07,5.256e-08,0.04
   46020,   46080,-9999,0.0004147,0.001562,1.256e-26,2.477e-07,7.875e-07,8.655e-06,4.733e-27,7.405e-08,5.586e-05,4.102e-05,2.734e-09,0.007465,0.0002741,0.002209,0.01321,6.568e-07,5.613e-08,0.04
   46080,   46140,-9999,0.0004496,0.001715,1.308e-26,2.673e-07,8.449e-07,9.272e-06,4.947e-27,7.929e-08,5.991e-05,4.386e-05,2.942e-09,0.008352,0.0002933,0.002467,0.01481,7.041e-07,6.009e-08,0.04
   46140,   46200,-9999,0.0004869,0.00188,1.363e-26,2.88e-07,9.048e-07,9.916e-06,5.161e-27,8.483e-08,6.415e-05,4.682e-05,3.162e-09,0.009295,0.0003134,0.002732,0.0165,7.535e-07,6.426e-08,0.04
   46200,   46260,-9999,0.0005239,0.002044,1.414e-26,3.084e-07,9.634e-07,1.054e-05,5.364e-27,9.031e-08,6.831e-05,4.969e-05,3.378e-09,0.01022,0.0003331,0.002985,0.01814,8.018e-07,6.837e-08,0.04
   46260,   46320,-9999,0.0005655,0.002228,1.469e-26,3.311e-07,1.028e-06,1.124e-05,5.58e-27,9.642e-08,7.29e-05,5.286e-05,3.618e-09,0.01125,0.0003549,0.003256,0.01993,8.55e-07,7.293e-08,0.04
   46320,   46380,-9999,0.0006092,0.002421,1.525e-26,3.548e-07,1.095e-06,1.195e-05,5.797e-27,1.029e-07,7.768e-05,5.613e-05,3.87e-09,0.01232,0.0003775,0.00353,0.02178,9.103e-07,7.77e-08,0.04
   46380,   46440,-9999,0.0006523,0.002612,1.578e-26,3.781e-07,1.159e-06,1.265e-05,6.002e-27,1.092e-07,8.235e-05,5.931e-05,4.117e-09,0.01335,0.0003997,0.003788,0.02355,9.641e-07,8.239e-08,0.04
   46440,   46500,-9999,0.0007,0.002822,1.634e-26,4.038e-07,1.23e-06,1.342e-05,6.219e-27,1.163e-07,8.749e-05,6.28e-05,4.39e-09,0.01447,0.0004242,0.004062,0.02545,1.023e-06,8.756e-08,0.04
   46500,   46560,-9999,0.00075,0.00304,1.691e-26,4.307e-07,1.304e-06,1.421e-05,6.438e-27,1.237e-07,9.283e-05,6.642e-05,4.675e-09,0.01562,0.0004497,0.004337,0.02739,1.085e-06,9.299e-08,0.04
   46560,   46620,-9999,0.0007988,0.003253,1.745e-26,4.571e-07,1.375e-06,1.498e-05,6.645e-27,1.311e-07,9.804e-05,6.994e-05,4.955e-09,0.01672,0.0004747,0.004594,0.02922,1.144e-06,9.831e-08,0.04
   46620,   46680,-9999,0.0008525,0.003486,1.803e-26,4.861e-07,1.454e-06,1.583e-05,6.865e-27,1.393e-07,0.0001038,7.381e-05,5.264e-09,0.01791,0.0005023,0.004866,0.03119,1.21e-06,1.042e-07,0.04
   46680,   46740,-9999,0.0009082,0.003725,1.861e-26,5.164e-07,1.534e-06,1.671e-05,7.085e-27,1.479e-07,0.0001097,7.781e-05,5.586e-09,0.0191,0.0005311,0.005135,0.03316,1.278e-06,1.103e-07,0.04
   46740,   46800,-9999,0.0009621,0.003955,1.916e-26,5.459e-07,1.613e-06,1.756e-05,7.294e-27,1.563e-07,0.0001155,8.171e-05,5.901e-09,0.02024,0.0005591,0.005387,0.03502,1.344e-06,1.163e-07,0.04
   46800,   46860,-9999,0.001021,0.004203,1.975e-26,5.782e-07,1.698e-06,1.849e-05,7.515e-27,1.657e-07,0.0001218,8.597e-05,6.248e-09,0.02145,0.00059,0.00565,0.03698,1.416e-06,1.23e-07,0.04
   46860,   46920,-9999,0.001081,0.004457,2.034e-26,6.119e-07,1.786e-06,1.945e-05,7.737e-27,1.756e-07,0.0001283,9.039e-05,6.609e-09,0.02266,0.000622,0.005912,0.03895,1.491e-06,1.299e-07,0.04
   46920,   46980,-9999,0.00114,0.0047,2.089e-26,6.448e-07,1.871e-06,2.039e-05,7.947e-27,1.853e-07,0.0001346,9.469e-05,6.961e-09,0.0238,0.0006533,0.006154,0.04079,1.563e-06,1.367e-07,0.04
   46980,   47040,-9999,0.001203,0.004961,2.148e-26,6.809e-07,1.964e-06,2.142e-05,8.17e-27,1.962e-07,0.0001415,9.94e-05,7.35e-09,0.02501,0.0006876,0.006409,0.04274,1.643e-06,1.442e-07,0.04
   47040,   47100,-9999,0.001268,0.005225,2.209e-26,7.182e-07,2.06e-06,2.247e-05,8.394e-27,2.075e-07,0.0001486,0.0001043,7.753e-09,0.02622,0.000723,0.006659,0.04467,1.725e-06,1.52e-07,0.04
   47100,   47160,-9999,0.001329,0.005475,2.265e-26,7.545e-07,2.153e-06,2.349e-05,8.605e-27,2.186e-07,0.0001555,0.000109,8.145e-09,0.02735,0.0007573,0.00689,0.04647,1.804e-06,1.596e-07,0.04
   47160,   47220,-9999,0.001396,0.005743,2.326e-26,7.944e-07,2.254e-06,2.462e-05,8.831e-27,2.31e-07,0.000163,0.0001141,8.578e-09,0.02854,0.0007949,0.007133,0.04836,1.891e-06,1.68e-07,0.04
   47220,   47280,-9999,0.001464,0.006013,2.386e-26,8.357e-07,2.358e-06,2.577e-05,9.057e-27,2.439e-07,0.0001707,0.0001194,9.026e-09,0.02973,0.0008336,0.007371,0.05023,1.981e-06,1.767e-07,0.04
   47280,   47340,-9999,0.001529,0.006268,2.444e-26,8.758e-07,2.459e-06,2.689e-05,9.271e-27,2.566e-07,0.0001781,0.0001246,9.464e-09,0.03083,0.000871,0.007592,0.05198,2.068e-06,1.853e-07,0.04
   47340,   47400,-9999,0.001598,0.006539,2.506e-26,9.197e-07,2.569e-06,2.811e-05,9.499e-27,2.708e-07,0.0001862,0.0001302,9.944e-09,0.032,0.0009118,0.007822,0.0538,2.163e-06,1.947e-07,0.04
   47400,   47460,-9999,0.001669,0.006811,2.568e-26,9.651e-07,2.682e-06,2.936e-05,9.729e-27,2.855e-07,0.0001945,0.000136,1.044e-08,0.03315,0.0009535,0.008047,0.05561,2.26e-06,2.046e-07,0.04
   47460,   47520,-9999,0.001735,0.007066,2.626e-26,1.009e-06,2.791e-06,3.057e-05,9.944e-27,3e-07,0.0002024,0.0001415,1.092e-08,0.03421,0.0009935,0.008255,0.05727,2.354e-06,2.141e-07,0.04
   47520,   47580,-9999,0.001807,0.007337,2.688e-26,1.057e-06,2.91e-06,3.188e-05,1.018e-26,3.16e-07,0.000211,0.0001476,1.146e-08,0.03534,0.001037,0.008472,0.05903,2.456e-06,2.247e-07,0.04
   47580,   47640,-9999,0.001879,0.007608,2.751e-26,1.107e-06,3.032e-06,3.324e-05,1.041e-26,3.328e-07,0.0002198,0.0001537,1.201e-08,0.03644,0.001082,0.008684,0.06075,2.561e-06,2.357e-07,0.04
   47640,   47700,-9999,0.001947,0.007862,2.811e-26,1.155e-06,3.15e-06,3.454e-05,1.063e-26,3.493e-07,0.0002282,0.0001597,1.254e-08,0.03747,0.001124,0.008881,0.06235,2.663e-06,2.465e-07,0.04
   47700,   47760,-9999,0.002019,0.008131,2.875e-26,1.208e-06,3.278e-06,3.595e-05,1.086e-26,3.675e-07,0.0002374,0.0001662,1.313e-08,0.03855,0.00117,0.009085,0.06402,2.773e-06,2.583e-07,0.04
   47760,   47820,-9999,0.002092,0.008398,2.938e-26,1.262e-06,3.409e-06,3.74e-05,1.11e-26,3.864e-07,0.0002466,0.0001727,1.373e-08,0.03961,0.001217,0.009284,0.06565,2.886e-06,2.706e-07,0.04
   47820,   47880,-9999,0.002161,0.008649,2.999e-26,1.315e-06,3.536e-06,3.879e-05,1.132e-26,4.051e-07,0.0002555,0.000179,1.432e-08,0.04059,0.001262,0.009469,0.06717,2.994e-06,2.826e-07,0.04
   47880,   47940,-9999,0.002234,0.008913,3.064e-26,1.373e-06,3.674e-06,4.03e-05,1.156e-26,4.257e-07,0.0002651,0.0001859,1.497e-08,0.04162,0.00131,0.009661,0.06875,3.112e-06,2.958e-07,0.04
   47940,   48000,-9999,0.002308,0.009176,3.129e-26,1.432e-06,3.815e-06,4.185e-05,1.18e-26,4.471e-07,0.0002749,0.0001928,1.563e-08,0.04264,0.001359,0.009849,0.07031,3.233e-06,3.095e-07,0.04
   48000,   48060,-9999,0.002377,0.009422,3.191e-26,1.489e-06,3.95e-06,4.333e-05,1.202e-26,4.682e-07,0.0002842,0.0001995,1.628e-08,0.04358,0.001405,0.01002,0.07175,3.348e-06,3.229e-07,0.04
   48060,   48120,-9999,0.002451,0.009681,3.258e-26,1.552e-06,4.097e-06,4.493e-05,1.226e-26,4.914e-07,0.0002942,0.0002066,1.699e-08,0.04456,0.001455,0.0102,0.07325,3.474e-06,3.376e-07,0.04
   48120,   48180,-9999,0.002524,0.009936,3.324e-26,1.616e-06,4.247e-06,4.655e-05,1.251e-26,5.155e-07,0.0003043,0.0002139,1.771e-08,0.04552,0.001506,0.01038,0.07472,3.601e-06,3.528e-07,0.04
   48180,   48240,-9999,0.002593,0.01018,3.387e-26,1.677e-06,4.391e-06,4.812e-05,1.274e-26,5.391e-07,0.000314,0.0002208,1.842e-08,0.04641,0.001554,0.01054,0.07608,3.723e-06,3.677e-07,0.04
   48240,   48300,-9999,0.002666,0.01043,3.455e-26,1.745e-06,4.547e-06,4.98e-05,1.299e-26,5.652e-07,0.0003244,0.0002283,1.919e-08,0.04734,0.001605,0.01071,0.07751,3.856e-06,3.841e-07,0.04
   48300,   48360,-9999,0.002739,0.01068,3.523e-26,1.814e-06,4.707e-06,5.152e-05,1.323e-26,5.923e-07,0.0003349,0.0002358,1.998e-08,0.04826,0.001657,0.01087,0.0789,3.99e-06,4.01e-07,0.04
   48360,   48420,-9999,0.002808,0.01091,3.588e-26,1.881e-06,4.859e-06,5.316e-05,1.347e-26,6.188e-07,0.0003449,0.000243,2.075e-08,0.04911,0.001706,0.01103,0.08019,4.119e-06,4.175e-07,0.04
   48420,   48480,-9999,0.00288,0.01115,3.657e-26,1.953e-06,5.024e-06,5.493e-05,1.372e-26,6.48e-07,0.0003557,0.0002507,2.158e-08,0.04999,0.001758,0.01119,0.08153,4.258e-06,4.356e-07,0.04
   48480,   48540,-9999,0.002953,0.0114,3.727e-26,2.028e-06,5.192e-06,5.671e-05,1.397e-26,6.782e-07,0.0003665,0.0002585,2.244e-08,0.05086,0.001811,0.01134,0.08284,4.399e-06,4.543e-07,0.04
   48540,   48600,-9999,0.00302,0.01162,3.794e-26,2.099e-06,5.353e-06,5.842e-05,1.422e-26,7.077e-07,0.0003767,0.0002659,2.327e-08,0.05166,0.001861,0.01148,0.08406,4.534e-06,4.726e-07,0.04
   48600,   48660,-9999,0.003092,0.01186,3.865e-26,2.177e-06,5.526e-06,6.026e-05,1.447e-26,7.402e-07,0.0003878,0.0002738,2.417e-08,0.0525,0.001914,0.01163,0.08533,4.68e-06,4.926e-07,0.04
   48660,   48720,-9999,0.003164,0.01209,3.937e-26,2.256e-06,5.702e-06,6.213e-05,1.473e-26,7.739e-07,0.0003989,0.0002817,2.51e-08,0.05333,0.001967,0.01178,0.08657,4.827e-06,5.133e-07,0.04
   48720,   48780,-9999,0.003231,0.01231,4.005e-26,2.332e-06,5.871e-06,6.39e-05,1.498e-26,8.067e-07,0.0004094,0.0002893,2.6e-08,0.05409,0.002018,0.01191,0.08772,4.968e-06,5.334e-07,0.04
   48780,   48840,-9999,0.003301,0.01254,4.078e-26,2.415e-06,6.051e-06,6.58e-05,1.524e-26,8.427e-07,0.0004206,0.0002973,2.697e-08,0.05488,0.002071,0.01205,0.08892,5.118e-06,5.554e-07,0.04
   48840,   48900,-9999,0.003371,0.01276,4.152e-26,2.499e-06,6.235e-06,6.773e-05,1.551e-26,8.8e-07,0.0004319,0.0003054,2.796e-08,0.05566,0.002125,0.01219,0.09009,5.271e-06,5.781e-07,0.04
   48900,   48960,-9999,0.003437,0.01297,4.222e-26,2.58e-06,6.411e-06,6.956e-05,1.576e-26,9.163e-07,0.0004426,0.0003131,2.892e-08,0.05638,0.002176,0.01231,0.09118,5.417e-06,6.002e-07,0.04
   48960,   49020,-9999,0.003506,0.01319,4.297e-26,2.668e-06,6.599e-06,7.153e-05,1.603e-26,9.561e-07,0.0004541,0.0003213,2.997e-08,0.05714,0.00223,0.01244,0.09231,5.574e-06,6.244e-07,0.04
   49020,   49080,-9999,0.003575,0.01341,4.373e-26,2.757e-06,6.79e-06,7.351e-05,1.631e-26,9.973e-07,0.0004656,0.0003295,3.103e-08,0.05788,0.002284,0.01257,0.09342,5.732e-06,6.494e-07,0.04
   49080,   49140,-9999,0.00364,0.01361,4.446e-26,2.843e-06,6.972e-06,7.539e-05,1.657e-26,1.037e-06,0.0004764,0.0003373,3.206e-08,0.05856,0.002335,0.01269,0.09445,5.883e-06,6.736e-07,0.04
   49140,   49200,-9999,0.003707,0.01383,4.523e-26,2.935e-06,7.167e-06,7.74e-05,1.684e-26,1.081e-06,0.000488,0.0003455,3.317e-08,0.05927,0.002389,0.01281,0.09551,6.043e-06,6.999e-07,0.04
   49200,   49260,-9999,0.003775,0.01404,4.601e-26,3.029e-06,7.364e-06,7.944e-05,1.713e-26,1.125e-06,0.0004996,0.0003538,3.429e-08,0.05997,0.002443,0.01293,0.09655,6.206e-06,7.268e-07,0.04
   49260,   49320,-9999,0.003836,0.01422,4.676e-26,3.114e-06,7.542e-06,8.128e-05,1.739e-26,1.168e-06,0.0005102,0.0003614,3.534e-08,0.06059,0.002492,0.01304,0.09749,6.354e-06,7.523e-07,0.04
   49320,   49380,-9999,0.003901,0.01442,4.75e-26,3.211e-06,7.741e-06,8.33e-05,1.766e-26,1.215e-06,0.0005216,0.0003695,3.651e-08,0.06126,0.002544,0.01316,0.09849,6.517e-06,7.809e-07,0.04
   49380,   49440,-9999,0.003966,0.01462,4.83e-26,3.309e-06,7.943e-06,8.538e-05,1.795e-26,1.264e-06,0.0005333,0.0003778,3.771e-08,0.06192,0.002598,0.01327,0.09948,6.684e-06,8.105e-07,0.04
   49440,   49500,-9999,0.004028,0.01481,4.907e-26,3.403e-06,8.136e-06,8.734e-05,1.822e-26,1.312e-06,0.0005444,0.0003857,3.886e-08,0.06254,0.002648,0.01337,0.1004,6.842e-06,8.39e-07,0.04
   49500,   49560,-9999,0.004092,0.01501,4.997e-26,3.504e-06,8.341e-06,8.943e-05,1.856e-26,1.363e-06,0.0005561,0.000394,4.01e-08,0.06317,0.002701,0.01348,0.1013,7.01e-06,8.7e-07,0.04
   49560,   49620,-9999,0.004157,0.0152,5.063e-26,3.606e-06,8.549e-06,9.153e-05,1.877e-26,1.417e-06,0.0005679,0.0004023,4.137e-08,0.0638,0.002755,0.01359,0.1023,7.181e-06,9.021e-07,0.04
   49620,   49680,-9999,0.004217,0.01538,5.17e-26,3.705e-06,8.746e-06,9.353e-05,1.914e-26,1.471e-06,0.000579,0.0004102,4.262e-08,0.06439,0.002805,0.01369,0.1032,7.343e-06,9.346e-07,0.04
