CampaignData_and_Merges/R0/CSL_MobileLab_Parked/raw/20240815/USOS-NOAAIodideCIMS-OrgNitrs_MobileLabGround_20240815_RA.ict
37, 1001
Michael A Robinson, Chris Jernigan, Subi Thakali
NOAA ESRL Chemical Sciences Laboratory and CIRES, U. of Colorado
NOAA Iodide CIMS Instrument
USOS
1, 1
2024, 08, 15, 2024, 08, 18
1
starttime_UTC, seconds_past_midnight, seconds_of_day_since_00:00:00_UTC
5
1, 1, 1, 1, 1
-9999, -9999, -9999, -9999, -9999
C4H7NO5_NOAACIMS, pptv, Gas_C4H7NO5_InSitu_S_AVMR, 
ISOPN_NOAACIMS, pptv, Gas_ISOPN_InSitu_S_AVMR, 
C5H10O3_NOAACIMS, pptv, Gas_C5H10O3_InSitu_S_AVMR, 
C5H9NO5_NOAACIMS, pptv, Gas_C5H9NO5_InSitu_S_AVMR, 
C10H17NO4_NOAACIMS, pptv, Gas_C10H17NO4_InSitu_S_AVMR, 
0
18
PI_CONTACT_INFO: 325 Broadway, R/CSD 7, Boulder, Colorado 80305; michael.a.robinson@noaa.gov; chris.jernigan@noaa.gov;
PLATFORM: NOAA CSL Mobile Lab
LOCATION: SLC, Utah
ASSOCIATED_DATA: 1Hz data also available on request.
INSTRUMENT_INFO: NOAA I- ToF CIMS
DATA_INFO: All data in parts per trillion by volume (pptv). 1 Hz data is available upon request.
UNCERTAINTY: TBD
ULOD_FLAG: -7777
ULOD_VALUE: N/A
LLOD_FLAG: -8888
LLOD_VALUE: N/A
DM_CONTACT_INFO: Nathan Howard; nathan.h.howard@noaa.gov
PROJECT_INFO: USOS, summer 2024. https://csl.noaa.gov/groups/csl7/measurements/2024usos/
STIPULATIONS_ON_USE: Users are strongly encouraged to contact the PI for proper data usage.
OTHER_COMMENTS: 
REVISION: RA
RA: Preliminary Data; For in-field use only
starttime_UTC, C4H7NO5_NOAACIMS, ISOPN_NOAACIMS, C5H10O3_NOAACIMS, C5H9NO5_NOAACIMS, C10H17NO4_NOAACIMS
     0,  8.345,  6.654,  8.729,  5.398,  0.226
    60,  8.457,  6.471,  8.854,  5.268,  0.204
   120,  8.490,  6.368,  9.338,  5.553,  0.201
   180,  8.550,  6.746, 10.055,  5.352,  0.260
   240,  8.325,  6.697, 11.550,  5.886,  0.210
   300,  8.395,  6.419, 11.327,  5.610,  0.261
   360,  8.466,  6.623, 11.674,  5.601,  0.229
   420,  8.517,  6.426, 10.078,  5.688,  0.259
   480,  8.645,  6.379, 11.120,  5.608,  0.251
   540,  8.655,  6.991, 10.800,  5.685,  0.287
   600,  8.623,  6.554, 11.409,  5.648,  0.291
   660,  8.565,  6.258, 11.613,  5.561,  0.312
   720,  8.388,  6.590, 12.135,  5.619,  0.230
   780,  8.388,  6.596,  9.699,  5.462,  0.258
   840,  8.450,  6.567, 11.270,  5.641,  0.311
   900,  8.363,  6.372, 11.138,  5.497,  0.217
   960,  8.130,  6.013, 11.350,  5.659,  0.211
  1020,  8.228,  6.576, 11.445,  5.574,  0.299
  1080,  8.382,  6.517, 10.458,  5.582,  0.194
  1140,  8.421,  6.890, 11.565,  5.675,  0.217
  1200,  8.310,  6.501, 11.239,  5.734,  0.230
  1260,  8.317,  6.557, 11.147,  5.551,  0.262
  1320,  8.546,  6.592, 11.040,  5.550,  0.253
  1380,  8.435,  6.983, 12.246,  5.791,  0.348
  1440,  8.456,  7.020, 12.365,  5.757,  0.278
  1500,  8.201,  6.960, 13.028,  5.698,  0.304
  1560,  8.108,  6.869, 11.200,  5.460,  0.212
  1620,  8.417,  7.282, 11.044,  5.582,  0.242
  1680,  8.372,  7.284, 10.688,  5.554,  0.232
  1740, -9999.000, -9999.000, -9999.000, -9999.000, -9999.000
  1800,  7.689,  6.434, 10.192,  5.437,  0.245
  1860,  7.954,  6.922, 10.804,  5.512,  0.267
  1920,  7.845,  7.288, 11.756,  5.318,  0.273
  1980,  8.112,  7.451, 10.465,  5.462,  0.266
  2040,  8.420,  7.774, 10.235,  5.274,  0.253
  2100,  8.655,  8.320, 10.358,  5.379,  0.199
  2160,  8.717,  8.554, 11.345,  5.610,  0.251
  2220,  8.478,  7.948, 11.099,  5.389,  0.210
  2280,  8.192,  7.462, 11.440,  5.284,  0.181
  2340,  8.219,  7.587, 11.638,  5.468,  0.201
  2400,  8.311,  7.678, 11.306,  5.223,  0.198
  2460,  8.320,  7.622, 11.625,  5.543,  0.217
  2520,  8.391,  8.132, 11.766,  5.276,  0.184
  2580,  8.227,  7.835, 11.398,  5.241,  0.160
  2640,  8.296,  8.039, 11.164,  5.304,  0.148
  2700,  8.268,  8.710, 12.035,  5.383,  0.155
  2760,  8.133,  7.978, 11.251,  5.160,  0.155
  2820,  8.298,  8.439, 11.813,  5.096,  0.136
  2880,  8.429,  8.925, 12.412,  5.281,  0.119
  2940,  8.578, 10.048, 13.163,  5.432,  0.119
  3000,  8.648,  9.794, 12.990,  5.374,  0.142
  3060,  8.934,  9.432, 11.855,  5.475,  0.113
  3120,  9.523,  9.804, 12.569,  5.436,  0.128
  3180,  9.402, 10.116, 13.934,  5.698,  0.112
  3240,  9.370, 10.182, 13.585,  5.604,  0.118
  3300,  9.320,  9.990, 14.009,  5.544,  0.147
  3360,  9.517, 10.120, 12.427,  5.535,  0.090
  3420,  9.453, 10.387, 14.558,  5.612,  0.123
  3480,  9.276,  9.730, 13.814,  5.629,  0.139
  3540,  9.328, 10.111, 13.782,  5.539,  0.121
  3600, -9999.000, -9999.000, -9999.000, -9999.000, -9999.000
  3660,  9.115,  8.889, 11.172,  5.043,  0.016
  3720,  9.017,  8.543, 10.040,  4.706,  0.037
  3780,  8.728,  8.436, 10.293,  4.744,  0.033
  3840,  9.022,  8.347,  9.372,  4.958,  0.082
  3900,  9.168,  8.235,  9.508,  4.823,  0.028
  3960,  9.068,  8.596,  9.132,  4.998,  0.012
  4020,  8.873,  8.194,  9.823,  4.771,  0.017
  4080,  8.829,  8.533, 10.047,  4.831,  0.032
  4140,  9.123,  8.468,  8.936,  5.045,  0.037
  4200,  9.201,  8.682,  8.816,  4.889,  0.022
  4260,  9.155,  8.680,  9.781,  4.913,  0.012
  4320,  9.012,  9.264, 10.313,  4.968,  0.030
  4380,  8.851,  8.920, 10.580,  4.912,  0.042
  4440,  9.052,  8.446, 10.870,  4.881,  0.039
  4500,  8.647,  8.544, 11.111,  4.559,  0.041
  4560,  8.217,  8.606, 10.703,  4.638, -0.018
  4620,  8.269,  8.293, 10.458,  4.662,  0.036
  4680,  8.206,  8.384, 10.114,  4.413, -0.007
  4740,  8.514,  8.801, 10.903,  4.680,  0.074
  4800,  8.383,  8.696, 11.926,  4.575,  0.024
  4860,  8.906,  9.323, 12.043,  4.646,  0.058
  4920,  8.965,  9.624, 12.012,  4.662,  0.070
  4980,  8.971,  9.337, 11.947,  4.738, -0.024
  5040,  9.148,  9.723, 11.919,  4.798,  0.077
  5100,  8.911,  9.782, 13.006,  4.969,  0.060
  5160,  8.764,  9.333, 13.460,  4.851,  0.084
  5220,  8.579,  9.121, 13.229,  4.877,  0.140
  5280,  8.547,  9.618, 12.043,  4.607,  0.090
  5340,  8.813, 10.025, 13.572,  4.618,  0.140
  5400,  8.601, 10.015, 14.836,  4.775,  0.181
  5460, -9999.000, -9999.000, -9999.000, -9999.000, -9999.000
  5520,  8.392,  9.677, 10.995,  4.528,  0.096
  5580,  8.430, 10.060, 12.628,  4.508,  0.127
  5640,  8.550,  9.887, 12.517,  4.450,  0.117
  5700,  8.375, 10.534, 12.607,  4.587,  0.154
  5760,  8.249, 10.231, 14.312,  4.472,  0.207
  5820,  7.996,  9.417, 15.139,  4.689,  0.168
  5880,  8.172, 10.036, 13.699,  4.605,  0.116
  5940,  8.082,  9.858, 15.237,  4.566,  0.197
  6000,  7.858,  8.865, 15.874,  4.633,  0.204
  6060,  7.829,  8.882, 14.635,  4.442,  0.144
  6120,  7.838,  9.194, 14.552,  4.451,  0.184
  6180,  8.086,  9.375, 13.462,  4.474,  0.130
  6240,  8.377,  9.874, 13.240,  4.512,  0.108
  6300,  8.249, 10.105, 13.335,  4.432,  0.118
  6360,  8.352, 10.492, 13.965,  4.450,  0.123
  6420,  8.060,  9.342, 14.988,  4.563,  0.190
  6480,  7.782,  9.156, 14.633,  4.386,  0.182
  6540,  7.708,  9.324, 14.500,  4.402,  0.145
  6600,  7.543,  8.849, 14.818,  4.181,  0.086
  6660,  7.643,  8.857, 14.358,  4.342,  0.104
  6720,  7.492,  8.712, 15.840,  4.393,  0.157
  6780,  7.400,  8.855, 15.117,  4.303,  0.130
  6840,  7.335,  8.680, 14.896,  4.460,  0.210
  6900,  7.379,  8.161, 13.751,  4.336,  0.111
  6960,  7.352,  8.383, 14.788,  4.365,  0.123
  7020,  7.288,  8.094, 14.386,  4.182,  0.142
  7080,  7.426,  8.792, 13.839,  4.302,  0.147
  7140,  7.500,  8.619, 14.145,  4.097,  0.127
  7200,  7.433,  8.756, 13.934,  4.135,  0.168
  7260,  7.405,  8.503, 14.143,  4.354,  0.174
  7320,  7.505,  8.325, 12.726,  4.392,  0.102
  7380,  7.599,  8.754, 12.166,  4.207,  0.173
  7440,  7.935,  9.764, 12.282,  4.407,  0.222
  7500,  7.619, 10.060, 14.831,  4.552,  0.411
  7560,  7.657, 12.980, 16.921,  4.709,  0.377
  7620,  7.511, 12.447, 18.933,  4.699,  0.303
  7680,  7.373, 12.748, 17.849,  4.660,  0.359
  7740,  7.272, 13.451, 19.364,  4.743,  0.358
  7800,  7.320, 14.884, 20.033,  4.710,  0.411
  7860,  7.153, 15.407, 20.761,  4.627,  0.331
  7920,  7.082, 15.628, 20.773,  4.584,  0.351
  7980,  6.913, 15.667, 21.089,  4.439,  0.354
  8040,  6.903, 16.560, 22.048,  4.594,  0.347
  8100,  6.650, 16.035, 21.105,  4.466,  0.395
  8160,  6.326, 15.818, 21.956,  4.314,  0.416
  8220,  6.030, 15.518, 21.718,  4.308,  0.310
  8280,  5.902, 14.987, 21.775,  4.087,  0.328
  8340,  5.806, 15.843, 21.913,  3.930,  0.309
  8400,  5.743, 15.599, 22.144,  4.032,  0.310
  8460,  5.706, 15.626, 21.924,  3.998,  0.279
  8520,  5.643, 15.444, 22.314,  3.859,  0.364
  8580,  5.621, 15.603, 23.362,  3.799,  0.358
  8640,  5.587, 15.851, 23.194,  3.823,  0.316
  8700,  5.582, 15.408, 22.191,  3.870,  0.340
  8760,  5.711, 15.515, 23.175,  3.953,  0.348
  8820,  5.631, 15.653, 23.393,  4.029,  0.330
  8880,  5.572, 16.129, 23.469,  3.946,  0.366
  8940,  5.570, 15.342, 22.776,  3.767,  0.327
  9000,  5.895, 15.560, 22.652,  3.883,  0.298
  9060,  5.923, 15.622, 22.898,  3.975,  0.297
  9120, -9999.000, -9999.000, -9999.000, -9999.000, -9999.000
  9180,  6.274, 14.425, 18.880,  3.976,  0.213
  9240,  6.514, 16.631, 21.290,  4.019,  0.303
  9300,  6.756, 17.412, 22.050,  4.209,  0.285
  9360,  6.901, 17.451, 22.775,  4.334,  0.352
  9420,  6.958, 17.485, 23.199,  4.466,  0.327
  9480,  7.147, 17.935, 23.368,  4.628,  0.395
  9540,  7.200, 17.786, 23.406,  4.470,  0.296
  9600,  7.085, 17.669, 23.171,  4.434,  0.346
  9660,  7.327, 17.937, 24.200,  4.695,  0.342
  9720,  7.286, 18.426, 24.804,  4.688,  0.386
  9780,  7.247, 17.663, 23.946,  4.675,  0.371
  9840,  7.348, 18.212, 24.389,  4.652,  0.320
  9900,  7.156, 17.544, 24.340,  4.622,  0.372
  9960,  7.132, 17.244, 24.619,  4.581,  0.345
 10020,  7.040, 17.605, 24.292,  4.690,  0.361
 10080,  7.041, 17.342, 24.818,  4.684,  0.432
 10140,  6.731, 16.766, 24.524,  4.482,  0.423
 10200,  6.833, 16.280, 24.347,  4.761,  0.460
 10260,  6.758, 16.540, 24.472,  4.756,  0.440
 10320,  6.643, 16.628, 24.093,  4.630,  0.400
 10380,  6.817, 16.882, 24.322,  4.509,  0.474
 10440,  6.764, 16.834, 24.551,  4.660,  0.466
 10500,  6.792, 16.516, 23.973,  4.345,  0.403
 10560,  6.912, 16.925, 24.597,  4.580,  0.457
 10620,  7.111, 16.813, 24.481,  4.519,  0.518
 10680,  7.019, 17.194, 24.597,  4.501,  0.543
 10740,  7.208, 17.115, 25.312,  4.526,  0.488
 10800,  7.337, 17.046, 24.655,  4.570,  0.561
 10860,  7.255, 17.258, 25.828,  4.477,  0.523
 10920,  7.458, 17.192, 25.640,  4.640,  0.617
 10980, -9999.000, -9999.000, -9999.000, -9999.000, -9999.000
 11040,  7.262, 16.357, 24.287,  4.257,  0.507
 11100,  7.460, 17.378, 24.637,  4.551,  0.513
 11160,  7.470, 17.129, 25.584,  4.447,  0.530
 11220,  7.592, 17.180, 25.263,  4.525,  0.585
 11280,  7.658, 17.914, 26.099,  4.672,  0.493
 11340,  7.531, 16.770, 25.770,  4.657,  0.528
 11400,  7.506, 17.144, 26.122,  4.590,  0.593
 11460,  7.460, 17.875, 26.944,  4.498,  0.526
 11520,  7.455, 17.535, 26.860,  4.710,  0.549
 11580,  7.329, 17.550, 26.633,  4.561,  0.471
 11640,  7.439, 17.104, 27.782,  4.603,  0.587
 11700,  7.439, 17.655, 26.552,  4.504,  0.609
 11760,  7.455, 17.365, 27.184,  4.485,  0.610
 11820,  7.654, 17.923, 27.379,  4.761,  0.602
 11880,  7.507, 16.952, 27.586,  4.616,  0.593
 11940,  7.545, 17.464, 27.604,  4.685,  0.621
 12000,  7.271, 17.653, 27.571,  4.464,  0.603
 12060,  7.360, 17.015, 27.348,  4.524,  0.621
 12120,  7.394, 17.300, 27.475,  4.530,  0.605
 12180,  7.318, 17.323, 27.993,  4.596,  0.601
 12240,  7.373, 16.933, 27.422,  4.519,  0.666
 12300,  7.343, 16.876, 27.793,  4.407,  0.583
 12360,  7.346, 16.899, 27.366,  4.477,  0.624
 12420,  7.242, 17.346, 27.759,  4.519,  0.621
 12480,  7.142, 16.749, 27.920,  4.472,  0.517
 12540,  7.286, 17.141, 27.045,  4.350,  0.637
 12600,  7.404, 17.306, 27.743,  4.616,  0.642
 12660,  7.294, 16.987, 27.565,  4.436,  0.576
 12720,  7.315, 17.591, 27.767,  4.413,  0.619
 12780,  7.140, 16.857, 27.341,  4.251,  0.612
 12840, -9999.000, -9999.000, -9999.000, -9999.000, -9999.000
 12900,  7.154, 16.900, 24.707,  4.387,  0.633
 12960,  7.241, 16.531, 26.517,  4.326,  0.510
 13020,  7.158, 16.391, 27.223,  4.376,  0.639
 13080,  7.077, 16.763, 26.488,  4.363,  0.615
 13140,  7.098, 16.190, 26.844,  4.515,  0.593
 13200,  6.975, 15.620, 27.870,  4.393,  0.620
 13260,  7.019, 16.214, 26.330,  4.341,  0.592
 13320,  7.184, 16.613, 26.690,  4.749,  0.663
 13380,  6.942, 15.961, 26.732,  4.500,  0.585
 13440,  6.981, 16.375, 26.320,  4.578,  0.621
 13500,  7.194, 16.463, 25.886,  4.599,  0.526
 13560,  6.982, 16.180, 27.072,  4.604,  0.639
 13620,  7.074, 16.475, 27.266,  4.718,  0.591
 13680,  7.125, 16.006, 27.049,  4.582,  0.566
 13740,  7.049, 16.515, 26.826,  4.613,  0.596
 13800,  7.171, 16.579, 26.513,  4.778,  0.605
 13860,  7.178, 16.654, 27.116,  4.837,  0.574
 13920,  7.202, 16.598, 27.158,  4.667,  0.610
 13980,  7.157, 16.837, 26.708,  4.738,  0.534
 14040,  7.002, 16.765, 27.218,  4.839,  0.558
 14100,  7.150, 17.139, 26.960,  4.689,  0.529
 14160,  7.177, 16.960, 27.204,  4.852,  0.504
 14220,  7.124, 16.586, 27.742,  4.755,  0.476
 14280,  7.183, 17.017, 27.555,  4.805,  0.588
 14340,  6.991, 16.944, 28.128,  4.793,  0.457
 14400,  7.049, 17.071, 28.178,  4.788,  0.645
 14460,  6.910, 17.099, 27.918,  4.887,  0.561
 14520,  6.961, 17.164, 29.091,  4.805,  0.583
 14580,  7.012, 17.145, 28.217,  4.968,  0.632
 14640,  7.153, 17.228, 28.109,  4.930,  0.581
 14700,  6.594, 17.248, 27.342,  4.428,  0.385
 14760,  6.817, 16.567, 26.531,  4.775,  0.536
 14820,  6.943, 17.276, 27.190,  4.855,  0.580
 14880,  7.051, 17.189, 27.445,  4.980,  0.541
 14940,  7.031, 17.495, 27.605,  4.838,  0.519
 15000,  7.169, 17.758, 27.945,  5.194,  0.650
 15060,  7.188, 17.844, 28.499,  5.141,  0.504
 15120,  7.108, 17.128, 28.772,  5.006,  0.517
 15180,  7.200, 17.588, 28.142,  5.074,  0.519
 15240,  7.138, 17.701, 28.611,  5.115,  0.461
 15300,  6.982, 17.040, 29.101,  4.929,  0.532
 15360,  6.935, 17.437, 29.661,  4.933,  0.516
 15420,  6.901, 17.465, 28.675,  4.955,  0.594
 15480,  7.199, 17.353, 28.048,  5.116,  0.596
 15540,  7.080, 16.917, 29.255,  5.000,  0.559
 15600,  7.072, 17.121, 28.031,  4.947,  0.521
 15660,  7.122, 17.388, 29.149,  5.065,  0.511
 15720,  7.215, 17.501, 29.571,  5.011,  0.524
 15780,  7.111, 17.106, 29.371,  4.991,  0.515
 15840,  7.078, 17.016, 29.860,  4.963,  0.575
 15900,  7.058, 16.674, 30.646,  5.033,  0.519
 15960,  7.021, 16.935, 29.261,  4.883,  0.461
 16020,  7.176, 17.423, 29.981,  4.984,  0.517
 16080,  7.294, 17.388, 28.766,  5.085,  0.587
 16140,  7.228, 16.879, 29.873,  4.816,  0.471
 16200,  7.164, 16.849, 30.804,  5.107,  0.482
 16260,  7.368, 17.370, 30.360,  5.117,  0.610
 16320,  7.240, 16.941, 30.208,  4.919,  0.438
 16380,  7.059, 17.115, 31.391,  5.097,  0.516
 16440,  7.236, 16.896, 30.595,  4.967,  0.486
 16500,  7.341, 17.857, 31.790,  4.961,  0.633
 16560,  7.004, 16.640, 27.269,  5.083,  0.487
 16620,  7.148, 16.751, 27.891,  4.842,  0.511
 16680,  7.209, 16.891, 29.024,  4.975,  0.534
 16740,  7.288, 17.636, 31.240,  5.002,  0.479
 16800,  7.352, 17.406, 30.389,  5.121,  0.496
 16860,  7.356, 17.569, 31.125,  5.051,  0.476
 16920,  7.273, 17.866, 32.068,  4.982,  0.471
 16980,  7.398, 18.333, 31.889,  5.170,  0.552
 17040,  7.481, 18.605, 33.680,  5.397,  0.602
 17100,  7.546, 18.728, 33.764,  5.500,  0.548
 17160,  7.558, 18.273, 33.624,  5.479,  0.593
 17220,  7.645, 18.836, 33.721,  5.321,  0.582
 17280,  7.521, 18.936, 34.219,  5.397,  0.553
 17340,  7.560, 19.110, 34.578,  5.540,  0.610
 17400,  7.602, 19.264, 35.069,  5.477,  0.537
 17460,  7.396, 18.433, 34.971,  5.275,  0.609
 17520,  7.374, 18.643, 35.423,  5.267,  0.583
 17580,  7.461, 18.844, 35.180,  5.469,  0.538
 17640,  7.381, 19.238, 35.873,  5.489,  0.540
 17700,  7.308, 19.563, 35.158,  5.204,  0.477
 17760,  7.334, 19.210, 35.004,  5.338,  0.565
 17820,  7.320, 19.050, 34.638,  5.347,  0.538
 17880,  7.392, 19.602, 34.639,  5.578,  0.572
 17940,  7.378, 19.415, 34.815,  5.334,  0.483
 18000,  7.390, 19.989, 35.516,  5.626,  0.573
 18060,  7.334, 19.561, 35.766,  5.328,  0.486
 18120,  7.369, 19.872, 35.274,  5.413,  0.482
 18180,  7.392, 19.851, 35.274,  5.543,  0.531
 18240,  7.442, 20.630, 36.681,  5.688,  0.484
 18300,  7.349, 20.068, 36.740,  5.848,  0.543
 18360,  7.125, 20.514, 36.968,  5.613,  0.476
 18420,  7.368, 19.817, 34.844,  5.672,  0.499
 18480,  7.467, 20.307, 34.739,  5.720,  0.526
 18540,  7.538, 20.184, 36.192,  5.883,  0.661
 18600,  7.375, 19.785, 38.242,  6.004,  0.941
 18660,  7.128, 19.357, 38.826,  6.033,  1.278
 18720,  7.020, 18.924, 38.781,  5.979,  1.472
 18780,  6.936, 18.289, 38.465,  5.757,  1.516
 18840,  6.853, 18.537, 38.614,  5.790,  1.731
 18900,  6.819, 18.481, 39.215,  5.924,  1.751
 18960,  6.721, 18.105, 38.647,  5.629,  1.622
 19020,  6.610, 17.804, 37.988,  5.687,  1.663
 19080,  6.585, 17.532, 38.102,  5.518,  1.737
 19140,  6.442, 17.773, 36.976,  5.342,  1.720
 19200,  6.414, 17.862, 36.767,  5.467,  1.723
 19260,  6.522, 17.858, 35.572,  5.326,  1.713
 19320,  6.415, 17.178, 35.511,  5.351,  1.659
 19380,  6.525, 17.389, 35.213,  5.565,  1.805
 19440,  6.431, 17.546, 34.035,  5.311,  1.713
 19500,  6.735, 18.195, 33.835,  5.651,  1.602
 19560,  6.749, 17.818, 33.891,  5.498,  1.464
 19620,  6.573, 17.825, 35.157,  5.354,  1.542
 19680,  6.498, 17.963, 35.453,  5.352,  1.487
 19740,  6.441, 17.464, 35.435,  5.163,  1.486
 19800,  6.420, 17.347, 33.514,  5.059,  1.502
 19860,  6.524, 17.011, 33.435,  5.193,  1.444
 19920,  6.452, 17.272, 33.155,  5.251,  1.540
 19980,  6.180, 17.066, 33.541,  4.980,  1.401
 20040,  6.351, 17.903, 33.434,  5.223,  1.340
 20100,  6.402, 17.478, 31.946,  4.994,  1.246
 20160,  6.270, 16.833, 32.437,  5.216,  1.383
 20220, -9999.000, -9999.000, -9999.000, -9999.000, -9999.000
