CampaignData_and_Merges/R0/CSL_MobileLab_Parked/raw/20240816/USOS-MetNav_MobileLabGround_20240816_R0.ict
44, 1001
Carrie Womack, Nate Howard, Mike Zucker
NOAA Chemical Sciences Laboratory
Mobile Lab MetNav Station
USOS
1, 1
2024, 08, 16, 2024, 12, 21
60
Time_Start, seconds_past_midnight, Seconds from midnight UTC
11
1, 1, 1, 1, 1, 1, 1, 1, 1, 1, 1
-9999, -9999, -9999, -9999, -9999, -9999, -9999, -9999, -9999, -9999, -9999
GPS_Alt_m, meters, Altitude from Differential GPS
GPS_Course_deg, degrees, Course from Differential GPS
GPS_GndSpd_m_s, m/s, Ground Speed from Differential GPS
GPS_Heading_deg, degrees, Heading from Differential GPS
GPS_Lat_deg, degrees, Latitude from Differential GPS
GPS_Lon_deg, degrees, Longitude from Differential GPS
AirTemp_C, Celsius, Air Temperature from Airmar
RelHumidity_pct, percent, Relative Humidity from Airmar
Pressure_mb, millibars, Pressure from Honeywell
WindDir_calc_deg, degrees, Wind Direction from Airmar corrected for van movement
WindSpd_calc_m_s, m/s, Wind Speed from Airmar corrected for van movement
1
SPECIAL COMMENTS:
18
PI_CONTACT_INFO: Address: 325 Broadway R/CSL7, Boulder, CO, 80305
PLATFORM: CSL Mobile Lab
LOCATION: Salt Lake City, UT
ASSOCIATED_DATA: N/A
INSTRUMENT_INFO: N/A
DATA_INFO: Units:
UNCERTAINTY: N/A
ULOD_FLAG: -7777
ULOD_VALUE: N/A
LLOD_FLAG: -8888
LLOD_VALUE: N/A
DM_CONTACT_INFO: Data Manager: Nate Howard
PROJECT_INFO: 
STIPULATIONS_ON_USE: Use of these data require prior ok from PI.
OTHER_COMMENTS: 
REVISION: R0
R0: Final data. Fixed bug in wind averaging code. RA: Preliminary Data. For in-field use only. 
Time_Start, GPS_Alt_m, GPS_Course_deg, GPS_GndSpd_m_s, GPS_Heading_deg, GPS_Lat_deg, GPS_Lon_deg, AirTemp_C, RelHumidity_pct, Pressure_mb, WindDir_calc_deg, WindSpd_calc_m_s
[from data line 210]
12600.0,1307.6,1.00,0.05,1.00,40.73434,-111.87210,24.9,23.0,874.1,119.12,1.0
12660.0,1307.6,1.27,0.04,1.27,40.73434,-111.87210,24.9,23.0,874.1,117.52,0.9
12720.0,1307.7,1.14,0.05,1.14,40.73434,-111.87210,24.8,22.8,874.1,115.52,0.8
12780.0,1307.7,1.00,0.05,1.00,40.73434,-111.87210,24.8,22.8,874.1,122.67,0.7
12840.0,1307.8,1.10,0.06,1.10,40.73434,-111.87210,24.8,22.7,874.1,115.12,0.6
12900.0,1308.0,1.15,0.06,1.15,40.73434,-111.87210,24.8,22.8,874.1,119.60,0.6
12960.0,1308.2,0.80,0.05,0.80,40.73434,-111.87210,24.7,22.7,874.1,126.64,0.9
13020.0,1308.2,0.58,0.06,0.58,40.73434,-111.87210,24.7,22.7,874.1,122.70,1.0
13080.0,1307.9,0.52,0.06,0.52,40.73434,-111.87210,24.7,23.0,874.1,124.46,0.7
13140.0,1307.6,0.65,0.05,0.65,40.73434,-111.87210,24.7,23.0,874.1,106.93,0.4
13200.0,1306.9,0.43,0.04,0.43,40.73434,-111.87210,24.7,22.8,874.1,140.71,0.4
13260.0,1306.8,0.26,0.05,0.26,40.73434,-111.87210,24.8,23.2,874.1,154.97,0.5
13320.0,1306.9,0.26,0.04,0.26,40.73434,-111.87210,24.9,23.6,874.1,147.01,0.7
13380.0,1306.8,0.15,0.04,0.15,40.73434,-111.87210,25.0,23.9,874.1,130.39,0.7
13440.0,1306.6,359.74,0.05,359.74,40.73434,-111.87210,25.0,24.0,874.1,200.04,0.5
13500.0,1306.6,359.82,0.05,359.82,40.73434,-111.87210,25.0,23.4,874.1,207.17,1.2
13560.0,1306.7,0.08,0.04,0.08,40.73434,-111.87210,25.0,23.4,874.1,130.57,0.8
13620.0,1306.7,0.38,0.04,0.38,40.73434,-111.87210,25.0,23.1,874.1,142.65,0.9
13680.0,1306.7,0.47,0.04,0.47,40.73434,-111.87210,25.1,22.7,874.1,143.35,1.0
13740.0,1306.6,0.66,0.04,0.66,40.73434,-111.87210,25.1,22.0,874.1,132.02,0.7
13800.0,1306.6,0.38,0.04,0.38,40.73434,-111.87210,25.1,22.0,874.2,131.74,0.9
13860.0,1306.6,0.07,0.04,0.07,40.73434,-111.87210,25.1,22.9,874.2,122.37,0.9
13920.0,1306.5,359.83,0.04,359.83,40.73434,-111.87211,25.1,22.4,874.2,130.62,1.0
13980.0,1306.5,359.48,0.04,359.48,40.73434,-111.87211,25.0,22.4,874.2,126.65,1.1
14040.0,1306.6,359.27,0.05,359.27,40.73434,-111.87211,25.0,23.8,874.2,151.64,1.1
14100.0,1306.8,359.35,0.05,359.35,40.73434,-111.87211,25.0,23.8,874.2,150.64,1.2
14160.0,1306.9,359.30,0.05,359.30,40.73434,-111.87211,25.0,25.2,874.2,128.96,1.1
14220.0,1307.1,359.46,0.04,359.46,40.73434,-111.87211,24.9,24.7,874.2,120.59,0.9
14280.0,1307.1,359.30,0.05,359.30,40.73434,-111.87211,24.8,25.1,874.2,124.02,0.8
14340.0,1307.3,358.76,0.05,358.76,40.73434,-111.87210,24.7,26.0,874.2,121.54,1.0
14400.0,1307.5,359.24,0.05,359.24,40.73434,-111.87210,24.6,24.5,874.2,129.41,1.1
14460.0,1307.6,359.01,0.06,359.01,40.73434,-111.87210,24.6,24.2,874.2,117.45,0.7
14520.0,1307.9,359.36,0.05,359.36,40.73434,-111.87211,24.6,23.6,874.2,115.62,0.5
14580.0,1308.3,358.99,0.05,358.99,40.73434,-111.87211,24.5,24.7,874.2,132.93,0.9
14640.0,1308.4,359.10,0.05,359.10,40.73434,-111.87211,24.5,24.7,874.2,133.33,0.9
14700.0,1308.5,0.01,0.05,0.01,40.73434,-111.87211,24.5,25.2,874.2,130.96,1.0
14760.0,1308.7,359.59,0.05,359.59,40.73434,-111.87211,24.4,24.7,874.2,117.85,0.8
14820.0,1308.7,359.44,0.04,359.44,40.73434,-111.87211,24.3,25.4,874.2,114.12,0.8
14880.0,1308.5,359.51,0.04,359.51,40.73434,-111.87211,24.2,24.8,874.2,69.88,0.4
14940.0,1308.2,359.56,0.05,359.56,40.73434,-111.87211,24.1,24.2,874.2,78.27,0.4
15000.0,1308.0,0.46,0.05,0.46,40.73434,-111.87211,24.1,24.6,874.2,129.99,0.8
15060.0,1308.0,0.25,0.05,0.25,40.73434,-111.87211,24.0,25.1,874.2,119.16,0.6
15120.0,1308.1,0.37,0.05,0.37,40.73434,-111.87211,24.0,24.7,874.2,115.32,0.7
15180.0,1308.3,0.78,0.05,0.78,40.73434,-111.87211,23.8,25.8,874.2,119.05,0.9
15240.0,1308.3,1.34,0.06,1.34,40.73434,-111.87211,23.8,25.1,874.2,105.35,0.6
15300.0,1308.3,1.50,0.05,1.50,40.73434,-111.87211,23.7,25.2,874.2,115.73,0.8
15360.0,1308.5,1.71,0.04,1.71,40.73434,-111.87211,23.7,25.2,874.2,106.23,0.6
15420.0,1308.7,1.36,0.05,1.36,40.73434,-111.87210,23.6,24.8,874.2,109.40,0.6
15480.0,1308.6,1.33,0.05,1.33,40.73434,-111.87210,23.6,25.0,874.1,124.50,0.8
15540.0,1308.9,0.90,0.05,0.90,40.73434,-111.87210,23.5,24.8,874.1,115.49,0.5
15600.0,1308.9,0.74,0.05,0.74,40.73434,-111.87210,23.5,24.2,874.1,96.47,0.5
15660.0,1308.6,1.29,0.05,1.29,40.73434,-111.87210,23.4,24.4,874.1,110.70,0.5
15720.0,1308.7,1.25,0.05,1.25,40.73434,-111.87210,23.3,25.7,874.1,120.10,0.9
15780.0,1308.7,1.00,0.05,1.00,40.73434,-111.87210,23.2,25.1,874.1,102.62,0.6
15840.0,1308.7,1.61,0.05,1.61,40.73434,-111.87210,23.1,25.2,874.1,100.47,0.6
15900.0,1308.9,1.43,0.05,1.43,40.73434,-111.87210,23.1,24.8,874.1,115.78,0.7
15960.0,1308.9,0.63,0.05,0.63,40.73434,-111.87210,23.0,25.0,874.1,121.07,0.9
16020.0,1308.8,0.51,0.05,0.51,40.73434,-111.87210,23.0,24.7,874.1,118.36,0.8
16080.0,1308.7,0.37,0.05,0.37,40.73434,-111.87210,22.9,26.7,874.1,120.61,1.0
16140.0,1308.6,0.97,0.04,0.97,40.73434,-111.87210,22.9,25.5,874.1,127.23,1.0
16200.0,1308.6,1.51,0.05,1.51,40.73434,-111.87210,22.9,25.3,874.1,127.72,1.1
16260.0,1308.3,1.84,0.04,1.84,40.73434,-111.87210,22.9,25.2,874.1,125.07,1.1
16320.0,1308.2,1.40,0.04,1.40,40.73434,-111.87210,22.8,25.2,874.1,121.87,1.0
16380.0,1308.2,1.61,0.04,1.61,40.73434,-111.87210,22.8,26.4,874.1,122.68,1.0
16440.0,1308.2,1.08,0.05,1.08,40.73434,-111.87210,22.8,25.8,874.1,115.98,1.0
16500.0,1308.3,0.81,0.05,0.81,40.73434,-111.87210,22.8,25.3,874.1,120.10,0.9
16560.0,1308.3,1.18,0.05,1.18,40.73434,-111.87210,22.8,26.1,874.1,126.01,1.2
16620.0,1308.3,1.62,0.04,1.62,40.73434,-111.87210,22.8,25.9,874.1,131.43,1.4
16680.0,1308.2,1.80,0.04,1.80,40.73434,-111.87210,22.8,27.3,874.1,124.65,1.0
16740.0,1308.2,1.87,0.04,1.87,40.73434,-111.87210,22.7,26.3,874.1,119.50,0.8
16800.0,1308.1,1.88,0.04,1.88,40.73434,-111.87210,22.7,25.6,874.1,118.14,0.7
16860.0,1308.1,1.33,0.04,1.33,40.73434,-111.87210,22.8,24.8,874.1,115.70,0.6
16920.0,1308.2,1.38,0.04,1.38,40.73434,-111.87210,22.7,25.4,874.1,123.40,0.8
16980.0,1308.1,1.20,0.04,1.20,40.73434,-111.87210,22.7,25.9,874.1,129.54,1.1
17040.0,1307.8,1.17,0.04,1.17,40.73434,-111.87210,22.7,25.5,874.1,128.91,1.0
17100.0,1307.9,1.39,0.03,1.39,40.73434,-111.87210,22.7,26.5,874.1,125.11,1.0
17160.0,1307.8,0.86,0.04,0.86,40.73434,-111.87210,22.7,26.0,874.1,119.58,0.9
17220.0,1307.7,1.05,0.04,1.05,40.73434,-111.87210,22.7,26.3,874.1,118.13,0.8
17280.0,1307.6,1.00,0.04,1.00,40.73434,-111.87210,22.6,26.5,874.1,122.08,0.8
17340.0,1307.6,1.01,0.04,1.01,40.73434,-111.87210,22.6,26.9,874.1,128.77,1.1
17400.0,1307.5,1.04,0.04,1.04,40.73434,-111.87210,22.6,26.4,874.1,123.58,1.0
17460.0,1307.5,1.08,0.04,1.08,40.73434,-111.87210,22.5,27.3,874.1,128.94,0.9
17520.0,1307.6,1.33,0.04,1.33,40.73434,-111.87210,22.5,27.2,874.1,125.03,1.1
17580.0,1307.5,0.84,0.05,0.84,40.73434,-111.87210,22.5,26.1,874.1,128.59,1.0
17640.0,1307.5,0.90,0.04,0.90,40.73434,-111.87210,22.5,25.6,874.1,129.33,0.9
17700.0,1307.4,1.13,0.05,1.13,40.73434,-111.87210,22.5,25.9,874.1,110.38,0.6
17760.0,1307.1,1.58,0.05,1.58,40.73434,-111.87210,22.5,26.5,874.1,125.84,0.9
17820.0,1307.1,1.71,0.05,1.71,40.73434,-111.87210,22.4,26.9,874.1,128.63,1.0
17880.0,1307.1,2.15,0.04,2.15,40.73434,-111.87210,22.4,26.6,874.1,134.19,1.1
17940.0,1307.2,2.08,0.04,2.08,40.73434,-111.87210,22.4,27.7,874.1,138.74,1.3
18000.0,1307.2,1.75,0.05,1.75,40.73434,-111.87210,22.3,27.9,874.1,131.47,1.4
18060.0,1307.3,1.75,0.04,1.75,40.73434,-111.87210,22.2,29.0,874.1,127.82,1.3
18120.0,1307.4,1.30,0.05,1.30,40.73434,-111.87210,22.2,29.1,874.1,128.34,1.2
18180.0,1307.4,1.27,0.05,1.27,40.73434,-111.87210,22.1,28.7,874.1,130.52,1.2
18240.0,1307.5,1.10,0.05,1.10,40.73434,-111.87210,22.0,29.3,874.1,127.32,1.5
18300.0,1307.5,1.41,0.05,1.41,40.73434,-111.87210,22.0,27.8,874.1,128.91,1.4
18360.0,1307.5,1.45,0.05,1.45,40.73434,-111.87210,22.0,28.4,874.1,126.21,1.7
18420.0,1307.6,1.26,0.05,1.26,40.73434,-111.87210,22.0,29.4,874.1,126.49,1.2
18480.0,1307.6,1.20,0.05,1.20,40.73434,-111.87210,21.9,28.5,874.1,128.68,1.5
18540.0,1307.6,1.00,0.05,1.00,40.73434,-111.87210,21.8,28.8,874.1,127.81,1.4
18600.0,1307.6,0.94,0.04,0.94,40.73434,-111.87210,21.8,29.5,874.1,126.44,1.6
18660.0,1307.3,1.25,0.05,1.25,40.73434,-111.87210,21.7,28.0,874.1,129.00,2.3
18720.0,1307.5,1.09,0.06,1.09,40.73434,-111.87210,21.7,27.6,874.1,127.63,1.6
18780.0,1307.8,1.06,0.05,1.06,40.73434,-111.87210,21.7,29.2,874.1,120.74,0.9
18840.0,1307.9,0.81,0.05,0.81,40.73434,-111.87210,21.7,27.8,874.1,116.85,0.9
18900.0,1307.8,0.66,0.05,0.66,40.73434,-111.87210,21.6,28.3,874.1,121.49,1.4
18960.0,1307.7,0.99,0.05,0.99,40.73434,-111.87210,21.6,28.2,874.1,116.31,1.0
19020.0,1307.7,0.55,0.04,0.55,40.73434,-111.87210,21.6,27.1,874.1,122.61,1.3
19080.0,1307.9,0.48,0.05,0.48,40.73434,-111.87210,21.6,28.1,874.1,114.50,1.0
19140.0,1308.2,359.74,0.04,359.74,40.73434,-111.87210,21.6,27.6,874.1,119.33,1.4
19200.0,1308.2,359.82,0.04,359.82,40.73434,-111.87210,21.6,28.8,874.1,126.86,1.4
19260.0,1308.2,0.45,0.04,0.45,40.73434,-111.87210,21.6,28.7,874.1,143.13,1.6
19320.0,1308.3,0.69,0.05,0.69,40.73434,-111.87210,21.5,28.6,874.1,134.96,1.6
19380.0,1308.4,0.28,0.04,0.28,40.73434,-111.87210,21.5,28.5,874.1,118.10,1.4
19440.0,1308.2,1.56,0.04,1.56,40.73434,-111.87210,21.5,27.9,874.1,129.31,1.6
19500.0,1308.3,1.06,0.04,1.06,40.73434,-111.87210,21.5,28.0,874.1,136.94,1.5
19560.0,1308.3,1.44,0.04,1.44,40.73434,-111.87210,21.4,29.0,874.1,126.62,1.1
19620.0,1308.5,1.35,0.05,1.35,40.73434,-111.87210,21.4,27.7,874.1,129.43,1.1
19680.0,1308.8,1.51,0.05,1.51,40.73434,-111.87210,21.4,27.1,874.1,124.64,1.3
19740.0,1308.8,0.88,0.05,0.88,40.73434,-111.87210,21.4,27.5,874.1,126.61,1.8
19800.0,1308.8,1.39,0.04,1.39,40.73434,-111.87210,21.4,26.8,874.1,121.99,1.4
19860.0,1308.8,1.41,0.05,1.41,40.73434,-111.87210,21.4,27.9,874.1,132.40,1.3
19920.0,1308.9,1.55,0.04,1.55,40.73434,-111.87210,21.4,29.4,874.1,133.39,1.4
19980.0,1309.1,1.43,0.04,1.43,40.73434,-111.87210,21.4,27.8,874.1,145.69,1.4
20040.0,1309.3,1.33,0.04,1.33,40.73434,-111.87210,21.4,26.7,874.0,139.89,1.3
20100.0,1309.5,1.39,0.04,1.39,40.73433,-111.87210,21.4,28.2,874.0,124.46,0.9
20160.0,1309.9,1.18,0.04,1.18,40.73433,-111.87210,21.5,26.8,874.1,153.20,1.3
20220.0,1309.8,0.80,0.04,0.80,40.73433,-111.87210,21.4,28.3,874.0,120.10,0.9
20280.0,1309.7,0.70,0.05,0.70,40.73433,-111.87210,21.4,28.4,874.0,135.23,1.1
20340.0,1309.6,1.19,0.04,1.19,40.73433,-111.87210,21.4,28.0,874.0,127.89,1.1
20400.0,1309.7,1.05,0.05,1.05,40.73433,-111.87210,21.3,28.3,874.0,123.98,0.9
20460.0,1309.8,1.28,0.05,1.28,40.73433,-111.87210,21.4,27.5,874.0,112.22,0.6
20520.0,1309.6,1.05,0.04,1.05,40.73433,-111.87210,21.3,29.0,874.0,149.66,2.1
20580.0,1309.6,0.80,0.04,0.80,40.73433,-111.87210,21.3,29.7,874.0,139.52,1.6
20640.0,1309.6,0.82,0.05,0.82,40.73433,-111.87210,21.2,30.1,874.0,115.88,1.2
20700.0,1309.6,0.33,0.05,0.33,40.73433,-111.87210,21.2,29.0,874.0,89.37,0.6
20760.0,1309.7,0.12,0.05,0.12,40.73433,-111.87210,21.2,27.2,874.0,123.59,1.0
20820.0,1309.9,359.99,0.05,359.99,40.73433,-111.87210,21.1,28.6,874.0,142.95,1.8
20880.0,1309.8,0.66,0.04,0.66,40.73433,-111.87210,21.1,28.8,874.0,149.78,2.3
20940.0,1309.8,1.30,0.05,1.30,40.73433,-111.87210,21.1,29.7,874.0,130.18,1.4
21000.0,1309.9,1.35,0.05,1.35,40.73433,-111.87210,21.0,29.8,874.0,118.18,1.5
21060.0,1310.1,1.10,0.05,1.10,40.73433,-111.87210,20.9,28.5,874.0,125.83,2.2
21120.0,1310.1,0.84,0.05,0.84,40.73433,-111.87210,21.0,28.4,874.0,121.26,1.5
21180.0,1310.1,0.80,0.05,0.80,40.73433,-111.87210,20.9,28.1,874.0,133.14,1.5
21240.0,1310.1,0.62,0.05,0.62,40.73433,-111.87210,20.9,27.8,874.0,107.44,1.0
21300.0,1309.9,0.71,0.05,0.71,40.73433,-111.87210,20.9,27.7,874.0,130.98,1.5
21360.0,1309.9,0.83,0.05,0.83,40.73433,-111.87210,21.0,27.7,874.0,152.14,1.3
21420.0,1309.8,0.76,0.06,0.76,40.73433,-111.87210,21.0,27.5,874.0,144.13,1.6
21480.0,1309.8,0.57,0.05,0.57,40.73433,-111.87210,21.0,27.9,873.9,126.28,1.8
21540.0,1309.7,0.11,0.06,0.11,40.73433,-111.87210,21.0,28.1,873.9,128.55,1.2
21600.0,1309.7,0.20,0.06,0.20,40.73433,-111.87210,21.0,27.9,874.0,139.24,1.3
21660.0,1309.6,359.74,0.05,359.74,40.73433,-111.87210,21.0,28.6,874.0,141.44,1.5
21720.0,1309.5,0.05,0.06,0.05,40.73433,-111.87210,20.9,29.5,873.9,118.09,1.3
21780.0,1309.4,0.31,0.05,0.31,40.73433,-111.87210,21.0,28.7,873.9,112.62,1.2
21840.0,1309.2,0.73,0.06,0.73,40.73433,-111.87210,20.9,27.9,873.8,108.69,1.2
21900.0,1309.2,1.26,0.05,1.26,40.73434,-111.87210,21.0,27.1,873.9,116.54,1.1
21960.0,1309.2,1.31,0.05,1.31,40.73434,-111.87210,21.0,26.9,873.9,135.00,1.4
22020.0,1309.3,1.09,0.05,1.09,40.73434,-111.87210,21.0,28.3,873.9,148.10,1.8
22080.0,1309.0,1.10,0.05,1.10,40.73433,-111.87210,21.0,27.9,873.8,129.05,0.6
22140.0,1308.8,1.16,0.05,1.16,40.73433,-111.87210,21.1,27.7,873.8,124.19,1.1
22200.0,1309.0,1.21,0.05,1.21,40.73434,-111.87210,21.1,27.0,873.8,143.53,1.0
22260.0,1309.0,1.14,0.05,1.14,40.73434,-111.87210,21.1,27.9,873.8,125.07,0.9
22320.0,1309.0,0.93,0.05,0.93,40.73434,-111.87210,21.1,27.4,873.8,133.27,0.9
22380.0,1308.7,0.79,0.04,0.79,40.73434,-111.87210,21.1,27.6,873.8,80.00,0.4
22440.0,1308.6,1.15,0.05,1.15,40.73434,-111.87210,21.1,27.4,873.8,124.92,0.5
22500.0,1308.8,0.83,0.04,0.83,40.73434,-111.87210,21.2,27.6,873.8,99.01,0.4
22560.0,1308.8,0.76,0.06,0.76,40.73434,-111.87210,21.1,27.5,873.8,75.95,0.5
22620.0,1308.7,0.93,0.05,0.93,40.73434,-111.87210,21.1,27.7,873.8,89.36,0.5
22680.0,1308.6,0.39,0.04,0.39,40.73434,-111.87210,21.0,27.5,873.8,83.42,0.5
22740.0,1308.7,0.35,0.05,0.35,40.73434,-111.87210,21.0,27.7,873.9,137.28,0.8
22800.0,1308.5,1.07,0.05,1.07,40.73434,-111.87210,20.9,30.1,873.9,100.14,0.6
22860.0,1307.9,1.27,0.05,1.27,40.73434,-111.87210,20.9,27.3,873.8,89.22,0.4
22920.0,1308.0,1.16,0.05,1.16,40.73434,-111.87210,20.9,27.4,873.8,101.38,0.4
22980.0,1308.5,0.92,0.05,0.92,40.73434,-111.87210,20.8,28.1,873.8,121.84,0.8
23040.0,1308.7,0.94,0.05,0.94,40.73434,-111.87210,20.8,28.0,873.8,109.23,0.7
23100.0,1308.6,1.20,0.05,1.20,40.73434,-111.87210,20.8,28.1,873.8,109.39,0.7
23160.0,1308.8,1.10,0.04,1.10,40.73434,-111.87210,20.7,28.9,873.8,117.42,0.7
23220.0,1308.9,0.94,0.05,0.94,40.73434,-111.87210,20.6,28.9,873.8,120.39,1.3
23280.0,1308.9,0.82,0.05,0.82,40.73434,-111.87210,20.5,29.3,873.8,117.74,1.1
23340.0,1308.8,0.87,0.05,0.87,40.73434,-111.87210,20.5,28.8,873.8,114.69,0.7
23400.0,1308.9,0.84,0.05,0.84,40.73434,-111.87210,20.5,28.6,873.8,121.94,0.5
23460.0,1308.9,0.47,0.05,0.47,40.73434,-111.87210,20.5,28.9,873.8,123.08,0.7
23520.0,1308.8,0.64,0.05,0.64,40.73434,-111.87210,20.4,28.5,873.9,89.92,0.4
23580.0,1308.8,359.89,0.05,359.89,40.73434,-111.87210,20.4,28.8,873.9,97.34,0.3
23640.0,1308.7,359.60,0.05,359.60,40.73434,-111.87210,20.4,28.7,873.9,143.70,0.1
23700.0,1308.6,0.38,0.04,0.38,40.73434,-111.87210,20.4,29.2,874.0,295.64,0.5
23760.0,1308.6,0.80,0.05,0.80,40.73434,-111.87210,20.4,29.6,874.1,294.16,0.3
23820.0,1308.5,0.83,0.05,0.83,40.73434,-111.87210,20.4,29.7,874.1,283.15,0.3
23880.0,1308.5,1.22,0.06,1.22,40.73434,-111.87210,20.5,29.8,874.2,216.02,0.1
23940.0,1308.4,1.22,0.05,1.22,40.73434,-111.87210,20.5,29.4,874.2,128.56,0.3
24000.0,1308.5,1.66,0.05,1.66,40.73434,-111.87210,20.5,29.4,874.2,98.89,0.2
24060.0,1308.6,1.37,0.05,1.37,40.73434,-111.87210,20.5,28.8,874.2,11.23,0.4
24120.0,1308.5,1.44,0.05,1.44,40.73434,-111.87210,20.4,29.2,874.1,72.66,0.5
24180.0,1308.5,1.28,0.05,1.28,40.73434,-111.87210,20.4,29.6,874.1,123.71,1.7
24240.0,1308.5,1.26,0.06,1.26,40.73434,-111.87210,20.4,29.1,874.2,122.59,1.0
24300.0,1308.6,1.25,0.05,1.25,40.73434,-111.87210,20.4,29.6,874.1,29.53,0.5
24360.0,1308.7,1.14,0.05,1.14,40.73434,-111.87210,20.4,29.5,874.1,106.15,1.2
24420.0,1308.6,1.05,0.05,1.05,40.73434,-111.87210,20.4,30.0,874.2,112.01,2.3
24480.0,1308.9,0.81,0.06,0.81,40.73434,-111.87209,20.3,30.5,874.2,119.33,2.1
24540.0,1309.1,0.80,0.06,0.80,40.73434,-111.87210,20.3,30.5,874.1,121.60,2.6
24600.0,1308.9,1.09,0.05,1.09,40.73434,-111.87210,20.4,30.0,874.3,137.48,0.8
24660.0,1308.9,0.98,0.06,0.98,40.73434,-111.87210,20.4,30.6,874.3,46.71,0.3
24720.0,1308.9,0.85,0.05,0.85,40.73434,-111.87209,20.5,29.7,874.3,121.12,0.1
24780.0,1309.0,0.44,0.06,0.44,40.73434,-111.87209,20.5,29.5,874.3,123.26,1.6
24840.0,1309.1,0.16,0.04,0.16,40.73434,-111.87210,20.6,30.8,874.4,146.05,2.5
24900.0,1309.1,0.26,0.05,0.26,40.73434,-111.87210,20.7,29.2,874.3,121.90,1.1
