CampaignData_and_Merges/R0/CSL_MobileLab_Parked/raw/20240816/USOS-NOAAIodideCIMS-HCOOH_MobileLabGround_20240816_RA.ict
33, 1001
Michael A Robinson, Chris Jernigan, Subi Thakali
NOAA ESRL Chemical Sciences Laboratory and CIRES, U. of Colorado
NOAA Iodide CIMS Instrument
USOS
1, 1
2024, 08, 16, 2024, 08, 18
1
starttime_UTC, seconds_past_midnight, seconds_of_day_since_00:00:00_UTC
1
1
-9999
HCOOH_NOAACIMS, pptv, Gas_HCOOH_InSitu_S_AVMR, 
0
18
PI_CONTACT_INFO: 325 Broadway, R/CSD 7, Boulder, Colorado 80305; michael.a.robinson@noaa.gov; chris.jernigan@noaa.gov;
PLATFORM: NOAA CSL Mobile Lab
LOCATION: SLC, Utah
ASSOCIATED_DATA: 1Hz data also available on request.
INSTRUMENT_INFO: NOAA I- ToF CIMS
DATA_INFO: All data in parts per trillion by volume (pptv). 1 Hz data is available upon request.
UNCERTAINTY: TBD
ULOD_FLAG: -7777
ULOD_VALUE: N/A
LLOD_FLAG: -8888
LLOD_VALUE: N/A
DM_CONTACT_INFO: Nathan Howard; nathan.h.howard@noaa.gov
PROJECT_INFO: USOS, summer 2024. https://csl.noaa.gov/groups/csl7/measurements/2024usos/
STIPULATIONS_ON_USE: Users are strongly encouraged to contact the PI for proper data usage.
OTHER_COMMENTS: 
REVISION: RA
RA: Preliminary Data; For in-field use only
starttime_UTC, HCOOH_NOAACIMS
[from data line 966]
 57960, 840.564
 58020, 815.573
 58080, 820.709
 58140, 859.179
 58200, 836.186
 58260, 824.337
 58320, 818.833
 58380, -9999.000
 58440, 797.916
 58500, 802.606
 58560, 810.957
 58620, 825.574
 58680, 787.415
 58740, 778.678
 58800, 604.305
 58860, 576.356
 58920, 558.430
 58980, 544.272
 59040, 504.933
 59100, 497.146
 59160, -9999.000
 59220, -9999.000
 59280, -9999.000
 59340, -9999.000
 59400, -9999.000
 59460, -9999.000
 59520, -9999.000
 59580, -9999.000
 59640, -9999.000
 59700, -9999.000
 59760, -9999.000
 59820, -9999.000
 59880, -9999.000
 59940, -9999.000
 60000, -9999.000
 60060, -9999.000
 60120, -9999.000
 60180, -9999.000
 60240, -9999.000
 60300, -9999.000
 60360, -9999.000
 60420, -9999.000
 60480, -9999.000
 60540, -9999.000
 60600, -9999.000
 60660, -9999.000
 60720, -9999.000
 60780, -9999.000
 60840, -9999.000
 60900, -9999.000
 60960, -9999.000
 61020, -9999.000
 61080, -9999.000
 61140, -9999.000
 61200, -9999.000
 61260, 557.312
 61320, 554.723
 61380, 482.859
 61440, -9999.000
 61500, 508.737
 61560, 524.697
 61620, 517.612
 61680, 487.635
 61740, 503.370
 61800, 486.436
 61860, 525.707
 61920, 517.207
 61980, 532.754
 62040, 554.946
 62100, 520.238
 62160, 507.711
 62220, 506.216
 62280, 509.119
 62340, 522.768
 62400, 509.347
 62460, 502.963
 62520, 506.660
 62580, 530.624
 62640, 556.606
 62700, 564.536
 62760, 546.473
 62820, 536.834
 62880, 540.062
 62940, 562.398
 63000, 565.577
 63060, 563.155
 63120, 570.811
 63180, 589.035
 63240, 607.938
 63300, -9999.000
 63360, 593.816
 63420, 614.303
 63480, 606.163
 63540, 579.619
 63600, 597.681
 63660, 591.638
 63720, 586.060
 63780, 595.977
 63840, 601.805
 63900, 600.838
 63960, 596.690
 64020, 595.211
 64080, 634.692
 64140, 672.562
 64200, 656.736
 64260, 629.163
 64320, 667.195
 64380, 623.284
 64440, 613.814
 64500, 637.982
 64560, 635.549
 64620, 637.597
 64680, 620.274
 64740, 617.618
 64800, 621.659
 64860, 614.045
 64920, 650.585
 64980, 720.238
 65040, 709.723
 65100, 662.061
 65160, -9999.000
 65220, 625.592
 65280, 602.872
 65340, 581.545
 65400, 587.107
 65460, 607.679
 65520, 628.669
 65580, 637.134
 65640, 650.905
 65700, 603.396
 65760, 642.485
 65820, 612.710
 65880, 612.330
 65940, 628.772
 66000, 633.512
 66060, 617.170
 66120, 622.726
 66180, 579.383
 66240, 608.563
 66300, 597.187
 66360, 605.592
 66420, 577.111
 66480, 587.472
 66540, 561.750
 66600, 567.712
 66660, 585.953
 66720, 564.647
 66780, 582.055
 66840, 563.797
 66900, 590.145
 66960, 593.051
 67020, 543.567
 67080, 565.716
 67140, 588.210
 67200, 562.829
 67260, 555.540
 67320, 560.988
 67380, 554.686
 67440, 548.945
 67500, 536.497
 67560, 529.873
 67620, 521.527
 67680, 544.226
 67740, 521.213
 67800, 514.593
 67860, 497.559
 67920, 517.958
 67980, 531.351
 68040, 483.967
 68100, 482.352
 68160, 496.302
 68220, 548.185
 68280, 547.801
 68340, 549.344
 68400, 645.178
 68460, 646.413
 68520, 633.526
 68580, 787.161
 68640, 732.717
 68700, 660.929
 68760, 686.343
 68820, -9999.000
 68880, 834.550
 68940, 639.657
 69000, 711.334
 69060, 754.136
 69120, 758.650
 69180, 815.909
 69240, 799.843
 69300, 946.753
 69360, 761.462
 69420, 814.273
 69480, 786.213
 69540, 792.491
 69600, 710.378
 69660, 759.092
 69720, 753.998
 69780, 795.068
 69840, 763.662
 69900, 773.621
 69960, 735.398
 70020, 764.849
 70080, 762.103
 70140, 777.673
 70200, 755.215
 70260, 798.476
 70320, 806.856
 70380, 756.444
 70440, 706.619
 70500, 746.641
 70560, 714.968
 70620, 720.347
 70680, -9999.000
 70740, 702.901
 70800, 745.618
 70860, 716.186
 70920, 771.234
 70980, 816.563
 71040, 855.008
 71100, 800.775
 71160, 801.292
 71220, 860.974
 71280, 592.356
 71340, 773.579
 71400, 796.630
 71460, 844.876
 71520, 902.047
 71580, 883.460
 71640, 784.153
 71700, 800.954
 71760, 873.421
 71820, 560.995
 71880, 757.917
 71940, 854.226
 72000, 898.233
 72060, 976.442
 72120, 978.365
 72180, 760.692
 72240, 862.822
 72300, 961.940
 72360, 950.297
 72420, 913.823
 72480, 959.728
 72540, -9999.000
 72600, 1013.100
 72660, 846.204
 72720, 918.814
 72780, 998.352
 72840, 945.745
 72900, 939.474
 72960, 981.497
 73020, 1088.793
 73080, 945.866
 73140, 924.143
 73200, 935.406
 73260, 954.687
 73320, 958.202
 73380, 890.857
 73440, 912.771
 73500, 917.482
 73560, 893.611
 73620, 883.077
 73680, 936.148
 73740, 914.665
 73800, 880.752
 73860, 889.671
 73920, 942.983
 73980, 897.502
 74040, 936.367
 74100, 1070.496
 74160, 1034.087
 74220, 1033.664
 74280, 1019.616
 74340, 1039.858
 74400, 863.340
 74460, 921.647
 74520, 945.122
 74580, 986.722
 74640, 834.654
 74700, 1056.947
 74760, 980.475
 74820, 972.713
 74880, 1038.406
 74940, 968.975
 75000, 799.982
 75060, 1014.717
 75120, 941.728
 75180, 912.650
 75240, 1041.043
 75300, 961.040
 75360, 1001.217
 75420, 999.474
 75480, 970.132
 75540, 751.760
 75600, 846.217
 75660, 934.553
 75720, 964.053
 75780, 1032.590
 75840, 1095.823
 75900, 989.200
 75960, 1011.977
 76020, 970.226
 76080, 975.146
 76140, 925.929
 76200, 1003.088
 76260, 1001.234
 76320, 929.128
 76380, 974.587
 76440, 963.455
 76500, 966.238
 76560, 973.722
 76620, 910.434
 76680, 954.324
 76740, 977.204
 76800, 975.781
 76860, 889.689
 76920, 912.423
 76980, 931.323
 77040, 848.797
 77100, 998.903
 77160, 953.499
 77220, 936.045
 77280, 1018.124
 77340, 903.506
 77400, 925.885
 77460, 923.253
 77520, 851.712
 77580, 830.073
 77640, 873.975
 77700, 833.282
 77760, 933.820
 77820, 777.635
 77880, 851.825
 77940, 836.256
 78000, 907.223
 78060, 793.866
 78120, 896.142
 78180, 865.741
 78240, 841.936
 78300, 852.117
 78360, 894.369
 78420, 871.543
 78480, 832.020
 78540, 901.091
 78600, 953.438
 78660, 909.366
 78720, 957.744
 78780, 747.309
 78840, 896.934
 78900, 878.137
 78960, 787.635
 79020, 1001.253
 79080, 872.788
 79140, 991.171
 79200, 889.656
 79260, 811.722
 79320, 715.889
 79380, 753.644
 79440, 771.170
 79500, 861.843
 79560, 908.091
 79620, 865.324
 79680, 793.598
 79740, 652.910
 79800, 815.143
 79860, 791.596
 79920, -9999.000
 79980, 776.863
 80040, 703.243
 80100, 839.014
 80160, 834.106
 80220, 831.521
 80280, 801.024
 80340, 919.071
 80400, 870.231
 80460, 831.702
 80520, 806.747
 80580, 652.539
 80640, 757.046
 80700, 867.356
 80760, 862.462
 80820, 844.043
 80880, 708.953
 80940, 807.652
 81000, 748.992
 81060, 820.905
 81120, 918.463
 81180, 951.559
 81240, 745.514
 81300, 776.058
 81360, 838.484
 81420, 776.313
 81480, 783.592
 81540, 823.816
 81600, 809.603
 81660, 804.207
 81720, 691.268
 81780, 854.696
 81840, 825.446
 81900, 783.255
 81960, 794.339
 82020, 763.693
 82080, 849.813
 82140, 909.359
 82200, 867.730
 82260, 795.156
 82320, 760.155
 82380, 762.429
 82440, 834.122
 82500, 744.850
 82560, 854.509
 82620, 790.952
 82680, 805.003
 82740, 734.206
 82800, 698.165
 82860, 772.440
 82920, 794.355
 82980, 942.041
 83040, 636.053
 83100, 665.816
 83160, 712.354
 83220, 686.635
 83280, 660.304
 83340, 643.197
 83400, 589.563
 83460, 717.463
 83520, 681.408
 83580, 573.985
 83640, 716.244
 83700, 684.325
 83760, 678.048
 83820, 710.984
 83880, 643.127
 83940, 632.635
 84000, 473.148
 84060, 471.634
 84120, 775.123
 84180, 581.604
 84240, -9999.000
 84300, -9999.000
 84360, 593.863
 84420, 550.726
 84480, 591.015
 84540, 896.468
 84600, 621.185
 84660, 621.047
 84720, 609.378
 84780, 692.509
 84840, 648.378
 84900, 538.634
 84960, 598.043
 85020, 665.381
 85080, 528.662
 85140, 534.838
 85200, 635.497
 85260, 631.204
 85320, 703.596
 85380, 575.028
 85440, 635.052
 85500, 735.971
 85560, 658.760
 85620, 654.246
 85680, 623.084
 85740, 635.404
 85800, 583.319
 85860, 643.703
 85920, 623.159
 85980, 575.896
 86040, 629.255
 86100, 517.636
 86160, 575.104
 86220, 616.689
 86280, 661.476
 86340, 531.386
