CampaignData_and_Merges/R0/CSL_MobileLab_Parked/raw/20240816/USOS-Picarro-CO2-CH4-CO-H2O_MobileLabGround_20240816_R0.ict
38, 1001
Ilana Pollack, Nell Schafer, and Jeff Peischl
NOAA Chemical Sciences Laboratory
Picarro 2401-m CO2/CH4/CO/H2O Analyzer
USOS
1, 1
2024, 08, 16, 2024, 11, 20
0
StartTime_UTC, seconds_past_midnight, seconds past midnight
5
1, 1, 1, 1, 1
-9999, -9999, -9999, -9999, -9999
StopTime_UTC, seconds_past_midnight, seconds past midnight
CO2_ppm_1min, ppm, Gas_CO2_InSitu_S_DMF, carbon dioxide mixing ratio
CH4_ppb_1min, ppb, Gas_CH4_InSitu_S_DMF, methane mixing ratio
CO_ppb_1min, ppb, Gas_CO_InSitu_S_DMF, carbon monoxide mixing ratio
H2O_ppmv_1min, ppmv, Met_H2OMRV_InSitu_S_AVMR, water vapor mixing ratio
1
SPECIAL COMMENTS: N/A
18
PI_CONTACT_INFO: Address: NOAA Chemical Sciences Laboratory, Mail Stop CSL7, 325 Broadway, Boulder, CO 80305; Email: Ilana.Pollack@noaa.gov
PLATFORM: NOAA CSL Mobile Laboratory
LOCATION: The mobile lab was stationed in Salt Lake City, Utah.
ASSOCIATED_DATA: N/A
INSTRUMENT_INFO: CO2, CH4, and CO are reported as dry air mole fractions using a commercial wavelength-scanned cavity ring-down analyzer (Picarro 2401-m). An in-field calibration gas standard of 432±0.07 ppm CO2, 2095±1 ppb CH4, and 183±1 ppb CO, calibrated in the Boulder laboratories before and after the field project using primary CO2, CH4, and CO standard tanks tied to the WMO standard (X2019, X2004A, and X2014A, respectively) from the Global Monitoring Laboratory (GML), was delivered to the inlet every 2-3 days to evaluate instrument sensitivity. A H2O measurement was calibrated before the project with a Dew Point Mirror 373 hygrometer. The water correction calculated from these calibrations was applied to the H2O measurement for the entire campaign. Species are measured at 0.5 Hz and reported as 1-minute averages for stationary measurements.
DATA_INFO: Units: CO2, ppm, dry air mole fraction; CH4, ppb, dry air mole fraction; CO, ppb, dry air mole fraction; H2O, ppmv
UNCERTAINTY: Total uncertainties are estimated as ±0.1 ppm for CO2, ±1 ppb for CH4, ±5 ppb for CO, and ±(50 ppm + 4%) for H2O.
ULOD_FLAG: -7777
ULOD_VALUE: N/A
LLOD_FLAG: -8888
LLOD_VALUE: N/A
DM_CONTACT_INFO: Data Manager: Nathan Howard; nathan.h.howard@noaa.gov
PROJECT_INFO: USOS Dates of Study: July – August 2024
STIPULATIONS_ON_USE: Use of these data require prior ok from PI.
OTHER_COMMENTS: Data are averaged to 1 minute intervals. Stationary data collected from a 10 ft tower on top of the mobile van.
REVISION: R0
R0: Final Data
StartTime_UTC, StopTime_UTC, CO2_ppm_1min, CH4_ppb_1min, CO_ppb_1min, H2O_ppmv_1min
[from data line 765]
45900,45960,469.83,2036.3,222.1,12419.9561
45960,46020,460.77,2023.0,170.8,12259.4502
46020,46080,464.90,2025.1,172.6,12353.7363
46080,46140,465.35,2026.1,210.8,12296.1309
46140,46200,460.84,2024.6,195.4,12195.2559
46200,46260,469.68,2026.4,223.0,12267.3154
46260,46320,470.28,2033.9,253.2,12295.3047
46320,46380,464.19,2026.9,388.2,12073.5479
46380,46440,466.60,2030.8,263.5,12255.6885
46440,46500,468.02,2024.1,293.1,12134.6104
46500,46560,469.18,2023.8,269.8,12054.2520
46560,46620,467.82,2021.0,261.0,12044.9512
46620,46680,466.91,2017.0,261.1,11998.6621
46680,46740,466.35,2010.4,243.2,11803.7520
46740,46800,466.32,2010.3,272.5,11778.8916
46800,46860,461.97,2004.2,233.3,11621.1367
46860,46920,465.49,2008.0,251.4,11802.0010
46920,46980,466.19,2005.1,252.0,11728.6797
46980,47040,466.90,2008.0,249.0,11731.6514
47040,47100,461.88,2006.0,245.9,11575.6055
47100,47160,465.23,2012.7,261.2,11724.4619
47160,47220,465.88,2006.2,241.0,11661.9014
47220,47280,462.37,2006.3,223.8,11514.3975
47280,47340,463.76,2008.9,221.1,11612.1113
47340,47400,467.06,2006.1,229.7,11651.7529
47400,47460,467.35,2006.5,236.8,11689.0664
47460,47520,470.52,2007.7,249.6,11790.7344
47520,47580,462.95,2006.0,225.7,11607.4072
47580,47640,470.26,2012.8,249.9,11706.4404
47640,47700,477.87,2016.1,313.6,11799.9014
47700,47760,466.76,2010.8,271.8,11526.6357
47760,47820,465.61,2013.6,240.8,11592.5215
47820,47880,462.58,2008.0,228.9,11586.5859
47880,47940,461.40,2008.4,214.6,11592.6563
47940,48000,464.36,2010.3,229.3,11658.8564
48000,48060,463.00,2010.2,228.7,11637.3359
48060,48120,465.57,2012.6,268.3,11761.1045
48120,48180,465.37,2012.8,269.0,11740.9326
48180,48240,469.39,2016.1,247.2,11798.9502
48240,48300,473.97,2020.1,248.1,12011.0391
48300,48360,472.46,2016.4,279.0,11899.3477
48360,48420,474.58,2022.4,283.9,12062.7695
48420,48480,467.76,2017.2,230.0,11978.8223
48480,48540,468.71,2018.8,229.3,12092.6289
48540,48600,471.79,2023.4,237.9,12170.7148
48600,48660,472.97,2024.8,279.2,12153.2129
48660,48720,464.42,2017.3,250.3,11956.9854
48720,48780,472.97,2021.5,242.9,12178.6953
48780,48840,467.48,2017.3,210.3,12073.0186
48840,48900,472.60,2020.3,266.8,12189.9023
48900,48960,478.82,2020.6,303.4,12366.8369
48960,49020,477.25,2021.3,304.1,12228.8418
49020,49080,472.99,2016.1,278.6,12071.2148
49080,49140,455.83,2006.3,189.1,11692.4883
49140,49200,460.61,2009.7,219.2,11846.6494
49200,49260,462.13,2012.7,225.8,11939.5488
49260,49320,456.63,2005.9,196.1,11674.5107
49320,49380,465.65,2010.8,272.1,11870.6699
49380,49440,474.41,2015.5,316.8,12007.4580
49440,49500,474.03,2013.9,268.7,12081.6963
49500,49560,478.81,2013.7,300.7,12033.4961
49560,49620,481.60,2014.6,309.2,12157.1904
49620,49680,472.59,2018.3,257.6,12342.3350
49680,49740,466.20,2017.2,253.8,12190.2002
49740,49800,468.84,2014.6,277.7,12190.8213
49800,49860,476.44,2017.2,320.0,12111.5254
49860,49920,472.15,2028.5,311.2,12235.9160
49920,49980,474.18,2025.3,312.5,12541.4033
49980,50040,476.46,2026.1,346.9,12603.4678
50040,50100,471.28,2020.7,288.3,12665.6357
50100,50160,475.47,2019.2,352.1,12573.0293
50160,50220,468.71,2013.1,369.6,12392.5664
50220,50280,469.74,2012.6,320.8,12365.4873
50280,50340,459.20,2007.5,223.4,12012.3809
50340,50400,458.48,2008.0,223.6,12091.6436
50400,50460,461.31,2007.9,259.7,12113.5869
50460,50520,467.12,2008.3,278.3,12428.1143
50520,50580,463.84,2008.0,257.6,12395.9160
50580,50640,461.30,2009.0,241.6,12508.0293
50640,50700,455.60,2006.6,241.2,12208.2080
50700,50760,455.75,2002.5,233.9,11978.8018
50760,50820,450.26,1998.2,193.0,11711.4189
50820,50880,448.66,1993.9,172.0,11481.9678
50880,50940,450.86,1998.2,179.5,11805.5186
50940,51000,455.21,2002.8,194.8,12013.0898
51000,51060,449.18,2001.3,180.4,12256.6406
51060,51120,447.91,1997.7,178.8,12187.1934
51120,51180,448.34,1999.1,186.9,12639.5928
51180,51240,447.85,1997.2,186.9,12384.5371
51240,51300,445.07,1995.4,171.3,12143.4434
51300,51360,445.34,1996.5,172.9,12096.0205
51360,51420,444.44,1994.5,173.7,12026.6982
51420,51480,444.45,1994.0,180.8,12209.4961
51480,51540,441.43,1990.7,190.6,11668.7637
51540,51600,444.15,1992.5,240.9,11878.2139
51600,51660,443.68,1992.8,201.1,12035.7412
51660,51720,442.43,1992.3,171.8,12055.2920
51720,51780,443.74,1992.0,175.2,12248.6787
51780,51840,444.86,1992.1,174.0,12074.7998
51840,51900,440.77,1991.4,170.3,11888.8027
51900,51960,444.76,1993.3,194.5,12016.2021
51960,52020,441.14,1991.6,171.0,12129.2813
52020,52080,443.33,1992.2,185.8,12335.4150
52080,52140,440.03,1990.3,163.6,11866.7197
52140,52200,442.14,1992.9,178.2,12151.4668
52200,52260,445.44,1994.1,184.2,12597.0107
52260,52320,444.92,1994.1,190.4,12355.2334
52320,52380,445.92,1995.6,198.7,12455.3701
52380,52440,445.74,1995.7,199.3,12931.3701
52440,52500,446.41,1996.0,206.5,12584.0439
52500,52560,446.91,1994.9,210.7,12537.7041
52560,52620,440.49,1993.2,191.3,12096.2568
52620,52680,446.39,1995.7,257.3,12231.8398
52680,52740,451.38,1996.2,321.7,12880.7266
52740,52800,446.30,1996.6,231.6,13288.0508
52800,52860,442.27,1996.1,206.7,13127.1396
52860,52920,439.98,1993.2,186.4,12526.7920
52920,52980,440.89,1994.1,199.6,12776.2480
52980,53040,439.42,1992.0,180.8,12821.6221
53040,53100,437.66,1992.6,174.0,13030.1504
53100,53160,436.66,1989.1,178.8,12584.0518
53160,53220,436.54,1988.9,184.2,12671.6016
53220,53280,437.66,1989.0,194.2,12535.7275
53280,53340,438.46,1990.7,201.5,12879.1973
53340,53400,439.79,1989.3,189.1,12844.8711
53400,53460,437.19,1987.9,169.3,12490.9102
53460,53520,438.34,1988.2,173.9,12643.7705
53520,53580,437.79,1987.2,181.8,12243.0547
53580,53640,439.59,1986.7,183.4,12135.1826
53640,53700,435.30,1986.5,172.7,12367.8184
53700,53760,435.27,1986.9,166.7,13036.4063
53760,53820,434.82,1987.0,160.1,12043.3730
53820,53880,435.88,1988.1,168.9,12703.6758
53880,53940,436.47,1988.8,169.9,12695.0859
53940,54000,436.21,1990.1,164.6,12485.7285
54000,54060,436.56,1990.7,162.7,12296.3711
54060,54120,436.04,1989.9,163.0,12634.2783
54120,54180,434.93,1989.4,161.9,12529.6016
54180,54240,437.89,1990.9,169.4,12233.4326
54240,54300,439.24,1991.0,171.4,12164.7070
54300,54360,440.47,1990.6,169.9,12306.6162
54360,54420,438.40,1991.0,163.2,11651.6572
54420,54480,436.19,1990.5,162.5,11648.3086
54480,54540,435.09,1988.9,157.7,11536.9863
54540,54600,436.33,1989.5,168.0,11820.9229
54600,54660,435.35,1990.2,151.8,10972.7285
54660,54720,435.14,1994.4,145.7,10732.7715
54720,54780,435.12,1995.1,138.8,10606.0254
54780,54840,435.00,1992.6,154.5,11429.9023
54840,54900,434.09,1989.1,147.9,11240.8896
54900,54960,434.43,1989.3,151.6,11101.0078
54960,55020,435.68,1991.6,156.4,11183.5752
55020,55080,437.22,1994.1,162.5,11219.9932
55080,55140,437.07,1994.8,158.8,11125.1357
55140,55200,436.46,1994.2,155.4,11105.1338
55200,55260,436.09,1994.0,152.0,11031.1455
55260,55320,436.08,1994.3,153.3,11099.1934
55320,55380,435.38,1993.3,146.5,11006.7822
55380,55440,435.49,1993.1,149.5,11053.2617
55440,55500,435.05,1992.0,149.9,11107.5898
55500,55560,434.22,1991.7,150.1,11701.4014
55560,55620,434.52,1991.1,156.0,11922.6699
55620,55680,434.15,1989.6,155.1,11659.5918
55680,55740,434.19,1988.7,156.1,11733.0137
55740,55800,433.80,1988.5,155.5,11813.2402
55800,55860,434.50,1988.7,154.8,11983.3232
55860,55920,434.23,1988.9,160.0,12334.6084
55920,55980,433.43,1990.0,170.3,12524.6631
55980,56040,434.05,1991.3,149.8,11424.5811
56040,56100,433.47,1990.9,137.5,10667.5303
56100,56160,432.66,1990.3,141.2,11409.3252
56160,56220,433.59,1990.0,142.9,11219.9063
56220,56280,434.55,1989.2,140.9,11031.6953
56280,56340,433.41,1988.3,129.3,10604.8555
56340,56400,432.89,1988.1,128.2,10723.3887
56400,56460,432.23,1988.1,129.4,10977.1445
56460,56520,432.20,1988.7,130.8,11197.4570
56520,56580,432.76,1988.1,132.7,11286.7598
56580,56640,431.76,1988.8,127.6,11493.1934
56640,56700,432.55,1988.9,128.4,11482.6836
56700,56760,433.30,1987.1,145.7,10873.3369
56760,56820,432.84,1987.1,145.2,11471.6035
56820,56880,433.08,1986.1,134.5,10546.1768
56880,56940,433.04,1986.2,135.8,10550.9600
56940,57000,433.61,1985.4,132.5,10302.3984
57000,57060,434.81,1984.5,129.1,10060.1172
57060,57120,435.36,1985.1,132.3,10167.2705
57120,57180,435.82,1985.1,132.1,10195.3750
57180,57240,435.28,1985.2,132.0,10232.0049
57240,57300,434.96,1986.5,131.8,10708.3389
57300,57360,433.72,1986.5,130.3,10716.2803
57360,57420,433.35,1986.2,133.9,10550.2363
57420,57480,-9999,-9999,-9999,-9999
57480,57540,-9999,-9999,-9999,-9999
57540,57600,435.59,1988.6,131.2,10421.5986
57600,57660,435.04,1987.0,133.2,10555.9131
57660,57720,434.12,1985.4,131.4,10273.0244
57720,57780,434.02,1985.3,132.2,10299.3994
57780,57840,434.73,1985.6,130.3,10422.7031
57840,57900,436.00,1984.9,130.3,10405.7715
57900,57960,434.53,1985.5,129.2,10683.4766
57960,58020,432.26,1982.3,129.1,10096.9932
58020,58080,432.76,1983.0,130.7,10281.4629
58080,58140,433.24,1984.3,131.6,10494.5352
58140,58200,432.89,1984.4,130.6,10556.2158
58200,58260,432.46,1983.4,130.6,10338.8496
58260,58320,432.57,1984.2,130.8,10511.9424
58320,58380,433.65,1985.2,134.4,10593.1006
58380,58440,434.11,1986.3,135.1,10774.6113
58440,58500,433.34,1986.3,135.2,10537.6445
58500,58560,433.20,1985.8,134.3,10238.3721
58560,58620,436.04,1986.3,134.9,10292.1758
58620,58680,433.71,1987.1,135.2,10688.9385
58680,58740,432.93,1986.6,134.0,10577.3496
58740,58800,432.94,1986.9,134.0,10450.4189
58800,58860,433.12,1986.0,133.7,10614.0176
58860,58920,433.11,1986.3,134.8,10717.2988
58920,58980,432.74,1986.3,135.1,10467.5508
58980,59040,433.35,1986.8,134.6,10699.0615
59040,59100,432.83,1984.9,141.1,10459.6904
59100,59160,432.55,1984.8,134.6,10188.1553
59160,59220,432.87,1986.2,156.1,10343.2158
59220,59280,433.43,1988.5,205.5,10610.9258
59280,59340,433.76,1986.4,176.5,10645.1299
59340,59400,434.16,1994.9,227.8,10350.5186
59400,59460,434.63,1997.9,180.8,10492.5518
59460,59520,434.12,1992.4,162.1,11059.5781
59520,59580,434.79,1992.5,178.0,11293.0840
59580,59640,433.53,1990.4,172.0,10691.6162
59640,59700,433.24,1988.2,152.1,10684.7178
59700,59760,432.72,1986.9,141.2,10640.9443
59760,59820,432.38,1987.4,142.2,10630.7539
59820,59880,432.10,1987.9,140.4,10560.7002
59880,59940,432.18,1987.8,142.5,10991.8789
59940,60000,432.99,1989.2,146.0,10822.7861
60000,60060,434.25,1993.6,158.2,10526.3184
60060,60120,435.45,1996.0,165.7,10560.0908
60120,60180,435.45,1996.6,169.6,10281.7285
60180,60240,435.23,1995.2,166.4,10258.2920
60240,60300,436.25,1997.1,173.7,9966.9824
60300,60360,437.72,1999.5,184.8,10293.1152
60360,60420,438.26,2000.3,190.2,11184.3105
60420,60480,438.58,2001.5,197.6,10635.6338
60480,60540,439.34,2004.0,194.0,10610.9346
60540,60600,438.54,2002.9,193.5,10712.9717
60600,60660,438.91,2003.1,194.2,10044.8203
60660,60720,439.59,2003.9,200.3,10199.5010
60720,60780,439.31,2005.6,422.3,10793.8418
60780,60840,439.23,2003.2,208.8,10768.3438
60840,60900,439.10,2002.7,194.0,10692.9336
60900,60960,440.05,2003.2,195.4,10801.4580
60960,61020,438.84,2003.1,205.9,10854.3750
61020,61080,439.17,2003.3,203.5,10914.8066
61080,61140,438.37,2003.4,201.0,10630.0625
61140,61200,436.67,1997.1,192.4,10485.4971
61200,61260,434.43,1990.0,181.1,9902.5342
61260,61320,433.40,1986.5,159.3,9856.4473
61320,61380,434.31,1989.8,166.3,10223.9854
61380,61440,434.27,1990.6,167.1,9959.0947
61440,61500,433.66,1989.3,165.4,10023.8857
61500,61560,431.99,1984.9,174.6,9785.4688
61560,61620,432.80,1986.4,192.2,9853.3984
61620,61680,433.59,1988.0,190.4,9932.8457
61680,61740,433.86,1989.0,175.5,9923.3301
61740,61800,433.48,1987.5,195.4,9949.9756
61800,61860,433.74,1986.4,160.9,9849.8721
61860,61920,434.26,1989.0,167.7,9911.4375
61920,61980,433.95,1988.6,163.4,9913.1445
61980,62040,433.82,1987.5,161.3,9848.4492
62040,62100,433.73,1986.8,164.7,9917.5635
62100,62160,432.99,1986.0,167.4,10191.8213
62160,62220,433.47,1986.3,165.9,9800.7705
62220,62280,434.30,1988.7,167.0,9864.3887
62280,62340,435.20,1988.8,191.0,10070.7979
62340,62400,434.57,1987.2,184.1,9977.6387
62400,62460,433.80,1986.2,169.5,9740.0498
62460,62520,434.41,1984.2,172.0,9927.6953
62520,62580,435.81,1984.8,197.5,11341.7842
62580,62640,435.61,1984.2,183.9,9704.0518
62640,62700,435.54,1984.3,190.6,10615.1328
62700,62760,433.88,1983.9,185.6,10072.3623
62760,62820,434.16,1981.6,175.6,10019.7754
62820,62880,435.69,1980.4,182.2,9758.1514
62880,62940,433.22,1981.1,169.8,9722.1084
62940,63000,433.19,1983.1,208.6,9864.1172
63000,63060,433.24,1982.2,182.9,9744.0391
63060,63120,432.63,1983.2,175.9,10229.9951
63120,63180,432.96,1982.7,176.0,10121.1357
63180,63240,434.58,1982.7,203.2,10126.6631
63240,63300,433.87,1982.1,186.0,10018.6865
63300,63360,433.10,1982.0,174.9,9985.5771
63360,63420,433.12,1982.2,175.1,10519.3193
63420,63480,433.96,1982.5,185.0,10762.7383
63480,63540,434.33,1980.1,173.0,9873.8477
63540,63600,433.46,1977.7,162.8,9323.9219
63600,63660,433.61,1979.0,171.3,9557.1201
63660,63720,433.92,1979.2,177.8,9904.0830
63720,63780,433.98,1979.2,191.8,9958.7559
63780,63840,433.44,1979.3,171.3,9846.6465
63840,63900,433.33,1979.7,176.4,9888.8223
63900,63960,434.01,1980.3,176.6,10408.6777
63960,64020,433.71,1981.8,184.9,10589.0313
64020,64080,433.29,1982.5,178.5,10380.1074
64080,64140,433.16,1982.1,179.8,11344.0303
64140,64200,435.01,1980.2,175.2,11148.7598
64200,64260,433.41,1979.3,173.0,9984.6377
64260,64320,433.01,1979.2,167.9,9889.2070
64320,64380,433.20,1980.1,172.0,10414.3281
64380,64440,433.55,1979.7,171.5,10185.6025
64440,64500,433.86,1979.9,170.6,10032.5283
64500,64560,433.75,1979.9,189.2,10150.5068
64560,64620,434.15,1980.6,170.7,10381.2783
64620,64680,433.75,1980.3,174.2,10027.0645
64680,64740,433.02,1979.3,173.4,9866.1426
64740,64800,433.43,1978.5,176.9,9931.8535
64800,64860,433.23,1978.8,183.4,10271.0586
64860,64920,434.01,1980.7,183.5,10281.4492
64920,64980,434.90,1980.2,189.8,10538.3857
64980,65040,434.99,1980.2,189.7,10858.1631
65040,65100,434.12,1980.3,189.3,11232.2744
65100,65160,433.12,1981.1,188.0,11178.0635
65160,65220,435.90,1980.5,219.6,11114.3418
65220,65280,435.99,1978.3,213.6,10440.9102
65280,65340,436.08,1976.0,187.4,9966.4805
65340,65400,435.64,1972.6,177.5,9579.0107
65400,65460,432.41,1971.9,163.1,9247.5254
65460,65520,438.20,1975.2,205.5,9548.5479
65520,65580,433.87,1976.4,181.0,9656.3906
65580,65640,433.50,1975.9,179.2,9785.9502
65640,65700,431.62,1972.8,168.4,9277.6113
65700,65760,429.04,1967.1,142.5,8242.4141
65760,65820,429.19,1967.3,144.7,8508.5605
65820,65880,428.22,1965.6,137.0,8021.6123
65880,65940,428.64,1966.2,143.1,8068.1348
65940,66000,429.02,1966.9,139.6,8354.0020
66000,66060,428.48,1965.7,144.3,8241.8828
66060,66120,428.77,1965.1,141.5,8104.1553
66120,66180,429.23,1964.2,148.4,7975.5244
66180,66240,428.70,1963.8,137.6,8036.9229
66240,66300,429.50,1964.7,140.4,8232.7041
66300,66360,429.64,1964.4,142.7,8100.1323
66360,66420,427.35,1964.9,133.7,7703.2095
66420,66480,426.03,1964.8,129.7,7457.6177
66480,66540,425.91,1965.0,128.0,7408.5229
66540,66600,425.79,1964.8,128.0,7201.3931
66600,66660,426.86,1966.1,129.3,7355.2104
66660,66720,428.49,1966.1,147.0,7666.7749
66720,66780,429.21,1966.3,153.1,7779.5952
66780,66840,429.63,1967.4,151.2,7701.1260
66840,66900,430.85,1966.0,173.7,7633.8574
66900,66960,438.21,1967.9,209.4,8110.1128
66960,67020,427.54,1965.7,139.1,7231.5229
67020,67080,427.04,1966.5,137.5,7653.7119
67080,67140,426.49,1966.4,134.7,7477.8770
67140,67200,427.54,1967.2,157.1,7862.9033
67200,67260,431.56,1967.1,177.2,7667.2124
67260,67320,427.16,1966.5,167.6,7234.2612
67320,67380,430.95,1969.4,184.8,7601.0913
67380,67440,427.30,1967.1,148.2,7379.4497
67440,67500,425.03,1966.1,130.8,7165.3735
67500,67560,424.63,1965.5,129.1,6991.6968
67560,67620,426.82,1966.3,141.0,7338.3242
67620,67680,424.50,1964.6,127.4,7098.9404
67680,67740,425.37,1965.6,136.7,7349.8989
67740,67800,425.49,1965.1,129.5,7158.8887
67800,67860,425.71,1965.0,130.4,7121.2310
67860,67920,426.36,1964.9,133.7,7201.2495
67920,67980,425.57,1965.9,136.0,7545.3818
67980,68040,425.46,1965.1,132.7,7540.2622
68040,68100,424.60,1963.1,126.4,6927.5986
68100,68160,423.99,1963.0,126.9,6909.0195
68160,68220,423.89,1963.6,131.8,7245.6816
68220,68280,424.24,1963.1,122.1,7172.0215
