CampaignData_and_Merges/R0/CSL_MobileLab_Parked/raw/20240816/USOS-HCHO_MobileLabGround_20240816_R0.ict
35,1001
Huang, Yaoxian
Wayne State University
Picarro G2307 on CSL Mobile Lab
USOS
1,1
2024,08,16,2024,08,22
1.0
Time_Start,seconds_since_midnight,number_of_seconds_since_0000_UTC
3
1.0,1.0,1.0
-9999.0,-9999.0,-9999.0
HCHO,ppbv,Gas_HCHO_InSitu_S_AVMR,volume mixing ratio of formaldehyde in air
H2O,ppmv,Gas_H2O_InSitu_S_AVMR,volume mixing ratio of water vapor in air
CH4,ppmv,Gas_CH4_InSitu_S_AVMR,volume mixing ratio of methane in air
0
18
PI_CONTACT_INFO: yaoxian.huang@wayne.edu
PLATFORM: CSL Mobile Lab, at Ground Site
LOCATION: Salt Lake City, UT
ASSOCIATED_DATA: N/A
INSTRUMENT_INFO: Cavity Ring-Down Spectrometer
DATA_INFO: Data is averaged to 1 minute intervals for stationary and 1 second interval for driving. Stationary data collected from a 20 ft tower on top of the mobile lab.
UNCERTAINTY: N/A
ULOD_FLAG: -7777
ULOD_VALUE: N/A
LLOD_FLAG: -8888
LLOD_VALUE: N/A
DM_CONTACT_INFO: Yaoxian Huang; yaoxian.huang@wayne.edu
PROJECT_INFO: USOS, Summer 2024. https://csl.noaa.gov/groups/csl7/measurements/2024usos/
STIPULATIONS_ON_USE: Users are strongly encouraged to contact the PI for proper data usage.
OTHER_COMMENTS: Data have been shifted backwards by 1 minute to align with USOS MetNav and Picarro GHG data.
REVISION: R0
R0: Final Data
Time_Start,HCHO,H2O,CH4
[from data line 546]
32760,1.59045,9993.05,1.96958
32820,1.53534,10019.9,1.96952
32880,1.53986,10113.7,1.96983
32940,1.6422,10083.2,1.97548
33000,1.52419,10090.6,1.97009
33060,1.17336,10083.1,1.97165
33120,1.47717,10163.1,1.98075
33180,1.32639,9881.6,1.96885
33240,1.34522,9814.04,1.96739
33300,1.2011,9884.03,1.96688
33360,1.4563,9909.51,1.96685
33420,1.10489,9973.64,1.9689
33480,1.54067,10104.4,1.97096
33540,1.43578,10139.9,1.97094
33600,1.20997,10143.9,1.9737
33660,1.29936,10235.6,1.97407
33720,1.67471,10277.9,1.97976
33780,1.45076,10328.7,1.97552
33840,1.66217,10296.1,1.97484
33900,1.42401,10268.7,1.97494
33960,1.50365,10300.2,1.97736
34020,1.61208,10378.5,1.97502
34080,1.63547,10514.1,1.97881
34140,1.40986,10396.1,1.97679
34200,1.57872,10556.4,1.98418
34260,1.63837,10554.0,1.98308
34320,1.43271,10556.7,1.98271
34380,1.55079,10589.4,1.98682
34440,1.67359,10503.0,1.98298
34500,1.71533,10411.9,1.97928
34560,1.52629,10418.8,1.98233
34620,1.3721,10430.2,1.97963
34680,1.51856,10579.0,1.98378
34740,1.55342,10547.4,1.98849
34800,1.82822,10603.5,1.99854
34860,1.668,10592.8,1.99518
34920,1.62679,10653.3,1.99432
34980,1.7637,10631.1,1.99489
35040,1.77736,10545.4,1.99207
35100,1.57526,10533.1,1.98973
35160,1.62289,10522.6,1.98854
35220,1.64549,10732.6,1.99265
35280,1.64997,10742.5,1.99253
35340,1.4042,10674.6,1.99124
35400,1.23306,10587.9,1.98295
35460,1.4837,10647.5,1.98515
35520,1.73729,10833.6,1.99024
35580,1.55497,10868.6,1.98855
35640,1.52137,10854.3,1.98574
35700,1.54152,10861.8,1.98392
35760,1.43399,10713.3,1.98124
35820,1.36913,10833.2,1.98818
35880,1.59757,10915.3,1.9864
35940,1.65747,11078.5,1.99352
36000,1.86844,11290.6,1.99998
36060,1.65148,11271.1,1.99047
36120,1.60826,11211.7,1.98823
36180,1.75016,11148.6,1.98203
36240,1.58775,11062.8,1.97859
36300,1.42531,11101.8,1.97934
36360,1.68686,11082.1,1.98063
36420,1.68304,11112.5,1.98247
36480,1.70558,11109.0,1.97992
36540,1.54028,11112.9,1.97481
36600,1.31044,11084.7,1.97172
36660,1.58948,11163.4,1.97555
36720,1.3443,11148.7,1.9724
36780,1.55132,11153.3,1.96996
36840,1.31213,11186.3,1.96866
36900,1.31299,11203.5,1.96816
36960,1.50937,11216.9,1.96836
37020,1.14242,11304.9,1.96992
37080,1.27751,11417.9,1.97383
37140,1.3365,11516.1,1.97864
37200,1.45415,11434.8,1.97431
37260,1.16323,11525.4,1.97533
37320,1.43788,11533.5,1.97273
37380,1.32044,11496.1,1.97407
37440,1.54966,11498.5,1.97109
37500,1.14272,11504.2,1.97004
37560,1.39158,11514.5,1.96771
37620,1.22253,11562.2,1.97159
37680,1.25817,11648.6,1.97217
37740,1.05671,11575.2,1.9673
37800,1.28287,11655.1,1.96772
37860,1.51291,11659.9,1.96835
37920,1.30692,11682.9,1.97
37980,1.21619,11778.9,1.96872
38040,1.34305,11755.9,1.96891
38100,1.32355,11807.7,1.96986
38160,1.26322,11840.8,1.97045
38220,1.58689,11922.9,1.97385
38280,1.33076,12009.8,1.97443
38340,1.42005,12080.3,1.97246
38400,1.38617,12036.8,1.97391
38460,1.38169,12069.8,1.99157
38520,1.26516,12080.1,1.9808
38580,1.16543,12142.2,1.98045
38640,1.34132,12212.9,1.98258
38700,1.22176,12253.7,1.98676
38760,1.41899,12191.0,1.98384
38820,1.48736,12248.5,1.99156
38880,1.42504,12309.4,1.99761
38940,1.52106,12366.5,2.00271
39000,1.32077,12413.6,1.99594
39060,1.43065,12471.5,1.9904
39120,1.47995,12454.5,1.98404
39180,1.30474,12517.3,1.98265
39240,1.28934,12558.6,1.98238
39300,1.34271,12568.4,1.98348
39360,1.42453,12574.1,1.97885
39420,1.62143,12577.5,1.98149
39480,1.64972,12600.6,1.97593
39540,1.29272,12626.3,1.97253
39600,1.40636,12633.5,1.97137
39660,1.26426,12661.6,1.97326
39720,1.47604,12709.7,1.97365
39780,1.50138,12763.4,1.97654
39840,1.29441,12742.0,1.96775
39900,1.57923,12781.3,1.97055
39960,1.30345,12771.9,1.96984
40020,1.24806,12820.6,1.97415
40080,1.40481,12862.8,1.97184
40140,1.3384,12856.0,1.97042
40200,1.12599,12896.2,1.97057
40260,1.24368,12830.5,1.971
40320,1.19968,12933.2,1.97231
40380,1.21969,12796.1,1.97132
40440,1.47482,12753.5,1.97189
40500,1.31799,12816.2,1.97362
40560,0.990945,12771.1,1.97383
40620,1.4038,12768.4,1.97166
40680,1.11221,12669.8,1.97165
40740,1.12055,12607.5,1.97303
40800,1.11103,12534.3,1.96848
40860,0.981531,12528.7,1.97053
40920,1.37739,12533.5,1.97108
40980,1.14965,12471.8,1.97086
41040,0.960396,12400.6,1.96942
41100,1.32595,12425.8,1.96721
41160,1.21444,12469.9,1.96952
41220,0.896305,12442.8,1.96952
41280,1.12345,12469.8,1.97112
41340,1.294,12496.6,1.96846
41400,1.37432,12530.5,1.96921
41460,1.24647,12542.6,1.97028
41520,1.45906,12673.8,1.97373
41580,1.3237,12631.0,1.9739
41640,1.44895,12703.2,1.97963
41700,1.36106,12758.0,1.97987
41760,1.44183,12844.4,1.97773
41820,1.1505,12823.0,1.97436
41880,1.38789,12812.1,1.97012
41940,1.0432,12823.9,1.96914
42000,1.19045,12856.4,1.96818
42060,1.25517,12865.6,1.97278
42120,1.35292,12828.6,1.96942
42180,1.47983,12856.5,1.97231
42240,1.51828,12812.4,1.97239
42300,1.64681,12848.4,1.97614
42360,1.56587,12785.3,1.98203
42420,1.40313,12835.9,1.97287
42480,1.44576,12844.6,1.97252
42540,1.25357,12904.7,1.97103
42600,1.38774,13010.4,1.9834
42660,1.38203,13180.6,1.99791
42720,1.68111,13231.1,1.9867
42780,1.45238,13277.8,1.99056
42840,1.50674,13226.2,1.99185
42900,1.51783,13173.5,1.99394
42960,1.94243,13295.1,1.99809
43020,1.61686,13356.6,1.99833
43080,1.67749,13352.6,2.00501
43140,1.77782,13288.8,2.00615
43200,1.60234,13331.7,2.00587
43260,1.80096,13421.4,2.00311
43320,1.79281,13286.9,1.99385
43380,1.58471,13144.1,1.99691
43440,1.77541,13166.2,2.003
43500,2.07498,13369.5,2.00764
43560,1.8628,13405.8,2.00871
43620,1.93222,13448.9,2.02548
43680,2.01086,13450.4,2.03346
43740,2.17634,13511.7,2.04014
43800,1.73359,13501.6,2.04579
43860,1.8074,13423.3,2.02784
43920,1.71486,13386.9,2.01366
43980,1.60713,13388.6,2.02061
44040,1.57661,13230.4,2.01364
44100,1.48364,13212.7,2.00476
44160,1.54003,13215.8,2.01006
44220,1.46005,13146.7,1.99096
44280,1.66294,13021.2,1.9834
44340,1.52376,13100.0,1.98585
44400,1.68691,12934.6,1.98163
44460,1.48121,12926.0,1.98158
44520,1.42469,12997.8,1.98365
44580,1.42999,12982.2,1.98528
44640,1.54837,12989.3,1.98544
44700,1.46169,12922.9,1.9853
44760,1.37564,12720.1,1.97891
44820,1.47459,12747.2,1.97883
44880,1.58214,12782.8,1.97928
44940,1.5857,12692.5,1.98031
45000,1.50819,12634.0,1.97986
45060,1.56208,12762.0,1.9858
45120,1.33734,12774.7,1.98485
45180,1.58437,12703.2,1.98277
45240,1.59674,12550.3,1.97978
45300,1.41745,12513.5,1.97963
45360,1.42295,12364.0,1.97335
45420,1.38789,12251.3,1.97044
45480,1.48846,12197.4,1.97277
45540,1.39903,12209.8,1.97687
45600,1.76458,12202.5,1.97605
45660,1.13998,12175.0,1.97554
45720,1.28476,12221.2,1.97559
45780,1.4998,12250.5,1.98219
45840,1.26403,12304.4,1.99259
45900,1.55425,12305.9,1.98956
45960,1.48856,12219.8,1.98032
46020,1.48282,12094.0,1.96925
46080,1.31427,12145.3,1.97448
46140,1.51004,12169.7,1.97735
46200,1.36002,12048.3,1.97342
46260,1.56718,12162.7,1.9781
46320,1.40535,11954.7,1.97751
46380,1.39553,12068.0,1.98209
46440,1.52886,12065.6,1.97851
46500,1.29451,11987.8,1.97498
46560,1.3157,11858.8,1.97206
46620,1.42723,11888.4,1.97075
46680,1.2069,11745.6,1.96321
46740,1.42693,11685.2,1.96051
46800,1.12805,11522.9,1.95857
46860,1.18176,11573.0,1.95814
46920,1.26533,11670.2,1.95817
46980,1.26846,11536.0,1.95955
47040,1.04096,11562.6,1.95938
47100,1.20865,11500.3,1.96282
47160,1.3595,11534.9,1.95828
47220,1.29999,11469.5,1.95784
47280,1.30899,11388.1,1.96075
47340,1.3222,11545.0,1.95945
47400,1.28714,11543.8,1.96003
47460,1.07922,11541.0,1.95726
47520,1.58331,11602.1,1.95986
47580,1.20492,11452.6,1.95991
47640,1.74084,11647.4,1.97053
47700,1.63225,11613.2,1.96449
47760,1.38656,11354.7,1.96318
47820,1.31538,11467.7,1.96153
47880,1.51694,11413.5,1.96106
47940,1.07048,11472.3,1.95975
48000,1.64226,11610.0,1.96478
48060,1.35554,11531.9,1.96154
48120,1.06562,11602.0,1.96259
48180,1.19655,11664.8,1.9645
48240,1.58069,11668.1,1.96874
48300,1.26743,11866.8,1.97193
48360,1.58401,11824.5,1.97068
48420,1.27518,11859.3,1.96945
48480,1.71571,11927.7,1.97062
48540,1.65133,11937.6,1.97118
48600,1.82911,12042.2,1.97515
48660,1.55054,11912.5,1.9735
48720,1.49201,11898.0,1.96996
48780,1.52189,12019.1,1.96822
48840,1.23638,11919.9,1.97105
48900,1.57114,12135.7,1.97092
48960,1.52091,12174.0,1.96945
49020,1.6556,11946.8,1.97086
49080,1.24384,11758.8,1.96176
49140,1.30186,11600.3,1.95704
49200,1.55147,11889.0,1.96637
49260,1.38528,11735.4,1.96438
49320,1.14929,11368.8,1.95329
49380,1.35832,11814.0,1.96282
49440,1.60958,11900.1,1.96821
49500,1.62762,11958.1,1.9649
49560,1.52478,12057.4,1.96547
49620,1.29475,11965.4,1.9666
49680,1.36736,12166.5,1.96676
49740,1.62794,12002.3,1.96786
49800,1.44286,11944.0,1.96514
49860,1.55463,12043.5,1.97191
49920,1.56231,12246.6,1.97875
49980,1.5129,12392.6,1.97581
50040,1.60208,12481.9,1.97511
50100,1.46167,12486.5,1.96835
50160,1.60946,12349.8,1.96957
50220,1.72925,12269.3,1.96361
50280,1.5221,12002.9,1.96073
50340,1.48954,11918.8,1.95913
50400,1.08886,11921.0,1.95906
50460,1.41232,12006.8,1.95706
50520,1.74094,12421.6,1.95722
50580,1.80599,12221.1,1.95757
50640,1.34699,12226.6,1.95857
50700,1.35929,11973.4,1.95517
50760,1.46667,11668.5,1.95116
50820,1.31466,11487.2,1.94924
50880,1.29095,11474.3,1.94808
50940,1.47566,11752.6,1.95234
51000,1.44134,11937.9,1.95587
51060,1.45754,12083.4,1.94807
51120,1.65589,12158.9,1.94849
51180,1.55523,12499.2,1.94836
51240,1.52362,11979.1,1.9468
51300,1.44725,12120.1,1.94796
51360,1.31724,11842.8,1.94819
51420,1.3427,11888.9,1.94491
51480,1.38985,12021.9,1.94523
51540,1.42986,11475.4,1.94344
51600,1.46612,11800.1,1.94437
51660,1.47475,11832.8,1.94315
51720,1.46303,12071.2,1.9453
51780,1.65852,12012.4,1.94042
51840,1.52949,11877.1,1.94528
51900,1.54657,11762.8,1.94337
51960,1.58171,11951.1,1.94517
52020,1.49408,11956.3,1.94086
52080,1.54556,12023.5,1.9439
52140,1.59185,11869.7,1.94237
52200,1.33671,12160.6,1.94312
52260,1.5176,12373.9,1.94439
52320,1.67605,12162.6,1.94653
52380,1.72347,12401.4,1.94449
52440,1.90469,12827.3,1.94334
52500,1.8535,12412.3,1.94658
52560,1.6321,12104.7,1.94458
52620,1.74267,12031.7,1.9471
52680,2.38741,12258.8,1.94738
52740,2.35031,12914.6,1.94548
52800,2.04223,13050.0,1.94484
52860,1.69495,12741.6,1.94298
52920,1.52312,12418.3,1.94423
52980,1.88934,12673.3,1.94438
53040,1.52639,12662.4,1.94322
53100,1.67658,12727.3,1.94086
53160,1.58282,12519.4,1.9381
53220,1.97755,12253.1,1.93913
53280,1.93361,12566.5,1.94098
53340,1.62739,12594.6,1.94061
53400,1.85644,12702.6,1.93897
53460,1.87935,12244.7,1.93874
53520,1.77454,12404.8,1.94069
53580,1.47938,11972.7,1.93636
53640,1.62249,12068.3,1.93889
53700,1.69411,12557.8,1.93767
53760,1.63486,12395.0,1.93519
53820,1.64506,12246.9,1.93938
53880,1.68695,12494.0,1.93757
53940,1.94986,12657.8,1.93933
54000,2.02741,12174.6,1.9421
54060,1.97006,12171.6,1.94275
54120,1.9151,12615.2,1.9403
54180,1.91476,12158.5,1.94113
54240,2.07151,12070.3,1.94164
54300,1.97359,11933.2,1.9433
54360,2.05251,11996.4,1.94201
54420,1.85577,11402.1,1.94282
54480,1.93798,11599.2,1.94147
54540,1.69898,11468.6,1.94195
54600,1.72757,11473.9,1.94069
54660,1.55669,10833.6,1.94556
54720,1.32613,10240.9,1.94904
54780,1.6269,10794.4,1.9487
54840,1.71584,11284.1,1.94175
54900,1.73275,11179.4,1.94303
54960,1.6688,11002.5,1.94234
55020,1.89318,11080.5,1.9435
55080,1.6571,11110.5,1.94896
55140,1.82759,10990.4,1.94662
55200,1.67399,10926.1,1.94665
55260,1.74317,10952.8,1.94631
55320,1.94289,10946.9,1.94825
55380,1.96663,10927.2,1.94592
55440,1.98635,10958.1,1.94879
55500,1.81174,11183.6,1.94446
55560,1.83525,11594.0,1.94385
55620,1.97911,11813.4,1.9427
55680,1.90285,11524.5,1.9417
55740,2.1586,11657.1,1.94078
55800,1.91937,11735.9,1.94028
55860,2.20478,11988.5,1.94044
55920,2.0842,12425.9,1.93801
55980,2.11196,11800.8,1.94385
56040,1.71165,10978.9,1.94614
56100,1.80835,10749.3,1.94576
56160,1.60692,11285.5,1.94475
56220,1.65891,10955.6,1.94359
56280,1.73422,10696.5,1.94271
56340,1.85022,10267.4,1.94408
56400,1.69731,10984.6,1.94281
56460,1.66656,10776.1,1.94311
56520,1.65415,11069.5,1.9415
56580,1.8364,11340.3,1.94156
56640,1.81332,11215.2,1.93913
56700,1.58603,11038.8,1.94287
56760,1.94311,10843.6,1.94264
56820,1.8837,11288.2,1.93966
56880,1.69425,10258.0,1.94215
56940,1.82052,10530.2,1.94163
57000,1.87562,10073.9,1.94032
57060,1.58887,9983.04,1.94126
57120,1.91043,10112.5,1.94137
57180,1.84602,10136.5,1.9409
57240,1.74989,10239.9,1.94109
57300,1.61842,10610.9,1.94056
57360,1.75625,10641.5,1.94065
57420,2.07955,10679.0,1.94091
57480,1.60535,10535.9,1.94279
57540,1.93004,10413.4,1.94178
57600,1.85547,10571.0,1.9399
57660,1.95392,10361.4,1.94168
57720,1.7997,10195.8,1.94158
57780,1.69542,10273.9,1.94184
57840,1.83404,10317.0,1.94128
57900,2.21707,10415.1,1.94189
57960,1.97415,10325.4,1.93861
58020,1.82516,10083.6,1.94048
58080,1.88578,10264.3,1.93943
58140,2.00173,10470.0,1.9382
58200,1.99041,10320.9,1.93718
58260,2.07263,10245.7,1.93893
58320,2.11576,10525.0,1.93996
58380,2.14109,10565.6,1.93867
58440,2.439,10654.7,1.93939
58500,1.80069,10222.3,1.94161
58560,2.14537,10187.0,1.94173
58620,2.27987,10348.6,1.9403
58680,2.05873,10598.0,1.94165
58740,1.97984,10428.2,1.94501
58800,2.10693,10301.2,1.94363
58860,1.94138,10625.5,1.94039
58920,2.3029,10552.6,1.94263
58980,2.05955,10398.2,1.94182
59040,2.15652,10630.6,1.94236
59100,2.06876,10206.6,1.94095
59160,2.33593,10176.5,1.94133
59220,2.2279,10314.8,1.94439
59280,2.0534,10614.1,1.9423
59340,2.1013,10320.6,1.94139
59400,2.41205,10312.7,1.95562
59460,2.64152,10549.2,1.94988
59520,2.39373,11041.0,1.94711
59580,2.57598,10949.1,1.9472
59640,2.26514,10638.5,1.94307
59700,2.12307,10405.3,1.94152
59760,2.29894,10564.8,1.94392
59820,2.3696,10330.8,1.94417
59880,2.26903,10738.2,1.94237
59940,2.3833,10925.3,1.94203
60000,2.26058,10544.7,1.94387
60060,2.51678,10530.1,1.94927
60120,2.45515,10277.3,1.95174
60180,2.37455,10201.5,1.95309
60240,2.49397,9967.14,1.9496
60300,2.58605,10003.3,1.95517
60360,2.50798,10720.6,1.95399
60420,2.74497,10703.0,1.95624
60480,2.6768,10583.5,1.95656
60540,2.69287,10778.6,1.95884
60600,2.77191,10123.7,1.95698
60660,2.73512,10020.5,1.9608
60720,2.74185,10409.7,1.9602
60780,2.96943,10506.2,1.96166
60840,2.60834,10605.1,1.95505
60900,2.79971,10561.0,1.95634
60960,2.60827,10803.4,1.95574
61020,2.70337,10715.2,1.95806
61080,2.90651,10734.5,1.95774
61140,2.90396,10560.0,1.9561
61200,2.67011,10175.9,1.95159
61260,2.05812,9648.71,1.94492
61320,2.29347,10158.6,1.94084
61380,2.13344,9859.26,1.94624
61440,2.34628,9853.48,1.94106
61500,2.36118,9955.29,1.94487
61560,2.29436,9660.21,1.94146
61620,2.28548,9803.09,1.94364
61680,2.34991,9884.39,1.94489
61740,2.30583,9894.27,1.94425
61800,2.25127,9744.6,1.944
61860,2.38033,9891.43,1.94395
61920,2.52177,9823.98,1.94757
61980,2.44539,9856.74,1.94388
62040,2.62851,9742.46,1.94551
62100,2.48883,10054.3,1.94158
62160,2.24297,9910.58,1.94162
62220,2.31996,9709.27,1.94474
62280,2.31617,9854.15,1.9433
62340,2.75453,10096.9,1.94688
62400,2.49856,9724.01,1.94311
62460,2.4301,9614.71,1.94189
62520,2.57662,10739.5,1.93833
62580,2.4079,10180.8,1.94134
62640,2.60206,9869.47,1.94175
62700,2.63154,10541.7,1.93974
62760,2.37142,9774.44,1.93836
62820,2.72432,9730.48,1.93842
62880,2.76378,9744.26,1.93736
62940,2.64073,9664.77,1.93914
63000,3.14016,9790.46,1.94364
63060,2.90403,9680.44,1.94242
63120,2.73324,10376.3,1.94012
63180,2.6453,9907.08,1.93858
63240,2.9419,10073.2,1.93969
63300,2.64339,9839.1,1.93877
63360,2.89439,10069.7,1.94131
63420,3.03008,10434.6,1.93988
63480,2.80354,10524.8,1.9366
63540,2.65835,9455.2,1.93806
63600,2.70492,9354.56,1.93715
63660,2.69555,9567.7,1.93566
63720,3.02531,10016.0,1.93508
63780,2.91992,9717.48,1.93637
63840,2.87816,9811.46,1.93685
63900,3.14327,9991.87,1.93506
63960,3.12611,10145.7,1.93697
64020,3.02694,10539.6,1.93892
64080,2.99757,10635.3,1.93798
64140,3.20736,11160.0,1.934
64200,3.312,10644.5,1.93563
64260,3.03984,9780.54,1.93774
64320,3.30111,10085.1,1.93448
64380,2.97653,10132.3,1.93608
64440,2.94862,10128.5,1.93688
64500,2.93864,10003.9,1.93633
64560,3.00842,10024.2,1.9355
64620,3.12369,10229.9,1.93597
64680,3.29867,9842.54,1.93782
64740,3.19949,9680.45,1.93772
64800,2.9344,10279.4,1.93543
64860,3.02374,9910.02,1.93564
