CampaignData_and_Merges/R0/CSL_MobileLab_Parked/raw/20240816/USOS-NOy-LIF_MobileLabGround_20240816_R0.ict
39,1001
Rollins, A.; Waxman, E.; Zuraski, K.; Chace, W.
NOAA Chemical Sciences Laboratory
LIF NO/NOx/NOy on CSL Mobile Lab
AMMBEC / USOS
1, 1
2024,08,16, 2025,01,06
1
Time_Start, seconds, number_of_seconds_since_0000_UTC
7
1, 1, 1, 1, 1, 1, 1
-9999, -9999, -9999, -9999, -9999, -9999, -9999
Time_Stop, seconds, number_of_seconds_since_0000_UTC
NO_LIF, pptv, Gas_NO_InSitu_S_AVMR, volume mixing ratio of nitric oxide in air
NO2_LIF, pptv, Gas_NO2_InSitu_S_AVMR, volume mixing ratio of nitrogen dioxide in air
NOy_LIF, pptv, Gas_NOy_InSitu_S_AVMR, volume mixing ratio of total oxidized nitrogen in air
NO_LIF_1SigmaAccuracy, pptv, Gas_NO_InSitu_S_AVMR, volume mixing ratio of nitric oxide in air
NO2_LIF_1SigmaAccuracy, pptv, Gas_NO2_InSitu_S_AVMR, volume mixing ratio of nitrogen dioxide in air
NOy_LIF_1SigmaAccuracy, pptv, Gas_NOy_InSitu_S_AVMR, volume mixing ratio of total oxidized nitrogen in air
0
18
PI_CONTACT_INFO: andrew.rollins@noaa.gov
PLATFORM: CSL Mobile Lab
LOCATION: Salt Lake City, UT
ASSOCIATED_DATA:
INSTRUMENT_INFO: NO detection by laser induced fluorescence. NO2 detection by photolytic conversion to NO. NOy detection by catalytic conversion to NO on gold surface
DATA_INFO:
UNCERTAINTY: Included 1 Sigma Accuracy waves represent the combined calibration uncertainties (±6%, ±9%, ±10%) and zero uncertainties (3 ppt, 20 ppt, 100 ppt) for NO, NO2, and NOy, respectively.
ULOD_FLAG: -7777
ULOD_VALUE: N/A
LLOD_FLAG: -8888
LLOD_VALUE: N/A
DM_CONTACT_INFO: andrew.rollins@noaa.gov
PROJECT_INFO: USOS Project, July - August 2024
STIPULATIONS_ON_USE: Users are strongly encouraged to contact the PI for proper data usage.
OTHER_COMMENTS:
REVISION: R0
R0: final data
Time_Start, Time_Stop, NO_LIF, NO2_LIF, NOy_LIF, NO_LIF_1SigmaAccuracy, NO2_LIF_1SigmaAccuracy, NOy_LIF_1SigmaAccuracy
       0,      60,1282.7,3143.5,5188.4,79.963, 302.91, 618.84
      60,     120,1351.1,2458.4,4845.9,84.065, 241.26, 584.59
     120,     180,1081.5,2191.3,4959.8,67.889, 217.22, 595.98
     180,     240,2501.5,3983.1,7307.9,153.09, 378.47, 830.79
     240,     300,1990.3,2954.6,7341.9,122.42, 285.92, 834.19
     300,     360,1229.5,2192.4,4045.7,76.77, 217.32, 504.57
     360,     420,3872,3636.2,9134.6,235.32, 347.25, 1013.5
     420,     480,920.59,2262.8,4858.2,58.235, 223.65, 585.82
     480,     540,1030.8,2585.8,4034.6,64.846, 252.72, 503.46
     540,     600,814.59,2233.1,3544.9,51.875, 220.98, 454.49
     600,     660,1255.8,2398.9,4064,78.348, 235.9, 506.4
     660,     720,1112.4,2206.8,4244.3,69.746, 218.61, 524.43
     720,     780,3013.7,3736.5,7946.9,183.82, 356.28, 894.69
     780,     840,901.96,2619.5,4090.9,57.118, 255.76, 509.09
     840,     900,1096.4,2931.5,4605.5,68.782, 283.84, 560.55
     900,     960,767.47,2435,3911.9,49.048, 239.15, 491.19
     960,    1020,1316.4,3259,5492,81.984, 313.31, 649.2
    1020,    1080,1317.8,2572.2,5878.4,82.068, 251.5, 687.84
    1080,    1140,911.81,2490,3472.1,57.709, 244.1, 447.21
    1140,    1200,639.41,2493.3,3669.6,41.364, 244.4, 466.96
    1200,    1260,1116.4,2805.5,4427.4,69.982, 272.5, 542.74
    1260,    1320,1903.8,4063.3,6466,117.23, 385.7, 746.6
    1320,    1380,2616.3,4300.7,7138.9,159.98, 407.06, 813.89
    1380,    1440,1837.1,3994.8,7243.3,113.23, 379.53, 824.33
    1440,    1500,796.38,2870.2,4740.5,50.783, 278.31, 574.05
    1500,    1560,2188.6,4022.8,7086.8,134.32, 382.05, 808.68
    1560,    1620,1075.2,3627.1,4596.2,67.509, 346.44, 559.62
    1620,    1680,1818.9,3704,6774.2,112.14, 353.36, 777.42
    1680,    1740,567.22,2593.4,3852.8,37.033, 253.4, 485.28
    1740,    1800,549.43,2401,3597.8,35.966, 236.09, 459.78
    1800,    1860,398.83,2148.7,3187.9,26.93, 213.38, 418.79
    1860,    1920,672.29,2249.3,3679.1,43.337, 222.44, 467.91
    1920,    1980,1781,3474.4,5336.1,109.86, 332.7, 633.61
    1980,    2040,2281,3868.6,5787.2,139.86, 368.17, 678.72
    2040,    2100,4507.6,7219.4,10452,273.46, 669.75, 1145.2
    2100,    2160,1581.8,4603.8,8686.1,97.91, 434.35, 968.61
    2160,    2220,653.61,2427.5,3919.1,42.217, 238.48, 491.91
    2220,    2280,582.87,2183.7,3376.7,37.972, 216.53, 437.67
    2280,    2340,386.03,1814.6,2672.2,26.162, 183.31, 367.22
    2340,    2400,546.57,2512.2,3512.9,35.794, 246.1, 451.29
    2400,    2460,621.88,2340.1,3569.2,40.313, 230.6, 456.92
    2460,    2520,614.65,2586.5,3850.2,39.879, 252.79, 485.02
    2520,    2580,1021.8,3653,5116.2,64.311, 348.77, 611.62
    2580,    2640,2108.5,4785.6,6716.8,129.51, 450.71, 771.68
    2640,    2700,1159.9,4531.8,5776.2,72.596, 427.86, 677.62
    2700,    2760,1732,5049.5,7152.6,106.92, 474.45, 815.26
    2760,    2820,1334.9,4119.1,5877.2,83.091, 390.72, 687.72
    2820,    2880,797.07,3337.4,5478.6,50.824, 320.36, 647.86
    2880,    2940,3210.8,5042.6,9031.9,195.65, 473.84, 1003.2
    2940,    3000,1258.2,3925.7,6482.7,78.494, 373.31, 748.27
    3000,    3060,4335.4,7046.1,9775.1,263.13, 654.15, 1077.5
    3060,    3120,1000.1,3193.9,6805.5,63.008, 307.45, 780.55
    3120,    3180,793.79,3411.3,4866.8,50.628, 327.02, 586.68
    3180,    3240,800.99,3281.1,4646,51.06, 315.3, 564.6
    3240,    3300,1301.2,4277.1,5094.8,81.071, 404.94, 609.48
    3300,    3360,-9999,-9999,-9999,-9999, -9999, -9999
    3360,    3420,-9999,-9999,-9999,-9999, -9999, -9999
    3420,    3480,-9999,-9999,-9999,-9999, -9999, -9999
    3480,    3540,-9999,-9999,-9999,-9999, -9999, -9999
    3540,    3600,-9999,-9999,-9999,-9999, -9999, -9999
    3600,    3660,-9999,-9999,-9999,-9999, -9999, -9999
    3660,    3720,-9999,-9999,-9999,-9999, -9999, -9999
    3720,    3780,800.11,3498.4,3986.5,51.006, 334.86, 498.65
    3780,    3840,1090.8,3373.8,5078.7,68.449, 323.64, 607.87
    3840,    3900,610.5,3156.4,4579.1,39.63, 304.08, 557.91
    3900,    3960,2399.2,4596.9,5943.2,146.95, 433.72, 694.32
    3960,    4020,945.74,3844.9,6105.8,59.745, 366.04, 710.58
    4020,    4080,1098,3482.6,5200.1,68.881, 333.44, 620.01
    4080,    4140,1110.5,3686.8,5911.9,69.632, 351.81, 691.19
    4140,    4200,625.2,3272.5,4396,40.512, 314.53, 539.6
    4200,    4260,557.2,3508.1,4652.3,36.432, 335.73, 565.23
    4260,    4320,1160.7,4675.4,5895.5,72.641, 440.78, 689.55
    4320,    4380,668.13,3730.1,4955.8,43.088, 355.7, 595.58
    4380,    4440,1168.8,4169.2,6616.4,73.126, 395.22, 761.64
    4440,    4500,758.34,4398,5724.1,48.5, 415.82, 672.41
    4500,    4560,718.36,3750.5,5313.2,46.102, 357.55, 631.32
    4560,    4620,1373.7,4992.5,6377.9,85.423, 469.33, 737.79
    4620,    4680,1479.9,5457.1,7765.5,91.791, 511.14, 876.55
    4680,    4740,955.62,4776.5,7287.3,60.337, 449.88, 828.73
    4740,    4800,569.49,3694.3,4516.5,37.169, 352.48, 551.65
    4800,    4860,960.2,3789.8,5247.5,60.612, 361.08, 624.75
    4860,    4920,412.04,2959.2,3861.5,27.723, 286.33, 486.15
    4920,    4980,751.58,3550.6,4507.3,48.095, 339.55, 550.73
    4980,    5040,1146.9,4293.3,6391.5,71.814, 406.4, 739.15
    5040,    5100,1068.7,5008.6,6713.7,67.121, 470.77, 771.37
    5100,    5160,982.63,4228.7,5993.8,61.958, 400.58, 699.38
    5160,    5220,927.27,4294.5,6325,58.636, 406.51, 732.5
    5220,    5280,1422.4,4930.7,7079.5,88.343, 463.76, 807.95
    5280,    5340,746.06,4453.1,5531.1,47.764, 420.78, 653.11
    5340,    5400,1823.3,7711.7,8354.8,112.4, 714.06, 935.48
    5400,    5460,799.97,5859.7,7364.7,50.998, 547.37, 836.47
    5460,    5520,439.91,4173.1,5910.4,29.394, 395.58, 691.04
    5520,    5580,367.88,3204.8,4167.3,25.073, 308.43, 516.73
    5580,    5640,513.33,3210,4109.2,33.8, 308.9, 510.92
    5640,    5700,743.81,4176.6,5495.5,47.629, 395.89, 649.55
    5700,    5760,310.07,3447.8,4544.9,21.604, 330.3, 554.49
    5760,    5820,390.29,3984.5,4773.1,26.417, 378.61, 577.31
    5820,    5880,628.29,3801.6,5133.5,40.698, 362.14, 613.35
    5880,    5940,424.49,3177.1,4533.3,28.469, 305.94, 553.33
    5940,    6000,806.97,4833,5345.5,51.418, 454.97, 634.55
    6000,    6060,1019.4,5755.6,6688.2,64.164, 538, 768.82
    6060,    6120,2045.8,8669.4,11687,125.75, 800.25, 1268.7
    6120,    6180,970.14,5463.1,7747.6,61.208, 511.68, 874.76
    6180,    6240,2286.6,7896.8,9062.2,140.19, 730.71, 1006.2
    6240,    6300,787.45,5128.8,6790.8,50.247, 481.59, 779.08
    6300,    6360,2326.1,7198.8,8567.9,142.57, 667.89, 956.79
    6360,    6420,2451.3,9434.3,13838,150.08, 869.09, 1483.8
    6420,    6480,1231.7,6869.7,9793.8,76.899, 638.27, 1079.4
    6480,    6540,733.11,5812.9,7584.1,46.987, 543.16, 858.41
    6540,    6600,763.23,6202.1,6587.1,48.794, 578.19, 758.71
    6600,    6660,713.61,5766.7,8057.4,45.817, 539, 905.74
    6660,    6720,649.41,5781,7243.9,41.965, 540.29, 824.39
    6720,    6780,280.35,4221.9,5028.4,19.821, 399.98, 602.84
    6780,    6840,325.75,4780.9,5736.5,22.545, 450.28, 673.65
    6840,    6900,289.14,4347.8,5523.4,20.348, 411.3, 652.34
    6900,    6960,640.39,5889.4,6358.8,41.423, 550.04, 735.88
    6960,    7020,736.38,7221.5,8585,47.183, 669.93, 958.5
    7020,    7080,773.35,6211.6,8272.6,49.401, 579.04, 927.26
    7080,    7140,316.45,5567.6,6434.2,21.987, 521.09, 743.42
    7140,    7200,614.36,7488.9,7959.2,39.862, 694, 895.92
    7200,    7260,604.06,7691.8,8870.2,39.244, 712.26, 987.02
    7260,    7320,651.9,8654,9298.1,42.114, 798.86, 1029.8
    7320,    7380,470.08,7838.6,9778.7,31.205, 725.47, 1077.9
    7380,    7440,533.6,7429.2,10549,35.016, 688.63, 1154.9
    7440,    7500,249.6,6170.7,8304.1,17.976, 575.36, 930.41
    7500,    7560,2200.8,11129,10829,135.05, 1021.6, 1182.9
    7560,    7620,3793.9,14606,19298,230.63, 1334.5, 2029.8
    7620,    7680,1356.8,11598,17067,84.408, 1063.8, 1806.7
    7680,    7740,336.29,7559.2,12413,23.178, 700.33, 1341.3
    7740,    7800,721.28,8816.5,9553.1,46.277, 813.49, 1055.3
    7800,    7860,1585.9,12492,11612,98.155, 1144.3, 1261.2
    7860,    7920,1947.2,15422,16158,119.83, 1408, 1715.8
    7920,    7980,3491.9,20031,17894,212.52, 1822.8, 1889.4
    7980,    8040,2408.5,20617,23556,147.51, 1875.5, 2455.6
    8040,    8100,4049.1,16111,19532,245.94, 1470, 2053.2
    8100,    8160,918.2,9477.6,15175,58.092, 872.99, 1617.5
    8160,    8220,553.58,11904,13567,36.215, 1091.4, 1456.7
    8220,    8280,440.83,9147.7,12904,29.45, 843.29, 1390.4
    8280,    8340,739.04,9618.2,11493,47.343, 885.63, 1249.3
    8340,    8400,422.67,8318.9,10614,28.36, 768.7, 1161.4
    8400,    8460,253.17,7264.8,9139.5,18.19, 673.83, 1014
    8460,    8520,229.07,7684.1,8783,16.744, 711.57, 978.3
    8520,    8580,268.58,8301.4,9291.3,19.115, 767.13, 1029.1
    8580,    8640,976.98,10467,10182,61.619, 962.01, 1118.2
    8640,    8700,2404.2,14940,18386,147.25, 1364.6, 1938.6
    8700,    8760,903.82,11708,14573,57.229, 1073.7, 1557.3
    8760,    8820,776.85,12416,14627,49.611, 1137.4, 1562.7
    8820,    8880,283.67,10850,13528,20.02, 996.53, 1452.8
    8880,    8940,239.92,10946,12546,17.395, 1005.1, 1354.6
    8940,    9000,181.46,11466,12976,13.888, 1051.9, 1397.6
    9000,    9060,239.04,10915,12729,17.342, 1002.4, 1372.9
    9060,    9120,271.74,11307,12853,19.304, 1037.6, 1385.3
    9120,    9180,383.11,10393,12455,25.987, 955.35, 1345.5
    9180,    9240,160.77,9929.9,12322,12.646, 913.69, 1332.2
    9240,    9300,2804.2,14504,14060,171.25, 1325.4, 1506
    9300,    9360,5163.6,17204,19662,312.81, 1568.3, 2066.2
    9360,    9420,2993.2,16284,22404,182.59, 1485.6, 2340.4
    9420,    9480,1205.7,13728,18518,75.341, 1255.6, 1951.8
    9480,    9540,1400.3,16877,20650,87.019, 1538.9, 2165
    9540,    9600,712.61,14498,18743,45.757, 1324.8, 1974.3
    9600,    9660,894.98,15410,18232,56.699, 1406.9, 1923.2
    9660,    9720,351.17,13684,16923,24.07, 1251.6, 1792.3
    9720,    9780,368.41,13350,16514,25.104, 1221.5, 1751.4
    9780,    9840,179.33,12253,14787,13.76, 1122.8, 1578.7
    9840,    9900,90.446,10939,13623,8.4268, 1004.5, 1462.3
    9900,    9960,138.75,11911,13899,11.325, 1092, 1489.9
    9960,   10020,537.78,12643,14444,35.267, 1157.9, 1544.4
   10020,   10080,2104.6,16396,16261,129.28, 1495.7, 1726.1
   10080,   10140,1695.6,16313,17374,104.74, 1488.2, 1837.4
   10140,   10200,631.15,14305,18993,40.869, 1307.4, 1999.3
   10200,   10260,854.61,14369,17860,54.277, 1313.2, 1886
   10260,   10320,871.74,14994,18248,55.305, 1369.4, 1924.8
   10320,   10380,574.94,15166,18045,37.497, 1384.9, 1904.5
   10380,   10440,1663.4,16304,19471,102.8, 1487.4, 2047.1
   10440,   10500,999.98,14950,20066,62.999, 1365.5, 2106.6
   10500,   10560,1495.2,15922,20215,92.711, 1453, 2121.5
   10560,   10620,1819.5,16707,20615,112.17, 1523.7, 2161.5
   10620,   10680,1397.5,15068,20559,86.85, 1376.2, 2155.9
   10680,   10740,1112.9,14670,19829,69.773, 1340.3, 2082.9
   10740,   10800,776.99,14752,17991,49.619, 1347.7, 1899.1
   10800,   10860,647.61,13809,18935,41.857, 1262.8, 1993.5
   10860,   10920,420.17,14249,17830,28.21, 1302.4, 1883
   10920,   10980,318.36,13448,16177,22.102, 1230.3, 1717.7
   10980,   11040,251.09,13553,16020,18.065, 1239.8, 1702
   11040,   11100,159.96,12137,14823,12.597, 1112.3, 1582.3
   11100,   11160,137.42,10664,13313,11.245, 979.72, 1431.3
   11160,   11220,209.38,9790.2,11809,15.563, 901.12, 1280.9
   11220,   11280,379.13,10738,12034,25.748, 986.42, 1303.4
   11280,   11340,-9999,-9999,-9999,-9999, -9999, -9999
   11340,   11400,-9999,-9999,-9999,-9999, -9999, -9999
   11400,   11460,-9999,-9999,-9999,-9999, -9999, -9999
   11460,   11520,-9999,-9999,-9999,-9999, -9999, -9999
   11520,   11580,-9999,-9999,-9999,-9999, -9999, -9999
   11580,   11640,-9999,-9999,-9999,-9999, -9999, -9999
   11640,   11700,-9999,-9999,-9999,-9999, -9999, -9999
   11700,   11760,376.58,9898.9,13271,25.595, 910.9, 1427.1
   11760,   11820,418.92,10701,13851,28.135, 983.08, 1485.1
   11820,   11880,279.59,11022,13548,19.775, 1011.9, 1454.8
   11880,   11940,219.93,11106,13191,16.196, 1019.5, 1419.1
   11940,   12000,136.93,10411,12240,11.216, 957.01, 1324
   12000,   12060,109.7,8193.7,11287,9.5818, 757.43, 1228.7
   12060,   12120,100.01,8751.5,11156,9.0007, 807.64, 1215.6
   12120,   12180,115.94,8338,10607,9.9562, 770.42, 1160.7
   12180,   12240,669.19,10626,11470,43.151, 976.32, 1247
   12240,   12300,524.52,9197.4,11812,34.471, 847.77, 1281.2
   12300,   12360,335.53,8845.8,10915,23.132, 816.12, 1191.5
   12360,   12420,631.47,9953.9,11500,40.888, 915.85, 1250
   12420,   12480,481.46,10456,12336,31.888, 961.06, 1333.6
   12480,   12540,174.62,8788.8,11268,13.477, 810.99, 1226.8
   12540,   12600,521.25,8594.2,10532,34.275, 793.48, 1153.2
   12600,   12660,303.45,8326.3,10332,21.207, 769.36, 1133.2
   12660,   12720,214.71,7253.4,9072.5,15.883, 672.8, 1007.3
   12720,   12780,569.27,8464.8,9194.3,37.156, 781.83, 1019.4
   12780,   12840,266.74,7885.3,9230.3,19.005, 729.68, 1023
   12840,   12900,388.57,8686.7,9592.9,26.314, 801.8, 1059.3
   12900,   12960,330.23,9461.5,10801,22.814, 871.53, 1180.1
   12960,   13020,270.11,8321.3,10070,19.207, 768.91, 1107
   13020,   13080,141.96,7592.7,9836.8,11.518, 703.35, 1083.7
   13080,   13140,120.31,7041.6,8278.5,10.218, 653.74, 927.85
   13140,   13200,242.27,8659.5,8797.6,17.536, 799.35, 979.76
   13200,   13260,137.33,8347.8,9031.7,11.24, 771.3, 1003.2
   13260,   13320,62.541,7771.6,8666.2,6.7524, 719.44, 966.62
   13320,   13380,83.269,9088.5,9837.2,7.9962, 837.96, 1083.7
   13380,   13440,137.42,12943,14978,11.245, 1184.9, 1597.8
   13440,   13500,104.66,12862,14921,9.2799, 1177.6, 1592.1
   13500,   13560,35.703,9781.6,12985,5.1422, 900.34, 1398.5
   13560,   13620,44.466,9625.6,11563,5.668, 886.3, 1256.3
   13620,   13680,71.586,8825.9,11040,7.2951, 814.33, 1204
   13680,   13740,71.508,7529.2,10867,7.2905, 697.63, 1186.7
   13740,   13800,44.823,6606.7,9256.2,5.6894, 614.6, 1025.6
   13800,   13860,13.544,5880.4,7541.3,3.8126, 549.24, 854.13
   13860,   13920,187.86,7255.3,8091,14.272, 672.98, 909.1
   13920,   13980,511.31,9490.5,10151,33.678, 874.15, 1115.1
   13980,   14040,221.13,8324.9,10983,16.268, 769.24, 1198.3
   14040,   14100,215.25,9846.3,11336,15.915, 906.16, 1233.6
   14100,   14160,381.63,12708,13607,25.898, 1163.8, 1460.7
   14160,   14220,469.07,13670,15214,31.144, 1250.3, 1621.4
   14220,   14280,201.48,12674,14768,15.089, 1160.7, 1576.8
   14280,   14340,393.23,12872,13758,26.594, 1178.5, 1475.8
   14340,   14400,7883,24247,21372,475.98, 2202.2, 2237.2
   14400,   14460,6535.9,20967,33947,395.15, 1907, 3494.7
   14460,   14520,2326.3,16920,26906,142.58, 1542.8, 2790.6
   14520,   14580,2149.4,19266,30770,131.96, 1753.9, 3177
   14580,   14640,1320,18734,28906,82.2, 1706, 2990.6
   14640,   14700,2457.6,19304,25258,150.45, 1757.3, 2625.8
   14700,   14760,5638.8,23361,27352,341.33, 2122.5, 2835.2
   14760,   14820,1062.9,17881,23676,66.773, 1629.3, 2467.6
   14820,   14880,495.46,16929,20162,32.728, 1543.6, 2116.2
   14880,   14940,198.41,14778,20172,14.905, 1350, 2117.2
   14940,   15000,225.54,15155,17179,16.533, 1384, 1817.9
   15000,   15060,123.45,14281,16920,10.407, 1305.3, 1792
   15060,   15120,174,16110,17421,13.44, 1469.9, 1842.1
   15120,   15180,240.62,16511,17446,17.437, 1506, 1844.6
   15180,   15240,361.93,16428,17916,24.716, 1498.5, 1891.6
   15240,   15300,1189.8,16836,19025,74.39, 1535.2, 2002.5
   15300,   15360,1448.1,18285,19842,89.887, 1665.7, 2084.2
   15360,   15420,3530.5,20246,22257,214.83, 1842.1, 2325.7
   15420,   15480,4664.1,21536,24090,282.84, 1958.2, 2509
   15480,   15540,1915.7,17538,25398,117.94, 1598.4, 2639.8
   15540,   15600,987.33,14514,24423,62.24, 1326.3, 2542.3
   15600,   15660,814.4,12838,17192,51.864, 1175.4, 1819.2
   15660,   15720,4170,19141,16136,253.2, 1742.7, 1713.6
   15720,   15780,2749,19698,18227,167.94, 1792.8, 1922.7
   15780,   15840,1210.4,15090,23118,75.623, 1378.1, 2411.8
   15840,   15900,598.16,11894,22195,38.889, 1090.5, 2319.5
