CampaignData_and_Merges/R0/CSL_MobileLab_Parked/raw/20240816/USOS-NOAAIodideCIMS-Halogens_MobileLabGround_20240816_RA.ict
38, 1001
Michael A Robinson, Chris Jernigan, Subi Thakali
NOAA ESRL Chemical Sciences Laboratory and CIRES, U. of Colorado
NOAA Iodide CIMS Instrument
USOS
1, 1
2024, 08, 16, 2024, 08, 18
1
starttime_UTC, seconds_past_midnight, seconds_of_day_since_00:00:00_UTC
6
1, 1, 1, 1, 1, 1
-9999, -9999, -9999, -9999, -9999, -9999
Br2_NOAACIMS, pptv, Gas_Br2_InSitu_S_AVMR, 
BrO_NOAACIMS, pptv, Gas_BrO_InSitu_S_AVMR, 
Cl2_NOAACIMS, pptv, Gas_Cl2_InSitu_S_AVMR, 
ClNO2_NOAACIMS, pptv, Gas_ClNO2_InSitu_S_AVMR, 
BrCl_NOAACIMS, pptv, Gas_BrCl_InSitu_S_AVMR, 
NCl3_NOAACIMS, pptv, Gas_NCl3_InSitu_S_AVMR, 
0
18
PI_CONTACT_INFO: 325 Broadway, R/CSD 7, Boulder, Colorado 80305; michael.a.robinson@noaa.gov; chris.jernigan@noaa.gov;
PLATFORM: NOAA CSL Mobile Lab
LOCATION: SLC, Utah
ASSOCIATED_DATA: 1Hz data also available on request.
INSTRUMENT_INFO: NOAA I- ToF CIMS
DATA_INFO: All data in parts per trillion by volume (pptv). 1 Hz data is available upon request.
UNCERTAINTY: TBD
ULOD_FLAG: -7777
ULOD_VALUE: N/A
LLOD_FLAG: -8888
LLOD_VALUE: N/A
DM_CONTACT_INFO: Nathan Howard; nathan.h.howard@noaa.gov
PROJECT_INFO: USOS, summer 2024. https://csl.noaa.gov/groups/csl7/measurements/2024usos/
STIPULATIONS_ON_USE: Users are strongly encouraged to contact the PI for proper data usage.
OTHER_COMMENTS: 
REVISION: RA
RA: Preliminary Data; For in-field use only
starttime_UTC, Br2_NOAACIMS, BrO_NOAACIMS, Cl2_NOAACIMS, ClNO2_NOAACIMS, BrCl_NOAACIMS, NCl3_NOAACIMS
     0,  0.624,  0.096,  0.600,  0.065,  0.070,  0.092
    60,  0.616,  0.098,  1.210,  0.155,  0.179,  0.021
   120,  0.547, -0.039,  0.331,  0.115,  0.140,  0.002
   180,  0.139,  0.007,  0.207,  0.064, -0.015, -0.010
   240,  0.512,  0.077,  0.239,  0.071, -0.013,  0.101
   300,  0.669,  0.066,  0.230,  0.066,  0.028,  0.049
   360,  0.663,  0.041,  0.301,  0.079,  0.062,  0.070
   420,  0.614,  0.065,  0.366,  0.063,  0.037,  0.027
   480, -9999.000, -9999.000, -9999.000, -9999.000, -9999.000, -9999.000
   540,  0.433,  0.042,  0.365,  0.082, -0.061,  0.016
   600,  0.373,  0.046,  0.271,  0.077, -0.034,  0.009
   660,  0.584,  0.142,  0.290,  0.069,  0.068,  0.045
   720,  0.624,  0.086,  0.307,  0.090,  0.023,  0.066
   780,  0.691,  0.082,  0.369,  0.067,  0.052,  0.077
   840,  0.390, -0.005,  0.357,  0.073,  0.032,  0.031
   900,  0.385, -0.031,  0.340,  0.058,  0.018,  0.103
   960,  0.658,  0.072,  0.338,  0.102,  0.077,  0.082
  1020,  0.619,  0.073,  0.320,  0.089,  0.067,  0.048
  1080,  0.646,  0.027,  0.300,  0.055,  0.059,  0.074
  1140,  0.688,  0.071,  0.334,  0.075,  0.054,  0.097
  1200,  0.544,  0.032,  0.380,  0.077,  0.050,  0.102
  1260,  0.715,  0.046,  0.332,  0.065,  0.034,  0.070
  1320,  0.390,  0.005,  0.345,  0.061, -0.013,  0.027
  1380,  0.515,  0.052,  0.330,  0.057,  0.063,  0.112
  1440,  0.688,  0.022,  0.330,  0.049,  0.036,  0.118
  1500,  0.640,  0.063,  0.455,  0.055,  0.081,  0.069
  1560,  0.595,  0.052,  0.405,  0.053,  0.062,  0.125
  1620,  0.645,  0.081,  0.370,  0.074,  0.065,  0.176
  1680,  0.659,  0.080,  0.329,  0.058,  0.057,  0.098
  1740,  0.705,  0.049,  0.349,  0.027,  0.080,  0.100
  1800,  0.707,  0.121,  0.290,  0.048,  0.110,  0.140
  1860,  0.627,  0.140,  0.293,  0.059,  0.072,  0.155
  1920,  0.676,  0.094,  0.394,  0.036,  0.088,  0.082
  1980,  0.661,  0.032,  0.326,  0.066,  0.087,  0.115
  2040,  0.624,  0.105,  0.361,  0.065,  0.119,  0.042
  2100,  0.673,  0.109,  0.347,  0.054,  0.090,  0.281
  2160,  0.632,  0.058,  0.409,  0.052,  0.081,  0.275
  2220,  0.632,  0.126,  0.453,  0.054,  0.129,  0.117
  2280,  0.702,  0.112,  0.444,  0.060,  0.082,  0.155
  2340,  1.458, -0.087,  0.504, -0.027, -0.050, -0.057
  2400,  0.368,  0.037,  0.454,  0.088,  0.066,  0.043
  2460,  0.555,  0.074,  0.385,  0.087,  0.090,  0.106
  2520,  0.606,  0.086,  0.463,  0.042,  0.090,  0.091
  2580,  0.657,  0.041,  0.324,  0.043,  0.105,  0.067
  2640,  0.480,  0.129,  0.356,  0.064,  0.103,  0.110
  2700,  0.456,  0.096,  0.307,  0.058,  0.101,  0.108
  2760,  0.361,  0.030,  0.381,  0.053,  0.035,  0.048
  2820,  0.362,  0.057,  0.342,  0.063,  0.073,  0.134
  2880,  0.206, -0.015,  0.245,  0.068,  0.013,  0.006
  2940,  0.647,  0.081,  0.359,  0.077,  0.140,  0.119
  3000,  0.505,  0.111,  0.334,  0.059,  0.114,  0.036
  3060,  0.327,  0.044,  0.324,  0.056,  0.035,  0.023
  3120,  0.446,  0.088,  0.388,  0.075,  0.093,  0.037
  3180,  0.353,  0.100,  0.419,  0.058,  0.092,  0.061
  3240,  0.431,  0.055,  0.417,  0.072,  0.153,  0.049
  3300,  0.381,  0.045,  0.404,  0.063,  0.099,  0.020
  3360,  0.093, -0.055,  0.337,  0.084,  0.024, -0.032
  3420,  0.541,  0.053,  0.510,  0.090,  0.141,  0.070
  3480,  0.554,  0.119,  0.360,  0.070,  0.159,  0.096
  3540,  0.207, -0.022,  0.447,  0.065,  0.079, -0.005
  3600,  0.530,  0.122,  0.388,  0.050,  0.115,  0.014
  3660,  0.551,  0.038,  0.454,  0.041,  0.141,  0.014
  3720,  0.602,  0.066,  0.402,  0.085,  0.145,  0.056
  3780,  0.395,  0.042,  0.469,  0.072,  0.121,  0.030
  3840,  0.429,  0.059,  0.473,  0.076,  0.109,  0.021
  3900,  0.523,  0.079,  0.406,  0.079,  0.186,  0.048
  3960,  0.524,  0.061,  0.427,  0.089,  0.128,  0.028
  4020,  0.619,  0.035,  0.434,  0.079,  0.142,  0.055
  4080,  0.543,  0.023,  0.398,  0.068,  0.163,  0.055
  4140,  0.509,  0.043,  0.389,  0.074,  0.176,  0.009
  4200, -9999.000, -9999.000, -9999.000, -9999.000, -9999.000, -9999.000
  4260,  0.614,  0.022,  0.544,  0.061,  0.209,  0.009
  4320,  0.666,  0.128,  0.474,  0.099,  0.173,  0.190
  4380,  0.434,  0.094,  0.549,  0.069,  0.146,  0.111
  4440,  0.560,  0.077,  0.557,  0.045,  0.140,  0.092
  4500,  0.559,  0.099,  0.499,  0.096,  0.223,  0.185
  4560,  0.530,  0.114,  0.434,  0.099,  0.185,  0.167
  4620,  0.670,  0.032,  0.594,  0.076,  0.228,  0.186
  4680,  0.650,  0.081,  0.617,  0.057,  0.178,  0.229
  4740,  0.540,  0.102,  0.428,  0.080,  0.204,  0.200
  4800,  0.656,  0.098,  0.549,  0.056,  0.247,  0.147
  4860,  0.530,  0.053,  0.532,  0.051,  0.173,  0.118
  4920,  0.312,  0.025,  0.443,  0.068,  0.109, -0.023
  4980,  0.601,  0.029,  0.488,  0.065,  0.149,  0.063
  5040,  0.655,  0.079,  0.557,  0.113,  0.214,  0.123
  5100,  0.642,  0.076,  0.518,  0.081,  0.173,  0.150
  5160,  0.582,  0.120,  0.499,  0.071,  0.174,  0.130
  5220,  0.612,  0.134,  0.456,  0.075,  0.195,  0.184
  5280,  0.547,  0.084,  0.641,  0.078,  0.163,  0.375
  5340,  0.564,  0.150,  0.523,  0.078,  0.186,  0.243
  5400,  0.656,  0.136,  0.536,  0.052,  0.115,  0.302
  5460,  0.487,  0.090,  0.512,  0.077,  0.184,  0.359
  5520,  0.569,  0.059,  0.434,  0.035,  0.103,  0.258
  5580,  0.521,  0.056,  0.536,  0.046,  0.092,  0.193
  5640,  0.478,  0.104,  0.545,  0.024,  0.129,  0.279
  5700,  0.675,  0.123,  0.590,  0.042,  0.206,  0.246
  5760,  0.723,  0.105,  0.554,  0.053,  0.174,  0.410
  5820,  0.656,  0.036,  0.565,  0.069,  0.200,  0.379
  5880,  0.628,  0.076,  0.490,  0.077,  0.161,  0.327
  5940,  0.602,  0.091,  0.502,  0.058,  0.196,  0.374
  6000,  0.567,  0.074,  0.518,  0.049,  0.168,  0.521
  6060,  0.657,  0.034,  0.775,  0.016,  0.076,  0.493
  6120,  0.277,  0.020,  0.484,  0.057,  0.068,  0.184
  6180, -0.104,  0.001,  0.441,  0.085, -0.018,  0.055
  6240,  0.575,  0.134,  0.521,  0.028,  0.124,  0.329
  6300,  0.608,  0.132,  0.503,  0.088,  0.143,  0.434
  6360,  0.399,  0.024,  0.485,  0.089,  0.139,  0.335
  6420,  0.376,  0.119,  0.467,  0.053,  0.128,  0.170
  6480,  0.509,  0.131,  0.527,  0.088,  0.162,  0.420
  6540,  0.434,  0.106,  0.552,  0.055,  0.143,  0.306
  6600,  0.553,  0.109,  0.496,  0.092,  0.210,  0.375
  6660,  0.497,  0.100,  0.478,  0.083,  0.180,  0.447
  6720,  0.457,  0.087,  0.498,  0.076,  0.143,  0.368
  6780,  0.296,  0.075,  0.553,  0.062,  0.107,  0.143
  6840,  0.227,  0.017,  0.523,  0.062,  0.081,  0.115
  6900,  0.796,  0.114,  0.699,  0.127,  0.372,  0.355
  6960,  0.585,  0.132,  0.564,  0.107,  0.223,  0.340
  7020,  0.829,  0.094,  0.764,  0.131,  0.292,  0.284
  7080,  0.592,  0.174,  0.537,  0.097,  0.175,  0.293
  7140,  0.632,  0.098,  0.508,  0.115,  0.175,  0.384
  7200,  0.610,  0.111,  0.492,  0.083,  0.191,  0.325
  7260,  0.558,  0.121,  0.449,  0.078,  0.198,  0.413
  7320,  0.615,  0.081,  0.527,  0.142,  0.269,  0.329
  7380,  0.630,  0.086,  0.511,  0.131,  0.216,  0.373
  7440,  0.589,  0.074,  0.590,  0.135,  0.228,  0.487
  7500,  0.554,  0.110,  0.490,  0.125,  0.160,  0.403
  7560,  0.658,  0.123,  0.525,  0.139,  0.204,  0.577
  7620,  0.631,  0.118,  0.482,  0.119,  0.212,  0.557
  7680,  0.539,  0.132,  0.596,  0.149,  0.227,  0.519
  7740,  0.574,  0.081,  0.543,  0.116,  0.184,  0.597
  7800,  0.629,  0.159,  0.581,  0.133,  0.194,  0.924
  7860,  0.719,  0.039,  0.552,  0.192,  0.249,  1.191
  7920,  0.834, -0.020,  0.850, -0.013,  0.252, -0.008
  7980,  0.563,  0.091,  0.564,  0.175,  0.205,  1.796
  8040,  0.646,  0.137,  0.647,  0.165,  0.198,  2.977
  8100,  0.637,  0.153,  0.704,  0.170,  0.204,  3.367
  8160,  0.643,  0.107,  0.781,  0.178,  0.206,  3.581
  8220,  0.704,  0.138,  0.876,  0.217,  0.355,  4.456
  8280,  0.600,  0.100,  0.757,  0.261,  0.248,  4.279
  8340,  0.576,  0.212,  0.799,  0.209,  0.232,  4.662
  8400,  0.468,  0.088,  0.760,  0.219,  0.244,  4.546
  8460,  0.743,  0.078,  0.938,  0.268,  0.276,  5.589
  8520,  0.618,  0.123,  0.918,  0.255,  0.201,  6.581
  8580,  0.549,  0.055,  0.850,  0.244,  0.220,  5.601
  8640,  0.378,  0.095,  0.796,  0.236,  0.153,  5.068
  8700,  0.630,  0.088,  0.923,  0.256,  0.213,  5.522
  8760,  0.617,  0.137,  0.894,  0.284,  0.252,  5.263
  8820,  0.582,  0.108,  0.833,  0.300,  0.270,  5.009
  8880,  0.529,  0.080,  0.923,  0.276,  0.162,  5.566
  8940,  0.701,  0.151,  0.877,  0.290,  0.218,  6.750
  9000,  0.631,  0.073,  0.934,  0.343,  0.229,  5.568
  9060,  0.693,  0.156,  0.983,  0.266,  0.226,  5.657
  9120,  0.535,  0.099,  1.036,  0.313,  0.230,  7.502
  9180,  0.406,  0.032,  0.823,  0.335,  0.178,  4.745
  9240,  0.343,  0.054,  0.863,  0.258,  0.208,  3.906
  9300,  0.637,  0.066,  0.879,  0.285,  0.232,  4.667
  9360,  0.513,  0.108,  0.845,  0.282,  0.223,  5.055
  9420,  0.482,  0.032,  0.884,  0.253,  0.233,  3.151
  9480,  0.612,  0.098,  0.724,  0.353,  0.268,  2.584
  9540,  0.504,  0.076,  0.679,  0.308,  0.256,  2.323
  9600,  0.590,  0.129,  0.759,  0.303,  0.274,  2.273
  9660,  0.467,  0.051,  0.736,  0.346,  0.220,  1.828
  9720,  0.569,  0.111,  0.685,  0.272,  0.117,  1.337
  9780,  0.545,  0.060,  0.709,  0.288,  0.247,  2.089
  9840,  0.630,  0.106,  0.807,  0.346,  0.245,  2.285
  9900,  0.820,  0.122,  0.937,  0.364,  0.404,  2.628
  9960,  0.559,  0.165,  0.730,  0.381,  0.293,  3.262
 10020,  0.325,  0.026,  0.770,  0.321,  0.247,  3.674
 10080,  0.516,  0.092,  0.797,  0.331,  0.271,  4.238
 10140,  0.440,  0.059,  0.840,  0.340,  0.194,  4.318
 10200,  0.132,  0.025,  0.748,  0.318,  0.120,  3.883
 10260,  0.488,  0.023,  0.833,  0.371,  0.224,  5.471
 10320,  0.510,  0.122,  0.853,  0.402,  0.270,  5.279
 10380,  0.569,  0.102,  1.048,  0.388,  0.336,  5.480
 10440,  0.371,  0.026,  0.802,  0.414,  0.227,  5.472
 10500,  0.345,  0.077,  0.897,  0.378,  0.192,  5.946
 10560,  0.657,  0.175,  0.912,  0.366,  0.263,  6.125
 10620,  0.554,  0.109,  0.784,  0.373,  0.271,  6.625
 10680,  0.392,  0.103,  0.903,  0.387,  0.221,  5.980
 10740,  0.442,  0.108,  0.894,  0.345,  0.246,  6.460
 10800,  0.472,  0.117,  0.914,  0.401,  0.295,  5.749
 10860,  0.260,  0.041,  0.947,  0.374,  0.212,  4.786
 10920,  0.498,  0.122,  1.061,  0.384,  0.276,  5.319
 10980,  0.444,  0.081,  0.920,  0.408,  0.234,  5.531
 11040,  0.571,  0.044,  0.909,  0.423,  0.282,  5.929
 11100,  0.412,  0.094,  0.905,  0.353,  0.264,  7.555
 11160,  0.516,  0.123,  0.868,  0.328,  0.233,  8.473
 11220,  0.508,  0.103,  0.761,  0.339,  0.243,  9.162
 11280,  0.383,  0.117,  0.793,  0.336,  0.222,  9.222
 11340,  0.471,  0.103,  0.809,  0.399,  0.247,  9.199
 11400,  0.489,  0.059,  0.823,  0.351,  0.249, 10.175
 11460,  0.461,  0.090,  0.802,  0.351,  0.211, 10.543
 11520,  0.481,  0.056,  0.723,  0.401,  0.203, 10.210
 11580, -9999.000, -9999.000, -9999.000, -9999.000, -9999.000, -9999.000
 11640,  0.461,  0.087,  0.731,  0.347,  0.225,  9.220
 11700,  0.530,  0.108,  0.736,  0.314,  0.236,  9.160
 11760,  0.471,  0.090,  0.708,  0.325,  0.197,  8.712
 11820,  0.526,  0.227,  0.621,  0.358,  0.204,  8.283
 11880,  0.431,  0.094,  0.710,  0.415,  0.230,  8.459
 11940,  0.516,  0.121,  0.698,  0.337,  0.208,  8.630
 12000,  0.542,  0.079,  0.649,  0.320,  0.187,  8.570
 12060,  0.498,  0.096,  0.765,  0.369,  0.199,  7.479
 12120,  0.508,  0.032,  0.679,  0.310,  0.234,  8.342
 12180,  0.479,  0.056,  0.588,  0.317,  0.197,  8.295
 12240,  0.553, -0.006,  0.708,  0.313,  0.250,  8.654
 12300,  0.457,  0.013,  0.666,  0.314,  0.212,  8.535
 12360,  0.452,  0.053,  0.603,  0.294,  0.179,  8.482
 12420,  0.467,  0.078,  0.716,  0.347,  0.240,  7.801
 12480,  0.549,  0.077,  0.586,  0.303,  0.218,  8.254
 12540,  0.512,  0.083,  0.702,  0.259,  0.226,  8.023
 12600,  0.514,  0.012,  0.679,  0.255,  0.194,  7.708
 12660,  0.441, -0.013,  0.640,  0.290,  0.216,  7.797
 12720,  0.558,  0.075,  0.628,  0.255,  0.176,  7.757
 12780,  0.403,  0.024,  0.672,  0.272,  0.278,  7.618
 12840,  0.403,  0.071,  0.556,  0.245,  0.242,  7.307
 12900,  0.579,  0.037,  0.556,  0.290,  0.202,  6.786
 12960,  0.398, -0.005,  0.616,  0.219,  0.201,  6.858
 13020,  0.394,  0.052,  0.695,  0.222,  0.191,  9.049
 13080,  0.493, -0.025,  0.671,  0.319,  0.183,  9.715
 13140,  0.405,  0.078,  0.682,  0.288,  0.175,  8.561
 13200,  0.516, -0.033,  0.663,  0.322,  0.226,  7.506
 13260,  0.503,  0.077,  0.705,  0.387,  0.216,  7.017
 13320,  0.476, -0.030,  0.738,  0.537,  0.195,  7.093
 13380,  0.532,  0.116,  0.742,  0.534,  0.222,  6.714
 13440, -9999.000, -9999.000, -9999.000, -9999.000, -9999.000, -9999.000
 13500,  0.483,  0.042,  0.763,  0.623,  0.209,  6.626
 13560,  0.484,  0.017,  0.862,  0.597,  0.240,  7.268
 13620,  0.448,  0.030,  0.808,  0.569,  0.219,  7.051
 13680,  0.408, -0.007,  0.974,  0.441,  0.234, 11.193
 13740,  0.471, -0.011,  0.982,  0.422,  0.235, 14.210
 13800,  0.615,  0.057,  0.934,  0.402,  0.250, 18.444
 13860,  0.531,  0.030,  0.998,  0.420,  0.205, 26.943
 13920,  0.667,  0.047,  1.009,  0.395,  0.220, 25.884
 13980,  0.699, -0.007,  1.140,  0.431,  0.262, 36.383
 14040,  0.543, -0.034,  1.201,  0.619,  0.263, 35.096
 14100,  0.540, -0.037,  0.719,  0.491,  0.244,  7.001
 14160,  0.548,  0.011,  0.882,  0.521,  0.211, 20.579
 14220,  0.505,  0.022,  1.026,  0.609,  0.209, 21.418
 14280,  0.620,  0.082,  1.290,  0.731,  0.268, 42.149
 14340,  0.547,  0.081,  1.267,  0.830,  0.237, 44.443
 14400,  0.580,  0.028,  0.783,  0.400,  0.213, 19.559
 14460,  0.560,  0.029,  0.777,  0.452,  0.186, 19.454
 14520,  0.556, -0.030,  0.598,  0.424,  0.208,  8.817
 14580,  0.382, -0.019,  0.835,  0.467,  0.182, 22.992
 14640,  0.586,  0.050,  0.822,  0.651,  0.216, 26.800
 14700,  0.634,  0.084,  0.814,  0.534,  0.216, 24.651
 14760,  0.490,  0.066,  0.813,  0.580,  0.203, 17.428
 14820,  0.610,  0.018,  0.810,  0.631,  0.219, 23.058
 14880,  0.550,  0.040,  0.549,  0.524,  0.195,  7.498
 14940,  0.550,  0.040,  0.453,  0.496,  0.252,  6.889
 15000,  0.515,  0.045,  0.633,  0.628,  0.193, 10.756
 15060,  0.511,  0.091,  0.667,  0.652,  0.216, 12.315
 15120,  0.691, -0.013,  0.770,  0.572,  0.173,  8.103
 15180,  0.672,  0.068,  0.800,  0.598,  0.190, 24.827
 15240,  0.590,  0.020,  0.706,  0.562,  0.197, 13.781
 15300, -9999.000, -9999.000, -9999.000, -9999.000, -9999.000, -9999.000
 15360,  0.613,  0.056,  0.419,  0.387,  0.178,  4.466
 15420,  0.681,  0.012,  0.440,  0.371,  0.211,  4.260
 15480,  0.694, -0.009,  0.518,  0.417,  0.223,  8.348
 15540,  0.791,  0.042,  0.579,  0.413,  0.207,  4.261
 15600,  0.692,  0.075,  0.536,  0.362,  0.202,  3.832
 15660,  0.748,  0.039,  0.529,  0.363,  0.154,  3.740
 15720,  0.734, -0.047,  0.559,  0.442,  0.154,  5.699
 15780,  0.955,  0.042,  0.574,  0.346,  0.160,  3.717
 15840,  0.924,  0.023,  0.518,  0.346,  0.158,  3.405
 15900,  0.932,  0.011,  0.526,  0.359,  0.188,  3.274
 15960,  0.910,  0.004,  0.514,  0.326,  0.166,  4.741
 16020,  0.983,  0.028,  0.543,  0.270,  0.182,  3.197
 16080,  0.857,  0.030,  0.541,  0.326,  0.129,  4.817
 16140,  0.755,  0.001,  0.485,  0.315,  0.178,  3.918
 16200,  0.722, -0.006,  0.501,  0.341,  0.161,  3.957
 16260,  0.859,  0.003,  0.521,  0.350,  0.162,  5.254
 16320,  0.940,  0.084,  0.532,  0.355,  0.210,  3.451
 16380,  0.902, -0.022,  0.506,  0.363,  0.191,  4.887
 16440,  1.061,  0.034,  0.542,  0.290,  0.152,  4.779
 16500,  1.145, -0.066,  0.594,  0.285,  0.217,  4.589
 16560,  1.114, -0.015,  0.568,  0.259,  0.170,  5.754
 16620,  1.101,  0.070,  0.672,  0.385,  0.151, 12.051
 16680,  1.083,  0.005,  0.680,  0.366,  0.169,  9.803
 16740,  1.032, -0.029,  0.587,  0.312,  0.185,  6.283
 16800,  1.031,  0.070,  0.609,  0.336,  0.129,  4.371
 16860,  0.860,  0.008,  0.562,  0.275,  0.143,  4.284
 16920,  0.775,  0.048,  0.651,  0.304,  0.163,  4.874
 16980,  0.555, -0.056,  0.568,  0.372,  0.121,  7.290
 17040,  0.758,  0.013,  0.641,  0.301,  0.154,  6.875
 17100,  0.732, -0.066,  0.628,  0.388,  0.149, 13.138
 17160,  0.613, -0.070,  0.583,  0.295,  0.192,  7.295
 17220,  0.562, -0.005,  0.636,  0.292,  0.155,  8.000
 17280,  0.574,  0.012,  0.689,  0.375,  0.197,  7.859
