CampaignData_and_Merges/R0/CSL_MobileLab_Parked/raw/20240816/USOS-NOAAIodideCIMS-PANs_MobileLabGround_20240816_RA.ict
35, 1001
Michael A Robinson, Chris Jernigan, Subi Thakali
NOAA ESRL Chemical Sciences Laboratory and CIRES, U. of Colorado
NOAA Iodide CIMS Instrument
USOS
1, 1
2024, 08, 16, 2024, 08, 18
1
starttime_UTC, seconds_past_midnight, seconds_of_day_since_00:00:00_UTC
3
1, 1, 1
-9999, -9999, -9999
PAN_NOAACIMS, pptv, Gas_PAN_InSitu_S_AVMR, 
APAN_NOAACIMS, pptv, Gas_APAN_InSitu_S_AVMR, 
PPN_NOAACIMS, pptv, Gas_PPN_InSitu_S_AVMR, 
0
18
PI_CONTACT_INFO: 325 Broadway, R/CSD 7, Boulder, Colorado 80305; michael.a.robinson@noaa.gov; chris.jernigan@noaa.gov;
PLATFORM: NOAA CSL Mobile Lab
LOCATION: SLC, Utah
ASSOCIATED_DATA: 1Hz data also available on request.
INSTRUMENT_INFO: NOAA I- ToF CIMS
DATA_INFO: All data in parts per trillion by volume (pptv). 1 Hz data is available upon request.
UNCERTAINTY: TBD
ULOD_FLAG: -7777
ULOD_VALUE: N/A
LLOD_FLAG: -8888
LLOD_VALUE: N/A
DM_CONTACT_INFO: Nathan Howard; nathan.h.howard@noaa.gov
PROJECT_INFO: USOS, summer 2024. https://csl.noaa.gov/groups/csl7/measurements/2024usos/
STIPULATIONS_ON_USE: Users are strongly encouraged to contact the PI for proper data usage.
OTHER_COMMENTS: 
REVISION: RA
RA: Preliminary Data; For in-field use only
starttime_UTC, PAN_NOAACIMS, APAN_NOAACIMS, PPN_NOAACIMS
[from data line 1302]
 78120, 200.530,  2.527, 17.503
 78180, 197.040,  2.463, 14.934
 78240, 201.954,  3.042, 17.450
 78300, 208.417,  2.493, 17.039
 78360, 212.323,  2.985, 15.907
 78420, 210.439,  2.367, 18.096
 78480, 209.106,  1.850, 15.911
 78540, 213.838,  2.831, 17.905
 78600, 217.596,  2.696, 18.179
 78660, 218.545,  2.622, 18.271
 78720, 214.750,  2.519, 15.041
 78780, 211.575,  4.675, 15.873
 78840, 204.700,  1.915, 15.826
 78900, 209.222,  1.564, 15.510
 78960, 204.710,  2.815, 15.071
 79020, 198.190,  2.847, 15.701
 79080, 199.682,  1.510, 15.058
 79140, 203.092,  2.399, 14.890
 79200, 197.311,  2.072, 16.747
 79260, 191.845,  2.380, 15.118
 79320, 185.366,  2.546, 12.734
 79380, 187.862,  1.687, 13.109
 79440, 187.624,  1.555, 14.925
 79500, 179.276,  2.348, 12.691
 79560, 175.464,  1.565, 13.203
 79620, 169.210,  2.911, 12.526
 79680, 173.887,  2.055, 14.312
 79740, 159.392,  5.312, 14.808
 79800, 165.589,  1.343, 10.038
 79860, 159.508,  2.258, 12.534
 79920, -9999.000, -9999.000, -9999.000
 79980, 171.642,  2.150, 13.210
 80040, 169.850,  1.934, 12.533
 80100, 169.341,  1.251, 13.086
 80160, 174.636,  2.448, 13.910
 80220, 175.819,  2.087, 13.229
 80280, 174.496,  2.266, 12.262
 80340, 172.499,  2.249, 12.583
 80400, 162.285,  2.032, 12.253
 80460, 157.581,  1.952, 11.510
 80520, 154.131,  1.167, 12.137
 80580, 158.846,  2.847,  9.960
 80640, 164.677,  2.631, 11.528
 80700, 158.907,  1.247, 11.298
 80760, 155.266,  2.253, 11.027
 80820, 146.548,  2.424, 12.028
 80880, 150.951,  1.946,  8.838
 80940, 149.625,  1.805, 11.359
 81000, 148.419,  1.713, 12.258
 81060, 150.661,  3.243,  9.906
 81120, 153.923,  2.622, 11.192
 81180, 145.489,  2.040,  9.106
 81240, 157.271,  1.301, 10.528
 81300, 158.509,  2.624, 12.127
 81360, 155.681,  2.286, 11.114
 81420, 154.679,  2.375, 11.599
 81480, 158.535,  2.140, 11.424
 81540, 150.104,  2.708, 10.620
 81600, 145.296,  2.338, 10.253
 81660, 150.306,  1.990, 10.476
 81720, 152.109,  2.305, 10.521
 81780, 138.480,  5.025, 17.359
 81840, 147.936,  2.136,  9.353
 81900, 147.130,  1.932,  9.410
 81960, 145.992,  2.574, 10.087
 82020, 146.965,  1.715, 10.757
 82080, 147.645,  1.935,  9.672
 82140, 148.230,  2.911,  9.882
 82200, 149.114,  2.759,  8.421
 82260, 140.765,  2.833,  9.051
 82320, 141.477,  1.724,  8.666
 82380, 151.380,  1.502,  9.664
 82440, 144.955,  2.426,  9.204
 82500, 151.874,  1.879,  9.349
 82560, 149.537,  1.704,  8.924
 82620, 148.841,  1.978,  9.207
 82680, 151.275,  2.003, 11.417
 82740, 153.547,  1.791,  9.973
 82800, 151.328,  2.259,  9.798
 82860, 137.467,  2.036,  8.254
 82920, 128.788,  3.013,  8.786
 82980, 124.815,  4.720,  7.578
 83040, 125.742,  2.793,  8.550
 83100, 122.000,  1.865,  7.947
 83160, 115.768,  1.153,  7.461
 83220, 123.693,  1.565,  7.545
 83280, 131.277,  2.237,  9.712
 83340, 137.895,  1.409,  8.819
 83400, 130.378,  1.789,  7.635
 83460, 123.652,  2.110,  8.441
 83520, 123.263,  2.304,  7.307
 83580, 128.938,  1.608, 10.563
 83640, 123.597,  1.857,  8.852
 83700, 125.381,  1.327,  9.055
 83760, 122.287,  1.452,  8.545
 83820, 128.138,  1.305,  8.323
 83880, 131.160,  2.964,  8.838
 83940, 132.654,  1.471,  8.820
 84000, 132.569,  2.040,  7.487
 84060, 126.955,  2.519,  7.966
 84120, 131.621,  2.446,  9.335
 84180, 131.998,  2.965,  9.533
 84240, -9999.000, -9999.000, -9999.000
 84300, -9999.000, -9999.000, -9999.000
 84360, 140.020,  1.881, 11.328
 84420, 142.575,  3.577,  9.914
 84480, 141.149,  2.862, 10.677
 84540, 149.501, -0.333, 14.253
 84600, 137.303,  2.647, 10.178
 84660, 132.767,  3.460,  8.428
 84720, 133.223,  3.214,  8.797
 84780, 131.315,  2.712, 10.117
 84840, 132.701,  2.886,  9.870
 84900, 131.609,  3.780,  9.398
 84960, 136.601,  3.409,  8.930
 85020, 136.142,  2.971, 10.646
 85080, 129.468,  3.674,  7.406
 85140, 130.691,  3.627,  7.797
 85200, 131.626,  2.318,  8.072
 85260, 132.959,  2.968,  8.995
 85320, 133.436,  2.715,  7.810
 85380, 132.079,  4.211,  8.261
 85440, 138.387,  3.169,  9.335
 85500, 144.857,  1.997,  9.617
 85560, 140.836,  3.351, 10.015
 85620, 137.321,  2.329,  8.985
 85680, 131.493,  2.907,  9.542
 85740, 132.039,  3.426,  9.599
 85800, 136.827,  3.448,  7.932
 85860, 131.923,  2.091, 10.485
 85920, 133.070,  3.160, 10.195
 85980, 125.796,  2.845,  8.145
 86040, 129.625,  1.729,  9.459
 86100, 135.942, -0.094, 10.165
 86160, 132.753,  3.470, 10.599
 86220, 138.136,  3.607,  9.526
 86280, 140.050,  2.364,  8.296
 86340, 138.204,  3.938,  9.709
