CampaignData_and_Merges/R0/CSL_MobileLab_Parked/raw/20240816/USOS-POPS_MobileLabGround_20240816_R0.ict
78, 1001
Thornberry, T. D.
NOAA Chemical Sciences Laboratory
Portable Optical Particle Spectrometer (POPS)
USOS
1, 1
2024, 08, 16, 2025, 05, 08
60
Time_Start, seconds_past_midnight, Start time of measurement
45
1, 1, 1, 1, 1, 1, 1, 1, 1, 1, 1, 1, 1, 1, 1, 1, 1, 1, 1, 1, 1, 1, 1, 1, 1, 1, 1, 1, 1, 1, 1, 1, 1, 1, 1, 1, 1, 1, 1, 1, 1, 1, 1, 1, 1
-9999, -9999, -9999, -9999, -9999, -9999, -9999, -9999, -9999, -9999, -9999, -9999, -9999, -9999, -9999, -9999, -9999, -9999, -9999, -9999, -9999, -9999, -9999, -9999, -9999, -9999, -9999, -9999, -9999, -9999, -9999, -9999, -9999, -9999, -9999, -9999, -9999, -9999, -9999, -9999, -9999, -9999, -9999, -9999, -9999
Time_Stop, seconds_past_midnight, Stop time of measurement
Time_Mid, seconds_past_midnight, Mid time of measurement
Press_mb, mb, Pressure reported (mb)
Temp_C, degrees C, POPS temperature measurement
Aerosol_concentration, cm^-3, Aerosol concentration
Surface_Area_Conc, um^2 cm^-3, Surface area concentration
Volume_density, um^3 cm^-3, Volume density
Effective_radius, um, Effective radius
Extinction, km^-1, Extinction
Bin01, cm^-3, particle concentration in size range [1401 - 146.3 nm]
Bin02, cm^-3, particle concentration in size range [146.3 - 152.8 nm]
Bin03, cm^-3, particle concentration in size range [152.8 - 159.6 nm]
Bin04, cm^-3, particle concentration in size range [159.6 - 166.8 nm]
Bin05, cm^-3, particle concentration in size range [166.8 - 174.2 nm]
Bin06, cm^-3, particle concentration in size range [174.2 - 181.9 nm]
Bin07, cm^-3, particle concentration in size range [181.9 - 190.0 nm]
Bin08, cm^-3, particle concentration in size range [190.0 - 198.5 nm]
Bin09, cm^-3, particle concentration in size range [198.5 - 207.4 nm]
Bin10, cm^-3, particle concentration in size range [207.4 - 216.6 nm]
Bin11, cm^-3, particle concentration in size range [216.6 - 226.2 nm]
Bin12, cm^-3, particle concentration in size range [226.2 - 236.3 nm]
Bin13, cm^-3, particle concentration in size range [236.3 - 246.8 nm]
Bin14, cm^-3, particle concentration in size range [246.8 - 257.8 nm]
Bin15, cm^-3, particle concentration in size range [257.8 - 269.3 nm]
Bin16, cm^-3, particle concentration in size range [269.3 - 343.4 nm]
Bin17, cm^-3, particle concentration in size range [343.4 - 450.7 nm]
Bin18, cm^-3, particle concentration in size range [450.7 - 525.9 nm]
Bin19, cm^-3, particle concentration in size range [525.9 - 618.5 nm]
Bin20, cm^-3, particle concentration in size range [618.5 - 710.0 nm]
Bin21, cm^-3, particle concentration in size range [710.0 - 822.7 nm]
Bin22, cm^-3, particle concentration in size range [822.7 - 885.9 nm]
Bin23, cm^-3, particle concentration in size range [885.9 - 953.9 nm]
Bin24, cm^-3, particle concentration in size range [953.9 - 1027.2 nm]
Bin25, cm^-3, particle concentration in size range [1027.2 - 1106.1 nm]
Bin26, cm^-3, particle concentration in size range [1106.1 - 1191.0 nm]
Bin27, cm^-3, particle concentration in size range [1191.0 - 1282.5 nm]
Bin28, cm^-3, particle concentration in size range [1282.5 - 1381.0 nm]
Bin29, cm^-3, particle concentration in size range [1381.0 - 1487.1 nm]
Bin30, cm^-3, particle concentration in size range [1487.1 - 1601.3 nm]
Bin31, cm^-3, particle concentration in size range [1601.3 - 1724.3 nm]
[...]
PLATFORM: NOAA CSL Mobile Lab
LOCATION: USOS
ASSOCIATED_DATA: N/A
INSTRUMENT_INFO: Printed Optical Particle Spectrometer counts particles from 140 - 2500 nm in diameter 
DATA_INFO: Particle concentrations reported in number per cubic centimeter,1 Hz data
UNCERTAINTY: Counting uncertainty dominated by air flow, less than 5 percent. Measurement range is ~0 - 3000 per cm3 (varies depending on flow rate- manufacturer quotes 1250 per cm3 at 1.667 cc/s)
ULOD_FLAG: -7777
ULOD_VALUE: N/A
LLOD_FLAG: -8888
LLOD_VALUE: N/A
DM_CONTACT_INFO: Troy Thornberry, 325 Broadway R/CSL6, Boulder, CO 80305; troy.thornberry@noaa.gov; 303-497-3373
PROJECT_INFO: USOS, Utah POPS data from NOAA CSL Mobile Lab
STIPULATIONS_ON_USE: Please contact the PIs for questions regarding applications and uncertainties
OTHER_COMMENTS: POPS bin Edges (nm):  140.1, 146.3, 152.8, 159.6, 166.8, 174.2, 181.9, 190.0, 198.5, 207.4, 216.6, 226.2, 236.3, 246.8, 257.8, 269.3, 343.4, 450.7, 525.9, 618.5, 710.0, 822.7, 885.9, 953.9, 1027.2, 1106.1, 1191.0, 1282.5, 1381.0, 1487.1, 1601.3, 1724.3, 1856.7, 1999.3, 2152.8, 2318.2, 2496.2
Calculations assume organic aerosol refractive index of 1.52+0.00j and extinction wavelength = 532 nm
REVISION: R0
R0: Final data
Time_Start, Time_Stop, Time_Mid, Press_mb, Temp_C, Aerosol_concentration, Surface_Area_Conc, Volume_density, Effective_radius, Extinction, Bin01, Bin02, Bin03, Bin04, Bin05, Bin06, Bin07, Bin08, Bin09, Bin10, Bin11, Bin12, Bin13, Bin14, Bin15, Bin16, Bin17, Bin18, Bin19, Bin20, Bin21, Bin22, Bin23, Bin24, Bin25, Bin26, Bin27, Bin28, Bin29, Bin30, Bin31, Bin32, Bin33, Bin34, Bin35, Bin36
[from data line 1425]
85500,85559,85530,869.352,34.040,102.544,13.876,0.936,0.186,0.003,15.992890,13.670235,11.445825,9.420323,8.205645,6.396853,5.369473,4.557647,3.689065,3.478616,2.940763,2.809833,2.911810,2.350004,1.838263,4.971838,1.431717,0.489536,0.245148,0.044581,0.083132,0.011244,0.044549,0.005447,0.000000,0.010987,0.000000,0.022468,0.044433,0.016668,0.000000,0.011261,0.005537,0.000000,0.010965,0.016901
85560,85619,85590,869.351,34.069,102.032,14.174,0.978,0.196,0.004,16.284431,13.169676,11.289124,9.287845,7.719382,6.289113,5.394498,4.424455,3.727703,3.189727,3.045818,2.928551,2.886083,2.465930,2.044443,5.320648,1.459348,0.488314,0.200363,0.055489,0.077431,0.038946,0.049762,0.039058,0.016668,0.005537,0.011022,0.022205,0.005650,0.022410,0.022449,0.011149,0.010929,0.005574,0.022489,0.000000
85620,85679,85650,869.328,34.047,103.542,13.767,0.846,0.174,0.003,16.856968,13.794772,11.089527,9.773353,8.094213,6.258171,4.982165,4.609096,4.043317,3.247917,2.828732,3.070214,2.763488,2.517526,1.905523,5.275328,1.474846,0.431782,0.249339,0.033026,0.016475,0.027604,0.011150,0.043851,0.010983,0.027808,0.005612,0.010808,0.021950,0.011076,0.022357,0.011039,0.016742,0.000000,0.000000,0.005308
85680,85739,85710,869.304,34.145,105.955,14.276,0.901,0.179,0.004,16.954693,13.777481,11.622040,9.892214,8.407919,6.782044,5.481342,4.522869,4.147419,3.326688,3.186367,2.970769,2.631994,2.513204,1.858633,5.184886,1.559322,0.450500,0.301337,0.067022,0.055472,0.044542,0.033237,0.044665,0.033166,0.005464,0.005650,0.010888,0.005537,0.033565,0.011056,0.010901,0.005727,0.005501,0.000000,0.010938
85740,85799,85770,869.321,34.064,103.220,13.873,0.866,0.176,0.004,16.196112,13.789436,11.635573,9.649560,7.802041,6.592007,5.455098,4.241516,4.061060,3.196323,3.193146,2.877474,2.552705,2.322458,1.823305,5.209201,1.559083,0.420644,0.275788,0.078311,0.088921,0.044282,0.016894,0.011300,0.016677,0.010858,0.005593,0.016346,0.005688,0.022146,0.016652,0.005631,0.000000,0.016704,0.000000,0.010984
85800,85859,85830,869.303,34.031,100.569,13.497,0.891,0.182,0.003,15.737235,13.901206,10.615570,9.449287,7.937982,6.307032,5.163896,4.678086,3.840248,3.120986,2.834662,2.633200,2.604091,2.394082,1.752096,5.271886,1.384287,0.405518,0.254784,0.011038,0.049697,0.022159,0.033210,0.016760,0.005593,0.022150,0.016542,0.022354,0.005464,0.022373,0.016455,0.016836,0.005447,0.005593,0.000000,0.011188
85860,85919,85890,869.298,34.003,100.618,13.480,0.863,0.179,0.003,15.348862,13.483597,10.836613,9.600686,7.902732,6.450416,5.436384,4.301318,3.553261,3.296444,3.177664,2.782421,2.670781,2.406253,1.826152,5.320699,1.330456,0.360746,0.211154,0.044084,0.049843,0.028060,0.027579,0.022448,0.005574,0.016413,0.016637,0.027728,0.022153,0.011095,0.011001,0.016651,0.005807,0.011094,0.005612,0.000000
85920,85979,85950,869.317,33.975,99.256,13.363,0.876,0.182,0.003,16.311571,13.235447,10.250433,9.018373,7.693262,6.433821,4.972042,4.500847,3.776828,3.104153,3.063033,2.716163,2.427742,2.328421,1.846485,5.399599,1.263059,0.311309,0.237885,0.060917,0.054964,0.044069,0.022391,0.038989,0.022228,0.011093,0.016837,0.016578,0.022298,0.000000,0.011133,0.016413,0.016388,0.000000,0.000000,0.010811
85980,86039,86010,869.302,33.950,101.582,13.302,0.763,0.164,0.003,15.788607,13.338775,11.595711,9.508686,7.939091,6.456271,5.126030,4.737733,3.707196,3.285405,2.971848,2.962971,2.606455,2.291349,1.917108,5.097160,1.339045,0.322929,0.238581,0.072971,0.043924,0.050119,0.027836,0.055881,0.005593,0.016874,0.010932,0.011223,0.011038,0.011435,0.005556,0.011039,0.011131,0.005519,0.000000,0.000000
86040,86099,86070,869.292,34.027,103.821,13.758,0.874,0.172,0.003,17.157120,14.168396,11.529387,9.669183,7.761365,6.628811,5.283793,4.529235,3.596079,3.319619,3.096612,2.879539,2.760892,2.409389,1.596183,5.019853,1.399628,0.471268,0.211321,0.060859,0.044232,0.044919,0.016252,0.033090,0.022395,0.005612,0.016724,0.000000,0.005612,0.016485,0.022353,0.011003,0.011186,0.016874,0.005556,0.000000
86100,86159,86130,869.291,34.010,102.834,14.140,0.971,0.191,0.004,16.085077,14.019676,11.082279,9.793220,7.651202,6.484780,5.203581,4.386173,3.995442,3.377644,2.868747,2.944747,2.618383,2.461745,1.904492,5.321936,1.563685,0.488221,0.249731,0.055845,0.044136,0.039052,0.022005,0.000000,0.010929,0.016631,0.027566,0.011149,0.011300,0.005556,0.033441,0.011058,0.017087,0.016410,0.005501,0.005501
86160,86219,86190,869.314,33.986,101.707,13.826,0.915,0.182,0.003,16.026262,13.668612,11.191545,9.476239,7.574029,6.154644,5.550997,4.545937,3.937598,3.396247,2.946853,2.844111,2.752807,2.340814,1.798420,5.080831,1.465610,0.417220,0.194784,0.099803,0.016753,0.021742,0.022478,0.000000,0.038782,0.022414,0.011041,0.005688,0.011208,0.022173,0.027546,0.000000,0.011300,0.011208,0.016158,0.005574
86220,86279,86250,869.300,33.944,101.028,13.393,0.823,0.170,0.003,15.761810,13.557747,10.738002,9.289428,7.760452,6.557199,5.541630,4.765403,3.664866,3.369351,2.905838,2.876139,2.664588,2.476152,1.778746,5.002318,1.364465,0.445864,0.198686,0.071944,0.055068,0.027650,0.010973,0.011111,0.010667,0.011009,0.016990,0.011302,0.010565,0.005631,0.038676,0.011261,0.005411,0.005359,0.000000,0.005593
86280,86339,86310,869.310,33.953,101.485,13.696,0.929,0.186,0.003,16.348825,13.538982,11.089787,9.169448,8.011476,6.351526,5.145534,4.599091,4.057601,3.316984,2.975168,2.765660,2.596112,2.474530,1.810910,4.955075,1.330599,0.334807,0.255456,0.055814,0.072772,0.017009,0.027581,0.011130,0.016939,0.016862,0.022663,0.016668,0.011001,0.022316,0.022135,0.016669,0.005501,0.005574,0.016630,0.000000
86340,86399,86370,869.267,33.936,99.233,13.965,1.149,0.220,0.004,15.418748,12.573135,10.781932,9.260791,7.849471,6.498832,5.032495,4.477959,4.055922,3.272298,2.941295,2.930671,2.727581,2.367586,1.916506,4.827184,1.325192,0.380057,0.210415,0.076353,0.055266,0.005359,0.038382,0.021670,0.016761,0.027452,0.011111,0.000000,0.011167,0.016521,0.011130,0.033084,0.010965,0.011132,0.032851,0.005688
