CampaignData_and_Merges/R0/CSL_MobileLab_Parked/raw/20240816/USOS-NOAAIodideCIMS-Halogens_MobileLabGround_20240816_RA.ict
38, 1001
Michael A Robinson, Chris Jernigan, Subi Thakali
NOAA ESRL Chemical Sciences Laboratory and CIRES, U. of Colorado
NOAA Iodide CIMS Instrument
USOS
1, 1
2024, 08, 16, 2024, 08, 18
1
starttime_UTC, seconds_past_midnight, seconds_of_day_since_00:00:00_UTC
6
1, 1, 1, 1, 1, 1
-9999, -9999, -9999, -9999, -9999, -9999
Br2_NOAACIMS, pptv, Gas_Br2_InSitu_S_AVMR, 
BrO_NOAACIMS, pptv, Gas_BrO_InSitu_S_AVMR, 
Cl2_NOAACIMS, pptv, Gas_Cl2_InSitu_S_AVMR, 
ClNO2_NOAACIMS, pptv, Gas_ClNO2_InSitu_S_AVMR, 
BrCl_NOAACIMS, pptv, Gas_BrCl_InSitu_S_AVMR, 
NCl3_NOAACIMS, pptv, Gas_NCl3_InSitu_S_AVMR, 
0
18
PI_CONTACT_INFO: 325 Broadway, R/CSD 7, Boulder, Colorado 80305; michael.a.robinson@noaa.gov; chris.jernigan@noaa.gov;
PLATFORM: NOAA CSL Mobile Lab
LOCATION: SLC, Utah
ASSOCIATED_DATA: 1Hz data also available on request.
INSTRUMENT_INFO: NOAA I- ToF CIMS
DATA_INFO: All data in parts per trillion by volume (pptv). 1 Hz data is available upon request.
UNCERTAINTY: TBD
ULOD_FLAG: -7777
ULOD_VALUE: N/A
LLOD_FLAG: -8888
LLOD_VALUE: N/A
DM_CONTACT_INFO: Nathan Howard; nathan.h.howard@noaa.gov
PROJECT_INFO: USOS, summer 2024. https://csl.noaa.gov/groups/csl7/measurements/2024usos/
STIPULATIONS_ON_USE: Users are strongly encouraged to contact the PI for proper data usage.
OTHER_COMMENTS: 
REVISION: RA
RA: Preliminary Data; For in-field use only
starttime_UTC, Br2_NOAACIMS, BrO_NOAACIMS, Cl2_NOAACIMS, ClNO2_NOAACIMS, BrCl_NOAACIMS, NCl3_NOAACIMS
[from data line 868]
 52080,  0.180,  0.056,  0.452,  0.322,  0.075,  0.105
 52140,  0.389,  0.070,  0.499,  0.330,  0.114,  0.159
 52200,  0.108, -0.010,  0.331,  0.331,  0.046,  0.199
 52260,  0.586, -0.018,  0.551,  0.245,  0.151,  0.324
 52320,  0.511,  0.056,  0.485,  0.290,  0.172,  0.133
 52380,  0.610,  0.019,  0.469,  0.312,  0.180,  1.000
 52440,  0.336,  0.082,  0.327,  0.285,  0.173,  0.282
 52500,  0.404,  0.055,  0.393,  0.337,  0.113,  0.427
 52560,  0.363,  0.100,  0.479,  0.370,  0.134,  0.185
 52620,  0.295,  0.037,  0.330,  0.355,  0.075,  0.090
 52680,  0.374, -0.010,  0.381,  0.281,  0.109,  0.299
 52740,  0.491,  0.104,  0.557,  0.428,  0.191,  5.293
 52800,  0.561,  0.057,  0.715,  0.575,  0.268, 15.498
 52860,  0.092,  0.070,  0.521,  0.346,  0.062,  3.126
 52920,  0.439,  0.061,  0.474,  0.347,  0.165,  0.527
 52980,  0.356,  0.019,  0.541,  0.280,  0.184,  0.251
 53040,  0.549,  0.079,  0.572,  0.375,  0.259,  6.281
 53100,  0.543,  0.054,  0.628,  0.345,  0.177,  3.836
 53160, -0.070, -0.022,  0.609,  0.295,  0.032,  3.561
 53220, -0.293, -0.106,  0.393,  0.263, -0.064,  0.627
 53280, -0.378, -0.101,  0.412,  0.235, -0.072,  0.200
 53340, -0.038, -0.067,  0.382,  0.276,  0.030,  0.361
 53400,  0.422,  0.020,  0.425,  0.334,  0.180,  0.214
 53460,  0.429,  0.000,  0.412,  0.266,  0.160,  0.162
 53520,  0.428, -0.024,  0.435,  0.333,  0.156,  0.171
 53580,  0.436, -0.067,  0.462,  0.286,  0.150,  0.165
 53640,  0.397, -0.019,  0.474,  0.269,  0.140,  0.076
 53700,  0.270, -0.051,  0.709,  0.413,  0.143, 12.537
 53760,  0.383, -0.022,  0.558,  0.346,  0.179,  1.941
 53820,  0.444, -0.016,  0.505,  0.311,  0.184,  1.157
 53880,  0.380, -0.035,  0.484,  0.324,  0.176,  0.388
 53940,  0.459,  0.024,  0.539,  0.276,  0.185,  1.820
 54000,  0.385, -0.069,  0.427,  0.329,  0.117,  0.639
 54060,  0.176,  0.091,  0.290,  0.219,  0.207,  0.099
 54120, -0.351, -0.186,  0.315,  0.279, -0.058,  0.849
 54180, -0.368, -0.163,  0.354,  0.274, -0.073,  0.191
 54240, -0.335, -0.177,  0.437,  0.244, -0.074,  0.236
 54300, -0.148, -0.144,  0.432,  0.268, -0.017,  0.020
 54360,  0.286, -0.092,  0.321,  0.254,  0.149,  0.104
 54420,  0.435, -0.044,  0.342,  0.404,  0.186,  0.039
 54480,  0.483, -0.064,  0.365,  0.288,  0.165,  0.112
 54540,  0.205, -0.075,  0.297,  0.263,  0.117,  0.024
 54600,  0.362, -0.054,  0.386,  0.286,  0.162,  0.051
 54660,  0.563,  0.004,  0.373,  0.352,  0.185,  0.035
 54720,  0.388,  0.017,  0.356,  0.300,  0.137,  0.062
 54780,  0.485, -0.032,  0.321,  0.310,  0.220,  0.046
 54840,  0.460, -0.072,  0.367,  0.302,  0.199,  0.104
 54900,  0.465, -0.041,  0.311,  0.251,  0.173,  0.080
 54960,  0.313, -0.033,  0.307,  0.283,  0.149,  0.036
 55020,  0.596, -0.022,  0.276,  0.323,  0.238,  0.155
 55080,  0.561,  0.020,  0.356,  0.288,  0.177,  0.096
 55140,  0.526, -0.033,  0.349,  0.285,  0.169,  0.053
 55200,  0.429,  0.024,  0.271,  0.335,  0.154,  0.137
 55260,  0.651, -0.006,  0.340,  0.316,  0.263,  0.124
 55320,  0.565,  0.066,  0.413,  0.280,  0.261,  0.178
 55380,  0.512,  0.008,  0.337,  0.317,  0.212,  0.212
 55440,  0.362, -0.035,  0.401,  0.288,  0.174,  0.114
 55500,  0.589,  0.080,  0.401,  0.311,  0.244,  0.181
 55560,  0.651, -0.012,  0.337,  0.269,  0.247,  0.107
 55620,  0.674,  0.091,  0.346,  0.290,  0.222,  0.116
 55680,  0.583,  0.037,  0.397,  0.284,  0.197,  0.091
 55740,  0.466,  0.001,  0.422,  0.221,  0.147,  0.043
 55800,  0.793,  0.132,  0.510,  0.273,  0.271,  0.131
 55860,  0.632,  0.073,  0.458,  0.222,  0.184,  0.113
 55920, -9999.000, -9999.000, -9999.000, -9999.000, -9999.000, -9999.000
 55980,  0.701,  0.078,  0.363,  0.295,  0.273,  0.165
 56040,  0.676,  0.082,  0.399,  0.226,  0.239,  0.117
 56100,  0.562,  0.034,  0.365,  0.254,  0.213,  0.093
 56160,  0.599,  0.016,  0.386,  0.240,  0.199,  0.078
 56220,  0.642,  0.087,  0.395,  0.263,  0.268,  0.112
 56280,  0.763,  0.047,  0.659,  0.258,  0.291,  0.207
 56340,  0.381,  0.002,  0.393,  0.225,  0.099,  0.035
 56400,  0.502,  0.007,  0.418,  0.247,  0.177,  0.061
 56460,  0.837,  0.001,  0.528,  0.242,  0.206,  0.108
 56520,  0.752,  0.097,  0.451,  0.242,  0.250,  0.199
 56580,  0.565,  0.105,  0.485,  0.187,  0.189,  0.095
 56640,  0.414,  0.061,  0.578,  0.187,  0.160,  0.046
 56700, -0.096, -0.083,  0.340,  0.120, -0.022, -0.030
 56760,  0.336, -0.031,  0.439,  0.204,  0.121,  0.065
 56820,  0.735,  0.064,  0.439,  0.252,  0.193,  0.154
 56880,  0.678,  0.049,  0.352,  0.200,  0.187,  0.079
 56940,  0.748,  0.058,  0.404,  0.280,  0.224,  0.035
 57000,  0.759,  0.122,  0.342,  0.213,  0.206,  0.150
 57060,  0.824,  0.036,  0.442,  0.257,  0.225,  0.143
 57120,  0.784,  0.115,  0.385,  0.255,  0.196,  0.133
 57180,  0.478,  0.083,  0.482,  0.225,  0.126,  0.078
 57240,  0.722,  0.097,  0.673,  0.217,  0.257,  0.281
 57300,  0.692,  0.081,  0.577,  0.232,  0.178,  0.153
 57360,  0.680,  0.015,  0.523,  0.233,  0.191,  0.136
 57420,  0.715,  0.087,  0.621,  0.222,  0.264,  0.124
 57480,  0.781,  0.102,  0.420,  0.233,  0.263,  0.082
 57540,  0.649,  0.049,  0.506,  0.202,  0.181,  0.154
 57600,  0.746,  0.099,  0.725,  0.258,  0.259,  0.248
 57660,  0.701,  0.095,  0.477,  0.240,  0.241,  0.675
 57720,  0.615,  0.214,  0.600,  0.220,  0.226,  0.613
 57780,  0.545,  0.060,  0.583,  0.278,  0.224,  0.589
 57840,  0.441,  0.135,  0.540,  0.241,  0.185,  0.467
 57900,  0.489,  0.058,  0.842,  0.250,  0.196,  0.649
 57960,  0.418,  0.106,  0.506,  0.165,  0.234,  0.307
 58020,  0.526,  0.069,  0.502,  0.214,  0.213,  0.119
 58080,  0.498,  0.071,  0.429,  0.160,  0.215,  0.148
 58140,  0.553,  0.150,  0.572,  0.209,  0.224,  0.201
 58200,  0.395,  0.100,  0.561,  0.217,  0.187,  0.455
 58260,  0.670,  0.071,  0.533,  0.202,  0.214,  1.400
 58320,  0.640,  0.063,  0.567,  0.250,  0.192,  1.822
 58380, -9999.000, -9999.000, -9999.000, -9999.000, -9999.000, -9999.000
 58440,  0.485,  0.122,  0.572,  0.187,  0.186,  0.877
 58500,  0.615,  0.069,  0.538,  0.185,  0.207,  0.302
 58560,  0.422,  0.046,  0.468,  0.192,  0.225,  0.141
 58620,  0.743,  0.081,  0.570,  0.215,  0.243,  0.787
 58680,  0.552,  0.006,  0.496,  0.202,  0.176,  1.192
 58740,  0.491, -0.026,  0.615,  0.187,  0.177,  0.575
 58800,  0.557,  0.086,  0.483,  0.202,  0.223,  0.604
 58860,  0.597,  0.020,  0.701,  0.222,  0.210,  0.676
 58920,  0.615,  0.032,  0.562,  0.227,  0.170,  0.168
 58980,  0.685, -0.031,  0.547,  0.221,  0.171,  0.423
 59040,  0.306, -0.011,  0.499,  0.163,  0.147,  1.023
 59100,  0.241, -0.051,  0.495,  0.171,  0.118,  0.073
 59160, -9999.000, -9999.000, -9999.000, -9999.000, -9999.000, -9999.000
 59220, -9999.000, -9999.000, -9999.000, -9999.000, -9999.000, -9999.000
 59280, -9999.000, -9999.000, -9999.000, -9999.000, -9999.000, -9999.000
 59340, -9999.000, -9999.000, -9999.000, -9999.000, -9999.000, -9999.000
 59400, -9999.000, -9999.000, -9999.000, -9999.000, -9999.000, -9999.000
 59460, -9999.000, -9999.000, -9999.000, -9999.000, -9999.000, -9999.000
 59520, -9999.000, -9999.000, -9999.000, -9999.000, -9999.000, -9999.000
 59580, -9999.000, -9999.000, -9999.000, -9999.000, -9999.000, -9999.000
 59640, -9999.000, -9999.000, -9999.000, -9999.000, -9999.000, -9999.000
 59700, -9999.000, -9999.000, -9999.000, -9999.000, -9999.000, -9999.000
 59760, -9999.000, -9999.000, -9999.000, -9999.000, -9999.000, -9999.000
 59820, -9999.000, -9999.000, -9999.000, -9999.000, -9999.000, -9999.000
 59880, -9999.000, -9999.000, -9999.000, -9999.000, -9999.000, -9999.000
 59940, -9999.000, -9999.000, -9999.000, -9999.000, -9999.000, -9999.000
 60000, -9999.000, -9999.000, -9999.000, -9999.000, -9999.000, -9999.000
 60060, -9999.000, -9999.000, -9999.000, -9999.000, -9999.000, -9999.000
 60120, -9999.000, -9999.000, -9999.000, -9999.000, -9999.000, -9999.000
 60180, -9999.000, -9999.000, -9999.000, -9999.000, -9999.000, -9999.000
 60240, -9999.000, -9999.000, -9999.000, -9999.000, -9999.000, -9999.000
 60300, -9999.000, -9999.000, -9999.000, -9999.000, -9999.000, -9999.000
 60360, -9999.000, -9999.000, -9999.000, -9999.000, -9999.000, -9999.000
 60420, -9999.000, -9999.000, -9999.000, -9999.000, -9999.000, -9999.000
 60480, -9999.000, -9999.000, -9999.000, -9999.000, -9999.000, -9999.000
 60540, -9999.000, -9999.000, -9999.000, -9999.000, -9999.000, -9999.000
 60600, -9999.000, -9999.000, -9999.000, -9999.000, -9999.000, -9999.000
 60660, -9999.000, -9999.000, -9999.000, -9999.000, -9999.000, -9999.000
 60720, -9999.000, -9999.000, -9999.000, -9999.000, -9999.000, -9999.000
 60780, -9999.000, -9999.000, -9999.000, -9999.000, -9999.000, -9999.000
 60840, -9999.000, -9999.000, -9999.000, -9999.000, -9999.000, -9999.000
 60900, -9999.000, -9999.000, -9999.000, -9999.000, -9999.000, -9999.000
 60960, -9999.000, -9999.000, -9999.000, -9999.000, -9999.000, -9999.000
 61020, -9999.000, -9999.000, -9999.000, -9999.000, -9999.000, -9999.000
 61080, -9999.000, -9999.000, -9999.000, -9999.000, -9999.000, -9999.000
 61140, -9999.000, -9999.000, -9999.000, -9999.000, -9999.000, -9999.000
 61200, -9999.000, -9999.000, -9999.000, -9999.000, -9999.000, -9999.000
 61260,  0.467,  0.106,  0.260,  0.155,  0.133,  0.313
 61320,  0.713, -0.043,  0.351,  0.167,  0.163,  0.146
 61380,  0.919,  0.026,  0.265,  0.266,  0.135,  0.061
 61440, -9999.000, -9999.000, -9999.000, -9999.000, -9999.000, -9999.000
 61500,  0.458, -0.052,  0.191,  0.158,  0.084,  0.433
 61560,  0.432, -0.130,  0.447,  0.195,  0.132,  0.240
 61620,  0.730,  0.035,  0.299,  0.181,  0.150,  0.424
 61680,  0.601,  0.028,  0.186,  0.155,  0.234,  0.323
 61740,  0.733, -0.049,  0.379,  0.154,  0.247,  0.181
 61800,  0.685,  0.050,  0.249,  0.180,  0.214,  0.293
 61860,  0.683,  0.060,  0.289,  0.170,  0.245,  0.112
 61920,  0.663, -0.009,  0.174,  0.148,  0.199,  0.046
 61980,  0.503,  0.029,  0.274,  0.152,  0.163,  0.084
 62040,  0.675,  0.009,  0.196,  0.185,  0.223, -0.026
 62100,  0.641,  0.011,  0.168,  0.165,  0.173,  0.073
 62160,  0.398, -0.039,  0.104,  0.144,  0.110, -0.063
 62220,  0.253, -0.102,  0.180,  0.154,  0.061, -0.063
 62280,  0.363, -0.083,  0.152,  0.115,  0.107, -0.053
 62340,  0.452, -0.079,  0.205,  0.125,  0.136, -0.018
 62400,  0.666, -0.002,  0.157,  0.118,  0.214,  0.056
 62460,  0.545,  0.050,  0.196,  0.115,  0.184,  0.116
 62520,  0.831,  0.171,  0.205,  0.131,  0.259,  0.056
 62580,  0.671,  0.010,  0.194,  0.136,  0.202,  0.097
 62640,  0.692, -0.014,  0.214,  0.147,  0.207,  0.050
 62700,  0.100, -0.038,  0.168,  0.128,  0.030, -0.017
 62760,  0.459, -0.027,  0.181,  0.106,  0.127,  0.061
 62820,  0.233, -0.020,  0.148,  0.118,  0.039,  0.006
 62880,  0.871,  0.085,  0.205,  0.152,  0.231,  0.103
 62940,  0.761,  0.045,  0.227,  0.156,  0.266,  0.112
 63000,  0.857,  0.161,  0.208,  0.185,  0.291,  0.139
 63060,  1.005,  0.083,  0.292,  0.189,  0.335,  0.125
 63120,  0.920,  0.025,  0.338,  0.139,  0.291,  0.183
 63180,  0.530,  0.108,  0.336,  0.122,  0.181,  0.072
 63240,  0.151, -0.033,  0.280,  0.127,  0.062,  0.030
 63300, -9999.000, -9999.000, -9999.000, -9999.000, -9999.000, -9999.000
 63360,  0.452,  0.066,  0.278,  0.187,  0.158,  0.089
 63420,  0.833,  0.125,  0.287,  0.139,  0.253,  0.101
 63480,  0.817,  0.138,  0.322,  0.183,  0.288,  0.053
 63540,  0.474, -0.007,  0.221,  0.103,  0.156,  0.033
 63600,  0.278,  0.002,  0.257,  0.119,  0.116,  0.046
 63660,  0.930,  0.132,  0.317,  0.134,  0.314,  0.115
 63720,  0.496,  0.020,  0.309,  0.174,  0.178,  0.086
 63780,  0.655,  0.050,  0.343,  0.136,  0.217,  0.073
 63840,  0.203, -0.018,  0.374,  0.111,  0.055, -0.017
 63900,  0.706,  0.080,  0.315,  0.182,  0.225,  0.085
 63960, -0.095, -0.085,  0.180,  0.108, -0.005, -0.057
 64020,  0.611,  0.088,  0.329,  0.157,  0.225,  0.040
 64080,  0.261, -0.007,  0.273,  0.089,  0.151, -0.001
 64140,  0.569,  0.039,  0.389,  0.133,  0.192,  0.020
 64200,  0.833,  0.098,  0.280,  0.133,  0.280,  0.009
 64260,  0.780,  0.168,  0.401,  0.161,  0.375,  0.113
 64320,  0.826,  0.129,  0.402,  0.149,  0.302,  0.644
 64380,  0.862,  0.096,  0.404,  0.205,  0.315,  0.951
 64440,  0.808,  0.148,  0.380,  0.179,  0.329,  0.884
 64500,  0.755,  0.137,  0.448,  0.177,  0.317,  0.809
 64560,  0.696,  0.059,  0.472,  0.173,  0.314,  1.312
 64620,  0.725,  0.069,  0.456,  0.178,  0.338,  0.537
 64680,  0.823,  0.066,  0.318,  0.170,  0.321,  0.051
 64740,  0.757,  0.078,  0.284,  0.145,  0.279,  0.055
 64800,  0.768,  0.100,  0.436,  0.142,  0.284,  0.068
 64860,  0.728,  0.150,  0.303,  0.159,  0.360,  0.061
 64920,  0.918,  0.031,  0.289,  0.109,  0.352,  0.056
 64980,  0.979,  0.091,  0.311,  0.157,  0.331,  0.034
 65040,  0.779,  0.086,  0.390,  0.149,  0.335,  0.097
 65100,  0.783,  0.098,  0.409,  0.086,  0.255,  0.083
 65160, -9999.000, -9999.000, -9999.000, -9999.000, -9999.000, -9999.000
 65220,  0.731,  0.060,  0.329,  0.148,  0.271,  0.023
 65280,  0.768,  0.156,  0.254,  0.153,  0.298,  0.033
 65340,  0.630,  0.109,  0.264,  0.112,  0.268,  0.065
 65400,  0.597,  0.063,  0.254,  0.127,  0.274,  0.072
 65460,  0.686,  0.054,  0.292,  0.105,  0.348,  0.020
 65520,  0.727,  0.120,  0.264,  0.150,  0.329,  0.100
 65580,  0.672,  0.041,  0.323,  0.141,  0.322,  0.056
 65640,  0.664,  0.079,  0.453,  0.128,  0.303,  0.040
 65700,  0.725,  0.020,  0.382,  0.114,  0.227, -0.010
 65760,  0.666,  0.132,  0.430,  0.128,  0.286,  0.008
 65820,  0.519,  0.045,  0.387,  0.106,  0.221,  0.043
 65880,  0.628,  0.039,  0.517,  0.128,  0.247,  0.031
 65940,  0.451,  0.025,  0.440,  0.146,  0.281,  0.378
 66000,  0.529,  0.031,  0.607,  0.141,  0.281,  0.508
 66060,  0.577,  0.055,  0.526,  0.147,  0.189,  0.234
 66120,  0.565,  0.085,  0.432,  0.097,  0.242,  0.338
 66180,  0.590,  0.038,  0.324,  0.082,  0.179,  0.099
 66240,  0.532,  0.094,  0.316,  0.093,  0.236,  0.049
 66300,  0.518,  0.035,  0.375,  0.135,  0.293,  0.068
 66360,  0.556,  0.056,  0.415,  0.130,  0.204,  0.083
 66420,  0.548,  0.021,  0.307,  0.071,  0.225,  0.044
 66480,  0.490,  0.090,  0.330,  0.075,  0.213, -0.000
 66540,  0.527,  0.037,  0.340,  0.060,  0.148, -0.003
 66600,  0.470,  0.042,  0.295,  0.069,  0.191, -0.008
 66660,  0.439,  0.106,  0.350,  0.079,  0.214,  0.056
 66720,  0.461,  0.023,  0.391,  0.052,  0.212,  0.192
 66780,  0.490, -0.004,  0.315,  0.056,  0.226,  0.442
 66840,  0.328,  0.044,  0.274,  0.071,  0.191,  0.237
 66900,  0.399,  0.011,  0.319,  0.083,  0.169,  0.068
 66960,  0.477,  0.006,  0.404,  0.070,  0.175,  1.004
 67020,  0.476,  0.169,  0.286,  0.076,  0.195,  0.301
 67080,  0.365,  0.020,  0.404,  0.045,  0.226,  0.211
 67140,  0.463,  0.027,  0.469,  0.092,  0.191,  0.532
 67200,  0.395,  0.010,  0.552,  0.063,  0.184,  1.071
 67260,  0.536,  0.060,  0.617,  0.108,  0.204,  1.610
 67320,  0.419,  0.075,  0.584,  0.094,  0.203,  1.027
 67380,  0.468,  0.069,  0.537,  0.106,  0.185,  0.316
 67440,  0.425,  0.043,  0.455,  0.073,  0.181,  0.076
 67500,  0.362,  0.037,  0.444,  0.080,  0.172,  0.089
 67560,  0.536,  0.001,  0.382,  0.105,  0.145,  0.038
 67620,  0.579,  0.082,  0.396,  0.071,  0.222,  0.048
 67680,  0.144, -0.046,  0.409,  0.096,  0.053, -0.027
 67740,  0.028, -0.030,  0.360,  0.087,  0.039, -0.099
 67800,  0.142, -0.056,  0.338,  0.072,  0.095,  0.026
 67860,  0.398,  0.090,  0.367,  0.072,  0.165, -0.049
 67920,  0.476,  0.033,  0.384,  0.095,  0.155, -0.035
 67980,  0.128, -0.090,  0.364,  0.082,  0.062, -0.048
 68040,  0.439,  0.030,  0.315,  0.074,  0.194, -0.050
 68100,  0.521,  0.026,  0.381,  0.084,  0.163, -0.045
 68160,  0.463,  0.075,  0.358,  0.065,  0.184,  0.044
 68220,  0.634,  0.129,  0.420,  0.099,  0.207,  0.006
 68280,  0.671,  0.060,  0.368,  0.087,  0.207,  0.038
 68340,  0.552,  0.044,  0.379,  0.114,  0.145, -0.005
 68400,  0.625,  0.117,  0.455,  0.095,  0.212,  0.023
 68460,  0.620,  0.070,  0.380,  0.115,  0.182, -0.020
 68520,  0.510,  0.119,  0.407,  0.111,  0.211,  0.035
 68580,  0.516,  0.130,  0.427,  0.136,  0.192, -0.015
 68640,  0.600,  0.048,  0.439,  0.086,  0.148,  0.056
