CampaignData_and_Merges/R0/CSL_MobileLab_Parked/raw/20240816/USOS-POPS_MobileLabGround_20240816_R0.ict
78, 1001
Thornberry, T. D.
NOAA Chemical Sciences Laboratory
Portable Optical Particle Spectrometer (POPS)
USOS
1, 1
2024, 08, 16, 2025, 05, 08
60
Time_Start, seconds_past_midnight, Start time of measurement
45
1, 1, 1, 1, 1, 1, 1, 1, 1, 1, 1, 1, 1, 1, 1, 1, 1, 1, 1, 1, 1, 1, 1, 1, 1, 1, 1, 1, 1, 1, 1, 1, 1, 1, 1, 1, 1, 1, 1, 1, 1, 1, 1, 1, 1
-9999, -9999, -9999, -9999, -9999, -9999, -9999, -9999, -9999, -9999, -9999, -9999, -9999, -9999, -9999, -9999, -9999, -9999, -9999, -9999, -9999, -9999, -9999, -9999, -9999, -9999, -9999, -9999, -9999, -9999, -9999, -9999, -9999, -9999, -9999, -9999, -9999, -9999, -9999, -9999, -9999, -9999, -9999, -9999, -9999
Time_Stop, seconds_past_midnight, Stop time of measurement
Time_Mid, seconds_past_midnight, Mid time of measurement
Press_mb, mb, Pressure reported (mb)
Temp_C, degrees C, POPS temperature measurement
Aerosol_concentration, cm^-3, Aerosol concentration
Surface_Area_Conc, um^2 cm^-3, Surface area concentration
Volume_density, um^3 cm^-3, Volume density
Effective_radius, um, Effective radius
Extinction, km^-1, Extinction
Bin01, cm^-3, particle concentration in size range [1401 - 146.3 nm]
Bin02, cm^-3, particle concentration in size range [146.3 - 152.8 nm]
Bin03, cm^-3, particle concentration in size range [152.8 - 159.6 nm]
Bin04, cm^-3, particle concentration in size range [159.6 - 166.8 nm]
Bin05, cm^-3, particle concentration in size range [166.8 - 174.2 nm]
Bin06, cm^-3, particle concentration in size range [174.2 - 181.9 nm]
Bin07, cm^-3, particle concentration in size range [181.9 - 190.0 nm]
Bin08, cm^-3, particle concentration in size range [190.0 - 198.5 nm]
Bin09, cm^-3, particle concentration in size range [198.5 - 207.4 nm]
Bin10, cm^-3, particle concentration in size range [207.4 - 216.6 nm]
Bin11, cm^-3, particle concentration in size range [216.6 - 226.2 nm]
Bin12, cm^-3, particle concentration in size range [226.2 - 236.3 nm]
Bin13, cm^-3, particle concentration in size range [236.3 - 246.8 nm]
Bin14, cm^-3, particle concentration in size range [246.8 - 257.8 nm]
Bin15, cm^-3, particle concentration in size range [257.8 - 269.3 nm]
Bin16, cm^-3, particle concentration in size range [269.3 - 343.4 nm]
Bin17, cm^-3, particle concentration in size range [343.4 - 450.7 nm]
Bin18, cm^-3, particle concentration in size range [450.7 - 525.9 nm]
Bin19, cm^-3, particle concentration in size range [525.9 - 618.5 nm]
Bin20, cm^-3, particle concentration in size range [618.5 - 710.0 nm]
Bin21, cm^-3, particle concentration in size range [710.0 - 822.7 nm]
Bin22, cm^-3, particle concentration in size range [822.7 - 885.9 nm]
Bin23, cm^-3, particle concentration in size range [885.9 - 953.9 nm]
Bin24, cm^-3, particle concentration in size range [953.9 - 1027.2 nm]
Bin25, cm^-3, particle concentration in size range [1027.2 - 1106.1 nm]
Bin26, cm^-3, particle concentration in size range [1106.1 - 1191.0 nm]
Bin27, cm^-3, particle concentration in size range [1191.0 - 1282.5 nm]
Bin28, cm^-3, particle concentration in size range [1282.5 - 1381.0 nm]
Bin29, cm^-3, particle concentration in size range [1381.0 - 1487.1 nm]
Bin30, cm^-3, particle concentration in size range [1487.1 - 1601.3 nm]
Bin31, cm^-3, particle concentration in size range [1601.3 - 1724.3 nm]
[...]
PLATFORM: NOAA CSL Mobile Lab
LOCATION: USOS
ASSOCIATED_DATA: N/A
INSTRUMENT_INFO: Printed Optical Particle Spectrometer counts particles from 140 - 2500 nm in diameter 
DATA_INFO: Particle concentrations reported in number per cubic centimeter,1 Hz data
UNCERTAINTY: Counting uncertainty dominated by air flow, less than 5 percent. Measurement range is ~0 - 3000 per cm3 (varies depending on flow rate- manufacturer quotes 1250 per cm3 at 1.667 cc/s)
ULOD_FLAG: -7777
ULOD_VALUE: N/A
LLOD_FLAG: -8888
LLOD_VALUE: N/A
DM_CONTACT_INFO: Troy Thornberry, 325 Broadway R/CSL6, Boulder, CO 80305; troy.thornberry@noaa.gov; 303-497-3373
PROJECT_INFO: USOS, Utah POPS data from NOAA CSL Mobile Lab
STIPULATIONS_ON_USE: Please contact the PIs for questions regarding applications and uncertainties
OTHER_COMMENTS: POPS bin Edges (nm):  140.1, 146.3, 152.8, 159.6, 166.8, 174.2, 181.9, 190.0, 198.5, 207.4, 216.6, 226.2, 236.3, 246.8, 257.8, 269.3, 343.4, 450.7, 525.9, 618.5, 710.0, 822.7, 885.9, 953.9, 1027.2, 1106.1, 1191.0, 1282.5, 1381.0, 1487.1, 1601.3, 1724.3, 1856.7, 1999.3, 2152.8, 2318.2, 2496.2
Calculations assume organic aerosol refractive index of 1.52+0.00j and extinction wavelength = 532 nm
REVISION: R0
R0: Final data
Time_Start, Time_Stop, Time_Mid, Press_mb, Temp_C, Aerosol_concentration, Surface_Area_Conc, Volume_density, Effective_radius, Extinction, Bin01, Bin02, Bin03, Bin04, Bin05, Bin06, Bin07, Bin08, Bin09, Bin10, Bin11, Bin12, Bin13, Bin14, Bin15, Bin16, Bin17, Bin18, Bin19, Bin20, Bin21, Bin22, Bin23, Bin24, Bin25, Bin26, Bin27, Bin28, Bin29, Bin30, Bin31, Bin32, Bin33, Bin34, Bin35, Bin36
[from data line 695]
41700,41759,41730,871.287,32.541,142.167,20.589,1.557,0.208,0.006,21.036722,17.574339,14.571376,12.815804,10.854270,9.050858,7.327034,6.391424,5.796870,4.988560,4.770116,4.418578,4.385567,3.611355,2.789254,8.086023,2.202446,0.603934,0.360051,0.088656,0.044609,0.033433,0.033115,0.043952,0.033400,0.016486,0.005669,0.039236,0.039050,0.022391,0.039031,0.016345,0.027676,0.016858,0.005519,0.027339
41760,41819,41790,871.313,32.584,140.453,19.314,1.255,0.181,0.005,20.621706,17.743326,14.303327,13.047553,10.550162,8.999314,7.639814,6.414774,5.559071,4.993453,4.384402,4.294474,3.993184,3.841417,2.793684,7.951265,2.055510,0.547514,0.352708,0.066717,0.038717,0.028155,0.027297,0.022373,0.011223,0.027620,0.005501,0.010967,0.005631,0.027112,0.039179,0.005612,0.010968,0.005556,0.011094,0.022373
41820,41879,41850,871.336,32.455,139.711,19.535,1.336,0.193,0.005,20.973867,17.463749,14.265471,12.520559,10.825165,8.657712,7.590920,6.524887,5.535638,4.965783,4.235065,4.377311,3.967906,3.666757,2.829847,7.696004,2.154438,0.647033,0.328266,0.094885,0.066953,0.022279,0.050175,0.056064,0.022543,0.005669,0.016667,0.005631,0.016505,0.022096,0.033526,0.022080,0.016648,0.016650,0.005411,0.011262
41880,41939,41910,871.343,32.346,143.096,20.554,1.625,0.219,0.006,21.051584,18.187494,14.565305,12.504694,10.917323,8.999754,7.691072,6.449899,5.844653,4.901682,4.799762,4.630513,4.311318,3.703602,2.809534,8.085672,2.125762,0.655482,0.338863,0.071940,0.067006,0.022431,0.061077,0.038784,0.016521,0.021861,0.005556,0.016576,0.033191,0.011205,0.033541,0.055355,0.033117,0.016877,0.005574,0.011039
41940,41999,41970,871.363,32.506,147.213,20.970,1.474,0.198,0.006,21.137096,18.334967,15.224187,13.168521,11.107010,9.174095,7.975085,7.077066,5.958884,5.311605,4.645728,4.273932,4.415871,3.867891,3.231567,8.418860,2.405467,0.578141,0.339724,0.084191,0.105386,0.038733,0.022103,0.044356,0.055895,0.022120,0.011093,0.022103,0.016835,0.044172,0.033506,0.022437,0.011186,0.000000,0.016893,0.016575
42000,42059,42030,871.371,32.636,146.947,20.674,1.421,0.195,0.005,22.108252,18.100664,15.476318,12.516725,10.858381,9.155902,8.427470,6.897301,5.704109,5.054306,4.680179,4.496879,4.375238,3.823821,3.081639,8.488610,2.235377,0.655407,0.313276,0.060672,0.072570,0.033468,0.028276,0.067662,0.016953,0.039493,0.033439,0.005556,0.038889,0.000000,0.022171,0.016655,0.022049,0.005593,0.011187,0.022015
42060,42119,42090,871.382,32.536,147.304,20.949,1.418,0.193,0.005,21.420101,17.828659,15.100399,13.070727,11.477680,9.290707,7.744736,6.820811,5.775723,5.168046,4.722558,4.519812,4.564445,4.111235,3.154858,8.906832,2.166586,0.656128,0.283456,0.083272,0.066043,0.038765,0.049820,0.022009,0.039087,0.038783,0.022393,0.016799,0.011023,0.027839,0.033335,0.000000,0.032632,0.005537,0.005593,0.027785
42120,42179,42150,871.367,32.373,148.822,20.760,1.395,0.192,0.005,21.469110,18.314949,15.176293,13.281835,11.309877,9.694679,7.642203,7.159383,5.990919,5.579442,4.686722,4.681287,4.382845,3.832849,3.143114,8.675027,2.353982,0.716998,0.312205,0.066972,0.072139,0.033339,0.039267,0.027902,0.016914,0.011223,0.000000,0.016760,0.000000,0.038913,0.022428,0.016761,0.005631,0.011205,0.016535,0.022131
42180,42239,42210,871.357,32.442,148.706,20.232,1.174,0.167,0.005,21.326105,18.152344,15.554372,12.829323,11.374584,9.542111,8.009359,7.104087,6.002781,5.427624,4.829005,4.679702,4.543738,3.946661,3.054615,8.462600,2.421883,0.661128,0.402953,0.117209,0.039034,0.028192,0.028044,0.016854,0.011246,0.022467,0.005747,0.016704,0.011458,0.027971,0.011204,0.011186,0.005556,0.011038,0.016600,0.000000
42240,42299,42270,871.373,32.521,146.518,20.889,1.610,0.213,0.006,21.233980,18.074018,15.310634,13.007518,11.375418,9.207374,8.262486,6.609486,5.949291,5.168002,4.850307,4.709201,4.292606,3.620550,3.003896,8.175915,2.248410,0.494387,0.351493,0.116701,0.055236,0.072675,0.021826,0.044366,0.033788,0.022261,0.016648,0.016838,0.016723,0.016838,0.022144,0.049974,0.016593,0.022336,0.022303,0.005631
42300,42359,42330,871.377,32.589,147.557,19.842,1.186,0.171,0.005,21.810675,18.479038,14.919410,12.974815,11.041529,9.324626,8.249531,7.070207,5.677333,5.231824,4.644068,4.857089,4.354560,3.753792,3.204509,8.522608,2.128481,0.578848,0.389566,0.061397,0.044454,0.044634,0.027541,0.022150,0.000000,0.016761,0.016557,0.016668,0.011167,0.016687,0.022187,0.027562,0.000000,0.005593,0.005631,0.005411
42360,42419,42390,871.394,32.471,146.782,21.573,1.771,0.231,0.006,21.607815,17.977345,14.749069,13.499787,11.392495,9.365828,7.853963,6.720024,5.880189,5.117195,4.797682,4.449940,4.391341,3.719609,3.078852,8.356248,2.292880,0.643333,0.422338,0.044625,0.060783,0.033119,0.027822,0.016612,0.016630,0.011280,0.033047,0.005556,0.011148,0.039061,0.022456,0.011261,0.038588,0.027876,0.022022,0.044443
42420,42479,42450,871.393,32.470,151.588,22.041,1.751,0.221,0.006,22.723871,18.918743,15.656780,13.528127,11.303741,9.564034,8.097960,7.375410,5.792229,5.442244,5.009336,4.467695,4.430855,4.042727,3.025271,8.369561,2.154664,0.719044,0.350034,0.099127,0.056084,0.055852,0.038684,0.050000,0.038391,0.016836,0.033249,0.022118,0.022300,0.038808,0.022392,0.027330,0.033440,0.005574,0.027725,0.027458
42480,42539,42510,871.398,32.594,156.324,21.256,1.392,0.184,0.005,23.909782,20.055206,16.721878,13.561971,11.630530,9.894285,8.313417,7.169513,6.164583,5.719774,4.795977,4.696816,4.508811,3.718483,3.267289,8.448422,2.365065,0.694182,0.267198,0.094506,0.044692,0.044538,0.011074,0.038565,0.016690,0.011207,0.005556,0.005447,0.032740,0.010897,0.032920,0.016782,0.016436,0.000000,0.021977,0.016601
42540,42599,42570,871.422,32.567,159.373,22.193,1.625,0.207,0.006,24.259821,20.687859,17.355789,14.628114,12.439281,10.113022,8.499284,6.896210,6.132910,5.217537,4.903117,4.598073,4.256700,4.053500,3.036308,8.622283,2.182863,0.615625,0.288407,0.110602,0.055152,0.060576,0.049389,0.022260,0.005447,0.044564,0.055665,0.038647,0.011057,0.016505,0.016376,0.022114,0.016708,0.016521,0.011113,0.033501
42600,42659,42630,871.422,32.392,147.357,20.982,1.562,0.207,0.005,21.580086,17.896049,14.911942,12.873601,11.507010,9.599814,7.756232,7.277130,6.319980,5.275909,4.808717,4.471009,4.316721,3.704155,3.076927,8.332671,2.162371,0.684452,0.317921,0.066704,0.061421,0.061260,0.022353,0.039009,0.011131,0.027634,0.022189,0.011151,0.016949,0.000000,0.044953,0.021813,0.016607,0.011281,0.022240,0.028050
42660,42719,42690,871.433,32.387,147.478,20.877,1.461,0.194,0.006,21.236263,18.844589,15.517800,12.979918,10.807621,9.604658,8.213964,6.597228,5.992435,5.260878,4.888375,4.517640,4.252369,3.722412,2.994413,8.095924,2.395956,0.631254,0.326058,0.099643,0.099096,0.033382,0.060756,0.049811,0.028113,0.033563,0.005519,0.022030,0.028048,0.027377,0.028078,0.033054,0.027991,0.016471,0.005519,0.000000
42720,42779,42750,871.457,32.470,150.028,21.276,1.568,0.210,0.006,22.451088,18.224897,15.639722,13.088236,11.485738,9.795296,8.369206,7.014655,6.182579,5.832503,4.727623,4.528507,4.148224,4.221308,2.841193,7.962957,2.109284,0.558887,0.296452,0.072873,0.039306,0.039404,0.033568,0.067820,0.045151,0.005631,0.022232,0.016742,0.016725,0.050344,0.044936,0.022499,0.039279,0.005631,0.022316,0.005574
42780,42839,42810,871.487,32.475,147.361,21.237,1.641,0.219,0.006,21.352919,18.051334,15.313171,13.331327,11.279028,9.479618,7.765559,6.907415,6.066730,5.187591,4.638796,4.710053,4.318405,3.827107,2.979105,8.572229,2.137162,0.621614,0.316963,0.072162,0.061278,0.038876,0.027407,0.044487,0.016654,0.027691,0.010971,0.010933,0.011058,0.039032,0.033145,0.016486,0.022353,0.022245,0.011020,0.038728
42840,42899,42870,871.503,32.282,145.792,20.212,1.348,0.187,0.005,21.334705,17.724209,15.292315,12.999888,11.230525,9.295497,8.221365,6.432520,5.884422,5.308922,4.740146,4.250831,4.114420,3.900781,2.867140,8.430499,2.321778,0.639221,0.323355,0.039137,0.105967,0.072138,0.038657,0.044710,0.022373,0.016844,0.011188,0.011133,0.022119,0.016973,0.011041,0.033503,0.005429,0.005537,0.005574,0.017075
42900,42959,42930,871.512,32.318,144.987,20.918,1.569,0.214,0.006,21.225742,17.734671,15.030988,13.032772,10.931103,9.212955,8.254281,6.451273,5.710278,5.440542,4.623690,4.537408,4.161645,3.789617,2.934758,8.128594,2.265578,0.576480,0.350337,0.088598,0.033703,0.050125,0.060841,0.050339,0.038777,0.060690,0.022205,0.033417,0.016630,0.011130,0.038785,0.028137,0.011093,0.016376,0.016744,0.016760
42960,43019,42990,871.538,32.444,148.273,20.827,1.392,0.191,0.005,22.151295,17.922377,15.250308,13.016471,11.086234,9.335476,8.186916,6.780091,6.017813,5.221208,4.939326,4.552104,4.329813,3.959801,3.227268,8.419952,2.316123,0.661238,0.385424,0.116242,0.093964,0.044589,0.022140,0.027687,0.016270,0.027258,0.011111,0.011205,0.021798,0.005650,0.038528,0.016649,0.033063,0.011205,0.000000,0.016578
43020,43079,43050,871.573,32.406,149.215,20.852,1.373,0.189,0.005,21.826006,18.383183,15.478289,13.521223,11.759530,9.160014,7.646189,7.188766,5.929296,5.392401,4.872735,4.430123,4.306312,3.931757,3.204952,8.446911,2.166078,0.596427,0.456986,0.082895,0.072667,0.039066,0.044864,0.050216,0.033118,0.016580,0.044429,0.011186,0.016782,0.022316,0.022683,0.016844,0.011038,0.005501,0.016726,0.011205
43080,43139,43110,871.583,32.299,148.500,21.334,1.678,0.222,0.006,21.921577,18.661976,15.333125,13.205893,11.952471,9.571484,7.919732,6.643546,5.810899,5.168987,4.758357,4.459978,4.229959,3.859122,3.037116,7.973894,2.392637,0.662529,0.384866,0.095433,0.049702,0.044990,0.033697,0.039456,0.022211,0.044586,0.022261,0.005574,0.022175,0.027544,0.038711,0.044512,0.016838,0.000000,0.016671,0.027532
43140,43199,43170,871.621,32.366,149.150,22.404,2.006,0.254,0.006,22.003300,18.923018,15.230312,13.368734,11.562357,9.402485,7.667817,6.811110,6.147995,5.141561,4.687820,4.736304,4.671092,3.925107,2.946519,8.023620,2.238557,0.650370,0.367678,0.066675,0.067018,0.055677,0.016779,0.055453,0.038673,0.044558,0.022317,0.027808,0.010932,0.044450,0.021970,0.039191,0.044361,0.027781,0.022225,0.038287
43200,43259,43230,871.651,32.509,148.176,21.542,1.732,0.224,0.006,21.629951,18.403233,15.487258,13.013433,11.604851,9.285164,8.326553,6.957874,5.643099,5.475414,4.440583,4.618485,4.195197,3.806439,3.125757,8.246421,2.279511,0.748711,0.350006,0.071954,0.071755,0.050231,0.039191,0.016706,0.011095,0.033617,0.016417,0.016649,0.021994,0.022374,0.055436,0.033541,0.016583,0.010966,0.011186,0.038845
43260,43319,43290,871.683,32.518,148.666,21.537,1.583,0.204,0.006,21.828569,17.907171,15.498180,13.392048,11.583240,9.601321,7.820053,6.993375,5.951988,5.377882,4.572198,4.683134,4.209477,4.093561,2.853011,8.259485,2.283011,0.736268,0.388426,0.083448,0.093496,0.027862,0.055653,0.060862,0.028080,0.022334,0.060964,0.033843,0.016616,0.022355,0.049981,0.022261,0.016650,0.010987,0.011186,0.016798
43320,43379,43350,871.685,32.398,149.966,21.571,1.601,0.210,0.006,22.081045,18.317513,15.747332,13.838902,11.547972,9.541183,7.989298,7.054417,5.943269,5.027605,4.597765,4.467779,4.181923,4.011161,2.944090,8.834535,2.249518,0.582510,0.372807,0.105511,0.116322,0.044642,0.072757,0.011093,0.044822,0.022450,0.027845,0.010954,0.016799,0.022544,0.044887,0.022213,0.022583,0.016616,0.011242,0.022153
43380,43439,43410,871.713,32.351,153.049,22.209,1.669,0.212,0.006,22.774471,18.636959,15.531232,13.577104,11.721818,10.048923,8.116939,7.309898,6.317761,5.267854,4.656923,4.532714,4.553570,4.121998,2.828365,8.844908,2.315273,0.788688,0.450863,0.117240,0.077751,0.066911,0.050592,0.038847,0.028045,0.010965,0.039536,0.022151,0.011041,0.044433,0.061673,0.039267,0.022114,0.000000,0.005464,0.016875
43440,43499,43470,871.730,32.472,153.294,22.851,1.845,0.226,0.006,22.074802,18.694843,15.704942,13.936077,11.525040,9.329348,8.488757,6.880437,6.339666,5.485685,5.046954,4.631464,4.611285,4.157146,3.364625,8.698865,2.528044,0.773007,0.338893,0.072016,0.105914,0.055495,0.044956,0.050118,0.028004,0.022009,0.022303,0.022431,0.043985,0.061364,0.061066,0.033305,0.010894,0.005593,0.011244,0.033486
43500,43559,43530,871.754,32.444,155.085,22.102,1.511,0.197,0.006,23.184053,18.797497,16.585474,13.813644,11.562160,10.003583,8.256046,7.170500,5.913038,5.353164,4.925678,5.022959,4.301973,4.360240,3.111586,8.484486,2.394888,0.797999,0.423347,0.123051,0.066495,0.039519,0.061502,0.054906,0.033328,0.033099,0.011058,0.011300,0.016593,0.050032,0.061444,0.016817,0.016664,0.016397,0.005482,0.005447
43560,43619,43590,871.764,32.318,153.541,22.182,1.703,0.211,0.006,22.321598,19.817469,15.621964,13.830298,11.238435,10.023827,8.374204,7.222720,5.983347,5.417167,4.814012,4.637904,4.429505,3.765128,3.115697,8.735403,2.488389,0.669083,0.444793,0.083487,0.067489,0.049875,0.033066,0.083782,0.016540,0.033375,0.016705,0.000000,0.033751,0.022517,0.038644,0.038904,0.027798,0.016558,0.005556,0.022226
43620,43679,43650,871.767,32.321,159.107,22.362,1.596,0.204,0.006,24.724213,19.898060,16.504780,14.256697,11.987761,10.182317,8.715260,7.171411,6.085334,5.409727,4.829955,4.933270,4.436228,3.781689,3.285141,8.829234,2.369827,0.720562,0.454095,0.115414,0.049493,0.039350,0.016741,0.055799,0.022278,0.033247,0.000000,0.000000,0.043892,0.028068,0.049705,0.022290,0.016565,0.000000,0.005593,0.033248
43680,43739,43710,871.797,32.433,166.216,23.695,1.713,0.206,0.006,26.150938,21.414934,17.605518,14.568687,12.670154,10.575826,8.383480,7.337256,6.497750,5.844460,5.103780,4.854249,4.402208,3.960146,3.154670,9.279626,2.552874,0.737173,0.460475,0.100607,0.104967,0.022429,0.055728,0.061043,0.027872,0.039359,0.022208,0.027689,0.044217,0.022060,0.033356,0.011009,0.033395,0.016798,0.022214,0.016527
43740,43799,43770,871.813,32.413,157.718,22.610,1.620,0.208,0.006,24.134413,19.716125,16.448980,14.408784,11.951177,9.947598,8.306623,6.895065,6.142462,5.675418,4.855441,4.826973,4.347075,4.078803,3.079638,8.558210,2.439197,0.767942,0.461563,0.089200,0.128328,0.061412,0.033152,0.049560,0.038855,0.032835,0.022336,0.021974,0.044273,0.027709,0.044050,0.021986,0.027744,0.016371,0.005501,0.011130
43800,43859,43830,871.804,32.238,159.028,23.987,2.089,0.247,0.007,23.984472,20.675753,17.088848,13.205242,11.787058,10.014736,8.827403,7.103174,6.293612,5.592435,4.944711,4.715080,4.690198,4.156184,3.001968,8.483809,2.375972,0.862460,0.412363,0.117206,0.060937,0.044663,0.077254,0.050049,0.049977,0.044528,0.039113,0.033291,0.056089,0.033758,0.066499,0.049918,0.027874,0.027747,0.010877,0.022244
43860,43919,43890,871.799,32.275,160.287,22.810,1.686,0.210,0.006,24.982725,20.374557,16.908037,14.464265,11.822682,10.082791,8.557063,7.086801,6.112759,5.548051,4.870811,4.514423,4.714765,4.127087,3.297288,8.586660,2.413029,0.733557,0.468102,0.122555,0.077967,0.061401,0.038804,0.011074,0.033301,0.033244,0.005359,0.033408,0.033233,0.027800,0.061169,0.027362,0.016484,0.000000,0.011186,0.027433
43920,43979,43950,871.807,32.406,163.819,23.299,1.698,0.208,0.006,25.465675,21.111139,16.884886,14.160421,12.616240,10.359476,8.460198,7.629134,6.448841,5.515330,4.988046,4.833601,4.416120,4.470346,3.346911,8.884151,2.414958,0.726472,0.449478,0.105304,0.066275,0.077659,0.038688,0.038444,0.039080,0.038637,0.038734,0.022392,0.022160,0.022300,0.033466,0.016648,0.022215,0.011300,0.010789,0.033446
43980,44039,44010,871.811,32.386,160.764,23.721,1.886,0.225,0.007,24.157602,20.549223,16.791088,14.454694,11.906796,10.047179,8.727307,7.491522,6.065292,5.559023,5.173839,4.585416,4.808123,4.285114,3.305041,8.538486,2.433139,0.658687,0.450379,0.072034,0.143926,0.027412,0.044080,0.050400,0.022039,0.072553,0.027881,0.038455,0.061130,0.055058,0.060654,0.033370,0.022212,0.027487,0.005650,0.011205
44040,44099,44070,871.806,32.313,162.322,23.170,1.647,0.201,0.006,24.227488,19.792416,17.268143,14.375575,12.852209,10.365937,8.779967,7.474265,6.141803,5.597240,4.805474,5.299777,4.523641,4.149555,3.331509,9.038488,2.423446,0.731259,0.535601,0.089331,0.072541,0.016709,0.050175,0.033254,0.067409,0.027966,0.039229,0.050436,0.022133,0.016725,0.038864,0.022261,0.022132,0.005631,0.022415,0.011223
