CampaignData_and_Merges/R0/CSL_MobileLab_Parked/raw/20240816/USOS-NOAAIodideCIMS-Halogens_MobileLabGround_20240816_RA.ict
38, 1001
Michael A Robinson, Chris Jernigan, Subi Thakali
NOAA ESRL Chemical Sciences Laboratory and CIRES, U. of Colorado
NOAA Iodide CIMS Instrument
USOS
1, 1
2024, 08, 16, 2024, 08, 18
1
starttime_UTC, seconds_past_midnight, seconds_of_day_since_00:00:00_UTC
6
1, 1, 1, 1, 1, 1
-9999, -9999, -9999, -9999, -9999, -9999
Br2_NOAACIMS, pptv, Gas_Br2_InSitu_S_AVMR, 
BrO_NOAACIMS, pptv, Gas_BrO_InSitu_S_AVMR, 
Cl2_NOAACIMS, pptv, Gas_Cl2_InSitu_S_AVMR, 
ClNO2_NOAACIMS, pptv, Gas_ClNO2_InSitu_S_AVMR, 
BrCl_NOAACIMS, pptv, Gas_BrCl_InSitu_S_AVMR, 
NCl3_NOAACIMS, pptv, Gas_NCl3_InSitu_S_AVMR, 
0
18
PI_CONTACT_INFO: 325 Broadway, R/CSD 7, Boulder, Colorado 80305; michael.a.robinson@noaa.gov; chris.jernigan@noaa.gov;
PLATFORM: NOAA CSL Mobile Lab
LOCATION: SLC, Utah
ASSOCIATED_DATA: 1Hz data also available on request.
INSTRUMENT_INFO: NOAA I- ToF CIMS
DATA_INFO: All data in parts per trillion by volume (pptv). 1 Hz data is available upon request.
UNCERTAINTY: TBD
ULOD_FLAG: -7777
ULOD_VALUE: N/A
LLOD_FLAG: -8888
LLOD_VALUE: N/A
DM_CONTACT_INFO: Nathan Howard; nathan.h.howard@noaa.gov
PROJECT_INFO: USOS, summer 2024. https://csl.noaa.gov/groups/csl7/measurements/2024usos/
STIPULATIONS_ON_USE: Users are strongly encouraged to contact the PI for proper data usage.
OTHER_COMMENTS: 
REVISION: RA
RA: Preliminary Data; For in-field use only
starttime_UTC, Br2_NOAACIMS, BrO_NOAACIMS, Cl2_NOAACIMS, ClNO2_NOAACIMS, BrCl_NOAACIMS, NCl3_NOAACIMS
[from data line 579]
 34740,  0.409,  0.008,  0.697,  1.279,  0.213, 10.435
 34800,  0.528,  0.021,  0.691,  1.243,  0.175, 10.113
 34860,  0.422,  0.013,  0.772,  1.337,  0.135, 10.047
 34920,  0.448,  0.024,  0.710,  1.312,  0.165, 10.747
 34980,  0.601,  0.005,  0.728,  1.259,  0.195, 10.151
 35040,  0.554,  0.033,  0.795,  1.213,  0.183, 10.113
 35100,  0.551,  0.011,  0.697,  1.272,  0.196, 10.082
 35160,  0.583,  0.039,  0.757,  1.194,  0.205, 10.487
 35220,  0.449,  0.036,  0.704,  1.226,  0.187, 10.005
 35280,  0.459,  0.044,  0.698,  1.068,  0.198, 10.373
 35340,  0.504,  0.054,  0.675,  1.201,  0.247, 10.864
 35400,  0.552,  0.018,  0.786,  1.267,  0.222, 10.876
 35460,  0.548,  0.035,  0.672,  1.260,  0.167, 10.079
 35520,  0.506, -0.023,  0.617,  1.337,  0.146,  9.639
 35580,  0.406,  0.104,  0.796,  1.192,  0.167,  9.413
 35640,  0.566,  0.015,  0.720,  1.447,  0.135,  9.923
 35700,  0.417,  0.039,  0.715,  1.331,  0.186, 10.475
 35760,  0.539,  0.026,  0.735,  1.484,  0.127, 11.997
 35820,  0.475,  0.015,  0.691,  1.375,  0.178, 10.914
 35880,  0.499,  0.007,  0.712,  1.520,  0.183, 11.925
 35940,  0.433, -0.028,  0.660,  1.297,  0.168, 11.493
 36000,  0.411,  0.057,  0.586,  1.259,  0.166, 11.311
 36060,  0.410,  0.037,  0.591,  1.335,  0.175, 10.997
 36120,  0.527, -0.004,  0.628,  1.273,  0.178, 11.395
 36180,  0.386, -0.004,  0.699,  1.432,  0.137, 11.797
 36240,  0.477,  0.024,  0.669,  1.528,  0.172, 12.132
 36300,  0.528,  0.053,  0.757,  1.448,  0.161, 12.088
 36360,  0.467,  0.022,  0.630,  1.245,  0.204, 12.247
 36420,  0.389,  0.034,  0.736,  1.433,  0.198, 12.352
 36480,  0.396, -0.028,  0.759,  1.289,  0.169, 11.705
 36540,  0.475,  0.043,  0.815,  1.478,  0.204, 10.304
 36600,  0.510,  0.044,  0.775,  1.546,  0.195, 10.147
 36660,  0.508, -0.014,  0.696,  1.396,  0.154, 10.745
 36720,  0.435,  0.065,  0.743,  1.443,  0.207, 10.462
 36780,  0.548,  0.026,  0.700,  1.483,  0.137, 10.604
 36840,  0.677,  0.001,  0.681,  1.580,  0.210,  9.776
 36900,  0.568, -0.005,  0.699,  1.681,  0.214,  9.291
 36960,  0.582,  0.046,  0.747,  1.540,  0.157,  9.916
 37020,  0.535,  0.029,  0.734,  1.641,  0.180, 10.136
 37080,  0.531,  0.048,  0.765,  1.609,  0.218, 12.745
 37140,  0.573, -0.040,  0.799,  1.636,  0.204, 11.214
 37200,  0.560,  0.057,  0.839,  1.583,  0.153, 11.999
 37260,  0.436,  0.042,  0.728,  1.469,  0.171, 10.789
 37320,  0.471,  0.001,  0.753,  1.669,  0.194, 10.293
 37380,  0.587, -0.023,  0.790,  1.728,  0.178,  9.404
 37440, -9999.000, -9999.000, -9999.000, -9999.000, -9999.000, -9999.000
 37500,  0.491,  0.024,  0.928,  1.761,  0.179,  7.868
 37560,  0.481,  0.067,  0.721,  1.717,  0.193,  8.059
 37620,  0.601,  0.039,  0.635,  1.717,  0.232,  7.856
 37680,  0.651,  0.077,  0.713,  1.728,  0.192,  7.690
 37740,  0.549,  0.023,  0.667,  1.870,  0.218,  7.082
 37800,  0.630,  0.021,  0.610,  1.680,  0.216,  7.070
 37860,  0.580,  0.019,  0.740,  1.688,  0.224,  6.885
 37920,  0.515,  0.027,  0.683,  1.540,  0.199,  7.315
 37980,  0.553, -0.006,  0.607,  1.620,  0.220,  7.113
 38040,  0.508,  0.015,  0.565,  1.662,  0.239,  6.966
 38100,  0.505, -0.012,  0.702,  1.621,  0.175,  6.950
 38160,  0.499,  0.035,  0.694,  1.620,  0.197,  7.450
 38220,  0.508, -0.010,  0.654,  1.446,  0.185,  7.383
 38280,  0.535, -0.014,  0.631,  1.567,  0.132,  7.620
 38340,  0.637,  0.113,  0.622,  1.569,  0.175,  9.537
 38400,  0.681, -0.045,  0.687,  1.469,  0.168,  8.918
 38460,  0.541,  0.025,  0.690,  1.601,  0.181, 10.251
 38520,  0.639,  0.013,  0.727,  1.555,  0.244, 10.778
 38580,  0.603, -0.009,  0.679,  1.354,  0.216, 10.376
 38640,  0.536,  0.024,  0.628,  1.349,  0.205,  9.854
 38700,  0.627,  0.009,  0.630,  1.378,  0.198, 10.361
 38760,  0.637,  0.038,  0.692,  1.413,  0.208, 10.335
 38820,  0.652,  0.008,  0.653,  1.389,  0.225, 10.303
 38880,  0.620,  0.023,  0.528,  1.383,  0.176, 10.070
 38940,  0.642, -0.029,  0.620,  1.266,  0.221, 10.157
 39000,  0.563,  0.072,  0.625,  1.303,  0.244,  9.566
 39060,  0.489, -0.013,  0.592,  1.242,  0.192,  9.592
 39120,  0.590,  0.003,  0.573,  1.176,  0.248,  9.328
 39180,  0.654, -0.002,  0.599,  1.204,  0.218,  9.238
 39240,  0.720, -0.025,  0.572,  1.203,  0.205,  9.132
 39300, -9999.000, -9999.000, -9999.000, -9999.000, -9999.000, -9999.000
 39360,  0.703,  0.009,  0.555,  1.239,  0.176,  8.876
 39420,  0.655,  0.004,  0.605,  1.273,  0.201,  8.244
 39480,  0.609,  0.025,  0.565,  1.307,  0.259,  7.859
 39540,  0.630, -0.004,  0.524,  1.358,  0.233,  7.580
 39600,  0.687,  0.051,  0.465,  1.377,  0.232,  6.841
 39660,  0.710, -0.012,  0.570,  1.434,  0.243,  7.409
 39720,  0.685,  0.072,  0.502,  1.408,  0.180,  7.400
 39780,  0.646,  0.001,  0.442,  1.327,  0.262,  6.975
 39840,  0.695, -0.025,  0.491,  1.296,  0.247,  6.488
 39900,  0.695,  0.041,  0.564,  1.341,  0.229,  6.854
 39960,  0.719, -0.024,  0.504,  1.360,  0.203,  7.232
 40020,  0.709,  0.024,  0.595,  1.397,  0.238,  8.464
 40080,  0.694,  0.024,  0.554,  1.280,  0.213,  7.553
 40140,  0.630, -0.017,  0.503,  1.352,  0.283,  6.753
 40200,  0.523,  0.004,  0.523,  1.202,  0.240,  6.572
 40260,  0.340, -0.052,  0.429,  1.327,  0.128,  5.715
 40320,  0.656,  0.008,  0.563,  1.377,  0.267,  6.664
 40380,  0.566, -0.026,  0.540,  1.335,  0.185,  6.596
 40440,  0.544, -0.035,  0.482,  1.228,  0.177,  6.838
 40500,  0.680, -0.003,  0.536,  1.269,  0.242,  7.038
 40560,  0.180, -0.044,  0.440,  1.270,  0.088,  5.402
 40620,  0.015, -0.065,  0.465,  1.233,  0.025,  5.069
 40680,  0.272, -0.054,  0.440,  1.197,  0.123,  5.570
 40740,  0.555, -0.018,  0.499,  1.306,  0.184,  6.563
 40800,  0.616, -0.000,  0.541,  1.460,  0.212,  7.302
 40860,  0.024, -0.074,  0.432,  1.283,  0.019,  4.527
 40920,  0.441, -0.051,  0.494,  1.376,  0.180,  6.911
 40980, -0.117, -0.097,  0.416,  1.346, -0.015,  4.596
 41040,  0.455, -0.011,  0.542,  1.477,  0.167,  6.228
 41100,  0.088, -0.088,  0.557,  1.331,  0.054,  4.963
 41160, -9999.000, -9999.000, -9999.000, -9999.000, -9999.000, -9999.000
 41220,  0.667, -0.046,  0.435,  1.280,  0.212,  6.581
 41280,  0.684, -0.043,  0.451,  1.192,  0.191,  6.839
 41340,  0.711, -0.018,  0.466,  1.415,  0.156,  6.701
 41400,  0.622, -0.011,  0.437,  1.315,  0.217,  6.661
 41460,  0.647, -0.016,  0.589,  1.407,  0.176,  7.865
 41520,  0.471, -0.013,  0.547,  1.314,  0.119,  8.101
 41580,  0.630, -0.056,  0.490,  1.418,  0.177,  6.576
 41640,  0.683,  0.043,  0.580,  1.424,  0.211,  7.476
 41700,  0.582, -0.007,  0.523,  1.584,  0.156,  8.101
 41760,  0.151, -0.047,  0.446,  1.478,  0.031,  6.068
 41820,  0.363, -0.070,  0.552,  1.607,  0.089,  6.936
 41880,  0.103, -0.088,  0.523,  1.609,  0.014,  5.180
 41940,  0.317, -0.017,  0.558,  1.573,  0.114,  6.590
 42000,  0.430,  0.037,  0.591,  1.692,  0.108,  7.181
 42060,  0.473,  0.047,  0.587,  1.820,  0.174,  7.352
 42120,  0.738, -0.043,  0.523,  1.640,  0.183,  6.828
 42180, -0.197, -0.108,  0.504,  1.439, -0.086,  3.291
 42240,  0.343, -0.024,  0.503,  1.376,  0.065,  5.107
 42300,  0.031, -0.073,  0.446,  1.173, -0.038,  2.967
 42360,  0.172, -0.026,  0.479,  1.205,  0.040,  3.963
 42420,  0.706, -0.013,  0.610,  1.231,  0.090,  5.965
 42480,  0.587, -0.048,  0.546,  1.276,  0.162,  6.480
 42540,  0.666,  0.008,  0.595,  1.226,  0.138,  6.485
 42600,  0.577,  0.028,  0.479,  1.472,  0.120,  7.375
 42660,  0.558, -0.001,  0.578,  1.573,  0.132,  7.997
 42720,  0.475,  0.067,  0.623,  1.740,  0.197, 11.124
 42780,  0.506,  0.034,  0.647,  1.765,  0.210, 14.201
 42840,  0.577,  0.012,  0.603,  1.745,  0.106, 11.583
 42900,  0.567,  0.020,  0.644,  2.059,  0.102, 10.224
 42960,  0.549, -0.053,  0.609,  1.653,  0.076, 10.561
 43020,  0.501,  0.102,  0.591,  1.602,  0.081,  9.676
 43080,  0.451, -0.006,  0.645,  1.795,  0.056,  9.948
 43140,  0.469, -0.034,  0.618,  1.825,  0.081,  9.935
 43200,  0.446, -0.040,  0.659,  2.015,  0.055, 12.154
 43260,  0.434, -0.024,  0.715,  1.982,  0.096, 18.144
 43320,  0.421,  0.009,  0.826,  2.173,  0.100, 14.510
 43380,  0.465, -0.014,  0.804,  2.227,  0.116, 10.791
 43440,  0.493, -0.055,  0.598,  1.772,  0.079, 11.200
 43500,  0.456, -0.015,  0.497,  1.374,  0.115, 10.879
 43560,  0.172,  0.047,  0.528,  1.415,  0.081, 11.356
 43620,  0.391, -0.030,  0.531,  1.508,  0.061, 11.241
 43680,  0.283,  0.013,  0.482,  1.401,  0.100, 10.494
 43740,  0.426,  0.004,  0.561,  1.381,  0.082, 11.390
 43800,  0.451, -0.004,  0.477,  1.520,  0.086, 11.538
 43860,  0.447,  0.082,  0.495,  1.741,  0.090, 11.397
 43920,  0.390,  0.001,  0.489,  1.537,  0.097, 11.236
 43980,  0.411,  0.018,  0.565,  1.532,  0.089, 11.811
 44040,  0.464,  0.040,  0.542,  1.686,  0.088, 10.694
 44100,  0.511,  0.007,  0.557,  1.596,  0.018, 10.411
 44160,  0.446,  0.027,  0.529,  1.407,  0.086, 10.450
 44220,  0.446,  0.044,  0.562,  1.439,  0.107, 11.417
 44280,  0.539,  0.038,  0.563,  1.389,  0.045,  9.953
 44340,  0.407,  0.037,  0.554,  1.319,  0.051, 10.342
 44400,  0.420, -0.005,  0.562,  1.373,  0.044,  8.375
 44460,  0.455,  0.017,  0.505,  1.154,  0.048,  8.720
 44520,  0.430,  0.065,  0.570,  1.265,  0.081,  8.739
 44580,  0.491,  0.034,  0.463,  1.382,  0.079,  7.841
 44640,  0.507,  0.026,  0.491,  1.405,  0.069,  8.192
 44700,  0.428,  0.042,  0.440,  1.323,  0.071,  7.956
 44760,  0.453, -0.009,  0.561,  1.288,  0.090,  7.345
 44820, -9999.000, -9999.000, -9999.000, -9999.000, -9999.000, -9999.000
 44880,  0.486,  0.186,  0.475,  1.322,  0.099,  7.108
 44940,  0.497,  0.007,  0.500,  1.145,  0.115,  7.027
 45000,  0.510,  0.043,  0.445,  1.103,  0.095,  7.109
 45060,  0.504,  0.008,  0.577,  1.244,  0.136,  6.600
 45120,  0.452,  0.064,  0.516,  1.292,  0.097,  6.759
 45180,  0.478, -0.034,  0.571,  1.208,  0.092,  6.826
 45240,  0.479,  0.019,  0.555,  1.227,  0.109,  6.589
 45300,  0.585,  0.008,  0.526,  1.365,  0.155,  6.854
 45360,  0.556,  0.022,  0.531,  1.409,  0.129,  6.521
 45420,  0.531, -0.040,  0.519,  1.410,  0.133,  6.366
 45480,  0.644,  0.063,  0.541,  1.298,  0.111,  6.325
 45540,  0.619, -0.028,  0.577,  1.320,  0.177,  6.797
 45600,  0.491, -0.032,  0.588,  1.212,  0.178,  6.234
 45660,  0.558, -0.046,  0.655,  1.506,  0.155,  6.880
 45720,  0.704, -0.057,  0.561,  1.505,  0.157,  7.055
 45780,  0.580, -0.070,  0.572,  1.289,  0.154,  7.672
 45840,  0.506, -0.072,  0.527,  1.243,  0.140,  7.300
 45900,  0.616, -0.072,  0.620,  1.213,  0.160,  7.893
 45960,  0.347, -0.094,  0.655,  1.257,  0.098,  5.703
 46020,  0.638, -0.079,  0.573,  1.291,  0.182,  6.597
 46080,  0.549, -0.077,  0.590,  1.292,  0.214,  6.747
 46140,  0.627, -0.075,  0.612,  1.311,  0.148,  6.959
 46200,  0.467, -0.067,  0.606,  1.246,  0.143,  6.862
 46260,  0.687, -0.029,  0.678,  1.365,  0.189,  7.474
 46320,  0.607, -0.125,  0.571,  1.390,  0.181,  6.486
 46380,  0.815, -0.074,  0.597,  1.356,  0.190,  6.790
 46440,  0.629, -0.122,  0.710,  1.446,  0.204,  6.826
 46500,  0.465, -0.111,  0.703,  1.498,  0.193,  7.076
 46560,  0.594, -0.065,  0.641,  1.561,  0.186,  6.821
 46620,  0.593, -0.116,  0.707,  1.622,  0.198,  6.858
 46680, -9999.000, -9999.000, -9999.000, -9999.000, -9999.000, -9999.000
 46740,  0.548, -0.111,  0.612,  1.443,  0.243,  5.613
 46800,  0.653, -0.089,  0.612,  1.405,  0.203,  5.385
 46860,  0.637, -0.059,  0.626,  1.366,  0.182,  5.140
 46920,  0.658, -0.067,  0.728,  1.337,  0.268,  5.405
 46980,  0.557, -0.074,  0.769,  1.417,  0.215,  5.310
 47040,  0.653, -0.113,  0.639,  1.233,  0.216,  5.207
 47100,  0.584, -0.020,  0.640,  1.220,  0.193,  4.830
 47160,  0.691, -0.016,  0.611,  1.239,  0.199,  4.869
 47220,  0.573, -0.046,  0.637,  1.134,  0.162,  4.104
 47280,  0.412, -0.103,  0.577,  1.139,  0.098,  3.416
 47340,  0.635, -0.043,  0.593,  1.168,  0.194,  4.266
 47400,  0.476, -0.041,  0.596,  1.129,  0.188,  3.741
 47460,  0.352, -0.057,  0.524,  1.179,  0.167,  3.386
 47520,  0.275, -0.058,  0.484,  1.082,  0.112,  3.043
 47580,  0.653, -0.050,  0.544,  1.102,  0.188,  4.053
 47640,  0.560,  0.070,  0.431,  1.155,  0.195,  4.585
 47700,  0.515, -0.048,  0.432,  1.013,  0.208,  3.906
 47760,  0.579, -0.022,  0.571,  1.080,  0.177,  4.227
 47820,  0.615,  0.039,  0.554,  1.111,  0.165,  3.908
 47880,  0.649,  0.021,  0.512,  1.078,  0.194,  3.697
 47940,  0.612,  0.015,  0.523,  1.013,  0.200,  3.989
 48000,  0.514,  0.007,  0.520,  1.020,  0.181,  3.542
 48060,  0.589,  0.023,  0.613,  1.059,  0.163,  3.716
 48120,  0.574,  0.083,  0.539,  1.147,  0.171,  4.017
 48180,  0.641,  0.059,  0.564,  1.073,  0.192,  3.658
 48240,  0.594,  0.105,  0.509,  1.043,  0.165,  3.759
 48300,  0.534,  0.110,  0.571,  1.095,  0.167,  3.250
 48360,  0.499,  0.066,  0.454,  1.004,  0.135,  3.302
 48420,  0.463,  0.058,  0.456,  0.917,  0.184,  2.943
 48480,  0.613,  0.088,  0.587,  1.022,  0.157,  3.023
 48540, -9999.000, -9999.000, -9999.000, -9999.000, -9999.000, -9999.000
 48600,  0.541,  0.147,  0.376,  0.797,  0.145,  2.668
 48660,  0.580,  0.115,  0.488,  0.908,  0.199,  2.558
 48720,  0.593,  0.090,  0.513,  0.832,  0.167,  2.598
 48780,  0.106,  0.078,  0.474,  0.675,  0.045,  1.380
 48840,  0.393,  0.073,  0.504,  0.927,  0.120,  2.519
 48900,  0.512,  0.117,  0.483,  0.920,  0.149,  2.963
 48960,  0.011,  0.006,  0.475,  0.871,  0.007,  1.050
 49020,  0.357,  0.070,  0.505,  0.839,  0.096,  2.204
 49080,  0.625,  0.093,  0.459,  0.702,  0.163,  2.068
 49140,  0.562,  0.080,  0.513,  0.620,  0.183,  1.952
 49200,  0.507,  0.140,  0.550,  0.658,  0.159,  1.927
 49260,  0.549,  0.042,  0.522,  0.626,  0.166,  1.872
 49320,  0.475,  0.099,  0.464,  0.629,  0.148,  1.669
 49380,  0.648,  0.080,  0.435,  0.696,  0.177,  1.932
 49440,  0.541,  0.002,  0.409,  0.796,  0.146,  1.937
 49500,  0.466,  0.017,  0.444,  0.630,  0.104,  1.751
 49560,  0.369,  0.051,  0.392,  0.683,  0.122,  1.687
 49620,  0.157,  0.042,  0.411,  0.729,  0.044,  1.051
 49680,  0.473,  0.070,  0.462,  0.755,  0.093,  1.548
 49740,  0.399,  0.036,  0.436,  0.642,  0.086,  1.251
 49800,  0.568,  0.067,  0.389,  0.654,  0.113,  1.374
 49860,  0.353,  0.015,  0.392,  0.701,  0.093,  1.087
 49920,  0.467,  0.069,  0.477,  0.799,  0.115,  1.438
 49980,  0.455,  0.074,  0.481,  0.709,  0.162,  1.360
 50040,  0.466,  0.046,  0.404,  0.675,  0.136,  1.216
 50100,  0.392,  0.064,  0.376,  0.716,  0.130,  1.337
 50160,  0.103,  0.040,  0.306,  0.638,  0.048,  0.759
 50220,  0.277,  0.025,  0.360,  0.574,  0.073,  0.750
 50280,  0.167,  0.021,  0.420,  0.603,  0.066,  0.735
 50340, -0.122,  0.005,  0.396,  0.529, -0.015,  0.116
 50400,  0.405,  0.028,  0.753,  0.490,  0.098,  1.332
 50460,  0.362,  0.053,  0.702,  0.611,  0.063,  1.739
 50520,  0.397,  0.042,  0.860,  0.550,  0.119,  2.456
 50580,  0.499,  0.063,  0.426,  0.610,  0.130,  1.007
 50640,  0.300,  0.049,  0.432,  0.515,  0.130,  0.585
 50700, -0.026, -0.014,  0.317,  0.408, -0.008,  0.147
 50760,  0.277,  0.024,  0.358,  0.513,  0.066,  0.295
 50820,  0.389,  0.074,  0.379,  0.463,  0.096,  0.370
 50880,  0.575,  0.086,  0.448,  0.489,  0.175,  0.492
 50940,  0.547,  0.135,  0.416,  0.456,  0.177,  0.452
 51000,  0.537,  0.099,  0.427,  0.513,  0.128,  1.349
 51060,  0.551,  0.110,  0.496,  0.493,  0.188,  5.901
 51120,  0.492,  0.083,  0.733,  0.645,  0.221, 10.033
 51180,  0.531,  0.121,  0.548,  0.438,  0.214,  4.514
 51240,  0.577,  0.058,  0.593,  0.423,  0.195,  2.105
 51300,  0.591,  0.093,  0.734,  0.454,  0.206,  4.759
 51360,  0.669,  0.191,  0.591,  0.459,  0.171,  0.588
 51420,  0.605,  0.093,  0.721,  0.456,  0.152,  3.188
 51480,  0.468,  0.062,  0.560,  0.385,  0.140,  1.724
 51540,  0.531,  0.072,  0.553,  0.382,  0.135,  0.793
 51600,  0.385,  0.077,  0.586,  0.384,  0.152,  2.156
 51660,  0.464,  0.091,  0.525,  0.372,  0.084,  0.620
 51720,  0.400,  0.078,  0.539,  0.362,  0.134,  0.809
 51780,  0.426,  0.083,  0.495,  0.347,  0.157,  0.285
 51840,  0.370,  0.061,  0.552,  0.291,  0.079,  0.150
 51900,  0.518,  0.094,  0.604,  0.353,  0.129,  0.114
 51960,  0.206,  0.085,  0.590,  0.287,  0.081,  0.148
