CampaignData_and_Merges/R0/CSL_MobileLab_Parked/raw/20240816/USOS-NOAAIodideCIMS-OrgNitrs_MobileLabGround_20240816_RA.ict
37, 1001
Michael A Robinson, Chris Jernigan, Subi Thakali
NOAA ESRL Chemical Sciences Laboratory and CIRES, U. of Colorado
NOAA Iodide CIMS Instrument
USOS
1, 1
2024, 08, 16, 2024, 08, 18
1
starttime_UTC, seconds_past_midnight, seconds_of_day_since_00:00:00_UTC
5
1, 1, 1, 1, 1
-9999, -9999, -9999, -9999, -9999
C4H7NO5_NOAACIMS, pptv, Gas_C4H7NO5_InSitu_S_AVMR, 
ISOPN_NOAACIMS, pptv, Gas_ISOPN_InSitu_S_AVMR, 
C5H10O3_NOAACIMS, pptv, Gas_C5H10O3_InSitu_S_AVMR, 
C5H9NO5_NOAACIMS, pptv, Gas_C5H9NO5_InSitu_S_AVMR, 
C10H17NO4_NOAACIMS, pptv, Gas_C10H17NO4_InSitu_S_AVMR, 
0
18
PI_CONTACT_INFO: 325 Broadway, R/CSD 7, Boulder, Colorado 80305; michael.a.robinson@noaa.gov; chris.jernigan@noaa.gov;
PLATFORM: NOAA CSL Mobile Lab
LOCATION: SLC, Utah
ASSOCIATED_DATA: 1Hz data also available on request.
INSTRUMENT_INFO: NOAA I- ToF CIMS
DATA_INFO: All data in parts per trillion by volume (pptv). 1 Hz data is available upon request.
UNCERTAINTY: TBD
ULOD_FLAG: -7777
ULOD_VALUE: N/A
LLOD_FLAG: -8888
LLOD_VALUE: N/A
DM_CONTACT_INFO: Nathan Howard; nathan.h.howard@noaa.gov
PROJECT_INFO: USOS, summer 2024. https://csl.noaa.gov/groups/csl7/measurements/2024usos/
STIPULATIONS_ON_USE: Users are strongly encouraged to contact the PI for proper data usage.
OTHER_COMMENTS: 
REVISION: RA
RA: Preliminary Data; For in-field use only
starttime_UTC, C4H7NO5_NOAACIMS, ISOPN_NOAACIMS, C5H10O3_NOAACIMS, C5H9NO5_NOAACIMS, C10H17NO4_NOAACIMS
     0,  1.745, 10.774, 15.359,  1.107,  0.211
    60,  2.079,  9.341, 19.448,  1.583,  0.080
   120,  2.502,  7.961, 29.923,  3.213,  0.204
   180,  1.771, 11.404, 18.604,  1.379,  0.097
   240,  1.619, 10.405, 16.790,  1.047,  0.130
   300,  1.648, 10.727, 16.395,  0.985,  0.113
   360,  1.587, 10.438, 16.047,  0.965,  0.095
   420,  1.661, 10.860, 16.189,  0.950,  0.170
   480, -9999.000, -9999.000, -9999.000, -9999.000, -9999.000
   540,  1.501, 10.648, 13.786,  0.981,  0.120
   600,  1.550, 10.136, 12.629,  1.231,  0.074
   660,  1.560,  9.946, 13.109,  1.080,  0.124
   720,  1.650,  9.446, 12.791,  1.090,  0.145
   780,  1.542,  9.455, 12.321,  0.944,  0.091
   840,  1.575,  9.804, 12.243,  1.094,  0.105
   900,  1.533,  9.419, 11.981,  0.992,  0.156
   960,  1.472,  9.088, 11.904,  0.953,  0.117
  1020,  1.370,  7.429, 10.670,  1.007,  0.114
  1080,  1.277,  6.811,  9.779,  0.799,  0.086
  1140,  1.291,  6.948,  9.807,  0.818,  0.058
  1200,  1.313,  7.900, 10.392,  0.836,  0.098
  1260,  1.351,  8.292, 11.248,  0.901,  0.126
  1320,  1.305,  8.800, 11.623,  0.946,  0.073
  1380,  1.384,  9.695, 10.640,  0.790,  0.145
  1440,  1.442,  9.750, 11.332,  0.969,  0.078
  1500,  1.431,  9.719, 11.091,  0.976,  0.097
  1560,  1.442,  9.265, 11.785,  1.022,  0.083
  1620,  1.456,  9.474, 11.939,  0.999,  0.133
  1680,  1.495,  9.317, 11.368,  1.038,  0.069
  1740,  1.545,  9.784, 11.959,  1.059,  0.102
  1800,  1.537, 10.232, 12.574,  1.047,  0.113
  1860,  1.511, 10.130, 13.099,  1.092,  0.096
  1920,  1.544, 10.235, 12.935,  1.120,  0.095
  1980,  1.529, 10.412, 13.180,  1.110,  0.106
  2040,  1.585, 11.066, 14.190,  1.065,  0.119
  2100,  1.606, 11.824, 14.179,  1.136,  0.147
  2160,  1.628, 12.678, 14.367,  1.160,  0.121
  2220,  1.608, 13.065, 14.769,  1.077,  0.151
  2280,  1.650, 13.164, 14.855,  1.164,  0.153
  2340,  1.531, 13.702, 12.218,  1.303, -0.167
  2400,  1.571, 12.965, 14.200,  1.276,  0.106
  2460,  1.595, 12.730, 14.704,  1.203,  0.127
  2520,  1.658, 14.036, 14.698,  1.291,  0.183
  2580,  1.587, 12.168, 13.460,  0.957,  0.224
  2640,  1.577, 12.336, 13.575,  1.077,  0.179
  2700,  1.591, 12.223, 13.885,  1.009,  0.199
  2760,  1.568, 12.296, 13.910,  0.949,  0.089
  2820,  1.619, 12.774, 14.796,  1.186,  0.146
  2880,  1.577, 12.381, 14.291,  1.068,  0.064
  2940,  1.573, 11.686, 14.218,  1.175,  0.165
  3000,  1.542, 11.225, 14.805,  1.120,  0.141
  3060,  1.603, 12.137, 14.181,  1.188,  0.111
  3120,  1.655, 13.469, 15.325,  1.245,  0.165
  3180,  1.696, 13.729, 15.787,  1.142,  0.161
  3240,  1.693, 14.648, 16.556,  1.078,  0.239
  3300,  1.737, 15.413, 16.964,  1.148,  0.241
  3360,  1.694, 14.416, 17.034,  1.237,  0.152
  3420,  1.680, 15.572, 16.704,  1.167,  0.340
  3480,  1.714, 15.301, 16.359,  1.357,  0.295
  3540,  1.633, 12.771, 15.599,  1.102,  0.189
  3600,  1.648, 10.920, 15.916,  1.215,  0.152
  3660,  1.699,  9.975, 15.376,  1.236,  0.127
  3720,  1.598, 10.443, 15.885,  1.268,  0.185
  3780,  1.630, 10.966, 15.228,  1.315,  0.171
  3840,  1.560, 10.326, 15.121,  1.248,  0.172
  3900,  1.598, 10.161, 14.638,  1.269,  0.175
  3960,  1.591,  9.841, 15.130,  1.271,  0.135
  4020,  1.571, 10.445, 14.917,  1.268,  0.211
  4080,  1.624, 11.089, 15.489,  1.205,  0.196
  4140,  1.609, 11.235, 15.261,  1.264,  0.166
  4200, -9999.000, -9999.000, -9999.000, -9999.000, -9999.000
  4260,  1.657, 13.010, 14.690,  1.511,  0.227
  4320,  1.671, 13.036, 15.711,  1.538,  0.248
  4380,  1.727, 13.315, 15.424,  1.336,  0.265
  4440,  1.729, 13.625, 15.917,  1.320,  0.317
  4500,  1.658, 14.027, 16.225,  1.326,  0.317
  4560,  1.742, 14.481, 15.818,  1.163,  0.299
  4620,  1.675, 14.371, 16.722,  1.190,  0.303
  4680,  1.715, 14.312, 16.341,  1.165,  0.387
  4740,  1.654, 13.423, 15.814,  1.327,  0.319
  4800,  1.670, 14.044, 15.632,  1.254,  0.291
  4860,  1.685, 13.734, 15.616,  1.307,  0.313
  4920,  1.728, 13.396, 15.896,  1.080,  0.169
  4980,  1.780, 14.598, 17.091,  1.364,  0.326
  5040,  1.814, 14.888, 16.683,  1.263,  0.321
  5100,  1.790, 14.018, 16.827,  1.211,  0.373
  5160,  1.832, 14.806, 16.694,  1.299,  0.328
  5220,  1.719, 14.061, 16.149,  1.163,  0.283
  5280,  1.768, 14.301, 15.525,  1.043,  0.333
  5340,  1.764, 14.948, 17.329,  1.138,  0.359
  5400,  1.783, 14.939, 16.532,  1.223,  0.392
  5460,  1.771, 15.918, 17.546,  1.410,  0.409
  5520,  1.752, 15.722, 17.463,  1.262,  0.364
  5580,  1.773, 16.465, 18.343,  1.304,  0.379
  5640,  1.742, 17.306, 18.923,  1.331,  0.411
  5700,  1.809, 16.663, 18.617,  1.252,  0.426
  5760,  1.769, 17.655, 19.413,  1.430,  0.468
  5820,  1.728, 16.559, 18.593,  1.318,  0.388
  5880,  1.734, 15.582, 17.613,  1.346,  0.415
  5940,  1.780, 16.203, 18.110,  1.370,  0.405
  6000,  1.769, 16.679, 18.040,  1.238,  0.395
  6060,  1.698, 17.373, 15.251,  1.088,  0.528
  6120,  1.774, 16.754, 17.167,  1.403,  0.312
  6180,  1.761, 16.285, 17.731,  1.314,  0.228
  6240,  1.810, 16.620, 19.075,  1.517,  0.371
  6300,  1.798, 16.937, 17.834,  1.290,  0.415
  6360,  1.779, 16.710, 18.625,  1.329,  0.338
  6420,  1.780, 16.082, 18.666,  1.409,  0.393
  6480,  1.775, 15.927, 18.483,  1.318,  0.379
  6540,  1.723, 16.591, 19.086,  1.415,  0.366
  6600,  1.761, 16.077, 18.310,  1.153,  0.431
  6660,  1.714, 16.385, 18.824,  1.335,  0.352
  6720,  1.790, 15.731, 18.608,  1.293,  0.363
  6780,  1.701, 15.936, 18.776,  1.189,  0.312
  6840,  1.704, 15.512, 18.714,  1.150,  0.220
  6900,  2.224, 12.913, 25.539,  2.051,  0.368
  6960,  1.679, 15.766, 20.087,  1.569,  0.384
  7020,  1.987,  9.928, 25.075,  2.165,  0.225
  7080,  1.609, 16.204, 16.795,  1.173,  0.367
  7140,  1.672, 15.708, 18.232,  1.270,  0.372
  7200,  1.669, 15.052, 17.516,  1.150,  0.350
  7260,  1.669, 15.633, 17.979,  1.472,  0.305
  7320,  1.663, 15.535, 18.487,  1.353,  0.359
  7380,  1.603, 14.782, 17.883,  1.187,  0.352
  7440,  1.588, 15.517, 17.768,  1.437,  0.366
  7500,  1.633, 15.856, 17.994,  1.323,  0.404
  7560,  1.636, 15.736, 18.018,  1.337,  0.391
  7620,  1.594, 15.474, 17.653,  1.367,  0.360
  7680,  1.611, 15.668, 17.570,  1.328,  0.385
  7740,  1.640, 15.804, 17.996,  1.405,  0.437
  7800,  1.634, 16.842, 18.138,  1.314,  0.384
  7860,  1.673, 17.401, 17.171,  1.456,  0.394
  7920,  1.776, 14.480, 14.549,  2.528,  0.307
  7980,  1.578, 16.936, 16.725,  1.453,  0.393
  8040,  1.580, 16.398, 17.388,  1.540,  0.472
  8100,  1.667, 16.787, 18.250,  1.501,  0.458
  8160,  1.951, 17.881, 18.496,  1.711,  0.477
  8220,  1.887, 14.913, 22.305,  1.999,  0.451
  8280,  1.596, 16.124, 19.521,  1.690,  0.453
  8340,  1.586, 16.381, 19.721,  1.885,  0.509
  8400,  1.603, 15.013, 20.168,  1.881,  0.483
  8460,  1.655, 15.675, 19.693,  1.903,  0.491
  8520,  1.590, 15.911, 19.636,  2.081,  0.516
  8580,  1.587, 16.962, 20.188,  1.924,  0.479
  8640,  1.559, 15.987, 19.823,  1.954,  0.537
  8700,  1.644, 16.832, 19.868,  2.090,  0.616
  8760,  1.617, 16.074, 19.466,  2.015,  0.561
  8820,  1.596, 16.411, 20.666,  2.182,  0.562
  8880,  1.585, 15.692, 19.738,  2.209,  0.606
  8940,  1.609, 15.901, 19.764,  2.261,  0.523
  9000,  1.671, 16.277, 19.558,  2.434,  0.565
  9060,  1.598, 16.267, 20.458,  2.460,  0.679
  9120,  1.559, 15.736, 20.285,  2.691,  0.684
  9180,  1.614, 15.519, 20.249,  2.646,  0.623
  9240,  1.617, 15.873, 19.542,  2.417,  0.591
  9300,  1.615, 16.030, 20.806,  2.576,  0.716
  9360,  1.574, 15.608, 20.511,  2.722,  0.730
  9420,  1.649, 16.736, 20.637,  2.698,  0.755
  9480,  1.653, 17.665, 21.155,  2.676,  0.824
  9540,  1.631, 17.914, 21.228,  2.722,  0.916
  9600,  1.699, 18.439, 22.491,  3.015,  0.957
  9660,  1.643, 17.644, 21.902,  3.001,  0.908
  9720,  1.686, 18.025, 21.579,  2.914,  0.836
  9780,  1.558, 16.875, 21.553,  3.512,  0.945
  9840,  1.648, 17.826, 22.184,  3.607,  1.069
  9900,  1.977, 16.206, 25.452,  3.651,  0.915
  9960,  1.679, 16.740, 22.762,  3.406,  1.011
 10020,  1.643, 17.005, 22.040,  3.549,  1.040
 10080,  1.710, 17.424, 22.241,  3.698,  1.049
 10140,  1.658, 17.121, 22.310,  3.796,  1.087
 10200,  1.626, 17.325, 22.583,  3.713,  0.992
 10260,  1.696, 16.849, 21.590,  3.993,  1.137
 10320,  1.663, 17.482, 22.021,  3.863,  1.149
 10380,  1.923, 14.964, 24.599,  3.757,  0.965
 10440,  1.580, 17.107, 21.323,  3.820,  1.165
 10500,  1.649, 15.611, 21.820,  3.775,  0.954
 10560,  1.710, 15.092, 21.793,  3.791,  1.163
 10620,  1.699, 16.047, 22.455,  3.900,  1.243
 10680,  1.694, 15.671, 21.866,  3.947,  1.219
 10740,  1.724, 16.310, 21.878,  4.125,  1.251
 10800,  1.652, 15.530, 21.842,  4.145,  1.391
 10860,  1.741, 14.396, 21.718,  4.008,  1.214
 10920,  1.664, 14.654, 21.656,  4.135,  1.426
 10980,  1.669, 14.294, 20.805,  4.024,  1.335
 11040,  1.642, 13.384, 21.222,  4.059,  1.389
 11100,  1.587, 12.494, 19.523,  4.131,  1.422
 11160,  1.533, 12.191, 19.290,  4.148,  1.529
 11220,  1.559, 12.600, 19.030,  3.973,  1.441
 11280,  1.609, 11.970, 19.156,  3.819,  1.435
 11340,  1.575, 12.127, 19.377,  3.798,  1.439
 11400,  1.490, 11.212, 17.968,  3.650,  1.394
 11460,  1.491, 11.127, 17.544,  3.829,  1.417
 11520,  1.497, 10.774, 17.390,  3.783,  1.323
 11580, -9999.000, -9999.000, -9999.000, -9999.000, -9999.000
 11640,  1.380,  9.726, 14.748,  3.193,  1.090
 11700,  1.384,  9.305, 15.250,  3.319,  1.086
 11760,  1.358,  9.309, 16.209,  3.343,  1.180
 11820,  1.393,  9.157, 15.531,  3.317,  1.180
 11880,  1.366,  9.128, 15.603,  3.275,  1.101
 11940,  1.319,  8.544, 15.324,  3.132,  1.176
 12000,  1.230,  7.769, 15.144,  3.154,  1.111
 12060,  1.250,  7.870, 15.153,  3.105,  1.131
 12120,  1.241,  7.815, 14.509,  2.895,  1.073
 12180,  1.237,  8.080, 14.447,  2.876,  1.226
 12240,  1.183,  6.936, 13.759,  2.745,  1.114
 12300,  1.224,  7.146, 13.646,  2.669,  1.043
 12360,  1.194,  7.364, 13.973,  2.730,  1.110
 12420,  1.145,  7.051, 13.399,  2.758,  1.006
 12480,  1.102,  6.457, 12.999,  2.613,  0.958
 12540,  1.121,  6.310, 12.316,  2.554,  0.961
 12600,  1.087,  6.271, 12.245,  2.418,  0.972
 12660,  1.090,  6.266, 12.667,  2.381,  0.997
 12720,  1.071,  6.049, 12.350,  2.437,  0.961
 12780,  1.044,  5.762, 12.224,  2.347,  0.928
 12840,  1.038,  5.599, 11.837,  2.224,  0.921
 12900,  1.038,  5.619, 11.668,  2.288,  0.877
 12960,  1.026,  5.341, 11.642,  2.127,  0.793
 13020,  1.013,  5.230, 11.073,  2.247,  0.862
 13080,  1.021,  5.226, 11.634,  2.243,  0.850
 13140,  1.022,  5.314, 11.999,  2.048,  0.848
 13200,  1.014,  5.134, 11.589,  2.205,  0.880
 13260,  1.033,  5.071, 11.390,  2.299,  0.835
 13320,  1.140,  6.208, 12.217,  2.420,  1.024
 13380,  1.203,  6.604, 13.067,  2.545,  1.144
 13440, -9999.000, -9999.000, -9999.000, -9999.000, -9999.000
 13500,  1.139,  5.638, 12.046,  2.839,  1.257
 13560,  1.094,  5.405, 11.798,  2.910,  1.229
 13620,  1.085,  4.775, 11.775,  2.703,  1.251
 13680,  1.025,  4.455, 10.992,  2.771,  1.296
 13740,  0.976,  3.976, 10.179,  2.741,  1.354
 13800,  0.986,  4.119, 10.092,  2.710,  1.394
 13860,  0.988,  4.243, 10.200,  2.689,  1.377
 13920,  0.986,  4.186,  9.995,  2.390,  1.139
 13980,  0.983,  4.327, 10.315,  2.505,  1.230
 14040,  1.075,  4.780, 11.053,  2.350,  1.316
 14100,  1.130,  5.496, 10.965,  2.462,  1.267
 14160,  1.086,  5.111, 11.057,  2.507,  1.241
 14220,  1.051,  5.120, 11.241,  2.686,  1.313
 14280,  1.095,  5.574, 12.037,  2.620,  1.314
 14340,  1.092,  4.920, 11.821,  2.644,  1.306
 14400,  1.101,  4.805, 10.211,  2.496,  1.439
 14460,  1.073,  4.389, 10.897,  2.611,  1.423
 14520,  1.042,  4.510,  9.845,  2.488,  1.286
 14580,  1.061,  4.969, 10.394,  2.444,  1.308
 14640,  1.083,  5.152, 10.478,  2.459,  1.366
 14700,  1.114,  4.891, 10.288,  2.653,  1.446
 14760,  1.071,  4.728, 10.429,  2.463,  1.382
 14820,  1.055,  4.834, 10.642,  2.602,  1.313
 14880,  1.037,  4.464,  9.768,  2.639,  1.291
 14940,  1.041,  4.541,  9.906,  2.465,  1.286
 15000,  1.031,  4.553,  9.909,  2.577,  1.255
 15060,  1.025,  4.570,  9.933,  2.417,  1.154
 15120,  1.089,  4.659,  9.641,  2.388,  1.289
 15180,  1.030,  4.530, 10.139,  2.416,  1.205
 15240,  1.120,  4.203, 10.486,  2.505,  1.262
 15300, -9999.000, -9999.000, -9999.000, -9999.000, -9999.000
 15360,  0.923,  3.969,  8.448,  2.096,  1.074
 15420,  0.973,  4.026,  8.316,  2.151,  1.080
 15480,  0.951,  3.767,  8.830,  2.237,  1.057
 15540,  0.969,  3.989,  9.166,  2.287,  1.063
 15600,  0.980,  3.598,  8.870,  2.302,  1.121
 15660,  0.954,  3.724,  9.119,  2.173,  1.157
 15720,  0.986,  3.740,  8.960,  2.204,  1.045
 15780,  0.898,  3.719,  8.283,  2.257,  1.072
 15840,  0.940,  3.515,  7.919,  2.315,  1.006
 15900,  0.905,  3.191,  8.285,  2.166,  0.984
 15960,  0.924,  3.360,  8.668,  2.252,  0.959
 16020,  0.908,  3.285,  8.034,  2.296,  0.956
 16080,  0.910,  3.484,  8.525,  2.305,  0.970
 16140,  0.902,  3.656,  8.539,  2.065,  0.964
 16200,  0.937,  3.479,  8.138,  2.111,  0.979
 16260,  0.905,  3.445,  8.158,  2.117,  0.966
 16320,  0.909,  3.598,  8.679,  2.166,  0.941
 16380,  0.927,  3.721,  7.843,  2.151,  0.872
 16440,  0.935,  3.531,  8.570,  2.128,  0.935
 16500,  0.900,  3.362,  8.656,  2.192,  0.884
 16560,  0.858,  3.347,  8.588,  2.143,  0.828
 16620,  0.901,  3.223,  8.203,  2.187,  0.824
 16680,  0.882,  3.305,  8.596,  2.092,  0.881
 16740,  0.868,  3.513,  7.798,  2.021,  0.854
 16800,  0.892,  3.295,  8.007,  1.961,  0.826
 16860,  0.892,  3.179,  8.336,  1.958,  0.759
 16920,  0.899,  3.363,  8.611,  1.965,  0.777
 16980,  0.845,  3.035,  8.352,  2.116,  0.789
 17040,  0.890,  3.256,  8.260,  2.020,  0.838
 17100,  0.890,  3.180,  8.243,  2.118,  0.819
 17160,  0.821,  3.300,  8.603,  1.936,  0.814
 17220,  0.859,  3.322,  8.627,  1.928,  0.819
 17280,  0.904,  3.358,  8.904,  1.910,  0.780
 17340,  0.879,  3.064,  8.500,  1.991,  0.849
 17400,  0.867,  3.288,  8.349,  1.951,  0.819
 17460,  0.862,  3.185,  8.373,  2.061,  0.905
 17520,  0.898,  3.129,  8.764,  2.032,  0.885
 17580,  0.899,  3.072,  8.917,  2.008,  0.919
 17640,  0.886,  3.214,  8.657,  2.095,  0.868
 17700,  0.869,  3.458,  8.658,  1.926,  0.955
 17760,  0.896,  3.346,  8.405,  2.098,  0.902
 17820,  0.899,  3.366,  8.575,  2.067,  0.934
 17880,  0.909,  3.315,  8.864,  2.069,  0.947
 17940,  0.933,  3.551,  9.161,  2.000,  0.954
 18000,  0.897,  3.429,  8.942,  1.900,  1.013
 18060,  0.928,  3.612,  9.192,  1.996,  1.104
 18120,  0.928,  3.313,  8.960,  2.132,  0.949
 18180,  0.924,  3.423,  9.074,  2.088,  1.080
 18240,  0.902,  3.373,  9.044,  2.024,  0.997
 18300,  0.935,  3.158,  8.965,  2.080,  0.985
 18360,  0.915,  3.156,  8.637,  1.987,  1.034
 18420,  0.919,  3.368,  8.587,  2.006,  1.045
 18480,  0.902,  3.249,  8.582,  2.029,  0.962
 18540,  0.900,  3.366,  8.965,  1.979,  0.937
 18600,  0.899,  2.906,  8.610,  1.973,  0.993
 18660,  0.882,  3.215,  8.662,  2.021,  1.010
 18720,  0.894,  2.870,  8.171,  2.054,  0.980
 18780,  0.886,  2.916,  8.929,  2.109,  0.930
 18840,  0.888,  2.823,  7.987,  1.935,  0.968
 18900,  0.854,  2.636,  7.636,  1.909,  0.885
 18960, -9999.000, -9999.000, -9999.000, -9999.000, -9999.000
 19020,  0.818,  2.583,  6.504,  1.818,  0.752
 19080,  0.840,  2.723,  7.211,  2.085,  0.887
 19140,  0.867,  2.705,  7.842,  1.883,  0.966
 19200,  0.852,  2.663,  7.960,  2.025,  0.920
 19260,  0.826,  2.708,  7.846,  1.896,  0.945
 19320,  0.875,  2.531,  7.442,  1.968,  0.902
 19380,  0.854,  2.646,  7.965,  2.014,  0.945
 19440,  0.855,  2.642,  7.732,  1.990,  0.915
 19500,  0.849,  2.549,  7.747,  1.969,  0.921
 19560,  0.854,  2.612,  8.184,  1.954,  0.934
 19620,  0.885,  2.519,  7.087,  1.920,  0.908
 19680,  0.859,  2.567,  7.106,  2.031,  0.906
 19740,  0.807,  2.534,  7.477,  1.988,  0.831
 19800,  0.843,  2.444,  7.031,  1.944,  0.921
 19860,  0.840,  2.645,  6.982,  1.986,  0.957
 19920,  0.852,  2.535,  7.525,  1.948,  0.833
 19980,  0.805,  2.319,  7.493,  1.937,  0.904
 20040,  0.836,  2.427,  7.261,  1.964,  0.928
 20100,  0.837,  2.447,  7.486,  2.044,  0.888
 20160,  0.827,  2.374,  7.015,  2.063,  0.903
 20220,  0.833,  2.153,  7.392,  2.060,  0.927
