CampaignData_and_Merges/R0/CSL_MobileLab_Parked/raw/20240816/USOS-MetNav_MobileLabGround_20240816_R0.ict
44, 1001
Carrie Womack, Nate Howard, Mike Zucker
NOAA Chemical Sciences Laboratory
Mobile Lab MetNav Station
USOS
1, 1
2024, 08, 16, 2024, 12, 21
60
Time_Start, seconds_past_midnight, Seconds from midnight UTC
11
1, 1, 1, 1, 1, 1, 1, 1, 1, 1, 1
-9999, -9999, -9999, -9999, -9999, -9999, -9999, -9999, -9999, -9999, -9999
GPS_Alt_m, meters, Altitude from Differential GPS
GPS_Course_deg, degrees, Course from Differential GPS
GPS_GndSpd_m_s, m/s, Ground Speed from Differential GPS
GPS_Heading_deg, degrees, Heading from Differential GPS
GPS_Lat_deg, degrees, Latitude from Differential GPS
GPS_Lon_deg, degrees, Longitude from Differential GPS
AirTemp_C, Celsius, Air Temperature from Airmar
RelHumidity_pct, percent, Relative Humidity from Airmar
Pressure_mb, millibars, Pressure from Honeywell
WindDir_calc_deg, degrees, Wind Direction from Airmar corrected for van movement
WindSpd_calc_m_s, m/s, Wind Speed from Airmar corrected for van movement
1
SPECIAL COMMENTS:
18
PI_CONTACT_INFO: Address: 325 Broadway R/CSL7, Boulder, CO, 80305
PLATFORM: CSL Mobile Lab
LOCATION: Salt Lake City, UT
ASSOCIATED_DATA: N/A
INSTRUMENT_INFO: N/A
DATA_INFO: Units:
UNCERTAINTY: N/A
ULOD_FLAG: -7777
ULOD_VALUE: N/A
LLOD_FLAG: -8888
LLOD_VALUE: N/A
DM_CONTACT_INFO: Data Manager: Nate Howard
PROJECT_INFO: 
STIPULATIONS_ON_USE: Use of these data require prior ok from PI.
OTHER_COMMENTS: 
REVISION: R0
R0: Final data. Fixed bug in wind averaging code. RA: Preliminary Data. For in-field use only. 
Time_Start, GPS_Alt_m, GPS_Course_deg, GPS_GndSpd_m_s, GPS_Heading_deg, GPS_Lat_deg, GPS_Lon_deg, AirTemp_C, RelHumidity_pct, Pressure_mb, WindDir_calc_deg, WindSpd_calc_m_s
[from data line 1039]
62340.0,1309.3,360.00,0.05,360.00,40.73433,-111.87210,33.4,17.3,878.5,163.04,1.2
62400.0,1309.1,0.25,0.06,0.25,40.73433,-111.87210,33.3,16.6,878.6,182.01,2.6
62460.0,1309.1,0.38,0.05,0.38,40.73434,-111.87210,33.0,17.9,878.5,121.93,2.3
62520.0,1309.2,0.74,0.06,0.74,40.73434,-111.87210,32.6,19.4,878.5,128.58,2.4
62580.0,1309.2,0.88,0.05,0.88,40.73434,-111.87210,32.7,18.0,878.5,158.29,1.3
62640.0,1309.1,0.56,0.05,0.56,40.73434,-111.87210,32.7,17.8,878.5,129.38,1.4
62700.0,1309.2,0.86,0.05,0.86,40.73434,-111.87210,32.7,18.0,878.5,167.63,1.4
62760.0,1309.3,0.76,0.04,0.76,40.73434,-111.87210,32.7,17.0,878.5,151.89,2.4
62820.0,1309.2,1.08,0.04,1.08,40.73434,-111.87210,32.4,18.5,878.5,131.68,2.9
62880.0,1309.2,0.78,0.04,0.78,40.73434,-111.87210,32.0,18.2,878.5,123.53,3.5
62940.0,1309.3,0.65,0.05,0.65,40.73434,-111.87210,32.0,17.9,878.5,160.38,2.2
63000.0,1309.4,1.08,0.05,1.08,40.73434,-111.87210,32.0,17.5,878.5,166.34,2.3
63060.0,1309.4,1.85,0.05,1.85,40.73434,-111.87210,32.1,17.5,878.5,168.43,1.6
63120.0,1309.4,1.16,0.04,1.16,40.73434,-111.87210,32.0,18.7,878.4,151.54,2.6
63180.0,1309.3,0.51,0.05,0.51,40.73434,-111.87210,32.0,17.9,878.4,159.35,2.9
63240.0,1309.3,0.75,0.04,0.75,40.73434,-111.87210,32.2,18.1,878.4,176.59,1.2
63300.0,1309.2,1.15,0.05,1.15,40.73434,-111.87210,32.3,17.8,878.4,169.23,1.3
63360.0,1309.2,1.36,0.05,1.36,40.73434,-111.87210,32.3,18.2,878.4,128.50,1.5
63420.0,1309.1,1.40,0.05,1.40,40.73434,-111.87210,32.3,18.3,878.4,147.64,1.5
63480.0,1309.1,1.61,0.04,1.61,40.73434,-111.87210,32.4,18.1,878.4,170.56,1.7
63540.0,1309.1,1.77,0.05,1.77,40.73434,-111.87210,32.5,16.8,878.5,190.09,1.8
63600.0,1309.1,2.29,0.04,2.29,40.73434,-111.87210,32.6,17.0,878.4,171.85,1.1
63660.0,1309.1,2.29,0.04,2.29,40.73434,-111.87210,32.5,17.1,878.4,143.14,1.8
63720.0,1309.1,2.03,0.05,2.03,40.73434,-111.87210,32.6,17.7,878.4,150.41,1.7
63780.0,1309.2,1.61,0.05,1.61,40.73434,-111.87210,32.6,17.3,878.4,161.94,1.4
63840.0,1309.3,1.77,0.05,1.77,40.73434,-111.87210,32.7,17.4,878.4,152.47,1.0
63900.0,1309.4,1.65,0.05,1.65,40.73434,-111.87210,32.7,17.8,878.4,132.65,1.7
63960.0,1309.5,1.82,0.05,1.82,40.73434,-111.87210,32.8,17.4,878.4,137.85,1.6
64020.0,1309.6,1.34,0.05,1.34,40.73434,-111.87210,32.6,18.5,878.3,108.03,1.0
64080.0,1310.0,1.07,0.04,1.07,40.73434,-111.87210,32.8,18.5,878.3,126.61,1.2
64140.0,1310.3,0.69,0.05,0.69,40.73434,-111.87210,32.9,18.6,878.3,125.27,1.1
64200.0,1310.1,0.78,0.05,0.78,40.73434,-111.87210,33.1,18.1,878.3,159.44,1.3
64260.0,1309.9,0.58,0.05,0.58,40.73434,-111.87210,33.3,16.6,878.3,159.60,1.1
64320.0,1309.8,0.48,0.05,0.48,40.73434,-111.87210,33.4,17.3,878.3,133.69,0.3
64380.0,1309.4,0.69,0.04,0.69,40.73434,-111.87210,33.7,17.2,878.3,185.17,0.5
64440.0,1309.2,0.33,0.05,0.33,40.73434,-111.87210,33.9,17.1,878.3,155.35,0.4
64500.0,1309.2,359.82,0.05,359.82,40.73434,-111.87210,34.1,16.9,878.3,128.93,0.5
64560.0,1309.1,359.51,0.05,359.51,40.73434,-111.87210,34.3,16.7,878.3,154.69,0.3
64620.0,1308.1,359.46,0.05,359.46,40.73434,-111.87210,34.4,16.5,878.3,167.39,0.3
64680.0,1308.1,0.44,0.05,0.44,40.73434,-111.87210,34.6,16.3,878.3,141.44,0.3
64740.0,1308.1,0.48,0.05,0.48,40.73434,-111.87210,34.7,15.7,878.3,141.26,1.2
64800.0,1308.0,1.07,0.05,1.07,40.73434,-111.87210,34.6,16.2,878.3,115.81,1.0
64860.0,1308.1,0.62,0.06,0.62,40.73434,-111.87210,34.5,15.8,878.3,122.80,1.0
64920.0,1308.3,0.43,0.05,0.43,40.73434,-111.87210,34.4,16.6,878.3,99.10,0.7
64980.0,1308.4,0.35,0.05,0.35,40.73434,-111.87210,34.3,17.0,878.3,98.23,0.6
65040.0,1308.8,0.58,0.05,0.58,40.73434,-111.87210,34.5,16.4,878.3,109.81,0.5
65100.0,1308.8,0.99,0.05,0.99,40.73434,-111.87210,34.5,17.0,878.3,106.39,1.0
65160.0,1308.7,0.98,0.05,0.98,40.73434,-111.87210,34.4,17.5,878.3,100.97,0.8
65220.0,1309.0,0.84,0.05,0.84,40.73434,-111.87210,34.2,16.4,878.3,134.19,2.6
65280.0,1308.8,0.62,0.05,0.62,40.73434,-111.87210,34.0,15.8,878.2,124.48,2.2
65340.0,1308.6,0.20,0.05,0.20,40.73434,-111.87210,33.8,15.5,878.2,114.46,2.5
65400.0,1308.6,0.39,0.04,0.39,40.73434,-111.87210,33.6,14.6,878.2,121.32,2.4
65460.0,1308.8,0.68,0.04,0.68,40.73434,-111.87210,33.5,14.8,878.2,132.57,1.9
65520.0,1308.8,0.73,0.05,0.73,40.73434,-111.87210,33.5,15.4,878.2,149.18,2.7
65580.0,1308.5,0.90,0.05,0.90,40.73434,-111.87210,33.5,15.5,878.2,156.27,2.0
65640.0,1308.3,1.05,0.05,1.05,40.73434,-111.87210,33.6,15.4,878.2,174.35,2.3
65700.0,1308.2,0.88,0.05,0.88,40.73434,-111.87210,33.8,14.5,878.2,200.80,2.3
65760.0,1308.1,0.88,0.05,0.88,40.73434,-111.87210,33.9,14.4,878.2,168.12,1.3
65820.0,1308.2,1.06,0.04,1.06,40.73434,-111.87210,34.1,14.4,878.2,168.53,1.3
65880.0,1308.3,1.09,0.05,1.09,40.73434,-111.87210,34.3,14.1,878.1,164.64,1.1
65940.0,1308.3,1.64,0.05,1.64,40.73434,-111.87210,34.3,14.0,878.1,163.61,1.7
66000.0,1308.3,1.53,0.04,1.53,40.73434,-111.87210,34.5,14.6,878.1,195.68,0.4
66060.0,1308.3,1.02,0.04,1.02,40.73434,-111.87210,34.6,14.0,878.1,225.58,0.9
66120.0,1308.3,0.79,0.05,0.79,40.73434,-111.87210,34.7,13.8,878.1,193.69,1.9
66180.0,1308.4,0.82,0.05,0.82,40.73434,-111.87210,34.5,13.4,878.0,149.81,3.3
66240.0,1308.3,0.60,0.05,0.60,40.73434,-111.87210,34.4,13.6,878.0,169.20,3.3
66300.0,1308.3,0.15,0.05,0.15,40.73434,-111.87210,34.4,14.0,878.0,171.39,1.9
66360.0,1308.3,0.28,0.05,0.28,40.73434,-111.87210,34.5,14.0,878.0,190.39,1.7
66420.0,1308.1,0.70,0.05,0.70,40.73434,-111.87210,34.2,12.9,878.1,185.74,3.4
66480.0,1308.1,0.78,0.05,0.78,40.73434,-111.87210,34.3,13.4,878.1,183.60,1.7
66540.0,1308.1,0.96,0.04,0.96,40.73434,-111.87210,34.3,12.8,878.1,190.81,3.0
66600.0,1308.1,0.92,0.05,0.92,40.73434,-111.87210,34.3,12.9,878.0,190.17,2.3
66660.0,1308.0,1.21,0.04,1.21,40.73434,-111.87210,34.3,13.1,878.0,167.64,2.6
66720.0,1308.0,1.11,0.04,1.11,40.73434,-111.87210,34.0,13.9,878.0,149.60,3.5
66780.0,1307.9,0.82,0.04,0.82,40.73434,-111.87210,34.1,14.2,878.0,158.86,2.0
66840.0,1308.0,0.82,0.05,0.82,40.73434,-111.87210,33.9,14.3,878.0,126.12,3.2
66900.0,1308.1,0.86,0.04,0.86,40.73434,-111.87210,33.9,14.9,877.9,136.90,2.4
66960.0,1308.1,0.81,0.05,0.81,40.73434,-111.87210,34.0,13.3,878.0,183.13,2.3
67020.0,1308.1,0.77,0.04,0.77,40.73434,-111.87210,33.8,12.9,878.0,165.01,3.3
67080.0,1308.0,0.65,0.05,0.65,40.73434,-111.87210,33.9,14.1,877.9,146.37,1.6
67140.0,1308.0,0.37,0.04,0.37,40.73434,-111.87210,33.9,13.6,877.9,160.14,2.3
67200.0,1308.0,0.54,0.05,0.54,40.73434,-111.87210,33.7,14.6,877.9,131.16,3.7
67260.0,1308.1,0.64,0.05,0.64,40.73434,-111.87210,33.8,13.6,877.9,163.00,2.7
67320.0,1308.3,0.46,0.05,0.46,40.73434,-111.87210,33.9,13.5,877.9,151.99,2.2
67380.0,1308.3,0.32,0.04,0.32,40.73434,-111.87210,33.7,14.0,877.9,146.37,3.7
67440.0,1308.4,0.43,0.05,0.43,40.73434,-111.87210,33.8,12.9,877.9,194.66,2.8
67500.0,1308.4,1.04,0.06,1.04,40.73434,-111.87210,34.0,13.0,877.9,185.25,1.8
67560.0,1308.3,1.25,0.05,1.25,40.73434,-111.87210,34.2,13.0,877.9,161.32,1.5
67620.0,1308.3,1.34,0.05,1.34,40.73434,-111.87210,34.0,12.9,877.9,162.21,3.2
67680.0,1308.2,1.20,0.05,1.20,40.73434,-111.87210,34.2,13.0,877.9,186.55,2.1
67740.0,1308.2,0.78,0.05,0.78,40.73434,-111.87210,34.3,13.0,877.9,188.66,2.4
67800.0,1308.1,0.94,0.05,0.94,40.73434,-111.87210,34.3,12.8,877.9,207.66,1.4
67860.0,1308.3,1.73,0.05,1.73,40.73434,-111.87210,34.2,12.7,877.9,189.00,2.5
67920.0,1308.4,1.76,0.04,1.76,40.73434,-111.87210,34.3,13.2,877.9,161.88,3.1
67980.0,1308.5,1.18,0.05,1.18,40.73434,-111.87210,34.2,13.3,877.8,167.97,2.9
68040.0,1308.6,0.78,0.06,0.78,40.73434,-111.87210,34.2,12.8,877.8,180.40,2.9
68100.0,1308.6,1.08,0.05,1.08,40.73434,-111.87210,34.2,12.6,877.8,185.42,2.6
68160.0,1308.6,0.98,0.05,0.98,40.73434,-111.87210,34.2,12.7,877.7,176.76,2.6
68220.0,1308.6,0.74,0.05,0.74,40.73434,-111.87210,34.4,13.0,877.8,186.95,1.9
68280.0,1308.8,0.91,0.05,0.91,40.73434,-111.87210,34.5,12.9,877.7,164.63,2.3
68340.0,1309.0,0.97,0.05,0.97,40.73434,-111.87210,34.4,12.3,877.7,183.44,3.4
68400.0,1308.8,1.06,0.05,1.06,40.73434,-111.87210,34.4,12.6,877.7,162.41,2.6
68460.0,1308.4,0.78,0.05,0.78,40.73434,-111.87210,34.4,13.2,877.7,151.18,3.1
68520.0,1308.5,0.21,0.06,0.21,40.73434,-111.87210,34.3,13.5,877.7,141.45,3.3
68580.0,1308.4,359.91,0.05,359.91,40.73434,-111.87210,34.2,14.3,877.7,142.76,3.0
68640.0,1308.5,359.99,0.06,359.99,40.73434,-111.87210,34.3,13.3,877.8,161.33,3.4
68700.0,1308.6,0.48,0.06,0.48,40.73434,-111.87210,34.1,12.4,877.8,165.51,4.0
68760.0,1308.6,0.52,0.06,0.52,40.73434,-111.87210,34.1,12.3,877.7,185.10,3.5
68820.0,1308.7,0.65,0.06,0.65,40.73434,-111.87210,34.2,12.2,877.7,191.43,3.1
68880.0,1308.8,0.94,0.06,0.94,40.73434,-111.87210,34.1,11.9,877.8,173.28,4.1
68940.0,1308.8,0.71,0.05,0.71,40.73434,-111.87210,34.0,11.8,877.7,171.96,3.5
69000.0,1308.8,1.21,0.05,1.21,40.73434,-111.87210,34.2,12.4,877.7,185.89,2.0
69060.0,1308.9,1.58,0.06,1.58,40.73434,-111.87210,34.4,12.7,877.7,181.36,2.3
69120.0,1308.9,1.12,0.05,1.12,40.73434,-111.87210,34.3,13.2,877.7,136.05,3.6
69180.0,1309.1,1.04,0.05,1.04,40.73434,-111.87210,34.3,13.6,877.7,152.77,2.8
69240.0,1309.2,0.45,0.06,0.45,40.73434,-111.87210,34.4,12.8,877.7,152.41,3.2
69300.0,1309.1,0.49,0.05,0.49,40.73434,-111.87210,34.5,12.9,877.7,164.23,1.9
69360.0,1309.0,0.91,0.05,0.91,40.73434,-111.87210,34.5,12.3,877.6,188.46,2.4
69420.0,1308.9,1.07,0.05,1.07,40.73434,-111.87210,34.6,12.7,877.6,171.98,2.8
69480.0,1309.1,0.52,0.05,0.52,40.73434,-111.87210,34.4,13.7,877.6,143.68,4.0
69540.0,1309.2,0.55,0.05,0.55,40.73434,-111.87210,34.6,13.2,877.6,185.37,2.0
69600.0,1309.2,0.58,0.05,0.58,40.73434,-111.87210,34.3,12.6,877.7,167.40,4.4
69660.0,1309.4,0.42,0.05,0.42,40.73434,-111.87210,34.3,12.4,877.7,178.80,3.2
69720.0,1309.5,0.22,0.06,0.22,40.73434,-111.87211,34.3,12.5,877.6,165.67,3.7
69780.0,1309.8,0.69,0.05,0.69,40.73434,-111.87211,34.4,12.9,877.6,179.87,2.2
69840.0,1309.7,0.61,0.05,0.61,40.73434,-111.87211,34.6,13.2,877.6,195.61,2.2
69900.0,1309.6,0.89,0.05,0.89,40.73434,-111.87211,34.7,12.9,877.6,176.81,2.6
69960.0,1309.0,1.58,0.05,1.58,40.73434,-111.87210,34.7,12.7,877.6,180.32,3.3
70020.0,1308.9,1.09,0.05,1.09,40.73434,-111.87210,34.6,12.8,877.6,166.87,3.5
70080.0,1308.8,0.89,0.05,0.89,40.73434,-111.87211,34.5,12.8,877.6,189.70,3.6
70140.0,1308.8,1.49,0.05,1.49,40.73434,-111.87210,34.4,13.0,877.6,165.99,3.5
70200.0,1308.7,1.00,0.05,1.00,40.73434,-111.87210,34.2,13.4,877.5,167.67,3.0
70260.0,1308.8,0.87,0.05,0.87,40.73434,-111.87210,34.1,13.1,877.5,163.86,4.2
70320.0,1308.9,0.81,0.05,0.81,40.73434,-111.87210,33.8,14.4,877.5,142.03,4.4
70380.0,1309.2,0.80,0.05,0.80,40.73434,-111.87210,33.7,13.4,877.5,159.99,5.2
70440.0,1309.3,0.97,0.05,0.97,40.73434,-111.87210,33.4,14.0,877.4,135.65,5.8
70500.0,1309.2,1.02,0.05,1.02,40.73434,-111.87210,33.3,14.1,877.5,153.98,5.5
70560.0,1309.1,1.04,0.05,1.04,40.73434,-111.87210,33.0,13.5,877.5,156.71,5.8
70620.0,1309.2,0.98,0.04,0.98,40.73434,-111.87210,33.2,13.7,877.4,164.15,3.9
70680.0,1309.1,1.11,0.05,1.11,40.73434,-111.87210,33.3,14.5,877.4,154.93,3.6
70740.0,1309.2,1.31,0.05,1.31,40.73434,-111.87210,33.3,14.8,877.4,159.82,3.2
70800.0,1309.2,1.12,0.05,1.12,40.73434,-111.87210,33.5,13.8,877.4,179.39,3.8
70860.0,1309.2,1.11,0.05,1.11,40.73434,-111.87210,33.5,13.5,877.4,173.72,4.5
70920.0,1309.3,1.06,0.04,1.06,40.73434,-111.87210,33.4,13.5,877.3,161.56,3.9
70980.0,1309.3,0.87,0.04,0.87,40.73434,-111.87210,33.5,14.8,877.3,139.58,3.3
71040.0,1309.2,0.50,0.05,0.50,40.73434,-111.87210,33.6,14.8,877.4,164.77,3.5
71100.0,1309.3,0.81,0.04,0.81,40.73434,-111.87210,33.6,13.6,877.3,163.11,4.1
71160.0,1309.3,1.18,0.05,1.18,40.73434,-111.87210,33.7,13.5,877.3,149.41,3.3
71220.0,1309.3,1.11,0.04,1.11,40.73434,-111.87210,33.5,13.8,877.3,158.10,4.5
71280.0,1309.3,0.80,0.04,0.80,40.73434,-111.87210,33.7,13.8,877.3,172.85,3.5
71340.0,1309.4,0.49,0.05,0.49,40.73434,-111.87210,33.8,13.5,877.3,183.50,3.6
71400.0,1309.3,0.85,0.05,0.85,40.73434,-111.87210,33.9,13.5,877.3,170.31,2.9
71460.0,1309.2,0.55,0.04,0.55,40.73434,-111.87210,33.8,13.8,877.3,153.33,3.8
71520.0,1309.1,0.63,0.05,0.63,40.73434,-111.87210,34.0,14.1,877.3,181.75,2.8
71580.0,1309.3,0.83,0.05,0.83,40.73434,-111.87211,34.2,14.3,877.3,173.00,2.3
71640.0,1309.3,0.98,0.05,0.98,40.73434,-111.87210,34.2,13.6,877.3,190.64,3.3
71700.0,1309.1,0.84,0.04,0.84,40.73434,-111.87210,34.2,13.4,877.3,164.15,3.7
71760.0,1308.8,0.52,0.05,0.52,40.73434,-111.87210,34.2,14.0,877.2,133.24,3.8
71820.0,1308.9,0.08,0.05,0.08,40.73434,-111.87210,34.1,14.1,877.2,172.37,2.5
71880.0,1308.6,0.14,0.05,0.14,40.73434,-111.87210,34.2,14.0,877.1,153.80,3.6
71940.0,1308.5,0.32,0.04,0.32,40.73434,-111.87210,34.1,14.1,877.2,146.68,4.1
72000.0,1308.4,0.56,0.05,0.56,40.73434,-111.87210,33.8,14.7,877.1,127.75,5.4
72060.0,1308.4,0.39,0.04,0.39,40.73434,-111.87210,33.8,14.0,877.2,159.69,4.1
72120.0,1308.4,0.77,0.04,0.77,40.73434,-111.87210,33.8,13.6,877.3,153.17,4.8
72180.0,1308.4,1.26,0.04,1.26,40.73434,-111.87210,33.7,13.6,877.2,169.80,3.7
72240.0,1308.4,1.50,0.04,1.50,40.73434,-111.87210,33.8,13.5,877.2,166.49,3.1
72300.0,1308.3,1.16,0.04,1.16,40.73434,-111.87210,34.0,13.7,877.2,177.25,2.3
72360.0,1308.4,1.00,0.04,1.00,40.73434,-111.87210,34.2,13.8,877.1,174.71,2.1
72420.0,1308.3,0.99,0.05,0.99,40.73434,-111.87210,34.2,13.8,877.1,154.75,3.9
72480.0,1308.5,1.09,0.05,1.09,40.73434,-111.87210,34.5,13.8,877.2,175.75,2.2
72540.0,1308.5,0.88,0.04,0.88,40.73434,-111.87210,34.4,13.3,877.2,190.64,3.5
72600.0,1308.5,1.38,0.04,1.38,40.73434,-111.87210,34.6,14.3,877.2,141.41,3.0
72660.0,1308.6,1.36,0.04,1.36,40.73434,-111.87210,34.3,14.0,877.1,138.85,4.7
72720.0,1308.7,1.54,0.04,1.54,40.73434,-111.87210,34.1,14.0,877.1,142.86,4.1
72780.0,1308.7,1.55,0.04,1.55,40.73434,-111.87210,34.1,14.3,877.1,154.86,3.8
72840.0,1308.8,1.69,0.04,1.69,40.73434,-111.87210,34.2,13.6,877.1,166.38,3.7
72900.0,1309.0,1.32,0.04,1.32,40.73434,-111.87210,34.2,14.5,877.0,137.02,3.6
72960.0,1309.1,1.08,0.05,1.08,40.73434,-111.87210,34.2,14.7,877.0,141.80,3.6
73020.0,1309.2,0.90,0.05,0.90,40.73434,-111.87210,34.3,14.6,877.0,138.41,2.9
73080.0,1309.3,1.10,0.04,1.10,40.73434,-111.87210,34.0,14.8,877.0,133.46,5.4
73140.0,1309.4,0.69,0.05,0.69,40.73434,-111.87210,33.9,14.2,877.0,147.78,4.0
73200.0,1309.5,0.37,0.04,0.37,40.73434,-111.87210,33.8,14.5,877.0,134.26,4.7
73260.0,1309.5,0.81,0.05,0.81,40.73434,-111.87210,33.8,14.1,877.0,157.77,3.8
73320.0,1309.3,0.81,0.05,0.81,40.73434,-111.87210,33.8,14.9,877.0,128.90,4.7
73380.0,1309.4,1.01,0.05,1.01,40.73434,-111.87210,33.6,14.7,877.0,130.94,4.6
73440.0,1309.3,1.46,0.04,1.46,40.73434,-111.87210,33.6,14.2,877.0,146.71,4.8
73500.0,1309.3,1.86,0.05,1.86,40.73434,-111.87210,33.4,14.4,877.0,133.70,5.3
73560.0,1309.2,1.86,0.05,1.86,40.73434,-111.87210,33.5,14.1,877.0,168.41,4.6
73620.0,1309.2,1.98,0.05,1.98,40.73434,-111.87210,33.2,14.4,876.9,137.18,6.1
73680.0,1309.2,2.37,0.05,2.37,40.73434,-111.87210,33.3,14.6,876.9,133.82,4.4
73740.0,1309.1,2.22,0.05,2.22,40.73434,-111.87210,33.3,15.8,876.9,124.83,4.1
73800.0,1309.1,2.28,0.05,2.28,40.73434,-111.87210,33.3,14.7,876.9,143.73,5.1
73860.0,1309.1,3.03,0.04,3.03,40.73434,-111.87210,33.1,14.5,876.8,125.19,5.8
73920.0,1309.1,3.12,0.04,3.12,40.73434,-111.87210,33.0,15.2,876.8,142.48,5.5
73980.0,1309.0,2.57,0.04,2.57,40.73434,-111.87210,32.9,14.4,876.8,131.99,6.1
74040.0,1309.2,2.51,0.04,2.51,40.73434,-111.87210,32.9,15.8,876.8,128.44,4.6
74100.0,1309.1,2.07,0.04,2.07,40.73433,-111.87210,33.2,14.8,876.8,158.68,2.5
74160.0,1309.0,2.19,0.04,2.19,40.73434,-111.87210,33.5,14.4,876.8,163.35,3.1
74220.0,1309.2,2.13,0.05,2.13,40.73434,-111.87210,33.7,14.1,876.8,173.05,3.1
74280.0,1309.4,1.78,0.05,1.78,40.73434,-111.87210,33.9,14.4,876.7,155.77,2.7
74340.0,1309.3,1.78,0.05,1.78,40.73434,-111.87210,34.1,14.8,876.8,163.70,2.8
74400.0,1309.3,2.01,0.05,2.01,40.73434,-111.87210,33.8,14.4,876.8,141.85,4.9
74460.0,1309.2,1.38,0.05,1.38,40.73434,-111.87210,33.8,14.1,876.7,150.39,4.2
74520.0,1309.0,1.45,0.05,1.45,40.73434,-111.87210,33.9,14.5,876.7,138.86,4.0
74580.0,1308.8,1.25,0.05,1.25,40.73434,-111.87210,33.8,14.6,876.7,143.46,4.7
74640.0,1308.8,1.48,0.05,1.48,40.73434,-111.87210,33.8,14.8,876.7,138.56,4.9
