CampaignData_and_Merges/R0/CSL_MobileLab_Parked/raw/20240816/USOS-jNO2_MobileLabGround_20240816_R0.ict
52,1001
Waxman, E.; Rollins, A.; Zuraski, K.; Chace, W.
NOAA Chemical Sciences Laboratory
jNO2 filter radiometer on CSL Mobile Lab
AMMBEC / USOS
1, 1
2024,08,16, 2025,04,01
60
Time_Start, seconds, number_of_seconds_since_0000_UTC
20
1, 1, 1, 1, 1, 1, 1, 1, 1, 1, 1, 1, 1, 1, 1, 1, 1, 1, 1, 1
-9999, -9999, -9999, -9999, -9999, -9999, -9999, -9999, -9999, -9999, -9999, -9999, -9999, -9999, -9999, -9999, -9999, -9999, -9999, -9999
Time_Stop, seconds, number_of_seconds_since_0000_UTC
jNO2_meas, per second, photolysis rate of NO2 measured using a filter radiometer.
jBrCl, per second, photolysis rate of BrCl -> Br + Cl calculated in TUV for cloud-free sky with local AOD
jBr2, per second, photolysis rate of Br2 -> Br + Br calculated in TUV for cloud-free sky with local AOD
jCCl4, per second, photolysis rate of CCl4 -> Products calcualted in TUV for cloud-free sky with local AOD
jCH2Oa, per second, photolysis rate of CH2O -> H + HCO calculated in TUV for cloud-free sky with local AOD
jCH2Ob, per second, photolysis rate of CH2O -> H2 + CO calculated in TUV for cloud-free sky with local AOD
jClNO2, per second, photolysis rate of ClNO2 -> Cl + NO2 calculated in TUV for cloud-free sky with local AOD
jClOa, per second, photolysis rate of ClO -> Cl + O(1D) calculated in TUV for cloud-free sky with local AOD
jClOb, per second, photolysis rate of ClO -> Cl + O(3P) calculated in TUV for cloud-free sky with local AOD
jCl2, per second, photolysis rate of Cl2 -> Cl + Cl calculated in TUV for cloud-free sky with local AOD
jHNO2, per second, photolysis rate of HNO2 -> OH + NO calculated in TUV for cloud-free sky with local AOD
jHNO3, per second, photolysis rate of HNO3 -> OH + NO2 calculated in TUV for cloud-free sky with local AOD
jI2, per second, photolysis rate of I2 -> I + I calculated in TUV for cloud-free sky with local AOD
jNO2, per second, photolysis rate of NO2 -> NO + O(3P) calculated in TUV for cloud-free sky with local AOD
jNO3a, per second, photolysis rate of NO3 -> NO + O2 calculated in TUV for cloud-free sky with local AOD
jNO3b, per second, photolysis rate of NO3 -> NO2 + O(3P) calculated in TUV for cloud-free sky with local AOD
jN2O5, per second, photolysis rate of N2O5 -> NO3 + NO + O(3P) calculated in TUV for cloud-free sky with local AOD
jO3, per second, photolysis rate of O3 -> O2 + O(1D) calculated in TUV for cloud-free sky with local AOD
AOD_500nm, unitless, UTC daily mean AOD at 500 nm from an AERONET station located at 40.178 N, -112.452 E
0
18
PI_CONTACT_INFO: eleanor.waxman@noaa.gov
PLATFORM: CSL Mobile Lab, at ground site
LOCATION: Salt Lake City, UT
ASSOCIATED_DATA:
INSTRUMENT_INFO: jNO2 filter radiometer.  TUV calculations are for mobile van lat/lon/altitude assuming clear sky (cloud AOD = 0) and daily mean AOD.
DATA_INFO:
UNCERTAINTY: Data uncertainties are +/- 20%.  These come from uncertainties in radiometer angular response, radiometer thermal response, local interferences from clouds/aerosols/shadows etc.
ULOD_FLAG: -7777
ULOD_VALUE: N/A
LLOD_FLAG: -8888
LLOD_VALUE: N/A
DM_CONTACT_INFO: eleanor.waxman@noaa.gov
PROJECT_INFO: USOS Project, July - August 2024
STIPULATIONS_ON_USE: Users are strongly encouraged to contact the PI for proper data usage.
OTHER_COMMENTS: 
REVISION: R0
R0: final data
Time_Start, Time_Stop, jNO2_meas, jBrCl, jBr2, jCCl4, jCH2Oa, jCH2Ob, jClNO2, jClOa, jClOb, jCl2, jHNO2, jHNO3, jI2, jNO2, jNO3a, jNO3b, jN2O5, jO3, AOD_500nm
[from data line 1161]
   69660,   69720,0.008331,0.01021,0.03038,4.026e-22,3.235e-05,4.761e-05,0.0004679,1.931e-22,4.868e-05,0.002264,0.001468,5.899e-07,0.1065,0.008942,0.02037,0.1642,4.217e-05,3.204e-05,0.036
   69720,   69780,0.0083376,0.01021,0.03038,4.039e-22,3.235e-05,4.761e-05,0.0004679,1.937e-22,4.869e-05,0.002264,0.001468,5.9e-07,0.1065,0.008943,0.02037,0.1642,4.217e-05,3.205e-05,0.036
   69780,   69840,0.0083367,0.01021,0.03038,4.051e-22,3.235e-05,4.762e-05,0.0004679,1.943e-22,4.87e-05,0.002264,0.001468,5.901e-07,0.1065,0.008943,0.02037,0.1642,4.218e-05,3.206e-05,0.036
   69840,   69900,0.0083437,0.01021,0.03038,4.061e-22,3.236e-05,4.762e-05,0.000468,1.948e-22,4.87e-05,0.002264,0.001469,5.902e-07,0.1065,0.008943,0.02037,0.1642,4.218e-05,3.206e-05,0.036
   69900,   69960,0.0083336,0.01021,0.03038,4.069e-22,3.236e-05,4.762e-05,0.000468,1.952e-22,4.871e-05,0.002264,0.001469,5.902e-07,0.1065,0.008944,0.02037,0.1642,4.218e-05,3.207e-05,0.036
   69960,   70020,0.0083347,0.01021,0.03038,4.075e-22,3.236e-05,4.762e-05,0.000468,1.955e-22,4.871e-05,0.002264,0.001469,5.902e-07,0.1065,0.008944,0.02037,0.1642,4.218e-05,3.207e-05,0.036
   70020,   70080,0.0083367,0.01021,0.03038,4.078e-22,3.236e-05,4.762e-05,0.000468,1.957e-22,4.872e-05,0.002265,0.001469,5.903e-07,0.1065,0.008944,0.02037,0.1642,4.218e-05,3.207e-05,0.036
   70080,   70140,0.0083372,0.01021,0.03038,4.078e-22,3.236e-05,4.762e-05,0.000468,1.957e-22,4.872e-05,0.002265,0.001469,5.903e-07,0.1065,0.008944,0.02037,0.1642,4.218e-05,3.207e-05,0.036
   70140,   70200,0.0083384,0.01021,0.03038,4.077e-22,3.236e-05,4.762e-05,0.000468,1.956e-22,4.872e-05,0.002265,0.001469,5.903e-07,0.1065,0.008944,0.02037,0.1642,4.218e-05,3.207e-05,0.036
   70200,   70260,0.0083384,0.01021,0.03038,4.074e-22,3.236e-05,4.762e-05,0.000468,1.955e-22,4.871e-05,0.002264,0.001469,5.902e-07,0.1065,0.008944,0.02037,0.1642,4.218e-05,3.207e-05,0.036
   70260,   70320,0.0083467,0.01021,0.03038,4.069e-22,3.236e-05,4.762e-05,0.000468,1.952e-22,4.871e-05,0.002264,0.001469,5.902e-07,0.1065,0.008944,0.02037,0.1642,4.218e-05,3.207e-05,0.036
   70320,   70380,0.00835,0.01021,0.03038,4.062e-22,3.236e-05,4.762e-05,0.000468,1.949e-22,4.87e-05,0.002264,0.001469,5.902e-07,0.1065,0.008943,0.02037,0.1642,4.218e-05,3.206e-05,0.036
   70380,   70440,0.0083554,0.01021,0.03038,4.051e-22,3.235e-05,4.762e-05,0.0004679,1.943e-22,4.87e-05,0.002264,0.001468,5.901e-07,0.1065,0.008943,0.02037,0.1642,4.218e-05,3.206e-05,0.036
   70440,   70500,0.0083601,0.01021,0.03038,4.039e-22,3.235e-05,4.761e-05,0.0004679,1.937e-22,4.869e-05,0.002264,0.001468,5.9e-07,0.1065,0.008943,0.02037,0.1642,4.217e-05,3.205e-05,0.036
   70500,   70560,0.0083621,0.01021,0.03038,4.025e-22,3.235e-05,4.761e-05,0.0004679,1.931e-22,4.868e-05,0.002264,0.001468,5.899e-07,0.1065,0.008942,0.02037,0.1642,4.217e-05,3.204e-05,0.036
   70560,   70620,0.0083512,0.01021,0.03038,4.009e-22,3.234e-05,4.761e-05,0.0004678,1.923e-22,4.867e-05,0.002264,0.001468,5.898e-07,0.1065,0.008942,0.02037,0.1642,4.217e-05,3.204e-05,0.036
   70620,   70680,0.0083511,0.01021,0.03038,3.99e-22,3.234e-05,4.76e-05,0.0004678,1.914e-22,4.865e-05,0.002264,0.001468,5.897e-07,0.1065,0.008942,0.02037,0.1642,4.216e-05,3.203e-05,0.036
   70680,   70740,0.0083695,0.01021,0.03038,3.971e-22,3.233e-05,4.76e-05,0.0004678,1.905e-22,4.864e-05,0.002264,0.001468,5.896e-07,0.1065,0.008941,0.02037,0.1642,4.216e-05,3.202e-05,0.036
   70740,   70800,0.0083664,0.01021,0.03038,3.947e-22,3.233e-05,4.759e-05,0.0004677,1.893e-22,4.862e-05,0.002263,0.001468,5.894e-07,0.1065,0.00894,0.02037,0.1642,4.215e-05,3.2e-05,0.036
   70800,   70860,0.0083739,0.01021,0.03038,3.922e-22,3.232e-05,4.758e-05,0.0004676,1.881e-22,4.86e-05,0.002263,0.001468,5.893e-07,0.1065,0.00894,0.02037,0.1642,4.214e-05,3.199e-05,0.036
   70860,   70920,0.0083756,0.01021,0.03037,3.897e-22,3.232e-05,4.758e-05,0.0004676,1.869e-22,4.859e-05,0.002263,0.001468,5.891e-07,0.1065,0.008939,0.02037,0.1642,4.214e-05,3.198e-05,0.036
   70920,   70980,0.0083607,0.01021,0.03037,3.869e-22,3.231e-05,4.757e-05,0.0004675,1.855e-22,4.856e-05,0.002263,0.001468,5.889e-07,0.1065,0.008938,0.02037,0.1642,4.213e-05,3.196e-05,0.036
   70980,   71040,0.0083684,0.01021,0.03037,3.838e-22,3.23e-05,4.756e-05,0.0004674,1.84e-22,4.854e-05,0.002262,0.001467,5.887e-07,0.1065,0.008937,0.02037,0.1642,4.212e-05,3.195e-05,0.036
   71040,   71100,0.0083644,0.01021,0.03037,3.807e-22,3.229e-05,4.755e-05,0.0004674,1.825e-22,4.852e-05,0.002262,0.001467,5.885e-07,0.1065,0.008937,0.02037,0.1642,4.211e-05,3.193e-05,0.036
   71100,   71160,0.0083633,0.01021,0.03037,3.772e-22,3.229e-05,4.755e-05,0.0004673,1.808e-22,4.849e-05,0.002262,0.001467,5.883e-07,0.1065,0.008936,0.02037,0.1642,4.21e-05,3.191e-05,0.036
   71160,   71220,0.0083603,0.01021,0.03037,3.736e-22,3.228e-05,4.754e-05,0.0004672,1.791e-22,4.846e-05,0.002261,0.001467,5.881e-07,0.1065,0.008935,0.02037,0.1642,4.209e-05,3.19e-05,0.036
   71220,   71280,0.0083632,0.01021,0.03037,3.7e-22,3.227e-05,4.753e-05,0.0004671,1.773e-22,4.844e-05,0.002261,0.001467,5.878e-07,0.1065,0.008934,0.02037,0.1642,4.208e-05,3.188e-05,0.036
   71280,   71340,0.0083627,0.01021,0.03036,3.661e-22,3.226e-05,4.752e-05,0.000467,1.754e-22,4.841e-05,0.002261,0.001467,5.876e-07,0.1065,0.008932,0.02037,0.1642,4.207e-05,3.186e-05,0.036
   71340,   71400,0.0083605,0.0102,0.03036,3.62e-22,3.225e-05,4.751e-05,0.0004669,1.734e-22,4.837e-05,0.00226,0.001466,5.873e-07,0.1065,0.008931,0.02037,0.1641,4.206e-05,3.183e-05,0.036
   71400,   71460,0.0083528,0.0102,0.03036,3.579e-22,3.223e-05,4.749e-05,0.0004668,1.714e-22,4.834e-05,0.00226,0.001466,5.87e-07,0.1065,0.00893,0.02037,0.1641,4.205e-05,3.181e-05,0.036
   71460,   71520,0.0083536,0.0102,0.03036,3.535e-22,3.222e-05,4.748e-05,0.0004666,1.693e-22,4.83e-05,0.002259,0.001466,5.867e-07,0.1065,0.008929,0.02037,0.1641,4.204e-05,3.179e-05,0.036
   71520,   71580,0.0083499,0.0102,0.03036,3.49e-22,3.221e-05,4.747e-05,0.0004665,1.671e-22,4.827e-05,0.002259,0.001466,5.864e-07,0.1065,0.008927,0.02037,0.1641,4.202e-05,3.176e-05,0.036
   71580,   71640,0.0083444,0.0102,0.03035,3.446e-22,3.22e-05,4.746e-05,0.0004664,1.65e-22,4.823e-05,0.002259,0.001465,5.86e-07,0.1065,0.008926,0.02036,0.1641,4.201e-05,3.174e-05,0.036
   71640,   71700,0.0083356,0.0102,0.03035,3.398e-22,3.219e-05,4.744e-05,0.0004663,1.627e-22,4.819e-05,0.002258,0.001465,5.857e-07,0.1065,0.008924,0.02036,0.1641,4.2e-05,3.171e-05,0.036
   71700,   71760,0.0083322,0.0102,0.03035,3.349e-22,3.217e-05,4.743e-05,0.0004661,1.603e-22,4.815e-05,0.002257,0.001465,5.853e-07,0.1065,0.008923,0.02036,0.1641,4.198e-05,3.168e-05,0.036
   71760,   71820,0.0083297,0.0102,0.03035,3.301e-22,3.216e-05,4.742e-05,0.000466,1.58e-22,4.811e-05,0.002257,0.001464,5.85e-07,0.1065,0.008921,0.02036,0.1641,4.197e-05,3.165e-05,0.036
   71820,   71880,0.0083172,0.0102,0.03034,3.25e-22,3.214e-05,4.74e-05,0.0004658,1.555e-22,4.806e-05,0.002256,0.001464,5.846e-07,0.1065,0.00892,0.02036,0.1641,4.195e-05,3.162e-05,0.036
   71880,   71940,0.0083254,0.01019,0.03034,3.197e-22,3.213e-05,4.738e-05,0.0004657,1.53e-22,4.802e-05,0.002256,0.001464,5.842e-07,0.1064,0.008918,0.02036,0.1641,4.193e-05,3.159e-05,0.036
   71940,   72000,0.0083251,0.01019,0.03034,3.147e-22,3.211e-05,4.737e-05,0.0004655,1.505e-22,4.797e-05,0.002255,0.001464,5.838e-07,0.1064,0.008916,0.02036,0.1641,4.192e-05,3.156e-05,0.036
   72000,   72060,0.0083393,0.01019,0.03033,3.094e-22,3.21e-05,4.735e-05,0.0004654,1.479e-22,4.792e-05,0.002255,0.001463,5.833e-07,0.1064,0.008914,0.02036,0.1641,4.19e-05,3.152e-05,0.036
   72060,   72120,0.0083417,0.01019,0.03033,3.038e-22,3.208e-05,4.733e-05,0.0004652,1.452e-22,4.787e-05,0.002254,0.001463,5.829e-07,0.1064,0.008912,0.02036,0.164,4.188e-05,3.149e-05,0.036
   72120,   72180,0.0083245,0.01019,0.03033,2.986e-22,3.206e-05,4.732e-05,0.000465,1.427e-22,4.782e-05,0.002253,0.001463,5.824e-07,0.1064,0.008911,0.02036,0.164,4.186e-05,3.145e-05,0.036
   72180,   72240,0.0083148,0.01019,0.03032,2.93e-22,3.204e-05,4.73e-05,0.0004648,1.4e-22,4.777e-05,0.002253,0.001462,5.82e-07,0.1064,0.008909,0.02036,0.164,4.184e-05,3.142e-05,0.036
   72240,   72300,0.0083194,0.01018,0.03032,2.873e-22,3.202e-05,4.728e-05,0.0004646,1.373e-22,4.771e-05,0.002252,0.001462,5.815e-07,0.1064,0.008906,0.02035,0.164,4.182e-05,3.138e-05,0.036
   72300,   72360,0.0083213,0.01018,0.03032,2.82e-22,3.201e-05,4.726e-05,0.0004645,1.347e-22,4.766e-05,0.002251,0.001461,5.81e-07,0.1064,0.008904,0.02035,0.164,4.18e-05,3.134e-05,0.036
   72360,   72420,0.0083183,0.01018,0.03031,2.762e-22,3.199e-05,4.724e-05,0.0004643,1.319e-22,4.76e-05,0.002251,0.001461,5.805e-07,0.1064,0.008902,0.02035,0.164,4.178e-05,3.13e-05,0.036
   72420,   72480,0.0083247,0.01018,0.03031,2.703e-22,3.197e-05,4.722e-05,0.000464,1.291e-22,4.754e-05,0.00225,0.001461,5.799e-07,0.1064,0.0089,0.02035,0.164,4.176e-05,3.126e-05,0.036
   72480,   72540,0.0083436,0.01018,0.03031,2.649e-22,3.195e-05,4.72e-05,0.0004639,1.264e-22,4.748e-05,0.002249,0.00146,5.794e-07,0.1064,0.008898,0.02035,0.164,4.174e-05,3.122e-05,0.036
   72540,   72600,0.0083482,0.01018,0.0303,2.591e-22,3.192e-05,4.718e-05,0.0004636,1.236e-22,4.742e-05,0.002248,0.00146,5.789e-07,0.1064,0.008895,0.02035,0.164,4.172e-05,3.118e-05,0.036
   72600,   72660,0.0083455,0.01017,0.0303,2.533e-22,3.19e-05,4.715e-05,0.0004634,1.208e-22,4.735e-05,0.002247,0.001459,5.783e-07,0.1063,0.008893,0.02035,0.1639,4.169e-05,3.113e-05,0.036
   72660,   72720,0.0083324,0.01017,0.03029,2.478e-22,3.188e-05,4.713e-05,0.0004632,1.182e-22,4.729e-05,0.002247,0.001459,5.778e-07,0.1063,0.00889,0.02034,0.1639,4.167e-05,3.109e-05,0.036
   72720,   72780,0.008318,0.01017,0.03029,2.419e-22,3.186e-05,4.711e-05,0.000463,1.153e-22,4.722e-05,0.002246,0.001458,5.772e-07,0.1063,0.008888,0.02034,0.1639,4.164e-05,3.104e-05,0.036
   72780,   72840,0.0082984,0.01017,0.03029,2.36e-22,3.183e-05,4.708e-05,0.0004627,1.125e-22,4.715e-05,0.002245,0.001458,5.765e-07,0.1063,0.008885,0.02034,0.1639,4.162e-05,3.099e-05,0.036
   72840,   72900,0.0082916,0.01017,0.03028,2.305e-22,3.181e-05,4.706e-05,0.0004625,1.098e-22,4.708e-05,0.002244,0.001457,5.76e-07,0.1063,0.008883,0.02034,0.1639,4.159e-05,3.095e-05,0.036
   72900,   72960,0.0083008,0.01016,0.03028,2.248e-22,3.179e-05,4.704e-05,0.0004623,1.07e-22,4.701e-05,0.002243,0.001457,5.753e-07,0.1063,0.00888,0.02034,0.1639,4.157e-05,3.09e-05,0.036
   72960,   73020,0.008307,0.01016,0.03027,2.19e-22,3.176e-05,4.701e-05,0.000462,1.043e-22,4.694e-05,0.002242,0.001456,5.747e-07,0.1063,0.008877,0.02034,0.1639,4.154e-05,3.085e-05,0.036
   73020,   73080,0.0083305,0.01016,0.03027,2.136e-22,3.174e-05,4.698e-05,0.0004618,1.016e-22,4.687e-05,0.002241,0.001456,5.74e-07,0.1063,0.008874,0.02034,0.1638,4.151e-05,3.08e-05,0.036
   73080,   73140,0.0083366,0.01016,0.03026,2.078e-22,3.171e-05,4.696e-05,0.0004615,9.885e-23,4.679e-05,0.00224,0.001455,5.734e-07,0.1063,0.008871,0.02033,0.1638,4.149e-05,3.074e-05,0.036
   73140,   73200,0.0083301,0.01015,0.03026,2.022e-22,3.169e-05,4.693e-05,0.0004612,9.612e-23,4.671e-05,0.002239,0.001455,5.727e-07,0.1062,0.008868,0.02033,0.1638,4.146e-05,3.069e-05,0.036
   73200,   73260,0.0083145,0.01015,0.03025,1.969e-22,3.166e-05,4.69e-05,0.000461,9.358e-23,4.663e-05,0.002238,0.001454,5.72e-07,0.1062,0.008865,0.02033,0.1638,4.143e-05,3.064e-05,0.036
   73260,   73320,0.0083135,0.01015,0.03025,1.913e-22,3.163e-05,4.687e-05,0.0004607,9.09e-23,4.655e-05,0.002237,0.001454,5.713e-07,0.1062,0.008862,0.02033,0.1638,4.14e-05,3.058e-05,0.036
   73320,   73380,0.0083052,0.01015,0.03024,1.858e-22,3.16e-05,4.685e-05,0.0004604,8.824e-23,4.647e-05,0.002236,0.001453,5.706e-07,0.1062,0.008859,0.02033,0.1638,4.137e-05,3.053e-05,0.036
   73380,   73440,0.0083,0.01014,0.03024,1.807e-22,3.158e-05,4.682e-05,0.0004601,8.577e-23,4.639e-05,0.002235,0.001452,5.698e-07,0.1062,0.008856,0.02033,0.1637,4.134e-05,3.047e-05,0.036
   73440,   73500,0.0082952,0.01014,0.03023,1.752e-22,3.155e-05,4.679e-05,0.0004598,8.314e-23,4.63e-05,0.002234,0.001452,5.691e-07,0.1062,0.008852,0.02032,0.1637,4.131e-05,3.041e-05,0.036
   73500,   73560,0.0083012,0.01014,0.03023,1.699e-22,3.152e-05,4.676e-05,0.0004595,8.059e-23,4.622e-05,0.002233,0.001451,5.683e-07,0.1062,0.008849,0.02032,0.1637,4.127e-05,3.035e-05,0.036
   73560,   73620,0.0082992,0.01014,0.03022,1.65e-22,3.149e-05,4.673e-05,0.0004592,7.821e-23,4.613e-05,0.002232,0.001451,5.676e-07,0.1062,0.008846,0.02032,0.1637,4.124e-05,3.029e-05,0.036
   73620,   73680,0.0082939,0.01013,0.03021,1.598e-22,3.146e-05,4.669e-05,0.0004589,7.572e-23,4.604e-05,0.002231,0.00145,5.668e-07,0.1061,0.008842,0.02032,0.1637,4.121e-05,3.023e-05,0.036
   73680,   73740,0.0082814,0.01013,0.03021,1.547e-22,3.142e-05,4.666e-05,0.0004586,7.328e-23,4.595e-05,0.002229,0.001449,5.66e-07,0.1061,0.008839,0.02032,0.1636,4.118e-05,3.017e-05,0.036
   73740,   73800,0.0082894,0.01013,0.0302,1.5e-22,3.139e-05,4.663e-05,0.0004583,7.101e-23,4.586e-05,0.002228,0.001449,5.652e-07,0.1061,0.008835,0.02031,0.1636,4.114e-05,3.011e-05,0.036
   73800,   73860,0.008284,0.01012,0.0302,1.45e-22,3.136e-05,4.66e-05,0.0004579,6.861e-23,4.577e-05,0.002227,0.001448,5.643e-07,0.1061,0.008831,0.02031,0.1636,4.111e-05,3.004e-05,0.036
   73860,   73920,0.0082815,0.01012,0.03019,1.402e-22,3.133e-05,4.656e-05,0.0004576,6.629e-23,4.567e-05,0.002226,0.001447,5.635e-07,0.1061,0.008827,0.02031,0.1636,4.107e-05,2.998e-05,0.036
   73920,   73980,0.0082821,0.01012,0.03018,1.358e-22,3.13e-05,4.653e-05,0.0004573,6.414e-23,4.558e-05,0.002224,0.001447,5.627e-07,0.1061,0.008824,0.02031,0.1636,4.104e-05,2.991e-05,0.036
   73980,   74040,0.0082778,0.01011,0.03018,1.311e-22,3.126e-05,4.649e-05,0.0004569,6.191e-23,4.548e-05,0.002223,0.001446,5.618e-07,0.1061,0.00882,0.0203,0.1635,4.1e-05,2.985e-05,0.036
   74040,   74100,0.0082648,0.01011,0.03017,1.265e-22,3.123e-05,4.646e-05,0.0004566,5.972e-23,4.538e-05,0.002222,0.001445,5.609e-07,0.106,0.008816,0.0203,0.1635,4.096e-05,2.978e-05,0.036
   74100,   74160,0.0082627,0.01011,0.03016,1.223e-22,3.119e-05,4.642e-05,0.0004562,5.767e-23,4.528e-05,0.002221,0.001444,5.6e-07,0.106,0.008812,0.0203,0.1635,4.093e-05,2.971e-05,0.036
   74160,   74220,0.0082541,0.0101,0.03016,1.179e-22,3.116e-05,4.638e-05,0.0004559,5.558e-23,4.518e-05,0.002219,0.001444,5.591e-07,0.106,0.008808,0.0203,0.1635,4.089e-05,2.964e-05,0.036
   74220,   74280,0.0082464,0.0101,0.03015,1.137e-22,3.112e-05,4.635e-05,0.0004555,5.353e-23,4.507e-05,0.002218,0.001443,5.582e-07,0.106,0.008804,0.0203,0.1635,4.085e-05,2.957e-05,0.036
   74280,   74340,0.0082426,0.0101,0.03014,1.097e-22,3.109e-05,4.631e-05,0.0004551,5.165e-23,4.497e-05,0.002216,0.001442,5.573e-07,0.106,0.0088,0.02029,0.1634,4.081e-05,2.95e-05,0.036
   74340,   74400,0.008243,0.01009,0.03014,1.057e-22,3.105e-05,4.627e-05,0.0004548,4.969e-23,4.487e-05,0.002215,0.001441,5.563e-07,0.106,0.008795,0.02029,0.1634,4.077e-05,2.943e-05,0.036
   74400,   74460,0.0082357,0.01009,0.03013,1.017e-22,3.101e-05,4.623e-05,0.0004544,4.779e-23,4.476e-05,0.002213,0.001441,5.554e-07,0.1059,0.008791,0.02029,0.1634,4.073e-05,2.935e-05,0.036
   74460,   74520,0.0082293,0.01009,0.03012,9.8e-23,3.097e-05,4.619e-05,0.000454,4.602e-23,4.465e-05,0.002212,0.00144,5.544e-07,0.1059,0.008786,0.02029,0.1634,4.069e-05,2.928e-05,0.036
   74520,   74580,0.0082355,0.01008,0.03011,9.423e-23,3.093e-05,4.615e-05,0.0004536,4.422e-23,4.454e-05,0.002211,0.001439,5.534e-07,0.1059,0.008782,0.02028,0.1633,4.065e-05,2.92e-05,0.036
   74580,   74640,0.0082501,0.01008,0.0301,9.057e-23,3.09e-05,4.611e-05,0.0004532,4.246e-23,4.443e-05,0.002209,0.001438,5.524e-07,0.1059,0.008777,0.02028,0.1633,4.06e-05,2.913e-05,0.036
   74640,   74700,0.0082552,0.01008,0.0301,8.721e-23,3.086e-05,4.607e-05,0.0004528,4.085e-23,4.432e-05,0.002208,0.001437,5.514e-07,0.1059,0.008773,0.02028,0.1633,4.056e-05,2.905e-05,0.036
