CampaignData_and_Merges/R0/CSL_MobileLab_Parked/raw/20240816/USOS-NOAAIodideCIMS-PANs_MobileLabGround_20240816_RA.ict
35, 1001
Michael A Robinson, Chris Jernigan, Subi Thakali
NOAA ESRL Chemical Sciences Laboratory and CIRES, U. of Colorado
NOAA Iodide CIMS Instrument
USOS
1, 1
2024, 08, 16, 2024, 08, 18
1
starttime_UTC, seconds_past_midnight, seconds_of_day_since_00:00:00_UTC
3
1, 1, 1
-9999, -9999, -9999
PAN_NOAACIMS, pptv, Gas_PAN_InSitu_S_AVMR, 
APAN_NOAACIMS, pptv, Gas_APAN_InSitu_S_AVMR, 
PPN_NOAACIMS, pptv, Gas_PPN_InSitu_S_AVMR, 
0
18
PI_CONTACT_INFO: 325 Broadway, R/CSD 7, Boulder, Colorado 80305; michael.a.robinson@noaa.gov; chris.jernigan@noaa.gov;
PLATFORM: NOAA CSL Mobile Lab
LOCATION: SLC, Utah
ASSOCIATED_DATA: 1Hz data also available on request.
INSTRUMENT_INFO: NOAA I- ToF CIMS
DATA_INFO: All data in parts per trillion by volume (pptv). 1 Hz data is available upon request.
UNCERTAINTY: TBD
ULOD_FLAG: -7777
ULOD_VALUE: N/A
LLOD_FLAG: -8888
LLOD_VALUE: N/A
DM_CONTACT_INFO: Nathan Howard; nathan.h.howard@noaa.gov
PROJECT_INFO: USOS, summer 2024. https://csl.noaa.gov/groups/csl7/measurements/2024usos/
STIPULATIONS_ON_USE: Users are strongly encouraged to contact the PI for proper data usage.
OTHER_COMMENTS: 
REVISION: RA
RA: Preliminary Data; For in-field use only
starttime_UTC, PAN_NOAACIMS, APAN_NOAACIMS, PPN_NOAACIMS
[from data line 816]
 48960, 144.373,  3.503, 13.854
 49020, 150.446,  3.697, 14.833
 49080, 144.592,  2.702, 14.761
 49140, 146.944,  3.811, 14.109
 49200, 148.630,  2.080, 15.608
 49260, 146.557,  2.462, 13.839
 49320, 160.288,  2.937, 16.523
 49380, 151.563,  3.870, 14.965
 49440, 153.512,  3.473, 15.043
 49500, 154.861,  4.227, 13.876
 49560, 152.340,  3.635, 14.413
 49620, 159.921,  3.656, 14.376
 49680, 154.205,  2.196, 15.746
 49740, 165.954,  2.839, 15.245
 49800, 163.198,  4.479, 15.043
 49860, 163.663,  4.405, 15.679
 49920, 166.869,  3.074, 15.848
 49980, 168.199,  2.809, 16.016
 50040, 169.036,  3.709, 16.117
 50100, 173.351,  3.273, 18.128
 50160, 169.830,  3.275, 14.618
 50220, 176.341,  3.723, 16.727
 50280, 173.767,  2.810, 15.324
 50340, 172.929,  3.329, 13.769
 50400, 179.335,  3.504, 20.262
 50460, 179.873,  3.429, 18.072
 50520, 176.019,  2.303, 17.086
 50580, 177.294,  2.668, 16.366
 50640, 178.850,  3.218, 17.120
 50700, 178.694,  3.544, 15.119
 50760, 178.631,  4.071, 14.995
 50820, 180.152,  2.430, 16.714
 50880, 183.389,  2.702, 18.608
 50940, 186.045,  3.210, 18.005
 51000, 186.202,  2.193, 15.786
 51060, 185.812,  2.522, 17.328
 51120, 179.614,  1.903, 17.182
 51180, 186.593,  4.185, 20.248
 51240, 183.009,  3.455, 17.414
 51300, 181.857,  3.114, 17.089
 51360, 184.709,  2.796, 17.540
 51420, 179.494,  3.019, 18.600
 51480, 181.369,  3.156, 18.671
 51540, 177.924,  3.088, 16.093
 51600, 185.255,  3.212, 16.916
 51660, 183.172,  3.108, 17.525
 51720, 183.386,  3.517, 16.160
 51780, 183.147,  2.822, 18.134
 51840, 195.576,  3.640, 18.711
 51900, 201.750,  3.094, 18.969
 51960, 199.156,  3.110, 19.776
 52020, 198.062,  5.316, 17.322
 52080, 201.743,  3.306, 19.094
 52140, 194.573,  3.609, 18.972
 52200, 207.037,  0.617, 21.149
 52260, 214.038,  5.290, 19.147
 52320, 203.886,  3.429, 20.119
 52380, 196.966,  2.597, 17.559
 52440, 196.197,  3.189, 21.126
 52500, 203.794,  3.423, 18.222
 52560, 203.877,  2.818, 18.854
 52620, 214.462,  3.550, 22.548
 52680, 215.037,  5.530, 21.107
 52740, 214.087,  3.631, 20.615
 52800, 209.115,  2.608, 19.284
 52860, 207.402,  4.097, 18.958
 52920, 209.885,  3.930, 19.539
 52980, 217.556,  3.345, 23.311
 53040, 217.749,  3.318, 21.431
 53100, 219.257,  3.684, 20.717
 53160, 216.198,  4.250, 20.029
 53220, 220.580,  5.229, 20.131
 53280, 211.536,  4.358, 19.640
 53340, 212.352,  4.584, 20.033
 53400, 215.378,  3.976, 21.726
 53460, 225.250,  2.206, 20.811
 53520, 230.263,  4.133, 20.271
 53580, 225.906,  2.971, 20.357
 53640, 220.794,  3.728, 22.541
 53700, 219.134,  3.763, 23.100
 53760, 228.709,  4.144, 24.094
 53820, 232.838,  3.637, 21.827
 53880, 244.975,  5.044, 25.264
 53940, 232.114,  2.631, 24.330
 54000, 238.532,  3.835, 22.919
 54060, 237.441,  3.658, 13.796
 54120, 237.412,  5.840, 22.597
 54180, 245.546,  4.572, 23.628
 54240, 244.777,  5.955, 23.264
 54300, 244.265,  5.049, 23.055
 54360, 243.687,  3.321, 25.196
 54420, 247.125,  4.071, 25.839
 54480, 249.615,  4.017, 25.110
 54540, 246.857,  4.732, 24.426
 54600, 241.555,  4.489, 24.502
 54660, 243.259,  4.011, 23.133
 54720, 240.811,  2.889, 24.906
 54780, 273.701,  3.373, 28.184
 54840, 251.669,  4.100, 25.939
 54900, 260.414,  3.192, 27.364
 54960, 260.379,  4.100, 25.570
 55020, 267.373,  4.588, 26.456
 55080, 270.481,  4.837, 28.780
 55140, 267.680,  4.083, 26.955
 55200, 281.564,  5.047, 30.400
 55260, 298.085,  4.451, 32.980
 55320, 338.586,  4.157, 39.274
 55380, 321.223,  4.318, 37.331
 55440, 341.783,  4.039, 39.112
 55500, 337.962,  3.825, 39.275
 55560, 338.068,  4.550, 42.254
 55620, 311.175,  4.083, 35.622
 55680, 299.868,  4.302, 30.604
 55740, 308.778,  3.975, 33.333
 55800, 303.192,  3.702, 30.126
 55860, 301.880,  3.805, 32.962
 55920, -9999.000, -9999.000, -9999.000
 55980, 268.151,  3.971, 31.449
 56040, 266.667,  4.337, 28.805
 56100, 270.825,  4.299, 28.096
 56160, 278.430,  4.840, 30.156
 56220, 274.106,  4.124, 31.811
 56280, 262.673,  4.121, 29.090
 56340, 268.428,  4.347, 29.839
 56400, 271.014,  3.536, 30.200
 56460, 270.964,  3.806, 30.962
 56520, 272.089,  3.370, 31.911
 56580, 271.847,  3.163, 30.453
 56640, 275.737,  4.731, 27.607
 56700, 289.807,  3.909, 31.973
 56760, 294.574,  4.722, 30.720
 56820, 291.060,  4.659, 32.401
 56880, 293.919,  3.740, 32.260
 56940, 290.181,  3.256, 32.526
 57000, 280.310,  4.090, 30.234
 57060, 274.494,  4.304, 29.480
 57120, 285.040,  3.281, 31.545
 57180, 282.850,  3.986, 31.632
 57240, 284.009,  3.873, 30.991
 57300, 283.498,  3.321, 30.531
 57360, 288.729,  3.415, 29.128
 57420, 280.830,  4.373, 31.469
 57480, 290.838,  2.766, 31.506
 57540, 297.532,  3.465, 33.270
 57600, 288.574,  4.212, 32.440
 57660, 500.053,  5.740, 55.221
 57720, 656.470,  7.497, 71.562
 57780, 145629.447, 2038.395, 15778.073
 57840, 258080.587, 2082.797, 26070.159
 57900, 129258.141, 1855.612, 14703.041
 57960, 159282.428, 2790.213, 17542.774
 58020, 202030.942, 1983.600, 21897.647
 58080, -937369.223, -14600.737, -100493.288
 58140, 1879559.651, 19715.815, 213213.627
 58200, 102506.749, 1448.959, 10714.027
 58260, 312.395,  3.982, 33.130
 58320, 305.991,  3.842, 33.017
 58380, -9999.000, -9999.000, -9999.000
 58440, 354.890,  3.906, 39.413
 58500, 339.125,  3.697, 35.876
 58560, -9999.000, -9999.000, -9999.000
 58620, 335.240,  3.828, 39.379
 58680, 321.227,  4.709, 36.486
 58740, -9999.000, -9999.000, -9999.000
 58800, 384.909,  4.954, 42.507
 58860, 336.558,  3.684, 36.530
 58920, 362.273,  4.494, 39.724
 58980, 336.185,  4.408, 36.360
 59040, -9999.000, -9999.000, -9999.000
 59100, 403.192,  6.838, 41.528
 59160, -9999.000, -9999.000, -9999.000
 59220, -9999.000, -9999.000, -9999.000
 59280, -9999.000, -9999.000, -9999.000
 59340, -9999.000, -9999.000, -9999.000
 59400, -9999.000, -9999.000, -9999.000
 59460, -9999.000, -9999.000, -9999.000
 59520, -9999.000, -9999.000, -9999.000
 59580, -9999.000, -9999.000, -9999.000
 59640, -9999.000, -9999.000, -9999.000
 59700, -9999.000, -9999.000, -9999.000
 59760, -9999.000, -9999.000, -9999.000
 59820, -9999.000, -9999.000, -9999.000
 59880, -9999.000, -9999.000, -9999.000
 59940, -9999.000, -9999.000, -9999.000
 60000, -9999.000, -9999.000, -9999.000
 60060, -9999.000, -9999.000, -9999.000
 60120, -9999.000, -9999.000, -9999.000
 60180, -9999.000, -9999.000, -9999.000
 60240, -9999.000, -9999.000, -9999.000
 60300, -9999.000, -9999.000, -9999.000
 60360, -9999.000, -9999.000, -9999.000
 60420, -9999.000, -9999.000, -9999.000
 60480, -9999.000, -9999.000, -9999.000
 60540, -9999.000, -9999.000, -9999.000
 60600, -9999.000, -9999.000, -9999.000
 60660, -9999.000, -9999.000, -9999.000
 60720, -9999.000, -9999.000, -9999.000
 60780, -9999.000, -9999.000, -9999.000
 60840, -9999.000, -9999.000, -9999.000
 60900, -9999.000, -9999.000, -9999.000
 60960, -9999.000, -9999.000, -9999.000
 61020, -9999.000, -9999.000, -9999.000
 61080, -9999.000, -9999.000, -9999.000
 61140, -9999.000, -9999.000, -9999.000
 61200, -9999.000, -9999.000, -9999.000
 61260, 322.365,  5.665, 34.391
 61320, 341.430,  3.904, 40.066
 61380, 356.107,  3.423, 42.626
 61440, -9999.000, -9999.000, -9999.000
 61500, 384.641,  3.418, 42.703
 61560, 380.387,  4.870, 41.614
 61620, 385.472,  5.327, 42.489
 61680, 405.834,  5.766, 49.936
 61740, 405.416,  4.802, 50.034
 61800, 419.222,  6.536, 46.768
 61860, 410.115,  6.032, 49.661
 61920, 422.574,  6.040, 50.999
 61980, 434.108,  6.063, 53.137
 62040, 438.268,  4.933, 52.057
 62100, 427.767,  4.747, 43.662
 62160, 441.272,  5.829, 51.394
 62220, 450.341,  5.186, 48.244
 62280, 473.951,  6.792, 52.508
 62340, 440.102,  5.474, 51.660
 62400, 446.533,  4.649, 48.009
 62460, 463.713,  6.356, 45.372
 62520, 450.512,  5.573, 47.245
 62580, 459.443,  4.580, 53.063
 62640, 459.643,  5.809, 49.835
 62700, 489.076,  8.613, 51.063
 62760, 497.703,  9.158, 52.621
 62820, 500.552,  9.275, 49.347
 62880, 501.662,  5.684, 53.780
 62940, 516.763,  5.689, 56.982
 63000, 531.187,  7.635, 60.835
 63060, 534.903,  5.645, 58.678
 63120, 515.527,  5.914, 59.176
 63180, 534.950,  7.459, 56.401
 63240, 576.457,  9.604, 63.623
 63300, -9999.000, -9999.000, -9999.000
 63360, 555.706,  9.191, 59.278
 63420, 542.042,  5.892, 57.453
 63480, 538.016,  7.271, 58.626
 63540, 552.558,  9.328, 58.611
 63600, 563.385,  8.077, 61.986
 63660, 547.224,  5.722, 60.247
 63720, 557.817,  8.897, 56.763
 63780, 570.908,  7.514, 62.491
 63840, 587.042,  8.005, 62.118
 63900, 584.917,  7.788, 62.777
 63960, 592.033,  9.789, 60.758
 64020, 616.034,  5.843, 67.726
 64080, 615.950,  7.014, 69.340
 64140, 613.268,  5.597, 67.686
 64200, 602.347,  4.644, 63.729
 64260, 627.676,  7.962, 68.976
 64320, 632.100,  6.749, 71.219
 64380, 620.427,  5.297, 66.124
 64440, 605.135,  4.780, 67.808
 64500, 624.108,  7.333, 70.243
 64560, 627.749,  4.911, 66.635
 64620, 628.679,  5.023, 69.230
 64680, 625.266,  5.799, 71.817
 64740, 609.674,  4.239, 66.939
 64800, 597.137,  6.039, 70.964
 64860, 641.414,  6.079, 70.401
 64920, 613.977,  5.805, 68.316
 64980, 613.506,  6.858, 70.199
 65040, 639.088,  5.247, 72.737
 65100, 642.316,  7.319, 68.813
 65160, -9999.000, -9999.000, -9999.000
 65220, 594.188,  4.669, 62.260
 65280, 578.403,  6.205, 64.967
 65340, 525.430,  6.313, 56.527
 65400, 490.275,  4.414, 49.026
 65460, 529.758,  5.919, 57.571
 65520, 586.099,  6.164, 66.926
 65580, 570.632,  5.447, 60.914
 65640, 533.320,  3.776, 61.659
 65700, 398.586,  4.980, 38.458
 65760, 391.927,  4.550, 38.808
 65820, 359.916,  3.524, 34.681
 65880, 336.928,  3.479, 31.503
 65940, 355.769,  3.340, 33.102
 66000, 335.903,  2.434, 32.791
 66060, 346.982,  3.771, 31.572
 66120, 344.680,  2.037, 31.132
 66180, 343.820,  3.054, 32.131
 66240, 353.333,  3.690, 31.616
 66300, 355.031,  3.802, 33.308
 66360, 314.342,  4.534, 28.011
 66420, 282.081,  3.604, 22.898
 66480, 283.579,  3.909, 24.636
 66540, 290.920,  3.535, 22.870
 66600, 283.882,  4.021, 23.065
 66660, 283.467,  4.130, 24.286
 66720, 268.446,  3.143, 20.857
 66780, 267.353,  3.615, 20.946
 66840, 257.149,  5.297, 20.014
 66900, 237.340,  4.361, 17.467
 66960, 263.462,  3.548, 24.755
 67020, 286.864,  4.018, 21.669
 67080, 280.257,  4.102, 22.393
 67140, 276.763,  4.475, 22.248
 67200, 271.524,  4.720, 20.429
 67260, 279.969,  3.707, 20.637
 67320, 256.561,  3.356, 20.295
 67380, 241.204,  4.277, 17.679
 67440, 243.246,  3.655, 20.366
 67500, 240.239,  3.136, 18.055
 67560, 246.688,  2.888, 20.501
 67620, 272.092,  3.138, 22.029
 67680, 279.650,  5.366, 19.185
 67740, 279.895,  5.048, 20.428
 67800, 308.448,  4.509, 21.421
 67860, 308.678,  4.218, 25.725
 67920, 305.153,  3.390, 25.899
 67980, 298.979,  4.269, 23.955
 68040, 253.879,  3.836, 18.338
 68100, 232.576,  2.687, 17.914
 68160, 237.608,  2.911, 18.621
 68220, 243.581,  1.979, 18.884
 68280, 245.373,  2.942, 18.271
 68340, 238.633,  4.178, 17.266
 68400, 237.959,  3.352, 15.919
 68460, 248.407,  3.275, 19.538
 68520, 249.948,  4.231, 19.376
 68580, 252.378,  3.327, 20.435
 68640, 241.492,  3.120, 18.205
 68700, 221.609,  3.475, 16.575
 68760, 214.282,  3.702, 16.429
 68820, -9999.000, -9999.000, -9999.000
 68880, 213.980,  2.271, 17.854
 68940, 211.985,  2.612, 15.593
 69000, 211.195,  3.284, 16.806
 69060, 210.715,  2.183, 18.481
 69120, 200.160,  3.699, 16.320
 69180, 204.544,  3.478, 16.010
 69240, 228.202,  3.742, 17.508
 69300, 248.078,  3.023, 20.100
 69360, 237.883,  3.408, 20.004
 69420, 231.466,  3.319, 16.916
 69480, 249.758,  3.826, 20.553
 69540, 269.341,  3.231, 23.309
 69600, 294.386,  3.351, 25.864
 69660, 246.931,  4.028, 21.335
 69720, 266.224,  3.685, 22.103
 69780, 276.326,  3.249, 25.620
 69840, 307.341,  4.165, 29.375
 69900, 289.012,  3.394, 27.198
 69960, 264.010,  3.113, 22.049
 70020, 258.081,  3.441, 22.089
 70080, 292.876,  2.788, 24.911
 70140, 287.728,  2.708, 23.856
 70200, 289.857,  2.863, 24.660
 70260, 277.783,  3.106, 25.593
 70320, 282.563,  3.502, 23.598
 70380, 260.028,  3.296, 21.467
 70440, 251.803,  3.729, 21.538
 70500, 259.898,  3.306, 21.034
 70560, 246.907,  2.782, 20.488
 70620, 237.872,  2.548, 19.086
 70680, -9999.000, -9999.000, -9999.000
 70740, 249.788,  4.197, 20.227
 70800, 265.339,  2.840, 24.265
 70860, 270.057,  2.915, 23.349
 70920, 254.428,  1.990, 19.700
 70980, 226.464,  2.287, 20.187
 71040, 226.383,  2.269, 19.198
 71100, 237.168,  2.789, 18.837
 71160, 226.615,  2.643, 18.457
 71220, 225.465,  2.786, 16.606
 71280, 234.154,  5.274, 16.924
 71340, 257.344,  3.578, 20.934
 71400, 267.743,  3.076, 20.577
 71460, 250.933,  3.491, 21.498
 71520, 246.417,  2.616, 20.853
 71580, 237.022,  2.485, 18.165
 71640, 233.277,  1.831, 18.600
 71700, 227.641,  3.016, 17.581
 71760, 227.713,  2.438, 18.357
 71820, 222.091,  3.594, 17.717
 71880, 221.931,  4.447, 17.392
 71940, 226.440,  1.944, 17.046
 72000, 218.421,  2.065, 19.169
 72060, 224.355,  2.329, 19.272
 72120, 246.920,  3.040, 20.783
 72180, 267.099,  3.163, 22.275
 72240, 262.904,  2.242, 19.503
 72300, 257.530,  1.909, 22.871
 72360, 255.111,  2.867, 19.749
 72420, 241.964,  2.217, 21.892
 72480, 246.813,  2.025, 22.211
 72540, -9999.000, -9999.000, -9999.000
 72600, 244.213,  1.978, 20.665
 72660, 228.632,  2.259, 19.537
 72720, 218.009,  1.570, 18.214
 72780, 222.798,  2.568, 20.321
 72840, 236.569,  2.040, 19.665
 72900, 239.774,  2.297, 19.635
 72960, 239.113,  2.071, 20.076
 73020, 230.393,  2.714, 19.431
 73080, 235.420,  2.311, 20.835
 73140, 229.666,  2.069, 19.889
 73200, 244.251,  2.552, 20.726
 73260, 265.687,  2.520, 20.997
 73320, 224.589,  1.583, 18.186
 73380, 219.468,  1.849, 19.968
 73440, 231.882,  2.273, 18.218
 73500, 227.334,  1.062, 19.350
 73560, 237.464,  2.023, 19.408
 73620, 222.882,  1.852, 20.255
 73680, 221.094,  1.349, 19.614
 73740, 223.249,  2.401, 16.598
 73800, 238.752,  1.815, 22.339
 73860, 250.666,  1.605, 20.335
 73920, 254.726,  2.276, 21.348
 73980, 254.889,  2.852, 21.836
 74040, 279.320,  1.372, 22.531
 74100, 277.972,  3.572, 23.578
 74160, 302.475,  2.654, 26.260
 74220, 278.567,  1.869, 25.386
 74280, 286.546,  2.039, 25.406
 74340, 295.608,  2.599, 23.663
 74400, 275.846,  2.191, 23.286
 74460, 271.320,  2.098, 24.346
 74520, 261.376,  2.411, 21.462
 74580, 254.925,  2.533, 24.262
 74640, 273.707,  2.902, 23.083
 74700, 285.291,  3.111, 21.826
 74760, 285.971,  1.823, 24.668
 74820, 283.408,  1.678, 24.180
 74880, 280.526,  2.384, 25.021
 74940, 265.364,  1.903, 22.462
 75000, 254.890,  3.144, 20.665
 75060, 260.764,  2.412, 22.698
 75120, 275.025,  3.540, 23.035
 75180, 255.448,  2.597, 19.759
 75240, 252.518,  2.097, 21.752
 75300, 257.817,  2.612, 21.672
 75360, 269.236,  2.211, 22.946
 75420, 270.767,  1.863, 23.622
 75480, 271.059,  1.397, 23.495
 75540, 262.197,  5.347, 19.754
 75600, 265.449,  3.097, 21.532
 75660, 268.493,  2.158, 21.146
 75720, 265.075,  2.512, 22.640
 75780, 264.851,  2.651, 21.819
 75840, 262.913,  2.766, 21.333
 75900, 263.625,  2.978, 22.361
 75960, 261.970,  2.146, 21.922
 76020, 260.911,  3.446, 20.367
 76080, 247.509,  3.475, 21.020
 76140, 257.094,  2.842, 21.182
 76200, 260.159,  2.187, 16.396
 76260, 279.117,  1.925, 21.939
 76320, 277.725,  2.517, 22.771
 76380, 272.698,  2.564, 22.788
 76440, 271.466,  3.191, 22.194
 76500, 267.354,  2.711, 21.392
 76560, 270.982,  2.795, 22.637
 76620, 264.544,  2.557, 22.366
 76680, 262.247,  2.310, 21.066
 76740, 257.458,  2.718, 21.908
 76800, 255.952,  2.623, 23.373
 76860, 261.513,  2.618, 21.353
 76920, 271.956,  3.246, 22.522
 76980, 245.140,  3.718, 19.172
 77040, 237.257,  2.967, 18.668
 77100, 239.190,  2.072, 20.369
 77160, 229.682,  2.565, 20.010
 77220, 224.040,  2.444, 17.710
 77280, 212.503,  1.917, 18.497
 77340, 210.650,  2.519, 15.208
 77400, 208.253,  2.446, 16.942
 77460, 216.524,  2.314, 16.439
 77520, 225.052,  2.671, 16.988
 77580, 216.755,  2.486, 17.698
 77640, 212.854,  2.828, 18.231
 77700, 213.220,  2.659, 16.999
 77760, 212.527,  2.780, 17.463
 77820, 199.709,  2.375, 15.607
 77880, 198.705,  2.537, 15.782
 77940, 197.745,  2.438, 15.063
 78000, 191.926,  2.337, 15.026
