CampaignData_and_Merges/R0/CSL_MobileLab_Parked/raw/20240816/USOS-POPS_MobileLabGround_20240816_R0.ict
78, 1001
Thornberry, T. D.
NOAA Chemical Sciences Laboratory
Portable Optical Particle Spectrometer (POPS)
USOS
1, 1
2024, 08, 16, 2025, 05, 08
60
Time_Start, seconds_past_midnight, Start time of measurement
45
1, 1, 1, 1, 1, 1, 1, 1, 1, 1, 1, 1, 1, 1, 1, 1, 1, 1, 1, 1, 1, 1, 1, 1, 1, 1, 1, 1, 1, 1, 1, 1, 1, 1, 1, 1, 1, 1, 1, 1, 1, 1, 1, 1, 1
-9999, -9999, -9999, -9999, -9999, -9999, -9999, -9999, -9999, -9999, -9999, -9999, -9999, -9999, -9999, -9999, -9999, -9999, -9999, -9999, -9999, -9999, -9999, -9999, -9999, -9999, -9999, -9999, -9999, -9999, -9999, -9999, -9999, -9999, -9999, -9999, -9999, -9999, -9999, -9999, -9999, -9999, -9999, -9999, -9999
Time_Stop, seconds_past_midnight, Stop time of measurement
Time_Mid, seconds_past_midnight, Mid time of measurement
Press_mb, mb, Pressure reported (mb)
Temp_C, degrees C, POPS temperature measurement
Aerosol_concentration, cm^-3, Aerosol concentration
Surface_Area_Conc, um^2 cm^-3, Surface area concentration
Volume_density, um^3 cm^-3, Volume density
Effective_radius, um, Effective radius
Extinction, km^-1, Extinction
Bin01, cm^-3, particle concentration in size range [1401 - 146.3 nm]
Bin02, cm^-3, particle concentration in size range [146.3 - 152.8 nm]
Bin03, cm^-3, particle concentration in size range [152.8 - 159.6 nm]
Bin04, cm^-3, particle concentration in size range [159.6 - 166.8 nm]
Bin05, cm^-3, particle concentration in size range [166.8 - 174.2 nm]
Bin06, cm^-3, particle concentration in size range [174.2 - 181.9 nm]
Bin07, cm^-3, particle concentration in size range [181.9 - 190.0 nm]
Bin08, cm^-3, particle concentration in size range [190.0 - 198.5 nm]
Bin09, cm^-3, particle concentration in size range [198.5 - 207.4 nm]
Bin10, cm^-3, particle concentration in size range [207.4 - 216.6 nm]
Bin11, cm^-3, particle concentration in size range [216.6 - 226.2 nm]
Bin12, cm^-3, particle concentration in size range [226.2 - 236.3 nm]
Bin13, cm^-3, particle concentration in size range [236.3 - 246.8 nm]
Bin14, cm^-3, particle concentration in size range [246.8 - 257.8 nm]
Bin15, cm^-3, particle concentration in size range [257.8 - 269.3 nm]
Bin16, cm^-3, particle concentration in size range [269.3 - 343.4 nm]
Bin17, cm^-3, particle concentration in size range [343.4 - 450.7 nm]
Bin18, cm^-3, particle concentration in size range [450.7 - 525.9 nm]
Bin19, cm^-3, particle concentration in size range [525.9 - 618.5 nm]
Bin20, cm^-3, particle concentration in size range [618.5 - 710.0 nm]
Bin21, cm^-3, particle concentration in size range [710.0 - 822.7 nm]
Bin22, cm^-3, particle concentration in size range [822.7 - 885.9 nm]
Bin23, cm^-3, particle concentration in size range [885.9 - 953.9 nm]
Bin24, cm^-3, particle concentration in size range [953.9 - 1027.2 nm]
Bin25, cm^-3, particle concentration in size range [1027.2 - 1106.1 nm]
Bin26, cm^-3, particle concentration in size range [1106.1 - 1191.0 nm]
Bin27, cm^-3, particle concentration in size range [1191.0 - 1282.5 nm]
Bin28, cm^-3, particle concentration in size range [1282.5 - 1381.0 nm]
Bin29, cm^-3, particle concentration in size range [1381.0 - 1487.1 nm]
Bin30, cm^-3, particle concentration in size range [1487.1 - 1601.3 nm]
Bin31, cm^-3, particle concentration in size range [1601.3 - 1724.3 nm]
[...]
PLATFORM: NOAA CSL Mobile Lab
LOCATION: USOS
ASSOCIATED_DATA: N/A
INSTRUMENT_INFO: Printed Optical Particle Spectrometer counts particles from 140 - 2500 nm in diameter 
DATA_INFO: Particle concentrations reported in number per cubic centimeter,1 Hz data
UNCERTAINTY: Counting uncertainty dominated by air flow, less than 5 percent. Measurement range is ~0 - 3000 per cm3 (varies depending on flow rate- manufacturer quotes 1250 per cm3 at 1.667 cc/s)
ULOD_FLAG: -7777
ULOD_VALUE: N/A
LLOD_FLAG: -8888
LLOD_VALUE: N/A
DM_CONTACT_INFO: Troy Thornberry, 325 Broadway R/CSL6, Boulder, CO 80305; troy.thornberry@noaa.gov; 303-497-3373
PROJECT_INFO: USOS, Utah POPS data from NOAA CSL Mobile Lab
STIPULATIONS_ON_USE: Please contact the PIs for questions regarding applications and uncertainties
OTHER_COMMENTS: POPS bin Edges (nm):  140.1, 146.3, 152.8, 159.6, 166.8, 174.2, 181.9, 190.0, 198.5, 207.4, 216.6, 226.2, 236.3, 246.8, 257.8, 269.3, 343.4, 450.7, 525.9, 618.5, 710.0, 822.7, 885.9, 953.9, 1027.2, 1106.1, 1191.0, 1282.5, 1381.0, 1487.1, 1601.3, 1724.3, 1856.7, 1999.3, 2152.8, 2318.2, 2496.2
Calculations assume organic aerosol refractive index of 1.52+0.00j and extinction wavelength = 532 nm
REVISION: R0
R0: Final data
Time_Start, Time_Stop, Time_Mid, Press_mb, Temp_C, Aerosol_concentration, Surface_Area_Conc, Volume_density, Effective_radius, Extinction, Bin01, Bin02, Bin03, Bin04, Bin05, Bin06, Bin07, Bin08, Bin09, Bin10, Bin11, Bin12, Bin13, Bin14, Bin15, Bin16, Bin17, Bin18, Bin19, Bin20, Bin21, Bin22, Bin23, Bin24, Bin25, Bin26, Bin27, Bin28, Bin29, Bin30, Bin31, Bin32, Bin33, Bin34, Bin35, Bin36
[from data line 1181]
70860,70919,70890,871.954,33.838,108.597,15.996,1.328,0.222,0.005,17.335035,14.727078,11.773037,9.553837,8.046204,6.982948,5.460698,4.523804,3.981626,3.734297,3.286145,3.057630,2.759578,2.571099,2.116056,5.825934,1.538358,0.492657,0.299580,0.067048,0.066280,0.032615,0.033639,0.044408,0.033843,0.038655,0.028120,0.016727,0.005612,0.038468,0.032810,0.016239,0.027381,0.011093,0.032733,0.005394
70920,70979,70950,871.987,33.810,107.807,14.836,1.029,0.192,0.004,17.537588,14.563857,11.897040,9.879293,7.867812,6.699524,5.500683,4.701806,3.971171,3.312940,2.983234,2.969735,2.862470,2.512264,2.145434,5.699193,1.509457,0.509939,0.314203,0.098347,0.044378,0.022051,0.016550,0.011002,0.011028,0.033429,0.011113,0.011339,0.022188,0.005612,0.021797,0.011223,0.016294,0.010772,0.010861,0.010911
70980,71039,71010,871.973,33.724,111.298,15.634,1.141,0.203,0.004,17.888008,15.161324,12.120986,10.064843,8.456979,6.914413,5.866588,4.917581,3.977170,3.400562,3.370804,3.096295,3.055802,2.308760,2.158580,5.683578,1.643232,0.523269,0.261731,0.077626,0.028119,0.022301,0.033750,0.038918,0.010858,0.032976,0.021968,0.011058,0.039176,0.039001,0.011119,0.005394,0.016401,0.011300,0.011154,0.016835
71040,71099,71070,871.976,33.657,111.555,15.880,1.304,0.220,0.004,17.522415,15.366798,11.884210,10.633119,8.530070,6.945324,5.558132,4.937685,4.125130,3.656304,3.122136,3.247207,3.008377,2.603037,1.897217,5.819048,1.430912,0.517114,0.310785,0.055645,0.050139,0.038745,0.044407,0.049899,0.022226,0.022021,0.011003,0.005612,0.005593,0.016856,0.028258,0.022488,0.005767,0.005807,0.027727,0.028293
71100,71159,71130,871.914,33.678,109.535,15.140,1.046,0.195,0.004,17.855803,14.328452,12.083161,10.174786,8.278366,6.443955,5.388305,4.770339,3.897254,3.385883,3.220028,3.221627,2.844082,2.461262,2.259747,6.129081,1.698205,0.449605,0.294927,0.050246,0.049842,0.033341,0.027541,0.011242,0.016439,0.005501,0.027890,0.021968,0.011300,0.028008,0.016873,0.010861,0.005669,0.005631,0.011003,0.016689
71160,71219,71190,871.884,33.646,109.435,16.068,1.348,0.230,0.005,17.937233,15.296430,11.817810,10.125583,8.508499,6.791342,5.246801,4.689946,3.948049,3.420057,3.036301,2.746877,2.767332,2.527128,1.875198,5.704645,1.546193,0.544457,0.407214,0.071767,0.032913,0.027885,0.038824,0.027378,0.044333,0.027711,0.010965,0.011056,0.027683,0.016708,0.077566,0.016655,0.022229,0.016331,0.016520,0.010968
71220,71279,71250,871.961,33.628,108.532,14.688,0.864,0.170,0.004,17.872356,14.629934,11.427050,9.946396,8.254420,6.672204,5.439838,4.556941,3.968396,3.469765,3.227265,2.931405,3.043731,2.737479,1.960593,5.664837,1.470996,0.558520,0.322021,0.061025,0.049985,0.027824,0.033196,0.049658,0.005767,0.022410,0.022820,0.000000,0.027480,0.027414,0.039034,0.000000,0.000000,0.010933,0.000000,0.000000
71280,71339,71310,871.940,33.624,108.099,14.782,0.992,0.185,0.004,17.387875,14.682504,11.909455,10.280093,8.323030,6.640464,5.274240,4.621470,3.802393,3.399369,3.181021,2.777635,2.869610,2.561199,1.874683,5.909739,1.476948,0.482370,0.228138,0.094372,0.061672,0.044259,0.022729,0.027403,0.027644,0.005501,0.027535,0.005482,0.016400,0.005482,0.039045,0.005574,0.005501,0.000000,0.011697,0.016594
71340,71399,71370,871.901,33.673,105.391,14.502,0.997,0.193,0.004,17.016159,13.926489,11.464944,9.878365,7.789602,6.481837,5.339595,4.642118,3.923871,3.341474,3.173201,3.287568,2.703472,2.496066,1.903502,5.457133,1.467039,0.505745,0.259994,0.044578,0.027660,0.027947,0.022155,0.027654,0.016802,0.011358,0.005359,0.016565,0.021740,0.022073,0.038716,0.010897,0.016950,0.011263,0.011020,0.000000
71400,71459,71430,871.890,33.702,106.118,15.306,1.161,0.210,0.004,17.140118,14.232147,11.536070,9.485480,7.764959,6.461508,5.180436,4.442933,3.766240,3.607259,3.141067,2.847242,2.908612,2.840078,2.124595,5.620988,1.580494,0.592661,0.328864,0.083418,0.071688,0.044161,0.032881,0.055380,0.016539,0.033634,0.050421,0.022409,0.022207,0.016506,0.005612,0.022260,0.011149,0.000000,0.005464,0.022281
71460,71519,71490,871.936,33.665,107.565,15.444,1.179,0.211,0.004,17.117878,14.248830,11.545594,9.799654,8.411461,6.545506,5.508548,4.634820,3.757713,3.694680,2.977250,3.035474,3.060789,2.708295,1.976956,5.516434,1.722049,0.506689,0.362017,0.071860,0.050575,0.033004,0.033585,0.028067,0.027948,0.005631,0.016593,0.027857,0.016401,0.016760,0.038485,0.010938,0.016852,0.005631,0.016954,0.016876
71520,71579,71550,871.862,33.657,107.869,15.017,1.008,0.190,0.004,16.860312,14.246114,11.073772,9.802137,8.342178,6.806497,5.406793,4.514620,4.263796,3.670985,3.201252,3.025572,2.847087,2.855469,2.129626,5.847775,1.744612,0.509213,0.329527,0.049736,0.066043,0.033464,0.022078,0.049696,0.027617,0.011186,0.005556,0.010848,0.021974,0.027333,0.021988,0.022005,0.016311,0.000000,0.000000,0.005394
71580,71639,71610,871.863,33.693,108.232,15.613,1.217,0.219,0.004,17.633476,14.013638,11.633796,9.710732,8.371762,6.490389,5.385044,4.847752,4.183335,3.330376,3.148454,3.163315,2.957700,2.703621,2.006247,5.675700,1.701579,0.498729,0.271764,0.033068,0.105543,0.055215,0.049875,0.027915,0.027754,0.010880,0.022184,0.027821,0.022639,0.032708,0.005519,0.022058,0.027709,0.016836,0.005727,0.011212
71640,71699,71670,871.868,33.734,108.636,16.318,1.439,0.241,0.005,17.511131,14.024510,11.797376,10.109253,8.268264,6.515547,5.266229,4.591386,4.249973,3.704565,2.968663,3.116744,2.952094,2.616118,2.026837,5.902875,1.554284,0.573174,0.307111,0.066032,0.095088,0.028309,0.061378,0.056029,0.038384,0.022227,0.011111,0.016779,0.022562,0.033636,0.033580,0.022152,0.005556,0.011225,0.027896,0.027763
71700,71759,71730,871.878,33.756,110.148,16.146,1.342,0.225,0.004,17.448763,14.831029,12.116370,9.694984,8.143574,6.701631,5.685448,5.028627,4.377175,3.492785,3.185946,3.175088,2.960719,2.601803,2.229017,5.656023,1.521869,0.506376,0.255830,0.050214,0.083770,0.033357,0.027782,0.016876,0.039447,0.055905,0.049708,0.011116,0.033649,0.011186,0.038352,0.016798,0.016841,0.011002,0.016953,0.022049
71760,71819,71790,871.892,33.757,108.748,15.160,1.052,0.194,0.004,17.370480,14.358142,11.732224,9.911574,8.136057,6.587979,5.729733,4.634479,3.781361,3.617270,3.165131,3.036454,3.020113,2.747386,2.073128,5.934090,1.704254,0.394835,0.356756,0.067236,0.105178,0.038566,0.039119,0.039424,0.028063,0.016382,0.016932,0.016742,0.005537,0.011516,0.022168,0.021803,0.005593,0.000000,0.011189,0.011148
71820,71879,71850,871.872,33.688,103.538,14.996,1.174,0.216,0.004,16.389734,13.642756,11.162816,9.451582,7.734568,6.311346,4.872821,4.477650,3.804071,3.593034,3.194647,3.017551,2.930351,2.376149,1.988760,5.612731,1.714962,0.570319,0.270046,0.066616,0.055810,0.033527,0.032921,0.027531,0.016855,0.005650,0.027655,0.011057,0.027486,0.011357,0.027471,0.016596,0.022228,0.016729,0.000000,0.022410
71880,71939,71910,871.832,33.683,103.108,14.701,1.066,0.201,0.004,16.649706,13.569407,10.705391,9.051978,7.695287,6.010424,5.470231,4.514177,4.199510,3.505084,3.005789,2.728310,2.829179,2.572879,2.004798,5.754327,1.608418,0.503090,0.254334,0.122315,0.044190,0.027854,0.038860,0.027586,0.049859,0.016760,0.021918,0.016840,0.022227,0.010931,0.021853,0.016594,0.010880,0.005308,0.010853,0.011093
71940,71999,71970,871.824,33.752,104.332,14.756,1.084,0.205,0.004,17.310247,13.779878,11.409316,9.112295,7.627082,6.550762,5.374208,4.583083,3.487881,3.549456,2.873452,3.037262,2.707281,2.451315,2.062547,5.519450,1.675064,0.499838,0.299797,0.049060,0.038982,0.050194,0.033220,0.038950,0.016588,0.038836,0.016799,0.016544,0.011167,0.033429,0.027959,0.022279,0.000000,0.011363,0.011186,0.005574
72000,72059,72030,871.724,33.699,105.359,14.541,0.912,0.179,0.004,16.928076,13.867378,11.521337,9.400834,7.721346,6.414301,5.457629,4.755561,3.814640,3.373992,3.035317,2.933460,2.963945,2.460713,1.924559,5.916902,1.652382,0.524234,0.326866,0.066895,0.027682,0.066016,0.011057,0.033451,0.033251,0.022290,0.000000,0.016742,0.011098,0.027318,0.027517,0.000000,0.000000,0.005464,0.000000,0.016779
72060,72119,72090,871.765,33.708,109.295,15.372,1.187,0.206,0.004,18.032530,14.868082,12.072799,9.819792,8.021081,6.545428,5.800713,4.536438,3.999571,3.650797,3.175658,2.991464,2.632508,2.620326,1.950485,5.731729,1.513711,0.587535,0.339668,0.078470,0.028004,0.022226,0.022450,0.027751,0.033026,0.027678,0.022021,0.011243,0.016447,0.022080,0.027295,0.027221,0.005574,0.000000,0.011056,0.021949
72120,72179,72150,871.741,33.627,106.273,15.133,1.139,0.206,0.004,16.862974,14.119740,11.388097,9.721791,8.022429,6.915156,5.272358,4.582443,3.889817,3.583408,3.110452,2.848365,2.876888,2.639609,1.939877,5.640581,1.686972,0.466500,0.266756,0.060893,0.083409,0.055885,0.010929,0.016565,0.022361,0.027544,0.016762,0.005342,0.016541,0.022298,0.016816,0.011130,0.044179,0.011186,0.000000,0.017127
72180,72239,72210,871.746,33.623,107.498,17.352,1.862,0.291,0.005,17.580786,14.102529,11.613322,9.795014,8.043327,6.439141,5.479641,4.709498,4.048940,3.505742,3.047058,3.002896,2.841430,2.645408,2.002418,5.546906,1.592844,0.498980,0.287180,0.089271,0.071457,0.044371,0.044939,0.033034,0.038472,0.017163,0.038801,0.038798,0.033270,0.055371,0.055821,0.038569,0.033165,0.016324,0.039115,0.027471
72240,72299,72270,871.835,33.553,105.517,15.900,1.407,0.233,0.005,16.713350,14.256270,11.094777,9.797807,7.653962,6.591490,5.200627,4.376170,3.810284,3.530555,3.275684,2.943342,2.915009,2.673734,2.082649,5.642003,1.599911,0.463120,0.364059,0.094048,0.050602,0.044434,0.039110,0.027871,0.038790,0.005869,0.016227,0.033429,0.016522,0.038764,0.027605,0.016582,0.022135,0.005612,0.021414,0.033128
72300,72359,72330,871.794,33.623,107.941,15.108,1.064,0.197,0.004,17.258848,14.307551,11.687128,9.856790,8.232801,6.757452,5.209947,4.751336,4.211874,3.235848,2.931490,3.127779,2.997992,2.724272,2.022305,5.706434,1.623808,0.500870,0.328476,0.100580,0.061161,0.056221,0.016610,0.022271,0.038677,0.027708,0.021887,0.016762,0.033508,0.011114,0.011112,0.022320,0.005464,0.005669,0.005650,0.011252
72360,72419,72390,871.760,33.608,109.655,15.546,1.147,0.204,0.004,17.577393,14.657458,11.724825,9.787431,8.753326,6.589105,5.753222,4.660143,3.900739,3.464034,3.402694,2.871191,3.016352,2.660029,2.168516,5.780507,1.582324,0.494352,0.267365,0.094950,0.132931,0.055617,0.044431,0.016584,0.011057,0.033531,0.016475,0.021569,0.010834,0.022612,0.010973,0.016873,0.022315,0.010949,0.011130,0.011022
72420,72479,72450,871.756,33.669,109.126,15.948,1.232,0.214,0.004,17.292557,15.056942,11.221282,10.295134,8.045153,6.781687,5.185126,4.678071,4.247727,3.462234,3.050576,3.060667,3.093147,2.641791,1.955441,6.004002,1.650170,0.511144,0.371831,0.072921,0.076962,0.033473,0.072325,0.022194,0.032543,0.011121,0.027596,0.027909,0.005612,0.038616,0.027736,0.005631,0.016935,0.011223,0.033255,0.005612
72480,72539,72510,871.734,33.648,109.535,15.849,1.180,0.202,0.005,18.085497,14.020045,11.678043,9.696626,7.879599,6.438531,5.596238,4.859378,4.185337,3.596165,3.244789,3.041510,3.184722,2.688776,1.986303,6.117590,1.717443,0.538018,0.416919,0.104856,0.110217,0.038377,0.055063,0.055745,0.027620,0.021491,0.005574,0.011019,0.027559,0.016595,0.022562,0.027890,0.016837,0.011076,0.005501,0.005612
72540,72599,72570,871.703,33.625,110.051,16.271,1.395,0.239,0.005,17.670200,14.596826,11.677308,9.677837,7.930108,7.067526,6.079757,4.595893,3.992921,3.738446,3.293766,2.893472,3.089029,2.795291,2.089884,5.792890,1.602445,0.536973,0.333984,0.117211,0.100883,0.039524,0.027896,0.027638,0.033323,0.032942,0.033358,0.022279,0.005574,0.022401,0.039012,0.038682,0.022429,0.005556,0.005519,0.022315
72600,72659,72630,871.710,33.587,107.160,15.858,1.283,0.222,0.005,17.000618,14.081818,11.720487,9.657565,7.872841,6.763018,5.466027,4.497022,3.726342,3.584427,3.102659,3.105180,2.663902,2.774681,2.206011,5.719306,1.772306,0.455096,0.433685,0.117412,0.094460,0.022302,0.033527,0.027719,0.027732,0.028266,0.050399,0.022336,0.016918,0.022150,0.022358,0.016687,0.000000,0.016578,0.011077,0.027579
72660,72719,72690,871.765,33.594,108.560,15.496,1.060,0.191,0.004,17.355284,14.138878,11.791970,9.875158,8.270963,6.807702,5.421619,4.503245,4.066676,3.384316,3.074867,2.995668,2.920113,2.644846,2.069256,6.100186,1.715309,0.681283,0.299707,0.055543,0.044395,0.016612,0.055338,0.033373,0.032732,0.038874,0.022353,0.033392,0.016444,0.038691,0.022134,0.000000,0.005631,0.000000,0.016683,0.010966
72720,72779,72750,871.739,33.580,106.249,14.670,0.968,0.184,0.004,16.575035,13.775854,11.183063,9.552662,8.264095,6.530484,5.500390,5.133421,4.094953,3.450722,3.161120,2.947467,2.702155,2.609207,1.990758,5.921904,1.809302,0.432128,0.244068,0.077859,0.082721,0.022377,0.033215,0.027404,0.016859,0.000000,0.000000,0.005708,0.010737,0.016403,0.038577,0.005241,0.000000,0.011242,0.005574,0.016595
72780,72839,72810,871.729,33.583,109.261,15.425,1.179,0.207,0.004,17.813471,14.915717,11.566561,9.898962,8.106441,6.741280,5.687602,4.814416,4.101014,3.498588,2.952082,3.090215,2.812513,2.614354,2.043779,5.746654,1.549326,0.558287,0.338171,0.044557,0.078556,0.011111,0.032997,0.016379,0.044309,0.033135,0.011188,0.005650,0.016550,0.028203,0.021950,0.022169,0.000000,0.011224,0.016652,0.016798
72840,72899,72870,871.701,33.643,103.676,14.538,1.072,0.194,0.004,16.471495,13.277510,11.245517,9.638361,7.998806,6.515515,4.945085,4.464504,3.915522,3.442876,3.159635,2.815578,2.936131,2.622744,2.044313,5.554688,1.449138,0.515151,0.315689,0.050062,0.060064,0.027911,0.027598,0.022281,0.016596,0.011186,0.005537,0.010772,0.005519,0.016705,0.027649,0.016630,0.011111,0.010845,0.010966,0.016798
72900,72959,72930,871.684,33.694,104.948,15.354,1.225,0.211,0.004,16.830967,13.243506,11.236094,9.948852,7.572912,6.850824,5.258718,4.568967,3.880741,3.401531,3.230247,2.797377,2.871362,2.698774,2.087076,5.557739,1.625785,0.477962,0.294996,0.105993,0.106217,0.033523,0.027328,0.011424,0.022355,0.028231,0.005574,0.016685,0.027639,0.033415,0.028134,0.005727,0.005650,0.011111,0.011022,0.033865
72960,73019,72990,871.706,33.750,105.978,15.668,1.296,0.229,0.004,16.751324,14.287169,11.446203,9.646394,8.112597,6.514997,5.043051,4.556829,3.961006,3.276016,2.907511,3.047921,2.890294,2.794619,1.884830,5.984863,1.588433,0.439293,0.281538,0.099403,0.054893,0.060637,0.038836,0.038299,0.033140,0.016742,0.027620,0.027530,0.027803,0.016897,0.038679,0.021857,0.010790,0.022363,0.022355,0.005574
73020,73079,73050,871.628,33.714,106.989,15.878,1.368,0.236,0.004,16.961191,13.771519,11.357652,9.818452,7.921484,6.397132,5.685839,4.682592,3.968076,3.454566,3.242112,3.269870,2.925528,2.786552,1.943645,5.928568,1.506597,0.539990,0.349563,0.082416,0.045090,0.027371,0.049616,0.016856,0.033714,0.016802,0.016419,0.033436,0.016713,0.011223,0.022337,0.022586,0.033511,0.005556,0.011130,0.033591
73080,73139,73110,871.619,33.729,111.939,19.903,2.631,0.292,0.007,18.569872,14.874142,12.092587,10.001472,8.388846,6.547201,5.614727,4.947967,3.964479,3.678383,2.984056,3.002947,2.834623,2.763404,2.053332,5.831876,1.733182,0.567300,0.417390,0.131984,0.154278,0.033433,0.066285,0.071849,0.066151,0.060501,0.032723,0.038594,0.033397,0.049665,0.072124,0.110740,0.066538,0.000000,0.032609,0.050143
73140,73199,73170,871.598,33.762,120.280,17.652,1.573,0.236,0.005,20.445021,16.937704,13.411170,11.001559,9.102153,7.299304,5.837092,4.930245,4.362176,3.896771,3.266798,3.070966,3.092639,2.655039,2.035578,5.575842,1.835814,0.553103,0.317236,0.071094,0.121846,0.050204,0.044397,0.033377,0.066871,0.011043,0.027751,0.022401,0.011112,0.032926,0.049499,0.033078,0.021957,0.016674,0.011186,0.027854
73200,73259,73230,871.631,33.779,113.489,16.434,1.300,0.223,0.004,18.089996,15.594325,12.001944,10.585422,8.270210,7.210719,5.826448,4.889936,3.990157,3.536808,3.486545,3.147923,2.925084,2.577759,2.067935,6.236247,1.727718,0.510070,0.265247,0.077280,0.049933,0.033414,0.022345,0.033267,0.038901,0.038418,0.060429,0.050208,0.038714,0.022410,0.011130,0.027565,0.016598,0.010876,0.000000,0.016874
