CampaignData_and_Merges/R0/CSL_MobileLab_Parked/raw/20240816/USOS-POPS_MobileLabGround_20240816_R0.ict
78, 1001
Thornberry, T. D.
NOAA Chemical Sciences Laboratory
Portable Optical Particle Spectrometer (POPS)
USOS
1, 1
2024, 08, 16, 2025, 05, 08
60
Time_Start, seconds_past_midnight, Start time of measurement
45
1, 1, 1, 1, 1, 1, 1, 1, 1, 1, 1, 1, 1, 1, 1, 1, 1, 1, 1, 1, 1, 1, 1, 1, 1, 1, 1, 1, 1, 1, 1, 1, 1, 1, 1, 1, 1, 1, 1, 1, 1, 1, 1, 1, 1
-9999, -9999, -9999, -9999, -9999, -9999, -9999, -9999, -9999, -9999, -9999, -9999, -9999, -9999, -9999, -9999, -9999, -9999, -9999, -9999, -9999, -9999, -9999, -9999, -9999, -9999, -9999, -9999, -9999, -9999, -9999, -9999, -9999, -9999, -9999, -9999, -9999, -9999, -9999, -9999, -9999, -9999, -9999, -9999, -9999
Time_Stop, seconds_past_midnight, Stop time of measurement
Time_Mid, seconds_past_midnight, Mid time of measurement
Press_mb, mb, Pressure reported (mb)
Temp_C, degrees C, POPS temperature measurement
Aerosol_concentration, cm^-3, Aerosol concentration
Surface_Area_Conc, um^2 cm^-3, Surface area concentration
Volume_density, um^3 cm^-3, Volume density
Effective_radius, um, Effective radius
Extinction, km^-1, Extinction
Bin01, cm^-3, particle concentration in size range [1401 - 146.3 nm]
Bin02, cm^-3, particle concentration in size range [146.3 - 152.8 nm]
Bin03, cm^-3, particle concentration in size range [152.8 - 159.6 nm]
Bin04, cm^-3, particle concentration in size range [159.6 - 166.8 nm]
Bin05, cm^-3, particle concentration in size range [166.8 - 174.2 nm]
Bin06, cm^-3, particle concentration in size range [174.2 - 181.9 nm]
Bin07, cm^-3, particle concentration in size range [181.9 - 190.0 nm]
Bin08, cm^-3, particle concentration in size range [190.0 - 198.5 nm]
Bin09, cm^-3, particle concentration in size range [198.5 - 207.4 nm]
Bin10, cm^-3, particle concentration in size range [207.4 - 216.6 nm]
Bin11, cm^-3, particle concentration in size range [216.6 - 226.2 nm]
Bin12, cm^-3, particle concentration in size range [226.2 - 236.3 nm]
Bin13, cm^-3, particle concentration in size range [236.3 - 246.8 nm]
Bin14, cm^-3, particle concentration in size range [246.8 - 257.8 nm]
Bin15, cm^-3, particle concentration in size range [257.8 - 269.3 nm]
Bin16, cm^-3, particle concentration in size range [269.3 - 343.4 nm]
Bin17, cm^-3, particle concentration in size range [343.4 - 450.7 nm]
Bin18, cm^-3, particle concentration in size range [450.7 - 525.9 nm]
Bin19, cm^-3, particle concentration in size range [525.9 - 618.5 nm]
Bin20, cm^-3, particle concentration in size range [618.5 - 710.0 nm]
Bin21, cm^-3, particle concentration in size range [710.0 - 822.7 nm]
Bin22, cm^-3, particle concentration in size range [822.7 - 885.9 nm]
Bin23, cm^-3, particle concentration in size range [885.9 - 953.9 nm]
Bin24, cm^-3, particle concentration in size range [953.9 - 1027.2 nm]
Bin25, cm^-3, particle concentration in size range [1027.2 - 1106.1 nm]
Bin26, cm^-3, particle concentration in size range [1106.1 - 1191.0 nm]
Bin27, cm^-3, particle concentration in size range [1191.0 - 1282.5 nm]
Bin28, cm^-3, particle concentration in size range [1282.5 - 1381.0 nm]
Bin29, cm^-3, particle concentration in size range [1381.0 - 1487.1 nm]
Bin30, cm^-3, particle concentration in size range [1487.1 - 1601.3 nm]
Bin31, cm^-3, particle concentration in size range [1601.3 - 1724.3 nm]
[...]
PLATFORM: NOAA CSL Mobile Lab
LOCATION: USOS
ASSOCIATED_DATA: N/A
INSTRUMENT_INFO: Printed Optical Particle Spectrometer counts particles from 140 - 2500 nm in diameter 
DATA_INFO: Particle concentrations reported in number per cubic centimeter,1 Hz data
UNCERTAINTY: Counting uncertainty dominated by air flow, less than 5 percent. Measurement range is ~0 - 3000 per cm3 (varies depending on flow rate- manufacturer quotes 1250 per cm3 at 1.667 cc/s)
ULOD_FLAG: -7777
ULOD_VALUE: N/A
LLOD_FLAG: -8888
LLOD_VALUE: N/A
DM_CONTACT_INFO: Troy Thornberry, 325 Broadway R/CSL6, Boulder, CO 80305; troy.thornberry@noaa.gov; 303-497-3373
PROJECT_INFO: USOS, Utah POPS data from NOAA CSL Mobile Lab
STIPULATIONS_ON_USE: Please contact the PIs for questions regarding applications and uncertainties
OTHER_COMMENTS: POPS bin Edges (nm):  140.1, 146.3, 152.8, 159.6, 166.8, 174.2, 181.9, 190.0, 198.5, 207.4, 216.6, 226.2, 236.3, 246.8, 257.8, 269.3, 343.4, 450.7, 525.9, 618.5, 710.0, 822.7, 885.9, 953.9, 1027.2, 1106.1, 1191.0, 1282.5, 1381.0, 1487.1, 1601.3, 1724.3, 1856.7, 1999.3, 2152.8, 2318.2, 2496.2
Calculations assume organic aerosol refractive index of 1.52+0.00j and extinction wavelength = 532 nm
REVISION: R0
R0: Final data
Time_Start, Time_Stop, Time_Mid, Press_mb, Temp_C, Aerosol_concentration, Surface_Area_Conc, Volume_density, Effective_radius, Extinction, Bin01, Bin02, Bin03, Bin04, Bin05, Bin06, Bin07, Bin08, Bin09, Bin10, Bin11, Bin12, Bin13, Bin14, Bin15, Bin16, Bin17, Bin18, Bin19, Bin20, Bin21, Bin22, Bin23, Bin24, Bin25, Bin26, Bin27, Bin28, Bin29, Bin30, Bin31, Bin32, Bin33, Bin34, Bin35, Bin36
[from data line 736]
44160,44219,44190,871.779,32.457,158.085,23.391,1.927,0.233,0.006,23.683769,19.595104,15.894809,14.268064,11.772442,9.766573,8.289333,7.373414,6.313721,5.663293,5.337724,5.069401,4.703054,3.873973,3.166143,9.209822,2.294612,0.766498,0.410608,0.071902,0.049687,0.027917,0.044774,0.055396,0.044749,0.039063,0.033414,0.021938,0.027596,0.027599,0.055261,0.038739,0.022133,0.028137,0.027968,0.016593
44220,44279,44250,871.748,32.452,159.749,23.893,1.938,0.226,0.007,22.566311,19.300976,16.695004,14.108041,12.121395,10.705668,8.443442,7.092609,6.569228,5.371295,5.432689,5.075006,4.812444,4.480817,3.555135,8.841607,2.664528,0.726362,0.465831,0.083381,0.093959,0.038839,0.066516,0.060979,0.039190,0.016762,0.032596,0.049719,0.027925,0.027664,0.066606,0.039031,0.027650,0.005501,0.022039,0.021956
44280,44339,44310,871.754,32.274,162.285,23.954,1.904,0.228,0.007,23.549984,19.948473,16.497929,14.399835,12.093287,10.341783,9.167739,7.740393,6.753937,5.559400,5.132602,4.837478,4.541080,4.456490,3.256690,9.277017,2.821212,0.733969,0.493413,0.089020,0.116872,0.078198,0.038844,0.022178,0.044679,0.022287,0.016504,0.038914,0.027470,0.016539,0.044216,0.038202,0.022059,0.011113,0.038892,0.016668
44340,44399,44370,871.733,32.365,161.939,23.317,1.717,0.208,0.006,23.604414,20.291136,16.384480,14.376760,12.231397,10.312171,8.820742,7.611642,6.457679,5.978897,5.161873,4.718383,4.892627,4.058342,3.315477,9.486268,2.452692,0.750405,0.400283,0.093922,0.067112,0.050046,0.083516,0.044643,0.022230,0.027769,0.022436,0.022150,0.027432,0.050086,0.038855,0.027617,0.010877,0.000000,0.016761,0.027946
44400,44459,44430,871.749,32.531,168.307,24.518,1.910,0.218,0.007,25.101053,21.297222,17.183657,15.147553,13.109297,10.514902,9.492070,7.980486,6.500486,5.586157,5.288239,5.059266,4.669239,4.415068,3.169436,9.082406,2.653752,0.817703,0.573598,0.089571,0.100538,0.050028,0.061385,0.033416,0.027783,0.005688,0.044700,0.022281,0.044509,0.033336,0.033769,0.022467,0.016669,0.028117,0.011281,0.039306
44460,44519,44490,871.758,32.563,186.816,25.675,1.983,0.220,0.007,33.439510,26.448040,20.585449,16.866440,13.432689,10.990903,9.227216,7.555654,6.731337,5.922225,5.494622,4.942017,4.711032,4.096522,3.089471,8.937991,2.475375,0.713611,0.469183,0.106117,0.066563,0.050106,0.016575,0.055218,0.044348,0.038660,0.032926,0.032739,0.027613,0.033245,0.066380,0.038584,0.016521,0.011169,0.027709,0.022132
44520,44579,44550,871.749,32.403,220.888,28.796,2.099,0.205,0.007,45.788792,34.643173,24.748556,20.169744,14.974588,12.064480,10.367589,8.140178,6.936717,6.089430,5.537928,4.849727,4.676851,4.288021,3.341175,9.455188,2.659751,0.939031,0.442335,0.122054,0.100493,0.050569,0.055901,0.049610,0.055581,0.044973,0.022306,0.033512,0.033359,0.027911,0.061212,0.033778,0.022317,0.005612,0.028224,0.027767
44580,44639,44610,871.768,32.467,178.817,24.938,1.944,0.222,0.006,30.436470,24.561687,19.077564,15.878892,12.644102,11.059505,9.183667,7.732815,6.403091,6.087280,5.316988,4.815193,4.677836,4.152283,3.090407,9.387393,2.439622,0.723934,0.481214,0.100583,0.099881,0.039213,0.038490,0.033025,0.055590,0.033344,0.038312,0.044461,0.011263,0.022210,0.022569,0.044492,0.011243,0.011074,0.028119,0.033196
44640,44699,44670,871.794,32.555,178.641,24.633,1.848,0.214,0.006,29.407835,23.873871,19.329967,16.794254,13.312364,11.174067,8.801967,8.107874,6.720026,5.953955,5.271981,5.194392,4.673440,3.926149,3.146713,8.738653,2.564753,0.624959,0.415419,0.088241,0.060908,0.060748,0.049806,0.044578,0.027884,0.027455,0.027607,0.016669,0.016452,0.028078,0.043641,0.022118,0.011205,0.033207,0.011002,0.038814
44700,44759,44730,871.796,32.500,175.234,24.892,1.996,0.226,0.007,27.254251,23.335432,19.053858,16.353693,13.299892,11.097918,9.581511,7.534111,6.712671,5.826576,4.956875,4.925400,4.584311,4.417561,3.273607,8.691993,2.327974,0.753792,0.548685,0.066588,0.077444,0.066956,0.066243,0.049537,0.066585,0.022131,0.039173,0.038820,0.033263,0.033487,0.016818,0.044034,0.016779,0.011074,0.005612,0.049778
44760,44819,44790,871.786,32.398,169.022,23.501,1.496,0.184,0.006,27.024693,21.366934,17.855915,15.719308,12.807173,10.364295,8.672668,7.389384,6.550576,5.523890,5.066633,5.097596,4.808036,4.106080,3.190448,8.849570,2.710879,0.697959,0.537782,0.111498,0.121995,0.060730,0.060870,0.049862,0.038946,0.033271,0.038878,0.044364,0.022067,0.010929,0.044923,0.000000,0.005612,0.005447,0.016576,0.016612
44820,44879,44850,871.797,32.486,165.929,23.776,1.804,0.211,0.007,25.565229,21.639450,17.796618,14.857593,12.665417,10.508233,8.151017,7.330839,6.657759,5.562212,4.862022,5.053497,4.598232,3.868031,3.307114,8.696808,2.771439,0.803140,0.466608,0.144303,0.089122,0.088803,0.072214,0.055634,0.050381,0.044562,0.000000,0.027763,0.022149,0.038817,0.033195,0.050267,0.016726,0.005574,0.005650,0.022103
44880,44939,44910,871.825,32.617,159.710,23.455,1.821,0.220,0.006,23.755154,19.663322,16.717394,14.219281,12.134567,10.135264,8.652732,7.497178,6.396506,5.809175,5.045741,4.944898,4.410187,3.985303,3.143490,8.620695,2.616102,0.823720,0.397809,0.133100,0.060935,0.055095,0.044185,0.104988,0.016558,0.049997,0.016651,0.050020,0.038862,0.016711,0.055347,0.027821,0.005556,0.016630,0.038242,0.010789
44940,44999,44970,871.824,32.457,157.211,22.924,1.732,0.215,0.006,23.223103,19.311243,16.853731,13.940325,12.352381,10.210971,8.080469,7.232606,6.158717,5.433254,4.982027,4.797954,4.405540,4.039694,3.397345,8.535740,2.379397,0.737467,0.405434,0.132968,0.099989,0.055658,0.050162,0.044389,0.055995,0.028097,0.038714,0.021740,0.027876,0.033541,0.044003,0.016835,0.039043,0.005556,0.016650,0.022335
45000,45059,45030,871.826,32.464,158.711,22.223,1.516,0.196,0.006,23.432779,19.767923,16.890251,14.636760,12.171817,9.929605,8.416156,7.675665,6.126366,5.595188,4.963675,4.848351,4.653466,3.966962,2.954484,8.588977,2.446555,0.711920,0.349358,0.094759,0.072566,0.061273,0.072195,0.033300,0.033545,0.005556,0.016418,0.038928,0.016687,0.022493,0.038408,0.016525,0.027910,0.005574,0.016915,0.011363
45060,45119,45090,871.847,32.560,161.541,23.608,1.875,0.224,0.006,24.812876,20.024942,16.859491,14.318545,12.061550,9.857912,8.737953,7.451069,6.434947,5.692255,5.058315,4.797973,4.748906,4.172618,3.280271,8.957736,2.429593,0.752879,0.432688,0.060583,0.132573,0.033159,0.033134,0.055156,0.027927,0.033737,0.027725,0.049932,0.021736,0.011038,0.066501,0.022335,0.011204,0.000000,0.033322,0.038756
45120,45179,45150,871.870,32.468,162.154,22.668,1.579,0.199,0.006,24.627554,20.219690,17.426159,14.912710,12.146362,10.304878,8.467718,7.583921,6.068918,5.561373,5.457063,4.802818,4.615501,4.270101,3.109929,8.664823,2.204661,0.734824,0.438413,0.093405,0.027798,0.044414,0.061223,0.027638,0.033132,0.027832,0.033064,0.010930,0.032989,0.027655,0.038545,0.011130,0.016435,0.011242,0.011149,0.027816
45180,45239,45210,871.875,32.345,160.831,23.487,1.940,0.231,0.006,23.904804,20.285219,17.479509,14.806895,12.090219,10.079909,8.103878,7.321904,6.314510,5.620091,5.347108,4.795107,4.599316,4.117700,3.039180,9.005937,2.325171,0.634346,0.295336,0.095068,0.072141,0.033485,0.028065,0.044747,0.039060,0.033410,0.039229,0.038964,0.039134,0.027876,0.044845,0.028273,0.016824,0.033318,0.005910,0.044811
45240,45299,45270,871.909,32.413,158.895,22.792,1.661,0.205,0.006,24.103315,19.833641,16.543726,14.018468,12.114343,10.549564,8.924518,7.154838,6.221996,5.465371,4.770647,4.458087,4.308231,4.079693,3.353865,8.754058,2.409502,0.792185,0.391695,0.120981,0.083106,0.049900,0.056060,0.044329,0.027465,0.038143,0.022062,0.032767,0.010886,0.016724,0.027772,0.010878,0.038877,0.033397,0.027921,0.005631
45300,45359,45330,871.958,32.577,160.371,23.549,1.978,0.235,0.007,24.749840,19.930084,17.003454,14.607125,12.158879,10.069687,8.450259,7.024262,6.301202,5.663803,5.008875,4.773682,4.485439,4.197406,3.029990,8.801577,2.379717,0.676960,0.404229,0.077540,0.088350,0.039011,0.027668,0.027751,0.027742,0.028487,0.044336,0.016820,0.022170,0.072265,0.039056,0.038381,0.044034,0.022187,0.005342,0.033151
45360,45419,45390,871.976,32.556,160.576,22.532,1.550,0.193,0.006,23.926205,20.361176,16.338099,14.534060,12.154399,10.350199,8.782066,7.510431,6.345797,5.736272,5.208004,4.954876,4.420737,3.884006,3.406612,8.605704,2.392892,0.700346,0.321833,0.121342,0.077110,0.038741,0.066110,0.038382,0.049791,0.044397,0.016744,0.027439,0.016779,0.039188,0.033321,0.022822,0.022009,0.000000,0.016524,0.011204
45420,45479,45450,872.003,32.429,161.616,22.895,1.619,0.201,0.006,24.067148,20.290766,16.984949,14.177307,12.436823,10.148743,8.674294,7.342962,6.776516,5.526352,5.405909,4.554622,4.891112,4.008645,3.338009,8.700707,2.674558,0.658396,0.405130,0.077658,0.060909,0.066405,0.027237,0.055824,0.044355,0.027988,0.000000,0.016523,0.038352,0.000000,0.049652,0.005342,0.022168,0.011111,0.016396,0.033261
45480,45539,45510,872.023,32.415,162.800,22.576,1.642,0.206,0.006,24.606361,21.064344,16.851435,14.608156,12.492533,10.491651,8.533969,7.602076,6.385083,5.643774,5.142398,4.982949,4.617160,4.081907,3.023191,8.580283,2.546438,0.647738,0.352434,0.108268,0.068500,0.050968,0.028427,0.056473,0.023266,0.011453,0.022989,0.017283,0.016697,0.011535,0.017082,0.045191,0.028646,0.005688,0.016749,0.017298
45540,45599,45570,872.057,32.567,164.474,22.744,1.540,0.189,0.006,24.927111,20.629688,17.626686,14.608340,12.819913,10.585908,9.105733,7.347512,6.336274,5.763283,5.069966,5.072533,4.373949,4.086617,3.072517,9.029981,2.460561,0.694974,0.317195,0.089070,0.072428,0.099662,0.038899,0.022209,0.027804,0.016894,0.033546,0.005376,0.005593,0.010948,0.033583,0.005612,0.022414,0.011435,0.028083,0.022107
45600,45659,45630,872.064,32.454,164.256,23.014,1.686,0.207,0.006,25.026173,21.260214,16.852695,14.995420,12.756454,10.431098,8.949053,7.648298,6.416469,5.794997,5.242594,4.660918,4.376535,4.101048,3.032736,8.656330,2.408443,0.659051,0.401389,0.083799,0.112157,0.055831,0.022339,0.044728,0.011283,0.027797,0.028021,0.027837,0.017085,0.022298,0.022263,0.022242,0.022187,0.021761,0.022372,0.022488
45660,45719,45690,872.070,32.380,170.059,23.317,1.572,0.190,0.006,27.323229,22.451641,17.349819,15.743353,12.905509,10.783465,8.962036,7.660212,6.499616,5.938480,5.277618,4.853864,4.218850,4.234539,3.061633,8.529782,2.468760,0.683448,0.488568,0.100074,0.100187,0.077242,0.055940,0.044834,0.011357,0.039254,0.016895,0.005359,0.011148,0.033544,0.061296,0.022450,0.016576,0.005612,0.005429,0.017026
45720,45779,45750,872.074,32.508,214.845,28.239,1.859,0.189,0.007,35.894363,29.400007,24.754267,19.969727,16.401892,13.572750,11.003991,9.502906,8.028172,6.754342,5.997287,5.207848,5.152266,4.638105,3.780334,10.167815,2.749734,0.669247,0.514084,0.083413,0.083653,0.089318,0.072810,0.044801,0.055680,0.016951,0.038821,0.038897,0.005612,0.033229,0.027871,0.033505,0.016630,0.011243,0.022297,0.011043
45780,45839,45810,872.086,32.581,237.016,32.214,1.989,0.179,0.008,36.406044,30.397486,25.252441,21.286514,18.237925,14.643735,12.751212,10.652062,8.793564,7.643022,7.057392,6.715890,6.453328,5.788926,4.568642,14.626326,3.647565,1.006892,0.427397,0.127411,0.071968,0.044071,0.049808,0.027418,0.066835,0.049829,0.027744,0.044143,0.005464,0.021913,0.038909,0.016780,0.028063,0.005631,0.005464,0.028045
45840,45899,45870,872.090,32.494,159.768,22.539,1.532,0.192,0.006,22.245525,20.066217,16.714573,14.760952,12.187376,10.286186,8.966047,7.253074,6.024538,5.440215,5.278964,4.805034,4.735696,4.245181,3.399899,9.164121,2.621149,0.672278,0.378474,0.117199,0.060980,0.044236,0.011168,0.039007,0.016713,0.027714,0.022278,0.022208,0.011205,0.044337,0.021971,0.010983,0.028002,0.005411,0.022076,0.016593
45900,45959,45930,872.083,32.443,158.028,22.367,1.636,0.206,0.006,23.147938,19.954206,15.690745,14.588560,12.199392,9.984103,8.728039,7.424067,6.426597,5.211731,5.053432,4.913886,4.419798,4.226645,3.210472,8.798639,2.471345,0.698825,0.400219,0.072541,0.044513,0.038958,0.027932,0.016878,0.027651,0.033488,0.016779,0.016742,0.016235,0.022599,0.039096,0.027726,0.027887,0.005519,0.033454,0.011167
45960,46019,45990,872.091,32.493,159.071,23.369,1.860,0.223,0.006,23.468548,19.548777,16.596825,14.430850,12.227376,10.380250,8.442736,7.305704,6.514269,5.636821,4.784223,4.892770,4.552944,3.873322,3.416591,8.685495,2.423735,0.817342,0.416546,0.127362,0.084050,0.049930,0.033421,0.027659,0.016346,0.038856,0.044268,0.022242,0.016704,0.011169,0.061357,0.011114,0.016873,0.027353,0.033483,0.033456
46020,46079,46050,872.108,32.540,155.907,22.926,1.873,0.230,0.006,23.453594,19.438120,16.269361,13.969859,12.054503,9.844535,8.348939,7.349616,5.678525,5.469209,4.777296,4.630720,4.619865,4.119608,3.179597,8.369033,2.571060,0.633057,0.395216,0.118359,0.096144,0.073687,0.062734,0.034284,0.039340,0.028194,0.028442,0.033809,0.045338,0.011262,0.045430,0.039913,0.011152,0.022286,0.011337,0.033868
46080,46139,46110,872.125,32.422,156.431,22.890,1.817,0.227,0.006,22.962370,19.943281,16.251650,14.088077,11.961996,9.934108,8.477937,7.164550,5.812899,5.516717,4.993310,4.777337,4.334345,4.088627,3.035505,9.032833,2.171867,0.733257,0.500590,0.083690,0.094150,0.033337,0.050330,0.050015,0.033563,0.022276,0.044441,0.021898,0.033156,0.011261,0.049802,0.032784,0.027802,0.011001,0.038676,0.011358
46140,46199,46170,872.135,32.349,156.966,22.435,1.742,0.219,0.006,23.373793,19.555044,16.327999,14.381622,11.873731,10.123977,8.378052,7.027598,6.107729,5.701322,4.974520,4.825785,4.564764,4.197849,3.352867,8.441156,2.304553,0.499753,0.338679,0.139926,0.066832,0.022315,0.078355,0.027734,0.028256,0.027974,0.028272,0.011149,0.005537,0.022329,0.039273,0.022546,0.000000,0.033070,0.033428,0.027965
46200,46259,46230,872.174,32.461,160.132,22.653,1.560,0.195,0.006,24.806688,20.370260,16.881943,14.016677,12.324392,9.620370,8.605960,6.669656,6.339249,5.637749,4.943279,4.719716,4.716496,3.959980,3.503468,9.095408,2.272605,0.550121,0.438163,0.099578,0.078114,0.043926,0.071992,0.038688,0.049450,0.055841,0.033395,0.028291,0.022302,0.027915,0.049932,0.011057,0.011130,0.005376,0.016435,0.016799
46260,46319,46290,872.196,32.448,157.388,22.517,1.627,0.204,0.006,24.299809,20.005184,16.068956,13.792843,12.116339,9.963225,8.415895,7.089284,6.181788,5.434006,5.022217,4.564350,4.323307,4.043766,3.193715,8.801221,2.275114,0.716823,0.439908,0.072350,0.095105,0.067460,0.060965,0.060964,0.027928,0.033081,0.011249,0.005519,0.033323,0.033117,0.049983,0.016505,0.022278,0.028368,0.011188,0.011130
46320,46379,46350,872.197,32.352,162.527,23.325,1.779,0.215,0.006,24.841192,20.800175,17.535036,14.081265,12.475432,9.847041,8.522614,7.525794,6.580775,5.735625,4.993015,5.018215,4.478328,4.395069,3.007206,8.592694,2.355921,0.678012,0.413039,0.127449,0.083202,0.038630,0.039440,0.016649,0.022530,0.033333,0.033231,0.049973,0.016842,0.022181,0.044170,0.016591,0.044998,0.022339,0.022104,0.016855
46380,46439,46410,872.216,32.341,172.134,24.092,1.802,0.213,0.006,27.027739,23.568151,18.346455,15.734988,12.663507,10.703463,8.537086,7.580102,6.797700,5.520088,5.235191,4.926161,4.848847,4.412128,3.141267,8.733748,2.556970,0.725568,0.403667,0.134013,0.100857,0.073041,0.028040,0.011113,0.044860,0.022003,0.027685,0.011167,0.000000,0.028040,0.095148,0.039171,0.016836,0.005519,0.016972,0.016932
46440,46499,46470,872.245,32.487,162.374,23.473,1.905,0.229,0.006,24.651501,21.367983,16.780834,14.934338,12.768859,10.028674,8.655245,7.269302,6.288291,5.405865,4.945727,4.949310,4.172341,3.784774,3.306792,8.864182,2.288894,0.811511,0.450803,0.132786,0.050094,0.049963,0.049443,0.033192,0.022135,0.016469,0.027527,0.038769,0.033561,0.027604,0.033246,0.038895,0.027965,0.016634,0.016841,0.033285
