CampaignData_and_Merges/R0/CSL_MobileLab_Parked/raw/20240816/USOS-NOAAIodideCIMS-HNO3_MobileLabGround_20240816_RA.ict
33, 1001
Michael A Robinson, Chris Jernigan, Subi Thakali
NOAA ESRL Chemical Sciences Laboratory and CIRES, U. of Colorado
NOAA Iodide CIMS Instrument
USOS
1, 1
2024, 08, 16, 2024, 08, 18
1
starttime_UTC, seconds_past_midnight, seconds_of_day_since_00:00:00_UTC
1
1
-9999
HNO3_NOAACIMS, pptv, Gas_HNO3_InSitu_S_AVMR, 
0
18
PI_CONTACT_INFO: 325 Broadway, R/CSD 7, Boulder, Colorado 80305; michael.a.robinson@noaa.gov; chris.jernigan@noaa.gov;
PLATFORM: NOAA CSL Mobile Lab
LOCATION: SLC, Utah
ASSOCIATED_DATA: 1Hz data also available on request.
INSTRUMENT_INFO: NOAA I- ToF CIMS
DATA_INFO: All data in parts per trillion by volume (pptv). 1 Hz data is available upon request.
UNCERTAINTY: TBD
ULOD_FLAG: -7777
ULOD_VALUE: N/A
LLOD_FLAG: -8888
LLOD_VALUE: N/A
DM_CONTACT_INFO: Nathan Howard; nathan.h.howard@noaa.gov
PROJECT_INFO: USOS, summer 2024. https://csl.noaa.gov/groups/csl7/measurements/2024usos/
STIPULATIONS_ON_USE: Users are strongly encouraged to contact the PI for proper data usage.
OTHER_COMMENTS: 
REVISION: RA
RA: Preliminary Data; For in-field use only
starttime_UTC, HNO3_NOAACIMS
[from data line 1031]
 61860, 279.963
 61920, 278.905
 61980, 282.875
 62040, 290.769
 62100, 301.230
 62160, 296.334
 62220, 296.557
 62280, 296.319
 62340, 290.636
 62400, 294.593
 62460, 306.335
 62520, 321.694
 62580, 300.239
 62640, 301.970
 62700, 310.959
 62760, 312.257
 62820, 312.594
 62880, 316.474
 62940, 319.097
 63000, 317.821
 63060, 320.580
 63120, 330.695
 63180, 327.666
 63240, 319.768
 63300, -9999.000
 63360, 328.646
 63420, 333.925
 63480, 331.714
 63540, 339.939
 63600, 366.653
 63660, 377.474
 63720, 382.776
 63780, 375.122
 63840, 384.139
 63900, 401.773
 63960, 401.890
 64020, 403.114
 64080, 423.382
 64140, 421.589
 64200, 415.067
 64260, 435.839
 64320, 459.304
 64380, 460.688
 64440, 465.687
 64500, 470.434
 64560, 476.995
 64620, 475.807
 64680, 466.642
 64740, 473.180
 64800, 505.941
 64860, 500.778
 64920, 484.213
 64980, 470.125
 65040, 467.101
 65100, 464.288
 65160, -9999.000
 65220, 439.054
 65280, 463.554
 65340, 456.365
 65400, 455.096
 65460, 474.334
 65520, 451.457
 65580, 462.110
 65640, 447.266
 65700, 423.434
 65760, 428.040
 65820, 411.387
 65880, 406.008
 65940, 406.982
 66000, 405.648
 66060, 403.077
 66120, 401.467
 66180, 405.790
 66240, 403.145
 66300, 390.917
 66360, 374.422
 66420, 360.195
 66480, 359.095
 66540, 341.967
 66600, 345.594
 66660, 330.837
 66720, 325.176
 66780, 307.553
 66840, 281.987
 66900, 260.266
 66960, 228.136
 67020, 291.054
 67080, 286.353
 67140, 293.298
 67200, 284.739
 67260, 283.723
 67320, 270.436
 67380, 255.483
 67440, 273.690
 67500, 285.266
 67560, 284.967
 67620, 301.046
 67680, 319.907
 67740, 315.898
 67800, 333.268
 67860, 338.185
 67920, 353.823
 67980, 344.390
 68040, 334.326
 68100, 332.023
 68160, 324.281
 68220, 318.784
 68280, 313.228
 68340, 305.752
 68400, 310.924
 68460, 302.584
 68520, 280.272
 68580, 279.703
 68640, 267.394
 68700, 278.609
 68760, 293.103
 68820, -9999.000
 68880, 224.182
 68940, 267.479
 69000, 272.211
 69060, 271.406
 69120, 276.102
 69180, 244.298
 69240, 258.043
 69300, 267.086
 69360, 286.369
 69420, 268.718
 69480, 258.783
 69540, 266.089
 69600, 295.375
 69660, 289.746
 69720, 305.646
 69780, 305.395
 69840, 317.237
 69900, 342.798
 69960, 329.958
 70020, 338.481
 70080, 348.028
 70140, 346.648
 70200, 352.297
 70260, 343.849
 70320, 339.274
 70380, 317.102
 70440, 289.152
 70500, 268.708
 70560, 287.310
 70620, 289.887
 70680, -9999.000
 70740, 256.708
 70800, 261.320
 70860, 301.136
 70920, 323.253
 70980, 326.926
 71040, 281.486
 71100, 296.238
 71160, 319.867
 71220, 328.499
 71280, 365.666
 71340, 310.442
 71400, 324.303
 71460, 307.559
 71520, 315.942
 71580, 330.697
 71640, 333.624
 71700, 365.737
 71760, 349.623
 71820, 373.587
 71880, 354.150
 71940, 305.581
 72000, 300.938
 72060, 309.978
 72120, 317.594
 72180, 348.325
 72240, 351.576
 72300, 346.190
 72360, 346.581
 72420, 369.923
 72480, 364.296
 72540, -9999.000
 72600, 348.033
 72660, 349.867
 72720, 334.328
 72780, 313.349
 72840, 326.713
 72900, 348.932
 72960, 342.915
 73020, 324.686
 73080, 309.477
 73140, 341.457
 73200, 331.091
 73260, 328.537
 73320, 304.670
 73380, 326.843
 73440, 315.892
 73500, 317.403
 73560, 300.135
 73620, 290.227
 73680, 287.143
 73740, 283.222
 73800, 265.215
 73860, 300.867
 73920, 279.113
 73980, 287.914
 74040, 278.696
 74100, 281.505
 74160, 292.710
 74220, 310.997
 74280, 335.916
 74340, 341.670
 74400, 312.318
 74460, 336.390
 74520, 319.602
 74580, 290.365
 74640, 307.306
 74700, 337.935
 74760, 282.706
 74820, 294.107
 74880, 315.049
 74940, 316.286
 75000, 392.586
 75060, 332.507
 75120, 338.596
 75180, 347.140
 75240, 315.649
 75300, 330.553
 75360, 343.540
 75420, 345.173
 75480, 362.628
 75540, 431.775
 75600, 378.222
 75660, 361.665
 75720, 366.417
 75780, 378.802
 75840, 393.014
 75900, 402.701
 75960, 395.171
 76020, 411.354
 76080, 372.616
 76140, 382.801
 76200, 353.723
 76260, 331.170
 76320, 381.910
 76380, 372.497
 76440, 394.797
 76500, 414.034
 76560, 415.746
 76620, 440.245
 76680, 413.801
 76740, 415.064
 76800, 434.866
 76860, 438.485
 76920, 440.715
 76980, 450.875
 77040, 468.234
 77100, 460.518
 77160, 432.032
 77220, 443.682
 77280, 433.008
 77340, 417.829
 77400, 412.804
 77460, 390.611
 77520, 405.064
 77580, 416.002
 77640, 417.203
 77700, 412.998
 77760, 390.745
 77820, 402.493
 77880, 383.903
 77940, 378.957
 78000, 364.481
 78060, 412.750
 78120, 346.933
 78180, 355.007
 78240, 373.598
 78300, 377.250
 78360, 359.292
 78420, 384.653
 78480, 407.435
 78540, 412.238
 78600, 416.551
 78660, 393.223
 78720, 386.675
 78780, 430.846
 78840, 303.916
 78900, 317.292
 78960, 326.380
 79020, 363.075
 79080, 389.150
 79140, 359.239
 79200, 323.044
 79260, 310.420
 79320, 332.064
 79380, 336.352
 79440, 371.187
 79500, 366.971
 79560, 319.160
 79620, 333.962
 79680, 313.160
 79740, 376.642
 79800, 300.349
 79860, 298.671
 79920, -9999.000
 79980, 249.286
 80040, 330.579
 80100, 259.248
 80160, 261.663
 80220, 293.197
 80280, 310.179
 80340, 278.179
 80400, 302.824
 80460, 321.213
 80520, 352.248
 80580, 433.956
 80640, 353.898
 80700, 365.920
 80760, 359.840
 80820, 355.451
 80880, 425.549
 80940, 327.785
 81000, 357.056
 81060, 313.016
 81120, 298.567
 81180, 239.796
 81240, 301.640
 81300, 349.085
 81360, 355.793
 81420, 367.400
 81480, 351.972
 81540, 365.728
 81600, 334.951
 81660, 354.850
 81720, 394.648
 81780, 327.064
 81840, 335.628
 81900, 325.650
 81960, 331.715
 82020, 353.549
 82080, 303.629
 82140, 319.185
 82200, 261.090
 82260, 284.955
 82320, 291.326
 82380, 315.221
 82440, 319.185
 82500, 311.451
 82560, 336.397
 82620, 366.568
 82680, 364.324
 82740, 371.337
 82800, 383.335
 82860, 376.776
 82920, 445.920
 82980, 386.200
 83040, 286.980
 83100, 305.088
 83160, 287.888
 83220, 312.057
 83280, 297.210
 83340, 309.770
 83400, 324.154
 83460, 344.871
 83520, 324.045
 83580, 370.805
 83640, 293.208
 83700, 311.493
 83760, 348.693
 83820, 338.930
 83880, 346.516
 83940, 333.752
 84000, 358.402
 84060, 374.702
 84120, 325.366
 84180, 378.024
 84240, -9999.000
 84300, -9999.000
 84360, 334.444
 84420, 372.380
 84480, 347.406
 84540, 357.044
 84600, 430.375
 84660, 381.156
 84720, 349.338
 84780, 330.150
 84840, 342.104
 84900, 374.923
 84960, 362.573
 85020, 372.825
 85080, 383.558
 85140, 387.372
 85200, 356.364
 85260, 334.568
 85320, 311.707
 85380, 352.413
 85440, 329.005
 85500, 335.549
 85560, 376.431
 85620, 359.132
 85680, 372.980
 85740, 371.980
 85800, 362.287
 85860, 363.527
 85920, 380.451
 85980, 401.586
 86040, 370.614
 86100, 382.284
 86160, 395.292
 86220, 359.302
 86280, 348.324
 86340, 368.768
