CampaignData_and_Merges/R0/CSL_MobileLab_Parked/raw/20240816/USOS-HCHO_MobileLabGround_20240816_R0.ict
35,1001
Huang, Yaoxian
Wayne State University
Picarro G2307 on CSL Mobile Lab
USOS
1,1
2024,08,16,2024,08,22
1.0
Time_Start,seconds_since_midnight,number_of_seconds_since_0000_UTC
3
1.0,1.0,1.0
-9999.0,-9999.0,-9999.0
HCHO,ppbv,Gas_HCHO_InSitu_S_AVMR,volume mixing ratio of formaldehyde in air
H2O,ppmv,Gas_H2O_InSitu_S_AVMR,volume mixing ratio of water vapor in air
CH4,ppmv,Gas_CH4_InSitu_S_AVMR,volume mixing ratio of methane in air
0
18
PI_CONTACT_INFO: yaoxian.huang@wayne.edu
PLATFORM: CSL Mobile Lab, at Ground Site
LOCATION: Salt Lake City, UT
ASSOCIATED_DATA: N/A
INSTRUMENT_INFO: Cavity Ring-Down Spectrometer
DATA_INFO: Data is averaged to 1 minute intervals for stationary and 1 second interval for driving. Stationary data collected from a 20 ft tower on top of the mobile lab.
UNCERTAINTY: N/A
ULOD_FLAG: -7777
ULOD_VALUE: N/A
LLOD_FLAG: -8888
LLOD_VALUE: N/A
DM_CONTACT_INFO: Yaoxian Huang; yaoxian.huang@wayne.edu
PROJECT_INFO: USOS, Summer 2024. https://csl.noaa.gov/groups/csl7/measurements/2024usos/
STIPULATIONS_ON_USE: Users are strongly encouraged to contact the PI for proper data usage.
OTHER_COMMENTS: Data have been shifted backwards by 1 minute to align with USOS MetNav and Picarro GHG data.
REVISION: R0
R0: Final Data
Time_Start,HCHO,H2O,CH4
0,1.14516,7302.27,1.9055
60,0.751302,7113.56,1.90338
120,1.32942,7472.84,1.90662
180,1.11236,7538.7,1.90587
240,1.09537,7241.78,1.9047
300,1.15453,7130.74,1.90307
360,0.967048,7070.89,1.90388
420,1.21787,7295.14,1.90395
480,1.3513,7374.73,1.90457
540,1.27453,7234.06,1.90412
600,1.20014,7127.7,1.90742
660,1.06821,7146.95,1.90293
720,1.36391,7354.56,1.9052
780,1.20825,7091.22,1.90505
840,1.10358,7343.18,1.90545
900,1.05015,7283.41,1.90335
960,1.03625,7422.6,1.90639
1020,1.02951,7022.74,1.90369
1080,1.01842,6970.29,1.9043
1140,1.15387,6958.76,1.90519
1200,0.987118,7194.94,1.9052
1260,1.25767,7184.35,1.90718
1320,0.964033,7009.42,1.90526
1380,1.03346,7195.82,1.90295
1440,1.05062,7137.71,1.90692
1500,1.19272,7145.58,1.90609
1560,1.13859,7268.59,1.90584
1620,1.10951,7253.48,1.90569
1680,0.972098,7221.26,1.90469
1740,1.16444,7128.12,1.90629
1800,0.928007,7128.28,1.90261
1860,0.965551,7189.01,1.90528
1920,1.10133,7149.86,1.90517
1980,1.26339,7136.88,1.90151
2040,1.33419,7445.74,1.90365
2100,1.1427,7443.06,1.9055
2160,1.30547,7184.24,1.90512
2220,1.29898,7127.26,1.9074
2280,1.31866,7087.13,1.90606
2340,1.26836,7268.39,1.90674
2400,1.20688,7218.68,1.90312
2460,1.44307,7347.38,1.90497
2520,1.43365,7439.27,1.90418
2580,1.41012,7574.28,1.90494
2640,1.36167,7494.21,1.90603
2700,1.19532,7422.21,1.90646
2760,1.20854,7444.05,1.90582
2820,1.15436,7471.41,1.9058
2880,1.07721,7722.47,1.90607
2940,1.15351,7517.28,1.90267
3000,1.01521,7565.97,1.90419
3060,1.1593,7357.44,1.90234
3120,1.36344,7410.37,1.90305
3180,1.23378,7539.07,1.90518
3240,1.08719,7685.43,1.9057
3300,1.2988,7616.03,1.90597
3360,1.3721,8231.26,1.90425
3420,1.34426,8177.66,1.90498
3480,1.48595,7940.68,1.90735
3540,1.20453,7640.23,1.90255
3600,1.15018,7463.76,1.90272
3660,1.2392,7780.37,1.90507
3720,1.20484,7668.21,1.90348
3780,1.19479,8056.94,1.90454
3840,1.32811,7821.78,1.90661
3900,1.38829,7864.82,1.9071
3960,0.936903,8151.2,1.90445
4020,1.35011,7855.16,1.90482
4080,1.39479,7877.76,1.90533
4140,1.23571,8187.34,1.90452
4200,1.15232,8116.13,1.90551
4260,1.27125,8061.88,1.90318
4320,1.38984,8253.73,1.90389
4380,1.30605,8188.38,1.90741
4440,1.29873,8520.12,1.90536
4500,1.34179,8081.32,1.90483
4560,1.16061,8211.95,1.90653
4620,1.17626,8159.92,1.90603
4680,1.25635,8184.55,1.90392
4740,1.18157,7969.24,1.9051
4800,1.18246,7908.67,1.90241
4860,1.28063,7801.93,1.90391
4920,1.37952,7802.11,1.90633
4980,1.24768,7748.86,1.90559
5040,1.31226,7846.93,1.90422
5100,1.5346,8176.14,1.90409
5160,1.30366,8031.79,1.90241
5220,-9999.0,-9999.0,-9999.0
5280,-9999.0,-9999.0,-9999.0
5340,-9999.0,-9999.0,-9999.0
5400,-9999.0,-9999.0,-9999.0
5460,-9999.0,-9999.0,-9999.0
5520,-9999.0,-9999.0,-9999.0
5580,1.33051,7983.92,1.90403
5640,1.24202,8058.97,1.90416
5700,1.34963,8027.52,1.90613
5760,1.37397,8388.74,1.9046
5820,1.20741,8059.61,1.90658
5880,1.08163,7873.79,1.90577
5940,1.40356,8201.9,1.90651
6000,1.60707,8288.88,1.90634
6060,1.65606,8233.56,1.90719
6120,1.60387,8176.73,1.91049
6180,1.51161,8127.65,1.90652
6240,1.28032,8065.09,1.90508
6300,1.40925,8028.28,1.90618
6360,1.30812,8281.16,1.9072
6420,1.61921,8163.78,1.90779
6480,1.34704,8239.3,1.90798
6540,1.18082,8179.53,1.90846
6600,1.48018,8092.56,1.90869
6660,1.57811,8100.67,1.90789
6720,1.41856,8006.41,1.90781
6780,1.35041,8168.72,1.90871
6840,1.62816,8104.5,1.90475
6900,1.38523,8321.65,1.90728
6960,1.27128,8324.59,1.90701
7020,1.14056,7953.63,1.90934
7080,1.44273,8000.74,1.90891
7140,1.51163,8135.8,1.90788
7200,1.44812,8097.84,1.90847
7260,1.44168,8145.66,1.90693
7320,1.47266,8240.2,1.91041
7380,1.5079,8377.23,1.91146
7440,1.3737,8269.48,1.9095
7500,1.82669,8556.82,1.90864
7560,1.51833,8450.26,1.91312
7620,1.59849,8478.49,1.91131
7680,1.57894,8477.02,1.91153
7740,2.12976,8496.91,1.91615
7800,1.88703,8610.34,1.91594
7860,1.79988,8566.02,1.92105
7920,2.37479,8725.53,1.92573
7980,2.42438,8726.18,1.92415
8040,1.94716,8725.0,1.92232
8100,1.85821,8595.34,1.92043
8160,3.06808,8841.97,1.93985
8220,1.97641,8609.54,1.92488
8280,1.94123,8800.34,1.92264
8340,1.81416,8729.2,1.92216
8400,1.95018,8611.53,1.92206
8460,2.01555,8786.25,1.92276
8520,1.79306,8744.24,1.92091
8580,1.93875,8930.79,1.92235
8640,1.98943,8838.99,1.9241
8700,1.93044,8878.89,1.92465
8760,1.90444,9015.37,1.92373
8820,1.93896,9058.15,1.92364
8880,2.09149,9105.79,1.92536
8940,1.97805,9077.52,1.9296
9000,1.88498,9077.62,1.92857
9060,1.99486,9189.99,1.92714
9120,1.90905,8981.66,1.92744
9180,1.99382,9117.94,1.92928
9240,2.47655,9499.12,1.93341
9300,2.28595,9429.22,1.93123
9360,2.23075,9364.99,1.9327
9420,2.21429,9446.54,1.93359
9480,2.3043,9785.74,1.93757
9540,2.43735,9908.8,1.93621
9600,2.46932,9918.21,1.93808
9660,2.31304,9991.78,1.93798
9720,2.43402,10004.1,1.93782
9780,2.45315,9957.94,1.93725
9840,2.47169,9922.38,1.93439
9900,2.64414,10093.3,1.93817
9960,2.42257,10086.5,1.93408
10020,2.51287,10112.9,1.93474
10080,2.50456,10120.8,1.93425
10140,2.535,10085.5,1.93793
10200,2.8821,10150.0,1.93767
10260,2.48812,10089.7,1.93827
10320,2.60878,10205.5,1.9374
10380,2.72762,10277.2,1.9399
10440,2.50632,10246.3,1.93609
10500,2.52252,10212.4,1.93705
10560,2.58577,10311.1,1.93777
10620,2.57806,10231.0,1.93583
10680,2.56067,10225.3,1.93567
10740,2.56169,10258.2,1.93602
10800,2.62556,10064.7,1.93132
10860,2.76321,10236.5,1.93533
10920,2.59499,10132.8,1.93245
10980,2.58455,10263.0,1.93468
11040,2.39299,10163.4,1.93291
11100,2.14191,9988.39,1.93305
11160,2.22048,9916.21,1.93025
11220,2.31528,9954.81,1.93251
11280,2.42441,10071.9,1.93252
11340,2.48324,10132.0,1.9334
11400,2.57475,10147.6,1.93218
11460,2.41524,10019.6,1.93308
11520,2.21153,10123.1,1.93321
11580,2.29078,9949.49,1.93223
11640,2.15033,9940.02,1.93046
11700,2.22849,9838.1,1.92987
11760,2.25725,9757.14,1.92875
11820,2.21689,9816.04,1.9294
11880,2.20442,9836.97,1.9286
11940,1.9875,9809.76,1.92928
12000,1.99373,9559.15,1.92791
12060,1.71139,9788.58,1.9268
12120,1.95346,9680.88,1.92607
12180,1.758,9638.39,1.92829
12240,1.82507,9526.02,1.92736
12300,1.9619,9559.11,1.92882
12360,1.85572,9534.33,1.92996
12420,1.98915,9595.45,1.93071
12480,1.61617,9424.98,1.92561
12540,1.92536,9373.24,1.92687
12600,1.64246,9363.37,1.92587
12660,1.79937,9333.01,1.9245
12720,1.72902,9269.11,1.92485
12780,1.67657,9212.88,1.92437
12840,1.67141,9177.49,1.92126
12900,1.68187,9162.38,1.92344
12960,1.69818,9074.11,1.92365
13020,1.34103,9017.24,1.92153
13080,1.73282,9376.9,1.9196
13140,1.61924,9299.98,1.92037
13200,1.7306,9232.61,1.92191
13260,1.67319,9313.1,1.92525
13320,2.18512,9717.7,1.93923
13380,2.20094,9857.5,1.94294
13440,2.21407,9990.13,1.94527
13500,1.85951,9463.89,1.93409
13560,2.2409,9495.16,1.93757
13620,1.77161,9194.72,1.9298
13680,1.64297,8831.75,1.92402
13740,1.64518,8613.73,1.92025
13800,1.35385,8614.81,1.921
13860,1.64826,8958.37,1.92305
13920,1.496,8916.51,1.92244
13980,1.78247,8862.49,1.92089
14040,1.47132,9525.84,1.9221
14100,1.97986,9573.71,1.93917
14160,2.11645,9756.4,1.93721
14220,2.37533,9805.11,1.93204
14280,2.94835,10089.6,1.93466
14340,2.72645,10408.0,1.93609
14400,2.03043,9582.21,1.93812
14460,2.05273,9519.57,1.93622
14520,2.21809,9451.88,1.94232
14580,2.06276,9603.19,1.94611
14640,2.19973,9958.1,1.96038
14700,2.42779,10058.8,1.95752
14760,2.1366,9766.68,1.95485
14820,1.95625,9842.35,1.95424
14880,1.87137,9529.67,1.94492
14940,1.96981,9564.91,1.94078
15000,1.90915,9665.63,1.94058
15060,2.17908,10186.5,1.94339
15120,2.2707,9921.74,1.94203
15180,2.28128,9905.0,1.94245
15240,2.04569,9731.78,1.94424
15300,2.07972,9694.08,1.94218
15360,2.03482,9648.83,1.94034
15420,2.15198,9494.26,1.93774
15480,1.9715,9526.86,1.93571
15540,1.93973,9504.26,1.93608
15600,1.7083,9426.93,1.9344
15660,1.71616,9550.17,1.9375
15720,1.83121,9649.59,1.93341
15780,1.61469,9344.86,1.93402
15840,1.51307,9140.12,1.92914
15900,1.57851,9354.02,1.92721
15960,1.64341,8994.92,1.92628
16020,1.68215,8868.76,1.92851
16080,1.8668,9284.25,1.93008
16140,2.04666,9218.7,1.93642
16200,2.13241,9285.95,1.93337
16260,1.77675,9385.95,1.9316
16320,1.71643,9301.3,1.93499
16380,1.95117,9325.07,1.93432
16440,1.93971,9284.42,1.93217
16500,1.61418,9030.76,1.92999
16560,1.49436,9065.13,1.9283
16620,1.62036,9127.73,1.93483
16680,1.5005,9269.91,1.93439
16740,1.57332,9201.36,1.93448
16800,1.56884,9088.78,1.93445
16860,1.69383,8870.1,1.93277
16920,1.48288,9028.95,1.93115
16980,1.70809,9126.85,1.93196
17040,1.8205,9146.24,1.9358
17100,1.64678,9217.46,1.9312
17160,1.64109,9106.18,1.93301
17220,1.77301,9337.46,1.93555
17280,1.45868,9330.22,1.93535
17340,1.81077,9489.33,1.93447
17400,1.61285,9280.93,1.93311
17460,1.81333,9309.2,1.93583
17520,1.60386,9328.84,1.93498
17580,1.46331,9207.76,1.93149
17640,1.56177,9330.34,1.93449
17700,1.67808,9290.35,1.93752
17760,1.69273,9365.41,1.9378
17820,1.421,9389.13,1.93837
17880,1.80664,9548.3,1.94229
17940,1.79757,9880.11,1.9518
18000,1.89678,9777.83,1.96993
18060,1.81865,10131.4,1.97156
18120,1.75535,10020.0,1.96722
18180,1.88053,9580.88,1.95251
18240,1.91133,10035.9,1.95896
18300,1.65674,9334.57,1.94493
18360,1.41582,9461.86,1.95134
18420,1.73618,9573.93,1.95719
18480,1.77759,9788.38,1.95794
18540,1.76144,10026.6,1.96714
18600,1.95389,9768.28,1.9696
18660,1.59363,9569.68,1.9503
18720,1.46694,9431.07,1.94259
18780,1.73389,9484.7,1.94281
18840,1.48053,9282.81,1.94573
18900,1.77272,9386.97,1.94456
18960,1.49275,9150.7,1.93824
19020,1.66015,9023.42,1.93116
19080,1.20472,9233.57,1.93668
19140,1.54425,9408.2,1.93872
19200,1.38865,9566.66,1.93152
19260,1.67043,9612.85,1.93963
19320,1.57038,9300.42,1.93219
19380,1.44221,9176.76,1.92972
19440,1.42063,9085.19,1.93085
19500,1.56059,9434.68,1.93379
19560,1.60463,9619.61,1.93947
19620,1.55558,9262.18,1.93841
19680,1.37871,9031.68,1.93437
19740,1.3526,9194.67,1.93499
19800,1.42593,8940.82,1.93152
19860,1.32778,9205.35,1.9389
19920,1.57105,9613.96,1.93112
19980,1.38053,9140.58,1.92849
20040,1.28754,8991.09,1.92689
20100,1.35331,9178.45,1.92726
20160,1.79805,9116.47,1.92849
20220,1.27879,9389.95,1.92721
20280,1.36186,9471.25,1.93136
20340,1.4378,9314.76,1.92942
20400,1.34465,9554.76,1.9316
20460,1.27341,9150.29,1.93653
20520,1.28419,9637.33,1.94113
20580,1.53379,9720.38,1.95061
20640,1.63546,9579.09,1.93599
20700,1.2786,9320.04,1.93846
20760,1.48342,8874.17,1.93269
20820,1.19365,9255.09,1.93432
20880,1.62447,9603.75,1.94495
20940,1.64169,9526.26,1.93908
21000,1.67033,9527.28,1.93947
21060,1.38418,9286.32,1.94226
21120,1.42566,9235.87,1.94294
21180,1.20559,9273.23,1.94112
21240,1.42677,9176.58,1.94203
21300,1.51035,9108.08,1.93902
21360,1.60919,9326.12,1.93725
21420,1.44072,9180.13,1.9351
21480,1.3377,9227.58,1.93431
21540,1.52436,9378.65,1.93475
21600,1.46534,9192.36,1.93628
21660,1.35771,9345.23,1.93777
21720,1.58706,9250.78,1.93954
21780,1.58323,9177.5,1.9348
21840,1.25257,8975.8,1.93319
21900,1.18421,8973.14,1.93362
21960,1.32337,8968.55,1.93312
22020,1.41443,9452.8,1.93812
22080,1.29238,9364.35,1.94395
22140,1.15956,9172.12,1.93593
22200,1.17772,8961.43,1.93291
22260,1.42946,9178.23,1.93508
22320,1.4672,9328.3,1.93848
22380,1.3021,9349.14,1.93563
22440,1.26019,9161.5,1.9348
22500,1.32032,9413.28,1.939
22560,1.44575,9336.23,1.94272
22620,1.27304,9021.76,1.93428
22680,1.46018,9181.84,1.93938
22740,1.44383,9293.24,1.93612
22800,1.59796,9452.66,1.94083
22860,1.43229,9348.39,1.93945
22920,1.50382,9422.21,1.94434
22980,1.69365,9545.37,1.94384
23040,1.60301,9490.51,1.94065
23100,1.57718,9522.41,1.9406
23160,1.42739,9614.67,1.94623
23220,1.70511,9723.12,1.94375
23280,1.61688,9822.46,1.94467
23340,1.5432,9785.59,1.94313
23400,1.55279,9785.99,1.9467
23460,1.43259,9705.26,1.94178
23520,1.4695,9653.58,1.93989
23580,1.75353,9859.96,1.93996
23640,1.77407,9780.16,1.94272
23700,1.87736,9917.55,1.95562
23760,2.12866,10114.6,1.96819
23820,1.8655,9993.4,1.96839
23880,2.02745,10189.9,1.96597
23940,1.93759,9939.05,1.96438
24000,1.62627,9948.17,1.96978
24060,1.59642,9658.07,1.9747
24120,1.70625,9694.59,1.9793
24180,1.87903,9765.05,1.9841
24240,1.67474,9770.8,1.98678
24300,1.77108,9863.1,1.9934
24360,1.91309,9934.21,2.00189
24420,1.799,9905.12,2.00248
24480,1.77107,10017.4,1.9972
24540,1.879,10060.2,1.99387
24600,1.79062,9975.59,1.99352
24660,1.98601,10343.6,1.99749
24720,1.78478,9912.45,2.00018
24780,1.6031,9409.01,2.00487
24840,1.60066,9751.12,2.00539
24900,1.63431,9482.01,2.00715
24960,1.2966,9127.43,2.00232
25020,1.56137,9298.56,2.0028
25080,1.44237,8842.98,1.98655
25140,1.52545,8856.93,1.98529
25200,1.56642,9098.15,1.99056
25260,1.4094,8951.48,1.9811
25320,1.47181,8782.98,1.97893
25380,1.46813,9132.1,1.98038
25440,1.22289,8642.33,1.97905
25500,1.33334,8039.91,1.96676
25560,1.17206,8095.87,1.96716
25620,1.2463,8128.9,1.96955
25680,1.22617,8126.96,1.97245
25740,1.37959,8355.82,1.97233
25800,1.3228,8482.59,1.97299
25860,1.05993,8321.78,1.971
25920,1.01171,8409.12,1.9678
25980,1.28961,8212.95,1.96569
26040,1.13387,8671.09,1.96629
26100,1.31904,8581.89,1.96675
26160,1.4069,8600.07,1.96525
26220,1.24831,8610.01,1.96961
26280,1.15386,8650.18,1.96962
26340,1.35301,8495.42,1.96808
26400,1.27693,8683.01,1.97598
26460,1.11287,8558.13,1.97008
26520,0.970473,8528.33,1.96709
26580,1.52086,9051.61,1.97612
26640,1.14025,9058.52,1.97503
26700,1.61522,8979.64,1.98149
26760,1.3817,8755.2,1.97281
26820,1.15635,8747.11,1.97272
26880,1.37862,8921.64,1.97301
26940,1.22592,8589.04,1.9688
27000,1.23274,8596.57,1.96875
27060,1.37245,9270.64,1.97623
27120,1.44011,9314.5,1.97634
27180,1.41717,9336.79,1.98845
27240,1.61344,9482.74,1.98744
27300,1.38477,9346.96,1.9803
27360,1.47512,9225.39,1.98046
27420,1.52354,9183.19,1.97809
27480,1.58518,9611.88,1.98632
27540,1.48445,9819.61,1.98417
27600,1.42899,9515.43,1.98181
27660,1.56172,9416.78,1.98517
27720,1.63564,9433.33,1.98551
27780,1.60815,9232.64,1.98093
27840,1.46844,9143.44,1.97616
27900,1.17969,9282.57,1.97803
27960,1.54486,9433.96,1.98166
28020,1.60609,9479.93,1.98306
28080,1.51863,9479.8,1.98
28140,1.74003,9589.75,1.97902
28200,1.79989,9614.03,1.98176
28260,1.59404,9293.38,1.97515
28320,1.86677,9674.45,1.98065
28380,1.53385,9573.2,1.97721
28440,1.5978,9424.02,1.97617
28500,1.69314,9420.72,1.97993
28560,1.77442,9698.46,1.9826
28620,1.68648,9679.36,1.98734
28680,1.5226,9623.51,1.98807
28740,1.7167,10537.1,1.9837
28800,1.89987,10192.0,1.98542
28860,1.91086,10338.7,1.9872
28920,1.6544,10281.3,1.99613
28980,1.746,10128.5,2.00924
29040,1.84806,10471.2,1.99693
29100,1.873,10716.8,1.99344
29160,1.78014,10557.6,1.99449
29220,1.73757,10402.1,2.00502
29280,1.79866,10364.2,2.00878
29340,1.80047,10368.0,2.00903
29400,1.93147,10152.3,2.00653
29460,1.855,10261.6,2.00709
29520,1.92607,10374.0,2.00625
29580,2.03474,10252.8,2.00503
29640,2.02882,10327.4,2.00968
29700,1.9805,10451.4,2.02269
29760,1.92868,10537.1,2.01278
29820,1.90881,10580.6,2.01772
29880,1.64609,10355.5,2.02421
29940,1.83273,10602.1,2.02399
30000,1.72775,10576.4,2.02354
30060,1.77535,10587.1,2.02591
30120,1.63628,10468.9,2.0132
30180,1.7116,10367.2,2.00469
30240,1.9229,10529.2,2.00684
30300,1.87473,10279.2,2.00019
30360,1.75203,10644.7,2.01027
30420,1.76296,10708.0,2.01141
30480,1.87254,10403.3,2.00422
30540,1.76376,10267.0,2.00578
30600,1.3568,9759.59,1.98351
30660,1.61271,10218.2,1.99581
30720,1.7588,10475.8,2.00464
30780,1.62203,10474.6,1.99836
30840,1.69671,10220.0,1.99725
30900,1.81137,10207.8,1.99411
30960,1.6989,9944.32,1.9844
31020,1.38293,10064.2,1.98802
31080,1.7645,10279.6,1.99312
31140,1.71679,10219.2,1.99308
31200,1.75264,10151.4,1.98972
31260,1.64996,10045.1,1.98992
31320,1.7183,10240.7,1.98864
31380,1.81055,10316.8,1.99289
31440,1.73589,10273.0,1.99355
31500,1.65426,10094.8,1.99461
31560,1.85854,10395.9,2.00302
31620,1.65482,10177.5,1.97942
31680,1.56944,10179.2,1.98256
31740,1.78142,10466.3,1.98846
31800,1.71489,10428.7,1.99437
31860,1.73565,10092.3,1.98348
31920,1.72034,10279.5,1.98174
31980,1.48288,10020.2,1.97636
32040,1.23796,9672.38,1.96684
32100,1.23631,10365.6,1.97279
32160,1.45191,10127.1,1.97058
32220,1.57434,9556.64,1.96336
32280,1.41561,9727.46,1.96721
32340,1.5204,9930.28,1.96674
32400,1.44833,10020.8,1.96843
32460,1.56833,9974.01,1.97027
32520,1.4521,10016.5,1.96997
32580,1.39838,10066.4,1.97181
32640,1.47209,9995.09,1.96815
