CampaignData_and_Merges/R0/CSL_MobileLab_Parked/raw/20240816/USOS-MetNav_MobileLabGround_20240816_R0.ict
44, 1001
Carrie Womack, Nate Howard, Mike Zucker
NOAA Chemical Sciences Laboratory
Mobile Lab MetNav Station
USOS
1, 1
2024, 08, 16, 2024, 12, 21
60
Time_Start, seconds_past_midnight, Seconds from midnight UTC
11
1, 1, 1, 1, 1, 1, 1, 1, 1, 1, 1
-9999, -9999, -9999, -9999, -9999, -9999, -9999, -9999, -9999, -9999, -9999
GPS_Alt_m, meters, Altitude from Differential GPS
GPS_Course_deg, degrees, Course from Differential GPS
GPS_GndSpd_m_s, m/s, Ground Speed from Differential GPS
GPS_Heading_deg, degrees, Heading from Differential GPS
GPS_Lat_deg, degrees, Latitude from Differential GPS
GPS_Lon_deg, degrees, Longitude from Differential GPS
AirTemp_C, Celsius, Air Temperature from Airmar
RelHumidity_pct, percent, Relative Humidity from Airmar
Pressure_mb, millibars, Pressure from Honeywell
WindDir_calc_deg, degrees, Wind Direction from Airmar corrected for van movement
WindSpd_calc_m_s, m/s, Wind Speed from Airmar corrected for van movement
1
SPECIAL COMMENTS:
18
PI_CONTACT_INFO: Address: 325 Broadway R/CSL7, Boulder, CO, 80305
PLATFORM: CSL Mobile Lab
LOCATION: Salt Lake City, UT
ASSOCIATED_DATA: N/A
INSTRUMENT_INFO: N/A
DATA_INFO: Units:
UNCERTAINTY: N/A
ULOD_FLAG: -7777
ULOD_VALUE: N/A
LLOD_FLAG: -8888
LLOD_VALUE: N/A
DM_CONTACT_INFO: Data Manager: Nate Howard
PROJECT_INFO: 
STIPULATIONS_ON_USE: Use of these data require prior ok from PI.
OTHER_COMMENTS: 
REVISION: R0
R0: Final data. Fixed bug in wind averaging code. RA: Preliminary Data. For in-field use only. 
Time_Start, GPS_Alt_m, GPS_Course_deg, GPS_GndSpd_m_s, GPS_Heading_deg, GPS_Lat_deg, GPS_Lon_deg, AirTemp_C, RelHumidity_pct, Pressure_mb, WindDir_calc_deg, WindSpd_calc_m_s
[from data line 417]
25020.0,1309.2,0.71,0.05,0.71,40.73434,-111.87210,20.9,28.0,874.4,141.64,1.9
25080.0,1309.2,0.78,0.05,0.78,40.73434,-111.87210,21.0,28.3,874.4,131.94,1.2
25140.0,1309.2,0.58,0.04,0.58,40.73434,-111.87210,21.1,28.0,874.3,135.89,1.1
25200.0,1309.1,0.58,0.05,0.58,40.73434,-111.87210,21.2,29.2,874.3,122.09,1.9
25260.0,1309.1,0.79,0.05,0.79,40.73434,-111.87210,21.2,28.7,874.3,120.95,1.8
25320.0,1309.1,0.49,0.04,0.49,40.73434,-111.87210,21.2,27.7,874.2,124.14,1.1
25380.0,1309.2,0.73,0.05,0.73,40.73434,-111.87210,21.3,28.4,874.2,117.57,1.3
25440.0,1309.3,0.55,0.05,0.55,40.73434,-111.87210,21.4,27.5,874.3,165.50,1.4
25500.0,1309.3,0.98,0.05,0.98,40.73434,-111.87210,21.7,23.9,874.3,177.08,1.9
25560.0,1309.2,0.76,0.04,0.76,40.73434,-111.87210,22.1,23.6,874.3,182.83,2.1
25620.0,1309.3,0.13,0.05,0.13,40.73434,-111.87210,22.4,23.2,874.3,161.35,0.7
25680.0,1309.4,359.84,0.04,359.84,40.73434,-111.87210,22.7,22.8,874.3,158.51,1.2
25740.0,1309.5,359.85,0.04,359.85,40.73434,-111.87210,22.8,24.5,874.3,127.14,1.0
25800.0,1309.7,359.46,0.04,359.46,40.73434,-111.87210,22.9,23.8,874.3,124.62,1.2
25860.0,1309.9,359.56,0.05,359.56,40.73434,-111.87210,22.9,23.8,874.4,104.75,0.6
25920.0,1309.9,359.74,0.04,359.74,40.73434,-111.87210,23.0,23.4,874.4,107.70,0.4
25980.0,1309.8,359.72,0.05,359.72,40.73434,-111.87210,23.2,22.8,874.4,210.19,0.6
26040.0,1309.7,0.45,0.05,0.45,40.73434,-111.87210,23.2,24.3,874.4,124.91,1.1
26100.0,1309.6,0.82,0.05,0.82,40.73434,-111.87210,23.3,23.9,874.4,59.93,0.3
26160.0,1309.5,1.03,0.05,1.03,40.73434,-111.87210,23.3,23.6,874.5,136.74,0.5
26220.0,1309.5,1.24,0.05,1.24,40.73434,-111.87210,23.3,23.8,874.5,56.23,0.3
26280.0,1309.5,1.34,0.05,1.34,40.73434,-111.87210,23.3,23.6,874.5,134.27,0.5
26340.0,1309.5,1.25,0.06,1.25,40.73434,-111.87210,23.4,23.1,874.5,95.86,0.6
26400.0,1309.4,1.07,0.05,1.07,40.73434,-111.87210,23.3,23.9,874.5,96.49,0.7
26460.0,1309.3,1.07,0.06,1.07,40.73434,-111.87210,23.2,23.8,874.4,99.40,0.6
26520.0,1309.3,0.87,0.05,0.87,40.73434,-111.87210,23.2,23.5,874.5,112.72,0.8
26580.0,1309.2,0.95,0.05,0.95,40.73434,-111.87210,23.0,25.1,874.5,115.32,1.5
26640.0,1309.1,0.94,0.05,0.94,40.73434,-111.87210,22.9,24.5,874.5,117.95,1.7
26700.0,1309.0,1.25,0.04,1.25,40.73434,-111.87210,22.8,24.7,874.5,115.93,1.1
26760.0,1309.0,1.45,0.05,1.45,40.73434,-111.87210,22.8,24.7,874.5,105.53,0.9
26820.0,1309.1,1.15,0.05,1.15,40.73434,-111.87210,22.8,24.8,874.4,112.65,1.2
26880.0,1309.1,1.27,0.05,1.27,40.73434,-111.87210,22.7,24.8,874.5,111.07,1.1
26940.0,1309.0,1.20,0.05,1.20,40.73434,-111.87210,22.7,24.1,874.5,105.73,1.1
27000.0,1308.9,1.51,0.05,1.51,40.73434,-111.87210,22.7,23.9,874.5,116.54,0.8
27060.0,1308.9,1.40,0.05,1.40,40.73434,-111.87210,22.6,25.6,874.5,123.82,1.7
27120.0,1308.8,1.15,0.05,1.15,40.73434,-111.87210,22.6,25.8,874.5,130.82,1.0
27180.0,1308.8,1.53,0.05,1.53,40.73434,-111.87210,22.5,25.9,874.5,129.67,1.2
27240.0,1308.7,1.67,0.04,1.67,40.73434,-111.87210,22.4,26.4,874.5,126.51,0.8
27300.0,1308.8,0.98,0.06,0.98,40.73434,-111.87210,22.4,26.2,874.5,129.08,0.6
27360.0,1308.6,0.26,0.06,0.26,40.73434,-111.87210,22.3,26.1,874.5,136.59,0.8
27420.0,1308.5,0.63,0.04,0.63,40.73434,-111.87210,22.4,26.7,874.5,145.30,0.9
27480.0,1308.4,1.00,0.04,1.00,40.73434,-111.87210,22.3,26.9,874.6,159.84,1.0
27540.0,1308.3,0.89,0.05,0.89,40.73434,-111.87210,22.2,27.7,874.6,121.82,1.0
27600.0,1308.3,0.96,0.05,0.96,40.73434,-111.87210,22.1,27.3,874.6,116.05,1.3
27660.0,1308.3,0.79,0.04,0.79,40.73434,-111.87210,22.0,27.1,874.6,115.84,1.4
27720.0,1308.3,0.26,0.05,0.26,40.73434,-111.87210,22.0,26.9,874.6,107.63,0.9
27780.0,1308.3,359.87,0.05,359.87,40.73434,-111.87210,22.0,26.1,874.6,117.86,0.8
27840.0,1308.3,0.02,0.04,0.02,40.73434,-111.87210,21.9,25.8,874.6,128.60,1.0
27900.0,1308.3,359.42,0.05,359.42,40.73434,-111.87210,21.9,26.7,874.6,119.21,0.6
27960.0,1308.3,359.74,0.05,359.74,40.73434,-111.87211,21.9,26.9,874.6,96.92,0.5
28020.0,1308.3,359.91,0.05,359.91,40.73434,-111.87211,21.8,27.4,874.5,74.32,0.3
28080.0,1308.3,0.05,0.05,0.05,40.73434,-111.87210,21.8,27.1,874.5,97.92,0.2
28140.0,1308.3,0.22,0.05,0.22,40.73434,-111.87211,21.6,27.0,874.5,35.90,0.5
28200.0,1308.4,359.76,0.05,359.76,40.73434,-111.87211,21.7,27.3,874.5,130.73,0.4
28260.0,1308.5,359.41,0.05,359.41,40.73434,-111.87211,21.6,27.0,874.5,116.89,0.3
28320.0,1308.8,0.14,0.05,0.14,40.73434,-111.87211,21.6,27.4,874.6,123.50,0.6
28380.0,1309.1,0.59,0.05,0.59,40.73434,-111.87211,21.5,27.3,874.6,78.24,0.5
28440.0,1309.4,0.15,0.05,0.15,40.73434,-111.87211,21.3,27.3,874.6,89.26,0.5
28500.0,1309.3,0.56,0.05,0.56,40.73434,-111.87211,21.3,27.5,874.6,129.58,0.7
28560.0,1309.0,0.69,0.04,0.69,40.73434,-111.87211,21.2,28.0,874.6,109.77,0.6
28620.0,1309.0,0.12,0.04,0.12,40.73434,-111.87211,21.2,27.5,874.6,117.28,0.8
28680.0,1309.1,0.69,0.05,0.69,40.73434,-111.87211,21.2,27.9,874.7,136.05,0.8
28740.0,1309.0,0.17,0.05,0.17,40.73434,-111.87210,21.2,29.1,874.7,145.98,0.3
28800.0,1309.0,0.15,0.05,0.15,40.73434,-111.87211,21.2,28.7,874.7,164.48,0.4
28860.0,1309.0,0.63,0.05,0.63,40.73434,-111.87211,21.1,29.7,874.7,321.84,0.1
28920.0,1309.0,0.64,0.05,0.64,40.73434,-111.87211,21.1,29.7,874.7,80.14,0.4
28980.0,1309.3,0.37,0.05,0.37,40.73434,-111.87211,21.1,29.2,874.7,26.39,0.2
29040.0,1309.4,0.08,0.05,0.08,40.73434,-111.87211,21.0,29.5,874.8,113.42,0.4
29100.0,1309.3,0.72,0.05,0.72,40.73434,-111.87211,21.0,30.1,874.8,125.41,0.5
29160.0,1309.0,0.60,0.05,0.60,40.73434,-111.87211,20.9,29.7,874.8,75.76,0.4
29220.0,1308.7,0.33,0.07,0.33,40.73434,-111.87211,20.7,30.0,874.8,58.52,0.3
29280.0,1308.8,359.81,0.06,359.81,40.73434,-111.87211,20.6,29.5,874.9,77.56,0.4
29340.0,1308.9,359.86,0.06,359.86,40.73434,-111.87211,20.6,29.5,874.9,109.03,0.4
29400.0,1308.7,0.68,0.06,0.68,40.73434,-111.87211,20.5,29.4,874.9,115.02,0.5
29460.0,1308.7,0.42,0.05,0.42,40.73434,-111.87211,20.4,29.7,874.9,87.02,0.4
29520.0,1308.8,0.16,0.05,0.16,40.73434,-111.87211,20.4,30.2,874.9,110.94,0.6
29580.0,1308.8,0.83,0.05,0.83,40.73434,-111.87211,20.3,30.1,875.0,127.62,0.7
29640.0,1308.8,1.32,0.05,1.32,40.73434,-111.87211,20.3,30.3,875.0,134.24,1.0
29700.0,1308.9,0.91,0.05,0.91,40.73434,-111.87211,20.2,31.0,875.0,132.39,1.2
29760.0,1308.9,1.09,0.05,1.09,40.73434,-111.87211,20.1,31.1,875.0,122.37,1.8
29820.0,1308.7,1.82,0.05,1.82,40.73434,-111.87211,20.0,31.5,875.0,113.26,1.2
29880.0,1308.6,2.42,0.06,2.42,40.73434,-111.87211,19.9,31.4,874.9,113.85,0.8
29940.0,1308.7,3.03,0.05,3.03,40.73434,-111.87211,19.9,31.5,874.9,206.64,0.4
30000.0,1308.7,2.65,0.05,2.65,40.73434,-111.87211,19.9,31.8,875.0,151.20,1.4
30060.0,1308.8,2.05,0.05,2.05,40.73434,-111.87211,19.8,32.0,875.0,123.18,2.0
30120.0,1308.8,1.69,0.05,1.69,40.73434,-111.87211,19.7,32.0,875.0,129.92,1.6
30180.0,1308.9,1.73,0.04,1.73,40.73434,-111.87211,19.7,31.9,875.0,135.36,1.8
30240.0,1308.9,1.42,0.04,1.42,40.73434,-111.87211,19.7,32.4,874.9,98.39,0.5
30300.0,1309.0,0.95,0.05,0.95,40.73434,-111.87211,19.7,31.5,875.0,82.31,0.5
30360.0,1308.9,0.60,0.05,0.60,40.73434,-111.87211,19.7,32.2,875.0,104.32,0.6
30420.0,1308.8,1.21,0.05,1.21,40.73434,-111.87211,19.6,32.5,875.0,230.50,0.9
30480.0,1309.0,1.09,0.05,1.09,40.73434,-111.87211,19.6,32.8,875.0,118.81,0.9
30540.0,1309.1,0.96,0.04,0.96,40.73434,-111.87211,19.6,31.8,875.0,89.15,0.6
30600.0,1309.3,1.05,0.05,1.05,40.73434,-111.87211,19.6,31.7,875.1,129.16,1.2
30660.0,1309.3,1.13,0.05,1.13,40.73434,-111.87211,19.6,31.8,875.1,140.99,1.8
30720.0,1309.2,0.72,0.05,0.72,40.73434,-111.87211,19.6,32.7,875.1,138.35,1.2
30780.0,1309.2,0.51,0.05,0.51,40.73434,-111.87211,19.5,32.9,875.1,66.58,0.5
30840.0,1309.1,0.65,0.05,0.65,40.73434,-111.87211,19.5,32.3,875.1,66.59,0.4
30900.0,1309.0,0.63,0.05,0.63,40.73434,-111.87211,19.5,31.9,875.1,96.12,0.5
30960.0,1308.8,0.54,0.05,0.54,40.73434,-111.87211,19.5,31.6,875.1,117.53,1.0
31020.0,1308.9,1.16,0.05,1.16,40.73434,-111.87211,19.5,31.6,875.2,129.44,0.9
31080.0,1309.0,1.56,0.04,1.56,40.73434,-111.87211,19.5,31.8,875.2,132.27,1.1
31140.0,1308.9,1.89,0.04,1.89,40.73434,-111.87211,19.5,31.9,875.2,110.23,0.6
31200.0,1309.0,1.97,0.05,1.97,40.73434,-111.87211,19.5,31.9,875.2,124.35,1.0
31260.0,1308.9,1.42,0.05,1.42,40.73434,-111.87211,19.5,31.7,875.2,128.73,1.4
31320.0,1309.3,1.15,0.06,1.15,40.73434,-111.87211,19.5,31.9,875.3,131.58,1.4
31380.0,1309.1,1.31,0.05,1.31,40.73434,-111.87211,19.5,32.2,875.3,132.93,1.1
31440.0,1309.0,1.01,0.04,1.01,40.73434,-111.87211,19.5,32.2,875.3,141.22,1.1
31500.0,1309.1,0.74,0.04,0.74,40.73434,-111.87211,19.5,32.4,875.3,124.38,1.2
31560.0,1309.3,0.57,0.04,0.57,40.73434,-111.87211,19.4,32.5,875.3,99.08,0.6
31620.0,1309.4,0.76,0.05,0.76,40.73434,-111.87211,19.4,31.6,875.4,67.79,0.5
31680.0,1309.4,0.46,0.05,0.46,40.73434,-111.87211,19.3,32.0,875.3,103.08,0.7
31740.0,1309.8,0.59,0.05,0.59,40.73434,-111.87211,19.4,32.7,875.3,127.35,0.2
31800.0,1310.2,0.97,0.06,0.97,40.73433,-111.87211,19.4,32.4,875.4,66.80,0.0
31860.0,1310.3,1.27,0.05,1.27,40.73433,-111.87211,19.5,32.0,875.4,82.61,0.2
31920.0,1310.3,1.22,0.05,1.22,40.73433,-111.87211,19.5,32.5,875.5,139.09,0.6
31980.0,1310.3,0.55,0.05,0.55,40.73433,-111.87211,19.5,32.1,875.5,129.70,1.1
32040.0,1310.3,0.76,0.05,0.76,40.73433,-111.87211,19.5,31.1,875.5,117.71,1.4
32100.0,1310.3,1.00,0.05,1.00,40.73433,-111.87210,19.6,31.1,875.5,109.43,1.7
32160.0,1310.6,0.63,0.06,0.63,40.73433,-111.87211,19.6,31.5,875.6,110.54,1.2
32220.0,1310.7,0.41,0.05,0.41,40.73433,-111.87210,19.6,30.3,875.5,112.62,2.0
32280.0,1310.6,0.26,0.05,0.26,40.73433,-111.87210,19.7,30.2,875.5,102.70,1.3
32340.0,1310.7,359.92,0.05,359.92,40.73433,-111.87210,19.7,30.4,875.6,103.39,0.7
32400.0,1310.7,359.97,0.05,359.97,40.73433,-111.87210,19.6,30.8,875.6,93.97,0.5
32460.0,1310.6,359.79,0.05,359.79,40.73433,-111.87210,19.7,30.6,875.6,101.25,0.4
32520.0,1310.9,359.23,0.05,359.23,40.73433,-111.87211,19.6,30.5,875.6,101.92,0.5
32580.0,1310.9,359.81,0.06,359.81,40.73433,-111.87211,19.6,31.0,875.6,103.97,0.7
32640.0,1310.7,359.76,0.05,359.76,40.73433,-111.87211,19.6,31.0,875.6,88.68,0.5
32700.0,1310.4,359.69,0.06,359.69,40.73434,-111.87210,19.6,30.7,875.7,110.59,0.3
32760.0,1310.2,359.64,0.06,359.64,40.73434,-111.87210,19.6,30.6,875.6,135.96,0.5
32820.0,1310.2,359.18,0.06,359.18,40.73434,-111.87210,19.6,30.7,875.7,107.06,0.5
32880.0,1310.3,359.46,0.05,359.46,40.73434,-111.87210,19.5,31.2,875.7,124.04,0.8
32940.0,1310.0,359.63,0.05,359.63,40.73434,-111.87210,19.5,31.5,875.7,116.02,1.0
33000.0,1309.6,0.33,0.06,0.33,40.73434,-111.87210,19.5,31.9,875.7,117.50,0.4
33060.0,1309.3,0.38,0.05,0.38,40.73434,-111.87210,19.4,31.3,875.7,15.90,0.1
33120.0,1309.5,0.27,0.06,0.27,40.73434,-111.87210,19.4,31.4,875.7,66.93,0.3
33180.0,1309.6,0.93,0.05,0.93,40.73434,-111.87210,19.4,31.1,875.8,69.37,0.4
33240.0,1309.7,0.77,0.06,0.77,40.73434,-111.87211,19.4,31.0,875.8,118.09,0.7
33300.0,1309.4,0.53,0.06,0.53,40.73434,-111.87211,19.3,31.0,875.8,118.60,0.5
33360.0,1309.0,1.03,0.06,1.03,40.73434,-111.87211,19.3,30.6,875.8,108.18,0.5
33420.0,1309.0,0.51,0.05,0.51,40.73434,-111.87211,19.3,30.9,875.8,118.32,1.7
33480.0,1309.2,359.99,0.05,359.99,40.73434,-111.87211,19.3,31.5,875.8,123.28,1.4
33540.0,1309.2,0.62,0.05,0.62,40.73434,-111.87211,19.3,31.7,875.8,101.74,0.3
33600.0,1309.2,1.64,0.04,1.64,40.73434,-111.87210,19.2,31.4,875.8,82.49,0.3
33660.0,1309.2,1.53,0.05,1.53,40.73434,-111.87210,19.2,31.7,875.8,117.35,0.8
33720.0,1309.2,0.98,0.04,0.98,40.73434,-111.87210,19.2,31.8,875.9,104.01,0.6
33780.0,1309.0,0.98,0.05,0.98,40.73434,-111.87210,19.2,32.2,875.9,117.79,0.6
33840.0,1309.0,1.24,0.05,1.24,40.73435,-111.87210,19.2,32.0,875.9,120.56,0.6
33900.0,1309.1,1.37,0.05,1.37,40.73435,-111.87210,19.2,31.9,875.9,97.93,0.4
33960.0,1308.9,0.95,0.05,0.95,40.73435,-111.87210,19.1,32.1,876.0,125.74,0.8
34020.0,1308.7,0.91,0.05,0.91,40.73435,-111.87210,19.1,32.2,875.9,128.00,1.1
34080.0,1308.8,0.81,0.05,0.81,40.73435,-111.87210,19.1,33.4,875.9,116.37,0.8
34140.0,1308.9,0.55,0.05,0.55,40.73435,-111.87210,19.1,32.6,876.0,86.97,0.4
34200.0,1308.9,0.39,0.05,0.39,40.73435,-111.87210,19.1,32.7,876.0,120.61,0.1
34260.0,1308.8,0.09,0.05,0.09,40.73435,-111.87210,19.2,32.7,876.0,99.90,0.2
34320.0,1308.8,0.26,0.05,0.26,40.73435,-111.87210,19.2,32.5,876.0,85.76,0.2
34380.0,1309.2,0.01,0.05,0.01,40.73435,-111.87210,19.1,33.0,876.0,53.31,0.2
34440.0,1309.4,0.21,0.05,0.21,40.73435,-111.87210,19.1,32.7,876.0,268.63,0.1
34500.0,1308.9,0.64,0.04,0.64,40.73435,-111.87210,19.1,32.3,876.0,82.16,0.3
34560.0,1308.7,0.61,0.05,0.61,40.73435,-111.87210,19.1,32.6,876.0,108.15,0.5
34620.0,1308.5,0.81,0.05,0.81,40.73435,-111.87210,19.1,32.7,876.0,114.11,0.7
34680.0,1308.6,1.01,0.05,1.01,40.73435,-111.87210,19.1,32.6,876.1,66.79,0.3
34740.0,1308.5,1.23,0.05,1.23,40.73435,-111.87210,19.1,32.6,876.1,104.12,0.3
34800.0,1308.3,0.74,0.05,0.74,40.73435,-111.87210,19.0,32.8,876.1,116.33,0.3
34860.0,1308.3,0.47,0.04,0.47,40.73435,-111.87210,19.0,32.8,876.1,121.72,0.6
34920.0,1308.4,0.73,0.05,0.73,40.73435,-111.87210,19.0,32.9,876.1,111.12,0.4
34980.0,1308.5,0.49,0.05,0.49,40.73434,-111.87210,19.0,32.9,876.1,55.91,0.2
35040.0,1308.5,0.34,0.05,0.34,40.73435,-111.87210,19.0,32.8,876.1,97.89,0.5
35100.0,1308.6,0.45,0.04,0.45,40.73434,-111.87210,19.0,33.0,876.1,117.88,1.0
35160.0,1308.7,0.67,0.05,0.67,40.73434,-111.87210,18.9,33.5,876.1,114.40,0.9
35220.0,1308.6,0.46,0.04,0.46,40.73434,-111.87210,18.9,33.4,876.1,105.00,0.6
35280.0,1308.6,359.93,0.04,359.93,40.73434,-111.87210,18.9,33.2,876.1,103.00,0.4
35340.0,1308.6,0.17,0.05,0.17,40.73434,-111.87210,18.9,33.1,876.2,91.22,0.4
35400.0,1308.7,0.39,0.04,0.39,40.73434,-111.87210,18.9,33.2,876.2,121.37,1.0
35460.0,1308.6,359.95,0.04,359.95,40.73434,-111.87210,18.8,34.1,876.2,118.86,1.3
35520.0,1308.5,359.69,0.04,359.69,40.73434,-111.87210,18.7,34.9,876.2,116.73,0.7
35580.0,1308.4,359.99,0.05,359.99,40.73434,-111.87210,18.8,34.6,876.2,123.90,0.6
35640.0,1308.4,0.30,0.05,0.30,40.73434,-111.87210,18.8,34.1,876.2,121.54,0.7
35700.0,1308.7,0.46,0.05,0.46,40.73434,-111.87210,18.8,33.8,876.2,126.56,0.7
35760.0,1308.8,0.33,0.05,0.33,40.73434,-111.87210,18.7,34.1,876.2,121.03,1.0
35820.0,1308.6,0.38,0.05,0.38,40.73434,-111.87210,18.7,34.6,876.2,116.88,1.0
35880.0,1308.7,0.33,0.05,0.33,40.73434,-111.87210,18.7,34.9,876.2,118.08,1.0
35940.0,1308.8,0.34,0.05,0.34,40.73435,-111.87210,18.7,35.0,876.2,128.32,1.0
36000.0,1308.9,0.88,0.05,0.88,40.73435,-111.87210,18.7,35.3,876.2,129.29,1.1
36060.0,1308.9,0.90,0.05,0.90,40.73435,-111.87210,18.7,35.5,876.2,129.10,0.9
36120.0,1308.9,0.76,0.05,0.76,40.73435,-111.87210,18.7,35.9,876.3,121.46,0.7
36180.0,1308.8,1.13,0.05,1.13,40.73435,-111.87210,18.7,35.7,876.3,124.53,0.6
36240.0,1308.8,0.95,0.04,0.95,40.73435,-111.87210,18.7,35.4,876.3,126.17,0.9
36300.0,1308.6,0.90,0.05,0.90,40.73435,-111.87210,18.7,35.4,876.3,122.96,0.7
36360.0,1308.5,0.66,0.05,0.66,40.73435,-111.87210,18.7,35.2,876.3,113.66,0.8
36420.0,1308.5,0.09,0.05,0.09,40.73434,-111.87210,18.7,35.5,876.3,117.91,0.8
36480.0,1308.6,0.21,0.05,0.21,40.73435,-111.87210,18.7,35.2,876.3,105.76,0.5
36540.0,1308.7,0.50,0.05,0.50,40.73434,-111.87210,18.7,35.4,876.3,120.28,0.7
36600.0,1308.6,1.12,0.06,1.12,40.73434,-111.87210,18.7,35.6,876.3,120.02,0.9
36660.0,1308.6,1.32,0.05,1.32,40.73434,-111.87210,18.7,35.6,876.3,119.48,1.0
36720.0,1308.5,1.02,0.05,1.02,40.73434,-111.87210,18.7,35.3,876.3,120.13,1.0
36780.0,1308.6,0.87,0.05,0.87,40.73434,-111.87210,18.7,35.3,876.3,123.68,1.3
36840.0,1308.6,0.76,0.05,0.76,40.73434,-111.87210,18.7,35.7,876.3,125.05,1.1
36900.0,1308.6,0.36,0.05,0.36,40.73434,-111.87210,18.8,35.7,876.3,122.43,1.0
36960.0,1308.5,0.75,0.05,0.75,40.73434,-111.87210,18.8,35.7,876.3,131.02,1.1
37020.0,1308.4,1.17,0.05,1.17,40.73434,-111.87210,18.8,36.3,876.3,126.92,1.9
37080.0,1308.4,0.82,0.05,0.82,40.73434,-111.87210,18.7,36.9,876.3,121.27,1.4
37140.0,1308.6,1.15,0.06,1.15,40.73434,-111.87210,18.7,37.1,876.3,123.36,1.3
37200.0,1308.8,1.24,0.05,1.24,40.73434,-111.87210,18.7,36.7,876.3,124.45,1.5
37260.0,1308.8,0.90,0.05,0.90,40.73434,-111.87210,18.7,37.0,876.3,118.86,0.9
37320.0,1308.7,0.58,0.06,0.58,40.73434,-111.87210,18.6,36.8,876.3,120.49,1.4
