CampaignData_and_Merges/R0/CSL_MobileLab_Parked/raw/20240816/USOS-NOAAIodideCIMS-OrgNitrs_MobileLabGround_20240816_RA.ict
37, 1001
Michael A Robinson, Chris Jernigan, Subi Thakali
NOAA ESRL Chemical Sciences Laboratory and CIRES, U. of Colorado
NOAA Iodide CIMS Instrument
USOS
1, 1
2024, 08, 16, 2024, 08, 18
1
starttime_UTC, seconds_past_midnight, seconds_of_day_since_00:00:00_UTC
5
1, 1, 1, 1, 1
-9999, -9999, -9999, -9999, -9999
C4H7NO5_NOAACIMS, pptv, Gas_C4H7NO5_InSitu_S_AVMR, 
ISOPN_NOAACIMS, pptv, Gas_ISOPN_InSitu_S_AVMR, 
C5H10O3_NOAACIMS, pptv, Gas_C5H10O3_InSitu_S_AVMR, 
C5H9NO5_NOAACIMS, pptv, Gas_C5H9NO5_InSitu_S_AVMR, 
C10H17NO4_NOAACIMS, pptv, Gas_C10H17NO4_InSitu_S_AVMR, 
0
18
PI_CONTACT_INFO: 325 Broadway, R/CSD 7, Boulder, Colorado 80305; michael.a.robinson@noaa.gov; chris.jernigan@noaa.gov;
PLATFORM: NOAA CSL Mobile Lab
LOCATION: SLC, Utah
ASSOCIATED_DATA: 1Hz data also available on request.
INSTRUMENT_INFO: NOAA I- ToF CIMS
DATA_INFO: All data in parts per trillion by volume (pptv). 1 Hz data is available upon request.
UNCERTAINTY: TBD
ULOD_FLAG: -7777
ULOD_VALUE: N/A
LLOD_FLAG: -8888
LLOD_VALUE: N/A
DM_CONTACT_INFO: Nathan Howard; nathan.h.howard@noaa.gov
PROJECT_INFO: USOS, summer 2024. https://csl.noaa.gov/groups/csl7/measurements/2024usos/
STIPULATIONS_ON_USE: Users are strongly encouraged to contact the PI for proper data usage.
OTHER_COMMENTS: 
REVISION: RA
RA: Preliminary Data; For in-field use only
starttime_UTC, C4H7NO5_NOAACIMS, ISOPN_NOAACIMS, C5H10O3_NOAACIMS, C5H9NO5_NOAACIMS, C10H17NO4_NOAACIMS
[from data line 339]
 20340,  0.859,  2.454,  7.514,  2.053,  0.975
 20400,  0.818,  2.208,  7.186,  1.962,  0.842
 20460,  0.836,  2.217,  6.950,  1.978,  0.873
 20520,  0.843,  2.282,  7.771,  2.040,  0.848
 20580,  0.826,  2.377,  7.633,  2.032,  0.901
 20640,  0.847,  2.430,  7.503,  2.001,  0.818
 20700,  0.845,  2.068,  7.116,  2.022,  0.895
 20760,  0.870,  2.277,  6.867,  2.132,  0.932
 20820, -9999.000, -9999.000, -9999.000, -9999.000, -9999.000
 20880,  0.819,  2.229,  6.784,  2.012,  0.860
 20940,  0.821,  2.365,  7.387,  2.036,  0.895
 21000,  0.834,  2.345,  7.209,  2.059,  0.942
 21060,  0.817,  2.245,  7.199,  2.068,  0.996
 21120,  0.843,  2.064,  6.939,  2.010,  0.956
 21180,  0.841,  2.221,  7.272,  2.136,  0.986
 21240,  0.804,  2.244,  7.352,  2.041,  0.954
 21300,  0.843,  2.232,  6.810,  2.012,  0.954
 21360,  0.833,  2.354,  6.531,  1.999,  0.924
 21420,  0.826,  2.378,  7.405,  2.001,  0.986
 21480,  0.833,  2.253,  7.036,  2.009,  1.059
 21540,  0.837,  2.107,  7.098,  1.955,  1.018
 21600,  0.815,  2.256,  7.009,  2.013,  1.065
 21660,  0.831,  2.175,  7.271,  1.911,  1.162
 21720,  0.786,  2.174,  7.359,  1.947,  1.199
 21780,  0.787,  1.967,  7.030,  2.011,  1.066
 21840,  0.797,  2.024,  6.543,  2.062,  1.061
 21900,  0.784,  2.177,  6.709,  2.069,  0.974
 21960,  0.779,  1.890,  6.911,  1.943,  1.001
 22020,  0.800,  2.183,  7.253,  1.928,  1.022
 22080,  0.788,  2.302,  7.363,  1.894,  1.078
 22140,  0.756,  2.209,  6.830,  1.855,  1.099
 22200,  0.773,  2.231,  6.717,  1.833,  1.067
 22260,  0.773,  2.279,  7.086,  1.841,  1.083
 22320,  0.767,  2.100,  7.153,  1.825,  1.061
 22380,  0.782,  2.026,  6.873,  1.736,  1.011
 22440,  0.783,  2.173,  6.707,  1.900,  1.033
 22500,  0.767,  2.045,  7.078,  1.733,  1.071
 22560,  0.758,  2.029,  7.029,  1.742,  1.136
 22620,  0.801,  2.118,  7.040,  1.980,  1.284
 22680, -9999.000, -9999.000, -9999.000, -9999.000, -9999.000
 22740,  0.746,  1.930,  6.849,  1.655,  1.022
 22800,  0.760,  1.827,  6.879,  1.813,  0.930
 22860,  0.772,  2.016,  6.847,  1.650,  1.031
 22920,  0.767,  2.068,  6.818,  1.684,  0.970
 22980,  0.736,  1.887,  6.838,  1.766,  0.921
 23040,  0.755,  1.783,  6.809,  1.733,  1.087
 23100,  0.759,  1.995,  7.578,  1.746,  0.966
 23160,  0.759,  1.974,  7.227,  1.693,  0.901
 23220,  0.786,  1.960,  6.875,  1.669,  0.911
 23280,  0.773,  2.074,  7.363,  1.691,  0.958
 23340,  0.798,  2.009,  7.263,  1.728,  0.920
 23400,  0.805,  1.844,  7.494,  1.745,  0.907
 23460,  0.780,  2.059,  7.597,  1.688,  0.983
 23520,  0.762,  1.905,  7.189,  1.622,  0.972
 23580,  0.739,  1.847,  7.022,  1.592,  0.944
 23640,  0.775,  1.808,  7.549,  1.692,  0.987
 23700,  0.797,  1.933,  7.763,  1.617,  0.919
 23760,  0.730,  1.807,  8.170,  1.618,  1.035
 23820,  0.775,  1.846,  8.174,  1.629,  0.945
 23880,  0.762,  1.748,  7.864,  1.508,  0.949
 23940,  0.810,  1.913,  7.955,  1.783,  0.979
 24000,  0.862,  1.850,  7.779,  1.823,  1.031
 24060,  0.974,  1.939,  7.783,  2.407,  1.133
 24120,  0.999,  2.276,  7.587,  2.438,  1.177
 24180,  0.983,  2.146,  7.682,  2.626,  1.219
 24240,  1.024,  2.184,  7.510,  2.656,  1.156
 24300,  1.010,  2.237,  8.130,  2.746,  1.209
 24360,  1.001,  2.323,  7.836,  2.792,  1.285
 24420,  1.012,  2.105,  7.761,  2.877,  1.168
 24480,  1.030,  2.107,  7.726,  2.777,  1.071
 24540,  1.042,  1.985,  7.031,  3.008,  1.295
 24600,  0.975,  2.130,  7.801,  2.743,  1.265
 24660,  0.995,  2.197,  7.557,  2.726,  1.234
 24720,  1.057,  2.331,  7.474,  2.788,  1.250
 24780,  1.138,  2.382,  7.898,  3.141,  1.338
 24840,  1.109,  2.231,  7.637,  3.156,  1.335
 24900,  1.143,  2.483,  7.922,  3.196,  1.361
 24960,  1.226,  2.531,  7.680,  3.424,  1.252
 25020,  1.175,  2.492,  7.499,  3.406,  1.216
 25080,  1.256,  2.540,  8.401,  3.519,  1.086
 25140,  1.285,  2.459,  8.503,  3.387,  1.062
 25200,  1.241,  2.551,  8.799,  3.407,  1.069
 25260,  1.263,  2.348,  9.026,  3.453,  1.020
 25320,  1.268,  2.432,  9.291,  3.568,  0.964
 25380,  1.311,  2.366,  9.425,  3.497,  0.921
 25440,  1.242,  2.502,  9.587,  3.377,  0.832
 25500,  1.264,  2.334, 10.301,  3.403,  0.834
 25560,  1.310,  2.404, 10.554,  3.441,  0.756
 25620,  1.317,  2.234, 10.973,  3.334,  0.861
 25680,  1.329,  2.599, 10.757,  3.301,  0.847
 25740,  1.345,  2.530, 11.759,  3.228,  0.795
 25800,  1.306,  2.401, 11.501,  3.187,  0.738
 25860,  1.315,  2.482, 11.644,  3.235,  0.809
 25920,  1.337,  2.548, 12.047,  3.199,  0.818
 25980,  1.344,  2.520, 11.848,  3.369,  0.787
 26040,  1.307,  2.532, 12.433,  3.257,  0.818
 26100,  1.356,  2.634, 12.545,  3.374,  0.996
 26160,  1.296,  2.509, 12.190,  3.176,  0.937
 26220,  1.231,  2.444, 12.357,  3.192,  0.907
 26280,  1.310,  2.531, 11.770,  3.256,  0.940
 26340,  1.191,  1.912, 11.864,  3.298,  1.028
 26400,  1.228,  1.993,  9.589,  2.844,  0.818
 26460,  1.295,  2.494, 10.721,  3.265,  0.936
 26520,  1.281,  2.463, 11.565,  3.259,  1.017
 26580,  1.196,  2.212, 11.595,  2.939,  0.939
 26640,  1.214,  2.181, 11.311,  3.081,  0.918
 26700,  1.265,  2.231, 11.175,  3.055,  0.956
 26760,  1.301,  2.464, 11.463,  2.985,  1.050
 26820,  1.294,  2.423, 11.458,  3.162,  0.982
 26880,  1.317,  2.507, 12.311,  3.290,  0.998
 26940,  1.339,  2.484, 11.545,  3.435,  0.977
 27000,  1.307,  2.466, 12.231,  3.371,  0.972
 27060,  1.244,  2.409, 13.157,  3.040,  0.886
 27120,  1.255,  2.357, 11.812,  3.016,  0.977
 27180,  1.272,  2.305, 12.285,  2.924,  1.004
 27240,  1.210,  2.358, 12.340,  2.912,  0.972
 27300,  1.247,  2.215, 11.503,  2.963,  0.933
 27360,  1.242,  2.409, 11.419,  3.092,  1.007
 27420,  1.282,  2.465, 12.655,  3.203,  1.026
 27480,  1.201,  2.598, 12.680,  2.947,  1.014
 27540,  1.148,  2.317, 12.187,  2.779,  0.981
 27600,  1.194,  2.197, 11.164,  3.116,  0.966
 27660,  1.196,  2.145, 11.723,  2.875,  1.012
 27720,  1.257,  2.336, 11.430,  2.993,  0.968
 27780,  1.284,  2.399, 11.544,  3.250,  1.076
 27840,  1.280,  2.192, 11.244,  3.397,  1.061
 27900,  1.296,  2.530, 11.027,  3.482,  0.987
 27960,  1.272,  2.373, 11.745,  3.251,  1.055
 28020,  1.281,  2.414, 11.404,  3.190,  0.976
 28080,  1.280,  2.307, 11.318,  3.220,  1.081
 28140,  1.231,  2.321, 11.364,  3.053,  0.880
 28200,  1.210,  2.408, 10.626,  3.115,  0.952
 28260,  1.259,  2.340, 10.261,  3.024,  0.942
 28320,  1.230,  2.478, 10.923,  2.954,  0.921
 28380,  1.256,  2.325, 10.824,  3.138,  0.984
 28440,  1.299,  2.318, 10.709,  3.177,  0.900
 28500,  1.280,  2.236, 11.200,  3.215,  1.008
 28560,  1.308,  2.445, 11.508,  3.041,  0.931
 28620,  1.245,  2.286, 11.597,  3.080,  1.028
 28680,  1.285,  2.352, 11.923,  3.141,  1.061
 28740,  1.158,  2.239, 12.059,  2.741,  0.795
 28800,  1.193,  2.226, 11.392,  2.644,  0.833
 28860,  1.178,  2.256, 12.384,  2.775,  0.903
 28920,  1.178,  2.239, 11.961,  2.822,  0.934
 28980,  1.237,  2.201, 10.976,  2.854,  0.950
 29040,  1.196,  2.274, 12.605,  2.905,  1.060
 29100,  1.212,  2.233, 12.395,  2.732,  0.926
 29160,  1.224,  2.267, 12.494,  2.869,  0.848
 29220,  1.199,  2.169, 11.839,  2.700,  0.917
 29280,  1.173,  2.345, 11.699,  2.852,  0.957
 29340,  1.188,  2.072, 11.582,  2.774,  0.859
 29400,  1.174,  2.117, 11.657,  2.842,  0.920
 29460,  1.166,  2.055, 11.279,  2.764,  0.775
 29520,  1.123,  1.987, 11.665,  2.591,  0.926
 29580,  1.181,  2.056, 11.268,  2.727,  0.904
 29640,  1.173,  1.931, 11.393,  2.791,  0.860
 29700,  1.173,  2.021, 11.997,  2.738,  0.872
 29760,  1.157,  2.072, 12.080,  2.707,  0.828
 29820,  1.162,  1.931, 11.395,  2.682,  0.855
 29880,  1.175,  1.915, 11.749,  2.753,  1.015
 29940,  1.201,  1.981, 12.251,  2.651,  0.947
 30000,  1.203,  1.808, 11.720,  2.876,  0.921
 30060, -9999.000, -9999.000, -9999.000, -9999.000, -9999.000
 30120,  1.133,  2.055,  9.937,  2.621,  0.801
 30180,  1.237,  1.941, 10.817,  2.723,  0.966
 30240,  1.170,  2.067, 10.945,  2.803,  0.887
 30300,  1.194,  2.211, 11.216,  2.880,  0.920
 30360,  1.179,  2.061, 11.256,  2.682,  0.910
 30420,  1.203,  2.082, 11.622,  2.902,  0.937
 30480,  1.190,  2.125, 10.965,  2.965,  0.957
 30540,  1.249,  2.007, 11.109,  2.985,  0.987
 30600,  1.224,  2.143, 10.994,  2.978,  1.159
 30660,  1.248,  2.118, 11.276,  2.880,  1.017
 30720,  1.252,  2.132, 11.253,  2.932,  1.008
 30780,  1.224,  1.980, 11.860,  2.867,  0.974
 30840,  1.181,  2.143, 11.296,  2.848,  1.035
 30900,  1.180,  2.114, 10.887,  2.813,  1.044
 30960,  1.212,  1.936, 11.022,  2.808,  1.103
 31020,  1.219,  2.113, 11.310,  2.839,  1.065
 31080,  1.162,  2.130, 11.897,  2.820,  1.051
 31140,  1.141,  1.914, 11.362,  2.651,  1.073
 31200,  1.147,  1.949, 11.349,  2.677,  1.092
 31260,  1.180,  1.934, 11.708,  2.709,  1.110
 31320,  1.138,  1.872, 11.219,  2.580,  1.117
 31380,  1.134,  2.076, 11.248,  2.563,  1.117
 31440,  1.124,  2.086, 11.291,  2.697,  1.119
 31500,  1.142,  1.952, 11.616,  2.467,  1.127
 31560,  1.128,  2.043, 11.734,  2.545,  1.131
 31620,  1.091,  2.061, 10.786,  2.516,  1.120
 31680,  1.101,  1.832, 11.080,  2.417,  1.138
 31740,  1.115,  2.016, 11.954,  2.510,  1.188
 31800,  1.097,  2.231, 11.658,  2.494,  1.089
 31860,  1.116,  1.883, 10.911,  2.509,  1.024
 31920,  0.976,  2.445, 12.048,  2.411,  0.724
 31980,  1.085,  1.906, 10.552,  2.375,  0.943
 32040,  1.127,  1.933, 10.439,  2.642,  1.007
 32100,  1.288,  1.943, 11.528,  2.920,  0.895
 32160,  1.165,  2.028, 11.320,  2.790,  0.865
 32220,  1.187,  2.071, 10.810,  2.697,  1.022
 32280,  1.209,  2.082, 10.872,  2.641,  1.045
 32340,  1.187,  1.885, 11.001,  2.556,  0.927
 32400,  1.093,  1.927, 10.843,  2.643,  0.925
 32460,  1.163,  1.986, 11.103,  2.560,  1.004
 32520,  1.090,  1.736, 10.647,  2.495,  0.982
 32580,  1.109,  1.751, 10.611,  2.258,  0.850
 32640,  1.131,  1.990, 11.043,  2.464,  0.962
 32700,  1.160,  1.988, 10.701,  2.500,  0.871
 32760,  1.187,  1.823, 10.797,  2.476,  0.931
 32820,  1.152,  1.991, 10.690,  2.442,  0.819
 32880,  1.113,  1.828, 11.071,  2.474,  0.897
 32940,  1.077,  1.829, 10.742,  2.429,  0.729
 33000,  1.111,  1.647, 10.505,  2.444,  0.764
 33060,  1.097,  1.703, 11.391,  2.435,  0.820
 33120,  1.102,  1.823, 11.179,  2.421,  0.735
 33180,  1.127,  1.842, 10.499,  2.410,  0.765
 33240,  1.135,  1.642, 10.458,  2.574,  0.851
 33300,  1.164,  1.813, 10.703,  2.398,  0.798
 33360,  1.138,  1.729, 10.788,  2.530,  0.787
 33420,  1.165,  1.598, 10.832,  2.528,  0.843
 33480,  1.108,  1.810, 10.863,  2.473,  0.754
 33540,  1.131,  1.752, 11.172,  2.495,  0.741
 33600,  1.139,  1.682, 11.635,  2.393,  0.799
 33660,  1.144,  1.653, 11.134,  2.418,  0.699
 33720,  1.078,  1.831, 10.563,  2.290,  0.608
 33780, -9999.000, -9999.000, -9999.000, -9999.000, -9999.000
 33840,  1.128,  1.701,  9.919,  2.375,  0.618
 33900,  1.143,  1.715, 10.307,  2.448,  0.640
 33960,  1.146,  1.836, 10.453,  2.383,  0.768
 34020,  1.097,  1.691, 10.570,  2.418,  0.694
 34080,  1.086,  1.673, 10.930,  2.495,  0.709
 34140,  1.147,  1.686, 10.535,  2.383,  0.658
 34200,  1.156,  1.819, 10.606,  2.310,  0.674
 34260,  1.107,  1.811, 11.019,  2.305,  0.728
 34320,  1.109,  1.764, 10.670,  2.341,  0.693
 34380,  1.090,  1.811, 11.030,  2.275,  0.785
 34440,  1.107,  1.656, 10.730,  2.468,  0.757
 34500,  1.165,  1.845, 10.681,  2.450,  0.816
 34560,  1.143,  1.639, 10.394,  2.466,  0.777
 34620,  1.099,  1.835, 10.656,  2.466,  0.780
 34680,  1.138,  1.908, 11.017,  2.451,  0.725
 34740,  1.098,  1.547, 10.790,  2.384,  0.798
 34800,  1.130,  1.865, 10.501,  2.382,  0.792
 34860,  1.123,  1.912, 11.208,  2.422,  0.807
 34920,  1.111,  1.766, 10.729,  2.307,  0.771
 34980,  1.096,  1.763, 10.397,  2.365,  0.799
 35040,  1.142,  1.807, 10.544,  2.426,  0.899
 35100,  1.108,  1.983, 10.297,  2.449,  0.933
 35160,  1.123,  1.747, 10.468,  2.400,  0.992
 35220,  1.118,  1.828, 10.429,  2.433,  0.821
 35280,  1.103,  1.786, 10.678,  2.425,  0.976
 35340,  1.148,  1.760, 10.332,  2.408,  0.936
 35400,  1.165,  1.662, 10.286,  2.423,  0.983
 35460,  1.156,  1.621, 10.354,  2.499,  0.957
 35520,  1.123,  1.936, 10.653,  2.512,  0.937
 35580,  1.042,  2.021, 10.977,  2.539,  0.906
 35640,  1.064,  1.801,  9.658,  2.410,  0.891
 35700,  1.102,  1.836, 10.104,  2.456,  0.956
 35760,  1.120,  1.732,  9.601,  2.401,  0.858
 35820,  1.140,  1.880, 10.407,  2.418,  0.932
 35880,  1.119,  1.856, 10.747,  2.481,  0.966
 35940,  1.121,  1.946, 10.444,  2.454,  0.947
 36000,  1.083,  1.966, 10.941,  2.477,  0.881
 36060,  1.097,  1.868, 11.416,  2.423,  0.911
 36120,  1.126,  1.832, 10.935,  2.399,  0.825
 36180,  1.124,  1.718, 10.516,  2.431,  0.837
 36240,  1.158,  1.765, 10.573,  2.378,  0.794
 36300,  1.156,  1.892, 10.712,  2.408,  0.801
 36360,  1.243,  1.844, 10.995,  2.448,  0.799
 36420,  1.208,  1.769, 10.620,  2.565,  0.750
 36480,  1.221,  1.758, 10.611,  2.605,  0.800
 36540,  1.183,  1.749, 10.587,  2.540,  0.768
 36600,  1.233,  1.635, 10.735,  2.474,  0.832
 36660,  1.192,  1.674,  9.894,  2.619,  0.834
 36720,  1.210,  1.863, 10.195,  2.514,  0.742
 36780,  1.212,  1.685, 10.482,  2.695,  0.796
 36840,  1.258,  1.701, 10.745,  2.612,  0.764
 36900,  1.212,  1.683,  9.986,  2.542,  0.708
 36960,  1.229,  1.724, 10.163,  2.528,  0.793
 37020,  1.238,  1.739, 10.691,  2.698,  0.839
 37080,  1.216,  1.746, 11.109,  2.578,  0.758
 37140,  1.244,  1.716, 10.825,  2.571,  0.772
 37200,  1.276,  1.602, 10.956,  2.777,  0.752
 37260,  1.243,  1.627, 11.091,  2.710,  0.814
 37320,  1.268,  1.427, 11.046,  2.669,  0.756
 37380,  1.244,  1.621, 10.906,  2.748,  0.799
 37440, -9999.000, -9999.000, -9999.000, -9999.000, -9999.000
 37500,  1.324,  1.430,  9.669,  2.626,  0.652
 37560,  1.262,  1.520,  9.756,  2.767,  0.744
 37620,  1.285,  1.526, 10.272,  2.733,  0.675
 37680,  1.280,  1.629, 10.360,  2.843,  0.734
 37740,  1.359,  1.728, 10.719,  2.943,  0.778
 37800,  1.300,  1.555, 10.888,  2.802,  0.717
 37860,  1.341,  1.705, 10.880,  2.959,  0.701
 37920,  1.325,  1.719, 10.665,  2.865,  0.659
 37980,  1.328,  1.779, 11.101,  2.873,  0.761
 38040,  1.299,  1.662, 10.811,  2.925,  0.721
 38100,  1.295,  1.712, 11.831,  2.761,  0.714
 38160,  1.241,  1.604, 11.298,  2.817,  0.826
 38220,  1.309,  1.810, 10.910,  2.754,  0.734
 38280,  1.216,  1.623, 11.483,  2.778,  0.715
 38340,  1.229,  1.771, 11.879,  2.920,  0.680
 38400,  1.320,  1.727, 11.985,  2.920,  0.808
 38460,  1.275,  1.520, 11.619,  2.937,  0.745
 38520,  1.325,  1.651, 11.571,  2.825,  0.741
 38580,  1.291,  1.701, 12.068,  2.945,  0.764
 38640,  1.275,  1.707, 12.012,  2.961,  0.741
 38700,  1.248,  1.650, 11.760,  2.827,  0.676
 38760,  1.316,  1.682, 11.596,  2.900,  0.779
 38820,  1.319,  1.643, 11.916,  3.017,  0.777
 38880,  1.271,  1.656, 12.517,  2.875,  0.773
 38940,  1.254,  1.757, 11.474,  2.728,  0.732
 39000,  1.240,  1.621, 12.191,  2.890,  0.770
 39060,  1.278,  1.581, 12.630,  2.850,  0.802
 39120,  1.280,  1.751, 12.402,  2.990,  0.707
 39180,  1.253,  1.587, 12.400,  2.872,  0.700
 39240,  1.277,  1.755, 12.098,  2.963,  0.629
 39300, -9999.000, -9999.000, -9999.000, -9999.000, -9999.000
 39360,  1.303,  1.681, 11.954,  2.960,  0.671
 39420,  1.272,  1.662, 12.000,  3.073,  0.634
 39480,  1.345,  1.620, 12.350,  3.079,  0.706
 39540,  1.351,  1.603, 12.893,  3.161,  0.697
 39600,  1.375,  1.721, 13.305,  3.251,  0.747
 39660,  1.379,  1.434, 13.272,  3.240,  0.708
 39720,  1.359,  1.598, 12.682,  3.078,  0.569
 39780,  1.375,  1.686, 13.132,  3.088,  0.654
 39840,  1.369,  1.505, 13.607,  3.061,  0.741
 39900,  1.377,  1.390, 12.919,  3.174,  0.740
 39960,  1.419,  1.606, 13.472,  3.330,  0.639
 40020,  1.380,  1.611, 13.477,  3.348,  0.694
 40080,  1.375,  1.585, 13.981,  3.181,  0.722
 40140,  1.318,  1.585, 13.982,  3.148,  0.610
 40200,  1.343,  1.331, 13.095,  3.196,  0.650
 40260,  1.328,  1.315, 13.801,  3.111,  0.520
 40320,  1.309,  1.543, 13.278,  3.070,  0.667
 40380,  1.267,  1.327, 13.036,  3.140,  0.629
 40440,  1.259,  1.250, 12.927,  3.073,  0.584
 40500,  1.316,  1.644, 12.628,  3.096,  0.620
 40560,  1.232,  1.162, 12.487,  3.009,  0.511
