CampaignData_and_Merges/R0/CSL_MobileLab_Parked/raw/20240816/USOS-Picarro-CO2-CH4-CO-H2O_MobileLabGround_20240816_R0.ict
38, 1001
Ilana Pollack, Nell Schafer, and Jeff Peischl
NOAA Chemical Sciences Laboratory
Picarro 2401-m CO2/CH4/CO/H2O Analyzer
USOS
1, 1
2024, 08, 16, 2024, 11, 20
0
StartTime_UTC, seconds_past_midnight, seconds past midnight
5
1, 1, 1, 1, 1
-9999, -9999, -9999, -9999, -9999
StopTime_UTC, seconds_past_midnight, seconds past midnight
CO2_ppm_1min, ppm, Gas_CO2_InSitu_S_DMF, carbon dioxide mixing ratio
CH4_ppb_1min, ppb, Gas_CH4_InSitu_S_DMF, methane mixing ratio
CO_ppb_1min, ppb, Gas_CO_InSitu_S_DMF, carbon monoxide mixing ratio
H2O_ppmv_1min, ppmv, Met_H2OMRV_InSitu_S_AVMR, water vapor mixing ratio
1
SPECIAL COMMENTS: N/A
18
PI_CONTACT_INFO: Address: NOAA Chemical Sciences Laboratory, Mail Stop CSL7, 325 Broadway, Boulder, CO 80305; Email: Ilana.Pollack@noaa.gov
PLATFORM: NOAA CSL Mobile Laboratory
LOCATION: The mobile lab was stationed in Salt Lake City, Utah.
ASSOCIATED_DATA: N/A
INSTRUMENT_INFO: CO2, CH4, and CO are reported as dry air mole fractions using a commercial wavelength-scanned cavity ring-down analyzer (Picarro 2401-m). An in-field calibration gas standard of 432±0.07 ppm CO2, 2095±1 ppb CH4, and 183±1 ppb CO, calibrated in the Boulder laboratories before and after the field project using primary CO2, CH4, and CO standard tanks tied to the WMO standard (X2019, X2004A, and X2014A, respectively) from the Global Monitoring Laboratory (GML), was delivered to the inlet every 2-3 days to evaluate instrument sensitivity. A H2O measurement was calibrated before the project with a Dew Point Mirror 373 hygrometer. The water correction calculated from these calibrations was applied to the H2O measurement for the entire campaign. Species are measured at 0.5 Hz and reported as 1-minute averages for stationary measurements.
DATA_INFO: Units: CO2, ppm, dry air mole fraction; CH4, ppb, dry air mole fraction; CO, ppb, dry air mole fraction; H2O, ppmv
UNCERTAINTY: Total uncertainties are estimated as ±0.1 ppm for CO2, ±1 ppb for CH4, ±5 ppb for CO, and ±(50 ppm + 4%) for H2O.
ULOD_FLAG: -7777
ULOD_VALUE: N/A
LLOD_FLAG: -8888
LLOD_VALUE: N/A
DM_CONTACT_INFO: Data Manager: Nathan Howard; nathan.h.howard@noaa.gov
PROJECT_INFO: USOS Dates of Study: July – August 2024
STIPULATIONS_ON_USE: Use of these data require prior ok from PI.
OTHER_COMMENTS: Data are averaged to 1 minute intervals. Stationary data collected from a 10 ft tower on top of the mobile van.
REVISION: R0
R0: Final Data
StartTime_UTC, StopTime_UTC, CO2_ppm_1min, CH4_ppb_1min, CO_ppb_1min, H2O_ppmv_1min
[from data line 390]
23400,23460,468.59,1989.1,184.8,9815.4805
23460,23520,466.46,1984.0,164.0,9754.0566
23520,23580,468.49,1984.1,156.8,9848.8330
23580,23640,467.40,1983.9,150.3,9886.8525
23640,23700,466.68,1991.8,144.6,9922.1025
23700,23760,469.55,2007.1,160.3,10090.7783
23760,23820,471.43,2015.1,164.2,10158.5078
23820,23880,471.80,2012.4,162.0,10217.8330
23880,23940,469.95,2010.2,157.4,10132.7275
23940,24000,468.22,2013.1,154.7,10069.6445
24000,24060,464.52,2017.6,156.7,9839.1865
24060,24120,462.91,2021.4,160.6,9762.7754
24120,24180,461.99,2026.5,163.5,9753.9072
24180,24240,463.58,2030.5,164.5,9923.5752
24240,24300,462.21,2037.1,166.1,9925.9941
24300,24360,463.88,2040.8,164.6,9967.6553
24360,24420,463.06,2047.9,166.7,10057.5518
24420,24480,468.62,2042.0,186.9,10139.1240
24480,24540,464.32,2039.3,170.8,10146.5215
24540,24600,461.15,2040.6,162.8,9961.3086
24600,24660,465.34,2042.6,168.2,10422.3555
24660,24720,463.82,2043.4,167.1,10164.4082
24720,24780,460.52,2046.4,163.7,9828.8086
24780,24840,456.89,2049.2,160.0,9650.8643
24840,24900,458.13,2051.5,164.5,9697.9648
24900,24960,453.10,2049.6,158.6,9277.7383
24960,25020,452.97,2047.4,161.1,9306.7861
25020,25080,448.54,2034.4,156.9,9033.7432
25080,25140,447.25,2029.7,150.8,9019.0938
25140,25200,448.63,2031.9,161.6,9102.6240
25200,25260,450.43,2030.5,170.3,9128.0869
25260,25320,446.14,2022.1,158.1,8839.0244
25320,25380,447.03,2021.3,168.7,9197.6318
25380,25440,445.47,2022.7,153.1,8916.2744
25440,25500,439.28,2009.4,130.8,8259.5156
25500,25560,437.59,2005.3,126.6,8128.5894
25560,25620,437.81,2010.1,127.6,8140.7163
25620,25680,437.79,2010.2,128.2,8139.8115
25680,25740,438.39,2012.0,128.9,8217.5273
25740,25800,440.85,2012.3,131.0,8580.8047
25800,25860,440.29,2011.5,130.4,8458.4365
25860,25920,439.36,2010.0,130.0,8367.6152
25920,25980,438.56,2006.4,127.8,8313.0713
25980,26040,441.08,2006.0,127.9,8514.7842
26040,26100,443.10,2007.9,128.0,8758.5771
26100,26160,440.63,2006.0,125.2,8557.6699
26160,26220,441.79,2007.0,127.9,8642.7705
26220,26280,446.86,2012.1,129.7,8816.0664
26280,26340,440.47,2010.0,130.3,8549.3408
26340,26400,446.80,2015.6,129.6,8698.3105
26400,26460,449.58,2015.3,130.9,8711.7412
26460,26520,440.29,2007.6,130.3,8548.9443
26520,26580,445.43,2013.4,132.4,8911.5518
26580,26640,449.71,2020.2,132.0,9141.4697
26640,26700,448.46,2023.2,131.3,9082.0195
26700,26760,445.91,2020.5,129.3,8937.1465
26760,26820,443.97,2015.0,130.2,8800.7344
26820,26880,446.61,2017.8,133.6,9001.0928
26880,26940,441.98,2008.7,133.3,8715.1426
26940,27000,441.29,2010.8,129.8,8608.9512
27000,27060,445.66,2014.4,143.8,8966.8535
27060,27120,451.11,2020.1,155.7,9559.4834
27120,27180,449.06,2019.9,145.0,9284.7891
27180,27240,453.79,2036.3,144.6,9528.4922
27240,27300,452.84,2028.1,144.4,9595.8975
27300,27360,449.61,2022.8,139.8,9297.7549
27360,27420,449.29,2021.7,139.8,9266.2383
27420,27480,453.99,2030.4,149.5,9579.9990
27480,27540,455.82,2027.5,141.3,9736.1699
27540,27600,459.33,2026.0,149.4,9863.1357
27600,27660,456.27,2025.8,161.1,9495.5762
27660,27720,457.30,2032.4,144.8,9646.4805
27720,27780,450.72,2023.6,137.7,9365.2529
27780,27840,448.25,2019.6,138.7,9208.9648
27840,27900,449.13,2020.1,142.2,9264.9150
27900,27960,452.83,2027.0,142.3,9501.0029
27960,28020,453.41,2026.1,144.3,9556.2422
28020,28080,456.11,2028.6,144.3,9687.8545
28080,28140,454.31,2023.4,142.5,9594.2441
28140,28200,456.33,2026.2,159.7,9725.6543
28200,28260,454.12,2022.9,156.6,9577.7773
28260,28320,453.67,2021.9,156.1,9528.2168
28320,28380,456.75,2025.7,160.0,9777.9355
28380,28440,453.70,2021.4,185.1,9560.0518
28440,28500,451.92,2020.3,182.5,9466.1787
28500,28560,455.72,2027.5,177.2,9718.4629
28560,28620,454.99,2026.3,207.5,9677.6182
28620,28680,455.89,2035.0,224.4,9724.6182
28680,28740,470.92,2031.6,209.3,10389.1328
28740,28800,468.27,2031.5,232.8,10368.2910
28800,28860,462.86,2031.5,252.6,10268.4736
28860,28920,460.80,2040.0,190.8,10488.5439
28920,28980,459.98,2053.8,163.2,10302.0371
28980,29040,459.69,2049.2,165.3,10273.2510
29040,29100,465.10,2040.7,164.5,10928.3594
29100,29160,462.03,2040.8,165.2,10600.6426
29160,29220,462.89,2045.8,164.0,10604.0000
29220,29280,463.60,2056.2,156.7,10441.7578
29280,29340,464.22,2054.7,153.0,10556.1777
29340,29400,462.18,2051.8,152.7,10251.9482
29400,29460,463.99,2053.1,154.7,10357.3789
29460,29520,464.46,2052.2,155.4,10351.9385
29520,29580,465.98,2052.4,153.6,10459.0098
29580,29640,463.40,2052.0,152.4,10324.6709
29640,29700,466.70,2064.4,167.0,10553.0361
29700,29760,468.15,2065.0,179.6,10653.8584
29760,29820,466.42,2063.0,189.4,10589.8271
29820,29880,466.54,2071.1,166.6,10555.3936
29880,29940,470.57,2071.7,161.7,10673.0479
29940,30000,470.31,2071.8,163.2,10703.5313
30000,30060,470.04,2073.5,168.5,10707.9307
30060,30120,467.33,2063.2,166.3,10553.5811
30120,30180,468.80,2059.3,181.2,10613.4707
30180,30240,466.33,2051.9,202.0,10510.0537
30240,30300,465.11,2048.1,176.0,10505.8350
30300,30360,466.87,2054.8,162.2,10591.7168
30360,30420,470.55,2060.9,165.1,10819.2656
30420,30480,466.55,2055.8,170.4,10644.1748
30480,30540,463.92,2049.7,165.3,10430.0205
30540,30600,459.59,2038.8,148.8,10087.7646
30600,30660,460.71,2038.0,147.8,10184.2041
30660,30720,465.19,2045.1,182.1,10446.2061
30720,30780,469.28,2048.8,210.0,10581.8711
30780,30840,465.87,2044.0,203.6,10457.5938
30840,30900,462.49,2041.0,175.1,10286.4561
30900,30960,461.66,2036.2,159.4,10242.6016
30960,31020,459.62,2031.0,152.0,10093.3193
31020,31080,462.40,2038.0,153.9,10321.7676
31080,31140,462.93,2037.6,149.2,10348.2715
31140,31200,462.02,2039.7,147.1,10303.8057
31200,31260,460.78,2032.0,154.3,10086.5391
31260,31320,463.27,2038.1,285.1,10317.2715
31320,31380,463.90,2037.0,159.1,10405.5947
31380,31440,464.22,2038.1,151.2,10374.1436
31440,31500,461.98,2039.3,143.8,10246.7686
31500,31560,464.36,2050.1,146.8,10394.3105
31560,31620,463.67,2032.9,144.6,10380.6914
31620,31680,461.50,2022.9,144.9,10178.7949
31680,31740,467.01,2035.5,153.7,10519.5264
31740,31800,467.94,2039.9,169.3,10614.6240
31800,31860,463.57,2034.2,160.9,10324.3682
31860,31920,461.08,2025.7,150.4,10138.6768
31920,31980,464.01,2028.6,156.7,10467.9668
31980,32040,456.26,2013.6,143.3,9772.9131
32040,32100,450.09,2012.2,137.1,10045.6143
32100,32160,449.11,2018.3,140.5,10440.6152
32160,32220,454.72,2010.5,142.9,9860.6221
32220,32280,452.22,2006.5,139.5,9647.7246
32280,32340,455.89,2011.1,139.5,9906.8037
32340,32400,457.79,2013.4,140.2,10119.8398
32400,32460,457.09,2013.7,138.8,10030.5176
32460,32520,457.54,2015.5,138.4,10079.7451
32520,32580,460.04,2016.3,139.1,10146.7227
32580,32640,458.75,2014.6,140.9,10092.7461
32640,32700,457.65,2013.8,140.3,10073.4941
32700,32760,457.37,2014.0,139.4,10074.7969
32760,32820,457.82,2014.5,145.0,10049.1582
32820,32880,459.53,2015.8,142.5,10213.1201
32880,32940,459.59,2016.9,139.4,10209.9951
32940,33000,459.52,2019.0,139.0,10199.1494
33000,33060,459.73,2016.9,138.8,10151.3857
33060,33120,459.73,2021.5,139.5,10194.5293
33120,33180,459.42,2018.9,137.0,10143.6162
33180,33240,455.25,2011.3,132.5,9909.0430
33240,33300,455.71,2011.2,133.1,9967.6387
33300,33360,455.56,2012.3,135.1,9979.7813
33360,33420,456.14,2014.0,135.4,10014.4268
33420,33480,457.80,2017.1,133.8,10151.8467
33480,33540,460.21,2017.0,137.2,10282.9502
33540,33600,456.74,2015.4,135.8,10137.2051
33600,33660,460.44,2021.2,137.1,10328.8535
33660,33720,460.33,2021.7,136.6,10351.5889
33720,33780,461.76,2025.4,140.1,10458.0742
33780,33840,460.47,2020.9,138.8,10363.0303
33840,33900,461.08,2021.9,142.5,10403.3428
33900,33960,460.60,2021.5,139.2,10353.7666
33960,34020,461.19,2022.6,137.0,10413.2090
34020,34080,463.42,2024.7,136.4,10548.3066
34080,34140,462.41,2023.7,144.0,10565.9004
34140,34200,463.04,2029.5,144.0,10582.6611
34200,34260,465.14,2029.7,144.2,10657.8125
34260,34320,464.74,2029.3,148.0,10659.2979
34320,34380,464.79,2032.1,144.4,10693.5283
34380,34440,463.09,2034.0,140.1,10645.3896
34440,34500,460.34,2028.7,141.1,10512.4619
34500,34560,460.10,2025.9,141.8,10511.9336
34560,34620,459.89,2025.2,143.8,10521.3672
34620,34680,461.55,2028.5,143.0,10630.9170
34680,34740,462.44,2031.8,143.2,10631.3750
34740,34800,463.50,2040.6,143.7,10674.0059
34800,34860,464.23,2046.0,143.6,10715.0977
34860,34920,463.51,2042.0,142.1,10682.0889
34920,34980,464.54,2042.0,142.7,10766.2139
34980,35040,462.07,2039.3,147.7,10667.7266
35040,35100,460.75,2035.3,157.3,10623.2402
35100,35160,460.57,2035.3,155.6,10621.9160
35160,35220,462.82,2038.3,154.2,10742.4443
35220,35280,465.01,2040.5,160.1,10892.8311
35280,35340,462.28,2035.5,160.7,10801.4639
35340,35400,460.90,2033.0,156.3,10734.6836
35400,35460,460.15,2031.8,155.7,10711.7881
35460,35520,464.86,2040.7,154.5,10911.3975
35520,35580,466.71,2036.3,153.1,11030.3281
35580,35640,465.26,2033.6,151.4,10991.3252
35640,35700,464.39,2033.1,151.5,10957.2207
35700,35760,463.56,2031.5,152.1,10934.9551
35760,35820,461.10,2031.3,149.4,10849.2422
35820,35880,464.53,2034.7,150.5,11036.7969
35880,35940,467.67,2036.5,162.7,11070.3252
35940,36000,477.34,2049.5,204.5,11369.9316
36000,36060,472.46,2041.3,165.9,11406.5742
36060,36120,469.53,2040.4,213.1,11370.4346
36120,36180,468.37,2032.0,179.3,11309.1455
36180,36240,463.56,2028.7,154.4,11200.1621
36240,36300,462.66,2028.1,150.6,11200.0879
36300,36360,462.35,2027.3,192.1,11195.9385
36360,36420,463.86,2029.9,213.5,11236.1445
36420,36480,461.94,2028.3,177.1,11226.6396
36480,36540,461.54,2027.1,172.6,11265.1475
36540,36600,456.51,2018.0,151.7,11172.4023
36600,36660,458.80,2020.7,154.8,11269.6084
36660,36720,459.23,2022.0,147.7,11273.2002
36720,36780,457.13,2017.0,143.0,11256.8613
36780,36840,457.44,2017.7,142.5,11301.5654
36840,36900,457.16,2017.1,144.1,11319.7666
36900,36960,456.55,2015.4,141.8,11325.3359
36960,37020,458.53,2016.9,147.5,11407.5645
37020,37080,455.94,2017.0,143.2,11437.8955
37080,37140,459.74,2030.3,145.3,11725.7168
37140,37200,456.12,2022.9,139.2,11595.0391
37200,37260,456.86,2025.3,141.9,11639.0205
37260,37320,455.33,2021.6,138.1,11631.4883
37320,37380,455.26,2022.1,137.0,11669.7480
37380,37440,453.82,2018.1,133.9,11626.1016
37440,37500,454.29,2019.4,134.9,11647.1328
37500,37560,452.76,2017.8,132.4,11633.2031
37560,37620,452.65,2017.8,131.3,11643.1211
37620,37680,455.07,2019.1,132.9,11793.1289
37680,37740,451.68,2018.2,130.5,11704.1660
37740,37800,451.40,2017.4,128.3,11756.6523
37800,37860,452.41,2019.0,129.6,11816.7158
37860,37920,452.48,2016.6,127.5,11795.9482
37920,37980,454.82,2017.6,129.8,11880.2861
37980,38040,454.37,2018.2,129.9,11882.3047
38040,38100,454.77,2018.8,130.5,11910.4160
38100,38160,455.16,2019.7,130.7,11960.3877
38160,38220,455.97,2021.8,131.9,12006.7920
38220,38280,459.61,2023.8,130.0,12133.3740
38280,38340,460.56,2023.4,132.5,12186.8467
38340,38400,459.57,2023.6,137.4,12225.2695
38400,38460,456.71,2034.0,132.5,12181.4150
38460,38520,456.30,2035.5,134.7,12206.4854
38520,38580,456.62,2030.1,133.2,12234.2236
38580,38640,458.95,2031.3,136.6,12383.5820
38640,38700,457.02,2031.9,146.1,12361.6641
38700,38760,456.77,2036.5,148.4,12362.9463
38760,38820,455.67,2036.8,139.8,12364.6094
38820,38880,457.25,2048.0,148.5,12432.9170
38880,38940,458.95,2050.5,177.2,12495.9063
38940,39000,457.85,2048.8,147.9,12540.3633
39000,39060,462.63,2046.8,160.0,12630.0469
39060,39120,458.57,2037.9,148.0,12616.2969
39120,39180,457.60,2033.9,145.2,12652.8350
39180,39240,456.59,2032.2,145.9,12681.6484
39240,39300,457.07,2033.5,147.6,12729.8564
39300,39360,456.13,2031.4,148.5,12742.4795
39360,39420,454.83,2031.7,146.8,12719.8389
39420,39480,454.43,2029.3,149.3,12756.7656
39480,39540,451.98,2022.2,147.8,12767.0908
39540,39600,452.51,2023.6,148.1,12809.9854
39600,39660,452.26,2024.0,145.7,12816.0986
39660,39720,452.57,2024.1,147.3,12839.4053
39720,39780,455.40,2027.4,151.8,12899.3320
39780,39840,454.33,2024.0,147.1,12929.4043
39840,39900,452.96,2021.0,142.5,12928.4863
39900,39960,451.78,2021.2,140.4,12916.2295
39960,40020,453.37,2023.2,142.3,12966.5596
40020,40080,453.09,2022.8,139.2,13000.8193
40080,40140,453.08,2022.6,138.6,13050.3584
40140,40200,451.88,2020.9,135.2,12984.9131
40200,40260,454.71,2022.4,137.5,13052.1357
40260,40320,454.93,2023.6,140.1,13059.7998
40320,40380,453.64,2023.3,139.4,13006.4404
40380,40440,452.43,2023.9,140.9,12940.4502
40440,40500,453.20,2025.4,140.9,12977.2988
40500,40560,453.49,2025.5,142.5,12935.6230
40560,40620,454.43,2025.5,141.3,12965.4951
40620,40680,453.49,2023.3,138.6,12856.0469
40680,40740,452.97,2023.8,140.6,12809.3281
40740,40800,451.90,2022.3,139.3,12719.5918
40800,40860,451.79,2021.7,139.7,12704.4600
40860,40920,451.41,2021.5,140.3,12663.5996
40920,40980,452.13,2021.9,140.3,12695.5664
40980,41040,450.36,2020.8,138.7,12581.7402
41040,41100,449.43,2019.6,135.4,12546.9531
41100,41160,451.43,2020.7,136.4,12631.7529
41160,41220,450.54,2020.7,138.0,12585.8623
41220,41280,450.93,2021.0,137.3,12629.3691
41280,41340,450.44,2021.1,137.4,12650.4854
41340,41400,450.96,2019.7,140.6,12685.9648
41400,41460,450.08,2019.4,171.7,12644.4268
41460,41520,452.62,2023.1,137.5,12770.3848
41520,41580,453.20,2026.9,137.9,12835.9453
41580,41640,452.67,2033.2,138.2,12832.3369
41640,41700,453.42,2038.2,135.0,12909.9707
41700,41760,453.20,2031.3,133.4,12972.6328
41760,41820,453.17,2028.2,133.6,12994.4902
41820,41880,450.52,2022.1,132.3,12969.5322
41880,41940,450.63,2021.4,133.0,12985.7344
41940,42000,450.85,2021.3,133.0,13005.8154
42000,42060,451.88,2022.7,132.6,13042.6494
42060,42120,451.57,2021.8,135.7,12991.6191
42120,42180,453.17,2022.5,140.9,13030.6006
42180,42240,455.68,2024.4,153.8,12989.3838
42240,42300,458.48,2023.1,211.7,12993.7930
42300,42360,453.03,2033.3,265.1,12970.8730
42360,42420,454.28,2027.7,274.0,13005.1582
42420,42480,453.36,2024.0,153.0,12983.4102
42480,42540,457.91,2023.3,167.5,13050.4248
42540,42600,459.82,2028.0,175.7,13132.1797
42600,42660,459.75,2053.5,164.0,13281.8066
42660,42720,462.37,2041.2,159.4,13409.1064
42720,42780,463.10,2045.0,158.7,13436.5273
42780,42840,464.47,2047.6,161.7,13439.5957
42840,42900,462.46,2045.8,159.9,13373.5303
42900,42960,464.55,2049.6,159.5,13413.7217
42960,43020,466.97,2052.0,158.5,13526.2188
43020,43080,466.89,2054.8,159.6,13536.3594
43080,43140,465.83,2059.5,158.9,13491.5430
43140,43200,465.95,2062.0,160.3,13498.6836
43200,43260,466.32,2057.2,157.4,13531.4229
43260,43320,467.01,2052.3,152.3,13586.4502
43320,43380,462.16,2050.6,166.0,13400.1426
43380,43440,459.99,2051.6,167.6,13265.2227
43440,43500,478.46,2059.9,459.1,13500.3672
43500,43560,488.64,2062.4,511.1,13581.4209
43560,43620,479.51,2068.2,309.5,13609.4961
43620,43680,480.12,2085.6,328.4,13630.2471
43680,43740,485.47,2092.3,361.3,13686.8965
43740,43800,481.93,2105.5,265.9,13698.8086
43800,43860,474.23,2087.4,227.2,13603.3027
43860,43920,473.35,2084.0,221.3,13612.6152
43920,43980,472.86,2064.1,201.6,13550.1504
43980,44040,467.48,2075.6,199.5,13510.9131
44040,44100,465.99,2066.0,185.6,13393.8906
44100,44160,466.28,2060.4,176.3,13420.6113
44160,44220,469.37,2056.3,190.4,13363.1895
44220,44280,464.13,2037.2,216.1,13259.7266
44280,44340,466.88,2039.3,202.4,13226.5088
44340,44400,471.66,2037.9,223.2,13272.1016
44400,44460,462.24,2031.3,178.7,13049.9434
44460,44520,469.42,2037.8,192.5,13208.1484
44520,44580,468.24,2036.6,204.3,13156.8994
44580,44640,464.45,2038.9,183.7,13134.3164
44640,44700,467.10,2039.8,179.3,13181.3691
44700,44760,462.39,2032.5,157.9,12947.1992
44760,44820,464.25,2028.8,156.5,12894.4229
44820,44880,465.16,2031.6,175.3,12919.4658
44880,44940,464.63,2032.5,254.2,12893.1182
44940,45000,461.90,2031.2,242.8,12817.7500
45000,45060,464.01,2033.3,200.5,12878.7871
45060,45120,466.35,2038.1,182.3,12949.3506
45120,45180,465.40,2039.1,200.8,12927.9258
45180,45240,462.20,2031.8,202.9,12748.1377
45240,45300,460.93,2029.5,178.8,12698.2607
45300,45360,459.90,2026.2,169.4,12607.0781
45360,45420,457.44,2020.9,162.6,12437.0547
45420,45480,458.89,2023.0,169.8,12392.4570
45480,45540,460.29,2025.3,183.4,12329.0850
45540,45600,465.39,2028.5,230.3,12418.2900
45600,45660,460.18,2025.1,187.0,12356.4180
45660,45720,456.84,2024.8,157.8,12289.1875
45720,45780,458.21,2028.9,162.0,12387.9570
45780,45840,467.19,2040.3,181.5,12450.9863
