CampaignData_and_Merges/R0/CSL_MobileLab_Parked/raw/20240816/USOS-NOAAIodideCIMS-Halogens_MobileLabGround_20240816_RA.ict
38, 1001
Michael A Robinson, Chris Jernigan, Subi Thakali
NOAA ESRL Chemical Sciences Laboratory and CIRES, U. of Colorado
NOAA Iodide CIMS Instrument
USOS
1, 1
2024, 08, 16, 2024, 08, 18
1
starttime_UTC, seconds_past_midnight, seconds_of_day_since_00:00:00_UTC
6
1, 1, 1, 1, 1, 1
-9999, -9999, -9999, -9999, -9999, -9999
Br2_NOAACIMS, pptv, Gas_Br2_InSitu_S_AVMR, 
BrO_NOAACIMS, pptv, Gas_BrO_InSitu_S_AVMR, 
Cl2_NOAACIMS, pptv, Gas_Cl2_InSitu_S_AVMR, 
ClNO2_NOAACIMS, pptv, Gas_ClNO2_InSitu_S_AVMR, 
BrCl_NOAACIMS, pptv, Gas_BrCl_InSitu_S_AVMR, 
NCl3_NOAACIMS, pptv, Gas_NCl3_InSitu_S_AVMR, 
0
18
PI_CONTACT_INFO: 325 Broadway, R/CSD 7, Boulder, Colorado 80305; michael.a.robinson@noaa.gov; chris.jernigan@noaa.gov;
PLATFORM: NOAA CSL Mobile Lab
LOCATION: SLC, Utah
ASSOCIATED_DATA: 1Hz data also available on request.
INSTRUMENT_INFO: NOAA I- ToF CIMS
DATA_INFO: All data in parts per trillion by volume (pptv). 1 Hz data is available upon request.
UNCERTAINTY: TBD
ULOD_FLAG: -7777
ULOD_VALUE: N/A
LLOD_FLAG: -8888
LLOD_VALUE: N/A
DM_CONTACT_INFO: Nathan Howard; nathan.h.howard@noaa.gov
PROJECT_INFO: USOS, summer 2024. https://csl.noaa.gov/groups/csl7/measurements/2024usos/
STIPULATIONS_ON_USE: Users are strongly encouraged to contact the PI for proper data usage.
OTHER_COMMENTS: 
REVISION: RA
RA: Preliminary Data; For in-field use only
starttime_UTC, Br2_NOAACIMS, BrO_NOAACIMS, Cl2_NOAACIMS, ClNO2_NOAACIMS, BrCl_NOAACIMS, NCl3_NOAACIMS
[from data line 1146]
 68760,  0.630,  0.172,  0.417,  0.097,  0.276, -0.044
 68820, -9999.000, -9999.000, -9999.000, -9999.000, -9999.000, -9999.000
 68880,  0.563,  0.033,  0.210,  0.068,  0.121,  0.003
 68940,  0.589,  0.046,  0.351,  0.107,  0.185,  0.045
 69000,  0.570,  0.059,  0.380,  0.090,  0.161, -0.015
 69060,  0.588,  0.102,  0.400,  0.073,  0.150, -0.001
 69120,  0.626,  0.053,  0.438,  0.125,  0.190, -0.023
 69180,  0.573,  0.131,  0.405,  0.110,  0.163,  0.017
 69240,  0.683,  0.096,  0.371,  0.098,  0.199,  0.005
 69300,  0.573,  0.095,  0.438,  0.106,  0.242,  0.034
 69360,  0.625,  0.120,  0.303,  0.100,  0.193, -0.011
 69420,  0.555,  0.058,  0.335,  0.083,  0.162,  0.021
 69480,  0.680,  0.019,  0.388,  0.109,  0.181, -0.001
 69540,  0.519,  0.091,  0.415,  0.088,  0.258,  0.014
 69600,  0.544,  0.073,  0.302,  0.086,  0.220,  0.032
 69660,  0.611,  0.057,  0.306,  0.054,  0.132,  0.007
 69720,  0.556,  0.124,  0.371,  0.067,  0.146,  0.028
 69780,  0.577,  0.095,  0.378,  0.087,  0.176,  0.016
 69840,  0.626,  0.033,  0.351,  0.057,  0.177,  0.033
 69900,  0.506,  0.025,  0.393,  0.061,  0.178,  0.025
 69960,  0.542,  0.130,  0.286,  0.077,  0.161,  0.011
 70020,  0.566,  0.158,  0.308,  0.071,  0.137,  0.047
 70080,  0.624,  0.111,  0.334,  0.066,  0.143,  0.005
 70140,  0.526,  0.018,  0.305,  0.080,  0.202, -0.008
 70200,  0.536,  0.094,  0.281,  0.089,  0.121,  0.014
 70260,  0.512,  0.089,  0.306,  0.044,  0.173,  0.079
 70320,  0.474,  0.090,  0.320,  0.069,  0.099,  0.029
 70380,  0.391,  0.098,  0.263,  0.060,  0.105,  0.055
 70440,  0.487,  0.051,  0.189,  0.055,  0.136,  0.023
 70500,  0.397,  0.037,  0.249,  0.050,  0.112,  0.069
 70560,  0.511,  0.072,  0.241,  0.055,  0.118,  0.005
 70620,  0.557,  0.015,  0.275,  0.052,  0.123,  0.086
 70680, -9999.000, -9999.000, -9999.000, -9999.000, -9999.000, -9999.000
 70740,  0.630, -0.040,  0.289,  0.060,  0.142,  0.028
 70800,  0.450,  0.025,  0.260,  0.058,  0.117,  0.019
 70860,  0.367,  0.048,  0.242,  0.053,  0.097,  0.033
 70920,  0.563,  0.012,  0.353,  0.041,  0.134,  0.026
 70980,  0.426,  0.016,  0.310,  0.054,  0.095,  0.058
 71040,  0.504,  0.111,  0.280,  0.088,  0.170,  0.032
 71100,  0.461,  0.055,  0.279,  0.095,  0.108,  0.107
 71160,  0.522,  0.040,  0.280,  0.050,  0.110,  0.113
 71220,  0.478,  0.011,  0.238,  0.055,  0.121,  0.045
 71280,  0.762,  0.103,  0.521,  0.148,  0.310,  0.043
 71340,  0.529,  0.098,  0.248,  0.078,  0.155,  0.085
 71400,  0.593,  0.053,  0.249,  0.070,  0.150,  0.044
 71460,  0.584,  0.121,  0.207,  0.091,  0.109,  0.057
 71520,  0.566,  0.080,  0.347,  0.057,  0.050,  0.058
 71580,  0.559,  0.110,  0.342,  0.068,  0.087,  0.084
 71640,  0.730, -0.006,  0.219,  0.054,  0.111,  0.121
 71700,  0.624,  0.079,  0.266,  0.064,  0.152,  0.083
 71760,  0.648,  0.026,  0.340,  0.109,  0.168,  0.066
 71820,  0.902,  0.063,  0.444,  0.138,  0.223,  0.075
 71880,  0.662,  0.024,  0.283,  0.134,  0.231,  0.093
 71940,  0.643,  0.093,  0.264,  0.073,  0.203,  0.084
 72000,  0.557,  0.031,  0.194,  0.086,  0.147,  0.114
 72060,  0.624,  0.070,  0.330,  0.108,  0.164,  0.059
 72120,  0.581, -0.003,  0.149,  0.079,  0.205,  0.122
 72180,  0.653,  0.139,  0.194,  0.058,  0.199,  0.115
 72240,  0.642,  0.086,  0.190,  0.085,  0.262,  0.032
 72300,  0.570,  0.113,  0.384,  0.108,  0.159,  0.092
 72360,  0.625,  0.097,  0.355,  0.081,  0.227,  0.092
 72420,  0.690,  0.167,  0.324,  0.109,  0.251,  0.130
 72480,  0.599,  0.033,  0.295,  0.084,  0.217,  0.052
 72540, -9999.000, -9999.000, -9999.000, -9999.000, -9999.000, -9999.000
 72600,  0.592,  0.037,  0.379,  0.053,  0.165,  0.093
 72660,  0.606,  0.120,  0.206,  0.078,  0.220,  0.058
 72720,  0.653,  0.060,  0.209,  0.085,  0.182,  0.088
 72780,  0.521,  0.055,  0.244,  0.087,  0.177,  0.112
 72840,  0.573,  0.097,  0.228,  0.095,  0.178,  0.092
 72900,  0.567,  0.115,  0.344,  0.084,  0.174,  0.090
 72960,  0.644,  0.128,  0.283,  0.091,  0.191,  0.069
 73020,  0.630,  0.169,  0.290,  0.066,  0.156,  0.113
 73080,  0.599,  0.097,  0.259,  0.059,  0.153,  0.069
 73140,  0.678,  0.126,  0.301,  0.069,  0.183,  0.147
 73200,  0.650,  0.079,  0.324,  0.076,  0.147,  0.094
 73260,  0.619,  0.046,  0.275,  0.108,  0.175,  0.040
 73320,  0.609,  0.068,  0.300,  0.067,  0.179,  0.072
 73380,  0.703,  0.051,  0.343,  0.054,  0.166,  0.130
 73440,  0.556,  0.042,  0.344,  0.063,  0.197,  0.091
 73500,  0.580,  0.164,  0.327,  0.083,  0.167,  0.041
 73560,  0.588,  0.139,  0.272,  0.079,  0.138,  0.083
 73620,  0.503,  0.097,  0.260,  0.098,  0.193,  0.061
 73680,  0.567,  0.068,  0.304,  0.074,  0.200,  0.048
 73740,  0.559,  0.088,  0.405,  0.079,  0.164,  0.088
 73800,  0.571,  0.075,  0.310,  0.080,  0.148,  0.071
 73860,  0.652,  0.017,  0.294,  0.066,  0.211,  0.027
 73920,  0.529,  0.079,  0.289,  0.070,  0.151,  0.099
 73980,  0.601,  0.096,  0.377,  0.078,  0.183,  0.043
 74040,  0.531,  0.104,  0.233,  0.094,  0.164,  0.039
 74100,  0.600,  0.016,  0.411,  0.101,  0.158,  0.084
 74160,  0.539,  0.080,  0.400,  0.095,  0.163,  0.141
 74220,  0.638,  0.126,  0.383,  0.083,  0.166,  0.099
 74280,  0.617,  0.155,  0.422,  0.103,  0.212,  0.103
 74340,  0.584,  0.209,  0.368,  0.087,  0.133,  0.158
 74400,  0.629, -0.032,  0.265,  0.070,  0.168,  0.040
 74460,  0.532,  0.163,  0.339,  0.068,  0.131,  0.032
 74520,  0.564,  0.131,  0.322,  0.111,  0.150, -0.005
 74580,  0.496,  0.089,  0.449,  0.066,  0.196,  0.031
 74640,  0.809,  0.157,  0.457,  0.129,  0.282,  0.062
 74700,  0.737,  0.148,  0.382,  0.062,  0.193,  0.025
 74760,  0.496,  0.140,  0.240,  0.100,  0.193,  0.029
 74820,  0.625,  0.169,  0.315,  0.072,  0.128,  0.047
 74880,  0.604,  0.245,  0.351,  0.079,  0.171,  0.002
 74940,  0.521,  0.131,  0.341,  0.082,  0.151, -0.012
 75000,  0.702,  0.101,  0.438,  0.117,  0.191, -0.016
 75060,  0.496,  0.162,  0.289,  0.066,  0.165,  0.001
 75120,  0.556,  0.117,  0.332,  0.076,  0.164, -0.027
 75180,  0.575,  0.130,  0.368,  0.108,  0.198,  0.027
 75240,  0.580,  0.142,  0.332,  0.068,  0.175,  0.010
 75300,  0.599,  0.107,  0.343,  0.065,  0.163,  0.039
 75360,  0.574,  0.161,  0.452,  0.066,  0.232,  0.053
 75420,  0.510,  0.187,  0.475,  0.073,  0.129,  0.037
 75480,  0.515,  0.108,  0.405,  0.071,  0.159, -0.015
 75540,  0.931,  0.130,  0.549,  0.151,  0.349, -0.034
 75600,  0.690,  0.172,  0.385,  0.097,  0.290, -0.026
 75660,  0.588,  0.102,  0.335,  0.093,  0.177, -0.012
 75720,  0.546,  0.151,  0.425,  0.063,  0.183, -0.001
 75780,  0.549,  0.079,  0.412,  0.074,  0.184, -0.028
 75840,  0.570,  0.150,  0.472,  0.103,  0.255,  0.076
 75900,  0.582,  0.081,  0.356,  0.070,  0.183,  0.014
 75960,  0.458,  0.153,  0.385,  0.091,  0.195, -0.039
 76020,  0.494,  0.157,  0.454,  0.082,  0.206, -0.029
 76080,  0.573,  0.161,  0.407,  0.111,  0.194, -0.025
 76140,  0.535,  0.235,  0.413,  0.074,  0.225, -0.079
 76200,  0.669, -0.100,  0.637,  0.097,  0.045,  0.065
 76260,  0.300,  0.080,  0.334,  0.166,  0.205, -0.096
 76320,  0.504,  0.173,  0.390,  0.052,  0.179,  0.006
 76380,  0.467,  0.147,  0.394,  0.064,  0.205, -0.055
 76440,  0.493,  0.145,  0.378,  0.073,  0.163, -0.006
 76500,  0.635,  0.126,  0.425,  0.066,  0.245,  0.024
 76560,  0.504,  0.080,  0.352,  0.043,  0.179, -0.047
 76620,  0.540,  0.187,  0.414,  0.085,  0.136, -0.005
 76680,  0.483,  0.155,  0.368,  0.062,  0.167, -0.019
 76740,  0.521,  0.136,  0.364,  0.054,  0.212, -0.020
 76800,  0.604,  0.128,  0.404,  0.047,  0.167,  0.004
 76860,  0.483,  0.150,  0.379,  0.063,  0.142, -0.045
 76920,  0.517,  0.070,  0.298,  0.069,  0.185, -0.052
 76980,  0.646,  0.114,  0.417,  0.041,  0.218,  0.028
 77040,  0.591,  0.115,  0.348,  0.080,  0.162,  0.022
 77100,  0.740,  0.128,  0.356,  0.083,  0.137,  0.004
 77160,  0.542,  0.120,  0.344,  0.059,  0.157,  0.029
 77220,  0.717,  0.077,  0.456,  0.090,  0.159,  0.040
 77280,  0.581,  0.042,  0.460,  0.074,  0.179,  0.035
 77340,  0.628,  0.071,  0.457,  0.055,  0.198, -0.010
 77400,  0.577,  0.150,  0.342,  0.094,  0.156,  0.024
 77460,  0.666,  0.041,  0.388,  0.070,  0.147,  0.027
 77520,  0.602,  0.097,  0.344,  0.069,  0.136,  0.069
 77580,  0.711,  0.174,  0.311,  0.068,  0.145,  0.081
 77640,  0.629,  0.037,  0.405,  0.071,  0.198,  0.153
 77700,  0.728,  0.127,  0.406,  0.073,  0.115,  0.134
 77760,  0.645,  0.075,  0.447,  0.100,  0.211,  0.051
 77820,  0.603,  0.079,  0.393,  0.083,  0.139,  0.073
 77880,  0.697,  0.101,  0.402,  0.062,  0.134,  0.108
 77940,  0.606,  0.057,  0.304,  0.070,  0.130,  0.055
 78000,  0.565,  0.164,  0.409,  0.073,  0.126,  0.039
 78060,  0.426, -0.007,  0.564,  0.091,  0.143,  0.016
 78120,  0.664,  0.132,  0.416,  0.106,  0.107,  0.155
 78180,  0.620,  0.070,  0.404,  0.083,  0.132,  0.069
 78240,  0.791,  0.129,  0.302,  0.062,  0.134,  0.071
 78300,  0.660,  0.071,  0.307,  0.083,  0.153,  0.079
 78360,  0.693,  0.055,  0.368,  0.066,  0.156, -0.009
 78420,  0.716,  0.027,  0.391,  0.078,  0.103,  0.032
 78480,  0.736,  0.014,  0.332,  0.075,  0.137,  0.081
 78540,  0.635,  0.126,  0.355,  0.052,  0.112,  0.093
 78600,  0.730,  0.088,  0.431,  0.087,  0.170,  0.130
 78660,  0.676,  0.101,  0.277,  0.083,  0.147,  0.096
 78720,  0.610,  0.083,  0.352,  0.081,  0.144,  0.065
 78780,  0.938,  0.080,  0.607,  0.128,  0.348,  0.051
 78840,  0.727,  0.048,  0.361,  0.066,  0.124,  0.030
 78900,  0.672,  0.021,  0.344,  0.059,  0.119,  0.068
 78960,  0.700,  0.072,  0.238,  0.065,  0.134,  0.113
 79020,  0.738, -0.008,  0.253,  0.074,  0.159,  0.048
 79080,  0.674,  0.054,  0.395,  0.096,  0.131,  0.076
 79140,  0.655,  0.097,  0.429,  0.118,  0.146,  0.059
 79200,  0.730,  0.047,  0.320,  0.088,  0.120,  0.065
 79260,  0.669,  0.008,  0.287,  0.091,  0.186, -0.011
 79320,  0.672,  0.079,  0.178,  0.070,  0.149,  0.083
 79380,  0.799, -0.022,  0.228,  0.078,  0.142,  0.002
 79440,  0.707,  0.037,  0.263,  0.072,  0.114,  0.009
 79500,  0.691, -0.004,  0.242,  0.089,  0.149,  0.088
 79560,  0.738, -0.019,  0.271,  0.103,  0.102,  0.025
 79620,  0.701,  0.015,  0.250,  0.116,  0.137,  0.067
 79680,  0.621, -0.023,  0.207,  0.075,  0.140,  0.004
 79740,  0.991,  0.053,  0.405,  0.132,  0.361, -0.029
 79800,  0.696,  0.052,  0.295,  0.090,  0.179,  0.042
 79860,  0.841, -0.024,  0.221,  0.061,  0.133, -0.029
 79920, -9999.000, -9999.000, -9999.000, -9999.000, -9999.000, -9999.000
 79980,  0.724,  0.008,  0.189,  0.100,  0.095,  0.058
 80040,  0.900, -0.017,  0.310,  0.112,  0.186,  0.051
 80100,  0.705,  0.019,  0.262,  0.071,  0.111,  0.068
 80160,  0.729, -0.053,  0.263,  0.070,  0.123,  0.076
 80220,  0.716, -0.017,  0.273,  0.098,  0.171,  0.011
 80280,  0.774,  0.023,  0.413,  0.099,  0.186, -0.007
 80340,  0.777,  0.053,  0.460,  0.089,  0.107,  0.111
 80400,  0.645,  0.055,  0.373,  0.084,  0.137, -0.000
 80460,  0.606, -0.037,  0.378,  0.061,  0.192, -0.001
 80520,  0.727,  0.054,  0.335,  0.061,  0.146,  0.022
 80580,  0.721,  0.154,  0.395,  0.102,  0.180, -0.046
 80640,  0.654,  0.056,  0.270,  0.055,  0.125, -0.021
 80700,  0.670,  0.079,  0.360,  0.105,  0.120, -0.047
 80760,  0.650,  0.042,  0.396,  0.081,  0.145,  0.020
 80820,  0.636,  0.002,  0.280,  0.091,  0.188,  0.022
 80880,  0.786,  0.070,  0.370,  0.082,  0.190,  0.014
 80940,  0.709,  0.065,  0.273,  0.086,  0.171,  0.007
 81000,  0.602,  0.123,  0.265,  0.093,  0.172,  0.018
 81060,  0.624,  0.079,  0.297,  0.113,  0.127, -0.005
 81120,  0.628,  0.069,  0.302,  0.077,  0.215, -0.047
 81180,  0.683,  0.029,  0.306,  0.104,  0.142,  0.014
 81240,  0.719,  0.049,  0.287,  0.103,  0.148,  0.036
 81300,  0.546,  0.017,  0.346,  0.097,  0.122, -0.022
 81360,  0.611,  0.136,  0.330,  0.077,  0.191, -0.022
 81420,  0.705,  0.102,  0.442,  0.079,  0.132,  0.039
 81480,  0.593,  0.082,  0.238,  0.089,  0.146, -0.010
 81540,  0.743,  0.080,  0.308,  0.098,  0.192,  0.014
 81600,  0.625,  0.088,  0.269,  0.102,  0.213, -0.026
 81660,  0.658,  0.079,  0.348,  0.074,  0.234, -0.007
 81720,  0.672,  0.055,  0.324,  0.131,  0.187, -0.055
 81780,  0.950,  0.606,  1.040, -0.005,  0.332, -0.005
 81840,  0.633,  0.060,  0.329,  0.114,  0.146, -0.074
 81900,  0.627,  0.096,  0.257,  0.091,  0.195,  0.007
 81960,  0.589,  0.081,  0.265,  0.075,  0.154, -0.002
 82020,  0.553,  0.100,  0.227,  0.045,  0.130, -0.015
 82080,  0.602,  0.052,  0.387,  0.103,  0.161,  0.053
 82140,  0.596,  0.043,  0.441,  0.069,  0.173,  0.044
 82200,  0.604,  0.065,  0.277,  0.077,  0.157, -0.004
 82260,  0.723,  0.113,  0.299,  0.058,  0.178,  0.001
 82320,  0.589,  0.098,  0.272,  0.091,  0.167, -0.039
 82380,  0.502,  0.075,  0.318,  0.048,  0.120,  0.005
 82440,  0.489,  0.118,  0.376,  0.073,  0.150,  0.006
 82500,  0.627,  0.178,  0.324,  0.079,  0.097,  0.065
 82560,  0.611,  0.137,  0.423,  0.102,  0.152,  0.026
 82620,  0.545,  0.156,  0.379,  0.087,  0.154,  0.082
 82680,  0.591,  0.070,  0.420,  0.071,  0.128,  0.050
 82740,  0.688,  0.076,  0.459,  0.062,  0.099,  0.083
 82800,  0.557,  0.063,  0.322,  0.063,  0.124, -0.011
 82860,  0.642,  0.034,  0.352,  0.092,  0.099,  0.013
 82920,  0.888,  0.024,  0.644,  0.149,  0.345, -0.011
 82980,  0.799,  0.158,  0.331,  0.086,  0.229,  0.023
 83040,  0.634,  0.136,  0.235,  0.075,  0.121,  0.042
 83100,  0.540,  0.252,  0.271,  0.082,  0.116,  0.009
 83160,  0.619,  0.040,  0.264,  0.088,  0.087,  0.034
 83220,  0.592, -9999.000,  0.328,  0.040,  0.104,  0.088
 83280,  0.471, -9999.000,  0.380,  0.088,  0.133,  0.108
 83340,  0.440, -9999.000,  0.235,  0.074,  0.109,  0.063
 83400,  0.623, -9999.000,  0.264,  0.070,  0.092,  0.039
 83460,  0.551, -9999.000,  0.318,  0.067,  0.068,  0.010
 83520,  0.526, -9999.000,  0.285,  0.059,  0.094,  0.068
 83580,  0.725, -9999.000,  0.332,  0.003,  0.147,  0.262
 83640,  0.594, -9999.000,  0.219,  0.051,  0.031, -0.048
 83700,  0.533, -9999.000,  0.278,  0.079,  0.102,  0.007
 83760,  0.525, -9999.000,  0.343,  0.064,  0.095,  0.093
 83820,  0.656, -9999.000,  0.325,  0.055,  0.159,  0.020
 83880,  0.620, -9999.000,  0.394,  0.087,  0.075,  0.009
 83940,  0.710, -9999.000,  0.351,  0.077,  0.138,  0.065
 84000,  0.691, -9999.000,  0.321,  0.079,  0.176,  0.055
 84060,  0.721, -9999.000,  0.380,  0.065,  0.178,  0.063
 84120,  0.542, -9999.000,  0.372,  0.071,  0.174,  0.102
 84180,  0.765, -9999.000,  0.396,  0.076,  0.206,  0.064
 84240, -9999.000, -9999.000, -9999.000, -9999.000, -9999.000, -9999.000
 84300, -9999.000, -9999.000, -9999.000, -9999.000, -9999.000, -9999.000
 84360,  0.667, -9999.000,  0.546,  0.033,  0.091,  0.143
 84420,  0.781, -9999.000,  0.378,  0.051,  0.142,  0.030
 84480,  0.579, -9999.000,  0.339,  0.043,  0.124,  0.047
 84540,  0.525, -9999.000,  0.379, -0.018,  0.216, -0.118
 84600,  0.692, -9999.000,  0.476,  0.046,  0.183,  0.026
 84660,  0.722, -9999.000,  0.416,  0.065,  0.181,  0.046
 84720,  0.693, -9999.000,  0.440,  0.073,  0.140,  0.107
 84780,  0.661, -9999.000,  0.421,  0.082,  0.191,  0.028
 84840,  0.738, -9999.000,  0.517,  0.086,  0.145,  0.121
 84900,  0.796, -9999.000,  0.498,  0.049,  0.183,  0.041
 84960,  0.617, -9999.000,  0.331,  0.074,  0.137,  0.068
 85020,  0.638, -9999.000,  0.411,  0.067,  0.163,  0.033
 85080,  0.768, -9999.000,  0.398,  0.070,  0.180,  0.064
 85140,  0.569, -9999.000,  0.357,  0.029,  0.139,  0.056
 85200,  0.777, -9999.000,  0.341,  0.105,  0.147,  0.105
 85260,  0.669, -9999.000,  0.376,  0.102,  0.164,  0.213
 85320,  0.538, -9999.000,  0.310,  0.068,  0.124,  0.142
 85380,  0.565, -9999.000,  0.405,  0.068,  0.184,  0.285
 85440,  0.618, -9999.000,  0.403,  0.091,  0.138,  0.293
 85500,  0.632, -9999.000,  0.525,  0.087,  0.160,  0.405
 85560,  0.683, -9999.000,  0.552,  0.060,  0.208,  0.033
 85620,  0.644, -9999.000,  0.383,  0.095,  0.161,  0.067
 85680,  0.608, -9999.000,  0.253,  0.080,  0.146,  0.035
 85740,  0.701, -9999.000,  0.296,  0.082,  0.116, -0.017
 85800,  0.597, -9999.000,  0.358,  0.056,  0.155,  0.048
