CampaignData_and_Merges/R0/CSL_MobileLab_Parked/raw/20240816/USOS-NOy-LIF_MobileLabGround_20240816_R0.ict
39,1001
Rollins, A.; Waxman, E.; Zuraski, K.; Chace, W.
NOAA Chemical Sciences Laboratory
LIF NO/NOx/NOy on CSL Mobile Lab
AMMBEC / USOS
1, 1
2024,08,16, 2025,01,06
1
Time_Start, seconds, number_of_seconds_since_0000_UTC
7
1, 1, 1, 1, 1, 1, 1
-9999, -9999, -9999, -9999, -9999, -9999, -9999
Time_Stop, seconds, number_of_seconds_since_0000_UTC
NO_LIF, pptv, Gas_NO_InSitu_S_AVMR, volume mixing ratio of nitric oxide in air
NO2_LIF, pptv, Gas_NO2_InSitu_S_AVMR, volume mixing ratio of nitrogen dioxide in air
NOy_LIF, pptv, Gas_NOy_InSitu_S_AVMR, volume mixing ratio of total oxidized nitrogen in air
NO_LIF_1SigmaAccuracy, pptv, Gas_NO_InSitu_S_AVMR, volume mixing ratio of nitric oxide in air
NO2_LIF_1SigmaAccuracy, pptv, Gas_NO2_InSitu_S_AVMR, volume mixing ratio of nitrogen dioxide in air
NOy_LIF_1SigmaAccuracy, pptv, Gas_NOy_InSitu_S_AVMR, volume mixing ratio of total oxidized nitrogen in air
0
18
PI_CONTACT_INFO: andrew.rollins@noaa.gov
PLATFORM: CSL Mobile Lab
LOCATION: Salt Lake City, UT
ASSOCIATED_DATA:
INSTRUMENT_INFO: NO detection by laser induced fluorescence. NO2 detection by photolytic conversion to NO. NOy detection by catalytic conversion to NO on gold surface
DATA_INFO:
UNCERTAINTY: Included 1 Sigma Accuracy waves represent the combined calibration uncertainties (±6%, ±9%, ±10%) and zero uncertainties (3 ppt, 20 ppt, 100 ppt) for NO, NO2, and NOy, respectively.
ULOD_FLAG: -7777
ULOD_VALUE: N/A
LLOD_FLAG: -8888
LLOD_VALUE: N/A
DM_CONTACT_INFO: andrew.rollins@noaa.gov
PROJECT_INFO: USOS Project, July - August 2024
STIPULATIONS_ON_USE: Users are strongly encouraged to contact the PI for proper data usage.
OTHER_COMMENTS:
REVISION: R0
R0: final data
Time_Start, Time_Stop, NO_LIF, NO2_LIF, NOy_LIF, NO_LIF_1SigmaAccuracy, NO2_LIF_1SigmaAccuracy, NOy_LIF_1SigmaAccuracy
[from data line 266]
   15960,   16020,256.19,7512,12264,18.371, 696.08, 1326.4
   16020,   16080,1867.2,10508,15397,115.03, 965.75, 1639.7
   16080,   16140,1978.2,13655,16022,121.69, 1248.9, 1702.2
   16140,   16200,3074.1,18378,21988,187.45, 1674, 2298.8
   16200,   16260,2182.5,18031,24834,133.95, 1642.7, 2583.4
   16260,   16320,1481.6,17268,22062,91.898, 1574.1, 2306.2
   16320,   16380,612.11,13231,18091,39.727, 1210.8, 1909.1
   16380,   16440,1270.6,14354,17650,79.234, 1311.8, 1865
   16440,   16500,1023.9,12813,17457,64.434, 1173.2, 1845.7
   16500,   16560,490.48,9088.1,15660,32.429, 837.93, 1666
   16560,   16620,348.07,9954.1,16314,23.884, 915.86, 1731.4
   16620,   16680,281.66,8034.8,13836,19.9, 743.14, 1483.6
   16680,   16740,1374.7,10617,14183,85.484, 975.5, 1518.3
   16740,   16800,478.56,9333.8,13997,31.714, 860.05, 1499.7
   16800,   16860,346.69,7896.7,11717,23.801, 730.71, 1271.7
   16860,   16920,188.54,7225,10062,14.312, 670.25, 1106.2
   16920,   16980,120.65,7242.2,9717.2,10.239, 671.8, 1071.7
   16980,   17040,116.71,7443.7,10225,10.003, 689.93, 1122.5
   17040,   17100,167.44,7620.5,10119,13.046, 705.85, 1111.9
   17100,   17160,237.93,8303.1,10025,17.276, 767.28, 1102.5
   17160,   17220,195.53,8447,10369,14.732, 780.23, 1136.9
   17220,   17280,146.15,8602.8,9702.9,11.769, 794.25, 1070.3
   17280,   17340,375.23,9521.9,10681,25.514, 876.97, 1168.1
   17340,   17400,172.13,9109.8,9996.4,13.328, 839.88, 1099.6
   17400,   17460,128.1,7913.3,10229,10.686, 732.2, 1122.9
   17460,   17520,59.794,7167.9,9708.2,6.5876, 665.11, 1070.8
   17520,   17580,84.055,7500.8,9660.5,8.0433, 695.07, 1066.1
   17580,   17640,164.86,7627.1,9052.7,12.892, 706.44, 1005.3
   17640,   17700,218.52,8921.7,9579.9,16.111, 822.96, 1058
   17700,   17760,149.25,9322.9,9428,11.955, 859.06, 1042.8
   17760,   17820,92.957,9571,9573.8,8.5774, 881.39, 1057.4
   17820,   17880,404.76,10884,10595,27.286, 999.58, 1159.5
   17880,   17940,4583.3,18997,11076,278, 1729.7, 1207.6
   17940,   18000,3646.8,17872,17625,221.81, 1628.5, 1862.5
   18000,   18060,908.16,12759,20388,57.49, 1168.3, 2138.8
   18060,   18120,743.49,12177,17241,47.609, 1116, 1824.1
   18120,   18180,375.47,11312,15348,25.528, 1038, 1634.8
   18180,   18240,297.76,9909.1,14198,20.866, 911.82, 1519.8
   18240,   18300,575.57,11164,13268,37.534, 1024.7, 1426.8
   18300,   18360,2937.4,16424,15714,179.24, 1498.2, 1671.4
   18360,   18420,1709.1,15795,19277,105.54, 1441.6, 2027.7
   18420,   18480,2077.8,18004,21361,127.67, 1640.4, 2236.1
   18480,   18540,3837.5,18736,22579,233.25, 1706.2, 2357.9
   18540,   18600,1605.1,16767,20668,99.307, 1529, 2166.8
   18600,   18660,1323.6,13811,20137,82.416, 1263, 2113.7
   18660,   18720,307.09,9345.2,15352,21.425, 861.07, 1635.2
   18720,   18780,359.92,8471,12097,24.595, 782.39, 1309.7
   18780,   18840,359.64,8117.5,11075,24.579, 750.57, 1207.5
   18840,   18900,181.04,8038.1,11508,13.862, 743.43, 1250.8
   18900,   18960,146.54,8666.4,11509,11.792, 799.98, 1250.9
   18960,   19020,626.76,8556.3,10961,40.605, 790.06, 1196.1
   19020,   19080,159.55,6643.5,10432,12.573, 617.92, 1143.2
   19080,   19140,131.08,7257,9547.8,10.865, 673.13, 1054.8
   19140,   19200,878.17,9519.1,10520,55.69, 876.72, 1152
   19200,   19260,552.91,8592,10543,36.175, 793.28, 1154.3
   19260,   19320,-9999,-9999,-9999,-9999, -9999, -9999
   19320,   19380,-9999,-9999,-9999,-9999, -9999, -9999
   19380,   19440,-9999,-9999,-9999,-9999, -9999, -9999
   19440,   19500,-9999,-9999,-9999,-9999, -9999, -9999
   19500,   19560,-9999,-9999,-9999,-9999, -9999, -9999
   19560,   19620,-9999,-9999,-9999,-9999, -9999, -9999
   19620,   19680,-9999,-9999,-9999,-9999, -9999, -9999
   19680,   19740,585.41,9201,12412,38.125, 848.09, 1341.2
   19740,   19800,208.5,7357.9,11003,15.51, 682.21, 1200.3
   19800,   19860,67.157,5693.9,10043,7.0294, 532.45, 1104.3
   19860,   19920,163.76,6161.6,8909.2,12.826, 574.54, 990.92
   19920,   19980,1017.3,9514.9,8637.9,64.038, 876.34, 963.79
   19980,   20040,273.61,7854.3,10257,19.417, 726.89, 1125.7
   20040,   20100,125.14,6366.9,8105.6,10.509, 593.02, 910.56
   20100,   20160,114.93,6430.6,7929.9,9.896, 598.75, 892.99
   20160,   20220,172.13,6766.1,8187.4,13.328, 628.95, 918.74
   20220,   20280,58.397,5299.8,7151.4,6.5038, 496.98, 815.14
   20280,   20340,54.623,5574,7386.8,6.2774, 521.66, 838.68
   20340,   20400,81.461,6098.1,7213.6,7.8877, 568.83, 821.36
   20400,   20460,96.822,6191.1,7238.6,8.8093, 577.2, 823.86
   20460,   20520,65.948,5632.2,7045.9,6.9569, 526.9, 804.59
   20520,   20580,475.09,6631.5,7215.2,31.505, 616.83, 821.52
   20580,   20640,2448.1,9957.7,13345,149.89, 916.2, 1434.5
   20640,   20700,955.23,8133.4,13597,60.314, 752, 1459.7
   20700,   20760,428.49,6579.2,10891,28.71, 612.13, 1189.1
   20760,   20820,209.14,5177,9224.7,15.548, 485.93, 1022.5
   20820,   20880,239.13,5836.7,8763.3,17.348, 545.31, 976.33
   20880,   20940,519.85,7491.5,8522.1,34.191, 694.23, 952.21
   20940,   21000,455.38,7815.8,9909,30.323, 723.42, 1090.9
   21000,   21060,952.87,7446.4,10261,60.172, 690.17, 1126.1
   21060,   21120,1301.1,6081.4,10429,81.067, 567.33, 1142.9
   21120,   21180,272.69,5242,9477.1,19.361, 491.78, 1047.7
   21180,   21240,71.061,4848.2,7832.8,7.2636, 456.34, 883.28
   21240,   21300,613.44,6368.5,7406.1,39.807, 593.17, 840.61
   21300,   21360,165.17,5321.1,6817.9,12.91, 498.9, 781.79
   21360,   21420,251,6331.9,7712,18.06, 589.87, 871.2
   21420,   21480,96.041,5697.4,6863.6,8.7624, 532.77, 786.36
   21480,   21540,85.902,5524.2,6569.9,8.1541, 517.18, 756.99
   21540,   21600,57.02,5202.1,6494.7,6.4212, 488.19, 749.47
   21600,   21660,39.093,4728.8,6379.7,5.3456, 445.59, 737.97
   21660,   21720,184.13,5729.8,6966.3,14.048, 535.68, 796.63
   21720,   21780,100.16,5683.9,7097.5,9.0096, 531.55, 809.75
   21780,   21840,98.428,4854.2,6785.1,8.9057, 456.88, 778.51
   21840,   21900,43.329,4258.3,5959.1,5.5997, 403.25, 695.91
   21900,   21960,249.49,4369.1,5481.1,17.969, 413.22, 648.11
   21960,   22020,86.96,4078.3,5677.8,8.2176, 387.04, 667.78
   22020,   22080,77.385,4522.9,5228.8,7.6431, 427.06, 622.88
   22080,   22140,154.45,5816,6232.4,12.267, 543.44, 723.24
   22140,   22200,56.326,5182.5,6270.3,6.3795, 486.43, 727.03
   22200,   22260,120.58,4712.1,5798.1,10.235, 444.09, 679.81
   22260,   22320,210.81,5939,6182.2,15.648, 554.51, 718.22
   22320,   22380,502.04,8493,6668.6,33.123, 784.37, 766.86
   22380,   22440,120.63,7040.2,7997.9,10.238, 653.62, 899.79
   22440,   22500,63.616,6063.7,8159.5,6.8169, 565.73, 915.95
   22500,   22560,82.129,6440.5,7996.9,7.9277, 599.65, 899.69
   22560,   22620,62.877,6020,7373.9,6.7726, 561.8, 837.39
   22620,   22680,19.013,4972.4,7582.9,4.1408, 467.51, 858.29
   22680,   22740,34.476,5613.8,7304.3,5.0685, 525.24, 830.43
   22740,   22800,21.66,5465.6,7169.1,4.2996, 511.91, 816.91
   22800,   22860,19.342,5825.9,7065.8,4.1605, 544.33, 806.58
   22860,   22920,57.351,7780.2,6662.2,6.441, 720.22, 766.22
   22920,   22980,63.225,9499.9,7573,6.7935, 874.99, 857.3
   22980,   23040,35.441,7721.7,7880.8,5.1265, 714.95, 888.08
   23040,   23100,80.084,7675.5,7849.4,7.805, 710.8, 884.94
   23100,   23160,93.513,8549,8070.8,8.6108, 789.41, 907.08
   23160,   23220,113.08,9727.1,9711.8,9.7848, 895.44, 1071.2
   23220,   23280,205.06,10933,10383,15.304, 1004, 1138.3
   23280,   23340,288.68,11412,11905,20.321, 1047.1, 1290.5
   23340,   23400,553.32,11137,12985,36.199, 1022.3, 1398.5
   23400,   23460,558.41,12228,14394,36.505, 1120.6, 1539.4
   23460,   23520,497.76,11731,14423,32.866, 1075.8, 1542.3
   23520,   23580,414.4,11394,13662,27.864, 1045.5, 1466.2
   23580,   23640,419.04,11604,14207,28.142, 1064.4, 1520.7
   23640,   23700,193.8,8905.3,11431,14.628, 821.48, 1243.1
   23700,   23760,131.43,7939.4,10380,10.886, 734.55, 1138
   23760,   23820,170.17,9626.8,10825,13.21, 886.41, 1182.5
   23820,   23880,187.59,9053.3,11468,14.255, 834.8, 1246.8
   23880,   23940,229.82,8696,10944,16.789, 802.64, 1194.4
   23940,   24000,213.9,8132,9943.5,15.834, 751.88, 1094.4
   24000,   24060,194.68,8232,9772.6,14.681, 760.88, 1077.3
   24060,   24120,150.38,8617.1,9955.2,12.023, 795.53, 1095.5
   24120,   24180,142.27,9169.2,10773,11.536, 845.23, 1177.3
   24180,   24240,115.46,9232.3,10977,9.9275, 850.91, 1197.7
   24240,   24300,190.64,9475.5,11235,14.439, 872.8, 1223.5
   24300,   24360,124.34,9354.4,11173,10.46, 861.9, 1217.3
   24360,   24420,133.83,9167.2,10872,11.03, 845.04, 1187.2
   24420,   24480,383.79,9600,10948,26.027, 884, 1194.8
   24480,   24540,358.17,9884.9,11535,24.49, 909.64, 1253.5
   24540,   24600,115.89,9309.8,10749,9.9531, 857.88, 1174.9
   24600,   24660,46.011,8504.7,9943.4,5.7607, 785.42, 1094.3
   24660,   24720,98.467,9190.5,10426,8.908, 847.14, 1142.6
   24720,   24780,90.896,8862.2,10342,8.4538, 817.6, 1134.2
   24780,   24840,24.195,7910.9,10043,4.4517, 731.98, 1104.3
   24840,   24900,50.404,8503.8,9503.7,6.0242, 785.34, 1050.4
   24900,   24960,53.136,8416.8,9952.8,6.1882, 777.52, 1095.3
   24960,   25020,40.568,7448.8,9657.9,5.4341, 690.39, 1065.8
   25020,   25080,39.469,7797.4,9317.4,5.3682, 721.77, 1031.7
   25080,   25140,77.516,6230.5,8521.6,7.651, 580.75, 952.16
   25140,   25200,39.917,6156.5,8148.3,5.395, 574.08, 914.83
   25200,   25260,37.318,6739.9,9255.7,5.2391, 626.59, 1025.6
   25260,   25320,43.534,6702.3,9183.6,5.6121, 623.21, 1018.4
   25320,   25380,33.813,5876,8567.7,5.0288, 548.84, 956.77
   25380,   25440,27.925,5728.3,7777.2,4.6755, 535.55, 877.72
   25440,   25500,24.227,5506.8,7156.7,4.4536, 515.62, 815.67
   25500,   25560,52.427,4771.9,5731.6,6.1456, 449.47, 673.16
   25560,   25620,20.831,4758.2,5726.8,4.2499, 448.24, 672.68
   25620,   25680,10.313,5047.4,5885,3.6188, 474.27, 688.5
   25680,   25740,10.498,4978.5,5873.8,3.6299, 468.06, 687.38
   25740,   25800,79.739,5381,5976.7,7.7843, 504.29, 697.67
   25800,   25860,78.735,5734.2,6369.9,7.7241, 536.08, 736.99
   25860,   25920,38.34,5725.7,6874.9,5.3004, 535.31, 787.49
   25920,   25980,15.42,5577.7,6701.6,3.9252, 521.99, 770.16
   25980,   26040,7.3618,5029.2,6094.5,3.4417, 472.63, 709.45
   26040,   26100,24.685,5346.5,6278.9,4.4811, 501.18, 727.89
   26100,   26160,13.358,5418.7,6338.7,3.8015, 507.68, 733.87
   26160,   26220,21.41,5304.3,6350.7,4.2846, 497.38, 735.07
   26220,   26280,157.23,5796.2,10429,12.434, 541.65, 1142.9
   26280,   26340,218.72,6152.9,8103.9,16.123, 573.76, 910.39
   26340,   26400,14.18,5192.2,6489.5,3.8508, 487.3, 748.95
   26400,   26460,1322,6523.2,11608,82.319, 607.09, 1260.8
   26460,   26520,1772.3,6309.3,15420,109.34, 587.84, 1642
   26520,   26580,15.903,5077.7,7327.5,3.9542, 476.99, 832.75
   26580,   26640,79.374,6153.6,7594.4,7.7625, 573.83, 859.44
   26640,   26700,35.909,6243.1,7361.4,5.1545, 581.88, 836.14
   26700,   26760,34.319,6237.4,7430.9,5.0591, 581.37, 843.09
   26760,   26820,19.953,5526.4,7376.7,4.1972, 517.38, 837.67
   26820,   26880,21.446,5423,7429.9,4.2868, 508.07, 842.99
   26880,   26940,32.128,5547,7216.9,4.9277, 519.23, 821.69
   26940,   27000,12.663,4899.1,6744.8,3.7598, 460.92, 774.48
   27000,   27060,9.9548,4804.3,6050.9,3.5973, 452.39, 705.09
   27060,   27120,49.666,6508.3,6792.5,5.98, 605.75, 779.25
   27120,   27180,44.983,7300.3,8235.4,5.699, 677.03, 923.54
   27180,   27240,42.697,6906.4,8325.9,5.5618, 641.57, 932.59
   27240,   27300,-9999,-9999,-9999,-9999, -9999, -9999
   27300,   27360,-9999,-9999,-9999,-9999, -9999, -9999
   27360,   27420,-9999,-9999,-9999,-9999, -9999, -9999
   27420,   27480,-9999,-9999,-9999,-9999, -9999, -9999
   27480,   27540,-9999,-9999,-9999,-9999, -9999, -9999
   27540,   27600,-9999,-9999,-9999,-9999, -9999, -9999
   27600,   27660,-9999,-9999,-9999,-9999, -9999, -9999
   27660,   27720,302.1,8507.4,11280,21.126, 785.66, 1228
   27720,   27780,62.331,7268.1,10358,6.7399, 674.13, 1135.8
   27780,   27840,58.986,6217.6,8201.3,6.5392, 579.59, 920.13
   27840,   27900,67.553,6026.6,7866.9,7.0532, 562.39, 886.69
   27900,   27960,39.037,6377.5,8173.5,5.3422, 593.98, 917.35
   27960,   28020,62.739,7195.8,9000.4,6.7643, 667.62, 1000
   28020,   28080,59.187,7134.4,10119,6.5512, 662.1, 1111.9
   28080,   28140,86.508,7383,9724.3,8.1905, 684.47, 1072.4
   28140,   28200,371.2,8419.3,11712,25.272, 777.74, 1271.2
   28200,   28260,1337.6,12470,14234,83.253, 1142.3, 1523.4
   28260,   28320,353.34,9100.8,12598,24.2, 839.07, 1359.8
   28320,   28380,250.56,10782,12612,18.034, 990.34, 1361.2
   28380,   28440,133.55,10217,11798,11.013, 939.54, 1279.8
   28440,   28500,44.869,8669.2,13449,5.6921, 800.23, 1444.9
   28500,   28560,19.051,7695.9,12465,4.143, 712.63, 1346.5
   28560,   28620,44.613,9457.8,12408,5.6768, 871.2, 1340.8
   28620,   28680,30.86,8485.1,10639,4.8516, 783.66, 1163.9
   28680,   28740,37.96,8659.9,11158,5.2776, 799.39, 1215.8
   28740,   28800,84.631,10064,11466,8.0778, 925.77, 1246.6
   28800,   28860,44.973,10443,11861,5.6984, 959.88, 1286.1
   28860,   28920,36.502,9978.7,11294,5.1901, 918.08, 1229.4
   28920,   28980,24.181,9048.8,11044,4.4508, 834.39, 1204.4
   28980,   29040,46.985,8406.5,9984.1,5.8191, 776.58, 1098.4
   29040,   29100,85.971,8364.8,10574,8.1582, 772.83, 1157.4
   29100,   29160,205.2,8812.6,10680,15.312, 813.14, 1168
   29160,   29220,63.612,8682.7,10166,6.8167, 801.44, 1116.6
   29220,   29280,108.38,8783.3,10362,9.503, 810.5, 1136.2
   29280,   29340,84.109,8387.3,9835.7,8.0466, 774.86, 1083.6
   29340,   29400,117.07,8732.7,9897.8,10.024, 805.94, 1089.8
   29400,   29460,57.073,8365.3,10044,6.4244, 772.87, 1104.4
   29460,   29520,68.373,8516.7,10032,7.1024, 786.5, 1103.2
   29520,   29580,185.35,8694.6,10135,14.121, 802.51, 1113.5
   29580,   29640,158.05,8301.4,10279,12.483, 767.12, 1127.9
   29640,   29700,36.805,8217.1,9892.6,5.2083, 759.54, 1089.3
   29700,   29760,144.96,9267.3,9786.4,11.697, 854.06, 1078.6
   29760,   29820,1915.7,11291,12235,117.94, 1036.1, 1323.5
   29820,   29880,1027.1,9440.3,15297,64.628, 869.63, 1629.7
   29880,   29940,115.05,8081.2,10905,9.9031, 747.31, 1190.5
   29940,   30000,361.78,8537.3,10636,24.707, 788.36, 1163.6
   30000,   30060,132.68,8723.9,10662,10.961, 805.15, 1166.2
   30060,   30120,208.5,8655.3,9721.6,15.51, 798.97, 1072.2
   30120,   30180,119.83,8086.1,9567.2,10.19, 747.75, 1056.7
   30180,   30240,330.75,8275.6,9924.9,22.845, 764.8, 1092.5
   30240,   30300,156.38,8267.1,10291,12.383, 764.03, 1129.1
   30300,   30360,199.05,7705.5,9346.5,14.943, 713.49, 1034.6
   30360,   30420,131.8,7934.4,9382.1,10.908, 734.09, 1038.2
   30420,   30480,162.02,8039.3,9431.5,12.721, 743.53, 1043.1
   30480,   30540,44.44,8045.2,9475.9,5.6664, 744.07, 1047.6
   30540,   30600,39.46,7520.9,9065.8,5.3676, 696.88, 1006.6
   30600,   30660,20.242,6186,8959,4.2145, 576.74, 995.9
   30660,   30720,68.675,6999.2,8450.2,7.1205, 649.93, 945.02
   30720,   30780,132,8312.2,9047.1,10.92, 768.1, 1004.7
   30780,   30840,91.546,8375.3,9118.3,8.4928, 773.78, 1011.8
   30840,   30900,113.8,7437.6,9081.1,9.8283, 689.38, 1008.1
   30900,   30960,77.192,7159.8,8852.3,7.6315, 664.38, 985.23
   30960,   31020,51.52,6477.6,8772.3,6.0912, 602.98, 977.23
   31020,   31080,34.244,6400.8,8415,5.0546, 596.07, 941.5
   31080,   31140,42.126,6645.9,8255,5.5276, 618.13, 925.5
   31140,   31200,19.418,6292.9,7747.2,4.1651, 586.36, 874.72
   31200,   31260,31.029,6347.3,7618.6,4.8617, 591.26, 861.86
   31260,   31320,105.51,6404.8,7679.2,9.3305, 596.43, 867.92
   31320,   31380,2606,9872.2,9005,159.36, 908.5, 1000.5
   31380,   31440,383.68,7329.6,10084,26.021, 679.66, 1108.4
   31440,   31500,120.37,6881.5,11394,10.222, 639.33, 1239.4
   31500,   31560,81.354,6266.7,10092,7.8812, 584, 1109.2
   31560,   31620,238.04,7189.5,8378.2,17.282, 667.06, 937.82
   31620,   31680,75.946,6165.1,8384.3,7.5568, 574.86, 938.43
   31680,   31740,93.008,6357.4,8336.1,8.5805, 592.16, 933.61
   31740,   31800,188.33,7772.1,9237.1,14.3, 719.49, 1023.7
