CampaignData_and_Merges/R0/CSL_MobileLab_Parked/raw/20240816/USOS-NOAAIodideCIMS-HCOOH_MobileLabGround_20240816_RA.ict
33, 1001
Michael A Robinson, Chris Jernigan, Subi Thakali
NOAA ESRL Chemical Sciences Laboratory and CIRES, U. of Colorado
NOAA Iodide CIMS Instrument
USOS
1, 1
2024, 08, 16, 2024, 08, 18
1
starttime_UTC, seconds_past_midnight, seconds_of_day_since_00:00:00_UTC
1
1
-9999
HCOOH_NOAACIMS, pptv, Gas_HCOOH_InSitu_S_AVMR, 
0
18
PI_CONTACT_INFO: 325 Broadway, R/CSD 7, Boulder, Colorado 80305; michael.a.robinson@noaa.gov; chris.jernigan@noaa.gov;
PLATFORM: NOAA CSL Mobile Lab
LOCATION: SLC, Utah
ASSOCIATED_DATA: 1Hz data also available on request.
INSTRUMENT_INFO: NOAA I- ToF CIMS
DATA_INFO: All data in parts per trillion by volume (pptv). 1 Hz data is available upon request.
UNCERTAINTY: TBD
ULOD_FLAG: -7777
ULOD_VALUE: N/A
LLOD_FLAG: -8888
LLOD_VALUE: N/A
DM_CONTACT_INFO: Nathan Howard; nathan.h.howard@noaa.gov
PROJECT_INFO: USOS, summer 2024. https://csl.noaa.gov/groups/csl7/measurements/2024usos/
STIPULATIONS_ON_USE: Users are strongly encouraged to contact the PI for proper data usage.
OTHER_COMMENTS: 
REVISION: RA
RA: Preliminary Data; For in-field use only
starttime_UTC, HCOOH_NOAACIMS
     0, 522.197
    60, 774.956
   120, 2765.675
   180, 987.304
   240, 520.521
   300, 506.393
   360, 486.579
   420, 523.503
   480, -9999.000
   540, 491.690
   600, 465.371
   660, 483.436
   720, 481.606
   780, 511.977
   840, 552.212
   900, 518.369
   960, 530.317
  1020, 488.738
  1080, 476.116
  1140, 472.210
  1200, 510.753
  1260, 470.351
  1320, 486.605
  1380, 499.097
  1440, 492.614
  1500, 499.281
  1560, 505.723
  1620, 504.151
  1680, 487.609
  1740, 478.675
  1800, 472.725
  1860, 464.109
  1920, 480.208
  1980, 467.458
  2040, 526.166
  2100, 526.409
  2160, 528.032
  2220, 518.074
  2280, 497.324
  2340, 534.272
  2400, 526.643
  2460, 564.153
  2520, 574.822
  2580, 530.594
  2640, 549.652
  2700, 531.616
  2760, 533.022
  2820, 585.070
  2880, 540.043
  2940, 519.688
  3000, 535.520
  3060, 525.330
  3120, 572.168
  3180, 584.924
  3240, 618.959
  3300, 621.011
  3360, 630.889
  3420, 637.191
  3480, 647.306
  3540, 603.320
  3600, 547.649
  3660, 485.209
  3720, 492.134
  3780, 563.458
  3840, 526.532
  3900, 550.135
  3960, 551.682
  4020, 565.488
  4080, 574.644
  4140, 651.582
  4200, -9999.000
  4260, 682.253
  4320, 675.278
  4380, 708.284
  4440, 732.779
  4500, 737.872
  4560, 727.538
  4620, 744.202
  4680, 763.512
  4740, 709.330
  4800, 712.517
  4860, 724.348
  4920, 690.786
  4980, 725.906
  5040, 757.260
  5100, 782.077
  5160, 804.224
  5220, 765.609
  5280, 815.882
  5340, 816.514
  5400, 816.845
  5460, 787.941
  5520, 753.039
  5580, 783.847
  5640, 815.411
  5700, 817.260
  5760, 833.626
  5820, 804.844
  5880, 773.919
  5940, 836.079
  6000, 844.155
  6060, 838.313
  6120, 861.593
  6180, 829.716
  6240, 818.433
  6300, 880.679
  6360, 887.921
  6420, 851.856
  6480, 862.294
  6540, 899.756
  6600, 874.432
  6660, 828.005
  6720, 869.076
  6780, 881.990
  6840, 899.293
  6900, 1364.582
  6960, 1036.518
  7020, 1229.113
  7080, 932.061
  7140, 879.142
  7200, 864.998
  7260, 877.965
  7320, 935.743
  7380, 912.909
  7440, 941.055
  7500, 988.726
  7560, 966.307
  7620, 1013.561
  7680, 1014.686
  7740, 1035.925
  7800, 1060.992
  7860, 1106.136
  7920, 1217.192
  7980, 1161.118
  8040, 1147.442
  8100, 1160.019
  8160, 1208.644
  8220, 1242.149
  8280, 1231.782
  8340, 1183.126
  8400, 1104.185
  8460, 1143.139
  8520, 1169.594
  8580, 1248.323
  8640, 1215.300
  8700, 1296.857
  8760, 1248.985
  8820, 1338.416
  8880, 1336.220
  8940, 1327.110
  9000, 1379.879
  9060, 1341.081
  9120, 1296.460
  9180, 1417.214
  9240, 1493.891
  9300, 1486.105
  9360, 1424.404
  9420, 1585.348
  9480, 1653.587
  9540, 1687.551
  9600, 1708.202
  9660, 1759.440
  9720, 1736.400
  9780, 1657.823
  9840, 1692.618
  9900, 1821.237
  9960, 1688.889
 10020, 1721.272
 10080, 1705.942
 10140, 1738.816
 10200, 1759.171
 10260, 1739.940
 10320, 1808.805
 10380, 1714.092
 10440, 1935.328
 10500, 1770.648
 10560, 1734.186
 10620, 1877.973
 10680, 1818.262
 10740, 1844.477
 10800, 1846.339
 10860, 1772.775
 10920, 1779.835
 10980, 1799.172
 11040, 1667.954
 11100, 1632.528
 11160, 1627.906
 11220, 1556.493
 11280, 1608.046
 11340, 1660.314
 11400, 1555.750
 11460, 1539.298
 11520, 1520.474
 11580, -9999.000
 11640, 1505.280
 11700, 1421.119
 11760, 1398.042
 11820, 1408.019
 11880, 1397.455
 11940, 1339.226
 12000, 1292.713
 12060, 1356.413
 12120, 1272.315
 12180, 1251.952
 12240, 1206.892
 12300, 1231.016
 12360, 1265.004
 12420, 1254.806
 12480, 1168.439
 12540, 1174.750
 12600, 1152.037
 12660, 1151.896
 12720, 1112.681
 12780, 1100.861
 12840, 1085.397
 12900, 1073.305
 12960, 1049.418
 13020, 1022.019
 13080, 1066.722
 13140, 1029.860
 13200, 1113.777
 13260, 1222.911
 13320, 1398.728
 13380, 1397.361
 13440, -9999.000
 13500, 1267.883
 13560, 1271.049
 13620, 1151.157
 13680, 987.981
 13740, 879.598
 13800, 892.266
 13860, 909.655
 13920, 906.106
 13980, 878.140
 14040, 1036.779
 14100, 1249.731
 14160, 1208.732
 14220, 1240.251
 14280, 1237.753
 14340, 1188.004
 14400, 1067.534
 14460, 1082.325
 14520, 1111.843
 14580, 1141.754
 14640, 1215.778
 14700, 1206.074
 14760, 1188.710
 14820, 1173.047
 14880, 1121.326
 14940, 1144.855
 15000, 1267.918
 15060, 1310.192
 15120, 1243.549
 15180, 1145.369
 15240, 1179.963
 15300, -9999.000
 15360, 1157.570
 15420, 1149.726
 15480, 1137.358
 15540, 1112.019
 15600, 1118.240
 15660, 1136.093
 15720, 1127.125
 15780, 1054.533
 15840, 1031.070
 15900, 1015.755
 15960, 958.757
 16020, 953.593
 16080, 1009.421
 16140, 1026.036
 16200, 1037.954
 16260, 1040.341
 16320, 1044.716
 16380, 1047.239
 16440, 990.810
 16500, 954.341
 16560, 930.707
 16620, 946.377
 16680, 984.034
 16740, 975.844
 16800, 940.664
 16860, 960.666
 16920, 980.344
 16980, 962.057
 17040, 953.469
 17100, 954.585
 17160, 949.773
 17220, 981.963
 17280, 974.468
 17340, 984.191
 17400, 966.031
 17460, 965.599
 17520, 952.558
 17580, 950.705
 17640, 976.860
 17700, 977.466
 17760, 990.139
 17820, 992.841
 17880, 1025.817
 17940, 1145.954
 18000, 1148.737
 18060, 1164.049
 18120, 1138.964
 18180, 1105.689
 18240, 1128.196
 18300, 1090.606
 18360, 1059.669
 18420, 1075.747
 18480, 1068.263
 18540, 1109.935
 18600, 1103.845
 18660, 1064.596
 18720, 1035.240
 18780, 995.952
 18840, 1019.137
 18900, 986.357
 18960, -9999.000
 19020, 955.151
 19080, 1004.028
 19140, 1002.321
 19200, 929.965
 19260, 969.532
 19320, 907.932
 19380, 902.772
 19440, 885.240
 19500, 909.516
 19560, 900.529
 19620, 894.640
 19680, 885.284
 19740, 858.890
 19800, 864.846
 19860, 895.593
 19920, 869.574
 19980, 887.574
 20040, 876.376
 20100, 883.706
 20160, 872.926
 20220, 855.157
 20280, 864.823
 20340, 866.131
 20400, 880.241
 20460, 890.188
 20520, 904.420
 20580, 919.091
 20640, 921.699
 20700, 895.832
 20760, 875.326
 20820, -9999.000
 20880, 953.362
 20940, 946.382
 21000, 939.726
 21060, 940.847
 21120, 908.795
 21180, 912.794
 21240, 899.013
 21300, 885.640
 21360, 945.167
 21420, 896.768
 21480, 891.432
 21540, 889.419
 21600, 904.555
 21660, 925.804
 21720, 918.054
 21780, 869.446
 21840, 854.792
 21900, 871.248
 21960, 866.449
 22020, 912.859
 22080, 933.984
 22140, 890.126
 22200, 864.757
 22260, 881.714
 22320, 887.430
 22380, 898.694
 22440, 921.598
 22500, 957.852
 22560, 909.319
 22620, 867.017
 22680, -9999.000
 22740, 966.642
 22800, 948.066
 22860, 926.994
 22920, 936.167
 22980, 959.912
 23040, 982.690
 23100, 979.391
 23160, 1005.694
 23220, 1021.683
 23280, 1034.675
 23340, 1048.552
 23400, 1026.817
 23460, 1007.877
 23520, 1043.076
 23580, 1091.074
 23640, 1074.754
 23700, 1121.951
 23760, 1130.712
 23820, 1164.595
 23880, 1163.149
 23940, 1121.939
 24000, 1052.513
 24060, 994.265
 24120, 1030.778
 24180, 1009.286
 24240, 960.322
 24300, 1013.063
 24360, 1008.209
 24420, 971.869
 24480, 973.197
 24540, 972.366
 24600, 969.882
 24660, 1013.647
 24720, 1019.900
 24780, 901.717
 24840, 899.287
 24900, 860.834
 24960, 848.962
 25020, 834.913
 25080, 778.521
 25140, 789.115
 25200, 783.713
 25260, 766.865
 25320, 711.931
 25380, 723.840
 25440, 677.697
 25500, 636.304
 25560, 637.472
 25620, 652.103
 25680, 661.633
 25740, 660.361
 25800, 661.073
 25860, 652.800
 25920, 649.582
 25980, 655.050
 26040, 650.219
 26100, 649.301
 26160, 687.004
 26220, 735.291
 26280, 699.111
 26340, 665.140
 26400, 761.648
 26460, 674.544
 26520, 712.625
 26580, 806.831
 26640, 807.668
 26700, 791.755
 26760, 717.719
 26820, 751.715
 26880, 717.396
 26940, 702.728
 27000, 732.792
 27060, 831.173
 27120, 796.040
 27180, 837.993
 27240, 847.830
 27300, 852.547
 27360, 805.411
 27420, 820.158
 27480, 894.325
 27540, 921.050
 27600, 915.276
 27660, 897.258
 27720, 880.345
 27780, 821.898
 27840, 816.593
 27900, 860.240
 27960, 861.332
 28020, 912.413
 28080, 892.950
 28140, 961.628
 28200, 960.944
 28260, 890.039
 28320, 937.811
 28380, 894.650
 28440, 873.900
 28500, 897.677
 28560, 932.535
 28620, 930.546
 28680, 971.958
 28740, 993.400
 28800, 979.522
 28860, 1021.238
 28920, 1007.955
 28980, 1009.459
 29040, 1070.095
 29100, 1057.631
 29160, 1047.155
 29220, 1090.795
 29280, 1096.524
 29340, 1124.826
 29400, 1103.039
 29460, 1130.626
 29520, 1150.871
 29580, 1126.035
 29640, 1137.809
 29700, 1100.296
 29760, 1096.605
 29820, 1117.915
 29880, 1132.693
 29940, 1142.999
 30000, 1143.185
 30060, -9999.000
 30120, 1097.092
 30180, 1091.062
 30240, 1105.051
 30300, 1098.379
 30360, 1145.392
 30420, 1139.849
 30480, 1103.854
 30540, 1065.418
 30600, 1005.590
 30660, 1065.321
 30720, 1121.532
 30780, 1102.987
 30840, 1085.587
 30900, 1059.000
 30960, 1016.989
 31020, 1027.364
 31080, 1076.774
 31140, 1059.684
 31200, 1038.112
 31260, 1043.641
 31320, 1070.395
 31380, 1099.865
 31440, 1091.916
 31500, 1085.311
 31560, 1087.846
 31620, 1071.454
 31680, 1088.275
 31740, 1119.365
 31800, 1092.062
 31860, 1069.231
 31920, 1058.418
 31980, 986.630
 32040, 906.341
 32100, 874.306
 32160, 914.471
 32220, 871.545
 32280, 914.602
 32340, 944.500
 32400, 953.320
 32460, 955.054
 32520, 974.598
 32580, 974.684
 32640, 990.848
 32700, 987.663
 32760, 986.513
 32820, 982.285
 32880, 1003.543
 32940, 992.298
 33000, 980.951
 33060, 1006.581
 33120, 1003.514
 33180, 942.464
 33240, 932.161
 33300, 944.243
 33360, 966.976
 33420, 957.628
 33480, 958.372
 33540, 949.288
 33600, 1002.135
 33660, 1020.632
 33720, 1035.153
 33780, -9999.000
 33840, 1048.851
 33900, 1022.437
 33960, 1045.994
 34020, 1041.144
 34080, 1031.515
 34140, 1049.063
 34200, 1107.626
 34260, 1086.028
 34320, 1109.726
 34380, 1115.496
 34440, 1075.745
 34500, 1066.352
 34560, 1062.090
 34620, 1065.974
 34680, 1097.455
 34740, 1132.744
 34800, 1140.845
 34860, 1130.359
 34920, 1135.817
 34980, 1133.339
 35040, 1102.797
 35100, 1078.521
 35160, 1093.924
 35220, 1133.892
 35280, 1100.785
 35340, 1082.921
 35400, 1070.284
 35460, 1087.722
 35520, 1103.861
 35580, 1086.801
 35640, 1084.173
 35700, 1075.973
 35760, 1055.490
 35820, 1114.224
 35880, 1113.920
 35940, 1148.266
 36000, 1151.596
 36060, 1148.771
 36120, 1117.467
 36180, 1106.836
 36240, 1113.678
 36300, 1107.120
 36360, 1131.984
 36420, 1128.977
 36480, 1118.141
 36540, 1078.546
 36600, 1071.253
 36660, 1084.556
 36720, 1083.396
 36780, 1079.188
 36840, 1072.450
 36900, 1060.192
 36960, 1070.469
 37020, 1055.092
 37080, 1087.961
 37140, 1081.707
 37200, 1097.147
 37260, 1092.780
 37320, 1089.959
 37380, 1070.987
 37440, -9999.000
 37500, 1088.064
 37560, 1093.010
 37620, 1102.818
 37680, 1116.741
 37740, 1095.795
 37800, 1098.008
 37860, 1122.960
 37920, 1178.363
 37980, 1192.988
 38040, 1186.354
 38100, 1188.317
 38160, 1190.232
 38220, 1181.933
 38280, 1168.110
 38340, 1154.600
 38400, 1162.034
 38460, 1248.148
 38520, 1236.983
 38580, 1217.057
 38640, 1220.490
 38700, 1225.470
 38760, 1247.807
 38820, 1238.661
 38880, 1245.329
 38940, 1278.529
 39000, 1275.641
 39060, 1270.300
 39120, 1271.604
 39180, 1273.359
 39240, 1271.039
 39300, -9999.000
 39360, 1290.043
 39420, 1302.628
 39480, 1291.629
 39540, 1290.673
 39600, 1296.979
 39660, 1309.124
 39720, 1318.960
 39780, 1309.662
 39840, 1300.083
 39900, 1323.251
 39960, 1368.425
 40020, 1351.852
 40080, 1321.126
 40140, 1274.107
 40200, 1260.077
 40260, 1240.960
 40320, 1209.856
 40380, 1233.544
 40440, 1250.262
 40500, 1258.228
 40560, 1220.393
 40620, 1218.147
 40680, 1229.098
 40740, 1211.929
 40800, 1199.823
 40860, 1185.002
 40920, 1204.444
 40980, 1198.933
 41040, 1167.813
 41100, 1163.638
 41160, -9999.000
 41220, 1193.373
 41280, 1179.987
 41340, 1190.938
 41400, 1204.932
 41460, 1281.193
 41520, 1303.608
 41580, 1263.476
 41640, 1307.728
 41700, 1320.545
 41760, 1341.706
 41820, 1323.987
 41880, 1341.349
 41940, 1348.568
 42000, 1371.967
 42060, 1354.419
 42120, 1329.446
 42180, 1323.246
 42240, 1304.366
 42300, 1295.757
 42360, 1297.832
 42420, 1287.868
 42480, 1301.859
 42540, 1282.416
 42600, 1362.228
 42660, 1464.975
 42720, 1501.449
 42780, 1502.307
 42840, 1530.464
 42900, 1515.243
 42960, 1553.314
 43020, 1522.056
 43080, 1540.003
 43140, 1556.208
 43200, 1591.360
 43260, 1607.242
 43320, 1564.913
 43380, 1515.254
 43440, 1506.784
 43500, 1505.789
 43560, 1537.356
 43620, 1597.156
 43680, 1576.458
 43740, 1558.648
 43800, 1571.636
 43860, 1565.718
 43920, 1568.135
 43980, 1555.850
 44040, 1556.277
 44100, 1547.477
 44160, 1545.606
 44220, 1547.927
 44280, 1535.409
 44340, 1538.900
 44400, 1494.542
 44460, 1505.209
 44520, 1529.917
 44580, 1545.736
 44640, 1536.360
 44700, 1488.257
 44760, 1469.659
 44820, -9999.000
 44880, 1410.352
 44940, 1438.038
 45000, 1465.982
 45060, 1513.572
 45120, 1522.195
 45180, 1473.200
 45240, 1494.381
 45300, 1454.476
 45360, 1393.839
 45420, 1389.705
 45480, 1334.992
 45540, 1322.383
 45600, 1291.133
 45660, 1285.409
 45720, 1297.518
 45780, 1293.899
 45840, 1292.589
 45900, 1307.896
 45960, 1266.879
 46020, 1237.793
 46080, 1227.469
 46140, 1222.698
 46200, 1229.094
 46260, 1254.913
 46320, 1182.596
 46380, 1198.036
 46440, 1174.061
 46500, 1182.070
 46560, 1176.771
 46620, 1166.783
 46680, -9999.000
 46740, 1134.173
 46800, 1190.257
 46860, 1385.150
 46920, 1281.722
 46980, 1223.392
 47040, 1168.869
 47100, 1129.709
 47160, 1082.483
 47220, 1051.449
 47280, 1046.381
 47340, 1045.469
 47400, 1055.430
 47460, 1030.634
 47520, 1022.806
 47580, 1016.234
 47640, 1040.748
 47700, 986.262
 47760, 1006.276
 47820, 1010.688
 47880, 996.480
 47940, 990.781
 48000, 985.658
 48060, 997.403
 48120, 966.377
 48180, 981.457
 48240, 1024.181
 48300, 998.914
 48360, 1020.942
 48420, 1021.447
 48480, 1048.940
 48540, -9999.000
 48600, 1043.311
 48660, 1025.230
 48720, 1048.853
 48780, 1055.613
 48840, 1075.592
 48900, 1037.803
 48960, 1073.303
 49020, 1091.845
 49080, 1041.519
 49140, 1007.169
 49200, 1017.771
 49260, 992.556
 49320, 983.325
 49380, 986.567
 49440, 1009.886
 49500, 1012.908
 49560, 1007.215
 49620, 1061.946
 49680, 1063.048
 49740, 1047.384
 49800, 1023.076
 49860, 1041.716
 49920, 1047.831
 49980, 1045.110
 50040, 1059.659
 50100, 1057.492
 50160, 1027.274
 50220, 1047.217
 50280, 1044.573
 50340, 1021.141
 50400, 1016.400
 50460, 1040.219
 50520, 1017.568
 50580, 1010.603
 50640, 992.043
 50700, 970.020
 50760, 971.096
 50820, 946.797
 50880, 939.562
 50940, 958.851
 51000, 972.803
 51060, 973.769
 51120, 990.883
 51180, 985.210
 51240, 940.543
 51300, 943.339
 51360, 935.278
 51420, 934.334
 51480, 911.954
 51540, 903.504
 51600, 910.352
 51660, 903.523
 51720, 916.897
 51780, 932.966
 51840, 936.151
 51900, 934.770
 51960, 920.942
 52020, 934.329
 52080, 933.090
 52140, 958.044
 52200, 957.561
 52260, 961.393
 52320, 977.108
 52380, 993.895
 52440, 1002.429
 52500, 995.420
 52560, 970.962
 52620, 982.058
 52680, 995.868
 52740, 1031.493
 52800, 1013.112
 52860, 985.162
 52920, 987.167
 52980, 997.093
 53040, 984.583
 53100, 973.641
 53160, 974.058
 53220, 957.059
 53280, 980.244
 53340, 967.433
 53400, 975.106
 53460, 961.629
 53520, 975.037
 53580, 931.067
 53640, 939.501
 53700, 959.146
 53760, 948.354
 53820, 988.023
 53880, 999.028
 53940, 1022.144
 54000, 1006.216
 54060, 994.845
 54120, 967.169
 54180, 990.366
 54240, 1028.995
 54300, 1024.652
 54360, 1011.541
 54420, 975.681
 54480, 945.749
 54540, 949.563
 54600, 907.679
 54660, 888.878
 54720, 843.664
 54780, 919.123
 54840, 908.815
 54900, 917.974
 54960, 932.736
 55020, 934.708
 55080, 963.521
 55140, 966.504
 55200, 954.724
 55260, 957.846
 55320, 947.374
 55380, 963.922
 55440, 981.177
 55500, 986.773
 55560, 983.328
 55620, 984.864
 55680, 992.890
 55740, 1026.987
 55800, 1065.354
 55860, 1094.036
 55920, -9999.000
 55980, 904.913
 56040, 849.118
 56100, 856.371
 56160, 900.719
 56220, 894.195
 56280, 867.106
 56340, 843.965
 56400, 883.649
 56460, 897.087
 56520, 939.446
 56580, 940.860
 56640, 889.694
 56700, 907.520
 56760, 942.777
 56820, 886.957
 56880, 870.005
 56940, 882.447
 57000, 854.036
 57060, 864.536
 57120, 859.165
 57180, 888.280
 57240, 921.234
 57300, 917.614
 57360, 901.867
 57420, 932.767
 57480, 896.063
 57540, 882.847
 57600, 938.338
 57660, 925.565
 57720, 1034.165
 57780, 1012.332
 57840, 888.189
