CampaignData_and_Merges/R0/CSL_MobileLab_Parked/raw/20240816/USOS-jNO2_MobileLabGround_20240816_R0.ict
52,1001
Waxman, E.; Rollins, A.; Zuraski, K.; Chace, W.
NOAA Chemical Sciences Laboratory
jNO2 filter radiometer on CSL Mobile Lab
AMMBEC / USOS
1, 1
2024,08,16, 2025,04,01
60
Time_Start, seconds, number_of_seconds_since_0000_UTC
20
1, 1, 1, 1, 1, 1, 1, 1, 1, 1, 1, 1, 1, 1, 1, 1, 1, 1, 1, 1
-9999, -9999, -9999, -9999, -9999, -9999, -9999, -9999, -9999, -9999, -9999, -9999, -9999, -9999, -9999, -9999, -9999, -9999, -9999, -9999
Time_Stop, seconds, number_of_seconds_since_0000_UTC
jNO2_meas, per second, photolysis rate of NO2 measured using a filter radiometer.
jBrCl, per second, photolysis rate of BrCl -> Br + Cl calculated in TUV for cloud-free sky with local AOD
jBr2, per second, photolysis rate of Br2 -> Br + Br calculated in TUV for cloud-free sky with local AOD
jCCl4, per second, photolysis rate of CCl4 -> Products calcualted in TUV for cloud-free sky with local AOD
jCH2Oa, per second, photolysis rate of CH2O -> H + HCO calculated in TUV for cloud-free sky with local AOD
jCH2Ob, per second, photolysis rate of CH2O -> H2 + CO calculated in TUV for cloud-free sky with local AOD
jClNO2, per second, photolysis rate of ClNO2 -> Cl + NO2 calculated in TUV for cloud-free sky with local AOD
jClOa, per second, photolysis rate of ClO -> Cl + O(1D) calculated in TUV for cloud-free sky with local AOD
jClOb, per second, photolysis rate of ClO -> Cl + O(3P) calculated in TUV for cloud-free sky with local AOD
jCl2, per second, photolysis rate of Cl2 -> Cl + Cl calculated in TUV for cloud-free sky with local AOD
jHNO2, per second, photolysis rate of HNO2 -> OH + NO calculated in TUV for cloud-free sky with local AOD
jHNO3, per second, photolysis rate of HNO3 -> OH + NO2 calculated in TUV for cloud-free sky with local AOD
jI2, per second, photolysis rate of I2 -> I + I calculated in TUV for cloud-free sky with local AOD
jNO2, per second, photolysis rate of NO2 -> NO + O(3P) calculated in TUV for cloud-free sky with local AOD
jNO3a, per second, photolysis rate of NO3 -> NO + O2 calculated in TUV for cloud-free sky with local AOD
jNO3b, per second, photolysis rate of NO3 -> NO2 + O(3P) calculated in TUV for cloud-free sky with local AOD
jN2O5, per second, photolysis rate of N2O5 -> NO3 + NO + O(3P) calculated in TUV for cloud-free sky with local AOD
jO3, per second, photolysis rate of O3 -> O2 + O(1D) calculated in TUV for cloud-free sky with local AOD
AOD_500nm, unitless, UTC daily mean AOD at 500 nm from an AERONET station located at 40.178 N, -112.452 E
0
18
PI_CONTACT_INFO: eleanor.waxman@noaa.gov
PLATFORM: CSL Mobile Lab, at ground site
LOCATION: Salt Lake City, UT
ASSOCIATED_DATA:
INSTRUMENT_INFO: jNO2 filter radiometer.  TUV calculations are for mobile van lat/lon/altitude assuming clear sky (cloud AOD = 0) and daily mean AOD.
DATA_INFO:
UNCERTAINTY: Data uncertainties are +/- 20%.  These come from uncertainties in radiometer angular response, radiometer thermal response, local interferences from clouds/aerosols/shadows etc.
ULOD_FLAG: -7777
ULOD_VALUE: N/A
LLOD_FLAG: -8888
LLOD_VALUE: N/A
DM_CONTACT_INFO: eleanor.waxman@noaa.gov
PROJECT_INFO: USOS Project, July - August 2024
STIPULATIONS_ON_USE: Users are strongly encouraged to contact the PI for proper data usage.
OTHER_COMMENTS: 
REVISION: R0
R0: final data
Time_Start, Time_Stop, jNO2_meas, jBrCl, jBr2, jCCl4, jCH2Oa, jCH2Ob, jClNO2, jClOa, jClOb, jCl2, jHNO2, jHNO3, jI2, jNO2, jNO3a, jNO3b, jN2O5, jO3, AOD_500nm
[from data line 821]
   49260,   49320,0.002245,0.003818,0.0142,4.629e-26,3.054e-06,7.431e-06,8.021e-05,1.723e-26,1.134e-06,0.0005048,0.0003576,3.458e-08,0.06063,0.00247,0.01306,0.09757,6.266e-06,7.324e-07,0.036
   49320,   49380,0.0022912,0.003881,0.01439,4.707e-26,3.146e-06,7.621e-06,8.216e-05,1.751e-26,1.18e-06,0.0005159,0.0003655,3.57e-08,0.06128,0.002521,0.01318,0.09856,6.423e-06,7.599e-07,0.036
   49380,   49440,0.0023401,0.003948,0.01459,4.783e-26,3.244e-06,7.823e-06,8.424e-05,1.778e-26,1.228e-06,0.0005276,0.0003738,3.689e-08,0.06194,0.002575,0.01329,0.09955,6.589e-06,7.888e-07,0.036
   49440,   49500,0.0023932,0.00401,0.01478,4.859e-26,3.338e-06,8.016e-06,8.62e-05,1.805e-26,1.274e-06,0.0005387,0.0003817,3.803e-08,0.06256,0.002625,0.01339,0.1005,6.747e-06,8.169e-07,0.036
   49500,   49560,0.0024421,0.004075,0.01498,4.941e-26,3.438e-06,8.221e-06,8.829e-05,1.835e-26,1.325e-06,0.0005505,0.0003901,3.926e-08,0.0632,0.002679,0.0135,0.1014,6.916e-06,8.473e-07,0.036
   49560,   49620,0.0024919,0.004139,0.01517,5.074e-26,3.54e-06,8.429e-06,9.04e-05,1.905e-26,1.379e-06,0.0005623,0.0003985,4.052e-08,0.06383,0.002733,0.01361,0.1024,7.086e-06,8.791e-07,0.036
   49620,   49680,0.0025379,0.0042,0.01536,5.101e-26,3.637e-06,8.626e-06,9.24e-05,1.891e-26,1.429e-06,0.0005734,0.0004063,4.172e-08,0.06442,0.002783,0.01371,0.1032,7.248e-06,9.095e-07,0.036
   49680,   49740,0.0025902,0.004263,0.01555,5.203e-26,3.744e-06,8.837e-06,9.454e-05,1.926e-26,1.487e-06,0.0005853,0.0004147,4.306e-08,0.06504,0.002836,0.01382,0.1042,7.422e-06,9.442e-07,0.036
   49740,   49800,0.002642,0.004331,0.01575,5.28e-26,3.858e-06,9.065e-06,9.684e-05,1.956e-26,1.546e-06,0.000598,0.0004237,4.446e-08,0.06568,0.002894,0.01392,0.1051,7.608e-06,9.795e-07,0.036
   49800,   49860,0.0026933,0.00439,0.01592,5.362e-26,3.96e-06,9.266e-06,9.887e-05,1.985e-26,1.601e-06,0.0006092,0.0004316,4.574e-08,0.06623,0.002943,0.01401,0.1059,7.773e-06,1.013e-06,0.036
   49860,   49920,0.0027414,0.004452,0.0161,5.45e-26,4.068e-06,9.482e-06,0.000101,2.016e-26,1.661e-06,0.0006211,0.00044,4.711e-08,0.06681,0.002996,0.01411,0.1068,7.949e-06,1.048e-06,0.036
   49920,   49980,0.0027875,0.004514,0.01628,5.538e-26,4.18e-06,9.699e-06,0.0001032,2.048e-26,1.724e-06,0.000633,0.0004483,4.851e-08,0.06738,0.003049,0.01421,0.1076,8.126e-06,1.086e-06,0.036
   49980,   50040,0.0028359,0.004571,0.01645,5.623e-26,4.285e-06,9.904e-06,0.0001053,2.078e-26,1.783e-06,0.0006442,0.0004562,4.985e-08,0.06791,0.003098,0.0143,0.1084,8.294e-06,1.121e-06,0.036
   50040,   50100,0.0028845,0.004631,0.01663,5.714e-26,4.398e-06,1.012e-05,0.0001074,2.11e-26,1.849e-06,0.0006561,0.0004645,5.129e-08,0.06846,0.003151,0.01439,0.1092,8.473e-06,1.16e-06,0.036
   50100,   50160,0.0029298,0.004691,0.0168,5.806e-26,4.513e-06,1.034e-05,0.0001096,2.143e-26,1.915e-06,0.000668,0.0004728,5.276e-08,0.069,0.003203,0.01448,0.11,8.653e-06,1.2e-06,0.036
   50160,   50220,0.0029824,0.004747,0.01696,5.893e-26,4.621e-06,1.055e-05,0.0001117,2.174e-26,1.979e-06,0.0006791,0.0004806,5.415e-08,0.0695,0.003251,0.01456,0.1108,8.823e-06,1.238e-06,0.036
   50220,   50280,0.0030247,0.004806,0.01713,5.987e-26,4.739e-06,1.077e-05,0.0001139,2.207e-26,2.049e-06,0.0006909,0.0004889,5.566e-08,0.07003,0.003303,0.01465,0.1115,9.004e-06,1.28e-06,0.036
   50280,   50340,0.003079,0.004864,0.0173,6.082e-26,4.857e-06,1.1e-05,0.0001161,2.241e-26,2.121e-06,0.0007028,0.0004971,5.719e-08,0.07054,0.003354,0.01473,0.1123,9.186e-06,1.323e-06,0.036
   50340,   50400,0.0031315,0.004918,0.01745,6.174e-26,4.969e-06,1.121e-05,0.0001182,2.274e-26,2.19e-06,0.0007139,0.0005049,5.865e-08,0.07102,0.003402,0.01481,0.113,9.358e-06,1.364e-06,0.036
   50400,   50460,0.0031747,0.004975,0.01761,6.272e-26,5.089e-06,1.143e-05,0.0001204,2.308e-26,2.265e-06,0.0007257,0.0005131,6.022e-08,0.07152,0.003453,0.01489,0.1137,9.542e-06,1.409e-06,0.036
   50460,   50520,0.0032216,0.005032,0.01777,6.371e-26,5.21e-06,1.166e-05,0.0001226,2.343e-26,2.342e-06,0.0007375,0.0005212,6.181e-08,0.072,0.003503,0.01497,0.1145,9.725e-06,1.455e-06,0.036
   50520,   50580,0.0032709,0.005084,0.01792,6.466e-26,5.325e-06,1.187e-05,0.0001247,2.377e-26,2.415e-06,0.0007485,0.0005289,6.333e-08,0.07246,0.00355,0.01505,0.1151,9.898e-06,1.498e-06,0.036
   50580,   50640,0.0033172,0.00514,0.01807,6.567e-26,5.449e-06,1.21e-05,0.000127,2.413e-26,2.495e-06,0.0007603,0.000537,6.496e-08,0.07293,0.0036,0.01513,0.1158,1.008e-05,1.546e-06,0.036
   50640,   50700,0.0033704,0.005195,0.01823,6.67e-26,5.573e-06,1.232e-05,0.0001292,2.449e-26,2.577e-06,0.000772,0.0005451,6.662e-08,0.0734,0.00365,0.0152,0.1165,1.027e-05,1.595e-06,0.036
   50700,   50760,0.0034186,0.005246,0.01837,6.768e-26,5.691e-06,1.254e-05,0.0001313,2.484e-26,2.655e-06,0.000783,0.0005526,6.818e-08,0.07383,0.003696,0.01527,0.1171,1.044e-05,1.642e-06,0.036
   50760,   50820,0.0034625,0.0053,0.01852,6.874e-26,5.817e-06,1.276e-05,0.0001335,2.521e-26,2.74e-06,0.0007946,0.0005606,6.988e-08,0.07428,0.003745,0.01535,0.1178,1.063e-05,1.693e-06,0.036
   50820,   50880,0.0035078,0.005353,0.01867,6.981e-26,5.943e-06,1.299e-05,0.0001357,2.559e-26,2.826e-06,0.0008062,0.0005686,7.158e-08,0.07472,0.003793,0.01542,0.1185,1.082e-05,1.744e-06,0.036
   50880,   50940,0.0035564,0.005402,0.0188,7.083e-26,6.064e-06,1.321e-05,0.0001378,2.595e-26,2.909e-06,0.0008171,0.000576,7.321e-08,0.07513,0.003839,0.01549,0.1191,1.099e-05,1.794e-06,0.036
   50940,   51000,0.0036022,0.005455,0.01895,7.193e-26,6.193e-06,1.344e-05,0.0001401,2.634e-26,2.999e-06,0.0008286,0.0005839,7.496e-08,0.07556,0.003887,0.01556,0.1197,1.118e-05,1.848e-06,0.036
   51000,   51060,0.0036474,0.005506,0.01909,7.304e-26,6.322e-06,1.367e-05,0.0001423,2.673e-26,3.091e-06,0.0008401,0.0005918,7.672e-08,0.07599,0.003935,0.01563,0.1203,1.137e-05,1.903e-06,0.036
   51060,   51120,0.0036865,0.005555,0.01922,7.41e-26,6.445e-06,1.388e-05,0.0001444,2.711e-26,3.18e-06,0.0008509,0.0005991,7.842e-08,0.07638,0.003979,0.01569,0.1209,1.154e-05,1.956e-06,0.036
   51120,   51180,0.0037284,0.005605,0.01936,7.526e-26,6.576e-06,1.411e-05,0.0001466,2.751e-26,3.275e-06,0.0008624,0.0006069,8.022e-08,0.07679,0.004027,0.01576,0.1215,1.173e-05,2.014e-06,0.036
   51180,   51240,0.0037762,0.005655,0.01949,7.642e-26,6.706e-06,1.434e-05,0.0001489,2.792e-26,3.369e-06,0.0008737,0.0006147,8.201e-08,0.07719,0.004073,0.01582,0.1221,1.192e-05,2.071e-06,0.036
   51240,   51300,0.0038215,0.005702,0.01962,7.753e-26,6.836e-06,1.456e-05,0.000151,2.831e-26,3.461e-06,0.0008845,0.0006219,8.376e-08,0.07757,0.004117,0.01588,0.1226,1.21e-05,2.126e-06,0.036
   51300,   51360,0.0038655,0.005738,0.01973,7.872e-26,6.964e-06,1.475e-05,0.0001527,2.873e-26,3.563e-06,0.0008928,0.0006266,8.559e-08,0.07795,0.004147,0.01595,0.1232,1.225e-05,2.187e-06,0.036
   51360,   51420,0.0039092,0.005798,0.01988,7.994e-26,7.098e-06,1.502e-05,0.0001554,2.916e-26,3.665e-06,0.0009068,0.000637,8.748e-08,0.07834,0.004206,0.01601,0.1238,1.247e-05,2.248e-06,0.036
   51420,   51480,0.0039523,0.005845,0.02001,8.11e-26,7.223e-06,1.523e-05,0.0001574,2.956e-26,3.762e-06,0.0009173,0.000644,8.925e-08,0.0787,0.004251,0.01607,0.1243,1.265e-05,2.307e-06,0.036
   51480,   51540,0.0039753,0.005893,0.02013,8.234e-26,7.358e-06,1.546e-05,0.0001597,3e-26,3.867e-06,0.0009286,0.0006518,9.115e-08,0.07907,0.004297,0.01613,0.1248,1.283e-05,2.37e-06,0.036
   51540,   51600,0.004035,0.00594,0.02026,8.361e-26,7.493e-06,1.569e-05,0.0001619,3.044e-26,3.974e-06,0.0009397,0.0006593,9.307e-08,0.07945,0.004342,0.01619,0.1254,1.302e-05,2.435e-06,0.036
   51600,   51660,0.0040782,0.005984,0.02038,8.482e-26,7.621e-06,1.59e-05,0.000164,3.087e-26,4.076e-06,0.0009502,0.0006663,9.489e-08,0.07978,0.004383,0.01624,0.1259,1.32e-05,2.497e-06,0.036
   51660,   51720,0.0041173,0.00603,0.0205,8.612e-26,7.757e-06,1.613e-05,0.0001662,3.133e-26,4.186e-06,0.0009612,0.0006737,9.684e-08,0.08014,0.004428,0.0163,0.1264,1.339e-05,2.563e-06,0.036
   51720,   51780,0.004163,0.006076,0.02062,8.744e-26,7.894e-06,1.636e-05,0.0001684,3.179e-26,4.298e-06,0.0009722,0.000681,9.881e-08,0.08049,0.004472,0.01636,0.1269,1.358e-05,2.631e-06,0.036
   51780,   51840,0.0042025,0.006119,0.02073,8.87e-26,8.023e-06,1.657e-05,0.0001704,3.223e-26,4.405e-06,0.0009824,0.0006879,1.007e-07,0.08082,0.004512,0.01641,0.1274,1.375e-05,2.696e-06,0.036
   51840,   51900,0.0042406,0.006164,0.02085,9.006e-26,8.16e-06,1.68e-05,0.0001726,3.271e-26,4.52e-06,0.0009933,0.0006951,1.027e-07,0.08116,0.004556,0.01646,0.1279,1.394e-05,2.766e-06,0.036
   51900,   51960,0.0042849,0.006208,0.02097,9.145e-26,8.298e-06,1.703e-05,0.0001748,3.32e-26,4.636e-06,0.001004,0.0007024,1.047e-07,0.08149,0.004598,0.01652,0.1284,1.413e-05,2.837e-06,0.036
   51960,   52020,0.004324,0.006249,0.02107,9.277e-26,8.428e-06,1.724e-05,0.0001769,3.366e-26,4.748e-06,0.001014,0.0007091,1.066e-07,0.0818,0.004639,0.01657,0.1288,1.43e-05,2.905e-06,0.036
   52020,   52080,0.0043654,0.006293,0.02119,9.419e-26,8.567e-06,1.747e-05,0.000179,3.416e-26,4.868e-06,0.001025,0.0007162,1.086e-07,0.08213,0.004681,0.01662,0.1293,1.449e-05,2.978e-06,0.036
   52080,   52140,0.0044042,0.006336,0.0213,9.565e-26,8.706e-06,1.769e-05,0.0001812,3.467e-26,4.99e-06,0.001036,0.0007233,1.107e-07,0.08245,0.004723,0.01667,0.1298,1.468e-05,3.052e-06,0.036
   52140,   52200,0.004449,0.006376,0.02141,9.704e-26,8.837e-06,1.791e-05,0.0001832,3.515e-26,5.106e-06,0.001046,0.0007299,1.126e-07,0.08275,0.004762,0.01672,0.1302,1.485e-05,3.123e-06,0.036
   52200,   52260,0.00449,0.006418,0.02151,9.854e-26,8.976e-06,1.813e-05,0.0001854,3.567e-26,5.23e-06,0.001056,0.0007369,1.147e-07,0.08306,0.004803,0.01677,0.1306,1.504e-05,3.199e-06,0.036
   52260,   52320,0.0045257,0.00646,0.02162,1.001e-25,9.116e-06,1.835e-05,0.0001875,3.62e-26,5.357e-06,0.001067,0.0007438,1.168e-07,0.08337,0.004844,0.01682,0.1311,1.523e-05,3.277e-06,0.036
   52320,   52380,0.004566,0.006499,0.02172,1.015e-25,9.248e-06,1.857e-05,0.0001895,3.671e-26,5.477e-06,0.001076,0.0007503,1.188e-07,0.08366,0.004882,0.01686,0.1315,1.54e-05,3.351e-06,0.036
   52380,   52440,0.0046023,0.00654,0.02183,1.031e-25,9.388e-06,1.879e-05,0.0001917,3.726e-26,5.607e-06,0.001087,0.0007572,1.209e-07,0.08396,0.004923,0.01691,0.1319,1.559e-05,3.43e-06,0.036
   52440,   52500,0.004637,0.006581,0.02193,1.047e-25,9.529e-06,1.901e-05,0.0001938,3.782e-26,5.738e-06,0.001097,0.0007639,1.23e-07,0.08425,0.004963,0.01696,0.1324,1.577e-05,3.511e-06,0.036
   52500,   52560,0.0046744,0.006618,0.02203,1.062e-25,9.661e-06,1.922e-05,0.0001958,3.835e-26,5.863e-06,0.001107,0.0007703,1.25e-07,0.08453,0.005,0.017,0.1328,1.595e-05,3.588e-06,0.036
   52560,   52620,0.0047153,0.006658,0.02213,1.079e-25,9.802e-06,1.944e-05,0.0001979,3.892e-26,5.998e-06,0.001117,0.000777,1.272e-07,0.08481,0.005039,0.01705,0.1332,1.613e-05,3.67e-06,0.036
   52620,   52680,0.0047502,0.006697,0.02223,1.095e-25,9.943e-06,1.966e-05,0.0002,3.951e-26,6.133e-06,0.001127,0.0007836,1.293e-07,0.0851,0.005078,0.01709,0.1336,1.632e-05,3.754e-06,0.036
   52680,   52740,0.0047863,0.006734,0.02232,1.111e-25,1.008e-05,1.987e-05,0.000202,4.007e-26,6.263e-06,0.001137,0.0007899,1.314e-07,0.08536,0.005115,0.01713,0.134,1.649e-05,3.834e-06,0.036
   52740,   52800,0.0048238,0.006772,0.02242,1.129e-25,1.022e-05,2.009e-05,0.0002041,4.067e-26,6.402e-06,0.001147,0.0007964,1.335e-07,0.08564,0.005153,0.01718,0.1344,1.667e-05,3.92e-06,0.036
   52800,   52860,0.0048646,0.00681,0.02252,1.146e-25,1.036e-05,2.031e-05,0.0002062,4.128e-26,6.542e-06,0.001157,0.0008029,1.357e-07,0.08591,0.005191,0.01722,0.1348,1.686e-05,4.007e-06,0.036
   52860,   52920,0.0049085,0.006846,0.02261,1.163e-25,1.049e-05,2.051e-05,0.0002082,4.187e-26,6.676e-06,0.001166,0.000809,1.378e-07,0.08616,0.005227,0.01726,0.1351,1.703e-05,4.089e-06,0.036
   52920,   52980,0.0049431,0.006883,0.0227,1.181e-25,1.063e-05,2.073e-05,0.0002102,4.25e-26,6.819e-06,0.001176,0.0008154,1.4e-07,0.08642,0.005264,0.0173,0.1355,1.721e-05,4.178e-06,0.036
   52980,   53040,0.0049805,0.00692,0.0228,1.2e-25,1.078e-05,2.095e-05,0.0002123,4.315e-26,6.964e-06,0.001186,0.0008218,1.422e-07,0.08668,0.005302,0.01734,0.1359,1.739e-05,4.268e-06,0.036
   53040,   53100,0.0050157,0.006955,0.02288,1.218e-25,1.091e-05,2.115e-05,0.0002142,4.377e-26,7.102e-06,0.001195,0.0008278,1.443e-07,0.08693,0.005336,0.01738,0.1362,1.757e-05,4.354e-06,0.036
   53100,   53160,0.0050531,0.006991,0.02297,1.237e-25,1.105e-05,2.137e-05,0.0002163,4.444e-26,7.25e-06,0.001205,0.0008341,1.466e-07,0.08718,0.005373,0.01742,0.1366,1.775e-05,4.446e-06,0.036
   53160,   53220,0.0050867,0.007027,0.02306,1.256e-25,1.119e-05,2.158e-05,0.0002183,4.511e-26,7.399e-06,0.001214,0.0008403,1.488e-07,0.08743,0.005409,0.01746,0.137,1.793e-05,4.539e-06,0.036
   53220,   53280,0.0051156,0.00706,0.02315,1.275e-25,1.132e-05,2.178e-05,0.0002202,4.577e-26,7.541e-06,0.001223,0.0008461,1.51e-07,0.08766,0.005443,0.0175,0.1373,1.81e-05,4.627e-06,0.036
   53280,   53340,0.0051576,0.007095,0.02323,1.296e-25,1.147e-05,2.2e-05,0.0002223,4.647e-26,7.693e-06,0.001233,0.0008523,1.532e-07,0.08791,0.005479,0.01754,0.1377,1.828e-05,4.722e-06,0.036
   53340,   53400,0.0051937,0.00713,0.02332,1.316e-25,1.161e-05,2.221e-05,0.0002243,4.719e-26,7.847e-06,0.001242,0.0008584,1.555e-07,0.08815,0.005514,0.01757,0.138,1.846e-05,4.818e-06,0.036
   53400,   53460,0.0052221,0.007162,0.0234,1.336e-25,1.174e-05,2.241e-05,0.0002262,4.787e-26,7.992e-06,0.001251,0.0008641,1.577e-07,0.08837,0.005547,0.01761,0.1383,1.862e-05,4.909e-06,0.036
   53460,   53520,0.0052537,0.007197,0.02349,1.358e-25,1.188e-05,2.262e-05,0.0002282,4.862e-26,8.149e-06,0.001261,0.0008701,1.599e-07,0.0886,0.005582,0.01765,0.1387,1.88e-05,5.007e-06,0.036
   53520,   53580,0.0052912,0.00723,0.02357,1.379e-25,1.202e-05,2.283e-05,0.0002301,4.937e-26,8.306e-06,0.00127,0.000876,1.622e-07,0.08884,0.005617,0.01768,0.139,1.898e-05,5.106e-06,0.036
   53580,   53640,0.0053238,0.007262,0.02365,1.4e-25,1.216e-05,2.302e-05,0.000232,5.01e-26,8.456e-06,0.001278,0.0008816,1.644e-07,0.08905,0.005649,0.01772,0.1393,1.915e-05,5.199e-06,0.036
   53640,   53700,0.0053517,0.007295,0.02373,1.423e-25,1.23e-05,2.323e-05,0.000234,5.088e-26,8.616e-06,0.001288,0.0008875,1.667e-07,0.08928,0.005683,0.01775,0.1396,1.932e-05,5.3e-06,0.036
   53700,   53760,0.0053829,0.007328,0.02381,1.446e-25,1.244e-05,2.344e-05,0.000236,5.169e-26,8.778e-06,0.001297,0.0008933,1.69e-07,0.0895,0.005717,0.01779,0.14,1.95e-05,5.402e-06,0.036
   53760,   53820,0.0054154,0.007358,0.02389,1.468e-25,1.257e-05,2.363e-05,0.0002378,5.245e-26,8.931e-06,0.001305,0.0008988,1.712e-07,0.0897,0.005748,0.01782,0.1403,1.967e-05,5.498e-06,0.036
   53820,   53880,0.0054475,0.00739,0.02397,1.492e-25,1.271e-05,2.384e-05,0.0002397,5.329e-26,9.095e-06,0.001314,0.0009045,1.736e-07,0.08992,0.005781,0.01785,0.1406,1.984e-05,5.602e-06,0.036
   53880,   53940,0.0054799,0.007422,0.02404,1.517e-25,1.285e-05,2.404e-05,0.0002417,5.413e-26,9.26e-06,0.001323,0.0009102,1.759e-07,0.09014,0.005814,0.01789,0.1409,2.002e-05,5.706e-06,0.036
   53940,   54000,0.0055156,0.007452,0.02412,1.54e-25,1.299e-05,2.423e-05,0.0002435,5.494e-26,9.417e-06,0.001332,0.0009155,1.781e-07,0.09033,0.005845,0.01792,0.1412,2.018e-05,5.805e-06,0.036
   54000,   54060,0.005544,0.007483,0.02419,1.566e-25,1.313e-05,2.443e-05,0.0002454,5.583e-26,9.585e-06,0.001341,0.0009212,1.805e-07,0.09054,0.005877,0.01795,0.1415,2.035e-05,5.911e-06,0.036
   54060,   54120,0.0055746,0.007514,0.02427,1.592e-25,1.327e-05,2.464e-05,0.0002473,5.672e-26,9.754e-06,0.001349,0.0009267,1.828e-07,0.09075,0.005909,0.01798,0.1418,2.053e-05,6.018e-06,0.036
   54120,   54180,0.005601,0.007542,0.02434,1.617e-25,1.34e-05,2.482e-05,0.0002491,5.759e-26,9.915e-06,0.001358,0.0009319,1.85e-07,0.09094,0.005939,0.01801,0.142,2.069e-05,6.119e-06,0.036
   54180,   54240,0.0056374,0.007573,0.02441,1.644e-25,1.354e-05,2.502e-05,0.000251,5.852e-26,1.009e-05,0.001366,0.0009374,1.874e-07,0.09114,0.00597,0.01804,0.1423,2.086e-05,6.228e-06,0.036
