CampaignData_and_Merges/R0/CSL_MobileLab_Parked/raw/20240816/USOS-NOAAIodideCIMS-HNO2_MobileLabGround_20240816_RA.ict
33, 1001
Michael A Robinson, Chris Jernigan, Subi Thakali
NOAA ESRL Chemical Sciences Laboratory and CIRES, U. of Colorado
NOAA Iodide CIMS Instrument
USOS
1, 1
2024, 08, 16, 2024, 08, 18
1
starttime_UTC, seconds_past_midnight, seconds_of_day_since_00:00:00_UTC
1
1
-9999
HNO2_NOAACIMS, pptv, Gas_HNO2_InSitu_S_AVMR, 
0
18
PI_CONTACT_INFO: 325 Broadway, R/CSD 7, Boulder, Colorado 80305; michael.a.robinson@noaa.gov; chris.jernigan@noaa.gov;
PLATFORM: NOAA CSL Mobile Lab
LOCATION: SLC, Utah
ASSOCIATED_DATA: 1Hz data also available on request.
INSTRUMENT_INFO: NOAA I- ToF CIMS
DATA_INFO: All data in parts per trillion by volume (pptv). 1 Hz data is available upon request.
UNCERTAINTY: TBD
ULOD_FLAG: -7777
ULOD_VALUE: N/A
LLOD_FLAG: -8888
LLOD_VALUE: N/A
DM_CONTACT_INFO: Nathan Howard; nathan.h.howard@noaa.gov
PROJECT_INFO: USOS, summer 2024. https://csl.noaa.gov/groups/csl7/measurements/2024usos/
STIPULATIONS_ON_USE: Users are strongly encouraged to contact the PI for proper data usage.
OTHER_COMMENTS: 
REVISION: RA
RA: Preliminary Data; For in-field use only
starttime_UTC, HNO2_NOAACIMS
[from data line 1008]
 60480, -9999.000
 60540, -9999.000
 60600, -9999.000
 60660, -9999.000
 60720, -9999.000
 60780, -9999.000
 60840, -9999.000
 60900, -9999.000
 60960, -9999.000
 61020, -9999.000
 61080, -9999.000
 61140, -9999.000
 61200, -9999.000
 61260, 30.594
 61320, 31.866
 61380, 50.342
 61440, -9999.000
 61500, -50.860
 61560, -69.938
 61620, -92.244
 61680, -105.494
 61740, -112.115
 61800, -112.991
 61860, -115.146
 61920, -115.618
 61980, -112.827
 62040, -113.035
 62100, -110.518
 62160, -117.405
 62220, -115.732
 62280, -109.949
 62340, -99.901
 62400, -103.269
 62460, -97.515
 62520, -86.541
 62580, -81.606
 62640, -71.232
 62700, -64.180
 62760, -65.982
 62820, -40.814
 62880, -56.520
 62940, -48.084
 63000, -30.476
 63060, -31.316
 63120, -9.847
 63180,  7.227
 63240, 23.593
 63300, -9999.000
 63360, 42.800
 63420, 46.536
 63480, 47.508
 63540, 21.591
 63600, 17.759
 63660, 15.143
 63720, 14.534
 63780,  9.567
 63840, 14.894
 63900, 11.476
 63960,  7.394
 64020,  0.950
 64080, 17.695
 64140, 24.447
 64200, 22.561
 64260, 14.265
 64320, 18.162
 64380, 12.874
 64440, 17.053
 64500, 25.703
 64560, 28.279
 64620, 23.875
 64680, 24.856
 64740, 35.262
 64800, 37.804
 64860, 36.250
 64920, 50.878
 64980, 55.390
 65040, 66.497
 65100, 61.675
 65160, -9999.000
 65220, 73.072
 65280, 53.398
 65340, 65.936
 65400, 55.774
 65460, 69.204
 65520, 63.932
 65580, 52.280
 65640, 65.535
 65700, 50.459
 65760, 56.286
 65820, 43.545
 65880, 49.376
 65940, 50.718
 66000, 45.874
 66060, 42.942
 66120, 52.152
 66180, 41.238
 66240, 50.897
 66300, 41.537
 66360, 46.439
 66420, 35.529
 66480, 38.180
 66540, 28.609
 66600, 32.233
 66660, 42.473
 66720, 38.633
 66780, 54.587
 66840, 46.709
 66900, 62.322
 66960, 47.975
 67020, 43.380
 67080, 48.185
 67140, 53.650
 67200, 45.617
 67260, 43.836
 67320, 41.884
 67380, 48.836
 67440, 45.013
 67500, 47.386
 67560, 52.814
 67620, 38.422
 67680, 44.589
 67740, 39.958
 67800, 53.239
 67860, 41.454
 67920, 40.204
 67980, 46.570
 68040, 36.099
 68100, 36.131
 68160, 36.779
 68220, 39.785
 68280, 33.988
 68340, 31.097
 68400, 59.948
 68460, 55.479
 68520, 62.068
 68580, 82.976
 68640, 67.521
 68700, 36.201
 68760, 44.989
 68820, -9999.000
 68880, 185.196
 68940, 45.107
 69000, 58.411
 69060, 58.623
 69120, 76.814
 69180, 81.461
 69240, 74.966
 69300, 71.797
 69360, 47.285
 69420, 79.508
 69480, 95.617
 69540, 93.083
 69600, 58.972
 69660, 54.403
 69720, 69.139
 69780, 72.505
 69840, 59.345
 69900, 63.731
 69960, 50.020
 70020, 68.116
 70080, 54.861
 70140, 58.772
 70200, 68.270
 70260, 67.091
 70320, 87.865
 70380, 71.408
 70440, 86.739
 70500, 67.456
 70560, 74.961
 70620, 70.909
 70680, -9999.000
 70740, 83.149
 70800, 74.659
 70860, 71.066
 70920, 80.078
 70980, 97.375
 71040, 104.735
 71100, 71.005
 71160, 73.269
 71220, 69.873
 71280, 131.321
 71340, 96.380
 71400, 79.131
 71460, 77.327
 71520, 94.232
 71580, 97.421
 71640, 63.199
 71700, 54.363
 71760, 78.365
 71820, 90.653
 71880, 143.767
 71940, 79.783
 72000, 145.594
 72060, 109.812
 72120, 66.119
 72180, 66.165
 72240, 71.857
 72300, 83.413
 72360, 92.529
 72420, 76.756
 72480, 97.680
 72540, -9999.000
 72600, 126.602
 72660, 68.665
 72720, 109.095
 72780, 123.801
 72840, 91.417
 72900, 99.198
 72960, 100.176
 73020, 122.953
 73080, 72.279
 73140, 72.154
 73200, 83.168
 73260, 83.335
 73320, 92.746
 73380, 78.577
 73440, 72.104
 73500, 82.889
 73560, 80.610
 73620, 111.886
 73680, 114.246
 73740, 114.729
 73800, 66.988
 73860, 79.007
 73920, 81.380
 73980, 66.499
 74040, 78.979
 74100, 105.334
 74160, 101.002
 74220, 99.085
 74280, 95.399
 74340, 102.103
 74400, 89.288
 74460, 87.996
 74520, 106.467
 74580, 111.184
 74640, 83.360
 74700, 88.160
 74760, 107.045
 74820, 89.976
 74880, 118.391
 74940, 89.878
 75000, 56.138
 75060, 125.493
 75120, 110.289
 75180, 83.933
 75240, 112.987
 75300, 72.849
 75360, 95.757
 75420, 89.190
 75480, 69.982
 75540, 90.666
 75600, 127.804
 75660, 77.384
 75720, 85.692
 75780, 90.842
 75840, 102.183
 75900, 77.742
 75960, 80.266
 76020, 93.524
 76080, 85.828
 76140, 83.965
 76200, 84.025
 76260, 83.520
 76320, 82.229
 76380, 78.372
 76440, 78.033
 76500, 65.111
 76560, 63.609
 76620, 63.918
 76680, 73.061
 76740, 70.304
 76800, 69.371
 76860, 56.145
 76920, 47.462
 76980, 55.397
 77040, 49.662
 77100, 82.667
 77160, 68.452
 77220, 70.524
 77280, 84.596
 77340, 64.732
 77400, 88.762
 77460, 74.098
 77520, 60.236
 77580, 46.790
 77640, 59.936
 77700, 64.681
 77760, 78.066
 77820, 46.863
 77880, 65.392
 77940, 72.527
 78000, 100.637
 78060, 78.382
 78120, 80.656
 78180, 54.102
 78240, 58.459
 78300, 74.448
 78360, 63.218
 78420, 51.914
 78480, 43.509
 78540, 67.078
 78600, 66.859
 78660, 74.529
 78720, 97.065
 78780, 100.608
 78840, 94.728
 78900, 79.076
 78960, 48.403
 79020, 71.403
 79080, 71.007
 79140, 92.501
 79200, 97.058
 79260, 91.642
 79320, 48.832
 79380, 52.293
 79440, 46.527
 79500, 97.948
 79560, 97.624
 79620, 88.916
 79680, 50.803
 79740, 71.757
 79800, 90.894
 79860, 59.485
 79920, -9999.000
 79980, 74.195
 80040, 59.742
 80100, 75.443
 80160, 67.919
 80220, 65.789
 80280, 74.832
 80340, 94.927
 80400, 65.464
 80460, 58.677
 80520, 55.408
 80580, 45.571
 80640, 53.374
 80700, 89.347
 80760, 70.993
 80820, 72.220
 80880, 42.036
 80940, 63.871
 81000, 54.253
 81060, 81.246
 81120, 93.445
 81180, 157.325
 81240, 49.584
 81300, 50.137
 81360, 55.852
 81420, 67.957
 81480, 48.484
 81540, 74.875
 81600, 65.536
 81660, 73.313
 81720, 54.381
 81780, 104.879
 81840, 67.561
 81900, 66.511
 81960, 68.847
 82020, 64.828
 82080, 74.226
 82140, 78.961
 82200, 86.024
 82260, 109.446
 82320, 72.259
 82380, 57.947
 82440, 84.473
 82500, 51.675
 82560, 74.384
 82620, 66.526
 82680, 63.635
 82740, 59.154
 82800, 47.760
 82860, 49.897
 82920, 71.038
 82980, 113.617
 83040, 59.773
 83100, 68.756
 83160, 70.373
 83220, 79.317
 83280, 64.410
 83340, 69.205
 83400, 41.658
 83460, 69.270
 83520, 59.987
 83580, 44.353
 83640, 88.212
 83700, 43.562
 83760, 55.970
 83820, 57.017
 83880, 51.560
 83940, 52.644
 84000, 28.523
 84060, 20.469
 84120, 52.048
 84180, 24.967
 84240, -9999.000
 84300, -9999.000
 84360, 38.548
 84420, 18.662
 84480, 25.857
 84540, 60.200
 84600, 29.797
 84660, 42.734
 84720, 36.805
 84780, 51.087
 84840, 54.934
 84900, 29.205
 84960, 35.089
 85020, 45.128
 85080, 22.905
 85140, 27.147
 85200, 41.134
 85260, 38.241
 85320, 47.635
 85380, 37.423
 85440, 41.616
 85500, 48.800
 85560, 55.172
 85620, 37.468
 85680, 26.219
 85740, 34.009
 85800, 34.484
 85860, 43.097
 85920, 27.846
 85980, 33.813
 86040, 29.255
 86100,  2.934
 86160, 34.153
 86220, 30.009
 86280, 44.963
 86340, 33.610
