CampaignData_and_Merges/R0/CSL_MobileLab_Parked/raw/20240816/USOS-Picarro-CO2-CH4-CO-H2O_MobileLabGround_20240816_R0.ict
38, 1001
Ilana Pollack, Nell Schafer, and Jeff Peischl
NOAA Chemical Sciences Laboratory
Picarro 2401-m CO2/CH4/CO/H2O Analyzer
USOS
1, 1
2024, 08, 16, 2024, 11, 20
0
StartTime_UTC, seconds_past_midnight, seconds past midnight
5
1, 1, 1, 1, 1
-9999, -9999, -9999, -9999, -9999
StopTime_UTC, seconds_past_midnight, seconds past midnight
CO2_ppm_1min, ppm, Gas_CO2_InSitu_S_DMF, carbon dioxide mixing ratio
CH4_ppb_1min, ppb, Gas_CH4_InSitu_S_DMF, methane mixing ratio
CO_ppb_1min, ppb, Gas_CO_InSitu_S_DMF, carbon monoxide mixing ratio
H2O_ppmv_1min, ppmv, Met_H2OMRV_InSitu_S_AVMR, water vapor mixing ratio
1
SPECIAL COMMENTS: N/A
18
PI_CONTACT_INFO: Address: NOAA Chemical Sciences Laboratory, Mail Stop CSL7, 325 Broadway, Boulder, CO 80305; Email: Ilana.Pollack@noaa.gov
PLATFORM: NOAA CSL Mobile Laboratory
LOCATION: The mobile lab was stationed in Salt Lake City, Utah.
ASSOCIATED_DATA: N/A
INSTRUMENT_INFO: CO2, CH4, and CO are reported as dry air mole fractions using a commercial wavelength-scanned cavity ring-down analyzer (Picarro 2401-m). An in-field calibration gas standard of 432±0.07 ppm CO2, 2095±1 ppb CH4, and 183±1 ppb CO, calibrated in the Boulder laboratories before and after the field project using primary CO2, CH4, and CO standard tanks tied to the WMO standard (X2019, X2004A, and X2014A, respectively) from the Global Monitoring Laboratory (GML), was delivered to the inlet every 2-3 days to evaluate instrument sensitivity. A H2O measurement was calibrated before the project with a Dew Point Mirror 373 hygrometer. The water correction calculated from these calibrations was applied to the H2O measurement for the entire campaign. Species are measured at 0.5 Hz and reported as 1-minute averages for stationary measurements.
DATA_INFO: Units: CO2, ppm, dry air mole fraction; CH4, ppb, dry air mole fraction; CO, ppb, dry air mole fraction; H2O, ppmv
UNCERTAINTY: Total uncertainties are estimated as ±0.1 ppm for CO2, ±1 ppb for CH4, ±5 ppb for CO, and ±(50 ppm + 4%) for H2O.
ULOD_FLAG: -7777
ULOD_VALUE: N/A
LLOD_FLAG: -8888
LLOD_VALUE: N/A
DM_CONTACT_INFO: Data Manager: Nathan Howard; nathan.h.howard@noaa.gov
PROJECT_INFO: USOS Dates of Study: July – August 2024
STIPULATIONS_ON_USE: Use of these data require prior ok from PI.
OTHER_COMMENTS: Data are averaged to 1 minute intervals. Stationary data collected from a 10 ft tower on top of the mobile van.
REVISION: R0
R0: Final Data
StartTime_UTC, StopTime_UTC, CO2_ppm_1min, CH4_ppb_1min, CO_ppb_1min, H2O_ppmv_1min
[from data line 1139]
68340,68400,423.88,1961.8,117.4,6751.9897
68400,68460,425.00,1962.9,126.4,7228.7217
68460,68520,427.71,1964.4,159.5,7426.7700
68520,68580,430.46,1964.3,175.3,8000.6011
68580,68640,428.26,1964.9,152.3,7690.8750
68640,68700,425.63,1964.4,157.2,7244.3481
68700,68760,423.92,1963.0,136.3,6873.9268
68760,68820,423.65,1962.9,127.4,6667.8843
68820,68880,423.47,1961.7,122.5,6460.2266
68880,68940,424.48,1962.3,157.1,6502.1890
68940,69000,423.95,1962.1,139.8,6469.7837
69000,69060,423.89,1963.0,134.5,6926.7568
69060,69120,424.32,1963.7,137.0,7256.0640
69120,69180,430.55,1963.8,175.0,7631.3696
69180,69240,426.67,1963.8,168.8,7037.0063
69240,69300,426.41,1964.2,154.6,7257.4243
69300,69360,425.05,1961.7,127.2,6943.6343
69360,69420,425.99,1961.8,139.4,7072.9648
69420,69480,429.20,1962.6,175.0,7556.3506
69480,69540,426.95,1962.8,158.5,7600.2490
69540,69600,426.09,1961.3,136.1,7381.4341
69600,69660,426.06,1960.6,134.1,7064.3403
69660,69720,425.46,1960.3,130.1,6856.9082
69720,69780,425.78,1961.1,132.2,7197.7319
69780,69840,426.64,1961.3,155.0,7441.9434
69840,69900,425.56,1959.5,141.8,7401.9268
69900,69960,425.42,1959.3,125.8,7416.4185
69960,70020,424.99,1957.2,124.3,7177.5454
70020,70080,425.85,1958.0,127.4,7259.2207
70080,70140,425.47,1957.4,118.8,7430.6309
70140,70200,425.63,1957.9,123.8,7690.2207
70200,70260,425.75,1957.9,123.1,7542.7236
70260,70320,427.60,1959.1,138.3,7777.4712
70320,70380,427.87,1958.9,160.7,7989.6958
70380,70440,429.86,1959.3,188.2,7795.8213
70440,70500,430.03,1958.4,160.3,7810.3188
70500,70560,428.24,1957.5,153.8,7690.3237
70560,70620,427.21,1957.1,151.8,7564.1147
70620,70680,428.10,1957.8,176.1,7653.8442
70680,70740,431.30,1958.1,165.5,8282.1309
70740,70800,427.87,1958.7,157.0,7950.3535
70800,70860,428.46,1957.3,139.3,7628.3848
70860,70920,426.16,1956.5,126.0,7428.0317
70920,70980,427.03,1957.6,158.6,7656.6187
70980,71040,430.49,1959.2,202.6,9054.6094
71040,71100,428.31,1958.1,191.0,7793.7622
71100,71160,426.34,1956.7,149.5,7482.6563
71160,71220,428.11,1957.1,153.5,7706.2354
71220,71280,426.76,1956.5,154.1,7556.5566
71280,71340,427.02,1957.5,145.8,7778.3350
71340,71400,426.18,1957.0,124.9,7593.9414
71400,71460,428.73,1957.4,142.5,7772.0825
71460,71520,427.66,1958.0,149.8,7928.9390
71520,71580,426.76,1958.7,137.0,8084.1934
71580,71640,426.34,1958.3,134.0,8176.0015
71640,71700,425.02,1955.5,117.0,7396.1289
71700,71760,425.68,1956.5,121.2,7834.1802
71760,71820,430.42,1957.7,185.4,8297.5752
71820,71880,426.91,1956.6,130.7,7649.9229
71880,71940,430.29,1957.6,148.0,8245.8916
71940,72000,429.64,1956.7,140.6,8030.7500
72000,72060,431.31,1956.8,145.3,8189.1440
72060,72120,428.06,1957.3,146.8,7863.9380
72120,72180,427.35,1955.9,136.0,7715.6812
72180,72240,427.06,1956.1,139.6,7534.9463
72240,72300,427.43,1956.9,153.0,7738.5649
72300,72360,427.23,1957.2,149.4,7790.4565
72360,72420,427.60,1957.0,147.7,7901.0781
72420,72480,426.97,1957.6,144.0,8110.4839
72480,72540,426.31,1957.6,133.7,7886.6875
72540,72600,426.19,1957.4,123.7,7901.6006
72600,72660,427.85,1957.7,148.3,8426.1963
72660,72720,426.82,1955.7,125.5,7852.1338
72720,72780,433.99,1956.9,158.7,8404.2920
72780,72840,428.86,1957.7,157.6,8062.5991
72840,72900,428.32,1957.7,133.8,7912.5107
72900,72960,428.61,1958.3,131.5,8511.8105
72960,73020,430.94,1958.2,131.0,8451.7959
73020,73080,430.51,1958.6,151.6,8561.8945
73080,73140,427.87,1956.8,123.4,8147.7500
73140,73200,427.20,1956.9,121.5,8323.9805
73200,73260,428.79,1956.8,135.3,8140.3906
73260,73320,428.57,1957.8,136.1,8282.4346
73320,73380,428.71,1956.0,132.1,8066.8105
73380,73440,428.17,1956.3,123.1,8198.4150
73440,73500,427.58,1956.0,119.2,7832.8027
73500,73560,432.00,1957.0,144.1,8410.7617
73560,73620,431.11,1956.7,138.0,7912.0640
73620,73680,431.10,1956.2,161.5,7966.0527
73680,73740,433.15,1956.3,147.0,8397.8555
73740,73800,432.29,1956.6,151.6,8612.9980
73800,73860,427.98,1956.1,129.8,7861.0562
73860,73920,428.53,1956.7,138.6,8094.6968
73920,73980,431.02,1957.3,229.7,8204.0166
73980,74040,429.48,1956.4,130.5,8065.1436
74040,74100,429.61,1956.8,132.3,8507.4580
74100,74160,427.84,1957.2,129.9,8229.3291
74160,74220,428.25,1957.4,136.9,8092.3975
74220,74280,427.14,1957.4,127.0,8124.0986
74280,74340,427.65,1957.4,143.9,8273.6563
74340,74400,428.53,1957.4,138.1,8516.8984
74400,74460,428.05,1955.9,126.9,8041.8838
74460,74520,428.63,1958.0,132.7,8490.6934
74520,74580,430.93,1955.6,153.8,8268.8467
74580,74640,433.62,1956.6,260.3,8619.6035
74640,74700,432.49,1955.7,166.0,8359.0186
74700,74760,432.23,1954.9,144.5,8744.9727
74760,74820,429.49,1955.4,133.0,8556.3828
74820,74880,429.78,1955.8,152.2,8500.6084
74880,74940,429.54,1956.0,151.7,8898.6885
74940,75000,429.96,1955.3,136.1,8140.6284
75000,75060,427.79,1955.4,129.0,8288.3037
75060,75120,432.04,1955.8,157.9,8510.0391
75120,75180,429.89,1955.0,132.4,8638.2539
75180,75240,429.77,1955.0,153.2,8416.7793
75240,75300,430.59,1955.0,149.1,8867.9180
75300,75360,430.28,1955.2,143.6,8709.9346
75360,75420,426.94,1954.7,133.4,8199.0371
75420,75480,426.49,1953.9,124.2,8061.6162
75480,75540,427.39,1953.6,137.3,8074.3564
75540,75600,428.65,1954.6,176.8,8526.9775
75600,75660,427.62,1954.2,128.7,8031.9932
75660,75720,426.78,1954.6,130.9,8349.4766
75720,75780,427.34,1954.9,132.3,8179.4668
75780,75840,426.89,1955.3,129.0,8459.0586
75840,75900,426.46,1955.1,124.2,8593.0176
75900,75960,426.65,1954.2,122.0,8237.7686
75960,76020,426.94,1953.9,126.8,8139.4678
76020,76080,431.61,1954.4,142.8,8666.4004
76080,76140,429.06,1954.6,144.9,8634.9160
76140,76200,427.99,1953.4,128.2,8245.8379
76200,76260,427.15,1953.1,121.4,8108.5957
76260,76320,426.96,1953.2,122.9,8315.5664
76320,76380,427.47,1953.7,151.1,8434.7119
76380,76440,426.54,1953.1,129.7,8299.7588
76440,76500,426.02,1952.4,118.4,8177.1636
76500,76560,425.94,1952.8,119.4,8333.8662
76560,76620,425.96,1952.3,115.8,8129.9922
76620,76680,426.15,1952.4,117.0,8177.2490
76680,76740,426.12,1952.3,115.9,8027.5947
76740,76800,425.95,1951.6,113.5,7992.0605
76800,76860,426.47,1951.7,113.4,8011.5420
76860,76920,425.84,1951.5,116.1,7896.9448
76920,76980,425.69,1951.5,116.4,7914.2578
76980,77040,425.91,1952.5,116.9,8021.3979
77040,77100,426.05,1953.1,115.8,7873.2715
77100,77160,426.81,1953.9,121.4,8285.3555
77160,77220,425.77,1954.4,113.7,8100.4878
77220,77280,426.03,1955.2,114.9,8122.3770
77280,77340,426.04,1956.1,118.6,8522.5391
77340,77400,426.82,1956.7,126.1,7690.2881
77400,77460,429.72,1956.6,148.4,8324.6416
77460,77520,425.34,1955.4,115.6,7716.7710
77520,77580,426.73,1954.7,149.6,7482.0337
77580,77640,425.96,1954.6,118.6,7623.2729
77640,77700,425.64,1955.7,116.4,7734.3125
77700,77760,425.26,1954.3,112.4,7654.1128
77760,77820,425.56,1952.9,114.7,7430.0972
77820,77880,425.43,1952.5,115.2,7371.2305
77880,77940,425.98,1952.8,115.5,7302.8965
77940,78000,427.51,1953.1,127.3,7307.8384
78000,78060,434.69,1954.2,151.7,8213.0498
78060,78120,429.23,1953.2,134.7,7765.9185
78120,78180,426.48,1953.4,124.3,7661.2505
78180,78240,425.44,1952.8,115.9,7672.9097
78240,78300,426.06,1953.3,124.3,7671.1235
78300,78360,427.57,1953.5,137.9,7806.7769
78360,78420,425.76,1952.6,117.7,7705.2632
78420,78480,425.49,1952.2,112.4,7510.8359
78480,78540,425.04,1952.3,120.3,7595.1875
78540,78600,425.79,1952.8,124.6,8083.2866
78600,78660,425.92,1953.1,122.5,8179.0229
78660,78720,427.84,1953.6,132.5,8070.1494
78720,78780,433.78,1954.5,158.4,8895.6797
78780,78840,430.63,1953.8,142.8,8060.1152
78840,78900,429.40,1952.4,140.2,7766.9604
78900,78960,426.65,1951.7,131.3,7581.6465
78960,79020,425.21,1950.7,144.9,7215.6504
79020,79080,425.41,1951.4,118.0,7496.6484
79080,79140,426.99,1952.3,141.9,7926.9482
79140,79200,431.27,1953.7,178.2,8322.0957
79200,79260,430.74,1952.6,168.9,7725.9521
79260,79320,430.14,1951.6,141.6,7536.3823
79320,79380,430.90,1950.3,136.9,7206.1104
79380,79440,426.48,1950.1,119.0,7485.3301
79440,79500,426.57,1950.4,122.7,7667.4453
79500,79560,432.75,1951.5,150.6,8089.5850
79560,79620,431.46,1952.5,159.2,8041.5039
79620,79680,431.24,1951.9,146.3,8134.3794
79680,79740,434.58,1951.4,157.6,7590.5117
79740,79800,431.66,1951.9,146.3,7770.2412
79800,79860,426.80,1951.5,126.1,7581.6299
79860,79920,429.00,1951.0,127.9,7591.9722
79920,79980,430.72,1951.5,160.0,7596.2227
79980,80040,428.69,1951.8,303.6,7686.9702
80040,80100,433.00,1952.4,152.5,8090.1509
80100,80160,429.34,1955.1,138.5,7764.4204
80160,80220,429.41,1951.8,135.9,7948.9854
80220,80280,429.63,1951.8,154.5,8180.0420
80280,80340,429.26,1953.1,145.6,7850.7910
80340,80400,428.52,1953.2,140.1,7791.7969
80400,80460,426.34,1951.5,121.6,7494.4751
80460,80520,425.42,1950.8,113.4,7252.8877
80520,80580,425.38,1950.7,120.5,7385.6064
80580,80640,425.14,1950.6,114.4,7119.2612
80640,80700,425.45,1950.7,115.9,7164.5693
80700,80760,426.91,1951.8,136.5,7530.0459
80760,80820,427.95,1952.0,135.3,7613.2461
80820,80880,427.64,1951.3,130.3,7579.8296
80880,80940,429.15,1951.9,139.5,7807.1919
80940,81000,426.09,1950.4,118.3,7389.0840
81000,81060,429.76,1951.2,133.8,7822.8247
81060,81120,430.87,1951.7,143.9,7894.8354
81120,81180,437.17,1952.5,188.0,8222.2979
81180,81240,437.16,1952.9,179.3,8209.8867
81240,81300,425.61,1949.7,110.2,7109.7627
81300,81360,425.95,1950.0,119.4,7202.3052
81360,81420,426.05,1950.7,118.6,7535.7773
81420,81480,428.06,1951.2,131.2,7722.7212
81480,81540,428.97,1950.7,130.3,7654.3555
81540,81600,431.91,1951.6,162.4,8002.5605
81600,81660,428.08,1950.8,134.8,7709.0972
81660,81720,427.16,1951.3,127.3,7883.3389
81720,81780,428.26,1950.9,137.8,7669.9976
81780,81840,429.30,1951.5,142.5,7816.4404
81840,81900,428.54,1950.1,135.0,7390.6011
81900,81960,427.57,1950.5,123.2,7462.7739
81960,82020,427.94,1950.5,128.4,7363.1914
82020,82080,430.20,1951.7,133.4,7652.6445
82080,82140,428.65,1952.5,168.4,7801.1523
82140,82200,435.11,1953.0,177.4,8319.0107
82200,82260,433.16,1953.0,189.1,7802.8022
82260,82320,429.78,1952.3,166.5,7975.3135
82320,82380,431.01,1951.4,158.6,7670.6201
82380,82440,429.81,1951.2,128.5,7706.0088
82440,82500,430.80,1951.1,154.2,7523.5283
82500,82560,427.09,1950.8,142.2,7378.0425
82560,82620,427.08,1951.1,138.5,7492.1328
82620,82680,427.42,1950.9,130.2,7695.6177
82680,82740,427.31,1951.5,202.9,7456.2285
82740,82800,426.90,1950.4,158.3,7183.4043
82800,82860,425.69,1950.1,115.2,7266.5938
82860,82920,426.36,1950.1,119.7,7384.2275
82920,82980,432.61,1951.5,157.5,7659.0830
82980,83040,430.25,1950.6,136.7,7547.5264
83040,83100,427.98,1949.1,133.9,7179.3281
83100,83160,431.47,1950.0,200.2,7715.4888
83160,83220,427.88,1949.5,130.0,7280.3101
83220,83280,431.97,1951.0,154.6,7745.3916
83280,83340,431.16,1950.5,148.7,7755.7837
83340,83400,429.07,1949.5,130.4,7350.7173
83400,83460,427.03,1949.2,129.6,7179.0029
83460,83520,430.89,1950.6,145.0,8120.7705
83520,83580,427.31,1950.2,119.4,7101.0664
83580,83640,427.31,1950.8,128.4,7189.6211
83640,83700,432.14,1951.4,167.9,7838.1484
83700,83760,426.56,1950.3,118.1,7132.9116
83760,83820,428.21,1951.4,134.3,7366.5615
83820,83880,429.13,1950.7,134.2,7372.9014
83880,83940,433.93,1951.4,154.8,7723.8730
83940,84000,428.99,1951.1,141.5,7369.9565
84000,84060,428.72,1951.4,134.9,7138.1509
84060,84120,427.56,1951.4,173.0,7075.0859
84120,84180,428.37,1953.6,210.3,7377.3687
84180,84240,427.87,1951.7,191.4,6967.8940
84240,84300,428.34,1951.1,145.9,7063.4185
84300,84360,430.52,1952.0,146.6,7283.2734
84360,84420,426.58,1951.7,123.6,7023.2188
84420,84480,425.00,1950.6,107.5,6812.8477
84480,84540,424.47,1950.2,108.5,6677.6621
84540,84600,424.74,1950.3,109.9,6727.8745
84600,84660,427.41,1951.7,126.6,7145.1162
84660,84720,432.78,1951.9,156.8,7472.2939
84720,84780,430.42,1952.1,149.6,7283.4209
84780,84840,431.13,1952.7,153.4,7491.6440
84840,84900,428.94,1952.6,134.8,7283.3169
84900,84960,426.90,1951.7,120.4,7070.7998
84960,85020,426.26,1951.1,115.2,6990.1353
85020,85080,428.75,1952.4,121.1,7341.3301
85080,85140,425.94,1950.8,111.9,6962.2510
85140,85200,428.28,1951.6,142.4,7170.5278
85200,85260,430.21,1952.4,142.0,7550.6411
85260,85320,433.22,1952.7,143.5,7496.6035
85320,85380,431.37,1959.2,145.9,7420.4595
85380,85440,430.98,1957.7,164.1,7329.7158
85440,85500,430.62,1956.7,164.3,7524.6694
85500,85560,428.51,1954.0,153.2,7602.0513
85560,85620,428.49,1953.7,136.6,7622.6392
85620,85680,427.02,1952.6,126.0,7401.2192
85680,85740,427.00,1951.6,125.5,7236.5117
85740,85800,427.51,1952.0,139.6,7022.5405
85800,85860,426.00,1952.3,129.1,7151.9219
85860,85920,425.84,1952.2,122.2,6974.5742
85920,85980,425.17,1952.3,113.3,7071.7935
85980,86040,425.58,1952.2,116.2,7097.8037
86040,86100,428.18,1952.5,126.9,7196.0996
86100,86160,425.94,1951.7,119.0,7011.6426
86160,86220,426.27,1952.9,122.6,7151.2031
86220,86280,427.20,1952.4,124.2,7058.5928
86280,86340,431.97,1952.8,140.8,7232.9106
86340,86400,429.08,1952.4,134.1,7196.3867
