CampaignData_and_Merges/R0/CSL_MobileLab_Parked/raw/20240816/USOS-Picarro-CO2-CH4-CO-H2O_MobileLabGround_20240816_R0.ict
38, 1001
Ilana Pollack, Nell Schafer, and Jeff Peischl
NOAA Chemical Sciences Laboratory
Picarro 2401-m CO2/CH4/CO/H2O Analyzer
USOS
1, 1
2024, 08, 16, 2024, 11, 20
0
StartTime_UTC, seconds_past_midnight, seconds past midnight
5
1, 1, 1, 1, 1
-9999, -9999, -9999, -9999, -9999
StopTime_UTC, seconds_past_midnight, seconds past midnight
CO2_ppm_1min, ppm, Gas_CO2_InSitu_S_DMF, carbon dioxide mixing ratio
CH4_ppb_1min, ppb, Gas_CH4_InSitu_S_DMF, methane mixing ratio
CO_ppb_1min, ppb, Gas_CO_InSitu_S_DMF, carbon monoxide mixing ratio
H2O_ppmv_1min, ppmv, Met_H2OMRV_InSitu_S_AVMR, water vapor mixing ratio
1
SPECIAL COMMENTS: N/A
18
PI_CONTACT_INFO: Address: NOAA Chemical Sciences Laboratory, Mail Stop CSL7, 325 Broadway, Boulder, CO 80305; Email: Ilana.Pollack@noaa.gov
PLATFORM: NOAA CSL Mobile Laboratory
LOCATION: The mobile lab was stationed in Salt Lake City, Utah.
ASSOCIATED_DATA: N/A
INSTRUMENT_INFO: CO2, CH4, and CO are reported as dry air mole fractions using a commercial wavelength-scanned cavity ring-down analyzer (Picarro 2401-m). An in-field calibration gas standard of 432±0.07 ppm CO2, 2095±1 ppb CH4, and 183±1 ppb CO, calibrated in the Boulder laboratories before and after the field project using primary CO2, CH4, and CO standard tanks tied to the WMO standard (X2019, X2004A, and X2014A, respectively) from the Global Monitoring Laboratory (GML), was delivered to the inlet every 2-3 days to evaluate instrument sensitivity. A H2O measurement was calibrated before the project with a Dew Point Mirror 373 hygrometer. The water correction calculated from these calibrations was applied to the H2O measurement for the entire campaign. Species are measured at 0.5 Hz and reported as 1-minute averages for stationary measurements.
DATA_INFO: Units: CO2, ppm, dry air mole fraction; CH4, ppb, dry air mole fraction; CO, ppb, dry air mole fraction; H2O, ppmv
UNCERTAINTY: Total uncertainties are estimated as ±0.1 ppm for CO2, ±1 ppb for CH4, ±5 ppb for CO, and ±(50 ppm + 4%) for H2O.
ULOD_FLAG: -7777
ULOD_VALUE: N/A
LLOD_FLAG: -8888
LLOD_VALUE: N/A
DM_CONTACT_INFO: Data Manager: Nathan Howard; nathan.h.howard@noaa.gov
PROJECT_INFO: USOS Dates of Study: July – August 2024
STIPULATIONS_ON_USE: Use of these data require prior ok from PI.
OTHER_COMMENTS: Data are averaged to 1 minute intervals. Stationary data collected from a 10 ft tower on top of the mobile van.
REVISION: R0
R0: Final Data
StartTime_UTC, StopTime_UTC, CO2_ppm_1min, CH4_ppb_1min, CO_ppb_1min, H2O_ppmv_1min
0,60,-9999,-9999,-9999,-9999
60,120,-9999,-9999,-9999,-9999
120,180,-9999,-9999,-9999,-9999
180,240,-9999,-9999,-9999,-9999
240,300,-9999,-9999,-9999,-9999
300,360,-9999,-9999,-9999,-9999
360,420,431.04,1940.7,124.7,7229.6460
420,480,430.44,1941.2,137.7,7428.2026
480,540,429.13,1941.2,131.5,7279.5645
540,600,429.11,1941.1,136.9,7125.9214
600,660,431.20,1940.6,153.0,7061.5693
660,720,430.83,1941.6,153.7,7334.7100
720,780,431.69,1941.4,141.1,7296.3374
780,840,432.92,1941.3,139.5,7272.6587
840,900,430.09,1941.7,126.5,7368.6572
900,960,429.74,1941.5,134.6,7197.5747
960,1020,430.01,1941.1,129.2,7280.4746
1020,1080,429.31,1940.6,123.8,6988.1553
1080,1140,428.92,1940.6,119.0,6945.7998
1140,1200,429.93,1941.0,129.8,7015.2490
1200,1260,439.51,1942.8,186.8,7439.0933
1260,1320,429.14,1940.9,164.9,6853.9873
1320,1380,435.40,1942.0,165.6,7155.1421
1380,1440,431.21,1942.0,142.7,7200.3271
1440,1500,431.83,1942.0,150.7,7185.1851
1500,1560,431.21,1941.7,146.8,7092.2583
1560,1620,-9999,-9999,-9999,-9999
1620,1680,-9999,-9999,-9999,-9999
1680,1740,-9999,-9999,-9999,-9999
1740,1800,429.90,1941.0,112.8,6884.8730
1800,1860,430.47,1941.2,122.3,7111.8877
1860,1920,433.22,1941.8,132.5,7179.0063
1920,1980,433.23,1941.6,142.2,7190.1738
1980,2040,436.06,1942.3,177.0,7325.8237
2040,2100,438.76,1943.2,204.7,7472.5464
2100,2160,433.01,1942.4,171.6,7151.6313
2160,2220,428.97,1942.6,132.5,7180.4175
2220,2280,426.98,1941.4,115.7,7095.5420
2280,2340,427.85,1941.4,121.1,7168.1348
2340,2400,427.84,1941.1,121.6,7219.3442
2400,2460,428.64,1941.3,121.4,7349.3579
2460,2520,430.04,1942.9,179.1,7425.5693
2520,2580,432.50,1942.5,157.0,7624.1821
2580,2640,432.29,1942.2,145.1,7368.6113
2640,2700,435.04,1942.2,156.5,7531.8560
2700,2760,432.88,1941.9,160.9,7456.2344
2760,2820,432.51,1941.9,150.7,7453.8760
2820,2880,434.87,1942.4,143.1,7767.0156
2880,2940,431.56,1941.6,171.2,7664.2676
2940,3000,431.37,1940.5,135.1,7439.5254
3000,3060,433.17,1941.0,135.0,7474.0430
3060,3120,429.08,1941.1,121.7,7432.3618
3120,3180,430.55,1942.2,132.8,7471.2681
3180,3240,432.48,1942.6,144.7,7716.7998
3240,3300,429.41,1942.9,142.9,7621.9966
3300,3360,431.03,1942.9,157.3,8001.3457
3360,3420,431.04,1942.7,150.0,8307.7480
3420,3480,433.45,1943.3,157.3,7936.0786
3480,3540,433.23,1943.0,166.0,7840.5601
3540,3600,428.33,1940.8,121.3,7509.1475
3600,3660,428.90,1940.9,120.5,7540.7026
3660,3720,430.26,1941.0,133.6,7751.0396
3720,3780,435.18,1942.7,145.4,7887.0308
3780,3840,436.43,1943.7,147.1,8218.3555
3840,3900,429.80,1942.2,127.1,7730.0537
3900,3960,435.30,1943.4,150.9,8112.6108
3960,4020,431.77,1942.3,133.3,7916.6763
4020,4080,432.30,1942.3,136.1,8003.4702
4080,4140,431.98,1942.7,146.7,7924.5244
4140,4200,433.48,1943.5,134.4,8342.7656
4200,4260,430.50,1943.0,146.1,8025.5547
4260,4320,431.15,1942.8,144.2,8099.8853
4320,4380,433.36,1942.8,154.6,8475.3574
4380,4440,433.42,1943.3,150.8,8475.1221
4440,4500,433.61,1943.1,146.9,8227.0117
4500,4560,437.38,1943.7,162.7,8287.9971
4560,4620,434.07,1943.4,167.6,8123.0610
4620,4680,436.57,1944.1,186.1,8342.3711
4680,4740,432.18,1943.1,155.0,8090.5859
4740,4800,430.73,1942.4,150.4,7848.6245
4800,4860,429.39,1942.5,131.8,7861.6191
4860,4920,429.95,1942.3,134.8,7829.5649
4920,4980,430.17,1941.9,140.2,7808.4712
4980,5040,430.55,1942.7,136.4,7863.7876
5040,5100,431.71,1942.6,154.0,7898.0986
5100,5160,432.84,1943.2,162.7,8236.0449
5160,5220,431.45,1943.4,175.7,7954.7432
5220,5280,431.73,1942.7,146.9,7941.0000
5280,5340,435.52,1944.7,198.9,8057.4448
5340,5400,433.83,1944.0,182.9,8101.0029
5400,5460,431.35,1943.7,160.7,7968.4189
5460,5520,430.32,1943.3,156.3,8003.5703
5520,5580,430.72,1942.8,144.2,7905.1274
5580,5640,436.79,1943.9,156.1,8063.7881
5640,5700,430.35,1944.4,134.0,8021.8091
5700,5760,433.90,1944.4,143.6,8344.7158
5760,5820,433.33,1944.8,148.7,8216.0498
5820,5880,433.05,1944.2,140.5,7999.4902
5880,5940,432.30,1944.3,140.0,8069.6255
5940,6000,434.49,1945.3,150.4,8217.5566
6000,6060,439.31,1946.2,235.1,8450.0801
6060,6120,435.17,1947.3,254.8,8124.5332
6120,6180,438.77,1946.7,233.0,8237.3945
6180,6240,432.86,1945.5,248.8,8068.5654
6240,6300,433.38,1944.7,165.5,8095.3896
6300,6360,436.56,1946.8,203.0,8239.0498
6360,6420,438.23,1946.2,169.5,8307.0371
6420,6480,437.18,1945.4,168.8,8170.4995
6480,6540,435.67,1945.7,171.5,8196.7949
6540,6600,437.89,1946.1,183.9,8171.1416
6600,6660,438.11,1946.8,191.6,8172.4004
6660,6720,431.35,1945.3,165.6,7999.8350
6720,6780,433.68,1946.2,181.2,8114.5073
6780,6840,436.78,1946.2,179.5,8210.7871
6840,6900,441.54,1946.6,178.3,8300.2705
6900,6960,442.00,1947.8,193.5,8403.8135
6960,7020,434.56,1946.3,159.6,8080.9399
7020,7080,433.68,1947.4,159.6,7996.0454
7080,7140,435.90,1948.1,165.1,8031.2988
7140,7200,440.47,1947.7,185.3,8237.1543
7200,7260,438.32,1947.9,179.8,8123.9927
7260,7320,439.03,1947.5,188.9,8171.7192
7320,7380,446.87,1950.5,189.8,8497.1533
7380,7440,442.46,1949.0,167.4,8265.5508
7440,7500,446.44,1949.1,184.4,8510.9238
7500,7560,446.19,1950.2,189.3,8499.6787
7560,7620,449.90,1950.6,190.7,8560.6250
7620,7680,446.14,1952.2,180.1,8540.5029
7680,7740,447.24,1955.1,191.4,8513.9600
7740,7800,450.72,1956.2,244.3,8637.9521
7800,7860,449.17,1958.4,262.4,8569.8936
7860,7920,448.71,1963.7,331.6,8672.6387
7920,7980,459.65,1965.7,443.2,8827.2080
7980,8040,455.51,1961.2,298.4,8712.7314
8040,8100,448.91,1960.9,244.7,8732.8135
8100,8160,447.26,1970.2,363.7,8793.3047
8160,8220,446.45,1976.7,479.1,8763.7715
8220,8280,450.15,1962.9,228.2,8714.6172
8280,8340,448.05,1963.5,211.0,8884.6338
8340,8400,443.56,1961.0,194.2,8660.2441
8400,8460,446.28,1963.1,191.1,8841.6729
8460,8520,447.62,1962.3,191.7,8792.1357
8520,8580,448.22,1964.2,219.2,8893.3281
8580,8640,450.34,1965.6,251.3,8970.3574
8640,8700,449.45,1965.0,256.9,8941.5723
8700,8760,452.73,1966.1,274.8,9046.3467
8760,8820,453.13,1965.6,244.1,9089.2959
8820,8880,452.29,1966.7,219.0,9159.1211
8880,8940,454.38,1968.4,228.8,9189.2939
8940,9000,451.55,1968.0,237.2,9099.3018
9000,9060,453.25,1969.1,242.0,9256.7520
9060,9120,449.01,1968.9,246.3,9144.8076
9120,9180,447.98,1968.7,247.7,9079.9414
9180,9240,458.25,1973.5,330.8,9462.8799
9240,9300,457.23,1974.6,387.6,9484.2559
9300,9360,458.94,1974.2,317.2,9521.8906
9360,9420,455.45,1973.7,296.2,9405.0547
9420,9480,464.79,1980.5,371.5,9847.7012
9480,9540,462.12,1980.3,306.0,9898.5117
9540,9600,463.58,1981.6,324.6,9986.4238
9600,9660,461.69,1981.6,287.9,10022.8965
9660,9720,463.68,1982.3,287.5,10177.9658
9720,9780,460.48,1980.1,295.1,10008.0391
9780,9840,458.78,1978.4,283.2,10001.4678
9840,9900,462.25,1978.3,303.1,10091.5371
9900,9960,465.67,1979.9,299.1,10205.7266
9960,10020,467.78,1980.5,300.9,10224.6152
10020,10080,465.28,1979.1,352.9,10162.9434
10080,10140,467.01,1980.1,346.6,10193.6934
10140,10200,465.54,1979.9,332.5,10206.2988
10200,10260,467.91,1981.7,360.5,10272.2832
10260,10320,465.81,1980.5,338.8,10211.4316
10320,10380,468.31,1982.4,365.6,10356.8887
10380,10440,468.29,1982.1,400.4,10315.8154
10440,10500,467.30,1981.6,373.5,10325.8184
10500,10560,470.56,1983.1,403.2,10413.4141
10560,10620,467.00,1981.7,318.9,10359.2939
10620,10680,469.78,1982.3,310.4,10410.4863
10680,10740,466.59,1980.6,286.8,10324.9238
10740,10800,466.26,1978.3,294.6,10247.8164
10800,10860,466.72,1978.9,280.4,10250.1514
10860,10920,468.81,1979.4,282.0,10274.5938
10920,10980,468.46,1978.8,292.3,10293.3398
10980,11040,467.07,1976.9,275.7,10258.5303
11040,11100,465.29,1976.2,253.8,10168.8574
11100,11160,459.89,1974.7,248.2,9994.2813
11160,11220,461.05,1975.1,258.3,10091.9971
11220,11280,462.97,1976.9,292.4,10113.3799
11280,11340,463.10,1977.2,266.1,10173.4658
11340,11400,465.20,1977.9,254.4,10290.7236
11400,11460,462.22,1976.3,312.7,10090.8320
11460,11520,463.65,1977.0,290.8,10201.9922
11520,11580,462.07,1976.1,246.7,10139.3242
11580,11640,461.16,1975.1,238.3,10037.3799
11640,11700,461.31,1975.7,241.7,10061.0049
11700,11760,457.92,1971.8,235.0,9869.6162
11760,11820,458.46,1971.2,233.5,9870.4893
11820,11880,459.54,1972.2,229.4,9900.2207
11880,11940,459.74,1972.0,222.8,9921.2324
11940,12000,457.35,1969.5,197.9,9729.7324
12000,12060,458.74,1970.1,194.7,9759.5869
12060,12120,459.51,1969.5,192.2,9863.4551
12120,12180,461.10,1969.5,191.2,9717.0010
12180,12240,462.09,1970.8,209.4,9697.1592
12240,12300,459.67,1971.8,219.0,9575.5977
12300,12360,460.59,1971.7,225.3,9609.6270
12360,12420,461.12,1971.8,219.2,9681.5254
12420,12480,458.97,1970.3,198.6,9631.5938
12480,12540,456.28,1968.5,191.9,9394.2783
12540,12600,457.93,1969.6,200.6,9469.3193
12600,12660,454.64,1967.9,178.6,9379.3799
12660,12720,456.39,1968.1,182.7,9382.1934
12720,12780,454.67,1965.8,173.1,9296.1152
12780,12840,454.46,1964.6,173.3,9238.0527
12840,12900,455.42,1964.3,178.6,9243.0928
12900,12960,455.24,1963.2,207.4,9176.0771
12960,13020,454.96,1962.9,225.9,9166.4268
13020,13080,452.95,1962.4,211.6,9172.2715
13080,13140,457.28,1964.2,234.7,9475.0332
13140,13200,456.13,1964.1,224.3,9299.5273
13200,13260,455.75,1964.1,191.9,9269.4551
13260,13320,458.53,1979.4,181.9,9651.2188
13320,13380,467.47,1985.2,235.3,9910.6787
13380,13440,469.14,1989.2,237.1,10042.1543
13440,13500,463.76,1982.3,211.6,9760.4932
13500,13560,460.48,1979.3,200.7,9583.8516
13560,13620,458.64,1975.8,193.8,9467.6357
13620,13680,452.87,1966.1,174.3,8959.3926
13680,13740,451.29,1964.8,166.5,8932.0430
13740,13800,447.37,1960.4,152.8,8568.5195
13800,13860,450.26,1961.3,169.4,8843.6221
13860,13920,455.58,1961.7,195.8,8876.9492
13920,13980,456.93,1963.2,232.4,9060.1543
13980,14040,456.38,1963.0,233.6,9247.3955
14040,14100,465.39,1975.8,246.3,9724.5977
14100,14160,470.91,1980.2,237.4,9801.0293
14160,14220,472.07,1979.4,243.9,10011.7266
14220,14280,468.61,1976.7,244.2,9967.5850
14280,14340,483.22,1978.1,393.1,10208.6279
14340,14400,479.62,1980.5,380.4,10264.4717
14400,14460,471.36,1980.2,287.8,9553.0801
14460,14520,474.78,1982.2,323.2,9563.5049
14520,14580,478.09,1987.4,338.6,9571.0986
14580,14640,480.41,1996.0,329.6,9970.2783
14640,14700,488.14,2004.5,512.0,10144.3545
14700,14760,480.76,1998.2,364.5,9940.2256
14760,14820,481.00,2001.1,348.7,9890.0781
14820,14880,476.65,1991.6,283.8,9868.7627
14880,14940,477.69,1986.2,281.8,9596.4883
14940,15000,475.18,1982.8,269.5,9626.7139
15000,15060,481.55,1987.4,282.3,10197.3535
15060,15120,480.05,1986.0,285.3,10055.0732
15120,15180,478.79,1985.4,284.4,10011.1709
15180,15240,480.07,1989.0,265.6,9951.4141
15240,15300,479.30,1986.2,273.3,9743.2119
15300,15360,479.08,1984.5,285.6,9853.9951
15360,15420,475.74,1983.9,312.1,9608.0479
15420,15480,473.00,1978.3,263.5,9580.8916
15480,15540,473.14,1980.1,231.3,9615.7188
15540,15600,469.93,1978.4,210.5,9468.7754
15600,15660,471.97,1978.3,245.9,9574.8857
15660,15720,472.97,1979.1,303.2,9610.4365
15720,15780,470.25,1977.0,237.8,9700.6045
15780,15840,466.32,1974.8,202.7,9257.9160
15840,15900,471.07,1973.5,206.4,9517.6406
15900,15960,460.47,1965.6,163.9,9054.1699
15960,16020,464.70,1970.7,192.5,9113.8555
16020,16080,466.82,1970.1,222.7,9129.3555
16080,16140,470.75,1977.5,272.1,9461.4980
16140,16200,470.03,1975.6,291.8,9303.6084
16200,16260,474.56,1977.3,306.6,9517.4746
16260,16320,467.72,1974.8,224.3,9388.5869
16320,16380,467.28,1976.9,249.8,9398.8516
16380,16440,470.77,1980.8,338.1,9536.8506
16440,16500,460.18,1969.5,237.6,8996.3613
16500,16560,463.24,1972.7,256.0,9151.9316
16560,16620,464.82,1974.6,239.7,9141.0732
16620,16680,468.47,1975.7,211.4,9454.2070
16680,16740,471.04,1977.5,210.7,9350.7852
16740,16800,466.60,1973.8,196.0,9200.5889
16800,16860,464.71,1973.7,186.4,9046.4561
16860,16920,465.14,1973.8,185.6,9078.9678
16920,16980,466.88,1973.7,186.7,9273.7529
16980,17040,467.77,1975.4,177.4,9202.1748
17040,17100,467.67,1975.3,180.4,9252.2813
17100,17160,465.65,1974.2,177.5,9205.8291
17160,17220,465.89,1974.6,166.7,9234.0391
17220,17280,469.92,1977.4,179.9,9560.4307
17280,17340,469.49,1976.7,175.1,9527.9082
17340,17400,467.17,1975.5,190.3,9487.9219
17400,17460,464.54,1974.5,189.5,9259.2764
17460,17520,467.35,1976.9,192.8,9597.1914
17520,17580,459.91,1974.5,173.6,9234.3242
17580,17640,462.20,1976.3,184.8,9450.8867
17640,17700,463.83,1979.3,207.4,9344.4590
17700,17760,463.27,1977.9,198.4,9421.0332
17760,17820,465.16,1979.3,233.8,9430.7246
17820,17880,470.64,1981.5,252.5,9508.1670
17880,17940,477.18,1987.5,452.6,9957.6504
17940,18000,487.87,2015.2,283.9,9825.4883
18000,18060,482.31,2012.4,232.1,10004.1475
18060,18120,484.60,2017.7,235.1,10411.4912
18120,18180,474.74,2002.2,196.4,9789.0303
18180,18240,477.34,2002.7,205.1,10129.2148
18240,18300,471.93,1991.0,183.6,9544.2871
18300,18360,469.72,1994.1,185.2,9526.7246
18360,18420,472.66,1998.4,218.1,9567.2734
18420,18480,477.71,2002.9,215.0,9977.4268
18480,18540,476.04,2009.1,191.1,9943.3281
18540,18600,480.08,2015.8,230.9,10036.5254
18600,18660,471.21,2000.9,185.6,9710.4932
18660,18720,465.79,1985.5,168.5,9640.8086
18720,18780,466.39,1987.6,219.8,9739.6816
18780,18840,463.70,1988.4,202.3,9433.9443
18840,18900,464.39,1990.8,183.6,9408.5654
18900,18960,462.23,1981.7,179.4,9353.6123
18960,19020,459.84,1977.5,219.6,9072.0742
19020,19080,459.89,1976.7,159.5,9230.5127
19080,19140,464.48,1982.4,168.4,9431.6211
19140,19200,464.17,1979.2,169.0,9595.7676
19200,19260,463.82,1976.7,157.1,9811.5713
19260,19320,464.31,1980.8,214.1,9518.4756
19320,19380,457.63,1972.4,164.0,9305.3262
19380,19440,457.02,1973.0,157.3,9222.8721
19440,19500,457.18,1975.1,146.4,9324.4570
19500,19560,460.30,1980.7,153.8,9560.0039
19560,19620,462.69,1981.4,162.9,9630.6992
19620,19680,459.79,1977.8,161.9,9133.5928
19680,19740,460.72,1976.4,161.2,9324.9219
19740,19800,455.91,1971.9,150.3,9056.4834
19800,19860,462.06,1977.2,180.9,9245.9756
19860,19920,467.06,1980.1,211.5,9544.0674
19920,19980,460.52,1970.5,160.2,9473.3213
19980,20040,455.80,1969.9,141.8,9088.9580
20040,20100,457.19,1970.0,144.2,9114.8008
20100,20160,460.77,1971.1,156.0,9373.7383
20160,20220,456.56,1968.7,150.4,9154.8789
20220,20280,459.16,1969.8,165.9,9599.9678
20280,20340,461.70,1971.4,189.4,9450.8584
20340,20400,463.50,1972.6,182.9,9620.0332
20400,20460,463.48,1976.6,255.0,9449.9961
20460,20520,463.16,1977.4,209.7,9409.9141
20520,20580,473.23,1997.6,286.1,9933.0010
20580,20640,470.88,1978.4,229.0,9625.4131
20640,20700,465.41,1980.8,194.6,9676.2734
20700,20760,456.38,1976.9,156.4,9115.7949
20760,20820,455.52,1974.8,147.9,9071.2783
20820,20880,460.74,1984.7,234.4,9734.9688
20880,20940,466.75,1984.1,328.1,9704.5459
20940,21000,466.19,1982.9,242.0,9720.7861
21000,21060,458.06,1981.8,161.8,9308.1699
21060,21120,458.28,1985.7,139.8,9421.6670
21120,21180,456.52,1984.9,132.5,9262.6973
21180,21240,459.71,1985.6,135.5,9320.3691
21240,21300,457.44,1980.9,141.1,9186.0322
21300,21360,458.92,1979.3,144.8,9360.3613
21360,21420,458.16,1977.9,140.8,9283.8086
21420,21480,456.79,1975.3,150.8,9196.4775
21480,21540,461.00,1976.8,160.2,9428.0859
21540,21600,458.57,1976.6,146.8,9370.2959
21600,21660,460.11,1978.4,148.1,9291.7246
21660,21720,461.05,1982.0,150.7,9457.7559
21720,21780,460.30,1979.5,159.5,9274.7988
21780,21840,457.33,1975.9,153.4,9147.3750
21840,21900,453.82,1973.7,136.6,8947.4717
21900,21960,455.19,1975.5,134.4,9084.2051
21960,22020,455.88,1974.9,128.6,9243.2139
22020,22080,462.03,1984.4,143.8,9487.1572
22080,22140,461.12,1982.5,140.4,9431.5000
22140,22200,454.99,1973.8,135.1,9032.8340
22200,22260,456.78,1975.2,149.8,9107.5293
22260,22320,462.54,1980.3,184.0,9387.8164
22320,22380,460.93,1979.0,168.6,9369.4424
22380,22440,459.53,1978.2,156.3,9321.3076
22440,22500,460.97,1978.6,154.5,9375.2285
22500,22560,462.95,1987.8,147.0,9485.4609
22560,22620,457.57,1977.5,139.4,9179.6357
22620,22680,459.63,1979.8,142.6,9280.2383
22680,22740,458.95,1978.0,138.0,9248.5029
22740,22800,462.40,1983.0,142.3,9480.5273
22800,22860,461.74,1982.3,148.7,9432.2900
22860,22920,464.11,1985.3,159.5,9456.0137
22920,22980,464.89,1986.9,156.0,9530.1240
22980,23040,463.68,1983.4,145.9,9585.3271
23040,23100,465.07,1982.1,153.2,9561.4053
23100,23160,468.16,1986.5,154.3,9662.1602
23160,23220,470.46,1991.2,156.2,9770.8633
23220,23280,470.38,1985.9,209.7,9859.2373
23280,23340,469.43,1986.4,198.6,9877.6934
