CampaignData_and_Merges/R0/CSL_MobileLab_Parked/raw/20240816/USOS-NOy-LIF_MobileLabGround_20240816_R0.ict
39,1001
Rollins, A.; Waxman, E.; Zuraski, K.; Chace, W.
NOAA Chemical Sciences Laboratory
LIF NO/NOx/NOy on CSL Mobile Lab
AMMBEC / USOS
1, 1
2024,08,16, 2025,01,06
1
Time_Start, seconds, number_of_seconds_since_0000_UTC
7
1, 1, 1, 1, 1, 1, 1
-9999, -9999, -9999, -9999, -9999, -9999, -9999
Time_Stop, seconds, number_of_seconds_since_0000_UTC
NO_LIF, pptv, Gas_NO_InSitu_S_AVMR, volume mixing ratio of nitric oxide in air
NO2_LIF, pptv, Gas_NO2_InSitu_S_AVMR, volume mixing ratio of nitrogen dioxide in air
NOy_LIF, pptv, Gas_NOy_InSitu_S_AVMR, volume mixing ratio of total oxidized nitrogen in air
NO_LIF_1SigmaAccuracy, pptv, Gas_NO_InSitu_S_AVMR, volume mixing ratio of nitric oxide in air
NO2_LIF_1SigmaAccuracy, pptv, Gas_NO2_InSitu_S_AVMR, volume mixing ratio of nitrogen dioxide in air
NOy_LIF_1SigmaAccuracy, pptv, Gas_NOy_InSitu_S_AVMR, volume mixing ratio of total oxidized nitrogen in air
0
18
PI_CONTACT_INFO: andrew.rollins@noaa.gov
PLATFORM: CSL Mobile Lab
LOCATION: Salt Lake City, UT
ASSOCIATED_DATA:
INSTRUMENT_INFO: NO detection by laser induced fluorescence. NO2 detection by photolytic conversion to NO. NOy detection by catalytic conversion to NO on gold surface
DATA_INFO:
UNCERTAINTY: Included 1 Sigma Accuracy waves represent the combined calibration uncertainties (±6%, ±9%, ±10%) and zero uncertainties (3 ppt, 20 ppt, 100 ppt) for NO, NO2, and NOy, respectively.
ULOD_FLAG: -7777
ULOD_VALUE: N/A
LLOD_FLAG: -8888
LLOD_VALUE: N/A
DM_CONTACT_INFO: andrew.rollins@noaa.gov
PROJECT_INFO: USOS Project, July - August 2024
STIPULATIONS_ON_USE: Users are strongly encouraged to contact the PI for proper data usage.
OTHER_COMMENTS:
REVISION: R0
R0: final data
Time_Start, Time_Stop, NO_LIF, NO2_LIF, NOy_LIF, NO_LIF_1SigmaAccuracy, NO2_LIF_1SigmaAccuracy, NOy_LIF_1SigmaAccuracy
[from data line 796]
   47760,   47820,3741.2,12770,39722,227.47, 1169.3, 4072.2
   47820,   47880,1801.6,11501,24016,111.1, 1055.1, 2501.6
   47880,   47940,1099.1,9983.7,19812,68.945, 918.53, 2081.2
   47940,   48000,1435,10285,15145,89.098, 945.68, 1614.5
   48000,   48060,2022.7,11889,14497,124.36, 1090, 1549.7
   48060,   48120,2176.8,11122,14207,133.61, 1020.9, 1520.7
   48120,   48180,1925.1,11460,14827,118.5, 1051.4, 1582.7
   48180,   48240,1640.3,10827,14461,101.42, 994.4, 1546.1
   48240,   48300,1798.5,10936,14116,110.91, 1004.2, 1511.6
   48300,   48360,2128.2,11476,14614,130.69, 1052.8, 1561.4
   48360,   48420,7377.4,15810,16398,445.64, 1442.9, 1739.8
   48420,   48480,6500.2,15532,22071,393.01, 1417.9, 2307.1
   48480,   48540,4849.1,14289,22104,293.94, 1306, 2310.4
   48540,   48600,3416.1,12404,21517,207.97, 1136.4, 2251.7
   48600,   48660,3838.2,13446,20825,233.29, 1230.1, 2182.5
   48660,   48720,4949.3,12728,22151,299.96, 1165.5, 2315.1
   48720,   48780,4158.3,12042,26306,252.5, 1103.8, 2730.6
   48780,   48840,7730.1,15113,25520,466.81, 1380.2, 2652
   48840,   48900,6030.5,13418,24270,364.83, 1227.6, 2527
   48900,   48960,5050.8,14074,21492,306.05, 1286.7, 2249.2
   48960,   49020,6702.6,16005,22409,405.15, 1460.5, 2340.9
   49020,   49080,6308.4,13427,22931,381.5, 1228.4, 2393.1
   49080,   49140,4213.2,11263,20998,255.79, 1033.7, 2199.8
   49140,   49200,1570.3,6630.3,16300,97.22, 616.72, 1730
   49200,   49260,4443.2,10632,13541,269.59, 976.89, 1454.1
   49260,   49320,4642.4,10368,16391,281.55, 953.16, 1739.1
   49320,   49380,1206.9,5139.4,14600,75.416, 482.55, 1560
   49380,   49440,3994.7,9851.9,13924,242.68, 906.67, 1492.4
   49440,   49500,5606.4,11809,16916,339.38, 1082.8, 1791.6
   49500,   49560,8095.8,12318,21192,488.75, 1128.6, 2219.2
   49560,   49620,8113.1,13432,23312,489.79, 1228.9, 2431.2
   49620,   49680,7585.8,12142,23696,458.15, 1112.8, 2469.6
   49680,   49740,4988.7,11502,20580,302.32, 1055.2, 2158
   49740,   49800,5101,10542,18387,309.06, 968.82, 1938.7
   49800,   49860,7279.5,11683,23010,439.77, 1071.5, 2401
   49860,   49920,12533,15382,29132,755.01, 1404.4, 3013.2
   49920,   49980,6539.6,12541,20664,395.37, 1148.7, 2166.4
   49980,   50040,6031.2,12495,20543,364.87, 1144.5, 2154.3
   50040,   50100,6346.4,12973,20706,383.78, 1187.5, 2170.6
   50100,   50160,8225.7,14271,23162,496.54, 1304.4, 2416.2
   50160,   50220,10307,14829,29834,621.39, 1354.6, 3083.4
   50220,   50280,3839.4,9402.8,17539,233.36, 866.25, 1853.9
   50280,   50340,3842.5,9145,15966,233.55, 843.05, 1696.6
   50340,   50400,2977.9,7716,15681,181.67, 714.44, 1668.1
   50400,   50460,3984.4,9048.9,12537,242.07, 834.4, 1353.7
   50460,   50520,8058.9,11350,23925,486.53, 1041.5, 2492.5
   50520,   50580,5506.1,11059,17084,333.37, 1015.3, 1808.4
   50580,   50640,5464.7,10375,16810,330.88, 953.75, 1781
   50640,   50700,5334.1,10243,19116,323.05, 941.91, 2011.6
   50700,   50760,4393.7,8357.3,15312,266.62, 772.16, 1631.2
   50760,   50820,4798.9,8035.3,16147,290.93, 743.18, 1714.7
   50820,   50880,4574.3,7627.5,12647,277.46, 706.47, 1364.7
   50880,   50940,1447.7,4534.2,7888.2,89.862, 428.07, 888.82
   50940,   51000,2137.3,5853.6,7747.4,131.24, 546.83, 874.74
   51000,   51060,2413.6,6400.8,9330.3,147.81, 596.08, 1033
   51060,   51120,1583.3,5900.7,8730.8,97.996, 551.07, 973.08
   51120,   51180,1465,5283.6,8021.9,90.898, 495.53, 902.19
   51180,   51240,-9999,-9999,-9999,-9999, -9999, -9999
   51240,   51300,-9999,-9999,-9999,-9999, -9999, -9999
   51300,   51360,-9999,-9999,-9999,-9999, -9999, -9999
   51360,   51420,-9999,-9999,-9999,-9999, -9999, -9999
   51420,   51480,-9999,-9999,-9999,-9999, -9999, -9999
   51480,   51540,-9999,-9999,-9999,-9999, -9999, -9999
   51540,   51600,-9999,-9999,-9999,-9999, -9999, -9999
   51600,   51660,1825.2,4931.2,8078.7,112.51, 463.81, 907.87
   51660,   51720,1465.9,4310.7,7608,90.957, 407.97, 860.8
   51720,   51780,1454.5,4204.9,6576.4,90.271, 398.44, 757.64
   51780,   51840,2785.2,5867,10223,170.11, 548.03, 1122.3
   51840,   51900,1916.6,4813.8,9037.4,118, 453.24, 1003.7
   51900,   51960,1295.3,3810.4,6322.3,80.716, 362.93, 732.23
   51960,   52020,2011.7,5137.4,6842.9,123.7, 482.37, 784.29
   52020,   52080,1479,4115.4,7002.6,91.743, 390.38, 800.26
   52080,   52140,2060.9,5103,7669.6,126.65, 479.27, 866.96
   52140,   52200,1569.5,4353.9,6990.9,97.167, 411.85, 799.09
   52200,   52260,1850.9,4901.1,7046.3,114.06, 461.1, 804.63
   52260,   52320,1885.3,5010.4,7905,116.12, 470.94, 890.5
   52320,   52380,2049.6,5255.7,8164.3,125.98, 493.01, 916.43
   52380,   52440,2511.1,6206.8,8667.5,153.67, 578.62, 966.75
   52440,   52500,2871.7,6944,9448.2,175.3, 644.96, 1044.8
   52500,   52560,3549.8,7746.7,11830,215.99, 717.2, 1283
   52560,   52620,5047.2,8398,12373,305.83, 775.82, 1337.3
   52620,   52680,3001.4,6907.9,10382,183.08, 641.71, 1138.2
   52680,   52740,6718.1,10533,11618,406.09, 967.99, 1261.8
   52740,   52800,7018.7,12153,16621,424.12, 1113.8, 1762.1
   52800,   52860,3212.7,7949,12137,195.76, 735.41, 1313.7
   52860,   52920,2187.6,5949.7,9940.7,134.26, 555.47, 1094.1
   52920,   52980,2653.3,5751.2,8321.9,162.2, 537.61, 932.19
   52980,   53040,2270.5,5416.5,9082.3,139.23, 507.48, 1008.2
   53040,   53100,1656.2,4196.8,7009.6,102.37, 397.71, 800.96
   53100,   53160,1533,4464.9,7409.8,94.982, 421.84, 840.98
   53160,   53220,1793.1,4686.4,7478.8,110.59, 441.77, 847.88
   53220,   53280,1897.3,4544.4,7361.2,116.84, 429, 836.12
   53280,   53340,2577.8,5603.4,7947.7,157.67, 524.31, 894.77
   53340,   53400,3091.1,6443.4,10042,188.47, 599.91, 1104.2
   53400,   53460,3044.7,6285,11045,185.68, 585.65, 1204.5
   53460,   53520,1451.9,3768.1,6112,90.111, 359.13, 711.2
   53520,   53580,1505,3815.3,6050.2,93.297, 363.38, 705.02
   53580,   53640,1328.9,3300.3,5392.3,82.735, 317.03, 639.23
   53640,   53700,1844.8,4183.8,5815.7,113.69, 396.54, 681.57
   53700,   53760,1111.3,3131.6,5644.8,69.676, 301.85, 664.48
   53760,   53820,1192.9,3345.9,5461.8,74.572, 321.13, 646.18
   53820,   53880,1438.9,3637.5,5570.9,89.336, 347.38, 657.09
   53880,   53940,1660.6,3978.2,5944,102.63, 378.04, 694.4
   53940,   54000,1546.7,3937,5883.1,95.799, 374.33, 688.31
   54000,   54060,1376,3574.7,5775.3,85.558, 341.72, 677.53
   54060,   54120,1373,3528.4,5732.4,85.383, 337.56, 673.24
   54120,   54180,1210.4,3518.3,5625.6,75.625, 336.65, 662.56
   54180,   54240,1146.6,3404,5227.4,71.798, 326.36, 622.74
   54240,   54300,1741.3,4400.7,6299.7,107.48, 416.06, 729.97
   54300,   54360,1564.4,4142.9,6799.3,96.865, 392.86, 779.93
   54360,   54420,1559.9,4180.8,6628.1,96.592, 396.27, 762.81
   54420,   54480,1490.8,3833.9,6186,92.448, 365.05, 718.6
   54480,   54540,1105.1,2926.1,5170.1,69.305, 283.35, 617.01
   54540,   54600,1150.3,2985.2,4632.7,72.016, 288.67, 563.27
   54600,   54660,1178.5,3057.5,4612.7,73.711, 295.17, 561.27
   54660,   54720,950.39,2561.5,3987.8,60.024, 250.54, 498.78
   54720,   54780,799.92,2254.4,4209.6,50.995, 222.9, 520.96
   54780,   54840,1034.8,2942.4,4185.2,65.088, 284.82, 518.52
   54840,   54900,969.74,2717,4333.6,61.185, 264.53, 533.36
   54900,   54960,913.13,2580.3,4145.9,57.788, 252.22, 514.59
   54960,   55020,1151,3011.5,4556.1,72.062, 291.04, 555.61
   55020,   55080,1184.4,3131.3,5129.2,74.067, 301.81, 612.92
   55080,   55140,1515.8,3839.9,5809.7,93.949, 365.59, 680.97
   55140,   55200,1367,3544,5760.2,85.018, 338.96, 676.02
   55200,   55260,1258.2,3324.9,5404.8,78.491, 319.24, 640.48
   55260,   55320,1194,3242.9,5266.6,74.639, 311.86, 626.66
   55320,   55380,1104.6,3125.5,5208.2,69.278, 301.29, 620.82
   55380,   55440,1026.3,2958.2,4777.1,64.579, 286.24, 577.71
   55440,   55500,1011.3,2929.6,4818.9,63.679, 283.66, 581.89
   55500,   55560,1009.5,2999.9,4995.4,63.572, 289.99, 599.54
   55560,   55620,1114.2,3222.8,5218.1,69.852, 310.05, 621.81
   55620,   55680,1166,3268.1,5366.3,72.961, 314.13, 636.63
   55680,   55740,1429.5,3715.1,5614.5,88.768, 354.36, 661.45
   55740,   55800,1366.2,3484.5,5865.3,84.974, 333.6, 686.53
   55800,   55860,1223.8,3432.3,5498.5,76.43, 328.91, 649.85
   55860,   55920,1216.7,3578.2,5701.8,76.004, 342.04, 670.18
   55920,   55980,1314.5,3603.6,5703.1,81.868, 344.33, 670.31
   55980,   56040,1356.1,3547.8,5795.3,84.365, 339.3, 679.53
   56040,   56100,985.07,2689.3,4504.5,62.104, 262.04, 550.45
   56100,   56160,1030.5,2728.4,4232.3,64.83, 265.56, 523.23
   56160,   56220,794.51,2694.8,4644.2,50.671, 262.53, 564.42
   56220,   56280,923.32,2738.8,4332.3,58.399, 266.49, 533.23
   56280,   56340,788.59,2468.6,3964.1,50.316, 242.17, 496.41
   56340,   56400,702.74,2062.5,3478,45.165, 205.62, 447.8
   56400,   56460,683.89,2308.2,3425.6,44.033, 227.74, 442.56
   56460,   56520,679.31,2212.2,3547.4,43.759, 219.1, 454.74
   56520,   56580,726.28,2231.6,3945.6,46.577, 220.84, 494.56
   56580,   56640,741.25,2374.6,3891.3,47.475, 233.71, 489.13
   56640,   56700,621.99,2269.6,3770.2,40.319, 224.26, 477.02
   56700,   56760,744.34,2463.4,3882.7,47.66, 241.71, 488.27
   56760,   56820,970.22,2627.3,4383.9,61.213, 256.46, 538.39
   56820,   56880,935.24,2711.6,4641,59.114, 264.04, 564.1
   56880,   56940,827.08,2213.8,4466.7,52.625, 219.24, 546.67
   56940,   57000,-9999,-9999,-9999,-9999, -9999, -9999
   57000,   57060,-9999,-9999,-9999,-9999, -9999, -9999
   57060,   57120,-9999,-9999,-9999,-9999, -9999, -9999
   57120,   57180,-9999,-9999,-9999,-9999, -9999, -9999
   57180,   57240,-9999,-9999,-9999,-9999, -9999, -9999
   57240,   57300,-9999,-9999,-9999,-9999, -9999, -9999
   57300,   57360,-9999,-9999,-9999,-9999, -9999, -9999
   57360,   57420,793.5,2199.2,-9999,50.61, 217.93, -9999
   57420,   57480,794.87,2196.2,-9999,50.692, 217.66, -9999
   57480,   57540,855.6,2429.8,-9999,54.336, 238.68, -9999
   57540,   57600,866.21,2366.7,-9999,54.972, 233, -9999
   57600,   57660,843.05,2368.8,-9999,53.583, 233.19, -9999
   57660,   57720,941.81,2455.3,-9999,59.509, 240.98, -9999
   57720,   57780,1016.9,2618.3,-9999,64.012, 255.65, -9999
   57780,   57840,1116.9,2771.2,-9999,70.013, 269.41, -9999
   57840,   57900,1129.9,2852.6,-9999,70.793, 276.73, -9999
   57900,   57960,949.09,2631.2,-9999,59.945, 256.8, -9999
   57960,   58020,845.71,2283.1,-9999,53.743, 225.48, -9999
   58020,   58080,762.46,2059.4,-9999,48.748, 205.35, -9999
   58080,   58140,758.77,2077.2,-9999,48.526, 206.95, -9999
   58140,   58200,775.37,2167,-9999,49.522, 215.03, -9999
   58200,   58260,836.77,2222.6,-9999,53.206, 220.04, -9999
   58260,   58320,-9999,-9999,-9999,-9999, -9999, -9999
   58320,   58380,-9999,-9999,-9999,-9999, -9999, -9999
   58380,   58440,-9999,-9999,-9999,-9999, -9999, -9999
   58440,   58500,-9999,-9999,-9999,-9999, -9999, -9999
   58500,   58560,-9999,-9999,-9999,-9999, -9999, -9999
   58560,   58620,-9999,-9999,-9999,-9999, -9999, -9999
   58620,   58680,-9999,-9999,-9999,-9999, -9999, -9999
   58680,   58740,-9999,-9999,-9999,-9999, -9999, -9999
   58740,   58800,-9999,-9999,-9999,-9999, -9999, -9999
   58800,   58860,-9999,-9999,-9999,-9999, -9999, -9999
   58860,   58920,-9999,-9999,-9999,-9999, -9999, -9999
   58920,   58980,-9999,-9999,-9999,-9999, -9999, -9999
   58980,   59040,-9999,-9999,-9999,-9999, -9999, -9999
   59040,   59100,-9999,-9999,-9999,-9999, -9999, -9999
   59100,   59160,-9999,-9999,-9999,-9999, -9999, -9999
   59160,   59220,-9999,-9999,-9999,-9999, -9999, -9999
   59220,   59280,-9999,-9999,-9999,-9999, -9999, -9999
   59280,   59340,-9999,-9999,-9999,-9999, -9999, -9999
   59340,   59400,-9999,-9999,-9999,-9999, -9999, -9999
   59400,   59460,-9999,-9999,-9999,-9999, -9999, -9999
   59460,   59520,-9999,-9999,-9999,-9999, -9999, -9999
   59520,   59580,1761.7,3965.1,6820.4,108.7, 376.86, 782.04
   59580,   59640,1437.7,3648.9,6527.6,89.265, 348.4, 752.76
   59640,   59700,2186.6,4327.3,8164.3,134.2, 409.46, 916.43
   59700,   59760,1227.5,3082.1,6182.9,76.653, 297.39, 718.29
   59760,   59820,845.05,2542.8,4650.9,53.703, 248.85, 565.09
   59820,   59880,851.1,2349.8,4397.8,54.066, 231.49, 539.78
   59880,   59940,856.22,2388.5,4415.3,54.373, 234.96, 541.53
   59940,   60000,855.71,2544.3,4439.1,54.342, 248.98, 543.91
   60000,   60060,1031.2,2577.6,4639.6,64.872, 251.98, 563.96
   60060,   60120,1518.3,3659.6,6649.3,94.1, 349.36, 764.93
   60120,   60180,1604.5,3889.4,7249.5,99.272, 370.04, 824.95
   60180,   60240,1666.4,3877.6,6915.1,102.98, 368.98, 791.51
   60240,   60300,1502.3,3526.3,6323.6,93.141, 337.37, 732.36
   60300,   60360,1914.1,4245.6,7373.8,117.85, 402.11, 837.38
   60360,   60420,2133.7,4946.9,8313.3,131.02, 465.22, 931.33
   60420,   60480,2241.9,5153.3,9003.4,137.52, 483.79, 1000.3
   60480,   60540,2428.7,5399.5,9455.1,148.72, 505.96, 1045.5
   60540,   60600,2606.4,5993.9,10333,159.39, 559.45, 1133.3
   60600,   60660,2562.3,5684,10144,156.74, 531.56, 1114.4
   60660,   60720,2691.2,5848.4,10219,164.47, 546.36, 1121.9
   60720,   60780,2659.5,6093.8,10588,162.57, 568.45, 1158.8
   60780,   60840,2417,6067.8,10287,148.02, 566.1, 1128.7
   60840,   60900,2591.8,6213.6,10417,158.51, 579.23, 1141.7
   60900,   60960,2757.5,6105.1,10413,168.45, 569.46, 1141.3
   60960,   61020,2612.2,5780.4,10187,159.73, 540.23, 1118.7
   61020,   61080,2646.5,5796.5,10308,161.79, 541.68, 1130.8
   61080,   61140,2539.6,5718.8,10011,155.38, 534.7, 1101.1
   61140,   61200,2475.7,5492.9,9899.9,151.54, 514.36, 1090
   61200,   61260,1862.6,4287.4,7075.8,114.76, 405.87, 807.58
   61260,   61320,1391,3338.2,6006.3,86.457, 320.44, 700.63
   61320,   61380,1255.4,3328.4,5890.2,78.326, 319.56, 689.02
   61380,   61440,1546.5,3622.1,6589.4,95.788, 345.99, 758.94
   61440,   61500,1405.5,3290.8,6219.3,87.331, 316.17, 721.93
   61500,   61560,1196.4,3036.8,5839.4,74.787, 293.31, 683.94
   61560,   61620,910.85,2418.1,4506.2,57.651, 237.63, 550.62
   61620,   61680,1192.3,2706.6,4930,74.535, 263.59, 593
   61680,   61740,1206.8,2962.3,5515.6,75.409, 286.61, 651.56
   61740,   61800,1287.3,3145.1,5816,80.241, 303.06, 681.6
   61800,   61860,1202,2988.9,5589.7,75.119, 289, 658.97
   61860,   61920,1232.7,3012.3,5734.6,76.964, 291.1, 673.46
   61920,   61980,1277.3,3133.7,5971.2,79.64, 302.04, 697.12
   61980,   62040,1212.1,3093,5820,75.725, 298.37, 682
   62040,   62100,1200.3,2999.9,5785.5,75.016, 289.99, 678.55
   62100,   62160,1257.8,3046.4,5795.8,78.467, 294.18, 679.58
   62160,   62220,1331.5,3179.4,5930.3,82.892, 306.15, 693.03
   62220,   62280,1289.9,3148.5,5910.4,80.395, 303.37, 691.04
   62280,   62340,1438.5,3387.6,6269.7,89.312, 324.88, 726.97
   62340,   62400,1524.3,3599.6,6716.4,94.457, 343.97, 771.64
   62400,   62460,1362.3,3281.7,6305.3,84.738, 315.35, 730.53
   62460,   62520,1398.2,3253.3,6203.8,86.891, 312.8, 720.38
   62520,   62580,2286.4,4165.1,8139.7,140.18, 394.86, 913.97
   62580,   62640,2106.7,4076.3,8948,129.4, 386.87, 994.8
   62640,   62700,1904.8,4333.3,7863.2,117.29, 410, 886.32
   62700,   62760,2033.6,4632.5,8319.2,125.02, 436.92, 931.92
   62760,   62820,1245.8,3075.8,5877.7,77.748, 296.82, 687.77
   62820,   62880,2988.6,4458.8,8324.8,182.32, 421.3, 932.48
   62880,   62940,3298,5017.5,13406,200.88, 471.58, 1440.6
   62940,   63000,1057.9,2756.1,6272.3,66.475, 268.04, 727.23
   63000,   63060,1628.1,3575.1,7042.3,100.68, 341.76, 804.23
   63060,   63120,1161.6,2874.3,5625.4,72.695, 278.68, 662.54
   63120,   63180,1160.2,2980.2,5836,72.609, 288.22, 683.6
   63180,   63240,1056.6,2745.9,5486.2,66.397, 267.13, 648.62
   63240,   63300,1375.7,3074.8,6015.4,85.543, 296.73, 701.54
   63300,   63360,1012.1,2718,5466.3,63.729, 264.62, 646.63
   63360,   63420,1096.2,2867.7,5570.1,68.771, 278.09, 657.01
   63420,   63480,1105.3,3038.8,5881.4,69.32, 293.49, 688.14
   63480,   63540,1512.3,3657.4,6696.5,93.735, 349.17, 769.65
   63540,   63600,1159.3,2990.4,5976.3,72.559, 289.13, 697.63
   63600,   63660,1118.2,2919.7,5840.8,70.09, 282.78, 684.08
   63660,   63720,1213.6,3153.4,6149,75.816, 303.8, 714.9
