CampaignData_and_Merges/R0/CSL_MobileLab_Parked/raw/20240816/USOS-jNO2_MobileLabGround_20240816_R0.ict
52,1001
Waxman, E.; Rollins, A.; Zuraski, K.; Chace, W.
NOAA Chemical Sciences Laboratory
jNO2 filter radiometer on CSL Mobile Lab
AMMBEC / USOS
1, 1
2024,08,16, 2025,04,01
60
Time_Start, seconds, number_of_seconds_since_0000_UTC
20
1, 1, 1, 1, 1, 1, 1, 1, 1, 1, 1, 1, 1, 1, 1, 1, 1, 1, 1, 1
-9999, -9999, -9999, -9999, -9999, -9999, -9999, -9999, -9999, -9999, -9999, -9999, -9999, -9999, -9999, -9999, -9999, -9999, -9999, -9999
Time_Stop, seconds, number_of_seconds_since_0000_UTC
jNO2_meas, per second, photolysis rate of NO2 measured using a filter radiometer.
jBrCl, per second, photolysis rate of BrCl -> Br + Cl calculated in TUV for cloud-free sky with local AOD
jBr2, per second, photolysis rate of Br2 -> Br + Br calculated in TUV for cloud-free sky with local AOD
jCCl4, per second, photolysis rate of CCl4 -> Products calcualted in TUV for cloud-free sky with local AOD
jCH2Oa, per second, photolysis rate of CH2O -> H + HCO calculated in TUV for cloud-free sky with local AOD
jCH2Ob, per second, photolysis rate of CH2O -> H2 + CO calculated in TUV for cloud-free sky with local AOD
jClNO2, per second, photolysis rate of ClNO2 -> Cl + NO2 calculated in TUV for cloud-free sky with local AOD
jClOa, per second, photolysis rate of ClO -> Cl + O(1D) calculated in TUV for cloud-free sky with local AOD
jClOb, per second, photolysis rate of ClO -> Cl + O(3P) calculated in TUV for cloud-free sky with local AOD
jCl2, per second, photolysis rate of Cl2 -> Cl + Cl calculated in TUV for cloud-free sky with local AOD
jHNO2, per second, photolysis rate of HNO2 -> OH + NO calculated in TUV for cloud-free sky with local AOD
jHNO3, per second, photolysis rate of HNO3 -> OH + NO2 calculated in TUV for cloud-free sky with local AOD
jI2, per second, photolysis rate of I2 -> I + I calculated in TUV for cloud-free sky with local AOD
jNO2, per second, photolysis rate of NO2 -> NO + O(3P) calculated in TUV for cloud-free sky with local AOD
jNO3a, per second, photolysis rate of NO3 -> NO + O2 calculated in TUV for cloud-free sky with local AOD
jNO3b, per second, photolysis rate of NO3 -> NO2 + O(3P) calculated in TUV for cloud-free sky with local AOD
jN2O5, per second, photolysis rate of N2O5 -> NO3 + NO + O(3P) calculated in TUV for cloud-free sky with local AOD
jO3, per second, photolysis rate of O3 -> O2 + O(1D) calculated in TUV for cloud-free sky with local AOD
AOD_500nm, unitless, UTC daily mean AOD at 500 nm from an AERONET station located at 40.178 N, -112.452 E
0
18
PI_CONTACT_INFO: eleanor.waxman@noaa.gov
PLATFORM: CSL Mobile Lab, at ground site
LOCATION: Salt Lake City, UT
ASSOCIATED_DATA:
INSTRUMENT_INFO: jNO2 filter radiometer.  TUV calculations are for mobile van lat/lon/altitude assuming clear sky (cloud AOD = 0) and daily mean AOD.
DATA_INFO:
UNCERTAINTY: Data uncertainties are +/- 20%.  These come from uncertainties in radiometer angular response, radiometer thermal response, local interferences from clouds/aerosols/shadows etc.
ULOD_FLAG: -7777
ULOD_VALUE: N/A
LLOD_FLAG: -8888
LLOD_VALUE: N/A
DM_CONTACT_INFO: eleanor.waxman@noaa.gov
PROJECT_INFO: USOS Project, July - August 2024
STIPULATIONS_ON_USE: Users are strongly encouraged to contact the PI for proper data usage.
OTHER_COMMENTS: 
REVISION: R0
R0: final data
Time_Start, Time_Stop, jNO2_meas, jBrCl, jBr2, jCCl4, jCH2Oa, jCH2Ob, jClNO2, jClOa, jClOb, jCl2, jHNO2, jHNO3, jI2, jNO2, jNO3a, jNO3b, jN2O5, jO3, AOD_500nm
[from data line 1416]
   84960,   85020,0.0062492,0.008032,0.02552,2.19e-25,1.581e-05,2.818e-05,0.000281,7.734e-26,1.308e-05,0.001501,0.001022,2.271e-07,0.09413,0.006455,0.01851,0.1466,2.361e-05,8.143e-06,0.036
   85020,   85080,0.0062202,0.008006,0.02546,2.151e-25,1.567e-05,2.8e-05,0.0002793,7.599e-26,1.289e-05,0.001494,0.001017,2.247e-07,0.09396,0.006428,0.01848,0.1464,2.345e-05,8.022e-06,0.036
   85080,   85140,0.0061937,0.007982,0.0254,2.114e-25,1.555e-05,2.783e-05,0.0002776,7.475e-26,1.272e-05,0.001486,0.001013,2.224e-07,0.09381,0.006402,0.01846,0.1462,2.329e-05,7.908e-06,0.036
   85140,   85200,0.0061676,0.007956,0.02533,2.077e-25,1.541e-05,2.764e-05,0.0002759,7.346e-26,1.253e-05,0.001478,0.001008,2.2e-07,0.09364,0.006374,0.01843,0.1459,2.313e-05,7.788e-06,0.036
   85200,   85260,0.0061434,0.007929,0.02527,2.04e-25,1.527e-05,2.746e-05,0.0002741,7.219e-26,1.234e-05,0.001471,0.001003,2.176e-07,0.09347,0.006346,0.0184,0.1457,2.297e-05,7.668e-06,0.036
   85260,   85320,0.0061147,0.007904,0.02521,2.007e-25,1.515e-05,2.728e-05,0.0002724,7.103e-26,1.217e-05,0.001463,0.0009983,2.153e-07,0.09331,0.006319,0.01838,0.1455,2.281e-05,7.556e-06,0.036
   85320,   85380,0.0060983,0.007877,0.02515,1.972e-25,1.501e-05,2.709e-05,0.0002706,6.982e-26,1.198e-05,0.001455,0.0009933,2.129e-07,0.09314,0.006291,0.01835,0.1452,2.265e-05,7.438e-06,0.036
   85380,   85440,0.0060775,0.00785,0.02508,1.937e-25,1.487e-05,2.69e-05,0.0002689,6.865e-26,1.18e-05,0.001447,0.0009882,2.105e-07,0.09296,0.006262,0.01833,0.145,2.249e-05,7.32e-06,0.036
   85440,   85500,0.0060574,0.007824,0.02502,1.906e-25,1.474e-05,2.672e-05,0.0002672,6.756e-26,1.163e-05,0.001439,0.0009835,2.082e-07,0.0928,0.006235,0.0183,0.1447,2.233e-05,7.21e-06,0.036
   85500,   85560,0.0060343,0.007797,0.02495,1.873e-25,1.461e-05,2.653e-05,0.0002653,6.644e-26,1.145e-05,0.001431,0.0009784,2.058e-07,0.09262,0.006205,0.01827,0.1445,2.216e-05,7.095e-06,0.036
   85560,   85620,0.0060205,0.007768,0.02489,1.841e-25,1.447e-05,2.634e-05,0.0002635,6.533e-26,1.127e-05,0.001423,0.0009732,2.034e-07,0.09243,0.006176,0.01824,0.1442,2.2e-05,6.979e-06,0.036
   85620,   85680,0.0059939,0.007742,0.02482,1.811e-25,1.434e-05,2.616e-05,0.0002618,6.431e-26,1.11e-05,0.001415,0.0009683,2.011e-07,0.09226,0.006148,0.01822,0.1439,2.184e-05,6.871e-06,0.036
   85680,   85740,0.0059661,0.007713,0.02475,1.781e-25,1.42e-05,2.596e-05,0.0002599,6.326e-26,1.092e-05,0.001407,0.000963,1.988e-07,0.09207,0.006118,0.01819,0.1437,2.167e-05,6.758e-06,0.036
   85740,   85800,0.0059359,0.007685,0.02468,1.751e-25,1.406e-05,2.577e-05,0.0002581,6.222e-26,1.074e-05,0.001398,0.0009578,1.964e-07,0.09188,0.006087,0.01816,0.1434,2.15e-05,6.645e-06,0.036
   85800,   85860,0.0059023,0.007657,0.02462,1.723e-25,1.393e-05,2.558e-05,0.0002563,6.127e-26,1.058e-05,0.00139,0.0009527,1.941e-07,0.0917,0.006059,0.01813,0.1431,2.134e-05,6.54e-06,0.036
   85860,   85920,0.0058697,0.007628,0.02455,1.695e-25,1.379e-05,2.539e-05,0.0002545,6.028e-26,1.04e-05,0.001382,0.0009474,1.917e-07,0.09151,0.006028,0.0181,0.1429,2.117e-05,6.429e-06,0.036
   85920,   85980,0.0058472,0.007598,0.02447,1.666e-25,1.365e-05,2.519e-05,0.0002526,5.93e-26,1.023e-05,0.001373,0.000942,1.894e-07,0.09131,0.005997,0.01807,0.1426,2.1e-05,6.318e-06,0.036
   85980,   86040,0.0058206,0.00757,0.0244,1.64e-25,1.352e-05,2.5e-05,0.0002508,5.841e-26,1.006e-05,0.001365,0.0009368,1.871e-07,0.09113,0.005967,0.01804,0.1423,2.084e-05,6.215e-06,0.036
   86040,   86100,0.0057889,0.007539,0.02433,1.613e-25,1.338e-05,2.48e-05,0.0002489,5.747e-26,9.894e-06,0.001357,0.0009313,1.848e-07,0.09093,0.005936,0.01801,0.142,2.067e-05,6.106e-06,0.036
   86100,   86160,0.0057613,0.007509,0.02426,1.587e-25,1.324e-05,2.46e-05,0.000247,5.656e-26,9.723e-06,0.001348,0.0009258,1.824e-07,0.09072,0.005904,0.01798,0.1417,2.05e-05,5.998e-06,0.036
   86160,   86220,0.005736,0.00748,0.02419,1.563e-25,1.311e-05,2.441e-05,0.0002452,5.572e-26,9.564e-06,0.00134,0.0009205,1.802e-07,0.09053,0.005874,0.01795,0.1415,2.033e-05,5.898e-06,0.036
   86220,   86280,0.0056994,0.007449,0.02411,1.537e-25,1.297e-05,2.421e-05,0.0002433,5.484e-26,9.396e-06,0.001331,0.0009149,1.778e-07,0.09032,0.005841,0.01791,0.1412,2.016e-05,5.792e-06,0.036
   86280,   86340,0.0056657,0.007417,0.02403,1.512e-25,1.283e-05,2.4e-05,0.0002413,5.397e-26,9.229e-06,0.001322,0.0009092,1.755e-07,0.09011,0.005808,0.01788,0.1408,1.998e-05,5.686e-06,0.036
   86340,   86400,0.0056428,0.007387,0.02396,1.489e-25,1.27e-05,2.381e-05,0.0002395,5.318e-26,9.074e-06,0.001313,0.0009039,1.733e-07,0.0899,0.005777,0.01785,0.1406,1.982e-05,5.588e-06,0.036
