CampaignData_and_Merges/R0/CSL_MobileLab_Parked/raw/20240816/USOS-jNO2_MobileLabGround_20240816_R0.ict
52,1001
Waxman, E.; Rollins, A.; Zuraski, K.; Chace, W.
NOAA Chemical Sciences Laboratory
jNO2 filter radiometer on CSL Mobile Lab
AMMBEC / USOS
1, 1
2024,08,16, 2025,04,01
60
Time_Start, seconds, number_of_seconds_since_0000_UTC
20
1, 1, 1, 1, 1, 1, 1, 1, 1, 1, 1, 1, 1, 1, 1, 1, 1, 1, 1, 1
-9999, -9999, -9999, -9999, -9999, -9999, -9999, -9999, -9999, -9999, -9999, -9999, -9999, -9999, -9999, -9999, -9999, -9999, -9999, -9999
Time_Stop, seconds, number_of_seconds_since_0000_UTC
jNO2_meas, per second, photolysis rate of NO2 measured using a filter radiometer.
jBrCl, per second, photolysis rate of BrCl -> Br + Cl calculated in TUV for cloud-free sky with local AOD
jBr2, per second, photolysis rate of Br2 -> Br + Br calculated in TUV for cloud-free sky with local AOD
jCCl4, per second, photolysis rate of CCl4 -> Products calcualted in TUV for cloud-free sky with local AOD
jCH2Oa, per second, photolysis rate of CH2O -> H + HCO calculated in TUV for cloud-free sky with local AOD
jCH2Ob, per second, photolysis rate of CH2O -> H2 + CO calculated in TUV for cloud-free sky with local AOD
jClNO2, per second, photolysis rate of ClNO2 -> Cl + NO2 calculated in TUV for cloud-free sky with local AOD
jClOa, per second, photolysis rate of ClO -> Cl + O(1D) calculated in TUV for cloud-free sky with local AOD
jClOb, per second, photolysis rate of ClO -> Cl + O(3P) calculated in TUV for cloud-free sky with local AOD
jCl2, per second, photolysis rate of Cl2 -> Cl + Cl calculated in TUV for cloud-free sky with local AOD
jHNO2, per second, photolysis rate of HNO2 -> OH + NO calculated in TUV for cloud-free sky with local AOD
jHNO3, per second, photolysis rate of HNO3 -> OH + NO2 calculated in TUV for cloud-free sky with local AOD
jI2, per second, photolysis rate of I2 -> I + I calculated in TUV for cloud-free sky with local AOD
jNO2, per second, photolysis rate of NO2 -> NO + O(3P) calculated in TUV for cloud-free sky with local AOD
jNO3a, per second, photolysis rate of NO3 -> NO + O2 calculated in TUV for cloud-free sky with local AOD
jNO3b, per second, photolysis rate of NO3 -> NO2 + O(3P) calculated in TUV for cloud-free sky with local AOD
jN2O5, per second, photolysis rate of N2O5 -> NO3 + NO + O(3P) calculated in TUV for cloud-free sky with local AOD
jO3, per second, photolysis rate of O3 -> O2 + O(1D) calculated in TUV for cloud-free sky with local AOD
AOD_500nm, unitless, UTC daily mean AOD at 500 nm from an AERONET station located at 40.178 N, -112.452 E
0
18
PI_CONTACT_INFO: eleanor.waxman@noaa.gov
PLATFORM: CSL Mobile Lab, at ground site
LOCATION: Salt Lake City, UT
ASSOCIATED_DATA:
INSTRUMENT_INFO: jNO2 filter radiometer.  TUV calculations are for mobile van lat/lon/altitude assuming clear sky (cloud AOD = 0) and daily mean AOD.
DATA_INFO:
UNCERTAINTY: Data uncertainties are +/- 20%.  These come from uncertainties in radiometer angular response, radiometer thermal response, local interferences from clouds/aerosols/shadows etc.
ULOD_FLAG: -7777
ULOD_VALUE: N/A
LLOD_FLAG: -8888
LLOD_VALUE: N/A
DM_CONTACT_INFO: eleanor.waxman@noaa.gov
PROJECT_INFO: USOS Project, July - August 2024
STIPULATIONS_ON_USE: Users are strongly encouraged to contact the PI for proper data usage.
OTHER_COMMENTS: 
REVISION: R0
R0: final data
Time_Start, Time_Stop, jNO2_meas, jBrCl, jBr2, jCCl4, jCH2Oa, jCH2Ob, jClNO2, jClOa, jClOb, jCl2, jHNO2, jHNO3, jI2, jNO2, jNO3a, jNO3b, jN2O5, jO3, AOD_500nm
[from data line 905]
   54300,   54360,0.0057008,0.00763,0.02455,1.698e-25,1.381e-05,2.541e-05,0.0002547,6.039e-26,1.042e-05,0.001383,0.0009479,1.92e-07,0.09152,0.006031,0.0181,0.1429,2.119e-05,6.441e-06,0.036
   54360,   54420,0.0057248,0.00766,0.02462,1.727e-25,1.395e-05,2.56e-05,0.0002565,6.139e-26,1.06e-05,0.001391,0.0009533,1.944e-07,0.09172,0.006062,0.01813,0.1432,2.136e-05,6.553e-06,0.036
   54420,   54480,0.0057459,0.007689,0.02469,1.756e-25,1.408e-05,2.58e-05,0.0002584,6.24e-26,1.077e-05,0.0014,0.0009586,1.968e-07,0.09191,0.006092,0.01816,0.1434,2.153e-05,6.665e-06,0.036
   54480,   54540,0.0057739,0.007716,0.02476,1.784e-25,1.422e-05,2.598e-05,0.0002601,6.338e-26,1.094e-05,0.001408,0.0009636,1.99e-07,0.09208,0.006121,0.01819,0.1437,2.169e-05,6.771e-06,0.036
   54540,   54600,0.0057988,0.007744,0.02483,1.815e-25,1.435e-05,2.618e-05,0.000262,6.444e-26,1.112e-05,0.001416,0.0009688,2.014e-07,0.09227,0.006151,0.01822,0.144,2.186e-05,6.884e-06,0.036
   54600,   54660,0.0058201,0.007773,0.0249,1.847e-25,1.449e-05,2.637e-05,0.0002638,6.552e-26,1.13e-05,0.001424,0.000974,2.038e-07,0.09245,0.00618,0.01825,0.1442,2.202e-05,6.999e-06,0.036
   54660,   54720,0.0058367,0.007799,0.02496,1.877e-25,1.462e-05,2.655e-05,0.0002655,6.656e-26,1.147e-05,0.001432,0.0009788,2.061e-07,0.09262,0.006208,0.01827,0.1445,2.218e-05,7.107e-06,0.036
   54720,   54780,0.0058603,0.007826,0.02502,1.91e-25,1.476e-05,2.674e-05,0.0002673,6.769e-26,1.165e-05,0.00144,0.0009839,2.085e-07,0.0928,0.006237,0.0183,0.1447,2.235e-05,7.223e-06,0.036
   54780,   54840,0.0058786,0.007854,0.02509,1.943e-25,1.489e-05,2.693e-05,0.0002691,6.885e-26,1.183e-05,0.001448,0.000989,2.109e-07,0.09298,0.006266,0.01833,0.145,2.251e-05,7.34e-06,0.036
   54840,   54900,0.0058995,0.007879,0.02515,1.975e-25,1.502e-05,2.711e-05,0.0002708,6.996e-26,1.2e-05,0.001456,0.0009937,2.131e-07,0.09315,0.006293,0.01835,0.1452,2.267e-05,7.451e-06,0.036
   54900,   54960,0.0059223,0.007906,0.02522,2.01e-25,1.516e-05,2.73e-05,0.0002726,7.116e-26,1.219e-05,0.001464,0.0009987,2.155e-07,0.09332,0.006322,0.01838,0.1455,2.283e-05,7.568e-06,0.036
   54960,   55020,0.0059556,0.007933,0.02528,2.046e-25,1.53e-05,2.748e-05,0.0002744,7.24e-26,1.237e-05,0.001472,0.001004,2.179e-07,0.09349,0.00635,0.01841,0.1457,2.299e-05,7.687e-06,0.036
   55020,   55080,0.0059781,0.007958,0.02534,2.081e-25,1.542e-05,2.766e-05,0.000276,7.359e-26,1.255e-05,0.001479,0.001008,2.202e-07,0.09365,0.006376,0.01843,0.1459,2.315e-05,7.8e-06,0.036
   55080,   55140,0.0060152,0.007984,0.0254,2.118e-25,1.556e-05,2.784e-05,0.0002778,7.488e-26,1.274e-05,0.001487,0.001013,2.226e-07,0.09381,0.006404,0.01846,0.1462,2.331e-05,7.92e-06,0.036
   55140,   55200,0.0060438,0.008009,0.02546,2.157e-25,1.569e-05,2.803e-05,0.0002795,7.621e-26,1.292e-05,0.001495,0.001018,2.251e-07,0.09398,0.006432,0.01848,0.1464,2.347e-05,8.041e-06,0.036
   55200,   55260,0.0060708,0.008033,0.02552,2.194e-25,1.582e-05,2.82e-05,0.0002812,7.748e-26,1.31e-05,0.001502,0.001023,2.273e-07,0.09413,0.006457,0.01851,0.1466,2.362e-05,8.156e-06,0.036
   55260,   55320,0.0060974,0.008059,0.02558,2.234e-25,1.595e-05,2.838e-05,0.0002829,7.887e-26,1.329e-05,0.00151,0.001027,2.297e-07,0.09429,0.006484,0.01853,0.1469,2.378e-05,8.278e-06,0.036
   55320,   55380,0.0061225,0.008084,0.02564,2.275e-25,1.609e-05,2.856e-05,0.0002846,8.029e-26,1.348e-05,0.001517,0.001032,2.322e-07,0.09445,0.006511,0.01856,0.1471,2.394e-05,8.401e-06,0.036
   55380,   55440,0.0061508,0.008107,0.02569,2.315e-25,1.621e-05,2.873e-05,0.0002862,8.166e-26,1.366e-05,0.001524,0.001036,2.344e-07,0.0946,0.006536,0.01858,0.1473,2.409e-05,8.518e-06,0.036
   55440,   55500,0.0061808,0.008132,0.02575,2.359e-25,1.635e-05,2.891e-05,0.0002879,8.315e-26,1.386e-05,0.001532,0.001041,2.369e-07,0.09475,0.006563,0.0186,0.1475,2.425e-05,8.642e-06,0.036
   55500,   55560,0.006203,0.008156,0.02581,2.403e-25,1.648e-05,2.909e-05,0.0002896,8.468e-26,1.405e-05,0.001539,0.001046,2.393e-07,0.09491,0.006589,0.01863,0.1477,2.441e-05,8.767e-06,0.036
   55560,   55620,0.0062322,0.008179,0.02586,2.446e-25,1.66e-05,2.926e-05,0.0002912,8.615e-26,1.423e-05,0.001546,0.00105,2.416e-07,0.09505,0.006613,0.01865,0.1479,2.455e-05,8.885e-06,0.036
   55620,   55680,0.0062573,0.008203,0.02592,2.492e-25,1.674e-05,2.943e-05,0.0002929,8.776e-26,1.443e-05,0.001554,0.001054,2.44e-07,0.0952,0.006639,0.01867,0.1482,2.471e-05,9.011e-06,0.036
   55680,   55740,0.0062674,0.008226,0.02598,2.54e-25,1.687e-05,2.961e-05,0.0002945,8.941e-26,1.462e-05,0.001561,0.001059,2.464e-07,0.09535,0.006664,0.01869,0.1484,2.487e-05,9.138e-06,0.036
   55740,   55800,0.0062901,0.008248,0.02603,2.586e-25,1.699e-05,2.977e-05,0.0002961,9.1e-26,1.481e-05,0.001568,0.001063,2.487e-07,0.09549,0.006688,0.01872,0.1486,2.501e-05,9.257e-06,0.036
   55800,   55860,0.006308,0.008271,0.02608,2.637e-25,1.712e-05,2.994e-05,0.0002977,9.274e-26,1.5e-05,0.001575,0.001068,2.511e-07,0.09563,0.006713,0.01874,0.1488,2.516e-05,9.385e-06,0.036
   55860,   55920,0.006338,0.008294,0.02614,2.688e-25,1.725e-05,3.012e-05,0.0002994,9.452e-26,1.52e-05,0.001582,0.001072,2.535e-07,0.09577,0.006738,0.01876,0.149,2.532e-05,9.513e-06,0.036
   55920,   55980,0.0063599,0.008316,0.02619,2.738e-25,1.737e-05,3.028e-05,0.0003009,9.624e-26,1.539e-05,0.001589,0.001076,2.558e-07,0.0959,0.006761,0.01878,0.1492,2.546e-05,9.635e-06,0.036
   55980,   56040,0.0063794,0.008338,0.02624,2.792e-25,1.75e-05,3.045e-05,0.0003025,9.812e-26,1.559e-05,0.001596,0.00108,2.583e-07,0.09604,0.006785,0.0188,0.1494,2.561e-05,9.764e-06,0.036
   56040,   56100,0.0064012,0.00836,0.02629,2.848e-25,1.763e-05,3.062e-05,0.0003041,1e-25,1.579e-05,0.001603,0.001085,2.607e-07,0.09618,0.00681,0.01882,0.1496,2.576e-05,9.894e-06,0.036
   56100,   56160,0.0064291,0.008381,0.02634,2.902e-25,1.775e-05,3.077e-05,0.0003056,1.019e-25,1.598e-05,0.00161,0.001089,2.63e-07,0.09631,0.006832,0.01884,0.1498,2.591e-05,1.002e-05,0.036
   56160,   56220,0.0064518,0.008403,0.02639,2.961e-25,1.788e-05,3.094e-05,0.0003072,1.04e-25,1.618e-05,0.001616,0.001093,2.654e-07,0.09644,0.006856,0.01886,0.1499,2.606e-05,1.015e-05,0.036
   56220,   56280,0.0064719,0.008425,0.02644,3.022e-25,1.801e-05,3.111e-05,0.0003088,1.06e-25,1.638e-05,0.001623,0.001097,2.678e-07,0.09658,0.00688,0.01888,0.1501,2.62e-05,1.028e-05,0.036
   56280,   56340,0.0064912,0.008445,0.02649,3.079e-25,1.813e-05,3.126e-05,0.0003103,1.081e-25,1.657e-05,0.00163,0.001101,2.701e-07,0.0967,0.006902,0.0189,0.1503,2.634e-05,1.04e-05,0.036
   56340,   56400,0.0065132,0.008466,0.02654,3.143e-25,1.825e-05,3.143e-05,0.0003118,1.103e-25,1.677e-05,0.001636,0.001105,2.725e-07,0.09683,0.006925,0.01892,0.1505,2.649e-05,1.054e-05,0.036
   56400,   56460,0.0065333,0.008487,0.02658,3.209e-25,1.838e-05,3.159e-05,0.0003134,1.126e-25,1.698e-05,0.001643,0.001109,2.749e-07,0.09696,0.006948,0.01894,0.1507,2.664e-05,1.067e-05,0.036
   56460,   56520,0.0065533,0.008507,0.02663,3.272e-25,1.85e-05,3.174e-05,0.0003148,1.148e-25,1.717e-05,0.001649,0.001113,2.772e-07,0.09708,0.006969,0.01896,0.1508,2.678e-05,1.079e-05,0.036
   56520,   56580,0.0065755,0.008527,0.02668,3.342e-25,1.862e-05,3.19e-05,0.0003164,1.172e-25,1.737e-05,0.001656,0.001117,2.796e-07,0.0972,0.006992,0.01898,0.151,2.692e-05,1.093e-05,0.036
   56580,   56640,0.0065912,0.008548,0.02673,3.413e-25,1.875e-05,3.206e-05,0.0003179,1.197e-25,1.758e-05,0.001662,0.001121,2.82e-07,0.09733,0.007014,0.019,0.1512,2.707e-05,1.106e-05,0.036
   56640,   56700,0.0066106,0.008567,0.02677,3.483e-25,1.887e-05,3.221e-05,0.0003193,1.221e-25,1.777e-05,0.001669,0.001125,2.842e-07,0.09744,0.007035,0.01902,0.1514,2.72e-05,1.119e-05,0.036
   56700,   56760,0.0066316,0.008587,0.02682,3.558e-25,1.899e-05,3.237e-05,0.0003208,1.247e-25,1.798e-05,0.001675,0.001128,2.866e-07,0.09756,0.007057,0.01903,0.1515,2.734e-05,1.132e-05,0.036
   56760,   56820,0.0066541,0.008606,0.02686,3.636e-25,1.911e-05,3.253e-05,0.0003223,1.274e-25,1.818e-05,0.001681,0.001132,2.89e-07,0.09768,0.007079,0.01905,0.1517,2.749e-05,1.146e-05,0.036
   56820,   56880,0.00668,0.008625,0.0269,3.712e-25,1.923e-05,3.267e-05,0.0003237,1.301e-25,1.838e-05,0.001687,0.001136,2.913e-07,0.0978,0.007099,0.01907,0.1519,2.762e-05,1.159e-05,0.036
   56880,   56940,0.0066943,0.008644,0.02695,3.794e-25,1.935e-05,3.283e-05,0.0003252,1.329e-25,1.858e-05,0.001694,0.00114,2.937e-07,0.09791,0.007121,0.01909,0.152,2.776e-05,1.172e-05,0.036
   56940,   57000,0.0067187,0.008664,0.02699,3.88e-25,1.947e-05,3.298e-05,0.0003267,1.359e-25,1.879e-05,0.0017,0.001144,2.961e-07,0.09803,0.007142,0.0191,0.1522,2.79e-05,1.186e-05,0.036
   57000,   57060,0.0067356,0.008681,0.02703,3.962e-25,1.959e-05,3.313e-05,0.000328,1.388e-25,1.899e-05,0.001706,0.001147,2.983e-07,0.09814,0.007162,0.01912,0.1524,2.803e-05,1.199e-05,0.036
   57060,   57120,0.0067578,0.0087,0.02708,4.053e-25,1.971e-05,3.328e-05,0.0003295,1.42e-25,1.919e-05,0.001712,0.001151,3.007e-07,0.09825,0.007183,0.01914,0.1525,2.817e-05,1.212e-05,0.036
   57120,   57180,0.006771,0.008719,0.02712,4.146e-25,1.983e-05,3.343e-05,0.0003309,1.452e-25,1.94e-05,0.001718,0.001154,3.031e-07,0.09836,0.007203,0.01916,0.1527,2.831e-05,1.226e-05,0.036
   57180,   57240,0.0067924,0.008736,0.02716,4.237e-25,1.994e-05,3.357e-05,0.0003323,1.484e-25,1.96e-05,0.001724,0.001158,3.053e-07,0.09846,0.007223,0.01917,0.1528,2.844e-05,1.239e-05,0.036
   57240,   57300,0.0067989,0.008755,0.0272,4.336e-25,2.006e-05,3.372e-05,0.0003337,1.519e-25,1.981e-05,0.00173,0.001161,3.077e-07,0.09857,0.007243,0.01919,0.153,2.858e-05,1.253e-05,0.036
   57300,   57360,0.006827,0.008773,0.02724,4.438e-25,2.018e-05,3.387e-05,0.0003351,1.555e-25,2.002e-05,0.001736,0.001165,3.101e-07,0.09868,0.007263,0.0192,0.1531,2.871e-05,1.266e-05,0.036
   57360,   57420,0.0068488,0.00879,0.02728,4.537e-25,2.029e-05,3.401e-05,0.0003364,1.59e-25,2.022e-05,0.001742,0.001168,3.123e-07,0.09878,0.007282,0.01922,0.1533,2.884e-05,1.28e-05,0.036
   57420,   57480,0.0068608,0.008808,0.02732,4.646e-25,2.041e-05,3.415e-05,0.0003378,1.629e-25,2.042e-05,0.001747,0.001172,3.146e-07,0.09889,0.007302,0.01924,0.1534,2.897e-05,1.293e-05,0.036
   57480,   57540,0.0068776,0.008825,0.02736,4.759e-25,2.052e-05,3.43e-05,0.0003392,1.668e-25,2.064e-05,0.001753,0.001175,3.17e-07,0.09899,0.007321,0.01925,0.1536,2.911e-05,1.307e-05,0.036
   57540,   57600,0.0068913,0.008842,0.0274,4.868e-25,2.063e-05,3.444e-05,0.0003405,1.707e-25,2.083e-05,0.001759,0.001179,3.192e-07,0.09909,0.00734,0.01927,0.1537,2.923e-05,1.32e-05,0.036
   57600,   57660,0.006912,0.008859,0.02744,4.987e-25,2.075e-05,3.458e-05,0.0003419,1.749e-25,2.104e-05,0.001765,0.001182,3.215e-07,0.09919,0.007359,0.01928,0.1539,2.936e-05,1.334e-05,0.036
   57660,   57720,0.0069282,0.008876,0.02748,5.111e-25,2.086e-05,3.472e-05,0.0003432,1.793e-25,2.125e-05,0.00177,0.001186,3.239e-07,0.09929,0.007378,0.0193,0.154,2.95e-05,1.348e-05,0.036
   57720,   57780,0.0069393,0.008892,0.02751,5.231e-25,2.097e-05,3.485e-05,0.0003445,1.836e-25,2.145e-05,0.001776,0.001189,3.261e-07,0.09939,0.007396,0.01931,0.1541,2.962e-05,1.361e-05,0.036
   57780,   57840,0.006958,0.008909,0.02755,5.364e-25,2.109e-05,3.5e-05,0.0003459,1.884e-25,2.166e-05,0.001781,0.001192,3.284e-07,0.09948,0.007415,0.01933,0.1543,2.975e-05,1.375e-05,0.036
   57840,   57900,0.006977,0.008925,0.02759,5.5e-25,2.12e-05,3.514e-05,0.0003472,1.932e-25,2.187e-05,0.001787,0.001195,3.308e-07,0.09958,0.007433,0.01934,0.1544,2.988e-05,1.389e-05,0.036
   57900,   57960,0.0069842,0.008941,0.02763,5.633e-25,2.131e-05,3.527e-05,0.0003484,1.98e-25,2.207e-05,0.001792,0.001199,3.329e-07,0.09967,0.007451,0.01935,0.1545,3e-05,1.402e-05,0.036
   57960,   58020,0.0069989,0.008957,0.02766,5.778e-25,2.142e-05,3.54e-05,0.0003498,2.032e-25,2.228e-05,0.001798,0.001202,3.352e-07,0.09977,0.007469,0.01937,0.1547,3.013e-05,1.416e-05,0.036
   58020,   58080,0.0070168,0.008973,0.0277,5.929e-25,2.153e-05,3.554e-05,0.0003511,2.087e-25,2.25e-05,0.001803,0.001205,3.376e-07,0.09986,0.007487,0.01938,0.1548,3.026e-05,1.43e-05,0.036
   58080,   58140,0.0070322,0.008988,0.02773,6.076e-25,2.164e-05,3.567e-05,0.0003523,2.14e-25,2.269e-05,0.001808,0.001208,3.397e-07,0.09995,0.007504,0.0194,0.1549,3.038e-05,1.444e-05,0.036
   58140,   58200,0.0070511,0.009004,0.02777,6.238e-25,2.175e-05,3.58e-05,0.0003536,2.198e-25,2.291e-05,0.001813,0.001211,3.42e-07,0.1,0.007522,0.01941,0.1551,3.05e-05,1.458e-05,0.036
   58200,   58260,0.0070641,0.00902,0.0278,6.405e-25,2.186e-05,3.594e-05,0.0003549,2.259e-25,2.312e-05,0.001819,0.001214,3.443e-07,0.1001,0.00754,0.01942,0.1552,3.063e-05,1.472e-05,0.036
   58260,   58320,0.0070821,0.009034,0.02784,6.568e-25,2.196e-05,3.606e-05,0.0003561,2.318e-25,2.332e-05,0.001824,0.001217,3.465e-07,0.1002,0.007556,0.01944,0.1553,3.074e-05,1.485e-05,0.036
   58320,   58380,0.0070929,0.00905,0.02787,6.744e-25,2.207e-05,3.619e-05,0.0003573,2.383e-25,2.353e-05,0.001829,0.00122,3.488e-07,0.1003,0.007573,0.01945,0.1554,3.087e-05,1.499e-05,0.036
   58380,   58440,0.0071109,0.009065,0.02791,6.929e-25,2.218e-05,3.633e-05,0.0003586,2.45e-25,2.374e-05,0.001834,0.001224,3.51e-07,0.1004,0.007591,0.01946,0.1556,3.099e-05,1.513e-05,0.036
   58440,   58500,0.0071321,0.009079,0.02794,7.11e-25,2.228e-05,3.645e-05,0.0003598,2.516e-25,2.394e-05,0.001839,0.001226,3.532e-07,0.1005,0.007607,0.01948,0.1557,3.111e-05,1.526e-05,0.036
   58500,   58560,0.0071403,0.009094,0.02797,7.309e-25,2.239e-05,3.658e-05,0.000361,2.59e-25,2.415e-05,0.001844,0.001229,3.554e-07,0.1006,0.007624,0.01949,0.1558,3.123e-05,1.54e-05,0.036
   58560,   58620,0.0071562,0.009109,0.028,7.515e-25,2.25e-05,3.671e-05,0.0003622,2.665e-25,2.436e-05,0.001849,0.001232,3.577e-07,0.1006,0.00764,0.0195,0.1559,3.135e-05,1.554e-05,0.036
   58620,   58680,0.0071692,0.009123,0.02803,7.716e-25,2.26e-05,3.683e-05,0.0003634,2.739e-25,2.456e-05,0.001854,0.001235,3.598e-07,0.1007,0.007656,0.01951,0.156,3.146e-05,1.568e-05,0.036
   58680,   58740,0.0071777,0.009137,0.02807,7.938e-25,2.27e-05,3.695e-05,0.0003646,2.821e-25,2.477e-05,0.001859,0.001238,3.62e-07,0.1008,0.007672,0.01953,0.1562,3.158e-05,1.582e-05,0.036
   58740,   58800,0.0071908,0.009152,0.0281,8.168e-25,2.281e-05,3.708e-05,0.0003658,2.907e-25,2.498e-05,0.001864,0.001241,3.643e-07,0.1009,0.007689,0.01954,0.1563,3.17e-05,1.596e-05,0.036
   58800,   58860,0.0072067,0.009165,0.02813,8.393e-25,2.291e-05,3.72e-05,0.0003669,2.99e-25,2.518e-05,0.001869,0.001244,3.664e-07,0.101,0.007704,0.01955,0.1564,3.181e-05,1.609e-05,0.036
   58860,   58920,0.0072206,0.009179,0.02816,8.64e-25,2.301e-05,3.732e-05,0.0003681,3.082e-25,2.539e-05,0.001874,0.001247,3.686e-07,0.101,0.00772,0.01956,0.1565,3.193e-05,1.623e-05,0.036
   58920,   58980,0.0072384,0.009193,0.02819,8.896e-25,2.312e-05,3.744e-05,0.0003693,3.178e-25,2.56e-05,0.001878,0.00125,3.708e-07,0.1011,0.007736,0.01957,0.1566,3.204e-05,1.637e-05,0.036
   58980,   59040,0.007251,0.009206,0.02822,9.147e-25,2.321e-05,3.756e-05,0.0003704,3.272e-25,2.58e-05,0.001883,0.001252,3.729e-07,0.1012,0.00775,0.01959,0.1567,3.215e-05,1.65e-05,0.036
   59040,   59100,0.0072615,0.00922,0.02825,9.424e-25,2.332e-05,3.768e-05,0.0003716,3.376e-25,2.601e-05,0.001888,0.001255,3.751e-07,0.1013,0.007766,0.0196,0.1568,3.227e-05,1.664e-05,0.036
   59100,   59160,0.0072756,0.009233,0.02828,9.711e-25,2.342e-05,3.78e-05,0.0003727,3.485e-25,2.622e-05,0.001892,0.001258,3.773e-07,0.1014,0.007781,0.01961,0.1569,3.238e-05,1.678e-05,0.036
   59160,   59220,0.0072817,0.009246,0.02831,9.992e-25,2.351e-05,3.792e-05,0.0003738,3.591e-25,2.642e-05,0.001897,0.00126,3.794e-07,0.1014,0.007796,0.01962,0.157,3.249e-05,1.692e-05,0.036
   59220,   59280,0.007295,0.009259,0.02834,1.03e-24,2.361e-05,3.803e-05,0.000375,3.709e-25,2.663e-05,0.001902,0.001263,3.815e-07,0.1015,0.007811,0.01963,0.1571,3.26e-05,1.706e-05,0.036
   59280,   59340,0.0073119,0.009272,0.02837,1.062e-24,2.371e-05,3.815e-05,0.0003761,3.832e-25,2.683e-05,0.001906,0.001266,3.837e-07,0.1016,0.007826,0.01964,0.1572,3.271e-05,1.719e-05,0.036
