CampaignData_and_Merges/R0/CSL_MobileLab_Parked/raw/20240816/USOS-NOAAIodideCIMS-OrgNitrs_MobileLabGround_20240816_RA.ict
37, 1001
Michael A Robinson, Chris Jernigan, Subi Thakali
NOAA ESRL Chemical Sciences Laboratory and CIRES, U. of Colorado
NOAA Iodide CIMS Instrument
USOS
1, 1
2024, 08, 16, 2024, 08, 18
1
starttime_UTC, seconds_past_midnight, seconds_of_day_since_00:00:00_UTC
5
1, 1, 1, 1, 1
-9999, -9999, -9999, -9999, -9999
C4H7NO5_NOAACIMS, pptv, Gas_C4H7NO5_InSitu_S_AVMR, 
ISOPN_NOAACIMS, pptv, Gas_ISOPN_InSitu_S_AVMR, 
C5H10O3_NOAACIMS, pptv, Gas_C5H10O3_InSitu_S_AVMR, 
C5H9NO5_NOAACIMS, pptv, Gas_C5H9NO5_InSitu_S_AVMR, 
C10H17NO4_NOAACIMS, pptv, Gas_C10H17NO4_InSitu_S_AVMR, 
0
18
PI_CONTACT_INFO: 325 Broadway, R/CSD 7, Boulder, Colorado 80305; michael.a.robinson@noaa.gov; chris.jernigan@noaa.gov;
PLATFORM: NOAA CSL Mobile Lab
LOCATION: SLC, Utah
ASSOCIATED_DATA: 1Hz data also available on request.
INSTRUMENT_INFO: NOAA I- ToF CIMS
DATA_INFO: All data in parts per trillion by volume (pptv). 1 Hz data is available upon request.
UNCERTAINTY: TBD
ULOD_FLAG: -7777
ULOD_VALUE: N/A
LLOD_FLAG: -8888
LLOD_VALUE: N/A
DM_CONTACT_INFO: Nathan Howard; nathan.h.howard@noaa.gov
PROJECT_INFO: USOS, summer 2024. https://csl.noaa.gov/groups/csl7/measurements/2024usos/
STIPULATIONS_ON_USE: Users are strongly encouraged to contact the PI for proper data usage.
OTHER_COMMENTS: 
REVISION: RA
RA: Preliminary Data; For in-field use only
starttime_UTC, C4H7NO5_NOAACIMS, ISOPN_NOAACIMS, C5H10O3_NOAACIMS, C5H9NO5_NOAACIMS, C10H17NO4_NOAACIMS
[from data line 1343]
 80580,  1.632,  4.864, 12.974,  1.778,  0.079
 80640,  1.331,  5.536,  7.263,  1.246,  0.110
 80700,  1.478,  7.892,  8.193,  1.178,  0.153
 80760,  1.536,  8.913,  9.756,  1.215,  0.239
 80820,  1.541,  8.549, 10.343,  1.196,  0.237
 80880,  1.840,  7.021, 15.893,  1.893,  0.179
 80940,  1.486,  8.757, 11.504,  1.152,  0.196
 81000,  1.579,  8.536, 14.599,  1.399,  0.198
 81060,  1.666,  9.920, 15.346,  1.220,  0.220
 81120,  1.744, 11.614, 17.018,  1.247,  0.318
 81180,  1.774, 11.325, 17.418,  1.381,  0.326
 81240,  1.717,  8.562, 16.305,  1.324,  0.262
 81300,  1.740,  8.799, 15.615,  1.248,  0.222
 81360,  1.755, 10.209, 16.573,  1.121,  0.185
 81420,  1.786, 10.689, 17.657,  1.388,  0.256
 81480,  1.806, 12.416, 19.444,  1.376,  0.292
 81540,  1.920, 13.765, 22.763,  1.385,  0.305
 81600,  2.062, 16.798, 25.242,  1.376,  0.342
 81660,  2.172, 17.928, 27.467,  1.447,  0.325
 81720,  2.258, 14.253, 28.633,  1.695,  0.279
 81780,  2.031, 17.283, 20.548,  1.704, -0.067
 81840,  2.044, 13.167, 22.925,  1.728,  0.299
 81900,  1.846, 12.187, 22.465,  1.412,  0.271
 81960,  1.876, 13.140, 25.077,  1.412,  0.267
 82020,  1.965, 14.203, 25.122,  1.390,  0.299
 82080,  1.942, 15.505, 24.355,  1.281,  0.330
 82140,  2.111, 16.336, 28.441,  1.535,  0.312
 82200,  1.978, 16.414, 27.658,  1.280,  0.384
 82260,  2.040, 15.290, 28.550,  1.523,  0.344
 82320,  1.954, 14.237, 25.850,  1.233,  0.272
 82380,  1.995, 13.782, 24.978,  1.372,  0.234
 82440,  2.099, 12.835, 24.600,  1.496,  0.249
 82500,  1.902, 12.434, 22.719,  1.306,  0.203
 82560,  2.096, 13.168, 23.960,  1.170,  0.236
 82620,  2.060, 12.217, 24.286,  1.494,  0.209
 82680,  2.139, 12.223, 23.582,  1.371,  0.267
 82740,  2.213, 12.337, 24.223,  1.439,  0.201
 82800,  2.144, 12.363, 25.998,  1.443,  0.182
 82860,  2.020, 12.484, 24.824,  1.178,  0.212
 82920,  2.830,  8.930, 32.846,  2.652,  0.182
 82980,  2.034,  6.913, 26.182,  2.410,  0.171
 83040,  1.394,  8.155, 17.650,  1.018,  0.175
 83100,  1.425,  8.163, 17.526,  1.073,  0.200
 83160,  1.460,  8.328, 18.514,  1.119,  0.203
 83220,  1.607,  9.580, 19.469,  1.208,  0.183
 83280,  1.626, 10.660, 20.399,  1.353,  0.262
 83340,  1.619,  9.951, 20.794,  1.321,  0.219
 83400,  1.594,  8.226, 20.639,  1.021,  0.139
 83460,  1.694, 10.202, 22.768,  1.401,  0.149
 83520,  1.604, 10.028, 21.100,  1.273,  0.139
 83580,  1.627,  9.659, 21.807,  1.408,  0.080
 83640,  1.748, 12.491, 21.264,  1.582,  0.307
 83700,  1.730, 13.274, 25.300,  1.610,  0.199
 83760,  1.743, 13.433, 26.286,  1.437,  0.224
 83820,  1.782, 13.078, 25.534,  1.202,  0.209
 83880,  1.896, 10.892, 26.183,  1.371,  0.203
 83940,  1.851,  9.606, 24.612,  1.508,  0.250
 84000,  1.838,  8.345, 24.286,  1.608,  0.184
 84060,  1.882,  7.902, 24.983,  1.597,  0.162
 84120,  1.713, 11.412, 23.268,  1.223,  0.228
 84180,  1.858,  8.884, 25.646,  1.778,  0.173
 84240, -9999.000, -9999.000, -9999.000, -9999.000, -9999.000
 84300, -9999.000, -9999.000, -9999.000, -9999.000, -9999.000
 84360,  1.829, 10.132, 21.420,  1.094,  0.253
 84420,  1.895,  9.214, 22.307,  1.537,  0.183
 84480,  1.776,  9.814, 21.005,  1.195,  0.151
 84540,  1.661, 12.339, 28.334,  1.334,  0.072
 84600,  2.254, 10.566, 26.613,  1.972,  0.188
 84660,  2.179, 11.294, 27.736,  1.796,  0.193
 84720,  2.065, 11.701, 27.319,  1.792,  0.221
 84780,  2.018, 13.677, 27.608,  1.456,  0.256
 84840,  2.041, 12.842, 26.690,  1.527,  0.305
 84900,  2.111, 10.026, 28.955,  1.842,  0.195
 84960,  1.960, 10.659, 25.130,  1.372,  0.206
 85020,  1.905, 11.713, 26.414,  1.466,  0.231
 85080,  1.982, 10.521, 28.176,  1.679,  0.205
 85140,  1.951, 11.032, 27.994,  1.430,  0.193
 85200,  2.179, 12.118, 29.840,  1.606,  0.254
 85260,  2.037, 12.674, 28.849,  1.545,  0.255
 85320,  2.095, 13.628, 29.843,  1.410,  0.251
 85380,  2.269, 13.176, 29.926,  1.727,  0.264
 85440,  2.175, 15.082, 29.852,  1.549,  0.248
 85500,  2.369, 17.797, 30.190,  1.739,  0.330
 85560,  2.425, 14.284, 31.339,  1.906,  0.316
 85620,  2.153, 14.286, 29.439,  1.569,  0.321
 85680,  2.110, 13.155, 28.608,  1.592,  0.287
 85740,  2.148, 12.117, 29.320,  1.736,  0.218
 85800,  2.041, 10.113, 25.845,  1.616,  0.228
 85860,  1.941, 10.709, 23.427,  1.511,  0.241
 85920,  1.931, 10.163, 23.034,  1.466,  0.185
 85980,  1.973,  8.570, 23.381,  1.654,  0.230
 86040,  1.756,  8.928, 20.179,  1.353,  0.212
 86100,  2.113,  9.487, 24.512,  1.872,  0.266
 86160,  2.136, 10.270, 25.707,  1.937,  0.216
 86220,  2.078, 12.641, 24.865,  1.619,  0.208
 86280,  2.211, 13.869, 26.166,  1.734,  0.224
 86340,  2.310, 11.217, 28.525,  1.910,  0.197
