CampaignData_and_Merges/R0/CSL_MobileLab_Parked/raw/20240816/USOS-HCHO_MobileLabGround_20240816_R0.ict
35,1001
Huang, Yaoxian
Wayne State University
Picarro G2307 on CSL Mobile Lab
USOS
1,1
2024,08,16,2024,08,22
1.0
Time_Start,seconds_since_midnight,number_of_seconds_since_0000_UTC
3
1.0,1.0,1.0
-9999.0,-9999.0,-9999.0
HCHO,ppbv,Gas_HCHO_InSitu_S_AVMR,volume mixing ratio of formaldehyde in air
H2O,ppmv,Gas_H2O_InSitu_S_AVMR,volume mixing ratio of water vapor in air
CH4,ppmv,Gas_CH4_InSitu_S_AVMR,volume mixing ratio of methane in air
0
18
PI_CONTACT_INFO: yaoxian.huang@wayne.edu
PLATFORM: CSL Mobile Lab, at Ground Site
LOCATION: Salt Lake City, UT
ASSOCIATED_DATA: N/A
INSTRUMENT_INFO: Cavity Ring-Down Spectrometer
DATA_INFO: Data is averaged to 1 minute intervals for stationary and 1 second interval for driving. Stationary data collected from a 20 ft tower on top of the mobile lab.
UNCERTAINTY: N/A
ULOD_FLAG: -7777
ULOD_VALUE: N/A
LLOD_FLAG: -8888
LLOD_VALUE: N/A
DM_CONTACT_INFO: Yaoxian Huang; yaoxian.huang@wayne.edu
PROJECT_INFO: USOS, Summer 2024. https://csl.noaa.gov/groups/csl7/measurements/2024usos/
STIPULATIONS_ON_USE: Users are strongly encouraged to contact the PI for proper data usage.
OTHER_COMMENTS: Data have been shifted backwards by 1 minute to align with USOS MetNav and Picarro GHG data.
REVISION: R0
R0: Final Data
Time_Start,HCHO,H2O,CH4
[from data line 1083]
64980,3.35724,10566.2,1.93377
65040,3.16834,10849.3,1.93594
65100,3.19903,10868.7,1.93627
65160,3.31346,11083.7,1.93621
65220,3.4127,10946.1,1.93504
65280,3.10638,10080.5,1.93403
65340,3.04013,9656.22,1.93053
65400,2.779,9165.62,1.93114
65460,2.97621,9258.26,1.93263
65520,3.09944,9624.66,1.93371
65580,3.31551,9732.01,1.9326
65640,3.10083,9455.5,1.93332
65700,2.65662,8694.98,1.92961
65760,2.40777,8358.27,1.92876
65820,2.24451,8279.88,1.92713
65880,2.22993,8050.44,1.92721
65940,2.2472,8115.18,1.92952
66000,2.16883,8351.17,1.92655
66060,2.16547,8099.03,1.92559
66120,2.11702,8194.4,1.92714
66180,2.20916,7818.37,1.92454
66240,2.06839,8064.54,1.92576
66300,2.22482,8158.17,1.92673
66360,2.1024,8134.18,1.92418
66420,1.83495,7334.53,1.92655
66480,1.75329,7600.4,1.92519
66540,1.67808,7221.99,1.92692
66600,1.74838,7169.37,1.92892
66660,1.55759,7427.44,1.92907
66720,1.75416,7593.41,1.92776
66780,1.68778,7925.84,1.92756
66840,1.73723,7761.36,1.92897
66900,1.77981,8199.59,1.92747
66960,1.84689,7338.05,1.92919
67020,1.81356,7155.73,1.92827
67080,2.09686,7759.16,1.92937
67140,1.93602,7543.38,1.93054
67200,1.77096,7873.69,1.92819
67260,1.84573,7462.95,1.9298
67320,1.77165,7281.15,1.93026
67380,1.66097,7615.1,1.93098
67440,1.74434,7207.01,1.92808
67500,1.73044,7150.17,1.92854
67560,1.69783,7102.92,1.93087
67620,1.53811,7218.28,1.9294
67680,1.73938,7256.7,1.92751
67740,2.019,7289.14,1.9272
67800,1.94089,7115.52,1.92891
67860,2.07234,7128.81,1.92834
67920,1.85982,7331.04,1.92872
67980,1.89469,7580.44,1.92572
68040,1.72788,7277.86,1.92696
68100,1.64061,6929.86,1.92817
68160,1.48604,7055.06,1.92577
68220,1.69318,7218.57,1.9273
68280,1.60591,7139.7,1.92834
68340,1.64688,6960.91,1.92533
68400,1.86618,6989.32,1.92531
68460,1.87651,7381.05,1.92739
68520,1.97734,7585.77,1.92441
68580,2.04984,7858.15,1.92515
68640,1.98485,7640.74,1.92802
68700,1.39812,6964.65,1.92896
68760,1.60438,6784.67,1.92855
68820,1.44344,6664.42,1.92869
68880,1.39448,6523.58,1.92771
68940,1.50125,6413.95,1.92448
69000,1.46992,6668.66,1.92782
69060,1.85905,7022.01,1.92726
69120,1.61968,7301.28,1.92616
69180,1.75315,7536.9,1.92594
69240,1.80317,7124.23,1.92806
69300,1.91444,7264.42,1.9255
69360,1.47037,6812.37,1.92601
69420,1.81047,7319.64,1.92676
69480,1.82078,7654.97,1.92359
69540,1.91022,7591.29,1.92597
69600,1.73379,7176.73,1.92387
69660,1.58995,7011.11,1.92296
69720,1.65763,6941.48,1.92669
69780,1.76574,7253.12,1.92506
69840,2.01746,7502.69,1.92292
69900,1.68594,7380.92,1.92274
69960,1.52727,7236.02,1.92071
70020,1.61923,7263.91,1.9223
70080,1.65192,7347.66,1.91947
70140,1.68916,7453.25,1.9205
70200,1.58825,7718.23,1.91923
70260,1.51846,7493.98,1.92161
70320,1.64107,8152.31,1.92184
70380,1.78213,7646.58,1.92317
70440,1.84203,7790.91,1.92306
70500,1.56602,7767.79,1.92011
70560,1.49562,7514.45,1.92149
70620,1.839,7601.26,1.91933
70680,2.04199,7894.44,1.92163
70740,1.74881,8244.5,1.92056
70800,1.73289,7809.78,1.92125
70860,1.59874,7527.72,1.91991
70920,1.57619,7463.7,1.91665
70980,1.65679,8100.09,1.92006
71040,1.98494,8631.87,1.91869
71100,1.51796,7599.81,1.91961
71160,1.53259,7518.41,1.91907
71220,1.65668,7579.84,1.91849
71280,1.64465,7811.19,1.91863
71340,1.72464,7639.66,1.92175
71400,1.5983,7571.6,1.92025
71460,1.56568,7784.06,1.9203
71520,1.61381,8043.03,1.9186
71580,1.58985,8048.15,1.92116
71640,1.63144,7864.31,1.91812
71700,1.46036,7660.76,1.91642
71760,1.53332,7808.92,1.91925
71820,1.46704,8108.99,1.91783
71880,1.60469,7828.64,1.91883
71940,1.73183,8179.76,1.91945
72000,1.58064,8116.82,1.91754
72060,1.47435,8029.91,1.91748
72120,1.6035,7765.44,1.91764
72180,1.42309,7691.76,1.91929
72240,1.46762,7593.77,1.9189
72300,1.34703,7708.97,1.91872
72360,1.64044,7952.03,1.91885
72420,1.48558,7887.57,1.92168
72480,1.81638,8058.4,1.91916
72540,1.50032,7762.55,1.91955
72600,1.41155,8253.1,1.91788
72660,1.37638,8045.43,1.91741
72720,1.41273,7828.86,1.91707
72780,1.49115,8282.16,1.91869
72840,1.42815,7980.82,1.91936
72900,1.70673,8032.5,1.91997
72960,1.50431,8474.6,1.91893
73020,1.49582,8460.96,1.92171
73080,1.3457,8447.12,1.91732
73140,1.51662,8027.68,1.91943
73200,1.35406,8490.15,1.91636
73260,1.33364,7909.6,1.918
73320,1.55787,8377.21,1.91797
73380,1.22689,7965.92,1.91768
73440,1.51299,8019.47,1.91795
73500,1.45146,7977.99,1.91865
73560,1.19248,8131.2,1.91801
73620,1.37589,8024.33,1.91898
73680,1.24265,8002.36,1.91756
73740,1.60899,8486.55,1.91822
73800,1.32788,8160.7,1.91617
73860,1.42364,7894.69,1.91649
73920,1.37822,8193.88,1.91656
73980,1.42372,8036.48,1.91587
74040,1.69355,8326.33,1.91673
74100,1.88683,8236.85,1.91741
74160,1.61902,8145.59,1.91791
74220,1.58311,8059.38,1.91929
74280,1.79373,8180.86,1.91997
74340,1.5935,8299.72,1.91976
74400,1.71007,8316.5,1.9181
74460,1.6479,8055.68,1.91922
74520,1.50678,8441.77,1.9176
74580,1.74626,8433.49,1.91789
74640,1.69936,8417.36,1.91664
74700,1.8097,8552.41,1.91778
74760,1.54822,8654.84,1.91642
74820,1.64602,8493.7,1.91597
74880,1.9594,8554.27,1.91783
74940,1.69762,8524.37,1.91783
75000,1.64142,7976.35,1.91736
75060,1.96395,8547.8,1.91775
75120,1.40141,8463.25,1.91383
75180,1.44635,8425.08,1.91703
75240,1.76354,8562.26,1.91471
75300,1.54595,8682.36,1.91573
75360,1.76055,8519.03,1.91724
75420,1.52143,8150.91,1.91644
75480,1.72486,7879.7,1.91522
75540,1.69081,8538.3,1.91352
75600,1.36646,8095.04,1.9151
75660,1.47635,8031.22,1.91367
75720,1.51223,8295.32,1.91589
75780,1.81358,8309.9,1.91662
75840,1.68631,8554.02,1.91402
75900,1.77334,8318.27,1.91575
75960,1.54236,8143.67,1.9149
76020,1.67926,8207.83,1.91717
76080,1.64806,8688.91,1.91312
76140,1.58489,8620.51,1.91302
76200,1.69168,8086.15,1.91344
76260,1.73665,8186.83,1.91611
76320,1.58659,8377.98,1.91361
76380,1.77365,8282.46,1.91426
76440,1.68446,8289.67,1.91327
76500,1.75256,8098.48,1.91471
76560,1.62469,8347.62,1.91516
76620,1.56457,8009.29,1.91154
76680,1.58754,8194.17,1.91504
76740,1.65684,7966.1,1.91428
76800,1.67258,8003.36,1.9163
76860,1.55199,7924.08,1.91381
76920,1.4582,7863.09,1.91329
76980,1.55342,7963.05,1.91207
77040,1.42409,7900.65,1.91338
77100,1.71887,8070.08,1.91543
77160,1.36798,8137.0,1.91409
77220,1.31249,8075.73,1.9155
77280,1.37022,8281.24,1.91754
77340,1.38957,8156.55,1.91721
77400,1.60234,8026.88,1.92008
77460,1.36523,8155.25,1.91863
77520,1.23371,7445.43,1.91754
77580,1.12756,7514.53,1.91663
77640,1.4596,7667.52,1.91478
77700,1.27172,7660.94,1.91456
77760,1.48915,7731.59,1.91767
77820,1.19766,7151.79,1.91529
77880,1.23894,7449.43,1.91733
77940,1.23839,7336.64,1.91657
78000,1.507,7512.43,1.91695
78060,1.54553,8170.82,1.91426
78120,1.56116,7600.42,1.91495
78180,1.54427,7725.42,1.9169
78240,1.48154,7601.48,1.91662
78300,1.57011,7770.62,1.91676
78360,1.47615,7752.12,1.91819
78420,1.54454,7648.89,1.91554
78480,1.46591,7453.73,1.91525
78540,1.45805,7708.9,1.91448
78600,1.69706,8350.34,1.91327
78660,1.43648,7868.32,1.91625
78720,1.64327,8393.97,1.91495
78780,1.66956,8433.1,1.91833
78840,1.62728,8007.36,1.91585
78900,1.5224,7709.41,1.91485
78960,1.31777,7299.51,1.91458
79020,1.32223,7361.06,1.91504
79080,1.2503,7702.92,1.91513
79140,1.57417,8022.47,1.91479
79200,1.63532,8004.59,1.91636
79260,1.27805,7881.11,1.91413
79320,1.11828,7067.19,1.91525
79380,1.12433,7294.55,1.91333
79440,1.03459,7603.21,1.91373
79500,1.13232,7814.07,1.91292
79560,1.56538,7890.68,1.91632
79620,1.57589,8299.81,1.91398
79680,1.13196,7402.02,1.91584
79740,1.39589,7868.17,1.91636
79800,1.30579,7619.23,1.91537
79860,1.2711,7501.35,1.91225
79920,1.30575,7696.19,1.91405
79980,1.61586,7561.31,1.91548
80040,1.44513,7643.39,1.91397
80100,1.14692,8007.22,1.91502
80160,1.40376,7825.46,1.91557
80220,1.5043,8351.06,1.91388
80280,1.30313,7740.63,1.91476
80340,1.42378,7800.38,1.91656
80400,1.27511,7632.75,1.91552
80460,1.24563,7452.82,1.91416
80520,1.14356,7205.05,1.91487
80580,1.0314,7315.99,1.91631
80640,1.09818,7114.56,1.91574
80700,1.37705,7376.99,1.91445
80760,1.25622,7502.23,1.9148
80820,1.34588,7711.12,1.91372
80880,1.10079,7500.98,1.91489
80940,1.06515,7707.58,1.91437
81000,1.24518,7453.97,1.91323
81060,1.32718,7879.49,1.9154
81120,1.50428,8141.9,1.91395
81180,1.66325,8185.96,1.91393
81240,1.50824,7676.0,1.91316
81300,1.08697,7083.97,1.91349
81360,1.16383,7330.53,1.91389
81420,1.30135,7780.87,1.91565
81480,1.35996,7600.81,1.91238
81540,1.29862,7693.92,1.91348
81600,1.56235,7889.22,1.91331
81660,1.48947,7712.85,1.91365
81720,1.36891,7866.75,1.91389
81780,1.21822,7689.0,1.91205
81840,1.58475,7710.27,1.91284
81900,0.980581,7298.9,1.9133
81960,1.09338,7381.76,1.91294
82020,1.37721,7469.9,1.91399
82080,1.54573,7749.85,1.91632
82140,1.70881,7970.55,1.91617
82200,1.61906,8167.14,1.9143
82260,1.45672,7788.16,1.91409
82320,1.49037,7932.64,1.91419
82380,1.35824,7493.16,1.91463
82440,1.22858,7694.87,1.91229
82500,1.36403,7401.15,1.91391
82560,1.20195,7373.48,1.91519
82620,1.21221,7506.44,1.91421
82680,1.54468,7710.56,1.91549
82740,1.4963,7312.87,1.91489
82800,1.0939,7194.14,1.91379
82860,1.18051,7347.4,1.91154
82920,1.28837,7277.75,1.91347
82980,1.29145,7850.03,1.91304
83040,1.07481,7305.94,1.91408
83100,1.09406,7265.22,1.91373
83160,1.22053,7701.94,1.912
83220,1.33508,7342.25,1.9138
83280,1.46485,7832.83,1.91412
83340,1.35819,7458.93,1.91295
83400,0.990655,7205.91,1.91432
83460,1.32251,7880.92,1.91366
83520,1.17064,7490.72,1.91464
83580,1.17728,7173.61,1.9132
83640,1.24918,7549.61,1.91332
83700,1.69688,7482.33,1.91411
83760,1.22165,7191.85,1.91379
83820,1.26942,7406.76,1.91232
83880,1.39244,7528.69,1.91229
83940,1.31311,7556.68,1.91539
84000,1.14121,7258.47,1.91428
84060,1.07894,6968.33,1.91392
84120,0.934066,7314.61,1.9158
84180,1.20697,7147.7,1.91738
84240,1.3283,6975.84,1.91553
84300,1.38085,7212.11,1.9132
84360,1.47988,7255.04,1.91414
84420,1.18195,6877.48,1.91694
84480,1.11037,6760.53,1.91412
84540,1.0255,6690.36,1.91367
84600,1.25226,6861.02,1.91487
84660,1.44038,7250.89,1.91387
84720,1.38527,7526.63,1.91499
84780,1.38456,7432.22,1.91644
84840,1.3838,7352.22,1.91673
84900,1.25471,7166.74,1.91526
84960,1.26475,7077.94,1.91513
85020,1.32587,7087.75,1.91589
85080,1.36805,7181.21,1.915
85140,1.35329,7057.59,1.91544
85200,1.14691,7286.46,1.91481
85260,1.37416,7455.51,1.91416
85320,1.44323,7595.82,1.91705
85380,1.35622,7402.49,1.92052
85440,1.34704,7359.87,1.92365
85500,1.71194,7636.47,1.91662
85560,1.53076,7533.22,1.91584
85620,1.53367,7740.7,1.91777
85680,1.23382,7055.93,1.91654
85740,1.18578,7271.66,1.91297
85800,1.13181,7099.32,1.91596
85860,1.13514,7127.52,1.91587
85920,1.296,6976.79,1.91649
85980,1.13717,7132.43,1.91582
86040,1.07617,6970.85,1.91587
86100,1.51552,7259.25,1.91519
86160,1.18634,7073.81,1.91604
86220,1.50925,7097.5,1.9137
86280,1.65397,7199.01,1.91808
86340,-9999.0,-9999.0,-9999.0
