CampaignData_and_Merges/R0/CSL_MobileLab_Parked/raw/20240816/USOS-O3_MobileLabGround_20240816_R0.ict
34, 1001
Carrie Womack
NOAA Chemical Sciences Laboratory
2B Tech O3 UV Analyzer
USOS
1, 1
2024, 08, 16, 2024, 12, 21
60
Time_Start, seconds_past_midnight, Seconds from midnight UTC
1
1
-9999
O3_ppb, ppb, Ozone from 2B Tech UV Analyzer
1
SPECIAL COMMENTS:
18
PI_CONTACT_INFO: Address: 325 Broadway R/CSL7, Boulder, CO, 80305
PLATFORM: CSL Mobile Lab
LOCATION: Salt Lake City, UT
ASSOCIATED_DATA: N/A
INSTRUMENT_INFO: N/A
DATA_INFO: Units:
UNCERTAINTY: N/A
ULOD_FLAG: -7777
ULOD_VALUE: N/A
LLOD_FLAG: -8888
LLOD_VALUE: N/A
DM_CONTACT_INFO: Data Manager: Nate Howard
PROJECT_INFO: 
STIPULATIONS_ON_USE: Use of these data require prior ok from PI.
OTHER_COMMENTS: N/A
REVISION: R0
R0: Final data. RA: Preliminary Data.  For in-field use only.
Time_Start, O3_ppb
0.0,45.4
60.0,46.7
120.0,46.0
180.0,44.3
240.0,45.4
300.0,46.5
360.0,46.0
420.0,46.5
480.0,45.8
540.0,46.0
600.0,46.4
660.0,45.9
720.0,44.1
780.0,46.0
840.0,45.9
900.0,46.7
960.0,45.2
1020.0,46.3
1080.0,45.9
1140.0,46.8
1200.0,45.5
1260.0,44.4
1320.0,44.3
1380.0,44.4
1440.0,45.1
1500.0,43.6
1560.0,44.5
1620.0,43.6
1680.0,44.9
1740.0,45.6
1800.0,46.1
1860.0,46.0
1920.0,44.5
1980.0,43.8
2040.0,41.0
2100.0,42.6
2160.0,46.2
2220.0,45.7
2280.0,47.6
2340.0,46.1
2400.0,46.0
2460.0,45.8
2520.0,43.7
2580.0,43.4
2640.0,44.1
2700.0,42.3
2760.0,44.2
2820.0,45.2
2880.0,43.0
2940.0,45.4
3000.0,42.2
3060.0,44.9
3120.0,45.4
3180.0,45.3
3240.0,43.8
3300.0,43.7
3360.0,41.6
3420.0,44.1
3480.0,41.2
3540.0,43.4
3600.0,45.6
3660.0,44.9
3720.0,44.7
3780.0,44.5
3840.0,43.8
3900.0,42.5
3960.0,43.0
4020.0,44.4
4080.0,44.0
4140.0,43.6
4200.0,42.8
4260.0,42.8
4320.0,43.6
4380.0,42.7
4440.0,42.5
4500.0,43.1
4560.0,41.6
4620.0,40.2
4680.0,42.2
4740.0,44.4
4800.0,44.6
4860.0,45.3
4920.0,44.8
4980.0,43.9
5040.0,43.5
5100.0,43.2
5160.0,43.4
5220.0,43.1
5280.0,43.2
5340.0,39.7
5400.0,41.3
5460.0,43.7
5520.0,44.0
5580.0,44.9
5640.0,43.3
5700.0,43.9
5760.0,42.3
5820.0,43.7
5880.0,44.3
5940.0,42.9
6000.0,41.6
6060.0,39.3
6120.0,41.8
6180.0,39.1
6240.0,43.1
6300.0,40.5
6360.0,38.6
6420.0,39.7
6480.0,41.8
6540.0,40.5
6600.0,41.2
6660.0,41.4
6720.0,43.6
6780.0,42.6
6840.0,41.9
6900.0,40.5
6960.0,39.2
7020.0,40.8
7080.0,41.4
7140.0,40.2
7200.0,39.4
7260.0,38.4
7320.0,39.2
7380.0,38.4
7440.0,41.1
7500.0,34.9
7560.0,31.6
7620.0,34.6
7680.0,38.6
7740.0,36.9
7800.0,34.1
7860.0,29.9
7920.0,26.3
7980.0,24.7
8040.0,28.9
8100.0,35.8
8160.0,34.8
8220.0,38.2
8280.0,35.8
8340.0,35.6
8400.0,37.9
8460.0,37.4
8520.0,35.3
8580.0,34.3
8640.0,29.9
8700.0,33.8
8760.0,31.0
8820.0,32.7
8880.0,32.9
8940.0,32.4
9000.0,32.1
9060.0,32.2
9120.0,32.1
9180.0,33.4
9240.0,28.1
9300.0,23.9
9360.0,26.3
9420.0,29.1
9480.0,24.0
9540.0,26.3
9600.0,26.2
9660.0,26.4
9720.0,26.7
9780.0,28.7
9840.0,30.2
9900.0,28.3
9960.0,28.3
10020.0,23.7
10080.0,24.4
10140.0,25.8
10200.0,26.7
10260.0,25.3
10320.0,24.9
10380.0,24.0
10440.0,25.5
10500.0,23.5
10560.0,22.4
10620.0,24.2
10680.0,24.4
10740.0,25.0
10800.0,26.9
10860.0,24.9
10920.0,25.3
10980.0,25.4
11040.0,27.3
11100.0,28.1
11160.0,29.9
11220.0,28.4
11280.0,26.7
11340.0,26.5
11400.0,25.0
11460.0,27.5
11520.0,26.9
11580.0,27.6
11640.0,27.7
11700.0,27.9
11760.0,28.9
11820.0,27.6
11880.0,27.1
11940.0,27.8
12000.0,30.8
12060.0,29.8
12120.0,29.5
12180.0,27.7
12240.0,30.1
12300.0,30.1
12360.0,28.4
12420.0,28.2
12480.0,30.2
12540.0,30.7
12600.0,30.8
12660.0,32.8
12720.0,29.8
12780.0,31.2
12840.0,31.0
12900.0,29.9
12960.0,31.6
13020.0,31.6
13080.0,32.7
13140.0,30.8
13200.0,29.7
13260.0,31.1
13320.0,28.3
13380.0,24.4
13440.0,24.3
13500.0,28.5
13560.0,28.4
13620.0,30.1
13680.0,32.5
13740.0,33.7
13800.0,35.7
13860.0,34.1
13920.0,31.9
13980.0,32.6
14040.0,30.4
14100.0,25.6
14160.0,23.7
14220.0,26.0
14280.0,29.3
14340.0,15.9
14400.0,17.6
14460.0,22.0
14520.0,18.9
14580.0,20.0
14640.0,18.2
14700.0,12.8
14760.0,20.1
14820.0,20.5
14880.0,22.5
14940.0,21.7
15000.0,22.3
15060.0,19.6
15120.0,20.2
15180.0,20.4
15240.0,20.2
15300.0,17.4
15360.0,16.9
15420.0,15.3
15480.0,19.0
15540.0,22.6
15600.0,23.8
15660.0,16.7
15720.0,16.8
15780.0,22.0
15840.0,25.8
15900.0,24.5
15960.0,31.3
16020.0,27.7
16080.0,24.4
16140.0,19.6
16200.0,19.6
16260.0,20.4
16320.0,23.1
16380.0,23.1
16440.0,24.4
16500.0,29.2
16560.0,28.2
16620.0,30.8
16680.0,27.1
16740.0,28.3
16800.0,30.1
16860.0,31.1
16920.0,30.7
16980.0,30.4
17040.0,30.0
17100.0,29.0
17160.0,29.2
17220.0,29.0
17280.0,27.9
17340.0,28.1
17400.0,29.9
17460.0,29.3
17520.0,29.5
17580.0,30.0
17640.0,28.0
17700.0,27.1
17760.0,26.8
17820.0,26.4
17880.0,17.3
17940.0,17.3
18000.0,22.2
18060.0,22.9
18120.0,22.3
18180.0,25.3
18240.0,23.6
18300.0,20.5
18360.0,21.6
18420.0,19.3
18480.0,17.5
18540.0,18.3
18600.0,20.9
18660.0,26.7
18720.0,28.5
18780.0,27.9
18840.0,29.2
18900.0,27.9
18960.0,27.9
19020.0,30.6
19080.0,30.3
19140.0,26.3
19200.0,27.7
19260.0,28.3
19320.0,28.6
19380.0,31.6
19440.0,31.1
19500.0,30.3
19560.0,27.8
19620.0,26.3
19680.0,27.0
19740.0,29.1
19800.0,32.1
19860.0,30.7
19920.0,26.5
19980.0,28.9
20040.0,30.5
20100.0,30.0
20160.0,31.1
20220.0,31.7
20280.0,30.5
20340.0,30.6
20400.0,30.0
20460.0,30.7
20520.0,29.0
20580.0,25.6
20640.0,28.0
20700.0,29.3
20760.0,32.0
20820.0,30.4
20880.0,27.3
20940.0,27.1
21000.0,27.4
21060.0,29.3
21120.0,29.1
21180.0,30.6
21240.0,28.8
21300.0,31.4
21360.0,29.5
21420.0,29.3
21480.0,30.0
21540.0,30.3
21600.0,30.8
21660.0,29.2
21720.0,29.0
21780.0,31.0
21840.0,32.1
21900.0,31.9
21960.0,32.4
22020.0,30.7
22080.0,29.0
22140.0,30.4
22200.0,32.1
22260.0,30.4
22320.0,26.2
22380.0,28.1
22440.0,29.3
22500.0,28.5
22560.0,28.9
22620.0,31.4
22680.0,29.0
22740.0,29.6
22800.0,28.2
22860.0,25.8
22920.0,24.8
22980.0,25.6
23040.0,26.3
23100.0,25.1
23160.0,23.1
23220.0,22.1
23280.0,21.3
23340.0,21.6
23400.0,21.0
23460.0,22.0
23520.0,23.1
23580.0,20.5
23640.0,23.7
23700.0,23.1
23760.0,21.2
23820.0,22.6
23880.0,21.5
23940.0,23.8
24000.0,23.8
24060.0,25.0
24120.0,24.0
24180.0,25.0
24240.0,24.0
24300.0,24.4
24360.0,23.7
24420.0,23.6
24480.0,23.0
24540.0,22.9
24600.0,24.7
24660.0,22.8
24720.0,25.2
24780.0,26.7
24840.0,26.7
24900.0,27.2
24960.0,29.8
25020.0,29.2
25080.0,31.3
25140.0,31.8
25200.0,31.6
25260.0,31.2
25320.0,32.3
25380.0,32.7
25440.0,33.1
25500.0,36.2
25560.0,36.6
25620.0,36.0
25680.0,35.4
25740.0,33.7
25800.0,33.8
25860.0,35.0
25920.0,33.8
25980.0,35.4
26040.0,34.0
26100.0,33.8
26160.0,35.0
26220.0,33.0
26280.0,32.1
26340.0,34.2
26400.0,31.5
26460.0,32.7
26520.0,34.7
26580.0,31.0
26640.0,30.5
26700.0,30.6
26760.0,32.2
26820.0,32.6
26880.0,32.6
26940.0,34.3
27000.0,34.8
27060.0,30.7
27120.0,27.9
27180.0,28.9
27240.0,26.4
27300.0,27.9
27360.0,29.1
27420.0,29.6
27480.0,27.1
27540.0,23.5
27600.0,23.2
27660.0,26.2
27720.0,27.4
27780.0,29.4
27840.0,30.1
27900.0,30.0
27960.0,28.5
28020.0,28.5
28080.0,27.3
28140.0,26.4
28200.0,22.1
28260.0,26.6
28320.0,23.8
28380.0,24.3
28440.0,27.4
28500.0,28.5
28560.0,25.2
28620.0,25.4
28680.0,25.1
28740.0,20.9
28800.0,21.2
28860.0,22.2
28920.0,23.1
28980.0,24.0
29040.0,23.3
29100.0,22.6
29160.0,23.7
29220.0,23.8
29280.0,23.3
29340.0,22.9
29400.0,23.8
29460.0,22.9
29520.0,21.4
29580.0,23.3
29640.0,22.8
29700.0,20.2
29760.0,17.9
29820.0,21.0
29880.0,22.7
29940.0,21.5
30000.0,20.9
30060.0,22.3
30120.0,23.4
30180.0,23.2
30240.0,22.4
30300.0,24.5
30360.0,21.8
30420.0,22.4
30480.0,23.2
30540.0,23.9
30600.0,27.4
30660.0,24.6
30720.0,22.9
30780.0,21.8
30840.0,24.1
30900.0,24.6
30960.0,26.5
31020.0,26.1
31080.0,24.7
31140.0,24.8
31200.0,25.0
31260.0,25.5
31320.0,22.6
31380.0,24.5
31440.0,23.7
31500.0,25.0
31560.0,23.5
31620.0,25.1
31680.0,25.0
31740.0,21.9
31800.0,22.4
31860.0,24.7
31920.0,23.8
31980.0,24.9
32040.0,28.1
32100.0,32.0
32160.0,30.3
32220.0,29.8
32280.0,29.7
32340.0,27.7
32400.0,27.2
32460.0,28.2
32520.0,26.8
32580.0,26.7
32640.0,26.9
32700.0,27.1
32760.0,25.9
32820.0,25.0
32880.0,25.1
32940.0,26.0
33000.0,26.6
33060.0,25.6
33120.0,25.3
33180.0,27.9
33240.0,30.0
33300.0,28.4
33360.0,27.6
33420.0,27.4
33480.0,27.4
33540.0,26.8
33600.0,26.9
33660.0,25.9
33720.0,25.5
33780.0,24.7
33840.0,25.3
33900.0,25.1
33960.0,26.4
34020.0,24.0
34080.0,24.3
34140.0,25.9
34200.0,22.5
34260.0,22.5
34320.0,23.4
34380.0,23.0
34440.0,24.6
34500.0,24.5
34560.0,25.5
34620.0,25.9
34680.0,24.4
34740.0,23.0
34800.0,23.5
34860.0,23.7
34920.0,23.1
34980.0,22.9
35040.0,23.9
35100.0,24.8
35160.0,25.4
35220.0,23.3
35280.0,21.3
35340.0,22.8
35400.0,26.1
35460.0,25.5
35520.0,23.3
35580.0,23.8
35640.0,25.0
35700.0,24.3
35760.0,26.4
35820.0,25.1
35880.0,24.6
35940.0,20.9
36000.0,13.1
36060.0,20.8
36120.0,21.7
36180.0,23.5
36240.0,25.4
36300.0,25.7
36360.0,26.1
36420.0,24.5
36480.0,24.9
36540.0,24.8
36600.0,28.7
36660.0,26.7
36720.0,27.7
36780.0,27.9
36840.0,27.2
36900.0,28.9
36960.0,27.8
37020.0,26.2
37080.0,28.7
37140.0,28.5
37200.0,29.1
37260.0,27.8
37320.0,28.8
37380.0,29.5
37440.0,29.3
37500.0,29.2
37560.0,30.0
37620.0,30.6
37680.0,29.4
37740.0,30.6
37800.0,30.4
37860.0,30.4
37920.0,29.5
37980.0,28.2
38040.0,29.3
38100.0,28.5
38160.0,28.7
38220.0,28.4
38280.0,25.9
38340.0,25.1
38400.0,29.0
38460.0,27.1
38520.0,27.7
38580.0,28.8
38640.0,28.6
38700.0,27.2
38760.0,27.4
38820.0,27.7
38880.0,28.0
38940.0,27.4
39000.0,27.2
39060.0,26.7
39120.0,27.2
39180.0,28.6
39240.0,27.8
39300.0,27.1
39360.0,27.9
39420.0,28.9
39480.0,28.5
39540.0,30.1
39600.0,28.9
39660.0,29.9
39720.0,28.2
39780.0,28.5
39840.0,30.0
39900.0,29.9
39960.0,30.8
40020.0,30.4
40080.0,29.0
40140.0,30.3
40200.0,30.8
40260.0,30.8
40320.0,30.1
40380.0,30.3
40440.0,30.5
40500.0,29.7
40560.0,29.3
40620.0,29.3
40680.0,30.8
40740.0,30.4
40800.0,29.5
40860.0,30.8
40920.0,30.8
40980.0,31.1
41040.0,32.0
41100.0,29.9
41160.0,28.9
41220.0,29.5
41280.0,29.8
41340.0,29.8
41400.0,30.1
41460.0,29.1
41520.0,27.9
41580.0,29.4
41640.0,27.9
41700.0,28.5
41760.0,28.3
41820.0,28.6
41880.0,30.2
41940.0,29.6
42000.0,29.4
42060.0,29.3
42120.0,28.5
42180.0,27.1
42240.0,26.3
42300.0,26.2
42360.0,29.6
42420.0,31.0
42480.0,30.1
42540.0,30.0
42600.0,27.9
42660.0,24.4
42720.0,24.3
42780.0,23.0
42840.0,24.8
42900.0,24.9
42960.0,22.7
43020.0,21.1
43080.0,21.4
43140.0,21.5
43200.0,21.6
43260.0,22.2
43320.0,24.8
43380.0,24.2
43440.0,22.2
43500.0,11.7
43560.0,14.9
43620.0,16.4
43680.0,15.3
43740.0,16.9
43800.0,18.3
43860.0,20.5
43920.0,22.0
43980.0,20.1
44040.0,24.6
44100.0,24.5
44160.0,24.2
44220.0,22.1
44280.0,24.7
44340.0,24.0
44400.0,26.0
44460.0,25.5
44520.0,24.3
44580.0,24.7
44640.0,24.2
44700.0,24.6
44760.0,27.5
44820.0,26.9
44880.0,25.0
44940.0,23.8
45000.0,21.2
45060.0,22.5
45120.0,24.1
45180.0,24.2
45240.0,24.7
45300.0,24.5
45360.0,26.3
45420.0,27.0
45480.0,24.3
45540.0,24.3
45600.0,24.3
45660.0,27.8
45720.0,28.7
45780.0,27.8
45840.0,27.0
45900.0,25.4
45960.0,25.1
46020.0,25.8
46080.0,25.2
46140.0,22.1
46200.0,22.1
46260.0,21.3
46320.0,21.3
46380.0,19.7
46440.0,20.7
46500.0,16.7
46560.0,16.5
46620.0,18.0
46680.0,19.6
46740.0,20.8
46800.0,22.5
46860.0,20.8
46920.0,21.2
46980.0,22.7
47040.0,22.3
47100.0,21.3
47160.0,20.5
47220.0,23.2
47280.0,24.3
47340.0,23.5
47400.0,22.8
47460.0,21.3
47520.0,20.7
47580.0,20.8
47640.0,10.5
47700.0,13.6
47760.0,21.3
47820.0,22.9
47880.0,23.9
47940.0,23.6
48000.0,21.0
48060.0,22.0
48120.0,21.8
48180.0,22.8
48240.0,22.4
48300.0,21.0
48360.0,17.0
48420.0,17.7
48480.0,18.5
48540.0,19.2
48600.0,18.7
48660.0,21.4
48720.0,21.3
48780.0,18.0
48840.0,20.4
48900.0,19.3
48960.0,16.6
49020.0,19.8
49080.0,22.8
49140.0,28.2
49200.0,22.3
49260.0,24.3
49320.0,30.0
49380.0,23.9
49440.0,21.7
49500.0,21.3
49560.0,19.5
49620.0,21.2
49680.0,21.0
49740.0,22.0
49800.0,20.8
49860.0,17.2
49920.0,19.2
49980.0,19.7
50040.0,19.1
50100.0,18.4
50160.0,19.0
50220.0,24.5
50280.0,24.6
50340.0,26.9
50400.0,25.0
50460.0,23.4
50520.0,22.2
50580.0,23.6
50640.0,24.1
50700.0,25.5
50760.0,26.5
50820.0,28.9
50880.0,30.8
50940.0,29.5
51000.0,28.0
51060.0,29.1
51120.0,28.6
51180.0,27.8
51240.0,29.9
51300.0,28.5
51360.0,29.7
51420.0,30.1
51480.0,30.1
51540.0,33.3
51600.0,31.3
51660.0,31.3
51720.0,31.4
51780.0,29.0
51840.0,30.6
51900.0,32.3
51960.0,30.1
52020.0,31.0
52080.0,30.7
52140.0,31.6
52200.0,29.9
52260.0,29.7
52320.0,29.1
52380.0,29.0
52440.0,27.0
52500.0,27.7
52560.0,27.8
52620.0,29.8
52680.0,24.9
52740.0,22.8
52800.0,26.4
52860.0,29.1
52920.0,30.2
52980.0,30.0
53040.0,31.8
53100.0,31.0
53160.0,31.5
53220.0,32.1
53280.0,29.2
53340.0,29.1
53400.0,30.3
53460.0,32.8
53520.0,32.2
53580.0,33.8
53640.0,33.7
53700.0,33.0
53760.0,34.4
53820.0,33.9
53880.0,33.0
53940.0,32.3
54000.0,34.5
54060.0,34.8
54120.0,33.6
54180.0,34.4
54240.0,33.4
54300.0,33.9
54360.0,34.1
54420.0,36.0
54480.0,37.1
54540.0,36.7
54600.0,37.0
54660.0,38.6
54720.0,40.9
54780.0,39.2
54840.0,38.5
54900.0,39.3
54960.0,38.9
55020.0,38.2
55080.0,38.1
55140.0,38.3
55200.0,38.4
55260.0,39.2
55320.0,39.8
55380.0,40.1
55440.0,39.7
55500.0,40.3
55560.0,39.4
55620.0,38.7
55680.0,38.6
55740.0,40.5
55800.0,38.5
55860.0,37.2
55920.0,37.9
55980.0,38.4
56040.0,40.2
56100.0,40.1
56160.0,39.7
56220.0,40.7
56280.0,40.9
56340.0,41.4
56400.0,40.4
56460.0,40.9
56520.0,40.0
56580.0,39.1
56640.0,39.5
56700.0,40.1
56760.0,41.9
56820.0,40.4
56880.0,42.9
56940.0,42.4
57000.0,43.3
57060.0,41.5
57120.0,42.0
57180.0,42.0
57240.0,41.6
57300.0,40.6
57360.0,41.0
57420.0,40.6
57480.0,41.1
57540.0,41.8
57600.0,42.2
57660.0,41.3
57720.0,42.3
57780.0,41.1
57840.0,42.2
57900.0,41.2
57960.0,41.5
58020.0,42.6
58080.0,41.9
58140.0,41.8
58200.0,41.9
58260.0,42.1
58320.0,41.9
58380.0,41.9
58440.0,41.5
58500.0,43.1
58560.0,43.0
58620.0,42.4
58680.0,42.2
58740.0,42.6
58800.0,42.7
58860.0,43.4
58920.0,42.0
58980.0,43.1
59040.0,42.3
59100.0,44.1
59160.0,44.4
59220.0,43.3
59280.0,42.3
59340.0,41.7
59400.0,41.6
59460.0,42.3
59520.0,39.5
59580.0,41.5
59640.0,41.2
59700.0,42.9
59760.0,43.2
59820.0,44.0
59880.0,43.2
59940.0,42.4
60000.0,43.1
60060.0,43.0
60120.0,43.7
60180.0,43.0
60240.0,44.5
60300.0,42.6
60360.0,41.7
60420.0,40.1
60480.0,40.9
60540.0,40.8
60600.0,42.0
60660.0,41.7
60720.0,41.7
60780.0,41.3
60840.0,42.5
60900.0,40.3
60960.0,40.9
61020.0,41.6
61080.0,41.4
61140.0,43.3
61200.0,43.6
61260.0,45.8
61320.0,44.7
61380.0,44.6
61440.0,46.2
61500.0,45.3
61560.0,46.8
61620.0,46.6
61680.0,46.4
61740.0,45.6
61800.0,46.7
61860.0,45.5
61920.0,47.0
61980.0,47.2
62040.0,47.2
62100.0,46.7
62160.0,47.0
62220.0,47.9
62280.0,47.5
62340.0,46.1
62400.0,47.0
62460.0,48.2
62520.0,44.8
62580.0,45.9
62640.0,46.5
62700.0,45.5
62760.0,48.0
62820.0,47.1
62880.0,47.4
62940.0,49.4
63000.0,48.4
63060.0,49.3
63120.0,48.5
63180.0,48.9
63240.0,48.5
63300.0,49.8
63360.0,49.9
63420.0,49.4
63480.0,48.1
63540.0,50.3
63600.0,51.2
63660.0,49.9
63720.0,50.3
63780.0,49.9
63840.0,49.7
63900.0,49.7
63960.0,50.7
64020.0,49.7
64080.0,50.0
64140.0,49.2
64200.0,49.4
64260.0,51.9
64320.0,53.0
64380.0,51.9
64440.0,52.2
64500.0,52.0
64560.0,52.3
64620.0,52.4
64680.0,52.5
64740.0,52.2
64800.0,49.8
64860.0,52.2
64920.0,51.2
64980.0,50.4
65040.0,49.7
65100.0,49.4
65160.0,50.0
65220.0,47.8
65280.0,51.5
65340.0,50.1
65400.0,49.3
65460.0,50.1
65520.0,48.3
65580.0,52.2
65640.0,51.4
65700.0,52.3
65760.0,52.4
65820.0,51.5
65880.0,51.2
65940.0,51.5
66000.0,50.3
66060.0,51.5
66120.0,51.7
66180.0,53.0
66240.0,51.9
66300.0,51.8
66360.0,51.8
66420.0,52.6
66480.0,52.3
66540.0,52.6
66600.0,54.0
66660.0,51.1
66720.0,50.3
66780.0,49.7
66840.0,46.8
66900.0,47.0
66960.0,49.1
67020.0,51.5
67080.0,50.0
67140.0,50.8
67200.0,49.7
67260.0,50.8
67320.0,51.4
67380.0,49.7
67440.0,50.1
67500.0,50.2
67560.0,50.4
67620.0,50.3
67680.0,52.1
67740.0,52.0
67800.0,50.8
67860.0,52.6
67920.0,52.0
67980.0,52.0
68040.0,51.0
68100.0,51.1
68160.0,52.7
68220.0,50.9
68280.0,52.5
68340.0,52.4
68400.0,52.0
68460.0,49.5
68520.0,49.2
68580.0,49.5
68640.0,49.9
68700.0,52.2
68760.0,51.7
68820.0,51.5
68880.0,52.3
68940.0,52.6
69000.0,51.9
69060.0,51.1
69120.0,50.3
69180.0,48.5
69240.0,49.9
69300.0,50.7
69360.0,53.0
69420.0,50.0
69480.0,48.7
69540.0,51.0
69600.0,51.9
69660.0,53.0
69720.0,51.7
69780.0,51.7
69840.0,52.6
69900.0,52.5
69960.0,52.4
70020.0,51.6
70080.0,51.3
70140.0,53.3
70200.0,51.7
70260.0,51.9
70320.0,50.7
70380.0,51.6
70440.0,51.0
70500.0,50.2
70560.0,50.9
70620.0,51.0
70680.0,49.9
70740.0,47.9
70800.0,51.0
70860.0,51.8
70920.0,52.6
70980.0,49.0
71040.0,48.0
71100.0,49.6
71160.0,50.0
71220.0,50.4
71280.0,50.1
71340.0,51.3
71400.0,51.5
71460.0,51.1
71520.0,50.4
71580.0,50.4
71640.0,51.0
71700.0,51.7
71760.0,49.7
71820.0,50.0
71880.0,49.8
71940.0,50.2
72000.0,46.9
72060.0,49.0
72120.0,50.3
72180.0,51.9
72240.0,51.3
72300.0,51.0
72360.0,50.9
72420.0,51.0
72480.0,50.9
72540.0,51.0
72600.0,49.6
72660.0,49.1
72720.0,50.3
72780.0,48.7
72840.0,49.7
72900.0,49.6
72960.0,48.3
73020.0,47.2
73080.0,50.5
73140.0,51.0
73200.0,49.3
73260.0,51.2
73320.0,49.7
73380.0,50.9
73440.0,50.7
73500.0,50.8
73560.0,50.1
73620.0,48.2
73680.0,48.3
73740.0,47.3
73800.0,50.7
73860.0,50.2
73920.0,50.1
73980.0,51.4
74040.0,51.7
74100.0,51.1
74160.0,51.5
74220.0,52.8
74280.0,51.9
74340.0,51.8
74400.0,51.7
74460.0,51.5
74520.0,49.7
74580.0,50.7
74640.0,50.1
74700.0,49.0
74760.0,50.9
74820.0,50.4
74880.0,50.6
74940.0,49.9
75000.0,51.4
75060.0,50.2
75120.0,49.5
75180.0,51.1
75240.0,51.4
75300.0,51.9
75360.0,49.6
75420.0,52.0
75480.0,53.4
75540.0,50.9
75600.0,53.4
75660.0,53.2
75720.0,53.2
75780.0,52.5
75840.0,51.6
75900.0,52.7
75960.0,53.4
76020.0,53.1
76080.0,50.6
76140.0,49.5
76200.0,52.4
76260.0,53.1
76320.0,52.0
76380.0,53.2
76440.0,53.1
76500.0,53.3
76560.0,53.1
76620.0,53.5
76680.0,53.4
76740.0,53.2
76800.0,52.7
76860.0,52.7
76920.0,53.6
76980.0,53.1
77040.0,53.3
77100.0,52.4
77160.0,52.2
77220.0,52.7
77280.0,52.7
77340.0,51.6
77400.0,50.9
77460.0,51.0
77520.0,52.8
77580.0,52.4
77640.0,52.0
77700.0,52.4
77760.0,51.2
77820.0,51.6
77880.0,52.0
77940.0,51.3
78000.0,50.6
78060.0,48.7
78120.0,51.6
78180.0,51.2
78240.0,52.6
78300.0,52.2
78360.0,52.3
78420.0,53.6
78480.0,53.9
78540.0,53.6
78600.0,51.5
78660.0,52.5
78720.0,50.7
78780.0,49.4
78840.0,49.4
78900.0,51.5
78960.0,52.8
79020.0,52.9
79080.0,52.4
79140.0,50.7
79200.0,49.5
79260.0,48.5
79320.0,52.6
79380.0,51.2
79440.0,51.2
79500.0,50.2
79560.0,49.2
79620.0,48.2
79680.0,50.8
79740.0,48.9
79800.0,50.3
79860.0,51.2
79920.0,50.5
79980.0,49.8
80040.0,51.3
80100.0,49.3
80160.0,51.6
80220.0,50.7
80280.0,50.5
80340.0,49.8
80400.0,50.5
80460.0,51.5
80520.0,52.1
80580.0,52.1
80640.0,52.2
80700.0,49.6
80760.0,51.0
80820.0,50.7
80880.0,52.3
80940.0,50.9
81000.0,53.0
81060.0,50.0
81120.0,49.2
81180.0,43.8
81240.0,49.6
81300.0,52.4
81360.0,51.3
81420.0,50.4
81480.0,50.1
81540.0,51.4
81600.0,46.9
81660.0,49.7
81720.0,50.9
81780.0,49.9
81840.0,49.1
81900.0,50.8
81960.0,50.2
82020.0,50.7
82080.0,48.8
82140.0,49.1
82200.0,47.8
82260.0,50.1
82320.0,49.1
82380.0,51.6
82440.0,49.1
82500.0,50.7
82560.0,50.1
82620.0,50.2
82680.0,49.2
82740.0,50.2
82800.0,52.2
82860.0,51.6
82920.0,51.4
82980.0,46.5
83040.0,49.6
83100.0,49.1
83160.0,46.5
83220.0,48.3
83280.0,47.9
83340.0,48.0
83400.0,50.3
83460.0,49.6
83520.0,48.1
83580.0,50.4
83640.0,48.4
83700.0,48.6
83760.0,50.7
83820.0,50.2
83880.0,49.7
83940.0,49.5
84000.0,49.7
84060.0,50.6
84120.0,49.5
84180.0,49.7
84240.0,49.1
84300.0,48.0
84360.0,47.0
84420.0,51.0
84480.0,52.1
84540.0,52.4
84600.0,51.0
84660.0,50.6
84720.0,49.9
84780.0,50.0
84840.0,48.8
84900.0,50.6
84960.0,51.1
85020.0,50.0
85080.0,50.0
85140.0,50.3
85200.0,48.7
85260.0,48.5
85320.0,47.8
85380.0,48.8
85440.0,49.7
85500.0,48.9
85560.0,49.0
85620.0,48.8
85680.0,51.1
85740.0,50.1
85800.0,51.4
85860.0,50.1
85920.0,50.9
85980.0,51.0
86040.0,51.2
86100.0,49.0
86160.0,50.7
86220.0,50.8
86280.0,49.9
86340.0,49.6
