CampaignData_and_Merges/R0/CSL_MobileLab_Parked/raw/20240816/USOS-NOy-LIF_MobileLabGround_20240816_R0.ict
39,1001
Rollins, A.; Waxman, E.; Zuraski, K.; Chace, W.
NOAA Chemical Sciences Laboratory
LIF NO/NOx/NOy on CSL Mobile Lab
AMMBEC / USOS
1, 1
2024,08,16, 2025,01,06
1
Time_Start, seconds, number_of_seconds_since_0000_UTC
7
1, 1, 1, 1, 1, 1, 1
-9999, -9999, -9999, -9999, -9999, -9999, -9999
Time_Stop, seconds, number_of_seconds_since_0000_UTC
NO_LIF, pptv, Gas_NO_InSitu_S_AVMR, volume mixing ratio of nitric oxide in air
NO2_LIF, pptv, Gas_NO2_InSitu_S_AVMR, volume mixing ratio of nitrogen dioxide in air
NOy_LIF, pptv, Gas_NOy_InSitu_S_AVMR, volume mixing ratio of total oxidized nitrogen in air
NO_LIF_1SigmaAccuracy, pptv, Gas_NO_InSitu_S_AVMR, volume mixing ratio of nitric oxide in air
NO2_LIF_1SigmaAccuracy, pptv, Gas_NO2_InSitu_S_AVMR, volume mixing ratio of nitrogen dioxide in air
NOy_LIF_1SigmaAccuracy, pptv, Gas_NOy_InSitu_S_AVMR, volume mixing ratio of total oxidized nitrogen in air
0
18
PI_CONTACT_INFO: andrew.rollins@noaa.gov
PLATFORM: CSL Mobile Lab
LOCATION: Salt Lake City, UT
ASSOCIATED_DATA:
INSTRUMENT_INFO: NO detection by laser induced fluorescence. NO2 detection by photolytic conversion to NO. NOy detection by catalytic conversion to NO on gold surface
DATA_INFO:
UNCERTAINTY: Included 1 Sigma Accuracy waves represent the combined calibration uncertainties (±6%, ±9%, ±10%) and zero uncertainties (3 ppt, 20 ppt, 100 ppt) for NO, NO2, and NOy, respectively.
ULOD_FLAG: -7777
ULOD_VALUE: N/A
LLOD_FLAG: -8888
LLOD_VALUE: N/A
DM_CONTACT_INFO: andrew.rollins@noaa.gov
PROJECT_INFO: USOS Project, July - August 2024
STIPULATIONS_ON_USE: Users are strongly encouraged to contact the PI for proper data usage.
OTHER_COMMENTS:
REVISION: R0
R0: final data
Time_Start, Time_Stop, NO_LIF, NO2_LIF, NOy_LIF, NO_LIF_1SigmaAccuracy, NO2_LIF_1SigmaAccuracy, NOy_LIF_1SigmaAccuracy
[from data line 1326]
   79560,   79620,2687,4460.5,8496.4,164.22, 421.44, 949.64
   79620,   79680,1596.3,3633.5,5686.5,98.778, 347.02, 668.65
   79680,   79740,1891,2224.5,7460.4,116.46, 220.2, 846.04
   79740,   79800,1514.2,2704.7,4359.3,93.854, 263.42, 535.93
   79800,   79860,917.84,1996.1,4248.1,58.071, 199.65, 524.81
   79860,   79920,812.63,1749.6,3389.1,51.758, 177.46, 438.91
   79920,   79980,1801.2,2448,5127.9,111.07, 240.32, 612.79
   79980,   80040,2758.5,3611.4,8114.2,168.51, 345.02, 911.42
   80040,   80100,909.32,1972.4,4343.5,57.559, 197.52, 534.35
   80100,   80160,1567.3,2843.4,5796.2,97.038, 275.9, 679.62
   80160,   80220,648.75,1602.8,3012.3,41.925, 164.25, 401.23
   80220,   80280,944.28,1932.8,4249.4,59.657, 193.95, 524.94
   80280,   80340,1666.6,2704.3,5190.2,103, 263.38, 619.02
   80340,   80400,1019.9,2609.4,4276.4,64.195, 254.85, 527.64
   80400,   80460,975.97,2351.8,4462.8,61.558, 231.66, 546.28
   80460,   80520,402.52,1176.8,2261.7,27.151, 125.91, 326.17
   80520,   80580,355.56,961.74,2085.6,24.334, 106.56, 308.56
   80580,   80640,528.82,1222.1,2571.5,34.729, 129.98, 357.15
   80640,   80700,446.94,1076.7,2606.4,29.816, 116.9, 360.64
   80700,   80760,2036.6,2902.5,6090.5,125.2, 281.22, 709.05
   80760,   80820,857.23,1973.8,3435.3,54.434, 197.64, 443.53
   80820,   80880,1042.1,2474.2,4268.7,65.523, 242.68, 526.87
   80880,   80940,598.06,1708.3,3326.2,38.883, 173.75, 432.62
   80940,   81000,615.44,1678.7,3096.9,39.926, 171.08, 409.69
   81000,   81060,600.75,1191.7,3529.7,39.045, 127.25, 452.97
   81060,   81120,969.99,2242,4141.3,61.199, 221.78, 514.13
   81120,   81180,1168.2,2764.8,4612.9,73.09, 268.83, 561.29
   81180,   81240,5880,7221.8,13855,355.8, 669.96, 1485.5
   81240,   81300,1240.1,2528.2,7521.9,77.407, 247.54, 852.19
   81300,   81360,666.27,1190.9,2728.4,42.976, 127.18, 372.84
   81360,   81420,405.64,1198,2322.9,27.338, 127.82, 332.29
   81420,   81480,505.43,1494.9,2675,33.326, 154.54, 367.5
   81480,   81540,1454.3,2129.2,5079.8,90.257, 211.63, 607.98
   81540,   81600,680.04,1419.4,2897,43.802, 147.75, 389.7
   81600,   81660,3976.2,3810.8,9012.3,241.57, 362.97, 1001.2
   81660,   81720,1573.7,2833.8,4851.2,97.42, 275.04, 585.12
   81720,   81780,756.77,2120.9,4331.1,48.406, 210.88, 533.11
   81780,   81840,807.32,2101.8,3824.6,51.439, 209.16, 482.46
   81840,   81900,1184.9,2564,4796.2,74.096, 250.76, 579.62
   81900,   81960,1083,1965.3,4339.6,67.979, 196.88, 533.96
   81960,   82020,1108,1852.2,3621.2,69.48, 186.69, 462.12
   82020,   82080,2050.8,2315.3,5713.7,126.05, 228.37, 671.37
   82080,   82140,1105.8,2476.1,4207.5,69.35, 242.85, 520.75
   82140,   82200,661.34,1945.2,3232.9,42.681, 195.07, 423.29
   82200,   82260,2142.3,3132.2,6020.2,131.54, 301.9, 702.02
   82260,   82320,1013.5,2118.9,5033.3,63.81, 210.7, 603.33
   82320,   82380,2907.4,3453,7733.7,177.44, 330.77, 873.37
   82380,   82440,1331,1971.4,4977,82.857, 197.43, 597.7
   82440,   82500,1590,2285.7,4684.4,98.399, 225.72, 568.44
   82500,   82560,863.17,1795.1,4102.9,54.79, 181.56, 510.29
   82560,   82620,630.57,1732.7,3212.5,40.834, 175.94, 421.25
   82620,   82680,454.27,1475.6,2917.6,30.256, 152.8, 391.76
   82680,   82740,655.82,1762,2980,42.349, 178.58, 398
   82740,   82800,574.83,1755.8,2966.6,37.49, 178.02, 396.66
   82800,   82860,444.14,1390.5,2631.6,29.648, 145.14, 363.16
   82860,   82920,389.36,1230.9,2362.3,26.361, 130.78, 336.23
   82920,   82980,446.12,1258.3,2453.4,29.767, 133.25, 345.34
   82980,   83040,3539.1,4433.4,4986.6,215.35, 419, 598.66
   83040,   83100,-9999,-9999,-9999,-9999, -9999, -9999
   83100,   83160,-9999,-9999,-9999,-9999, -9999, -9999
   83160,   83220,-9999,-9999,-9999,-9999, -9999, -9999
   83220,   83280,-9999,-9999,-9999,-9999, -9999, -9999
   83280,   83340,-9999,-9999,-9999,-9999, -9999, -9999
   83340,   83400,-9999,-9999,-9999,-9999, -9999, -9999
   83400,   83460,-9999,-9999,-9999,-9999, -9999, -9999
   83460,   83520,959.59,2144.5,3907.6,60.575, 213, 490.76
   83520,   83580,1054.7,2594.5,4711.9,66.28, 253.5, 571.19
   83580,   83640,975.21,1917.6,3508.5,61.513, 192.58, 450.85
   83640,   83700,1465.2,2993.2,5129.3,90.913, 289.39, 612.93
   83700,   83760,1662.6,3199.8,6259.7,102.75, 307.98, 725.97
   83760,   83820,382.4,1302.8,2276.5,25.944, 137.25, 327.65
   83820,   83880,844.51,1982.7,3848.3,53.67, 198.45, 484.83
   83880,   83940,1120.8,1751.6,4605.7,70.248, 177.64, 560.57
   83940,   84000,1168.1,2290.8,4127.1,73.085, 226.17, 512.71
   84000,   84060,1203.4,2213.5,4022.8,75.202, 219.22, 502.28
   84060,   84120,964.38,1972.1,4232.9,60.863, 197.49, 523.29
   84120,   84180,784.33,1974.9,3663.8,50.06, 197.74, 466.38
   84180,   84240,748.43,1942.1,3585.7,47.906, 194.79, 458.57
   84240,   84300,1287,2702.2,4790.4,80.223, 263.2, 579.04
   84300,   84360,1129.5,3092.2,5250.7,70.771, 298.3, 625.07
   84360,   84420,1713.8,3770.7,6123.4,105.83, 359.36, 712.34
   84420,   84480,340.54,1213.5,2277.9,23.432, 129.22, 327.79
   84480,   84540,180.67,663.42,1464.5,13.84, 79.708, 246.45
   84540,   84600,157.43,591.12,1377.3,12.446, 73.201, 237.73
   84600,   84660,246.71,838.29,1515.8,17.803, 95.446, 251.58
   84660,   84720,476.23,1545.5,2640.4,31.574, 159.09, 364.04
   84720,   84780,625.01,2060.5,3455.1,40.501, 205.44, 445.51
   84780,   84840,779.88,2426.4,3712.9,49.793, 238.38, 471.29
   84840,   84900,947.76,2748,4730.2,59.866, 267.32, 573.02
   84900,   84960,707.17,1862.8,3527.4,45.43, 187.65, 452.74
   84960,   85020,392.44,1239.2,2279,26.546, 131.52, 327.9
   85020,   85080,999.63,1884.7,3411.3,62.978, 189.62, 441.13
   85080,   85140,506.99,1449.8,2967.6,33.42, 150.49, 396.76
   85140,   85200,408.68,1096.6,1981.7,27.521, 118.69, 298.17
   85200,   85260,1228.4,2825.6,5090.8,76.704, 274.3, 609.08
   85260,   85320,1135.1,2574,4615.2,71.108, 251.66, 561.52
   85320,   85380,1010.6,2857.3,4967.7,63.634, 277.16, 596.77
   85380,   85440,780.37,2356.7,4354.5,49.822, 232.1, 535.45
   85440,   85500,731.4,2430.9,3949.3,46.884, 238.78, 494.93
   85500,   85560,774.6,2578.4,4043,49.476, 252.06, 504.3
   85560,   85620,765.62,2565.7,4259,48.937, 250.91, 525.9
   85620,   85680,591.08,2099.7,3701.1,38.465, 208.97, 470.11
   85680,   85740,355,1350.6,2322.2,24.3, 141.55, 332.22
   85740,   85800,352.91,1298.6,2413.3,24.174, 136.87, 341.33
   85800,   85860,473.93,1586.1,2784.8,31.436, 162.75, 378.48
   85860,   85920,626.56,1537.3,2892.3,40.594, 158.35, 389.23
   85920,   85980,610.17,1611.7,3153.1,39.61, 165.05, 415.31
   85980,   86040,252.02,1046.8,1975.7,18.121, 114.21, 297.57
   86040,   86100,271.18,1087.2,1998.1,19.271, 117.85, 299.81
   86100,   86160,1514.9,2304.9,4643.2,93.896, 227.44, 564.32
   86160,   86220,370.73,1323.4,2569.3,25.244, 139.11, 356.93
   86220,   86280,370,1481.7,2486.1,25.2, 153.35, 348.61
   86280,   86340,721.71,2382.3,4171.2,46.302, 234.4, 517.12
   86340,   86400,694.98,2302.5,4347.6,44.699, 227.22, 534.76
