CampaignData_and_Merges/R0/CSL_MobileLab_Parked/raw/20240816/USOS-MetNav_MobileLabGround_20240816_R0.ict
44, 1001
Carrie Womack, Nate Howard, Mike Zucker
NOAA Chemical Sciences Laboratory
Mobile Lab MetNav Station
USOS
1, 1
2024, 08, 16, 2024, 12, 21
60
Time_Start, seconds_past_midnight, Seconds from midnight UTC
11
1, 1, 1, 1, 1, 1, 1, 1, 1, 1, 1
-9999, -9999, -9999, -9999, -9999, -9999, -9999, -9999, -9999, -9999, -9999
GPS_Alt_m, meters, Altitude from Differential GPS
GPS_Course_deg, degrees, Course from Differential GPS
GPS_GndSpd_m_s, m/s, Ground Speed from Differential GPS
GPS_Heading_deg, degrees, Heading from Differential GPS
GPS_Lat_deg, degrees, Latitude from Differential GPS
GPS_Lon_deg, degrees, Longitude from Differential GPS
AirTemp_C, Celsius, Air Temperature from Airmar
RelHumidity_pct, percent, Relative Humidity from Airmar
Pressure_mb, millibars, Pressure from Honeywell
WindDir_calc_deg, degrees, Wind Direction from Airmar corrected for van movement
WindSpd_calc_m_s, m/s, Wind Speed from Airmar corrected for van movement
1
SPECIAL COMMENTS:
18
PI_CONTACT_INFO: Address: 325 Broadway R/CSL7, Boulder, CO, 80305
PLATFORM: CSL Mobile Lab
LOCATION: Salt Lake City, UT
ASSOCIATED_DATA: N/A
INSTRUMENT_INFO: N/A
DATA_INFO: Units:
UNCERTAINTY: N/A
ULOD_FLAG: -7777
ULOD_VALUE: N/A
LLOD_FLAG: -8888
LLOD_VALUE: N/A
DM_CONTACT_INFO: Data Manager: Nate Howard
PROJECT_INFO: 
STIPULATIONS_ON_USE: Use of these data require prior ok from PI.
OTHER_COMMENTS: 
REVISION: R0
R0: Final data. Fixed bug in wind averaging code. RA: Preliminary Data. For in-field use only. 
Time_Start, GPS_Alt_m, GPS_Course_deg, GPS_GndSpd_m_s, GPS_Heading_deg, GPS_Lat_deg, GPS_Lon_deg, AirTemp_C, RelHumidity_pct, Pressure_mb, WindDir_calc_deg, WindSpd_calc_m_s
[from data line 1246]
74760.0,1308.9,1.11,0.05,1.11,40.73434,-111.87210,33.6,15.8,876.6,132.66,3.1
74820.0,1308.9,1.16,0.05,1.16,40.73434,-111.87210,33.7,14.8,876.6,140.22,3.7
74880.0,1309.0,1.03,0.05,1.03,40.73434,-111.87210,33.9,15.2,876.6,140.00,2.8
74940.0,1309.2,1.43,0.05,1.43,40.73434,-111.87210,34.0,15.1,876.6,141.34,2.8
75000.0,1309.2,0.85,0.05,0.85,40.73433,-111.87210,34.1,14.0,876.6,144.43,3.0
75060.0,1309.3,1.24,0.04,1.24,40.73433,-111.87210,34.1,14.9,876.6,127.29,4.0
75120.0,1309.4,1.55,0.04,1.55,40.73433,-111.87210,33.9,15.3,876.5,131.29,4.3
75180.0,1309.4,1.93,0.04,1.93,40.73433,-111.87210,33.9,14.8,876.5,121.01,3.9
75240.0,1309.4,1.87,0.04,1.87,40.73433,-111.87210,33.9,15.2,876.4,132.97,3.7
75300.0,1309.7,1.83,0.05,1.83,40.73433,-111.87210,33.7,15.4,876.5,122.36,5.3
75360.0,1309.7,1.38,0.04,1.38,40.73433,-111.87210,34.0,14.5,876.5,162.23,2.7
75420.0,1309.7,1.23,0.05,1.23,40.73433,-111.87210,34.3,14.1,876.5,157.53,1.7
75480.0,1309.6,1.68,0.05,1.68,40.73433,-111.87210,34.5,13.7,876.5,170.71,1.5
75540.0,1309.7,1.86,0.05,1.86,40.73433,-111.87210,34.7,14.8,876.5,144.35,2.3
75600.0,1309.7,1.15,0.06,1.15,40.73433,-111.87210,34.9,13.6,876.5,179.02,1.7
75660.0,1309.7,0.90,0.05,0.90,40.73433,-111.87210,35.2,13.7,876.5,161.60,1.4
75720.0,1309.6,0.34,0.06,0.34,40.73433,-111.87210,35.3,13.8,876.5,161.31,3.0
75780.0,1309.7,0.55,0.05,0.55,40.73433,-111.87210,35.4,13.8,876.4,151.29,2.6
75840.0,1309.6,0.64,0.06,0.64,40.73433,-111.87210,35.6,14.2,876.4,143.47,1.4
75900.0,1309.7,0.33,0.05,0.33,40.73433,-111.87210,35.6,13.4,876.4,182.94,3.6
75960.0,1309.5,0.58,0.05,0.58,40.73433,-111.87210,35.5,13.3,876.4,167.86,3.2
76020.0,1309.4,0.94,0.04,0.94,40.73433,-111.87210,35.5,13.8,876.4,151.70,3.4
76080.0,1309.3,0.87,0.05,0.87,40.73433,-111.87210,35.1,14.5,876.4,130.17,4.0
76140.0,1309.3,0.95,0.05,0.95,40.73433,-111.87210,35.0,14.2,876.4,142.05,3.5
76200.0,1309.3,1.02,0.05,1.02,40.73433,-111.87210,35.4,13.6,876.4,188.76,1.9
76260.0,1309.4,1.22,0.05,1.22,40.73433,-111.87210,35.5,13.7,876.4,157.61,2.6
76320.0,1309.1,1.25,0.05,1.25,40.73433,-111.87210,35.4,13.9,876.4,152.59,4.0
76380.0,1308.9,1.26,0.05,1.26,40.73433,-111.87210,35.5,13.5,876.4,178.31,2.6
76440.0,1308.6,1.75,0.05,1.75,40.73434,-111.87210,35.6,13.7,876.3,190.85,2.1
76500.0,1308.6,2.07,0.05,2.07,40.73434,-111.87210,35.6,13.4,876.3,199.67,2.4
76560.0,1308.7,1.46,0.05,1.46,40.73434,-111.87210,35.7,13.6,876.3,170.86,2.5
76620.0,1308.7,0.88,0.06,0.88,40.73434,-111.87210,35.7,13.2,876.3,186.83,2.8
76680.0,1308.7,0.12,0.05,0.12,40.73434,-111.87210,35.6,13.3,876.3,193.18,4.4
76740.0,1308.7,359.77,0.05,359.77,40.73434,-111.87210,35.6,13.3,876.3,175.53,2.5
76800.0,1308.6,360.00,0.05,360.00,40.73434,-111.87210,35.7,13.3,876.2,162.50,2.8
76860.0,1308.9,0.08,0.05,0.08,40.73434,-111.87210,35.9,13.2,876.2,164.80,2.0
76920.0,1309.0,0.38,0.05,0.38,40.73434,-111.87210,36.1,13.2,876.2,185.97,1.2
76980.0,1309.3,0.37,0.05,0.37,40.73434,-111.87210,36.0,13.2,876.2,150.91,2.4
77040.0,1309.4,0.10,0.06,0.10,40.73434,-111.87210,36.0,12.9,876.2,156.29,3.3
77100.0,1309.8,0.30,0.05,0.30,40.73434,-111.87210,36.0,13.3,876.2,167.46,2.2
77160.0,1309.9,359.85,0.05,359.85,40.73434,-111.87210,35.9,13.2,876.2,202.27,3.2
77220.0,1309.7,0.29,0.05,0.29,40.73434,-111.87210,36.0,13.4,876.2,151.08,3.3
77280.0,1309.5,0.19,0.06,0.19,40.73434,-111.87210,36.0,13.6,876.2,160.27,2.6
77340.0,1309.4,0.85,0.04,0.85,40.73434,-111.87210,36.0,13.1,876.2,177.89,2.2
77400.0,1309.4,0.69,0.04,0.69,40.73434,-111.87210,35.9,13.5,876.1,139.50,3.2
77460.0,1309.4,0.33,0.04,0.33,40.73434,-111.87210,35.8,13.3,876.2,162.02,3.6
77520.0,1309.4,0.22,0.05,0.22,40.73434,-111.87210,35.8,12.4,876.1,170.49,3.0
77580.0,1309.5,359.91,0.04,359.91,40.73434,-111.87210,35.7,12.8,876.1,151.34,3.1
77640.0,1309.6,359.86,0.05,359.86,40.73434,-111.87210,35.7,12.8,876.1,171.41,3.5
77700.0,1309.4,359.84,0.05,359.84,40.73434,-111.87210,35.4,12.7,876.1,162.25,4.7
77760.0,1309.4,0.32,0.04,0.32,40.73434,-111.87210,35.5,13.0,876.1,172.28,3.2
77820.0,1309.7,0.59,0.04,0.59,40.73434,-111.87210,35.3,12.3,876.1,159.47,4.1
77880.0,1309.8,0.39,0.04,0.39,40.73434,-111.87210,35.3,12.8,876.1,157.15,3.1
77940.0,1310.0,0.19,0.05,0.19,40.73434,-111.87210,35.5,12.5,876.1,182.59,2.7
78000.0,1310.1,359.89,0.05,359.89,40.73434,-111.87210,35.5,13.2,876.0,153.67,2.8
78060.0,1310.2,359.86,0.05,359.86,40.73434,-111.87210,35.2,14.0,876.0,134.54,4.8
78120.0,1310.2,0.20,0.05,0.20,40.73434,-111.87210,35.5,13.1,876.0,206.10,1.2
78180.0,1310.2,0.22,0.05,0.22,40.73434,-111.87210,35.6,13.0,876.0,198.35,2.8
78240.0,1310.1,0.34,0.06,0.34,40.73434,-111.87211,35.5,12.7,876.0,209.52,3.5
78300.0,1310.1,0.22,0.06,0.22,40.73434,-111.87211,35.7,13.0,876.0,155.37,2.5
78360.0,1309.8,0.04,0.04,0.04,40.73434,-111.87211,35.8,13.0,876.0,164.22,2.3
78420.0,1309.7,0.00,0.05,0.00,40.73434,-111.87210,35.9,12.7,876.0,175.72,2.5
78480.0,1309.8,0.06,0.05,0.06,40.73434,-111.87210,35.7,12.4,876.0,169.73,3.8
78540.0,1309.9,0.05,0.06,0.05,40.73434,-111.87211,35.8,13.0,875.9,160.13,2.5
78600.0,1309.9,0.04,0.05,0.04,40.73434,-111.87211,35.8,14.0,875.9,153.84,2.9
78660.0,1309.7,0.13,0.05,0.13,40.73434,-111.87211,35.6,13.4,875.9,138.93,3.8
78720.0,1309.6,0.20,0.05,0.20,40.73434,-111.87211,35.6,14.1,875.9,143.77,3.0
78780.0,1309.7,0.37,0.04,0.37,40.73434,-111.87211,35.5,13.9,875.9,164.88,3.4
78840.0,1309.7,0.37,0.04,0.37,40.73434,-111.87210,35.4,13.3,875.9,154.16,4.3
78900.0,1309.8,0.36,0.05,0.36,40.73434,-111.87210,35.4,13.0,875.9,177.85,2.8
78960.0,1309.9,0.48,0.04,0.48,40.73434,-111.87210,35.6,12.5,875.9,186.33,2.5
79020.0,1309.9,0.52,0.05,0.52,40.73434,-111.87210,35.8,12.6,875.9,179.00,2.2
79080.0,1309.8,0.54,0.04,0.54,40.73434,-111.87210,35.9,13.1,875.9,165.33,2.2
79140.0,1309.7,0.01,0.05,0.01,40.73434,-111.87210,36.1,13.4,875.9,145.84,2.1
79200.0,1309.7,359.68,0.05,359.68,40.73434,-111.87210,35.9,13.3,875.9,142.43,4.0
79260.0,1309.7,359.47,0.06,359.47,40.73434,-111.87210,35.7,13.2,875.9,139.95,4.4
79320.0,1309.6,0.06,0.05,0.06,40.73434,-111.87210,35.1,12.5,876.0,137.07,4.9
79380.0,1309.7,0.33,0.05,0.33,40.73434,-111.87210,35.3,12.8,875.8,155.95,1.6
79440.0,1309.9,0.93,0.06,0.93,40.73434,-111.87210,35.4,13.7,875.8,128.11,1.8
79500.0,1310.0,0.64,0.06,0.64,40.73434,-111.87210,35.3,14.1,875.8,122.95,2.2
79560.0,1309.8,0.72,0.05,0.72,40.73434,-111.87210,35.2,13.7,875.8,137.40,3.2
79620.0,1309.7,1.20,0.04,1.20,40.73434,-111.87210,35.2,14.8,875.8,127.77,2.8
79680.0,1309.7,1.29,0.05,1.29,40.73434,-111.87210,35.1,13.8,875.7,135.49,3.4
79740.0,1309.5,0.91,0.06,0.91,40.73434,-111.87210,34.9,13.6,875.7,130.34,4.1
79800.0,1309.3,0.83,0.04,0.83,40.73434,-111.87210,34.9,13.4,875.7,137.47,4.3
79860.0,1309.2,1.06,0.04,1.06,40.73434,-111.87210,34.8,13.1,875.7,139.72,4.2
79920.0,1309.4,1.06,0.05,1.06,40.73434,-111.87210,34.7,13.5,875.7,135.20,3.7
79980.0,1309.4,1.30,0.05,1.30,40.73434,-111.87210,34.6,13.3,875.6,140.11,4.0
80040.0,1309.3,1.62,0.06,1.62,40.73434,-111.87210,34.6,13.3,875.6,141.74,4.0
80100.0,1309.2,1.63,0.05,1.63,40.73434,-111.87210,34.6,13.8,875.6,146.78,3.8
80160.0,1309.3,1.73,0.05,1.73,40.73434,-111.87210,34.5,13.9,875.6,137.33,4.7
80220.0,1309.3,1.73,0.05,1.73,40.73434,-111.87210,34.4,14.4,875.5,123.79,3.8
80280.0,1309.2,1.56,0.05,1.56,40.73434,-111.87210,34.3,14.1,875.5,131.81,4.0
80340.0,1309.2,0.90,0.05,0.90,40.73434,-111.87210,34.6,13.4,875.6,173.15,2.8
80400.0,1309.2,1.06,0.05,1.06,40.73434,-111.87210,34.8,13.0,875.6,177.90,3.4
80460.0,1309.2,0.96,0.04,0.96,40.73434,-111.87210,34.9,12.8,875.6,187.26,2.7
80520.0,1309.3,1.13,0.06,1.13,40.73434,-111.87210,35.1,12.6,875.5,183.87,1.9
80580.0,1309.2,1.12,0.05,1.12,40.73434,-111.87210,35.3,12.7,875.5,181.10,2.2
80640.0,1309.2,0.44,0.05,0.44,40.73434,-111.87210,35.3,12.3,875.5,161.94,4.1
80700.0,1309.3,0.67,0.05,0.67,40.73434,-111.87210,35.5,12.6,875.5,170.24,2.9
80760.0,1309.1,1.16,0.05,1.16,40.73434,-111.87210,35.4,12.8,875.5,169.87,3.5
80820.0,1309.2,1.41,0.06,1.41,40.73434,-111.87210,35.3,13.3,875.5,144.48,3.3
80880.0,1309.3,1.33,0.05,1.33,40.73434,-111.87210,35.2,12.9,875.5,167.67,3.7
80940.0,1309.5,1.13,0.05,1.13,40.73434,-111.87210,35.1,13.2,875.5,154.66,4.2
81000.0,1309.3,0.96,0.06,0.96,40.73434,-111.87210,34.9,13.5,875.4,128.41,4.2
81060.0,1309.2,1.26,0.06,1.26,40.73434,-111.87210,34.9,13.9,875.4,141.34,3.4
81120.0,1309.2,1.64,0.06,1.64,40.73434,-111.87210,35.0,13.6,875.4,145.65,2.6
81180.0,1309.2,1.75,0.06,1.75,40.73434,-111.87211,35.0,14.4,875.4,134.97,3.7
81240.0,1309.1,1.47,0.05,1.47,40.73434,-111.87210,35.0,13.1,875.5,169.51,3.6
81300.0,1309.1,1.54,0.05,1.54,40.73434,-111.87210,35.1,12.4,875.3,179.74,2.3
81360.0,1309.1,1.30,0.04,1.30,40.73434,-111.87210,35.4,12.8,875.3,170.82,1.9
81420.0,1308.9,1.07,0.04,1.07,40.73433,-111.87210,35.5,13.5,875.3,150.90,3.6
81480.0,1308.7,1.27,0.04,1.27,40.73433,-111.87210,35.0,13.3,875.3,132.19,4.7
81540.0,1308.8,1.26,0.04,1.26,40.73433,-111.87210,34.8,13.5,875.3,127.45,5.0
81600.0,1308.8,1.91,0.04,1.91,40.73433,-111.87210,34.7,13.7,875.3,142.60,4.3
81660.0,1308.8,1.97,0.04,1.97,40.73433,-111.87210,34.6,13.3,875.3,147.27,4.8
81720.0,1308.6,2.11,0.05,2.11,40.73433,-111.87210,34.6,13.8,875.3,141.46,4.2
81780.0,1308.5,1.46,0.04,1.46,40.73433,-111.87210,34.5,13.4,875.3,145.60,3.9
81840.0,1308.4,2.13,0.05,2.13,40.73433,-111.87210,34.6,13.6,875.3,148.95,3.8
81900.0,1308.4,2.51,0.05,2.51,40.73433,-111.87210,34.4,13.1,875.3,150.94,4.6
81960.0,1308.4,2.66,0.05,2.66,40.73433,-111.87210,34.5,13.2,875.3,162.23,3.7
82020.0,1308.3,2.47,0.05,2.47,40.73433,-111.87210,34.3,13.3,875.2,133.90,5.8
82080.0,1308.2,2.34,0.04,2.34,40.73433,-111.87210,34.3,13.4,875.2,149.32,4.1
82140.0,1308.1,1.87,0.05,1.87,40.73433,-111.87210,34.5,13.8,875.2,148.88,3.0
82200.0,1308.1,1.80,0.05,1.80,40.73433,-111.87210,34.4,14.5,875.2,126.05,4.2
82260.0,1308.1,1.63,0.04,1.63,40.73433,-111.87210,34.3,14.2,875.2,126.70,4.4
82320.0,1308.1,1.48,0.05,1.48,40.73433,-111.87210,34.2,14.1,875.3,125.05,4.6
82380.0,1308.2,1.34,0.05,1.34,40.73433,-111.87210,34.1,13.5,875.2,127.96,5.7
82440.0,1308.3,1.16,0.05,1.16,40.73433,-111.87210,34.0,14.2,875.2,125.67,5.2
82500.0,1308.3,1.34,0.05,1.34,40.73433,-111.87210,34.0,13.1,875.2,156.67,5.0
82560.0,1308.3,0.85,0.05,0.85,40.73433,-111.87210,34.1,13.2,875.2,158.28,3.7
82620.0,1308.3,0.62,0.06,0.62,40.73433,-111.87210,34.2,13.5,875.2,156.08,3.0
82680.0,1308.3,0.88,0.05,0.88,40.73433,-111.87210,34.5,13.5,875.2,167.54,1.6
82740.0,1308.1,0.45,0.05,0.45,40.73433,-111.87210,34.8,13.2,875.1,160.50,1.1
82800.0,1308.1,0.61,0.05,0.61,40.73433,-111.87210,34.9,12.6,875.1,174.72,3.2
82860.0,1308.0,0.92,0.05,0.92,40.73433,-111.87210,35.1,12.7,875.1,192.24,1.9
82920.0,1308.0,1.09,0.05,1.09,40.73433,-111.87210,35.3,12.7,875.1,187.33,2.2
82980.0,1307.7,1.25,0.05,1.25,40.73433,-111.87210,35.1,13.4,875.2,128.95,4.2
83040.0,1307.6,1.63,0.05,1.63,40.73433,-111.87210,35.0,12.7,875.2,147.76,4.1
83100.0,1307.9,1.24,0.05,1.24,40.73433,-111.87210,34.9,12.7,875.2,146.10,4.2
83160.0,1307.8,0.59,0.05,0.59,40.73433,-111.87210,34.8,13.1,875.1,137.04,4.0
83220.0,1307.5,0.74,0.04,0.74,40.73434,-111.87210,34.8,13.0,875.1,138.16,3.7
83280.0,1307.5,0.70,0.05,0.70,40.73433,-111.87210,34.7,13.6,875.1,138.78,4.4
83340.0,1307.8,0.86,0.04,0.86,40.73433,-111.87210,34.6,13.0,875.1,138.43,3.4
83400.0,1307.8,0.50,0.05,0.50,40.73433,-111.87210,34.5,13.0,875.0,132.11,3.6
83460.0,1307.5,0.75,0.04,0.75,40.73433,-111.87210,34.5,14.0,875.0,133.74,2.8
83520.0,1307.4,0.76,0.04,0.76,40.73434,-111.87210,34.7,12.8,875.0,173.03,3.0
83580.0,1307.5,0.87,0.04,0.87,40.73434,-111.87210,34.8,12.7,875.0,160.51,3.2
83640.0,1307.4,1.21,0.04,1.21,40.73434,-111.87210,34.8,13.5,875.0,147.68,2.7
83700.0,1307.5,1.10,0.04,1.10,40.73434,-111.87210,34.8,13.0,875.0,168.97,2.9
83760.0,1307.6,0.76,0.05,0.76,40.73434,-111.87210,34.9,12.6,875.0,157.29,3.4
83820.0,1307.7,0.68,0.04,0.68,40.73434,-111.87210,34.7,13.1,875.0,130.45,5.1
83880.0,1307.9,0.82,0.05,0.82,40.73434,-111.87210,34.4,13.3,875.0,125.38,5.8
83940.0,1308.1,1.20,0.05,1.20,40.73434,-111.87210,34.4,13.2,875.0,146.71,4.6
84000.0,1307.9,1.19,0.05,1.19,40.73434,-111.87210,34.3,12.8,875.0,146.32,4.5
84060.0,1307.8,1.10,0.04,1.10,40.73434,-111.87210,34.4,13.0,874.9,146.74,3.1
84120.0,1307.6,1.46,0.04,1.46,40.73434,-111.87210,34.5,13.0,874.9,161.28,2.9
84180.0,1308.0,1.65,0.04,1.65,40.73434,-111.87211,34.6,12.8,874.9,156.35,2.7
84240.0,1308.3,2.14,0.04,2.14,40.73434,-111.87211,34.7,12.6,874.9,152.07,2.6
84300.0,1308.4,2.01,0.05,2.01,40.73434,-111.87211,34.7,13.5,874.9,138.58,2.5
84360.0,1308.5,1.75,0.05,1.75,40.73434,-111.87211,34.9,12.9,874.9,178.44,2.6
84420.0,1308.6,1.57,0.05,1.57,40.73434,-111.87211,34.9,12.1,874.9,181.31,3.7
84480.0,1308.8,1.51,0.04,1.51,40.73434,-111.87211,35.1,12.1,874.8,171.73,1.7
84540.0,1308.9,1.42,0.04,1.42,40.73434,-111.87211,35.3,11.9,874.8,170.64,2.1
84600.0,1308.9,1.45,0.05,1.45,40.73434,-111.87211,35.5,12.3,874.8,155.68,1.7
84660.0,1308.8,1.17,0.05,1.17,40.73434,-111.87211,35.5,13.2,874.8,130.83,2.5
84720.0,1308.9,1.09,0.05,1.09,40.73434,-111.87211,35.5,12.8,874.8,153.86,2.3
84780.0,1308.8,1.06,0.05,1.06,40.73434,-111.87211,35.5,12.6,874.8,155.62,3.0
84840.0,1308.6,0.66,0.05,0.66,40.73434,-111.87211,35.6,12.6,874.8,172.58,2.8
84900.0,1308.7,0.73,0.04,0.73,40.73434,-111.87211,35.6,12.2,874.9,181.58,3.9
84960.0,1308.6,0.81,0.05,0.81,40.73434,-111.87211,35.6,12.1,874.8,185.48,2.5
85020.0,1308.4,0.88,0.05,0.88,40.73434,-111.87211,35.8,12.5,874.8,154.38,2.5
85080.0,1308.5,0.90,0.04,0.90,40.73434,-111.87211,35.6,12.1,874.8,163.13,3.8
85140.0,1308.5,1.14,0.05,1.14,40.73434,-111.87211,35.5,12.3,874.8,143.27,3.0
85200.0,1308.6,0.87,0.05,0.87,40.73434,-111.87211,35.5,13.3,874.8,138.20,2.6
85260.0,1308.5,0.44,0.05,0.44,40.73434,-111.87211,35.5,12.7,874.8,165.17,2.8
85320.0,1308.5,0.27,0.05,0.27,40.73434,-111.87211,35.5,12.7,874.8,156.31,2.7
85380.0,1308.4,0.46,0.05,0.46,40.73434,-111.87211,35.5,12.8,874.8,151.61,3.1
85440.0,1308.4,0.47,0.05,0.47,40.73434,-111.87211,35.4,12.7,874.8,141.94,3.0
85500.0,1308.4,0.58,0.05,0.58,40.73434,-111.87211,35.7,13.1,874.7,165.84,1.3
85560.0,1308.3,0.38,0.05,0.38,40.73434,-111.87211,35.9,12.8,874.7,174.60,1.9
85620.0,1308.4,0.43,0.04,0.43,40.73434,-111.87211,35.9,13.2,874.7,143.11,2.1
85680.0,1308.4,0.63,0.05,0.63,40.73434,-111.87211,36.0,12.1,874.7,156.73,2.5
85740.0,1308.3,0.07,0.04,0.07,40.73434,-111.87211,35.9,12.6,874.7,155.54,2.8
85800.0,1308.2,0.12,0.05,0.12,40.73434,-111.87211,36.0,12.2,874.7,148.21,2.4
85860.0,1308.2,0.24,0.05,0.24,40.73434,-111.87211,35.8,12.3,874.7,158.32,2.5
85920.0,1308.2,359.78,0.05,359.78,40.73434,-111.87211,35.9,12.1,874.7,166.25,2.2
85980.0,1308.2,359.89,0.05,359.89,40.73434,-111.87211,36.0,12.3,874.7,167.10,1.5
86040.0,1308.1,0.20,0.06,0.20,40.73434,-111.87211,36.1,11.9,874.7,178.91,2.6
86100.0,1308.1,0.46,0.05,0.46,40.73434,-111.87211,35.8,12.4,874.7,143.24,4.0
86160.0,1308.2,0.37,0.05,0.37,40.73434,-111.87211,35.7,12.2,874.7,150.84,2.9
86220.0,1308.2,359.82,0.04,359.82,40.73434,-111.87211,35.8,12.5,874.7,142.42,2.4
86280.0,1308.4,359.88,0.05,359.88,40.73434,-111.87211,35.7,12.3,874.7,148.85,4.1
86340.0,1308.4,0.14,0.05,0.14,40.73434,-111.87211,35.6,12.3,874.7,151.89,3.1
