CampaignData_and_Merges/R0/CSL_MobileLab_Parked/raw/20240816/USOS-NOAAIodideCIMS-OrgNitrs_MobileLabGround_20240816_RA.ict
37, 1001
Michael A Robinson, Chris Jernigan, Subi Thakali
NOAA ESRL Chemical Sciences Laboratory and CIRES, U. of Colorado
NOAA Iodide CIMS Instrument
USOS
1, 1
2024, 08, 16, 2024, 08, 18
1
starttime_UTC, seconds_past_midnight, seconds_of_day_since_00:00:00_UTC
5
1, 1, 1, 1, 1
-9999, -9999, -9999, -9999, -9999
C4H7NO5_NOAACIMS, pptv, Gas_C4H7NO5_InSitu_S_AVMR, 
ISOPN_NOAACIMS, pptv, Gas_ISOPN_InSitu_S_AVMR, 
C5H10O3_NOAACIMS, pptv, Gas_C5H10O3_InSitu_S_AVMR, 
C5H9NO5_NOAACIMS, pptv, Gas_C5H9NO5_InSitu_S_AVMR, 
C10H17NO4_NOAACIMS, pptv, Gas_C10H17NO4_InSitu_S_AVMR, 
0
18
PI_CONTACT_INFO: 325 Broadway, R/CSD 7, Boulder, Colorado 80305; michael.a.robinson@noaa.gov; chris.jernigan@noaa.gov;
PLATFORM: NOAA CSL Mobile Lab
LOCATION: SLC, Utah
ASSOCIATED_DATA: 1Hz data also available on request.
INSTRUMENT_INFO: NOAA I- ToF CIMS
DATA_INFO: All data in parts per trillion by volume (pptv). 1 Hz data is available upon request.
UNCERTAINTY: TBD
ULOD_FLAG: -7777
ULOD_VALUE: N/A
LLOD_FLAG: -8888
LLOD_VALUE: N/A
DM_CONTACT_INFO: Nathan Howard; nathan.h.howard@noaa.gov
PROJECT_INFO: USOS, summer 2024. https://csl.noaa.gov/groups/csl7/measurements/2024usos/
STIPULATIONS_ON_USE: Users are strongly encouraged to contact the PI for proper data usage.
OTHER_COMMENTS: 
REVISION: RA
RA: Preliminary Data; For in-field use only
starttime_UTC, C4H7NO5_NOAACIMS, ISOPN_NOAACIMS, C5H10O3_NOAACIMS, C5H9NO5_NOAACIMS, C10H17NO4_NOAACIMS
[from data line 1009]
 60540, -9999.000, -9999.000, -9999.000, -9999.000, -9999.000
 60600, -9999.000, -9999.000, -9999.000, -9999.000, -9999.000
 60660, -9999.000, -9999.000, -9999.000, -9999.000, -9999.000
 60720, -9999.000, -9999.000, -9999.000, -9999.000, -9999.000
 60780, -9999.000, -9999.000, -9999.000, -9999.000, -9999.000
 60840, -9999.000, -9999.000, -9999.000, -9999.000, -9999.000
 60900, -9999.000, -9999.000, -9999.000, -9999.000, -9999.000
 60960, -9999.000, -9999.000, -9999.000, -9999.000, -9999.000
 61020, -9999.000, -9999.000, -9999.000, -9999.000, -9999.000
 61080, -9999.000, -9999.000, -9999.000, -9999.000, -9999.000
 61140, -9999.000, -9999.000, -9999.000, -9999.000, -9999.000
 61200, -9999.000, -9999.000, -9999.000, -9999.000, -9999.000
 61260,  2.416,  3.956,  6.740,  2.135,  0.246
 61320,  3.406,  5.750, 11.680,  2.968,  0.434
 61380,  3.885,  6.516,  9.479,  3.354,  0.392
 61440, -9999.000, -9999.000, -9999.000, -9999.000, -9999.000
 61500,  3.641,  6.374,  7.585,  2.923,  0.299
 61560,  3.794,  6.609,  8.216,  3.221,  0.299
 61620,  3.952,  6.920,  7.156,  3.147,  0.361
 61680,  4.163,  7.246,  7.385,  3.313,  0.358
 61740,  4.240,  7.647,  7.999,  3.198,  0.405
 61800,  4.514,  7.534,  7.529,  3.258,  0.392
 61860,  4.547,  8.190,  7.828,  3.319,  0.402
 61920,  4.567,  8.213,  7.877,  3.554,  0.396
 61980,  4.623,  8.175,  7.125,  3.540,  0.389
 62040,  4.967,  8.871,  7.668,  3.751,  0.394
 62100,  5.494,  9.338,  8.786,  3.679,  0.363
 62160,  5.338,  9.172,  8.476,  3.534,  0.294
 62220,  5.396,  9.160,  8.596,  3.668,  0.340
 62280,  5.369,  9.393,  8.498,  3.743,  0.386
 62340,  5.523,  9.677,  8.789,  3.780,  0.372
 62400,  5.874, 10.071,  9.563,  3.753,  0.410
 62460,  6.228, 10.324,  9.957,  3.622,  0.422
 62520,  6.426, 10.136, 11.822,  4.089,  0.480
 62580,  6.477, 10.268, 10.508,  3.642,  0.484
 62640,  6.742, 10.781, 10.701,  3.994,  0.438
 62700,  6.941, 10.570, 10.564,  3.872,  0.218
 62760,  7.291, 10.947, 10.512,  3.918,  0.352
 62820,  7.354, 10.664, 10.833,  3.883,  0.257
 62880,  8.071, 12.063, 12.689,  4.099,  0.509
 62940,  8.336, 12.840, 12.691,  4.256,  0.534
 63000,  8.412, 13.099, 12.869,  4.201,  0.494
 63060,  8.542, 13.264, 13.408,  4.292,  0.552
 63120,  8.547, 13.694, 13.796,  4.314,  0.524
 63180,  8.657, 13.288, 13.059,  4.099,  0.417
 63240,  8.602, 13.264, 13.098,  4.436,  0.382
 63300, -9999.000, -9999.000, -9999.000, -9999.000, -9999.000
 63360,  9.097, 13.241, 13.189,  4.542,  0.322
 63420,  9.315, 14.563, 14.579,  4.445,  0.521
 63480,  9.377, 14.596, 13.752,  4.335,  0.596
 63540,  9.720, 14.296, 13.025,  4.232,  0.439
 63600,  9.897, 14.144, 14.070,  4.330,  0.363
 63660, 10.174, 15.344, 14.910,  4.505,  0.479
 63720, 10.106, 15.040, 15.858,  4.669,  0.410
 63780, 10.121, 14.748, 15.218,  4.402,  0.310
 63840, 10.080, 15.047, 14.856,  4.609,  0.286
 63900, 10.474, 15.234, 16.132,  4.706,  0.426
 63960, 10.262, 14.491, 15.191,  4.402,  0.171
 64020, 10.473, 14.687, 16.192,  4.662,  0.395
 64080, 10.448, 14.951, 16.334,  4.633,  0.287
 64140,  9.991, 14.380, 16.274,  4.512,  0.393
 64200, 10.476, 14.783, 15.502,  4.631,  0.455
 64260, 11.218, 15.601, 15.506,  4.696,  0.452
 64320, 11.165, 15.182, 16.415,  4.757,  0.532
 64380, 11.142, 15.027, 15.696,  4.863,  0.440
 64440, 10.797, 14.858, 16.240,  4.623,  0.494
 64500, 10.851, 14.604, 15.227,  4.624,  0.481
 64560, 10.959, 14.314, 15.717,  4.569,  0.319
 64620, 11.153, 15.341, 16.333,  4.538,  0.344
 64680, 11.447, 15.317, 15.536,  4.510,  0.353
 64740, 11.083, 14.745, 15.115,  4.432,  0.347
 64800, 10.710, 14.116, 16.169,  4.454,  0.373
 64860, 11.833, 16.089, 15.483,  4.701,  0.396
 64920, 11.734, 15.794, 16.636,  4.754,  0.364
 64980, 11.636, 15.929, 16.299,  4.747,  0.463
 65040, 11.509, 15.076, 16.591,  4.797,  0.377
 65100, 11.470, 14.790, 15.736,  4.534,  0.402
 65160, -9999.000, -9999.000, -9999.000, -9999.000, -9999.000
 65220, 11.189, 15.342, 14.167,  4.400,  0.230
 65280, 11.177, 15.445, 15.433,  4.575,  0.315
 65340,  9.658, 14.097, 14.520,  3.937,  0.315
 65400,  9.087, 13.269, 13.902,  3.929,  0.281
 65460, 10.200, 14.453, 15.176,  4.294,  0.296
 65520, 11.230, 16.071, 15.744,  4.411,  0.344
 65580, 10.990, 16.491, 15.727,  4.456,  0.413
 65640, 10.112, 16.411, 15.176,  4.248,  0.403
 65700,  7.257, 12.932, 12.512,  3.478,  0.297
 65760,  6.710, 13.028, 12.833,  3.290,  0.252
 65820,  5.902, 11.956, 12.694,  3.153,  0.207
 65880,  5.411, 11.348, 12.307,  2.897,  0.161
 65940,  5.378, 11.473, 12.492,  2.773,  0.203
 66000,  5.175, 10.745, 12.053,  2.868,  0.170
 66060,  5.174, 10.360, 11.486,  2.750,  0.187
 66120,  5.317, 10.623, 11.643,  2.763,  0.232
 66180,  5.504, 11.249, 11.812,  2.778,  0.148
 66240,  5.577, 11.995, 10.973,  2.863,  0.243
 66300,  5.699, 11.481, 11.983,  2.871,  0.265
 66360,  5.113, 10.556, 10.426,  2.666,  0.279
 66420,  4.101,  9.259, 10.516,  2.305,  0.155
 66480,  4.216,  9.923, 11.835,  2.496,  0.178
 66540,  3.972,  9.543, 13.182,  2.344,  0.274
 66600,  4.066,  9.402, 13.392,  2.487,  0.225
 66660,  4.045,  9.566, 12.535,  2.382,  0.214
 66720,  3.964,  8.571, 12.005,  2.332,  0.195
 66780,  3.714,  8.123, 10.840,  2.346,  0.211
 66840,  3.383,  7.744, 11.645,  2.198,  0.249
 66900,  3.373,  8.058, 13.107,  2.084,  0.230
 66960,  3.530,  9.031, 11.845,  1.981,  0.238
 67020,  3.938,  8.817, 12.363,  2.435,  0.246
 67080,  3.826,  9.294, 11.900,  2.470,  0.255
 67140,  3.920,  9.866, 12.843,  2.439,  0.268
 67200,  3.838,  9.372, 14.423,  2.263,  0.229
 67260,  3.764,  9.584, 14.000,  2.195,  0.279
 67320,  3.663,  9.819, 14.459,  2.210,  0.261
 67380,  3.206,  8.760, 13.430,  2.206,  0.278
 67440,  3.274,  9.020, 12.824,  2.179,  0.250
 67500,  3.233,  9.045, 12.521,  2.018,  0.186
 67560,  3.323,  8.971, 13.002,  2.099,  0.215
 67620,  3.866, 10.306, 15.510,  2.317,  0.252
 67680,  4.071, 10.959, 17.281,  2.430,  0.133
 67740,  4.030, 10.470, 16.662,  2.429,  0.112
 67800,  4.327, 10.594, 16.499,  2.419,  0.180
 67860,  4.909, 11.296, 16.524,  2.494,  0.230
 67920,  4.909, 12.064, 17.587,  2.735,  0.252
 67980,  4.802, 12.181, 17.347,  2.622,  0.168
 68040,  3.995, 10.787, 16.821,  2.438,  0.190
 68100,  3.400,  9.854, 16.770,  2.380,  0.216
 68160,  3.484, 10.956, 17.965,  2.280,  0.224
 68220,  3.682, 12.519, 18.978,  2.495,  0.216
 68280,  3.650, 12.757, 18.981,  2.360,  0.241
 68340,  3.369, 11.525, 18.680,  2.263,  0.186
 68400,  3.658, 13.513, 20.454,  2.389,  0.211
 68460,  3.814, 15.039, 22.256,  2.521,  0.250
 68520,  4.011, 15.225, 22.923,  2.746,  0.258
 68580,  4.025, 16.818, 24.253,  2.715,  0.263
 68640,  3.697, 15.952, 22.111,  2.469,  0.304
 68700,  3.139, 12.570, 19.748,  2.387,  0.222
 68760,  3.135, 11.669, 19.441,  2.446,  0.231
 68820, -9999.000, -9999.000, -9999.000, -9999.000, -9999.000
 68880,  2.425, 13.436, 14.790,  2.326,  0.143
 68940,  2.760, 11.732, 16.227,  2.317,  0.176
 69000,  2.833, 13.062, 17.591,  2.297,  0.205
 69060,  2.846, 14.104, 17.846,  2.219,  0.177
 69120,  3.035, 12.758, 19.022,  2.436,  0.294
 69180,  2.690, 14.012, 16.347,  2.056,  0.299
 69240,  3.117, 14.722, 17.283,  2.325,  0.282
 69300,  3.423, 14.728, 17.036,  2.303,  0.276
 69360,  3.506, 14.421, 17.861,  2.220,  0.260
 69420,  3.227, 16.554, 17.719,  2.081,  0.300
 69480,  3.487, 15.349, 16.796,  2.257,  0.319
 69540,  3.828, 15.868, 16.289,  2.206,  0.436
 69600,  3.908, 12.989, 14.245,  2.260,  0.204
 69660,  3.426, 12.422, 11.885,  2.047,  0.241
 69720,  3.336, 11.490, 10.467,  1.993,  0.211
 69780,  3.842, 12.677, 11.893,  2.241,  0.255
 69840,  4.272, 12.856, 11.224,  2.250,  0.247
 69900,  4.213, 12.302, 10.871,  2.262,  0.286
 69960,  3.241, 10.191,  9.406,  1.902,  0.290
 70020,  3.251, 10.747,  9.327,  1.870,  0.262
 70080,  3.758, 11.585,  9.995,  1.954,  0.209
 70140,  3.852, 13.766, 11.386,  2.149,  0.263
 70200,  3.777, 14.453, 11.671,  1.914,  0.238
 70260,  3.785, 15.689, 12.971,  2.050,  0.335
 70320,  3.745, 14.937, 13.379,  2.013,  0.297
 70380,  3.172, 12.526, 11.549,  1.764,  0.293
 70440,  2.945, 11.265, 11.125,  1.578,  0.271
 70500,  2.747, 12.550, 11.786,  1.643,  0.307
 70560,  2.819, 12.330, 14.363,  1.712,  0.254
 70620,  2.701, 13.275, 15.301,  1.692,  0.257
 70680, -9999.000, -9999.000, -9999.000, -9999.000, -9999.000
 70740,  2.871, 13.975, 14.826,  1.770,  0.310
 70800,  2.892, 14.035, 13.591,  1.790,  0.290
 70860,  3.027, 12.680, 13.750,  1.909,  0.263
 70920,  3.046, 13.349, 13.916,  1.721,  0.235
 70980,  2.840, 12.908, 15.660,  1.888,  0.315
 71040,  2.555, 12.304, 14.009,  2.002,  0.317
 71100,  2.402, 10.612, 13.261,  1.732,  0.282
 71160,  2.347, 10.770, 13.727,  1.678,  0.241
 71220,  2.465, 11.496, 15.176,  1.715,  0.223
 71280,  3.335,  8.411, 19.567,  2.785,  0.198
 71340,  2.658, 12.091, 15.598,  1.586,  0.286
 71400,  2.907, 12.057, 16.774,  1.812,  0.277
 71460,  2.698, 14.362, 17.124,  1.886,  0.288
 71520,  2.954, 16.379, 18.862,  2.065,  0.348
 71580,  2.732, 13.498, 18.292,  2.102,  0.345
 71640,  2.441,  9.966, 16.596,  2.032,  0.253
 71700,  2.338,  9.925, 17.684,  2.019,  0.197
 71760,  2.526, 12.783, 18.113,  2.022,  0.289
 71820,  3.086,  8.900, 20.196,  2.751,  0.164
 71880,  2.438, 10.372, 17.333,  2.304,  0.263
 71940,  2.224, 11.388, 15.656,  1.827,  0.330
 72000,  1.969, 10.078, 13.759,  1.789,  0.344
 72060,  2.447, 10.830, 15.094,  1.977,  0.252
 72120,  2.478,  9.787, 16.247,  2.165,  0.280
 72180,  2.718,  9.432, 16.223,  2.199,  0.242
 72240,  2.808, 10.140, 16.177,  2.255,  0.289
 72300,  2.665, 11.440, 17.015,  2.259,  0.278
 72360,  2.765, 11.943, 17.311,  2.083,  0.357
 72420,  2.701, 11.843, 18.312,  2.499,  0.265
 72480,  2.945, 12.660, 19.489,  2.540,  0.327
 72540, -9999.000, -9999.000, -9999.000, -9999.000, -9999.000
 72600,  2.587, 11.794, 16.528,  2.553,  0.287
 72660,  2.205,  7.404, 15.525,  2.404,  0.286
 72720,  2.198,  9.307, 15.518,  2.088,  0.297
 72780,  2.251, 10.392, 15.653,  2.221,  0.244
 72840,  2.159,  9.030, 14.168,  2.047,  0.244
 72900,  2.254,  9.100, 13.723,  2.244,  0.306
 72960,  2.066,  8.417, 13.642,  2.122,  0.259
 73020,  2.073,  9.670, 13.115,  1.920,  0.318
 73080,  2.094,  7.980, 12.919,  1.989,  0.250
 73140,  2.067,  7.609, 13.513,  2.016,  0.222
 73200,  2.091,  7.519, 12.284,  1.694,  0.225
 73260,  2.152,  7.999, 12.020,  1.911,  0.231
 73320,  1.775,  6.534, 10.523,  1.687,  0.286
 73380,  1.756,  6.072, 10.543,  1.809,  0.226
 73440,  1.907,  7.137, 11.606,  1.708,  0.125
 73500,  1.975,  7.941, 13.370,  1.839,  0.190
 73560,  1.947,  7.717, 13.070,  1.785,  0.190
 73620,  1.824,  7.263, 12.364,  1.668,  0.192
 73680,  1.827,  7.727, 11.756,  1.726,  0.226
 73740,  1.973,  8.064, 13.858,  1.663,  0.196
 73800,  1.960,  9.017, 14.583,  1.546,  0.210
 73860,  2.149, 10.431, 18.051,  1.688,  0.198
 73920,  2.239, 11.397, 19.781,  1.740,  0.189
 73980,  2.508, 12.720, 22.093,  1.798,  0.167
 74040,  2.588, 13.113, 22.239,  1.644,  0.229
 74100,  2.849, 14.195, 22.155,  1.706,  0.226
 74160,  3.013, 14.968, 21.608,  1.644,  0.245
 74220,  3.132, 16.008, 23.799,  1.946,  0.269
 74280,  3.120, 14.464, 22.767,  1.870,  0.251
 74340,  3.096, 15.012, 21.041,  1.815,  0.155
 74400,  2.611, 11.287, 16.514,  1.993,  0.172
 74460,  2.774, 11.750, 19.328,  1.854,  0.169
 74520,  2.624, 12.056, 19.355,  1.726,  0.231
 74580,  2.816, 13.200, 23.100,  1.884,  0.228
 74640,  3.483, 10.773, 24.145,  2.436,  0.164
 74700,  3.129,  8.676, 22.347,  2.461,  0.173
 74760,  2.915, 12.708, 20.151,  1.818,  0.221
 74820,  3.104, 12.817, 20.782,  1.856,  0.207
 74880,  3.150, 13.502, 20.748,  1.700,  0.295
 74940,  3.003, 12.945, 21.024,  1.711,  0.282
 75000,  3.287, 11.175, 25.715,  2.427,  0.153
 75060,  2.855, 14.852, 23.614,  1.562,  0.314
 75120,  3.034, 15.062, 26.416,  1.978,  0.237
 75180,  3.018, 14.845, 27.841,  1.854,  0.218
 75240,  3.004, 16.585, 28.212,  1.660,  0.311
 75300,  2.938, 15.867, 29.630,  1.854,  0.258
 75360,  3.070, 16.556, 27.438,  1.854,  0.311
 75420,  3.013, 14.887, 24.424,  1.708,  0.310
 75480,  2.898, 11.420, 19.891,  1.713,  0.254
 75540,  3.754,  9.475, 28.556,  2.643,  0.180
 75600,  2.813, 10.208, 20.344,  2.033,  0.196
 75660,  2.908, 13.966, 19.045,  1.751,  0.241
 75720,  3.091, 17.256, 22.753,  1.842,  0.303
 75780,  3.235, 17.487, 22.589,  1.846,  0.301
 75840,  3.200, 16.255, 23.023,  1.969,  0.347
 75900,  3.144, 13.972, 22.207,  1.934,  0.333
 75960,  2.893, 13.992, 21.537,  1.718,  0.320
 76020,  3.075, 14.502, 24.356,  1.861,  0.318
 76080,  2.987, 15.248, 25.579,  1.990,  0.288
 76140,  3.053, 12.765, 24.492,  1.890,  0.260
 76200,  2.851, 14.114, 21.337,  1.879,  0.326
 76260,  2.868, 14.651, 18.384,  2.371,  0.321
 76320,  3.343, 14.684, 23.573,  2.298,  0.262
 76380,  3.297, 16.366, 24.928,  1.881,  0.316
 76440,  3.230, 15.996, 26.196,  2.170,  0.348
 76500,  3.335, 16.341, 28.548,  2.158,  0.369
 76560,  3.466, 16.374, 29.335,  2.076,  0.327
 76620,  3.504, 16.494, 31.741,  2.185,  0.297
 76680,  3.218, 15.519, 28.896,  1.914,  0.311
 76740,  3.008, 14.141, 28.072,  1.933,  0.290
 76800,  3.204, 15.651, 29.741,  1.932,  0.268
 76860,  3.176, 14.378, 30.289,  2.185,  0.249
 76920,  3.287, 15.788, 31.095,  1.888,  0.291
 76980,  3.289, 16.650, 33.834,  2.193,  0.266
 77040,  3.279, 15.188, 35.025,  2.172,  0.231
 77100,  3.312, 17.991, 34.909,  1.954,  0.268
 77160,  2.764, 14.682, 30.298,  1.852,  0.334
 77220,  2.650, 13.192, 27.671,  1.791,  0.301
 77280,  2.521, 13.512, 27.605,  1.885,  0.304
 77340,  2.340, 11.687, 25.775,  1.808,  0.246
 77400,  2.385, 12.754, 27.020,  1.727,  0.260
 77460,  2.336, 11.879, 26.016,  1.651,  0.268
 77520,  2.169,  8.463, 22.531,  1.515,  0.204
 77580,  2.415,  9.105, 23.900,  1.666,  0.192
 77640,  2.508, 12.206, 27.522,  1.678,  0.204
 77700,  2.305, 10.258, 24.419,  1.678,  0.220
 77760,  2.094,  9.040, 21.018,  1.458,  0.235
 77820,  1.857,  5.497, 18.226,  1.574,  0.123
 77880,  1.853,  5.990, 16.297,  1.399,  0.172
 77940,  1.929,  7.019, 16.464,  1.346,  0.147
 78000,  2.069,  9.215, 18.554,  1.485,  0.211
 78060,  2.409,  8.500, 24.577,  2.201,  0.239
 78120,  2.244, 11.261, 19.240,  1.894,  0.274
 78180,  2.376, 12.435, 21.075,  1.989,  0.237
 78240,  2.320, 12.175, 20.483,  1.658,  0.251
 78300,  2.520, 12.423, 20.617,  1.673,  0.236
 78360,  2.477, 12.515, 21.346,  1.628,  0.257
 78420,  2.656, 12.588, 24.595,  1.825,  0.216
 78480,  2.730, 12.258, 26.215,  1.946,  0.193
 78540,  2.756, 13.440, 26.966,  1.711,  0.192
 78600,  3.076, 14.957, 29.221,  2.164,  0.257
 78660,  3.017, 16.228, 28.082,  1.901,  0.220
 78720,  3.085, 16.189, 29.848,  1.832,  0.273
 78780,  3.719, 10.505, 35.880,  3.042,  0.175
 78840,  2.407, 12.451, 23.738,  1.529,  0.244
 78900,  2.424, 12.165, 21.213,  1.463,  0.208
 78960,  2.244,  9.734, 19.479,  1.404,  0.193
 79020,  2.372, 10.614, 21.378,  1.602,  0.153
 79080,  2.342, 10.873, 20.963,  1.516,  0.166
 79140,  2.491, 13.550, 20.870,  1.551,  0.274
 79200,  2.389, 12.028, 20.451,  1.525,  0.266
 79260,  2.144,  8.953, 18.553,  1.451,  0.231
 79320,  1.945,  7.224, 17.701,  1.397,  0.096
 79380,  1.901,  7.245, 16.998,  1.392,  0.113
 79440,  1.961,  7.160, 16.696,  1.417,  0.149
 79500,  2.030,  8.461, 17.652,  1.478,  0.131
 79560,  2.037, 10.847, 17.537,  1.431,  0.183
 79620,  2.029, 10.177, 19.315,  1.411,  0.182
 79680,  1.690,  8.202, 17.065,  1.311,  0.151
 79740,  2.441,  6.668, 25.754,  2.336,  0.097
 79800,  1.653,  8.558, 18.045,  1.248,  0.176
 79860,  1.654,  9.831, 18.734,  1.000,  0.203
 79920, -9999.000, -9999.000, -9999.000, -9999.000, -9999.000
 79980,  1.851, 12.334, 18.686,  1.743,  0.240
 80040,  1.997, 10.163, 22.965,  1.883,  0.167
 80100,  1.795, 14.220, 21.478,  1.502,  0.286
 80160,  1.885, 13.133, 19.779,  1.363,  0.236
 80220,  2.050, 11.804, 21.390,  1.510,  0.245
 80280,  1.873, 11.651, 20.026,  1.740,  0.193
 80340,  1.833, 14.188, 16.569,  1.103,  0.277
 80400,  1.690, 10.094, 13.759,  1.225,  0.262
 80460,  1.472,  6.777, 10.841,  1.250,  0.159
