CampaignData_and_Merges/R0/CSL_MobileLab_Parked/raw/20240809/USOS-PTR_MobileLabGround_20240809_RA.ict
58, 1001
Matthew Coggon, Kelvin Bates, Chelsea Stockwell, Carsten Warneke
NOAA ESRL Chemical Sciences Division
NOAA PTR-ToF-MS
USOS
1,1 
2024, 08, 09, 2023, 08, 12
0
Time_Start, seconds, number of seconds from 00:00 UTC 
22
1, 1, 1, 1, 1, 1, 1, 1, 1, 1, 1, 1, 1, 1, 1, 1, 1, 1, 1, 1, 1, 1
-9999, -9999, -9999, -9999, -9999, -9999, -9999, -9999, -9999, -9999, -9999, -9999, -9999, -9999, -9999, -9999, -9999, -9999, -9999, -9999, -9999, -9999
CH3OH_NOAAPTR_ppbv,  ppbv, Gas_CH3OH_InSitu_S_AVMR, (CH3OH) methanol
CH3CN_NOAAPTR_ppbv,  ppbv, Gas_CH3CN_InSitu_S_AVMR, (CH3CN) acetonitrile
CH3CHO_NOAAPTR_ppbv,  ppbv, Gas_CH3CHO_InSitu_S_AVMR, (CH3CHO) acetaldehyde plus contributions from ethylene glycol and ethylene oxide. Interference from ethanol has been subtracted out.
C2H5OH_NOAAPTR_ppbv,  ppbv, Gas_C2H5OH_InSitu_S_AVMR, (C2H5OH) ethanol
CH3SH_NOAAPTR_ppbv,  ppbv, Gas_CH3SH_InSitu_S_AVMR, (CH3SH) methanethiol, using calibration factor for DMS
Acrolein_NOAAPTR_ppbv,  ppbv, Gas_Acrolein_InSitu_S_AVMR, (C3H4O) acrolein
AcetonePropanal_NOAAPTR_ppbv,  ppbv, Gas_AcetoneAndPropanal_InSitu_S_AVMR, (C3H6O) sum of acetone (dominant isomer) and propanal, using calibration factor for acetone
DMS_NOAAPTR_ppbv,  ppbv, Gas_DMS_InSitu_S_AVMR, (C2H6S) dimethyl sulfide with possible small contributions from ethanethiol
C5H8_NOAAPTR_ppbv,  ppbv, Gas_Isoprene_InSitu_S_AVMR, (C5H8) isoprene and possible fragments from cycloalkanes and aldehydes. Interferences have been subtracted following methods described by Coggon et al (2023)
MVKMAC_NOAAPTR_ppbv,  ppbv, Gas_MVKAndMAC_InSitu_S_AVMR, (C4H6O) sum of methyl vinyl ketone, methacrolein, and small amounts of crotonaldehyde, using weighted calibration factor for MVK (0.637) and MACR (0.363)
Benzene_NOAAPTR_ppbv,  ppbv, Gas_Benzene_InSitu_S_AVMR, (C6H6) benzene
Toluene_NOAAPTR_ppbv,  ppbv, Gas_Toluene_InSitu_S_AVMR, (C7H8) toluene with possible small contributions of fragments from ethyltoluene
Styrene_NOAAPTR_ppbv,  ppbv, Gas_Styrene_InSitu_S_AVMR, (C8H8) styrene
Benzaldehyde_NOAAPTR_ppbv,  ppbv, Gas_Benzaldehyde_InSitu_S_AVMR, (C7H6O) benzaldehyde
C8Aromatics_NOAAPTR_ppbv,  ppbv, Gas_C8Aromatics_InSitu_M_AVMR, (C8H10) sum of m-xylene, p-xylene, o-xylene, and ethyl benzene
C9Aromatics_NOAAPTR_ppbv,  ppbv, Gas_C9Aromatics_InSitu_M_AVMR, (C9H12) sum of C9 aromatics
Naphthalene_NOAAPTR_ppbv,  ppbv, Gas_Naphthalene_InSitu_S_AVMR, (C10H8) naphthalene
Octanal_NOAAPTR_ppbv,  ppbv, Gas_Octanal_InSitu_S_AVMR, (C8H16O) octanal and small amounts of octanone
Monoterpenes_NOAAPTR_ppbv,  ppbv, Gas_Monoterpenes_InSitu_M_AVMR, (C10H16) sum of monoterpenes and possible contributions from fragments of oxygenated monoterpenoids such as eucalyptol.
Nonanal_NOAAPTR_ppbv,  ppbv, Gas_Nonanal_InSitu_M_AVMR, (C9H18O) nonanal and small amounts of nonanone
C7H4ClF3_NOAAPTR_ppbv,  ppbv, Gas_C7H4ClF3_InSitu_S_AVMR, (C7H4ClF3) parachlorobenzotrifluoride
C10H30O5Si5_NOAAPTR_ppbv,  ppbv, Gas_C10H30O5Si5_InSitu_S_AVMR, (C10H30O5Si5) decamethylcyclopentasiloxane
1
SPECIAL COMMENTS:N/A
21
PI_CONTACT_INFO: NOAA ESRL Chemical Sciences Division, Tropospheric Chemistry Group. 325 Broadway, R/CSD7, Boulder, CO 80305
PLATFORM: Mobile Laboratory.
LOCATION: Salt Lake City, UT
ASSOCIATED_DATA: N/A
INSTRUMENT_INFO: NOAA PTR-ToF-MS measurements on NOAA CSL Mobile Lab
DATA_INFO: Units: ppbv
UNCERTAINTY: See OTHER_COMMENTS
ULOD_FLAG: -7777
ULOD_VALUE: N/A
LLOD_FLAG: -8888
LLOD_VALUE: N/A.
DM_CONTACT_INFO: Data Managers: Matt Coggon, Kelvin Bates, Chelsea Stockwell; email: matthew.m.coggon@noaa.gov and kelvin.bates@colorado.edu
PROJECT_INFO: USOS Deployment July-August, 2024
STIPULATIONS_ON_USE: Use of these data require prior OK from PI.
OTHER_COMMENTS: Uncertainties:
CH3OH_NOAAPTR_ppbv:30%; CH3CN_NOAAPTR_ppbv:30%; CH3CHO_NOAAPTR_ppbv:30%; C2H5OH_NOAAPTR_ppbv:30%; CH3SH_NOAAPTR_ppbv:50%; Acrolein_NOAAPTR_ppbv:30%; AcetonePropanal_NOAAPTR_ppbv:30%; DMS_NOAAPTR_ppbv:30%; C5H8_NOAAPTR_ppbv:30%; MVKMAC_NOAAPTR_ppbv:30%; 
Benzene_NOAAPTR_ppbv:30%; Toluene_NOAAPTR_ppbv:30%; Styrene_NOAAPTR_ppbv:30%; Benzaldehyde_NOAAPTR_ppbv:30%; C8Aromatics_NOAAPTR_ppbv:30%; C9Aromatics_NOAAPTR_ppbv:30%; Naphthalene_NOAAPTR_ppbv:30%; Octanal_NOAAPTR_ppbv:30%; Monoterpenes_NOAAPTR_ppbv:30%; Nonanal_NOAAPTR_ppbv:30%; 
C7H4ClF3_NOAAPTR_ppbv:30%; C10H30O5Si5_NOAAPTR_ppbv:30%; 
REVISION: RA
RA: Field Data
Time_Start, CH3OH_NOAAPTR_ppbv, CH3CN_NOAAPTR_ppbv, CH3CHO_NOAAPTR_ppbv, C2H5OH_NOAAPTR_ppbv, CH3SH_NOAAPTR_ppbv, Acrolein_NOAAPTR_ppbv, AcetonePropanal_NOAAPTR_ppbv, DMS_NOAAPTR_ppbv, C5H8_NOAAPTR_ppbv, MVKMAC_NOAAPTR_ppbv, Benzene_NOAAPTR_ppbv, Toluene_NOAAPTR_ppbv, Styrene_NOAAPTR_ppbv, Benzaldehyde_NOAAPTR_ppbv, C8Aromatics_NOAAPTR_ppbv, C9Aromatics_NOAAPTR_ppbv, Naphthalene_NOAAPTR_ppbv, Octanal_NOAAPTR_ppbv, Monoterpenes_NOAAPTR_ppbv, Nonanal_NOAAPTR_ppbv, C7H4ClF3_NOAAPTR_ppbv, C10H30O5Si5_NOAAPTR_ppbv
[from data line 72]
 4320.0, 8.37355, 0.41527, 1.72137, 3.66398, 0.00609, 0.23382, 3.93200, 0.01297, 0.54299, 0.42391, 0.23763, 0.35474, -0.00481, -9999.00000, 0.20130, 0.08463, 0.01500, 0.05651, 0.21919, 0.04877, 0.00228, 0.00208 
 4380.0, 16.87588, 0.40692, 1.51569, 3.64918, 0.01334, 0.17550, 4.01200, 0.00923, 0.43433, 0.41448, 0.22153, 0.26456, 0.01639, -9999.00000, 0.16848, 0.06483, 0.01695, 0.04749, 0.17645, 0.03931, 0.00140, 0.00428 
 4440.0, 18.12851, 0.39293, 1.64689, 4.11626, 0.00655, 0.22548, 4.09346, 0.02004, 0.49264, 0.41296, 0.20782, 0.33503, -0.00481, -9999.00000, 0.21238, 0.07519, 0.01244, 0.06961, 0.20340, 0.06150, 0.00616, 0.00529 
 4500.0, 12.81825, 0.39474, 1.57817, 3.32382, 0.00540, 0.19546, 4.18128, 0.00927, 0.47778, 0.40055, 0.21640, 0.25630, 0.01021, -9999.00000, 0.14996, 0.05202, 0.00912, 0.04573, 0.16135, 0.03879, 0.00558, 0.00267 
 4560.0, 11.00295, 0.38720, 1.64122, 3.61276, 0.00537, 0.21533, 4.25412, 0.00751, 0.42712, 0.38068, 0.19978, 0.27847, 0.00941, -9999.00000, 0.16600, 0.05752, 0.01448, 0.04850, 0.12084, 0.04377, 0.00677, 0.00683 
 4620.0, 8.08693, 0.40448, 1.49026, 2.96345, 0.00715, 0.19689, 4.46325, 0.00712, 0.37685, 0.37981, 0.17029, 0.19137, 0.00789, -9999.00000, 0.19116, 0.05049, -0.00075, 0.04817, 0.07242, 0.02532, 0.00675, 0.00318 
 4680.0, 9.03427, 0.39692, 1.63794, 3.14561, 0.00895, 0.22462, 4.54714, 0.02163, 0.34408, 0.37019, 0.17881, 0.22251, 0.01804, -9999.00000, 0.17904, 0.05322, 0.00183, 0.05615, 0.14728, 0.04309, 0.00561, 0.00490 
 4740.0, 8.52359, 0.39448, 1.61704, 3.45451, 0.00580, 0.24292, 4.56054, 0.00318, 0.44789, 0.39046, 0.22018, 0.29229, 0.01668, -9999.00000, 0.20194, 0.06407, -0.00083, 0.03751, 0.13587, 0.05227, 0.00452, 0.00370 
 4800.0, 7.39274, 0.39699, 1.56944, 3.58484, 0.00672, 0.22772, 4.08917, 0.01407, 0.50620, 0.38647, 0.19111, 0.28848, 0.01750, -9999.00000, 0.17743, 0.06603, 0.00661, 0.05857, 0.16537, 0.03773, 0.00509, 0.00384 
 4860.0, 8.07400, 0.40666, 1.68524, 3.27724, 0.00690, 0.24322, 4.23129, 0.02414, 0.49805, 0.40423, 0.23385, 0.26145, 0.02409, -9999.00000, 0.19065, 0.06408, 0.01368, 0.06067, 0.14467, 0.06638, 0.00314, 0.00455 
 4920.0, 8.96113, 0.38818, 1.62018, 3.08181, 0.00469, 0.22466, 4.00600, 0.01845, 0.61485, 0.41025, 0.23804, 0.28719, 0.01515, -9999.00000, 0.14931, 0.07347, 0.01324, 0.04763, 0.20479, 0.06225, 0.00838, 0.00415 
 4980.0, 7.93292, 0.40418, 1.42409, 3.47499, 0.00163, 0.21469, 3.81657, 0.01465, 0.68840, 0.42410, 0.19066, 0.26566, 0.01333, -9999.00000, 0.15919, 0.06106, 0.00042, 0.04654, 0.16413, 0.04282, 0.00588, 0.00821 
 5040.0, 6.43559, 0.37488, 1.04085, 2.06152, 0.00429, 0.15737, 3.25787, 0.01642, 0.50139, 0.35958, 0.16069, 0.15132, -0.00395, -9999.00000, 0.08801, 0.02978, -0.00553, 0.03248, 0.08687, 0.02005, 0.00674, 0.00246 
 5100.0, 9.50495, 0.39013, 1.45607, 3.78966, 0.00142, 0.22769, 3.58920, 0.00549, 0.83692, 0.40642, 0.18643, 0.27791, 0.02992, -9999.00000, 0.15058, 0.06533, 0.00996, 0.03398, 0.15872, 0.03954, 0.01128, 0.00412 
 5160.0, 10.91735, 0.37542, 1.79393, 6.37229, 0.00234, 0.23800, 3.75333, 0.01906, 0.87856, 0.43479, 0.27024, 0.78515, 0.02955, -9999.00000, 0.37719, 0.15433, 0.00661, 0.04676, 0.13410, 0.05541, 0.01372, 0.00692 
 5220.0, 7.16764, 0.35378, 1.30576, 2.81477, 0.00172, 0.16985, 3.17764, 0.01658, 0.93255, 0.41568, 0.20642, 0.21969, 0.02202, -9999.00000, 0.14105, 0.05939, 0.00140, 0.01281, 0.13754, 0.03842, 0.02550, 0.00635 
 5280.0, 8.20737, 0.39900, 1.37909, 3.09421, 0.00160, 0.20022, 3.35041, 0.01149, 0.98114, 0.43193, 0.22408, 0.25394, -0.00481, -9999.00000, 0.16021, 0.06950, 0.01114, 0.02909, 0.12897, 0.03703, 0.01988, 0.00308 
 5340.0, 6.24629, 0.35449, 1.17232, 2.65940, 0.00108, 0.17213, 3.14670, 0.01010, 0.80748, 0.33332, 0.16526, 0.16168, -0.00481, -9999.00000, 0.07712, 0.02714, 0.01447, 0.02036, 0.10522, 0.02259, 0.02933, 0.00320 
 5400.0, 8.24024, 0.37642, 1.40909, 3.31912, 0.00300, 0.21499, 3.30796, 0.01361, 1.01886, 0.41755, 0.18790, 0.19079, 0.00069, -9999.00000, 0.10380, 0.04525, 0.00249, 0.01956, 0.14461, 0.05958, 0.02329, 0.00500 
 5460.0, 9.09340, 0.36801, 1.61761, 3.73933, 0.00324, 0.23346, 3.34813, 0.02247, 0.94741, 0.43747, 0.18946, 0.23696, -0.00481, -9999.00000, 0.13211, 0.04909, -0.00070, 0.05080, 0.15779, 0.05916, 0.02391, 0.00130 
 5520.0, 8.38408, 0.36053, 1.43285, 3.34857, -0.00008, 0.20071, 3.32177, 0.00521, 0.90313, 0.41150, 0.13587, 0.24934, -0.00481, -9999.00000, 0.14277, 0.05729, 0.00186, 0.04479, 0.17951, 0.04643, 0.01900, 0.00547 
 5580.0, 7.47017, 0.37489, 1.40560, 2.93408, 0.00334, 0.20425, 3.28169, 0.00162, 0.87460, 0.40876, 0.20928, 0.21393, 0.00035, -9999.00000, 0.10984, 0.05386, 0.00455, 0.04034, 0.16643, 0.04202, 0.00863, 0.00200 
 5640.0, 8.23392, 0.38251, 1.33523, 2.89246, 0.00135, 0.19761, 3.28395, 0.01152, 0.97501, 0.42470, 0.21197, 0.23029, 0.02263, -9999.00000, 0.13261, 0.05404, -0.00553, 0.05673, 0.17287, 0.05106, 0.01273, 0.00696 
 5700.0, 8.65317, 0.36347, 1.55706, 3.72709, 0.00328, 0.22112, 3.44381, 0.00749, 0.90690, 0.44624, 0.20352, 0.28530, 0.02483, -9999.00000, 0.15697, 0.06599, 0.01427, 0.08148, 0.19883, 0.06013, 0.01114, 0.00824 
 5760.0, 9.62179, 0.35622, 1.72007, 3.52481, 0.00467, 0.24771, 3.58929, 0.02273, 0.90120, 0.42771, 0.20055, 0.29203, -0.00481, -9999.00000, 0.14974, 0.06806, 0.00320, 0.05113, 0.17850, 0.05955, 0.01413, 0.00976 
 5820.0, 8.26464, 0.37558, 1.61227, 3.89271, 0.00085, 0.19330, 3.42323, 0.00937, 0.96483, 0.44040, 0.22507, 0.24198, -0.00481, -9999.00000, 0.12910, 0.06161, -0.00157, 0.06293, 0.12765, 0.04403, 0.01490, 0.00791 
 5880.0, 12.48961, 0.37898, 1.86048, 5.09937, 0.00101, 0.25936, 3.58845, 0.00552, 0.88087, 0.47950, 0.25623, 0.37562, 0.01028, -9999.00000, 0.20405, 0.07469, 0.00535, 0.07317, 0.26859, 0.05101, 0.00890, 0.01247 
 5940.0, 7.69538, 0.36701, 1.49918, 3.59519, 0.00594, 0.22865, 3.40988, 0.02052, 0.91581, 0.44132, 0.19093, 0.23374, 0.01123, -9999.00000, 0.13941, 0.07071, 0.00949, 0.09113, 0.19926, 0.04422, 0.00954, 0.00714 
 6000.0, 9.82037, 0.41856, 1.70894, 3.77282, 0.00590, 0.21013, 3.48732, 0.02129, 0.87390, 0.47010, 0.22052, 0.25835, 0.01098, -9999.00000, 0.13394, 0.07452, 0.00590, 0.08080, 0.23452, 0.06597, 0.01065, 0.00690 
 6060.0, 8.46700, 0.40876, 1.61592, 3.98297, 0.00101, 0.17553, 3.35245, 0.00994, 0.91415, 0.43730, 0.20766, 0.29232, -0.00481, -9999.00000, 0.16005, 0.09147, 0.01162, 0.07049, 0.22196, 0.04483, 0.00883, 0.00618 
 6120.0, 9.05112, 0.37635, 1.67662, 4.58234, -0.00086, 0.20243, 3.60448, -0.00059, 0.86318, 0.44893, 0.26057, 0.33130, 0.02095, -9999.00000, 0.18923, 0.09586, 0.01362, 0.06629, 0.23485, 0.05245, 0.00222, 0.00491 
 6180.0, 10.24497, 0.37866, 1.88376, 6.54098, 0.00242, 0.25090, 3.63925, 0.00304, 0.96477, 0.47793, 0.26424, 0.60402, -0.00083, -9999.00000, 0.29877, 0.14854, 0.00530, 0.06518, 0.25209, 0.06355, 0.00817, 0.00946 
 6240.0, 10.48607, 0.37454, 1.76238, 4.32251, 0.00446, 0.22511, 3.56085, 0.02433, 0.98370, 0.46358, 0.28718, 0.43098, 0.03138, -9999.00000, 0.22872, 0.12231, 0.01662, 0.08285, 0.27123, 0.06505, 0.00653, 0.00293 
 6300.0, 8.32617, 0.42006, 1.49612, 3.48903, 0.00207, 0.21593, 3.52372, 0.00886, 0.88560, 0.43422, 0.25317, 0.31117, 0.04137, -9999.00000, 0.18422, 0.11394, 0.00061, 0.08428, 0.17159, 0.03794, 0.01300, 0.00786 
 6360.0, 8.92999, 0.39652, 1.89137, 4.66667, 0.00158, 0.23893, 3.69248, 0.02394, 0.97600, 0.49191, 0.36298, 0.64791, 0.05144, -9999.00000, 0.37670, 0.14788, 0.00581, 0.08944, 0.25475, 0.05548, 0.00826, 0.00578 
 6420.0, 8.56317, 0.40337, 1.62355, 3.36544, 0.00333, 0.20827, 3.47123, 0.00656, 0.87234, 0.44292, 0.21244, 0.37236, 0.03046, -9999.00000, 0.21244, 0.13576, -0.00553, 0.10225, 0.18730, 0.04937, 0.01338, 0.00619 
 6480.0, 10.07631, 0.37598, 1.77880, 4.41888, 0.00056, 0.24427, 3.62188, -0.00044, 0.99198, 0.44728, 0.26740, 0.47273, 0.03968, -9999.00000, 0.24737, 0.12698, 0.00295, 0.09125, 0.23386, 0.05235, 0.01141, 0.00838 
 6540.0, 9.76095, 0.40132, 1.78294, 3.89847, 0.00521, 0.22768, 3.65618, 0.01174, 0.85887, 0.44431, 0.29455, 0.38087, 0.02611, -9999.00000, 0.22872, 0.11076, 0.00336, 0.08690, 0.21780, 0.05310, 0.01162, 0.00866 
 6600.0, 9.87301, 0.39667, 1.86729, 3.97916, 0.00517, 0.22317, 3.60921, 0.00338, 0.85847, 0.44995, 0.32157, 0.46123, -0.00481, -9999.00000, 0.28166, 0.12888, 0.01528, 0.07071, 0.24697, 0.05799, 0.01295, 0.00763 
 6660.0, 8.10850, 0.42077, 1.76112, 3.67883, 0.00425, 0.19203, 3.53050, -0.00060, 0.82602, 0.43861, 0.27732, 0.37998, 0.02592, -9999.00000, 0.21291, 0.10371, -0.00553, 0.09355, 0.24616, 0.05221, 0.01558, 0.00534 
 6720.0, 8.82693, 0.40831, 1.59953, 4.16105, 0.00317, 0.24501, 3.59751, 0.00324, 0.91656, 0.42156, 0.23072, 0.40792, 0.03517, -9999.00000, 0.20115, 0.09859, 0.00417, 0.07458, 0.26049, 0.05104, 0.01377, 0.00629 
 6780.0, 9.36775, 0.40355, 1.81207, 3.75466, 0.00285, 0.21214, 3.72687, 0.01199, 0.81271, 0.43737, 0.24118, 0.34065, -0.00481, -9999.00000, 0.18188, 0.11144, -0.00553, 0.07742, 0.30642, 0.04970, 0.01576, 0.00644 
 6840.0, 10.11771, 0.39307, 1.94428, 5.11158, 0.00347, 0.22565, 3.73597, 0.02405, 0.81913, 0.45688, 0.25942, 0.37683, 0.03015, -9999.00000, 0.20083, 0.09324, -0.00270, 0.06689, 0.30857, 0.05925, 0.01098, 0.00365 
 6900.0, 8.08193, 0.39889, 1.71581, 3.71226, 0.00610, 0.20293, 3.64768, 0.01602, 0.81339, 0.42370, 0.25373, 0.33441, 0.02544, -9999.00000, 0.17676, 0.09164, 0.00520, 0.07578, 0.29161, 0.04113, 0.00881, 0.00653 
 6960.0, 9.93161, 0.40763, 2.02179, 3.85424, 0.00484, 0.27859, 3.90659, 0.02288, 0.80473, 0.46460, 0.23900, 0.38666, 0.02792, -9999.00000, 0.19323, 0.10012, 0.00637, 0.08059, 0.33844, 0.04766, 0.00876, 0.00949 
 7020.0, 9.43625, 0.37589, 1.77939, 3.91273, 0.00270, 0.21281, 3.69820, -0.00001, 0.82900, 0.45262, 0.27059, 0.37743, 0.03935, -9999.00000, 0.18685, 0.10120, -0.00539, 0.09967, 0.32226, 0.04599, 0.01066, 0.01225 
 7080.0, 8.17552, 0.41683, 1.78311, 3.38464, 0.00297, 0.23358, 3.71520, -0.00061, 0.79302, 0.43360, 0.28552, 0.35293, 0.01866, -9999.00000, 0.17212, 0.08483, 0.00013, 0.08560, 0.35298, 0.06400, 0.01559, 0.00505 
 7140.0, 9.13211, 0.40103, 2.03894, 4.24309, 0.00362, 0.22208, 3.76347, 0.01652, 0.93309, 0.45840, 0.38634, 0.64346, 0.03302, -9999.00000, 0.36905, 0.14684, -0.00319, 0.06459, 0.34678, 0.05469, 0.01105, 0.00742 
 7200.0, 9.30006, 0.43650, 1.93870, 4.10392, 0.00106, 0.25595, 3.81240, -0.00061, 0.90687, 0.44445, 0.37854, 0.58960, -0.00206, -9999.00000, 0.33766, 0.14927, 0.00071, 0.08384, 0.27565, 0.05908, 0.00614, 0.01005 
 7260.0, 9.59996, 0.38834, 1.87208, 4.18364, 0.00303, 0.22930, 3.75379, 0.03007, 0.90702, 0.44417, 0.23699, 0.41400, 0.02838, -9999.00000, 0.23155, 0.08855, 0.00824, 0.07387, 0.27325, 0.04326, 0.01330, 0.00856 
 7320.0, 10.59573, 0.42527, 1.86834, 3.93153, 0.00420, 0.23138, 3.99651, -0.00062, 1.00541, 0.45180, 0.26704, 0.40336, 0.03607, -9999.00000, 0.22705, 0.09712, -0.00089, 0.06780, 0.30853, 0.06126, 0.01443, 0.00431 
 7380.0, 10.13258, 0.41290, 2.16894, 4.50734, 0.00297, 0.27338, 4.10723, 0.00500, 0.99437, 0.44544, 0.24469, 0.41452, 0.01887, -9999.00000, 0.23086, 0.09713, 0.00027, 0.09648, 0.28844, 0.06210, 0.01935, 0.00894 
 7440.0, 7.44962, 0.43714, 1.78318, 3.30880, -0.00088, 0.19958, 3.95509, 0.00900, 1.02816, 0.41746, 0.22322, 0.28362, 0.02563, -9999.00000, 0.14530, 0.05746, -0.00487, 0.08007, 0.22492, 0.03222, 0.01289, 0.00126 
 7500.0, 8.97028, 0.41050, 2.05720, 4.06821, 0.00149, 0.22089, 4.14742, 0.01109, 1.02070, 0.44520, 0.25372, 0.33542, 0.02772, -9999.00000, 0.15183, 0.07432, 0.01014, 0.09742, 0.28243, 0.07430, 0.00832, 0.00857 
 7560.0, 8.65218, 0.41225, 1.81026, 3.55106, 0.00263, 0.21586, 4.04509, 0.00345, 0.92710, 0.43810, 0.22196, 0.30568, 0.00907, -9999.00000, 0.15839, 0.07004, 0.01986, 0.08452, 0.25819, 0.05744, 0.00946, 0.00376 
 7620.0, 8.34140, 0.40769, 1.76794, 3.47318, -0.00012, 0.24015, 3.88891, -0.00062, 0.98091, 0.44136, 0.26237, 0.29977, 0.03293, -9999.00000, 0.16274, 0.06527, 0.00709, 0.07242, 0.26538, 0.03481, 0.00846, 0.00784 
 7680.0, 9.77658, 0.42769, 1.86004, 4.24152, 0.00984, 0.22756, 4.11597, 0.00187, 1.01272, 0.43428, 0.27144, 0.33061, 0.02447, -9999.00000, 0.16097, 0.07777, 0.01114, 0.07462, 0.23361, 0.04392, 0.01240, 0.00513 
 7740.0, 9.77940, 0.37248, 2.10521, 4.75881, 0.00688, 0.23835, 4.25363, 0.00562, 0.97439, 0.44555, 0.24657, 0.35845, 0.01199, -9999.00000, 0.19726, 0.08676, -0.00553, 0.11558, 0.24321, 0.07174, 0.01208, 0.01056 
 7800.0, 9.35944, 0.41581, 1.82018, 4.41749, 0.00387, 0.21487, 3.91591, 0.01059, 1.05221, 0.47512, 0.19216, 0.29930, 0.01714, -9999.00000, 0.16601, 0.07098, 0.00579, 0.06957, 0.24355, 0.04278, 0.01562, 0.00921 
 7860.0, 8.57316, 0.42592, 1.67622, 4.12572, 0.00024, 0.22700, 3.77385, -0.00063, 0.96879, 0.44442, 0.22455, 0.30646, 0.01614, -9999.00000, 0.18892, 0.07665, -0.00077, 0.06976, 0.20298, 0.02830, 0.01350, 0.00433 
 7920.0, 9.53541, 0.42352, 1.82371, 4.43440, 0.00515, 0.23709, 3.93070, 0.01446, 1.03672, 0.47299, 0.20979, 0.33184, 0.00477, -9999.00000, 0.19474, 0.07211, -0.00553, 0.07421, 0.22184, 0.04886, 0.01456, 0.00521 
 7980.0, 10.30427, 0.40375, 1.89485, 5.20929, 0.00381, 0.24590, 4.04081, 0.01396, 1.08232, 0.49614, 0.22611, 0.36122, 0.00841, -9999.00000, 0.20450, 0.08063, -0.00474, 0.09143, 0.22841, 0.05693, 0.01370, 0.00742 
 8040.0, 8.80379, 0.39941, 1.72048, 4.40404, 0.00238, 0.24600, 3.79941, 0.01314, 1.00957, 0.46830, 0.28455, 0.31156, 0.00996, -9999.00000, 0.17006, 0.07939, 0.00285, 0.06750, 0.22884, 0.04247, 0.00946, 0.00539 
 8100.0, 9.94353, 0.41889, 2.00799, 5.22187, 0.00238, 0.26126, 4.04021, 0.01922, 0.94439, 0.44036, 0.26684, 0.34398, -0.00481, -9999.00000, 0.20420, 0.08958, -0.00252, 0.10546, 0.25997, 0.03859, 0.02414, 0.01033 
 8160.0, 11.18864, 0.42768, 2.13166, 5.48686, -0.00089, 0.26744, 3.98379, 0.01546, 0.88670, 0.48983, 0.26745, 0.36389, 0.02262, -9999.00000, 0.19440, 0.09560, 0.01314, 0.09962, 0.38727, 0.07517, 0.01255, 0.01010 
 8220.0, 8.41569, 0.37937, 1.91502, 4.22382, 0.00062, 0.23935, 3.84590, 0.00534, 0.91047, 0.45286, 0.25972, 0.31325, 0.02585, -9999.00000, 0.19426, 0.08735, 0.00123, 0.09892, 0.22750, 0.04874, 0.01584, 0.00480 
 8280.0, 9.66222, 0.42108, 1.95699, 4.47681, 0.00110, 0.27734, 3.92178, 0.01626, 0.99439, 0.49626, 0.26852, 0.40380, 0.02509, -9999.00000, 0.19814, 0.11729, 0.02361, 0.11935, 0.22672, 0.04186, 0.01339, 0.00732 
 8340.0, 10.12004, 0.45143, 1.96668, 4.77607, 0.00219, 0.22992, 3.83197, 0.00594, 0.99393, 0.50643, 0.26390, 0.39911, 0.03700, -9999.00000, 0.23422, 0.12233, 0.01416, 0.11563, 0.19732, 0.02777, 0.00802, 0.00843 
 8400.0, 12.25068, 0.42020, 2.24612, 5.38546, 0.00241, 0.27786, 3.97374, 0.00754, 1.16291, 0.52039, 0.33529, 0.51980, 0.03304, -9999.00000, 0.34080, 0.15061, 0.00936, 0.09118, 0.22450, 0.06199, 0.01502, 0.01169 
 8460.0, 12.39653, 0.45144, 2.70912, 7.26926, 0.00327, 0.28628, 4.20253, 0.00215, 1.22093, 0.54977, 0.46487, 0.58284, 0.05302, -9999.00000, 0.35404, 0.18583, -0.00553, 0.08102, 0.22150, 0.05038, 0.02048, 0.01325 
 8520.0, 9.16462, 0.41944, 2.36105, 5.14301, 0.00148, 0.25962, 3.90836, 0.00159, 1.19627, 0.51624, 0.36524, 0.48987, 0.02482, -9999.00000, 0.31662, 0.16397, 0.00096, 0.09178, 0.22934, 0.04478, 0.01227, 0.00965 
 8580.0, 11.36907, 0.40696, 2.51970, 5.85307, 0.00282, 0.29046, 4.13360, 0.00026, 1.22349, 0.52419, 0.42515, 0.51557, 0.04757, -9999.00000, 0.32858, 0.15905, 0.00537, 0.09527, 0.25399, 0.07139, 0.01302, 0.00810 
 8640.0, 13.35380, 0.46818, 3.06363, 8.42227, 0.00367, 0.33959, 4.39401, 0.01365, 1.21610, 0.55699, 0.49525, 0.81605, 0.07871, -9999.00000, 0.46239, 0.22186, 0.01624, 0.07230, 0.26581, 0.09369, 0.02561, 0.00795 
 8700.0, 14.84071, 0.41264, 2.99653, 9.08504, 0.00235, 0.32107, 4.37751, 0.01085, 1.32002, 0.60824, 0.54033, 0.78230, 0.08303, -9999.00000, 0.51573, 0.23675, 0.00460, 0.10361, 0.30176, 0.07258, 0.04631, 0.01416 
