CampaignData_and_Merges/R0/CSL_MobileLab_Parked/raw/20240809/USOS-Picarro-CO2-CH4-CO-H2O_MobileLabGround_20240809_R0.ict
38, 1001
Ilana Pollack, Nell Schafer, and Jeff Peischl
NOAA Chemical Sciences Laboratory
Picarro 2401-m CO2/CH4/CO/H2O Analyzer
USOS
1, 1
2024, 08, 09, 2024, 11, 20
0
StartTime_UTC, seconds_past_midnight, seconds past midnight
5
1, 1, 1, 1, 1
-9999, -9999, -9999, -9999, -9999
StopTime_UTC, seconds_past_midnight, seconds past midnight
CO2_ppm_1min, ppm, Gas_CO2_InSitu_S_DMF, carbon dioxide mixing ratio
CH4_ppb_1min, ppb, Gas_CH4_InSitu_S_DMF, methane mixing ratio
CO_ppb_1min, ppb, Gas_CO_InSitu_S_DMF, carbon monoxide mixing ratio
H2O_ppmv_1min, ppmv, Met_H2OMRV_InSitu_S_AVMR, water vapor mixing ratio
1
SPECIAL COMMENTS: N/A
18
PI_CONTACT_INFO: Address: NOAA Chemical Sciences Laboratory, Mail Stop CSL7, 325 Broadway, Boulder, CO 80305; Email: Ilana.Pollack@noaa.gov
PLATFORM: NOAA CSL Mobile Laboratory
LOCATION: The mobile lab was stationed in Salt Lake City, Utah.
ASSOCIATED_DATA: N/A
INSTRUMENT_INFO: CO2, CH4, and CO are reported as dry air mole fractions using a commercial wavelength-scanned cavity ring-down analyzer (Picarro 2401-m). An in-field calibration gas standard of 432±0.07 ppm CO2, 2095±1 ppb CH4, and 183±1 ppb CO, calibrated in the Boulder laboratories before and after the field project using primary CO2, CH4, and CO standard tanks tied to the WMO standard (X2019, X2004A, and X2014A, respectively) from the Global Monitoring Laboratory (GML), was delivered to the inlet every 2-3 days to evaluate instrument sensitivity. A H2O measurement was calibrated before the project with a Dew Point Mirror 373 hygrometer. The water correction calculated from these calibrations was applied to the H2O measurement for the entire campaign. Species are measured at 0.5 Hz and reported as 1-minute averages for stationary measurements.
DATA_INFO: Units: CO2, ppm, dry air mole fraction; CH4, ppb, dry air mole fraction; CO, ppb, dry air mole fraction; H2O, ppmv
UNCERTAINTY: Total uncertainties are estimated as ±0.1 ppm for CO2, ±1 ppb for CH4, ±5 ppb for CO, and ±(50 ppm + 4%) for H2O.
ULOD_FLAG: -7777
ULOD_VALUE: N/A
LLOD_FLAG: -8888
LLOD_VALUE: N/A
DM_CONTACT_INFO: Data Manager: Nathan Howard; nathan.h.howard@noaa.gov
PROJECT_INFO: USOS Dates of Study: July – August 2024
STIPULATIONS_ON_USE: Use of these data require prior ok from PI.
OTHER_COMMENTS: Data are averaged to 1 minute intervals. Stationary data collected from a 10 ft tower on top of the mobile van.
REVISION: R0
R0: Final Data
StartTime_UTC, StopTime_UTC, CO2_ppm_1min, CH4_ppb_1min, CO_ppb_1min, H2O_ppmv_1min
[from data line 391]
23460,23520,449.67,1997.4,219.8,9365.5059
23520,23580,453.32,2003.9,231.2,9518.4238
23580,23640,455.29,2008.6,236.8,9666.2910
23640,23700,455.00,2007.0,238.0,9692.8232
23700,23760,456.80,2004.8,240.5,9766.2725
23760,23820,454.64,2004.8,235.6,9665.8535
23820,23880,454.21,2001.7,221.4,9642.2373
23880,23940,455.80,2014.5,249.0,9762.4668
23940,24000,451.58,1999.3,229.3,9556.4717
24000,24060,445.71,1994.5,210.0,9334.1611
24060,24120,448.05,1998.3,214.5,9483.7422
24120,24180,445.40,1993.6,208.5,9336.8906
24180,24240,445.40,1993.3,206.5,9346.5879
24240,24300,447.09,1995.0,209.4,9452.8691
24300,24360,448.79,1996.4,216.5,9522.3447
24360,24420,448.37,1997.4,216.0,9541.7666
24420,24480,446.01,1991.6,209.9,9424.9609
24480,24540,447.62,1994.7,216.6,9541.2627
24540,24600,445.72,1992.1,205.8,9438.1982
24600,24660,447.16,1995.9,209.6,9510.3584
24660,24720,448.28,1997.9,214.6,9602.7656
24720,24780,447.38,1995.6,213.4,9530.2637
24780,24840,445.80,1989.4,206.3,9439.2715
24840,24900,449.37,1989.3,206.7,9647.1455
24900,24960,439.77,1985.0,197.8,9102.9678
24960,25020,440.99,1986.1,197.7,9164.3975
25020,25080,443.55,1988.3,207.3,9306.0654
25080,25140,443.91,1989.3,205.6,9379.4961
25140,25200,445.10,1990.9,205.1,9432.9854
25200,25260,444.85,1991.7,202.7,9447.8242
25260,25320,445.33,1990.4,205.4,9457.4922
25320,25380,446.79,1992.7,206.2,9565.4424
25380,25440,445.82,1992.1,204.3,9570.1123
25440,25500,446.49,1994.4,205.6,9599.6631
25500,25560,445.72,1991.8,202.8,9601.8604
25560,25620,445.05,1991.6,202.5,9593.3906
25620,25680,445.04,1993.8,203.4,9614.4229
25680,25740,445.63,1994.2,200.9,9650.8740
25740,25800,446.04,1991.8,201.7,9681.0566
25800,25860,445.17,1991.6,199.3,9690.6357
25860,25920,445.59,1993.2,198.9,9761.6465
25920,25980,447.84,1994.6,203.3,9838.8213
25980,26040,447.16,1994.9,201.9,9826.0801
26040,26100,445.77,1992.2,197.2,9775.5186
26100,26160,448.07,1993.6,200.7,9906.1143
26160,26220,447.68,1993.4,200.4,9936.8047
26220,26280,447.75,1993.4,202.0,9965.7236
26280,26340,448.30,1994.4,200.3,9980.5830
26340,26400,446.22,1991.3,322.4,9881.3311
26400,26460,450.59,1989.8,318.6,10047.2861
26460,26520,448.80,1996.9,302.7,9967.9189
26520,26580,449.11,1996.9,214.8,9974.5732
26580,26640,445.80,1995.9,198.4,9920.0586
26640,26700,445.56,1990.5,197.9,9949.8809
26700,26760,446.56,1995.1,196.0,10010.2695
26760,26820,446.33,2000.2,198.9,10030.1436
26820,26880,447.55,2003.7,197.6,10099.3613
26880,26940,447.69,1999.6,195.0,10094.8594
26940,27000,447.68,1996.2,193.4,10104.7217
27000,27060,447.44,1997.2,197.0,10103.1025
27060,27120,444.19,1991.4,194.2,10002.8525
27120,27180,444.66,1991.9,193.3,10072.7119
27180,27240,445.84,1993.4,199.7,10117.0234
27240,27300,441.82,1985.1,197.6,9887.7891
27300,27360,444.03,1987.2,201.6,9969.9541
27360,27420,451.48,1997.5,217.5,10311.5732
27420,27480,447.99,1996.0,206.9,10152.8096
27480,27540,449.14,1997.3,204.0,10292.3838
27540,27600,447.17,1994.2,195.1,10226.6729
27600,27660,445.80,1992.0,195.2,10174.4189
27660,27720,445.86,1991.9,196.2,10181.0391
27720,27780,448.34,1994.9,197.8,10323.5176
27780,27840,450.01,2004.9,234.0,10428.6504
27840,27900,450.18,2015.4,345.5,10414.6045
27900,27960,449.86,2007.8,235.4,10417.1904
27960,28020,447.28,1996.4,211.2,10307.6797
28020,28080,447.25,1996.6,206.4,10323.7422
28080,28140,447.83,1996.3,202.1,10349.2500
28140,28200,454.86,1998.1,204.5,10702.9063
28200,28260,449.32,1996.3,197.5,10436.4541
28260,28320,447.79,1994.3,193.5,10376.3721
28320,28380,447.56,1990.4,190.6,10375.8887
28380,28440,449.55,1992.4,191.5,10464.9561
28440,28500,452.96,1997.0,203.7,10600.7422
28500,28560,451.93,2000.7,212.4,10542.0293
28560,28620,449.38,1999.0,207.0,10524.3848
28620,28680,450.14,1995.3,202.4,10546.1104
28680,28740,448.34,1993.5,195.7,10522.9141
28740,28800,448.07,1992.1,194.0,10544.5039
28800,28860,444.77,1986.1,191.7,10384.6523
28860,28920,443.92,1985.5,192.1,10344.6865
28920,28980,445.24,1988.6,220.6,10398.6279
28980,29040,445.62,1989.0,206.9,10450.2266
29040,29100,445.50,1989.8,203.4,10451.3037
29100,29160,446.06,1988.5,200.4,10460.3340
29160,29220,445.56,1987.2,199.2,10446.0957
29220,29280,448.12,1987.2,198.4,10497.8525
29280,29340,452.06,1994.9,195.2,10697.5420
29340,29400,453.15,2016.6,202.3,10901.6982
29400,29460,452.67,2015.1,204.3,10888.7588
29460,29520,451.93,2011.2,201.3,10846.4150
29520,29580,450.22,2008.6,205.7,10700.5205
29580,29640,452.67,2012.2,203.7,10864.4893
29640,29700,454.93,2018.2,203.7,11065.1055
29700,29760,452.15,2010.4,206.8,10926.9209
29760,29820,455.76,2012.0,205.2,11101.6543
29820,29880,456.91,2012.6,220.5,11076.3525
29880,29940,461.35,2019.2,216.7,11245.9014
29940,30000,456.20,2018.4,213.7,11087.8057
30000,30060,447.19,2000.4,201.5,10586.8828
30060,30120,446.08,1996.9,192.0,10498.1992
30120,30180,446.65,2000.3,196.8,10544.9248
30180,30240,452.05,2010.5,212.2,10827.3252
30240,30300,452.17,2011.3,209.3,10868.9258
30300,30360,449.49,2005.7,209.3,10734.1670
30360,30420,447.75,1997.2,201.2,10611.9404
30420,30480,450.31,2000.6,204.0,10752.3174
30480,30540,449.04,1998.2,194.6,10742.2979
30540,30600,450.70,1998.4,194.7,10885.4336
30600,30660,446.81,1992.0,188.9,10619.1445
30660,30720,447.41,1991.6,191.5,10586.0605
30720,30780,445.82,1992.9,188.5,10469.0547
30780,30840,446.58,1990.7,188.1,10544.9111
30840,30900,446.98,1990.8,188.2,10601.1553
30900,30960,447.62,1990.8,187.1,10659.0479
30960,31020,447.70,1990.4,190.6,10667.6270
31020,31080,448.52,1992.3,188.1,10768.5342
31080,31140,449.86,1992.5,193.1,10821.0771
31140,31200,447.90,1991.8,192.2,10651.3564
31200,31260,449.70,1995.1,195.5,10794.1035
31260,31320,450.05,1995.5,193.7,10873.4492
31320,31380,448.48,1993.3,190.6,10797.0488
31380,31440,445.84,1990.3,188.4,10615.7832
31440,31500,446.89,1990.6,190.0,10697.8945
31500,31560,450.11,1990.4,187.9,10847.2168
31560,31620,445.19,1985.3,187.2,10571.0684
31620,31680,445.93,1987.9,192.8,10623.6689
31680,31740,447.94,1988.7,188.1,10754.2754
31740,31800,445.45,1986.6,187.7,10572.0156
31800,31860,446.04,1986.1,185.9,10558.9043
31860,31920,446.36,1986.2,185.9,10560.8516
31920,31980,445.35,1985.8,185.3,10517.3535
31980,32040,444.57,1984.9,184.7,10456.9023
32040,32100,442.39,1983.4,183.9,10273.7158
32100,32160,440.82,1979.0,182.5,10247.3018
32160,32220,441.67,1979.4,183.9,10263.5596
32220,32280,441.65,1982.8,186.3,10207.3115
32280,32340,442.00,1980.8,187.6,10221.9502
32340,32400,446.19,1981.9,187.7,10488.9443
32400,32460,443.72,1979.8,185.8,10449.4121
32460,32520,441.57,1980.9,181.4,10420.8965
32520,32580,441.92,1980.6,178.6,10540.4629
32580,32640,440.27,1978.5,178.9,10451.7393
32640,32700,443.83,1983.8,182.3,10548.9248
32700,32760,445.38,1988.8,182.6,10603.3965
32760,32820,441.21,1981.9,179.9,10453.8701
32820,32880,442.91,1980.9,179.7,10590.2441
32880,32940,440.75,1980.0,178.4,10608.2793
32940,33000,441.38,1981.2,177.5,10673.9102
33000,33060,442.83,1984.7,178.7,10675.6631
33060,33120,442.86,1986.6,181.1,10675.3105
33120,33180,442.50,1987.0,189.4,10766.2021
33180,33240,444.43,2007.4,200.7,10872.7402
33240,33300,440.99,1992.1,176.8,10743.8438
33300,33360,445.21,2002.1,182.3,10919.5186
33360,33420,451.11,2003.1,186.3,11214.9795
33420,33480,448.18,1999.4,235.2,11094.5332
33480,33540,445.82,1996.5,198.4,10926.7021
33540,33600,443.84,1995.4,187.2,10844.8496
33600,33660,446.74,1996.3,190.4,10972.0518
33660,33720,447.91,1999.8,185.8,10993.3887
33720,33780,445.38,1995.2,182.0,10884.2803
33780,33840,440.65,1985.6,179.1,10643.5918
33840,33900,443.81,1992.2,191.4,10759.5283
33900,33960,442.95,1990.6,184.4,10611.0684
33960,34020,444.31,1992.4,185.6,10688.8496
34020,34080,445.41,1995.8,185.0,10755.6855
34080,34140,453.68,2003.1,193.7,11272.2793
34140,34200,451.90,1999.3,198.4,11257.8301
34200,34260,449.45,1998.5,192.9,11081.3018
34260,34320,447.14,1994.8,188.2,10883.4854
34320,34380,445.70,1996.2,189.4,10760.0820
34380,34440,447.73,2014.2,187.9,10990.8418
34440,34500,446.10,2010.7,185.7,10825.6104
34500,34560,445.00,2001.7,183.1,10745.1797
34560,34620,445.31,1996.4,184.2,10726.4316
34620,34680,444.61,1992.7,183.5,10664.7275
34680,34740,445.25,1994.7,182.3,10678.2881
34740,34800,447.10,2009.6,184.3,10756.2813
34800,34860,443.56,1997.1,186.6,10480.9160
34860,34920,440.11,1984.2,184.2,10277.7158
34920,34980,442.76,1988.7,183.6,10428.2266
34980,35040,447.86,1998.5,194.3,10837.6172
35040,35100,448.84,2000.2,192.9,10855.9961
35100,35160,449.09,1999.3,193.3,10883.7393
35160,35220,446.67,1995.8,191.0,10765.0830
35220,35280,447.86,1999.4,188.6,10927.1904
35280,35340,449.17,2001.8,190.2,11141.9873
35340,35400,450.32,2000.9,191.1,11264.3672
35400,35460,449.40,2006.3,190.0,11170.1797
35460,35520,449.28,2005.5,188.9,11068.8994
35520,35580,451.45,2009.9,187.8,11151.0508
35580,35640,449.33,2001.2,188.0,11007.3643
35640,35700,448.57,1999.7,190.7,10993.7373
35700,35760,447.49,1996.5,191.3,10914.2354
35760,35820,448.82,1996.7,196.9,10940.3887
35820,35880,449.70,1997.4,196.4,10987.8838
35880,35940,450.85,1998.4,195.3,11038.1064
35940,36000,450.63,1997.2,193.3,11020.6973
36000,36060,451.67,2001.0,189.9,11086.6211
36060,36120,453.07,2004.5,192.3,11168.0215
36120,36180,454.63,2007.1,192.6,11281.0088
36180,36240,453.72,2015.7,192.5,11263.9434
36240,36300,452.76,2021.7,194.2,11215.3545
36300,36360,455.13,2023.1,195.3,11323.6143
36360,36420,454.94,2028.8,197.0,11351.5010
36420,36480,454.13,2037.0,198.5,11304.0752
36480,36540,455.63,2039.2,198.3,11401.8594
36540,36600,455.18,2031.4,192.5,11457.6396
36600,36660,456.54,2030.7,193.5,11531.3564
36660,36720,456.50,2028.1,193.9,11562.6436
36720,36780,454.48,2022.6,196.9,11519.5410
36780,36840,455.47,2024.4,204.6,11588.6113
36840,36900,458.51,2029.3,209.7,11683.3115
36900,36960,458.50,2032.3,205.6,11696.9102
36960,37020,457.86,2036.3,199.8,11721.7568
37020,37080,456.58,2031.1,195.1,11723.7998
37080,37140,455.34,2027.5,192.5,11695.7656
37140,37200,455.67,2026.0,191.7,11772.8291
37200,37260,454.42,2023.0,187.1,11825.6338
37260,37320,453.93,2020.6,187.9,11856.2852
37320,37380,453.26,2012.8,186.7,11926.1133
37380,37440,458.07,2017.0,187.6,12082.2656
37440,37500,455.88,2017.5,188.8,12076.9365
37500,37560,455.55,2017.1,188.2,12090.1777
37560,37620,455.25,2014.6,186.1,12131.1748
37620,37680,454.48,2013.0,186.8,12142.1914
37680,37740,455.54,2015.7,186.6,12201.4063
37740,37800,455.06,2016.6,187.0,12272.4160
37800,37860,458.28,2017.0,188.2,12343.2676
37860,37920,458.49,2018.1,187.2,12372.2080
37920,37980,458.63,2023.7,193.2,12423.5430
37980,38040,459.81,2022.3,226.6,12457.7646
38040,38100,458.25,2020.1,193.4,12473.7275
38100,38160,458.40,2019.0,189.5,12499.0605
38160,38220,458.61,2027.2,195.4,12630.8516
38220,38280,458.47,2024.2,191.7,12699.2334
38280,38340,457.68,2018.7,185.3,12717.9297
38340,38400,454.79,2014.8,183.0,12685.4717
38400,38460,450.98,2006.2,176.0,12599.0498
38460,38520,451.60,2007.0,176.1,12634.0391
38520,38580,451.66,2006.2,174.4,12636.5244
38580,38640,452.40,2007.3,176.5,12637.1641
38640,38700,450.45,2004.1,176.0,12510.2363
38700,38760,451.69,2005.8,178.5,12574.1572
38760,38820,453.85,2009.2,180.1,12692.0020
38820,38880,451.74,2007.3,180.1,12573.6504
38880,38940,452.21,2007.8,230.3,12555.8037
38940,39000,452.18,2007.6,332.9,12491.5498
39000,39060,451.99,2007.0,272.9,12486.9873
39060,39120,451.05,2004.3,231.0,12398.7266
39120,39180,452.58,2004.4,231.6,12457.1787
39180,39240,451.95,2001.9,226.7,12362.0498
39240,39300,452.63,2002.1,219.6,12400.5947
39300,39360,453.71,2006.9,212.0,12589.1865
39360,39420,453.67,2007.7,213.3,12569.5957
39420,39480,452.67,2007.6,219.6,12508.2461
39480,39540,454.19,2019.3,203.9,12685.6211
39540,39600,455.86,2023.3,191.9,12936.5967
39600,39660,454.20,2013.1,190.0,12781.9111
39660,39720,453.79,2010.3,192.8,12844.0039
39720,39780,450.95,2003.2,191.2,12536.0186
39780,39840,450.07,2001.0,188.8,12380.1943
39840,39900,452.67,2004.5,191.8,12465.9160
39900,39960,451.38,2001.8,192.0,12347.3369
39960,40020,452.13,2005.5,193.5,12470.5186
40020,40080,454.60,2009.8,196.3,12599.5518
40080,40140,459.77,2013.1,193.1,12850.6104
40140,40200,464.14,2012.8,190.1,12937.1777
40200,40260,460.53,2009.0,196.3,12611.9004
40260,40320,466.12,2024.5,206.1,12844.3086
40320,40380,463.82,2045.6,209.6,12833.2529
40380,40440,461.71,2063.2,206.8,12748.5391
40440,40500,462.39,2041.9,206.9,12710.4424
40500,40560,464.47,2070.1,207.2,12866.0576
40560,40620,466.23,2068.8,208.2,12933.4043
40620,40680,469.52,2033.7,222.9,12807.1074
40680,40740,470.34,2034.4,208.6,12864.6582
40740,40800,470.54,2039.0,196.3,13092.0381
40800,40860,461.48,2018.6,223.2,12861.0488
40860,40920,463.76,2018.5,197.6,12914.2178
40920,40980,457.46,2016.0,184.6,12795.8340
40980,41040,464.46,2021.9,212.8,12848.0000
41040,41100,468.63,2032.8,331.6,12951.0098
41100,41160,463.89,2028.5,300.9,12932.4014
41160,41220,463.14,2029.4,263.3,12981.4883
41220,41280,464.07,2028.9,300.7,13056.1689
41280,41340,465.03,2025.7,243.0,13151.8418
41340,41400,467.04,2025.9,220.2,13244.2783
41400,41460,465.44,2022.3,212.2,13266.7051
41460,41520,464.04,2022.6,236.2,13281.8623
41520,41580,465.03,2034.9,244.2,13243.6230
41580,41640,463.80,2018.0,218.2,13153.0869
41640,41700,462.54,2015.5,219.4,13015.6953
41700,41760,465.85,2023.2,225.8,13159.2979
41760,41820,469.95,2047.9,233.5,13348.8008
41820,41880,464.99,2045.2,213.0,13076.9326
41880,41940,462.59,2041.0,201.7,12988.0996
41940,42000,461.29,2027.4,192.4,12985.5273
42000,42060,465.67,2025.4,191.3,13165.7949
42060,42120,465.92,2021.4,190.6,13357.9375
42120,42180,466.72,2021.9,192.1,13330.2422
42180,42240,474.17,2023.3,228.7,13271.4688
42240,42300,477.30,2025.2,253.3,13408.5303
42300,42360,473.46,2026.5,207.1,13527.2451
42360,42420,468.29,2022.3,216.6,13238.6816
42420,42480,471.23,2024.9,216.6,13243.6240
42480,42540,469.34,2023.7,207.8,13119.8662
42540,42600,465.41,2025.5,203.0,13056.6807
42600,42660,464.48,2027.1,193.9,13013.4521
42660,42720,464.32,2033.6,193.1,12990.4150
42720,42780,463.80,2035.9,191.4,12944.5596
42780,42840,479.37,2035.3,193.9,13497.1650
42840,42900,467.92,2038.0,192.6,13216.7705
42900,42960,466.96,2036.7,191.2,13159.2109
42960,43020,471.21,2037.9,195.7,13229.5967
43020,43080,465.40,2024.3,210.8,12694.3145
43080,43140,460.75,2004.0,220.7,11915.0225
43140,43200,465.10,2007.0,240.4,12086.9365
43200,43260,454.99,1994.6,236.6,11394.5166
43260,43320,454.11,1999.1,266.9,11414.4824
43320,43380,451.67,1998.4,235.6,11258.9248
43380,43440,450.91,1986.7,199.7,11137.9160
43440,43500,452.50,1992.7,217.2,11241.6416
43500,43560,444.81,1980.4,188.1,10785.0781
43560,43620,444.32,1981.0,185.6,10747.7510
43620,43680,447.69,1982.4,198.5,10929.6055
43680,43740,447.90,1984.3,218.0,10881.1211
43740,43800,446.90,1983.3,191.8,10958.5635
43800,43860,448.37,1985.1,191.6,10970.7168
43860,43920,447.27,1985.8,230.9,10889.6357
43920,43980,449.14,1987.4,281.9,10966.0146
43980,44040,447.01,1987.1,206.8,10909.9902
44040,44100,449.84,1987.1,200.0,10894.8887
44100,44160,444.38,1983.1,188.5,10707.7432
44160,44220,453.02,1991.6,214.9,10980.3799
44220,44280,450.41,1989.9,203.2,10943.5088
44280,44340,452.10,1989.6,216.7,10937.9531
44340,44400,449.64,1986.4,208.0,10891.9873
44400,44460,446.99,1981.2,193.9,10821.4229
44460,44520,448.22,1980.8,201.5,10867.0049
44520,44580,446.61,1979.8,201.1,10810.0010
44580,44640,448.65,1980.1,320.7,10764.6367
44640,44700,444.23,1974.6,219.6,10479.5342
44700,44760,444.20,1974.0,204.8,10521.1504
44760,44820,451.28,1979.5,215.6,10861.0391
44820,44880,443.38,1974.7,203.3,10361.0459
44880,44940,449.71,1977.6,220.9,10577.4746
44940,45000,455.43,1983.4,236.3,10946.2354
45000,45060,458.13,1987.8,256.9,10954.3350
45060,45120,454.47,1985.5,228.5,10819.3887
45120,45180,454.18,1985.9,228.2,10887.7832
45180,45240,454.81,1986.5,223.4,10905.2510
45240,45300,451.52,1982.7,214.3,10767.8672
45300,45360,458.03,1985.9,223.6,10992.9922
45360,45420,463.56,1999.0,222.2,11296.7021
45420,45480,457.24,1998.9,224.7,11048.1484
45480,45540,454.87,1997.9,240.7,11038.3555
45540,45600,454.66,1996.1,236.2,11022.8867
45600,45660,459.32,1996.8,237.9,11255.3936
45660,45720,459.01,1999.2,242.6,11237.1670
45720,45780,460.89,2002.7,360.0,11280.9014
45780,45840,470.00,2005.5,349.4,11445.0283
