CampaignData_and_Merges/R0/CSL_MobileLab_Parked/raw/20240809/USOS-PTR_MobileLabGround_20240809_RA.ict
58, 1001
Matthew Coggon, Kelvin Bates, Chelsea Stockwell, Carsten Warneke
NOAA ESRL Chemical Sciences Division
NOAA PTR-ToF-MS
USOS
1,1 
2024, 08, 09, 2023, 08, 12
0
Time_Start, seconds, number of seconds from 00:00 UTC 
22
1, 1, 1, 1, 1, 1, 1, 1, 1, 1, 1, 1, 1, 1, 1, 1, 1, 1, 1, 1, 1, 1
-9999, -9999, -9999, -9999, -9999, -9999, -9999, -9999, -9999, -9999, -9999, -9999, -9999, -9999, -9999, -9999, -9999, -9999, -9999, -9999, -9999, -9999
CH3OH_NOAAPTR_ppbv,  ppbv, Gas_CH3OH_InSitu_S_AVMR, (CH3OH) methanol
CH3CN_NOAAPTR_ppbv,  ppbv, Gas_CH3CN_InSitu_S_AVMR, (CH3CN) acetonitrile
CH3CHO_NOAAPTR_ppbv,  ppbv, Gas_CH3CHO_InSitu_S_AVMR, (CH3CHO) acetaldehyde plus contributions from ethylene glycol and ethylene oxide. Interference from ethanol has been subtracted out.
C2H5OH_NOAAPTR_ppbv,  ppbv, Gas_C2H5OH_InSitu_S_AVMR, (C2H5OH) ethanol
CH3SH_NOAAPTR_ppbv,  ppbv, Gas_CH3SH_InSitu_S_AVMR, (CH3SH) methanethiol, using calibration factor for DMS
Acrolein_NOAAPTR_ppbv,  ppbv, Gas_Acrolein_InSitu_S_AVMR, (C3H4O) acrolein
AcetonePropanal_NOAAPTR_ppbv,  ppbv, Gas_AcetoneAndPropanal_InSitu_S_AVMR, (C3H6O) sum of acetone (dominant isomer) and propanal, using calibration factor for acetone
DMS_NOAAPTR_ppbv,  ppbv, Gas_DMS_InSitu_S_AVMR, (C2H6S) dimethyl sulfide with possible small contributions from ethanethiol
C5H8_NOAAPTR_ppbv,  ppbv, Gas_Isoprene_InSitu_S_AVMR, (C5H8) isoprene and possible fragments from cycloalkanes and aldehydes. Interferences have been subtracted following methods described by Coggon et al (2023)
MVKMAC_NOAAPTR_ppbv,  ppbv, Gas_MVKAndMAC_InSitu_S_AVMR, (C4H6O) sum of methyl vinyl ketone, methacrolein, and small amounts of crotonaldehyde, using weighted calibration factor for MVK (0.637) and MACR (0.363)
Benzene_NOAAPTR_ppbv,  ppbv, Gas_Benzene_InSitu_S_AVMR, (C6H6) benzene
Toluene_NOAAPTR_ppbv,  ppbv, Gas_Toluene_InSitu_S_AVMR, (C7H8) toluene with possible small contributions of fragments from ethyltoluene
Styrene_NOAAPTR_ppbv,  ppbv, Gas_Styrene_InSitu_S_AVMR, (C8H8) styrene
Benzaldehyde_NOAAPTR_ppbv,  ppbv, Gas_Benzaldehyde_InSitu_S_AVMR, (C7H6O) benzaldehyde
C8Aromatics_NOAAPTR_ppbv,  ppbv, Gas_C8Aromatics_InSitu_M_AVMR, (C8H10) sum of m-xylene, p-xylene, o-xylene, and ethyl benzene
C9Aromatics_NOAAPTR_ppbv,  ppbv, Gas_C9Aromatics_InSitu_M_AVMR, (C9H12) sum of C9 aromatics
Naphthalene_NOAAPTR_ppbv,  ppbv, Gas_Naphthalene_InSitu_S_AVMR, (C10H8) naphthalene
Octanal_NOAAPTR_ppbv,  ppbv, Gas_Octanal_InSitu_S_AVMR, (C8H16O) octanal and small amounts of octanone
Monoterpenes_NOAAPTR_ppbv,  ppbv, Gas_Monoterpenes_InSitu_M_AVMR, (C10H16) sum of monoterpenes and possible contributions from fragments of oxygenated monoterpenoids such as eucalyptol.
Nonanal_NOAAPTR_ppbv,  ppbv, Gas_Nonanal_InSitu_M_AVMR, (C9H18O) nonanal and small amounts of nonanone
C7H4ClF3_NOAAPTR_ppbv,  ppbv, Gas_C7H4ClF3_InSitu_S_AVMR, (C7H4ClF3) parachlorobenzotrifluoride
C10H30O5Si5_NOAAPTR_ppbv,  ppbv, Gas_C10H30O5Si5_InSitu_S_AVMR, (C10H30O5Si5) decamethylcyclopentasiloxane
1
SPECIAL COMMENTS:N/A
21
PI_CONTACT_INFO: NOAA ESRL Chemical Sciences Division, Tropospheric Chemistry Group. 325 Broadway, R/CSD7, Boulder, CO 80305
PLATFORM: Mobile Laboratory.
LOCATION: Salt Lake City, UT
ASSOCIATED_DATA: N/A
INSTRUMENT_INFO: NOAA PTR-ToF-MS measurements on NOAA CSL Mobile Lab
DATA_INFO: Units: ppbv
UNCERTAINTY: See OTHER_COMMENTS
ULOD_FLAG: -7777
ULOD_VALUE: N/A
LLOD_FLAG: -8888
LLOD_VALUE: N/A.
DM_CONTACT_INFO: Data Managers: Matt Coggon, Kelvin Bates, Chelsea Stockwell; email: matthew.m.coggon@noaa.gov and kelvin.bates@colorado.edu
PROJECT_INFO: USOS Deployment July-August, 2024
STIPULATIONS_ON_USE: Use of these data require prior OK from PI.
OTHER_COMMENTS: Uncertainties:
CH3OH_NOAAPTR_ppbv:30%; CH3CN_NOAAPTR_ppbv:30%; CH3CHO_NOAAPTR_ppbv:30%; C2H5OH_NOAAPTR_ppbv:30%; CH3SH_NOAAPTR_ppbv:50%; Acrolein_NOAAPTR_ppbv:30%; AcetonePropanal_NOAAPTR_ppbv:30%; DMS_NOAAPTR_ppbv:30%; C5H8_NOAAPTR_ppbv:30%; MVKMAC_NOAAPTR_ppbv:30%; 
Benzene_NOAAPTR_ppbv:30%; Toluene_NOAAPTR_ppbv:30%; Styrene_NOAAPTR_ppbv:30%; Benzaldehyde_NOAAPTR_ppbv:30%; C8Aromatics_NOAAPTR_ppbv:30%; C9Aromatics_NOAAPTR_ppbv:30%; Naphthalene_NOAAPTR_ppbv:30%; Octanal_NOAAPTR_ppbv:30%; Monoterpenes_NOAAPTR_ppbv:30%; Nonanal_NOAAPTR_ppbv:30%; 
C7H4ClF3_NOAAPTR_ppbv:30%; C10H30O5Si5_NOAAPTR_ppbv:30%; 
REVISION: RA
RA: Field Data
Time_Start, CH3OH_NOAAPTR_ppbv, CH3CN_NOAAPTR_ppbv, CH3CHO_NOAAPTR_ppbv, C2H5OH_NOAAPTR_ppbv, CH3SH_NOAAPTR_ppbv, Acrolein_NOAAPTR_ppbv, AcetonePropanal_NOAAPTR_ppbv, DMS_NOAAPTR_ppbv, C5H8_NOAAPTR_ppbv, MVKMAC_NOAAPTR_ppbv, Benzene_NOAAPTR_ppbv, Toluene_NOAAPTR_ppbv, Styrene_NOAAPTR_ppbv, Benzaldehyde_NOAAPTR_ppbv, C8Aromatics_NOAAPTR_ppbv, C9Aromatics_NOAAPTR_ppbv, Naphthalene_NOAAPTR_ppbv, Octanal_NOAAPTR_ppbv, Monoterpenes_NOAAPTR_ppbv, Nonanal_NOAAPTR_ppbv, C7H4ClF3_NOAAPTR_ppbv, C10H30O5Si5_NOAAPTR_ppbv
[from data line 1236]
74160.0, 11.43572, 0.23828, 0.74801, 1.41128, 0.00116, 0.14145, 3.23858, 0.00458, 0.41884, 0.27827, 0.05683, 0.27443, 0.01191, -9999.00000, 0.07150, 0.03075, -0.00997, 0.02521, 0.07536, 0.02992, 0.01411, 0.00441 
74220.0, 5.38816, 0.21913, 0.88659, 1.62920, -0.00088, 0.12751, 3.16511, 0.00351, 0.35084, 0.29432, 0.11004, 0.18564, 0.00623, -9999.00000, 0.07439, 0.02268, -0.00182, 0.01543, 0.08689, 0.02513, 0.02225, -0.00101 
74280.0, 6.27195, 0.19874, 0.82088, 1.31031, 0.00008, 0.12744, 3.00987, 0.00826, 0.24090, 0.36050, 0.03250, 0.10193, 0.00807, -9999.00000, 0.06592, 0.02859, 0.00056, 0.01602, 0.05344, 0.01130, 0.02797, 0.00129 
74340.0, 7.04691, 0.22166, 1.07612, 4.97202, 0.00213, 0.13842, 3.21575, 0.00134, 0.31098, 0.37632, 0.16575, 0.80754, 0.03134, -9999.00000, 0.36427, 0.14900, 0.01165, 0.02268, 0.07707, 0.04292, 0.02851, 0.00307 
74400.0, 6.40191, 0.23414, 0.98611, 2.00612, -0.00088, 0.13356, 3.18567, 0.00488, 0.33757, 0.39001, 0.05988, 0.14923, 0.01509, -9999.00000, 0.07959, 0.03602, 0.00399, 0.02381, 0.08051, 0.02037, 0.04445, 0.00213 
74460.0, 43.26153, 0.23467, 1.13727, 2.32443, 0.00135, 0.15234, 3.21801, -0.00063, 0.37796, 0.40597, 0.07340, 0.13510, 0.00160, -9999.00000, 0.08602, 0.03830, -0.00589, 0.02251, 0.09782, 0.02748, 0.04477, 0.00369 
74520.0, 7.01497, 0.22006, 1.06159, 2.70986, -0.00054, 0.14983, 3.22227, -0.00063, 0.30603, 0.42053, 0.05844, 0.16222, 0.02418, -9999.00000, 0.08621, 0.03676, 0.00206, 0.02369, 0.09367, 0.01929, 0.06877, 0.00407 
74580.0, 7.31802, 0.22644, 1.31229, 2.86948, -0.00028, 0.14437, 3.33098, 0.00081, 0.47116, 0.38868, 0.08395, 0.22506, 0.00743, -9999.00000, 0.11364, 0.04434, 0.00274, 0.02095, 0.10030, 0.01624, 0.02779, 0.00198 
74640.0, 6.59188, 0.19986, 1.29320, 2.35049, 0.00172, 0.15534, 3.30754, 0.01438, 0.40433, 0.41890, 0.09167, 0.20966, 0.01037, -9999.00000, 0.13208, 0.05603, -0.00290, 0.02415, 0.11117, 0.02497, 0.03597, 0.00501 
74700.0, 6.54375, 0.20611, 1.19438, 3.81658, 0.00126, 0.13851, 3.43231, 0.00455, 0.51209, 0.40313, 0.04976, 0.20697, 0.02487, -9999.00000, 0.12024, 0.05047, -0.00763, 0.01990, 0.12167, 0.02975, 0.03357, 0.00479 
74760.0, 6.22328, 0.22211, 1.27370, 2.57568, 0.00209, 0.16317, 3.50385, 0.00564, 0.41005, 0.38954, 0.06850, 0.15055, 0.00683, -9999.00000, 0.10839, 0.03363, -0.00120, 0.02852, 0.08771, 0.02540, 0.03397, 0.00257 
74820.0, 6.15984, 0.21671, 1.06214, 2.51288, 0.00038, 0.13431, 3.54560, 0.01168, 0.24332, 0.35106, 0.07184, 0.17982, 0.00061, -9999.00000, 0.07061, 0.02758, -0.01004, 0.01154, 0.05873, 0.01228, 0.02152, -0.00024 
74880.0, 6.38642, 0.22284, 1.23470, 3.75745, 0.00130, 0.14998, 3.58652, 0.00519, 0.31494, 0.38414, 0.04027, 0.20495, -0.00239, -9999.00000, 0.10547, 0.04627, -0.00447, 0.01172, 0.08105, 0.03887, 0.03874, 0.00288 
74940.0, 7.30291, 0.22477, 1.36696, 2.89052, -0.00035, 0.17291, 3.73690, -0.00063, 0.42945, 0.39859, 0.06219, 0.21406, -0.00602, -9999.00000, 0.10277, 0.04130, 0.00712, 0.03377, 0.12073, 0.03152, 0.02860, 0.00181 
75000.0, 5.90179, 0.23188, 0.96228, 1.89002, 0.00264, 0.11667, 3.28080, 0.00188, 0.21148, 0.36994, 0.06624, 0.13380, 0.00602, -9999.00000, 0.07949, 0.03221, -0.00073, 0.01744, 0.06290, 0.02680, 0.03355, 0.00305 
75060.0, 5.87992, 0.24137, 1.13793, 2.42962, -0.00022, 0.14195, 3.30059, 0.00323, 0.38483, 0.40857, 0.02965, 0.14895, 0.01440, -9999.00000, 0.08011, 0.03503, -0.00020, 0.02985, 0.08172, 0.02576, 0.02085, 0.00292 
75120.0, 6.58603, 0.22542, 1.40612, 2.75816, 0.00272, 0.17678, 3.59706, 0.00589, 0.36015, 0.45414, 0.09584, 0.19077, 0.00957, -9999.00000, 0.08231, 0.03172, 0.00183, 0.02795, 0.07889, 0.03083, 0.02434, 0.00127 
75180.0, 6.77563, 0.22987, 1.32604, 3.29646, 0.00306, 0.17647, 3.46253, 0.00303, 0.31050, 0.44831, 0.07083, 0.22780, 0.02715, -9999.00000, 0.09249, 0.04600, -0.00793, 0.00644, 0.09874, 0.03911, 0.01794, 0.00203 
75240.0, 6.64504, 0.24273, 1.26994, 2.89444, 0.00201, 0.13527, 3.51132, 0.00100, 0.39212, 0.43196, 0.05671, 0.19595, 0.01727, -9999.00000, 0.09411, 0.03008, -0.01009, 0.00775, 0.09548, 0.02772, 0.01179, 0.00035 
75300.0, 6.68814, 0.22132, -9999.00000, 2.92374, 0.00070, 0.15903, 3.45681, 0.01267, -9999.00000, 0.41628, 0.11389, 0.37147, 0.02625, -9999.00000, 0.15669, 0.05031, 0.00007, 0.01932, 0.08260, 0.03818, 0.01148, 0.00131 
75360.0, -9999.00000, -9999.00000, -9999.00000, -9999.00000, -9999.00000, -9999.00000, -9999.00000, -9999.00000, -9999.00000, -9999.00000, -9999.00000, -9999.00000, -9999.00000, -9999.00000, -9999.00000, -9999.00000, -9999.00000, -9999.00000, -9999.00000, -9999.00000, -9999.00000, -9999.00000 
75420.0, -9999.00000, -9999.00000, -9999.00000, -9999.00000, -9999.00000, -9999.00000, -9999.00000, -9999.00000, -9999.00000, -9999.00000, -9999.00000, -9999.00000, -9999.00000, -9999.00000, -9999.00000, -9999.00000, -9999.00000, -9999.00000, -9999.00000, -9999.00000, -9999.00000, -9999.00000 
75480.0, -9999.00000, -9999.00000, -9999.00000, -9999.00000, -9999.00000, -9999.00000, -9999.00000, -9999.00000, -9999.00000, -9999.00000, -9999.00000, -9999.00000, -9999.00000, -9999.00000, -9999.00000, -9999.00000, -9999.00000, -9999.00000, -9999.00000, -9999.00000, -9999.00000, -9999.00000 
75540.0, -9999.00000, -9999.00000, -9999.00000, -9999.00000, -9999.00000, -9999.00000, -9999.00000, -9999.00000, -9999.00000, -9999.00000, -9999.00000, -9999.00000, -9999.00000, -9999.00000, -9999.00000, -9999.00000, -9999.00000, -9999.00000, -9999.00000, -9999.00000, -9999.00000, -9999.00000 
75600.0, 5.90450, 0.23443, -9999.00000, 1.20070, -0.00040, 0.12885, 3.14786, -0.00063, -9999.00000, 0.38778, 0.04936, 0.10085, 0.00739, -9999.00000, 0.04876, 0.02143, -0.01012, 0.01571, 0.05206, 0.01387, 0.02134, 0.00025 
75660.0, 6.60077, 0.23428, 0.95138, 1.28711, -0.00088, 0.14765, 3.20230, -0.00063, 0.26911, 0.38099, 0.05559, 0.10690, 0.01120, -9999.00000, 0.05574, 0.01952, 0.00089, 0.02573, 0.07004, 0.02641, 0.01895, 0.00145 
75720.0, 5.65744, 0.21187, 0.84654, 1.15280, 0.00158, 0.15153, 3.14932, -0.00063, 0.12724, 0.39001, 0.10257, 0.11340, -0.00597, -9999.00000, 0.05427, 0.02029, 0.00931, 0.02397, 0.03074, 0.01380, 0.03148, -0.00006 
75780.0, 5.87786, 0.21718, 1.02764, 1.26436, 0.00125, 0.14542, 3.32247, 0.00664, 0.46904, 0.41583, 0.07738, 0.11377, 0.01345, -9999.00000, 0.06156, 0.02500, 0.01111, 0.04035, 0.10355, 0.04544, 0.01816, 0.00114 
75840.0, 6.24236, 0.23812, 0.94404, 1.17589, 0.00116, 0.17614, 3.23341, 0.00735, 0.46550, 0.42757, 0.04114, 0.11295, 0.00241, -9999.00000, 0.06953, 0.02352, -0.00490, 0.00903, 0.11151, 0.03983, 0.02666, 0.00203 
75900.0, 6.26922, 0.21147, 1.39007, 1.45837, 0.00162, 0.16551, 3.33024, 0.00592, 0.65618, 0.48794, 0.06985, 0.14872, 0.00669, -9999.00000, 0.08174, 0.02088, -0.00344, 0.03313, 0.08070, 0.03771, 0.03658, 0.00257 
75960.0, 5.45157, 0.22306, 0.99211, 1.27440, 0.00037, 0.13817, 3.28627, -0.00063, 0.21968, 0.42256, 0.04507, 0.10152, 0.00659, -9999.00000, 0.05040, 0.02605, -0.00138, 0.01197, 0.04063, 0.02235, 0.02793, 0.00219 
76020.0, 5.56859, 0.21618, 0.84579, 0.99391, 0.00009, 0.09645, 3.03970, -0.00054, 0.21070, 0.41078, 0.04962, 0.08711, 0.01104, -9999.00000, 0.05200, 0.01328, -0.01017, 0.02078, 0.05809, 0.02143, 0.01520, 0.00068 
76080.0, 5.55134, 0.20556, 0.92023, 1.49604, 0.00083, 0.12965, 3.21266, 0.00754, 0.52614, 0.45755, 0.05786, 0.10041, -0.00605, -9999.00000, 0.05563, 0.01862, -0.00177, 0.01891, 0.07997, 0.02013, 0.01361, 0.00214 
76140.0, 7.08526, 0.22405, 1.27507, 1.04801, 0.00240, 0.21436, 3.28576, 0.01197, 0.52600, 0.40806, 0.03526, 0.10193, 0.01036, -9999.00000, 0.07239, 0.02751, -0.00421, 0.01349, 0.11435, 0.01531, 0.01354, 0.00095 
76200.0, 6.76906, 0.24129, 1.06641, 1.36598, 0.00181, 0.12433, 3.10346, -0.00063, 0.17576, 0.35751, 0.05032, 0.11607, 0.00883, -9999.00000, 0.07160, 0.03309, -0.00531, 0.03107, 0.16534, 0.01293, 0.01379, -0.00060 
76260.0, 7.82047, 0.22904, 1.28934, 1.82304, 0.00174, 0.17056, 3.34904, -0.00063, 0.39201, 0.46002, 0.08445, 0.16893, 0.00075, -9999.00000, 0.10118, 0.04333, -0.00043, 0.01876, 0.18563, 0.02392, 0.00619, 0.00172 
76320.0, 6.30556, 0.22534, 1.05288, 1.80122, -0.00067, 0.12640, 3.23102, 0.00410, 0.57696, 0.46217, 0.08043, 0.12009, -0.00606, -9999.00000, 0.08498, 0.02162, 0.00245, 0.02057, 0.09828, 0.02191, 0.00436, 0.00250 
76380.0, 6.65878, 0.22561, 1.07605, 1.79675, -0.00087, 0.15171, 3.08662, -0.00063, 0.60082, 0.46804, 0.09480, 0.17263, 0.01387, -9999.00000, 0.08673, 0.03551, -0.00843, 0.01725, 0.10407, 0.02175, 0.00765, 0.00424 
76440.0, 7.17054, 0.23312, 1.34512, 4.28692, 0.00285, 0.21013, 3.21385, -0.00063, 0.63391, 0.51882, 0.21119, 0.29572, 0.01820, -9999.00000, 0.13199, 0.04914, -0.00058, 0.03774, 0.35912, 0.02199, 0.00376, 0.00327 
76500.0, 5.14931, 0.22540, 0.88091, 1.07733, 0.00121, 0.13043, 3.00935, -0.00063, 0.31895, 0.47706, 0.01403, 0.10044, 0.00384, -9999.00000, 0.07365, 0.02870, -0.00182, 0.03741, 0.07398, 0.02620, 0.00700, 0.00073 
76560.0, 5.69676, 0.21544, 0.83690, 0.89124, -0.00020, 0.14281, 3.00841, -0.00063, 0.28298, 0.43163, 0.04667, 0.07944, 0.00477, -9999.00000, 0.05358, 0.02755, 0.00564, 0.01597, 0.05995, 0.01879, 0.00864, -0.00120 
76620.0, 6.91176, 0.20657, 1.18147, 5.47252, 0.00093, 0.18174, 3.17534, 0.00248, 0.78384, 0.53649, 0.18190, 0.35634, 0.00872, -9999.00000, 0.12196, 0.03161, 0.00104, 0.02448, 0.12226, 0.01835, 0.00781, 0.00101 
76680.0, 6.19733, 0.22179, 1.18759, 1.37809, -0.00087, 0.15831, 3.23909, 0.00104, 0.96324, 0.59964, 0.09625, 0.17503, 0.00927, -9999.00000, 0.08982, 0.03308, 0.01056, 0.01831, 0.20099, 0.03496, 0.00594, 0.00363 
76740.0, 6.81972, 0.20644, 1.30138, 2.01073, 0.00308, 0.18365, 3.09536, -0.00047, 0.72070, 0.57827, 0.10710, 0.16144, -0.00607, -9999.00000, 0.09581, 0.04834, 0.00003, 0.04708, 0.40452, 0.04306, 0.00561, 0.00314 
76800.0, 4.93145, 0.19870, 0.77173, 0.88074, 0.00111, 0.11661, 2.46623, 0.00165, 0.30948, 0.39366, 0.04818, 0.08303, 0.00455, -9999.00000, 0.04294, 0.02030, 0.00425, 0.02119, 0.08615, 0.01523, 0.00846, 0.00370 
76860.0, 5.33994, 0.22271, 0.94573, 1.73644, -0.00087, 0.14057, 2.76510, 0.00193, 0.63266, 0.50744, 0.04026, 0.11611, 0.01273, -9999.00000, 0.06801, 0.03562, -0.00529, 0.01610, 0.11770, 0.01638, 0.00987, 0.00189 
76920.0, 5.21077, 0.20629, 0.81509, 1.14545, -0.00062, 0.11151, 2.34295, 0.00594, 0.25680, 0.38976, 0.06440, 0.10127, -0.00608, -9999.00000, 0.04645, 0.02117, -0.00606, 0.02113, 0.11196, 0.02262, 0.01011, -0.00029 
76980.0, 5.07059, 0.20712, 1.09317, 1.90383, 0.00387, 0.12178, 2.43232, -0.00063, 0.39883, 0.43524, 0.10267, 0.14579, 0.02002, -9999.00000, 0.09931, 0.03848, 0.00436, 0.02733, 0.21768, 0.01999, 0.00723, 0.00321 
77040.0, 4.86795, 0.20025, 0.83915, 1.07867, 0.00062, 0.12099, 2.17008, -0.00063, 0.33017, 0.37999, 0.07706, 0.11678, -0.00608, -9999.00000, 0.05001, 0.02189, -0.00522, 0.03784, 0.09726, 0.01354, 0.00278, 0.00093 
77100.0, 3.12658, 0.17413, 0.73855, 1.44083, 0.00057, 0.10159, 1.75944, 0.00277, 0.37149, 0.26570, 0.03084, 0.09852, 0.00776, -9999.00000, 0.05654, 0.02785, 0.00661, 0.01999, 0.09147, 0.02310, 0.00554, 0.00027 
77160.0, 23.88286, 0.18066, 0.92864, 1.96713, -0.00049, 0.12089, 1.62405, 0.00464, 0.35973, 0.23119, 0.15294, 0.18999, 0.02324, -9999.00000, 0.13893, 0.05635, 0.00387, 0.03520, 0.17338, 0.02340, 0.00414, 0.00151 
77220.0, 3.58022, 0.17116, 0.63828, 0.90341, 0.00369, 0.08514, 1.41372, -0.00007, 0.26091, 0.18181, 0.05059, 0.06791, 0.00837, -9999.00000, 0.05524, 0.03278, 0.00150, 0.03193, 0.12541, 0.01502, 0.00495, 0.00467 
77280.0, 2.83200, 0.16201, 0.55422, 0.85832, -0.00087, 0.08023, 1.38268, -0.00063, 0.28482, 0.18077, 0.02456, 0.07089, -0.00609, -9999.00000, 0.04738, 0.02161, 0.00424, 0.01916, 0.08162, 0.01772, 0.00156, 0.00146 
77340.0, 3.40270, 0.15880, 0.71348, 1.27259, 0.00425, 0.08843, 1.44906, -0.00063, 0.45320, 0.18644, 0.06781, 0.08868, 0.01030, -9999.00000, 0.05349, 0.02512, 0.00974, 0.02311, 0.09880, 0.01472, 0.00104, 0.00085 
77400.0, 2.99817, 0.15414, 0.58271, 1.41422, 0.00089, 0.10089, 1.47003, -0.00012, 0.39095, 0.18174, 0.10117, 0.10016, 0.01412, -9999.00000, 0.04755, 0.02783, 0.00458, 0.03924, 0.17856, 0.03608, 0.00610, 0.00215 
77460.0, 3.30714, 0.17714, 0.55544, 0.80586, 0.00122, 0.08436, 1.48956, 0.00872, 0.24820, 0.21395, 0.04344, 0.10112, 0.01091, -9999.00000, 0.04328, 0.01492, 0.00191, 0.01516, 0.17069, 0.03429, 0.00870, 0.00160 
77520.0, 2.92739, 0.17500, 0.50240, 0.88388, -0.00052, 0.09371, 1.46459, -0.00062, 0.25384, 0.20834, 0.06333, 0.10242, 0.00397, -9999.00000, 0.04233, 0.01654, 0.00049, 0.01793, 0.12030, 0.02071, 0.01345, 0.00158 
77580.0, 2.80648, 0.17281, 0.66646, 1.33557, -0.00056, 0.10203, 1.51951, 0.00726, 0.50672, 0.21702, 0.08934, 0.12725, 0.01282, -9999.00000, 0.05227, 0.02089, 0.00598, 0.02205, 0.13130, 0.03264, 0.01862, 0.00101 
77640.0, 3.81001, 0.18400, -9999.00000, 0.78495, 0.00260, 0.09411, 1.34405, 0.00013, -9999.00000, 0.16058, 0.07675, 0.09724, 0.00501, -9999.00000, 0.04079, 0.02874, 0.00729, 0.01638, 0.21485, 0.01571, 0.00476, 0.00088 
77700.0, -9999.00000, -9999.00000, -9999.00000, -9999.00000, -9999.00000, -9999.00000, -9999.00000, -9999.00000, -9999.00000, -9999.00000, -9999.00000, -9999.00000, -9999.00000, -9999.00000, -9999.00000, -9999.00000, -9999.00000, -9999.00000, -9999.00000, -9999.00000, -9999.00000, -9999.00000 
77760.0, -9999.00000, -9999.00000, -9999.00000, -9999.00000, -9999.00000, -9999.00000, -9999.00000, -9999.00000, -9999.00000, -9999.00000, -9999.00000, -9999.00000, -9999.00000, -9999.00000, -9999.00000, -9999.00000, -9999.00000, -9999.00000, -9999.00000, -9999.00000, -9999.00000, -9999.00000 
77820.0, -9999.00000, -9999.00000, -9999.00000, -9999.00000, -9999.00000, -9999.00000, -9999.00000, -9999.00000, -9999.00000, -9999.00000, -9999.00000, -9999.00000, -9999.00000, -9999.00000, -9999.00000, -9999.00000, -9999.00000, -9999.00000, -9999.00000, -9999.00000, -9999.00000, -9999.00000 
77880.0, -9999.00000, -9999.00000, -9999.00000, -9999.00000, -9999.00000, -9999.00000, -9999.00000, -9999.00000, -9999.00000, -9999.00000, -9999.00000, -9999.00000, -9999.00000, -9999.00000, -9999.00000, -9999.00000, -9999.00000, -9999.00000, -9999.00000, -9999.00000, -9999.00000, -9999.00000 
77940.0, -9999.00000, -9999.00000, -9999.00000, -9999.00000, -9999.00000, -9999.00000, -9999.00000, -9999.00000, -9999.00000, -9999.00000, -9999.00000, -9999.00000, -9999.00000, -9999.00000, -9999.00000, -9999.00000, -9999.00000, -9999.00000, -9999.00000, -9999.00000, -9999.00000, -9999.00000 
78000.0, -9999.00000, -9999.00000, -9999.00000, -9999.00000, -9999.00000, -9999.00000, -9999.00000, -9999.00000, -9999.00000, -9999.00000, -9999.00000, -9999.00000, -9999.00000, -9999.00000, -9999.00000, -9999.00000, -9999.00000, -9999.00000, -9999.00000, -9999.00000, -9999.00000, -9999.00000 
78060.0, -9999.00000, -9999.00000, -9999.00000, -9999.00000, -9999.00000, -9999.00000, -9999.00000, -9999.00000, -9999.00000, -9999.00000, -9999.00000, -9999.00000, -9999.00000, -9999.00000, -9999.00000, -9999.00000, -9999.00000, -9999.00000, -9999.00000, -9999.00000, -9999.00000, -9999.00000 
78120.0, -9999.00000, -9999.00000, -9999.00000, -9999.00000, -9999.00000, -9999.00000, -9999.00000, -9999.00000, -9999.00000, -9999.00000, -9999.00000, -9999.00000, -9999.00000, -9999.00000, -9999.00000, -9999.00000, -9999.00000, -9999.00000, -9999.00000, -9999.00000, -9999.00000, -9999.00000 
78180.0, -9999.00000, -9999.00000, -9999.00000, -9999.00000, -9999.00000, -9999.00000, -9999.00000, -9999.00000, -9999.00000, -9999.00000, -9999.00000, -9999.00000, -9999.00000, -9999.00000, -9999.00000, -9999.00000, -9999.00000, -9999.00000, -9999.00000, -9999.00000, -9999.00000, -9999.00000 
78240.0, -9999.00000, -9999.00000, -9999.00000, -9999.00000, -9999.00000, -9999.00000, -9999.00000, -9999.00000, -9999.00000, -9999.00000, -9999.00000, -9999.00000, -9999.00000, -9999.00000, -9999.00000, -9999.00000, -9999.00000, -9999.00000, -9999.00000, -9999.00000, -9999.00000, -9999.00000 
