CampaignData_and_Merges/R0/CSL_MobileLab_Parked/raw/20240809/USOS-PTR_MobileLabGround_20240809_RA.ict
58, 1001
Matthew Coggon, Kelvin Bates, Chelsea Stockwell, Carsten Warneke
NOAA ESRL Chemical Sciences Division
NOAA PTR-ToF-MS
USOS
1,1 
2024, 08, 09, 2023, 08, 12
0
Time_Start, seconds, number of seconds from 00:00 UTC 
22
1, 1, 1, 1, 1, 1, 1, 1, 1, 1, 1, 1, 1, 1, 1, 1, 1, 1, 1, 1, 1, 1
-9999, -9999, -9999, -9999, -9999, -9999, -9999, -9999, -9999, -9999, -9999, -9999, -9999, -9999, -9999, -9999, -9999, -9999, -9999, -9999, -9999, -9999
CH3OH_NOAAPTR_ppbv,  ppbv, Gas_CH3OH_InSitu_S_AVMR, (CH3OH) methanol
CH3CN_NOAAPTR_ppbv,  ppbv, Gas_CH3CN_InSitu_S_AVMR, (CH3CN) acetonitrile
CH3CHO_NOAAPTR_ppbv,  ppbv, Gas_CH3CHO_InSitu_S_AVMR, (CH3CHO) acetaldehyde plus contributions from ethylene glycol and ethylene oxide. Interference from ethanol has been subtracted out.
C2H5OH_NOAAPTR_ppbv,  ppbv, Gas_C2H5OH_InSitu_S_AVMR, (C2H5OH) ethanol
CH3SH_NOAAPTR_ppbv,  ppbv, Gas_CH3SH_InSitu_S_AVMR, (CH3SH) methanethiol, using calibration factor for DMS
Acrolein_NOAAPTR_ppbv,  ppbv, Gas_Acrolein_InSitu_S_AVMR, (C3H4O) acrolein
AcetonePropanal_NOAAPTR_ppbv,  ppbv, Gas_AcetoneAndPropanal_InSitu_S_AVMR, (C3H6O) sum of acetone (dominant isomer) and propanal, using calibration factor for acetone
DMS_NOAAPTR_ppbv,  ppbv, Gas_DMS_InSitu_S_AVMR, (C2H6S) dimethyl sulfide with possible small contributions from ethanethiol
C5H8_NOAAPTR_ppbv,  ppbv, Gas_Isoprene_InSitu_S_AVMR, (C5H8) isoprene and possible fragments from cycloalkanes and aldehydes. Interferences have been subtracted following methods described by Coggon et al (2023)
MVKMAC_NOAAPTR_ppbv,  ppbv, Gas_MVKAndMAC_InSitu_S_AVMR, (C4H6O) sum of methyl vinyl ketone, methacrolein, and small amounts of crotonaldehyde, using weighted calibration factor for MVK (0.637) and MACR (0.363)
Benzene_NOAAPTR_ppbv,  ppbv, Gas_Benzene_InSitu_S_AVMR, (C6H6) benzene
Toluene_NOAAPTR_ppbv,  ppbv, Gas_Toluene_InSitu_S_AVMR, (C7H8) toluene with possible small contributions of fragments from ethyltoluene
Styrene_NOAAPTR_ppbv,  ppbv, Gas_Styrene_InSitu_S_AVMR, (C8H8) styrene
Benzaldehyde_NOAAPTR_ppbv,  ppbv, Gas_Benzaldehyde_InSitu_S_AVMR, (C7H6O) benzaldehyde
C8Aromatics_NOAAPTR_ppbv,  ppbv, Gas_C8Aromatics_InSitu_M_AVMR, (C8H10) sum of m-xylene, p-xylene, o-xylene, and ethyl benzene
C9Aromatics_NOAAPTR_ppbv,  ppbv, Gas_C9Aromatics_InSitu_M_AVMR, (C9H12) sum of C9 aromatics
Naphthalene_NOAAPTR_ppbv,  ppbv, Gas_Naphthalene_InSitu_S_AVMR, (C10H8) naphthalene
Octanal_NOAAPTR_ppbv,  ppbv, Gas_Octanal_InSitu_S_AVMR, (C8H16O) octanal and small amounts of octanone
Monoterpenes_NOAAPTR_ppbv,  ppbv, Gas_Monoterpenes_InSitu_M_AVMR, (C10H16) sum of monoterpenes and possible contributions from fragments of oxygenated monoterpenoids such as eucalyptol.
Nonanal_NOAAPTR_ppbv,  ppbv, Gas_Nonanal_InSitu_M_AVMR, (C9H18O) nonanal and small amounts of nonanone
C7H4ClF3_NOAAPTR_ppbv,  ppbv, Gas_C7H4ClF3_InSitu_S_AVMR, (C7H4ClF3) parachlorobenzotrifluoride
C10H30O5Si5_NOAAPTR_ppbv,  ppbv, Gas_C10H30O5Si5_InSitu_S_AVMR, (C10H30O5Si5) decamethylcyclopentasiloxane
1
SPECIAL COMMENTS:N/A
21
PI_CONTACT_INFO: NOAA ESRL Chemical Sciences Division, Tropospheric Chemistry Group. 325 Broadway, R/CSD7, Boulder, CO 80305
PLATFORM: Mobile Laboratory.
LOCATION: Salt Lake City, UT
ASSOCIATED_DATA: N/A
INSTRUMENT_INFO: NOAA PTR-ToF-MS measurements on NOAA CSL Mobile Lab
DATA_INFO: Units: ppbv
UNCERTAINTY: See OTHER_COMMENTS
ULOD_FLAG: -7777
ULOD_VALUE: N/A
LLOD_FLAG: -8888
LLOD_VALUE: N/A.
DM_CONTACT_INFO: Data Managers: Matt Coggon, Kelvin Bates, Chelsea Stockwell; email: matthew.m.coggon@noaa.gov and kelvin.bates@colorado.edu
PROJECT_INFO: USOS Deployment July-August, 2024
STIPULATIONS_ON_USE: Use of these data require prior OK from PI.
OTHER_COMMENTS: Uncertainties:
CH3OH_NOAAPTR_ppbv:30%; CH3CN_NOAAPTR_ppbv:30%; CH3CHO_NOAAPTR_ppbv:30%; C2H5OH_NOAAPTR_ppbv:30%; CH3SH_NOAAPTR_ppbv:50%; Acrolein_NOAAPTR_ppbv:30%; AcetonePropanal_NOAAPTR_ppbv:30%; DMS_NOAAPTR_ppbv:30%; C5H8_NOAAPTR_ppbv:30%; MVKMAC_NOAAPTR_ppbv:30%; 
Benzene_NOAAPTR_ppbv:30%; Toluene_NOAAPTR_ppbv:30%; Styrene_NOAAPTR_ppbv:30%; Benzaldehyde_NOAAPTR_ppbv:30%; C8Aromatics_NOAAPTR_ppbv:30%; C9Aromatics_NOAAPTR_ppbv:30%; Naphthalene_NOAAPTR_ppbv:30%; Octanal_NOAAPTR_ppbv:30%; Monoterpenes_NOAAPTR_ppbv:30%; Nonanal_NOAAPTR_ppbv:30%; 
C7H4ClF3_NOAAPTR_ppbv:30%; C10H30O5Si5_NOAAPTR_ppbv:30%; 
REVISION: RA
RA: Field Data
Time_Start, CH3OH_NOAAPTR_ppbv, CH3CN_NOAAPTR_ppbv, CH3CHO_NOAAPTR_ppbv, C2H5OH_NOAAPTR_ppbv, CH3SH_NOAAPTR_ppbv, Acrolein_NOAAPTR_ppbv, AcetonePropanal_NOAAPTR_ppbv, DMS_NOAAPTR_ppbv, C5H8_NOAAPTR_ppbv, MVKMAC_NOAAPTR_ppbv, Benzene_NOAAPTR_ppbv, Toluene_NOAAPTR_ppbv, Styrene_NOAAPTR_ppbv, Benzaldehyde_NOAAPTR_ppbv, C8Aromatics_NOAAPTR_ppbv, C9Aromatics_NOAAPTR_ppbv, Naphthalene_NOAAPTR_ppbv, Octanal_NOAAPTR_ppbv, Monoterpenes_NOAAPTR_ppbv, Nonanal_NOAAPTR_ppbv, C7H4ClF3_NOAAPTR_ppbv, C10H30O5Si5_NOAAPTR_ppbv
[from data line 581]
34860.0, 9.75700, 0.31396, 1.37104, 2.91096, -0.00087, 0.20100, 3.48364, 0.00088, 0.16591, 0.44264, 0.10261, 0.18639, 0.01106, -9999.00000, 0.09287, 0.03998, -0.00918, 0.03040, 0.05228, 0.03805, 0.00609, 0.00249 
34920.0, 9.64953, 0.31624, 1.44727, 3.50046, 0.00203, 0.22043, 3.57598, -0.00128, 0.19356, 0.41797, 0.12447, 0.19100, 0.00040, -9999.00000, 0.10031, 0.04399, -0.00425, 0.02440, 0.10297, 0.04108, 0.00885, 0.00215 
34980.0, 10.05058, 0.34292, 1.82243, 4.77788, 0.00074, 0.22837, 3.72790, -0.00128, 0.21525, 0.44890, 0.11138, 0.27394, 0.01135, -9999.00000, 0.13098, 0.05576, -0.00917, 0.02894, 0.13941, 0.04933, 0.00997, 0.00792 
35040.0, 9.92169, 0.31748, 1.72593, 4.47797, 0.00122, 0.20603, 3.64763, -0.00129, 0.21510, 0.40245, 0.07610, 0.25209, 0.02176, -9999.00000, 0.12600, 0.04618, -0.00812, 0.02181, 0.12999, 0.06287, 0.00781, 0.00754 
35100.0, 10.29541, 0.35039, 1.79161, 4.95305, 0.00130, 0.22545, 3.76646, 0.00650, 0.19097, 0.41060, 0.16069, 0.25790, 0.02073, -9999.00000, 0.12187, 0.05574, -0.00373, 0.02512, 0.11622, 0.06791, 0.01143, 0.00581 
35160.0, 10.46124, 0.34214, 1.68347, 4.73505, 0.00384, 0.19694, 3.75444, -0.00055, 0.19911, 0.42877, 0.13891, 0.26685, 0.02221, -9999.00000, 0.11878, 0.04545, 0.00419, 0.04047, 0.12771, 0.05675, 0.00623, 0.00378 
35220.0, 11.19348, 0.33346, 1.66489, 3.96993, 0.00208, 0.22442, 3.64618, 0.00230, 0.25138, 0.46356, 0.13679, 0.24758, 0.02128, -9999.00000, 0.12150, 0.04703, 0.01376, 0.04909, 0.10676, 0.05810, 0.00494, 0.00847 
35280.0, 11.70321, 0.32552, 1.84890, 5.20236, 0.00137, 0.25075, 3.82398, 0.01187, 0.18545, 0.45021, 0.09023, 0.27050, -0.00490, -9999.00000, 0.15304, 0.05713, -0.00677, 0.03797, 0.14521, 0.06329, 0.00939, 0.00817 
35340.0, 10.77943, 0.34589, 1.92939, 5.66306, 0.00130, 0.26737, 3.98957, 0.00845, 0.18432, 0.44925, 0.07574, 0.33751, 0.01486, -9999.00000, 0.17686, 0.06895, 0.00276, 0.04435, 0.14974, 0.05726, 0.00906, 0.00424 
35400.0, 11.93914, 0.29643, 1.82741, 5.34740, 0.00064, 0.27141, 3.89663, 0.00862, 0.24085, 0.45362, 0.12162, 0.28213, 0.01596, -9999.00000, 0.15143, 0.05503, 0.00082, 0.04343, 0.11666, 0.06168, 0.01192, 0.00816 
35460.0, 11.32284, 0.34915, 1.93687, 6.30097, 0.00234, 0.22331, 4.08982, -0.00132, 0.21292, 0.46196, 0.08516, 0.28394, 0.01264, -9999.00000, 0.14992, 0.07196, -0.00914, 0.03260, 0.11214, 0.04464, 0.00991, 0.00961 
35520.0, 11.31996, 0.35323, 1.84839, 5.83383, 0.00226, 0.21587, 3.99537, 0.00885, 0.11684, 0.47344, 0.17385, 0.28767, 0.01904, -9999.00000, 0.14220, 0.05913, 0.00262, 0.07264, 0.11051, 0.10169, 0.01220, 0.00934 
35580.0, 10.98519, 0.32367, 1.75898, 5.47444, 0.00342, 0.24075, 3.91776, 0.01250, 0.05892, 0.41829, 0.16398, 0.24865, 0.00506, -9999.00000, 0.14152, 0.05823, 0.00370, 0.06810, 0.09814, 0.05756, 0.00967, 0.00800 
35640.0, 10.61601, 0.32286, 1.81736, 4.90920, 0.00219, 0.22368, 3.89231, -0.00122, 0.09429, 0.48363, 0.16516, 0.28073, -0.00608, -9999.00000, 0.14003, 0.05737, -0.00213, 0.05787, 0.10417, 0.06299, 0.00741, 0.00863 
35700.0, 11.62834, 0.31059, 1.77381, 4.99568, 0.00098, 0.22021, 3.79913, 0.00430, 0.09023, 0.40767, 0.11576, 0.25987, 0.01824, -9999.00000, 0.15323, 0.05834, -0.00068, 0.05269, 0.10143, 0.04998, 0.00775, 0.00248 
35760.0, 12.00069, 0.35292, 1.93658, 5.04952, 0.00354, 0.25185, 3.89016, 0.01693, 0.14128, 0.47172, 0.15677, 0.29879, 0.01364, -9999.00000, 0.19683, 0.06444, -0.00912, 0.06769, 0.11717, 0.06330, 0.00995, 0.00730 
35820.0, 12.28522, 0.32892, 1.88472, 5.14117, 0.00185, 0.26017, 3.98844, 0.00283, 0.14648, 0.44513, 0.12646, 0.30963, 0.02088, -9999.00000, 0.15299, 0.08552, 0.00553, 0.06307, 0.10908, 0.06875, 0.01272, 0.01018 
35880.0, 12.45094, 0.32823, 2.06423, 5.64199, 0.00036, 0.25553, 4.04387, 0.01049, 0.14851, 0.49115, 0.17293, 0.32552, 0.02676, -9999.00000, 0.19136, 0.08575, 0.00162, 0.06480, 0.10306, 0.06604, 0.01079, 0.00718 
35940.0, 12.86431, 0.31155, 2.00101, 5.75564, 0.00365, 0.23717, 4.02834, 0.01610, 0.21647, 0.46415, 0.15133, 0.33274, 0.01311, -9999.00000, 0.17387, 0.07830, -0.00554, 0.05526, 0.11635, 0.06816, 0.01280, 0.01366 
36000.0, 13.06304, 0.31467, 1.94839, 6.36352, 0.00618, 0.22903, 4.12266, -0.00136, 0.17219, 0.46951, 0.14884, 0.31247, 0.01883, -9999.00000, 0.16626, 0.06493, 0.01068, 0.04170, 0.13432, 0.07784, 0.01216, 0.01038 
36060.0, 12.23925, 0.32454, 2.17592, 6.20386, 0.00853, 0.23284, 4.11155, 0.01105, 0.16480, 0.44041, 0.13955, 0.33676, 0.04054, -9999.00000, 0.18913, 0.06757, 0.00757, 0.05624, 0.13482, 0.08305, 0.02451, 0.00483 
36120.0, 13.70519, 0.33875, 2.22032, 5.33307, 0.00507, 0.25338, 4.19400, 0.01226, 0.16934, 0.48092, 0.15170, 0.33991, 0.02848, -9999.00000, 0.18884, 0.07768, 0.00411, 0.06817, 0.19186, 0.08043, 0.01633, 0.00871 
36180.0, 11.59494, 0.33908, 2.24145, 7.17264, 0.00427, 0.27668, 4.23173, -0.00137, 0.22469, 0.44550, 0.15921, 0.35990, 0.00673, -9999.00000, 0.20447, 0.08419, 0.01135, 0.05971, 0.13329, 0.07965, 0.05110, 0.01262 
36240.0, 13.74036, 0.33633, 2.10356, 7.23081, 0.00420, 0.24582, 4.18018, 0.00743, 0.18974, 0.44805, 0.12170, 0.35111, 0.02525, -9999.00000, 0.18536, 0.08264, -0.00899, 0.05698, 0.14096, 0.05362, 0.07542, 0.01355 
36300.0, 14.62880, 0.35018, 2.31772, 7.42849, 0.00411, 0.25996, 4.27725, -0.00138, 0.23053, 0.49888, 0.16914, 0.37105, 0.00303, -9999.00000, 0.20430, 0.08710, -0.00726, 0.05724, 0.15616, 0.10007, 0.05122, 0.01441 
36360.0, 15.59581, 0.33838, 2.32180, 7.39469, 0.00475, 0.30006, 4.34690, 0.00521, 0.21965, 0.47151, 0.15630, 0.34775, -0.00552, -9999.00000, 0.22546, 0.08798, -0.00405, 0.05373, 0.12981, 0.09409, 0.05572, 0.01728 
36420.0, 14.04038, 0.32290, 2.39467, 7.02313, 0.00397, 0.27336, 4.33775, 0.01646, 0.20671, 0.43718, 0.16517, 0.37756, 0.02315, -9999.00000, 0.18604, 0.08222, 0.00247, 0.06384, 0.15229, 0.09374, 0.06856, 0.01383 
36480.0, 13.13998, 0.33724, 2.39477, 7.69892, 0.00174, 0.28697, 4.30839, 0.01815, 0.18251, 0.45929, 0.12668, 0.38692, 0.02327, -9999.00000, 0.23533, 0.08962, 0.00266, 0.04683, 0.16640, 0.11488, 0.07101, 0.01484 
36540.0, 13.53583, 0.32347, 2.27863, 7.84883, 0.00357, 0.29291, 4.32596, 0.00967, 0.19391, 0.44250, 0.13345, 0.39080, 0.02761, -9999.00000, 0.20429, 0.08433, 0.00210, 0.04677, 0.18227, 0.09106, 0.07222, 0.01627 
36600.0, 14.98436, 0.31775, 2.43700, 7.68666, 0.00551, 0.26429, 4.25982, 0.00226, 0.26035, 0.46741, 0.19212, 0.38127, 0.02866, -9999.00000, 0.22669, 0.09745, -0.00486, 0.04127, 0.16941, 0.09529, 0.06288, 0.01563 
36660.0, 18.22751, 0.35975, 2.61491, 12.06141, 0.00316, 0.29968, 5.10136, 0.01249, 0.27226, 0.47290, 0.32277, 0.99047, 0.05402, -9999.00000, 0.45350, 0.17286, 0.00846, 0.07969, 0.23141, 0.12272, 0.04913, 0.01791 
36720.0, 13.98087, 0.36740, 2.20442, 8.38969, 0.00463, 0.29144, 4.24476, 0.01533, 0.23971, 0.46955, 0.15305, 0.37447, 0.03837, -9999.00000, 0.23025, 0.09847, 0.00548, 0.04540, 0.19824, 0.08320, 0.04607, 0.00719 
36780.0, 14.44343, 0.35917, 2.37310, 7.70637, 0.00723, 0.28696, 4.27880, 0.00024, 0.21728, 0.46099, 0.23506, 0.45409, 0.04117, -9999.00000, 0.30769, 0.12160, -0.00348, 0.07540, 0.17323, 0.08744, 0.05013, 0.01148 
36840.0, 13.94898, 0.36384, 2.45043, 8.80390, 0.00368, 0.27512, 4.41583, 0.00966, 0.17120, 0.49001, 0.26956, 0.50362, -0.00610, -9999.00000, 0.29599, 0.11962, 0.02229, 0.05377, 0.20377, 0.09922, 0.04795, 0.01850 
36900.0, 14.99905, 0.34304, 2.48829, 9.12491, 0.00726, 0.30201, 4.42085, 0.01761, 0.23905, 0.48426, 0.21792, 0.51917, 0.03702, -9999.00000, 0.28987, 0.10930, 0.01023, 0.07430, 0.15943, 0.10891, 0.07331, 0.01354 
36960.0, 14.13997, 0.34600, 2.52186, 8.53692, 0.00747, 0.32364, 4.49354, 0.01146, 0.19897, 0.48937, 0.16095, 0.38904, 0.01584, -9999.00000, 0.25127, 0.10071, 0.01268, 0.04189, 0.17868, 0.10858, 0.08419, 0.01434 
37020.0, 14.73981, 0.36791, 2.32370, 7.36476, 0.00602, 0.27979, 4.34286, 0.01406, 0.23490, 0.48168, 0.16588, 0.37222, -0.00610, -9999.00000, 0.23142, 0.09629, 0.00036, 0.05742, 0.16447, 0.09835, 0.06337, 0.00812 
37080.0, 14.18569, 0.33347, 2.30275, 7.96358, 0.00545, 0.30897, 4.33183, -0.00065, 0.19025, 0.46552, 0.24452, 0.40017, 0.03193, -9999.00000, 0.26299, 0.10545, -0.00205, 0.05855, 0.18417, 0.11422, 0.05954, 0.01691 
37140.0, 13.90858, 0.32954, 2.30383, 7.66797, 0.00189, 0.26619, 4.34604, 0.01216, 0.20719, 0.43183, 0.18128, 0.43559, 0.00969, -9999.00000, 0.23486, 0.10173, 0.00238, 0.04080, 0.14980, 0.08812, 0.05275, 0.01428 
37200.0, 13.84976, 0.37290, 2.25389, 7.06954, 0.00373, 0.23997, 4.34474, 0.00788, 0.19574, 0.46558, 0.13628, 0.36832, 0.02240, -9999.00000, 0.19694, 0.09446, 0.01550, 0.05670, 0.13445, 0.05901, 0.03653, 0.01127 
37260.0, 14.27477, 0.37689, 2.12887, 7.50024, 0.00253, 0.27492, 4.40181, 0.01239, 0.20623, 0.44909, 0.12578, 0.36999, 0.00416, -9999.00000, 0.19543, 0.08928, 0.00789, 0.05257, 0.17594, 0.09645, 0.03204, 0.01576 
37320.0, 12.67141, 0.39418, 1.78409, 4.80008, -0.00078, 0.23829, 3.99243, 0.01761, 0.18667, 0.42591, 0.09949, 0.23600, 0.00740, -9999.00000, 0.15271, 0.05520, 0.00995, 0.03748, 0.15274, 0.06662, 0.01346, 0.00749 
37380.0, 13.76137, 0.40335, 2.06785, 6.33662, 0.00022, 0.29626, 4.32273, 0.01848, 0.22369, 0.43324, 0.17442, 0.30757, -0.00611, -9999.00000, 0.16731, 0.06436, -0.00157, 0.04538, 0.16571, 0.09510, 0.01907, 0.00815 
37440.0, 13.87317, 0.38009, 2.12727, 6.39946, 0.00223, 0.27995, 4.26118, 0.01607, 0.20788, 0.45171, 0.15164, 0.32648, 0.03741, -9999.00000, 0.17977, 0.07668, 0.00010, 0.05452, 0.17915, 0.09613, 0.01521, 0.02321 
37500.0, 13.31997, 0.40283, 2.09095, 6.56091, 0.00382, 0.27140, 4.22102, -0.00146, 0.18286, 0.41233, 0.16909, 0.32905, -0.00385, -9999.00000, 0.20852, 0.08541, -0.00902, 0.06201, 0.17505, 0.05979, 0.01905, 0.00480 
37560.0, 12.26894, 0.38628, 2.01723, 5.79419, 0.00111, 0.25387, 4.22192, 0.01335, 0.19786, 0.39820, 0.13330, 0.26185, 0.03152, -9999.00000, 0.17876, 0.06258, 0.00288, 0.05132, 0.15486, 0.07741, 0.02214, 0.01311 
37620.0, 11.68064, 0.40660, 2.03813, 5.44425, 0.00536, 0.26968, 4.15288, 0.01370, 0.22818, 0.40900, 0.13235, 0.29309, 0.02188, -9999.00000, 0.17063, 0.07270, -0.00901, 0.02985, 0.15836, 0.07841, 0.01567, 0.00948 
37680.0, 13.67949, 0.38640, 2.13051, 5.81539, 0.00090, 0.25969, 4.25310, 0.00335, 0.22396, 0.39718, 0.09589, 0.28011, 0.00665, -9999.00000, 0.17578, 0.07772, -0.00715, 0.06131, 0.16407, 0.06736, 0.01755, 0.01458 
37740.0, 14.02829, 0.38562, 2.09959, 5.97193, 0.00102, 0.27190, 4.20418, 0.01505, 0.17024, 0.40104, 0.08736, 0.29582, -0.00612, -9999.00000, 0.16996, 0.06581, -0.00901, 0.04925, 0.16661, 0.07150, 0.01878, 0.01054 
37800.0, 13.57659, 0.40378, 2.09149, 6.10951, 0.00552, 0.27122, 4.28853, 0.01675, 0.20562, 0.43245, 0.10052, 0.33806, 0.00269, -9999.00000, 0.18964, 0.06623, -0.00374, 0.06161, 0.19293, 0.06946, 0.01331, 0.00882 
37860.0, 14.38903, 0.39553, 2.25687, 7.43863, 0.00578, 0.28431, 4.24095, -0.00032, 0.21015, 0.41268, 0.14940, 0.35347, -0.00191, -9999.00000, 0.22805, 0.08500, -0.00900, 0.03383, 0.18708, 0.07906, 0.01963, 0.00927 
37920.0, 13.73005, 0.35038, 2.81707, 8.94693, 0.00487, 0.32044, 4.28709, 0.01512, 0.20230, 0.45435, 0.19491, 0.38177, 0.03379, -9999.00000, 0.22822, 0.09499, 0.00098, 0.07486, 0.25506, 0.09457, 0.00911, 0.01389 
37980.0, 15.06334, 0.38692, 2.28632, 7.41658, 0.00621, 0.30053, 4.20584, 0.00729, 0.18894, 0.43093, 0.09768, 0.31045, 0.01099, -9999.00000, 0.20466, 0.06467, -0.00014, 0.04269, 0.20781, 0.07496, 0.01090, 0.01319 
38040.0, 14.23991, 0.38160, 2.50642, 8.60502, 0.00434, 0.28416, 4.23173, 0.01648, 0.22006, 0.41011, 0.08280, 0.31388, 0.02888, -9999.00000, 0.20665, 0.07769, 0.01862, 0.05039, 0.22892, 0.09212, 0.01138, 0.01524 
38100.0, 13.67493, 0.37185, 2.64913, 8.34982, 0.00484, 0.32203, 4.30829, 0.01044, 0.22813, 0.42264, 0.10801, 0.34413, 0.01390, -9999.00000, 0.19331, 0.09365, -0.00896, 0.06417, 0.23785, 0.07853, 0.01640, 0.01213 
38160.0, 19.56537, 0.42064, 2.26403, 6.83298, 0.00240, 0.26816, 4.13045, 0.01637, 0.20050, 0.41827, 0.13860, 0.27399, 0.02478, -9999.00000, 0.17964, 0.07258, -0.00196, 0.08604, 0.21245, 0.06663, 0.01287, 0.01276 
38220.0, 19.86260, 0.39972, 2.12961, 8.02830, 0.00259, 0.26183, 4.16289, 0.01370, 0.19198, 0.41372, 0.08386, 0.29460, 0.02580, -9999.00000, 0.18192, 0.08473, 0.01042, 0.05115, 0.19965, 0.08108, 0.01766, 0.01252 
38280.0, 18.34858, 0.39857, 2.24222, 8.17532, 0.00335, 0.29695, 4.35556, 0.00175, 0.19873, 0.40731, 0.18737, 0.41296, 0.01821, -9999.00000, 0.26190, 0.08903, 0.00208, 0.05469, 0.17726, 0.08072, 0.01541, 0.00924 
38340.0, 16.15661, 0.41385, 2.06898, 6.17513, 0.00135, 0.22059, 4.06826, 0.01806, 0.19197, 0.35579, 0.12246, 0.28708, 0.01965, -9999.00000, 0.15805, 0.06616, 0.00925, 0.04585, 0.14821, 0.07789, 0.01206, 0.01050 
38400.0, 13.14402, 0.43155, 1.94284, 4.98279, 0.00330, 0.22334, 3.97470, -0.00152, 0.14600, 0.37268, 0.09071, 0.24037, 0.02169, -9999.00000, 0.16692, 0.06359, -0.00897, 0.06276, 0.11032, 0.07240, 0.01427, 0.00846 
38460.0, 13.67286, 0.41738, 2.00503, 6.13528, 0.00597, 0.27404, 4.09544, 0.01534, 0.15902, 0.35163, 0.07948, 0.29127, 0.02599, -9999.00000, 0.15953, 0.05150, -0.00474, 0.05284, 0.16044, 0.03644, 0.01191, 0.00601 
38520.0, 13.42444, 0.42958, 2.05489, 5.30294, 0.00371, 0.26969, 4.03006, 0.00310, 0.18578, 0.39088, 0.05300, 0.23193, 0.01090, -9999.00000, 0.16396, 0.05634, 0.00772, 0.02859, 0.13979, 0.06804, 0.01201, 0.00852 
38580.0, 12.46786, 0.42825, 2.00068, 5.22129, 0.00061, 0.27685, 4.12117, 0.00302, 0.14545, 0.39856, 0.08725, 0.25017, 0.02505, -9999.00000, 0.17831, 0.03941, -0.00306, 0.02649, 0.12567, 0.07178, 0.01341, 0.00929 
38640.0, 11.19825, 0.43794, 1.76479, 4.67714, 0.00265, 0.25810, 3.99783, 0.00706, 0.18328, 0.38147, 0.12741, 0.25366, 0.01203, -9999.00000, 0.22084, 0.07353, -0.00587, 0.05510, 0.09762, 0.05183, 0.00899, 0.00456 
38700.0, 12.52925, 0.41546, 1.93092, 5.95091, 0.00336, 0.25891, 4.08135, 0.00716, 0.15298, 0.39087, 0.20597, 0.32734, 0.02908, -9999.00000, 0.21470, 0.08841, 0.00098, 0.04437, 0.12648, 0.05880, 0.01052, 0.00776 
38760.0, 13.01559, 0.41392, 2.08676, 5.92310, 0.00441, 0.27148, 4.11806, 0.01496, 0.17700, 0.36941, 0.13423, 0.28988, 0.02535, -9999.00000, 0.20760, 0.08725, 0.00550, 0.04778, 0.15764, 0.06511, 0.01249, 0.00787 
38820.0, 13.56749, 0.42035, 1.98569, 6.24886, 0.00121, 0.26882, 4.15743, 0.00931, 0.15670, 0.39391, 0.13860, 0.31723, 0.02992, -9999.00000, 0.20284, 0.09638, 0.00275, 0.05456, 0.11627, 0.06171, 0.01515, 0.00992 
38880.0, 12.58677, 0.39073, 2.05289, 5.78084, 0.00112, 0.24036, 4.06498, 0.00427, 0.14464, 0.36349, 0.13851, 0.32719, 0.02332, -9999.00000, 0.22635, 0.06554, -0.00091, 0.04368, 0.11781, 0.08986, 0.01417, 0.01257 
38940.0, 12.90384, 0.41801, 2.06187, 5.84496, 0.00162, 0.25822, 4.01991, 0.01919, 0.18820, 0.40403, 0.22936, 0.55099, 0.03885, -9999.00000, 0.41598, 0.15541, 0.01065, 0.07568, 0.13160, 0.04602, 0.00800, 0.01153 
39000.0, 12.14048, 0.41501, 2.03365, 5.74546, 0.00358, 0.22378, 4.03917, -0.00157, 0.13839, 0.38403, 0.20866, 0.39278, 0.04771, -9999.00000, 0.27788, 0.12222, 0.00017, 0.07445, 0.13286, 0.06039, 0.00815, 0.01123 
39060.0, -9999.00000, -9999.00000, -9999.00000, -9999.00000, -9999.00000, -9999.00000, -9999.00000, -9999.00000, -9999.00000, -9999.00000, -9999.00000, -9999.00000, -9999.00000, -9999.00000, -9999.00000, -9999.00000, -9999.00000, -9999.00000, -9999.00000, -9999.00000, -9999.00000, -9999.00000 
39120.0, -9999.00000, -9999.00000, -9999.00000, -9999.00000, -9999.00000, -9999.00000, -9999.00000, -9999.00000, -9999.00000, -9999.00000, -9999.00000, -9999.00000, -9999.00000, -9999.00000, -9999.00000, -9999.00000, -9999.00000, -9999.00000, -9999.00000, -9999.00000, -9999.00000, -9999.00000 
39180.0, -9999.00000, -9999.00000, -9999.00000, -9999.00000, -9999.00000, -9999.00000, -9999.00000, -9999.00000, -9999.00000, -9999.00000, -9999.00000, -9999.00000, -9999.00000, -9999.00000, -9999.00000, -9999.00000, -9999.00000, -9999.00000, -9999.00000, -9999.00000, -9999.00000, -9999.00000 
