CampaignData_and_Merges/R0/CSL_MobileLab_Parked/raw/20240809/USOS-Picarro-CO2-CH4-CO-H2O_MobileLabGround_20240809_R0.ict
38, 1001
Ilana Pollack, Nell Schafer, and Jeff Peischl
NOAA Chemical Sciences Laboratory
Picarro 2401-m CO2/CH4/CO/H2O Analyzer
USOS
1, 1
2024, 08, 09, 2024, 11, 20
0
StartTime_UTC, seconds_past_midnight, seconds past midnight
5
1, 1, 1, 1, 1
-9999, -9999, -9999, -9999, -9999
StopTime_UTC, seconds_past_midnight, seconds past midnight
CO2_ppm_1min, ppm, Gas_CO2_InSitu_S_DMF, carbon dioxide mixing ratio
CH4_ppb_1min, ppb, Gas_CH4_InSitu_S_DMF, methane mixing ratio
CO_ppb_1min, ppb, Gas_CO_InSitu_S_DMF, carbon monoxide mixing ratio
H2O_ppmv_1min, ppmv, Met_H2OMRV_InSitu_S_AVMR, water vapor mixing ratio
1
SPECIAL COMMENTS: N/A
18
PI_CONTACT_INFO: Address: NOAA Chemical Sciences Laboratory, Mail Stop CSL7, 325 Broadway, Boulder, CO 80305; Email: Ilana.Pollack@noaa.gov
PLATFORM: NOAA CSL Mobile Laboratory
LOCATION: The mobile lab was stationed in Salt Lake City, Utah.
ASSOCIATED_DATA: N/A
INSTRUMENT_INFO: CO2, CH4, and CO are reported as dry air mole fractions using a commercial wavelength-scanned cavity ring-down analyzer (Picarro 2401-m). An in-field calibration gas standard of 432±0.07 ppm CO2, 2095±1 ppb CH4, and 183±1 ppb CO, calibrated in the Boulder laboratories before and after the field project using primary CO2, CH4, and CO standard tanks tied to the WMO standard (X2019, X2004A, and X2014A, respectively) from the Global Monitoring Laboratory (GML), was delivered to the inlet every 2-3 days to evaluate instrument sensitivity. A H2O measurement was calibrated before the project with a Dew Point Mirror 373 hygrometer. The water correction calculated from these calibrations was applied to the H2O measurement for the entire campaign. Species are measured at 0.5 Hz and reported as 1-minute averages for stationary measurements.
DATA_INFO: Units: CO2, ppm, dry air mole fraction; CH4, ppb, dry air mole fraction; CO, ppb, dry air mole fraction; H2O, ppmv
UNCERTAINTY: Total uncertainties are estimated as ±0.1 ppm for CO2, ±1 ppb for CH4, ±5 ppb for CO, and ±(50 ppm + 4%) for H2O.
ULOD_FLAG: -7777
ULOD_VALUE: N/A
LLOD_FLAG: -8888
LLOD_VALUE: N/A
DM_CONTACT_INFO: Data Manager: Nathan Howard; nathan.h.howard@noaa.gov
PROJECT_INFO: USOS Dates of Study: July – August 2024
STIPULATIONS_ON_USE: Use of these data require prior ok from PI.
OTHER_COMMENTS: Data are averaged to 1 minute intervals. Stationary data collected from a 10 ft tower on top of the mobile van.
REVISION: R0
R0: Final Data
StartTime_UTC, StopTime_UTC, CO2_ppm_1min, CH4_ppb_1min, CO_ppb_1min, H2O_ppmv_1min
[from data line 765]
45900,45960,466.84,2011.2,283.7,11360.8828
45960,46020,463.04,2009.1,267.6,11237.6162
46020,46080,460.84,2004.9,251.6,11242.2559
46080,46140,457.23,1995.6,244.6,11011.0488
46140,46200,460.14,1997.9,252.7,11163.3799
46200,46260,450.03,1985.8,261.4,10657.4463
46260,46320,452.66,1989.9,274.0,10833.6240
46320,46380,455.73,1988.7,274.6,10873.9932
46380,46440,448.75,1986.2,234.7,10675.8096
46440,46500,452.44,1986.7,218.6,10782.3359
46500,46560,450.68,1982.6,214.8,10768.1309
46560,46620,448.82,1983.8,216.0,10805.4180
46620,46680,446.99,1985.6,205.6,10728.2354
46680,46740,450.23,1987.2,215.2,10943.1250
46740,46800,448.66,1982.8,223.9,10819.5781
46800,46860,443.13,1975.7,209.7,10462.4443
46860,46920,445.37,1976.8,215.9,10535.0059
46920,46980,444.92,1980.2,209.1,10595.9893
46980,47040,445.76,1983.1,220.0,10691.2910
47040,47100,446.73,1985.6,219.2,10746.9131
47100,47160,452.96,1996.4,226.3,11152.7295
47160,47220,-9999,-9999,-9999,-9999
47220,47280,-9999,-9999,-9999,-9999
47280,47340,-9999,-9999,-9999,-9999
47340,47400,-9999,-9999,-9999,-9999
47400,47460,-9999,-9999,-9999,-9999
47460,47520,-9999,-9999,-9999,-9999
47520,47580,-9999,-9999,-9999,-9999
47580,47640,-9999,-9999,-9999,-9999
47640,47700,-9999,-9999,-9999,-9999
47700,47760,-9999,-9999,-9999,-9999
47760,47820,-9999,-9999,-9999,-9999
47820,47880,-9999,-9999,-9999,-9999
47880,47940,-9999,-9999,-9999,-9999
47940,48000,-9999,-9999,-9999,-9999
48000,48060,-9999,-9999,-9999,-9999
48060,48120,-9999,-9999,-9999,-9999
48120,48180,-9999,-9999,-9999,-9999
48180,48240,-9999,-9999,-9999,-9999
48240,48300,-9999,-9999,-9999,-9999
48300,48360,-9999,-9999,-9999,-9999
48360,48420,-9999,-9999,-9999,-9999
48420,48480,-9999,-9999,-9999,-9999
48480,48540,-9999,-9999,-9999,-9999
48540,48600,-9999,-9999,-9999,-9999
48600,48660,-9999,-9999,-9999,-9999
48660,48720,-9999,-9999,-9999,-9999
48720,48780,-9999,-9999,-9999,-9999
48780,48840,-9999,-9999,-9999,-9999
48840,48900,-9999,-9999,-9999,-9999
48900,48960,-9999,-9999,-9999,-9999
48960,49020,-9999,-9999,-9999,-9999
49020,49080,-9999,-9999,-9999,-9999
49080,49140,-9999,-9999,-9999,-9999
49140,49200,-9999,-9999,-9999,-9999
49200,49260,-9999,-9999,-9999,-9999
49260,49320,-9999,-9999,-9999,-9999
49320,49380,-9999,-9999,-9999,-9999
49380,49440,-9999,-9999,-9999,-9999
49440,49500,-9999,-9999,-9999,-9999
49500,49560,-9999,-9999,-9999,-9999
49560,49620,-9999,-9999,-9999,-9999
49620,49680,-9999,-9999,-9999,-9999
49680,49740,-9999,-9999,-9999,-9999
49740,49800,-9999,-9999,-9999,-9999
49800,49860,-9999,-9999,-9999,-9999
49860,49920,-9999,-9999,-9999,-9999
49920,49980,-9999,-9999,-9999,-9999
49980,50040,-9999,-9999,-9999,-9999
50040,50100,-9999,-9999,-9999,-9999
50100,50160,-9999,-9999,-9999,-9999
50160,50220,-9999,-9999,-9999,-9999
50220,50280,-9999,-9999,-9999,-9999
50280,50340,-9999,-9999,-9999,-9999
50340,50400,-9999,-9999,-9999,-9999
50400,50460,-9999,-9999,-9999,-9999
50460,50520,-9999,-9999,-9999,-9999
50520,50580,-9999,-9999,-9999,-9999
50580,50640,-9999,-9999,-9999,-9999
50640,50700,-9999,-9999,-9999,-9999
50700,50760,-9999,-9999,-9999,-9999
50760,50820,448.18,1978.4,300.1,12084.2070
50820,50880,443.94,1974.7,246.0,12299.7793
50880,50940,442.61,1969.9,216.8,11880.1631
50940,51000,440.24,1969.8,216.3,11964.9648
51000,51060,442.12,1970.8,224.5,11945.4414
51060,51120,439.64,1974.2,212.7,12028.2158
51120,51180,436.80,1971.7,230.7,11854.4580
51180,51240,440.21,1972.0,223.3,11999.5791
51240,51300,440.89,1973.0,220.1,12225.7344
51300,51360,439.88,1973.5,212.5,12146.9961
51360,51420,441.66,1974.0,252.7,12177.0928
51420,51480,440.22,1973.5,299.1,12155.6631
51480,51540,439.58,1977.1,300.5,12170.6758
51540,51600,442.30,1982.0,285.2,12337.7041
51600,51660,450.18,1993.6,344.4,12732.7617
51660,51720,451.51,1995.5,362.1,12828.1240
51720,51780,457.47,2005.5,431.9,13147.3262
51780,51840,461.43,2012.5,461.5,13299.8262
51840,51900,461.85,2015.0,440.3,13362.7109
51900,51960,461.90,2016.6,414.9,13308.4092
51960,52020,461.90,2018.4,397.4,13193.8154
52020,52080,462.21,2020.5,401.1,13361.7607
52080,52140,461.61,2019.5,395.2,13571.7080
52140,52200,461.17,2018.4,391.3,13695.2969
52200,52260,457.73,2011.2,358.9,13190.2881
52260,52320,459.09,2013.7,360.7,13486.1504
52320,52380,458.30,2015.3,362.6,13426.8203
52380,52440,459.00,2017.8,368.8,13755.7930
52440,52500,458.90,2018.4,370.2,13686.6338
52500,52560,459.62,2018.9,370.4,13557.2920
52560,52620,460.94,2020.3,373.7,13695.0264
52620,52680,460.50,2020.3,373.3,13549.7588
52680,52740,459.58,2018.9,370.8,13534.1396
52740,52800,458.58,2019.9,366.8,13872.0820
52800,52860,457.06,2013.2,352.9,13359.3857
52860,52920,455.36,2008.5,345.1,13121.0176
52920,52980,456.45,2011.7,352.9,13536.3564
52980,53040,454.65,2007.1,345.7,13194.8955
53040,53100,451.30,2002.0,336.6,13332.6484
53100,53160,451.96,2001.9,336.6,13129.6113
53160,53220,452.67,2003.7,328.0,13149.9639
53220,53280,453.41,2006.5,333.4,13468.1309
53280,53340,455.65,2012.0,335.3,14140.9316
53340,53400,456.45,2014.3,336.5,14438.9277
53400,53460,456.79,2015.0,336.0,14557.1074
53460,53520,454.05,2011.8,296.6,14856.7939
53520,53580,457.96,2013.4,323.9,14904.8779
53580,53640,459.79,2016.4,344.2,15102.3799
53640,53700,457.61,2015.4,334.7,15186.1260
53700,53760,456.31,2012.2,329.0,15100.5547
53760,53820,456.23,2013.2,318.2,15198.6533
53820,53880,456.33,2014.2,325.6,15422.5762
53880,53940,458.19,2014.7,337.9,15349.2813
53940,54000,460.73,2015.8,351.2,15722.3350
54000,54060,459.81,2014.8,354.0,15382.8330
54060,54120,457.49,2012.2,342.1,15241.7324
54120,54180,455.69,2010.0,328.4,15103.7900
54180,54240,457.70,2012.7,351.7,15435.5420
54240,54300,453.52,2008.8,297.9,15399.0283
54300,54360,454.10,2013.2,302.4,15966.0752
54360,54420,446.35,2012.9,232.1,16121.0674
54420,54480,444.96,2014.3,215.2,16284.2607
54480,54540,445.06,2014.3,211.6,16209.6035
54540,54600,445.35,2014.3,215.8,16297.5947
54600,54660,445.81,2015.6,222.5,16757.4004
54660,54720,444.78,2016.5,221.5,16626.8750
54720,54780,444.32,2015.5,216.5,16571.7090
54780,54840,444.71,2014.0,216.2,16599.7324
54840,54900,445.41,2011.9,221.1,16590.0020
54900,54960,446.10,2014.1,225.6,16935.2539
54960,55020,446.48,2015.9,227.6,16611.1406
55020,55080,446.86,2013.1,226.3,16537.2598
55080,55140,451.62,2010.4,318.5,16477.0957
55140,55200,444.79,1999.6,225.3,15333.7412
55200,55260,445.97,1995.7,229.8,15166.8887
55260,55320,444.06,1997.7,225.6,16291.9121
55320,55380,441.42,1992.4,201.3,15184.8818
55380,55440,442.28,1992.1,206.8,15221.3320
55440,55500,442.90,1991.7,206.2,15242.9111
55500,55560,442.46,1992.8,218.2,15650.0918
55560,55620,443.76,1992.9,218.1,15501.3008
55620,55680,443.54,1993.9,221.5,15977.5225
55680,55740,444.31,1991.9,261.9,15715.4648
55740,55800,443.17,1991.3,219.2,15506.2480
55800,55860,447.82,1992.7,240.0,15995.0908
55860,55920,442.21,1992.2,216.9,15504.4268
55920,55980,441.51,1991.3,198.7,15517.0898
55980,56040,442.32,1991.7,201.3,15661.5195
56040,56100,443.18,1992.7,203.6,15592.8662
56100,56160,443.53,1993.1,206.4,15673.9434
56160,56220,446.04,1993.2,207.0,15858.8340
56220,56280,444.88,1993.9,208.0,15864.6270
56280,56340,443.32,1993.6,215.9,15807.0059
56340,56400,442.94,1994.5,253.6,15881.9736
56400,56460,442.62,1993.5,226.7,15822.2480
56460,56520,442.59,1992.6,216.8,15742.2744
56520,56580,443.21,1994.5,227.9,15942.3115
56580,56640,443.14,1995.1,231.5,16051.8418
56640,56700,442.71,1995.2,222.2,16175.5947
56700,56760,442.37,1991.3,204.8,15827.0527
56760,56820,442.31,1990.0,195.1,15740.4736
56820,56880,443.13,1990.7,199.1,15901.2402
56880,56940,442.70,1990.1,200.2,15870.1855
56940,57000,442.06,1988.7,196.5,15786.7695
57000,57060,441.77,1987.8,194.4,15631.2295
57060,57120,441.76,1986.9,194.0,15607.0762
57120,57180,441.25,1986.4,197.7,15510.6230
57180,57240,441.28,1986.0,190.3,15437.7402
57240,57300,440.88,1984.8,184.3,15261.9121
57300,57360,441.91,1986.0,185.6,15458.4492
57360,57420,443.47,1986.7,200.2,15675.5869
57420,57480,442.43,1986.7,195.7,15791.7559
57480,57540,441.67,1986.1,192.3,15540.2129
57540,57600,441.70,1986.1,189.4,15505.3848
57600,57660,441.30,1984.9,188.7,15375.4805
57660,57720,442.42,1985.0,190.2,15522.0254
57720,57780,440.46,1983.0,190.1,15114.7744
57780,57840,439.94,1980.2,213.2,14853.9688
57840,57900,440.47,1981.8,201.6,15004.2539
57900,57960,439.76,1980.5,192.6,14968.8672
57960,58020,-9999,-9999,-9999,-9999
58020,58080,-9999,-9999,-9999,-9999
58080,58140,-9999,-9999,-9999,-9999
58140,58200,-9999,-9999,-9999,-9999
58200,58260,-9999,-9999,-9999,-9999
58260,58320,-9999,-9999,-9999,-9999
58320,58380,-9999,-9999,-9999,-9999
58380,58440,-9999,-9999,-9999,-9999
58440,58500,-9999,-9999,-9999,-9999
58500,58560,-9999,-9999,-9999,-9999
58560,58620,-9999,-9999,-9999,-9999
58620,58680,-9999,-9999,-9999,-9999
58680,58740,-9999,-9999,-9999,-9999
58740,58800,-9999,-9999,-9999,-9999
58800,58860,-9999,-9999,-9999,-9999
58860,58920,-9999,-9999,-9999,-9999
58920,58980,-9999,-9999,-9999,-9999
58980,59040,-9999,-9999,-9999,-9999
59040,59100,-9999,-9999,-9999,-9999
59100,59160,-9999,-9999,-9999,-9999
59160,59220,-9999,-9999,-9999,-9999
59220,59280,-9999,-9999,-9999,-9999
59280,59340,-9999,-9999,-9999,-9999
59340,59400,-9999,-9999,-9999,-9999
59400,59460,-9999,-9999,-9999,-9999
59460,59520,-9999,-9999,-9999,-9999
59520,59580,-9999,-9999,-9999,-9999
59580,59640,-9999,-9999,-9999,-9999
59640,59700,-9999,-9999,-9999,-9999
59700,59760,-9999,-9999,-9999,-9999
59760,59820,-9999,-9999,-9999,-9999
59820,59880,-9999,-9999,-9999,-9999
59880,59940,-9999,-9999,-9999,-9999
59940,60000,-9999,-9999,-9999,-9999
60000,60060,-9999,-9999,-9999,-9999
60060,60120,-9999,-9999,-9999,-9999
60120,60180,-9999,-9999,-9999,-9999
60180,60240,-9999,-9999,-9999,-9999
60240,60300,-9999,-9999,-9999,-9999
60300,60360,-9999,-9999,-9999,-9999
60360,60420,-9999,-9999,-9999,-9999
60420,60480,-9999,-9999,-9999,-9999
60480,60540,-9999,-9999,-9999,-9999
60540,60600,-9999,-9999,-9999,-9999
60600,60660,-9999,-9999,-9999,-9999
60660,60720,-9999,-9999,-9999,-9999
60720,60780,-9999,-9999,-9999,-9999
60780,60840,-9999,-9999,-9999,-9999
60840,60900,-9999,-9999,-9999,-9999
60900,60960,-9999,-9999,-9999,-9999
60960,61020,-9999,-9999,-9999,-9999
61020,61080,-9999,-9999,-9999,-9999
61080,61140,-9999,-9999,-9999,-9999
61140,61200,-9999,-9999,-9999,-9999
61200,61260,-9999,-9999,-9999,-9999
61260,61320,-9999,-9999,-9999,-9999
61320,61380,-9999,-9999,-9999,-9999
61380,61440,-9999,-9999,-9999,-9999
61440,61500,-9999,-9999,-9999,-9999
61500,61560,-9999,-9999,-9999,-9999
61560,61620,435.17,1967.6,192.2,14659.0635
61620,61680,436.59,1969.3,203.2,15331.1768
61680,61740,438.26,1967.6,206.1,15126.6680
61740,61800,432.35,1963.5,179.2,14433.5010
61800,61860,433.67,1964.9,187.6,14637.4092
61860,61920,436.98,1966.4,214.4,15080.7920
61920,61980,433.98,1966.2,192.9,14834.5166
61980,62040,432.91,1965.5,190.1,14888.2686
62040,62100,434.44,1967.4,200.9,15142.4639
62100,62160,437.79,1967.9,209.0,15303.5771
62160,62220,435.92,1967.3,200.4,14839.2637
62220,62280,433.45,1964.4,190.7,14643.1465
62280,62340,432.84,1963.5,188.9,14503.6758
62340,62400,432.88,1964.8,192.0,14666.7148
62400,62460,433.39,1966.0,195.5,14807.0508
62460,62520,433.05,1965.2,193.9,14823.3027
62520,62580,433.02,1965.6,196.7,14985.0840
62580,62640,433.25,1967.0,200.9,15126.6836
62640,62700,431.40,1961.2,183.5,14596.7119
62700,62760,431.59,1962.2,190.7,14874.4346
62760,62820,431.52,1962.2,189.5,14756.3545
62820,62880,431.88,1963.4,195.8,14894.4980
62880,62940,433.71,1963.3,211.2,15328.5176
62940,63000,432.49,1961.6,192.9,14783.0898
63000,63060,432.89,1961.4,203.5,14888.8330
63060,63120,432.33,1960.6,194.1,14714.3135
63120,63180,431.42,1961.2,194.4,15181.9678
63180,63240,432.06,1960.0,195.2,14814.6816
63240,63300,431.12,1960.2,201.9,14917.5518
63300,63360,430.83,1959.3,185.2,14520.7285
63360,63420,430.85,1960.3,189.1,14696.8291
63420,63480,431.28,1961.2,192.6,14733.1162
63480,63540,430.99,1960.7,192.2,14765.5107
63540,63600,431.04,1960.9,191.7,14998.8262
63600,63660,429.48,1957.5,175.2,14363.3594
63660,63720,431.99,1960.7,196.3,14787.2783
63720,63780,431.15,1958.9,187.2,14679.6533
63780,63840,431.31,1957.6,183.8,14408.0625
63840,63900,428.63,1954.9,166.1,14359.9541
63900,63960,428.32,1954.5,166.0,14351.3564
63960,64020,428.27,1953.3,158.9,13791.2871
64020,64080,429.03,1953.6,174.7,13962.1572
64080,64140,428.05,1953.0,159.6,13729.1660
64140,64200,428.64,1952.9,158.0,13775.9922
64200,64260,429.55,1952.9,165.6,13909.5713
64260,64320,431.26,1952.2,170.1,13596.1113
64320,64380,433.99,1955.3,181.5,14086.1465
64380,64440,430.95,1953.1,172.4,13956.7900
64440,64500,429.44,1952.4,163.8,13748.6084
64500,64560,431.55,1954.4,186.9,13949.2471
64560,64620,434.53,1955.7,217.4,14644.4160
64620,64680,429.17,1952.7,165.0,13827.7002
64680,64740,429.96,1953.7,180.1,14055.1855
64740,64800,434.18,1955.6,219.2,14735.0674
64800,64860,432.27,1954.2,177.9,14381.1152
64860,64920,430.35,1953.9,174.9,14341.6885
64920,64980,430.96,1953.9,174.8,14288.7295
64980,65040,432.39,1955.6,191.8,14140.2354
65040,65100,428.89,1953.7,173.9,14246.6689
65100,65160,430.65,1954.2,179.9,14567.3496
65160,65220,427.10,1951.3,150.6,13603.6113
65220,65280,426.53,1950.4,143.3,13341.7266
65280,65340,426.63,1949.8,143.3,13097.4092
65340,65400,426.79,1950.3,143.6,13243.6504
65400,65460,428.73,1952.4,156.3,13410.7500
65460,65520,429.97,1953.0,167.3,13410.4063
65520,65580,430.42,1952.8,166.8,14109.1729
65580,65640,430.39,1953.1,165.4,14136.7451
65640,65700,428.27,1953.1,162.1,14085.7705
65700,65760,427.55,1952.3,159.1,13683.3037
65760,65820,427.78,1953.5,159.9,13506.5439
65820,65880,427.80,1953.3,157.7,13430.6143
65880,65940,428.09,1952.4,155.1,13400.5518
65940,66000,427.10,1951.1,154.8,12972.1973
66000,66060,426.92,1950.8,168.0,12961.3926
66060,66120,426.80,1949.9,150.1,12890.4248
66120,66180,426.64,1949.7,143.9,12890.2305
66180,66240,426.85,1950.2,145.1,13008.3721
66240,66300,427.07,1950.6,151.2,13012.4336
66300,66360,430.57,1953.4,286.8,13121.2285
66360,66420,429.20,1953.4,272.8,13243.5137
66420,66480,427.48,1951.0,173.6,12976.7012
66480,66540,428.41,1953.1,265.5,13537.5684
66540,66600,428.75,1951.8,261.3,13246.4678
66600,66660,427.63,1951.2,172.7,13119.5039
66660,66720,427.07,1951.4,159.2,13017.7793
66720,66780,427.35,1953.4,181.9,13298.4814
66780,66840,428.91,1951.6,171.6,13188.1836
66840,66900,429.45,1951.6,191.5,13225.1514
66900,66960,428.46,1951.4,164.3,13149.1611
66960,67020,430.35,1951.5,186.2,13522.2695
67020,67080,429.07,1951.6,176.5,13128.8320
67080,67140,427.89,1951.5,161.7,13182.9238
67140,67200,427.95,1951.6,155.6,13158.0811
67200,67260,428.22,1951.1,158.1,13389.5107
67260,67320,427.64,1951.0,156.8,13055.3945
67320,67380,427.09,1951.5,173.5,13161.7744
67380,67440,426.97,1951.1,142.3,13225.7334
67440,67500,428.44,1951.8,150.7,13388.0605
67500,67560,428.94,1952.9,225.2,13439.1963
67560,67620,427.91,1952.0,169.0,13183.5518
67620,67680,427.29,1951.7,149.6,13177.0527
67680,67740,427.58,1952.3,147.2,13141.7842
67740,67800,428.49,1953.2,200.2,13441.6230
67800,67860,429.70,1953.7,227.3,13417.6582
67860,67920,427.69,1952.6,180.0,13051.9043
67920,67980,428.54,1952.0,175.2,13008.3447
67980,68040,428.29,1952.8,172.4,13333.4043
68040,68100,427.71,1952.7,168.5,13364.0713
68100,68160,427.23,1952.5,164.4,13668.7832
68160,68220,430.92,1952.8,181.9,13381.4814
68220,68280,429.69,1951.8,161.5,13106.9639
68280,68340,429.39,1952.9,186.0,13581.2314
68340,68400,427.15,1951.3,152.1,13011.4199
68400,68460,427.69,1951.5,161.4,13007.4961
68460,68520,429.09,1952.7,178.7,13267.3096
68520,68580,429.29,1953.0,176.0,13974.4531
68580,68640,429.19,1952.4,172.8,13314.6982
68640,68700,428.86,1951.7,164.7,13167.2949
68700,68760,429.20,1952.6,196.4,13394.9209
68760,68820,428.08,1952.8,215.6,13229.9697
68820,68880,429.48,1952.3,174.4,13314.6758
68880,68940,428.96,1952.0,195.6,13098.3086
68940,69000,437.25,1952.5,184.3,13576.5107
69000,69060,429.94,1952.7,179.6,13295.7295
69060,69120,428.20,1951.7,161.1,12965.1240
69120,69180,427.93,1951.4,157.0,12680.0576
69180,69240,428.19,1952.3,155.2,12691.9541
69240,69300,427.85,1951.3,154.9,12511.1260
