CampaignData_and_Merges/R0/CSL_MobileLab_Parked/raw/20240809/USOS-NOAAIodideCIMS-HCOOH_MobileLabGround_20240809_RA.ict
33, 1001
Michael A Robinson, Chris Jernigan, Subi Thakali
NOAA ESRL Chemical Sciences Laboratory and CIRES, U. of Colorado
NOAA Iodide CIMS Instrument
USOS
1, 1
2024, 08, 09, 2024, 08, 10
1
starttime_UTC, seconds_past_midnight, seconds_of_day_since_00:00:00_UTC
1
1
-9999
HCOOH_NOAACIMS, pptv, Gas_HCOOH_InSitu_S_AVMR, 
0
18
PI_CONTACT_INFO: 325 Broadway, R/CSD 7, Boulder, Colorado 80305; michael.a.robinson@noaa.gov; chris.jernigan@noaa.gov;
PLATFORM: NOAA CSL Mobile Lab
LOCATION: SLC, Utah
ASSOCIATED_DATA: 1Hz data also available on request.
INSTRUMENT_INFO: NOAA I- ToF CIMS
DATA_INFO: All data in parts per trillion by volume (pptv). 1 Hz data is available upon request.
UNCERTAINTY: TBD
ULOD_FLAG: -7777
ULOD_VALUE: N/A
LLOD_FLAG: -8888
LLOD_VALUE: N/A
DM_CONTACT_INFO: Nathan Howard; nathan.h.howard@noaa.gov
PROJECT_INFO: USOS, summer 2024. https://csl.noaa.gov/groups/csl7/measurements/2024usos/
STIPULATIONS_ON_USE: Users are strongly encouraged to contact the PI for proper data usage.
OTHER_COMMENTS: 
REVISION: RA
RA: Preliminary Data; For in-field use only
starttime_UTC, HCOOH_NOAACIMS
[from data line 932]
 55920, -9999.000
 55980, -9999.000
 56040, -9999.000
 56100, -9999.000
 56160, -9999.000
 56220, -9999.000
 56280, -9999.000
 56340, -9999.000
 56400, -9999.000
 56460, -9999.000
 56520, -9999.000
 56580, -9999.000
 56640, -9999.000
 56700, -9999.000
 56760, -9999.000
 56820, -9999.000
 56880, -9999.000
 56940, -9999.000
 57000, -9999.000
 57060, -9999.000
 57120, -9999.000
 57180, -9999.000
 57240, -9999.000
 57300, -9999.000
 57360, -9999.000
 57420, -9999.000
 57480, -9999.000
 57540, 2463.080
 57600, 2396.793
 57660, 2410.326
 57720, 2379.076
 57780, 2304.818
 57840, 2323.704
 57900, 2362.094
 57960, 2388.239
 58020, 2379.925
 58080, 2454.560
 58140, 2449.905
 58200, 2456.931
 58260, 2476.243
 58320, 2382.171
 58380, 2443.185
 58440, 2478.211
 58500, 2495.537
 58560, 2577.114
 58620, 2620.304
 58680, 2944.263
 58740, 2843.717
 58800, 2836.404
 58860, 2844.980
 58920, 2834.503
 58980, 2791.686
 59040, 2727.642
 59100, 2790.931
 59160, -9999.000
 59220, 2762.474
 59280, 2740.074
 59340, 2764.555
 59400, 2787.105
 59460, 2835.587
 59520, 2797.298
 59580, 2767.811
 59640, 2821.856
 59700, 2770.441
 59760, 2735.856
 59820, 2759.347
 59880, 2765.332
 59940, 2859.342
 60000, 2849.964
 60060, 2800.487
 60120, 2723.450
 60180, 2577.785
 60240, 2566.541
 60300, 2429.850
 60360, 2439.026
 60420, 2396.516
 60480, 2464.433
 60540, 2331.624
 60600, 2331.623
 60660, 2458.607
 60720, 2492.821
 60780, 2245.331
 60840, 2073.205
 60900, 2170.290
 60960, 2277.672
 61020, -9999.000
 61080, 2263.293
 61140, 2294.122
 61200, 2296.118
 61260, 2422.474
 61320, 2528.850
 61380, 2340.446
 61440, 2322.800
 61500, 2325.978
 61560, 2242.347
 61620, 2287.771
 61680, 2288.436
 61740, 2104.760
 61800, 2132.699
 61860, 2186.309
 61920, 2147.223
 61980, 2150.284
 62040, 2216.685
 62100, 2298.431
 62160, 2251.276
 62220, 2158.957
 62280, 2198.824
 62340, 2275.458
 62400, 2228.864
 62460, 2272.631
 62520, 2268.304
 62580, 2303.976
 62640, 2121.489
 62700, 2147.508
 62760, 2131.805
 62820, 2118.611
 62880, -9999.000
 62940, 2070.607
 63000, 2086.630
 63060, 2067.111
 63120, 2081.569
 63180, 1989.121
 63240, 2037.498
 63300, 1941.457
 63360, 1988.571
 63420, 2037.470
 63480, 1994.074
 63540, 2108.334
 63600, 1892.556
 63660, 1924.270
 63720, 1823.430
 63780, 1901.955
 63840, 1669.654
 63900, 1758.739
 63960, 1667.662
 64020, 1722.129
 64080, 1636.141
 64140, 1671.998
 64200, 1627.717
 64260, 1547.751
 64320, 1530.510
 64380, 1618.339
 64440, 1570.384
 64500, 1609.995
 64560, 1667.570
 64620, 1652.573
 64680, 1601.941
 64740, 1588.011
 64800, 1617.799
 64860, 1703.650
 64920, 1623.746
 64980, 1606.261
 65040, 1704.585
 65100, 1690.368
 65160, 1586.078
 65220, 1449.303
 65280, 1408.062
 65340, 1455.003
 65400, 1470.758
 65460, 1490.908
 65520, 1502.313
 65580, 1508.848
 65640, 1658.385
 65700, 1566.705
 65760, 1634.475
 65820, 1675.267
 65880, 1546.014
 65940, 1409.869
 66000, 1406.161
 66060, 1350.701
 66120, 1362.275
 66180, 1397.514
 66240, 1437.318
 66300, 1396.534
 66360, 1403.869
 66420, 1382.578
 66480, 1406.758
 66540, 1406.951
 66600, 1432.754
 66660, 1365.442
 66720, 1413.505
 66780, 1400.764
 66840, 1386.631
 66900, 1415.102
 66960, 1370.278
 67020, 1366.671
 67080, 1368.686
 67140, 1376.929
 67200, 1317.525
 67260, 1357.747
 67320, 1361.371
 67380, 1349.083
 67440, 1407.181
 67500, 1403.284
 67560, 1406.480
 67620, 1443.223
 67680, 1411.025
 67740, 1453.980
 67800, 1399.244
 67860, 1400.555
 67920, 1317.594
 67980, 1441.368
 68040, 1505.411
 68100, 1418.739
 68160, 1413.031
 68220, 1365.662
 68280, 1434.990
 68340, 1467.760
 68400, 1424.753
 68460, 1453.027
 68520, 1458.835
 68580, 1419.217
 68640, 1341.654
 68700, 1414.034
 68760, 1437.138
 68820, 1381.421
 68880, 1376.678
 68940, 1388.445
 69000, 1504.834
 69060, 1455.529
 69120, 1382.907
 69180, 1411.624
 69240, 1380.027
 69300, 1351.290
 69360, 1349.503
 69420, 1393.164
 69480, 1386.214
 69540, 1312.554
 69600, 1346.007
 69660, 1359.286
 69720, 1478.691
 69780, 1333.035
 69840, 1233.380
 69900, 1306.537
 69960, 1335.113
 70020, 1303.490
 70080, 1292.714
 70140, 1343.536
 70200, 1371.975
 70260, -9999.000
 70320, 1372.991
 70380, 1367.363
 70440, 1368.722
 70500, 1346.554
 70560, 1401.928
 70620, 1344.303
 70680, 1294.563
 70740, 1261.913
 70800, 1203.605
 70860, 1260.702
 70920, 1270.456
 70980, 1180.151
 71040, 1228.059
 71100, 1347.138
 71160, 1282.048
 71220, 1450.383
 71280, 1478.267
 71340, 1468.252
 71400, 1398.305
 71460, 1336.786
 71520, 1320.600
 71580, 1307.873
 71640, 1333.506
 71700, 1330.403
 71760, 1263.111
 71820, 1328.708
 71880, 1283.009
 71940, 1266.099
 72000, 1323.450
 72060, 1232.420
 72120, -9999.000
 72180, 1166.383
 72240, 1229.228
 72300, 1264.997
 72360, 1220.830
 72420, 1268.801
 72480, 1266.854
 72540, 1346.031
 72600, 1346.809
 72660, 1407.998
 72720, 1321.675
 72780, 1208.200
 72840, 1274.832
 72900, 1268.223
 72960, 1232.745
 73020, 1202.279
 73080, 1235.841
 73140, 1249.404
 73200, 1246.692
 73260, 1208.858
 73320, 1178.133
 73380, 1227.375
 73440, 1317.456
 73500, 1340.279
 73560, 1303.219
 73620, 1268.596
 73680, 1303.248
 73740, 1369.810
 73800, 1343.737
 73860, 1278.649
 73920, 1299.885
 73980, -9999.000
 74040, 1245.597
 74100, 1265.279
 74160, 1253.877
 74220, 1247.115
 74280, 1158.028
 74340, 1252.389
 74400, 1263.900
 74460, 1338.456
 74520, 1359.835
 74580, 1339.695
 74640, 1289.101
 74700, 1371.954
 74760, 1359.398
 74820, 1227.701
 74880, 1296.995
 74940, 1409.172
 75000, 1324.490
 75060, 1375.018
 75120, 1457.942
 75180, 1452.799
 75240, 1329.525
 75300, 1447.206
 75360, 1385.340
 75420, 1417.248
 75480, 1433.425
 75540, 1331.536
 75600, 1284.926
 75660, 1298.703
 75720, 1324.548
 75780, 1332.826
 75840, 1323.569
 75900, 1336.548
 75960, 1263.930
 76020, 1274.620
 76080, 1244.518
 76140, 1200.933
 76200, 1250.242
 76260, 1272.849
 76320, 1257.965
 76380, 1228.694
 76440, 1207.877
 76500, 1246.437
 76560, 1244.049
 76620, 1240.022
 76680, 1308.149
 76740, 1206.764
 76800, 1142.293
 76860, 1092.072
 76920, 1015.223
 76980, 988.706
 77040, 912.094
 77100, 736.209
 77160, 671.221
 77220, 597.820
 77280, 532.622
 77340, 546.043
 77400, 542.901
 77460, 528.796
 77520, 513.375
 77580, 562.701
 77640, -9999.000
 77700, 465.719
 77760, 517.977
 77820, 551.395
 77880, 528.915
 77940, 536.417
 78000, 476.776
 78060, 504.902
 78120, 500.297
 78180, 534.161
 78240, 494.983
 78300, 524.416
 78360, 490.757
 78420, 468.163
 78480, 461.476
 78540, 463.437
 78600, 492.173
 78660, 514.188
 78720, 550.362
 78780, 578.165
 78840, 507.692
 78900, 536.098
 78960, 528.837
 79020, 501.457
 79080, 535.654
 79140, 557.406
 79200, 551.099
 79260, 536.880
 79320, 508.922
 79380, 495.687
 79440, 509.844
 79500, -9999.000
 79560, 522.446
 79620, 549.068
 79680, 535.991
 79740, 480.629
 79800, 475.035
 79860, 489.096
 79920, 462.039
 79980, 455.515
 80040, 452.128
 80100, 467.014
 80160, 489.129
 80220, 455.147
 80280, 517.572
 80340, 476.977
 80400, 458.220
 80460, 465.868
 80520, 430.414
 80580, 437.281
 80640, 499.823
 80700, 484.722
 80760, 459.566
 80820, 457.942
 80880, 468.906
 80940, 487.631
 81000, 466.083
 81060, 470.988
 81120, 475.735
 81180, 510.562
 81240, 514.493
 81300, 493.641
 81360, -9999.000
 81420, 428.975
 81480, 480.968
 81540, 459.144
 81600, 404.352
 81660, 440.917
 81720, 474.634
 81780, 491.642
 81840, 508.434
 81900, 534.266
 81960, 589.342
 82020, 620.309
 82080, 642.315
 82140, 647.991
 82200, 635.499
 82260, 647.295
 82320, 614.012
 82380, 694.232
 82440, 675.640
 82500, 604.562
 82560, 614.769
 82620, 639.531
 82680, 725.322
 82740, 753.300
 82800, 791.216
 82860, 851.454
 82920, 854.643
 82980, 816.110
 83040, 758.055
 83100, 759.318
 83160, 798.892
 83220, 814.093
 83280, 822.372
 83340, 886.402
 83400, 857.315
 83460, 935.340
 83520, 863.721
 83580, 870.941
 83640, 883.636
 83700, 785.158
 83760, 876.742
 83820, 907.097
 83880, 793.426
 83940, 775.524
 84000, 737.981
 84060, 798.689
 84120, 816.500
 84180, 821.353
 84240, 847.202
 84300, 818.571
 84360, 713.887
 84420, 709.731
 84480, 733.916
 84540, 718.359
 84600, 723.939
 84660, 723.604
 84720, 739.701
 84780, 772.757
 84840, 774.031
 84900, 793.251
 84960, 749.778
 85020, 721.788
 85080, 742.136
 85140, 770.303
 85200, 822.698
 85260, 826.526
 85320, 809.858
 85380, 879.067
 85440, 930.571
 85500, 983.705
 85560, 955.721
 85620, 911.375
 85680, 871.396
 85740, 837.322
 85800, 883.258
 85860, 933.586
 85920, 986.129
 85980, 938.662
 86040, 943.808
 86100, 944.598
 86160, 981.360
 86220, 992.143
 86280, 1111.684
 86340, 1427.594
