CampaignData_and_Merges/R0/CSL_MobileLab_Parked/raw/20240809/USOS-NOAAIodideCIMS-Halogens_MobileLabGround_20240809_RA.ict
38, 1001
Michael A Robinson, Chris Jernigan, Subi Thakali
NOAA ESRL Chemical Sciences Laboratory and CIRES, U. of Colorado
NOAA Iodide CIMS Instrument
USOS
1, 1
2024, 08, 09, 2024, 08, 10
1
starttime_UTC, seconds_past_midnight, seconds_of_day_since_00:00:00_UTC
6
1, 1, 1, 1, 1, 1
-9999, -9999, -9999, -9999, -9999, -9999
Br2_NOAACIMS, pptv, Gas_Br2_InSitu_S_AVMR, 
BrO_NOAACIMS, pptv, Gas_BrO_InSitu_S_AVMR, 
Cl2_NOAACIMS, pptv, Gas_Cl2_InSitu_S_AVMR, 
ClNO2_NOAACIMS, pptv, Gas_ClNO2_InSitu_S_AVMR, 
BrCl_NOAACIMS, pptv, Gas_BrCl_InSitu_S_AVMR, 
NCl3_NOAACIMS, pptv, Gas_NCl3_InSitu_S_AVMR, 
0
18
PI_CONTACT_INFO: 325 Broadway, R/CSD 7, Boulder, Colorado 80305; michael.a.robinson@noaa.gov; chris.jernigan@noaa.gov;
PLATFORM: NOAA CSL Mobile Lab
LOCATION: SLC, Utah
ASSOCIATED_DATA: 1Hz data also available on request.
INSTRUMENT_INFO: NOAA I- ToF CIMS
DATA_INFO: All data in parts per trillion by volume (pptv). 1 Hz data is available upon request.
UNCERTAINTY: TBD
ULOD_FLAG: -7777
ULOD_VALUE: N/A
LLOD_FLAG: -8888
LLOD_VALUE: N/A
DM_CONTACT_INFO: Nathan Howard; nathan.h.howard@noaa.gov
PROJECT_INFO: USOS, summer 2024. https://csl.noaa.gov/groups/csl7/measurements/2024usos/
STIPULATIONS_ON_USE: Users are strongly encouraged to contact the PI for proper data usage.
OTHER_COMMENTS: 
REVISION: RA
RA: Preliminary Data; For in-field use only
starttime_UTC, Br2_NOAACIMS, BrO_NOAACIMS, Cl2_NOAACIMS, ClNO2_NOAACIMS, BrCl_NOAACIMS, NCl3_NOAACIMS
     0, -9999.000, -9999.000, -9999.000, -9999.000, -9999.000, -9999.000
    60, -9999.000, -9999.000, -9999.000, -9999.000, -9999.000, -9999.000
   120, -9999.000, -9999.000, -9999.000, -9999.000, -9999.000, -9999.000
   180, -9999.000, -9999.000, -9999.000, -9999.000, -9999.000, -9999.000
   240, -9999.000, -9999.000, -9999.000, -9999.000, -9999.000, -9999.000
   300, -9999.000, -9999.000, -9999.000, -9999.000, -9999.000, -9999.000
   360, -9999.000, -9999.000, -9999.000, -9999.000, -9999.000, -9999.000
   420, -9999.000, -9999.000, -9999.000, -9999.000, -9999.000, -9999.000
   480, -9999.000, -9999.000, -9999.000, -9999.000, -9999.000, -9999.000
   540, -9999.000, -9999.000, -9999.000, -9999.000, -9999.000, -9999.000
   600, -9999.000, -9999.000, -9999.000, -9999.000, -9999.000, -9999.000
   660, -9999.000, -9999.000, -9999.000, -9999.000, -9999.000, -9999.000
   720, -9999.000, -9999.000, -9999.000, -9999.000, -9999.000, -9999.000
   780, -9999.000, -9999.000, -9999.000, -9999.000, -9999.000, -9999.000
   840, -9999.000, -9999.000, -9999.000, -9999.000, -9999.000, -9999.000
   900, -9999.000, -9999.000, -9999.000, -9999.000, -9999.000, -9999.000
   960, -9999.000, -9999.000, -9999.000, -9999.000, -9999.000, -9999.000
  1020, -9999.000, -9999.000, -9999.000, -9999.000, -9999.000, -9999.000
  1080, -9999.000, -9999.000, -9999.000, -9999.000, -9999.000, -9999.000
  1140, -9999.000, -9999.000, -9999.000, -9999.000, -9999.000, -9999.000
  1200, -9999.000, -9999.000, -9999.000, -9999.000, -9999.000, -9999.000
  1260, -9999.000, -9999.000, -9999.000, -9999.000, -9999.000, -9999.000
  1320, -9999.000, -9999.000, -9999.000, -9999.000, -9999.000, -9999.000
  1380, -9999.000, -9999.000, -9999.000, -9999.000, -9999.000, -9999.000
  1440, -9999.000, -9999.000, -9999.000, -9999.000, -9999.000, -9999.000
  1500, -9999.000, -9999.000, -9999.000, -9999.000, -9999.000, -9999.000
  1560, -9999.000, -9999.000, -9999.000, -9999.000, -9999.000, -9999.000
  1620, -9999.000, -9999.000, -9999.000, -9999.000, -9999.000, -9999.000
  1680, -9999.000, -9999.000, -9999.000, -9999.000, -9999.000, -9999.000
  1740, -9999.000, -9999.000, -9999.000, -9999.000, -9999.000, -9999.000
  1800, -9999.000, -9999.000, -9999.000, -9999.000, -9999.000, -9999.000
  1860, -9999.000, -9999.000, -9999.000, -9999.000, -9999.000, -9999.000
  1920, -9999.000, -9999.000, -9999.000, -9999.000, -9999.000, -9999.000
  1980, -9999.000, -9999.000, -9999.000, -9999.000, -9999.000, -9999.000
  2040, -9999.000, -9999.000, -9999.000, -9999.000, -9999.000, -9999.000
  2100, -9999.000, -9999.000, -9999.000, -9999.000, -9999.000, -9999.000
  2160, -9999.000, -9999.000, -9999.000, -9999.000, -9999.000, -9999.000
  2220, -9999.000, -9999.000, -9999.000, -9999.000, -9999.000, -9999.000
  2280, -9999.000, -9999.000, -9999.000, -9999.000, -9999.000, -9999.000
  2340, -9999.000, -9999.000, -9999.000, -9999.000, -9999.000, -9999.000
  2400, -9999.000, -9999.000, -9999.000, -9999.000, -9999.000, -9999.000
  2460, -9999.000, -9999.000, -9999.000, -9999.000, -9999.000, -9999.000
  2520, -9999.000, -9999.000, -9999.000, -9999.000, -9999.000, -9999.000
  2580, -9999.000, -9999.000, -9999.000, -9999.000, -9999.000, -9999.000
  2640, -9999.000, -9999.000, -9999.000, -9999.000, -9999.000, -9999.000
  2700, -9999.000, -9999.000, -9999.000, -9999.000, -9999.000, -9999.000
  2760, -9999.000, -9999.000, -9999.000, -9999.000, -9999.000, -9999.000
  2820, -9999.000, -9999.000, -9999.000, -9999.000, -9999.000, -9999.000
  2880, -9999.000, -9999.000, -9999.000, -9999.000, -9999.000, -9999.000
  2940, -9999.000, -9999.000, -9999.000, -9999.000, -9999.000, -9999.000
  3000, -9999.000, -9999.000, -9999.000, -9999.000, -9999.000, -9999.000
  3060, -9999.000, -9999.000, -9999.000, -9999.000, -9999.000, -9999.000
  3120, -9999.000, -9999.000, -9999.000, -9999.000, -9999.000, -9999.000
  3180, -9999.000, -9999.000, -9999.000, -9999.000, -9999.000, -9999.000
  3240, -9999.000, -9999.000, -9999.000, -9999.000, -9999.000, -9999.000
  3300, -9999.000, -9999.000, -9999.000, -9999.000, -9999.000, -9999.000
  3360, -9999.000, -9999.000, -9999.000, -9999.000, -9999.000, -9999.000
  3420, -9999.000, -9999.000, -9999.000, -9999.000, -9999.000, -9999.000
  3480, -9999.000, -9999.000, -9999.000, -9999.000, -9999.000, -9999.000
  3540, -9999.000, -9999.000, -9999.000, -9999.000, -9999.000, -9999.000
  3600, -9999.000, -9999.000, -9999.000, -9999.000, -9999.000, -9999.000
  3660, -9999.000, -9999.000, -9999.000, -9999.000, -9999.000, -9999.000
  3720, -9999.000, -9999.000, -9999.000, -9999.000, -9999.000, -9999.000
  3780, -9999.000, -9999.000, -9999.000, -9999.000, -9999.000, -9999.000
  3840, -9999.000, -9999.000, -9999.000, -9999.000, -9999.000, -9999.000
  3900, -9999.000, -9999.000, -9999.000, -9999.000, -9999.000, -9999.000
  3960, -9999.000, -9999.000, -9999.000, -9999.000, -9999.000, -9999.000
  4020, -9999.000, -9999.000, -9999.000, -9999.000, -9999.000, -9999.000
  4080, -9999.000, -9999.000, -9999.000, -9999.000, -9999.000, -9999.000
  4140, -9999.000, -9999.000, -9999.000, -9999.000, -9999.000, -9999.000
  4200, -9999.000, -9999.000, -9999.000, -9999.000, -9999.000, -9999.000
  4260, -9999.000, -9999.000, -9999.000, -9999.000, -9999.000, -9999.000
  4320, -9999.000, -9999.000, -9999.000, -9999.000, -9999.000, -9999.000
  4380, -9999.000, -9999.000, -9999.000, -9999.000, -9999.000, -9999.000
  4440, -9999.000, -9999.000, -9999.000, -9999.000, -9999.000, -9999.000
  4500, -9999.000, -9999.000, -9999.000, -9999.000, -9999.000, -9999.000
  4560, -9999.000, -9999.000, -9999.000, -9999.000, -9999.000, -9999.000
  4620, -9999.000, -9999.000, -9999.000, -9999.000, -9999.000, -9999.000
  4680, -9999.000, -9999.000, -9999.000, -9999.000, -9999.000, -9999.000
  4740, -9999.000, -9999.000, -9999.000, -9999.000, -9999.000, -9999.000
  4800, -9999.000, -9999.000, -9999.000, -9999.000, -9999.000, -9999.000
  4860, -9999.000, -9999.000, -9999.000, -9999.000, -9999.000, -9999.000
  4920, -9999.000, -9999.000, -9999.000, -9999.000, -9999.000, -9999.000
  4980, -9999.000, -9999.000, -9999.000, -9999.000, -9999.000, -9999.000
  5040, -9999.000, -9999.000, -9999.000, -9999.000, -9999.000, -9999.000
  5100, -9999.000, -9999.000, -9999.000, -9999.000, -9999.000, -9999.000
  5160, -9999.000, -9999.000, -9999.000, -9999.000, -9999.000, -9999.000
  5220, -9999.000, -9999.000, -9999.000, -9999.000, -9999.000, -9999.000
  5280, -9999.000, -9999.000, -9999.000, -9999.000, -9999.000, -9999.000
  5340, -9999.000, -9999.000, -9999.000, -9999.000, -9999.000, -9999.000
  5400, -9999.000, -9999.000, -9999.000, -9999.000, -9999.000, -9999.000
  5460, -9999.000, -9999.000, -9999.000, -9999.000, -9999.000, -9999.000
  5520, -9999.000, -9999.000, -9999.000, -9999.000, -9999.000, -9999.000
  5580, -9999.000, -9999.000, -9999.000, -9999.000, -9999.000, -9999.000
  5640, -9999.000, -9999.000, -9999.000, -9999.000, -9999.000, -9999.000
  5700, -9999.000, -9999.000, -9999.000, -9999.000, -9999.000, -9999.000
  5760, -9999.000, -9999.000, -9999.000, -9999.000, -9999.000, -9999.000
  5820, -9999.000, -9999.000, -9999.000, -9999.000, -9999.000, -9999.000
  5880, -9999.000, -9999.000, -9999.000, -9999.000, -9999.000, -9999.000
  5940, -9999.000, -9999.000, -9999.000, -9999.000, -9999.000, -9999.000
  6000, -9999.000, -9999.000, -9999.000, -9999.000, -9999.000, -9999.000
  6060, -9999.000, -9999.000, -9999.000, -9999.000, -9999.000, -9999.000
  6120, -9999.000, -9999.000, -9999.000, -9999.000, -9999.000, -9999.000
  6180, -9999.000, -9999.000, -9999.000, -9999.000, -9999.000, -9999.000
  6240, -9999.000, -9999.000, -9999.000, -9999.000, -9999.000, -9999.000
  6300, -9999.000, -9999.000, -9999.000, -9999.000, -9999.000, -9999.000
  6360, -9999.000, -9999.000, -9999.000, -9999.000, -9999.000, -9999.000
  6420, -9999.000, -9999.000, -9999.000, -9999.000, -9999.000, -9999.000
  6480, -9999.000, -9999.000, -9999.000, -9999.000, -9999.000, -9999.000
  6540, -9999.000, -9999.000, -9999.000, -9999.000, -9999.000, -9999.000
  6600, -9999.000, -9999.000, -9999.000, -9999.000, -9999.000, -9999.000
  6660, -9999.000, -9999.000, -9999.000, -9999.000, -9999.000, -9999.000
  6720, -9999.000, -9999.000, -9999.000, -9999.000, -9999.000, -9999.000
  6780, -9999.000, -9999.000, -9999.000, -9999.000, -9999.000, -9999.000
  6840, -9999.000, -9999.000, -9999.000, -9999.000, -9999.000, -9999.000
  6900, -9999.000, -9999.000, -9999.000, -9999.000, -9999.000, -9999.000
  6960, -9999.000, -9999.000, -9999.000, -9999.000, -9999.000, -9999.000
  7020, -9999.000, -9999.000, -9999.000, -9999.000, -9999.000, -9999.000
  7080, -9999.000, -9999.000, -9999.000, -9999.000, -9999.000, -9999.000
  7140, -9999.000, -9999.000, -9999.000, -9999.000, -9999.000, -9999.000
  7200, -9999.000, -9999.000, -9999.000, -9999.000, -9999.000, -9999.000
  7260, -9999.000, -9999.000, -9999.000, -9999.000, -9999.000, -9999.000
  7320, -9999.000, -9999.000, -9999.000, -9999.000, -9999.000, -9999.000
  7380, -9999.000, -9999.000, -9999.000, -9999.000, -9999.000, -9999.000
  7440, -9999.000, -9999.000, -9999.000, -9999.000, -9999.000, -9999.000
  7500,  0.975, -9999.000,  0.808,  0.198,  0.187,  0.421
  7560,  1.065, -9999.000,  0.949,  0.203,  0.213,  0.432
  7620,  0.971, -9999.000,  0.985,  0.190,  0.279,  0.484
  7680,  1.052, -9999.000,  0.991,  0.152,  0.226,  0.728
  7740,  1.084, -9999.000,  1.045,  0.210,  0.246,  0.757
  7800,  0.985, -9999.000,  0.992,  0.189,  0.223,  1.355
  7860,  1.066, -9999.000,  0.978,  0.218,  0.209,  0.986
  7920,  0.962, -9999.000,  1.081,  0.173,  0.185,  0.973
  7980,  0.821, -9999.000,  0.958,  0.182,  0.168,  0.867
  8040,  0.886, -9999.000,  1.025,  0.186,  0.224,  0.916
  8100,  1.041, -9999.000,  1.102,  0.188,  0.279,  1.070
  8160,  0.912, -9999.000,  1.032,  0.228,  0.257,  1.053
  8220,  0.930, -9999.000,  0.976,  0.191,  0.251,  0.803
  8280,  1.044, -9999.000,  1.068,  0.182,  0.286,  0.640
  8340,  0.694, -9999.000,  0.960,  0.166,  0.204,  0.541
  8400,  0.584, -9999.000,  1.270,  0.154,  0.217,  1.215
  8460,  0.815, -9999.000,  1.290,  0.212,  0.272,  1.365
  8520,  0.991, -9999.000,  1.259,  0.275,  0.289,  1.548
  8580,  1.266, -9999.000,  1.524,  0.271,  0.349,  1.745
  8640,  1.047, -9999.000,  1.928,  0.306,  0.312,  3.475
  8700,  0.716, -9999.000,  1.827,  0.360,  0.264,  6.687
  8760,  0.588, -9999.000,  1.586,  0.286,  0.265,  5.068
  8820,  0.543, -9999.000,  1.508,  0.244,  0.211,  3.932
  8880,  0.879, -9999.000,  1.808,  0.301,  0.380,  3.896
  8940,  0.632, -9999.000,  1.692,  0.364,  0.263,  2.653
  9000,  0.769, -9999.000,  1.500,  0.282,  0.291,  2.115
  9060,  0.500, -9999.000,  1.182,  0.135,  0.186,  1.710
  9120,  0.491, -9999.000,  1.238,  0.110,  0.189,  2.203
  9180,  0.311, -9999.000,  1.425,  0.101,  0.130,  1.670
  9240,  0.703, -9999.000,  1.383,  0.136,  0.313,  2.234
  9300,  0.986, -9999.000,  1.432,  0.197,  0.313,  2.531
  9360,  0.891, -9999.000,  1.539,  0.124,  0.338,  2.916
  9420,  0.427, -9999.000,  1.415,  0.137,  0.151,  2.756
  9480,  0.692, -9999.000,  1.486,  0.151,  0.348,  3.502
  9540,  0.801, -9999.000,  1.567,  0.141,  0.352,  3.492
  9600,  0.560, -9999.000,  1.481,  0.136,  0.260,  3.910
  9660,  0.504, -9999.000,  1.505,  0.153,  0.354,  4.161
  9720,  0.898, -9999.000,  1.507,  0.147,  0.370,  5.638
  9780,  0.538, -9999.000,  1.369,  0.106,  0.270,  5.434
  9840,  0.753, -9999.000,  1.508,  0.119,  0.386,  5.597
  9900,  0.618, -9999.000,  1.424,  0.132,  0.335,  5.682
  9960,  0.823, -9999.000,  1.417,  0.115,  0.407,  5.968
 10020,  0.792, -9999.000,  1.439,  0.111,  0.361,  5.817
 10080,  0.634, -9999.000,  1.362,  0.131,  0.300,  5.871
 10140,  0.523, -9999.000,  1.377,  0.090,  0.286,  5.679
 10200,  0.607, -9999.000,  1.153,  0.093,  0.290,  5.435
 10260,  0.657, -9999.000,  1.280,  0.073,  0.409,  5.383
 10320,  0.751, -9999.000,  1.384,  0.123,  0.329,  5.556
 10380,  0.393, -9999.000,  1.155,  0.061,  0.306,  5.157
 10440,  0.693, -9999.000,  1.224,  0.106,  0.364,  4.725
 10500,  0.752, -9999.000,  1.130,  0.070,  0.337,  4.720
 10560,  0.751, -9999.000,  1.211,  0.101,  0.364,  4.400
 10620,  0.724, -9999.000,  1.259,  0.125,  0.394,  4.554
 10680,  0.731, -9999.000,  1.215,  0.073,  0.337,  4.063
 10740,  0.641, -9999.000,  1.181,  0.079,  0.329,  4.266
 10800,  0.404, -9999.000,  1.109,  0.048,  0.273,  3.614
 10860,  0.710, -9999.000,  1.246,  0.100,  0.368,  3.697
 10920,  0.339, -9999.000,  1.287,  0.085,  0.336,  3.543
 10980,  0.705, -9999.000,  1.455,  0.089,  0.380,  4.314
 11040,  0.508, -9999.000,  1.387,  0.123,  0.323,  3.950
 11100,  0.813, -9999.000,  0.989,  0.051,  0.360,  4.620
 11160, -9999.000, -9999.000, -9999.000, -9999.000, -9999.000, -9999.000
 11220,  0.706, -9999.000,  1.664,  0.112,  0.339,  4.837
 11280,  0.674, -9999.000,  1.532,  0.135,  0.441,  4.738
 11340,  0.736, -9999.000,  1.726,  0.108,  0.370,  4.829
 11400,  0.668, -9999.000,  1.987,  0.119,  0.401,  4.462
 11460,  0.632, -9999.000,  1.669,  0.152,  0.426,  4.327
 11520,  0.663, -9999.000,  1.553,  0.145,  0.321,  4.077
 11580,  0.819, -9999.000,  1.469,  0.101,  0.341,  3.743
 11640,  0.611, -9999.000,  1.248,  0.098,  0.306,  3.663
 11700,  0.669,  0.018,  1.223,  0.121,  0.432,  3.694
 11760,  0.734,  0.117,  1.214,  0.113,  0.377,  3.383
 11820,  0.603,  0.061,  1.340,  0.106,  0.326,  3.133
 11880,  0.362, -0.003,  0.957,  0.033,  0.262,  2.189
 11940,  0.346,  0.018,  1.014,  0.080,  0.212,  2.319
 12000,  0.519, -0.017,  1.102,  0.078,  0.276,  2.574
 12060,  0.732,  0.025,  1.009,  0.090,  0.265,  2.766
 12120,  0.550,  0.075,  0.869,  0.067,  0.204,  2.562
 12180,  0.499,  0.062,  0.908,  0.074,  0.293,  2.428
 12240,  0.543,  0.034,  1.000,  0.085,  0.273,  2.339
 12300,  0.286,  0.016,  0.895,  0.068,  0.205,  1.909
 12360,  0.183, -0.030,  0.760,  0.041,  0.121,  1.594
 12420,  0.520,  0.010,  0.884,  0.064,  0.174,  2.182
 12480,  0.551,  0.037,  0.894,  0.092,  0.261,  2.238
 12540,  0.394,  0.021,  0.786,  0.061,  0.195,  1.846
 12600,  0.417,  0.078,  0.782,  0.044,  0.193,  2.129
 12660,  0.589,  0.037,  0.800,  0.071,  0.228,  2.331
 12720,  0.693,  0.024,  0.998,  0.091,  0.285,  2.098
 12780,  0.917,  0.076,  0.956,  0.097,  0.346,  2.522
 12840,  1.093,  0.059,  1.001,  0.117,  0.330,  2.378
 12900,  0.959,  0.095,  0.837,  0.094,  0.279,  2.438
 12960,  0.864,  0.057,  0.907,  0.133,  0.212,  2.284
 13020,  0.762,  0.091,  0.787,  0.084,  0.259,  1.948
 13080,  0.564,  0.033,  0.748,  0.072,  0.183,  1.672
 13140,  0.499,  0.057,  0.843,  0.066,  0.149,  1.639
 13200,  0.660,  0.061,  0.933,  0.071,  0.225,  1.638
 13260,  1.053,  0.098,  1.037,  0.086,  0.321,  2.312
 13320,  0.990,  0.057,  1.019,  0.098,  0.241,  2.182
 13380,  0.902,  0.085,  0.975,  0.079,  0.327,  2.483
 13440,  0.920,  0.134,  0.938,  0.129,  0.246,  2.429
 13500,  0.685,  0.044,  0.790,  0.090,  0.235,  1.872
 13560,  0.883,  0.028,  0.823,  0.094,  0.274,  2.329
 13620,  0.717,  0.029,  0.792,  0.086,  0.204,  2.109
 13680,  0.689,  0.072,  0.721,  0.083,  0.253,  2.401
 13740,  0.752,  0.029,  0.833,  0.105,  0.189,  2.442
 13800,  0.161, -0.029,  0.646,  0.067,  0.061,  1.569
 13860,  0.070,  0.007,  0.612,  0.068,  0.035,  1.568
 13920,  0.207,  0.001,  0.613,  0.064,  0.100,  1.612
 13980,  0.348,  0.009,  0.705,  0.091,  0.191,  1.914
 14040,  0.866,  0.074,  0.773,  0.121,  0.235,  2.300
 14100,  0.891,  0.031,  0.818,  0.095,  0.220,  2.269
 14160,  0.988,  0.052,  0.750,  0.145,  0.246,  2.423
 14220,  0.939,  0.066,  0.837,  0.110,  0.221,  2.741
 14280,  0.961,  0.059,  0.797,  0.119,  0.261,  2.687
 14340,  0.927,  0.003,  0.852,  0.133,  0.240,  2.814
 14400,  0.945,  0.078,  0.767,  0.144,  0.256,  2.914
 14460,  1.021,  0.085,  0.949,  0.136,  0.246,  2.800
 14520,  0.952, -0.011,  0.792,  0.119,  0.227,  2.350
 14580,  0.995,  0.041,  0.891,  0.121,  0.256,  2.350
 14640,  1.037,  0.058,  0.808,  0.113,  0.272,  2.330
