CampaignData_and_Merges/R0/CSL_MobileLab_Parked/raw/20240809/USOS-NOAAIodideCIMS-HCOOH_MobileLabGround_20240809_RA.ict
33, 1001
Michael A Robinson, Chris Jernigan, Subi Thakali
NOAA ESRL Chemical Sciences Laboratory and CIRES, U. of Colorado
NOAA Iodide CIMS Instrument
USOS
1, 1
2024, 08, 09, 2024, 08, 10
1
starttime_UTC, seconds_past_midnight, seconds_of_day_since_00:00:00_UTC
1
1
-9999
HCOOH_NOAACIMS, pptv, Gas_HCOOH_InSitu_S_AVMR, 
0
18
PI_CONTACT_INFO: 325 Broadway, R/CSD 7, Boulder, Colorado 80305; michael.a.robinson@noaa.gov; chris.jernigan@noaa.gov;
PLATFORM: NOAA CSL Mobile Lab
LOCATION: SLC, Utah
ASSOCIATED_DATA: 1Hz data also available on request.
INSTRUMENT_INFO: NOAA I- ToF CIMS
DATA_INFO: All data in parts per trillion by volume (pptv). 1 Hz data is available upon request.
UNCERTAINTY: TBD
ULOD_FLAG: -7777
ULOD_VALUE: N/A
LLOD_FLAG: -8888
LLOD_VALUE: N/A
DM_CONTACT_INFO: Nathan Howard; nathan.h.howard@noaa.gov
PROJECT_INFO: USOS, summer 2024. https://csl.noaa.gov/groups/csl7/measurements/2024usos/
STIPULATIONS_ON_USE: Users are strongly encouraged to contact the PI for proper data usage.
OTHER_COMMENTS: 
REVISION: RA
RA: Preliminary Data; For in-field use only
starttime_UTC, HCOOH_NOAACIMS
     0, -9999.000
    60, -9999.000
   120, -9999.000
   180, -9999.000
   240, -9999.000
   300, -9999.000
   360, -9999.000
   420, -9999.000
   480, -9999.000
   540, -9999.000
   600, -9999.000
   660, -9999.000
   720, -9999.000
   780, -9999.000
   840, -9999.000
   900, -9999.000
   960, -9999.000
  1020, -9999.000
  1080, -9999.000
  1140, -9999.000
  1200, -9999.000
  1260, -9999.000
  1320, -9999.000
  1380, -9999.000
  1440, -9999.000
  1500, -9999.000
  1560, -9999.000
  1620, -9999.000
  1680, -9999.000
  1740, -9999.000
  1800, -9999.000
  1860, -9999.000
  1920, -9999.000
  1980, -9999.000
  2040, -9999.000
  2100, -9999.000
  2160, -9999.000
  2220, -9999.000
  2280, -9999.000
  2340, -9999.000
  2400, -9999.000
  2460, -9999.000
  2520, -9999.000
  2580, -9999.000
  2640, -9999.000
  2700, -9999.000
  2760, -9999.000
  2820, -9999.000
  2880, -9999.000
  2940, -9999.000
  3000, -9999.000
  3060, -9999.000
  3120, -9999.000
  3180, -9999.000
  3240, -9999.000
  3300, -9999.000
  3360, -9999.000
  3420, -9999.000
  3480, -9999.000
  3540, -9999.000
  3600, -9999.000
  3660, -9999.000
  3720, -9999.000
  3780, -9999.000
  3840, -9999.000
  3900, -9999.000
  3960, -9999.000
  4020, -9999.000
  4080, -9999.000
  4140, -9999.000
  4200, -9999.000
  4260, -9999.000
  4320, -9999.000
  4380, -9999.000
  4440, -9999.000
  4500, -9999.000
  4560, -9999.000
  4620, -9999.000
  4680, -9999.000
  4740, -9999.000
  4800, -9999.000
  4860, -9999.000
  4920, -9999.000
  4980, -9999.000
  5040, -9999.000
  5100, -9999.000
  5160, -9999.000
  5220, -9999.000
  5280, -9999.000
  5340, -9999.000
  5400, -9999.000
  5460, -9999.000
  5520, -9999.000
  5580, -9999.000
  5640, -9999.000
  5700, -9999.000
  5760, -9999.000
  5820, -9999.000
  5880, -9999.000
  5940, -9999.000
  6000, -9999.000
  6060, -9999.000
  6120, -9999.000
  6180, -9999.000
  6240, -9999.000
  6300, -9999.000
  6360, -9999.000
  6420, -9999.000
  6480, -9999.000
  6540, -9999.000
  6600, -9999.000
  6660, -9999.000
  6720, -9999.000
  6780, -9999.000
  6840, -9999.000
  6900, -9999.000
  6960, -9999.000
  7020, -9999.000
  7080, -9999.000
  7140, -9999.000
  7200, -9999.000
  7260, -9999.000
  7320, -9999.000
  7380, -9999.000
  7440, -9999.000
  7500, 2342.650
  7560, 2316.818
  7620, 2370.819
  7680, 2453.622
  7740, 2652.301
  7800, 2515.015
  7860, 2533.535
  7920, 2536.951
  7980, 2598.012
  8040, 2624.962
  8100, 2724.724
  8160, 2738.413
  8220, 2642.551
  8280, 2646.949
  8340, 2628.537
  8400, 2715.398
  8460, 2847.777
  8520, 2842.343
  8580, 2946.066
  8640, 3064.195
  8700, 3193.776
  8760, 3226.768
  8820, 3275.907
  8880, 3338.924
  8940, 3367.679
  9000, 3262.176
  9060, 2888.079
  9120, 2826.140
  9180, 2946.106
  9240, 3069.467
  9300, 2968.951
  9360, 3058.540
  9420, 3007.601
  9480, 3007.026
  9540, 3105.698
  9600, 3046.847
  9660, 3138.058
  9720, 2979.768
  9780, 2966.604
  9840, 3037.918
  9900, 3012.387
  9960, 2993.893
 10020, 2998.432
 10080, 2920.094
 10140, 2930.888
 10200, 2913.788
 10260, 2843.937
 10320, 2892.410
 10380, 2885.313
 10440, 2876.611
 10500, 2902.164
 10560, 2895.201
 10620, 2904.150
 10680, 2842.144
 10740, 2833.958
 10800, 2824.104
 10860, 2988.297
 10920, 3009.230
 10980, 2975.697
 11040, 3021.770
 11100, 2823.134
 11160, -9999.000
 11220, 3000.891
 11280, 2991.870
 11340, 2984.662
 11400, 2916.631
 11460, 2846.523
 11520, 2857.395
 11580, 2855.150
 11640, 2708.298
 11700, 2780.428
 11760, 2780.901
 11820, 2783.851
 11880, 2726.634
 11940, 2715.203
 12000, 2622.484
 12060, 2565.715
 12120, 2581.348
 12180, 2599.739
 12240, 2580.048
 12300, 2580.817
 12360, 2524.810
 12420, 2597.386
 12480, 2581.886
 12540, 2553.250
 12600, 2513.321
 12660, 2544.987
 12720, 2528.415
 12780, 2529.634
 12840, 2508.275
 12900, 2452.815
 12960, 2438.333
 13020, 2469.942
 13080, 2495.732
 13140, 2493.222
 13200, 2584.272
 13260, 2636.955
 13320, 2588.776
 13380, 2517.472
 13440, 2437.991
 13500, 2414.085
 13560, 2419.204
 13620, 2400.153
 13680, 2393.835
 13740, 2409.178
 13800, 2402.570
 13860, 2392.667
 13920, 2304.647
 13980, 2433.557
 14040, 2429.845
 14100, 2361.643
 14160, 2343.670
 14220, 2292.618
 14280, 2330.276
 14340, 2338.173
 14400, 2352.566
 14460, 2387.792
 14520, 2393.419
 14580, 2379.382
 14640, 2413.275
 14700, 2341.051
 14760, 2270.896
 14820, -9999.000
 14880, 2324.249
 14940, 2279.762
 15000, 2342.571
 15060, 2322.406
 15120, 2272.087
 15180, 2229.876
 15240, 2288.984
 15300, 2313.942
 15360, 2277.778
 15420, 2312.589
 15480, 2299.578
 15540, 2337.798
 15600, 2415.964
 15660, 2363.216
 15720, 2401.560
 15780, 2299.671
 15840, 2336.742
 15900, 2306.410
 15960, 2302.417
 16020, 2283.324
 16080, 2280.627
 16140, 2275.387
 16200, 2288.997
 16260, 2194.607
 16320, 2128.721
 16380, 2361.034
 16440, 2386.813
 16500, 2360.916
 16560, 2406.639
 16620, 2409.411
 16680, -9999.000
 16740, 2413.583
 16800, 2510.031
 16860, 2459.161
 16920, 2474.780
 16980, 2543.247
 17040, 2575.310
 17100, 2481.635
 17160, 2447.901
 17220, 2415.471
 17280, 2451.898
 17340, 2395.754
 17400, 2383.423
 17460, 2510.765
 17520, 2541.703
 17580, 2648.013
 17640, 2461.888
 17700, 2411.422
 17760, 2362.363
 17820, 2466.526
 17880, 2464.609
 17940, 2378.306
 18000, 2328.808
 18060, 2323.832
 18120, 2367.869
 18180, 2457.295
 18240, 2398.684
 18300, 2419.654
 18360, 2424.750
 18420, 2425.446
 18480, 2409.246
 18540, -9999.000
 18600, 2389.305
 18660, 2321.998
 18720, 2397.823
 18780, 2432.301
 18840, 2487.429
 18900, 2476.943
 18960, 2519.555
 19020, 2484.181
 19080, 2395.646
 19140, 2438.109
 19200, 2368.902
 19260, 2339.456
 19320, 2339.116
 19380, 2354.045
 19440, 2355.881
 19500, 2340.586
 19560, 2321.059
 19620, 2276.644
 19680, 2272.843
 19740, 2278.147
 19800, 2308.740
 19860, 2309.895
 19920, 2318.363
 19980, 2331.256
 20040, 2264.013
 20100, 2289.181
 20160, 2299.196
 20220, 2320.788
 20280, 2418.115
 20340, 2482.501
 20400, 2394.565
 20460, 2378.426
 20520, 2406.560
 20580, 2386.739
 20640, 2351.731
 20700, 2343.609
 20760, 2337.636
 20820, 2391.180
 20880, 2307.729
 20940, 2317.508
 21000, 2355.045
 21060, 2363.546
 21120, 2378.804
 21180, 2459.731
 21240, 2597.140
 21300, 2495.539
 21360, 2485.396
 21420, 2478.967
 21480, 2392.369
 21540, 2359.217
 21600, 2436.056
 21660, 2559.556
 21720, 2485.153
 21780, 2490.980
 21840, 2464.354
 21900, 2474.179
 21960, 2507.040
 22020, 2548.818
 22080, 2666.043
 22140, 2645.375
 22200, 2652.467
 22260, 2638.752
 22320, 2613.997
 22380, 2633.004
 22440, 2618.536
 22500, 2624.886
 22560, 2711.606
 22620, 2570.435
 22680, 2607.205
 22740, 2743.650
 22800, 2806.429
 22860, 2820.492
 22920, 2556.393
 22980, 2579.777
 23040, 2587.801
 23100, 2616.639
 23160, 2621.735
 23220, 2678.058
 23280, 2590.285
 23340, 2566.159
 23400, 2612.046
 23460, 2534.847
 23520, 2529.550
 23580, 2666.079
 23640, 2682.066
 23700, 2643.319
 23760, 2607.095
 23820, 2510.679
 23880, 2694.244
 23940, 2546.043
 24000, 2384.209
 24060, 2465.652
 24120, 2429.333
 24180, 2397.793
 24240, 2344.545
 24300, 2424.268
 24360, 2494.181
 24420, 2387.269
 24480, 2494.929
 24540, 2540.130
 24600, 2375.559
 24660, 2581.289
 24720, 2477.255
 24780, 2352.233
 24840, 2328.100
 24900, 2232.038
 24960, 2260.541
 25020, 2313.983
 25080, 2316.430
 25140, 2361.100
 25200, 2377.244
 25260, 2373.493
 25320, 2418.075
 25380, 2441.210
 25440, 2448.259
 25500, 2431.368
 25560, 2432.096
 25620, 2408.469
 25680, 2428.072
 25740, 2513.676
 25800, 2455.030
 25860, 2460.588
 25920, -9999.000
 25980, 2467.972
 26040, 2474.765
 26100, 2575.583
 26160, 2494.211
 26220, 2497.372
 26280, 2541.360
 26340, 2446.734
 26400, 2375.462
 26460, 2466.985
 26520, 2456.630
 26580, 2498.386
 26640, 2447.592
 26700, 2492.181
 26760, 2552.417
 26820, 2590.086
 26880, 2480.224
 26940, 2507.121
 27000, 2536.091
 27060, 2491.617
 27120, 2495.019
 27180, 2560.832
 27240, 2412.626
 27300, 2362.075
 27360, 2595.033
 27420, 2566.164
 27480, 2598.817
 27540, 2546.518
 27600, 2533.074
 27660, 2522.340
 27720, 2635.372
 27780, 2909.281
 27840, 2756.904
 27900, 2713.737
 27960, 2603.027
 28020, 2586.204
 28080, 2630.448
 28140, 2685.647
 28200, 2634.466
 28260, 2637.179
 28320, 2551.266
 28380, 2553.168
 28440, 2594.370
 28500, 2641.587
 28560, 2664.524
 28620, 2646.429
 28680, 2686.880
 28740, 2662.678
 28800, 2513.593
 28860, 2485.701
 28920, 2530.754
 28980, 2591.943
 29040, 2586.294
 29100, 2615.060
 29160, 2604.325
 29220, 2548.804
 29280, 2601.584
 29340, 2917.216
 29400, 2904.448
 29460, 2932.620
 29520, 2831.884
 29580, 2942.534
 29640, -9999.000
 29700, 2888.992
 29760, 2889.072
 29820, 2870.019
 29880, 3007.202
 29940, 3015.653
 30000, 2702.855
 30060, 2544.361
 30120, 2637.213
 30180, 2797.413
 30240, 2859.044
 30300, 2757.029
 30360, 2674.997
 30420, 2706.069
 30480, 2699.545
 30540, 2768.703
 30600, 2621.026
 30660, 2583.642
 30720, 2579.074
 30780, 2540.699
 30840, 2598.967
 30900, 2592.629
 30960, 2617.535
 31020, 2693.662
 31080, 2633.169
 31140, 2625.729
 31200, 2692.975
 31260, 2663.055
 31320, 2701.397
 31380, 2553.562
 31440, 2577.814
 31500, 2611.017
 31560, 2455.531
 31620, 2531.205
 31680, 2548.786
 31740, 2523.962
 31800, 2529.894
 31860, 2574.364
 31920, 2590.102
 31980, 2499.897
 32040, 2456.988
 32100, 2443.626
 32160, 2357.395
 32220, 2425.256
 32280, 2467.303
 32340, 2502.019
 32400, 2473.447
 32460, 2436.385
 32520, 2412.220
 32580, 2368.865
 32640, 2463.935
 32700, 2625.668
 32760, 2488.964
 32820, 2470.095
 32880, 2456.264
 32940, 2453.316
 33000, 2514.689
 33060, 2520.889
 33120, 2485.342
 33180, 2654.687
 33240, 2532.398
 33300, -9999.000
 33360, 2917.976
 33420, 2876.891
 33480, 2754.812
 33540, 2675.571
 33600, 2738.399
 33660, 2850.864
 33720, 2852.275
 33780, 2523.250
 33840, 2558.749
 33900, 2573.973
 33960, 2618.755
 34020, 2634.230
 34080, 2872.607
 34140, 2924.003
 34200, 2903.602
 34260, 2801.460
 34320, 2724.479
 34380, 2851.108
 34440, 2792.936
 34500, 2679.932
 34560, 2702.936
 34620, 2650.309
 34680, 2662.552
 34740, 2741.397
 34800, 2645.267
 34860, 2443.819
 34920, 2501.112
 34980, 2725.355
 35040, 2697.494
 35100, 2676.935
 35160, -9999.000
 35220, 2707.424
 35280, 2893.995
 35340, 2963.957
 35400, 2929.194
 35460, 2875.809
 35520, 2858.241
 35580, 2872.424
 35640, 2866.663
 35700, 2791.599
 35760, 2899.054
 35820, 2923.888
 35880, 2942.531
 35940, 2939.417
 36000, 2981.818
 36060, 3025.262
 36120, 3100.771
 36180, 3134.125
 36240, 3059.831
 36300, 3173.211
 36360, 3207.803
 36420, 3186.774
 36480, 3300.968
 36540, 3261.374
 36600, 3303.004
 36660, 3241.233
 36720, 3240.991
 36780, 3225.544
 36840, 3309.521
 36900, 3401.360
 36960, 3429.709
 37020, -9999.000
 37080, 3236.057
 37140, 3259.686
 37200, 3226.350
 37260, 3209.560
 37320, 3120.305
 37380, 3116.518
 37440, 3120.998
 37500, 3160.866
 37560, 3147.079
 37620, 3199.464
 37680, 3265.148
 37740, 3262.889
 37800, 3214.379
 37860, 3270.561
 37920, 3359.861
 37980, 3424.389
 38040, 3492.636
 38100, 3438.739
 38160, 3342.069
 38220, 3235.113
 38280, 3250.165
 38340, 3209.291
 38400, 3179.366
 38460, 3263.806
 38520, 3229.400
 38580, 3191.606
 38640, 3139.439
 38700, 3225.833
 38760, 3310.740
 38820, 3303.801
 38880, 3161.373
 38940, 3149.844
 39000, 3182.788
 39060, 3144.430
 39120, 3314.581
 39180, 3179.259
 39240, 3263.450
 39300, 3300.958
 39360, 3302.393
 39420, 3233.532
 39480, 3333.833
 39540, 3569.848
 39600, 3545.669
 39660, 3522.257
 39720, 3294.963
 39780, 3138.462
 39840, 3287.029
 39900, 3244.357
 39960, 3232.413
 40020, 3376.860
 40080, 3441.516
 40140, 3432.922
 40200, 3461.746
 40260, 3704.230
 40320, 3774.455
 40380, 3696.349
 40440, 3537.066
 40500, 3740.669
 40560, 3864.701
 40620, 3864.767
 40680, -9999.000
 40740, 3704.384
 40800, 3590.119
 40860, 3466.309
 40920, 3505.099
 40980, 3596.518
 41040, 3855.959
 41100, 3804.539
 41160, 3755.553
 41220, 3629.008
 41280, 3704.956
 41340, 3793.051
 41400, 3830.084
 41460, 3784.902
 41520, 3817.415
 41580, 3830.259
 41640, 3841.603
 41700, 3906.711
 41760, 4068.043
 41820, 4003.694
 41880, 3793.616
 41940, 3830.193
 42000, 3966.243
 42060, 3861.212
 42120, 3799.473
 42180, 3915.664
 42240, 4001.436
 42300, 3932.446
 42360, 3888.103
 42420, 3926.005
 42480, 4007.843
 42540, 3969.933
 42600, 3945.784
 42660, 3998.859
 42720, 4019.966
 42780, 3913.560
 42840, 4004.570
 42900, 3807.185
 42960, 3750.157
 43020, 3601.980
 43080, 3237.955
 43140, 3291.547
 43200, 3033.707
 43260, 3012.558
 43320, 3021.408
 43380, 2760.716
 43440, 2875.162
 43500, 2683.178
 43560, 2590.935
 43620, 2510.365
 43680, 2503.488
 43740, 2491.128
 43800, 2519.503
 43860, 2572.386
 43920, 2492.005
 43980, 2509.942
 44040, 2579.394
 44100, 2500.029
 44160, 2604.222
 44220, 2675.605
 44280, 2671.678
 44340, 2604.145
 44400, -9999.000
 44460, 2605.711
 44520, 2584.301
 44580, 2592.134
 44640, 2455.642
 44700, 2322.717
 44760, 2396.420
 44820, 2342.116
 44880, 2373.384
 44940, 2558.942
 45000, 2687.145
 45060, 2594.187
 45120, 2581.452
 45180, 2588.745
 45240, 2590.163
 45300, 2630.384
 45360, 2878.339
 45420, 2789.612
 45480, 2708.814
 45540, 2752.876
 45600, 2747.629
 45660, 2796.568
 45720, 2849.885
 45780, 2902.417
 45840, 2874.706
 45900, 2839.121
 45960, 2760.754
 46020, 2762.463
 46080, 2696.514
 46140, 2663.672
 46200, 2543.546
 46260, 2574.720
 46320, 2598.035
 46380, 2603.148
 46440, 2607.087
 46500, 2532.315
 46560, 2526.698
 46620, 2597.802
 46680, 2638.445
 46740, 2584.351
 46800, 2616.680
 46860, 3061.395
 46920, 2911.095
 46980, 2796.775
 47040, 2748.896
 47100, 2860.091
 47160, 2776.616
 47220, 2887.975
 47280, 2792.860
 47340, 2678.201
 47400, 2604.196
 47460, 2631.754
 47520, 2373.263
 47580, 2502.803
 47640, 2412.976
 47700, 2507.958
 47760, 2531.709
 47820, 2714.249
 47880, 2670.976
 47940, 2585.211
 48000, 2476.509
 48060, 2456.877
 48120, -9999.000
 48180, 2424.690
 48240, 2420.069
 48300, 2506.153
 48360, 2575.940
 48420, 2548.878
 48480, 2382.883
 48540, 2473.784
 48600, 2425.394
 48660, 2419.049
 48720, 2458.279
 48780, 2588.836
 48840, 2551.505
 48900, 2537.771
 48960, 2596.129
 49020, 2570.031
 49080, 2552.597
 49140, 2594.609
 49200, 2578.390
 49260, 2604.586
 49320, 2532.377
 49380, 2547.076
 49440, 2419.905
 49500, 2311.223
 49560, 2322.564
 49620, 2321.722
 49680, 2342.931
 49740, 2379.675
 49800, 2281.917
 49860, 2341.059
 49920, 2231.346
 49980, 2331.521
 50040, 2362.953
 50100, 2384.272
 50160, 2436.864
 50220, 2394.717
 50280, 2337.855
 50340, 2316.214
 50400, 2255.824
 50460, 2200.555
 50520, 2211.247
 50580, 2229.718
 50640, 2220.556
 50700, 2280.438
 50760, 2295.351
 50820, 2294.271
 50880, 2164.058
 50940, 2163.723
 51000, 2171.545
 51060, 2268.388
 51120, 2255.968
 51180, 2205.978
 51240, 2276.872
 51300, 2244.712
 51360, 2284.821
 51420, 2245.137
 51480, 2285.970
 51540, 2327.946
 51600, 2418.856
 51660, 2488.327
 51720, 2594.909
 51780, -9999.000
 51840, 2738.661
 51900, 2750.689
 51960, 2745.068
 52020, 2779.048
 52080, 2817.269
 52140, 2819.525
 52200, 2808.586
 52260, 2807.508
 52320, 2898.640
 52380, 2982.503
 52440, 2956.581
 52500, 2944.260
 52560, 2995.146
 52620, 2970.221
 52680, 2956.281
 52740, 2983.870
 52800, 2899.806
 52860, 2731.586
 52920, 2776.949
 52980, 2833.611
 53040, 2682.343
 53100, 2830.590
 53160, 2700.141
 53220, 2753.879
 53280, 2801.634
 53340, 2807.831
 53400, 2774.389
 53460, 2677.812
 53520, 2654.280
 53580, 2703.827
 53640, -9999.000
 53700, 2657.162
 53760, 2645.201
 53820, 2655.636
 53880, 2644.198
 53940, 2714.316
 54000, 2789.183
 54060, -9999.000
 54120, -9999.000
 54180, -9999.000
 54240, -9999.000
 54300, -9999.000
 54360, -9999.000
 54420, -9999.000
 54480, -9999.000
 54540, -9999.000
 54600, -9999.000
 54660, -9999.000
 54720, -9999.000
 54780, -9999.000
 54840, -9999.000
 54900, -9999.000
 54960, -9999.000
 55020, -9999.000
 55080, -9999.000
 55140, -9999.000
 55200, -9999.000
 55260, -9999.000
 55320, -9999.000
 55380, -9999.000
 55440, -9999.000
 55500, -9999.000
 55560, -9999.000
 55620, -9999.000
 55680, -9999.000
 55740, -9999.000
 55800, -9999.000
