CampaignData_and_Merges/R0/CSL_MobileLab_Parked/raw/20240809/USOS-NOy-LIF_MobileLabGround_20240809_R0.ict
39,1001
Rollins, A.; Waxman, E.; Zuraski, K.; Chace, W.
NOAA Chemical Sciences Laboratory
LIF NO/NOx/NOy on CSL Mobile Lab
AMMBEC / USOS
1, 1
2024,08,09, 2025,01,04
1
Time_Start, seconds, number_of_seconds_since_0000_UTC
7
1, 1, 1, 1, 1, 1, 1
-9999, -9999, -9999, -9999, -9999, -9999, -9999
Time_Stop, seconds, number_of_seconds_since_0000_UTC
NO_LIF, pptv, Gas_NO_InSitu_S_AVMR, volume mixing ratio of nitric oxide in air
NO2_LIF, pptv, Gas_NO2_InSitu_S_AVMR, volume mixing ratio of nitrogen dioxide in air
NOy_LIF, pptv, Gas_NOy_InSitu_S_AVMR, volume mixing ratio of total oxidized nitrogen in air
NO_LIF_1SigmaAccuracy, pptv, Gas_NO_InSitu_S_AVMR, volume mixing ratio of nitric oxide in air
NO2_LIF_1SigmaAccuracy, pptv, Gas_NO2_InSitu_S_AVMR, volume mixing ratio of nitrogen dioxide in air
NOy_LIF_1SigmaAccuracy, pptv, Gas_NOy_InSitu_S_AVMR, volume mixing ratio of total oxidized nitrogen in air
0
18
PI_CONTACT_INFO: andrew.rollins@noaa.gov
PLATFORM: CSL Mobile Lab
LOCATION: Salt Lake City, UT
ASSOCIATED_DATA:
INSTRUMENT_INFO: NO detection by laser induced fluorescence. NO2 detection by photolytic conversion to NO. NOy detection by catalytic conversion to NO on gold surface
DATA_INFO:
UNCERTAINTY: Included 1 Sigma Accuracy waves represent the combined calibration uncertainties (±6%, ±9%, ±10%) and zero uncertainties (3 ppt, 20 ppt, 100 ppt) for NO, NO2, and NOy, respectively.
ULOD_FLAG: -7777
ULOD_VALUE: N/A
LLOD_FLAG: -8888
LLOD_VALUE: N/A
DM_CONTACT_INFO: andrew.rollins@noaa.gov
PROJECT_INFO: USOS Project, July - August 2024
STIPULATIONS_ON_USE: Users are strongly encouraged to contact the PI for proper data usage.
OTHER_COMMENTS:
REVISION: R0
R0: final data
Time_Start, Time_Stop, NO_LIF, NO2_LIF, NOy_LIF, NO_LIF_1SigmaAccuracy, NO2_LIF_1SigmaAccuracy, NOy_LIF_1SigmaAccuracy
[from data line 264]
   15840,   15900,35.369,4022.6,6505.5,5.1222, 382.04, 750.55
   15900,   15960,22.78,4055.1,5174.4,4.3668, 384.96, 617.44
   15960,   16020,15.529,2873.4,4423.3,3.9318, 278.61, 542.33
   16020,   16080,11.98,2280.5,3890.9,3.7188, 225.24, 489.09
   16080,   16140,17.953,2158,3138.2,4.0772, 214.22, 413.82
   16140,   16200,32.509,2564.5,3074.1,4.9505, 250.8, 407.41
   16200,   16260,88.37,5134.9,3648,8.3022, 482.14, 464.8
   16260,   16320,129.77,5170.9,5413.4,10.786, 485.38, 641.34
   16320,   16380,1003.6,6215.8,6860.3,63.219, 579.42, 786.03
   16380,   16440,252.99,4284.7,5675.5,18.179, 405.63, 667.55
   16440,   16500,43.664,4173.6,5678,5.6198, 395.63, 667.8
   16500,   16560,20.829,3837.3,4705.8,4.2497, 365.36, 570.58
   16560,   16620,20.547,3511.2,4577.8,4.2328, 336.01, 557.78
   16620,   16680,21.051,2959.6,3885.2,4.263, 286.36, 488.52
   16680,   16740,31.288,3627,4324.8,4.8773, 346.43, 532.48
   16740,   16800,12.844,3317.5,4531.9,3.7706, 318.58, 553.19
   16800,   16860,33.61,3730.5,4641.5,5.0166, 355.74, 564.15
   16860,   16920,65.095,4955.9,6089.2,6.9057, 466.03, 708.92
   16920,   16980,12.531,3833.2,5147.2,3.7518, 364.99, 614.72
   16980,   17040,10.071,3793.4,5199.6,3.6043, 361.4, 619.96
   17040,   17100,13.577,4041.3,4878.8,3.8146, 383.72, 587.88
   17100,   17160,71.315,6629.8,6760.6,7.2789, 616.68, 776.06
   17160,   17220,86.293,9557.2,9249.6,8.1776, 880.15, 1025
   17220,   17280,22.794,7138.4,8178.3,4.3676, 662.46, 917.83
   17280,   17340,20.227,8709.6,7637.6,4.2136, 803.86, 863.76
   17340,   17400,51.425,9353.8,7987.9,6.0855, 861.84, 898.79
   17400,   17460,20.124,7442,8243.6,4.2074, 689.78, 924.36
   17460,   17520,10.241,7170,8766.7,3.6145, 665.3, 976.67
   17520,   17580,10.517,7170.5,9047.3,3.631, 665.35, 1004.7
   17580,   17640,-9999,-9999,-9999,-9999, -9999, -9999
   17640,   17700,-9999,-9999,-9999,-9999, -9999, -9999
   17700,   17760,-9999,-9999,-9999,-9999, -9999, -9999
   17760,   17820,-9999,-9999,-9999,-9999, -9999, -9999
   17820,   17880,-9999,-9999,-9999,-9999, -9999, -9999
   17880,   17940,-9999,-9999,-9999,-9999, -9999, -9999
   17940,   18000,-9999,-9999,-9999,-9999, -9999, -9999
   18000,   18060,69.289,5287.2,10213,7.1574, 495.85, 1121.3
   18060,   18120,32.397,4098.3,7273.2,4.9438, 388.85, 827.32
   18120,   18180,36.026,4080.4,6069.5,5.1616, 387.24, 706.95
   18180,   18240,32.617,5320.6,6199.4,4.957, 498.85, 719.94
   18240,   18300,94.272,5056.2,5821.6,8.6563, 475.06, 682.16
   18300,   18360,38.647,4478,5134.3,5.3188, 423.02, 613.43
   18360,   18420,30.372,4215.8,4846.2,4.8223, 399.42, 584.62
   18420,   18480,28.905,4297.9,4979.1,4.7343, 406.81, 597.91
   18480,   18540,26.155,4154.7,5398.1,4.5693, 393.93, 639.81
   18540,   18600,41.811,4013.6,4852.9,5.5086, 381.22, 585.29
   18600,   18660,29.74,3492.1,4263.8,4.7844, 334.28, 526.38
   18660,   18720,41.3,4043.4,4546.4,5.478, 383.91, 554.64
   18720,   18780,241.82,6282.5,6566.5,17.509, 585.42, 756.65
   18780,   18840,64.023,7511.3,8069.6,6.8414, 696.02, 906.96
   18840,   18900,832.97,9961.6,8318.2,52.978, 916.54, 931.82
   18900,   18960,1221.6,12423,13631,76.294, 1138, 1463.1
   18960,   19020,254.96,11491,13185,18.298, 1054.2, 1418.5
   19020,   19080,142.47,10992,11915,11.548, 1009.3, 1291.5
   19080,   19140,56.696,9654.3,10872,6.4018, 888.88, 1187.2
   19140,   19200,523.88,10920,11468,34.433, 1002.8, 1246.8
   19200,   19260,2134.4,14771,17075,131.07, 1349.4, 1807.5
   19260,   19320,481.07,9016.3,12713,31.864, 831.47, 1371.3
   19320,   19380,66.418,7033.2,9211.4,6.9851, 652.99, 1021.1
   19380,   19440,124.86,6620.7,8087.4,10.491, 615.86, 908.74
   19440,   19500,1338.8,8456.6,10251,83.328, 781.09, 1125.1
   19500,   19560,345.45,7111.5,12765,23.727, 660.04, 1376.5
   19560,   19620,63.62,6027.7,8554,6.8172, 562.5, 955.4
   19620,   19680,54.606,5861.8,7261.3,6.2764, 547.56, 826.13
   19680,   19740,49.684,5326.3,6729.3,5.981, 499.37, 772.93
   19740,   19800,111.02,5819,8007.7,9.6613, 543.71, 900.77
   19800,   19860,34.996,5004.2,6632.5,5.0998, 470.38, 763.25
   19860,   19920,56.783,6147.5,6508.9,6.407, 573.27, 750.89
   19920,   19980,47.68,6458,7404.2,5.8608, 601.22, 840.42
   19980,   20040,32.118,5774.4,7337.2,4.9271, 539.7, 833.72
   20040,   20100,61.248,5758,6829.9,6.6749, 538.22, 782.99
   20100,   20160,132.53,5493.5,6734,10.952, 514.41, 773.4
   20160,   20220,46.846,5350.9,6923.4,5.8108, 501.58, 792.34
   20220,   20280,10.993,4723.6,6198.5,3.6596, 445.12, 719.85
   20280,   20340,73.829,5722.9,6344.2,7.4298, 535.06, 734.42
   20340,   20400,104.48,7164.9,7781.1,9.2687, 664.84, 878.11
   20400,   20460,39.94,7257.8,8343.3,5.3964, 673.2, 934.33
   20460,   20520,51.192,6693,7910.4,6.0715, 622.37, 891.04
   20520,   20580,29.819,6047.9,7763.4,4.7891, 564.31, 876.34
   20580,   20640,33.268,6984.3,8157.7,4.9961, 648.59, 915.77
   20640,   20700,22.825,6726.2,7893.4,4.3695, 625.35, 889.34
   20700,   20760,36.678,6945.7,8165.6,5.2007, 645.11, 916.56
   20760,   20820,48.091,6158.6,7826.6,5.8855, 574.28, 882.66
   20820,   20880,29.239,5897.2,7316.5,4.7544, 550.75, 831.65
   20880,   20940,32.242,5772,7382.9,4.9345, 539.48, 838.29
   20940,   21000,17.053,5196.2,6878.2,4.0232, 487.65, 787.82
   21000,   21060,11.205,4820.9,6210.1,3.6723, 453.88, 721.01
   21060,   21120,9.4232,4771.5,6259.8,3.5654, 449.43, 725.98
   21120,   21180,12.223,4728.9,6013.9,3.7334, 445.6, 701.39
   21180,   21240,27.137,5357.4,6104,4.6282, 502.16, 710.4
   21240,   21300,24.934,6049.2,6721.6,4.4961, 564.43, 772.16
   21300,   21360,19.265,5479.2,6531,4.1559, 513.12, 753.1
   21360,   21420,28.029,5343.8,6734,4.6817, 500.94, 773.4
   21420,   21480,14.657,5144.9,6981.9,3.8794, 483.04, 798.19
   21480,   21540,17.271,5301.1,6685.5,4.0363, 497.1, 768.55
   21540,   21600,7.4107,3636.8,6423.8,3.4446, 347.31, 742.38
   21600,   21660,4.4549,3968.6,5804.7,3.2673, 377.18, 680.47
   21660,   21720,8.1066,5281.6,6118.2,3.4864, 495.34, 711.82
   21720,   21780,63.812,6210,6411.9,6.8287, 578.9, 741.19
   21780,   21840,183.88,9090,7861.9,14.033, 838.1, 886.19
   21840,   21900,287.75,14471,7590.2,20.265, 1322.4, 859.02
   21900,   21960,186.11,17089,9133.9,14.166, 1558, 1013.4
   21960,   22020,51.787,14696,9258.2,6.1072, 1342.7, 1025.8
   22020,   22080,13.042,10875,11344,3.7825, 998.75, 1234.4
   22080,   22140,36.351,9655.4,10965,5.181, 888.99, 1196.5
   22140,   22200,143.34,9193.7,11292,11.6, 847.44, 1229.2
   22200,   22260,143.38,9135.9,10518,11.603, 842.23, 1151.8
   22260,   22320,310.27,6761.5,9284,21.616, 628.54, 1028.4
   22320,   22380,1138.1,13056,11335,71.284, 1195, 1233.5
   22380,   22440,997.22,12676,14332,62.833, 1160.9, 1533.2
   22440,   22500,273.88,8128.1,12629,19.433, 751.53, 1362.9
   22500,   22560,168.55,7229,10839,13.113, 670.61, 1183.9
   22560,   22620,45.313,5131.6,8043.8,5.7188, 481.84, 904.38
   22620,   22680,20.568,4593.9,6449.6,4.2341, 433.45, 744.96
   22680,   22740,24.625,4425.8,6115.5,4.4775, 418.32, 711.55
   22740,   22800,953.1,5155.8,6311.4,60.186, 484.02, 731.14
   22800,   22860,203.97,7467.3,9791.4,15.238, 692.05, 1079.1
   22860,   22920,39.254,7664,8760.2,5.3553, 709.76, 976.02
   22920,   22980,19.06,6243.6,7946.8,4.1436, 581.92, 894.68
   22980,   23040,11.102,4223.8,5258.7,3.6661, 400.14, 625.87
   23040,   23100,11.447,4030.7,5105.7,3.6868, 382.76, 610.57
   23100,   23160,20.624,3940.9,5034.6,4.2374, 374.68, 603.46
   23160,   23220,204.28,5343.2,5827.8,15.257, 500.89, 682.78
   23220,   23280,293,6463.8,6598.6,20.58, 601.75, 759.86
   23280,   23340,28.559,5298.7,6000.9,4.7135, 496.88, 700.09
   23340,   23400,18.139,5450.4,5984.9,4.0883, 510.53, 698.49
   23400,   23460,10.674,4951.4,6228.4,3.6404, 465.63, 722.84
   23460,   23520,7.3374,4783.6,5666.3,3.4402, 450.52, 666.63
   23520,   23580,9.0765,4270.7,6395.3,3.5446, 404.37, 739.53
   23580,   23640,13.096,4685,6982.4,3.7857, 441.65, 798.24
   23640,   23700,29.965,4302.5,5608.2,4.7979, 407.23, 660.82
   23700,   23760,107.19,4779.8,5876.4,9.4311, 450.18, 687.64
   23760,   23820,73.162,5419.7,5720,7.3897, 507.77, 672
   23820,   23880,81.626,4651.7,5912.9,7.8975, 438.65, 691.29
   23880,   23940,44.988,3446.4,5552.2,5.6993, 330.18, 655.22
   23940,   24000,291.06,4357.2,5560.7,20.464, 412.15, 656.07
   24000,   24060,71.847,3132.4,5367.6,7.3108, 301.92, 636.76
   24060,   24120,10.01,2606,3984.1,3.6006, 254.54, 498.41
   24120,   24180,7.8567,2798.4,3844.8,3.4714, 271.85, 484.48
   24180,   24240,6.7058,2563.2,3646.3,3.4023, 250.69, 464.63
   24240,   24300,9.4801,2624.3,3701.2,3.5688, 256.19, 470.12
   24300,   24360,8.6788,2648,3619.9,3.5207, 258.32, 461.99
   24360,   24420,12.299,2871.3,3779.6,3.7379, 278.41, 477.96
   24420,   24480,13.69,2812.6,3749.4,3.8214, 273.13, 474.94
   24480,   24540,20.772,2398.9,3687.9,4.2463, 235.9, 468.79
   24540,   24600,49.645,2821.9,3909.6,5.9787, 273.97, 490.96
   24600,   24660,14.178,2306.9,3345.4,3.8507, 227.62, 434.54
   24660,   24720,18.906,2961.8,3883.2,4.1344, 286.56, 488.32
   24720,   24780,10.014,3047.8,4014.8,3.6009, 294.3, 501.48
   24780,   24840,174.34,2958.5,4578.2,13.46, 286.27, 557.82
   24840,   24900,70.075,2481.8,4014.9,7.2045, 243.36, 501.49
   24900,   24960,137.66,2923.9,4381.3,11.259, 283.16, 538.13
   24960,   25020,12.538,1867.6,3425.7,3.7523, 188.09, 442.57
   25020,   25080,197.91,2374.7,3168.9,14.874, 233.72, 416.89
   25080,   25140,107.84,2516.5,3634.4,9.4706, 246.48, 463.44
   25140,   25200,14.747,2122.1,3174.9,3.8848, 210.99, 417.49
   25200,   25260,88.342,2604.7,3164.6,8.3005, 254.43, 416.46
   25260,   25320,13.752,2254.8,3237.2,3.8251, 222.93, 423.72
   25320,   25380,9.5294,2263.2,3238,3.5718, 223.68, 423.8
   25380,   25440,166.45,3418.7,3874.7,12.987, 327.68, 487.47
   25440,   25500,21.324,2703.8,3657.4,4.2795, 263.34, 465.74
   25500,   25560,10.853,2631.8,3601.5,3.6512, 256.86, 460.15
   25560,   25620,-9999,-9999,-9999,-9999, -9999, -9999
   25620,   25680,-9999,-9999,-9999,-9999, -9999, -9999
   25680,   25740,-9999,-9999,-9999,-9999, -9999, -9999
   25740,   25800,-9999,-9999,-9999,-9999, -9999, -9999
   25800,   25860,-9999,-9999,-9999,-9999, -9999, -9999
   25860,   25920,-9999,-9999,-9999,-9999, -9999, -9999
   25920,   25980,-9999,-9999,-9999,-9999, -9999, -9999
   25980,   26040,14.822,2491.8,3588.6,3.8893, 244.26, 458.86
   26040,   26100,10.87,2481.4,3358.3,3.6522, 243.32, 435.83
   26100,   26160,7.2138,2222.3,3552.1,3.4328, 220.01, 455.21
   26160,   26220,11.483,2454.3,3567.8,3.689, 240.89, 456.78
   26220,   26280,7.8207,2337.5,3389.6,3.4692, 230.38, 438.96
   26280,   26340,6.7382,2433.5,3472.7,3.4043, 239.01, 447.27
   26340,   26400,5.4506,2391.2,3540.2,3.327, 235.21, 454.02
   26400,   26460,8.4096,2042.7,3389.5,3.5046, 203.85, 438.95
   26460,   26520,10.49,2041.4,3282.5,3.6294, 203.73, 428.25
   26520,   26580,8.8172,2378.8,3391.9,3.529, 234.09, 439.19
   26580,   26640,9.08,2288,3436.7,3.5448, 225.92, 443.67
   26640,   26700,10.349,2172.5,3355.9,3.621, 215.53, 435.59
   26700,   26760,10.223,2088.6,3330.9,3.6134, 207.97, 433.09
   26760,   26820,10.905,2100.4,3138.2,3.6543, 209.04, 413.82
   26820,   26880,9.5363,2134.4,3120,3.5722, 212.09, 412
   26880,   26940,7.9544,2142.8,3316.8,3.4773, 212.85, 431.68
   26940,   27000,11.364,2212.2,3278.6,3.6819, 219.1, 427.86
   27000,   27060,15.228,2406.5,3245.2,3.9137, 236.59, 424.52
   27060,   27120,308.15,4913.3,4740.3,21.489, 462.2, 574.03
   27120,   27180,38.36,2714.9,4759.6,5.3016, 264.34, 575.96
   27180,   27240,8.3628,2330.6,3814.1,3.5018, 229.76, 481.41
   27240,   27300,14.481,2294.1,3630.7,3.8688, 226.47, 463.07
   27300,   27360,19.936,1813.7,3171.6,4.1961, 183.23, 417.16
   27360,   27420,48.232,2765.1,3585.4,5.8939, 268.85, 458.54
   27420,   27480,9.0827,3190.6,3791.2,3.545, 307.16, 479.12
   27480,   27540,9.7014,3021.6,4108.5,3.5821, 291.94, 510.85
   27540,   27600,11.551,2914.3,4209.3,3.6931, 282.28, 520.93
   27600,   27660,7.6493,2455.7,3743.4,3.459, 241.01, 474.34
   27660,   27720,6.2305,2329.7,3543,3.3738, 229.67, 454.3
   27720,   27780,6.1586,2267.3,3565.3,3.3695, 224.06, 456.53
   27780,   27840,45.404,2644.3,3763.4,5.7242, 257.98, 476.34
   27840,   27900,779.4,6828,4859.7,49.764, 634.52, 585.97
   27900,   27960,818.13,6864.7,7169.3,52.088, 637.82, 816.93
   27960,   28020,19.785,4397.2,5781.5,4.1871, 415.75, 678.15
   28020,   28080,9.073,3354.5,4829.1,3.5444, 321.91, 582.91
   28080,   28140,7.1187,2913.2,4277.5,3.4271, 282.19, 527.75
   28140,   28200,13.109,2890.8,4197.2,3.7866, 280.17, 519.72
   28200,   28260,13.496,2969.3,4246.9,3.8097, 287.24, 524.69
   28260,   28320,6.9661,2579.7,3917.7,3.418, 252.17, 491.77
   28320,   28380,20.329,2679.6,3823.8,4.2197, 261.16, 482.38
   28380,   28440,9.0618,2322.7,3936.1,3.5437, 229.05, 493.61
   28440,   28500,8.2397,2361.9,3601.7,3.4944, 232.57, 460.17
   28500,   28560,17.165,2687,3924.9,4.0299, 261.83, 492.49
   28560,   28620,13.624,2682.9,3965,3.8175, 261.46, 496.5
   28620,   28680,15.905,2513.2,3667.5,3.9543, 246.19, 466.75
   28680,   28740,144.06,3854.1,4548.8,11.644, 366.87, 554.88
   28740,   28800,8.6193,2548.6,3647.4,3.5172, 249.38, 464.74
   28800,   28860,7.1916,2375.3,3538.3,3.4315, 233.78, 453.83
   28860,   28920,4.7592,2026,3100.7,3.2856, 202.34, 410.07
   28920,   28980,6.0986,1914.8,2829.3,3.3659, 192.33, 382.93
   28980,   29040,13.239,2331.6,3048.3,3.7944, 229.85, 404.83
   29040,   29100,6.6499,2175.5,3148.6,3.399, 215.8, 414.86
   29100,   29160,16.664,2109.1,3022.5,3.9998, 209.82, 402.25
   29160,   29220,25.033,2259.6,3031.2,4.502, 223.36, 403.12
   29220,   29280,12.397,2198.3,3118.3,3.7438, 217.85, 411.83
   29280,   29340,11.436,2532.7,3467.5,3.6861, 247.94, 446.75
   29340,   29400,11.355,2539.4,3419.2,3.6813, 248.55, 441.92
   29400,   29460,12.555,2703.5,3673.4,3.7533, 263.32, 467.34
   29460,   29520,12.494,2615.9,3591.4,3.7496, 255.43, 459.14
   29520,   29580,8.0061,2505.4,3638.6,3.4804, 245.48, 463.86
   29580,   29640,4.7718,2469.1,3587.4,3.2863, 242.22, 458.74
   29640,   29700,24.709,2858.8,3887.4,4.4825, 277.3, 488.74
   29700,   29760,11.711,2889.9,3997.8,3.7027, 280.09, 499.78
   29760,   29820,8.4797,2870.9,3903,3.5088, 278.38, 490.3
   29820,   29880,9.2799,2806.9,4278.2,3.5568, 272.62, 527.82
   29880,   29940,76.441,4589.3,5044.1,7.5864, 433.03, 604.41
   29940,   30000,89.796,4837.8,7383.2,8.3877, 455.4, 838.32
   30000,   30060,13.798,3238.8,4301.2,3.8279, 311.5, 530.12
   30060,   30120,5.7559,2410.2,3785.5,3.3454, 236.92, 478.55
   30120,   30180,4.774,2264.8,3442.4,3.2864, 223.83, 444.24
   30180,   30240,5.3167,2453,3732.9,3.319, 240.77, 473.29
   30240,   30300,13.9,2927.2,3830.9,3.834, 283.45, 483.09
   30300,   30360,9.8761,2827.2,3927.8,3.5926, 274.45, 492.78
   30360,   30420,9.3836,2552.9,3654.6,3.563, 249.77, 465.46
   30420,   30480,13.073,2402.3,3476.3,3.7844, 236.2, 447.63
   30480,   30540,21.208,2648.3,3773.6,4.2725, 258.35, 477.36
   30540,   30600,15.595,2438.2,3631.1,3.9357, 239.44, 463.11
   30600,   30660,34.616,2518.2,3634.3,5.077, 246.64, 463.43
   30660,   30720,18.987,2392.9,3446.6,4.1392, 235.36, 444.66
   30720,   30780,16.788,2445.7,3539.1,4.0073, 240.11, 453.91
   30780,   30840,11.094,2420.3,3443.8,3.6656, 237.83, 444.38
   30840,   30900,9.0977,2403.6,3377.9,3.5459, 236.32, 437.79
   30900,   30960,22.848,2441.4,3408.8,4.3709, 239.72, 440.88
   30960,   31020,17.884,2451.3,3423.8,4.073, 240.62, 442.38
   31020,   31080,11.126,2454.8,3392.7,3.6676, 240.93, 439.27
   31080,   31140,35.006,2652.7,3522.3,5.1003, 258.74, 452.23
   31140,   31200,419.63,4808.5,4040.8,28.178, 452.77, 504.08
   31200,   31260,67.942,3530.7,3907.9,7.0765, 337.76, 490.79
   31260,   31320,44.286,3266.8,4454.7,5.6572, 314.01, 545.47
   31320,   31380,57.74,2887.3,4175.3,6.4644, 279.86, 517.53
   31380,   31440,49.476,2677.8,3999.7,5.9685, 261.01, 499.97
   31440,   31500,7.3727,2303.9,3840.1,3.4424, 227.36, 484.01
   31500,   31560,9.3306,2268.5,3467.3,3.5598, 224.16, 446.73
