CampaignData_and_Merges/R0/CSL_MobileLab_Parked/raw/20240809/USOS-NOAAIodideCIMS-OrgNitrs_MobileLabGround_20240809_RA.ict
37, 1001
Michael A Robinson, Chris Jernigan, Subi Thakali
NOAA ESRL Chemical Sciences Laboratory and CIRES, U. of Colorado
NOAA Iodide CIMS Instrument
USOS
1, 1
2024, 08, 09, 2024, 08, 10
1
starttime_UTC, seconds_past_midnight, seconds_of_day_since_00:00:00_UTC
5
1, 1, 1, 1, 1
-9999, -9999, -9999, -9999, -9999
C4H7NO5_NOAACIMS, pptv, Gas_C4H7NO5_InSitu_S_AVMR, 
ISOPN_NOAACIMS, pptv, Gas_ISOPN_InSitu_S_AVMR, 
C5H10O3_NOAACIMS, pptv, Gas_C5H10O3_InSitu_S_AVMR, 
C5H9NO5_NOAACIMS, pptv, Gas_C5H9NO5_InSitu_S_AVMR, 
C10H17NO4_NOAACIMS, pptv, Gas_C10H17NO4_InSitu_S_AVMR, 
0
18
PI_CONTACT_INFO: 325 Broadway, R/CSD 7, Boulder, Colorado 80305; michael.a.robinson@noaa.gov; chris.jernigan@noaa.gov;
PLATFORM: NOAA CSL Mobile Lab
LOCATION: SLC, Utah
ASSOCIATED_DATA: 1Hz data also available on request.
INSTRUMENT_INFO: NOAA I- ToF CIMS
DATA_INFO: All data in parts per trillion by volume (pptv). 1 Hz data is available upon request.
UNCERTAINTY: TBD
ULOD_FLAG: -7777
ULOD_VALUE: N/A
LLOD_FLAG: -8888
LLOD_VALUE: N/A
DM_CONTACT_INFO: Nathan Howard; nathan.h.howard@noaa.gov
PROJECT_INFO: USOS, summer 2024. https://csl.noaa.gov/groups/csl7/measurements/2024usos/
STIPULATIONS_ON_USE: Users are strongly encouraged to contact the PI for proper data usage.
OTHER_COMMENTS: 
REVISION: RA
RA: Preliminary Data; For in-field use only
starttime_UTC, C4H7NO5_NOAACIMS, ISOPN_NOAACIMS, C5H10O3_NOAACIMS, C5H9NO5_NOAACIMS, C10H17NO4_NOAACIMS
[from data line 1296]
 77760,  1.750,  5.949, 17.759,  1.738,  0.279
 77820,  1.772,  6.128, 18.115,  1.729,  0.258
 77880,  1.720,  6.197, 17.788,  1.684,  0.331
 77940,  1.671,  6.254, 16.811,  1.507,  0.316
 78000,  1.568,  5.721, 16.547,  1.475,  0.287
 78060,  1.626,  6.365, 16.185,  1.562,  0.328
 78120,  1.609,  6.275, 14.883,  1.419,  0.217
 78180,  1.624,  6.137, 15.401,  1.549,  0.297
 78240,  1.530,  6.219, 14.207,  1.504,  0.254
 78300,  1.583,  6.485, 14.615,  1.530,  0.275
 78360,  1.524,  6.177, 13.677,  1.245,  0.085
 78420,  1.560,  6.635, 13.749,  1.527,  0.243
 78480,  1.539,  6.287, 12.751,  1.292,  0.293
 78540,  1.545,  6.372, 13.555,  1.519,  0.234
 78600,  1.568,  6.532, 13.226,  1.369,  0.220
 78660,  1.624,  7.874, 13.975,  1.441,  0.235
 78720,  1.706,  8.125, 14.704,  1.515,  0.294
 78780,  1.725,  8.356, 15.078,  1.426,  0.312
 78840,  1.634,  6.722, 16.141,  1.644,  0.295
 78900,  1.675,  6.815, 17.306,  1.776,  0.334
 78960,  1.622,  6.943, 18.094,  1.665,  0.285
 79020,  1.629,  6.180, 18.408,  1.586,  0.238
 79080,  1.681,  7.328, 20.045,  1.731,  0.302
 79140,  1.727,  7.913, 19.902,  1.655,  0.333
 79200,  1.805,  8.065, 20.384,  1.816,  0.348
 79260,  1.806,  8.970, 20.724,  1.740,  0.339
 79320,  1.821,  8.174, 20.998,  1.722,  0.300
 79380,  1.878,  9.372, 21.650,  1.664,  0.313
 79440,  1.867,  9.333, 21.759,  1.780,  0.383
 79500, -9999.000, -9999.000, -9999.000, -9999.000, -9999.000
 79560,  1.972, 11.042, 20.994,  1.995,  0.399
 79620,  1.983, 11.373, 21.791,  1.923,  0.365
 79680,  2.018, 11.007, 23.281,  1.755,  0.361
 79740,  1.907,  9.809, 22.577,  1.843,  0.325
 79800,  1.688,  7.640, 21.622,  1.781,  0.291
 79860,  1.723,  8.056, 21.495,  1.836,  0.266
 79920,  1.725,  7.862, 23.034,  1.690,  0.245
 79980,  1.669,  5.417, 21.239,  1.616,  0.192
 80040,  1.688,  5.696, 21.999,  1.610,  0.218
 80100,  1.708,  6.735, 23.006,  1.689,  0.251
 80160,  1.808,  7.730, 21.704,  1.635,  0.262
 80220,  1.698,  7.113, 23.133,  1.568,  0.173
 80280,  1.811,  7.984, 23.477,  1.714,  0.205
 80340,  1.834,  8.083, 24.240,  1.553,  0.226
 80400,  1.801,  8.067, 23.801,  1.477,  0.178
 80460,  1.818,  8.627, 24.923,  1.608,  0.182
 80520,  1.925,  9.320, 25.777,  1.653,  0.183
 80580,  2.069, 10.330, 27.552,  1.520,  0.218
 80640,  2.194, 11.280, 28.334,  1.675,  0.263
 80700,  2.318, 14.288, 30.421,  1.734,  0.246
 80760,  2.042, 12.476, 28.742,  1.545,  0.291
 80820,  1.765, 10.336, 23.668,  1.483,  0.276
 80880,  1.772,  9.556, 22.018,  1.397,  0.298
 80940,  1.781, 10.282, 21.509,  1.428,  0.282
 81000,  1.741,  9.050, 21.159,  1.380,  0.346
 81060,  1.602,  8.517, 20.908,  1.489,  0.260
 81120,  1.697,  9.090, 21.717,  1.369,  0.271
 81180,  1.745,  8.937, 21.944,  1.411,  0.292
 81240,  1.734,  8.234, 21.618,  1.485,  0.232
 81300,  1.691,  8.412, 21.712,  1.339,  0.288
 81360, -9999.000, -9999.000, -9999.000, -9999.000, -9999.000
 81420,  1.693,  6.680, 17.275,  1.576,  0.163
 81480,  1.779,  7.063, 18.679,  1.418,  0.170
 81540,  1.690,  8.421, 21.083,  1.297,  0.229
 81600,  1.660,  8.534, 22.333,  1.395,  0.196
 81660,  1.748,  9.066, 24.244,  1.397,  0.181
 81720,  1.837,  9.883, 24.155,  1.240,  0.240
 81780,  1.968, 10.262, 24.702,  1.351,  0.262
 81840,  2.010, 10.049, 25.755,  1.356,  0.293
 81900,  2.199, 11.216, 24.998,  1.469,  0.312
 81960,  2.642, 14.535, 22.791,  1.607,  0.319
 82020,  2.868, 15.473, 21.961,  1.822,  0.362
 82080,  3.037, 15.693, 21.285,  1.874,  0.337
 82140,  3.072, 15.343, 21.685,  1.806,  0.335
 82200,  3.217, 15.318, 21.680,  1.839,  0.300
 82260,  3.347, 15.438, 21.873,  1.848,  0.291
 82320,  3.453, 16.460, 22.312,  1.975,  0.311
 82380,  3.426, 16.736, 21.815,  2.034,  0.324
 82440,  3.205, 15.813, 22.071,  1.792,  0.347
 82500,  3.038, 14.255, 20.920,  1.788,  0.321
 82560,  3.293, 13.947, 20.563,  2.002,  0.328
 82620,  3.606, 13.945, 21.251,  2.110,  0.267
 82680,  4.021, 16.062, 22.333,  2.534,  0.317
 82740,  4.254, 17.977, 23.475,  2.764,  0.329
 82800,  4.445, 17.836, 24.511,  2.907,  0.343
 82860,  4.452, 17.099, 24.360,  2.928,  0.395
 82920,  4.463, 16.922, 25.266,  2.949,  0.359
 82980,  4.301, 16.785, 23.684,  2.740,  0.430
 83040,  4.352, 15.666, 23.588,  2.808,  0.284
 83100,  4.226, 15.183, 22.548,  2.676,  0.311
 83160,  4.240, 15.347, 23.974,  2.797,  0.311
 83220,  3.879, 15.990, 21.161,  3.145,  0.313
 83280,  3.990, 15.385, 21.272,  2.948,  0.349
 83340,  3.960, 14.882, 21.521,  2.886,  0.369
 83400,  3.961, 14.971, 21.695,  2.866,  0.369
 83460,  3.875, 14.727, 21.454,  2.846,  0.363
 83520,  3.685, 14.233, 21.033,  2.912,  0.321
 83580,  3.604, 13.816, 21.213,  2.721,  0.361
 83640,  3.751, 14.090, 21.253,  2.847,  0.374
 83700,  3.370, 12.412, 20.030,  2.742,  0.284
 83760,  3.529, 13.364, 21.314,  2.886,  0.350
 83820,  3.497, 13.528, 20.872,  2.777,  0.379
 83880,  3.032, 11.414, 20.008,  2.537,  0.322
 83940,  2.726,  9.976, 18.870,  2.361,  0.330
 84000,  2.514,  9.013, 18.253,  2.288,  0.345
 84060,  2.580,  9.194, 18.294,  2.248,  0.210
 84120,  2.680, 10.212, 18.274,  2.228,  0.330
 84180,  2.700, 10.484, 19.026,  2.356,  0.347
 84240,  2.640,  9.978, 19.031,  2.356,  0.333
 84300,  2.450,  9.375, 18.465,  2.169,  0.261
 84360,  2.158,  7.453, 17.613,  2.022,  0.284
 84420,  2.089,  6.757, 17.469,  1.960,  0.210
 84480,  2.077,  6.842, 17.378,  1.870,  0.259
 84540,  2.133,  7.455, 17.692,  1.911,  0.230
 84600,  2.076,  6.805, 18.110,  1.984,  0.251
 84660,  2.190,  7.147, 17.979,  1.966,  0.213
 84720,  2.193,  8.059, 19.065,  1.878,  0.256
 84780,  2.204,  8.476, 17.791,  1.946,  0.269
 84840,  2.259,  8.694, 19.007,  1.984,  0.278
 84900,  2.234,  8.408, 19.359,  2.038,  0.234
 84960,  2.164,  8.737, 19.366,  1.999,  0.287
 85020,  2.026,  7.672, 17.931,  1.800,  0.153
 85080,  2.130,  9.883, 14.177,  1.790,  0.092
 85140,  2.357, 10.179, 15.043,  2.127,  0.247
 85200,  2.534, 11.780, 16.499,  1.980,  0.320
 85260,  2.556, 12.110, 16.727,  2.204,  0.250
 85320,  2.705, 13.426, 16.160,  2.193,  0.221
 85380,  2.761, 13.403, 15.835,  2.090,  0.315
 85440,  2.737, 12.908, 16.528,  2.206,  0.338
 85500,  2.676, 12.712, 15.455,  2.089,  0.320
 85560,  2.747, 13.678, 15.691,  2.137,  0.373
 85620,  2.828, 14.238, 14.461,  2.052,  0.387
 85680,  2.866, 14.847, 14.291,  2.009,  0.392
 85740,  2.865, 15.255, 14.422,  2.154,  0.351
 85800,  2.864, 14.564, 14.847,  2.027,  0.321
 85860,  2.922, 14.617, 13.897,  1.937,  0.351
 85920,  2.847, 14.436, 13.821,  2.109,  0.375
 85980,  2.674, 13.593, 12.681,  1.817,  0.410
 86040,  2.685, 13.590, 11.818,  1.847,  0.402
 86100,  2.544, 12.982, 11.235,  1.746,  0.430
 86160,  2.369, 11.005, 11.881,  1.782,  0.317
 86220,  2.349,  7.983, 13.677,  1.713,  0.218
 86280,  2.380,  5.878, 16.625,  2.020,  0.109
 86340,  2.596,  6.072, 18.659,  2.309,  0.126
