CampaignData_and_Merges/R0/CSL_MobileLab_Parked/raw/20240809/USOS-NOAAIodideCIMS-Halogens_MobileLabGround_20240809_RA.ict
38, 1001
Michael A Robinson, Chris Jernigan, Subi Thakali
NOAA ESRL Chemical Sciences Laboratory and CIRES, U. of Colorado
NOAA Iodide CIMS Instrument
USOS
1, 1
2024, 08, 09, 2024, 08, 10
1
starttime_UTC, seconds_past_midnight, seconds_of_day_since_00:00:00_UTC
6
1, 1, 1, 1, 1, 1
-9999, -9999, -9999, -9999, -9999, -9999
Br2_NOAACIMS, pptv, Gas_Br2_InSitu_S_AVMR, 
BrO_NOAACIMS, pptv, Gas_BrO_InSitu_S_AVMR, 
Cl2_NOAACIMS, pptv, Gas_Cl2_InSitu_S_AVMR, 
ClNO2_NOAACIMS, pptv, Gas_ClNO2_InSitu_S_AVMR, 
BrCl_NOAACIMS, pptv, Gas_BrCl_InSitu_S_AVMR, 
NCl3_NOAACIMS, pptv, Gas_NCl3_InSitu_S_AVMR, 
0
18
PI_CONTACT_INFO: 325 Broadway, R/CSD 7, Boulder, Colorado 80305; michael.a.robinson@noaa.gov; chris.jernigan@noaa.gov;
PLATFORM: NOAA CSL Mobile Lab
LOCATION: SLC, Utah
ASSOCIATED_DATA: 1Hz data also available on request.
INSTRUMENT_INFO: NOAA I- ToF CIMS
DATA_INFO: All data in parts per trillion by volume (pptv). 1 Hz data is available upon request.
UNCERTAINTY: TBD
ULOD_FLAG: -7777
ULOD_VALUE: N/A
LLOD_FLAG: -8888
LLOD_VALUE: N/A
DM_CONTACT_INFO: Nathan Howard; nathan.h.howard@noaa.gov
PROJECT_INFO: USOS, summer 2024. https://csl.noaa.gov/groups/csl7/measurements/2024usos/
STIPULATIONS_ON_USE: Users are strongly encouraged to contact the PI for proper data usage.
OTHER_COMMENTS: 
REVISION: RA
RA: Preliminary Data; For in-field use only
starttime_UTC, Br2_NOAACIMS, BrO_NOAACIMS, Cl2_NOAACIMS, ClNO2_NOAACIMS, BrCl_NOAACIMS, NCl3_NOAACIMS
[from data line 817]
 49020,  0.580, -9999.000,  0.998,  0.792,  0.225,  3.575
 49080,  0.538, -9999.000,  1.097,  0.894,  0.216,  3.853
 49140,  0.415, -9999.000,  1.043,  0.808,  0.178,  3.233
 49200,  0.677, -9999.000,  1.091,  0.905,  0.212,  3.517
 49260,  0.428, -9999.000,  0.923,  0.861,  0.200,  3.033
 49320,  0.490, -9999.000,  0.935,  0.853,  0.171,  2.952
 49380,  0.566, -9999.000,  0.951,  0.829,  0.173,  2.590
 49440,  0.565, -9999.000,  0.788,  0.688,  0.179,  2.045
 49500,  0.433, -9999.000,  0.675,  0.586,  0.157,  1.633
 49560,  0.625, -9999.000,  0.793,  0.630,  0.195,  1.925
 49620,  0.441, -9999.000,  0.752,  0.534,  0.152,  1.660
 49680,  0.620, -9999.000,  0.786,  0.544,  0.177,  1.779
 49740,  0.527, -9999.000,  0.771,  0.631,  0.156,  1.736
 49800,  0.583, -9999.000,  0.776,  0.547,  0.171,  1.761
 49860,  0.511, -9999.000,  0.702,  0.502,  0.194,  1.740
 49920,  0.776, -9999.000,  0.743,  0.345,  0.230,  1.378
 49980,  0.595, -9999.000,  0.702,  0.356,  0.181,  1.306
 50040,  0.597, -9999.000,  0.875,  0.443,  0.198,  1.599
 50100,  0.673, -9999.000,  0.765,  0.526,  0.191,  1.525
 50160,  0.579, -9999.000,  0.751,  0.577,  0.218,  1.414
 50220,  0.518, -9999.000,  0.745,  0.511,  0.184,  1.493
 50280,  0.713, -9999.000,  0.726,  0.396,  0.166,  1.272
 50340,  0.535, -9999.000,  0.652,  0.320,  0.175,  0.910
 50400,  0.575, -9999.000,  0.664,  0.295,  0.210,  0.826
 50460,  0.673, -9999.000,  0.679,  0.212,  0.178,  0.801
 50520,  0.701, -9999.000,  0.680,  0.179,  0.185,  0.609
 50580,  0.648, -9999.000,  0.700,  0.124,  0.192,  0.680
 50640,  0.693, -9999.000,  0.652,  0.167,  0.154,  0.436
 50700,  0.678, -9999.000,  0.652,  0.177,  0.215,  0.742
 50760,  0.638, -9999.000,  0.731,  0.180,  0.167,  0.678
 50820,  0.615, -9999.000,  0.637,  0.192,  0.133,  0.513
 50880,  0.651, -9999.000,  0.693,  0.159,  0.168,  0.476
 50940,  0.547, -9999.000,  0.576,  0.078,  0.130,  0.325
 51000,  0.627, -9999.000,  0.622,  0.137,  0.205,  0.415
 51060,  0.641, -9999.000,  0.648,  0.146,  0.148,  0.560
 51120,  0.690, -9999.000,  0.732,  0.162,  0.190,  0.642
 51180,  0.757, -9999.000,  0.651,  0.117,  0.150,  0.579
 51240,  0.775, -9999.000,  0.669,  0.108,  0.177,  0.467
 51300,  0.701, -9999.000,  0.688,  0.102,  0.149,  0.338
 51360,  0.743, -9999.000,  0.708,  0.145,  0.170,  0.417
 51420,  0.587, -9999.000,  0.668,  0.158,  0.119,  0.360
 51480,  0.596, -9999.000,  0.739,  0.179,  0.148,  0.358
 51540,  0.680,  0.010,  0.823,  0.215,  0.154,  0.512
 51600,  0.664,  0.057,  0.896,  0.342,  0.218,  0.889
 51660,  0.545,  0.007,  0.854,  0.282,  0.190,  0.529
 51720,  0.684,  0.081,  0.777,  0.432,  0.188,  0.699
 51780, -9999.000, -9999.000, -9999.000, -9999.000, -9999.000, -9999.000
 51840,  0.720,  0.149,  0.734,  0.508,  0.157,  0.678
 51900,  0.590,  0.065,  0.654,  0.476,  0.154,  0.533
 51960,  0.632,  0.041,  0.672,  0.455,  0.171,  0.590
 52020,  0.624,  0.040,  0.754,  0.532,  0.214,  0.392
 52080,  0.676,  0.055,  0.798,  0.523,  0.205,  0.592
 52140,  0.767,  0.049,  0.806,  0.455,  0.176,  0.561
 52200,  0.666,  0.109,  0.735,  0.447,  0.244,  0.337
 52260,  0.688,  0.042,  0.872,  0.469,  0.191,  0.337
 52320,  0.605,  0.034,  0.805,  0.473,  0.150,  0.281
 52380,  0.711,  0.079,  0.929,  0.459,  0.230,  0.404
 52440,  0.631,  0.103,  0.917,  0.536,  0.228,  0.341
 52500,  0.705,  0.055,  0.804,  0.425,  0.183,  0.259
 52560,  0.627,  0.108,  0.819,  0.537,  0.197,  0.254
 52620,  0.511,  0.006,  0.718,  0.514,  0.224,  0.186
 52680,  0.636,  0.059,  0.792,  0.465,  0.205,  0.237
 52740,  0.744,  0.038,  0.881,  0.475,  0.227,  0.263
 52800,  0.750,  0.128,  0.846,  0.445,  0.219,  0.200
 52860,  0.751,  0.099,  0.717,  0.450,  0.181,  0.193
 52920,  0.807,  0.089,  0.691,  0.433,  0.229,  0.187
 52980,  0.728,  0.083,  0.695,  0.450,  0.209,  0.173
 53040,  0.716,  0.055,  0.641,  0.390,  0.166,  0.105
 53100,  0.726,  0.077,  0.683,  0.390,  0.244,  0.081
 53160,  0.659,  0.036,  0.579,  0.450,  0.141,  0.049
 53220,  0.783,  0.061,  0.542,  0.487,  0.175,  0.073
 53280,  0.510,  0.086,  0.559,  0.451,  0.172,  0.055
 53340,  0.808,  0.109,  0.547,  0.479,  0.225,  0.113
 53400,  0.768,  0.135,  0.565,  0.513,  0.207,  0.071
 53460,  0.714,  0.091,  0.613,  0.500,  0.175,  0.056
 53520,  0.728,  0.094,  0.553,  0.410,  0.190, -0.015
 53580,  0.807,  0.092,  0.492,  0.479,  0.150,  0.064
 53640, -9999.000, -9999.000, -9999.000, -9999.000, -9999.000, -9999.000
 53700,  0.814,  0.119,  0.469,  0.572,  0.217,  0.077
 53760,  0.836,  0.128,  0.503,  0.453,  0.216,  0.067
 53820,  0.693,  0.082,  0.525,  0.489,  0.161,  0.023
 53880,  0.749,  0.164,  0.591,  0.511,  0.212,  0.087
 53940,  0.737,  0.100,  0.600,  0.571,  0.176,  0.045
 54000,  0.789,  0.072,  0.528,  0.627,  0.183,  0.116
 54060, -9999.000, -9999.000, -9999.000, -9999.000, -9999.000, -9999.000
 54120, -9999.000, -9999.000, -9999.000, -9999.000, -9999.000, -9999.000
 54180, -9999.000, -9999.000, -9999.000, -9999.000, -9999.000, -9999.000
 54240, -9999.000, -9999.000, -9999.000, -9999.000, -9999.000, -9999.000
 54300, -9999.000, -9999.000, -9999.000, -9999.000, -9999.000, -9999.000
 54360, -9999.000, -9999.000, -9999.000, -9999.000, -9999.000, -9999.000
 54420, -9999.000, -9999.000, -9999.000, -9999.000, -9999.000, -9999.000
 54480, -9999.000, -9999.000, -9999.000, -9999.000, -9999.000, -9999.000
 54540, -9999.000, -9999.000, -9999.000, -9999.000, -9999.000, -9999.000
 54600, -9999.000, -9999.000, -9999.000, -9999.000, -9999.000, -9999.000
 54660, -9999.000, -9999.000, -9999.000, -9999.000, -9999.000, -9999.000
 54720, -9999.000, -9999.000, -9999.000, -9999.000, -9999.000, -9999.000
 54780, -9999.000, -9999.000, -9999.000, -9999.000, -9999.000, -9999.000
 54840, -9999.000, -9999.000, -9999.000, -9999.000, -9999.000, -9999.000
 54900, -9999.000, -9999.000, -9999.000, -9999.000, -9999.000, -9999.000
 54960, -9999.000, -9999.000, -9999.000, -9999.000, -9999.000, -9999.000
 55020, -9999.000, -9999.000, -9999.000, -9999.000, -9999.000, -9999.000
 55080, -9999.000, -9999.000, -9999.000, -9999.000, -9999.000, -9999.000
 55140, -9999.000, -9999.000, -9999.000, -9999.000, -9999.000, -9999.000
 55200, -9999.000, -9999.000, -9999.000, -9999.000, -9999.000, -9999.000
 55260, -9999.000, -9999.000, -9999.000, -9999.000, -9999.000, -9999.000
 55320, -9999.000, -9999.000, -9999.000, -9999.000, -9999.000, -9999.000
 55380, -9999.000, -9999.000, -9999.000, -9999.000, -9999.000, -9999.000
 55440, -9999.000, -9999.000, -9999.000, -9999.000, -9999.000, -9999.000
 55500, -9999.000, -9999.000, -9999.000, -9999.000, -9999.000, -9999.000
 55560, -9999.000, -9999.000, -9999.000, -9999.000, -9999.000, -9999.000
 55620, -9999.000, -9999.000, -9999.000, -9999.000, -9999.000, -9999.000
 55680, -9999.000, -9999.000, -9999.000, -9999.000, -9999.000, -9999.000
 55740, -9999.000, -9999.000, -9999.000, -9999.000, -9999.000, -9999.000
 55800, -9999.000, -9999.000, -9999.000, -9999.000, -9999.000, -9999.000
 55860, -9999.000, -9999.000, -9999.000, -9999.000, -9999.000, -9999.000
 55920, -9999.000, -9999.000, -9999.000, -9999.000, -9999.000, -9999.000
 55980, -9999.000, -9999.000, -9999.000, -9999.000, -9999.000, -9999.000
 56040, -9999.000, -9999.000, -9999.000, -9999.000, -9999.000, -9999.000
 56100, -9999.000, -9999.000, -9999.000, -9999.000, -9999.000, -9999.000
 56160, -9999.000, -9999.000, -9999.000, -9999.000, -9999.000, -9999.000
 56220, -9999.000, -9999.000, -9999.000, -9999.000, -9999.000, -9999.000
 56280, -9999.000, -9999.000, -9999.000, -9999.000, -9999.000, -9999.000
 56340, -9999.000, -9999.000, -9999.000, -9999.000, -9999.000, -9999.000
 56400, -9999.000, -9999.000, -9999.000, -9999.000, -9999.000, -9999.000
 56460, -9999.000, -9999.000, -9999.000, -9999.000, -9999.000, -9999.000
 56520, -9999.000, -9999.000, -9999.000, -9999.000, -9999.000, -9999.000
 56580, -9999.000, -9999.000, -9999.000, -9999.000, -9999.000, -9999.000
 56640, -9999.000, -9999.000, -9999.000, -9999.000, -9999.000, -9999.000
 56700, -9999.000, -9999.000, -9999.000, -9999.000, -9999.000, -9999.000
 56760, -9999.000, -9999.000, -9999.000, -9999.000, -9999.000, -9999.000
 56820, -9999.000, -9999.000, -9999.000, -9999.000, -9999.000, -9999.000
 56880, -9999.000, -9999.000, -9999.000, -9999.000, -9999.000, -9999.000
 56940, -9999.000, -9999.000, -9999.000, -9999.000, -9999.000, -9999.000
 57000, -9999.000, -9999.000, -9999.000, -9999.000, -9999.000, -9999.000
 57060, -9999.000, -9999.000, -9999.000, -9999.000, -9999.000, -9999.000
 57120, -9999.000, -9999.000, -9999.000, -9999.000, -9999.000, -9999.000
 57180, -9999.000, -9999.000, -9999.000, -9999.000, -9999.000, -9999.000
 57240, -9999.000, -9999.000, -9999.000, -9999.000, -9999.000, -9999.000
 57300, -9999.000, -9999.000, -9999.000, -9999.000, -9999.000, -9999.000
 57360, -9999.000, -9999.000, -9999.000, -9999.000, -9999.000, -9999.000
 57420, -9999.000, -9999.000, -9999.000, -9999.000, -9999.000, -9999.000
 57480, -9999.000, -9999.000, -9999.000, -9999.000, -9999.000, -9999.000
 57540, -0.101,  0.009,  0.321,  0.145,  0.035, -0.109
 57600,  0.695,  0.048,  0.408,  0.183,  0.173, -0.031
 57660,  0.766,  0.070,  0.406,  0.166,  0.221, -0.015
 57720,  0.747,  0.035,  0.378,  0.167,  0.245,  0.087
 57780,  0.891,  0.068,  0.354,  0.163,  0.227, -0.013
 57840,  0.559,  0.064,  0.376,  0.136,  0.138, -0.032
 57900,  0.718,  0.084,  0.461,  0.210,  0.183, -0.016
 57960,  0.867,  0.059,  0.601,  0.197,  0.209,  0.029
 58020,  0.784,  0.021,  0.439,  0.210,  0.268,  0.049
 58080,  0.819,  0.014,  0.483,  0.190,  0.211,  0.025
 58140,  0.734,  0.029,  0.425,  0.157,  0.205,  0.040
 58200,  0.751,  0.021,  0.546,  0.161,  0.199, -0.019
 58260,  0.833,  0.006,  0.518,  0.173,  0.159, -0.023
 58320,  0.799,  0.081,  0.375,  0.153,  0.187,  0.025
 58380,  0.809,  0.088,  0.434,  0.169,  0.219,  0.011
 58440,  0.735,  0.073,  0.322,  0.188,  0.193,  0.004
 58500,  0.686,  0.104,  0.462,  0.137,  0.232,  0.005
 58560,  0.724,  0.071,  0.489,  0.157,  0.190,  0.027
 58620,  0.820,  0.007,  0.458,  0.163,  0.183, -0.045
 58680,  1.206,  0.029,  0.526,  0.169,  0.232,  0.018
 58740,  0.846,  0.038,  0.467,  0.106,  0.236,  0.067
 58800,  0.816,  0.107,  0.480,  0.171,  0.200,  0.106
 58860,  0.766,  0.110,  0.447,  0.133,  0.179,  0.009
 58920,  0.848,  0.028,  0.492,  0.140,  0.281, -0.035
 58980,  0.824, -0.002,  0.452,  0.145,  0.229,  0.033
 59040,  0.747,  0.123,  0.470,  0.161,  0.215, -0.016
 59100,  0.709, -0.036,  0.357,  0.150,  0.140,  0.014
 59160, -9999.000, -9999.000, -9999.000, -9999.000, -9999.000, -9999.000
 59220,  0.726,  0.034,  0.359,  0.144,  0.128,  2.781
 59280,  0.709,  0.054,  0.467,  0.133,  0.196,  0.668
 59340,  0.714, -0.018,  0.454,  0.137,  0.147,  0.268
 59400,  0.725,  0.109,  0.461,  0.138,  0.229,  0.254
 59460,  0.650,  0.049,  0.516,  0.145,  0.168,  0.127
 59520,  0.818,  0.070,  0.488,  0.137,  0.202,  0.021
 59580,  0.758,  0.043,  0.458,  0.168,  0.171,  0.015
 59640,  0.745,  0.047,  0.502,  0.139,  0.217,  0.025
 59700,  0.788,  0.089,  0.674,  0.165,  0.176,  0.034
 59760,  0.631,  0.053,  0.390,  0.134,  0.174,  0.030
 59820,  0.764,  0.061,  0.445,  0.137,  0.186,  0.151
 59880,  0.914,  0.052,  0.498,  0.189,  0.232,  0.090
 59940,  0.957,  0.063,  0.709,  0.205,  0.229,  0.037
 60000,  0.998,  0.086,  0.768,  0.177,  0.260,  0.068
 60060,  0.759,  0.041,  0.758,  0.129,  0.220,  0.029
 60120,  0.838,  0.042,  0.725,  0.136,  0.211,  0.044
 60180,  0.732,  0.019,  0.443,  0.141,  0.173,  0.075
 60240,  0.304, -0.028,  0.365,  0.066,  0.062, -0.058
 60300,  0.557,  0.049,  0.387,  0.110,  0.136, -0.003
 60360,  0.981,  0.124,  0.595,  0.166,  0.227,  0.066
 60420,  0.961,  0.015,  0.490,  0.117,  0.138,  0.108
 60480,  1.023,  0.058,  0.523,  0.120,  0.235,  0.064
 60540,  0.881,  0.028,  0.546,  0.122,  0.184,  0.098
 60600,  0.990,  0.075,  0.552,  0.136,  0.207,  0.071
 60660,  0.998,  0.082,  0.479,  0.146,  0.195,  0.084
 60720,  0.452,  0.092,  0.457,  0.133,  0.091,  0.006
 60780,  0.397, -0.030,  0.346,  0.092,  0.074, -0.014
 60840,  0.802,  0.037,  0.469,  0.076,  0.139,  0.021
 60900,  0.223,  0.035,  0.382,  0.060,  0.077,  0.020
 60960,  0.723,  0.034,  0.548,  0.061,  0.079, -0.001
 61020, -9999.000, -9999.000, -9999.000, -9999.000, -9999.000, -9999.000
 61080,  0.650,  0.040,  0.460,  0.078,  0.094, -0.028
 61140,  0.559,  0.000,  0.506,  0.076,  0.074,  0.020
 61200,  0.530, -0.028,  0.462,  0.054,  0.107, -0.023
 61260,  0.624, -0.015,  0.535,  0.097,  0.093, -0.008
 61320,  0.722,  0.018,  0.727,  0.111,  0.138, -0.008
 61380,  0.627, -0.000,  0.571,  0.048,  0.084,  0.009
 61440, -0.037, -0.060,  0.530,  0.023,  0.000, -0.052
 61500,  0.769, -0.018,  0.592,  0.116,  0.169,  0.554
 61560,  1.061,  0.040,  0.620,  0.085,  0.249,  0.083
 61620,  1.010,  0.041,  0.591,  0.130,  0.265,  0.161
 61680,  1.126,  0.088,  0.627,  0.097,  0.248,  0.107
 61740,  1.063,  0.003,  0.605,  0.111,  0.171,  0.068
 61800,  1.030,  0.117,  0.629,  0.108,  0.215,  0.113
 61860,  1.004,  0.031,  0.564,  0.127,  0.217,  0.091
 61920,  0.953, -0.007,  0.599,  0.083,  0.193,  0.107
 61980,  0.648,  0.056,  0.504,  0.093,  0.148,  0.031
 62040,  0.910,  0.012,  0.580,  0.150,  0.206,  0.632
 62100,  0.870,  0.026,  0.669,  0.105,  0.165,  0.149
 62160,  0.586, -0.016,  0.504,  0.123,  0.172,  0.067
 62220,  0.913, -0.010,  0.551,  0.116,  0.208,  0.086
 62280,  1.054,  0.072,  0.607,  0.131,  0.275,  0.116
 62340,  0.998, -0.023,  0.694,  0.164,  0.265,  0.130
 62400,  1.006, -0.042,  0.659,  0.095,  0.222,  0.110
 62460,  1.125, -0.001,  0.690,  0.129,  0.241,  0.095
 62520,  0.955, -0.093,  0.621,  0.091,  0.240,  0.142
 62580,  0.967, -0.038,  0.762,  0.134,  0.222,  0.206
 62640,  0.946, -0.081,  0.668,  0.093,  0.189,  0.174
 62700,  1.060, -0.045,  0.671,  0.106,  0.206,  0.180
 62760,  0.967, -0.001,  0.673,  0.117,  0.252,  0.122
 62820,  1.060, -0.108,  0.659,  0.144,  0.270,  0.145
 62880, -9999.000, -9999.000, -9999.000, -9999.000, -9999.000, -9999.000
 62940,  1.014, -0.033,  0.753,  0.089,  0.207,  0.087
 63000,  1.039, -0.092,  0.634,  0.118,  0.203,  0.134
 63060,  0.849, -0.091,  0.761,  0.138,  0.278,  0.130
 63120,  0.955, -0.086,  0.727,  0.113,  0.248,  0.192
 63180,  1.129,  0.027,  0.723,  0.108,  0.198,  0.127
 63240,  1.010, -0.052,  0.736,  0.113,  0.209,  0.106
 63300,  1.064,  0.002,  0.591,  0.125,  0.210,  0.188
 63360,  0.988, -0.048,  0.669,  0.092,  0.237,  0.079
 63420,  1.009, -0.038,  0.614,  0.095,  0.255,  0.036
 63480,  0.802, -0.017,  0.683,  0.092,  0.169,  0.077
 63540,  1.021, -0.006,  0.819,  0.107,  0.213,  0.126
 63600,  0.976, -0.046,  0.700,  0.114,  0.211,  0.109
 63660,  0.835, -0.049,  0.715,  0.067,  0.186, -0.027
 63720,  1.103, -0.103,  0.667,  0.095,  0.218,  0.049
 63780,  0.927, -0.058,  0.770,  0.113,  0.238,  0.094
 63840,  0.862, -0.031,  0.753,  0.080,  0.152,  0.107
 63900,  0.948, -0.046,  0.874,  0.101,  0.223,  0.042
 63960,  0.884, -0.088,  0.708,  0.106,  0.195,  0.042
 64020,  1.092,  0.030,  0.847,  0.094,  0.189,  0.062
 64080,  0.981, -0.004,  0.744,  0.084,  0.237,  0.065
 64140,  1.090, -0.041,  0.754,  0.099,  0.210,  0.046
 64200,  1.002, -0.019,  0.750,  0.096,  0.168, -0.008
 64260,  0.825, -0.027,  0.558,  0.080,  0.212,  0.058
 64320,  1.025, -0.020,  0.588,  0.081,  0.164,  0.123
 64380,  0.926, -0.036,  0.653,  0.091,  0.173, -0.007
 64440,  1.001, -0.024,  0.629,  0.110,  0.208, -0.017
 64500,  0.996, -0.005,  0.717,  0.078,  0.162, -0.035
 64560,  0.898, -0.015,  0.668,  0.152,  0.218,  0.037
 64620,  0.885, -0.015,  0.776,  0.082,  0.219, -0.021
 64680,  1.120,  0.070,  0.698,  0.067,  0.192,  0.011
 64740,  1.322,  0.106,  0.887,  0.002,  0.387,  0.080
 64800,  1.039,  0.036,  0.655,  0.091,  0.216,  0.033
 64860,  0.978,  0.014,  0.793,  0.125,  0.217,  0.010
 64920,  0.986,  0.046,  0.823,  0.122,  0.213, -0.026
 64980,  0.889, -0.013,  0.652,  0.103,  0.215,  0.036
