CampaignData_and_Merges/R0/CSL_MobileLab_Parked/raw/20240809/USOS-POPS_MobileLabGround_20240809_R0.ict
78, 1001
Thornberry, T. D.
NOAA Chemical Sciences Laboratory
Portable Optical Particle Spectrometer (POPS)
USOS
1, 1
2024, 08, 09, 2025, 05, 08
60
Time_Start, seconds_past_midnight, Start time of measurement
45
1, 1, 1, 1, 1, 1, 1, 1, 1, 1, 1, 1, 1, 1, 1, 1, 1, 1, 1, 1, 1, 1, 1, 1, 1, 1, 1, 1, 1, 1, 1, 1, 1, 1, 1, 1, 1, 1, 1, 1, 1, 1, 1, 1, 1
-9999, -9999, -9999, -9999, -9999, -9999, -9999, -9999, -9999, -9999, -9999, -9999, -9999, -9999, -9999, -9999, -9999, -9999, -9999, -9999, -9999, -9999, -9999, -9999, -9999, -9999, -9999, -9999, -9999, -9999, -9999, -9999, -9999, -9999, -9999, -9999, -9999, -9999, -9999, -9999, -9999, -9999, -9999, -9999, -9999
Time_Stop, seconds_past_midnight, Stop time of measurement
Time_Mid, seconds_past_midnight, Mid time of measurement
Press_mb, mb, Pressure reported (mb)
Temp_C, degrees C, POPS temperature measurement
Aerosol_concentration, cm^-3, Aerosol concentration
Surface_Area_Conc, um^2 cm^-3, Surface area concentration
Volume_density, um^3 cm^-3, Volume density
Effective_radius, um, Effective radius
Extinction, km^-1, Extinction
Bin01, cm^-3, particle concentration in size range [1401 - 146.3 nm]
Bin02, cm^-3, particle concentration in size range [146.3 - 152.8 nm]
Bin03, cm^-3, particle concentration in size range [152.8 - 159.6 nm]
Bin04, cm^-3, particle concentration in size range [159.6 - 166.8 nm]
Bin05, cm^-3, particle concentration in size range [166.8 - 174.2 nm]
Bin06, cm^-3, particle concentration in size range [174.2 - 181.9 nm]
Bin07, cm^-3, particle concentration in size range [181.9 - 190.0 nm]
Bin08, cm^-3, particle concentration in size range [190.0 - 198.5 nm]
Bin09, cm^-3, particle concentration in size range [198.5 - 207.4 nm]
Bin10, cm^-3, particle concentration in size range [207.4 - 216.6 nm]
Bin11, cm^-3, particle concentration in size range [216.6 - 226.2 nm]
Bin12, cm^-3, particle concentration in size range [226.2 - 236.3 nm]
Bin13, cm^-3, particle concentration in size range [236.3 - 246.8 nm]
Bin14, cm^-3, particle concentration in size range [246.8 - 257.8 nm]
Bin15, cm^-3, particle concentration in size range [257.8 - 269.3 nm]
Bin16, cm^-3, particle concentration in size range [269.3 - 343.4 nm]
Bin17, cm^-3, particle concentration in size range [343.4 - 450.7 nm]
Bin18, cm^-3, particle concentration in size range [450.7 - 525.9 nm]
Bin19, cm^-3, particle concentration in size range [525.9 - 618.5 nm]
Bin20, cm^-3, particle concentration in size range [618.5 - 710.0 nm]
Bin21, cm^-3, particle concentration in size range [710.0 - 822.7 nm]
Bin22, cm^-3, particle concentration in size range [822.7 - 885.9 nm]
Bin23, cm^-3, particle concentration in size range [885.9 - 953.9 nm]
Bin24, cm^-3, particle concentration in size range [953.9 - 1027.2 nm]
Bin25, cm^-3, particle concentration in size range [1027.2 - 1106.1 nm]
Bin26, cm^-3, particle concentration in size range [1106.1 - 1191.0 nm]
Bin27, cm^-3, particle concentration in size range [1191.0 - 1282.5 nm]
Bin28, cm^-3, particle concentration in size range [1282.5 - 1381.0 nm]
Bin29, cm^-3, particle concentration in size range [1381.0 - 1487.1 nm]
Bin30, cm^-3, particle concentration in size range [1487.1 - 1601.3 nm]
Bin31, cm^-3, particle concentration in size range [1601.3 - 1724.3 nm]
[...]
PLATFORM: NOAA CSL Mobile Lab
LOCATION: USOS
ASSOCIATED_DATA: N/A
INSTRUMENT_INFO: Printed Optical Particle Spectrometer counts particles from 140 - 2500 nm in diameter 
DATA_INFO: Particle concentrations reported in number per cubic centimeter,1 Hz data
UNCERTAINTY: Counting uncertainty dominated by air flow, less than 5 percent. Measurement range is ~0 - 3000 per cm3 (varies depending on flow rate- manufacturer quotes 1250 per cm3 at 1.667 cc/s)
ULOD_FLAG: -7777
ULOD_VALUE: N/A
LLOD_FLAG: -8888
LLOD_VALUE: N/A
DM_CONTACT_INFO: Troy Thornberry, 325 Broadway R/CSL6, Boulder, CO 80305; troy.thornberry@noaa.gov; 303-497-3373
PROJECT_INFO: USOS, Utah POPS data from NOAA CSL Mobile Lab
STIPULATIONS_ON_USE: Please contact the PIs for questions regarding applications and uncertainties
OTHER_COMMENTS: POPS bin Edges (nm):  140.1, 146.3, 152.8, 159.6, 166.8, 174.2, 181.9, 190.0, 198.5, 207.4, 216.6, 226.2, 236.3, 246.8, 257.8, 269.3, 343.4, 450.7, 525.9, 618.5, 710.0, 822.7, 885.9, 953.9, 1027.2, 1106.1, 1191.0, 1282.5, 1381.0, 1487.1, 1601.3, 1724.3, 1856.7, 1999.3, 2152.8, 2318.2, 2496.2
Calculations assume organic aerosol refractive index of 1.52+0.00j and extinction wavelength = 532 nm
REVISION: R0
R0: Final data
Time_Start, Time_Stop, Time_Mid, Press_mb, Temp_C, Aerosol_concentration, Surface_Area_Conc, Volume_density, Effective_radius, Extinction, Bin01, Bin02, Bin03, Bin04, Bin05, Bin06, Bin07, Bin08, Bin09, Bin10, Bin11, Bin12, Bin13, Bin14, Bin15, Bin16, Bin17, Bin18, Bin19, Bin20, Bin21, Bin22, Bin23, Bin24, Bin25, Bin26, Bin27, Bin28, Bin29, Bin30, Bin31, Bin32, Bin33, Bin34, Bin35, Bin36
[from data line 821]
49260,49319,49290,871.539,32.067,652.833,128.631,7.621,0.177,0.046,38.424294,36.373695,34.932823,35.406113,34.515537,34.344681,32.647079,33.007145,32.037285,31.278725,32.564362,33.112629,33.318161,33.731602,27.167881,97.188828,34.745892,12.325961,3.920969,0.427434,0.344037,0.189390,0.105815,0.095061,0.105614,0.060731,0.044396,0.099858,0.033635,0.083075,0.060937,0.033523,0.039164,0.011320,0.032867,0.021987
49320,49379,49350,871.559,32.069,658.880,130.506,8.016,0.183,0.047,38.935989,36.687050,35.677673,35.771782,35.041283,33.929100,32.918255,32.916504,31.930574,31.982061,31.925526,34.241680,33.956345,32.558777,27.703886,100.127487,34.288544,12.500003,3.839806,0.461378,0.473876,0.200127,0.099601,0.083449,0.078069,0.044521,0.044318,0.050213,0.044718,0.083182,0.094585,0.061121,0.033585,0.028002,0.027809,0.038640
49380,49439,49410,871.555,32.000,662.047,131.719,8.170,0.185,0.048,39.223324,38.443481,35.741207,35.358582,34.560154,34.320175,33.769470,32.581387,31.915251,31.645546,31.862261,34.248623,34.131287,32.754570,28.287191,99.482254,35.275677,12.442267,3.940284,0.503222,0.375235,0.251974,0.156767,0.089543,0.083751,0.089323,0.044431,0.050192,0.044714,0.067089,0.083863,0.055530,0.061528,0.056256,0.016874,0.033957
49440,49499,49470,871.573,31.992,661.672,133.092,8.555,0.191,0.048,38.352005,37.286201,35.039543,36.241764,34.866760,33.721539,32.330173,32.658806,31.134924,32.421043,32.981400,34.597446,35.015755,32.599247,27.909962,99.698738,35.992538,12.871131,3.871769,0.474494,0.368514,0.207699,0.162572,0.133187,0.150764,0.077382,0.044453,0.061588,0.038863,0.016744,0.066922,0.061204,0.044492,0.050555,0.038983,0.083152
49500,49559,49530,871.606,32.105,666.757,132.627,8.401,0.189,0.048,40.369740,38.671631,35.729740,35.969631,35.808567,34.229801,33.418278,32.509079,31.300621,31.231724,32.616463,34.454380,34.412407,33.153728,28.268398,100.408295,35.576118,12.684229,3.988385,0.498884,0.306173,0.165322,0.173559,0.133511,0.105413,0.077454,0.044811,0.039311,0.028233,0.072416,0.050074,0.100487,0.049399,0.022243,0.043871,0.044130
49560,49619,49590,871.598,32.215,662.159,132.769,8.539,0.192,0.048,39.266388,37.041412,36.231358,35.776680,34.537086,34.496391,33.268345,32.427361,32.612446,32.109356,31.894888,34.864132,34.094940,33.297668,28.152519,98.826225,34.645237,12.617146,3.802750,0.543929,0.343345,0.199652,0.127909,0.155064,0.089193,0.094498,0.049766,0.077157,0.089223,0.077374,0.105962,0.044271,0.033098,0.066623,0.038637,0.061253
49620,49679,49650,871.586,32.237,651.130,129.340,8.149,0.188,0.046,38.714088,36.405811,35.685005,34.950996,34.937561,34.032696,33.597885,32.160652,31.467667,30.899132,32.161537,33.048107,34.646423,32.498779,27.481846,96.636688,33.536301,12.663564,3.718548,0.382860,0.332466,0.188579,0.143876,0.094625,0.072036,0.049978,0.072193,0.083218,0.094961,0.077706,0.077778,0.055643,0.043998,0.027967,0.039115,0.050185
49680,49739,49710,871.588,32.203,641.758,127.084,7.837,0.184,0.045,37.351315,36.356350,34.403851,34.862991,34.474201,33.136875,32.608509,31.860966,31.189772,31.966202,31.345432,32.676193,33.826019,32.175121,26.457865,95.564796,33.659527,12.323949,3.772302,0.464975,0.266154,0.104995,0.116710,0.088034,0.078736,0.061238,0.061061,0.077702,0.077830,0.072160,0.077771,0.050033,0.054436,0.038640,0.016673,0.038243
49740,49799,49770,871.584,32.057,638.643,126.117,7.567,0.179,0.045,37.529148,36.118896,33.669022,34.612785,35.122845,33.584267,31.991070,31.736763,30.628162,30.557514,31.091137,33.237652,33.019165,31.639656,26.702095,95.176949,34.488567,11.984889,3.983754,0.471365,0.322132,0.204667,0.110984,0.122010,0.061168,0.066328,0.027562,0.038843,0.043945,0.055318,0.077700,0.043808,0.033447,0.028010,0.044614,0.016307
49800,49859,49830,871.577,32.066,624.506,123.824,7.771,0.187,0.044,37.120041,35.209682,32.760845,34.005707,33.210327,32.366508,31.935055,31.010639,31.363941,29.854183,30.423340,32.893291,32.866425,30.766348,26.450447,92.848236,32.067986,12.087747,3.490515,0.403819,0.356392,0.164803,0.127852,0.094515,0.056389,0.065561,0.055218,0.039305,0.044871,0.060388,0.088702,0.033437,0.049867,0.028152,0.021990,0.083132
49860,49919,49890,871.573,31.950,639.635,126.933,8.071,0.189,0.046,39.517536,35.905041,35.196602,35.397930,34.315983,33.041538,32.524639,31.736620,30.327696,31.132793,31.064320,32.641388,32.056290,32.140690,26.898298,94.911041,33.504566,11.658343,3.698121,0.475375,0.350376,0.212215,0.106677,0.100507,0.084329,0.077910,0.066606,0.044650,0.033540,0.066647,0.101122,0.044513,0.044819,0.055687,0.050476,0.049972
49920,49979,49950,871.607,31.962,625.325,123.659,7.532,0.182,0.044,36.884743,35.112667,34.223755,33.999004,32.816963,33.012905,31.186764,30.387400,30.809381,30.399096,30.011494,31.765499,32.584949,31.804071,26.588421,93.293068,33.286510,11.749713,3.576391,0.494323,0.300586,0.133243,0.176689,0.099954,0.055882,0.071931,0.056054,0.066348,0.060845,0.083106,0.071707,0.055812,0.033397,0.016487,0.027712,0.028066
49980,50039,50010,871.605,32.112,634.899,124.811,7.692,0.184,0.044,37.833370,36.466213,34.990444,34.841759,33.410686,33.885567,32.608765,31.614525,30.219040,31.172535,31.295063,32.308979,33.196827,31.496767,26.626516,92.537453,33.280758,11.832823,3.560432,0.450539,0.334122,0.169141,0.124591,0.061352,0.038947,0.078421,0.028537,0.033386,0.039464,0.056172,0.090721,0.028223,0.039460,0.067972,0.022776,0.056098
50040,50099,50070,871.618,32.186,612.664,119.917,7.371,0.183,0.042,36.074646,35.264484,32.819649,33.173328,33.197315,32.673714,30.470108,30.247564,29.786938,29.986525,30.994913,32.253815,31.869934,31.023232,25.299932,89.419395,32.083481,11.010236,3.447208,0.400107,0.293818,0.160963,0.084122,0.055754,0.083618,0.016447,0.055685,0.050267,0.066231,0.060849,0.044751,0.061144,0.028395,0.016951,0.038704,0.049841
50100,50159,50130,871.616,32.114,595.651,115.429,6.808,0.176,0.040,34.000027,33.750008,32.822411,32.478565,32.273994,31.529024,30.746334,30.187502,30.157419,29.416245,29.460546,31.081066,30.580690,29.664288,24.720127,86.814369,30.122635,11.133063,3.346170,0.327584,0.266822,0.122783,0.050108,0.121400,0.061014,0.050176,0.038772,0.044308,0.033269,0.055561,0.027795,0.050194,0.055730,0.021954,0.022298,0.016837
50160,50219,50190,871.620,32.035,608.694,119.845,7.268,0.181,0.043,35.186050,34.223625,33.280540,33.613575,32.686947,31.860161,30.862448,30.680387,29.653017,29.998421,30.059685,30.694496,31.492598,29.972708,25.298796,89.999107,32.260433,11.599963,3.673730,0.367068,0.278571,0.166692,0.100706,0.072557,0.072938,0.072031,0.061667,0.066666,0.050679,0.066961,0.055382,0.065919,0.038974,0.022192,0.010753,0.027801
50220,50279,50250,871.617,31.986,617.865,122.057,7.623,0.186,0.043,36.275959,34.702080,33.384956,33.534008,33.055325,31.763987,31.388069,31.544962,29.743414,30.530161,30.620861,31.155252,32.322361,31.125929,26.103020,91.772659,31.844275,11.680746,3.638265,0.405158,0.250195,0.133412,0.161149,0.099674,0.094511,0.050362,0.050273,0.077747,0.044468,0.033317,0.072675,0.066711,0.033810,0.010532,0.033188,0.061299
50280,50339,50310,871.629,31.861,613.119,120.859,7.474,0.185,0.043,36.479698,34.775719,33.539757,33.244514,32.775108,31.890329,30.975159,31.009909,30.098755,29.781940,29.344553,31.173082,31.722279,30.654020,26.225195,90.358177,32.300518,11.453365,3.662402,0.458910,0.216594,0.167736,0.116318,0.072280,0.100032,0.055318,0.072295,0.055809,0.033862,0.038948,0.055384,0.066219,0.039291,0.033251,0.038705,0.033654
50340,50399,50370,871.612,31.808,619.256,121.955,7.500,0.183,0.043,37.358215,35.202160,33.513599,32.742943,33.995693,32.489731,31.035965,30.224224,30.030466,29.770069,30.957802,31.648949,32.624355,31.472317,25.232321,92.802155,31.494749,11.329354,3.467927,0.459653,0.371272,0.155513,0.126669,0.132584,0.083928,0.094474,0.044752,0.066591,0.033269,0.038653,0.055615,0.039062,0.049942,0.033399,0.016761,0.061179
50400,50459,50430,871.607,31.795,615.641,121.442,7.610,0.187,0.043,37.172924,34.921253,33.777718,34.823181,33.207813,32.255009,31.301943,30.150349,30.650673,29.208317,30.663548,30.367008,31.920523,30.900774,26.088499,90.143234,31.794621,10.971920,3.438951,0.432515,0.294748,0.155761,0.133354,0.094467,0.161736,0.094592,0.055297,0.032651,0.077673,0.060964,0.077758,0.033604,0.066404,0.016415,0.044662,0.049946
50460,50519,50490,871.602,31.947,600.144,118.067,7.273,0.184,0.042,36.022125,34.284611,33.485691,32.624512,31.513887,31.726650,30.397791,30.280319,29.363234,29.409710,29.000969,30.488125,30.951597,29.328835,25.541822,88.507484,30.985098,11.085733,3.397295,0.450321,0.289940,0.205224,0.127641,0.077609,0.066133,0.055372,0.044616,0.032752,0.072189,0.060846,0.071922,0.043927,0.044338,0.055516,0.011003,0.038912
50520,50579,50550,871.602,32.074,596.080,114.870,6.756,0.176,0.040,35.781521,34.809772,33.162949,33.378666,32.414108,32.130981,30.455641,29.843920,28.960733,29.143093,28.942631,29.372025,31.492405,29.910728,24.825354,86.100990,30.055002,10.383306,3.362085,0.410862,0.261639,0.138752,0.138417,0.093824,0.083098,0.033432,0.072393,0.044511,0.044256,0.072351,0.027853,0.055164,0.022169,0.016349,0.016874,0.022373
50580,50639,50610,871.630,32.106,583.293,110.746,6.275,0.169,0.038,35.633743,35.275585,32.947727,33.495068,31.485928,31.584419,29.645571,29.141279,27.653883,28.291731,28.236471,29.386234,30.577175,28.247843,24.160013,84.123413,28.763702,10.508142,2.956058,0.305058,0.261388,0.094835,0.044975,0.066413,0.055729,0.027723,0.039558,0.044544,0.027687,0.033503,0.077814,0.033321,0.027797,0.011093,0.010966,0.016873
50640,50699,50670,871.606,32.030,564.686,106.669,5.882,0.165,0.036,33.148270,33.243114,31.313444,31.684305,30.978693,30.328325,29.273945,28.653105,27.118288,27.995882,27.949131,28.857151,29.973625,28.176277,23.599966,80.468620,28.270557,9.696273,2.916296,0.254265,0.251198,0.105507,0.094779,0.055648,0.034134,0.027674,0.016781,0.011416,0.011224,0.044642,0.027721,0.022466,0.044160,0.027890,0.000000,0.011001
50700,50759,50730,871.620,32.015,565.045,107.612,6.013,0.167,0.037,33.168316,32.321278,30.842024,30.812685,31.165556,30.495054,29.635206,29.246033,27.900976,28.430252,28.213894,28.770102,29.036606,28.331171,22.740286,81.262856,28.618275,9.759524,3.033397,0.323034,0.262158,0.089141,0.112379,0.072525,0.066618,0.061721,0.033847,0.044471,0.061699,0.005612,0.050237,0.039309,0.022041,0.005727,0.000000,0.010842
50760,50819,50790,871.637,31.952,558.943,106.773,6.131,0.171,0.037,33.167355,31.434816,31.606213,31.169188,30.802095,29.940737,28.887838,28.237474,27.215914,27.140139,27.352562,28.879997,28.305162,28.004444,23.419947,81.863304,27.678524,9.631211,3.045047,0.322750,0.193378,0.094619,0.094785,0.077641,0.066417,0.033143,0.016761,0.027763,0.027988,0.022244,0.061238,0.038422,0.022012,0.011186,0.044636,0.005612
50820,50879,50850,871.655,31.875,566.947,107.898,5.930,0.164,0.037,33.580368,32.805305,31.003839,31.452312,30.772011,30.110622,29.964781,28.750465,27.727036,27.745327,27.097857,29.740412,29.262014,28.980406,23.674873,81.135086,28.244757,10.585903,3.160408,0.338933,0.239626,0.116857,0.094852,0.066809,0.027724,0.038955,0.033448,0.055789,0.027962,0.016511,0.022515,0.022400,0.016657,0.005537,0.011262,0.016912
50880,50939,50910,871.687,31.747,573.211,109.257,6.103,0.167,0.038,34.649353,33.576103,31.519342,31.983702,31.456203,30.811712,29.519041,29.437056,27.583071,27.407419,28.013910,29.163774,29.442953,27.945633,24.085014,83.584595,28.551098,10.147329,3.021488,0.363010,0.258261,0.167129,0.072559,0.094271,0.044808,0.039191,0.038864,0.044258,0.027887,0.011192,0.072508,0.022304,0.005593,0.022213,0.022323,0.005688
50940,50999,50970,871.703,31.679,567.588,108.678,6.184,0.170,0.038,33.254074,32.867195,31.137985,31.455944,31.239197,30.898821,29.135815,29.328451,28.033464,27.768011,27.375376,29.071980,28.952419,28.407978,23.463543,81.746323,28.863773,10.192033,3.111502,0.373378,0.227840,0.105361,0.105317,0.060622,0.066488,0.044860,0.027694,0.066777,0.016799,0.038642,0.038566,0.044449,0.039193,0.011224,0.010985,0.005574
51000,51059,51030,871.723,31.674,556.407,105.863,5.930,0.168,0.036,33.221073,31.513569,31.048948,31.072048,30.634642,29.490566,28.264563,28.171572,26.830647,27.514933,27.479727,28.716230,29.771645,27.344759,23.051207,81.124802,27.528679,9.366721,3.058084,0.343451,0.233333,0.116149,0.044128,0.105000,0.038732,0.033191,0.061405,0.033015,0.027597,0.022136,0.061255,0.033577,0.022392,0.005411,0.011063,0.011038
51060,51119,51090,871.750,31.816,559.237,106.487,6.157,0.172,0.037,34.926941,33.882423,31.564524,31.182367,31.592476,29.514925,28.511366,27.885134,26.593149,27.428223,27.355158,28.413660,28.638466,27.295027,22.885281,80.505325,27.236071,9.698281,2.745531,0.383271,0.227764,0.127945,0.132581,0.077809,0.044220,0.066676,0.055882,0.033106,0.022159,0.044133,0.050026,0.022183,0.016741,0.027986,0.027482,0.022738
51120,51179,51150,871.757,31.935,565.263,105.714,5.879,0.166,0.036,37.270054,34.269638,33.144638,32.838676,31.545984,29.856789,28.875053,28.379890,27.376373,26.679396,26.898420,28.469072,29.031948,26.699371,23.248619,79.706917,27.475246,9.408596,2.995789,0.284209,0.205657,0.123488,0.089018,0.077518,0.027830,0.039006,0.028506,0.027748,0.011186,0.049700,0.044423,0.028644,0.011227,0.016505,0.005519,0.022113
51180,51239,51210,871.763,31.986,556.418,104.470,5.643,0.162,0.035,35.053020,33.491444,31.314898,31.451063,30.446117,29.250311,28.328360,27.985046,26.740061,27.343054,27.140795,28.153345,28.398996,27.663132,23.050867,79.610107,27.707649,9.427868,2.671679,0.349723,0.244447,0.116616,0.082939,0.050090,0.083796,0.061097,0.039058,0.050811,0.028178,0.011153,0.016408,0.022316,0.010948,0.005537,0.005537,0.011168
51240,51299,51270,871.791,31.985,551.341,104.074,5.744,0.165,0.035,32.398277,31.625711,30.897768,31.330442,31.118811,29.844648,28.844629,27.978100,27.233902,26.770924,27.359451,28.413151,28.252792,26.998650,22.409542,79.128387,27.397038,9.583446,2.625264,0.322007,0.187818,0.132336,0.094378,0.049752,0.077505,0.077765,0.027865,0.027850,0.016767,0.016545,0.016581,0.016686,0.010808,0.016667,0.011057,0.027894
51300,51359,51330,871.829,31.896,556.415,105.496,5.996,0.170,0.036,33.311802,32.672295,31.512749,31.130316,30.473557,29.812044,29.246275,28.114594,26.966537,26.812468,27.251261,28.968006,28.462496,27.927601,22.691008,80.247345,27.301924,9.393813,2.919590,0.384210,0.206281,0.133960,0.066761,0.045256,0.033420,0.039117,0.044660,0.038946,0.033711,0.005631,0.038936,0.039246,0.038746,0.027932,0.011056,0.011112
51360,51419,51390,871.833,31.920,558.640,105.317,5.838,0.166,0.036,35.801441,32.993324,31.735056,31.272848,31.057281,30.207846,28.527639,28.389799,27.101982,26.375450,26.990286,28.019005,28.536854,27.214226,24.259092,79.059807,27.655254,9.429152,2.770292,0.389265,0.232841,0.067054,0.105265,0.078479,0.071247,0.066397,0.033170,0.028021,0.021988,0.022527,0.038642,0.011360,0.033332,0.005501,0.027707,0.010788
51420,51479,51450,871.855,31.854,561.852,104.793,5.703,0.163,0.035,35.149353,34.591503,32.155972,32.360748,31.591381,30.141411,29.227823,27.850004,27.453310,27.631689,27.245674,28.065685,28.871944,26.611773,22.806164,79.476593,27.306446,9.262164,3.009099,0.354878,0.160780,0.077693,0.106165,0.055242,0.049655,0.038604,0.044346,0.016586,0.022175,0.022544,0.011093,0.016742,0.016969,0.022154,0.010968,0.016431
51480,51539,51510,871.857,31.769,553.110,104.129,5.757,0.165,0.035,33.088505,33.119221,31.005583,30.924963,30.718258,29.546492,28.830437,28.278791,27.129311,26.623682,27.165392,28.690434,28.220127,27.479242,22.318066,79.804688,27.044935,9.035316,2.993535,0.279766,0.206278,0.134768,0.094687,0.050065,0.050030,0.027768,0.060735,0.033383,0.011019,0.017080,0.044514,0.033051,0.022304,0.005574,0.011093,0.011002
51540,51599,51570,871.890,31.729,567.933,106.130,5.963,0.168,0.036,36.128887,35.274849,32.822369,33.375698,32.297829,31.242544,28.637833,28.390114,27.859949,27.360184,27.200323,28.547411,28.164812,27.075516,22.990967,79.726852,27.702206,9.247499,2.767862,0.244093,0.206311,0.138757,0.078207,0.083338,0.044476,0.033471,0.016725,0.067446,0.005394,0.039236,0.061354,0.027783,0.022086,0.016744,0.027941,0.005593
