CampaignData_and_Merges/R0/CSL_MobileLab_Parked/raw/20240809/USOS-NOAAIodideCIMS-HNO3_MobileLabGround_20240809_RA.ict
33, 1001
Michael A Robinson, Chris Jernigan, Subi Thakali
NOAA ESRL Chemical Sciences Laboratory and CIRES, U. of Colorado
NOAA Iodide CIMS Instrument
USOS
1, 1
2024, 08, 09, 2024, 08, 10
1
starttime_UTC, seconds_past_midnight, seconds_of_day_since_00:00:00_UTC
1
1
-9999
HNO3_NOAACIMS, pptv, Gas_HNO3_InSitu_S_AVMR, 
0
18
PI_CONTACT_INFO: 325 Broadway, R/CSD 7, Boulder, Colorado 80305; michael.a.robinson@noaa.gov; chris.jernigan@noaa.gov;
PLATFORM: NOAA CSL Mobile Lab
LOCATION: SLC, Utah
ASSOCIATED_DATA: 1Hz data also available on request.
INSTRUMENT_INFO: NOAA I- ToF CIMS
DATA_INFO: All data in parts per trillion by volume (pptv). 1 Hz data is available upon request.
UNCERTAINTY: TBD
ULOD_FLAG: -7777
ULOD_VALUE: N/A
LLOD_FLAG: -8888
LLOD_VALUE: N/A
DM_CONTACT_INFO: Nathan Howard; nathan.h.howard@noaa.gov
PROJECT_INFO: USOS, summer 2024. https://csl.noaa.gov/groups/csl7/measurements/2024usos/
STIPULATIONS_ON_USE: Users are strongly encouraged to contact the PI for proper data usage.
OTHER_COMMENTS: 
REVISION: RA
RA: Preliminary Data; For in-field use only
starttime_UTC, HNO3_NOAACIMS
     0, -9999.000
    60, -9999.000
   120, -9999.000
   180, -9999.000
   240, -9999.000
   300, -9999.000
   360, -9999.000
   420, -9999.000
   480, -9999.000
   540, -9999.000
   600, -9999.000
   660, -9999.000
   720, -9999.000
   780, -9999.000
   840, -9999.000
   900, -9999.000
   960, -9999.000
  1020, -9999.000
  1080, -9999.000
  1140, -9999.000
  1200, -9999.000
  1260, -9999.000
  1320, -9999.000
  1380, -9999.000
  1440, -9999.000
  1500, -9999.000
  1560, -9999.000
  1620, -9999.000
  1680, -9999.000
  1740, -9999.000
  1800, -9999.000
  1860, -9999.000
  1920, -9999.000
  1980, -9999.000
  2040, -9999.000
  2100, -9999.000
  2160, -9999.000
  2220, -9999.000
  2280, -9999.000
  2340, -9999.000
  2400, -9999.000
  2460, -9999.000
  2520, -9999.000
  2580, -9999.000
  2640, -9999.000
  2700, -9999.000
  2760, -9999.000
  2820, -9999.000
  2880, -9999.000
  2940, -9999.000
  3000, -9999.000
  3060, -9999.000
  3120, -9999.000
  3180, -9999.000
  3240, -9999.000
  3300, -9999.000
  3360, -9999.000
  3420, -9999.000
  3480, -9999.000
  3540, -9999.000
  3600, -9999.000
  3660, -9999.000
  3720, -9999.000
  3780, -9999.000
  3840, -9999.000
  3900, -9999.000
  3960, -9999.000
  4020, -9999.000
  4080, -9999.000
  4140, -9999.000
  4200, -9999.000
  4260, -9999.000
  4320, -9999.000
  4380, -9999.000
  4440, -9999.000
  4500, -9999.000
  4560, -9999.000
  4620, -9999.000
  4680, -9999.000
  4740, -9999.000
  4800, -9999.000
  4860, -9999.000
  4920, -9999.000
  4980, -9999.000
  5040, -9999.000
  5100, -9999.000
  5160, -9999.000
  5220, -9999.000
  5280, -9999.000
  5340, -9999.000
  5400, -9999.000
  5460, -9999.000
  5520, -9999.000
  5580, -9999.000
  5640, -9999.000
  5700, -9999.000
  5760, -9999.000
  5820, -9999.000
  5880, -9999.000
  5940, -9999.000
  6000, -9999.000
  6060, -9999.000
  6120, -9999.000
  6180, -9999.000
  6240, -9999.000
  6300, -9999.000
  6360, -9999.000
  6420, -9999.000
  6480, -9999.000
  6540, -9999.000
  6600, -9999.000
  6660, -9999.000
  6720, -9999.000
  6780, -9999.000
  6840, -9999.000
  6900, -9999.000
  6960, -9999.000
  7020, -9999.000
  7080, -9999.000
  7140, -9999.000
  7200, -9999.000
  7260, -9999.000
  7320, -9999.000
  7380, -9999.000
  7440, -9999.000
  7500, 645.261
  7560, 659.195
  7620, 676.617
  7680, 682.699
  7740, 668.983
  7800, 648.945
  7860, 657.356
  7920, 696.646
  7980, 732.531
  8040, 737.825
  8100, 737.707
  8160, 698.137
  8220, 665.629
  8280, 691.947
  8340, 718.311
  8400, 715.208
  8460, 656.998
  8520, 554.286
  8580, 535.559
  8640, 516.544
  8700, 430.306
  8760, 387.492
  8820, 387.084
  8880, 378.845
  8940, 393.859
  9000, 368.831
  9060, 377.686
  9120, 483.138
  9180, 556.817
  9240, 566.595
  9300, 504.529
  9360, 519.835
  9420, 527.091
  9480, 535.941
  9540, 521.278
  9600, 504.688
  9660, 489.815
  9720, 472.939
  9780, 449.614
  9840, 446.090
  9900, 418.359
  9960, 406.964
 10020, 439.962
 10080, 478.608
 10140, 501.345
 10200, 527.639
 10260, 534.379
 10320, 525.477
 10380, 491.983
 10440, 490.870
 10500, 493.230
 10560, 490.571
 10620, 497.287
 10680, 516.538
 10740, 534.154
 10800, 553.037
 10860, 547.469
 10920, 535.980
 10980, 511.765
 11040, 476.559
 11100, 450.794
 11160, -9999.000
 11220, 381.605
 11280, 374.336
 11340, 382.564
 11400, 388.466
 11460, 389.834
 11520, 398.992
 11580, 375.357
 11640, 347.718
 11700, 323.498
 11760, 308.572
 11820, 314.148
 11880, 327.168
 11940, 356.185
 12000, 377.339
 12060, 406.398
 12120, 417.474
 12180, 418.396
 12240, 401.966
 12300, 395.199
 12360, 377.158
 12420, 376.905
 12480, 387.665
 12540, 412.608
 12600, 422.299
 12660, 431.048
 12720, 429.791
 12780, 414.316
 12840, 408.311
 12900, 393.254
 12960, 397.148
 13020, 365.734
 13080, 388.700
 13140, 405.419
 13200, 424.924
 13260, 417.688
 13320, 397.261
 13380, 384.431
 13440, 364.146
 13500, 341.753
 13560, 335.995
 13620, 315.677
 13680, 304.871
 13740, 304.530
 13800, 268.796
 13860, 276.242
 13920, 267.416
 13980, 270.760
 14040, 291.118
 14100, 294.574
 14160, 329.410
 14220, 352.191
 14280, 361.264
 14340, 368.135
 14400, 373.949
 14460, 357.685
 14520, 298.881
 14580, 294.305
 14640, 283.040
 14700, 288.632
 14760, 330.828
 14820, -9999.000
 14880, 316.126
 14940, 343.224
 15000, 227.400
 15060, 188.910
 15120, 241.071
 15180, 303.323
 15240, 339.571
 15300, 371.590
 15360, 376.082
 15420, 359.198
 15480, 351.755
 15540, 348.409
 15600, 339.490
 15660, 321.139
 15720, 319.192
 15780, 315.517
 15840, 335.331
 15900, 335.980
 15960, 329.952
 16020, 332.092
 16080, 346.369
 16140, 367.701
 16200, 342.126
 16260, 327.482
 16320, 330.211
 16380, 327.417
 16440, 305.849
 16500, 289.455
 16560, 286.320
 16620, 310.035
 16680, -9999.000
 16740, 347.935
 16800, 356.520
 16860, 349.055
 16920, 342.479
 16980, 325.754
 17040, 279.927
 17100, 261.788
 17160, 260.892
 17220, 257.620
 17280, 245.983
 17340, 230.782
 17400, 245.880
 17460, 250.749
 17520, 234.957
 17580, 241.153
 17640, 243.735
 17700, 249.487
 17760, 246.167
 17820, 218.413
 17880, 210.409
 17940, 196.070
 18000, 213.870
 18060, 241.572
 18120, 280.605
 18180, 302.687
 18240, 316.300
 18300, 329.388
 18360, 331.989
 18420, 326.617
 18480, 312.915
 18540, -9999.000
 18600, 301.443
 18660, 310.680
 18720, 302.078
 18780, 289.582
 18840, 279.783
 18900, 273.734
 18960, 262.086
 19020, 266.950
 19080, 286.111
 19140, 292.063
 19200, 277.275
 19260, 293.768
 19320, 305.978
 19380, 317.578
 19440, 316.956
 19500, 285.841
 19560, 277.572
 19620, 292.581
 19680, 295.415
 19740, 294.594
 19800, 314.204
 19860, 304.286
 19920, 275.896
 19980, 271.664
 20040, 288.531
 20100, 307.339
 20160, 308.393
 20220, 313.702
 20280, 316.684
 20340, 308.871
 20400, 276.268
 20460, 285.185
 20520, 301.436
 20580, 299.692
 20640, 301.339
 20700, 285.557
 20760, 280.419
 20820, 282.354
 20880, 281.492
 20940, 299.480
 21000, 312.243
 21060, 313.524
 21120, 312.043
 21180, 303.020
 21240, 288.889
 21300, 286.136
 21360, 293.210
 21420, 295.557
 21480, 281.222
 21540, 281.874
 21600, 298.066
 21660, 280.643
 21720, 271.361
 21780, 279.174
 21840, 287.312
 21900, 275.166
 21960, 261.348
 22020, 251.785
 22080, 223.903
 22140, 194.400
 22200, 186.054
 22260, 205.750
 22320, 204.528
 22380, 208.234
 22440, 210.914
 22500, 214.333
 22560, 229.600
 22620, 226.286
 22680, 221.366
 22740, 227.559
 22800, 223.638
 22860, 220.190
 22920, 227.966
 22980, 245.123
 23040, 242.728
 23100, 247.983
 23160, 263.089
 23220, 258.854
 23280, 268.328
 23340, 291.435
 23400, 304.089
 23460, 298.602
 23520, 301.596
 23580, 283.458
 23640, 251.164
 23700, 246.984
 23760, 261.901
 23820, 262.430
 23880, 262.184
 23940, 234.787
 24000, 235.829
 24060, 251.444
 24120, 248.952
 24180, 277.323
 24240, 301.179
 24300, 312.576
 24360, 307.173
 24420, 297.264
 24480, 292.314
 24540, 276.675
 24600, 291.822
 24660, 302.515
 24720, 308.450
 24780, 304.800
 24840, 312.598
 24900, 305.767
 24960, 317.303
 25020, 328.633
 25080, 338.312
 25140, 353.525
 25200, 353.628
 25260, 345.400
 25320, 339.271
 25380, 325.763
 25440, 313.761
 25500, 307.977
 25560, 317.849
 25620, 326.391
 25680, 326.338
 25740, 318.571
 25800, 299.856
 25860, 290.582
 25920, -9999.000
 25980, 272.993
 26040, 281.710
 26100, 298.493
 26160, 293.480
 26220, 280.932
 26280, 270.955
 26340, 255.570
 26400, 251.251
 26460, 253.049
 26520, 254.712
 26580, 251.232
 26640, 259.591
 26700, 257.109
 26760, 253.298
 26820, 254.575
 26880, 257.201
 26940, 273.653
 27000, 283.501
 27060, 283.780
 27120, 288.647
 27180, 290.475
 27240, 274.619
 27300, 282.563
 27360, 294.917
 27420, 274.659
 27480, 275.535
 27540, 270.713
 27600, 271.968
 27660, 275.099
 27720, 276.132
 27780, 264.888
 27840, 278.702
 27900, 284.230
 27960, 280.321
 28020, 290.827
 28080, 285.281
 28140, 280.151
 28200, 270.829
 28260, 259.965
 28320, 257.150
 28380, 270.464
 28440, 282.115
 28500, 276.219
 28560, 264.697
 28620, 257.907
 28680, 241.248
 28740, 240.050
 28800, 245.308
 28860, 264.779
 28920, 283.550
 28980, 291.049
 29040, 281.843
 29100, 282.421
 29160, 277.379
 29220, 269.436
 29280, 281.679
 29340, 291.791
 29400, 281.498
 29460, 267.019
 29520, 254.938
 29580, 248.649
 29640, -9999.000
 29700, 238.753
 29760, 251.151
 29820, 264.869
 29880, 267.678
 29940, 253.177
 30000, 237.161
 30060, 233.936
 30120, 241.430
 30180, 265.562
 30240, 275.907
 30300, 268.530
 30360, 272.524
 30420, 283.331
 30480, 276.656
 30540, 270.309
 30600, 268.875
 30660, 282.777
 30720, 294.902
 30780, 300.640
 30840, 302.177
 30900, 306.782
 30960, 296.529
 31020, 300.019
 31080, 303.295
 31140, 305.444
 31200, 304.635
 31260, 300.737
 31320, 283.473
 31380, 267.247
 31440, 271.808
 31500, 257.430
 31560, 267.287
 31620, 277.517
 31680, 280.217
 31740, 271.788
 31800, 266.259
 31860, 259.347
 31920, 254.198
 31980, 262.326
 32040, 273.530
 32100, 279.042
 32160, 289.404
 32220, 289.080
 32280, 278.316
 32340, 271.625
 32400, 261.315
 32460, 271.349
 32520, 284.368
 32580, 286.269
 32640, 296.046
 32700, 288.755
 32760, 270.705
 32820, 264.272
 32880, 282.435
 32940, 305.966
 33000, 317.866
 33060, 317.059
 33120, 309.647
 33180, 301.604
 33240, 281.318
 33300, -9999.000
 33360, 284.758
 33420, 287.526
 33480, 274.523
 33540, 267.093
 33600, 269.265
 33660, 256.886
 33720, 240.758
 33780, 235.648
 33840, 259.854
 33900, 255.957
 33960, 258.592
 34020, 257.946
 34080, 263.202
 34140, 248.939
 34200, 237.264
 34260, 232.282
 34320, 229.632
 34380, 233.523
 34440, 225.825
 34500, 223.663
 34560, 222.595
 34620, 225.042
 34680, 240.509
 34740, 245.468
 34800, 253.560
 34860, 252.527
 34920, 258.443
 34980, 266.467
 35040, 274.894
 35100, 281.389
 35160, -9999.000
 35220, 284.452
 35280, 286.243
 35340, 275.988
 35400, 261.124
 35460, 258.137
 35520, 269.065
 35580, 261.201
 35640, 256.846
 35700, 255.380
 35760, 250.559
 35820, 250.799
 35880, 254.929
 35940, 257.684
 36000, 251.506
 36060, 243.674
 36120, 234.573
 36180, 224.723
 36240, 226.876
 36300, 234.992
 36360, 238.303
 36420, 233.222
 36480, 222.124
 36540, 216.331
 36600, 214.085
 36660, 218.557
 36720, 222.197
 36780, 224.650
 36840, 221.387
 36900, 215.327
 36960, 209.788
 37020, -9999.000
 37080, 219.141
 37140, 216.757
 37200, 216.521
 37260, 216.187
 37320, 209.941
 37380, 215.557
 37440, 224.678
 37500, 231.005
 37560, 231.389
 37620, 224.652
 37680, 223.157
 37740, 220.492
 37800, 222.861
 37860, 224.933
 37920, 229.878
 37980, 231.122
 38040, 211.832
 38100, 205.410
 38160, 212.033
 38220, 219.434
 38280, 212.875
 38340, 209.123
 38400, 201.888
 38460, 197.671
 38520, 208.330
 38580, 218.853
 38640, 225.924
 38700, 227.322
 38760, 232.535
 38820, 229.523
 38880, 230.728
 38940, 237.091
 39000, 240.966
 39060, 242.626
 39120, 243.765
 39180, 239.382
 39240, 232.995
 39300, 227.508
 39360, 238.159
 39420, 238.301
 39480, 235.219
 39540, 233.190
 39600, 224.733
 39660, 218.368
 39720, 217.495
 39780, 217.500
 39840, 225.933
 39900, 221.900
 39960, 229.326
 40020, 228.397
 40080, 234.775
 40140, 240.359
 40200, 239.056
 40260, 237.915
 40320, 213.650
 40380, 195.514
 40440, 190.996
 40500, 192.770
 40560, 190.090
 40620, 186.080
 40680, -9999.000
 40740, 178.872
 40800, 169.307
 40860, 171.547
 40920, 165.932
 40980, 167.157
 41040, 166.635
 41100, 158.302
 41160, 158.013
 41220, 166.555
 41280, 161.401
 41340, 155.456
 41400, 146.826
 41460, 144.483
 41520, 148.892
 41580, 153.557
 41640, 150.208
 41700, 150.495
 41760, 148.301
 41820, 145.454
 41880, 153.039
 41940, 158.542
 42000, 167.750
 42060, 170.745
 42120, 167.515
 42180, 173.856
 42240, 180.826
 42300, 177.461
 42360, 172.552
 42420, 172.568
 42480, 167.773
 42540, 163.396
 42600, 174.461
 42660, 178.183
 42720, 179.910
 42780, 182.290
 42840, 179.972
 42900, 188.484
 42960, 193.713
 43020, 194.123
 43080, 178.188
 43140, 177.251
 43200, 155.877
 43260, 161.037
 43320, 165.930
 43380, 168.713
 43440, 171.881
 43500, 161.192
 43560, 163.193
 43620, 179.736
 43680, 182.051
 43740, 186.608
 43800, 192.056
 43860, 190.194
 43920, 180.408
 43980, 166.249
 44040, 170.758
 44100, 172.699
 44160, 183.628
 44220, 180.403
 44280, 173.025
 44340, 169.530
 44400, -9999.000
 44460, 179.131
 44520, 181.277
 44580, 184.293
 44640, 179.668
 44700, 195.634
 44760, 216.708
 44820, 213.599
 44880, 224.014
 44940, 224.927
 45000, 207.125
 45060, 184.751
 45120, 189.504
 45180, 187.643
 45240, 178.850
 45300, 184.645
 45360, 184.967
 45420, 173.690
 45480, 181.800
 45540, 186.795
 45600, 188.962
 45660, 186.003
 45720, 185.836
 45780, 189.988
 45840, 173.199
 45900, 163.965
 45960, 159.271
 46020, 148.445
 46080, 144.394
 46140, 151.240
 46200, 146.339
 46260, 160.496
 46320, 161.111
 46380, 144.842
 46440, 140.306
 46500, 139.732
 46560, 142.683
 46620, 149.374
 46680, 158.216
 46740, 156.837
 46800, 129.632
 46860, 164.372
 46920, 453.139
 46980, 534.776
 47040, 470.826
 47100, 437.279
 47160, 400.734
 47220, 376.674
 47280, 357.991
 47340, 348.187
 47400, 345.684
 47460, 339.661
 47520, 313.205
 47580, 320.586
 47640, 276.666
 47700, 270.334
 47760, 253.825
 47820, 248.184
 47880, 234.827
 47940, 209.761
 48000, 168.167
 48060, 162.364
 48120, -9999.000
 48180, 225.915
 48240, 225.334
 48300, 225.019
 48360, 212.496
 48420, 202.870
 48480, 196.335
 48540, 197.098
 48600, 201.859
 48660, 201.957
 48720, 192.653
 48780, 192.606
 48840, 201.318
 48900, 203.895
 48960, 195.120
 49020, 191.981
 49080, 197.629
 49140, 194.859
 49200, 198.709
 49260, 200.127
 49320, 209.055
 49380, 207.688
 49440, 194.254
 49500, 183.126
 49560, 178.927
 49620, 165.026
 49680, 173.485
 49740, 168.720
 49800, 191.493
 49860, 193.720
 49920, 173.667
 49980, 205.758
 50040, 218.677
 50100, 219.722
 50160, 224.479
 50220, 218.644
 50280, 206.042
 50340, 191.001
 50400, 204.560
 50460, 208.683
 50520, 219.840
 50580, 222.043
 50640, 234.882
 50700, 238.892
 50760, 234.726
 50820, 226.742
 50880, 240.817
 50940, 252.010
 51000, 255.154
 51060, 248.071
 51120, 255.060
 51180, 285.634
 51240, 290.252
 51300, 278.163
 51360, 275.171
 51420, 266.279
 51480, 276.372
 51540, 311.538
 51600, 346.328
 51660, 340.886
 51720, 344.960
 51780, -9999.000
 51840, 306.793
 51900, 303.168
 51960, 299.182
 52020, 301.123
 52080, 298.262
 52140, 302.640
 52200, 298.417
 52260, 308.378
 52320, 310.026
 52380, 318.489
 52440, 321.662
 52500, 321.913
 52560, 328.432
 52620, 331.093
 52680, 336.834
 52740, 346.674
 52800, 348.139
 52860, 359.523
 52920, 379.381
 52980, 381.093
 53040, 400.079
 53100, 415.108
 53160, 428.136
 53220, 440.226
 53280, 449.822
 53340, 441.046
 53400, 438.333
 53460, 442.407
 53520, 454.365
 53580, 452.621
 53640, -9999.000
 53700, 440.389
 53760, 446.671
 53820, 455.342
 53880, 458.775
 53940, 458.644
 54000, 448.261
 54060, -9999.000
 54120, -9999.000
 54180, -9999.000
 54240, -9999.000
 54300, -9999.000
 54360, -9999.000
 54420, -9999.000
 54480, -9999.000
 54540, -9999.000
 54600, -9999.000
 54660, -9999.000
 54720, -9999.000
 54780, -9999.000
 54840, -9999.000
 54900, -9999.000
 54960, -9999.000
 55020, -9999.000
 55080, -9999.000
 55140, -9999.000
 55200, -9999.000
 55260, -9999.000
 55320, -9999.000
 55380, -9999.000
 55440, -9999.000
 55500, -9999.000
 55560, -9999.000
 55620, -9999.000
 55680, -9999.000
 55740, -9999.000
 55800, -9999.000
 55860, -9999.000
 55920, -9999.000
 55980, -9999.000
 56040, -9999.000
 56100, -9999.000
 56160, -9999.000
 56220, -9999.000
 56280, -9999.000
 56340, -9999.000
 56400, -9999.000
 56460, -9999.000
 56520, -9999.000
 56580, -9999.000
 56640, -9999.000
 56700, -9999.000
 56760, -9999.000
 56820, -9999.000
 56880, -9999.000
 56940, -9999.000
 57000, -9999.000
 57060, -9999.000
 57120, -9999.000
 57180, -9999.000
 57240, -9999.000
 57300, -9999.000
 57360, -9999.000
 57420, -9999.000
 57480, -9999.000
 57540, 403.885
 57600, 434.962
 57660, 467.394
 57720, 468.420
 57780, 464.805
 57840, 469.534
 57900, 457.437
 57960, 451.829
 58020, 427.542
 58080, 413.417
 58140, 390.739
 58200, 389.065
 58260, 384.673
 58320, 391.451
 58380, 405.299
 58440, 409.850
