CampaignData_and_Merges/R0/CSL_MobileLab_Parked/raw/20240809/USOS-MetNav_MobileLabGround_20240809_R0.ict
44, 1001
Carrie Womack, Nate Howard, Mike Zucker
NOAA Chemical Sciences Laboratory
Mobile Lab MetNav Station
USOS
1, 1
2024, 08, 09, 2024, 12, 21
60
Time_Start, seconds_past_midnight, Seconds from midnight UTC
11
1, 1, 1, 1, 1, 1, 1, 1, 1, 1, 1
-9999, -9999, -9999, -9999, -9999, -9999, -9999, -9999, -9999, -9999, -9999
GPS_Alt_m, meters, Altitude from Differential GPS
GPS_Course_deg, degrees, Course from Differential GPS
GPS_GndSpd_m_s, m/s, Ground Speed from Differential GPS
GPS_Heading_deg, degrees, Heading from Differential GPS
GPS_Lat_deg, degrees, Latitude from Differential GPS
GPS_Lon_deg, degrees, Longitude from Differential GPS
AirTemp_C, Celsius, Air Temperature from Airmar
RelHumidity_pct, percent, Relative Humidity from Airmar
Pressure_mb, millibars, Pressure from Honeywell
WindDir_calc_deg, degrees, Wind Direction from Airmar corrected for van movement
WindSpd_calc_m_s, m/s, Wind Speed from Airmar corrected for van movement
1
SPECIAL COMMENTS:
18
PI_CONTACT_INFO: Address: 325 Broadway R/CSL7, Boulder, CO, 80305
PLATFORM: CSL Mobile Lab
LOCATION: Salt Lake City, UT
ASSOCIATED_DATA: N/A
INSTRUMENT_INFO: N/A
DATA_INFO: Units:
UNCERTAINTY: N/A
ULOD_FLAG: -7777
ULOD_VALUE: N/A
LLOD_FLAG: -8888
LLOD_VALUE: N/A
DM_CONTACT_INFO: Data Manager: Nate Howard
PROJECT_INFO: 
STIPULATIONS_ON_USE: Use of these data require prior ok from PI.
OTHER_COMMENTS: 
REVISION: R0
R0: Final data. Fixed bug in wind averaging code. RA: Preliminary Data. For in-field use only. 
Time_Start, GPS_Alt_m, GPS_Course_deg, GPS_GndSpd_m_s, GPS_Heading_deg, GPS_Lat_deg, GPS_Lon_deg, AirTemp_C, RelHumidity_pct, Pressure_mb, WindDir_calc_deg, WindSpd_calc_m_s
[from data line 1043]
62580.0,1308.9,2.04,0.05,2.04,40.73434,-111.87211,33.7,22.3,877.4,182.16,2.3
62640.0,1308.8,2.40,0.04,2.40,40.73434,-111.87211,33.7,22.0,877.4,144.50,1.7
62700.0,1308.7,2.20,0.04,2.20,40.73434,-111.87211,33.7,21.8,877.4,158.84,1.4
62760.0,1308.6,2.44,0.04,2.44,40.73434,-111.87211,33.7,22.2,877.4,155.39,2.6
62820.0,1308.5,2.28,0.04,2.28,40.73434,-111.87211,33.7,21.9,877.4,174.91,2.4
62880.0,1308.5,2.13,0.04,2.13,40.73434,-111.87211,33.7,22.6,877.4,172.10,2.4
62940.0,1308.3,1.75,0.04,1.75,40.73434,-111.87211,33.3,22.5,877.4,165.16,4.3
63000.0,1308.2,2.02,0.05,2.02,40.73434,-111.87211,33.4,22.6,877.3,156.94,3.1
63060.0,1308.2,1.24,0.05,1.24,40.73434,-111.87211,33.2,22.5,877.4,157.04,3.5
63120.0,1308.2,1.72,0.05,1.72,40.73434,-111.87211,33.3,22.7,877.3,157.07,2.3
63180.0,1308.1,1.63,0.04,1.63,40.73434,-111.87211,33.3,22.7,877.4,155.29,3.3
63240.0,1308.3,1.85,0.05,1.85,40.73434,-111.87211,33.2,23.1,877.3,147.31,3.1
63300.0,1308.3,1.70,0.05,1.70,40.73434,-111.87211,33.3,22.3,877.4,199.17,2.4
63360.0,1308.4,2.82,0.05,2.82,40.73434,-111.87211,33.5,22.3,877.3,184.70,2.3
63420.0,1308.5,3.11,0.04,3.11,40.73434,-111.87211,33.5,22.4,877.3,176.49,2.1
63480.0,1308.5,2.67,0.04,2.67,40.73434,-111.87211,33.5,22.3,877.3,173.29,2.5
63540.0,1308.6,2.11,0.04,2.11,40.73434,-111.87211,33.6,22.5,877.3,176.95,2.3
63600.0,1308.6,2.30,0.04,2.30,40.73434,-111.87211,33.7,22.0,877.3,170.48,1.6
63660.0,1308.6,2.49,0.04,2.49,40.73434,-111.87211,33.9,21.7,877.3,168.01,1.3
63720.0,1308.6,2.45,0.04,2.45,40.73434,-111.87211,33.6,22.6,877.3,123.86,3.8
63780.0,1308.6,1.59,0.04,1.59,40.73434,-111.87211,33.8,21.8,877.3,148.90,2.2
63840.0,1308.7,1.10,0.04,1.10,40.73434,-111.87211,33.7,21.4,877.3,159.09,3.8
63900.0,1308.7,1.52,0.05,1.52,40.73434,-111.87211,33.6,22.2,877.3,143.37,3.1
63960.0,1308.9,1.48,0.05,1.48,40.73434,-111.87211,33.8,21.1,877.3,177.68,1.7
64020.0,1308.9,1.72,0.05,1.72,40.73434,-111.87211,34.0,20.8,877.3,159.64,1.8
64080.0,1309.0,1.96,0.06,1.96,40.73434,-111.87211,33.9,20.7,877.3,154.58,3.3
64140.0,1309.1,2.20,0.06,2.20,40.73434,-111.87211,34.0,20.5,877.3,157.97,2.1
64200.0,1309.2,1.98,0.06,1.98,40.73434,-111.87211,34.0,20.6,877.3,162.16,3.0
64260.0,1309.4,1.62,0.05,1.62,40.73434,-111.87211,33.8,21.1,877.3,146.99,3.8
64320.0,1309.0,1.92,0.05,1.92,40.73434,-111.87211,33.5,21.1,877.2,137.41,4.4
64380.0,1308.9,2.24,0.05,2.24,40.73434,-111.87211,33.4,21.7,877.2,147.09,2.9
64440.0,1308.8,2.20,0.04,2.20,40.73434,-111.87211,33.4,20.9,877.2,168.31,2.8
64500.0,1308.9,2.33,0.05,2.33,40.73434,-111.87211,33.4,21.0,877.2,159.03,3.0
64560.0,1308.9,1.86,0.04,1.86,40.73434,-111.87211,33.3,22.0,877.2,140.65,3.2
64620.0,1308.9,2.11,0.04,2.11,40.73434,-111.87211,33.4,21.4,877.2,166.29,2.9
64680.0,1308.9,2.07,0.04,2.07,40.73434,-111.87211,33.5,21.2,877.1,134.17,2.4
64740.0,1308.9,1.69,0.04,1.69,40.73434,-111.87211,33.5,21.8,877.1,152.62,2.8
64800.0,1309.1,1.82,0.05,1.82,40.73434,-111.87211,33.5,22.2,877.1,125.85,3.0
64860.0,1309.0,1.57,0.04,1.57,40.73434,-111.87211,33.7,21.8,877.1,151.28,1.8
64920.0,1309.0,1.71,0.05,1.71,40.73434,-111.87211,33.8,21.1,877.1,163.38,2.4
64980.0,1308.5,2.11,0.05,2.11,40.73434,-111.87210,33.9,21.6,877.0,128.22,2.7
65040.0,1308.5,2.34,0.05,2.34,40.73434,-111.87210,34.1,20.8,877.0,178.79,1.4
65100.0,1308.5,2.66,0.05,2.66,40.73434,-111.87210,34.3,21.4,877.0,143.13,1.9
65160.0,1308.5,2.94,0.04,2.94,40.73434,-111.87210,34.3,20.3,877.0,161.74,2.7
65220.0,1308.7,2.80,0.05,2.80,40.73434,-111.87210,34.2,20.2,877.0,149.86,4.3
65280.0,1308.8,2.66,0.04,2.66,40.73434,-111.87210,34.0,19.8,877.1,171.33,3.9
65340.0,1308.7,3.06,0.05,3.06,40.73434,-111.87211,34.2,19.6,877.0,176.72,1.7
65400.0,1308.8,3.10,0.05,3.10,40.73434,-111.87211,34.2,19.8,877.0,169.61,2.3
65460.0,1308.9,2.78,0.05,2.78,40.73434,-111.87211,34.4,19.9,877.0,164.66,2.0
65520.0,1309.0,2.47,0.05,2.47,40.73434,-111.87211,34.4,20.4,877.0,148.44,2.9
65580.0,1309.1,2.41,0.05,2.41,40.73434,-111.87211,34.5,20.8,877.0,128.32,1.6
65640.0,1309.1,2.31,0.05,2.31,40.73434,-111.87211,34.6,20.7,877.0,137.12,1.7
65700.0,1309.4,2.36,0.05,2.36,40.73434,-111.87211,34.9,19.7,876.9,165.38,1.1
65760.0,1309.6,2.39,0.05,2.39,40.73434,-111.87211,35.0,19.4,876.9,182.07,1.5
65820.0,1309.7,1.61,0.05,1.61,40.73434,-111.87211,35.3,19.3,876.9,158.82,0.4
65880.0,1309.4,0.76,0.04,0.76,40.73434,-111.87211,35.5,19.0,876.9,157.53,1.6
65940.0,1309.4,0.76,0.06,0.76,40.73434,-111.87211,35.5,18.3,877.0,198.18,2.4
66000.0,1309.3,0.76,0.05,0.76,40.73434,-111.87211,35.5,18.5,877.0,189.10,3.0
66060.0,1309.5,0.73,0.05,0.73,40.73434,-111.87211,35.5,18.3,877.0,190.30,2.2
66120.0,1309.5,1.23,0.04,1.23,40.73434,-111.87211,35.5,18.4,877.0,169.63,2.2
66180.0,1309.3,1.58,0.05,1.58,40.73434,-111.87211,35.4,18.4,876.9,177.13,2.4
66240.0,1309.4,1.33,0.04,1.33,40.73434,-111.87211,35.5,18.5,876.9,162.85,2.7
66300.0,1309.7,1.38,0.05,1.38,40.73434,-111.87211,35.6,18.5,876.9,172.57,1.6
66360.0,1309.5,1.56,0.05,1.56,40.73434,-111.87211,35.6,18.6,876.9,164.61,2.5
66420.0,1309.5,1.81,0.05,1.81,40.73434,-111.87211,35.6,18.9,877.0,170.98,2.3
66480.0,1309.3,2.06,0.05,2.06,40.73434,-111.87211,35.6,18.6,877.0,166.52,2.6
66540.0,1309.6,1.82,0.05,1.82,40.73434,-111.87211,35.5,19.3,876.9,134.23,2.9
66600.0,1309.7,1.78,0.05,1.78,40.73435,-111.87211,35.4,18.6,876.9,166.11,3.2
66660.0,1309.7,1.60,0.05,1.60,40.73435,-111.87211,35.5,18.5,876.9,180.49,1.8
66720.0,1309.2,1.55,0.06,1.55,40.73435,-111.87211,35.5,18.8,876.9,156.25,2.7
66780.0,1308.9,2.04,0.05,2.04,40.73435,-111.87211,35.3,18.6,876.9,181.73,4.2
66840.0,1308.9,1.86,0.05,1.86,40.73435,-111.87211,35.1,19.0,876.9,151.93,4.0
66900.0,1308.9,1.90,0.05,1.90,40.73435,-111.87211,35.0,19.0,876.9,173.94,3.4
66960.0,1309.0,1.84,0.05,1.84,40.73435,-111.87211,34.9,19.5,876.9,148.29,4.1
67020.0,1309.2,1.97,0.04,1.97,40.73435,-111.87211,34.8,19.2,876.9,165.13,3.9
67080.0,1309.1,1.61,0.05,1.61,40.73435,-111.87211,34.7,19.0,876.9,177.28,4.2
67140.0,1309.1,1.71,0.05,1.71,40.73435,-111.87211,34.7,19.5,876.9,164.60,3.4
67200.0,1309.1,2.34,0.04,2.34,40.73435,-111.87211,34.4,19.3,876.9,155.30,5.1
67260.0,1308.9,3.25,0.05,3.25,40.73435,-111.87211,34.3,20.0,876.8,148.71,3.4
67320.0,1308.9,2.88,0.05,2.88,40.73435,-111.87211,34.5,19.4,876.8,165.13,3.3
67380.0,1308.8,2.51,0.05,2.51,40.73435,-111.87211,34.4,19.6,876.8,148.07,3.9
67440.0,1308.8,1.98,0.05,1.98,40.73435,-111.87211,34.5,19.6,876.8,150.90,3.1
67500.0,1308.7,1.93,0.05,1.93,40.73435,-111.87211,34.4,20.2,876.7,143.24,2.7
67560.0,1308.5,1.95,0.05,1.95,40.73435,-111.87211,34.6,19.3,876.7,175.16,2.2
67620.0,1308.4,1.86,0.05,1.86,40.73435,-111.87211,34.8,19.4,876.7,176.75,1.3
67680.0,1308.3,1.74,0.05,1.74,40.73435,-111.87211,34.9,19.0,876.7,191.38,2.4
67740.0,1308.3,2.04,0.05,2.04,40.73435,-111.87211,34.9,19.2,876.7,170.00,3.1
67800.0,1308.2,2.32,0.04,2.32,40.73435,-111.87211,34.9,19.6,876.7,155.53,2.9
67860.0,1308.2,1.98,0.04,1.98,40.73435,-111.87211,34.8,19.1,876.7,173.77,3.5
67920.0,1308.1,1.96,0.05,1.96,40.73435,-111.87211,34.8,19.0,876.7,155.19,3.2
67980.0,1308.1,2.32,0.05,2.32,40.73435,-111.87210,34.9,19.3,876.7,148.94,1.8
68040.0,1308.2,2.43,0.05,2.43,40.73434,-111.87210,35.0,19.2,876.7,173.97,2.3
68100.0,1308.2,2.49,0.04,2.49,40.73434,-111.87210,35.0,19.6,876.7,150.72,2.9
68160.0,1308.1,2.54,0.04,2.54,40.73434,-111.87210,35.0,19.3,876.7,146.68,3.3
68220.0,1308.0,2.43,0.05,2.43,40.73434,-111.87210,34.9,19.1,876.7,146.87,4.1
68280.0,1307.9,2.17,0.05,2.17,40.73434,-111.87210,35.1,19.4,876.7,140.08,2.3
68340.0,1307.8,2.55,0.04,2.55,40.73434,-111.87210,35.2,19.0,876.7,167.86,2.0
68400.0,1307.8,2.48,0.05,2.48,40.73434,-111.87210,35.3,18.5,876.7,166.95,2.1
68460.0,1307.9,2.37,0.04,2.37,40.73434,-111.87210,35.4,18.7,876.7,158.55,2.6
68520.0,1307.9,1.99,0.04,1.99,40.73434,-111.87210,35.5,19.4,876.6,138.67,2.7
68580.0,1307.8,1.22,0.04,1.22,40.73434,-111.87210,35.4,19.0,876.6,166.56,3.5
68640.0,1307.8,1.37,0.04,1.37,40.73434,-111.87210,35.2,18.6,876.6,146.26,3.5
68700.0,1307.9,1.66,0.05,1.66,40.73434,-111.87210,35.2,19.0,876.6,141.11,2.7
68760.0,1307.9,1.31,0.05,1.31,40.73434,-111.87210,35.2,18.9,876.6,150.83,3.4
68820.0,1307.9,1.11,0.05,1.11,40.73434,-111.87210,35.2,19.2,876.6,147.04,3.3
68880.0,1307.9,1.55,0.05,1.55,40.73434,-111.87211,35.0,18.9,876.7,159.16,4.6
68940.0,1308.0,1.80,0.05,1.80,40.73434,-111.87211,34.9,19.0,876.6,149.65,3.6
69000.0,1308.0,1.76,0.05,1.76,40.73434,-111.87211,35.0,20.1,876.6,150.52,1.9
69060.0,1308.0,1.79,0.05,1.79,40.73434,-111.87211,35.4,18.7,876.6,169.35,1.0
69120.0,1308.0,1.41,0.05,1.41,40.73434,-111.87211,35.5,18.2,876.6,184.37,1.9
69180.0,1308.0,1.63,0.05,1.63,40.73434,-111.87211,35.6,17.9,876.6,196.73,2.7
69240.0,1308.0,1.80,0.05,1.80,40.73434,-111.87211,35.8,17.8,876.6,178.24,1.1
69300.0,1307.8,1.66,0.05,1.66,40.73434,-111.87211,35.8,17.7,876.6,138.49,2.6
69360.0,1307.7,1.64,0.05,1.64,40.73434,-111.87211,35.7,18.1,876.6,144.56,3.3
69420.0,1307.7,1.88,0.05,1.88,40.73434,-111.87211,35.8,17.8,876.5,169.88,2.3
69480.0,1308.3,2.19,0.05,2.19,40.73434,-111.87211,35.7,17.8,876.6,186.68,3.9
69540.0,1308.4,2.95,0.05,2.95,40.73434,-111.87211,35.8,17.7,876.6,173.90,2.2
69600.0,1308.2,2.18,0.05,2.18,40.73434,-111.87211,36.0,17.5,876.5,164.82,1.9
69660.0,1308.2,1.61,0.04,1.61,40.73434,-111.87211,35.9,17.9,876.5,158.63,3.7
69720.0,1308.2,1.51,0.05,1.51,40.73434,-111.87211,36.1,18.1,876.5,181.23,1.9
69780.0,1308.2,1.75,0.05,1.75,40.73434,-111.87211,36.2,17.7,876.5,185.34,1.7
69840.0,1308.3,1.68,0.05,1.68,40.73434,-111.87211,36.2,16.9,876.5,186.73,3.1
69900.0,1308.3,2.04,0.06,2.04,40.73434,-111.87211,36.3,17.2,876.5,165.09,1.3
69960.0,1308.1,2.30,0.05,2.30,40.73434,-111.87211,36.5,17.4,876.5,184.52,1.6
70020.0,1308.0,2.51,0.05,2.51,40.73434,-111.87211,36.5,17.3,876.5,164.89,2.9
70080.0,1308.2,2.01,0.06,2.01,40.73434,-111.87211,36.3,17.5,876.5,165.16,3.6
70140.0,1308.0,1.43,0.05,1.43,40.73434,-111.87211,36.1,17.5,876.5,167.87,3.0
70200.0,1308.2,1.39,0.05,1.39,40.73434,-111.87211,36.3,17.6,876.4,186.31,1.1
70260.0,1308.0,1.60,0.05,1.60,40.73434,-111.87211,36.5,17.7,876.4,157.47,0.7
70320.0,1307.9,1.49,0.05,1.49,40.73434,-111.87211,36.6,17.2,876.4,164.80,1.3
70380.0,1308.0,1.72,0.06,1.72,40.73434,-111.87211,36.6,17.3,876.4,180.35,2.6
70440.0,1308.0,2.08,0.05,2.08,40.73434,-111.87211,36.7,17.2,876.4,180.83,1.6
70500.0,1308.0,2.06,0.05,2.06,40.73434,-111.87211,36.8,16.8,876.3,145.97,1.0
70560.0,1308.0,2.31,0.05,2.31,40.73434,-111.87211,36.9,16.8,876.4,166.99,1.8
70620.0,1308.2,2.29,0.06,2.29,40.73434,-111.87211,36.9,17.0,876.3,152.05,2.3
70680.0,1308.3,1.84,0.05,1.84,40.73434,-111.87211,36.8,17.0,876.4,155.20,3.4
70740.0,1308.5,2.11,0.05,2.11,40.73434,-111.87211,36.7,16.7,876.4,158.98,3.5
70800.0,1308.6,1.94,0.05,1.94,40.73434,-111.87211,36.9,16.4,876.4,155.27,0.9
70860.0,1308.7,2.08,0.05,2.08,40.73434,-111.87211,37.1,16.4,876.3,153.05,1.8
70920.0,1308.6,2.20,0.05,2.20,40.73434,-111.87211,37.1,16.8,876.3,159.51,2.3
70980.0,1308.5,2.41,0.05,2.41,40.73434,-111.87211,37.3,16.1,876.3,167.23,1.2
71040.0,1308.4,2.06,0.05,2.06,40.73434,-111.87211,37.4,16.0,876.3,137.16,1.0
71100.0,1308.5,2.08,0.05,2.08,40.73434,-111.87211,37.5,16.4,876.2,108.16,1.3
71160.0,1308.6,1.35,0.05,1.35,40.73434,-111.87211,37.4,17.1,876.2,113.39,1.8
71220.0,1308.5,1.34,0.05,1.34,40.73434,-111.87211,37.5,17.4,876.2,130.19,1.2
71280.0,1308.5,1.16,0.05,1.16,40.73434,-111.87211,37.6,16.4,876.2,111.44,0.1
71340.0,1308.5,1.54,0.05,1.54,40.73434,-111.87211,37.8,16.4,876.2,119.00,0.6
71400.0,1308.5,1.62,0.05,1.62,40.73434,-111.87211,37.9,16.4,876.2,153.39,0.9
71460.0,1308.5,1.53,0.05,1.53,40.73434,-111.87211,37.9,16.1,876.2,143.74,3.0
71520.0,1308.5,1.90,0.05,1.90,40.73434,-111.87211,37.8,16.4,876.2,150.98,2.9
71580.0,1308.3,2.43,0.05,2.43,40.73434,-111.87211,37.9,16.0,876.2,176.62,1.5
71640.0,1308.2,2.46,0.04,2.46,40.73434,-111.87211,37.9,17.3,876.2,129.85,1.8
71700.0,1308.3,2.67,0.04,2.67,40.73434,-111.87211,37.9,16.1,876.2,156.94,1.8
71760.0,1308.6,2.66,0.05,2.66,40.73434,-111.87211,38.1,16.1,876.2,166.28,1.3
71820.0,1308.8,2.37,0.04,2.37,40.73434,-111.87211,38.2,15.8,876.1,138.94,1.2
71880.0,1308.9,1.93,0.04,1.93,40.73434,-111.87211,38.2,15.6,876.2,174.77,2.6
71940.0,1308.6,1.85,0.04,1.85,40.73434,-111.87211,38.0,15.5,876.1,183.92,2.2
72000.0,1308.7,2.08,0.04,2.08,40.73434,-111.87211,38.0,15.7,876.1,183.01,2.2
72060.0,1308.9,2.53,0.04,2.53,40.73434,-111.87211,37.8,15.4,876.1,165.06,2.9
72120.0,1309.2,2.50,0.04,2.50,40.73434,-111.87211,37.4,16.0,876.1,128.47,4.2
72180.0,1309.2,2.23,0.05,2.23,40.73434,-111.87211,37.2,15.9,876.1,130.26,2.2
72240.0,1309.3,2.21,0.04,2.21,40.73434,-111.87211,36.9,16.4,876.0,110.96,1.4
72300.0,1309.2,2.70,0.04,2.70,40.73434,-111.87211,36.5,16.1,876.0,117.71,3.1
72360.0,1309.6,2.54,0.05,2.54,40.73434,-111.87211,36.4,15.6,876.0,140.41,2.6
72420.0,1309.6,2.48,0.04,2.48,40.73434,-111.87211,36.4,16.0,876.0,129.06,1.4
72480.0,1309.5,2.14,0.05,2.14,40.73435,-111.87211,36.4,16.1,875.9,133.44,1.6
72540.0,1309.1,1.56,0.04,1.56,40.73434,-111.87211,36.4,16.0,875.9,139.60,1.5
72600.0,1309.3,1.57,0.04,1.57,40.73435,-111.87211,36.5,16.1,875.9,124.01,1.2
72660.0,1309.6,1.70,0.04,1.70,40.73435,-111.87211,36.5,16.3,875.9,114.04,0.8
72720.0,1309.6,1.49,0.05,1.49,40.73435,-111.87211,36.6,16.3,875.9,171.17,0.6
72780.0,1309.3,1.55,0.04,1.55,40.73435,-111.87211,36.6,16.2,875.9,169.87,1.4
72840.0,1309.3,1.64,0.04,1.64,40.73435,-111.87211,36.7,16.4,875.9,149.91,2.1
72900.0,1309.4,1.73,0.04,1.73,40.73435,-111.87211,36.6,17.0,875.9,147.08,2.6
72960.0,1309.3,2.39,0.05,2.39,40.73435,-111.87211,36.4,17.7,875.9,139.91,2.9
73020.0,1309.3,2.43,0.04,2.43,40.73435,-111.87211,36.4,17.3,875.8,119.80,1.7
73080.0,1309.1,2.43,0.05,2.43,40.73435,-111.87211,36.3,17.5,875.8,118.89,1.6
73140.0,1309.1,2.50,0.04,2.50,40.73435,-111.87211,36.1,17.6,875.8,128.67,2.7
73200.0,1309.0,2.43,0.04,2.43,40.73435,-111.87211,36.0,16.9,875.8,151.33,2.4
73260.0,1309.0,2.25,0.04,2.25,40.73435,-111.87211,35.9,17.0,875.8,142.04,2.4
73320.0,1309.0,2.47,0.05,2.47,40.73435,-111.87211,35.8,17.3,875.8,125.68,2.7
73380.0,1309.2,2.23,0.05,2.23,40.73435,-111.87211,35.8,17.1,875.8,134.00,2.0
73440.0,1309.2,1.96,0.05,1.96,40.73435,-111.87211,35.8,17.1,875.8,153.29,1.4
73500.0,1309.1,2.22,0.04,2.22,40.73435,-111.87211,35.9,17.1,875.8,126.59,0.7
73560.0,1308.8,2.03,0.04,2.03,40.73435,-111.87211,36.1,16.9,875.7,149.60,0.3
73620.0,1308.9,1.40,0.04,1.40,40.73435,-111.87211,36.2,16.7,875.7,139.43,0.4
73680.0,1308.9,1.60,0.04,1.60,40.73435,-111.87211,36.3,17.1,875.7,114.06,1.1
73740.0,1308.9,2.11,0.04,2.11,40.73435,-111.87211,36.2,16.9,875.7,87.95,0.7
73800.0,1308.9,2.47,0.04,2.47,40.73435,-111.87211,36.2,17.2,875.7,120.26,1.4
73860.0,1309.0,2.62,0.04,2.62,40.73435,-111.87211,35.8,17.4,875.7,123.92,2.8
73920.0,1309.0,2.46,0.04,2.46,40.73435,-111.87211,35.7,16.8,875.7,153.93,2.8
73980.0,1308.9,1.88,0.03,1.88,40.73435,-111.87211,35.6,16.8,875.8,153.58,2.8
74040.0,1309.0,1.67,0.04,1.67,40.73435,-111.87211,35.4,17.3,875.8,138.05,1.9
74100.0,1309.0,1.97,0.04,1.97,40.73435,-111.87211,35.6,17.0,875.8,142.30,1.0
74160.0,1309.0,2.21,0.04,2.21,40.73435,-111.87211,35.4,17.4,875.8,144.85,2.3
74220.0,1309.0,2.27,0.04,2.27,40.73435,-111.87211,35.4,17.2,875.8,165.93,2.3
74280.0,1309.0,2.40,0.04,2.40,40.73435,-111.87211,35.4,17.7,875.8,180.53,2.3
74340.0,1309.1,2.64,0.04,2.64,40.73435,-111.87211,35.2,18.1,875.8,163.43,1.3
74400.0,1309.2,2.66,0.04,2.66,40.73434,-111.87211,35.2,18.3,875.7,156.01,1.9
74460.0,1309.2,2.79,0.04,2.79,40.73434,-111.87211,35.2,18.5,875.7,179.41,1.3
74520.0,1309.2,3.02,0.04,3.02,40.73434,-111.87211,35.2,18.8,875.7,175.91,1.6
74580.0,1309.3,2.72,0.05,2.72,40.73434,-111.87211,35.2,18.7,875.7,159.61,1.6
74640.0,1309.3,2.33,0.04,2.33,40.73434,-111.87211,35.2,18.4,875.7,156.02,2.3
74700.0,1309.4,2.59,0.05,2.59,40.73434,-111.87211,35.2,18.6,875.7,177.49,1.4
74760.0,1309.6,3.02,0.04,3.02,40.73434,-111.87211,35.3,18.5,875.7,153.27,2.5
74820.0,1309.6,2.86,0.04,2.86,40.73434,-111.87210,35.7,18.1,875.6,187.60,1.6
74880.0,1309.5,1.99,0.05,1.99,40.73434,-111.87210,36.0,18.0,875.6,160.51,1.1
74940.0,1309.4,2.00,0.05,2.00,40.73434,-111.87210,36.3,18.0,875.6,145.31,0.9
