CampaignData_and_Merges/R0/CSL_MobileLab_Parked/raw/20240809/USOS-NOAAIodideCIMS-HNO2_MobileLabGround_20240809_RA.ict
33, 1001
Michael A Robinson, Chris Jernigan, Subi Thakali
NOAA ESRL Chemical Sciences Laboratory and CIRES, U. of Colorado
NOAA Iodide CIMS Instrument
USOS
1, 1
2024, 08, 09, 2024, 08, 10
1
starttime_UTC, seconds_past_midnight, seconds_of_day_since_00:00:00_UTC
1
1
-9999
HNO2_NOAACIMS, pptv, Gas_HNO2_InSitu_S_AVMR, 
0
18
PI_CONTACT_INFO: 325 Broadway, R/CSD 7, Boulder, Colorado 80305; michael.a.robinson@noaa.gov; chris.jernigan@noaa.gov;
PLATFORM: NOAA CSL Mobile Lab
LOCATION: SLC, Utah
ASSOCIATED_DATA: 1Hz data also available on request.
INSTRUMENT_INFO: NOAA I- ToF CIMS
DATA_INFO: All data in parts per trillion by volume (pptv). 1 Hz data is available upon request.
UNCERTAINTY: TBD
ULOD_FLAG: -7777
ULOD_VALUE: N/A
LLOD_FLAG: -8888
LLOD_VALUE: N/A
DM_CONTACT_INFO: Nathan Howard; nathan.h.howard@noaa.gov
PROJECT_INFO: USOS, summer 2024. https://csl.noaa.gov/groups/csl7/measurements/2024usos/
STIPULATIONS_ON_USE: Users are strongly encouraged to contact the PI for proper data usage.
OTHER_COMMENTS: 
REVISION: RA
RA: Preliminary Data; For in-field use only
starttime_UTC, HNO2_NOAACIMS
     0, -9999.000
    60, -9999.000
   120, -9999.000
   180, -9999.000
   240, -9999.000
   300, -9999.000
   360, -9999.000
   420, -9999.000
   480, -9999.000
   540, -9999.000
   600, -9999.000
   660, -9999.000
   720, -9999.000
   780, -9999.000
   840, -9999.000
   900, -9999.000
   960, -9999.000
  1020, -9999.000
  1080, -9999.000
  1140, -9999.000
  1200, -9999.000
  1260, -9999.000
  1320, -9999.000
  1380, -9999.000
  1440, -9999.000
  1500, -9999.000
  1560, -9999.000
  1620, -9999.000
  1680, -9999.000
  1740, -9999.000
  1800, -9999.000
  1860, -9999.000
  1920, -9999.000
  1980, -9999.000
  2040, -9999.000
  2100, -9999.000
  2160, -9999.000
  2220, -9999.000
  2280, -9999.000
  2340, -9999.000
  2400, -9999.000
  2460, -9999.000
  2520, -9999.000
  2580, -9999.000
  2640, -9999.000
  2700, -9999.000
  2760, -9999.000
  2820, -9999.000
  2880, -9999.000
  2940, -9999.000
  3000, -9999.000
  3060, -9999.000
  3120, -9999.000
  3180, -9999.000
  3240, -9999.000
  3300, -9999.000
  3360, -9999.000
  3420, -9999.000
  3480, -9999.000
  3540, -9999.000
  3600, -9999.000
  3660, -9999.000
  3720, -9999.000
  3780, -9999.000
  3840, -9999.000
  3900, -9999.000
  3960, -9999.000
  4020, -9999.000
  4080, -9999.000
  4140, -9999.000
  4200, -9999.000
  4260, -9999.000
  4320, -9999.000
  4380, -9999.000
  4440, -9999.000
  4500, -9999.000
  4560, -9999.000
  4620, -9999.000
  4680, -9999.000
  4740, -9999.000
  4800, -9999.000
  4860, -9999.000
  4920, -9999.000
  4980, -9999.000
  5040, -9999.000
  5100, -9999.000
  5160, -9999.000
  5220, -9999.000
  5280, -9999.000
  5340, -9999.000
  5400, -9999.000
  5460, -9999.000
  5520, -9999.000
  5580, -9999.000
  5640, -9999.000
  5700, -9999.000
  5760, -9999.000
  5820, -9999.000
  5880, -9999.000
  5940, -9999.000
  6000, -9999.000
  6060, -9999.000
  6120, -9999.000
  6180, -9999.000
  6240, -9999.000
  6300, -9999.000
  6360, -9999.000
  6420, -9999.000
  6480, -9999.000
  6540, -9999.000
  6600, -9999.000
  6660, -9999.000
  6720, -9999.000
  6780, -9999.000
  6840, -9999.000
  6900, -9999.000
  6960, -9999.000
  7020, -9999.000
  7080, -9999.000
  7140, -9999.000
  7200, -9999.000
  7260, -9999.000
  7320, -9999.000
  7380, -9999.000
  7440, -9999.000
  7500, 53.706
  7560, 40.747
  7620, 42.548
  7680, 58.899
  7740, 55.287
  7800, 51.470
  7860, 59.544
  7920, 55.715
  7980, 62.734
  8040, 52.283
  8100, 69.032
  8160, 144.773
  8220, 132.300
  8280, 73.667
  8340, 90.402
  8400, 70.468
  8460, 156.061
  8520, 109.690
  8580, 96.030
  8640, 176.563
  8700, 195.217
  8760, 181.773
  8820, 165.223
  8880, 169.136
  8940, 189.924
  9000, 167.972
  9060, 101.875
  9120, 63.237
  9180, 85.339
  9240, 103.835
  9300, 83.725
  9360, 112.259
  9420, 95.054
  9480, 110.987
  9540, 116.937
  9600, 106.036
  9660, 104.307
  9720, 89.167
  9780, 89.348
  9840, 109.609
  9900, 112.342
  9960, 96.025
 10020, 102.343
 10080, 85.728
 10140, 91.253
 10200, 72.518
 10260, 62.360
 10320, 85.903
 10380, 83.276
 10440, 77.658
 10500, 69.944
 10560, 71.214
 10620, 84.891
 10680, 55.608
 10740, 65.956
 10800, 60.860
 10860, 63.992
 10920, 89.167
 10980, 81.502
 11040, 79.841
 11100, 66.457
 11160, -9999.000
 11220, 96.680
 11280, 100.308
 11340, 104.918
 11400, 98.467
 11460, 82.793
 11520, 94.426
 11580, 74.514
 11640, 70.725
 11700, 83.111
 11760, 90.395
 11820, 70.682
 11880, 72.069
 11940, 71.203
 12000, 49.191
 12060, 46.988
 12120, 47.646
 12180, 51.124
 12240, 54.554
 12300, 58.337
 12360, 46.412
 12420, 53.834
 12480, 59.805
 12540, 64.977
 12600, 40.000
 12660, 64.755
 12720, 68.243
 12780, 47.354
 12840, 61.009
 12900, 42.044
 12960, 47.402
 13020, 50.901
 13080, 50.485
 13140, 44.943
 13200, 56.633
 13260, 57.711
 13320, 57.432
 13380, 64.136
 13440, 53.753
 13500, 56.119
 13560, 54.767
 13620, 55.374
 13680, 69.099
 13740, 91.614
 13800, 78.795
 13860, 55.786
 13920, 65.312
 13980, 69.794
 14040, 68.209
 14100, 51.921
 14160, 56.975
 14220, 51.706
 14280, 63.739
 14340, 55.098
 14400, 56.830
 14460, 56.670
 14520, 52.803
 14580, 48.966
 14640, 69.565
 14700, 74.673
 14760, 38.161
 14820, -9999.000
 14880, 47.207
 14940, 45.491
 15000, 93.207
 15060, 51.261
 15120, 42.431
 15180, 40.550
 15240, 42.096
 15300, 47.101
 15360, 47.197
 15420, 63.368
 15480, 49.198
 15540, 50.478
 15600, 64.518
 15660, 77.386
 15720, 69.694
 15780, 44.236
 15840, 59.301
 15900, 53.136
 15960, 46.657
 16020, 47.362
 16080, 49.278
 16140, 55.383
 16200, 66.780
 16260, 49.756
 16320, 39.465
 16380, 60.161
 16440, 57.679
 16500, 72.156
 16560, 68.781
 16620, 73.983
 16680, -9999.000
 16740, 73.786
 16800, 91.367
 16860, 81.265
 16920, 77.611
 16980, 93.999
 17040, 107.511
 17100, 120.638
 17160, 106.795
 17220, 102.099
 17280, 107.144
 17340, 91.975
 17400, 83.256
 17460, 105.777
 17520, 117.861
 17580, 153.450
 17640, 109.286
 17700, 91.193
 17760, 104.370
 17820, 123.107
 17880, 124.513
 17940, 90.756
 18000, 77.175
 18060, 65.976
 18120, 89.278
 18180, 84.098
 18240, 77.738
 18300, 89.781
 18360, 90.371
 18420, 93.289
 18480, 81.356
 18540, -9999.000
 18600, 82.055
 18660, 84.716
 18720, 119.061
 18780, 117.229
 18840, 161.388
 18900, 140.304
 18960, 154.245
 19020, 150.461
 19080, 131.088
 19140, 162.024
 19200, 127.945
 19260, 103.600
 19320, 95.523
 19380, 92.104
 19440, 104.393
 19500, 111.083
 19560, 88.746
 19620, 79.979
 19680, 87.554
 19740, 78.057
 19800, 82.974
 19860, 98.059
 19920, 90.292
 19980, 84.556
 20040, 72.605
 20100, 90.004
 20160, 70.778
 20220, 86.426
 20280, 99.336
 20340, 109.460
 20400, 105.154
 20460, 95.439
 20520, 108.350
 20580, 100.405
 20640, 100.956
 20700, 98.967
 20760, 97.061
 20820, 118.362
 20880, 88.328
 20940, 80.907
 21000, 83.435
 21060, 96.535
 21120, 89.120
 21180, 104.879
 21240, 111.057
 21300, 116.388
 21360, 120.178
 21420, 107.089
 21480, 80.425
 21540, 68.820
 21600, 97.537
 21660, 119.980
 21720, 130.218
 21780, 127.380
 21840, 162.099
 21900, 147.879
 21960, 146.008
 22020, 137.359
 22080, 165.503
 22140, 163.752
 22200, 118.018
 22260, 167.964
 22320, 181.030
 22380, 160.139
 22440, 140.663
 22500, 132.972
 22560, 117.938
 22620, 106.403
 22680, 125.418
 22740, 173.588
 22800, 186.240
 22860, 190.840
 22920, 123.076
 22980, 89.911
 23040, 102.555
 23100, 117.461
 23160, 118.637
 23220, 136.620
 23280, 104.295
 23340, 99.536
 23400, 115.901
 23460, 87.225
 23520, 100.955
 23580, 140.016
 23640, 125.446
 23700, 137.317
 23760, 126.723
 23820, 77.932
 23880, 113.702
 23940, 96.184
 24000, 65.776
 24060, 55.333
 24120, 73.052
 24180, 76.127
 24240, 72.537
 24300, 56.949
 24360, 79.929
 24420, 77.455
 24480, 70.670
 24540, 76.703
 24600, 76.699
 24660, 74.256
 24720, 83.377
 24780, 54.174
 24840, 67.041
 24900, 45.552
 24960, 43.028
 25020, 66.071
 25080, 56.305
 25140, 57.152
 25200, 70.775
 25260, 60.330
 25320, 67.098
 25380, 79.476
 25440, 66.904
 25500, 69.976
 25560, 67.650
 25620, 72.024
 25680, 66.971
 25740, 68.281
 25800, 76.772
 25860, 76.684
 25920, -9999.000
 25980, 78.605
 26040, 69.852
 26100, 82.948
 26160, 79.490
 26220, 65.959
 26280, 81.944
 26340, 77.018
 26400, 64.476
 26460, 77.041
 26520, 62.732
 26580, 69.872
 26640, 66.303
 26700, 57.839
 26760, 68.693
 26820, 90.061
 26880, 66.095
 26940, 71.405
 27000, 72.028
 27060, 64.079
 27120, 63.855
 27180, 55.565
 27240, 58.484
 27300, 63.517
 27360, 87.818
 27420, 78.543
 27480, 86.870
 27540, 80.336
 27600, 69.243
 27660, 53.031
 27720, 85.296
 27780, 131.984
 27840, 112.308
 27900, 95.238
 27960, 75.243
 28020, 75.987
 28080, 83.429
 28140, 85.083
 28200, 85.003
 28260, 92.804
 28320, 76.330
 28380, 64.576
 28440, 88.742
 28500, 90.114
 28560, 90.431
 28620, 86.333
 28680, 85.851
 28740, 91.105
 28800, 63.925
 28860, 59.379
 28920, 65.090
 28980, 69.810
 29040, 67.920
 29100, 82.959
 29160, 75.733
 29220, 79.820
 29280, 91.066
 29340, 113.787
 29400, 105.562
 29460, 102.979
 29520, 99.037
 29580, 111.352
 29640, -9999.000
 29700, 130.776
 29760, 115.218
 29820, 108.103
 29880, 141.468
 29940, 125.366
 30000, 96.388
 30060, 72.289
 30120, 83.985
 30180, 108.306
 30240, 103.523
 30300, 87.564
 30360, 85.567
 30420, 86.962
 30480, 95.295
 30540, 95.893
 30600, 87.755
 30660, 77.753
 30720, 73.739
 30780, 67.052
 30840, 78.907
 30900, 76.307
 30960, 82.827
 31020, 97.941
 31080, 89.260
 31140, 79.280
 31200, 92.229
 31260, 88.838
 31320, 90.124
 31380, 74.136
 31440, 80.459
 31500, 85.835
 31560, 60.707
 31620, 58.003
 31680, 77.411
 31740, 58.111
 31800, 60.848
 31860, 67.292
 31920, 69.777
 31980, 65.766
 32040, 47.220
 32100, 33.647
 32160, 44.828
 32220, 36.428
 32280, 55.749
 32340, 68.623
 32400, 57.286
 32460, 39.673
 32520, 46.430
 32580, 43.476
 32640, 55.310
 32700, 62.640
 32760, 53.424
 32820, 63.794
 32880, 49.617
 32940, 38.908
 33000, 53.887
 33060, 52.865
 33120, 50.530
 33180, 57.352
 33240, 42.752
 33300, -9999.000
 33360, 95.935
 33420, 81.592
 33480, 81.644
 33540, 70.256
 33600, 76.849
 33660, 97.458
 33720, 86.546
 33780, 65.309
 33840, 63.843
 33900, 59.154
 33960, 65.498
 34020, 74.933
 34080, 108.623
 34140, 135.386
 34200, 110.049
 34260, 82.293
 34320, 84.170
 34380, 96.622
 34440, 78.618
 34500, 67.590
 34560, 79.186
 34620, 59.291
 34680, 63.941
 34740, 83.873
 34800, 75.373
 34860, 43.819
 34920, 52.185
 34980, 98.248
 35040, 82.585
 35100, 89.658
 35160, -9999.000
 35220, 70.134
 35280, 95.620
 35340, 97.210
 35400, 102.928
 35460, 111.926
 35520, 87.836
 35580, 86.671
 35640, 94.772
 35700, 90.624
 35760, 113.601
 35820, 130.030
 35880, 111.934
 35940, 113.035
 36000, 119.965
 36060, 111.077
 36120, 138.600
 36180, 143.787
 36240, 118.214
 36300, 126.664
 36360, 127.548
 36420, 137.783
 36480, 131.276
 36540, 147.127
 36600, 146.275
 36660, 117.350
 36720, 125.421
 36780, 132.757
 36840, 184.396
 36900, 230.017
 36960, 210.825
 37020, -9999.000
 37080, 131.090
 37140, 117.057
 37200, 114.467
 37260, 118.972
 37320, 104.134
 37380, 108.512
 37440, 107.578
 37500, 108.099
 37560, 104.157
 37620, 111.573
 37680, 126.136
 37740, 133.434
 37800, 123.915
 37860, 129.395
 37920, 130.373
 37980, 166.496
 38040, 145.644
 38100, 122.109
 38160, 130.969
 38220, 128.344
 38280, 124.443
 38340, 120.256
 38400, 105.242
 38460, 121.534
 38520, 121.741
 38580, 96.084
 38640, 105.507
 38700, 107.238
 38760, 121.937
 38820, 120.424
 38880, 105.632
 38940, 115.430
 39000, 119.021
 39060, 112.378
 39120, 127.433
 39180, 122.987
 39240, 120.801
 39300, 132.229
 39360, 148.999
 39420, 100.036
 39480, 126.859
 39540, 153.605
 39600, 137.110
 39660, 142.495
 39720, 136.430
 39780, 83.069
 39840, 114.721
 39900, 107.216
 39960, 110.576
 40020, 143.734
 40080, 176.988
 40140, 175.816
 40200, 158.526
 40260, 199.237
 40320, 187.886
 40380, 167.500
 40440, 167.275
 40500, 162.851
 40560, 200.059
 40620, 201.489
 40680, -9999.000
 40740, 165.740
 40800, 163.091
 40860, 121.551
 40920, 136.041
 40980, 174.392
 41040, 192.703
 41100, 176.895
 41160, 173.091
 41220, 144.012
 41280, 161.501
 41340, 190.052
 41400, 176.787
 41460, 171.499
 41520, 168.084
 41580, 157.398
 41640, 164.846
 41700, 181.501
 41760, 225.629
 41820, 179.731
 41880, 192.361
 41940, 151.299
 42000, 175.734
 42060, 204.515
 42120, 193.768
 42180, 208.399
 42240, 244.797
 42300, 187.061
 42360, 182.765
 42420, 212.565
 42480, 197.335
 42540, 198.348
 42600, 221.011
 42660, 198.732
 42720, 196.173
 42780, 226.076
 42840, 205.613
 42900, 190.414
 42960, 210.175
 43020, 174.673
 43080, 125.701
 43140, 170.653
 43200, 121.666
 43260, 102.056
 43320, 106.281
 43380, 75.781
 43440, 109.228
 43500, 93.854
 43560, 70.365
 43620, 49.834
 43680, 77.439
 43740, 57.518
 43800, 75.094
 43860, 76.241
 43920, 69.681
 43980, 68.457
 44040, 77.593
 44100, 61.324
 44160, 94.172
 44220, 97.751
 44280, 93.908
 44340, 83.336
 44400, -9999.000
 44460, 82.537
 44520, 90.876
 44580, 92.149
 44640, 67.848
 44700, 63.611
 44760, 86.990
 44820, 61.331
 44880, 82.882
 44940, 132.977
 45000, 135.959
 45060, 129.347
 45120, 137.619
 45180, 135.630
 45240, 109.320
 45300, 152.244
 45360, 186.554
 45420, 159.887
 45480, 126.436
 45540, 121.863
 45600, 154.966
 45660, 148.883
 45720, 176.986
 45780, 201.317
 45840, 180.684
 45900, 163.535
 45960, 147.118
 46020, 155.858
 46080, 129.499
 46140, 141.333
 46200, 92.638
 46260, 106.345
 46320, 101.535
 46380, 101.937
 46440, 105.931
 46500, 110.667
 46560, 90.692
 46620, 73.491
 46680, 93.556
 46740, 104.923
 46800, 69.725
 46860, 108.096
 46920, 103.263
 46980, 85.431
 47040, 101.801
 47100, 136.918
 47160, 133.096
 47220, 160.680
 47280, 157.636
 47340, 151.461
 47400, 145.259
 47460, 147.428
 47520, 82.310
 47580, 199.984
 47640, 130.806
 47700, 147.850
 47760, 164.404
 47820, 212.488
 47880, 210.177
 47940, 214.745
 48000, 142.611
 48060, 141.322
 48120, -9999.000
 48180, 140.647
 48240, 163.943
 48300, 211.933
 48360, 218.858
 48420, 224.787
 48480, 183.442
 48540, 192.773
 48600, 180.302
 48660, 186.163
 48720, 190.008
 48780, 233.361
 48840, 222.626
 48900, 232.820
 48960, 227.187
 49020, 188.271
 49080, 199.345
 49140, 207.873
 49200, 215.598
 49260, 236.625
 49320, 237.875
 49380, 251.447
 49440, 211.728
 49500, 152.579
 49560, 163.681
 49620, 161.870
 49680, 181.900
 49740, 165.949
 49800, 187.522
 49860, 168.107
 49920, 117.394
 49980, 133.977
 50040, 165.849
 50100, 172.362
 50160, 193.501
 50220, 196.836
 50280, 164.825
 50340, 113.762
 50400, 97.480
 50460, 81.602
 50520, 74.139
 50580, 64.125
 50640, 74.708
 50700, 84.704
 50760, 114.384
 50820, 103.396
 50880, 76.525
 50940, 69.397
 51000, 89.382
 51060, 74.905
 51120, 62.600
 51180, 87.513
 51240, 91.545
 51300, 87.675
 51360, 91.221
 51420, 84.923
 51480, 82.304
 51540, 84.094
 51600, 140.754
 51660, 131.801
 51720, 169.950
 51780, -9999.000
 51840, 162.414
 51900, 177.893
 51960, 146.025
 52020, 170.070
 52080, 150.525
 52140, 171.842
 52200, 139.308
 52260, 153.280
 52320, 153.139
 52380, 159.120
 52440, 148.405
 52500, 169.606
 52560, 171.091
 52620, 175.858
 52680, 165.899
 52740, 164.811
 52800, 150.029
 52860, 129.826
 52920, 142.163
 52980, 145.498
 53040, 122.871
 53100, 136.198
 53160, 110.361
 53220, 135.470
 53280, 162.431
 53340, 152.850
 53400, 141.688
 53460, 124.697
 53520, 128.621
 53580, 141.185
 53640, -9999.000
 53700, 123.864
 53760, 123.729
 53820, 126.461
 53880, 127.745
 53940, 154.537
 54000, 156.510
 54060, -9999.000
 54120, -9999.000
 54180, -9999.000
 54240, -9999.000
 54300, -9999.000
 54360, -9999.000
 54420, -9999.000
 54480, -9999.000
 54540, -9999.000
 54600, -9999.000
 54660, -9999.000
 54720, -9999.000
 54780, -9999.000
 54840, -9999.000
 54900, -9999.000
 54960, -9999.000
 55020, -9999.000
 55080, -9999.000
 55140, -9999.000
 55200, -9999.000
 55260, -9999.000
 55320, -9999.000
 55380, -9999.000
 55440, -9999.000
 55500, -9999.000
 55560, -9999.000
 55620, -9999.000
 55680, -9999.000
 55740, -9999.000
 55800, -9999.000
 55860, -9999.000
 55920, -9999.000
 55980, -9999.000
 56040, -9999.000
 56100, -9999.000
 56160, -9999.000
 56220, -9999.000
 56280, -9999.000
 56340, -9999.000
 56400, -9999.000
 56460, -9999.000
 56520, -9999.000
 56580, -9999.000
 56640, -9999.000
 56700, -9999.000
 56760, -9999.000
 56820, -9999.000
 56880, -9999.000
 56940, -9999.000
 57000, -9999.000
 57060, -9999.000
 57120, -9999.000
 57180, -9999.000
 57240, -9999.000
 57300, -9999.000
 57360, -9999.000
 57420, -9999.000
 57480, -9999.000
 57540, 67.185
 57600, 54.922
 57660, 69.789
 57720, 67.167
 57780, 62.759
 57840, 73.817
 57900, 70.747
 57960, 82.621
 58020, 87.054
 58080, 94.024
 58140, 90.796
 58200, 89.699
 58260, 102.652
 58320, 70.583
 58380, 86.571
 58440, 69.641
 58500, 90.249
 58560, 70.075
 58620, 97.390
 58680, 96.459
 58740, 86.577
 58800, 87.679
 58860, 91.541
 58920, 89.996
 58980, 82.295
 59040, 69.570
 59100, 91.169
 59160, -9999.000
 59220, 81.216
 59280, 83.904
 59340, 80.720
 59400, 90.653
 59460, 99.765
 59520, 91.974
 59580, 90.291
 59640, 83.679
 59700, 87.786
 59760, 80.686
 59820, 92.109
 59880, 93.965
 59940, 92.568
 60000, 95.912
 60060, 98.075
 60120, 90.066
