CampaignData_and_Merges/R0/CSL_MobileLab_Parked/raw/20240809/USOS-NOAAIodideCIMS-OrgNitrs_MobileLabGround_20240809_RA.ict
37, 1001
Michael A Robinson, Chris Jernigan, Subi Thakali
NOAA ESRL Chemical Sciences Laboratory and CIRES, U. of Colorado
NOAA Iodide CIMS Instrument
USOS
1, 1
2024, 08, 09, 2024, 08, 10
1
starttime_UTC, seconds_past_midnight, seconds_of_day_since_00:00:00_UTC
5
1, 1, 1, 1, 1
-9999, -9999, -9999, -9999, -9999
C4H7NO5_NOAACIMS, pptv, Gas_C4H7NO5_InSitu_S_AVMR, 
ISOPN_NOAACIMS, pptv, Gas_ISOPN_InSitu_S_AVMR, 
C5H10O3_NOAACIMS, pptv, Gas_C5H10O3_InSitu_S_AVMR, 
C5H9NO5_NOAACIMS, pptv, Gas_C5H9NO5_InSitu_S_AVMR, 
C10H17NO4_NOAACIMS, pptv, Gas_C10H17NO4_InSitu_S_AVMR, 
0
18
PI_CONTACT_INFO: 325 Broadway, R/CSD 7, Boulder, Colorado 80305; michael.a.robinson@noaa.gov; chris.jernigan@noaa.gov;
PLATFORM: NOAA CSL Mobile Lab
LOCATION: SLC, Utah
ASSOCIATED_DATA: 1Hz data also available on request.
INSTRUMENT_INFO: NOAA I- ToF CIMS
DATA_INFO: All data in parts per trillion by volume (pptv). 1 Hz data is available upon request.
UNCERTAINTY: TBD
ULOD_FLAG: -7777
ULOD_VALUE: N/A
LLOD_FLAG: -8888
LLOD_VALUE: N/A
DM_CONTACT_INFO: Nathan Howard; nathan.h.howard@noaa.gov
PROJECT_INFO: USOS, summer 2024. https://csl.noaa.gov/groups/csl7/measurements/2024usos/
STIPULATIONS_ON_USE: Users are strongly encouraged to contact the PI for proper data usage.
OTHER_COMMENTS: 
REVISION: RA
RA: Preliminary Data; For in-field use only
starttime_UTC, C4H7NO5_NOAACIMS, ISOPN_NOAACIMS, C5H10O3_NOAACIMS, C5H9NO5_NOAACIMS, C10H17NO4_NOAACIMS
[from data line 299]
 17940,  5.251, 26.457, 79.890, 12.159,  1.425
 18000,  5.218, 26.817, 82.211, 12.562,  1.466
 18060,  5.233, 26.466, 84.420, 12.333,  1.343
 18120,  5.130, 26.339, 83.187, 12.060,  1.371
 18180,  5.072, 26.080, 82.854, 12.178,  1.403
 18240,  5.108, 25.816, 81.817, 12.109,  1.329
 18300,  5.034, 25.655, 79.157, 11.871,  1.377
 18360,  5.049, 25.387, 79.429, 11.952,  1.351
 18420,  5.046, 25.298, 78.606, 11.496,  1.259
 18480,  4.968, 25.768, 79.762, 11.732,  1.365
 18540, -9999.000, -9999.000, -9999.000, -9999.000, -9999.000
 18600,  4.881, 23.983, 70.360, 11.073,  1.078
 18660,  5.173, 26.629, 77.855, 13.250,  1.222
 18720,  5.298, 28.262, 76.721, 15.467,  1.455
 18780,  5.359, 29.124, 77.903, 18.290,  1.704
 18840,  5.911, 32.075, 79.615, 23.152,  2.077
 18900,  5.918, 32.660, 81.762, 23.926,  2.316
 18960,  5.824, 31.960, 80.746, 23.791,  2.411
 19020,  5.772, 31.761, 80.502, 23.130,  2.299
 19080,  5.797, 31.614, 83.557, 22.629,  2.435
 19140,  5.733, 31.758, 81.967, 21.577,  2.397
 19200,  5.813, 30.862, 81.765, 20.157,  2.386
 19260,  5.589, 29.399, 80.263, 19.468,  2.258
 19320,  5.639, 29.638, 82.291, 19.603,  2.431
 19380,  5.683, 30.253, 81.896, 19.822,  2.471
 19440,  5.624, 30.078, 82.820, 18.698,  2.468
 19500,  5.648, 29.427, 77.995, 18.874,  2.386
 19560,  5.529, 28.498, 80.241, 18.124,  2.421
 19620,  5.620, 28.436, 79.880, 18.138,  2.431
 19680,  5.543, 28.544, 78.652, 18.265,  2.455
 19740,  5.671, 28.937, 77.690, 18.500,  2.630
 19800,  5.539, 28.498, 77.529, 18.262,  2.491
 19860,  5.708, 28.349, 76.704, 18.330,  2.512
 19920,  5.505, 28.231, 76.116, 18.195,  2.561
 19980,  5.616, 27.918, 77.470, 18.051,  2.397
 20040,  5.680, 28.022, 78.599, 17.935,  2.537
 20100,  5.584, 27.470, 75.888, 17.940,  2.426
 20160,  5.464, 27.737, 74.473, 18.099,  2.501
 20220,  5.552, 27.662, 75.127, 17.816,  2.471
 20280,  5.546, 27.986, 73.505, 17.403,  2.262
 20340,  5.485, 27.470, 73.447, 17.437,  2.346
 20400,  5.198, 26.758, 62.924, 15.871,  2.240
 20460,  5.470, 27.034, 68.972, 17.288,  2.336
 20520,  5.410, 26.733, 69.421, 17.084,  2.414
 20580,  5.457, 26.715, 70.472, 17.479,  2.306
 20640,  5.542, 26.661, 70.935, 17.898,  2.382
 20700,  5.519, 27.708, 71.523, 18.595,  2.383
 20760,  5.463, 27.590, 71.277, 19.006,  2.438
 20820,  5.391, 25.866, 69.354, 18.510,  2.347
 20880,  5.516, 26.897, 72.204, 18.990,  2.230
 20940,  5.462, 27.240, 75.405, 18.533,  2.245
 21000,  5.407, 26.756, 73.094, 18.699,  2.340
 21060,  5.414, 25.993, 72.174, 18.120,  2.189
 21120,  5.435, 26.573, 72.771, 18.024,  2.221
 21180,  5.403, 26.707, 72.052, 17.665,  2.193
 21240,  5.338, 26.311, 70.689, 17.580,  2.204
 21300,  5.404, 25.853, 68.854, 17.671,  2.204
 21360,  5.305, 25.378, 71.203, 17.401,  2.082
 21420,  5.283, 25.795, 71.988, 17.291,  2.158
 21480,  5.312, 26.291, 71.099, 17.407,  2.087
 21540,  5.551, 26.528, 76.521, 18.048,  2.095
 21600,  5.409, 24.923, 72.489, 17.470,  2.128
 21660,  5.291, 24.880, 70.201, 16.736,  2.018
 21720,  5.508, 25.451, 70.662, 16.881,  2.035
 21780,  5.467, 25.664, 73.165, 16.872,  2.079
 21840,  5.527, 25.181, 70.578, 16.141,  1.998
 21900,  5.523, 25.561, 72.172, 16.645,  2.062
 21960,  5.341, 24.736, 69.989, 16.648,  2.000
 22020,  5.329, 24.810, 70.708, 16.700,  2.013
 22080,  5.213, 23.990, 66.336, 15.358,  1.928
 22140,  5.247, 24.165, 66.382, 15.224,  1.943
 22200,  4.925, 25.089, 63.009, 15.280,  1.560
 22260,  4.939, 22.390, 55.361, 14.082,  1.809
 22320,  5.071, 23.153, 58.526, 14.871,  1.801
 22380,  5.094, 23.875, 60.961, 15.431,  1.913
 22440,  4.990, 22.699, 60.949, 14.703,  1.718
 22500,  5.104, 22.658, 61.747, 14.956,  1.797
 22560,  5.039, 22.493, 63.282, 15.045,  1.816
 22620,  5.090, 22.560, 64.962, 15.090,  1.820
 22680,  4.985, 22.294, 63.069, 14.827,  1.788
 22740,  4.947, 22.221, 61.641, 14.417,  1.754
 22800,  4.938, 21.991, 59.570, 14.387,  1.740
 22860,  4.937, 21.449, 58.019, 14.234,  1.713
 22920,  5.010, 21.961, 62.513, 14.934,  1.707
 22980,  5.027, 22.237, 64.633, 15.010,  1.885
 23040,  5.104, 22.163, 63.365, 15.505,  1.867
 23100,  5.127, 22.220, 63.888, 15.881,  1.867
 23160,  5.161, 22.419, 63.274, 15.512,  1.780
 23220,  5.060, 22.098, 60.306, 15.163,  1.814
 23280,  5.126, 22.117, 63.511, 15.236,  1.799
 23340,  5.223, 21.991, 64.828, 15.419,  1.781
 23400,  5.138, 21.916, 64.006, 15.706,  1.902
 23460,  5.152, 21.933, 64.430, 15.843,  1.785
 23520,  5.219, 22.250, 64.677, 15.931,  1.656
 23580,  5.073, 21.320, 61.155, 15.059,  1.866
 23640,  5.127, 22.090, 61.933, 15.345,  1.948
 23700,  5.048, 21.781, 59.555, 15.297,  1.807
 23760,  5.048, 21.368, 61.639, 15.105,  1.801
 23820,  5.056, 21.133, 63.901, 14.749,  1.857
 23880,  4.992, 20.680, 58.887, 14.472,  1.770
 23940,  4.984, 20.740, 59.126, 14.173,  1.637
 24000,  5.161, 21.118, 63.006, 14.529,  1.512
 24060,  5.376, 22.788, 65.515, 15.377,  1.462
 24120,  5.100, 20.922, 58.867, 14.481,  1.452
 24180,  5.213, 20.539, 60.329, 14.558,  1.519
 24240,  5.069, 20.540, 61.116, 14.520,  1.490
 24300,  5.074, 20.790, 63.924, 14.722,  1.623
 24360,  5.075, 20.718, 60.177, 14.553,  1.544
 24420,  5.176, 20.205, 60.390, 14.942,  1.447
 24480,  5.051, 20.050, 60.159, 14.184,  1.495
 24540,  5.170, 19.252, 57.261, 14.677,  1.271
 24600,  5.121, 19.867, 59.931, 14.864,  1.316
 24660,  5.059, 20.040, 61.619, 14.562,  1.468
 24720,  5.115, 19.809, 60.482, 14.952,  1.515
 24780,  5.086, 20.271, 61.428, 14.644,  1.421
 24840,  5.062, 19.674, 59.613, 14.089,  1.367
 24900,  5.485, 19.726, 62.206, 15.809,  1.202
 24960,  5.475, 20.712, 64.835, 16.230,  1.249
 25020,  5.258, 20.217, 63.515, 15.014,  1.276
 25080,  5.174, 20.056, 63.795, 14.549,  1.385
 25140,  5.219, 20.262, 63.960, 14.245,  1.383
 25200,  5.138, 19.627, 61.163, 14.025,  1.372
 25260,  5.162, 19.278, 61.466, 14.258,  1.462
 25320,  5.087, 20.130, 60.849, 14.159,  1.472
 25380,  5.170, 19.361, 59.497, 14.048,  1.458
 25440,  5.115, 19.128, 59.130, 14.098,  1.382
 25500,  5.155, 18.539, 59.195, 14.228,  1.385
 25560,  5.159, 19.297, 61.453, 14.367,  1.478
 25620,  5.226, 18.516, 60.335, 14.536,  1.451
 25680,  5.153, 18.983, 60.911, 14.373,  1.473
 25740,  5.123, 19.011, 59.493, 13.984,  1.469
 25800,  5.114, 18.385, 58.733, 14.091,  1.516
 25860,  5.044, 18.526, 57.883, 14.231,  1.367
 25920, -9999.000, -9999.000, -9999.000, -9999.000, -9999.000
 25980,  4.869, 17.278, 49.082, 13.181,  1.389
 26040,  5.050, 17.950, 53.039, 13.933,  1.374
 26100,  5.006, 17.928, 54.070, 13.542,  1.348
 26160,  4.972, 17.472, 53.387, 13.742,  1.464
 26220,  4.980, 18.327, 55.957, 13.871,  1.399
 26280,  5.031, 17.846, 55.355, 13.763,  1.430
 26340,  5.109, 18.066, 55.939, 14.511,  1.313
 26400,  5.210, 18.326, 58.387, 14.596,  1.405
 26460,  5.167, 18.119, 59.302, 14.338,  1.392
 26520,  5.135, 18.287, 60.248, 14.196,  1.350
 26580,  5.191, 18.254, 60.148, 14.307,  1.446
 26640,  5.129, 17.776, 58.580, 14.224,  1.420
 26700,  5.206, 17.985, 60.397, 14.327,  1.372
 26760,  5.261, 17.856, 59.112, 14.345,  1.426
 26820,  5.156, 17.629, 57.106, 14.202,  1.448
 26880,  5.196, 17.600, 59.018, 14.356,  1.469
 26940,  5.162, 18.081, 58.840, 14.013,  1.457
 27000,  5.133, 17.889, 59.694, 14.291,  1.448
 27060,  5.202, 18.095, 59.779, 14.068,  1.429
 27120,  5.200, 18.233, 59.027, 14.281,  1.361
 27180,  5.121, 18.299, 60.508, 14.005,  1.415
 27240,  5.203, 17.928, 59.800, 14.459,  1.396
 27300,  5.370, 18.286, 61.953, 14.782,  1.334
 27360,  5.138, 17.695, 61.001, 13.829,  1.409
 27420,  5.192, 18.036, 61.194, 13.997,  1.723
 27480,  5.146, 17.380, 59.775, 14.086,  1.630
 27540,  5.077, 17.771, 58.226, 13.882,  1.421
 27600,  5.174, 17.622, 58.710, 13.877,  1.607
 27660,  5.191, 18.248, 61.069, 14.189,  1.524
 27720,  5.084, 17.402, 57.621, 14.041,  1.563
 27780,  5.000, 16.824, 46.213, 13.472,  1.202
 27840,  5.074, 16.696, 53.046, 12.989,  1.331
 27900,  5.040, 16.998, 55.160, 13.168,  1.358
 27960,  5.103, 16.998, 56.603, 13.615,  1.531
 28020,  5.114, 16.899, 55.511, 13.608,  1.435
 28080,  5.064, 17.259, 55.730, 13.515,  1.434
 28140,  4.971, 16.403, 55.985, 13.109,  1.484
 28200,  5.067, 16.422, 53.633, 13.120,  1.468
 28260,  5.000, 16.613, 52.712, 12.973,  1.409
 28320,  5.032, 16.679, 54.925, 13.126,  1.318
 28380,  5.051, 16.917, 56.091, 13.188,  1.321
 28440,  4.965, 16.544, 53.965, 13.188,  1.413
 28500,  5.021, 16.301, 54.280, 13.051,  1.413
 28560,  4.953, 16.147, 54.779, 13.084,  1.632
 28620,  5.038, 16.482, 53.632, 13.019,  1.483
 28680,  5.079, 16.567, 55.264, 13.154,  1.586
 28740,  5.021, 16.294, 52.801, 13.072,  1.461
 28800,  4.994, 15.909, 55.628, 13.066,  1.527
 28860,  4.967, 16.339, 56.469, 13.297,  1.592
 28920,  5.033, 16.391, 56.033, 13.001,  1.563
 28980,  4.967, 16.162, 54.314, 13.138,  1.479
 29040,  4.983, 15.558, 54.570, 12.776,  1.595
 29100,  4.935, 15.579, 52.598, 12.829,  1.478
 29160,  4.928, 15.283, 52.210, 12.545,  1.386
 29220,  4.973, 15.298, 52.111, 12.521,  1.445
 29280,  4.854, 15.489, 53.500, 12.369,  1.464
 29340,  4.763, 14.311, 50.497, 12.249,  1.586
 29400,  4.815, 15.050, 50.069, 12.367,  1.729
 29460,  4.702, 14.940, 49.335, 12.394,  1.679
 29520,  4.943, 15.416, 50.632, 12.674,  1.773
 29580,  4.841, 15.313, 49.091, 12.784,  1.569
 29640, -9999.000, -9999.000, -9999.000, -9999.000, -9999.000
 29700,  4.650, 14.590, 38.937, 11.540,  1.526
 29760,  4.710, 14.785, 46.224, 11.984,  1.641
 29820,  4.802, 15.098, 45.992, 11.997,  1.682
 29880,  4.711, 14.405, 45.292, 11.814,  1.646
 29940,  4.677, 14.444, 46.651, 11.731,  1.734
 30000,  4.891, 14.940, 46.863, 12.468,  1.785
 30060,  5.053, 15.731, 50.762, 13.285,  1.785
 30120,  5.105, 15.362, 53.047, 13.474,  1.801
 30180,  4.948, 15.197, 52.116, 12.944,  1.768
 30240,  4.869, 15.019, 52.497, 12.638,  1.753
 30300,  4.904, 15.344, 53.029, 12.926,  1.854
 30360,  5.027, 15.492, 53.353, 12.933,  1.648
 30420,  4.980, 14.942, 53.281, 12.679,  1.679
 30480,  4.909, 15.323, 51.134, 12.259,  1.669
 30540,  4.754, 15.050, 51.792, 12.535,  1.593
 30600,  4.910, 15.121, 52.909, 12.611,  1.532
 30660,  4.982, 15.765, 55.200, 13.018,  1.450
 30720,  4.976, 15.799, 55.786, 12.878,  1.549
 30780,  4.948, 15.534, 55.273, 13.061,  1.554
 30840,  4.919, 16.087, 54.250, 12.761,  1.467
 30900,  4.857, 15.429, 55.502, 12.569,  1.555
 30960,  4.843, 16.015, 53.661, 12.451,  1.429
 31020,  4.846, 14.888, 52.668, 12.311,  1.386
 31080,  4.765, 15.151, 54.780, 12.069,  1.420
 31140,  4.826, 15.465, 54.930, 12.212,  1.459
 31200,  4.753, 14.764, 53.875, 12.432,  1.437
 31260,  4.755, 14.820, 53.080, 12.033,  1.334
 31320,  4.753, 15.148, 51.433, 11.951,  1.541
 31380,  4.950, 15.349, 50.546, 12.817,  1.442
 31440,  4.928, 14.826, 49.856, 12.840,  1.580
 31500,  4.770, 15.047, 46.261, 11.943,  1.299
 31560,  4.954, 15.244, 49.536, 13.017,  1.461
 31620,  4.925, 15.682, 51.079, 13.120,  1.439
 31680,  4.883, 15.775, 48.424, 12.916,  1.473
 31740,  5.001, 15.786, 50.134, 13.557,  1.519
 31800,  5.128, 15.809, 51.459, 13.827,  1.453
 31860,  5.028, 16.418, 51.412, 13.669,  1.378
 31920,  5.107, 16.340, 50.884, 14.282,  1.390
 31980,  5.114, 16.386, 52.017, 14.174,  1.317
 32040,  5.239, 16.858, 54.760, 14.390,  1.345
 32100,  5.279, 16.590, 56.108, 14.726,  1.425
 32160,  5.259, 16.980, 55.049, 14.863,  1.296
 32220,  5.316, 17.431, 56.798, 14.967,  1.270
 32280,  5.359, 17.595, 55.865, 15.107,  1.343
 32340,  5.225, 16.432, 54.752, 14.583,  1.405
 32400,  5.188, 16.748, 54.792, 14.544,  1.375
 32460,  5.201, 16.444, 56.597, 14.600,  1.384
 32520,  5.232, 15.826, 56.309, 14.496,  1.376
 32580,  5.259, 15.709, 55.710, 14.415,  1.331
 32640,  5.207, 15.707, 56.042, 14.572,  1.321
 32700,  5.073, 16.150, 56.015, 13.928,  1.464
 32760,  5.179, 15.985, 54.342, 14.662,  1.371
 32820,  5.262, 15.600, 54.203, 14.484,  1.430
 32880,  5.211, 15.381, 56.343, 14.322,  1.410
 32940,  5.164, 14.636, 57.103, 13.960,  1.415
 33000,  5.128, 15.249, 55.731, 14.127,  1.351
 33060,  5.160, 15.104, 55.239, 13.858,  1.416
 33120,  5.060, 14.789, 54.566, 14.137,  1.411
 33180,  4.971, 15.186, 53.438, 13.780,  1.464
 33240,  5.096, 14.928, 53.598, 13.950,  1.443
 33300, -9999.000, -9999.000, -9999.000, -9999.000, -9999.000
 33360,  4.603, 14.104, 46.980, 11.962,  1.241
 33420,  4.658, 14.088, 48.564, 12.422,  1.352
 33480,  5.000, 14.756, 49.475, 13.282,  1.499
 33540,  5.051, 14.901, 50.310, 13.439,  1.429
 33600,  5.043, 14.368, 50.274, 13.555,  1.425
 33660,  4.971, 14.153, 48.678, 13.305,  1.358
 33720,  4.959, 14.580, 50.188, 13.314,  1.442
 33780,  5.213, 14.506, 50.218, 14.302,  1.302
 33840,  5.271, 14.493, 54.987, 14.486,  1.396
 33900,  5.334, 15.262, 56.355, 14.935,  1.449
 33960,  5.248, 15.204, 55.557, 14.646,  1.523
 34020,  5.291, 14.918, 54.982, 14.819,  1.419
 34080,  4.902, 13.989, 51.869, 13.304,  1.273
 34140,  4.769, 13.292, 47.259, 12.695,  1.402
 34200,  5.025, 14.016, 49.789, 13.117,  1.377
 34260,  5.069, 14.125, 51.835, 13.493,  1.382
 34320,  5.288, 14.814, 52.262, 14.334,  1.357
 34380,  4.991, 14.003, 50.609, 13.578,  1.446
 34440,  5.086, 14.751, 51.568, 14.546,  1.407
 34500,  5.382, 15.373, 53.585, 14.966,  1.432
 34560,  5.163, 14.529, 52.105, 14.607,  1.547
 34620,  5.309, 15.390, 53.730, 15.213,  1.417
 34680,  5.236, 15.325, 53.690, 15.082,  1.450
 34740,  5.264, 14.374, 52.871, 14.773,  1.452
 34800,  5.406, 14.760, 53.435, 15.358,  1.326
 34860,  5.764, 15.370, 58.577, 16.427,  1.407
 34920,  5.773, 15.397, 58.070, 16.324,  1.265
 34980,  5.287, 14.561, 55.401, 15.240,  1.292
 35040,  5.395, 14.220, 54.957, 15.200,  1.340
 35100,  5.290, 14.046, 53.728, 14.672,  1.388
 35160, -9999.000, -9999.000, -9999.000, -9999.000, -9999.000
 35220,  5.291, 13.929, 52.752, 14.258,  1.346
 35280,  5.148, 13.737, 51.367, 13.795,  1.282
 35340,  5.046, 13.400, 50.677, 13.955,  1.321
 35400,  5.090, 12.901, 50.377, 13.893,  1.342
 35460,  5.142, 13.422, 49.619, 13.800,  1.367
 35520,  5.101, 12.685, 50.534, 13.765,  1.402
 35580,  5.134, 13.417, 51.186, 14.075,  1.361
 35640,  5.302, 13.930, 51.107, 14.290,  1.509
 35700,  5.367, 13.652, 50.749, 14.499,  1.482
 35760,  5.346, 13.718, 51.657, 14.410,  1.502
 35820,  5.221, 13.502, 49.703, 13.983,  1.363
 35880,  5.209, 13.473, 50.731, 13.696,  1.502
 35940,  5.200, 13.146, 51.049, 13.761,  1.509
 36000,  5.169, 13.144, 49.204, 13.839,  1.446
 36060,  5.126, 13.167, 50.346, 13.676,  1.456
 36120,  5.026, 12.664, 47.299, 13.135,  1.513
 36180,  5.003, 12.525, 45.223, 13.177,  1.517
 36240,  5.000, 12.811, 47.620, 13.049,  1.477
 36300,  4.958, 12.679, 47.252, 12.760,  1.483
 36360,  4.953, 12.229, 47.140, 12.898,  1.525
 36420,  5.035, 12.629, 46.552, 12.867,  1.501
 36480,  5.046, 12.482, 46.339, 12.749,  1.535
 36540,  4.941, 12.179, 46.430, 12.528,  1.450
 36600,  4.939, 11.828, 45.707, 12.797,  1.493
 36660,  4.938, 12.131, 46.975, 12.543,  1.534
 36720,  4.965, 12.090, 46.084, 12.698,  1.616
 36780,  4.973, 12.533, 46.829, 12.808,  1.621
 36840,  5.012, 12.305, 46.315, 12.510,  1.523
 36900,  4.887, 12.144, 45.144, 12.355,  1.536
 36960,  4.824, 12.301, 44.923, 12.007,  1.534
 37020, -9999.000, -9999.000, -9999.000, -9999.000, -9999.000
 37080,  4.764, 11.587, 43.655, 11.705,  1.519
 37140,  4.869, 11.646, 46.129, 11.976,  1.698
 37200,  4.771, 11.216, 44.470, 12.163,  1.677
 37260,  4.787, 10.915, 43.436, 12.072,  1.579
 37320,  4.772, 10.802, 44.912, 12.076,  1.704
 37380,  4.759, 10.849, 45.309, 11.822,  1.689
 37440,  4.736, 10.658, 45.685, 11.897,  1.553
 37500,  4.749, 10.768, 45.732, 11.961,  1.630
 37560,  4.680, 10.753, 45.568, 11.828,  1.693
 37620,  4.680, 10.229, 44.475, 11.501,  1.704
 37680,  4.707, 10.782, 44.634, 11.836,  1.736
 37740,  4.703, 10.054, 43.822, 11.580,  1.617
 37800,  4.599, 10.191, 45.141, 11.502,  1.782
 37860,  4.605, 10.100, 45.678, 11.482,  1.843
 37920,  4.662, 10.450, 44.893, 11.451,  1.593
 37980,  4.701, 10.274, 44.671, 11.233,  1.715
 38040,  4.612, 10.217, 44.750, 11.481,  1.721
 38100,  4.574,  9.869, 44.605, 11.406,  1.731
 38160,  4.603,  9.518, 45.609, 11.270,  1.713
