CampaignData_and_Merges/R0/CSL_MobileLab_Parked/raw/20240809/USOS-POPS_MobileLabGround_20240809_R0.ict
78, 1001
Thornberry, T. D.
NOAA Chemical Sciences Laboratory
Portable Optical Particle Spectrometer (POPS)
USOS
1, 1
2024, 08, 09, 2025, 05, 08
60
Time_Start, seconds_past_midnight, Start time of measurement
45
1, 1, 1, 1, 1, 1, 1, 1, 1, 1, 1, 1, 1, 1, 1, 1, 1, 1, 1, 1, 1, 1, 1, 1, 1, 1, 1, 1, 1, 1, 1, 1, 1, 1, 1, 1, 1, 1, 1, 1, 1, 1, 1, 1, 1
-9999, -9999, -9999, -9999, -9999, -9999, -9999, -9999, -9999, -9999, -9999, -9999, -9999, -9999, -9999, -9999, -9999, -9999, -9999, -9999, -9999, -9999, -9999, -9999, -9999, -9999, -9999, -9999, -9999, -9999, -9999, -9999, -9999, -9999, -9999, -9999, -9999, -9999, -9999, -9999, -9999, -9999, -9999, -9999, -9999
Time_Stop, seconds_past_midnight, Stop time of measurement
Time_Mid, seconds_past_midnight, Mid time of measurement
Press_mb, mb, Pressure reported (mb)
Temp_C, degrees C, POPS temperature measurement
Aerosol_concentration, cm^-3, Aerosol concentration
Surface_Area_Conc, um^2 cm^-3, Surface area concentration
Volume_density, um^3 cm^-3, Volume density
Effective_radius, um, Effective radius
Extinction, km^-1, Extinction
Bin01, cm^-3, particle concentration in size range [1401 - 146.3 nm]
Bin02, cm^-3, particle concentration in size range [146.3 - 152.8 nm]
Bin03, cm^-3, particle concentration in size range [152.8 - 159.6 nm]
Bin04, cm^-3, particle concentration in size range [159.6 - 166.8 nm]
Bin05, cm^-3, particle concentration in size range [166.8 - 174.2 nm]
Bin06, cm^-3, particle concentration in size range [174.2 - 181.9 nm]
Bin07, cm^-3, particle concentration in size range [181.9 - 190.0 nm]
Bin08, cm^-3, particle concentration in size range [190.0 - 198.5 nm]
Bin09, cm^-3, particle concentration in size range [198.5 - 207.4 nm]
Bin10, cm^-3, particle concentration in size range [207.4 - 216.6 nm]
Bin11, cm^-3, particle concentration in size range [216.6 - 226.2 nm]
Bin12, cm^-3, particle concentration in size range [226.2 - 236.3 nm]
Bin13, cm^-3, particle concentration in size range [236.3 - 246.8 nm]
Bin14, cm^-3, particle concentration in size range [246.8 - 257.8 nm]
Bin15, cm^-3, particle concentration in size range [257.8 - 269.3 nm]
Bin16, cm^-3, particle concentration in size range [269.3 - 343.4 nm]
Bin17, cm^-3, particle concentration in size range [343.4 - 450.7 nm]
Bin18, cm^-3, particle concentration in size range [450.7 - 525.9 nm]
Bin19, cm^-3, particle concentration in size range [525.9 - 618.5 nm]
Bin20, cm^-3, particle concentration in size range [618.5 - 710.0 nm]
Bin21, cm^-3, particle concentration in size range [710.0 - 822.7 nm]
Bin22, cm^-3, particle concentration in size range [822.7 - 885.9 nm]
Bin23, cm^-3, particle concentration in size range [885.9 - 953.9 nm]
Bin24, cm^-3, particle concentration in size range [953.9 - 1027.2 nm]
Bin25, cm^-3, particle concentration in size range [1027.2 - 1106.1 nm]
Bin26, cm^-3, particle concentration in size range [1106.1 - 1191.0 nm]
Bin27, cm^-3, particle concentration in size range [1191.0 - 1282.5 nm]
Bin28, cm^-3, particle concentration in size range [1282.5 - 1381.0 nm]
Bin29, cm^-3, particle concentration in size range [1381.0 - 1487.1 nm]
Bin30, cm^-3, particle concentration in size range [1487.1 - 1601.3 nm]
Bin31, cm^-3, particle concentration in size range [1601.3 - 1724.3 nm]
[...]
PLATFORM: NOAA CSL Mobile Lab
LOCATION: USOS
ASSOCIATED_DATA: N/A
INSTRUMENT_INFO: Printed Optical Particle Spectrometer counts particles from 140 - 2500 nm in diameter 
DATA_INFO: Particle concentrations reported in number per cubic centimeter,1 Hz data
UNCERTAINTY: Counting uncertainty dominated by air flow, less than 5 percent. Measurement range is ~0 - 3000 per cm3 (varies depending on flow rate- manufacturer quotes 1250 per cm3 at 1.667 cc/s)
ULOD_FLAG: -7777
ULOD_VALUE: N/A
LLOD_FLAG: -8888
LLOD_VALUE: N/A
DM_CONTACT_INFO: Troy Thornberry, 325 Broadway R/CSL6, Boulder, CO 80305; troy.thornberry@noaa.gov; 303-497-3373
PROJECT_INFO: USOS, Utah POPS data from NOAA CSL Mobile Lab
STIPULATIONS_ON_USE: Please contact the PIs for questions regarding applications and uncertainties
OTHER_COMMENTS: POPS bin Edges (nm):  140.1, 146.3, 152.8, 159.6, 166.8, 174.2, 181.9, 190.0, 198.5, 207.4, 216.6, 226.2, 236.3, 246.8, 257.8, 269.3, 343.4, 450.7, 525.9, 618.5, 710.0, 822.7, 885.9, 953.9, 1027.2, 1106.1, 1191.0, 1282.5, 1381.0, 1487.1, 1601.3, 1724.3, 1856.7, 1999.3, 2152.8, 2318.2, 2496.2
Calculations assume organic aerosol refractive index of 1.52+0.00j and extinction wavelength = 532 nm
REVISION: R0
R0: Final data
Time_Start, Time_Stop, Time_Mid, Press_mb, Temp_C, Aerosol_concentration, Surface_Area_Conc, Volume_density, Effective_radius, Extinction, Bin01, Bin02, Bin03, Bin04, Bin05, Bin06, Bin07, Bin08, Bin09, Bin10, Bin11, Bin12, Bin13, Bin14, Bin15, Bin16, Bin17, Bin18, Bin19, Bin20, Bin21, Bin22, Bin23, Bin24, Bin25, Bin26, Bin27, Bin28, Bin29, Bin30, Bin31, Bin32, Bin33, Bin34, Bin35, Bin36
[from data line 508]
30480,30539,30510,871.054,31.892,690.269,139.505,7.851,0.168,0.051,32.787006,33.264256,33.481918,34.563354,35.015438,35.174385,35.512638,33.909874,34.195095,34.541111,36.169773,38.178078,38.208435,35.199718,30.108950,107.826309,40.405952,15.711906,4.530779,0.511595,0.278421,0.127272,0.138782,0.072389,0.043837,0.049977,0.016854,0.039035,0.027313,0.066565,0.016515,0.027804,0.017182,0.016767,0.011093,0.022394
30540,30599,30570,871.032,31.772,686.426,138.245,7.716,0.167,0.050,32.815445,32.187145,33.554436,33.443233,34.914913,34.716751,35.368881,34.845406,34.161594,35.015556,35.400700,37.190796,37.589294,35.803097,30.566130,108.520554,39.280750,15.110900,4.412395,0.503447,0.311356,0.164158,0.123820,0.124513,0.073443,0.022619,0.028251,0.017064,0.017009,0.005669,0.039795,0.022796,0.022582,0.011452,0.016751,0.023041
30600,30659,30630,871.026,31.735,676.987,137.310,7.719,0.168,0.050,31.739010,32.135628,32.198669,33.484455,34.259071,35.059841,33.623520,33.455254,34.191879,34.709667,33.792133,36.680363,36.984673,35.695637,30.329508,107.477303,40.243015,15.146127,4.300450,0.464876,0.292527,0.159907,0.115885,0.060367,0.060088,0.033056,0.071808,0.022029,0.038596,0.039151,0.028060,0.027803,0.022188,0.016693,0.016544,0.010863
30660,30719,30690,871.040,31.705,673.581,135.981,7.479,0.165,0.050,31.743828,31.999596,32.593235,33.360584,34.192616,34.186138,34.659092,34.348129,33.482288,33.677784,35.364704,36.489414,37.109962,35.227802,29.424988,105.294846,38.733662,15.851923,4.359546,0.495462,0.291000,0.154357,0.099515,0.116381,0.027154,0.038277,0.049857,0.010899,0.060547,0.032722,0.049700,0.010971,0.027493,0.011038,0.000000,0.005482
30720,30779,30750,871.005,31.632,671.285,135.528,7.504,0.166,0.049,31.404949,31.958435,31.781084,33.454655,33.872192,33.605614,33.531101,33.914639,34.121845,34.047913,35.939571,36.279461,36.883953,35.308784,29.276157,105.438705,39.400253,15.301554,4.365045,0.481433,0.300214,0.147814,0.093662,0.054698,0.054142,0.049216,0.065194,0.032262,0.016237,0.000000,0.022003,0.021737,0.010990,0.016406,0.016631,0.016523
30780,30839,30810,870.995,31.673,679.837,137.654,7.730,0.168,0.050,32.226269,32.615913,32.065144,34.194118,34.281101,34.214119,34.096809,34.707516,33.542763,34.439560,34.275314,37.196301,36.838371,35.859493,29.483484,109.556717,39.295708,15.143608,4.322558,0.427716,0.310483,0.135087,0.141331,0.067620,0.084169,0.028010,0.050355,0.028364,0.039404,0.033980,0.051024,0.022697,0.011433,0.022207,0.016672,0.011337
30840,30899,30870,870.986,31.836,690.138,139.794,7.687,0.165,0.051,32.083134,32.285881,32.762859,33.473965,35.669933,34.840946,34.754211,34.250187,34.685413,35.357338,35.188637,37.874367,38.725422,35.549969,30.396523,110.363518,40.054482,15.821824,4.312379,0.515278,0.422566,0.210777,0.127819,0.093525,0.066394,0.038259,0.038994,0.038888,0.016857,0.028143,0.027902,0.011041,0.022076,0.000000,0.016704,0.011396
30900,30959,30930,870.980,31.879,692.277,139.556,7.553,0.162,0.051,32.310200,33.042316,33.621883,34.786911,34.234131,35.557060,34.396255,34.489342,34.748108,35.924023,34.668839,37.171570,36.932720,36.685673,30.282820,111.036507,40.536518,15.829980,4.779164,0.333943,0.337979,0.137380,0.099451,0.049901,0.067024,0.044493,0.033768,0.033271,0.016902,0.010933,0.022487,0.011167,0.022261,0.000000,0.016434,0.005482
30960,31019,30990,870.981,31.865,689.905,139.547,7.644,0.164,0.051,32.191536,32.180229,32.612656,34.066612,35.505150,34.689869,34.301285,34.650326,35.354034,35.713100,35.983994,37.690506,36.848930,35.574741,30.639786,109.079704,41.096287,15.777838,4.473795,0.536323,0.294422,0.155299,0.110858,0.083226,0.038139,0.044451,0.027713,0.027839,0.033709,0.027798,0.028170,0.011300,0.027804,0.011288,0.011074,0.005612
31020,31079,31050,870.983,31.775,691.263,140.083,7.820,0.167,0.051,32.454018,32.980240,32.365566,34.130341,34.537560,35.122250,34.162445,34.635010,34.678226,34.870674,35.468338,38.261692,37.842289,35.951733,31.152674,110.549789,40.392944,15.729852,4.628830,0.406158,0.317135,0.100052,0.122987,0.055695,0.083840,0.034211,0.005519,0.022119,0.022132,0.039085,0.055237,0.028044,0.005612,0.028040,0.011416,0.011039
31080,31139,31110,870.984,31.751,686.311,138.995,7.712,0.166,0.051,32.869640,32.378357,32.761543,33.230854,35.123215,34.991501,33.432838,34.273449,34.761497,35.327744,35.563137,36.556339,38.223961,36.232960,30.255396,108.572311,40.107841,15.686890,4.507409,0.433665,0.289590,0.161239,0.099055,0.099744,0.055125,0.060185,0.049752,0.027692,0.033508,0.022156,0.066143,0.011301,0.005631,0.011186,0.005482,0.022117
31140,31199,31170,870.995,31.661,688.449,140.218,8.006,0.171,0.052,32.954269,32.033630,32.387764,33.552498,34.453613,35.041004,35.061829,35.137436,33.883297,34.375538,36.107830,37.807346,37.632565,36.747486,29.631826,109.581589,39.991264,15.748899,4.817543,0.527236,0.272146,0.088526,0.121972,0.117279,0.061388,0.027946,0.027745,0.022720,0.022468,0.044833,0.055917,0.028025,0.027512,0.005556,0.027743,0.022259
31200,31259,31230,870.970,31.640,687.846,138.662,7.680,0.166,0.050,32.128822,32.291058,32.233856,34.106892,34.762619,35.220787,33.805470,35.126106,34.293308,35.516079,35.720917,36.425079,38.175751,36.352165,30.610867,109.750809,40.574558,15.154516,4.312669,0.370565,0.266140,0.143484,0.088298,0.071777,0.060981,0.061267,0.021925,0.027534,0.022371,0.016743,0.055210,0.038888,0.010949,0.016690,0.000000,0.010650
31260,31319,31290,870.964,31.787,697.607,141.449,7.925,0.168,0.052,33.187897,32.824764,33.327461,34.508499,35.280544,34.985085,34.463871,35.226170,34.933971,35.955303,36.066132,38.542793,38.044392,35.007401,30.622009,112.306107,40.115131,16.007713,4.704314,0.424483,0.302856,0.212409,0.122818,0.055707,0.039273,0.066947,0.055461,0.039138,0.045184,0.027598,0.011205,0.033431,0.028025,0.005631,0.016631,0.011112
31320,31379,31350,870.963,31.906,691.786,139.773,7.737,0.166,0.051,32.526909,32.896240,33.046951,33.735657,35.721924,34.579674,34.253128,35.115635,33.973022,34.992214,35.769253,37.700535,37.539650,36.033710,30.775494,110.983620,40.666573,15.602493,4.471957,0.458508,0.326414,0.189480,0.093636,0.055974,0.055352,0.033133,0.021972,0.011114,0.016762,0.033161,0.022299,0.027723,0.022338,0.000000,0.005631,0.027659
31380,31439,31410,870.955,31.885,688.135,140.090,7.876,0.168,0.052,31.877182,32.016850,33.140266,34.492016,34.221111,34.985741,33.522667,34.977394,34.771938,34.452267,35.268093,37.149944,37.656952,36.191441,29.268124,112.036568,40.684624,15.278604,4.518536,0.543588,0.355270,0.171979,0.110376,0.072029,0.061315,0.044615,0.033118,0.033206,0.038637,0.022007,0.044044,0.022299,0.027932,0.016341,0.011223,0.016634
31440,31499,31470,870.947,31.896,691.464,140.772,8.146,0.173,0.052,32.306149,32.957897,33.244087,34.055916,34.671028,34.703098,34.512852,35.014141,34.675255,35.369621,36.322407,37.090481,37.977543,36.431557,29.960215,110.447937,40.354279,15.201887,4.605479,0.408848,0.312640,0.201639,0.134411,0.067130,0.078720,0.022372,0.050232,0.039267,0.033735,0.039456,0.033532,0.039176,0.039386,0.011227,0.022524,0.028065
31500,31559,31530,870.951,31.885,686.306,138.830,7.765,0.167,0.051,32.691025,31.866413,32.796139,34.729778,35.116467,34.155365,34.581970,34.378044,34.143280,34.097767,34.630997,37.347698,37.524998,36.605614,30.169319,110.687622,39.715965,15.452380,4.214519,0.431797,0.251703,0.156554,0.106221,0.078325,0.061539,0.033396,0.045110,0.044640,0.045021,0.028047,0.022452,0.016820,0.027984,0.011262,0.022700,0.016835
31560,31619,31590,870.958,31.868,681.447,137.564,7.587,0.165,0.050,32.270527,31.956125,32.144779,33.800953,34.309509,35.408398,34.090149,34.530190,33.346195,34.087360,35.472416,36.926853,37.070686,36.394295,30.061018,109.388290,38.936356,15.462080,4.373717,0.429071,0.294269,0.182918,0.110630,0.089251,0.038916,0.027911,0.038467,0.027730,0.033209,0.061198,0.016764,0.016580,0.011148,0.016892,0.010968,0.011001
31620,31679,31650,870.958,31.809,688.691,139.950,7.954,0.170,0.051,32.548908,32.673344,32.923607,33.635853,34.651608,34.701199,35.139252,34.394924,34.450909,35.077583,35.580818,37.322830,37.493435,36.684441,30.854578,109.483078,39.203270,15.779728,4.409942,0.526762,0.292281,0.150974,0.195588,0.094810,0.073615,0.083879,0.033698,0.027885,0.022451,0.044599,0.033481,0.022488,0.016767,0.016915,0.022431,0.022558
31680,31739,31710,870.975,31.824,685.743,138.464,7.669,0.166,0.051,31.877977,33.074520,32.114601,33.824623,33.973114,34.673370,34.817440,34.611160,34.980679,34.803967,35.213181,37.288563,37.514339,36.283245,31.158541,108.657585,39.386959,15.467180,4.585594,0.537267,0.274566,0.163608,0.106744,0.050289,0.061700,0.022676,0.033775,0.028329,0.017048,0.022523,0.028099,0.017066,0.028102,0.005482,0.027910,0.011149
31740,31799,31770,870.976,31.919,681.140,137.517,7.686,0.167,0.050,32.986698,32.273914,32.095516,33.679489,34.695496,33.470482,35.142494,34.778538,33.809414,34.477230,34.873463,37.125950,36.936058,35.921150,30.394072,107.989151,39.483185,15.334501,4.194468,0.433807,0.338808,0.146385,0.135686,0.130127,0.033857,0.034059,0.045208,0.038945,0.005688,0.016745,0.022633,0.017046,0.017224,0.022450,0.005707,0.033869
31800,31859,31830,870.976,31.947,682.275,137.117,7.424,0.162,0.050,32.369461,32.165966,32.584328,33.575096,35.259777,35.003769,33.946709,34.547310,34.049149,34.275372,35.310638,37.796696,37.197853,35.452766,29.279583,108.751549,39.332951,15.568868,4.423998,0.526963,0.243908,0.141411,0.165377,0.090446,0.028537,0.028287,0.017068,0.028345,0.016712,0.011375,0.033994,0.011454,0.011474,0.005765,0.011208,0.011188
31860,31919,31890,870.963,31.930,680.901,136.539,7.450,0.164,0.050,31.625624,32.585911,32.928619,34.083317,35.442398,34.668793,33.843029,33.663921,34.389053,34.141380,35.387817,36.920731,37.642441,35.894493,29.795420,108.110741,38.808228,15.534505,3.957928,0.497235,0.339623,0.172804,0.111164,0.089198,0.039252,0.044312,0.044359,0.011130,0.027881,0.011116,0.022378,0.027539,0.022049,0.000000,0.005708,0.011003
31920,31979,31950,870.951,31.825,678.303,137.538,7.669,0.167,0.050,32.210690,31.893129,32.869278,32.612915,34.537010,34.266502,33.616241,34.314873,33.318531,34.309505,34.807152,36.764973,37.385399,35.784374,29.469465,109.044777,39.555290,15.740122,4.379817,0.480161,0.259528,0.193627,0.115444,0.044451,0.071643,0.038497,0.032905,0.027507,0.027759,0.027435,0.016575,0.021959,0.016459,0.011057,0.016376,0.022021
31980,32039,32010,870.937,31.739,682.168,138.784,7.767,0.167,0.051,31.717640,32.790524,31.846767,33.863075,34.280895,34.692474,34.298275,34.134323,33.447449,34.208061,34.564743,37.084408,37.439072,35.968365,29.990582,108.937515,41.196705,15.687153,4.565750,0.524604,0.256130,0.172099,0.122944,0.083612,0.027855,0.038884,0.044580,0.016800,0.016614,0.038556,0.022528,0.033491,0.016875,0.005669,0.016595,0.016624
32040,32099,32070,870.940,31.692,687.577,139.736,7.881,0.169,0.051,31.684988,31.857641,32.774357,33.980171,34.988468,34.394917,34.477146,34.600643,34.011696,34.762806,36.347034,37.989967,37.636173,36.080330,30.149708,110.118843,40.596786,15.141802,4.422224,0.488474,0.300331,0.193984,0.072652,0.089332,0.128344,0.044436,0.038858,0.021825,0.005574,0.033609,0.044389,0.016582,0.022209,0.022104,0.011043,0.027953
32100,32159,32130,870.923,31.649,685.667,139.092,7.799,0.168,0.051,32.075916,32.077858,32.728313,33.287533,34.949177,34.324795,34.891014,34.178413,34.642685,34.432713,35.216709,37.819859,37.033611,35.742325,30.563066,109.602417,40.440750,15.603917,4.688043,0.503479,0.205418,0.154667,0.078218,0.088475,0.016322,0.060911,0.054979,0.022396,0.027934,0.033064,0.033200,0.044228,0.016579,0.005593,0.005556,0.016713
32160,32219,32190,870.908,31.708,690.114,139.210,7.767,0.167,0.051,33.314877,33.899990,32.837448,32.869350,34.780838,35.055344,34.527370,34.614269,34.742931,34.566998,35.266754,38.037628,37.699505,36.306801,30.615427,109.853767,40.003204,15.487087,4.184561,0.452930,0.324550,0.131749,0.115259,0.072114,0.071624,0.038439,0.033233,0.049589,0.021887,0.005669,0.028117,0.022127,0.027909,0.021828,0.021903,0.011098
32220,32279,32250,870.904,31.891,681.636,137.553,7.559,0.165,0.050,31.974085,33.095757,32.490349,33.987709,34.228947,34.131523,34.433628,34.690948,34.703423,34.013657,35.081848,36.318748,36.847908,36.116550,29.359423,108.368958,40.334236,15.761910,4.339484,0.503903,0.281823,0.154576,0.061761,0.066763,0.005574,0.050075,0.043989,0.033301,0.011093,0.049688,0.028043,0.027396,0.022131,0.005394,0.000000,0.011263
32280,32339,32310,870.905,31.925,681.846,137.112,7.456,0.163,0.050,32.537727,32.094799,32.476669,33.875137,34.809700,34.149906,34.852833,34.607983,34.169197,35.678040,34.964230,36.236565,36.562004,36.318066,30.201481,107.507515,39.385609,15.662822,4.429629,0.418217,0.241800,0.146974,0.122846,0.067657,0.085010,0.050656,0.033932,0.016878,0.028710,0.028237,0.039444,0.017121,0.011414,0.005485,0.005612,0.005669
32340,32399,32370,870.917,31.889,683.653,138.272,7.638,0.165,0.051,32.384766,32.247082,32.789806,34.516048,34.253517,34.635704,34.679783,35.220028,33.586090,34.294270,34.995228,36.726414,37.587811,35.842529,29.805401,107.886688,40.497410,15.962625,4.310875,0.489382,0.264773,0.149225,0.123012,0.077069,0.072039,0.027810,0.033093,0.038973,0.027642,0.022405,0.033228,0.016594,0.022088,0.000000,0.027759,0.005727
32400,32459,32430,870.925,31.887,690.139,140.256,7.862,0.168,0.052,32.224442,32.569809,32.613354,34.174545,34.655918,34.913422,34.369633,35.565868,34.135052,34.699387,35.763409,37.626358,38.047085,35.477112,30.218201,110.065948,41.103775,15.652690,4.768614,0.492800,0.358880,0.144635,0.066428,0.061150,0.072046,0.049894,0.038330,0.049732,0.022297,0.028040,0.016486,0.033189,0.033164,0.000000,0.000000,0.027333
32460,32519,32490,870.930,31.871,684.054,137.972,7.435,0.161,0.050,31.638769,32.816345,32.468342,33.629208,34.207741,34.764828,34.040825,34.487381,34.741966,34.434589,36.137104,36.443939,37.605164,36.613270,29.540255,108.179329,41.031078,15.433335,4.437043,0.469517,0.298937,0.154430,0.099554,0.094261,0.060307,0.038861,0.032934,0.027509,0.038647,0.021968,0.043833,0.011243,0.000000,0.000000,0.005464,0.005574
32520,32579,32550,870.918,31.752,683.987,138.486,7.630,0.165,0.051,32.210644,33.054840,32.088531,33.735775,34.554062,34.650475,33.596569,34.743542,34.320080,34.718018,34.910175,37.823711,37.525665,35.880962,29.294325,108.486153,40.374969,16.069586,4.566108,0.481585,0.309724,0.105172,0.093581,0.088908,0.044100,0.049650,0.038511,0.016734,0.016723,0.038526,0.038793,0.021832,0.005429,0.010968,0.011186,0.010967
32580,32639,32610,870.909,31.760,673.240,136.469,7.688,0.169,0.050,31.254045,32.758553,32.025314,33.418892,34.640072,34.877918,33.771782,33.619114,33.418480,34.452332,34.358692,36.352230,36.144722,34.881351,29.690439,106.814522,39.206112,15.910579,4.234393,0.427937,0.259819,0.133120,0.144384,0.077817,0.066662,0.044641,0.033356,0.043953,0.033281,0.011243,0.033209,0.028173,0.016780,0.022223,0.022260,0.011151
32640,32699,32670,870.910,31.906,667.753,134.142,7.497,0.167,0.049,32.302456,32.734722,32.126255,33.331360,34.516735,34.517170,33.890099,34.762531,33.570839,32.996746,34.482491,36.276096,35.801300,34.923786,28.601936,103.803772,38.548340,14.948770,4.182939,0.466358,0.288611,0.150367,0.110910,0.089485,0.039238,0.027753,0.016935,0.050102,0.027618,0.044641,0.044865,0.016724,0.011319,0.011283,0.022205,0.016525
32700,32759,32730,870.913,31.908,660.476,131.420,7.156,0.163,0.047,33.270683,32.613411,32.902714,32.960262,33.552574,34.488518,33.416203,34.070770,31.778820,32.762520,34.066040,35.307137,35.651218,34.330170,29.217176,103.114929,37.113564,14.388605,4.029572,0.525382,0.331110,0.110871,0.105567,0.089184,0.055929,0.055767,0.016731,0.044270,0.005612,0.016466,0.028215,0.011130,0.005519,0.005447,0.016597,0.016911
32760,32819,32790,870.910,31.861,664.821,133.009,7.229,0.163,0.048,32.324268,32.507351,33.455643,34.265453,33.696857,33.547039,33.649998,33.356964,32.886799,33.278397,33.935493,36.015484,36.016453,33.986187,29.248484,103.879738,38.064117,15.335346,3.990162,0.477880,0.267421,0.144917,0.117453,0.049938,0.066737,0.072216,0.033179,0.022408,0.016705,0.022581,0.033413,0.005537,0.022268,0.011077,0.011243,0.005727
