CampaignData_and_Merges/R0/CSL_MobileLab_Parked/raw/20240809/USOS-NOAAIodideCIMS-OrgNitrs_MobileLabGround_20240809_RA.ict
37, 1001
Michael A Robinson, Chris Jernigan, Subi Thakali
NOAA ESRL Chemical Sciences Laboratory and CIRES, U. of Colorado
NOAA Iodide CIMS Instrument
USOS
1, 1
2024, 08, 09, 2024, 08, 10
1
starttime_UTC, seconds_past_midnight, seconds_of_day_since_00:00:00_UTC
5
1, 1, 1, 1, 1
-9999, -9999, -9999, -9999, -9999
C4H7NO5_NOAACIMS, pptv, Gas_C4H7NO5_InSitu_S_AVMR, 
ISOPN_NOAACIMS, pptv, Gas_ISOPN_InSitu_S_AVMR, 
C5H10O3_NOAACIMS, pptv, Gas_C5H10O3_InSitu_S_AVMR, 
C5H9NO5_NOAACIMS, pptv, Gas_C5H9NO5_InSitu_S_AVMR, 
C10H17NO4_NOAACIMS, pptv, Gas_C10H17NO4_InSitu_S_AVMR, 
0
18
PI_CONTACT_INFO: 325 Broadway, R/CSD 7, Boulder, Colorado 80305; michael.a.robinson@noaa.gov; chris.jernigan@noaa.gov;
PLATFORM: NOAA CSL Mobile Lab
LOCATION: SLC, Utah
ASSOCIATED_DATA: 1Hz data also available on request.
INSTRUMENT_INFO: NOAA I- ToF CIMS
DATA_INFO: All data in parts per trillion by volume (pptv). 1 Hz data is available upon request.
UNCERTAINTY: TBD
ULOD_FLAG: -7777
ULOD_VALUE: N/A
LLOD_FLAG: -8888
LLOD_VALUE: N/A
DM_CONTACT_INFO: Nathan Howard; nathan.h.howard@noaa.gov
PROJECT_INFO: USOS, summer 2024. https://csl.noaa.gov/groups/csl7/measurements/2024usos/
STIPULATIONS_ON_USE: Users are strongly encouraged to contact the PI for proper data usage.
OTHER_COMMENTS: 
REVISION: RA
RA: Preliminary Data; For in-field use only
starttime_UTC, C4H7NO5_NOAACIMS, ISOPN_NOAACIMS, C5H10O3_NOAACIMS, C5H9NO5_NOAACIMS, C10H17NO4_NOAACIMS
     0, -9999.000, -9999.000, -9999.000, -9999.000, -9999.000
    60, -9999.000, -9999.000, -9999.000, -9999.000, -9999.000
   120, -9999.000, -9999.000, -9999.000, -9999.000, -9999.000
   180, -9999.000, -9999.000, -9999.000, -9999.000, -9999.000
   240, -9999.000, -9999.000, -9999.000, -9999.000, -9999.000
   300, -9999.000, -9999.000, -9999.000, -9999.000, -9999.000
   360, -9999.000, -9999.000, -9999.000, -9999.000, -9999.000
   420, -9999.000, -9999.000, -9999.000, -9999.000, -9999.000
   480, -9999.000, -9999.000, -9999.000, -9999.000, -9999.000
   540, -9999.000, -9999.000, -9999.000, -9999.000, -9999.000
   600, -9999.000, -9999.000, -9999.000, -9999.000, -9999.000
   660, -9999.000, -9999.000, -9999.000, -9999.000, -9999.000
   720, -9999.000, -9999.000, -9999.000, -9999.000, -9999.000
   780, -9999.000, -9999.000, -9999.000, -9999.000, -9999.000
   840, -9999.000, -9999.000, -9999.000, -9999.000, -9999.000
   900, -9999.000, -9999.000, -9999.000, -9999.000, -9999.000
   960, -9999.000, -9999.000, -9999.000, -9999.000, -9999.000
  1020, -9999.000, -9999.000, -9999.000, -9999.000, -9999.000
  1080, -9999.000, -9999.000, -9999.000, -9999.000, -9999.000
  1140, -9999.000, -9999.000, -9999.000, -9999.000, -9999.000
  1200, -9999.000, -9999.000, -9999.000, -9999.000, -9999.000
  1260, -9999.000, -9999.000, -9999.000, -9999.000, -9999.000
  1320, -9999.000, -9999.000, -9999.000, -9999.000, -9999.000
  1380, -9999.000, -9999.000, -9999.000, -9999.000, -9999.000
  1440, -9999.000, -9999.000, -9999.000, -9999.000, -9999.000
  1500, -9999.000, -9999.000, -9999.000, -9999.000, -9999.000
  1560, -9999.000, -9999.000, -9999.000, -9999.000, -9999.000
  1620, -9999.000, -9999.000, -9999.000, -9999.000, -9999.000
  1680, -9999.000, -9999.000, -9999.000, -9999.000, -9999.000
  1740, -9999.000, -9999.000, -9999.000, -9999.000, -9999.000
  1800, -9999.000, -9999.000, -9999.000, -9999.000, -9999.000
  1860, -9999.000, -9999.000, -9999.000, -9999.000, -9999.000
  1920, -9999.000, -9999.000, -9999.000, -9999.000, -9999.000
  1980, -9999.000, -9999.000, -9999.000, -9999.000, -9999.000
  2040, -9999.000, -9999.000, -9999.000, -9999.000, -9999.000
  2100, -9999.000, -9999.000, -9999.000, -9999.000, -9999.000
  2160, -9999.000, -9999.000, -9999.000, -9999.000, -9999.000
  2220, -9999.000, -9999.000, -9999.000, -9999.000, -9999.000
  2280, -9999.000, -9999.000, -9999.000, -9999.000, -9999.000
  2340, -9999.000, -9999.000, -9999.000, -9999.000, -9999.000
  2400, -9999.000, -9999.000, -9999.000, -9999.000, -9999.000
  2460, -9999.000, -9999.000, -9999.000, -9999.000, -9999.000
  2520, -9999.000, -9999.000, -9999.000, -9999.000, -9999.000
  2580, -9999.000, -9999.000, -9999.000, -9999.000, -9999.000
  2640, -9999.000, -9999.000, -9999.000, -9999.000, -9999.000
  2700, -9999.000, -9999.000, -9999.000, -9999.000, -9999.000
  2760, -9999.000, -9999.000, -9999.000, -9999.000, -9999.000
  2820, -9999.000, -9999.000, -9999.000, -9999.000, -9999.000
  2880, -9999.000, -9999.000, -9999.000, -9999.000, -9999.000
  2940, -9999.000, -9999.000, -9999.000, -9999.000, -9999.000
  3000, -9999.000, -9999.000, -9999.000, -9999.000, -9999.000
  3060, -9999.000, -9999.000, -9999.000, -9999.000, -9999.000
  3120, -9999.000, -9999.000, -9999.000, -9999.000, -9999.000
  3180, -9999.000, -9999.000, -9999.000, -9999.000, -9999.000
  3240, -9999.000, -9999.000, -9999.000, -9999.000, -9999.000
  3300, -9999.000, -9999.000, -9999.000, -9999.000, -9999.000
  3360, -9999.000, -9999.000, -9999.000, -9999.000, -9999.000
  3420, -9999.000, -9999.000, -9999.000, -9999.000, -9999.000
  3480, -9999.000, -9999.000, -9999.000, -9999.000, -9999.000
  3540, -9999.000, -9999.000, -9999.000, -9999.000, -9999.000
  3600, -9999.000, -9999.000, -9999.000, -9999.000, -9999.000
  3660, -9999.000, -9999.000, -9999.000, -9999.000, -9999.000
  3720, -9999.000, -9999.000, -9999.000, -9999.000, -9999.000
  3780, -9999.000, -9999.000, -9999.000, -9999.000, -9999.000
  3840, -9999.000, -9999.000, -9999.000, -9999.000, -9999.000
  3900, -9999.000, -9999.000, -9999.000, -9999.000, -9999.000
  3960, -9999.000, -9999.000, -9999.000, -9999.000, -9999.000
  4020, -9999.000, -9999.000, -9999.000, -9999.000, -9999.000
  4080, -9999.000, -9999.000, -9999.000, -9999.000, -9999.000
  4140, -9999.000, -9999.000, -9999.000, -9999.000, -9999.000
  4200, -9999.000, -9999.000, -9999.000, -9999.000, -9999.000
  4260, -9999.000, -9999.000, -9999.000, -9999.000, -9999.000
  4320, -9999.000, -9999.000, -9999.000, -9999.000, -9999.000
  4380, -9999.000, -9999.000, -9999.000, -9999.000, -9999.000
  4440, -9999.000, -9999.000, -9999.000, -9999.000, -9999.000
  4500, -9999.000, -9999.000, -9999.000, -9999.000, -9999.000
  4560, -9999.000, -9999.000, -9999.000, -9999.000, -9999.000
  4620, -9999.000, -9999.000, -9999.000, -9999.000, -9999.000
  4680, -9999.000, -9999.000, -9999.000, -9999.000, -9999.000
  4740, -9999.000, -9999.000, -9999.000, -9999.000, -9999.000
  4800, -9999.000, -9999.000, -9999.000, -9999.000, -9999.000
  4860, -9999.000, -9999.000, -9999.000, -9999.000, -9999.000
  4920, -9999.000, -9999.000, -9999.000, -9999.000, -9999.000
  4980, -9999.000, -9999.000, -9999.000, -9999.000, -9999.000
  5040, -9999.000, -9999.000, -9999.000, -9999.000, -9999.000
  5100, -9999.000, -9999.000, -9999.000, -9999.000, -9999.000
  5160, -9999.000, -9999.000, -9999.000, -9999.000, -9999.000
  5220, -9999.000, -9999.000, -9999.000, -9999.000, -9999.000
  5280, -9999.000, -9999.000, -9999.000, -9999.000, -9999.000
  5340, -9999.000, -9999.000, -9999.000, -9999.000, -9999.000
  5400, -9999.000, -9999.000, -9999.000, -9999.000, -9999.000
  5460, -9999.000, -9999.000, -9999.000, -9999.000, -9999.000
  5520, -9999.000, -9999.000, -9999.000, -9999.000, -9999.000
  5580, -9999.000, -9999.000, -9999.000, -9999.000, -9999.000
  5640, -9999.000, -9999.000, -9999.000, -9999.000, -9999.000
  5700, -9999.000, -9999.000, -9999.000, -9999.000, -9999.000
  5760, -9999.000, -9999.000, -9999.000, -9999.000, -9999.000
  5820, -9999.000, -9999.000, -9999.000, -9999.000, -9999.000
  5880, -9999.000, -9999.000, -9999.000, -9999.000, -9999.000
  5940, -9999.000, -9999.000, -9999.000, -9999.000, -9999.000
  6000, -9999.000, -9999.000, -9999.000, -9999.000, -9999.000
  6060, -9999.000, -9999.000, -9999.000, -9999.000, -9999.000
  6120, -9999.000, -9999.000, -9999.000, -9999.000, -9999.000
  6180, -9999.000, -9999.000, -9999.000, -9999.000, -9999.000
  6240, -9999.000, -9999.000, -9999.000, -9999.000, -9999.000
  6300, -9999.000, -9999.000, -9999.000, -9999.000, -9999.000
  6360, -9999.000, -9999.000, -9999.000, -9999.000, -9999.000
  6420, -9999.000, -9999.000, -9999.000, -9999.000, -9999.000
  6480, -9999.000, -9999.000, -9999.000, -9999.000, -9999.000
  6540, -9999.000, -9999.000, -9999.000, -9999.000, -9999.000
  6600, -9999.000, -9999.000, -9999.000, -9999.000, -9999.000
  6660, -9999.000, -9999.000, -9999.000, -9999.000, -9999.000
  6720, -9999.000, -9999.000, -9999.000, -9999.000, -9999.000
  6780, -9999.000, -9999.000, -9999.000, -9999.000, -9999.000
  6840, -9999.000, -9999.000, -9999.000, -9999.000, -9999.000
  6900, -9999.000, -9999.000, -9999.000, -9999.000, -9999.000
  6960, -9999.000, -9999.000, -9999.000, -9999.000, -9999.000
  7020, -9999.000, -9999.000, -9999.000, -9999.000, -9999.000
  7080, -9999.000, -9999.000, -9999.000, -9999.000, -9999.000
  7140, -9999.000, -9999.000, -9999.000, -9999.000, -9999.000
  7200, -9999.000, -9999.000, -9999.000, -9999.000, -9999.000
  7260, -9999.000, -9999.000, -9999.000, -9999.000, -9999.000
  7320, -9999.000, -9999.000, -9999.000, -9999.000, -9999.000
  7380, -9999.000, -9999.000, -9999.000, -9999.000, -9999.000
  7440, -9999.000, -9999.000, -9999.000, -9999.000, -9999.000
  7500,  4.541, 19.056, 40.427,  6.596,  0.135
  7560,  4.711, 20.102, 43.960,  7.354,  0.172
  7620,  4.810, 20.462, 46.881,  7.441,  0.205
  7680,  4.853, 21.170, 46.628,  7.766,  0.217
  7740,  4.747, 21.295, 48.255,  7.724,  0.352
  7800,  4.888, 22.185, 46.587,  8.097,  0.284
  7860,  4.936, 22.372, 49.157,  8.266,  0.309
  7920,  4.962, 22.840, 51.146,  8.660,  0.356
  7980,  5.010, 22.345, 50.399,  8.468,  0.310
  8040,  5.055, 23.390, 52.750,  8.844,  0.516
  8100,  5.093, 23.220, 52.624,  9.202,  0.672
  8160,  5.228, 24.777, 54.314,  9.135,  0.931
  8220,  5.328, 24.850, 52.086,  9.660,  0.752
  8280,  5.183, 24.860, 61.923,  9.954,  0.729
  8340,  5.230, 24.442, 54.711,  9.889,  0.582
  8400,  5.315, 25.385, 58.855, 10.255,  0.675
  8460,  5.296, 25.898, 53.043,  9.737,  0.659
  8520,  5.410, 27.351, 61.128,  9.666,  0.717
  8580,  5.326, 26.624, 64.273, 10.414,  0.918
  8640,  5.343, 26.397, 56.177,  9.602,  0.915
  8700,  5.325, 27.959, 56.613,  9.306,  0.786
  8760,  5.333, 28.577, 58.746,  9.715,  0.964
  8820,  5.371, 28.144, 59.503, 10.103,  0.865
  8880,  5.265, 28.273, 61.219, 10.421,  1.071
  8940,  5.323, 27.769, 61.757, 10.081,  1.125
  9000,  5.209, 28.895, 68.513, 10.349,  1.078
  9060,  5.031, 27.915, 85.354,  9.780,  0.960
  9120,  5.110, 28.884, 98.912,  9.970,  1.255
  9180,  4.968, 29.554, 97.560, 10.331,  1.136
  9240,  5.002, 29.923, 93.715, 10.232,  1.212
  9300,  4.758, 29.462, 90.639, 11.296,  1.306
  9360,  4.880, 29.350, 93.518,  9.928,  1.295
  9420,  4.895, 29.633, 99.176, 10.419,  1.324
  9480,  4.926, 30.961, 101.087, 10.307,  1.467
  9540,  4.946, 30.776, 100.923, 10.502,  1.452
  9600,  4.788, 30.140, 103.379, 10.941,  1.479
  9660,  4.773, 30.177, 103.879, 11.054,  1.579
  9720,  4.677, 29.762, 107.710, 11.002,  1.596
  9780,  4.606, 29.853, 110.294, 11.270,  1.506
  9840,  4.646, 31.091, 107.635, 10.915,  1.645
  9900,  4.599, 30.429, 109.568, 10.989,  1.567
  9960,  4.496, 29.838, 113.499, 10.749,  1.498
 10020,  4.534, 29.696, 114.135, 10.859,  1.477
 10080,  4.578, 29.467, 113.922, 10.889,  1.327
 10140,  4.458, 28.444, 112.342, 10.820,  1.274
 10200,  4.512, 28.042, 113.862, 10.675,  1.304
 10260,  4.490, 27.956, 117.571, 10.580,  1.226
 10320,  4.513, 28.090, 115.325, 10.516,  1.246
 10380,  4.498, 28.549, 118.493, 10.281,  1.170
 10440,  4.526, 27.722, 119.349, 10.149,  1.184
 10500,  4.668, 28.371, 121.775, 10.236,  1.235
 10560,  4.592, 27.876, 122.399, 10.047,  1.153
 10620,  4.573, 27.234, 117.818, 10.079,  1.158
 10680,  4.615, 27.353, 123.047, 10.027,  1.145
 10740,  4.675, 27.346, 117.760,  9.836,  1.093
 10800,  4.557, 26.823, 116.197,  9.557,  1.014
 10860,  4.487, 26.826, 114.744,  9.624,  1.106
 10920,  4.404, 26.086, 108.152,  9.553,  1.059
 10980,  4.511, 26.643, 107.010,  9.330,  1.075
 11040,  4.459, 27.247, 108.155,  9.650,  0.995
 11100,  4.393, 27.079, 105.280, 10.055,  1.123
 11160, -9999.000, -9999.000, -9999.000, -9999.000, -9999.000
 11220,  4.231, 26.496, 92.569,  9.476,  1.081
 11280,  4.315, 26.658, 96.494, 10.045,  1.198
 11340,  4.325, 26.424, 94.482,  9.947,  1.201
 11400,  4.360, 27.379, 96.320, 10.426,  1.319
 11460,  4.384, 27.324, 97.160, 10.811,  1.436
 11520,  4.423, 26.609, 97.812, 10.654,  1.328
 11580,  4.424, 27.258, 97.555, 10.675,  1.387
 11640,  4.505, 26.215, 95.979, 10.260,  1.321
 11700,  4.496, 27.497, 95.434, 10.021,  1.337
 11760,  4.568, 27.675, 98.727, 10.033,  1.337
 11820,  4.590, 26.511, 96.746,  9.794,  1.376
 11880,  4.522, 26.413, 97.077,  9.648,  1.229
 11940,  4.507, 25.762, 94.511,  9.572,  1.121
 12000,  4.509, 25.342, 94.819,  9.296,  1.163
 12060,  4.665, 25.472, 96.285,  9.299,  1.235
 12120,  4.673, 26.866, 97.868,  9.166,  1.178
 12180,  4.635, 26.828, 95.918,  9.133,  1.130
 12240,  4.613, 26.301, 94.843,  8.816,  1.051
 12300,  4.565, 26.090, 95.046,  8.551,  1.003
 12360,  4.570, 25.236, 95.985,  9.144,  0.911
 12420,  4.591, 25.996, 97.284,  9.121,  1.162
 12480,  4.548, 25.056, 94.587,  8.807,  1.075
 12540,  4.520, 25.003, 92.375,  8.820,  1.001
 12600,  4.544, 25.994, 96.223,  9.195,  1.083
 12660,  4.530, 26.357, 94.369,  8.748,  1.042
 12720,  4.584, 25.949, 90.496,  8.891,  1.071
 12780,  4.552, 25.240, 92.549,  8.971,  1.199
 12840,  4.578, 25.273, 92.450,  9.040,  1.161
 12900,  4.649, 25.956, 95.465,  9.321,  1.132
 12960,  4.721, 25.924, 94.977,  9.607,  1.040
 13020,  4.558, 25.487, 87.345,  8.846,  0.999
 13080,  4.505, 25.948, 91.123,  8.980,  0.934
 13140,  4.549, 25.246, 90.464,  9.204,  1.051
 13200,  4.440, 24.796, 88.493,  8.968,  1.012
 13260,  4.450, 24.052, 86.987,  8.833,  1.092
 13320,  4.435, 25.084, 86.390,  8.996,  1.209
 13380,  4.541, 25.795, 87.863,  9.131,  1.123
 13440,  4.650, 26.183, 89.397,  9.437,  1.154
 13500,  4.694, 27.240, 90.430, 10.023,  1.092
 13560,  4.733, 26.468, 92.853, 10.300,  1.227
 13620,  4.624, 25.776, 91.168,  9.884,  1.090
 13680,  4.725, 26.505, 94.028, 10.193,  1.273
 13740,  4.647, 26.407, 91.446,  9.629,  1.147
 13800,  4.646, 27.423, 91.874,  9.664,  0.959
 13860,  4.683, 26.658, 94.102,  9.815,  0.929
 13920,  4.603, 26.577, 90.257,  9.455,  0.983
 13980,  4.687, 25.603, 88.777,  9.576,  1.007
 14040,  4.652, 26.442, 89.793,  9.848,  1.162
 14100,  4.832, 27.505, 91.633, 10.762,  1.273
 14160,  4.810, 26.685, 92.297, 10.769,  1.214
 14220,  4.932, 28.299, 96.312, 10.590,  1.252
 14280,  4.962, 28.144, 94.752, 10.840,  1.250
 14340,  4.931, 28.408, 96.536, 10.628,  1.284
 14400,  4.949, 27.525, 94.305, 10.702,  1.173
 14460,  4.811, 27.386, 91.045, 10.594,  1.294
 14520,  4.914, 27.581, 92.252, 10.721,  1.284
 14580,  4.967, 27.728, 92.567, 10.896,  1.296
 14640,  4.950, 27.645, 93.801, 10.671,  1.257
 14700,  4.949, 26.891, 90.336, 10.363,  1.153
 14760,  5.073, 27.526, 94.195, 11.031,  1.297
 14820, -9999.000, -9999.000, -9999.000, -9999.000, -9999.000
 14880,  4.678, 26.246, 77.491, 10.587,  0.962
 14940,  4.843, 27.332, 84.679, 10.676,  0.932
 15000,  4.973, 27.904, 84.964, 10.433,  1.267
 15060,  4.934, 26.756, 86.513, 11.028,  1.061
 15120,  5.052, 27.396, 90.450, 11.023,  1.261
 15180,  5.127, 27.830, 91.893, 11.459,  1.279
 15240,  5.100, 27.966, 94.329, 11.446,  1.306
 15300,  5.093, 26.988, 90.617, 11.135,  1.328
 15360,  5.031, 26.758, 87.493, 10.582,  1.211
 15420,  5.003, 27.270, 87.100, 10.527,  1.096
 15480,  4.982, 27.231, 88.044, 10.929,  1.263
 15540,  4.994, 27.675, 88.000, 10.909,  1.140
 15600,  4.883, 27.451, 85.021, 10.560,  1.313
 15660,  4.995, 27.648, 87.423, 10.638,  1.230
 15720,  4.956, 26.820, 84.638, 10.685,  1.232
 15780,  5.108, 27.662, 89.313, 11.439,  1.237
 15840,  4.960, 26.610, 84.294, 11.237,  1.282
 15900,  4.995, 26.925, 85.704, 11.664,  1.238
 15960,  5.075, 26.641, 86.316, 11.752,  1.131
 16020,  5.127, 27.670, 86.924, 12.111,  1.319
 16080,  5.133, 27.597, 87.852, 11.908,  1.270
 16140,  5.075, 27.178, 88.372, 11.737,  1.239
 16200,  5.043, 27.730, 87.994, 11.460,  1.319
 16260,  5.149, 27.796, 87.594, 11.419,  1.270
 16320,  5.230, 27.793, 88.445, 11.534,  1.206
 16380,  5.151, 27.670, 87.489, 11.338,  1.198
 16440,  5.087, 27.043, 87.367, 11.229,  1.198
 16500,  5.048, 26.945, 85.017, 11.901,  1.186
 16560,  5.096, 27.031, 85.793, 12.112,  1.488
 16620,  5.168, 26.723, 86.168, 12.047,  1.291
 16680, -9999.000, -9999.000, -9999.000, -9999.000, -9999.000
 16740,  4.933, 26.074, 79.244, 12.269,  1.493
 16800,  5.028, 26.881, 79.882, 12.164,  1.426
 16860,  5.106, 26.376, 81.884, 12.675,  1.569
 16920,  5.169, 26.965, 83.935, 12.889,  1.676
 16980,  5.055, 26.662, 80.791, 12.771,  1.608
 17040,  5.102, 26.852, 80.996, 12.504,  1.590
 17100,  5.066, 26.880, 80.618, 12.425,  1.558
 17160,  5.119, 26.527, 82.526, 12.569,  1.604
 17220,  5.161, 27.227, 83.191, 12.648,  1.592
 17280,  5.198, 27.595, 82.578, 12.615,  1.558
 17340,  5.277, 28.132, 83.475, 12.688,  1.578
 17400,  5.305, 27.716, 84.573, 12.924,  1.607
 17460,  5.154, 26.828, 82.192, 12.593,  1.547
 17520,  5.077, 26.909, 79.325, 12.505,  1.644
 17580,  4.816, 25.062, 75.021, 11.870,  1.607
 17640,  5.076, 26.615, 77.559, 12.061,  1.469
 17700,  5.233, 27.296, 82.146, 12.054,  1.546
 17760,  5.287, 27.814, 82.382, 12.282,  1.540
 17820,  5.192, 27.414, 80.697, 11.909,  1.487
