CampaignData_and_Merges/R0/CSL_MobileLab_Parked/raw/20240809/USOS-MetNav_MobileLabGround_20240809_R0.ict
44, 1001
Carrie Womack, Nate Howard, Mike Zucker
NOAA Chemical Sciences Laboratory
Mobile Lab MetNav Station
USOS
1, 1
2024, 08, 09, 2024, 12, 21
60
Time_Start, seconds_past_midnight, Seconds from midnight UTC
11
1, 1, 1, 1, 1, 1, 1, 1, 1, 1, 1
-9999, -9999, -9999, -9999, -9999, -9999, -9999, -9999, -9999, -9999, -9999
GPS_Alt_m, meters, Altitude from Differential GPS
GPS_Course_deg, degrees, Course from Differential GPS
GPS_GndSpd_m_s, m/s, Ground Speed from Differential GPS
GPS_Heading_deg, degrees, Heading from Differential GPS
GPS_Lat_deg, degrees, Latitude from Differential GPS
GPS_Lon_deg, degrees, Longitude from Differential GPS
AirTemp_C, Celsius, Air Temperature from Airmar
RelHumidity_pct, percent, Relative Humidity from Airmar
Pressure_mb, millibars, Pressure from Honeywell
WindDir_calc_deg, degrees, Wind Direction from Airmar corrected for van movement
WindSpd_calc_m_s, m/s, Wind Speed from Airmar corrected for van movement
1
SPECIAL COMMENTS:
18
PI_CONTACT_INFO: Address: 325 Broadway R/CSL7, Boulder, CO, 80305
PLATFORM: CSL Mobile Lab
LOCATION: Salt Lake City, UT
ASSOCIATED_DATA: N/A
INSTRUMENT_INFO: N/A
DATA_INFO: Units:
UNCERTAINTY: N/A
ULOD_FLAG: -7777
ULOD_VALUE: N/A
LLOD_FLAG: -8888
LLOD_VALUE: N/A
DM_CONTACT_INFO: Data Manager: Nate Howard
PROJECT_INFO: 
STIPULATIONS_ON_USE: Use of these data require prior ok from PI.
OTHER_COMMENTS: 
REVISION: R0
R0: Final data. Fixed bug in wind averaging code. RA: Preliminary Data. For in-field use only. 
Time_Start, GPS_Alt_m, GPS_Course_deg, GPS_GndSpd_m_s, GPS_Heading_deg, GPS_Lat_deg, GPS_Lon_deg, AirTemp_C, RelHumidity_pct, Pressure_mb, WindDir_calc_deg, WindSpd_calc_m_s
[from data line 1251]
75060.0,1309.3,2.38,0.05,2.38,40.73434,-111.87210,37.0,17.2,875.5,157.29,0.4
75120.0,1309.1,2.67,0.04,2.67,40.73434,-111.87210,37.2,17.0,875.5,160.05,1.2
75180.0,1309.0,2.58,0.05,2.58,40.73434,-111.87210,37.5,16.9,875.5,143.48,1.2
75240.0,1308.9,2.51,0.04,2.51,40.73434,-111.87210,37.5,16.5,875.5,169.43,1.6
75300.0,1308.9,2.36,0.05,2.36,40.73434,-111.87210,37.6,16.7,875.5,118.40,0.9
75360.0,1308.9,2.92,0.05,2.92,40.73434,-111.87210,37.8,16.4,875.5,156.70,0.9
75420.0,1308.8,2.82,0.05,2.82,40.73434,-111.87210,38.0,16.3,875.5,170.43,0.7
75480.0,1308.8,2.52,0.04,2.52,40.73434,-111.87210,38.1,16.4,875.5,137.55,0.4
75540.0,1308.8,3.25,0.04,3.25,40.73434,-111.87210,38.1,15.9,875.4,169.04,2.0
75600.0,1308.8,3.55,0.04,3.55,40.73434,-111.87210,38.2,15.9,875.4,162.73,2.2
75660.0,1309.0,3.30,0.04,3.30,40.73434,-111.87210,38.2,15.7,875.5,156.10,1.7
75720.0,1308.8,3.16,0.05,3.16,40.73434,-111.87210,38.3,15.8,875.3,158.42,1.4
75780.0,1308.7,2.86,0.04,2.86,40.73434,-111.87210,38.5,15.7,875.3,157.58,1.6
75840.0,1308.7,3.37,0.05,3.37,40.73434,-111.87210,38.6,15.9,875.3,138.49,0.8
75900.0,1308.7,3.14,0.04,3.14,40.73434,-111.87210,38.7,15.9,875.3,161.10,1.9
75960.0,1308.7,3.27,0.05,3.27,40.73434,-111.87210,38.7,15.9,875.4,182.11,2.2
76020.0,1308.8,2.97,0.04,2.97,40.73434,-111.87210,38.6,16.0,875.4,164.13,2.7
76080.0,1308.8,2.84,0.05,2.84,40.73434,-111.87210,38.2,15.9,875.4,172.09,3.4
76140.0,1308.9,2.68,0.05,2.68,40.73434,-111.87210,37.8,16.4,875.3,134.41,3.6
76200.0,1308.8,2.48,0.05,2.48,40.73434,-111.87210,37.4,17.4,875.3,127.49,4.5
76260.0,1308.7,2.98,0.05,2.98,40.73434,-111.87210,37.3,16.9,875.3,145.48,3.7
76320.0,1308.6,2.86,0.05,2.86,40.73434,-111.87210,37.0,16.9,875.3,174.46,3.8
76380.0,1308.6,2.69,0.05,2.69,40.73434,-111.87210,36.8,17.6,875.2,145.78,4.2
76440.0,1308.5,2.33,0.05,2.33,40.73434,-111.87210,36.5,16.9,875.3,167.43,4.7
76500.0,1308.5,2.21,0.05,2.21,40.73434,-111.87210,36.5,17.5,875.2,137.85,2.8
76560.0,1308.5,3.01,0.05,3.01,40.73434,-111.87211,36.6,17.2,875.2,170.10,3.3
76620.0,1308.4,2.88,0.05,2.88,40.73434,-111.87211,36.5,17.5,875.2,153.11,4.2
76680.0,1308.5,2.57,0.04,2.57,40.73434,-111.87211,36.7,17.6,875.2,163.46,2.2
76740.0,1308.5,2.45,0.05,2.45,40.73434,-111.87211,36.5,17.7,875.2,156.76,4.7
76800.0,1308.5,2.46,0.05,2.46,40.73434,-111.87211,36.3,17.0,875.2,163.46,5.2
76860.0,1308.4,2.46,0.05,2.46,40.73434,-111.87211,36.3,16.3,875.2,175.84,3.5
76920.0,1308.4,2.73,0.05,2.73,40.73434,-111.87211,36.2,16.7,875.2,144.40,4.2
76980.0,1308.3,2.39,0.05,2.39,40.73434,-111.87211,36.1,16.2,875.2,142.78,4.4
77040.0,1308.5,2.31,0.05,2.31,40.73434,-111.87211,36.2,15.6,875.2,163.16,2.9
77100.0,1308.6,2.06,0.04,2.06,40.73434,-111.87211,36.0,14.8,875.2,163.83,4.1
77160.0,1308.8,2.39,0.05,2.39,40.73434,-111.87211,35.9,13.7,875.2,189.43,4.7
77220.0,1309.0,2.74,0.05,2.74,40.73434,-111.87211,35.8,13.8,875.2,156.65,4.8
77280.0,1309.1,2.32,0.05,2.32,40.73434,-111.87211,35.4,12.7,875.3,160.53,5.9
77340.0,1309.2,2.06,0.06,2.06,40.73434,-111.87211,35.4,12.9,875.2,166.01,4.6
77400.0,1309.4,2.57,0.05,2.57,40.73434,-111.87211,35.4,13.2,875.3,157.76,4.6
77460.0,1309.4,2.52,0.05,2.52,40.73434,-111.87211,35.0,13.4,875.3,149.49,5.7
77520.0,1309.4,2.60,0.05,2.60,40.73434,-111.87211,34.7,13.5,875.3,135.88,6.0
77580.0,1309.4,2.42,0.05,2.42,40.73434,-111.87211,34.6,13.8,875.3,141.18,5.4
77640.0,1309.3,2.19,0.05,2.19,40.73434,-111.87211,34.7,13.8,875.3,144.49,4.2
77700.0,1309.3,1.94,0.05,1.94,40.73434,-111.87211,34.5,13.4,875.3,150.24,5.4
77760.0,1309.3,1.69,0.05,1.69,40.73434,-111.87211,34.4,13.2,875.3,156.80,5.3
77820.0,1309.3,1.62,0.05,1.62,40.73434,-111.87211,34.6,13.6,875.2,151.88,3.9
77880.0,1309.2,2.04,0.05,2.04,40.73434,-111.87211,34.5,13.7,875.2,141.87,5.4
77940.0,1309.1,2.17,0.05,2.17,40.73434,-111.87210,34.5,13.1,875.2,164.27,4.6
78000.0,1309.0,1.99,0.05,1.99,40.73434,-111.87210,34.4,13.7,875.2,133.35,5.1
78060.0,1308.8,2.40,0.04,2.40,40.73434,-111.87210,34.5,13.2,875.2,166.60,4.6
78120.0,1309.1,2.53,0.06,2.53,40.73434,-111.87210,34.3,13.0,875.2,149.38,5.6
78180.0,1308.8,2.59,0.05,2.59,40.73434,-111.87210,34.5,14.0,875.2,142.47,4.1
78240.0,1308.3,2.20,0.06,2.20,40.73435,-111.87210,34.4,14.1,875.1,135.62,4.5
78300.0,1308.3,2.11,0.05,2.11,40.73435,-111.87210,34.3,13.6,875.1,145.46,4.8
78360.0,1308.3,2.01,0.05,2.01,40.73435,-111.87210,34.4,14.5,875.1,139.04,4.5
78420.0,1308.8,2.18,0.05,2.18,40.73435,-111.87210,34.1,13.7,875.1,130.04,5.1
78480.0,1309.0,1.97,0.06,1.97,40.73435,-111.87210,34.1,13.1,875.1,150.64,5.6
78540.0,1309.1,1.81,0.06,1.81,40.73435,-111.87210,34.1,13.4,875.1,140.42,4.4
78600.0,1309.2,1.44,0.05,1.44,40.73435,-111.87210,34.0,14.4,875.0,123.97,4.9
78660.0,1308.9,0.86,0.05,0.86,40.73435,-111.87210,34.2,13.9,875.0,138.32,3.5
78720.0,1308.7,1.21,0.05,1.21,40.73435,-111.87210,34.3,15.0,875.0,128.30,3.1
78780.0,1308.8,1.27,0.05,1.27,40.73435,-111.87210,34.5,14.6,875.0,135.19,3.5
78840.0,1308.5,1.12,0.05,1.12,40.73435,-111.87210,34.4,14.2,875.0,130.90,4.8
78900.0,1308.8,0.78,0.05,0.78,40.73434,-111.87210,34.6,13.7,875.0,141.26,3.8
78960.0,1308.8,1.02,0.05,1.02,40.73434,-111.87210,34.6,13.0,875.0,161.53,3.8
79020.0,1308.9,1.44,0.05,1.44,40.73434,-111.87210,34.8,12.7,875.0,181.55,2.9
79080.0,1308.9,1.93,0.05,1.93,40.73434,-111.87211,34.9,13.5,874.9,137.03,3.3
79140.0,1309.2,2.13,0.05,2.13,40.73434,-111.87211,35.1,13.1,874.9,165.19,2.4
79200.0,1309.2,1.81,0.05,1.81,40.73434,-111.87211,35.2,13.7,874.9,132.45,3.6
79260.0,1309.3,1.27,0.05,1.27,40.73434,-111.87211,35.1,13.8,874.9,141.22,3.8
79320.0,1309.3,1.61,0.05,1.61,40.73434,-111.87211,35.1,13.2,874.9,135.46,3.9
79380.0,1309.3,1.44,0.06,1.44,40.73434,-111.87211,34.8,13.5,874.9,123.24,5.1
79440.0,1309.7,1.11,0.05,1.11,40.73434,-111.87211,34.9,13.2,874.9,139.47,3.3
79500.0,1310.1,1.22,0.04,1.22,40.73434,-111.87211,34.8,13.2,874.9,128.05,3.7
79560.0,1310.3,1.57,0.05,1.57,40.73434,-111.87211,34.9,13.8,874.8,139.25,3.7
79620.0,1310.3,1.47,0.05,1.47,40.73434,-111.87211,35.0,13.1,874.8,162.94,3.5
79680.0,1310.4,1.47,0.05,1.47,40.73434,-111.87211,35.3,12.8,874.8,169.78,3.0
79740.0,1310.5,1.36,0.05,1.36,40.73434,-111.87211,35.3,12.5,874.8,162.37,3.2
79800.0,1310.5,1.31,0.06,1.31,40.73434,-111.87211,35.5,12.2,874.8,159.85,3.1
79860.0,1310.5,1.46,0.06,1.46,40.73434,-111.87211,35.7,12.1,874.7,178.61,2.7
79920.0,1310.9,1.42,0.05,1.42,40.73434,-111.87211,35.7,12.5,874.7,134.01,3.4
79980.0,1310.8,1.24,0.06,1.24,40.73434,-111.87211,35.6,12.9,874.7,147.36,4.2
80040.0,1310.1,1.33,0.05,1.33,40.73434,-111.87211,35.5,12.0,874.7,147.93,4.1
80100.0,1309.8,1.68,0.06,1.68,40.73434,-111.87211,35.5,12.3,874.7,138.12,2.8
80160.0,1309.9,1.31,0.05,1.31,40.73434,-111.87211,35.7,12.2,874.6,169.59,2.5
80220.0,1309.9,0.96,0.06,0.96,40.73434,-111.87211,35.9,11.7,874.6,170.15,2.4
80280.0,1310.1,0.90,0.05,0.90,40.73434,-111.87211,36.0,12.8,874.6,144.20,2.8
80340.0,1310.2,0.84,0.05,0.84,40.73434,-111.87211,36.2,12.2,874.6,181.70,1.8
80400.0,1310.2,1.09,0.04,1.09,40.73434,-111.87211,36.3,11.6,874.6,172.99,3.0
80460.0,1310.1,1.42,0.05,1.42,40.73434,-111.87211,36.2,12.4,874.6,148.44,2.9
80520.0,1310.0,1.38,0.05,1.38,40.73434,-111.87211,36.1,12.2,874.6,134.41,4.0
80580.0,1309.9,1.71,0.05,1.71,40.73434,-111.87211,36.0,12.0,874.6,146.46,2.9
80640.0,1309.8,1.87,0.05,1.87,40.73434,-111.87211,36.2,12.4,874.6,142.54,1.7
80700.0,1309.9,2.06,0.05,2.06,40.73434,-111.87211,36.3,12.2,874.6,137.07,2.7
80760.0,1309.8,1.87,0.04,1.87,40.73434,-111.87211,36.3,11.9,874.6,160.00,3.4
80820.0,1309.8,1.77,0.04,1.77,40.73434,-111.87211,36.0,12.4,874.6,139.50,4.6
80880.0,1309.8,1.51,0.05,1.51,40.73434,-111.87211,35.9,12.0,874.6,161.45,4.2
80940.0,1309.8,1.68,0.05,1.68,40.73434,-111.87211,35.9,12.4,874.6,144.57,3.7
81000.0,1309.8,1.93,0.06,1.93,40.73434,-111.87211,35.9,12.4,874.6,153.49,3.6
81060.0,1309.7,1.70,0.05,1.70,40.73434,-111.87211,36.0,12.3,874.6,150.60,2.8
81120.0,1309.6,1.63,0.05,1.63,40.73434,-111.87211,35.9,12.2,874.6,168.98,4.4
81180.0,1309.5,1.51,0.05,1.51,40.73434,-111.87210,35.9,12.8,874.5,144.52,3.2
81240.0,1309.5,1.97,0.05,1.97,40.73434,-111.87210,36.0,13.6,874.5,140.15,2.7
81300.0,1309.6,1.76,0.04,1.76,40.73434,-111.87210,35.9,12.8,874.5,143.59,3.4
81360.0,1309.6,1.85,0.05,1.85,40.73434,-111.87210,36.2,12.8,874.5,156.01,1.6
81420.0,1309.5,2.16,0.05,2.16,40.73434,-111.87210,36.3,12.2,874.5,161.90,2.9
81480.0,1309.6,2.48,0.04,2.48,40.73434,-111.87210,36.3,12.0,874.5,152.14,3.4
81540.0,1309.6,2.48,0.05,2.48,40.73434,-111.87210,36.2,12.9,874.5,140.11,3.9
81600.0,1309.8,2.53,0.05,2.53,40.73434,-111.87210,36.0,12.2,874.5,141.39,4.1
81660.0,1309.9,2.26,0.05,2.26,40.73434,-111.87210,35.9,12.5,874.4,130.53,3.2
81720.0,1310.0,2.03,0.04,2.03,40.73434,-111.87210,35.8,13.2,874.4,122.28,3.2
81780.0,1310.0,1.97,0.04,1.97,40.73434,-111.87210,35.8,12.5,874.4,153.35,3.0
81840.0,1310.0,2.42,0.05,2.42,40.73434,-111.87210,35.9,12.9,874.4,145.66,3.8
81900.0,1310.1,2.98,0.05,2.98,40.73434,-111.87210,35.8,12.8,874.4,138.94,4.0
81960.0,1310.1,2.43,0.04,2.43,40.73434,-111.87210,35.9,13.1,874.4,161.26,3.0
82020.0,1310.1,2.68,0.05,2.68,40.73434,-111.87210,36.0,13.1,874.4,164.00,3.2
82080.0,1310.1,2.63,0.05,2.63,40.73434,-111.87210,36.1,13.4,874.4,166.80,2.6
82140.0,1309.9,2.33,0.05,2.33,40.73434,-111.87210,36.2,13.5,874.4,146.61,2.3
82200.0,1310.0,2.35,0.05,2.35,40.73434,-111.87210,36.1,13.5,874.4,162.48,2.5
82260.0,1310.0,2.19,0.05,2.19,40.73434,-111.87210,36.2,13.2,874.4,178.00,2.0
82320.0,1310.0,1.98,0.05,1.98,40.73434,-111.87210,36.1,13.0,874.4,178.30,3.0
82380.0,1310.0,1.79,0.06,1.79,40.73434,-111.87210,36.1,13.7,874.4,175.28,2.2
82440.0,1310.4,1.70,0.05,1.70,40.73434,-111.87210,36.0,14.0,874.4,152.04,3.1
82500.0,1310.1,1.93,0.05,1.93,40.73434,-111.87210,36.0,13.2,874.4,183.86,2.1
82560.0,1310.4,2.15,0.06,2.15,40.73434,-111.87210,36.0,13.2,874.4,194.93,2.4
82620.0,1310.3,1.51,0.05,1.51,40.73434,-111.87210,36.1,13.4,874.4,180.41,2.2
82680.0,1310.1,1.98,0.06,1.98,40.73434,-111.87210,36.2,14.1,874.4,181.39,2.3
82740.0,1310.0,1.86,0.06,1.86,40.73434,-111.87210,36.1,15.0,874.4,179.82,2.8
82800.0,1310.0,1.92,0.05,1.92,40.73434,-111.87210,36.0,15.3,874.4,193.24,2.8
82860.0,1310.0,2.27,0.05,2.27,40.73433,-111.87210,36.1,15.4,874.4,180.05,0.7
82920.0,1309.9,2.32,0.04,2.32,40.73433,-111.87210,36.2,15.5,874.3,201.07,0.3
82980.0,1309.7,1.80,0.05,1.80,40.73433,-111.87210,36.2,15.2,874.4,181.40,2.1
83040.0,1309.8,1.97,0.04,1.97,40.73433,-111.87210,36.1,15.0,874.4,194.86,2.3
83100.0,1309.6,1.99,0.05,1.99,40.73433,-111.87210,36.0,15.0,874.4,197.15,2.3
83160.0,1309.5,2.58,0.04,2.58,40.73433,-111.87210,36.0,15.2,874.4,187.44,2.6
83220.0,1309.7,2.50,0.05,2.50,40.73433,-111.87210,36.0,15.7,874.4,185.76,1.9
83280.0,1309.6,2.52,0.05,2.52,40.73433,-111.87210,35.9,15.8,874.3,172.78,1.7
83340.0,1309.3,2.72,0.05,2.72,40.73433,-111.87210,35.9,15.9,874.3,171.98,1.3
83400.0,1309.1,2.79,0.05,2.79,40.73433,-111.87210,35.7,15.9,874.3,174.54,2.5
83460.0,1309.0,2.66,0.04,2.66,40.73433,-111.87210,35.7,16.5,874.3,159.66,2.4
83520.0,1309.0,2.77,0.04,2.77,40.73433,-111.87210,35.7,16.2,874.3,167.13,1.2
83580.0,1308.9,2.99,0.05,2.99,40.73433,-111.87210,35.6,16.0,874.3,174.68,2.2
83640.0,1308.8,2.93,0.05,2.93,40.73433,-111.87210,35.6,16.2,874.3,173.93,1.8
83700.0,1308.8,3.18,0.04,3.18,40.73433,-111.87210,35.7,15.9,874.3,171.70,1.1
83760.0,1308.9,2.92,0.04,2.92,40.73433,-111.87210,35.7,16.1,874.3,183.68,2.1
83820.0,1308.9,2.80,0.05,2.80,40.73433,-111.87210,35.7,16.2,874.3,156.41,1.3
83880.0,1309.1,2.96,0.04,2.96,40.73433,-111.87210,35.7,15.8,874.3,182.87,1.8
83940.0,1309.1,2.61,0.05,2.61,40.73433,-111.87210,35.7,15.3,874.3,193.35,1.7
84000.0,1309.1,2.96,0.05,2.96,40.73433,-111.87210,35.8,15.0,874.3,188.47,1.6
84060.0,1309.1,2.55,0.06,2.55,40.73433,-111.87210,35.8,15.1,874.3,183.51,1.7
84120.0,1308.8,2.51,0.05,2.51,40.73433,-111.87210,35.9,15.3,874.3,169.19,1.2
84180.0,1308.7,2.27,0.05,2.27,40.73433,-111.87210,35.8,15.3,874.3,161.87,1.4
84240.0,1308.8,2.35,0.05,2.35,40.73433,-111.87210,35.8,15.4,874.3,154.11,2.0
84300.0,1308.8,2.18,0.05,2.18,40.73433,-111.87210,35.7,15.3,874.3,204.46,0.8
84360.0,1308.8,1.86,0.06,1.86,40.73433,-111.87210,35.6,14.7,874.3,195.05,2.4
84420.0,1308.8,2.00,0.07,2.00,40.73433,-111.87210,35.5,14.5,874.3,177.43,1.5
84480.0,1308.8,2.25,0.05,2.25,40.73433,-111.87210,35.4,14.5,874.3,162.17,1.0
84540.0,1308.7,2.43,0.05,2.43,40.73433,-111.87210,35.3,14.7,874.3,185.01,2.0
84600.0,1308.7,2.81,0.05,2.81,40.73433,-111.87210,35.2,14.6,874.3,185.73,1.6
84660.0,1308.8,2.65,0.05,2.65,40.73433,-111.87210,35.1,14.7,874.3,178.74,1.6
84720.0,1308.6,2.42,0.05,2.42,40.73433,-111.87210,35.0,14.9,874.3,185.75,1.7
84780.0,1308.6,1.93,0.05,1.93,40.73433,-111.87210,34.9,14.9,874.4,180.76,1.5
84840.0,1308.6,2.13,0.05,2.13,40.73433,-111.87210,34.8,15.0,874.4,177.60,1.7
84900.0,1308.5,2.08,0.05,2.08,40.73433,-111.87210,34.7,15.2,874.4,160.95,1.7
84960.0,1308.2,1.81,0.05,1.81,40.73433,-111.87210,34.7,15.0,874.5,179.27,1.5
85020.0,1308.3,1.89,0.04,1.89,40.73433,-111.87210,34.7,14.7,874.5,171.32,1.4
85080.0,1308.4,1.89,0.05,1.89,40.73434,-111.87210,34.7,14.9,874.6,158.65,0.9
85140.0,1308.2,2.33,0.05,2.33,40.73434,-111.87210,34.7,15.0,874.6,179.98,1.3
85200.0,1308.1,2.66,0.05,2.66,40.73434,-111.87210,34.6,15.3,874.6,173.93,1.3
85260.0,1308.0,2.60,0.04,2.60,40.73434,-111.87210,34.6,15.4,874.7,166.22,1.7
85320.0,1308.0,2.41,0.04,2.41,40.73434,-111.87210,34.6,15.5,874.7,176.78,1.4
85380.0,1307.9,2.13,0.05,2.13,40.73434,-111.87210,34.4,15.7,874.7,151.57,1.4
85440.0,1307.9,1.93,0.05,1.93,40.73434,-111.87210,34.5,15.9,874.8,137.70,1.0
85500.0,1308.0,1.53,0.05,1.53,40.73434,-111.87210,34.3,16.2,874.8,122.03,0.6
85560.0,1308.2,1.93,0.04,1.93,40.73434,-111.87210,34.3,16.2,874.8,128.05,0.8
85620.0,1308.3,2.48,0.05,2.48,40.73434,-111.87210,34.2,16.1,874.9,146.18,0.6
85680.0,1308.4,2.83,0.05,2.83,40.73434,-111.87210,34.2,15.9,874.9,202.83,0.5
85740.0,1308.5,2.92,0.05,2.92,40.73434,-111.87210,34.2,15.7,875.0,201.99,0.6
85800.0,1308.6,2.97,0.05,2.97,40.73434,-111.87210,34.2,15.7,875.1,199.78,0.5
85860.0,1308.6,3.21,0.05,3.21,40.73434,-111.87210,34.3,15.9,875.2,197.01,0.4
85920.0,1308.8,2.90,0.05,2.90,40.73434,-111.87210,34.2,16.1,875.2,178.75,0.5
85980.0,1309.0,2.73,0.04,2.73,40.73434,-111.87210,34.1,16.2,875.3,217.20,0.2
86040.0,1309.1,2.75,0.05,2.75,40.73434,-111.87210,34.1,15.9,875.4,181.19,0.5
86100.0,1309.0,2.68,0.04,2.68,40.73434,-111.87211,34.0,16.0,875.5,221.44,0.2
86160.0,1309.0,2.71,0.06,2.71,40.73434,-111.87211,33.8,16.2,875.6,275.92,0.7
86220.0,1309.0,2.77,0.05,2.77,40.73434,-111.87211,33.7,16.4,875.6,273.63,0.8
86280.0,1309.0,2.80,0.06,2.80,40.73434,-111.87211,33.4,16.9,875.7,256.02,2.4
86340.0,1309.2,2.48,0.04,2.48,40.73434,-111.87211,33.2,17.8,875.8,274.72,0.9
