CampaignData_and_Merges/R0/CSL_MobileLab_Parked/raw/20240809/USOS-MetNav_MobileLabGround_20240809_R0.ict
44, 1001
Carrie Womack, Nate Howard, Mike Zucker
NOAA Chemical Sciences Laboratory
Mobile Lab MetNav Station
USOS
1, 1
2024, 08, 09, 2024, 12, 21
60
Time_Start, seconds_past_midnight, Seconds from midnight UTC
11
1, 1, 1, 1, 1, 1, 1, 1, 1, 1, 1
-9999, -9999, -9999, -9999, -9999, -9999, -9999, -9999, -9999, -9999, -9999
GPS_Alt_m, meters, Altitude from Differential GPS
GPS_Course_deg, degrees, Course from Differential GPS
GPS_GndSpd_m_s, m/s, Ground Speed from Differential GPS
GPS_Heading_deg, degrees, Heading from Differential GPS
GPS_Lat_deg, degrees, Latitude from Differential GPS
GPS_Lon_deg, degrees, Longitude from Differential GPS
AirTemp_C, Celsius, Air Temperature from Airmar
RelHumidity_pct, percent, Relative Humidity from Airmar
Pressure_mb, millibars, Pressure from Honeywell
WindDir_calc_deg, degrees, Wind Direction from Airmar corrected for van movement
WindSpd_calc_m_s, m/s, Wind Speed from Airmar corrected for van movement
1
SPECIAL COMMENTS:
18
PI_CONTACT_INFO: Address: 325 Broadway R/CSL7, Boulder, CO, 80305
PLATFORM: CSL Mobile Lab
LOCATION: Salt Lake City, UT
ASSOCIATED_DATA: N/A
INSTRUMENT_INFO: N/A
DATA_INFO: Units:
UNCERTAINTY: N/A
ULOD_FLAG: -7777
ULOD_VALUE: N/A
LLOD_FLAG: -8888
LLOD_VALUE: N/A
DM_CONTACT_INFO: Data Manager: Nate Howard
PROJECT_INFO: 
STIPULATIONS_ON_USE: Use of these data require prior ok from PI.
OTHER_COMMENTS: 
REVISION: R0
R0: Final data. Fixed bug in wind averaging code. RA: Preliminary Data. For in-field use only. 
Time_Start, GPS_Alt_m, GPS_Course_deg, GPS_GndSpd_m_s, GPS_Heading_deg, GPS_Lat_deg, GPS_Lon_deg, AirTemp_C, RelHumidity_pct, Pressure_mb, WindDir_calc_deg, WindSpd_calc_m_s
[from data line 212]
12720.0,1307.8,2.38,0.05,2.38,40.73434,-111.87211,26.7,19.9,875.2,125.81,1.1
12780.0,1307.7,2.52,0.07,2.52,40.73433,-111.87210,26.7,20.2,875.2,122.70,1.2
12840.0,1307.8,2.17,0.06,2.17,40.73433,-111.87210,26.6,19.9,875.2,115.08,1.2
12900.0,1307.7,2.38,0.05,2.38,40.73433,-111.87210,26.6,20.0,875.2,123.05,1.5
12960.0,1307.6,2.09,0.05,2.09,40.73433,-111.87210,26.6,19.7,875.2,116.10,1.7
13020.0,1307.5,1.56,0.06,1.56,40.73433,-111.87211,26.6,19.7,875.2,120.22,1.4
13080.0,1307.3,2.23,0.06,2.23,40.73433,-111.87211,26.6,20.0,875.2,127.66,1.3
13140.0,1308.1,1.96,0.06,1.96,40.73433,-111.87210,26.6,19.9,875.2,129.59,0.8
13200.0,1308.3,2.06,0.05,2.06,40.73433,-111.87210,26.6,20.0,875.2,128.96,0.8
13260.0,1308.0,2.61,0.05,2.61,40.73433,-111.87211,26.6,20.2,875.2,123.86,0.8
13320.0,1308.1,2.58,0.06,2.58,40.73433,-111.87211,26.5,20.2,875.2,125.24,0.8
13380.0,1307.8,2.28,0.05,2.28,40.73433,-111.87211,26.5,20.1,875.2,133.69,1.3
13440.0,1307.9,2.34,0.05,2.34,40.73433,-111.87211,26.5,20.0,875.3,139.49,1.2
13500.0,1308.2,2.19,0.05,2.19,40.73434,-111.87211,26.5,19.8,875.3,141.26,1.4
13560.0,1308.1,1.63,0.06,1.63,40.73433,-111.87211,26.5,19.9,875.3,135.13,1.6
13620.0,1307.8,1.60,0.05,1.60,40.73433,-111.87211,26.5,19.9,875.3,155.76,1.1
13680.0,1307.9,1.92,0.04,1.92,40.73434,-111.87211,26.5,19.9,875.3,145.85,1.9
13740.0,1307.9,1.59,0.06,1.59,40.73434,-111.87211,26.5,20.1,875.3,135.60,1.6
13800.0,1307.9,1.73,0.05,1.73,40.73434,-111.87211,26.5,20.4,875.3,147.61,1.6
13860.0,1307.9,2.07,0.05,2.07,40.73434,-111.87211,26.5,19.9,875.4,142.38,1.5
13920.0,1307.9,1.95,0.05,1.95,40.73434,-111.87211,26.4,21.2,875.4,126.46,1.5
13980.0,1307.8,2.20,0.05,2.20,40.73434,-111.87211,26.4,20.9,875.4,148.58,1.1
14040.0,1307.8,2.52,0.05,2.52,40.73434,-111.87211,26.4,20.6,875.3,128.22,0.8
14100.0,1307.9,1.96,0.05,1.96,40.73434,-111.87211,26.3,20.1,875.4,126.04,1.0
14160.0,1308.0,2.09,0.05,2.09,40.73434,-111.87211,26.3,20.4,875.3,99.57,1.2
14220.0,1308.0,2.51,0.05,2.51,40.73434,-111.87211,26.3,20.6,875.3,137.54,1.8
14280.0,1307.9,2.88,0.05,2.88,40.73434,-111.87211,26.2,20.4,875.4,119.77,1.6
14340.0,1308.0,2.71,0.06,2.71,40.73434,-111.87211,26.2,19.9,875.4,127.77,2.1
14400.0,1308.1,2.78,0.06,2.78,40.73434,-111.87211,26.2,20.3,875.4,117.94,1.8
14460.0,1308.1,2.37,0.05,2.37,40.73434,-111.87211,26.3,20.2,875.4,122.15,1.3
14520.0,1308.1,2.36,0.06,2.36,40.73434,-111.87210,26.2,20.5,875.4,121.27,1.6
14580.0,1308.0,2.24,0.05,2.24,40.73434,-111.87210,26.2,20.1,875.4,119.76,1.7
14640.0,1307.9,2.08,0.06,2.08,40.73434,-111.87210,26.2,19.9,875.5,120.34,1.9
14700.0,1308.0,2.42,0.05,2.42,40.73434,-111.87210,26.1,20.4,875.4,122.59,1.8
14760.0,1307.9,2.44,0.05,2.44,40.73434,-111.87210,26.1,20.1,875.4,120.65,2.3
14820.0,1307.7,2.12,0.05,2.12,40.73434,-111.87210,26.1,20.3,875.4,121.70,2.1
14880.0,1307.5,1.90,0.05,1.90,40.73434,-111.87210,26.1,20.1,875.4,117.72,2.3
14940.0,1307.3,1.64,0.04,1.64,40.73434,-111.87210,26.1,20.0,875.4,115.69,2.0
15000.0,1307.2,1.83,0.04,1.83,40.73434,-111.87210,26.0,20.4,875.4,120.79,2.1
15060.0,1307.1,1.94,0.04,1.94,40.73434,-111.87210,26.0,20.3,875.4,120.28,2.2
15120.0,1307.1,1.62,0.04,1.62,40.73434,-111.87210,26.0,20.4,875.4,117.10,2.5
15180.0,1307.0,1.65,0.03,1.65,40.73434,-111.87210,26.0,20.0,875.4,116.13,2.4
15240.0,1306.9,1.64,0.05,1.64,40.73434,-111.87210,26.0,19.9,875.4,125.03,2.5
15300.0,1306.8,1.43,0.05,1.43,40.73434,-111.87210,26.0,20.1,875.4,119.74,2.4
15360.0,1306.7,1.26,0.04,1.26,40.73434,-111.87210,26.0,20.9,875.4,117.00,1.3
15420.0,1306.7,0.97,0.04,0.97,40.73434,-111.87211,25.9,20.7,875.4,117.32,2.0
15480.0,1306.7,0.76,0.04,0.76,40.73434,-111.87211,25.9,20.8,875.5,115.49,1.3
15540.0,1306.7,0.86,0.04,0.86,40.73434,-111.87211,25.9,20.2,875.5,116.02,1.6
15600.0,1306.8,0.46,0.04,0.46,40.73434,-111.87211,25.9,20.8,875.5,120.24,1.2
15660.0,1306.8,0.43,0.04,0.43,40.73434,-111.87211,25.9,20.6,875.4,126.20,1.4
15720.0,1306.7,0.37,0.05,0.37,40.73434,-111.87211,25.9,20.6,875.4,111.20,0.8
15780.0,1306.7,0.11,0.04,0.11,40.73434,-111.87211,25.9,20.2,875.5,116.55,0.9
15840.0,1306.9,0.29,0.05,0.29,40.73434,-111.87211,25.9,20.1,875.5,118.55,1.5
15900.0,1307.0,0.71,0.05,0.71,40.73434,-111.87211,25.8,20.2,875.5,117.10,1.1
15960.0,1307.0,1.00,0.05,1.00,40.73434,-111.87211,25.9,20.2,875.5,112.89,0.8
16020.0,1307.0,0.86,0.05,0.86,40.73434,-111.87211,25.8,19.9,875.5,116.04,1.4
16080.0,1306.9,0.70,0.05,0.70,40.73434,-111.87211,25.8,19.6,875.5,129.22,1.1
16140.0,1307.1,0.54,0.04,0.54,40.73434,-111.87211,25.9,20.0,875.5,126.19,1.4
16200.0,1307.5,0.41,0.05,0.41,40.73434,-111.87211,25.9,20.4,875.4,130.11,1.2
16260.0,1307.4,359.77,0.04,359.77,40.73434,-111.87211,25.9,20.3,875.5,127.33,1.7
16320.0,1307.5,359.27,0.04,359.27,40.73434,-111.87211,25.9,19.8,875.5,117.40,2.4
16380.0,1307.5,359.05,0.05,359.05,40.73434,-111.87211,25.9,20.1,875.5,130.89,2.2
16440.0,1307.6,359.85,0.05,359.85,40.73434,-111.87211,25.9,20.5,875.5,142.69,1.6
16500.0,1307.7,0.53,0.05,0.53,40.73434,-111.87211,25.9,20.3,875.5,158.32,2.2
16560.0,1307.6,0.95,0.04,0.95,40.73434,-111.87211,26.0,20.3,875.5,171.43,1.6
16620.0,1307.8,1.13,0.04,1.13,40.73434,-111.87211,26.0,20.2,875.5,157.15,0.9
16680.0,1307.9,0.93,0.04,0.93,40.73434,-111.87211,26.0,21.3,875.5,146.62,1.4
16740.0,1308.0,1.03,0.05,1.03,40.73434,-111.87211,26.0,20.5,875.5,151.66,1.4
16800.0,1307.9,0.97,0.05,0.97,40.73434,-111.87211,26.1,21.0,875.5,146.72,1.3
16860.0,1307.9,1.53,0.05,1.53,40.73434,-111.87211,26.0,21.4,875.5,139.74,1.1
16920.0,1308.0,2.06,0.05,2.06,40.73434,-111.87211,26.1,20.9,875.5,149.93,1.2
16980.0,1308.1,2.04,0.04,2.04,40.73434,-111.87211,26.0,20.8,875.5,155.71,1.5
17040.0,1308.7,1.52,0.04,1.52,40.73434,-111.87211,26.1,20.8,875.5,150.89,1.4
17100.0,1308.9,1.91,0.05,1.91,40.73434,-111.87211,26.1,20.6,875.5,146.23,1.2
17160.0,1308.7,2.50,0.05,2.50,40.73434,-111.87211,26.1,20.7,875.5,150.55,1.2
17220.0,1308.8,2.42,0.05,2.42,40.73434,-111.87211,26.1,20.7,875.5,144.37,1.6
17280.0,1309.1,2.51,0.05,2.51,40.73434,-111.87211,26.0,21.0,875.5,138.74,1.2
17340.0,1309.0,2.53,0.05,2.53,40.73434,-111.87211,26.1,22.1,875.6,135.02,1.0
17400.0,1309.1,2.00,0.04,2.00,40.73434,-111.87211,26.1,20.7,875.6,133.97,0.9
17460.0,1309.1,1.96,0.05,1.96,40.73434,-111.87211,25.9,21.1,875.6,97.18,0.4
17520.0,1309.0,1.94,0.04,1.94,40.73434,-111.87211,25.9,20.9,875.7,132.48,1.0
17580.0,1309.1,1.91,0.04,1.91,40.73434,-111.87211,25.8,21.6,875.7,134.25,1.1
17640.0,1309.0,1.87,0.05,1.87,40.73434,-111.87211,25.8,21.0,875.6,145.48,1.4
17700.0,1309.1,1.96,0.04,1.96,40.73434,-111.87211,25.8,20.5,875.6,146.16,2.0
17760.0,1309.0,2.18,0.04,2.18,40.73434,-111.87211,25.8,20.6,875.7,155.44,2.6
17820.0,1309.0,2.36,0.04,2.36,40.73434,-111.87210,25.8,20.6,875.7,155.54,2.0
17880.0,1308.9,2.49,0.05,2.49,40.73434,-111.87210,25.8,21.0,875.7,148.89,2.1
17940.0,1308.8,2.32,0.05,2.32,40.73434,-111.87210,25.8,20.7,875.7,149.81,1.9
18000.0,1308.8,2.29,0.04,2.29,40.73434,-111.87210,25.8,20.9,875.7,150.03,1.9
18060.0,1308.5,2.25,0.04,2.25,40.73434,-111.87210,25.8,20.6,875.7,151.51,2.0
18120.0,1308.5,2.47,0.04,2.47,40.73434,-111.87210,25.8,20.4,875.7,161.23,1.7
18180.0,1308.5,2.38,0.05,2.38,40.73434,-111.87210,25.8,20.6,875.8,160.81,1.1
18240.0,1308.4,2.14,0.04,2.14,40.73434,-111.87210,26.0,20.5,875.8,182.59,1.2
18300.0,1308.4,2.34,0.04,2.34,40.73434,-111.87210,26.2,20.2,875.8,179.39,1.2
18360.0,1308.4,2.27,0.05,2.27,40.73434,-111.87210,26.2,20.1,875.8,160.34,1.8
18420.0,1308.5,2.88,0.04,2.88,40.73434,-111.87210,26.2,20.4,875.9,146.91,1.7
18480.0,1308.4,2.68,0.04,2.68,40.73434,-111.87210,26.2,20.3,875.9,152.09,1.7
18540.0,1308.4,2.25,0.04,2.25,40.73434,-111.87210,26.2,20.0,875.9,169.26,1.6
18600.0,1308.4,2.59,0.04,2.59,40.73434,-111.87210,26.1,19.9,875.9,158.45,1.9
18660.0,1308.3,2.68,0.04,2.68,40.73434,-111.87210,26.1,20.1,876.0,143.44,2.3
18720.0,1308.2,2.67,0.04,2.67,40.73434,-111.87210,26.0,20.8,876.0,129.06,2.5
18780.0,1308.3,2.72,0.05,2.72,40.73434,-111.87210,25.9,21.0,876.0,136.42,2.4
18840.0,1308.2,2.40,0.04,2.40,40.73434,-111.87210,25.8,21.4,876.0,139.24,1.7
18900.0,1308.2,1.96,0.04,1.96,40.73434,-111.87210,25.8,21.1,876.0,154.75,1.7
18960.0,1308.2,2.10,0.04,2.10,40.73434,-111.87210,25.8,21.1,876.0,155.92,2.3
19020.0,1308.1,1.88,0.04,1.88,40.73434,-111.87210,25.8,21.1,876.0,155.16,2.1
19080.0,1308.0,1.82,0.03,1.82,40.73434,-111.87210,25.7,21.1,876.0,146.66,2.4
19140.0,1308.0,2.80,0.04,2.80,40.73434,-111.87210,25.7,21.6,876.1,136.18,2.2
19200.0,1307.9,3.24,0.04,3.24,40.73434,-111.87210,25.6,21.6,876.1,128.03,2.4
19260.0,1307.9,3.04,0.04,3.04,40.73434,-111.87210,25.6,21.4,876.1,122.99,2.6
19320.0,1307.9,2.76,0.04,2.76,40.73434,-111.87210,25.5,21.3,876.1,124.31,2.8
19380.0,1307.9,2.33,0.04,2.33,40.73434,-111.87210,25.5,21.1,876.1,122.49,2.5
19440.0,1307.8,2.13,0.04,2.13,40.73434,-111.87210,25.5,21.2,876.1,135.33,2.4
19500.0,1307.7,2.20,0.04,2.20,40.73434,-111.87210,25.5,21.2,876.1,130.43,2.6
19560.0,1307.7,2.29,0.05,2.29,40.73434,-111.87210,25.5,21.3,876.1,132.81,2.2
19620.0,1307.7,1.88,0.05,1.88,40.73434,-111.87210,25.5,21.4,876.1,134.33,1.4
19680.0,1307.8,2.04,0.04,2.04,40.73434,-111.87210,25.4,21.7,876.1,132.26,1.5
19740.0,1307.8,2.09,0.04,2.09,40.73434,-111.87210,25.4,21.2,876.1,127.47,2.0
19800.0,1307.7,2.16,0.04,2.16,40.73434,-111.87210,25.4,21.2,876.1,126.55,1.7
19860.0,1307.8,2.12,0.05,2.12,40.73434,-111.87210,25.4,21.2,876.1,138.65,1.0
19920.0,1307.8,2.12,0.05,2.12,40.73434,-111.87210,25.4,21.2,876.1,117.56,1.1
19980.0,1307.8,2.75,0.04,2.75,40.73434,-111.87210,25.3,21.1,876.1,121.47,1.6
20040.0,1308.0,3.00,0.04,3.00,40.73434,-111.87210,25.3,21.1,876.1,122.81,1.6
20100.0,1308.1,2.37,0.05,2.37,40.73434,-111.87210,25.3,21.2,876.1,120.39,1.5
20160.0,1308.2,2.42,0.05,2.42,40.73434,-111.87210,25.3,21.4,876.2,121.77,1.5
20220.0,1308.1,2.34,0.05,2.34,40.73434,-111.87210,25.3,21.3,876.2,118.55,1.2
20280.0,1308.2,2.20,0.05,2.20,40.73434,-111.87210,25.2,21.3,876.2,114.48,1.1
20340.0,1308.0,2.16,0.05,2.16,40.73434,-111.87210,25.2,21.5,876.2,117.99,0.8
20400.0,1308.1,2.04,0.05,2.04,40.73434,-111.87210,25.2,21.5,876.2,118.88,0.9
20460.0,1308.2,2.11,0.05,2.11,40.73434,-111.87210,25.1,21.5,876.2,118.24,1.1
20520.0,1308.0,2.53,0.05,2.53,40.73434,-111.87210,25.1,21.5,876.2,91.55,0.6
20580.0,1308.0,2.97,0.04,2.97,40.73434,-111.87210,25.1,21.5,876.2,107.52,0.4
20640.0,1308.0,2.96,0.05,2.96,40.73434,-111.87210,25.0,21.5,876.2,111.26,0.8
20700.0,1308.0,3.30,0.04,3.30,40.73434,-111.87210,25.0,21.5,876.3,131.49,1.2
20760.0,1308.2,2.90,0.05,2.90,40.73434,-111.87210,24.9,21.8,876.3,126.80,1.6
20820.0,1308.3,2.65,0.05,2.65,40.73434,-111.87210,24.9,22.0,876.3,127.76,1.3
20880.0,1308.5,1.68,0.04,1.68,40.73434,-111.87210,24.9,22.1,876.3,127.50,1.3
20940.0,1308.4,1.30,0.04,1.30,40.73434,-111.87211,24.8,22.3,876.3,121.64,1.4
21000.0,1308.5,1.48,0.04,1.48,40.73434,-111.87211,24.8,22.1,876.2,117.92,0.9
21060.0,1308.5,2.49,0.05,2.49,40.73434,-111.87211,24.8,21.9,876.3,128.16,1.2
21120.0,1308.3,2.56,0.05,2.56,40.73434,-111.87211,24.7,21.9,876.3,124.28,1.0
21180.0,1308.1,2.75,0.06,2.75,40.73434,-111.87211,24.7,21.8,876.3,107.34,0.7
21240.0,1308.2,2.26,0.05,2.26,40.73434,-111.87211,24.6,22.0,876.3,76.45,0.3
21300.0,1308.3,2.37,0.05,2.37,40.73434,-111.87211,24.6,22.0,876.3,128.63,0.3
21360.0,1308.4,1.61,0.05,1.61,40.73434,-111.87211,24.6,22.2,876.3,109.08,0.3
21420.0,1308.5,1.65,0.06,1.65,40.73434,-111.87211,24.6,22.2,876.2,119.95,0.2
21480.0,1308.6,1.30,0.05,1.30,40.73434,-111.87211,24.6,22.1,876.2,97.05,0.3
21540.0,1308.5,1.52,0.04,1.52,40.73434,-111.87211,24.6,21.8,876.2,108.31,0.5
21600.0,1308.3,1.58,0.05,1.58,40.73434,-111.87211,24.6,21.8,876.3,127.19,0.8
21660.0,1308.6,2.57,0.05,2.57,40.73434,-111.87211,24.6,22.0,876.3,120.97,0.5
21720.0,1309.1,2.93,0.05,2.93,40.73434,-111.87211,24.6,22.1,876.2,138.22,0.3
21780.0,1309.2,2.61,0.04,2.61,40.73434,-111.87211,24.6,21.9,876.2,114.42,0.5
21840.0,1309.3,2.04,0.05,2.04,40.73434,-111.87211,24.6,22.1,876.2,123.55,0.8
21900.0,1309.3,2.05,0.04,2.05,40.73434,-111.87211,24.5,22.2,876.2,132.27,1.0
21960.0,1309.5,2.22,0.05,2.22,40.73434,-111.87211,24.5,22.5,876.2,130.75,1.1
22020.0,1309.6,2.39,0.05,2.39,40.73434,-111.87211,24.4,22.7,876.3,130.64,1.2
22080.0,1309.5,2.09,0.04,2.09,40.73433,-111.87211,24.4,22.8,876.3,127.17,1.4
22140.0,1309.6,1.85,0.04,1.85,40.73433,-111.87211,24.4,23.3,876.2,117.31,0.9
22200.0,1309.7,2.07,0.05,2.07,40.73433,-111.87211,24.4,22.8,876.2,114.33,0.8
22260.0,1309.8,1.60,0.04,1.60,40.73433,-111.87211,24.3,23.1,876.3,123.58,1.4
22320.0,1309.8,1.89,0.04,1.89,40.73433,-111.87211,24.3,23.5,876.2,122.24,1.2
22380.0,1309.8,1.97,0.04,1.97,40.73433,-111.87211,24.3,23.1,876.3,117.19,1.0
22440.0,1309.7,2.09,0.04,2.09,40.73434,-111.87211,24.3,23.7,876.2,130.17,1.1
22500.0,1309.7,2.71,0.04,2.71,40.73434,-111.87211,24.3,23.7,876.2,137.32,1.4
22560.0,1309.8,2.19,0.05,2.19,40.73434,-111.87211,24.3,23.5,876.3,134.89,1.5
22620.0,1309.9,1.59,0.04,1.59,40.73434,-111.87211,24.4,24.2,876.3,135.50,1.2
22680.0,1309.8,1.43,0.05,1.43,40.73434,-111.87211,24.3,23.9,876.3,113.85,0.7
22740.0,1309.8,1.76,0.05,1.76,40.73434,-111.87211,24.4,23.4,876.2,79.34,0.2
22800.0,1309.7,2.23,0.05,2.23,40.73434,-111.87211,24.5,23.5,876.3,104.29,0.3
22860.0,1309.8,1.96,0.04,1.96,40.73434,-111.87211,24.6,23.3,876.3,126.60,0.8
22920.0,1309.6,2.18,0.05,2.18,40.73434,-111.87211,24.6,23.1,876.3,149.49,1.5
22980.0,1309.4,1.28,0.05,1.28,40.73434,-111.87211,24.6,22.9,876.3,149.53,1.5
23040.0,1309.5,0.93,0.05,0.93,40.73434,-111.87211,24.7,22.5,876.3,182.89,1.5
23100.0,1309.4,1.22,0.05,1.22,40.73434,-111.87211,24.8,22.1,876.3,150.31,1.0
23160.0,1309.1,1.48,0.05,1.48,40.73434,-111.87211,24.9,22.3,876.3,141.01,0.9
23220.0,1309.2,1.34,0.05,1.34,40.73434,-111.87211,24.9,22.8,876.3,91.24,0.5
23280.0,1309.2,1.36,0.05,1.36,40.73434,-111.87211,24.9,22.4,876.3,121.54,0.5
23340.0,1309.2,1.42,0.05,1.42,40.73434,-111.87211,24.9,22.1,876.3,118.57,0.4
23400.0,1309.0,1.92,0.05,1.92,40.73434,-111.87211,24.9,22.4,876.4,98.42,0.4
23460.0,1309.3,1.88,0.06,1.88,40.73434,-111.87211,25.0,22.2,876.4,131.22,0.9
23520.0,1309.2,2.25,0.05,2.25,40.73434,-111.87211,25.0,21.9,876.4,143.66,1.6
23580.0,1308.9,2.18,0.06,2.18,40.73434,-111.87211,24.9,23.0,876.4,152.06,2.2
23640.0,1308.9,2.38,0.06,2.38,40.73434,-111.87211,24.9,22.8,876.5,152.16,2.2
23700.0,1308.8,2.60,0.05,2.60,40.73434,-111.87211,24.9,24.0,876.5,136.58,1.2
23760.0,1308.8,2.43,0.05,2.43,40.73434,-111.87211,25.0,23.5,876.5,141.46,1.0
23820.0,1308.6,2.46,0.05,2.46,40.73434,-111.87211,24.9,23.3,876.5,137.16,1.2
23880.0,1308.4,2.34,0.05,2.34,40.73434,-111.87211,24.9,23.8,876.5,134.11,1.7
23940.0,1308.4,2.77,0.05,2.77,40.73434,-111.87211,24.8,23.6,876.5,131.97,1.6
24000.0,1308.4,2.95,0.05,2.95,40.73434,-111.87211,24.7,22.6,876.5,114.49,1.5
24060.0,1308.4,2.62,0.05,2.62,40.73434,-111.87211,24.7,22.3,876.5,124.68,1.2
24120.0,1308.5,2.30,0.05,2.30,40.73434,-111.87211,24.7,22.3,876.5,112.50,0.6
24180.0,1308.4,1.88,0.05,1.88,40.73434,-111.87211,24.7,22.1,876.5,111.11,0.8
24240.0,1308.0,2.25,0.05,2.25,40.73434,-111.87211,24.7,22.1,876.5,127.24,1.0
24300.0,1308.1,2.42,0.05,2.42,40.73434,-111.87211,24.7,22.5,876.5,128.28,1.2
24360.0,1308.1,2.27,0.05,2.27,40.73434,-111.87211,24.6,22.8,876.5,112.27,1.5
24420.0,1308.0,2.52,0.05,2.52,40.73434,-111.87211,24.6,22.5,876.5,107.11,1.0
24480.0,1307.8,3.38,0.04,3.38,40.73434,-111.87211,24.7,22.4,876.5,83.68,0.3
24540.0,1308.1,3.03,0.04,3.03,40.73434,-111.87211,24.7,22.4,876.4,138.36,0.8
24600.0,1308.4,2.84,0.04,2.84,40.73434,-111.87211,24.7,22.3,876.5,147.65,2.5
24660.0,1308.4,2.69,0.04,2.69,40.73434,-111.87211,24.9,22.5,876.5,157.36,1.0
24720.0,1308.4,2.75,0.04,2.75,40.73434,-111.87211,24.9,22.2,876.5,153.46,1.5
24780.0,1308.4,2.66,0.05,2.66,40.73434,-111.87211,24.8,22.5,876.6,144.19,3.1
24840.0,1308.4,2.50,0.03,2.50,40.73434,-111.87210,24.8,22.6,876.5,123.24,1.0
24900.0,1308.3,2.26,0.04,2.26,40.73434,-111.87211,24.8,22.2,876.5,104.89,1.8
24960.0,1308.3,2.13,0.04,2.13,40.73434,-111.87211,24.8,21.6,876.5,106.66,1.9
25020.0,1308.4,2.34,0.04,2.34,40.73434,-111.87210,24.8,21.9,876.5,110.52,1.8
