CampaignData_and_Merges/R0/CSL_MobileLab_Parked/raw/20240809/USOS-Picarro-CO2-CH4-CO-H2O_MobileLabGround_20240809_R0.ict
38, 1001
Ilana Pollack, Nell Schafer, and Jeff Peischl
NOAA Chemical Sciences Laboratory
Picarro 2401-m CO2/CH4/CO/H2O Analyzer
USOS
1, 1
2024, 08, 09, 2024, 11, 20
0
StartTime_UTC, seconds_past_midnight, seconds past midnight
5
1, 1, 1, 1, 1
-9999, -9999, -9999, -9999, -9999
StopTime_UTC, seconds_past_midnight, seconds past midnight
CO2_ppm_1min, ppm, Gas_CO2_InSitu_S_DMF, carbon dioxide mixing ratio
CH4_ppb_1min, ppb, Gas_CH4_InSitu_S_DMF, methane mixing ratio
CO_ppb_1min, ppb, Gas_CO_InSitu_S_DMF, carbon monoxide mixing ratio
H2O_ppmv_1min, ppmv, Met_H2OMRV_InSitu_S_AVMR, water vapor mixing ratio
1
SPECIAL COMMENTS: N/A
18
PI_CONTACT_INFO: Address: NOAA Chemical Sciences Laboratory, Mail Stop CSL7, 325 Broadway, Boulder, CO 80305; Email: Ilana.Pollack@noaa.gov
PLATFORM: NOAA CSL Mobile Laboratory
LOCATION: The mobile lab was stationed in Salt Lake City, Utah.
ASSOCIATED_DATA: N/A
INSTRUMENT_INFO: CO2, CH4, and CO are reported as dry air mole fractions using a commercial wavelength-scanned cavity ring-down analyzer (Picarro 2401-m). An in-field calibration gas standard of 432±0.07 ppm CO2, 2095±1 ppb CH4, and 183±1 ppb CO, calibrated in the Boulder laboratories before and after the field project using primary CO2, CH4, and CO standard tanks tied to the WMO standard (X2019, X2004A, and X2014A, respectively) from the Global Monitoring Laboratory (GML), was delivered to the inlet every 2-3 days to evaluate instrument sensitivity. A H2O measurement was calibrated before the project with a Dew Point Mirror 373 hygrometer. The water correction calculated from these calibrations was applied to the H2O measurement for the entire campaign. Species are measured at 0.5 Hz and reported as 1-minute averages for stationary measurements.
DATA_INFO: Units: CO2, ppm, dry air mole fraction; CH4, ppb, dry air mole fraction; CO, ppb, dry air mole fraction; H2O, ppmv
UNCERTAINTY: Total uncertainties are estimated as ±0.1 ppm for CO2, ±1 ppb for CH4, ±5 ppb for CO, and ±(50 ppm + 4%) for H2O.
ULOD_FLAG: -7777
ULOD_VALUE: N/A
LLOD_FLAG: -8888
LLOD_VALUE: N/A
DM_CONTACT_INFO: Data Manager: Nathan Howard; nathan.h.howard@noaa.gov
PROJECT_INFO: USOS Dates of Study: July – August 2024
STIPULATIONS_ON_USE: Use of these data require prior ok from PI.
OTHER_COMMENTS: Data are averaged to 1 minute intervals. Stationary data collected from a 10 ft tower on top of the mobile van.
REVISION: R0
R0: Final Data
StartTime_UTC, StopTime_UTC, CO2_ppm_1min, CH4_ppb_1min, CO_ppb_1min, H2O_ppmv_1min
[from data line 1156]
69360,69420,428.72,1951.8,163.1,12887.5361
69420,69480,427.82,1952.4,169.6,12701.8203
69480,69540,427.23,1952.7,150.7,12714.7168
69540,69600,426.86,1950.3,148.6,12425.8809
69600,69660,427.30,1952.3,156.6,12613.6211
69660,69720,427.50,1952.5,155.2,12783.3574
69720,69780,428.44,1953.1,177.7,13006.3486
69780,69840,426.98,1949.6,150.4,12250.6504
69840,69900,426.55,1948.9,139.7,12003.7939
69900,69960,426.68,1949.9,143.6,12380.4619
69960,70020,427.86,1950.7,147.3,12686.5654
70020,70080,426.92,1949.7,140.7,12439.3828
70080,70140,427.17,1950.1,142.7,12614.8008
70140,70200,427.57,1950.3,155.6,12604.8281
70200,70260,427.27,1950.5,148.0,12738.4004
70260,70320,427.46,1950.8,148.0,12733.6602
70320,70380,427.43,1950.6,148.8,12705.3242
70380,70440,427.18,1950.6,145.1,12568.7979
70440,70500,427.48,1950.4,145.6,12602.4287
70500,70560,426.90,1949.8,143.4,12342.9873
70560,70620,427.15,1950.5,145.1,12549.8584
70620,70680,426.73,1950.8,145.1,12532.6396
70680,70740,427.17,1950.9,150.2,12578.2900
70740,70800,426.82,1949.6,138.7,12036.8906
70800,70860,426.63,1949.3,138.0,11956.8418
70860,70920,427.26,1950.0,144.4,12574.0498
70920,70980,426.44,1949.0,140.1,11986.3018
70980,71040,426.13,1948.5,137.1,11764.6436
71040,71100,425.86,1948.5,138.8,11943.2520
71100,71160,425.21,1948.8,140.7,12749.8291
71160,71220,426.00,1949.4,150.9,13837.1729
71220,71280,427.43,1949.8,152.3,12585.2266
71280,71340,426.91,1951.4,148.4,12657.4492
71340,71400,427.25,1952.0,152.2,12927.2021
71400,71460,428.07,1952.0,164.6,12741.2344
71460,71520,429.80,1951.7,177.9,12529.8652
71520,71580,429.36,1951.4,169.3,12668.8838
71580,71640,427.66,1951.1,153.6,12433.9814
71640,71700,429.79,1951.7,192.6,13608.5840
71700,71760,429.78,1951.6,176.7,12703.3213
71760,71820,427.25,1950.4,148.5,12297.9629
71820,71880,426.70,1950.5,148.1,12367.8447
71880,71940,426.21,1949.8,148.6,11962.1729
71940,72000,426.48,1950.4,151.1,12052.4668
72000,72060,428.88,1951.6,171.0,12143.7783
72060,72120,428.66,1949.4,160.8,11646.9170
72120,72180,427.53,1948.4,153.8,11328.4229
72180,72240,431.84,1948.4,163.4,11710.6406
72240,72300,433.08,1949.5,181.5,11591.4268
72300,72360,427.70,1949.6,158.3,11767.0127
72360,72420,428.21,1949.6,159.5,11280.3467
72420,72480,425.51,1949.5,155.0,11927.7490
72480,72540,425.29,1949.3,151.8,11555.6982
72540,72600,425.09,1949.4,155.6,11548.6191
72600,72660,428.17,1949.8,163.6,11543.1201
72660,72720,426.38,1950.4,155.2,11744.9014
72720,72780,426.28,1950.3,149.3,11733.0049
72780,72840,426.32,1950.4,147.8,11833.3457
72840,72900,427.10,1951.9,169.4,12244.1982
72900,72960,427.82,1951.5,165.5,12416.8350
72960,73020,428.36,1950.6,169.4,12625.9648
73020,73080,425.67,1949.9,151.5,12247.7559
73080,73140,427.71,1950.7,157.9,12181.5176
73140,73200,432.27,1951.3,180.5,12359.6660
73200,73260,429.78,1950.8,167.9,11887.9170
73260,73320,429.29,1950.7,163.6,11809.5986
73320,73380,430.12,1950.7,162.7,11711.3789
73380,73440,432.75,1951.6,177.6,12015.4307
73440,73500,426.80,1951.4,152.8,11903.3887
73500,73560,426.29,1951.7,150.6,11930.4707
73560,73620,426.15,1952.3,149.0,11780.7920
73620,73680,426.13,1951.0,149.3,11718.7598
73680,73740,426.16,1951.2,149.4,11816.9766
73740,73800,425.88,1951.2,150.2,12456.9678
73800,73860,429.76,1951.4,167.6,12198.0146
73860,73920,434.92,1952.6,196.7,12311.0967
73920,73980,429.84,1952.1,168.8,11957.3340
73980,74040,427.40,1951.9,159.4,11951.7988
74040,74100,426.57,1951.1,152.7,11852.7285
74100,74160,427.55,1951.4,159.7,11986.2344
74160,74220,427.30,1951.4,159.3,11868.5986
74220,74280,427.49,1952.1,163.5,12123.7139
74280,74340,427.47,1952.7,152.7,12477.6680
74340,74400,427.71,1953.5,157.5,12632.5859
74400,74460,428.21,1954.6,163.5,12831.6699
74460,74520,429.28,1955.8,171.9,12976.7041
74520,74580,429.64,1955.5,170.2,13042.4922
74580,74640,428.94,1955.0,164.6,12956.3203
74640,74700,428.95,1954.6,165.7,12791.5186
74700,74760,429.50,1955.6,169.3,13008.5771
74760,74820,428.57,1954.7,163.2,12670.9043
74820,74880,428.25,1953.4,163.1,12322.7686
74880,74940,428.67,1954.6,168.5,12610.9053
74940,75000,428.22,1954.9,172.3,13193.0156
75000,75060,428.13,1954.2,167.7,12556.2979
75060,75120,427.79,1954.7,162.3,12761.7188
75120,75180,428.36,1955.1,163.3,12764.2783
75180,75240,428.79,1956.9,166.9,12747.0254
75240,75300,428.86,1956.9,166.9,12559.2070
75300,75360,428.70,1956.0,163.8,12690.3633
75360,75420,428.88,1954.8,162.7,12606.5996
75420,75480,428.32,1953.7,165.3,12639.1787
75480,75540,428.72,1953.7,164.5,12642.3926
75540,75600,428.49,1952.3,165.1,12330.1982
75600,75660,427.83,1951.1,159.9,12210.9639
75660,75720,427.81,1951.0,156.9,12161.8857
75720,75780,427.77,1951.3,159.1,12262.3164
75780,75840,427.56,1951.7,155.6,12274.1592
75840,75900,427.70,1951.9,158.1,12438.6328
75900,75960,428.39,1952.3,167.0,12710.1563
75960,76020,428.15,1952.7,162.8,12575.3926
76020,76080,427.85,1952.5,159.3,12522.4385
76080,76140,427.35,1951.8,157.9,12294.7998
76140,76200,432.62,1952.4,203.9,12683.8301
76200,76260,432.47,1952.3,209.3,12777.9160
76260,76320,430.55,1953.8,203.8,12851.8965
76320,76380,429.61,1954.4,174.2,12724.6787
76380,76440,428.44,1953.6,165.1,12748.5205
76440,76500,430.94,1953.8,169.8,12606.2861
76500,76560,426.91,1953.2,152.4,12547.3184
76560,76620,426.83,1953.4,155.5,12605.8359
76620,76680,427.62,1955.5,176.4,12947.4043
76680,76740,427.93,1954.5,173.3,13001.4082
76740,76800,428.85,1953.2,166.1,12711.3027
76800,76860,427.26,1951.5,148.3,11806.4482
76860,76920,428.16,1951.4,165.7,11858.3525
76920,76980,431.43,1948.3,189.8,11394.6748
76980,77040,431.01,1947.5,178.0,11075.5859
77040,77100,429.75,1945.1,151.5,10591.2705
77100,77160,428.54,1940.8,134.8,9274.0469
77160,77220,430.16,1940.6,232.7,8930.1553
77220,77280,428.36,1938.4,154.4,8484.8643
77280,77340,427.38,1937.4,123.3,8022.4966
77340,77400,427.71,1938.3,127.0,8236.7832
77400,77460,427.48,1938.2,125.6,8227.5420
77460,77520,426.00,1938.0,120.7,8271.3613
77520,77580,426.67,1938.4,126.7,8220.5303
77580,77640,426.84,1939.2,138.8,8570.4590
77640,77700,-9999,-9999,-9999,-9999
77700,77760,-9999,-9999,-9999,-9999
77760,77820,-9999,-9999,-9999,-9999
77820,77880,-9999,-9999,-9999,-9999
77880,77940,-9999,-9999,-9999,-9999
77940,78000,-9999,-9999,-9999,-9999
78000,78060,-9999,-9999,-9999,-9999
78060,78120,-9999,-9999,-9999,-9999
78120,78180,-9999,-9999,-9999,-9999
78180,78240,-9999,-9999,-9999,-9999
78240,78300,-9999,-9999,-9999,-9999
78300,78360,-9999,-9999,-9999,-9999
78360,78420,-9999,-9999,-9999,-9999
78420,78480,-9999,-9999,-9999,-9999
78480,78540,-9999,-9999,-9999,-9999
78540,78600,-9999,-9999,-9999,-9999
78600,78660,-9999,-9999,-9999,-9999
78660,78720,-9999,-9999,-9999,-9999
78720,78780,-9999,-9999,-9999,-9999
78780,78840,-9999,-9999,-9999,-9999
78840,78900,-9999,-9999,-9999,-9999
78900,78960,-9999,-9999,-9999,-9999
78960,79020,-9999,-9999,-9999,-9999
79020,79080,-9999,-9999,-9999,-9999
79080,79140,-9999,-9999,-9999,-9999
79140,79200,-9999,-9999,-9999,-9999
79200,79260,-9999,-9999,-9999,-9999
79260,79320,-9999,-9999,-9999,-9999
79320,79380,-9999,-9999,-9999,-9999
79380,79440,-9999,-9999,-9999,-9999
79440,79500,-9999,-9999,-9999,-9999
79500,79560,-9999,-9999,-9999,-9999
79560,79620,427.30,1937.6,131.6,7948.0771
79620,79680,427.25,1937.7,128.8,8037.4307
79680,79740,425.74,1936.7,118.9,7870.5620
79740,79800,425.93,1935.6,117.0,7582.0669
79800,79860,425.41,1935.0,106.8,7414.5254
79860,79920,425.64,1935.3,106.7,7405.2603
79920,79980,430.59,1935.8,123.7,7818.7163
79980,80040,427.22,1935.2,114.0,7413.7046
80040,80100,428.54,1935.8,140.0,7386.6387
80100,80160,426.91,1935.5,119.0,7671.6304
80160,80220,426.24,1935.5,116.8,7241.1050
80220,80280,425.55,1934.9,106.3,7494.0229
80280,80340,427.24,1935.6,115.0,7753.5752
80340,80400,426.49,1935.2,121.0,7298.0146
80400,80460,426.53,1935.7,126.5,7456.3149
80460,80520,426.45,1935.1,125.1,7506.0420
80520,80580,426.80,1934.6,113.8,7417.9883
80580,80640,426.67,1934.6,125.1,7346.6167
80640,80700,428.61,1935.7,151.2,7793.5435
80700,80760,428.43,1935.9,127.7,7607.9609
80760,80820,428.10,1935.0,124.0,7736.0474
80820,80880,427.29,1935.0,124.1,7651.5122
80880,80940,427.84,1935.4,123.3,7595.8330
80940,81000,429.55,1935.9,136.8,7724.2046
81000,81060,429.92,1934.6,130.6,7707.2715
81060,81120,428.53,1934.9,122.2,7783.8882
81120,81180,428.77,1935.2,128.1,7630.1514
81180,81240,430.65,1935.7,134.9,8270.9990
81240,81300,434.07,1935.3,135.5,8422.7070
81300,81360,430.07,1934.6,123.4,7948.9214
81360,81420,426.32,1934.4,113.3,7591.8262
81420,81480,426.81,1934.7,111.6,7515.7119
81480,81540,429.78,1935.2,131.9,7964.4902
81540,81600,429.61,1934.7,152.6,7881.1387
81600,81660,425.48,1933.3,107.5,7434.4111
81660,81720,429.19,1934.2,131.5,8081.1489
81720,81780,430.82,1934.9,168.5,7952.9453
81780,81840,429.10,1935.3,136.5,7699.6973
81840,81900,432.43,1935.7,165.2,8056.5127
81900,81960,431.12,1937.0,161.6,8370.7813
81960,82020,426.90,1938.3,129.4,8394.1885
82020,82080,427.96,1939.2,140.0,8693.2148
82080,82140,428.73,1939.3,142.5,8590.3818
82140,82200,428.18,1939.2,143.8,9011.9482
82200,82260,427.22,1939.1,127.0,8584.4922
82260,82320,428.17,1939.0,130.3,8602.4590
82320,82380,426.76,1939.2,128.0,8684.0332
82380,82440,428.05,1941.8,148.9,9164.3564
82440,82500,427.73,1940.7,235.4,8924.7432
82500,82560,426.51,1939.4,127.5,8563.5723
82560,82620,427.14,1939.6,130.0,8712.5176
82620,82680,427.77,1940.6,141.2,8910.5469
82680,82740,428.09,1943.1,150.8,9813.3945
82740,82800,427.46,1942.8,143.6,10362.2598
82800,82860,427.86,1944.0,147.6,10470.5166
82860,82920,427.86,1944.7,147.4,10561.7012
82920,82980,427.85,1945.1,146.0,10560.7734
82980,83040,428.33,1944.1,149.2,10458.5146
83040,83100,427.28,1942.3,140.4,10306.1006
83100,83160,427.13,1942.0,145.2,10340.8164
83160,83220,427.57,1942.8,142.2,10714.2695
83220,83280,429.15,1943.6,149.3,10875.2900
83280,83340,428.33,1944.2,146.2,10909.0195
83340,83400,428.68,1944.4,147.1,10920.2217
83400,83460,428.80,1944.2,150.2,11080.8408
83460,83520,429.93,1945.2,159.0,11108.2246
83520,83580,428.23,1944.0,147.1,10944.0537
83580,83640,428.55,1943.4,147.1,10878.5850
83640,83700,429.15,1943.4,151.8,10933.3672
83700,83760,429.43,1943.6,152.5,10634.3213
83760,83820,429.92,1944.9,160.8,10957.6074
83820,83880,430.40,1946.0,160.4,11000.8721
83880,83940,429.03,1944.8,151.6,10215.1123
83940,84000,428.52,1945.0,149.8,10051.4395
84000,84060,427.86,1944.5,145.5,9851.9238
84060,84120,429.62,1945.7,150.7,10169.8994
84120,84180,429.05,1946.2,157.0,10215.0938
84180,84240,429.72,1946.0,164.1,10190.6826
84240,84300,429.96,1945.3,164.2,10194.8174
84300,84360,429.11,1945.2,150.3,9973.1367
84360,84420,428.05,1942.5,140.2,9448.6572
84420,84480,428.05,1942.5,135.7,9316.6123
84480,84540,428.21,1943.6,151.0,9359.3877
84540,84600,428.52,1944.9,147.4,9540.6123
84600,84660,428.38,1945.4,151.5,9325.8809
84660,84720,428.62,1946.4,163.2,9409.8848
84720,84780,428.78,1947.8,195.7,9519.1270
84780,84840,429.02,1951.6,310.9,9585.8291
84840,84900,429.06,1947.9,213.1,9651.7646
84900,84960,430.47,1946.7,176.6,9685.3896
84960,85020,428.46,1943.8,139.6,9359.9307
85020,85080,427.77,1943.6,131.5,9258.2432
85080,85140,428.74,1944.7,141.9,9478.2031
85140,85200,429.04,1946.1,147.6,9641.1650
85200,85260,430.12,1947.3,160.0,9883.7715
85260,85320,430.15,1946.6,156.9,9882.8096
85320,85380,430.03,1946.8,160.7,9926.5146
85380,85440,430.37,1947.2,163.3,10048.7051
85440,85500,430.76,1948.8,170.3,10186.1230
85500,85560,431.45,1948.8,175.8,10411.6133
85560,85620,431.19,1948.6,181.4,10197.2607
85620,85680,430.37,1947.5,173.5,10158.5586
85680,85740,430.18,1946.1,175.3,10007.6172
85740,85800,429.69,1945.2,173.4,9882.7139
85800,85860,431.13,1946.9,184.5,10081.0371
85860,85920,431.99,1947.7,195.6,10220.3164
85920,85980,433.09,1949.4,191.3,10449.9727
85980,86040,432.33,1951.2,173.5,10195.0898
86040,86100,432.64,1951.3,175.0,10205.5078
86100,86160,432.71,1951.0,177.5,10238.6064
86160,86220,432.22,1950.4,174.5,10371.6035
86220,86280,429.63,1949.3,151.2,10699.2500
86280,86340,428.36,1949.0,177.7,11123.0088
86340,86400,429.46,1951.9,208.9,12033.0068
