CampaignData_and_Merges/R0/CSL_MobileLab_Parked/raw/20240809/USOS-NOAAIodideCIMS-Halogens_MobileLabGround_20240809_RA.ict
38, 1001
Michael A Robinson, Chris Jernigan, Subi Thakali
NOAA ESRL Chemical Sciences Laboratory and CIRES, U. of Colorado
NOAA Iodide CIMS Instrument
USOS
1, 1
2024, 08, 09, 2024, 08, 10
1
starttime_UTC, seconds_past_midnight, seconds_of_day_since_00:00:00_UTC
6
1, 1, 1, 1, 1, 1
-9999, -9999, -9999, -9999, -9999, -9999
Br2_NOAACIMS, pptv, Gas_Br2_InSitu_S_AVMR, 
BrO_NOAACIMS, pptv, Gas_BrO_InSitu_S_AVMR, 
Cl2_NOAACIMS, pptv, Gas_Cl2_InSitu_S_AVMR, 
ClNO2_NOAACIMS, pptv, Gas_ClNO2_InSitu_S_AVMR, 
BrCl_NOAACIMS, pptv, Gas_BrCl_InSitu_S_AVMR, 
NCl3_NOAACIMS, pptv, Gas_NCl3_InSitu_S_AVMR, 
0
18
PI_CONTACT_INFO: 325 Broadway, R/CSD 7, Boulder, Colorado 80305; michael.a.robinson@noaa.gov; chris.jernigan@noaa.gov;
PLATFORM: NOAA CSL Mobile Lab
LOCATION: SLC, Utah
ASSOCIATED_DATA: 1Hz data also available on request.
INSTRUMENT_INFO: NOAA I- ToF CIMS
DATA_INFO: All data in parts per trillion by volume (pptv). 1 Hz data is available upon request.
UNCERTAINTY: TBD
ULOD_FLAG: -7777
ULOD_VALUE: N/A
LLOD_FLAG: -8888
LLOD_VALUE: N/A
DM_CONTACT_INFO: Nathan Howard; nathan.h.howard@noaa.gov
PROJECT_INFO: USOS, summer 2024. https://csl.noaa.gov/groups/csl7/measurements/2024usos/
STIPULATIONS_ON_USE: Users are strongly encouraged to contact the PI for proper data usage.
OTHER_COMMENTS: 
REVISION: RA
RA: Preliminary Data; For in-field use only
starttime_UTC, Br2_NOAACIMS, BrO_NOAACIMS, Cl2_NOAACIMS, ClNO2_NOAACIMS, BrCl_NOAACIMS, NCl3_NOAACIMS
[from data line 1085]
 65100,  1.131,  0.059,  0.903,  0.108,  0.232,  0.023
 65160,  1.039,  0.048,  0.802,  0.156,  0.234,  0.042
 65220,  1.072,  0.020,  0.838,  0.084,  0.163,  0.027
 65280,  0.877,  0.036,  0.656,  0.051,  0.156, -0.032
 65340,  0.946,  0.020,  0.794,  0.090,  0.199,  0.008
 65400,  1.053,  0.035,  0.831,  0.087,  0.159, -0.023
 65460,  1.025,  0.026,  0.805,  0.094,  0.171,  0.026
 65520,  0.791, -0.018,  0.740,  0.079,  0.130, -0.025
 65580,  1.048,  0.064,  0.794,  0.080,  0.199,  0.038
 65640,  0.890, -0.012,  0.994,  0.070,  0.143,  0.047
 65700,  1.011,  0.059,  0.874,  0.067,  0.136, -0.014
 65760,  1.129,  0.025,  0.970,  0.097,  0.173,  0.115
 65820,  1.033,  0.029,  1.128,  0.123,  0.200,  0.109
 65880,  1.066,  0.087,  0.993,  0.095,  0.149,  0.055
 65940,  1.041,  0.035,  1.009,  0.090,  0.178,  0.027
 66000,  0.986,  0.067,  0.908,  0.057,  0.133, -0.025
 66060,  1.013,  0.014,  0.942,  0.024,  0.138,  0.098
 66120,  1.002,  0.115,  0.960,  0.097,  0.115,  0.059
 66180,  1.064,  0.074,  1.034,  0.087,  0.123,  0.071
 66240,  1.081,  0.101,  0.974,  0.099,  0.131,  0.020
 66300,  1.118,  0.000,  0.890,  0.057,  0.103, -0.014
 66360,  1.101,  0.029,  0.925,  0.057,  0.096,  0.070
 66420,  0.936,  0.027,  0.776,  0.065,  0.083,  0.005
 66480,  1.099,  0.084,  0.974,  0.090,  0.088,  0.061
 66540,  0.942,  0.008,  1.176,  0.110,  0.129,  0.002
 66600,  0.738,  0.389,  0.801,  0.004,  0.178, -0.113
 66660,  1.022,  0.051,  0.888,  0.071,  0.137,  0.025
 66720,  0.992,  0.040,  0.977,  0.089,  0.086,  0.027
 66780,  0.980,  0.012,  0.811,  0.076,  0.103,  0.121
 66840,  1.001,  0.057,  0.907,  0.086,  0.144,  0.067
 66900,  1.093,  0.045,  1.089,  0.083,  0.099,  0.036
 66960,  1.023,  0.011,  0.799,  0.078,  0.140,  0.005
 67020,  0.940,  0.031,  0.774,  0.060,  0.113,  0.011
 67080,  0.859,  0.020,  0.848,  0.055,  0.102,  0.042
 67140,  1.015,  0.045,  0.839,  0.076,  0.150,  0.071
 67200,  1.070,  0.052,  0.931,  0.098,  0.106,  0.091
 67260,  1.005,  0.031,  0.928,  0.064,  0.146,  0.057
 67320,  0.782,  0.070,  0.755,  0.080,  0.085,  0.018
 67380,  1.043,  0.090,  0.873,  0.083,  0.124,  0.058
 67440,  1.003,  0.021,  0.816,  0.088,  0.104,  0.020
 67500,  0.979,  0.017,  0.896,  0.084,  0.096,  0.085
 67560,  1.002,  0.001,  0.842,  0.077,  0.142,  0.053
 67620,  0.950,  0.053,  0.946,  0.089,  0.127,  0.113
 67680,  0.583, -0.060,  0.813,  0.051,  0.059, -0.034
 67740,  1.050,  0.023,  1.096,  0.057,  0.163,  0.065
 67800,  0.994,  0.004,  0.880,  0.045,  0.109,  0.113
 67860,  0.945,  0.001,  0.893,  0.044,  0.168,  0.040
 67920,  0.963,  0.021,  0.758,  0.068,  0.116,  0.026
 67980,  1.025, -0.012,  0.971,  0.087,  0.103,  0.013
 68040,  0.835, -0.042,  0.970,  0.068,  0.142,  0.025
 68100,  0.815, -0.089,  0.802,  0.048,  0.098, -0.034
 68160,  0.620, -0.063,  0.762,  0.027,  0.054, -0.047
 68220,  1.019, -0.070,  0.751,  0.047,  0.118,  0.014
 68280,  0.993,  0.002,  0.958,  0.048,  0.115,  0.046
 68340,  1.051,  0.069,  0.976,  0.051,  0.129,  0.104
 68400,  0.905, -0.055,  0.847,  0.058,  0.111,  0.178
 68460,  0.997,  0.029,  0.891,  0.072,  0.219,  0.139
 68520,  0.745, -0.006,  0.925,  0.073,  0.111, -0.021
 68580,  0.882, -0.015,  0.897,  0.060,  0.169,  0.053
 68640,  1.029, -0.007,  0.705,  0.065,  0.109,  0.027
 68700,  0.987, -0.027,  0.901,  0.089,  0.154,  0.073
 68760,  1.098, -0.000,  0.885,  0.063,  0.175,  0.011
 68820,  1.019, -0.015,  0.947,  0.081,  0.107,  0.035
 68880,  0.991, -0.004,  0.919,  0.039,  0.169,  0.049
 68940,  0.975, -0.030,  0.836,  0.063,  0.087, -0.071
 69000,  0.891, -0.059,  0.884,  0.104,  0.126,  0.001
 69060,  0.633, -0.004,  0.971,  0.071,  0.102, -0.036
 69120,  0.994,  0.046,  1.056,  0.068,  0.078,  0.005
 69180,  0.914, -0.006,  1.069,  0.056,  0.115,  0.074
 69240,  0.982, -0.064,  1.004,  0.090,  0.144,  0.028
 69300,  0.843,  0.009,  0.889,  0.088,  0.124, -0.029
 69360,  0.819, -0.012,  0.860,  0.061,  0.113, -0.050
 69420,  0.837, -0.025,  1.100,  0.109,  0.125,  0.009
 69480,  0.736, -0.044,  1.022,  0.034,  0.120, -0.013
 69540,  0.733,  0.005,  0.984,  0.037,  0.144, -0.042
 69600,  0.777, -0.013,  0.997,  0.056,  0.111, -0.054
 69660,  0.820, -0.007,  1.038,  0.055,  0.088, -0.043
 69720,  0.687, -0.039,  1.066,  0.094,  0.096, -0.042
 69780,  0.899,  0.030,  1.009,  0.067,  0.126, -0.044
 69840,  0.866,  0.042,  1.043,  0.079,  0.144, -0.000
 69900,  0.827, -0.015,  1.044,  0.077,  0.138, -0.071
 69960,  0.788,  0.048,  1.026,  0.053,  0.110, -0.031
 70020,  0.773, -0.015,  0.982,  0.044,  0.094, -0.073
 70080,  0.810,  0.057,  1.057,  0.032,  0.070, -0.009
 70140,  0.824,  0.045,  1.119,  0.067,  0.128, -0.075
 70200,  0.906,  0.060,  1.089,  0.061,  0.051, -0.027
 70260, -9999.000, -9999.000, -9999.000, -9999.000, -9999.000, -9999.000
 70320,  0.660,  0.212,  1.150,  0.106,  0.111,  0.002
 70380,  0.624,  0.029,  1.036,  0.076,  0.054, -0.035
 70440,  0.819,  0.068,  1.146,  0.063,  0.123, -0.015
 70500,  0.748, -0.024,  1.243,  0.069,  0.108, -0.066
 70560,  0.755, -0.014,  1.219,  0.104,  0.099, -0.009
 70620,  0.791,  0.006,  1.255,  0.036,  0.120, -0.039
 70680,  0.812,  0.073,  1.040,  0.043,  0.104,  0.012
 70740,  0.812,  0.045,  1.057,  0.057,  0.077, -0.039
 70800,  0.911,  0.066,  1.003,  0.026,  0.149, -0.005
 70860,  1.002,  0.046,  1.192,  0.063,  0.130, -0.026
 70920,  0.839,  0.070,  1.153,  0.079,  0.123,  0.003
 70980,  0.784,  0.103,  0.996,  0.058,  0.153,  0.049
 71040,  0.818,  0.026,  1.186,  0.081,  0.191,  0.045
 71100,  0.895,  0.014,  1.278,  0.066,  0.199,  0.019
 71160,  0.850,  0.018,  1.050,  0.069,  0.136,  0.035
 71220,  0.773,  0.095,  1.221,  0.062,  0.154,  0.020
 71280,  0.709,  0.084,  1.574,  0.081,  0.190,  0.158
 71340,  0.827,  0.017,  1.424,  0.058,  0.197,  0.060
 71400,  0.830,  0.040,  1.233,  0.038,  0.152,  0.076
 71460,  0.778,  0.043,  1.141,  0.050,  0.153, -0.008
 71520,  0.862, -0.001,  1.039,  0.041,  0.147,  0.057
 71580,  0.899,  0.050,  1.086,  0.058,  0.160,  0.077
 71640,  0.914,  0.042,  1.190,  0.034,  0.190,  0.078
 71700,  0.945,  0.072,  1.134,  0.038,  0.132,  0.116
 71760,  0.864,  0.010,  1.018,  0.056,  0.243,  0.093
 71820,  0.892,  0.045,  1.188,  0.017,  0.181,  0.109
 71880,  0.817,  0.063,  1.184,  0.046,  0.164,  0.084
 71940,  0.850,  0.096,  1.165,  0.028,  0.159,  0.129
 72000,  0.700,  0.045,  1.231,  0.031,  0.149,  0.078
 72060,  0.409,  0.024,  0.969,  0.020,  0.148,  0.100
 72120, -9999.000, -9999.000, -9999.000, -9999.000, -9999.000, -9999.000
 72180,  0.746,  0.001,  0.821, -0.006,  0.174,  0.115
 72240,  0.907,  0.097,  0.945, -0.007,  0.106,  0.116
 72300,  0.589,  0.032,  0.892, -0.005,  0.122,  0.071
 72360,  0.912,  0.043,  0.968,  0.020,  0.184,  0.111
 72420,  0.782,  0.022,  1.016,  0.050,  0.146,  0.075
 72480,  0.968,  0.076,  0.984,  0.042,  0.177,  0.175
 72540,  0.971,  0.015,  1.107,  0.029,  0.204,  0.098
 72600,  1.034,  0.087,  1.094,  0.065,  0.223,  0.092
 72660,  0.920,  0.033,  1.168,  0.051,  0.223,  0.083
 72720,  0.760,  0.001,  1.724,  0.004,  0.111,  0.145
 72780,  0.913,  0.030,  1.049,  0.019,  0.170,  0.066
 72840,  0.824,  0.004,  1.078,  0.024,  0.117,  0.093
 72900,  0.887,  0.047,  1.228,  0.035,  0.183,  0.133
 72960,  0.870, -0.002,  1.052,  0.030,  0.156,  0.065
 73020,  0.884,  0.010,  1.126,  0.065,  0.191,  0.078
 73080,  0.814, -0.024,  1.028,  0.015,  0.127,  0.068
 73140,  0.902, -0.003,  1.011,  0.042,  0.164,  0.074
 73200,  0.880, -0.022,  0.936,  0.041,  0.190,  0.112
 73260,  1.055,  0.022,  0.959,  0.043,  0.169,  0.094
 73320,  0.923, -0.009,  1.003,  0.030,  0.114,  0.072
 73380,  1.006, -0.029,  1.112,  0.019,  0.132,  0.062
 73440,  1.044, -0.068,  1.389,  0.045,  0.155,  0.164
 73500,  1.088, -0.017,  1.333,  0.082,  0.167,  0.161
 73560,  1.028, -0.043,  1.351,  0.069,  0.169,  0.248
 73620,  0.914, -0.051,  1.161,  0.054,  0.190,  0.093
 73680,  0.954, -0.040,  1.106,  0.075,  0.184,  0.156
 73740,  1.171,  0.043,  1.048,  0.012,  0.159,  0.134
 73800,  0.870, -0.056,  1.172,  0.005,  0.131,  0.059
 73860,  1.127, -0.067,  1.116,  0.042,  0.166,  0.096
 73920,  0.647, -0.119,  0.894,  0.002,  0.107,  0.024
 73980, -9999.000, -9999.000, -9999.000, -9999.000, -9999.000, -9999.000
 74040,  0.577, -0.080,  1.117,  0.034,  0.069,  0.037
 74100,  0.901, -0.066,  1.113,  0.041,  0.221,  0.107
 74160,  1.008, -0.017,  1.138,  0.016,  0.159,  0.085
 74220,  0.954, -0.043,  1.278,  0.054,  0.173,  0.065
 74280,  1.016,  0.014,  1.177,  0.035,  0.121,  0.079
 74340,  1.014,  0.013,  1.410,  0.057,  0.092,  0.100
 74400,  0.918, -0.005,  1.459,  0.042,  0.156,  0.151
 74460,  0.983,  0.043,  1.581,  0.054,  0.123,  0.084
 74520,  0.819,  0.017,  1.498,  0.061,  0.119,  0.138
 74580,  0.967, -0.048,  1.312,  0.055,  0.107,  0.119
 74640,  0.570, -0.060,  1.088,  0.044,  0.080,  0.036
 74700,  0.909, -0.026,  1.355,  0.055,  0.124,  0.176
 74760,  0.950,  0.013,  1.261,  0.055,  0.119,  0.120
 74820,  0.992,  0.072,  1.092,  0.050,  0.115,  0.101
 74880,  0.909,  0.017,  1.156,  0.063,  0.116,  0.027
 74940,  0.898, -0.042,  1.320,  0.077,  0.163,  0.076
 75000,  0.981,  0.004,  1.277,  0.063,  0.094,  0.091
 75060,  1.084, -0.015,  1.352,  0.110,  0.136,  0.079
 75120,  0.967, -0.031,  1.339,  0.097,  0.137,  0.020
 75180,  1.031, -0.027,  1.532,  0.081,  0.078,  0.072
 75240,  1.042, -0.054,  1.250,  0.047,  0.113,  0.127
 75300,  1.085,  0.003,  1.532,  0.054,  0.123,  0.039
 75360,  1.017,  0.075,  1.521,  0.070,  0.150,  0.096
 75420,  1.068,  0.052,  1.767,  0.056,  0.123,  0.080
 75480,  1.101,  0.053,  1.546,  0.097,  0.143,  0.051
 75540,  1.020,  0.080,  1.286,  0.039,  0.102, -0.000
 75600,  1.086,  0.088,  1.242,  0.046,  0.087,  0.065
 75660,  1.067,  0.024,  1.310,  0.082, -9999.000, -0.014
 75720,  1.007,  0.041,  1.372,  0.042, -9999.000,  0.027
 75780,  0.877, -0.008,  1.222,  0.055, -9999.000,  0.008
 75840,  0.720,  0.102,  1.040,  0.033, -9999.000, -0.097
 75900,  1.001,  0.063,  1.237,  0.045, -9999.000, -0.014
 75960,  0.242, -0.049,  1.088,  0.029, -9999.000, -0.103
 76020,  0.712, -0.024,  1.129,  0.030, -9999.000, -0.036
 76080,  0.874, -0.003,  1.318,  0.057, -9999.000, -0.018
 76140,  0.972,  0.051,  1.171,  0.054, -9999.000,  0.068
 76200,  1.071,  0.042,  1.062,  0.058, -9999.000,  0.016
 76260,  0.930,  0.046,  1.149,  0.043, -9999.000,  0.029
 76320,  0.806, -0.000,  1.282,  0.075, -9999.000,  0.079
 76380,  1.021,  0.032,  1.284,  0.031, -9999.000,  0.171
 76440,  0.771,  0.017,  1.235,  0.039, -9999.000,  0.154
 76500,  0.664,  0.055,  1.210,  0.031, -9999.000,  0.027
 76560,  0.973,  0.013,  1.271,  0.064, -9999.000,  0.038
 76620,  0.808,  0.082,  1.316,  0.047, -9999.000,  0.086
 76680,  0.961, -0.001,  1.359,  0.050, -9999.000,  0.210
 76740,  0.585, -0.038,  1.300,  0.031, -9999.000,  0.077
 76800,  0.821,  0.005,  1.251,  0.033, -9999.000,  0.070
 76860,  0.592, -0.061,  1.202,  0.017, -9999.000, -0.008
 76920,  0.644, -0.023,  1.089,  0.038, -9999.000,  0.003
 76980,  0.709,  0.081,  1.088,  0.049, -9999.000,  0.058
 77040,  0.773,  0.047,  1.111,  0.062, -9999.000,  0.043
 77100,  0.697,  0.082,  1.028,  0.041, -9999.000,  0.030
 77160,  0.704, -0.019,  1.145,  0.022, -9999.000,  0.124
 77220,  0.518,  0.020,  0.994, -0.001, -9999.000,  0.016
 77280,  0.447,  0.076,  1.026,  0.029, -9999.000,  0.053
 77340,  0.714,  0.053,  1.030,  0.043, -9999.000,  0.074
 77400,  0.494, -0.038,  1.055,  0.027, -9999.000,  0.041
 77460,  0.566,  0.011,  0.883,  0.015, -9999.000, -0.014
 77520,  0.663,  0.007,  0.894,  0.030, -9999.000,  0.009
 77580,  0.576,  0.021,  0.888,  0.023, -9999.000,  0.003
 77640, -9999.000, -9999.000, -9999.000, -9999.000, -9999.000, -9999.000
 77700,  0.617, -0.055,  0.955,  0.020, -9999.000, -0.031
 77760,  0.568, -0.006,  0.836,  0.044, -9999.000,  0.030
 77820,  0.471, -0.022,  0.921,  0.006, -9999.000,  0.086
 77880,  0.645, -0.022,  0.889,  0.032, -9999.000, -0.013
 77940,  0.665,  0.005,  0.942,  0.038, -9999.000,  0.037
 78000,  0.710,  0.009,  0.837,  0.041, -9999.000,  0.037
 78060,  0.622,  0.022,  0.859,  0.022, -9999.000,  0.065
 78120,  0.670, -0.025,  0.844,  0.030, -9999.000,  0.051
 78180,  0.582, -0.002,  0.821,  0.051, -9999.000,  0.061
 78240,  0.729,  0.064,  0.840,  0.044, -9999.000,  0.046
 78300,  0.580,  0.002,  1.025,  0.035, -9999.000,  0.030
 78360,  0.061, -0.060,  0.937,  0.011, -9999.000, -0.016
 78420,  0.540, -0.016,  1.026,  0.037, -9999.000,  0.018
 78480,  0.749, -0.026,  0.988,  0.019, -9999.000,  0.059
 78540,  0.594, -0.005,  0.920,  0.043, -9999.000,  0.042
 78600,  0.219,  0.010,  0.764,  0.043, -9999.000, -0.020
 78660,  0.448, -0.020,  0.877,  0.009, -9999.000,  0.007
 78720,  0.645,  0.043,  0.750,  0.060, -9999.000,  0.070
 78780,  0.695,  0.031,  0.854,  0.066, -9999.000,  0.024
 78840,  0.673,  0.032,  0.864,  0.044, -9999.000,  0.071
 78900,  0.779,  0.014,  0.875,  0.044, -9999.000,  0.039
 78960,  0.950,  0.056,  1.075,  0.027, -9999.000,  0.123
 79020,  0.742,  0.043,  0.905,  0.042, -9999.000,  0.082
 79080,  0.844,  0.031,  0.862,  0.028, -9999.000,  0.096
 79140,  0.811,  0.083,  1.005,  0.036, -9999.000,  0.043
 79200,  0.720,  0.037,  0.867,  0.029, -9999.000,  0.060
 79260,  0.559,  0.022,  0.884,  0.062, -9999.000,  0.051
 79320,  0.586, -0.004,  0.875,  0.018, -9999.000, -0.031
 79380,  0.720,  0.052,  0.758,  0.036, -9999.000,  0.045
 79440,  0.831,  0.036,  0.908,  0.009, -9999.000,  0.059
 79500, -9999.000, -9999.000, -9999.000, -9999.000, -9999.000, -9999.000
 79560,  0.740,  0.047,  0.818,  0.010, -9999.000,  0.064
 79620,  0.826,  0.071,  0.938,  0.030, -9999.000,  0.058
 79680,  0.855,  0.141,  0.913,  0.023, -9999.000,  0.084
 79740,  0.828,  0.004,  0.887,  0.045, -9999.000,  0.132
 79800,  0.832,  0.062,  0.829,  0.011, -9999.000,  0.031
 79860,  0.768,  0.045,  0.887,  0.023, -9999.000,  0.054
 79920,  0.715,  0.074,  0.754,  0.016, -9999.000,  0.059
 79980,  0.856,  0.003,  0.814,  0.012, -9999.000,  0.101
 80040,  0.667,  0.019,  0.736,  0.028, -9999.000,  0.012
 80100,  0.742,  0.034,  0.760,  0.030, -9999.000,  0.032
 80160,  0.749,  0.065,  0.846,  0.018, -9999.000,  0.114
 80220,  0.730, -0.037,  0.861,  0.036, -9999.000,  0.338
 80280,  0.706,  0.006,  1.022,  0.034, -9999.000,  0.249
 80340,  0.714,  0.002,  0.910,  0.011, -9999.000,  0.080
 80400,  0.673, -0.020,  0.896,  0.018, -9999.000, -0.007
 80460,  0.423, -0.080,  0.829,  0.013, -9999.000,  0.031
 80520,  0.496, -0.047,  0.778,  0.044, -9999.000,  0.043
 80580,  0.779,  0.015,  0.866,  0.020, -9999.000,  0.079
 80640,  0.607, -0.022,  0.949,  0.015, -9999.000,  0.098
 80700,  0.577, -0.023,  0.948,  0.018, -9999.000,  0.061
 80760,  0.621,  0.027,  0.890,  0.025, -9999.000,  0.115
 80820,  0.811, -0.015,  0.848,  0.021, -9999.000,  0.078
 80880,  0.702,  0.004,  0.930,  0.046, -9999.000,  0.077
 80940,  0.683, -0.027,  0.812,  0.027, -9999.000,  0.030
 81000,  0.693, -0.059,  0.949,  0.054, -9999.000,  0.062
 81060,  0.682, -0.007,  0.967,  0.026, -9999.000,  0.043
 81120,  0.658, -0.060,  0.977,  0.028, -9999.000,  0.137
 81180,  0.670, -0.030,  0.951,  0.026, -9999.000,  0.134
 81240,  0.408, -0.095,  0.931,  0.003, -9999.000, -0.010
 81300,  0.664, -0.023,  0.844,  0.010, -9999.000,  0.045
 81360, -9999.000, -9999.000, -9999.000, -9999.000, -9999.000, -9999.000
 81420,  0.810, -0.004,  0.786,  0.038, -9999.000,  0.047
 81480,  0.544, -0.082,  0.774,  0.026, -9999.000,  0.047
 81540,  0.609, -0.049,  0.792,  0.030, -9999.000,  0.061
 81600,  0.571, -0.034,  0.749,  0.026, -9999.000,  0.030
 81660,  0.636, -0.052,  0.757,  0.019, -9999.000,  0.100
 81720,  0.727,  0.009,  0.832,  0.006, -9999.000,  0.073
 81780,  0.631, -0.051,  0.822,  0.048, -9999.000,  0.089
 81840,  0.716, -0.068,  0.861,  0.054, -9999.000,  0.080
 81900,  0.760, -0.035,  0.935,  0.050, -9999.000,  0.096
 81960,  0.818, -0.069,  1.032,  0.034, -9999.000,  0.154
