CampaignData_and_Merges/R0/CSL_MobileLab_Parked/raw/20240809/USOS-MetNav_MobileLabGround_20240809_R0.ict
44, 1001
Carrie Womack, Nate Howard, Mike Zucker
NOAA Chemical Sciences Laboratory
Mobile Lab MetNav Station
USOS
1, 1
2024, 08, 09, 2024, 12, 21
60
Time_Start, seconds_past_midnight, Seconds from midnight UTC
11
1, 1, 1, 1, 1, 1, 1, 1, 1, 1, 1
-9999, -9999, -9999, -9999, -9999, -9999, -9999, -9999, -9999, -9999, -9999
GPS_Alt_m, meters, Altitude from Differential GPS
GPS_Course_deg, degrees, Course from Differential GPS
GPS_GndSpd_m_s, m/s, Ground Speed from Differential GPS
GPS_Heading_deg, degrees, Heading from Differential GPS
GPS_Lat_deg, degrees, Latitude from Differential GPS
GPS_Lon_deg, degrees, Longitude from Differential GPS
AirTemp_C, Celsius, Air Temperature from Airmar
RelHumidity_pct, percent, Relative Humidity from Airmar
Pressure_mb, millibars, Pressure from Honeywell
WindDir_calc_deg, degrees, Wind Direction from Airmar corrected for van movement
WindSpd_calc_m_s, m/s, Wind Speed from Airmar corrected for van movement
1
SPECIAL COMMENTS:
18
PI_CONTACT_INFO: Address: 325 Broadway R/CSL7, Boulder, CO, 80305
PLATFORM: CSL Mobile Lab
LOCATION: Salt Lake City, UT
ASSOCIATED_DATA: N/A
INSTRUMENT_INFO: N/A
DATA_INFO: Units:
UNCERTAINTY: N/A
ULOD_FLAG: -7777
ULOD_VALUE: N/A
LLOD_FLAG: -8888
LLOD_VALUE: N/A
DM_CONTACT_INFO: Data Manager: Nate Howard
PROJECT_INFO: 
STIPULATIONS_ON_USE: Use of these data require prior ok from PI.
OTHER_COMMENTS: 
REVISION: R0
R0: Final data. Fixed bug in wind averaging code. RA: Preliminary Data. For in-field use only. 
Time_Start, GPS_Alt_m, GPS_Course_deg, GPS_GndSpd_m_s, GPS_Heading_deg, GPS_Lat_deg, GPS_Lon_deg, AirTemp_C, RelHumidity_pct, Pressure_mb, WindDir_calc_deg, WindSpd_calc_m_s
[from data line 419]
25140.0,1308.3,2.53,0.04,2.53,40.73434,-111.87210,24.8,22.0,876.5,126.15,1.9
25200.0,1308.1,2.12,0.04,2.12,40.73434,-111.87210,24.7,22.1,876.5,129.39,2.1
25260.0,1307.9,1.99,0.04,1.99,40.73434,-111.87210,24.7,22.3,876.5,120.58,1.5
25320.0,1307.9,1.95,0.04,1.95,40.73434,-111.87210,24.7,22.8,876.5,114.67,1.3
25380.0,1308.0,1.25,0.05,1.25,40.73434,-111.87211,24.7,22.6,876.5,105.54,0.8
25440.0,1308.0,1.38,0.04,1.38,40.73434,-111.87211,24.7,22.5,876.5,89.97,0.5
25500.0,1308.1,2.00,0.04,2.00,40.73434,-111.87211,24.7,22.6,876.5,107.66,0.7
25560.0,1308.1,2.24,0.05,2.24,40.73434,-111.87211,24.7,22.4,876.5,109.30,0.8
25620.0,1308.3,2.48,0.05,2.48,40.73434,-111.87210,24.7,22.4,876.5,120.52,1.0
25680.0,1308.3,2.54,0.04,2.54,40.73434,-111.87210,24.7,22.4,876.5,109.60,0.7
25740.0,1308.5,2.19,0.05,2.19,40.73434,-111.87210,24.7,22.3,876.5,88.94,0.5
25800.0,1308.3,2.21,0.05,2.21,40.73434,-111.87210,24.8,22.3,876.5,119.47,0.6
25860.0,1308.3,2.29,0.05,2.29,40.73434,-111.87210,24.8,22.4,876.5,126.97,0.8
25920.0,1308.4,2.20,0.05,2.20,40.73434,-111.87210,24.8,22.9,876.5,122.44,1.2
25980.0,1308.4,1.80,0.05,1.80,40.73434,-111.87210,24.8,22.6,876.5,108.46,0.6
26040.0,1308.3,2.38,0.04,2.38,40.73434,-111.87210,24.8,22.5,876.5,103.65,0.4
26100.0,1308.3,2.31,0.05,2.31,40.73434,-111.87210,24.8,22.6,876.5,117.70,0.7
26160.0,1308.3,1.91,0.06,1.91,40.73434,-111.87210,24.9,22.7,876.5,127.24,0.9
26220.0,1308.3,2.42,0.05,2.42,40.73434,-111.87210,24.9,23.1,876.5,134.92,1.3
26280.0,1308.2,3.01,0.05,3.01,40.73434,-111.87210,24.9,23.4,876.5,138.92,1.2
26340.0,1308.3,2.68,0.05,2.68,40.73434,-111.87210,25.0,22.9,876.5,127.09,1.2
26400.0,1308.4,2.54,0.05,2.54,40.73434,-111.87210,25.0,23.0,876.5,130.10,1.5
26460.0,1308.4,2.16,0.04,2.16,40.73434,-111.87210,25.1,23.3,876.5,141.46,1.3
26520.0,1308.5,2.29,0.04,2.29,40.73434,-111.87210,25.0,23.8,876.5,127.25,1.2
26580.0,1308.5,1.62,0.05,1.62,40.73434,-111.87210,25.0,23.5,876.5,127.30,1.9
26640.0,1308.6,1.64,0.04,1.64,40.73434,-111.87210,25.0,23.0,876.5,127.82,2.0
26700.0,1308.5,1.87,0.05,1.87,40.73434,-111.87210,25.0,23.5,876.5,120.06,1.4
26760.0,1308.2,1.88,0.05,1.88,40.73434,-111.87210,25.1,23.2,876.5,115.30,1.2
26820.0,1308.4,1.61,0.05,1.61,40.73434,-111.87210,25.1,23.1,876.5,130.78,1.5
26880.0,1308.5,1.57,0.05,1.57,40.73434,-111.87210,25.1,23.2,876.4,134.50,1.7
26940.0,1308.5,1.80,0.05,1.80,40.73434,-111.87210,25.1,23.3,876.4,124.75,0.8
27000.0,1308.6,1.44,0.05,1.44,40.73434,-111.87210,25.1,23.4,876.4,122.63,1.2
27060.0,1308.8,1.61,0.05,1.61,40.73434,-111.87210,25.2,23.0,876.4,113.69,1.0
27120.0,1308.9,1.71,0.06,1.71,40.73434,-111.87210,25.2,22.8,876.4,109.80,0.9
27180.0,1309.0,2.10,0.05,2.10,40.73434,-111.87210,25.2,22.9,876.5,118.93,1.3
27240.0,1309.0,1.78,0.05,1.78,40.73434,-111.87211,25.2,23.0,876.5,118.94,1.0
27300.0,1309.0,1.49,0.05,1.49,40.73434,-111.87211,25.3,22.5,876.5,128.01,0.9
27360.0,1309.1,1.15,0.05,1.15,40.73434,-111.87211,25.3,23.2,876.4,130.46,1.2
27420.0,1309.1,1.36,0.05,1.36,40.73434,-111.87211,25.3,23.6,876.4,119.84,1.0
27480.0,1309.1,1.32,0.04,1.32,40.73434,-111.87211,25.3,23.3,876.5,121.65,1.4
27540.0,1309.0,1.34,0.04,1.34,40.73434,-111.87211,25.3,24.1,876.5,120.50,1.0
27600.0,1309.0,1.31,0.05,1.31,40.73434,-111.87211,25.4,23.2,876.5,122.59,0.9
27660.0,1309.0,1.12,0.05,1.12,40.73434,-111.87211,25.4,22.8,876.4,113.22,0.6
27720.0,1308.9,1.27,0.05,1.27,40.73434,-111.87211,25.4,22.8,876.4,117.65,0.7
27780.0,1308.8,1.79,0.05,1.79,40.73434,-111.87211,25.4,23.6,876.5,138.33,1.6
27840.0,1308.9,2.27,0.04,2.27,40.73434,-111.87211,25.4,23.6,876.4,133.49,1.2
27900.0,1308.8,2.35,0.04,2.35,40.73434,-111.87211,25.4,23.9,876.4,121.38,0.9
27960.0,1308.8,1.78,0.05,1.78,40.73434,-111.87211,25.4,23.2,876.4,119.92,0.9
28020.0,1308.7,2.08,0.05,2.08,40.73434,-111.87211,25.4,23.1,876.4,116.81,0.6
28080.0,1308.7,2.47,0.06,2.47,40.73434,-111.87211,25.4,23.1,876.3,116.75,0.6
28140.0,1308.7,2.96,0.05,2.96,40.73434,-111.87211,25.4,23.7,876.3,125.15,0.8
28200.0,1308.7,2.65,0.05,2.65,40.73434,-111.87211,25.3,23.9,876.3,126.84,1.2
28260.0,1308.7,2.12,0.05,2.12,40.73434,-111.87210,25.4,23.3,876.3,122.96,0.9
28320.0,1308.7,2.28,0.04,2.28,40.73434,-111.87210,25.4,23.3,876.3,131.47,1.0
28380.0,1308.8,2.34,0.04,2.34,40.73434,-111.87210,25.4,23.6,876.3,131.12,1.1
28440.0,1308.9,2.12,0.05,2.12,40.73434,-111.87210,25.4,24.1,876.3,137.10,1.2
28500.0,1308.8,2.46,0.06,2.46,40.73434,-111.87210,25.4,24.2,876.3,146.26,2.0
28560.0,1308.6,2.51,0.05,2.51,40.73434,-111.87210,25.4,24.4,876.3,136.08,1.7
28620.0,1308.7,2.21,0.05,2.21,40.73434,-111.87210,25.3,24.1,876.4,126.99,1.5
28680.0,1308.5,2.28,0.04,2.28,40.73434,-111.87210,25.3,24.6,876.4,124.01,1.1
28740.0,1308.5,2.91,0.04,2.91,40.73434,-111.87210,25.3,23.8,876.4,126.11,1.3
28800.0,1308.4,2.81,0.05,2.81,40.73434,-111.87210,25.3,23.5,876.3,115.71,0.8
28860.0,1308.4,2.94,0.05,2.94,40.73434,-111.87210,25.3,23.3,876.3,116.21,0.7
28920.0,1308.5,2.96,0.05,2.96,40.73434,-111.87210,25.4,23.1,876.4,120.62,1.0
28980.0,1308.5,2.57,0.04,2.57,40.73434,-111.87210,25.4,23.2,876.3,119.21,0.8
29040.0,1308.5,2.37,0.04,2.37,40.73434,-111.87210,25.4,23.2,876.3,115.55,0.7
29100.0,1308.5,1.96,0.04,1.96,40.73434,-111.87210,25.4,23.2,876.4,106.43,0.5
29160.0,1308.5,1.88,0.05,1.88,40.73434,-111.87210,25.4,23.2,876.4,116.95,0.7
29220.0,1308.5,2.15,0.05,2.15,40.73434,-111.87210,25.4,23.4,876.4,140.15,0.9
29280.0,1308.5,2.13,0.05,2.13,40.73434,-111.87210,25.5,23.6,876.4,150.25,1.8
29340.0,1308.4,1.89,0.04,1.89,40.73434,-111.87210,25.4,23.9,876.4,171.73,2.1
29400.0,1308.4,1.84,0.05,1.84,40.73434,-111.87210,25.5,24.1,876.4,177.18,1.6
29460.0,1308.4,1.58,0.05,1.58,40.73434,-111.87210,25.5,24.2,876.4,150.58,1.4
29520.0,1308.6,1.04,0.04,1.04,40.73434,-111.87211,25.6,24.0,876.4,145.46,1.1
29580.0,1308.8,1.07,0.05,1.07,40.73434,-111.87211,25.6,24.0,876.4,152.93,1.6
29640.0,1308.9,1.30,0.05,1.30,40.73434,-111.87211,25.6,24.4,876.4,169.38,2.0
29700.0,1308.9,1.54,0.05,1.54,40.73434,-111.87211,25.5,24.7,876.4,148.72,1.9
29760.0,1308.9,2.11,0.05,2.11,40.73434,-111.87211,25.5,24.9,876.4,125.99,0.6
29820.0,1308.9,1.59,0.05,1.59,40.73434,-111.87211,25.5,25.1,876.4,142.94,1.3
29880.0,1309.0,0.97,0.05,0.97,40.73434,-111.87210,25.5,24.9,876.4,139.57,1.4
29940.0,1308.8,0.63,0.05,0.63,40.73434,-111.87210,25.4,25.3,876.4,151.90,1.8
30000.0,1309.1,0.57,0.05,0.57,40.73434,-111.87211,25.4,24.8,876.4,150.15,2.0
30060.0,1309.1,0.64,0.05,0.64,40.73434,-111.87210,25.4,24.0,876.4,128.17,1.5
30120.0,1309.2,1.58,0.04,1.58,40.73434,-111.87211,25.3,24.2,876.4,128.65,1.7
30180.0,1309.3,2.10,0.04,2.10,40.73434,-111.87210,25.3,24.4,876.4,127.74,1.5
30240.0,1309.3,1.52,0.05,1.52,40.73434,-111.87210,25.3,24.7,876.4,114.71,1.0
30300.0,1309.4,1.48,0.05,1.48,40.73434,-111.87210,25.2,24.6,876.3,104.03,0.7
30360.0,1309.3,1.61,0.05,1.61,40.73434,-111.87210,25.1,24.2,876.3,100.38,0.9
30420.0,1309.2,1.62,0.05,1.62,40.73434,-111.87210,25.1,24.3,876.3,103.34,0.7
30480.0,1309.1,1.07,0.04,1.07,40.73434,-111.87210,25.0,24.4,876.3,120.47,1.7
30540.0,1309.5,1.29,0.05,1.29,40.73434,-111.87210,25.0,24.9,876.3,119.35,1.4
30600.0,1309.7,2.18,0.04,2.18,40.73434,-111.87211,25.0,24.5,876.3,116.25,0.9
30660.0,1309.6,1.93,0.05,1.93,40.73434,-111.87211,24.9,24.2,876.3,120.90,1.4
30720.0,1309.7,1.79,0.05,1.79,40.73434,-111.87211,24.8,24.3,876.3,117.85,2.3
30780.0,1309.8,2.50,0.05,2.50,40.73434,-111.87211,24.8,24.2,876.3,115.01,1.7
30840.0,1309.5,2.32,0.04,2.32,40.73434,-111.87211,24.8,24.2,876.3,116.64,1.4
30900.0,1309.3,2.43,0.05,2.43,40.73434,-111.87211,24.7,24.5,876.3,114.05,1.7
30960.0,1309.3,2.24,0.05,2.24,40.73434,-111.87211,24.7,24.4,876.3,114.84,1.2
31020.0,1309.3,2.23,0.06,2.23,40.73434,-111.87211,24.8,24.6,876.3,121.82,1.4
31080.0,1309.3,2.85,0.06,2.85,40.73434,-111.87211,24.7,25.1,876.2,124.62,1.1
31140.0,1309.2,2.69,0.05,2.69,40.73434,-111.87211,24.8,24.6,876.2,109.06,0.6
31200.0,1309.3,2.35,0.06,2.35,40.73434,-111.87211,24.7,24.5,876.2,117.95,1.3
31260.0,1309.6,2.71,0.05,2.71,40.73434,-111.87211,24.7,24.8,876.2,121.49,1.4
31320.0,1310.2,2.88,0.05,2.88,40.73434,-111.87211,24.7,25.1,876.2,116.68,0.9
31380.0,1310.3,2.66,0.05,2.66,40.73434,-111.87211,24.7,24.4,876.2,124.46,0.8
31440.0,1310.0,3.06,0.05,3.06,40.73434,-111.87211,24.7,24.5,876.2,124.84,1.5
31500.0,1309.8,3.21,0.05,3.21,40.73434,-111.87211,24.8,24.8,876.2,125.94,1.4
31560.0,1309.6,2.75,0.05,2.75,40.73434,-111.87211,24.7,24.7,876.3,120.99,1.9
31620.0,1309.5,2.53,0.05,2.53,40.73434,-111.87211,24.7,24.8,876.3,116.85,1.5
31680.0,1309.5,2.38,0.04,2.38,40.73434,-111.87211,24.7,24.8,876.3,118.22,1.3
31740.0,1309.5,2.42,0.05,2.42,40.73434,-111.87211,24.7,24.5,876.2,113.72,1.0
31800.0,1309.5,3.00,0.05,3.00,40.73434,-111.87211,24.7,24.7,876.2,117.23,1.8
31860.0,1309.6,2.85,0.05,2.85,40.73434,-111.87211,24.7,24.9,876.2,118.97,1.5
31920.0,1309.6,2.75,0.05,2.75,40.73434,-111.87211,24.7,24.7,876.2,121.71,1.2
31980.0,1309.6,2.75,0.05,2.75,40.73434,-111.87211,24.7,24.4,876.2,114.10,1.3
32040.0,1309.5,2.68,0.04,2.68,40.73434,-111.87211,24.8,23.9,876.2,100.97,0.8
32100.0,1309.4,2.88,0.04,2.88,40.73434,-111.87211,24.7,23.7,876.2,114.77,0.7
32160.0,1309.5,2.88,0.04,2.88,40.73434,-111.87211,24.8,23.4,876.2,121.84,1.0
32220.0,1309.5,2.44,0.05,2.44,40.73434,-111.87211,24.8,23.6,876.2,135.45,1.9
32280.0,1309.4,2.19,0.05,2.19,40.73434,-111.87211,24.9,23.7,876.2,134.59,1.5
32340.0,1309.5,1.81,0.05,1.81,40.73434,-111.87211,24.9,24.2,876.2,127.23,1.8
32400.0,1309.6,2.26,0.04,2.26,40.73434,-111.87211,24.9,24.6,876.2,122.38,1.3
32460.0,1309.5,1.95,0.05,1.95,40.73434,-111.87211,24.9,24.0,876.2,116.81,1.1
32520.0,1309.6,1.42,0.04,1.42,40.73434,-111.87211,24.9,24.0,876.2,112.50,1.5
32580.0,1309.5,1.76,0.05,1.76,40.73434,-111.87211,24.9,24.2,876.2,124.55,1.5
32640.0,1309.3,2.27,0.04,2.27,40.73434,-111.87211,25.0,24.2,876.2,130.61,1.8
32700.0,1309.3,2.71,0.05,2.71,40.73434,-111.87211,25.0,24.4,876.2,146.41,2.2
32760.0,1309.3,2.72,0.05,2.72,40.73434,-111.87211,25.0,24.4,876.2,133.60,2.1
32820.0,1309.3,2.24,0.05,2.24,40.73434,-111.87211,25.0,24.3,876.1,130.39,2.1
32880.0,1309.3,2.63,0.05,2.63,40.73434,-111.87211,25.0,24.5,876.1,129.08,1.9
32940.0,1309.3,2.70,0.05,2.70,40.73434,-111.87211,25.0,24.6,876.1,125.87,1.8
33000.0,1309.1,2.68,0.04,2.68,40.73434,-111.87211,25.0,25.0,876.1,125.64,1.8
33060.0,1308.9,2.21,0.04,2.21,40.73434,-111.87210,24.9,24.5,876.1,122.13,1.7
33120.0,1308.9,1.62,0.05,1.62,40.73434,-111.87210,24.9,24.6,876.1,117.18,1.3
33180.0,1308.9,1.87,0.05,1.87,40.73434,-111.87210,24.9,24.9,876.1,116.86,1.2
33240.0,1309.1,2.22,0.04,2.22,40.73434,-111.87210,24.9,24.7,876.1,118.32,1.2
33300.0,1309.3,2.06,0.05,2.06,40.73434,-111.87211,24.9,24.6,876.1,129.37,1.2
33360.0,1309.5,1.61,0.05,1.61,40.73434,-111.87211,24.9,25.4,876.1,150.29,1.9
33420.0,1309.6,2.04,0.05,2.04,40.73434,-111.87210,24.9,25.4,876.1,163.71,1.5
33480.0,1309.8,2.29,0.05,2.29,40.73434,-111.87211,24.9,25.2,876.1,149.20,1.8
33540.0,1309.9,2.62,0.06,2.62,40.73434,-111.87210,24.9,25.5,876.2,137.22,1.3
33600.0,1309.8,3.38,0.05,3.38,40.73434,-111.87210,24.9,25.2,876.2,134.16,1.5
33660.0,1309.9,2.44,0.05,2.44,40.73434,-111.87210,24.9,25.4,876.2,148.05,1.3
33720.0,1309.8,2.01,0.06,2.01,40.73434,-111.87210,24.9,25.3,876.2,162.37,1.5
33780.0,1309.7,1.45,0.05,1.45,40.73434,-111.87210,24.9,25.1,876.2,132.40,1.4
33840.0,1309.8,1.09,0.06,1.09,40.73434,-111.87210,24.8,25.7,876.2,121.96,1.7
33900.0,1309.9,1.56,0.05,1.56,40.73434,-111.87210,24.8,25.2,876.2,116.87,1.7
33960.0,1310.1,0.92,0.05,0.92,40.73434,-111.87210,24.7,25.1,876.2,113.02,1.1
34020.0,1310.2,0.73,0.05,0.73,40.73434,-111.87210,24.7,24.8,876.2,117.59,1.1
34080.0,1310.4,0.88,0.06,0.88,40.73434,-111.87210,24.7,26.0,876.2,131.05,1.4
34140.0,1310.4,0.77,0.05,0.77,40.73434,-111.87210,24.6,26.3,876.3,139.76,1.9
34200.0,1310.3,0.97,0.05,0.97,40.73434,-111.87211,24.6,25.8,876.2,150.18,2.1
34260.0,1310.3,1.17,0.06,1.17,40.73434,-111.87211,24.6,25.9,876.2,132.03,1.4
34320.0,1310.4,1.35,0.06,1.35,40.73434,-111.87211,24.6,25.9,876.2,113.01,0.9
34380.0,1310.4,1.64,0.05,1.64,40.73434,-111.87211,24.5,25.9,876.2,115.68,1.3
34440.0,1310.2,1.79,0.06,1.79,40.73434,-111.87211,24.5,25.9,876.2,124.38,2.2
34500.0,1310.0,1.72,0.06,1.72,40.73434,-111.87211,24.4,25.6,876.2,120.68,1.9
34560.0,1309.9,1.97,0.06,1.97,40.73434,-111.87211,24.3,25.7,876.2,120.68,2.1
34620.0,1309.7,2.20,0.05,2.20,40.73434,-111.87211,24.2,25.6,876.2,121.63,1.9
34680.0,1309.3,2.00,0.06,2.00,40.73434,-111.87210,24.2,25.8,876.3,118.04,1.8
34740.0,1309.4,2.29,0.06,2.29,40.73434,-111.87211,24.1,25.9,876.3,133.52,2.0
34800.0,1309.7,2.50,0.06,2.50,40.73434,-111.87211,24.0,25.7,876.3,121.75,2.3
34860.0,1309.6,2.56,0.06,2.56,40.73434,-111.87210,24.0,25.3,876.3,113.40,2.8
34920.0,1309.3,2.44,0.06,2.44,40.73434,-111.87210,24.0,25.0,876.3,114.75,2.2
34980.0,1309.7,2.06,0.05,2.06,40.73434,-111.87210,24.1,25.8,876.3,139.12,1.9
35040.0,1309.9,1.88,0.06,1.88,40.73434,-111.87210,24.1,25.8,876.3,136.62,1.2
35100.0,1309.8,1.70,0.05,1.70,40.73434,-111.87210,24.1,25.8,876.4,111.39,0.6
35160.0,1309.7,1.30,0.05,1.30,40.73434,-111.87210,24.1,25.4,876.4,98.85,0.5
35220.0,1309.6,0.88,0.05,0.88,40.73434,-111.87210,24.1,25.2,876.4,91.45,0.3
35280.0,1309.1,1.44,0.05,1.44,40.73434,-111.87210,24.2,26.0,876.5,149.61,0.2
35340.0,1308.8,1.83,0.05,1.83,40.73434,-111.87210,24.4,26.0,876.5,108.52,0.2
35400.0,1308.9,2.01,0.05,2.01,40.73434,-111.87210,24.5,26.2,876.5,84.22,0.1
35460.0,1308.7,1.97,0.05,1.97,40.73434,-111.87210,24.5,25.7,876.5,98.08,0.5
35520.0,1309.0,2.09,0.05,2.09,40.73434,-111.87210,24.4,25.7,876.5,106.95,0.5
35580.0,1309.1,2.18,0.05,2.18,40.73434,-111.87210,24.3,25.7,876.5,96.30,0.5
35640.0,1309.2,1.75,0.05,1.75,40.73434,-111.87210,24.3,25.4,876.5,97.31,0.4
35700.0,1309.2,1.75,0.04,1.75,40.73434,-111.87210,24.2,25.1,876.5,103.72,0.5
35760.0,1309.3,1.59,0.04,1.59,40.73434,-111.87210,24.2,25.1,876.5,103.74,0.5
35820.0,1309.3,1.38,0.05,1.38,40.73434,-111.87210,24.2,25.3,876.5,109.46,0.6
35880.0,1309.5,1.56,0.05,1.56,40.73434,-111.87210,24.1,25.3,876.5,111.14,0.6
35940.0,1309.4,1.76,0.05,1.76,40.73434,-111.87210,24.0,25.2,876.5,81.08,0.5
36000.0,1309.0,1.14,0.05,1.14,40.73435,-111.87210,24.0,25.4,876.5,75.37,0.3
36060.0,1309.0,0.93,0.05,0.93,40.73435,-111.87210,24.0,25.6,876.5,88.21,0.3
36120.0,1309.1,1.34,0.05,1.34,40.73434,-111.87210,24.0,25.6,876.5,92.70,0.5
36180.0,1309.1,2.06,0.05,2.06,40.73435,-111.87210,24.0,25.9,876.5,118.86,0.7
36240.0,1309.1,2.11,0.05,2.11,40.73435,-111.87210,24.0,25.7,876.5,106.53,0.5
36300.0,1309.6,1.82,0.05,1.82,40.73434,-111.87210,23.8,25.9,876.5,84.45,0.4
36360.0,1309.8,2.47,0.05,2.47,40.73434,-111.87210,23.8,26.0,876.5,111.53,0.5
36420.0,1309.8,2.49,0.05,2.49,40.73434,-111.87210,23.8,25.9,876.5,95.07,0.4
36480.0,1309.7,2.24,0.04,2.24,40.73434,-111.87210,23.7,26.1,876.6,74.30,0.4
36540.0,1309.6,2.06,0.05,2.06,40.73434,-111.87210,23.7,26.5,876.6,101.07,0.5
36600.0,1309.8,2.20,0.05,2.20,40.73434,-111.87210,23.7,26.6,876.6,125.24,0.7
36660.0,1309.6,2.39,0.04,2.39,40.73434,-111.87210,23.7,26.5,876.6,123.98,0.7
36720.0,1309.4,1.84,0.04,1.84,40.73434,-111.87210,23.7,26.6,876.6,109.27,0.5
36780.0,1309.6,1.42,0.05,1.42,40.73434,-111.87210,23.7,26.5,876.6,105.47,0.6
36840.0,1309.7,1.19,0.05,1.19,40.73434,-111.87210,23.7,26.7,876.6,92.49,0.4
36900.0,1309.7,0.67,0.04,0.67,40.73434,-111.87210,23.7,26.7,876.6,79.77,0.3
36960.0,1309.7,0.49,0.04,0.49,40.73434,-111.87210,23.7,26.8,876.6,103.30,0.5
37020.0,1309.7,0.48,0.04,0.48,40.73434,-111.87210,23.8,26.8,876.6,120.73,0.6
37080.0,1309.8,0.80,0.05,0.80,40.73434,-111.87210,23.8,26.9,876.6,125.36,0.7
37140.0,1309.8,1.17,0.04,1.17,40.73434,-111.87210,23.8,26.8,876.5,120.49,0.7
37200.0,1309.9,1.39,0.04,1.39,40.73434,-111.87210,23.8,27.1,876.5,113.18,0.7
37260.0,1309.9,1.36,0.05,1.36,40.73434,-111.87210,23.7,27.3,876.5,116.01,0.7
37320.0,1309.7,1.32,0.05,1.32,40.73434,-111.87210,23.7,27.5,876.5,119.29,1.0
37380.0,1309.7,1.65,0.05,1.65,40.73434,-111.87210,23.7,27.6,876.5,127.33,1.2
37440.0,1309.6,1.67,0.06,1.67,40.73434,-111.87210,23.7,27.9,876.5,120.95,0.9
37500.0,1309.7,1.21,0.05,1.21,40.73434,-111.87210,23.7,28.1,876.5,121.07,0.8
