CampaignData_and_Merges/R0/CSL_MobileLab_Parked/raw/20240809/USOS-HCHO_MobileLabGround_20240809_R0.ict
35,1001
Huang, Yaoxian
Wayne State University
Picarro G2307 on CSL Mobile Lab
USOS
1,1
2024,08,09,2024,08,13
1.0
Time_Start,seconds_since_midnight,number_of_seconds_since_0000_UTC
3
1.0,1.0,1.0
-9999.0,-9999.0,-9999.0
HCHO,ppbv,Gas_HCHO_InSitu_S_AVMR,volume mixing ratio of formaldehyde in air
H2O,ppmv,Gas_H2O_InSitu_S_AVMR,volume mixing ratio of water vapor in air
CH4,ppmv,Gas_CH4_InSitu_S_AVMR,volume mixing ratio of methane in air
0
18
PI_CONTACT_INFO: yaoxian.huang@wayne.edu
PLATFORM: CSL Mobile Lab, at Ground Site
LOCATION: Salt Lake City, UT
ASSOCIATED_DATA: N/A
INSTRUMENT_INFO: Cavity Ring-Down Spectrometer
DATA_INFO: Data is averaged to 1 minute intervals for stationary and 1 second interval for driving. Stationary data collected from a 20 ft tower on top of the mobile lab.
UNCERTAINTY: N/A
ULOD_FLAG: -7777
ULOD_VALUE: N/A
LLOD_FLAG: -8888
LLOD_VALUE: N/A
DM_CONTACT_INFO: Yaoxian Huang; yaoxian.huang@wayne.edu
PROJECT_INFO: USOS, Summer 2024. https://csl.noaa.gov/groups/csl7/measurements/2024usos/
STIPULATIONS_ON_USE: Users are strongly encouraged to contact the PI for proper data usage.
OTHER_COMMENTS: Data have been shifted backwards by 1 minute to align with USOS MetNav and Picarro GHG data.
REVISION: R0
R0: Final Data
Time_Start,HCHO,H2O,CH4
[from data line 545]
32700,2.50905,10522.6,1.94244
32760,2.30455,10446.0,1.94147
32820,2.31329,10380.6,1.93597
32880,2.47178,10487.5,1.93787
32940,2.05804,10570.7,1.93135
33000,2.5076,10569.6,1.93749
33060,2.39655,10580.8,1.93946
33120,2.45773,10568.2,1.94094
33180,2.57648,10727.2,1.94581
33240,2.62337,10750.9,1.96081
33300,2.22543,10659.8,1.94847
33360,2.68206,10919.2,1.95505
33420,2.6527,11124.5,1.95617
33480,2.60694,10914.3,1.9532
33540,2.62277,10773.1,1.95112
33600,2.43272,10755.6,1.94997
33660,2.54422,10963.7,1.95348
33720,2.55997,10865.9,1.95348
33780,2.47065,10659.7,1.94561
33840,2.55287,10552.0,1.94026
33900,2.54888,10649.6,1.95014
33960,2.19101,10539.0,1.94616
34020,2.52082,10516.9,1.94449
34080,2.45685,10802.2,1.9539
34140,2.91082,11273.7,1.9536
34200,2.58715,11003.1,1.9522
34260,2.61504,11023.2,1.95253
34320,2.6576,10561.7,1.94364
34380,2.52928,10821.4,1.95903
34440,2.60044,10825.3,1.96636
34500,2.50563,10683.1,1.96286
34560,2.69722,10662.5,1.95347
34620,2.32136,10500.2,1.94385
34680,2.69288,10664.1,1.95018
34740,2.50946,10581.7,1.94853
34800,2.41417,10599.4,1.96741
34860,2.65646,10236.0,1.94362
34920,2.52277,10224.4,1.9432
34980,2.33415,10524.7,1.94604
35040,2.56349,10685.8,1.95445
35100,2.49828,10807.1,1.95455
35160,2.69299,10726.2,1.95263
35220,2.60743,10657.9,1.94901
35280,2.76547,10955.8,1.95542
35340,2.77686,11033.6,1.95507
35400,2.68853,11157.8,1.95426
35460,2.70432,11012.7,1.96047
35520,2.48811,10979.0,1.95633
35580,2.72866,10992.0,1.96015
35640,2.66769,10879.9,1.95282
35700,2.69945,10857.0,1.9508
35760,2.76088,10804.8,1.94913
35820,2.70996,10856.2,1.95116
35880,2.84466,10897.7,1.94889
35940,2.80465,10930.0,1.94943
36000,2.89455,10943.3,1.95102
36060,2.92912,10993.3,1.95513
36120,2.80502,11081.9,1.95933
36180,2.88195,11194.8,1.96184
36240,2.91543,11102.9,1.97348
36300,2.96824,11143.9,1.97314
36360,3.02501,11231.7,1.97537
36420,3.1344,11223.8,1.9835
36480,3.07858,11219.8,1.98792
36540,2.94818,11299.4,1.98865
36600,3.0559,11360.4,1.98136
36660,2.90466,11398.0,1.97948
36720,3.10795,11474.2,1.97793
36780,2.95138,11390.8,1.97433
36840,2.84804,11484.7,1.9786
36900,3.03714,11583.4,1.98046
36960,3.08689,11600.0,1.98193
37020,3.01369,11583.6,1.98468
37080,3.05732,11577.3,1.98034
37140,3.06282,11582.8,1.97849
37200,2.91461,11663.9,1.97332
37260,2.82766,11715.5,1.97379
37320,2.79698,11746.3,1.96584
37380,2.64716,11866.4,1.96349
37440,2.65751,11895.2,1.96382
37500,2.8868,11959.2,1.96818
37560,2.87687,11991.5,1.96881
37620,2.59047,11995.4,1.96252
37680,2.90979,12022.3,1.96309
37740,2.7106,12084.4,1.96568
37800,2.8631,12152.0,1.96869
37860,2.53888,12214.2,1.96801
37920,2.90193,12247.0,1.96812
37980,2.71021,12298.0,1.97304
38040,2.74412,12320.7,1.97177
38100,2.67159,12305.1,1.96868
38160,2.82707,12424.3,1.9715
38220,3.04434,12505.6,1.97505
38280,2.50096,12517.1,1.96927
38340,2.68262,12585.9,1.96786
38400,2.4215,12491.1,1.96059
38460,2.47839,12459.4,1.9553
38520,2.71373,12490.8,1.9572
38580,2.65736,12471.2,1.9537
38640,2.52302,12452.5,1.95494
38700,2.66784,12372.3,1.95217
38760,2.41396,12451.3,1.95634
38820,2.37543,12546.6,1.95865
38880,2.79453,12443.4,1.95802
38940,2.6921,12323.8,1.95585
39000,2.91747,12369.2,1.95821
39060,2.57476,12281.6,1.95488
39120,2.47854,12303.6,1.95416
39180,2.25944,12246.3,1.95051
39240,2.64024,12237.3,1.95115
39300,2.5458,12294.0,1.95295
39360,2.74887,12452.6,1.95681
39420,2.48757,12277.8,1.95484
39480,2.58522,12428.8,1.95999
39540,2.34423,12660.0,1.96922
39600,2.93649,12723.2,1.96751
39660,2.57451,12616.8,1.96136
39720,2.73888,12706.5,1.95876
39780,2.30725,12232.8,1.95205
39840,2.78066,12216.9,1.95181
39900,2.49129,12337.9,1.95816
39960,2.46754,12130.6,1.9509
40020,2.45965,12461.1,1.95868
40080,2.52039,12503.0,1.9584
40140,2.66283,12673.6,1.96174
40200,2.82682,12709.4,1.96081
40260,2.67732,12554.1,1.96285
40320,2.8412,12707.5,1.97963
40380,2.73019,12688.3,2.00785
40440,2.84453,12508.0,1.9986
40500,2.61217,12638.8,2.00012
40560,2.93878,12708.2,2.02404
40620,2.84836,12737.2,1.99871
40680,2.99304,12671.2,1.9831
40740,2.80974,12752.1,1.98365
40800,2.76125,12892.7,1.97976
40860,2.8178,12637.2,1.96288
40920,2.73741,12775.9,1.96861
40980,2.85069,12617.6,1.96409
41040,2.76165,12744.2,1.97304
41100,3.22551,12774.5,1.98475
41160,2.51293,12767.8,1.97208
41220,2.7918,12863.6,1.97926
41280,2.90616,12910.5,1.97404
41340,2.83318,13045.0,1.97175
41400,2.98941,13088.5,1.97457
41460,2.8489,13118.7,1.96733
41520,2.66732,13072.3,1.97057
41580,2.76432,13060.0,1.97585
41640,2.87659,12943.3,1.96604
41700,2.86227,12912.6,1.96746
41760,3.02598,13029.0,1.97254
41820,3.49208,13188.3,2.00629
41880,3.08024,12775.3,1.98478
41940,3.31931,12830.5,1.98531
42000,2.90268,12854.2,1.9729
42060,2.79741,13052.3,1.97026
42120,2.89886,13298.7,1.96986
42180,2.7223,13001.7,1.96781
42240,3.22919,13158.9,1.97171
42300,3.03951,13289.4,1.97124
42360,2.89623,13297.6,1.97234
42420,2.79542,13006.7,1.9677
42480,2.89248,13063.0,1.97338
42540,2.9215,12884.0,1.9712
42600,3.21246,12900.3,1.97405
42660,2.88456,12802.0,1.97613
42720,3.31258,12830.2,1.98378
42780,3.05637,12898.6,1.98511
42840,3.21273,13276.9,1.98416
42900,3.03617,13030.4,1.98317
42960,2.85515,12929.9,1.98591
43020,2.88881,13069.9,1.98412
43080,2.81348,12145.4,1.96417
43140,2.53241,11860.0,1.95423
43200,2.79677,11666.4,1.95473
43260,2.61813,11281.5,1.94659
43320,2.82468,11248.5,1.95157
43380,2.70711,11135.8,1.9503
43440,2.64509,10968.9,1.94075
43500,2.72215,11028.2,1.94309
43560,2.43109,10620.3,1.93444
43620,2.46677,10762.9,1.93698
43680,2.50253,10741.5,1.93654
43740,2.42646,10775.2,1.93717
43800,2.52479,10890.4,1.93593
43860,2.53584,10830.8,1.93821
43920,2.29137,10814.5,1.94112
43980,2.74414,10800.7,1.9407
44040,2.71638,10861.7,1.94556
44100,2.5485,10668.5,1.9385
44160,2.5546,10651.7,1.94202
44220,2.53797,10949.7,1.9456
44280,2.52579,10796.8,1.9426
44340,2.6303,10791.3,1.94365
44400,2.50154,10789.8,1.94158
44460,2.54331,10696.1,1.93584
44520,2.56315,10759.3,1.93466
44580,2.55294,10690.9,1.93297
44640,2.70323,10623.0,1.9349
44700,2.36349,10242.8,1.9287
44760,2.41956,10539.7,1.92983
44820,2.65296,10653.7,1.9338
44880,2.53008,10275.9,1.93128
44940,2.71027,10645.7,1.93503
45000,2.70472,10837.9,1.93904
45060,2.7776,10840.5,1.94258
45120,2.43194,10723.8,1.93816
45180,2.59591,10769.5,1.94236
45240,2.51154,10794.3,1.9401
45300,2.67611,10652.0,1.93811
45360,2.74759,11055.6,1.94453
45420,2.78705,11100.2,1.95574
45480,3.00674,10929.0,1.95114
45540,2.60612,10927.7,1.9513
45600,3.13057,10948.4,1.94844
45660,2.78963,11261.3,1.94956
45720,2.61788,11021.1,1.95101
45780,3.09855,11215.8,1.95314
45840,3.0624,11363.0,1.95882
45900,2.73436,11131.5,1.95896
45960,2.85494,11184.4,1.96295
46020,2.91665,11207.3,1.96233
46080,2.76852,10941.8,1.95216
46140,2.81906,11023.9,1.95046
46200,2.66638,10779.5,1.94667
46260,2.53408,10662.2,1.94142
46320,2.75956,10647.6,1.94176
46380,2.54089,10734.6,1.94061
46440,2.43944,10619.2,1.94172
46500,2.59041,10672.2,1.93985
46560,2.63605,10645.9,1.93707
46620,2.47719,10734.9,1.93881
46680,2.43991,10658.6,1.93971
46740,2.46682,10925.0,1.94102
46800,2.15557,10536.9,1.93388
46860,2.17586,10358.0,1.93188
46920,2.11413,10478.7,1.93128
46980,2.54421,10523.3,1.93759
47040,2.38987,10580.3,1.93573
47100,2.43306,10826.0,1.94494
47160,2.68762,11089.1,1.95
47220,2.792,11249.9,1.95394
47280,2.72256,11446.1,1.95957
47340,2.55727,11382.5,1.9615
47400,2.71969,11323.6,1.96204
47460,2.89756,11350.9,1.96171
47520,2.59252,11052.1,1.95191
47580,2.56493,11181.9,1.95277
47640,2.7903,11332.8,1.95705
47700,2.84581,10997.1,1.95235
47760,3.0507,11293.4,1.96688
47820,3.05808,11650.0,1.97421
47880,2.97688,11800.4,1.97855
47940,3.13385,11946.2,1.97425
48000,2.87503,11480.7,1.96509
48060,2.62751,11442.7,1.96479
48120,2.73454,11447.5,1.96277
48180,2.86236,11572.6,1.98219
48240,2.67573,11178.4,1.95966
48300,3.39064,11806.3,1.97058
48360,3.29183,11692.9,1.97409
48420,3.2364,11856.7,1.98091
48480,2.84639,11658.1,1.9693
48540,3.02264,11618.8,1.96825
48600,2.8937,11581.3,1.96151
48660,2.79446,11555.2,1.95971
48720,2.77326,11648.9,1.95804
48780,2.87085,11651.3,1.96225
48840,3.11849,11905.1,1.96945
48900,3.12883,11821.3,1.96884
48960,3.20214,12066.5,1.96903
49020,2.97056,11777.5,1.96047
49080,3.08552,11986.0,1.96106
49140,3.25132,11950.0,1.9614
49200,3.13924,11838.5,1.95865
49260,3.26432,12034.4,1.96537
49320,3.31808,11910.0,1.96173
49380,3.18159,11874.8,1.96531
49440,2.93484,11875.5,1.96548
49500,3.19949,11642.3,1.95268
49560,2.78146,11641.4,1.95123
49620,2.93327,11524.3,1.95145
49680,2.84391,11496.4,1.94639
49740,3.02014,11801.0,1.95217
49800,2.84009,11592.0,1.94874
49860,3.19918,12033.6,1.95071
49920,2.74991,11775.3,1.94894
49980,2.56361,11483.3,1.93838
50040,2.95628,11668.9,1.94993
50100,2.96296,11741.4,1.95542
50160,2.83104,11757.4,1.95123
50220,3.00423,12402.3,1.95414
50280,3.00837,12281.7,1.95502
50340,2.60736,12085.7,1.95279
50400,2.88621,11799.1,1.94064
50460,2.5557,11749.8,1.93371
50520,2.44575,11659.2,1.92812
50580,2.78468,11735.7,1.9279
50640,2.34064,11703.8,1.9261
50700,2.53288,11918.6,1.9271
50760,2.65489,11769.9,1.92405
50820,2.79412,12024.8,1.9314
50880,2.62726,11971.1,1.92259
50940,2.48103,11791.9,1.92335
51000,2.49774,11774.5,1.92374
51060,2.6812,11909.5,1.92271
51120,2.55019,11867.3,1.92638
51180,2.308,11758.5,1.92296
51240,2.60932,11885.3,1.92113
51300,2.56261,12074.7,1.92529
51360,2.68262,11979.2,1.9264
51420,2.74929,12073.9,1.92509
51480,2.70535,12028.1,1.92708
51540,2.63941,12090.4,1.92956
51600,2.92181,12275.2,1.93832
51660,2.9361,12687.4,1.94044
51720,3.01707,12699.9,1.94934
51780,3.49604,13067.7,1.95598
51840,3.47662,13190.0,1.96284
51900,3.26698,13114.3,1.963
51960,3.66211,13171.2,1.9646
52020,3.47331,12993.7,1.9677
52080,3.4761,13306.0,1.96803
52140,3.70234,13466.3,1.96507
52200,3.54417,13310.9,1.9622
52260,3.47042,13038.9,1.96035
52320,3.59222,13334.2,1.96305
52380,3.41258,13318.2,1.96224
52440,3.60754,13644.1,1.96505
52500,3.70898,13412.0,1.96617
52560,3.76129,13458.6,1.96688
52620,3.67128,13389.1,1.96571
52680,3.6939,13428.6,1.96734
52740,3.64097,13411.6,1.96822
52800,3.71812,13723.0,1.96779
52860,3.4175,13020.5,1.95881
52920,3.31143,12913.2,1.9567
52980,3.41968,13369.5,1.95892
53040,3.47546,13004.0,1.95468
53100,3.42011,13196.7,1.94994
53160,3.41375,12885.6,1.94994
53220,3.28722,13108.9,1.95421
53280,3.20085,13418.1,1.95694
53340,3.35799,14115.2,1.95857
53400,3.22848,14324.5,1.95762
53460,3.00881,14455.4,1.9599
53520,2.99466,14609.4,1.95678
53580,3.04412,14793.1,1.95739
53640,3.49776,14903.3,1.96048
53700,3.19747,14936.1,1.95432
53760,3.15423,14907.7,1.95704
53820,3.15244,15044.2,1.95713
53880,3.40178,15175.1,1.95616
53940,3.15838,15274.8,1.95671
54000,3.08487,15440.2,1.96031
54060,3.32668,14973.5,1.95699
54120,3.37822,14957.0,1.95727
54180,3.29079,15012.5,1.95616
54240,3.1467,15158.5,1.95435
54300,3.07804,15377.6,1.9508
54360,2.83848,15771.2,1.95591
54420,2.48237,15938.7,1.952
54480,2.27858,16020.6,1.95456
54540,2.2781,15959.5,1.95562
54600,2.23466,16110.3,1.95521
54660,2.65089,16578.7,1.95673
54720,2.56877,16307.2,1.95538
54780,2.31572,16271.6,1.95525
54840,2.66658,16318.3,1.95371
54900,2.57798,16509.4,1.95249
54960,2.36427,16576.2,1.95406
55020,2.57268,16316.9,1.95782
55080,2.94623,16432.4,1.95474
55140,2.60963,15920.1,1.94878
55200,2.66683,14629.9,1.94021
55260,2.66919,15338.4,1.93914
55320,2.54296,15752.0,1.93806
55380,2.6281,15056.6,1.9359
55440,2.42084,14915.8,1.93576
55500,2.43886,15182.6,1.93504
55560,2.67136,15312.5,1.93663
55620,2.76348,15464.1,1.93761
55680,2.60201,15532.7,1.93566
55740,2.66877,15511.8,1.93526
55800,2.47212,15340.9,1.93526
55860,2.66993,15747.8,1.93444
55920,2.61148,15253.6,1.93595
55980,2.62512,15325.1,1.93704
56040,2.49423,15347.0,1.93364
56100,2.73343,15422.9,1.93471
56160,2.51869,15507.1,1.93726
56220,2.39882,15643.2,1.93581
56280,2.55979,15574.3,1.93641
56340,2.68732,15598.4,1.93637
56400,2.813,15655.9,1.93889
56460,2.56301,15499.3,1.93453
56520,2.41568,15557.4,1.93541
56580,2.59633,15725.7,1.93497
56640,2.91607,15823.1,1.93936
56700,2.80185,15920.7,1.93739
56760,2.77732,15396.4,1.93424
56820,2.7314,15641.9,1.93055
56880,2.89758,15628.4,1.93215
56940,2.88576,15633.5,1.93212
57000,2.55977,15442.1,1.92833
57060,2.81939,15448.7,1.93313
57120,2.57413,15295.1,1.92972
57180,2.71589,15297.6,1.93015
57240,2.50936,15180.6,1.93069
57300,2.47909,15048.7,1.9285
57360,2.56601,15287.7,1.92974
57420,2.64676,15654.3,1.92806
57480,2.78639,15388.8,1.93014
57540,2.6756,15233.2,1.92767
57600,2.77259,15269.8,1.9269
57660,2.48849,15089.4,1.92797
57720,2.58671,15278.1,1.92982
57780,2.43268,14771.9,1.92696
57840,3.31425,14674.5,1.92721
57900,2.6436,14806.0,1.9267
57960,2.47563,14873.5,1.92483
58020,2.65203,14975.2,1.92812
58080,2.49688,14883.0,1.92856
58140,2.85902,15027.2,1.93094
58200,2.71367,14760.7,1.92659
58260,2.90247,15007.3,1.92779
58320,2.65264,14921.6,1.92278
58380,2.38584,14968.0,1.92483
58440,2.40407,14910.7,1.9234
58500,2.69207,14792.8,1.92291
58560,2.73809,14939.6,1.923
58620,2.47536,14931.5,1.92391
58680,2.8981,14956.9,1.92356
58740,2.81163,15194.0,1.92174
58800,2.48679,14886.4,1.91855
58860,2.64363,15004.1,1.91759
58920,2.81395,15196.1,1.91983
58980,2.58149,15091.0,1.92027
59040,2.7073,15066.2,1.91928
59100,2.92217,15039.8,1.92065
59160,2.9435,15246.8,1.91725
59220,2.59089,15177.7,1.91901
59280,2.83226,15140.5,1.91788
59340,2.82916,15131.2,1.91827
59400,2.77403,15200.5,1.91795
59460,2.95397,15169.1,1.91766
59520,2.90224,15686.6,1.91835
59580,3.26738,15593.8,1.91773
59640,3.08131,15329.3,1.9207
59700,2.97221,15319.6,1.9195
59760,2.88315,15262.2,1.91844
59820,2.82503,15561.5,1.91955
59880,2.88677,15111.6,1.91871
59940,3.18809,14984.3,1.91824
60000,3.02923,14999.6,1.91646
60060,3.16577,14934.6,1.91643
60120,2.9844,14916.4,1.91728
60180,3.24421,15062.7,1.91658
60240,3.35313,14959.4,1.91798
60300,2.90058,14443.0,1.91684
60360,3.16278,14636.5,1.91705
60420,3.17277,14434.5,1.91857
60480,3.17816,14813.3,1.91847
60540,3.16887,14614.6,1.91636
60600,3.15432,14514.6,1.91511
60660,3.53211,14731.9,1.9192
60720,3.38482,14989.5,1.91983
60780,3.10771,15079.9,1.91758
60840,2.73484,14018.2,1.91383
60900,2.67062,13904.2,1.91206
60960,2.57521,14083.7,1.91258
61020,2.95323,14240.0,1.91397
61080,2.75563,14297.4,1.91089
61140,3.08579,14390.3,1.91266
61200,3.14671,14751.4,1.91257
61260,3.1672,15270.0,1.90968
61320,3.22241,15073.4,1.91249
61380,3.34207,14661.7,1.91267
61440,2.99333,14431.4,1.91052
61500,3.3483,15108.1,1.91241
61560,3.04001,15135.2,1.90955
61620,2.76798,14528.8,1.91513
61680,3.1656,15212.6,1.91125
61740,2.97542,14716.7,1.91219
61800,2.98813,14244.9,1.91015
61860,2.84531,14499.0,1.91057
61920,2.91056,14817.0,1.91137
61980,2.92845,14548.1,1.91303
62040,3.19601,14899.0,1.90906
62100,3.14578,14803.8,1.91162
62160,3.39134,15117.0,1.91402
62220,3.10134,14521.0,1.90863
62280,3.11391,14356.5,1.90954
62340,3.00217,14345.9,1.90944
62400,3.13572,14491.5,1.91364
62460,3.01235,14662.3,1.90846
62520,3.02192,14577.4,1.90794
62580,3.46939,14827.3,1.9103
62640,3.13209,14690.9,1.91124
62700,2.92356,14506.3,1.90757
62760,2.93633,14694.3,1.90951
62820,2.93368,14535.2,1.90708
62880,3.22693,14807.7,1.9077
62940,3.04172,14946.8,1.90635
63000,2.83046,14623.6,1.90735
63060,3.06206,14650.9,1.90846
63120,2.89106,14654.4,1.90733
63180,2.76822,14726.4,1.90972
63240,2.81932,14744.1,1.90352
63300,2.83151,14518.2,1.90531
63360,2.75837,14392.9,1.90472
63420,3.06219,14504.4,1.90848
63480,2.84055,14521.4,1.90573
63540,3.11548,14644.9,1.90522
63600,3.1066,14577.3,1.90694
63660,2.50721,14206.9,1.90488
63720,3.00504,14739.0,1.90781
63780,2.7779,14313.2,1.90519
63840,2.44825,14082.7,1.90382
63900,2.45785,14299.4,1.90139
63960,2.27095,13859.7,1.90129
64020,2.43054,13633.7,1.902
64080,2.30633,13750.9,1.90144
64140,2.03193,13531.8,1.9
64200,2.38371,13567.4,1.90218
64260,2.22866,13697.9,1.9021
64320,2.01322,13455.0,1.90303
64380,2.41086,14002.8,1.9027
64440,2.2124,13606.0,1.89931
64500,2.44413,13612.9,1.89887
64560,2.50226,14138.4,1.90216
64620,2.65733,14097.8,1.90413
64680,2.62726,13584.3,1.90196
64740,2.66203,14107.9,1.90212
64800,2.6139,14334.1,1.90253
64860,2.85563,14173.3,1.90219
