CampaignData_and_Merges/R0/CSL_MobileLab_Parked/raw/20240809/USOS-O3_MobileLabGround_20240809_R0.ict
34, 1001
Carrie Womack
NOAA Chemical Sciences Laboratory
2B Tech O3 UV Analyzer
USOS
1, 1
2024, 08, 09, 2024, 12, 21
60
Time_Start, seconds_past_midnight, Seconds from midnight UTC
1
1
-9999
O3_ppb, ppb, Ozone from 2B Tech UV Analyzer
1
SPECIAL COMMENTS:
18
PI_CONTACT_INFO: Address: 325 Broadway R/CSL7, Boulder, CO, 80305
PLATFORM: CSL Mobile Lab
LOCATION: Salt Lake City, UT
ASSOCIATED_DATA: N/A
INSTRUMENT_INFO: N/A
DATA_INFO: Units:
UNCERTAINTY: N/A
ULOD_FLAG: -7777
ULOD_VALUE: N/A
LLOD_FLAG: -8888
LLOD_VALUE: N/A
DM_CONTACT_INFO: Data Manager: Nate Howard
PROJECT_INFO: 
STIPULATIONS_ON_USE: Use of these data require prior ok from PI.
OTHER_COMMENTS: N/A
REVISION: R0
R0: Final data. RA: Preliminary Data.  For in-field use only.
Time_Start, O3_ppb
0.0,67.1
60.0,68.3
120.0,68.3
180.0,69.6
240.0,69.0
300.0,68.8
360.0,67.6
420.0,67.9
480.0,67.9
540.0,70.7
600.0,70.5
660.0,70.7
720.0,70.6
780.0,71.1
840.0,68.7
900.0,69.2
960.0,71.0
1020.0,71.3
1080.0,69.9
1140.0,70.4
1200.0,70.5
1260.0,69.5
1320.0,68.8
1380.0,69.0
1440.0,69.8
1500.0,69.8
1560.0,68.6
1620.0,69.9
1680.0,70.3
1740.0,70.3
1800.0,70.6
1860.0,70.0
1920.0,71.5
1980.0,71.4
2040.0,70.1
2100.0,70.8
2160.0,71.9
2220.0,72.0
2280.0,71.3
2340.0,69.6
2400.0,71.2
2460.0,71.3
2520.0,70.0
2580.0,70.0
2640.0,70.2
2700.0,70.9
2760.0,72.6
2820.0,70.8
2880.0,70.9
2940.0,70.3
3000.0,72.0
3060.0,70.8
3120.0,69.7
3180.0,69.2
3240.0,69.5
3300.0,69.8
3360.0,69.0
3420.0,69.4
3480.0,69.8
3540.0,71.7
3600.0,71.3
3660.0,70.7
3720.0,69.7
3780.0,69.9
3840.0,68.4
3900.0,68.7
3960.0,68.8
4020.0,67.2
4080.0,68.0
4140.0,68.7
4200.0,68.6
4260.0,68.6
4320.0,67.5
4380.0,68.5
4440.0,68.7
4500.0,69.1
4560.0,68.6
4620.0,67.7
4680.0,68.5
4740.0,68.0
4800.0,67.8
4860.0,66.6
4920.0,67.1
4980.0,67.6
5040.0,65.7
5100.0,67.0
5160.0,65.0
5220.0,65.2
5280.0,64.2
5340.0,64.8
5400.0,66.0
5460.0,64.2
5520.0,64.1
5580.0,64.7
5640.0,64.2
5700.0,64.5
5760.0,64.4
5820.0,63.4
5880.0,63.6
5940.0,61.1
6000.0,63.2
6060.0,63.4
6120.0,63.0
6180.0,64.8
6240.0,62.1
6300.0,60.6
6360.0,62.5
6420.0,63.5
6480.0,65.1
6540.0,64.5
6600.0,64.1
6660.0,62.1
6720.0,63.7
6780.0,65.1
6840.0,63.2
6900.0,63.0
6960.0,64.4
7020.0,64.3
7080.0,63.8
7140.0,63.0
7200.0,62.5
7260.0,61.5
7320.0,62.8
7380.0,64.2
7440.0,64.2
7500.0,65.9
7560.0,64.5
7620.0,65.6
7680.0,66.2
7740.0,65.1
7800.0,65.3
7860.0,65.7
7920.0,65.0
7980.0,65.3
8040.0,64.9
8100.0,65.4
8160.0,63.3
8220.0,63.3
8280.0,64.7
8340.0,63.3
8400.0,63.7
8460.0,59.6
8520.0,55.5
8580.0,58.5
8640.0,56.7
8700.0,51.3
8760.0,47.8
8820.0,51.6
8880.0,51.2
8940.0,51.6
9000.0,50.1
9060.0,52.2
9120.0,57.4
9180.0,57.1
9240.0,55.2
9300.0,54.0
9360.0,53.8
9420.0,55.4
9480.0,53.5
9540.0,52.8
9600.0,53.1
9660.0,53.0
9720.0,53.7
9780.0,52.2
9840.0,52.5
9900.0,52.1
9960.0,50.5
10020.0,52.3
10080.0,51.7
10140.0,51.0
10200.0,53.0
10260.0,52.4
10320.0,51.7
10380.0,51.6
10440.0,52.5
10500.0,52.4
10560.0,52.6
10620.0,52.4
10680.0,53.0
10740.0,52.2
10800.0,52.2
10860.0,51.9
10920.0,52.0
10980.0,50.7
11040.0,50.8
11100.0,51.6
11160.0,50.1
11220.0,49.5
11280.0,49.6
11340.0,49.8
11400.0,49.5
11460.0,50.1
11520.0,50.5
11580.0,50.5
11640.0,51.8
11700.0,52.1
11760.0,51.4
11820.0,50.8
11880.0,51.5
11940.0,51.4
12000.0,51.6
12060.0,54.0
12120.0,52.2
12180.0,51.3
12240.0,51.4
12300.0,51.7
12360.0,51.8
12420.0,53.4
12480.0,53.8
12540.0,52.4
12600.0,52.2
12660.0,51.3
12720.0,50.0
12780.0,51.2
12840.0,51.9
12900.0,51.8
12960.0,53.6
13020.0,53.2
13080.0,52.0
13140.0,52.0
13200.0,52.3
13260.0,51.7
13320.0,50.6
13380.0,50.4
13440.0,49.5
13500.0,51.9
13560.0,50.1
13620.0,51.3
13680.0,53.0
13740.0,49.3
13800.0,46.1
13860.0,50.8
13920.0,49.1
13980.0,49.5
14040.0,49.8
14100.0,51.4
14160.0,52.4
14220.0,52.2
14280.0,51.8
14340.0,48.6
14400.0,49.8
14460.0,52.2
14520.0,50.7
14580.0,53.1
14640.0,53.2
14700.0,50.5
14760.0,53.4
14820.0,53.5
14880.0,54.2
14940.0,53.3
15000.0,46.3
15060.0,50.6
15120.0,53.2
15180.0,54.4
15240.0,54.1
15300.0,53.2
15360.0,52.8
15420.0,50.9
15480.0,52.6
15540.0,52.9
15600.0,51.8
15660.0,50.3
15720.0,48.8
15780.0,49.6
15840.0,52.1
15900.0,52.3
15960.0,53.0
16020.0,55.1
16080.0,54.6
16140.0,53.5
16200.0,50.9
16260.0,51.6
16320.0,52.6
16380.0,51.7
16440.0,50.7
16500.0,51.7
16560.0,51.7
16620.0,51.7
16680.0,50.1
16740.0,52.0
16800.0,49.3
16860.0,49.0
16920.0,50.7
16980.0,49.5
17040.0,48.4
17100.0,46.5
17160.0,45.8
17220.0,46.0
17280.0,45.6
17340.0,46.1
17400.0,48.0
17460.0,46.2
17520.0,46.6
17580.0,45.3
17640.0,42.8
17700.0,47.3
17760.0,45.0
17820.0,43.9
17880.0,37.2
17940.0,45.0
18000.0,50.0
18060.0,51.5
18120.0,50.8
18180.0,49.1
18240.0,49.3
18300.0,50.3
18360.0,49.7
18420.0,50.1
18480.0,49.6
18540.0,50.7
18600.0,50.6
18660.0,51.2
18720.0,48.0
18780.0,46.8
18840.0,42.7
18900.0,42.4
18960.0,41.7
19020.0,42.5
19080.0,44.5
19140.0,41.1
19200.0,40.6
19260.0,45.0
19320.0,47.0
19380.0,47.0
19440.0,45.6
19500.0,46.8
19560.0,48.1
19620.0,47.4
19680.0,49.2
19740.0,48.1
19800.0,49.3
19860.0,47.9
19920.0,47.8
19980.0,48.1
20040.0,47.9
20100.0,48.4
20160.0,47.3
20220.0,48.2
20280.0,46.7
20340.0,45.3
20400.0,44.9
20460.0,45.8
20520.0,46.1
20580.0,45.6
20640.0,45.9
20700.0,45.3
20760.0,46.7
20820.0,45.7
20880.0,46.0
20940.0,47.0
21000.0,47.3
21060.0,47.0
21120.0,48.0
21180.0,46.8
21240.0,45.6
21300.0,46.1
21360.0,46.1
21420.0,47.5
21480.0,46.3
21540.0,50.0
21600.0,47.9
21660.0,46.0
21720.0,44.5
21780.0,42.3
21840.0,38.0
21900.0,35.2
21960.0,37.8
22020.0,40.8
22080.0,40.1
22140.0,40.9
22200.0,42.2
22260.0,41.9
22320.0,37.1
22380.0,39.6
22440.0,41.9
22500.0,42.8
22560.0,45.5
22620.0,46.5
22680.0,44.3
22740.0,42.8
22800.0,40.6
22860.0,39.9
22920.0,43.8
22980.0,45.8
23040.0,45.8
23100.0,46.7
23160.0,44.4
23220.0,43.5
23280.0,45.0
23340.0,45.4
23400.0,45.8
23460.0,45.3
23520.0,47.4
23580.0,45.3
23640.0,45.1
23700.0,44.6
23760.0,44.6
23820.0,45.7
23880.0,46.2
23940.0,44.7
24000.0,48.5
24060.0,48.6
24120.0,49.0
24180.0,50.1
24240.0,49.0
24300.0,49.6
24360.0,48.3
24420.0,48.8
24480.0,48.8
24540.0,48.3
24600.0,50.3
24660.0,47.9
24720.0,48.1
24780.0,48.2
24840.0,48.8
24900.0,50.1
24960.0,52.3
25020.0,50.3
25080.0,49.2
25140.0,49.6
25200.0,49.3
25260.0,49.0
25320.0,49.5
25380.0,48.0
25440.0,48.1
25500.0,48.7
25560.0,48.9
25620.0,49.0
25680.0,48.1
25740.0,47.4
25800.0,47.8
25860.0,47.3
25920.0,48.1
25980.0,48.3
26040.0,48.2
26100.0,48.5
26160.0,48.0
26220.0,48.0
26280.0,46.9
26340.0,47.7
26400.0,48.9
26460.0,48.7
26520.0,48.0
26580.0,48.9
26640.0,47.5
26700.0,49.0
26760.0,48.6
26820.0,47.6
26880.0,47.8
26940.0,47.9
27000.0,48.4
27060.0,46.3
27120.0,49.1
27180.0,48.5
27240.0,49.6
27300.0,49.8
27360.0,47.7
27420.0,46.1
27480.0,47.2
27540.0,46.7
27600.0,48.9
27660.0,48.2
27720.0,48.2
27780.0,45.8
27840.0,41.5
27900.0,44.2
27960.0,44.7
28020.0,45.8
28080.0,47.5
28140.0,47.0
28200.0,45.1
28260.0,45.9
28320.0,46.8
28380.0,47.8
28440.0,47.0
28500.0,46.2
28560.0,46.2
28620.0,47.2
28680.0,45.3
28740.0,47.3
28800.0,47.4
28860.0,48.4
28920.0,48.5
28980.0,48.0
29040.0,46.7
29100.0,48.2
29160.0,47.0
29220.0,48.0
29280.0,46.0
29340.0,45.2
29400.0,45.0
29460.0,44.6
29520.0,45.8
29580.0,45.7
29640.0,44.7
29700.0,43.6
29760.0,45.2
29820.0,43.6
29880.0,41.7
29940.0,40.8
30000.0,43.5
30060.0,48.1
30120.0,48.2
30180.0,48.1
30240.0,44.6
30300.0,45.3
30360.0,46.3
30420.0,46.8
30480.0,46.7
30540.0,46.1
30600.0,45.2
30660.0,47.0
30720.0,47.7
30780.0,48.1
30840.0,47.8
30900.0,47.7
30960.0,47.5
31020.0,46.4
31080.0,45.5
31140.0,43.9
31200.0,45.5
31260.0,44.8
31320.0,45.2
31380.0,46.8
31440.0,47.0
31500.0,47.6
31560.0,47.2
31620.0,48.2
31680.0,47.5
31740.0,46.9
31800.0,48.3
31860.0,48.1
31920.0,47.1
31980.0,48.3
32040.0,49.8
32100.0,49.2
32160.0,51.1
32220.0,49.8
32280.0,48.8
32340.0,49.5
32400.0,48.7
32460.0,50.1
32520.0,49.5
32580.0,50.1
32640.0,50.7
32700.0,48.5
32760.0,48.1
32820.0,49.6
32880.0,49.5
32940.0,49.4
33000.0,49.7
33060.0,49.1
33120.0,48.9
33180.0,47.9
33240.0,47.0
33300.0,49.8
33360.0,46.4
33420.0,44.9
33480.0,46.4
33540.0,47.6
33600.0,48.1
33660.0,46.4
33720.0,45.8
33780.0,48.9
33840.0,48.8
33900.0,45.5
33960.0,49.0
34020.0,47.3
34080.0,45.9
34140.0,42.1
34200.0,44.5
34260.0,43.1
34320.0,47.3
34380.0,45.2
34440.0,46.5
34500.0,48.1
34560.0,47.6
34620.0,47.2
34680.0,48.1
34740.0,48.4
34800.0,46.9
34860.0,50.1
34920.0,51.2
34980.0,48.0
35040.0,47.1
35100.0,45.0
35160.0,45.8
35220.0,47.5
35280.0,45.7
35340.0,45.2
35400.0,45.0
35460.0,45.9
35520.0,45.4
35580.0,44.8
35640.0,45.2
35700.0,46.5
35760.0,45.6
35820.0,44.2
35880.0,43.3
35940.0,42.0
36000.0,43.1
36060.0,44.0
36120.0,42.0
36180.0,40.7
36240.0,41.7
36300.0,42.0
36360.0,40.1
36420.0,41.6
36480.0,39.9
36540.0,40.0
36600.0,41.3
36660.0,41.5
36720.0,40.9
36780.0,41.7
36840.0,39.1
36900.0,36.7
36960.0,36.7
37020.0,38.5
37080.0,40.1
37140.0,41.0
37200.0,41.4
37260.0,41.6
37320.0,42.2
37380.0,42.4
37440.0,40.8
37500.0,40.0
37560.0,41.7
37620.0,41.7
37680.0,41.8
37740.0,40.5
37800.0,41.1
37860.0,39.9
37920.0,40.3
37980.0,37.7
38040.0,37.7
38100.0,39.1
38160.0,38.8
38220.0,37.9
38280.0,40.0
38340.0,38.7
38400.0,41.5
38460.0,41.9
38520.0,41.3
38580.0,41.0
38640.0,41.1
38700.0,42.1
38760.0,40.8
38820.0,39.7
38880.0,41.2
38940.0,40.1
39000.0,38.1
39060.0,40.6
39120.0,40.3
39180.0,39.1
39240.0,38.4
39300.0,38.7
39360.0,39.3
39420.0,39.2
39480.0,40.1
39540.0,38.5
39600.0,38.9
39660.0,39.7
39720.0,39.0
39780.0,41.5
39840.0,41.5
39900.0,39.9
39960.0,41.4
40020.0,39.8
40080.0,39.2
40140.0,37.9
40200.0,37.8
40260.0,34.7
40320.0,33.0
40380.0,34.6
40440.0,35.9
40500.0,31.5
40560.0,33.7
40620.0,32.0
40680.0,31.4
40740.0,33.4
40800.0,36.9
40860.0,38.7
40920.0,36.9
40980.0,38.5
41040.0,34.1
41100.0,32.2
41160.0,36.0
41220.0,34.5
41280.0,35.5
41340.0,32.4
41400.0,31.0
41460.0,35.3
41520.0,35.9
41580.0,35.9
41640.0,35.5
41700.0,35.0
41760.0,34.1
41820.0,33.1
41880.0,35.3
41940.0,36.0
42000.0,36.3
42060.0,34.7
42120.0,34.0
42180.0,35.3
42240.0,30.8
42300.0,30.6
42360.0,33.3
42420.0,34.5
42480.0,32.6
42540.0,32.9
42600.0,34.4
42660.0,35.3
42720.0,34.7
42780.0,34.2
42840.0,32.3
42900.0,33.8
42960.0,34.6
43020.0,32.5
43080.0,34.8
43140.0,35.0
43200.0,37.0
43260.0,42.0
43320.0,41.5
43380.0,42.2
43440.0,44.2
43500.0,41.1
43560.0,45.8
43620.0,45.3
43680.0,45.0
43740.0,42.6
43800.0,43.8
43860.0,44.7
43920.0,42.3
43980.0,44.3
44040.0,44.7
44100.0,45.1
44160.0,42.3
44220.0,39.4
44280.0,43.2
44340.0,43.2
44400.0,43.8
44460.0,45.5
44520.0,43.6
44580.0,43.1
44640.0,43.4
44700.0,45.9
44760.0,44.5
44820.0,42.4
44880.0,45.2
44940.0,39.6
45000.0,38.7
45060.0,36.5
45120.0,38.2
45180.0,36.0
45240.0,36.2
45300.0,40.2
45360.0,34.0
45420.0,36.3
45480.0,39.0
45540.0,38.3
45600.0,37.2
45660.0,35.3
45720.0,38.2
45780.0,32.1
45840.0,25.5
45900.0,32.8
45960.0,36.2
46020.0,34.1
46080.0,39.3
46140.0,39.5
46200.0,39.6
46260.0,39.4
46320.0,41.5
46380.0,41.9
46440.0,42.4
46500.0,40.6
46560.0,42.9
46620.0,42.4
46680.0,42.6
46740.0,40.0
46800.0,43.3
46860.0,45.2
46920.0,43.3
46980.0,44.5
47040.0,42.8
47100.0,41.3
47160.0,40.3
47220.0,39.8
47280.0,36.1
47340.0,36.7
47400.0,37.1
47460.0,37.1
47520.0,39.3
47580.0,37.7
47640.0,33.1
47700.0,39.2
47760.0,31.8
47820.0,29.5
47880.0,27.0
47940.0,25.0
48000.0,30.7
48060.0,34.2
48120.0,30.6
48180.0,24.9
48240.0,33.7
48300.0,23.0
48360.0,22.7
48420.0,21.4
48480.0,24.1
48540.0,26.7
48600.0,25.7
48660.0,26.9
48720.0,28.0
48780.0,28.0
48840.0,23.9
48900.0,25.6
48960.0,23.7
49020.0,26.0
49080.0,26.6
49140.0,26.5
49200.0,26.5
49260.0,24.7
49320.0,23.1
49380.0,20.8
49440.0,22.1
49500.0,27.7
49560.0,29.2
49620.0,28.3
49680.0,33.4
49740.0,28.5
49800.0,31.0
49860.0,27.4
49920.0,33.2
49980.0,39.5
50040.0,34.8
50100.0,31.6
50160.0,32.6
50220.0,28.9
50280.0,28.0
50340.0,32.4
50400.0,38.0
50460.0,41.5
50520.0,44.2
50580.0,43.6
50640.0,44.5
50700.0,41.6
50760.0,41.0
50820.0,38.6
50880.0,42.5
50940.0,39.9
51000.0,41.2
51060.0,39.6
51120.0,42.9
51180.0,44.3
51240.0,41.5
51300.0,40.9
51360.0,42.4
51420.0,41.8
51480.0,43.4
51540.0,43.4
51600.0,37.8
51660.0,35.6
51720.0,33.6
51780.0,30.6
51840.0,30.3
51900.0,31.8
51960.0,32.0
52020.0,32.8
52080.0,31.2
52140.0,32.7
52200.0,33.6
52260.0,35.6
52320.0,33.9
52380.0,34.8
52440.0,34.3
52500.0,33.9
52560.0,33.3
52620.0,32.6
52680.0,33.0
52740.0,33.8
52800.0,33.8
52860.0,35.9
52920.0,37.0
52980.0,36.0
53040.0,36.8
53100.0,36.7
53160.0,38.9
53220.0,37.1
53280.0,36.4
53340.0,34.5
53400.0,33.6
53460.0,34.0
53520.0,36.3
53580.0,33.5
53640.0,32.9
53700.0,32.7
53760.0,33.5
53820.0,33.8
53880.0,33.6
53940.0,32.3
54000.0,32.4
54060.0,33.5
54120.0,35.0
54180.0,34.7
54240.0,34.7
54300.0,36.2
54360.0,36.1
54420.0,39.0
54480.0,38.6
54540.0,38.6
54600.0,38.5
54660.0,37.3
54720.0,39.0
54780.0,38.7
54840.0,38.9
54900.0,38.1
54960.0,38.7
55020.0,37.6
55080.0,37.3
55140.0,39.2
55200.0,41.2
55260.0,39.9
55320.0,41.7
55380.0,42.4
55440.0,43.0
55500.0,41.5
55560.0,40.9
55620.0,36.2
55680.0,39.1
55740.0,39.7
55800.0,40.1
55860.0,37.9
55920.0,42.0
55980.0,43.0
56040.0,41.6
56100.0,41.7
56160.0,41.0
56220.0,39.8
56280.0,41.9
56340.0,40.6
56400.0,42.9
56460.0,43.2
56520.0,43.0
56580.0,42.2
56640.0,42.4
56700.0,42.2
56760.0,43.8
56820.0,42.4
56880.0,43.1
56940.0,43.9
57000.0,43.7
57060.0,44.3
57120.0,45.0
57180.0,44.8
57240.0,44.1
57300.0,44.8
57360.0,43.0
57420.0,41.8
57480.0,43.8
57540.0,44.9
57600.0,43.9
57660.0,44.8
57720.0,39.6
57780.0,45.5
57840.0,45.9
57900.0,44.4
57960.0,43.9
58020.0,43.7
58080.0,43.7
58140.0,43.3
58200.0,43.8
58260.0,44.1
58320.0,44.7
58380.0,44.3
58440.0,45.6
58500.0,45.5
58560.0,45.3
58620.0,45.3
58680.0,45.7
58740.0,44.2
58800.0,45.9
58860.0,45.1
58920.0,46.2
58980.0,45.3
59040.0,45.2
59100.0,46.8
59160.0,45.6
59220.0,46.2
59280.0,46.7
59340.0,46.4
59400.0,46.4
59460.0,46.4
59520.0,45.0
59580.0,45.2
59640.0,45.6
59700.0,46.8
59760.0,46.2
59820.0,45.9
59880.0,47.9
59940.0,47.8
60000.0,48.5
60060.0,49.1
60120.0,48.4
60180.0,48.3
60240.0,47.8
60300.0,51.0
60360.0,50.5
60420.0,51.1
60480.0,50.3
60540.0,51.1
60600.0,50.8
60660.0,48.9
60720.0,46.5
60780.0,47.9
60840.0,52.8
60900.0,53.1
60960.0,52.6
61020.0,52.3
61080.0,52.4
61140.0,54.0
61200.0,52.3
61260.0,52.1
61320.0,50.5
61380.0,53.3
61440.0,52.7
61500.0,51.2
61560.0,49.7
61620.0,52.4
61680.0,51.0
61740.0,49.8
61800.0,53.7
61860.0,51.4
61920.0,51.9
61980.0,53.1
62040.0,49.4
62100.0,51.1
62160.0,48.9
62220.0,53.3
62280.0,53.6
62340.0,53.1
62400.0,53.6
62460.0,53.1
62520.0,52.6
62580.0,53.3
62640.0,51.5
62700.0,51.9
62760.0,51.7
62820.0,51.8
62880.0,51.6
62940.0,49.7
63000.0,50.6
63060.0,50.7
63120.0,50.5
63180.0,50.5
63240.0,50.5
63300.0,52.2
63360.0,52.0
63420.0,52.0
63480.0,52.4
63540.0,52.1
63600.0,51.1
63660.0,52.6
63720.0,51.5
63780.0,52.1
63840.0,51.5
63900.0,52.8
63960.0,53.5
64020.0,53.8
64080.0,53.6
64140.0,54.2
64200.0,53.1
64260.0,54.1
64320.0,53.5
64380.0,53.0
64440.0,53.5
64500.0,54.1
64560.0,51.8
64620.0,52.4
64680.0,54.5
64740.0,52.5
64800.0,52.5
64860.0,53.9
64920.0,54.0
64980.0,53.4
65040.0,54.0
65100.0,54.4
65160.0,53.0
65220.0,55.8
65280.0,55.9
65340.0,57.3
65400.0,55.7
65460.0,53.9
65520.0,53.6
65580.0,52.9
65640.0,53.1
65700.0,55.1
65760.0,54.2
65820.0,55.7
65880.0,55.8
65940.0,55.8
66000.0,56.0
66060.0,56.9
66120.0,57.0
66180.0,56.1
66240.0,55.7
66300.0,55.5
66360.0,54.5
66420.0,54.9
66480.0,56.8
66540.0,54.7
66600.0,55.9
66660.0,57.2
66720.0,57.3
66780.0,56.0
66840.0,55.9
66900.0,56.6
66960.0,56.2
67020.0,54.5
67080.0,55.7
67140.0,55.5
67200.0,55.8
67260.0,56.0
67320.0,57.8
67380.0,56.6
67440.0,56.0
67500.0,57.2
67560.0,55.6
67620.0,55.9
67680.0,57.6
67740.0,56.9
67800.0,54.7
67860.0,55.7
67920.0,56.2
67980.0,54.8
68040.0,55.3
68100.0,55.4
68160.0,55.1
68220.0,56.7
68280.0,55.9
68340.0,56.7
68400.0,57.9
68460.0,58.2
68520.0,56.1
68580.0,55.4
68640.0,58.1
68700.0,57.6
68760.0,57.5
68820.0,58.1
68880.0,57.2
68940.0,58.2
69000.0,48.9
69060.0,57.2
69120.0,57.9
69180.0,58.4
69240.0,57.9
69300.0,59.0
69360.0,57.8
69420.0,57.3
69480.0,57.8
69540.0,58.8
69600.0,58.1
69660.0,58.8
69720.0,57.5
69780.0,57.5
69840.0,60.5
69900.0,59.9
69960.0,59.6
70020.0,58.3
70080.0,59.2
70140.0,58.9
70200.0,59.1
70260.0,58.4
70320.0,58.4
70380.0,59.2
70440.0,58.7
70500.0,59.7
70560.0,58.8
70620.0,59.0
70680.0,56.9
70740.0,59.2
70800.0,59.3
70860.0,59.7
70920.0,58.7
70980.0,59.8
71040.0,61.0
71100.0,58.5
71160.0,58.8
71220.0,56.5
71280.0,59.3
71340.0,60.1
71400.0,58.3
71460.0,59.2
71520.0,60.4
71580.0,60.6
71640.0,60.1
71700.0,59.0
71760.0,60.7
71820.0,60.6
71880.0,59.4
71940.0,60.3
72000.0,58.2
72060.0,57.6
72120.0,57.7
72180.0,58.4
72240.0,56.3
72300.0,54.9
72360.0,56.4
72420.0,58.1
72480.0,58.1
72540.0,58.4
72600.0,58.8
72660.0,56.4
72720.0,58.5
72780.0,59.9
72840.0,61.1
72900.0,58.1
72960.0,57.9
73020.0,58.9
73080.0,60.0
73140.0,58.1
73200.0,57.1
73260.0,59.4
73320.0,61.3
73380.0,61.0
73440.0,59.3
73500.0,61.3
73560.0,60.4
73620.0,62.2
73680.0,61.4
73740.0,62.2
73800.0,60.4
73860.0,56.7
73920.0,55.6
73980.0,57.8
74040.0,59.0
74100.0,59.9
74160.0,58.8
74220.0,59.3
74280.0,59.4
74340.0,57.9
74400.0,57.8
74460.0,56.9
74520.0,55.8
74580.0,56.4
74640.0,57.5
74700.0,54.4
74760.0,55.9
74820.0,57.4
74880.0,58.4
74940.0,57.2
75000.0,57.9
75060.0,59.0
75120.0,59.2
75180.0,57.4
75240.0,58.2
75300.0,58.5
75360.0,58.6
75420.0,58.9
75480.0,58.9
75540.0,57.2
75600.0,-9999.0
75660.0,-9999.0
75720.0,-9999.0
75780.0,-9999.0
75840.0,-9999.0
75900.0,-9999.0
75960.0,-9999.0
76020.0,-9999.0
76080.0,-9999.0
76140.0,-9999.0
76200.0,-9999.0
76260.0,58.6
76320.0,58.3
76380.0,58.0
76440.0,57.3
76500.0,56.2
76560.0,58.4
76620.0,58.8
76680.0,58.0
76740.0,56.0
76800.0,56.5
76860.0,55.7
76920.0,53.8
76980.0,51.1
77040.0,49.8
77100.0,47.7
77160.0,44.9
77220.0,43.5
77280.0,43.5
77340.0,43.5
77400.0,43.1
77460.0,44.5
77520.0,45.0
77580.0,42.9
77640.0,42.8
77700.0,42.7
77760.0,43.8
77820.0,42.3
77880.0,43.2
77940.0,43.9
78000.0,43.4
78060.0,43.4
78120.0,43.4
78180.0,40.3
78240.0,41.5
78300.0,42.8
78360.0,40.5
78420.0,43.1
78480.0,43.8
78540.0,41.9
78600.0,40.3
78660.0,41.0
78720.0,35.2
78780.0,37.5
78840.0,39.7
78900.0,39.7
78960.0,42.9
79020.0,44.0
79080.0,42.0
79140.0,42.1
79200.0,42.2
79260.0,41.4
79320.0,42.1
79380.0,42.3
79440.0,43.5
79500.0,42.8
79560.0,42.3
79620.0,41.9
79680.0,43.2
79740.0,43.4
79800.0,43.5
79860.0,43.5
79920.0,43.8
79980.0,43.0
80040.0,43.1
80100.0,43.0
80160.0,42.9
80220.0,43.9
80280.0,42.5
80340.0,43.2
80400.0,43.9
80460.0,43.4
80520.0,43.5
80580.0,43.0
80640.0,42.4
80700.0,43.0
80760.0,43.9
80820.0,42.3
80880.0,43.6
80940.0,41.8
81000.0,40.6
81060.0,40.8
81120.0,41.6
81180.0,40.3
81240.0,40.9
81300.0,41.5
81360.0,41.4
81420.0,43.0
81480.0,44.0
81540.0,40.7
81600.0,43.0
81660.0,44.0
81720.0,42.8
81780.0,41.1
81840.0,41.8
81900.0,42.6
81960.0,42.8
82020.0,45.0
82080.0,44.0
82140.0,43.0
82200.0,43.3
82260.0,45.5
82320.0,44.4
82380.0,44.9
82440.0,42.5
82500.0,43.6
82560.0,44.5
82620.0,45.1
82680.0,44.3
82740.0,44.9
82800.0,46.4
82860.0,46.0
82920.0,45.6
82980.0,46.3
83040.0,46.4
83100.0,46.2
83160.0,46.6
83220.0,45.2
83280.0,44.8
83340.0,45.1
83400.0,44.3
83460.0,44.3
83520.0,44.6
83580.0,43.9
83640.0,43.6
83700.0,43.8
83760.0,44.5
83820.0,42.4
83880.0,43.7
83940.0,44.1
84000.0,44.4
84060.0,43.8
84120.0,43.1
84180.0,43.5
84240.0,43.2
84300.0,43.9
84360.0,44.5
84420.0,44.0
84480.0,45.5
84540.0,44.5
84600.0,44.3
84660.0,44.3
84720.0,44.2
84780.0,44.8
84840.0,44.4
84900.0,42.8
84960.0,43.8
85020.0,44.9
85080.0,43.7
85140.0,43.0
85200.0,43.5
85260.0,43.3
85320.0,43.3
85380.0,42.5
85440.0,41.8
85500.0,40.6
85560.0,40.9
85620.0,41.2
85680.0,42.2
85740.0,41.1
85800.0,42.1
85860.0,40.6
85920.0,40.2
85980.0,39.1
86040.0,39.2
86100.0,38.4
86160.0,39.8
86220.0,42.3
86280.0,47.5
86340.0,45.8
