CampaignData_and_Merges/R0/CSL_MobileLab_Parked/raw/20240809/USOS-NOy-LIF_MobileLabGround_20240809_R0.ict
39,1001
Rollins, A.; Waxman, E.; Zuraski, K.; Chace, W.
NOAA Chemical Sciences Laboratory
LIF NO/NOx/NOy on CSL Mobile Lab
AMMBEC / USOS
1, 1
2024,08,09, 2025,01,04
1
Time_Start, seconds, number_of_seconds_since_0000_UTC
7
1, 1, 1, 1, 1, 1, 1
-9999, -9999, -9999, -9999, -9999, -9999, -9999
Time_Stop, seconds, number_of_seconds_since_0000_UTC
NO_LIF, pptv, Gas_NO_InSitu_S_AVMR, volume mixing ratio of nitric oxide in air
NO2_LIF, pptv, Gas_NO2_InSitu_S_AVMR, volume mixing ratio of nitrogen dioxide in air
NOy_LIF, pptv, Gas_NOy_InSitu_S_AVMR, volume mixing ratio of total oxidized nitrogen in air
NO_LIF_1SigmaAccuracy, pptv, Gas_NO_InSitu_S_AVMR, volume mixing ratio of nitric oxide in air
NO2_LIF_1SigmaAccuracy, pptv, Gas_NO2_InSitu_S_AVMR, volume mixing ratio of nitrogen dioxide in air
NOy_LIF_1SigmaAccuracy, pptv, Gas_NOy_InSitu_S_AVMR, volume mixing ratio of total oxidized nitrogen in air
0
18
PI_CONTACT_INFO: andrew.rollins@noaa.gov
PLATFORM: CSL Mobile Lab
LOCATION: Salt Lake City, UT
ASSOCIATED_DATA:
INSTRUMENT_INFO: NO detection by laser induced fluorescence. NO2 detection by photolytic conversion to NO. NOy detection by catalytic conversion to NO on gold surface
DATA_INFO:
UNCERTAINTY: Included 1 Sigma Accuracy waves represent the combined calibration uncertainties (±6%, ±9%, ±10%) and zero uncertainties (3 ppt, 20 ppt, 100 ppt) for NO, NO2, and NOy, respectively.
ULOD_FLAG: -7777
ULOD_VALUE: N/A
LLOD_FLAG: -8888
LLOD_VALUE: N/A
DM_CONTACT_INFO: andrew.rollins@noaa.gov
PROJECT_INFO: USOS Project, July - August 2024
STIPULATIONS_ON_USE: Users are strongly encouraged to contact the PI for proper data usage.
OTHER_COMMENTS:
REVISION: R0
R0: final data
Time_Start, Time_Stop, NO_LIF, NO2_LIF, NOy_LIF, NO_LIF_1SigmaAccuracy, NO2_LIF_1SigmaAccuracy, NOy_LIF_1SigmaAccuracy
       0,      60,354.56,3116.4,4637.9,24.273, 300.47, 563.79
      60,     120,249.03,2623.2,4327.9,17.942, 256.08, 532.79
     120,     180,249.55,2435.7,3766.3,17.973, 239.21, 476.63
     180,     240,222,2120.8,3437.2,16.32, 210.88, 443.72
     240,     300,217.98,2060.5,3315.2,16.079, 205.44, 431.52
     300,     360,268.47,2154.1,3420.5,19.108, 213.87, 442.05
     360,     420,350.39,2489.5,3752.6,24.024, 244.05, 475.26
     420,     480,363.27,2620.7,4120.9,24.796, 255.86, 512.09
     480,     540,463.17,2859.3,4666.1,30.79, 277.33, 566.61
     540,     600,396.26,2414,4039.9,26.776, 237.26, 503.99
     600,     660,349.78,2354.5,3784.3,23.987, 231.9, 478.43
     660,     720,310.27,2492,3916.8,21.616, 244.28, 491.68
     720,     780,234.07,2586.3,3967.8,17.044, 252.76, 496.78
     780,     840,243.76,2650.9,4014.1,17.626, 258.58, 501.41
     840,     900,227.09,2808.9,4218.3,16.625, 272.8, 521.83
     900,     960,204.96,2617.8,4041.7,15.298, 255.6, 504.17
     960,    1020,209.04,2590.5,4090.1,15.542, 253.14, 509.01
    1020,    1080,191.61,2519.5,3898.4,14.497, 246.75, 489.84
    1080,    1140,211.38,2774.9,4089.1,15.683, 269.74, 508.91
    1140,    1200,170.74,2442.8,3855.7,13.244, 239.85, 485.57
    1200,    1260,281.74,2723.1,4338.3,19.904, 265.08, 533.83
    1260,    1320,438.15,3458.4,5210,29.289, 331.26, 621
    1320,    1380,274.53,2694.4,4171.5,19.472, 262.5, 517.15
    1380,    1440,233.64,2381.8,3755.7,17.019, 234.36, 475.57
    1440,    1500,378.8,3057.2,4699.8,25.728, 295.15, 569.98
    1500,    1560,291.03,2966,4543.5,20.462, 286.94, 554.35
    1560,    1620,303.78,3442,4764.5,21.227, 329.78, 576.45
    1620,    1680,-9999,-9999,-9999,-9999, -9999, -9999
    1680,    1740,-9999,-9999,-9999,-9999, -9999, -9999
    1740,    1800,-9999,-9999,-9999,-9999, -9999, -9999
    1800,    1860,-9999,-9999,-9999,-9999, -9999, -9999
    1860,    1920,-9999,-9999,-9999,-9999, -9999, -9999
    1920,    1980,-9999,-9999,-9999,-9999, -9999, -9999
    1980,    2040,-9999,-9999,-9999,-9999, -9999, -9999
    2040,    2100,216.8,2148.5,3522.3,16.008, 213.37, 452.23
    2100,    2160,222.61,2324.5,3697.1,16.357, 229.21, 469.71
    2160,    2220,231.49,2261,3598.1,16.889, 223.49, 459.81
    2220,    2280,202.9,2286.5,3627.3,15.174, 225.79, 462.73
    2280,    2340,207.24,2515.9,3765.2,15.435, 246.43, 476.52
    2340,    2400,241.56,2670.2,4113,17.493, 260.31, 511.3
    2400,    2460,266.68,2767.5,4214.3,19.001, 269.08, 521.43
    2460,    2520,267.89,2801.4,4316,19.074, 272.13, 531.6
    2520,    2580,227.83,2718.1,4233.1,16.67, 264.63, 523.31
    2580,    2640,243.7,2651.6,4092.1,17.622, 258.65, 509.21
    2640,    2700,229.62,2645.2,4037.2,16.777, 258.07, 503.72
    2700,    2760,220.57,2575.8,3920.8,16.234, 251.82, 492.08
    2760,    2820,206.97,2440.8,3898.2,15.418, 239.67, 489.82
    2820,    2880,202.61,2388.5,3728.9,15.157, 234.97, 472.89
    2880,    2940,225.67,2654.5,3921.5,16.54, 258.9, 492.15
    2940,    3000,225.5,2832.7,4176.1,16.53, 274.94, 517.61
    3000,    3060,238.27,2846.9,4330,17.296, 276.23, 533
    3060,    3120,224.02,2920.7,4249,16.441, 282.86, 524.9
    3120,    3180,378.47,3870.7,5296.8,25.708, 368.37, 629.68
    3180,    3240,342.07,4138.2,6101.2,23.524, 392.44, 710.12
    3240,    3300,241.79,3323.8,4869.7,17.507, 319.14, 586.97
    3300,    3360,259.62,3600.9,4933,18.577, 344.08, 593.3
    3360,    3420,301.54,4024.1,5352.9,21.093, 382.17, 635.29
    3420,    3480,272.56,3910.4,5398.2,19.354, 371.93, 639.82
    3480,    3540,295.22,3847.1,5391.9,20.713, 366.24, 639.19
    3540,    3600,268.45,3590,5135.4,19.107, 343.1, 613.54
    3600,    3660,245.66,3596.5,5015.8,17.739, 343.68, 601.58
    3660,    3720,226.79,3396.3,4921.7,16.608, 325.66, 592.17
    3720,    3780,242.46,3775.2,5144.3,17.548, 359.77, 614.43
    3780,    3840,221.34,3471.6,4955.2,16.281, 332.44, 595.52
    3840,    3900,202.02,3477.1,4811.6,15.121, 332.94, 581.16
    3900,    3960,219.22,3550,4790.4,16.153, 339.5, 579.04
    3960,    4020,219.39,3675,4937.5,16.163, 350.75, 593.75
    4020,    4080,209.25,3667.3,4923.9,15.555, 350.06, 592.39
    4080,    4140,208.23,3812.1,5157.1,15.494, 363.09, 615.71
    4140,    4200,211.7,3969.1,5281.9,15.702, 377.22, 628.19
    4200,    4260,215.65,3816.3,5297.6,15.939, 363.47, 629.76
    4260,    4320,202.86,3511.6,5062.8,15.171, 336.04, 606.28
    4320,    4380,189.31,3723.9,4933.3,14.358, 355.15, 593.33
    4380,    4440,178.43,3647.4,4997,13.706, 348.27, 599.7
    4440,    4500,184.03,3508.8,4969.6,14.042, 335.79, 596.96
    4500,    4560,177.99,3504.5,4795.1,13.679, 335.4, 579.51
    4560,    4620,168.98,3278.1,4543.3,13.139, 315.03, 554.33
    4620,    4680,157.24,3250.3,4526.7,12.435, 312.53, 552.67
    4680,    4740,159.75,3357.3,4490,12.585, 322.15, 549
    4740,    4800,160.66,3495.7,4656.4,12.64, 334.61, 565.64
    4800,    4860,154.08,3287.2,4581.8,12.245, 315.85, 558.18
    4860,    4920,132.77,2856.5,4179.9,10.966, 277.09, 517.99
    4920,    4980,139.35,3309.5,4433.4,11.361, 317.85, 543.34
    4980,    5040,152.45,3374.9,4550.6,12.147, 323.74, 555.06
    5040,    5100,172.15,3928,4809.4,13.329, 373.52, 580.94
    5100,    5160,138.77,3302,4281,11.326, 317.18, 528.1
    5160,    5220,214.48,4826.3,5320.8,15.869, 454.37, 632.08
    5220,    5280,194.25,4707,5986,14.655, 443.63, 698.6
    5280,    5340,164.29,4413,5909.4,12.857, 417.17, 690.94
    5340,    5400,219.33,4757.5,5712.8,16.16, 448.17, 671.28
    5400,    5460,164.66,4144,5412.5,12.879, 392.96, 641.25
    5460,    5520,176.1,4443.8,5513.9,13.566, 419.94, 651.39
    5520,    5580,162.42,4468.6,5593.7,12.745, 422.17, 659.37
    5580,    5640,182.96,4727.2,5772.3,13.978, 445.45, 677.23
    5640,    5700,152.41,4354.5,5665.9,12.145, 411.91, 666.59
    5700,    5760,147.78,4307,5511.3,11.867, 407.63, 651.13
    5760,    5820,156.47,4556.9,5844.9,12.388, 430.12, 684.49
    5820,    5880,147.57,4486.3,5604.7,11.854, 423.77, 660.47
    5880,    5940,138.32,4307.3,5464.4,11.299, 407.66, 646.44
    5940,    6000,183.73,5328.9,6524.4,14.024, 499.6, 752.44
    6000,    6060,162.61,5051.8,6467.9,12.757, 474.67, 746.79
    6060,    6120,149.77,4840,6063.4,11.986, 455.6, 706.34
    6120,    6180,165.42,5092.5,6261,12.925, 478.33, 726.1
    6180,    6240,129.56,4862.9,6218.8,10.773, 457.66, 721.88
    6240,    6300,163.11,5408.2,6910.1,12.787, 506.73, 791.01
    6300,    6360,384.66,7721.2,10160,26.08, 714.91, 1116
    6360,    6420,290.97,7458.6,12150,20.458, 691.27, 1315
    6420,    6480,220.83,7265.9,11454,16.25, 673.93, 1245.4
    6480,    6540,141.62,5570.8,7603.5,11.497, 521.38, 860.35
    6540,    6600,138,5565.4,6746.5,11.28, 520.89, 774.65
    6600,    6660,155.18,5664.9,6907.8,12.311, 529.84, 790.78
    6660,    6720,149.48,5831.9,7019.1,11.969, 544.87, 801.91
    6720,    6780,129.16,5407.6,7046,10.75, 506.68, 804.6
    6780,    6840,99.183,4646.3,6175.1,8.951, 438.17, 717.51
    6840,    6900,111.06,5001.1,6221,9.6638, 470.1, 722.1
    6900,    6960,110.59,5125.7,6338.8,9.6357, 481.32, 733.88
    6960,    7020,96.603,4850.1,6190.1,8.7962, 456.51, 719.01
    7020,    7080,90.135,4708.3,6200.5,8.4081, 443.74, 720.05
    7080,    7140,82.422,4489.2,5802.3,7.9453, 424.03, 680.23
    7140,    7200,86.93,4514.2,5699.9,8.2158, 426.28, 669.99
    7200,    7260,192.28,6570.8,7310,14.537, 611.37, 831
    7260,    7320,149.99,7268.8,8903.6,12, 674.19, 990.36
    7320,    7380,108.51,6226.6,7953,9.5105, 580.39, 895.3
    7380,    7440,89.015,5125.6,6913.2,8.3409, 481.31, 791.32
    7440,    7500,76.923,4690.5,6218.9,7.6154, 442.14, 721.89
    7500,    7560,72.78,4234.4,5746,7.3668, 401.1, 674.6
    7560,    7620,63.276,4228.5,5634.4,6.7965, 400.56, 663.44
    7620,    7680,54.123,3773.1,5031.9,6.2474, 359.58, 603.19
    7680,    7740,58.758,3830.7,4879.3,6.5255, 364.76, 587.93
    7740,    7800,52.565,3995.1,5092.5,6.1539, 379.56, 609.25
    7800,    7860,54.942,4065.5,5191.2,6.2965, 385.9, 619.12
    7860,    7920,50.951,4148.6,5133.8,6.0571, 393.38, 613.38
    7920,    7980,56.145,4456.4,5346.1,6.3687, 421.08, 634.61
    7980,    8040,48.124,4541.5,5511.1,5.8875, 428.74, 651.11
    8040,    8100,45.464,4501.5,5507.4,5.7279, 425.14, 650.74
    8100,    8160,40.829,4434,5618.9,5.4497, 419.06, 661.89
    8160,    8220,51.479,5542.7,5936,6.0887, 518.84, 693.6
    8220,    8280,82.89,7983.6,7848.3,7.9734, 738.53, 884.83
    8280,    8340,60.181,6502.3,8442.3,6.6108, 605.21, 944.23
    8340,    8400,49.163,6208.8,8016.8,5.9498, 578.79, 901.68
    8400,    8460,42.562,6179.8,7804.9,5.5537, 576.18, 880.49
    8460,    8520,70.791,8180,8732,7.2475, 756.2, 973.2
    8520,    8580,122.56,13594,12721,10.354, 1243.4, 1372.1
    8580,    8640,74.841,10648,13087,7.4905, 978.36, 1408.7
    8640,    8700,56.745,9735,10085,6.4047, 896.15, 1108.5
    8700,    8760,127.59,14567,13652,10.655, 1331, 1465.2
    8760,    8820,400.35,18688,18050,27.021, 1701.9, 1905
    8820,    8880,127.23,14108,18150,10.634, 1289.7, 1915
    8880,    8940,76.638,13211,14600,7.5983, 1209, 1560
    8940,    9000,59.843,12036,15016,6.5906, 1103.3, 1601.6
    9000,    9060,532.6,12908,15280,34.956, 1181.7, 1628
    9060,    9120,281.11,12132,14776,19.866, 1111.8, 1577.6
    9120,    9180,39.486,4891.9,10422,5.3691, 460.27, 1142.2
    9180,    9240,27.439,4440.5,8678.9,4.6463, 419.65, 967.89
    9240,    9300,46.716,5624.5,6691.5,5.803, 526.21, 769.15
    9300,    9360,43.985,6518.2,7999.7,5.6391, 606.64, 899.97
    9360,    9420,30.968,6152.7,8024.3,4.8581, 573.74, 902.43
    9420,    9480,18.624,5492,7356.8,4.1174, 514.28, 835.68
    9480,    9540,63.707,5669.8,6460.1,6.8224, 530.28, 746.01
    9540,    9600,93.401,7342.3,7919.6,8.6041, 680.81, 891.96
    9600,    9660,-9999,-9999,-9999,-9999, -9999, -9999
    9660,    9720,-9999,-9999,-9999,-9999, -9999, -9999
    9720,    9780,-9999,-9999,-9999,-9999, -9999, -9999
    9780,    9840,-9999,-9999,-9999,-9999, -9999, -9999
    9840,    9900,-9999,-9999,-9999,-9999, -9999, -9999
    9900,    9960,-9999,-9999,-9999,-9999, -9999, -9999
    9960,   10020,-9999,-9999,-9999,-9999, -9999, -9999
   10020,   10080,62.597,4901.4,5965.4,6.7558, 461.12, 696.54
   10080,   10140,167.67,4614.8,6076.3,13.06, 435.33, 707.63
   10140,   10200,91.268,4661.1,5740.2,8.4761, 439.5, 674.02
   10200,   10260,23.358,3475.5,4726,4.4015, 332.79, 572.6
   10260,   10320,23.236,3081.6,4089.9,4.3942, 297.35, 508.99
   10320,   10380,25.469,3013.1,4038.9,4.5281, 291.18, 503.89
   10380,   10440,97.642,3514.6,4264.6,8.8585, 336.32, 526.46
   10440,   10500,46.958,3201.2,4097.3,5.8175, 308.1, 509.73
   10500,   10560,98.321,3050.5,3897.9,8.8992, 294.54, 489.79
   10560,   10620,42.895,2848.2,3907.6,5.5737, 276.34, 490.76
   10620,   10680,17.623,2494.9,3452,4.0574, 244.54, 445.2
   10680,   10740,17.681,2224.1,3300.9,4.0609, 220.16, 430.09
   10740,   10800,27.658,2314.9,3010.5,4.6595, 228.34, 401.05
   10800,   10860,17.453,2325.3,3016.2,4.0472, 229.28, 401.62
   10860,   10920,13.591,2436.1,3261.7,3.8154, 239.25, 426.17
   10920,   10980,10.886,2438.3,3225,3.6532, 239.44, 422.5
   10980,   11040,18.443,2753.2,3446.9,4.1066, 267.79, 444.69
   11040,   11100,16.817,3063,3699.6,4.009, 295.67, 469.96
   11100,   11160,21.899,2876.3,3565.6,4.314, 278.87, 456.56
   11160,   11220,33.007,3308.2,3961.3,4.9804, 317.74, 496.13
   11220,   11280,16.937,3788.2,4316.6,4.0162, 360.94, 531.66
   11280,   11340,21.097,3915.2,4545.2,4.2658, 372.37, 554.52
   11340,   11400,23.162,4030.2,4698.1,4.3897, 382.72, 569.81
   11400,   11460,10.163,4528.7,4961.6,3.6098, 427.58, 596.16
   11460,   11520,9.2611,4803.3,5752.8,3.5557, 452.3, 675.28
   11520,   11580,6.5984,4072.7,5088.5,3.3959, 386.54, 608.85
   11580,   11640,8.3634,4372,5081.7,3.5018, 413.48, 608.17
   11640,   11700,25.213,3505.3,4818.4,4.5128, 335.47, 581.84
   11700,   11760,42.634,3198.3,4225.5,5.558, 307.84, 522.55
   11760,   11820,86.058,3859.1,4198.5,8.1635, 367.32, 519.85
   11820,   11880,132.92,3940.6,4701.7,10.975, 374.65, 570.17
   11880,   11940,61.23,3304.4,4191.4,6.6738, 317.39, 519.14
   11940,   12000,29.003,3317.6,4360.8,4.7402, 318.58, 536.08
   12000,   12060,22.79,3003.9,4089.9,4.3674, 290.35, 508.99
   12060,   12120,26.632,2436.2,3581.9,4.5979, 239.26, 458.19
   12120,   12180,61.064,2691.5,3291.2,6.6638, 262.23, 429.12
   12180,   12240,163.34,3918.5,4480.8,12.8, 372.66, 548.08
   12240,   12300,153.35,4111.4,4821.6,12.201, 390.03, 582.16
   12300,   12360,117.13,3964.1,4749.7,10.028, 376.77, 574.97
   12360,   12420,68.021,3798.7,4886,7.0813, 361.88, 588.6
   12420,   12480,27.463,2356.6,3557.3,4.6478, 232.09, 455.73
   12480,   12540,23.834,2546.2,3686.1,4.4301, 249.16, 468.61
   12540,   12600,28.799,2671.2,3505,4.728, 260.41, 450.5
   12600,   12660,55.246,3033.5,3695.4,6.3147, 293.02, 469.54
   12660,   12720,181.29,3483.8,4112.1,13.877, 333.54, 511.21
   12720,   12780,160.71,4739.9,5420.8,12.643, 446.59, 642.08
   12780,   12840,50.411,4203.4,5895.8,6.0247, 398.3, 689.58
   12840,   12900,21.008,3161.8,4560,4.2605, 304.57, 556
   12900,   12960,28.632,2943,3785.5,4.7179, 284.87, 478.55
   12960,   13020,37.261,2134.2,3165.8,5.2357, 212.07, 416.58
   13020,   13080,50.869,2692.6,3282.4,6.0521, 262.33, 428.24
   13080,   13140,132.65,2824.4,3329.7,10.959, 274.19, 432.97
   13140,   13200,82.637,3207,3671.5,7.9582, 308.63, 467.15
   13200,   13260,16.084,2648,3610.6,3.965, 258.32, 461.06
   13260,   13320,17.354,2972.2,3579.6,4.0412, 287.5, 457.96
   13320,   13380,8.8293,3105.5,3738.6,3.5298, 299.49, 473.86
   13380,   13440,50.546,3694.6,4027.2,6.0327, 352.52, 502.72
   13440,   13500,79.836,5274.1,5393.3,7.7901, 494.67, 639.33
   13500,   13560,20.828,4390.4,5093.3,4.2497, 415.14, 609.33
   13560,   13620,20.718,4857.7,5594.9,4.2431, 457.19, 659.49
   13620,   13680,15.485,3797.7,5102.4,3.9291, 361.79, 610.24
   13680,   13740,14.366,3078.7,4149.4,3.862, 297.09, 514.94
   13740,   13800,287.43,6808.3,5772,20.246, 632.75, 677.2
   13800,   13860,1638.7,9782,7732.8,101.32, 900.38, 873.28
   13860,   13920,188.37,5634,8071.6,14.302, 527.06, 907.16
   13920,   13980,385.91,6158.4,6833,26.155, 574.26, 783.3
   13980,   14040,193.7,4944.4,7261.2,14.622, 465, 826.12
   14040,   14100,48.924,4751.4,6701.3,5.9354, 447.63, 770.13
   14100,   14160,15.433,4151.7,5870,3.926, 393.66, 687
   14160,   14220,13.303,3089.3,4263.4,3.7982, 298.04, 526.34
   14220,   14280,68.855,3370.2,4444,7.1313, 323.32, 544.4
   14280,   14340,223.97,4771.4,5248.4,16.438, 449.42, 624.84
   14340,   14400,859.65,6715.3,6881.6,54.579, 624.38, 788.16
   14400,   14460,512.02,6684,8342.7,33.721, 621.56, 934.27
   14460,   14520,103.47,3896.1,8559.3,9.2082, 370.65, 955.93
   14520,   14580,72.146,4636.1,7099.2,7.3287, 437.25, 809.92
   14580,   14640,81.727,3277.3,6050.2,7.9036, 314.96, 705.02
   14640,   14700,44.391,3187.6,4449.3,5.6635, 306.89, 544.93
   14700,   14760,194.6,4485.3,4281.4,14.676, 423.68, 528.14
   14760,   14820,242.97,3444.2,5512.7,17.578, 329.98, 651.27
   14820,   14880,164.81,3173.2,5131.5,12.888, 305.59, 613.15
   14880,   14940,70.07,2668.4,4226.5,7.2042, 260.16, 522.65
   14940,   15000,77.506,2580.5,3573.9,7.6504, 252.25, 457.39
   15000,   15060,2079.4,9662.4,7174.3,127.76, 889.61, 817.43
   15060,   15120,799.87,7072.3,13949,50.992, 656.51, 1494.9
   15120,   15180,177,2691.3,5619.1,13.62, 262.22, 661.91
   15180,   15240,111.9,2264.9,4187.8,9.7137, 223.84, 518.78
   15240,   15300,75.117,2421.4,3446.1,7.507, 237.93, 444.61
   15300,   15360,26.025,2188.9,3346.1,4.5615, 217, 434.61
   15360,   15420,45.991,2519.9,3300.4,5.7595, 246.79, 430.04
   15420,   15480,576.89,4702.2,4290.8,37.613, 443.2, 529.08
   15480,   15540,187.33,3798.2,5362.4,14.24, 361.84, 636.24
   15540,   15600,88.692,3416.4,4884.5,8.3215, 327.48, 588.45
   15600,   15660,74.958,3407,4637.5,7.4975, 326.63, 563.75
   15660,   15720,456.17,5451.4,5056.3,30.37, 510.62, 605.63
   15720,   15780,658.71,6938.2,8144.1,42.523, 644.44, 914.41
