CampaignData_and_Merges/R0/CSL_MobileLab_Parked/raw/20240809/USOS-NOAAIodideCIMS-PANs_MobileLabGround_20240809_RA.ict
35, 1001
Michael A Robinson, Chris Jernigan, Subi Thakali
NOAA ESRL Chemical Sciences Laboratory and CIRES, U. of Colorado
NOAA Iodide CIMS Instrument
USOS
1, 1
2024, 08, 09, 2024, 08, 10
1
starttime_UTC, seconds_past_midnight, seconds_of_day_since_00:00:00_UTC
3
1, 1, 1
-9999, -9999, -9999
PAN_NOAACIMS, pptv, Gas_PAN_InSitu_S_AVMR, 
APAN_NOAACIMS, pptv, Gas_APAN_InSitu_S_AVMR, 
PPN_NOAACIMS, pptv, Gas_PPN_InSitu_S_AVMR, 
0
18
PI_CONTACT_INFO: 325 Broadway, R/CSD 7, Boulder, Colorado 80305; michael.a.robinson@noaa.gov; chris.jernigan@noaa.gov;
PLATFORM: NOAA CSL Mobile Lab
LOCATION: SLC, Utah
ASSOCIATED_DATA: 1Hz data also available on request.
INSTRUMENT_INFO: NOAA I- ToF CIMS
DATA_INFO: All data in parts per trillion by volume (pptv). 1 Hz data is available upon request.
UNCERTAINTY: TBD
ULOD_FLAG: -7777
ULOD_VALUE: N/A
LLOD_FLAG: -8888
LLOD_VALUE: N/A
DM_CONTACT_INFO: Nathan Howard; nathan.h.howard@noaa.gov
PROJECT_INFO: USOS, summer 2024. https://csl.noaa.gov/groups/csl7/measurements/2024usos/
STIPULATIONS_ON_USE: Users are strongly encouraged to contact the PI for proper data usage.
OTHER_COMMENTS: 
REVISION: RA
RA: Preliminary Data; For in-field use only
starttime_UTC, PAN_NOAACIMS, APAN_NOAACIMS, PPN_NOAACIMS
[from data line 802]
 48120, -9999.000, -9999.000, -9999.000
 48180, 280.694,  3.681, 27.057
 48240, 292.058,  3.945, 27.875
 48300, 300.206,  2.160, 30.269
 48360, 298.432,  3.068, 31.967
 48420, 299.499,  3.905, 30.845
 48480, 299.581,  4.333, 29.997
 48540, 308.127,  3.562, 30.738
 48600, 307.231,  2.638, 30.810
 48660, 311.043,  3.102, 31.874
 48720, 314.273,  4.242, 28.707
 48780, 325.735,  4.481, 31.715
 48840, 321.711,  3.180, 32.641
 48900, 318.910,  3.217, 32.545
 48960, 327.802,  5.196, 34.174
 49020, 334.961,  5.213, 33.842
 49080, 335.729,  3.841, 36.701
 49140, 335.006,  3.319, 33.389
 49200, 336.922,  3.363, 34.879
 49260, 340.530,  4.851, 33.689
 49320, 347.801,  2.758, 36.168
 49380, 328.059,  4.805, 34.563
 49440, 338.665,  4.723, 35.603
 49500, 333.921,  3.873, 35.703
 49560, 325.782,  4.049, 36.065
 49620, 316.443,  3.441, 31.685
 49680, 325.882,  3.518, 34.881
 49740, 323.891,  3.722, 36.257
 49800, 309.943,  3.746, 33.084
 49860, 314.311,  4.751, 34.841
 49920, 308.394,  1.782, 34.652
 49980, 312.953,  4.826, 34.730
 50040, 307.740,  4.092, 35.364
 50100, 317.816,  3.071, 31.561
 50160, 323.882,  3.326, 35.119
 50220, 321.731,  4.532, 34.617
 50280, 309.179,  4.793, 31.547
 50340, 297.764,  3.430, 30.793
 50400, 301.075,  3.569, 29.405
 50460, 303.186,  3.792, 29.970
 50520, 295.643,  3.026, 28.476
 50580, 297.181,  3.879, 27.427
 50640, 303.414,  3.720, 29.921
 50700, 300.669,  3.169, 28.848
 50760, 297.397,  4.213, 27.715
 50820, 293.215,  3.706, 31.150
 50880, 297.418,  3.989, 29.948
 50940, 290.894,  2.821, 29.690
 51000, 299.386,  4.135, 29.460
 51060, 302.116,  2.902, 29.804
 51120, 318.156,  3.713, 31.021
 51180, 312.609,  4.520, 30.312
 51240, 306.004,  3.006, 30.846
 51300, 308.426,  3.868, 29.344
 51360, 320.097,  4.274, 32.515
 51420, 321.316,  3.116, 31.894
 51480, 321.905,  4.094, 28.050
 51540, 322.255,  4.089, 31.487
 51600, 350.996,  4.296, 37.113
 51660, 366.430,  3.020, 38.872
 51720, 384.911,  4.103, 42.178
 51780, -9999.000, -9999.000, -9999.000
 51840, 431.765,  2.598, 46.020
 51900, 441.482,  3.463, 51.136
 51960, 445.709,  4.680, 50.704
 52020, 464.839,  5.768, 52.826
 52080, 473.276,  5.468, 54.058
 52140, 469.445,  4.825, 54.669
 52200, 458.908,  4.867, 50.821
 52260, 466.496,  5.087, 52.759
 52320, 477.212,  4.414, 54.759
 52380, 480.887,  4.185, 54.184
 52440, 463.752,  4.277, 55.600
 52500, 480.941,  3.912, 53.520
 52560, 478.175,  3.412, 53.820
 52620, 469.320,  5.211, 53.994
 52680, 464.437,  5.244, 53.609
 52740, 459.221,  4.387, 54.824
 52800, 450.520,  4.061, 51.076
 52860, 441.818,  4.468, 48.630
 52920, 432.050,  4.056, 49.683
 52980, 439.795,  4.876, 48.677
 53040, 424.954,  4.381, 48.089
 53100, 422.829,  4.100, 47.552
 53160, 410.385,  4.759, 44.417
 53220, 424.800,  3.783, 47.662
 53280, 416.249,  5.536, 47.874
 53340, 398.334,  3.117, 45.240
 53400, 395.725,  3.788, 46.270
 53460, 381.693,  4.795, 47.251
 53520, 395.472,  3.899, 45.873
 53580, 398.560,  2.170, 45.880
 53640, -9999.000, -9999.000, -9999.000
 53700, 385.481,  4.269, 46.057
 53760, 390.751,  3.385, 47.085
 53820, 390.247,  4.080, 45.546
 53880, 396.625,  3.317, 48.039
 53940, 397.473,  4.800, 49.358
 54000, 401.936,  6.537, 49.549
 54060, -9999.000, -9999.000, -9999.000
 54120, -9999.000, -9999.000, -9999.000
 54180, -9999.000, -9999.000, -9999.000
 54240, -9999.000, -9999.000, -9999.000
 54300, -9999.000, -9999.000, -9999.000
 54360, -9999.000, -9999.000, -9999.000
 54420, -9999.000, -9999.000, -9999.000
 54480, -9999.000, -9999.000, -9999.000
 54540, -9999.000, -9999.000, -9999.000
 54600, -9999.000, -9999.000, -9999.000
 54660, -9999.000, -9999.000, -9999.000
 54720, -9999.000, -9999.000, -9999.000
 54780, -9999.000, -9999.000, -9999.000
 54840, -9999.000, -9999.000, -9999.000
 54900, -9999.000, -9999.000, -9999.000
 54960, -9999.000, -9999.000, -9999.000
 55020, -9999.000, -9999.000, -9999.000
 55080, -9999.000, -9999.000, -9999.000
 55140, -9999.000, -9999.000, -9999.000
 55200, -9999.000, -9999.000, -9999.000
 55260, -9999.000, -9999.000, -9999.000
 55320, -9999.000, -9999.000, -9999.000
 55380, -9999.000, -9999.000, -9999.000
 55440, -9999.000, -9999.000, -9999.000
 55500, -9999.000, -9999.000, -9999.000
 55560, -9999.000, -9999.000, -9999.000
 55620, -9999.000, -9999.000, -9999.000
 55680, -9999.000, -9999.000, -9999.000
 55740, -9999.000, -9999.000, -9999.000
 55800, -9999.000, -9999.000, -9999.000
 55860, -9999.000, -9999.000, -9999.000
 55920, -9999.000, -9999.000, -9999.000
 55980, -9999.000, -9999.000, -9999.000
 56040, -9999.000, -9999.000, -9999.000
 56100, -9999.000, -9999.000, -9999.000
 56160, -9999.000, -9999.000, -9999.000
 56220, -9999.000, -9999.000, -9999.000
 56280, -9999.000, -9999.000, -9999.000
 56340, -9999.000, -9999.000, -9999.000
 56400, -9999.000, -9999.000, -9999.000
 56460, -9999.000, -9999.000, -9999.000
 56520, -9999.000, -9999.000, -9999.000
 56580, -9999.000, -9999.000, -9999.000
 56640, -9999.000, -9999.000, -9999.000
 56700, -9999.000, -9999.000, -9999.000
 56760, -9999.000, -9999.000, -9999.000
 56820, -9999.000, -9999.000, -9999.000
 56880, -9999.000, -9999.000, -9999.000
 56940, -9999.000, -9999.000, -9999.000
 57000, -9999.000, -9999.000, -9999.000
 57060, -9999.000, -9999.000, -9999.000
 57120, -9999.000, -9999.000, -9999.000
 57180, -9999.000, -9999.000, -9999.000
 57240, -9999.000, -9999.000, -9999.000
 57300, -9999.000, -9999.000, -9999.000
 57360, -9999.000, -9999.000, -9999.000
 57420, -9999.000, -9999.000, -9999.000
 57480, -9999.000, -9999.000, -9999.000
 57540, 542.025,  6.054, 65.247
 57600, 427.147,  5.269, 56.301
 57660, 426.976,  4.873, 55.945
 57720, 412.773,  3.803, 52.393
 57780, 398.883,  4.096, 49.943
 57840, 414.536,  4.045, 51.552
 57900, 410.062,  3.442, 53.677
 57960, 400.071,  4.298, 52.862
 58020, 394.511,  3.926, 52.862
 58080, 411.435,  3.851, 54.367
 58140, 401.809,  3.488, 51.739
 58200, 397.736,  3.299, 52.655
 58260, 401.837,  3.553, 52.594
 58320, 409.243,  4.265, 53.928
 58380, 411.237,  2.966, 54.709
 58440, 402.669,  4.688, 53.904
 58500, 423.358,  3.758, 56.035
 58560, 421.840,  3.757, 56.940
 58620, 429.570,  3.429, 55.846
 58680, 409.955,  5.101, 56.328
 58740, 425.245,  3.592, 57.983
 58800, 437.389,  4.586, 60.224
 58860, 434.431,  4.557, 62.261
 58920, 430.781,  5.230, 59.753
 58980, 455.499,  4.415, 61.676
 59040, 472.966,  5.214, 67.705
 59100, 450.611,  3.575, 61.022
 59160, -9999.000, -9999.000, -9999.000
 59220, 471.863,  3.052, 64.671
 59280, 458.132,  4.308, 64.446
 59340, 451.483,  3.958, 61.851
 59400, 466.200,  3.131, 65.493
 59460, 479.749,  5.126, 69.822
 59520, 484.179,  4.548, 69.681
 59580, 496.822,  4.133, 68.825
 59640, 487.350,  4.673, 71.203
 59700, 507.536,  5.334, 74.252
 59760, 507.962,  5.218, 71.880
 59820, 506.550,  5.111, 70.958
 59880, 503.209,  3.958, 71.869
 59940, 529.355,  4.992, 71.475
 60000, 516.028,  4.227, 70.137
 60060, 506.968,  5.505, 70.291
 60120, 512.362,  4.672, 74.426
 60180, 513.859,  5.075, 71.200
 60240, 519.884,  6.252, 72.919
 60300, 519.016,  4.427, 73.880
 60360, 536.157,  6.439, 76.189
 60420, 544.185,  4.900, 77.623
 60480, 541.010,  5.818, 72.711
 60540, 500.407,  4.721, 69.574
 60600, 527.725,  4.233, 73.561
 60660, 543.415,  5.978, 78.469
 60720, 538.500,  5.988, 76.617
 60780, 492.065,  6.219, 68.443
 60840, 472.406,  5.091, 64.682
 60900, 504.449,  6.285, 72.986
 60960, 499.699,  4.986, 67.588
 61020, -9999.000, -9999.000, -9999.000
 61080, 535.370,  5.538, 74.655
 61140, 551.509,  5.139, 81.447
 61200, 538.152,  6.544, 76.465
 61260, 550.658,  6.159, 77.310
 61320, 558.002,  4.874, 78.868
 61380, 502.093,  4.859, 72.109
 61440, 521.330,  5.626, 72.534
 61500, 511.171,  4.465, 74.274
 61560, 529.632,  4.271, 71.995
 61620, 536.887,  3.473, 79.599
 61680, 497.147,  4.353, 72.351
 61740, 489.461,  4.184, 67.405
 61800, 488.508,  5.221, 66.340
 61860, 503.800,  4.847, 68.578
 61920, 499.034,  4.238, 70.576
 61980, 505.962,  5.645, 71.656
 62040, 507.483,  5.235, 72.069
 62100, 528.939,  5.805, 75.153
 62160, 555.171,  4.272, 80.021
 62220, 512.707,  3.946, 72.479
 62280, 506.853,  3.364, 69.658
 62340, 531.915,  5.155, 75.531
 62400, 542.609,  4.588, 76.523
 62460, 520.171,  4.305, 74.783
 62520, 523.511,  4.713, 74.171
 62580, 553.974,  5.104, 81.291
 62640, 457.885,  3.692, 64.409
 62700, 450.807,  4.493, 63.403
 62760, 456.099,  4.230, 63.784
 62820, 477.244,  5.200, 66.579
 62880, -9999.000, -9999.000, -9999.000
 62940, 404.786,  3.163, 54.581
 63000, 421.243,  4.294, 57.276
 63060, 426.701,  5.370, 56.851
 63120, 414.228,  4.365, 56.401
 63180, 410.435,  3.846, 55.877
 63240, 411.154,  4.169, 57.161
 63300, 419.623,  3.953, 56.083
 63360, 436.661,  3.850, 60.894
 63420, 445.809,  4.076, 61.030
 63480, 440.701,  3.724, 60.458
 63540, 440.259,  3.155, 62.345
 63600, 400.995,  3.725, 55.548
 63660, 391.223,  4.325, 52.325
 63720, 393.611,  3.889, 52.788
 63780, 386.508,  1.975, 53.071
 63840, 340.311,  2.949, 45.588
 63900, 334.446,  3.215, 43.679
 63960, 338.568,  4.066, 45.716
 64020, 331.220,  2.529, 45.670
 64080, 323.895,  2.561, 41.122
 64140, 307.630,  4.597, 41.078
 64200, 325.347,  2.902, 43.921
 64260, 325.083,  3.728, 44.710
 64320, 324.598,  2.751, 43.885
 64380, 341.026,  3.349, 45.110
 64440, 354.376,  3.338, 45.350
 64500, 349.935,  3.999, 45.791
 64560, 333.343,  4.126, 42.884
 64620, 355.698,  3.435, 47.059
 64680, 358.877,  4.130, 50.890
 64740, 317.389,  3.269, 41.162
 64800, 340.738,  3.672, 45.754
 64860, 355.136,  3.473, 49.701
 64920, 373.798,  3.739, 50.957
 64980, 340.733,  4.085, 46.747
 65040, 351.269,  3.747, 45.585
 65100, 334.124,  3.210, 45.462
 65160, 307.127,  3.365, 37.954
 65220, 288.160,  3.106, 36.203
 65280, 300.689,  3.889, 37.179
 65340, 310.712,  2.603, 38.110
 65400, 292.841,  4.008, 35.432
 65460, 284.952,  3.384, 34.351
 65520, 281.250,  3.270, 35.189
 65580, 292.374,  3.589, 35.062
 65640, 302.281,  4.821, 35.701
 65700, 313.828,  2.953, 37.764
 65760, 316.309,  2.858, 36.926
 65820, 321.426,  3.434, 38.379
 65880, 316.936,  3.011, 37.839
 65940, 266.261,  2.361, 35.386
 66000, 273.970,  2.673, 32.221
 66060, 277.991,  3.323, 30.130
 66120, 268.200,  3.947, 30.378
 66180, 257.309,  1.883, 28.898
 66240, 253.014,  2.516, 29.141
 66300, 267.500,  3.819, 29.355
 66360, 266.631,  2.566, 28.803
 66420, 281.834,  4.110, 30.098
 66480, 300.684,  2.649, 30.021
 66540, 306.693,  0.729, 35.690
 66600, 311.981,  1.759, 46.018
 66660, 323.909,  3.615, 37.406
 66720, 332.126,  4.366, 39.163
 66780, 344.367,  2.940, 38.709
 66840, 325.212,  2.689, 38.321
 66900, 311.246,  2.619, 33.087
 66960, 293.073,  3.318, 31.584
 67020, 279.109,  2.898, 31.223
 67080, 284.675,  3.610, 31.666
 67140, 286.672,  3.733, 31.471
 67200, 305.290,  3.018, 33.058
 67260, 306.601,  3.200, 33.327
 67320, 305.240,  2.877, 35.949
 67380, 312.262,  2.695, 35.948
 67440, 316.189,  3.691, 39.236
 67500, 312.383,  3.421, 37.968
 67560, 300.168,  3.480, 34.705
 67620, 308.009,  1.265, 35.833
 67680, 315.569,  3.629, 35.487
 67740, 302.162,  3.063, 34.847
 67800, 279.671,  3.095, 34.317
 67860, 285.011,  3.045, 32.465
 67920, 280.626,  2.725, 28.766
 67980, 295.202,  1.845, 33.992
 68040, 303.260,  3.676, 33.089
 68100, 294.224,  2.650, 34.679
 68160, 300.760,  3.635, 36.368
 68220, 301.216,  2.040, 36.306
 68280, 306.946,  2.702, 36.665
 68340, 325.483,  1.997, 39.048
 68400, 341.089,  0.225, 42.264
 68460, 343.291,  3.775, 39.961
 68520, 351.665,  3.739, 43.716
 68580, 358.871,  3.547, 40.901
 68640, 340.610,  3.155, 39.832
 68700, 337.857,  3.077, 39.405
 68760, 351.841,  2.478, 40.012
 68820, 371.662,  3.837, 42.002
 68880, 357.275,  4.085, 41.160
 68940, 352.293,  3.018, 45.107
 69000, 351.020,  2.951, 40.893
 69060, 387.100,  2.773, 46.068
 69120, 374.928,  3.126, 42.405
 69180, 366.336,  4.334, 42.038
 69240, 356.566,  3.891, 41.363
 69300, 368.693,  3.035, 42.323
 69360, 357.201,  3.552, 40.953
 69420, 350.672,  3.092, 40.135
 69480, 342.825,  3.662, 40.815
 69540, 332.380,  3.345, 37.621
 69600, 340.872,  2.714, 39.117
 69660, 342.072,  3.446, 36.572
 69720, 344.401,  3.633, 42.857
 69780, 346.643,  3.534, 41.319
 69840, 330.427,  2.801, 38.071
 69900, 321.287,  3.900, 37.440
 69960, 328.327,  3.736, 37.726
 70020, 337.783,  3.754, 37.539
 70080, 343.764,  3.635, 39.738
 70140, 356.620,  4.395, 41.026
 70200, 358.598,  3.027, 41.251
 70260, -9999.000, -9999.000, -9999.000
 70320, 356.030,  4.169, 42.831
 70380, 351.553,  2.758, 40.367
 70440, 341.014,  4.078, 38.053
 70500, 340.190,  3.139, 36.490
 70560, 329.132,  3.096, 37.432
 70620, 310.307,  3.269, 34.876
 70680, 297.017,  3.447, 33.574
 70740, 301.528,  2.634, 33.050
 70800, 296.334,  2.682, 30.131
 70860, 293.237,  3.455, 35.630
 70920, 298.052,  2.936, 33.893
 70980, 298.748,  2.574, 35.562
 71040, 293.991,  2.925, 32.973
 71100, 291.166,  1.896, 33.695
 71160, 300.259,  3.429, 36.862
 71220, 315.946,  3.042, 35.651
 71280, 346.784,  3.840, 39.452
 71340, 391.304,  3.749, 45.005
 71400, 392.891,  3.763, 45.517
 71460, 386.728,  3.483, 42.386
 71520, 392.668,  2.935, 41.583
 71580, 385.537,  3.552, 44.436
 71640, 358.742,  3.377, 42.161
 71700, 358.854,  2.488, 38.453
 71760, 404.535,  2.596, 43.922
 71820, 350.975,  2.816, 39.396
 71880, 315.421,  2.499, 35.503
 71940, 285.928,  2.585, 33.399
 72000, 281.184,  3.031, 30.263
 72060, 264.406,  3.041, 28.296
 72120, -9999.000, -9999.000, -9999.000
 72180, 234.352,  2.863, 24.094
 72240, 241.075,  3.071, 23.551
 72300, 250.777,  2.666, 26.223
 72360, 279.660,  3.409, 29.619
 72420, 278.172,  3.550, 27.393
 72480, 277.973,  3.887, 26.240
 72540, 292.604,  2.130, 30.393
 72600, 282.404,  3.398, 32.230
 72660, 279.862,  2.992, 31.468
 72720, 307.051,  3.057, 33.356
 72780, 333.034,  3.632, 38.185
 72840, 322.682,  2.776, 35.551
 72900, 320.412,  2.563, 36.378
 72960, 341.498,  2.205, 36.549
 73020, 338.886,  3.785, 36.288
 73080, 326.337,  3.667, 35.259
 73140, 345.817,  3.361, 37.408
 73200, 375.982,  3.514, 35.034
 73260, 397.013,  3.661, 39.051
 73320, 381.180,  4.138, 38.982
 73380, 367.997,  2.517, 36.876
 73440, 376.650,  3.289, 38.272
 73500, 383.084,  3.215, 39.519
 73560, 380.828,  3.330, 40.834
 73620, 377.642,  4.636, 39.035
 73680, 385.178,  3.260, 37.939
 73740, 366.740,  3.575, 38.026
 73800, 347.061,  3.305, 37.565
 73860, 316.540,  2.844, 32.554
 73920, 329.461,  6.207, 33.710
 73980, -9999.000, -9999.000, -9999.000
 74040, 329.472,  4.218, 37.108
 74100, 314.777,  2.780, 33.490
 74160, 326.760,  3.020, 37.143
 74220, 323.330,  3.558, 33.177
 74280, 318.157,  3.022, 32.195
 74340, 327.831,  3.111, 35.412
 74400, 324.664,  1.169, 32.836
 74460, 334.566,  3.173, 32.999
 74520, 337.067,  3.366, 32.481
 74580, 345.747,  3.032, 35.896
 74640, 351.239,  2.576, 37.196
 74700, 351.450,  4.609, 36.023
 74760, 341.243,  1.669, 35.615
 74820, 354.699,  2.893, 37.314
 74880, 355.356,  3.233, 38.132
 74940, 352.993,  3.664, 39.082
 75000, 368.824,  3.062, 36.747
 75060, 369.664,  3.448, 40.857
 75120, 366.122,  2.700, 41.586
 75180, 357.034,  3.331, 37.773
 75240, 352.945,  3.274, 38.473
 75300, 357.816,  3.571, 38.143
 75360, 350.203,  2.360, 38.886
 75420, 356.580,  3.091, 38.044
 75480, 353.895,  3.565, 38.981
 75540, 365.753,  3.111, 39.948
 75600, 361.107,  2.702, 36.719
 75660, 358.876,  3.015, 38.858
 75720, 375.119,  2.712, 37.788
 75780, 382.505,  2.139, 45.241
 75840, 378.165,  2.369, 39.327
 75900, 356.600,  3.830, 39.912
 75960, 372.316,  4.611, 37.303
 76020, 367.789,  1.601, 39.394
 76080, 354.407,  2.582, 34.681
 76140, 355.931,  1.973, 35.404
 76200, 364.218,  2.476, 35.697
 76260, 350.457,  4.437, 36.568
 76320, 321.308,  2.959, 34.149
 76380, 282.325,  1.513, 30.253
 76440, 261.874,  3.252, 26.374
 76500, 276.955,  3.010, 27.146
 76560, 293.585,  3.541, 28.637
 76620, 288.310,  3.574, 31.527
 76680, 297.506,  2.756, 31.784
 76740, 282.525,  3.337, 32.864
 76800, 274.255,  2.176, 28.929
 76860, 265.659,  2.357, 26.484
 76920, 256.371,  2.344, 26.061
 76980, 241.566,  2.257, 25.245
