CampaignData_and_Merges/R0/CSL_MobileLab_Parked/raw/20240809/USOS-NOAAIodideCIMS-PANs_MobileLabGround_20240809_RA.ict
35, 1001
Michael A Robinson, Chris Jernigan, Subi Thakali
NOAA ESRL Chemical Sciences Laboratory and CIRES, U. of Colorado
NOAA Iodide CIMS Instrument
USOS
1, 1
2024, 08, 09, 2024, 08, 10
1
starttime_UTC, seconds_past_midnight, seconds_of_day_since_00:00:00_UTC
3
1, 1, 1
-9999, -9999, -9999
PAN_NOAACIMS, pptv, Gas_PAN_InSitu_S_AVMR, 
APAN_NOAACIMS, pptv, Gas_APAN_InSitu_S_AVMR, 
PPN_NOAACIMS, pptv, Gas_PPN_InSitu_S_AVMR, 
0
18
PI_CONTACT_INFO: 325 Broadway, R/CSD 7, Boulder, Colorado 80305; michael.a.robinson@noaa.gov; chris.jernigan@noaa.gov;
PLATFORM: NOAA CSL Mobile Lab
LOCATION: SLC, Utah
ASSOCIATED_DATA: 1Hz data also available on request.
INSTRUMENT_INFO: NOAA I- ToF CIMS
DATA_INFO: All data in parts per trillion by volume (pptv). 1 Hz data is available upon request.
UNCERTAINTY: TBD
ULOD_FLAG: -7777
ULOD_VALUE: N/A
LLOD_FLAG: -8888
LLOD_VALUE: N/A
DM_CONTACT_INFO: Nathan Howard; nathan.h.howard@noaa.gov
PROJECT_INFO: USOS, summer 2024. https://csl.noaa.gov/groups/csl7/measurements/2024usos/
STIPULATIONS_ON_USE: Users are strongly encouraged to contact the PI for proper data usage.
OTHER_COMMENTS: 
REVISION: RA
RA: Preliminary Data; For in-field use only
starttime_UTC, PAN_NOAACIMS, APAN_NOAACIMS, PPN_NOAACIMS
[from data line 1285]
 77100, 171.820,  1.553, 17.062
 77160, 152.915,  1.433, 13.054
 77220, 130.531,  1.736, 13.731
 77280, 121.979,  1.295,  9.707
 77340, 123.845,  1.596, 11.040
 77400, 130.916,  0.766,  8.567
 77460, 131.048,  1.591, 12.187
 77520, 132.512,  1.354, 11.313
 77580, 130.755,  0.920, 11.673
 77640, -9999.000, -9999.000, -9999.000
 77700, 112.141,  2.386,  7.525
 77760, 117.036,  1.248,  9.993
 77820, 122.526,  1.155, 10.038
 77880, 114.600,  1.037, 10.243
 77940, 117.602,  1.495, 10.611
 78000, 109.399,  1.794,  8.880
 78060, 114.535,  1.136,  9.588
 78120, 109.001,  0.688,  9.188
 78180, 110.670,  1.380,  7.501
 78240, 108.909,  1.649, 10.871
 78300, 114.120,  1.346, 10.124
 78360, 108.639,  1.353,  9.326
 78420, 110.587,  0.990,  7.759
 78480, 106.977,  2.394,  7.907
 78540, 105.338,  1.967,  8.537
 78600, 109.645,  1.856, 10.746
 78660, 105.517,  2.004, 10.649
 78720, 100.374,  1.056,  9.398
 78780, 105.883,  2.498,  8.454
 78840, 99.935,  1.528, 10.542
 78900, 98.462,  0.914,  8.943
 78960, 99.170,  1.264, 10.282
 79020, 97.805,  1.203,  6.934
 79080, 98.717,  2.094, 11.358
 79140, 98.559,  1.140,  8.625
 79200, 100.379,  1.188, 11.075
 79260, 102.502,  0.659, 13.770
 79320, 102.621,  0.693,  9.797
 79380, 102.806,  1.271, 10.023
 79440, 105.692,  1.550,  9.329
 79500, -9999.000, -9999.000, -9999.000
 79560, 105.151,  1.544, 13.499
 79620, 103.633,  1.207,  9.177
 79680, 107.056,  0.783, 12.610
 79740, 98.483,  1.470, 10.434
 79800, 87.543,  0.447,  8.451
 79860, 90.386,  1.392,  8.823
 79920, 91.967,  0.998, 10.053
 79980, 95.455,  1.500,  8.921
 80040, 87.452,  0.867,  7.225
 80100, 89.885,  0.605,  8.669
 80160, 93.772,  0.951,  9.951
 80220, 86.822,  0.637,  9.554
 80280, 87.749,  0.823,  9.091
 80340, 92.386,  0.914, 10.354
 80400, 98.935,  1.137,  9.274
 80460, 97.492,  1.464, 11.961
 80520, 99.966,  0.969, 10.050
 80580, 100.576,  1.449,  8.654
 80640, 102.661,  1.920, 11.906
 80700, 104.609,  1.509, 10.993
 80760, 98.209,  1.129, 10.663
 80820, 96.999,  1.298,  8.083
 80880, 98.362,  1.288,  7.997
 80940, 94.564,  0.876, 10.531
 81000, 88.448,  0.578,  8.840
 81060, 87.865,  1.738,  8.681
 81120, 90.733,  1.567,  7.026
 81180, 96.959,  2.215, 10.196
 81240, 94.315,  1.762, 11.296
 81300, 91.772,  0.868, 11.660
 81360, -9999.000, -9999.000, -9999.000
 81420, 94.475,  1.190,  9.945
 81480, 95.153,  1.753,  8.080
 81540, 91.785,  1.166,  8.697
 81600, 92.074,  1.310,  8.317
 81660, 89.680,  1.656,  9.190
 81720, 96.354,  1.269,  9.100
 81780, 100.477,  1.980,  8.492
 81840, 101.381,  1.522,  7.868
 81900, 111.579,  1.075, 13.510
 81960, 135.992,  1.639, 15.362
 82020, 139.157,  1.962, 14.120
 82080, 141.863,  2.512, 16.049
 82140, 143.197,  2.075, 18.680
 82200, 152.115,  2.531, 20.979
 82260, 154.807,  1.403, 17.422
 82320, 154.729,  2.148, 19.433
 82380, 161.225,  2.352, 20.464
 82440, 155.006,  2.041, 19.482
 82500, 143.480,  2.547, 18.328
 82560, 157.532,  2.209, 23.246
 82620, 173.777,  1.905, 26.584
 82680, 198.460,  2.144, 30.355
 82740, 216.330,  3.267, 35.214
 82800, 218.960,  2.380, 35.502
 82860, 224.452,  2.553, 35.537
 82920, 221.736,  2.902, 38.092
 82980, 218.548,  2.305, 34.053
 83040, 220.562,  3.071, 34.179
 83100, 218.408,  3.456, 31.161
 83160, 218.865,  2.859, 37.870
 83220, 217.759,  2.165, 31.317
 83280, 226.065,  2.174, 35.671
 83340, 223.677,  2.099, 32.797
 83400, 216.219,  2.536, 32.910
 83460, 216.522,  2.982, 32.610
 83520, 214.703,  3.653, 31.436
 83580, 205.414,  2.707, 28.858
 83640, 205.041,  2.905, 33.075
 83700, 189.963,  2.838, 27.169
 83760, 202.226,  3.567, 28.528
 83820, 195.517,  2.618, 29.133
 83880, 164.138,  3.003, 24.714
 83940, 154.827,  3.427, 22.896
 84000, 147.614,  3.010, 19.494
 84060, 157.855,  2.968, 23.476
 84120, 152.506,  2.601, 21.228
 84180, 159.998,  2.615, 25.111
 84240, 152.433,  2.327, 23.405
 84300, 146.420,  2.241, 20.502
 84360, 130.222,  2.323, 17.632
 84420, 121.908,  1.744, 15.949
 84480, 128.247,  2.585, 19.175
 84540, 131.078,  1.984, 20.364
 84600, 128.794,  1.848, 18.145
 84660, 133.057,  2.226, 18.827
 84720, 138.839,  1.839, 20.536
 84780, 142.617,  2.640, 19.490
 84840, 147.394,  2.235, 18.375
 84900, 144.795,  1.860, 19.071
 84960, 136.725,  1.720, 17.327
 85020, 2078.077, 49.940, 263.277
 85080, 158.750,  5.419, 23.741
 85140, 164.714,  3.043, 21.042
 85200, 165.922,  3.427, 20.831
 85260, 173.920,  3.299, 25.360
 85320, 180.014,  3.906, 22.897
 85380, 178.901,  2.058, 24.466
 85440, 175.867,  3.698, 24.010
 85500, 181.660,  2.905, 23.402
 85560, 181.470,  3.010, 25.428
 85620, 184.159,  3.406, 24.178
 85680, 177.226,  3.137, 24.056
 85740, 178.614,  2.337, 23.784
 85800, 184.576,  2.591, 25.671
 85860, 185.126,  2.649, 26.561
 85920, 188.869,  1.951, 25.928
 85980, 184.563,  3.603, 25.000
 86040, 177.324,  2.917, 23.247
 86100, 183.846,  2.908, 23.783
 86160, 180.426,  1.627, 21.166
 86220, 189.229,  2.398, 20.509
 86280, 190.233,  3.033, 19.646
 86340, 203.375,  2.199, 21.193
