CampaignData_and_Merges/R0/CSL_MobileLab_Parked/raw/20240809/USOS-NOAAIodideCIMS-Halogens_MobileLabGround_20240809_RA.ict
38, 1001
Michael A Robinson, Chris Jernigan, Subi Thakali
NOAA ESRL Chemical Sciences Laboratory and CIRES, U. of Colorado
NOAA Iodide CIMS Instrument
USOS
1, 1
2024, 08, 09, 2024, 08, 10
1
starttime_UTC, seconds_past_midnight, seconds_of_day_since_00:00:00_UTC
6
1, 1, 1, 1, 1, 1
-9999, -9999, -9999, -9999, -9999, -9999
Br2_NOAACIMS, pptv, Gas_Br2_InSitu_S_AVMR, 
BrO_NOAACIMS, pptv, Gas_BrO_InSitu_S_AVMR, 
Cl2_NOAACIMS, pptv, Gas_Cl2_InSitu_S_AVMR, 
ClNO2_NOAACIMS, pptv, Gas_ClNO2_InSitu_S_AVMR, 
BrCl_NOAACIMS, pptv, Gas_BrCl_InSitu_S_AVMR, 
NCl3_NOAACIMS, pptv, Gas_NCl3_InSitu_S_AVMR, 
0
18
PI_CONTACT_INFO: 325 Broadway, R/CSD 7, Boulder, Colorado 80305; michael.a.robinson@noaa.gov; chris.jernigan@noaa.gov;
PLATFORM: NOAA CSL Mobile Lab
LOCATION: SLC, Utah
ASSOCIATED_DATA: 1Hz data also available on request.
INSTRUMENT_INFO: NOAA I- ToF CIMS
DATA_INFO: All data in parts per trillion by volume (pptv). 1 Hz data is available upon request.
UNCERTAINTY: TBD
ULOD_FLAG: -7777
ULOD_VALUE: N/A
LLOD_FLAG: -8888
LLOD_VALUE: N/A
DM_CONTACT_INFO: Nathan Howard; nathan.h.howard@noaa.gov
PROJECT_INFO: USOS, summer 2024. https://csl.noaa.gov/groups/csl7/measurements/2024usos/
STIPULATIONS_ON_USE: Users are strongly encouraged to contact the PI for proper data usage.
OTHER_COMMENTS: 
REVISION: RA
RA: Preliminary Data; For in-field use only
starttime_UTC, Br2_NOAACIMS, BrO_NOAACIMS, Cl2_NOAACIMS, ClNO2_NOAACIMS, BrCl_NOAACIMS, NCl3_NOAACIMS
[from data line 531]
 31860,  0.980, -9999.000,  1.146,  0.264,  0.322,  7.622
 31920,  0.845,  0.024,  1.119,  0.241,  0.320,  7.605
 31980,  0.957,  0.019,  1.156,  0.282,  0.294,  7.437
 32040,  0.976,  0.029,  1.111,  0.184,  0.309,  6.558
 32100,  0.857,  0.031,  0.982,  0.158,  0.311,  6.291
 32160,  0.930,  0.033,  1.025,  0.192,  0.336,  6.580
 32220,  0.990,  0.047,  1.091,  0.198,  0.329,  7.205
 32280,  1.028,  0.043,  1.114,  0.209,  0.335,  6.941
 32340,  1.068, -0.018,  1.152,  0.256,  0.301,  7.119
 32400,  0.918,  0.089,  1.098,  0.225,  0.351,  7.198
 32460,  1.003,  0.050,  1.074,  0.230,  0.359,  7.210
 32520,  1.015,  0.023,  0.979,  0.153,  0.372,  6.245
 32580,  0.937,  0.012,  0.995,  0.208,  0.316,  6.137
 32640,  1.004,  0.105,  1.046,  0.203,  0.326,  6.447
 32700,  0.915,  0.059,  1.218,  0.259,  0.346,  7.279
 32760,  0.897,  0.094,  1.119,  0.201,  0.353,  7.208
 32820,  0.914,  0.066,  0.974,  0.202,  0.365,  6.202
 32880,  0.970,  0.019,  0.944,  0.248,  0.332,  6.352
 32940,  0.978,  0.068,  1.036,  0.175,  0.370,  6.140
 33000,  1.071,  0.025,  1.041,  0.207,  0.326,  6.193
 33060,  0.916,  0.053,  1.060,  0.201,  0.420,  6.892
 33120,  0.983,  0.024,  1.060,  0.244,  0.387,  6.298
 33180,  0.970,  0.059,  1.133,  0.238,  0.358,  7.374
 33240,  0.893,  0.061,  0.903,  0.225,  0.316,  6.211
 33300, -9999.000, -9999.000, -9999.000, -9999.000, -9999.000, -9999.000
 33360,  0.935,  0.046,  1.315,  0.277,  0.392,  8.888
 33420,  0.972,  0.095,  1.308,  0.279,  0.419,  9.297
 33480,  1.043,  0.060,  1.202,  0.287,  0.413,  8.625
 33540,  0.917,  0.025,  1.212,  0.303,  0.417,  7.908
 33600,  0.946,  0.080,  1.212,  0.309,  0.346,  8.497
 33660,  1.053,  0.059,  1.302,  0.297,  0.392,  9.338
 33720,  0.946,  0.038,  1.265,  0.265,  0.390,  8.841
 33780,  1.020,  0.041,  1.142,  0.297,  0.404,  6.939
 33840,  0.973,  0.065,  1.132,  0.248,  0.413,  7.476
 33900,  0.917,  0.066,  1.132,  0.266,  0.305,  7.130
 33960,  0.962,  0.088,  1.163,  0.288,  0.363,  7.184
 34020,  0.995,  0.061,  1.231,  0.258,  0.375,  7.145
 34080,  1.014,  0.002,  1.236,  0.314,  0.318,  8.238
 34140,  1.019,  0.078,  1.417,  0.343,  0.395, 10.681
 34200,  1.039,  0.045,  1.380,  0.345,  0.346,  8.543
 34260,  0.998,  0.088,  1.223,  0.282,  0.381,  8.630
 34320,  0.967,  0.077,  1.232,  0.285,  0.331,  7.702
 34380,  0.998,  0.086,  1.278,  0.300,  0.343,  8.472
 34440,  0.888,  0.019,  1.175,  0.266,  0.375,  8.408
 34500,  0.942,  0.072,  1.244,  0.247,  0.375,  7.047
 34560,  1.063,  0.172,  1.249,  0.230,  0.355,  6.600
 34620,  1.006,  0.059,  1.220,  0.270,  0.365,  6.557
 34680,  0.879,  0.060,  1.121,  0.263,  0.358,  6.341
 34740,  0.953,  0.052,  1.183,  0.293,  0.360,  7.178
 34800,  1.016,  0.117,  1.180,  0.282,  0.321,  6.909
 34860,  1.050,  0.110,  0.985,  0.275,  0.418,  5.608
 34920,  0.977,  0.021,  1.074,  0.301,  0.397,  6.049
 34980,  0.965,  0.058,  1.222,  0.313,  0.315,  7.153
 35040,  0.890,  0.061,  1.222,  0.326,  0.344,  6.962
 35100,  0.965,  0.090,  1.213,  0.318,  0.346,  6.860
 35160, -9999.000, -9999.000, -9999.000, -9999.000, -9999.000, -9999.000
 35220,  1.039,  0.018,  1.234,  0.297,  0.362, 11.817
 35280,  1.006,  0.084,  1.371,  0.479,  0.395, 11.452
 35340,  1.101, -0.003,  1.368,  0.428,  0.424, 10.003
 35400,  0.933,  0.088,  1.368,  0.483,  0.446, 10.439
 35460,  1.090,  0.064,  1.401,  0.363,  0.367, 10.995
 35520,  0.974,  0.000,  1.394,  0.399,  0.425,  9.906
 35580,  0.904,  0.074,  1.209,  0.358,  0.439,  8.127
 35640,  1.021,  0.077,  1.274,  0.380,  0.418,  7.698
 35700,  0.897,  0.020,  1.230,  0.357,  0.418,  7.282
 35760,  1.003,  0.050,  1.387,  0.377,  0.405,  7.164
 35820,  0.946,  0.059,  1.384,  0.468,  0.389,  7.426
 35880,  0.935,  0.042,  1.363,  0.414,  0.432,  7.421
 35940,  1.027,  0.105,  1.285,  0.407,  0.389,  7.493
 36000,  0.995,  0.060,  1.271,  0.424,  0.444,  7.439
 36060,  1.014,  0.013,  1.248,  0.360,  0.368,  7.462
 36120,  1.026,  0.040,  1.357,  0.463,  0.404,  7.583
 36180,  0.985,  0.072,  1.310,  0.430,  0.346,  7.892
 36240,  0.968,  0.116,  1.374,  0.427,  0.387,  8.140
 36300,  0.851,  0.118,  1.347,  0.443,  0.364,  7.966
 36360,  0.915,  0.065,  1.265,  0.462,  0.327,  8.675
 36420,  1.010,  0.102,  1.251,  0.421,  0.367,  8.447
 36480,  0.901,  0.049,  1.422,  0.421,  0.388,  8.284
 36540,  0.851,  0.028,  1.281,  0.387,  0.409,  8.723
 36600,  1.039,  0.041,  1.390,  0.414,  0.404,  8.542
 36660,  1.002,  0.034,  1.361,  0.403,  0.347,  8.954
 36720,  0.924,  0.086,  1.397,  0.434,  0.387, 10.243
 36780,  0.970,  0.058,  1.385,  0.407,  0.410, 10.974
 36840,  0.995,  0.011,  1.367,  0.480,  0.406, 11.079
 36900,  1.009,  0.020,  1.411,  0.418,  0.424, 11.838
 36960,  1.031,  0.000,  1.347,  0.472,  0.389, 11.381
 37020, -9999.000, -9999.000, -9999.000, -9999.000, -9999.000, -9999.000
 37080,  0.929,  0.075,  1.389,  0.468,  0.447, 11.531
 37140,  0.905,  0.037,  1.376,  0.442,  0.456, 12.086
 37200,  0.975,  0.059,  1.324,  0.429,  0.391, 12.306
 37260,  0.991,  0.073,  1.473,  0.437,  0.454, 13.223
 37320,  1.018,  0.111,  1.439,  0.422,  0.457, 15.449
 37380,  0.964,  0.111,  1.559,  0.408,  0.428, 14.624
 37440,  0.849,  0.034,  1.596,  0.441,  0.406, 14.834
 37500,  0.926,  0.026,  1.515,  0.488,  0.421, 16.835
 37560,  0.869,  0.103,  1.556,  0.474,  0.486, 16.914
 37620,  0.666,  0.042,  1.549,  0.381,  0.339, 16.323
 37680,  0.968,  0.134,  1.622,  0.434,  0.386, 18.346
 37740,  0.907,  0.084,  1.778,  0.527,  0.445, 19.340
 37800,  0.912,  0.062,  1.642,  0.481,  0.422, 17.935
 37860,  0.853,  0.064,  1.678,  0.487,  0.430, 18.118
 37920,  0.798,  0.068,  1.666,  0.484,  0.453, 20.066
 37980,  0.804,  0.072,  1.779,  0.533,  0.390, 21.168
 38040,  0.912,  0.086,  1.812,  0.572,  0.464, 20.262
 38100,  0.916,  0.130,  1.594,  0.550,  0.458, 19.525
 38160,  0.812,  0.091,  1.805,  0.540,  0.428, 22.030
 38220,  0.839,  0.089,  1.712,  0.616,  0.397, 23.017
 38280,  0.904,  0.053,  1.760,  0.505,  0.410, 23.237
 38340,  0.715,  0.122,  1.718,  0.568,  0.406, 23.084
 38400,  0.892,  0.039,  1.582,  0.497,  0.444, 21.342
 38460,  0.889,  0.081,  1.768,  0.598,  0.437, 22.475
 38520,  0.823,  0.026,  1.831,  0.659,  0.471, 21.811
 38580,  0.903,  0.032,  1.714,  0.593,  0.404, 21.212
 38640,  0.804,  0.138,  1.628,  0.595,  0.379, 18.421
 38700,  0.849,  0.114,  1.712,  0.561,  0.397, 19.086
 38760,  0.860,  0.038,  1.672,  0.633,  0.429, 20.060
 38820,  0.787,  0.167,  1.673,  0.637,  0.393, 20.906
 38880,  0.863,  0.019,  1.556,  0.575,  0.406, 17.944
 38940,  0.810,  0.118,  1.602,  0.558,  0.442, 17.583
 39000,  0.757,  0.096,  1.494,  0.583,  0.412, 17.445
 39060,  0.862,  0.037,  1.537,  0.568,  0.408, 15.957
 39120,  0.821,  0.090,  1.500,  0.626,  0.415, 16.489
 39180,  0.943,  0.049,  1.379,  0.561,  0.417, 15.450
 39240,  0.747, -0.001,  1.475,  0.528,  0.397, 15.768
 39300,  0.845,  0.093,  1.680,  0.664,  0.438, 18.030
 39360,  0.836,  0.049,  1.557,  0.617,  0.505, 17.875
 39420,  0.852,  0.040,  1.686,  0.681,  0.448, 16.765
 39480,  0.798,  0.041,  1.560,  0.750,  0.404, 18.809
 39540,  0.946,  0.084,  1.891,  0.843,  0.545, 24.234
 39600,  0.857,  0.063,  1.809,  0.699,  0.420, 18.886
 39660,  0.844,  0.004,  1.633,  0.750,  0.408, 18.468
 39720,  0.952,  0.058,  1.577,  0.652,  0.383, 16.381
 39780,  0.768,  0.112,  1.456,  0.571,  0.368, 14.320
 39840,  0.813,  0.056,  1.418,  0.643,  0.389, 15.393
 39900,  0.913, -0.020,  1.419,  0.582,  0.386, 13.877
 39960,  0.565,  0.033,  1.417,  0.565,  0.264, 14.686
 40020,  0.650, -0.007,  1.457,  0.680,  0.388, 16.320
 40080,  0.577, -0.008,  1.749,  0.779,  0.334, 23.894
 40140,  0.832,  0.050,  1.909,  1.026,  0.520, 30.811
 40200,  0.815,  0.013,  1.474,  0.709,  0.433, 17.758
 40260,  1.015,  0.028,  1.555,  0.649,  0.374, 16.401
 40320,  0.811,  0.079,  1.345,  0.725,  0.295, 14.795
 40380,  0.858,  0.083,  1.370,  0.589,  0.310, 12.536
 40440,  0.846,  0.054,  1.261,  0.581,  0.280, 11.542
 40500,  0.755,  0.019,  1.368,  0.545,  0.288, 13.833
 40560,  0.848,  0.016,  1.466,  0.679,  0.343, 14.880
 40620,  0.921,  0.026,  1.346,  0.636,  0.353, 14.220
 40680, -9999.000, -9999.000, -9999.000, -9999.000, -9999.000, -9999.000
 40740,  0.888,  0.074,  1.504,  0.650,  0.473, 19.223
 40800,  0.846,  0.063,  1.336,  0.559,  0.283, 15.851
 40860,  0.978,  0.027,  1.516,  0.566,  0.319, 15.470
 40920,  0.823,  0.047,  1.393,  0.546,  0.292, 15.486
 40980,  0.987,  0.007,  1.540,  0.583,  0.383, 15.783
 41040,  0.891, -0.001,  1.438,  0.521,  0.293, 16.290
 41100,  0.843,  0.046,  1.390,  0.609,  0.337, 16.378
 41160,  0.914,  0.043,  1.443,  0.570,  0.313, 16.752
 41220,  0.844,  0.044,  1.489,  0.615,  0.408, 17.439
 41280,  0.943,  0.084,  1.614,  0.636,  0.412, 18.178
 41340,  0.874,  0.083,  1.608,  0.674,  0.383, 19.255
 41400,  0.859,  0.095,  1.523,  0.650,  0.410, 18.781
 41460,  0.820,  0.044,  1.545,  0.641,  0.326, 18.039
 41520,  0.921,  0.007,  1.493,  0.650,  0.379, 17.391
 41580,  0.928,  0.013,  1.568,  0.772,  0.421, 18.602
 41640,  1.015,  0.048,  1.392,  0.664,  0.339, 15.249
 41700,  0.857,  0.012,  1.405,  0.820,  0.326, 15.073
 41760,  0.961,  0.056,  1.465,  0.963,  0.428, 17.027
 41820,  0.896,  0.015,  1.444,  0.825,  0.380, 14.328
 41880,  0.999,  0.011,  1.479,  0.862,  0.399, 13.705
 41940,  0.901,  0.023,  1.361,  0.768,  0.400, 14.075
 42000,  0.835,  0.019,  1.412,  0.897,  0.362, 14.810
 42060,  1.023,  0.051,  1.626,  1.110,  0.513, 18.695
 42120,  1.040,  0.079,  1.632,  1.038,  0.478, 19.003
 42180,  1.011,  0.113,  1.594,  0.917,  0.436, 16.703
 42240,  0.962,  0.035,  1.460,  0.981,  0.422, 15.421
 42300,  0.936,  0.034,  1.775,  1.122,  0.495, 17.562
 42360,  0.982,  0.112,  1.509,  0.957,  0.416, 15.433
 42420,  1.041,  0.088,  1.492,  0.932,  0.430, 14.214
 42480,  0.843, -0.011,  1.322,  0.851,  0.311, 12.920
 42540,  1.066,  0.141,  1.272,  0.910,  0.337, 13.716
 42600,  1.099, -0.016,  1.333,  0.891,  0.444, 14.182
 42660,  1.054,  0.059,  1.423,  0.886,  0.400, 15.011
 42720,  1.052,  0.052,  1.413,  0.855,  0.396, 15.271
 42780,  0.984,  0.103,  1.447,  0.891,  0.364, 15.123
 42840,  0.949,  0.077,  1.442,  0.951,  0.344, 15.147
 42900,  1.014,  0.077,  1.398,  0.902,  0.439, 15.424
 42960,  1.085, -0.001,  1.445,  1.014,  0.470, 15.233
 43020,  0.987,  0.017,  1.293,  0.936,  0.428, 13.969
 43080,  1.090,  0.059,  1.056,  0.571,  0.308,  9.199
 43140,  0.949,  0.019,  1.052,  0.585,  0.295,  9.393
 43200,  0.964,  0.106,  0.839,  0.443,  0.325,  7.167
 43260,  0.875,  0.048,  0.948,  0.449,  0.330,  7.357
 43320,  0.882, -0.023,  0.867,  0.342,  0.259,  6.834
 43380,  0.933, -0.013,  1.016,  0.439,  0.415,  9.489
 43440,  0.912,  0.063,  1.021,  0.517,  0.403, 10.033
 43500,  0.931, -0.001,  0.974,  0.342,  0.357,  7.033
 43560,  0.728,  0.010,  0.948,  0.322,  0.256,  6.358
 43620,  0.883, -0.004,  0.956,  0.381,  0.347,  7.361
 43680,  0.838,  0.056,  1.028,  0.466,  0.322,  7.656
 43740,  0.881,  0.050,  1.122,  0.456,  0.356,  8.268
 43800,  0.841,  0.035,  1.122,  0.458,  0.340,  8.316
 43860,  0.877,  0.034,  1.091,  0.456,  0.299,  7.667
 43920,  0.923, -0.000,  1.158,  0.473,  0.321,  7.185
 43980,  0.962, -0.005,  1.076,  0.471,  0.325,  6.656
 44040,  0.980,  0.083,  0.987,  0.413,  0.353,  7.317
 44100,  0.868, -0.063,  1.021,  0.446,  0.298,  5.797
 44160,  0.990,  0.007,  1.041,  0.423,  0.250,  5.982
 44220,  0.832,  0.007,  1.111,  0.452,  0.259,  7.143
 44280,  0.866, -0.024,  1.008,  0.441,  0.343,  6.300
 44340,  1.051, -0.011,  1.077,  0.432,  0.286,  6.030
 44400, -9999.000, -9999.000, -9999.000, -9999.000, -9999.000, -9999.000
 44460,  0.744,  0.011,  1.060,  0.468,  0.380,  5.995
 44520,  0.835, -0.006,  1.112,  0.439,  0.348,  6.039
 44580,  0.884,  0.011,  0.982,  0.398,  0.331,  5.665
 44640,  0.829,  0.055,  0.959,  0.399,  0.332,  4.777
 44700,  0.833, -0.009,  0.931,  0.422,  0.348,  4.438
 44760,  0.772, -0.012,  1.029,  0.448,  0.316,  5.392
 44820,  0.945,  0.054,  0.939,  0.536,  0.315,  5.368
 44880,  0.839,  0.015,  0.977,  0.509,  0.314,  6.033
 44940,  0.885, -0.011,  1.224,  0.630,  0.398,  9.006
 45000,  0.937, -0.020,  1.197,  0.657,  0.447,  9.608
 45060,  0.865, -0.006,  1.109,  0.574,  0.296,  6.265
 45120,  0.859,  0.056,  0.994,  0.528,  0.301,  6.505
 45180,  0.666,  0.003,  0.991,  0.527,  0.362,  5.484
 45240,  0.720,  0.002,  0.961,  0.504,  0.314,  5.416
 45300,  0.745,  0.040,  0.935,  0.594,  0.328,  5.999
 45360,  0.648,  0.027,  1.157,  0.840,  0.277,  8.112
 45420,  0.709,  0.049,  1.140,  0.880,  0.317,  7.772
 45480,  0.743,  0.050,  1.224,  0.839,  0.386,  6.983
 45540,  0.780,  0.012,  1.226,  0.776,  0.294,  7.000
 45600,  0.798, -0.009,  1.238,  0.864,  0.383,  9.074
 45660,  0.700, -0.022,  1.226,  0.891,  0.384,  9.304
 45720,  0.719, -9999.000,  1.294,  1.002,  0.402,  9.856
 45780,  0.733, -9999.000,  1.350,  1.066,  0.413, 10.598
 45840,  0.708, -9999.000,  1.146,  0.919,  0.361,  9.196
 45900,  0.627, -9999.000,  1.172,  0.896,  0.353,  8.559
 45960,  0.674, -9999.000,  1.124,  0.854,  0.305,  8.005
 46020,  0.640, -9999.000,  1.153,  0.753,  0.290,  8.123
 46080,  0.760, -9999.000,  1.094,  0.628,  0.308,  6.964
 46140,  0.611, -9999.000,  1.085,  0.679,  0.297,  6.233
 46200,  0.697, -9999.000,  1.054,  0.481,  0.304,  5.144
 46260,  0.705, -9999.000,  0.899,  0.582,  0.324,  4.708
 46320,  0.626, -9999.000,  1.028,  0.538,  0.311,  5.037
 46380,  0.711, -9999.000,  0.989,  0.477,  0.284,  5.228
 46440,  0.552, -9999.000,  1.053,  0.499,  0.236,  5.473
 46500,  0.676, -9999.000,  1.056,  0.503,  0.310,  6.457
 46560,  0.707, -9999.000,  1.110,  0.582,  0.331,  7.691
 46620,  0.735, -9999.000,  1.033,  0.498,  0.331,  6.503
 46680,  0.664, -9999.000,  1.149,  0.588,  0.325,  7.329
 46740,  0.724, -9999.000,  1.083,  0.548,  0.274,  7.157
 46800,  0.650, -9999.000,  0.879,  0.210,  0.252,  3.472
 46860,  0.515, -9999.000,  0.793,  0.252,  0.262,  3.651
 46920,  0.748, -9999.000,  1.048,  0.340,  0.254,  4.901
 46980,  0.575, -9999.000,  1.102,  0.355,  0.223,  4.543
 47040,  0.698, -9999.000,  1.131,  0.345,  0.212,  4.060
 47100,  0.657, -9999.000,  1.555,  0.650,  0.234,  6.827
 47160,  0.566, -9999.000,  1.456,  0.622,  0.281,  7.473
 47220,  0.605, -9999.000,  1.429,  0.781,  0.276,  7.947
 47280,  0.693, -9999.000,  1.309,  0.828,  0.301,  7.953
 47340,  0.601, -9999.000,  1.357,  0.927,  0.195,  8.793
 47400,  0.488, -9999.000,  1.441,  0.839,  0.280,  8.485
 47460,  0.380, -9999.000,  1.483,  0.765,  0.218,  8.350
 47520,  0.782, -9999.000,  1.189,  0.503,  0.235,  5.515
 47580,  0.497, -9999.000,  1.305,  0.777,  0.240,  7.478
 47640,  0.530, -9999.000,  1.240,  0.619,  0.228,  6.518
 47700,  0.598, -9999.000,  1.239,  0.663,  0.209,  6.784
 47760,  0.532, -9999.000,  1.346,  0.762,  0.207,  7.726
 47820,  0.570, -9999.000,  1.503,  1.072,  0.237,  9.030
 47880,  0.524, -9999.000,  1.497,  1.064,  0.205,  8.448
 47940,  0.380, -9999.000,  1.121,  0.912,  0.122,  7.333
 48000,  0.613, -9999.000,  1.018,  0.775,  0.194,  6.938
 48060,  0.613, -9999.000,  1.107,  0.639,  0.229,  7.664
 48120, -9999.000, -9999.000, -9999.000, -9999.000, -9999.000, -9999.000
 48180,  0.631, -9999.000,  1.080,  0.774,  0.195,  6.255
 48240,  0.455, -9999.000,  1.096,  0.740,  0.180,  5.587
 48300,  0.563, -9999.000,  1.124,  0.777,  0.181,  6.408
 48360,  0.547, -9999.000,  1.121,  0.928,  0.192,  6.710
 48420,  0.441, -9999.000,  1.040,  0.915,  0.158,  6.050
 48480,  0.062, -9999.000,  0.904,  0.750,  0.075,  3.389
 48540,  0.555, -9999.000,  0.928,  0.802,  0.207,  5.259
 48600,  0.529, -9999.000,  1.007,  0.793,  0.164,  4.577
 48660,  0.570, -9999.000,  0.957,  0.739,  0.159,  4.398
 48720,  0.593, -9999.000,  1.053,  0.777,  0.204,  4.316
 48780,  0.473, -9999.000,  1.078,  0.869,  0.144,  4.016
 48840,  0.527, -9999.000,  1.025,  0.860,  0.210,  4.159
 48900,  0.622, -9999.000,  1.031,  0.943,  0.144,  4.297
