CampaignData_and_Merges/R0/CSL_MobileLab_Parked/raw/20240809/USOS-jNO2_MobileLabGround_20240809_R0.ict
52,1001
Waxman, E.; Rollins, A.; Zuraski, K.; Chace, W.
NOAA Chemical Sciences Laboratory
jNO2 filter radiometer on CSL Mobile Lab
AMMBEC / USOS
1, 1
2024,08,09, 2025,04,01
60
Time_Start, seconds, number_of_seconds_since_0000_UTC
20
1, 1, 1, 1, 1, 1, 1, 1, 1, 1, 1, 1, 1, 1, 1, 1, 1, 1, 1, 1
-9999, -9999, -9999, -9999, -9999, -9999, -9999, -9999, -9999, -9999, -9999, -9999, -9999, -9999, -9999, -9999, -9999, -9999, -9999, -9999
Time_Stop, seconds, number_of_seconds_since_0000_UTC
jNO2_meas, per second, photolysis rate of NO2 measured using a filter radiometer.
jBrCl, per second, photolysis rate of BrCl -> Br + Cl calculated in TUV for cloud-free sky with local AOD
jBr2, per second, photolysis rate of Br2 -> Br + Br calculated in TUV for cloud-free sky with local AOD
jCCl4, per second, photolysis rate of CCl4 -> Products calcualted in TUV for cloud-free sky with local AOD
jCH2Oa, per second, photolysis rate of CH2O -> H + HCO calculated in TUV for cloud-free sky with local AOD
jCH2Ob, per second, photolysis rate of CH2O -> H2 + CO calculated in TUV for cloud-free sky with local AOD
jClNO2, per second, photolysis rate of ClNO2 -> Cl + NO2 calculated in TUV for cloud-free sky with local AOD
jClOa, per second, photolysis rate of ClO -> Cl + O(1D) calculated in TUV for cloud-free sky with local AOD
jClOb, per second, photolysis rate of ClO -> Cl + O(3P) calculated in TUV for cloud-free sky with local AOD
jCl2, per second, photolysis rate of Cl2 -> Cl + Cl calculated in TUV for cloud-free sky with local AOD
jHNO2, per second, photolysis rate of HNO2 -> OH + NO calculated in TUV for cloud-free sky with local AOD
jHNO3, per second, photolysis rate of HNO3 -> OH + NO2 calculated in TUV for cloud-free sky with local AOD
jI2, per second, photolysis rate of I2 -> I + I calculated in TUV for cloud-free sky with local AOD
jNO2, per second, photolysis rate of NO2 -> NO + O(3P) calculated in TUV for cloud-free sky with local AOD
jNO3a, per second, photolysis rate of NO3 -> NO + O2 calculated in TUV for cloud-free sky with local AOD
jNO3b, per second, photolysis rate of NO3 -> NO2 + O(3P) calculated in TUV for cloud-free sky with local AOD
jN2O5, per second, photolysis rate of N2O5 -> NO3 + NO + O(3P) calculated in TUV for cloud-free sky with local AOD
jO3, per second, photolysis rate of O3 -> O2 + O(1D) calculated in TUV for cloud-free sky with local AOD
AOD_500nm, unitless, UTC daily mean AOD at 500 nm from an AERONET station located at 40.178 N, -112.452 E
0
18
PI_CONTACT_INFO: eleanor.waxman@noaa.gov
PLATFORM: CSL Mobile Lab, at ground site
LOCATION: Salt Lake City, UT
ASSOCIATED_DATA:
INSTRUMENT_INFO: jNO2 filter radiometer.  TUV calculations are for mobile van lat/lon/altitude assuming clear sky (cloud AOD = 0) and daily mean AOD.
DATA_INFO:
UNCERTAINTY: Data uncertainties are +/- 20%.  These come from uncertainties in radiometer angular response, radiometer thermal response, local interferences from clouds/aerosols/shadows etc.
ULOD_FLAG: -7777
ULOD_VALUE: N/A
LLOD_FLAG: -8888
LLOD_VALUE: N/A
DM_CONTACT_INFO: eleanor.waxman@noaa.gov
PROJECT_INFO: USOS Project, July - August 2024
STIPULATIONS_ON_USE: Users are strongly encouraged to contact the PI for proper data usage.
OTHER_COMMENTS: 
REVISION: R0
R0: final data
Time_Start, Time_Stop, jNO2_meas, jBrCl, jBr2, jCCl4, jCH2Oa, jCH2Ob, jClNO2, jClOa, jClOb, jCl2, jHNO2, jHNO3, jI2, jNO2, jNO3a, jNO3b, jN2O5, jO3, AOD_500nm
[from data line 890]
   53400,   53460,0.0041906,0.006622,0.02182,1.281e-25,1.103e-05,2.073e-05,0.000209,4.577e-26,7.863e-06,0.001152,0.000792,1.504e-07,0.08354,0.00509,0.01688,0.1315,1.729e-05,4.844e-06,0.186
   53460,   53520,0.0042296,0.006662,0.02193,1.303e-25,1.117e-05,2.094e-05,0.000211,4.651e-26,8.014e-06,0.001162,0.0007983,1.526e-07,0.08389,0.005128,0.01694,0.132,1.746e-05,4.939e-06,0.186
   53520,   53580,0.0042917,0.006702,0.02204,1.324e-25,1.13e-05,2.114e-05,0.000213,4.727e-26,8.166e-06,0.001171,0.0008045,1.548e-07,0.08423,0.005165,0.017,0.1325,1.764e-05,5.035e-06,0.186
   53580,   53640,0.0043487,0.006739,0.02214,1.346e-25,1.143e-05,2.133e-05,0.0002149,4.8e-26,8.311e-06,0.00118,0.0008104,1.569e-07,0.08455,0.0052,0.01706,0.133,1.78e-05,5.126e-06,0.186
   53640,   53700,0.0044043,0.006778,0.02225,1.369e-25,1.157e-05,2.154e-05,0.0002169,4.879e-26,8.466e-06,0.00119,0.0008166,1.591e-07,0.08489,0.005237,0.01711,0.1335,1.798e-05,5.224e-06,0.186
   53700,   53760,0.0044977,0.006817,0.02235,1.392e-25,1.17e-05,2.174e-05,0.0002188,4.96e-26,8.622e-06,0.001199,0.0008227,1.614e-07,0.08522,0.005273,0.01717,0.134,1.815e-05,5.323e-06,0.186
   53760,   53820,0.0046129,0.006853,0.02245,1.414e-25,1.183e-05,2.193e-05,0.0002207,5.038e-26,8.771e-06,0.001208,0.0008284,1.635e-07,0.08553,0.005308,0.01722,0.1345,1.832e-05,5.417e-06,0.186
   53820,   53880,0.0047218,0.006891,0.02256,1.439e-25,1.197e-05,2.214e-05,0.0002226,5.122e-26,8.93e-06,0.001218,0.0008345,1.657e-07,0.08585,0.005344,0.01728,0.1349,1.849e-05,5.517e-06,0.186
   53880,   53940,0.004776,0.006929,0.02266,1.464e-25,1.21e-05,2.234e-05,0.0002246,5.208e-26,9.09e-06,0.001227,0.0008405,1.68e-07,0.08617,0.00538,0.01733,0.1354,1.867e-05,5.619e-06,0.186
   53940,   54000,0.0047988,0.006965,0.02276,1.488e-25,1.223e-05,2.253e-05,0.0002264,5.291e-26,9.242e-06,0.001236,0.0008462,1.701e-07,0.08647,0.005413,0.01739,0.1359,1.883e-05,5.715e-06,0.186
   54000,   54060,0.0048521,0.007002,0.02286,1.514e-25,1.237e-05,2.273e-05,0.0002284,5.381e-26,9.405e-06,0.001245,0.0008521,1.724e-07,0.08679,0.005449,0.01744,0.1363,1.9e-05,5.819e-06,0.186
   54060,   54120,0.0048988,0.007039,0.02296,1.54e-25,1.25e-05,2.293e-05,0.0002303,5.472e-26,9.569e-06,0.001254,0.0008581,1.747e-07,0.0871,0.005484,0.01749,0.1368,1.918e-05,5.923e-06,0.186
   54120,   54180,0.0049969,0.007074,0.02305,1.566e-25,1.263e-05,2.312e-05,0.0002321,5.561e-26,9.725e-06,0.001263,0.0008636,1.768e-07,0.08739,0.005517,0.01754,0.1372,1.934e-05,6.022e-06,0.186
   54180,   54240,0.0051118,0.00711,0.02315,1.594e-25,1.276e-05,2.332e-05,0.000234,5.656e-26,9.891e-06,0.001272,0.0008695,1.791e-07,0.08769,0.005552,0.01759,0.1377,1.951e-05,6.128e-06,0.186
   54240,   54300,0.0051503,0.007146,0.02325,1.622e-25,1.29e-05,2.352e-05,0.000236,5.754e-26,1.006e-05,0.001281,0.0008753,1.814e-07,0.088,0.005586,0.01764,0.1381,1.968e-05,6.235e-06,0.186
   54300,   54360,0.0052189,0.00718,0.02334,1.65e-25,1.303e-05,2.37e-05,0.0002378,5.849e-26,1.022e-05,0.001289,0.0008808,1.836e-07,0.08828,0.005618,0.01769,0.1385,1.985e-05,6.336e-06,0.186
   54360,   54420,0.0052441,0.007215,0.02343,1.679e-25,1.316e-05,2.39e-05,0.0002397,5.951e-26,1.039e-05,0.001298,0.0008865,1.859e-07,0.08857,0.005653,0.01774,0.139,2.002e-05,6.445e-06,0.186
   54420,   54480,0.0052598,0.007251,0.02353,1.71e-25,1.33e-05,2.41e-05,0.0002416,6.056e-26,1.056e-05,0.001307,0.0008922,1.882e-07,0.08886,0.005686,0.01779,0.1394,2.019e-05,6.555e-06,0.186
   54480,   54540,0.0053479,0.007283,0.02362,1.739e-25,1.343e-05,2.428e-05,0.0002433,6.158e-26,1.072e-05,0.001316,0.0008976,1.904e-07,0.08913,0.005718,0.01784,0.1398,2.035e-05,6.659e-06,0.186
   54540,   54600,0.0054206,0.007318,0.02371,1.771e-25,1.356e-05,2.448e-05,0.0002452,6.267e-26,1.09e-05,0.001324,0.0009032,1.928e-07,0.08942,0.005751,0.01789,0.1402,2.052e-05,6.769e-06,0.186
   54600,   54660,0.0054241,0.007352,0.0238,1.804e-25,1.37e-05,2.467e-05,0.0002471,6.38e-26,1.107e-05,0.001333,0.0009089,1.951e-07,0.0897,0.005785,0.01793,0.1407,2.069e-05,6.881e-06,0.186
   54660,   54720,0.0054073,0.007385,0.02389,1.835e-25,1.383e-05,2.486e-05,0.0002489,6.488e-26,1.124e-05,0.001341,0.0009141,1.973e-07,0.08996,0.005816,0.01798,0.141,2.085e-05,6.988e-06,0.186
   54720,   54780,0.0054799,0.007418,0.02398,1.87e-25,1.396e-05,2.505e-05,0.0002507,6.607e-26,1.141e-05,0.00135,0.0009197,1.997e-07,0.09024,0.005848,0.01803,0.1415,2.102e-05,7.101e-06,0.186
   54780,   54840,0.005536,0.007452,0.02407,1.905e-25,1.41e-05,2.524e-05,0.0002526,6.728e-26,1.159e-05,0.001359,0.0009252,2.02e-07,0.09051,0.005881,0.01807,0.1419,2.119e-05,7.216e-06,0.186
   54840,   54900,0.0052826,0.007483,0.02415,1.939e-25,1.422e-05,2.542e-05,0.0002543,6.844e-26,1.176e-05,0.001367,0.0009303,2.042e-07,0.09077,0.005911,0.01811,0.1422,2.134e-05,7.324e-06,0.186
   54900,   54960,0.0054635,0.007516,0.02424,1.975e-25,1.436e-05,2.561e-05,0.0002562,6.971e-26,1.194e-05,0.001375,0.0009358,2.066e-07,0.09104,0.005943,0.01816,0.1426,2.151e-05,7.44e-06,0.186
   54960,   55020,0.005452,0.007549,0.02433,2.013e-25,1.449e-05,2.58e-05,0.000258,7.101e-26,1.212e-05,0.001384,0.0009412,2.09e-07,0.0913,0.005975,0.0182,0.143,2.168e-05,7.557e-06,0.186
   55020,   55080,0.0054339,0.007579,0.02441,2.05e-25,1.462e-05,2.598e-05,0.0002597,7.227e-26,1.23e-05,0.001392,0.0009463,2.112e-07,0.09155,0.006005,0.01825,0.1434,2.183e-05,7.667e-06,0.186
   55080,   55140,0.0054592,0.007612,0.02449,2.089e-25,1.475e-05,2.617e-05,0.0002615,7.364e-26,1.248e-05,0.0014,0.0009516,2.136e-07,0.09181,0.006036,0.01829,0.1438,2.2e-05,7.786e-06,0.186
   55140,   55200,0.0054366,0.007643,0.02458,2.13e-25,1.489e-05,2.636e-05,0.0002634,7.505e-26,1.266e-05,0.001409,0.0009569,2.16e-07,0.09206,0.006067,0.01833,0.1441,2.217e-05,7.905e-06,0.186
   55200,   55260,0.0052362,0.007673,0.02465,2.17e-25,1.501e-05,2.653e-05,0.000265,7.64e-26,1.284e-05,0.001416,0.0009619,2.182e-07,0.0923,0.006097,0.01837,0.1445,2.232e-05,8.017e-06,0.186
   55260,   55320,0.0045979,0.007704,0.02474,2.212e-25,1.514e-05,2.672e-05,0.0002668,7.788e-26,1.302e-05,0.001425,0.0009671,2.206e-07,0.09255,0.006127,0.01842,0.1449,2.249e-05,8.138e-06,0.186
   55320,   55380,0.0047998,0.007736,0.02482,2.257e-25,1.528e-05,2.691e-05,0.0002686,7.94e-26,1.321e-05,0.001433,0.0009723,2.23e-07,0.0928,0.006158,0.01846,0.1452,2.265e-05,8.259e-06,0.186
   55380,   55440,0.0048024,0.007765,0.0249,2.299e-25,1.54e-05,2.708e-05,0.0002703,8.087e-26,1.339e-05,0.001441,0.0009772,2.252e-07,0.09303,0.006186,0.0185,0.1456,2.28e-05,8.373e-06,0.186
   55440,   55500,0.0046216,0.007795,0.02498,2.346e-25,1.554e-05,2.727e-05,0.0002721,8.248e-26,1.358e-05,0.001449,0.0009823,2.276e-07,0.09327,0.006216,0.01854,0.1459,2.297e-05,8.496e-06,0.186
   55500,   55560,0.0041093,0.007826,0.02506,2.393e-25,1.567e-05,2.745e-05,0.0002739,8.413e-26,1.377e-05,0.001457,0.0009874,2.3e-07,0.09351,0.006246,0.01858,0.1463,2.313e-05,8.619e-06,0.186
   55560,   55620,0.0048303,0.007854,0.02513,2.439e-25,1.579e-05,2.762e-05,0.0002755,8.571e-26,1.395e-05,0.001464,0.0009922,2.323e-07,0.09373,0.006274,0.01861,0.1466,2.328e-05,8.735e-06,0.186
   55620,   55680,0.0037663,0.007884,0.02521,2.49e-25,1.592e-05,2.78e-05,0.0002773,8.745e-26,1.414e-05,0.001472,0.0009972,2.347e-07,0.09397,0.006304,0.01865,0.147,2.344e-05,8.86e-06,0.186
   55680,   55740,0.0032629,0.007913,0.02528,2.541e-25,1.606e-05,2.798e-05,0.000279,8.924e-26,1.433e-05,0.00148,0.001002,2.371e-07,0.0942,0.006333,0.01869,0.1473,2.36e-05,8.985e-06,0.186
   55740,   55800,0.00361,0.007941,0.02536,2.591e-25,1.618e-05,2.815e-05,0.0002806,9.098e-26,1.452e-05,0.001488,0.001007,2.394e-07,0.09442,0.00636,0.01873,0.1476,2.375e-05,9.103e-06,0.186
   55800,   55860,0.0044499,0.00797,0.02543,2.646e-25,1.631e-05,2.833e-05,0.0002824,9.287e-26,1.471e-05,0.001496,0.001012,2.418e-07,0.09465,0.006389,0.01877,0.148,2.391e-05,9.23e-06,0.186
   55860,   55920,0.0045277,0.007998,0.02551,2.702e-25,1.644e-05,2.851e-05,0.0002841,9.481e-26,1.491e-05,0.001503,0.001017,2.442e-07,0.09487,0.006418,0.0188,0.1483,2.407e-05,9.356e-06,0.186
   55920,   55980,0.0033169,0.008025,0.02558,2.755e-25,1.656e-05,2.868e-05,0.0002857,9.669e-26,1.509e-05,0.001511,0.001021,2.464e-07,0.09508,0.006444,0.01884,0.1486,2.422e-05,9.477e-06,0.186
   55980,   56040,0.0031402,0.008054,0.02565,2.815e-25,1.669e-05,2.885e-05,0.0002874,9.875e-26,1.529e-05,0.001518,0.001026,2.489e-07,0.0953,0.006472,0.01888,0.1489,2.438e-05,9.605e-06,0.186
   56040,   56100,0.0032291,0.008082,0.02572,2.876e-25,1.682e-05,2.903e-05,0.0002891,1.009e-25,1.548e-05,0.001526,0.001031,2.513e-07,0.09552,0.0065,0.01891,0.1492,2.454e-05,9.733e-06,0.186
   56100,   56160,0.0041713,0.008108,0.02579,2.936e-25,1.695e-05,2.92e-05,0.0002907,1.029e-25,1.567e-05,0.001533,0.001035,2.535e-07,0.09572,0.006527,0.01895,0.1495,2.468e-05,9.855e-06,0.186
   56160,   56220,0.0038566,0.008135,0.02586,3e-25,1.708e-05,2.937e-05,0.0002924,1.052e-25,1.587e-05,0.001541,0.00104,2.56e-07,0.09593,0.006554,0.01898,0.1499,2.484e-05,9.985e-06,0.186
   56220,   56280,0.0039018,0.008163,0.02593,3.067e-25,1.72e-05,2.954e-05,0.000294,1.075e-25,1.607e-05,0.001548,0.001045,2.584e-07,0.09614,0.006581,0.01902,0.1502,2.499e-05,1.011e-05,0.186
   56280,   56340,0.0048071,0.008188,0.026,3.132e-25,1.732e-05,2.971e-05,0.0002956,1.098e-25,1.626e-05,0.001555,0.001049,2.606e-07,0.09634,0.006607,0.01905,0.1505,2.514e-05,1.024e-05,0.186
   56340,   56400,0.0058778,0.008215,0.02607,3.203e-25,1.745e-05,2.988e-05,0.0002973,1.122e-25,1.646e-05,0.001563,0.001054,2.63e-07,0.09655,0.006634,0.01908,0.1508,2.529e-05,1.037e-05,0.186
   56400,   56460,0.0058266,0.008242,0.02614,3.276e-25,1.758e-05,3.005e-05,0.0002989,1.148e-25,1.666e-05,0.00157,0.001058,2.655e-07,0.09675,0.006661,0.01912,0.1511,2.545e-05,1.05e-05,0.186
   56460,   56520,0.005653,0.008267,0.0262,3.347e-25,1.77e-05,3.021e-05,0.0003004,1.173e-25,1.685e-05,0.001577,0.001063,2.677e-07,0.09694,0.006686,0.01915,0.1513,2.559e-05,1.063e-05,0.186
   56520,   56580,0.0057515,0.008293,0.02627,3.424e-25,1.783e-05,3.038e-05,0.0003021,1.2e-25,1.705e-05,0.001584,0.001067,2.701e-07,0.09714,0.006712,0.01918,0.1516,2.574e-05,1.076e-05,0.186
   56580,   56640,0.0059719,0.008319,0.02634,3.504e-25,1.795e-05,3.055e-05,0.0003037,1.228e-25,1.726e-05,0.001592,0.001072,2.726e-07,0.09734,0.006738,0.01921,0.1519,2.59e-05,1.089e-05,0.186
   56640,   56700,0.0061433,0.008343,0.0264,3.581e-25,1.807e-05,3.07e-05,0.0003052,1.255e-25,1.745e-05,0.001598,0.001076,2.748e-07,0.09752,0.006763,0.01924,0.1522,2.604e-05,1.102e-05,0.186
   56700,   56760,0.0062276,0.008368,0.02646,3.666e-25,1.82e-05,3.087e-05,0.0003068,1.285e-25,1.765e-05,0.001605,0.00108,2.772e-07,0.09772,0.006788,0.01928,0.1525,2.619e-05,1.115e-05,0.186
   56760,   56820,0.0061864,0.008394,0.02653,3.754e-25,1.832e-05,3.104e-05,0.0003084,1.316e-25,1.786e-05,0.001613,0.001085,2.796e-07,0.09791,0.006814,0.01931,0.1528,2.634e-05,1.129e-05,0.186
   56820,   56880,0.006093,0.008417,0.02659,3.839e-25,1.844e-05,3.119e-05,0.0003099,1.346e-25,1.805e-05,0.001619,0.001089,2.819e-07,0.09808,0.006838,0.01934,0.153,2.648e-05,1.141e-05,0.186
   56880,   56940,0.0060921,0.008442,0.02665,3.932e-25,1.857e-05,3.135e-05,0.0003115,1.379e-25,1.826e-05,0.001626,0.001093,2.843e-07,0.09827,0.006863,0.01937,0.1533,2.663e-05,1.155e-05,0.186
   56940,   57000,0.0060515,0.008467,0.02671,4.029e-25,1.869e-05,3.152e-05,0.0003131,1.413e-25,1.847e-05,0.001633,0.001098,2.867e-07,0.09846,0.006888,0.0194,0.1536,2.678e-05,1.168e-05,0.186
   57000,   57060,0.0062555,0.00849,0.02677,4.123e-25,1.881e-05,3.167e-05,0.0003145,1.446e-25,1.866e-05,0.00164,0.001102,2.89e-07,0.09863,0.006911,0.01943,0.1538,2.691e-05,1.181e-05,0.186
   57060,   57120,0.0055927,0.008514,0.02683,4.225e-25,1.893e-05,3.183e-05,0.0003161,1.482e-25,1.887e-05,0.001647,0.001106,2.914e-07,0.09881,0.006936,0.01946,0.1541,2.706e-05,1.195e-05,0.186
   57120,   57180,0.0036528,0.008538,0.0269,4.332e-25,1.905e-05,3.199e-05,0.0003176,1.52e-25,1.908e-05,0.001653,0.00111,2.938e-07,0.09899,0.00696,0.01949,0.1543,2.721e-05,1.209e-05,0.186
   57180,   57240,0.0035516,0.00856,0.02695,4.435e-25,1.917e-05,3.214e-05,0.0003191,1.557e-25,1.927e-05,0.00166,0.001114,2.96e-07,0.09916,0.006983,0.01951,0.1546,2.734e-05,1.222e-05,0.186
   57240,   57300,0.0034329,0.008583,0.02701,4.548e-25,1.929e-05,3.23e-05,0.0003206,1.597e-25,1.948e-05,0.001667,0.001118,2.984e-07,0.09933,0.007007,0.01954,0.1548,2.749e-05,1.235e-05,0.186
   57300,   57360,0.0034119,0.008607,0.02707,4.665e-25,1.941e-05,3.246e-05,0.0003221,1.639e-25,1.969e-05,0.001673,0.001122,3.008e-07,0.0995,0.007031,0.01957,0.1551,2.763e-05,1.249e-05,0.186
   57360,   57420,0.0045066,0.008629,0.02713,4.779e-25,1.953e-05,3.261e-05,0.0003236,1.68e-25,1.989e-05,0.00168,0.001126,3.031e-07,0.09966,0.007053,0.0196,0.1553,2.777e-05,1.262e-05,0.186
   57420,   57480,0.0042529,0.008651,0.02718,4.904e-25,1.965e-05,3.276e-05,0.0003251,1.725e-25,2.01e-05,0.001686,0.00113,3.055e-07,0.09983,0.007076,0.01963,0.1556,2.791e-05,1.276e-05,0.186
   57480,   57540,0.0039762,0.008674,0.02724,5.034e-25,1.977e-05,3.292e-05,0.0003266,1.771e-25,2.031e-05,0.001693,0.001134,3.078e-07,0.1,0.0071,0.01965,0.1558,2.805e-05,1.29e-05,0.186
   57540,   57600,0.0034981,0.008695,0.02729,5.16e-25,1.988e-05,3.306e-05,0.000328,1.817e-25,2.051e-05,0.001699,0.001138,3.101e-07,0.1002,0.007121,0.01968,0.156,2.818e-05,1.303e-05,0.186
   57600,   57660,0.0034092,0.008718,0.02735,5.298e-25,2e-05,3.321e-05,0.0003294,1.867e-25,2.072e-05,0.001705,0.001142,3.124e-07,0.1003,0.007144,0.01971,0.1563,2.832e-05,1.317e-05,0.186
   57660,   57720,0.003597,0.00874,0.02741,5.442e-25,2.012e-05,3.337e-05,0.0003309,1.919e-25,2.093e-05,0.001712,0.001146,3.148e-07,0.1005,0.007167,0.01973,0.1565,2.846e-05,1.331e-05,0.186
   57720,   57780,0.0057303,0.00876,0.02746,5.581e-25,2.023e-05,3.351e-05,0.0003323,1.969e-25,2.113e-05,0.001718,0.00115,3.171e-07,0.1006,0.007188,0.01976,0.1567,2.86e-05,1.344e-05,0.186
   57780,   57840,0.0057089,0.008782,0.02751,5.735e-25,2.035e-05,3.366e-05,0.0003337,2.025e-25,2.134e-05,0.001724,0.001153,3.194e-07,0.1008,0.007211,0.01978,0.157,2.873e-05,1.358e-05,0.186
   57840,   57900,0.0043533,0.008803,0.02757,5.894e-25,2.046e-05,3.381e-05,0.0003352,2.083e-25,2.155e-05,0.00173,0.001157,3.218e-07,0.1009,0.007233,0.01981,0.1572,2.887e-05,1.372e-05,0.186
   57900,   57960,0.0057091,0.008823,0.02762,6.049e-25,2.057e-05,3.395e-05,0.0003365,2.14e-25,2.175e-05,0.001736,0.001161,3.24e-07,0.1011,0.007253,0.01983,0.1574,2.9e-05,1.385e-05,0.186
   57960,   58020,0.0066893,0.008845,0.02767,6.217e-25,2.069e-05,3.41e-05,0.000338,2.202e-25,2.196e-05,0.001742,0.001165,3.263e-07,0.1012,0.007275,0.01986,0.1576,2.914e-05,1.399e-05,0.186
   58020,   58080,0.0069206,0.008865,0.02772,6.394e-25,2.081e-05,3.425e-05,0.0003394,2.267e-25,2.217e-05,0.001749,0.001168,3.287e-07,0.1014,0.007297,0.01988,0.1579,2.927e-05,1.413e-05,0.186
   58080,   58140,0.0071839,0.008885,0.02777,6.567e-25,2.092e-05,3.438e-05,0.0003407,2.331e-25,2.237e-05,0.001754,0.001172,3.309e-07,0.1015,0.007317,0.0199,0.1581,2.94e-05,1.426e-05,0.186
   58140,   58200,0.0073725,0.008906,0.02782,6.757e-25,2.103e-05,3.453e-05,0.0003421,2.401e-25,2.258e-05,0.00176,0.001176,3.332e-07,0.1017,0.007338,0.01993,0.1583,2.954e-05,1.441e-05,0.186
   58200,   58260,0.0074965,0.008926,0.02787,6.954e-25,2.115e-05,3.467e-05,0.0003435,2.474e-25,2.28e-05,0.001766,0.001179,3.356e-07,0.1018,0.007359,0.01995,0.1585,2.967e-05,1.455e-05,0.186
   58260,   58320,0.0075583,0.008945,0.02792,7.146e-25,2.125e-05,3.481e-05,0.0003448,2.545e-25,2.3e-05,0.001772,0.001183,3.378e-07,0.102,0.007379,0.01997,0.1587,2.979e-05,1.468e-05,0.186
   58320,   58380,0.0074401,0.008965,0.02797,7.358e-25,2.137e-05,3.495e-05,0.0003462,2.624e-25,2.321e-05,0.001778,0.001186,3.401e-07,0.1021,0.0074,0.02,0.1589,2.993e-05,1.482e-05,0.186
   58380,   58440,0.0075875,0.008985,0.02802,7.578e-25,2.148e-05,3.509e-05,0.0003476,2.706e-25,2.342e-05,0.001784,0.00119,3.424e-07,0.1023,0.00742,0.02002,0.1591,3.006e-05,1.496e-05,0.186
