CampaignData_and_Merges/R0/CSL_MobileLab_Parked/raw/20240809/USOS-Picarro-CO2-CH4-CO-H2O_MobileLabGround_20240809_R0.ict
38, 1001
Ilana Pollack, Nell Schafer, and Jeff Peischl
NOAA Chemical Sciences Laboratory
Picarro 2401-m CO2/CH4/CO/H2O Analyzer
USOS
1, 1
2024, 08, 09, 2024, 11, 20
0
StartTime_UTC, seconds_past_midnight, seconds past midnight
5
1, 1, 1, 1, 1
-9999, -9999, -9999, -9999, -9999
StopTime_UTC, seconds_past_midnight, seconds past midnight
CO2_ppm_1min, ppm, Gas_CO2_InSitu_S_DMF, carbon dioxide mixing ratio
CH4_ppb_1min, ppb, Gas_CH4_InSitu_S_DMF, methane mixing ratio
CO_ppb_1min, ppb, Gas_CO_InSitu_S_DMF, carbon monoxide mixing ratio
H2O_ppmv_1min, ppmv, Met_H2OMRV_InSitu_S_AVMR, water vapor mixing ratio
1
SPECIAL COMMENTS: N/A
18
PI_CONTACT_INFO: Address: NOAA Chemical Sciences Laboratory, Mail Stop CSL7, 325 Broadway, Boulder, CO 80305; Email: Ilana.Pollack@noaa.gov
PLATFORM: NOAA CSL Mobile Laboratory
LOCATION: The mobile lab was stationed in Salt Lake City, Utah.
ASSOCIATED_DATA: N/A
INSTRUMENT_INFO: CO2, CH4, and CO are reported as dry air mole fractions using a commercial wavelength-scanned cavity ring-down analyzer (Picarro 2401-m). An in-field calibration gas standard of 432±0.07 ppm CO2, 2095±1 ppb CH4, and 183±1 ppb CO, calibrated in the Boulder laboratories before and after the field project using primary CO2, CH4, and CO standard tanks tied to the WMO standard (X2019, X2004A, and X2014A, respectively) from the Global Monitoring Laboratory (GML), was delivered to the inlet every 2-3 days to evaluate instrument sensitivity. A H2O measurement was calibrated before the project with a Dew Point Mirror 373 hygrometer. The water correction calculated from these calibrations was applied to the H2O measurement for the entire campaign. Species are measured at 0.5 Hz and reported as 1-minute averages for stationary measurements.
DATA_INFO: Units: CO2, ppm, dry air mole fraction; CH4, ppb, dry air mole fraction; CO, ppb, dry air mole fraction; H2O, ppmv
UNCERTAINTY: Total uncertainties are estimated as ±0.1 ppm for CO2, ±1 ppb for CH4, ±5 ppb for CO, and ±(50 ppm + 4%) for H2O.
ULOD_FLAG: -7777
ULOD_VALUE: N/A
LLOD_FLAG: -8888
LLOD_VALUE: N/A
DM_CONTACT_INFO: Data Manager: Nathan Howard; nathan.h.howard@noaa.gov
PROJECT_INFO: USOS Dates of Study: July – August 2024
STIPULATIONS_ON_USE: Use of these data require prior ok from PI.
OTHER_COMMENTS: Data are averaged to 1 minute intervals. Stationary data collected from a 10 ft tower on top of the mobile van.
REVISION: R0
R0: Final Data
StartTime_UTC, StopTime_UTC, CO2_ppm_1min, CH4_ppb_1min, CO_ppb_1min, H2O_ppmv_1min
0,60,427.25,1988.8,217.8,8142.0313
60,120,426.73,1989.5,216.7,8084.6387
120,180,426.45,1988.4,215.8,7912.5547
180,240,426.18,1987.2,214.3,7744.3389
240,300,426.05,1988.4,216.0,7805.2339
300,360,426.44,1989.8,223.4,8328.7227
360,420,426.30,1990.1,226.3,8280.3926
420,480,426.65,1992.0,239.7,8711.9277
480,540,426.48,1991.6,225.2,8329.6748
540,600,426.16,1991.0,226.0,8071.7622
600,660,426.38,1992.1,227.1,8312.8135
660,720,426.89,1992.6,229.7,8471.3672
720,780,427.23,1994.2,230.3,8167.0469
780,840,427.35,1994.6,231.3,8673.9268
840,900,427.05,1994.5,229.4,8455.5615
900,960,427.22,1994.1,228.1,8426.7275
960,1020,426.85,1994.5,226.8,8175.8765
1020,1080,426.89,1996.7,227.7,8325.8330
1080,1140,426.62,1996.4,228.0,8622.8096
1140,1200,426.62,1996.1,262.3,8313.0449
1200,1260,427.39,1997.6,303.7,8560.3779
1260,1320,426.57,1995.8,243.1,8490.2666
1320,1380,426.42,1994.7,234.1,8364.1035
1380,1440,426.37,1995.3,236.8,8323.5225
1440,1500,426.29,1996.6,234.6,8161.3027
1500,1560,426.40,1998.0,234.7,8736.4609
1560,1620,426.20,1997.3,230.7,8459.3652
1620,1680,425.91,1996.5,229.9,8519.5430
1680,1740,426.15,1995.4,227.4,8087.4888
1740,1800,425.73,1996.0,228.2,8292.1025
1800,1860,425.60,1996.6,229.0,8597.2305
1860,1920,425.78,1996.5,228.3,8446.2695
1920,1980,425.58,1995.1,227.9,7717.9033
1980,2040,425.54,1996.6,227.7,8022.0088
2040,2100,425.45,1996.1,231.6,8400.3730
2100,2160,425.49,1994.1,237.7,7962.6167
2160,2220,425.75,1992.1,236.0,7841.7324
2220,2280,425.91,1992.7,234.7,8258.0049
2280,2340,425.91,1994.3,233.0,8581.3662
2340,2400,426.22,1996.1,232.3,8490.2090
2400,2460,426.58,1996.6,235.3,8176.0273
2460,2520,426.44,1997.7,236.3,8798.9443
2520,2580,425.89,1998.4,236.4,8642.2656
2580,2640,426.06,1998.3,236.4,8665.8047
2640,2700,426.14,1997.7,235.5,8444.3662
2700,2760,425.86,1996.8,234.1,8288.3906
2760,2820,426.08,1995.1,232.5,8047.8560
2820,2880,426.50,1999.5,235.8,8009.6045
2880,2940,426.88,2000.3,235.9,8476.3877
2940,3000,426.52,2000.7,237.7,8201.1113
3000,3060,426.55,2000.8,237.6,8250.9297
3060,3120,427.59,2000.3,264.5,8373.6855
3120,3180,427.41,2000.7,310.3,8590.3574
3180,3240,427.21,2001.0,307.1,8563.7256
3240,3300,427.76,2002.6,328.9,8702.2656
3300,3360,428.18,2003.0,290.7,8442.7842
3360,3420,427.78,2001.7,257.8,8691.2744
3420,3480,427.36,2000.1,247.7,8403.2207
3480,3540,426.68,2001.0,239.9,8074.0122
3540,3600,426.94,2003.0,239.0,8171.5386
3600,3660,426.80,2002.7,237.2,8027.8228
3660,3720,426.93,2004.0,241.0,8531.0635
3720,3780,426.72,2005.3,243.4,8625.5654
3780,3840,426.23,2006.9,244.0,9048.2568
3840,3900,426.65,2008.4,245.1,9147.7617
3900,3960,427.09,2008.6,247.5,8723.3145
3960,4020,426.89,2009.3,247.3,9181.9854
4020,4080,427.49,2010.0,253.6,9214.6172
4080,4140,428.02,2010.5,255.8,9371.2305
4140,4200,428.18,2010.6,251.3,8887.6328
4200,4260,427.28,2011.3,246.5,8639.6582
4260,4320,427.68,2012.2,248.1,9351.8535
4320,4380,427.77,2013.3,251.3,9357.5801
4380,4440,427.25,2011.3,248.9,9153.4766
4440,4500,427.09,2011.1,247.4,8953.1904
4500,4560,426.94,2010.2,245.6,8811.0381
4560,4620,427.17,2009.6,246.5,8921.1406
4620,4680,427.07,2007.7,249.6,8421.1162
4680,4740,427.33,2009.6,250.0,8646.7041
4740,4800,427.56,2009.2,250.7,8854.9971
4800,4860,427.02,2003.9,242.2,8793.0762
4860,4920,428.03,2009.4,252.5,9138.9854
4920,4980,428.01,2006.5,255.3,9103.7578
4980,5040,429.07,2007.5,260.3,9004.7383
5040,5100,427.96,1999.7,246.7,8457.1963
5100,5160,429.52,2002.2,257.4,8965.2441
5160,5220,430.63,2001.8,262.9,8720.5869
5220,5280,430.22,2000.2,257.7,8460.2188
5280,5340,430.45,2000.2,259.5,8528.6553
5340,5400,429.86,1996.7,259.9,8181.2295
5400,5460,431.67,1998.3,264.5,8544.0225
5460,5520,431.11,1998.4,261.9,8862.7002
5520,5580,431.07,1997.2,260.8,8519.0381
5580,5640,430.61,1996.9,257.8,8631.1904
5640,5700,431.21,1996.6,259.5,8994.5020
5700,5760,431.20,1995.5,259.6,8812.0664
5760,5820,431.25,1994.8,262.7,8656.5781
5820,5880,431.40,1993.2,262.5,8510.7061
5880,5940,433.79,1997.5,266.1,9395.0029
5940,6000,433.11,1996.8,268.2,9292.2500
6000,6060,432.30,1995.3,271.5,8955.5420
6060,6120,432.87,1997.1,273.9,9151.2715
6120,6180,432.03,1997.1,277.3,8520.7646
6180,6240,433.25,1997.5,277.7,8996.7754
6240,6300,434.17,1998.9,298.0,9057.2666
6300,6360,432.92,1997.0,302.9,8604.6826
6360,6420,433.86,1998.4,328.0,8817.1826
6420,6480,432.67,1997.6,297.8,8600.5078
6480,6540,433.12,1997.7,295.1,8658.9561
6540,6600,434.23,1998.6,290.8,8861.4238
6600,6660,434.35,1999.4,289.2,8984.8906
6660,6720,433.45,1999.8,283.4,8824.2930
6720,6780,431.79,1999.0,276.2,8503.1016
6780,6840,432.73,2000.7,278.6,8731.6572
6840,6900,434.04,2003.1,279.6,9081.0010
6900,6960,433.26,2004.7,278.6,8793.4082
6960,7020,433.65,2004.6,275.6,9062.3682
7020,7080,432.86,2003.9,275.3,8822.6240
7080,7140,433.72,2005.0,274.6,8932.8154
7140,7200,435.72,2005.3,288.3,9019.9023
7200,7260,434.83,2005.4,293.6,8817.7764
7260,7320,434.60,2006.5,285.3,8801.2734
7320,7380,-9999,-9999,-9999,-9999
7380,7440,-9999,-9999,-9999,-9999
7440,7500,-9999,-9999,-9999,-9999
7500,7560,-9999,-9999,-9999,-9999
7560,7620,-9999,-9999,-9999,-9999
7620,7680,-9999,-9999,-9999,-9999
7680,7740,-9999,-9999,-9999,-9999
7740,7800,432.87,2003.9,260.4,8607.5381
7800,7860,431.70,2001.5,261.7,8344.2109
7860,7920,432.71,2002.9,264.1,8385.2969
7920,7980,432.68,2002.8,270.3,8274.4424
7980,8040,432.99,2003.5,270.0,8412.1836
8040,8100,432.90,2003.8,266.0,8466.7295
8100,8160,434.91,2005.0,283.1,8523.5830
8160,8220,440.17,2004.9,298.4,8497.1396
8220,8280,436.36,2003.4,287.2,8299.0527
8280,8340,436.24,2004.6,294.0,8368.1006
8340,8400,435.63,2005.0,300.9,8337.1162
8400,8460,437.54,2007.5,330.5,8494.2852
8460,8520,447.50,2011.3,426.5,8796.8066
8520,8580,443.89,2012.9,385.7,8687.3066
8580,8640,443.17,2016.5,358.8,8929.7686
8640,8700,451.94,2020.8,491.3,9177.5664
8700,8760,455.53,2026.8,462.3,9477.1787
8760,8820,451.03,2022.1,398.6,9431.8594
8820,8880,451.75,2022.7,388.2,9546.3105
8880,8940,450.69,2020.2,381.3,9680.0977
8940,9000,452.25,2019.3,393.0,9792.3213
9000,9060,451.09,2014.0,387.2,9822.3213
9060,9120,435.83,1987.2,270.3,9320.2842
9120,9180,434.38,1985.0,253.8,9334.0674
9180,9240,436.77,1988.4,263.3,9489.5244
9240,9300,440.55,1989.9,276.2,9551.9531
9300,9360,439.44,1989.5,270.6,9658.8477
9360,9420,437.46,1988.3,256.1,9644.4443
9420,9480,436.61,1986.3,258.7,9605.4180
9480,9540,437.52,1986.3,268.4,9636.0586
9540,9600,437.64,1986.1,266.5,9687.4824
9600,9660,437.63,1988.8,262.2,9694.9893
9660,9720,437.23,1988.8,265.7,9723.0635
9720,9780,435.89,1990.4,288.3,9611.1719
9780,9840,437.44,1990.5,275.1,9661.1055
9840,9900,440.62,1991.7,283.7,9741.8848
9900,9960,439.05,1990.8,270.3,9723.1982
9960,10020,436.22,1989.8,254.2,9709.0078
10020,10080,436.65,1990.7,261.1,9749.8721
10080,10140,436.42,1990.4,258.3,9722.0703
10140,10200,435.53,1989.6,248.3,9719.3203
10200,10260,435.48,1989.2,278.4,9726.3789
10260,10320,435.47,1987.6,259.5,9720.4268
10320,10380,437.15,1988.1,253.2,9744.3389
10380,10440,436.91,1986.8,246.6,9806.5938
10440,10500,435.51,1986.2,257.0,9819.0693
10500,10560,434.76,1985.6,259.9,9799.3291
10560,10620,433.25,1984.2,244.3,9717.2686
10620,10680,433.27,1983.6,236.8,9717.5859
10680,10740,433.64,1983.3,238.3,9718.7197
10740,10800,433.26,1983.0,230.2,9707.6172
10800,10860,434.33,1983.6,231.7,9782.2217
10860,10920,434.22,1983.4,227.7,9759.4541
10920,10980,435.27,1984.3,228.9,9790.9180
10980,11040,435.19,1984.6,226.6,9735.4355
11040,11100,434.78,1984.0,226.3,9728.2178
11100,11160,433.51,1982.6,225.3,9607.2568
11160,11220,435.51,1985.6,233.7,9694.4619
11220,11280,436.64,1988.1,242.2,9672.2402
11280,11340,436.82,1987.7,238.1,9610.2305
11340,11400,437.96,1988.8,243.6,9666.2949
11400,11460,437.85,1988.3,249.8,9575.2910
11460,11520,436.37,1985.1,239.6,9522.3936
11520,11580,438.18,1984.8,241.0,9510.9570
11580,11640,437.57,1983.9,254.2,9464.5977
11640,11700,439.37,1982.6,268.8,9540.7129
11700,11760,439.19,1982.6,263.6,9517.7109
11760,11820,437.58,1982.3,241.0,9483.2383
11820,11880,436.72,1981.8,229.3,9507.6670
11880,11940,436.53,1980.7,223.3,9475.9668
11940,12000,436.61,1981.0,224.0,9468.5283
12000,12060,434.74,1978.3,222.9,9387.3506
12060,12120,434.07,1977.7,231.5,9293.9277
12120,12180,433.92,1977.0,227.6,9270.1416
12180,12240,435.45,1978.7,231.0,9350.9893
12240,12300,434.52,1977.1,242.2,9254.6699
12300,12360,436.65,1977.5,273.5,9341.1045
12360,12420,433.66,1975.2,226.4,9148.5527
12420,12480,435.82,1976.4,232.8,9235.5059
12480,12540,435.31,1975.8,227.8,9256.9990
12540,12600,437.19,1976.6,235.9,9325.9902
12600,12660,434.82,1974.7,227.8,9169.2900
12660,12720,436.06,1976.4,231.0,9225.1133
12720,12780,436.80,1976.4,228.2,9275.3691
12780,12840,436.15,1975.5,220.7,9265.4531
12840,12900,436.54,1976.0,223.1,9245.9922
12900,12960,433.65,1972.6,212.5,9020.9434
12960,13020,435.76,1973.6,215.6,9089.9795
13020,13080,435.07,1973.4,215.1,9085.0576
13080,13140,436.46,1974.6,225.3,9149.0557
13140,13200,435.05,1973.4,229.1,9071.1240
13200,13260,437.31,1974.7,227.5,9205.9092
13260,13320,437.98,1975.6,229.7,9286.3740
13320,13380,438.00,1974.6,233.3,9212.8262
13380,13440,437.86,1975.6,241.0,9137.3320
13440,13500,437.49,1974.6,237.5,9051.3184
13500,13560,437.51,1973.2,235.4,9009.3027
13560,13620,439.13,1973.2,244.3,9011.6230
13620,13680,440.31,1973.7,253.9,9035.1221
13680,13740,440.56,1974.2,249.1,9037.6113
13740,13800,446.38,1976.2,251.1,9140.2930
13800,13860,439.25,1974.8,241.8,9009.1230
13860,13920,440.70,1974.6,244.9,9033.4561
13920,13980,448.80,1973.3,244.6,9450.9658
13980,14040,443.39,1973.1,235.4,9222.8779
14040,14100,440.82,1973.0,230.6,9142.1045
14100,14160,436.62,1970.7,220.9,8901.8975
14160,14220,441.19,1970.8,220.9,9036.7744
14220,14280,442.26,1971.4,239.5,9012.9941
14280,14340,439.17,1972.3,240.0,8873.7744
14340,14400,437.83,1975.6,229.0,8939.8594
14400,14460,436.29,1974.7,224.5,8891.6426
14460,14520,440.16,1977.1,248.1,9016.0820
14520,14580,437.07,1974.3,250.9,8891.3848
14580,14640,439.26,1974.0,245.0,8919.6738
14640,14700,439.61,1974.3,283.6,8952.1523
14700,14760,436.98,1973.9,229.6,8920.4922
14760,14820,437.34,1972.3,224.1,8821.4248
14820,14880,440.39,1972.9,214.0,8908.6016
14880,14940,437.59,1972.8,213.0,8836.1318
14940,15000,438.81,1973.0,277.3,8814.4092
15000,15060,447.62,1975.4,414.2,8929.6611
15060,15120,437.89,1972.4,226.2,8817.6377
15120,15180,436.12,1971.0,215.9,8756.9512
15180,15240,437.62,1972.2,225.6,8768.1650
15240,15300,437.18,1974.7,216.4,8823.7471
15300,15360,442.33,1975.5,216.4,9002.4102
15360,15420,441.18,1974.4,224.4,8950.2813
15420,15480,439.84,1974.2,223.3,8868.7754
15480,15540,439.48,1974.0,274.3,8986.6660
15540,15600,439.02,1974.4,365.0,8921.4775
15600,15660,443.18,1977.1,432.5,9117.7861
15660,15720,443.34,1976.7,575.0,9022.5156
15720,15780,442.63,1978.2,514.9,9040.6152
15780,15840,438.53,1975.5,366.8,8846.7246
15840,15900,439.54,1976.1,316.0,8920.9502
15900,15960,438.87,1975.6,234.2,8851.5068
15960,16020,437.07,1973.9,218.9,8753.4902
16020,16080,435.95,1972.6,211.1,8668.0781
16080,16140,436.78,1972.8,212.1,8759.1143
16140,16200,441.72,1975.6,233.6,8853.5039
16200,16260,443.76,1974.1,249.4,8869.2432
16260,16320,441.41,1971.9,243.3,8743.9326
16320,16380,437.23,1970.0,219.7,8590.8096
16380,16440,445.03,1977.5,234.6,8954.9629
16440,16500,442.83,1976.7,226.5,8921.9395
16500,16560,441.55,1978.4,220.5,8993.5918
16560,16620,439.60,1977.0,217.3,8957.8232
16620,16680,442.08,1979.7,220.3,9113.7217
16680,16740,442.55,1980.1,219.6,9122.5488
16740,16800,443.62,1980.7,222.8,9181.2832
16800,16860,445.16,1983.6,231.7,9251.0117
16860,16920,444.44,1983.0,222.0,9224.6943
16920,16980,444.20,1982.5,224.4,9174.9502
16980,17040,446.17,1985.3,235.6,9286.1016
17040,17100,447.82,1985.8,262.6,9310.9961
17100,17160,447.53,1983.7,258.8,9186.5723
17160,17220,448.75,1984.7,255.8,9228.0059
17220,17280,451.39,1984.1,259.1,9210.2949
17280,17340,451.89,1984.8,262.5,9163.4404
17340,17400,448.70,1982.2,241.6,9025.2881
17400,17460,449.99,1983.8,241.5,9155.4453
17460,17520,458.05,1985.8,249.3,9397.3730
17520,17580,456.72,1985.5,252.5,9383.8779
17580,17640,463.02,1988.6,254.4,9722.7764
17640,17700,450.73,1984.4,270.1,9176.7393
17700,17760,449.84,1984.8,298.9,9088.1924
17760,17820,448.04,1986.4,348.1,9006.2002
17820,17880,449.38,1989.0,286.8,9137.2432
17880,17940,451.89,1988.6,280.0,9169.6670
17940,18000,447.15,1982.7,251.4,8985.8818
18000,18060,444.88,1980.3,237.1,8940.6504
18060,18120,443.17,1981.7,242.5,8874.5322
18120,18180,445.70,1991.3,345.7,8991.0234
18180,18240,445.03,1986.8,259.1,9046.7803
18240,18300,444.02,1983.4,229.5,9023.9541
18300,18360,444.59,1983.8,230.7,9048.0840
18360,18420,444.58,1984.0,232.1,8999.1357
18420,18480,448.18,1984.7,234.4,9133.6660
18480,18540,444.47,1984.3,232.0,8950.2285
18540,18600,443.64,1983.8,224.1,8926.9160
18600,18660,444.35,1984.5,238.1,8876.8076
18660,18720,447.82,1985.7,266.8,8966.8535
18720,18780,451.55,1989.0,294.6,9208.6426
18780,18840,452.31,1991.0,311.1,9291.4414
18840,18900,454.49,1991.4,344.9,9380.3311
18900,18960,452.98,1992.5,331.3,9365.2646
18960,19020,452.53,1993.1,331.8,9396.5264
19020,19080,451.41,1991.2,315.5,9310.9980
19080,19140,455.50,1991.4,331.4,9401.6445
19140,19200,463.57,1993.2,439.2,9456.4521
19200,19260,453.10,1987.9,313.0,9201.0410
19260,19320,449.22,1994.3,297.7,9210.3135
19320,19380,446.94,1991.2,281.3,9146.7061
19380,19440,447.59,1990.8,278.7,9111.4277
19440,19500,450.10,1989.8,284.8,9153.7754
19500,19560,447.76,1989.1,289.2,9127.2695
19560,19620,450.14,1990.4,268.7,9208.6865
19620,19680,451.53,1986.5,263.5,9161.8213
19680,19740,451.63,1988.6,273.7,9195.7012
19740,19800,445.13,1985.5,252.6,9017.6758
19800,19860,449.48,1987.1,260.7,9154.1553
19860,19920,449.08,1984.8,324.4,9068.1582
19920,19980,445.96,1985.7,383.8,9046.3857
19980,20040,447.92,1984.2,333.0,9085.4463
20040,20100,445.45,1981.7,278.1,9023.9756
20100,20160,448.63,1982.7,282.1,9156.7598
20160,20220,446.04,1981.7,258.0,9110.9521
20220,20280,446.26,1982.4,265.6,9124.4805
20280,20340,448.95,1984.7,271.4,9250.1699
20340,20400,450.79,1986.8,267.7,9318.9834
20400,20460,450.54,1987.0,278.2,9316.6387
20460,20520,448.86,1987.3,288.6,9307.2998
20520,20580,451.55,1987.4,315.8,9330.0820
20580,20640,449.96,1985.4,296.0,9294.8145
20640,20700,450.20,1987.9,288.6,9330.3672
20700,20760,450.16,1987.7,272.0,9333.2832
20760,20820,451.39,1987.5,263.9,9395.9404
20820,20880,451.27,1987.7,262.8,9417.1846
20880,20940,449.44,1985.8,254.2,9343.2236
20940,21000,451.52,1986.4,252.7,9431.6777
21000,21060,449.28,1986.8,249.1,9337.2422
21060,21120,448.66,1987.0,247.1,9331.0195
21120,21180,448.35,1988.2,265.8,9301.1045
21180,21240,450.72,1991.0,280.7,9387.2676
21240,21300,452.07,1989.4,259.8,9492.7490
21300,21360,451.24,1989.5,260.3,9490.7520
21360,21420,450.25,1994.9,256.8,9445.0098
21420,21480,451.62,1994.4,255.4,9501.7881
21480,21540,444.88,1988.0,228.9,9176.3438
21540,21600,444.17,1987.4,227.5,9128.4365
21600,21660,448.99,1992.5,252.8,9371.1738
21660,21720,450.09,1993.6,251.5,9443.5322
21720,21780,449.20,1993.8,249.2,9369.4756
21780,21840,450.54,1995.6,250.3,9402.3809
21840,21900,451.81,1995.6,253.7,9431.5781
21900,21960,451.20,1994.5,244.0,9418.5156
21960,22020,452.32,1994.3,244.0,9449.2656
22020,22080,456.93,1995.5,263.7,9544.9404
22080,22140,458.95,2002.6,281.4,9745.1719
22140,22200,460.76,2005.4,277.3,9674.6074
22200,22260,453.32,2012.7,252.2,9537.1211
22260,22320,457.44,2035.6,252.3,9776.8525
22320,22380,455.08,2015.5,242.6,9684.6895
22380,22440,456.25,2013.0,250.4,9709.3086
22440,22500,458.15,2014.3,245.7,9824.6387
22500,22560,454.80,2011.7,239.8,9697.5820
22560,22620,456.23,2019.0,254.1,9737.0020
22620,22680,461.33,2007.5,298.5,9865.1494
22680,22740,459.97,2008.3,293.4,9754.1113
22740,22800,460.67,2011.3,270.2,9921.2275
22800,22860,459.39,2012.5,249.9,9929.1045
22860,22920,457.15,2007.9,246.3,9798.9248
22920,22980,454.08,2001.9,236.3,9608.2998
22980,23040,452.73,2001.8,232.9,9543.1494
23040,23100,450.25,2002.1,225.3,9420.1426
23100,23160,450.24,2002.4,226.1,9430.0898
23160,23220,453.36,2002.9,227.5,9594.9297
23220,23280,452.19,2002.1,223.8,9551.3818
23280,23340,450.73,2000.4,222.1,9466.4590
23340,23400,450.97,2000.8,220.0,9451.7178
