CampaignData_and_Merges/R0/CSL_MobileLab_Parked/raw/20240809/USOS-NOAAIodideCIMS-HNO2_MobileLabGround_20240809_RA.ict
33, 1001
Michael A Robinson, Chris Jernigan, Subi Thakali
NOAA ESRL Chemical Sciences Laboratory and CIRES, U. of Colorado
NOAA Iodide CIMS Instrument
USOS
1, 1
2024, 08, 09, 2024, 08, 10
1
starttime_UTC, seconds_past_midnight, seconds_of_day_since_00:00:00_UTC
1
1
-9999
HNO2_NOAACIMS, pptv, Gas_HNO2_InSitu_S_AVMR, 
0
18
PI_CONTACT_INFO: 325 Broadway, R/CSD 7, Boulder, Colorado 80305; michael.a.robinson@noaa.gov; chris.jernigan@noaa.gov;
PLATFORM: NOAA CSL Mobile Lab
LOCATION: SLC, Utah
ASSOCIATED_DATA: 1Hz data also available on request.
INSTRUMENT_INFO: NOAA I- ToF CIMS
DATA_INFO: All data in parts per trillion by volume (pptv). 1 Hz data is available upon request.
UNCERTAINTY: TBD
ULOD_FLAG: -7777
ULOD_VALUE: N/A
LLOD_FLAG: -8888
LLOD_VALUE: N/A
DM_CONTACT_INFO: Nathan Howard; nathan.h.howard@noaa.gov
PROJECT_INFO: USOS, summer 2024. https://csl.noaa.gov/groups/csl7/measurements/2024usos/
STIPULATIONS_ON_USE: Users are strongly encouraged to contact the PI for proper data usage.
OTHER_COMMENTS: 
REVISION: RA
RA: Preliminary Data; For in-field use only
starttime_UTC, HNO2_NOAACIMS
[from data line 1004]
 60240, 79.287
 60300, 65.349
 60360, 66.426
 60420, 68.767
 60480, 70.781
 60540, 67.548
 60600, 82.036
 60660, 156.146
 60720, 108.428
 60780, 66.835
 60840, 57.949
 60900, 59.174
 60960, 79.474
 61020, -9999.000
 61080, 59.479
 61140, 67.665
 61200, 58.331
 61260, 82.091
 61320, 94.242
 61380, 65.287
 61440, 73.398
 61500, 94.685
 61560, 69.904
 61620, 68.552
 61680, 138.355
 61740, 48.746
 61800, 53.109
 61860, 102.011
 61920, 52.320
 61980, 78.159
 62040, 103.825
 62100, 100.524
 62160, 82.666
 62220, 47.935
 62280, 57.868
 62340, 75.638
 62400, 65.329
 62460, 68.313
 62520, 68.176
 62580, 64.886
 62640, 75.873
 62700, 64.846
 62760, 68.754
 62820, 67.583
 62880, -9999.000
 62940, 77.279
 63000, 80.734
 63060, 76.424
 63120, 73.266
 63180, 71.418
 63240, 79.415
 63300, 69.747
 63360, 70.587
 63420, 65.826
 63480, 67.435
 63540, 76.340
 63600, 75.872
 63660, 63.486
 63720, 65.465
 63780, 79.782
 63840, 54.115
 63900, 65.604
 63960, 56.793
 64020, 58.373
 64080, 60.528
 64140, 55.585
 64200, 55.050
 64260, 49.010
 64320, 60.686
 64380, 69.112
 64440, 64.851
 64500, 56.602
 64560, 78.270
 64620, 66.413
 64680, 68.617
 64740, 82.024
 64800, 78.930
 64860, 79.443
 64920, 75.096
 64980, 76.291
 65040, 76.345
 65100, 75.323
 65160, 58.301
 65220, 42.405
 65280, 33.273
 65340, 48.537
 65400, 46.430
 65460, 59.931
 65520, 57.803
 65580, 59.922
 65640, 76.313
 65700, 49.232
 65760, 60.703
 65820, 68.130
 65880, 52.271
 65940, 42.093
 66000, 40.801
 66060, 45.326
 66120, 41.462
 66180, 43.819
 66240, 45.263
 66300, 55.624
 66360, 52.732
 66420, 54.205
 66480, 54.344
 66540, 45.727
 66600, 42.250
 66660, 53.427
 66720, 44.622
 66780, 49.838
 66840, 53.539
 66900, 44.171
 66960, 52.306
 67020, 50.605
 67080, 39.625
 67140, 47.580
 67200, 49.779
 67260, 45.062
 67320, 38.243
 67380, 35.276
 67440, 37.433
 67500, 39.938
 67560, 42.463
 67620, 43.075
 67680, 46.167
 67740, 46.953
 67800, 48.852
 67860, 43.854
 67920, 35.668
 67980, 54.573
 68040, 58.549
 68100, 48.940
 68160, 48.254
 68220, 40.991
 68280, 49.886
 68340, 40.904
 68400, 41.262
 68460, 48.870
 68520, 61.929
 68580, 55.901
 68640, 38.758
 68700, 48.172
 68760, 50.882
 68820, 45.529
 68880, 47.955
 68940, 107.764
 69000, 81.449
 69060, 51.830
 69120, 45.957
 69180, 59.901
 69240, 47.861
 69300, 50.184
 69360, 43.830
 69420, 41.155
 69480, 39.293
 69540, 35.340
 69600, 37.207
 69660, 33.887
 69720, 48.017
 69780, 35.449
 69840, 27.916
 69900, 26.566
 69960, 32.614
 70020, 32.981
 70080, 30.467
 70140, 38.196
 70200, 36.205
 70260, -9999.000
 70320, 47.001
 70380, 30.513
 70440, 36.574
 70500, 32.387
 70560, 36.302
 70620, 31.943
 70680, 39.246
 70740, 27.743
 70800, 26.608
 70860, 33.023
 70920, 25.719
 70980, 24.354
 71040, 27.921
 71100, 39.180
 71160, 37.195
 71220, 47.025
 71280, 34.401
 71340, 45.855
 71400, 32.528
 71460, 35.916
 71520, 39.134
 71580, 28.621
 71640, 41.937
 71700, 37.584
 71760, 34.214
 71820, 29.189
 71880, 26.583
 71940, 19.359
 72000, 34.035
 72060, 24.244
 72120, -9999.000
 72180, 10.679
 72240, 32.865
 72300, 24.482
 72360, 18.840
 72420, 24.577
 72480, 16.031
 72540, 27.091
 72600, 29.258
 72660, 38.629
 72720, 29.710
 72780, 17.635
 72840, 24.670
 72900, 24.556
 72960, 27.513
 73020, 16.235
 73080, 20.696
 73140, 33.958
 73200, 24.704
 73260, 15.848
 73320, 15.078
 73380, 19.803
 73440, 24.473
 73500, 21.808
 73560, 15.822
 73620, 22.683
 73680, 16.148
 73740, 19.938
 73800, 32.566
 73860, 41.228
 73920, 42.829
 73980, -9999.000
 74040, 16.621
 74100, 22.234
 74160, 20.916
 74220, 21.267
 74280, 18.784
 74340, 25.653
 74400, 22.954
 74460, 36.993
 74520, 34.193
 74580, 31.820
 74640, 35.116
 74700, 41.410
 74760, 40.985
 74820, 31.332
 74880, 38.972
 74940, 47.472
 75000, 37.258
 75060, 37.042
 75120, 40.040
 75180, 47.273
 75240, 32.316
 75300, 48.681
 75360, 40.265
 75420, 42.553
 75480, 50.005
 75540, 36.738
 75600, 32.120
 75660, 32.379
 75720, 36.056
 75780, 37.180
 75840, 31.599
 75900, 40.236
 75960, 29.225
 76020, 33.901
 76080, 24.058
 76140, 32.028
 76200, 39.150
 76260, 36.936
 76320, 29.968
 76380, 31.252
 76440, 25.537
 76500, 26.246
 76560, 22.774
 76620, 20.970
 76680, 29.999
 76740, 26.429
 76800, 21.009
 76860, 21.092
 76920, 25.432
 76980, 35.510
 77040, 26.832
 77100, 28.474
 77160, 25.940
 77220, 24.255
 77280, 20.099
 77340, 21.864
 77400, 21.189
 77460, 11.438
 77520, 14.282
 77580, 28.566
 77640, -9999.000
 77700, 12.738
 77760, 42.562
 77820, 21.472
 77880, 15.675
 77940, 21.412
 78000, 10.036
 78060, 19.724
 78120, 23.332
 78180, 44.944
 78240, 33.771
 78300, 35.919
 78360, 34.380
 78420, 25.492
 78480, 19.179
 78540, 24.366
 78600, 73.774
 78660, 43.790
 78720, 93.701
 78780, 45.397
 78840, 50.328
 78900, 28.743
 78960, 21.157
 79020, 17.113
 79080, 30.672
 79140, 26.373
 79200, 31.646
 79260, 22.750
 79320, 30.342
 79380, 27.520
 79440, 21.399
 79500, -9999.000
 79560, 31.898
 79620, 26.255
 79680, 22.186
 79740, 16.364
 79800, 15.896
 79860, 17.356
 79920, 17.314
 79980, 14.820
 80040, 19.290
 80100, 19.556
 80160, 20.099
 80220, 13.872
 80280, 19.191
 80340, 15.668
 80400, 14.207
 80460, 12.641
 80520, 13.872
 80580, 11.379
 80640, 25.335
 80700, 18.149
 80760, 17.429
 80820, 17.905
 80880, 17.080
 80940, 22.306
 81000, 28.864
 81060, 23.392
 81120, 22.113
 81180, 28.632
 81240, 27.602
 81300, 20.102
 81360, -9999.000
 81420, 17.742
 81480, 22.496
 81540, 28.509
 81600, 13.170
 81660, 13.044
 81720, 23.076
 81780, 28.746
 81840, 24.428
 81900, 24.400
 81960, 23.926
 82020, 25.057
 82080, 25.707
 82140, 33.608
 82200, 25.654
 82260, 22.795
 82320, 22.037
 82380, 34.434
 82440, 31.673
 82500, 21.501
 82560, 20.541
 82620, 22.459
 82680, 27.231
 82740, 27.478
 82800, 26.430
 82860, 32.955
 82920, 36.145
 82980, 28.571
 83040, 23.107
 83100, 32.759
 83160, 24.303
 83220, 31.029
 83280, 31.247
 83340, 35.408
 83400, 27.958
 83460, 37.774
 83520, 28.626
 83580, 34.454
 83640, 32.665
 83700, 29.968
 83760, 32.355
 83820, 39.747
 83880, 30.237
 83940, 29.685
 84000, 27.569
 84060, 29.030
 84120, 31.915
 84180, 37.480
 84240, 37.458
 84300, 32.310
 84360, 22.940
 84420, 23.655
 84480, 24.312
 84540, 24.405
 84600, 23.582
 84660, 25.856
 84720, 23.590
 84780, 28.094
 84840, 23.994
 84900, 26.157
 84960, 21.694
 85020,  9.834
 85080, 36.210
 85140, 24.370
 85200, 28.416
 85260, 28.463
 85320, 28.284
 85380, 33.672
 85440, 34.318
 85500, 42.050
 85560, 35.533
 85620, 34.817
 85680, 31.420
 85740, 27.514
 85800, 26.155
 85860, 35.514
 85920, 42.105
 85980, 41.634
 86040, 42.421
 86100, 48.147
 86160, 42.963
 86220, 30.464
 86280, 25.504
 86340, 40.180
