CampaignData_and_Merges/R0/CSL_MobileLab_Parked/raw/20240809/USOS-PTR_MobileLabGround_20240809_RA.ict
58, 1001
Matthew Coggon, Kelvin Bates, Chelsea Stockwell, Carsten Warneke
NOAA ESRL Chemical Sciences Division
NOAA PTR-ToF-MS
USOS
1,1 
2024, 08, 09, 2023, 08, 12
0
Time_Start, seconds, number of seconds from 00:00 UTC 
22
1, 1, 1, 1, 1, 1, 1, 1, 1, 1, 1, 1, 1, 1, 1, 1, 1, 1, 1, 1, 1, 1
-9999, -9999, -9999, -9999, -9999, -9999, -9999, -9999, -9999, -9999, -9999, -9999, -9999, -9999, -9999, -9999, -9999, -9999, -9999, -9999, -9999, -9999
CH3OH_NOAAPTR_ppbv,  ppbv, Gas_CH3OH_InSitu_S_AVMR, (CH3OH) methanol
CH3CN_NOAAPTR_ppbv,  ppbv, Gas_CH3CN_InSitu_S_AVMR, (CH3CN) acetonitrile
CH3CHO_NOAAPTR_ppbv,  ppbv, Gas_CH3CHO_InSitu_S_AVMR, (CH3CHO) acetaldehyde plus contributions from ethylene glycol and ethylene oxide. Interference from ethanol has been subtracted out.
C2H5OH_NOAAPTR_ppbv,  ppbv, Gas_C2H5OH_InSitu_S_AVMR, (C2H5OH) ethanol
CH3SH_NOAAPTR_ppbv,  ppbv, Gas_CH3SH_InSitu_S_AVMR, (CH3SH) methanethiol, using calibration factor for DMS
Acrolein_NOAAPTR_ppbv,  ppbv, Gas_Acrolein_InSitu_S_AVMR, (C3H4O) acrolein
AcetonePropanal_NOAAPTR_ppbv,  ppbv, Gas_AcetoneAndPropanal_InSitu_S_AVMR, (C3H6O) sum of acetone (dominant isomer) and propanal, using calibration factor for acetone
DMS_NOAAPTR_ppbv,  ppbv, Gas_DMS_InSitu_S_AVMR, (C2H6S) dimethyl sulfide with possible small contributions from ethanethiol
C5H8_NOAAPTR_ppbv,  ppbv, Gas_Isoprene_InSitu_S_AVMR, (C5H8) isoprene and possible fragments from cycloalkanes and aldehydes. Interferences have been subtracted following methods described by Coggon et al (2023)
MVKMAC_NOAAPTR_ppbv,  ppbv, Gas_MVKAndMAC_InSitu_S_AVMR, (C4H6O) sum of methyl vinyl ketone, methacrolein, and small amounts of crotonaldehyde, using weighted calibration factor for MVK (0.637) and MACR (0.363)
Benzene_NOAAPTR_ppbv,  ppbv, Gas_Benzene_InSitu_S_AVMR, (C6H6) benzene
Toluene_NOAAPTR_ppbv,  ppbv, Gas_Toluene_InSitu_S_AVMR, (C7H8) toluene with possible small contributions of fragments from ethyltoluene
Styrene_NOAAPTR_ppbv,  ppbv, Gas_Styrene_InSitu_S_AVMR, (C8H8) styrene
Benzaldehyde_NOAAPTR_ppbv,  ppbv, Gas_Benzaldehyde_InSitu_S_AVMR, (C7H6O) benzaldehyde
C8Aromatics_NOAAPTR_ppbv,  ppbv, Gas_C8Aromatics_InSitu_M_AVMR, (C8H10) sum of m-xylene, p-xylene, o-xylene, and ethyl benzene
C9Aromatics_NOAAPTR_ppbv,  ppbv, Gas_C9Aromatics_InSitu_M_AVMR, (C9H12) sum of C9 aromatics
Naphthalene_NOAAPTR_ppbv,  ppbv, Gas_Naphthalene_InSitu_S_AVMR, (C10H8) naphthalene
Octanal_NOAAPTR_ppbv,  ppbv, Gas_Octanal_InSitu_S_AVMR, (C8H16O) octanal and small amounts of octanone
Monoterpenes_NOAAPTR_ppbv,  ppbv, Gas_Monoterpenes_InSitu_M_AVMR, (C10H16) sum of monoterpenes and possible contributions from fragments of oxygenated monoterpenoids such as eucalyptol.
Nonanal_NOAAPTR_ppbv,  ppbv, Gas_Nonanal_InSitu_M_AVMR, (C9H18O) nonanal and small amounts of nonanone
C7H4ClF3_NOAAPTR_ppbv,  ppbv, Gas_C7H4ClF3_InSitu_S_AVMR, (C7H4ClF3) parachlorobenzotrifluoride
C10H30O5Si5_NOAAPTR_ppbv,  ppbv, Gas_C10H30O5Si5_InSitu_S_AVMR, (C10H30O5Si5) decamethylcyclopentasiloxane
1
SPECIAL COMMENTS:N/A
21
PI_CONTACT_INFO: NOAA ESRL Chemical Sciences Division, Tropospheric Chemistry Group. 325 Broadway, R/CSD7, Boulder, CO 80305
PLATFORM: Mobile Laboratory.
LOCATION: Salt Lake City, UT
ASSOCIATED_DATA: N/A
INSTRUMENT_INFO: NOAA PTR-ToF-MS measurements on NOAA CSL Mobile Lab
DATA_INFO: Units: ppbv
UNCERTAINTY: See OTHER_COMMENTS
ULOD_FLAG: -7777
ULOD_VALUE: N/A
LLOD_FLAG: -8888
LLOD_VALUE: N/A.
DM_CONTACT_INFO: Data Managers: Matt Coggon, Kelvin Bates, Chelsea Stockwell; email: matthew.m.coggon@noaa.gov and kelvin.bates@colorado.edu
PROJECT_INFO: USOS Deployment July-August, 2024
STIPULATIONS_ON_USE: Use of these data require prior OK from PI.
OTHER_COMMENTS: Uncertainties:
CH3OH_NOAAPTR_ppbv:30%; CH3CN_NOAAPTR_ppbv:30%; CH3CHO_NOAAPTR_ppbv:30%; C2H5OH_NOAAPTR_ppbv:30%; CH3SH_NOAAPTR_ppbv:50%; Acrolein_NOAAPTR_ppbv:30%; AcetonePropanal_NOAAPTR_ppbv:30%; DMS_NOAAPTR_ppbv:30%; C5H8_NOAAPTR_ppbv:30%; MVKMAC_NOAAPTR_ppbv:30%; 
Benzene_NOAAPTR_ppbv:30%; Toluene_NOAAPTR_ppbv:30%; Styrene_NOAAPTR_ppbv:30%; Benzaldehyde_NOAAPTR_ppbv:30%; C8Aromatics_NOAAPTR_ppbv:30%; C9Aromatics_NOAAPTR_ppbv:30%; Naphthalene_NOAAPTR_ppbv:30%; Octanal_NOAAPTR_ppbv:30%; Monoterpenes_NOAAPTR_ppbv:30%; Nonanal_NOAAPTR_ppbv:30%; 
C7H4ClF3_NOAAPTR_ppbv:30%; C10H30O5Si5_NOAAPTR_ppbv:30%; 
REVISION: RA
RA: Field Data
Time_Start, CH3OH_NOAAPTR_ppbv, CH3CN_NOAAPTR_ppbv, CH3CHO_NOAAPTR_ppbv, C2H5OH_NOAAPTR_ppbv, CH3SH_NOAAPTR_ppbv, Acrolein_NOAAPTR_ppbv, AcetonePropanal_NOAAPTR_ppbv, DMS_NOAAPTR_ppbv, C5H8_NOAAPTR_ppbv, MVKMAC_NOAAPTR_ppbv, Benzene_NOAAPTR_ppbv, Toluene_NOAAPTR_ppbv, Styrene_NOAAPTR_ppbv, Benzaldehyde_NOAAPTR_ppbv, C8Aromatics_NOAAPTR_ppbv, C9Aromatics_NOAAPTR_ppbv, Naphthalene_NOAAPTR_ppbv, Octanal_NOAAPTR_ppbv, Monoterpenes_NOAAPTR_ppbv, Nonanal_NOAAPTR_ppbv, C7H4ClF3_NOAAPTR_ppbv, C10H30O5Si5_NOAAPTR_ppbv
[from data line 1161]
69660.0, 6.06075, 0.21061, 1.10509, 1.17843, 0.00112, 0.14404, 3.35279, 0.01124, 0.30255, 0.38178, 0.04239, 0.14735, 0.01023, -9999.00000, 0.09277, 0.02704, 0.00269, 0.02850, 0.09772, 0.01461, 0.00882, 0.00254 
69720.0, 5.76779, 0.21791, 1.21993, 1.82434, 0.00099, 0.16827, 3.38705, 0.00216, 0.66164, 0.38832, 0.11647, 0.16008, 0.02134, -9999.00000, 0.09890, 0.03281, 0.00511, 0.02756, 0.10827, 0.03291, 0.00735, 0.00151 
69780.0, 6.10317, 0.23126, 0.83883, 0.94473, 0.00009, 0.12606, 3.15249, -0.00064, 0.24699, 0.27693, 0.08325, 0.10066, 0.02261, -9999.00000, 0.04917, 0.01727, -0.00470, 0.02973, 0.08118, 0.03047, 0.00705, 0.00075 
69840.0, 4.99908, 0.21919, 0.64919, 0.80360, 0.00377, 0.12840, 3.01969, 0.00241, 0.04544, 0.25888, 0.03070, 0.06769, 0.00469, -9999.00000, 0.04176, 0.01081, 0.00040, 0.01489, 0.02709, 0.01020, 0.00069, 0.00113 
69900.0, 5.39192, 0.21545, 0.88226, 1.15869, 0.00022, 0.15908, 3.11613, -0.00064, 0.33743, 0.30348, 0.03699, 0.09619, -0.00257, -9999.00000, 0.04926, 0.01382, 0.00057, 0.01718, 0.06924, 0.02436, 0.00597, 0.00018 
69960.0, 5.58546, 0.24176, 0.86524, 1.41660, 0.00264, 0.14742, 3.09833, 0.01278, 0.35423, 0.34353, 0.04348, 0.10713, 0.01327, -9999.00000, 0.05529, 0.01832, -0.00165, 0.01135, 0.06151, 0.01517, 0.00655, 0.00040 
70020.0, 4.99582, 0.20219, 0.79403, 1.22305, -0.00090, 0.13605, 3.08747, -0.00064, 0.26821, 0.31043, 0.03379, 0.10622, 0.00715, -9999.00000, 0.05133, 0.02120, -0.00485, 0.01637, 0.06287, 0.01429, 0.00807, 0.00151 
70080.0, 5.91747, 0.21236, 0.96514, 1.38027, 0.00077, 0.14366, 3.15915, 0.00373, 0.28369, 0.37642, 0.03850, 0.10836, 0.00126, -9999.00000, 0.06091, 0.01407, -0.00264, 0.01792, 0.06264, 0.01836, 0.01582, 0.00253 
70140.0, 5.57587, 0.20288, 1.01151, 1.36761, -0.00085, 0.15149, 3.10819, -0.00064, 0.19939, 0.37415, 0.01551, 0.14236, 0.01271, -9999.00000, 0.08929, 0.02970, 0.00442, 0.03315, 0.05629, 0.01516, 0.00660, 0.00023 
70200.0, 5.87389, 0.23509, 1.00271, 1.31304, 0.00186, 0.16900, 3.14194, -0.00064, 0.25844, 0.39372, 0.06334, 0.11050, -0.00589, -9999.00000, 0.07036, 0.02469, 0.00169, 0.02037, 0.07739, 0.04837, 0.00632, 0.00021 
70260.0, 6.22176, 0.20741, 0.96729, 1.26790, 0.00231, 0.15914, 3.12635, 0.01435, 0.22229, 0.37688, 0.04401, 0.10312, 0.01853, -9999.00000, 0.05433, 0.01839, 0.00052, 0.02000, 0.06971, 0.01843, 0.00241, 0.00330 
70320.0, 6.18746, 0.22605, 0.99325, 1.69252, 0.00078, 0.15236, 3.15424, 0.01134, 0.37854, 0.35293, 0.03018, 0.10645, 0.01017, -9999.00000, 0.05940, 0.01151, 0.00132, 0.02003, 0.08489, 0.01118, 0.00771, -0.00059 
70380.0, 6.10987, 0.21105, 0.93203, 1.11761, 0.00014, 0.12582, 3.11544, -0.00064, 0.30890, 0.31774, 0.07727, 0.08115, 0.00974, -9999.00000, 0.03592, 0.00771, -0.00763, 0.02485, 0.07502, 0.01733, 0.01238, 0.00011 
70440.0, 4.80881, 0.22251, 0.96016, 1.00667, -0.00089, 0.12991, 3.08261, -0.00064, 0.32718, 0.30628, 0.04868, 0.08540, 0.00669, -9999.00000, 0.05169, 0.01524, -0.00663, 0.02717, 0.08076, 0.03197, 0.01572, 0.00062 
70500.0, 5.20179, 0.19177, 0.75030, 0.96344, -0.00064, 0.11270, 3.10340, 0.00399, 0.12571, 0.30584, 0.03792, 0.06218, 0.01575, -9999.00000, 0.04074, 0.01541, -0.00169, 0.02483, 0.04992, 0.01974, 0.01165, -0.00055 
70560.0, 6.34452, 0.20535, 1.10275, 1.50470, 0.00212, 0.16250, 3.22990, 0.00255, 0.60278, 0.36058, 0.03445, 0.13313, 0.01142, -9999.00000, 0.05883, 0.02670, -0.00856, 0.02439, 0.13121, 0.02321, 0.01996, 0.00139 
70620.0, 5.13349, 0.22131, 0.92895, 1.61085, 0.00033, 0.14718, 3.14341, -0.00064, 0.46531, 0.32130, 0.03251, 0.09864, 0.00717, -9999.00000, 0.05105, 0.02444, -0.00936, 0.03207, 0.11558, 0.04928, 0.01128, 0.00282 
70680.0, 6.55661, 0.21789, 0.74838, 1.12182, 0.00408, 0.15881, 3.04210, 0.00305, 0.30785, 0.27567, 0.01438, 0.10098, -0.00303, -9999.00000, 0.05641, 0.02574, -0.00507, 0.01521, 0.10477, 0.01238, 0.01486, 0.00145 
70740.0, 5.27399, 0.21330, 0.73343, 0.94014, -0.00054, 0.11855, 2.90397, 0.00838, 0.08782, 0.22884, 0.03154, 0.06064, 0.00425, -9999.00000, 0.03282, 0.01186, 0.00296, 0.00718, 0.04346, 0.02910, 0.01176, 0.00098 
70800.0, 5.54436, 0.23541, 0.77217, 0.87615, -0.00003, 0.11098, 2.91906, 0.00170, 0.12394, 0.25252, 0.02893, 0.06684, 0.00409, -9999.00000, 0.03638, 0.01336, 0.00676, 0.02586, 0.05578, 0.01771, 0.02605, 0.00004 
70860.0, 5.24403, 0.23041, 0.87363, 1.06029, -0.00037, 0.16555, 3.06186, 0.00973, 0.46225, 0.29269, 0.04321, 0.08013, 0.00365, -9999.00000, 0.05729, 0.02042, 0.00226, 0.02247, 0.16380, 0.01988, 0.01827, 0.00012 
70920.0, 4.85961, 0.22001, 0.58897, 0.46954, 0.00084, 0.10038, 2.81742, -0.00064, 0.12664, 0.21966, -0.00044, 0.03924, 0.00937, -9999.00000, 0.01954, 0.01674, 0.00148, 0.02509, 0.04423, 0.01270, 0.01308, -0.00148 
70980.0, 4.80697, 0.21664, 0.59839, 0.64625, 0.00013, 0.10617, 2.89264, 0.00635, 0.10650, 0.20423, 0.03983, 0.05483, 0.00055, -9999.00000, 0.02971, 0.00660, -0.00707, 0.01566, 0.03921, 0.01788, 0.01208, 0.00023 
71040.0, 5.51932, 0.24228, 0.68971, 1.60181, -0.00032, 0.12099, 2.93054, -0.00019, 0.14226, 0.22793, 0.11115, 0.26689, 0.01676, -9999.00000, 0.12194, 0.04034, 0.00044, 0.02168, 0.03307, 0.01971, 0.01489, 0.00026 
71100.0, 5.85717, 0.22190, 0.96550, 1.10469, -0.00077, 0.13497, 3.05181, -0.00064, 0.16341, 0.24732, 0.04436, 0.09446, -0.00591, -9999.00000, 0.04601, 0.01266, 0.00137, 0.01884, 0.07611, 0.02901, 0.01646, 0.00025 
71160.0, 7.42367, 0.22041, 1.20959, 1.64246, 0.00331, 0.17212, 3.30434, -0.00064, 0.50479, 0.30150, 0.13290, 0.23100, 0.03050, -9999.00000, 0.14991, 0.06015, -0.00808, 0.03577, 0.15966, 0.02823, 0.02000, 0.00119 
71220.0, 5.55921, 0.22509, 0.92342, 1.21547, -0.00089, 0.15069, 3.12376, 0.01391, 0.27471, 0.28705, 0.05770, 0.08806, 0.01415, -9999.00000, 0.06007, 0.02845, -0.00297, 0.03261, 0.07700, 0.05416, 0.01430, 0.00077 
71280.0, 6.85221, 0.21735, 1.19755, 2.00869, 0.00214, 0.17688, 3.28439, 0.00361, 0.31723, 0.34917, 0.09362, 0.19848, 0.02006, -9999.00000, 0.10838, 0.04763, 0.00538, 0.04419, 0.07894, 0.05796, 0.01904, 0.00296 
71340.0, 5.85146, 0.19885, 1.06676, 1.86895, 0.00097, 0.18013, 3.34358, 0.00174, 0.11961, 0.31981, 0.03632, 0.18859, 0.02191, -9999.00000, 0.08178, 0.02954, 0.00116, 0.05123, 0.07661, 0.05854, 0.00916, -0.00102 
71400.0, 6.07004, 0.23160, 1.03048, 1.34905, 0.00151, 0.14534, 3.27968, 0.00890, 0.43977, 0.30777, 0.05409, 0.12372, 0.01115, -9999.00000, 0.07882, 0.03281, -0.00354, 0.02346, 0.09125, 0.02754, 0.01351, 0.00137 
71460.0, 6.54199, 0.22155, 1.05198, 1.23123, 0.00180, 0.16785, 3.20898, 0.00034, 0.15056, 0.27936, 0.03407, 0.13247, 0.00708, -9999.00000, 0.07799, 0.01978, 0.00192, 0.02570, 0.10487, 0.00463, 0.01281, 0.00252 
71520.0, 6.39011, 0.21913, 1.05759, 1.57426, 0.00456, 0.15847, 3.28302, -0.00064, 0.40438, 0.33780, 0.06902, 0.11927, 0.00698, -9999.00000, 0.08185, 0.02869, -0.00185, 0.02319, 0.06905, 0.02736, 0.01895, 0.00275 
71580.0, 5.33982, 0.20685, 1.01858, 1.17641, -0.00089, 0.14162, 3.33910, 0.00422, 0.26678, 0.31127, 0.03698, 0.09577, -0.00301, -9999.00000, 0.05846, 0.01949, 0.00670, 0.02300, 0.07507, 0.01679, 0.01383, 0.00152 
71640.0, 5.66371, 0.22505, 1.12239, 1.53214, -0.00089, 0.14034, 3.34374, 0.00674, 0.11935, 0.31141, 0.07481, 0.10914, 0.01010, -9999.00000, 0.06292, 0.01639, -0.00912, 0.02144, 0.05851, 0.01595, 0.01339, 0.00167 
71700.0, 7.05971, 0.22108, 1.47771, 1.52645, -0.00089, 0.18650, 3.35461, -0.00064, 0.48288, 0.34865, 0.03183, 0.11252, 0.01061, -9999.00000, 0.06136, 0.02264, -0.00896, 0.03774, 0.14689, 0.02990, 0.01524, 0.00118 
71760.0, 5.28382, 0.20469, 0.99071, 1.29108, -0.00089, 0.13769, 3.35611, -0.00064, 0.13656, 0.29677, 0.07253, 0.09788, 0.00034, -9999.00000, 0.04508, 0.01421, 0.01779, 0.03471, 0.04564, 0.02755, 0.01446, -0.00040 
71820.0, 5.59640, 0.22142, 0.97744, 1.25450, 0.00127, 0.16282, 3.33687, -0.00064, 0.58896, 0.31513, 0.06950, 0.12604, 0.02119, -9999.00000, 0.06938, 0.02680, 0.00754, 0.02437, 0.11068, 0.04412, 0.01291, 0.00136 
71880.0, 4.92876, 0.22183, 0.82601, 1.18506, -0.00084, 0.11468, 3.18218, 0.00154, 0.43044, 0.28561, 0.06050, 0.10404, 0.01174, -9999.00000, 0.05872, 0.01496, -0.00631, 0.02332, 0.11379, 0.01962, 0.01661, 0.00135 
71940.0, 6.31186, 0.21626, 0.91704, 1.27594, 0.00259, 0.15541, 3.31788, -0.00064, 0.41387, 0.27641, 0.04357, 0.11367, 0.01696, -9999.00000, 0.04824, 0.01918, 0.00487, 0.02508, 0.12168, 0.03089, 0.01524, -0.00050 
72000.0, 6.39465, 0.22555, 0.94692, 1.97290, 0.00033, 0.14615, 3.17197, -0.00064, 0.89118, 0.29402, 0.04375, 0.12547, 0.01592, -9999.00000, 0.05106, 0.01749, -0.00684, 0.03269, 0.13545, 0.03342, 0.01101, 0.00301 
72060.0, 4.88239, 0.22155, 0.64620, 0.69014, 0.00171, 0.10886, 2.88377, -0.00064, 0.07194, 0.21803, 0.04486, 0.05524, 0.00270, -9999.00000, 0.03089, 0.00701, 0.00311, 0.02787, 0.03610, 0.03145, 0.01317, 0.00136 
72120.0, 4.68426, 0.22642, 0.53580, 0.44613, -0.00089, 0.07853, 2.76996, -0.00064, 0.01758, 0.14624, 0.05219, 0.02610, 0.00458, -9999.00000, 0.01548, 0.00597, -0.00599, 0.01023, 0.01659, 0.01378, 0.00356, 0.00067 
72180.0, 6.77523, 0.25716, 0.71696, 0.65431, 0.00357, 0.14865, 2.95846, 0.01058, 0.28802, 0.20902, 0.07113, 0.05431, 0.00321, -9999.00000, 0.02960, 0.01145, 0.00469, 0.03323, 0.08297, 0.02184, 0.01301, 0.00057 
72240.0, 5.25143, 0.23068, 0.83630, 0.97436, 0.00245, 0.11891, 2.93590, -0.00064, 0.16983, 0.20699, 0.10169, 0.07368, 0.00600, -9999.00000, 0.03856, 0.01459, 0.00042, 0.03578, 0.04324, 0.03537, 0.00986, 0.00066 
72300.0, 5.07510, 0.25394, 0.67809, 0.90979, -0.00050, 0.11961, 2.97031, -0.00064, 0.08221, 0.21159, 0.06176, 0.06080, 0.00833, -9999.00000, 0.02637, 0.00820, 0.00867, 0.01533, 0.04810, 0.01561, -0.00002, -0.00010 
72360.0, 5.08380, 0.22342, 0.64441, 0.49930, 0.00119, 0.09026, 3.01011, -0.00064, 0.06638, 0.19280, 0.04923, 0.05626, 0.00981, -9999.00000, 0.02699, 0.00317, -0.00979, 0.00901, 0.02919, 0.01418, 0.00360, -0.00041 
72420.0, 6.61037, 0.26296, 0.74274, 1.12719, 0.00316, 0.12307, 3.06491, 0.00311, 0.08889, 0.20958, 0.06537, 0.05675, 0.01363, -9999.00000, 0.03208, 0.00713, -0.00028, 0.01005, 0.06429, 0.03156, 0.00830, 0.00109 
72480.0, 5.42045, 0.22837, 0.65557, 0.67452, 0.00175, 0.12480, 2.97653, -0.00064, 0.08106, 0.20719, 0.10973, 0.09494, 0.00877, -9999.00000, 0.04594, 0.01458, 0.00643, 0.03097, 0.04942, 0.03662, 0.00274, 0.00081 
72540.0, 5.60178, 0.25608, 0.82496, 2.74655, 0.00145, 0.10965, 3.09651, -0.00064, 0.04895, 0.20887, 0.16452, 0.41453, 0.01501, -9999.00000, 0.15926, 0.06379, -0.00181, 0.02152, 0.06544, 0.03076, 0.00585, -0.00004 
72600.0, 5.51304, 0.22905, 0.88779, 0.69060, -0.00082, 0.14808, 2.95723, 0.00090, 0.14773, 0.20804, 0.08430, 0.09168, 0.01065, -9999.00000, 0.05214, 0.02057, 0.01141, 0.02011, 0.05148, 0.02133, 0.00754, 0.00011 
72660.0, 5.18894, 0.21902, 0.76573, 0.90656, -0.00018, 0.13140, 2.97317, 0.00168, 0.08156, 0.21174, 0.09127, 0.07935, 0.01138, -9999.00000, 0.03548, 0.01683, 0.00818, 0.01914, 0.04182, 0.03076, 0.00792, 0.00090 
72720.0, 6.31414, 0.22122, 0.82583, 1.00737, 0.00068, 0.12553, 3.13477, 0.00631, 0.16490, 0.25171, 0.05486, 0.06949, 0.00574, -9999.00000, 0.03543, 0.01324, 0.00038, 0.01867, 0.07232, 0.02924, 0.00944, -0.00109 
72780.0, 5.05168, 0.22479, 0.75943, 1.08806, -0.00047, 0.11041, 3.14832, -0.00064, 0.16052, 0.25753, 0.07645, 0.10910, 0.01907, -9999.00000, 0.05906, 0.02238, 0.01766, 0.01965, 0.03749, 0.01758, 0.00749, 0.00113 
72840.0, 6.78877, 0.22481, 1.08177, 1.40746, 0.00467, 0.17685, 3.21098, 0.00277, 0.40754, 0.29009, 0.28976, 0.44804, 0.04923, -9999.00000, 0.30416, 0.12894, 0.01204, 0.04163, 0.07980, 0.02280, 0.01266, 0.00197 
72900.0, 6.01689, 0.22785, 0.85074, 1.07940, 0.00186, 0.15072, 3.10404, 0.00005, 0.23286, 0.27348, 0.09828, 0.11165, 0.00507, -9999.00000, 0.05800, 0.01852, 0.00332, 0.01849, 0.11415, 0.02056, 0.00805, 0.00124 
72960.0, 6.14968, 0.22412, 0.79172, 0.99472, 0.00105, 0.13990, 3.08822, -0.00064, 0.10584, 0.26520, 0.06515, 0.08431, 0.00982, -9999.00000, 0.05090, 0.02004, -0.00265, 0.01026, 0.12370, 0.02380, 0.01539, -0.00031 
73020.0, 5.03162, 0.21600, 0.65436, 0.80682, 0.00091, 0.11560, 3.02972, -0.00064, 0.05930, 0.23034, 0.07217, 0.06499, -0.00328, -9999.00000, 0.03211, 0.00659, 0.00321, 0.03273, 0.03536, 0.02546, 0.00476, 0.00163 
73080.0, 4.99161, 0.22843, 0.87082, 1.29445, 0.00208, 0.10522, 3.17956, -0.00064, 0.14765, 0.27050, 0.06118, 0.11989, 0.00274, -9999.00000, 0.05817, 0.02216, 0.00966, 0.03381, 0.31905, 0.02851, 0.00709, -0.00008 
73140.0, 6.00451, 0.22903, 0.91916, 0.85306, 0.00207, 0.13861, 3.13693, -0.00064, 0.27531, 0.27758, 0.08260, 0.10144, 0.00971, -9999.00000, 0.04817, 0.02156, 0.00581, 0.02501, 0.11790, 0.02560, 0.00533, 0.00156 
73200.0, 4.97443, 0.23066, 0.70343, 0.76132, -0.00089, 0.11363, 3.03408, -0.00064, 0.01320, 0.22660, 0.09012, 0.07205, 0.00948, -9999.00000, 0.02972, 0.00923, -0.00246, 0.01758, 0.04335, 0.00898, 0.00975, 0.00025 
73260.0, 5.92173, 0.22391, 0.76060, 1.00080, -0.00089, 0.10879, 3.01371, -0.00029, 0.03782, 0.26811, 0.09142, 0.06737, 0.01398, -9999.00000, 0.03761, 0.01173, 0.00020, 0.00610, 0.12531, 0.01114, 0.00980, 0.00131 
73320.0, 4.70194, 0.23511, 0.70606, 0.81704, 0.00257, 0.12154, 3.06571, 0.01179, 0.07476, 0.24078, 0.06704, 0.07127, 0.00682, -9999.00000, 0.03283, 0.01377, 0.00118, 0.01825, 0.03547, 0.00795, 0.00946, 0.00012 
73380.0, 6.09245, 0.21793, 0.86222, 1.39846, -0.00082, 0.11688, 3.23431, 0.00178, 0.23166, 0.28594, 0.10334, 0.12576, 0.00169, -9999.00000, 0.05606, 0.02411, -0.00630, 0.01614, 0.07037, 0.01488, 0.00605, 0.00269 
73440.0, 6.22787, 0.22432, 0.87366, 1.37323, -0.00088, 0.12067, 3.19246, -0.00063, 0.12617, 0.27137, 0.04350, 0.13869, 0.01422, -9999.00000, 0.06212, 0.01948, -0.00967, 0.02170, 0.04449, 0.02326, 0.01413, 0.00037 
73500.0, 4.87006, 0.21441, 0.71136, 1.13884, 0.00063, 0.12024, 3.13236, 0.00414, 0.08103, 0.25394, 0.06181, 0.10859, 0.01511, -9999.00000, 0.04231, 0.01258, 0.00831, 0.01295, 0.03073, 0.01546, 0.01708, 0.00163 
73560.0, 5.37401, 0.23630, 0.76355, 0.91399, -0.00088, 0.14459, 3.17893, 0.00111, 0.08295, 0.25679, 0.02264, 0.07718, 0.00253, -9999.00000, 0.03679, 0.00772, -0.00726, 0.03261, 0.03597, 0.03157, 0.01494, -0.00038 
73620.0, 5.11537, 0.22558, 0.76458, 0.91627, 0.00190, 0.13733, 3.16410, -0.00063, 0.09057, 0.26156, 0.04827, 0.08583, 0.00308, -9999.00000, 0.04157, 0.01350, -0.00494, 0.01932, 0.01236, 0.02025, 0.01605, -0.00121 
73680.0, 5.29203, 0.22156, 0.71016, 1.08085, -0.00074, 0.12349, 3.16474, 0.00172, 0.03654, 0.26472, 0.04231, 0.09727, 0.00106, -9999.00000, 0.04719, 0.01836, 0.00618, 0.01620, 0.01124, 0.01885, 0.01363, 0.00074 
73740.0, 7.04674, 0.24709, 1.02313, 1.46285, -0.00009, 0.15322, 3.22771, 0.00026, 0.12189, 0.28280, 0.03329, 0.10643, 0.00687, -9999.00000, 0.05185, 0.01749, 0.00553, 0.02984, 0.11969, 0.03156, 0.02141, 0.00042 
73800.0, 5.53010, 0.24092, 0.90109, 1.12314, 0.00082, 0.15620, 3.21404, -0.00042, 0.10681, 0.27769, 0.06350, 0.09483, 0.01272, -9999.00000, 0.05873, 0.02084, -0.00676, 0.02660, 0.09888, 0.02083, 0.00936, 0.00072 
73860.0, 12.07323, 0.22067, 1.35241, 1.48630, 0.00206, 0.23220, 3.37604, -0.00063, 0.18503, 0.28425, 0.12880, 0.14955, 0.02124, -9999.00000, 0.08726, 0.03756, 0.00892, 0.01493, 0.20175, 0.01950, 0.01805, 0.00075 
73920.0, 5.23588, 0.23759, 1.02976, 1.66240, 0.00011, 0.13909, 3.18994, 0.00446, 0.28735, 0.26287, 0.04305, 0.10988, 0.01154, -9999.00000, 0.06238, 0.00892, 0.00806, 0.02968, 0.10170, 0.03226, 0.02526, 0.00107 
73980.0, 5.60162, 0.23228, 0.88657, 1.49422, -0.00030, 0.14133, 3.18732, 0.01129, 0.46789, 0.28495, 0.04617, 0.11672, 0.01601, -9999.00000, 0.06910, 0.02127, -0.00996, 0.02133, 0.11071, 0.02667, 0.02200, 0.00379 
74040.0, 5.15330, 0.25201, 0.79636, 1.30806, 0.00051, 0.12666, 3.19482, 0.00662, 0.26039, 0.27672, 0.04123, 0.09630, 0.00968, -9999.00000, 0.05091, 0.02363, -0.00495, 0.02909, 0.08120, 0.00789, 0.02538, 0.00122 
