CampaignData_and_Merges/R0/CSL_MobileLab_Parked/raw/20240809/USOS-NOAAIodideCIMS-HNO3_MobileLabGround_20240809_RA.ict
33, 1001
Michael A Robinson, Chris Jernigan, Subi Thakali
NOAA ESRL Chemical Sciences Laboratory and CIRES, U. of Colorado
NOAA Iodide CIMS Instrument
USOS
1, 1
2024, 08, 09, 2024, 08, 10
1
starttime_UTC, seconds_past_midnight, seconds_of_day_since_00:00:00_UTC
1
1
-9999
HNO3_NOAACIMS, pptv, Gas_HNO3_InSitu_S_AVMR, 
0
18
PI_CONTACT_INFO: 325 Broadway, R/CSD 7, Boulder, Colorado 80305; michael.a.robinson@noaa.gov; chris.jernigan@noaa.gov;
PLATFORM: NOAA CSL Mobile Lab
LOCATION: SLC, Utah
ASSOCIATED_DATA: 1Hz data also available on request.
INSTRUMENT_INFO: NOAA I- ToF CIMS
DATA_INFO: All data in parts per trillion by volume (pptv). 1 Hz data is available upon request.
UNCERTAINTY: TBD
ULOD_FLAG: -7777
ULOD_VALUE: N/A
LLOD_FLAG: -8888
LLOD_VALUE: N/A
DM_CONTACT_INFO: Nathan Howard; nathan.h.howard@noaa.gov
PROJECT_INFO: USOS, summer 2024. https://csl.noaa.gov/groups/csl7/measurements/2024usos/
STIPULATIONS_ON_USE: Users are strongly encouraged to contact the PI for proper data usage.
OTHER_COMMENTS: 
REVISION: RA
RA: Preliminary Data; For in-field use only
starttime_UTC, HNO3_NOAACIMS
[from data line 976]
 58560, 438.558
 58620, 457.332
 58680, 477.145
 58740, 472.685
 58800, 492.669
 58860, 515.592
 58920, 527.746
 58980, 538.767
 59040, 553.826
 59100, 578.373
 59160, -9999.000
 59220, 520.623
 59280, 540.403
 59340, 558.617
 59400, 576.591
 59460, 596.623
 59520, 599.647
 59580, 594.028
 59640, 615.936
 59700, 619.827
 59760, 626.119
 59820, 626.109
 59880, 619.404
 59940, 630.606
 60000, 629.617
 60060, 640.404
 60120, 655.360
 60180, 668.950
 60240, 641.965
 60300, 673.884
 60360, 703.589
 60420, 724.738
 60480, 745.556
 60540, 750.195
 60600, 756.950
 60660, 749.857
 60720, 720.962
 60780, 672.391
 60840, 682.088
 60900, 713.801
 60960, 724.759
 61020, -9999.000
 61080, 678.391
 61140, 703.373
 61200, 708.961
 61260, 727.928
 61320, 702.662
 61380, 692.100
 61440, 724.369
 61500, 728.680
 61560, 703.400
 61620, 734.699
 61680, 741.418
 61740, 722.353
 61800, 753.766
 61860, 756.447
 61920, 720.039
 61980, 727.949
 62040, 740.678
 62100, 720.005
 62160, 693.995
 62220, 690.270
 62280, 689.108
 62340, 698.257
 62400, 717.011
 62460, 727.584
 62520, 729.974
 62580, 740.685
 62640, 735.712
 62700, 751.160
 62760, 756.363
 62820, 761.384
 62880, -9999.000
 62940, 662.551
 63000, 672.193
 63060, 674.777
 63120, 683.688
 63180, 682.366
 63240, 687.487
 63300, 691.755
 63360, 706.943
 63420, 715.866
 63480, 723.017
 63540, 728.565
 63600, 715.597
 63660, 732.412
 63720, 712.523
 63780, 710.280
 63840, 705.728
 63900, 734.232
 63960, 738.026
 64020, 757.370
 64080, 750.199
 64140, 764.826
 64200, 762.323
 64260, 739.029
 64320, 720.689
 64380, 683.474
 64440, 681.947
 64500, 700.749
 64560, 682.260
 64620, 610.619
 64680, 643.862
 64740, 620.250
 64800, 615.038
 64860, 625.911
 64920, 641.278
 64980, 669.552
 65040, 666.872
 65100, 682.507
 65160, 675.506
 65220, 712.557
 65280, 733.491
 65340, 761.092
 65400, 760.983
 65460, 722.091
 65520, 697.572
 65580, 682.241
 65640, 673.498
 65700, 679.629
 65760, 705.597
 65820, 729.393
 65880, 733.915
 65940, 734.024
 66000, 742.331
 66060, 744.401
 66120, 736.982
 66180, 725.302
 66240, 709.109
 66300, 709.569
 66360, 656.213
 66420, 640.277
 66480, 657.321
 66540, 660.751
 66600, 614.285
 66660, 631.030
 66720, 666.180
 66780, 677.559
 66840, 675.647
 66900, 669.034
 66960, 656.200
 67020, 628.481
 67080, 631.394
 67140, 638.470
 67200, 638.210
 67260, 643.411
 67320, 646.306
 67380, 641.083
 67440, 643.585
 67500, 629.583
 67560, 601.962
 67620, 612.595
 67680, 630.170
 67740, 651.330
 67800, 632.791
 67860, 613.694
 67920, 616.618
 67980, 622.914
 68040, 617.693
 68100, 622.275
 68160, 616.384
 68220, 596.058
 68280, 608.292
 68340, 606.815
 68400, 624.886
 68460, 623.127
 68520, 647.372
 68580, 649.999
 68640, 639.487
 68700, 662.228
 68760, 652.984
 68820, 650.730
 68880, 636.048
 68940, 653.732
 69000, 625.255
 69060, 620.492
 69120, 659.915
 69180, 685.202
 69240, 697.493
 69300, 702.236
 69360, 679.423
 69420, 690.260
 69480, 695.203
 69540, 694.151
 69600, 709.266
 69660, 716.367
 69720, 712.697
 69780, 684.395
 69840, 702.434
 69900, 732.754
 69960, 731.930
 70020, 711.777
 70080, 711.159
 70140, 701.574
 70200, 698.133
 70260, -9999.000
 70320, 653.938
 70380, 671.100
 70440, 696.892
 70500, 698.384
 70560, 710.297
 70620, 709.800
 70680, 714.216
 70740, 696.082
 70800, 701.428
 70860, 729.042
 70920, 711.443
 70980, 713.874
 71040, 731.730
 71100, 749.162
 71160, 764.993
 71220, 759.386
 71280, 755.250
 71340, 771.450
 71400, 779.477
 71460, 768.154
 71520, 762.131
 71580, 772.136
 71640, 801.579
 71700, 759.487
 71760, 763.589
 71820, 810.757
 71880, 800.975
 71940, 785.626
 72000, 755.462
 72060, 694.947
 72120, -9999.000
 72180, 633.801
 72240, 586.057
 72300, 535.987
 72360, 555.535
 72420, 607.006
 72480, 616.412
 72540, 628.917
 72600, 626.823
 72660, 595.723
 72720, 615.363
 72780, 641.884
 72840, 681.230
 72900, 668.703
 72960, 642.617
 73020, 645.153
 73080, 671.756
 73140, 625.527
 73200, 570.617
 73260, 593.421
 73320, 607.155
 73380, 613.180
 73440, 597.217
 73500, 640.144
 73560, 679.769
 73620, 710.871
 73680, 729.364
 73740, 746.292
 73800, 734.001
 73860, 673.533
 73920, 603.240
 73980, -9999.000
 74040, 508.865
 74100, 558.848
 74160, 582.014
 74220, 596.741
 74280, 606.382
 74340, 606.914
 74400, 598.519
 74460, 576.640
 74520, 545.604
 74580, 514.411
 74640, 519.994
 74700, 530.191
 74760, 520.056
 74820, 523.371
 74880, 551.364
 74940, 580.317
 75000, 575.398
 75060, 613.015
 75120, 650.810
 75180, 682.117
 75240, 705.884
 75300, 736.709
 75360, 741.057
 75420, 774.328
 75480, 799.815
 75540, 819.113
 75600, 835.336
 75660, 853.135
 75720, 866.022
 75780, 869.850
 75840, 829.254
 75900, 868.377
 75960, 866.996
 76020, 891.689
 76080, 915.907
 76140, 945.833
 76200, 877.914
 76260, 869.506
 76320, 866.708
 76380, 859.759
 76440, 831.385
 76500, 783.923
 76560, 796.315
 76620, 822.645
 76680, 828.141
 76740, 814.917
 76800, 782.857
 76860, 773.306
 76920, 722.195
 76980, 681.602
 77040, 635.680
 77100, 568.723
 77160, 510.655
 77220, 433.577
 77280, 385.043
 77340, 357.849
 77400, 345.561
 77460, 331.158
 77520, 319.561
 77580, 312.861
 77640, -9999.000
 77700, 298.162
 77760, 308.619
 77820, 295.650
 77880, 271.536
 77940, 268.745
 78000, 248.404
 78060, 238.495
 78120, 238.007
 78180, 224.874
 78240, 210.793
 78300, 223.512
 78360, 209.033
 78420, 211.730
 78480, 188.912
 78540, 179.495
 78600, 162.653
 78660, 169.638
 78720, 181.609
 78780, 155.501
 78840, 174.865
 78900, 182.718
 78960, 205.317
 79020, 218.649
 79080, 232.403
 79140, 222.007
 79200, 235.953
 79260, 227.592
 79320, 229.081
 79380, 229.488
 79440, 230.169
 79500, -9999.000
 79560, 253.252
 79620, 250.285
 79680, 256.526
 79740, 262.030
 79800, 260.703
 79860, 265.935
 79920, 264.845
 79980, 232.685
 80040, 224.390
 80100, 218.155
 80160, 231.008
 80220, 244.436
 80280, 262.259
 80340, 245.677
 80400, 254.489
 80460, 251.562
 80520, 243.011
 80580, 246.255
 80640, 241.732
 80700, 238.995
 80760, 248.711
 80820, 232.598
 80880, 238.113
 80940, 238.084
 81000, 227.494
 81060, 229.722
 81120, 232.300
 81180, 238.226
 81240, 237.681
 81300, 212.984
 81360, -9999.000
 81420, 249.833
 81480, 265.367
 81540, 222.854
 81600, 232.224
 81660, 246.396
 81720, 235.322
 81780, 218.846
 81840, 205.443
 81900, 199.824
 81960, 233.222
 82020, 273.635
 82080, 284.347
 82140, 299.583
 82200, 304.647
 82260, 315.481
 82320, 327.589
 82380, 332.320
 82440, 304.665
 82500, 299.610
 82560, 318.649
 82620, 332.121
 82680, 345.115
 82740, 360.213
 82800, 362.815
 82860, 367.639
 82920, 381.961
 82980, 388.322
 83040, 396.310
 83100, 407.453
 83160, 409.723
 83220, 379.507
 83280, 384.644
 83340, 394.985
 83400, 400.178
 83460, 398.129
 83520, 389.192
 83580, 397.436
 83640, 404.759
 83700, 399.196
 83760, 401.786
 83820, 399.689
 83880, 387.735
 83940, 393.622
 84000, 392.094
 84060, 402.283
 84120, 390.253
 84180, 392.739
 84240, 395.573
 84300, 384.137
 84360, 387.028
 84420, 393.558
 84480, 393.338
 84540, 390.875
 84600, 378.720
 84660, 379.949
 84720, 374.626
 84780, 370.042
 84840, 365.237
 84900, 355.727
 84960, 345.768
 85020, 347.590
 85080, 319.302
 85140, 321.518
 85200, 323.043
 85260, 318.480
 85320, 315.217
 85380, 313.588
 85440, 315.305
 85500, 315.828
 85560, 308.091
 85620, 305.608
 85680, 308.770
 85740, 308.479
 85800, 307.164
 85860, 295.708
 85920, 290.006
 85980, 273.711
 86040, 267.621
 86100, 265.826
 86160, 267.599
 86220, 274.543
 86280, 305.088
 86340, 333.403
