CampaignData_and_Merges/R0/CSL_MobileLab_Parked/raw/20240809/USOS-jNO2_MobileLabGround_20240809_R0.ict
52,1001
Waxman, E.; Rollins, A.; Zuraski, K.; Chace, W.
NOAA Chemical Sciences Laboratory
jNO2 filter radiometer on CSL Mobile Lab
AMMBEC / USOS
1, 1
2024,08,09, 2025,04,01
60
Time_Start, seconds, number_of_seconds_since_0000_UTC
20
1, 1, 1, 1, 1, 1, 1, 1, 1, 1, 1, 1, 1, 1, 1, 1, 1, 1, 1, 1
-9999, -9999, -9999, -9999, -9999, -9999, -9999, -9999, -9999, -9999, -9999, -9999, -9999, -9999, -9999, -9999, -9999, -9999, -9999, -9999
Time_Stop, seconds, number_of_seconds_since_0000_UTC
jNO2_meas, per second, photolysis rate of NO2 measured using a filter radiometer.
jBrCl, per second, photolysis rate of BrCl -> Br + Cl calculated in TUV for cloud-free sky with local AOD
jBr2, per second, photolysis rate of Br2 -> Br + Br calculated in TUV for cloud-free sky with local AOD
jCCl4, per second, photolysis rate of CCl4 -> Products calcualted in TUV for cloud-free sky with local AOD
jCH2Oa, per second, photolysis rate of CH2O -> H + HCO calculated in TUV for cloud-free sky with local AOD
jCH2Ob, per second, photolysis rate of CH2O -> H2 + CO calculated in TUV for cloud-free sky with local AOD
jClNO2, per second, photolysis rate of ClNO2 -> Cl + NO2 calculated in TUV for cloud-free sky with local AOD
jClOa, per second, photolysis rate of ClO -> Cl + O(1D) calculated in TUV for cloud-free sky with local AOD
jClOb, per second, photolysis rate of ClO -> Cl + O(3P) calculated in TUV for cloud-free sky with local AOD
jCl2, per second, photolysis rate of Cl2 -> Cl + Cl calculated in TUV for cloud-free sky with local AOD
jHNO2, per second, photolysis rate of HNO2 -> OH + NO calculated in TUV for cloud-free sky with local AOD
jHNO3, per second, photolysis rate of HNO3 -> OH + NO2 calculated in TUV for cloud-free sky with local AOD
jI2, per second, photolysis rate of I2 -> I + I calculated in TUV for cloud-free sky with local AOD
jNO2, per second, photolysis rate of NO2 -> NO + O(3P) calculated in TUV for cloud-free sky with local AOD
jNO3a, per second, photolysis rate of NO3 -> NO + O2 calculated in TUV for cloud-free sky with local AOD
jNO3b, per second, photolysis rate of NO3 -> NO2 + O(3P) calculated in TUV for cloud-free sky with local AOD
jN2O5, per second, photolysis rate of N2O5 -> NO3 + NO + O(3P) calculated in TUV for cloud-free sky with local AOD
jO3, per second, photolysis rate of O3 -> O2 + O(1D) calculated in TUV for cloud-free sky with local AOD
AOD_500nm, unitless, UTC daily mean AOD at 500 nm from an AERONET station located at 40.178 N, -112.452 E
0
18
PI_CONTACT_INFO: eleanor.waxman@noaa.gov
PLATFORM: CSL Mobile Lab, at ground site
LOCATION: Salt Lake City, UT
ASSOCIATED_DATA:
INSTRUMENT_INFO: jNO2 filter radiometer.  TUV calculations are for mobile van lat/lon/altitude assuming clear sky (cloud AOD = 0) and daily mean AOD.
DATA_INFO:
UNCERTAINTY: Data uncertainties are +/- 20%.  These come from uncertainties in radiometer angular response, radiometer thermal response, local interferences from clouds/aerosols/shadows etc.
ULOD_FLAG: -7777
ULOD_VALUE: N/A
LLOD_FLAG: -8888
LLOD_VALUE: N/A
DM_CONTACT_INFO: eleanor.waxman@noaa.gov
PROJECT_INFO: USOS Project, July - August 2024
STIPULATIONS_ON_USE: Users are strongly encouraged to contact the PI for proper data usage.
OTHER_COMMENTS: 
REVISION: R0
R0: final data
Time_Start, Time_Stop, jNO2_meas, jBrCl, jBr2, jCCl4, jCH2Oa, jCH2Ob, jClNO2, jClOa, jClOb, jCl2, jHNO2, jHNO3, jI2, jNO2, jNO3a, jNO3b, jN2O5, jO3, AOD_500nm
[from data line 1145]
   68700,   68760,0.0082998,0.01047,0.03152,5.185e-22,3.218e-05,4.745e-05,0.0004679,2.515e-22,4.87e-05,0.002275,0.001478,5.882e-07,0.1118,0.009051,0.0215,0.1728,4.213e-05,3.209e-05,0.186
   68760,   68820,0.0083036,0.01047,0.03152,5.252e-22,3.219e-05,4.747e-05,0.000468,2.548e-22,4.874e-05,0.002276,0.001479,5.885e-07,0.1118,0.009053,0.02151,0.1728,4.214e-05,3.211e-05,0.186
   68820,   68880,0.0083167,0.01047,0.03152,5.317e-22,3.22e-05,4.748e-05,0.0004681,2.58e-22,4.878e-05,0.002276,0.001479,5.889e-07,0.1118,0.009055,0.02151,0.1728,4.216e-05,3.214e-05,0.186
   68880,   68940,0.0083057,0.01048,0.03153,5.377e-22,3.221e-05,4.749e-05,0.0004683,2.609e-22,4.881e-05,0.002277,0.001479,5.891e-07,0.1118,0.009056,0.02151,0.1728,4.217e-05,3.216e-05,0.186
   68940,   69000,0.0083047,0.01048,0.03153,5.438e-22,3.223e-05,4.751e-05,0.0004684,2.639e-22,4.884e-05,0.002277,0.00148,5.895e-07,0.1118,0.009057,0.02151,0.1728,4.218e-05,3.218e-05,0.186
   69000,   69060,0.0083105,0.01048,0.03153,5.496e-22,3.224e-05,4.752e-05,0.0004685,2.668e-22,4.888e-05,0.002278,0.00148,5.897e-07,0.1118,0.009059,0.02151,0.1728,4.22e-05,3.221e-05,0.186
   69060,   69120,0.0083178,0.01048,0.03153,5.547e-22,3.225e-05,4.753e-05,0.0004686,2.693e-22,4.891e-05,0.002278,0.00148,5.9e-07,0.1118,0.00906,0.02151,0.1728,4.221e-05,3.223e-05,0.186
   69120,   69180,0.0083139,0.01048,0.03154,5.601e-22,3.226e-05,4.754e-05,0.0004687,2.719e-22,4.893e-05,0.002279,0.00148,5.903e-07,0.1118,0.009061,0.02151,0.1728,4.222e-05,3.225e-05,0.186
   69180,   69240,0.0083116,0.01048,0.03154,5.652e-22,3.227e-05,4.755e-05,0.0004688,2.744e-22,4.896e-05,0.002279,0.00148,5.905e-07,0.1118,0.009063,0.02151,0.1728,4.223e-05,3.227e-05,0.186
   69240,   69300,0.0083098,0.01048,0.03154,5.698e-22,3.227e-05,4.756e-05,0.0004689,2.767e-22,4.899e-05,0.002279,0.001481,5.907e-07,0.1118,0.009064,0.02151,0.1728,4.224e-05,3.228e-05,0.186
   69300,   69360,0.0083104,0.01048,0.03154,5.744e-22,3.228e-05,4.757e-05,0.000469,2.789e-22,4.901e-05,0.00228,0.001481,5.909e-07,0.1118,0.009065,0.02151,0.1729,4.225e-05,3.23e-05,0.186
   69360,   69420,0.0083034,0.01048,0.03154,5.785e-22,3.229e-05,4.757e-05,0.0004691,2.81e-22,4.903e-05,0.00228,0.001481,5.911e-07,0.1119,0.009066,0.02151,0.1729,4.225e-05,3.231e-05,0.186
   69420,   69480,0.0083045,0.01048,0.03155,5.823e-22,3.23e-05,4.758e-05,0.0004691,2.828e-22,4.905e-05,0.00228,0.001481,5.913e-07,0.1119,0.009066,0.02151,0.1729,4.226e-05,3.233e-05,0.186
   69480,   69540,0.0083324,0.01048,0.03155,5.861e-22,3.23e-05,4.759e-05,0.0004692,2.847e-22,4.907e-05,0.00228,0.001481,5.915e-07,0.1119,0.009067,0.02151,0.1729,4.227e-05,3.234e-05,0.186
   69540,   69600,0.0083358,0.01049,0.03155,5.895e-22,3.231e-05,4.76e-05,0.0004693,2.863e-22,4.909e-05,0.002281,0.001481,5.916e-07,0.1119,0.009068,0.02152,0.1729,4.228e-05,3.235e-05,0.186
   69600,   69660,0.0083209,0.01049,0.03155,5.925e-22,3.232e-05,4.76e-05,0.0004693,2.878e-22,4.91e-05,0.002281,0.001482,5.918e-07,0.1119,0.009069,0.02152,0.1729,4.228e-05,3.236e-05,0.186
   69660,   69720,0.0083347,0.01049,0.03155,5.953e-22,3.232e-05,4.761e-05,0.0004694,2.892e-22,4.912e-05,0.002281,0.001482,5.919e-07,0.1119,0.009069,0.02152,0.1729,4.229e-05,3.237e-05,0.186
   69720,   69780,0.0083441,0.01049,0.03155,5.977e-22,3.232e-05,4.761e-05,0.0004694,2.903e-22,4.913e-05,0.002281,0.001482,5.92e-07,0.1119,0.00907,0.02152,0.1729,4.229e-05,3.238e-05,0.186
   69780,   69840,0.0083486,0.01049,0.03155,5.997e-22,3.233e-05,4.761e-05,0.0004694,2.914e-22,4.914e-05,0.002281,0.001482,5.921e-07,0.1119,0.00907,0.02152,0.1729,4.23e-05,3.239e-05,0.186
   69840,   69900,0.0083578,0.01049,0.03155,6.017e-22,3.233e-05,4.762e-05,0.0004695,2.923e-22,4.915e-05,0.002282,0.001482,5.922e-07,0.1119,0.009071,0.02152,0.1729,4.23e-05,3.24e-05,0.186
   69900,   69960,0.0083556,0.01049,0.03155,6.032e-22,3.233e-05,4.762e-05,0.0004695,2.931e-22,4.916e-05,0.002282,0.001482,5.922e-07,0.1119,0.009071,0.02152,0.1729,4.23e-05,3.24e-05,0.186
   69960,   70020,0.008367,0.01049,0.03155,6.044e-22,3.234e-05,4.762e-05,0.0004695,2.937e-22,4.917e-05,0.002282,0.001482,5.923e-07,0.1119,0.009071,0.02152,0.1729,4.23e-05,3.241e-05,0.186
   70020,   70080,0.0083856,0.01049,0.03155,6.054e-22,3.234e-05,4.763e-05,0.0004696,2.941e-22,4.917e-05,0.002282,0.001482,5.923e-07,0.1119,0.009071,0.02152,0.1729,4.231e-05,3.241e-05,0.186
   70080,   70140,0.0083908,0.01049,0.03155,6.058e-22,3.234e-05,4.763e-05,0.0004696,2.943e-22,4.917e-05,0.002282,0.001482,5.924e-07,0.1119,0.009072,0.02152,0.1729,4.231e-05,3.241e-05,0.186
   70140,   70200,0.0084317,0.01049,0.03155,6.061e-22,3.234e-05,4.763e-05,0.0004696,2.945e-22,4.917e-05,0.002282,0.001482,5.924e-07,0.1119,0.009072,0.02152,0.1729,4.231e-05,3.241e-05,0.186
   70200,   70260,0.008442,0.01049,0.03155,6.061e-22,3.234e-05,4.763e-05,0.0004696,2.945e-22,4.917e-05,0.002282,0.001482,5.924e-07,0.1119,0.009072,0.02152,0.1729,4.231e-05,3.241e-05,0.186
   70260,   70320,0.0084347,0.01049,0.03155,6.057e-22,3.234e-05,4.763e-05,0.0004696,2.943e-22,4.917e-05,0.002282,0.001482,5.923e-07,0.1119,0.009072,0.02152,0.1729,4.231e-05,3.241e-05,0.186
   70320,   70380,0.0084331,0.01049,0.03155,6.051e-22,3.234e-05,4.762e-05,0.0004695,2.94e-22,4.917e-05,0.002282,0.001482,5.923e-07,0.1119,0.009071,0.02152,0.1729,4.231e-05,3.241e-05,0.186
   70380,   70440,0.0084245,0.01049,0.03155,6.039e-22,3.234e-05,4.762e-05,0.0004695,2.934e-22,4.916e-05,0.002282,0.001482,5.923e-07,0.1119,0.009071,0.02152,0.1729,4.23e-05,3.24e-05,0.186
   70440,   70500,0.00842,0.01049,0.03155,6.025e-22,3.233e-05,4.762e-05,0.0004695,2.927e-22,4.916e-05,0.002282,0.001482,5.922e-07,0.1119,0.009071,0.02152,0.1729,4.23e-05,3.24e-05,0.186
   70500,   70560,0.0084455,0.01049,0.03155,6.01e-22,3.233e-05,4.762e-05,0.0004695,2.92e-22,4.915e-05,0.002281,0.001482,5.921e-07,0.1119,0.009071,0.02152,0.1729,4.23e-05,3.239e-05,0.186
   70560,   70620,0.0084688,0.01049,0.03155,5.99e-22,3.233e-05,4.761e-05,0.0004694,2.91e-22,4.914e-05,0.002281,0.001482,5.92e-07,0.1119,0.00907,0.02152,0.1729,4.229e-05,3.239e-05,0.186
   70620,   70680,0.0085051,0.01049,0.03155,5.967e-22,3.232e-05,4.761e-05,0.0004694,2.899e-22,4.913e-05,0.002281,0.001482,5.919e-07,0.1119,0.00907,0.02152,0.1729,4.229e-05,3.238e-05,0.186
   70680,   70740,0.0085392,0.01049,0.03155,5.943e-22,3.232e-05,4.76e-05,0.0004694,2.887e-22,4.911e-05,0.002281,0.001482,5.918e-07,0.1119,0.009069,0.02152,0.1729,4.229e-05,3.237e-05,0.186
   70740,   70800,0.0085796,0.01049,0.03155,5.912e-22,3.231e-05,4.76e-05,0.0004693,2.872e-22,4.91e-05,0.002281,0.001482,5.917e-07,0.1119,0.009068,0.02152,0.1729,4.228e-05,3.236e-05,0.186
   70800,   70860,0.0085896,0.01048,0.03155,5.88e-22,3.231e-05,4.759e-05,0.0004692,2.856e-22,4.908e-05,0.002281,0.001481,5.915e-07,0.1119,0.009068,0.02152,0.1729,4.227e-05,3.235e-05,0.186
   70860,   70920,0.0079587,0.01048,0.03155,5.847e-22,3.23e-05,4.759e-05,0.0004692,2.84e-22,4.906e-05,0.00228,0.001481,5.914e-07,0.1119,0.009067,0.02151,0.1729,4.227e-05,3.234e-05,0.186
   70920,   70980,0.007768,0.01048,0.03154,5.809e-22,3.23e-05,4.758e-05,0.0004691,2.821e-22,4.904e-05,0.00228,0.001481,5.912e-07,0.1119,0.009066,0.02151,0.1729,4.226e-05,3.232e-05,0.186
   70980,   71040,0.0075706,0.01048,0.03154,5.768e-22,3.229e-05,4.757e-05,0.000469,2.801e-22,4.902e-05,0.00228,0.001481,5.91e-07,0.1119,0.009065,0.02151,0.1729,4.225e-05,3.231e-05,0.186
   71040,   71100,0.0085532,0.01048,0.03154,5.727e-22,3.228e-05,4.756e-05,0.000469,2.781e-22,4.9e-05,0.002279,0.001481,5.908e-07,0.1118,0.009064,0.02151,0.1729,4.224e-05,3.229e-05,0.186
   71100,   71160,0.0086209,0.01048,0.03154,5.679e-22,3.227e-05,4.755e-05,0.0004689,2.758e-22,4.898e-05,0.002279,0.001481,5.906e-07,0.1118,0.009063,0.02151,0.1728,4.223e-05,3.228e-05,0.186
   71160,   71220,0.0086233,0.01048,0.03154,5.63e-22,3.226e-05,4.754e-05,0.0004688,2.734e-22,4.895e-05,0.002279,0.00148,5.904e-07,0.1118,0.009062,0.02151,0.1728,4.222e-05,3.226e-05,0.186
   71220,   71280,0.0084784,0.01048,0.03154,5.582e-22,3.225e-05,4.754e-05,0.0004687,2.71e-22,4.892e-05,0.002278,0.00148,5.902e-07,0.1118,0.009061,0.02151,0.1728,4.221e-05,3.224e-05,0.186
   71280,   71340,0.0076238,0.01048,0.03153,5.528e-22,3.224e-05,4.752e-05,0.0004686,2.683e-22,4.889e-05,0.002278,0.00148,5.899e-07,0.1118,0.00906,0.02151,0.1728,4.22e-05,3.222e-05,0.186
   71340,   71400,0.0069991,0.01048,0.03153,5.471e-22,3.223e-05,4.751e-05,0.0004685,2.656e-22,4.886e-05,0.002278,0.00148,5.896e-07,0.1118,0.009058,0.02151,0.1728,4.219e-05,3.22e-05,0.186
   71400,   71460,0.0086157,0.01048,0.03153,5.414e-22,3.222e-05,4.75e-05,0.0004683,2.628e-22,4.883e-05,0.002277,0.001479,5.893e-07,0.1118,0.009057,0.02151,0.1728,4.218e-05,3.218e-05,0.186
   71460,   71520,0.008723,0.01047,0.03153,5.353e-22,3.221e-05,4.749e-05,0.0004682,2.598e-22,4.88e-05,0.002277,0.001479,5.89e-07,0.1118,0.009055,0.02151,0.1728,4.217e-05,3.215e-05,0.186
   71520,   71580,0.0087147,0.01047,0.03152,5.289e-22,3.22e-05,4.748e-05,0.0004681,2.567e-22,4.876e-05,0.002276,0.001479,5.887e-07,0.1118,0.009054,0.02151,0.1728,4.215e-05,3.213e-05,0.186
   71580,   71640,0.0086823,0.01047,0.03152,5.228e-22,3.218e-05,4.746e-05,0.000468,2.536e-22,4.873e-05,0.002276,0.001479,5.884e-07,0.1118,0.009052,0.02151,0.1728,4.214e-05,3.21e-05,0.186
   71640,   71700,0.0086582,0.01047,0.03152,5.161e-22,3.217e-05,4.745e-05,0.0004678,2.503e-22,4.869e-05,0.002275,0.001478,5.881e-07,0.1118,0.009051,0.0215,0.1728,4.212e-05,3.208e-05,0.186
   71700,   71760,0.0086857,0.01047,0.03151,5.091e-22,3.216e-05,4.743e-05,0.0004677,2.469e-22,4.865e-05,0.002275,0.001478,5.877e-07,0.1118,0.009049,0.0215,0.1728,4.211e-05,3.205e-05,0.186
   71760,   71820,0.0085542,0.01047,0.03151,5.023e-22,3.214e-05,4.742e-05,0.0004675,2.436e-22,4.86e-05,0.002274,0.001478,5.873e-07,0.1118,0.009047,0.0215,0.1727,4.209e-05,3.202e-05,0.186
   71820,   71880,0.0078898,0.01047,0.03151,4.95e-22,3.213e-05,4.74e-05,0.0004674,2.4e-22,4.856e-05,0.002273,0.001477,5.869e-07,0.1118,0.009045,0.0215,0.1727,4.208e-05,3.199e-05,0.186
   71880,   71940,0.0073786,0.01046,0.0315,4.876e-22,3.211e-05,4.739e-05,0.0004672,2.364e-22,4.852e-05,0.002273,0.001477,5.865e-07,0.1118,0.009043,0.0215,0.1727,4.206e-05,3.196e-05,0.186
   71940,   72000,0.0070163,0.01046,0.0315,4.804e-22,3.21e-05,4.737e-05,0.000467,2.329e-22,4.847e-05,0.002272,0.001477,5.862e-07,0.1117,0.009041,0.0215,0.1727,4.204e-05,3.193e-05,0.186
   72000,   72060,0.0071638,0.01046,0.0315,4.727e-22,3.208e-05,4.735e-05,0.0004669,2.291e-22,4.842e-05,0.002271,0.001476,5.857e-07,0.1117,0.009039,0.0215,0.1727,4.202e-05,3.189e-05,0.186
   72060,   72120,0.0068626,0.01046,0.03149,4.647e-22,3.206e-05,4.733e-05,0.0004667,2.252e-22,4.837e-05,0.002271,0.001476,5.853e-07,0.1117,0.009037,0.0215,0.1727,4.2e-05,3.186e-05,0.186
   72120,   72180,0.0061169,0.01046,0.03149,4.572e-22,3.204e-05,4.731e-05,0.0004665,2.215e-22,4.832e-05,0.00227,0.001475,5.848e-07,0.1117,0.009035,0.02149,0.1727,4.199e-05,3.183e-05,0.186
   72180,   72240,0.0058218,0.01046,0.03148,4.491e-22,3.203e-05,4.729e-05,0.0004663,2.176e-22,4.827e-05,0.002269,0.001475,5.843e-07,0.1117,0.009033,0.02149,0.1727,4.196e-05,3.179e-05,0.186
   72240,   72300,0.005691,0.01045,0.03148,4.409e-22,3.201e-05,4.727e-05,0.0004661,2.136e-22,4.821e-05,0.002269,0.001475,5.839e-07,0.1117,0.00903,0.02149,0.1726,4.194e-05,3.175e-05,0.186
   72300,   72360,0.0054282,0.01045,0.03147,4.332e-22,3.199e-05,4.725e-05,0.0004659,2.098e-22,4.816e-05,0.002268,0.001474,5.834e-07,0.1117,0.009028,0.02149,0.1726,4.192e-05,3.171e-05,0.186
   72360,   72420,0.0053874,0.01045,0.03147,4.248e-22,3.197e-05,4.723e-05,0.0004657,2.057e-22,4.81e-05,0.002267,0.001474,5.829e-07,0.1117,0.009025,0.02149,0.1726,4.19e-05,3.167e-05,0.186
   72420,   72480,0.0055617,0.01045,0.03147,4.163e-22,3.195e-05,4.721e-05,0.0004655,2.015e-22,4.804e-05,0.002266,0.001473,5.823e-07,0.1117,0.009023,0.02149,0.1726,4.188e-05,3.163e-05,0.186
   72480,   72540,0.0053388,0.01044,0.03146,4.083e-22,3.193e-05,4.719e-05,0.0004653,1.976e-22,4.798e-05,0.002265,0.001473,5.818e-07,0.1117,0.00902,0.02149,0.1726,4.186e-05,3.159e-05,0.186
   72540,   72600,0.005335,0.01044,0.03146,3.998e-22,3.19e-05,4.716e-05,0.000465,1.934e-22,4.792e-05,0.002264,0.001472,5.813e-07,0.1116,0.009017,0.02148,0.1726,4.183e-05,3.155e-05,0.186
   72600,   72660,0.0053779,0.01044,0.03145,3.913e-22,3.188e-05,4.714e-05,0.0004648,1.893e-22,4.785e-05,0.002263,0.001472,5.807e-07,0.1116,0.009014,0.02148,0.1725,4.181e-05,3.151e-05,0.186
   72660,   72720,0.0052928,0.01044,0.03145,3.832e-22,3.186e-05,4.712e-05,0.0004646,1.853e-22,4.779e-05,0.002263,0.001471,5.801e-07,0.1116,0.009012,0.02148,0.1725,4.178e-05,3.146e-05,0.186
   72720,   72780,0.0053353,0.01043,0.03144,3.746e-22,3.184e-05,4.709e-05,0.0004643,1.811e-22,4.772e-05,0.002262,0.001471,5.795e-07,0.1116,0.009009,0.02148,0.1725,4.176e-05,3.142e-05,0.186
   72780,   72840,0.0057164,0.01043,0.03143,3.659e-22,3.181e-05,4.707e-05,0.0004641,1.769e-22,4.765e-05,0.002261,0.00147,5.789e-07,0.1116,0.009005,0.02148,0.1725,4.173e-05,3.137e-05,0.186
   72840,   72900,0.0059283,0.01043,0.03143,3.578e-22,3.179e-05,4.704e-05,0.0004638,1.729e-22,4.759e-05,0.00226,0.00147,5.783e-07,0.1116,0.009002,0.02147,0.1725,4.17e-05,3.132e-05,0.186
   72900,   72960,0.0056598,0.01043,0.03142,3.492e-22,3.176e-05,4.701e-05,0.0004635,1.687e-22,4.752e-05,0.002259,0.001469,5.777e-07,0.1116,0.008999,0.02147,0.1725,4.168e-05,3.127e-05,0.186
   72960,   73020,0.0055996,0.01042,0.03142,3.407e-22,3.174e-05,4.698e-05,0.0004633,1.645e-22,4.744e-05,0.002258,0.001468,5.77e-07,0.1115,0.008996,0.02147,0.1724,4.165e-05,3.122e-05,0.186
   73020,   73080,0.0054256,0.01042,0.03141,3.326e-22,3.171e-05,4.696e-05,0.000463,1.606e-22,4.737e-05,0.002257,0.001468,5.764e-07,0.1115,0.008993,0.02147,0.1724,4.162e-05,3.117e-05,0.186
   73080,   73140,0.0052769,0.01042,0.0314,3.24e-22,3.168e-05,4.693e-05,0.0004627,1.564e-22,4.729e-05,0.002255,0.001467,5.757e-07,0.1115,0.008989,0.02147,0.1724,4.159e-05,3.112e-05,0.186
   73140,   73200,0.0048588,0.01042,0.0314,3.156e-22,3.166e-05,4.69e-05,0.0004624,1.523e-22,4.721e-05,0.002254,0.001467,5.75e-07,0.1115,0.008986,0.02146,0.1724,4.156e-05,3.107e-05,0.186
   73200,   73260,0.0053937,0.01041,0.03139,3.077e-22,3.163e-05,4.687e-05,0.0004621,1.484e-22,4.714e-05,0.002253,0.001466,5.743e-07,0.1115,0.008982,0.02146,0.1723,4.153e-05,3.101e-05,0.186
   73260,   73320,0.005832,0.01041,0.03138,2.993e-22,3.16e-05,4.684e-05,0.0004618,1.444e-22,4.706e-05,0.002252,0.001465,5.736e-07,0.1115,0.008979,0.02146,0.1723,4.15e-05,3.096e-05,0.186
   73320,   73380,0.0055437,0.01041,0.03138,2.911e-22,3.157e-05,4.681e-05,0.0004615,1.403e-22,4.697e-05,0.002251,0.001465,5.728e-07,0.1114,0.008975,0.02146,0.1723,4.146e-05,3.09e-05,0.186
   73380,   73440,0.0050816,0.0104,0.03137,2.833e-22,3.154e-05,4.678e-05,0.0004612,1.366e-22,4.689e-05,0.00225,0.001464,5.721e-07,0.1114,0.008971,0.02145,0.1723,4.143e-05,3.085e-05,0.186
   73440,   73500,0.0047799,0.0104,0.03136,2.751e-22,3.151e-05,4.674e-05,0.0004609,1.325e-22,4.681e-05,0.002248,0.001463,5.713e-07,0.1114,0.008967,0.02145,0.1722,4.14e-05,3.079e-05,0.186
   73500,   73560,0.0049071,0.0104,0.03136,2.671e-22,3.148e-05,4.671e-05,0.0004606,1.286e-22,4.672e-05,0.002247,0.001463,5.705e-07,0.1114,0.008963,0.02145,0.1722,4.137e-05,3.073e-05,0.186
   73560,   73620,0.0041893,0.01039,0.03135,2.596e-22,3.145e-05,4.668e-05,0.0004603,1.25e-22,4.663e-05,0.002246,0.001462,5.698e-07,0.1114,0.008959,0.02145,0.1722,4.133e-05,3.067e-05,0.186
   73620,   73680,0.0038206,0.01039,0.03134,2.518e-22,3.142e-05,4.664e-05,0.0004599,1.212e-22,4.654e-05,0.002245,0.001461,5.69e-07,0.1114,0.008955,0.02144,0.1722,4.13e-05,3.061e-05,0.186
   73680,   73740,0.0036365,0.01039,0.03133,2.441e-22,3.139e-05,4.661e-05,0.0004596,1.174e-22,4.645e-05,0.002243,0.00146,5.681e-07,0.1113,0.008951,0.02144,0.1721,4.126e-05,3.054e-05,0.186
   73740,   73800,0.0036067,0.01038,0.03133,2.369e-22,3.135e-05,4.657e-05,0.0004592,1.139e-22,4.636e-05,0.002242,0.00146,5.673e-07,0.1113,0.008947,0.02144,0.1721,4.123e-05,3.048e-05,0.186
