CampaignData_and_Merges/R0/CSL_MobileLab_Parked/raw/20240809/USOS-POPS_MobileLabGround_20240809_R0.ict
78, 1001
Thornberry, T. D.
NOAA Chemical Sciences Laboratory
Portable Optical Particle Spectrometer (POPS)
USOS
1, 1
2024, 08, 09, 2025, 05, 08
60
Time_Start, seconds_past_midnight, Start time of measurement
45
1, 1, 1, 1, 1, 1, 1, 1, 1, 1, 1, 1, 1, 1, 1, 1, 1, 1, 1, 1, 1, 1, 1, 1, 1, 1, 1, 1, 1, 1, 1, 1, 1, 1, 1, 1, 1, 1, 1, 1, 1, 1, 1, 1, 1
-9999, -9999, -9999, -9999, -9999, -9999, -9999, -9999, -9999, -9999, -9999, -9999, -9999, -9999, -9999, -9999, -9999, -9999, -9999, -9999, -9999, -9999, -9999, -9999, -9999, -9999, -9999, -9999, -9999, -9999, -9999, -9999, -9999, -9999, -9999, -9999, -9999, -9999, -9999, -9999, -9999, -9999, -9999, -9999, -9999
Time_Stop, seconds_past_midnight, Stop time of measurement
Time_Mid, seconds_past_midnight, Mid time of measurement
Press_mb, mb, Pressure reported (mb)
Temp_C, degrees C, POPS temperature measurement
Aerosol_concentration, cm^-3, Aerosol concentration
Surface_Area_Conc, um^2 cm^-3, Surface area concentration
Volume_density, um^3 cm^-3, Volume density
Effective_radius, um, Effective radius
Extinction, km^-1, Extinction
Bin01, cm^-3, particle concentration in size range [1401 - 146.3 nm]
Bin02, cm^-3, particle concentration in size range [146.3 - 152.8 nm]
Bin03, cm^-3, particle concentration in size range [152.8 - 159.6 nm]
Bin04, cm^-3, particle concentration in size range [159.6 - 166.8 nm]
Bin05, cm^-3, particle concentration in size range [166.8 - 174.2 nm]
Bin06, cm^-3, particle concentration in size range [174.2 - 181.9 nm]
Bin07, cm^-3, particle concentration in size range [181.9 - 190.0 nm]
Bin08, cm^-3, particle concentration in size range [190.0 - 198.5 nm]
Bin09, cm^-3, particle concentration in size range [198.5 - 207.4 nm]
Bin10, cm^-3, particle concentration in size range [207.4 - 216.6 nm]
Bin11, cm^-3, particle concentration in size range [216.6 - 226.2 nm]
Bin12, cm^-3, particle concentration in size range [226.2 - 236.3 nm]
Bin13, cm^-3, particle concentration in size range [236.3 - 246.8 nm]
Bin14, cm^-3, particle concentration in size range [246.8 - 257.8 nm]
Bin15, cm^-3, particle concentration in size range [257.8 - 269.3 nm]
Bin16, cm^-3, particle concentration in size range [269.3 - 343.4 nm]
Bin17, cm^-3, particle concentration in size range [343.4 - 450.7 nm]
Bin18, cm^-3, particle concentration in size range [450.7 - 525.9 nm]
Bin19, cm^-3, particle concentration in size range [525.9 - 618.5 nm]
Bin20, cm^-3, particle concentration in size range [618.5 - 710.0 nm]
Bin21, cm^-3, particle concentration in size range [710.0 - 822.7 nm]
Bin22, cm^-3, particle concentration in size range [822.7 - 885.9 nm]
Bin23, cm^-3, particle concentration in size range [885.9 - 953.9 nm]
Bin24, cm^-3, particle concentration in size range [953.9 - 1027.2 nm]
Bin25, cm^-3, particle concentration in size range [1027.2 - 1106.1 nm]
Bin26, cm^-3, particle concentration in size range [1106.1 - 1191.0 nm]
Bin27, cm^-3, particle concentration in size range [1191.0 - 1282.5 nm]
Bin28, cm^-3, particle concentration in size range [1282.5 - 1381.0 nm]
Bin29, cm^-3, particle concentration in size range [1381.0 - 1487.1 nm]
Bin30, cm^-3, particle concentration in size range [1487.1 - 1601.3 nm]
Bin31, cm^-3, particle concentration in size range [1601.3 - 1724.3 nm]
[...]
PLATFORM: NOAA CSL Mobile Lab
LOCATION: USOS
ASSOCIATED_DATA: N/A
INSTRUMENT_INFO: Printed Optical Particle Spectrometer counts particles from 140 - 2500 nm in diameter 
DATA_INFO: Particle concentrations reported in number per cubic centimeter,1 Hz data
UNCERTAINTY: Counting uncertainty dominated by air flow, less than 5 percent. Measurement range is ~0 - 3000 per cm3 (varies depending on flow rate- manufacturer quotes 1250 per cm3 at 1.667 cc/s)
ULOD_FLAG: -7777
ULOD_VALUE: N/A
LLOD_FLAG: -8888
LLOD_VALUE: N/A
DM_CONTACT_INFO: Troy Thornberry, 325 Broadway R/CSL6, Boulder, CO 80305; troy.thornberry@noaa.gov; 303-497-3373
PROJECT_INFO: USOS, Utah POPS data from NOAA CSL Mobile Lab
STIPULATIONS_ON_USE: Please contact the PIs for questions regarding applications and uncertainties
OTHER_COMMENTS: POPS bin Edges (nm):  140.1, 146.3, 152.8, 159.6, 166.8, 174.2, 181.9, 190.0, 198.5, 207.4, 216.6, 226.2, 236.3, 246.8, 257.8, 269.3, 343.4, 450.7, 525.9, 618.5, 710.0, 822.7, 885.9, 953.9, 1027.2, 1106.1, 1191.0, 1282.5, 1381.0, 1487.1, 1601.3, 1724.3, 1856.7, 1999.3, 2152.8, 2318.2, 2496.2
Calculations assume organic aerosol refractive index of 1.52+0.00j and extinction wavelength = 532 nm
REVISION: R0
R0: Final data
Time_Start, Time_Stop, Time_Mid, Press_mb, Temp_C, Aerosol_concentration, Surface_Area_Conc, Volume_density, Effective_radius, Extinction, Bin01, Bin02, Bin03, Bin04, Bin05, Bin06, Bin07, Bin08, Bin09, Bin10, Bin11, Bin12, Bin13, Bin14, Bin15, Bin16, Bin17, Bin18, Bin19, Bin20, Bin21, Bin22, Bin23, Bin24, Bin25, Bin26, Bin27, Bin28, Bin29, Bin30, Bin31, Bin32, Bin33, Bin34, Bin35, Bin36
[from data line 1417]
85020,85079,85050,869.244,32.662,146.641,23.549,1.336,0.167,0.007,15.306144,13.310676,11.645913,10.546468,9.390686,8.294104,7.863710,7.354858,6.542367,6.055718,5.651475,6.272751,6.126482,6.151730,4.886396,14.936150,4.295740,1.092006,0.547548,0.082184,0.060566,0.049531,0.022288,0.027658,0.011038,0.000000,0.016692,0.016539,0.000000,0.016613,0.044791,0.010968,0.005342,0.000000,0.000000,0.005574
85080,85139,85110,869.284,32.597,141.939,23.292,1.329,0.168,0.007,14.365130,12.223168,10.863435,10.151199,9.261153,8.266855,7.289534,6.757440,6.334597,5.972314,6.186382,5.955320,6.007302,5.982833,4.894595,14.936473,4.507451,0.985338,0.569362,0.061287,0.072665,0.055715,0.033523,0.072115,0.033317,0.005482,0.022571,0.005650,0.011341,0.016576,0.011057,0.005556,0.005464,0.005612,0.005727,0.005519
85140,85199,85170,869.325,32.538,134.104,22.586,1.369,0.177,0.007,11.904926,10.985329,10.016398,9.383616,8.761353,7.999543,6.903821,6.447986,6.050326,5.895284,5.889785,6.316133,5.973129,5.858977,4.911707,14.484117,4.391400,1.031914,0.465477,0.116785,0.082568,0.033200,0.011184,0.021917,0.027836,0.022644,0.005376,0.005519,0.016657,0.016874,0.033406,0.010823,0.005669,0.011130,0.011149,0.000000
85200,85259,85230,869.364,32.535,135.293,22.623,1.411,0.181,0.007,12.736347,11.143861,10.183287,9.354312,8.846472,8.199238,7.158690,6.548621,5.943144,5.977101,6.021453,5.701072,5.974859,6.028786,4.648924,14.644580,4.240035,1.000842,0.514508,0.128295,0.072185,0.022436,0.027668,0.022010,0.016468,0.000000,0.027723,0.005574,0.011038,0.021952,0.021813,0.022337,0.011117,0.005537,0.005325,0.005537
85260,85319,85290,869.413,32.493,138.026,23.203,1.392,0.175,0.007,12.755137,11.653889,10.295789,9.431348,8.867298,7.746439,7.093155,6.781900,6.495874,5.722001,5.761715,5.814223,6.462238,6.112613,5.156536,15.352317,4.480664,1.116666,0.532309,0.077798,0.083465,0.055880,0.005342,0.016541,0.033153,0.011075,0.005537,0.016668,0.010701,0.028018,0.005482,0.011093,0.016195,0.000000,0.005612,0.010876
85320,85379,85350,869.459,32.458,138.918,23.278,1.411,0.176,0.007,13.189895,11.614886,10.521473,9.892717,8.732706,8.356326,7.337899,6.769293,6.446187,5.694922,5.825294,5.926909,6.209478,5.906931,4.954312,14.995170,4.455081,1.155980,0.476839,0.110819,0.061008,0.055509,0.038691,0.022187,0.027965,0.022317,0.011041,0.005574,0.027950,0.011205,0.016779,0.011074,0.011038,0.011093,0.005612,0.005574
85380,85439,85410,869.486,32.445,143.211,23.459,1.348,0.167,0.007,14.126977,11.917066,10.736374,10.550278,8.864483,8.589493,7.650449,7.141731,6.213721,5.831286,6.036422,6.204928,6.356840,6.320342,4.815010,15.384747,4.488785,1.149864,0.505009,0.049693,0.094519,0.011206,0.011084,0.033392,0.010984,0.011186,0.022241,0.011130,0.005519,0.027494,0.011149,0.005482,0.000000,0.000000,0.005556,0.016799
85440,85499,85470,869.515,32.356,146.807,24.402,1.505,0.179,0.007,14.152723,12.481734,11.149386,10.864791,9.234538,8.406333,7.912874,7.006684,6.654211,6.160986,6.259570,6.458936,6.632874,6.232296,5.018972,15.429169,4.675495,1.151827,0.490128,0.083106,0.061654,0.071661,0.044360,0.016686,0.022605,0.016790,0.005537,0.011204,0.022155,0.005464,0.016557,0.011242,0.016798,0.005537,0.005519,0.016879
85500,85559,85530,869.560,32.270,144.248,24.428,1.653,0.193,0.008,13.494619,12.588765,11.204503,10.316091,9.613651,8.371059,8.045327,7.018160,6.398215,6.026474,5.775235,6.299981,6.261620,6.088453,4.936379,14.965239,4.606253,1.100178,0.640177,0.110742,0.083297,0.044894,0.022209,0.054816,0.027385,0.011093,0.000000,0.011060,0.016705,0.011038,0.032727,0.027802,0.005593,0.005747,0.021932,0.011074
85560,85619,85590,869.584,32.237,145.967,25.085,1.675,0.194,0.008,14.069280,13.025065,11.202171,9.926525,9.777123,8.352274,7.395685,7.050821,6.437350,6.170131,6.095310,6.237608,6.389338,5.964798,5.045122,15.853765,4.592310,1.209052,0.609581,0.122242,0.071691,0.055135,0.027405,0.027659,0.027651,0.027651,0.038946,0.044123,0.011224,0.027506,0.016741,0.010878,0.021883,0.005593,0.011022,0.016540
85620,85679,85650,869.609,32.159,150.401,24.631,1.349,0.162,0.007,14.765866,13.106244,11.529223,10.697201,9.674797,8.637647,8.167953,7.413445,6.476688,6.753983,5.973106,6.379785,6.233304,6.406755,5.117367,16.139013,4.762251,1.186484,0.576452,0.071218,0.089104,0.022067,0.016513,0.038995,0.032928,0.011149,0.021524,0.005574,0.027788,0.022207,0.038679,0.000000,0.000000,0.000000,0.005593,0.000000
85680,85739,85710,869.671,32.112,151.507,25.300,1.542,0.178,0.008,14.943275,13.305552,11.794666,10.605268,9.975645,8.928739,8.112526,7.218630,6.241472,6.384680,6.408288,6.450206,6.509926,6.384995,4.887506,16.218685,4.879808,1.112830,0.644754,0.133284,0.083461,0.044438,0.011002,0.033305,0.027742,0.038621,0.011148,0.022186,0.005708,0.010858,0.022113,0.005501,0.022170,0.011149,0.011223,0.005447
85740,85799,85770,869.730,32.121,153.150,24.892,1.397,0.165,0.007,15.350962,14.035450,11.842027,10.783323,10.300580,8.354674,7.937095,7.250082,6.828005,6.421833,6.231231,6.389108,6.574434,6.628142,5.301580,15.915233,4.736293,1.257380,0.566977,0.195164,0.038829,0.033712,0.039194,0.027638,0.016915,0.000000,0.000000,0.022088,0.016489,0.022431,0.005537,0.005688,0.000000,0.005574,0.005612,0.011045
85800,85859,85830,869.769,32.075,153.335,25.297,1.568,0.179,0.008,15.377348,13.638297,11.840277,10.912525,9.762335,8.896189,7.989190,7.460327,7.052092,6.548802,6.373858,6.731866,6.498023,6.207028,5.033541,16.072031,4.724885,1.250164,0.521268,0.072159,0.083501,0.067323,0.016873,0.049650,0.027952,0.000000,0.022188,0.005447,0.011225,0.010650,0.016685,0.016761,0.005556,0.022004,0.005669,0.011111
85860,85919,85890,869.833,32.019,149.130,25.196,1.577,0.181,0.008,14.387273,13.056021,11.317191,10.848966,9.600014,8.910404,7.738303,7.178060,6.509951,6.074088,6.239899,6.151478,6.634486,6.298516,5.013468,16.099257,4.882196,1.084783,0.503058,0.150401,0.117448,0.050540,0.055871,0.038792,0.027799,0.005688,0.011148,0.028217,0.011204,0.022187,0.028018,0.005593,0.033397,0.000000,0.005519,0.011112
85920,85979,85950,869.903,31.957,149.841,25.067,1.535,0.179,0.008,14.588999,12.921907,11.527591,10.474229,9.702815,8.337725,7.883527,7.792837,6.506020,6.386076,6.212951,6.186351,6.603111,6.472845,5.061136,16.164379,4.863044,1.199152,0.467409,0.094519,0.077901,0.050141,0.055712,0.038788,0.016455,0.016622,0.011176,0.010985,0.016893,0.011093,0.044001,0.010897,0.011060,0.011416,0.005631,0.005612
85980,86039,86010,869.992,31.913,150.983,25.674,1.679,0.187,0.008,14.633513,12.834800,11.691107,10.882545,9.563699,8.842626,8.300776,7.054456,6.819356,6.401535,6.156940,6.177232,6.776777,6.066531,5.108078,16.605570,4.758269,1.239868,0.547171,0.089216,0.100156,0.049573,0.021774,0.049951,0.033186,0.027874,0.016914,0.010879,0.005612,0.022583,0.027618,0.005574,0.016894,0.011186,0.011242,0.022280
86040,86099,86070,870.068,31.915,150.911,24.534,1.399,0.168,0.007,14.968507,12.767125,12.009509,10.537275,9.900618,8.414073,8.246863,7.460208,6.719819,6.033598,5.890946,6.236836,6.977211,6.403576,5.449034,15.848647,4.985859,1.215730,0.483988,0.094560,0.055824,0.038257,0.044794,0.011130,0.021602,0.011266,0.011244,0.005593,0.005631,0.010913,0.005519,0.022567,0.011093,0.005501,0.005631,0.000000
86100,86159,86130,870.160,31.875,154.995,25.054,1.425,0.168,0.007,15.466825,13.850555,11.721550,11.028079,10.278147,9.415728,8.307998,7.651714,6.789464,6.890876,6.207604,6.404694,6.500983,6.328019,5.321154,15.731737,5.042186,1.095827,0.495599,0.105405,0.072200,0.066383,0.049727,0.016742,0.027954,0.027781,0.027915,0.022448,0.000000,0.011168,0.005482,0.022059,0.000000,0.005669,0.005612,0.000000
86160,86219,86190,870.247,31.859,156.870,25.270,1.503,0.173,0.007,15.946410,14.264303,12.198168,11.821711,10.038280,9.151930,8.575142,7.782618,6.962440,6.712049,6.363250,6.338447,6.280066,6.100509,5.504191,16.091944,4.594200,1.172660,0.616689,0.090560,0.045052,0.039134,0.028139,0.000000,0.016655,0.011301,0.022777,0.000000,0.016711,0.022479,0.016839,0.017258,0.005594,0.000000,0.011209,0.011375
86220,86279,86250,870.319,31.853,157.866,25.489,1.522,0.173,0.007,16.396126,14.004200,12.755116,11.365824,10.580852,9.746051,8.318288,7.669812,6.728804,6.534239,6.575495,6.579412,6.434264,6.252295,5.269080,15.791230,4.683380,1.209081,0.544820,0.105788,0.088721,0.028085,0.044280,0.022241,0.011148,0.016705,0.005537,0.027457,0.011192,0.000000,0.011005,0.005411,0.016685,0.005537,0.005342,0.022566
86280,86339,86310,870.383,31.833,163.685,26.586,1.565,0.172,0.008,16.071278,14.231625,13.225422,11.774661,11.023076,9.788124,8.417356,7.512640,7.069685,7.091494,6.827149,7.251783,7.011196,7.055375,5.423054,16.838699,4.948511,1.118387,0.527889,0.094561,0.060573,0.072366,0.038542,0.027986,0.022031,0.022118,0.011149,0.011056,0.017045,0.050105,0.016520,0.022171,0.005556,0.000000,0.000000,0.005593
86340,86399,86370,870.468,31.817,190.245,31.727,1.858,0.173,0.009,16.567413,15.771546,14.844804,13.160705,12.422482,11.137527,10.214663,9.210855,8.772611,7.966928,8.127423,8.255102,8.584305,8.381098,6.999354,21.172089,6.206940,1.396032,0.529012,0.127084,0.072262,0.044264,0.016620,0.044478,0.021640,0.027570,0.016746,0.038230,0.005574,0.016457,0.038625,0.005342,0.027406,0.011283,0.005447,0.005411
