CampaignData_and_Merges/R0/CSL_MobileLab_Parked/raw/20240809/USOS-POPS_MobileLabGround_20240809_R0.ict
78, 1001
Thornberry, T. D.
NOAA Chemical Sciences Laboratory
Portable Optical Particle Spectrometer (POPS)
USOS
1, 1
2024, 08, 09, 2025, 05, 08
60
Time_Start, seconds_past_midnight, Start time of measurement
45
1, 1, 1, 1, 1, 1, 1, 1, 1, 1, 1, 1, 1, 1, 1, 1, 1, 1, 1, 1, 1, 1, 1, 1, 1, 1, 1, 1, 1, 1, 1, 1, 1, 1, 1, 1, 1, 1, 1, 1, 1, 1, 1, 1, 1
-9999, -9999, -9999, -9999, -9999, -9999, -9999, -9999, -9999, -9999, -9999, -9999, -9999, -9999, -9999, -9999, -9999, -9999, -9999, -9999, -9999, -9999, -9999, -9999, -9999, -9999, -9999, -9999, -9999, -9999, -9999, -9999, -9999, -9999, -9999, -9999, -9999, -9999, -9999, -9999, -9999, -9999, -9999, -9999, -9999
Time_Stop, seconds_past_midnight, Stop time of measurement
Time_Mid, seconds_past_midnight, Mid time of measurement
Press_mb, mb, Pressure reported (mb)
Temp_C, degrees C, POPS temperature measurement
Aerosol_concentration, cm^-3, Aerosol concentration
Surface_Area_Conc, um^2 cm^-3, Surface area concentration
Volume_density, um^3 cm^-3, Volume density
Effective_radius, um, Effective radius
Extinction, km^-1, Extinction
Bin01, cm^-3, particle concentration in size range [1401 - 146.3 nm]
Bin02, cm^-3, particle concentration in size range [146.3 - 152.8 nm]
Bin03, cm^-3, particle concentration in size range [152.8 - 159.6 nm]
Bin04, cm^-3, particle concentration in size range [159.6 - 166.8 nm]
Bin05, cm^-3, particle concentration in size range [166.8 - 174.2 nm]
Bin06, cm^-3, particle concentration in size range [174.2 - 181.9 nm]
Bin07, cm^-3, particle concentration in size range [181.9 - 190.0 nm]
Bin08, cm^-3, particle concentration in size range [190.0 - 198.5 nm]
Bin09, cm^-3, particle concentration in size range [198.5 - 207.4 nm]
Bin10, cm^-3, particle concentration in size range [207.4 - 216.6 nm]
Bin11, cm^-3, particle concentration in size range [216.6 - 226.2 nm]
Bin12, cm^-3, particle concentration in size range [226.2 - 236.3 nm]
Bin13, cm^-3, particle concentration in size range [236.3 - 246.8 nm]
Bin14, cm^-3, particle concentration in size range [246.8 - 257.8 nm]
Bin15, cm^-3, particle concentration in size range [257.8 - 269.3 nm]
Bin16, cm^-3, particle concentration in size range [269.3 - 343.4 nm]
Bin17, cm^-3, particle concentration in size range [343.4 - 450.7 nm]
Bin18, cm^-3, particle concentration in size range [450.7 - 525.9 nm]
Bin19, cm^-3, particle concentration in size range [525.9 - 618.5 nm]
Bin20, cm^-3, particle concentration in size range [618.5 - 710.0 nm]
Bin21, cm^-3, particle concentration in size range [710.0 - 822.7 nm]
Bin22, cm^-3, particle concentration in size range [822.7 - 885.9 nm]
Bin23, cm^-3, particle concentration in size range [885.9 - 953.9 nm]
Bin24, cm^-3, particle concentration in size range [953.9 - 1027.2 nm]
Bin25, cm^-3, particle concentration in size range [1027.2 - 1106.1 nm]
Bin26, cm^-3, particle concentration in size range [1106.1 - 1191.0 nm]
Bin27, cm^-3, particle concentration in size range [1191.0 - 1282.5 nm]
Bin28, cm^-3, particle concentration in size range [1282.5 - 1381.0 nm]
Bin29, cm^-3, particle concentration in size range [1381.0 - 1487.1 nm]
Bin30, cm^-3, particle concentration in size range [1487.1 - 1601.3 nm]
Bin31, cm^-3, particle concentration in size range [1601.3 - 1724.3 nm]
[...]
PLATFORM: NOAA CSL Mobile Lab
LOCATION: USOS
ASSOCIATED_DATA: N/A
INSTRUMENT_INFO: Printed Optical Particle Spectrometer counts particles from 140 - 2500 nm in diameter 
DATA_INFO: Particle concentrations reported in number per cubic centimeter,1 Hz data
UNCERTAINTY: Counting uncertainty dominated by air flow, less than 5 percent. Measurement range is ~0 - 3000 per cm3 (varies depending on flow rate- manufacturer quotes 1250 per cm3 at 1.667 cc/s)
ULOD_FLAG: -7777
ULOD_VALUE: N/A
LLOD_FLAG: -8888
LLOD_VALUE: N/A
DM_CONTACT_INFO: Troy Thornberry, 325 Broadway R/CSL6, Boulder, CO 80305; troy.thornberry@noaa.gov; 303-497-3373
PROJECT_INFO: USOS, Utah POPS data from NOAA CSL Mobile Lab
STIPULATIONS_ON_USE: Please contact the PIs for questions regarding applications and uncertainties
OTHER_COMMENTS: POPS bin Edges (nm):  140.1, 146.3, 152.8, 159.6, 166.8, 174.2, 181.9, 190.0, 198.5, 207.4, 216.6, 226.2, 236.3, 246.8, 257.8, 269.3, 343.4, 450.7, 525.9, 618.5, 710.0, 822.7, 885.9, 953.9, 1027.2, 1106.1, 1191.0, 1282.5, 1381.0, 1487.1, 1601.3, 1724.3, 1856.7, 1999.3, 2152.8, 2318.2, 2496.2
Calculations assume organic aerosol refractive index of 1.52+0.00j and extinction wavelength = 532 nm
REVISION: R0
R0: Final data
Time_Start, Time_Stop, Time_Mid, Press_mb, Temp_C, Aerosol_concentration, Surface_Area_Conc, Volume_density, Effective_radius, Extinction, Bin01, Bin02, Bin03, Bin04, Bin05, Bin06, Bin07, Bin08, Bin09, Bin10, Bin11, Bin12, Bin13, Bin14, Bin15, Bin16, Bin17, Bin18, Bin19, Bin20, Bin21, Bin22, Bin23, Bin24, Bin25, Bin26, Bin27, Bin28, Bin29, Bin30, Bin31, Bin32, Bin33, Bin34, Bin35, Bin36
[from data line 1294]
77640,77699,77670,870.161,33.687,96.223,16.784,1.180,0.197,0.005,8.172071,7.800494,6.884215,6.489597,6.336389,5.410109,5.095778,4.810674,4.352491,4.192485,4.332046,4.493065,4.604060,4.522885,3.697300,10.495232,3.204140,0.639944,0.356962,0.066604,0.055747,0.021968,0.010808,0.027526,0.011457,0.028184,0.022541,0.000000,0.005482,0.005342,0.016744,0.011205,0.010771,0.000000,0.022205,0.016631
77700,77759,77730,870.161,33.647,99.298,18.473,1.679,0.239,0.006,9.205403,8.528155,7.019950,6.736157,6.249130,5.686696,5.248476,4.839176,4.589729,4.252289,4.297016,4.499512,4.520777,4.366551,3.524393,11.006580,3.140889,0.707875,0.439411,0.055362,0.038884,0.045083,0.011026,0.033174,0.038646,0.016846,0.000000,0.011095,0.011098,0.028316,0.022083,0.022313,0.011243,0.016439,0.039177,0.038933
77760,77819,77790,870.166,33.621,98.900,17.265,1.273,0.203,0.005,9.920660,8.461557,7.265749,6.700300,6.244666,5.513542,5.239421,4.708346,4.419279,4.080336,4.383959,4.224911,4.427601,4.368309,3.780658,10.604878,3.107674,0.782282,0.290580,0.078127,0.033679,0.021979,0.011496,0.049801,0.016903,0.016613,0.016858,0.005688,0.000000,0.000000,0.061407,0.011428,0.016933,0.000000,0.017259,0.016939
77820,77879,77850,870.159,33.578,89.552,17.774,1.803,0.275,0.006,8.429487,6.861933,6.573745,6.084364,6.033533,4.853767,4.759549,4.305507,3.796588,3.768284,3.914892,3.817134,4.223534,3.854765,3.381133,10.312814,2.935616,0.729924,0.321513,0.082640,0.072132,0.011171,0.033255,0.038567,0.021831,0.050027,0.011224,0.022319,0.027933,0.032821,0.051031,0.033399,0.021731,0.027677,0.016687,0.039008
77880,77939,77910,870.138,33.579,84.474,15.414,1.139,0.206,0.005,8.055216,6.839458,6.185920,5.790150,5.209624,4.650817,4.485282,3.971172,3.543808,3.487124,3.525002,3.828133,3.815696,3.719402,3.069749,9.755473,3.047151,0.663901,0.375758,0.099764,0.055358,0.039195,0.033468,0.027375,0.022303,0.021866,0.016950,0.033522,0.016785,0.022470,0.022082,0.010965,0.011261,0.000000,0.005574,0.016371
77940,77999,77970,870.100,33.520,85.756,15.412,1.239,0.217,0.005,8.838372,7.754830,6.571858,5.896134,5.159518,4.607624,4.358918,4.220708,3.592504,3.459300,3.344354,3.880096,3.883053,3.752826,2.901158,9.524002,2.655314,0.609055,0.400541,0.033903,0.050036,0.027559,0.011319,0.022364,0.005650,0.005482,0.022541,0.011093,0.021715,0.011340,0.050181,0.010753,0.016676,0.011243,0.022470,0.011262
78000,78059,78030,870.100,33.517,81.618,16.058,1.551,0.261,0.006,7.061799,6.168250,5.653573,5.450969,4.975414,4.703232,4.197996,4.450132,3.624775,3.547004,3.724255,3.822212,4.030097,3.686626,3.059943,8.940899,2.901152,0.720329,0.382954,0.066305,0.038727,0.033251,0.044416,0.032910,0.027195,0.011300,0.038791,0.027689,0.033213,0.022224,0.022720,0.044768,0.011436,0.027987,0.022143,0.011205
78060,78119,78090,870.103,33.527,77.838,14.818,1.337,0.241,0.005,6.791513,6.098810,5.825249,5.122087,4.573433,4.662731,3.864456,3.725063,3.435338,3.636788,3.442472,3.750063,3.877939,3.370620,2.911488,8.736562,2.471027,0.758001,0.359119,0.077979,0.049822,0.027946,0.016522,0.044732,0.010753,0.010778,0.027576,0.015909,0.005556,0.016786,0.027824,0.027451,0.016261,0.011186,0.005556,0.032873
78120,78179,78150,870.055,33.458,77.277,13.713,0.965,0.193,0.004,6.655730,6.018919,5.618735,5.387856,4.827251,4.332388,4.244045,3.338751,3.798517,3.367536,3.226887,3.537087,3.826459,3.515470,3.090143,8.778977,2.496800,0.543639,0.334143,0.083276,0.071924,0.027760,0.011205,0.027688,0.005556,0.016504,0.005669,0.010879,0.005411,0.011261,0.005411,0.005447,0.022373,0.010929,0.000000,0.016685
78180,78239,78210,870.077,33.481,82.000,14.616,1.099,0.202,0.005,8.011365,6.761930,5.946222,5.828077,5.078096,4.486472,4.040936,4.110405,3.966557,3.652632,3.299176,3.488034,3.696278,3.463918,2.909009,9.293216,2.679327,0.665498,0.251202,0.094394,0.043540,0.027879,0.000000,0.033722,0.016668,0.016630,0.005747,0.028328,0.000000,0.010780,0.033406,0.011114,0.011130,0.016683,0.016822,0.005225
78240,78299,78270,870.074,33.525,71.983,16.355,2.148,0.347,0.006,6.361620,5.642891,5.360323,4.752047,4.432637,3.993405,3.761929,3.277629,3.137970,3.301495,3.029343,3.191560,3.310694,3.414074,2.574758,8.370658,2.441857,0.631016,0.319821,0.099323,0.027892,0.038610,0.011480,0.027511,0.027534,0.022132,0.016843,0.044422,0.038596,0.033811,0.072012,0.055743,0.067017,0.016398,0.039253,0.039136
78300,78359,78330,870.021,33.550,75.348,14.685,1.520,0.282,0.005,8.827563,7.268729,5.716720,5.346114,4.382982,4.047790,3.707739,3.458579,3.079198,3.146612,3.002349,2.901465,3.408794,3.149601,2.563324,7.620523,2.265793,0.615198,0.336660,0.044246,0.038421,0.043320,0.022095,0.016693,0.033312,0.010929,0.016510,0.022140,0.032893,0.038881,0.065931,0.027472,0.038936,0.005519,0.033490,0.011168
78360,78419,78390,869.987,33.576,72.739,14.187,1.382,0.266,0.005,8.332838,6.705958,5.439426,4.702713,4.349360,3.880822,3.409861,3.463742,3.263611,2.840031,3.015212,2.933384,3.054399,3.219891,2.510350,7.862972,2.301584,0.543758,0.415358,0.072172,0.077696,0.027314,0.016343,0.016970,0.044352,0.016432,0.033160,0.022430,0.000000,0.027902,0.033372,0.005727,0.033549,0.016817,0.005593,0.044000
78420,78479,78450,869.988,33.468,68.173,13.969,1.510,0.288,0.005,6.308448,5.445934,5.009615,4.494650,4.086108,3.740741,3.538292,3.266576,3.040822,2.723258,3.049968,3.213486,3.127915,3.123953,2.539271,7.872413,2.221472,0.591774,0.319168,0.055884,0.049381,0.033751,0.039113,0.011323,0.022242,0.005482,0.022429,0.011246,0.028410,0.005556,0.021956,0.022609,0.050606,0.028142,0.011300,0.039490
78480,78539,78510,869.971,33.465,76.734,14.147,1.308,0.246,0.005,9.308305,7.509881,6.310197,5.377261,4.771667,4.216322,3.680995,3.418497,3.020585,3.031108,2.949321,3.363073,3.082992,3.207449,2.428466,7.436752,2.223287,0.641043,0.333961,0.061497,0.038663,0.016651,0.016706,0.016599,0.022526,0.033274,0.011168,0.016532,0.044637,0.016781,0.033390,0.005482,0.027614,0.016671,0.016762,0.027848
78540,78599,78570,869.922,33.476,67.763,12.712,1.103,0.233,0.004,6.841540,6.251368,5.381033,4.441924,4.351683,3.877851,3.227705,3.051949,2.754547,2.852850,2.646386,2.703496,2.948342,2.964655,2.421755,7.567634,2.252170,0.549751,0.299753,0.049380,0.027155,0.016601,0.039590,0.027988,0.011387,0.011095,0.027511,0.022297,0.016895,0.010655,0.060813,0.011261,0.016631,0.000000,0.005394,0.022034
78600,78659,78630,869.938,33.429,67.525,13.150,1.396,0.278,0.005,6.752904,5.430418,4.840915,4.593500,4.193694,3.695228,3.475118,3.245743,3.139667,2.702699,2.922498,3.039850,3.050826,3.072010,2.487957,7.410584,2.311455,0.542969,0.255163,0.039212,0.033679,0.021646,0.022473,0.011058,0.016689,0.005482,0.016467,0.011151,0.022337,0.011167,0.011501,0.049498,0.039027,0.005631,0.022467,0.022246
78660,78719,78690,869.906,33.441,105.355,16.288,1.402,0.237,0.005,16.945683,13.667598,10.509455,8.915116,7.118664,5.946895,4.793575,4.441454,3.525617,3.291645,3.264126,3.294200,3.191867,2.909244,2.470751,7.603326,2.149156,0.513328,0.343048,0.044529,0.066333,0.055441,0.027730,0.016690,0.022511,0.027750,0.021841,0.016412,0.016560,0.005501,0.038921,0.033510,0.016412,0.011308,0.010965,0.027343
78720,78779,78750,869.857,33.418,89.127,14.925,1.393,0.255,0.005,14.972260,11.173175,8.261112,6.630615,5.343947,4.365177,3.902662,3.374858,3.059840,2.823120,2.705174,2.974535,3.151631,3.149394,2.473435,7.117916,2.312797,0.592343,0.311162,0.060926,0.044452,0.043983,0.010806,0.010788,0.016671,0.016438,0.022339,0.011002,0.039006,0.000000,0.027417,0.027935,0.027403,0.044635,0.022415,0.005519
78780,78839,78810,869.871,33.416,72.880,13.411,1.220,0.250,0.005,8.181199,6.709302,5.896733,5.473071,4.463495,3.617786,3.396528,3.180888,3.175004,2.941132,3.210166,3.027596,2.939363,3.013097,2.649858,7.391187,2.268766,0.576522,0.360402,0.054827,0.033199,0.044494,0.043994,0.016363,0.033448,0.016933,0.011205,0.005411,0.016782,0.027189,0.011300,0.027400,0.010550,0.016836,0.032779,0.005574
78840,78899,78870,869.837,33.441,85.301,14.535,1.262,0.238,0.005,12.913774,10.055496,7.369765,6.517879,4.987866,4.366950,3.589550,3.310541,2.849935,2.910677,2.916435,3.205060,2.982186,3.172493,2.557486,7.861045,2.256577,0.681194,0.350356,0.088582,0.055950,0.033486,0.022351,0.027821,0.022691,0.016686,0.022190,0.016685,0.000000,0.022243,0.017165,0.027886,0.016507,0.033639,0.016540,0.005342
78900,78959,78930,869.836,33.479,73.537,12.857,0.940,0.203,0.004,8.233622,7.073717,5.648742,5.122531,4.301383,3.967260,3.545224,3.256110,3.221599,3.015836,2.967376,3.186257,3.221343,3.228277,2.665843,7.171805,2.484563,0.584843,0.309315,0.044024,0.044456,0.049839,0.016489,0.016504,0.032961,0.005519,0.005429,0.022096,0.016694,0.000000,0.027735,0.005447,0.021851,0.005593,0.011058,0.005688
78960,79019,78990,869.846,33.538,79.079,13.784,1.004,0.201,0.005,8.985430,7.080132,5.927715,5.421032,4.879737,4.131237,3.775076,3.954584,3.482442,3.272179,3.370286,3.565255,3.371341,3.231801,2.721694,8.049309,2.422406,0.674470,0.396176,0.088534,0.083729,0.039143,0.011019,0.022076,0.005747,0.011093,0.011283,0.000000,0.005359,0.005747,0.021967,0.005464,0.028051,0.005556,0.011148,0.011112
79020,79079,79050,869.829,33.596,80.166,14.327,1.097,0.214,0.005,7.553573,6.492637,6.003174,5.498062,4.873040,4.720785,4.068179,3.735068,3.671547,3.450627,3.424828,3.797182,3.812871,3.452682,2.957369,8.703212,2.650014,0.606573,0.356433,0.066487,0.039102,0.022180,0.016624,0.000000,0.027189,0.021964,0.016717,0.017111,0.000000,0.005631,0.044302,0.022100,0.016587,0.010990,0.005359,0.005593
79080,79139,79110,869.859,33.617,79.781,13.707,0.859,0.175,0.004,6.820089,6.200737,5.594308,4.936273,5.120201,4.498765,4.507349,3.941840,3.632608,3.529344,3.733458,3.802755,3.965080,3.829196,2.920126,9.077790,2.591305,0.527423,0.300163,0.072048,0.022344,0.022661,0.022300,0.011167,0.011262,0.005593,0.000000,0.022563,0.016673,0.000000,0.005650,0.005556,0.011208,0.017207,0.005631,0.000000
79140,79199,79170,869.843,33.703,79.763,13.413,0.840,0.178,0.004,7.564320,6.588843,5.603844,5.516747,5.066576,4.453226,4.294063,3.983393,3.444137,3.487471,3.618497,3.419157,3.520935,3.767107,2.926858,8.773371,2.642720,0.559455,0.288860,0.061570,0.044138,0.022298,0.027382,0.005325,0.005291,0.005325,0.005612,0.010916,0.005669,0.010977,0.005669,0.016836,0.011300,0.000000,0.000000,0.005537
79200,79259,79230,869.778,33.645,81.772,14.075,0.927,0.183,0.004,7.776332,6.647779,6.107860,5.365474,5.136249,4.705114,4.264640,4.231339,3.654304,3.529606,3.347122,3.637291,3.806181,3.480848,2.934096,9.108584,2.694647,0.772604,0.316483,0.032694,0.050275,0.000000,0.033587,0.033438,0.016486,0.005650,0.011086,0.000000,0.022058,0.011050,0.005574,0.010879,0.000000,0.005727,0.000000,0.016657
79260,79319,79290,869.778,33.652,80.911,13.845,0.859,0.175,0.004,7.511974,6.629203,6.113235,5.636523,5.042154,4.508319,4.336784,3.786103,3.619890,3.363650,3.308410,3.576352,3.584072,3.946593,3.108386,8.763306,2.752385,0.717542,0.322434,0.067251,0.056064,0.049884,0.021794,0.016880,0.011074,0.011306,0.005274,0.000000,0.005669,0.000000,0.011224,0.000000,0.000000,0.005787,0.005464,0.016434
79320,79379,79350,869.771,33.653,78.783,13.269,0.806,0.175,0.004,6.679162,6.499449,5.833198,5.615325,5.076026,4.270015,4.156764,3.929960,3.470556,3.404268,3.250468,3.760690,3.707405,3.666643,2.986573,8.817338,2.563879,0.638369,0.231353,0.059896,0.044633,0.016596,0.010841,0.010823,0.005376,0.010895,0.005447,0.005612,0.011058,0.005574,0.011280,0.010736,0.005556,0.000000,0.011065,0.000000
79380,79439,79410,869.780,33.703,87.517,14.179,0.841,0.170,0.004,9.172147,7.956797,6.992806,6.131523,5.445484,4.900013,4.627948,4.140766,3.868669,3.602592,3.638283,3.682713,3.683390,3.575318,3.225023,9.047515,2.646111,0.618561,0.350145,0.044283,0.038941,0.022412,0.005669,0.005519,0.011135,0.000000,0.000000,0.005447,0.022134,0.016932,0.022224,0.016521,0.000000,0.000000,0.000000,0.000000
79440,79499,79470,869.771,33.715,83.506,13.921,0.799,0.167,0.004,8.306426,7.218462,6.389446,5.873142,4.750739,4.524271,4.237940,4.084493,3.916359,3.409355,3.675048,3.491899,3.874096,3.668361,3.253814,8.832945,2.709276,0.660894,0.310597,0.067605,0.062063,0.016939,0.055248,0.027657,0.027416,0.005650,0.011223,0.011380,0.005593,0.000000,0.016692,0.011282,0.000000,0.000000,0.000000,0.000000
79500,79559,79530,869.734,33.718,147.929,20.975,1.223,0.174,0.006,21.114630,17.634493,14.553101,13.220802,11.104800,9.311084,7.699132,6.905708,5.850585,5.160137,4.575181,4.570589,4.467562,3.911125,3.195588,9.781230,3.233518,0.765550,0.506989,0.038865,0.100186,0.033365,0.022274,0.022529,0.005688,0.005501,0.021960,0.026987,0.000000,0.016817,0.033625,0.000000,0.011377,0.016685,0.000000,0.010965
79560,79619,79590,869.744,33.669,83.322,13.618,0.827,0.174,0.004,8.383241,7.466735,6.502178,6.083647,5.525496,5.122625,4.378776,4.013105,3.819010,3.551244,3.241931,3.444403,3.424997,3.506093,2.680459,8.495375,2.441484,0.603262,0.310593,0.082812,0.077734,0.039187,0.027787,0.027585,0.016855,0.000000,0.016676,0.000000,0.000000,0.000000,0.016820,0.010968,0.000000,0.000000,0.000000,0.011079
79620,79679,79650,869.705,33.648,78.293,13.197,0.817,0.173,0.004,7.106382,6.591295,5.856467,5.490762,4.730250,4.420925,4.074764,3.853736,3.447433,3.297540,3.540069,3.379950,3.569015,3.579741,2.830610,8.756981,2.704686,0.655390,0.244596,0.017222,0.022299,0.017048,0.022078,0.000000,0.011167,0.000000,0.016760,0.000000,0.005767,0.016557,0.000000,0.005574,0.005669,0.010915,0.000000,0.011186
79680,79739,79710,869.690,33.578,78.421,13.483,0.926,0.190,0.004,7.659903,6.470397,5.621258,5.575869,4.826612,4.692923,4.238116,3.640236,3.582042,3.093751,3.458888,3.474463,3.600661,3.440653,2.623693,8.534968,2.672880,0.674604,0.256107,0.061074,0.050028,0.027732,0.011020,0.016644,0.027743,0.016509,0.005359,0.000000,0.011169,0.005501,0.005556,0.016687,0.000000,0.011263,0.005669,0.011205
79740,79799,79770,869.683,33.536,79.727,13.496,0.884,0.184,0.004,7.800567,6.814825,6.193664,5.058969,5.033650,4.485963,4.017105,3.849146,3.636508,3.342358,3.302074,3.606362,3.680287,3.586334,2.760759,8.785029,2.564435,0.625005,0.373092,0.033229,0.033061,0.016383,0.027786,0.016443,0.010985,0.005708,0.000000,0.000000,0.000000,0.027886,0.000000,0.016530,0.005708,0.005556,0.000000,0.011205
79800,79859,79830,869.665,33.589,77.287,12.816,0.717,0.159,0.004,6.938589,6.324719,5.632314,5.339386,4.548673,4.459741,4.014284,3.676833,3.548249,3.411529,3.595545,3.642766,3.641380,3.450981,2.909487,8.472948,2.535150,0.706470,0.287563,0.044068,0.033145,0.016603,0.005747,0.011150,0.005574,0.011242,0.000000,0.000000,0.000000,0.000000,0.000000,0.000000,0.005612,0.000000,0.005519,0.011377
79860,79919,79890,869.633,33.594,80.206,13.641,0.851,0.177,0.004,7.001315,6.286059,5.934904,5.519739,5.071187,4.735478,4.418395,3.703263,3.537940,3.493780,3.469183,3.574368,3.746969,3.685755,2.928029,9.425512,2.581146,0.569150,0.301013,0.060594,0.028211,0.011210,0.027804,0.011246,0.005650,0.011069,0.011186,0.016433,0.000000,0.000000,0.000000,0.005669,0.010930,0.000000,0.016912,0.005631
79920,79979,79950,869.605,33.659,91.952,14.780,0.919,0.173,0.004,9.489492,8.332536,7.289033,6.588727,6.170769,5.493834,5.082494,4.420559,4.082667,3.897808,3.583164,3.839281,4.018028,3.637329,3.072742,9.147980,2.680452,0.574827,0.313466,0.054904,0.022435,0.005593,0.021954,0.027731,0.010913,0.022248,0.010886,0.010788,0.005593,0.005612,0.000000,0.016600,0.005537,0.000000,0.010969,0.005376
79980,80039,80010,869.583,33.637,94.197,14.828,0.819,0.159,0.004,9.762483,8.238996,7.599425,7.085666,6.231185,5.611176,4.869637,4.713818,4.273344,4.082056,3.834478,4.121709,4.097202,3.856677,2.904218,9.074371,2.684489,0.617368,0.327603,0.061353,0.005787,0.016761,0.033159,0.011167,0.010684,0.011058,0.011024,0.016932,0.000000,0.011093,0.005650,0.005501,0.000000,0.005464,0.000000,0.005787
