CampaignData_and_Merges/R0/CSL_MobileLab_Parked/raw/20240809/USOS-NOAAIodideCIMS-OrgNitrs_MobileLabGround_20240809_RA.ict
37, 1001
Michael A Robinson, Chris Jernigan, Subi Thakali
NOAA ESRL Chemical Sciences Laboratory and CIRES, U. of Colorado
NOAA Iodide CIMS Instrument
USOS
1, 1
2024, 08, 09, 2024, 08, 10
1
starttime_UTC, seconds_past_midnight, seconds_of_day_since_00:00:00_UTC
5
1, 1, 1, 1, 1
-9999, -9999, -9999, -9999, -9999
C4H7NO5_NOAACIMS, pptv, Gas_C4H7NO5_InSitu_S_AVMR, 
ISOPN_NOAACIMS, pptv, Gas_ISOPN_InSitu_S_AVMR, 
C5H10O3_NOAACIMS, pptv, Gas_C5H10O3_InSitu_S_AVMR, 
C5H9NO5_NOAACIMS, pptv, Gas_C5H9NO5_InSitu_S_AVMR, 
C10H17NO4_NOAACIMS, pptv, Gas_C10H17NO4_InSitu_S_AVMR, 
0
18
PI_CONTACT_INFO: 325 Broadway, R/CSD 7, Boulder, Colorado 80305; michael.a.robinson@noaa.gov; chris.jernigan@noaa.gov;
PLATFORM: NOAA CSL Mobile Lab
LOCATION: SLC, Utah
ASSOCIATED_DATA: 1Hz data also available on request.
INSTRUMENT_INFO: NOAA I- ToF CIMS
DATA_INFO: All data in parts per trillion by volume (pptv). 1 Hz data is available upon request.
UNCERTAINTY: TBD
ULOD_FLAG: -7777
ULOD_VALUE: N/A
LLOD_FLAG: -8888
LLOD_VALUE: N/A
DM_CONTACT_INFO: Nathan Howard; nathan.h.howard@noaa.gov
PROJECT_INFO: USOS, summer 2024. https://csl.noaa.gov/groups/csl7/measurements/2024usos/
STIPULATIONS_ON_USE: Users are strongly encouraged to contact the PI for proper data usage.
OTHER_COMMENTS: 
REVISION: RA
RA: Preliminary Data; For in-field use only
starttime_UTC, C4H7NO5_NOAACIMS, ISOPN_NOAACIMS, C5H10O3_NOAACIMS, C5H9NO5_NOAACIMS, C10H17NO4_NOAACIMS
[from data line 638]
 38280,  4.558,  9.511, 46.733, 11.175,  1.660
 38340,  4.538,  9.283, 45.436, 11.287,  1.628
 38400,  4.641,  9.311, 46.707, 11.676,  1.678
 38460,  4.671,  9.231, 46.358, 11.767,  1.823
 38520,  4.611,  9.527, 46.933, 11.680,  1.707
 38580,  4.644,  9.452, 49.431, 11.663,  1.794
 38640,  4.688,  9.540, 48.691, 11.861,  1.685
 38700,  4.697,  9.766, 49.176, 11.797,  1.721
 38760,  4.667,  9.291, 48.561, 11.740,  1.730
 38820,  4.631,  9.340, 47.933, 11.697,  1.695
 38880,  4.491, 10.051, 46.338, 11.179,  1.569
 38940,  4.740,  9.541, 48.099, 11.837,  1.634
 39000,  4.792,  9.918, 49.208, 12.197,  1.549
 39060,  4.899, 10.135, 49.585, 12.175,  1.559
 39120,  4.886,  9.653, 49.399, 12.219,  1.579
 39180,  4.836, 10.028, 47.736, 12.054,  1.474
 39240,  4.930, 10.057, 48.308, 12.426,  1.578
 39300,  4.825,  9.919, 48.718, 12.412,  1.464
 39360,  4.818,  9.757, 47.103, 11.980,  1.463
 39420,  4.944, 10.292, 51.325, 12.408,  1.667
 39480,  4.843,  9.509, 49.550, 12.048,  1.624
 39540,  4.674,  9.748, 48.439, 11.722,  1.599
 39600,  4.700,  9.595, 48.127, 12.042,  1.706
 39660,  4.736,  9.749, 47.670, 11.903,  1.775
 39720,  4.844,  9.747, 46.354, 12.282,  1.511
 39780,  4.894, 10.187, 50.652, 12.894,  1.693
 39840,  4.867, 10.222, 48.892, 12.791,  1.620
 39900,  4.838, 10.277, 49.083, 13.051,  1.732
 39960,  4.846,  9.825, 49.020, 12.847,  1.685
 40020,  4.793,  9.353, 47.350, 12.420,  1.550
 40080,  4.787,  9.428, 48.486, 12.150,  1.678
 40140,  4.796,  9.659, 50.007, 12.160,  1.688
 40200,  4.830,  9.911, 48.418, 12.246,  1.672
 40260,  4.656,  9.651, 46.874, 11.810,  1.589
 40320,  4.635,  9.598, 46.127, 11.427,  1.716
 40380,  4.502,  9.395, 44.351, 11.488,  1.592
 40440,  4.677,  9.284, 44.489, 11.746,  1.467
 40500,  4.675,  9.265, 46.430, 11.583,  1.702
 40560,  4.638,  9.415, 45.208, 11.358,  1.635
 40620,  4.689,  9.359, 45.375, 11.278,  1.644
 40680, -9999.000, -9999.000, -9999.000, -9999.000, -9999.000
 40740,  4.316,  8.266, 38.939, 10.179,  1.125
 40800,  4.402,  8.528, 39.797, 10.751,  1.435
 40860,  4.488,  9.008, 44.302, 10.997,  1.515
 40920,  4.454,  8.638, 42.171, 11.167,  1.618
 40980,  4.624,  8.801, 42.754, 10.894,  1.592
 41040,  4.543,  8.719, 42.894, 11.024,  1.555
 41100,  4.699,  9.008, 42.808, 11.182,  1.632
 41160,  4.585,  8.576, 43.028, 10.877,  1.589
 41220,  4.495,  8.630, 45.166, 10.859,  1.572
 41280,  4.518,  8.313, 42.990, 10.875,  1.411
 41340,  4.384,  8.280, 42.519, 10.453,  1.528
 41400,  4.404,  8.382, 42.822, 10.464,  1.591
 41460,  4.371,  8.078, 41.908, 10.290,  1.609
 41520,  4.331,  8.311, 41.819, 10.621,  1.610
 41580,  4.382,  7.895, 42.886, 10.589,  1.650
 41640,  4.394,  8.288, 41.946, 10.450,  1.612
 41700,  4.350,  7.935, 42.495, 10.379,  1.645
 41760,  4.336,  8.108, 42.017, 10.157,  1.722
 41820,  4.346,  8.220, 42.449,  9.943,  1.740
 41880,  4.446,  8.155, 41.325, 10.574,  1.720
 41940,  4.471,  8.896, 44.371, 10.621,  1.904
 42000,  4.519,  8.416, 44.147, 10.641,  1.777
 42060,  4.447,  8.508, 42.700, 10.617,  1.751
 42120,  4.458,  8.446, 42.461, 10.574,  1.735
 42180,  4.434,  8.721, 43.207, 10.622,  1.679
 42240,  4.380,  8.504, 42.103, 10.253,  1.632
 42300,  4.377,  8.764, 43.942, 10.260,  1.729
 42360,  4.463,  8.926, 43.872, 10.851,  1.742
 42420,  4.505,  8.915, 42.590, 10.599,  1.550
 42480,  4.517,  9.132, 42.951, 10.492,  1.684
 42540,  4.647,  9.466, 45.722, 10.086,  1.487
 42600,  4.565,  8.918, 40.874, 10.240,  1.597
 42660,  4.554,  9.348, 43.670, 11.054,  1.785
 42720,  4.604,  9.730, 44.106, 11.089,  1.754
 42780,  4.399,  8.960, 41.442, 10.458,  1.725
 42840,  4.473,  9.296, 41.281, 10.747,  1.819
 42900,  4.614,  9.356, 42.317, 11.058,  1.803
 42960,  4.666,  9.470, 41.618, 11.287,  1.850
 43020,  4.787,  9.918, 43.057, 11.585,  1.810
 43080,  5.371, 13.496, 47.274, 14.508,  1.612
 43140,  5.241, 12.653, 46.697, 14.353,  1.411
 43200,  5.655, 14.699, 50.143, 16.674,  1.380
 43260,  5.613, 14.857, 54.642, 16.787,  1.473
 43320,  5.671, 15.284, 54.554, 16.948,  1.403
 43380,  5.740, 16.046, 56.863, 17.809,  1.466
 43440,  5.720, 15.880, 56.803, 17.561,  1.426
 43500,  5.887, 16.538, 55.990, 18.478,  1.390
 43560,  5.918, 16.969, 57.511, 19.084,  1.454
 43620,  5.953, 16.725, 60.981, 18.754,  1.537
 43680,  5.949, 16.699, 58.578, 18.869,  1.492
 43740,  5.983, 16.813, 60.360, 18.774,  1.750
 43800,  5.854, 16.023, 58.262, 18.374,  1.594
 43860,  5.886, 16.628, 58.474, 18.842,  1.544
 43920,  5.960, 16.330, 57.415, 18.691,  1.522
 43980,  5.956, 16.250, 58.149, 18.966,  1.634
 44040,  5.922, 16.421, 58.141, 18.596,  1.615
 44100,  6.136, 16.699, 60.964, 19.826,  1.740
 44160,  6.116, 16.552, 59.780, 19.218,  1.719
 44220,  5.902, 16.180, 57.262, 18.466,  1.762
 44280,  5.927, 16.231, 57.476, 18.617,  1.557
 44340,  5.985, 16.408, 57.240, 18.708,  1.677
 44400, -9999.000, -9999.000, -9999.000, -9999.000, -9999.000
 44460,  5.738, 15.876, 54.195, 17.474,  1.699
 44520,  5.958, 16.163, 55.639, 18.022,  1.892
 44580,  5.982, 16.070, 56.059, 18.394,  1.791
 44640,  6.117, 16.439, 58.959, 19.082,  2.174
 44700,  6.138, 16.586, 60.358, 19.399,  2.436
 44760,  5.933, 16.047, 60.246, 18.431,  2.346
 44820,  6.220, 17.008, 62.668, 19.408,  2.709
 44880,  6.292, 16.291, 62.583, 19.366,  2.648
 44940,  6.015, 15.836, 60.756, 18.386,  2.528
 45000,  5.962, 15.558, 58.179, 17.830,  2.332
 45060,  6.131, 15.805, 59.104, 18.123,  2.513
 45120,  6.010, 15.524, 59.011, 17.752,  2.499
 45180,  6.021, 16.011, 59.716, 17.700,  2.474
 45240,  6.092, 15.955, 59.420, 18.101,  2.469
 45300,  6.053, 15.523, 57.337, 18.052,  2.316
 45360,  5.752, 14.669, 56.114, 16.723,  2.282
 45420,  5.783, 15.036, 55.130, 16.716,  2.399
 45480,  5.997, 14.915, 56.329, 17.455,  2.424
 45540,  6.072, 14.948, 56.803, 17.192,  2.518
 45600,  5.929, 15.029, 54.939, 16.928,  2.469
 45660,  5.882, 15.003, 54.990, 16.921,  2.536
 45720,  6.035, 14.986, 54.412, 17.136,  2.394
 45780,  5.873, 14.443, 54.496, 16.620,  2.443
 45840,  5.830, 14.386, 53.395, 16.237,  2.492
 45900,  5.984, 14.607, 53.635, 16.842,  2.543
 45960,  6.035, 14.390, 54.257, 16.830,  2.585
 46020,  5.912, 14.351, 53.511, 16.558,  2.280
 46080,  5.948, 14.957, 55.265, 17.269,  2.024
 46140,  5.779, 14.100, 53.552, 16.698,  1.928
 46200,  5.836, 13.930, 55.123, 17.148,  1.911
 46260,  5.560, 12.369, 52.395, 16.096,  1.267
 46320,  5.588, 13.912, 54.001, 16.034,  1.690
 46380,  5.627, 13.795, 55.693, 16.724,  1.563
 46440,  5.642, 13.628, 55.914, 16.235,  1.552
 46500,  5.716, 13.268, 55.094, 16.045,  1.411
 46560,  5.673, 13.079, 56.567, 16.401,  1.505
 46620,  5.718, 13.577, 58.389, 16.272,  1.513
 46680,  5.609, 13.347, 56.957, 16.198,  1.591
 46740,  5.519, 12.930, 54.924, 15.329,  1.426
 46800,  5.420, 12.962, 55.402, 15.700,  1.334
 46860,  5.639, 14.861, 61.184, 17.842,  1.706
 46920,  6.064, 15.945, 65.458, 18.619,  2.159
 46980,  6.001, 14.888, 65.665, 17.994,  2.023
 47040,  5.840, 14.358, 62.285, 16.721,  1.912
 47100,  5.885, 14.056, 61.867, 16.541,  2.012
 47160,  5.910, 13.579, 59.188, 16.270,  1.924
 47220,  5.951, 13.022, 56.354, 15.766,  1.853
 47280,  5.914, 13.217, 55.806, 15.820,  1.965
 47340,  6.219, 14.102, 56.296, 16.193,  2.068
 47400,  6.076, 13.741, 56.223, 16.127,  1.908
 47460,  6.080, 13.483, 55.496, 15.713,  1.904
 47520,  5.895, 13.686, 56.739, 15.927,  1.719
 47580,  5.890, 12.884, 54.866, 15.437,  1.728
 47640,  5.893, 12.711, 53.517, 15.594,  1.704
 47700,  5.966, 13.051, 55.359, 15.089,  1.666
 47760,  5.951, 12.891, 54.135, 15.488,  1.765
 47820,  5.951, 12.870, 52.367, 14.940,  1.941
 47880,  5.873, 12.809, 50.380, 14.770,  1.983
 47940,  5.755, 12.557, 48.253, 14.802,  1.821
 48000,  5.978, 13.159, 50.574, 15.142,  1.664
 48060,  5.987, 12.448, 52.240, 15.057,  1.738
 48120, -9999.000, -9999.000, -9999.000, -9999.000, -9999.000
 48180,  6.031, 12.772, 48.938, 14.814,  1.553
 48240,  6.176, 12.644, 50.405, 15.462,  1.553
 48300,  6.076, 13.056, 49.133, 14.900,  1.742
 48360,  6.092, 12.722, 48.896, 14.880,  1.791
 48420,  6.217, 13.204, 48.650, 15.016,  1.837
 48480,  6.226, 12.845, 48.910, 15.180,  1.520
 48540,  6.405, 13.782, 49.076, 15.311,  1.882
 48600,  6.546, 13.772, 49.341, 15.350,  1.960
 48660,  6.512, 13.608, 49.045, 15.578,  1.895
 48720,  6.460, 13.582, 49.414, 15.455,  1.840
 48780,  6.471, 13.533, 47.092, 15.355,  1.814
 48840,  6.550, 13.440, 47.361, 15.368,  1.984
 48900,  6.547, 13.586, 48.028, 14.899,  1.994
 48960,  6.551, 13.628, 46.074, 14.776,  2.048
 49020,  6.661, 13.848, 47.406, 14.858,  2.007
 49080,  6.734, 14.035, 46.353, 15.233,  1.997
 49140,  6.781, 13.820, 45.297, 15.174,  1.984
 49200,  6.874, 14.442, 45.938, 15.118,  2.044
 49260,  6.920, 14.124, 44.282, 15.088,  2.081
 49320,  6.854, 14.069, 44.792, 15.239,  1.991
 49380,  6.843, 14.113, 46.214, 15.376,  2.309
 49440,  6.919, 13.844, 44.301, 15.133,  2.415
 49500,  6.902, 14.313, 47.580, 15.465,  2.123
 49560,  7.081, 14.667, 47.736, 15.619,  2.067
 49620,  7.066, 13.928, 48.365, 15.445,  1.852
 49680,  7.028, 14.412, 50.000, 15.388,  1.862
 49740,  6.998, 14.025, 50.772, 15.059,  2.000
 49800,  6.960, 14.152, 50.904, 15.014,  1.795
 49860,  6.969, 14.418, 52.161, 14.970,  1.830
 49920,  6.764, 13.861, 52.786, 15.242,  1.669
 49980,  7.047, 14.823, 51.927, 14.624,  1.470
 50040,  7.052, 14.547, 53.073, 15.040,  1.635
 50100,  7.182, 15.015, 52.609, 15.233,  1.731
 50160,  7.144, 14.840, 53.262, 15.019,  1.881
 50220,  7.192, 14.561, 53.229, 15.053,  1.780
 50280,  7.098, 14.836, 53.330, 14.899,  1.701
 50340,  7.160, 14.824, 55.797, 14.780,  1.606
 50400,  7.320, 15.256, 57.676, 15.324,  1.383
 50460,  7.303, 14.960, 59.796, 15.209,  1.341
 50520,  7.364, 15.436, 62.047, 15.310,  1.336
 50580,  7.344, 15.640, 62.302, 15.464,  1.227
 50640,  7.357, 15.799, 63.973, 15.256,  1.212
 50700,  7.369, 16.119, 62.854, 14.885,  1.190
 50760,  7.423, 16.208, 62.987, 14.702,  1.193
 50820,  7.338, 16.235, 61.330, 14.546,  1.185
 50880,  7.478, 16.059, 64.684, 14.971,  1.040
 50940,  7.642, 16.580, 67.412, 14.853,  1.160
 51000,  7.694, 16.915, 65.297, 15.057,  1.098
 51060,  7.621, 17.394, 65.622, 14.634,  1.210
 51120,  7.810, 17.110, 65.739, 15.103,  1.154
 51180,  7.848, 17.578, 65.977, 14.891,  1.253
 51240,  7.933, 18.256, 66.939, 14.879,  1.274
 51300,  7.898, 18.694, 66.487, 14.983,  1.137
 51360,  8.022, 19.353, 66.625, 15.142,  1.186
 51420,  8.122, 19.255, 67.524, 15.024,  1.191
 51480,  8.113, 20.100, 66.026, 14.844,  1.297
 51540,  8.105, 20.052, 67.391, 15.040,  1.451
 51600,  8.197, 20.323, 61.856, 14.541,  1.496
 51660,  8.237, 20.374, 59.425, 14.372,  1.630
 51720,  8.241, 20.176, 55.754, 14.287,  1.945
 51780, -9999.000, -9999.000, -9999.000, -9999.000, -9999.000
 51840,  8.061, 19.656, 43.137, 12.514,  2.416
 51900,  8.043, 19.600, 42.281, 12.610,  2.493
 51960,  8.121, 19.581, 42.205, 12.412,  2.673
 52020,  8.303, 19.909, 41.364, 12.650,  3.028
 52080,  8.314, 21.749, 41.284, 12.685,  3.016
 52140,  8.375, 21.534, 40.593, 13.075,  2.849
 52200,  8.475, 21.868, 41.618, 12.912,  3.005
 52260,  8.481, 22.138, 40.986, 12.575,  2.854
 52320,  8.597, 22.624, 41.123, 12.963,  2.916
 52380,  8.635, 22.727, 41.178, 12.910,  3.135
 52440,  8.593, 23.105, 42.528, 12.672,  3.063
 52500,  8.678, 22.278, 39.943, 13.019,  3.057
 52560,  8.659, 23.215, 40.295, 12.857,  3.059
 52620,  8.713, 22.495, 39.567, 12.956,  3.124
 52680,  8.735, 22.047, 40.234, 13.070,  3.161
 52740,  8.739, 22.805, 41.064, 13.068,  3.010
 52800,  8.739, 23.046, 41.511, 12.770,  2.965
 52860,  8.928, 21.434, 40.890, 13.365,  2.846
 52920,  8.824, 22.289, 43.327, 13.240,  2.901
 52980,  8.930, 22.647, 42.281, 13.308,  2.731
 53040,  8.983, 21.982, 43.677, 13.366,  2.668
 53100,  9.022, 21.684, 43.744, 13.290,  2.775
 53160,  8.856, 20.914, 45.348, 13.325,  2.747
 53220,  8.727, 21.313, 43.952, 12.868,  2.714
 53280,  8.346, 20.185, 43.843, 12.466,  2.495
 53340,  7.840, 19.352, 45.324, 12.127,  2.625
 53400,  7.572, 18.346, 44.039, 11.769,  2.383
 53460,  7.315, 16.294, 44.673, 11.108,  2.255
 53520,  7.329, 16.899, 44.844, 11.057,  2.218
 53580,  7.418, 18.360, 44.627, 11.007,  2.220
 53640, -9999.000, -9999.000, -9999.000, -9999.000, -9999.000
 53700,  7.187, 17.297, 42.975, 10.437,  1.971
 53760,  7.176, 17.867, 43.062, 10.587,  2.189
 53820,  7.104, 17.977, 42.009, 10.393,  2.046
 53880,  7.191, 18.679, 42.507, 10.440,  2.263
 53940,  7.291, 19.168, 41.758, 10.481,  2.135
 54000,  7.360, 19.856, 41.537, 10.898,  2.209
 54060, -9999.000, -9999.000, -9999.000, -9999.000, -9999.000
 54120, -9999.000, -9999.000, -9999.000, -9999.000, -9999.000
 54180, -9999.000, -9999.000, -9999.000, -9999.000, -9999.000
 54240, -9999.000, -9999.000, -9999.000, -9999.000, -9999.000
 54300, -9999.000, -9999.000, -9999.000, -9999.000, -9999.000
 54360, -9999.000, -9999.000, -9999.000, -9999.000, -9999.000
 54420, -9999.000, -9999.000, -9999.000, -9999.000, -9999.000
 54480, -9999.000, -9999.000, -9999.000, -9999.000, -9999.000
 54540, -9999.000, -9999.000, -9999.000, -9999.000, -9999.000
 54600, -9999.000, -9999.000, -9999.000, -9999.000, -9999.000
 54660, -9999.000, -9999.000, -9999.000, -9999.000, -9999.000
 54720, -9999.000, -9999.000, -9999.000, -9999.000, -9999.000
 54780, -9999.000, -9999.000, -9999.000, -9999.000, -9999.000
 54840, -9999.000, -9999.000, -9999.000, -9999.000, -9999.000
 54900, -9999.000, -9999.000, -9999.000, -9999.000, -9999.000
 54960, -9999.000, -9999.000, -9999.000, -9999.000, -9999.000
 55020, -9999.000, -9999.000, -9999.000, -9999.000, -9999.000
 55080, -9999.000, -9999.000, -9999.000, -9999.000, -9999.000
 55140, -9999.000, -9999.000, -9999.000, -9999.000, -9999.000
 55200, -9999.000, -9999.000, -9999.000, -9999.000, -9999.000
 55260, -9999.000, -9999.000, -9999.000, -9999.000, -9999.000
 55320, -9999.000, -9999.000, -9999.000, -9999.000, -9999.000
 55380, -9999.000, -9999.000, -9999.000, -9999.000, -9999.000
 55440, -9999.000, -9999.000, -9999.000, -9999.000, -9999.000
 55500, -9999.000, -9999.000, -9999.000, -9999.000, -9999.000
 55560, -9999.000, -9999.000, -9999.000, -9999.000, -9999.000
 55620, -9999.000, -9999.000, -9999.000, -9999.000, -9999.000
 55680, -9999.000, -9999.000, -9999.000, -9999.000, -9999.000
 55740, -9999.000, -9999.000, -9999.000, -9999.000, -9999.000
 55800, -9999.000, -9999.000, -9999.000, -9999.000, -9999.000
 55860, -9999.000, -9999.000, -9999.000, -9999.000, -9999.000
 55920, -9999.000, -9999.000, -9999.000, -9999.000, -9999.000
 55980, -9999.000, -9999.000, -9999.000, -9999.000, -9999.000
 56040, -9999.000, -9999.000, -9999.000, -9999.000, -9999.000
 56100, -9999.000, -9999.000, -9999.000, -9999.000, -9999.000
 56160, -9999.000, -9999.000, -9999.000, -9999.000, -9999.000
 56220, -9999.000, -9999.000, -9999.000, -9999.000, -9999.000
 56280, -9999.000, -9999.000, -9999.000, -9999.000, -9999.000
 56340, -9999.000, -9999.000, -9999.000, -9999.000, -9999.000
 56400, -9999.000, -9999.000, -9999.000, -9999.000, -9999.000
 56460, -9999.000, -9999.000, -9999.000, -9999.000, -9999.000
 56520, -9999.000, -9999.000, -9999.000, -9999.000, -9999.000
 56580, -9999.000, -9999.000, -9999.000, -9999.000, -9999.000
 56640, -9999.000, -9999.000, -9999.000, -9999.000, -9999.000
 56700, -9999.000, -9999.000, -9999.000, -9999.000, -9999.000
 56760, -9999.000, -9999.000, -9999.000, -9999.000, -9999.000
 56820, -9999.000, -9999.000, -9999.000, -9999.000, -9999.000
 56880, -9999.000, -9999.000, -9999.000, -9999.000, -9999.000
 56940, -9999.000, -9999.000, -9999.000, -9999.000, -9999.000
 57000, -9999.000, -9999.000, -9999.000, -9999.000, -9999.000
 57060, -9999.000, -9999.000, -9999.000, -9999.000, -9999.000
 57120, -9999.000, -9999.000, -9999.000, -9999.000, -9999.000
 57180, -9999.000, -9999.000, -9999.000, -9999.000, -9999.000
 57240, -9999.000, -9999.000, -9999.000, -9999.000, -9999.000
 57300, -9999.000, -9999.000, -9999.000, -9999.000, -9999.000
 57360, -9999.000, -9999.000, -9999.000, -9999.000, -9999.000
 57420, -9999.000, -9999.000, -9999.000, -9999.000, -9999.000
