CampaignData_and_Merges/R0/CSL_MobileLab_Parked/raw/20240809/USOS-jNO2_MobileLabGround_20240809_R0.ict
52,1001
Waxman, E.; Rollins, A.; Zuraski, K.; Chace, W.
NOAA Chemical Sciences Laboratory
jNO2 filter radiometer on CSL Mobile Lab
AMMBEC / USOS
1, 1
2024,08,09, 2025,04,01
60
Time_Start, seconds, number_of_seconds_since_0000_UTC
20
1, 1, 1, 1, 1, 1, 1, 1, 1, 1, 1, 1, 1, 1, 1, 1, 1, 1, 1, 1
-9999, -9999, -9999, -9999, -9999, -9999, -9999, -9999, -9999, -9999, -9999, -9999, -9999, -9999, -9999, -9999, -9999, -9999, -9999, -9999
Time_Stop, seconds, number_of_seconds_since_0000_UTC
jNO2_meas, per second, photolysis rate of NO2 measured using a filter radiometer.
jBrCl, per second, photolysis rate of BrCl -> Br + Cl calculated in TUV for cloud-free sky with local AOD
jBr2, per second, photolysis rate of Br2 -> Br + Br calculated in TUV for cloud-free sky with local AOD
jCCl4, per second, photolysis rate of CCl4 -> Products calcualted in TUV for cloud-free sky with local AOD
jCH2Oa, per second, photolysis rate of CH2O -> H + HCO calculated in TUV for cloud-free sky with local AOD
jCH2Ob, per second, photolysis rate of CH2O -> H2 + CO calculated in TUV for cloud-free sky with local AOD
jClNO2, per second, photolysis rate of ClNO2 -> Cl + NO2 calculated in TUV for cloud-free sky with local AOD
jClOa, per second, photolysis rate of ClO -> Cl + O(1D) calculated in TUV for cloud-free sky with local AOD
jClOb, per second, photolysis rate of ClO -> Cl + O(3P) calculated in TUV for cloud-free sky with local AOD
jCl2, per second, photolysis rate of Cl2 -> Cl + Cl calculated in TUV for cloud-free sky with local AOD
jHNO2, per second, photolysis rate of HNO2 -> OH + NO calculated in TUV for cloud-free sky with local AOD
jHNO3, per second, photolysis rate of HNO3 -> OH + NO2 calculated in TUV for cloud-free sky with local AOD
jI2, per second, photolysis rate of I2 -> I + I calculated in TUV for cloud-free sky with local AOD
jNO2, per second, photolysis rate of NO2 -> NO + O(3P) calculated in TUV for cloud-free sky with local AOD
jNO3a, per second, photolysis rate of NO3 -> NO + O2 calculated in TUV for cloud-free sky with local AOD
jNO3b, per second, photolysis rate of NO3 -> NO2 + O(3P) calculated in TUV for cloud-free sky with local AOD
jN2O5, per second, photolysis rate of N2O5 -> NO3 + NO + O(3P) calculated in TUV for cloud-free sky with local AOD
jO3, per second, photolysis rate of O3 -> O2 + O(1D) calculated in TUV for cloud-free sky with local AOD
AOD_500nm, unitless, UTC daily mean AOD at 500 nm from an AERONET station located at 40.178 N, -112.452 E
0
18
PI_CONTACT_INFO: eleanor.waxman@noaa.gov
PLATFORM: CSL Mobile Lab, at ground site
LOCATION: Salt Lake City, UT
ASSOCIATED_DATA:
INSTRUMENT_INFO: jNO2 filter radiometer.  TUV calculations are for mobile van lat/lon/altitude assuming clear sky (cloud AOD = 0) and daily mean AOD.
DATA_INFO:
UNCERTAINTY: Data uncertainties are +/- 20%.  These come from uncertainties in radiometer angular response, radiometer thermal response, local interferences from clouds/aerosols/shadows etc.
ULOD_FLAG: -7777
ULOD_VALUE: N/A
LLOD_FLAG: -8888
LLOD_VALUE: N/A
DM_CONTACT_INFO: eleanor.waxman@noaa.gov
PROJECT_INFO: USOS Project, July - August 2024
STIPULATIONS_ON_USE: Users are strongly encouraged to contact the PI for proper data usage.
OTHER_COMMENTS: 
REVISION: R0
R0: final data
Time_Start, Time_Stop, jNO2_meas, jBrCl, jBr2, jCCl4, jCH2Oa, jCH2Ob, jClNO2, jClOa, jClOb, jCl2, jHNO2, jHNO3, jI2, jNO2, jNO3a, jNO3b, jN2O5, jO3, AOD_500nm
[from data line 1401]
   84060,   84120,0.0038907,0.008176,0.02597,3.099e-25,1.727e-05,2.963e-05,0.0002948,1.086e-25,1.616e-05,0.001552,0.001047,2.595e-07,0.09625,0.006595,0.01903,0.1503,2.507e-05,1.018e-05,0.186
   84120,   84180,0.0036514,0.008149,0.0259,3.031e-25,1.714e-05,2.945e-05,0.0002932,1.063e-25,1.596e-05,0.001544,0.001042,2.571e-07,0.09604,0.006568,0.019,0.15,2.491e-05,1.005e-05,0.186
   84180,   84240,0.0033059,0.008123,0.02583,2.969e-25,1.702e-05,2.929e-05,0.0002916,1.041e-25,1.578e-05,0.001537,0.001038,2.548e-07,0.09584,0.006542,0.01897,0.1497,2.477e-05,9.924e-06,0.186
   84240,   84300,0.0030784,0.008095,0.02576,2.905e-25,1.689e-05,2.911e-05,0.0002899,1.019e-25,1.558e-05,0.00153,0.001033,2.524e-07,0.09563,0.006514,0.01893,0.1494,2.461e-05,9.794e-06,0.186
   84300,   84360,0.0028062,0.008067,0.02569,2.843e-25,1.676e-05,2.894e-05,0.0002882,9.973e-26,1.538e-05,0.001522,0.001028,2.5e-07,0.09541,0.006486,0.01889,0.1491,2.445e-05,9.665e-06,0.186
   84360,   84420,0.0025828,0.008041,0.02562,2.786e-25,1.663e-05,2.877e-05,0.0002866,9.776e-26,1.519e-05,0.001515,0.001024,2.477e-07,0.0952,0.00646,0.01886,0.1488,2.431e-05,9.544e-06,0.186
   84420,   84480,0.0023908,0.008012,0.02554,2.728e-25,1.65e-05,2.86e-05,0.0002849,9.573e-26,1.5e-05,0.001507,0.001019,2.453e-07,0.09498,0.006431,0.01882,0.1485,2.415e-05,9.416e-06,0.186
   84480,   84540,0.0022209,0.007984,0.02547,2.672e-25,1.637e-05,2.842e-05,0.0002832,9.376e-26,1.48e-05,0.001499,0.001014,2.429e-07,0.09476,0.006403,0.01879,0.1481,2.399e-05,9.289e-06,0.186
   84540,   84600,0.0020721,0.007957,0.0254,2.62e-25,1.625e-05,2.825e-05,0.0002816,9.196e-26,1.462e-05,0.001492,0.00101,2.406e-07,0.09455,0.006376,0.01875,0.1478,2.384e-05,9.17e-06,0.186
   84600,   84660,0.0019427,0.007927,0.02532,2.566e-25,1.612e-05,2.807e-05,0.0002798,9.008e-26,1.442e-05,0.001484,0.001005,2.382e-07,0.09432,0.006347,0.01871,0.1475,2.368e-05,9.043e-06,0.186
   84660,   84720,0.0018163,0.007898,0.02525,2.513e-25,1.599e-05,2.789e-05,0.0002781,8.827e-26,1.423e-05,0.001476,0.0009996,2.358e-07,0.09409,0.006318,0.01867,0.1471,2.352e-05,8.918e-06,0.186
   84720,   84780,0.0016983,0.00787,0.02517,2.465e-25,1.586e-05,2.772e-05,0.0002764,8.661e-26,1.405e-05,0.001469,0.0009949,2.335e-07,0.09387,0.00629,0.01864,0.1468,2.337e-05,8.8e-06,0.186
   84780,   84840,0.0015826,0.00784,0.02509,2.416e-25,1.573e-05,2.753e-05,0.0002747,8.489e-26,1.386e-05,0.001461,0.0009898,2.311e-07,0.09363,0.00626,0.0186,0.1465,2.32e-05,8.676e-06,0.186
   84840,   84900,0.0014717,0.00781,0.02501,2.367e-25,1.56e-05,2.735e-05,0.0002729,8.323e-26,1.367e-05,0.001453,0.0009847,2.287e-07,0.09339,0.006231,0.01856,0.1461,2.304e-05,8.553e-06,0.186
   84900,   84960,0.0013663,0.007781,0.02494,2.323e-25,1.547e-05,2.718e-05,0.0002712,8.169e-26,1.349e-05,0.001445,0.0009799,2.265e-07,0.09316,0.006202,0.01852,0.1458,2.289e-05,8.436e-06,0.186
   84960,   85020,0.0012714,0.00775,0.02486,2.277e-25,1.534e-05,2.699e-05,0.0002695,8.011e-26,1.33e-05,0.001437,0.0009747,2.241e-07,0.09292,0.006172,0.01848,0.1454,2.273e-05,8.314e-06,0.186
   85020,   85080,0.0011838,0.007719,0.02478,2.232e-25,1.521e-05,2.681e-05,0.0002677,7.857e-26,1.311e-05,0.001429,0.0009695,2.217e-07,0.09267,0.006142,0.01844,0.145,2.256e-05,8.193e-06,0.186
   85080,   85140,0.0011061,0.00769,0.0247,2.191e-25,1.508e-05,2.663e-05,0.000266,7.716e-26,1.293e-05,0.001421,0.0009646,2.194e-07,0.09244,0.006113,0.0184,0.1447,2.241e-05,8.079e-06,0.186
   85140,   85200,0.0010351,0.007658,0.02462,2.149e-25,1.495e-05,2.645e-05,0.0002642,7.57e-26,1.275e-05,0.001412,0.0009594,2.171e-07,0.09219,0.006082,0.01835,0.1443,2.224e-05,7.959e-06,0.186
   85200,   85260,0.00096937,0.007627,0.02453,2.108e-25,1.481e-05,2.626e-05,0.0002624,7.427e-26,1.256e-05,0.001404,0.0009541,2.147e-07,0.09193,0.006051,0.01831,0.144,2.208e-05,7.84e-06,0.186
   85260,   85320,0.00090977,0.007596,0.02445,2.07e-25,1.469e-05,2.608e-05,0.0002607,7.296e-26,1.239e-05,0.001396,0.000949,2.124e-07,0.09169,0.006021,0.01827,0.1436,2.192e-05,7.728e-06,0.186
   85320,   85380,0.00085633,0.007564,0.02437,2.03e-25,1.455e-05,2.589e-05,0.0002588,7.161e-26,1.221e-05,0.001388,0.0009437,2.1e-07,0.09143,0.00599,0.01823,0.1432,2.175e-05,7.61e-06,0.186
   85380,   85440,0.00081156,0.007531,0.02428,1.992e-25,1.442e-05,2.57e-05,0.000257,7.029e-26,1.202e-05,0.001379,0.0009383,2.077e-07,0.09116,0.005958,0.01818,0.1428,2.159e-05,7.492e-06,0.186
   85440,   85500,0.00076294,0.007501,0.0242,1.957e-25,1.429e-05,2.552e-05,0.0002553,6.908e-26,1.185e-05,0.001371,0.0009332,2.055e-07,0.09091,0.005928,0.01814,0.1424,2.143e-05,7.383e-06,0.186
   85500,   85560,0.00072541,0.007467,0.02411,1.921e-25,1.416e-05,2.533e-05,0.0002534,6.783e-26,1.167e-05,0.001363,0.0009277,2.031e-07,0.09064,0.005896,0.01809,0.142,2.126e-05,7.267e-06,0.186
   85560,   85620,0.00068415,0.007434,0.02402,1.885e-25,1.402e-05,2.514e-05,0.0002516,6.66e-26,1.149e-05,0.001354,0.0009222,2.007e-07,0.09037,0.005863,0.01805,0.1416,2.109e-05,7.152e-06,0.186
   85620,   85680,0.00065012,0.007402,0.02394,1.852e-25,1.389e-05,2.495e-05,0.0002498,6.547e-26,1.133e-05,0.001346,0.000917,1.985e-07,0.09011,0.005833,0.018,0.1413,2.093e-05,7.045e-06,0.186
   85680,   85740,0.0006111,0.007368,0.02385,1.818e-25,1.376e-05,2.476e-05,0.0002479,6.431e-26,1.115e-05,0.001337,0.0009114,1.962e-07,0.08983,0.0058,0.01796,0.1409,2.077e-05,6.931e-06,0.186
   85740,   85800,0.00057526,0.007334,0.02375,1.785e-25,1.362e-05,2.457e-05,0.0002461,6.317e-26,1.097e-05,0.001328,0.0009058,1.938e-07,0.08955,0.005767,0.01791,0.1404,2.06e-05,6.819e-06,0.186
   85800,   85860,0.00054146,0.007301,0.02367,1.755e-25,1.35e-05,2.438e-05,0.0002443,6.212e-26,1.081e-05,0.00132,0.0009005,1.916e-07,0.08929,0.005735,0.01786,0.14,2.044e-05,6.714e-06,0.186
   85860,   85920,0.00051584,0.007267,0.02357,1.723e-25,1.336e-05,2.419e-05,0.0002424,6.104e-26,1.064e-05,0.001311,0.0008948,1.893e-07,0.089,0.005702,0.01782,0.1396,2.027e-05,6.603e-06,0.186
   85920,   85980,0.00049022,0.007231,0.02348,1.693e-25,1.322e-05,2.399e-05,0.0002405,5.997e-26,1.046e-05,0.001302,0.0008891,1.869e-07,0.08871,0.005668,0.01777,0.1392,2.009e-05,6.493e-06,0.186
   85980,   86040,0.00047246,0.007198,0.02339,1.664e-25,1.31e-05,2.38e-05,0.0002387,5.899e-26,1.03e-05,0.001294,0.0008837,1.848e-07,0.08843,0.005636,0.01772,0.1388,1.993e-05,6.39e-06,0.186
   86040,   86100,0.00045721,0.007162,0.02329,1.635e-25,1.296e-05,2.361e-05,0.0002368,5.798e-26,1.013e-05,0.001285,0.0008779,1.824e-07,0.08813,0.005602,0.01767,0.1383,1.976e-05,6.282e-06,0.186
   86100,   86160,0.00044761,0.007126,0.0232,1.606e-25,1.282e-05,2.341e-05,0.0002349,5.699e-26,9.964e-06,0.001276,0.0008721,1.801e-07,0.08783,0.005567,0.01762,0.1379,1.959e-05,6.174e-06,0.186
   86160,   86220,0.0004381,0.007092,0.0231,1.579e-25,1.27e-05,2.322e-05,0.0002331,5.608e-26,9.807e-06,0.001267,0.0008666,1.78e-07,0.08755,0.005534,0.01757,0.1375,1.943e-05,6.074e-06,0.186
   86220,   86280,0.00043221,0.007056,0.023,1.552e-25,1.256e-05,2.302e-05,0.0002312,5.513e-26,9.641e-06,0.001258,0.0008607,1.757e-07,0.08724,0.0055,0.01752,0.137,1.925e-05,5.969e-06,0.186
   86280,   86340,0.00043579,0.007019,0.0229,1.525e-25,1.242e-05,2.282e-05,0.0002292,5.42e-26,9.475e-06,0.001249,0.0008548,1.734e-07,0.08693,0.005464,0.01746,0.1365,1.908e-05,5.863e-06,0.186
   86340,   86400,0.00044744,0.006984,0.02281,1.5e-25,1.23e-05,2.263e-05,0.0002274,5.334e-26,9.321e-06,0.00124,0.0008492,1.712e-07,0.08664,0.005431,0.01741,0.1361,1.892e-05,5.766e-06,0.186
