CampaignData_and_Merges/R0/CSL_MobileLab_Parked/raw/20240809/USOS-HCHO_MobileLabGround_20240809_R0.ict
35,1001
Huang, Yaoxian
Wayne State University
Picarro G2307 on CSL Mobile Lab
USOS
1,1
2024,08,09,2024,08,13
1.0
Time_Start,seconds_since_midnight,number_of_seconds_since_0000_UTC
3
1.0,1.0,1.0
-9999.0,-9999.0,-9999.0
HCHO,ppbv,Gas_HCHO_InSitu_S_AVMR,volume mixing ratio of formaldehyde in air
H2O,ppmv,Gas_H2O_InSitu_S_AVMR,volume mixing ratio of water vapor in air
CH4,ppmv,Gas_CH4_InSitu_S_AVMR,volume mixing ratio of methane in air
0
18
PI_CONTACT_INFO: yaoxian.huang@wayne.edu
PLATFORM: CSL Mobile Lab, at Ground Site
LOCATION: Salt Lake City, UT
ASSOCIATED_DATA: N/A
INSTRUMENT_INFO: Cavity Ring-Down Spectrometer
DATA_INFO: Data is averaged to 1 minute intervals for stationary and 1 second interval for driving. Stationary data collected from a 20 ft tower on top of the mobile lab.
UNCERTAINTY: N/A
ULOD_FLAG: -7777
ULOD_VALUE: N/A
LLOD_FLAG: -8888
LLOD_VALUE: N/A
DM_CONTACT_INFO: Yaoxian Huang; yaoxian.huang@wayne.edu
PROJECT_INFO: USOS, Summer 2024. https://csl.noaa.gov/groups/csl7/measurements/2024usos/
STIPULATIONS_ON_USE: Users are strongly encouraged to contact the PI for proper data usage.
OTHER_COMMENTS: Data have been shifted backwards by 1 minute to align with USOS MetNav and Picarro GHG data.
REVISION: R0
R0: Final Data
Time_Start,HCHO,H2O,CH4
0,2.67874,8142.07,1.94765
60,2.44209,8100.78,1.95013
120,2.69353,8105.96,1.95159
180,2.66908,7771.67,1.94939
240,2.69669,7688.25,1.94887
300,2.56667,7905.18,1.94945
360,2.63025,8391.96,1.94838
420,2.68922,8502.84,1.94945
480,2.5994,8450.22,1.94966
540,2.56567,8010.62,1.95201
600,2.68333,8252.4,1.95196
660,2.64029,8304.55,1.95079
720,2.80705,8247.45,1.95354
780,2.60087,8324.87,1.95248
840,2.79206,8613.27,1.95147
900,2.95352,8529.5,1.95192
960,2.56189,8207.69,1.956
1020,2.91453,8194.01,1.9556
1080,2.75225,8318.74,1.95798
1140,2.76504,8671.99,1.95444
1200,2.63983,8175.55,1.9559
1260,2.84126,8481.76,1.9556
1320,2.97067,8525.24,1.95354
1380,2.78,8349.81,1.95387
1440,2.83813,8096.04,1.95658
1500,2.86496,8340.07,1.95726
1560,3.12384,8776.59,1.95874
1620,2.79173,8357.09,1.95524
1680,2.63879,8213.05,1.9561
1740,2.87618,8260.71,1.95441
1800,3.02539,8297.54,1.956
1860,2.76096,8519.25,1.95558
1920,2.86659,8087.0,1.95713
1980,2.89018,7876.89,1.95565
2040,2.96412,8148.17,1.95709
2100,2.85379,8238.76,1.95584
2160,2.74847,7916.07,1.95435
2220,2.65295,7950.69,1.95288
2280,2.75408,8251.46,1.95176
2340,2.97738,8661.97,1.95365
2400,2.54084,8152.61,1.95642
2460,3.20662,8419.44,1.9559
2520,2.87205,8663.62,1.95753
2580,3.09949,8677.78,1.95576
2640,2.81858,8610.11,1.95868
2700,2.93409,8408.7,1.95865
2760,2.66955,8079.54,1.957
2820,2.93885,7932.33,1.95596
2880,2.8364,8106.63,1.95871
2940,3.00606,8399.03,1.95859
3000,2.96738,8011.03,1.96101
3060,2.97307,8441.25,1.95828
3120,3.31655,8309.46,1.96131
3180,3.1172,8531.56,1.95968
3240,2.96307,8677.77,1.96138
3300,3.17396,8474.27,1.9624
3360,3.03382,8523.4,1.9614
3420,3.19282,8558.59,1.96125
3480,3.06253,8206.3,1.96121
3540,2.74407,8012.65,1.96118
3600,3.0106,8096.21,1.96343
3660,3.09626,8154.31,1.96313
3720,3.18896,8675.62,1.96266
3780,3.0841,8695.26,1.96397
3840,3.09322,8929.07,1.96491
3900,3.09358,8952.11,1.96385
3960,3.12866,8861.49,1.96633
4020,3.0741,9061.34,1.96838
4080,3.60995,9324.66,1.96658
4140,3.15863,9103.3,1.96763
4200,2.95308,8739.64,1.97165
4260,3.06139,8658.64,1.97092
4320,3.35554,9336.48,1.97094
4380,3.3563,9182.96,1.96884
4440,3.18296,9123.62,1.96775
4500,3.1631,8919.67,1.96796
4560,2.88639,8591.13,1.96785
4620,3.12338,8921.28,1.96611
4680,2.9111,8263.98,1.96814
4740,2.81831,8690.41,1.96749
4800,2.9571,8601.2,1.96614
4860,3.11077,9169.17,1.96553
4920,3.02813,8963.14,1.96576
4980,3.15151,8986.68,1.96383
5040,2.94714,9005.77,1.96503
5100,2.91293,8340.96,1.96003
5160,2.8737,8760.83,1.96012
5220,2.95838,8574.51,1.9606
5280,2.86372,8495.53,1.95881
5340,2.80647,8467.49,1.96027
5400,2.74545,8198.75,1.95825
5460,2.88855,8635.55,1.95562
5520,2.89413,8556.75,1.95392
5580,2.82403,8606.99,1.95417
5640,2.8931,8796.05,1.95452
5700,3.05508,8733.25,1.95678
5760,2.84428,8645.7,1.95419
5820,3.04435,8627.37,1.95653
5880,2.92093,8584.84,1.95247
5940,3.0073,9606.0,1.95557
6000,2.88104,8786.33,1.95387
6060,2.92914,9085.88,1.95149
6120,2.87247,8891.61,1.95572
6180,3.00745,8570.32,1.95788
6240,3.15475,9000.75,1.95963
6300,3.0353,8803.4,1.95568
6360,3.10581,8589.3,1.957
6420,3.19682,8618.5,1.95891
6480,3.11119,8562.18,1.9563
6540,3.06753,8770.26,1.95749
6600,3.09187,8698.76,1.96112
6660,3.09097,9036.18,1.95741
6720,3.05863,8600.15,1.95696
6780,2.91729,8439.67,1.95648
6840,3.01206,8835.82,1.95944
6900,2.99666,9012.7,1.96091
6960,2.98095,8866.75,1.96438
7020,3.0137,8746.64,1.96498
7080,3.05664,8830.8,1.96185
7140,2.95389,8998.84,1.96129
7200,3.17446,8835.49,1.96226
7260,3.07697,8811.17,1.96543
7320,3.17545,8737.55,1.96331
7380,3.26891,8629.53,1.96435
7440,3.0313,8617.85,1.96932
7500,3.05768,8591.62,1.96545
7560,2.85048,8705.49,1.96614
7620,3.05863,8458.38,1.96108
7680,3.00376,8376.07,1.9609
7740,3.15125,8651.61,1.96415
7800,3.05804,8469.47,1.96197
7860,3.04542,8337.26,1.96076
7920,3.02716,8343.45,1.96294
7980,3.00173,8272.95,1.96124
8040,3.2829,8416.7,1.96477
8100,3.26766,8447.62,1.96484
8160,2.82596,8451.34,1.96252
8220,3.23279,8396.25,1.96359
8280,3.07634,8259.25,1.96288
8340,3.30675,8370.33,1.96369
8400,3.34476,8314.78,1.96628
8460,3.52454,8563.13,1.96741
8520,3.55332,8807.54,1.96947
8580,3.46656,8625.46,1.97214
8640,3.50622,8915.27,1.97539
8700,3.75952,9277.25,1.98036
8760,3.89607,9410.78,1.98145
8820,4.01615,9370.39,1.97855
8880,3.85819,9543.97,1.98007
8940,3.96003,9676.75,1.97587
9000,3.84427,9712.27,1.97389
9060,3.80086,9613.63,1.96216
9120,3.06472,9237.84,1.94259
9180,3.32681,9273.58,1.94327
9240,3.56241,9441.47,1.94547
9300,3.3638,9525.39,1.94653
9360,3.53454,9593.16,1.94406
9420,3.43091,9564.06,1.94453
9480,3.35098,9529.46,1.94106
9540,3.50768,9602.35,1.94133
9600,3.35109,9590.5,1.94447
9660,3.31773,9663.65,1.94443
9720,3.42402,9603.68,1.94511
9780,3.48422,9540.48,1.94725
9840,3.32164,9644.89,1.94866
9900,3.28556,9616.76,1.94872
9960,3.46867,9699.73,1.94689
10020,3.39599,9688.77,1.94725
10080,3.24012,9598.14,1.94804
10140,3.33478,9685.95,1.94795
10200,3.04816,9651.88,1.94615
10260,3.24845,9642.73,1.94592
10320,3.11302,9676.49,1.94674
10380,3.37338,9653.85,1.94382
10440,3.46384,9797.87,1.94246
10500,3.29933,9701.38,1.94114
10560,3.20276,9705.41,1.94322
10620,3.23908,9679.96,1.94001
10680,2.88451,9607.86,1.93993
10740,3.22423,9660.57,1.94146
10800,3.22949,9670.13,1.94032
10860,3.18419,9668.12,1.93833
10920,3.30388,9709.65,1.94038
10980,3.22263,9699.68,1.93998
11040,3.25585,9670.33,1.94216
11100,3.38308,9590.12,1.93939
11160,3.32444,9587.87,1.93757
11220,3.38323,9666.68,1.94298
11280,3.2647,9528.46,1.94216
11340,3.09849,9588.1,1.94267
11400,3.38505,9526.63,1.94498
11460,3.41045,9523.0,1.94686
11520,3.18955,9437.01,1.9406
11580,3.38987,9457.99,1.94306
11640,3.06751,9394.74,1.9419
11700,3.09012,9468.51,1.93967
11760,3.41314,9430.4,1.93976
11820,3.12767,9485.71,1.94109
11880,2.83688,9368.49,1.93562
11940,3.0602,9457.86,1.93829
12000,3.16496,9418.64,1.93929
12060,2.86509,9226.97,1.93455
12120,2.90477,9229.28,1.93518
12180,3.08928,9260.85,1.93653
12240,2.64007,9247.29,1.93536
12300,2.94443,9233.26,1.93436
12360,2.97471,9247.23,1.93521
12420,3.01356,9140.23,1.93318
12480,2.88752,9152.34,1.93183
12540,2.91246,9206.04,1.93235
12600,2.99036,9251.49,1.9352
12660,2.76881,9116.12,1.93346
12720,2.97565,9179.13,1.93485
12780,2.9621,9197.81,1.93159
12840,2.92593,9191.87,1.93228
12900,2.82656,9136.48,1.93464
12960,2.77312,8981.44,1.93117
13020,2.76722,9031.09,1.93256
13080,2.63971,9045.51,1.93347
13140,2.79092,9082.59,1.93162
13200,2.72455,9058.85,1.93342
13260,2.96519,9156.56,1.93433
13320,3.03841,9235.43,1.93553
13380,3.09111,9135.72,1.93314
13440,3.08677,9086.72,1.93365
13500,2.99203,8960.24,1.93285
13560,2.82533,8987.38,1.93016
13620,2.85451,8943.31,1.93234
13680,3.03391,8948.18,1.93185
13740,2.93189,9049.78,1.93321
13800,2.99451,9029.89,1.93482
13860,2.79769,8935.47,1.93539
13920,2.79832,9079.27,1.93348
13980,2.76549,9316.14,1.93276
14040,2.72535,9109.21,1.93024
14100,2.80943,9060.2,1.92954
14160,2.63012,9015.38,1.92976
14220,2.87451,8860.1,1.92832
14280,2.78705,8858.3,1.93021
14340,2.93901,8852.65,1.93375
14400,2.9509,8896.53,1.93271
14460,2.8433,8865.36,1.93462
14520,3.07563,8979.0,1.93723
14580,2.98729,8835.5,1.93116
14640,2.73351,8833.99,1.93086
14700,2.90117,8952.72,1.93263
14760,2.85923,8797.99,1.93232
14820,2.79508,8818.75,1.93222
14880,2.80334,8822.58,1.93135
14940,2.57117,8760.01,1.93063
15000,3.00235,8800.71,1.9335
15060,2.74133,8857.92,1.93371
15120,2.64433,8766.2,1.92985
15180,2.89343,8689.21,1.93174
15240,2.87533,8728.44,1.93168
15300,2.83671,8810.7,1.93585
15360,3.16849,9024.08,1.93491
15420,2.94731,8821.66,1.93346
15480,2.91369,8901.56,1.93533
15540,2.6172,8856.29,1.93316
15600,2.85927,9008.13,1.93561
15660,2.89226,8926.47,1.93446
15720,3.00175,9044.92,1.93669
15780,2.80147,8903.97,1.93698
15840,2.98213,8811.2,1.93514
15900,2.93615,8847.7,1.935
15960,2.79198,8806.14,1.93349
16020,2.78435,8664.78,1.93112
16080,2.54838,8662.14,1.93251
16140,2.72934,8731.97,1.93359
16200,2.84523,8837.89,1.93578
16260,2.84525,8787.73,1.93292
16320,2.59581,8605.84,1.9318
16380,2.99585,8672.64,1.93232
16440,3.16347,8895.65,1.93613
16500,2.85424,8883.88,1.93635
16560,2.73016,8970.58,1.93677
16620,2.72793,8907.54,1.9346
16680,3.04848,9140.1,1.93931
16740,2.55589,8984.06,1.93847
16800,2.88111,9195.95,1.94058
16860,3.13099,9201.53,1.93924
16920,3.18521,9080.36,1.94
16980,2.85848,9219.07,1.94233
17040,3.21332,9289.82,1.94538
17100,3.05998,9163.38,1.94262
17160,3.13036,9142.42,1.94174
17220,3.08336,9176.04,1.94181
17280,3.13369,9135.41,1.94181
17340,3.01511,9064.59,1.94462
17400,2.95377,8965.46,1.93853
17460,3.08888,9220.06,1.9429
17520,2.92262,9362.17,1.94279
17580,3.33291,9394.47,1.94402
17640,3.05138,9604.08,1.94331
17700,3.11158,8980.68,1.94072
17760,3.02604,8989.73,1.94136
17820,3.09948,9029.01,1.94594
17880,3.18083,9131.96,1.94873
17940,3.15229,9011.75,1.94349
18000,2.9638,8906.03,1.94017
18060,2.59878,8890.98,1.9402
18120,2.91658,8828.75,1.93921
18180,3.55074,8977.97,1.95115
18240,2.96473,8990.64,1.94304
18300,2.9122,9013.06,1.94122
18360,2.96769,8983.27,1.94084
18420,3.06206,8982.47,1.945
18480,2.98258,9002.75,1.94188
18540,2.94021,8915.75,1.94261
18600,2.93203,8890.68,1.94158
18660,2.85633,8791.19,1.94017
18720,2.98783,9066.54,1.94482
18780,3.17573,9161.33,1.9488
18840,3.28362,9303.13,1.9479
18900,3.31231,9286.34,1.94785
18960,3.25048,9338.73,1.94902
19020,3.34623,9318.6,1.95128
19080,3.28624,9268.38,1.94563
19140,3.22917,9389.76,1.94766
19200,3.36813,9312.03,1.94837
19260,2.95918,9122.87,1.94806
19320,3.05287,9118.0,1.95455
19380,2.76145,9100.4,1.9496
19440,3.21624,9081.57,1.95308
19500,2.82992,9088.12,1.94633
19560,2.95687,9129.29,1.94698
19620,2.93128,9131.13,1.94777
19680,2.93604,9073.01,1.94303
19740,2.85373,9118.16,1.94876
19800,2.73471,8967.4,1.94348
19860,3.09562,9063.69,1.94278
19920,2.91398,9051.92,1.94798
19980,2.79089,9009.58,1.94582
20040,2.89365,9021.99,1.941
20100,2.85822,9012.66,1.93989
20160,3.13348,9103.55,1.93975
20220,2.86654,9050.93,1.93833
20280,2.94638,9105.76,1.94225
20340,2.74602,9212.85,1.94418
20400,3.19668,9263.32,1.94725
20460,3.19573,9256.89,1.94608
20520,3.0149,9222.0,1.94737
20580,3.06679,9283.3,1.94753
20640,2.95559,9252.1,1.94564
20700,3.09846,9277.03,1.94709
20760,2.8682,9307.29,1.94532
20820,2.75403,9339.39,1.94735
20880,2.90315,9310.07,1.94193
20940,3.01076,9318.5,1.94329
21000,3.09751,9354.02,1.9451
21060,3.03295,9255.47,1.94529
21120,3.08519,9251.31,1.94755
21180,3.1543,9278.51,1.94699
21240,3.06824,9387.05,1.94735
21300,3.31459,9417.15,1.94694
21360,2.88779,9432.7,1.94881
21420,3.08655,9364.16,1.9493
21480,3.11156,9404.46,1.94999
21540,2.75773,9030.14,1.94588
21600,3.02376,9157.81,1.94742
21660,3.09881,9360.04,1.95243
21720,2.87001,9375.24,1.95214
21780,3.23689,9303.38,1.95158
21840,3.46264,9372.1,1.95227
21900,2.9899,9357.77,1.95176
21960,3.13665,9381.4,1.95142
22020,3.04619,9394.31,1.95272
22080,3.26578,9552.92,1.95403
22140,3.20642,9679.05,1.95846
22200,3.32305,9563.9,1.96294
22260,3.14734,9501.7,1.9767
22320,3.24349,9692.99,1.98681
22380,3.42242,9581.19,1.96615
22440,3.19822,9729.82,1.97082
22500,3.27327,9711.59,1.97249
22560,3.06586,9624.15,1.97025
22620,3.16025,9552.82,1.96826
22680,2.95636,9879.17,1.96703
22740,3.33014,9694.9,1.9671
22800,3.38024,9894.08,1.96576
22860,3.4209,9852.36,1.96752
22920,3.43344,9637.27,1.96396
22980,3.16929,9538.35,1.95811
23040,3.08155,9434.1,1.95928
23100,3.27404,9345.87,1.96094
23160,3.13197,9343.96,1.95877
23220,2.95659,9589.39,1.95874
23280,3.16684,9476.04,1.95888
23340,2.99949,9375.25,1.95846
23400,3.16837,9410.48,1.95727
23460,2.98804,9463.3,1.95854
23520,2.80973,9182.9,1.95289
23580,3.2849,9620.05,1.96571
23640,3.15999,9605.38,1.96455
23700,3.17665,9639.6,1.96179
23760,3.14751,9585.87,1.96282
23820,3.02266,9561.95,1.95739
23880,2.95707,9621.36,1.96601
23940,3.1213,9716.84,1.96405
24000,2.77277,9325.68,1.95262
24060,2.89092,9355.53,1.95474
24120,2.79757,9354.93,1.9536
24180,2.80587,9262.62,1.94946
24240,2.82375,9350.76,1.9504
24300,2.90541,9393.22,1.95231
24360,2.98392,9516.8,1.956
24420,2.73278,9407.72,1.95056
24480,2.90183,9387.01,1.95143
24540,2.79009,9454.71,1.95233
24600,2.99461,9325.52,1.94736
24660,2.91772,9542.45,1.9536
24720,2.81396,9488.31,1.95405
24780,2.75786,9443.38,1.95244
24840,3.00971,9456.49,1.94478
24900,2.82378,9362.33,1.94363
24960,2.54548,9058.42,1.94259
25020,2.79845,9148.3,1.94497
25080,2.68789,9291.96,1.9467
25140,2.61324,9302.97,1.94665
25200,2.57472,9390.48,1.95118
25260,3.02466,9390.73,1.94692
25320,2.72737,9448.18,1.94826
25380,2.75547,9488.66,1.95233
25440,2.74448,9538.09,1.9501
25500,2.56189,9543.92,1.94945
25560,2.66733,9511.78,1.94741
25620,2.82448,9519.81,1.94924
25680,2.9507,9553.18,1.95161
25740,2.9182,9590.2,1.94852
25800,2.8003,9608.89,1.94763
25860,2.87457,9646.19,1.95034
25920,2.83986,9722.69,1.94869
25980,2.54704,9754.67,1.94923
26040,2.86987,9762.58,1.95173
26100,2.78711,9726.8,1.94798
26160,2.86387,9834.92,1.95135
26220,2.70112,9863.28,1.94901
26280,2.54184,9887.58,1.94896
26340,2.84506,9924.66,1.95054
26400,2.54615,9815.73,1.94471
26460,2.52702,9957.06,1.94561
26520,2.78204,9871.17,1.95695
26580,2.85716,9873.64,1.95056
26640,2.61302,9857.5,1.95101
26700,2.74457,9935.23,1.94928
26760,2.64954,9923.56,1.95175
26820,2.66128,9956.17,1.95668
26880,2.79823,9978.63,1.9567
26940,2.60505,10067.5,1.95773
27000,2.77339,9999.34,1.94805
27060,2.61168,9998.52,1.95082
27120,2.59329,9931.87,1.94674
27180,2.52523,10033.5,1.95032
27240,2.91103,9975.88,1.94547
27300,2.6277,9730.54,1.94035
27360,2.6097,10080.6,1.94781
27420,2.79457,10164.4,1.95485
27480,2.79963,10083.2,1.95062
27540,2.89385,10224.1,1.95324
27600,2.6552,10091.7,1.94835
27660,2.59637,10073.0,1.94517
27720,2.76256,10129.7,1.9493
27780,2.87946,10313.0,1.94855
27840,2.84594,10329.6,1.96904
27900,2.96929,10287.3,1.96312
27960,2.92509,10272.0,1.9579
28020,2.89054,10266.7,1.95419
28080,2.88317,10245.1,1.94951
28140,2.88077,10336.8,1.95021
28200,2.83588,10540.1,1.95209
28260,2.76317,10365.6,1.95131
28320,2.59542,10257.6,1.94596
28380,2.60947,10304.4,1.94511
28440,2.83168,10418.0,1.94728
28500,2.43129,10473.5,1.95228
28560,2.87334,10441.9,1.9538
28620,2.76368,10383.1,1.94959
28680,2.68164,10499.8,1.95021
28740,2.88323,10407.8,1.94965
28800,2.68568,10387.8,1.94135
28860,2.56222,10328.6,1.94317
28920,2.42153,10231.8,1.93925
28980,2.59372,10340.3,1.94204
29040,2.71497,10371.0,1.94563
29100,2.81481,10341.3,1.94561
29160,2.67363,10405.9,1.94502
29220,2.56771,10318.6,1.94278
29280,2.76575,10506.2,1.94178
29340,2.83854,10664.2,1.95795
29400,2.98868,10778.6,1.96886
29460,3.07127,10826.0,1.97133
29520,2.8404,10641.7,1.96276
29580,2.77735,10622.9,1.96308
29640,2.8737,10860.3,1.96852
29700,2.85895,11003.1,1.97212
29760,2.74831,10755.0,1.96166
29820,2.88682,11080.4,1.96304
29880,2.82462,10915.6,1.96666
29940,2.93693,11175.1,1.97073
30000,3.09425,10858.8,1.9655
30060,2.65094,10377.0,1.95096
30120,2.63077,10427.4,1.95359
30180,2.7616,10514.1,1.95692
30240,2.92165,10777.5,1.96472
30300,2.57054,10709.2,1.96241
30360,2.6004,10603.2,1.95886
30420,2.60874,10535.6,1.95214
30480,2.67325,10656.5,1.95532
30540,2.5763,10677.4,1.95273
30600,2.65156,10733.1,1.95347
30660,2.72025,10440.5,1.94525
30720,2.50447,10458.4,1.94502
30780,2.63727,10397.4,1.94655
30840,2.42189,10432.6,1.94502
30900,2.48383,10570.7,1.94503
30960,2.65762,10515.7,1.9447
31020,2.74022,10611.6,1.94524
31080,2.56897,10712.1,1.94743
31140,2.78499,10705.3,1.94548
31200,2.91106,10607.7,1.94714
31260,2.97922,10707.2,1.94873
31320,2.83179,10761.8,1.94744
31380,2.62958,10577.3,1.94718
31440,2.66934,10547.9,1.94531
31500,2.58915,10607.9,1.94415
31560,2.66184,10636.8,1.94499
31620,2.61856,10571.0,1.94108
31680,2.67787,10536.0,1.94306
31740,2.63416,10570.4,1.94044
31800,2.68994,10480.8,1.9421
31860,2.66449,10461.5,1.93909
31920,2.51064,10529.4,1.94071
31980,2.6708,10341.8,1.94134
32040,2.53388,10241.5,1.93987
32100,2.56841,10194.6,1.93647
32160,2.49491,10128.4,1.93367
32220,2.38558,10209.8,1.93628
32280,2.74513,10150.0,1.93939
32340,2.67164,10171.7,1.93545
32400,2.47576,10425.1,1.93523
32460,2.57302,10300.1,1.93632
32520,2.5394,10343.2,1.93744
32580,2.37916,10441.2,1.93562
