CampaignData_and_Merges/R0/CSL_MobileLab_Parked/raw/20240809/USOS-HCHO_MobileLabGround_20240809_R0.ict
35,1001
Huang, Yaoxian
Wayne State University
Picarro G2307 on CSL Mobile Lab
USOS
1,1
2024,08,09,2024,08,13
1.0
Time_Start,seconds_since_midnight,number_of_seconds_since_0000_UTC
3
1.0,1.0,1.0
-9999.0,-9999.0,-9999.0
HCHO,ppbv,Gas_HCHO_InSitu_S_AVMR,volume mixing ratio of formaldehyde in air
H2O,ppmv,Gas_H2O_InSitu_S_AVMR,volume mixing ratio of water vapor in air
CH4,ppmv,Gas_CH4_InSitu_S_AVMR,volume mixing ratio of methane in air
0
18
PI_CONTACT_INFO: yaoxian.huang@wayne.edu
PLATFORM: CSL Mobile Lab, at Ground Site
LOCATION: Salt Lake City, UT
ASSOCIATED_DATA: N/A
INSTRUMENT_INFO: Cavity Ring-Down Spectrometer
DATA_INFO: Data is averaged to 1 minute intervals for stationary and 1 second interval for driving. Stationary data collected from a 20 ft tower on top of the mobile lab.
UNCERTAINTY: N/A
ULOD_FLAG: -7777
ULOD_VALUE: N/A
LLOD_FLAG: -8888
LLOD_VALUE: N/A
DM_CONTACT_INFO: Yaoxian Huang; yaoxian.huang@wayne.edu
PROJECT_INFO: USOS, Summer 2024. https://csl.noaa.gov/groups/csl7/measurements/2024usos/
STIPULATIONS_ON_USE: Users are strongly encouraged to contact the PI for proper data usage.
OTHER_COMMENTS: Data have been shifted backwards by 1 minute to align with USOS MetNav and Picarro GHG data.
REVISION: R0
R0: Final Data
Time_Start,HCHO,H2O,CH4
[from data line 1083]
64980,2.68175,14213.3,1.90035
65040,2.86987,13909.6,1.9039
65100,2.65409,14152.5,1.90131
65160,2.78472,14107.1,1.90279
65220,1.95153,13244.7,1.90124
65280,1.96656,13176.5,1.89901
65340,2.28855,12898.9,1.90059
65400,2.28512,13133.8,1.90253
65460,2.16172,13275.2,1.90506
65520,2.03476,13367.1,1.90215
65580,2.25893,14007.5,1.89954
65640,2.34827,14038.4,1.90109
65700,2.3289,13565.1,1.90093
65760,2.31066,13481.5,1.90034
65820,2.4241,13329.6,1.90494
65880,2.419,13232.2,1.90306
65940,2.14894,13010.4,1.89996
66000,1.9997,12937.8,1.89997
66060,1.82336,12656.4,1.89858
66120,2.06846,12766.3,1.89981
66180,1.90286,12742.0,1.90001
66240,2.16183,12864.1,1.90053
66300,1.83204,12871.3,1.89979
66360,2.2302,12954.8,1.90263
66420,2.2752,13100.3,1.90341
66480,2.08031,12814.5,1.90461
66540,2.16712,13436.6,1.89947
66600,2.30241,12958.4,1.90283
66660,2.35081,12886.9,1.90183
66720,2.39455,12995.0,1.90447
66780,2.32652,13022.3,1.90099
66840,2.36506,13128.2,1.89967
66900,2.52495,12986.1,1.90136
66960,2.27702,13034.0,1.89964
67020,2.45248,13283.1,1.90067
67080,1.99601,12893.7,1.90186
67140,2.06335,13062.6,1.90047
67200,2.09554,12977.1,1.90149
67260,2.2656,13258.4,1.90213
67320,2.07864,12801.1,1.90083
67380,2.41717,13059.1,1.90121
67440,2.36735,13045.5,1.90182
67500,2.38178,13329.1,1.90278
67560,2.28908,13077.2,1.9023
67620,2.3512,13094.0,1.90025
67680,2.39668,12921.6,1.90005
67740,2.43932,13128.9,1.90077
67800,2.23825,13356.6,1.90254
67860,2.32814,13072.0,1.90433
67920,2.27194,12818.0,1.90431
67980,2.27294,12954.0,1.90245
68040,2.61643,13131.3,1.90028
68100,2.50295,13321.2,1.90353
68160,2.55044,13377.5,1.90127
68220,2.36108,13129.8,1.90194
68280,2.41802,13110.6,1.90034
68340,2.3754,13122.1,1.89983
68400,2.55862,12843.4,1.90133
68460,2.37165,12852.6,1.90299
68520,2.67854,13730.5,1.9005
68580,2.54957,13449.1,1.9014
68640,2.2212,12918.3,1.90089
68700,2.52913,13039.0,1.90165
68760,2.59554,13164.3,1.90305
68820,2.54666,13137.1,1.90403
68880,2.51318,13064.0,1.90002
68940,2.52631,12870.2,1.90233
69000,2.82403,13612.9,1.90268
69060,2.69923,12976.2,1.90177
69120,2.51095,12636.8,1.90378
69180,2.68544,12520.5,1.90387
69240,2.80507,12410.6,1.90517
69300,2.48078,12443.2,1.9015
69360,2.37261,12480.1,1.90233
69420,2.46622,12678.4,1.90307
69480,2.54754,12567.7,1.90491
69540,2.2271,12503.3,1.90317
69600,2.15873,12299.4,1.89951
69660,2.36605,12484.9,1.90253
69720,2.54864,12760.0,1.90335
69780,2.68217,12666.4,1.90159
69840,2.08567,11947.8,1.90243
69900,1.96067,11991.8,1.9016
69960,2.26903,12323.8,1.90114
70020,2.26092,12468.5,1.90136
70080,2.14633,12347.9,1.89952
70140,2.32184,12529.2,1.89908
70200,2.58259,12410.7,1.90204
70260,2.61279,12656.4,1.90096
70320,2.51668,12417.7,1.90229
70380,2.40573,12685.7,1.90362
70440,2.61154,12429.1,1.90377
70500,2.41572,12252.7,1.90209
70560,2.18727,12251.8,1.90163
70620,2.49009,12523.9,1.90255
70680,2.30933,12514.0,1.90224
70740,2.15101,12091.6,1.90402
70800,1.91793,11830.3,1.90039
70860,1.96496,11845.2,1.90244
70920,2.31388,12547.3,1.90261
70980,1.91866,11709.9,1.90098
71040,1.9909,11553.2,1.89963
71100,2.20369,12142.1,1.90081
71160,2.292,12612.4,1.89634
71220,2.48477,13572.4,1.9003
71280,2.88107,12379.9,1.90342
71340,2.72697,12521.6,1.9023
71400,2.85034,12838.9,1.90248
71460,2.20413,12567.1,1.90069
71520,2.56044,12322.0,1.90203
71580,2.69698,12439.4,1.90334
71640,2.65878,12991.6,1.90243
71700,2.47789,12838.6,1.90162
71760,2.48067,12499.2,1.90403
71820,2.43062,12081.8,1.90067
71880,2.36097,12265.3,1.90197
71940,2.22034,11701.7,1.9011
72000,2.3474,11973.0,1.90352
72060,2.19996,11830.2,1.90169
72120,1.75368,11399.2,1.90114
72180,1.47651,11194.3,1.90249
72240,1.7181,11551.4,1.90289
72300,1.78677,11757.6,1.90199
72360,1.78019,11349.1,1.90325
72420,1.79652,11308.8,1.9032
72480,2.00189,11656.5,1.90105
72540,1.71382,11436.9,1.90282
72600,1.76302,11504.2,1.90491
72660,2.20757,11450.8,1.9045
72720,1.97851,11472.7,1.90203
72780,2.18256,11678.5,1.90254
72840,2.04769,11798.3,1.90527
72900,2.00173,12358.8,1.9052
72960,2.24221,12390.0,1.90193
73020,2.08227,12312.4,1.90135
73080,1.8987,11924.4,1.90139
73140,1.87906,12008.6,1.90314
73200,2.46521,12120.1,1.90257
73260,2.34369,11688.6,1.90273
73320,2.00893,11611.3,1.90252
73380,2.1523,11560.0,1.90503
73440,2.18862,11929.2,1.90462
73500,2.53578,11862.8,1.90312
73560,2.18569,11672.3,1.90624
73620,2.10701,11601.2,1.90454
73680,2.14839,11622.7,1.90243
73740,2.37973,11747.1,1.9024
73800,2.26706,12349.9,1.90035
73860,2.09678,12178.3,1.90355
73920,2.1213,11922.7,1.90373
73980,2.09558,11766.2,1.906
74040,2.15032,11905.4,1.90601
74100,2.23034,11634.7,1.90195
74160,2.36236,11925.9,1.90474
74220,2.07312,11731.0,1.90743
74280,1.92325,12123.2,1.90507
74340,2.28475,12385.2,1.90313
74400,2.44112,12550.4,1.90474
74460,2.47424,12694.2,1.90434
74520,2.63396,12944.3,1.90738
74580,2.59713,12847.6,1.90677
74640,2.52064,12609.6,1.905
74700,2.65431,12763.4,1.90395
74760,2.54004,12791.4,1.90615
74820,2.6311,12335.6,1.90539
74880,2.35075,12291.6,1.90419
74940,2.26638,12554.7,1.90593
75000,2.61175,13008.1,1.90472
75060,2.62881,12469.1,1.90813
75120,2.5719,12552.4,1.90329
75180,2.98511,12660.6,1.90516
75240,2.60514,12426.9,1.90898
75300,3.00063,12608.0,1.91099
75360,2.87374,12403.1,1.90662
75420,2.8886,12520.0,1.90549
75480,2.52769,12487.9,1.9054
75540,2.78058,12299.1,1.90456
75600,2.41341,12223.7,1.90251
75660,2.54597,11986.5,1.90487
75720,2.8843,12094.0,1.90257
75780,2.89799,12066.6,1.90327
75840,2.75535,12171.2,1.90282
75900,2.52559,12391.4,1.90278
75960,2.76019,12597.9,1.90457
76020,2.55285,12449.7,1.90288
76080,2.8065,12206.2,1.90659
76140,2.41857,12208.3,1.90145
76200,2.47963,12536.7,1.90422
76260,2.57139,12656.1,1.90274
76320,2.49786,12681.3,1.90555
76380,2.54426,12677.3,1.90584
76440,2.20584,12387.2,1.90526
76500,2.47999,12567.2,1.90549
76560,2.53054,12423.5,1.90442
76620,2.45918,12455.0,1.90653
76680,2.63745,12783.8,1.90591
76740,2.50376,12862.9,1.90113
76800,2.34905,12404.5,1.90341
76860,2.38261,11431.8,1.90433
76920,2.35629,11808.8,1.9036
76980,2.03001,11030.5,1.90086
77040,2.20862,10793.3,1.90322
77100,1.68552,10335.7,1.90096
77160,1.14429,8808.04,1.90087
77220,1.1285,8784.99,1.89878
77280,0.918808,8174.22,1.89982
77340,0.932979,8105.42,1.90028
77400,1.00054,8097.51,1.89976
77460,0.807056,8257.17,1.89917
77520,0.803534,8231.52,1.90018
77580,1.00095,8319.49,1.89878
77640,0.80774,8394.07,1.9001
77700,0.970356,8211.88,1.89964
77760,0.790609,7880.33,1.8994
77820,1.11118,8214.41,1.90357
77880,0.969285,8281.59,1.89983
77940,0.852283,7950.49,1.90189
78000,0.768506,8095.63,1.90026
78060,0.775744,7878.53,1.89902
78120,0.899471,7814.17,1.90121
78180,1.22865,8345.95,1.89879
78240,0.828753,8403.93,1.89936
78300,0.781138,7977.03,1.90135
78360,0.902166,8754.19,1.89972
78420,0.784839,8030.9,1.89775
78480,0.791353,7993.36,1.89989
78540,0.660246,7772.99,1.89856
78600,1.12016,8333.02,1.9007
78660,0.898041,8143.11,1.89912
78720,1.09918,8717.25,1.89758
78780,1.30739,8660.81,1.89946
78840,1.11047,8223.35,1.89868
78900,1.03451,8445.05,1.89799
78960,0.993883,7969.95,1.90175
79020,0.973037,7761.6,1.89816
79080,0.855471,8193.02,1.89872
79140,0.921538,8195.23,1.89714
79200,1.05389,8358.46,1.89698
79260,1.13725,8405.47,1.90203
79320,1.28941,8017.04,1.90116
79380,1.04433,8023.67,1.89788
79440,1.31007,8045.32,1.89932
79500,0.898729,8017.74,1.89566
79560,0.934388,8134.88,1.89836
79620,1.25023,8306.41,1.89944
79680,1.14054,7962.47,1.90032
79740,0.848094,7812.83,1.89824
79800,0.905849,7517.63,1.89996
79860,0.778885,7317.0,1.90049
79920,0.822459,7465.34,1.89731
79980,0.803869,7894.02,1.90011
80040,0.575435,7213.76,1.8982
80100,1.10991,7482.8,1.90023
80160,0.986562,7630.31,1.89856
80220,0.96087,7185.63,1.89904
80280,1.0883,7671.69,1.89934
80340,1.09961,7690.68,1.89759
80400,0.754972,7195.8,1.90023
80460,0.785733,7586.78,1.89654
80520,0.932102,7429.11,1.89879
80580,0.736682,7346.65,1.89695
80640,1.24577,7664.93,1.89986
80700,1.04021,7616.47,1.89741
80760,1.09555,7519.23,1.89725
80820,1.05841,7803.67,1.898
80880,1.12038,7571.81,1.89547
80940,1.05937,7690.47,1.89732
81000,0.98137,7777.95,1.89794
81060,0.951598,7563.03,1.89687
81120,0.987567,7691.79,1.89651
81180,0.907255,7817.51,1.89932
81240,1.10542,8331.0,1.89606
81300,1.0693,8152.88,1.89599
81360,1.04171,7981.3,1.89594
81420,0.894271,7625.49,1.89585
81480,0.796455,7444.11,1.8988
81540,0.994725,8093.67,1.89738
81600,0.758399,7640.87,1.89517
81660,0.844903,7599.97,1.89699
81720,1.11043,8056.89,1.89757
81780,0.991439,7786.25,1.89939
81840,1.15312,7974.93,1.89702
81900,1.26559,7972.44,1.8983
81960,1.39831,8374.01,1.89954
82020,1.44241,8390.96,1.89937
82080,1.67056,8694.41,1.90081
82140,1.71171,8632.27,1.89876
82200,1.69538,8880.45,1.89859
82260,1.5672,8618.51,1.90122
82320,1.68352,8509.61,1.89943
82380,1.89182,8826.8,1.9
82440,1.87811,9179.38,1.90331
82500,1.68874,8636.58,1.8984
82560,1.64758,8521.92,1.90066
82620,1.83487,8723.87,1.89956
82680,1.83251,9111.35,1.89977
82740,1.82898,10023.5,1.89957
82800,2.18527,10328.2,1.89897
82860,2.08791,10424.1,1.89947
82920,2.21568,10459.2,1.9016
82980,2.23913,10471.3,1.90157
83040,1.95185,10353.4,1.89959
83100,2.13547,10185.8,1.89837
83160,2.00459,10343.1,1.89612
83220,2.32258,10703.3,1.89987
83280,2.19826,10819.2,1.8993
83340,2.00589,10784.3,1.89523
83400,2.32199,10822.7,1.89826
83460,2.22571,11070.9,1.89802
83520,2.09406,10942.1,1.89841
83580,1.92237,10777.0,1.8986
83640,2.03721,10851.1,1.89838
83700,2.17896,10625.3,1.89655
83760,2.00783,10710.8,1.89866
83820,1.89316,10871.5,1.89869
83880,2.03057,10714.0,1.90046
83940,1.70741,10085.0,1.90269
84000,1.73975,9868.88,1.90339
84060,1.81109,9819.61,1.90234
84120,1.91906,10123.2,1.9011
84180,1.63776,10141.8,1.90345
84240,1.56822,10099.9,1.90182
84300,2.03122,10059.5,1.90293
84360,1.5972,9769.78,1.90557
84420,1.41964,9347.54,1.90145
84480,1.31488,9238.7,1.90156
84540,1.39678,9380.33,1.90072
84600,1.46477,9415.28,1.9026
84660,1.60354,9327.81,1.9055
84720,1.39632,9390.68,1.90459
84780,1.54648,9444.72,1.90582
84840,1.80748,9521.24,1.90856
84900,1.67592,9634.01,1.90447
84960,1.73039,9516.55,1.90316
85020,1.44945,9247.94,1.90096
85080,1.42125,9288.15,1.90444
85140,1.73996,9440.58,1.90242
85200,1.5711,9676.08,1.90644
85260,1.66366,9822.04,1.90431
85320,1.83307,9827.34,1.90296
85380,1.90103,9888.63,1.90543
85440,2.09526,10086.3,1.9052
85500,1.86153,10098.1,1.90398
85560,1.96185,10293.7,1.90253
85620,1.67577,10106.1,1.90588
85680,1.93768,10029.4,1.90549
85740,1.99605,9880.73,1.90211
85800,1.72015,9831.44,1.90295
85860,1.90802,10044.7,1.90433
85920,1.76402,10240.5,1.90413
85980,2.06971,10312.6,1.90832
86040,1.84973,10061.8,1.90891
86100,1.98154,10128.0,1.90781
86160,1.99625,10200.5,1.90494
86220,1.65176,10384.6,1.90518
86280,1.44002,10718.5,1.90284
86340,-9999.0,-9999.0,-9999.0
