CampaignData_and_Merges/R0/CSL_MobileLab_Parked/raw/20240809/USOS-jNO2_MobileLabGround_20240809_R0.ict
52,1001
Waxman, E.; Rollins, A.; Zuraski, K.; Chace, W.
NOAA Chemical Sciences Laboratory
jNO2 filter radiometer on CSL Mobile Lab
AMMBEC / USOS
1, 1
2024,08,09, 2025,04,01
60
Time_Start, seconds, number_of_seconds_since_0000_UTC
20
1, 1, 1, 1, 1, 1, 1, 1, 1, 1, 1, 1, 1, 1, 1, 1, 1, 1, 1, 1
-9999, -9999, -9999, -9999, -9999, -9999, -9999, -9999, -9999, -9999, -9999, -9999, -9999, -9999, -9999, -9999, -9999, -9999, -9999, -9999
Time_Stop, seconds, number_of_seconds_since_0000_UTC
jNO2_meas, per second, photolysis rate of NO2 measured using a filter radiometer.
jBrCl, per second, photolysis rate of BrCl -> Br + Cl calculated in TUV for cloud-free sky with local AOD
jBr2, per second, photolysis rate of Br2 -> Br + Br calculated in TUV for cloud-free sky with local AOD
jCCl4, per second, photolysis rate of CCl4 -> Products calcualted in TUV for cloud-free sky with local AOD
jCH2Oa, per second, photolysis rate of CH2O -> H + HCO calculated in TUV for cloud-free sky with local AOD
jCH2Ob, per second, photolysis rate of CH2O -> H2 + CO calculated in TUV for cloud-free sky with local AOD
jClNO2, per second, photolysis rate of ClNO2 -> Cl + NO2 calculated in TUV for cloud-free sky with local AOD
jClOa, per second, photolysis rate of ClO -> Cl + O(1D) calculated in TUV for cloud-free sky with local AOD
jClOb, per second, photolysis rate of ClO -> Cl + O(3P) calculated in TUV for cloud-free sky with local AOD
jCl2, per second, photolysis rate of Cl2 -> Cl + Cl calculated in TUV for cloud-free sky with local AOD
jHNO2, per second, photolysis rate of HNO2 -> OH + NO calculated in TUV for cloud-free sky with local AOD
jHNO3, per second, photolysis rate of HNO3 -> OH + NO2 calculated in TUV for cloud-free sky with local AOD
jI2, per second, photolysis rate of I2 -> I + I calculated in TUV for cloud-free sky with local AOD
jNO2, per second, photolysis rate of NO2 -> NO + O(3P) calculated in TUV for cloud-free sky with local AOD
jNO3a, per second, photolysis rate of NO3 -> NO + O2 calculated in TUV for cloud-free sky with local AOD
jNO3b, per second, photolysis rate of NO3 -> NO2 + O(3P) calculated in TUV for cloud-free sky with local AOD
jN2O5, per second, photolysis rate of N2O5 -> NO3 + NO + O(3P) calculated in TUV for cloud-free sky with local AOD
jO3, per second, photolysis rate of O3 -> O2 + O(1D) calculated in TUV for cloud-free sky with local AOD
AOD_500nm, unitless, UTC daily mean AOD at 500 nm from an AERONET station located at 40.178 N, -112.452 E
0
18
PI_CONTACT_INFO: eleanor.waxman@noaa.gov
PLATFORM: CSL Mobile Lab, at ground site
LOCATION: Salt Lake City, UT
ASSOCIATED_DATA:
INSTRUMENT_INFO: jNO2 filter radiometer.  TUV calculations are for mobile van lat/lon/altitude assuming clear sky (cloud AOD = 0) and daily mean AOD.
DATA_INFO:
UNCERTAINTY: Data uncertainties are +/- 20%.  These come from uncertainties in radiometer angular response, radiometer thermal response, local interferences from clouds/aerosols/shadows etc.
ULOD_FLAG: -7777
ULOD_VALUE: N/A
LLOD_FLAG: -8888
LLOD_VALUE: N/A
DM_CONTACT_INFO: eleanor.waxman@noaa.gov
PROJECT_INFO: USOS Project, July - August 2024
STIPULATIONS_ON_USE: Users are strongly encouraged to contact the PI for proper data usage.
OTHER_COMMENTS: 
REVISION: R0
R0: final data
Time_Start, Time_Stop, jNO2_meas, jBrCl, jBr2, jCCl4, jCH2Oa, jCH2Ob, jClNO2, jClOa, jClOb, jCl2, jHNO2, jHNO3, jI2, jNO2, jNO3a, jNO3b, jN2O5, jO3, AOD_500nm
[from data line 1316]
   78960,   79020,0.0080319,0.00974,0.02985,4.466e-24,2.627e-05,4.088e-05,0.0004036,1.831e-24,3.344e-05,0.00202,0.001331,4.459e-07,0.1074,0.008225,0.02085,0.1666,3.555e-05,2.169e-05,0.186
   79020,   79080,0.0080039,0.009728,0.02983,4.27e-24,2.618e-05,4.078e-05,0.0004027,1.744e-24,3.325e-05,0.002016,0.001329,4.44e-07,0.1074,0.008212,0.02084,0.1665,3.546e-05,2.155e-05,0.186
   79080,   79140,0.0080141,0.009715,0.0298,4.084e-24,2.61e-05,4.068e-05,0.0004017,1.662e-24,3.305e-05,0.002012,0.001326,4.421e-07,0.1073,0.008198,0.02082,0.1664,3.536e-05,2.142e-05,0.186
   79140,   79200,0.0080221,0.009704,0.02977,3.917e-24,2.602e-05,4.058e-05,0.0004008,1.588e-24,3.287e-05,0.002008,0.001324,4.403e-07,0.1072,0.008186,0.02081,0.1663,3.527e-05,2.13e-05,0.186
   79200,   79260,0.0080414,0.009691,0.02974,3.749e-24,2.593e-05,4.048e-05,0.0003998,1.514e-24,3.267e-05,0.002004,0.001322,4.383e-07,0.1071,0.008172,0.0208,0.1661,3.517e-05,2.116e-05,0.186
   79260,   79320,0.0080474,0.009679,0.02971,3.589e-24,2.584e-05,4.038e-05,0.0003988,1.444e-24,3.247e-05,0.002,0.001319,4.363e-07,0.107,0.008158,0.02079,0.166,3.507e-05,2.103e-05,0.186
   79320,   79380,0.008029,0.009669,0.02969,3.452e-24,2.577e-05,4.029e-05,0.000398,1.384e-24,3.229e-05,0.001997,0.001317,4.345e-07,0.107,0.008148,0.02077,0.1659,3.499e-05,2.091e-05,0.186
   79380,   79440,0.0080197,0.009658,0.02966,3.339e-24,2.57e-05,4.021e-05,0.0003972,1.334e-24,3.213e-05,0.001993,0.001315,4.33e-07,0.1069,0.008136,0.02076,0.1658,3.491e-05,2.08e-05,0.186
   79440,   79500,0.0079748,0.009645,0.02963,3.2e-24,2.561e-05,4.011e-05,0.0003961,1.274e-24,3.194e-05,0.001989,0.001313,4.31e-07,0.1068,0.008122,0.02075,0.1657,3.481e-05,2.067e-05,0.186
   79500,   79560,0.007928,0.009633,0.0296,3.075e-24,2.552e-05,4.001e-05,0.0003952,1.22e-24,3.175e-05,0.001985,0.00131,4.291e-07,0.1067,0.008109,0.02074,0.1656,3.471e-05,2.054e-05,0.186
   79560,   79620,0.0079245,0.00962,0.02957,2.949e-24,2.543e-05,3.99e-05,0.0003941,1.166e-24,3.154e-05,0.001981,0.001308,4.271e-07,0.1066,0.008094,0.02072,0.1655,3.461e-05,2.04e-05,0.186
   79620,   79680,0.0079325,0.009606,0.02954,2.83e-24,2.534e-05,3.979e-05,0.0003931,1.115e-24,3.134e-05,0.001976,0.001305,4.251e-07,0.1066,0.00808,0.02071,0.1653,3.45e-05,2.027e-05,0.186
   79680,   79740,0.0079152,0.009593,0.02951,2.723e-24,2.526e-05,3.969e-05,0.0003921,1.069e-24,3.115e-05,0.001972,0.001303,4.232e-07,0.1065,0.008066,0.0207,0.1652,3.44e-05,2.014e-05,0.186
   79740,   79800,0.0078953,0.00958,0.02947,2.614e-24,2.516e-05,3.958e-05,0.000391,1.023e-24,3.095e-05,0.001968,0.0013,4.211e-07,0.1064,0.008051,0.02068,0.1651,3.43e-05,2e-05,0.186
   79800,   79860,0.0078621,0.009566,0.02944,2.512e-24,2.507e-05,3.947e-05,0.00039,9.789e-25,3.074e-05,0.001963,0.001298,4.19e-07,0.1063,0.008036,0.02067,0.165,3.419e-05,1.986e-05,0.186
   79860,   79920,0.0078638,0.009553,0.02941,2.419e-24,2.498e-05,3.937e-05,0.000389,9.395e-25,3.055e-05,0.001959,0.001295,4.171e-07,0.1062,0.008022,0.02065,0.1648,3.409e-05,1.973e-05,0.186
   79920,   79980,0.0078618,0.009538,0.02938,2.325e-24,2.489e-05,3.925e-05,0.0003879,9.001e-25,3.034e-05,0.001955,0.001292,4.15e-07,0.1061,0.008007,0.02064,0.1647,3.399e-05,1.959e-05,0.186
   79980,   80040,0.0078141,0.009524,0.02934,2.236e-24,2.479e-05,3.914e-05,0.0003868,8.626e-25,3.014e-05,0.00195,0.00129,4.129e-07,0.106,0.007991,0.02062,0.1646,3.388e-05,1.946e-05,0.186
   80040,   80100,0.0078127,0.009511,0.02931,2.156e-24,2.471e-05,3.904e-05,0.0003857,8.291e-25,2.995e-05,0.001946,0.001287,4.11e-07,0.1059,0.007977,0.02061,0.1644,3.378e-05,1.933e-05,0.186
   80100,   80160,0.0078033,0.009496,0.02927,2.075e-24,2.461e-05,3.892e-05,0.0003846,7.952e-25,2.974e-05,0.001941,0.001284,4.089e-07,0.1058,0.007961,0.02059,0.1643,3.367e-05,1.919e-05,0.186
   80160,   80220,0.0077946,0.009481,0.02924,1.997e-24,2.451e-05,3.881e-05,0.0003835,7.628e-25,2.953e-05,0.001936,0.001282,4.068e-07,0.1057,0.007945,0.02058,0.1641,3.356e-05,1.905e-05,0.186
   80220,   80280,0.0077382,0.009467,0.0292,1.927e-24,2.442e-05,3.87e-05,0.0003825,7.34e-25,2.934e-05,0.001932,0.001279,4.048e-07,0.1056,0.00793,0.02056,0.164,3.345e-05,1.892e-05,0.186
   80280,   80340,0.0077257,0.009452,0.02917,1.857e-24,2.432e-05,3.858e-05,0.0003813,7.048e-25,2.913e-05,0.001927,0.001276,4.026e-07,0.1055,0.007914,0.02055,0.1639,3.334e-05,1.878e-05,0.186
   80340,   80400,0.0077407,0.009437,0.02913,1.789e-24,2.423e-05,3.846e-05,0.0003802,6.771e-25,2.892e-05,0.001922,0.001273,4.005e-07,0.1054,0.007898,0.02053,0.1637,3.323e-05,1.864e-05,0.186
   80400,   80460,0.0077294,0.009423,0.0291,1.728e-24,2.413e-05,3.835e-05,0.0003791,6.522e-25,2.872e-05,0.001918,0.001271,3.985e-07,0.1053,0.007882,0.02051,0.1636,3.312e-05,1.851e-05,0.186
   80460,   80520,0.00773,0.009407,0.02906,1.666e-24,2.403e-05,3.823e-05,0.0003779,6.27e-25,2.852e-05,0.001913,0.001268,3.963e-07,0.1052,0.007866,0.0205,0.1634,3.301e-05,1.837e-05,0.186
   80520,   80580,0.0077116,0.009392,0.02902,1.607e-24,2.393e-05,3.811e-05,0.0003768,6.029e-25,2.831e-05,0.001908,0.001265,3.942e-07,0.1051,0.007849,0.02048,0.1633,3.289e-05,1.822e-05,0.186
   80580,   80640,0.0077285,0.009377,0.02898,1.554e-24,2.384e-05,3.8e-05,0.0003757,5.814e-25,2.811e-05,0.001904,0.001262,3.921e-07,0.105,0.007833,0.02046,0.1631,3.279e-05,1.809e-05,0.186
   80640,   80700,0.0077239,0.009361,0.02895,1.5e-24,2.374e-05,3.787e-05,0.0003745,5.596e-25,2.79e-05,0.001899,0.001259,3.9e-07,0.1049,0.007816,0.02045,0.163,3.267e-05,1.795e-05,0.186
   80700,   80760,0.0076841,0.009345,0.02891,1.448e-24,2.364e-05,3.775e-05,0.0003733,5.387e-25,2.769e-05,0.001894,0.001256,3.878e-07,0.1048,0.007799,0.02043,0.1628,3.255e-05,1.781e-05,0.186
   80760,   80820,0.0076811,0.009329,0.02887,1.401e-24,2.354e-05,3.764e-05,0.0003722,5.2e-25,2.749e-05,0.001889,0.001253,3.857e-07,0.1047,0.007783,0.02041,0.1626,3.244e-05,1.768e-05,0.186
   80820,   80880,0.0076482,0.009313,0.02883,1.353e-24,2.344e-05,3.751e-05,0.000371,5.01e-25,2.728e-05,0.001884,0.00125,3.835e-07,0.1046,0.007766,0.02039,0.1625,3.233e-05,1.754e-05,0.186
   80880,   80940,0.0076071,0.009296,0.02879,1.308e-24,2.334e-05,3.739e-05,0.0003698,4.828e-25,2.707e-05,0.001879,0.001247,3.813e-07,0.1045,0.007748,0.02038,0.1623,3.221e-05,1.74e-05,0.186
   80940,   81000,0.0076104,0.009281,0.02875,1.266e-24,2.324e-05,3.727e-05,0.0003686,4.665e-25,2.687e-05,0.001874,0.001244,3.792e-07,0.1043,0.007731,0.02036,0.1621,3.209e-05,1.726e-05,0.186
   81000,   81060,0.0076516,0.009264,0.02871,1.224e-24,2.313e-05,3.714e-05,0.0003674,4.5e-25,2.666e-05,0.001868,0.001241,3.77e-07,0.1042,0.007713,0.02034,0.162,3.197e-05,1.712e-05,0.186
   81060,   81120,0.0076459,0.009247,0.02867,1.184e-24,2.303e-05,3.701e-05,0.0003661,4.342e-25,2.645e-05,0.001863,0.001238,3.748e-07,0.1041,0.007695,0.02032,0.1618,3.185e-05,1.698e-05,0.186
   81120,   81180,0.0076465,0.00923,0.02863,1.148e-24,2.293e-05,3.689e-05,0.000365,4.199e-25,2.625e-05,0.001858,0.001235,3.727e-07,0.104,0.007678,0.0203,0.1616,3.174e-05,1.685e-05,0.186
   81180,   81240,0.0076321,0.009213,0.02858,1.11e-24,2.282e-05,3.676e-05,0.0003637,4.054e-25,2.603e-05,0.001853,0.001232,3.704e-07,0.1039,0.00766,0.02028,0.1615,3.162e-05,1.67e-05,0.186
   81240,   81300,0.0076303,0.009195,0.02854,1.075e-24,2.272e-05,3.663e-05,0.0003624,3.915e-25,2.582e-05,0.001848,0.001228,3.682e-07,0.1038,0.007641,0.02026,0.1613,3.149e-05,1.656e-05,0.186
   81300,   81360,0.007655,0.009179,0.0285,1.043e-24,2.262e-05,3.651e-05,0.0003612,3.79e-25,2.562e-05,0.001842,0.001225,3.661e-07,0.1036,0.007624,0.02024,0.1611,3.138e-05,1.643e-05,0.186
   81360,   81420,0.0076587,0.009161,0.02846,1.01e-24,2.251e-05,3.637e-05,0.00036,3.663e-25,2.541e-05,0.001837,0.001222,3.638e-07,0.1035,0.007605,0.02022,0.1609,3.125e-05,1.629e-05,0.186
   81420,   81480,0.0076162,0.009143,0.02841,9.78e-25,2.24e-05,3.624e-05,0.0003587,3.541e-25,2.52e-05,0.001831,0.001219,3.615e-07,0.1034,0.007586,0.0202,0.1608,3.113e-05,1.614e-05,0.186
   81480,   81540,0.0075015,0.009126,0.02837,9.494e-25,2.23e-05,3.611e-05,0.0003574,3.431e-25,2.5e-05,0.001826,0.001216,3.594e-07,0.1033,0.007568,0.02018,0.1606,3.101e-05,1.601e-05,0.186
   81540,   81600,0.0072681,0.009107,0.02832,9.2e-25,2.219e-05,3.598e-05,0.0003561,3.319e-25,2.478e-05,0.001821,0.001212,3.571e-07,0.1031,0.007548,0.02016,0.1604,3.088e-05,1.587e-05,0.186
   81600,   81660,0.0071956,0.009088,0.02828,8.919e-25,2.208e-05,3.584e-05,0.0003548,3.212e-25,2.457e-05,0.001815,0.001209,3.548e-07,0.103,0.007529,0.02014,0.1602,3.076e-05,1.573e-05,0.186
   81660,   81720,0.0073243,0.009071,0.02823,8.664e-25,2.198e-05,3.571e-05,0.0003536,3.115e-25,2.437e-05,0.00181,0.001206,3.527e-07,0.1029,0.00751,0.02012,0.16,3.064e-05,1.559e-05,0.186
   81720,   81780,0.0073078,0.009052,0.02819,8.403e-25,2.187e-05,3.558e-05,0.0003522,3.016e-25,2.416e-05,0.001804,0.001202,3.504e-07,0.1027,0.007491,0.0201,0.1598,3.051e-05,1.545e-05,0.186
   81780,   81840,0.0072213,0.009033,0.02814,8.152e-25,2.175e-05,3.544e-05,0.0003509,2.922e-25,2.394e-05,0.001798,0.001199,3.481e-07,0.1026,0.007471,0.02008,0.1596,3.038e-05,1.531e-05,0.186
   81840,   81900,0.0071395,0.009015,0.02809,7.925e-25,2.165e-05,3.531e-05,0.0003496,2.836e-25,2.374e-05,0.001793,0.001195,3.459e-07,0.1025,0.007452,0.02006,0.1594,3.026e-05,1.518e-05,0.186
   81900,   81960,0.0070213,0.008995,0.02805,7.691e-25,2.154e-05,3.516e-05,0.0003483,2.748e-25,2.353e-05,0.001787,0.001192,3.436e-07,0.1023,0.007431,0.02003,0.1592,3.013e-05,1.503e-05,0.186
   81960,   82020,0.00696,0.008975,0.028,7.466e-25,2.142e-05,3.502e-05,0.0003469,2.664e-25,2.332e-05,0.001781,0.001188,3.413e-07,0.1022,0.007411,0.02001,0.159,2.999e-05,1.489e-05,0.186
   82020,   82080,0.0065605,0.008957,0.02795,7.263e-25,2.132e-05,3.489e-05,0.0003456,2.588e-25,2.312e-05,0.001775,0.001185,3.391e-07,0.1021,0.007391,0.01999,0.1588,2.987e-05,1.476e-05,0.186
   82080,   82140,0.0057902,0.008937,0.0279,7.054e-25,2.12e-05,3.475e-05,0.0003442,2.511e-25,2.29e-05,0.00177,0.001181,3.368e-07,0.1019,0.00737,0.01997,0.1586,2.974e-05,1.462e-05,0.186
   82140,   82200,0.0043844,0.008916,0.02785,6.854e-25,2.109e-05,3.46e-05,0.0003428,2.437e-25,2.269e-05,0.001764,0.001178,3.344e-07,0.1018,0.007349,0.01994,0.1584,2.96e-05,1.448e-05,0.186
   82200,   82260,0.003678,0.008897,0.0278,6.671e-25,2.098e-05,3.447e-05,0.0003415,2.369e-25,2.249e-05,0.001758,0.001174,3.322e-07,0.1016,0.007329,0.01992,0.1582,2.948e-05,1.434e-05,0.186
   82260,   82320,0.0040734,0.008876,0.02775,6.484e-25,2.087e-05,3.432e-05,0.0003401,2.3e-25,2.228e-05,0.001752,0.00117,3.299e-07,0.1015,0.007308,0.0199,0.158,2.934e-05,1.42e-05,0.186
   82320,   82380,0.0038072,0.008856,0.0277,6.303e-25,2.075e-05,3.417e-05,0.0003387,2.234e-25,2.207e-05,0.001746,0.001167,3.275e-07,0.1013,0.007286,0.01987,0.1578,2.921e-05,1.406e-05,0.186
   82380,   82440,0.0040946,0.008836,0.02765,6.14e-25,2.064e-05,3.403e-05,0.0003374,2.174e-25,2.187e-05,0.00174,0.001163,3.253e-07,0.1012,0.007266,0.01985,0.1576,2.908e-05,1.393e-05,0.186
   82440,   82500,0.0049072,0.008815,0.0276,5.975e-25,2.052e-05,3.389e-05,0.0003359,2.112e-25,2.165e-05,0.001734,0.001159,3.23e-07,0.101,0.007244,0.01982,0.1573,2.894e-05,1.379e-05,0.186
   82500,   82560,0.0056483,0.008793,0.02754,5.813e-25,2.041e-05,3.374e-05,0.0003345,2.053e-25,2.144e-05,0.001727,0.001155,3.206e-07,0.1009,0.007222,0.0198,0.1571,2.88e-05,1.365e-05,0.186
   82560,   82620,0.0062809,0.008773,0.02749,5.665e-25,2.03e-05,3.36e-05,0.0003331,1.999e-25,2.124e-05,0.001721,0.001152,3.184e-07,0.1007,0.007201,0.01977,0.1569,2.867e-05,1.352e-05,0.186
   82620,   82680,0.0064614,0.008751,0.02744,5.514e-25,2.018e-05,3.344e-05,0.0003317,1.945e-25,2.103e-05,0.001715,0.001148,3.16e-07,0.1006,0.007179,0.01975,0.1567,2.853e-05,1.338e-05,0.186
   82680,   82740,0.0068745,0.008729,0.02738,5.368e-25,2.006e-05,3.329e-05,0.0003302,1.892e-25,2.082e-05,0.001709,0.001144,3.136e-07,0.1004,0.007156,0.01972,0.1564,2.84e-05,1.324e-05,0.186
   82740,   82800,0.0067832,0.008708,0.02733,5.235e-25,1.995e-05,3.315e-05,0.0003288,1.844e-25,2.062e-05,0.001702,0.00114,3.114e-07,0.1003,0.007135,0.01969,0.1562,2.826e-05,1.311e-05,0.186
   82800,   82860,0.0065613,0.008686,0.02727,5.099e-25,1.983e-05,3.299e-05,0.0003273,1.795e-25,2.041e-05,0.001696,0.001136,3.09e-07,0.1001,0.007112,0.01967,0.156,2.812e-05,1.297e-05,0.186
   82860,   82920,0.006003,0.008663,0.02721,4.966e-25,1.971e-05,3.284e-05,0.0003258,1.747e-25,2.02e-05,0.001689,0.001132,3.066e-07,0.09992,0.007088,0.01964,0.1557,2.798e-05,1.283e-05,0.186
   82920,   82980,0.0049702,0.008642,0.02716,4.846e-25,1.959e-05,3.269e-05,0.0003244,1.704e-25,2e-05,0.001683,0.001128,3.044e-07,0.09977,0.007066,0.01961,0.1555,2.785e-05,1.27e-05,0.186
   82980,   83040,0.0045507,0.008619,0.0271,4.723e-25,1.947e-05,3.254e-05,0.0003229,1.66e-25,1.979e-05,0.001677,0.001124,3.02e-07,0.0996,0.007043,0.01959,0.1552,2.77e-05,1.256e-05,0.186
   83040,   83100,0.0041096,0.008596,0.02704,4.604e-25,1.935e-05,3.238e-05,0.0003214,1.617e-25,1.958e-05,0.00167,0.00112,2.996e-07,0.09942,0.007019,0.01956,0.155,2.756e-05,1.242e-05,0.186
   83100,   83160,0.0038818,0.008574,0.02699,4.496e-25,1.924e-05,3.223e-05,0.0003199,1.578e-25,1.939e-05,0.001664,0.001116,2.974e-07,0.09926,0.006997,0.01953,0.1547,2.742e-05,1.229e-05,0.186
   83160,   83220,0.0038045,0.00855,0.02693,4.384e-25,1.911e-05,3.207e-05,0.0003184,1.539e-25,1.918e-05,0.001657,0.001112,2.95e-07,0.09908,0.006972,0.0195,0.1545,2.728e-05,1.215e-05,0.186
   83220,   83280,0.0038756,0.008526,0.02687,4.276e-25,1.899e-05,3.191e-05,0.0003169,1.5e-25,1.897e-05,0.00165,0.001108,2.925e-07,0.0989,0.006948,0.01947,0.1542,2.713e-05,1.202e-05,0.186
   83280,   83340,0.0039519,0.008503,0.02681,4.178e-25,1.887e-05,3.176e-05,0.0003154,1.465e-25,1.877e-05,0.001644,0.001104,2.903e-07,0.09874,0.006925,0.01944,0.154,2.699e-05,1.189e-05,0.186
   83340,   83400,0.0040685,0.008479,0.02675,4.076e-25,1.875e-05,3.16e-05,0.0003138,1.429e-25,1.857e-05,0.001637,0.0011,2.879e-07,0.09855,0.0069,0.01941,0.1537,2.685e-05,1.175e-05,0.186
   83400,   83460,0.0041047,0.008455,0.02668,3.978e-25,1.863e-05,3.144e-05,0.0003123,1.395e-25,1.836e-05,0.00163,0.001095,2.855e-07,0.09837,0.006875,0.01938,0.1534,2.67e-05,1.161e-05,0.186
   83460,   83520,0.0040572,0.008431,0.02662,3.889e-25,1.851e-05,3.128e-05,0.0003108,1.363e-25,1.816e-05,0.001623,0.001091,2.832e-07,0.09819,0.006852,0.01936,0.1532,2.656e-05,1.149e-05,0.186
   83520,   83580,0.0039338,0.008406,0.02656,3.797e-25,1.838e-05,3.112e-05,0.0003092,1.331e-25,1.796e-05,0.001616,0.001087,2.808e-07,0.09801,0.006827,0.01932,0.1529,2.641e-05,1.135e-05,0.186
   83580,   83640,0.0039319,0.008381,0.0265,3.708e-25,1.826e-05,3.095e-05,0.0003076,1.299e-25,1.775e-05,0.001609,0.001083,2.784e-07,0.09782,0.006801,0.01929,0.1526,2.626e-05,1.122e-05,0.186
   83640,   83700,0.0040327,0.008357,0.02643,3.626e-25,1.814e-05,3.079e-05,0.0003061,1.271e-25,1.756e-05,0.001602,0.001078,2.761e-07,0.09763,0.006777,0.01926,0.1524,2.612e-05,1.109e-05,0.186
   83700,   83760,0.0042056,0.008332,0.02637,3.543e-25,1.801e-05,3.063e-05,0.0003045,1.241e-25,1.736e-05,0.001595,0.001074,2.737e-07,0.09744,0.006751,0.01923,0.1521,2.597e-05,1.096e-05,0.186
   83760,   83820,0.004414,0.008306,0.0263,3.462e-25,1.789e-05,3.046e-05,0.0003029,1.213e-25,1.715e-05,0.001588,0.001069,2.713e-07,0.09724,0.006725,0.0192,0.1518,2.582e-05,1.082e-05,0.186
   83820,   83880,0.0038746,0.008281,0.02624,3.387e-25,1.777e-05,3.03e-05,0.0003013,1.187e-25,1.696e-05,0.001581,0.001065,2.69e-07,0.09706,0.0067,0.01917,0.1515,2.568e-05,1.07e-05,0.186
   83880,   83940,0.003846,0.008255,0.02617,3.311e-25,1.764e-05,3.013e-05,0.0002997,1.16e-25,1.676e-05,0.001574,0.001061,2.666e-07,0.09686,0.006674,0.01913,0.1512,2.552e-05,1.056e-05,0.186
   83940,   84000,0.0037945,0.008228,0.0261,3.237e-25,1.751e-05,2.996e-05,0.0002981,1.134e-25,1.655e-05,0.001566,0.001056,2.642e-07,0.09665,0.006647,0.0191,0.1509,2.537e-05,1.043e-05,0.186
