CampaignData_and_Merges/R0/CSL_MobileLab_Parked/raw/20240809/USOS-NOy-LIF_MobileLabGround_20240809_R0.ict
39,1001
Rollins, A.; Waxman, E.; Zuraski, K.; Chace, W.
NOAA Chemical Sciences Laboratory
LIF NO/NOx/NOy on CSL Mobile Lab
AMMBEC / USOS
1, 1
2024,08,09, 2025,01,04
1
Time_Start, seconds, number_of_seconds_since_0000_UTC
7
1, 1, 1, 1, 1, 1, 1
-9999, -9999, -9999, -9999, -9999, -9999, -9999
Time_Stop, seconds, number_of_seconds_since_0000_UTC
NO_LIF, pptv, Gas_NO_InSitu_S_AVMR, volume mixing ratio of nitric oxide in air
NO2_LIF, pptv, Gas_NO2_InSitu_S_AVMR, volume mixing ratio of nitrogen dioxide in air
NOy_LIF, pptv, Gas_NOy_InSitu_S_AVMR, volume mixing ratio of total oxidized nitrogen in air
NO_LIF_1SigmaAccuracy, pptv, Gas_NO_InSitu_S_AVMR, volume mixing ratio of nitric oxide in air
NO2_LIF_1SigmaAccuracy, pptv, Gas_NO2_InSitu_S_AVMR, volume mixing ratio of nitrogen dioxide in air
NOy_LIF_1SigmaAccuracy, pptv, Gas_NOy_InSitu_S_AVMR, volume mixing ratio of total oxidized nitrogen in air
0
18
PI_CONTACT_INFO: andrew.rollins@noaa.gov
PLATFORM: CSL Mobile Lab
LOCATION: Salt Lake City, UT
ASSOCIATED_DATA:
INSTRUMENT_INFO: NO detection by laser induced fluorescence. NO2 detection by photolytic conversion to NO. NOy detection by catalytic conversion to NO on gold surface
DATA_INFO:
UNCERTAINTY: Included 1 Sigma Accuracy waves represent the combined calibration uncertainties (±6%, ±9%, ±10%) and zero uncertainties (3 ppt, 20 ppt, 100 ppt) for NO, NO2, and NOy, respectively.
ULOD_FLAG: -7777
ULOD_VALUE: N/A
LLOD_FLAG: -8888
LLOD_VALUE: N/A
DM_CONTACT_INFO: andrew.rollins@noaa.gov
PROJECT_INFO: USOS Project, July - August 2024
STIPULATIONS_ON_USE: Users are strongly encouraged to contact the PI for proper data usage.
OTHER_COMMENTS:
REVISION: R0
R0: final data
Time_Start, Time_Stop, NO_LIF, NO2_LIF, NOy_LIF, NO_LIF_1SigmaAccuracy, NO2_LIF_1SigmaAccuracy, NOy_LIF_1SigmaAccuracy
[from data line 1059]
   63540,   63600,1381.4,4110,7062.8,85.883, 389.9, 806.28
   63600,   63660,1288.4,3917.6,6653.4,80.306, 372.58, 765.34
   63660,   63720,1010.7,3146.6,5359.1,63.644, 303.19, 635.91
   63720,   63780,1739.7,4561.2,8263,107.38, 430.51, 926.3
   63780,   63840,1428.6,3927.1,7077.8,88.715, 373.44, 807.78
   63840,   63900,2464.2,4857.3,8512.3,150.85, 457.15, 951.23
   63900,   63960,911.92,2840.2,4930.3,57.715, 275.62, 593.03
   63960,   64020,1017.7,2723.1,4911.6,64.064, 265.08, 591.16
   64020,   64080,764.86,2465.9,4244,48.892, 241.93, 524.4
   64080,   64140,811.14,2576.7,4504.1,51.668, 251.91, 550.41
   64140,   64200,702.47,2269.4,4033.8,45.148, 224.25, 503.38
   64200,   64260,737.35,2291.2,4022.7,47.241, 226.21, 502.27
   64260,   64320,929.5,2806.7,4618.6,58.77, 272.6, 561.86
   64320,   64380,1348.7,3133.9,5776.9,83.923, 302.05, 677.69
   64380,   64440,2031.8,3775.9,7557.7,124.91, 359.83, 855.77
   64440,   64500,1988.6,3501.1,6496.1,122.32, 335.1, 749.61
   64500,   64560,912.83,2776.2,4833.5,57.77, 269.86, 583.35
   64560,   64620,1586.1,3854,6117.3,98.168, 366.86, 711.73
   64620,   64680,3322.1,5310.1,7600.1,202.33, 497.91, 860.01
   64680,   64740,844.79,2662.5,4699.1,53.687, 259.62, 569.91
   64740,   64800,1323.1,3745.4,6259.6,82.385, 357.09, 725.96
   64800,   64860,2195.4,5317,8749,134.73, 498.53, 974.9
   64860,   64920,1956.7,4377.3,8181.8,120.4, 413.96, 918.18
   64920,   64980,-9999,-9999,-9999,-9999, -9999, -9999
   64980,   65040,-9999,-9999,-9999,-9999, -9999, -9999
   65040,   65100,-9999,-9999,-9999,-9999, -9999, -9999
   65100,   65160,-9999,-9999,-9999,-9999, -9999, -9999
   65160,   65220,-9999,-9999,-9999,-9999, -9999, -9999
   65220,   65280,-9999,-9999,-9999,-9999, -9999, -9999
   65280,   65340,-9999,-9999,-9999,-9999, -9999, -9999
   65340,   65400,392.95,1370.7,2596.8,26.577, 143.36, 359.68
   65400,   65460,455.61,1532.2,3124.7,30.336, 157.9, 412.47
   65460,   65520,804.8,2193.3,3779.1,51.288, 217.4, 477.91
   65520,   65580,976.55,2481.4,3390.7,61.593, 243.33, 439.07
   65580,   65640,981.47,2702.1,4794.1,61.888, 263.19, 579.41
   65640,   65700,1105.3,3037.3,5276.1,69.316, 293.36, 627.61
   65700,   65760,839.19,2599.9,4359.1,53.351, 253.99, 535.91
   65760,   65820,741.43,2412.2,4152.7,47.486, 237.1, 515.27
   65820,   65880,793.87,2580.2,4485.6,50.632, 252.22, 548.56
   65880,   65940,674.14,2301.9,4029.4,43.449, 227.17, 502.94
   65940,   66000,681.92,2067.1,3821.8,43.915, 206.04, 482.18
   66000,   66060,475.2,1627.6,2927.6,31.512, 166.49, 392.76
   66060,   66120,428.77,1478.7,2748.7,28.726, 153.09, 374.87
   66120,   66180,393.26,1361,2510.8,26.596, 142.49, 351.08
   66180,   66240,380.98,1305.6,2464.6,25.859, 137.5, 346.46
   66240,   66300,485.61,1577.3,2845.3,32.137, 161.95, 384.53
   66300,   66360,477.03,1572.6,2938.5,31.622, 161.53, 393.85
   66360,   66420,1190.6,3115.9,5260.4,74.436, 300.43, 626.04
   66420,   66480,774.19,2441.5,4058.4,49.451, 239.73, 505.84
   66480,   66540,628.6,1683.8,3042.2,40.716, 171.54, 404.22
   66540,   66600,1095.2,2699.5,5103.2,68.71, 262.95, 610.32
   66600,   66660,1455.7,3473.3,6155,90.342, 332.6, 715.5
   66660,   66720,486.56,1678.9,3233.7,32.194, 171.1, 423.37
   66720,   66780,391.53,1418.7,2652.7,26.492, 147.69, 365.27
   66780,   66840,1024.5,1968.8,4394.9,64.468, 197.19, 539.49
   66840,   66900,706.88,2308.5,3946.3,45.413, 227.77, 494.63
   66900,   66960,593.67,2151.3,3749.7,38.62, 213.61, 474.97
   66960,   67020,592.18,1907.7,3266.1,38.531, 191.7, 426.61
   67020,   67080,944.62,2585.9,4345.2,59.677, 252.73, 534.52
   67080,   67140,647.34,1937,3324.3,41.841, 194.33, 432.43
   67140,   67200,877.18,2150.1,3632.8,55.631, 213.5, 463.28
   67200,   67260,1066.2,2150.2,3926.2,66.973, 213.52, 492.62
   67260,   67320,1215.6,2714.8,4884.9,75.936, 264.33, 588.49
   67320,   67380,399.19,1375.1,2604.4,26.952, 143.76, 360.44
   67380,   67440,359.08,1291.8,2497.1,24.545, 136.27, 349.71
   67440,   67500,376.12,1340.5,2541.6,25.567, 140.65, 354.16
   67500,   67560,481.26,1643.6,2967.5,31.875, 167.92, 396.75
   67560,   67620,502.3,1684.1,2941.5,33.138, 171.57, 394.15
   67620,   67680,449,1588.8,2839.4,29.94, 163, 383.94
   67680,   67740,428.72,1546,2805.6,28.723, 159.14, 380.56
   67740,   67800,446.46,1574.5,2890.9,29.788, 161.71, 389.09
   67800,   67860,914.88,2364.7,3792.2,57.893, 232.83, 479.22
   67860,   67920,638.73,1948.8,3380.9,41.324, 195.39, 438.09
   67920,   67980,479.65,1538.9,3022.5,31.779, 158.5, 402.25
   67980,   68040,888.97,2293.1,4167,56.338, 226.38, 516.7
   68040,   68100,766.43,2296.2,4146.8,48.986, 226.66, 514.68
   68100,   68160,809.33,2195.8,4070.4,51.56, 217.63, 507.04
   68160,   68220,544.01,1774.4,2821.5,35.64, 179.7, 382.15
   68220,   68280,873.47,2471.4,3862.9,55.408, 242.42, 486.29
   68280,   68340,799.8,2206.5,4125.9,50.988, 218.58, 512.59
   68340,   68400,527.69,1851.1,3537.7,34.662, 186.6, 453.77
   68400,   68460,411.52,1456.4,2689,27.691, 151.07, 368.9
   68460,   68520,693.44,1853.2,3148.1,44.606, 186.79, 414.81
   68520,   68580,588.77,1969.2,3504.8,38.326, 197.22, 450.48
   68580,   68640,952.4,2598.5,4086.4,60.144, 253.87, 508.64
   68640,   68700,835.22,2322.1,4482.8,53.113, 228.99, 548.28
   68700,   68760,775.59,2031.5,3818.5,49.535, 202.83, 481.85
   68760,   68820,743.91,2222.5,4379.6,47.635, 220.02, 537.96
   68820,   68880,640.91,1940.1,3706.9,41.455, 194.61, 470.69
   68880,   68940,811.39,2271.8,4392.6,51.684, 224.46, 539.26
   68940,   69000,577.68,1988.8,3568.3,37.661, 199, 456.83
   69000,   69060,11536,10493,23380,695.17, 964.35, 2438
   69060,   69120,1695,3483,5980.6,104.7, 333.47, 698.06
   69120,   69180,854.35,2511.5,4584.3,54.261, 246.03, 558.43
   69180,   69240,621.17,2066.7,3771.6,40.27, 206.01, 477.16
   69240,   69300,1435.2,3172.8,5257.1,89.114, 305.55, 625.71
   69300,   69360,620.7,2022.1,3654.5,40.242, 201.99, 465.45
   69360,   69420,1334.6,3134.3,5712.3,83.077, 302.09, 671.23
   69420,   69480,655.39,2189.7,3931.3,42.323, 217.08, 493.13
   69480,   69540,602.44,1955.1,4132.8,39.146, 195.95, 513.28
   69540,   69600,408.62,1528.8,2882.2,27.517, 157.6, 388.22
   69600,   69660,435.28,1385.8,2742.7,29.117, 144.72, 374.27
   69660,   69720,431.02,1579.6,3012.7,28.861, 162.16, 401.27
   69720,   69780,723.79,2125,3553.8,46.428, 211.25, 455.38
   69780,   69840,687.9,2162,4070.5,44.274, 214.58, 507.05
   69840,   69900,314.75,1190.5,2370.6,21.885, 127.14, 337.06
   69900,   69960,242.95,960.47,2097.3,17.577, 106.44, 309.73
   69960,   70020,278.2,1088.2,2221.5,19.692, 117.94, 322.15
   70020,   70080,401.47,1418.3,2677.8,27.088, 147.65, 367.78
   70080,   70140,272.39,992.85,2225.9,19.344, 109.36, 322.59
   70140,   70200,730.13,1526.5,3510.6,46.808, 157.38, 451.06
   70200,   70260,606.19,1597.8,3102.1,39.371, 163.8, 410.21
   70260,   70320,513.52,1672.3,3032,33.811, 170.51, 403.2
   70320,   70380,318.19,1246.7,2536.4,22.092, 132.2, 353.64
   70380,   70440,367.79,1392.3,2747.2,25.068, 145.31, 374.72
   70440,   70500,347.29,1292.4,2505.4,23.837, 136.31, 350.54
   70500,   70560,313.51,1187.2,2476.6,21.811, 126.85, 347.66
   70560,   70620,252.27,1032.7,2141.2,18.136, 112.94, 314.12
   70620,   70680,278.19,1086.2,2315.9,19.692, 117.76, 331.59
   70680,   70740,822.43,1803.6,2866.2,52.346, 182.32, 386.62
   70740,   70800,471.61,1253.1,2723.1,31.296, 132.78, 372.31
   70800,   70860,402.29,1043.8,2496,27.138, 113.94, 349.6
   70860,   70920,283.83,877.68,1968.1,20.03, 98.992, 296.81
   70920,   70980,365.35,1249.2,2594.8,24.921, 132.43, 359.48
   70980,   71040,165.31,697.02,1665.5,12.919, 82.732, 266.55
   71040,   71100,174.37,737.9,1787,13.462, 86.411, 278.7
   71100,   71160,170.03,767.53,1720.1,13.202, 89.078, 272.01
   71160,   71220,192.76,829.79,1912.8,14.566, 94.682, 291.28
   71220,   71280,1047.3,2471.7,3117.1,65.837, 242.46, 411.71
   71280,   71340,462.94,1629,3164.9,30.776, 166.61, 416.49
   71340,   71400,320.51,1305.5,2621.1,22.231, 137.49, 362.11
   71400,   71460,322.38,1494.7,2940,22.343, 154.52, 394
   71460,   71520,454.5,1844.1,3503.8,30.27, 185.97, 450.38
   71520,   71580,578.01,1845.2,4128.7,37.68, 186.07, 512.87
   71580,   71640,559.53,1849.3,3707.2,36.572, 186.43, 470.72
   71640,   71700,385.81,1493.2,3068.6,26.149, 154.39, 406.86
   71700,   71760,582.2,1868.8,3322.2,37.932, 188.19, 432.22
   71760,   71820,491.55,1758,3432,32.493, 178.22, 443.2
   71820,   71880,299.68,1185.9,2590,20.981, 126.73, 359
   71880,   71940,296.34,1170.6,2376.1,20.781, 125.35, 337.61
   71940,   72000,250.17,987.65,2118.8,18.01, 108.89, 311.88
   72000,   72060,360.54,1264.6,2447.1,24.633, 133.82, 344.71
   72060,   72120,756.19,2024,2985.7,48.372, 202.16, 398.57
   72120,   72180,767.04,1580,3712,49.022, 162.2, 471.2
   72180,   72240,215.53,735.04,2165.8,15.932, 86.154, 316.58
   72240,   72300,690.45,1650,2423.2,44.427, 168.5, 342.32
   72300,   72360,1423.2,3461,4940.3,88.39, 331.49, 594.03
   72360,   72420,648.46,2080.7,3468.2,41.908, 207.27, 446.82
   72420,   72480,360,1579,3088.8,24.6, 162.11, 408.88
   72480,   72540,201.61,1181.6,2395.8,15.097, 126.35, 339.58
   72540,   72600,161.48,919.46,1991.4,12.689, 102.75, 299.14
   72600,   72660,155.14,889.28,2061.6,12.308, 100.04, 306.16
   72660,   72720,341.01,1789.4,3235,23.46, 181.05, 423.5
   72720,   72780,213.7,1191.6,2170.5,15.822, 127.24, 317.05
   72780,   72840,333.82,1758.3,2936.2,23.029, 178.25, 393.62
   72840,   72900,188.86,1077,2304.4,14.332, 116.93, 330.44
   72900,   72960,-9999,-9999,-9999,-9999, -9999, -9999
   72960,   73020,-9999,-9999,-9999,-9999, -9999, -9999
   73020,   73080,-9999,-9999,-9999,-9999, -9999, -9999
   73080,   73140,-9999,-9999,-9999,-9999, -9999, -9999
   73140,   73200,-9999,-9999,-9999,-9999, -9999, -9999
   73200,   73260,-9999,-9999,-9999,-9999, -9999, -9999
   73260,   73320,-9999,-9999,-9999,-9999, -9999, -9999
   73320,   73380,357.13,1580.6,4387.2,24.428, 162.25, 538.72
   73380,   73440,524.99,1935.2,2935.3,34.499, 194.16, 393.53
   73440,   73500,469.69,2102.2,3501.4,31.181, 209.2, 450.14
   73500,   73560,199.02,1240.1,2454.7,14.941, 131.61, 345.47
   73560,   73620,154.58,1034.4,2176.1,12.275, 113.1, 317.61
   73620,   73680,140.83,928.3,2053.1,11.45, 103.55, 305.31
   73680,   73740,122.1,931.67,2019.7,10.326, 103.85, 301.97
   73740,   73800,121.91,959.04,2050.4,10.315, 106.31, 305.04
   73800,   73860,126.04,1107.6,2208.8,10.562, 119.68, 320.88
   73860,   73920,1154.5,3290.4,3965.4,72.272, 316.13, 496.54
   73920,   73980,1641,5388.9,7996.4,101.46, 505, 899.64
   73980,   74040,1725.1,3520.9,8754.8,106.5, 336.88, 975.48
   74040,   74100,355.32,1930.8,3866.5,24.319, 193.77, 486.65
   74100,   74160,190.37,1395.3,2495,14.422, 145.58, 349.5
   74160,   74220,304.81,2075.6,3253.6,21.289, 206.8, 425.36
   74220,   74280,216.83,1649.8,2934.8,16.01, 168.49, 393.48
   74280,   74340,211.34,1601.5,2823.4,15.68, 164.14, 382.34
   74340,   74400,253.14,1785.4,3066.1,18.188, 180.69, 406.61
   74400,   74460,290.16,2087.6,3407.5,20.409, 207.89, 440.75
   74460,   74520,315.89,2222.7,3604,21.954, 220.05, 460.4
   74520,   74580,457.78,2886,4454.7,30.467, 279.74, 545.47
   74580,   74640,444.9,2885.4,4481.4,29.694, 279.68, 548.14
   74640,   74700,388.29,2479.8,4052.5,26.297, 243.18, 505.25
   74700,   74760,2026.8,4473.6,6826.8,124.61, 422.62, 782.68
   74760,   74820,730.32,3321.9,5326.3,46.819, 318.97, 632.63
   74820,   74880,568.18,2284,4040.6,37.091, 225.56, 504.06
   74880,   74940,677.8,2254.8,3984,43.668, 222.93, 498.4
   74940,   75000,794.77,2515.5,4385,50.686, 246.39, 538.5
   75000,   75060,681.04,2368.9,4288,43.862, 233.2, 528.8
   75060,   75120,610.19,2088,3696.8,39.611, 207.92, 469.68
   75120,   75180,582.81,2121.8,3769.8,37.969, 210.96, 476.98
   75180,   75240,631.12,2331.3,4202.4,40.867, 229.82, 520.24
   75240,   75300,636.47,2479.6,4291.9,41.188, 243.17, 529.19
   75300,   75360,645.22,2340.2,4174,41.713, 230.61, 517.4
   75360,   75420,611.64,2224.2,4018.5,39.698, 220.18, 501.85
   75420,   75480,635.62,2286.5,4097.5,41.137, 225.79, 509.75
   75480,   75540,569.62,2096.5,3826,37.177, 208.68, 482.6
   75540,   75600,603.35,2172.4,3967.9,39.201, 215.52, 496.79
   75600,   75660,519.96,1881.8,3618.5,34.198, 189.36, 461.85
   75660,   75720,459.64,1666.4,3281.9,30.578, 169.98, 428.19
   75720,   75780,422.67,1615.7,3164.2,28.36, 165.42, 416.42
   75780,   75840,427.43,1635.6,3218,28.646, 167.21, 421.8
   75840,   75900,387.31,1553.2,3043.3,26.238, 159.79, 404.33
   75900,   75960,450.48,1721.3,3294.9,30.029, 174.92, 429.49
   75960,   76020,666.46,2156.9,4141.4,42.987, 214.12, 514.14
   76020,   76080,575.82,2031.3,3707.8,37.549, 202.82, 470.78
   76080,   76140,623.07,2025.1,3899.5,40.384, 202.26, 489.95
   76140,   76200,474.77,1645.1,3447,31.486, 168.06, 444.7
   76200,   76260,1206.8,3443.6,5907.2,75.407, 329.93, 690.72
   76260,   76320,724.53,2365.6,4456.8,46.472, 232.9, 545.68
   76320,   76380,1435.9,3178.9,6174.6,89.155, 306.1, 717.46
   76380,   76440,695.77,2323.4,4060.2,44.746, 229.11, 506.02
   76440,   76500,509.29,1821.3,3676.8,33.557, 183.91, 467.68
   76500,   76560,1166.7,2609.1,4944.7,73.003, 254.82, 594.47
   76560,   76620,354.52,1217,2451.7,24.271, 129.53, 345.17
   76620,   76680,296.38,1165.8,2335.2,20.783, 124.92, 333.52
   76680,   76740,428.57,1571.8,2983.8,28.714, 161.46, 398.38
   76740,   76800,530.68,1792.6,3316.6,34.841, 181.34, 431.66
   76800,   76860,915.34,2221.2,4401.6,57.92, 219.91, 540.16
   76860,   76920,366.27,1277.9,2546.3,24.976, 135.01, 354.63
   76920,   76980,885.54,2080.1,4736.4,56.132, 207.21, 573.64
   76980,   77040,1244.4,2733,4822,77.667, 265.97, 582.2
   77040,   77100,1568.6,3200.5,5602.9,97.116, 308.05, 660.29
   77100,   77160,1240.5,2708.1,4599.9,77.43, 263.73, 559.99
   77160,   77220,912.64,1882.7,3759.2,57.759, 189.44, 475.92
   77220,   77280,1411,2605.6,5099.3,87.662, 254.5, 609.93
   77280,   77340,1375.2,2142.9,3708.6,85.513, 212.86, 470.86
   77340,   77400,850.65,1744.4,3464.7,54.039, 176.99, 446.47
   77400,   77460,945.85,1888.7,3407.8,59.751, 189.99, 440.78
   77460,   77520,1643,1818.1,4413,101.58, 183.63, 541.3
   77520,   77580,411.03,1003.1,1940.6,27.662, 110.28, 294.06
   77580,   77640,2696.3,1698.8,5150.4,164.78, 172.89, 615.04
   77640,   77700,989.97,1573.5,3607.4,62.398, 161.61, 460.74
   77700,   77760,5593.8,3270.2,8885,338.63, 314.32, 988.5
   77760,   77820,572.26,1129.3,2182.1,37.336, 121.64, 318.21
   77820,   77880,5800.3,2925.1,9723,351.02, 283.25, 1072.3
   77880,   77940,723.24,1427.7,2898.2,46.394, 148.49, 389.82
   77940,   78000,1022.3,1682.3,3209.7,64.337, 171.41, 420.97
   78000,   78060,748.72,1312,2642,47.923, 138.08, 364.2
   78060,   78120,619.92,1271.4,2526.3,40.195, 134.43, 352.63
   78120,   78180,1226.6,1650.2,3961.2,76.599, 168.52, 496.12
   78180,   78240,5912.1,3892.2,10564,357.73, 370.3, 1156.4
   78240,   78300,2798.3,2500.3,8359.5,170.9, 245.03, 935.95
   78300,   78360,3922.2,2101.5,6693.4,238.33, 209.13, 769.34
   78360,   78420,5417.2,3366.8,5455,328.03, 323.02, 645.5
   78420,   78480,4608,3119.6,7248.6,279.48, 300.76, 824.86
   78480,   78540,1277.6,1624.5,6254.7,79.655, 166.21, 725.47
   78540,   78600,1447.4,1788.7,4082.6,89.846, 180.98, 508.26
   78600,   78660,9596.1,3488,17980,578.77, 333.92, 1898
   78660,   78720,7507.6,3733.5,12365,453.46, 356.02, 1336.5
   78720,   78780,7702.6,5087.5,12065,465.16, 477.88, 1306.5
   78780,   78840,10448,7343.5,22999,629.91, 680.92, 2399.9
   78840,   78900,3950.7,3976.6,10168,240.04, 377.9, 1116.8
   78900,   78960,6373.6,4489.4,12367,385.42, 424.05, 1336.7
   78960,   79020,1326.9,2354.9,6087.5,82.612, 231.94, 708.75
   79020,   79080,640.59,1270.2,2391.1,41.435, 134.32, 339.11
   79080,   79140,712.45,1246.3,2067.9,45.747, 132.16, 306.79
   79140,   79200,2642,3115.1,8509.5,161.52, 300.36, 950.95
   79200,   79260,885.93,1830.4,3453.1,56.156, 184.73, 445.31
   79260,   79320,1648.5,2669.1,5682.6,101.91, 260.22, 668.26
