CampaignData_and_Merges/R0/CSL_MobileLab_Parked/raw/20240808/USOS-MetNav_MobileLabGround_20240808_R0.ict
44, 1001
Carrie Womack, Nate Howard, Mike Zucker
NOAA Chemical Sciences Laboratory
Mobile Lab MetNav Station
USOS
1, 1
2024, 08, 08, 2024, 12, 21
60
Time_Start, seconds_past_midnight, Seconds from midnight UTC
11
1, 1, 1, 1, 1, 1, 1, 1, 1, 1, 1
-9999, -9999, -9999, -9999, -9999, -9999, -9999, -9999, -9999, -9999, -9999
GPS_Alt_m, meters, Altitude from Differential GPS
GPS_Course_deg, degrees, Course from Differential GPS
GPS_GndSpd_m_s, m/s, Ground Speed from Differential GPS
GPS_Heading_deg, degrees, Heading from Differential GPS
GPS_Lat_deg, degrees, Latitude from Differential GPS
GPS_Lon_deg, degrees, Longitude from Differential GPS
AirTemp_C, Celsius, Air Temperature from Airmar
RelHumidity_pct, percent, Relative Humidity from Airmar
Pressure_mb, millibars, Pressure from Honeywell
WindDir_calc_deg, degrees, Wind Direction from Airmar corrected for van movement
WindSpd_calc_m_s, m/s, Wind Speed from Airmar corrected for van movement
1
SPECIAL COMMENTS:
18
PI_CONTACT_INFO: Address: 325 Broadway R/CSL7, Boulder, CO, 80305
PLATFORM: CSL Mobile Lab
LOCATION: Salt Lake City, UT
ASSOCIATED_DATA: N/A
INSTRUMENT_INFO: N/A
DATA_INFO: Units:
UNCERTAINTY: N/A
ULOD_FLAG: -7777
ULOD_VALUE: N/A
LLOD_FLAG: -8888
LLOD_VALUE: N/A
DM_CONTACT_INFO: Data Manager: Nate Howard
PROJECT_INFO: 
STIPULATIONS_ON_USE: Use of these data require prior ok from PI.
OTHER_COMMENTS: 
REVISION: R0
R0: Final data. Fixed bug in wind averaging code. RA: Preliminary Data. For in-field use only. 
Time_Start, GPS_Alt_m, GPS_Course_deg, GPS_GndSpd_m_s, GPS_Heading_deg, GPS_Lat_deg, GPS_Lon_deg, AirTemp_C, RelHumidity_pct, Pressure_mb, WindDir_calc_deg, WindSpd_calc_m_s
[from data line 1043]
62580.0,1308.8,2.26,0.05,2.26,40.73434,-111.87210,33.2,18.2,878.2,99.64,0.7
62640.0,1308.7,2.43,0.05,2.43,40.73434,-111.87211,33.1,18.1,878.2,89.13,0.5
62700.0,1308.7,2.66,0.05,2.66,40.73434,-111.87210,33.0,17.0,878.2,141.55,0.1
62760.0,1308.8,2.47,0.05,2.47,40.73434,-111.87210,33.1,16.5,878.2,119.03,0.8
62820.0,1308.8,2.22,0.05,2.22,40.73434,-111.87210,33.1,16.6,878.2,84.85,0.7
62880.0,1308.8,2.21,0.05,2.21,40.73434,-111.87210,32.9,16.7,878.2,85.34,0.6
62940.0,1308.7,2.06,0.05,2.06,40.73434,-111.87210,32.9,17.4,878.2,111.41,1.3
63000.0,1308.6,2.34,0.05,2.34,40.73434,-111.87210,33.0,17.9,878.2,109.18,0.8
63060.0,1308.6,1.80,0.05,1.80,40.73434,-111.87210,33.1,17.6,878.1,97.67,0.6
63120.0,1308.6,1.67,0.05,1.67,40.73433,-111.87211,33.1,17.9,878.1,85.11,0.7
63180.0,1308.5,1.32,0.05,1.32,40.73433,-111.87211,33.4,17.6,878.1,124.75,1.2
63240.0,1308.4,1.98,0.05,1.98,40.73433,-111.87211,33.7,16.0,878.1,155.08,1.3
63300.0,1308.4,1.36,0.04,1.36,40.73433,-111.87211,34.0,15.9,878.1,141.38,0.9
63360.0,1308.3,1.70,0.05,1.70,40.73433,-111.87211,34.2,15.9,878.1,135.88,1.5
63420.0,1308.3,1.30,0.05,1.30,40.73433,-111.87211,34.4,16.2,878.1,134.51,0.5
63480.0,1308.3,1.58,0.05,1.58,40.73433,-111.87211,34.5,16.4,878.1,103.64,0.5
63540.0,1308.3,1.27,0.05,1.27,40.73433,-111.87211,34.6,16.3,878.1,121.52,1.2
63600.0,1308.4,2.43,0.05,2.43,40.73433,-111.87211,34.7,15.3,878.1,175.16,1.5
63660.0,1308.5,2.55,0.05,2.55,40.73433,-111.87211,34.8,15.3,878.1,177.76,1.4
63720.0,1308.7,2.64,0.04,2.64,40.73433,-111.87211,35.0,15.5,878.1,179.18,1.5
63780.0,1309.1,1.63,0.05,1.63,40.73433,-111.87211,35.0,15.7,878.1,176.14,1.0
63840.0,1309.1,1.92,0.05,1.92,40.73433,-111.87211,35.1,15.7,878.1,129.31,0.9
63900.0,1309.2,2.13,0.04,2.13,40.73433,-111.87211,35.1,15.6,878.0,157.55,1.3
63960.0,1309.1,2.61,0.04,2.61,40.73433,-111.87211,35.0,16.0,878.0,133.14,1.4
64020.0,1309.2,1.89,0.04,1.89,40.73433,-111.87211,34.8,16.3,878.0,137.43,1.6
64080.0,1309.2,1.52,0.04,1.52,40.73433,-111.87211,34.7,16.3,878.0,134.66,1.4
64140.0,1309.2,1.68,0.04,1.68,40.73433,-111.87211,34.7,16.2,878.0,126.50,1.1
64200.0,1309.3,1.52,0.05,1.52,40.73433,-111.87211,34.8,16.4,878.0,129.97,1.3
64260.0,1309.4,1.66,0.04,1.66,40.73433,-111.87211,34.7,16.9,878.0,128.02,1.3
64320.0,1309.5,1.62,0.05,1.62,40.73433,-111.87211,34.8,16.6,878.0,140.10,1.4
64380.0,1309.5,2.34,0.05,2.34,40.73434,-111.87211,34.7,17.3,878.0,137.38,1.8
64440.0,1309.5,2.21,0.05,2.21,40.73434,-111.87211,34.7,16.7,878.0,124.72,1.6
64500.0,1309.4,2.00,0.05,2.00,40.73434,-111.87211,34.5,17.5,878.0,123.14,2.4
64560.0,1309.3,1.81,0.05,1.81,40.73434,-111.87211,34.6,16.4,878.0,154.52,1.9
64620.0,1309.2,2.30,0.05,2.30,40.73434,-111.87211,34.9,16.1,878.0,162.62,1.3
64680.0,1309.3,2.54,0.05,2.54,40.73434,-111.87211,35.0,15.6,878.0,142.42,1.0
64740.0,1309.4,2.32,0.04,2.32,40.73434,-111.87211,35.1,15.9,878.0,141.49,1.4
64800.0,1309.4,1.98,0.05,1.98,40.73434,-111.87211,35.3,15.5,878.0,154.77,1.4
64860.0,1309.5,2.20,0.05,2.20,40.73434,-111.87211,35.4,15.6,878.0,158.98,1.6
64920.0,1309.4,2.35,0.05,2.35,40.73434,-111.87211,35.5,15.5,877.9,143.08,1.2
64980.0,1309.4,1.93,0.05,1.93,40.73434,-111.87211,35.5,16.2,877.9,146.04,1.4
65040.0,1309.4,1.85,0.05,1.85,40.73434,-111.87211,35.3,17.9,877.9,122.33,1.5
65100.0,1309.4,1.49,0.05,1.49,40.73434,-111.87211,35.4,16.6,877.9,120.74,1.0
65160.0,1309.3,1.57,0.06,1.57,40.73434,-111.87211,35.5,15.1,877.9,91.68,0.4
65220.0,1309.2,2.28,0.05,2.28,40.73434,-111.87211,35.6,14.8,877.9,130.50,0.4
65280.0,1309.3,2.62,0.05,2.62,40.73434,-111.87211,35.7,15.5,877.9,98.70,0.7
65340.0,1309.4,2.73,0.05,2.73,40.73434,-111.87211,35.3,15.4,877.9,59.24,0.7
65400.0,1309.3,2.88,0.05,2.88,40.73434,-111.87210,34.9,15.2,878.0,80.68,0.6
65460.0,1309.1,3.15,0.05,3.15,40.73434,-111.87211,34.7,14.7,878.0,114.39,0.6
65520.0,1308.8,3.14,0.04,3.14,40.73434,-111.87211,34.7,13.9,878.0,114.98,0.4
65580.0,1309.1,3.41,0.05,3.41,40.73434,-111.87210,34.6,14.1,878.0,100.62,0.6
65640.0,1308.9,3.19,0.05,3.19,40.73434,-111.87210,34.6,13.9,878.0,130.73,0.9
65700.0,1309.3,2.72,0.05,2.72,40.73434,-111.87210,34.6,14.3,878.0,133.43,1.6
65760.0,1309.5,2.42,0.05,2.42,40.73434,-111.87210,34.6,14.5,878.0,128.72,1.6
65820.0,1309.5,2.44,0.05,2.44,40.73434,-111.87210,34.6,14.2,878.0,124.82,1.6
65880.0,1309.4,2.36,0.05,2.36,40.73434,-111.87210,35.0,13.9,878.0,138.81,1.0
65940.0,1309.6,2.41,0.04,2.41,40.73434,-111.87210,35.2,13.9,877.9,149.35,1.2
66000.0,1309.7,2.44,0.05,2.44,40.73434,-111.87210,35.5,13.8,877.9,131.40,1.0
66060.0,1309.8,1.72,0.04,1.72,40.73434,-111.87210,35.7,13.4,877.9,150.35,1.6
66120.0,1309.7,0.79,0.05,0.79,40.73434,-111.87210,35.9,13.5,877.9,162.14,1.0
66180.0,1309.6,0.55,0.05,0.55,40.73434,-111.87211,36.1,13.5,877.9,173.14,1.2
66240.0,1309.5,0.68,0.04,0.68,40.73434,-111.87211,36.2,13.4,877.9,168.85,1.1
66300.0,1309.5,0.81,0.05,0.81,40.73434,-111.87211,36.4,13.5,877.9,155.29,1.2
66360.0,1309.6,1.29,0.05,1.29,40.73434,-111.87211,36.5,13.8,877.9,141.71,1.9
66420.0,1309.5,1.56,0.05,1.56,40.73434,-111.87211,36.3,14.2,877.9,147.60,2.4
66480.0,1310.2,1.45,0.05,1.45,40.73434,-111.87210,36.3,13.6,877.9,138.72,1.3
66540.0,1309.8,1.17,0.05,1.17,40.73434,-111.87211,36.3,14.1,877.9,122.95,1.6
66600.0,1309.8,1.66,0.05,1.66,40.73434,-111.87210,36.0,14.8,877.9,132.51,2.4
66660.0,1310.1,1.79,0.05,1.79,40.73434,-111.87211,35.9,14.1,877.9,144.38,2.1
66720.0,1309.9,2.05,0.05,2.05,40.73434,-111.87210,35.9,13.9,877.9,143.31,1.7
66780.0,1309.9,1.59,0.04,1.59,40.73434,-111.87210,35.9,14.2,877.9,129.19,1.5
66840.0,1309.9,1.45,0.05,1.45,40.73434,-111.87210,36.1,13.9,877.9,144.42,1.5
66900.0,1309.9,1.70,0.05,1.70,40.73434,-111.87210,36.3,13.8,877.9,143.52,1.0
66960.0,1310.0,1.50,0.05,1.50,40.73434,-111.87210,36.3,14.2,877.9,130.28,0.7
67020.0,1310.1,1.61,0.05,1.61,40.73434,-111.87211,36.4,14.4,877.9,121.40,0.7
67080.0,1309.9,1.55,0.05,1.55,40.73434,-111.87211,36.3,15.0,877.9,109.98,0.4
67140.0,1309.8,1.86,0.05,1.86,40.73434,-111.87211,36.3,14.0,877.9,123.17,0.4
67200.0,1309.6,1.76,0.04,1.76,40.73434,-111.87211,36.2,14.2,877.9,101.90,0.6
67260.0,1309.6,1.86,0.05,1.86,40.73434,-111.87211,36.0,13.7,877.8,96.63,0.6
67320.0,1309.6,1.77,0.05,1.77,40.73434,-111.87211,35.8,13.4,877.8,134.99,0.4
67380.0,1309.5,2.06,0.04,2.06,40.73434,-111.87211,35.7,13.7,877.8,190.79,0.5
67440.0,1309.4,2.33,0.05,2.33,40.73434,-111.87210,35.8,13.4,877.8,181.81,0.6
67500.0,1309.2,3.23,0.05,3.23,40.73434,-111.87211,35.8,13.2,877.8,189.31,0.5
67560.0,1308.9,2.75,0.05,2.75,40.73434,-111.87211,36.0,13.2,877.8,159.20,0.6
67620.0,1308.8,2.39,0.04,2.39,40.73434,-111.87211,36.1,12.9,877.8,166.30,0.4
67680.0,1308.8,1.92,0.05,1.92,40.73434,-111.87210,36.1,12.9,877.8,126.15,0.6
67740.0,1308.7,1.61,0.04,1.61,40.73434,-111.87210,35.9,13.2,877.8,62.18,0.2
67800.0,1308.6,1.84,0.05,1.84,40.73434,-111.87211,35.7,13.5,877.8,90.88,0.4
67860.0,1308.5,1.78,0.04,1.78,40.73434,-111.87210,35.6,13.4,877.8,135.28,1.4
67920.0,1308.3,1.55,0.05,1.55,40.73434,-111.87210,35.7,12.9,877.8,157.12,1.3
67980.0,1308.3,1.88,0.05,1.88,40.73434,-111.87210,35.9,13.6,877.8,119.74,0.8
68040.0,1308.3,2.34,0.05,2.34,40.73434,-111.87210,35.9,13.8,877.8,124.19,0.7
68100.0,1308.2,2.23,0.04,2.23,40.73434,-111.87210,36.1,13.4,877.7,122.86,0.7
68160.0,1308.1,1.97,0.05,1.97,40.73434,-111.87210,36.4,13.2,877.7,132.28,0.5
68220.0,1308.0,2.11,0.04,2.11,40.73434,-111.87210,36.4,13.7,877.7,73.28,0.1
68280.0,1308.0,2.14,0.05,2.14,40.73434,-111.87210,36.3,12.7,877.7,112.21,1.1
68340.0,1307.9,2.36,0.05,2.36,40.73434,-111.87210,36.3,12.6,877.7,117.50,1.0
68400.0,1307.9,2.30,0.05,2.30,40.73434,-111.87210,36.4,12.8,877.7,135.87,0.7
68460.0,1307.7,2.45,0.04,2.45,40.73434,-111.87210,36.5,13.0,877.7,127.69,1.0
68520.0,1307.6,2.28,0.05,2.28,40.73434,-111.87210,36.6,13.0,877.7,137.04,1.1
68580.0,1307.5,2.53,0.04,2.53,40.73434,-111.87210,36.6,12.3,877.7,148.69,1.8
68640.0,1307.5,2.41,0.05,2.41,40.73434,-111.87210,36.6,12.8,877.7,119.39,0.9
68700.0,1307.5,2.34,0.04,2.34,40.73434,-111.87210,36.6,13.7,877.7,121.45,1.5
68760.0,1307.6,2.10,0.04,2.10,40.73434,-111.87210,36.3,14.4,877.7,131.98,1.9
68820.0,1307.6,1.39,0.05,1.39,40.73434,-111.87210,36.2,13.6,877.7,135.23,2.0
68880.0,1307.5,1.38,0.04,1.38,40.73434,-111.87210,35.9,15.3,877.7,120.74,1.7
68940.0,1307.5,1.68,0.05,1.68,40.73434,-111.87210,35.8,16.1,877.7,114.89,0.9
69000.0,1307.6,1.43,0.05,1.43,40.73434,-111.87210,35.6,15.7,877.7,116.76,1.1
69060.0,1307.7,1.16,0.05,1.16,40.73434,-111.87210,35.3,15.1,877.7,78.26,0.6
69120.0,1307.7,1.45,0.05,1.45,40.73434,-111.87211,35.2,14.5,877.7,118.38,1.1
69180.0,1307.8,1.90,0.05,1.90,40.73434,-111.87211,35.2,14.7,877.6,117.33,1.2
69240.0,1307.9,1.77,0.06,1.77,40.73434,-111.87211,35.1,13.7,877.6,127.64,1.8
69300.0,1307.8,1.86,0.05,1.86,40.73434,-111.87211,35.0,15.1,877.6,118.51,1.6
69360.0,1307.9,1.64,0.05,1.64,40.73434,-111.87211,35.0,15.1,877.6,141.90,1.3
69420.0,1307.8,1.77,0.05,1.77,40.73434,-111.87211,35.0,14.7,877.6,116.71,0.2
69480.0,1307.8,1.83,0.05,1.83,40.73434,-111.87211,34.9,15.1,877.4,137.21,1.1
69540.0,1307.9,1.60,0.05,1.60,40.73434,-111.87211,34.7,14.6,877.4,144.71,2.9
69600.0,1307.9,1.77,0.05,1.77,40.73434,-111.87211,34.7,14.1,877.4,151.76,2.0
69660.0,1308.0,1.99,0.05,1.99,40.73434,-111.87211,34.8,14.2,877.4,162.85,1.8
69720.0,1308.1,2.29,0.04,2.29,40.73434,-111.87211,34.7,14.3,877.4,182.61,1.5
69780.0,1308.1,2.77,0.04,2.77,40.73434,-111.87211,34.9,15.2,877.4,131.87,0.9
69840.0,1308.1,2.36,0.05,2.36,40.73434,-111.87210,35.1,14.9,877.4,142.57,0.3
69900.0,1308.1,1.57,0.05,1.57,40.73434,-111.87210,35.4,15.0,877.4,110.31,0.9
69960.0,1308.2,1.71,0.05,1.71,40.73434,-111.87210,35.7,14.0,877.4,133.84,1.0
70020.0,1308.3,2.08,0.05,2.08,40.73434,-111.87210,35.9,13.8,877.3,109.34,1.1
70080.0,1308.4,1.77,0.05,1.77,40.73434,-111.87210,35.8,13.5,877.3,76.86,0.6
70140.0,1308.4,1.92,0.06,1.92,40.73434,-111.87210,35.8,14.3,877.3,120.30,1.6
70200.0,1308.5,2.16,0.04,2.16,40.73434,-111.87211,35.8,13.7,877.3,130.16,2.0
70260.0,1308.4,2.68,0.05,2.68,40.73434,-111.87211,36.0,13.0,877.3,142.53,0.8
70320.0,1308.5,2.54,0.06,2.54,40.73434,-111.87210,36.3,13.1,877.3,130.07,0.9
70380.0,1308.6,2.13,0.05,2.13,40.73434,-111.87210,36.5,13.4,877.3,112.23,0.6
70440.0,1308.8,1.68,0.05,1.68,40.73434,-111.87210,36.7,13.6,877.3,112.55,0.9
70500.0,1308.6,1.62,0.04,1.62,40.73434,-111.87210,36.8,13.5,877.3,90.75,0.8
70560.0,1308.3,1.58,0.05,1.58,40.73434,-111.87210,36.8,14.7,877.3,112.10,1.5
70620.0,1308.4,1.62,0.05,1.62,40.73434,-111.87210,36.8,12.9,877.2,153.82,2.0
70680.0,1308.5,1.89,0.05,1.89,40.73434,-111.87211,36.8,13.0,877.2,139.75,1.6
70740.0,1308.5,2.05,0.05,2.05,40.73434,-111.87211,36.6,14.3,877.2,127.46,2.0
70800.0,1308.5,2.41,0.05,2.41,40.73434,-111.87210,36.7,13.0,877.2,160.96,1.1
70860.0,1308.6,2.49,0.05,2.49,40.73434,-111.87210,36.8,12.8,877.2,177.14,1.3
70920.0,1308.7,1.88,0.05,1.88,40.73434,-111.87210,37.0,12.7,877.2,185.44,1.6
70980.0,1308.8,1.99,0.05,1.99,40.73434,-111.87210,37.1,12.6,877.2,168.57,1.3
71040.0,1308.9,1.76,0.05,1.76,40.73434,-111.87210,37.2,12.9,877.2,128.82,1.3
71100.0,1309.0,2.09,0.05,2.09,40.73434,-111.87211,36.8,13.4,877.1,100.58,1.0
71160.0,1308.9,2.35,0.05,2.35,40.73434,-111.87211,36.6,14.0,877.1,115.47,1.4
71220.0,1308.8,2.45,0.05,2.45,40.73434,-111.87210,36.2,14.1,877.1,115.56,2.0
71280.0,1308.7,1.98,0.05,1.98,40.73434,-111.87211,35.9,14.3,877.1,115.60,1.4
71340.0,1308.8,2.02,0.05,2.02,40.73434,-111.87211,35.9,14.6,877.1,116.15,1.1
71400.0,1308.9,1.33,0.04,1.33,40.73434,-111.87211,35.9,14.7,877.1,106.33,0.8
71460.0,1308.8,1.26,0.06,1.26,40.73434,-111.87211,36.1,13.9,877.1,126.97,1.7
71520.0,1308.7,0.90,0.06,0.90,40.73434,-111.87211,36.2,13.3,877.1,161.94,2.0
71580.0,1308.6,1.46,0.05,1.46,40.73434,-111.87211,36.4,13.3,877.1,148.83,1.8
71640.0,1308.7,1.72,0.05,1.72,40.73434,-111.87211,36.7,13.7,877.1,99.13,0.7
71700.0,1308.6,1.79,0.05,1.79,40.73434,-111.87211,36.8,14.1,877.0,76.38,0.6
71760.0,1308.7,1.88,0.05,1.88,40.73434,-111.87211,36.7,13.6,877.0,53.01,0.3
71820.0,1308.6,2.55,0.05,2.55,40.73434,-111.87211,36.7,14.2,877.0,74.36,0.8
71880.0,1308.4,2.47,0.04,2.47,40.73434,-111.87211,36.5,14.4,877.0,118.91,3.4
71940.0,1308.5,2.68,0.05,2.68,40.73434,-111.87211,36.3,14.1,877.0,128.19,2.9
72000.0,1308.7,2.71,0.04,2.71,40.73434,-111.87211,36.3,13.8,877.0,121.27,1.9
72060.0,1308.8,2.58,0.04,2.58,40.73434,-111.87211,36.4,13.9,877.0,151.25,1.8
72120.0,1308.9,1.75,0.04,1.75,40.73434,-111.87211,36.3,14.0,877.0,131.11,3.1
72180.0,1308.8,1.84,0.05,1.84,40.73434,-111.87211,36.2,14.4,877.0,134.06,2.6
72240.0,1308.9,2.29,0.04,2.29,40.73434,-111.87211,36.3,14.1,877.0,135.78,2.3
72300.0,1309.3,2.54,0.05,2.54,40.73434,-111.87211,36.1,14.2,877.0,120.57,2.4
72360.0,1309.3,2.53,0.04,2.53,40.73434,-111.87211,36.2,13.7,877.0,120.91,1.3
72420.0,1309.4,2.25,0.04,2.25,40.73434,-111.87211,36.4,13.6,877.0,133.57,1.3
72480.0,1309.4,2.10,0.05,2.10,40.73434,-111.87211,36.6,13.6,877.0,159.45,1.0
72540.0,1309.3,2.65,0.05,2.65,40.73434,-111.87211,36.8,13.4,877.0,169.07,1.5
72600.0,1309.7,2.58,0.04,2.58,40.73434,-111.87211,37.1,13.5,877.0,165.01,1.3
72660.0,1309.7,2.38,0.05,2.38,40.73434,-111.87211,37.3,13.2,877.0,186.68,1.7
72720.0,1309.6,2.00,0.04,2.00,40.73434,-111.87211,37.4,13.1,877.0,181.91,1.4
72780.0,1309.4,1.48,0.04,1.48,40.73434,-111.87211,37.6,12.9,877.0,167.78,1.4
72840.0,1309.6,1.65,0.04,1.65,40.73434,-111.87211,37.7,13.3,877.0,133.81,0.8
72900.0,1309.7,1.73,0.04,1.73,40.73435,-111.87211,37.8,13.1,877.0,164.76,1.8
72960.0,1309.7,1.50,0.04,1.50,40.73435,-111.87211,37.8,13.1,877.0,152.38,1.8
73020.0,1309.6,1.31,0.04,1.31,40.73435,-111.87211,37.8,13.6,876.9,131.17,1.4
73080.0,1309.5,1.68,0.04,1.68,40.73435,-111.87211,37.9,13.5,876.9,159.92,2.1
73140.0,1309.5,1.67,0.04,1.67,40.73435,-111.87211,37.7,13.3,876.9,151.86,2.4
73200.0,1309.5,2.18,0.04,2.18,40.73435,-111.87211,37.6,13.5,876.9,173.72,2.2
73260.0,1309.6,2.40,0.04,2.40,40.73435,-111.87211,37.7,13.2,876.9,164.58,1.2
73320.0,1309.6,2.51,0.04,2.51,40.73435,-111.87211,37.7,13.6,876.9,155.96,1.3
73380.0,1309.5,2.64,0.05,2.64,40.73435,-111.87211,37.9,13.3,876.9,163.02,1.1
73440.0,1309.5,2.74,0.05,2.74,40.73435,-111.87211,38.1,13.3,876.9,135.71,0.9
73500.0,1309.4,2.16,0.05,2.16,40.73435,-111.87211,38.1,12.9,876.9,180.05,1.7
73560.0,1309.4,2.43,0.05,2.43,40.73435,-111.87211,38.1,13.7,876.9,148.01,2.3
73620.0,1309.6,2.29,0.05,2.29,40.73435,-111.87211,37.9,14.2,876.9,140.49,2.7
73680.0,1309.4,1.77,0.05,1.77,40.73435,-111.87211,37.6,13.5,876.9,135.70,3.1
73740.0,1309.4,1.96,0.05,1.96,40.73435,-111.87211,37.4,14.0,876.9,150.96,3.0
73800.0,1309.2,1.95,0.05,1.95,40.73435,-111.87211,37.4,14.3,876.9,147.12,2.3
73860.0,1309.2,1.43,0.04,1.43,40.73435,-111.87211,37.2,13.7,876.8,125.37,1.4
73920.0,1309.1,1.73,0.04,1.73,40.73435,-111.87211,37.0,14.5,876.8,136.95,1.1
73980.0,1309.1,2.21,0.04,2.21,40.73435,-111.87211,37.1,13.8,876.8,169.15,1.3
74040.0,1309.1,2.48,0.04,2.48,40.73435,-111.87211,37.1,13.3,876.8,171.55,1.9
74100.0,1309.1,2.77,0.04,2.77,40.73435,-111.87211,37.0,13.3,876.8,162.76,2.2
74160.0,1309.1,2.60,0.04,2.60,40.73435,-111.87211,37.0,14.0,876.8,128.30,1.7
74220.0,1309.1,2.18,0.04,2.18,40.73435,-111.87211,36.9,15.1,876.8,126.83,2.4
74280.0,1309.0,1.62,0.04,1.62,40.73435,-111.87211,36.8,14.8,876.8,143.12,2.5
74340.0,1309.1,2.03,0.04,2.03,40.73435,-111.87211,36.8,14.8,876.8,143.48,2.8
74400.0,1308.9,2.38,0.04,2.38,40.73435,-111.87211,36.7,13.9,876.8,151.51,2.7
74460.0,1308.8,2.65,0.04,2.65,40.73435,-111.87210,36.6,14.5,876.8,136.04,2.4
74520.0,1308.8,2.61,0.04,2.61,40.73435,-111.87210,36.7,13.8,876.8,139.89,1.3
74580.0,1308.9,2.79,0.04,2.79,40.73435,-111.87210,36.9,14.1,876.8,133.65,1.3
74640.0,1308.9,2.68,0.04,2.68,40.73435,-111.87210,37.0,13.9,876.8,110.94,0.9
74700.0,1308.8,2.89,0.04,2.89,40.73435,-111.87210,37.2,13.7,876.8,136.74,1.0
74760.0,1308.8,3.10,0.05,3.10,40.73435,-111.87210,37.4,13.4,876.8,151.35,1.0
74820.0,1308.9,2.81,0.04,2.81,40.73435,-111.87210,37.7,13.3,876.8,136.62,1.0
74880.0,1309.0,2.49,0.04,2.49,40.73434,-111.87210,37.8,13.2,876.8,167.26,1.3
74940.0,1309.1,2.53,0.04,2.53,40.73434,-111.87210,38.0,13.2,876.8,151.96,1.2
75000.0,1309.2,2.95,0.04,2.95,40.73434,-111.87210,38.1,13.3,876.8,127.52,1.2
