CampaignData_and_Merges/R0/CSL_MobileLab_Parked/raw/20240808/USOS-HCHO_MobileLabGround_20240808_R0.ict
35,1001
Huang, Yaoxian
Wayne State University
Picarro G2307 on CSL Mobile Lab
USOS
1,1
2024,08,08,2024,08,13
1.0
Time_Start,seconds_since_midnight,number_of_seconds_since_0000_UTC
3
1.0,1.0,1.0
-9999.0,-9999.0,-9999.0
HCHO,ppbv,Gas_HCHO_InSitu_S_AVMR,volume mixing ratio of formaldehyde in air
H2O,ppmv,Gas_H2O_InSitu_S_AVMR,volume mixing ratio of water vapor in air
CH4,ppmv,Gas_CH4_InSitu_S_AVMR,volume mixing ratio of methane in air
0
18
PI_CONTACT_INFO: yaoxian.huang@wayne.edu
PLATFORM: CSL Mobile Lab, at Ground Site
LOCATION: Salt Lake City, UT
ASSOCIATED_DATA: N/A
INSTRUMENT_INFO: Cavity Ring-Down Spectrometer
DATA_INFO: Data is averaged to 1 minute intervals for stationary and 1 second interval for driving. Stationary data collected from a 20 ft tower on top of the mobile lab.
UNCERTAINTY: N/A
ULOD_FLAG: -7777
ULOD_VALUE: N/A
LLOD_FLAG: -8888
LLOD_VALUE: N/A
DM_CONTACT_INFO: Yaoxian Huang; yaoxian.huang@wayne.edu
PROJECT_INFO: USOS, Summer 2024. https://csl.noaa.gov/groups/csl7/measurements/2024usos/
STIPULATIONS_ON_USE: Users are strongly encouraged to contact the PI for proper data usage.
OTHER_COMMENTS: Data have been shifted backwards by 1 minute to align with USOS MetNav and Picarro GHG data.
REVISION: R0
R0: Final Data
Time_Start,HCHO,H2O,CH4
0,1.85827,6878.07,1.92824
60,2.12358,6992.31,1.92943
120,1.78112,6947.13,1.93008
180,2.02981,7176.97,1.9261
240,1.79942,7010.97,1.92968
300,1.86809,7008.68,1.92886
360,1.81705,6829.35,1.92839
420,1.87881,6633.37,1.92802
480,1.926,7097.54,1.92853
540,2.05307,7171.35,1.92581
600,2.00037,7481.9,1.92512
660,2.25802,7380.66,1.92805
720,1.89708,7236.62,1.92359
780,2.049,6916.66,1.9215
840,1.63909,6601.58,1.92275
900,1.81706,7320.07,1.9244
960,1.99445,7256.01,1.92482
1020,1.82248,7013.81,1.92856
1080,2.04996,7171.94,1.92704
1140,2.11886,7518.76,1.92922
1200,2.30761,7445.59,1.92843
1260,2.13645,7637.62,1.92864
1320,2.01952,7691.27,1.9289
1380,2.08065,7378.32,1.92659
1440,1.97875,7348.78,1.92781
1500,2.03982,7405.04,1.92632
1560,1.98999,7048.16,1.9293
1620,1.9601,7013.82,1.92614
1680,2.01868,7192.59,1.92753
1740,2.04853,7044.99,1.92881
1800,1.87657,7294.51,1.9293
1860,2.01948,7655.06,1.93078
1920,1.84788,6998.31,1.93006
1980,2.01467,7554.04,1.92827
2040,2.31213,7937.9,1.92958
2100,2.08125,8008.71,1.92782
2160,2.15524,8101.4,1.93073
2220,2.13779,7400.78,1.93034
2280,2.21648,7119.48,1.92951
2340,2.01447,7492.28,1.93124
2400,2.00703,7155.65,1.93028
2460,2.0747,7375.47,1.92931
2520,2.07756,7441.79,1.92889
2580,2.25704,7384.69,1.92864
2640,1.87563,6765.17,1.92636
2700,2.02708,7186.39,1.92712
2760,1.97101,6978.43,1.92715
2820,1.97656,7093.28,1.92969
2880,1.86497,7215.53,1.92719
2940,2.09832,7393.21,1.92799
3000,2.15864,7848.91,1.92791
3060,2.32424,7563.68,1.92753
3120,1.93884,7183.7,1.92647
3180,1.81119,7100.34,1.92292
3240,1.85846,7245.21,1.92052
3300,1.87117,7079.84,1.92104
3360,1.88633,6921.72,1.92063
3420,1.76146,6671.35,1.91986
3480,1.56954,6897.37,1.91686
3540,1.73259,6748.18,1.9205
3600,1.99928,7751.94,1.91527
3660,1.9933,7738.53,1.91522
3720,1.74598,6899.46,1.91836
3780,1.84854,7425.72,1.91574
3840,1.81987,6874.44,1.9211
3900,1.91793,7114.31,1.92013
3960,2.10923,7307.88,1.92278
4020,1.96049,7383.02,1.92091
4080,2.10174,7575.48,1.92164
4140,2.10178,7409.85,1.9217
4200,1.99258,6845.83,1.92275
4260,2.02136,6969.45,1.92588
4320,1.97972,7589.81,1.92299
4380,2.07849,7711.41,1.92336
4440,2.20632,7311.64,1.9232
4500,2.34518,7953.91,1.92195
4560,1.85999,6956.24,1.92208
4620,2.07063,7028.57,1.92371
4680,1.80913,6729.46,1.92268
4740,1.82674,7082.22,1.92188
4800,1.8484,7205.4,1.92351
4860,1.74683,7472.19,1.92233
4920,2.14778,7870.9,1.92614
4980,2.13131,7980.38,1.92253
5040,2.06799,7791.16,1.9261
5100,2.34081,7995.72,1.92453
5160,2.30035,7914.08,1.92416
5220,2.27874,7989.96,1.92411
5280,2.43497,8338.04,1.92299
5340,2.42076,8046.86,1.92295
5400,2.55189,8043.37,1.92672
5460,2.71557,8225.91,1.92545
5520,2.59297,8500.31,1.92402
5580,2.72072,8549.62,1.92555
5640,2.64189,8804.93,1.9261
5700,2.70964,8790.68,1.9265
5760,2.19701,7989.27,1.92821
5820,2.38539,7667.33,1.92852
5880,2.20505,7959.23,1.92985
5940,2.19377,7704.22,1.92814
6000,2.2251,7577.24,1.92769
6060,2.6008,8453.67,1.92879
6120,2.88049,8558.66,1.92849
6180,2.64068,8468.07,1.92856
6240,2.42446,8097.69,1.92814
6300,2.36653,7919.14,1.92923
6360,2.03499,8106.71,1.9287
6420,2.39332,8163.78,1.93153
6480,2.55303,8632.26,1.93307
6540,2.47243,8751.45,1.93072
6600,2.60589,8630.55,1.9301
6660,2.45958,8816.28,1.93145
6720,2.81772,8695.32,1.93201
6780,2.68451,9089.17,1.92904
6840,2.89037,9007.52,1.93556
6900,2.89304,9137.18,1.93305
6960,3.10306,9262.13,1.93397
7020,3.10061,9207.19,1.9353
7080,3.05235,9171.51,1.93423
7140,2.84067,8970.04,1.93635
7200,2.84452,9064.02,1.93593
7260,3.18533,9476.38,1.93813
7320,3.27711,9299.12,1.93898
7380,2.90034,9375.69,1.93705
7440,3.06539,9258.3,1.94037
7500,3.15116,9376.5,1.94014
7560,3.0356,9552.02,1.9388
7620,3.29288,9655.58,1.93945
7680,3.41795,9748.39,1.94301
7740,3.50438,9626.18,1.94125
7800,3.41378,9902.16,1.94365
7860,3.67802,10353.3,1.94598
7920,3.66857,10295.7,1.9439
7980,3.45492,10369.2,1.94238
8040,3.3272,10281.0,1.94176
8100,3.42778,10389.3,1.9443
8160,3.35658,10273.7,1.94115
8220,3.63237,10366.6,1.94147
8280,3.59833,10272.6,1.9433
8340,3.34669,10340.8,1.94218
8400,2.89228,9688.58,1.93306
8460,3.10084,10021.1,1.93269
8520,2.71099,9623.94,1.92944
8580,2.65243,9488.66,1.93065
8640,2.78685,9504.22,1.92706
8700,2.52024,9327.03,1.92873
8760,2.57606,9162.82,1.92453
8820,2.80651,9261.65,1.92365
8880,2.59089,9074.28,1.92327
8940,2.70774,9062.14,1.92347
9000,2.42486,8951.42,1.92051
9060,2.29114,8900.54,1.92055
9120,2.61536,8869.55,1.92427
9180,2.5341,8824.33,1.92393
9240,2.74012,8910.6,1.92367
9300,2.5551,8881.93,1.92324
9360,2.54958,8894.91,1.92331
9420,2.58342,8916.67,1.92619
9480,2.63127,9034.69,1.9264
9540,2.52985,8986.96,1.92462
9600,2.57005,8874.6,1.92647
9660,2.75175,9036.03,1.92621
9720,2.71597,9046.33,1.92661
9780,2.46686,8953.75,1.92716
9840,2.59985,8944.75,1.92898
9900,2.75415,8926.87,1.92618
9960,2.67027,8915.96,1.92659
10020,2.61416,8858.1,1.92698
10080,2.51304,8842.41,1.92571
10140,2.72709,8880.59,1.92579
10200,2.55333,8780.27,1.92757
10260,2.64509,8804.84,1.92529
10320,2.65854,8927.93,1.92631
10380,2.71178,8817.91,1.92494
10440,2.79645,8789.38,1.92904
10500,2.64497,8688.1,1.9259
10560,2.66995,8673.05,1.92485
10620,2.56929,8744.42,1.9259
10680,2.58998,8735.29,1.92691
10740,2.64904,8741.89,1.92789
10800,2.47635,8887.91,1.92956
10860,2.58736,8697.15,1.9253
10920,2.71854,8938.59,1.93117
10980,2.71622,8967.42,1.93242
11040,2.69265,9013.75,1.93164
11100,2.59242,8987.21,1.92998
11160,2.49898,8891.75,1.92789
11220,2.4987,8749.28,1.92705
11280,2.60686,8789.17,1.92477
11340,2.41923,8760.72,1.9272
11400,2.4435,8736.93,1.92767
11460,2.60695,8799.73,1.92772
11520,2.49171,8833.47,1.92798
11580,2.53094,8781.46,1.92841
11640,2.28874,8728.88,1.92509
11700,2.36176,8634.5,1.92602
11760,2.3118,8796.16,1.925
11820,2.32438,8647.94,1.92321
11880,2.42305,8699.6,1.92685
11940,2.03527,8566.76,1.92666
12000,2.09669,8563.32,1.92687
12060,2.16239,8559.34,1.92634
12120,2.22417,8487.38,1.92464
12180,2.1351,8448.72,1.9241
12240,2.3303,8267.55,1.92264
12300,2.11942,8188.69,1.92404
12360,2.03434,8173.27,1.92255
12420,1.95496,8054.72,1.9232
12480,2.13227,7936.01,1.92219
12540,2.16303,8059.79,1.92351
12600,2.08051,8029.05,1.92308
12660,2.00607,8006.3,1.92253
12720,2.09397,8002.01,1.92103
12780,1.96367,7989.69,1.92226
12840,2.04099,7932.93,1.92234
12900,1.99916,7829.84,1.92008
12960,2.12625,8076.72,1.92666
13020,2.26008,7916.84,1.9239
13080,2.06065,8004.56,1.92485
13140,2.24565,8002.65,1.92731
13200,2.06681,8005.41,1.92719
13260,2.08865,7941.12,1.92331
13320,1.83385,7871.23,1.92442
13380,1.99552,7805.89,1.92133
13440,2.02203,7815.17,1.9214
13500,1.86836,7933.57,1.92289
13560,2.08628,7764.34,1.92193
13620,2.06555,7889.75,1.92437
13680,1.98861,8333.58,1.92228
13740,2.01591,7950.37,1.92187
13800,2.18079,7733.82,1.92165
13860,1.77148,7760.79,1.92054
13920,2.04365,7821.49,1.92192
13980,2.06559,7981.78,1.92639
14040,2.16638,7794.8,1.92566
14100,1.99295,7834.64,1.92598
14160,1.99847,7966.5,1.92525
14220,2.2013,8011.67,1.92722
14280,2.07641,7914.84,1.92758
14340,2.32052,7948.57,1.92611
14400,1.937,7980.77,1.92481
14460,2.04301,7897.16,1.92858
14520,2.04143,7960.93,1.92738
14580,2.12357,8049.41,1.92829
14640,1.98359,7944.77,1.92778
14700,2.17126,7921.89,1.92656
14760,1.77904,8035.33,1.9275
14820,2.05201,8216.07,1.92537
14880,1.64225,7921.89,1.92375
14940,2.01318,8036.22,1.92176
15000,1.89562,7905.28,1.92694
15060,2.11755,8174.07,1.92454
15120,1.91102,7909.15,1.92424
15180,2.12182,7861.75,1.92479
15240,2.30402,7896.16,1.92579
15300,2.05118,7821.24,1.92767
15360,1.89553,7960.17,1.92899
15420,2.03404,7906.33,1.93367
15480,1.90578,7843.85,1.92696
15540,1.90482,7856.27,1.93
15600,1.89212,7685.09,1.92624
15660,2.21519,7753.66,1.93018
15720,1.76784,7764.55,1.92606
15780,2.04996,7885.52,1.92995
15840,1.85681,7679.51,1.92803
15900,2.06114,7684.71,1.92714
15960,1.79649,7655.82,1.92695
16020,2.01166,7695.79,1.92812
16080,1.86018,7760.93,1.92947
16140,1.88877,7766.4,1.92739
16200,1.78216,7627.12,1.92828
16260,1.9199,7584.11,1.9282
16320,1.7534,7541.94,1.92483
16380,1.81594,7533.64,1.92317
16440,1.56307,7433.21,1.92115
16500,1.95039,7570.18,1.9206
16560,1.76771,7648.17,1.92209
16620,1.82809,7510.6,1.92277
16680,1.87737,7430.2,1.9206
16740,1.77123,7630.95,1.92377
16800,1.80368,7698.53,1.92187
16860,1.83053,7999.64,1.92363
16920,1.9141,8134.65,1.92061
16980,1.92819,8055.36,1.92364
17040,1.88654,7534.15,1.92456
17100,2.06948,7956.24,1.92452
17160,2.00707,7586.34,1.92465
17220,1.94766,7943.21,1.92394
17280,1.76853,7951.54,1.92302
17340,2.25209,8394.4,1.93201
17400,1.70052,7684.79,1.92179
17460,1.64999,7411.6,1.92417
17520,1.96008,7615.26,1.92633
17580,1.70389,7426.62,1.9253
17640,1.77298,7541.39,1.92171
17700,1.85829,7400.84,1.91859
17760,1.75098,7538.29,1.92103
17820,1.95685,7708.6,1.9224
17880,1.7374,7443.8,1.91915
17940,1.84131,7579.55,1.91929
18000,1.84146,7707.49,1.92094
18060,1.7732,7480.12,1.91897
18120,1.66663,7469.77,1.92093
18180,1.69778,7385.19,1.91878
18240,1.79336,7384.89,1.91819
18300,2.10128,7809.61,1.91943
18360,2.03877,7758.93,1.92558
18420,1.86192,7683.55,1.92722
18480,1.71024,7909.3,1.92524
18540,1.89857,7831.76,1.9284
18600,1.83096,7817.08,1.92587
18660,1.98446,7786.6,1.92305
18720,1.77212,7620.64,1.92039
18780,1.73736,7509.77,1.91949
18840,1.88684,7583.02,1.9195
18900,1.78457,7562.94,1.92033
18960,1.86581,7811.12,1.91931
19020,1.93308,7623.7,1.92015
19080,1.69957,7667.88,1.92103
19140,1.53338,7880.45,1.92109
19200,1.59105,7815.93,1.92017
19260,1.68407,7412.01,1.92077
19320,1.7893,7652.91,1.92103
19380,1.69174,7600.11,1.92037
19440,1.95854,7632.75,1.92212
19500,1.65841,7871.22,1.91948
19560,1.79444,7747.24,1.92023
19620,1.8901,7840.33,1.91986
19680,1.8269,7402.25,1.92007
19740,1.82415,7878.51,1.91945
19800,1.83003,7769.95,1.91977
19860,1.85882,7578.56,1.92223
19920,1.87359,7572.86,1.92387
19980,1.78513,7698.61,1.92952
20040,1.97291,7743.01,1.92833
20100,2.04937,7855.85,1.92557
20160,2.13684,7786.56,1.92897
20220,1.91978,7842.18,1.92645
20280,2.0278,7971.88,1.92717
20340,2.17608,7828.28,1.93212
20400,2.27633,7925.89,1.9348
20460,2.06717,8029.5,1.93305
20520,1.94966,8105.1,1.93443
20580,2.15901,8119.67,1.93428
20640,2.22113,8356.92,1.93042
20700,2.12195,8164.92,1.93059
20760,2.05571,8097.97,1.93107
20820,2.17935,7888.49,1.93246
20880,2.1567,8160.94,1.93538
20940,2.30406,8535.07,1.93749
21000,2.40909,8464.55,1.93738
21060,2.04407,8447.02,1.93629
21120,2.498,8087.55,1.95013
21180,2.28585,8013.32,1.93997
21240,2.49689,8207.06,1.93834
21300,2.58674,8252.36,1.93932
21360,2.18122,8135.36,1.94061
21420,2.24243,8123.3,1.9418
21480,2.43704,8832.7,1.94246
21540,2.10125,8170.26,1.94235
21600,2.30268,8257.01,1.94216
21660,2.50701,8394.33,1.9469
21720,2.67234,8459.39,1.95
21780,2.54203,8502.17,1.94979
21840,2.61338,8506.88,1.94919
21900,2.65315,8667.92,1.95039
21960,2.51017,8508.62,1.95559
22020,2.7819,8657.8,1.9532
22080,2.49761,8569.16,1.95401
22140,2.6853,8735.26,1.95943
22200,2.43639,9140.35,1.95839
22260,2.59867,8555.37,1.96194
22320,2.66142,8545.25,1.96084
22380,2.47584,8591.44,1.95782
22440,2.64011,8522.47,1.9562
22500,2.57093,8658.24,1.95678
22560,2.46353,8896.58,1.95627
22620,2.75048,8868.51,1.95465
22680,2.77793,8665.67,1.95733
22740,2.93811,8993.23,1.95667
22800,2.68236,9417.36,1.95857
22860,2.73485,8982.92,1.95599
22920,2.52339,9023.17,1.95488
22980,2.74143,8908.29,1.95797
23040,2.52274,9008.41,1.96042
23100,2.57491,9034.06,1.97393
23160,2.81723,8900.24,1.98337
23220,2.54097,8724.83,1.96383
23280,2.70421,9111.19,1.96912
23340,2.78812,9199.36,1.96521
23400,2.44485,8951.25,1.96597
23460,2.80504,8972.99,1.96824
23520,2.67419,8931.49,1.9642
23580,2.7847,8968.86,1.96757
23640,2.84027,8845.21,1.96598
23700,2.84855,9324.13,1.97203
23760,3.04078,9165.58,1.9892
23820,2.91523,9085.35,1.97663
23880,2.75459,9216.33,1.9751
23940,2.99043,9172.53,1.98226
24000,2.72623,9333.31,1.98497
24060,2.89647,9432.5,1.98417
24120,2.92106,9402.74,1.9972
24180,2.62012,9303.91,1.98536
24240,2.66999,9018.32,1.98421
24300,2.50579,8952.16,1.97766
24360,2.8471,9436.24,1.98191
24420,2.85828,9301.77,1.98244
24480,2.82252,9152.58,1.98332
24540,3.00529,9103.43,1.98031
24600,2.96981,9302.31,1.9872
24660,3.01548,9435.7,1.99527
24720,2.95675,9433.9,1.99493
24780,2.96301,9417.58,1.99125
24840,2.75346,9313.03,1.99067
24900,2.92449,9553.89,1.99419
24960,2.92994,9191.92,1.98496
25020,2.94619,9246.95,1.98351
25080,2.88081,9196.15,1.9856
25140,2.90797,9205.96,1.98128
25200,2.7939,8835.61,1.97698
25260,2.82457,8751.02,1.97227
25320,2.7705,8940.03,1.98465
25380,2.99655,9238.22,1.97963
25440,2.94784,9505.92,1.97977
25500,3.07261,9493.63,1.98285
25560,3.06397,9508.85,1.98493
25620,3.15369,9579.91,1.9898
25680,3.03564,10346.0,1.99245
25740,3.25515,9686.82,1.99778
25800,3.18557,9729.96,1.991
25860,3.02892,10092.8,1.99375
25920,3.25869,9841.77,1.99916
25980,3.28928,9324.66,2.00475
26040,3.09585,9635.71,2.00532
26100,3.29169,9994.41,2.00938
26160,2.97515,9690.58,2.00895
26220,3.17147,10189.0,2.00646
26280,2.93584,9610.46,2.00442
26340,2.93118,9513.56,1.99962
26400,2.83846,9529.27,1.98891
26460,2.88983,9538.94,1.9871
26520,2.91158,9529.91,1.98768
26580,3.0008,9417.69,1.98776
26640,3.12893,9613.7,1.998
26700,3.03226,9358.11,1.99573
26760,2.98117,9501.47,1.9923
26820,3.08749,9794.24,1.99986
26880,3.34624,9701.75,2.00344
26940,3.20766,9693.65,2.00307
27000,3.24597,9782.32,2.00136
27060,3.20183,9777.37,2.00218
27120,3.02643,9764.93,2.00136
27180,3.00186,9664.49,2.00067
27240,3.01715,9730.03,2.00165
27300,2.95328,9867.87,1.99993
27360,3.30354,9806.14,2.00522
27420,3.66453,9875.98,2.01067
27480,3.16673,9837.1,2.00385
27540,3.18986,9876.95,2.01156
27600,3.24681,9842.22,2.00036
27660,3.01634,9779.46,1.9987
27720,2.92489,9739.12,2.00534
27780,3.18627,9826.88,2.00788
27840,3.21564,10050.0,2.00861
27900,3.2542,9926.59,1.99764
27960,3.09431,9859.94,2.00122
28020,3.19102,10045.1,2.00083
28080,3.37295,9952.6,1.99992
28140,3.25163,9671.56,2.00558
28200,2.94058,9231.05,1.98397
28260,2.93121,9320.82,1.98122
28320,2.95848,9403.03,1.98532
28380,3.2036,9512.52,1.99048
28440,3.04867,9081.06,1.97707
28500,2.97238,8888.71,1.97311
28560,2.96645,8890.03,1.97199
28620,2.98778,9266.51,1.98129
28680,3.11925,9773.97,1.99194
28740,3.10298,9181.47,1.98485
28800,3.01053,9253.01,1.98696
28860,3.00987,9319.57,1.98807
28920,2.89505,8685.7,1.96952
28980,2.81572,8688.37,1.96643
29040,3.11205,8538.37,1.95513
29100,3.07311,8347.76,1.95044
29160,3.00758,9143.97,1.97693
29220,2.93141,9225.73,1.98367
29280,3.28124,9286.3,1.98366
29340,3.04404,9341.71,1.98421
29400,2.98898,8199.22,1.95013
29460,3.09179,8943.58,1.97328
29520,3.41903,9411.65,1.99044
29580,3.11321,9712.52,1.99648
29640,3.27009,9929.97,2.01367
29700,3.30959,9839.38,2.01459
29760,3.29095,9862.13,2.00612
29820,3.10231,10020.9,2.0121
29880,3.18855,9694.7,2.01113
29940,3.081,9751.56,2.01214
30000,3.24088,9984.59,2.01621
30060,3.29423,9867.57,2.01955
30120,3.24671,9848.41,2.02338
30180,2.94224,9712.98,2.01874
30240,3.1939,9544.09,2.01868
30300,3.20266,9746.02,2.01902
30360,3.23743,9771.07,2.02526
30420,3.25666,9815.68,2.02519
30480,3.54145,10061.1,2.03239
30540,3.51699,9779.47,2.03075
30600,3.39195,9941.88,2.03604
30660,2.84961,9854.69,2.0315
30720,3.35083,10123.3,2.03183
30780,3.40863,10084.3,2.03382
30840,3.36765,10177.7,2.03764
30900,3.34162,10274.4,2.04958
30960,3.39814,10316.5,2.06467
31020,3.42668,10542.6,2.05825
31080,3.43133,10642.6,2.05688
31140,3.27394,10273.1,2.06726
31200,3.30145,10221.2,2.0599
31260,3.42304,10349.9,2.06558
31320,3.60198,10344.9,2.06912
31380,3.44829,10159.9,2.07048
31440,3.44463,10143.6,2.06909
31500,3.43929,10194.0,2.07196
31560,3.35964,10222.0,2.07547
31620,3.50512,10302.5,2.07805
31680,3.56133,10449.0,2.08889
31740,3.56226,10439.1,2.09121
31800,3.46464,10259.1,2.0881
31860,3.68969,10301.5,2.10869
31920,3.5678,10281.8,2.10477
31980,3.38516,10269.0,2.08215
32040,3.52362,10321.0,2.08573
32100,3.557,10280.7,2.10061
32160,3.52249,10338.0,2.18507
32220,3.41005,10675.3,2.17336
32280,3.5091,10655.8,2.1188
32340,3.84185,10779.0,2.14011
32400,3.61572,10735.5,2.18717
32460,3.63497,10945.7,2.18737
32520,3.60555,10846.9,2.18373
32580,3.48849,10782.6,2.15913
