CampaignData_and_Merges/R0/CSL_MobileLab_Parked/raw/20240808/USOS-NOy-LIF_MobileLabGround_20240808_R0.ict
39,1001
Rollins, A.; Waxman, E.; Zuraski, K.; Chace, W.
NOAA Chemical Sciences Laboratory
LIF NO/NOx/NOy on CSL Mobile Lab
AMMBEC / USOS
1, 1
2024,08,08, 2025,01,04
1
Time_Start, seconds, number_of_seconds_since_0000_UTC
7
1, 1, 1, 1, 1, 1, 1
-9999, -9999, -9999, -9999, -9999, -9999, -9999
Time_Stop, seconds, number_of_seconds_since_0000_UTC
NO_LIF, pptv, Gas_NO_InSitu_S_AVMR, volume mixing ratio of nitric oxide in air
NO2_LIF, pptv, Gas_NO2_InSitu_S_AVMR, volume mixing ratio of nitrogen dioxide in air
NOy_LIF, pptv, Gas_NOy_InSitu_S_AVMR, volume mixing ratio of total oxidized nitrogen in air
NO_LIF_1SigmaAccuracy, pptv, Gas_NO_InSitu_S_AVMR, volume mixing ratio of nitric oxide in air
NO2_LIF_1SigmaAccuracy, pptv, Gas_NO2_InSitu_S_AVMR, volume mixing ratio of nitrogen dioxide in air
NOy_LIF_1SigmaAccuracy, pptv, Gas_NOy_InSitu_S_AVMR, volume mixing ratio of total oxidized nitrogen in air
0
18
PI_CONTACT_INFO: andrew.rollins@noaa.gov
PLATFORM: CSL Mobile Lab
LOCATION: Salt Lake City, UT
ASSOCIATED_DATA:
INSTRUMENT_INFO: NO detection by laser induced fluorescence. NO2 detection by photolytic conversion to NO. NOy detection by catalytic conversion to NO on gold surface
DATA_INFO:
UNCERTAINTY: Included 1 Sigma Accuracy waves represent the combined calibration uncertainties (±6%, ±9%, ±10%) and zero uncertainties (3 ppt, 20 ppt, 100 ppt) for NO, NO2, and NOy, respectively.
ULOD_FLAG: -7777
ULOD_VALUE: N/A
LLOD_FLAG: -8888
LLOD_VALUE: N/A
DM_CONTACT_INFO: andrew.rollins@noaa.gov
PROJECT_INFO: USOS Project, July - August 2024
STIPULATIONS_ON_USE: Users are strongly encouraged to contact the PI for proper data usage.
OTHER_COMMENTS:
REVISION: R0
R0: final data
Time_Start, Time_Stop, NO_LIF, NO2_LIF, NOy_LIF, NO_LIF_1SigmaAccuracy, NO2_LIF_1SigmaAccuracy, NOy_LIF_1SigmaAccuracy
[from data line 798]
   47880,   47940,5206.7,21657,39938,315.4, 1969.1, 4093.8
   47940,   48000,4862.4,21272,29925,294.74, 1934.5, 3092.5
   48000,   48060,3020.1,20326,27846,184.21, 1849.3, 2884.6
   48060,   48120,3792.8,21689,26376,230.57, 1972, 2737.6
   48120,   48180,6085.6,23048,30751,368.14, 2094.3, 3175.1
   48180,   48240,7623,23787,30050,460.38, 2160.8, 3105
   48240,   48300,7594.9,25435,33751,458.69, 2309.2, 3475.1
   48300,   48360,5504.9,24231,32295,333.29, 2200.8, 3329.5
   48360,   48420,3626.4,21602,30945,220.58, 1964.2, 3194.5
   48420,   48480,3543.3,21493,27350,215.6, 1954.3, 2835
   48480,   48540,2885.6,20548,24263,176.14, 1869.3, 2526.3
   48540,   48600,3737.4,22770,25210,227.24, 2069.3, 2621
   48600,   48660,3488.9,22297,26122,212.34, 2026.7, 2712.2
   48660,   48720,3637.7,22275,24640,221.26, 2024.7, 2564
   48720,   48780,2878.1,20787,23976,175.69, 1890.9, 2497.6
   48780,   48840,5019.9,24310,30561,304.19, 2207.9, 3156.1
   48840,   48900,5562.5,25576,33718,336.75, 2321.9, 3471.8
   48900,   48960,5696.8,25857,33881,344.81, 2347.1, 3488.1
   48960,   49020,5449.1,25185,33335,329.94, 2286.6, 3433.5
   49020,   49080,5938.7,24815,32918,359.32, 2253.3, 3391.8
   49080,   49140,7424.1,25443,35310,448.45, 2309.9, 3631
   49140,   49200,6936.3,24998,34912,419.18, 2269.8, 3591.2
   49200,   49260,7851.3,25079,33821,474.08, 2277.1, 3482.1
   49260,   49320,7684.4,25513,34977,464.06, 2316.2, 3597.7
   49320,   49380,7370.8,25129,34777,445.25, 2281.6, 3577.7
   49380,   49440,7548.9,25270,34382,455.93, 2294.3, 3538.2
   49440,   49500,8854.5,27270,37478,534.27, 2474.3, 3847.8
   49500,   49560,5859.5,25970,34420,354.57, 2357.3, 3542
   49560,   49620,6218.6,26000,33543,376.11, 2360, 3454.3
   49620,   49680,5807,25205,32948,351.42, 2288.5, 3394.8
   49680,   49740,5695.8,24098,32336,344.75, 2188.8, 3333.6
   49740,   49800,5874.3,22705,31438,355.46, 2063.4, 3243.8
   49800,   49860,5285.9,21820,29759,320.16, 1983.8, 3075.9
   49860,   49920,8212.8,22970,30240,495.77, 2087.3, 3124
   49920,   49980,7380.6,22143,30005,445.84, 2012.9, 3100.5
   49980,   50040,8808.8,22628,32153,531.53, 2056.5, 3315.3
   50040,   50100,8043.9,23167,32958,485.63, 2105, 3395.8
   50100,   50160,7158.8,23081,32593,432.53, 2097.3, 3359.3
   50160,   50220,7434.3,23250,31996,449.06, 2112.5, 3299.6
   50220,   50280,6733.3,22622,32283,407, 2056, 3328.3
   50280,   50340,6302.1,22295,30910,381.12, 2026.5, 3191
   50340,   50400,6590.2,22684,30562,398.41, 2061.6, 3156.2
   50400,   50460,6238.7,22648,30592,377.32, 2058.3, 3159.2
   50460,   50520,7592.3,24091,31425,458.54, 2188.2, 3242.5
   50520,   50580,7215.9,23499,32437,435.96, 2134.9, 3343.7
   50580,   50640,7518.8,23542,33298,454.13, 2138.7, 3429.8
   50640,   50700,7337.2,23429,33021,443.23, 2128.6, 3402.1
   50700,   50760,7585.8,23317,33073,458.15, 2118.5, 3407.3
   50760,   50820,7442.8,22887,32948,449.57, 2079.8, 3394.8
   50820,   50880,7578.7,22962,32907,457.72, 2086.6, 3390.7
   50880,   50940,7968.1,22877,33102,481.08, 2078.9, 3410.2
   50940,   51000,7557.1,22372,32280,456.43, 2033.5, 3328
   51000,   51060,7669.1,22000,31866,463.15, 2000, 3286.6
   51060,   51120,7505.8,21456,31230,453.35, 1951, 3223
   51120,   51180,7731.7,21310,30913,466.9, 1937.9, 3191.3
   51180,   51240,8249.3,21632,31911,497.96, 1966.9, 3291.1
   51240,   51300,8399.7,21549,32152,506.98, 1959.4, 3315.2
   51300,   51360,7661.6,21176,31194,462.69, 1925.9, 3219.4
   51360,   51420,8790.1,21318,31720,530.41, 1938.6, 3272
   51420,   51480,10770,22175,34325,649.23, 2015.8, 3532.5
   51480,   51540,-9999,-9999,-9999,-9999, -9999, -9999
   51540,   51600,-9999,-9999,-9999,-9999, -9999, -9999
   51600,   51660,-9999,-9999,-9999,-9999, -9999, -9999
   51660,   51720,-9999,-9999,-9999,-9999, -9999, -9999
   51720,   51780,-9999,-9999,-9999,-9999, -9999, -9999
   51780,   51840,-9999,-9999,-9999,-9999, -9999, -9999
   51840,   51900,-9999,-9999,-9999,-9999, -9999, -9999
   51900,   51960,8444.4,20582,29898,509.66, 1872.4, 3089.8
   51960,   52020,7992,20402,30410,482.52, 1856.2, 3141
   52020,   52080,7387.2,19815,29468,446.23, 1803.3, 3046.8
   52080,   52140,37581,29065,70629,2257.9, 2635.8, 7162.9
   52140,   52200,24410,26926,51398,1467.6, 2443.4, 5239.8
   52200,   52260,31082,26053,59067,1867.9, 2364.8, 6006.7
   52260,   52320,15701,22898,57747,945.04, 2080.8, 5874.7
   52320,   52380,40511,28435,51832,2433.7, 2579.1, 5283.2
   52380,   52440,29158,25254,62675,1752.5, 2292.9, 6367.5
   52440,   52500,11045,21559,47100,665.71, 1960.3, 4810
   52500,   52560,62130,33405,65826,3730.8, 3026.5, 6682.6
   52560,   52620,24213,25917,78189,1455.8, 2352.5, 7918.9
   52620,   52680,17360,24188,52533,1044.6, 2196.9, 5353.3
   52680,   52740,15080,23434,54332,907.8, 2129.1, 5533.2
   52740,   52800,18479,24480,49110,1111.7, 2223.2, 5011
   52800,   52860,16258,23798,55838,978.47, 2161.8, 5683.8
   52860,   52920,18336,23580,43403,1103.1, 2142.2, 4440.3
   52920,   52980,37166,27692,1.1289e+05,2232.9, 2512.2, 11389
   52980,   53040,83961,38126,1.4324e+05,5040.7, 3451.4, 14424
   53040,   53100,10467,21760,78521,631.03, 1978.4, 7952.1
   53100,   53160,9821.8,20641,34302,592.31, 1877.7, 3530.2
   53160,   53220,10045,20585,31554,605.72, 1872.6, 3255.4
   53220,   53280,10722,20662,32281,646.31, 1879.6, 3328.1
   53280,   53340,10891,20658,31846,656.47, 1879.2, 3284.6
   53340,   53400,10106,19738,31948,609.38, 1796.4, 3294.8
   53400,   53460,9098.2,18808,29483,548.89, 1712.7, 3048.3
   53460,   53520,10096,18933,29132,608.75, 1724, 3013.2
   53520,   53580,7465.9,17127,27771,450.95, 1561.4, 2877.1
   53580,   53640,7903.5,17252,25422,477.21, 1572.7, 2642.2
   53640,   53700,6225,16527,23921,376.5, 1507.4, 2492.1
   53700,   53760,4700.1,15439,21892,285.01, 1409.5, 2289.2
   53760,   53820,4451.7,14167,20448,270.1, 1295, 2144.8
   53820,   53880,4358.5,13954,19758,264.51, 1275.9, 2075.8
   53880,   53940,3832.9,13103,18519,232.98, 1199.2, 1951.9
   53940,   54000,3601.3,13295,18120,219.08, 1216.5, 1912
   54000,   54060,3183.5,13477,17716,194.01, 1232.9, 1871.6
   54060,   54120,3592.9,13422,18043,218.57, 1228, 1904.3
   54120,   54180,3387.8,13529,18014,206.27, 1237.6, 1901.4
   54180,   54240,3293.3,13444,17482,200.6, 1229.9, 1848.2
   54240,   54300,3128.5,13674,18053,190.71, 1250.6, 1905.3
   54300,   54360,3168.6,13867,17798,193.11, 1268, 1879.8
   54360,   54420,3052.5,13652,17990,186.15, 1248.7, 1899
   54420,   54480,4531.4,14599,17954,274.88, 1333.9, 1895.4
   54480,   54540,6351,16685,20729,384.06, 1521.7, 2172.9
   54540,   54600,4291.8,14460,20187,260.51, 1321.4, 2118.7
   54600,   54660,2927.5,12675,16999,178.65, 1160.8, 1799.9
   54660,   54720,3536.7,12512,15796,215.2, 1146, 1679.6
   54720,   54780,2704.5,11039,16001,165.27, 1013.5, 1700.1
   54780,   54840,3680.9,12491,15933,223.85, 1144.2, 1693.3
   54840,   54900,2862.7,11019,15898,174.76, 1011.7, 1689.8
   54900,   54960,2231.2,9849.4,13431,136.87, 906.45, 1443.1
   54960,   55020,2261.2,9694.1,13066,138.67, 892.47, 1406.6
   55020,   55080,2467.6,9713.5,12912,151.06, 894.22, 1391.2
   55080,   55140,2696,10898,14183,164.76, 1000.9, 1518.3
   55140,   55200,2313.1,10184,13427,141.79, 936.6, 1442.7
   55200,   55260,2667.1,10191,13253,163.03, 937.19, 1425.3
   55260,   55320,2429.1,10717,13422,148.74, 984.51, 1442.2
   55320,   55380,2250.9,10144,13057,138.06, 932.92, 1405.7
   55380,   55440,2459.9,9889.9,13170,150.6, 910.09, 1417
   55440,   55500,3143.6,10426,13813,191.61, 958.34, 1481.3
   55500,   55560,3408.3,11143,15225,207.5, 1022.9, 1622.5
   55560,   55620,2991.5,9953.1,13957,182.49, 915.78, 1495.7
   55620,   55680,3050.4,10841,13810,186.02, 995.72, 1481
   55680,   55740,2599,10997,14227,158.94, 1009.8, 1522.7
   55740,   55800,2875.2,11695,14865,175.51, 1072.5, 1586.5
   55800,   55860,2590.9,10760,14881,158.46, 988.38, 1588.1
   55860,   55920,2490.4,9928.4,13447,152.42, 913.55, 1444.7
   55920,   55980,2865.1,10417,14044,174.91, 957.5, 1504.4
   55980,   56040,2945.7,10920,14638,179.74, 1002.8, 1563.8
   56040,   56100,2886,10513,14389,176.16, 966.15, 1538.9
   56100,   56160,-9999,-9999,-9999,-9999, -9999, -9999
   56160,   56220,-9999,-9999,-9999,-9999, -9999, -9999
   56220,   56280,-9999,-9999,-9999,-9999, -9999, -9999
   56280,   56340,-9999,-9999,-9999,-9999, -9999, -9999
   56340,   56400,-9999,-9999,-9999,-9999, -9999, -9999
   56400,   56460,-9999,-9999,-9999,-9999, -9999, -9999
   56460,   56520,-9999,-9999,-9999,-9999, -9999, -9999
   56520,   56580,5965.4,12473,26550,360.93, 1142.5, 2755
   56580,   56640,5017.2,11889,18502,304.03, 1090, 1950.2
   56640,   56700,3536.7,10305,16093,215.2, 947.41, 1709.3
   56700,   56760,3403.9,10295,14704,207.23, 946.57, 1570.4
   56760,   56820,4271.2,11450,15932,259.27, 1050.5, 1693.2
   56820,   56880,4260.9,11651,18165,258.66, 1068.6, 1916.5
   56880,   56940,5443.1,13754,20950,329.59, 1257.9, 2195
   56940,   57000,3540,11287,15478,215.4, 1035.9, 1647.8
   57000,   57060,2875.1,9836.6,13740,175.51, 905.3, 1474
   57060,   57120,3552.9,10856,15138,216.18, 997.03, 1613.8
   57120,   57180,6092.9,13606,18637,368.57, 1244.5, 1963.7
   57180,   57240,2121.9,7244.1,12246,130.31, 671.97, 1324.6
   57240,   57300,3226.4,9615.7,14909,196.58, 885.41, 1590.9
   57300,   57360,3347.2,10789,14868,203.83, 991.01, 1586.8
   57360,   57420,3431.4,10916,15005,208.88, 1002.4, 1600.5
   57420,   57480,4468.8,11170,16952,271.13, 1025.3, 1795.2
   57480,   57540,3639.4,10370,17527,221.37, 953.32, 1852.7
   57540,   57600,3097.6,8427,13270,188.86, 778.43, 1427
   57600,   57660,1868.1,6292.1,10027,115.09, 586.29, 1102.7
   57660,   57720,2240.7,6600.4,10221,137.44, 614.04, 1122.1
   57720,   57780,1936.6,6404.6,9403.7,119.2, 596.41, 1040.4
   57780,   57840,2058.8,6750.2,9582,126.53, 627.51, 1058.2
   57840,   57900,2155,7108.7,11125,132.3, 659.78, 1212.5
   57900,   57960,2818.6,8283.6,10891,172.12, 765.52, 1189.1
   57960,   58020,1744.1,6970.1,10589,107.64, 647.3, 1158.9
   58020,   58080,1644,7491,10688,101.64, 694.19, 1168.8
   58080,   58140,1184.4,6656.8,9309.6,74.064, 619.12, 1031
   58140,   58200,1064.5,6166.1,8745.6,66.87, 574.95, 974.56
   58200,   58260,1138.1,5755.8,8208.2,71.286, 538.02, 920.82
   58260,   58320,1450.2,6692.5,8799.1,90.011, 622.33, 979.91
   58320,   58380,1883.7,8484.9,10101,116.02, 783.64, 1110.1
   58380,   58440,2276.1,9367.5,12154,139.57, 863.07, 1315.4
   58440,   58500,4487.4,14831,19522,272.24, 1354.8, 2052.2
   58500,   58560,2609.6,9512.1,13701,159.58, 876.09, 1470.1
   58560,   58620,3229.5,10446,14232,196.77, 960.16, 1523.2
   58620,   58680,4017.6,11442,15493,244.05, 1049.8, 1649.3
   58680,   58740,1328,5356.2,8560.1,82.677, 502.06, 956.01
   58740,   58800,1476.2,5637.2,8334.6,91.572, 527.35, 933.46
   58800,   58860,1025,4282.3,7029.5,64.502, 405.41, 802.95
   58860,   58920,1228.3,5149.2,7997.3,76.697, 483.43, 899.73
   58920,   58980,984.15,4654.7,7234.6,62.049, 438.92, 823.46
   58980,   59040,877.38,3927.6,6460.2,55.643, 373.48, 746.02
   59040,   59100,938.96,4117.9,6701.3,59.338, 390.61, 770.13
   59100,   59160,865.66,4381.1,6998.5,54.94, 414.3, 799.85
   59160,   59220,782.56,4345.5,6901.1,49.954, 411.1, 790.11
   59220,   59280,993.01,5134.5,7994.5,62.581, 482.1, 899.45
   59280,   59340,778.84,4642.1,7140.4,49.731, 437.79, 814.04
   59340,   59400,1029.4,5407.4,8116.1,64.762, 506.67, 911.61
   59400,   59460,882.16,5005.2,7586.2,55.93, 470.47, 858.62
   59460,   59520,999.35,4751.6,7433.2,62.961, 447.65, 843.32
   59520,   59580,1075.4,4958.4,7717,67.526, 466.26, 871.7
   59580,   59640,1194.2,5219.8,8109.8,74.652, 489.78, 910.98
   59640,   59700,1135.3,4791.5,7646.4,71.117, 451.24, 864.64
   59700,   59760,908.57,4662.1,7284.2,57.514, 439.59, 828.42
   59760,   59820,824.86,4590.5,7252.8,52.492, 433.14, 825.28
   59820,   59880,704.44,4495.4,6956.5,45.266, 424.59, 795.65
   59880,   59940,830.5,4501.1,6740.7,52.83, 425.1, 774.07
   59940,   60000,557.1,3958.2,6220.5,36.426, 376.23, 722.05
   60000,   60060,653.46,4558.2,6919.1,42.207, 430.24, 791.91
   60060,   60120,614.99,4392.2,6834.2,39.9, 415.3, 783.42
   60120,   60180,735.26,4974.6,7423.7,47.116, 467.71, 842.37
   60180,   60240,718.67,4987.4,7610.3,46.12, 468.87, 861.03
   60240,   60300,742.61,4433.9,6969.1,47.557, 419.05, 796.91
   60300,   60360,733.45,4525.9,7040,47.007, 427.33, 804
   60360,   60420,738.67,4852.5,7326.8,47.32, 456.72, 832.68
   60420,   60480,849.24,5619.1,8309.5,53.955, 525.71, 930.95
   60480,   60540,913.53,5909.2,8516.3,57.812, 551.83, 951.63
   60540,   60600,1111.8,5890.3,8784.7,69.705, 550.12, 978.47
   60600,   60660,1108.6,5897.9,8897.7,69.514, 550.81, 989.77
   60660,   60720,1398.9,5563.1,8904.9,86.936, 520.68, 990.49
   60720,   60780,1436.4,5830.7,9177.3,89.186, 544.76, 1017.7
   60780,   60840,1544.5,5896.2,9433.7,95.672, 550.66, 1043.4
   60840,   60900,1359.8,6161.3,9513.3,84.586, 574.52, 1051.3
   60900,   60960,1336.3,6270.3,9573.2,83.176, 584.33, 1057.3
   60960,   61020,1319.9,6239.6,9525.7,82.193, 581.57, 1052.6
   61020,   61080,1504.9,6079,9559.2,93.294, 567.11, 1055.9
   61080,   61140,1681,6054.7,9787.9,103.86, 564.92, 1078.8
   61140,   61200,1949.3,7577.1,11397,119.96, 701.94, 1239.7
   61200,   61260,2237.4,9182.4,13095,137.24, 846.41, 1409.5
   61260,   61320,2077,8652.6,12554,127.62, 798.74, 1355.4
   61320,   61380,2738.4,9743,14352,167.31, 896.87, 1535.2
   61380,   61440,2782.6,10642,15401,169.95, 977.74, 1640.1
   61440,   61500,2784.7,11040,16017,170.08, 1013.6, 1701.7
   61500,   61560,2728.4,11653,16324,166.71, 1068.8, 1732.4
   61560,   61620,2686.8,11692,16589,164.21, 1072.3, 1758.9
   61620,   61680,3060.6,12158,17162,186.64, 1114.2, 1816.2
   61680,   61740,3032.3,12806,17981,184.94, 1172.5, 1898.1
   61740,   61800,2765.5,12648,17570,168.93, 1158.3, 1857
   61800,   61860,2770.1,12790,17728,169.21, 1171.1, 1872.8
   61860,   61920,2870.5,13248,18084,175.23, 1212.3, 1908.4
   61920,   61980,2814.5,12670,17601,171.87, 1160.3, 1860.1
   61980,   62040,2934,11984,16918,179.04, 1098.6, 1791.8
   62040,   62100,2975.1,12399,17528,181.5, 1135.9, 1852.8
   62100,   62160,2639.2,11225,16070,161.35, 1030.3, 1707
   62160,   62220,2869.7,12314,17379,175.18, 1128.2, 1837.9
   62220,   62280,2970.4,12299,17719,181.22, 1126.9, 1871.9
   62280,   62340,6043.6,16874,23867,365.62, 1538.7, 2486.7
   62340,   62400,3787,13517,19904,230.22, 1236.5, 2090.4
   62400,   62460,3657.7,14071,19547,222.46, 1286.4, 2054.7
   62460,   62520,3351.6,13186,19092,204.09, 1206.8, 2009.2
   62520,   62580,3099.5,13796,18910,188.97, 1261.7, 1991
   62580,   62640,3356.7,12811,18034,204.4, 1173, 1903.4
   62640,   62700,3239.4,12971,17719,197.36, 1187.4, 1871.9
   62700,   62760,2968.7,11887,16819,181.12, 1089.8, 1781.9
   62760,   62820,2571.8,10962,16291,157.31, 1006.5, 1729.1
   62820,   62880,2496.5,11421,15869,152.79, 1047.9, 1686.9
   62880,   62940,2473.6,10220,14335,151.42, 939.84, 1533.5
   62940,   63000,2387,10549,14286,146.22, 969.4, 1528.6
   63000,   63060,2099.6,9967.8,13736,128.98, 917.1, 1473.6
   63060,   63120,2581.3,11072,14705,157.88, 1016.5, 1570.5
   63120,   63180,2979.9,11582,15744,181.79, 1062.3, 1674.4
   63180,   63240,2933.4,11550,16878,179.01, 1059.5, 1787.8
   63240,   63300,3697.9,12420,18919,224.87, 1137.8, 1991.9
   63300,   63360,3604.5,11701,17866,219.27, 1073.1, 1886.6
   63360,   63420,3374.6,11629,17407,205.48, 1066.6, 1840.7
   63420,   63480,3159.2,12317,17974,192.55, 1128.5, 1897.4
   63480,   63540,3146.7,12018,17692,191.8, 1101.6, 1869.2
   63540,   63600,3053,12097,17157,186.18, 1108.7, 1815.7
   63600,   63660,2761.2,10569,15607,168.67, 971.21, 1660.7
   63660,   63720,2700.7,10350,15417,165.04, 951.51, 1641.7
   63720,   63780,2857.5,10326,15542,174.45, 949.3, 1654.2
   63780,   63840,2853,10502,15909,174.18, 965.18, 1690.9
   63840,   63900,2312.7,10640,15573,141.76, 977.59, 1657.3
   63900,   63960,2032.7,10486,15082,124.96, 963.71, 1608.2
