CampaignData_and_Merges/R0/CSL_MobileLab_Parked/raw/20240808/USOS-POPS_MobileLabGround_20240808_R0.ict
78, 1001
Thornberry, T. D.
NOAA Chemical Sciences Laboratory
Portable Optical Particle Spectrometer (POPS)
USOS
1, 1
2024, 08, 08, 2025, 05, 08
60
Time_Start, seconds_past_midnight, Start time of measurement
45
1, 1, 1, 1, 1, 1, 1, 1, 1, 1, 1, 1, 1, 1, 1, 1, 1, 1, 1, 1, 1, 1, 1, 1, 1, 1, 1, 1, 1, 1, 1, 1, 1, 1, 1, 1, 1, 1, 1, 1, 1, 1, 1, 1, 1
-9999, -9999, -9999, -9999, -9999, -9999, -9999, -9999, -9999, -9999, -9999, -9999, -9999, -9999, -9999, -9999, -9999, -9999, -9999, -9999, -9999, -9999, -9999, -9999, -9999, -9999, -9999, -9999, -9999, -9999, -9999, -9999, -9999, -9999, -9999, -9999, -9999, -9999, -9999, -9999, -9999, -9999, -9999, -9999, -9999
Time_Stop, seconds_past_midnight, Stop time of measurement
Time_Mid, seconds_past_midnight, Mid time of measurement
Press_mb, mb, Pressure reported (mb)
Temp_C, degrees C, POPS temperature measurement
Aerosol_concentration, cm^-3, Aerosol concentration
Surface_Area_Conc, um^2 cm^-3, Surface area concentration
Volume_density, um^3 cm^-3, Volume density
Effective_radius, um, Effective radius
Extinction, km^-1, Extinction
Bin01, cm^-3, particle concentration in size range [1401 - 146.3 nm]
Bin02, cm^-3, particle concentration in size range [146.3 - 152.8 nm]
Bin03, cm^-3, particle concentration in size range [152.8 - 159.6 nm]
Bin04, cm^-3, particle concentration in size range [159.6 - 166.8 nm]
Bin05, cm^-3, particle concentration in size range [166.8 - 174.2 nm]
Bin06, cm^-3, particle concentration in size range [174.2 - 181.9 nm]
Bin07, cm^-3, particle concentration in size range [181.9 - 190.0 nm]
Bin08, cm^-3, particle concentration in size range [190.0 - 198.5 nm]
Bin09, cm^-3, particle concentration in size range [198.5 - 207.4 nm]
Bin10, cm^-3, particle concentration in size range [207.4 - 216.6 nm]
Bin11, cm^-3, particle concentration in size range [216.6 - 226.2 nm]
Bin12, cm^-3, particle concentration in size range [226.2 - 236.3 nm]
Bin13, cm^-3, particle concentration in size range [236.3 - 246.8 nm]
Bin14, cm^-3, particle concentration in size range [246.8 - 257.8 nm]
Bin15, cm^-3, particle concentration in size range [257.8 - 269.3 nm]
Bin16, cm^-3, particle concentration in size range [269.3 - 343.4 nm]
Bin17, cm^-3, particle concentration in size range [343.4 - 450.7 nm]
Bin18, cm^-3, particle concentration in size range [450.7 - 525.9 nm]
Bin19, cm^-3, particle concentration in size range [525.9 - 618.5 nm]
Bin20, cm^-3, particle concentration in size range [618.5 - 710.0 nm]
Bin21, cm^-3, particle concentration in size range [710.0 - 822.7 nm]
Bin22, cm^-3, particle concentration in size range [822.7 - 885.9 nm]
Bin23, cm^-3, particle concentration in size range [885.9 - 953.9 nm]
Bin24, cm^-3, particle concentration in size range [953.9 - 1027.2 nm]
Bin25, cm^-3, particle concentration in size range [1027.2 - 1106.1 nm]
Bin26, cm^-3, particle concentration in size range [1106.1 - 1191.0 nm]
Bin27, cm^-3, particle concentration in size range [1191.0 - 1282.5 nm]
Bin28, cm^-3, particle concentration in size range [1282.5 - 1381.0 nm]
Bin29, cm^-3, particle concentration in size range [1381.0 - 1487.1 nm]
Bin30, cm^-3, particle concentration in size range [1487.1 - 1601.3 nm]
Bin31, cm^-3, particle concentration in size range [1601.3 - 1724.3 nm]
[...]
PLATFORM: NOAA CSL Mobile Lab
LOCATION: USOS
ASSOCIATED_DATA: N/A
INSTRUMENT_INFO: Printed Optical Particle Spectrometer counts particles from 140 - 2500 nm in diameter 
DATA_INFO: Particle concentrations reported in number per cubic centimeter,1 Hz data
UNCERTAINTY: Counting uncertainty dominated by air flow, less than 5 percent. Measurement range is ~0 - 3000 per cm3 (varies depending on flow rate- manufacturer quotes 1250 per cm3 at 1.667 cc/s)
ULOD_FLAG: -7777
ULOD_VALUE: N/A
LLOD_FLAG: -8888
LLOD_VALUE: N/A
DM_CONTACT_INFO: Troy Thornberry, 325 Broadway R/CSL6, Boulder, CO 80305; troy.thornberry@noaa.gov; 303-497-3373
PROJECT_INFO: USOS, Utah POPS data from NOAA CSL Mobile Lab
STIPULATIONS_ON_USE: Please contact the PIs for questions regarding applications and uncertainties
OTHER_COMMENTS: POPS bin Edges (nm):  140.1, 146.3, 152.8, 159.6, 166.8, 174.2, 181.9, 190.0, 198.5, 207.4, 216.6, 226.2, 236.3, 246.8, 257.8, 269.3, 343.4, 450.7, 525.9, 618.5, 710.0, 822.7, 885.9, 953.9, 1027.2, 1106.1, 1191.0, 1282.5, 1381.0, 1487.1, 1601.3, 1724.3, 1856.7, 1999.3, 2152.8, 2318.2, 2496.2
Calculations assume organic aerosol refractive index of 1.52+0.00j and extinction wavelength = 532 nm
REVISION: R0
R0: Final data
Time_Start, Time_Stop, Time_Mid, Press_mb, Temp_C, Aerosol_concentration, Surface_Area_Conc, Volume_density, Effective_radius, Extinction, Bin01, Bin02, Bin03, Bin04, Bin05, Bin06, Bin07, Bin08, Bin09, Bin10, Bin11, Bin12, Bin13, Bin14, Bin15, Bin16, Bin17, Bin18, Bin19, Bin20, Bin21, Bin22, Bin23, Bin24, Bin25, Bin26, Bin27, Bin28, Bin29, Bin30, Bin31, Bin32, Bin33, Bin34, Bin35, Bin36
[from data line 704]
42240,42299,42270,872.176,32.114,1246.145,271.012,15.879,0.175,0.108,54.662533,55.261730,55.034672,57.060955,58.010586,58.224598,58.961842,59.844131,59.360909,61.089531,62.295280,66.278923,66.588852,65.567924,55.430595,215.408340,86.493530,35.495792,11.422411,1.314099,0.797217,0.352004,0.266955,0.150838,0.123468,0.138766,0.055465,0.083636,0.095035,0.022012,0.055816,0.056261,0.050877,0.027969,0.033437,0.028288
42300,42359,42330,872.194,32.058,1243.843,268.796,15.332,0.171,0.107,54.595119,55.987885,55.314236,56.202843,57.143341,58.353195,59.183132,60.418278,59.266212,60.135475,62.409096,64.752190,66.618103,65.595901,56.486294,215.221802,86.556801,34.751286,11.431108,1.238156,0.740159,0.416091,0.251154,0.138609,0.138005,0.099272,0.066946,0.066440,0.038881,0.054918,0.055440,0.044405,0.033098,0.005612,0.016431,0.016818
42360,42419,42390,872.201,31.985,1226.116,263.961,14.915,0.169,0.104,54.413860,53.866680,54.534298,56.565765,57.263130,59.457851,57.380264,57.884758,58.488220,59.736279,61.627983,64.552414,66.121597,64.444771,54.674458,213.009048,83.638252,33.642662,11.547760,1.103712,0.724439,0.361543,0.293960,0.166017,0.072108,0.127840,0.084230,0.094596,0.055712,0.071689,0.027398,0.027478,0.027646,0.005464,0.005501,0.016970
42420,42479,42450,872.187,31.892,1235.541,265.750,15.033,0.170,0.105,54.244293,54.004250,54.480644,56.963219,57.210350,58.031498,58.941067,60.050007,59.256168,60.108059,61.839603,64.470612,66.701935,65.217125,56.710922,214.401657,84.914360,34.026333,10.623952,1.176815,0.759453,0.389683,0.209781,0.183502,0.154895,0.116912,0.082629,0.033357,0.049971,0.027987,0.050038,0.022014,0.038565,0.011148,0.011076,0.027617
42480,42539,42510,872.144,31.907,1247.925,269.530,15.508,0.172,0.106,54.287598,54.555752,55.070076,57.418022,59.493633,58.624748,57.439053,59.772106,59.794540,60.379402,62.700756,66.880920,67.224800,65.406441,57.078178,215.042023,87.749451,35.058861,10.799014,1.074605,0.699478,0.300850,0.249985,0.200289,0.123230,0.071947,0.061618,0.067718,0.038906,0.066203,0.044697,0.055640,0.011186,0.028048,0.027794,0.028005
42540,42599,42570,872.119,32.101,1242.628,268.281,15.267,0.171,0.106,54.265331,54.691017,54.808971,56.980530,58.355724,58.974770,58.790844,59.985413,59.633915,61.065639,61.454514,65.291100,67.018791,65.599197,55.248348,214.900681,85.360374,35.720890,11.258522,1.102465,0.716549,0.306259,0.306636,0.144754,0.144630,0.111912,0.049908,0.061261,0.072365,0.033417,0.050589,0.038896,0.039135,0.027876,0.005574,0.011167
42600,42659,42630,872.093,32.169,1235.214,266.364,15.495,0.174,0.105,54.329926,54.815372,54.550049,56.628838,58.122406,58.399704,58.019501,60.322685,60.095882,60.712658,61.765511,65.864868,66.521843,64.096367,54.792152,212.863068,85.201004,33.932274,10.809449,1.090588,0.663068,0.379153,0.356649,0.187788,0.135503,0.090158,0.062350,0.050485,0.073065,0.067135,0.034057,0.078683,0.039511,0.017044,0.017295,0.028187
42660,42719,42690,872.051,32.170,1228.693,266.658,15.696,0.176,0.105,53.205841,53.785950,54.531582,55.390995,57.820507,57.785725,57.946209,60.200161,58.177891,60.080795,61.246620,64.494400,66.794189,64.664024,55.072922,213.606598,85.627968,34.603565,10.401081,1.119017,0.635144,0.315946,0.209766,0.149768,0.132380,0.110357,0.061411,0.089089,0.089026,0.061070,0.077766,0.050137,0.055749,0.021880,0.033148,0.044224
42720,42779,42750,872.013,32.017,1234.606,266.678,15.248,0.171,0.106,54.409546,54.790691,54.693119,56.011913,57.053585,58.990547,58.494564,60.079815,58.491844,59.734474,60.988781,65.314651,66.810883,65.923958,55.501114,212.771637,84.911766,35.032860,11.380276,1.014862,0.767122,0.350218,0.268367,0.199761,0.118215,0.095019,0.066947,0.083704,0.033621,0.049350,0.044514,0.038803,0.028384,0.021988,0.016414,0.022556
42780,42839,42810,871.995,31.986,1240.783,267.070,15.120,0.170,0.105,54.523571,54.068954,53.760456,57.661613,59.046043,58.419056,59.510914,59.755131,58.897373,60.244312,61.237995,65.861931,67.886223,65.121498,56.182934,214.302643,85.110176,34.818485,11.051243,1.250128,0.674122,0.372678,0.215147,0.192530,0.164414,0.096178,0.073360,0.039810,0.045640,0.056460,0.034104,0.045187,0.022698,0.023050,0.005688,0.011473
42840,42899,42870,871.987,32.024,1243.260,269.031,15.742,0.175,0.106,53.665627,54.141335,54.235065,56.525669,58.430222,59.625137,58.891323,59.362652,59.715828,61.281677,62.376209,65.677116,68.291412,66.066864,55.119217,214.397125,87.377190,33.654236,11.151826,1.034670,0.784161,0.403824,0.243506,0.155281,0.069328,0.074666,0.080379,0.063086,0.040280,0.069896,0.058178,0.064121,0.028922,0.022975,0.028842,0.052020
42900,42959,42930,871.981,32.071,1247.721,269.396,15.398,0.171,0.107,52.967243,54.799610,54.561382,57.088665,58.656410,58.276737,58.883587,60.594673,60.776810,60.885792,62.507111,65.753357,67.598785,67.002998,54.889091,216.541138,87.043724,34.524063,10.984353,1.208113,0.812389,0.361246,0.232726,0.177059,0.116735,0.072284,0.061322,0.038878,0.038805,0.050069,0.093664,0.049703,0.021939,0.022373,0.000000,0.027899
42960,43019,42990,872.016,32.196,1244.236,269.165,15.362,0.171,0.107,54.240459,53.776527,54.535625,57.624279,58.278618,58.860363,59.074867,59.165409,59.711304,59.982052,62.467747,65.059845,68.269264,64.650200,56.803856,215.354034,86.824364,35.118340,11.214756,1.097881,0.705683,0.372658,0.249772,0.111033,0.139345,0.083259,0.071567,0.066611,0.044489,0.071705,0.116454,0.027957,0.027726,0.011084,0.000000,0.027587
43020,43079,43050,872.045,32.147,1246.728,271.404,16.041,0.177,0.108,54.914036,54.955715,54.581367,57.347919,58.771698,59.210934,59.193134,58.890003,59.088554,60.507854,62.325005,66.165482,67.850624,66.060562,55.965019,213.939560,87.151642,34.066544,11.923565,1.390090,0.682658,0.476948,0.283829,0.188955,0.117226,0.106035,0.055099,0.078082,0.094558,0.066657,0.088678,0.067095,0.038730,0.027966,0.010938,0.044442
43080,43139,43110,872.082,32.036,1235.999,268.003,15.616,0.175,0.106,53.739044,53.422966,53.952641,56.186481,57.838768,57.827583,58.956280,58.993725,58.996170,59.332348,62.263592,65.963882,67.430862,65.538383,55.353786,215.896301,85.484596,34.687927,10.931719,1.007525,0.714253,0.330177,0.259063,0.152607,0.158090,0.112759,0.084828,0.072732,0.039854,0.044695,0.045485,0.044950,0.017026,0.022385,0.050954,0.045469
43140,43199,43170,872.113,32.020,1241.327,269.163,15.400,0.171,0.107,53.785877,53.591648,53.926800,56.502655,58.693310,57.797058,58.143639,59.330505,59.272289,60.179577,61.565220,66.543228,67.018715,64.746841,56.650578,217.724823,86.130402,35.197002,11.132214,1.263678,0.664608,0.380672,0.243048,0.160547,0.160251,0.072020,0.099736,0.055344,0.016507,0.099894,0.072216,0.044805,0.016787,0.016779,0.005593,0.022177
43200,43259,43230,872.145,31.983,1238.874,267.529,15.142,0.170,0.105,53.473328,52.359982,53.712399,56.568958,57.594116,58.628136,58.621025,59.390293,60.091560,60.468769,61.428291,65.629318,67.095810,65.797699,56.187801,216.699890,86.602936,34.313725,11.190644,1.045289,0.733702,0.283907,0.255700,0.149097,0.093867,0.088816,0.066699,0.050580,0.062092,0.056166,0.011093,0.022128,0.027404,0.016632,0.033491,0.022241
43260,43319,43290,872.188,32.104,1231.269,267.307,15.608,0.175,0.106,53.264271,53.623505,54.251102,54.581596,58.272957,58.409462,58.150955,59.071018,59.379887,59.645660,62.318405,64.752518,65.875305,65.575569,54.971577,215.053513,85.091484,34.327534,11.192671,1.155964,0.745676,0.383659,0.269776,0.155158,0.128002,0.105798,0.077714,0.094600,0.044530,0.049945,0.077141,0.071680,0.039215,0.011093,0.022270,0.027708
43320,43379,43350,872.213,32.154,1232.527,266.751,15.455,0.174,0.106,53.027828,53.926407,55.255100,55.534428,58.010479,58.647598,58.039669,59.540657,59.202763,59.177849,61.187092,64.851906,67.582481,65.547005,55.522266,213.096848,85.575905,34.334888,11.141232,1.196327,0.710337,0.367008,0.209538,0.175663,0.134766,0.079079,0.068000,0.039135,0.045296,0.073203,0.050650,0.056678,0.051213,0.011281,0.033610,0.022754
43380,43439,43410,872.237,32.103,1235.611,266.967,15.122,0.170,0.106,53.683895,54.148743,54.862175,55.656204,58.113201,57.803307,58.636425,58.997292,59.919430,59.957787,61.189335,65.258247,66.519783,66.589943,56.393177,213.412781,84.912292,35.020378,11.204484,1.152287,0.746577,0.389057,0.266440,0.133155,0.161770,0.066435,0.083215,0.055519,0.067092,0.071881,0.050085,0.005574,0.027774,0.016562,0.011186,0.027752
43440,43499,43470,872.234,31.970,1241.056,267.530,15.324,0.172,0.106,54.336578,54.006107,54.880657,56.837547,58.023098,58.814316,58.805614,59.154118,61.160759,59.785061,61.852703,65.510544,67.704590,65.420876,55.797924,214.069855,86.080254,34.650078,11.001508,1.108356,0.778468,0.310829,0.183772,0.162243,0.093980,0.055028,0.066970,0.082988,0.049945,0.089498,0.060236,0.055146,0.011002,0.011038,0.022023,0.022224
43500,43559,43530,872.209,31.920,1232.458,266.393,15.364,0.173,0.106,54.009357,55.159737,54.096478,56.101582,57.430019,58.134819,57.939751,60.301949,58.673954,60.707943,61.355663,65.548340,67.082253,63.701981,55.545635,212.786819,85.027603,34.438126,10.987409,1.212025,0.671746,0.423226,0.205065,0.182320,0.155293,0.083353,0.083950,0.072319,0.049569,0.089030,0.060990,0.049950,0.044675,0.005519,0.022546,0.016503
43560,43619,43590,872.175,31.927,1233.061,266.976,15.490,0.174,0.106,53.409855,53.986771,53.574261,56.011192,57.905769,57.929726,58.215034,58.872135,59.963253,59.642818,61.272873,64.390182,68.562500,64.323608,55.407516,215.229614,85.809807,34.637337,10.694293,1.103911,0.719925,0.391360,0.206380,0.161094,0.111200,0.106280,0.066978,0.050400,0.049993,0.022099,0.049922,0.049651,0.033748,0.022467,0.021959,0.055237
43620,43679,43650,872.151,32.001,1231.542,265.543,15.089,0.170,0.105,52.958187,53.297688,54.219658,55.859627,57.704193,57.865227,58.372532,59.459076,59.191265,58.964481,61.444424,66.081680,66.925133,64.718445,55.746407,215.398148,85.392433,33.930420,10.798101,1.223721,0.695680,0.261620,0.310654,0.150559,0.106035,0.055888,0.060377,0.061261,0.050019,0.055882,0.056236,0.049789,0.044623,0.016724,0.011205,0.005708
43680,43739,43710,872.129,32.144,1220.355,264.918,15.453,0.175,0.105,52.868652,53.011227,52.658646,55.130878,57.040470,58.284798,57.006863,58.153053,58.728920,60.093555,60.720646,64.711243,65.898659,64.488350,55.581917,212.186279,85.427490,34.294762,10.878534,1.174942,0.633669,0.366421,0.249817,0.133816,0.121712,0.066327,0.044789,0.065728,0.033370,0.043980,0.039290,0.039115,0.083174,0.011192,0.021943,0.060771
43740,43799,43770,872.112,32.185,1229.454,266.344,15.373,0.173,0.106,52.208561,52.848770,54.413952,56.188374,57.756176,56.625118,58.779831,59.760696,57.907619,60.245975,61.038872,65.667419,67.088509,64.940216,55.365963,213.771820,85.685684,34.782303,11.306981,1.193605,0.647331,0.298968,0.204733,0.115996,0.110983,0.099968,0.066400,0.039594,0.049943,0.044499,0.033152,0.050176,0.027665,0.010806,0.027453,0.049969
43800,43859,43830,872.091,32.099,1229.565,267.401,15.683,0.176,0.106,53.360744,53.374413,52.916389,56.392273,58.847343,58.182308,57.413963,57.996243,59.362923,59.022667,61.051468,65.552536,67.055550,64.556244,56.052822,213.426910,86.046219,34.427460,11.213501,1.095796,0.609957,0.456462,0.332681,0.161585,0.110918,0.039230,0.099563,0.067280,0.049890,0.061008,0.027749,0.038548,0.033410,0.033619,0.022545,0.072464
43860,43919,43890,872.075,32.027,1230.574,265.689,15.288,0.172,0.105,54.044338,54.341534,53.793125,56.622265,57.808975,58.295113,58.023312,60.182564,58.599159,59.214085,60.762356,65.046234,66.175896,65.463470,54.875168,213.361069,85.597801,34.301834,10.949778,1.091044,0.683838,0.384582,0.192638,0.125038,0.135657,0.061640,0.078765,0.050718,0.057017,0.056351,0.039913,0.033960,0.028187,0.017217,0.050535,0.028332
43920,43979,43950,872.067,32.089,1232.412,265.845,15.063,0.170,0.105,52.849403,53.298374,54.259796,56.158203,57.638191,58.647655,57.484550,58.635468,59.765472,60.006783,61.413551,65.747231,66.681213,65.021561,55.475986,214.722198,85.972168,34.790707,10.673448,1.152185,0.700251,0.417048,0.205008,0.192921,0.110145,0.060708,0.038990,0.038786,0.039285,0.038232,0.066657,0.049462,0.010983,0.016669,0.022102,0.011001
43980,44039,44010,872.075,32.252,1237.849,268.012,15.314,0.171,0.106,53.322617,54.283768,54.082291,55.914059,57.416111,58.761101,58.269466,58.682911,58.501629,60.471306,62.619884,64.783569,68.063957,66.100243,55.870045,214.880112,86.910347,34.456291,11.200614,1.053627,0.788971,0.410789,0.204350,0.177063,0.166014,0.072049,0.033948,0.055539,0.055674,0.050932,0.072458,0.033676,0.022685,0.016541,0.016988,0.028064
44040,44099,44070,872.080,32.325,1269.082,272.474,15.976,0.176,0.107,60.793045,59.154297,58.025036,60.392296,59.298367,59.687698,60.402298,61.232910,60.265480,60.861820,61.425480,64.997871,68.368416,66.314514,56.406181,215.251923,87.376579,34.406738,10.911995,1.108193,0.756790,0.430008,0.278481,0.194333,0.111499,0.105632,0.077835,0.072792,0.050022,0.055791,0.072606,0.039532,0.038943,0.016686,0.022472,0.077789
44100,44159,44130,872.077,32.299,1253.249,267.435,15.205,0.170,0.105,58.674465,58.723019,57.262020,58.165321,59.493244,58.737030,59.089848,60.278488,60.292545,60.742973,61.621212,65.799576,66.693954,64.839577,55.487907,214.527023,85.156845,33.261566,11.146079,1.116573,0.682594,0.356340,0.271078,0.177406,0.116301,0.132788,0.049649,0.049503,0.022066,0.060825,0.094226,0.033243,0.049901,0.016420,0.022316,0.005519
44160,44219,44190,872.053,32.214,1238.331,266.127,15.300,0.172,0.105,56.270733,55.368736,55.752396,56.742664,58.715702,58.741592,58.132652,59.368622,58.648289,59.819397,59.771835,65.785843,67.069214,65.364502,55.570389,214.213867,84.996170,33.896057,10.706072,1.215914,0.836229,0.388380,0.196781,0.167483,0.107699,0.090087,0.072546,0.028067,0.039896,0.044927,0.039522,0.055894,0.039251,0.022852,0.016819,0.033641
44220,44279,44250,872.038,32.286,1243.897,267.068,15.404,0.173,0.105,56.558479,56.245804,56.184937,58.296986,58.262482,59.641846,59.115131,60.001442,58.115139,59.679379,61.337597,65.020012,65.682556,66.109772,55.788002,214.205826,85.979530,33.675819,10.738276,1.175826,0.665702,0.353810,0.205804,0.161773,0.121465,0.061407,0.105936,0.060644,0.050495,0.073036,0.077471,0.055711,0.028100,0.011039,0.011205,0.038678
44280,44339,44310,872.024,32.270,1243.270,269.253,15.636,0.174,0.107,54.795792,55.595295,55.173470,56.459579,56.670368,58.559364,58.932709,59.017357,59.083134,59.354000,60.992832,65.566383,68.115868,65.518875,57.940838,215.582047,86.455338,35.081535,11.038624,1.101229,0.807711,0.353827,0.251982,0.202856,0.101697,0.044755,0.067484,0.045159,0.083603,0.061351,0.045882,0.084398,0.028530,0.016695,0.005669,0.033900
44340,44399,44370,872.008,32.247,1249.754,269.264,15.368,0.171,0.106,56.857422,54.993340,55.157242,57.353771,57.673527,58.970509,58.490688,59.198425,59.355511,60.777538,63.834366,65.316246,67.048248,65.853386,56.386772,216.775055,87.374344,34.255077,10.808624,1.075524,0.783206,0.445524,0.258336,0.163981,0.124430,0.028219,0.033865,0.033757,0.039595,0.073199,0.078885,0.028070,0.034147,0.028064,0.022995,0.022716
44400,44459,44430,872.003,32.224,1240.547,268.622,15.719,0.175,0.106,54.232449,53.648014,54.664249,56.031380,57.856213,58.720318,60.226059,59.458881,58.867359,60.085495,61.686855,66.178810,66.708084,65.235176,56.350636,217.137894,85.214340,33.894100,11.004400,1.110026,0.740442,0.349022,0.311963,0.122468,0.121929,0.072507,0.061472,0.027751,0.072514,0.071484,0.088757,0.050569,0.033431,0.038931,0.038988,0.033321
