CampaignData_and_Merges/R0/CSL_MobileLab_Parked/raw/20240808/USOS-NOAAIodideCIMS-PANs_MobileLabGround_20240808_RA.ict
35, 1001
Michael A Robinson, Chris Jernigan, Subi Thakali
NOAA ESRL Chemical Sciences Laboratory and CIRES, U. of Colorado
NOAA Iodide CIMS Instrument
USOS
1, 1
2024, 08, 08, 2024, 08, 09
1
starttime_UTC, seconds_past_midnight, seconds_of_day_since_00:00:00_UTC
3
1, 1, 1
-9999, -9999, -9999
PAN_NOAACIMS, pptv, Gas_PAN_InSitu_S_AVMR, 
APAN_NOAACIMS, pptv, Gas_APAN_InSitu_S_AVMR, 
PPN_NOAACIMS, pptv, Gas_PPN_InSitu_S_AVMR, 
0
18
PI_CONTACT_INFO: 325 Broadway, R/CSD 7, Boulder, Colorado 80305; michael.a.robinson@noaa.gov; chris.jernigan@noaa.gov;
PLATFORM: NOAA CSL Mobile Lab
LOCATION: SLC, Utah
ASSOCIATED_DATA: 1Hz data also available on request.
INSTRUMENT_INFO: NOAA I- ToF CIMS
DATA_INFO: All data in parts per trillion by volume (pptv). 1 Hz data is available upon request.
UNCERTAINTY: TBD
ULOD_FLAG: -7777
ULOD_VALUE: N/A
LLOD_FLAG: -8888
LLOD_VALUE: N/A
DM_CONTACT_INFO: Nathan Howard; nathan.h.howard@noaa.gov
PROJECT_INFO: USOS, summer 2024. https://csl.noaa.gov/groups/csl7/measurements/2024usos/
STIPULATIONS_ON_USE: Users are strongly encouraged to contact the PI for proper data usage.
OTHER_COMMENTS: 
REVISION: RA
RA: Preliminary Data; For in-field use only
starttime_UTC, PAN_NOAACIMS, APAN_NOAACIMS, PPN_NOAACIMS
[from data line 813]
 48780, 465.020,  5.938, 62.934
 48840, 488.038,  6.176, 72.023
 48900, 486.404,  6.218, 69.019
 48960, 504.840,  8.740, 73.958
 49020, 526.974,  7.605, 77.344
 49080, 528.912,  8.765, 75.135
 49140, 533.776,  7.911, 77.029
 49200, 530.680,  7.494, 78.190
 49260, 526.893,  6.459, 73.949
 49320, 537.134,  6.803, 77.983
 49380, 546.397,  8.930, 80.271
 49440, 534.117,  6.152, 71.404
 49500, 513.479,  6.508, 71.867
 49560, 506.323,  6.709, 72.591
 49620, 498.919,  7.724, 71.397
 49680, 507.820,  6.893, 71.495
 49740, 546.971,  6.861, 78.480
 49800, 553.250,  8.398, 79.050
 49860, 542.300,  6.046, 75.897
 49920, 519.772,  7.059, 74.439
 49980, 519.893,  7.771, 71.994
 50040, 511.826,  5.404, 73.002
 50100, 514.382,  6.268, 74.686
 50160, 516.399,  5.489, 72.763
 50220, 524.031,  7.394, 72.176
 50280, 508.939,  7.825, 73.269
 50340, 512.960,  6.867, 71.788
 50400, 516.982,  7.464, 75.141
 50460, 515.436,  8.027, 75.065
 50520, 518.500,  7.311, 76.979
 50580, 525.810,  5.972, 78.610
 50640, 521.583,  7.238, 76.231
 50700, 524.296,  7.169, 79.359
 50760, 518.703,  5.109, 77.965
 50820, 524.201,  8.655, 75.602
 50880, 519.282,  8.243, 78.524
 50940, 509.273,  7.468, 74.490
 51000, 498.392,  4.924, 75.476
 51060, 492.722,  8.238, 74.377
 51120, 498.494,  6.645, 77.255
 51180, 509.003,  7.363, 74.367
 51240, 506.511,  8.534, 74.745
 51300, 500.741,  8.128, 71.237
 51360, 477.422,  7.693, 69.138
 51420, 492.502,  9.391, 71.562
 51480, 486.207,  6.523, 73.671
 51540, 488.892,  2.281, 66.262
 51600, 524.454, 12.666, 81.525
 51660, 493.663,  6.645, 71.696
 51720, 492.084,  8.287, 69.871
 51780, 484.046,  8.151, 72.669
 51840, 497.753,  4.766, 76.396
 51900, 509.689,  7.119, 78.215
 51960, 523.862,  8.007, 78.737
 52020, 525.905,  6.653, 77.706
 52080, 528.844,  6.892, 80.747
 52140, 522.732,  7.723, 76.592
 52200, 530.552,  9.807, 77.194
 52260, 536.347,  8.023, 74.125
 52320, 544.158,  8.837, 83.019
 52380, 547.336,  9.345, 77.460
 52440, 526.718,  7.706, 76.176
 52500, 577.981,  7.272, 89.729
 52560, 517.085,  7.095, 74.183
 52620, 540.186, 10.906, 80.347
 52680, 540.124,  5.962, 81.822
 52740, 530.832,  9.516, 75.876
 52800, 521.810,  8.058, 78.439
 52860, 532.492,  8.032, 82.803
 52920, 536.571,  7.574, 82.938
 52980, 539.665,  8.299, 82.297
 53040, 547.528,  7.887, 81.087
 53100, 534.510,  8.200, 78.922
 53160, 537.996,  7.548, 80.948
 53220, 546.896,  7.401, 78.955
 53280, 556.867,  8.985, 82.331
 53340, 561.593,  9.387, 86.798
 53400, 545.908,  9.839, 78.007
 53460, 567.960,  8.861, 86.137
 53520, 558.459,  7.635, 83.090
 53580, 562.218,  8.851, 84.835
 53640, 579.482, 10.242, 86.229
 53700, 569.111,  6.837, 83.150
 53760, 601.346,  7.870, 82.138
 53820, 586.883,  9.706, 84.663
 53880, 590.876,  8.191, 87.091
 53940, 578.813,  9.471, 84.340
 54000, 624.770,  8.115, 86.593
 54060, 608.722,  9.537, 88.762
 54120, 611.932,  6.821, 84.144
 54180, 622.859,  9.513, 87.923
 54240, 613.975, 10.953, 88.086
 54300, 595.261, 10.263, 84.900
 54360, 608.258,  7.796, 86.963
 54420, 629.478, 10.699, 88.557
 54480, 614.176,  8.353, 84.744
 54540, 623.162,  7.095, 88.019
 54600, 618.608,  9.735, 87.112
 54660, 622.387,  9.986, 82.857
 54720, 622.465,  9.764, 85.907
 54780, 636.800, 10.090, 86.763
 54840, 628.143, 10.492, 88.031
 54900, 620.261,  7.515, 87.235
 54960, 609.639, 10.252, 85.145
 55020, 611.227,  9.335, 85.765
 55080, 614.823,  9.046, 84.415
 55140, -9999.000, -9999.000, -9999.000
 55200, -9999.000, -9999.000, -9999.000
 55260, -9999.000, -9999.000, -9999.000
 55320, -9999.000, -9999.000, -9999.000
 55380, -9999.000, -9999.000, -9999.000
 55440, -9999.000, -9999.000, -9999.000
 55500, -9999.000, -9999.000, -9999.000
 55560, -9999.000, -9999.000, -9999.000
 55620, -9999.000, -9999.000, -9999.000
 55680, -9999.000, -9999.000, -9999.000
 55740, -9999.000, -9999.000, -9999.000
 55800, -9999.000, -9999.000, -9999.000
 55860, -9999.000, -9999.000, -9999.000
 55920, -9999.000, -9999.000, -9999.000
 55980, -9999.000, -9999.000, -9999.000
 56040, -9999.000, -9999.000, -9999.000
 56100, -9999.000, -9999.000, -9999.000
 56160, -9999.000, -9999.000, -9999.000
 56220, -9999.000, -9999.000, -9999.000
 56280, -9999.000, -9999.000, -9999.000
 56340, -9999.000, -9999.000, -9999.000
 56400, 651.183,  9.517, 91.527
 56460, 664.305, 11.322, 89.015
 56520, 658.453, 11.180, 91.218
 56580, 668.612, 11.899, 89.997
 56640, 636.655, 11.579, 84.210
 56700, 639.671,  9.666, 82.896
 56760, 674.735, 12.071, 93.641
 56820, 686.727, 11.232, 91.955
 56880, 687.986, 12.831, 90.327
 56940, 687.824, 11.867, 93.616
 57000, 678.359, 11.559, 89.570
 57060, 689.563, 10.151, 93.804
 57120, 695.548,  9.220, 97.875
 57180, 716.032,  9.704, 97.225
 57240, 713.730, 10.946, 98.549
 57300, 731.710, 10.688, 100.827
 57360, 718.749, 11.119, 96.276
 57420, 716.862, 10.661, 94.286
 57480, 715.506,  8.600, 98.118
 57540, 709.024,  9.162, 94.432
 57600, 720.725,  9.587, 94.404
 57660, 722.321,  9.437, 94.878
 57720, 727.340,  9.190, 98.262
 57780, 728.172, 10.807, 99.633
 57840, 719.703,  8.713, 97.548
 57900, 728.826, 10.137, 99.754
 57960, 722.804,  9.966, 97.473
 58020, 716.462, 11.209, 95.366
 58080, 713.667,  8.644, 93.710
 58140, 726.636,  7.767, 96.537
 58200, 735.915, 10.834, 99.189
 58260, -9999.000, -9999.000, -9999.000
 58320, 739.146, 12.929, 95.385
 58380, 736.593, 11.484, 99.059
 58440, 733.906,  8.473, 96.206
 58500, 729.300, 11.951, 95.828
 58560, 742.150, 10.980, 96.301
 58620, 772.976,  9.721, 104.252
 58680, 792.953, 11.054, 106.982
 58740, 811.542, 10.377, 112.596
 58800, 826.227, 11.159, 112.329
 58860, 817.103,  9.263, 108.464
 58920, 824.459,  9.965, 110.951
 58980, 828.580, 11.586, 110.622
 59040, 841.296, 11.877, 114.605
 59100, 841.053, 10.004, 113.554
 59160, 830.474,  9.970, 111.258
 59220, 828.815, 11.305, 114.563
 59280, 847.861, 10.925, 116.647
 59340, 860.947, 13.407, 114.323
 59400, 844.719, 11.877, 115.464
 59460, 843.485, 10.859, 116.046
 59520, 849.992, 10.020, 118.585
 59580, 849.122, 11.853, 113.902
 59640, 855.294,  9.653, 118.586
 59700, 861.250, 11.657, 113.957
 59760, 857.254,  8.674, 118.206
 59820, 838.679,  9.611, 113.875
 59880, 830.192,  9.340, 111.419
 59940, 847.209, 10.638, 115.812
 60000, 849.147, 11.357, 115.597
 60060, 892.923,  9.916, 119.366
 60120, 808.835,  6.421, 112.307
 60180, 848.931, 12.459, 114.883
 60240, 854.341, 10.453, 118.834
 60300, 849.628, 10.052, 116.306
 60360, 860.162, 10.132, 117.781
 60420, 872.269, 11.291, 122.006
 60480, 906.975, 10.944, 124.364
 60540, 907.123, 11.147, 125.579
 60600, 910.483, 10.572, 128.345
 60660, 921.973, 12.078, 130.873
 60720, 906.300, 11.442, 129.435
 60780, 908.146,  9.348, 130.037
 60840, 890.973,  9.922, 126.342
 60900, 901.719, 10.423, 132.215
 60960, 930.734, 12.059, 135.250
 61020, 923.951, 10.998, 134.903
 61080, 918.757, 10.310, 134.142
 61140, 884.190,  9.267, 129.208
 61200, 875.421,  9.868, 128.734
 61260, 877.023, 11.188, 127.274
 61320, 885.521, 11.210, 129.556
 61380, 854.230,  8.867, 127.919
 61440, 859.076, 13.503, 128.511
 61500, 856.785, 11.912, 127.536
 61560, 870.266,  9.615, 127.169
 61620, 871.459,  8.654, 132.956
 61680, 874.160,  8.858, 134.326
 61740, 893.754,  9.671, 135.612
 61800, 878.653, 10.568, 130.637
 61860, 893.200, 10.069, 135.360
 61920, 868.013,  9.279, 135.585
 61980, 884.514,  8.334, 141.406
 62040, 857.200, 10.531, 133.860
 62100, 870.967,  9.051, 134.338
 62160, 887.455, 10.493, 138.346
 62220, 872.098,  9.996, 136.358
 62280, 887.317, 11.543, 138.847
 62340, 881.464, 11.349, 142.315
 62400, 860.638, 10.371, 137.800
 62460, 852.764,  9.847, 139.617
 62520, 841.325, 10.372, 131.077
 62580, 826.589,  9.554, 132.075
 62640, 816.443,  8.831, 125.848
 62700, 814.526,  7.566, 131.730
 62760, 820.162, 10.033, 131.209
 62820, 822.972,  9.064, 129.560
 62880, 802.533,  6.946, 129.864
 62940, 795.384, 10.233, 123.497
 63000, 803.188,  9.189, 125.483
 63060, 813.788,  7.718, 131.238
 63120, 809.477,  7.622, 127.727
 63180, 813.512, 10.996, 126.743
 63240, 902.300, 10.188, 149.331
 63300, 908.141, 11.314, 151.316
 63360, 904.993,  9.312, 148.592
 63420, 910.140,  7.786, 145.786
 63480, 910.120, 10.768, 144.287
 63540, 894.232,  8.699, 145.638
 63600, 842.553,  9.995, 138.973
 63660, 871.571, 10.464, 139.540
 63720, 888.181, 10.803, 143.365
 63780, 875.549,  7.305, 142.048
 63840, 896.008,  7.763, 144.522
 63900, 901.440, 11.281, 143.272
 63960, 898.570,  9.838, 144.810
 64020, 893.554,  8.646, 142.900
 64080, 894.427,  8.174, 142.402
 64140, 896.913, 11.178, 143.312
 64200, 916.296, 10.209, 144.170
 64260, 898.323, 10.144, 139.348
 64320, 889.170, 11.743, 136.393
 64380, 916.236,  8.328, 148.034
 64440, 932.488,  9.575, 146.439
 64500, 895.157, 10.441, 141.142
 64560, 904.487, 10.115, 140.144
 64620, 950.525,  9.197, 145.869
 64680, 936.942,  9.051, 147.826
 64740, 940.258, 10.129, 146.162
 64800, 950.415,  9.543, 149.374
 64860, 925.871, 10.568, 146.326
 64920, 937.427, 10.031, 149.150
 64980, 938.678, 10.745, 146.136
 65040, 911.834, 11.375, 146.911
 65100, 790.502,  8.576, 117.840
 65160, 806.063,  8.372, 118.034
 65220, 821.423,  9.575, 123.214
 65280, 821.743,  6.700, 120.583
 65340, 857.633,  8.479, 128.560
 65400, 887.313, 10.711, 135.919
 65460, 902.518,  8.906, 135.319
 65520, 946.378,  8.429, 138.003
 65580, 899.242,  7.888, 138.007
 65640, -9999.000, -9999.000, -9999.000
 65700, 925.375,  8.710, 140.042
 65760, 920.310, 11.543, 140.726
 65820, 930.176, 10.713, 137.135
 65880, 931.813,  9.697, 147.998
 65940, 927.321,  9.632, 142.606
 66000, 944.468,  7.376, 144.365
 66060, 961.909,  7.276, 152.456
 66120, 961.156,  8.843, 149.051
 66180, 982.633, 10.166, 153.960
 66240, 1002.464,  8.297, 158.131
 66300, 1025.598,  8.933, 163.083
 66360, 1008.714,  8.901, 156.174
 66420, 1026.712,  8.359, 160.996
 66480, 1016.419,  6.336, 166.010
 66540, 1028.701,  8.871, 160.411
 66600, 1046.765,  9.598, 166.313
 66660, 1054.946, 11.129, 172.236
 66720, 1060.140,  9.683, 171.232
 66780, 1069.834,  6.833, 177.182
 66840, 1076.429, 10.821, 176.116
 66900, 1051.180,  7.512, 168.651
 66960, 1044.498,  8.388, 167.390
 67020, 995.646,  7.353, 161.714
 67080, 995.681,  8.064, 160.319
 67140, 977.345,  8.698, 159.975
 67200, 922.124,  8.914, 142.388
 67260, 923.252,  8.440, 141.074
 67320, 881.606,  8.944, 129.444
 67380, 884.517,  6.204, 124.180
 67440, 834.306,  7.931, 113.574
 67500, -9999.000, -9999.000, -9999.000
 67560, 857.447,  5.541, 110.225
 67620, 853.017,  7.196, 111.367
 67680, 886.953,  6.912, 118.297
 67740, 915.828,  6.562, 120.999
 67800, 938.761,  9.804, 125.028
 67860, 926.313,  6.672, 125.703
 67920, 902.685,  9.015, 123.841
 67980, 892.969,  7.826, 116.708
 68040, 877.507,  8.050, 120.743
 68100, 892.958,  6.971, 119.990
 68160, 884.400,  6.330, 117.427
 68220, 943.133,  7.666, 130.913
 68280, 967.005,  6.312, 129.183
 68340, 970.829,  6.081, 137.621
 68400, 970.809,  6.062, 136.847
 68460, 944.311,  6.617, 133.717
 68520, 967.087,  8.364, 138.997
 68580, 969.174,  8.972, 134.116
 68640, 960.401,  9.284, 136.809
 68700, 957.397,  7.996, 136.924
 68760, 983.750,  6.946, 144.120
 68820, 971.912,  5.681, 138.631
 68880, 949.170,  7.054, 140.810
 68940, 936.787,  8.183, 131.036
 69000, 955.408,  7.626, 134.691
 69060, 983.748,  7.415, 144.503
 69120, 984.050,  7.802, 144.923
 69180, 1029.798,  8.305, 148.402
 69240, 1005.428,  6.631, 144.069
 69300, 991.573,  8.540, 140.873
 69360, -9999.000, -9999.000, -9999.000
 69420, 1037.126,  8.688, 152.821
 69480, 1039.247,  8.269, 152.146
 69540, 1035.445,  8.055, 153.499
 69600, 1084.451,  5.903, 162.176
 69660, 1086.583,  8.139, 157.599
 69720, 1091.484,  8.831, 158.614
 69780, 1065.307,  6.585, 156.461
 69840, 1071.059,  7.473, 160.415
 69900, 1092.667,  7.147, 163.633
 69960, 1080.678,  7.381, 154.714
 70020, 1101.081,  4.406, 162.063
 70080, 1128.013,  4.982, 161.293
 70140, 1080.222,  6.628, 163.088
 70200, 1090.572,  8.094, 161.827
 70260, 1091.929,  5.587, 166.759
 70320, 1122.108, 10.841, 165.994
 70380, 1103.126,  6.181, 163.746
 70440, 1114.120,  6.940, 168.117
 70500, 1105.606,  6.597, 168.546
 70560, 1096.442,  7.978, 166.694
 70620, 1109.341,  6.647, 167.722
 70680, 1100.457,  7.665, 169.922
 70740, 1081.819,  9.833, 169.740
 70800, 1080.347,  7.332, 171.957
 70860, 1115.305,  9.582, 173.858
 70920, 1154.625,  8.458, 181.062
 70980, 1144.658,  9.031, 182.972
 71040, 1215.851,  8.657, 184.087
 71100, 1188.706,  6.149, 184.045
 71160, 1188.745,  6.671, 181.984
 71220, 1155.082,  6.618, 180.349
 71280, 1151.595,  8.256, 179.437
 71340, 1130.164,  6.626, 172.085
 71400, 1131.386,  8.714, 174.552
 71460, 1141.915,  6.372, 179.382
 71520, 1145.275,  7.553, 183.303
 71580, 1161.303,  6.946, 182.010
 71640, 1186.235,  8.585, 182.115
 71700, 1193.230,  8.032, 187.793
 71760, 1195.874,  7.743, 186.125
 71820, 1168.207,  6.568, 181.513
 71880, 1169.696,  8.407, 184.122
 71940, 1147.622,  6.860, 179.884
 72000, 1171.958,  5.115, 182.499
 72060, 1204.796,  5.754, 190.144
 72120, 1264.462,  5.769, 199.063
 72180, 1267.830,  7.422, 197.243
 72240, 1276.740,  6.802, 201.305
 72300, 1272.376,  8.188, 203.397
 72360, 1286.338,  7.919, 201.657
 72420, 1268.188,  7.592, 205.080
 72480, 1261.275,  8.264, 203.241
 72540, 1277.906,  8.117, 203.812
 72600, 1255.505,  7.654, 198.701
 72660, 1228.220,  7.148, 197.847
 72720, 1241.434,  6.513, 200.602
 72780, 1269.604,  5.949, 204.636
 72840, 1331.610,  6.182, 213.375
 72900, 1345.300,  5.683, 216.262
 72960, 1366.741,  5.383, 214.609
 73020, -9999.000, -9999.000, -9999.000
 73080, 1383.818,  9.448, 224.268
 73140, 1395.902,  8.994, 222.192
 73200, 1375.614,  7.338, 221.616
 73260, 1390.718,  7.149, 221.575
 73320, 1379.211,  7.954, 222.502
 73380, 1402.012,  8.419, 224.509
 73440, 1377.696,  6.790, 224.338
 73500, 1396.435,  6.851, 228.401
 73560, 1391.734,  7.581, 224.399
 73620, 1419.398,  5.717, 230.566
 73680, 1451.587,  6.164, 237.481
 73740, 1573.993,  9.178, 261.473
 73800, 1464.171,  6.068, 241.697
 73860, 1479.932,  9.086, 244.024
 73920, 1437.377, 10.052, 241.227
 73980, 1468.500,  7.619, 245.921
 74040, 1515.574,  6.284, 254.323
 74100, 1545.836,  6.838, 264.708
 74160, 1550.455,  8.878, 261.162
 74220, 1542.612,  5.479, 260.449
 74280, 1562.172,  5.884, 264.662
 74340, 1555.383,  7.267, 257.293
 74400, 1568.142,  7.301, 258.023
 74460, 1550.196,  7.711, 257.564
 74520, 1530.485,  5.868, 253.111
 74580, 1550.151,  7.216, 257.440
 74640, 1603.604,  5.638, 263.230
 74700, 1609.958,  6.582, 271.630
 74760, 1563.544,  7.455, 261.867
 74820, 1557.761,  5.902, 263.790
 74880, -9999.000, -9999.000, -9999.000
 74940, 1552.748,  8.845, 261.595
 75000, 1569.298,  8.053, 264.958
 75060, 1572.657,  7.257, 263.116
 75120, 1529.505,  7.196, 254.683
 75180, 1442.480,  5.685, 226.319
 75240, 1429.114,  6.218, 227.334
 75300, 1439.637,  6.207, 232.104
 75360, 1429.322,  5.360, 225.012
 75420, 1468.116,  6.562, 231.635
 75480, 1431.840,  8.197, 223.793
 75540, 1477.421,  7.006, 227.508
 75600, 1493.857,  7.308, 223.402
 75660, 1455.516,  5.375, 224.569
 75720, 1459.724,  7.380, 225.063
 75780, 1437.469,  5.027, 222.116
 75840, 1453.037,  7.226, 222.663
 75900, 1443.498,  5.834, 221.939
 75960, 1465.484,  7.327, 219.185
 76020, 1474.330,  6.645, 224.877
 76080, 1434.262,  7.158, 216.579
 76140, 1433.381,  5.143, 214.265
 76200, 1418.246,  8.039, 215.158
 76260, 1443.495,  6.402, 215.729
 76320, 1448.912,  7.352, 220.219
 76380, 1404.660,  7.304, 217.792
 76440, 1373.823,  4.545, 208.239
 76500, 1264.331,  4.599, 182.073
 76560, 1203.885,  4.919, 170.076
 76620, 1175.812,  4.739, 162.007
 76680, 1190.405,  4.061, 164.512
 76740, -9999.000, -9999.000, -9999.000
 76800, 1172.577,  5.922, 155.700
 76860, 1178.709,  6.276, 159.346
 76920, 1126.109,  4.922, 148.964
 76980, 1116.970,  4.387, 145.101
 77040, 1139.788,  5.537, 154.195
 77100, 932.692,  5.473, 121.553
 77160, 850.210,  5.938, 112.538
 77220, 797.038,  3.195, 100.852
 77280, 734.593,  4.254, 91.749
 77340, 721.905,  4.757, 89.202
 77400, 749.982,  3.211, 91.314
