CampaignData_and_Merges/R0/CSL_MobileLab_Parked/raw/20240808/USOS-POPS_MobileLabGround_20240808_R0.ict
78, 1001
Thornberry, T. D.
NOAA Chemical Sciences Laboratory
Portable Optical Particle Spectrometer (POPS)
USOS
1, 1
2024, 08, 08, 2025, 05, 08
60
Time_Start, seconds_past_midnight, Start time of measurement
45
1, 1, 1, 1, 1, 1, 1, 1, 1, 1, 1, 1, 1, 1, 1, 1, 1, 1, 1, 1, 1, 1, 1, 1, 1, 1, 1, 1, 1, 1, 1, 1, 1, 1, 1, 1, 1, 1, 1, 1, 1, 1, 1, 1, 1
-9999, -9999, -9999, -9999, -9999, -9999, -9999, -9999, -9999, -9999, -9999, -9999, -9999, -9999, -9999, -9999, -9999, -9999, -9999, -9999, -9999, -9999, -9999, -9999, -9999, -9999, -9999, -9999, -9999, -9999, -9999, -9999, -9999, -9999, -9999, -9999, -9999, -9999, -9999, -9999, -9999, -9999, -9999, -9999, -9999
Time_Stop, seconds_past_midnight, Stop time of measurement
Time_Mid, seconds_past_midnight, Mid time of measurement
Press_mb, mb, Pressure reported (mb)
Temp_C, degrees C, POPS temperature measurement
Aerosol_concentration, cm^-3, Aerosol concentration
Surface_Area_Conc, um^2 cm^-3, Surface area concentration
Volume_density, um^3 cm^-3, Volume density
Effective_radius, um, Effective radius
Extinction, km^-1, Extinction
Bin01, cm^-3, particle concentration in size range [1401 - 146.3 nm]
Bin02, cm^-3, particle concentration in size range [146.3 - 152.8 nm]
Bin03, cm^-3, particle concentration in size range [152.8 - 159.6 nm]
Bin04, cm^-3, particle concentration in size range [159.6 - 166.8 nm]
Bin05, cm^-3, particle concentration in size range [166.8 - 174.2 nm]
Bin06, cm^-3, particle concentration in size range [174.2 - 181.9 nm]
Bin07, cm^-3, particle concentration in size range [181.9 - 190.0 nm]
Bin08, cm^-3, particle concentration in size range [190.0 - 198.5 nm]
Bin09, cm^-3, particle concentration in size range [198.5 - 207.4 nm]
Bin10, cm^-3, particle concentration in size range [207.4 - 216.6 nm]
Bin11, cm^-3, particle concentration in size range [216.6 - 226.2 nm]
Bin12, cm^-3, particle concentration in size range [226.2 - 236.3 nm]
Bin13, cm^-3, particle concentration in size range [236.3 - 246.8 nm]
Bin14, cm^-3, particle concentration in size range [246.8 - 257.8 nm]
Bin15, cm^-3, particle concentration in size range [257.8 - 269.3 nm]
Bin16, cm^-3, particle concentration in size range [269.3 - 343.4 nm]
Bin17, cm^-3, particle concentration in size range [343.4 - 450.7 nm]
Bin18, cm^-3, particle concentration in size range [450.7 - 525.9 nm]
Bin19, cm^-3, particle concentration in size range [525.9 - 618.5 nm]
Bin20, cm^-3, particle concentration in size range [618.5 - 710.0 nm]
Bin21, cm^-3, particle concentration in size range [710.0 - 822.7 nm]
Bin22, cm^-3, particle concentration in size range [822.7 - 885.9 nm]
Bin23, cm^-3, particle concentration in size range [885.9 - 953.9 nm]
Bin24, cm^-3, particle concentration in size range [953.9 - 1027.2 nm]
Bin25, cm^-3, particle concentration in size range [1027.2 - 1106.1 nm]
Bin26, cm^-3, particle concentration in size range [1106.1 - 1191.0 nm]
Bin27, cm^-3, particle concentration in size range [1191.0 - 1282.5 nm]
Bin28, cm^-3, particle concentration in size range [1282.5 - 1381.0 nm]
Bin29, cm^-3, particle concentration in size range [1381.0 - 1487.1 nm]
Bin30, cm^-3, particle concentration in size range [1487.1 - 1601.3 nm]
Bin31, cm^-3, particle concentration in size range [1601.3 - 1724.3 nm]
[...]
PLATFORM: NOAA CSL Mobile Lab
LOCATION: USOS
ASSOCIATED_DATA: N/A
INSTRUMENT_INFO: Printed Optical Particle Spectrometer counts particles from 140 - 2500 nm in diameter 
DATA_INFO: Particle concentrations reported in number per cubic centimeter,1 Hz data
UNCERTAINTY: Counting uncertainty dominated by air flow, less than 5 percent. Measurement range is ~0 - 3000 per cm3 (varies depending on flow rate- manufacturer quotes 1250 per cm3 at 1.667 cc/s)
ULOD_FLAG: -7777
ULOD_VALUE: N/A
LLOD_FLAG: -8888
LLOD_VALUE: N/A
DM_CONTACT_INFO: Troy Thornberry, 325 Broadway R/CSL6, Boulder, CO 80305; troy.thornberry@noaa.gov; 303-497-3373
PROJECT_INFO: USOS, Utah POPS data from NOAA CSL Mobile Lab
STIPULATIONS_ON_USE: Please contact the PIs for questions regarding applications and uncertainties
OTHER_COMMENTS: POPS bin Edges (nm):  140.1, 146.3, 152.8, 159.6, 166.8, 174.2, 181.9, 190.0, 198.5, 207.4, 216.6, 226.2, 236.3, 246.8, 257.8, 269.3, 343.4, 450.7, 525.9, 618.5, 710.0, 822.7, 885.9, 953.9, 1027.2, 1106.1, 1191.0, 1282.5, 1381.0, 1487.1, 1601.3, 1724.3, 1856.7, 1999.3, 2152.8, 2318.2, 2496.2
Calculations assume organic aerosol refractive index of 1.52+0.00j and extinction wavelength = 532 nm
REVISION: R0
R0: Final data
Time_Start, Time_Stop, Time_Mid, Press_mb, Temp_C, Aerosol_concentration, Surface_Area_Conc, Volume_density, Effective_radius, Extinction, Bin01, Bin02, Bin03, Bin04, Bin05, Bin06, Bin07, Bin08, Bin09, Bin10, Bin11, Bin12, Bin13, Bin14, Bin15, Bin16, Bin17, Bin18, Bin19, Bin20, Bin21, Bin22, Bin23, Bin24, Bin25, Bin26, Bin27, Bin28, Bin29, Bin30, Bin31, Bin32, Bin33, Bin34, Bin35, Bin36
[from data line 276]
16560,16619,16590,870.622,31.543,701.833,145.081,7.816,0.161,0.054,32.028263,32.689827,32.287460,33.373112,34.583824,34.375008,33.835632,33.692062,33.633732,34.062176,33.781487,36.298565,37.843700,36.731991,31.755562,122.654648,45.837154,16.248699,4.756666,0.509706,0.323034,0.166902,0.073088,0.066736,0.055523,0.039244,0.005767,0.016836,0.028300,0.005376,0.039248,0.005574,0.011058,0.005650,0.005848,0.005669
16620,16679,16650,870.622,31.413,701.980,144.532,7.743,0.161,0.054,32.487881,32.752998,32.329002,33.032677,35.071705,35.277096,34.047806,34.077404,33.386089,33.700737,34.173172,36.662155,37.433273,36.261673,31.504002,121.811020,45.433460,16.116804,5.126889,0.522043,0.345096,0.100004,0.088570,0.077858,0.038697,0.022262,0.022097,0.011168,0.021982,0.005537,0.005501,0.011141,0.005556,0.000000,0.000000,0.016935
16680,16739,16710,870.637,31.409,705.193,146.048,8.019,0.164,0.055,33.040241,33.063068,32.606750,34.111568,33.991932,34.131130,34.077225,33.389606,33.590206,34.002014,34.621681,36.524349,37.619514,37.161472,32.645138,122.528488,45.034409,16.483067,5.148010,0.593219,0.281752,0.129955,0.119061,0.050249,0.050790,0.034025,0.022809,0.022786,0.005669,0.034097,0.016903,0.022235,0.011383,0.005726,0.011400,0.011376
16740,16799,16770,870.644,31.528,709.481,147.402,7.900,0.161,0.056,33.615631,32.983517,33.414753,34.478626,34.273643,33.633850,33.893383,33.951450,32.740036,33.542919,34.643833,36.954304,37.690613,37.134975,32.110657,124.507019,45.890759,17.305185,5.260607,0.532196,0.327699,0.150614,0.105546,0.116868,0.050386,0.044418,0.033102,0.027948,0.011042,0.011186,0.033452,0.000000,0.005501,0.000000,0.005650,0.000000
16800,16859,16830,870.646,31.709,709.917,148.049,8.144,0.165,0.056,32.256218,32.715748,32.345219,34.708923,34.304523,34.617069,34.132454,34.846867,33.809517,33.896950,34.776890,37.615570,37.348808,37.031670,31.947557,122.684669,47.490105,16.721174,5.144495,0.499768,0.399904,0.166864,0.099978,0.050295,0.044254,0.061384,0.027891,0.039060,0.027530,0.027474,0.033487,0.011038,0.005612,0.011186,0.005574,0.011148
16860,16919,16890,870.669,31.836,708.804,146.397,7.785,0.159,0.055,33.176945,32.951176,33.370876,33.760380,34.471596,34.934006,33.551819,33.711861,33.853992,33.743774,34.911686,36.089413,38.101326,37.093002,32.021999,123.521187,46.411098,16.845291,4.903144,0.545968,0.315874,0.197315,0.095300,0.044487,0.044849,0.028446,0.022660,0.022606,0.016783,0.011135,0.016895,0.005485,0.005650,0.000000,0.005557,0.000000
16920,16979,16950,870.661,31.852,711.472,147.737,8.148,0.165,0.055,32.958534,32.632702,33.427265,34.006046,35.822834,34.584919,33.393795,34.753002,33.499332,33.802654,34.665768,36.838047,38.476326,37.754883,31.913635,122.668434,47.323360,16.450609,5.159592,0.477760,0.300746,0.133872,0.088692,0.072541,0.050029,0.038519,0.022305,0.011130,0.016343,0.039170,0.022466,0.016578,0.005501,0.016742,0.016577,0.010984
16980,17039,17010,870.664,31.853,703.485,145.665,7.985,0.164,0.054,32.490765,32.947735,33.145618,33.717854,34.524078,34.183025,33.784889,33.920216,33.651711,33.512161,33.585297,36.844276,37.618198,37.271252,32.820160,121.704430,44.957409,16.308788,5.065084,0.454994,0.322926,0.140030,0.127932,0.071735,0.077806,0.061153,0.033394,0.032534,0.016958,0.032943,0.011300,0.016371,0.005612,0.005482,0.010737,0.010549
17040,17099,17070,870.673,31.730,709.844,147.546,8.001,0.162,0.055,32.818581,32.377205,32.543537,33.755135,34.588932,34.275692,34.049751,33.872288,33.399918,33.963692,35.066692,36.992397,38.646370,36.901108,32.254940,125.192749,46.086201,16.411203,5.208702,0.526596,0.254889,0.186771,0.119922,0.056436,0.095373,0.022475,0.033943,0.034284,0.011649,0.023066,0.045192,0.005707,0.011375,0.005539,0.000000,0.005707
17100,17159,17130,870.682,31.654,717.244,149.023,8.170,0.164,0.056,32.676773,33.380138,33.070412,33.785168,35.051262,35.830177,34.254700,34.684319,33.645065,34.728718,35.207123,37.533039,37.979973,38.148579,32.846886,124.554100,46.906612,16.368376,4.952731,0.609622,0.338864,0.194790,0.094107,0.077938,0.066743,0.050142,0.033617,0.016875,0.055832,0.022528,0.039146,0.005482,0.005747,0.010965,0.005828,0.011208
17160,17219,17190,870.682,31.524,711.761,147.137,7.917,0.161,0.055,32.613415,33.108562,33.044083,33.713692,35.058624,34.602959,34.033230,34.225712,34.211834,33.086102,35.559143,37.140587,38.519371,37.119736,32.472668,124.389931,46.021290,16.289392,5.143235,0.541582,0.330268,0.158347,0.101787,0.061737,0.061781,0.022763,0.038975,0.011188,0.011282,0.005688,0.016771,0.005521,0.022555,0.005650,0.005612,0.005765
17220,17279,17250,870.683,31.388,711.625,148.018,8.190,0.165,0.056,32.453579,33.420040,32.241009,34.691204,34.281269,34.862465,33.752800,34.064922,34.454117,34.363350,34.282001,36.702560,38.481277,38.199986,33.021244,121.940063,47.054543,17.054344,4.953948,0.479613,0.305980,0.127650,0.115790,0.055732,0.049529,0.016596,0.044328,0.016611,0.027548,0.011039,0.033199,0.011077,0.011174,0.010965,0.000000,0.033652
17280,17339,17310,870.664,31.378,708.742,147.274,8.241,0.167,0.055,33.207085,33.506466,32.912178,33.966457,35.022049,33.923882,34.099842,33.827553,33.230274,33.411362,34.531212,37.408428,38.212479,37.563496,31.004721,123.453415,46.368481,16.365892,5.339756,0.524412,0.334417,0.127652,0.094230,0.050275,0.055508,0.033639,0.027369,0.011002,0.005650,0.005848,0.011056,0.044767,0.005631,0.028026,0.022393,0.005501
17340,17399,17370,870.653,31.538,707.691,147.387,8.174,0.166,0.056,32.713787,32.882938,33.235893,33.445911,34.603180,34.295689,33.341026,33.484783,33.899471,33.989532,34.423717,37.574181,38.094223,36.803505,32.101330,123.340446,46.261528,16.774982,4.927140,0.518963,0.312958,0.161695,0.111119,0.071891,0.066588,0.038860,0.038865,0.016347,0.027424,0.016593,0.049757,0.027621,0.022318,0.011111,0.000000,0.005688
17400,17459,17430,870.662,31.681,707.947,146.067,7.834,0.161,0.055,32.953197,33.463760,33.667427,33.701187,35.162571,35.130993,33.039993,33.839787,34.052292,34.110455,34.958042,36.720989,37.540741,36.097076,31.308167,123.304047,45.603790,16.925762,4.968081,0.568486,0.351126,0.127424,0.083679,0.061653,0.039081,0.033628,0.022149,0.033484,0.016842,0.010950,0.022328,0.011093,0.000000,0.016668,0.000000,0.000000
17460,17519,17490,870.668,31.778,692.605,142.553,7.682,0.161,0.054,34.530365,33.524487,33.733013,34.240372,33.547489,33.499275,32.947670,33.457668,33.077847,32.794418,33.444771,35.867016,36.702778,35.161522,30.273176,118.019119,44.850498,16.442329,5.106558,0.555106,0.267098,0.178226,0.112018,0.044642,0.055471,0.055324,0.016945,0.010808,0.027680,0.011130,0.005669,0.005574,0.022116,0.010790,0.005669,0.000000
17520,17579,17550,870.673,31.785,692.848,143.342,7.823,0.164,0.054,32.542606,32.355820,32.197357,33.173649,33.868618,34.408096,33.626400,33.362240,33.845959,33.148952,33.219139,35.484997,36.977417,35.665298,31.374403,119.563828,45.605801,16.299044,4.811849,0.474565,0.288916,0.157943,0.107532,0.078563,0.033819,0.039208,0.005669,0.022608,0.005594,0.028100,0.016990,0.011414,0.011359,0.005557,0.022945,0.005726
17580,17639,17610,870.670,31.729,693.198,142.714,7.701,0.162,0.053,33.006710,32.588524,32.332855,33.446693,33.825539,34.268177,33.952877,33.013889,33.608692,33.717537,33.041748,36.542591,36.084221,36.347061,30.894613,119.059914,45.589710,15.684305,4.889726,0.484901,0.299799,0.141194,0.079398,0.089635,0.050657,0.022321,0.033535,0.027812,0.000000,0.022494,0.005450,0.005707,0.017047,0.005707,0.000000,0.016951
17640,17699,17670,870.677,31.633,689.475,141.603,7.633,0.162,0.053,33.443745,32.943272,32.460037,33.201317,34.406357,33.915272,33.367970,33.483505,33.038696,32.652267,33.532494,36.078011,35.994057,35.993958,30.464901,118.147919,44.520313,15.502377,4.815871,0.586603,0.372021,0.155134,0.122641,0.038171,0.032752,0.054898,0.038969,0.027809,0.016705,0.022207,0.016912,0.016762,0.005556,0.000000,0.000000,0.005429
17700,17759,17730,870.683,31.489,683.939,141.247,7.527,0.160,0.053,32.326214,31.947161,32.399616,32.832607,33.131592,33.205521,32.811012,32.986736,32.881168,32.650871,34.033646,35.429775,35.939178,35.930603,30.361238,117.862503,44.358410,16.557091,4.880179,0.527395,0.349184,0.177668,0.133111,0.055201,0.044522,0.044143,0.010988,0.021917,0.027674,0.000000,0.005612,0.005708,0.005650,0.000000,0.000000,0.005394
17760,17819,17790,870.697,31.508,693.792,144.005,7.991,0.166,0.054,32.624916,32.779476,32.470688,32.965256,34.474937,33.516102,34.112408,33.744633,33.247662,33.165257,33.956245,35.575027,36.781013,36.723804,30.743057,119.164566,44.992554,16.161209,5.162482,0.445358,0.327618,0.211558,0.072207,0.067352,0.055359,0.044731,0.022170,0.022134,0.005631,0.039416,0.049659,0.016742,0.027567,0.005650,0.011244,0.005767
17820,17879,17850,870.706,31.621,683.694,140.759,7.571,0.161,0.053,32.837315,32.977360,32.372044,32.776302,33.563869,32.590340,32.784428,32.875698,32.712948,32.576958,33.376293,35.310738,36.666367,35.797291,31.166546,117.071053,44.050724,16.057495,4.768635,0.531867,0.310922,0.154121,0.093799,0.066417,0.032899,0.038499,0.033135,0.022115,0.016668,0.016723,0.011280,0.005593,0.011112,0.005464,0.000000,0.011074
17880,17939,17910,870.734,31.752,684.080,140.812,7.547,0.161,0.053,32.998264,32.465076,32.615902,32.572258,33.846443,32.462952,32.753086,33.483658,32.636086,32.779396,33.115112,34.904186,35.935047,36.465759,30.419949,118.202003,44.292175,16.147999,4.771586,0.412070,0.322007,0.124314,0.073401,0.083763,0.039369,0.056723,0.022741,0.011025,0.011237,0.028221,0.005450,0.000000,0.000000,0.000000,0.000000,0.022702
17940,17999,17970,870.740,31.749,679.796,140.897,7.740,0.165,0.053,32.040226,32.411003,32.563423,32.857250,32.997505,33.340580,32.519646,32.648174,32.474579,32.631145,33.270901,34.308556,35.873070,34.902279,30.409559,117.950981,44.003262,16.288759,4.898783,0.472027,0.378440,0.127421,0.083369,0.105317,0.055838,0.028122,0.033652,0.000000,0.033546,0.011130,0.027527,0.021933,0.011021,0.000000,0.000000,0.016874
18000,18059,18030,870.753,31.746,678.123,138.903,7.404,0.160,0.052,32.595150,32.685505,32.160728,34.051540,33.244072,32.940956,32.648300,32.860836,32.223213,32.617455,33.450439,34.366112,35.759769,34.571712,30.488331,115.791397,43.983425,15.970043,4.431939,0.460536,0.311773,0.155248,0.088365,0.066419,0.060598,0.038740,0.028006,0.016578,0.000000,0.011186,0.022525,0.011095,0.005464,0.000000,0.005688,0.000000
18060,18119,18090,870.763,31.779,672.257,137.921,7.362,0.160,0.052,32.051670,32.782825,32.435493,32.681278,33.540634,33.292427,32.033958,32.032692,31.304090,32.208885,32.934010,35.387001,35.607975,34.387573,29.700413,114.768234,43.368217,15.809753,4.710351,0.473122,0.260136,0.154341,0.077112,0.050142,0.033109,0.038857,0.022682,0.010913,0.016725,0.038944,0.021763,0.000000,0.010860,0.010867,0.000000,0.000000
18120,18179,18150,870.777,31.665,668.875,138.603,7.631,0.165,0.052,32.623425,32.283283,32.030891,33.349010,33.158615,32.613865,32.008686,31.909027,31.803564,31.077181,32.269470,34.751961,34.931957,34.155830,29.433929,114.927513,43.014477,16.030022,5.016918,0.511940,0.346984,0.165081,0.110829,0.072903,0.054957,0.044644,0.039125,0.021971,0.005574,0.011501,0.066404,0.011186,0.005537,0.000000,0.000000,0.016558
18180,18239,18210,870.797,31.582,667.064,137.344,7.445,0.162,0.052,32.567879,32.732738,32.398540,32.667568,33.196274,33.248241,32.058365,32.108257,31.776674,31.815794,31.670179,33.460278,35.128918,34.164597,29.238852,113.477615,43.277081,15.780955,5.029026,0.452606,0.345809,0.089078,0.099349,0.078446,0.044071,0.016688,0.016601,0.038924,0.011230,0.011338,0.022565,0.000000,0.005669,0.005688,0.022418,0.005519
18240,18299,18270,870.800,31.507,664.758,136.844,7.468,0.164,0.051,32.572865,32.252621,31.908325,32.697872,32.733253,32.652615,33.263210,32.440086,31.766888,31.893320,31.574335,33.421494,34.744556,34.424168,28.667843,112.925186,42.883121,15.794494,4.818879,0.454548,0.347414,0.111588,0.060725,0.049961,0.071720,0.055713,0.050065,0.016878,0.010879,0.032846,0.022525,0.016043,0.005574,0.005650,0.005519,0.005556
18300,18359,18330,870.780,31.523,663.337,136.325,7.311,0.161,0.051,31.581591,32.170849,31.807428,32.453468,32.403362,32.642971,31.341682,31.948135,31.132126,31.636114,31.864109,34.550434,35.649227,34.358562,29.641907,113.848328,42.727383,15.761724,4.621006,0.420262,0.320956,0.172312,0.049572,0.061281,0.032989,0.038697,0.005574,0.011111,0.016802,0.005612,0.033113,0.005631,0.005556,0.000000,0.011149,0.005669
18360,18419,18390,870.770,31.648,666.292,137.933,7.416,0.161,0.052,32.126251,31.747654,31.827345,32.700851,32.511284,33.063583,32.396000,31.859880,31.709204,32.018459,32.363632,33.786491,34.971817,33.918098,29.075628,113.163567,44.339756,16.134804,5.216179,0.527412,0.334455,0.144272,0.077913,0.066457,0.060884,0.044675,0.022153,0.033161,0.011026,0.000000,0.016934,0.005612,0.011020,0.000000,0.000000,0.005650
18420,18479,18450,870.777,31.853,670.447,138.309,7.627,0.165,0.052,34.201565,33.777973,32.557140,32.910240,32.478508,32.887505,32.567993,31.953995,31.637608,31.062111,32.028400,32.846539,35.636669,34.807808,29.617956,114.045265,43.546906,15.602738,4.889330,0.438842,0.332112,0.171074,0.072293,0.094152,0.049433,0.050176,0.033019,0.027174,0.022403,0.011130,0.027752,0.005501,0.016821,0.016389,0.011338,0.010949
18480,18539,18510,870.786,31.841,656.885,134.936,7.246,0.161,0.051,32.561058,31.758854,32.033710,32.419155,32.710838,32.188255,31.345098,31.124100,31.591751,30.500792,32.253189,33.135197,34.817932,33.532825,29.199463,111.730469,42.197735,15.747231,4.739554,0.485961,0.294423,0.170008,0.085356,0.062477,0.033659,0.045684,0.005786,0.034304,0.017338,0.022599,0.022718,0.011572,0.000000,0.000000,0.005825,0.000000
18540,18599,18570,870.773,31.916,684.274,141.379,7.788,0.165,0.053,32.984161,32.824879,32.725819,32.823639,33.523273,32.864857,32.221096,33.379795,32.712818,31.901817,33.273102,34.993591,35.786556,36.545578,31.145174,117.912048,44.281013,16.435419,4.670025,0.490155,0.250155,0.144655,0.094098,0.078341,0.028140,0.022431,0.011206,0.028309,0.011224,0.021881,0.022122,0.027985,0.010824,0.005631,0.005612,0.016742
18600,18659,18630,870.773,31.892,675.443,139.364,7.525,0.162,0.052,31.921278,31.752802,32.418816,32.912773,32.877125,33.234184,32.740166,32.955711,31.196749,32.333858,32.525650,34.035061,35.410080,35.854198,30.472359,117.327583,43.203018,16.136147,4.734470,0.573491,0.321257,0.128521,0.122672,0.066209,0.033250,0.044601,0.022372,0.011023,0.011042,0.005464,0.022350,0.016747,0.011244,0.005612,0.000000,0.005411
18660,18719,18690,870.779,31.708,680.641,140.439,7.586,0.162,0.053,32.728306,32.873665,32.316597,33.025539,33.953545,33.336891,32.741215,32.766777,32.310902,32.412510,32.903717,35.048763,35.548355,34.812012,30.770189,116.403435,44.011646,16.282106,5.094218,0.483801,0.261643,0.144734,0.099948,0.094330,0.077699,0.011338,0.016745,0.005727,0.033581,0.021496,0.016561,0.005537,0.011001,0.005574,0.005556,0.005574
18720,18779,18750,870.784,31.534,697.298,144.169,7.755,0.161,0.054,32.035839,32.533005,32.206032,34.202648,33.699093,33.570099,33.720512,33.183266,32.922714,33.434963,33.758976,36.791042,37.716740,36.848808,30.759165,122.136116,45.155613,16.209229,5.129247,0.546236,0.282609,0.095048,0.077249,0.067203,0.033385,0.038611,0.038779,0.016971,0.016894,0.016677,0.016854,0.011095,0.021776,0.000000,0.000000,0.005359
18780,18839,18810,870.784,31.609,710.333,147.033,7.991,0.163,0.055,33.385384,33.524662,32.902115,34.019432,34.808311,34.635586,33.682861,33.509018,33.705009,34.258976,34.187546,37.258183,38.839363,37.179588,31.953037,123.088982,46.349541,16.670803,5.042981,0.487609,0.294919,0.188570,0.087991,0.061011,0.022010,0.028237,0.033454,0.011167,0.022286,0.011208,0.028003,0.005556,0.022039,0.005612,0.016757,0.005519
