CampaignData_and_Merges/R0/CSL_MobileLab_Parked/raw/20240808/USOS-Picarro-CO2-CH4-CO-H2O_MobileLabGround_20240808_R0.ict
38, 1001
Ilana Pollack, Nell Schafer, and Jeff Peischl
NOAA Chemical Sciences Laboratory
Picarro 2401-m CO2/CH4/CO/H2O Analyzer
USOS
1, 1
2024, 08, 08, 2024, 11, 20
0
StartTime_UTC, seconds_past_midnight, seconds past midnight
5
1, 1, 1, 1, 1
-9999, -9999, -9999, -9999, -9999
StopTime_UTC, seconds_past_midnight, seconds past midnight
CO2_ppm_1min, ppm, Gas_CO2_InSitu_S_DMF, carbon dioxide mixing ratio
CH4_ppb_1min, ppb, Gas_CH4_InSitu_S_DMF, methane mixing ratio
CO_ppb_1min, ppb, Gas_CO_InSitu_S_DMF, carbon monoxide mixing ratio
H2O_ppmv_1min, ppmv, Met_H2OMRV_InSitu_S_AVMR, water vapor mixing ratio
1
SPECIAL COMMENTS: N/A
18
PI_CONTACT_INFO: Address: NOAA Chemical Sciences Laboratory, Mail Stop CSL7, 325 Broadway, Boulder, CO 80305; Email: Ilana.Pollack@noaa.gov
PLATFORM: NOAA CSL Mobile Laboratory
LOCATION: The mobile lab was stationed in Salt Lake City, Utah.
ASSOCIATED_DATA: N/A
INSTRUMENT_INFO: CO2, CH4, and CO are reported as dry air mole fractions using a commercial wavelength-scanned cavity ring-down analyzer (Picarro 2401-m). An in-field calibration gas standard of 432±0.07 ppm CO2, 2095±1 ppb CH4, and 183±1 ppb CO, calibrated in the Boulder laboratories before and after the field project using primary CO2, CH4, and CO standard tanks tied to the WMO standard (X2019, X2004A, and X2014A, respectively) from the Global Monitoring Laboratory (GML), was delivered to the inlet every 2-3 days to evaluate instrument sensitivity. A H2O measurement was calibrated before the project with a Dew Point Mirror 373 hygrometer. The water correction calculated from these calibrations was applied to the H2O measurement for the entire campaign. Species are measured at 0.5 Hz and reported as 1-minute averages for stationary measurements.
DATA_INFO: Units: CO2, ppm, dry air mole fraction; CH4, ppb, dry air mole fraction; CO, ppb, dry air mole fraction; H2O, ppmv
UNCERTAINTY: Total uncertainties are estimated as ±0.1 ppm for CO2, ±1 ppb for CH4, ±5 ppb for CO, and ±(50 ppm + 4%) for H2O.
ULOD_FLAG: -7777
ULOD_VALUE: N/A
LLOD_FLAG: -8888
LLOD_VALUE: N/A
DM_CONTACT_INFO: Data Manager: Nathan Howard; nathan.h.howard@noaa.gov
PROJECT_INFO: USOS Dates of Study: July – August 2024
STIPULATIONS_ON_USE: Use of these data require prior ok from PI.
OTHER_COMMENTS: Data are averaged to 1 minute intervals. Stationary data collected from a 10 ft tower on top of the mobile van.
REVISION: R0
R0: Final Data
StartTime_UTC, StopTime_UTC, CO2_ppm_1min, CH4_ppb_1min, CO_ppb_1min, H2O_ppmv_1min
[from data line 391]
23460,23520,465.15,2008.7,266.8,9032.9180
23520,23580,463.86,2008.2,463.0,9004.6445
23580,23640,463.24,2007.1,365.3,8924.2588
23640,23700,465.58,2007.5,323.3,9276.9814
23700,23760,462.62,2028.1,276.0,9220.7217
23760,23820,464.82,2024.3,277.3,9214.8398
23820,23880,464.51,2016.0,271.1,9138.2969
23880,23940,465.31,2022.4,264.7,9341.5059
23940,24000,465.88,2029.6,258.7,9339.7422
24000,24060,469.88,2028.4,276.3,9516.0508
24060,24120,467.39,2035.6,284.0,9521.1934
24120,24180,463.04,2031.8,258.5,9386.9111
24180,24240,465.81,2030.1,330.6,9247.0078
24240,24300,459.78,2017.4,270.5,8892.5723
24300,24360,467.16,2026.0,282.6,9386.1660
24360,24420,466.66,2025.6,279.0,9436.3838
24420,24480,466.42,2025.9,275.2,9250.9365
24480,24540,464.49,2024.9,274.4,9128.6367
24540,24600,467.22,2028.0,285.5,9289.3340
24600,24660,472.39,2038.0,305.2,9460.2676
24660,24720,473.64,2040.2,301.6,9536.4346
24720,24780,471.06,2034.6,295.7,9449.8945
24780,24840,469.37,2033.8,303.6,9415.4473
24840,24900,472.39,2038.3,299.0,9521.2529
24900,24960,467.75,2028.4,297.2,9340.0234
24960,25020,468.54,2029.9,288.6,9326.9688
25020,25080,468.55,2029.5,289.7,9352.6738
25080,25140,466.95,2025.8,289.2,9276.4629
25140,25200,462.21,2019.0,280.5,8990.5322
25200,25260,460.62,2018.4,277.5,8866.1191
25260,25320,461.98,2021.7,282.5,8905.8057
25320,25380,464.75,2024.1,286.0,9077.1201
25380,25440,472.87,2025.9,291.2,9662.8408
25440,25500,470.69,2025.7,293.7,9532.7656
25500,25560,471.52,2027.2,298.0,9577.3477
25560,25620,472.73,2028.0,306.4,9650.2275
25620,25680,478.73,2038.2,315.8,10390.9453
25680,25740,473.43,2040.3,301.1,9815.0840
25740,25800,476.13,2036.5,306.0,9811.1436
25800,25860,479.47,2037.8,308.5,9952.2939
25860,25920,481.62,2040.7,312.2,10176.9043
25920,25980,471.58,2048.9,335.0,9514.7930
25980,26040,471.80,2047.5,336.1,9543.7354
26040,26100,481.53,2054.3,335.3,10088.6309
26100,26160,474.84,2051.7,324.2,9735.2793
26160,26220,479.16,2053.8,318.4,10189.7119
26220,26280,476.70,2049.3,313.8,9819.4404
26280,26340,472.32,2044.7,305.0,9579.4824
26340,26400,471.17,2036.7,320.2,9612.2627
26400,26460,472.02,2032.7,343.7,9669.6553
26460,26520,471.09,2031.0,326.7,9647.8408
26520,26580,471.40,2030.9,415.6,9474.2998
26580,26640,474.51,2039.2,436.9,9635.8955
26640,26700,472.67,2039.2,371.1,9526.6904
26700,26760,470.61,2036.0,352.5,9397.7363
26760,26820,477.47,2044.3,369.3,9945.8018
26820,26880,476.56,2048.3,340.3,9733.7500
26880,26940,477.27,2050.5,347.4,9792.4971
26940,27000,477.39,2045.3,342.6,9801.7070
27000,27060,477.22,2047.6,325.3,9828.9668
27060,27120,476.13,2045.9,309.8,9888.6836
27120,27180,473.15,2045.5,299.9,9752.5479
27180,27240,472.33,2045.4,297.0,9768.8135
27240,27300,474.07,2046.5,301.7,9914.7598
27300,27360,475.30,2046.2,308.9,9971.4561
27360,27420,482.22,2053.5,318.7,9885.0234
27420,27480,480.83,2052.8,316.6,9956.2500
27480,27540,476.99,2054.6,303.5,9938.4434
27540,27600,475.17,2048.8,292.8,9909.2949
27600,27660,475.44,2047.4,291.7,9891.9717
27660,27720,471.71,2048.5,332.1,9858.5977
27720,27780,468.22,2052.8,378.7,9842.5830
27780,27840,470.64,2056.0,368.4,10123.0791
27840,27900,471.29,2045.3,324.3,10024.5752
27900,27960,472.71,2044.0,290.3,9976.9238
27960,28020,472.41,2043.7,310.2,10020.7871
28020,28080,471.88,2047.5,325.7,10025.0361
28080,28140,472.72,2055.6,334.0,10005.6377
28140,28200,463.08,2027.8,288.7,9351.2236
28200,28260,462.23,2024.8,284.8,9328.7451
28260,28320,465.01,2027.9,280.2,9464.1250
28320,28380,466.63,2032.2,287.6,9556.3506
28380,28440,462.80,2025.2,284.9,9324.5430
28440,28500,454.58,2015.1,264.4,8945.8154
28500,28560,455.74,2016.8,267.1,9011.1113
28560,28620,456.51,2018.2,267.2,9073.8457
28620,28680,471.18,2035.4,288.3,9884.4385
28680,28740,460.06,2026.9,269.1,9257.0654
28740,28800,465.62,2033.6,276.3,9500.3789
28800,28860,462.44,2030.7,275.3,9301.8242
28860,28920,454.49,2017.8,262.7,9021.5527
28920,28980,448.51,2007.7,261.7,8787.8750
28980,29040,443.06,1997.9,269.2,8595.2021
29040,29100,438.83,1991.0,317.8,8377.0557
29100,29160,447.07,2004.4,292.6,8919.7627
29160,29220,458.99,2029.2,268.5,9352.6113
29220,29280,458.79,2028.0,268.8,9317.8438
29280,29340,458.83,2026.2,271.5,9362.5176
29340,29400,442.15,1998.6,263.1,8452.5576
29400,29460,445.79,2004.0,263.3,8663.4248
29460,29520,462.72,2034.2,274.0,9495.4570
29520,29580,467.09,2039.9,275.9,9702.4346
29580,29640,471.38,2053.7,277.8,9928.3154
29640,29700,472.05,2062.1,281.7,9975.3027
29700,29760,469.15,2052.2,279.3,9904.2109
29760,29820,467.99,2056.9,280.7,10045.8252
29820,29880,470.27,2058.3,282.3,9923.6357
29880,29940,466.82,2053.7,280.8,9741.0215
29940,30000,470.71,2060.7,285.3,9967.2070
30000,30060,472.48,2061.8,303.3,10030.1875
30060,30120,470.63,2068.5,324.2,9908.0938
30120,30180,469.43,2067.4,325.7,9849.3545
30180,30240,467.06,2063.1,326.0,9660.4775
30240,30300,467.28,2063.5,327.6,9705.8594
30300,30360,469.54,2069.6,330.0,9891.5889
30360,30420,467.58,2069.4,315.0,9764.6074
30420,30480,472.95,2074.8,332.8,10149.4219
30480,30540,471.03,2080.0,333.2,9991.6484
30540,30600,469.71,2079.8,327.6,9874.3682
30600,30660,471.50,2076.7,321.2,9973.9629
30660,30720,472.65,2078.0,318.2,10081.7012
30720,30780,474.73,2079.5,310.8,10215.9893
30780,30840,475.01,2081.2,305.3,10253.4180
30840,30900,475.89,2089.8,295.1,10344.4043
30900,30960,475.28,2107.1,290.0,10359.7266
30960,31020,478.15,2107.0,294.0,10582.5898
31020,31080,479.49,2106.1,293.4,10651.5723
31080,31140,475.72,2111.8,292.1,10570.5986
31140,31200,472.81,2110.4,289.1,10307.6338
31200,31260,473.93,2108.5,289.3,10407.2793
31260,31320,474.67,2119.6,292.1,10441.8281
31320,31380,471.54,2117.6,293.0,10300.1836
31380,31440,469.64,2117.3,298.4,10242.3252
31440,31500,469.27,2121.6,296.5,10215.8682
31500,31560,470.67,2123.3,298.0,10303.1523
31560,31620,470.94,2128.2,297.1,10353.9912
31620,31680,472.14,2130.2,298.2,10529.9688
31680,31740,471.25,2143.4,299.8,10590.1826
31740,31800,469.86,2138.0,299.3,10355.7227
31800,31860,468.87,2142.6,301.2,10331.0039
31860,31920,469.56,2166.0,302.6,10414.5254
31920,31980,471.55,2133.3,300.0,10332.8447
31980,32040,472.33,2133.4,298.9,10439.2129
32040,32100,469.86,2141.8,303.6,10370.3965
32100,32160,463.23,2205.8,305.6,10363.6914
32160,32220,462.50,2254.7,305.9,10701.9521
32220,32280,471.86,2168.5,303.9,10694.1455
32280,32340,472.07,2182.6,303.0,10788.5811
32340,32400,468.42,2218.1,305.1,10912.9268
32400,32460,467.41,2241.4,307.5,10983.2080
32460,32520,467.77,2243.8,306.5,11022.8887
32520,32580,469.79,2207.1,305.7,10895.1611
32580,32640,469.73,2219.6,306.0,10878.5918
32640,32700,467.77,2230.7,307.3,10860.2197
32700,32760,469.20,2216.7,306.4,10871.1533
32760,32820,468.93,2210.9,306.5,10885.7305
32820,32880,468.10,2230.9,308.0,10884.2695
32880,32940,467.59,2258.4,308.6,10978.1465
32940,33000,469.45,2260.3,309.9,11117.2217
33000,33060,464.13,2361.5,315.1,11374.7646
33060,33120,460.06,2445.2,319.2,11662.2178
33120,33180,467.35,2350.1,313.0,11604.7051
33180,33240,466.83,2339.3,313.7,11518.3965
33240,33300,467.88,2308.1,311.9,11309.3604
33300,33360,465.71,2342.6,313.8,11348.8926
33360,33420,465.47,2362.7,313.3,11509.9785
33420,33480,463.60,2378.0,314.0,11502.2217
33480,33540,465.35,2374.1,314.5,11541.5938
33540,33600,463.16,2381.3,314.9,11451.9570
33600,33660,463.09,2381.8,314.4,11448.4541
33660,33720,464.04,2379.3,314.1,11547.8584
33720,33780,464.70,2374.6,313.8,11545.1475
33780,33840,466.74,2372.6,314.7,11636.2031
33840,33900,469.65,2365.9,314.8,11717.2119
33900,33960,468.02,2384.2,316.0,11782.6553
33960,34020,469.05,2382.4,321.4,11802.4727
34020,34080,469.95,2390.3,321.2,11802.0234
34080,34140,467.91,2412.2,320.7,11828.0400
34140,34200,467.04,2426.0,320.0,11996.4141
34200,34260,468.84,2428.1,320.7,12188.8623
34260,34320,468.60,2422.9,319.7,12104.2510
34320,34380,465.27,2437.1,318.6,12086.7412
34380,34440,466.41,2434.7,318.1,12168.6250
34440,34500,464.67,2447.3,317.9,12126.0850
34500,34560,467.99,2449.7,374.0,12198.9023
34560,34620,467.16,2439.6,322.2,12055.0039
34620,34680,466.07,2444.1,340.7,12023.2842
34680,34740,466.99,2443.9,332.0,12114.0957
34740,34800,466.62,2453.2,381.9,12227.4375
34800,34860,465.34,2457.6,355.5,12192.9336
34860,34920,465.19,2455.7,344.7,12176.5732
34920,34980,468.60,2453.2,341.8,12338.3672
34980,35040,470.41,2458.7,328.7,12456.7217
35040,35100,470.80,2454.8,333.3,12451.2207
35100,35160,469.37,2457.9,330.0,12355.2432
35160,35220,469.78,2456.2,329.6,12379.9707
35220,35280,468.65,2449.3,325.2,12284.7207
35280,35340,470.25,2458.6,324.8,12460.7168
35340,35400,469.84,2460.7,324.2,12466.7939
35400,35460,470.66,2459.8,322.8,12522.6377
35460,35520,470.27,2459.4,321.7,12452.8428
35520,35580,469.22,2430.7,324.2,12221.2715
35580,35640,468.29,2382.6,325.4,11933.2539
35640,35700,473.31,2442.7,325.7,12457.2539
35700,35760,474.99,2459.8,323.7,12666.5410
35760,35820,471.79,2451.3,325.0,12444.0742
35820,35880,474.96,2462.2,324.9,12604.4971
35880,35940,474.76,2459.8,324.0,12596.3623
35940,36000,475.46,2460.0,324.7,12702.2266
36000,36060,472.81,2457.1,322.9,12504.5098
36060,36120,473.03,2461.2,324.6,12553.1406
36120,36180,471.93,2446.8,324.6,12384.2471
36180,36240,472.70,2444.2,323.4,12424.0703
36240,36300,471.84,2418.1,324.9,12263.5889
36300,36360,474.40,2433.7,324.0,12441.7705
36360,36420,475.63,2459.9,327.1,12569.9863
36420,36480,476.95,2475.3,325.0,12686.0762
36480,36540,476.89,2461.4,325.4,12740.4531
36540,36600,477.77,2463.1,326.6,12804.7305
36600,36660,478.72,2461.0,326.3,12849.6475
36660,36720,478.63,2461.5,330.5,12871.7646
36720,36780,479.23,2463.4,329.1,12954.3457
36780,36840,478.96,2458.8,336.0,12942.3809
36840,36900,478.20,2438.0,336.0,12809.9355
36900,36960,481.91,2441.8,334.5,13127.1748
36960,37020,479.98,2425.8,335.2,12883.4736
37020,37080,477.59,2403.1,334.8,12643.0020
37080,37140,478.30,2392.5,332.1,12591.4443
37140,37200,481.37,2427.0,334.7,12924.6738
37200,37260,481.68,2419.3,335.2,12931.2305
37260,37320,482.54,2427.8,334.4,12984.8643
37320,37380,481.62,2420.8,335.3,12938.5303
37380,37440,486.45,2408.8,333.4,13042.1436
37440,37500,481.84,2398.5,332.9,12824.7168
37500,37560,482.42,2400.6,333.4,12825.6768
37560,37620,479.47,2364.3,334.2,12567.4287
37620,37680,477.14,2331.2,335.6,12323.1797
37680,37740,477.80,2334.0,333.6,12352.8623
37740,37800,478.96,2342.0,334.7,12424.0352
37800,37860,481.43,2365.1,336.1,12633.3164
37860,37920,487.13,2350.0,336.7,12516.6514
37920,37980,482.82,2363.0,337.0,12635.7666
37980,38040,481.09,2361.4,336.7,12574.9443
38040,38100,481.57,2359.2,337.1,12574.1592
38100,38160,481.80,2380.4,338.4,12782.0098
38160,38220,482.66,2410.3,337.5,12956.4189
38220,38280,483.43,2430.5,338.6,13074.1035
38280,38340,483.12,2451.5,341.4,13196.1592
38340,38400,484.59,2450.9,340.4,13304.3320
38400,38460,484.89,2468.9,345.0,13404.2979
38460,38520,484.14,2464.4,368.0,13290.8047
38520,38580,487.67,2453.1,347.8,13371.3086
38580,38640,485.41,2448.5,338.6,13370.8770
38640,38700,488.36,2447.3,337.5,13543.5918
38700,38760,486.45,2447.9,341.0,13410.4297
38760,38820,482.27,2440.1,339.2,13142.7754
38820,38880,483.40,2453.2,350.8,13306.2070
38880,38940,485.11,2462.4,345.6,13411.1738
38940,39000,483.49,2461.7,339.5,13383.5469
39000,39060,483.92,2461.7,341.0,13429.1709
39060,39120,482.31,2458.2,336.8,13287.8711
39120,39180,481.92,2454.2,337.9,13205.1064
39180,39240,485.37,2469.3,342.8,13392.7002
39240,39300,485.36,2457.6,341.0,13360.9424
39300,39360,484.73,2452.7,339.5,13314.9941
39360,39420,483.95,2448.3,343.5,13231.6445
39420,39480,484.53,2444.8,343.0,13259.4629
39480,39540,484.01,2437.9,343.0,13219.0332
39540,39600,482.32,2425.0,342.7,13058.9365
39600,39660,482.44,2425.8,340.8,13053.1660
39660,39720,487.45,2433.7,404.3,13277.9932
39720,39780,487.01,2431.6,357.6,13361.9805
39780,39840,485.55,2423.6,352.8,13339.0635
39840,39900,484.31,2419.7,355.9,13189.3965
39900,39960,487.35,2416.0,368.6,13225.5322
39960,40020,483.23,2414.4,344.4,12995.4346
40020,40080,482.08,2404.7,340.2,13008.5049
40080,40140,482.75,2387.9,346.6,12930.8457
40140,40200,481.72,2381.5,344.0,12926.3340
40200,40260,480.38,2374.0,353.6,12734.9609
40260,40320,478.89,2373.9,345.1,12668.8916
40320,40380,478.60,2375.3,343.4,12648.0410
40380,40440,477.52,2376.5,351.3,12587.7510
40440,40500,479.99,2376.8,362.5,12714.9922
40500,40560,481.81,2380.6,378.2,12703.9404
40560,40620,481.58,2385.7,362.0,12731.7070
40620,40680,477.39,2385.3,366.3,12459.2695
40680,40740,478.47,2387.9,369.0,12550.7510
40740,40800,478.79,2389.2,364.1,12591.2793
40800,40860,478.47,2389.3,378.6,12597.5352
40860,40920,478.19,2391.6,372.2,12619.6680
40920,40980,478.03,2392.5,361.6,12576.4170
40980,41040,477.64,2393.8,360.2,12545.0420
41040,41100,478.43,2395.5,371.6,12580.2783
41100,41160,478.55,2395.8,367.5,12597.9922
41160,41220,478.77,2396.0,358.9,12646.1787
41220,41280,480.93,2397.6,359.9,12760.4307
41280,41340,478.42,2403.2,359.8,12583.1553
41340,41400,474.23,2404.3,382.6,12409.4395
41400,41460,474.84,2405.9,360.6,12364.2813
41460,41520,471.44,2407.3,353.3,12157.8955
41520,41580,472.87,2405.9,350.4,12228.9570
41580,41640,470.60,2403.1,348.9,12208.7813
41640,41700,470.49,2402.7,347.0,12264.3057
41700,41760,467.43,2394.2,347.6,11974.4111
41760,41820,471.46,2400.2,364.1,12171.8076
41820,41880,470.90,2401.6,353.9,12235.6943
41880,41940,470.74,2399.0,351.8,12194.0342
41940,42000,469.53,2389.5,349.7,12112.8506
42000,42060,469.93,2387.9,350.7,12153.9121
42060,42120,470.74,2388.8,350.8,12177.6592
42120,42180,468.71,2381.7,352.1,12035.3838
42180,42240,469.16,2382.9,354.4,12066.0830
42240,42300,469.39,2378.7,352.8,12104.8408
42300,42360,467.70,2371.5,351.4,11979.3340
42360,42420,469.71,2375.8,353.4,12137.6035
42420,42480,470.09,2377.7,352.3,12131.7852
42480,42540,473.11,2381.1,351.5,12284.1416
42540,42600,470.37,2377.5,351.4,12124.4814
42600,42660,470.94,2379.8,357.6,12124.7002
42660,42720,475.82,2378.8,362.0,12275.3604
42720,42780,476.81,2373.6,380.1,12214.1729
42780,42840,481.33,2393.2,465.4,12389.8223
42840,42900,479.43,2404.2,410.7,12473.0186
42900,42960,477.45,2447.6,420.7,12409.5215
42960,43020,471.58,2401.0,393.2,12067.7568
43020,43080,468.19,2363.6,373.9,11930.6572
43080,43140,473.52,2376.3,370.2,12295.9258
43140,43200,476.37,2382.5,361.9,12541.6338
43200,43260,475.47,2388.2,367.7,12485.9521
43260,43320,477.80,2384.2,367.9,12592.0176
43320,43380,479.95,2385.3,364.6,12673.5605
43380,43440,478.99,2384.8,360.5,12738.4209
43440,43500,477.18,2387.3,360.1,12673.0801
43500,43560,478.34,2392.1,361.6,12756.4521
43560,43620,476.22,2383.2,362.8,12527.3535
43620,43680,483.03,2388.0,380.1,12662.3613
43680,43740,483.27,2385.9,392.2,12765.2275
43740,43800,482.74,2387.4,396.0,12739.3926
43800,43860,481.86,2387.6,400.0,12781.7842
43860,43920,479.47,2389.4,403.6,12650.5713
43920,43980,482.32,2390.5,413.5,12664.8096
43980,44040,482.83,2389.7,416.9,12733.6279
44040,44100,486.55,2392.6,438.4,12851.2402
44100,44160,484.47,2389.5,450.2,12737.0967
44160,44220,481.94,2388.3,428.5,12599.8936
44220,44280,484.23,2387.3,419.0,12742.7773
44280,44340,487.84,2391.7,406.0,12932.8994
44340,44400,486.94,2390.5,408.4,12988.3535
44400,44460,487.63,2393.6,399.1,12959.1328
44460,44520,486.16,2392.1,413.7,12830.0762
44520,44580,484.62,2388.8,410.1,12726.2148
44580,44640,477.79,2363.8,392.8,12409.4072
44640,44700,476.49,2348.7,389.1,12276.4668
44700,44760,475.64,2335.6,383.0,12239.8936
44760,44820,481.12,2347.9,389.5,12535.0654
44820,44880,480.99,2338.5,393.7,12433.2852
44880,44940,481.73,2333.3,393.7,12336.0518
44940,45000,482.51,2325.8,397.7,12284.7568
45000,45060,480.64,2304.3,402.0,12113.6631
45060,45120,481.58,2317.8,395.0,12240.4629
45120,45180,485.80,2361.4,434.9,12760.9619
45180,45240,483.97,2360.9,484.4,12727.1553
45240,45300,483.76,2352.2,428.0,12696.6221
45300,45360,483.70,2349.8,402.0,12636.9287
45360,45420,483.82,2347.5,403.5,12659.3037
45420,45480,487.73,2352.8,425.8,12808.8896
45480,45540,489.16,2349.1,424.4,12811.1045
45540,45600,493.29,2347.2,455.1,12861.7402
45600,45660,492.04,2340.2,427.7,12770.8750
45660,45720,489.32,2327.5,407.1,12656.9473
45720,45780,489.29,2318.3,423.6,12352.4365
45780,45840,506.07,2336.2,495.1,12594.2490
