CampaignData_and_Merges/R0/CSL_MobileLab_Parked/raw/20240808/USOS-PTR_MobileLabGround_20240808_RA.ict
58, 1001
Matthew Coggon, Kelvin Bates, Chelsea Stockwell, Carsten Warneke
NOAA ESRL Chemical Sciences Division
NOAA PTR-ToF-MS
USOS
1,1 
2024, 08, 08, 2023, 08, 09
0
Time_Start, seconds, number of seconds from 00:00 UTC 
22
1, 1, 1, 1, 1, 1, 1, 1, 1, 1, 1, 1, 1, 1, 1, 1, 1, 1, 1, 1, 1, 1
-9999, -9999, -9999, -9999, -9999, -9999, -9999, -9999, -9999, -9999, -9999, -9999, -9999, -9999, -9999, -9999, -9999, -9999, -9999, -9999, -9999, -9999
CH3OH_NOAAPTR_ppbv,  ppbv, Gas_CH3OH_InSitu_S_AVMR, (CH3OH) methanol
CH3CN_NOAAPTR_ppbv,  ppbv, Gas_CH3CN_InSitu_S_AVMR, (CH3CN) acetonitrile
CH3CHO_NOAAPTR_ppbv,  ppbv, Gas_CH3CHO_InSitu_S_AVMR, (CH3CHO) acetaldehyde plus contributions from ethylene glycol and ethylene oxide. Interference from ethanol has been subtracted out.
C2H5OH_NOAAPTR_ppbv,  ppbv, Gas_C2H5OH_InSitu_S_AVMR, (C2H5OH) ethanol
CH3SH_NOAAPTR_ppbv,  ppbv, Gas_CH3SH_InSitu_S_AVMR, (CH3SH) methanethiol, using calibration factor for DMS
Acrolein_NOAAPTR_ppbv,  ppbv, Gas_Acrolein_InSitu_S_AVMR, (C3H4O) acrolein
AcetonePropanal_NOAAPTR_ppbv,  ppbv, Gas_AcetoneAndPropanal_InSitu_S_AVMR, (C3H6O) sum of acetone (dominant isomer) and propanal, using calibration factor for acetone
DMS_NOAAPTR_ppbv,  ppbv, Gas_DMS_InSitu_S_AVMR, (C2H6S) dimethyl sulfide with possible small contributions from ethanethiol
C5H8_NOAAPTR_ppbv,  ppbv, Gas_Isoprene_InSitu_S_AVMR, (C5H8) isoprene and possible fragments from cycloalkanes and aldehydes. Interferences have been subtracted following methods described by Coggon et al (2023)
MVKMAC_NOAAPTR_ppbv,  ppbv, Gas_MVKAndMAC_InSitu_S_AVMR, (C4H6O) sum of methyl vinyl ketone, methacrolein, and small amounts of crotonaldehyde, using weighted calibration factor for MVK (0.637) and MACR (0.363)
Benzene_NOAAPTR_ppbv,  ppbv, Gas_Benzene_InSitu_S_AVMR, (C6H6) benzene
Toluene_NOAAPTR_ppbv,  ppbv, Gas_Toluene_InSitu_S_AVMR, (C7H8) toluene with possible small contributions of fragments from ethyltoluene
Styrene_NOAAPTR_ppbv,  ppbv, Gas_Styrene_InSitu_S_AVMR, (C8H8) styrene
Benzaldehyde_NOAAPTR_ppbv,  ppbv, Gas_Benzaldehyde_InSitu_S_AVMR, (C7H6O) benzaldehyde
C8Aromatics_NOAAPTR_ppbv,  ppbv, Gas_C8Aromatics_InSitu_M_AVMR, (C8H10) sum of m-xylene, p-xylene, o-xylene, and ethyl benzene
C9Aromatics_NOAAPTR_ppbv,  ppbv, Gas_C9Aromatics_InSitu_M_AVMR, (C9H12) sum of C9 aromatics
Naphthalene_NOAAPTR_ppbv,  ppbv, Gas_Naphthalene_InSitu_S_AVMR, (C10H8) naphthalene
Octanal_NOAAPTR_ppbv,  ppbv, Gas_Octanal_InSitu_S_AVMR, (C8H16O) octanal and small amounts of octanone
Monoterpenes_NOAAPTR_ppbv,  ppbv, Gas_Monoterpenes_InSitu_M_AVMR, (C10H16) sum of monoterpenes and possible contributions from fragments of oxygenated monoterpenoids such as eucalyptol.
Nonanal_NOAAPTR_ppbv,  ppbv, Gas_Nonanal_InSitu_M_AVMR, (C9H18O) nonanal and small amounts of nonanone
C7H4ClF3_NOAAPTR_ppbv,  ppbv, Gas_C7H4ClF3_InSitu_S_AVMR, (C7H4ClF3) parachlorobenzotrifluoride
C10H30O5Si5_NOAAPTR_ppbv,  ppbv, Gas_C10H30O5Si5_InSitu_S_AVMR, (C10H30O5Si5) decamethylcyclopentasiloxane
1
SPECIAL COMMENTS:N/A
21
PI_CONTACT_INFO: NOAA ESRL Chemical Sciences Division, Tropospheric Chemistry Group. 325 Broadway, R/CSD7, Boulder, CO 80305
PLATFORM: Mobile Laboratory.
LOCATION: Salt Lake City, UT
ASSOCIATED_DATA: N/A
INSTRUMENT_INFO: NOAA PTR-ToF-MS measurements on NOAA CSL Mobile Lab
DATA_INFO: Units: ppbv
UNCERTAINTY: See OTHER_COMMENTS
ULOD_FLAG: -7777
ULOD_VALUE: N/A
LLOD_FLAG: -8888
LLOD_VALUE: N/A.
DM_CONTACT_INFO: Data Managers: Matt Coggon, Kelvin Bates, Chelsea Stockwell; email: matthew.m.coggon@noaa.gov and kelvin.bates@colorado.edu
PROJECT_INFO: USOS Deployment July-August, 2024
STIPULATIONS_ON_USE: Use of these data require prior OK from PI.
OTHER_COMMENTS: Uncertainties:
CH3OH_NOAAPTR_ppbv:30%; CH3CN_NOAAPTR_ppbv:30%; CH3CHO_NOAAPTR_ppbv:30%; C2H5OH_NOAAPTR_ppbv:30%; CH3SH_NOAAPTR_ppbv:50%; Acrolein_NOAAPTR_ppbv:30%; AcetonePropanal_NOAAPTR_ppbv:30%; DMS_NOAAPTR_ppbv:30%; C5H8_NOAAPTR_ppbv:30%; MVKMAC_NOAAPTR_ppbv:30%; 
Benzene_NOAAPTR_ppbv:30%; Toluene_NOAAPTR_ppbv:30%; Styrene_NOAAPTR_ppbv:30%; Benzaldehyde_NOAAPTR_ppbv:30%; C8Aromatics_NOAAPTR_ppbv:30%; C9Aromatics_NOAAPTR_ppbv:30%; Naphthalene_NOAAPTR_ppbv:30%; Octanal_NOAAPTR_ppbv:30%; Monoterpenes_NOAAPTR_ppbv:30%; Nonanal_NOAAPTR_ppbv:30%; 
C7H4ClF3_NOAAPTR_ppbv:30%; C10H30O5Si5_NOAAPTR_ppbv:30%; 
REVISION: RA
RA: Field Data
Time_Start, CH3OH_NOAAPTR_ppbv, CH3CN_NOAAPTR_ppbv, CH3CHO_NOAAPTR_ppbv, C2H5OH_NOAAPTR_ppbv, CH3SH_NOAAPTR_ppbv, Acrolein_NOAAPTR_ppbv, AcetonePropanal_NOAAPTR_ppbv, DMS_NOAAPTR_ppbv, C5H8_NOAAPTR_ppbv, MVKMAC_NOAAPTR_ppbv, Benzene_NOAAPTR_ppbv, Toluene_NOAAPTR_ppbv, Styrene_NOAAPTR_ppbv, Benzaldehyde_NOAAPTR_ppbv, C8Aromatics_NOAAPTR_ppbv, C9Aromatics_NOAAPTR_ppbv, Naphthalene_NOAAPTR_ppbv, Octanal_NOAAPTR_ppbv, Monoterpenes_NOAAPTR_ppbv, Nonanal_NOAAPTR_ppbv, C7H4ClF3_NOAAPTR_ppbv, C10H30O5Si5_NOAAPTR_ppbv
[from data line 1030]
61800.0, 14.01753, 0.47867, 3.75092, 9.44157, 0.01311, 0.38593, 6.79153, -0.00106, 0.35726, 0.50934, 0.48068, 0.90565, 0.06410, 0.03587, 0.48139, 0.14760, 0.02326, 0.05363, 0.16827, 0.04977, 0.05879, 0.01474 
61860.0, 13.02854, 0.49943, 3.79613, 8.54307, 0.01059, 0.38449, 6.71330, 0.00223, 0.25893, 0.48679, 0.46823, 0.95251, 0.04025, 0.01759, 0.49327, 0.15536, 0.02157, 0.04353, 0.12024, 0.05356, 0.08120, 0.00596 
61920.0, 12.35978, 0.48571, 3.57392, 8.43098, 0.00896, 0.37160, 6.44441, 0.01459, 0.22066, 0.47092, 0.45266, 0.85810, 0.04789, 0.03165, 0.45162, 0.13169, 0.01237, 0.05314, 0.10297, 0.03112, 0.07680, 0.01084 
61980.0, 14.53005, 0.49589, 3.87371, 8.14590, 0.00772, 0.36497, 6.70731, 0.01541, 0.26239, 0.49539, 0.46010, 0.91996, 0.06340, 0.02331, 0.47887, 0.13669, 0.01532, 0.04150, 0.09719, 0.03962, 0.08840, 0.00999 
62040.0, 12.78842, 0.48447, 3.53283, 8.03383, 0.00812, 0.41071, 6.41672, 0.01357, 0.32782, 0.44892, 0.44137, 0.81574, 0.06064, 0.03445, 0.39949, 0.10582, 0.00608, 0.05746, 0.12953, 0.04374, 0.08029, 0.00946 
62100.0, 14.12642, 0.50460, 3.82981, 9.19601, 0.00695, 0.37759, 6.78335, -0.00055, 0.26301, 0.49076, 0.43409, 0.92414, 0.00116, 0.02039, 0.47327, 0.13775, 0.00313, 0.03279, 0.11236, 0.03564, 0.11623, 0.00950 
62160.0, 12.81854, 0.46331, 3.92323, 9.67850, 0.00673, 0.38156, 6.93879, 0.01068, 0.26122, 0.52814, 0.45557, 1.07574, 0.05173, -0.02102, 0.52939, 0.16101, 0.00564, 0.03182, 0.12196, 0.04011, 0.09879, 0.00824 
62220.0, 26.13164, 0.49138, 4.00717, 8.65281, 0.00683, 0.40145, 6.96789, 0.01209, 0.32656, 0.54220, 0.46091, 0.91986, -0.00539, -0.01610, 0.46134, 0.14173, 0.01340, 0.05901, 0.09842, 0.05530, 0.10715, 0.01233 
62280.0, 13.74237, 0.46746, 3.82637, 8.74251, 0.00390, 0.38573, 6.96231, 0.00683, 0.24661, 0.52384, 0.47469, 0.88798, 0.02814, 0.01000, 0.45615, 0.11808, -0.00013, 0.05161, 0.08146, 0.03485, 0.09215, 0.00611 
62340.0, 14.78722, 0.49217, 4.06889, 9.02671, 0.00800, 0.44229, 7.01895, -0.00106, 0.27536, 0.54336, 0.45826, 0.89140, 0.03794, 0.01245, 0.45392, 0.13175, 0.00694, 0.05517, 0.11630, 0.05879, 0.09383, 0.01008 
62400.0, 12.62278, 0.47648, 3.58880, 8.19089, 0.00723, 0.40055, 6.62423, -0.00017, 0.17971, 0.50006, 0.39246, 0.73661, 0.05393, -0.00394, 0.37593, 0.11499, 0.00374, 0.03416, 0.08689, 0.03920, 0.08717, 0.01108 
62460.0, 15.62259, 0.48717, 4.04846, 9.98997, 0.00192, 0.41194, 7.31629, 0.02082, 0.31999, 0.57596, 0.42877, 0.83427, 0.04410, -0.01169, 0.41431, 0.13940, 0.02274, 0.05407, 0.11595, 0.06125, 0.08623, 0.01231 
62520.0, 11.50677, 0.46255, 3.60868, 8.86242, 0.00177, 0.39015, 6.80615, -0.00107, 0.11415, 0.52755, 0.36611, 0.72936, 0.03912, 0.00722, 0.33553, 0.11037, 0.00634, 0.04702, 0.05833, 0.04005, 0.07258, 0.00468 
62580.0, 12.76363, 0.48345, 3.68180, 8.66858, -0.00042, 0.33943, 6.85463, 0.00415, 0.08777, 0.50930, 0.41608, 0.68506, 0.04394, 0.00823, 0.33367, 0.10993, 0.00446, 0.07623, 0.08975, 0.03407, 0.07316, 0.01499 
62640.0, 13.84416, 0.48255, 3.94849, 8.87743, 0.00785, 0.40890, 6.83964, -0.00107, 0.10738, 0.51607, 0.43025, 0.72539, 0.04097, 0.02534, 0.33981, 0.12680, 0.00780, 0.04882, 0.13792, 0.05549, 0.07308, 0.00913 
62700.0, 12.08795, 0.50188, 3.39980, 8.21522, 0.00815, 0.33199, 6.64884, 0.01021, 0.16111, 0.43895, 0.40298, 0.68545, 0.04234, 0.02887, 0.31590, 0.09128, 0.01370, 0.05333, 0.06224, 0.04577, 0.07326, 0.00710 
62760.0, 14.01783, 0.43969, 3.65175, 11.62479, 0.00313, 0.38276, 6.94020, 0.01418, 0.18865, 0.48583, 0.52893, 1.29861, -0.00157, 0.00623, 0.55142, 0.16367, 0.00965, 0.05545, 0.09995, 0.03669, 0.07833, 0.01100 
62820.0, 10.75673, 0.47953, 2.90240, 7.19539, 0.00189, 0.36643, 6.50469, -0.00107, 0.14427, 0.42104, 0.34296, 0.58067, 0.02932, -0.00403, 0.29280, 0.08075, 0.00656, 0.02066, 0.06163, 0.03053, 0.06240, 0.00422 
62880.0, 12.36771, 0.49703, 3.38259, 7.18591, 0.00604, 0.34206, 6.62565, 0.02125, 0.20370, 0.47419, 0.41495, 0.61387, 0.03481, -0.00452, 0.32084, 0.09620, 0.02624, 0.04986, 0.06413, 0.04497, 0.06610, 0.01023 
62940.0, 12.78065, 0.47060, 3.60041, 8.24796, 0.00442, 0.38741, 7.00895, 0.00588, 0.20479, 0.44700, 0.36927, 0.69317, 0.03782, 0.01981, 0.31353, 0.07681, 0.00631, 0.04601, 0.09474, 0.04668, 0.06436, 0.01135 
63000.0, 12.31591, 0.49300, 3.22766, 7.79011, 0.00506, 0.33984, 6.65962, 0.00762, 0.18153, 0.42981, 0.35751, 0.66045, 0.02383, 0.01231, 0.30831, 0.07927, 0.02831, 0.03820, 0.08958, 0.04732, 0.06630, 0.01354 
63060.0, 12.89068, 0.46752, 3.48258, 7.83819, 0.00150, 0.38345, 6.75552, 0.00604, 0.17826, 0.44909, 0.43609, 0.61460, 0.03306, 0.00903, 0.30609, 0.09104, 0.01439, 0.03916, 0.14671, 0.03262, 0.07033, 0.01041 
63120.0, 13.95800, 0.48334, 3.64945, 7.85770, 0.00548, 0.35436, 6.84720, 0.00313, 0.23377, 0.50194, 0.38543, 0.66534, 0.03737, 0.01223, 0.31059, 0.08787, 0.01795, 0.05929, 0.09978, 0.04919, 0.05652, 0.00950 
63180.0, 13.54966, 0.46824, 3.39050, 8.43245, 0.00220, 0.38354, 6.93683, 0.01094, 0.20891, 0.49679, 0.41066, 0.70195, 0.04694, 0.01364, 0.34748, 0.09486, -0.00629, 0.05959, 0.09811, 0.07251, 0.06894, 0.01391 
63240.0, 14.14014, 0.48155, 3.84183, 8.20226, 0.00853, 0.36314, 6.89176, 0.02404, 0.30878, 0.55048, 0.46895, 0.77053, 0.02524, 0.00923, 0.39281, 0.12160, 0.01068, 0.03620, 0.07474, 0.04272, 0.08575, 0.01034 
63300.0, 13.79452, 0.48057, 3.74363, 8.27605, 0.00234, 0.41088, 6.85015, 0.00852, 0.32030, 0.52163, 0.44517, 0.80022, 0.05326, 0.02446, 0.35863, 0.12130, 0.00677, 0.07671, 0.06666, 0.04917, 0.09139, 0.01340 
63360.0, 14.08555, 0.48627, 4.19603, 10.25353, 0.00526, 0.39768, 7.11280, 0.00273, 0.33297, 0.56619, 0.49210, 1.11745, 0.02837, -0.00946, 0.47238, 0.17571, 0.00731, 0.07418, 0.08252, 0.07775, 0.07768, 0.01301 
63420.0, 13.20639, 0.48782, 3.78600, 8.07682, 0.00376, 0.39732, 6.90756, 0.01299, 0.32149, 0.56015, 0.41880, 0.72378, 0.03839, -0.01436, 0.36467, 0.11248, 0.02048, 0.05032, 0.08723, 0.06014, 0.07309, 0.01186 
63480.0, 13.24266, 0.48709, 3.69628, 8.63298, 0.00274, 0.41390, 6.92815, 0.00712, 0.29475, 0.54554, 0.41821, 0.73366, 0.05183, 0.02736, 0.36143, 0.12666, -0.00147, 0.03595, 0.07675, 0.03524, 0.08740, 0.01283 
63540.0, 13.28679, 0.48221, 3.65718, 7.80819, 0.00359, 0.39171, 6.84373, -0.00108, 0.27803, 0.54500, 0.32133, 0.65448, 0.00717, -0.00338, 0.30674, 0.09327, 0.01138, 0.05303, 0.05916, 0.05182, 0.06864, 0.00928 
63600.0, 12.56151, 0.47797, 3.48329, 6.90721, 0.00238, 0.38125, 6.52699, 0.00332, 0.22161, 0.51918, 0.31003, 0.62195, 0.00846, 0.01034, 0.30509, 0.08960, 0.00677, 0.04576, 0.07962, 0.04932, 0.05755, 0.01087 
63660.0, 11.74207, 0.44930, 3.48660, 7.38082, -0.00010, 0.35405, 6.74119, 0.01197, 0.20455, 0.50873, 0.34801, 0.61371, 0.03170, 0.01937, 0.33275, 0.08777, 0.00451, 0.04459, 0.07120, 0.04275, 0.06996, 0.00998 
63720.0, 12.65093, 0.49656, 3.34708, 7.99401, 0.00590, 0.34243, 6.86357, -0.00109, 0.19096, 0.49788, 0.34659, 0.62864, 0.03587, -0.00016, 0.32477, 0.07741, -0.00629, 0.04070, 0.05096, 0.03793, 0.06657, 0.01161 
63780.0, 11.23994, 0.44534, 3.49577, 7.93049, 0.00399, 0.32636, 6.85554, 0.01528, 0.24485, 0.49724, 0.38095, 0.62965, 0.01284, -0.01053, 0.32052, 0.09800, -0.00618, 0.03100, 0.05655, 0.03830, 0.06771, 0.00935 
63840.0, 12.08279, 0.47017, 3.59454, 9.02570, 0.00212, 0.36097, 7.07318, 0.01002, 0.18452, 0.50242, 0.41504, 0.93150, 0.03412, -0.00027, 0.42772, 0.11549, 0.00060, 0.04212, 0.05751, 0.02192, 0.08220, 0.01145 
63900.0, 11.93011, 0.46179, 3.45735, 7.58054, 0.00420, 0.36484, 7.35134, 0.00941, 0.21647, 0.52473, 0.37749, 0.65980, 0.02971, -0.00083, 0.35859, 0.09165, 0.00041, 0.03444, 0.06164, 0.01798, 0.06807, 0.00721 
63960.0, 11.55333, 0.48619, 3.41922, 7.55565, 0.00225, 0.31711, 6.97337, 0.01734, 0.23329, 0.52921, 0.37086, 0.62114, -0.00554, 0.00562, 0.33807, 0.09471, 0.01404, 0.04267, 0.09544, 0.04215, 0.06699, 0.01068 
64020.0, 12.96805, 0.45866, 3.52946, 7.88476, 0.00261, 0.34515, 7.54611, 0.00696, 0.24004, 0.51606, 0.36096, 0.61923, 0.02681, -0.00060, 0.35708, 0.08836, 0.01192, 0.03177, 0.09419, 0.01988, 0.06937, 0.01035 
64080.0, 12.06868, 0.45547, 3.44111, 8.03842, 0.00355, 0.34571, 6.95889, -0.00109, 0.21462, 0.50253, 0.44371, 0.64500, 0.02199, 0.00142, 0.35702, 0.08135, -0.00372, 0.03925, 0.09369, 0.01560, 0.06418, 0.01009 
64140.0, 13.00973, 0.44122, 3.46498, 7.57797, 0.00360, 0.35540, 6.96787, 0.01824, 0.23010, 0.50348, 0.36512, 0.61393, 0.01450, 0.02031, 0.35199, 0.08529, 0.02124, 0.03310, 0.11052, 0.03421, 0.06429, 0.00987 
64200.0, 13.12689, 0.45807, 3.40529, 7.89808, 0.00172, 0.34222, 7.10493, 0.01896, 0.22758, 0.50519, 0.36518, 0.64381, 0.02529, 0.01605, 0.37823, 0.08784, 0.00141, 0.04706, 0.09266, 0.03995, 0.06714, 0.00736 
64260.0, 13.14060, 0.48737, 3.51515, 7.68494, 0.00398, 0.32869, 7.20932, 0.00436, 0.26409, 0.49104, 0.36817, 0.58180, 0.00338, -0.00009, 0.36677, 0.08462, 0.00253, 0.04975, 0.11240, 0.03198, 0.07628, 0.00854 
64320.0, 13.16573, 0.44424, 3.66149, 8.20477, 0.00383, 0.37580, 7.30484, 0.00555, 0.40906, 0.48241, 0.34324, 0.68164, 0.02612, 0.02294, 0.40494, 0.09310, 0.01002, 0.04503, 0.07229, 0.04763, 0.06972, 0.01313 
64380.0, 11.87319, 0.45392, 3.40939, 7.62906, 0.00307, 0.35449, 7.36554, 0.00908, 0.26288, 0.49183, 0.35257, 0.62814, 0.03010, 0.01005, 0.36691, 0.08383, -0.00488, 0.04841, 0.07316, 0.03462, 0.07040, 0.00585 
64440.0, 13.84045, 0.48433, 3.69730, 7.84902, 0.00230, 0.37543, 7.00339, -0.00110, 0.31829, 0.53783, 0.34560, 0.62237, 0.00505, -0.01369, 0.37972, 0.09915, 0.00172, 0.04972, 0.13153, 0.04499, 0.06294, 0.01170 
64500.0, 11.85371, 0.48516, 3.39163, 7.07798, 0.00228, 0.33601, 6.79541, 0.01109, 0.29836, 0.50345, 0.37910, 0.66495, -0.00559, -0.00393, 0.42549, 0.10304, -0.00469, 0.03387, 0.07422, 0.05547, 0.06212, 0.01044 
64560.0, 13.74006, 0.47155, 3.93427, 7.51113, 0.01386, 0.41707, 7.14480, 0.00897, 0.36853, 0.54752, 0.34491, 0.61022, 0.03002, 0.00111, 0.37407, 0.09316, 0.01187, 0.06896, 0.18813, 0.08214, 0.07292, 0.00905 
64620.0, 12.22534, 0.44708, 3.21707, 6.46498, 0.00436, 0.34656, 6.84721, 0.00802, 0.18465, 0.47535, 0.34511, 0.60022, 0.02841, -0.01051, 0.34364, 0.07794, -0.00629, 0.02352, 0.07241, 0.02567, 0.07913, 0.00734 
64680.0, 11.61828, 0.47518, 3.36227, 7.55336, 0.00065, 0.33827, 7.02242, 0.01139, 0.26589, 0.52149, 0.33930, 0.68139, 0.02380, -0.02285, 0.42756, 0.11704, 0.01150, 0.04525, 0.05583, 0.03509, 0.06799, 0.00911 
64740.0, 12.00784, 0.49162, 3.19866, 6.94007, 0.00568, 0.30930, 6.95189, 0.01317, 0.20687, 0.47021, 0.31726, 0.53605, -0.00364, -0.00340, 0.33266, 0.07276, 0.00402, 0.04084, 0.04553, 0.02612, 0.05692, 0.01015 
64800.0, 12.75754, 0.44892, 3.41486, 7.06698, 0.00065, 0.36021, 6.97308, 0.00309, 0.32974, 0.51801, 0.27664, 0.59767, -0.00561, 0.01019, 0.33937, 0.06988, 0.01352, 0.04304, 0.05984, 0.04607, 0.06828, 0.00949 
64860.0, 11.78860, 0.47931, 3.15984, 7.18600, -0.00051, 0.38504, 6.89588, 0.00132, 0.36375, 0.51143, 0.33733, 0.57985, 0.01582, -0.02323, 0.32146, 0.07642, -0.00021, 0.03718, 0.05237, 0.01838, 0.06221, 0.00520 
64920.0, -9999.00000, -9999.00000, -9999.00000, -9999.00000, -9999.00000, -9999.00000, -9999.00000, -9999.00000, -9999.00000, -9999.00000, -9999.00000, -9999.00000, -9999.00000, -9999.00000, -9999.00000, -9999.00000, -9999.00000, -9999.00000, -9999.00000, -9999.00000, -9999.00000, -9999.00000 
64980.0, 14.48208, 0.47645, 4.06254, 7.40794, 0.00775, 0.39716, 7.09379, -0.00110, 0.45831, 0.54829, 0.34821, 0.60753, 0.02739, 0.01541, 0.34932, 0.10102, 0.02557, 0.05572, 0.22346, 0.06522, 0.05497, 0.00658 
65040.0, 13.04183, 0.47978, 3.72627, 8.14117, 0.00871, 0.39882, 7.11100, 0.02181, 0.48870, 0.56611, 0.39930, 0.69072, 0.02751, -0.00633, 0.39597, 0.08619, 0.00288, 0.03965, 0.17710, 0.06615, 0.05425, 0.01074 
65100.0, 9.02558, 0.49879, 2.12970, 3.64665, 0.00490, 0.25898, 4.82083, 0.00823, 0.10240, 0.26397, 0.17633, 0.27994, 0.01467, -0.00980, 0.12848, 0.03571, 0.00157, 0.02472, 0.06383, 0.01766, 0.04123, 0.00735 
65160.0, 9.33083, 0.46762, 2.25146, 4.53925, 0.00130, 0.29848, 5.05153, 0.00159, 0.19844, 0.31649, 0.17259, 0.28946, -0.00565, -0.02730, 0.17360, 0.05370, -0.00064, 0.00318, 0.03316, 0.03656, 0.03239, 0.00503 
65220.0, 10.16367, 0.49251, 2.38196, 4.65129, -0.00078, 0.27700, 5.22137, 0.00478, 0.15315, 0.32449, 0.26977, 0.44026, 0.01926, -0.02481, 0.19511, 0.06907, 0.00866, 0.02507, 0.04074, 0.05529, 0.03689, 0.00625 
65280.0, 10.26888, 0.46640, 2.37496, 4.61023, 0.00089, 0.31158, 5.28121, 0.00592, 0.08411, 0.32386, 0.27009, 0.42126, 0.02157, -0.01166, 0.20027, 0.05121, 0.00145, 0.04462, 0.05117, 0.04829, 0.04602, 0.00345 
65340.0, 11.79146, 0.46435, 2.68199, 4.63285, 0.00240, 0.31085, 5.29153, 0.01656, 0.09473, 0.32911, 0.26914, 0.35560, -0.00566, -0.00845, 0.19314, 0.05213, -0.00567, 0.05557, 0.08768, 0.01301, 0.04040, 0.00761 
65400.0, 9.75827, 0.47652, 2.35987, 4.16843, 0.00117, 0.24684, 5.18803, 0.00954, 0.05423, 0.30423, 0.31605, 0.36485, 0.01342, -0.00565, 0.19196, 0.05767, -0.00029, 0.02651, 0.01843, 0.01994, 0.04427, 0.00479 
65460.0, 10.53084, 0.45670, 2.40578, 4.71235, 0.00035, 0.27287, 5.28266, 0.01038, 0.11153, 0.28001, 0.29157, 0.45664, 0.00748, 0.00299, 0.23466, 0.07165, 0.00752, 0.04149, 0.02910, 0.02814, 0.02618, 0.00427 
65520.0, 11.06586, 0.46389, 2.61236, 5.73373, 0.00096, 0.30718, 5.40294, 0.00054, 0.09195, 0.34775, 0.34212, 0.59816, 0.01381, -0.01124, 0.30550, 0.09636, 0.00042, 0.02765, 0.04576, 0.05212, 0.05585, 0.00233 
65580.0, 9.71793, 0.47754, 2.50931, 4.69492, 0.00571, 0.24786, 5.38234, -0.00111, 0.10301, 0.30267, 0.33583, 0.43637, 0.01873, -0.01530, 0.20611, 0.05882, -0.00105, 0.03151, 0.03572, 0.03552, 0.03603, 0.00849 
65640.0, 10.46155, 0.47746, 2.43325, 4.88826, 0.00075, 0.27518, 5.30252, 0.00103, 0.07888, 0.31123, 0.28877, 0.33296, -0.00569, -0.00461, 0.18051, 0.04890, 0.00341, 0.05373, 0.02576, 0.02599, 0.03636, 0.00606 
65700.0, 10.60368, 0.47779, 2.61621, 4.67372, 0.00559, 0.26665, 5.45869, 0.00861, 0.14238, 0.33028, 0.24293, 0.35166, 0.00825, -0.02488, 0.15225, 0.05218, -0.00629, 0.02286, 0.04028, 0.01602, 0.03386, 0.00769 
65760.0, 10.70168, 0.47328, 2.70287, 4.88489, 0.00464, 0.28470, 5.50240, 0.00691, 0.15813, 0.33508, 0.21216, 0.35615, -0.00570, -0.00509, 0.20198, 0.04648, -0.00541, 0.04858, 0.09172, 0.04278, 0.04808, 0.00219 
65820.0, 10.09814, 0.48991, 2.48254, 4.89628, -0.00031, 0.29325, 5.50088, -0.00112, 0.10793, 0.32801, 0.32560, 0.37020, 0.01518, -0.02659, 0.16848, 0.04929, -0.00629, 0.01746, 0.03316, 0.01749, 0.04372, 0.00309 
65880.0, 10.76551, 0.48912, 2.75678, 4.74327, 0.00017, 0.34116, 5.47293, 0.01867, 0.26928, 0.34025, 0.27086, 0.36534, -0.00571, -0.00555, 0.18868, 0.06245, 0.01260, 0.03522, 0.05685, 0.03772, 0.03268, 0.00345 
65940.0, 11.12058, 0.46382, 2.45977, 4.27572, -0.00060, 0.26509, 5.35796, 0.01173, 0.11493, 0.31510, 0.26640, 0.32026, -0.00571, -0.01394, 0.16959, 0.05159, 0.00300, 0.03527, 0.02099, 0.03334, 0.04617, 0.00386 
66000.0, 10.05914, 0.47699, 2.57949, 4.36188, -0.00004, 0.28939, 5.53347, 0.00346, 0.12534, 0.32864, 0.26400, 0.37804, 0.02243, 0.01444, 0.19644, 0.04363, -0.00191, 0.02145, 0.03347, 0.01222, 0.02720, 0.00378 
66060.0, 9.94709, 0.45183, 2.68660, 4.59990, 0.00034, 0.33380, 5.49225, 0.00871, 0.20658, 0.33908, 0.30905, 0.37610, 0.02936, -0.01079, 0.19348, 0.05738, -0.00110, 0.02718, 0.03614, 0.03014, 0.03889, 0.00289 
66120.0, 9.82875, 0.49095, 2.37022, 3.92435, -0.00091, 0.28175, 5.46186, -0.00112, 0.13989, 0.32495, 0.31969, 0.32507, 0.02259, 0.01689, 0.16567, 0.05757, -0.00511, 0.02344, 0.03054, 0.02405, 0.03086, 0.00390 
66180.0, 8.71172, 0.48878, 2.50789, 4.34497, 0.00011, 0.28580, 5.43988, 0.01376, 0.11760, 0.29990, 0.26157, 0.37198, 0.02132, 0.00149, 0.18220, 0.04518, -0.00206, 0.02739, 0.03462, 0.01217, 0.02941, 0.00439 
66240.0, 9.92547, 0.48615, 2.54145, 4.53084, 0.00024, 0.27692, 5.45064, 0.01629, 0.11471, 0.30910, 0.29252, 0.33778, 0.01070, 0.00041, 0.18357, 0.04872, 0.00028, 0.03378, 0.02983, 0.04293, 0.03152, 0.00391 
