CampaignData_and_Merges/R0/CSL_MobileLab_Parked/raw/20240808/USOS-Picarro-CO2-CH4-CO-H2O_MobileLabGround_20240808_R0.ict
38, 1001
Ilana Pollack, Nell Schafer, and Jeff Peischl
NOAA Chemical Sciences Laboratory
Picarro 2401-m CO2/CH4/CO/H2O Analyzer
USOS
1, 1
2024, 08, 08, 2024, 11, 20
0
StartTime_UTC, seconds_past_midnight, seconds past midnight
5
1, 1, 1, 1, 1
-9999, -9999, -9999, -9999, -9999
StopTime_UTC, seconds_past_midnight, seconds past midnight
CO2_ppm_1min, ppm, Gas_CO2_InSitu_S_DMF, carbon dioxide mixing ratio
CH4_ppb_1min, ppb, Gas_CH4_InSitu_S_DMF, methane mixing ratio
CO_ppb_1min, ppb, Gas_CO_InSitu_S_DMF, carbon monoxide mixing ratio
H2O_ppmv_1min, ppmv, Met_H2OMRV_InSitu_S_AVMR, water vapor mixing ratio
1
SPECIAL COMMENTS: N/A
18
PI_CONTACT_INFO: Address: NOAA Chemical Sciences Laboratory, Mail Stop CSL7, 325 Broadway, Boulder, CO 80305; Email: Ilana.Pollack@noaa.gov
PLATFORM: NOAA CSL Mobile Laboratory
LOCATION: The mobile lab was stationed in Salt Lake City, Utah.
ASSOCIATED_DATA: N/A
INSTRUMENT_INFO: CO2, CH4, and CO are reported as dry air mole fractions using a commercial wavelength-scanned cavity ring-down analyzer (Picarro 2401-m). An in-field calibration gas standard of 432±0.07 ppm CO2, 2095±1 ppb CH4, and 183±1 ppb CO, calibrated in the Boulder laboratories before and after the field project using primary CO2, CH4, and CO standard tanks tied to the WMO standard (X2019, X2004A, and X2014A, respectively) from the Global Monitoring Laboratory (GML), was delivered to the inlet every 2-3 days to evaluate instrument sensitivity. A H2O measurement was calibrated before the project with a Dew Point Mirror 373 hygrometer. The water correction calculated from these calibrations was applied to the H2O measurement for the entire campaign. Species are measured at 0.5 Hz and reported as 1-minute averages for stationary measurements.
DATA_INFO: Units: CO2, ppm, dry air mole fraction; CH4, ppb, dry air mole fraction; CO, ppb, dry air mole fraction; H2O, ppmv
UNCERTAINTY: Total uncertainties are estimated as ±0.1 ppm for CO2, ±1 ppb for CH4, ±5 ppb for CO, and ±(50 ppm + 4%) for H2O.
ULOD_FLAG: -7777
ULOD_VALUE: N/A
LLOD_FLAG: -8888
LLOD_VALUE: N/A
DM_CONTACT_INFO: Data Manager: Nathan Howard; nathan.h.howard@noaa.gov
PROJECT_INFO: USOS Dates of Study: July – August 2024
STIPULATIONS_ON_USE: Use of these data require prior ok from PI.
OTHER_COMMENTS: Data are averaged to 1 minute intervals. Stationary data collected from a 10 ft tower on top of the mobile van.
REVISION: R0
R0: Final Data
StartTime_UTC, StopTime_UTC, CO2_ppm_1min, CH4_ppb_1min, CO_ppb_1min, H2O_ppmv_1min
0,60,428.25,1964.2,163.8,6765.1528
60,120,428.93,1965.3,166.7,7022.2632
120,180,427.89,1965.8,158.1,7067.0269
180,240,426.32,1964.0,149.8,7010.7192
240,300,425.61,1963.7,150.6,7111.3291
300,360,426.33,1964.5,159.4,6865.6245
360,420,426.41,1963.8,156.3,6605.4780
420,480,426.97,1963.6,162.1,7047.1177
480,540,429.84,1963.9,171.1,7155.8242
540,600,429.12,1962.9,168.9,7353.6289
600,660,428.15,1963.0,165.3,7417.0645
660,720,427.32,1962.2,165.3,7388.5566
720,780,427.00,1957.8,158.0,7104.9976
780,840,426.58,1954.7,156.4,6442.1899
840,900,427.91,1959.1,165.3,7175.6240
900,960,429.02,1961.4,169.1,7239.3203
960,1020,429.43,1963.8,166.6,7216.0112
1020,1080,428.00,1964.6,157.7,6961.6279
1080,1140,428.88,1965.6,164.4,7456.4727
1140,1200,430.13,1965.7,181.3,7480.1064
1200,1260,429.61,1965.2,173.3,7642.0029
1260,1320,428.91,1965.3,171.0,7760.9785
1320,1380,427.98,1964.3,163.0,7459.4766
1380,1440,427.84,1964.4,166.5,7285.1440
1440,1500,428.64,1965.0,175.4,7580.0479
1500,1560,427.96,1965.9,169.1,7175.5786
1560,1620,426.96,1965.6,163.0,6952.2446
1620,1680,426.92,1965.9,161.6,7082.4458
1680,1740,427.15,1966.4,164.6,7147.4604
1740,1800,427.07,1966.4,165.2,7011.1177
1800,1860,427.52,1968.4,182.3,7746.8906
1860,1920,426.50,1967.4,162.7,7334.7217
1920,1980,426.08,1965.3,149.9,7231.6133
1980,2040,426.64,1967.8,160.0,7766.3916
2040,2100,426.97,1968.1,160.2,8353.9629
2100,2160,428.63,1968.3,204.2,7775.3198
2160,2220,429.26,1968.3,234.3,7810.5020
2220,2280,428.94,1966.9,201.1,7250.8677
2280,2340,429.28,1967.1,188.2,7379.0454
2340,2400,428.35,1966.5,171.1,7177.5024
2400,2460,428.27,1966.4,165.7,7348.0884
2460,2520,428.15,1966.6,164.2,7572.5962
2520,2580,427.42,1965.8,164.6,7479.2056
2580,2640,426.99,1963.1,158.2,6783.2041
2640,2700,426.39,1962.8,153.9,7099.0088
2700,2760,427.30,1963.6,157.0,7029.9790
2760,2820,428.05,1965.1,162.8,6973.6602
2820,2880,427.77,1965.0,174.9,7282.7705
2880,2940,427.94,1965.1,166.4,7369.8022
2940,3000,428.23,1965.3,162.7,7452.0850
3000,3060,428.44,1965.6,214.9,7925.1665
3060,3120,428.02,1962.9,192.5,7209.4214
3120,3180,428.36,1961.0,212.1,7198.6274
3180,3240,428.73,1959.2,179.0,7064.2134
3240,3300,428.48,1958.3,176.1,7152.7354
3300,3360,427.35,1957.0,178.5,7080.7466
3360,3420,427.12,1955.6,171.1,6788.2354
3420,3480,426.71,1954.4,164.4,6620.4214
3480,3540,427.40,1954.3,166.1,6992.5444
3540,3600,427.16,1955.0,170.0,7287.3350
3600,3660,427.25,1955.4,172.8,7755.1118
3660,3720,427.59,1955.9,177.8,7324.5791
3720,3780,427.86,1955.9,175.4,6978.0596
3780,3840,428.00,1956.4,176.0,7350.6279
3840,3900,427.38,1956.5,173.5,6908.0610
3900,3960,427.71,1957.2,177.4,7452.4473
3960,4020,429.56,1958.0,195.0,7139.1792
4020,4080,429.26,1958.7,188.6,7665.6021
4080,4140,430.30,1959.0,191.4,7534.5879
4140,4200,428.92,1958.9,183.5,7047.7427
4200,4260,428.29,1959.7,177.8,6955.3862
4260,4320,428.17,1960.8,186.4,7167.0225
4320,4380,427.26,1961.7,173.7,7885.3750
4380,4440,427.49,1960.9,172.1,7420.3901
4440,4500,427.86,1962.2,174.6,7849.2261
4500,4560,427.30,1961.8,176.9,7392.0879
4560,4620,428.07,1960.0,178.3,6944.6060
4620,4680,426.64,1958.0,166.1,6766.6509
4680,4740,427.92,1958.7,169.1,6936.6201
4740,4800,428.01,1960.3,167.8,7189.7114
4800,4860,428.18,1960.9,170.5,7334.2344
4860,4920,430.44,1962.0,180.0,7736.6792
4920,4980,432.39,1962.7,188.7,8232.1553
4980,5040,430.84,1963.4,180.2,7581.8281
5040,5100,432.47,1964.2,182.8,8009.0967
5100,5160,432.12,1964.1,185.6,8032.0127
5160,5220,431.83,1964.7,238.6,7956.9194
5220,5280,433.49,1964.7,270.6,8276.7109
5280,5340,432.59,1964.7,277.3,8381.3945
5340,5400,432.26,1963.6,217.6,7947.7285
5400,5460,434.95,1964.7,245.0,8116.5562
5460,5520,435.96,1965.3,243.0,8428.6309
5520,5580,432.09,1965.3,214.0,8578.0596
5580,5640,432.21,1966.1,206.3,8736.0850
5640,5700,433.44,1968.4,209.1,8853.6885
5700,5760,431.65,1967.7,199.8,8320.6211
5760,5820,431.30,1967.0,203.4,7841.4517
5820,5880,431.69,1967.7,202.1,7879.4766
5880,5940,431.71,1966.5,196.5,7795.8418
5940,6000,431.79,1967.0,207.5,7664.4243
6000,6060,433.28,1969.4,222.3,8229.2285
6060,6120,433.55,1970.3,207.5,8593.8760
6120,6180,433.17,1970.1,203.1,8549.5479
6180,6240,431.85,1968.0,196.3,8314.5713
6240,6300,433.44,1966.9,201.4,7893.3999
6300,6360,434.99,1968.0,212.9,8146.4658
6360,6420,432.76,1968.1,201.4,8053.6982
6420,6480,436.31,1971.0,213.2,8641.4189
6480,6540,435.96,1971.8,210.3,8743.2373
6540,6600,434.32,1971.7,219.6,8816.0410
6600,6660,434.23,1971.6,222.5,8690.0654
6660,6720,435.12,1972.6,226.0,8790.5049
6720,6780,435.39,1972.2,221.8,9075.4326
6780,6840,436.56,1975.4,232.4,9050.7480
6840,6900,437.83,1974.8,226.9,9104.1152
6900,6960,439.12,1975.8,229.5,9312.1709
6960,7020,439.20,1976.8,236.3,9371.9990
7020,7080,438.21,1976.6,235.0,9258.0908
7080,7140,436.82,1975.9,229.0,8977.3438
7140,7200,438.19,1976.2,235.0,9047.8418
7200,7260,442.68,1979.1,249.6,9498.9238
7260,7320,440.29,1979.7,234.6,9416.7041
7320,7380,441.22,1980.3,235.5,9409.1152
7380,7440,439.91,1980.7,231.5,9370.6104
7440,7500,442.48,1981.4,248.1,9391.5156
7500,7560,444.16,1982.1,255.3,9493.0742
7560,7620,446.68,1983.5,253.0,9742.5137
7620,7680,445.75,1984.1,268.9,9807.1338
7680,7740,444.68,1985.4,309.6,9768.4063
7740,7800,445.86,1986.2,288.8,9768.7266
7800,7860,448.31,1989.6,296.7,10317.2393
7860,7920,446.92,1989.0,283.2,10383.6064
7920,7980,446.06,1988.3,267.8,10458.9541
7980,8040,444.50,1987.8,255.4,10385.0967
8040,8100,443.17,1987.0,246.9,10432.7959
8100,8160,444.38,1987.0,251.6,10401.8691
8160,8220,445.66,1987.6,271.2,10421.9346
8220,8280,447.77,1987.1,297.4,10390.7900
8280,8340,445.96,1987.6,277.3,10429.4834
8340,8400,440.04,1978.0,234.5,9944.5410
8400,8460,439.71,1977.4,221.6,9953.9043
8460,8520,443.53,1975.0,220.9,9960.4189
8520,8580,437.77,1972.0,227.0,9523.2354
8580,8640,438.50,1971.1,224.0,9531.0215
8640,8700,439.22,1969.5,221.6,9570.6787
8700,8760,436.86,1967.2,200.7,9294.6152
8760,8820,436.00,1965.4,195.3,9252.2480
8820,8880,436.08,1964.9,196.0,9175.5225
8880,8940,436.70,1964.8,197.5,9173.9121
8940,9000,435.37,1964.0,198.3,9015.4326
9000,9060,435.46,1963.7,204.1,9000.4307
9060,9120,435.25,1963.9,207.1,8948.0674
9120,9180,435.86,1964.1,204.1,8870.9961
9180,9240,437.68,1965.3,235.5,8903.3672
9240,9300,437.03,1964.3,218.4,9001.1348
9300,9360,-9999,-9999,-9999,-9999
9360,9420,-9999,-9999,-9999,-9999
9420,9480,-9999,-9999,-9999,-9999
9480,9540,-9999,-9999,-9999,-9999
9540,9600,-9999,-9999,-9999,-9999
9600,9660,437.81,1969.3,209.9,9068.3447
9660,9720,437.90,1969.3,215.7,9031.3633
9720,9780,437.88,1969.6,220.6,9008.1846
9780,9840,436.96,1969.4,217.6,9022.3701
9840,9900,437.70,1969.5,221.7,8976.8643
9900,9960,437.30,1967.9,211.9,8902.4336
9960,10020,437.42,1968.4,218.7,8922.6504
10020,10080,438.43,1969.1,224.7,8961.3037
10080,10140,436.24,1967.1,209.2,8823.3477
10140,10200,437.85,1967.1,215.1,8928.3125
10200,10260,437.54,1966.4,224.1,8837.5566
10260,10320,438.16,1966.6,220.1,8910.1807
10320,10380,438.55,1967.3,262.9,8919.6396
10380,10440,438.37,1967.3,294.0,8859.8223
10440,10500,436.99,1965.2,254.4,8730.5791
10500,10560,437.22,1965.5,229.8,8715.0518
10560,10620,437.78,1966.8,228.0,8795.8154
10620,10680,437.95,1965.7,211.5,8744.6396
10680,10740,438.46,1969.5,209.9,8857.9131
10740,10800,437.99,1968.3,204.5,8812.2402
10800,10860,438.12,1968.2,202.7,8783.4854
10860,10920,439.90,1971.4,207.0,8965.0469
10920,10980,439.50,1973.1,205.8,8963.0195
10980,11040,441.26,1974.4,213.5,9104.9072
11040,11100,439.98,1971.3,210.5,8968.5273
11100,11160,440.48,1970.6,209.8,9010.6914
11160,11220,439.99,1969.0,212.3,8894.2910
11220,11280,438.77,1967.7,212.9,8814.5996
11280,11340,439.29,1966.4,214.1,8771.2686
11340,11400,439.98,1967.3,218.2,8790.9766
11400,11460,440.07,1968.3,217.9,8830.2930
11460,11520,440.45,1968.8,216.3,8831.7148
11520,11580,441.62,1970.2,217.0,8871.0996
11580,11640,440.60,1967.5,211.6,8773.0000
11640,11700,440.49,1966.4,209.2,8706.4053
11700,11760,442.14,1967.4,207.4,8823.3574
11760,11820,440.86,1965.6,208.4,8709.3438
11820,11880,443.42,1965.3,207.8,8746.9834
11880,11940,441.43,1965.7,207.0,8602.9873
11940,12000,445.17,1966.5,212.4,8607.9551
12000,12060,450.03,1968.2,425.0,8746.1055
12060,12120,444.16,1964.6,280.3,8443.3945
12120,12180,445.23,1965.4,243.9,8499.8447
12180,12240,443.14,1964.5,227.4,8366.5352
12240,12300,441.48,1963.1,212.4,8246.8115
12300,12360,439.72,1961.1,198.7,8114.9956
12360,12420,442.30,1962.1,200.0,8197.8164
12420,12480,438.63,1959.7,194.2,7939.3545
12480,12540,439.79,1961.2,196.8,8052.6772
12540,12600,439.81,1961.6,189.8,8059.0049
12600,12660,440.56,1960.3,194.6,8040.1309
12660,12720,442.58,1959.5,197.5,8043.4844
12720,12780,440.58,1960.7,195.6,7996.9067
12780,12840,439.44,1961.9,188.4,8043.3701
12840,12900,436.87,1957.9,187.6,7798.3521
12900,12960,439.26,1962.5,186.5,8025.7139
12960,13020,439.20,1963.6,186.3,7992.6934
13020,13080,439.03,1962.9,185.8,7963.3267
13080,13140,439.83,1966.4,186.0,8072.7363
13140,13200,439.58,1965.1,187.0,7989.0205
13200,13260,439.32,1963.9,186.6,7996.5337
13260,13320,438.24,1961.9,187.0,7866.6436
13320,13380,438.83,1962.1,189.1,7869.9575
13380,13440,438.57,1960.9,189.3,7831.5688
13440,13500,439.37,1961.0,196.2,7825.7637
13500,13560,438.99,1960.9,193.2,7913.0249
13560,13620,440.56,1961.7,199.3,7862.6592
13620,13680,440.81,1961.2,196.8,8143.6084
13680,13740,440.42,1960.3,194.3,8173.4995
13740,13800,439.31,1959.8,216.0,7783.6670
13800,13860,439.23,1959.3,214.1,7769.7598
13860,13920,438.91,1958.2,203.5,7793.3975
13920,13980,442.36,1964.4,214.0,7991.2461
13980,14040,439.86,1961.9,196.1,7835.0674
14040,14100,439.97,1962.0,190.6,7803.5352
14100,14160,440.86,1965.0,190.3,7973.3789
14160,14220,441.42,1966.3,194.3,8022.4092
14220,14280,442.21,1966.8,207.9,8034.8115
14280,14340,441.70,1963.7,208.6,7879.5410
14340,14400,442.98,1966.4,211.3,8058.7271
14400,14460,441.28,1965.3,198.0,7881.5024
14460,14520,442.84,1966.4,202.7,7988.8271
14520,14580,442.97,1967.6,196.0,8055.6772
14580,14640,442.75,1967.4,194.3,7973.7705
14640,14700,443.08,1967.7,196.3,7980.2134
14700,14760,442.63,1965.4,194.7,7943.5044
14760,14820,442.81,1965.0,193.9,8185.7456
14820,14880,442.05,1963.0,190.2,8095.7813
14880,14940,441.34,1961.8,186.8,8059.9468
14940,15000,441.92,1963.3,186.6,7956.9839
15000,15060,442.69,1963.7,189.9,8197.6699
15060,15120,442.24,1963.1,191.0,8038.2202
15120,15180,442.29,1963.5,191.2,7845.0762
15180,15240,442.60,1964.9,189.8,7895.5430
15240,15300,442.07,1965.0,188.9,7833.6035
15300,15360,444.08,1966.5,195.4,7886.5132
15360,15420,443.98,1972.5,189.0,8007.8672
15420,15480,441.93,1966.4,189.0,7841.2656
15480,15540,443.07,1968.7,191.4,7919.9946
15540,15600,442.46,1966.0,195.6,7740.0435
15600,15660,443.18,1967.6,197.6,7746.8672
15660,15720,442.77,1965.9,197.4,7778.2026
15720,15780,443.02,1966.9,194.9,7902.1880
15780,15840,443.09,1966.6,207.2,7725.8896
15840,15900,442.83,1966.4,204.2,7733.5288
15900,15960,441.41,1964.5,199.0,7624.7729
15960,16020,443.02,1968.3,197.7,7772.2417
16020,16080,442.03,1966.0,195.9,7734.8413
16080,16140,442.76,1967.0,199.9,7757.6338
16140,16200,442.40,1966.7,196.4,7723.7603
16200,16260,440.52,1965.3,196.0,7577.3057
16260,16320,440.32,1964.1,193.5,7561.4678
16320,16380,439.92,1962.0,194.3,7475.1021
16380,16440,439.63,1961.5,192.9,7601.8779
16440,16500,437.98,1958.9,193.9,7371.8896
16500,16560,441.21,1959.8,194.4,7828.6475
16560,16620,439.65,1959.9,194.7,7556.5439
16620,16680,439.12,1960.2,197.1,7382.4609
16680,16740,440.13,1959.1,192.5,7673.5493
16740,16800,439.00,1959.9,204.5,7532.7568
16800,16860,441.83,1960.6,207.6,7964.1816
16860,16920,444.98,1960.8,211.1,8217.3418
16920,16980,443.02,1961.2,211.3,8216.4434
16980,17040,441.88,1962.3,245.4,7664.6680
17040,17100,440.50,1961.7,228.9,7660.5513
17100,17160,445.22,1963.1,279.5,7922.9604
17160,17220,442.39,1960.9,238.0,7780.3979
17220,17280,444.69,1961.7,231.7,8091.1987
17280,17340,452.39,1969.7,271.5,8028.4995
17340,17400,450.39,1965.6,245.0,8288.5156
17400,17460,438.23,1959.8,194.6,7355.2178
17460,17520,440.32,1961.7,198.6,7589.8276
17520,17580,440.56,1962.4,194.7,7519.9790
17580,17640,438.25,1960.0,190.2,7453.6953
17640,17700,439.02,1959.9,193.2,7497.1880
17700,17760,438.54,1958.4,191.3,7465.2354
17760,17820,441.01,1959.4,193.9,7718.6372
17820,17880,438.88,1957.8,195.9,7474.3481
17880,17940,438.86,1958.1,195.2,7515.5103
17940,18000,439.51,1957.7,203.7,7733.8735
18000,18060,437.37,1956.5,202.4,7479.3486
18060,18120,439.58,1958.3,200.6,7628.2266
18120,18180,436.60,1955.5,188.6,7407.0557
18180,18240,437.69,1958.0,192.5,7404.3774
18240,18300,442.41,1956.9,234.7,7634.4185
18300,18360,452.30,1961.5,305.7,7783.5254
18360,18420,444.78,1966.3,257.6,7858.2471
18420,18480,438.92,1962.1,196.8,7764.2461
18480,18540,440.64,1965.5,200.2,8012.4463
18540,18600,440.28,1965.7,196.9,7821.1084
18600,18660,440.14,1962.7,194.3,7741.5059
18660,18720,439.05,1959.3,192.7,7756.5620
18720,18780,437.47,1956.3,194.1,7591.2056
18780,18840,437.42,1956.3,186.9,7606.2612
18840,18900,436.77,1956.5,205.6,7447.5356
18900,18960,437.68,1957.2,208.8,7854.2896
18960,19020,437.85,1957.4,194.8,7716.0640
19020,19080,437.90,1957.8,191.9,7632.9683
19080,19140,439.61,1958.2,311.5,7934.2412
19140,19200,440.58,1958.8,459.2,7882.3594
19200,19260,437.92,1957.3,266.8,7485.8774
19260,19320,438.23,1957.6,209.9,7610.7798
19320,19380,438.42,1959.0,202.2,7643.8931
19380,19440,438.61,1958.7,206.3,7543.6260
19440,19500,440.71,1958.8,203.8,7832.4033
19500,19560,439.34,1958.9,209.4,7767.0498
19560,19620,439.53,1959.3,202.0,7913.8618
19620,19680,437.43,1958.2,198.2,7525.2100
19680,19740,438.70,1958.5,197.4,7752.1724
19740,19800,439.38,1959.2,200.2,8092.4346
19800,19860,438.55,1958.6,204.2,7565.7925
19860,19920,442.82,1960.7,203.3,7530.3853
19920,19980,445.38,1965.5,202.5,7669.9419
19980,20040,441.26,1965.9,201.8,7742.2090
20040,20100,442.34,1966.4,203.4,7877.4863
20100,20160,440.90,1965.9,201.8,7748.7954
20160,20220,442.04,1966.1,215.5,7885.0269
20220,20280,445.56,1966.0,213.9,8011.8262
20280,20340,443.18,1970.3,212.8,7789.6201
20340,20400,444.53,1972.0,221.0,7892.4326
20400,20460,446.10,1971.1,219.2,8115.7993
20460,20520,445.81,1971.6,220.8,8097.4619
20520,20580,444.67,1972.0,220.4,8023.1182
20580,20640,445.79,1971.3,222.5,8432.5176
20640,20700,443.80,1970.1,218.3,8232.9893
20700,20760,443.74,1970.0,218.3,8179.0576
20760,20820,443.02,1970.0,228.7,7952.7529
20820,20880,445.29,1972.8,247.5,7943.8291
20880,20940,449.57,1977.5,257.3,8578.6582
20940,21000,451.32,1976.0,250.6,8574.4189
21000,21060,449.30,1976.6,226.2,8515.4043
21060,21120,448.11,1987.1,225.5,8234.9209
21120,21180,445.77,1983.0,223.1,8026.5498
21180,21240,448.47,1977.8,232.0,8167.8589
21240,21300,450.08,1980.6,230.1,8326.4961
21300,21360,447.84,1979.5,223.1,8198.9229
21360,21420,446.71,1978.2,223.5,8127.0210
21420,21480,449.02,1982.0,225.5,8758.7949
21480,21540,450.32,1981.1,240.2,8430.6396
21540,21600,449.20,1980.3,240.9,8194.6689
21600,21660,451.23,1985.3,242.3,8384.9434
21660,21720,452.13,1989.2,236.3,8517.0859
21720,21780,452.98,1990.5,244.3,8520.8672
21780,21840,453.27,1990.0,249.6,8503.5098
21840,21900,454.07,1991.7,249.5,8679.4727
21900,21960,453.37,1994.2,249.0,8551.0078
21960,22020,454.28,1993.4,248.4,8663.6543
22020,22080,454.14,1994.2,246.0,8677.8506
22080,22140,452.11,2001.0,246.5,8633.6211
22140,22200,455.28,1999.4,259.1,9097.3115
22200,22260,453.82,2001.1,258.4,8864.0371
22260,22320,452.39,2001.9,248.5,8560.2803
22320,22380,454.25,2000.8,246.5,8660.9326
22380,22440,452.10,1998.5,246.2,8505.7852
22440,22500,454.47,1997.8,243.3,8664.1016
22500,22560,455.30,1999.5,249.3,8893.0029
22560,22620,456.48,1996.6,249.3,8958.4160
22620,22680,455.84,1996.0,242.2,8777.9219
22680,22740,455.70,1998.8,243.9,8778.9619
22740,22800,463.07,2000.1,245.3,9469.6709
22800,22860,459.04,1998.6,245.2,9116.9717
22860,22920,457.79,1997.5,244.6,8980.9209
22920,22980,458.42,1998.6,247.2,9079.2295
22980,23040,458.66,1999.1,249.6,8954.1797
23040,23100,466.12,2011.0,273.5,9142.0361
23100,23160,466.87,2031.6,272.9,9025.4277
23160,23220,463.19,2008.7,280.4,8833.1201
23220,23280,464.60,2008.7,289.1,8956.4590
23280,23340,467.49,2010.8,284.1,9404.2402
23340,23400,462.70,2007.8,264.2,8991.5156
