CampaignData_and_Merges/R0/CSL_MobileLab_Parked/raw/20240808/USOS-NOAAIodideCIMS-OrgNitrs_MobileLabGround_20240808_RA.ict
37, 1001
Michael A Robinson, Chris Jernigan, Subi Thakali
NOAA ESRL Chemical Sciences Laboratory and CIRES, U. of Colorado
NOAA Iodide CIMS Instrument
USOS
1, 1
2024, 08, 08, 2024, 08, 09
1
starttime_UTC, seconds_past_midnight, seconds_of_day_since_00:00:00_UTC
5
1, 1, 1, 1, 1
-9999, -9999, -9999, -9999, -9999
C4H7NO5_NOAACIMS, pptv, Gas_C4H7NO5_InSitu_S_AVMR, 
ISOPN_NOAACIMS, pptv, Gas_ISOPN_InSitu_S_AVMR, 
C5H10O3_NOAACIMS, pptv, Gas_C5H10O3_InSitu_S_AVMR, 
C5H9NO5_NOAACIMS, pptv, Gas_C5H9NO5_InSitu_S_AVMR, 
C10H17NO4_NOAACIMS, pptv, Gas_C10H17NO4_InSitu_S_AVMR, 
0
18
PI_CONTACT_INFO: 325 Broadway, R/CSD 7, Boulder, Colorado 80305; michael.a.robinson@noaa.gov; chris.jernigan@noaa.gov;
PLATFORM: NOAA CSL Mobile Lab
LOCATION: SLC, Utah
ASSOCIATED_DATA: 1Hz data also available on request.
INSTRUMENT_INFO: NOAA I- ToF CIMS
DATA_INFO: All data in parts per trillion by volume (pptv). 1 Hz data is available upon request.
UNCERTAINTY: TBD
ULOD_FLAG: -7777
ULOD_VALUE: N/A
LLOD_FLAG: -8888
LLOD_VALUE: N/A
DM_CONTACT_INFO: Nathan Howard; nathan.h.howard@noaa.gov
PROJECT_INFO: USOS, summer 2024. https://csl.noaa.gov/groups/csl7/measurements/2024usos/
STIPULATIONS_ON_USE: Users are strongly encouraged to contact the PI for proper data usage.
OTHER_COMMENTS: 
REVISION: RA
RA: Preliminary Data; For in-field use only
starttime_UTC, C4H7NO5_NOAACIMS, ISOPN_NOAACIMS, C5H10O3_NOAACIMS, C5H9NO5_NOAACIMS, C10H17NO4_NOAACIMS
[from data line 641]
 38460,  3.349,  5.575, 27.150, 10.329,  2.722
 38520,  3.233,  5.283, 26.427,  9.997,  2.684
 38580,  3.370,  5.245, 26.579, 10.078,  2.764
 38640, -9999.000, -9999.000, -9999.000, -9999.000, -9999.000
 38700,  3.210,  5.152, 24.225,  9.554,  2.349
 38760,  3.349,  5.659, 26.980, 10.292,  2.622
 38820,  3.346,  5.153, 26.573, 10.282,  2.532
 38880,  3.397,  5.567, 26.890, 10.465,  2.684
 38940,  3.385,  5.420, 26.869,  9.956,  2.667
 39000,  3.338,  5.408, 26.801, 10.114,  2.586
 39060,  3.418,  5.339, 26.275, 10.198,  2.549
 39120,  3.473,  5.600, 28.113, 10.649,  2.611
 39180,  3.370,  5.287, 28.313, 10.168,  2.604
 39240,  3.328,  4.842, 26.590,  9.853,  2.578
 39300,  3.341,  5.194, 26.444, 10.111,  2.469
 39360,  3.343,  5.421, 26.227, 10.282,  2.527
 39420,  3.328,  5.228, 26.041, 10.277,  2.498
 39480,  3.359,  5.277, 26.881, 10.472,  2.572
 39540,  3.418,  5.405, 27.388, 10.793,  2.712
 39600,  3.449,  5.342, 26.855, 11.086,  2.616
 39660,  3.497,  5.359, 26.927, 10.789,  2.543
 39720,  3.450,  5.358, 25.769, 10.490,  2.419
 39780,  3.467,  5.324, 26.553, 10.515,  2.339
 39840,  3.483,  5.638, 26.843, 10.916,  2.365
 39900,  3.452,  5.516, 26.963, 10.730,  2.436
 39960,  3.523,  5.362, 26.949, 11.251,  2.488
 40020,  3.497,  5.363, 26.728, 11.504,  2.494
 40080,  3.555,  5.332, 26.306, 12.097,  2.366
 40140,  3.634,  5.613, 26.667, 11.936,  2.438
 40200,  3.573,  5.715, 27.872, 11.923,  2.375
 40260,  3.609,  5.651, 27.142, 12.446,  2.501
 40320,  3.622,  5.664, 27.112, 12.474,  2.437
 40380,  3.688,  5.365, 26.968, 12.396,  2.606
 40440,  3.662,  5.247, 27.153, 12.375,  2.310
 40500, -9999.000, -9999.000, -9999.000, -9999.000, -9999.000
 40560,  3.505,  5.432, 24.534, 11.424,  2.153
 40620,  3.591,  5.588, 24.917, 12.368,  2.277
 40680,  3.672,  5.718, 25.483, 12.291,  2.294
 40740,  3.641,  5.745, 26.391, 12.163,  2.269
 40800,  3.656,  5.277, 25.748, 12.275,  2.250
 40860,  3.692,  5.577, 25.146, 11.949,  2.258
 40920,  3.670,  5.245, 27.048, 11.892,  2.284
 40980,  3.661,  5.685, 27.608, 12.234,  2.350
 41040,  3.753,  5.562, 26.723, 11.988,  2.285
 41100,  3.769,  5.226, 27.058, 11.735,  2.252
 41160,  3.727,  5.401, 27.127, 11.704,  2.330
 41220,  3.717,  5.311, 25.952, 11.813,  2.167
 41280,  3.701,  5.565, 27.772, 11.543,  2.140
 41340,  3.800,  5.493, 27.300, 11.922,  2.141
 41400,  3.802,  5.315, 27.453, 12.109,  2.024
 41460,  3.906,  5.254, 27.469, 12.472,  2.068
 41520,  3.848,  5.618, 27.644, 12.104,  2.000
 41580,  3.916,  5.228, 27.019, 12.078,  1.908
 41640,  3.927,  5.234, 28.361, 12.504,  1.948
 41700,  4.008,  5.225, 28.745, 12.532,  2.005
 41760,  4.050,  5.557, 29.753, 12.742,  1.788
 41820,  4.001,  5.200, 28.528, 12.304,  1.831
 41880,  3.992,  5.322, 27.999, 12.556,  1.775
 41940,  4.100,  5.320, 27.459, 12.557,  1.782
 42000,  4.045,  5.619, 28.922, 12.715,  1.720
 42060,  3.980,  5.452, 29.236, 12.416,  1.834
 42120,  4.026,  5.602, 29.190, 12.933,  1.812
 42180,  4.007,  5.407, 28.930, 12.636,  1.889
 42240,  4.041,  5.600, 28.674, 12.468,  1.910
 42300,  4.162,  5.457, 27.731, 12.720,  1.831
 42360,  3.935,  5.309, 25.414, 11.996,  1.530
 42420,  3.989,  5.193, 27.592, 12.449,  1.815
 42480,  4.011,  5.435, 28.797, 12.221,  1.856
 42540,  3.990,  5.361, 28.968, 12.313,  1.873
 42600,  4.088,  5.271, 28.044, 12.431,  1.760
 42660,  4.073,  5.342, 29.163, 12.467,  1.861
 42720,  4.004,  5.215, 28.239, 12.330,  1.702
 42780,  4.015,  5.273, 28.225, 12.118,  1.680
 42840,  3.944,  5.560, 28.880, 11.832,  1.829
 42900,  3.923,  5.116, 28.559, 11.923,  1.839
 42960,  4.066,  5.312, 27.462, 12.447,  1.674
 43020,  4.136,  5.221, 28.790, 13.120,  1.680
 43080,  4.036,  5.157, 29.454, 12.690,  1.694
 43140,  3.881,  5.049, 29.295, 11.718,  1.842
 43200,  3.835,  5.020, 29.275, 11.799,  1.925
 43260,  3.948,  5.157, 28.762, 11.735,  1.894
 43320,  3.842,  5.255, 27.885, 11.081,  1.742
 43380,  3.839,  5.504, 26.946, 11.273,  1.869
 43440,  3.873,  5.062, 27.127, 11.538,  1.978
 43500,  3.798,  5.091, 27.544, 11.357,  1.932
 43560,  3.929,  5.246, 27.995, 11.283,  1.947
 43620,  3.863,  5.350, 27.989, 11.374,  1.889
 43680,  3.786,  4.911, 26.197, 11.024,  1.799
 43740,  3.785,  4.906, 25.681, 10.961,  1.768
 43800,  3.779,  4.949, 27.352, 10.993,  1.798
 43860,  3.820,  5.124, 27.844, 11.069,  1.929
 43920,  3.784,  4.984, 26.344, 11.261,  1.641
 43980,  3.765,  5.112, 25.686, 10.913,  1.766
 44040,  3.779,  5.107, 26.667, 10.985,  1.687
 44100,  3.835,  5.201, 26.291, 11.056,  1.595
 44160, -9999.000, -9999.000, -9999.000, -9999.000, -9999.000
 44220,  3.616,  4.769, 24.196, 10.228,  1.784
 44280,  3.745,  4.789, 24.927, 10.695,  1.616
 44340,  3.611,  4.932, 25.348, 10.314,  1.747
 44400,  3.747,  4.964, 25.050, 10.735,  1.732
 44460,  3.753,  4.880, 25.157, 10.595,  1.743
 44520,  3.866,  5.035, 26.131, 11.098,  1.767
 44580,  3.908,  5.367, 28.012, 11.698,  1.774
 44640,  4.025,  5.339, 28.565, 11.752,  1.975
 44700,  4.121,  5.713, 28.585, 12.078,  1.834
 44760,  4.007,  5.177, 28.079, 11.580,  1.836
 44820,  3.917,  5.349, 28.667, 11.368,  1.911
 44880,  4.067,  5.768, 30.009, 11.854,  1.726
 44940,  4.023,  6.064, 31.347, 11.880,  1.994
 45000,  4.066,  5.562, 30.401, 12.144,  1.742
 45060,  3.999,  5.614, 31.097, 12.092,  1.783
 45120,  3.944,  5.302, 30.355, 11.043,  1.761
 45180,  3.913,  5.677, 29.813, 11.004,  1.820
 45240,  3.830,  5.252, 29.566, 10.705,  1.957
 45300,  3.807,  5.330, 29.421, 10.777,  1.901
 45360,  3.790,  5.563, 28.041, 10.546,  1.808
 45420,  3.795,  5.492, 27.896, 10.632,  1.886
 45480,  3.746,  5.315, 28.364, 10.171,  1.871
 45540,  3.729,  5.410, 28.715, 10.260,  1.840
 45600,  3.861,  5.511, 28.039, 10.365,  1.927
 45660,  3.876,  5.697, 27.977, 10.514,  1.895
 45720,  4.001,  5.856, 29.749, 11.390,  1.921
 45780,  3.940,  5.628, 29.017, 10.723,  1.876
 45840,  3.872,  5.523, 29.440, 10.883,  1.984
 45900,  3.893,  5.547, 29.889, 10.439,  1.954
 45960,  3.961,  5.650, 28.900, 10.933,  1.928
 46020, -9999.000, -9999.000, -9999.000, -9999.000, -9999.000
 46080,  3.656,  5.294, 26.918, 10.082,  1.799
 46140,  3.831,  5.184, 27.634, 10.324,  1.831
 46200,  3.807,  5.369, 28.405, 10.148,  1.920
 46260,  3.777,  5.184, 28.223, 10.043,  1.955
 46320,  3.802,  5.057, 27.416, 10.032,  1.909
 46380,  3.863,  4.966, 26.947,  9.818,  1.735
 46440,  3.817,  5.106, 27.723,  9.868,  1.844
 46500,  3.797,  5.024, 27.775,  9.721,  1.868
 46560,  3.674,  4.764, 26.429,  9.543,  1.776
 46620,  3.724,  5.244, 26.735,  9.829,  1.912
 46680,  3.915,  5.162, 26.693, 10.145,  1.823
 46740,  3.873,  4.870, 26.758, 10.118,  1.949
 46800,  3.934,  5.140, 28.090, 10.388,  1.976
 46860,  4.188,  6.336, 31.637, 11.473,  2.592
 46920,  4.444,  7.609, 33.080, 12.551,  2.875
 46980,  4.352,  6.776, 32.085, 11.941,  2.627
 47040,  4.313,  6.646, 32.113, 12.126,  2.772
 47100,  4.093,  6.361, 29.901, 11.258,  2.365
 47160,  4.069,  6.177, 30.776, 10.930,  2.210
 47220,  4.087,  5.793, 30.476, 11.021,  2.268
 47280,  4.046,  5.792, 29.434, 10.710,  2.032
 47340,  4.022,  5.544, 30.185, 10.530,  2.096
 47400,  4.060,  5.440, 27.766, 10.798,  1.988
 47460,  4.041,  5.635, 28.534, 10.330,  1.986
 47520,  3.932,  5.595, 28.801, 10.014,  1.930
 47580,  3.980,  5.457, 28.552, 10.222,  1.980
 47640,  3.892,  5.477, 27.979, 10.236,  1.896
 47700,  3.901,  5.435, 28.038,  9.927,  1.786
 47760,  3.919,  5.180, 27.891, 10.029,  1.724
 47820,  3.976,  5.692, 27.655, 10.058,  1.844
 47880, -9999.000, -9999.000, -9999.000, -9999.000, -9999.000
 47940,  3.873,  5.277, 25.183,  9.196,  1.598
 48000,  3.840,  5.001, 25.589,  9.884,  1.692
 48060,  3.944,  5.291, 25.922,  9.986,  1.790
 48120,  3.960,  4.905, 26.520,  9.731,  1.629
 48180,  3.934,  5.117, 25.016,  9.518,  1.671
 48240,  3.946,  5.233, 27.513,  9.677,  1.717
 48300,  3.893,  5.304, 26.994,  9.536,  1.563
 48360,  3.982,  5.291, 25.905,  9.736,  1.580
 48420,  3.969,  5.582, 25.528,  9.420,  1.591
 48480,  4.123,  5.140, 26.271,  9.952,  1.679
 48540,  4.148,  5.589, 25.636,  9.942,  1.710
 48600,  4.088,  5.143, 25.935,  9.843,  1.822
 48660,  4.040,  5.485, 26.251,  9.839,  1.778
 48720,  3.946,  4.995, 24.898,  9.557,  1.584
 48780,  4.273,  5.085, 24.437, 10.150,  1.729
 48840,  4.505,  5.331, 24.090, 10.383,  2.170
 48900,  4.568,  5.059, 22.680, 10.729,  1.965
 48960,  4.681,  5.513, 24.874, 10.820,  2.259
 49020,  4.664,  5.795, 24.201, 10.741,  2.366
 49080,  4.642,  5.436, 23.453, 10.362,  2.295
 49140,  4.737,  5.420, 23.439, 10.711,  2.608
 49200,  4.812,  5.462, 23.444, 10.451,  2.607
 49260,  4.763,  5.519, 22.114, 10.696,  2.312
 49320,  4.848,  5.725, 23.457, 10.401,  2.691
 49380,  4.894,  5.360, 23.548, 10.502,  2.653
 49440,  4.687,  5.573, 22.513, 10.140,  2.555
 49500,  4.592,  5.503, 23.766,  9.830,  2.338
 49560,  4.586,  5.284, 23.066, 10.003,  2.322
 49620,  4.543,  5.494, 22.358,  9.818,  2.225
 49680,  4.510,  5.441, 24.197,  9.872,  2.192
 49740,  4.372,  6.195, 19.548,  9.352,  1.870
 49800,  4.597,  6.148, 21.868,  9.786,  2.069
 49860,  4.635,  6.233, 22.691, 10.079,  2.220
 49920,  4.583,  6.157, 22.979, 10.377,  2.115
 49980,  4.589,  6.052, 22.650, 10.166,  1.982
 50040,  4.516,  6.377, 23.738, 10.052,  2.144
 50100,  4.468,  6.442, 25.300, 10.015,  2.107
 50160,  4.554,  6.770, 24.930, 10.299,  2.140
 50220,  4.552,  6.503, 24.083, 10.056,  2.039
 50280,  4.576,  6.944, 24.337, 10.439,  2.183
 50340,  4.653,  7.098, 24.634, 10.377,  2.184
 50400,  4.613,  6.811, 25.205, 10.118,  2.107
 50460,  4.727,  6.581, 23.575, 10.196,  1.898
 50520,  4.832,  6.407, 24.792, 10.036,  2.217
 50580,  4.819,  6.331, 23.548,  9.970,  2.249
 50640,  4.819,  5.945, 23.147, 10.262,  2.280
 50700,  4.854,  6.227, 23.764, 10.435,  2.353
 50760,  4.833,  6.415, 22.750, 10.312,  2.362
 50820,  4.983,  6.120, 21.866, 10.131,  2.283
 50880,  4.877,  6.342, 23.777, 10.382,  2.306
 50940,  4.836,  6.261, 24.686, 10.110,  2.450
 51000,  4.911,  6.362, 22.963, 10.333,  2.204
 51060,  4.796,  6.451, 23.351, 10.258,  2.255
 51120,  4.822,  6.288, 22.715, 10.465,  2.259
 51180,  4.822,  6.273, 22.815, 10.527,  2.176
 51240,  4.823,  6.518, 23.298, 10.032,  2.306
 51300,  4.802,  6.431, 22.712, 10.160,  2.198
 51360,  4.829,  6.431, 23.650, 10.409,  2.125
 51420,  4.751,  6.820, 22.979, 10.428,  2.155
 51480,  4.765,  6.490, 23.576, 10.097,  2.170
 51540,  4.631,  5.643, 23.810,  9.618,  2.228
 51600,  4.590,  5.627, 18.845, 10.125,  1.875
 51660,  4.779,  6.338, 21.758, 10.136,  2.049
 51720,  4.865,  6.558, 23.519, 10.224,  2.188
 51780,  4.892,  6.582, 23.682, 10.345,  2.110
 51840,  4.903,  7.166, 24.851, 10.468,  2.325
 51900,  4.920,  6.920, 23.935, 10.385,  2.064
 51960,  4.885,  7.391, 25.026, 10.137,  2.161
 52020,  5.005,  7.702, 25.079, 10.229,  2.223
 52080,  4.929,  8.934, 26.024, 10.288,  2.192
 52140,  4.991,  9.680, 25.968, 10.138,  2.341
 52200,  5.150, 10.149, 26.776, 10.480,  2.496
 52260,  5.233, 10.073, 26.585, 10.589,  2.367
 52320,  5.184, 11.547, 27.078, 10.410,  2.422
 52380,  5.301, 10.513, 25.116, 10.609,  2.516
 52440,  5.322, 11.241, 25.334, 10.650,  2.405
 52500,  5.227, 11.111, 27.568, 10.424,  2.588
 52560,  5.099,  9.096, 25.002, 10.422,  2.410
 52620,  5.259,  9.893, 25.934, 10.568,  2.362
 52680,  5.239,  9.829, 24.882, 10.446,  2.408
 52740,  5.291, 10.119, 24.602, 10.346,  2.331
 52800,  5.277, 10.297, 25.240, 10.597,  2.444
 52860,  5.419, 11.154, 26.795, 10.821,  2.428
 52920,  5.383, 11.579, 26.372, 10.697,  2.377
 52980,  5.439, 11.747, 26.547, 10.772,  2.430
 53040,  5.506, 12.186, 25.349, 10.633,  2.537
 53100,  5.529, 12.381, 26.048, 10.748,  2.440
 53160,  5.558, 12.695, 26.815, 10.670,  2.540
 53220,  5.545, 12.565, 26.595, 10.595,  2.419
 53280,  5.483, 11.963, 26.526, 10.490,  2.430
 53340,  5.415, 12.090, 26.742, 10.581,  2.301
 53400,  5.400, 11.578, 26.050, 10.468,  2.171
 53460,  5.336, 10.286, 22.493, 10.252,  1.866
 53520,  5.424, 10.127, 23.863, 10.497,  1.889
 53580,  5.405, 10.765, 24.818, 10.650,  1.944
 53640,  5.505, 10.108, 24.262, 10.673,  1.961
 53700,  5.406, 10.231, 25.635, 10.881,  1.791
 53760,  5.531, 10.848, 24.387, 10.648,  1.629
 53820,  5.528, 11.252, 25.255, 10.762,  1.545
 53880,  5.588, 11.924, 25.687, 10.893,  1.850
 53940,  5.676, 12.572, 27.196, 10.501,  1.779
 54000,  5.777, 13.597, 25.795, 10.893,  1.856
 54060,  5.616, 12.651, 26.867, 10.809,  1.813
 54120,  5.483, 11.862, 26.393, 10.598,  1.761
 54180,  5.529, 12.515, 25.600, 10.552,  1.777
 54240,  5.536, 12.912, 26.141, 10.909,  1.594
 54300,  5.431, 11.252, 26.773, 10.539,  1.634
 54360,  5.348, 10.585, 25.374, 10.140,  1.611
 54420,  5.495, 11.652, 25.420, 10.328,  1.529
 54480,  5.345, 11.791, 26.171, 10.129,  1.592
 54540,  5.388, 11.387, 26.257, 10.205,  1.449
 54600,  5.437, 11.618, 25.955, 10.047,  1.404
 54660,  5.483, 11.767, 25.923, 10.312,  1.262
 54720,  5.361, 10.635, 26.131, 10.152,  1.334
 54780,  5.262, 10.645, 25.540, 10.254,  1.218
 54840,  5.413, 11.250, 26.267, 10.441,  1.394
 54900,  5.392, 11.010, 24.696, 10.218,  1.203
 54960,  5.351, 10.437, 25.721, 10.051,  1.194
 55020,  5.446, 10.704, 27.252, 10.160,  1.176
 55080,  5.352, 10.371, 26.790,  9.907,  1.181
 55140, -9999.000, -9999.000, -9999.000, -9999.000, -9999.000
 55200, -9999.000, -9999.000, -9999.000, -9999.000, -9999.000
 55260, -9999.000, -9999.000, -9999.000, -9999.000, -9999.000
 55320, -9999.000, -9999.000, -9999.000, -9999.000, -9999.000
 55380, -9999.000, -9999.000, -9999.000, -9999.000, -9999.000
 55440, -9999.000, -9999.000, -9999.000, -9999.000, -9999.000
 55500, -9999.000, -9999.000, -9999.000, -9999.000, -9999.000
 55560, -9999.000, -9999.000, -9999.000, -9999.000, -9999.000
 55620, -9999.000, -9999.000, -9999.000, -9999.000, -9999.000
 55680, -9999.000, -9999.000, -9999.000, -9999.000, -9999.000
 55740, -9999.000, -9999.000, -9999.000, -9999.000, -9999.000
 55800, -9999.000, -9999.000, -9999.000, -9999.000, -9999.000
 55860, -9999.000, -9999.000, -9999.000, -9999.000, -9999.000
 55920, -9999.000, -9999.000, -9999.000, -9999.000, -9999.000
 55980, -9999.000, -9999.000, -9999.000, -9999.000, -9999.000
 56040, -9999.000, -9999.000, -9999.000, -9999.000, -9999.000
 56100, -9999.000, -9999.000, -9999.000, -9999.000, -9999.000
 56160, -9999.000, -9999.000, -9999.000, -9999.000, -9999.000
 56220, -9999.000, -9999.000, -9999.000, -9999.000, -9999.000
 56280, -9999.000, -9999.000, -9999.000, -9999.000, -9999.000
 56340, -9999.000, -9999.000, -9999.000, -9999.000, -9999.000
 56400, 10.376, 44.280, 59.565, 15.590,  2.800
 56460,  9.837, 38.700, 50.010, 14.102,  2.249
 56520,  9.752, 40.086, 49.304, 13.985,  2.229
 56580,  9.615, 38.881, 45.680, 14.054,  2.176
 56640,  9.135, 37.388, 40.713, 12.433,  1.905
 56700,  9.459, 40.289, 45.384, 13.198,  2.228
 56760,  9.804, 41.294, 45.177, 13.489,  2.287
 56820,  9.859, 40.719, 43.334, 13.542,  2.273
 56880, 10.000, 39.445, 42.432, 13.751,  2.188
 56940, 10.159, 43.787, 41.666, 13.544,  2.216
 57000, 10.252, 43.867, 42.574, 13.398,  2.285
 57060, 10.074, 44.207, 42.091, 13.517,  2.355
 57120,  9.446, 32.356, 39.884, 13.337,  2.159
 57180,  9.063, 25.536, 37.641, 13.369,  1.647
 57240,  9.192, 27.063, 36.867, 13.256,  1.706
 57300,  9.401, 31.006, 36.574, 13.371,  1.790
 57360,  9.337, 29.449, 37.037, 13.486,  1.844
 57420,  9.028, 26.367, 35.750, 13.490,  1.652
 57480,  9.121, 25.931, 35.191, 13.317,  1.745
 57540,  9.069, 23.682, 36.144, 13.294,  1.664
 57600,  8.937, 19.838, 35.294, 13.567,  1.654
 57660,  9.051, 21.411, 34.931, 13.599,  1.389
 57720,  9.205, 22.718, 34.797, 13.719,  1.651
 57780,  9.346, 24.797, 35.608, 13.865,  1.735
 57840,  9.324, 27.241, 34.577, 13.604,  1.761
 57900,  9.566, 28.854, 33.098, 13.459,  1.707
 57960,  9.557, 28.517, 34.946, 13.631,  1.652
 58020,  9.383, 26.921, 34.544, 13.535,  1.761
 58080,  9.406, 25.904, 35.101, 13.667,  1.565
 58140,  9.459, 24.748, 37.005, 13.801,  1.623
 58200,  9.400, 25.827, 35.375, 13.643,  1.603
