CampaignData_and_Merges/R0/CSL_MobileLab_Parked/raw/20240808/USOS-POPS_MobileLabGround_20240808_R0.ict
78, 1001
Thornberry, T. D.
NOAA Chemical Sciences Laboratory
Portable Optical Particle Spectrometer (POPS)
USOS
1, 1
2024, 08, 08, 2025, 05, 08
60
Time_Start, seconds_past_midnight, Start time of measurement
45
1, 1, 1, 1, 1, 1, 1, 1, 1, 1, 1, 1, 1, 1, 1, 1, 1, 1, 1, 1, 1, 1, 1, 1, 1, 1, 1, 1, 1, 1, 1, 1, 1, 1, 1, 1, 1, 1, 1, 1, 1, 1, 1, 1, 1
-9999, -9999, -9999, -9999, -9999, -9999, -9999, -9999, -9999, -9999, -9999, -9999, -9999, -9999, -9999, -9999, -9999, -9999, -9999, -9999, -9999, -9999, -9999, -9999, -9999, -9999, -9999, -9999, -9999, -9999, -9999, -9999, -9999, -9999, -9999, -9999, -9999, -9999, -9999, -9999, -9999, -9999, -9999, -9999, -9999
Time_Stop, seconds_past_midnight, Stop time of measurement
Time_Mid, seconds_past_midnight, Mid time of measurement
Press_mb, mb, Pressure reported (mb)
Temp_C, degrees C, POPS temperature measurement
Aerosol_concentration, cm^-3, Aerosol concentration
Surface_Area_Conc, um^2 cm^-3, Surface area concentration
Volume_density, um^3 cm^-3, Volume density
Effective_radius, um, Effective radius
Extinction, km^-1, Extinction
Bin01, cm^-3, particle concentration in size range [1401 - 146.3 nm]
Bin02, cm^-3, particle concentration in size range [146.3 - 152.8 nm]
Bin03, cm^-3, particle concentration in size range [152.8 - 159.6 nm]
Bin04, cm^-3, particle concentration in size range [159.6 - 166.8 nm]
Bin05, cm^-3, particle concentration in size range [166.8 - 174.2 nm]
Bin06, cm^-3, particle concentration in size range [174.2 - 181.9 nm]
Bin07, cm^-3, particle concentration in size range [181.9 - 190.0 nm]
Bin08, cm^-3, particle concentration in size range [190.0 - 198.5 nm]
Bin09, cm^-3, particle concentration in size range [198.5 - 207.4 nm]
Bin10, cm^-3, particle concentration in size range [207.4 - 216.6 nm]
Bin11, cm^-3, particle concentration in size range [216.6 - 226.2 nm]
Bin12, cm^-3, particle concentration in size range [226.2 - 236.3 nm]
Bin13, cm^-3, particle concentration in size range [236.3 - 246.8 nm]
Bin14, cm^-3, particle concentration in size range [246.8 - 257.8 nm]
Bin15, cm^-3, particle concentration in size range [257.8 - 269.3 nm]
Bin16, cm^-3, particle concentration in size range [269.3 - 343.4 nm]
Bin17, cm^-3, particle concentration in size range [343.4 - 450.7 nm]
Bin18, cm^-3, particle concentration in size range [450.7 - 525.9 nm]
Bin19, cm^-3, particle concentration in size range [525.9 - 618.5 nm]
Bin20, cm^-3, particle concentration in size range [618.5 - 710.0 nm]
Bin21, cm^-3, particle concentration in size range [710.0 - 822.7 nm]
Bin22, cm^-3, particle concentration in size range [822.7 - 885.9 nm]
Bin23, cm^-3, particle concentration in size range [885.9 - 953.9 nm]
Bin24, cm^-3, particle concentration in size range [953.9 - 1027.2 nm]
Bin25, cm^-3, particle concentration in size range [1027.2 - 1106.1 nm]
Bin26, cm^-3, particle concentration in size range [1106.1 - 1191.0 nm]
Bin27, cm^-3, particle concentration in size range [1191.0 - 1282.5 nm]
Bin28, cm^-3, particle concentration in size range [1282.5 - 1381.0 nm]
Bin29, cm^-3, particle concentration in size range [1381.0 - 1487.1 nm]
Bin30, cm^-3, particle concentration in size range [1487.1 - 1601.3 nm]
Bin31, cm^-3, particle concentration in size range [1601.3 - 1724.3 nm]
[...]
PLATFORM: NOAA CSL Mobile Lab
LOCATION: USOS
ASSOCIATED_DATA: N/A
INSTRUMENT_INFO: Printed Optical Particle Spectrometer counts particles from 140 - 2500 nm in diameter 
DATA_INFO: Particle concentrations reported in number per cubic centimeter,1 Hz data
UNCERTAINTY: Counting uncertainty dominated by air flow, less than 5 percent. Measurement range is ~0 - 3000 per cm3 (varies depending on flow rate- manufacturer quotes 1250 per cm3 at 1.667 cc/s)
ULOD_FLAG: -7777
ULOD_VALUE: N/A
LLOD_FLAG: -8888
LLOD_VALUE: N/A
DM_CONTACT_INFO: Troy Thornberry, 325 Broadway R/CSL6, Boulder, CO 80305; troy.thornberry@noaa.gov; 303-497-3373
PROJECT_INFO: USOS, Utah POPS data from NOAA CSL Mobile Lab
STIPULATIONS_ON_USE: Please contact the PIs for questions regarding applications and uncertainties
OTHER_COMMENTS: POPS bin Edges (nm):  140.1, 146.3, 152.8, 159.6, 166.8, 174.2, 181.9, 190.0, 198.5, 207.4, 216.6, 226.2, 236.3, 246.8, 257.8, 269.3, 343.4, 450.7, 525.9, 618.5, 710.0, 822.7, 885.9, 953.9, 1027.2, 1106.1, 1191.0, 1282.5, 1381.0, 1487.1, 1601.3, 1724.3, 1856.7, 1999.3, 2152.8, 2318.2, 2496.2
Calculations assume organic aerosol refractive index of 1.52+0.00j and extinction wavelength = 532 nm
REVISION: R0
R0: Final data
Time_Start, Time_Stop, Time_Mid, Press_mb, Temp_C, Aerosol_concentration, Surface_Area_Conc, Volume_density, Effective_radius, Extinction, Bin01, Bin02, Bin03, Bin04, Bin05, Bin06, Bin07, Bin08, Bin09, Bin10, Bin11, Bin12, Bin13, Bin14, Bin15, Bin16, Bin17, Bin18, Bin19, Bin20, Bin21, Bin22, Bin23, Bin24, Bin25, Bin26, Bin27, Bin28, Bin29, Bin30, Bin31, Bin32, Bin33, Bin34, Bin35, Bin36
[from data line 897]
53820,53879,53850,873.252,32.123,1154.755,241.376,13.905,0.173,0.093,58.132744,56.796619,55.923721,56.512718,57.051849,57.429176,55.631939,56.969704,55.477386,55.736790,57.518566,60.184021,60.472408,57.791119,49.147846,188.091583,73.079140,30.215584,9.357462,0.968995,0.776160,0.343905,0.268845,0.190857,0.145198,0.089788,0.073485,0.033468,0.050723,0.091187,0.055476,0.068185,0.027913,0.017162,0.022255,0.011299
53880,53939,53910,873.288,32.320,1164.375,244.262,14.272,0.175,0.094,57.339870,56.574825,55.631691,56.701702,57.476009,57.343834,55.750065,56.931210,56.237782,57.262684,57.734493,60.825706,60.684464,59.819672,50.394142,189.996124,75.318901,29.738398,9.446830,1.068768,0.617373,0.329534,0.271048,0.160666,0.167670,0.061488,0.072044,0.050578,0.073147,0.049971,0.044203,0.078420,0.028080,0.038917,0.011019,0.044567
53940,53999,53970,873.291,32.470,1166.704,244.815,13.984,0.171,0.095,55.843407,56.967609,54.574207,56.464970,58.279961,57.335457,57.461426,56.890625,55.940659,56.979397,57.426926,61.726387,62.158009,58.673008,50.500713,190.018188,76.565239,30.190804,9.632057,1.089043,0.646666,0.401295,0.184433,0.106281,0.151291,0.060665,0.084215,0.044758,0.050699,0.039286,0.066351,0.021937,0.055348,0.005631,0.033118,0.033584
54000,54059,54030,873.328,32.635,1169.369,245.782,14.245,0.174,0.095,57.213612,56.077515,55.133762,57.309952,58.424973,56.666161,57.503723,56.265442,55.719936,57.585590,57.624695,60.299820,61.777031,59.860561,50.911507,191.944061,76.509926,30.227377,9.106156,1.010918,0.650094,0.367291,0.294922,0.171777,0.127976,0.066860,0.094280,0.100080,0.055708,0.055516,0.022350,0.049854,0.055795,0.016653,0.033137,0.033397
54060,54119,54090,873.362,32.963,1162.021,243.922,14.111,0.173,0.094,56.379372,56.149548,54.905979,56.948730,56.641533,56.948883,57.141468,57.271515,56.834980,57.155853,57.193287,60.561749,61.700142,58.324478,49.887817,190.298233,75.432137,29.655268,9.319515,1.160383,0.615927,0.356229,0.238159,0.172428,0.145720,0.088133,0.083000,0.094069,0.033540,0.077912,0.050356,0.038914,0.016636,0.021582,0.033629,0.044046
54120,54179,54150,873.389,33.357,1163.355,244.605,14.083,0.173,0.094,55.669258,55.735237,53.671043,56.516258,57.150249,57.803986,56.480732,57.629879,56.759251,56.451992,57.009602,60.996605,61.515388,59.639400,50.659908,191.257050,75.916992,29.959372,9.464964,1.051660,0.563168,0.277734,0.284116,0.211230,0.128004,0.088501,0.061450,0.067301,0.055881,0.050073,0.089496,0.032723,0.016678,0.016798,0.033268,0.039148
54180,54239,54210,873.387,33.271,1175.583,246.608,14.211,0.172,0.095,56.253746,56.027340,56.451130,57.715744,59.009411,57.656105,57.502270,58.027996,56.896358,58.048447,58.107414,60.776890,61.609707,59.569210,50.827122,191.514801,77.323448,29.686880,9.288331,1.121901,0.669522,0.354552,0.277461,0.192302,0.122009,0.071843,0.055302,0.049433,0.043933,0.093629,0.089190,0.028102,0.032960,0.032981,0.016575,0.038877
54240,54299,54270,873.383,33.281,1178.792,246.517,14.088,0.171,0.095,58.574692,55.973099,56.973907,57.426880,57.982124,58.253628,57.560627,58.818752,56.598324,56.727360,58.079315,60.087139,62.910946,59.400154,51.554382,193.926697,75.031288,29.762634,9.980529,1.120477,0.647687,0.354456,0.224516,0.181115,0.123478,0.068451,0.107110,0.033489,0.056293,0.050825,0.055834,0.033352,0.027949,0.039094,0.005557,0.039456
54300,54359,54330,873.381,33.204,1201.055,250.937,14.321,0.171,0.097,58.905167,58.191154,57.107964,57.756149,59.371994,60.640018,59.361256,59.318241,57.509857,57.794682,59.927956,62.381046,63.412056,61.143524,51.975365,194.138077,78.144470,31.106682,9.824807,1.059730,0.616164,0.389336,0.207116,0.138775,0.128029,0.065882,0.077596,0.050369,0.061620,0.055492,0.055242,0.050586,0.010719,0.028316,0.016699,0.032883
54360,54419,54390,873.385,33.360,1197.508,251.613,14.554,0.173,0.097,59.346306,57.890579,56.899349,58.291756,58.867893,58.634243,58.160038,58.391266,58.371426,57.944553,59.064602,62.214218,64.137352,60.164867,51.467762,196.134583,76.607216,31.669399,10.033298,1.206025,0.583531,0.282950,0.245944,0.156163,0.133510,0.101570,0.094682,0.088784,0.028041,0.073011,0.050138,0.044628,0.027590,0.027244,0.044553,0.028230
54420,54479,54450,873.367,33.365,1205.099,251.925,14.604,0.174,0.097,60.336117,59.466911,58.314346,59.475925,59.583763,58.790485,58.769920,58.200760,58.048607,58.968052,59.355541,62.327869,63.760044,61.218945,52.368877,195.431137,76.751053,31.092783,9.635930,1.016888,0.694868,0.400666,0.226028,0.118841,0.129423,0.084935,0.090554,0.056831,0.061818,0.067998,0.056079,0.044974,0.061935,0.022514,0.034323,0.033769
54480,54539,54510,873.343,33.294,1218.950,253.456,14.264,0.169,0.097,60.988407,58.673279,58.424988,59.325619,61.541531,59.809673,59.748203,59.686104,59.232597,59.113503,61.266022,65.112549,63.854141,61.512127,52.089920,196.130234,78.082954,31.803904,9.509944,1.005738,0.699465,0.294130,0.232886,0.161782,0.127352,0.105017,0.055333,0.072575,0.072022,0.033569,0.061693,0.016543,0.050431,0.017040,0.016760,0.022088
54540,54599,54570,873.337,33.259,1204.384,253.868,14.716,0.174,0.099,58.249062,57.948807,57.592121,59.362183,58.728642,59.825378,57.588570,58.776497,58.973675,59.036613,59.343651,62.967525,62.930702,60.145329,52.501003,196.333817,78.150543,32.287834,10.452436,1.061274,0.722939,0.329616,0.274108,0.121894,0.139510,0.050342,0.033419,0.089374,0.028259,0.066727,0.089470,0.049709,0.049350,0.027950,0.033552,0.021686
54600,54659,54630,873.338,33.407,1204.106,252.391,14.424,0.171,0.097,57.824100,57.945679,57.649731,58.193424,60.112892,60.599903,57.944981,58.555878,57.823776,59.239983,59.485039,62.993523,64.640831,61.392735,51.569538,196.654922,77.073578,31.162737,9.899326,1.058756,0.694078,0.355522,0.288274,0.180446,0.180383,0.101380,0.085003,0.062117,0.073147,0.079110,0.050462,0.044946,0.050698,0.016692,0.005824,0.016990
54660,54719,54690,873.323,33.422,1213.457,253.684,14.621,0.173,0.098,58.599667,58.071861,57.634296,60.202374,59.593258,60.008400,60.113808,60.009415,58.888958,59.474789,60.285107,63.913395,64.808907,60.952980,52.536476,197.378525,76.344421,31.306345,10.194468,1.052334,0.694690,0.348659,0.236066,0.090458,0.146423,0.085538,0.101177,0.044587,0.034233,0.050791,0.085012,0.039699,0.022470,0.017238,0.062054,0.028051
54720,54779,54750,873.322,33.608,1213.242,252.620,14.355,0.170,0.097,57.700985,56.981049,57.873241,60.648586,61.079857,60.115269,59.876469,59.679363,59.614960,60.450336,60.074924,63.916378,63.693386,62.758713,52.193470,195.870300,76.765816,30.988186,9.777449,1.086463,0.766495,0.338023,0.216374,0.160798,0.144671,0.071662,0.038691,0.066768,0.038859,0.049841,0.055322,0.028184,0.022341,0.038948,0.033110,0.027453
54780,54839,54810,873.307,33.523,1211.340,253.341,14.526,0.172,0.097,56.756584,57.665714,56.891819,58.132847,60.540390,60.060757,59.527008,59.479958,59.397388,59.314552,61.150322,63.832642,64.657036,63.010624,51.904774,196.486862,78.810562,30.850927,9.820858,1.117122,0.563107,0.355512,0.244668,0.215988,0.077924,0.055669,0.038431,0.044878,0.044277,0.067244,0.049971,0.055865,0.044604,0.011074,0.011280,0.050008
54840,54899,54870,873.297,33.499,1223.946,254.855,14.328,0.168,0.098,57.310509,58.059769,58.135460,59.483711,60.606300,60.547935,60.118771,59.889687,60.966648,60.138844,60.827751,64.683334,65.261154,63.113346,53.358032,199.647064,77.549324,30.946329,10.307042,1.032902,0.658589,0.348626,0.234604,0.127927,0.128130,0.088925,0.055165,0.055187,0.061384,0.044330,0.038418,0.038168,0.033150,0.010888,0.005556,0.033503
54900,54959,54930,873.281,33.371,1270.410,258.263,14.392,0.167,0.098,70.904465,67.120461,64.922523,65.832039,64.503799,64.049583,61.344082,61.722809,60.358643,60.765335,62.438156,65.922363,65.042755,62.840954,53.278656,196.950638,77.699440,31.441200,10.288022,1.030137,0.672366,0.351909,0.255542,0.116797,0.116714,0.139261,0.028254,0.039229,0.027783,0.033226,0.044477,0.044725,0.017047,0.033482,0.016505,0.016837
54960,55019,54990,873.273,33.037,1231.706,256.571,14.646,0.171,0.098,58.864277,58.866985,58.962921,60.670696,61.249500,62.237789,61.419514,60.701439,60.304184,60.378464,61.949455,65.117149,65.086845,62.331585,52.236835,197.588806,79.293121,31.599915,9.760789,0.999017,0.576744,0.360859,0.254452,0.121541,0.122547,0.133405,0.077808,0.061125,0.111420,0.039310,0.094490,0.055509,0.027891,0.016496,0.022149,0.011284
55020,55079,55050,873.264,32.833,1231.970,256.864,14.236,0.166,0.099,57.855564,57.756050,57.919552,60.263802,61.450871,60.830860,60.680836,60.284657,59.963612,61.760368,62.038345,63.622631,64.950600,63.627773,53.908310,200.374069,79.166153,32.357075,10.027727,1.147727,0.693021,0.335005,0.273414,0.161334,0.111334,0.084082,0.056120,0.039628,0.067031,0.033288,0.061477,0.022335,0.011300,0.005556,0.016876,0.011262
55080,55139,55110,873.239,32.792,1228.556,255.547,14.380,0.169,0.098,57.799843,58.779099,57.585705,59.530594,60.316502,61.221622,61.016087,61.932449,60.555340,60.670776,62.154369,65.547966,65.504494,61.962067,52.155071,199.814621,77.502609,31.450474,9.857433,1.091077,0.730444,0.443047,0.170961,0.160170,0.143667,0.121516,0.077499,0.022377,0.038499,0.011130,0.055610,0.033283,0.038828,0.022188,0.000000,0.038609
55140,55199,55170,873.192,32.733,1232.516,255.212,14.221,0.167,0.097,58.121864,58.635361,58.129005,61.111340,60.708324,61.532475,60.710289,61.035187,60.534389,61.497646,62.856255,65.533440,67.088318,63.752621,52.368225,197.402039,77.028450,31.717201,9.846213,1.034502,0.625318,0.266797,0.199791,0.155541,0.105018,0.082925,0.093948,0.088929,0.071704,0.027439,0.066459,0.022223,0.016614,0.011205,0.022000,0.016763
55200,55259,55230,873.163,32.631,1227.317,254.663,14.324,0.169,0.097,58.000526,57.968929,57.919014,60.169815,61.941093,61.487289,60.409084,60.810081,60.977650,60.924675,62.787178,65.543083,65.476723,62.960209,52.489983,195.743851,77.472351,31.317142,9.591834,1.182370,0.833001,0.393391,0.149960,0.177988,0.083578,0.099826,0.083125,0.038536,0.033408,0.066500,0.066572,0.033755,0.039328,0.005612,0.016614,0.022224
55260,55319,55290,873.132,32.541,1224.264,255.478,14.513,0.170,0.098,57.075340,57.688465,57.624622,59.695671,61.048347,61.725235,60.467110,61.714233,59.540775,59.831257,61.306206,65.776428,65.650848,62.357059,52.283085,198.134674,77.315857,31.566151,10.329947,1.091529,0.642375,0.335562,0.278064,0.133788,0.127310,0.117128,0.100546,0.027726,0.044296,0.022141,0.077397,0.038955,0.033685,0.000000,0.022113,0.039578
55320,55379,55350,873.114,32.345,1222.768,254.033,14.266,0.168,0.097,56.456608,57.968426,57.869492,59.343987,60.609436,61.258583,59.476196,61.562958,60.807037,61.186359,62.603764,65.609810,65.698112,62.669018,52.617386,195.751724,77.135429,31.107126,9.935582,1.053892,0.669470,0.344580,0.282736,0.146872,0.140759,0.044815,0.067975,0.050834,0.068087,0.033683,0.084682,0.033471,0.039283,0.017011,0.005503,0.017240
55380,55439,55410,873.093,32.271,1222.873,253.194,14.244,0.169,0.096,57.926823,57.648285,56.918552,60.020054,60.912220,62.337002,59.635727,62.096394,59.958164,61.411861,62.841049,65.713875,64.761879,62.517593,52.567745,195.397995,76.122208,31.111086,9.912696,1.065006,0.721114,0.326744,0.208464,0.168111,0.129895,0.067300,0.062005,0.095605,0.033655,0.016920,0.038861,0.050350,0.028048,0.005726,0.005650,0.039102
55440,55499,55470,873.095,32.352,1233.403,258.577,14.983,0.174,0.100,55.884602,58.535595,58.170815,59.729534,62.494377,60.963482,60.879028,60.894722,60.472973,62.799343,62.160923,65.330063,66.049995,63.712914,53.368198,197.918854,78.313484,32.115459,10.332115,1.134404,0.673168,0.343608,0.259851,0.135936,0.141609,0.062323,0.079284,0.056639,0.045266,0.061523,0.101791,0.055866,0.039840,0.022470,0.022659,0.039685
55500,55559,55530,873.118,32.297,1237.774,258.178,14.691,0.171,0.099,56.716599,57.144680,57.980030,60.526447,61.617874,61.998184,60.180195,61.429237,62.272285,61.526947,62.988758,65.996185,67.408463,64.792213,53.760628,198.126465,78.009491,32.024700,9.974012,1.197650,0.667065,0.398690,0.266374,0.155177,0.121397,0.100122,0.055714,0.038586,0.027613,0.067083,0.050175,0.050369,0.033287,0.016578,0.026958,0.027620
55560,55619,55590,873.129,32.209,1221.734,254.181,14.286,0.168,0.097,56.746075,56.944828,58.017586,58.857800,60.404099,61.096786,60.527168,60.472343,61.285408,60.223358,61.702122,64.941856,65.559433,63.164318,53.451794,196.079498,77.996185,31.604225,9.789050,0.954247,0.682410,0.211630,0.244013,0.195422,0.111343,0.077570,0.099641,0.027882,0.027767,0.038862,0.066997,0.033191,0.038507,0.027586,0.016779,0.016667
55620,55679,55650,873.160,32.174,1229.531,256.908,14.601,0.170,0.099,56.965401,56.525631,56.564377,59.769703,60.986637,60.544014,60.274029,61.394402,59.800529,61.977303,61.187233,66.364403,65.988083,64.503571,54.181252,199.540726,77.971039,31.970251,10.005307,1.000494,0.717910,0.288127,0.220279,0.169377,0.152704,0.067782,0.073448,0.039936,0.039179,0.028181,0.073515,0.056728,0.022716,0.017047,0.022733,0.028125
55680,55739,55710,873.193,32.232,1229.754,257.399,14.299,0.167,0.099,55.048443,56.508217,57.206177,58.402359,60.555386,60.250893,59.929787,60.588776,60.464542,60.222282,61.809395,66.624756,67.156403,64.120865,54.420120,201.312088,79.057823,32.878132,10.424048,0.985393,0.682401,0.313175,0.183016,0.160502,0.088862,0.077373,0.033179,0.022268,0.027267,0.066574,0.044288,0.038988,0.010948,0.005612,0.017008,0.016225
55740,55799,55770,873.221,32.295,1229.882,257.795,14.390,0.167,0.099,55.388596,56.691086,56.584602,59.048325,59.737572,60.009285,59.545841,61.486328,60.526550,62.393082,62.520763,66.008965,67.511513,64.639130,54.080456,198.876923,78.970299,32.154987,10.516252,1.154508,0.764939,0.271162,0.177845,0.172518,0.183043,0.084241,0.088785,0.049614,0.055814,0.050253,0.055086,0.022206,0.028044,0.005767,0.016484,0.010876
55800,55859,55830,873.234,32.302,1213.257,254.348,14.224,0.168,0.098,55.090172,56.117374,56.914120,57.367947,59.097744,59.085861,58.720444,59.998203,59.050716,60.687012,61.100449,65.288185,66.659615,63.911316,53.380482,197.715927,78.236000,31.906321,9.799903,1.179908,0.577114,0.333662,0.270897,0.210762,0.122101,0.089359,0.028005,0.060730,0.055579,0.039096,0.050303,0.016432,0.044544,0.027512,0.011399,0.011281
55860,55919,55890,873.252,32.255,1204.599,254.096,14.729,0.174,0.098,55.649872,54.761894,56.396198,57.283695,57.845337,59.775650,58.232910,60.232849,59.507282,60.521820,61.107697,64.019173,65.187309,62.489750,52.536098,196.173111,78.579216,30.977493,9.959176,1.111513,0.743596,0.419053,0.321318,0.138593,0.093919,0.066600,0.060780,0.032886,0.067083,0.038765,0.089809,0.033713,0.033150,0.022679,0.032802,0.055380
55920,55979,55950,873.233,32.238,1207.533,257.235,14.718,0.171,0.100,53.000675,53.802422,52.779194,56.189983,58.282940,58.187347,58.928040,58.776417,58.357590,59.152538,61.504642,66.034599,66.847961,64.417450,53.965923,200.646561,80.537819,32.615501,10.241205,1.125913,0.816384,0.381665,0.238501,0.137793,0.121911,0.055397,0.070959,0.027281,0.027371,0.028529,0.083539,0.027560,0.027749,0.033522,0.016742,0.044155
55980,56039,56010,873.241,32.199,1211.243,259.087,14.851,0.172,0.102,54.208652,52.505398,55.900749,55.990944,57.885166,56.709591,58.711052,57.504887,58.005360,59.858524,60.641712,65.454300,67.107063,64.592583,54.678024,203.559952,79.829674,34.189568,10.885726,1.070201,0.587500,0.321761,0.265727,0.167441,0.099719,0.083202,0.060656,0.078225,0.027600,0.072160,0.044571,0.045032,0.033559,0.016524,0.021863,0.028069
56040,56099,56070,873.221,32.298,1224.900,263.793,15.282,0.174,0.104,53.137642,52.609402,53.953655,56.814697,59.078609,58.971577,58.109848,59.099888,60.181767,60.266876,61.989746,66.361809,68.008377,65.546532,55.636517,204.006500,81.771187,34.614914,11.419090,1.095143,0.690988,0.300072,0.306088,0.182948,0.160699,0.105598,0.072739,0.061394,0.061260,0.067039,0.066972,0.028030,0.039039,0.022513,0.016649,0.044233
