CampaignData_and_Merges/R0/CSL_MobileLab_Parked/raw/20240808/USOS-POPS_MobileLabGround_20240808_R0.ict
78, 1001
Thornberry, T. D.
NOAA Chemical Sciences Laboratory
Portable Optical Particle Spectrometer (POPS)
USOS
1, 1
2024, 08, 08, 2025, 05, 08
60
Time_Start, seconds_past_midnight, Start time of measurement
45
1, 1, 1, 1, 1, 1, 1, 1, 1, 1, 1, 1, 1, 1, 1, 1, 1, 1, 1, 1, 1, 1, 1, 1, 1, 1, 1, 1, 1, 1, 1, 1, 1, 1, 1, 1, 1, 1, 1, 1, 1, 1, 1, 1, 1
-9999, -9999, -9999, -9999, -9999, -9999, -9999, -9999, -9999, -9999, -9999, -9999, -9999, -9999, -9999, -9999, -9999, -9999, -9999, -9999, -9999, -9999, -9999, -9999, -9999, -9999, -9999, -9999, -9999, -9999, -9999, -9999, -9999, -9999, -9999, -9999, -9999, -9999, -9999, -9999, -9999, -9999, -9999, -9999, -9999
Time_Stop, seconds_past_midnight, Stop time of measurement
Time_Mid, seconds_past_midnight, Mid time of measurement
Press_mb, mb, Pressure reported (mb)
Temp_C, degrees C, POPS temperature measurement
Aerosol_concentration, cm^-3, Aerosol concentration
Surface_Area_Conc, um^2 cm^-3, Surface area concentration
Volume_density, um^3 cm^-3, Volume density
Effective_radius, um, Effective radius
Extinction, km^-1, Extinction
Bin01, cm^-3, particle concentration in size range [1401 - 146.3 nm]
Bin02, cm^-3, particle concentration in size range [146.3 - 152.8 nm]
Bin03, cm^-3, particle concentration in size range [152.8 - 159.6 nm]
Bin04, cm^-3, particle concentration in size range [159.6 - 166.8 nm]
Bin05, cm^-3, particle concentration in size range [166.8 - 174.2 nm]
Bin06, cm^-3, particle concentration in size range [174.2 - 181.9 nm]
Bin07, cm^-3, particle concentration in size range [181.9 - 190.0 nm]
Bin08, cm^-3, particle concentration in size range [190.0 - 198.5 nm]
Bin09, cm^-3, particle concentration in size range [198.5 - 207.4 nm]
Bin10, cm^-3, particle concentration in size range [207.4 - 216.6 nm]
Bin11, cm^-3, particle concentration in size range [216.6 - 226.2 nm]
Bin12, cm^-3, particle concentration in size range [226.2 - 236.3 nm]
Bin13, cm^-3, particle concentration in size range [236.3 - 246.8 nm]
Bin14, cm^-3, particle concentration in size range [246.8 - 257.8 nm]
Bin15, cm^-3, particle concentration in size range [257.8 - 269.3 nm]
Bin16, cm^-3, particle concentration in size range [269.3 - 343.4 nm]
Bin17, cm^-3, particle concentration in size range [343.4 - 450.7 nm]
Bin18, cm^-3, particle concentration in size range [450.7 - 525.9 nm]
Bin19, cm^-3, particle concentration in size range [525.9 - 618.5 nm]
Bin20, cm^-3, particle concentration in size range [618.5 - 710.0 nm]
Bin21, cm^-3, particle concentration in size range [710.0 - 822.7 nm]
Bin22, cm^-3, particle concentration in size range [822.7 - 885.9 nm]
Bin23, cm^-3, particle concentration in size range [885.9 - 953.9 nm]
Bin24, cm^-3, particle concentration in size range [953.9 - 1027.2 nm]
Bin25, cm^-3, particle concentration in size range [1027.2 - 1106.1 nm]
Bin26, cm^-3, particle concentration in size range [1106.1 - 1191.0 nm]
Bin27, cm^-3, particle concentration in size range [1191.0 - 1282.5 nm]
Bin28, cm^-3, particle concentration in size range [1282.5 - 1381.0 nm]
Bin29, cm^-3, particle concentration in size range [1381.0 - 1487.1 nm]
Bin30, cm^-3, particle concentration in size range [1487.1 - 1601.3 nm]
Bin31, cm^-3, particle concentration in size range [1601.3 - 1724.3 nm]
[...]
PLATFORM: NOAA CSL Mobile Lab
LOCATION: USOS
ASSOCIATED_DATA: N/A
INSTRUMENT_INFO: Printed Optical Particle Spectrometer counts particles from 140 - 2500 nm in diameter 
DATA_INFO: Particle concentrations reported in number per cubic centimeter,1 Hz data
UNCERTAINTY: Counting uncertainty dominated by air flow, less than 5 percent. Measurement range is ~0 - 3000 per cm3 (varies depending on flow rate- manufacturer quotes 1250 per cm3 at 1.667 cc/s)
ULOD_FLAG: -7777
ULOD_VALUE: N/A
LLOD_FLAG: -8888
LLOD_VALUE: N/A
DM_CONTACT_INFO: Troy Thornberry, 325 Broadway R/CSL6, Boulder, CO 80305; troy.thornberry@noaa.gov; 303-497-3373
PROJECT_INFO: USOS, Utah POPS data from NOAA CSL Mobile Lab
STIPULATIONS_ON_USE: Please contact the PIs for questions regarding applications and uncertainties
OTHER_COMMENTS: POPS bin Edges (nm):  140.1, 146.3, 152.8, 159.6, 166.8, 174.2, 181.9, 190.0, 198.5, 207.4, 216.6, 226.2, 236.3, 246.8, 257.8, 269.3, 343.4, 450.7, 525.9, 618.5, 710.0, 822.7, 885.9, 953.9, 1027.2, 1106.1, 1191.0, 1282.5, 1381.0, 1487.1, 1601.3, 1724.3, 1856.7, 1999.3, 2152.8, 2318.2, 2496.2
Calculations assume organic aerosol refractive index of 1.52+0.00j and extinction wavelength = 532 nm
REVISION: R0
R0: Final data
Time_Start, Time_Stop, Time_Mid, Press_mb, Temp_C, Aerosol_concentration, Surface_Area_Conc, Volume_density, Effective_radius, Extinction, Bin01, Bin02, Bin03, Bin04, Bin05, Bin06, Bin07, Bin08, Bin09, Bin10, Bin11, Bin12, Bin13, Bin14, Bin15, Bin16, Bin17, Bin18, Bin19, Bin20, Bin21, Bin22, Bin23, Bin24, Bin25, Bin26, Bin27, Bin28, Bin29, Bin30, Bin31, Bin32, Bin33, Bin34, Bin35, Bin36
[from data line 975]
58500,58559,58530,872.553,32.007,1217.962,259.111,14.748,0.171,0.101,56.272930,55.104778,55.077789,56.065033,58.771801,57.689823,57.097466,58.318550,59.008419,60.177155,61.967510,65.901939,68.025780,64.593910,54.168545,201.627136,79.824142,34.568542,10.832800,0.910945,0.677147,0.360610,0.228198,0.160830,0.077813,0.033657,0.083611,0.056241,0.043784,0.078301,0.022431,0.038796,0.016834,0.022472,0.027488,0.028642
58560,58619,58590,872.537,31.938,1213.048,259.728,15.257,0.176,0.102,55.999153,55.442440,53.555592,56.112961,58.386330,57.639343,57.704006,59.112373,57.396507,59.650414,62.161259,65.725090,67.711929,65.026688,54.637329,199.189407,79.464615,33.857910,10.790370,1.210172,0.706315,0.343500,0.266791,0.209446,0.121953,0.133154,0.066084,0.072037,0.027889,0.027352,0.117027,0.066103,0.022451,0.017012,0.032648,0.044454
58620,58679,58650,872.534,32.051,1218.785,261.947,15.028,0.172,0.103,51.663445,51.954945,53.260429,55.414654,57.258110,58.521278,58.579346,59.882030,58.990513,60.493118,62.400234,66.440742,69.349854,66.024132,54.816509,203.292374,81.281914,34.985676,10.888766,1.151628,0.754545,0.371755,0.196409,0.175232,0.153157,0.056291,0.089622,0.062427,0.061671,0.028523,0.050544,0.056617,0.016618,0.022984,0.005557,0.033596
58680,58739,58710,872.550,32.192,1213.239,260.528,14.894,0.171,0.103,49.988892,51.545517,52.891418,54.967171,56.931065,58.295086,58.625992,59.064030,59.752457,60.480595,62.239964,66.744606,67.869705,65.782455,55.334343,203.496918,80.718987,34.302380,11.092320,1.168239,0.704792,0.296183,0.228094,0.172002,0.139856,0.055346,0.044301,0.016708,0.049846,0.067061,0.022132,0.044803,0.033508,0.016876,0.022412,0.033488
58740,58799,58770,872.564,32.145,1207.803,258.629,14.577,0.169,0.101,50.488537,52.744301,52.737156,55.231091,56.628593,57.349602,56.946770,59.431004,58.349274,60.104633,62.473465,66.295784,67.810532,65.863724,54.013306,202.425400,81.250809,33.962128,10.669501,1.069740,0.734297,0.357267,0.172718,0.133421,0.148818,0.067198,0.072129,0.033485,0.049896,0.044400,0.049127,0.016819,0.016650,0.011186,0.011263,0.039010
58800,58859,58830,872.557,32.088,1193.137,252.588,13.964,0.166,0.098,50.270390,52.542099,51.529434,54.360088,57.416023,57.292648,58.038231,57.671658,58.562134,60.962837,62.784931,64.473724,67.127670,64.386070,53.463352,198.350464,78.572929,32.077480,10.448778,1.057461,0.705921,0.257096,0.215960,0.138746,0.088861,0.072355,0.032901,0.038944,0.026868,0.054850,0.049956,0.005556,0.010913,0.022348,0.005501,0.022219
58860,58919,58890,872.563,32.078,1195.919,253.451,14.199,0.168,0.099,51.037117,52.103786,53.071983,55.511215,57.496376,58.586819,58.217289,58.244423,58.287987,59.615372,61.700768,65.252701,66.536339,63.972282,53.979649,197.358734,78.518593,33.248371,10.419814,0.975198,0.602431,0.344966,0.189823,0.187387,0.060817,0.077313,0.055650,0.044532,0.044459,0.038883,0.033193,0.044576,0.027511,0.000000,0.021947,0.010702
58920,58979,58950,872.572,31.988,1195.717,252.812,14.067,0.167,0.098,50.112541,51.925686,52.310005,55.818668,57.435181,57.747200,59.082458,59.572750,59.270435,59.598495,61.315708,65.401894,67.248077,64.067528,54.453293,196.532928,78.033348,32.971603,10.060120,0.976620,0.661685,0.217099,0.223463,0.128474,0.139428,0.100145,0.078234,0.066849,0.027750,0.011280,0.022187,0.016824,0.038839,0.016521,0.016653,0.016366
58980,59039,59010,872.560,31.903,1200.237,254.007,14.156,0.167,0.098,50.161930,52.730316,53.387306,55.335045,57.826744,58.427448,58.144154,59.487209,59.094337,59.377178,61.951572,66.111786,66.580597,64.436394,53.273060,198.609512,79.662849,32.678040,10.267617,0.920420,0.620016,0.337192,0.215276,0.121596,0.060593,0.098955,0.065819,0.027264,0.055188,0.045017,0.033465,0.033564,0.021807,0.016453,0.005574,0.016288
59040,59099,59070,872.558,31.858,1199.725,254.559,14.246,0.168,0.099,51.318436,52.529057,52.500179,54.812916,57.843040,58.019501,57.626568,58.798836,58.980476,59.567135,62.362415,65.098526,68.217667,64.781075,54.068024,196.773239,79.712234,33.273258,10.760743,1.092622,0.496235,0.349157,0.118539,0.141068,0.083699,0.107243,0.044841,0.040363,0.050659,0.011300,0.039411,0.039305,0.016728,0.011066,0.028523,0.011414
59100,59159,59130,872.572,31.817,1202.413,253.602,13.932,0.165,0.098,50.566963,53.309139,52.496140,56.616528,57.378544,58.353798,58.078060,58.764385,59.278889,59.901428,61.488258,66.619568,67.247162,64.645943,54.716042,198.868912,78.417336,32.764835,9.963803,1.189162,0.688725,0.307529,0.178636,0.133302,0.088678,0.089031,0.044256,0.033691,0.044481,0.028155,0.055752,0.022134,0.022561,0.005688,0.000000,0.005727
59160,59219,59190,872.567,31.745,1202.888,254.746,14.195,0.167,0.099,51.926800,52.457474,52.150452,56.323456,57.260834,60.097984,57.858662,59.565063,58.197994,60.042908,62.358658,65.754700,67.297180,64.462563,53.055099,198.810272,78.639183,33.069473,10.670627,1.051443,0.732462,0.293424,0.182527,0.143982,0.134047,0.083867,0.044070,0.055794,0.022354,0.022508,0.044377,0.016578,0.005631,0.000000,0.016576,0.038537
59220,59279,59250,872.557,31.687,1213.814,256.860,14.265,0.167,0.100,52.412228,52.846943,53.995064,57.000347,58.158985,58.737312,58.531319,60.313789,59.568089,60.495613,62.859493,65.639168,67.550713,64.969330,54.780907,199.142899,80.033997,33.152836,10.555427,1.173247,0.665770,0.256397,0.299542,0.216946,0.133526,0.061331,0.028099,0.055657,0.016876,0.033503,0.067048,0.027659,0.005556,0.000000,0.010865,0.016798
59280,59339,59310,872.544,31.751,1221.920,258.266,14.254,0.165,0.100,53.150799,53.158955,54.180515,57.327381,58.613884,59.188839,59.643784,61.042488,59.242004,60.991135,61.556957,67.356689,68.737839,65.548401,53.464352,200.675583,80.928947,33.465580,10.684697,1.152054,0.660613,0.355278,0.237352,0.161033,0.088586,0.044289,0.061253,0.016799,0.039105,0.027674,0.067363,0.016528,0.000000,0.005574,0.005631,0.022089
59340,59399,59370,872.562,31.931,1218.217,256.391,14.208,0.166,0.100,54.323029,54.427208,54.721687,56.036171,59.101841,59.607395,60.413353,60.858135,59.879868,61.099537,62.310276,67.071503,66.388016,64.162651,53.378391,197.929092,79.620232,33.443501,10.657369,0.982405,0.679473,0.347474,0.187842,0.142781,0.094537,0.066158,0.038609,0.016526,0.049522,0.038859,0.083507,0.027965,0.005464,0.010827,0.000000,0.016241
59400,59459,59430,872.564,32.061,1218.912,256.289,14.135,0.165,0.099,54.647392,54.655140,54.666046,56.464386,58.154350,60.356369,59.508034,60.366383,58.770786,60.316689,62.910759,65.465218,67.301888,64.812401,54.271832,200.947006,79.225723,33.163460,10.004206,0.976591,0.805220,0.333618,0.206094,0.155751,0.104632,0.049933,0.044233,0.044706,0.044398,0.027725,0.039177,0.016602,0.022299,0.005501,0.011063,0.016687
59460,59519,59490,872.569,32.063,1225.444,258.280,14.413,0.167,0.100,55.238800,55.258015,56.009869,57.239300,59.036797,59.253536,58.511345,60.527229,59.186447,61.342346,62.673172,66.373322,67.776451,64.793083,54.112324,201.726563,79.569206,33.353439,10.678161,0.872916,0.716197,0.321798,0.233920,0.133069,0.122651,0.089394,0.050100,0.043789,0.028059,0.033757,0.055398,0.022121,0.005593,0.011130,0.005612,0.039267
59520,59579,59550,872.566,32.046,1219.230,256.262,13.958,0.163,0.099,52.844872,53.025265,54.261780,56.932800,59.355289,59.593933,60.874012,59.239300,59.701897,61.251534,62.662876,66.587769,68.632240,64.917572,54.389656,199.104355,78.815186,33.672344,10.623873,1.119643,0.681156,0.228420,0.173627,0.101038,0.116895,0.071501,0.044466,0.067238,0.055750,0.021688,0.022601,0.005556,0.011148,0.011282,0.000000,0.011227
59580,59639,59610,872.564,32.053,1216.580,256.851,14.218,0.166,0.100,53.216835,53.079380,55.458145,56.950302,57.613918,59.627831,58.510487,60.039787,58.971821,59.636261,62.705807,67.816345,67.990295,63.993820,54.163239,200.205078,79.670685,33.639618,10.554134,0.990406,0.646116,0.287711,0.177318,0.156281,0.122737,0.055963,0.050179,0.044310,0.055947,0.049771,0.033642,0.022063,0.016619,0.000000,0.005556,0.021949
59640,59699,59670,872.576,31.928,1211.314,255.491,14.243,0.167,0.099,52.034668,52.945797,53.685261,56.884808,59.012733,59.163452,58.908684,60.707249,59.602638,60.094055,62.674026,65.082329,68.119751,64.982155,54.805538,198.213318,78.416710,32.610561,10.340386,1.067911,0.704859,0.300066,0.238982,0.133669,0.133265,0.122551,0.106078,0.038788,0.028097,0.033348,0.033195,0.033261,0.016836,0.016470,0.011396,0.011242
59700,59759,59730,872.574,31.884,1198.822,252.053,13.904,0.165,0.097,52.151417,52.488724,53.132225,57.203205,58.163475,57.769463,58.565002,58.607697,59.269669,59.243797,61.543968,65.353806,66.583984,64.300041,54.079601,197.725266,77.620483,32.217339,9.834816,1.182468,0.681044,0.273819,0.207846,0.173995,0.106730,0.066877,0.067033,0.044610,0.033754,0.045512,0.011282,0.033836,0.011243,0.017123,0.000000,0.011377
59760,59819,59790,872.560,31.876,1199.270,253.155,14.037,0.166,0.098,51.598652,53.388992,52.339256,55.653530,57.456688,57.500336,58.013073,59.521584,58.410553,60.417423,61.802971,64.763695,67.441811,63.286636,53.962662,200.340164,77.652527,32.712780,10.226115,1.037141,0.711395,0.271766,0.200179,0.105235,0.099691,0.066069,0.066296,0.050125,0.033039,0.022416,0.032981,0.033587,0.011060,0.005556,0.016726,0.016577
59820,59879,59850,872.576,31.793,1202.090,254.562,14.156,0.167,0.099,51.481232,53.263817,53.451675,55.571754,57.884056,58.858715,58.201107,59.428543,58.352245,59.596939,61.489132,65.880569,67.235924,64.928444,52.532303,198.904221,78.824394,32.551975,10.667884,1.125862,0.640621,0.322211,0.187721,0.143888,0.094407,0.105363,0.077458,0.054762,0.066532,0.066113,0.033090,0.022525,0.022040,0.011227,0.005342,0.005519
59880,59939,59910,872.554,31.763,1207.371,255.123,14.132,0.166,0.099,51.489162,53.367054,54.100765,57.058376,57.275284,58.628853,57.576244,59.562229,58.486027,60.195747,61.589256,65.180534,67.407951,64.835762,54.852226,200.475037,79.423042,32.705658,10.460855,0.909801,0.627593,0.338494,0.232981,0.133287,0.088506,0.082985,0.072258,0.033376,0.043872,0.011020,0.032720,0.027599,0.038858,0.005631,0.016455,0.005631
59940,59999,59970,872.555,31.885,1202.911,255.533,14.477,0.170,0.100,51.074188,52.795105,52.790741,56.364384,57.666012,59.041515,58.060284,58.565765,58.928562,60.267971,62.425724,64.830070,67.379875,63.127724,53.770477,200.480743,78.817955,33.157391,10.425624,1.140099,0.557950,0.370043,0.159760,0.188272,0.110603,0.060173,0.060908,0.033170,0.044261,0.033240,0.060831,0.044337,0.016597,0.005394,0.027892,0.027619
60000,60059,60030,872.583,32.020,1209.028,255.881,14.126,0.166,0.099,50.146843,51.803043,52.700279,56.907658,58.287220,58.086548,58.692101,59.270100,59.295357,60.693760,62.748352,65.787788,68.892509,65.578728,54.805473,198.890884,80.312645,33.143589,10.272067,0.884748,0.759776,0.284599,0.188763,0.138885,0.100001,0.072058,0.045110,0.049736,0.039325,0.044401,0.044436,0.011130,0.016835,0.000000,0.011130,0.021797
60060,60119,60090,872.595,32.030,1208.969,257.228,14.344,0.167,0.100,50.121944,51.365963,52.849892,55.307301,57.364010,57.756886,58.759003,59.400131,60.017529,60.410385,62.727554,68.117805,67.577904,65.472786,54.107803,200.061584,80.418358,33.607754,10.740412,1.025991,0.688221,0.299148,0.194104,0.110881,0.094596,0.066467,0.055110,0.033102,0.027919,0.027859,0.050311,0.016596,0.060776,0.005411,0.010971,0.016951
60120,60179,60150,872.609,31.969,1211.504,256.405,14.254,0.167,0.099,51.105053,51.780956,52.944256,55.818779,57.804379,59.110287,58.963135,60.015064,60.796856,61.049553,61.853180,66.894455,68.514679,64.057602,54.824707,200.829117,78.931450,33.296108,10.042162,0.991119,0.643301,0.320729,0.238422,0.144743,0.099472,0.105835,0.039148,0.033421,0.072279,0.049922,0.050117,0.016725,0.039130,0.011186,0.005482,0.011056
60180,60239,60210,872.613,31.938,1211.020,256.956,14.335,0.167,0.100,50.285686,52.111370,53.916714,55.057751,57.754482,58.820915,59.195503,59.699398,60.563118,61.015987,61.918148,66.138733,67.638794,64.519341,54.147560,201.469147,80.877800,32.712959,10.229078,1.013076,0.734794,0.311491,0.287865,0.121877,0.094341,0.067236,0.061713,0.050254,0.049848,0.027385,0.039012,0.016763,0.010847,0.016723,0.016742,0.027599
60240,60299,60270,872.641,31.910,1208.421,257.340,14.620,0.170,0.100,50.686863,51.600372,54.045570,56.130810,58.062607,57.558952,59.055511,60.330624,59.488300,59.922653,61.939941,65.523796,67.724815,65.271492,54.383053,200.445908,79.308540,33.341637,10.529789,1.061632,0.693897,0.323499,0.205350,0.177376,0.161196,0.077362,0.066823,0.038414,0.050485,0.049842,0.043759,0.038846,0.016292,0.010973,0.021924,0.032685
60300,60359,60330,872.669,31.907,1212.956,257.835,14.270,0.166,0.101,51.049343,51.617496,53.755882,56.044285,57.679310,59.163101,57.131985,59.734608,60.043945,60.851624,62.602497,66.729202,69.108246,64.793121,54.662048,200.528000,80.220741,33.428070,10.771496,1.026151,0.731302,0.398420,0.243746,0.159809,0.083305,0.116683,0.049830,0.043794,0.044087,0.039196,0.043789,0.000000,0.016836,0.027635,0.005325,0.011130
60360,60419,60390,872.707,31.832,1209.630,256.189,14.262,0.167,0.099,49.872536,52.451672,53.473866,55.718742,58.489285,58.969185,59.282566,60.274696,60.269485,60.794937,62.361488,66.480415,66.382309,64.900810,53.988705,200.389603,79.685234,32.699848,10.095367,1.032781,0.734834,0.367827,0.224616,0.136012,0.084253,0.101832,0.079199,0.062053,0.050629,0.051250,0.062175,0.016912,0.011338,0.000000,0.022330,0.011124
60420,60479,60450,872.717,31.825,1221.216,258.893,14.525,0.168,0.101,51.365990,52.503159,54.063282,56.507042,58.951992,58.549351,59.026188,61.203468,60.643887,61.109032,62.755421,66.994331,68.358383,65.565941,55.048363,201.947449,79.674728,33.164764,10.775049,1.158742,0.694152,0.293513,0.216551,0.155570,0.116949,0.105554,0.027891,0.022414,0.027942,0.049848,0.022079,0.021959,0.027959,0.016969,0.005519,0.044314
60480,60539,60510,872.766,31.964,1211.282,256.438,14.298,0.167,0.099,51.051208,52.176491,52.023056,57.075989,58.520168,58.880272,58.695492,60.731800,59.266094,61.598965,61.829189,65.905945,67.528580,64.787903,54.084919,201.281448,79.710861,32.697987,10.711101,1.032906,0.578174,0.304301,0.193941,0.132426,0.128297,0.061532,0.028211,0.055306,0.044638,0.027665,0.044412,0.022421,0.021949,0.005787,0.011301,0.032508
60540,60599,60570,872.786,32.047,1219.301,257.384,14.231,0.166,0.099,51.800903,52.612095,54.731808,56.459675,58.109917,59.142975,58.345062,60.756161,60.818172,61.253883,63.763699,67.023071,67.387810,64.878403,54.629292,201.279343,80.350136,32.976913,10.070989,1.076216,0.731781,0.278690,0.155439,0.155248,0.133719,0.094875,0.055741,0.028017,0.028180,0.022151,0.083073,0.016761,0.011357,0.022680,0.005411,0.010965
60600,60659,60630,872.787,31.989,1214.039,256.097,14.141,0.166,0.099,51.871353,52.561569,54.008987,57.072369,58.120785,58.672722,58.595314,60.258537,59.966770,60.664375,62.919697,65.944099,68.981567,65.625198,53.674347,200.001404,79.198479,32.355236,10.712515,1.087125,0.578637,0.272354,0.250274,0.123267,0.127796,0.066742,0.094255,0.055548,0.027785,0.049830,0.044263,0.016542,0.011340,0.005747,0.005612,0.016835
60660,60719,60690,872.793,31.879,1210.571,255.398,14.118,0.166,0.099,50.670959,52.390846,54.011696,56.512280,58.668926,58.178764,59.001808,60.325115,59.916325,61.211067,63.030457,65.869545,67.792549,64.139908,54.114639,200.357864,77.970131,33.166660,10.295960,1.073225,0.731016,0.345598,0.217835,0.199268,0.088981,0.032941,0.049797,0.016952,0.022013,0.039419,0.055770,0.022697,0.016728,0.005612,0.016779,0.011242
60720,60779,60750,872.808,31.851,1207.058,253.868,13.965,0.165,0.098,50.209465,53.331066,54.400330,55.879200,57.813980,57.873096,58.421482,60.376766,59.229527,60.754986,62.728199,65.893776,67.974281,64.141273,54.081554,200.664993,78.148773,32.328606,10.133707,0.970019,0.652028,0.307418,0.217901,0.151131,0.089297,0.028032,0.039208,0.038586,0.022776,0.028067,0.050486,0.027493,0.011167,0.028082,0.005556,0.005519
