CampaignData_and_Merges/R0/CSL_MobileLab_Parked/raw/20240808/USOS-NOAAIodideCIMS-HNO2_MobileLabGround_20240808_RA.ict
33, 1001
Michael A Robinson, Chris Jernigan, Subi Thakali
NOAA ESRL Chemical Sciences Laboratory and CIRES, U. of Colorado
NOAA Iodide CIMS Instrument
USOS
1, 1
2024, 08, 08, 2024, 08, 09
1
starttime_UTC, seconds_past_midnight, seconds_of_day_since_00:00:00_UTC
1
1
-9999
HNO2_NOAACIMS, pptv, Gas_HNO2_InSitu_S_AVMR, 
0
18
PI_CONTACT_INFO: 325 Broadway, R/CSD 7, Boulder, Colorado 80305; michael.a.robinson@noaa.gov; chris.jernigan@noaa.gov;
PLATFORM: NOAA CSL Mobile Lab
LOCATION: SLC, Utah
ASSOCIATED_DATA: 1Hz data also available on request.
INSTRUMENT_INFO: NOAA I- ToF CIMS
DATA_INFO: All data in parts per trillion by volume (pptv). 1 Hz data is available upon request.
UNCERTAINTY: TBD
ULOD_FLAG: -7777
ULOD_VALUE: N/A
LLOD_FLAG: -8888
LLOD_VALUE: N/A
DM_CONTACT_INFO: Nathan Howard; nathan.h.howard@noaa.gov
PROJECT_INFO: USOS, summer 2024. https://csl.noaa.gov/groups/csl7/measurements/2024usos/
STIPULATIONS_ON_USE: Users are strongly encouraged to contact the PI for proper data usage.
OTHER_COMMENTS: 
REVISION: RA
RA: Preliminary Data; For in-field use only
starttime_UTC, HNO2_NOAACIMS
     0,  7.164
    60, 14.273
   120, 14.011
   180, 10.099
   240, 10.379
   300, 11.055
   360, 11.351
   420,  9.248
   480, 16.260
   540, 17.080
   600, 17.009
   660, 15.838
   720, 14.287
   780,  8.883
   840, 18.101
   900, 21.495
   960, 20.976
  1020, 17.333
  1080, 20.064
  1140, 22.397
  1200, 26.504
  1260, 25.963
  1320, 23.395
  1380, 19.009
  1440, 17.250
  1500, 20.612
  1560, 18.191
  1620, 13.651
  1680, -9999.000
  1740, 15.309
  1800, 19.943
  1860, 19.505
  1920,  9.651
  1980, 18.976
  2040, 25.953
  2100, 24.627
  2160, 35.194
  2220, 27.846
  2280, 29.573
  2340, 25.899
  2400, 25.431
  2460, 25.449
  2520, 23.523
  2580, 23.234
  2640, 17.172
  2700, 23.419
  2760, 19.464
  2820, -9999.000
  2880, -9999.000
  2940, -9999.000
  3000, -9999.000
  3060, -9999.000
  3120, -9999.000
  3180, -9999.000
  3240, -9999.000
  3300, -9999.000
  3360, -9999.000
  3420, -9999.000
  3480, -9999.000
  3540, -9999.000
  3600, -9999.000
  3660, -9999.000
  3720, -9999.000
  3780, -9999.000
  3840, -9999.000
  3900, -9999.000
  3960, -9999.000
  4020, -9999.000
  4080, -9999.000
  4140, -9999.000
  4200, -9999.000
  4260, -9999.000
  4320, -9999.000
  4380, -9999.000
  4440, -9999.000
  4500, -9999.000
  4560, -9999.000
  4620, -9999.000
  4680, -9999.000
  4740, -9999.000
  4800, -9999.000
  4860, -9999.000
  4920, -9999.000
  4980, -9999.000
  5040, -9999.000
  5100, -9999.000
  5160, -9999.000
  5220, -9999.000
  5280, -9999.000
  5340, -9999.000
  5400, -9999.000
  5460, -9999.000
  5520, -9999.000
  5580, -9999.000
  5640, -9999.000
  5700, -9999.000
  5760, -9999.000
  5820, -9999.000
  5880, -9999.000
  5940, -9999.000
  6000, -9999.000
  6060, -9999.000
  6120, -9999.000
  6180, -9999.000
  6240, -9999.000
  6300, -9999.000
  6360, -9999.000
  6420, -9999.000
  6480, -9999.000
  6540, -9999.000
  6600, -9999.000
  6660, -9999.000
  6720, -9999.000
  6780, -9999.000
  6840, -9999.000
  6900, -9999.000
  6960, -9999.000
  7020, -9999.000
  7080, -9999.000
  7140, -9999.000
  7200, -9999.000
  7260, -9999.000
  7320, -9999.000
  7380, -9999.000
  7440, -9999.000
  7500, -9999.000
  7560, -9999.000
  7620, -9999.000
  7680, -9999.000
  7740, -9999.000
  7800, -9999.000
  7860, -9999.000
  7920, -9999.000
  7980, -9999.000
  8040, -9999.000
  8100, -9999.000
  8160, -9999.000
  8220, -9999.000
  8280, -9999.000
  8340, -9999.000
  8400, -9999.000
  8460, -9999.000
  8520, -9999.000
  8580, -9999.000
  8640, -9999.000
  8700, -9999.000
  8760, -9999.000
  8820, -9999.000
  8880, -9999.000
  8940, -9999.000
  9000, -9999.000
  9060, -9999.000
  9120, -9999.000
  9180, -9999.000
  9240, -9999.000
  9300, -9999.000
  9360, -9999.000
  9420, -9999.000
  9480, -9999.000
  9540, -9999.000
  9600, -9999.000
  9660, -9999.000
  9720, -9999.000
  9780, -9999.000
  9840, -9999.000
  9900, -9999.000
  9960, 109.634
 10020, 96.204
 10080, 85.868
 10140, 89.363
 10200, 83.798
 10260, 109.861
 10320, 100.277
 10380, 104.419
 10440, 101.017
 10500, 97.473
 10560, 96.643
 10620, 101.560
 10680, 90.553
 10740, 97.341
 10800, 95.730
 10860, 98.480
 10920, -9999.000
 10980, 115.308
 11040, 112.109
 11100, 115.983
 11160, 109.278
 11220, 95.935
 11280, 95.156
 11340, 99.881
 11400, 102.194
 11460, 97.832
 11520, 118.932
 11580, 90.291
 11640, 102.937
 11700, 113.501
 11760, 85.113
 11820, 87.468
 11880, 90.209
 11940, 81.854
 12000, 97.351
 12060, 82.451
 12120, 100.934
 12180, 105.764
 12240, 90.141
 12300, 71.544
 12360, 111.227
 12420, 74.363
 12480, 82.093
 12540, 78.041
 12600, 58.428
 12660, 59.351
 12720, 67.407
 12780, 75.422
 12840, 56.780
 12900, 61.923
 12960, 73.363
 13020, 68.757
 13080, 74.199
 13140, 73.610
 13200, 79.627
 13260, 63.793
 13320, 76.531
 13380, 70.542
 13440, 61.524
 13500, 61.649
 13560, 57.506
 13620, 68.495
 13680, 64.167
 13740, 55.755
 13800, 59.731
 13860, 54.400
 13920, 75.638
 13980, 63.370
 14040, 72.311
 14100, 78.748
 14160, 64.916
 14220, 92.310
 14280, 68.184
 14340, 98.990
 14400, 82.662
 14460, 88.501
 14520, 65.635
 14580, 84.094
 14640, 56.955
 14700, 71.304
 14760, 87.144
 14820, 84.465
 14880, 64.752
 14940, 73.184
 15000, 63.022
 15060, 72.796
 15120, 66.301
 15180, 70.821
 15240, 83.536
 15300, 73.683
 15360, 79.432
 15420, 79.026
 15480, 70.505
 15540, 69.610
 15600, 80.743
 15660, 67.889
 15720, 73.514
 15780, 75.096
 15840, 77.901
 15900, 68.232
 15960, 85.501
 16020, 73.185
 16080, 70.750
 16140, 76.171
 16200, 55.253
 16260, 54.806
 16320, 61.665
 16380, 52.184
 16440, 61.037
 16500, 54.909
 16560, 55.638
 16620, 56.366
 16680, 45.825
 16740, 44.055
 16800, 49.048
 16860, 59.153
 16920, 60.044
 16980, 54.615
 17040, 45.078
 17100, 61.412
 17160, 63.838
 17220, 74.631
 17280, 76.631
 17340, 106.203
 17400, 46.496
 17460, 49.204
 17520, 49.437
 17580, 37.732
 17640, 52.830
 17700, 43.627
 17760, 41.250
 17820, 42.151
 17880, 44.544
 17940, 44.678
 18000, 43.635
 18060, 38.902
 18120, 35.626
 18180, 37.282
 18240, 17.675
 18300, -9999.000
 18360, 55.550
 18420, 35.976
 18480, 40.158
 18540, 34.428
 18600, 54.433
 18660, 47.633
 18720, 23.025
 18780, 34.510
 18840, 30.261
 18900, 27.272
 18960, 36.051
 19020, 36.043
 19080, 31.795
 19140, 30.163
 19200, 33.389
 19260, 35.532
 19320, 20.638
 19380, 29.513
 19440, 28.283
 19500, 32.546
 19560, 39.281
 19620, 27.904
 19680, 37.703
 19740, 38.224
 19800, 23.242
 19860, 41.966
 19920, 145.701
 19980, 61.235
 20040, 54.595
 20100, 51.754
 20160, -9999.000
 20220, 64.844
 20280, 48.385
 20340, 66.099
 20400, 70.469
 20460, 71.123
 20520, 71.093
 20580, 61.917
 20640, 80.483
 20700, 66.324
 20760, 59.666
 20820, 70.333
 20880, 71.943
 20940, 96.967
 21000, 87.347
 21060, 98.390
 21120, 73.189
 21180, 86.099
 21240, 87.659
 21300, 91.307
 21360, 101.376
 21420, 80.142
 21480, 102.762
 21540, 99.512
 21600, 102.590
 21660, 115.201
 21720, 117.356
 21780, 122.684
 21840, 132.216
 21900, 132.931
 21960, 145.406
 22020, -9999.000
 22080, 114.326
 22140, 120.827
 22200, 128.046
 22260, 119.306
 22320, 145.415
 22380, 138.412
 22440, 131.463
 22500, 132.764
 22560, 141.659
 22620, 139.767
 22680, 146.883
 22740, 155.844
 22800, 142.071
 22860, 133.631
 22920, 139.753
 22980, 140.032
 23040, 167.102
 23100, 165.203
 23160, 149.204
 23220, 149.214
 23280, 156.905
 23340, 146.725
 23400, 152.947
 23460, 153.834
 23520, 148.371
 23580, 151.027
 23640, 141.637
 23700, 138.663
 23760, 157.331
 23820, 143.540
 23880, 159.968
 23940, 153.426
 24000, 143.280
 24060, 167.895
 24120, 152.620
 24180, 151.709
 24240, 136.679
 24300, 165.460
 24360, 163.580
 24420, 166.639
 24480, 172.229
 24540, 163.603
 24600, 216.091
 24660, 225.358
 24720, 189.685
 24780, 197.720
 24840, 213.296
 24900, 218.670
 24960, 187.361
 25020, 198.385
 25080, 184.885
 25140, 176.244
 25200, 176.099
 25260, 177.683
 25320, 221.759
 25380, 238.567
 25440, 219.116
 25500, 225.601
 25560, 231.118
 25620, 220.143
 25680, -9999.000
 25740, 242.535
 25800, 238.774
 25860, 253.333
 25920, 263.077
 25980, 235.822
 26040, 274.137
 26100, 270.322
 26160, 262.989
 26220, 276.677
 26280, 267.639
 26340, 263.038
 26400, 243.312
 26460, 246.925
 26520, 236.877
 26580, 256.047
 26640, 272.665
 26700, 258.129
 26760, 265.082
 26820, 270.481
 26880, 273.097
 26940, 256.928
 27000, 292.181
 27060, 301.162
 27120, 228.525
 27180, 210.425
 27240, 234.600
 27300, 223.622
 27360, 257.375
 27420, 280.903
 27480, 237.142
 27540, -9999.000
 27600, 240.587
 27660, 215.464
 27720, 211.694
 27780, 193.154
 27840, 200.776
 27900, 208.846
 27960, 207.550
 28020, 206.360
 28080, 207.404
 28140, 200.368
 28200, 174.197
 28260, 181.925
 28320, 206.024
 28380, 189.177
 28440, 139.860
 28500, 134.574
 28560, 127.591
 28620, 192.701
 28680, 172.728
 28740, 175.462
 28800, 168.475
 28860, 152.466
 28920, 97.180
 28980, 96.492
 29040, 64.676
 29100, 61.510
 29160, 154.989
 29220, 153.950
 29280, 148.924
 29340, 171.452
 29400, -9999.000
 29460, 164.926
 29520, 174.214
 29580, 220.362
 29640, 230.901
 29700, 229.571
 29760, 195.803
 29820, 209.699
 29880, 216.820
 29940, 200.395
 30000, 220.749
 30060, 224.682
 30120, 213.595
 30180, 205.526
 30240, 217.456
 30300, 222.198
 30360, 209.481
 30420, 232.167
 30480, 223.822
 30540, 212.325
 30600, 240.848
 30660, 246.183
 30720, 238.048
 30780, 241.118
 30840, 257.325
 30900, 238.163
 30960, 306.573
 31020, 301.172
 31080, 266.990
 31140, 250.395
 31200, 242.364
 31260, 246.933
 31320, 276.386
 31380, 277.187
 31440, 233.238
 31500, 258.667
 31560, 274.666
 31620, 290.595
 31680, 268.943
 31740, 275.316
 31800, 272.166
 31860, 265.573
 31920, 290.620
 31980, 286.083
 32040, 245.245
 32100, 245.869
 32160, 253.037
 32220, 249.791
 32280, 304.246
 32340, 291.544
 32400, 267.492
 32460, 281.821
 32520, 284.180
 32580, 258.300
 32640, 304.717
 32700, 305.221
 32760, 257.605
 32820, 285.023
 32880, 302.634
 32940, 287.942
 33000, 315.120
 33060, 323.464
 33120, 293.433
 33180, 317.338
 33240, 311.157
 33300, 302.837
 33360, 329.895
 33420, 318.552
 33480, 318.826
 33540, 307.973
 33600, 322.714
 33660, 321.036
 33720, 334.430
 33780, 327.764
 33840, 352.341
 33900, 351.904
 33960, 332.898
 34020, 343.700
 34080, 371.708
 34140, 366.496
 34200, 370.209
 34260, 364.884
 34320, 319.992
 34380, 329.984
 34440, 362.613
 34500, 353.909
 34560, 373.187
 34620, 380.171
 34680, 349.182
 34740, 335.327
 34800, 382.646
 34860, 357.136
 34920, 386.565
 34980, 366.194
 35040, 384.593
 35100, 377.296
 35160, 390.474
 35220, 343.330
 35280, 411.356
 35340, 404.218
 35400, 370.447
 35460, 399.365
 35520, 388.886
 35580, 329.602
 35640, 398.526
 35700, 423.397
 35760, 378.783
 35820, 424.827
 35880, 396.688
 35940, 396.016
 36000, 435.066
 36060, 420.105
 36120, 371.554
 36180, 377.230
 36240, 392.442
 36300, 369.777
 36360, 439.817
 36420, 435.301
 36480, 409.377
 36540, 390.450
 36600, 438.490
 36660, 397.802
 36720, 408.258
 36780, -9999.000
 36840, 352.107
 36900, 433.908
 36960, 421.930
 37020, 375.293
 37080, 386.319
 37140, 433.303
 37200, 397.371
 37260, 413.208
 37320, 422.345
 37380, 391.209
 37440, 429.485
 37500, 412.261
 37560, 384.861
 37620, 372.799
 37680, 351.381
 37740, 362.741
 37800, 398.097
 37860, 546.054
 37920, 416.821
 37980, 428.369
 38040, 393.579
 38100, 404.888
 38160, 440.931
 38220, 437.908
 38280, 448.680
 38340, 476.991
 38400, 442.529
 38460, 439.845
 38520, 477.547
 38580, 457.033
 38640, -9999.000
 38700, 498.895
 38760, 429.648
 38820, 460.274
 38880, 461.225
 38940, 473.830
 39000, 483.005
 39060, 507.299
 39120, 435.161
 39180, 443.669
 39240, 508.216
 39300, 470.431
 39360, 460.418
 39420, 503.680
 39480, 446.757
 39540, 430.862
 39600, 443.564
 39660, 456.870
 39720, 486.747
 39780, 484.034
 39840, 455.370
 39900, 458.693
 39960, 425.473
 40020, 405.168
 40080, 445.741
 40140, 427.694
 40200, 388.122
 40260, 380.045
 40320, 394.368
 40380, 391.488
 40440, 379.060
 40500, -9999.000
 40560, 385.659
 40620, 371.173
 40680, 374.683
 40740, 359.581
 40800, 408.429
 40860, 416.747
 40920, 375.478
 40980, 365.746
 41040, 412.805
 41100, 391.480
 41160, 415.047
 41220, 433.737
 41280, 380.216
 41340, 353.218
 41400, 360.910
 41460, 343.725
 41520, 360.845
 41580, 385.695
 41640, 341.858
 41700, 319.229
 41760, 327.211
 41820, 346.566
 41880, 326.979
 41940, 348.105
 42000, 327.596
 42060, 338.131
 42120, 311.559
 42180, 330.502
 42240, 329.430
 42300, 345.213
 42360, 344.225
 42420, 347.302
 42480, 329.577
 42540, 320.569
 42600, 351.453
 42660, 335.827
 42720, 345.575
 42780, 378.855
 42840, 349.520
 42900, 350.801
 42960, 355.464
 43020, 337.937
 43080, 336.315
 43140, 370.716
 43200, 361.646
 43260, 368.758
 43320, 418.715
 43380, 412.410
 43440, 382.131
 43500, 385.411
 43560, 375.265
 43620, 398.422
 43680, 420.777
 43740, 423.761
 43800, 385.118
 43860, 367.964
 43920, 423.205
 43980, 434.161
 44040, 411.605
 44100, 423.682
 44160, -9999.000
 44220, 446.389
 44280, 454.417
 44340, 454.272
 44400, 471.292
 44460, 469.134
 44520, 435.877
 44580, 379.459
 44640, 379.100
 44700, 396.227
 44760, 409.995
 44820, 426.525
 44880, 393.762
 44940, 389.320
 45000, 415.725
 45060, 397.785
 45120, 431.917
 45180, 404.035
 45240, 399.972
 45300, 395.668
 45360, 418.211
 45420, 452.661
 45480, 417.244
 45540, 472.948
 45600, 473.605
 45660, 476.760
 45720, 413.484
 45780, 492.007
 45840, 490.399
 45900, 446.411
 45960, 451.966
 46020, -9999.000
 46080, 494.948
 46140, 485.105
 46200, 448.735
 46260, 461.714
 46320, 498.243
 46380, 541.816
 46440, 497.991
 46500, 491.429
 46560, 527.666
 46620, 504.790
 46680, 512.089
 46740, 516.238
 46800, 551.698
 46860, 601.610
 46920, 589.650
 46980, 570.166
 47040, 486.818
 47100, 580.662
 47160, 538.874
 47220, 518.482
 47280, 517.156
 47340, 446.235
 47400, 496.645
 47460, 497.198
 47520, 471.759
 47580, 553.936
 47640, 531.231
 47700, 541.775
 47760, 456.437
 47820, 462.333
 47880, -9999.000
 47940, 403.271
 48000, 396.799
 48060, 388.731
 48120, 412.227
 48180, 471.200
 48240, 415.116
 48300, 388.119
 48360, 443.532
 48420, 439.979
 48480, 383.977
 48540, 417.162
 48600, 408.191
 48660, 412.568
 48720, 443.756
 48780, 440.365
 48840, 427.309
 48900, 444.105
 48960, 382.435
 49020, 391.406
 49080, 420.957
 49140, 422.914
 49200, 401.996
 49260, 430.342
 49320, 377.145
 49380, 388.112
 49440, 415.114
 49500, 407.774
 49560, 472.167
 49620, 490.139
 49680, 423.455
 49740, 384.515
 49800, 379.871
 49860, 368.790
 49920, 396.801
 49980, 415.842
 50040, 392.302
 50100, 395.753
 50160, 389.445
 50220, 381.561
 50280, 385.498
 50340, 398.081
 50400, 410.690
 50460, 449.549
 50520, 371.412
 50580, 391.114
 50640, 384.946
 50700, 339.334
 50760, 350.763
 50820, 385.381
 50880, 350.416
 50940, 350.119
 51000, 358.040
 51060, 315.284
 51120, 308.992
 51180, 350.859
 51240, 358.256
 51300, 344.476
 51360, 311.116
 51420, 315.810
 51480, 355.150
 51540, 385.343
 51600, 328.988
 51660, 339.264
 51720, 336.319
 51780, 356.513
 51840, 301.930
 51900, 319.568
 51960, 301.990
 52020, 368.721
 52080, 636.438
 52140, 459.574
 52200, 461.851
 52260, 351.991
 52320, 540.151
 52380, 469.573
 52440, 584.111
 52500, 427.561
 52560, 319.886
 52620, 353.685
 52680, 332.238
 52740, 355.602
 52800, 329.220
 52860, 508.279
 52920, 534.432
 52980, 625.653
 53040, 303.598
 53100, 268.891
 53160, 263.549
 53220, 265.983
 53280, 294.524
 53340, 239.677
 53400, 284.974
 53460, 260.457
 53520, 212.816
 53580, 194.184
 53640, 216.099
 53700, 179.621
 53760, 179.129
 53820, 164.414
 53880, 161.527
 53940, 178.452
 54000, 191.298
 54060, 145.335
 54120, 170.930
 54180, 141.886
 54240, 151.506
 54300, 140.579
 54360, 147.509
 54420, 142.848
 54480, 192.102
 54540, 139.604
 54600, 137.816
 54660, 132.242
 54720, 124.011
 54780, 150.860
 54840, 114.109
 54900, 129.909
 54960, 92.561
 55020, 112.476
 55080, 133.933
 55140, -9999.000
 55200, -9999.000
 55260, -9999.000
 55320, -9999.000
 55380, -9999.000
 55440, -9999.000
 55500, -9999.000
 55560, -9999.000
 55620, -9999.000
 55680, -9999.000
 55740, -9999.000
 55800, -9999.000
 55860, -9999.000
 55920, -9999.000
 55980, -9999.000
 56040, -9999.000
 56100, -9999.000
 56160, -9999.000
 56220, -9999.000
 56280, -9999.000
 56340, -9999.000
 56400, 101.243
 56460, 156.210
 56520, 170.979
 56580, 143.615
 56640, 126.304
 56700, 120.375
 56760, 151.061
 56820, 141.720
 56880, 193.832
 56940, 143.681
 57000, 150.121
 57060, 141.940
 57120, 128.635
 57180, 90.176
 57240, 100.888
 57300, 106.936
 57360, 105.412
 57420, 130.089
 57480, 113.188
 57540, 101.427
 57600, 90.611
 57660, 91.580
 57720, 86.928
 57780, 92.852
 57840, 113.893
 57900, 98.743
 57960, 88.101
 58020, 95.346
 58080, 92.812
 58140, 73.244
 58200, 79.524
 58260, -9999.000
 58320, 126.021
 58380, 143.587
 58440, 141.136
 58500, 119.629
 58560, 129.066
 58620, 105.488
 58680, 90.630
 58740, 91.062
 58800, 81.907
 58860, 100.765
 58920, 86.912
 58980, 89.063
 59040, 72.096
 59100, 82.896
 59160, 109.075
 59220, 86.929
 59280, 75.874
 59340, 113.306
 59400, 100.604
 59460, 88.030
 59520, 98.892
 59580, 114.609
 59640, 95.997
