CampaignData_and_Merges/R0/CSL_MobileLab_Parked/raw/20240808/USOS-NOAAIodideCIMS-Halogens_MobileLabGround_20240808_RA.ict
38, 1001
Michael A Robinson, Chris Jernigan, Subi Thakali
NOAA ESRL Chemical Sciences Laboratory and CIRES, U. of Colorado
NOAA Iodide CIMS Instrument
USOS
1, 1
2024, 08, 08, 2024, 08, 09
1
starttime_UTC, seconds_past_midnight, seconds_of_day_since_00:00:00_UTC
6
1, 1, 1, 1, 1, 1
-9999, -9999, -9999, -9999, -9999, -9999
Br2_NOAACIMS, pptv, Gas_Br2_InSitu_S_AVMR, 
BrO_NOAACIMS, pptv, Gas_BrO_InSitu_S_AVMR, 
Cl2_NOAACIMS, pptv, Gas_Cl2_InSitu_S_AVMR, 
ClNO2_NOAACIMS, pptv, Gas_ClNO2_InSitu_S_AVMR, 
BrCl_NOAACIMS, pptv, Gas_BrCl_InSitu_S_AVMR, 
NCl3_NOAACIMS, pptv, Gas_NCl3_InSitu_S_AVMR, 
0
18
PI_CONTACT_INFO: 325 Broadway, R/CSD 7, Boulder, Colorado 80305; michael.a.robinson@noaa.gov; chris.jernigan@noaa.gov;
PLATFORM: NOAA CSL Mobile Lab
LOCATION: SLC, Utah
ASSOCIATED_DATA: 1Hz data also available on request.
INSTRUMENT_INFO: NOAA I- ToF CIMS
DATA_INFO: All data in parts per trillion by volume (pptv). 1 Hz data is available upon request.
UNCERTAINTY: TBD
ULOD_FLAG: -7777
ULOD_VALUE: N/A
LLOD_FLAG: -8888
LLOD_VALUE: N/A
DM_CONTACT_INFO: Nathan Howard; nathan.h.howard@noaa.gov
PROJECT_INFO: USOS, summer 2024. https://csl.noaa.gov/groups/csl7/measurements/2024usos/
STIPULATIONS_ON_USE: Users are strongly encouraged to contact the PI for proper data usage.
OTHER_COMMENTS: 
REVISION: RA
RA: Preliminary Data; For in-field use only
starttime_UTC, Br2_NOAACIMS, BrO_NOAACIMS, Cl2_NOAACIMS, ClNO2_NOAACIMS, BrCl_NOAACIMS, NCl3_NOAACIMS
[from data line 1373]
 82380,  1.053, -9999.000,  0.573,  0.020,  0.190,  0.047
 82440,  1.003, -9999.000,  0.658,  0.022,  0.213, -0.035
 82500,  1.262, -9999.000,  0.743,  0.035,  0.255,  0.073
 82560,  1.249, -9999.000,  0.641,  0.034,  0.238,  0.244
 82620,  1.102, -9999.000,  0.677,  0.045,  0.227,  0.120
 82680,  1.275, -9999.000,  0.845,  0.076,  0.285,  0.243
 82740,  1.212, -9999.000,  0.677,  0.015,  0.274,  0.030
 82800,  1.181, -9999.000,  0.738,  0.059,  0.368, -0.003
 82860,  1.103, -9999.000,  1.108,  0.041,  0.179, -0.014
 82920,  1.134, -9999.000,  0.906,  0.083,  0.216, -0.083
 82980,  1.167, -9999.000,  1.130,  0.036,  0.275,  0.039
 83040,  1.114, -9999.000,  0.878,  0.046,  0.231,  0.142
 83100,  1.240, -9999.000,  1.214,  0.072,  0.319,  0.157
 83160,  1.344, -9999.000,  0.706,  0.039,  0.280,  0.099
 83220,  1.291, -9999.000,  0.561,  0.058,  0.206,  0.090
 83280,  1.240, -9999.000,  0.730,  0.048,  0.227,  0.080
 83340,  1.264, -9999.000,  0.761,  0.051,  0.290,  0.037
 83400,  1.325, -9999.000,  0.570,  0.028,  0.221,  0.080
 83460,  1.333, -9999.000,  0.746,  0.035,  0.206,  0.109
 83520,  1.265, -9999.000,  0.940,  0.033,  0.218,  0.021
 83580,  1.398, -9999.000,  1.006,  0.034,  0.226,  0.261
 83640,  1.400, -9999.000,  0.422,  0.020,  0.248,  0.083
 83700,  1.313, -9999.000,  0.430,  0.020,  0.180, -0.013
 83760,  1.291, -9999.000,  0.373,  0.005,  0.074, -0.042
 83820,  1.238, -9999.000,  0.680,  0.043,  0.138, -0.005
 83880,  1.320, -9999.000,  1.046,  0.010,  0.190, -0.026
 83940,  1.468, -9999.000,  0.944,  0.043,  0.273,  0.056
 84000,  1.514, -9999.000,  0.804,  0.042,  0.269,  0.146
 84060,  1.485, -9999.000,  1.062,  0.025,  0.285,  0.014
 84120, -9999.000, -9999.000, -9999.000, -9999.000, -9999.000, -9999.000
 84180,  1.516,  0.099,  0.761,  0.064,  0.260,  0.119
 84240,  1.580,  0.024,  0.794,  0.003,  0.272, -0.046
 84300,  1.504,  0.061,  0.817,  0.039,  0.351,  0.155
 84360,  1.553,  0.088,  0.887,  0.018,  0.279,  0.054
 84420,  1.576, -0.009,  0.825,  0.036,  0.368,  0.045
 84480,  1.625,  0.132,  0.686,  0.047,  0.305,  3.386
 84540,  1.740,  0.031,  0.614,  0.042,  0.283,  2.369
 84600,  1.616,  0.077,  1.000,  0.071,  0.321,  3.031
 84660,  1.585,  0.041,  0.810,  0.052,  0.376,  0.005
 84720,  1.551,  0.146,  0.736,  0.038,  0.376,  0.213
 84780,  1.730,  0.083,  0.606,  0.043,  0.378,  0.298
 84840,  1.658,  0.018,  0.764,  0.049,  0.424,  0.200
 84900,  1.469,  0.098,  1.021,  0.068,  0.341, -0.001
 84960,  1.655,  0.073,  1.130,  0.057,  0.412, -0.010
 85020,  1.651,  0.042,  0.969,  0.067,  0.460,  0.148
 85080,  1.592,  0.046,  0.747,  0.073,  0.454,  0.229
 85140,  1.713,  0.097,  0.653,  0.089,  0.383,  0.180
 85200,  1.584,  0.121,  0.861,  0.111,  0.365,  0.221
 85260,  1.504,  0.104,  1.045,  0.123,  0.434,  0.152
 85320,  1.554,  0.025,  0.784,  0.084,  0.392,  0.197
 85380,  1.617,  0.033,  0.763,  0.086,  0.381,  0.098
 85440,  1.773,  0.101,  0.832,  0.075,  0.408,  0.088
 85500,  1.682,  0.028,  0.720,  0.066,  0.436,  0.144
 85560,  1.099, -0.056,  0.244,  0.079,  0.149,  0.030
 85620, -9999.000, -9999.000, -9999.000, -9999.000, -9999.000, -9999.000
 85680, -9999.000, -9999.000, -9999.000, -9999.000, -9999.000, -9999.000
 85740, -9999.000, -9999.000, -9999.000, -9999.000, -9999.000, -9999.000
 85800, -9999.000, -9999.000, -9999.000, -9999.000, -9999.000, -9999.000
 85860, -9999.000, -9999.000, -9999.000, -9999.000, -9999.000, -9999.000
 85920, -9999.000, -9999.000, -9999.000, -9999.000, -9999.000, -9999.000
 85980, -9999.000, -9999.000, -9999.000, -9999.000, -9999.000, -9999.000
 86040, -9999.000, -9999.000, -9999.000, -9999.000, -9999.000, -9999.000
 86100, -9999.000, -9999.000, -9999.000, -9999.000, -9999.000, -9999.000
 86160, -9999.000, -9999.000, -9999.000, -9999.000, -9999.000, -9999.000
 86220, -9999.000, -9999.000, -9999.000, -9999.000, -9999.000, -9999.000
 86280, -9999.000, -9999.000, -9999.000, -9999.000, -9999.000, -9999.000
 86340, -9999.000, -9999.000, -9999.000, -9999.000, -9999.000, -9999.000
