CampaignData_and_Merges/R0/CSL_MobileLab_Parked/raw/20240808/USOS-Picarro-CO2-CH4-CO-H2O_MobileLabGround_20240808_R0.ict
38, 1001
Ilana Pollack, Nell Schafer, and Jeff Peischl
NOAA Chemical Sciences Laboratory
Picarro 2401-m CO2/CH4/CO/H2O Analyzer
USOS
1, 1
2024, 08, 08, 2024, 11, 20
0
StartTime_UTC, seconds_past_midnight, seconds past midnight
5
1, 1, 1, 1, 1
-9999, -9999, -9999, -9999, -9999
StopTime_UTC, seconds_past_midnight, seconds past midnight
CO2_ppm_1min, ppm, Gas_CO2_InSitu_S_DMF, carbon dioxide mixing ratio
CH4_ppb_1min, ppb, Gas_CH4_InSitu_S_DMF, methane mixing ratio
CO_ppb_1min, ppb, Gas_CO_InSitu_S_DMF, carbon monoxide mixing ratio
H2O_ppmv_1min, ppmv, Met_H2OMRV_InSitu_S_AVMR, water vapor mixing ratio
1
SPECIAL COMMENTS: N/A
18
PI_CONTACT_INFO: Address: NOAA Chemical Sciences Laboratory, Mail Stop CSL7, 325 Broadway, Boulder, CO 80305; Email: Ilana.Pollack@noaa.gov
PLATFORM: NOAA CSL Mobile Laboratory
LOCATION: The mobile lab was stationed in Salt Lake City, Utah.
ASSOCIATED_DATA: N/A
INSTRUMENT_INFO: CO2, CH4, and CO are reported as dry air mole fractions using a commercial wavelength-scanned cavity ring-down analyzer (Picarro 2401-m). An in-field calibration gas standard of 432±0.07 ppm CO2, 2095±1 ppb CH4, and 183±1 ppb CO, calibrated in the Boulder laboratories before and after the field project using primary CO2, CH4, and CO standard tanks tied to the WMO standard (X2019, X2004A, and X2014A, respectively) from the Global Monitoring Laboratory (GML), was delivered to the inlet every 2-3 days to evaluate instrument sensitivity. A H2O measurement was calibrated before the project with a Dew Point Mirror 373 hygrometer. The water correction calculated from these calibrations was applied to the H2O measurement for the entire campaign. Species are measured at 0.5 Hz and reported as 1-minute averages for stationary measurements.
DATA_INFO: Units: CO2, ppm, dry air mole fraction; CH4, ppb, dry air mole fraction; CO, ppb, dry air mole fraction; H2O, ppmv
UNCERTAINTY: Total uncertainties are estimated as ±0.1 ppm for CO2, ±1 ppb for CH4, ±5 ppb for CO, and ±(50 ppm + 4%) for H2O.
ULOD_FLAG: -7777
ULOD_VALUE: N/A
LLOD_FLAG: -8888
LLOD_VALUE: N/A
DM_CONTACT_INFO: Data Manager: Nathan Howard; nathan.h.howard@noaa.gov
PROJECT_INFO: USOS Dates of Study: July – August 2024
STIPULATIONS_ON_USE: Use of these data require prior ok from PI.
OTHER_COMMENTS: Data are averaged to 1 minute intervals. Stationary data collected from a 10 ft tower on top of the mobile van.
REVISION: R0
R0: Final Data
StartTime_UTC, StopTime_UTC, CO2_ppm_1min, CH4_ppb_1min, CO_ppb_1min, H2O_ppmv_1min
[from data line 765]
45900,45960,494.81,2332.9,500.9,12678.6514
45960,46020,485.97,2325.2,443.3,12400.1582
46020,46080,486.45,2327.3,426.9,12453.9258
46080,46140,500.17,2338.0,457.5,12934.6357
46140,46200,491.96,2346.2,435.9,12834.0059
46200,46260,492.38,2357.7,427.1,12912.2148
46260,46320,494.17,2361.1,430.8,12985.4033
46320,46380,496.62,2378.1,443.1,13073.9844
46380,46440,497.11,2375.3,447.0,13140.2412
46440,46500,495.28,2369.1,457.7,12986.6719
46500,46560,496.17,2369.8,454.7,13116.3145
46560,46620,501.16,2374.9,452.5,13222.5879
46620,46680,499.34,2374.4,455.7,13141.4834
46680,46740,495.73,2348.8,471.3,13091.8262
46740,46800,494.37,2343.1,463.7,13014.0898
46800,46860,498.38,2344.9,460.2,13159.9551
46860,46920,495.51,2341.0,458.8,13020.9668
46920,46980,497.93,2348.6,463.6,13230.6445
46980,47040,496.46,2340.6,473.1,13032.9863
47040,47100,501.49,2339.3,512.9,12924.0205
47100,47160,509.78,2354.3,577.2,13221.6934
47160,47220,511.83,2346.3,588.5,13163.1074
47220,47280,506.11,2346.2,542.7,13119.5625
47280,47340,504.38,2343.1,522.5,13066.6484
47340,47400,502.92,2343.5,520.1,13106.1055
47400,47460,504.08,2337.3,537.4,13011.3252
47460,47520,511.70,2340.9,556.1,13219.1982
47520,47580,501.83,2331.0,521.6,13065.1387
47580,47640,504.31,2328.4,545.3,13054.2168
47640,47700,499.73,2316.9,541.2,12885.7852
47700,47760,502.35,2318.1,532.0,13007.6455
47760,47820,499.98,2308.1,560.6,12899.8818
47820,47880,502.95,2308.2,522.1,13093.2832
47880,47940,498.75,2301.0,516.3,13037.0459
47940,48000,497.48,2297.3,509.8,13083.1699
48000,48060,493.91,2285.5,522.1,12921.3809
48060,48120,497.43,2283.9,541.9,12899.4697
48120,48180,498.50,2288.6,548.2,13087.8115
48180,48240,500.05,2291.8,532.3,13144.3926
48240,48300,499.42,2293.4,511.3,13274.5371
48300,48360,494.12,2292.8,491.4,13127.8584
48360,48420,496.34,2291.9,494.1,13232.3516
48420,48480,494.65,2288.9,486.2,13171.7910
48480,48540,495.66,2291.8,506.5,13059.0029
48540,48600,495.35,2294.1,510.5,13074.0400
48600,48660,495.81,2294.9,507.6,13173.7500
48660,48720,495.19,2294.2,494.4,13385.8301
48720,48780,498.76,2302.9,529.0,13424.3604
48780,48840,502.51,2300.2,594.4,12933.5010
48840,48900,501.92,2293.7,594.4,12856.2129
48900,48960,501.41,2289.4,588.7,12845.4180
48960,49020,501.06,2293.4,586.2,12840.7969
49020,49080,502.44,2294.9,662.4,12894.3066
49080,49140,502.13,2291.0,655.4,12896.9678
49140,49200,504.28,2286.5,635.9,12838.4268
49200,49260,503.87,2282.3,607.7,12690.0430
49260,49320,506.04,2281.5,624.6,12795.1387
49320,49380,503.68,2275.8,619.2,12584.3369
49380,49440,508.45,2274.2,639.3,12613.6836
49440,49500,504.81,2287.1,620.4,13507.5996
49500,49560,506.13,2295.4,624.5,13690.3330
49560,49620,507.77,2306.4,619.6,13853.4248
49620,49680,505.49,2306.8,598.5,14036.7988
49680,49740,499.66,2297.3,559.8,13339.6875
49740,49800,498.50,2297.1,556.9,13320.4854
49800,49860,496.68,2296.1,740.3,13260.8135
49860,49920,501.39,2290.7,675.9,13198.6445
49920,49980,505.80,2291.4,590.2,13739.8281
49980,50040,507.88,2295.6,581.9,13459.7588
50040,50100,503.99,2292.4,583.1,13804.3838
50100,50160,510.46,2289.7,612.2,13752.5977
50160,50220,501.66,2291.3,575.8,13502.9238
50220,50280,501.78,2290.2,564.2,13457.3545
50280,50340,500.88,2291.1,561.8,13447.2734
50340,50400,500.48,2292.8,564.0,13566.7930
50400,50460,500.82,2299.4,563.4,13372.8613
50460,50520,501.07,2302.2,574.9,13515.5166
50520,50580,501.93,2317.6,602.0,13117.4199
50580,50640,500.38,2316.6,581.0,13130.3145
50640,50700,500.43,2312.1,562.9,13143.7363
50700,50760,499.32,2310.9,544.9,12913.6982
50760,50820,499.11,2312.2,542.3,12965.0938
50820,50880,500.46,2312.4,560.8,13140.4873
50880,50940,499.67,2314.0,551.6,13072.3506
50940,51000,500.15,2314.2,553.5,13121.3730
51000,51060,499.28,2315.7,535.8,12969.9922
51060,51120,498.72,2316.4,531.0,12859.9063
51120,51180,499.00,2317.5,529.4,12922.9268
51180,51240,500.34,2318.3,540.7,13115.7725
51240,51300,500.03,2319.0,551.3,13328.8340
51300,51360,499.22,2318.6,535.1,12993.7393
51360,51420,499.34,2320.3,548.8,12980.4160
51420,51480,500.91,2322.4,567.3,13026.9824
51480,51540,504.96,2326.9,587.0,13629.8516
51540,51600,501.67,2324.7,629.6,13638.4707
51600,51660,499.83,2321.9,574.9,13374.0469
51660,51720,498.02,2320.9,554.1,13447.0459
51720,51780,499.57,2315.9,551.6,13580.2549
51780,51840,495.96,2319.1,553.6,13945.6699
51840,51900,492.45,2317.9,519.7,13510.8076
51900,51960,493.44,2316.3,533.6,13864.1133
51960,52020,491.81,2311.8,527.4,13698.1797
52020,52080,496.66,2302.1,557.1,14487.5820
52080,52140,502.91,2290.0,580.6,14480.0703
52140,52200,501.41,2290.6,594.6,14516.4902
52200,52260,494.06,2289.0,568.3,13865.1338
52260,52320,498.49,2284.2,587.7,14271.2744
52320,52380,500.86,2283.1,595.1,14386.0615
52380,52440,498.46,2280.3,588.2,13720.8066
52440,52500,508.02,2291.4,594.2,14118.2666
52500,52560,497.42,2308.0,569.2,13314.4736
52560,52620,496.11,2313.7,559.4,13086.3154
52620,52680,500.22,2309.4,565.5,13302.7070
52680,52740,497.83,2302.9,565.9,13468.4854
52740,52800,497.46,2304.2,564.8,13492.4736
52800,52860,495.19,2299.8,584.5,13253.5811
52860,52920,508.08,2297.4,615.9,13692.7773
52920,52980,505.27,2293.2,605.8,13744.8975
52980,53040,500.30,2293.7,602.7,13669.4297
53040,53100,489.65,2293.1,570.1,13429.3359
53100,53160,490.19,2291.1,574.1,13475.5244
53160,53220,491.19,2291.6,604.0,13536.4043
53220,53280,490.15,2289.5,589.0,13813.9922
53280,53340,492.98,2291.6,587.7,13867.5117
53340,53400,486.08,2286.4,518.3,13628.0137
53400,53460,484.44,2284.9,530.1,13177.0850
53460,53520,482.82,2282.9,524.2,12898.0313
53520,53580,476.94,2281.3,481.5,12925.8398
53580,53640,476.26,2280.9,468.1,12452.7695
53640,53700,472.50,2281.3,455.2,12739.7559
53700,53760,469.82,2279.0,431.7,12442.2559
53760,53820,469.34,2274.8,428.4,12259.8672
53820,53880,467.75,2268.7,425.6,12317.4648
53880,53940,468.27,2264.7,424.8,12207.2549
53940,54000,465.00,2263.4,423.7,13157.4365
54000,54060,464.82,2261.9,422.1,12629.2422
54060,54120,464.50,2267.6,420.6,12537.9170
54120,54180,462.25,2267.5,419.5,12793.9473
54180,54240,463.17,2265.3,411.1,11789.5762
54240,54300,461.99,2265.5,422.3,12281.5537
54300,54360,460.78,2274.4,413.7,11694.2852
54360,54420,460.60,2269.2,411.7,12159.2451
54420,54480,461.13,2261.5,405.3,12453.9639
54480,54540,461.87,2263.0,422.6,12970.9707
54540,54600,457.81,2261.3,395.9,11759.9541
54600,54660,456.72,2252.9,400.7,11705.3320
54660,54720,457.94,2253.0,417.0,11819.6074
54720,54780,455.85,2252.9,413.7,11696.0557
54780,54840,457.84,2254.0,431.8,12059.9199
54840,54900,455.89,2251.5,388.4,11777.8379
54900,54960,452.73,2250.6,378.7,11571.6787
54960,55020,450.07,2255.9,361.2,10821.2275
55020,55080,452.86,2253.5,384.4,11612.7656
55080,55140,451.21,2252.5,382.9,12567.1650
55140,55200,452.01,2253.1,376.4,11863.7939
55200,55260,450.89,2253.5,377.5,12454.6299
55260,55320,449.22,2254.9,373.0,12261.8184
55320,55380,-9999,-9999,-9999,-9999
55380,55440,-9999,-9999,-9999,-9999
55440,55500,-9999,-9999,-9999,-9999
55500,55560,-9999,-9999,-9999,-9999
55560,55620,-9999,-9999,-9999,-9999
55620,55680,-9999,-9999,-9999,-9999
55680,55740,-9999,-9999,-9999,-9999
55740,55800,-9999,-9999,-9999,-9999
55800,55860,-9999,-9999,-9999,-9999
55860,55920,-9999,-9999,-9999,-9999
55920,55980,449.70,2136.1,418.9,12321.9961
55980,56040,451.54,2130.7,438.9,12378.5361
56040,56100,450.24,2115.7,430.2,11519.2744
56100,56160,450.78,2111.5,432.4,11313.4375
56160,56220,452.19,2108.2,430.9,11536.7188
56220,56280,448.65,2108.4,423.6,11589.9609
56280,56340,449.62,2105.9,430.7,11856.8438
56340,56400,451.30,2101.9,497.9,11898.5625
56400,56460,448.10,2097.9,426.7,11445.3955
56460,56520,449.79,2097.1,434.5,11748.1270
56520,56580,446.49,2095.2,413.8,11727.8291
56580,56640,447.69,2097.5,437.6,12073.1543
56640,56700,446.10,2099.3,416.8,11730.3037
56700,56760,447.61,2099.7,426.2,12085.2354
56760,56820,447.71,2101.8,428.1,12384.0557
56820,56880,451.83,2103.7,433.9,12090.0176
56880,56940,450.26,2104.3,429.4,12443.7852
56940,57000,444.91,2103.0,409.1,12057.3789
57000,57060,447.68,2120.3,446.1,13238.8311
57060,57120,449.85,2117.3,448.4,12863.1025
57120,57180,446.20,2106.0,384.5,10944.5957
57180,57240,447.53,2111.6,396.7,10676.3301
57240,57300,444.64,2112.9,379.9,10701.4395
57300,57360,451.00,2119.1,416.4,10888.8535
57360,57420,451.46,2112.4,388.8,10753.9180
57420,57480,452.23,2114.6,378.1,11040.7637
57480,57540,446.20,2130.6,381.6,10857.4258
57540,57600,442.37,2109.2,336.2,10433.1582
57600,57660,441.74,2096.4,318.2,10441.3662
57660,57720,440.48,2105.2,327.5,10323.1357
57720,57780,439.96,2103.0,325.6,10340.2832
57780,57840,441.24,2106.1,340.4,11039.2070
57840,57900,442.00,2112.8,349.5,10847.3164
57900,57960,439.34,2108.5,331.5,11091.1699
57960,58020,439.96,2103.8,330.2,10670.2510
58020,58080,439.32,2097.9,327.5,10739.3311
58080,58140,439.39,2092.3,326.9,10529.3428
58140,58200,437.60,2089.0,326.3,10581.4199
58200,58260,437.75,2089.4,334.8,10409.4102
58260,58320,438.33,2089.9,351.4,11202.7910
58320,58380,440.87,2088.7,357.5,10751.8896
58380,58440,439.02,2090.8,368.1,11362.3076
58440,58500,439.50,2086.3,347.6,10447.5479
58500,58560,440.08,2085.0,345.6,10079.3447
58560,58620,440.32,2081.8,344.8,10095.4219
58620,58680,436.43,2098.0,324.2,10440.0439
58680,58740,435.61,2107.3,322.4,10699.0547
58740,58800,434.71,2108.5,313.7,10663.4697
58800,58860,434.30,2107.5,301.1,10594.8330
58860,58920,434.30,2105.2,307.3,10797.3701
58920,58980,434.86,2104.0,308.6,10521.3701
58980,59040,435.64,2103.8,301.1,10414.9248
59040,59100,435.27,2104.6,302.7,10192.0361
59100,59160,435.25,2106.1,304.1,10369.5254
59160,59220,435.35,2110.7,305.6,10678.1563
59220,59280,435.19,2118.9,304.8,10656.8711
59280,59340,435.03,2119.9,390.5,10869.0918
59340,59400,435.64,2114.8,388.1,10902.2246
59400,59460,435.02,2114.5,317.1,10723.9063
59460,59520,434.92,2112.8,310.8,10799.4502
59520,59580,435.47,2116.0,312.3,10803.4053
59580,59640,435.91,2116.0,322.5,10809.1709
59640,59700,435.54,2116.1,314.2,10728.1787
59700,59760,435.73,2112.8,315.0,10731.8271
59760,59820,435.06,2105.2,310.9,10481.7412
59820,59880,434.53,2100.8,305.6,10528.7490
59880,59940,433.56,2085.7,294.6,9855.1797
59940,60000,434.22,2097.7,298.7,10256.0615
60000,60060,434.39,2104.2,298.2,10287.1162
60060,60120,434.60,2105.0,301.0,10418.6221
60120,60180,435.34,2107.9,311.2,10421.6230
60180,60240,434.72,2107.6,307.7,10360.0996
60240,60300,434.95,2110.3,305.0,10305.5352
60300,60360,435.01,2115.0,308.8,10636.0537
60360,60420,435.98,2121.3,319.2,10700.5459
60420,60480,436.27,2125.3,327.3,10890.2871
60480,60540,436.66,2130.4,333.3,11022.2910
60540,60600,436.53,2133.3,334.0,11224.6846
60600,60660,437.39,2138.3,334.7,10827.7422
60660,60720,437.65,2139.7,342.6,10833.3467
60720,60780,438.35,2143.7,346.4,11082.1670
60780,60840,437.94,2147.2,345.1,10762.2520
60840,60900,437.94,2148.0,353.0,11071.0996
60900,60960,437.38,2147.4,344.3,10865.2080
60960,61020,438.02,2143.8,342.4,10567.7461
61020,61080,437.99,2140.6,337.7,10112.9365
61080,61140,438.19,2140.1,339.5,10474.1016
61140,61200,440.73,2142.0,356.7,10270.1768
61200,61260,439.73,2138.3,348.5,10424.7783
61260,61320,441.65,2149.2,361.2,10440.4053
61320,61380,442.46,2154.7,367.1,10704.9229
61380,61440,443.25,2151.0,367.7,10337.6826
61440,61500,443.63,2156.6,375.5,10615.5898
61500,61560,443.98,2157.6,378.5,10585.7871
61560,61620,443.79,2159.9,380.5,10692.7559
61620,61680,445.42,2169.9,387.9,10550.4170
61680,61740,445.20,2164.8,385.3,10434.5918
61740,61800,445.29,2163.5,386.9,10315.7959
61800,61860,444.22,2165.3,386.0,10337.5244
61860,61920,445.80,2170.1,394.5,10262.7656
61920,61980,444.09,2155.7,373.2,9910.7373
61980,62040,444.50,2159.0,376.4,10122.1484
62040,62100,443.72,2151.6,374.6,10217.7402
62100,62160,443.82,2150.3,376.0,10167.1631
62160,62220,444.75,2159.6,380.9,10227.6816
62220,62280,447.42,2164.4,391.6,10453.1318
62280,62340,446.45,2169.5,395.2,10906.5078
62340,62400,444.70,2172.5,395.8,11685.5762
62400,62460,444.47,2162.0,380.3,10658.6094
62460,62520,444.28,2162.9,384.7,11159.3037
62520,62580,442.98,2155.2,380.8,11266.8164
62580,62640,443.75,2156.1,384.1,10912.2520
62640,62700,442.57,2143.1,377.4,10795.4873
62700,62760,442.28,2128.4,360.7,10150.1064
62760,62820,441.71,2128.2,357.8,10320.1328
62820,62880,439.92,2118.9,351.4,10314.4844
62880,62940,440.09,2118.0,351.2,10238.5195
62940,63000,438.75,2116.9,352.8,10773.5518
63000,63060,438.69,2115.2,345.5,10581.2412
63060,63120,439.03,2121.1,353.6,10944.2793
63120,63180,439.47,2125.7,360.8,11228.4316
63180,63240,439.27,2128.8,366.8,11702.9316
63240,63300,445.46,2144.1,380.8,10499.3613
63300,63360,444.11,2137.0,373.2,10390.9717
63360,63420,444.29,2139.3,376.2,10673.8418
63420,63480,444.38,2138.1,376.1,10617.2471
63480,63540,443.64,2136.7,377.0,10762.1982
63540,63600,442.62,2128.6,371.8,10925.5908
63600,63660,441.38,2114.5,356.5,10094.6162
63660,63720,441.71,2117.6,358.0,10145.7354
63720,63780,441.99,2119.5,360.7,10192.8076
63780,63840,441.90,2118.1,361.1,10161.4551
63840,63900,441.33,2114.5,359.3,10091.9922
63900,63960,441.19,2115.3,356.9,10069.2705
63960,64020,440.71,2114.1,356.9,10517.3633
64020,64080,440.81,2111.9,355.8,10099.0469
64080,64140,441.31,2109.1,354.9,10229.7930
64140,64200,441.80,2108.9,354.8,10416.3164
64200,64260,441.30,2106.7,358.7,10437.3076
64260,64320,438.98,2101.2,349.6,10730.8984
64320,64380,439.98,2103.2,377.2,10792.7646
64380,64440,442.12,2106.0,390.8,10933.2871
64440,64500,442.36,2102.6,365.5,11132.8389
64500,64560,439.40,2095.0,391.2,10786.7539
64560,64620,437.87,2092.4,376.8,11337.4189
64620,64680,437.93,2091.6,368.9,9897.3838
64680,64740,438.20,2093.1,388.7,9974.7646
64740,64800,438.40,2097.1,348.3,10348.6406
64800,64860,438.89,2097.8,345.9,10023.1709
64860,64920,438.37,2092.1,343.1,10073.3027
64920,64980,439.32,2092.3,348.8,10141.3525
64980,65040,440.80,2094.4,360.7,11089.1543
65040,65100,436.12,2086.4,354.3,12097.5381
65100,65160,431.45,2030.3,290.4,8971.5303
65160,65220,431.58,2034.6,291.6,9127.6523
65220,65280,430.86,2039.6,296.4,9843.5635
65280,65340,430.62,2042.3,300.6,10351.0020
65340,65400,432.69,2044.6,305.5,9361.6289
65400,65460,432.79,2043.2,302.5,9345.5957
65460,65520,432.90,2041.8,302.8,9077.0537
65520,65580,433.32,2045.6,303.3,9110.6406
65580,65640,433.17,2042.6,302.2,8993.1201
65640,65700,433.37,2045.3,303.8,9145.7119
65700,65760,432.85,2043.7,303.2,9395.6680
65760,65820,433.08,2042.6,302.0,9235.1338
65820,65880,434.57,2042.3,311.6,8937.8369
65880,65940,435.44,2043.3,323.9,9140.5898
65940,66000,434.55,2042.0,311.1,9076.5850
66000,66060,433.94,2038.9,305.0,8956.9678
66060,66120,433.61,2037.5,304.8,8923.6221
66120,66180,433.64,2038.5,302.4,8930.0947
66180,66240,433.45,2039.2,302.0,8884.1514
66240,66300,433.50,2039.9,303.1,8929.5488
66300,66360,433.74,2042.8,307.2,9039.6855
66360,66420,433.61,2040.0,308.2,9238.9023
66420,66480,433.86,2039.8,308.4,8995.4043
66480,66540,433.59,2040.8,305.3,8910.4824
66540,66600,433.45,2041.9,305.8,9383.3340
66600,66660,433.44,2042.9,306.8,9292.6084
66660,66720,433.51,2042.7,307.8,9369.2480
66720,66780,433.96,2042.5,309.4,9230.8574
66780,66840,434.01,2042.3,312.4,9189.1826
66840,66900,433.97,2041.5,311.2,9071.2207
66900,66960,434.57,2040.0,319.3,9128.6299
66960,67020,434.33,2040.7,315.0,9457.4961
67020,67080,433.37,2039.3,313.7,9804.6504
67080,67140,433.43,2033.2,307.9,9310.4316
67140,67200,433.78,2033.9,309.2,9365.6240
67200,67260,433.68,2030.6,310.8,9221.0469
67260,67320,433.79,2030.1,309.1,8953.7207
67320,67380,433.31,2020.1,293.7,9155.7949
67380,67440,433.19,2018.4,290.3,9136.2021
67440,67500,432.43,2012.5,279.6,8612.1660
67500,67560,432.17,2012.5,274.9,8642.7949
67560,67620,432.12,2008.8,270.3,8451.7842
67620,67680,431.81,2007.8,271.2,8203.6377
67680,67740,431.62,2010.1,272.0,8421.0820
67740,67800,432.10,2012.4,276.9,8642.5146
67800,67860,432.18,2013.7,278.1,9021.1250
67860,67920,433.06,2013.2,281.0,8642.9463
67920,67980,432.70,2012.8,282.0,8701.2520
67980,68040,432.14,2013.8,282.1,9224.2275
68040,68100,431.38,2016.9,279.9,8685.9971
68100,68160,431.53,2015.4,276.7,8598.4326
68160,68220,431.21,2016.1,281.2,9207.2520
68220,68280,431.32,2017.1,278.7,8655.8066
68280,68340,431.87,2020.5,281.4,8378.4170
