CampaignData_and_Merges/R0/CSL_MobileLab_Parked/raw/20240808/USOS-MetNav_MobileLabGround_20240808_R0.ict
44, 1001
Carrie Womack, Nate Howard, Mike Zucker
NOAA Chemical Sciences Laboratory
Mobile Lab MetNav Station
USOS
1, 1
2024, 08, 08, 2024, 12, 21
60
Time_Start, seconds_past_midnight, Seconds from midnight UTC
11
1, 1, 1, 1, 1, 1, 1, 1, 1, 1, 1
-9999, -9999, -9999, -9999, -9999, -9999, -9999, -9999, -9999, -9999, -9999
GPS_Alt_m, meters, Altitude from Differential GPS
GPS_Course_deg, degrees, Course from Differential GPS
GPS_GndSpd_m_s, m/s, Ground Speed from Differential GPS
GPS_Heading_deg, degrees, Heading from Differential GPS
GPS_Lat_deg, degrees, Latitude from Differential GPS
GPS_Lon_deg, degrees, Longitude from Differential GPS
AirTemp_C, Celsius, Air Temperature from Airmar
RelHumidity_pct, percent, Relative Humidity from Airmar
Pressure_mb, millibars, Pressure from Honeywell
WindDir_calc_deg, degrees, Wind Direction from Airmar corrected for van movement
WindSpd_calc_m_s, m/s, Wind Speed from Airmar corrected for van movement
1
SPECIAL COMMENTS:
18
PI_CONTACT_INFO: Address: 325 Broadway R/CSL7, Boulder, CO, 80305
PLATFORM: CSL Mobile Lab
LOCATION: Salt Lake City, UT
ASSOCIATED_DATA: N/A
INSTRUMENT_INFO: N/A
DATA_INFO: Units:
UNCERTAINTY: N/A
ULOD_FLAG: -7777
ULOD_VALUE: N/A
LLOD_FLAG: -8888
LLOD_VALUE: N/A
DM_CONTACT_INFO: Data Manager: Nate Howard
PROJECT_INFO: 
STIPULATIONS_ON_USE: Use of these data require prior ok from PI.
OTHER_COMMENTS: 
REVISION: R0
R0: Final data. Fixed bug in wind averaging code. RA: Preliminary Data. For in-field use only. 
Time_Start, GPS_Alt_m, GPS_Course_deg, GPS_GndSpd_m_s, GPS_Heading_deg, GPS_Lat_deg, GPS_Lon_deg, AirTemp_C, RelHumidity_pct, Pressure_mb, WindDir_calc_deg, WindSpd_calc_m_s
0.0,1308.7,2.95,0.05,2.95,40.73434,-111.87210,38.0,10.3,875.7,78.65,0.8
60.0,1308.9,2.80,0.05,2.80,40.73434,-111.87211,37.9,10.6,875.7,87.30,0.9
120.0,1309.0,2.78,0.05,2.78,40.73434,-111.87211,37.9,10.6,875.7,66.60,0.7
180.0,1308.9,2.68,0.04,2.68,40.73434,-111.87211,37.9,10.8,875.7,79.25,0.6
240.0,1308.9,2.56,0.05,2.56,40.73434,-111.87211,37.9,10.6,875.6,85.13,0.6
300.0,1309.1,2.72,0.05,2.72,40.73434,-111.87211,38.0,10.4,875.6,67.74,0.4
360.0,1309.2,2.62,0.05,2.62,40.73434,-111.87211,37.9,10.4,875.6,84.51,0.7
420.0,1309.1,2.18,0.05,2.18,40.73434,-111.87211,37.7,10.5,875.6,85.63,1.0
480.0,1309.0,2.20,0.05,2.20,40.73434,-111.87211,37.7,10.8,875.6,104.92,1.2
540.0,1309.0,2.51,0.06,2.51,40.73434,-111.87211,37.7,11.2,875.6,103.15,1.2
600.0,1309.0,2.32,0.05,2.32,40.73434,-111.87211,37.7,11.2,875.6,117.25,1.3
660.0,1309.1,2.01,0.05,2.01,40.73434,-111.87211,37.8,11.2,875.6,103.77,0.9
720.0,1309.2,1.80,0.04,1.80,40.73434,-111.87211,37.7,11.2,875.6,82.15,0.7
780.0,1309.3,1.77,0.05,1.77,40.73434,-111.87211,37.6,10.7,875.5,71.86,1.0
840.0,1309.3,2.17,0.06,2.17,40.73434,-111.87211,37.5,10.6,875.6,91.25,0.6
900.0,1309.3,2.63,0.05,2.63,40.73434,-111.87211,37.6,10.9,875.6,122.67,1.4
960.0,1309.3,2.40,0.04,2.40,40.73434,-111.87211,37.7,11.2,875.6,101.04,0.9
1020.0,1309.1,2.14,0.04,2.14,40.73434,-111.87211,37.5,10.8,875.6,69.01,0.7
1080.0,1309.0,1.75,0.05,1.75,40.73434,-111.87211,37.6,11.0,875.5,106.57,1.1
1140.0,1309.0,1.45,0.04,1.45,40.73434,-111.87211,37.6,11.2,875.5,108.91,1.2
1200.0,1309.0,1.60,0.05,1.60,40.73434,-111.87211,37.7,11.3,875.5,112.99,1.2
1260.0,1309.0,1.36,0.05,1.36,40.73434,-111.87211,37.7,11.4,875.5,96.36,0.9
1320.0,1308.9,1.51,0.04,1.51,40.73434,-111.87211,37.8,11.7,875.5,116.48,1.2
1380.0,1308.8,2.11,0.05,2.11,40.73434,-111.87211,37.7,11.6,875.5,111.35,1.3
1440.0,1308.8,2.39,0.04,2.39,40.73434,-111.87211,37.7,11.3,875.5,91.28,0.9
1500.0,1308.7,2.05,0.05,2.05,40.73434,-111.87211,37.7,11.5,875.5,98.93,0.9
1560.0,1308.6,1.41,0.05,1.41,40.73434,-111.87211,37.7,10.9,875.5,124.24,1.1
1620.0,1308.6,0.94,0.06,0.94,40.73434,-111.87211,37.6,10.7,875.5,94.39,0.9
1680.0,1308.4,0.95,0.06,0.95,40.73434,-111.87211,37.6,11.1,875.5,96.26,0.8
1740.0,1308.2,0.76,0.05,0.76,40.73434,-111.87211,37.6,10.8,875.5,102.31,0.8
1800.0,1308.3,1.31,0.05,1.31,40.73434,-111.87211,37.6,11.2,875.5,106.87,1.1
1860.0,1308.5,2.06,0.05,2.06,40.73434,-111.87211,37.5,11.4,875.5,82.84,0.7
1920.0,1308.6,1.94,0.05,1.94,40.73434,-111.87211,37.6,10.9,875.5,88.14,0.5
1980.0,1308.6,1.77,0.05,1.77,40.73434,-111.87211,37.5,12.0,875.5,106.83,1.0
2040.0,1308.7,1.96,0.06,1.96,40.73434,-111.87211,37.5,11.9,875.5,101.92,1.0
2100.0,1308.7,2.25,0.06,2.25,40.73434,-111.87211,37.4,12.0,875.6,98.71,0.8
2160.0,1308.8,2.06,0.05,2.06,40.73434,-111.87211,37.5,12.1,875.6,110.39,1.0
2220.0,1308.7,2.02,0.05,2.02,40.73434,-111.87211,37.5,11.3,875.6,115.02,1.0
2280.0,1308.6,2.67,0.05,2.67,40.73434,-111.87211,37.5,11.2,875.6,82.18,0.7
2340.0,1308.4,2.64,0.05,2.64,40.73434,-111.87211,37.4,11.4,875.5,88.77,0.8
2400.0,1308.3,2.85,0.05,2.85,40.73434,-111.87211,37.3,11.0,875.5,109.14,0.8
2460.0,1308.2,2.51,0.06,2.51,40.73434,-111.87211,37.2,11.2,875.5,105.09,1.2
2520.0,1308.4,2.07,0.05,2.07,40.73433,-111.87211,37.2,11.3,875.5,111.11,1.2
2580.0,1308.7,2.13,0.05,2.13,40.73433,-111.87211,37.1,11.4,875.5,106.77,0.9
2640.0,1308.7,2.08,0.05,2.08,40.73434,-111.87211,37.0,10.8,875.5,94.27,0.8
2700.0,1308.7,1.92,0.05,1.92,40.73434,-111.87211,37.0,11.1,875.4,120.95,1.3
2760.0,1308.8,2.61,0.05,2.61,40.73433,-111.87211,36.9,10.8,875.4,113.36,1.4
2820.0,1308.8,2.78,0.05,2.78,40.73434,-111.87211,37.0,11.1,875.4,108.59,1.0
2880.0,1308.8,2.63,0.05,2.63,40.73434,-111.87211,37.0,11.4,875.4,110.62,1.1
2940.0,1308.7,2.00,0.05,2.00,40.73434,-111.87211,37.0,11.2,875.4,115.46,1.2
3000.0,1308.8,1.86,0.05,1.86,40.73434,-111.87211,36.9,11.8,875.4,105.81,1.1
3060.0,1309.1,2.00,0.06,2.00,40.73433,-111.87211,37.0,12.2,875.4,107.12,1.0
3120.0,1309.0,2.30,0.05,2.30,40.73434,-111.87211,36.9,11.1,875.4,120.49,1.0
3180.0,1309.1,2.27,0.05,2.27,40.73433,-111.87211,36.9,11.0,875.4,102.68,0.7
3240.0,1309.1,2.48,0.06,2.48,40.73433,-111.87211,36.9,11.3,875.4,112.04,1.2
3300.0,1309.2,1.98,0.06,1.98,40.73433,-111.87211,36.8,11.1,875.4,116.50,1.3
3360.0,1309.2,1.90,0.06,1.90,40.73433,-111.87211,36.7,11.0,875.3,98.82,0.9
3420.0,1309.2,2.30,0.05,2.30,40.73433,-111.87211,36.7,10.7,875.3,122.90,1.6
3480.0,1308.9,2.28,0.05,2.28,40.73433,-111.87211,36.7,11.0,875.3,126.09,1.9
3540.0,1309.0,2.52,0.05,2.52,40.73433,-111.87211,36.5,11.0,875.3,118.17,1.9
3600.0,1309.0,2.91,0.05,2.91,40.73433,-111.87211,36.5,12.1,875.3,109.22,0.9
3660.0,1309.3,2.63,0.06,2.63,40.73433,-111.87210,36.4,12.0,875.2,105.68,0.9
3720.0,1309.4,3.14,0.05,3.14,40.73433,-111.87210,36.4,11.3,875.2,120.79,1.3
3780.0,1309.5,2.86,0.05,2.86,40.73433,-111.87210,36.2,11.7,875.2,108.77,1.1
3840.0,1309.6,2.83,0.06,2.83,40.73433,-111.87210,36.2,11.3,875.2,108.53,0.8
3900.0,1309.7,2.99,0.05,2.99,40.73433,-111.87210,36.2,11.5,875.2,111.18,0.9
3960.0,1309.6,3.12,0.06,3.12,40.73433,-111.87210,36.2,11.6,875.2,113.55,1.1
4020.0,1309.6,2.71,0.05,2.71,40.73433,-111.87210,36.2,11.7,875.2,113.02,1.1
4080.0,1309.8,2.42,0.05,2.42,40.73434,-111.87210,36.1,12.3,875.2,113.20,1.4
4140.0,1309.7,2.36,0.06,2.36,40.73434,-111.87210,36.1,11.9,875.2,110.31,1.0
4200.0,1309.4,2.19,0.06,2.19,40.73434,-111.87210,36.1,11.2,875.2,103.25,0.8
4260.0,1309.3,2.34,0.06,2.34,40.73434,-111.87210,36.1,11.4,875.2,104.79,0.8
4320.0,1309.1,2.48,0.06,2.48,40.73434,-111.87210,36.0,11.9,875.2,108.56,0.9
4380.0,1308.9,2.20,0.06,2.20,40.73434,-111.87210,36.0,12.5,875.1,101.40,0.8
4440.0,1308.8,2.37,0.06,2.37,40.73434,-111.87210,36.0,11.8,875.1,103.47,0.8
4500.0,1308.8,2.09,0.06,2.09,40.73434,-111.87210,36.0,12.5,875.1,98.89,0.7
4560.0,1308.7,2.22,0.05,2.22,40.73434,-111.87210,36.0,11.6,875.1,108.46,0.9
4620.0,1308.6,2.42,0.05,2.42,40.73433,-111.87210,36.0,11.3,875.1,116.18,1.4
4680.0,1308.4,2.39,0.05,2.39,40.73433,-111.87210,36.0,11.0,875.1,113.94,1.3
4740.0,1308.3,2.78,0.06,2.78,40.73433,-111.87210,36.0,11.6,875.1,114.00,1.0
4800.0,1308.3,2.99,0.06,2.99,40.73433,-111.87210,36.0,11.6,875.1,121.84,1.4
4860.0,1308.3,2.49,0.06,2.49,40.73433,-111.87210,35.9,12.0,875.1,120.62,1.5
4920.0,1308.4,2.20,0.05,2.20,40.73433,-111.87210,35.9,12.6,875.1,121.22,1.7
4980.0,1308.5,2.43,0.06,2.43,40.73433,-111.87210,35.9,12.4,875.0,119.02,1.3
5040.0,1308.4,2.69,0.06,2.69,40.73433,-111.87210,36.0,12.3,875.0,119.86,1.3
5100.0,1308.5,2.30,0.06,2.30,40.73433,-111.87210,36.0,12.7,875.0,116.05,1.1
5160.0,1308.5,2.45,0.05,2.45,40.73433,-111.87210,35.9,12.5,875.1,119.47,1.5
5220.0,1308.4,2.44,0.05,2.44,40.73433,-111.87210,35.9,12.6,875.1,119.17,1.2
5280.0,1308.4,1.90,0.06,1.90,40.73433,-111.87210,35.9,13.2,875.0,109.29,0.9
5340.0,1308.4,2.26,0.06,2.26,40.73433,-111.87210,35.8,12.7,875.1,115.91,1.3
5400.0,1308.5,2.45,0.05,2.45,40.73434,-111.87210,35.8,12.5,875.0,121.44,1.5
5460.0,1308.7,2.18,0.05,2.18,40.73434,-111.87210,35.9,12.7,875.1,120.67,1.3
5520.0,1308.7,2.15,0.06,2.15,40.73434,-111.87210,35.8,13.0,875.1,116.02,1.1
5580.0,1308.7,1.80,0.06,1.80,40.73434,-111.87210,35.8,13.1,875.1,109.84,0.9
5640.0,1308.4,1.55,0.05,1.55,40.73434,-111.87210,35.7,13.5,875.1,110.15,0.9
5700.0,1308.3,1.18,0.06,1.18,40.73433,-111.87211,35.6,13.5,875.1,111.17,0.9
5760.0,1308.2,1.61,0.05,1.61,40.73433,-111.87211,35.5,12.7,875.1,113.83,1.1
5820.0,1308.1,1.62,0.05,1.62,40.73433,-111.87211,35.5,12.5,875.1,114.13,1.0
5880.0,1308.1,1.41,0.05,1.41,40.73433,-111.87211,35.4,12.6,875.1,120.51,1.2
5940.0,1308.2,1.59,0.06,1.59,40.73433,-111.87211,35.3,13.0,875.1,123.44,1.3
6000.0,1308.4,1.62,0.05,1.62,40.73433,-111.87211,35.2,12.4,875.1,123.13,1.4
6060.0,1308.5,1.39,0.05,1.39,40.73433,-111.87211,35.1,13.6,875.1,121.59,1.4
6120.0,1308.6,1.04,0.05,1.04,40.73433,-111.87211,35.0,13.4,875.1,117.92,1.2
6180.0,1308.7,1.16,0.06,1.16,40.73433,-111.87211,34.9,13.3,875.1,122.60,1.4
6240.0,1308.7,1.10,0.05,1.10,40.73433,-111.87211,34.8,13.1,875.1,120.41,1.5
6300.0,1308.6,1.45,0.06,1.45,40.73433,-111.87211,34.8,13.0,875.1,122.00,1.4
6360.0,1308.6,1.70,0.06,1.70,40.73433,-111.87211,34.7,13.1,875.1,116.88,1.2
6420.0,1308.7,1.34,0.05,1.34,40.73433,-111.87211,34.6,13.2,875.1,119.61,1.2
6480.0,1308.7,1.59,0.05,1.59,40.73433,-111.87211,34.6,13.8,875.1,122.93,1.2
6540.0,1308.7,1.71,0.05,1.71,40.73433,-111.87211,34.5,14.0,875.1,118.12,1.3
6600.0,1308.6,1.50,0.06,1.50,40.73433,-111.87211,34.4,13.9,875.1,121.64,1.1
6660.0,1308.1,1.68,0.06,1.68,40.73433,-111.87211,34.4,14.5,875.1,112.28,0.9
6720.0,1308.3,1.53,0.06,1.53,40.73433,-111.87211,34.3,14.1,875.1,115.79,1.0
6780.0,1308.3,1.66,0.05,1.66,40.73433,-111.87211,34.1,14.9,875.1,101.66,0.6
6840.0,1308.3,1.89,0.05,1.89,40.73433,-111.87211,34.0,14.4,875.1,113.93,0.8
6900.0,1308.0,2.09,0.06,2.09,40.73433,-111.87211,33.9,14.6,875.2,114.05,0.8
6960.0,1308.0,2.87,0.05,2.87,40.73434,-111.87211,33.9,14.8,875.2,117.69,0.9
7020.0,1308.1,2.52,0.06,2.52,40.73433,-111.87211,33.8,15.2,875.2,119.79,1.0
7080.0,1308.6,2.68,0.06,2.68,40.73433,-111.87211,33.7,15.2,875.2,114.65,0.9
7140.0,1308.6,2.48,0.06,2.48,40.73433,-111.87211,33.6,14.8,875.2,112.70,0.7
7200.0,1308.6,2.19,0.05,2.19,40.73433,-111.87211,33.6,14.7,875.2,114.34,0.8
7260.0,1308.2,2.02,0.05,2.02,40.73434,-111.87211,33.5,15.2,875.2,120.32,1.1
7320.0,1308.1,2.56,0.05,2.56,40.73434,-111.87211,33.4,15.2,875.2,114.63,0.9
7380.0,1308.1,2.99,0.05,2.99,40.73434,-111.87211,33.3,15.4,875.2,109.67,0.7
7440.0,1308.2,3.25,0.06,3.25,40.73434,-111.87211,33.2,15.3,875.2,109.07,0.7
7500.0,1308.2,3.04,0.06,3.04,40.73434,-111.87211,33.1,15.6,875.2,111.87,0.8
7560.0,1308.3,3.22,0.07,3.22,40.73434,-111.87211,33.0,15.8,875.2,105.95,0.7
7620.0,1308.4,3.01,0.06,3.01,40.73434,-111.87211,32.9,15.7,875.2,107.30,0.7
7680.0,1308.1,3.01,0.06,3.01,40.73434,-111.87211,32.8,15.9,875.2,114.54,0.9
7740.0,1308.0,2.89,0.06,2.89,40.73434,-111.87211,32.8,15.8,875.2,112.47,1.0
7800.0,1308.0,2.84,0.05,2.84,40.73434,-111.87211,32.7,16.3,875.2,102.64,0.8
7860.0,1308.1,2.69,0.05,2.69,40.73434,-111.87211,32.5,16.8,875.2,114.46,0.8
7920.0,1308.1,3.16,0.05,3.16,40.73434,-111.87211,32.5,16.9,875.2,117.27,0.8
7980.0,1308.3,2.92,0.05,2.92,40.73434,-111.87211,32.4,17.3,875.2,110.74,0.7
8040.0,1308.3,2.91,0.05,2.91,40.73434,-111.87211,32.2,16.9,875.2,107.95,0.7
8100.0,1308.5,3.20,0.05,3.20,40.73434,-111.87211,32.1,17.1,875.3,111.66,0.7
8160.0,1308.5,2.90,0.04,2.90,40.73434,-111.87211,32.0,16.9,875.2,123.08,1.1
8220.0,1308.0,2.67,0.04,2.67,40.73434,-111.87211,31.9,17.2,875.2,125.09,1.1
8280.0,1307.8,2.86,0.05,2.86,40.73434,-111.87211,31.8,17.4,875.3,121.07,1.1
8340.0,1308.0,3.33,0.05,3.33,40.73434,-111.87211,31.7,17.6,875.2,117.90,1.0
8400.0,1308.2,3.27,0.04,3.27,40.73434,-111.87211,31.5,16.9,875.2,119.19,1.0
8460.0,1308.6,2.78,0.05,2.78,40.73433,-111.87211,31.4,17.4,875.3,122.47,1.5
8520.0,1308.9,2.90,0.05,2.90,40.73433,-111.87211,31.2,16.7,875.2,122.21,1.5
8580.0,1308.9,2.97,0.05,2.97,40.73433,-111.87211,31.1,16.8,875.3,125.40,1.0
8640.0,1308.7,2.61,0.05,2.61,40.73433,-111.87211,31.0,16.9,875.3,123.60,1.3
8700.0,1308.4,2.62,0.05,2.62,40.73434,-111.87211,30.9,16.7,875.3,120.21,0.7
8760.0,1308.3,2.80,0.06,2.80,40.73434,-111.87211,30.8,16.6,875.3,119.68,0.9
8820.0,1308.4,2.89,0.06,2.89,40.73433,-111.87211,30.7,16.6,875.3,131.81,1.1
8880.0,1308.7,2.88,0.05,2.88,40.73433,-111.87211,30.6,16.5,875.3,132.49,0.8
8940.0,1308.8,3.04,0.05,3.04,40.73433,-111.87211,30.6,16.4,875.3,131.47,1.2
9000.0,1308.7,2.40,0.05,2.40,40.73433,-111.87211,30.4,16.5,875.3,126.37,1.5
9060.0,1308.7,2.52,0.05,2.52,40.73433,-111.87210,30.3,16.7,875.4,115.25,0.6
9120.0,1308.7,2.54,0.05,2.54,40.73433,-111.87210,30.2,16.5,875.4,125.31,1.6
9180.0,1308.7,2.04,0.05,2.04,40.73434,-111.87210,30.1,16.6,875.4,129.12,1.4
9240.0,1308.8,2.28,0.05,2.28,40.73434,-111.87210,30.1,17.0,875.4,129.41,1.2
9300.0,1308.8,2.23,0.06,2.23,40.73434,-111.87210,30.0,16.9,875.4,127.47,1.3
9360.0,1308.8,2.16,0.05,2.16,40.73434,-111.87210,29.9,16.9,875.4,124.36,1.1
9420.0,1308.7,2.53,0.05,2.53,40.73434,-111.87211,29.8,17.0,875.3,122.63,1.5
9480.0,1308.7,2.39,0.05,2.39,40.73434,-111.87211,29.8,17.2,875.3,124.78,0.9
9540.0,1308.7,2.32,0.05,2.32,40.73434,-111.87211,29.7,17.3,875.3,123.73,1.3
9600.0,1308.5,2.18,0.05,2.18,40.73434,-111.87211,29.5,17.1,875.3,122.12,1.5
9660.0,1308.3,2.27,0.05,2.27,40.73434,-111.87211,29.5,17.4,875.2,130.21,1.2
9720.0,1308.2,2.49,0.05,2.49,40.73434,-111.87210,29.4,17.5,875.2,127.34,0.9
9780.0,1308.1,2.23,0.04,2.23,40.73434,-111.87211,29.4,17.5,875.3,124.30,1.1
9840.0,1308.1,2.91,0.05,2.91,40.73434,-111.87211,29.3,17.5,875.2,122.14,0.9
9900.0,1308.0,2.92,0.05,2.92,40.73434,-111.87211,29.2,17.5,875.2,129.91,1.3
9960.0,1307.9,2.52,0.05,2.52,40.73434,-111.87211,29.1,17.6,875.2,118.87,1.0
10020.0,1308.0,2.52,0.05,2.52,40.73434,-111.87211,29.0,17.4,875.2,115.97,1.0
10080.0,1308.0,2.69,0.05,2.69,40.73434,-111.87211,29.0,17.6,875.3,114.55,0.6
10140.0,1308.0,2.58,0.05,2.58,40.73434,-111.87211,28.9,17.5,875.3,124.40,1.6
10200.0,1307.9,2.48,0.05,2.48,40.73434,-111.87211,28.9,17.5,875.3,121.29,0.6
10260.0,1307.9,2.37,0.05,2.37,40.73434,-111.87210,28.8,17.5,875.3,138.91,1.0
10320.0,1307.7,2.98,0.05,2.98,40.73434,-111.87211,28.8,17.7,875.3,114.74,0.4
10380.0,1307.7,2.95,0.05,2.95,40.73434,-111.87211,28.8,17.7,875.3,125.39,0.7
10440.0,1307.7,2.47,0.05,2.47,40.73434,-111.87210,28.7,17.5,875.3,101.33,0.6
10500.0,1307.9,2.48,0.05,2.48,40.73434,-111.87210,28.7,17.6,875.3,118.97,0.7
10560.0,1308.0,2.26,0.05,2.26,40.73434,-111.87210,28.7,17.5,875.3,134.58,0.7
10620.0,1307.9,2.01,0.05,2.01,40.73434,-111.87210,28.6,17.6,875.3,128.82,1.2
10680.0,1307.8,1.96,0.05,1.96,40.73434,-111.87210,28.5,17.8,875.3,132.97,0.9
10740.0,1307.9,2.39,0.05,2.39,40.73434,-111.87210,28.5,17.8,875.3,127.58,1.0
10800.0,1308.1,2.38,0.05,2.38,40.73434,-111.87210,28.4,17.9,875.3,98.20,0.5
10860.0,1308.0,2.27,0.05,2.27,40.73434,-111.87210,28.4,17.8,875.3,133.02,0.3
10920.0,1307.9,2.48,0.05,2.48,40.73434,-111.87210,28.4,18.2,875.3,141.16,0.3
10980.0,1307.9,2.68,0.05,2.68,40.73434,-111.87210,28.5,18.2,875.3,132.84,0.3
11040.0,1308.1,2.52,0.05,2.52,40.73434,-111.87210,28.5,18.2,875.3,108.33,0.6
11100.0,1308.0,2.37,0.05,2.37,40.73434,-111.87211,28.4,18.3,875.3,126.44,0.8
11160.0,1308.1,2.31,0.06,2.31,40.73434,-111.87211,28.3,18.2,875.3,120.75,0.9
11220.0,1308.1,2.12,0.05,2.12,40.73434,-111.87211,28.3,18.0,875.4,135.15,0.5
11280.0,1308.2,2.34,0.05,2.34,40.73434,-111.87211,28.3,18.0,875.4,128.05,0.9
11340.0,1308.2,2.43,0.05,2.43,40.73434,-111.87211,28.3,18.0,875.4,122.62,0.6
11400.0,1308.3,2.39,0.05,2.39,40.73434,-111.87211,28.3,18.0,875.4,136.92,0.5
11460.0,1308.4,2.51,0.05,2.51,40.73434,-111.87210,28.3,18.1,875.4,126.98,0.6
11520.0,1308.4,2.44,0.05,2.44,40.73434,-111.87210,28.2,18.0,875.5,114.19,0.5
11580.0,1308.3,2.36,0.05,2.36,40.73434,-111.87211,28.2,18.1,875.5,118.37,0.6
11640.0,1308.2,2.33,0.04,2.33,40.73434,-111.87211,28.2,18.0,875.5,141.78,0.6
11700.0,1308.2,2.94,0.04,2.94,40.73434,-111.87211,28.2,17.8,875.5,150.72,1.1
11760.0,1308.3,3.00,0.06,3.00,40.73434,-111.87210,28.1,18.1,875.5,135.02,0.9
11820.0,1308.3,2.71,0.05,2.71,40.73434,-111.87210,28.1,18.3,875.5,136.96,1.1
11880.0,1308.3,2.99,0.05,2.99,40.73434,-111.87211,28.0,18.1,875.5,128.17,0.8
11940.0,1308.3,3.06,0.04,3.06,40.73434,-111.87210,27.9,17.9,875.5,132.08,1.4
12000.0,1308.5,2.79,0.05,2.79,40.73434,-111.87210,27.8,18.2,875.5,128.96,1.6
12060.0,1308.6,2.69,0.05,2.69,40.73434,-111.87210,27.7,18.4,875.5,127.87,1.7
12120.0,1308.6,1.99,0.06,1.99,40.73434,-111.87210,27.6,18.1,875.5,129.20,1.3
12180.0,1309.0,2.45,0.06,2.45,40.73434,-111.87210,27.6,18.1,875.6,124.63,0.6
12240.0,1308.8,2.55,0.05,2.55,40.73434,-111.87210,27.6,17.8,875.6,123.91,0.4
12300.0,1309.0,3.45,0.05,3.45,40.73434,-111.87210,27.7,17.6,875.6,118.73,0.4
12360.0,1308.7,3.66,0.05,3.66,40.73434,-111.87210,27.7,17.6,875.6,119.61,0.6
12420.0,1308.5,2.89,0.05,2.89,40.73434,-111.87210,27.6,17.5,875.6,118.47,0.6
12480.0,1308.4,2.90,0.06,2.90,40.73434,-111.87210,27.6,17.2,875.6,130.94,1.2
12540.0,1308.3,2.66,0.06,2.66,40.73434,-111.87210,27.6,17.5,875.6,143.26,0.8
