CampaignData_and_Merges/R0/CSL_MobileLab_Parked/raw/20240808/USOS-NOAAIodideCIMS-OrgNitrs_MobileLabGround_20240808_RA.ict
37, 1001
Michael A Robinson, Chris Jernigan, Subi Thakali
NOAA ESRL Chemical Sciences Laboratory and CIRES, U. of Colorado
NOAA Iodide CIMS Instrument
USOS
1, 1
2024, 08, 08, 2024, 08, 09
1
starttime_UTC, seconds_past_midnight, seconds_of_day_since_00:00:00_UTC
5
1, 1, 1, 1, 1
-9999, -9999, -9999, -9999, -9999
C4H7NO5_NOAACIMS, pptv, Gas_C4H7NO5_InSitu_S_AVMR, 
ISOPN_NOAACIMS, pptv, Gas_ISOPN_InSitu_S_AVMR, 
C5H10O3_NOAACIMS, pptv, Gas_C5H10O3_InSitu_S_AVMR, 
C5H9NO5_NOAACIMS, pptv, Gas_C5H9NO5_InSitu_S_AVMR, 
C10H17NO4_NOAACIMS, pptv, Gas_C10H17NO4_InSitu_S_AVMR, 
0
18
PI_CONTACT_INFO: 325 Broadway, R/CSD 7, Boulder, Colorado 80305; michael.a.robinson@noaa.gov; chris.jernigan@noaa.gov;
PLATFORM: NOAA CSL Mobile Lab
LOCATION: SLC, Utah
ASSOCIATED_DATA: 1Hz data also available on request.
INSTRUMENT_INFO: NOAA I- ToF CIMS
DATA_INFO: All data in parts per trillion by volume (pptv). 1 Hz data is available upon request.
UNCERTAINTY: TBD
ULOD_FLAG: -7777
ULOD_VALUE: N/A
LLOD_FLAG: -8888
LLOD_VALUE: N/A
DM_CONTACT_INFO: Nathan Howard; nathan.h.howard@noaa.gov
PROJECT_INFO: USOS, summer 2024. https://csl.noaa.gov/groups/csl7/measurements/2024usos/
STIPULATIONS_ON_USE: Users are strongly encouraged to contact the PI for proper data usage.
OTHER_COMMENTS: 
REVISION: RA
RA: Preliminary Data; For in-field use only
starttime_UTC, C4H7NO5_NOAACIMS, ISOPN_NOAACIMS, C5H10O3_NOAACIMS, C5H9NO5_NOAACIMS, C10H17NO4_NOAACIMS
[from data line 1311]
 78660, 11.130, 16.187, 39.261, 10.250,  0.484
 78720, 11.197, 17.294, 40.296, 10.001,  0.522
 78780, 11.215, 15.973, 40.058, 10.216,  0.433
 78840, 11.137, 18.142, 42.390, 10.245,  0.427
 78900, 10.861, 17.375, 44.677, 10.079,  0.469
 78960, 10.739, 18.592, 48.789,  9.851,  0.400
 79020, 10.590, 19.455, 48.310, 10.026,  0.492
 79080, 10.362, 19.019, 45.330,  9.673,  0.504
 79140, 10.226, 17.297, 46.884, 10.032,  0.462
 79200, 10.263, 18.206, 44.706,  9.913,  0.520
 79260, 10.155, 17.792, 43.286, 10.064,  0.448
 79320,  9.744, 14.274, 40.953,  9.511,  0.339
 79380,  9.432, 14.041, 40.725,  9.645,  0.431
 79440,  9.158, 12.985, 35.893,  9.563,  0.371
 79500,  9.140, 13.253, 37.839,  9.364,  0.354
 79560,  9.100, 12.275, 35.192,  9.456,  0.318
 79620,  9.080, 12.791, 36.613,  9.342,  0.321
 79680,  8.975, 11.469, 34.240,  9.058,  0.214
 79740,  8.978, 11.348, 36.413,  9.158,  0.235
 79800,  9.107, 10.889, 36.228,  8.880,  0.197
 79860,  8.395, 10.549, 37.426,  8.781,  0.228
 79920,  8.400, 10.807, 33.536,  8.696,  0.217
 79980,  8.263, 11.958, 39.703,  9.152,  0.263
 80040,  8.179, 11.474, 37.231,  8.905,  0.263
 80100,  7.456, 12.437, 43.530,  8.487,  0.276
 80160,  7.265, 11.089, 44.000,  8.108,  0.241
 80220,  7.181, 11.320, 44.989,  8.434,  0.129
 80280,  7.074, 12.126, 46.587,  8.146,  0.280
 80340,  7.317, 11.531, 47.084,  8.474,  0.163
 80400,  7.422, 11.048, 46.748,  9.178,  0.075
 80460,  6.490,  9.452, 35.104,  8.384,  0.311
 80520,  6.893, 10.520, 41.453,  7.995,  0.116
 80580,  7.127, 10.980, 44.940,  8.129,  0.116
 80640,  7.399, 11.184, 47.737,  8.615,  0.161
 80700,  7.722, 12.086, 52.366,  8.968,  0.215
 80760,  7.561, 11.730, 49.526,  8.748,  0.206
 80820,  7.326, 11.155, 52.494,  8.696,  0.199
 80880,  7.220, 11.070, 51.069,  8.403,  0.147
 80940,  7.348, 11.444, 52.605,  8.678,  0.239
 81000,  7.430, 12.463, 53.345,  8.532,  0.203
 81060,  7.594, 12.725, 55.069,  8.645,  0.259
 81120,  7.570, 12.447, 54.996,  8.847,  0.159
 81180,  7.855, 12.848, 54.814,  8.860,  0.271
 81240,  7.661, 13.175, 53.985,  8.982,  0.270
 81300,  7.485, 12.621, 51.338,  8.556,  0.253
 81360,  7.099, 11.728, 52.139,  8.339,  0.291
 81420,  6.958, 11.097, 48.785,  8.156,  0.242
 81480,  7.166, 11.873, 52.263,  8.158,  0.172
 81540,  7.214, 11.293, 48.711,  8.555,  0.324
 81600,  7.131, 11.454, 49.040,  8.324,  0.264
 81660,  7.115, 11.271, 44.495,  8.370,  0.328
 81720,  7.157, 11.423, 45.932,  8.486,  0.277
 81780,  7.258, 11.560, 44.494,  8.308,  0.276
 81840,  7.381, 11.488, 44.911,  8.422,  0.346
 81900,  7.286, 11.198, 43.995,  8.648,  0.370
 81960,  7.228, 11.269, 46.139,  8.424,  0.328
 82020,  6.606, 10.187, 41.213,  7.709,  0.361
 82080,  6.454, 10.551, 40.718,  7.825,  0.298
 82140,  6.540, 10.457, 43.005,  7.569,  0.258
 82200,  6.404, 10.588, 42.042,  7.836,  0.232
 82260,  6.438, 10.344, 39.880,  7.659,  0.269
 82320,  6.228, 10.658, 35.988,  7.631,  0.313
 82380,  6.533, 11.276, 37.992,  7.905,  0.300
 82440,  6.908, 11.738, 44.020,  7.805,  0.338
 82500,  6.703, 11.339, 44.543,  7.492,  0.327
 82560,  6.565, 12.006, 43.460,  7.502,  0.355
 82620,  6.437, 12.879, 43.747,  7.813,  0.353
 82680,  6.438, 12.497, 44.929,  7.371,  0.358
 82740,  6.738, 12.063, 46.727,  7.375,  0.345
 82800,  6.854, 12.604, 50.831,  7.199,  0.261
 82860,  6.846, 12.525, 53.372,  7.125,  0.355
 82920,  6.757, 11.924, 55.257,  7.127,  0.318
 82980,  6.715, 11.550, 53.132,  7.080,  0.237
 83040,  6.750, 12.849, 54.785,  7.226,  0.243
 83100,  6.701, 12.622, 57.952,  7.426,  0.331
 83160,  6.533, 12.595, 55.327,  7.059,  0.309
 83220,  5.545, 10.345, 47.832,  6.483,  0.340
 83280,  5.425, 10.844, 44.562,  6.357,  0.234
 83340,  5.359, 10.652, 42.127,  6.499,  0.301
 83400,  4.982,  9.602, 39.059,  6.083,  0.297
 83460,  4.862,  9.219, 37.115,  6.119,  0.284
 83520,  4.486,  8.245, 32.695,  5.604,  0.223
 83580,  4.412,  7.966, 30.649,  5.250,  0.211
 83640,  4.307,  6.733, 27.624,  5.176,  0.191
 83700,  4.341,  6.670, 26.779,  5.376,  0.179
 83760,  4.340,  6.464, 27.049,  5.156,  0.173
 83820,  4.412,  6.751, 25.724,  5.377,  0.150
 83880,  4.603,  7.180, 27.902,  5.616,  0.177
 83940,  4.715,  7.263, 28.692,  5.732,  0.180
 84000,  4.890,  8.037, 27.851,  5.851,  0.168
 84060,  4.985,  7.567, 27.704,  5.961,  0.217
 84120, -9999.000, -9999.000, -9999.000, -9999.000, -9999.000
 84180,  5.084,  7.590, 21.796,  6.255,  0.310
 84240,  5.693,  9.131, 26.271,  6.264,  0.242
 84300,  5.968, 10.711, 29.710,  6.273,  0.257
 84360,  5.927, 10.268, 31.840,  6.518,  0.274
 84420,  6.157, 10.307, 31.045,  6.989,  0.191
 84480,  7.085, 11.205, 33.728,  7.178,  0.261
 84540,  7.337, 11.305, 36.069,  7.709,  0.232
 84600,  7.352, 10.786, 38.376,  7.542,  0.223
 84660,  7.249, 10.497, 39.137,  7.640,  0.236
 84720,  7.179, 10.822, 40.787,  7.555,  0.233
 84780,  7.437, 10.525, 43.343,  7.463,  0.268
 84840,  7.217, 10.577, 44.463,  7.712,  0.277
 84900,  7.332, 11.247, 44.199,  7.643,  0.241
 84960,  7.265, 11.909, 45.893,  7.608,  0.218
 85020,  7.108, 11.115, 46.922,  7.348,  0.236
 85080,  6.939, 11.410, 45.250,  7.188,  0.231
 85140,  6.828, 11.148, 46.056,  7.137,  0.296
 85200,  6.811, 11.851, 44.763,  7.207,  0.245
 85260,  6.781, 12.421, 45.711,  6.853,  0.300
 85320,  6.780, 12.427, 45.859,  6.911,  0.341
 85380,  6.930, 12.720, 48.262,  6.752,  0.307
 85440,  6.835, 13.206, 48.921,  6.961,  0.294
 85500,  6.544, 12.829, 49.409,  6.768,  0.248
 85560,  6.033, 11.616, 50.816,  7.399,  0.419
 85620, -9999.000, -9999.000, -9999.000, -9999.000, -9999.000
 85680, -9999.000, -9999.000, -9999.000, -9999.000, -9999.000
 85740, -9999.000, -9999.000, -9999.000, -9999.000, -9999.000
 85800, -9999.000, -9999.000, -9999.000, -9999.000, -9999.000
 85860, -9999.000, -9999.000, -9999.000, -9999.000, -9999.000
 85920, -9999.000, -9999.000, -9999.000, -9999.000, -9999.000
 85980, -9999.000, -9999.000, -9999.000, -9999.000, -9999.000
 86040, -9999.000, -9999.000, -9999.000, -9999.000, -9999.000
 86100, -9999.000, -9999.000, -9999.000, -9999.000, -9999.000
 86160, -9999.000, -9999.000, -9999.000, -9999.000, -9999.000
 86220, -9999.000, -9999.000, -9999.000, -9999.000, -9999.000
 86280, -9999.000, -9999.000, -9999.000, -9999.000, -9999.000
 86340, -9999.000, -9999.000, -9999.000, -9999.000, -9999.000
