CampaignData_and_Merges/R0/CSL_MobileLab_Parked/raw/20240808/USOS-NOy-LIF_MobileLabGround_20240808_R0.ict
39,1001
Rollins, A.; Waxman, E.; Zuraski, K.; Chace, W.
NOAA Chemical Sciences Laboratory
LIF NO/NOx/NOy on CSL Mobile Lab
AMMBEC / USOS
1, 1
2024,08,08, 2025,01,04
1
Time_Start, seconds, number_of_seconds_since_0000_UTC
7
1, 1, 1, 1, 1, 1, 1
-9999, -9999, -9999, -9999, -9999, -9999, -9999
Time_Stop, seconds, number_of_seconds_since_0000_UTC
NO_LIF, pptv, Gas_NO_InSitu_S_AVMR, volume mixing ratio of nitric oxide in air
NO2_LIF, pptv, Gas_NO2_InSitu_S_AVMR, volume mixing ratio of nitrogen dioxide in air
NOy_LIF, pptv, Gas_NOy_InSitu_S_AVMR, volume mixing ratio of total oxidized nitrogen in air
NO_LIF_1SigmaAccuracy, pptv, Gas_NO_InSitu_S_AVMR, volume mixing ratio of nitric oxide in air
NO2_LIF_1SigmaAccuracy, pptv, Gas_NO2_InSitu_S_AVMR, volume mixing ratio of nitrogen dioxide in air
NOy_LIF_1SigmaAccuracy, pptv, Gas_NOy_InSitu_S_AVMR, volume mixing ratio of total oxidized nitrogen in air
0
18
PI_CONTACT_INFO: andrew.rollins@noaa.gov
PLATFORM: CSL Mobile Lab
LOCATION: Salt Lake City, UT
ASSOCIATED_DATA:
INSTRUMENT_INFO: NO detection by laser induced fluorescence. NO2 detection by photolytic conversion to NO. NOy detection by catalytic conversion to NO on gold surface
DATA_INFO:
UNCERTAINTY: Included 1 Sigma Accuracy waves represent the combined calibration uncertainties (±6%, ±9%, ±10%) and zero uncertainties (3 ppt, 20 ppt, 100 ppt) for NO, NO2, and NOy, respectively.
ULOD_FLAG: -7777
ULOD_VALUE: N/A
LLOD_FLAG: -8888
LLOD_VALUE: N/A
DM_CONTACT_INFO: andrew.rollins@noaa.gov
PROJECT_INFO: USOS Project, July - August 2024
STIPULATIONS_ON_USE: Users are strongly encouraged to contact the PI for proper data usage.
OTHER_COMMENTS:
REVISION: R0
R0: final data
Time_Start, Time_Stop, NO_LIF, NO2_LIF, NOy_LIF, NO_LIF_1SigmaAccuracy, NO2_LIF_1SigmaAccuracy, NOy_LIF_1SigmaAccuracy
[from data line 528]
   31680,   31740,25.409,9836,11417,4.5246, 905.24, 1241.7
   31740,   31800,9.3758,9705.3,11174,3.5625, 893.48, 1217.4
   31800,   31860,7.773,9488.9,10977,3.4664, 874, 1197.7
   31860,   31920,14.572,9795.3,11504,3.8743, 901.58, 1250.4
   31920,   31980,26.393,9912.7,11728,4.5836, 912.14, 1272.8
   31980,   32040,25.685,9502,11258,4.5411, 875.18, 1225.8
   32040,   32100,24.387,9488.2,11573,4.4632, 873.94, 1257.3
   32100,   32160,31.336,9622,11253,4.8802, 885.98, 1225.3
   32160,   32220,11.5,10108,11902,3.69, 929.71, 1290.2
   32220,   32280,21.156,10087,11983,4.2694, 927.82, 1298.3
   32280,   32340,57.068,9869.3,11852,6.4241, 908.24, 1285.2
   32340,   32400,65.958,10043,11830,6.9575, 923.89, 1283
   32400,   32460,17.997,10272,11798,4.0798, 944.47, 1279.8
   32460,   32520,14.501,10353,11891,3.87, 951.79, 1289.1
   32520,   32580,11.531,10309,11960,3.6919, 947.8, 1296
   32580,   32640,9.5811,10162,11733,3.5749, 934.54, 1273.3
   32640,   32700,20.9,10170,11789,4.254, 935.28, 1278.9
   32700,   32760,12.798,10458,11923,3.7679, 961.26, 1292.3
   32760,   32820,32.709,10206,11902,4.9625, 938.53, 1290.2
   32820,   32880,63.967,10593,12376,6.838, 973.38, 1337.6
   32880,   32940,101.98,11511,13095,9.1191, 1056, 1409.5
   32940,   33000,38.011,11179,12450,5.2806, 1026.1, 1345
   33000,   33060,15.735,10896,12775,3.9441, 1000.6, 1377.5
   33060,   33120,14.258,12016,13886,3.8555, 1101.4, 1488.6
   33120,   33180,13.897,11977,13929,3.8338, 1097.9, 1492.9
   33180,   33240,36.327,11539,13404,5.1796, 1058.5, 1440.4
   33240,   33300,20.042,11581,13501,4.2025, 1062.3, 1450.1
   33300,   33360,14.42,11365,13433,3.8652, 1042.9, 1443.3
   33360,   33420,13.539,11564,13239,3.8123, 1060.8, 1423.9
   33420,   33480,12.349,11669,13471,3.7409, 1070.2, 1447.1
   33480,   33540,14.271,11733,13659,3.8562, 1076, 1465.9
   33540,   33600,16.461,11657,13728,3.9876, 1069.1, 1472.8
   33600,   33660,12.477,11587,13689,3.7486, 1062.8, 1468.9
   33660,   33720,16.451,11651,13470,3.987, 1068.6, 1447
   33720,   33780,16.038,11572,13624,3.9623, 1061.5, 1462.4
   33780,   33840,16.471,11509,13511,3.9882, 1055.8, 1451.1
   33840,   33900,33.927,11660,13668,5.0356, 1069.4, 1466.8
   33900,   33960,26.331,11666,13567,4.5799, 1069.9, 1456.7
   33960,   34020,24.42,11743,13736,4.4652, 1076.9, 1473.6
   34020,   34080,24.546,11846,13767,4.4728, 1086.1, 1476.7
   34080,   34140,23.725,11917,13887,4.4235, 1092.6, 1488.7
   34140,   34200,21.783,11966,13956,4.307, 1097, 1495.6
   34200,   34260,23.015,12066,14272,4.3809, 1105.9, 1527.2
   34260,   34320,16.339,11970,13717,3.9803, 1097.3, 1471.7
   34320,   34380,17.821,11981,13739,4.0693, 1098.3, 1473.9
   34380,   34440,11.576,12040,13956,3.6946, 1103.6, 1495.6
   34440,   34500,11.161,12073,13901,3.6697, 1106.6, 1490.1
   34500,   34560,14.057,12182,13929,3.8434, 1116.4, 1492.9
   34560,   34620,39.976,12461,14531,5.3986, 1141.5, 1553.1
   34620,   34680,127.63,12493,14850,10.658, 1144.4, 1585
   34680,   34740,326.14,12833,15387,22.568, 1175, 1638.7
   34740,   34800,34.841,12339,14283,5.0904, 1130.5, 1528.3
   34800,   34860,332.54,13791,15507,22.953, 1261.2, 1650.7
   34860,   34920,100.46,13251,15545,9.0276, 1212.6, 1654.5
   34920,   34980,47.268,13074,15005,5.8361, 1196.6, 1600.5
   34980,   35040,49.862,12470,14456,5.9917, 1142.3, 1545.6
   35040,   35100,49.172,12392,14498,5.9503, 1135.3, 1549.8
   35100,   35160,30.628,12511,14579,4.8377, 1146, 1557.9
   35160,   35220,27.521,12358,14462,4.6513, 1132.2, 1546.2
   35220,   35280,23.831,12276,14432,4.4299, 1124.8, 1543.2
   35280,   35340,13.623,12300,14423,3.8174, 1127, 1542.3
   35340,   35400,19.078,12298,14137,4.1447, 1126.9, 1513.7
   35400,   35460,23.221,12360,13971,4.3932, 1132.4, 1497.1
   35460,   35520,15.711,12305,14209,3.9427, 1127.5, 1520.9
   35520,   35580,-9999,-9999,-9999,-9999, -9999, -9999
   35580,   35640,-9999,-9999,-9999,-9999, -9999, -9999
   35640,   35700,-9999,-9999,-9999,-9999, -9999, -9999
   35700,   35760,-9999,-9999,-9999,-9999, -9999, -9999
   35760,   35820,-9999,-9999,-9999,-9999, -9999, -9999
   35820,   35880,-9999,-9999,-9999,-9999, -9999, -9999
   35880,   35940,-9999,-9999,-9999,-9999, -9999, -9999
   35940,   36000,45.92,12048,14514,5.7552, 1104.3, 1551.4
   36000,   36060,28.622,11953,14139,4.7173, 1095.8, 1513.9
   36060,   36120,15.743,11877,13911,3.9446, 1088.9, 1491.1
   36120,   36180,16.774,11956,13949,4.0064, 1096, 1494.9
   36180,   36240,35.269,11705,13876,5.1161, 1073.5, 1487.6
   36240,   36300,29.606,11572,13790,4.7764, 1061.5, 1479
   36300,   36360,26.206,11070,13414,4.5724, 1016.3, 1441.4
   36360,   36420,34.167,11662,13745,5.05, 1069.6, 1474.5
   36420,   36480,52.027,12163,14329,6.1216, 1114.7, 1532.9
   36480,   36540,101.48,12033,14179,9.0887, 1103, 1517.9
   36540,   36600,124.79,11975,14007,10.487, 1097.7, 1500.7
   36600,   36660,94.056,11899,14039,8.6434, 1090.9, 1503.9
   36660,   36720,70.744,11668,14020,7.2447, 1070.1, 1502
   36720,   36780,45.109,11800,14049,5.7065, 1082, 1504.9
   36780,   36840,26.738,11615,13851,4.6043, 1065.3, 1485.1
   36840,   36900,16.268,11220,13500,3.9761, 1029.8, 1450
   36900,   36960,25.31,11120,13340,4.5186, 1020.8, 1434
   36960,   37020,36.805,10809,13019,5.2083, 992.8, 1401.9
   37020,   37080,20.123,10589,12850,4.2074, 973, 1385
   37080,   37140,10.585,10168,12735,3.6351, 935.14, 1373.5
   37140,   37200,17.783,10327,12667,4.067, 949.46, 1366.7
   37200,   37260,27.407,10523,12860,4.6444, 967.05, 1386
   37260,   37320,47.693,10872,13043,5.8616, 998.52, 1404.3
   37320,   37380,31.153,10756,12991,4.8692, 988.02, 1399.1
   37380,   37440,19.109,10555,12691,4.1465, 969.92, 1369.1
   37440,   37500,31.103,10335,12495,4.8662, 950.19, 1349.5
   37500,   37560,23.372,10269,12461,4.4023, 944.18, 1346.1
   37560,   37620,32.965,10121,12148,4.9779, 930.87, 1314.8
   37620,   37680,11.837,9633.2,11919,3.7102, 886.99, 1291.9
   37680,   37740,11.271,9360.8,11467,3.6762, 862.47, 1246.7
   37740,   37800,10.58,9358.2,11332,3.6348, 862.23, 1233.2
   37800,   37860,39.756,9917.6,11815,5.3853, 912.58, 1281.5
   37860,   37920,737.79,11089,13103,47.267, 1018, 1410.3
   37920,   37980,1251.2,12336,17602,78.069, 1130.2, 1860.2
   37980,   38040,427.74,11363,18770,28.665, 1042.6, 1977
   38040,   38100,110.57,10489,14718,9.6344, 963.98, 1571.8
   38100,   38160,208.07,10991,15675,15.484, 1009.2, 1667.5
   38160,   38220,36.735,10689,13033,5.2041, 982.03, 1403.3
   38220,   38280,42.074,10977,13028,5.5245, 1008, 1402.8
   38280,   38340,47.061,11255,13308,5.8237, 1032.9, 1430.8
   38340,   38400,33.619,11555,13765,5.0171, 1060, 1476.5
   38400,   38460,42.427,11555,13755,5.5456, 1059.9, 1475.5
   38460,   38520,39.088,11680,13566,5.3453, 1071.2, 1456.6
   38520,   38580,44.503,11439,13645,5.6702, 1049.5, 1464.5
   38580,   38640,43.38,11237,13497,5.6028, 1031.3, 1449.7
   38640,   38700,35.858,11288,13359,5.1515, 1035.9, 1435.9
   38700,   38760,54.84,10998,13309,6.2904, 1009.8, 1430.9
   38760,   38820,26.26,10999,13226,4.5756, 1009.9, 1422.6
   38820,   38880,44.856,11113,13330,5.6914, 1020.2, 1433
   38880,   38940,70.673,11251,13686,7.2404, 1032.6, 1468.6
   38940,   39000,65.571,11640,13929,6.9342, 1067.6, 1492.9
   39000,   39060,136.89,11869,13629,11.213, 1088.2, 1462.9
   39060,   39120,156.42,12047,14333,12.385, 1104.2, 1533.3
   39120,   39180,68.108,11817,14261,7.0865, 1083.5, 1526.1
   39180,   39240,65.796,11841,14186,6.9477, 1085.7, 1518.6
   39240,   39300,89.285,11406,13943,8.3571, 1046.5, 1494.3
   39300,   39360,88.48,11646,14113,8.3088, 1068.1, 1511.3
   39360,   39420,89.188,11499,13917,8.3513, 1054.9, 1491.7
   39420,   39480,74.126,11171,13583,7.4475, 1025.4, 1458.3
   39480,   39540,39.302,10999,13452,5.3581, 1010, 1445.2
   39540,   39600,16.142,10862,13171,3.9685, 997.6, 1417.1
   39600,   39660,11.69,10730,13227,3.7014, 985.68, 1422.7
   39660,   39720,93.143,11785,13310,8.5886, 1080.6, 1431
   39720,   39780,6675.3,15850,34895,403.52, 1446.5, 3589.5
   39780,   39840,123.89,12972,17923,10.433, 1187.4, 1892.3
   39840,   39900,67.339,12801,14989,7.0404, 1172, 1598.9
   39900,   39960,62.372,13010,14572,6.7423, 1190.9, 1557.2
   39960,   40020,150.81,11926,15104,12.048, 1093.4, 1610.4
   40020,   40080,551.07,10911,14554,36.064, 1002, 1555.4
   40080,   40140,93.068,10241,13155,8.5841, 941.72, 1415.5
   40140,   40200,218.84,10667,12963,16.13, 980.06, 1396.3
   40200,   40260,62.443,10395,12643,6.7466, 955.55, 1364.3
   40260,   40320,110.47,10228,12479,9.6283, 940.5, 1347.9
   40320,   40380,83.427,10138,12320,8.0056, 932.43, 1332
   40380,   40440,51.421,10431,12325,6.0852, 958.79, 1332.5
   40440,   40500,38.249,10597,12479,5.2949, 973.74, 1347.9
   40500,   40560,1201.8,11550,12904,75.107, 1059.5, 1390.4
   40560,   40620,895,11503,15026,56.7, 1055.3, 1602.6
   40620,   40680,88.689,10253,13365,8.3214, 942.79, 1436.5
   40680,   40740,62.958,10071,12413,6.7775, 926.4, 1341.3
   40740,   40800,74.426,10222,12367,7.4655, 940.02, 1336.7
   40800,   40860,211.12,10391,12376,15.667, 955.17, 1337.6
   40860,   40920,976.33,12133,14400,61.58, 1112, 1540
   40920,   40980,262.64,11346,13997,18.758, 1041.1, 1499.7
   40980,   41040,52.905,10630,12779,6.1743, 976.74, 1377.9
   41040,   41100,181.01,10876,13318,13.86, 998.88, 1431.8
   41100,   41160,621.1,12563,15245,40.266, 1150.7, 1624.5
   41160,   41220,225.91,11739,14167,16.555, 1076.6, 1516.7
   41220,   41280,83.537,11444,13610,8.0122, 1049.9, 1461
   41280,   41340,269.5,11431,13183,19.17, 1048.8, 1418.3
   41340,   41400,535.42,11556,13523,35.125, 1060, 1452.3
   41400,   41460,78.662,10896,13223,7.7197, 1000.6, 1422.3
   41460,   41520,97.617,10588,12720,8.857, 972.96, 1372
   41520,   41580,1165,11721,13907,72.899, 1074.9, 1490.7
   41580,   41640,4109.8,14729,19475,249.59, 1345.6, 2047.5
   41640,   41700,349.89,11057,15709,23.994, 1015.2, 1670.9
   41700,   41760,103.69,10582,13114,9.2216, 972.36, 1411.4
   41760,   41820,368.47,10351,12713,25.108, 951.56, 1371.3
   41820,   41880,1362.8,13061,15309,84.765, 1195.5, 1630.9
   41880,   41940,154.56,10870,14823,12.274, 998.34, 1582.3
   41940,   42000,376.61,10879,12906,25.597, 999.12, 1390.6
   42000,   42060,297.7,11064,13754,20.862, 1015.7, 1475.4
   42060,   42120,197.32,11182,13381,14.839, 1026.4, 1438.1
   42120,   42180,54.274,10530,12663,6.2564, 967.7, 1366.3
   42180,   42240,76.185,10835,12757,7.5711, 995.12, 1375.7
   42240,   42300,24.386,10249,12384,4.4631, 942.42, 1338.4
   42300,   42360,25.103,9885.7,12000,4.5062, 909.72, 1300
   42360,   42420,34.146,10121,12117,5.0488, 930.92, 1311.7
   42420,   42480,38.834,10620,12787,5.33, 975.84, 1378.7
   42480,   42540,24.489,10465,12509,4.4693, 961.85, 1350.9
   42540,   42600,48.51,10705,12715,5.9106, 983.44, 1371.5
   42600,   42660,29.784,10575,12684,4.7871, 971.78, 1368.4
   42660,   42720,79.469,11475,12352,7.7682, 1052.7, 1335.2
   42720,   42780,137.25,12381,12722,11.235, 1134.3, 1372.2
   42780,   42840,1444.7,14122,13932,89.682, 1291, 1493.2
   42840,   42900,1457.2,13575,18781,90.43, 1241.7, 1978.1
   42900,   42960,229.85,11771,15677,16.791, 1079.4, 1667.7
   42960,   43020,67.134,11021,13210,7.0281, 1011.8, 1421
   43020,   43080,41.615,10129,12155,5.4969, 931.58, 1315.5
   43080,   43140,17.403,9847.4,11961,4.0442, 906.26, 1296.1
   43140,   43200,21.921,10780,12920,4.3153, 990.17, 1392
   43200,   43260,36.37,11169,13110,5.1822, 1025.2, 1411
   43260,   43320,64.714,11010,13308,6.8828, 1010.9, 1430.8
   43320,   43380,297.69,11875,14443,20.861, 1088.7, 1544.3
   43380,   43440,367.03,11684,14815,25.022, 1071.6, 1581.5
   43440,   43500,125.75,11151,13970,10.545, 1023.6, 1497
   43500,   43560,-9999,-9999,-9999,-9999, -9999, -9999
   43560,   43620,-9999,-9999,-9999,-9999, -9999, -9999
   43620,   43680,-9999,-9999,-9999,-9999, -9999, -9999
   43680,   43740,-9999,-9999,-9999,-9999, -9999, -9999
   43740,   43800,-9999,-9999,-9999,-9999, -9999, -9999
   43800,   43860,-9999,-9999,-9999,-9999, -9999, -9999
   43860,   43920,-9999,-9999,-9999,-9999, -9999, -9999
   43920,   43980,884.7,15345,17002,56.082, 1401.1, 1800.2
   43980,   44040,638.44,14890,15395,41.307, 1360.1, 1639.5
   44040,   44100,258.68,14237,16229,18.521, 1301.3, 1722.9
   44100,   44160,430.07,14985,16066,28.804, 1368.6, 1706.6
   44160,   44220,1042.6,15787,16069,65.554, 1440.8, 1706.9
   44220,   44280,563.04,14639,17069,36.783, 1337.5, 1806.9
   44280,   44340,422.85,14478,17322,28.371, 1323, 1832.2
   44340,   44400,241.48,14435,16880,17.489, 1319.2, 1788
   44400,   44460,205.17,14570,16872,15.31, 1331.3, 1787.2
   44460,   44520,488.46,14525,16925,32.308, 1327.2, 1792.5
   44520,   44580,479.83,14214,17285,31.79, 1299.2, 1828.5
   44580,   44640,232.89,14251,16465,16.973, 1302.6, 1746.5
   44640,   44700,51.159,13219,15292,6.0695, 1209.7, 1629.2
   44700,   44760,61.162,13620,15643,6.6697, 1245.8, 1664.3
   44760,   44820,66.805,13184,15198,7.0083, 1206.6, 1619.8
   44820,   44880,109.93,13392,15442,9.5956, 1225.3, 1644.2
   44880,   44940,433.73,14074,15711,29.024, 1286.7, 1671.1
   44940,   45000,1181.6,16549,18202,73.894, 1509.4, 1920.2
   45000,   45060,1490.8,17055,17739,92.451, 1554.9, 1873.9
   45060,   45120,1015.3,16521,19363,63.92, 1506.9, 2036.3
   45120,   45180,559.72,15766,17618,36.583, 1438.9, 1861.8
   45180,   45240,175.21,13749,15879,13.512, 1257.4, 1687.9
   45240,   45300,143.29,13629,16164,11.597, 1246.6, 1716.4
   45300,   45360,129.16,13320,15610,10.75, 1218.8, 1661
   45360,   45420,133.81,13416,15603,11.029, 1227.4, 1660.3
   45420,   45480,143.98,13283,15475,11.639, 1215.4, 1647.5
   45480,   45540,160.73,13615,15543,12.644, 1245.3, 1654.3
   45540,   45600,2212.5,19210,16957,135.75, 1748.9, 1795.7
   45600,   45660,2151.9,21799,20976,132.11, 1981.9, 2197.6
   45660,   45720,1046.2,18861,19866,65.77, 1717.5, 2086.6
   45720,   45780,389.24,15226,19821,26.355, 1390.4, 2082.1
   45780,   45840,2251.5,20762,21452,138.09, 1888.5, 2245.2
   45840,   45900,3152.7,23904,24740,192.16, 2171.4, 2574
   45900,   45960,2271.5,22409,25218,139.29, 2036.8, 2621.8
   45960,   46020,1069,17703,21066,67.137, 1613.2, 2206.6
   46020,   46080,532.98,16395,19985,34.979, 1495.5, 2098.5
   46080,   46140,638.12,18143,21476,41.287, 1652.9, 2247.6
   46140,   46200,808.35,19540,23008,51.501, 1778.6, 2400.8
   46200,   46260,576.06,17174,20782,37.564, 1565.7, 2178.2
   46260,   46320,626.78,17267,20260,40.607, 1574, 2126
   46320,   46380,792.07,17437,20124,50.524, 1589.3, 2112.4
   46380,   46440,994.16,18185,20975,62.649, 1656.6, 2197.5
   46440,   46500,875.8,18002,20577,55.548, 1640.2, 2157.7
   46500,   46560,896.35,18039,20804,56.781, 1643.6, 2180.4
   46560,   46620,1237.2,18329,21547,77.233, 1669.6, 2254.7
   46620,   46680,2277.8,19672,23504,139.67, 1790.5, 2450.4
   46680,   46740,1736.9,19374,22403,107.22, 1763.7, 2340.3
   46740,   46800,1144.8,17853,21093,71.687, 1626.8, 2209.3
   46800,   46860,1115.3,17873,21525,69.917, 1628.5, 2252.5
   46860,   46920,1078.1,17901,20874,67.686, 1631.1, 2187.4
   46920,   46980,1003.7,17640,20475,63.225, 1607.6, 2147.5
   46980,   47040,1106.5,17961,20082,69.389, 1636.5, 2108.2
   47040,   47100,1718.3,18725,20149,106.1, 1705.3, 2114.9
   47100,   47160,8327.6,23758,22606,502.65, 2158.2, 2360.6
   47160,   47220,5971.6,25607,29970,361.29, 2324.7, 3097
   47220,   47280,6120.9,25243,33084,370.25, 2291.9, 3408.4
   47280,   47340,2886.9,23422,30461,176.21, 2128, 3146.1
   47340,   47400,5508.1,23286,29043,333.49, 2115.7, 3004.3
   47400,   47460,5354.9,22815,29893,324.29, 2073.3, 3089.3
   47460,   47520,5876.8,23234,29657,355.61, 2111, 3065.7
   47520,   47580,5700.1,23661,31172,345.01, 2149.5, 3217.2
   47580,   47640,7262.7,22289,28294,438.76, 2026, 2929.4
   47640,   47700,28933,28621,50153,1739, 2595.9, 5115.3
   47700,   47760,11071,24628,47486,667.23, 2236.5, 4848.6
   47760,   47820,16301,25081,69214,981.06, 2277.3, 7021.4
