CampaignData_and_Merges/R0/CSL_MobileLab_Parked/raw/20240808/USOS-NOAAIodideCIMS-Halogens_MobileLabGround_20240808_RA.ict
38, 1001
Michael A Robinson, Chris Jernigan, Subi Thakali
NOAA ESRL Chemical Sciences Laboratory and CIRES, U. of Colorado
NOAA Iodide CIMS Instrument
USOS
1, 1
2024, 08, 08, 2024, 08, 09
1
starttime_UTC, seconds_past_midnight, seconds_of_day_since_00:00:00_UTC
6
1, 1, 1, 1, 1, 1
-9999, -9999, -9999, -9999, -9999, -9999
Br2_NOAACIMS, pptv, Gas_Br2_InSitu_S_AVMR, 
BrO_NOAACIMS, pptv, Gas_BrO_InSitu_S_AVMR, 
Cl2_NOAACIMS, pptv, Gas_Cl2_InSitu_S_AVMR, 
ClNO2_NOAACIMS, pptv, Gas_ClNO2_InSitu_S_AVMR, 
BrCl_NOAACIMS, pptv, Gas_BrCl_InSitu_S_AVMR, 
NCl3_NOAACIMS, pptv, Gas_NCl3_InSitu_S_AVMR, 
0
18
PI_CONTACT_INFO: 325 Broadway, R/CSD 7, Boulder, Colorado 80305; michael.a.robinson@noaa.gov; chris.jernigan@noaa.gov;
PLATFORM: NOAA CSL Mobile Lab
LOCATION: SLC, Utah
ASSOCIATED_DATA: 1Hz data also available on request.
INSTRUMENT_INFO: NOAA I- ToF CIMS
DATA_INFO: All data in parts per trillion by volume (pptv). 1 Hz data is available upon request.
UNCERTAINTY: TBD
ULOD_FLAG: -7777
ULOD_VALUE: N/A
LLOD_FLAG: -8888
LLOD_VALUE: N/A
DM_CONTACT_INFO: Nathan Howard; nathan.h.howard@noaa.gov
PROJECT_INFO: USOS, summer 2024. https://csl.noaa.gov/groups/csl7/measurements/2024usos/
STIPULATIONS_ON_USE: Users are strongly encouraged to contact the PI for proper data usage.
OTHER_COMMENTS: 
REVISION: RA
RA: Preliminary Data; For in-field use only
starttime_UTC, Br2_NOAACIMS, BrO_NOAACIMS, Cl2_NOAACIMS, ClNO2_NOAACIMS, BrCl_NOAACIMS, NCl3_NOAACIMS
[from data line 532]
 31920,  0.910, -9999.000,  1.864,  2.944,  0.438, 23.014
 31980,  1.018, -9999.000,  1.868,  3.069,  0.424, 23.447
 32040,  0.994, -9999.000,  1.966,  2.866,  0.457, 22.714
 32100,  1.053, -9999.000,  2.510,  3.003,  0.461, 21.140
 32160,  1.124, -9999.000,  6.381,  3.387,  0.501, 18.335
 32220,  0.873, -9999.000,  2.908,  3.506,  0.460, 21.346
 32280,  1.006, -9999.000,  2.205,  3.540,  0.407, 23.260
 32340,  1.051, -9999.000,  3.996,  3.987,  0.476, 27.779
 32400,  0.852, -9999.000,  4.957,  3.925,  0.534, 22.915
 32460,  1.070, -9999.000,  5.132,  4.466,  0.488, 27.212
 32520,  0.984, -9999.000,  3.696,  4.048,  0.459, 24.006
 32580,  0.986, -9999.000,  3.572,  3.655,  0.481, 22.861
 32640,  0.980, -9999.000,  3.181,  3.885,  0.410, 19.408
 32700,  1.060, -9999.000,  4.294,  3.754,  0.524, 18.721
 32760,  0.950, -9999.000,  2.673,  3.784,  0.458, 19.348
 32820,  1.029,  0.056,  2.992,  3.780,  0.421, 19.494
 32880,  1.046,  0.110,  3.996,  3.619,  0.486, 20.093
 32940,  1.043, -9999.000,  4.731,  4.291,  0.456, 22.011
 33000,  0.994, -9999.000,  5.818,  4.273,  0.479, 19.504
 33060,  0.935, -9999.000,  9.709,  4.691,  0.378, 15.492
 33120,  0.807, -9999.000,  5.648,  5.008,  0.433, 21.926
 33180,  1.067, -9999.000,  5.772,  4.858,  0.481, 19.820
 33240,  1.135, -9999.000,  5.131,  4.233,  0.443, 17.779
 33300,  0.823, -9999.000,  5.553,  4.234,  0.470, 18.009
 33360,  1.233, -9999.000,  7.297,  4.378,  0.465, 16.980
 33420,  1.201, -9999.000,  8.048,  4.548,  0.518, 16.935
 33480,  1.050, -9999.000,  7.174,  4.903,  0.491, 16.303
 33540,  1.008, -9999.000,  7.225,  4.900,  0.454, 16.527
 33600,  1.134, -9999.000,  7.462,  4.784,  0.501, 16.567
 33660,  1.038, -9999.000,  6.958,  4.997,  0.435, 16.738
 33720,  1.040, -9999.000,  6.196,  5.035,  0.483, 16.310
 33780,  1.007, -9999.000,  5.939,  5.033,  0.437, 16.237
 33840,  1.008, -9999.000,  5.469,  4.953,  0.407, 16.807
 33900,  1.054, -9999.000,  5.936,  5.184,  0.456, 16.243
 33960,  0.988, -9999.000,  6.027,  5.087,  0.423, 16.723
 34020,  1.075, -9999.000,  5.588,  5.239,  0.414, 16.303
 34080,  1.061, -9999.000,  5.571,  4.926,  0.419, 16.967
 34140,  1.029, -9999.000,  5.284,  5.027,  0.432, 15.656
 34200,  1.051, -9999.000,  5.633,  5.532,  0.435, 14.990
 34260,  0.989, -9999.000,  5.713,  5.381,  0.456, 16.567
 34320,  1.143, -9999.000,  6.552,  5.272,  0.456, 18.488
 34380,  1.044, -9999.000,  6.320,  5.210,  0.468, 18.676
 34440,  1.022, -9999.000,  6.616,  5.440,  0.464, 17.879
 34500,  0.897, -9999.000,  6.215,  5.147,  0.393, 16.760
 34560,  1.143, -9999.000,  6.234,  5.058,  0.433, 15.227
 34620,  1.072, -9999.000,  5.941,  5.121,  0.442, 15.242
 34680,  1.091, -9999.000,  6.170,  5.234,  0.390, 13.598
 34740,  1.172, -9999.000,  5.936,  5.113,  0.422, 14.214
 34800,  0.972, -9999.000,  5.915,  5.104,  0.379, 14.774
 34860,  1.088, -9999.000,  5.993,  5.305,  0.437, 14.668
 34920,  0.832, -9999.000,  5.856,  5.264,  0.537, 16.104
 34980,  0.779, -9999.000,  4.941,  5.602,  0.362, 17.999
 35040,  0.984, -9999.000,  4.892,  5.662,  0.418, 16.699
 35100,  0.886, -9999.000,  5.100,  5.407,  0.358, 15.459
 35160,  0.826, -9999.000,  4.911,  5.586,  0.403, 15.322
 35220,  0.876, -9999.000,  5.053,  5.646,  0.342, 16.126
 35280,  0.922, -9999.000,  4.724,  5.591,  0.402, 15.889
 35340,  1.042, -9999.000,  4.836,  5.478,  0.401, 16.284
 35400,  0.875, -9999.000,  4.973,  5.269,  0.358, 16.297
 35460,  0.934, -9999.000,  4.826,  5.311,  0.381, 16.692
 35520,  0.968, -9999.000,  5.044,  5.622,  0.405, 16.070
 35580,  0.898, -9999.000,  3.984,  4.780,  0.414, 16.146
 35640,  0.957, -9999.000,  4.112,  5.058,  0.396, 16.030
 35700,  0.905, -9999.000,  3.922,  5.733,  0.374, 16.099
 35760,  0.870, -9999.000,  4.293,  5.413,  0.368, 16.681
 35820,  0.839, -9999.000,  4.194,  5.526,  0.339, 17.435
 35880,  0.899, -9999.000,  3.902,  5.409,  0.386, 17.069
 35940,  0.776, -9999.000,  3.842,  5.316,  0.347, 16.076
 36000,  0.909, -9999.000,  4.065,  5.556,  0.346, 16.128
 36060,  0.869, -9999.000,  4.504,  5.412,  0.443, 17.042
 36120,  0.819, -9999.000,  4.544,  5.541,  0.364, 17.182
 36180,  0.749, -9999.000,  4.276,  5.522,  0.329, 16.851
 36240,  0.819, -9999.000,  4.148,  5.675,  0.378, 16.646
 36300,  0.838, -9999.000,  4.084,  5.655,  0.471, 16.517
 36360,  0.816, -9999.000,  3.978,  5.736,  0.358, 16.584
 36420,  0.753, -9999.000,  3.729,  5.455,  0.348, 17.284
 36480,  0.753, -9999.000,  3.679,  5.629,  0.336, 20.283
 36540,  0.793, -9999.000,  3.710,  5.582,  0.434, 20.286
 36600,  0.660, -9999.000,  3.443,  5.640,  0.398, 19.402
 36660,  0.805, -9999.000,  3.605,  5.449,  0.429, 19.139
 36720,  0.865, -9999.000,  3.403,  5.404,  0.398, 19.653
 36780, -9999.000, -9999.000, -9999.000, -9999.000, -9999.000, -9999.000
 36840,  0.686, -9999.000,  3.424,  4.848,  0.380, 25.332
 36900,  0.818, -9999.000,  3.082,  4.969,  0.370, 21.959
 36960,  0.658, -9999.000,  2.851,  4.749,  0.306, 21.773
 37020,  0.754, -9999.000,  3.148,  4.669,  0.418, 21.954
 37080,  0.770, -9999.000,  2.936,  4.430,  0.440, 20.876
 37140,  0.679, -9999.000,  2.827,  4.710,  0.382, 22.465
 37200,  0.750, -9999.000,  2.749,  4.518,  0.405, 22.519
 37260,  0.554, -9999.000,  2.605,  4.675,  0.280, 22.774
 37320,  0.747, -9999.000,  2.543,  4.754,  0.383, 22.788
 37380,  0.776, -9999.000,  2.689,  4.708,  0.365, 21.557
 37440,  0.690, -9999.000,  2.609,  4.658,  0.354, 20.963
 37500,  0.786, -9999.000,  2.523,  4.711,  0.387, 20.716
 37560,  0.835, -9999.000,  2.567,  4.281,  0.384, 20.610
 37620,  0.850, -9999.000,  2.406,  4.193,  0.446, 20.356
 37680,  0.806, -9999.000,  2.508,  4.049,  0.427, 20.187
 37740,  0.865, -9999.000,  2.543,  4.222,  0.343, 20.442
 37800,  0.845, -9999.000,  2.288,  4.166,  0.370, 20.254
 37860,  0.786, -9999.000,  2.482,  3.919,  0.388, 20.483
 37920,  0.775, -9999.000,  2.320,  4.126,  0.372, 20.411
 37980,  0.954, -9999.000,  2.339,  4.300,  0.396, 20.826
 38040,  0.860, -9999.000,  2.470,  4.170,  0.399, 21.657
 38100,  0.786, -9999.000,  2.386,  4.364,  0.367, 21.569
 38160,  0.791, -9999.000,  2.374,  4.575,  0.428, 22.992
 38220,  0.772, -9999.000,  2.466,  4.533,  0.383, 23.315
 38280,  0.929, -9999.000,  2.709,  4.670,  0.383, 26.825
 38340,  0.919, -9999.000,  2.542,  4.831,  0.335, 26.096
 38400,  0.858, -9999.000,  2.631,  4.601,  0.334, 24.825
 38460,  0.857, -9999.000,  2.721,  4.621,  0.329, 24.289
 38520,  0.813, -9999.000,  2.406,  4.811,  0.337, 22.870
 38580,  0.945, -9999.000,  2.450,  4.758,  0.264, 23.630
 38640, -9999.000, -9999.000, -9999.000, -9999.000, -9999.000, -9999.000
 38700,  0.913, -9999.000,  2.208,  4.862,  0.301, 22.514
 38760,  0.865, -9999.000,  2.496,  5.049,  0.345, 23.776
 38820,  0.712, -9999.000,  2.582,  5.347,  0.341, 29.036
 38880,  0.855, -9999.000,  2.705,  5.224,  0.400, 28.795
 38940,  0.879, -9999.000,  2.583,  5.235,  0.348, 29.205
 39000,  0.840, -9999.000,  2.480,  5.399,  0.311, 27.336
 39060,  0.884, -9999.000,  2.457,  4.973,  0.384, 25.139
 39120,  0.816, -9999.000,  2.469,  5.076,  0.337, 24.500
 39180,  0.832, -9999.000,  2.310,  4.935,  0.355, 24.470
 39240,  0.899, -9999.000,  2.353,  4.976,  0.323, 24.788
 39300,  0.796, -9999.000,  2.493,  5.050,  0.316, 25.565
 39360,  0.852, -9999.000,  2.231,  5.050,  0.348, 25.912
 39420,  0.800, -9999.000,  2.329,  5.077,  0.308, 25.711
 39480,  0.840, -9999.000,  2.275,  5.181,  0.310, 25.385
 39540,  0.851, -9999.000,  2.336,  4.839,  0.382, 25.713
 39600,  0.891, -9999.000,  2.548,  5.008,  0.299, 25.571
 39660,  0.753, -9999.000,  2.313,  4.746,  0.370, 24.954
 39720,  0.741, -9999.000,  2.334,  4.614,  0.379, 28.881
 39780,  0.720, -9999.000,  2.460,  5.077,  0.399, 33.431
 39840,  0.859, -9999.000,  2.391,  4.875,  0.412, 31.140
 39900,  0.829, -9999.000,  2.223,  4.517,  0.327, 25.196
 39960,  0.795, -9999.000,  2.264,  4.715,  0.363, 22.459
 40020,  0.771, -9999.000,  2.216,  4.947,  0.356, 22.691
 40080,  0.850, -9999.000,  2.318,  4.867,  0.389, 23.433
 40140,  0.910, -9999.000,  2.314,  4.742,  0.376, 23.044
 40200,  0.910, -9999.000,  2.340,  4.726,  0.316, 22.349
 40260,  0.849, -9999.000,  2.487,  4.905,  0.399, 22.248
 40320,  0.879, -9999.000,  2.511,  4.690,  0.417, 21.836
 40380,  0.924, -9999.000,  2.434,  4.533,  0.352, 21.729
 40440,  0.968, -9999.000,  2.526,  4.463,  0.336, 22.073
 40500, -9999.000, -9999.000, -9999.000, -9999.000, -9999.000, -9999.000
 40560,  0.787, -9999.000,  2.295,  4.345,  0.411, 21.523
 40620,  0.918, -9999.000,  2.491,  4.699,  0.438, 21.690
 40680,  1.132, -9999.000,  2.365,  4.708,  0.418, 21.780
 40740,  1.054, -9999.000,  2.496,  4.800,  0.374, 21.420
 40800,  1.079, -9999.000,  2.497,  5.066,  0.457, 24.153
 40860,  1.071, -9999.000,  2.667,  4.823,  0.372, 25.983
 40920,  1.090, -9999.000,  2.513,  4.917,  0.399, 25.849
 40980,  1.217, -9999.000,  2.501,  5.158,  0.359, 26.619
 41040,  0.938, -9999.000,  2.571,  4.786,  0.392, 28.101
 41100,  1.014, -9999.000,  2.638,  4.813,  0.411, 28.926
 41160,  1.014, -9999.000,  2.595,  4.835,  0.455, 31.802
 41220,  0.974, -9999.000,  2.544,  5.096,  0.389, 31.211
 41280,  0.904, -9999.000,  2.679,  5.101,  0.437, 25.621
 41340,  0.952, -9999.000,  3.077,  5.504,  0.465, 24.960
 41400,  0.977, -9999.000,  3.270,  5.638,  0.398, 25.143
 41460,  1.119, -9999.000,  3.857,  5.596,  0.473, 24.685
 41520,  0.958, -9999.000,  3.471,  5.168,  0.469, 24.165
 41580,  1.046, -9999.000,  3.406,  5.471,  0.462, 24.082
 41640,  1.014, -9999.000,  3.521,  6.171,  0.449, 25.230
 41700,  1.109, -9999.000,  3.675,  6.514,  0.415, 25.594
 41760,  1.102, -9999.000,  3.907,  6.073,  0.462, 24.498
 41820,  1.124, -9999.000,  3.688,  6.184,  0.416, 25.198
 41880,  1.123, -9999.000,  3.769,  6.685,  0.490, 26.053
 41940,  1.112, -9999.000,  3.717,  6.350,  0.500, 25.380
 42000,  1.218, -9999.000,  3.639,  6.250,  0.536, 25.959
 42060,  1.086,  0.061,  3.376,  6.126,  0.556, 25.691
 42120,  1.098,  0.107,  3.648,  6.385,  0.454, 25.256
 42180,  1.116,  0.109,  3.772,  6.335,  0.526, 24.971
 42240,  1.178,  0.093,  3.458,  6.891,  0.512, 25.638
 42300,  1.194,  0.170,  3.416,  6.790,  0.448, 25.292
 42360,  1.082,  0.110,  3.229,  6.552,  0.429, 25.380
 42420,  1.353,  0.079,  3.373,  6.456,  0.440, 26.944
 42480,  0.979,  0.128,  3.466,  6.702,  0.527, 28.365
 42540,  1.139,  0.114,  3.283,  6.506,  0.527, 26.166
 42600,  1.208,  0.191,  3.419,  6.473,  0.519, 25.468
 42660,  1.051,  0.193,  3.490,  6.275,  0.507, 24.763
 42720,  1.046,  0.124,  3.356,  6.219,  0.449, 24.132
 42780,  1.090,  0.151,  3.393,  6.100,  0.404, 24.492
 42840,  0.975,  0.112,  3.114,  6.378,  0.480, 25.853
 42900,  1.016,  0.133,  3.377,  6.436,  0.510, 29.734
 42960,  1.092,  0.157,  3.390,  6.704,  0.434, 27.267
 43020,  1.035,  0.089,  3.598,  7.207,  0.510, 27.113
 43080,  0.941,  0.090,  3.297,  6.968,  0.509, 28.114
 43140,  0.899,  0.081,  2.977,  6.705,  0.492, 30.619
 43200,  0.955,  0.120,  2.849,  6.494,  0.385, 27.670
 43260,  0.878,  0.076,  3.114,  6.435,  0.460, 28.859
 43320,  1.042,  0.094,  2.909,  6.535,  0.444, 31.087
 43380,  0.909,  0.124,  2.850,  6.425,  0.474, 33.723
 43440,  1.048,  0.092,  3.021,  6.917,  0.531, 38.753
 43500,  0.817,  0.109,  2.767,  6.705,  0.427, 31.406
 43560,  0.915,  0.142,  2.988,  6.669,  0.419, 31.519
 43620,  0.834,  0.085,  2.980,  6.211,  0.464, 31.059
 43680,  0.816,  0.123,  2.714,  6.279,  0.433, 29.360
 43740,  0.914,  0.111,  2.740,  6.211,  0.378, 27.753
 43800,  0.994,  0.132,  2.901,  6.501,  0.331, 26.559
 43860,  0.943,  0.074,  2.734,  6.796,  0.431, 25.849
 43920,  0.865,  0.132,  2.701,  6.288,  0.405, 26.418
 43980,  0.789,  0.084,  2.738,  6.374,  0.377, 26.717
 44040,  0.810,  0.123,  2.758,  6.508,  0.362, 28.428
 44100,  0.814,  0.088,  3.035,  6.901,  0.551, 34.432
 44160, -9999.000, -9999.000, -9999.000, -9999.000, -9999.000, -9999.000
 44220,  0.801, -9999.000,  2.752,  6.742,  0.551, 35.520
 44280,  0.736, -9999.000,  2.767,  6.704,  0.513, 35.676
 44340,  0.787, -9999.000,  2.737,  6.673,  0.626, 40.709
 44400,  0.791, -9999.000,  2.694,  6.536,  0.391, 31.554
 44460,  0.827, -9999.000,  2.293,  5.965,  0.345, 29.790
 44520,  0.776, -9999.000,  2.573,  6.200,  0.376, 27.391
 44580,  0.845, -9999.000,  2.939,  6.704,  0.423, 30.157
 44640,  0.782, -9999.000,  3.511,  6.807,  0.406, 31.378
 44700,  0.761, -9999.000,  3.402,  6.887,  0.352, 31.922
 44760,  0.799, -9999.000,  2.943,  6.679,  0.384, 31.010
 44820,  0.746, -9999.000,  2.785,  6.423,  0.354, 30.687
 44880,  0.741, -9999.000,  2.872,  6.288,  0.374, 32.153
 44940,  0.703, -9999.000,  2.825,  6.133,  0.330, 31.042
 45000,  0.669, -9999.000,  2.555,  5.718,  0.308, 30.021
 45060,  0.649, -9999.000,  2.493,  5.916,  0.329, 29.114
 45120,  0.759, -9999.000,  2.319,  5.992,  0.313, 28.487
 45180,  0.677, -9999.000,  2.154,  5.855,  0.279, 27.321
 45240,  0.685, -9999.000,  2.131,  5.698,  0.284, 26.487
 45300,  0.590, -9999.000,  2.100,  5.674,  0.224, 27.043
 45360,  0.688, -9999.000,  2.161,  5.507,  0.217, 26.165
 45420,  0.689, -9999.000,  2.146,  5.876,  0.247, 25.947
 45480,  0.707, -9999.000,  2.069,  5.565,  0.257, 25.336
 45540,  0.611, -9999.000,  2.260,  6.055,  0.336, 34.822
 45600,  0.702, -9999.000,  2.304,  5.839,  0.302, 31.483
 45660,  0.655, -9999.000,  2.251,  5.633,  0.220, 28.867
 45720,  0.657, -9999.000,  2.551,  5.880,  0.276, 31.711
 45780,  0.581, -9999.000,  2.181,  5.599,  0.243, 29.404
 45840,  0.677, -9999.000,  2.104,  5.458,  0.266, 29.351
 45900,  0.642, -9999.000,  2.264,  5.960,  0.309, 33.692
 45960,  0.626, -9999.000,  2.384,  5.742,  0.269, 31.606
 46020, -9999.000, -9999.000, -9999.000, -9999.000, -9999.000, -9999.000
 46080,  0.759, -9999.000,  1.940,  5.226,  0.174, 27.163
 46140,  0.502, -9999.000,  1.999,  5.477,  0.207, 27.703
 46200,  0.546, -9999.000,  2.056,  5.252,  0.212, 25.390
 46260,  0.548, -9999.000,  1.897,  4.975,  0.236, 24.912
 46320,  0.567, -9999.000,  1.741,  5.019,  0.185, 23.259
 46380,  0.484, -9999.000,  1.591,  4.918,  0.164, 22.452
 46440,  0.585, -9999.000,  1.870,  4.858,  0.251, 22.436
 46500,  0.606, -9999.000,  1.760,  4.613,  0.197, 22.186
 46560,  0.520, -9999.000,  1.654,  4.571,  0.167, 21.567
 46620,  0.548, -9999.000,  1.903,  4.748,  0.202, 22.473
 46680,  0.611, -9999.000,  2.015,  5.037,  0.265, 26.069
 46740,  0.585, -9999.000,  2.342,  5.448,  0.340, 30.380
 46800,  0.574, -9999.000,  2.082,  4.803,  0.325, 25.754
 46860,  0.513, -9999.000,  2.174,  4.449,  0.305, 25.197
 46920,  0.500, -9999.000,  2.307,  4.840,  0.283, 27.018
 46980,  0.541, -9999.000,  2.200,  4.832,  0.283, 25.792
 47040,  0.452, -9999.000,  2.319,  4.155,  0.243, 23.207
 47100,  0.465, -9999.000,  1.897,  3.999,  0.208, 21.348
 47160,  0.490, -9999.000,  1.795,  3.950,  0.186, 20.808
 47220,  0.416, -9999.000,  1.784,  3.920,  0.204, 19.879
 47280,  0.356, -9999.000,  1.769,  4.097,  0.163, 20.251
 47340,  0.404,  0.053,  1.717,  4.129,  0.193, 20.440
 47400,  0.378,  0.061,  1.715,  4.018,  0.180, 19.891
 47460,  0.393,  0.020,  1.683,  3.813,  0.231, 18.068
 47520,  0.474,  0.021,  1.630,  3.621,  0.135, 18.432
 47580,  0.349,  0.114,  1.611,  4.107,  0.164, 17.764
 47640,  0.337,  0.095,  1.617,  3.947,  0.192, 17.899
 47700,  0.359,  0.102,  1.533,  3.714,  0.179, 17.864
 47760,  0.326,  0.091,  1.503,  3.828,  0.177, 18.331
 47820,  0.366,  0.025,  1.614,  3.949,  0.182, 17.443
 47880, -9999.000, -9999.000, -9999.000, -9999.000, -9999.000, -9999.000
 47940,  0.257,  0.088,  1.394,  3.625,  0.154, 17.982
 48000,  0.385,  0.094,  1.666,  3.614,  0.169, 18.758
 48060,  0.451,  0.079,  1.728,  3.536,  0.207, 18.757
 48120,  0.421,  0.103,  1.594,  3.444,  0.165, 17.612
 48180,  0.417,  0.124,  1.457,  3.689,  0.140, 16.050
 48240,  0.433,  0.061,  1.498,  3.529,  0.174, 15.410
 48300,  0.306,  0.102,  1.612,  3.559,  0.159, 15.298
 48360,  0.409,  0.075,  1.583,  3.546,  0.141, 15.479
 48420,  0.326,  0.073,  1.574,  3.411,  0.148, 14.341
 48480,  0.447,  0.023,  1.598,  3.607,  0.154, 15.423
