CampaignData_and_Merges/R0/CSL_MobileLab_Parked/raw/20240808/USOS-jNO2_MobileLabGround_20240808_R0.ict
52,1001
Waxman, E.; Rollins, A.; Zuraski, K.; Chace, W.
NOAA Chemical Sciences Laboratory
jNO2 filter radiometer on CSL Mobile Lab
AMMBEC / USOS
1, 1
2024,08,08, 2025,04,01
60
Time_Start, seconds, number_of_seconds_since_0000_UTC
20
1, 1, 1, 1, 1, 1, 1, 1, 1, 1, 1, 1, 1, 1, 1, 1, 1, 1, 1, 1
-9999, -9999, -9999, -9999, -9999, -9999, -9999, -9999, -9999, -9999, -9999, -9999, -9999, -9999, -9999, -9999, -9999, -9999, -9999, -9999
Time_Stop, seconds, number_of_seconds_since_0000_UTC
jNO2_meas, per second, photolysis rate of NO2 measured using a filter radiometer.
jBrCl, per second, photolysis rate of BrCl -> Br + Cl calculated in TUV for cloud-free sky with local AOD
jBr2, per second, photolysis rate of Br2 -> Br + Br calculated in TUV for cloud-free sky with local AOD
jCCl4, per second, photolysis rate of CCl4 -> Products calcualted in TUV for cloud-free sky with local AOD
jCH2Oa, per second, photolysis rate of CH2O -> H + HCO calculated in TUV for cloud-free sky with local AOD
jCH2Ob, per second, photolysis rate of CH2O -> H2 + CO calculated in TUV for cloud-free sky with local AOD
jClNO2, per second, photolysis rate of ClNO2 -> Cl + NO2 calculated in TUV for cloud-free sky with local AOD
jClOa, per second, photolysis rate of ClO -> Cl + O(1D) calculated in TUV for cloud-free sky with local AOD
jClOb, per second, photolysis rate of ClO -> Cl + O(3P) calculated in TUV for cloud-free sky with local AOD
jCl2, per second, photolysis rate of Cl2 -> Cl + Cl calculated in TUV for cloud-free sky with local AOD
jHNO2, per second, photolysis rate of HNO2 -> OH + NO calculated in TUV for cloud-free sky with local AOD
jHNO3, per second, photolysis rate of HNO3 -> OH + NO2 calculated in TUV for cloud-free sky with local AOD
jI2, per second, photolysis rate of I2 -> I + I calculated in TUV for cloud-free sky with local AOD
jNO2, per second, photolysis rate of NO2 -> NO + O(3P) calculated in TUV for cloud-free sky with local AOD
jNO3a, per second, photolysis rate of NO3 -> NO + O2 calculated in TUV for cloud-free sky with local AOD
jNO3b, per second, photolysis rate of NO3 -> NO2 + O(3P) calculated in TUV for cloud-free sky with local AOD
jN2O5, per second, photolysis rate of N2O5 -> NO3 + NO + O(3P) calculated in TUV for cloud-free sky with local AOD
jO3, per second, photolysis rate of O3 -> O2 + O(1D) calculated in TUV for cloud-free sky with local AOD
AOD_500nm, unitless, UTC daily mean AOD at 500 nm from an AERONET station located at 40.178 N, -112.452 E
0
18
PI_CONTACT_INFO: eleanor.waxman@noaa.gov
PLATFORM: CSL Mobile Lab, at ground site
LOCATION: Salt Lake City, UT
ASSOCIATED_DATA:
INSTRUMENT_INFO: jNO2 filter radiometer.  TUV calculations are for mobile van lat/lon/altitude assuming clear sky (cloud AOD = 0) and daily mean AOD.
DATA_INFO:
UNCERTAINTY: Data uncertainties are +/- 20%.  These come from uncertainties in radiometer angular response, radiometer thermal response, local interferences from clouds/aerosols/shadows etc.
ULOD_FLAG: -7777
ULOD_VALUE: N/A
LLOD_FLAG: -8888
LLOD_VALUE: N/A
DM_CONTACT_INFO: eleanor.waxman@noaa.gov
PROJECT_INFO: USOS Project, July - August 2024
STIPULATIONS_ON_USE: Users are strongly encouraged to contact the PI for proper data usage.
OTHER_COMMENTS: 
REVISION: R0
R0: final data
Time_Start, Time_Stop, jNO2_meas, jBrCl, jBr2, jCCl4, jCH2Oa, jCH2Ob, jClNO2, jClOa, jClOb, jCl2, jHNO2, jHNO3, jI2, jNO2, jNO3a, jNO3b, jN2O5, jO3, AOD_500nm
[from data line 1316]
   78960,   79020,0.0082024,0.00969,0.0299,4.389e-24,2.571e-05,4.007e-05,0.0003963,1.811e-24,3.27e-05,0.001988,0.001311,4.362e-07,0.1084,0.008125,0.02115,0.1685,3.488e-05,2.12e-05,0.276
   79020,   79080,0.0082004,0.009676,0.02987,4.197e-24,2.562e-05,3.997e-05,0.0003952,1.725e-24,3.25e-05,0.001984,0.001309,4.342e-07,0.1083,0.00811,0.02114,0.1683,3.478e-05,2.107e-05,0.276
   79080,   79140,0.0079901,0.009662,0.02983,4.015e-24,2.553e-05,3.986e-05,0.0003942,1.644e-24,3.231e-05,0.00198,0.001306,4.323e-07,0.1082,0.008096,0.02112,0.1682,3.468e-05,2.094e-05,0.276
   79140,   79200,0.0079584,0.009648,0.0298,3.852e-24,2.545e-05,3.976e-05,0.0003932,1.572e-24,3.212e-05,0.001976,0.001304,4.304e-07,0.1081,0.008081,0.02111,0.1681,3.458e-05,2.082e-05,0.276
   79200,   79260,0.0079769,0.009634,0.02976,3.687e-24,2.536e-05,3.965e-05,0.0003922,1.499e-24,3.192e-05,0.001971,0.001301,4.284e-07,0.108,0.008066,0.02109,0.1679,3.448e-05,2.068e-05,0.276
   79260,   79320,0.0078478,0.00962,0.02973,3.53e-24,2.527e-05,3.955e-05,0.0003911,1.43e-24,3.173e-05,0.001967,0.001298,4.264e-07,0.1079,0.008051,0.02107,0.1678,3.437e-05,2.055e-05,0.276
   79320,   79380,0.0077919,0.009606,0.02969,3.391e-24,2.518e-05,3.944e-05,0.0003901,1.368e-24,3.154e-05,0.001963,0.001296,4.245e-07,0.1078,0.008037,0.02106,0.1676,3.427e-05,2.042e-05,0.276
   79380,   79440,0.007618,0.009591,0.02966,3.249e-24,2.509e-05,3.933e-05,0.0003891,1.307e-24,3.134e-05,0.001958,0.001293,4.225e-07,0.1077,0.008021,0.02104,0.1675,3.417e-05,2.029e-05,0.276
   79440,   79500,0.0074866,0.009582,0.02963,3.149e-24,2.503e-05,3.926e-05,0.0003884,1.262e-24,3.118e-05,0.001955,0.001291,4.21e-07,0.1076,0.008011,0.02103,0.1674,3.41e-05,2.018e-05,0.276
   79500,   79560,0.0068716,0.009567,0.0296,3.027e-24,2.494e-05,3.915e-05,0.0003873,1.208e-24,3.1e-05,0.001951,0.001289,4.191e-07,0.1075,0.007996,0.02101,0.1672,3.4e-05,2.006e-05,0.276
   79560,   79620,0.0074296,0.009552,0.02956,2.903e-24,2.485e-05,3.904e-05,0.0003862,1.155e-24,3.08e-05,0.001946,0.001286,4.171e-07,0.1074,0.00798,0.021,0.1671,3.389e-05,1.992e-05,0.276
   79620,   79680,0.0074861,0.009537,0.02952,2.786e-24,2.475e-05,3.893e-05,0.0003851,1.104e-24,3.06e-05,0.001942,0.001283,4.151e-07,0.1073,0.007964,0.02098,0.1669,3.378e-05,1.979e-05,0.276
   79680,   79740,0.007508,0.009522,0.02948,2.68e-24,2.466e-05,3.882e-05,0.0003841,1.059e-24,3.041e-05,0.001937,0.001281,4.131e-07,0.1072,0.007949,0.02096,0.1668,3.368e-05,1.966e-05,0.276
   79740,   79800,0.0074633,0.009506,0.02945,2.574e-24,2.457e-05,3.871e-05,0.000383,1.013e-24,3.02e-05,0.001933,0.001278,4.11e-07,0.1071,0.007933,0.02094,0.1666,3.357e-05,1.952e-05,0.276
   79800,   79860,0.0072548,0.009491,0.02941,2.472e-24,2.447e-05,3.859e-05,0.0003819,9.697e-25,3e-05,0.001928,0.001275,4.09e-07,0.107,0.007916,0.02093,0.1664,3.346e-05,1.938e-05,0.276
   79860,   79920,0.0071818,0.009475,0.02937,2.381e-24,2.438e-05,3.848e-05,0.0003808,9.307e-25,2.981e-05,0.001923,0.001272,4.07e-07,0.1069,0.0079,0.02091,0.1663,3.335e-05,1.926e-05,0.276
   79920,   79980,0.0076414,0.009459,0.02933,2.289e-24,2.429e-05,3.837e-05,0.0003796,8.916e-25,2.96e-05,0.001918,0.001269,4.049e-07,0.1067,0.007884,0.02089,0.1661,3.324e-05,1.912e-05,0.276
   79980,   80040,0.00764,0.009443,0.02929,2.201e-24,2.419e-05,3.825e-05,0.0003785,8.544e-25,2.94e-05,0.001913,0.001266,4.028e-07,0.1066,0.007867,0.02087,0.1659,3.313e-05,1.898e-05,0.276
   80040,   80100,0.0072399,0.009427,0.02925,2.122e-24,2.41e-05,3.814e-05,0.0003774,8.211e-25,2.92e-05,0.001909,0.001264,4.008e-07,0.1065,0.007851,0.02085,0.1658,3.302e-05,1.885e-05,0.276
   80100,   80160,0.0057698,0.009411,0.02921,2.042e-24,2.4e-05,3.802e-05,0.0003762,7.875e-25,2.9e-05,0.001904,0.001261,3.987e-07,0.1064,0.007833,0.02083,0.1656,3.291e-05,1.871e-05,0.276
   80160,   80220,0.0059528,0.009394,0.02916,1.965e-24,2.39e-05,3.789e-05,0.0003751,7.554e-25,2.879e-05,0.001899,0.001258,3.965e-07,0.1063,0.007816,0.02081,0.1654,3.28e-05,1.857e-05,0.276
   80220,   80280,0.0058048,0.009378,0.02912,1.897e-24,2.381e-05,3.778e-05,0.0003739,7.267e-25,2.859e-05,0.001894,0.001255,3.945e-07,0.1062,0.007799,0.02079,0.1652,3.269e-05,1.844e-05,0.276
   80280,   80340,0.0068553,0.009361,0.02908,1.827e-24,2.371e-05,3.766e-05,0.0003728,6.978e-25,2.839e-05,0.001889,0.001252,3.924e-07,0.106,0.007782,0.02077,0.165,3.257e-05,1.83e-05,0.276
   80340,   80400,0.0075612,0.009344,0.02904,1.76e-24,2.361e-05,3.753e-05,0.0003716,6.702e-25,2.818e-05,0.001884,0.001248,3.902e-07,0.1059,0.007764,0.02075,0.1649,3.245e-05,1.816e-05,0.276
   80400,   80460,0.0072277,0.009327,0.029,1.7e-24,2.351e-05,3.742e-05,0.0003704,6.455e-25,2.798e-05,0.001879,0.001246,3.882e-07,0.1058,0.007747,0.02073,0.1647,3.234e-05,1.803e-05,0.276
   80460,   80520,0.0068853,0.009309,0.02895,1.639e-24,2.341e-05,3.729e-05,0.0003692,6.204e-25,2.778e-05,0.001874,0.001242,3.86e-07,0.1057,0.007729,0.02071,0.1645,3.223e-05,1.789e-05,0.276
   80520,   80580,0.0066466,0.009292,0.02891,1.581e-24,2.331e-05,3.717e-05,0.000368,5.964e-25,2.757e-05,0.001869,0.001239,3.838e-07,0.1055,0.00771,0.02069,0.1643,3.211e-05,1.775e-05,0.276
   80580,   80640,0.0063491,0.009275,0.02886,1.528e-24,2.321e-05,3.705e-05,0.0003668,5.75e-25,2.737e-05,0.001864,0.001236,3.818e-07,0.1054,0.007693,0.02067,0.1641,3.199e-05,1.762e-05,0.276
   80640,   80700,0.0062416,0.009257,0.02882,1.475e-24,2.311e-05,3.692e-05,0.0003656,5.533e-25,2.716e-05,0.001858,0.001233,3.796e-07,0.1053,0.007674,0.02065,0.1639,3.187e-05,1.748e-05,0.276
   80700,   80760,0.0058589,0.009238,0.02877,1.423e-24,2.3e-05,3.679e-05,0.0003643,5.326e-25,2.695e-05,0.001853,0.00123,3.774e-07,0.1051,0.007655,0.02062,0.1637,3.175e-05,1.734e-05,0.276
   80760,   80820,0.0060688,0.009221,0.02873,1.377e-24,2.291e-05,3.667e-05,0.0003632,5.139e-25,2.676e-05,0.001848,0.001227,3.753e-07,0.105,0.007637,0.0206,0.1635,3.164e-05,1.721e-05,0.276
   80820,   80880,0.006204,0.009202,0.02868,1.33e-24,2.28e-05,3.654e-05,0.0003619,4.95e-25,2.655e-05,0.001842,0.001223,3.731e-07,0.1049,0.007618,0.02058,0.1633,3.152e-05,1.707e-05,0.276
   80880,   80940,0.0060676,0.009183,0.02863,1.285e-24,2.27e-05,3.641e-05,0.0003606,4.769e-25,2.634e-05,0.001837,0.00122,3.709e-07,0.1047,0.007599,0.02056,0.1631,3.139e-05,1.693e-05,0.276
   80940,   81000,0.0046831,0.009165,0.02859,1.244e-24,2.26e-05,3.628e-05,0.0003594,4.607e-25,2.614e-05,0.001832,0.001217,3.688e-07,0.1046,0.007581,0.02054,0.1629,3.128e-05,1.68e-05,0.276
   81000,   81060,0.0050318,0.009146,0.02854,1.203e-24,2.249e-05,3.615e-05,0.0003581,4.442e-25,2.593e-05,0.001826,0.001213,3.666e-07,0.1044,0.007561,0.02051,0.1627,3.115e-05,1.666e-05,0.276
   81060,   81120,0.0045017,0.009127,0.02849,1.163e-24,2.238e-05,3.602e-05,0.0003568,4.284e-25,2.572e-05,0.001821,0.00121,3.643e-07,0.1043,0.007541,0.02049,0.1625,3.103e-05,1.652e-05,0.276
   81120,   81180,0.0043682,0.009109,0.02844,1.127e-24,2.228e-05,3.589e-05,0.0003556,4.142e-25,2.552e-05,0.001815,0.001207,3.622e-07,0.1042,0.007522,0.02047,0.1623,3.091e-05,1.638e-05,0.276
   81180,   81240,0.0039125,0.009089,0.02839,1.09e-24,2.217e-05,3.576e-05,0.0003543,3.997e-25,2.531e-05,0.001809,0.001203,3.599e-07,0.104,0.007502,0.02044,0.1621,3.078e-05,1.624e-05,0.276
   81240,   81300,0.0036491,0.009069,0.02834,1.055e-24,2.207e-05,3.562e-05,0.0003529,3.859e-25,2.51e-05,0.001804,0.0012,3.577e-07,0.1039,0.007482,0.02042,0.1619,3.066e-05,1.61e-05,0.276
   81300,   81360,0.0037479,0.00905,0.02829,1.023e-24,2.196e-05,3.549e-05,0.0003517,3.734e-25,2.49e-05,0.001798,0.001196,3.556e-07,0.1037,0.007463,0.02039,0.1617,3.053e-05,1.597e-05,0.276
   81360,   81420,0.0038978,0.00903,0.02824,9.901e-25,2.185e-05,3.535e-05,0.0003504,3.607e-25,2.469e-05,0.001793,0.001193,3.533e-07,0.1036,0.007442,0.02037,0.1614,3.041e-05,1.583e-05,0.276
   81420,   81480,0.0041327,0.009009,0.02819,9.587e-25,2.174e-05,3.521e-05,0.000349,3.486e-25,2.448e-05,0.001787,0.001189,3.51e-07,0.1034,0.007421,0.02034,0.1612,3.028e-05,1.569e-05,0.276
   81480,   81540,0.0046489,0.00899,0.02814,9.304e-25,2.164e-05,3.508e-05,0.0003477,3.377e-25,2.428e-05,0.001781,0.001186,3.489e-07,0.1033,0.007402,0.02032,0.161,3.015e-05,1.555e-05,0.276
   81540,   81600,0.0050243,0.008969,0.02808,9.013e-25,2.153e-05,3.494e-05,0.0003464,3.265e-25,2.407e-05,0.001775,0.001182,3.466e-07,0.1031,0.00738,0.02029,0.1608,3.002e-05,1.541e-05,0.276
   81600,   81660,0.0051036,0.008948,0.02803,8.734e-25,2.142e-05,3.48e-05,0.000345,3.158e-25,2.385e-05,0.001769,0.001179,3.443e-07,0.1029,0.007359,0.02026,0.1605,2.989e-05,1.527e-05,0.276
   81660,   81720,0.0049582,0.008928,0.02798,8.482e-25,2.131e-05,3.467e-05,0.0003437,3.061e-25,2.366e-05,0.001763,0.001175,3.421e-07,0.1028,0.007339,0.02024,0.1603,2.977e-05,1.514e-05,0.276
   81720,   81780,0.0051597,0.008906,0.02792,8.223e-25,2.12e-05,3.452e-05,0.0003423,2.963e-25,2.344e-05,0.001757,0.001171,3.398e-07,0.1026,0.007317,0.02021,0.1601,2.964e-05,1.5e-05,0.276
   81780,   81840,0.0052844,0.008885,0.02787,7.975e-25,2.109e-05,3.438e-05,0.0003409,2.868e-25,2.323e-05,0.001751,0.001168,3.375e-07,0.1025,0.007296,0.02018,0.1598,2.95e-05,1.486e-05,0.276
   81840,   81900,0.0047785,0.008864,0.02782,7.749e-25,2.098e-05,3.424e-05,0.0003396,2.783e-25,2.304e-05,0.001746,0.001164,3.353e-07,0.1023,0.007275,0.02016,0.1596,2.938e-05,1.473e-05,0.276
   81900,   81960,0.003784,0.008842,0.02776,7.518e-25,2.086e-05,3.41e-05,0.0003382,2.695e-25,2.282e-05,0.001739,0.00116,3.33e-07,0.1021,0.007253,0.02013,0.1593,2.924e-05,1.459e-05,0.276
   81960,   82020,0.0041196,0.00882,0.0277,7.296e-25,2.075e-05,3.395e-05,0.0003368,2.612e-25,2.261e-05,0.001733,0.001156,3.307e-07,0.102,0.00723,0.0201,0.1591,2.911e-05,1.445e-05,0.276
   82020,   82080,0.0044684,0.008799,0.02765,7.094e-25,2.064e-05,3.381e-05,0.0003354,2.536e-25,2.241e-05,0.001727,0.001153,3.285e-07,0.1018,0.007209,0.02007,0.1588,2.898e-05,1.432e-05,0.276
   82080,   82140,0.0048572,0.008777,0.02759,6.888e-25,2.053e-05,3.366e-05,0.000334,2.459e-25,2.22e-05,0.001721,0.001149,3.262e-07,0.1016,0.007186,0.02005,0.1586,2.884e-05,1.418e-05,0.276
   82140,   82200,0.0042309,0.008754,0.02753,6.689e-25,2.041e-05,3.352e-05,0.0003325,2.385e-25,2.199e-05,0.001714,0.001145,3.238e-07,0.1014,0.007164,0.02002,0.1583,2.87e-05,1.404e-05,0.276
   82200,   82260,0.0042313,0.008732,0.02747,6.507e-25,2.03e-05,3.337e-05,0.0003312,2.317e-25,2.179e-05,0.001708,0.001141,3.216e-07,0.1013,0.007142,0.01999,0.1581,2.857e-05,1.39e-05,0.276
   82260,   82320,0.0048093,0.008709,0.02741,6.322e-25,2.018e-05,3.322e-05,0.0003297,2.249e-25,2.158e-05,0.001702,0.001137,3.193e-07,0.1011,0.007119,0.01996,0.1578,2.843e-05,1.377e-05,0.276
   82320,   82380,0.0061397,0.008686,0.02735,6.144e-25,2.007e-05,3.307e-05,0.0003282,2.183e-25,2.137e-05,0.001695,0.001133,3.169e-07,0.1009,0.007095,0.01993,0.1575,2.829e-05,1.363e-05,0.276
   82380,   82440,0.006137,0.008663,0.02729,5.982e-25,1.996e-05,3.293e-05,0.0003268,2.123e-25,2.118e-05,0.001689,0.001129,3.147e-07,0.1007,0.007073,0.0199,0.1573,2.816e-05,1.35e-05,0.276
   82440,   82500,0.0065455,0.00864,0.02723,5.815e-25,1.984e-05,3.278e-05,0.0003253,2.062e-25,2.097e-05,0.001683,0.001125,3.124e-07,0.1005,0.007049,0.01987,0.157,2.802e-05,1.336e-05,0.276
   82500,   82560,0.0062661,0.008616,0.02717,5.657e-25,1.972e-05,3.262e-05,0.0003238,2.003e-25,2.076e-05,0.001676,0.001121,3.1e-07,0.1004,0.007025,0.01984,0.1567,2.788e-05,1.322e-05,0.276
   82560,   82620,0.0051826,0.008593,0.02711,5.511e-25,1.961e-05,3.247e-05,0.0003224,1.949e-25,2.056e-05,0.00167,0.001117,3.078e-07,0.1002,0.007003,0.01981,0.1565,2.775e-05,1.309e-05,0.276
   82620,   82680,0.0053807,0.008568,0.02705,5.361e-25,1.949e-05,3.232e-05,0.0003209,1.895e-25,2.035e-05,0.001663,0.001113,3.054e-07,0.09999,0.006978,0.01977,0.1562,2.76e-05,1.295e-05,0.276
   82680,   82740,0.0063234,0.008544,0.02698,5.217e-25,1.937e-05,3.216e-05,0.0003194,1.842e-25,2.014e-05,0.001656,0.001109,3.031e-07,0.09979,0.006954,0.01974,0.1559,2.746e-05,1.281e-05,0.276
   82740,   82800,0.0060782,0.00852,0.02692,5.086e-25,1.926e-05,3.201e-05,0.000318,1.794e-25,1.995e-05,0.00165,0.001105,3.008e-07,0.09961,0.006931,0.01971,0.1556,2.733e-05,1.268e-05,0.276
   82800,   82860,0.0062666,0.008495,0.02686,4.951e-25,1.913e-05,3.186e-05,0.0003164,1.746e-25,1.974e-05,0.001643,0.001101,2.985e-07,0.09941,0.006906,0.01968,0.1553,2.718e-05,1.255e-05,0.276
   82860,   82920,0.0067752,0.00847,0.02679,4.82e-25,1.901e-05,3.17e-05,0.0003149,1.698e-25,1.953e-05,0.001636,0.001096,2.961e-07,0.0992,0.006881,0.01964,0.155,2.703e-05,1.241e-05,0.276
   82920,   82980,0.0068032,0.008446,0.02673,4.701e-25,1.89e-05,3.155e-05,0.0003134,1.655e-25,1.934e-05,0.00163,0.001092,2.938e-07,0.09901,0.006857,0.01961,0.1547,2.69e-05,1.228e-05,0.276
   82980,   83040,0.0050033,0.00842,0.02666,4.579e-25,1.878e-05,3.138e-05,0.0003119,1.612e-25,1.913e-05,0.001623,0.001088,2.915e-07,0.09881,0.006832,0.01958,0.1544,2.675e-05,1.214e-05,0.276
   83040,   83100,0.0060548,0.008394,0.02659,4.462e-25,1.865e-05,3.122e-05,0.0003103,1.569e-25,1.893e-05,0.001616,0.001084,2.891e-07,0.0986,0.006806,0.01954,0.1541,2.66e-05,1.201e-05,0.276
   83100,   83160,0.0068101,0.00837,0.02653,4.354e-25,1.854e-05,3.107e-05,0.0003088,1.531e-25,1.873e-05,0.001609,0.00108,2.868e-07,0.0984,0.006782,0.01951,0.1538,2.647e-05,1.188e-05,0.276
   83160,   83220,0.0068128,0.008343,0.02646,4.244e-25,1.842e-05,3.091e-05,0.0003072,1.491e-25,1.853e-05,0.001602,0.001075,2.845e-07,0.09819,0.006756,0.01947,0.1535,2.632e-05,1.175e-05,0.276
   83220,   83280,0.0067632,0.008317,0.02639,4.137e-25,1.829e-05,3.074e-05,0.0003056,1.453e-25,1.832e-05,0.001595,0.001071,2.821e-07,0.09798,0.00673,0.01944,0.1532,2.617e-05,1.161e-05,0.276
   83280,   83340,0.0067915,0.008291,0.02632,4.04e-25,1.818e-05,3.059e-05,0.0003041,1.418e-25,1.813e-05,0.001588,0.001066,2.798e-07,0.09777,0.006705,0.0194,0.1529,2.603e-05,1.148e-05,0.276
   83340,   83400,0.0067792,0.008264,0.02625,3.94e-25,1.805e-05,3.042e-05,0.0003025,1.383e-25,1.792e-05,0.001581,0.001062,2.774e-07,0.09755,0.006678,0.01936,0.1526,2.588e-05,1.135e-05,0.276
   83400,   83460,0.0067842,0.008237,0.02617,3.843e-25,1.793e-05,3.025e-05,0.0003009,1.349e-25,1.772e-05,0.001573,0.001057,2.751e-07,0.09733,0.006652,0.01933,0.1523,2.573e-05,1.122e-05,0.276
   83460,   83520,0.0067072,0.008211,0.02611,3.755e-25,1.781e-05,3.01e-05,0.0002994,1.317e-25,1.753e-05,0.001567,0.001053,2.728e-07,0.09712,0.006626,0.01929,0.152,2.558e-05,1.109e-05,0.276
   83520,   83580,0.0065955,0.008184,0.02603,3.664e-25,1.768e-05,2.993e-05,0.0002977,1.285e-25,1.733e-05,0.001559,0.001048,2.704e-07,0.0969,0.006599,0.01925,0.1516,2.543e-05,1.096e-05,0.276
   83580,   83640,0.0065353,0.008156,0.02596,3.576e-25,1.756e-05,2.976e-05,0.0002961,1.254e-25,1.713e-05,0.001552,0.001044,2.68e-07,0.09667,0.006572,0.01921,0.1513,2.528e-05,1.083e-05,0.276
   83640,   83700,0.006566,0.008129,0.02589,3.496e-25,1.744e-05,2.96e-05,0.0002946,1.226e-25,1.694e-05,0.001545,0.001039,2.658e-07,0.09645,0.006546,0.01918,0.151,2.513e-05,1.07e-05,0.276
   83700,   83760,0.0066266,0.008101,0.02581,3.413e-25,1.731e-05,2.943e-05,0.0002929,1.197e-25,1.674e-05,0.001537,0.001035,2.634e-07,0.09622,0.006518,0.01914,0.1506,2.498e-05,1.057e-05,0.276
   83760,   83820,0.0065563,0.008072,0.02574,3.334e-25,1.719e-05,2.926e-05,0.0002912,1.169e-25,1.654e-05,0.00153,0.00103,2.61e-07,0.09598,0.00649,0.0191,0.1503,2.483e-05,1.044e-05,0.276
   83820,   83880,0.0063383,0.008045,0.02566,3.261e-25,1.707e-05,2.91e-05,0.0002897,1.143e-25,1.635e-05,0.001522,0.001025,2.587e-07,0.09576,0.006464,0.01906,0.1499,2.468e-05,1.032e-05,0.276
   83880,   83940,0.0063525,0.008016,0.02559,3.185e-25,1.694e-05,2.892e-05,0.000288,1.116e-25,1.615e-05,0.001515,0.001021,2.563e-07,0.09552,0.006435,0.01902,0.1496,2.453e-05,1.019e-05,0.276
   83940,   84000,0.0062911,0.007986,0.02551,3.112e-25,1.681e-05,2.875e-05,0.0002863,1.091e-25,1.595e-05,0.001507,0.001016,2.54e-07,0.09527,0.006407,0.01898,0.1492,2.437e-05,1.006e-05,0.276
