CampaignData_and_Merges/R0/CSL_MobileLab_Parked/raw/20240808/USOS-NOy-LIF_MobileLabGround_20240808_R0.ict
39,1001
Rollins, A.; Waxman, E.; Zuraski, K.; Chace, W.
NOAA Chemical Sciences Laboratory
LIF NO/NOx/NOy on CSL Mobile Lab
AMMBEC / USOS
1, 1
2024,08,08, 2025,01,04
1
Time_Start, seconds, number_of_seconds_since_0000_UTC
7
1, 1, 1, 1, 1, 1, 1
-9999, -9999, -9999, -9999, -9999, -9999, -9999
Time_Stop, seconds, number_of_seconds_since_0000_UTC
NO_LIF, pptv, Gas_NO_InSitu_S_AVMR, volume mixing ratio of nitric oxide in air
NO2_LIF, pptv, Gas_NO2_InSitu_S_AVMR, volume mixing ratio of nitrogen dioxide in air
NOy_LIF, pptv, Gas_NOy_InSitu_S_AVMR, volume mixing ratio of total oxidized nitrogen in air
NO_LIF_1SigmaAccuracy, pptv, Gas_NO_InSitu_S_AVMR, volume mixing ratio of nitric oxide in air
NO2_LIF_1SigmaAccuracy, pptv, Gas_NO2_InSitu_S_AVMR, volume mixing ratio of nitrogen dioxide in air
NOy_LIF_1SigmaAccuracy, pptv, Gas_NOy_InSitu_S_AVMR, volume mixing ratio of total oxidized nitrogen in air
0
18
PI_CONTACT_INFO: andrew.rollins@noaa.gov
PLATFORM: CSL Mobile Lab
LOCATION: Salt Lake City, UT
ASSOCIATED_DATA:
INSTRUMENT_INFO: NO detection by laser induced fluorescence. NO2 detection by photolytic conversion to NO. NOy detection by catalytic conversion to NO on gold surface
DATA_INFO:
UNCERTAINTY: Included 1 Sigma Accuracy waves represent the combined calibration uncertainties (±6%, ±9%, ±10%) and zero uncertainties (3 ppt, 20 ppt, 100 ppt) for NO, NO2, and NOy, respectively.
ULOD_FLAG: -7777
ULOD_VALUE: N/A
LLOD_FLAG: -8888
LLOD_VALUE: N/A
DM_CONTACT_INFO: andrew.rollins@noaa.gov
PROJECT_INFO: USOS Project, July - August 2024
STIPULATIONS_ON_USE: Users are strongly encouraged to contact the PI for proper data usage.
OTHER_COMMENTS:
REVISION: R0
R0: final data
Time_Start, Time_Stop, NO_LIF, NO2_LIF, NOy_LIF, NO_LIF_1SigmaAccuracy, NO2_LIF_1SigmaAccuracy, NOy_LIF_1SigmaAccuracy
[from data line 1067]
   64020,   64080,1980.2,10348,14633,121.81, 951.3, 1563.3
   64080,   64140,-9999,-9999,-9999,-9999, -9999, -9999
   64140,   64200,-9999,-9999,-9999,-9999, -9999, -9999
   64200,   64260,-9999,-9999,-9999,-9999, -9999, -9999
   64260,   64320,-9999,-9999,-9999,-9999, -9999, -9999
   64320,   64380,-9999,-9999,-9999,-9999, -9999, -9999
   64380,   64440,-9999,-9999,-9999,-9999, -9999, -9999
   64440,   64500,-9999,-9999,-9999,-9999, -9999, -9999
   64500,   64560,2372.6,9247.9,17876,145.36, 852.31, 1887.6
   64560,   64620,2822.6,9434.3,13771,172.36, 869.08, 1477.1
   64620,   64680,2264.1,7968.3,12239,138.85, 737.15, 1323.9
   64680,   64740,1864.7,7598.7,12008,114.88, 703.88, 1300.8
   64740,   64800,1753.2,7970.6,12274,108.19, 737.36, 1327.4
   64800,   64860,1952.4,8008.5,12666,120.15, 740.77, 1366.6
   64860,   64920,2034.8,8431.2,13171,125.09, 778.8, 1417.1
   64920,   64980,1715.9,8031.9,12085,105.96, 742.87, 1308.5
   64980,   65040,2154.3,9734.9,13987,132.26, 896.14, 1498.7
   65040,   65100,3710.5,15242,26078,225.63, 1391.8, 2707.8
   65100,   65160,2332,9703.3,15145,142.92, 893.3, 1614.5
   65160,   65220,737.95,3342.7,6776.6,47.277, 320.84, 777.66
   65220,   65280,828.84,3604,6310,52.73, 344.36, 731
   65280,   65340,719.35,3918.8,6836.3,46.161, 372.69, 783.63
   65340,   65400,798.43,4250.4,6990.1,50.906, 402.53, 799.01
   65400,   65460,715.4,4544,7168.2,45.924, 428.96, 816.82
   65460,   65520,590.08,4526.3,7268.7,38.405, 427.37, 826.87
   65520,   65580,699.25,4452.4,7198.4,44.955, 420.71, 819.84
   65580,   65640,698.66,4393.3,7348.8,44.92, 415.39, 834.88
   65640,   65700,768.29,4373.8,7488.6,49.097, 413.64, 848.86
   65700,   65760,821.29,4368.4,7723.2,52.277, 413.15, 872.32
   65760,   65820,834.86,4169.6,7189.3,53.092, 395.26, 818.93
   65820,   65880,1819.5,6460,8488.7,112.17, 601.4, 948.87
   65880,   65940,4756.5,13727,15812,288.39, 1255.5, 1681.2
   65940,   66000,4701.4,14469,19899,285.08, 1322.2, 2089.9
   66000,   66060,1838.9,7425.5,10598,113.33, 688.3, 1159.8
   66060,   66120,1410,5708.2,8234.6,87.599, 533.74, 923.46
   66120,   66180,2061.6,7128.8,9602.2,126.7, 661.59, 1060.2
   66180,   66240,1119.6,4980.2,8649.3,70.174, 468.21, 964.93
   66240,   66300,919.84,4360,7673.1,58.19, 412.4, 867.31
   66300,   66360,1238.4,5216.7,9050.6,77.301, 489.51, 1005.1
   66360,   66420,1196,4923.4,8565.9,74.757, 463.11, 956.59
   66420,   66480,1148.8,4984.1,8518.8,71.928, 468.57, 951.88
   66480,   66540,944.23,4595.3,8047.8,59.654, 433.57, 904.78
   66540,   66600,914.56,4455.2,7837.7,57.874, 420.97, 883.77
   66600,   66660,971.73,4428.8,7746.7,61.304, 418.59, 874.67
   66660,   66720,985.61,4630.8,8158.2,62.137, 436.77, 915.82
   66720,   66780,904.09,4815.6,8433.8,57.245, 453.41, 943.38
   66780,   66840,1074.7,5105.2,8807.6,67.479, 479.46, 980.76
   66840,   66900,1084.8,5088.9,8823.8,68.085, 478, 982.38
   66900,   66960,1124.5,5376.3,9226.4,70.471, 503.87, 1022.6
   66960,   67020,1668.2,8005.8,11935,103.09, 740.53, 1293.5
   67020,   67080,928.83,5666.1,9327.2,58.73, 529.95, 1032.7
   67080,   67140,722.84,5352.7,8564,46.371, 501.74, 956.4
   67140,   67200,764.58,5025.5,8253.7,48.875, 472.29, 925.37
   67200,   67260,750.47,5559.2,8872.3,48.028, 520.32, 987.23
   67260,   67320,759.2,5853.5,9029,48.552, 546.82, 1002.9
   67320,   67380,653.32,5537,8645.6,42.199, 518.33, 964.56
   67380,   67440,622.29,4867.8,7763.5,40.338, 458.1, 876.35
   67440,   67500,594.1,4687.9,7584.8,38.646, 441.91, 858.48
   67500,   67560,508.33,3967.1,6789.9,33.5, 377.04, 778.99
   67560,   67620,518.64,3519.7,6211.5,34.119, 336.77, 721.15
   67620,   67680,600.71,3552.7,6291.5,39.042, 339.74, 729.15
   67680,   67740,508.89,3254.5,5889.8,33.534, 312.91, 688.98
   67740,   67800,576.97,3604.9,6342.1,37.618, 344.44, 734.21
   67800,   67860,587.49,3937.4,6764.2,38.25, 374.37, 776.42
   67860,   67920,543.74,4110.3,7071.4,35.624, 389.92, 807.14
   67920,   67980,631.78,4043,6997.9,40.907, 383.87, 799.79
   67980,   68040,698.72,3903.9,6962.4,44.923, 371.35, 796.24
   68040,   68100,622.96,3848.8,6740.2,40.377, 366.39, 774.02
   68100,   68160,647.88,3602.2,6565.3,41.873, 344.2, 756.53
   68160,   68220,663.24,3155,6222.3,42.794, 303.95, 722.23
   68220,   68280,681.4,3353.9,6214.3,43.884, 321.85, 721.43
   68280,   68340,706.43,3665.1,6636.3,45.386, 349.86, 763.63
   68340,   68400,661.79,3931.2,6925,42.707, 373.81, 792.5
   68400,   68460,690.85,4112.3,7314.6,44.451, 390.11, 831.46
   68460,   68520,749.39,4311.3,7650.8,47.964, 408.02, 865.08
   68520,   68580,724,4286.9,7545,46.44, 405.82, 854.5
   68580,   68640,708.1,3960.2,7350.9,45.486, 376.42, 835.09
   68640,   68700,705.49,4032.3,7456.3,45.329, 382.91, 845.63
   68700,   68760,2040,8716.9,9451.5,125.4, 804.52, 1045.2
   68760,   68820,2849.9,11028,16699,174, 1012.5, 1769.9
   68820,   68880,8715.6,21023,14497,525.94, 1912.1, 1549.7
   68880,   68940,1875.1,10151,14323,115.51, 933.58, 1532.3
   68940,   69000,780.34,6116.1,10401,49.82, 570.45, 1140.1
   69000,   69060,674.58,5040.8,7938.6,43.475, 473.67, 893.86
   69060,   69120,641.17,4738.5,7567.3,41.47, 446.47, 856.73
   69120,   69180,670.64,4590.7,7740.7,43.238, 433.16, 874.07
   69180,   69240,795.22,4821.7,7774.6,50.713, 453.95, 877.46
   69240,   69300,913.87,5541.8,8645.6,57.832, 518.76, 964.56
   69300,   69360,739.12,5557.5,8517.8,47.347, 520.18, 951.78
   69360,   69420,965.79,6832.1,10170,60.948, 634.89, 1117
   69420,   69480,1136.1,7641.4,10088,71.168, 707.73, 1108.8
   69480,   69540,1066.1,7003.9,11580,66.964, 650.35, 1258
   69540,   69600,8547,16642,28678,515.82, 1517.8, 2967.8
   69600,   69660,878.41,6234.1,10456,55.704, 581.07, 1145.6
   69660,   69720,794.8,6046.9,9819.8,50.688, 564.22, 1082
   69720,   69780,792.22,5868.7,9615.4,50.533, 548.19, 1061.5
   69780,   69840,871.67,5900.7,9543.1,55.3, 551.06, 1054.3
   69840,   69900,1079.2,5782,9695.5,67.75, 540.38, 1069.6
   69900,   69960,1071.4,5385,9375.6,67.287, 504.65, 1037.6
   69960,   70020,1078.7,5026.7,9037.2,67.722, 472.4, 1003.7
   70020,   70080,1036.8,4924.9,9074.8,65.209, 463.24, 1007.5
   70080,   70140,1023.9,4826.6,8905.6,64.434, 454.39, 990.56
   70140,   70200,1029.7,4955.4,9048.4,64.781, 465.99, 1004.8
   70200,   70260,1131.7,5144.1,8984.8,70.899, 482.97, 998.48
   70260,   70320,1046,5049.2,9316.5,65.759, 474.43, 1031.6
   70320,   70380,1004,5106.5,9423.2,63.24, 479.58, 1042.3
   70380,   70440,1008.1,5130.9,9370.6,63.488, 481.78, 1037.1
   70440,   70500,1002.6,5270.5,9363.5,63.153, 494.35, 1036.4
   70500,   70560,1003.4,5313.3,9564,63.204, 498.2, 1056.4
   70560,   70620,1055,5466.8,9891.7,66.299, 512.01, 1089.2
   70620,   70680,4385.4,11883,17015,266.13, 1089.5, 1801.5
   70680,   70740,1312.2,6202.2,10611,81.734, 578.19, 1161.1
   70740,   70800,1177.6,6181.1,10743,73.656, 576.3, 1174.3
   70800,   70860,1120.9,6266.7,10749,70.254, 584, 1174.9
   70860,   70920,1184.9,6377.8,11068,74.094, 594, 1206.8
   70920,   70980,1235.7,5998.9,10862,77.141, 559.9, 1186.2
   70980,   71040,1241.2,6055,10974,77.475, 564.95, 1197.4
   71040,   71100,1018.8,5862,10577,64.13, 547.58, 1157.7
   71100,   71160,863.38,5830.7,10092,54.803, 544.77, 1109.2
   71160,   71220,828.24,5753.8,9714.5,52.694, 537.84, 1071.5
   71220,   71280,814.49,5976.3,9570.1,51.87, 557.86, 1057
   71280,   71340,977.54,6270.1,9786.7,61.652, 584.31, 1078.7
   71340,   71400,1016.1,6298.6,10142,63.965, 586.87, 1114.2
   71400,   71460,996.24,6343.2,10441,62.774, 590.88, 1144.1
   71460,   71520,1614.7,7073.6,10854,99.88, 656.62, 1185.4
   71520,   71580,1488,6782.5,11613,92.282, 630.42, 1261.3
   71580,   71640,1402.1,6363.3,11199,87.125, 592.7, 1219.9
   71640,   71700,1140.5,5651.7,10458,71.432, 528.66, 1145.8
   71700,   71760,1072.5,5660.1,10050,67.35, 529.41, 1105
   71760,   71820,1082.8,5537.6,9943.2,67.969, 518.39, 1094.3
   71820,   71880,1034.8,5426.6,9621,65.087, 508.39, 1062.1
   71880,   71940,1131.2,6106.1,9883.9,70.87, 569.54, 1088.4
   71940,   72000,4821.2,12448,18390,292.27, 1140.3, 1939
   72000,   72060,1770.3,6791.2,14584,109.22, 631.21, 1558.4
   72060,   72120,-9999,-9999,-9999,-9999, -9999, -9999
   72120,   72180,-9999,-9999,-9999,-9999, -9999, -9999
   72180,   72240,-9999,-9999,-9999,-9999, -9999, -9999
   72240,   72300,-9999,-9999,-9999,-9999, -9999, -9999
   72300,   72360,-9999,-9999,-9999,-9999, -9999, -9999
   72360,   72420,-9999,-9999,-9999,-9999, -9999, -9999
   72420,   72480,-9999,-9999,-9999,-9999, -9999, -9999
   72480,   72540,1130.1,5710.2,11163,70.804, 533.91, 1216.3
   72540,   72600,1113.1,5705.4,10935,69.784, 533.49, 1193.5
   72600,   72660,1151.5,6271.5,11593,72.092, 584.44, 1259.3
   72660,   72720,1206.8,6318.5,11706,75.408, 588.66, 1270.6
   72720,   72780,1192.2,6065.7,11535,74.534, 565.91, 1253.5
   72780,   72840,1227,6165.8,11684,76.623, 574.92, 1268.4
   72840,   72900,1163.6,6101.1,11569,72.817, 569.1, 1256.9
   72900,   72960,1030.8,5687.6,10872,64.845, 531.88, 1187.2
   72960,   73020,933.69,5176.3,10369,59.022, 485.87, 1136.9
   73020,   73080,937.25,5364.8,10465,59.235, 502.84, 1146.5
   73080,   73140,971.71,5527.1,10836,61.302, 517.44, 1183.6
   73140,   73200,945.31,5450.1,10751,59.718, 510.51, 1175.1
   73200,   73260,951.62,5425,10675,60.097, 508.25, 1167.5
   73260,   73320,967.95,5486.4,10943,61.077, 513.78, 1194.3
   73320,   73380,1000.4,5662.9,11124,63.024, 529.66, 1212.4
   73380,   73440,978.6,5634,11099,61.716, 527.06, 1209.9
   73440,   73500,983.71,5625.3,11120,62.022, 526.28, 1212
   73500,   73560,1061.5,5823.7,11675,66.691, 544.13, 1267.5
   73560,   73620,1147.4,6208.2,11991,71.841, 578.74, 1299.1
   73620,   73680,9854.1,20242,35258,594.25, 1841.7, 3625.8
   73680,   73740,1297.7,7214.4,15392,80.865, 669.3, 1639.2
   73740,   73800,8322.7,15500,23470,502.36, 1415, 2447
   73800,   73860,2662.3,10841,16959,162.74, 995.69, 1795.9
   73860,   73920,1056.7,6527.8,12093,66.405, 607.5, 1309.3
   73920,   73980,903.9,6032.9,11278,57.234, 562.96, 1227.8
   73980,   74040,782.42,5654.8,10945,49.945, 528.94, 1194.5
   74040,   74100,800.12,5605.7,11027,51.007, 524.52, 1202.7
   74100,   74160,739.3,5410.8,10884,47.358, 506.98, 1188.4
   74160,   74220,894.31,5525.2,10740,56.658, 517.26, 1174
   74220,   74280,4155.6,13956,14988,252.34, 1276, 1598.8
   74280,   74340,8161.7,23167,32306,492.7, 2105.1, 3330.6
   74340,   74400,1025,6006.1,11092,64.5, 560.54, 1209.2
   74400,   74460,826.98,5471.3,10613,52.619, 512.41, 1161.3
   74460,   74520,1067.5,5851.2,13839,67.05, 546.6, 1483.9
   74520,   74580,853.57,5638.4,10917,54.214, 527.46, 1191.7
   74580,   74640,1166.4,7444.2,11806,72.987, 689.97, 1280.6
   74640,   74700,760.48,5228.7,10880,48.629, 490.58, 1188
   74700,   74760,737.21,5209.5,10886,47.233, 488.86, 1188.6
   74760,   74820,740.73,5138.4,10722,47.444, 482.46, 1172.2
   74820,   74880,776.7,5188.5,10931,49.602, 486.97, 1193.1
   74880,   74940,783.11,5299.9,10920,49.986, 496.99, 1192
   74940,   75000,767.3,5301.1,10879,49.038, 497.1, 1187.9
   75000,   75060,735.94,5191.4,10733,47.156, 487.23, 1173.3
   75060,   75120,720.63,5206.3,10694,46.238, 488.57, 1169.4
   75120,   75180,742.15,5062.1,10491,47.529, 475.58, 1149.1
   75180,   75240,687.7,4958.8,10080,44.262, 466.3, 1108
   75240,   75300,715.97,4840.2,9892,45.958, 455.62, 1089.2
   75300,   75360,733.85,5278.4,10286,47.031, 495.06, 1128.6
   75360,   75420,634.34,5010.9,9741.9,41.06, 470.98, 1074.2
   75420,   75480,588.5,4813.6,9335.5,38.31, 453.22, 1033.6
   75480,   75540,612.25,4745.7,9187.8,39.735, 447.12, 1018.8
   75540,   75600,585.33,4563.1,8917,38.12, 430.68, 991.7
   75600,   75660,589.53,4591.8,8955.4,38.372, 433.27, 995.54
   75660,   75720,599.76,4669.9,9000.1,38.985, 440.29, 1000
   75720,   75780,580.76,4659.5,9037.1,37.846, 439.36, 1003.7
   75780,   75840,589.7,4503.3,8841.8,38.382, 425.3, 984.18
   75840,   75900,581.81,4544.3,8966.1,37.909, 428.99, 996.61
   75900,   75960,581.1,4426.9,8605,37.866, 418.42, 960.5
   75960,   76020,572.24,4481,8525.5,37.334, 423.29, 952.55
   76020,   76080,604.93,4408,8531.7,39.296, 416.72, 953.17
   76080,   76140,573.57,4283.3,8560.5,37.414, 405.5, 956.05
   76140,   76200,611.12,4484.7,8568.6,39.667, 423.63, 956.86
   76200,   76260,530.6,4329.5,8443.7,34.836, 409.66, 944.37
   76260,   76320,686.05,4778.3,9024.4,44.163, 450.05, 1002.4
   76320,   76380,656.06,4665,8828.7,42.363, 439.85, 982.87
   76380,   76440,1496.1,7732,12085,92.765, 715.88, 1308.5
   76440,   76500,542.11,4099.4,8393.4,35.526, 388.94, 939.34
   76500,   76560,480.02,3964.5,7858.9,31.801, 376.8, 885.89
   76560,   76620,464,3797.7,7496.9,30.84, 361.79, 849.69
   76620,   76680,500.23,3504.8,7211.8,33.014, 335.44, 821.18
   76680,   76740,444.93,3328.5,6839.6,29.696, 319.56, 783.96
   76740,   76800,595.61,3939.8,7665,38.736, 374.59, 866.5
   76800,   76860,486.74,3510,7324.7,32.204, 335.9, 832.47
   76860,   76920,614.94,4267.8,8037.3,39.897, 404.1, 903.73
   76920,   76980,464.5,3564.9,7318,30.87, 340.84, 831.8
   76980,   77040,416.57,3353.2,6810.5,27.994, 321.78, 781.05
   77040,   77100,444,3391,6942.4,29.64, 325.19, 794.24
   77100,   77160,414.31,3183.1,6689.9,27.859, 306.48, 768.99
   77160,   77220,351.92,2746.9,5645,24.115, 267.23, 664.5
   77220,   77280,317.93,2392.2,5186.2,22.076, 235.3, 618.62
   77280,   77340,320.58,2315.6,4831.5,22.235, 228.4, 583.15
   77340,   77400,387.95,2193.5,4466.7,26.277, 217.41, 546.67
   77400,   77460,370.03,2287.3,5123.9,25.202, 225.86, 612.39
   77460,   77520,271.36,2007.8,4444.1,19.282, 200.7, 544.41
   77520,   77580,227.66,1832.7,4206.5,16.66, 184.94, 520.65
   77580,   77640,229.84,1938.8,4419.4,16.791, 194.49, 541.94
   77640,   77700,296.74,2386.3,4827.8,20.804, 234.77, 582.78
   77700,   77760,331.84,2658.4,5471.9,22.91, 259.26, 647.19
   77760,   77820,306.12,2632,5456.9,21.367, 256.88, 645.69
   77820,   77880,314.02,2693.5,5412.2,21.841, 262.42, 641.22
   77880,   77940,332.26,2756.8,5552.6,22.936, 268.11, 655.26
   77940,   78000,329.61,2808.2,5386.3,22.777, 272.74, 638.63
   78000,   78060,346.33,2893.3,5467.3,23.78, 280.39, 646.73
   78060,   78120,381.84,2881.4,5618.3,25.91, 279.33, 661.83
   78120,   78180,452.75,3155.9,6032,30.165, 304.03, 703.2
   78180,   78240,459.34,3612.7,6523.7,30.56, 345.14, 752.37
   78240,   78300,461.59,3690.3,6657.6,30.695, 352.13, 765.76
   78300,   78360,483.27,3218.2,6109.7,31.996, 309.64, 710.97
   78360,   78420,545.66,3744.6,6543.2,35.74, 357.02, 754.32
   78420,   78480,423.63,3232.1,5982.5,28.418, 310.89, 698.25
   78480,   78540,482.3,3217.5,5920.2,31.938, 309.57, 692.02
   78540,   78600,548.47,3597.2,6243.4,35.908, 343.75, 724.34
   78600,   78660,496.39,3256.8,5786.4,32.783, 313.12, 678.64
   78660,   78720,535.4,3333.5,5878.6,35.124, 320.02, 687.86
   78720,   78780,571.72,3368.9,5884.9,37.303, 323.2, 688.49
   78780,   78840,617.52,3456,6014.9,40.051, 331.04, 701.49
   78840,   78900,618.85,3339.7,6026.2,40.131, 320.57, 702.62
   78900,   78960,677.31,3440.1,6015.4,43.638, 329.61, 701.54
   78960,   79020,699.66,3570.1,6168.8,44.98, 341.31, 716.88
   79020,   79080,646.99,3599.3,6217.5,41.819, 343.94, 721.75
   79080,   79140,609.88,3505.7,6046.4,39.593, 335.52, 704.64
   79140,   79200,543.42,3195,5618.5,35.605, 307.55, 661.85
   79200,   79260,504.56,2895.1,5359,33.274, 280.56, 635.9
   79260,   79320,467.13,2869.2,5652.9,31.028, 278.22, 665.29
   79320,   79380,432.92,2682.2,5046.5,28.975, 261.4, 604.65
   79380,   79440,522.7,3078.9,5114.7,34.362, 297.1, 611.47
   79440,   79500,574.2,3390.6,6652,37.452, 325.16, 765.2
   79500,   79560,439.67,2594,5081.3,29.38, 253.46, 608.13
   79560,   79620,363.54,2272.7,4508.9,24.812, 224.54, 550.89
   79620,   79680,345.15,2139.9,4177.4,23.709, 212.59, 517.74
   79680,   79740,333.23,2024.9,4101.9,22.994, 202.24, 510.19
   79740,   79800,348.42,1972.5,4072.7,23.905, 197.53, 507.27
   79800,   79860,404.88,2214.8,4462.2,27.293, 219.33, 546.22
