CampaignData_and_Merges/R0/CSL_MobileLab_Parked/raw/20240808/USOS-NOAAIodideCIMS-Halogens_MobileLabGround_20240808_RA.ict
38, 1001
Michael A Robinson, Chris Jernigan, Subi Thakali
NOAA ESRL Chemical Sciences Laboratory and CIRES, U. of Colorado
NOAA Iodide CIMS Instrument
USOS
1, 1
2024, 08, 08, 2024, 08, 09
1
starttime_UTC, seconds_past_midnight, seconds_of_day_since_00:00:00_UTC
6
1, 1, 1, 1, 1, 1
-9999, -9999, -9999, -9999, -9999, -9999
Br2_NOAACIMS, pptv, Gas_Br2_InSitu_S_AVMR, 
BrO_NOAACIMS, pptv, Gas_BrO_InSitu_S_AVMR, 
Cl2_NOAACIMS, pptv, Gas_Cl2_InSitu_S_AVMR, 
ClNO2_NOAACIMS, pptv, Gas_ClNO2_InSitu_S_AVMR, 
BrCl_NOAACIMS, pptv, Gas_BrCl_InSitu_S_AVMR, 
NCl3_NOAACIMS, pptv, Gas_NCl3_InSitu_S_AVMR, 
0
18
PI_CONTACT_INFO: 325 Broadway, R/CSD 7, Boulder, Colorado 80305; michael.a.robinson@noaa.gov; chris.jernigan@noaa.gov;
PLATFORM: NOAA CSL Mobile Lab
LOCATION: SLC, Utah
ASSOCIATED_DATA: 1Hz data also available on request.
INSTRUMENT_INFO: NOAA I- ToF CIMS
DATA_INFO: All data in parts per trillion by volume (pptv). 1 Hz data is available upon request.
UNCERTAINTY: TBD
ULOD_FLAG: -7777
ULOD_VALUE: N/A
LLOD_FLAG: -8888
LLOD_VALUE: N/A
DM_CONTACT_INFO: Nathan Howard; nathan.h.howard@noaa.gov
PROJECT_INFO: USOS, summer 2024. https://csl.noaa.gov/groups/csl7/measurements/2024usos/
STIPULATIONS_ON_USE: Users are strongly encouraged to contact the PI for proper data usage.
OTHER_COMMENTS: 
REVISION: RA
RA: Preliminary Data; For in-field use only
starttime_UTC, Br2_NOAACIMS, BrO_NOAACIMS, Cl2_NOAACIMS, ClNO2_NOAACIMS, BrCl_NOAACIMS, NCl3_NOAACIMS
[from data line 1090]
 65400,  0.725,  0.061,  0.631,  0.146,  0.313,  0.016
 65460,  0.956,  0.045,  0.736,  0.077,  0.343,  0.023
 65520,  0.657,  0.035,  0.603,  0.105,  0.332,  0.014
 65580,  0.668,  0.066,  0.817,  0.100,  0.366, -0.044
 65640, -9999.000, -9999.000, -9999.000, -9999.000, -9999.000, -9999.000
 65700,  0.549,  0.111,  0.577,  0.151,  0.219,  0.048
 65760,  0.558,  0.056,  0.475,  0.129,  0.229, -0.010
 65820,  0.665,  0.131,  0.534,  0.145,  0.237, -0.068
 65880,  0.604,  0.183,  0.548,  0.213,  0.273, -0.020
 65940,  0.638,  0.052,  0.518,  0.125,  0.361, -0.015
 66000,  0.680,  0.065,  0.767,  0.132,  0.270, -0.032
 66060,  0.723,  0.133,  0.690,  0.156,  0.241, -0.032
 66120,  0.706,  0.097,  0.664,  0.160,  0.264,  0.028
 66180,  0.682,  0.113,  0.695,  0.107,  0.266, -0.015
 66240,  0.676,  0.091,  0.621,  0.112,  0.252, -0.009
 66300,  0.791,  0.113,  0.656,  0.118,  0.315,  0.045
 66360,  0.798,  0.041,  0.639,  0.181,  0.231,  0.012
 66420,  0.557,  0.045,  0.585,  0.104,  0.290,  0.054
 66480,  0.753,  0.064,  0.534,  0.089,  0.231,  0.004
 66540,  0.765,  0.018,  0.614,  0.106,  0.259,  0.011
 66600,  0.870,  0.146,  0.642,  0.107,  0.246,  0.106
 66660,  0.781,  0.135,  0.587,  0.112,  0.232, -0.015
 66720,  0.859,  0.101,  0.639,  0.116,  0.218,  0.034
 66780,  0.737,  0.177,  0.623,  0.035,  0.274,  0.023
 66840,  0.779,  0.160,  0.609,  0.103,  0.284,  0.063
 66900,  0.732,  0.052,  0.679,  0.134,  0.246,  0.031
 66960,  0.837,  0.177,  0.813,  0.117,  0.287,  0.103
 67020,  0.857,  0.069,  0.911,  0.054,  0.267,  0.100
 67080,  0.992,  0.103,  0.768,  0.077,  0.231,  0.055
 67140,  0.973,  0.044,  0.555,  0.094,  0.290,  0.062
 67200,  0.996,  0.104,  0.720,  0.107,  0.213,  0.082
 67260,  0.839,  0.054,  0.773,  0.106,  0.261,  0.037
 67320,  0.774,  0.044,  0.794,  0.093,  0.184,  0.216
 67380,  0.735,  0.101,  0.928,  0.176,  0.243,  0.138
 67440,  0.719,  0.084,  0.786,  0.108,  0.290,  0.191
 67500, -9999.000, -9999.000, -9999.000, -9999.000, -9999.000, -9999.000
 67560,  0.792,  0.053,  0.615,  0.109,  0.170,  0.041
 67620,  0.759,  0.111,  0.616,  0.092,  0.204,  0.072
 67680,  0.827,  0.092,  0.535,  0.086,  0.229,  0.078
 67740,  0.947,  0.035,  0.595,  0.069,  0.208,  0.052
 67800,  0.942,  0.082,  0.747,  0.053,  0.217,  0.059
 67860,  0.751,  0.056,  0.764,  0.080,  0.187,  0.126
 67920,  0.801,  0.072,  0.712,  0.095,  0.280,  0.016
 67980,  0.723,  0.018,  0.985,  0.192,  0.282,  0.114
 68040,  0.760,  0.074,  0.778,  0.133,  0.278,  0.055
 68100,  0.666,  0.062,  0.785,  0.093,  0.205,  0.023
 68160,  0.801,  0.062,  0.806,  0.053,  0.248,  0.095
 68220,  0.780,  0.065,  0.646,  0.056,  0.175,  0.053
 68280,  0.735,  0.060,  0.661,  0.056,  0.214,  0.026
 68340,  0.846,  0.011,  0.764,  0.075,  0.286,  0.014
 68400,  0.948,  0.073,  0.795,  0.074,  0.218,  0.024
 68460,  0.873, -9999.000,  1.047,  0.134,  0.253,  0.026
 68520,  0.892, -9999.000,  0.780,  0.099,  0.326,  0.045
 68580,  0.780, -9999.000,  0.565,  0.052,  0.188,  0.008
 68640,  0.968, -9999.000,  0.749,  0.073,  0.301, -0.073
 68700,  0.772, -9999.000,  0.570,  0.067,  0.278,  0.022
 68760,  0.758, -9999.000,  0.488,  0.132,  0.308, -0.011
 68820,  0.789, -9999.000,  0.533,  0.049,  0.254, -0.023
 68880,  0.931, -9999.000,  0.667,  0.137,  0.297, -0.067
 68940,  0.891, -9999.000,  0.718,  0.109,  0.311, -0.095
 69000,  0.761, -9999.000,  0.698,  0.080,  0.312, -0.050
 69060,  0.848, -9999.000,  0.726,  0.093,  0.304, -0.030
 69120,  0.879, -9999.000,  0.799,  0.115,  0.370, -0.102
 69180,  0.875, -9999.000,  0.705,  0.111,  0.313, -0.129
 69240,  0.837, -9999.000,  0.663,  0.107,  0.332, -0.069
 69300,  0.794, -9999.000,  0.690,  0.124,  0.340, -0.025
 69360, -9999.000, -9999.000, -9999.000, -9999.000, -9999.000, -9999.000
 69420,  0.956, -9999.000,  1.012,  0.153,  0.337, -0.020
 69480,  0.821, -9999.000,  0.998,  0.118,  0.351, -0.056
 69540,  0.727, -9999.000,  0.561,  0.135,  0.263, -0.063
 69600,  0.924, -9999.000,  0.557,  0.125,  0.258, -0.094
 69660,  0.967, -9999.000,  0.744,  0.118,  0.256, -0.091
 69720,  0.912, -9999.000,  0.845,  0.178,  0.339, -0.085
 69780,  0.850, -9999.000,  1.040,  0.169,  0.343,  0.240
 69840,  0.866, -9999.000,  0.961,  0.138,  0.310,  0.049
 69900,  0.769, -9999.000,  0.989,  0.121,  0.339, -0.055
 69960,  1.010, -9999.000,  0.993,  0.101,  0.327, -0.040
 70020,  0.956, -9999.000,  1.043,  0.088,  0.346, -0.132
 70080,  0.822, -9999.000,  0.642,  0.044,  0.319, -0.105
 70140,  0.896, -9999.000,  0.730,  0.075,  0.251, -0.086
 70200,  1.021, -9999.000,  0.648,  0.058,  0.252, -0.049
 70260,  0.956, -9999.000,  0.780,  0.091,  0.347, -0.045
 70320,  0.920, -9999.000,  0.822,  0.020,  0.361, -0.137
 70380,  0.897, -9999.000,  0.868,  0.082,  0.361,  0.015
 70440,  1.024, -9999.000,  0.760,  0.046,  0.458, -0.009
 70500,  0.992, -9999.000,  1.110,  0.067,  0.338, -0.021
 70560,  1.002, -9999.000,  0.784,  0.053,  0.347, -0.081
 70620,  0.957, -9999.000,  0.696,  0.040,  0.279, -0.037
 70680,  0.958, -9999.000,  0.778,  0.042,  0.265, -0.027
 70740,  0.980, -9999.000,  0.852,  0.046,  0.286, -0.039
 70800,  0.889, -9999.000,  0.763,  0.056,  0.327, -0.006
 70860,  1.052, -9999.000,  1.015,  0.043,  0.354, -0.031
 70920,  1.031, -9999.000,  0.796,  0.071,  0.322, -0.009
 70980,  0.982, -9999.000,  0.643,  0.006,  0.313, -0.077
 71040,  1.049, -9999.000,  0.790,  0.001,  0.239,  0.005
 71100,  1.015, -9999.000,  0.723,  0.040,  0.242, -0.019
 71160,  1.173, -9999.000,  0.903, -0.017,  0.202, -0.053
 71220,  0.974, -9999.000,  0.697,  0.033,  0.296, -0.071
 71280,  0.919, -9999.000,  0.754,  0.055,  0.279, -0.093
 71340,  0.952, -9999.000,  0.773,  0.031,  0.343, -0.000
 71400,  1.052, -9999.000,  0.735,  0.003,  0.319, -0.089
 71460,  0.959, -9999.000,  0.708,  0.027,  0.268, -0.062
 71520,  1.070, -9999.000,  0.735,  0.063,  0.292, -0.036
 71580,  0.960, -9999.000,  0.809,  0.039,  0.339, -0.004
 71640,  1.142, -9999.000,  0.965,  0.017,  0.361, -0.084
 71700,  1.020, -9999.000,  0.810,  0.051,  0.336,  0.055
 71760,  0.883, -9999.000,  0.840,  0.078,  0.353, -0.041
 71820,  1.122, -9999.000,  1.113,  0.015,  0.390,  0.002
 71880,  1.017, -9999.000,  0.862,  0.003,  0.335,  0.007
 71940,  0.910, -9999.000,  0.661,  0.038,  0.280, -0.016
 72000,  1.126, -9999.000,  0.895,  0.041,  0.293, -0.033
 72060,  0.955, -9999.000,  0.770,  0.023,  0.293,  0.010
 72120,  0.926, -9999.000,  0.713,  0.015,  0.342, -0.007
 72180,  0.915, -9999.000,  0.695, -0.008,  0.386,  0.009
 72240,  0.812, -9999.000,  0.763,  0.024,  0.372, -0.038
 72300,  0.923, -9999.000,  0.715, -0.020,  0.383, -0.036
 72360,  0.925, -9999.000,  0.806,  0.013,  0.302,  0.020
 72420,  0.965, -9999.000,  0.966, -0.008,  0.414, -0.037
 72480,  0.959, -9999.000,  0.809,  0.006,  0.316, -0.026
 72540,  0.914, -9999.000,  1.104,  0.018,  0.368,  0.081
 72600,  1.014, -9999.000,  1.201,  0.038,  0.464,  0.047
 72660,  0.939, -9999.000,  1.026, -0.041,  0.339,  0.032
 72720,  0.831, -9999.000,  0.867, -0.008,  0.316,  0.049
 72780,  0.830, -9999.000,  1.031, -0.002,  0.315, -0.024
 72840,  0.820, -9999.000,  1.067, -0.020,  0.482,  0.038
 72900,  1.008, -9999.000,  1.029, -0.027,  0.408, -0.011
 72960,  0.950, -9999.000,  1.043, -0.039,  0.366,  0.034
 73020, -9999.000, -9999.000, -9999.000, -9999.000, -9999.000, -9999.000
 73080,  0.819, -9999.000,  1.087, -0.010,  0.309, -0.021
 73140,  0.789, -9999.000,  0.866,  0.010,  0.315,  0.035
 73200,  0.781,  0.055,  0.877,  0.018,  0.309,  0.096
 73260,  0.763,  0.074,  0.933,  0.016,  0.342,  0.105
 73320,  0.907,  0.092,  1.032, -0.027,  0.353,  0.034
 73380,  0.960,  0.106,  1.145, -0.026,  0.364,  0.053
 73440,  0.819,  0.009,  1.069, -0.010,  0.313,  0.048
 73500,  0.746,  0.111,  0.947, -0.033,  0.330,  0.040
 73560,  0.926,  0.075,  1.009, -0.025,  0.323,  0.037
 73620,  0.894,  0.064,  0.909,  0.077,  0.212,  0.070
 73680,  0.868,  0.012,  0.787,  0.011,  0.358,  0.068
 73740,  0.665,  0.071,  0.877, -0.013,  0.249,  0.050
 73800,  0.779,  0.135,  0.999,  0.076,  0.337,  0.037
 73860,  0.887,  0.004,  0.940, -0.026,  0.294,  0.078
 73920,  0.949, -0.002,  1.233, -0.024,  0.311,  0.175
 73980,  0.937,  0.058,  1.054, -0.047,  0.356,  0.108
 74040,  0.955, -0.026,  0.964, -0.008,  0.306,  0.064
 74100,  0.929,  0.043,  1.051, -0.037,  0.325,  0.033
 74160,  0.896,  0.088,  0.904,  0.014,  0.309,  0.105
 74220,  1.088, -0.012,  0.860, -0.026,  0.282,  0.071
 74280,  0.961,  0.049,  0.895, -0.016,  0.347,  0.037
 74340,  0.919,  0.017,  0.926, -0.018,  0.333,  0.015
 74400,  0.920,  0.063,  0.938, -0.036,  0.245,  0.072
 74460,  0.972,  0.013,  0.963, -0.025,  0.230,  0.122
 74520,  0.989,  0.032,  0.966, -0.028,  0.256,  0.107
 74580,  0.935,  0.122,  1.080,  0.015,  0.256,  0.181
 74640,  0.957,  0.004,  0.992,  0.038,  0.306,  0.079
 74700,  0.904,  0.156,  1.134, -0.030,  0.266,  0.069
 74760,  0.888,  0.185,  0.943,  0.005,  0.292,  0.153
 74820,  0.967,  0.006,  0.973, -0.001,  0.235,  0.046
 74880, -9999.000, -9999.000, -9999.000, -9999.000, -9999.000, -9999.000
 74940,  0.891,  0.122,  0.910, -0.007,  0.315,  0.119
 75000,  0.942,  0.007,  1.257, -0.030,  0.278,  0.070
 75060,  1.164,  0.140,  1.241, -0.037,  0.269,  0.113
 75120,  0.967,  0.108,  1.277,  0.002,  0.333,  0.939
 75180,  0.942,  0.135,  1.301, -0.020,  0.322,  0.957
 75240,  1.021,  0.071,  1.307,  0.037,  0.290,  0.330
 75300,  0.899,  0.087,  1.103,  0.057,  0.299,  0.281
 75360,  1.174,  0.105,  1.136, -0.001,  0.264,  0.087
 75420,  0.984,  0.001,  1.196,  0.020,  0.235,  0.160
 75480,  1.160,  0.137,  1.373,  0.000,  0.295,  0.329
 75540,  1.036,  0.153,  1.237,  0.003,  0.292,  0.207
 75600,  0.980, -0.017,  1.449,  0.037,  0.404,  0.252
 75660,  1.250,  0.015,  1.458,  0.019,  0.309,  0.062
 75720,  1.165,  0.046,  1.300,  0.007,  0.373,  0.130
 75780,  1.091,  0.007,  1.416,  0.006,  0.300,  0.132
 75840,  0.974,  0.105,  1.409,  0.030,  0.274,  0.163
 75900,  1.161,  0.057,  1.283,  0.056,  0.246,  0.110
 75960,  1.208,  0.058,  1.452,  0.101,  0.264,  0.232
 76020,  1.078,  0.061,  1.165,  0.010,  0.206,  0.289
 76080,  1.045,  0.091,  1.439,  0.019,  0.337,  0.081
 76140,  1.142,  0.061,  1.267, -0.030,  0.281,  0.100
 76200,  0.968,  0.001,  1.101,  0.022,  0.265,  0.010
 76260,  0.939,  0.065,  1.024, -0.024,  0.137,  0.022
 76320,  1.048,  0.107,  0.949,  0.012,  0.193, -0.034
 76380,  1.001,  0.077,  0.920, -0.023,  0.154,  0.018
 76440,  1.056,  0.080,  1.032,  0.006,  0.238, -0.050
 76500,  0.954,  0.053,  0.911, -0.013,  0.274,  0.021
 76560,  0.999,  0.051,  1.129, -0.002,  0.295, -0.049
 76620,  1.048,  0.072,  0.878, -0.004,  0.157, -0.047
 76680,  0.971,  0.003,  0.827, -0.002,  0.153, -0.055
 76740, -9999.000, -9999.000, -9999.000, -9999.000, -9999.000, -9999.000
 76800,  0.841, -0.026,  0.713,  0.014,  0.098, -0.069
 76860,  0.913,  0.148,  0.838, -0.001,  0.096, -0.115
 76920,  0.863,  0.036,  0.994, -0.010,  0.147, -0.089
 76980,  0.850, -0.004,  1.126, -0.036,  0.172,  0.010
 77040,  0.862,  0.160,  0.791, -0.004,  0.160, -0.001
 77100,  0.959,  0.086,  0.902,  0.029,  0.217,  0.040
 77160,  0.799,  0.173,  1.218, -0.003,  0.108,  0.056
 77220,  0.807,  0.028,  0.934, -0.007,  0.161,  0.065
 77280,  0.903,  0.169,  0.880,  0.015,  0.153,  0.034
 77340,  0.856,  0.059,  0.636,  0.033,  0.125, -0.060
 77400,  0.676,  0.086,  0.928, -0.001,  0.132, -0.023
 77460,  0.803,  0.156,  0.827,  0.052,  0.085,  0.011
 77520,  0.892,  0.032,  0.628,  0.032,  0.133,  0.009
 77580,  0.961,  0.066,  0.731,  0.010,  0.154,  0.051
 77640,  0.867,  0.097,  0.684,  0.037,  0.196, -0.020
 77700,  0.854,  0.109,  1.321,  0.071,  0.164, -0.056
 77760,  0.921,  0.100,  1.286,  0.009,  0.159,  0.180
 77820,  0.885,  0.060,  1.212,  0.036,  0.257,  0.204
 77880,  0.856,  0.072,  1.169,  0.086,  0.181,  0.255
 77940,  0.732,  0.108,  1.246,  0.042,  0.150,  0.152
 78000,  0.705,  0.023,  1.640,  0.038,  0.180,  0.077
 78060,  0.796,  0.069,  1.017,  0.079,  0.183,  0.275
 78120,  0.626,  0.045,  0.762,  0.022,  0.140,  0.154
 78180,  0.786,  0.046,  0.749,  0.034,  0.236,  0.172
 78240,  0.796,  0.167,  0.826,  0.018,  0.241,  0.358
 78300,  0.748,  0.118,  0.969,  0.034,  0.218,  0.231
 78360,  0.785,  0.121,  0.776,  0.046,  0.227,  0.104
 78420,  0.787,  0.097,  0.947,  0.064,  0.207,  0.089
 78480,  0.686,  0.135,  0.825,  0.020,  0.180,  0.132
 78540,  0.828,  0.111,  0.868,  0.009,  0.262,  0.068
 78600,  0.586,  0.062,  1.522,  0.058,  0.300,  0.133
 78660,  0.640,  0.168,  1.209,  0.057,  0.222,  0.161
 78720,  0.611,  0.136,  1.288,  0.040,  0.209,  0.146
 78780,  0.658,  0.057,  1.441,  0.056,  0.209,  0.158
 78840,  0.766,  0.159,  1.242,  0.087,  0.283,  0.120
 78900,  0.685,  0.128,  0.869,  0.063,  0.194,  0.178
 78960,  0.835,  0.046,  1.190,  0.050,  0.281,  0.107
 79020,  0.703,  0.095,  1.368,  0.083,  0.284,  0.131
 79080,  0.829,  0.109,  1.098,  0.095,  0.286,  0.185
 79140,  0.811,  0.044,  1.011,  0.036,  0.227,  0.216
 79200,  0.880,  0.094,  0.732,  0.066,  0.208,  0.078
 79260,  0.902,  0.023,  0.795,  0.077,  0.246,  0.198
 79320,  0.804,  0.068,  0.862,  0.034,  0.247,  0.178
 79380,  0.949,  0.109,  0.987,  0.083,  0.256,  0.125
 79440,  0.882,  0.095,  0.962,  0.068,  0.199,  0.109
 79500,  0.880,  0.025,  0.829,  0.077,  0.135,  0.153
 79560,  0.910,  0.071,  0.947,  0.080,  0.196,  0.124
 79620,  0.867,  0.053,  1.118,  0.030,  0.183,  0.146
 79680,  0.936,  0.052,  0.837,  0.045,  0.164,  0.059
 79740,  0.746,  0.117,  0.527,  0.035,  0.176,  0.112
 79800,  1.009,  0.032,  0.553,  0.065,  0.148,  0.070
 79860,  0.866, -9999.000,  0.707,  0.044,  0.210,  0.072
 79920,  0.818, -9999.000,  0.600,  0.039,  0.147,  0.178
 79980,  0.908, -9999.000,  0.748,  0.023,  0.173,  0.191
 80040,  0.946, -9999.000,  1.189,  0.053,  0.221,  0.125
 80100,  0.878, -9999.000,  0.824,  0.040,  0.182,  0.155
 80160,  0.996, -9999.000,  0.840,  0.045,  0.126,  0.133
 80220,  1.018, -9999.000,  0.888,  0.074,  0.241,  0.159
 80280,  1.000, -9999.000,  0.874,  0.021,  0.202,  0.092
 80340,  1.000, -9999.000,  0.811,  0.081,  0.239,  0.153
 80400,  0.782, -9999.000,  0.845,  0.037,  0.267,  0.007
 80460,  1.032, -9999.000,  1.083,  0.134,  0.181, -0.052
 80520,  0.894, -9999.000,  0.752,  0.039,  0.221,  0.086
 80580,  0.991, -9999.000,  0.737,  0.056,  0.220,  0.091
 80640,  0.957, -9999.000,  0.678,  0.026,  0.232,  0.038
 80700,  1.109, -9999.000,  0.790,  0.043,  0.252,  0.038
 80760,  1.029, -9999.000,  0.655,  0.063,  0.189,  0.095
 80820,  0.960, -9999.000,  0.655,  0.029,  0.258,  0.134
 80880,  1.050, -9999.000,  0.650,  0.073,  0.184,  0.127
 80940,  1.068, -9999.000,  0.679,  0.042,  0.215,  0.080
 81000,  0.924, -9999.000,  0.558,  0.028,  0.156,  0.065
 81060,  0.862, -9999.000,  0.623,  0.041,  0.167,  0.038
 81120,  0.952, -9999.000,  0.698,  0.035,  0.181,  0.017
 81180,  0.995, -9999.000,  0.879,  0.019,  0.214,  0.077
 81240,  1.002, -9999.000,  0.843,  0.109,  0.292,  0.150
 81300,  1.066, -9999.000,  0.800,  0.039,  0.249,  0.064
 81360,  1.212, -9999.000,  0.543,  0.066,  0.225,  0.007
 81420,  1.215, -9999.000,  0.673,  0.029,  0.209, -0.002
 81480,  1.025, -9999.000,  0.561,  0.078,  0.190, -0.004
 81540,  1.017, -9999.000,  0.634,  0.024,  0.228,  0.075
 81600,  1.006, -9999.000,  0.757,  0.063,  0.294, -0.016
 81660,  1.045, -9999.000,  0.820,  0.059,  0.211,  0.010
 81720,  0.921, -9999.000,  0.730,  0.033,  0.263,  0.077
 81780,  0.984, -9999.000,  0.786,  0.074,  0.235, -0.011
 81840,  1.090, -9999.000,  0.834,  0.038,  0.266,  0.091
 81900,  1.172, -9999.000,  0.750,  0.064,  0.255,  0.015
 81960,  0.930, -9999.000,  0.912,  0.057,  0.284, -0.024
 82020,  1.083, -9999.000,  0.721,  0.011,  0.227,  0.147
 82080,  1.049, -9999.000,  0.807,  0.070,  0.264,  0.055
 82140,  1.087, -9999.000,  0.558,  0.025,  0.305,  0.046
 82200,  0.982, -9999.000,  0.542,  0.006,  0.222,  0.014
 82260,  1.341, -9999.000,  0.586,  0.038,  0.049, -0.104
