CampaignData_and_Merges/R0/CSL_MobileLab_Parked/raw/20240808/USOS-PTR_MobileLabGround_20240808_RA.ict
58, 1001
Matthew Coggon, Kelvin Bates, Chelsea Stockwell, Carsten Warneke
NOAA ESRL Chemical Sciences Division
NOAA PTR-ToF-MS
USOS
1,1 
2024, 08, 08, 2023, 08, 09
0
Time_Start, seconds, number of seconds from 00:00 UTC 
22
1, 1, 1, 1, 1, 1, 1, 1, 1, 1, 1, 1, 1, 1, 1, 1, 1, 1, 1, 1, 1, 1
-9999, -9999, -9999, -9999, -9999, -9999, -9999, -9999, -9999, -9999, -9999, -9999, -9999, -9999, -9999, -9999, -9999, -9999, -9999, -9999, -9999, -9999
CH3OH_NOAAPTR_ppbv,  ppbv, Gas_CH3OH_InSitu_S_AVMR, (CH3OH) methanol
CH3CN_NOAAPTR_ppbv,  ppbv, Gas_CH3CN_InSitu_S_AVMR, (CH3CN) acetonitrile
CH3CHO_NOAAPTR_ppbv,  ppbv, Gas_CH3CHO_InSitu_S_AVMR, (CH3CHO) acetaldehyde plus contributions from ethylene glycol and ethylene oxide. Interference from ethanol has been subtracted out.
C2H5OH_NOAAPTR_ppbv,  ppbv, Gas_C2H5OH_InSitu_S_AVMR, (C2H5OH) ethanol
CH3SH_NOAAPTR_ppbv,  ppbv, Gas_CH3SH_InSitu_S_AVMR, (CH3SH) methanethiol, using calibration factor for DMS
Acrolein_NOAAPTR_ppbv,  ppbv, Gas_Acrolein_InSitu_S_AVMR, (C3H4O) acrolein
AcetonePropanal_NOAAPTR_ppbv,  ppbv, Gas_AcetoneAndPropanal_InSitu_S_AVMR, (C3H6O) sum of acetone (dominant isomer) and propanal, using calibration factor for acetone
DMS_NOAAPTR_ppbv,  ppbv, Gas_DMS_InSitu_S_AVMR, (C2H6S) dimethyl sulfide with possible small contributions from ethanethiol
C5H8_NOAAPTR_ppbv,  ppbv, Gas_Isoprene_InSitu_S_AVMR, (C5H8) isoprene and possible fragments from cycloalkanes and aldehydes. Interferences have been subtracted following methods described by Coggon et al (2023)
MVKMAC_NOAAPTR_ppbv,  ppbv, Gas_MVKAndMAC_InSitu_S_AVMR, (C4H6O) sum of methyl vinyl ketone, methacrolein, and small amounts of crotonaldehyde, using weighted calibration factor for MVK (0.637) and MACR (0.363)
Benzene_NOAAPTR_ppbv,  ppbv, Gas_Benzene_InSitu_S_AVMR, (C6H6) benzene
Toluene_NOAAPTR_ppbv,  ppbv, Gas_Toluene_InSitu_S_AVMR, (C7H8) toluene with possible small contributions of fragments from ethyltoluene
Styrene_NOAAPTR_ppbv,  ppbv, Gas_Styrene_InSitu_S_AVMR, (C8H8) styrene
Benzaldehyde_NOAAPTR_ppbv,  ppbv, Gas_Benzaldehyde_InSitu_S_AVMR, (C7H6O) benzaldehyde
C8Aromatics_NOAAPTR_ppbv,  ppbv, Gas_C8Aromatics_InSitu_M_AVMR, (C8H10) sum of m-xylene, p-xylene, o-xylene, and ethyl benzene
C9Aromatics_NOAAPTR_ppbv,  ppbv, Gas_C9Aromatics_InSitu_M_AVMR, (C9H12) sum of C9 aromatics
Naphthalene_NOAAPTR_ppbv,  ppbv, Gas_Naphthalene_InSitu_S_AVMR, (C10H8) naphthalene
Octanal_NOAAPTR_ppbv,  ppbv, Gas_Octanal_InSitu_S_AVMR, (C8H16O) octanal and small amounts of octanone
Monoterpenes_NOAAPTR_ppbv,  ppbv, Gas_Monoterpenes_InSitu_M_AVMR, (C10H16) sum of monoterpenes and possible contributions from fragments of oxygenated monoterpenoids such as eucalyptol.
Nonanal_NOAAPTR_ppbv,  ppbv, Gas_Nonanal_InSitu_M_AVMR, (C9H18O) nonanal and small amounts of nonanone
C7H4ClF3_NOAAPTR_ppbv,  ppbv, Gas_C7H4ClF3_InSitu_S_AVMR, (C7H4ClF3) parachlorobenzotrifluoride
C10H30O5Si5_NOAAPTR_ppbv,  ppbv, Gas_C10H30O5Si5_InSitu_S_AVMR, (C10H30O5Si5) decamethylcyclopentasiloxane
1
SPECIAL COMMENTS:N/A
21
PI_CONTACT_INFO: NOAA ESRL Chemical Sciences Division, Tropospheric Chemistry Group. 325 Broadway, R/CSD7, Boulder, CO 80305
PLATFORM: Mobile Laboratory.
LOCATION: Salt Lake City, UT
ASSOCIATED_DATA: N/A
INSTRUMENT_INFO: NOAA PTR-ToF-MS measurements on NOAA CSL Mobile Lab
DATA_INFO: Units: ppbv
UNCERTAINTY: See OTHER_COMMENTS
ULOD_FLAG: -7777
ULOD_VALUE: N/A
LLOD_FLAG: -8888
LLOD_VALUE: N/A.
DM_CONTACT_INFO: Data Managers: Matt Coggon, Kelvin Bates, Chelsea Stockwell; email: matthew.m.coggon@noaa.gov and kelvin.bates@colorado.edu
PROJECT_INFO: USOS Deployment July-August, 2024
STIPULATIONS_ON_USE: Use of these data require prior OK from PI.
OTHER_COMMENTS: Uncertainties:
CH3OH_NOAAPTR_ppbv:30%; CH3CN_NOAAPTR_ppbv:30%; CH3CHO_NOAAPTR_ppbv:30%; C2H5OH_NOAAPTR_ppbv:30%; CH3SH_NOAAPTR_ppbv:50%; Acrolein_NOAAPTR_ppbv:30%; AcetonePropanal_NOAAPTR_ppbv:30%; DMS_NOAAPTR_ppbv:30%; C5H8_NOAAPTR_ppbv:30%; MVKMAC_NOAAPTR_ppbv:30%; 
Benzene_NOAAPTR_ppbv:30%; Toluene_NOAAPTR_ppbv:30%; Styrene_NOAAPTR_ppbv:30%; Benzaldehyde_NOAAPTR_ppbv:30%; C8Aromatics_NOAAPTR_ppbv:30%; C9Aromatics_NOAAPTR_ppbv:30%; Naphthalene_NOAAPTR_ppbv:30%; Octanal_NOAAPTR_ppbv:30%; Monoterpenes_NOAAPTR_ppbv:30%; Nonanal_NOAAPTR_ppbv:30%; 
C7H4ClF3_NOAAPTR_ppbv:30%; C10H30O5Si5_NOAAPTR_ppbv:30%; 
REVISION: RA
RA: Field Data
Time_Start, CH3OH_NOAAPTR_ppbv, CH3CN_NOAAPTR_ppbv, CH3CHO_NOAAPTR_ppbv, C2H5OH_NOAAPTR_ppbv, CH3SH_NOAAPTR_ppbv, Acrolein_NOAAPTR_ppbv, AcetonePropanal_NOAAPTR_ppbv, DMS_NOAAPTR_ppbv, C5H8_NOAAPTR_ppbv, MVKMAC_NOAAPTR_ppbv, Benzene_NOAAPTR_ppbv, Toluene_NOAAPTR_ppbv, Styrene_NOAAPTR_ppbv, Benzaldehyde_NOAAPTR_ppbv, C8Aromatics_NOAAPTR_ppbv, C9Aromatics_NOAAPTR_ppbv, Naphthalene_NOAAPTR_ppbv, Octanal_NOAAPTR_ppbv, Monoterpenes_NOAAPTR_ppbv, Nonanal_NOAAPTR_ppbv, C7H4ClF3_NOAAPTR_ppbv, C10H30O5Si5_NOAAPTR_ppbv
[from data line 222]
13320.0, 8.38117, 0.48570, 1.47037, 4.14958, 0.00322, 0.20358, 3.04051, 0.00134, 1.37555, 0.35598, 0.13229, 0.24132, 0.01226, -0.02676, 0.13241, 0.05173, 0.00913, 0.02192, 0.28355, 0.04193, 0.01043, 0.00746 
13380.0, 9.54951, 0.47488, 1.49320, 4.20128, 0.00219, 0.16298, 3.08291, 0.00632, 1.25921, 0.35097, 0.09453, 0.27691, 0.01775, -0.02676, 0.15071, 0.04567, 0.00234, 0.01316, 0.21757, 0.06016, 0.01187, 0.00539 
13440.0, 9.02734, 0.44463, 1.49192, 3.36940, 0.00129, 0.17008, 3.04901, 0.00168, 1.26833, 0.33993, 0.17001, 0.27134, 0.02364, -0.00158, 0.15542, 0.05339, -0.00498, 0.00160, 0.20092, 0.06076, 0.00830, 0.00299 
13500.0, 8.96856, 0.46494, 1.35925, 2.95996, 0.00208, 0.16606, 2.99303, 0.00650, 1.12510, 0.30205, 0.14697, 0.20167, 0.00815, -0.00500, 0.13051, 0.04601, 0.00027, 0.02639, 0.22123, 0.03032, 0.00718, 0.00430 
13560.0, 8.54590, 0.45972, 1.40945, 3.31098, 0.00091, 0.16877, 3.07301, 0.00633, 1.16893, 0.34286, 0.13171, 0.24649, -0.00487, -0.02676, 0.13861, 0.06828, -0.00031, 0.02127, 0.20904, 0.03808, 0.01229, 0.00643 
13620.0, 10.37273, 0.44069, 1.61674, 6.11894, 0.00070, 0.19953, 3.27101, 0.01086, 1.17343, 0.35277, 0.32192, 0.90837, 0.04145, -0.01679, 0.43106, 0.14921, -0.00497, 0.04573, 0.22410, 0.06156, 0.00622, 0.01055 
13680.0, 9.57080, 0.48631, 1.34070, 3.44904, 0.00170, 0.17079, 3.02839, 0.01159, 1.14723, 0.30978, 0.15123, 0.22031, 0.01066, -0.02676, 0.13781, 0.06013, 0.00744, 0.02172, 0.20955, 0.03582, 0.00445, 0.00275 
13740.0, 8.57971, 0.46926, 1.50635, 3.64134, -0.00013, 0.19503, 3.06563, 0.00359, 1.15757, 0.33109, 0.15929, 0.24883, 0.02205, -0.01522, 0.13665, 0.05283, -0.00496, 0.00932, 0.20686, 0.03517, 0.00926, 0.00503 
13800.0, 8.90666, 0.46934, 1.37990, 3.07828, 0.00205, 0.14601, 3.06138, 0.01542, 1.12675, 0.31171, 0.16213, 0.21780, 0.01040, -0.02161, 0.12814, 0.06720, 0.00861, 0.01878, 0.17844, 0.03266, 0.00291, 0.00533 
13860.0, 8.12058, 0.42949, 1.31764, 3.46213, 0.00146, 0.21958, 3.06717, 0.01111, 1.08314, 0.32744, 0.16172, 0.27523, 0.02396, -0.02228, 0.15402, 0.06723, 0.00969, 0.03094, 0.22846, 0.03706, 0.00310, 0.01120 
13920.0, 9.82796, 0.48904, 1.66596, 4.94672, 0.00230, 0.23403, 3.19534, 0.00752, 1.13004, 0.31628, 0.11601, 0.28779, 0.02143, -0.02562, 0.18674, 0.06781, -0.00027, 0.02017, 0.20655, 0.06460, 0.00491, 0.00539 
13980.0, 8.13495, 0.45621, 1.47588, 3.80159, 0.00384, 0.19030, 3.16617, 0.00777, 1.09898, 0.34830, 0.09131, 0.23596, 0.01511, -0.02498, 0.13128, 0.04331, -0.00267, 0.00944, 0.20024, 0.04217, 0.00691, 0.00265 
14040.0, 8.94614, 0.46228, 1.48671, 3.82306, 0.00332, 0.18595, 3.12408, 0.00372, 1.06461, 0.30811, 0.07080, 0.25650, -0.00482, -0.02676, 0.13389, 0.04891, 0.00073, 0.02019, 0.18616, 0.03766, 0.00508, 0.00421 
14100.0, 10.09344, 0.50654, 1.76772, 4.85471, 0.00338, 0.18096, 3.27035, 0.00981, 1.02780, 0.34863, 0.14509, 0.26630, 0.00567, -0.02676, 0.14946, 0.05798, 0.00381, 0.02221, 0.24777, 0.05188, 0.00522, 0.01066 
14160.0, 9.74799, 0.48376, 1.70437, 5.04513, 0.00002, 0.19537, 3.20684, -0.00079, 1.01324, 0.33632, 0.15508, 0.35427, 0.01508, -0.02676, 0.20901, 0.08140, -0.00016, 0.02119, 0.25351, 0.04327, 0.00661, 0.00322 
14220.0, 10.02098, 0.51023, 1.95211, 4.65877, 0.00339, 0.21618, 3.30848, 0.01545, 1.07129, 0.35659, 0.24034, 0.38911, 0.01476, -0.00451, 0.25030, 0.09476, 0.01661, 0.03339, 0.21241, 0.05832, 0.00622, 0.00743 
14280.0, 11.04590, 0.50050, 1.71969, 5.03304, 0.00266, 0.17660, 3.20156, 0.00812, 1.07126, 0.32396, 0.19846, 0.31730, 0.02467, -0.00769, 0.18358, 0.08686, 0.00330, 0.01549, 0.24153, 0.05237, 0.00750, 0.00569 
14340.0, 10.40856, 0.52325, 1.88023, 5.39938, 0.00480, 0.20335, 3.33366, 0.00476, 0.95423, 0.33607, 0.26289, 0.49524, 0.03038, 0.00688, 0.31329, 0.11435, 0.03122, 0.02699, 0.24443, 0.04935, 0.00409, 0.00782 
14400.0, 10.84285, 0.48817, 1.59934, 4.22664, 0.00072, 0.18467, 3.23737, -0.00080, 0.83528, 0.32578, 0.09715, 0.25251, 0.02162, -0.01204, 0.15124, 0.06718, 0.02693, 0.03685, 0.22928, 0.05144, 0.00649, 0.00431 
14460.0, 11.14742, 0.48179, 1.73488, 4.48267, 0.00343, 0.18202, 3.28926, -0.00081, 0.89682, 0.30381, 0.16787, 0.26220, 0.02151, -0.01812, 0.17398, 0.06377, 0.01355, 0.03281, 0.23076, 0.03787, 0.00575, 0.00925 
14520.0, 11.82263, 0.48112, 1.75342, 5.05056, 0.00525, 0.17715, 3.38993, 0.00835, 1.01787, 0.33961, 0.09935, 0.27846, 0.01880, 0.00113, 0.17154, 0.06577, 0.00949, 0.02450, 0.20187, 0.04794, 0.01224, 0.01072 
14580.0, 10.66712, 0.47114, 1.72015, 5.27722, 0.00376, 0.19093, 3.31077, 0.00855, 0.93608, 0.30638, 0.14616, 0.40929, 0.01887, -0.02170, 0.19856, 0.08087, 0.01033, 0.03581, 0.25901, 0.04752, 0.01374, 0.00843 
14640.0, 9.87392, 0.49928, 1.64881, 4.43259, 0.00259, 0.20063, 3.28497, 0.01860, 0.89084, 0.30026, 0.08208, 0.26931, 0.00295, -0.02294, 0.13955, 0.05985, 0.01388, 0.02432, 0.24127, 0.04963, 0.00804, 0.00910 
14700.0, 11.09440, 0.52836, 1.74235, 4.88904, 0.00205, 0.19630, 3.32408, 0.01682, 0.89250, 0.31473, 0.11657, 0.24191, -0.00474, -0.02676, 0.15344, 0.05920, 0.00740, 0.03022, 0.22425, 0.05703, 0.01583, 0.00858 
14760.0, 10.53740, 0.50456, 1.70416, 5.41409, 0.00089, 0.21873, 3.37106, 0.01688, 0.89245, 0.33891, 0.14033, 0.40403, 0.01552, -0.02676, 0.21779, 0.08027, 0.01049, 0.04258, 0.20675, 0.06434, 0.00626, 0.01094 
14820.0, 10.67958, 0.54824, 1.62588, 7.06766, 0.00568, 0.19483, 3.33966, 0.00818, 0.87368, 0.32803, 0.21431, 0.71821, 0.02550, -0.02676, 0.31790, 0.11315, 0.01511, 0.02388, 0.19096, 0.07266, 0.00425, 0.01296 
14880.0, 11.01456, 0.54838, 1.60927, 6.33271, 0.00213, 0.19529, 3.30832, 0.00560, 0.87482, 0.31422, 0.18335, 0.55869, 0.03004, -0.02676, 0.27700, 0.10937, 0.00455, 0.03151, 0.20268, 0.06455, 0.00792, 0.00771 
14940.0, 10.42338, 0.59292, 1.57559, 4.78658, 0.00336, 0.18046, 3.30962, 0.01967, 0.78310, 0.31608, 0.15332, 0.31055, 0.01296, -0.00060, 0.16979, 0.07572, 0.00828, 0.02899, 0.22421, 0.06062, 0.00498, 0.00764 
15000.0, 10.82030, 0.58309, 1.61531, 6.08666, 0.00291, 0.19053, 3.19072, -0.00084, 0.80652, 0.29378, 0.29702, 0.84024, 0.02340, -0.00077, 0.40755, 0.18330, 0.02489, 0.03407, 0.18538, 0.05224, 0.00664, 0.01018 
15060.0, 10.17641, 0.59733, 1.54522, 4.51888, 0.00063, 0.19780, 3.21909, 0.00221, 0.76228, 0.28788, 0.16768, 0.29993, 0.01032, -0.00091, 0.17172, 0.07070, 0.01101, 0.02530, 0.18112, 0.03736, 0.00739, 0.00579 
15120.0, 9.62631, 0.57720, 1.52940, 4.78507, 0.00336, 0.17341, 3.19255, 0.00340, 0.82423, 0.29735, 0.16054, 0.26144, -0.00469, 0.00375, 0.14135, 0.05616, 0.00660, 0.02292, 0.19309, 0.04671, 0.01458, 0.00415 
15180.0, 9.54197, 0.62001, 1.48782, 3.72506, 0.00401, 0.20578, 3.19945, -0.00085, 0.80048, 0.27056, 0.11265, 0.25071, 0.01570, -0.02631, 0.13941, 0.06177, 0.00217, 0.02463, 0.18146, 0.04806, 0.00536, 0.00843 
15240.0, 9.86059, 0.60492, 1.52100, 3.91925, 0.00462, 0.16936, 3.20910, -0.00085, 0.68222, 0.28908, 0.15472, 0.25911, 0.02429, -0.02109, 0.14506, 0.06178, -0.00205, 0.02304, 0.16370, 0.03005, 0.00038, 0.00525 
15300.0, 10.90600, 0.60600, 1.57695, 4.26175, -0.00021, 0.17256, 3.15985, 0.01158, 0.75440, 0.30675, 0.14775, 0.26330, 0.02420, -0.02407, 0.13473, 0.06944, 0.00095, 0.02794, 0.20193, 0.04098, 0.01282, 0.00387 
15360.0, 10.03568, 0.60203, 1.55812, 4.37000, 0.00163, 0.21949, 3.30239, 0.00703, 0.73962, 0.29162, 0.13295, 0.21925, -0.00183, -0.02676, 0.13596, 0.05121, 0.00320, 0.01925, 0.16277, 0.04558, 0.00634, 0.00415 
15420.0, 9.78744, 0.60431, 1.54564, 3.95720, 0.00191, 0.18184, 3.24303, 0.01512, 0.65179, 0.27556, 0.10755, 0.24766, 0.02509, -0.02676, 0.13737, 0.04566, -0.00333, 0.03213, 0.18293, 0.03320, 0.00627, 0.00761 
15480.0, 9.75810, 0.61114, 1.47345, 4.29232, 0.00540, 0.17989, 3.20960, -0.00086, 0.64732, 0.25369, 0.14716, 0.23385, 0.02013, -0.02676, 0.13337, 0.04808, 0.00713, 0.02744, 0.18630, 0.04512, 0.01048, 0.00680 
15540.0, 10.32511, 0.59679, 1.49438, 4.49837, 0.00556, 0.15832, 3.18608, -0.00067, 0.63983, 0.26127, 0.12799, 0.25210, 0.01934, -0.00644, 0.12425, 0.06231, 0.01172, 0.03145, 0.16699, 0.04605, 0.01234, 0.00675 
15600.0, 9.61828, 0.60982, 1.50605, 4.38287, 0.00383, 0.19284, 3.19797, 0.01982, 0.59930, 0.27510, 0.19183, 0.22871, -0.00463, 0.00870, 0.15036, 0.06590, -0.00487, 0.02019, 0.18343, 0.05640, 0.00445, 0.00993 
15660.0, 9.39449, 0.56595, 1.50937, 4.66851, 0.00112, 0.16990, 3.19888, -0.00087, 0.63150, 0.25015, 0.15825, 0.22398, 0.02085, -0.01199, 0.14592, 0.04320, -0.00077, 0.02577, 0.15102, 0.05008, 0.00579, 0.00639 
15720.0, 10.63802, 0.58891, 1.51513, 4.76045, 0.00564, 0.17281, 3.35489, 0.00265, 0.65309, 0.24629, 0.13438, 0.24442, 0.00734, -0.02676, 0.14158, 0.05057, 0.00465, 0.01429, 0.18892, 0.05775, 0.00952, 0.00709 
15780.0, 9.74149, 0.58915, 1.57059, 4.94337, 0.00575, 0.21245, 3.19154, -0.00088, 0.55507, 0.24747, 0.17335, 0.27105, -0.00461, -0.00730, 0.16690, 0.05799, -0.00486, 0.02694, 0.17648, 0.05011, 0.00416, 0.00933 
15840.0, 8.95619, 0.57896, 1.47987, 5.43179, 0.00576, 0.16538, 3.25717, 0.02587, 0.57656, 0.24089, 0.14013, 0.40524, 0.02742, -0.02676, 0.23098, 0.09171, 0.00507, 0.02363, 0.19748, 0.03861, 0.00150, 0.00432 
15900.0, 9.43583, 0.57133, 1.46076, 6.50341, 0.00003, 0.18216, 3.17856, 0.01032, 0.52072, 0.22913, 0.20058, 0.56244, 0.02570, -0.02455, 0.27608, 0.10441, -0.00235, 0.02690, 0.16132, 0.05305, 0.00628, 0.00425 
15960.0, 9.22748, 0.58624, 1.54155, 4.79208, 0.00257, 0.19104, 3.27148, 0.01423, 0.56389, 0.24034, 0.10809, 0.21478, 0.00312, -0.02498, 0.14511, 0.05938, -0.00407, 0.02487, 0.15939, 0.04790, 0.00340, 0.00535 
16020.0, 10.51548, 0.56458, 1.61093, 7.67359, 0.00463, 0.20203, 3.33250, 0.01244, 0.54245, 0.25288, 0.26937, 0.73174, 0.02991, -0.02676, 0.34931, 0.11498, 0.00622, 0.01757, 0.17513, 0.05740, 0.00283, 0.00618 
16080.0, 8.68817, 0.55735, 1.47070, 4.65803, 0.00003, 0.15931, 3.14175, 0.00805, 0.45255, 0.25662, 0.19533, 0.22710, 0.01290, -0.00341, 0.13236, 0.05576, 0.01093, 0.01612, 0.16582, 0.05394, 0.00856, 0.00944 
16140.0, 10.15221, 0.52916, 1.53286, 4.56924, 0.00549, 0.17813, 3.24567, 0.00692, 0.43922, 0.25787, 0.25885, 0.38891, 0.02796, -0.00971, 0.21423, 0.06524, 0.00909, 0.01392, 0.16577, 0.04765, 0.01039, 0.00759 
16200.0, 9.26097, 0.55940, 1.52330, 4.20579, 0.00080, 0.16885, 3.19721, 0.00654, 0.45384, 0.20621, 0.14353, 0.18973, 0.00064, -0.00267, 0.12270, 0.05184, -0.00483, 0.02495, 0.15151, 0.02629, 0.00225, 0.00092 
16260.0, 8.98882, 0.49242, 1.52195, 3.64293, 0.00362, 0.15157, 3.23900, 0.00318, 0.46341, 0.20736, 0.14576, 0.17372, 0.01485, -0.02415, 0.10302, 0.04781, 0.01195, 0.03613, 0.18586, 0.03344, 0.00952, 0.00070 
16320.0, 8.37155, 0.52360, 1.33109, 3.25215, 0.00036, 0.14817, 3.03723, 0.00413, 0.36796, 0.18827, 0.12428, 0.17865, 0.00385, -0.01873, 0.11405, 0.04166, -0.00483, 0.02884, 0.12843, 0.03511, 0.00527, 0.00281 
16380.0, 8.91766, 0.53884, 1.39696, 4.27516, 0.00223, 0.15408, 3.16908, -0.00066, 0.42237, 0.21453, 0.18296, 0.40892, 0.01849, 0.00616, 0.21238, 0.07626, -0.00482, 0.02574, 0.15314, 0.04311, 0.00564, 0.00446 
16440.0, 7.81855, 0.51783, 1.20155, 2.85633, 0.00529, 0.16158, 3.02846, 0.00431, 0.36809, 0.17831, 0.11881, 0.16178, 0.00901, -0.02676, 0.09123, 0.02872, -0.00294, 0.01932, 0.11710, 0.04231, 0.00237, 0.00689 
16500.0, 7.63971, 0.49943, 1.24050, 3.20220, 0.00460, 0.14393, 3.11489, 0.01383, 0.39132, 0.16410, 0.12262, 0.20841, -0.00452, -0.02676, 0.11291, 0.04665, -0.00430, 0.02677, 0.12431, 0.03742, 0.00790, 0.00296 
16560.0, 8.78387, 0.50696, 1.37985, 5.53748, 0.00281, 0.15263, 3.20211, 0.00746, 0.45028, 0.20838, 0.22836, 0.71169, 0.02859, -0.02096, 0.29345, 0.11547, -0.00481, 0.02534, 0.13603, 0.04738, 0.00431, 0.00790 
16620.0, 8.54285, 0.55342, 1.29909, 2.75331, 0.00444, 0.16980, 3.08723, 0.00085, 0.43616, 0.18071, 0.09409, 0.18198, -0.00016, -0.00631, 0.10413, 0.04713, -0.00481, 0.01269, 0.14004, 0.03338, 0.00578, 0.00460 
16680.0, 9.81590, 0.53754, 1.42336, 5.13673, 0.00290, 0.18589, 3.21015, 0.00993, 0.38988, 0.19867, 0.22310, 0.55616, 0.02212, -0.01046, 0.26060, 0.10052, 0.00902, 0.03694, 0.13341, 0.04682, 0.00257, 0.00900 
16740.0, 8.02978, 0.60740, 1.26044, 2.63267, 0.00126, 0.11929, 3.05976, -0.00094, 0.35242, 0.19915, 0.15001, 0.15588, -0.00449, -0.01503, 0.09829, 0.03197, -0.00017, 0.01343, 0.11741, 0.02275, 0.00541, 0.00459 
16800.0, 9.27140, 0.56663, 1.32693, 4.27937, 0.00438, 0.18238, 3.26315, -0.00094, 0.39728, 0.19758, 0.21147, 0.49832, -0.00448, -0.01266, 0.23319, 0.09527, 0.00138, 0.02038, 0.14363, 0.03748, 0.00528, 0.00682 
16860.0, 9.07232, 0.55104, 1.47513, 4.23956, 0.00718, 0.15811, 3.29197, 0.00881, 0.41703, 0.22073, 0.20303, 0.41893, 0.02565, 0.02258, 0.20106, 0.07638, -0.00091, 0.01578, 0.11942, 0.04803, 0.00911, 0.00557 
16920.0, 8.26130, 0.58239, 1.38360, 3.14869, 0.00379, 0.17781, 3.16278, -0.00095, 0.38074, 0.19417, 0.17182, 0.22835, -0.00447, 0.00058, 0.13556, 0.05404, 0.00079, 0.01781, 0.12551, 0.03988, 0.00670, 0.00526 
16980.0, 9.96738, 0.56783, 1.72423, 10.34259, 0.00533, 0.18649, 3.16999, 0.01304, 0.46151, 0.22646, 0.58165, 1.90292, 0.05984, -0.02423, 0.72462, 0.27452, 0.00324, 0.02807, 0.13879, 0.04351, 0.00592, 0.00877 
17040.0, 7.55030, 0.54759, 1.37876, 3.84481, 0.00449, 0.17864, 3.27396, 0.00440, 0.40705, 0.20818, 0.21088, 0.40704, 0.00959, -0.01931, 0.21143, 0.07502, 0.00384, 0.03057, 0.10936, 0.02674, 0.01084, 0.00333 
17100.0, 8.40431, 0.53654, 1.44180, 3.74282, 0.00767, 0.20661, 3.07671, 0.01184, 0.42468, 0.21330, 0.13850, 0.23496, 0.03215, -0.02676, 0.14256, 0.07305, -0.00119, 0.00997, 0.14390, 0.03907, 0.01110, 0.00692 
17160.0, 8.99208, 0.54948, 1.47135, 3.96005, 0.00711, 0.18007, 3.19531, 0.00518, 0.42937, 0.23800, 0.15669, 0.24412, -0.00444, -0.00836, 0.18843, 0.07169, -0.00399, 0.01579, 0.14441, 0.03501, 0.01153, 0.00633 
17220.0, 8.94767, 0.52668, 1.53412, 3.96724, 0.00284, 0.18093, 3.15237, 0.00272, 0.44739, 0.23736, 0.16545, 0.26301, 0.00181, -0.00158, 0.15379, 0.06356, 0.00038, 0.01449, 0.16911, 0.04297, 0.00555, 0.00577 
17280.0, 9.60262, 0.53966, 2.00314, 5.51698, 0.00150, 0.19081, 3.26580, 0.00442, 0.49598, 0.23240, 0.19622, 0.34254, 0.03139, -0.00534, 0.19965, 0.08961, 0.00905, 0.02411, 0.19519, 0.04291, 0.01028, 0.01320 
17340.0, 9.73187, 0.48902, 1.92029, 5.10167, 0.00859, 0.20140, 3.20492, 0.01198, 0.48223, 0.23703, 0.18483, 0.32318, -0.00442, -0.02386, 0.18322, 0.07249, -0.00473, 0.02071, 0.28742, 0.04501, 0.01340, 0.00674 
17400.0, 7.41835, 0.49426, 1.37710, 3.13506, 0.00578, 0.14608, 2.97631, 0.00563, 0.50939, 0.22610, 0.11447, 0.18153, 0.00865, -0.01424, 0.09358, 0.03556, -0.00477, 0.02282, 0.14655, 0.03521, 0.00849, 0.00586 
17460.0, 8.12484, 0.48318, 1.34082, 3.20621, 0.00558, 0.18608, 3.10956, 0.00870, 0.47488, 0.23398, 0.16254, 0.19026, 0.00865, -0.02422, 0.11036, 0.05047, 0.00814, 0.01417, 0.12966, 0.03933, 0.00734, 0.00415 
17520.0, 8.42740, 0.44614, 1.31548, 3.59294, 0.00098, 0.16456, 3.04572, 0.00641, 0.47458, 0.23005, 0.13642, 0.13446, 0.00722, -0.02013, 0.09680, 0.03959, 0.00319, 0.02748, 0.12986, 0.03349, 0.00618, 0.00382 
17580.0, 7.29981, 0.44784, 1.27767, 5.34139, 0.00135, 0.14549, 3.05215, -0.00098, 0.48442, 0.21605, 0.19132, 0.61543, 0.03516, -0.02676, 0.25567, 0.09138, -0.00476, 0.01303, 0.10784, 0.03377, 0.00171, 0.00532 
17640.0, 7.55149, 0.43417, 1.29206, 5.14761, 0.01158, 0.13649, 3.13037, 0.01672, 0.52620, 0.23213, 0.18352, 0.59720, 0.00561, -0.02676, 0.25395, 0.10959, -0.00476, 0.02270, 0.12536, 0.03366, 0.01035, 0.00631 
17700.0, 7.84846, 0.39458, 1.26467, 3.03288, 0.00047, 0.15321, 3.01575, -0.00099, 0.45762, 0.25188, 0.17885, 0.20334, -0.00437, 0.00558, 0.10924, 0.03884, 0.00788, 0.01434, 0.14957, 0.02276, 0.00366, 0.00340 
17760.0, 8.87337, 0.43431, 1.42365, 5.20966, 0.00376, 0.19636, 3.14776, -0.00099, 0.53098, 0.24310, 0.26715, 0.62823, 0.02714, -0.00335, 0.26656, 0.09537, 0.01393, 0.02870, 0.13306, 0.06020, 0.01066, 0.00815 
