CampaignData_and_Merges/R0/CSL_MobileLab_Parked/raw/20240808/USOS-NOAAIodideCIMS-HNO3_MobileLabGround_20240808_RA.ict
33, 1001
Michael A Robinson, Chris Jernigan, Subi Thakali
NOAA ESRL Chemical Sciences Laboratory and CIRES, U. of Colorado
NOAA Iodide CIMS Instrument
USOS
1, 1
2024, 08, 08, 2024, 08, 09
1
starttime_UTC, seconds_past_midnight, seconds_of_day_since_00:00:00_UTC
1
1
-9999
HNO3_NOAACIMS, pptv, Gas_HNO3_InSitu_S_AVMR, 
0
18
PI_CONTACT_INFO: 325 Broadway, R/CSD 7, Boulder, Colorado 80305; michael.a.robinson@noaa.gov; chris.jernigan@noaa.gov;
PLATFORM: NOAA CSL Mobile Lab
LOCATION: SLC, Utah
ASSOCIATED_DATA: 1Hz data also available on request.
INSTRUMENT_INFO: NOAA I- ToF CIMS
DATA_INFO: All data in parts per trillion by volume (pptv). 1 Hz data is available upon request.
UNCERTAINTY: TBD
ULOD_FLAG: -7777
ULOD_VALUE: N/A
LLOD_FLAG: -8888
LLOD_VALUE: N/A
DM_CONTACT_INFO: Nathan Howard; nathan.h.howard@noaa.gov
PROJECT_INFO: USOS, summer 2024. https://csl.noaa.gov/groups/csl7/measurements/2024usos/
STIPULATIONS_ON_USE: Users are strongly encouraged to contact the PI for proper data usage.
OTHER_COMMENTS: 
REVISION: RA
RA: Preliminary Data; For in-field use only
starttime_UTC, HNO3_NOAACIMS
     0, 451.515
    60, 447.171
   120, 462.307
   180, 462.602
   240, 472.115
   300, 466.210
   360, 474.310
   420, 509.807
   480, 494.209
   540, 468.847
   600, 482.444
   660, 481.316
   720, 504.829
   780, 528.491
   840, 555.236
   900, 525.767
   960, 496.681
  1020, 503.982
  1080, 505.144
  1140, 483.476
  1200, 482.073
  1260, 484.182
  1320, 463.851
  1380, 481.452
  1440, 484.616
  1500, 463.585
  1560, 481.533
  1620, 498.108
  1680, -9999.000
  1740, 463.779
  1800, 498.711
  1860, 476.888
  1920, 498.325
  1980, 500.197
  2040, 485.817
  2100, 471.247
  2160, 461.498
  2220, 453.668
  2280, 460.003
  2340, 458.681
  2400, 482.664
  2460, 477.661
  2520, 466.163
  2580, 463.947
  2640, 501.721
  2700, 498.213
  2760, 485.933
  2820, -9999.000
  2880, -9999.000
  2940, -9999.000
  3000, -9999.000
  3060, -9999.000
  3120, -9999.000
  3180, -9999.000
  3240, -9999.000
  3300, -9999.000
  3360, -9999.000
  3420, -9999.000
  3480, -9999.000
  3540, -9999.000
  3600, -9999.000
  3660, -9999.000
  3720, -9999.000
  3780, -9999.000
  3840, -9999.000
  3900, -9999.000
  3960, -9999.000
  4020, -9999.000
  4080, -9999.000
  4140, -9999.000
  4200, -9999.000
  4260, -9999.000
  4320, -9999.000
  4380, -9999.000
  4440, -9999.000
  4500, -9999.000
  4560, -9999.000
  4620, -9999.000
  4680, -9999.000
  4740, -9999.000
  4800, -9999.000
  4860, -9999.000
  4920, -9999.000
  4980, -9999.000
  5040, -9999.000
  5100, -9999.000
  5160, -9999.000
  5220, -9999.000
  5280, -9999.000
  5340, -9999.000
  5400, -9999.000
  5460, -9999.000
  5520, -9999.000
  5580, -9999.000
  5640, -9999.000
  5700, -9999.000
  5760, -9999.000
  5820, -9999.000
  5880, -9999.000
  5940, -9999.000
  6000, -9999.000
  6060, -9999.000
  6120, -9999.000
  6180, -9999.000
  6240, -9999.000
  6300, -9999.000
  6360, -9999.000
  6420, -9999.000
  6480, -9999.000
  6540, -9999.000
  6600, -9999.000
  6660, -9999.000
  6720, -9999.000
  6780, -9999.000
  6840, -9999.000
  6900, -9999.000
  6960, -9999.000
  7020, -9999.000
  7080, -9999.000
  7140, -9999.000
  7200, -9999.000
  7260, -9999.000
  7320, -9999.000
  7380, -9999.000
  7440, -9999.000
  7500, -9999.000
  7560, -9999.000
  7620, -9999.000
  7680, -9999.000
  7740, -9999.000
  7800, -9999.000
  7860, -9999.000
  7920, -9999.000
  7980, -9999.000
  8040, -9999.000
  8100, -9999.000
  8160, -9999.000
  8220, -9999.000
  8280, -9999.000
  8340, -9999.000
  8400, -9999.000
  8460, -9999.000
  8520, -9999.000
  8580, -9999.000
  8640, -9999.000
  8700, -9999.000
  8760, -9999.000
  8820, -9999.000
  8880, -9999.000
  8940, -9999.000
  9000, -9999.000
  9060, -9999.000
  9120, -9999.000
  9180, -9999.000
  9240, -9999.000
  9300, -9999.000
  9360, -9999.000
  9420, -9999.000
  9480, -9999.000
  9540, -9999.000
  9600, -9999.000
  9660, -9999.000
  9720, -9999.000
  9780, -9999.000
  9840, -9999.000
  9900, -9999.000
  9960, 253.065
 10020, 247.161
 10080, 240.087
 10140, 244.552
 10200, 238.178
 10260, 228.683
 10320, 219.813
 10380, 212.411
 10440, 208.876
 10500, 215.761
 10560, 229.827
 10620, 244.134
 10680, 258.212
 10740, 261.669
 10800, 267.078
 10860, 258.817
 10920, -9999.000
 10980, 226.341
 11040, 209.306
 11100, 203.587
 11160, 201.467
 11220, 196.184
 11280, 196.963
 11340, 196.611
 11400, 198.465
 11460, 197.102
 11520, 193.144
 11580, 180.040
 11640, 180.390
 11700, 191.535
 11760, 206.422
 11820, 211.244
 11880, 214.223
 11940, 213.845
 12000, 197.162
 12060, 171.410
 12120, 170.917
 12180, 163.029
 12240, 162.478
 12300, 163.548
 12360, 170.835
 12420, 168.340
 12480, 178.950
 12540, 187.663
 12600, 204.806
 12660, 216.792
 12720, 220.697
 12780, 213.983
 12840, 206.667
 12900, 212.949
 12960, 211.617
 13020, 206.253
 13080, 203.124
 13140, 201.620
 13200, 196.185
 13260, 185.928
 13320, 186.919
 13380, 191.815
 13440, 200.349
 13500, 208.363
 13560, 209.601
 13620, 207.788
 13680, 205.027
 13740, 196.893
 13800, 187.862
 13860, 185.412
 13920, 189.113
 13980, 180.245
 14040, 178.737
 14100, 183.477
 14160, 188.600
 14220, 204.357
 14280, 201.834
 14340, 210.069
 14400, 193.279
 14460, 189.209
 14520, 183.449
 14580, 184.507
 14640, 163.462
 14700, 157.175
 14760, 157.891
 14820, 157.744
 14880, 167.573
 14940, 181.568
 15000, 184.386
 15060, 183.800
 15120, 177.837
 15180, 177.571
 15240, 173.708
 15300, 160.734
 15360, 157.512
 15420, 155.724
 15480, 167.170
 15540, 170.703
 15600, 170.008
 15660, 165.349
 15720, 165.917
 15780, 162.908
 15840, 157.440
 15900, 154.542
 15960, 158.725
 16020, 157.669
 16080, 171.012
 16140, 175.933
 16200, 173.031
 16260, 172.007
 16320, 175.148
 16380, 180.345
 16440, 183.464
 16500, 177.684
 16560, 178.488
 16620, 182.576
 16680, 193.456
 16740, 196.237
 16800, 200.513
 16860, 199.004
 16920, 198.671
 16980, 183.539
 17040, 161.423
 17100, 151.279
 17160, 105.953
 17220, 125.137
 17280, 129.245
 17340, 123.856
 17400, 114.672
 17460, 145.611
 17520, 159.769
 17580, 161.148
 17640, 172.920
 17700, 179.869
 17760, 195.894
 17820, 195.151
 17880, 195.182
 17940, 196.220
 18000, 189.910
 18060, 188.147
 18120, 184.274
 18180, 190.800
 18240, 194.939
 18300, -9999.000
 18360, 136.897
 18420, 141.143
 18480, 163.217
 18540, 170.512
 18600, 164.529
 18660, 169.250
 18720, 180.039
 18780, 202.498
 18840, 216.264
 18900, 218.704
 18960, 211.930
 19020, 208.064
 19080, 202.760
 19140, 191.754
 19200, 177.647
 19260, 183.780
 19320, 196.392
 19380, 199.567
 19440, 195.065
 19500, 193.023
 19560, 188.561
 19620, 179.313
 19680, 181.954
 19740, 196.572
 19800, 194.588
 19860, 199.027
 19920, 198.509
 19980, 178.737
 20040, 168.394
 20100, 162.218
 20160, -9999.000
 20220, 152.081
 20280, 138.210
 20340, 140.536
 20400, 136.303
 20460, 130.119
 20520, 124.022
 20580, 127.555
 20640, 131.469
 20700, 132.632
 20760, 145.208
 20820, 144.427
 20880, 147.410
 20940, 143.970
 21000, 127.024
 21060, 119.841
 21120, 109.505
 21180, 125.065
 21240, 136.433
 21300, 130.644
 21360, 127.789
 21420, 133.461
 21480, 138.371
 21540, 118.956
 21600, 118.866
 21660, 125.636
 21720, 125.509
 21780, 126.083
 21840, 125.117
 21900, 120.172
 21960, 119.658
 22020, -9999.000
 22080, 131.348
 22140, 136.342
 22200, 131.946
 22260, 122.029
 22320, 121.117
 22380, 117.414
 22440, 125.715
 22500, 132.057
 22560, 132.163
 22620, 131.698
 22680, 129.703
 22740, 133.938
 22800, 134.932
 22860, 135.794
 22920, 140.123
 22980, 137.927
 23040, 135.638
 23100, 114.416
 23160, 105.057
 23220, 107.632
 23280, 110.487
 23340, 107.538
 23400, 106.733
 23460, 99.853
 23520, 96.995
 23580, 88.710
 23640, 94.840
 23700, 98.138
 23760, 101.671
 23820, 103.087
 23880, 115.095
 23940, 116.359
 24000, 120.184
 24060, 113.061
 24120, 109.115
 24180, 106.987
 24240, 99.548
 24300, 111.644
 24360, 117.729
 24420, 114.889
 24480, 114.092
 24540, 115.154
 24600, 120.972
 24660, 122.308
 24720, 116.236
 24780, 113.467
 24840, 110.460
 24900, 106.711
 24960, 112.048
 25020, 119.160
 25080, 125.934
 25140, 126.512
 25200, 124.427
 25260, 126.692
 25320, 136.399
 25380, 152.303
 25440, 154.721
 25500, 154.618
 25560, 149.653
 25620, 140.967
 25680, -9999.000
 25740, 147.955
 25800, 150.180
 25860, 154.506
 25920, 146.156
 25980, 138.834
 26040, 145.981
 26100, 144.782
 26160, 146.186
 26220, 144.622
 26280, 133.884
 26340, 129.185
 26400, 125.810
 26460, 119.434
 26520, 116.009
 26580, 108.324
 26640, 91.690
 26700, 85.778
 26760, 94.609
 26820, 98.424
 26880, 104.162
 26940, 104.311
 27000, 104.661
 27060, 101.719
 27120, 106.356
 27180, 111.163
 27240, 115.320
 27300, 114.641
 27360, 109.477
 27420, 107.994
 27480, 108.321
 27540, -9999.000
 27600, 115.108
 27660, 109.947
 27720, 99.692
 27780, 99.128
 27840, 96.569
 27900, 94.034
 27960, 93.298
 28020, 96.262
 28080, 94.733
 28140, 88.227
 28200, 86.165
 28260, 84.228
 28320, 82.241
 28380, 81.367
 28440, 81.869
 28500, 84.627
 28560, 89.042
 28620, 103.361
 28680, 96.820
 28740, 99.324
 28800, 97.277
 28860, 92.648
 28920, 84.753
 28980, 88.430
 29040, 92.770
 29100, 95.646
 29160, 107.738
 29220, 109.495
 29280, 110.420
 29340, 117.206
 29400, -9999.000
 29460, 134.774
 29520, 134.342
 29580, 137.796
 29640, 134.120
 29700, 127.752
 29760, 133.208
 29820, 135.648
 29880, 130.383
 29940, 129.612
 30000, 126.143
 30060, 123.898
 30120, 126.383
 30180, 127.483
 30240, 119.788
 30300, 118.463
 30360, 115.501
 30420, 120.150
 30480, 122.106
 30540, 118.873
 30600, 118.762
 30660, 117.498
 30720, 119.153
 30780, 123.149
 30840, 121.758
 30900, 118.918
 30960, 115.403
 31020, 113.639
 31080, 115.960
 31140, 116.366
 31200, 113.794
 31260, 118.579
 31320, 116.222
 31380, 117.428
 31440, 119.081
 31500, 119.780
 31560, 119.323
 31620, 114.685
 31680, 116.237
 31740, 115.963
 31800, 114.688
 31860, 114.829
 31920, 107.485
 31980, 104.867
 32040, 110.057
 32100, 112.214
 32160, 117.711
 32220, 114.270
 32280, 112.271
 32340, 113.093
 32400, 116.556
 32460, 124.530
 32520, 121.036
 32580, 117.209
 32640, 117.635
 32700, 116.709
 32760, 114.473
 32820, 120.384
 32880, 122.054
 32940, 120.105
 33000, 116.975
 33060, 117.095
 33120, 127.471
 33180, 127.368
 33240, 124.936
 33300, 123.043
 33360, 120.801
 33420, 116.099
 33480, 118.402
 33540, 120.964
 33600, 123.613
 33660, 121.736
 33720, 118.534
 33780, 117.570
 33840, 115.702
 33900, 120.362
 33960, 126.808
 34020, 127.605
 34080, 124.240
 34140, 121.846
 34200, 120.252
 34260, 122.836
 34320, 125.791
 34380, 126.165
 34440, 124.893
 34500, 121.223
 34560, 118.881
 34620, 120.661
 34680, 123.502
 34740, 122.292
 34800, 120.146
 34860, 114.757
 34920, 116.906
 34980, 129.082
 35040, 132.162
 35100, 131.257
 35160, 137.085
 35220, 133.085
 35280, 133.290
 35340, 138.456
 35400, 140.255
 35460, 141.317
 35520, 138.158
 35580, 130.539
 35640, 132.303
 35700, 136.663
 35760, 138.678
 35820, 145.433
 35880, 144.194
 35940, 142.324
 36000, 140.666
 36060, 142.867
 36120, 145.678
 36180, 147.193
 36240, 144.119
 36300, 142.894
 36360, 141.123
 36420, 138.767
 36480, 142.358
 36540, 144.473
 36600, 144.026
 36660, 140.405
 36720, 137.794
 36780, -9999.000
 36840, 139.840
 36900, 145.280
 36960, 142.050
 37020, 136.985
 37080, 132.670
 37140, 132.623
 37200, 135.174
 37260, 139.845
 37320, 138.103
 37380, 136.538
 37440, 133.761
 37500, 130.506
 37560, 129.358
 37620, 132.432
 37680, 134.598
 37740, 134.473
 37800, 129.441
 37860, 127.559
 37920, 126.585
 37980, 129.070
 38040, 131.605
 38100, 130.120
 38160, 128.800
 38220, 127.733
 38280, 125.128
 38340, 125.608
 38400, 129.547
 38460, 127.167
 38520, 128.183
 38580, 123.710
 38640, -9999.000
 38700, 131.171
 38760, 130.052
 38820, 131.559
 38880, 130.627
 38940, 129.475
 39000, 127.623
 39060, 129.411
 39120, 131.840
 39180, 135.815
 39240, 135.484
 39300, 131.267
 39360, 128.030
 39420, 130.841
 39480, 135.120
 39540, 132.737
 39600, 132.763
 39660, 134.570
 39720, 128.411
 39780, 123.768
 39840, 123.670
 39900, 124.141
 39960, 119.006
 40020, 114.416
 40080, 111.497
 40140, 112.880
 40200, 115.973
 40260, 116.590
 40320, 117.977
 40380, 115.225
 40440, 112.061
 40500, -9999.000
 40560, 123.847
 40620, 119.625
 40680, 116.804
 40740, 112.490
 40800, 108.686
 40860, 109.298
 40920, 115.338
 40980, 115.731
 41040, 117.924
 41100, 117.053
 41160, 112.202
 41220, 112.526
 41280, 114.401
 41340, 117.247
 41400, 116.291
 41460, 110.104
 41520, 108.425
 41580, 109.101
 41640, 114.975
 41700, 119.244
 41760, 120.087
 41820, 119.132
 41880, 115.672
 41940, 113.517
 42000, 118.656
 42060, 122.411
 42120, 123.652
 42180, 124.874
 42240, 123.192
 42300, 122.205
 42360, 128.585
 42420, 128.172
 42480, 131.147
 42540, 129.526
 42600, 131.315
 42660, 131.874
 42720, 128.558
 42780, 133.267
 42840, 130.328
 42900, 123.136
 42960, 116.792
 43020, 113.054
 43080, 120.135
 43140, 126.184
 43200, 126.834
 43260, 127.444
 43320, 127.875
 43380, 123.501
 43440, 121.302
 43500, 124.924
 43560, 127.661
 43620, 126.221
 43680, 121.914
 43740, 118.140
 43800, 118.345
 43860, 118.690
 43920, 116.353
 43980, 112.134
 44040, 108.875
 44100, 109.010
 44160, -9999.000
 44220, 117.711
 44280, 111.272
 44340, 109.097
 44400, 102.682
 44460, 105.006
 44520, 108.173
 44580, 104.710
 44640, 101.360
 44700, 102.128
 44760, 105.524
 44820, 110.128
 44880, 113.522
 44940, 114.861
 45000, 110.258
 45060, 108.619
 45120, 112.705
 45180, 115.049
 45240, 116.125
 45300, 116.120
 45360, 115.316
 45420, 117.515
 45480, 121.959
 45540, 130.458
 45600, 124.624
 45660, 117.252
 45720, 109.542
 45780, 115.307
 45840, 114.206
 45900, 102.160
 45960, 91.796
 46020, -9999.000
 46080, 98.046
 46140, 93.172
 46200, 93.939
 46260, 91.249
 46320, 86.493
 46380, 81.648
 46440, 77.896
 46500, 79.069
 46560, 79.129
 46620, 72.105
 46680, 62.877
 46740, 57.664
 46800, 48.602
 46860, 77.295
 46920, 289.672
 46980, 339.737
 47040, 290.518
 47100, 264.547
 47160, 240.058
 47220, 212.952
 47280, 200.017
 47340, 190.074
 47400, 178.600
 47460, 173.674
 47520, 169.811
 47580, 168.995
 47640, 162.867
 47700, 155.206
 47760, 143.446
 47820, 140.156
 47880, -9999.000
 47940, 179.154
 48000, 163.680
 48060, 158.049
 48120, 152.976
 48180, 152.087
 48240, 153.383
 48300, 147.301
 48360, 148.217
 48420, 141.808
 48480, 140.021
 48540, 146.931
 48600, 148.585
 48660, 146.821
 48720, 146.662
 48780, 147.191
 48840, 144.438
 48900, 148.237
 48960, 153.796
 49020, 153.824
 49080, 151.731
 49140, 150.415
 49200, 146.332
 49260, 146.497
 49320, 148.479
 49380, 147.786
 49440, 144.244
 49500, 140.017
 49560, 141.192
 49620, 143.044
 49680, 152.182
 49740, 170.782
 49800, 171.500
 49860, 168.399
 49920, 164.639
 49980, 157.104
 50040, 150.954
 50100, 148.641
 50160, 150.732
 50220, 148.796
 50280, 147.998
 50340, 149.899
 50400, 143.011
 50460, 149.691
 50520, 155.730
 50580, 157.015
 50640, 157.998
 50700, 158.055
 50760, 155.941
 50820, 154.299
 50880, 159.149
 50940, 162.104
 51000, 164.891
 51060, 163.939
 51120, 160.696
 51180, 159.171
 51240, 156.131
 51300, 162.080
 51360, 170.392
 51420, 173.158
 51480, 177.254
 51540, 175.042
 51600, 177.021
 51660, 168.757
 51720, 168.120
 51780, 172.278
 51840, 179.607
 51900, 193.734
 51960, 195.168
 52020, 203.526
 52080, 212.264
 52140, 209.691
 52200, 213.169
 52260, 216.856
 52320, 219.568
 52380, 215.942
 52440, 231.824
 52500, 245.045
 52560, 261.962
 52620, 262.668
 52680, 258.757
 52740, 256.943
 52800, 252.662
 52860, 256.022
 52920, 245.927
 52980, 241.770
 53040, 234.512
 53100, 240.720
 53160, 253.135
 53220, 252.861
 53280, 247.238
 53340, 243.457
 53400, 251.602
 53460, 237.659
 53520, 231.322
 53580, 232.491
 53640, 237.567
 53700, 236.711
 53760, 248.272
 53820, 269.450
 53880, 283.792
 53940, 291.323
 54000, 294.242
 54060, 305.603
 54120, 321.970
 54180, 327.910
 54240, 340.831
 54300, 337.682
 54360, 338.720
 54420, 339.839
 54480, 337.726
 54540, 313.951
 54600, 309.489
 54660, 311.661
 54720, 305.914
 54780, 301.979
 54840, 287.101
 54900, 296.257
 54960, 301.717
 55020, 312.549
 55080, 302.610
 55140, -9999.000
 55200, -9999.000
 55260, -9999.000
 55320, -9999.000
 55380, -9999.000
 55440, -9999.000
 55500, -9999.000
 55560, -9999.000
 55620, -9999.000
 55680, -9999.000
 55740, -9999.000
 55800, -9999.000
 55860, -9999.000
 55920, -9999.000
 55980, -9999.000
 56040, -9999.000
 56100, -9999.000
 56160, -9999.000
 56220, -9999.000
 56280, -9999.000
 56340, -9999.000
 56400, 488.220
 56460, 492.508
 56520, 478.043
 56580, 468.747
 56640, 444.091
 56700, 502.515
 56760, 517.973
 56820, 510.944
 56880, 509.646
 56940, 492.680
 57000, 516.108
 57060, 505.617
 57120, 516.783
 57180, 570.101
 57240, 567.916
 57300, 570.494
 57360, 531.328
 57420, 488.903
 57480, 451.980
 57540, 475.422
 57600, 502.965
 57660, 505.275
 57720, 514.152
 57780, 529.390
 57840, 520.998
 57900, 507.081
 57960, 515.474
 58020, 540.251
 58080, 557.383
 58140, 562.278
 58200, 555.191
 58260, -9999.000
 58320, 408.520
 58380, 425.202
 58440, 417.012
 58500, 446.630
 58560, 497.084
 58620, 534.117
 58680, 567.572
 58740, 587.242
 58800, 599.390
 58860, 613.435
 58920, 610.228
