CampaignData_and_Merges/R0/CSL_MobileLab_Parked/raw/20240808/USOS-NOAAIodideCIMS-HNO2_MobileLabGround_20240808_RA.ict
33, 1001
Michael A Robinson, Chris Jernigan, Subi Thakali
NOAA ESRL Chemical Sciences Laboratory and CIRES, U. of Colorado
NOAA Iodide CIMS Instrument
USOS
1, 1
2024, 08, 08, 2024, 08, 09
1
starttime_UTC, seconds_past_midnight, seconds_of_day_since_00:00:00_UTC
1
1
-9999
HNO2_NOAACIMS, pptv, Gas_HNO2_InSitu_S_AVMR, 
0
18
PI_CONTACT_INFO: 325 Broadway, R/CSD 7, Boulder, Colorado 80305; michael.a.robinson@noaa.gov; chris.jernigan@noaa.gov;
PLATFORM: NOAA CSL Mobile Lab
LOCATION: SLC, Utah
ASSOCIATED_DATA: 1Hz data also available on request.
INSTRUMENT_INFO: NOAA I- ToF CIMS
DATA_INFO: All data in parts per trillion by volume (pptv). 1 Hz data is available upon request.
UNCERTAINTY: TBD
ULOD_FLAG: -7777
ULOD_VALUE: N/A
LLOD_FLAG: -8888
LLOD_VALUE: N/A
DM_CONTACT_INFO: Nathan Howard; nathan.h.howard@noaa.gov
PROJECT_INFO: USOS, summer 2024. https://csl.noaa.gov/groups/csl7/measurements/2024usos/
STIPULATIONS_ON_USE: Users are strongly encouraged to contact the PI for proper data usage.
OTHER_COMMENTS: 
REVISION: RA
RA: Preliminary Data; For in-field use only
starttime_UTC, HNO2_NOAACIMS
[from data line 996]
 59760, 96.374
 59820, 78.470
 59880, 59.746
 59940, 56.770
 60000, 70.639
 60060, 80.006
 60120, 89.335
 60180, 88.385
 60240, 71.980
 60300, 89.786
 60360, 105.111
 60420, 92.933
 60480, 112.661
 60540, 132.426
 60600, 122.215
 60660, 125.698
 60720, 148.597
 60780, 120.937
 60840, 123.081
 60900, 106.689
 60960, 104.007
 61020, 97.735
 61080, 100.044
 61140, 126.214
 61200, 125.222
 61260, 141.343
 61320, 134.435
 61380, 126.240
 61440, 153.366
 61500, 150.004
 61560, 167.702
 61620, 140.052
 61680, 154.351
 61740, 130.795
 61800, 128.513
 61860, 145.429
 61920, 112.505
 61980, 116.420
 62040, 146.254
 62100, 126.876
 62160, 133.240
 62220, 149.990
 62280, 157.976
 62340, 169.785
 62400, 155.733
 62460, 183.938
 62520, 166.865
 62580, 150.387
 62640, 151.891
 62700, 120.629
 62760, 140.157
 62820, 126.928
 62880, 107.845
 62940, 127.261
 63000, 123.676
 63060, 129.184
 63120, 146.840
 63180, 181.501
 63240, 146.923
 63300, 137.495
 63360, 156.214
 63420, 155.109
 63480, 139.926
 63540, 149.280
 63600, 128.942
 63660, 125.546
 63720, 130.821
 63780, 120.564
 63840, 131.715
 63900, 113.356
 63960, 110.622
 64020, 104.354
 64080, 102.149
 64140, 115.409
 64200, 128.345
 64260, 176.288
 64320, 147.087
 64380, 252.155
 64440, 275.547
 64500, 142.883
 64560, 154.212
 64620, 120.676
 64680, 111.044
 64740, 122.431
 64800, 109.864
 64860, 125.538
 64920, 115.341
 64980, 157.412
 65040, 218.359
 65100, 100.084
 65160, 71.588
 65220, 96.274
 65280, 108.339
 65340, 85.393
 65400, 74.076
 65460, 85.917
 65520, 75.121
 65580, 90.122
 65640, -9999.000
 65700, 69.132
 65760, 65.057
 65820, 133.117
 65880, 211.887
 65940, 170.640
 66000, 118.260
 66060, 110.224
 66120, 101.391
 66180, 87.288
 66240, 82.572
 66300, 88.924
 66360, 93.399
 66420, 77.702
 66480, 67.975
 66540, 82.139
 66600, 81.923
 66660, 73.477
 66720, 85.832
 66780, 76.095
 66840, 89.960
 66900, 105.521
 66960, 108.819
 67020, 89.923
 67080, 101.322
 67140, 82.967
 67200, 89.415
 67260, 99.511
 67320, 82.997
 67380, 92.826
 67440, 75.777
 67500, -9999.000
 67560, 67.340
 67620, 66.511
 67680, 64.203
 67740, 65.375
 67800, 85.243
 67860, 66.603
 67920, 72.386
 67980, 97.134
 68040, 82.306
 68100, 81.065
 68160, 84.247
 68220, 79.483
 68280, 71.470
 68340, 85.794
 68400, 87.775
 68460, 102.188
 68520, 91.943
 68580, 59.237
 68640, 91.891
 68700, 113.625
 68760, 172.867
 68820, 144.024
 68880, 113.205
 68940, 118.155
 69000, 94.059
 69060, 82.953
 69120, 100.589
 69180, 91.854
 69240, 85.398
 69300, 114.360
 69360, -9999.000
 69420, 100.052
 69480, 203.765
 69540, 108.165
 69600, 85.958
 69660, 89.186
 69720, 93.959
 69780, 105.863
 69840, 103.094
 69900, 109.140
 69960, 130.380
 70020, 109.439
 70080, 84.911
 70140, 86.210
 70200, 86.545
 70260, 95.873
 70320, 101.524
 70380, 109.978
 70440, 119.463
 70500, 115.321
 70560, 116.983
 70620, 153.849
 70680, 101.855
 70740, 99.805
 70800, 93.300
 70860, 109.023
 70920, 93.504
 70980, 92.335
 71040, 88.269
 71100, 85.255
 71160, 98.523
 71220, 96.544
 71280, 91.710
 71340, 106.785
 71400, 92.213
 71460, 103.099
 71520, 104.623
 71580, 97.049
 71640, 113.827
 71700, 100.182
 71760, 100.685
 71820, 105.979
 71880, 106.570
 71940, 168.526
 72000, 139.133
 72060, 144.433
 72120, 162.685
 72180, 137.259
 72240, 112.510
 72300, 100.061
 72360, 98.085
 72420, 104.897
 72480, 95.925
 72540, 93.694
 72600, 123.980
 72660, 95.785
 72720, 97.276
 72780, 91.052
 72840, 103.470
 72900, 86.198
 72960, 85.345
 73020, -9999.000
 73080, 115.338
 73140, 83.302
 73200, 86.129
 73260, 87.704
 73320, 95.908
 73380, 94.008
 73440, 92.093
 73500, 84.713
 73560, 111.775
 73620, 216.961
 73680, 152.496
 73740, 113.508
 73800, 133.159
 73860, 90.873
 73920, 109.393
 73980, 90.001
 74040, 80.549
 74100, 80.215
 74160, 84.322
 74220, 171.783
 74280, 191.458
 74340, 94.513
 74400, 77.608
 74460, 68.597
 74520, 97.103
 74580, 99.617
 74640, 77.230
 74700, 77.855
 74760, 76.935
 74820, 84.946
 74880, -9999.000
 74940, 74.196
 75000, 97.295
 75060, 89.590
 75120, 91.195
 75180, 95.198
 75240, 104.500
 75300, 98.967
 75360, 88.851
 75420, 93.317
 75480, 108.366
 75540, 91.185
 75600, 105.687
 75660, 111.422
 75720, 104.611
 75780, 98.519
 75840, 102.471
 75900, 105.763
 75960, 102.048
 76020, 92.548
 76080, 105.821
 76140, 94.775
 76200, 85.350
 76260, 76.761
 76320, 84.755
 76380, 69.061
 76440, 82.602
 76500, 69.695
 76560, 88.328
 76620, 69.408
 76680, 62.127
 76740, -9999.000
 76800, 69.857
 76860, 71.571
 76920, 64.117
 76980, 69.142
 77040, 59.878
 77100, 63.659
 77160, 62.967
 77220, 47.114
 77280, 50.731
 77340, 62.996
 77400, 52.331
 77460, 47.503
 77520, 47.389
 77580, 52.461
 77640, 42.404
 77700, 58.428
 77760, 59.205
 77820, 64.953
 77880, 80.527
 77940, 54.367
 78000, 60.189
 78060, 60.008
 78120, 52.012
 78180, 60.052
 78240, 54.990
 78300, 60.852
 78360, 57.875
 78420, 56.936
 78480, 57.925
 78540, 61.177
 78600, 76.661
 78660, 70.192
 78720, 63.960
 78780, 68.375
 78840, 70.366
 78900, 60.459
 78960, 66.480
 79020, 85.400
 79080, 89.304
 79140, 59.912
 79200, 56.197
 79260, 71.364
 79320, 60.893
 79380, 69.942
 79440, 73.670
 79500, 48.320
 79560, 51.978
 79620, 47.849
 79680, 43.718
 79740, 35.566
 79800, 34.668
 79860, 34.196
 79920, 43.272
 79980, 34.000
 80040, 54.410
 80100, 36.111
 80160, 33.195
 80220, 33.929
 80280, 38.136
 80340, 38.951
 80400, 48.250
 80460, 60.365
 80520, 36.434
 80580, 32.346
 80640, 38.891
 80700, 32.731
 80760, 39.071
 80820, 28.802
 80880, 21.373
 80940, 30.090
 81000, 19.019
 81060, 24.819
 81120, 34.517
 81180, 36.788
 81240, 45.497
 81300, 34.459
 81360, 32.695
 81420, 31.624
 81480, 22.688
 81540, 34.896
 81600, 42.795
 81660, 43.258
 81720, 41.382
 81780, 33.542
 81840, 39.630
 81900, 45.010
 81960, 48.781
 82020, 31.844
 82080, 32.006
 82140, 22.879
 82200, 22.913
 82260, 29.311
 82320, 27.326
 82380, 32.154
 82440, 30.515
 82500, 51.333
 82560, 48.241
 82620, 42.014
 82680, 52.264
 82740, 48.600
 82800, 46.763
 82860, 40.655
 82920, 27.579
 82980, 45.327
 83040, 30.786
 83100, 43.001
 83160, 41.921
 83220, 33.237
 83280, 34.833
 83340, 42.753
 83400, 39.254
 83460, 40.770
 83520, 37.163
 83580, 40.911
 83640, 16.218
 83700, 19.088
 83760, 11.412
 83820, 24.887
 83880, 24.736
 83940, 38.264
 84000, 34.412
 84060, 53.068
 84120, -9999.000
 84180, 48.365
 84240, 39.066
 84300, 38.634
 84360, 32.281
 84420, 45.829
 84480, 38.192
 84540, 31.906
 84600, 31.879
 84660, 32.680
 84720, 32.265
 84780, 40.812
 84840, 41.654
 84900, 32.589
 84960, 41.428
 85020, 33.534
 85080, 35.242
 85140, 32.784
 85200, 44.795
 85260, 40.418
 85320, 42.344
 85380, 33.425
 85440, 39.468
 85500, 34.448
 85560, 18.132
 85620, -9999.000
 85680, -9999.000
 85740, -9999.000
 85800, -9999.000
 85860, -9999.000
 85920, -9999.000
 85980, -9999.000
 86040, -9999.000
 86100, -9999.000
 86160, -9999.000
 86220, -9999.000
 86280, -9999.000
 86340, -9999.000
